日付,会場,レース番号,枠番,選手名,級別,モーター2連率,進入コース,印,オリジナル1着率,イン逃げ2着率,3着指数,3連対率,平均ST,平均ST順位,展示タイム,展示偏差値,FLY数,FLY影響,出遅れ数,データ不足,決まり手傾向,今節成績,会場別信頼度,3連対指数,3連対補正比,逃げ%,差し%,まくり%,まくり差し%,抜き%,差され%,まくられ%,まくり差され%,イン逃げ評価,相性評価,機力評価,S安定評価,展開評価,相性生スコア,安定性生スコア,展開生スコア,逃げ合成スコア,レースランク,レーススコア,見送り推奨,戦略,会場1C勝率,ヒモ荒れ,両立て判定,飛びタイプ,飛びスコア,3択verdict,脅威合計,1号艇脆弱性,最大脅威艇,買い目,買い目_全,買い目_確率,買い目_シナリオ,点数,点数_全,1号艇1着確率,見送りフラグ,見送り理由,シナリオ種別,展開パターン
2025-04-01,丸亀,1,1,平岡重典,B1,24.11,1,◎,51.6434,,0,56.2,0.1819,3.7188,,,0,低,154,0,逃0%,4,0,45.5,0.7797,0.2857,,,,,0.1881,0.2643,0.0762,△,,E,△,,,0.6,,0.2185,B,45,0,◎○△フォーメーション（15〜20点）,0.5777,"{'is_target': True, 'verdict': '点数絞り', 'max_combo_prob': 0.1251, 'est_top_odds': 10.7, 'circle_concentration': 78.9, 'eligible_count': 9, 'bet_adj': 0, 'reason': 'rel_win1=51.6%（本命度） / 最有力組み合わせ確率: 0.125（推定実オッズ?11倍） / 2着集中度: 上位2艇 78.9%（補正+0.04） / 総合判定確率: 0.165 / → ヒモはやや固め。上位2艇以外を切ること', 'tenji_trigger': '展示確認: 1号艇伸び良→そのまま採用。悪→飛び組に差し替え。circle_pct上位2艇に絞り込むこと。\n展示で1号艇スタート遅め(0.182秒)確認→ヒモが荒れやすい'}",,,33.7,両建て推奨,10.05,37,3,2-1-3|2-1-4|1-2-3|1-2-5|1-3-2|1-3-5|1-5-2,6-1-4|6-1-3|6-4-1|5-1-6|2-1-3|2-1-4|5-6-1|1-2-3|1-2-5|1-3-2|1-3-5|1-5-2,2-1-3:2.62%|2-1-4:2.12%|1-2-3:8.8%|1-2-5:7.79%|1-3-2:6.2%|1-3-5:4.75%|1-5-2:4.08%,2-1-3:B_main|2-1-4:B_main|1-2-3:A|1-2-5:A|1-3-2:A|1-3-5:A|1-5-2:A,7,12,0.4535,1,[!]見送り推奨（主役決まり手「差し」― 逃げ劣勢レースで的中実績なし）,荒れ広め,D
2025-04-01,丸亀,1,2,山下流心,B1,33.33,2,▲,11.9498,55.4,65,47.5,0.15,3.5508,,,0,低,117,0,-,5,0,100,0.4709,0,0.0417,0,0,0,0.1571,0.0714,0.2286,,◎,C,○,,0.586,0.6225,,0.2185,B,45,0,◎○△フォーメーション（15〜20点）,0.5777,"{'is_target': True, 'verdict': '点数絞り', 'max_combo_prob': 0.1251, 'est_top_odds': 10.7, 'circle_concentration': 78.9, 'eligible_count': 9, 'bet_adj': 0, 'reason': 'rel_win1=51.6%（本命度） / 最有力組み合わせ確率: 0.125（推定実オッズ?11倍） / 2着集中度: 上位2艇 78.9%（補正+0.04） / 総合判定確率: 0.165 / → ヒモはやや固め。上位2艇以外を切ること', 'tenji_trigger': '展示確認: 1号艇伸び良→そのまま採用。悪→飛び組に差し替え。circle_pct上位2艇に絞り込むこと。\n展示で1号艇スタート遅め(0.182秒)確認→ヒモが荒れやすい'}",,,33.7,両建て推奨,10.05,37,3,,,,,,,,,,,
2025-04-01,丸亀,1,3,吉川勇作,B1,30.51,3,,12.6864,23.4,100,44.4,0.1421,2.8264,,,0,低,92,0,-,5,0,25.9,0.669,0,0,0.0667,0.0333,0,0.3162,0.0381,0.0571,,○,D,◎,,0.5021,0.6335,,0.2185,B,45,0,◎○△フォーメーション（15〜20点）,0.5777,"{'is_target': True, 'verdict': '点数絞り', 'max_combo_prob': 0.1251, 'est_top_odds': 10.7, 'circle_concentration': 78.9, 'eligible_count': 9, 'bet_adj': 0, 'reason': 'rel_win1=51.6%（本命度） / 最有力組み合わせ確率: 0.125（推定実オッズ?11倍） / 2着集中度: 上位2艇 78.9%（補正+0.04） / 総合判定確率: 0.165 / → ヒモはやや固め。上位2艇以外を切ること', 'tenji_trigger': '展示確認: 1号艇伸び良→そのまま採用。悪→飛び組に差し替え。circle_pct上位2艇に絞り込むこと。\n展示で1号艇スタート遅め(0.182秒)確認→ヒモが荒れやすい'}",,,33.7,両建て推奨,10.05,37,3,,,,,,,,,,,
2025-04-01,丸亀,1,4,占部一真,B1,41.13,4,○,14.7092,9.7,37,26.5,0.1869,4.0368,,,0,低,119,0,差ま0%,4,0,28.1,0.6945,0,0,0.0645,0.0323,0,0.1333,0.2,0.2667,,,B,,◎,0.3133,0.595,0.1474,0.2185,B,45,0,◎○△フォーメーション（15〜20点）,0.5777,"{'is_target': True, 'verdict': '点数絞り', 'max_combo_prob': 0.1251, 'est_top_odds': 10.7, 'circle_concentration': 78.9, 'eligible_count': 9, 'bet_adj': 0, 'reason': 'rel_win1=51.6%（本命度） / 最有力組み合わせ確率: 0.125（推定実オッズ?11倍） / 2着集中度: 上位2艇 78.9%（補正+0.04） / 総合判定確率: 0.165 / → ヒモはやや固め。上位2艇以外を切ること', 'tenji_trigger': '展示確認: 1号艇伸び良→そのまま採用。悪→飛び組に差し替え。circle_pct上位2艇に絞り込むこと。\n展示で1号艇スタート遅め(0.182秒)確認→ヒモが荒れやすい'}",,,33.7,両建て推奨,10.05,37,3,,,,,,,,,,,
2025-04-01,丸亀,1,5,大西隆洋,B1,31.90,5,△,7.4191,8.8,71,24.1,0.136,2.7328,,,0,低,103,0,-,23,0,20,2.3174,0,0,0,0.0833,0,0.3077,0.0769,0.3077,,△,D,△,,0.479,0.6055,,0.2185,B,45,0,◎○△フォーメーション（15〜20点）,0.5777,"{'is_target': True, 'verdict': '点数絞り', 'max_combo_prob': 0.1251, 'est_top_odds': 10.7, 'circle_concentration': 78.9, 'eligible_count': 9, 'bet_adj': 0, 'reason': 'rel_win1=51.6%（本命度） / 最有力組み合わせ確率: 0.125（推定実オッズ?11倍） / 2着集中度: 上位2艇 78.9%（補正+0.04） / 総合判定確率: 0.165 / → ヒモはやや固め。上位2艇以外を切ること', 'tenji_trigger': '展示確認: 1号艇伸び良→そのまま採用。悪→飛び組に差し替え。circle_pct上位2艇に絞り込むこと。\n展示で1号艇スタート遅め(0.182秒)確認→ヒモが荒れやすい'}",,,33.7,両建て推奨,10.05,37,3,,,,,,,,,,,
2025-04-01,丸亀,1,6,樋江井舞,B2,42.19,6,,1.5922,2.6,21,4.3,0.1948,4.0924,,,0,低,76,0,-,S4,0,24.2,0.5461,,,,,,,,,,,B,,,0.311,0.539,,0.2185,B,45,0,◎○△フォーメーション（15〜20点）,0.5777,"{'is_target': True, 'verdict': '点数絞り', 'max_combo_prob': 0.1251, 'est_top_odds': 10.7, 'circle_concentration': 78.9, 'eligible_count': 9, 'bet_adj': 0, 'reason': 'rel_win1=51.6%（本命度） / 最有力組み合わせ確率: 0.125（推定実オッズ?11倍） / 2着集中度: 上位2艇 78.9%（補正+0.04） / 総合判定確率: 0.165 / → ヒモはやや固め。上位2艇以外を切ること', 'tenji_trigger': '展示確認: 1号艇伸び良→そのまま採用。悪→飛び組に差し替え。circle_pct上位2艇に絞り込むこと。\n展示で1号艇スタート遅め(0.182秒)確認→ヒモが荒れやすい'}",,,33.7,両建て推奨,10.05,37,3,,,,,,,,,,,
2025-04-01,丸亀,2,1,加藤雅之,B1,27.20,1,○,37.1465,,0,51.3,0.2087,4.2436,,,0,低,169,0,逃0%,56,0,39.8,0.6731,0.1176,,,,,0.3529,0.2353,0.1765,,,D,△,,,0.5715,,0.1208,D,24,1,大荒れ。見送り推奨,0.5777,"{'is_target': False, 'verdict': '対象外', 'max_combo_prob': None, 'est_top_odds': None, 'circle_concentration': None, 'eligible_count': 0, 'bet_adj': 0, 'reason': '1号艇rel_win1 < 45%: 通常判定に委ねる', 'tenji_trigger': ''}",,,33.9,両建て推奨,19.97,43.4,2,2-1-3|2-3-1|2-1-4|2-1-5|2-5-3|2-5-1|2-3-4|1-2-3|1-2-5|1-3-2,2-1-3|2-3-1|2-1-4|2-1-5|2-5-3|2-5-1|2-3-4|1-2-3|6-1-3|6-3-1|1-2-5|1-3-2,2-1-3:5.98%|2-3-1:1.73%|2-1-4:1.2%|2-1-5:1.17%|2-5-3:0.39%|2-5-1:0.37%|2-3-4:0.37%|1-2-3:7.17%|1-2-5:4.37%|1-3-2:4.34%,2-1-3:B_main|2-3-1:B_main|2-1-4:B_main|2-1-5:B_main|2-5-3:B_main|2-5-1:B_main|2-3-4:B_main|1-2-3:A|1-2-5:A|1-3-2:A,10,12,0.2915,1,[!]見送り推奨（主役決まり手「差し」― 逃げ劣勢レースで的中実績なし）,主役軸流し,B
2025-04-01,丸亀,2,2,前田篤哉,A1,29.03,2,◎,24.3929,59.9,67,69.8,0.1679,3.6163,,,0,低,107,0,差0% ま0% 抜0%,53,0,67,1.254,0,0.1765,0.0588,0,0.0588,0.0133,0.2667,0.0133,,◎,C,◎,,0.6406,0.646,,0.1208,D,24,1,大荒れ。見送り推奨,0.5777,"{'is_target': False, 'verdict': '対象外', 'max_combo_prob': None, 'est_top_odds': None, 'circle_concentration': None, 'eligible_count': 0, 'bet_adj': 0, 'reason': '1号艇rel_win1 < 45%: 通常判定に委ねる', 'tenji_trigger': ''}",,,33.9,両建て推奨,19.97,43.4,2,,,,,,,,,,,
2025-04-01,丸亀,2,3,谷村一哉,A2,27.07,3,▲,24.994,30.2,100,75,0.1625,3.4038,,,0,低,78,0,差0% ま0% 差ま0%,1,0,89.1,1.7337,0,0.05,0.1,0.15,0,0.0542,0.0708,0.1083,,○,D,○,,0.5315,0.642,,0.1208,D,24,1,大荒れ。見送り推奨,0.5777,"{'is_target': False, 'verdict': '対象外', 'max_combo_prob': None, 'est_top_odds': None, 'circle_concentration': None, 'eligible_count': 0, 'bet_adj': 0, 'reason': '1号艇rel_win1 < 45%: 通常判定に委ねる', 'tenji_trigger': ''}",,,33.9,両建て推奨,19.97,43.4,2,,,,,,,,,,,
2025-04-01,丸亀,2,4,樫葉新心,B1,37.50,4,,6.0965,6.5,38,5.7,0.2271,4.6714,,,0,低,136,0,-,4,0,38.1,0.5672,,,,,,0.1864,0.3318,0.2591,,,B,△,,0.273,0.5565,,0.1208,D,24,1,大荒れ。見送り推奨,0.5777,"{'is_target': False, 'verdict': '対象外', 'max_combo_prob': None, 'est_top_odds': None, 'circle_concentration': None, 'eligible_count': 0, 'bet_adj': 0, 'reason': '1号艇rel_win1 < 45%: 通常判定に委ねる', 'tenji_trigger': ''}",,,33.9,両建て推奨,19.97,43.4,2,,,,,,,,,,,
2025-04-01,丸亀,2,5,東口　晃,B1,31.25,5,,5.9977,0.8,62,20.3,0.2183,4.4153,,,0,低,156,0,差ま0%,5,0,26.2,0.704,0,0,0,0.0476,0,0.4333,0.2567,0.0533,,,C,,,0.2867,0.529,,0.1208,D,24,1,大荒れ。見送り推奨,0.5777,"{'is_target': False, 'verdict': '対象外', 'max_combo_prob': None, 'est_top_odds': None, 'circle_concentration': None, 'eligible_count': 0, 'bet_adj': 0, 'reason': '1号艇rel_win1 < 45%: 通常判定に委ねる', 'tenji_trigger': ''}",,,33.9,両建て推奨,19.97,43.4,2,,,,,,,,,,,
2025-04-01,丸亀,2,6,浦田信義,B1,32.26,6,△,1.3723,2.6,42,15.4,0.2005,4.1026,,,0,低,148,0,-,15,0,22.8,0.7622,,,,,,0.1857,0.2214,0.1524,,,C,,,0.3749,0.529,,0.1208,D,24,1,大荒れ。見送り推奨,0.5777,"{'is_target': False, 'verdict': '対象外', 'max_combo_prob': None, 'est_top_odds': None, 'circle_concentration': None, 'eligible_count': 0, 'bet_adj': 0, 'reason': '1号艇rel_win1 < 45%: 通常判定に委ねる', 'tenji_trigger': ''}",,,33.9,両建て推奨,19.97,43.4,2,,,,,,,,,,,
2025-04-01,丸亀,3,1,池田紫乃,B1,26.98,1,◎,46.7545,,0,93.3,0.1213,2.2667,,,0,低,61,0,逃0%,3,0,73.8,1.1437,0.5,,,,,0.3333,0.1667,0,◎⚠️,,D,△,,,0.6185,,0.602,A,76,0,◎-○軸 3着3〜4艇流し（10〜15点）,0.5777,"{'is_target': True, 'verdict': '点数絞り', 'max_combo_prob': 0.0919, 'est_top_odds': 14.5, 'circle_concentration': 76.8, 'eligible_count': 8, 'bet_adj': 0, 'reason': 'rel_win1=46.8%（本命度） / 最有力組み合わせ確率: 0.092（推定実オッズ?14倍） / 2着集中度: 上位2艇 76.8%（補正+0.04） / 総合判定確率: 0.132 / → ヒモはやや固め。上位2艇以外を切ること', 'tenji_trigger': '展示確認: 1号艇伸び良→そのまま採用。悪→飛び組に差し替え。circle_pct上位2艇に絞り込むこと。\n展示で1号艇スタート超安定(0.121秒)→ヒモ固まり方向に注意'}",,,30.3,逃げ狙い,17.27,35.2,3,2-1-4|2-1-3|2-1-5|2-3-1|2-5-1|2-3-4|2-5-4|1-2-4|1-3-4|1-2-5|1-3-2,2-1-4|2-1-3|2-1-5|2-3-1|2-5-1|2-3-4|2-5-4|1-2-4|1-3-4|5-1-6|1-2-5|1-3-2,2-1-4:0.76%|2-1-3:0.7%|2-1-5:0.38%|2-3-1:0.22%|2-5-1:0.13%|2-3-4:0.1%|2-5-4:0.06%|1-2-4:5.97%|1-3-4:4.4%|1-2-5:3.94%|1-3-2:3.38%,2-1-4:B_main|2-1-3:B_main|2-1-5:B_main|2-3-1:B_main|2-5-1:B_main|2-3-4:B_main|2-5-4:B_main|1-2-4:A|1-3-4:A|1-2-5:A|1-3-2:A,11,12,0.4535,1,[!]見送り推奨（主役決まり手「差し」― 逃げ劣勢レースで的中実績なし）,主役軸流し,B
2025-04-01,丸亀,3,2,平田健之,A1,30.33,2,△,13.6832,46.8,50,72.6,0.1524,3,,,0,低,124,0,-,21,0,100,0.9178,0,0.087,0.0435,0,0,0.1375,0.025,0.125,,,C,△,,0.0675,0.6155,,0.602,A,76,0,◎-○軸 3着3〜4艇流し（10〜15点）,0.5777,"{'is_target': True, 'verdict': '点数絞り', 'max_combo_prob': 0.0919, 'est_top_odds': 14.5, 'circle_concentration': 76.8, 'eligible_count': 8, 'bet_adj': 0, 'reason': 'rel_win1=46.8%（本命度） / 最有力組み合わせ確率: 0.092（推定実オッズ?14倍） / 2着集中度: 上位2艇 76.8%（補正+0.04） / 総合判定確率: 0.132 / → ヒモはやや固め。上位2艇以外を切ること', 'tenji_trigger': '展示確認: 1号艇伸び良→そのまま採用。悪→飛び組に差し替え。circle_pct上位2艇に絞り込むこと。\n展示で1号艇スタート超安定(0.121秒)→ヒモ固まり方向に注意'}",,,30.3,逃げ狙い,17.27,35.2,3,,,,,,,,,,,
2025-04-01,丸亀,3,3,内堀　学,A2,24.55,3,,15.2409,30,43,67.7,0.1646,3.4692,,,0,低,152,0,-,3,0,42.8,1.1813,0,0,0.0833,0.0833,0,0.0718,0.3015,0.041,,,E,,,0.1267,0.603,,0.602,A,76,0,◎-○軸 3着3〜4艇流し（10〜15点）,0.5777,"{'is_target': True, 'verdict': '点数絞り', 'max_combo_prob': 0.0919, 'est_top_odds': 14.5, 'circle_concentration': 76.8, 'eligible_count': 8, 'bet_adj': 0, 'reason': 'rel_win1=46.8%（本命度） / 最有力組み合わせ確率: 0.092（推定実オッズ?14倍） / 2着集中度: 上位2艇 76.8%（補正+0.04） / 総合判定確率: 0.132 / → ヒモはやや固め。上位2艇以外を切ること', 'tenji_trigger': '展示確認: 1号艇伸び良→そのまま採用。悪→飛び組に差し替え。circle_pct上位2艇に絞り込むこと。\n展示で1号艇スタート超安定(0.121秒)→ヒモ固まり方向に注意'}",,,30.3,逃げ狙い,17.27,35.2,3,,,,,,,,,,,
2025-04-01,丸亀,3,4,大野芳顕,A2,37.39,4,▲,13.374,11.4,100,65.2,0.1541,3.0797,,,0,低,139,0,-,46,0,64.1,1.403,0,0,0.0556,0.0833,0.0278,0.09,0.11,0.14,,,B,◎,◎,0.1698,0.6345,0.3046,0.602,A,76,0,◎-○軸 3着3〜4艇流し（10〜15点）,0.5777,"{'is_target': True, 'verdict': '点数絞り', 'max_combo_prob': 0.0919, 'est_top_odds': 14.5, 'circle_concentration': 76.8, 'eligible_count': 8, 'bet_adj': 0, 'reason': 'rel_win1=46.8%（本命度） / 最有力組み合わせ確率: 0.092（推定実オッズ?14倍） / 2着集中度: 上位2艇 76.8%（補正+0.04） / 総合判定確率: 0.132 / → ヒモはやや固め。上位2艇以外を切ること', 'tenji_trigger': '展示確認: 1号艇伸び良→そのまま採用。悪→飛び組に差し替え。circle_pct上位2艇に絞り込むこと。\n展示で1号艇スタート超安定(0.121秒)→ヒモ固まり方向に注意'}",,,30.3,逃げ狙い,17.27,35.2,3,,,,,,,,,,,
2025-04-01,丸亀,3,5,庄司樹良,B1,31.75,5,○,7.9992,10.6,50,47.6,0.1486,2.8492,,,0,低,89,0,-,3,0,31.6,2.0902,0,0,0,0.0323,0,0.0414,0.219,0.0138,,,B,,,0.193,0.6125,,0.602,A,76,0,◎-○軸 3着3〜4艇流し（10〜15点）,0.5777,"{'is_target': True, 'verdict': '点数絞り', 'max_combo_prob': 0.0919, 'est_top_odds': 14.5, 'circle_concentration': 76.8, 'eligible_count': 8, 'bet_adj': 0, 'reason': 'rel_win1=46.8%（本命度） / 最有力組み合わせ確率: 0.092（推定実オッズ?14倍） / 2着集中度: 上位2艇 76.8%（補正+0.04） / 総合判定確率: 0.132 / → ヒモはやや固め。上位2艇以外を切ること', 'tenji_trigger': '展示確認: 1号艇伸び良→そのまま採用。悪→飛び組に差し替え。circle_pct上位2艇に絞り込むこと。\n展示で1号艇スタート超安定(0.121秒)→ヒモ固まり方向に注意'}",,,30.3,逃げ狙い,17.27,35.2,3,,,,,,,,,,,
2025-04-01,丸亀,3,6,中村桃佳,B2,26.23,6,,2.9481,1.2,45,26.1,0.1491,3.5435,,,0,低,41,0,-,21,0,28.5,0.8633,0,0,0,0.0667,0,0.0471,0.0706,0.2706,,,D,○,,0.2029,0.6205,,0.602,A,76,0,◎-○軸 3着3〜4艇流し（10〜15点）,0.5777,"{'is_target': True, 'verdict': '点数絞り', 'max_combo_prob': 0.0919, 'est_top_odds': 14.5, 'circle_concentration': 76.8, 'eligible_count': 8, 'bet_adj': 0, 'reason': 'rel_win1=46.8%（本命度） / 最有力組み合わせ確率: 0.092（推定実オッズ?14倍） / 2着集中度: 上位2艇 76.8%（補正+0.04） / 総合判定確率: 0.132 / → ヒモはやや固め。上位2艇以外を切ること', 'tenji_trigger': '展示確認: 1号艇伸び良→そのまま採用。悪→飛び組に差し替え。circle_pct上位2艇に絞り込むこと。\n展示で1号艇スタート超安定(0.121秒)→ヒモ固まり方向に注意'}",,,30.3,逃げ狙い,17.27,35.2,3,,,,,,,,,,,
2025-04-01,丸亀,4,1,坂井康嗣,B1,42.37,1,◎,46.2253,,0,57.9,0.1892,4.5789,,,0,低,168,0,逃1%,6,0,71.5,0.8768,0.1333,,,,,0.28,0.32,0.32,,,B,△,,,0.607,,0.0868,C,38,0,荒れ傾向。高配当狙いか見送り,0.5777,"{'is_target': True, 'verdict': '参加推奨', 'max_combo_prob': 0.0655, 'est_top_odds': 20.4, 'circle_concentration': 72.2, 'eligible_count': 6, 'bet_adj': 2, 'reason': 'rel_win1=46.2%（本命度） / 最有力組み合わせ確率: 0.065（推定実オッズ?20倍） / 2着集中度: 上位2艇 72.2%（補正+0.04） / 総合判定確率: 0.105 / → ヒモ分散。1号艇1着固定で広めのヒモ流し推奨（買い目+2点）', 'tenji_trigger': '展示確認: ヒモ分散レース。1号艇伸び確認後、広めのヒモ流しを採用。穴ヒモ（5・6号艇）を積極的に含める。\n展示で1号艇スタート遅め(0.189秒)確認→ヒモが荒れやすい'}",,,38.2,両建て推奨,16.71,44,3,2-1-3|2-1-4|2-3-1|2-1-5|2-3-4|2-5-3|2-3-5|1-2-3|1-2-4|1-3-4,2-1-3|2-1-4|2-3-1|2-1-5|2-3-4|2-5-3|2-3-5|6-1-3|5-1-3|1-2-3|1-2-4|1-3-4,2-1-3:4.88%|2-1-4:1.64%|2-3-1:1.36%|2-1-5:0.81%|2-3-4:0.61%|2-5-3:0.34%|2-3-5:0.3%|1-2-3:5.34%|1-2-4:5.3%|1-3-4:4.29%,2-1-3:B_main|2-1-4:B_main|2-3-1:B_main|2-1-5:B_main|2-3-4:B_main|2-5-3:B_main|2-3-5:B_main|1-2-3:A|1-2-4:A|1-3-4:A,10,12,0.2915,1,[!]見送り推奨（主役決まり手「差し」― 逃げ劣勢レースで的中実績なし）,主役軸流し,B
2025-04-01,丸亀,4,2,廣瀬将亨,A2,24.37,2,△,11.4323,40.5,76,60.7,0.152,3.3361,,,0,低,86,0,差0% ま0%,15,0,58.9,0.9791,0,0.0571,0.0286,0,0,0.0293,0.198,0.0293,,◎,D,○,,0.6026,0.64,,0.0868,C,38,0,荒れ傾向。高配当狙いか見送り,0.5777,"{'is_target': True, 'verdict': '参加推奨', 'max_combo_prob': 0.0655, 'est_top_odds': 20.4, 'circle_concentration': 72.2, 'eligible_count': 6, 'bet_adj': 2, 'reason': 'rel_win1=46.2%（本命度） / 最有力組み合わせ確率: 0.065（推定実オッズ?20倍） / 2着集中度: 上位2艇 72.2%（補正+0.04） / 総合判定確率: 0.105 / → ヒモ分散。1号艇1着固定で広めのヒモ流し推奨（買い目+2点）', 'tenji_trigger': '展示確認: ヒモ分散レース。1号艇伸び確認後、広めのヒモ流しを採用。穴ヒモ（5・6号艇）を積極的に含める。\n展示で1号艇スタート遅め(0.189秒)確認→ヒモが荒れやすい'}",,,38.2,両建て推奨,16.71,44,3,,,,,,,,,,,
2025-04-01,丸亀,4,3,木谷賢太,A1,25.40,3,○,26.3056,31.7,90,76.9,0.1562,3.0673,,,0,低,107,0,ま0% 差ま0%,14,0,69.5,1.1762,0,0,0.12,0.12,0,0.0343,0.0114,0.1957,,○,D,◎,,0.5266,0.663,,0.0868,C,38,0,荒れ傾向。高配当狙いか見送り,0.5777,"{'is_target': True, 'verdict': '参加推奨', 'max_combo_prob': 0.0655, 'est_top_odds': 20.4, 'circle_concentration': 72.2, 'eligible_count': 6, 'bet_adj': 2, 'reason': 'rel_win1=46.2%（本命度） / 最有力組み合わせ確率: 0.065（推定実オッズ?20倍） / 2着集中度: 上位2艇 72.2%（補正+0.04） / 総合判定確率: 0.105 / → ヒモ分散。1号艇1着固定で広めのヒモ流し推奨（買い目+2点）', 'tenji_trigger': '展示確認: ヒモ分散レース。1号艇伸び確認後、広めのヒモ流しを採用。穴ヒモ（5・6号艇）を積極的に含める。\n展示で1号艇スタート遅め(0.189秒)確認→ヒモが荒れやすい'}",,,38.2,両建て推奨,16.71,44,3,,,,,,,,,,,
2025-04-01,丸亀,4,4,石田政吾,A2,44.83,4,▲,9.2288,18.4,100,58.8,0.1598,3.3529,,,0,低,126,0,-,32,0,76.7,1.1338,,,,,,0.0615,0.2123,0.1662,,,A,△,,0.4719,0.6375,,0.0868,C,38,0,荒れ傾向。高配当狙いか見送り,0.5777,"{'is_target': True, 'verdict': '参加推奨', 'max_combo_prob': 0.0655, 'est_top_odds': 20.4, 'circle_concentration': 72.2, 'eligible_count': 6, 'bet_adj': 2, 'reason': 'rel_win1=46.2%（本命度） / 最有力組み合わせ確率: 0.065（推定実オッズ?20倍） / 2着集中度: 上位2艇 72.2%（補正+0.04） / 総合判定確率: 0.105 / → ヒモ分散。1号艇1着固定で広めのヒモ流し推奨（買い目+2点）', 'tenji_trigger': '展示確認: ヒモ分散レース。1号艇伸び確認後、広めのヒモ流しを採用。穴ヒモ（5・6号艇）を積極的に含める。\n展示で1号艇スタート遅め(0.189秒)確認→ヒモが荒れやすい'}",,,38.2,両建て推奨,16.71,44,3,,,,,,,,,,,
2025-04-01,丸亀,4,5,松本　怜,B1,19.82,5,,5.3182,8.7,75,39.1,0.1413,3.087,,,0,低,54,0,-,5,0,28.1,0.6005,,,,,,0,0.5,0.25,,△,E,,,0.5104,0.572,,0.0868,C,38,0,荒れ傾向。高配当狙いか見送り,0.5777,"{'is_target': True, 'verdict': '参加推奨', 'max_combo_prob': 0.0655, 'est_top_odds': 20.4, 'circle_concentration': 72.2, 'eligible_count': 6, 'bet_adj': 2, 'reason': 'rel_win1=46.2%（本命度） / 最有力組み合わせ確率: 0.065（推定実オッズ?20倍） / 2着集中度: 上位2艇 72.2%（補正+0.04） / 総合判定確率: 0.105 / → ヒモ分散。1号艇1着固定で広めのヒモ流し推奨（買い目+2点）', 'tenji_trigger': '展示確認: ヒモ分散レース。1号艇伸び確認後、広めのヒモ流しを採用。穴ヒモ（5・6号艇）を積極的に含める。\n展示で1号艇スタート遅め(0.189秒)確認→ヒモが荒れやすい'}",,,38.2,両建て推奨,16.71,44,3,,,,,,,,,,,
2025-04-01,丸亀,4,6,赤松咲香,B2,31.54,6,,1.4897,0.7,21,1.6,0.1911,4.3607,,,0,低,41,0,-,66,0,27.1,0.5461,,,,,,,,,,,C,,,0.3519,0.535,,0.0868,C,38,0,荒れ傾向。高配当狙いか見送り,0.5777,"{'is_target': True, 'verdict': '参加推奨', 'max_combo_prob': 0.0655, 'est_top_odds': 20.4, 'circle_concentration': 72.2, 'eligible_count': 6, 'bet_adj': 2, 'reason': 'rel_win1=46.2%（本命度） / 最有力組み合わせ確率: 0.065（推定実オッズ?20倍） / 2着集中度: 上位2艇 72.2%（補正+0.04） / 総合判定確率: 0.105 / → ヒモ分散。1号艇1着固定で広めのヒモ流し推奨（買い目+2点）', 'tenji_trigger': '展示確認: ヒモ分散レース。1号艇伸び確認後、広めのヒモ流しを採用。穴ヒモ（5・6号艇）を積極的に含める。\n展示で1号艇スタート遅め(0.189秒)確認→ヒモが荒れやすい'}",,,38.2,両建て推奨,16.71,44,3,,,,,,,,,,,
2025-04-01,丸亀,5,1,渡邉俊介,B1,29.32,1,◎,36.4594,,0,90.9,0.1385,2.6364,,,0,低,57,0,-,44,0,57.2,0.914,0.4516,,,,,0.1187,0.1316,0.1432,◎,,D,◎,,,0.697,,0.5309,B,54,0,◎○△フォーメーション（15〜20点）,0.5777,"{'is_target': False, 'verdict': '対象外', 'max_combo_prob': None, 'est_top_odds': None, 'circle_concentration': None, 'eligible_count': 0, 'bet_adj': 0, 'reason': '1号艇rel_win1 < 45%: 通常判定に委ねる', 'tenji_trigger': ''}",,,32,両建て推奨,29.6,29.7,3,,,,,0,0,0.7559,0,,逃げ軸流し,A
2025-04-01,丸亀,5,2,横田貴満,A2,40.80,2,○,14.2889,49.6,47,69.7,0.1459,3.2727,,,0,低,87,0,-,31,0,50,1.1145,0,0.1333,0,0,0.1,0.1446,0.0435,0.1011,,,B,○,,0.2743,0.6885,,0.5309,B,54,0,◎○△フォーメーション（15〜20点）,0.5777,"{'is_target': False, 'verdict': '対象外', 'max_combo_prob': None, 'est_top_odds': None, 'circle_concentration': None, 'eligible_count': 0, 'bet_adj': 0, 'reason': '1号艇rel_win1 < 45%: 通常判定に委ねる', 'tenji_trigger': ''}",,,32,両建て推奨,29.6,29.7,3,,,,,,,,,,,
2025-04-01,丸亀,5,3,丸岡正典,A2,29.41,3,△,17.3973,26.3,70,78,0.1678,3.2195,,,0,低,100,0,-,33,0,100,3.2038,0,0,0.0476,0.1905,0,0.0118,0.3042,0.1681,,,D,△,,0.1948,0.667,,0.5309,B,54,0,◎○△フォーメーション（15〜20点）,0.5777,"{'is_target': False, 'verdict': '対象外', 'max_combo_prob': None, 'est_top_odds': None, 'circle_concentration': None, 'eligible_count': 0, 'bet_adj': 0, 'reason': '1号艇rel_win1 < 45%: 通常判定に委ねる', 'tenji_trigger': ''}",,,32,両建て推奨,29.6,29.7,3,,,,,,,,,,,
2025-04-01,丸亀,5,4,荒牧凪沙,B1,35.11,4,,15.42,8,74,53.2,0.1717,3.234,,,0,低,117,0,-,14,0,66.9,1.3906,0,0,0.3158,0,0,0.0571,0.2857,0.2571,,,C,,○,0.2601,0.5875,0.2361,0.5309,B,54,0,◎○△フォーメーション（15〜20点）,0.5777,"{'is_target': False, 'verdict': '対象外', 'max_combo_prob': None, 'est_top_odds': None, 'circle_concentration': None, 'eligible_count': 0, 'bet_adj': 0, 'reason': '1号艇rel_win1 < 45%: 通常判定に委ねる', 'tenji_trigger': ''}",,,32,両建て推奨,29.6,29.7,3,,,,,,,,,,,
2025-04-01,丸亀,5,5,平尾崇典,A1,26.98,5,,14.353,11.2,100,81.6,0.161,3.398,,,0,低,104,0,-,42,0,39.9,0.8919,0,0.05,0.05,0.05,0,0.0278,0.0833,0.1389,,,E,,◎,0.2305,0.6045,0.3964,0.5309,B,54,0,◎○△フォーメーション（15〜20点）,0.5777,"{'is_target': False, 'verdict': '対象外', 'max_combo_prob': None, 'est_top_odds': None, 'circle_concentration': None, 'eligible_count': 0, 'bet_adj': 0, 'reason': '1号艇rel_win1 < 45%: 通常判定に委ねる', 'tenji_trigger': ''}",,,32,両建て推奨,29.6,29.7,3,,,,,,,,,,,
2025-04-01,丸亀,5,6,海老澤泰,B1,46.28,6,▲,2.0815,4.9,31,19.6,0.1702,3.7391,,,0,低,128,0,-,3,0,28,0.5931,,,,,,0.2354,0.08,0.3531,,,A,△,,0.2314,0.6055,,0.5309,B,54,0,◎○△フォーメーション（15〜20点）,0.5777,"{'is_target': False, 'verdict': '対象外', 'max_combo_prob': None, 'est_top_odds': None, 'circle_concentration': None, 'eligible_count': 0, 'bet_adj': 0, 'reason': '1号艇rel_win1 < 45%: 通常判定に委ねる', 'tenji_trigger': ''}",,,32,両建て推奨,29.6,29.7,3,,,,,,,,,,,
2025-04-01,丸亀,6,1,山本隆幸,A2,30.89,1,◎,55.2744,,0,91.9,0.1758,3.6959,,,0,低,130,0,逃1%,4,0,87.7,1.1622,0.7742,,,,,0,0.0645,0.2258,○,,D,△,,,0.631,,0.4182,S,82,0,◎1着固定 2-3着流し（5〜8点）,0.5777,"{'is_target': True, 'verdict': '参加推奨', 'max_combo_prob': 0.0882, 'est_top_odds': 15.1, 'circle_concentration': 68.8, 'eligible_count': 6, 'bet_adj': 2, 'reason': 'rel_win1=55.3%（本命度） / 最有力組み合わせ確率: 0.088（推定実オッズ?15倍） / 2着集中度: 上位2艇 68.8%（補正+0.00） / 総合判定確率: 0.088 / → ヒモ分散。1号艇1着固定で広めのヒモ流し推奨（買い目+2点）', 'tenji_trigger': '展示確認: ヒモ分散レース。1号艇伸び確認後、広めのヒモ流しを採用。穴ヒモ（5・6号艇）を積極的に含める。'}",,,27.6,逃げ狙い,18.18,26.7,2,,,,,0,0,0.6155,0,,逃げ軸流し,A
2025-04-01,丸亀,6,2,岡　暢祐,B1,36.13,2,,12.7492,21.5,91,47.5,0.1708,3.8125,,,0,低,120,0,ま0%,36,0,42.9,0.8088,0,0,0.0588,0,0,0.1667,0.0833,0.1667,,△,C,,,0.3572,0.5595,,0.4182,S,82,0,◎1着固定 2-3着流し（5〜8点）,0.5777,"{'is_target': True, 'verdict': '参加推奨', 'max_combo_prob': 0.0882, 'est_top_odds': 15.1, 'circle_concentration': 68.8, 'eligible_count': 6, 'bet_adj': 2, 'reason': 'rel_win1=55.3%（本命度） / 最有力組み合わせ確率: 0.088（推定実オッズ?15倍） / 2着集中度: 上位2艇 68.8%（補正+0.00） / 総合判定確率: 0.088 / → ヒモ分散。1号艇1着固定で広めのヒモ流し推奨（買い目+2点）', 'tenji_trigger': '展示確認: ヒモ分散レース。1号艇伸び確認後、広めのヒモ流しを採用。穴ヒモ（5・6号艇）を積極的に含める。'}",,,27.6,逃げ狙い,18.18,26.7,2,,,,,,,,,,,
2025-04-01,丸亀,6,3,丹下　将,A2,48.21,3,○,16.8353,37,87,67.7,0.1529,3.3077,,,0,低,115,0,-,22,0,51.8,0.989,0,0,0.1515,0.0303,0,0.0588,0.2067,0.1445,,○,A,◎,,0.4275,0.66,,0.4182,S,82,0,◎1着固定 2-3着流し（5〜8点）,0.5777,"{'is_target': True, 'verdict': '参加推奨', 'max_combo_prob': 0.0882, 'est_top_odds': 15.1, 'circle_concentration': 68.8, 'eligible_count': 6, 'bet_adj': 2, 'reason': 'rel_win1=55.3%（本命度） / 最有力組み合わせ確率: 0.088（推定実オッズ?15倍） / 2着集中度: 上位2艇 68.8%（補正+0.00） / 総合判定確率: 0.088 / → ヒモ分散。1号艇1着固定で広めのヒモ流し推奨（買い目+2点）', 'tenji_trigger': '展示確認: ヒモ分散レース。1号艇伸び確認後、広めのヒモ流しを採用。穴ヒモ（5・6号艇）を積極的に含める。'}",,,27.6,逃げ狙い,18.18,26.7,2,,,,,,,,,,,
2025-04-01,丸亀,6,4,近江翔吾,A1,45.97,4,▲,8.6164,31.8,100,77.4,0.1394,2.934,,,0,低,52,0,差0%,11,0,66.9,1.1553,0,0.037,0.0741,0,0,0.0811,0.0541,0.027,,◎,B,○,◎,0.4336,0.6415,0.4732,0.4182,S,82,0,◎1着固定 2-3着流し（5〜8点）,0.5777,"{'is_target': True, 'verdict': '参加推奨', 'max_combo_prob': 0.0882, 'est_top_odds': 15.1, 'circle_concentration': 68.8, 'eligible_count': 6, 'bet_adj': 2, 'reason': 'rel_win1=55.3%（本命度） / 最有力組み合わせ確率: 0.088（推定実オッズ?15倍） / 2着集中度: 上位2艇 68.8%（補正+0.00） / 総合判定確率: 0.088 / → ヒモ分散。1号艇1着固定で広めのヒモ流し推奨（買い目+2点）', 'tenji_trigger': '展示確認: ヒモ分散レース。1号艇伸び確認後、広めのヒモ流しを採用。穴ヒモ（5・6号艇）を積極的に含める。'}",,,27.6,逃げ狙い,18.18,26.7,2,,,,,,,,,,,
2025-04-01,丸亀,6,5,占部一真,B1,41.13,5,△,5.5583,9.4,28,22.2,0.1669,3.3472,,,0,低,119,0,-,4,0,42.7,0.6929,0,0,0.0303,0,0,0.1333,0.2,0.2667,,,C,△,,0.3106,0.595,,0.4182,S,82,0,◎1着固定 2-3着流し（5〜8点）,0.5777,"{'is_target': True, 'verdict': '参加推奨', 'max_combo_prob': 0.0882, 'est_top_odds': 15.1, 'circle_concentration': 68.8, 'eligible_count': 6, 'bet_adj': 2, 'reason': 'rel_win1=55.3%（本命度） / 最有力組み合わせ確率: 0.088（推定実オッズ?15倍） / 2着集中度: 上位2艇 68.8%（補正+0.00） / 総合判定確率: 0.088 / → ヒモ分散。1号艇1着固定で広めのヒモ流し推奨（買い目+2点）', 'tenji_trigger': '展示確認: ヒモ分散レース。1号艇伸び確認後、広めのヒモ流しを採用。穴ヒモ（5・6号艇）を積極的に含める。'}",,,27.6,逃げ狙い,18.18,26.7,2,,,,,,,,,,,
2025-04-01,丸亀,6,6,野田亜湖,B2,24.55,6,,0.9663,0.3,13,0,0.2688,5.3898,,,0,低,57,0,-,66,0,25,0.6172,,,,,,,,,,,E,,,0.1388,0.4055,,0.4182,S,82,0,◎1着固定 2-3着流し（5〜8点）,0.5777,"{'is_target': True, 'verdict': '参加推奨', 'max_combo_prob': 0.0882, 'est_top_odds': 15.1, 'circle_concentration': 68.8, 'eligible_count': 6, 'bet_adj': 2, 'reason': 'rel_win1=55.3%（本命度） / 最有力組み合わせ確率: 0.088（推定実オッズ?15倍） / 2着集中度: 上位2艇 68.8%（補正+0.00） / 総合判定確率: 0.088 / → ヒモ分散。1号艇1着固定で広めのヒモ流し推奨（買い目+2点）', 'tenji_trigger': '展示確認: ヒモ分散レース。1号艇伸び確認後、広めのヒモ流しを採用。穴ヒモ（5・6号艇）を積極的に含める。'}",,,27.6,逃げ狙い,18.18,26.7,2,,,,,,,,,,,
2025-04-01,丸亀,7,1,作間　章,A1,27.93,1,◎,63.2271,,0,89.6,0.1695,3.849,,,0,低,178,0,-,55,0,100,1.4854,0.6905,,,,,0.1962,0.0886,0.0095,◎,,C,△,,,0.598,,0.4895,S,82,0,◎1着固定 2-3着流し（5〜8点）,0.5777,"{'is_target': True, 'verdict': '参加推奨', 'max_combo_prob': 0.0742, 'est_top_odds': 18.0, 'circle_concentration': 62.7, 'eligible_count': 6, 'bet_adj': 2, 'reason': 'rel_win1=63.2%（本命度） / 最有力組み合わせ確率: 0.074（推定実オッズ?18倍） / 2着集中度: 上位2艇 62.7%（補正+0.00） / 総合判定確率: 0.074 / → ヒモ分散。1号艇1着固定で広めのヒモ流し推奨（買い目+2点）', 'tenji_trigger': '展示確認: ヒモ分散レース。1号艇伸び確認後、広めのヒモ流しを採用。穴ヒモ（5・6号艇）を積極的に含める。'}",,,28.2,逃げ狙い,14.79,31.4,3,,,,,0,0,0.7559,0,,逃げ軸流し,A
2025-04-01,丸亀,7,2,東口　晃,B1,31.25,2,▲,9.4076,41.1,69,35,0.1928,4.2,,,0,低,156,0,差0%,5,0,26.7,0.6216,0,0.0417,0,0,0,0.4333,0.2567,0.0533,,,C,,,0.1042,0.529,,0.4895,S,82,0,◎1着固定 2-3着流し（5〜8点）,0.5777,"{'is_target': True, 'verdict': '参加推奨', 'max_combo_prob': 0.0742, 'est_top_odds': 18.0, 'circle_concentration': 62.7, 'eligible_count': 6, 'bet_adj': 2, 'reason': 'rel_win1=63.2%（本命度） / 最有力組み合わせ確率: 0.074（推定実オッズ?18倍） / 2着集中度: 上位2艇 62.7%（補正+0.00） / 総合判定確率: 0.074 / → ヒモ分散。1号艇1着固定で広めのヒモ流し推奨（買い目+2点）', 'tenji_trigger': '展示確認: ヒモ分散レース。1号艇伸び確認後、広めのヒモ流しを採用。穴ヒモ（5・6号艇）を積極的に含める。'}",,,28.2,逃げ狙い,14.79,31.4,3,,,,,,,,,,,
2025-04-01,丸亀,7,3,平岡重典,B1,24.11,3,,9.7824,20.4,79,37.7,0.1808,3.8868,,,0,低,154,0,-,4,0,40.4,1.0485,,,,,,0.1881,0.2643,0.0762,,,E,△,,0.2765,0.6,,0.4895,S,82,0,◎1着固定 2-3着流し（5〜8点）,0.5777,"{'is_target': True, 'verdict': '参加推奨', 'max_combo_prob': 0.0742, 'est_top_odds': 18.0, 'circle_concentration': 62.7, 'eligible_count': 6, 'bet_adj': 2, 'reason': 'rel_win1=63.2%（本命度） / 最有力組み合わせ確率: 0.074（推定実オッズ?18倍） / 2着集中度: 上位2艇 62.7%（補正+0.00） / 総合判定確率: 0.074 / → ヒモ分散。1号艇1着固定で広めのヒモ流し推奨（買い目+2点）', 'tenji_trigger': '展示確認: ヒモ分散レース。1号艇伸び確認後、広めのヒモ流しを採用。穴ヒモ（5・6号艇）を積極的に含める。'}",,,28.2,逃げ狙い,14.79,31.4,3,,,,,,,,,,,
2025-04-01,丸亀,7,4,池田紫乃,B1,26.98,4,,13.3372,21.6,100,34.6,0.1965,4.3462,,,0,低,61,0,ま0%,3,0,43,1.0398,0,0,0.1429,0,0,0.3333,0.1667,0,,,D,○,,0.224,0.6185,,0.4895,S,82,0,◎1着固定 2-3着流し（5〜8点）,0.5777,"{'is_target': True, 'verdict': '参加推奨', 'max_combo_prob': 0.0742, 'est_top_odds': 18.0, 'circle_concentration': 62.7, 'eligible_count': 6, 'bet_adj': 2, 'reason': 'rel_win1=63.2%（本命度） / 最有力組み合わせ確率: 0.074（推定実オッズ?18倍） / 2着集中度: 上位2艇 62.7%（補正+0.00） / 総合判定確率: 0.074 / → ヒモ分散。1号艇1着固定で広めのヒモ流し推奨（買い目+2点）', 'tenji_trigger': '展示確認: ヒモ分散レース。1号艇伸び確認後、広めのヒモ流しを採用。穴ヒモ（5・6号艇）を積極的に含める。'}",,,28.2,逃げ狙い,14.79,31.4,3,,,,,,,,,,,
2025-04-01,丸亀,7,5,蒲原健太,A2,32.26,5,△,2.9398,14.4,91,30.8,0.2323,4.7404,,,0,低,193,0,-,22,0,22.6,0.8352,,,,,,0.0953,0.3224,0.2271,,,B,,,0.1476,0.54,,0.4895,S,82,0,◎1着固定 2-3着流し（5〜8点）,0.5777,"{'is_target': True, 'verdict': '参加推奨', 'max_combo_prob': 0.0742, 'est_top_odds': 18.0, 'circle_concentration': 62.7, 'eligible_count': 6, 'bet_adj': 2, 'reason': 'rel_win1=63.2%（本命度） / 最有力組み合わせ確率: 0.074（推定実オッズ?18倍） / 2着集中度: 上位2艇 62.7%（補正+0.00） / 総合判定確率: 0.074 / → ヒモ分散。1号艇1着固定で広めのヒモ流し推奨（買い目+2点）', 'tenji_trigger': '展示確認: ヒモ分散レース。1号艇伸び確認後、広めのヒモ流しを採用。穴ヒモ（5・6号艇）を積極的に含める。'}",,,28.2,逃げ狙い,14.79,31.4,3,,,,,,,,,,,
2025-04-01,丸亀,7,6,谷川祐一,A1,31.40,6,○,1.306,2.5,80,17.2,0.1848,3.8966,,,0,低,96,0,-,2F,0,20.9,0.6172,,,,,,0.0286,0.3257,0.0286,,,C,◎,,0.2746,0.6465,,0.4895,S,82,0,◎1着固定 2-3着流し（5〜8点）,0.5777,"{'is_target': True, 'verdict': '参加推奨', 'max_combo_prob': 0.0742, 'est_top_odds': 18.0, 'circle_concentration': 62.7, 'eligible_count': 6, 'bet_adj': 2, 'reason': 'rel_win1=63.2%（本命度） / 最有力組み合わせ確率: 0.074（推定実オッズ?18倍） / 2着集中度: 上位2艇 62.7%（補正+0.00） / 総合判定確率: 0.074 / → ヒモ分散。1号艇1着固定で広めのヒモ流し推奨（買い目+2点）', 'tenji_trigger': '展示確認: ヒモ分散レース。1号艇伸び確認後、広めのヒモ流しを採用。穴ヒモ（5・6号艇）を積極的に含める。'}",,,28.2,逃げ狙い,14.79,31.4,3,,,,,,,,,,,
2025-04-01,丸亀,8,1,桐本康臣,A1,24.00,1,◎,70.7257,,0,91.8,0.1527,2.9439,,,0,低,119,0,-,26,0,83.8,1.0341,0.617,,,,,0.109,0.3681,0.0426,◎,,E,◎,,,0.646,,0.6105,S,82,0,◎1着固定 2-3着流し（5〜8点）,0.5777,"{'is_target': True, 'verdict': '点数絞り', 'max_combo_prob': 0.1496, 'est_top_odds': 8.9, 'circle_concentration': 72.9, 'eligible_count': 6, 'bet_adj': 0, 'reason': 'rel_win1=70.7%（本命度） / 最有力組み合わせ確率: 0.150（推定実オッズ?9倍） / 2着集中度: 上位2艇 72.9%（補正+0.04） / 総合判定確率: 0.190 / → ヒモはやや固め。上位2艇以外を切ること', 'tenji_trigger': '展示確認: 1号艇伸び良→そのまま採用。悪→飛び組に差し替え。circle_pct上位2艇に絞り込むこと。'}",,,29.7,逃げ狙い,15.96,34.6,2,,,,,0,0,0.7559,0,,逃げ軸流し,A
2025-04-01,丸亀,8,2,内堀　学,A2,24.55,2,,10.6888,57.7,100,72.2,0.1891,4.037,,,0,低,152,0,-,3,0,30.3,0.6709,0,0,0.0417,0,0.0417,0.0718,0.3015,0.041,,,D,,,0.0707,0.603,,0.6105,S,82,0,◎1着固定 2-3着流し（5〜8点）,0.5777,"{'is_target': True, 'verdict': '点数絞り', 'max_combo_prob': 0.1496, 'est_top_odds': 8.9, 'circle_concentration': 72.9, 'eligible_count': 6, 'bet_adj': 0, 'reason': 'rel_win1=70.7%（本命度） / 最有力組み合わせ確率: 0.150（推定実オッズ?9倍） / 2着集中度: 上位2艇 72.9%（補正+0.04） / 総合判定確率: 0.190 / → ヒモはやや固め。上位2艇以外を切ること', 'tenji_trigger': '展示確認: 1号艇伸び良→そのまま採用。悪→飛び組に差し替え。circle_pct上位2艇に絞り込むこと。'}",,,29.7,逃げ狙い,15.96,34.6,2,,,,,,,,,,,
2025-04-01,丸亀,8,3,坂井康嗣,B1,42.37,3,○,5.5954,15.1,74,29.6,0.1794,3.8889,,,0,低,168,0,-,6,0,18.4,0.6162,,,,,,0.28,0.32,0.32,,,A,△,,0.22,0.607,,0.6105,S,82,0,◎1着固定 2-3着流し（5〜8点）,0.5777,"{'is_target': True, 'verdict': '点数絞り', 'max_combo_prob': 0.1496, 'est_top_odds': 8.9, 'circle_concentration': 72.9, 'eligible_count': 6, 'bet_adj': 0, 'reason': 'rel_win1=70.7%（本命度） / 最有力組み合わせ確率: 0.150（推定実オッズ?9倍） / 2着集中度: 上位2艇 72.9%（補正+0.04） / 総合判定確率: 0.190 / → ヒモはやや固め。上位2艇以外を切ること', 'tenji_trigger': '展示確認: 1号艇伸び良→そのまま採用。悪→飛び組に差し替え。circle_pct上位2艇に絞り込むこと。'}",,,29.7,逃げ狙い,15.96,34.6,2,,,,,,,,,,,
2025-04-01,丸亀,8,4,上田紗奈,A2,31.45,4,▲,7.026,14.5,60,42,0.164,2.99,,,0,低,90,0,差ま0%,42,0,47.7,0.8832,0,0,0,0.0952,0,0,0.1771,0.2971,,,C,△,,0.306,0.6315,,0.6105,S,82,0,◎1着固定 2-3着流し（5〜8点）,0.5777,"{'is_target': True, 'verdict': '点数絞り', 'max_combo_prob': 0.1496, 'est_top_odds': 8.9, 'circle_concentration': 72.9, 'eligible_count': 6, 'bet_adj': 0, 'reason': 'rel_win1=70.7%（本命度） / 最有力組み合わせ確率: 0.150（推定実オッズ?9倍） / 2着集中度: 上位2艇 72.9%（補正+0.04） / 総合判定確率: 0.190 / → ヒモはやや固め。上位2艇以外を切ること', 'tenji_trigger': '展示確認: 1号艇伸び良→そのまま採用。悪→飛び組に差し替え。circle_pct上位2艇に絞り込むこと。'}",,,29.7,逃げ狙い,15.96,34.6,2,,,,,,,,,,,
2025-04-01,丸亀,8,5,廣瀬篤哉,B1,25.98,5,△,4.7833,12.2,57,29.1,0.1751,3.5636,,,0,低,90,0,差ま0%,35,0,50.1,0.8943,0,0,0,0.0345,0,0.0444,0.0222,0.0444,,,D,○,,0.2645,0.6345,,0.6105,S,82,0,◎1着固定 2-3着流し（5〜8点）,0.5777,"{'is_target': True, 'verdict': '点数絞り', 'max_combo_prob': 0.1496, 'est_top_odds': 8.9, 'circle_concentration': 72.9, 'eligible_count': 6, 'bet_adj': 0, 'reason': 'rel_win1=70.7%（本命度） / 最有力組み合わせ確率: 0.150（推定実オッズ?9倍） / 2着集中度: 上位2艇 72.9%（補正+0.04） / 総合判定確率: 0.190 / → ヒモはやや固め。上位2艇以外を切ること', 'tenji_trigger': '展示確認: 1号艇伸び良→そのまま採用。悪→飛び組に差し替え。circle_pct上位2艇に絞り込むこと。'}",,,29.7,逃げ狙い,15.96,34.6,2,,,,,,,,,,,
2025-04-01,丸亀,8,6,樫葉新心,B1,37.50,6,,1.1807,0.4,11,3.1,0.218,4.7371,,,0,低,136,0,-,4,0,21.7,0.8333,,,,,,0.1864,0.3318,0.2591,,,B,,,0.1941,0.5565,,0.6105,S,82,0,◎1着固定 2-3着流し（5〜8点）,0.5777,"{'is_target': True, 'verdict': '点数絞り', 'max_combo_prob': 0.1496, 'est_top_odds': 8.9, 'circle_concentration': 72.9, 'eligible_count': 6, 'bet_adj': 0, 'reason': 'rel_win1=70.7%（本命度） / 最有力組み合わせ確率: 0.150（推定実オッズ?9倍） / 2着集中度: 上位2艇 72.9%（補正+0.04） / 総合判定確率: 0.190 / → ヒモはやや固め。上位2艇以外を切ること', 'tenji_trigger': '展示確認: 1号艇伸び良→そのまま採用。悪→飛び組に差し替え。circle_pct上位2艇に絞り込むこと。'}",,,29.7,逃げ狙い,15.96,34.6,2,,,,,,,,,,,
2025-04-01,丸亀,9,1,前田篤哉,A1,29.03,1,◎,66.8482,,0,95.7,0.1586,3.1449,,,0,低,107,0,-,53,0,69.5,1.0554,0.8,,,,,0.0133,0.2667,0.0133,◎,,D,○,,,0.646,,0.5844,S,80,0,◎1着固定 2-3着流し（5〜8点）,0.5777,"{'is_target': True, 'verdict': '点数絞り', 'max_combo_prob': 0.0879, 'est_top_odds': 15.2, 'circle_concentration': 85.9, 'eligible_count': 6, 'bet_adj': 0, 'reason': 'rel_win1=66.8%（本命度） / 最有力組み合わせ確率: 0.088（推定実オッズ?15倍） / 2着集中度: 上位2艇 85.9%（補正+0.04） / 総合判定確率: 0.128 / → ヒモはやや固め。上位2艇以外を切ること', 'tenji_trigger': '展示確認: 1号艇伸び良→そのまま採用。悪→飛び組に差し替え。circle_pct上位2艇に絞り込むこと。'}",,,26.2,逃げ狙い,10.9,29,3,,,,,0,0,0.7559,0,,逃げ軸流し,A
2025-04-01,丸亀,9,2,松本　怜,B1,19.82,2,,5.8241,41.6,81,45.8,0.1842,4.25,,,0,低,54,0,-,5,0,28,0.6817,,,,,,0,0.5,0.25,,,E,,,0.0775,0.572,,0.5844,S,80,0,◎1着固定 2-3着流し（5〜8点）,0.5777,"{'is_target': True, 'verdict': '点数絞り', 'max_combo_prob': 0.0879, 'est_top_odds': 15.2, 'circle_concentration': 85.9, 'eligible_count': 6, 'bet_adj': 0, 'reason': 'rel_win1=66.8%（本命度） / 最有力組み合わせ確率: 0.088（推定実オッズ?15倍） / 2着集中度: 上位2艇 85.9%（補正+0.04） / 総合判定確率: 0.128 / → ヒモはやや固め。上位2艇以外を切ること', 'tenji_trigger': '展示確認: 1号艇伸び良→そのまま採用。悪→飛び組に差し替え。circle_pct上位2艇に絞り込むこと。'}",,,26.2,逃げ狙い,10.9,29,3,,,,,,,,,,,
2025-04-01,丸亀,9,3,大野芳顕,A2,37.39,3,○,12.9265,44.3,75,57.8,0.1508,2.7958,,,0,低,139,0,-,46,0,28.4,0.7354,0,0,0,0.0323,0,0.09,0.11,0.14,,,B,△,,0.3184,0.6345,,0.5844,S,80,0,◎1着固定 2-3着流し（5〜8点）,0.5777,"{'is_target': True, 'verdict': '点数絞り', 'max_combo_prob': 0.0879, 'est_top_odds': 15.2, 'circle_concentration': 85.9, 'eligible_count': 6, 'bet_adj': 0, 'reason': 'rel_win1=66.8%（本命度） / 最有力組み合わせ確率: 0.088（推定実オッズ?15倍） / 2着集中度: 上位2艇 85.9%（補正+0.04） / 総合判定確率: 0.128 / → ヒモはやや固め。上位2艇以外を切ること', 'tenji_trigger': '展示確認: 1号艇伸び良→そのまま採用。悪→飛び組に差し替え。circle_pct上位2艇に絞り込むこと。'}",,,26.2,逃げ狙い,10.9,29,3,,,,,,,,,,,
2025-04-01,丸亀,9,4,海老澤泰,B1,46.28,4,▲,5.0089,8.3,100,33.3,0.1843,3.7647,,,0,低,128,0,-,3,0,17.9,0.507,0,0,0,0.05,0,0.2354,0.08,0.3531,,,A,,,0.1869,0.6055,,0.5844,S,80,0,◎1着固定 2-3着流し（5〜8点）,0.5777,"{'is_target': True, 'verdict': '点数絞り', 'max_combo_prob': 0.0879, 'est_top_odds': 15.2, 'circle_concentration': 85.9, 'eligible_count': 6, 'bet_adj': 0, 'reason': 'rel_win1=66.8%（本命度） / 最有力組み合わせ確率: 0.088（推定実オッズ?15倍） / 2着集中度: 上位2艇 85.9%（補正+0.04） / 総合判定確率: 0.128 / → ヒモはやや固め。上位2艇以外を切ること', 'tenji_trigger': '展示確認: 1号艇伸び良→そのまま採用。悪→飛び組に差し替え。circle_pct上位2艇に絞り込むこと。'}",,,26.2,逃げ狙い,10.9,29,3,,,,,,,,,,,
2025-04-01,丸亀,9,5,山下流心,B1,33.33,5,△,4.1132,1.9,63,20.4,0.1839,4.2222,,,0,低,117,0,-,5,0,22.9,0.614,0,0,0,0.1,0,0.1571,0.0714,0.2286,,,C,△,,0.2179,0.6225,,0.5844,S,80,0,◎1着固定 2-3着流し（5〜8点）,0.5777,"{'is_target': True, 'verdict': '点数絞り', 'max_combo_prob': 0.0879, 'est_top_odds': 15.2, 'circle_concentration': 85.9, 'eligible_count': 6, 'bet_adj': 0, 'reason': 'rel_win1=66.8%（本命度） / 最有力組み合わせ確率: 0.088（推定実オッズ?15倍） / 2着集中度: 上位2艇 85.9%（補正+0.04） / 総合判定確率: 0.128 / → ヒモはやや固め。上位2艇以外を切ること', 'tenji_trigger': '展示確認: 1号艇伸び良→そのまま採用。悪→飛び組に差し替え。circle_pct上位2艇に絞り込むこと。'}",,,26.2,逃げ狙い,10.9,29,3,,,,,,,,,,,
2025-04-01,丸亀,9,6,江本真治,A2,35.04,6,,5.2792,3.9,93,31.6,0.1886,4.2281,,,0,低,105,0,-,15,0,100,2.1767,0,0,0.05,0,0,0.1156,0.1156,0.1644,,,C,◎,,0.1924,0.6785,,0.5844,S,80,0,◎1着固定 2-3着流し（5〜8点）,0.5777,"{'is_target': True, 'verdict': '点数絞り', 'max_combo_prob': 0.0879, 'est_top_odds': 15.2, 'circle_concentration': 85.9, 'eligible_count': 6, 'bet_adj': 0, 'reason': 'rel_win1=66.8%（本命度） / 最有力組み合わせ確率: 0.088（推定実オッズ?15倍） / 2着集中度: 上位2艇 85.9%（補正+0.04） / 総合判定確率: 0.128 / → ヒモはやや固め。上位2艇以外を切ること', 'tenji_trigger': '展示確認: 1号艇伸び良→そのまま採用。悪→飛び組に差し替え。circle_pct上位2艇に絞り込むこと。'}",,,26.2,逃げ狙い,10.9,29,3,,,,,,,,,,,
2025-04-01,丸亀,10,1,平尾崇典,A1,26.98,1,◎,64.4063,,0,92,0.1577,3.4667,,,0,低,104,0,逃1%,42,0,64.5,1.0151,0.6667,,,,,0.0278,0.0833,0.1389,◎,,D,,,,0.6045,,0.4547,S,88,0,◎1着固定 2-3着流し（5〜8点）,0.5777,"{'is_target': True, 'verdict': '点数絞り', 'max_combo_prob': 0.1136, 'est_top_odds': 11.7, 'circle_concentration': 75.1, 'eligible_count': 6, 'bet_adj': 0, 'reason': 'rel_win1=64.4%（本命度） / 最有力組み合わせ確率: 0.114（推定実オッズ?12倍） / 2着集中度: 上位2艇 75.1%（補正+0.04） / 総合判定確率: 0.154 / → ヒモはやや固め。上位2艇以外を切ること', 'tenji_trigger': '展示確認: 1号艇伸び良→そのまま採用。悪→飛び組に差し替え。circle_pct上位2艇に絞り込むこと。'}",,,26.9,逃げ狙い,15.62,27,2,,,,,0,0,0.7559,0,,逃げ軸流し,A
2025-04-01,丸亀,10,2,庄司樹良,B1,31.75,2,○,12.2069,45.5,71,80.4,0.1266,2.6518,,,0,低,89,0,-,3,0,28.2,0.7421,0,0.1333,0.0333,0,0,0.0414,0.219,0.0138,,◎,B,,,0.5822,0.6125,,0.4547,S,88,0,◎1着固定 2-3着流し（5〜8点）,0.5777,"{'is_target': True, 'verdict': '点数絞り', 'max_combo_prob': 0.1136, 'est_top_odds': 11.7, 'circle_concentration': 75.1, 'eligible_count': 6, 'bet_adj': 0, 'reason': 'rel_win1=64.4%（本命度） / 最有力組み合わせ確率: 0.114（推定実オッズ?12倍） / 2着集中度: 上位2艇 75.1%（補正+0.04） / 総合判定確率: 0.154 / → ヒモはやや固め。上位2艇以外を切ること', 'tenji_trigger': '展示確認: 1号艇伸び良→そのまま採用。悪→飛び組に差し替え。circle_pct上位2艇に絞り込むこと。'}",,,26.9,逃げ狙い,15.62,27,2,,,,,,,,,,,
2025-04-01,丸亀,10,3,山本隆幸,A2,30.89,3,▲,13.046,29.6,54,63,0.1661,3.2065,,,0,低,130,0,-,4,0,100,2.5477,0,0,0.0952,0.0952,0,0,0.0645,0.2258,,,B,△,,0.2713,0.631,,0.4547,S,88,0,◎1着固定 2-3着流し（5〜8点）,0.5777,"{'is_target': True, 'verdict': '点数絞り', 'max_combo_prob': 0.1136, 'est_top_odds': 11.7, 'circle_concentration': 75.1, 'eligible_count': 6, 'bet_adj': 0, 'reason': 'rel_win1=64.4%（本命度） / 最有力組み合わせ確率: 0.114（推定実オッズ?12倍） / 2着集中度: 上位2艇 75.1%（補正+0.04） / 総合判定確率: 0.154 / → ヒモはやや固め。上位2艇以外を切ること', 'tenji_trigger': '展示確認: 1号艇伸び良→そのまま採用。悪→飛び組に差し替え。circle_pct上位2艇に絞り込むこと。'}",,,26.9,逃げ狙い,15.62,27,2,,,,,,,,,,,
2025-04-01,丸亀,10,4,木谷賢太,A1,25.40,4,,5.6475,16.6,100,66.7,0.1559,3.5926,,,0,低,107,0,-,14,0,27.5,0.7023,0,0.0385,0,0.0385,0,0.0343,0.0114,0.1957,,,D,◎,,0.301,0.663,,0.4547,S,88,0,◎1着固定 2-3着流し（5〜8点）,0.5777,"{'is_target': True, 'verdict': '点数絞り', 'max_combo_prob': 0.1136, 'est_top_odds': 11.7, 'circle_concentration': 75.1, 'eligible_count': 6, 'bet_adj': 0, 'reason': 'rel_win1=64.4%（本命度） / 最有力組み合わせ確率: 0.114（推定実オッズ?12倍） / 2着集中度: 上位2艇 75.1%（補正+0.04） / 総合判定確率: 0.154 / → ヒモはやや固め。上位2艇以外を切ること', 'tenji_trigger': '展示確認: 1号艇伸び良→そのまま採用。悪→飛び組に差し替え。circle_pct上位2艇に絞り込むこと。'}",,,26.9,逃げ狙い,15.62,27,2,,,,,,,,,,,
2025-04-01,丸亀,10,5,吉川勇作,B1,30.51,5,△,3.0067,0.9,27,11.3,0.1621,3.1452,,,0,低,92,0,-,5,0,27.3,0.6883,,,,,,0.3162,0.0381,0.0571,,,C,△,,0.3121,0.6335,,0.4547,S,88,0,◎1着固定 2-3着流し（5〜8点）,0.5777,"{'is_target': True, 'verdict': '点数絞り', 'max_combo_prob': 0.1136, 'est_top_odds': 11.7, 'circle_concentration': 75.1, 'eligible_count': 6, 'bet_adj': 0, 'reason': 'rel_win1=64.4%（本命度） / 最有力組み合わせ確率: 0.114（推定実オッズ?12倍） / 2着集中度: 上位2艇 75.1%（補正+0.04） / 総合判定確率: 0.154 / → ヒモはやや固め。上位2艇以外を切ること', 'tenji_trigger': '展示確認: 1号艇伸び良→そのまま採用。悪→飛び組に差し替え。circle_pct上位2艇に絞り込むこと。'}",,,26.9,逃げ狙い,15.62,27,2,,,,,,,,,,,
2025-04-01,丸亀,10,6,谷村一哉,A2,27.07,6,,1.6866,7.4,77,56.8,0.1755,3.7614,,,0,低,78,0,-,1,0,22.5,0.6117,0,0,0,0.0588,0,0.0542,0.0708,0.1083,,,D,○,,0.2412,0.642,,0.4547,S,88,0,◎1着固定 2-3着流し（5〜8点）,0.5777,"{'is_target': True, 'verdict': '点数絞り', 'max_combo_prob': 0.1136, 'est_top_odds': 11.7, 'circle_concentration': 75.1, 'eligible_count': 6, 'bet_adj': 0, 'reason': 'rel_win1=64.4%（本命度） / 最有力組み合わせ確率: 0.114（推定実オッズ?12倍） / 2着集中度: 上位2艇 75.1%（補正+0.04） / 総合判定確率: 0.154 / → ヒモはやや固め。上位2艇以外を切ること', 'tenji_trigger': '展示確認: 1号艇伸び良→そのまま採用。悪→飛び組に差し替え。circle_pct上位2艇に絞り込むこと。'}",,,26.9,逃げ狙い,15.62,27,2,,,,,,,,,,,
2025-04-01,丸亀,11,1,廣瀬将亨,A2,24.37,1,◎,52.0882,,0,84.9,0.1608,3.226,,,0,低,86,0,逃1%,15,0,83.7,1.0776,0.6341,,,,,0.0293,0.198,0.0293,◎,,E,△,,,0.64,,0.4707,A,70,0,◎-○軸 3着3〜4艇流し（10〜15点）,0.5777,"{'is_target': True, 'verdict': '参加推奨', 'max_combo_prob': 0.0591, 'est_top_odds': 22.5, 'circle_concentration': 73.5, 'eligible_count': 8, 'bet_adj': 2, 'reason': 'rel_win1=52.1%（本命度） / 最有力組み合わせ確率: 0.059（推定実オッズ?22倍） / 2着集中度: 上位2艇 73.5%（補正+0.04） / 総合判定確率: 0.099 / → ヒモ分散。1号艇1着固定で広めのヒモ流し推奨（買い目+2点）', 'tenji_trigger': '展示確認: ヒモ分散レース。1号艇伸び確認後、広めのヒモ流しを採用。穴ヒモ（5・6号艇）を積極的に含める。'}",,,30.3,逃げ狙い,25.45,28.3,3,,,,,0,0,0.7559,0,,逃げ軸流し,A
2025-04-01,丸亀,11,2,作間　章,A1,27.93,2,,17.3444,39.5,100,76.7,0.176,3.6781,,,0,低,178,0,-,55,0,23.1,0.7469,0,0.1786,0.0714,0,0,0.1962,0.0886,0.0095,,,D,,,0.1906,0.598,,0.4707,A,70,0,◎-○軸 3着3〜4艇流し（10〜15点）,0.5777,"{'is_target': True, 'verdict': '参加推奨', 'max_combo_prob': 0.0591, 'est_top_odds': 22.5, 'circle_concentration': 73.5, 'eligible_count': 8, 'bet_adj': 2, 'reason': 'rel_win1=52.1%（本命度） / 最有力組み合わせ確率: 0.059（推定実オッズ?22倍） / 2着集中度: 上位2艇 73.5%（補正+0.04） / 総合判定確率: 0.099 / → ヒモ分散。1号艇1着固定で広めのヒモ流し推奨（買い目+2点）', 'tenji_trigger': '展示確認: ヒモ分散レース。1号艇伸び確認後、広めのヒモ流しを採用。穴ヒモ（5・6号艇）を積極的に含める。'}",,,30.3,逃げ狙い,25.45,28.3,3,,,,,,,,,,,
2025-04-01,丸亀,11,3,横田貴満,A2,40.80,3,▲,15.5104,33.9,81,75.9,0.1583,3,,,0,低,87,0,差ま1%,31,0,39.5,0.9592,0,0,0,0.28,0,0.1446,0.0435,0.1011,,○,B,◎,,0.3815,0.6885,,0.4707,A,70,0,◎-○軸 3着3〜4艇流し（10〜15点）,0.5777,"{'is_target': True, 'verdict': '参加推奨', 'max_combo_prob': 0.0591, 'est_top_odds': 22.5, 'circle_concentration': 73.5, 'eligible_count': 8, 'bet_adj': 2, 'reason': 'rel_win1=52.1%（本命度） / 最有力組み合わせ確率: 0.059（推定実オッズ?22倍） / 2着集中度: 上位2艇 73.5%（補正+0.04） / 総合判定確率: 0.099 / → ヒモ分散。1号艇1着固定で広めのヒモ流し推奨（買い目+2点）', 'tenji_trigger': '展示確認: ヒモ分散レース。1号艇伸び確認後、広めのヒモ流しを採用。穴ヒモ（5・6号艇）を積極的に含める。'}",,,30.3,逃げ狙い,25.45,28.3,3,,,,,,,,,,,
2025-04-01,丸亀,11,4,大西隆洋,B1,31.90,4,△,5.2942,12.2,64,40,0.1445,2.9818,,,0,低,103,0,-,23,0,41.1,0.7496,,,,,,0.3077,0.0769,0.3077,,,C,,,0.3979,0.6055,,0.4707,A,70,0,◎-○軸 3着3〜4艇流し（10〜15点）,0.5777,"{'is_target': True, 'verdict': '参加推奨', 'max_combo_prob': 0.0591, 'est_top_odds': 22.5, 'circle_concentration': 73.5, 'eligible_count': 8, 'bet_adj': 2, 'reason': 'rel_win1=52.1%（本命度） / 最有力組み合わせ確率: 0.059（推定実オッズ?22倍） / 2着集中度: 上位2艇 73.5%（補正+0.04） / 総合判定確率: 0.099 / → ヒモ分散。1号艇1着固定で広めのヒモ流し推奨（買い目+2点）', 'tenji_trigger': '展示確認: ヒモ分散レース。1号艇伸び確認後、広めのヒモ流しを採用。穴ヒモ（5・6号艇）を積極的に含める。'}",,,30.3,逃げ狙い,25.45,28.3,3,,,,,,,,,,,
2025-04-01,丸亀,11,5,丹下　将,A2,48.21,5,○,8.3845,11.1,66,49.2,0.1503,3.1587,,,0,低,115,0,差0% ま0% 差ま0% 抜0%,22,0,85.9,1.4588,0,0.0345,0.069,0.1034,0.0345,0.0588,0.2067,0.1445,,,A,○,◎,0.364,0.66,0.3597,0.4707,A,70,0,◎-○軸 3着3〜4艇流し（10〜15点）,0.5777,"{'is_target': True, 'verdict': '参加推奨', 'max_combo_prob': 0.0591, 'est_top_odds': 22.5, 'circle_concentration': 73.5, 'eligible_count': 8, 'bet_adj': 2, 'reason': 'rel_win1=52.1%（本命度） / 最有力組み合わせ確率: 0.059（推定実オッズ?22倍） / 2着集中度: 上位2艇 73.5%（補正+0.04） / 総合判定確率: 0.099 / → ヒモ分散。1号艇1着固定で広めのヒモ流し推奨（買い目+2点）', 'tenji_trigger': '展示確認: ヒモ分散レース。1号艇伸び確認後、広めのヒモ流しを採用。穴ヒモ（5・6号艇）を積極的に含める。'}",,,30.3,逃げ狙い,25.45,28.3,3,,,,,,,,,,,
2025-04-01,丸亀,11,6,平田健之,A1,30.33,6,,1.3784,3.2,85,35.6,0.1815,3.8644,,,0,低,124,0,-,21,0,31.4,0.9111,,,,,,0.1375,0.025,0.125,,,D,△,,0.275,0.6155,,0.4707,A,70,0,◎-○軸 3着3〜4艇流し（10〜15点）,0.5777,"{'is_target': True, 'verdict': '参加推奨', 'max_combo_prob': 0.0591, 'est_top_odds': 22.5, 'circle_concentration': 73.5, 'eligible_count': 8, 'bet_adj': 2, 'reason': 'rel_win1=52.1%（本命度） / 最有力組み合わせ確率: 0.059（推定実オッズ?22倍） / 2着集中度: 上位2艇 73.5%（補正+0.04） / 総合判定確率: 0.099 / → ヒモ分散。1号艇1着固定で広めのヒモ流し推奨（買い目+2点）', 'tenji_trigger': '展示確認: ヒモ分散レース。1号艇伸び確認後、広めのヒモ流しを採用。穴ヒモ（5・6号艇）を積極的に含める。'}",,,30.3,逃げ狙い,25.45,28.3,3,,,,,,,,,,,
2025-04-01,丸亀,12,1,丸岡正典,A2,29.41,1,◎,57.5935,,0,90.2,0.1626,3.2213,,,0,低,100,0,逃1%,33,0,72.2,0.9771,0.6471,,,,,0.0118,0.3042,0.1681,○,,D,◎,,,0.667,,0.4156,A,77,0,◎-○軸 3着3〜4艇流し（10〜15点）,0.5777,"{'is_target': True, 'verdict': '点数絞り', 'max_combo_prob': 0.0888, 'est_top_odds': 15.0, 'circle_concentration': 74.8, 'eligible_count': 8, 'bet_adj': 0, 'reason': 'rel_win1=57.6%（本命度） / 最有力組み合わせ確率: 0.089（推定実オッズ?15倍） / 2着集中度: 上位2艇 74.8%（補正+0.04） / 総合判定確率: 0.129 / → ヒモはやや固め。上位2艇以外を切ること', 'tenji_trigger': '展示確認: 1号艇伸び良→そのまま採用。悪→飛び組に差し替え。circle_pct上位2艇に絞り込むこと。'}",,,29.8,逃げ狙い,19.71,31.7,2,,,,,0,0,0.6155,0,,逃げ軸流し,A
2025-04-01,丸亀,12,2,近江翔吾,A1,45.97,2,○,15.4153,48.4,51,80.6,0.1244,2.5833,,,0,低,52,0,差0%,11,0,40.5,0.8507,0,0.2222,0,0,0,0.0811,0.0541,0.027,,◎,A,△,,0.6043,0.6415,,0.4156,A,77,0,◎-○軸 3着3〜4艇流し（10〜15点）,0.5777,"{'is_target': True, 'verdict': '点数絞り', 'max_combo_prob': 0.0888, 'est_top_odds': 15.0, 'circle_concentration': 74.8, 'eligible_count': 8, 'bet_adj': 0, 'reason': 'rel_win1=57.6%（本命度） / 最有力組み合わせ確率: 0.089（推定実オッズ?15倍） / 2着集中度: 上位2艇 74.8%（補正+0.04） / 総合判定確率: 0.129 / → ヒモはやや固め。上位2艇以外を切ること', 'tenji_trigger': '展示確認: 1号艇伸び良→そのまま採用。悪→飛び組に差し替え。circle_pct上位2艇に絞り込むこと。'}",,,29.8,逃げ狙い,19.71,31.7,2,,,,,,,,,,,
2025-04-01,丸亀,12,3,桐本康臣,A1,24.00,3,,11.2132,26.4,85,67.2,0.1554,3.0149,,,0,低,119,0,-,26,0,33.5,0.8042,0,0.0385,0.0769,0.1154,0,0.109,0.3681,0.0426,,,E,△,,0.3652,0.646,,0.4156,A,77,0,◎-○軸 3着3〜4艇流し（10〜15点）,0.5777,"{'is_target': True, 'verdict': '点数絞り', 'max_combo_prob': 0.0888, 'est_top_odds': 15.0, 'circle_concentration': 74.8, 'eligible_count': 8, 'bet_adj': 0, 'reason': 'rel_win1=57.6%（本命度） / 最有力組み合わせ確率: 0.089（推定実オッズ?15倍） / 2着集中度: 上位2艇 74.8%（補正+0.04） / 総合判定確率: 0.129 / → ヒモはやや固め。上位2艇以外を切ること', 'tenji_trigger': '展示確認: 1号艇伸び良→そのまま採用。悪→飛び組に差し替え。circle_pct上位2艇に絞り込むこと。'}",,,29.8,逃げ狙い,19.71,31.7,2,,,,,,,,,,,
2025-04-01,丸亀,12,4,中村桃佳,B2,26.23,4,,9.6061,13.6,100,61.5,0.1638,3.1731,,,0,低,41,0,-,21,0,86.9,1.503,0,0,0.1905,0,0,0.0471,0.0706,0.2706,,,D,,,0.3725,0.6205,,0.4156,A,77,0,◎-○軸 3着3〜4艇流し（10〜15点）,0.5777,"{'is_target': True, 'verdict': '点数絞り', 'max_combo_prob': 0.0888, 'est_top_odds': 15.0, 'circle_concentration': 74.8, 'eligible_count': 8, 'bet_adj': 0, 'reason': 'rel_win1=57.6%（本命度） / 最有力組み合わせ確率: 0.089（推定実オッズ?15倍） / 2着集中度: 上位2艇 74.8%（補正+0.04） / 総合判定確率: 0.129 / → ヒモはやや固め。上位2艇以外を切ること', 'tenji_trigger': '展示確認: 1号艇伸び良→そのまま採用。悪→飛び組に差し替え。circle_pct上位2艇に絞り込むこと。'}",,,29.8,逃げ狙い,19.71,31.7,2,,,,,,,,,,,
2025-04-01,丸亀,12,5,谷川祐一,A1,31.40,5,▲,5.1134,8.6,73,42.4,0.1483,3.1441,,,0,低,96,0,-,2F,0,58.4,1.0614,0,0,0,0.0417,0,0.0286,0.3257,0.0286,,,C,○,,0.3689,0.6465,,0.4156,A,77,0,◎-○軸 3着3〜4艇流し（10〜15点）,0.5777,"{'is_target': True, 'verdict': '点数絞り', 'max_combo_prob': 0.0888, 'est_top_odds': 15.0, 'circle_concentration': 74.8, 'eligible_count': 8, 'bet_adj': 0, 'reason': 'rel_win1=57.6%（本命度） / 最有力組み合わせ確率: 0.089（推定実オッズ?15倍） / 2着集中度: 上位2艇 74.8%（補正+0.04） / 総合判定確率: 0.129 / → ヒモはやや固め。上位2艇以外を切ること', 'tenji_trigger': '展示確認: 1号艇伸び良→そのまま採用。悪→飛び組に差し替え。circle_pct上位2艇に絞り込むこと。'}",,,29.8,逃げ狙い,19.71,31.7,2,,,,,,,,,,,
2025-04-01,丸亀,12,6,石田政吾,A2,44.83,6,△,1.0585,3,56,22.9,0.202,4.4672,,,0,低,126,0,-,32,0,25.9,0.5369,,,,,,0.0615,0.2123,0.1662,,,B,,,0.234,0.6375,,0.4156,A,77,0,◎-○軸 3着3〜4艇流し（10〜15点）,0.5777,"{'is_target': True, 'verdict': '点数絞り', 'max_combo_prob': 0.0888, 'est_top_odds': 15.0, 'circle_concentration': 74.8, 'eligible_count': 8, 'bet_adj': 0, 'reason': 'rel_win1=57.6%（本命度） / 最有力組み合わせ確率: 0.089（推定実オッズ?15倍） / 2着集中度: 上位2艇 74.8%（補正+0.04） / 総合判定確率: 0.129 / → ヒモはやや固め。上位2艇以外を切ること', 'tenji_trigger': '展示確認: 1号艇伸び良→そのまま採用。悪→飛び組に差し替え。circle_pct上位2艇に絞り込むこと。'}",,,29.8,逃げ狙い,19.71,31.7,2,,,,,,,,,,,
2025-04-02,丸亀,1,1,大西隆洋,B1,31.90,1,◎,57.287,,0,65.8,0.1397,2.8026,,,0,低,103,0,-,2346,0,82.3,0.9918,0.1538,,,,,0.3077,0.0769,0.3077,○,,C,△,,,0.6055,,0.4308,B,59,0,◎○△フォーメーション（15〜20点）,0.5777,"{'is_target': True, 'verdict': '点数絞り', 'max_combo_prob': 0.0988, 'est_top_odds': 13.5, 'circle_concentration': 82.6, 'eligible_count': 9, 'bet_adj': 0, 'reason': 'rel_win1=57.3%（本命度） / 最有力組み合わせ確率: 0.099（推定実オッズ?14倍） / 2着集中度: 上位2艇 82.6%（補正+0.04） / 総合判定確率: 0.139 / → ヒモはやや固め。上位2艇以外を切ること', 'tenji_trigger': '展示確認: 1号艇伸び良→そのまま採用。悪→飛び組に差し替え。circle_pct上位2艇に絞り込むこと。\n展示で1号艇スタート超安定(0.140秒)→ヒモ固まり方向に注意'}",,,27.9,両建て推奨,8.15,36.3,3,,,,,0,0,0.6155,0,,逃げ軸流し,A
2025-04-02,丸亀,1,2,平岡重典,B1,24.11,2,,9.8702,40,100,57.6,0.1914,4.5763,,,0,低,154,0,差0%,4 24,0,50.3,0.9359,0,0.0417,0,0,0,0.1881,0.2643,0.0762,,,E,△,,0.104,0.6,,0.4308,B,59,0,◎○△フォーメーション（15〜20点）,0.5777,"{'is_target': True, 'verdict': '点数絞り', 'max_combo_prob': 0.0988, 'est_top_odds': 13.5, 'circle_concentration': 82.6, 'eligible_count': 9, 'bet_adj': 0, 'reason': 'rel_win1=57.3%（本命度） / 最有力組み合わせ確率: 0.099（推定実オッズ?14倍） / 2着集中度: 上位2艇 82.6%（補正+0.04） / 総合判定確率: 0.139 / → ヒモはやや固め。上位2艇以外を切ること', 'tenji_trigger': '展示確認: 1号艇伸び良→そのまま採用。悪→飛び組に差し替え。circle_pct上位2艇に絞り込むこと。\n展示で1号艇スタート超安定(0.140秒)→ヒモ固まり方向に注意'}",,,27.9,両建て推奨,8.15,36.3,3,,,,,,,,,,,
2025-04-02,丸亀,1,3,庄司樹良,B1,31.75,3,▲,13.709,42.6,92,65.2,0.1367,2.5978,,,0,低,89,0,差ま0%,3 62,0,70.7,1.2594,0,0,0,0.15,0,0.0414,0.219,0.0138,,◎,C,◎,,0.3572,0.6125,,0.4308,B,59,0,◎○△フォーメーション（15〜20点）,0.5777,"{'is_target': True, 'verdict': '点数絞り', 'max_combo_prob': 0.0988, 'est_top_odds': 13.5, 'circle_concentration': 82.6, 'eligible_count': 9, 'bet_adj': 0, 'reason': 'rel_win1=57.3%（本命度） / 最有力組み合わせ確率: 0.099（推定実オッズ?14倍） / 2着集中度: 上位2艇 82.6%（補正+0.04） / 総合判定確率: 0.139 / → ヒモはやや固め。上位2艇以外を切ること', 'tenji_trigger': '展示確認: 1号艇伸び良→そのまま採用。悪→飛び組に差し替え。circle_pct上位2艇に絞り込むこと。\n展示で1号艇スタート超安定(0.140秒)→ヒモ固まり方向に注意'}",,,27.9,両建て推奨,8.15,36.3,3,,,,,,,,,,,
2025-04-02,丸亀,1,4,岡　暢祐,B1,36.13,4,○,9.6506,12.6,68,30.4,0.1682,3.8571,,,0,低,120,0,ま0%,365,0,51.7,0.8132,0,0,0.0476,0,0,0.1667,0.0833,0.1667,,,B,,,0.1855,0.5595,,0.4308,B,59,0,◎○△フォーメーション（15〜20点）,0.5777,"{'is_target': True, 'verdict': '点数絞り', 'max_combo_prob': 0.0988, 'est_top_odds': 13.5, 'circle_concentration': 82.6, 'eligible_count': 9, 'bet_adj': 0, 'reason': 'rel_win1=57.3%（本命度） / 最有力組み合わせ確率: 0.099（推定実オッズ?14倍） / 2着集中度: 上位2艇 82.6%（補正+0.04） / 総合判定確率: 0.139 / → ヒモはやや固め。上位2艇以外を切ること', 'tenji_trigger': '展示確認: 1号艇伸び良→そのまま採用。悪→飛び組に差し替え。circle_pct上位2艇に絞り込むこと。\n展示で1号艇スタート超安定(0.140秒)→ヒモ固まり方向に注意'}",,,27.9,両建て推奨,8.15,36.3,3,,,,,,,,,,,
2025-04-02,丸亀,1,5,坂井康嗣,B1,42.37,5,△,8.1031,4.3,65,21.8,0.2065,4.3091,,,0,低,168,0,-,6 44,0,39.5,0.7321,0,0,0,0.04,0,0.28,0.32,0.32,,,A,○,,0.1196,0.607,,0.4308,B,59,0,◎○△フォーメーション（15〜20点）,0.5777,"{'is_target': True, 'verdict': '点数絞り', 'max_combo_prob': 0.0988, 'est_top_odds': 13.5, 'circle_concentration': 82.6, 'eligible_count': 9, 'bet_adj': 0, 'reason': 'rel_win1=57.3%（本命度） / 最有力組み合わせ確率: 0.099（推定実オッズ?14倍） / 2着集中度: 上位2艇 82.6%（補正+0.04） / 総合判定確率: 0.139 / → ヒモはやや固め。上位2艇以外を切ること', 'tenji_trigger': '展示確認: 1号艇伸び良→そのまま採用。悪→飛び組に差し替え。circle_pct上位2艇に絞り込むこと。\n展示で1号艇スタート超安定(0.140秒)→ヒモ固まり方向に注意'}",,,27.9,両建て推奨,8.15,36.3,3,,,,,,,,,,,
2025-04-02,丸亀,1,6,野田亜湖,B2,24.55,6,,1.3802,0.5,14,0,0.2688,5.3898,,,0,低,57,0,-,666,0,25.1,0.5661,,,,,,,,,,,D,,,0.1503,0.4055,,0.4308,B,59,0,◎○△フォーメーション（15〜20点）,0.5777,"{'is_target': True, 'verdict': '点数絞り', 'max_combo_prob': 0.0988, 'est_top_odds': 13.5, 'circle_concentration': 82.6, 'eligible_count': 9, 'bet_adj': 0, 'reason': 'rel_win1=57.3%（本命度） / 最有力組み合わせ確率: 0.099（推定実オッズ?14倍） / 2着集中度: 上位2艇 82.6%（補正+0.04） / 総合判定確率: 0.139 / → ヒモはやや固め。上位2艇以外を切ること', 'tenji_trigger': '展示確認: 1号艇伸び良→そのまま採用。悪→飛び組に差し替え。circle_pct上位2艇に絞り込むこと。\n展示で1号艇スタート超安定(0.140秒)→ヒモ固まり方向に注意'}",,,27.9,両建て推奨,8.15,36.3,3,,,,,,,,,,,
2025-04-02,丸亀,2,1,渡邉俊介,B1,29.32,1,◎,48.7712,,0,90.9,0.1385,2.6364,,,0,低,57,0,-,442,0,74.8,0.9543,0.4516,,,,,0.1187,0.1316,0.1432,◎,,D,◎,,,0.697,,0.5103,S,88,0,◎1着固定 2-3着流し（5〜8点）,0.5777,"{'is_target': True, 'verdict': '点数絞り', 'max_combo_prob': 0.0872, 'est_top_odds': 15.3, 'circle_concentration': 71.4, 'eligible_count': 6, 'bet_adj': 0, 'reason': 'rel_win1=48.8%（本命度） / 最有力組み合わせ確率: 0.087（推定実オッズ?15倍） / 2着集中度: 上位2艇 71.4%（補正+0.04） / 総合判定確率: 0.127 / → ヒモはやや固め。上位2艇以外を切ること', 'tenji_trigger': '展示確認: 1号艇伸び良→そのまま採用。悪→飛び組に差し替え。circle_pct上位2艇に絞り込むこと。\n展示で1号艇スタート超安定(0.139秒)→ヒモ固まり方向に注意'}",,,28.7,逃げ狙い,18.34,29.7,2,,,,,0,0,0.7559,0,,逃げ軸流し,A
2025-04-02,丸亀,2,2,中村桃佳,B2,26.23,2,△,19.2625,43.1,59,72.7,0.1514,2.7273,,,0,低,41,0,差1%,2155,0,85.5,1.4545,0,0.2353,0.0588,0,0.0588,0.0471,0.0706,0.2706,,,D,,,0.2401,0.6205,,0.5103,S,88,0,◎1着固定 2-3着流し（5〜8点）,0.5777,"{'is_target': True, 'verdict': '点数絞り', 'max_combo_prob': 0.0872, 'est_top_odds': 15.3, 'circle_concentration': 71.4, 'eligible_count': 6, 'bet_adj': 0, 'reason': 'rel_win1=48.8%（本命度） / 最有力組み合わせ確率: 0.087（推定実オッズ?15倍） / 2着集中度: 上位2艇 71.4%（補正+0.04） / 総合判定確率: 0.127 / → ヒモはやや固め。上位2艇以外を切ること', 'tenji_trigger': '展示確認: 1号艇伸び良→そのまま採用。悪→飛び組に差し替え。circle_pct上位2艇に絞り込むこと。\n展示で1号艇スタート超安定(0.139秒)→ヒモ固まり方向に注意'}",,,28.7,逃げ狙い,18.34,29.7,2,,,,,,,,,,,
2025-04-02,丸亀,2,3,江本真治,A2,35.04,3,○,16.8223,28.3,100,70,0.1423,3,,,0,低,105,0,-,156,0,38.4,0.7675,0,0,0,0.1818,0.0303,0.1156,0.1156,0.1644,,,C,△,,0.3187,0.6785,,0.5103,S,88,0,◎1着固定 2-3着流し（5〜8点）,0.5777,"{'is_target': True, 'verdict': '点数絞り', 'max_combo_prob': 0.0872, 'est_top_odds': 15.3, 'circle_concentration': 71.4, 'eligible_count': 6, 'bet_adj': 0, 'reason': 'rel_win1=48.8%（本命度） / 最有力組み合わせ確率: 0.087（推定実オッズ?15倍） / 2着集中度: 上位2艇 71.4%（補正+0.04） / 総合判定確率: 0.127 / → ヒモはやや固め。上位2艇以外を切ること', 'tenji_trigger': '展示確認: 1号艇伸び良→そのまま採用。悪→飛び組に差し替え。circle_pct上位2艇に絞り込むこと。\n展示で1号艇スタート超安定(0.139秒)→ヒモ固まり方向に注意'}",,,28.7,逃げ狙い,18.34,29.7,2,,,,,,,,,,,
2025-04-02,丸亀,2,4,樫葉新心,B1,37.50,4,,5.3046,7.5,32,5.7,0.2271,4.6714,,,0,低,136,0,-,4 65,0,13.1,0.5672,,,,,,0.1864,0.3318,0.2591,,,B,,,0.1532,0.5565,,0.5103,S,88,0,◎1着固定 2-3着流し（5〜8点）,0.5777,"{'is_target': True, 'verdict': '点数絞り', 'max_combo_prob': 0.0872, 'est_top_odds': 15.3, 'circle_concentration': 71.4, 'eligible_count': 6, 'bet_adj': 0, 'reason': 'rel_win1=48.8%（本命度） / 最有力組み合わせ確率: 0.087（推定実オッズ?15倍） / 2着集中度: 上位2艇 71.4%（補正+0.04） / 総合判定確率: 0.127 / → ヒモはやや固め。上位2艇以外を切ること', 'tenji_trigger': '展示確認: 1号艇伸び良→そのまま採用。悪→飛び組に差し替え。circle_pct上位2艇に絞り込むこと。\n展示で1号艇スタート超安定(0.139秒)→ヒモ固まり方向に注意'}",,,28.7,逃げ狙い,18.34,29.7,2,,,,,,,,,,,
2025-04-02,丸亀,2,5,桐本康臣,A1,24.00,5,,7.4211,15.6,66,44.8,0.1524,3.3433,,,0,低,119,0,ま0% 差ま0%,2614,0,80.3,1.3574,0,0,0.0323,0.0968,0,0.109,0.3681,0.0426,,,E,△,◎,0.2707,0.646,0.4221,0.5103,S,88,0,◎1着固定 2-3着流し（5〜8点）,0.5777,"{'is_target': True, 'verdict': '点数絞り', 'max_combo_prob': 0.0872, 'est_top_odds': 15.3, 'circle_concentration': 71.4, 'eligible_count': 6, 'bet_adj': 0, 'reason': 'rel_win1=48.8%（本命度） / 最有力組み合わせ確率: 0.087（推定実オッズ?15倍） / 2着集中度: 上位2艇 71.4%（補正+0.04） / 総合判定確率: 0.127 / → ヒモはやや固め。上位2艇以外を切ること', 'tenji_trigger': '展示確認: 1号艇伸び良→そのまま採用。悪→飛び組に差し替え。circle_pct上位2艇に絞り込むこと。\n展示で1号艇スタート超安定(0.139秒)→ヒモ固まり方向に注意'}",,,28.7,逃げ狙い,18.34,29.7,2,,,,,,,,,,,
2025-04-02,丸亀,2,6,横田貴満,A2,40.80,6,▲,2.4183,5.5,43,38.2,0.1582,3.8091,,,0,低,87,0,-,3111,0,37.6,0.6992,0,0,0.0455,0,0,0.1446,0.0435,0.1011,,,B,○,,0.2435,0.6885,,0.5103,S,88,0,◎1着固定 2-3着流し（5〜8点）,0.5777,"{'is_target': True, 'verdict': '点数絞り', 'max_combo_prob': 0.0872, 'est_top_odds': 15.3, 'circle_concentration': 71.4, 'eligible_count': 6, 'bet_adj': 0, 'reason': 'rel_win1=48.8%（本命度） / 最有力組み合わせ確率: 0.087（推定実オッズ?15倍） / 2着集中度: 上位2艇 71.4%（補正+0.04） / 総合判定確率: 0.127 / → ヒモはやや固め。上位2艇以外を切ること', 'tenji_trigger': '展示確認: 1号艇伸び良→そのまま採用。悪→飛び組に差し替え。circle_pct上位2艇に絞り込むこと。\n展示で1号艇スタート超安定(0.139秒)→ヒモ固まり方向に注意'}",,,28.7,逃げ狙い,18.34,29.7,2,,,,,,,,,,,
2025-04-02,丸亀,3,1,蒲原健太,A2,32.26,1,◎,50.9548,,0,77,0.1892,3.6885,,,0,低,193,0,-,223,0,82.3,1.05,0.5588,,,,,0.0953,0.3224,0.2271,△,,C,,,,0.54,,0.3199,A,66,0,◎-○軸 3着3〜4艇流し（10〜15点）,0.5777,"{'is_target': True, 'verdict': '点数絞り', 'max_combo_prob': 0.1198, 'est_top_odds': 11.1, 'circle_concentration': 76.9, 'eligible_count': 8, 'bet_adj': 0, 'reason': 'rel_win1=51.0%（本命度） / 最有力組み合わせ確率: 0.120（推定実オッズ?11倍） / 2着集中度: 上位2艇 76.9%（補正+0.04） / 総合判定確率: 0.160 / → ヒモはやや固め。上位2艇以外を切ること', 'tenji_trigger': '展示確認: 1号艇伸び良→そのまま採用。悪→飛び組に差し替え。circle_pct上位2艇に絞り込むこと。\n展示で1号艇スタート遅め(0.189秒)確認→ヒモが荒れやすい'}",,,36.8,逃げ狙い,19.18,38,2,2-1-3|1-2-4|2-1-4|1-2-3|1-3-2|1-3-4,6-1-4|6-1-3|5-1-6|6-4-1|5-1-3|5-6-1|2-1-3|1-2-4|2-1-4|1-2-3|1-3-2|1-3-4,2-1-3:2.37%|1-2-4:9.36%|2-1-4:9.31%|1-2-3:7.61%|1-3-2:5.07%|1-3-4:5.05%,2-1-3:B_main|1-2-4:A|2-1-4:B_sc|1-2-3:A|1-3-2:A|1-3-4:A,6,12,0.4535,1,[!]見送り推奨（主役決まり手「差し」― 逃げ劣勢レースで的中実績なし）,荒れ広め,D
2025-04-02,丸亀,3,2,前田篤哉,A1,29.03,2,△,21.1071,55.7,68,69.8,0.1679,3.6163,,,0,低,107,0,差0% ま0% 抜0%,5332,0,68.4,1.2159,0,0.1765,0.0588,0,0.0588,0.0133,0.2667,0.0133,,◎,D,◎,,0.5649,0.646,,0.3199,A,66,0,◎-○軸 3着3〜4艇流し（10〜15点）,0.5777,"{'is_target': True, 'verdict': '点数絞り', 'max_combo_prob': 0.1198, 'est_top_odds': 11.1, 'circle_concentration': 76.9, 'eligible_count': 8, 'bet_adj': 0, 'reason': 'rel_win1=51.0%（本命度） / 最有力組み合わせ確率: 0.120（推定実オッズ?11倍） / 2着集中度: 上位2艇 76.9%（補正+0.04） / 総合判定確率: 0.160 / → ヒモはやや固め。上位2艇以外を切ること', 'tenji_trigger': '展示確認: 1号艇伸び良→そのまま採用。悪→飛び組に差し替え。circle_pct上位2艇に絞り込むこと。\n展示で1号艇スタート遅め(0.189秒)確認→ヒモが荒れやすい'}",,,36.8,逃げ狙い,19.18,38,2,,,,,,,,,,,
2025-04-02,丸亀,3,3,荒牧凪沙,B1,35.11,3,▲,14.199,21.2,80,54.7,0.174,3.6604,,,0,低,117,0,-,146,0,28.7,0.8048,0,0.04,0.12,0,0,0.0571,0.2857,0.2571,,,B,△,,0.409,0.5875,,0.3199,A,66,0,◎-○軸 3着3〜4艇流し（10〜15点）,0.5777,"{'is_target': True, 'verdict': '点数絞り', 'max_combo_prob': 0.1198, 'est_top_odds': 11.1, 'circle_concentration': 76.9, 'eligible_count': 8, 'bet_adj': 0, 'reason': 'rel_win1=51.0%（本命度） / 最有力組み合わせ確率: 0.120（推定実オッズ?11倍） / 2着集中度: 上位2艇 76.9%（補正+0.04） / 総合判定確率: 0.160 / → ヒモはやや固め。上位2艇以外を切ること', 'tenji_trigger': '展示確認: 1号艇伸び良→そのまま採用。悪→飛び組に差し替え。circle_pct上位2艇に絞り込むこと。\n展示で1号艇スタート遅め(0.189秒)確認→ヒモが荒れやすい'}",,,36.8,逃げ狙い,19.18,38,2,,,,,,,,,,,
2025-04-02,丸亀,3,4,石田政吾,A2,44.83,4,○,7.3789,18.4,100,58.8,0.1598,3.3529,,,0,低,126,0,-,3223,0,61.3,1.0747,,,,,,0.0615,0.2123,0.1662,,○,A,○,,0.4739,0.6375,,0.3199,A,66,0,◎-○軸 3着3〜4艇流し（10〜15点）,0.5777,"{'is_target': True, 'verdict': '点数絞り', 'max_combo_prob': 0.1198, 'est_top_odds': 11.1, 'circle_concentration': 76.9, 'eligible_count': 8, 'bet_adj': 0, 'reason': 'rel_win1=51.0%（本命度） / 最有力組み合わせ確率: 0.120（推定実オッズ?11倍） / 2着集中度: 上位2艇 76.9%（補正+0.04） / 総合判定確率: 0.160 / → ヒモはやや固め。上位2艇以外を切ること', 'tenji_trigger': '展示確認: 1号艇伸び良→そのまま採用。悪→飛び組に差し替え。circle_pct上位2艇に絞り込むこと。\n展示で1号艇スタート遅め(0.189秒)確認→ヒモが荒れやすい'}",,,36.8,逃げ狙い,19.18,38,2,,,,,,,,,,,
2025-04-02,丸亀,3,5,赤松咲香,B2,31.54,5,,5.2675,4.4,45,0,0.1844,4.0278,,,0,低,41,0,-,665,0,32.9,0.705,,,,,,,,,,,D,,,0.3736,0.535,,0.3199,A,66,0,◎-○軸 3着3〜4艇流し（10〜15点）,0.5777,"{'is_target': True, 'verdict': '点数絞り', 'max_combo_prob': 0.1198, 'est_top_odds': 11.1, 'circle_concentration': 76.9, 'eligible_count': 8, 'bet_adj': 0, 'reason': 'rel_win1=51.0%（本命度） / 最有力組み合わせ確率: 0.120（推定実オッズ?11倍） / 2着集中度: 上位2艇 76.9%（補正+0.04） / 総合判定確率: 0.160 / → ヒモはやや固め。上位2艇以外を切ること', 'tenji_trigger': '展示確認: 1号艇伸び良→そのまま採用。悪→飛び組に差し替え。circle_pct上位2艇に絞り込むこと。\n展示で1号艇スタート遅め(0.189秒)確認→ヒモが荒れやすい'}",,,36.8,逃げ狙い,19.18,38,2,,,,,,,,,,,
2025-04-02,丸亀,3,6,吉川勇作,B1,30.51,6,,1.0926,0.3,12,7.4,0.1574,3.75,,,0,低,92,0,-,5 66,0,24.6,0.5819,,,,,,0.3162,0.0381,0.0571,,△,D,△,,0.4595,0.6335,,0.3199,A,66,0,◎-○軸 3着3〜4艇流し（10〜15点）,0.5777,"{'is_target': True, 'verdict': '点数絞り', 'max_combo_prob': 0.1198, 'est_top_odds': 11.1, 'circle_concentration': 76.9, 'eligible_count': 8, 'bet_adj': 0, 'reason': 'rel_win1=51.0%（本命度） / 最有力組み合わせ確率: 0.120（推定実オッズ?11倍） / 2着集中度: 上位2艇 76.9%（補正+0.04） / 総合判定確率: 0.160 / → ヒモはやや固め。上位2艇以外を切ること', 'tenji_trigger': '展示確認: 1号艇伸び良→そのまま採用。悪→飛び組に差し替え。circle_pct上位2艇に絞り込むこと。\n展示で1号艇スタート遅め(0.189秒)確認→ヒモが荒れやすい'}",,,36.8,逃げ狙い,19.18,38,2,,,,,,,,,,,
2025-04-02,丸亀,4,1,丹下　将,A2,48.21,1,◎,57.1709,,0,89.5,0.1487,3.1493,,,0,低,115,0,逃1%,2235,0,81.4,0.9696,0.5588,,,,,0.0588,0.2067,0.1445,◎,,A,◎,,,0.66,,0.5557,S,100,0,◎1着固定 2-3着流し（5〜8点）,0.5777,"{'is_target': True, 'verdict': '参加推奨', 'max_combo_prob': 0.0859, 'est_top_odds': 15.5, 'circle_concentration': 68.5, 'eligible_count': 6, 'bet_adj': 2, 'reason': 'rel_win1=57.2%（本命度） / 最有力組み合わせ確率: 0.086（推定実オッズ?16倍） / 2着集中度: 上位2艇 68.5%（補正+0.00） / 総合判定確率: 0.086 / → ヒモ分散。1号艇1着固定で広めのヒモ流し推奨（買い目+2点）', 'tenji_trigger': '展示確認: ヒモ分散レース。1号艇伸び確認後、広めのヒモ流しを採用。穴ヒモ（5・6号艇）を積極的に含める。'}",,,28,逃げ狙い,16.34,29.6,2,,,,,0,0,0.7559,0,,逃げ軸流し,A
2025-04-02,丸亀,4,2,作間　章,A1,27.93,2,▲,18.0104,50.6,100,76.7,0.176,3.6781,,,0,低,178,0,-,5513,0,35,0.7514,0,0.1786,0.0714,0,0,0.1962,0.0886,0.0095,,,D,△,,0.097,0.598,,0.5557,S,100,0,◎1着固定 2-3着流し（5〜8点）,0.5777,"{'is_target': True, 'verdict': '参加推奨', 'max_combo_prob': 0.0859, 'est_top_odds': 15.5, 'circle_concentration': 68.5, 'eligible_count': 6, 'bet_adj': 2, 'reason': 'rel_win1=57.2%（本命度） / 最有力組み合わせ確率: 0.086（推定実オッズ?16倍） / 2着集中度: 上位2艇 68.5%（補正+0.00） / 総合判定確率: 0.086 / → ヒモ分散。1号艇1着固定で広めのヒモ流し推奨（買い目+2点）', 'tenji_trigger': '展示確認: ヒモ分散レース。1号艇伸び確認後、広めのヒモ流しを採用。穴ヒモ（5・6号艇）を積極的に含める。'}",,,28,逃げ狙い,16.34,29.6,2,,,,,,,,,,,
2025-04-02,丸亀,4,3,占部一真,B1,41.13,3,○,11.4687,17.9,79,41.9,0.1524,3.1855,,,0,低,119,0,-,4 14,0,44.8,0.9329,0,0,0,0.0667,0,0.1333,0.2,0.2667,,,B,,,0.2912,0.595,,0.5557,S,100,0,◎1着固定 2-3着流し（5〜8点）,0.5777,"{'is_target': True, 'verdict': '参加推奨', 'max_combo_prob': 0.0859, 'est_top_odds': 15.5, 'circle_concentration': 68.5, 'eligible_count': 6, 'bet_adj': 2, 'reason': 'rel_win1=57.2%（本命度） / 最有力組み合わせ確率: 0.086（推定実オッズ?16倍） / 2着集中度: 上位2艇 68.5%（補正+0.00） / 総合判定確率: 0.086 / → ヒモ分散。1号艇1着固定で広めのヒモ流し推奨（買い目+2点）', 'tenji_trigger': '展示確認: ヒモ分散レース。1号艇伸び確認後、広めのヒモ流しを採用。穴ヒモ（5・6号艇）を積極的に含める。'}",,,28,逃げ狙い,16.34,29.6,2,,,,,,,,,,,
2025-04-02,丸亀,4,4,浦田信義,B1,32.26,4,△,3.8221,13.2,69,32.8,0.1772,3.7931,,,0,低,148,0,-,155,0,33.3,0.7002,,,,,,0.1857,0.2214,0.1524,,,D,,,0.2328,0.529,,0.5557,S,100,0,◎1着固定 2-3着流し（5〜8点）,0.5777,"{'is_target': True, 'verdict': '参加推奨', 'max_combo_prob': 0.0859, 'est_top_odds': 15.5, 'circle_concentration': 68.5, 'eligible_count': 6, 'bet_adj': 2, 'reason': 'rel_win1=57.2%（本命度） / 最有力組み合わせ確率: 0.086（推定実オッズ?16倍） / 2着集中度: 上位2艇 68.5%（補正+0.00） / 総合判定確率: 0.086 / → ヒモ分散。1号艇1着固定で広めのヒモ流し推奨（買い目+2点）', 'tenji_trigger': '展示確認: ヒモ分散レース。1号艇伸び確認後、広めのヒモ流しを採用。穴ヒモ（5・6号艇）を積極的に含める。'}",,,28,逃げ狙い,16.34,29.6,2,,,,,,,,,,,
2025-04-02,丸亀,4,5,谷村一哉,A2,27.07,5,,8.516,15.3,72,55.8,0.1837,3.8953,,,0,低,78,0,-,1 13,0,30.3,0.6805,0,0,0,0.0667,0,0.0542,0.0708,0.1083,,,E,○,,0.2063,0.642,,0.5557,S,100,0,◎1着固定 2-3着流し（5〜8点）,0.5777,"{'is_target': True, 'verdict': '参加推奨', 'max_combo_prob': 0.0859, 'est_top_odds': 15.5, 'circle_concentration': 68.5, 'eligible_count': 6, 'bet_adj': 2, 'reason': 'rel_win1=57.2%（本命度） / 最有力組み合わせ確率: 0.086（推定実オッズ?16倍） / 2着集中度: 上位2艇 68.5%（補正+0.00） / 総合判定確率: 0.086 / → ヒモ分散。1号艇1着固定で広めのヒモ流し推奨（買い目+2点）', 'tenji_trigger': '展示確認: ヒモ分散レース。1号艇伸び確認後、広めのヒモ流しを採用。穴ヒモ（5・6号艇）を積極的に含める。'}",,,28,逃げ狙い,16.34,29.6,2,,,,,,,,,,,
2025-04-02,丸亀,4,6,山下流心,B1,33.33,6,,1.0119,3,46,13.5,0.2151,5.1216,,,0,低,117,0,-,5 35,0,20.3,0.6572,,,,,,0.1571,0.0714,0.2286,,,C,△,,0.1689,0.6225,,0.5557,S,100,0,◎1着固定 2-3着流し（5〜8点）,0.5777,"{'is_target': True, 'verdict': '参加推奨', 'max_combo_prob': 0.0859, 'est_top_odds': 15.5, 'circle_concentration': 68.5, 'eligible_count': 6, 'bet_adj': 2, 'reason': 'rel_win1=57.2%（本命度） / 最有力組み合わせ確率: 0.086（推定実オッズ?16倍） / 2着集中度: 上位2艇 68.5%（補正+0.00） / 総合判定確率: 0.086 / → ヒモ分散。1号艇1着固定で広めのヒモ流し推奨（買い目+2点）', 'tenji_trigger': '展示確認: ヒモ分散レース。1号艇伸び確認後、広めのヒモ流しを採用。穴ヒモ（5・6号艇）を積極的に含める。'}",,,28,逃げ狙い,16.34,29.6,2,,,,,,,,,,,
2025-04-02,丸亀,5,1,平尾崇典,A1,26.98,1,◎,62.1611,,0,92,0.1577,3.4667,,,0,低,104,0,逃1%,4234,0,65.4,1.0078,0.6667,,,,,0.0278,0.0833,0.1389,◎,,D,△,,,0.6045,,0.5664,S,100,0,◎1着固定 2-3着流し（5〜8点）,0.5777,"{'is_target': True, 'verdict': '参加推奨', 'max_combo_prob': 0.0777, 'est_top_odds': 17.2, 'circle_concentration': 71.6, 'eligible_count': 6, 'bet_adj': 2, 'reason': 'rel_win1=62.2%（本命度） / 最有力組み合わせ確率: 0.078（推定実オッズ?17倍） / 2着集中度: 上位2艇 71.6%（補正+0.04） / 総合判定確率: 0.118 / → ヒモ分散。1号艇1着固定で広めのヒモ流し推奨（買い目+2点）', 'tenji_trigger': '展示確認: ヒモ分散レース。1号艇伸び確認後、広めのヒモ流しを採用。穴ヒモ（5・6号艇）を積極的に含める。'}",,,26.4,逃げ狙い,14.04,27,3,,,,,0,0,0.7559,0,,逃げ軸流し,A
2025-04-02,丸亀,5,2,松本　怜,B1,19.82,2,,6.6896,45.6,74,45.8,0.1842,4.25,,,0,低,54,0,-,5 33,0,43.3,0.6817,,,,,,0,0.5,0.25,,,E,,,0.0817,0.572,,0.5664,S,100,0,◎1着固定 2-3着流し（5〜8点）,0.5777,"{'is_target': True, 'verdict': '参加推奨', 'max_combo_prob': 0.0777, 'est_top_odds': 17.2, 'circle_concentration': 71.6, 'eligible_count': 6, 'bet_adj': 2, 'reason': 'rel_win1=62.2%（本命度） / 最有力組み合わせ確率: 0.078（推定実オッズ?17倍） / 2着集中度: 上位2艇 71.6%（補正+0.04） / 総合判定確率: 0.118 / → ヒモ分散。1号艇1着固定で広めのヒモ流し推奨（買い目+2点）', 'tenji_trigger': '展示確認: ヒモ分散レース。1号艇伸び確認後、広めのヒモ流しを採用。穴ヒモ（5・6号艇）を積極的に含める。'}",,,26.4,逃げ狙い,14.04,27,3,,,,,,,,,,,
2025-04-02,丸亀,5,3,海老澤泰,B1,46.28,3,○,8.8619,11.7,84,31.6,0.1602,3.4123,,,0,低,128,0,-,3 54,0,19,0.5698,,,,,,0.2354,0.08,0.3531,,,A,△,,0.3067,0.6055,,0.5664,S,100,0,◎1着固定 2-3着流し（5〜8点）,0.5777,"{'is_target': True, 'verdict': '参加推奨', 'max_combo_prob': 0.0777, 'est_top_odds': 17.2, 'circle_concentration': 71.6, 'eligible_count': 6, 'bet_adj': 2, 'reason': 'rel_win1=62.2%（本命度） / 最有力組み合わせ確率: 0.078（推定実オッズ?17倍） / 2着集中度: 上位2艇 71.6%（補正+0.04） / 総合判定確率: 0.118 / → ヒモ分散。1号艇1着固定で広めのヒモ流し推奨（買い目+2点）', 'tenji_trigger': '展示確認: ヒモ分散レース。1号艇伸び確認後、広めのヒモ流しを採用。穴ヒモ（5・6号艇）を積極的に含める。'}",,,26.4,逃げ狙い,14.04,27,3,,,,,,,,,,,
2025-04-02,丸亀,5,4,樋江井舞,B2,42.19,4,▲,8.1428,11.7,91,44.1,0.1588,3.6324,,,0,低,76,0,-,S45,0,92.6,1.8394,0,0,0,0.0345,0,,,,,,B,,,0.2872,0.539,,0.5664,S,100,0,◎1着固定 2-3着流し（5〜8点）,0.5777,"{'is_target': True, 'verdict': '参加推奨', 'max_combo_prob': 0.0777, 'est_top_odds': 17.2, 'circle_concentration': 71.6, 'eligible_count': 6, 'bet_adj': 2, 'reason': 'rel_win1=62.2%（本命度） / 最有力組み合わせ確率: 0.078（推定実オッズ?17倍） / 2着集中度: 上位2艇 71.6%（補正+0.04） / 総合判定確率: 0.118 / → ヒモ分散。1号艇1着固定で広めのヒモ流し推奨（買い目+2点）', 'tenji_trigger': '展示確認: ヒモ分散レース。1号艇伸び確認後、広めのヒモ流しを採用。穴ヒモ（5・6号艇）を積極的に含める。'}",,,26.4,逃げ狙い,14.04,27,3,,,,,,,,,,,
2025-04-02,丸亀,5,5,山本隆幸,A2,30.89,5,△,12.052,26,90,66.7,0.1815,3.5208,,,0,低,130,0,差ま0%,4 11,0,100,2.049,0,0,0,0.05,0,0,0.0645,0.2258,,,C,◎,◎,0.2231,0.631,0.2705,0.5664,S,100,0,◎1着固定 2-3着流し（5〜8点）,0.5777,"{'is_target': True, 'verdict': '参加推奨', 'max_combo_prob': 0.0777, 'est_top_odds': 17.2, 'circle_concentration': 71.6, 'eligible_count': 6, 'bet_adj': 2, 'reason': 'rel_win1=62.2%（本命度） / 最有力組み合わせ確率: 0.078（推定実オッズ?17倍） / 2着集中度: 上位2艇 71.6%（補正+0.04） / 総合判定確率: 0.118 / → ヒモ分散。1号艇1着固定で広めのヒモ流し推奨（買い目+2点）', 'tenji_trigger': '展示確認: ヒモ分散レース。1号艇伸び確認後、広めのヒモ流しを採用。穴ヒモ（5・6号艇）を積極的に含める。'}",,,26.4,逃げ狙い,14.04,27,3,,,,,,,,,,,
2025-04-02,丸亀,5,6,平田健之,A1,30.33,6,,2.0927,5,100,35.6,0.1815,3.8644,,,0,低,124,0,-,2124,0,28.5,0.9778,,,,,,0.1375,0.025,0.125,,,D,○,,0.2502,0.6155,,0.5664,S,100,0,◎1着固定 2-3着流し（5〜8点）,0.5777,"{'is_target': True, 'verdict': '参加推奨', 'max_combo_prob': 0.0777, 'est_top_odds': 17.2, 'circle_concentration': 71.6, 'eligible_count': 6, 'bet_adj': 2, 'reason': 'rel_win1=62.2%（本命度） / 最有力組み合わせ確率: 0.078（推定実オッズ?17倍） / 2着集中度: 上位2艇 71.6%（補正+0.04） / 総合判定確率: 0.118 / → ヒモ分散。1号艇1着固定で広めのヒモ流し推奨（買い目+2点）', 'tenji_trigger': '展示確認: ヒモ分散レース。1号艇伸び確認後、広めのヒモ流しを採用。穴ヒモ（5・6号艇）を積極的に含める。'}",,,26.4,逃げ狙い,14.04,27,3,,,,,,,,,,,
2025-04-02,丸亀,6,1,大野芳顕,A2,37.39,1,◎,55.3745,,0,92.5,0.1462,2.484,,,0,低,139,0,逃1%,4611,0,64.4,0.99,0.55,,,,,0.09,0.11,0.14,◎,,B,△,,,0.6345,,0.6133,S,83,0,◎1着固定 2-3着流し（5〜8点）,0.5777,"{'is_target': True, 'verdict': '参加推奨', 'max_combo_prob': 0.1034, 'est_top_odds': 12.9, 'circle_concentration': 68.6, 'eligible_count': 6, 'bet_adj': 2, 'reason': 'rel_win1=55.4%（本命度） / 最有力組み合わせ確率: 0.103（推定実オッズ?13倍） / 2着集中度: 上位2艇 68.6%（補正+0.00） / 総合判定確率: 0.103 / → ヒモ分散。1号艇1着固定で広めのヒモ流し推奨（買い目+2点）', 'tenji_trigger': '展示確認: ヒモ分散レース。1号艇伸び確認後、広めのヒモ流しを採用。穴ヒモ（5・6号艇）を積極的に含める。'}",,,29,逃げ狙い,20.95,28.3,3,,,,,0,0,0.7559,0,,逃げ軸流し,A
2025-04-02,丸亀,6,2,岡　暢祐,B1,36.13,2,▲,13.5196,27.9,62,47.5,0.1708,3.8125,,,0,低,120,0,ま0%,365,0,31.2,0.8176,0,0,0.0588,0,0,0.1667,0.0833,0.1667,,,B,,,0.0747,0.5595,,0.6133,S,83,0,◎1着固定 2-3着流し（5〜8点）,0.5777,"{'is_target': True, 'verdict': '参加推奨', 'max_combo_prob': 0.1034, 'est_top_odds': 12.9, 'circle_concentration': 68.6, 'eligible_count': 6, 'bet_adj': 2, 'reason': 'rel_win1=55.4%（本命度） / 最有力組み合わせ確率: 0.103（推定実オッズ?13倍） / 2着集中度: 上位2艇 68.6%（補正+0.00） / 総合判定確率: 0.103 / → ヒモ分散。1号艇1着固定で広めのヒモ流し推奨（買い目+2点）', 'tenji_trigger': '展示確認: ヒモ分散レース。1号艇伸び確認後、広めのヒモ流しを採用。穴ヒモ（5・6号艇）を積極的に含める。'}",,,29,逃げ狙い,20.95,28.3,3,,,,,,,,,,,
2025-04-02,丸亀,6,3,丸岡正典,A2,29.41,3,○,22.3484,40.7,65,78,0.1678,3.2195,,,0,低,100,0,-,3342,0,100,3.555,0,0,0.0476,0.1905,0,0.0118,0.3042,0.1681,,,C,◎,,0.2336,0.667,,0.6133,S,83,0,◎1着固定 2-3着流し（5〜8点）,0.5777,"{'is_target': True, 'verdict': '参加推奨', 'max_combo_prob': 0.1034, 'est_top_odds': 12.9, 'circle_concentration': 68.6, 'eligible_count': 6, 'bet_adj': 2, 'reason': 'rel_win1=55.4%（本命度） / 最有力組み合わせ確率: 0.103（推定実オッズ?13倍） / 2着集中度: 上位2艇 68.6%（補正+0.00） / 総合判定確率: 0.103 / → ヒモ分散。1号艇1着固定で広めのヒモ流し推奨（買い目+2点）', 'tenji_trigger': '展示確認: ヒモ分散レース。1号艇伸び確認後、広めのヒモ流しを採用。穴ヒモ（5・6号艇）を積極的に含める。'}",,,29,逃げ狙い,20.95,28.3,3,,,,,,,,,,,
2025-04-02,丸亀,6,4,木谷賢太,A1,25.40,4,,5.1852,23.1,100,66.7,0.1559,3.5926,,,0,低,107,0,-,1415,0,33,0.6879,0,0.0385,0,0.0385,0,0.0343,0.0114,0.1957,,,E,○,,0.258,0.663,,0.6133,S,83,0,◎1着固定 2-3着流し（5〜8点）,0.5777,"{'is_target': True, 'verdict': '参加推奨', 'max_combo_prob': 0.1034, 'est_top_odds': 12.9, 'circle_concentration': 68.6, 'eligible_count': 6, 'bet_adj': 2, 'reason': 'rel_win1=55.4%（本命度） / 最有力組み合わせ確率: 0.103（推定実オッズ?13倍） / 2着集中度: 上位2艇 68.6%（補正+0.00） / 総合判定確率: 0.103 / → ヒモ分散。1号艇1着固定で広めのヒモ流し推奨（買い目+2点）', 'tenji_trigger': '展示確認: ヒモ分散レース。1号艇伸び確認後、広めのヒモ流しを採用。穴ヒモ（5・6号艇）を積極的に含める。'}",,,29,逃げ狙い,20.95,28.3,3,,,,,,,,,,,
2025-04-02,丸亀,6,5,加藤雅之,B1,27.20,5,,2.5633,7.5,33,18.2,0.2106,4.7424,,,0,低,169,0,-,562,0,23.1,0.679,,,,,,0.3529,0.2353,0.1765,,,D,△,,0.1552,0.5715,,0.6133,S,83,0,◎1着固定 2-3着流し（5〜8点）,0.5777,"{'is_target': True, 'verdict': '参加推奨', 'max_combo_prob': 0.1034, 'est_top_odds': 12.9, 'circle_concentration': 68.6, 'eligible_count': 6, 'bet_adj': 2, 'reason': 'rel_win1=55.4%（本命度） / 最有力組み合わせ確率: 0.103（推定実オッズ?13倍） / 2着集中度: 上位2艇 68.6%（補正+0.00） / 総合判定確率: 0.103 / → ヒモ分散。1号艇1着固定で広めのヒモ流し推奨（買い目+2点）', 'tenji_trigger': '展示確認: ヒモ分散レース。1号艇伸び確認後、広めのヒモ流しを採用。穴ヒモ（5・6号艇）を積極的に含める。'}",,,29,逃げ狙い,20.95,28.3,3,,,,,,,,,,,
2025-04-02,丸亀,6,6,東口　晃,B1,31.25,6,△,1.0091,0.8,23,14.9,0.2017,4.5319,,,0,低,156,0,-,5 42,0,28.8,0.8356,,,,,,0.4333,0.2567,0.0533,,,C,,,0.1515,0.529,,0.6133,S,83,0,◎1着固定 2-3着流し（5〜8点）,0.5777,"{'is_target': True, 'verdict': '参加推奨', 'max_combo_prob': 0.1034, 'est_top_odds': 12.9, 'circle_concentration': 68.6, 'eligible_count': 6, 'bet_adj': 2, 'reason': 'rel_win1=55.4%（本命度） / 最有力組み合わせ確率: 0.103（推定実オッズ?13倍） / 2着集中度: 上位2艇 68.6%（補正+0.00） / 総合判定確率: 0.103 / → ヒモ分散。1号艇1着固定で広めのヒモ流し推奨（買い目+2点）', 'tenji_trigger': '展示確認: ヒモ分散レース。1号艇伸び確認後、広めのヒモ流しを採用。穴ヒモ（5・6号艇）を積極的に含める。'}",,,29,逃げ狙い,20.95,28.3,3,,,,,,,,,,,
2025-04-02,丸亀,7,1,庄司樹良,B1,31.75,1,◎,51.5751,,0,78.6,0.1705,3.4464,,,0,低,89,0,逃1%,3 62,0,68.3,1.0106,0.5517,,,,,0.0414,0.219,0.0138,○,,C,,,,0.6125,,0.4012,A,65,0,◎-○軸 3着3〜4艇流し（10〜15点）,0.5777,"{'is_target': True, 'verdict': '参加推奨', 'max_combo_prob': 0.0693, 'est_top_odds': 19.2, 'circle_concentration': 62.3, 'eligible_count': 8, 'bet_adj': 2, 'reason': 'rel_win1=51.6%（本命度） / 最有力組み合わせ確率: 0.069（推定実オッズ?19倍） / 2着集中度: 上位2艇 62.3%（補正+0.00） / 総合判定確率: 0.069 / → ヒモ分散。1号艇1着固定で広めのヒモ流し推奨（買い目+2点）', 'tenji_trigger': '展示確認: ヒモ分散レース。1号艇伸び確認後、広めのヒモ流しを採用。穴ヒモ（5・6号艇）を積極的に含める。'}",,,27.8,逃げ狙い,16.36,28.9,4,,,,,0,0,0.6155,0,,主役軸流し,B
2025-04-02,丸亀,7,2,池田紫乃,B1,26.98,2,,10.2263,40.5,91,50,0.2029,3.8958,,,0,低,61,0,差0%,3 36,0,71.6,0.8302,0,0.1,0,0,0,0.3333,0.1667,0,,,D,△,,0.0785,0.6185,,0.4012,A,65,0,◎-○軸 3着3〜4艇流し（10〜15点）,0.5777,"{'is_target': True, 'verdict': '参加推奨', 'max_combo_prob': 0.0693, 'est_top_odds': 19.2, 'circle_concentration': 62.3, 'eligible_count': 8, 'bet_adj': 2, 'reason': 'rel_win1=51.6%（本命度） / 最有力組み合わせ確率: 0.069（推定実オッズ?19倍） / 2着集中度: 上位2艇 62.3%（補正+0.00） / 総合判定確率: 0.069 / → ヒモ分散。1号艇1着固定で広めのヒモ流し推奨（買い目+2点）', 'tenji_trigger': '展示確認: ヒモ分散レース。1号艇伸び確認後、広めのヒモ流しを採用。穴ヒモ（5・6号艇）を積極的に含める。'}",,,27.8,逃げ狙い,16.36,28.9,4,,,,,,,,,,,
2025-04-02,丸亀,7,3,廣瀬篤哉,B1,25.98,3,△,8.7407,21.9,71,38.9,0.1624,3.6111,,,0,低,90,0,-,356,0,20,0.6117,0,0.0333,0,0.0667,0.0333,0.0444,0.0222,0.0444,,△,D,△,,0.352,0.6345,,0.4012,A,65,0,◎-○軸 3着3〜4艇流し（10〜15点）,0.5777,"{'is_target': True, 'verdict': '参加推奨', 'max_combo_prob': 0.0693, 'est_top_odds': 19.2, 'circle_concentration': 62.3, 'eligible_count': 8, 'bet_adj': 2, 'reason': 'rel_win1=51.6%（本命度） / 最有力組み合わせ確率: 0.069（推定実オッズ?19倍） / 2着集中度: 上位2艇 62.3%（補正+0.00） / 総合判定確率: 0.069 / → ヒモ分散。1号艇1着固定で広めのヒモ流し推奨（買い目+2点）', 'tenji_trigger': '展示確認: ヒモ分散レース。1号艇伸び確認後、広めのヒモ流しを採用。穴ヒモ（5・6号艇）を積極的に含める。'}",,,27.8,逃げ狙い,16.36,28.9,4,,,,,,,,,,,
2025-04-02,丸亀,7,4,荒牧凪沙,B1,35.11,4,▲,15.2896,13.6,100,53.2,0.1717,3.234,,,0,低,117,0,-,146,0,73.1,1.3945,0,0,0.3158,0,0,0.0571,0.2857,0.2571,,◎,B,,○,0.4019,0.5875,0.2091,0.4012,A,65,0,◎-○軸 3着3〜4艇流し（10〜15点）,0.5777,"{'is_target': True, 'verdict': '参加推奨', 'max_combo_prob': 0.0693, 'est_top_odds': 19.2, 'circle_concentration': 62.3, 'eligible_count': 8, 'bet_adj': 2, 'reason': 'rel_win1=51.6%（本命度） / 最有力組み合わせ確率: 0.069（推定実オッズ?19倍） / 2着集中度: 上位2艇 62.3%（補正+0.00） / 総合判定確率: 0.069 / → ヒモ分散。1号艇1着固定で広めのヒモ流し推奨（買い目+2点）', 'tenji_trigger': '展示確認: ヒモ分散レース。1号艇伸び確認後、広めのヒモ流しを採用。穴ヒモ（5・6号艇）を積極的に含める。'}",,,27.8,逃げ狙い,16.36,28.9,4,,,,,,,,,,,
2025-04-02,丸亀,7,5,廣瀬将亨,A2,24.37,5,,8.1496,17,54,45.6,0.1479,3.0614,,,0,低,86,0,ま0% 差ま0%,1562,0,29.4,1.3607,0,0,0.0333,0.0333,0,0.0293,0.198,0.0293,,,E,○,◎,0.3798,0.64,0.3295,0.4012,A,65,0,◎-○軸 3着3〜4艇流し（10〜15点）,0.5777,"{'is_target': True, 'verdict': '参加推奨', 'max_combo_prob': 0.0693, 'est_top_odds': 19.2, 'circle_concentration': 62.3, 'eligible_count': 8, 'bet_adj': 2, 'reason': 'rel_win1=51.6%（本命度） / 最有力組み合わせ確率: 0.069（推定実オッズ?19倍） / 2着集中度: 上位2艇 62.3%（補正+0.00） / 総合判定確率: 0.069 / → ヒモ分散。1号艇1着固定で広めのヒモ流し推奨（買い目+2点）', 'tenji_trigger': '展示確認: ヒモ分散レース。1号艇伸び確認後、広めのヒモ流しを採用。穴ヒモ（5・6号艇）を積極的に含める。'}",,,27.8,逃げ狙い,16.36,28.9,4,,,,,,,,,,,
2025-04-02,丸亀,7,6,近江翔吾,A1,45.97,6,○,6.0186,7.1,76,50,0.1671,3.5882,,,0,低,52,0,-,1121,0,92.8,1.8539,0,0,0.0526,0,0,0.0811,0.0541,0.027,,,A,◎,,0.3339,0.6415,,0.4012,A,65,0,◎-○軸 3着3〜4艇流し（10〜15点）,0.5777,"{'is_target': True, 'verdict': '参加推奨', 'max_combo_prob': 0.0693, 'est_top_odds': 19.2, 'circle_concentration': 62.3, 'eligible_count': 8, 'bet_adj': 2, 'reason': 'rel_win1=51.6%（本命度） / 最有力組み合わせ確率: 0.069（推定実オッズ?19倍） / 2着集中度: 上位2艇 62.3%（補正+0.00） / 総合判定確率: 0.069 / → ヒモ分散。1号艇1着固定で広めのヒモ流し推奨（買い目+2点）', 'tenji_trigger': '展示確認: ヒモ分散レース。1号艇伸び確認後、広めのヒモ流しを採用。穴ヒモ（5・6号艇）を積極的に含める。'}",,,27.8,逃げ狙い,16.36,28.9,4,,,,,,,,,,,
2025-04-02,丸亀,8,1,上田紗奈,A2,31.45,1,◎,68.9338,,0,89.1,0.143,2.6739,,,0,低,90,0,逃1%,422,0,90.2,1.1862,0.7143,,,,,0,0.1771,0.2971,◎,,C,○,,,0.6315,,0.6437,A,79,0,◎-○軸 3着3〜4艇流し（10〜15点）,0.5777,"{'is_target': True, 'verdict': '点数絞り', 'max_combo_prob': 0.1219, 'est_top_odds': 10.9, 'circle_concentration': 82.6, 'eligible_count': 8, 'bet_adj': 0, 'reason': 'rel_win1=68.9%（本命度） / 最有力組み合わせ確率: 0.122（推定実オッズ?11倍） / 2着集中度: 上位2艇 82.6%（補正+0.04） / 総合判定確率: 0.162 / → ヒモはやや固め。上位2艇以外を切ること', 'tenji_trigger': '展示確認: 1号艇伸び良→そのまま採用。悪→飛び組に差し替え。circle_pct上位2艇に絞り込むこと。'}",,,28.6,逃げ狙い,19.12,28.9,4,,,,,0,0,0.7559,0,,逃げ軸流し,A
2025-04-02,丸亀,8,2,江本真治,A2,35.04,2,○,11.2899,53.4,83,62.7,0.1455,3.0672,,,0,低,105,0,-,156,0,31.1,0.7412,0,0.0714,0,0,0,0.1156,0.1156,0.1644,,,B,◎,,0.2902,0.6785,,0.6437,A,79,0,◎-○軸 3着3〜4艇流し（10〜15点）,0.5777,"{'is_target': True, 'verdict': '点数絞り', 'max_combo_prob': 0.1219, 'est_top_odds': 10.9, 'circle_concentration': 82.6, 'eligible_count': 8, 'bet_adj': 0, 'reason': 'rel_win1=68.9%（本命度） / 最有力組み合わせ確率: 0.122（推定実オッズ?11倍） / 2着集中度: 上位2艇 82.6%（補正+0.04） / 総合判定確率: 0.162 / → ヒモはやや固め。上位2艇以外を切ること', 'tenji_trigger': '展示確認: 1号艇伸び良→そのまま採用。悪→飛び組に差し替え。circle_pct上位2艇に絞り込むこと。'}",,,28.6,逃げ狙い,19.12,28.9,4,,,,,,,,,,,
2025-04-02,丸亀,8,3,平岡重典,B1,24.11,3,,6.3916,10.6,86,37.7,0.1808,3.8868,,,0,低,154,0,-,4 24,0,32,0.9242,,,,,,0.1881,0.2643,0.0762,,,E,△,,0.1371,0.6,,0.6437,A,79,0,◎-○軸 3着3〜4艇流し（10〜15点）,0.5777,"{'is_target': True, 'verdict': '点数絞り', 'max_combo_prob': 0.1219, 'est_top_odds': 10.9, 'circle_concentration': 82.6, 'eligible_count': 8, 'bet_adj': 0, 'reason': 'rel_win1=68.9%（本命度） / 最有力組み合わせ確率: 0.122（推定実オッズ?11倍） / 2着集中度: 上位2艇 82.6%（補正+0.04） / 総合判定確率: 0.162 / → ヒモはやや固め。上位2艇以外を切ること', 'tenji_trigger': '展示確認: 1号艇伸び良→そのまま採用。悪→飛び組に差し替え。circle_pct上位2艇に絞り込むこと。'}",,,28.6,逃げ狙い,19.12,28.9,4,,,,,,,,,,,
2025-04-02,丸亀,8,4,内堀　学,A2,24.55,4,▲,10.7039,29.2,100,65.6,0.1638,3.2812,,,0,低,152,0,-,3 43,0,36.7,0.8253,0,0,0.16,0.04,0,0.0718,0.3015,0.041,,,D,△,◎,0.2379,0.603,0.4019,0.6437,A,79,0,◎-○軸 3着3〜4艇流し（10〜15点）,0.5777,"{'is_target': True, 'verdict': '点数絞り', 'max_combo_prob': 0.1219, 'est_top_odds': 10.9, 'circle_concentration': 82.6, 'eligible_count': 8, 'bet_adj': 0, 'reason': 'rel_win1=68.9%（本命度） / 最有力組み合わせ確率: 0.122（推定実オッズ?11倍） / 2着集中度: 上位2艇 82.6%（補正+0.04） / 総合判定確率: 0.162 / → ヒモはやや固め。上位2艇以外を切ること', 'tenji_trigger': '展示確認: 1号艇伸び良→そのまま採用。悪→飛び組に差し替え。circle_pct上位2艇に絞り込むこと。'}",,,28.6,逃げ狙い,19.12,28.9,4,,,,,,,,,,,
2025-04-02,丸亀,8,5,浦田信義,B1,32.26,5,△,1.7013,5.9,88,27.1,0.1969,4.0424,,,0,低,148,0,-,155,0,28.1,0.8055,,,,,,0.1857,0.2214,0.1524,,,B,,,0.1374,0.529,,0.6437,A,79,0,◎-○軸 3着3〜4艇流し（10〜15点）,0.5777,"{'is_target': True, 'verdict': '点数絞り', 'max_combo_prob': 0.1219, 'est_top_odds': 10.9, 'circle_concentration': 82.6, 'eligible_count': 8, 'bet_adj': 0, 'reason': 'rel_win1=68.9%（本命度） / 最有力組み合わせ確率: 0.122（推定実オッズ?11倍） / 2着集中度: 上位2艇 82.6%（補正+0.04） / 総合判定確率: 0.162 / → ヒモはやや固め。上位2艇以外を切ること', 'tenji_trigger': '展示確認: 1号艇伸び良→そのまま採用。悪→飛び組に差し替え。circle_pct上位2艇に絞り込むこと。'}",,,28.6,逃げ狙い,19.12,28.9,4,,,,,,,,,,,
2025-04-02,丸亀,8,6,赤松咲香,B2,31.54,6,,0.9795,0.9,28,1.6,0.1911,4.3607,,,0,低,41,0,-,665,0,22.2,0.6106,,,,,,,,,,,C,,,0.157,0.535,,0.6437,A,79,0,◎-○軸 3着3〜4艇流し（10〜15点）,0.5777,"{'is_target': True, 'verdict': '点数絞り', 'max_combo_prob': 0.1219, 'est_top_odds': 10.9, 'circle_concentration': 82.6, 'eligible_count': 8, 'bet_adj': 0, 'reason': 'rel_win1=68.9%（本命度） / 最有力組み合わせ確率: 0.122（推定実オッズ?11倍） / 2着集中度: 上位2艇 82.6%（補正+0.04） / 総合判定確率: 0.162 / → ヒモはやや固め。上位2艇以外を切ること', 'tenji_trigger': '展示確認: 1号艇伸び良→そのまま採用。悪→飛び組に差し替え。circle_pct上位2艇に絞り込むこと。'}",,,28.6,逃げ狙い,19.12,28.9,4,,,,,,,,,,,
2025-04-02,丸亀,9,1,横田貴満,A2,40.80,1,◎,57.5209,,0,93.3,0.1433,2.9,,,0,低,87,0,逃1%,3111,0,80.6,1.1853,0.6087,,,,,0.1446,0.0435,0.1011,◎,,B,◎,,,0.6885,,0.5556,S,80,0,◎1着固定 2-3着流し（5〜8点）,0.5777,"{'is_target': True, 'verdict': '参加推奨', 'max_combo_prob': 0.0517, 'est_top_odds': 25.8, 'circle_concentration': 62.8, 'eligible_count': 6, 'bet_adj': 2, 'reason': 'rel_win1=57.5%（本命度） / 最有力組み合わせ確率: 0.052（推定実オッズ?26倍） / 2着集中度: 上位2艇 62.8%（補正+0.00） / 総合判定確率: 0.052 / → ヒモ分散。1号艇1着固定で広めのヒモ流し推奨（買い目+2点）', 'tenji_trigger': '展示確認: ヒモ分散レース。1号艇伸び確認後、広めのヒモ流しを採用。穴ヒモ（5・6号艇）を積極的に含める。'}",,,30.2,逃げ狙い,25.52,28,6,,,,,0,0,0.7559,0,,逃げ軸流し,A
2025-04-02,丸亀,9,2,谷村一哉,A2,27.07,2,▲,10.2361,34.6,87,66.7,0.1515,3.4744,,,0,低,78,0,-,1 13,0,97.9,1.8774,0,0.1111,0,0,0.0556,0.0542,0.0708,0.1083,,,D,△,,0.2647,0.642,,0.5556,S,80,0,◎1着固定 2-3着流し（5〜8点）,0.5777,"{'is_target': True, 'verdict': '参加推奨', 'max_combo_prob': 0.0517, 'est_top_odds': 25.8, 'circle_concentration': 62.8, 'eligible_count': 6, 'bet_adj': 2, 'reason': 'rel_win1=57.5%（本命度） / 最有力組み合わせ確率: 0.052（推定実オッズ?26倍） / 2着集中度: 上位2艇 62.8%（補正+0.00） / 総合判定確率: 0.052 / → ヒモ分散。1号艇1着固定で広めのヒモ流し推奨（買い目+2点）', 'tenji_trigger': '展示確認: ヒモ分散レース。1号艇伸び確認後、広めのヒモ流しを採用。穴ヒモ（5・6号艇）を積極的に含める。'}",,,30.2,逃げ狙い,25.52,28,6,,,,,,,,,,,
2025-04-02,丸亀,9,3,丹下　将,A2,48.21,3,○,13.2714,28.1,97,67.7,0.1529,3.3077,,,0,低,115,0,-,2235,0,45.5,0.9087,0,0,0.1515,0.0303,0,0.0588,0.2067,0.1445,,,A,○,,0.2746,0.66,,0.5556,S,80,0,◎1着固定 2-3着流し（5〜8点）,0.5777,"{'is_target': True, 'verdict': '参加推奨', 'max_combo_prob': 0.0517, 'est_top_odds': 25.8, 'circle_concentration': 62.8, 'eligible_count': 6, 'bet_adj': 2, 'reason': 'rel_win1=57.5%（本命度） / 最有力組み合わせ確率: 0.052（推定実オッズ?26倍） / 2着集中度: 上位2艇 62.8%（補正+0.00） / 総合判定確率: 0.052 / → ヒモ分散。1号艇1着固定で広めのヒモ流し推奨（買い目+2点）', 'tenji_trigger': '展示確認: ヒモ分散レース。1号艇伸び確認後、広めのヒモ流しを採用。穴ヒモ（5・6号艇）を積極的に含める。'}",,,30.2,逃げ狙い,25.52,28,6,,,,,,,,,,,
2025-04-02,丸亀,9,4,蒲原健太,A2,32.26,4,,4.4919,16.2,94,49.1,0.2015,4.3545,,,0,低,193,0,-,223,0,25.4,0.8747,0,0,0,0.04,0,0.0953,0.3224,0.2271,,,C,,,0.112,0.54,,0.5556,S,80,0,◎1着固定 2-3着流し（5〜8点）,0.5777,"{'is_target': True, 'verdict': '参加推奨', 'max_combo_prob': 0.0517, 'est_top_odds': 25.8, 'circle_concentration': 62.8, 'eligible_count': 6, 'bet_adj': 2, 'reason': 'rel_win1=57.5%（本命度） / 最有力組み合わせ確率: 0.052（推定実オッズ?26倍） / 2着集中度: 上位2艇 62.8%（補正+0.00） / 総合判定確率: 0.052 / → ヒモ分散。1号艇1着固定で広めのヒモ流し推奨（買い目+2点）', 'tenji_trigger': '展示確認: ヒモ分散レース。1号艇伸び確認後、広めのヒモ流しを採用。穴ヒモ（5・6号艇）を積極的に含める。'}",,,30.2,逃げ狙い,25.52,28,6,,,,,,,,,,,
2025-04-02,丸亀,9,5,前田篤哉,A1,29.03,5,△,8.3447,13.3,94,64,0.1694,3.85,,,0,低,107,0,-,5332,0,30.6,1.0317,0,0,0,0,0.05,0.0133,0.2667,0.0133,,,D,△,○,0.2372,0.646,0.311,0.5556,S,80,0,◎1着固定 2-3着流し（5〜8点）,0.5777,"{'is_target': True, 'verdict': '参加推奨', 'max_combo_prob': 0.0517, 'est_top_odds': 25.8, 'circle_concentration': 62.8, 'eligible_count': 6, 'bet_adj': 2, 'reason': 'rel_win1=57.5%（本命度） / 最有力組み合わせ確率: 0.052（推定実オッズ?26倍） / 2着集中度: 上位2艇 62.8%（補正+0.00） / 総合判定確率: 0.052 / → ヒモ分散。1号艇1着固定で広めのヒモ流し推奨（買い目+2点）', 'tenji_trigger': '展示確認: ヒモ分散レース。1号艇伸び確認後、広めのヒモ流しを採用。穴ヒモ（5・6号艇）を積極的に含める。'}",,,30.2,逃げ狙い,25.52,28,6,,,,,,,,,,,
2025-04-02,丸亀,9,6,平尾崇典,A1,26.98,6,,6.135,7.7,100,80.7,0.1571,3.4355,,,0,低,104,0,ま1%,4234,0,45.8,1.1114,0,0,0.3333,0,0.0833,0.0278,0.0833,0.1389,,,E,,◎,0.3393,0.6045,0.4058,0.5556,S,80,0,◎1着固定 2-3着流し（5〜8点）,0.5777,"{'is_target': True, 'verdict': '参加推奨', 'max_combo_prob': 0.0517, 'est_top_odds': 25.8, 'circle_concentration': 62.8, 'eligible_count': 6, 'bet_adj': 2, 'reason': 'rel_win1=57.5%（本命度） / 最有力組み合わせ確率: 0.052（推定実オッズ?26倍） / 2着集中度: 上位2艇 62.8%（補正+0.00） / 総合判定確率: 0.052 / → ヒモ分散。1号艇1着固定で広めのヒモ流し推奨（買い目+2点）', 'tenji_trigger': '展示確認: ヒモ分散レース。1号艇伸び確認後、広めのヒモ流しを採用。穴ヒモ（5・6号艇）を積極的に含める。'}",,,30.2,逃げ狙い,25.52,28,6,,,,,,,,,,,
2025-04-02,丸亀,10,1,平田健之,A1,30.33,1,◎,55.6187,,0,90,0.1514,2.675,,,0,低,124,0,逃0% 抜0%,2124,0,82.7,1.2112,0.7188,,,,,0.1375,0.025,0.125,◎,,C,△,,,0.6155,,0.5886,A,74,0,◎-○軸 3着3〜4艇流し（10〜15点）,0.5777,"{'is_target': True, 'verdict': '参加推奨', 'max_combo_prob': 0.0731, 'est_top_odds': 18.2, 'circle_concentration': 68.5, 'eligible_count': 8, 'bet_adj': 2, 'reason': 'rel_win1=55.6%（本命度） / 最有力組み合わせ確率: 0.073（推定実オッズ?18倍） / 2着集中度: 上位2艇 68.5%（補正+0.00） / 総合判定確率: 0.073 / → ヒモ分散。1号艇1着固定で広めのヒモ流し推奨（買い目+2点）', 'tenji_trigger': '展示確認: ヒモ分散レース。1号艇伸び確認後、広めのヒモ流しを採用。穴ヒモ（5・6号艇）を積極的に含める。'}",,,31.1,逃げ狙い,27.38,28.8,2,,,,,0,0,0.7559,0,,逃げ軸流し,A
2025-04-02,丸亀,10,2,山本隆幸,A2,30.89,2,▲,10.3595,41.7,72,67.8,0.1731,3.7119,,,0,低,130,0,-,4 11,0,97.2,1.9045,0,0,0.0909,0,0.0455,0,0.0645,0.2258,,,B,○,,0.0955,0.631,,0.5886,A,74,0,◎-○軸 3着3〜4艇流し（10〜15点）,0.5777,"{'is_target': True, 'verdict': '参加推奨', 'max_combo_prob': 0.0731, 'est_top_odds': 18.2, 'circle_concentration': 68.5, 'eligible_count': 8, 'bet_adj': 2, 'reason': 'rel_win1=55.6%（本命度） / 最有力組み合わせ確率: 0.073（推定実オッズ?18倍） / 2着集中度: 上位2艇 68.5%（補正+0.00） / 総合判定確率: 0.073 / → ヒモ分散。1号艇1着固定で広めのヒモ流し推奨（買い目+2点）', 'tenji_trigger': '展示確認: ヒモ分散レース。1号艇伸び確認後、広めのヒモ流しを採用。穴ヒモ（5・6号艇）を積極的に含める。'}",,,31.1,逃げ狙い,27.38,28.8,2,,,,,,,,,,,
2025-04-02,丸亀,10,3,木谷賢太,A1,25.40,3,△,13.8557,26.9,92,76.9,0.1562,3.0673,,,0,低,107,0,ま0% 差ま0%,1415,0,28.4,0.9362,0,0,0.12,0.12,0,0.0343,0.0114,0.1957,,,D,◎,,0.2917,0.663,,0.5886,A,74,0,◎-○軸 3着3〜4艇流し（10〜15点）,0.5777,"{'is_target': True, 'verdict': '参加推奨', 'max_combo_prob': 0.0731, 'est_top_odds': 18.2, 'circle_concentration': 68.5, 'eligible_count': 8, 'bet_adj': 2, 'reason': 'rel_win1=55.6%（本命度） / 最有力組み合わせ確率: 0.073（推定実オッズ?18倍） / 2着集中度: 上位2艇 68.5%（補正+0.00） / 総合判定確率: 0.073 / → ヒモ分散。1号艇1着固定で広めのヒモ流し推奨（買い目+2点）', 'tenji_trigger': '展示確認: ヒモ分散レース。1号艇伸び確認後、広めのヒモ流しを採用。穴ヒモ（5・6号艇）を積極的に含める。'}",,,31.1,逃げ狙い,27.38,28.8,2,,,,,,,,,,,
2025-04-02,丸亀,10,4,中村桃佳,B2,26.23,4,,8.6534,16,94,61.5,0.1638,3.1731,,,0,低,41,0,-,2155,0,73.4,1.4536,0,0,0.1905,0,0,0.0471,0.0706,0.2706,,,D,△,,0.2823,0.6205,,0.5886,A,74,0,◎-○軸 3着3〜4艇流し（10〜15点）,0.5777,"{'is_target': True, 'verdict': '参加推奨', 'max_combo_prob': 0.0731, 'est_top_odds': 18.2, 'circle_concentration': 68.5, 'eligible_count': 8, 'bet_adj': 2, 'reason': 'rel_win1=55.6%（本命度） / 最有力組み合わせ確率: 0.073（推定実オッズ?18倍） / 2着集中度: 上位2艇 68.5%（補正+0.00） / 総合判定確率: 0.073 / → ヒモ分散。1号艇1着固定で広めのヒモ流し推奨（買い目+2点）', 'tenji_trigger': '展示確認: ヒモ分散レース。1号艇伸び確認後、広めのヒモ流しを採用。穴ヒモ（5・6号艇）を積極的に含める。'}",,,31.1,逃げ狙い,27.38,28.8,2,,,,,,,,,,,
2025-04-02,丸亀,10,5,作間　章,A1,27.93,5,,10.6099,14.5,100,60.3,0.1854,3.7721,,,0,低,178,0,差ま0% 抜0%,5513,0,91.4,1.8005,0,0,0,0.1071,0.0357,0.1962,0.0886,0.0095,,,D,,◎,0.186,0.598,0.2056,0.5886,A,74,0,◎-○軸 3着3〜4艇流し（10〜15点）,0.5777,"{'is_target': True, 'verdict': '参加推奨', 'max_combo_prob': 0.0731, 'est_top_odds': 18.2, 'circle_concentration': 68.5, 'eligible_count': 8, 'bet_adj': 2, 'reason': 'rel_win1=55.6%（本命度） / 最有力組み合わせ確率: 0.073（推定実オッズ?18倍） / 2着集中度: 上位2艇 68.5%（補正+0.00） / 総合判定確率: 0.073 / → ヒモ分散。1号艇1着固定で広めのヒモ流し推奨（買い目+2点）', 'tenji_trigger': '展示確認: ヒモ分散レース。1号艇伸び確認後、広めのヒモ流しを採用。穴ヒモ（5・6号艇）を積極的に含める。'}",,,31.1,逃げ狙い,27.38,28.8,2,,,,,,,,,,,
2025-04-02,丸亀,10,6,大西隆洋,B1,31.90,6,○,0.9029,1,31,15.2,0.1359,2.8696,,,0,低,103,0,-,2346,0,69.4,1.6267,,,,,,0.3077,0.0769,0.3077,,,B,,,0.361,0.6055,,0.5886,A,74,0,◎-○軸 3着3〜4艇流し（10〜15点）,0.5777,"{'is_target': True, 'verdict': '参加推奨', 'max_combo_prob': 0.0731, 'est_top_odds': 18.2, 'circle_concentration': 68.5, 'eligible_count': 8, 'bet_adj': 2, 'reason': 'rel_win1=55.6%（本命度） / 最有力組み合わせ確率: 0.073（推定実オッズ?18倍） / 2着集中度: 上位2艇 68.5%（補正+0.00） / 総合判定確率: 0.073 / → ヒモ分散。1号艇1着固定で広めのヒモ流し推奨（買い目+2点）', 'tenji_trigger': '展示確認: ヒモ分散レース。1号艇伸び確認後、広めのヒモ流しを採用。穴ヒモ（5・6号艇）を積極的に含める。'}",,,31.1,逃げ狙い,27.38,28.8,2,,,,,,,,,,,
2025-04-02,丸亀,11,1,近江翔吾,A1,45.97,1,◎,65.7954,,0,92.7,0.1291,2.3015,,,0,低,52,0,逃1%,1121,0,89.6,1.1724,0.7838,,,,,0.0811,0.0541,0.027,◎,,A,△,,,0.6415,,0.7332,S,94,0,◎1着固定 2-3着流し（5〜8点）,0.5777,"{'is_target': True, 'verdict': '点数絞り', 'max_combo_prob': 0.0878, 'est_top_odds': 15.2, 'circle_concentration': 73.4, 'eligible_count': 6, 'bet_adj': 0, 'reason': 'rel_win1=65.8%（本命度） / 最有力組み合わせ確率: 0.088（推定実オッズ?15倍） / 2着集中度: 上位2艇 73.4%（補正+0.04） / 総合判定確率: 0.128 / → ヒモはやや固め。上位2艇以外を切ること', 'tenji_trigger': '展示確認: 1号艇伸び良→そのまま採用。悪→飛び組に差し替え。circle_pct上位2艇に絞り込むこと。\n展示で1号艇スタート超安定(0.129秒)→ヒモ固まり方向に注意'}",,,26.5,逃げ狙い,16.99,24.8,2,,,,,0,0,0.7559,0,,逃げ軸流し,A
2025-04-02,丸亀,11,2,桐本康臣,A1,24.00,2,▲,13.2583,39.2,88,70,0.1469,3.4429,,,0,低,119,0,ま0%,2614,0,49.8,1.1278,0,0,0.0312,0,0,0.109,0.3681,0.0426,,,E,○,,0.1246,0.646,,0.7332,S,94,0,◎1着固定 2-3着流し（5〜8点）,0.5777,"{'is_target': True, 'verdict': '点数絞り', 'max_combo_prob': 0.0878, 'est_top_odds': 15.2, 'circle_concentration': 73.4, 'eligible_count': 6, 'bet_adj': 0, 'reason': 'rel_win1=65.8%（本命度） / 最有力組み合わせ確率: 0.088（推定実オッズ?15倍） / 2着集中度: 上位2艇 73.4%（補正+0.04） / 総合判定確率: 0.128 / → ヒモはやや固め。上位2艇以外を切ること', 'tenji_trigger': '展示確認: 1号艇伸び良→そのまま採用。悪→飛び組に差し替え。circle_pct上位2艇に絞り込むこと。\n展示で1号艇スタート超安定(0.129秒)→ヒモ固まり方向に注意'}",,,26.5,逃げ狙い,16.99,24.8,2,,,,,,,,,,,
2025-04-02,丸亀,11,3,石田政吾,A2,44.83,3,○,11.0485,34.1,82,74,0.1502,3.37,,,0,低,126,0,-,3223,0,67.1,0.9698,0,0,0.1429,0.0952,0,0.0615,0.2123,0.1662,,,B,△,,0.212,0.6375,,0.7332,S,94,0,◎1着固定 2-3着流し（5〜8点）,0.5777,"{'is_target': True, 'verdict': '点数絞り', 'max_combo_prob': 0.0878, 'est_top_odds': 15.2, 'circle_concentration': 73.4, 'eligible_count': 6, 'bet_adj': 0, 'reason': 'rel_win1=65.8%（本命度） / 最有力組み合わせ確率: 0.088（推定実オッズ?15倍） / 2着集中度: 上位2艇 73.4%（補正+0.04） / 総合判定確率: 0.128 / → ヒモはやや固め。上位2艇以外を切ること', 'tenji_trigger': '展示確認: 1号艇伸び良→そのまま採用。悪→飛び組に差し替え。circle_pct上位2艇に絞り込むこと。\n展示で1号艇スタート超安定(0.129秒)→ヒモ固まり方向に注意'}",,,26.5,逃げ狙い,16.99,24.8,2,,,,,,,,,,,
2025-04-02,丸亀,11,4,上田紗奈,A2,31.45,4,△,5.8029,10.1,61,42,0.164,2.99,,,0,低,90,0,差ま0%,422,0,28.7,0.8436,0,0,0,0.0952,0,0,0.1771,0.2971,,,D,,,0.1586,0.6315,,0.7332,S,94,0,◎1着固定 2-3着流し（5〜8点）,0.5777,"{'is_target': True, 'verdict': '点数絞り', 'max_combo_prob': 0.0878, 'est_top_odds': 15.2, 'circle_concentration': 73.4, 'eligible_count': 6, 'bet_adj': 0, 'reason': 'rel_win1=65.8%（本命度） / 最有力組み合わせ確率: 0.088（推定実オッズ?15倍） / 2着集中度: 上位2艇 73.4%（補正+0.04） / 総合判定確率: 0.128 / → ヒモはやや固め。上位2艇以外を切ること', 'tenji_trigger': '展示確認: 1号艇伸び良→そのまま採用。悪→飛び組に差し替え。circle_pct上位2艇に絞り込むこと。\n展示で1号艇スタート超安定(0.129秒)→ヒモ固まり方向に注意'}",,,26.5,逃げ狙い,16.99,24.8,2,,,,,,,,,,,
2025-04-02,丸亀,11,5,大野芳顕,A2,37.39,5,,3.2304,8.2,100,50.7,0.1754,3.5423,,,0,低,139,0,-,4611,0,82.3,1.5024,0,0,0,0.0667,0,0.09,0.11,0.14,,,C,,,0.1413,0.6345,,0.7332,S,94,0,◎1着固定 2-3着流し（5〜8点）,0.5777,"{'is_target': True, 'verdict': '点数絞り', 'max_combo_prob': 0.0878, 'est_top_odds': 15.2, 'circle_concentration': 73.4, 'eligible_count': 6, 'bet_adj': 0, 'reason': 'rel_win1=65.8%（本命度） / 最有力組み合わせ確率: 0.088（推定実オッズ?15倍） / 2着集中度: 上位2艇 73.4%（補正+0.04） / 総合判定確率: 0.128 / → ヒモはやや固め。上位2艇以外を切ること', 'tenji_trigger': '展示確認: 1号艇伸び良→そのまま採用。悪→飛び組に差し替え。circle_pct上位2艇に絞り込むこと。\n展示で1号艇スタート超安定(0.129秒)→ヒモ固まり方向に注意'}",,,26.5,逃げ狙い,16.99,24.8,2,,,,,,,,,,,
2025-04-02,丸亀,11,6,渡邉俊介,B1,29.32,6,,0.8646,8.3,51,34.6,0.1717,4.1538,,,0,低,57,0,-,442,0,30.5,1.4083,,,,,,0.1187,0.1316,0.1432,,,D,◎,,0.1774,0.697,,0.7332,S,94,0,◎1着固定 2-3着流し（5〜8点）,0.5777,"{'is_target': True, 'verdict': '点数絞り', 'max_combo_prob': 0.0878, 'est_top_odds': 15.2, 'circle_concentration': 73.4, 'eligible_count': 6, 'bet_adj': 0, 'reason': 'rel_win1=65.8%（本命度） / 最有力組み合わせ確率: 0.088（推定実オッズ?15倍） / 2着集中度: 上位2艇 73.4%（補正+0.04） / 総合判定確率: 0.128 / → ヒモはやや固め。上位2艇以外を切ること', 'tenji_trigger': '展示確認: 1号艇伸び良→そのまま採用。悪→飛び組に差し替え。circle_pct上位2艇に絞り込むこと。\n展示で1号艇スタート超安定(0.129秒)→ヒモ固まり方向に注意'}",,,26.5,逃げ狙い,16.99,24.8,2,,,,,,,,,,,
2025-04-02,丸亀,12,1,内堀　学,A2,24.55,1,◎,52.8871,,0,80.2,0.1725,3.9753,,,0,低,152,0,逃1%,3 43,0,82.1,1.02,0.4872,,,,,0.0718,0.3015,0.041,△,,D,,,,0.603,,0.2929,A,67,0,◎-○軸 3着3〜4艇流し（10〜15点）,0.5777,"{'is_target': True, 'verdict': '点数絞り', 'max_combo_prob': 0.0862, 'est_top_odds': 15.5, 'circle_concentration': 72.5, 'eligible_count': 8, 'bet_adj': 0, 'reason': 'rel_win1=52.9%（本命度） / 最有力組み合わせ確率: 0.086（推定実オッズ?16倍） / 2着集中度: 上位2艇 72.5%（補正+0.04） / 総合判定確率: 0.126 / → ヒモはやや固め。上位2艇以外を切ること', 'tenji_trigger': '展示確認: 1号艇伸び良→そのまま採用。悪→飛び組に差し替え。circle_pct上位2艇に絞り込むこと。'}",,,31.3,逃げ狙い,24.52,32,3,3-4-5|3-5-4|1-3-5|1-3-4|3-1-5|1-2-5|1-2-4,4-1-5|2-1-5|2-1-4|3-4-5|3-5-4|4-1-6|4-5-1|1-3-5|1-3-4|3-1-5|1-2-5|1-2-4,3-4-5:1.72%|3-5-4:1.7%|1-3-5:8.79%|1-3-4:8.45%|3-1-5:7.91%|1-2-5:5.97%|1-2-4:5.74%,3-4-5:B_main|3-5-4:B_main|1-3-5:A|1-3-4:A|3-1-5:B_sc|1-2-5:A|1-2-4:A,7,12,0.4535,1,[!]見送り推奨（主役決まり手「まくり」― 逃げ劣勢レースで的中実績なし）,荒れ広め,D
2025-04-02,丸亀,12,2,海老澤泰,B1,46.28,2,○,9.8417,21.9,100,49.1,0.1602,3.2358,,,0,低,128,0,ま0%,3 54,0,36.3,0.8176,0,0,0.0417,0,0,0.2354,0.08,0.3531,,△,A,,,0.4381,0.6055,,0.2929,A,67,0,◎-○軸 3着3〜4艇流し（10〜15点）,0.5777,"{'is_target': True, 'verdict': '点数絞り', 'max_combo_prob': 0.0862, 'est_top_odds': 15.5, 'circle_concentration': 72.5, 'eligible_count': 8, 'bet_adj': 0, 'reason': 'rel_win1=52.9%（本命度） / 最有力組み合わせ確率: 0.086（推定実オッズ?16倍） / 2着集中度: 上位2艇 72.5%（補正+0.04） / 総合判定確率: 0.126 / → ヒモはやや固め。上位2艇以外を切ること', 'tenji_trigger': '展示確認: 1号艇伸び良→そのまま採用。悪→飛び組に差し替え。circle_pct上位2艇に絞り込むこと。'}",,,31.3,逃げ狙い,24.52,32,3,,,,,,,,,,,
2025-04-02,丸亀,12,3,廣瀬将亨,A2,24.37,3,△,16.4759,50.5,77,76.1,0.1367,2.7015,,,0,低,86,0,-,1562,0,30.3,0.7856,0,0,0.1053,0.1053,0.0263,0.0293,0.198,0.0293,,◎,E,△,,0.5182,0.64,,0.2929,A,67,0,◎-○軸 3着3〜4艇流し（10〜15点）,0.5777,"{'is_target': True, 'verdict': '点数絞り', 'max_combo_prob': 0.0862, 'est_top_odds': 15.5, 'circle_concentration': 72.5, 'eligible_count': 8, 'bet_adj': 0, 'reason': 'rel_win1=52.9%（本命度） / 最有力組み合わせ確率: 0.086（推定実オッズ?16倍） / 2着集中度: 上位2艇 72.5%（補正+0.04） / 総合判定確率: 0.126 / → ヒモはやや固め。上位2艇以外を切ること', 'tenji_trigger': '展示確認: 1号艇伸び良→そのまま採用。悪→飛び組に差し替え。circle_pct上位2艇に絞り込むこと。'}",,,31.3,逃げ狙い,24.52,32,3,,,,,,,,,,,
2025-04-02,丸亀,12,4,廣瀬篤哉,B1,25.98,4,▲,11.3365,10.2,51,34,0.1451,3.2021,,,0,低,90,0,差0% ま0% 差ま0%,356,0,50.3,0.9374,0,0.0385,0.0769,0.0385,0,0.0444,0.0222,0.0444,,○,D,△,◎,0.4459,0.6345,0.3693,0.2929,A,67,0,◎-○軸 3着3〜4艇流し（10〜15点）,0.5777,"{'is_target': True, 'verdict': '点数絞り', 'max_combo_prob': 0.0862, 'est_top_odds': 15.5, 'circle_concentration': 72.5, 'eligible_count': 8, 'bet_adj': 0, 'reason': 'rel_win1=52.9%（本命度） / 最有力組み合わせ確率: 0.086（推定実オッズ?16倍） / 2着集中度: 上位2艇 72.5%（補正+0.04） / 総合判定確率: 0.126 / → ヒモはやや固め。上位2艇以外を切ること', 'tenji_trigger': '展示確認: 1号艇伸び良→そのまま採用。悪→飛び組に差し替え。circle_pct上位2艇に絞り込むこと。'}",,,31.3,逃げ狙い,24.52,32,3,,,,,,,,,,,
2025-04-02,丸亀,12,5,丸岡正典,A2,29.41,5,,8.3798,16.4,87,57.5,0.173,3.45,,,0,低,100,0,-,3342,0,75,1.2264,0,0,0,0.0833,0,0.0118,0.3042,0.1681,,,C,◎,○,0.3365,0.667,0.2798,0.2929,A,67,0,◎-○軸 3着3〜4艇流し（10〜15点）,0.5777,"{'is_target': True, 'verdict': '点数絞り', 'max_combo_prob': 0.0862, 'est_top_odds': 15.5, 'circle_concentration': 72.5, 'eligible_count': 8, 'bet_adj': 0, 'reason': 'rel_win1=52.9%（本命度） / 最有力組み合わせ確率: 0.086（推定実オッズ?16倍） / 2着集中度: 上位2艇 72.5%（補正+0.04） / 総合判定確率: 0.126 / → ヒモはやや固め。上位2艇以外を切ること', 'tenji_trigger': '展示確認: 1号艇伸び良→そのまま採用。悪→飛び組に差し替え。circle_pct上位2艇に絞り込むこと。'}",,,31.3,逃げ狙い,24.52,32,3,,,,,,,,,,,
2025-04-02,丸亀,12,6,谷川祐一,A1,31.40,6,,1.079,0.9,72,17.2,0.1848,3.8966,,,0,低,96,0,-,2F56,0,24.6,0.5839,,,,,,0.0286,0.3257,0.0286,,,C,○,,0.3185,0.6465,,0.2929,A,67,0,◎-○軸 3着3〜4艇流し（10〜15点）,0.5777,"{'is_target': True, 'verdict': '点数絞り', 'max_combo_prob': 0.0862, 'est_top_odds': 15.5, 'circle_concentration': 72.5, 'eligible_count': 8, 'bet_adj': 0, 'reason': 'rel_win1=52.9%（本命度） / 最有力組み合わせ確率: 0.086（推定実オッズ?16倍） / 2着集中度: 上位2艇 72.5%（補正+0.04） / 総合判定確率: 0.126 / → ヒモはやや固め。上位2艇以外を切ること', 'tenji_trigger': '展示確認: 1号艇伸び良→そのまま採用。悪→飛び組に差し替え。circle_pct上位2艇に絞り込むこと。'}",,,31.3,逃げ狙い,24.52,32,3,,,,,,,,,,,
2025-04-03,丸亀,1,1,占部一真,B1,41.13,1,◎,61.2689,,0,74.3,0.1366,2.5714,,,0,低,119,0,逃0%,4 145,0,82.8,1.0038,0.4,,,,,0.1333,0.2,0.2667,◎,,A,△,,,0.595,,0.6171,A,66,0,◎-○軸 3着3〜4艇流し（10〜15点）,0.5777,"{'is_target': True, 'verdict': '点数絞り', 'max_combo_prob': 0.1563, 'est_top_odds': 8.5, 'circle_concentration': 85.8, 'eligible_count': 8, 'bet_adj': 0, 'reason': 'rel_win1=61.3%（本命度） / 最有力組み合わせ確率: 0.156（推定実オッズ?8倍） / 2着集中度: 上位2艇 85.8%（補正+0.04） / 総合判定確率: 0.196 / → ヒモはやや固め。上位2艇以外を切ること', 'tenji_trigger': '展示確認: 1号艇伸び良→そのまま採用。悪→飛び組に差し替え。circle_pct上位2艇に絞り込むこと。\n展示で1号艇スタート超安定(0.137秒)→ヒモ固まり方向に注意'}",,,29.2,逃げ狙い,14.95,34,3,,,,,0,0,0.7559,0,,逃げ軸流し,A
2025-04-03,丸亀,1,2,浦田信義,B1,32.26,2,○,7.9926,65.8,62,47.1,0.171,3.6786,,,0,低,148,0,-,155 45,0,40.8,0.7898,,,,,,0.1857,0.2214,0.1524,,,C,,,0.0775,0.529,,0.6171,A,66,0,◎-○軸 3着3〜4艇流し（10〜15点）,0.5777,"{'is_target': True, 'verdict': '点数絞り', 'max_combo_prob': 0.1563, 'est_top_odds': 8.5, 'circle_concentration': 85.8, 'eligible_count': 8, 'bet_adj': 0, 'reason': 'rel_win1=61.3%（本命度） / 最有力組み合わせ確率: 0.156（推定実オッズ?8倍） / 2着集中度: 上位2艇 85.8%（補正+0.04） / 総合判定確率: 0.196 / → ヒモはやや固め。上位2艇以外を切ること', 'tenji_trigger': '展示確認: 1号艇伸び良→そのまま採用。悪→飛び組に差し替え。circle_pct上位2艇に絞り込むこと。\n展示で1号艇スタート超安定(0.137秒)→ヒモ固まり方向に注意'}",,,29.2,逃げ狙い,14.95,34,3,,,,,,,,,,,
2025-04-03,丸亀,1,3,池田紫乃,B1,26.98,3,▲,13.6482,20,79,40,0.172,3.58,,,0,低,61,0,-,3 364,0,80.2,1.479,0,0.0625,0.0625,0,0,0.3333,0.1667,0,,,D,◎,,0.1144,0.6185,,0.6171,A,66,0,◎-○軸 3着3〜4艇流し（10〜15点）,0.5777,"{'is_target': True, 'verdict': '点数絞り', 'max_combo_prob': 0.1563, 'est_top_odds': 8.5, 'circle_concentration': 85.8, 'eligible_count': 8, 'bet_adj': 0, 'reason': 'rel_win1=61.3%（本命度） / 最有力組み合わせ確率: 0.156（推定実オッズ?8倍） / 2着集中度: 上位2艇 85.8%（補正+0.04） / 総合判定確率: 0.196 / → ヒモはやや固め。上位2艇以外を切ること', 'tenji_trigger': '展示確認: 1号艇伸び良→そのまま採用。悪→飛び組に差し替え。circle_pct上位2艇に絞り込むこと。\n展示で1号艇スタート超安定(0.137秒)→ヒモ固まり方向に注意'}",,,29.2,逃げ狙い,14.95,34,3,,,,,,,,,,,
2025-04-03,丸亀,1,4,平岡重典,B1,24.11,4,,10.1779,6,100,37.2,0.1884,3.6961,,,0,低,154,0,差0%,4 2423,0,50.7,0.9328,0,0.0455,0,0,0,0.1881,0.2643,0.0762,,,E,○,,0.1076,0.6,,0.6171,A,66,0,◎-○軸 3着3〜4艇流し（10〜15点）,0.5777,"{'is_target': True, 'verdict': '点数絞り', 'max_combo_prob': 0.1563, 'est_top_odds': 8.5, 'circle_concentration': 85.8, 'eligible_count': 8, 'bet_adj': 0, 'reason': 'rel_win1=61.3%（本命度） / 最有力組み合わせ確率: 0.156（推定実オッズ?8倍） / 2着集中度: 上位2艇 85.8%（補正+0.04） / 総合判定確率: 0.196 / → ヒモはやや固め。上位2艇以外を切ること', 'tenji_trigger': '展示確認: 1号艇伸び良→そのまま採用。悪→飛び組に差し替え。circle_pct上位2艇に絞り込むこと。\n展示で1号艇スタート超安定(0.137秒)→ヒモ固まり方向に注意'}",,,29.2,逃げ狙い,14.95,34,3,,,,,,,,,,,
2025-04-03,丸亀,1,5,野田亜湖,B2,24.55,5,,5.5903,7.8,64,0,0.2856,5.8889,,,0,低,57,1,-,666 6,0,25.2,0.7181,,,,,,,,,,,D,,,0.1388,0.4055,,0.6171,A,66,0,◎-○軸 3着3〜4艇流し（10〜15点）,0.5777,"{'is_target': True, 'verdict': '点数絞り', 'max_combo_prob': 0.1563, 'est_top_odds': 8.5, 'circle_concentration': 85.8, 'eligible_count': 8, 'bet_adj': 0, 'reason': 'rel_win1=61.3%（本命度） / 最有力組み合わせ確率: 0.156（推定実オッズ?8倍） / 2着集中度: 上位2艇 85.8%（補正+0.04） / 総合判定確率: 0.196 / → ヒモはやや固め。上位2艇以外を切ること', 'tenji_trigger': '展示確認: 1号艇伸び良→そのまま採用。悪→飛び組に差し替え。circle_pct上位2艇に絞り込むこと。\n展示で1号艇スタート超安定(0.137秒)→ヒモ固まり方向に注意'}",,,29.2,逃げ狙い,14.95,34,3,,,,,,,,,,,
2025-04-03,丸亀,1,6,樫葉新心,B1,37.50,6,△,1.3222,0.4,15,3.1,0.218,4.7371,,,0,低,136,0,-,4 654,0,34.7,0.7978,,,,,,0.1864,0.3318,0.2591,,,B,△,,0.135,0.5565,,0.6171,A,66,0,◎-○軸 3着3〜4艇流し（10〜15点）,0.5777,"{'is_target': True, 'verdict': '点数絞り', 'max_combo_prob': 0.1563, 'est_top_odds': 8.5, 'circle_concentration': 85.8, 'eligible_count': 8, 'bet_adj': 0, 'reason': 'rel_win1=61.3%（本命度） / 最有力組み合わせ確率: 0.156（推定実オッズ?8倍） / 2着集中度: 上位2艇 85.8%（補正+0.04） / 総合判定確率: 0.196 / → ヒモはやや固め。上位2艇以外を切ること', 'tenji_trigger': '展示確認: 1号艇伸び良→そのまま採用。悪→飛び組に差し替え。circle_pct上位2艇に絞り込むこと。\n展示で1号艇スタート超安定(0.137秒)→ヒモ固まり方向に注意'}",,,29.2,逃げ狙い,14.95,34,3,,,,,,,,,,,
2025-04-03,丸亀,2,1,吉川勇作,B1,30.51,1,◎,58.1931,,0,83.9,0.1195,2.4911,,,0,低,92,0,-,5 665,0,64.4,0.924,0.5714,,,,,0.3162,0.0381,0.0571,◎,,C,○,,,0.6335,,0.6727,S,85,0,◎1着固定 2-3着流し（5〜8点）,0.5777,"{'is_target': True, 'verdict': '参加推奨', 'max_combo_prob': 0.0698, 'est_top_odds': 19.1, 'circle_concentration': 74.7, 'eligible_count': 6, 'bet_adj': 2, 'reason': 'rel_win1=58.2%（本命度） / 最有力組み合わせ確率: 0.070（推定実オッズ?19倍） / 2着集中度: 上位2艇 74.7%（補正+0.04） / 総合判定確率: 0.110 / → ヒモ分散。1号艇1着固定で広めのヒモ流し推奨（買い目+2点）', 'tenji_trigger': '展示確認: ヒモ分散レース。1号艇伸び確認後、広めのヒモ流しを採用。穴ヒモ（5・6号艇）を積極的に含める。\n展示で1号艇スタート超安定(0.119秒)→ヒモ固まり方向に注意'}",,,27.4,逃げ狙い,11.72,31.9,3,,,,,0,0,0.7559,0,,逃げ軸流し,A
2025-04-03,丸亀,2,2,加藤雅之,B1,27.20,2,,5.596,32.5,49,21.7,0.2059,4.9565,,,0,低,169,0,-,562 3,0,55.1,0.5379,,,,,,0.3529,0.2353,0.1765,,,D,,,0.0775,0.5715,,0.6727,S,85,0,◎1着固定 2-3着流し（5〜8点）,0.5777,"{'is_target': True, 'verdict': '参加推奨', 'max_combo_prob': 0.0698, 'est_top_odds': 19.1, 'circle_concentration': 74.7, 'eligible_count': 6, 'bet_adj': 2, 'reason': 'rel_win1=58.2%（本命度） / 最有力組み合わせ確率: 0.070（推定実オッズ?19倍） / 2着集中度: 上位2艇 74.7%（補正+0.04） / 総合判定確率: 0.110 / → ヒモ分散。1号艇1着固定で広めのヒモ流し推奨（買い目+2点）', 'tenji_trigger': '展示確認: ヒモ分散レース。1号艇伸び確認後、広めのヒモ流しを採用。穴ヒモ（5・6号艇）を積極的に含める。\n展示で1号艇スタート超安定(0.119秒)→ヒモ固まり方向に注意'}",,,27.4,逃げ狙い,11.72,31.9,3,,,,,,,,,,,
2025-04-03,丸亀,2,3,谷村一哉,A2,27.07,3,△,21.9677,42.1,100,75,0.1625,3.4038,,,0,低,78,0,差0% ま0% 差ま0%,1 1323,0,80,1.6644,0,0.05,0.1,0.15,0,0.0542,0.0708,0.1083,,,E,◎,,0.1408,0.642,,0.6727,S,85,0,◎1着固定 2-3着流し（5〜8点）,0.5777,"{'is_target': True, 'verdict': '参加推奨', 'max_combo_prob': 0.0698, 'est_top_odds': 19.1, 'circle_concentration': 74.7, 'eligible_count': 6, 'bet_adj': 2, 'reason': 'rel_win1=58.2%（本命度） / 最有力組み合わせ確率: 0.070（推定実オッズ?19倍） / 2着集中度: 上位2艇 74.7%（補正+0.04） / 総合判定確率: 0.110 / → ヒモ分散。1号艇1着固定で広めのヒモ流し推奨（買い目+2点）', 'tenji_trigger': '展示確認: ヒモ分散レース。1号艇伸び確認後、広めのヒモ流しを採用。穴ヒモ（5・6号艇）を積極的に含める。\n展示で1号艇スタート超安定(0.119秒)→ヒモ固まり方向に注意'}",,,27.4,逃げ狙い,11.72,31.9,3,,,,,,,,,,,
2025-04-03,丸亀,2,4,樋江井舞,B2,42.19,4,○,7.6164,12.7,78,44.1,0.1588,3.6324,,,0,低,76,0,-,S45 5,0,94.7,1.7851,0,0,0,0.0345,0,,,,,,A,,,0.1254,0.539,,0.6727,S,85,0,◎1着固定 2-3着流し（5〜8点）,0.5777,"{'is_target': True, 'verdict': '参加推奨', 'max_combo_prob': 0.0698, 'est_top_odds': 19.1, 'circle_concentration': 74.7, 'eligible_count': 6, 'bet_adj': 2, 'reason': 'rel_win1=58.2%（本命度） / 最有力組み合わせ確率: 0.070（推定実オッズ?19倍） / 2着集中度: 上位2艇 74.7%（補正+0.04） / 総合判定確率: 0.110 / → ヒモ分散。1号艇1着固定で広めのヒモ流し推奨（買い目+2点）', 'tenji_trigger': '展示確認: ヒモ分散レース。1号艇伸び確認後、広めのヒモ流しを採用。穴ヒモ（5・6号艇）を積極的に含める。\n展示で1号艇スタート超安定(0.119秒)→ヒモ固まり方向に注意'}",,,27.4,逃げ狙い,11.72,31.9,3,,,,,,,,,,,
2025-04-03,丸亀,2,5,荒牧凪沙,B1,35.11,5,▲,5.43,7.2,77,29.5,0.1748,3.5164,,,0,低,117,0,-,146 45,0,43.9,0.8364,0,0,0,0.0357,0,0.0571,0.2857,0.2571,,,B,△,,0.1078,0.5875,,0.6727,S,85,0,◎1着固定 2-3着流し（5〜8点）,0.5777,"{'is_target': True, 'verdict': '参加推奨', 'max_combo_prob': 0.0698, 'est_top_odds': 19.1, 'circle_concentration': 74.7, 'eligible_count': 6, 'bet_adj': 2, 'reason': 'rel_win1=58.2%（本命度） / 最有力組み合わせ確率: 0.070（推定実オッズ?19倍） / 2着集中度: 上位2艇 74.7%（補正+0.04） / 総合判定確率: 0.110 / → ヒモ分散。1号艇1着固定で広めのヒモ流し推奨（買い目+2点）', 'tenji_trigger': '展示確認: ヒモ分散レース。1号艇伸び確認後、広めのヒモ流しを採用。穴ヒモ（5・6号艇）を積極的に含める。\n展示で1号艇スタート超安定(0.119秒)→ヒモ固まり方向に注意'}",,,27.4,逃げ狙い,11.72,31.9,3,,,,,,,,,,,
2025-04-03,丸亀,2,6,庄司樹良,B1,31.75,6,,1.1967,5.4,70,26.5,0.1794,4.1633,,,0,低,89,0,-,3 6231,0,29.4,1.1208,,,,,,0.0414,0.219,0.0138,,,C,△,,0.1389,0.6125,,0.6727,S,85,0,◎1着固定 2-3着流し（5〜8点）,0.5777,"{'is_target': True, 'verdict': '参加推奨', 'max_combo_prob': 0.0698, 'est_top_odds': 19.1, 'circle_concentration': 74.7, 'eligible_count': 6, 'bet_adj': 2, 'reason': 'rel_win1=58.2%（本命度） / 最有力組み合わせ確率: 0.070（推定実オッズ?19倍） / 2着集中度: 上位2艇 74.7%（補正+0.04） / 総合判定確率: 0.110 / → ヒモ分散。1号艇1着固定で広めのヒモ流し推奨（買い目+2点）', 'tenji_trigger': '展示確認: ヒモ分散レース。1号艇伸び確認後、広めのヒモ流しを採用。穴ヒモ（5・6号艇）を積極的に含める。\n展示で1号艇スタート超安定(0.119秒)→ヒモ固まり方向に注意'}",,,27.4,逃げ狙い,11.72,31.9,3,,,,,,,,,,,
2025-04-03,丸亀,3,1,東口　晃,B1,31.25,1,◎,35.8948,,0,55.8,0.156,3.3837,,,0,低,156,0,逃0%,5 426,0,50.1,0.7147,0.1333,,,,,0.4333,0.2567,0.0533,△,,B,,,,0.529,,0.236,D,28,1,大荒れ。見送り推奨,0.5777,"{'is_target': False, 'verdict': '対象外', 'max_combo_prob': None, 'est_top_odds': None, 'circle_concentration': None, 'eligible_count': 0, 'bet_adj': 0, 'reason': '1号艇rel_win1 < 45%: 通常判定に委ねる', 'tenji_trigger': ''}",,,34.9,両建て推奨,23.69,43,3,3-4-5|3-5-4|1-3-5|1-2-5|1-3-2|1-2-3|1-4-5,6-1-2|2-1-5|3-4-5|3-5-4|2-1-4|6-2-1|6-1-4|1-3-5|1-2-5|1-3-2|1-2-3|1-4-5,3-4-5:2.43%|3-5-4:2.37%|1-3-5:7.27%|1-2-5:6.8%|1-3-2:5.81%|1-2-3:5.57%|1-4-5:4.07%,3-4-5:B_main|3-5-4:B_main|1-3-5:A|1-2-5:A|1-3-2:A|1-2-3:A|1-4-5:A,7,12,0.4535,1,[!]見送り推奨（主役決まり手「まくり」― 逃げ劣勢レースで的中実績なし）,荒れ広め,D
2025-04-03,丸亀,3,2,廣瀬篤哉,B1,25.98,2,▲,17.1945,30.8,100,52.3,0.1549,3.3077,,,0,低,90,0,-,356 36,0,47.5,0.9098,0,0.0571,0.0571,0,0.0286,0.0444,0.0222,0.0444,,○,D,○,,0.3885,0.6345,,0.236,D,28,1,大荒れ。見送り推奨,0.5777,"{'is_target': False, 'verdict': '対象外', 'max_combo_prob': None, 'est_top_odds': None, 'circle_concentration': None, 'eligible_count': 0, 'bet_adj': 0, 'reason': '1号艇rel_win1 < 45%: 通常判定に委ねる', 'tenji_trigger': ''}",,,34.9,両建て推奨,23.69,43,3,,,,,,,,,,,
2025-04-03,丸亀,3,3,中村桃佳,B2,26.23,3,○,19.8695,31.5,79,56,0.1196,2.24,,,0,低,41,0,ま0%,215563,0,47.1,0.9758,0,0.05,0.1,0,0.05,0.0471,0.0706,0.2706,,◎,D,△,,0.5223,0.6205,,0.236,D,28,1,大荒れ。見送り推奨,0.5777,"{'is_target': False, 'verdict': '対象外', 'max_combo_prob': None, 'est_top_odds': None, 'circle_concentration': None, 'eligible_count': 0, 'bet_adj': 0, 'reason': '1号艇rel_win1 < 45%: 通常判定に委ねる', 'tenji_trigger': ''}",,,34.9,両建て推奨,23.69,43,3,,,,,,,,,,,
2025-04-03,丸亀,3,4,松本　怜,B1,19.82,4,,12.1085,18,78,45.5,0.1841,4.0909,,,0,低,54,0,-,5 334,0,18.7,0.5364,,,,,,0,0.5,0.25,,,E,△,,0.241,0.572,,0.236,D,28,1,大荒れ。見送り推奨,0.5777,"{'is_target': False, 'verdict': '対象外', 'max_combo_prob': None, 'est_top_odds': None, 'circle_concentration': None, 'eligible_count': 0, 'bet_adj': 0, 'reason': '1号艇rel_win1 < 45%: 通常判定に委ねる', 'tenji_trigger': ''}",,,34.9,両建て推奨,23.69,43,3,,,,,,,,,,,
2025-04-03,丸亀,3,5,丸岡正典,A2,29.41,5,△,13.6992,19,94,57.5,0.173,3.45,,,0,低,100,0,-,334243,0,83.1,1.3538,0,0,0,0.0833,0,0.0118,0.3042,0.1681,,,C,◎,◎,0.2752,0.667,0.3553,0.236,D,28,1,大荒れ。見送り推奨,0.5777,"{'is_target': False, 'verdict': '対象外', 'max_combo_prob': None, 'est_top_odds': None, 'circle_concentration': None, 'eligible_count': 0, 'bet_adj': 0, 'reason': '1号艇rel_win1 < 45%: 通常判定に委ねる', 'tenji_trigger': ''}",,,34.9,両建て推奨,23.69,43,3,,,,,,,,,,,
2025-04-03,丸亀,3,6,赤松咲香,B2,31.54,6,,1.2335,0.8,25,1.6,0.1911,4.3607,,,0,低,41,0,-,665 66,0,23.8,0.5461,,,,,,,,,,,B,,,0.2392,0.535,,0.236,D,28,1,大荒れ。見送り推奨,0.5777,"{'is_target': False, 'verdict': '対象外', 'max_combo_prob': None, 'est_top_odds': None, 'circle_concentration': None, 'eligible_count': 0, 'bet_adj': 0, 'reason': '1号艇rel_win1 < 45%: 通常判定に委ねる', 'tenji_trigger': ''}",,,34.9,両建て推奨,23.69,43,3,,,,,,,,,,,
2025-04-03,丸亀,4,1,渡邉俊介,B1,29.32,1,◎,53.2195,,0,90.9,0.1385,2.6364,,,0,低,57,0,-,442 16,0,68.8,0.9688,0.4516,,,,,0.1187,0.1316,0.1432,◎,,D,◎,,,0.697,,0.5346,S,95,0,◎1着固定 2-3着流し（5〜8点）,0.5777,"{'is_target': True, 'verdict': '参加推奨', 'max_combo_prob': 0.0528, 'est_top_odds': 25.2, 'circle_concentration': 57.5, 'eligible_count': 6, 'bet_adj': 2, 'reason': 'rel_win1=53.2%（本命度） / 最有力組み合わせ確率: 0.053（推定実オッズ?25倍） / 2着集中度: 上位2艇 57.5%（補正+0.00） / 総合判定確率: 0.053 / → ヒモ分散。1号艇1着固定で広めのヒモ流し推奨（買い目+2点）', 'tenji_trigger': '展示確認: ヒモ分散レース。1号艇伸び確認後、広めのヒモ流しを採用。穴ヒモ（5・6号艇）を積極的に含める。\n展示で1号艇スタート超安定(0.139秒)→ヒモ固まり方向に注意'}",,,27,逃げ狙い,12.72,29.7,3,,,,,0,0,0.7559,0,,逃げ軸流し,A
2025-04-03,丸亀,4,2,大西隆洋,B1,31.90,2,,10.39,30.2,100,35,0.1812,4.0833,,,0,低,103,0,抜0%,234616,0,84.8,0.7319,0,0,0,0,0.0435,0.3077,0.0769,0.3077,,,C,,,0.0953,0.6055,,0.5346,S,95,0,◎1着固定 2-3着流し（5〜8点）,0.5777,"{'is_target': True, 'verdict': '参加推奨', 'max_combo_prob': 0.0528, 'est_top_odds': 25.2, 'circle_concentration': 57.5, 'eligible_count': 6, 'bet_adj': 2, 'reason': 'rel_win1=53.2%（本命度） / 最有力組み合わせ確率: 0.053（推定実オッズ?25倍） / 2着集中度: 上位2艇 57.5%（補正+0.00） / 総合判定確率: 0.053 / → ヒモ分散。1号艇1着固定で広めのヒモ流し推奨（買い目+2点）', 'tenji_trigger': '展示確認: ヒモ分散レース。1号艇伸び確認後、広めのヒモ流しを採用。穴ヒモ（5・6号艇）を積極的に含める。\n展示で1号艇スタート超安定(0.139秒)→ヒモ固まり方向に注意'}",,,27,逃げ狙い,12.72,29.7,3,,,,,,,,,,,
2025-04-03,丸亀,4,3,山下流心,B1,33.33,3,△,15.978,27.2,76,50,0.1582,3.3824,,,0,低,117,0,-,5 356,0,55.4,1.2208,0,0,0.0556,0.0833,0.0278,0.1571,0.0714,0.2286,,,C,△,,0.2163,0.6225,,0.5346,S,95,0,◎1着固定 2-3着流し（5〜8点）,0.5777,"{'is_target': True, 'verdict': '参加推奨', 'max_combo_prob': 0.0528, 'est_top_odds': 25.2, 'circle_concentration': 57.5, 'eligible_count': 6, 'bet_adj': 2, 'reason': 'rel_win1=53.2%（本命度） / 最有力組み合わせ確率: 0.053（推定実オッズ?25倍） / 2着集中度: 上位2艇 57.5%（補正+0.00） / 総合判定確率: 0.053 / → ヒモ分散。1号艇1着固定で広めのヒモ流し推奨（買い目+2点）', 'tenji_trigger': '展示確認: ヒモ分散レース。1号艇伸び確認後、広めのヒモ流しを採用。穴ヒモ（5・6号艇）を積極的に含める。\n展示で1号艇スタート超安定(0.139秒)→ヒモ固まり方向に注意'}",,,27,逃げ狙い,12.72,29.7,3,,,,,,,,,,,
2025-04-03,丸亀,4,4,坂井康嗣,B1,42.37,4,▲,11.1,17.5,46,30.5,0.1917,3.9237,,,0,低,168,0,-,6 445,0,90,1.7111,0,0.0357,0.0357,0,0,0.28,0.32,0.32,,,A,,◎,0.1286,0.607,0.0877,0.5346,S,95,0,◎1着固定 2-3着流し（5〜8点）,0.5777,"{'is_target': True, 'verdict': '参加推奨', 'max_combo_prob': 0.0528, 'est_top_odds': 25.2, 'circle_concentration': 57.5, 'eligible_count': 6, 'bet_adj': 2, 'reason': 'rel_win1=53.2%（本命度） / 最有力組み合わせ確率: 0.053（推定実オッズ?25倍） / 2着集中度: 上位2艇 57.5%（補正+0.00） / 総合判定確率: 0.053 / → ヒモ分散。1号艇1着固定で広めのヒモ流し推奨（買い目+2点）', 'tenji_trigger': '展示確認: ヒモ分散レース。1号艇伸び確認後、広めのヒモ流しを採用。穴ヒモ（5・6号艇）を積極的に含める。\n展示で1号艇スタート超安定(0.139秒)→ヒモ固まり方向に注意'}",,,27,逃げ狙い,12.72,29.7,3,,,,,,,,,,,
2025-04-03,丸亀,4,5,江本真治,A2,35.04,5,○,8.1132,19.6,86,43.9,0.1577,3.4386,,,0,低,105,0,差1%,156 31,0,30.4,1.5307,0,0.0417,0,0.0833,0,0.1156,0.1156,0.1644,,,B,○,,0.251,0.6785,,0.5346,S,95,0,◎1着固定 2-3着流し（5〜8点）,0.5777,"{'is_target': True, 'verdict': '参加推奨', 'max_combo_prob': 0.0528, 'est_top_odds': 25.2, 'circle_concentration': 57.5, 'eligible_count': 6, 'bet_adj': 2, 'reason': 'rel_win1=53.2%（本命度） / 最有力組み合わせ確率: 0.053（推定実オッズ?25倍） / 2着集中度: 上位2艇 57.5%（補正+0.00） / 総合判定確率: 0.053 / → ヒモ分散。1号艇1着固定で広めのヒモ流し推奨（買い目+2点）', 'tenji_trigger': '展示確認: ヒモ分散レース。1号艇伸び確認後、広めのヒモ流しを採用。穴ヒモ（5・6号艇）を積極的に含める。\n展示で1号艇スタート超安定(0.139秒)→ヒモ固まり方向に注意'}",,,27,逃げ狙い,12.72,29.7,3,,,,,,,,,,,
2025-04-03,丸亀,4,6,廣瀬将亨,A2,24.37,6,,1.1992,5.4,54,21.1,0.141,2.9519,,,0,低,86,0,-,156222,0,43.5,0.9647,,,,,,0.0293,0.198,0.0293,,,E,△,,0.3244,0.64,,0.5346,S,95,0,◎1着固定 2-3着流し（5〜8点）,0.5777,"{'is_target': True, 'verdict': '参加推奨', 'max_combo_prob': 0.0528, 'est_top_odds': 25.2, 'circle_concentration': 57.5, 'eligible_count': 6, 'bet_adj': 2, 'reason': 'rel_win1=53.2%（本命度） / 最有力組み合わせ確率: 0.053（推定実オッズ?25倍） / 2着集中度: 上位2艇 57.5%（補正+0.00） / 総合判定確率: 0.053 / → ヒモ分散。1号艇1着固定で広めのヒモ流し推奨（買い目+2点）', 'tenji_trigger': '展示確認: ヒモ分散レース。1号艇伸び確認後、広めのヒモ流しを採用。穴ヒモ（5・6号艇）を積極的に含める。\n展示で1号艇スタート超安定(0.139秒)→ヒモ固まり方向に注意'}",,,27,逃げ狙い,12.72,29.7,3,,,,,,,,,,,
2025-04-03,丸亀,5,1,大野芳顕,A2,37.39,1,◎,57.5957,,0,92.5,0.1462,2.484,,,0,低,139,0,逃1%,461113,0,82.5,0.9972,0.55,,,,,0.09,0.11,0.14,◎,,C,◎,,,0.6345,,0.6308,S,93,0,◎1着固定 2-3着流し（5〜8点）,0.5777,"{'is_target': True, 'verdict': '点数絞り', 'max_combo_prob': 0.0989, 'est_top_odds': 13.5, 'circle_concentration': 86.6, 'eligible_count': 6, 'bet_adj': 0, 'reason': 'rel_win1=57.6%（本命度） / 最有力組み合わせ確率: 0.099（推定実オッズ?14倍） / 2着集中度: 上位2艇 86.6%（補正+0.04） / 総合判定確率: 0.139 / → ヒモはやや固め。上位2艇以外を切ること', 'tenji_trigger': '展示確認: 1号艇伸び良→そのまま採用。悪→飛び組に差し替え。circle_pct上位2艇に絞り込むこと。'}",,,27.8,逃げ狙い,17.03,28.3,3,,,,,0,0,0.7559,0,,逃げ軸流し,A
2025-04-03,丸亀,5,2,平尾崇典,A1,26.98,2,,14.6887,43.5,100,71.7,0.1891,3.9891,,,0,低,104,0,-,423416,0,53.2,1.0316,0,0.0526,0.0526,0,0,0.0278,0.0833,0.1389,,,D,○,,0.0748,0.6045,,0.6308,S,93,0,◎1着固定 2-3着流し（5〜8点）,0.5777,"{'is_target': True, 'verdict': '点数絞り', 'max_combo_prob': 0.0989, 'est_top_odds': 13.5, 'circle_concentration': 86.6, 'eligible_count': 6, 'bet_adj': 0, 'reason': 'rel_win1=57.6%（本命度） / 最有力組み合わせ確率: 0.099（推定実オッズ?14倍） / 2着集中度: 上位2艇 86.6%（補正+0.04） / 総合判定確率: 0.139 / → ヒモはやや固め。上位2艇以外を切ること', 'tenji_trigger': '展示確認: 1号艇伸び良→そのまま採用。悪→飛び組に差し替え。circle_pct上位2艇に絞り込むこと。'}",,,27.8,逃げ狙い,17.03,28.3,3,,,,,,,,,,,
2025-04-03,丸亀,5,3,内堀　学,A2,24.55,3,△,14.9024,43.1,75,67.7,0.1646,3.4692,,,0,低,152,0,-,3 4341,0,64.4,1.1852,0,0,0.0833,0.0833,0,0.0718,0.3015,0.041,,,E,△,,0.226,0.603,,0.6308,S,93,0,◎1着固定 2-3着流し（5〜8点）,0.5777,"{'is_target': True, 'verdict': '点数絞り', 'max_combo_prob': 0.0989, 'est_top_odds': 13.5, 'circle_concentration': 86.6, 'eligible_count': 6, 'bet_adj': 0, 'reason': 'rel_win1=57.6%（本命度） / 最有力組み合わせ確率: 0.099（推定実オッズ?14倍） / 2着集中度: 上位2艇 86.6%（補正+0.04） / 総合判定確率: 0.139 / → ヒモはやや固め。上位2艇以外を切ること', 'tenji_trigger': '展示確認: 1号艇伸び良→そのまま採用。悪→飛び組に差し替え。circle_pct上位2艇に絞り込むこと。'}",,,27.8,逃げ狙い,17.03,28.3,3,,,,,,,,,,,
2025-04-03,丸亀,5,4,樫葉新心,B1,37.50,4,▲,5.685,7.4,48,5.7,0.2271,4.6714,,,0,低,136,0,-,4 654,0,13.7,0.587,,,,,,0.1864,0.3318,0.2591,,,B,,,0.1527,0.5565,,0.6308,S,93,0,◎1着固定 2-3着流し（5〜8点）,0.5777,"{'is_target': True, 'verdict': '点数絞り', 'max_combo_prob': 0.0989, 'est_top_odds': 13.5, 'circle_concentration': 86.6, 'eligible_count': 6, 'bet_adj': 0, 'reason': 'rel_win1=57.6%（本命度） / 最有力組み合わせ確率: 0.099（推定実オッズ?14倍） / 2着集中度: 上位2艇 86.6%（補正+0.04） / 総合判定確率: 0.139 / → ヒモはやや固め。上位2艇以外を切ること', 'tenji_trigger': '展示確認: 1号艇伸び良→そのまま採用。悪→飛び組に差し替え。circle_pct上位2艇に絞り込むこと。'}",,,27.8,逃げ狙い,17.03,28.3,3,,,,,,,,,,,
2025-04-03,丸亀,5,5,岡　暢祐,B1,36.13,5,,5.9326,3.7,47,14.3,0.1866,3.9554,,,0,低,120,0,-,365 42,0,67.9,1.1267,,,,,,0.1667,0.0833,0.1667,,,C,,,0.1979,0.5595,,0.6308,S,93,0,◎1着固定 2-3着流し（5〜8点）,0.5777,"{'is_target': True, 'verdict': '点数絞り', 'max_combo_prob': 0.0989, 'est_top_odds': 13.5, 'circle_concentration': 86.6, 'eligible_count': 6, 'bet_adj': 0, 'reason': 'rel_win1=57.6%（本命度） / 最有力組み合わせ確率: 0.099（推定実オッズ?14倍） / 2着集中度: 上位2艇 86.6%（補正+0.04） / 総合判定確率: 0.139 / → ヒモはやや固め。上位2艇以外を切ること', 'tenji_trigger': '展示確認: 1号艇伸び良→そのまま採用。悪→飛び組に差し替え。circle_pct上位2艇に絞り込むこと。'}",,,27.8,逃げ狙い,17.03,28.3,3,,,,,,,,,,,
2025-04-03,丸亀,5,6,占部一真,B1,41.13,6,○,1.1956,2.3,56,19.1,0.1745,3.6915,,,0,低,119,0,-,4 145,0,37.5,0.6678,,,,,,0.1333,0.2,0.2667,,,B,△,,0.2364,0.595,,0.6308,S,93,0,◎1着固定 2-3着流し（5〜8点）,0.5777,"{'is_target': True, 'verdict': '点数絞り', 'max_combo_prob': 0.0989, 'est_top_odds': 13.5, 'circle_concentration': 86.6, 'eligible_count': 6, 'bet_adj': 0, 'reason': 'rel_win1=57.6%（本命度） / 最有力組み合わせ確率: 0.099（推定実オッズ?14倍） / 2着集中度: 上位2艇 86.6%（補正+0.04） / 総合判定確率: 0.139 / → ヒモはやや固め。上位2艇以外を切ること', 'tenji_trigger': '展示確認: 1号艇伸び良→そのまま採用。悪→飛び組に差し替え。circle_pct上位2艇に絞り込むこと。'}",,,27.8,逃げ狙い,17.03,28.3,3,,,,,,,,,,,
2025-04-03,丸亀,6,1,桐本康臣,A1,24.00,1,◎,57.8892,,0,91.8,0.1527,2.9439,,,0,低,119,0,-,261425,0,68.3,0.9921,0.617,,,,,0.109,0.3681,0.0426,◎,,E,◎,,,0.646,,0.5918,S,86,0,◎1着固定 2-3着流し（5〜8点）,0.5777,"{'is_target': True, 'verdict': '点数絞り', 'max_combo_prob': 0.0807, 'est_top_odds': 16.5, 'circle_concentration': 70.3, 'eligible_count': 6, 'bet_adj': 0, 'reason': 'rel_win1=57.9%（本命度） / 最有力組み合わせ確率: 0.081（推定実オッズ?16倍） / 2着集中度: 上位2艇 70.3%（補正+0.04） / 総合判定確率: 0.121 / → ヒモはやや固め。上位2艇以外を切ること', 'tenji_trigger': '展示確認: 1号艇伸び良→そのまま採用。悪→飛び組に差し替え。circle_pct上位2艇に絞り込むこと。'}",,,28.8,逃げ狙い,13.14,34.6,3,,,,,0,0,0.7559,0,,逃げ軸流し,A
2025-04-03,丸亀,6,2,荒牧凪沙,B1,35.11,2,○,12.6975,33.9,74,44.7,0.1536,3.0106,,,0,低,117,0,-,146 45,0,51.1,0.604,0,0.0526,0,0,0,0.0571,0.2857,0.2571,,,B,△,,0.3179,0.5875,,0.5918,S,86,0,◎1着固定 2-3着流し（5〜8点）,0.5777,"{'is_target': True, 'verdict': '点数絞り', 'max_combo_prob': 0.0807, 'est_top_odds': 16.5, 'circle_concentration': 70.3, 'eligible_count': 6, 'bet_adj': 0, 'reason': 'rel_win1=57.9%（本命度） / 最有力組み合わせ確率: 0.081（推定実オッズ?16倍） / 2着集中度: 上位2艇 70.3%（補正+0.04） / 総合判定確率: 0.121 / → ヒモはやや固め。上位2艇以外を切ること', 'tenji_trigger': '展示確認: 1号艇伸び良→そのまま採用。悪→飛び組に差し替え。circle_pct上位2艇に絞り込むこと。'}",,,28.8,逃げ狙い,13.14,34.6,3,,,,,,,,,,,
2025-04-03,丸亀,6,3,山本隆幸,A2,30.89,3,△,15.5831,36.4,93,63,0.1661,3.2065,,,0,低,130,0,-,4 1124,0,100,2.7146,0,0,0.0952,0.0952,0,0,0.0645,0.2258,,,C,○,,0.2798,0.631,,0.5918,S,86,0,◎1着固定 2-3着流し（5〜8点）,0.5777,"{'is_target': True, 'verdict': '点数絞り', 'max_combo_prob': 0.0807, 'est_top_odds': 16.5, 'circle_concentration': 70.3, 'eligible_count': 6, 'bet_adj': 0, 'reason': 'rel_win1=57.9%（本命度） / 最有力組み合わせ確率: 0.081（推定実オッズ?16倍） / 2着集中度: 上位2艇 70.3%（補正+0.04） / 総合判定確率: 0.121 / → ヒモはやや固め。上位2艇以外を切ること', 'tenji_trigger': '展示確認: 1号艇伸び良→そのまま採用。悪→飛び組に差し替え。circle_pct上位2艇に絞り込むこと。'}",,,28.8,逃げ狙い,13.14,34.6,3,,,,,,,,,,,
2025-04-03,丸亀,6,4,蒲原健太,A2,32.26,4,,5.7867,19.9,100,49.1,0.2015,4.3545,,,0,低,193,0,-,223 34,0,40.1,0.9019,0,0,0,0.04,0,0.0953,0.3224,0.2271,,,C,,,0.1613,0.54,,0.5918,S,86,0,◎1着固定 2-3着流し（5〜8点）,0.5777,"{'is_target': True, 'verdict': '点数絞り', 'max_combo_prob': 0.0807, 'est_top_odds': 16.5, 'circle_concentration': 70.3, 'eligible_count': 6, 'bet_adj': 0, 'reason': 'rel_win1=57.9%（本命度） / 最有力組み合わせ確率: 0.081（推定実オッズ?16倍） / 2着集中度: 上位2艇 70.3%（補正+0.04） / 総合判定確率: 0.121 / → ヒモはやや固め。上位2艇以外を切ること', 'tenji_trigger': '展示確認: 1号艇伸び良→そのまま採用。悪→飛び組に差し替え。circle_pct上位2艇に絞り込むこと。'}",,,28.8,逃げ狙い,13.14,34.6,3,,,,,,,,,,,
2025-04-03,丸亀,6,5,海老澤泰,B1,46.28,5,▲,7.0423,9.5,72,27.5,0.1775,3.5588,,,0,低,128,0,差ま0%,3 5435,0,30.3,0.9576,0,0,0,0.0417,0,0.2354,0.08,0.3531,,,A,△,,0.2604,0.6055,,0.5918,S,86,0,◎1着固定 2-3着流し（5〜8点）,0.5777,"{'is_target': True, 'verdict': '点数絞り', 'max_combo_prob': 0.0807, 'est_top_odds': 16.5, 'circle_concentration': 70.3, 'eligible_count': 6, 'bet_adj': 0, 'reason': 'rel_win1=57.9%（本命度） / 最有力組み合わせ確率: 0.081（推定実オッズ?16倍） / 2着集中度: 上位2艇 70.3%（補正+0.04） / 総合判定確率: 0.121 / → ヒモはやや固め。上位2艇以外を切ること', 'tenji_trigger': '展示確認: 1号艇伸び良→そのまま採用。悪→飛び組に差し替え。circle_pct上位2艇に絞り込むこと。'}",,,28.8,逃げ狙い,13.14,34.6,3,,,,,,,,,,,
2025-04-03,丸亀,6,6,野田亜湖,B2,24.55,6,,1.0012,0.3,15,0,0.2688,5.3898,,,0,低,57,0,-,666 6,0,24.8,0.6261,,,,,,,,,,,D,,,0.1939,0.4055,,0.5918,S,86,0,◎1着固定 2-3着流し（5〜8点）,0.5777,"{'is_target': True, 'verdict': '点数絞り', 'max_combo_prob': 0.0807, 'est_top_odds': 16.5, 'circle_concentration': 70.3, 'eligible_count': 6, 'bet_adj': 0, 'reason': 'rel_win1=57.9%（本命度） / 最有力組み合わせ確率: 0.081（推定実オッズ?16倍） / 2着集中度: 上位2艇 70.3%（補正+0.04） / 総合判定確率: 0.121 / → ヒモはやや固め。上位2艇以外を切ること', 'tenji_trigger': '展示確認: 1号艇伸び良→そのまま採用。悪→飛び組に差し替え。circle_pct上位2艇に絞り込むこと。'}",,,28.8,逃げ狙い,13.14,34.6,3,,,,,,,,,,,
2025-04-03,丸亀,7,1,作間　章,A1,27.93,1,◎,57.8832,,0,89.6,0.1695,3.849,,,0,低,178,0,-,551335,0,100,1.4591,0.6905,,,,,0.1962,0.0886,0.0095,○,,D,,,,0.598,,0.3772,S,80,0,◎1着固定 2-3着流し（5〜8点）,0.5777,"{'is_target': True, 'verdict': '点数絞り', 'max_combo_prob': 0.1072, 'est_top_odds': 12.4, 'circle_concentration': 76.7, 'eligible_count': 6, 'bet_adj': 0, 'reason': 'rel_win1=57.9%（本命度） / 最有力組み合わせ確率: 0.107（推定実オッズ?12倍） / 2着集中度: 上位2艇 76.7%（補正+0.04） / 総合判定確率: 0.147 / → ヒモはやや固め。上位2艇以外を切ること', 'tenji_trigger': '展示確認: 1号艇伸び良→そのまま採用。悪→飛び組に差し替え。circle_pct上位2艇に絞り込むこと。'}",,,27.5,逃げ狙い,12.32,31.4,2,,,,,0,0,0.6155,0,,逃げ軸流し,A
2025-04-03,丸亀,7,2,石田政吾,A2,44.83,2,○,18.5478,62.2,100,67.3,0.1504,3.0091,,,0,低,126,0,-,322324,0,43.1,0.9041,0,0.0833,0,0,0.0417,0.0615,0.2123,0.1662,,◎,A,○,,0.5385,0.6375,,0.3772,S,80,0,◎1着固定 2-3着流し（5〜8点）,0.5777,"{'is_target': True, 'verdict': '点数絞り', 'max_combo_prob': 0.1072, 'est_top_odds': 12.4, 'circle_concentration': 76.7, 'eligible_count': 6, 'bet_adj': 0, 'reason': 'rel_win1=57.9%（本命度） / 最有力組み合わせ確率: 0.107（推定実オッズ?12倍） / 2着集中度: 上位2艇 76.7%（補正+0.04） / 総合判定確率: 0.147 / → ヒモはやや固め。上位2艇以外を切ること', 'tenji_trigger': '展示確認: 1号艇伸び良→そのまま採用。悪→飛び組に差し替え。circle_pct上位2艇に絞り込むこと。'}",,,27.5,逃げ狙い,12.32,31.4,2,,,,,,,,,,,
2025-04-03,丸亀,7,3,加藤雅之,B1,27.20,3,,6.225,9.3,81,20.4,0.2094,4.4259,,,0,低,169,0,差ま0%,562 3,0,13.5,0.5662,0,0,0,0.04,0,0.3529,0.2353,0.1765,,,D,,,0.1279,0.5715,,0.3772,S,80,0,◎1着固定 2-3着流し（5〜8点）,0.5777,"{'is_target': True, 'verdict': '点数絞り', 'max_combo_prob': 0.1072, 'est_top_odds': 12.4, 'circle_concentration': 76.7, 'eligible_count': 6, 'bet_adj': 0, 'reason': 'rel_win1=57.9%（本命度） / 最有力組み合わせ確率: 0.107（推定実オッズ?12倍） / 2着集中度: 上位2艇 76.7%（補正+0.04） / 総合判定確率: 0.147 / → ヒモはやや固め。上位2艇以外を切ること', 'tenji_trigger': '展示確認: 1号艇伸び良→そのまま採用。悪→飛び組に差し替え。circle_pct上位2艇に絞り込むこと。'}",,,27.5,逃げ狙い,12.32,31.4,2,,,,,,,,,,,
2025-04-03,丸亀,7,4,吉川勇作,B1,30.51,4,▲,12.7164,14.6,72,36.1,0.1521,3.123,,,0,低,92,0,-,5 665,0,41.4,0.8368,0,0,0.1379,0.0345,0,0.3162,0.0381,0.0571,,,C,△,◎,0.3966,0.6335,0.3494,0.3772,S,80,0,◎1着固定 2-3着流し（5〜8点）,0.5777,"{'is_target': True, 'verdict': '点数絞り', 'max_combo_prob': 0.1072, 'est_top_odds': 12.4, 'circle_concentration': 76.7, 'eligible_count': 6, 'bet_adj': 0, 'reason': 'rel_win1=57.9%（本命度） / 最有力組み合わせ確率: 0.107（推定実オッズ?12倍） / 2着集中度: 上位2艇 76.7%（補正+0.04） / 総合判定確率: 0.147 / → ヒモはやや固め。上位2艇以外を切ること', 'tenji_trigger': '展示確認: 1号艇伸び良→そのまま採用。悪→飛び組に差し替え。circle_pct上位2艇に絞り込むこと。'}",,,27.5,逃げ狙い,12.32,31.4,2,,,,,,,,,,,
2025-04-03,丸亀,7,5,平岡重典,B1,24.11,5,,3.4308,12.8,59,22.9,0.1854,3.8115,,,0,低,154,0,差ま0%,4 2423,0,35.8,0.715,0,0,0,0.0385,0,0.1881,0.2643,0.0762,,,E,△,,0.2421,0.6,,0.3772,S,80,0,◎1着固定 2-3着流し（5〜8点）,0.5777,"{'is_target': True, 'verdict': '点数絞り', 'max_combo_prob': 0.1072, 'est_top_odds': 12.4, 'circle_concentration': 76.7, 'eligible_count': 6, 'bet_adj': 0, 'reason': 'rel_win1=57.9%（本命度） / 最有力組み合わせ確率: 0.107（推定実オッズ?12倍） / 2着集中度: 上位2艇 76.7%（補正+0.04） / 総合判定確率: 0.147 / → ヒモはやや固め。上位2艇以外を切ること', 'tenji_trigger': '展示確認: 1号艇伸び良→そのまま採用。悪→飛び組に差し替え。circle_pct上位2艇に絞り込むこと。'}",,,27.5,逃げ狙い,12.32,31.4,2,,,,,,,,,,,
2025-04-03,丸亀,7,6,谷川祐一,A1,31.40,6,△,1.1969,1.2,90,17.2,0.1848,3.8966,,,0,低,96,0,-,2F564,0,29.8,0.6128,,,,,,0.0286,0.3257,0.0286,,,C,◎,,0.2784,0.6465,,0.3772,S,80,0,◎1着固定 2-3着流し（5〜8点）,0.5777,"{'is_target': True, 'verdict': '点数絞り', 'max_combo_prob': 0.1072, 'est_top_odds': 12.4, 'circle_concentration': 76.7, 'eligible_count': 6, 'bet_adj': 0, 'reason': 'rel_win1=57.9%（本命度） / 最有力組み合わせ確率: 0.107（推定実オッズ?12倍） / 2着集中度: 上位2艇 76.7%（補正+0.04） / 総合判定確率: 0.147 / → ヒモはやや固め。上位2艇以外を切ること', 'tenji_trigger': '展示確認: 1号艇伸び良→そのまま採用。悪→飛び組に差し替え。circle_pct上位2艇に絞り込むこと。'}",,,27.5,逃げ狙い,12.32,31.4,2,,,,,,,,,,,
2025-04-03,丸亀,8,1,前田篤哉,A1,29.03,1,◎,70.0041,,0,95.7,0.1586,3.1449,,,0,低,107,0,-,533215,0,84.8,1.0659,0.8,,,,,0.0133,0.2667,0.0133,◎,,C,○,,,0.646,,0.5422,S,80,0,◎1着固定 2-3着流し（5〜8点）,0.5777,"{'is_target': True, 'verdict': '点数絞り', 'max_combo_prob': 0.1613, 'est_top_odds': 8.3, 'circle_concentration': 80.6, 'eligible_count': 6, 'bet_adj': 0, 'reason': 'rel_win1=70.0%（本命度） / 最有力組み合わせ確率: 0.161（推定実オッズ?8倍） / 2着集中度: 上位2艇 80.6%（補正+0.04） / 総合判定確率: 0.201 / → ヒモはやや固め。上位2艇以外を切ること', 'tenji_trigger': '展示確認: 1号艇伸び良→そのまま採用。悪→飛び組に差し替え。circle_pct上位2艇に絞り込むこと。'}",,,27.3,逃げ狙い,14.65,29,4,,,,,0,0,0.7559,0,,逃げ軸流し,A
2025-04-03,丸亀,8,2,江本真治,A2,35.04,2,○,11.479,65.2,95,62.7,0.1455,3.0672,,,0,低,105,0,-,156 31,0,35.8,0.7412,0,0.0714,0,0,0,0.1156,0.1156,0.1644,,◎,B,◎,,0.4462,0.6785,,0.5422,S,80,0,◎1着固定 2-3着流し（5〜8点）,0.5777,"{'is_target': True, 'verdict': '点数絞り', 'max_combo_prob': 0.1613, 'est_top_odds': 8.3, 'circle_concentration': 80.6, 'eligible_count': 6, 'bet_adj': 0, 'reason': 'rel_win1=70.0%（本命度） / 最有力組み合わせ確率: 0.161（推定実オッズ?8倍） / 2着集中度: 上位2艇 80.6%（補正+0.04） / 総合判定確率: 0.201 / → ヒモはやや固め。上位2艇以外を切ること', 'tenji_trigger': '展示確認: 1号艇伸び良→そのまま採用。悪→飛び組に差し替え。circle_pct上位2艇に絞り込むこと。'}",,,27.3,逃げ狙い,14.65,29,4,,,,,,,,,,,
2025-04-03,丸亀,8,3,東口　晃,B1,31.25,3,△,6.8178,10.4,77,28.6,0.188,3.9107,,,0,低,156,0,ま0%,5 426,0,16.9,0.5988,0,0,0.1429,0,0,0.4333,0.2567,0.0533,,,C,,,0.1636,0.529,,0.5422,S,80,0,◎1着固定 2-3着流し（5〜8点）,0.5777,"{'is_target': True, 'verdict': '点数絞り', 'max_combo_prob': 0.1613, 'est_top_odds': 8.3, 'circle_concentration': 80.6, 'eligible_count': 6, 'bet_adj': 0, 'reason': 'rel_win1=70.0%（本命度） / 最有力組み合わせ確率: 0.161（推定実オッズ?8倍） / 2着集中度: 上位2艇 80.6%（補正+0.04） / 総合判定確率: 0.201 / → ヒモはやや固め。上位2艇以外を切ること', 'tenji_trigger': '展示確認: 1号艇伸び良→そのまま採用。悪→飛び組に差し替え。circle_pct上位2艇に絞り込むこと。'}",,,27.3,逃げ狙い,14.65,29,4,,,,,,,,,,,
2025-04-03,丸亀,8,4,廣瀬将亨,A2,24.37,4,,9.0313,15.4,100,45.9,0.142,3.1393,,,0,低,86,0,-,156222,0,44.2,0.823,0,0,0.1562,0.0625,0,0.0293,0.198,0.0293,,,E,△,◎,0.3831,0.64,0.3964,0.5422,S,80,0,◎1着固定 2-3着流し（5〜8点）,0.5777,"{'is_target': True, 'verdict': '点数絞り', 'max_combo_prob': 0.1613, 'est_top_odds': 8.3, 'circle_concentration': 80.6, 'eligible_count': 6, 'bet_adj': 0, 'reason': 'rel_win1=70.0%（本命度） / 最有力組み合わせ確率: 0.161（推定実オッズ?8倍） / 2着集中度: 上位2艇 80.6%（補正+0.04） / 総合判定確率: 0.201 / → ヒモはやや固め。上位2艇以外を切ること', 'tenji_trigger': '展示確認: 1号艇伸び良→そのまま採用。悪→飛び組に差し替え。circle_pct上位2艇に絞り込むこと。'}",,,27.3,逃げ狙い,14.65,29,4,,,,,,,,,,,
2025-04-03,丸亀,8,5,池田紫乃,B1,26.98,5,,1.6163,6.1,78,9.7,0.1632,3.9355,,,0,低,61,0,-,3 364,0,36,0.6731,,,,,,0.3333,0.1667,0,,,D,△,,0.2943,0.6185,,0.5422,S,80,0,◎1着固定 2-3着流し（5〜8点）,0.5777,"{'is_target': True, 'verdict': '点数絞り', 'max_combo_prob': 0.1613, 'est_top_odds': 8.3, 'circle_concentration': 80.6, 'eligible_count': 6, 'bet_adj': 0, 'reason': 'rel_win1=70.0%（本命度） / 最有力組み合わせ確率: 0.161（推定実オッズ?8倍） / 2着集中度: 上位2艇 80.6%（補正+0.04） / 総合判定確率: 0.201 / → ヒモはやや固め。上位2艇以外を切ること', 'tenji_trigger': '展示確認: 1号艇伸び良→そのまま採用。悪→飛び組に差し替え。circle_pct上位2艇に絞り込むこと。'}",,,27.3,逃げ狙い,14.65,29,4,,,,,,,,,,,
2025-04-03,丸亀,8,6,樋江井舞,B2,42.19,6,▲,1.0515,2.9,28,4.3,0.1948,4.0924,,,0,低,76,0,-,S45 5,0,30,0.6128,,,,,,,,,,,A,,,0.1948,0.539,,0.5422,S,80,0,◎1着固定 2-3着流し（5〜8点）,0.5777,"{'is_target': True, 'verdict': '点数絞り', 'max_combo_prob': 0.1613, 'est_top_odds': 8.3, 'circle_concentration': 80.6, 'eligible_count': 6, 'bet_adj': 0, 'reason': 'rel_win1=70.0%（本命度） / 最有力組み合わせ確率: 0.161（推定実オッズ?8倍） / 2着集中度: 上位2艇 80.6%（補正+0.04） / 総合判定確率: 0.201 / → ヒモはやや固め。上位2艇以外を切ること', 'tenji_trigger': '展示確認: 1号艇伸び良→そのまま採用。悪→飛び組に差し替え。circle_pct上位2艇に絞り込むこと。'}",,,27.3,逃げ狙い,14.65,29,4,,,,,,,,,,,
2025-04-03,丸亀,9,1,山下流心,B1,33.33,1,◎,45.3033,,0,65.9,0.1545,3.7045,,,0,低,117,0,逃0%,5 356,0,65.2,0.9659,0.3214,,,,,0.1571,0.0714,0.2286,△,,B,○,,,0.6225,,0.2794,B,47,0,◎○△フォーメーション（15〜20点）,0.5777,"{'is_target': True, 'verdict': '参加推奨', 'max_combo_prob': 0.0472, 'est_top_odds': 28.2, 'circle_concentration': 63.4, 'eligible_count': 9, 'bet_adj': 2, 'reason': 'rel_win1=45.3%（本命度） / 最有力組み合わせ確率: 0.047（推定実オッズ?28倍） / 2着集中度: 上位2艇 63.4%（補正+0.00） / 総合判定確率: 0.047 / → ヒモ分散。1号艇1着固定で広めのヒモ流し推奨（買い目+2点）', 'tenji_trigger': '展示確認: ヒモ分散レース。1号艇伸び確認後、広めのヒモ流しを採用。穴ヒモ（5・6号艇）を積極的に含める。'}",,,31,両建て推奨,23.59,31.9,3,4-5-6|1-4-3|1-3-4|1-4-6|1-3-6|1-2-4,2-1-3|5-1-6|4-5-6|5-1-2|5-1-3|6-1-3|5-6-1|1-4-3|1-3-4|1-4-6|1-3-6|1-2-4,4-5-6:2.21%|1-4-3:5.86%|1-3-4:5.41%|1-4-6:4.81%|1-3-6:4.15%|1-2-4:3.45%,4-5-6:B_main|1-4-3:A|1-3-4:A|1-4-6:A|1-3-6:A|1-2-4:A,6,12,0.4535,1,[!]見送り推奨（主役決まり手「まくり」― 逃げ劣勢レースで的中実績なし）,荒れ広め,D
2025-04-03,丸亀,9,2,坂井康嗣,B1,42.37,2,▲,10.3673,17.1,88,43.1,0.2008,4.4846,,,0,低,168,0,-,6 445,0,44.7,0.4324,0,0.0645,0.0323,0,0,0.28,0.32,0.32,,,A,△,,0.0859,0.607,,0.2794,B,47,0,◎○△フォーメーション（15〜20点）,0.5777,"{'is_target': True, 'verdict': '参加推奨', 'max_combo_prob': 0.0472, 'est_top_odds': 28.2, 'circle_concentration': 63.4, 'eligible_count': 9, 'bet_adj': 2, 'reason': 'rel_win1=45.3%（本命度） / 最有力組み合わせ確率: 0.047（推定実オッズ?28倍） / 2着集中度: 上位2艇 63.4%（補正+0.00） / 総合判定確率: 0.047 / → ヒモ分散。1号艇1着固定で広めのヒモ流し推奨（買い目+2点）', 'tenji_trigger': '展示確認: ヒモ分散レース。1号艇伸び確認後、広めのヒモ流しを採用。穴ヒモ（5・6号艇）を積極的に含める。'}",,,31,両建て推奨,23.59,31.9,3,,,,,,,,,,,
2025-04-03,丸亀,9,3,丸岡正典,A2,29.41,3,△,21.7019,30.6,100,78,0.1678,3.2195,,,0,低,100,0,-,334243,0,100,3.4867,0,0,0.0476,0.1905,0,0.0118,0.3042,0.1681,,,C,◎,,0.2747,0.667,,0.2794,B,47,0,◎○△フォーメーション（15〜20点）,0.5777,"{'is_target': True, 'verdict': '参加推奨', 'max_combo_prob': 0.0472, 'est_top_odds': 28.2, 'circle_concentration': 63.4, 'eligible_count': 9, 'bet_adj': 2, 'reason': 'rel_win1=45.3%（本命度） / 最有力組み合わせ確率: 0.047（推定実オッズ?28倍） / 2着集中度: 上位2艇 63.4%（補正+0.00） / 総合判定確率: 0.047 / → ヒモ分散。1号艇1着固定で広めのヒモ流し推奨（買い目+2点）', 'tenji_trigger': '展示確認: ヒモ分散レース。1号艇伸び確認後、広めのヒモ流しを採用。穴ヒモ（5・6号艇）を積極的に含める。'}",,,31,両建て推奨,23.59,31.9,3,,,,,,,,,,,
2025-04-03,丸亀,9,4,庄司樹良,B1,31.75,4,○,12.412,32.7,64,60.7,0.1272,2.4754,,,0,低,89,0,差0% ま0% 抜0%,3 6231,0,67.3,1.3291,0,0.0323,0.129,0,0.0323,0.0414,0.219,0.0138,,◎,C,△,◎,0.4233,0.6125,0.34,0.2794,B,47,0,◎○△フォーメーション（15〜20点）,0.5777,"{'is_target': True, 'verdict': '参加推奨', 'max_combo_prob': 0.0472, 'est_top_odds': 28.2, 'circle_concentration': 63.4, 'eligible_count': 9, 'bet_adj': 2, 'reason': 'rel_win1=45.3%（本命度） / 最有力組み合わせ確率: 0.047（推定実オッズ?28倍） / 2着集中度: 上位2艇 63.4%（補正+0.00） / 総合判定確率: 0.047 / → ヒモ分散。1号艇1着固定で広めのヒモ流し推奨（買い目+2点）', 'tenji_trigger': '展示確認: ヒモ分散レース。1号艇伸び確認後、広めのヒモ流しを採用。穴ヒモ（5・6号艇）を積極的に含める。'}",,,31,両建て推奨,23.59,31.9,3,,,,,,,,,,,
2025-04-03,丸亀,9,5,松本　怜,B1,19.82,5,,2.8993,9.3,74,39.1,0.1413,3.087,,,0,低,54,0,-,5 334,0,30.3,0.5667,,,,,,0,0.5,0.25,,,E,,,0.3629,0.572,,0.2794,B,47,0,◎○△フォーメーション（15〜20点）,0.5777,"{'is_target': True, 'verdict': '参加推奨', 'max_combo_prob': 0.0472, 'est_top_odds': 28.2, 'circle_concentration': 63.4, 'eligible_count': 9, 'bet_adj': 2, 'reason': 'rel_win1=45.3%（本命度） / 最有力組み合わせ確率: 0.047（推定実オッズ?28倍） / 2着集中度: 上位2艇 63.4%（補正+0.00） / 総合判定確率: 0.047 / → ヒモ分散。1号艇1着固定で広めのヒモ流し推奨（買い目+2点）', 'tenji_trigger': '展示確認: ヒモ分散レース。1号艇伸び確認後、広めのヒモ流しを採用。穴ヒモ（5・6号艇）を積極的に含める。'}",,,31,両建て推奨,23.59,31.9,3,,,,,,,,,,,
2025-04-03,丸亀,9,6,内堀　学,A2,24.55,6,,7.3161,10.2,52,40.3,0.1446,3.2612,,,0,低,152,0,-,3 4341,0,26.6,0.9156,0,0,0.08,0,0.04,0.0718,0.3015,0.041,,,D,,○,0.3378,0.603,0.1961,0.2794,B,47,0,◎○△フォーメーション（15〜20点）,0.5777,"{'is_target': True, 'verdict': '参加推奨', 'max_combo_prob': 0.0472, 'est_top_odds': 28.2, 'circle_concentration': 63.4, 'eligible_count': 9, 'bet_adj': 2, 'reason': 'rel_win1=45.3%（本命度） / 最有力組み合わせ確率: 0.047（推定実オッズ?28倍） / 2着集中度: 上位2艇 63.4%（補正+0.00） / 総合判定確率: 0.047 / → ヒモ分散。1号艇1着固定で広めのヒモ流し推奨（買い目+2点）', 'tenji_trigger': '展示確認: ヒモ分散レース。1号艇伸び確認後、広めのヒモ流しを採用。穴ヒモ（5・6号艇）を積極的に含める。'}",,,31,両建て推奨,23.59,31.9,3,,,,,,,,,,,
2025-04-03,丸亀,10,1,中村桃佳,B2,26.23,1,◎,52.7759,,0,91.3,0.1557,2.7391,,,0,低,41,0,逃1%,215563,0,86.8,1.1328,0.4706,,,,,0.0471,0.0706,0.2706,◎,,D,△,,,0.6205,,0.4871,S,91,0,◎1着固定 2-3着流し（5〜8点）,0.5777,"{'is_target': True, 'verdict': '点数絞り', 'max_combo_prob': 0.0866, 'est_top_odds': 15.4, 'circle_concentration': 70.5, 'eligible_count': 6, 'bet_adj': 0, 'reason': 'rel_win1=52.8%（本命度） / 最有力組み合わせ確率: 0.087（推定実オッズ?15倍） / 2着集中度: 上位2艇 70.5%（補正+0.04） / 総合判定確率: 0.127 / → ヒモはやや固め。上位2艇以外を切ること', 'tenji_trigger': '展示確認: 1号艇伸び良→そのまま採用。悪→飛び組に差し替え。circle_pct上位2艇に絞り込むこと。'}",,,28.9,逃げ狙い,20.08,29,5,,,,,0,0,0.7559,0,,逃げ軸流し,A
2025-04-03,丸亀,10,2,大野芳顕,A2,37.39,2,○,10.931,43.3,59,60.3,0.1576,3.5833,,,0,低,139,0,-,461113,0,88.2,0.7643,0,0.1515,0.0303,0,0.0303,0.09,0.11,0.14,,,B,○,,0.3134,0.6345,,0.4871,S,91,0,◎1着固定 2-3着流し（5〜8点）,0.5777,"{'is_target': True, 'verdict': '点数絞り', 'max_combo_prob': 0.0866, 'est_top_odds': 15.4, 'circle_concentration': 70.5, 'eligible_count': 6, 'bet_adj': 0, 'reason': 'rel_win1=52.8%（本命度） / 最有力組み合わせ確率: 0.087（推定実オッズ?15倍） / 2着集中度: 上位2艇 70.5%（補正+0.04） / 総合判定確率: 0.127 / → ヒモはやや固め。上位2艇以外を切ること', 'tenji_trigger': '展示確認: 1号艇伸び良→そのまま採用。悪→飛び組に差し替え。circle_pct上位2艇に絞り込むこと。'}",,,28.9,逃げ狙い,20.08,29,5,,,,,,,,,,,
2025-04-03,丸亀,10,3,蒲原健太,A2,32.26,3,△,9.5035,27.2,65,61.4,0.2016,3.9035,,,0,低,193,0,-,223 34,0,77.1,1.7125,0,0.0385,0,0.0385,0,0.0953,0.3224,0.2271,,,B,,,0.1069,0.54,,0.4871,S,91,0,◎1着固定 2-3着流し（5〜8点）,0.5777,"{'is_target': True, 'verdict': '点数絞り', 'max_combo_prob': 0.0866, 'est_top_odds': 15.4, 'circle_concentration': 70.5, 'eligible_count': 6, 'bet_adj': 0, 'reason': 'rel_win1=52.8%（本命度） / 最有力組み合わせ確率: 0.087（推定実オッズ?15倍） / 2着集中度: 上位2艇 70.5%（補正+0.04） / 総合判定確率: 0.127 / → ヒモはやや固め。上位2艇以外を切ること', 'tenji_trigger': '展示確認: 1号艇伸び良→そのまま採用。悪→飛び組に差し替え。circle_pct上位2艇に絞り込むこと。'}",,,28.9,逃げ狙い,20.08,29,5,,,,,,,,,,,
2025-04-03,丸亀,10,4,桐本康臣,A1,24.00,4,,12.2957,16,78,63.9,0.1418,3.2951,,,0,低,119,0,差0% ま0% 差ま0%,261425,0,77.2,1.4028,0,0.0357,0.0357,0.1071,0,0.109,0.3681,0.0426,,,E,◎,◎,0.3546,0.646,0.3714,0.4871,S,91,0,◎1着固定 2-3着流し（5〜8点）,0.5777,"{'is_target': True, 'verdict': '点数絞り', 'max_combo_prob': 0.0866, 'est_top_odds': 15.4, 'circle_concentration': 70.5, 'eligible_count': 6, 'bet_adj': 0, 'reason': 'rel_win1=52.8%（本命度） / 最有力組み合わせ確率: 0.087（推定実オッズ?15倍） / 2着集中度: 上位2艇 70.5%（補正+0.04） / 総合判定確率: 0.127 / → ヒモはやや固め。上位2艇以外を切ること', 'tenji_trigger': '展示確認: 1号艇伸び良→そのまま採用。悪→飛び組に差し替え。circle_pct上位2艇に絞り込むこと。'}",,,28.9,逃げ狙い,20.08,29,5,,,,,,,,,,,
2025-04-03,丸亀,10,5,平尾崇典,A1,26.98,5,,13.4161,12.4,100,81.6,0.161,3.398,,,0,低,104,0,-,423416,0,44.2,0.9483,0,0.05,0.05,0.05,0,0.0278,0.0833,0.1389,,,D,,○,0.2747,0.6045,0.2894,0.4871,S,91,0,◎1着固定 2-3着流し（5〜8点）,0.5777,"{'is_target': True, 'verdict': '点数絞り', 'max_combo_prob': 0.0866, 'est_top_odds': 15.4, 'circle_concentration': 70.5, 'eligible_count': 6, 'bet_adj': 0, 'reason': 'rel_win1=52.8%（本命度） / 最有力組み合わせ確率: 0.087（推定実オッズ?15倍） / 2着集中度: 上位2艇 70.5%（補正+0.04） / 総合判定確率: 0.127 / → ヒモはやや固め。上位2艇以外を切ること', 'tenji_trigger': '展示確認: 1号艇伸び良→そのまま採用。悪→飛び組に差し替え。circle_pct上位2艇に絞り込むこと。'}",,,28.9,逃げ狙い,20.08,29,5,,,,,,,,,,,
2025-04-03,丸亀,10,6,大西隆洋,B1,31.90,6,▲,1.0779,1.1,21,15.2,0.1359,2.8696,,,0,低,103,0,-,234616,0,33.2,1.6644,,,,,,0.3077,0.0769,0.3077,,,C,△,,0.3755,0.6055,,0.4871,S,91,0,◎1着固定 2-3着流し（5〜8点）,0.5777,"{'is_target': True, 'verdict': '点数絞り', 'max_combo_prob': 0.0866, 'est_top_odds': 15.4, 'circle_concentration': 70.5, 'eligible_count': 6, 'bet_adj': 0, 'reason': 'rel_win1=52.8%（本命度） / 最有力組み合わせ確率: 0.087（推定実オッズ?15倍） / 2着集中度: 上位2艇 70.5%（補正+0.04） / 総合判定確率: 0.127 / → ヒモはやや固め。上位2艇以外を切ること', 'tenji_trigger': '展示確認: 1号艇伸び良→そのまま採用。悪→飛び組に差し替え。circle_pct上位2艇に絞り込むこと。'}",,,28.9,逃げ狙い,20.08,29,5,,,,,,,,,,,
2025-04-03,丸亀,11,1,谷村一哉,A2,27.07,1,◎,54.9064,,0,93.8,0.1546,3.0538,,,0,低,78,0,-,1 1323,0,60.7,0.9997,0.7083,,,,,0.0542,0.0708,0.1083,◎,,D,△,,,0.642,,0.5672,A,77,0,◎-○軸 3着3〜4艇流し（10〜15点）,0.5777,"{'is_target': True, 'verdict': '参加推奨', 'max_combo_prob': 0.0532, 'est_top_odds': 25.1, 'circle_concentration': 62.2, 'eligible_count': 8, 'bet_adj': 2, 'reason': 'rel_win1=54.9%（本命度） / 最有力組み合わせ確率: 0.053（推定実オッズ?25倍） / 2着集中度: 上位2艇 62.2%（補正+0.00） / 総合判定確率: 0.053 / → ヒモ分散。1号艇1着固定で広めのヒモ流し推奨（買い目+2点）', 'tenji_trigger': '展示確認: ヒモ分散レース。1号艇伸び確認後、広めのヒモ流しを採用。穴ヒモ（5・6号艇）を積極的に含める。'}",,,30.9,逃げ狙い,28.8,27.1,4,,,,,0,0,0.7559,0,,逃げ軸流し,A
2025-04-03,丸亀,11,2,山本隆幸,A2,30.89,2,▲,13.4399,34.2,76,67.8,0.1731,3.7119,,,0,低,130,0,-,4 1124,0,98.3,1.9421,0,0,0.0909,0,0.0455,0,0.0645,0.2258,,,C,,,0.1275,0.631,,0.5672,A,77,0,◎-○軸 3着3〜4艇流し（10〜15点）,0.5777,"{'is_target': True, 'verdict': '参加推奨', 'max_combo_prob': 0.0532, 'est_top_odds': 25.1, 'circle_concentration': 62.2, 'eligible_count': 8, 'bet_adj': 2, 'reason': 'rel_win1=54.9%（本命度） / 最有力組み合わせ確率: 0.053（推定実オッズ?25倍） / 2着集中度: 上位2艇 62.2%（補正+0.00） / 総合判定確率: 0.053 / → ヒモ分散。1号艇1着固定で広めのヒモ流し推奨（買い目+2点）', 'tenji_trigger': '展示確認: ヒモ分散レース。1号艇伸び確認後、広めのヒモ流しを採用。穴ヒモ（5・6号艇）を積極的に含める。'}",,,30.9,逃げ狙い,28.8,27.1,4,,,,,,,,,,,
2025-04-03,丸亀,11,3,石田政吾,A2,44.83,3,○,10.6823,28,100,74,0.1502,3.37,,,0,低,126,0,-,322324,0,57.5,0.9483,0,0,0.1429,0.0952,0,0.0615,0.2123,0.1662,,,A,△,,0.3378,0.6375,,0.5672,A,77,0,◎-○軸 3着3〜4艇流し（10〜15点）,0.5777,"{'is_target': True, 'verdict': '参加推奨', 'max_combo_prob': 0.0532, 'est_top_odds': 25.1, 'circle_concentration': 62.2, 'eligible_count': 8, 'bet_adj': 2, 'reason': 'rel_win1=54.9%（本命度） / 最有力組み合わせ確率: 0.053（推定実オッズ?25倍） / 2着集中度: 上位2艇 62.2%（補正+0.00） / 総合判定確率: 0.053 / → ヒモ分散。1号艇1着固定で広めのヒモ流し推奨（買い目+2点）', 'tenji_trigger': '展示確認: ヒモ分散レース。1号艇伸び確認後、広めのヒモ流しを採用。穴ヒモ（5・6号艇）を積極的に含める。'}",,,30.9,逃げ狙い,28.8,27.1,4,,,,,,,,,,,
2025-04-03,丸亀,11,4,作間　章,A1,27.93,4,△,13.1018,20.8,95,80.3,0.152,3.3788,,,0,低,178,0,差0% ま0% 差ま0% 抜0%,551335,0,80.9,1.6462,0,0.0714,0.0714,0.1071,0.0714,0.1962,0.0886,0.0095,,,D,,◎,0.3135,0.598,0.4617,0.5672,A,77,0,◎-○軸 3着3〜4艇流し（10〜15点）,0.5777,"{'is_target': True, 'verdict': '参加推奨', 'max_combo_prob': 0.0532, 'est_top_odds': 25.1, 'circle_concentration': 62.2, 'eligible_count': 8, 'bet_adj': 2, 'reason': 'rel_win1=54.9%（本命度） / 最有力組み合わせ確率: 0.053（推定実オッズ?25倍） / 2着集中度: 上位2艇 62.2%（補正+0.00） / 総合判定確率: 0.053 / → ヒモ分散。1号艇1着固定で広めのヒモ流し推奨（買い目+2点）', 'tenji_trigger': '展示確認: ヒモ分散レース。1号艇伸び確認後、広めのヒモ流しを採用。穴ヒモ（5・6号艇）を積極的に含める。'}",,,30.9,逃げ狙い,28.8,27.1,4,,,,,,,,,,,
2025-04-03,丸亀,11,5,前田篤哉,A1,29.03,5,,7.0037,10.9,96,64,0.1694,3.85,,,0,低,107,0,-,533215,0,39.8,0.9957,0,0,0,0,0.05,0.0133,0.2667,0.0133,,,D,○,○,0.2637,0.646,0.2528,0.5672,A,77,0,◎-○軸 3着3〜4艇流し（10〜15点）,0.5777,"{'is_target': True, 'verdict': '参加推奨', 'max_combo_prob': 0.0532, 'est_top_odds': 25.1, 'circle_concentration': 62.2, 'eligible_count': 8, 'bet_adj': 2, 'reason': 'rel_win1=54.9%（本命度） / 最有力組み合わせ確率: 0.053（推定実オッズ?25倍） / 2着集中度: 上位2艇 62.2%（補正+0.00） / 総合判定確率: 0.053 / → ヒモ分散。1号艇1着固定で広めのヒモ流し推奨（買い目+2点）', 'tenji_trigger': '展示確認: ヒモ分散レース。1号艇伸び確認後、広めのヒモ流しを採用。穴ヒモ（5・6号艇）を積極的に含める。'}",,,30.9,逃げ狙い,28.8,27.1,4,,,,,,,,,,,
2025-04-03,丸亀,11,6,渡邉俊介,B1,29.32,6,,0.8659,6.1,62,34.6,0.1717,4.1538,,,0,低,57,0,-,442 16,0,30.5,1.3706,,,,,,0.1187,0.1316,0.1432,,,C,◎,,0.2556,0.697,,0.5672,A,77,0,◎-○軸 3着3〜4艇流し（10〜15点）,0.5777,"{'is_target': True, 'verdict': '参加推奨', 'max_combo_prob': 0.0532, 'est_top_odds': 25.1, 'circle_concentration': 62.2, 'eligible_count': 8, 'bet_adj': 2, 'reason': 'rel_win1=54.9%（本命度） / 最有力組み合わせ確率: 0.053（推定実オッズ?25倍） / 2着集中度: 上位2艇 62.2%（補正+0.00） / 総合判定確率: 0.053 / → ヒモ分散。1号艇1着固定で広めのヒモ流し推奨（買い目+2点）', 'tenji_trigger': '展示確認: ヒモ分散レース。1号艇伸び確認後、広めのヒモ流しを採用。穴ヒモ（5・6号艇）を積極的に含める。'}",,,30.9,逃げ狙い,28.8,27.1,4,,,,,,,,,,,
2025-04-03,丸亀,12,1,近江翔吾,A1,45.97,1,◎,61.6699,,0,92.7,0.1291,2.3015,,,0,低,52,0,逃1%,112161,0,89,1.1569,0.7838,,,,,0.0811,0.0541,0.027,◎,,B,△,,,0.6415,,0.7385,S,94,0,◎1着固定 2-3着流し（5〜8点）,0.5777,"{'is_target': True, 'verdict': '参加推奨', 'max_combo_prob': 0.097, 'est_top_odds': 13.7, 'circle_concentration': 67.3, 'eligible_count': 6, 'bet_adj': 2, 'reason': 'rel_win1=61.7%（本命度） / 最有力組み合わせ確率: 0.097（推定実オッズ?14倍） / 2着集中度: 上位2艇 67.3%（補正+0.00） / 総合判定確率: 0.097 / → ヒモ分散。1号艇1着固定で広めのヒモ流し推奨（買い目+2点）', 'tenji_trigger': '展示確認: ヒモ分散レース。1号艇伸び確認後、広めのヒモ流しを採用。穴ヒモ（5・6号艇）を積極的に含める。\n展示で1号艇スタート超安定(0.129秒)→ヒモ固まり方向に注意'}",,,27.3,逃げ狙い,19.56,24.8,3,,,,,0,0,0.7559,0,,逃げ軸流し,A
2025-04-03,丸亀,12,2,平田健之,A1,30.33,2,△,8.2173,45.3,76,72.6,0.1524,3,,,0,低,124,0,-,212461,0,33.9,0.8988,0,0.087,0.0435,0,0,0.1375,0.025,0.125,,,D,,,0.0845,0.6155,,0.7385,S,94,0,◎1着固定 2-3着流し（5〜8点）,0.5777,"{'is_target': True, 'verdict': '参加推奨', 'max_combo_prob': 0.097, 'est_top_odds': 13.7, 'circle_concentration': 67.3, 'eligible_count': 6, 'bet_adj': 2, 'reason': 'rel_win1=61.7%（本命度） / 最有力組み合わせ確率: 0.097（推定実オッズ?14倍） / 2着集中度: 上位2艇 67.3%（補正+0.00） / 総合判定確率: 0.097 / → ヒモ分散。1号艇1着固定で広めのヒモ流し推奨（買い目+2点）', 'tenji_trigger': '展示確認: ヒモ分散レース。1号艇伸び確認後、広めのヒモ流しを採用。穴ヒモ（5・6号艇）を積極的に含める。\n展示で1号艇スタート超安定(0.129秒)→ヒモ固まり方向に注意'}",,,27.3,逃げ狙い,19.56,24.8,3,,,,,,,,,,,
2025-04-03,丸亀,12,3,丹下　将,A2,48.21,3,○,10.9327,22,100,67.7,0.1529,3.3077,,,0,低,115,0,-,223511,0,26.7,0.8677,0,0,0.1515,0.0303,0,0.0588,0.2067,0.1445,,,A,△,,0.1923,0.66,,0.7385,S,94,0,◎1着固定 2-3着流し（5〜8点）,0.5777,"{'is_target': True, 'verdict': '参加推奨', 'max_combo_prob': 0.097, 'est_top_odds': 13.7, 'circle_concentration': 67.3, 'eligible_count': 6, 'bet_adj': 2, 'reason': 'rel_win1=61.7%（本命度） / 最有力組み合わせ確率: 0.097（推定実オッズ?14倍） / 2着集中度: 上位2艇 67.3%（補正+0.00） / 総合判定確率: 0.097 / → ヒモ分散。1号艇1着固定で広めのヒモ流し推奨（買い目+2点）', 'tenji_trigger': '展示確認: ヒモ分散レース。1号艇伸び確認後、広めのヒモ流しを採用。穴ヒモ（5・6号艇）を積極的に含める。\n展示で1号艇スタート超安定(0.129秒)→ヒモ固まり方向に注意'}",,,27.3,逃げ狙い,19.56,24.8,3,,,,,,,,,,,
2025-04-03,丸亀,12,4,横田貴満,A2,40.80,4,▲,9.6965,19.8,81,67.2,0.1549,3.4254,,,0,低,87,0,-,311152,0,39.3,0.8264,0,0.12,0,0.04,0,0.1446,0.0435,0.1011,,,C,◎,◎,0.1945,0.6885,0.4376,0.7385,S,94,0,◎1着固定 2-3着流し（5〜8点）,0.5777,"{'is_target': True, 'verdict': '参加推奨', 'max_combo_prob': 0.097, 'est_top_odds': 13.7, 'circle_concentration': 67.3, 'eligible_count': 6, 'bet_adj': 2, 'reason': 'rel_win1=61.7%（本命度） / 最有力組み合わせ確率: 0.097（推定実オッズ?14倍） / 2着集中度: 上位2艇 67.3%（補正+0.00） / 総合判定確率: 0.097 / → ヒモ分散。1号艇1着固定で広めのヒモ流し推奨（買い目+2点）', 'tenji_trigger': '展示確認: ヒモ分散レース。1号艇伸び確認後、広めのヒモ流しを採用。穴ヒモ（5・6号艇）を積極的に含める。\n展示で1号艇スタート超安定(0.129秒)→ヒモ固まり方向に注意'}",,,27.3,逃げ狙い,19.56,24.8,3,,,,,,,,,,,
2025-04-03,丸亀,12,5,木谷賢太,A1,25.40,5,,4.835,12.2,82,59.6,0.177,3.9787,,,0,低,107,0,差ま0%,141552,0,75.5,1.3926,0,0,0,0.0476,0,0.0343,0.0114,0.1957,,,E,○,,0.1314,0.663,,0.7385,S,94,0,◎1着固定 2-3着流し（5〜8点）,0.5777,"{'is_target': True, 'verdict': '参加推奨', 'max_combo_prob': 0.097, 'est_top_odds': 13.7, 'circle_concentration': 67.3, 'eligible_count': 6, 'bet_adj': 2, 'reason': 'rel_win1=61.7%（本命度） / 最有力組み合わせ確率: 0.097（推定実オッズ?14倍） / 2着集中度: 上位2艇 67.3%（補正+0.00） / 総合判定確率: 0.097 / → ヒモ分散。1号艇1着固定で広めのヒモ流し推奨（買い目+2点）', 'tenji_trigger': '展示確認: ヒモ分散レース。1号艇伸び確認後、広めのヒモ流しを採用。穴ヒモ（5・6号艇）を積極的に含める。\n展示で1号艇スタート超安定(0.129秒)→ヒモ固まり方向に注意'}",,,27.3,逃げ狙い,19.56,24.8,3,,,,,,,,,,,
2025-04-03,丸亀,12,6,上田紗奈,A2,31.45,6,,4.6487,0.7,25,15.8,0.1768,3.3684,,,0,低,90,0,ま0%,422 22,0,31,0.9739,0,0,0.0714,0,0,0,0.1771,0.2971,,,D,,,0.1446,0.6315,,0.7385,S,94,0,◎1着固定 2-3着流し（5〜8点）,0.5777,"{'is_target': True, 'verdict': '参加推奨', 'max_combo_prob': 0.097, 'est_top_odds': 13.7, 'circle_concentration': 67.3, 'eligible_count': 6, 'bet_adj': 2, 'reason': 'rel_win1=61.7%（本命度） / 最有力組み合わせ確率: 0.097（推定実オッズ?14倍） / 2着集中度: 上位2艇 67.3%（補正+0.00） / 総合判定確率: 0.097 / → ヒモ分散。1号艇1着固定で広めのヒモ流し推奨（買い目+2点）', 'tenji_trigger': '展示確認: ヒモ分散レース。1号艇伸び確認後、広めのヒモ流しを採用。穴ヒモ（5・6号艇）を積極的に含める。\n展示で1号艇スタート超安定(0.129秒)→ヒモ固まり方向に注意'}",,,27.3,逃げ狙い,19.56,24.8,3,,,,,,,,,,,
2025-04-07,丸亀,1,1,松浦　勝,B1,40.00,1,◎,57.8495,,0,56.1,0.1768,3.4268,,,0,低,112,0,逃0%,,0,48.4,0.8028,0.35,,,,,0.3,0.26,0.04,△,,A,△,,,0.6085,,0.2853,B,51,0,◎○△フォーメーション（15〜20点）,0.5777,"{'is_target': True, 'verdict': '参加推奨', 'max_combo_prob': 0.0876, 'est_top_odds': 15.2, 'circle_concentration': 61.0, 'eligible_count': 9, 'bet_adj': 2, 'reason': 'rel_win1=57.8%（本命度） / 最有力組み合わせ確率: 0.088（推定実オッズ?15倍） / 2着集中度: 上位2艇 61.0%（補正+0.00） / 総合判定確率: 0.088 / → ヒモ分散。1号艇1着固定で広めのヒモ流し推奨（買い目+2点）', 'tenji_trigger': '展示確認: ヒモ分散レース。1号艇伸び確認後、広めのヒモ流しを採用。穴ヒモ（5・6号艇）を積極的に含める。'}",,,34.7,両建て推奨,12.24,38,3,2-1-3|1-2-3|1-2-5|1-3-2|1-3-5|1-5-2,5-1-6|5-6-1|2-1-3|6-1-3|5-1-3|6-1-4|6-1-5|1-2-3|1-2-5|1-3-2|1-3-5|1-5-2,2-1-3:2.76%|1-2-3:7.28%|1-2-5:7.26%|1-3-2:5.27%|1-3-5:4.96%|1-5-2:4.16%,2-1-3:B_main|1-2-3:A|1-2-5:A|1-3-2:A|1-3-5:A|1-5-2:A,6,12,0.4535,1,[!]見送り推奨（主役決まり手「差し」― 逃げ劣勢レースで的中実績なし）,荒れ広め,D
2025-04-07,丸亀,1,2,岡本翔太,B1,28.68,2,○,11.9728,38,76,48.6,0.1272,2.5347,,,0,低,61,0,差0%,,0,42.4,0.96,0,0.08,0,0,0.04,0.19,0.08,0.19,,◎,D,◎,,0.6123,0.6355,,0.2853,B,51,0,◎○△フォーメーション（15〜20点）,0.5777,"{'is_target': True, 'verdict': '参加推奨', 'max_combo_prob': 0.0876, 'est_top_odds': 15.2, 'circle_concentration': 61.0, 'eligible_count': 9, 'bet_adj': 2, 'reason': 'rel_win1=57.8%（本命度） / 最有力組み合わせ確率: 0.088（推定実オッズ?15倍） / 2着集中度: 上位2艇 61.0%（補正+0.00） / 総合判定確率: 0.088 / → ヒモ分散。1号艇1着固定で広めのヒモ流し推奨（買い目+2点）', 'tenji_trigger': '展示確認: ヒモ分散レース。1号艇伸び確認後、広めのヒモ流しを採用。穴ヒモ（5・6号艇）を積極的に含める。'}",,,34.7,両建て推奨,12.24,38,3,,,,,,,,,,,
2025-04-07,丸亀,1,3,井上大輔,B1,27.73,3,,14.3844,23,100,60.9,0.1534,3.0469,,,0,低,121,0,-,,0,35.8,0.9579,0,0.0357,0.1071,0.0357,0,0.22,0.14,0.06,,○,D,○,,0.458,0.6275,,0.2853,B,51,0,◎○△フォーメーション（15〜20点）,0.5777,"{'is_target': True, 'verdict': '参加推奨', 'max_combo_prob': 0.0876, 'est_top_odds': 15.2, 'circle_concentration': 61.0, 'eligible_count': 9, 'bet_adj': 2, 'reason': 'rel_win1=57.8%（本命度） / 最有力組み合わせ確率: 0.088（推定実オッズ?15倍） / 2着集中度: 上位2艇 61.0%（補正+0.00） / 総合判定確率: 0.088 / → ヒモ分散。1号艇1着固定で広めのヒモ流し推奨（買い目+2点）', 'tenji_trigger': '展示確認: ヒモ分散レース。1号艇伸び確認後、広めのヒモ流しを採用。穴ヒモ（5・6号艇）を積極的に含める。'}",,,34.7,両建て推奨,12.24,38,3,,,,,,,,,,,
2025-04-07,丸亀,1,4,森林　太,B1,34.68,4,△,8.3835,15.6,66,34.5,0.1905,4.1379,,,0,低,204,0,-,,0,25.9,0.8328,0,0.04,0,0.04,0,0.0667,0.3556,0.1222,,,B,,,0.2684,0.555,,0.2853,B,51,0,◎○△フォーメーション（15〜20点）,0.5777,"{'is_target': True, 'verdict': '参加推奨', 'max_combo_prob': 0.0876, 'est_top_odds': 15.2, 'circle_concentration': 61.0, 'eligible_count': 9, 'bet_adj': 2, 'reason': 'rel_win1=57.8%（本命度） / 最有力組み合わせ確率: 0.088（推定実オッズ?15倍） / 2着集中度: 上位2艇 61.0%（補正+0.00） / 総合判定確率: 0.088 / → ヒモ分散。1号艇1着固定で広めのヒモ流し推奨（買い目+2点）', 'tenji_trigger': '展示確認: ヒモ分散レース。1号艇伸び確認後、広めのヒモ流しを採用。穴ヒモ（5・6号艇）を積極的に含める。'}",,,34.7,両建て推奨,12.24,38,3,,,,,,,,,,,
2025-04-07,丸亀,1,5,亀本勇樹,B1,33.08,5,▲,5.1092,16.5,52,47.1,0.1459,3.5882,,,0,低,75,0,-,,0,84.1,1.39,,,,,,0.2083,0.05,0.125,,△,C,,,0.4509,0.5815,,0.2853,B,51,0,◎○△フォーメーション（15〜20点）,0.5777,"{'is_target': True, 'verdict': '参加推奨', 'max_combo_prob': 0.0876, 'est_top_odds': 15.2, 'circle_concentration': 61.0, 'eligible_count': 9, 'bet_adj': 2, 'reason': 'rel_win1=57.8%（本命度） / 最有力組み合わせ確率: 0.088（推定実オッズ?15倍） / 2着集中度: 上位2艇 61.0%（補正+0.00） / 総合判定確率: 0.088 / → ヒモ分散。1号艇1着固定で広めのヒモ流し推奨（買い目+2点）', 'tenji_trigger': '展示確認: ヒモ分散レース。1号艇伸び確認後、広めのヒモ流しを採用。穴ヒモ（5・6号艇）を積極的に含める。'}",,,34.7,両建て推奨,12.24,38,3,,,,,,,,,,,
2025-04-07,丸亀,1,6,宇土泰就,B1,26.77,6,,2.3006,6.9,33,16.7,0.1648,3.6111,,,0,低,106,0,-,,0,26.2,0.7644,,,,,,0.1471,0.4412,0.0471,,,E,△,,0.3872,0.619,,0.2853,B,51,0,◎○△フォーメーション（15〜20点）,0.5777,"{'is_target': True, 'verdict': '参加推奨', 'max_combo_prob': 0.0876, 'est_top_odds': 15.2, 'circle_concentration': 61.0, 'eligible_count': 9, 'bet_adj': 2, 'reason': 'rel_win1=57.8%（本命度） / 最有力組み合わせ確率: 0.088（推定実オッズ?15倍） / 2着集中度: 上位2艇 61.0%（補正+0.00） / 総合判定確率: 0.088 / → ヒモ分散。1号艇1着固定で広めのヒモ流し推奨（買い目+2点）', 'tenji_trigger': '展示確認: ヒモ分散レース。1号艇伸び確認後、広めのヒモ流しを採用。穴ヒモ（5・6号艇）を積極的に含める。'}",,,34.7,両建て推奨,12.24,38,3,,,,,,,,,,,
2025-04-07,丸亀,2,1,坂東　満,B1,35.82,1,◎,52.1036,,0,83.7,0.1572,2.8488,,,0,低,95,0,逃0%,,0,66.1,1.0653,0.4118,,,,,0.0706,0.2039,0.2039,◎,,C,△,,,0.6315,,0.4945,A,76,0,◎-○軸 3着3〜4艇流し（10〜15点）,0.5777,"{'is_target': True, 'verdict': '参加推奨', 'max_combo_prob': 0.0751, 'est_top_odds': 17.7, 'circle_concentration': 65.6, 'eligible_count': 8, 'bet_adj': 2, 'reason': 'rel_win1=52.1%（本命度） / 最有力組み合わせ確率: 0.075（推定実オッズ?18倍） / 2着集中度: 上位2艇 65.6%（補正+0.00） / 総合判定確率: 0.075 / → ヒモ分散。1号艇1着固定で広めのヒモ流し推奨（買い目+2点）', 'tenji_trigger': '展示確認: ヒモ分散レース。1号艇伸び確認後、広めのヒモ流しを採用。穴ヒモ（5・6号艇）を積極的に含める。'}",,,27.9,逃げ狙い,13.51,31.8,2,,,,,0,0,0.7559,0,,逃げ軸流し,A
2025-04-07,丸亀,2,2,沖島広和,B1,19.66,2,,14.178,41.1,67,69,0.1793,4.1207,,,0,低,143,0,-,,0,100,2.6488,0,0.15,0,0,0.05,0.2615,0.0308,0.1769,,,E,△,,0.1136,0.637,,0.4945,A,76,0,◎-○軸 3着3〜4艇流し（10〜15点）,0.5777,"{'is_target': True, 'verdict': '参加推奨', 'max_combo_prob': 0.0751, 'est_top_odds': 17.7, 'circle_concentration': 65.6, 'eligible_count': 8, 'bet_adj': 2, 'reason': 'rel_win1=52.1%（本命度） / 最有力組み合わせ確率: 0.075（推定実オッズ?18倍） / 2着集中度: 上位2艇 65.6%（補正+0.00） / 総合判定確率: 0.075 / → ヒモ分散。1号艇1着固定で広めのヒモ流し推奨（買い目+2点）', 'tenji_trigger': '展示確認: ヒモ分散レース。1号艇伸び確認後、広めのヒモ流しを採用。穴ヒモ（5・6号艇）を積極的に含める。'}",,,27.9,逃げ狙い,13.51,31.8,2,,,,,,,,,,,
2025-04-07,丸亀,2,3,土井祥伍,B1,31.25,3,,11.4077,24.5,61,44.4,0.1676,3.4683,,,0,低,170,0,-,,0,29.8,0.944,0,0,0.037,0,0.0741,0,0.3556,0.1667,,,D,,,0.2268,0.578,,0.4945,A,76,0,◎-○軸 3着3〜4艇流し（10〜15点）,0.5777,"{'is_target': True, 'verdict': '参加推奨', 'max_combo_prob': 0.0751, 'est_top_odds': 17.7, 'circle_concentration': 65.6, 'eligible_count': 8, 'bet_adj': 2, 'reason': 'rel_win1=52.1%（本命度） / 最有力組み合わせ確率: 0.075（推定実オッズ?18倍） / 2着集中度: 上位2艇 65.6%（補正+0.00） / 総合判定確率: 0.075 / → ヒモ分散。1号艇1着固定で広めのヒモ流し推奨（買い目+2点）', 'tenji_trigger': '展示確認: ヒモ分散レース。1号艇伸び確認後、広めのヒモ流しを採用。穴ヒモ（5・6号艇）を積極的に含める。'}",,,27.9,逃げ狙い,13.51,31.8,2,,,,,,,,,,,
2025-04-07,丸亀,2,4,萩原丈太,B2,38.76,4,△,11.7847,10,50,18.2,0.1773,3.2045,,,0,低,78,0,差ま0%,,0,27.6,0.8209,0,0,0,0.0714,0,0,0,0,,,C,,,0.2142,0.556,,0.4945,A,76,0,◎-○軸 3着3〜4艇流し（10〜15点）,0.5777,"{'is_target': True, 'verdict': '参加推奨', 'max_combo_prob': 0.0751, 'est_top_odds': 17.7, 'circle_concentration': 65.6, 'eligible_count': 8, 'bet_adj': 2, 'reason': 'rel_win1=52.1%（本命度） / 最有力組み合わせ確率: 0.075（推定実オッズ?18倍） / 2着集中度: 上位2艇 65.6%（補正+0.00） / 総合判定確率: 0.075 / → ヒモ分散。1号艇1着固定で広めのヒモ流し推奨（買い目+2点）', 'tenji_trigger': '展示確認: ヒモ分散レース。1号艇伸び確認後、広めのヒモ流しを採用。穴ヒモ（5・6号艇）を積極的に含める。'}",,,27.9,逃げ狙い,13.51,31.8,2,,,,,,,,,,,
2025-04-07,丸亀,2,5,山田亮太,A2,41.13,5,○,8.2907,14,74,55.8,0.156,2.9808,,,0,低,92,0,差ま0%,,0,77.8,1.6117,0,0,0,0.087,0,0.1058,0.0308,0.0615,,,B,○,,0.2983,0.642,,0.4945,A,76,0,◎-○軸 3着3〜4艇流し（10〜15点）,0.5777,"{'is_target': True, 'verdict': '参加推奨', 'max_combo_prob': 0.0751, 'est_top_odds': 17.7, 'circle_concentration': 65.6, 'eligible_count': 8, 'bet_adj': 2, 'reason': 'rel_win1=52.1%（本命度） / 最有力組み合わせ確率: 0.075（推定実オッズ?18倍） / 2着集中度: 上位2艇 65.6%（補正+0.00） / 総合判定確率: 0.075 / → ヒモ分散。1号艇1着固定で広めのヒモ流し推奨（買い目+2点）', 'tenji_trigger': '展示確認: ヒモ分散レース。1号艇伸び確認後、広めのヒモ流しを採用。穴ヒモ（5・6号艇）を積極的に含める。'}",,,27.9,逃げ狙い,13.51,31.8,2,,,,,,,,,,,
2025-04-07,丸亀,2,6,白神　優,A1,39.06,6,▲,2.2352,10.4,100,58.3,0.1442,3.0417,,,0,低,56,0,-,,0,29.3,0.8678,,,,,,0.0343,0.0457,0.0229,,,B,◎,,0.3536,0.6735,,0.4945,A,76,0,◎-○軸 3着3〜4艇流し（10〜15点）,0.5777,"{'is_target': True, 'verdict': '参加推奨', 'max_combo_prob': 0.0751, 'est_top_odds': 17.7, 'circle_concentration': 65.6, 'eligible_count': 8, 'bet_adj': 2, 'reason': 'rel_win1=52.1%（本命度） / 最有力組み合わせ確率: 0.075（推定実オッズ?18倍） / 2着集中度: 上位2艇 65.6%（補正+0.00） / 総合判定確率: 0.075 / → ヒモ分散。1号艇1着固定で広めのヒモ流し推奨（買い目+2点）', 'tenji_trigger': '展示確認: ヒモ分散レース。1号艇伸び確認後、広めのヒモ流しを採用。穴ヒモ（5・6号艇）を積極的に含める。'}",,,27.9,逃げ狙い,13.51,31.8,2,,,,,,,,,,,
2025-04-07,丸亀,3,1,福田　理,B1,31.78,1,◎,41.2399,,0,66,0.1723,3.7128,,,0,低,126,0,-,,0,98.6,1.424,0.3043,,,,,0.1446,0.4967,0.1446,△,,C,,,,0.594,,0.2616,B,45,0,◎○△フォーメーション（15〜20点）,0.5777,"{'is_target': False, 'verdict': '対象外', 'max_combo_prob': None, 'est_top_odds': None, 'circle_concentration': None, 'eligible_count': 0, 'bet_adj': 0, 'reason': '1号艇rel_win1 < 45%: 通常判定に委ねる', 'tenji_trigger': ''}",,,26.7,両建て推奨,15.7,40.6,4,4-5-6|1-2-4|1-2-5|1-4-5|1-2-3|1-3-4,2-1-3|4-5-6|3-1-5|3-2-5|3-5-6|3-5-2|2-1-5|1-2-4|1-2-5|1-4-5|1-2-3|1-3-4,4-5-6:2.25%|1-2-4:6.8%|1-2-5:6.0%|1-4-5:5.27%|1-2-3:5.13%|1-3-4:4.95%,4-5-6:B_main|1-2-4:A|1-2-5:A|1-4-5:A|1-2-3:A|1-3-4:A,6,12,0.4535,1,[!]見送り推奨（主役決まり手「まくり」― 逃げ劣勢レースで的中実績なし）,荒れ広め,D
2025-04-07,丸亀,3,2,田中宏樹,B1,31.78,2,,13.9565,40,61,66,0.177,3.717,,,0,低,128,0,-,,0,37.6,0.9541,0,0.0455,0.0455,0,0.0455,0.2,0.02,0.18,,,C,○,,0.2841,0.6195,,0.2616,B,45,0,◎○△フォーメーション（15〜20点）,0.5777,"{'is_target': False, 'verdict': '対象外', 'max_combo_prob': None, 'est_top_odds': None, 'circle_concentration': None, 'eligible_count': 0, 'bet_adj': 0, 'reason': '1号艇rel_win1 < 45%: 通常判定に委ねる', 'tenji_trigger': ''}",,,26.7,両建て推奨,15.7,40.6,4,,,,,,,,,,,
2025-04-07,丸亀,3,3,畔柳俊吾,B1,35.56,3,▲,11.5297,20.5,100,71.2,0.1698,3.7788,,,0,低,164,0,-,,0,27.5,0.9213,0,0,0.0476,0,0,0.287,0.2217,0.2696,,,B,,,0.3517,0.5885,,0.2616,B,45,0,◎○△フォーメーション（15〜20点）,0.5777,"{'is_target': False, 'verdict': '対象外', 'max_combo_prob': None, 'est_top_odds': None, 'circle_concentration': None, 'eligible_count': 0, 'bet_adj': 0, 'reason': '1号艇rel_win1 < 45%: 通常判定に委ねる', 'tenji_trigger': ''}",,,26.7,両建て推奨,15.7,40.6,4,,,,,,,,,,,
2025-04-07,丸亀,3,4,佐々木大,B1,41.73,4,○,14.6732,24.4,55,62.7,0.1412,2.8559,,,0,低,74,0,-,,0,43.3,1.0494,0,0.0312,0.0938,0.0312,0,0,0.0364,0.2623,,◎,B,◎,◎,0.4964,0.637,0.3931,0.2616,B,45,0,◎○△フォーメーション（15〜20点）,0.5777,"{'is_target': False, 'verdict': '対象外', 'max_combo_prob': None, 'est_top_odds': None, 'circle_concentration': None, 'eligible_count': 0, 'bet_adj': 0, 'reason': '1号艇rel_win1 < 45%: 通常判定に委ねる', 'tenji_trigger': ''}",,,26.7,両建て推奨,15.7,40.6,4,,,,,,,,,,,
2025-04-07,丸亀,3,5,金子和之,A1,31.01,5,,13.7384,6.5,59,53.7,0.162,3.4537,,,0,低,99,0,-,,0,39.5,0.9695,0,0,0.0909,0.0455,0.0455,0.0444,0.1778,0,,○,D,△,○,0.4081,0.6185,0.2626,0.2616,B,45,0,◎○△フォーメーション（15〜20点）,0.5777,"{'is_target': False, 'verdict': '対象外', 'max_combo_prob': None, 'est_top_odds': None, 'circle_concentration': None, 'eligible_count': 0, 'bet_adj': 0, 'reason': '1号艇rel_win1 < 45%: 通常判定に委ねる', 'tenji_trigger': ''}",,,26.7,両建て推奨,15.7,40.6,4,,,,,,,,,,,
2025-04-07,丸亀,3,6,村松修二,A2,35.20,6,△,4.8622,8.6,71,50,0.1723,3.4327,,,0,低,81,0,-,,0,31.1,1.0042,0,0,0.0455,0,0,0.0308,0.0308,0.3341,,,C,△,,0.3604,0.596,,0.2616,B,45,0,◎○△フォーメーション（15〜20点）,0.5777,"{'is_target': False, 'verdict': '対象外', 'max_combo_prob': None, 'est_top_odds': None, 'circle_concentration': None, 'eligible_count': 0, 'bet_adj': 0, 'reason': '1号艇rel_win1 < 45%: 通常判定に委ねる', 'tenji_trigger': ''}",,,26.7,両建て推奨,15.7,40.6,4,,,,,,,,,,,
2025-04-07,丸亀,4,1,岩津徹郎,B1,44.62,1,◎,53.2714,,0,72.5,0.1555,2.825,,,0,低,117,0,逃0%,,0,64,0.9543,0.4118,,,,,0.0706,0.0941,0.2706,○,,A,,,,0.574,,0.4378,A,64,0,◎-○軸 3着3〜4艇流し（10〜15点）,0.5777,"{'is_target': True, 'verdict': '参加推奨', 'max_combo_prob': 0.0541, 'est_top_odds': 24.6, 'circle_concentration': 64.3, 'eligible_count': 8, 'bet_adj': 2, 'reason': 'rel_win1=53.3%（本命度） / 最有力組み合わせ確率: 0.054（推定実オッズ?25倍） / 2着集中度: 上位2艇 64.3%（補正+0.00） / 総合判定確率: 0.054 / → ヒモ分散。1号艇1着固定で広めのヒモ流し推奨（買い目+2点）', 'tenji_trigger': '展示確認: ヒモ分散レース。1号艇伸び確認後、広めのヒモ流しを採用。穴ヒモ（5・6号艇）を積極的に含める。'}",,,27.7,両建て推奨,13.57,31,4,,,,,0,0,0.6155,0,,逃げ軸流し,A
2025-04-07,丸亀,4,2,八木治樹,B1,29.84,2,△,15.0642,32.5,90,59.2,0.1545,3.3571,,,0,低,75,0,差0%,,0,45.1,0.9983,0,0.12,0,0,0,0.3,0.25,0.075,,◎,E,,,0.3478,0.603,,0.4378,A,64,0,◎-○軸 3着3〜4艇流し（10〜15点）,0.5777,"{'is_target': True, 'verdict': '参加推奨', 'max_combo_prob': 0.0541, 'est_top_odds': 24.6, 'circle_concentration': 64.3, 'eligible_count': 8, 'bet_adj': 2, 'reason': 'rel_win1=53.3%（本命度） / 最有力組み合わせ確率: 0.054（推定実オッズ?25倍） / 2着集中度: 上位2艇 64.3%（補正+0.00） / 総合判定確率: 0.054 / → ヒモ分散。1号艇1着固定で広めのヒモ流し推奨（買い目+2点）', 'tenji_trigger': '展示確認: ヒモ分散レース。1号艇伸び確認後、広めのヒモ流しを採用。穴ヒモ（5・6号艇）を積極的に含める。'}",,,27.7,両建て推奨,13.57,31,4,,,,,,,,,,,
2025-04-07,丸亀,4,3,尾崎雄二,A2,32.26,3,▲,10.1581,31.8,86,53.5,0.1583,3.3592,,,0,低,133,0,-,,0,43.3,1.0496,0,0,0,0.0882,0,0.1667,0.1667,0.0556,,,D,△,,0.2943,0.6365,,0.4378,A,64,0,◎-○軸 3着3〜4艇流し（10〜15点）,0.5777,"{'is_target': True, 'verdict': '参加推奨', 'max_combo_prob': 0.0541, 'est_top_odds': 24.6, 'circle_concentration': 64.3, 'eligible_count': 8, 'bet_adj': 2, 'reason': 'rel_win1=53.3%（本命度） / 最有力組み合わせ確率: 0.054（推定実オッズ?25倍） / 2着集中度: 上位2艇 64.3%（補正+0.00） / 総合判定確率: 0.054 / → ヒモ分散。1号艇1着固定で広めのヒモ流し推奨（買い目+2点）', 'tenji_trigger': '展示確認: ヒモ分散レース。1号艇伸び確認後、広めのヒモ流しを採用。穴ヒモ（5・6号艇）を積極的に含める。'}",,,27.7,両建て推奨,13.57,31,4,,,,,,,,,,,
2025-04-07,丸亀,4,4,橋本　明,B1,31.54,4,,7.7566,16.2,88,45.2,0.1666,3.5,,,0,低,124,0,-,,0,22.3,0.6104,,,,,,0.3143,0.1762,0.0381,,,D,△,,0.2828,0.6215,,0.4378,A,64,0,◎-○軸 3着3〜4艇流し（10〜15点）,0.5777,"{'is_target': True, 'verdict': '参加推奨', 'max_combo_prob': 0.0541, 'est_top_odds': 24.6, 'circle_concentration': 64.3, 'eligible_count': 8, 'bet_adj': 2, 'reason': 'rel_win1=53.3%（本命度） / 最有力組み合わせ確率: 0.054（推定実オッズ?25倍） / 2着集中度: 上位2艇 64.3%（補正+0.00） / 総合判定確率: 0.054 / → ヒモ分散。1号艇1着固定で広めのヒモ流し推奨（買い目+2点）', 'tenji_trigger': '展示確認: ヒモ分散レース。1号艇伸び確認後、広めのヒモ流しを採用。穴ヒモ（5・6号艇）を積極的に含める。'}",,,27.7,両建て推奨,13.57,31,4,,,,,,,,,,,
2025-04-07,丸亀,4,5,北村征嗣,A1,38.13,5,,12.3907,18.7,100,54.2,0.1669,3.5508,,,0,低,114,0,差ま0%,,0,92.9,1.719,0,0,0,0.08,0,0.0186,0.1742,0.0825,,,C,◎,◎,0.2678,0.656,0.2937,0.4378,A,64,0,◎-○軸 3着3〜4艇流し（10〜15点）,0.5777,"{'is_target': True, 'verdict': '参加推奨', 'max_combo_prob': 0.0541, 'est_top_odds': 24.6, 'circle_concentration': 64.3, 'eligible_count': 8, 'bet_adj': 2, 'reason': 'rel_win1=53.3%（本命度） / 最有力組み合わせ確率: 0.054（推定実オッズ?25倍） / 2着集中度: 上位2艇 64.3%（補正+0.00） / 総合判定確率: 0.054 / → ヒモ分散。1号艇1着固定で広めのヒモ流し推奨（買い目+2点）', 'tenji_trigger': '展示確認: ヒモ分散レース。1号艇伸び確認後、広めのヒモ流しを採用。穴ヒモ（5・6号艇）を積極的に含める。'}",,,27.7,両建て推奨,13.57,31,4,,,,,,,,,,,
2025-04-07,丸亀,4,6,大澤大夢,B1,40.14,6,○,1.359,0.8,46,17.6,0.1643,4.4902,,,0,低,103,0,-,,0,24.2,0.6211,,,,,,0.1632,0.1421,0.1211,,,B,○,,0.2986,0.644,,0.4378,A,64,0,◎-○軸 3着3〜4艇流し（10〜15点）,0.5777,"{'is_target': True, 'verdict': '参加推奨', 'max_combo_prob': 0.0541, 'est_top_odds': 24.6, 'circle_concentration': 64.3, 'eligible_count': 8, 'bet_adj': 2, 'reason': 'rel_win1=53.3%（本命度） / 最有力組み合わせ確率: 0.054（推定実オッズ?25倍） / 2着集中度: 上位2艇 64.3%（補正+0.00） / 総合判定確率: 0.054 / → ヒモ分散。1号艇1着固定で広めのヒモ流し推奨（買い目+2点）', 'tenji_trigger': '展示確認: ヒモ分散レース。1号艇伸び確認後、広めのヒモ流しを採用。穴ヒモ（5・6号艇）を積極的に含める。'}",,,27.7,両建て推奨,13.57,31,4,,,,,,,,,,,
2025-04-07,丸亀,5,1,藤丸光一,B1,26.52,1,○,43.2257,,0,73.9,0.1778,3.7609,,,0,低,102,0,-,,0,53.8,0.7875,0.2941,,,,,0.2706,0.2941,0.1941,△,,E,△,,,0.6295,,0.2261,B,55,0,◎○△フォーメーション（15〜20点）,0.5777,"{'is_target': False, 'verdict': '対象外', 'max_combo_prob': None, 'est_top_odds': None, 'circle_concentration': None, 'eligible_count': 0, 'bet_adj': 0, 'reason': '1号艇rel_win1 < 45%: 通常判定に委ねる', 'tenji_trigger': ''}",,,37.1,両建て推奨,18.14,39.8,3,2-1-3|1-2-4|1-2-3|1-3-4|1-3-2|1-4-2,2-1-3|6-1-3|5-1-3|6-3-1|6-1-4|6-4-3|5-1-6|1-2-4|1-2-3|1-3-4|1-3-2|1-4-2,2-1-3:4.42%|1-2-4:12.62%|1-2-3:8.81%|1-3-4:8.45%|1-3-2:6.86%|1-4-2:4.02%,2-1-3:B_main|1-2-4:A|1-2-3:A|1-3-4:A|1-3-2:A|1-4-2:A,6,12,0.4535,1,[!]見送り推奨（主役決まり手「差し」― 逃げ劣勢レースで的中実績なし）,荒れ広め,D
2025-04-07,丸亀,5,2,下條雄太,A1,34.13,2,▲,17.4506,54.5,51,82.3,0.1506,3,,,0,低,44,0,差0% 抜0%,,0,79.6,1.3474,0,0.2308,0,0,0.0769,0.019,0.169,0.0381,,◎,C,○,,0.6452,0.662,,0.2261,B,55,0,◎○△フォーメーション（15〜20点）,0.5777,"{'is_target': False, 'verdict': '対象外', 'max_combo_prob': None, 'est_top_odds': None, 'circle_concentration': None, 'eligible_count': 0, 'bet_adj': 0, 'reason': '1号艇rel_win1 < 45%: 通常判定に委ねる', 'tenji_trigger': ''}",,,37.1,両建て推奨,18.14,39.8,3,,,,,,,,,,,
2025-04-07,丸亀,5,3,川原祐明,A2,49.58,3,◎,22.0234,31.2,61,74,0.153,3.17,,,0,低,110,0,差ま0%,,0,49.9,1.0248,0,0,0,0.2593,0,0.0276,0.1014,0.0138,,○,A,△,,0.5074,0.6185,,0.2261,B,55,0,◎○△フォーメーション（15〜20点）,0.5777,"{'is_target': False, 'verdict': '対象外', 'max_combo_prob': None, 'est_top_odds': None, 'circle_concentration': None, 'eligible_count': 0, 'bet_adj': 0, 'reason': '1号艇rel_win1 < 45%: 通常判定に委ねる', 'tenji_trigger': ''}",,,37.1,両建て推奨,18.14,39.8,3,,,,,,,,,,,
2025-04-07,丸亀,5,4,大場　敏,A2,27.78,4,△,12.5774,8.6,100,53.8,0.1532,3.8077,,,0,低,93,0,-,,0,84.2,1.404,0,0,0.0385,0,0,0.0933,0.1756,0.0111,,△,D,◎,◎,0.4177,0.7095,0.4077,0.2261,B,55,0,◎○△フォーメーション（15〜20点）,0.5777,"{'is_target': False, 'verdict': '対象外', 'max_combo_prob': None, 'est_top_odds': None, 'circle_concentration': None, 'eligible_count': 0, 'bet_adj': 0, 'reason': '1号艇rel_win1 < 45%: 通常判定に委ねる', 'tenji_trigger': ''}",,,37.1,両建て推奨,18.14,39.8,3,,,,,,,,,,,
2025-04-07,丸亀,5,5,竹本太樹,B2,34.88,5,,3.562,4.9,39,25.8,0.1948,4.1613,,,0,低,79,0,-,,0,33.4,0.7312,,,,,,0.0211,0.3053,0.2053,,,B,,,0.3035,0.5475,,0.2261,B,55,0,◎○△フォーメーション（15〜20点）,0.5777,"{'is_target': False, 'verdict': '対象外', 'max_combo_prob': None, 'est_top_odds': None, 'circle_concentration': None, 'eligible_count': 0, 'bet_adj': 0, 'reason': '1号艇rel_win1 < 45%: 通常判定に委ねる', 'tenji_trigger': ''}",,,37.1,両建て推奨,18.14,39.8,3,,,,,,,,,,,
2025-04-07,丸亀,5,6,吉岡　誠,B1,26.72,6,,1.1608,0.7,25,7.9,0.2016,4.3026,,,0,低,74,0,-,,0,26.6,0.5028,,,,,,0.2727,0.0909,0.1818,,,D,,,0.2784,0.573,,0.2261,B,55,0,◎○△フォーメーション（15〜20点）,0.5777,"{'is_target': False, 'verdict': '対象外', 'max_combo_prob': None, 'est_top_odds': None, 'circle_concentration': None, 'eligible_count': 0, 'bet_adj': 0, 'reason': '1号艇rel_win1 < 45%: 通常判定に委ねる', 'tenji_trigger': ''}",,,37.1,両建て推奨,18.14,39.8,3,,,,,,,,,,,
2025-04-07,丸亀,6,1,森作雄大,A2,44.09,1,◎,53.8568,,0,64.8,0.1431,2.6479,,,0,低,68,0,逃0%,,0,77.6,0.8771,0.3103,,,,,0.0414,0.2966,0.1218,○,,B,○,,,0.67,,0.3891,A,60,0,◎-○軸 3着3〜4艇流し（10〜15点）,0.5777,"{'is_target': True, 'verdict': '参加推奨', 'max_combo_prob': 0.0737, 'est_top_odds': 18.1, 'circle_concentration': 73.7, 'eligible_count': 8, 'bet_adj': 2, 'reason': 'rel_win1=53.9%（本命度） / 最有力組み合わせ確率: 0.074（推定実オッズ?18倍） / 2着集中度: 上位2艇 73.7%（補正+0.04） / 総合判定確率: 0.114 / → ヒモ分散。1号艇1着固定で広めのヒモ流し推奨（買い目+2点）', 'tenji_trigger': '展示確認: ヒモ分散レース。1号艇伸び確認後、広めのヒモ流しを採用。穴ヒモ（5・6号艇）を積極的に含める。'}",,,27.5,両建て推奨,13.06,30.9,4,,,,,0,0,0.6155,0,,主役軸流し,B
2025-04-07,丸亀,6,2,南野利騰,B2,26.92,2,,8.7316,33.8,68,40.7,0.1673,3.5169,,,0,低,99,0,差0% ま0%,,0,43.1,0.7009,0,0.0345,0.0345,0,0,0.3924,0.2971,0.0762,,,E,,,0.0708,0.616,,0.3891,A,60,0,◎-○軸 3着3〜4艇流し（10〜15点）,0.5777,"{'is_target': True, 'verdict': '参加推奨', 'max_combo_prob': 0.0737, 'est_top_odds': 18.1, 'circle_concentration': 73.7, 'eligible_count': 8, 'bet_adj': 2, 'reason': 'rel_win1=53.9%（本命度） / 最有力組み合わせ確率: 0.074（推定実オッズ?18倍） / 2着集中度: 上位2艇 73.7%（補正+0.04） / 総合判定確率: 0.114 / → ヒモ分散。1号艇1着固定で広めのヒモ流し推奨（買い目+2点）', 'tenji_trigger': '展示確認: ヒモ分散レース。1号艇伸び確認後、広めのヒモ流しを採用。穴ヒモ（5・6号艇）を積極的に含める。'}",,,27.5,両建て推奨,13.06,30.9,4,,,,,,,,,,,
2025-04-07,丸亀,6,3,石丸海渡,A1,50.00,3,○,18.3388,39.8,75,63.2,0.1024,2,,,0,低,26,0,ま0% 差ま0%,,0,73.2,1.24,0,0.0455,0.0455,0.0909,0.0455,0.0792,0.0125,0,,◎,A,◎,,0.5045,0.687,,0.3891,A,60,0,◎-○軸 3着3〜4艇流し（10〜15点）,0.5777,"{'is_target': True, 'verdict': '参加推奨', 'max_combo_prob': 0.0737, 'est_top_odds': 18.1, 'circle_concentration': 73.7, 'eligible_count': 8, 'bet_adj': 2, 'reason': 'rel_win1=53.9%（本命度） / 最有力組み合わせ確率: 0.074（推定実オッズ?18倍） / 2着集中度: 上位2艇 73.7%（補正+0.04） / 総合判定確率: 0.114 / → ヒモ分散。1号艇1着固定で広めのヒモ流し推奨（買い目+2点）', 'tenji_trigger': '展示確認: ヒモ分散レース。1号艇伸び確認後、広めのヒモ流しを採用。穴ヒモ（5・6号艇）を積極的に含める。'}",,,27.5,両建て推奨,13.06,30.9,4,,,,,,,,,,,
2025-04-07,丸亀,6,4,鈴木裕隆,A2,37.14,4,▲,12.3751,19,100,54.2,0.169,3.3472,,,0,低,149,0,-,,0,53,0.9064,0,0.0625,0.0625,0.0938,0,0.2903,0.2274,0.0887,,,C,△,◎,0.245,0.661,0.2855,0.3891,A,60,0,◎-○軸 3着3〜4艇流し（10〜15点）,0.5777,"{'is_target': True, 'verdict': '参加推奨', 'max_combo_prob': 0.0737, 'est_top_odds': 18.1, 'circle_concentration': 73.7, 'eligible_count': 8, 'bet_adj': 2, 'reason': 'rel_win1=53.9%（本命度） / 最有力組み合わせ確率: 0.074（推定実オッズ?18倍） / 2着集中度: 上位2艇 73.7%（補正+0.04） / 総合判定確率: 0.114 / → ヒモ分散。1号艇1着固定で広めのヒモ流し推奨（買い目+2点）', 'tenji_trigger': '展示確認: ヒモ分散レース。1号艇伸び確認後、広めのヒモ流しを採用。穴ヒモ（5・6号艇）を積極的に含める。'}",,,27.5,両建て推奨,13.06,30.9,4,,,,,,,,,,,
2025-04-07,丸亀,6,5,岡本翔太,B1,28.68,5,△,5.3859,6.4,71,29,0.1323,2.6774,,,0,低,61,0,-,,0,25.8,0.7774,0,0,0,0.0417,0,0.19,0.08,0.19,,,D,△,,0.3606,0.6355,,0.3891,A,60,0,◎-○軸 3着3〜4艇流し（10〜15点）,0.5777,"{'is_target': True, 'verdict': '参加推奨', 'max_combo_prob': 0.0737, 'est_top_odds': 18.1, 'circle_concentration': 73.7, 'eligible_count': 8, 'bet_adj': 2, 'reason': 'rel_win1=53.9%（本命度） / 最有力組み合わせ確率: 0.074（推定実オッズ?18倍） / 2着集中度: 上位2艇 73.7%（補正+0.04） / 総合判定確率: 0.114 / → ヒモ分散。1号艇1着固定で広めのヒモ流し推奨（買い目+2点）', 'tenji_trigger': '展示確認: ヒモ分散レース。1号艇伸び確認後、広めのヒモ流しを採用。穴ヒモ（5・6号艇）を積極的に含める。'}",,,27.5,両建て推奨,13.06,30.9,4,,,,,,,,,,,
2025-04-07,丸亀,6,6,中里昌志,B1,43.61,6,,1.3119,0.9,52,13.5,0.1751,3.8243,,,0,低,140,0,-,,0,24.5,0.5683,,,,,,0.3162,0.2152,0.1962,,,C,,,0.2564,0.604,,0.3891,A,60,0,◎-○軸 3着3〜4艇流し（10〜15点）,0.5777,"{'is_target': True, 'verdict': '参加推奨', 'max_combo_prob': 0.0737, 'est_top_odds': 18.1, 'circle_concentration': 73.7, 'eligible_count': 8, 'bet_adj': 2, 'reason': 'rel_win1=53.9%（本命度） / 最有力組み合わせ確率: 0.074（推定実オッズ?18倍） / 2着集中度: 上位2艇 73.7%（補正+0.04） / 総合判定確率: 0.114 / → ヒモ分散。1号艇1着固定で広めのヒモ流し推奨（買い目+2点）', 'tenji_trigger': '展示確認: ヒモ分散レース。1号艇伸び確認後、広めのヒモ流しを採用。穴ヒモ（5・6号艇）を積極的に含める。'}",,,27.5,両建て推奨,13.06,30.9,4,,,,,,,,,,,
2025-04-07,丸亀,7,1,土井祥伍,B1,31.25,1,◎,49.4798,,0,79.6,0.1712,3.6735,,,0,低,170,0,逃1%,,0,51.6,0.8579,0.4444,,,,,0,0.3556,0.1667,△,,C,,,,0.578,,0.2884,A,60,0,◎-○軸 3着3〜4艇流し（10〜15点）,0.5777,"{'is_target': True, 'verdict': '参加推奨', 'max_combo_prob': 0.084, 'est_top_odds': 15.9, 'circle_concentration': 62.0, 'eligible_count': 8, 'bet_adj': 2, 'reason': 'rel_win1=49.5%（本命度） / 最有力組み合わせ確率: 0.084（推定実オッズ?16倍） / 2着集中度: 上位2艇 62.0%（補正+0.00） / 総合判定確率: 0.084 / → ヒモ分散。1号艇1着固定で広めのヒモ流し推奨（買い目+2点）', 'tenji_trigger': '展示確認: ヒモ分散レース。1号艇伸び確認後、広めのヒモ流しを採用。穴ヒモ（5・6号艇）を積極的に含める。'}",,,36.1,両建て推奨,22.13,33.4,6,6-1-2|1-2-6|1-2-4|1-2-5|1-4-6|1-4-5,2-1-5|2-1-3|2-1-4|3-2-5|3-1-5|3-5-2|6-1-2|1-2-6|1-2-4|1-2-5|1-4-6|1-4-5,6-1-2:1.26%|1-2-6:8.88%|1-2-4:7.95%|1-2-5:7.94%|1-4-6:5.03%|1-4-5:4.5%,6-1-2:B_main|1-2-6:A|1-2-4:A|1-2-5:A|1-4-6:A|1-4-5:A,6,12,0.4535,1,[!]見送り推奨（主役決まり手「まくり」― 逃げ劣勢レースで的中実績なし）,荒れ広め,D
2025-04-07,丸亀,7,2,松竹大輔,A2,34.75,2,○,16.9775,44.3,53,59,0.1506,3.2756,,,0,低,112,0,差0%,,0,46.9,1.049,0,0.069,0,0,0,0.0444,0.0889,0.2093,,○,B,○,,0.5206,0.6475,,0.2884,A,60,0,◎-○軸 3着3〜4艇流し（10〜15点）,0.5777,"{'is_target': True, 'verdict': '参加推奨', 'max_combo_prob': 0.084, 'est_top_odds': 15.9, 'circle_concentration': 62.0, 'eligible_count': 8, 'bet_adj': 2, 'reason': 'rel_win1=49.5%（本命度） / 最有力組み合わせ確率: 0.084（推定実オッズ?16倍） / 2着集中度: 上位2艇 62.0%（補正+0.00） / 総合判定確率: 0.084 / → ヒモ分散。1号艇1着固定で広めのヒモ流し推奨（買い目+2点）', 'tenji_trigger': '展示確認: ヒモ分散レース。1号艇伸び確認後、広めのヒモ流しを採用。穴ヒモ（5・6号艇）を積極的に含める。'}",,,36.1,両建て推奨,22.13,33.4,6,,,,,,,,,,,
2025-04-07,丸亀,7,3,大谷健太,B1,30.71,3,,9.5358,17.7,56,36,0.181,3.88,,,0,低,101,0,-,,0,45.5,1.1908,0,0,0.0556,0.0556,0,0,0.0857,0.1286,,,D,△,,0.2752,0.605,,0.2884,A,60,0,◎-○軸 3着3〜4艇流し（10〜15点）,0.5777,"{'is_target': True, 'verdict': '参加推奨', 'max_combo_prob': 0.084, 'est_top_odds': 15.9, 'circle_concentration': 62.0, 'eligible_count': 8, 'bet_adj': 2, 'reason': 'rel_win1=49.5%（本命度） / 最有力組み合わせ確率: 0.084（推定実オッズ?16倍） / 2着集中度: 上位2艇 62.0%（補正+0.00） / 総合判定確率: 0.084 / → ヒモ分散。1号艇1着固定で広めのヒモ流し推奨（買い目+2点）', 'tenji_trigger': '展示確認: ヒモ分散レース。1号艇伸び確認後、広めのヒモ流しを採用。穴ヒモ（5・6号艇）を積極的に含める。'}",,,36.1,両建て推奨,22.13,33.4,6,,,,,,,,,,,
2025-04-07,丸亀,7,4,福田　理,B1,31.78,4,△,9.7907,16.1,50,39,0.1454,2.9576,,,0,低,126,0,-,,0,70.2,1.3532,0,0,0.0345,0.0345,0,0.1446,0.4967,0.1446,,△,C,△,○,0.4393,0.594,0.2195,0.2884,A,60,0,◎-○軸 3着3〜4艇流し（10〜15点）,0.5777,"{'is_target': True, 'verdict': '参加推奨', 'max_combo_prob': 0.084, 'est_top_odds': 15.9, 'circle_concentration': 62.0, 'eligible_count': 8, 'bet_adj': 2, 'reason': 'rel_win1=49.5%（本命度） / 最有力組み合わせ確率: 0.084（推定実オッズ?16倍） / 2着集中度: 上位2艇 62.0%（補正+0.00） / 総合判定確率: 0.084 / → ヒモ分散。1号艇1着固定で広めのヒモ流し推奨（買い目+2点）', 'tenji_trigger': '展示確認: ヒモ分散レース。1号艇伸び確認後、広めのヒモ流しを採用。穴ヒモ（5・6号艇）を積極的に含める。'}",,,36.1,両建て推奨,22.13,33.4,6,,,,,,,,,,,
2025-04-07,丸亀,7,5,別府昌樹,A2,45.97,5,▲,6.9198,10.7,100,53.3,0.162,3.3333,,,0,低,109,0,-,,0,90.9,1.6412,0,0,0,0.0357,0,0.125,0.125,0.0833,,,A,,,0.3649,0.586,,0.2884,A,60,0,◎-○軸 3着3〜4艇流し（10〜15点）,0.5777,"{'is_target': True, 'verdict': '参加推奨', 'max_combo_prob': 0.084, 'est_top_odds': 15.9, 'circle_concentration': 62.0, 'eligible_count': 8, 'bet_adj': 2, 'reason': 'rel_win1=49.5%（本命度） / 最有力組み合わせ確率: 0.084（推定実オッズ?16倍） / 2着集中度: 上位2艇 62.0%（補正+0.00） / 総合判定確率: 0.084 / → ヒモ分散。1号艇1着固定で広めのヒモ流し推奨（買い目+2点）', 'tenji_trigger': '展示確認: ヒモ分散レース。1号艇伸び確認後、広めのヒモ流しを採用。穴ヒモ（5・6号艇）を積極的に含める。'}",,,36.1,両建て推奨,22.13,33.4,6,,,,,,,,,,,
2025-04-07,丸亀,7,6,中辻崇人,A1,24.62,6,,7.2963,11.2,55,69.8,0.1134,2.2642,,,0,低,42,0,-,,0,27.5,0.7311,0,0,0.1765,0.0588,0,0.2667,0,0,,◎,E,◎,◎,0.5564,0.6505,0.4533,0.2884,A,60,0,◎-○軸 3着3〜4艇流し（10〜15点）,0.5777,"{'is_target': True, 'verdict': '参加推奨', 'max_combo_prob': 0.084, 'est_top_odds': 15.9, 'circle_concentration': 62.0, 'eligible_count': 8, 'bet_adj': 2, 'reason': 'rel_win1=49.5%（本命度） / 最有力組み合わせ確率: 0.084（推定実オッズ?16倍） / 2着集中度: 上位2艇 62.0%（補正+0.00） / 総合判定確率: 0.084 / → ヒモ分散。1号艇1着固定で広めのヒモ流し推奨（買い目+2点）', 'tenji_trigger': '展示確認: ヒモ分散レース。1号艇伸び確認後、広めのヒモ流しを採用。穴ヒモ（5・6号艇）を積極的に含める。'}",,,36.1,両建て推奨,22.13,33.4,6,,,,,,,,,,,
2025-04-07,丸亀,8,1,山田雄太,A1,24.37,1,◎,59.9152,,0,84.9,0.1323,2.5,,,0,低,64,0,逃1%,,0,78.2,1.1079,0.6,,,,,0.016,0.2,0.048,◎,,E,◎,,,0.6615,,0.6204,S,96,0,◎1着固定 2-3着流し（5〜8点）,0.5777,"{'is_target': True, 'verdict': '点数絞り', 'max_combo_prob': 0.1125, 'est_top_odds': 11.8, 'circle_concentration': 78.3, 'eligible_count': 6, 'bet_adj': 0, 'reason': 'rel_win1=59.9%（本命度） / 最有力組み合わせ確率: 0.113（推定実オッズ?12倍） / 2着集中度: 上位2艇 78.3%（補正+0.04） / 総合判定確率: 0.153 / → ヒモはやや固め。上位2艇以外を切ること', 'tenji_trigger': '展示確認: 1号艇伸び良→そのまま採用。悪→飛び組に差し替え。circle_pct上位2艇に絞り込むこと。\n展示で1号艇スタート超安定(0.132秒)→ヒモ固まり方向に注意'}",,,27.9,逃げ狙い,19.05,27,2,,,,,0,0,0.7559,0,,逃げ軸流し,A
2025-04-07,丸亀,8,2,佐藤大佑,A2,32.31,2,,17.1466,53.2,93,69.1,0.1484,3.2273,,,0,低,121,0,差0% ま0%,,0,54,1.1602,0,0.0417,0.25,0,0,0.0333,0.1333,0.0333,,,D,△,,0.1797,0.59,,0.6204,S,96,0,◎1着固定 2-3着流し（5〜8点）,0.5777,"{'is_target': True, 'verdict': '点数絞り', 'max_combo_prob': 0.1125, 'est_top_odds': 11.8, 'circle_concentration': 78.3, 'eligible_count': 6, 'bet_adj': 0, 'reason': 'rel_win1=59.9%（本命度） / 最有力組み合わせ確率: 0.113（推定実オッズ?12倍） / 2着集中度: 上位2艇 78.3%（補正+0.04） / 総合判定確率: 0.153 / → ヒモはやや固め。上位2艇以外を切ること', 'tenji_trigger': '展示確認: 1号艇伸び良→そのまま採用。悪→飛び組に差し替え。circle_pct上位2艇に絞り込むこと。\n展示で1号艇スタート超安定(0.132秒)→ヒモ固まり方向に注意'}",,,27.9,逃げ狙い,19.05,27,2,,,,,,,,,,,
2025-04-07,丸亀,8,3,田添康介,B1,39.02,3,△,6.5472,20.2,100,37.2,0.1593,3.2674,,,0,低,78,0,-,,0,66.5,1.4652,0,0,0,0.0769,0,0.375,0.375,0,,,B,,,0.1744,0.5535,,0.6204,S,96,0,◎1着固定 2-3着流し（5〜8点）,0.5777,"{'is_target': True, 'verdict': '点数絞り', 'max_combo_prob': 0.1125, 'est_top_odds': 11.8, 'circle_concentration': 78.3, 'eligible_count': 6, 'bet_adj': 0, 'reason': 'rel_win1=59.9%（本命度） / 最有力組み合わせ確率: 0.113（推定実オッズ?12倍） / 2着集中度: 上位2艇 78.3%（補正+0.04） / 総合判定確率: 0.153 / → ヒモはやや固め。上位2艇以外を切ること', 'tenji_trigger': '展示確認: 1号艇伸び良→そのまま採用。悪→飛び組に差し替え。circle_pct上位2艇に絞り込むこと。\n展示で1号艇スタート超安定(0.132秒)→ヒモ固まり方向に注意'}",,,27.9,逃げ狙い,19.05,27,2,,,,,,,,,,,
2025-04-07,丸亀,8,4,村松修二,A2,35.20,4,▲,11.5228,25.2,91,65.9,0.1439,2.6136,,,0,低,81,0,差0% 差ま0%,,0,93.3,0.6977,0,0.0556,0.0556,0.0556,0.0556,0.0308,0.0308,0.3341,,,C,△,◎,0.2793,0.596,0.4229,0.6204,S,96,0,◎1着固定 2-3着流し（5〜8点）,0.5777,"{'is_target': True, 'verdict': '点数絞り', 'max_combo_prob': 0.1125, 'est_top_odds': 11.8, 'circle_concentration': 78.3, 'eligible_count': 6, 'bet_adj': 0, 'reason': 'rel_win1=59.9%（本命度） / 最有力組み合わせ確率: 0.113（推定実オッズ?12倍） / 2着集中度: 上位2艇 78.3%（補正+0.04） / 総合判定確率: 0.153 / → ヒモはやや固め。上位2艇以外を切ること', 'tenji_trigger': '展示確認: 1号艇伸び良→そのまま採用。悪→飛び組に差し替え。circle_pct上位2艇に絞り込むこと。\n展示で1号艇スタート超安定(0.132秒)→ヒモ固まり方向に注意'}",,,27.9,逃げ狙い,19.05,27,2,,,,,,,,,,,
2025-04-07,丸亀,8,5,松浦　勝,B1,40.00,5,○,3.805,1.1,75,16.9,0.1548,3.6846,,,0,低,112,0,差ま0%,,0,28.6,0.7036,0,0,0,0.0312,0,0.3,0.26,0.04,,,B,○,,0.2384,0.6085,,0.6204,S,96,0,◎1着固定 2-3着流し（5〜8点）,0.5777,"{'is_target': True, 'verdict': '点数絞り', 'max_combo_prob': 0.1125, 'est_top_odds': 11.8, 'circle_concentration': 78.3, 'eligible_count': 6, 'bet_adj': 0, 'reason': 'rel_win1=59.9%（本命度） / 最有力組み合わせ確率: 0.113（推定実オッズ?12倍） / 2着集中度: 上位2艇 78.3%（補正+0.04） / 総合判定確率: 0.153 / → ヒモはやや固め。上位2艇以外を切ること', 'tenji_trigger': '展示確認: 1号艇伸び良→そのまま採用。悪→飛び組に差し替え。circle_pct上位2艇に絞り込むこと。\n展示で1号艇スタート超安定(0.132秒)→ヒモ固まり方向に注意'}",,,27.9,逃げ狙い,19.05,27,2,,,,,,,,,,,
2025-04-07,丸亀,8,6,萩原丈太,B2,38.76,6,,1.0633,0.4,17,1.9,0.1843,3.9486,,,0,低,78,0,-,,0,28.6,1.8722,,,,,,0,0,0,,,C,,,0.1786,0.556,,0.6204,S,96,0,◎1着固定 2-3着流し（5〜8点）,0.5777,"{'is_target': True, 'verdict': '点数絞り', 'max_combo_prob': 0.1125, 'est_top_odds': 11.8, 'circle_concentration': 78.3, 'eligible_count': 6, 'bet_adj': 0, 'reason': 'rel_win1=59.9%（本命度） / 最有力組み合わせ確率: 0.113（推定実オッズ?12倍） / 2着集中度: 上位2艇 78.3%（補正+0.04） / 総合判定確率: 0.153 / → ヒモはやや固め。上位2艇以外を切ること', 'tenji_trigger': '展示確認: 1号艇伸び良→そのまま採用。悪→飛び組に差し替え。circle_pct上位2艇に絞り込むこと。\n展示で1号艇スタート超安定(0.132秒)→ヒモ固まり方向に注意'}",,,27.9,逃げ狙い,19.05,27,2,,,,,,,,,,,
2025-04-07,丸亀,9,1,平石和男,A2,33.86,1,◎,61.2398,,0,92.1,0.1829,3.9831,,,0,低,226,0,-,,0,91.1,1.2571,0.4359,,,,,0.1058,0.1706,0.2354,△,,C,△,,,0.6275,,0.2958,S,82,0,◎1着固定 2-3着流し（5〜8点）,0.5777,"{'is_target': True, 'verdict': '参加推奨', 'max_combo_prob': 0.0758, 'est_top_odds': 17.6, 'circle_concentration': 80.4, 'eligible_count': 6, 'bet_adj': 2, 'reason': 'rel_win1=61.2%（本命度） / 最有力組み合わせ確率: 0.076（推定実オッズ?18倍） / 2着集中度: 上位2艇 80.4%（補正+0.04） / 総合判定確率: 0.116 / → ヒモ分散。1号艇1着固定で広めのヒモ流し推奨（買い目+2点）', 'tenji_trigger': '展示確認: ヒモ分散レース。1号艇伸び確認後、広めのヒモ流しを採用。穴ヒモ（5・6号艇）を積極的に含める。\n展示で1号艇スタート遅め(0.183秒)確認→ヒモが荒れやすい'}",,,28.8,逃げ狙い,13.42,34.3,3,2-1-3|2-1-4|2-1-5|2-3-1|2-5-1|2-3-4|2-5-3|1-2-4|1-2-3|1-3-2|1-3-4,2-1-3|2-1-4|2-1-5|2-3-1|2-5-1|2-3-4|2-5-3|1-2-4|1-2-3|1-3-2|1-3-4|5-1-6,2-1-3:2.46%|2-1-4:1.1%|2-1-5:0.97%|2-3-1:0.79%|2-5-1:0.35%|2-3-4:0.12%|2-5-3:0.12%|1-2-4:7.91%|1-2-3:7.34%|1-3-2:6.28%|1-3-4:6.06%,2-1-3:B_main|2-1-4:B_main|2-1-5:B_main|2-3-1:B_main|2-5-1:B_main|2-3-4:B_main|2-5-3:B_main|1-2-4:A|1-2-3:A|1-3-2:A|1-3-4:A,11,12,0.4535,1,[!]見送り推奨（主役決まり手「差し」― 逃げ劣勢レースで的中実績なし）,主役軸流し,B
2025-04-07,丸亀,9,2,橋本　明,B1,31.54,2,▲,11.6632,44,100,60,0.1569,3.1857,,,0,低,124,0,-,,0,53.1,1.1426,0,0.0769,0,0,0,0.3143,0.1762,0.0381,,◎,C,△,,0.5824,0.6215,,0.2958,S,82,0,◎1着固定 2-3着流し（5〜8点）,0.5777,"{'is_target': True, 'verdict': '参加推奨', 'max_combo_prob': 0.0758, 'est_top_odds': 17.6, 'circle_concentration': 80.4, 'eligible_count': 6, 'bet_adj': 2, 'reason': 'rel_win1=61.2%（本命度） / 最有力組み合わせ確率: 0.076（推定実オッズ?18倍） / 2着集中度: 上位2艇 80.4%（補正+0.04） / 総合判定確率: 0.116 / → ヒモ分散。1号艇1着固定で広めのヒモ流し推奨（買い目+2点）', 'tenji_trigger': '展示確認: ヒモ分散レース。1号艇伸び確認後、広めのヒモ流しを採用。穴ヒモ（5・6号艇）を積極的に含める。\n展示で1号艇スタート遅め(0.183秒)確認→ヒモが荒れやすい'}",,,28.8,逃げ狙い,13.42,34.3,3,,,,,,,,,,,
2025-04-07,丸亀,9,3,山田亮太,A2,41.13,3,○,14.0861,36.3,84,59.6,0.1662,3.4519,,,0,低,92,0,ま0% 差ま0%,,0,51.2,1.2188,0,0,0.12,0.08,0,0.1058,0.0308,0.0615,,○,A,○,,0.4134,0.642,,0.2958,S,82,0,◎1着固定 2-3着流し（5〜8点）,0.5777,"{'is_target': True, 'verdict': '参加推奨', 'max_combo_prob': 0.0758, 'est_top_odds': 17.6, 'circle_concentration': 80.4, 'eligible_count': 6, 'bet_adj': 2, 'reason': 'rel_win1=61.2%（本命度） / 最有力組み合わせ確率: 0.076（推定実オッズ?18倍） / 2着集中度: 上位2艇 80.4%（補正+0.04） / 総合判定確率: 0.116 / → ヒモ分散。1号艇1着固定で広めのヒモ流し推奨（買い目+2点）', 'tenji_trigger': '展示確認: ヒモ分散レース。1号艇伸び確認後、広めのヒモ流しを採用。穴ヒモ（5・6号艇）を積極的に含める。\n展示で1号艇スタート遅め(0.183秒)確認→ヒモが荒れやすい'}",,,28.8,逃げ狙い,13.42,34.3,3,,,,,,,,,,,
2025-04-07,丸亀,9,4,宇土泰就,B1,26.77,4,,6.1413,10.5,75,33.8,0.1578,3.4054,,,0,低,106,0,ま0% 差ま0%,,0,25.7,0.736,0,0,0.0357,0.0357,0,0.1471,0.4412,0.0471,,△,E,,◎,0.4072,0.619,0.3247,0.2958,S,82,0,◎1着固定 2-3着流し（5〜8点）,0.5777,"{'is_target': True, 'verdict': '参加推奨', 'max_combo_prob': 0.0758, 'est_top_odds': 17.6, 'circle_concentration': 80.4, 'eligible_count': 6, 'bet_adj': 2, 'reason': 'rel_win1=61.2%（本命度） / 最有力組み合わせ確率: 0.076（推定実オッズ?18倍） / 2着集中度: 上位2艇 80.4%（補正+0.04） / 総合判定確率: 0.116 / → ヒモ分散。1号艇1着固定で広めのヒモ流し推奨（買い目+2点）', 'tenji_trigger': '展示確認: ヒモ分散レース。1号艇伸び確認後、広めのヒモ流しを採用。穴ヒモ（5・6号艇）を積極的に含める。\n展示で1号艇スタート遅め(0.183秒)確認→ヒモが荒れやすい'}",,,28.8,逃げ狙い,13.42,34.3,3,,,,,,,,,,,
2025-04-07,丸亀,9,5,畔柳俊吾,B1,35.56,5,△,2.5555,6.9,70,33.3,0.1917,3.9881,,,0,低,164,0,-,,0,45.6,1.0517,,,,,,0.287,0.2217,0.2696,,,B,,,0.3109,0.5885,,0.2958,S,82,0,◎1着固定 2-3着流し（5〜8点）,0.5777,"{'is_target': True, 'verdict': '参加推奨', 'max_combo_prob': 0.0758, 'est_top_odds': 17.6, 'circle_concentration': 80.4, 'eligible_count': 6, 'bet_adj': 2, 'reason': 'rel_win1=61.2%（本命度） / 最有力組み合わせ確率: 0.076（推定実オッズ?18倍） / 2着集中度: 上位2艇 80.4%（補正+0.04） / 総合判定確率: 0.116 / → ヒモ分散。1号艇1着固定で広めのヒモ流し推奨（買い目+2点）', 'tenji_trigger': '展示確認: ヒモ分散レース。1号艇伸び確認後、広めのヒモ流しを採用。穴ヒモ（5・6号艇）を積極的に含める。\n展示で1号艇スタート遅め(0.183秒)確認→ヒモが荒れやすい'}",,,28.8,逃げ狙い,13.42,34.3,3,,,,,,,,,,,
2025-04-07,丸亀,9,6,林　祐介,A2,28.06,6,,4.3141,2.2,70,33.3,0.1775,4.3431,,,0,低,103,0,-,,0,27,0.7733,,,,,,0.0154,0.1615,0.2923,,,D,◎,,0.3528,0.6605,,0.2958,S,82,0,◎1着固定 2-3着流し（5〜8点）,0.5777,"{'is_target': True, 'verdict': '参加推奨', 'max_combo_prob': 0.0758, 'est_top_odds': 17.6, 'circle_concentration': 80.4, 'eligible_count': 6, 'bet_adj': 2, 'reason': 'rel_win1=61.2%（本命度） / 最有力組み合わせ確率: 0.076（推定実オッズ?18倍） / 2着集中度: 上位2艇 80.4%（補正+0.04） / 総合判定確率: 0.116 / → ヒモ分散。1号艇1着固定で広めのヒモ流し推奨（買い目+2点）', 'tenji_trigger': '展示確認: ヒモ分散レース。1号艇伸び確認後、広めのヒモ流しを採用。穴ヒモ（5・6号艇）を積極的に含める。\n展示で1号艇スタート遅め(0.183秒)確認→ヒモが荒れやすい'}",,,28.8,逃げ狙い,13.42,34.3,3,,,,,,,,,,,
2025-04-07,丸亀,10,1,大場　敏,A2,27.78,1,◎,62.7179,,0,86.9,0.1417,2.8214,,,0,低,93,0,逃0%,,0,87.7,1.126,0.6667,,,,,0.0933,0.1756,0.0111,◎,,D,◎,,,0.7095,,0.6198,S,86,0,◎1着固定 2-3着流し（5〜8点）,0.5777,"{'is_target': True, 'verdict': '点数絞り', 'max_combo_prob': 0.0931, 'est_top_odds': 14.3, 'circle_concentration': 71.5, 'eligible_count': 6, 'bet_adj': 0, 'reason': 'rel_win1=62.7%（本命度） / 最有力組み合わせ確率: 0.093（推定実オッズ?14倍） / 2着集中度: 上位2艇 71.5%（補正+0.04） / 総合判定確率: 0.133 / → ヒモはやや固め。上位2艇以外を切ること', 'tenji_trigger': '展示確認: 1号艇伸び良→そのまま採用。悪→飛び組に差し替え。circle_pct上位2艇に絞り込むこと。'}",,,26.6,逃げ狙い,12.97,28.3,2,,,,,0,0,0.7559,0,,逃げ軸流し,A
2025-04-07,丸亀,10,2,山下和彦,A1,31.54,2,,12.0035,53.4,83,75,0.168,3.6974,,,0,低,134,0,-,,0,35.1,1.0447,0,0.0294,0.0588,0,0.0294,0.0375,0.0625,0.1732,,,C,,,0.0726,0.6275,,0.6198,S,86,0,◎1着固定 2-3着流し（5〜8点）,0.5777,"{'is_target': True, 'verdict': '点数絞り', 'max_combo_prob': 0.0931, 'est_top_odds': 14.3, 'circle_concentration': 71.5, 'eligible_count': 6, 'bet_adj': 0, 'reason': 'rel_win1=62.7%（本命度） / 最有力組み合わせ確率: 0.093（推定実オッズ?14倍） / 2着集中度: 上位2艇 71.5%（補正+0.04） / 総合判定確率: 0.133 / → ヒモはやや固め。上位2艇以外を切ること', 'tenji_trigger': '展示確認: 1号艇伸び良→そのまま採用。悪→飛び組に差し替え。circle_pct上位2艇に絞り込むこと。'}",,,26.6,逃げ狙い,12.97,28.3,2,,,,,,,,,,,
2025-04-07,丸亀,10,3,森林　太,B1,34.68,3,△,12.0918,18,88,45.7,0.1867,4.0857,,,0,低,204,0,ま0%,,0,31.5,1.1537,0,0,0.1786,0,0.0357,0.0667,0.3556,0.1222,,,C,,,0.1678,0.555,,0.6198,S,86,0,◎1着固定 2-3着流し（5〜8点）,0.5777,"{'is_target': True, 'verdict': '点数絞り', 'max_combo_prob': 0.0931, 'est_top_odds': 14.3, 'circle_concentration': 71.5, 'eligible_count': 6, 'bet_adj': 0, 'reason': 'rel_win1=62.7%（本命度） / 最有力組み合わせ確率: 0.093（推定実オッズ?14倍） / 2着集中度: 上位2艇 71.5%（補正+0.04） / 総合判定確率: 0.133 / → ヒモはやや固め。上位2艇以外を切ること', 'tenji_trigger': '展示確認: 1号艇伸び良→そのまま採用。悪→飛び組に差し替え。circle_pct上位2艇に絞り込むこと。'}",,,26.6,逃げ狙い,12.97,28.3,2,,,,,,,,,,,
2025-04-07,丸亀,10,4,大澤大夢,B1,40.14,4,○,7.53,17.5,100,48.6,0.158,3.2432,,,0,低,103,0,抜0%,,0,42.1,0.964,0,0,0.0645,0.0323,0.0323,0.1632,0.1421,0.1211,,,A,△,◎,0.2524,0.644,0.3401,0.6198,S,86,0,◎1着固定 2-3着流し（5〜8点）,0.5777,"{'is_target': True, 'verdict': '点数絞り', 'max_combo_prob': 0.0931, 'est_top_odds': 14.3, 'circle_concentration': 71.5, 'eligible_count': 6, 'bet_adj': 0, 'reason': 'rel_win1=62.7%（本命度） / 最有力組み合わせ確率: 0.093（推定実オッズ?14倍） / 2着集中度: 上位2艇 71.5%（補正+0.04） / 総合判定確率: 0.133 / → ヒモはやや固め。上位2艇以外を切ること', 'tenji_trigger': '展示確認: 1号艇伸び良→そのまま採用。悪→飛び組に差し替え。circle_pct上位2艇に絞り込むこと。'}",,,26.6,逃げ狙い,12.97,28.3,2,,,,,,,,,,,
2025-04-07,丸亀,10,5,沖島広和,B1,19.66,5,,3.0584,5.3,92,34.4,0.1908,4.3361,,,0,低,143,0,-,,0,33.4,1.0864,0,0,0,0.0357,0,0.2615,0.0308,0.1769,,,E,△,,0.1515,0.637,,0.6198,S,86,0,◎1着固定 2-3着流し（5〜8点）,0.5777,"{'is_target': True, 'verdict': '点数絞り', 'max_combo_prob': 0.0931, 'est_top_odds': 14.3, 'circle_concentration': 71.5, 'eligible_count': 6, 'bet_adj': 0, 'reason': 'rel_win1=62.7%（本命度） / 最有力組み合わせ確率: 0.093（推定実オッズ?14倍） / 2着集中度: 上位2艇 71.5%（補正+0.04） / 総合判定確率: 0.133 / → ヒモはやや固め。上位2艇以外を切ること', 'tenji_trigger': '展示確認: 1号艇伸び良→そのまま採用。悪→飛び組に差し替え。circle_pct上位2艇に絞り込むこと。'}",,,26.6,逃げ狙い,12.97,28.3,2,,,,,,,,,,,
2025-04-07,丸亀,10,6,鈴木裕隆,A2,37.14,6,▲,2.5984,5.7,80,36.7,0.1712,3.4417,,,0,低,149,0,-,,0,71.8,1.4597,,,,,,0.2903,0.2274,0.0887,,,B,○,,0.2464,0.661,,0.6198,S,86,0,◎1着固定 2-3着流し（5〜8点）,0.5777,"{'is_target': True, 'verdict': '点数絞り', 'max_combo_prob': 0.0931, 'est_top_odds': 14.3, 'circle_concentration': 71.5, 'eligible_count': 6, 'bet_adj': 0, 'reason': 'rel_win1=62.7%（本命度） / 最有力組み合わせ確率: 0.093（推定実オッズ?14倍） / 2着集中度: 上位2艇 71.5%（補正+0.04） / 総合判定確率: 0.133 / → ヒモはやや固め。上位2艇以外を切ること', 'tenji_trigger': '展示確認: 1号艇伸び良→そのまま採用。悪→飛び組に差し替え。circle_pct上位2艇に絞り込むこと。'}",,,26.6,逃げ狙い,12.97,28.3,2,,,,,,,,,,,
2025-04-07,丸亀,11,1,金子和之,A1,31.01,1,◎,55.0889,,0,93.9,0.1429,2.2576,,,0,低,99,0,逃0%,,0,92.9,1.2516,0.7407,,,,,0.0444,0.1778,0,◎,,D,△,,,0.6185,,0.6027,A,77,0,◎-○軸 3着3〜4艇流し（10〜15点）,0.5777,"{'is_target': True, 'verdict': '参加推奨', 'max_combo_prob': 0.0852, 'est_top_odds': 15.6, 'circle_concentration': 66.9, 'eligible_count': 8, 'bet_adj': 2, 'reason': 'rel_win1=55.1%（本命度） / 最有力組み合わせ確率: 0.085（推定実オッズ?16倍） / 2着集中度: 上位2艇 66.9%（補正+0.00） / 総合判定確率: 0.085 / → ヒモ分散。1号艇1着固定で広めのヒモ流し推奨（買い目+2点）', 'tenji_trigger': '展示確認: ヒモ分散レース。1号艇伸び確認後、広めのヒモ流しを採用。穴ヒモ（5・6号艇）を積極的に含める。'}",,,27.6,逃げ狙い,18.41,26.7,2,,,,,0,0,0.7559,0,,逃げ軸流し,A
2025-04-07,丸亀,11,2,川原祐明,A2,49.58,2,○,21.6912,42.4,84,72.2,0.1478,3.3611,,,0,低,110,0,差0% ま0%,,0,44.7,1.0243,0,0.087,0.2609,0,0,0.0276,0.1014,0.0138,,,A,△,,0.2935,0.6185,,0.6027,A,77,0,◎-○軸 3着3〜4艇流し（10〜15点）,0.5777,"{'is_target': True, 'verdict': '参加推奨', 'max_combo_prob': 0.0852, 'est_top_odds': 15.6, 'circle_concentration': 66.9, 'eligible_count': 8, 'bet_adj': 2, 'reason': 'rel_win1=55.1%（本命度） / 最有力組み合わせ確率: 0.085（推定実オッズ?16倍） / 2着集中度: 上位2艇 66.9%（補正+0.00） / 総合判定確率: 0.085 / → ヒモ分散。1号艇1着固定で広めのヒモ流し推奨（買い目+2点）', 'tenji_trigger': '展示確認: ヒモ分散レース。1号艇伸び確認後、広めのヒモ流しを採用。穴ヒモ（5・6号艇）を積極的に含める。'}",,,27.6,逃げ狙い,18.41,26.7,2,,,,,,,,,,,
2025-04-07,丸亀,11,3,森作雄大,A2,44.09,3,▲,10.6477,24.5,100,56.2,0.1284,2.4688,,,0,低,68,0,差0% ま0% 差ま0%,,0,41.8,1.0633,0,0.0345,0.069,0.0345,0,0.0414,0.2966,0.1218,,◎,B,◎,,0.3597,0.67,,0.6027,A,77,0,◎-○軸 3着3〜4艇流し（10〜15点）,0.5777,"{'is_target': True, 'verdict': '参加推奨', 'max_combo_prob': 0.0852, 'est_top_odds': 15.6, 'circle_concentration': 66.9, 'eligible_count': 8, 'bet_adj': 2, 'reason': 'rel_win1=55.1%（本命度） / 最有力組み合わせ確率: 0.085（推定実オッズ?16倍） / 2着集中度: 上位2艇 66.9%（補正+0.00） / 総合判定確率: 0.085 / → ヒモ分散。1号艇1着固定で広めのヒモ流し推奨（買い目+2点）', 'tenji_trigger': '展示確認: ヒモ分散レース。1号艇伸び確認後、広めのヒモ流しを採用。穴ヒモ（5・6号艇）を積極的に含める。'}",,,27.6,逃げ狙い,18.41,26.7,2,,,,,,,,,,,
2025-04-07,丸亀,11,4,別府昌樹,A2,45.97,4,△,8.0175,23.3,68,47.3,0.1498,3.2455,,,0,低,109,0,-,,0,39.7,0.8026,0,0.0526,0,0.0526,0.0526,0.125,0.125,0.0833,,,B,,◎,0.2604,0.586,0.371,0.6027,A,77,0,◎-○軸 3着3〜4艇流し（10〜15点）,0.5777,"{'is_target': True, 'verdict': '参加推奨', 'max_combo_prob': 0.0852, 'est_top_odds': 15.6, 'circle_concentration': 66.9, 'eligible_count': 8, 'bet_adj': 2, 'reason': 'rel_win1=55.1%（本命度） / 最有力組み合わせ確率: 0.085（推定実オッズ?16倍） / 2着集中度: 上位2艇 66.9%（補正+0.00） / 総合判定確率: 0.085 / → ヒモ分散。1号艇1着固定で広めのヒモ流し推奨（買い目+2点）', 'tenji_trigger': '展示確認: ヒモ分散レース。1号艇伸び確認後、広めのヒモ流しを採用。穴ヒモ（5・6号艇）を積極的に含める。'}",,,27.6,逃げ狙い,18.41,26.7,2,,,,,,,,,,,
2025-04-07,丸亀,11,5,尾崎雄二,A2,32.26,5,,3.1615,5.4,55,26.5,0.1674,3.8824,,,0,低,133,0,-,,0,24.6,0.669,0,0,0,0.1111,0,0.1667,0.1667,0.0556,,,D,○,,0.223,0.6365,,0.6027,A,77,0,◎-○軸 3着3〜4艇流し（10〜15点）,0.5777,"{'is_target': True, 'verdict': '参加推奨', 'max_combo_prob': 0.0852, 'est_top_odds': 15.6, 'circle_concentration': 66.9, 'eligible_count': 8, 'bet_adj': 2, 'reason': 'rel_win1=55.1%（本命度） / 最有力組み合わせ確率: 0.085（推定実オッズ?16倍） / 2着集中度: 上位2艇 66.9%（補正+0.00） / 総合判定確率: 0.085 / → ヒモ分散。1号艇1着固定で広めのヒモ流し推奨（買い目+2点）', 'tenji_trigger': '展示確認: ヒモ分散レース。1号艇伸び確認後、広めのヒモ流しを採用。穴ヒモ（5・6号艇）を積極的に含める。'}",,,27.6,逃げ狙い,18.41,26.7,2,,,,,,,,,,,
2025-04-07,丸亀,11,6,井上大輔,B1,27.73,6,,1.3933,4.4,51,22.2,0.1765,3.8241,,,0,低,121,0,-,,0,31.7,0.9608,,,,,,0.22,0.14,0.06,,,E,△,,0.2046,0.6275,,0.6027,A,77,0,◎-○軸 3着3〜4艇流し（10〜15点）,0.5777,"{'is_target': True, 'verdict': '参加推奨', 'max_combo_prob': 0.0852, 'est_top_odds': 15.6, 'circle_concentration': 66.9, 'eligible_count': 8, 'bet_adj': 2, 'reason': 'rel_win1=55.1%（本命度） / 最有力組み合わせ確率: 0.085（推定実オッズ?16倍） / 2着集中度: 上位2艇 66.9%（補正+0.00） / 総合判定確率: 0.085 / → ヒモ分散。1号艇1着固定で広めのヒモ流し推奨（買い目+2点）', 'tenji_trigger': '展示確認: ヒモ分散レース。1号艇伸び確認後、広めのヒモ流しを採用。穴ヒモ（5・6号艇）を積極的に含める。'}",,,27.6,逃げ狙い,18.41,26.7,2,,,,,,,,,,,
2025-04-07,丸亀,12,1,石丸海渡,A1,50.00,1,◎,59.6025,,0,95.2,0.1129,1.8651,,,0,低,26,0,逃1%,,0,56,1.0274,0.875,,,,,0.0792,0.0125,0,◎,,A,◎,,,0.687,,0.7631,S,91,0,◎1着固定 2-3着流し（5〜8点）,0.5777,"{'is_target': True, 'verdict': '参加推奨', 'max_combo_prob': 0.0751, 'est_top_odds': 17.8, 'circle_concentration': 61.1, 'eligible_count': 6, 'bet_adj': 2, 'reason': 'rel_win1=59.6%（本命度） / 最有力組み合わせ確率: 0.075（推定実オッズ?18倍） / 2着集中度: 上位2艇 61.1%（補正+0.00） / 総合判定確率: 0.075 / → ヒモ分散。1号艇1着固定で広めのヒモ流し推奨（買い目+2点）', 'tenji_trigger': '展示確認: ヒモ分散レース。1号艇伸び確認後、広めのヒモ流しを採用。穴ヒモ（5・6号艇）を積極的に含める。\n展示で1号艇スタート超安定(0.113秒)→ヒモ固まり方向に注意'}",,,28.3,逃げ狙い,25.19,22.8,2,,,,,0,0,0.7559,0,,逃げ軸流し,A
2025-04-07,丸亀,12,2,中辻崇人,A1,24.62,2,△,9.2605,38.9,68,77.8,0.1478,3.25,,,0,低,42,0,-,,0,59.7,1.4333,0,0,0.2308,0,0.0769,0.2667,0,0,,,D,,,0.0856,0.6505,,0.7631,S,91,0,◎1着固定 2-3着流し（5〜8点）,0.5777,"{'is_target': True, 'verdict': '参加推奨', 'max_combo_prob': 0.0751, 'est_top_odds': 17.8, 'circle_concentration': 61.1, 'eligible_count': 6, 'bet_adj': 2, 'reason': 'rel_win1=59.6%（本命度） / 最有力組み合わせ確率: 0.075（推定実オッズ?18倍） / 2着集中度: 上位2艇 61.1%（補正+0.00） / 総合判定確率: 0.075 / → ヒモ分散。1号艇1着固定で広めのヒモ流し推奨（買い目+2点）', 'tenji_trigger': '展示確認: ヒモ分散レース。1号艇伸び確認後、広めのヒモ流しを採用。穴ヒモ（5・6号艇）を積極的に含める。\n展示で1号艇スタート超安定(0.113秒)→ヒモ固まり方向に注意'}",,,28.3,逃げ狙い,25.19,22.8,2,,,,,,,,,,,
2025-04-07,丸亀,12,3,北村征嗣,A1,38.13,3,▲,10.2825,22.1,100,75,0.1492,2.9583,,,0,低,114,0,差0% ま0% 差ま0%,,0,37.8,1.2981,0,0.0476,0.1429,0.0952,0,0.0186,0.1742,0.0825,,,C,,,0.1363,0.656,,0.7631,S,91,0,◎1着固定 2-3着流し（5〜8点）,0.5777,"{'is_target': True, 'verdict': '参加推奨', 'max_combo_prob': 0.0751, 'est_top_odds': 17.8, 'circle_concentration': 61.1, 'eligible_count': 6, 'bet_adj': 2, 'reason': 'rel_win1=59.6%（本命度） / 最有力組み合わせ確率: 0.075（推定実オッズ?18倍） / 2着集中度: 上位2艇 61.1%（補正+0.00） / 総合判定確率: 0.075 / → ヒモ分散。1号艇1着固定で広めのヒモ流し推奨（買い目+2点）', 'tenji_trigger': '展示確認: ヒモ分散レース。1号艇伸び確認後、広めのヒモ流しを採用。穴ヒモ（5・6号艇）を積極的に含める。\n展示で1号艇スタート超安定(0.113秒)→ヒモ固まり方向に注意'}",,,28.3,逃げ狙い,25.19,22.8,2,,,,,,,,,,,
2025-04-07,丸亀,12,4,山田雄太,A1,24.37,4,,9.3905,19.8,82,67.3,0.141,3.0288,,,0,低,64,0,差0% ま0% 抜0%,,0,94.3,1.3306,0,0.0909,0.1364,0,0.0455,0.016,0.2,0.048,,,E,△,○,0.2022,0.6615,0.3449,0.7631,S,91,0,◎1着固定 2-3着流し（5〜8点）,0.5777,"{'is_target': True, 'verdict': '参加推奨', 'max_combo_prob': 0.0751, 'est_top_odds': 17.8, 'circle_concentration': 61.1, 'eligible_count': 6, 'bet_adj': 2, 'reason': 'rel_win1=59.6%（本命度） / 最有力組み合わせ確率: 0.075（推定実オッズ?18倍） / 2着集中度: 上位2艇 61.1%（補正+0.00） / 総合判定確率: 0.075 / → ヒモ分散。1号艇1着固定で広めのヒモ流し推奨（買い目+2点）', 'tenji_trigger': '展示確認: ヒモ分散レース。1号艇伸び確認後、広めのヒモ流しを採用。穴ヒモ（5・6号艇）を積極的に含める。\n展示で1号艇スタート超安定(0.113秒)→ヒモ固まり方向に注意'}",,,28.3,逃げ狙い,25.19,22.8,2,,,,,,,,,,,
2025-04-07,丸亀,12,5,白神　優,A1,39.06,5,○,8.1435,11.5,66,57.9,0.1342,2.7456,,,0,低,56,0,-,,0,97,1.8686,0,0,0.0645,0.0968,0.0323,0.0343,0.0457,0.0229,,,B,○,◎,0.232,0.6735,0.363,0.7631,S,91,0,◎1着固定 2-3着流し（5〜8点）,0.5777,"{'is_target': True, 'verdict': '参加推奨', 'max_combo_prob': 0.0751, 'est_top_odds': 17.8, 'circle_concentration': 61.1, 'eligible_count': 6, 'bet_adj': 2, 'reason': 'rel_win1=59.6%（本命度） / 最有力組み合わせ確率: 0.075（推定実オッズ?18倍） / 2着集中度: 上位2艇 61.1%（補正+0.00） / 総合判定確率: 0.075 / → ヒモ分散。1号艇1着固定で広めのヒモ流し推奨（買い目+2点）', 'tenji_trigger': '展示確認: ヒモ分散レース。1号艇伸び確認後、広めのヒモ流しを採用。穴ヒモ（5・6号艇）を積極的に含める。\n展示で1号艇スタート超安定(0.113秒)→ヒモ固まり方向に注意'}",,,28.3,逃げ狙い,25.19,22.8,2,,,,,,,,,,,
2025-04-07,丸亀,12,6,下條雄太,A1,34.13,6,,3.3205,7.6,61,51.3,0.1567,3.4744,,,0,低,44,0,差ま0%,,0,51.3,1.9867,0,0,0,0.0588,0,0.019,0.169,0.0381,,,C,△,,0.1472,0.662,,0.7631,S,91,0,◎1着固定 2-3着流し（5〜8点）,0.5777,"{'is_target': True, 'verdict': '参加推奨', 'max_combo_prob': 0.0751, 'est_top_odds': 17.8, 'circle_concentration': 61.1, 'eligible_count': 6, 'bet_adj': 2, 'reason': 'rel_win1=59.6%（本命度） / 最有力組み合わせ確率: 0.075（推定実オッズ?18倍） / 2着集中度: 上位2艇 61.1%（補正+0.00） / 総合判定確率: 0.075 / → ヒモ分散。1号艇1着固定で広めのヒモ流し推奨（買い目+2点）', 'tenji_trigger': '展示確認: ヒモ分散レース。1号艇伸び確認後、広めのヒモ流しを採用。穴ヒモ（5・6号艇）を積極的に含める。\n展示で1号艇スタート超安定(0.113秒)→ヒモ固まり方向に注意'}",,,28.3,逃げ狙い,25.19,22.8,2,,,,,,,,,,,
2025-04-08,丸亀,1,1,吉岡　誠,B1,26.72,1,◎,51.9929,,0,59.3,0.153,3.5556,,,0,低,74,0,逃1%,6,0,68.2,0.8609,0.3636,,,,,0.2727,0.0909,0.1818,○,,E,△,,,0.573,,0.4093,B,52,0,◎○△フォーメーション（15〜20点）,0.5777,"{'is_target': True, 'verdict': '参加推奨', 'max_combo_prob': 0.0766, 'est_top_odds': 17.4, 'circle_concentration': 74.6, 'eligible_count': 9, 'bet_adj': 2, 'reason': 'rel_win1=52.0%（本命度） / 最有力組み合わせ確率: 0.077（推定実オッズ?17倍） / 2着集中度: 上位2艇 74.6%（補正+0.04） / 総合判定確率: 0.117 / → ヒモ分散。1号艇1着固定で広めのヒモ流し推奨（買い目+2点）', 'tenji_trigger': '展示確認: ヒモ分散レース。1号艇伸び確認後、広めのヒモ流しを採用。穴ヒモ（5・6号艇）を積極的に含める。'}",,,31.4,両建て推奨,20.03,36,2,,,,,0,0,0.6155,0,,逃げ軸流し,A
2025-04-08,丸亀,1,2,大谷健太,B1,30.71,2,,13.1447,40.5,53,47.8,0.1804,4.1413,,,0,低,101,0,ま1%,6,0,33.8,0.4814,0,0,0.2,0,0,0,0.0857,0.1286,,,D,△,,0.0805,0.605,,0.4093,B,52,0,◎○△フォーメーション（15〜20点）,0.5777,"{'is_target': True, 'verdict': '参加推奨', 'max_combo_prob': 0.0766, 'est_top_odds': 17.4, 'circle_concentration': 74.6, 'eligible_count': 9, 'bet_adj': 2, 'reason': 'rel_win1=52.0%（本命度） / 最有力組み合わせ確率: 0.077（推定実オッズ?17倍） / 2着集中度: 上位2艇 74.6%（補正+0.04） / 総合判定確率: 0.117 / → ヒモ分散。1号艇1着固定で広めのヒモ流し推奨（買い目+2点）', 'tenji_trigger': '展示確認: ヒモ分散レース。1号艇伸び確認後、広めのヒモ流しを採用。穴ヒモ（5・6号艇）を積極的に含める。'}",,,31.4,両建て推奨,20.03,36,2,,,,,,,,,,,
2025-04-08,丸亀,1,3,竹本太樹,B2,34.88,3,△,7.9675,21.6,82,36.4,0.1745,3.6818,,,0,低,79,0,-,5,0,56.5,1.1144,,,,,,0.0211,0.3053,0.2053,,,C,,,0.202,0.5475,,0.4093,B,52,0,◎○△フォーメーション（15〜20点）,0.5777,"{'is_target': True, 'verdict': '参加推奨', 'max_combo_prob': 0.0766, 'est_top_odds': 17.4, 'circle_concentration': 74.6, 'eligible_count': 9, 'bet_adj': 2, 'reason': 'rel_win1=52.0%（本命度） / 最有力組み合わせ確率: 0.077（推定実オッズ?17倍） / 2着集中度: 上位2艇 74.6%（補正+0.04） / 総合判定確率: 0.117 / → ヒモ分散。1号艇1着固定で広めのヒモ流し推奨（買い目+2点）', 'tenji_trigger': '展示確認: ヒモ分散レース。1号艇伸び確認後、広めのヒモ流しを採用。穴ヒモ（5・6号艇）を積極的に含める。'}",,,31.4,両建て推奨,20.03,36,2,,,,,,,,,,,
2025-04-08,丸亀,1,4,田中宏樹,B1,31.78,4,▲,20.4256,34.1,100,63.6,0.1775,3.8091,,,0,低,128,0,差0% ま0%,4,0,82.6,1.366,0,0.0833,0.0417,0,0.0417,0.2,0.02,0.18,,,C,○,◎,0.1953,0.6195,0.3401,0.4093,B,52,0,◎○△フォーメーション（15〜20点）,0.5777,"{'is_target': True, 'verdict': '参加推奨', 'max_combo_prob': 0.0766, 'est_top_odds': 17.4, 'circle_concentration': 74.6, 'eligible_count': 9, 'bet_adj': 2, 'reason': 'rel_win1=52.0%（本命度） / 最有力組み合わせ確率: 0.077（推定実オッズ?17倍） / 2着集中度: 上位2艇 74.6%（補正+0.04） / 総合判定確率: 0.117 / → ヒモ分散。1号艇1着固定で広めのヒモ流し推奨（買い目+2点）', 'tenji_trigger': '展示確認: ヒモ分散レース。1号艇伸び確認後、広めのヒモ流しを採用。穴ヒモ（5・6号艇）を積極的に含める。'}",,,31.4,両建て推奨,20.03,36,2,,,,,,,,,,,
2025-04-08,丸亀,1,5,田添康介,B1,39.02,5,○,5.0793,2.2,66,16.3,0.1698,3.7791,,,0,低,78,0,-,2,0,23.7,0.5952,,,,,,0.375,0.375,0,,,B,,,0.259,0.5535,,0.4093,B,52,0,◎○△フォーメーション（15〜20点）,0.5777,"{'is_target': True, 'verdict': '参加推奨', 'max_combo_prob': 0.0766, 'est_top_odds': 17.4, 'circle_concentration': 74.6, 'eligible_count': 9, 'bet_adj': 2, 'reason': 'rel_win1=52.0%（本命度） / 最有力組み合わせ確率: 0.077（推定実オッズ?17倍） / 2着集中度: 上位2艇 74.6%（補正+0.04） / 総合判定確率: 0.117 / → ヒモ分散。1号艇1着固定で広めのヒモ流し推奨（買い目+2点）', 'tenji_trigger': '展示確認: ヒモ分散レース。1号艇伸び確認後、広めのヒモ流しを採用。穴ヒモ（5・6号艇）を積極的に含める。'}",,,31.4,両建て推奨,20.03,36,2,,,,,,,,,,,
2025-04-08,丸亀,1,6,坂東　満,B1,35.82,6,,1.3901,1.6,27,14.6,0.1979,4.5,,,0,低,95,0,-,3,0,28.1,0.5506,,,,,,0.0706,0.2039,0.2039,,,B,◎,,0.1671,0.6315,,0.4093,B,52,0,◎○△フォーメーション（15〜20点）,0.5777,"{'is_target': True, 'verdict': '参加推奨', 'max_combo_prob': 0.0766, 'est_top_odds': 17.4, 'circle_concentration': 74.6, 'eligible_count': 9, 'bet_adj': 2, 'reason': 'rel_win1=52.0%（本命度） / 最有力組み合わせ確率: 0.077（推定実オッズ?17倍） / 2着集中度: 上位2艇 74.6%（補正+0.04） / 総合判定確率: 0.117 / → ヒモ分散。1号艇1着固定で広めのヒモ流し推奨（買い目+2点）', 'tenji_trigger': '展示確認: ヒモ分散レース。1号艇伸び確認後、広めのヒモ流しを採用。穴ヒモ（5・6号艇）を積極的に含める。'}",,,31.4,両建て推奨,20.03,36,2,,,,,,,,,,,
2025-04-08,丸亀,2,1,森林　太,B1,34.68,1,◎,48.8134,,0,63,0.1872,4.1848,,,0,低,204,0,-,26,0,100,2.1321,0.2222,,,,,0.0667,0.3556,0.1222,,,D,,,,0.555,,0.1933,B,52,0,◎○△フォーメーション（15〜20点）,0.5777,"{'is_target': True, 'verdict': '参加推奨', 'max_combo_prob': 0.0707, 'est_top_odds': 18.9, 'circle_concentration': 64.5, 'eligible_count': 9, 'bet_adj': 2, 'reason': 'rel_win1=48.8%（本命度） / 最有力組み合わせ確率: 0.071（推定実オッズ?19倍） / 2着集中度: 上位2艇 64.5%（補正+0.00） / 総合判定確率: 0.071 / → ヒモ分散。1号艇1着固定で広めのヒモ流し推奨（買い目+2点）', 'tenji_trigger': '展示確認: ヒモ分散レース。1号艇伸び確認後、広めのヒモ流しを採用。穴ヒモ（5・6号艇）を積極的に含める。\n展示で1号艇スタート遅め(0.187秒)確認→ヒモが荒れやすい'}",,,33.7,両建て推奨,10.32,36.8,2,2-1-3|2-1-5|2-1-4|2-3-1|2-5-1|2-5-3|2-3-5|1-2-5|1-2-3|1-3-2,2-1-3|2-1-5|2-1-4|2-3-1|2-5-1|2-5-3|2-3-5|1-2-5|1-2-3|6-1-4|6-1-3|1-3-2,2-1-3:2.53%|2-1-5:1.77%|2-1-4:1.75%|2-3-1:0.81%|2-5-1:0.62%|2-5-3:0.2%|2-3-5:0.19%|1-2-5:5.16%|1-2-3:4.83%|1-3-2:3.74%,2-1-3:B_main|2-1-5:B_main|2-1-4:B_main|2-3-1:B_main|2-5-1:B_main|2-5-3:B_main|2-3-5:B_main|1-2-5:A|1-2-3:A|1-3-2:A,10,12,0.2915,1,[!]見送り推奨（主役決まり手「差し」― 逃げ劣勢レースで的中実績なし）,主役軸流し,B
2025-04-08,丸亀,2,2,佐々木大,B1,41.73,2,▲,17.8314,43.1,100,53.3,0.1653,3.1667,,,0,低,74,0,-,6,0,80.6,1.6757,0,0.1429,0.0476,0,0,0,0.0364,0.2623,,◎,B,○,,0.559,0.637,,0.1933,B,52,0,◎○△フォーメーション（15〜20点）,0.5777,"{'is_target': True, 'verdict': '参加推奨', 'max_combo_prob': 0.0707, 'est_top_odds': 18.9, 'circle_concentration': 64.5, 'eligible_count': 9, 'bet_adj': 2, 'reason': 'rel_win1=48.8%（本命度） / 最有力組み合わせ確率: 0.071（推定実オッズ?19倍） / 2着集中度: 上位2艇 64.5%（補正+0.00） / 総合判定確率: 0.071 / → ヒモ分散。1号艇1着固定で広めのヒモ流し推奨（買い目+2点）', 'tenji_trigger': '展示確認: ヒモ分散レース。1号艇伸び確認後、広めのヒモ流しを採用。穴ヒモ（5・6号艇）を積極的に含める。\n展示で1号艇スタート遅め(0.187秒)確認→ヒモが荒れやすい'}",,,33.7,両建て推奨,10.32,36.8,2,,,,,,,,,,,
2025-04-08,丸亀,2,3,宇土泰就,B1,26.77,3,,12.359,21.3,79,41.5,0.1514,3.3231,,,0,低,106,0,-,35,0,58.7,1.4335,0,0,0,0.0741,0,0.1471,0.4412,0.0471,,○,E,△,,0.5021,0.619,,0.1933,B,52,0,◎○△フォーメーション（15〜20点）,0.5777,"{'is_target': True, 'verdict': '参加推奨', 'max_combo_prob': 0.0707, 'est_top_odds': 18.9, 'circle_concentration': 64.5, 'eligible_count': 9, 'bet_adj': 2, 'reason': 'rel_win1=48.8%（本命度） / 最有力組み合わせ確率: 0.071（推定実オッズ?19倍） / 2着集中度: 上位2艇 64.5%（補正+0.00） / 総合判定確率: 0.071 / → ヒモ分散。1号艇1着固定で広めのヒモ流し推奨（買い目+2点）', 'tenji_trigger': '展示確認: ヒモ分散レース。1号艇伸び確認後、広めのヒモ流しを採用。穴ヒモ（5・6号艇）を積極的に含める。\n展示で1号艇スタート遅め(0.187秒)確認→ヒモが荒れやすい'}",,,33.7,両建て推奨,10.32,36.8,2,,,,,,,,,,,
2025-04-08,丸亀,2,4,中里昌志,B1,43.61,4,○,9.0121,12.2,79,37.9,0.1652,3.5303,,,0,低,140,0,-,6,0,57.4,1.2787,0,0,0.0357,0,0,0.3162,0.2152,0.1962,,△,B,△,,0.4226,0.604,,0.1933,B,52,0,◎○△フォーメーション（15〜20点）,0.5777,"{'is_target': True, 'verdict': '参加推奨', 'max_combo_prob': 0.0707, 'est_top_odds': 18.9, 'circle_concentration': 64.5, 'eligible_count': 9, 'bet_adj': 2, 'reason': 'rel_win1=48.8%（本命度） / 最有力組み合わせ確率: 0.071（推定実オッズ?19倍） / 2着集中度: 上位2艇 64.5%（補正+0.00） / 総合判定確率: 0.071 / → ヒモ分散。1号艇1着固定で広めのヒモ流し推奨（買い目+2点）', 'tenji_trigger': '展示確認: ヒモ分散レース。1号艇伸び確認後、広めのヒモ流しを採用。穴ヒモ（5・6号艇）を積極的に含める。\n展示で1号艇スタート遅め(0.187秒)確認→ヒモが荒れやすい'}",,,33.7,両建て推奨,10.32,36.8,2,,,,,,,,,,,
2025-04-08,丸亀,2,5,鈴木裕隆,A2,37.14,5,,10.4862,20.2,98,54.4,0.1841,3.9338,,,0,低,149,0,差ま1%,24,0,29.8,0.8081,0,0,0,0.1034,0,0.2903,0.2274,0.0887,,,C,◎,◎,0.3626,0.661,0.296,0.1933,B,52,0,◎○△フォーメーション（15〜20点）,0.5777,"{'is_target': True, 'verdict': '参加推奨', 'max_combo_prob': 0.0707, 'est_top_odds': 18.9, 'circle_concentration': 64.5, 'eligible_count': 9, 'bet_adj': 2, 'reason': 'rel_win1=48.8%（本命度） / 最有力組み合わせ確率: 0.071（推定実オッズ?19倍） / 2着集中度: 上位2艇 64.5%（補正+0.00） / 総合判定確率: 0.071 / → ヒモ分散。1号艇1着固定で広めのヒモ流し推奨（買い目+2点）', 'tenji_trigger': '展示確認: ヒモ分散レース。1号艇伸び確認後、広めのヒモ流しを採用。穴ヒモ（5・6号艇）を積極的に含める。\n展示で1号艇スタート遅め(0.187秒)確認→ヒモが荒れやすい'}",,,33.7,両建て推奨,10.32,36.8,2,,,,,,,,,,,
2025-04-08,丸亀,2,6,岩津徹郎,B1,44.62,6,△,1.4979,3.1,36,19.1,0.1943,4.7872,,,0,低,117,0,-,2,0,29.5,0.8031,,,,,,0.0706,0.0941,0.2706,,,B,,,0.3425,0.574,,0.1933,B,52,0,◎○△フォーメーション（15〜20点）,0.5777,"{'is_target': True, 'verdict': '参加推奨', 'max_combo_prob': 0.0707, 'est_top_odds': 18.9, 'circle_concentration': 64.5, 'eligible_count': 9, 'bet_adj': 2, 'reason': 'rel_win1=48.8%（本命度） / 最有力組み合わせ確率: 0.071（推定実オッズ?19倍） / 2着集中度: 上位2艇 64.5%（補正+0.00） / 総合判定確率: 0.071 / → ヒモ分散。1号艇1着固定で広めのヒモ流し推奨（買い目+2点）', 'tenji_trigger': '展示確認: ヒモ分散レース。1号艇伸び確認後、広めのヒモ流しを採用。穴ヒモ（5・6号艇）を積極的に含める。\n展示で1号艇スタート遅め(0.187秒)確認→ヒモが荒れやすい'}",,,33.7,両建て推奨,10.32,36.8,2,,,,,,,,,,,
2025-04-08,丸亀,3,1,八木治樹,B1,29.84,1,◎,52.6962,,0,71,0.1492,3.0789,,,0,低,75,0,逃0%,6,0,80,0.9365,0.3125,,,,,0.3,0.25,0.075,◎,,C,△,,,0.603,,0.4534,A,65,0,◎-○軸 3着3〜4艇流し（10〜15点）,0.5777,"{'is_target': True, 'verdict': '点数絞り', 'max_combo_prob': 0.0883, 'est_top_odds': 15.1, 'circle_concentration': 80.7, 'eligible_count': 8, 'bet_adj': 0, 'reason': 'rel_win1=52.7%（本命度） / 最有力組み合わせ確率: 0.088（推定実オッズ?15倍） / 2着集中度: 上位2艇 80.7%（補正+0.04） / 総合判定確率: 0.128 / → ヒモはやや固め。上位2艇以外を切ること', 'tenji_trigger': '展示確認: 1号艇伸び良→そのまま採用。悪→飛び組に差し替え。circle_pct上位2艇に絞り込むこと。'}",,,29.5,逃げ狙い,12.59,37,3,,,,,0,0,0.7559,0,,逃げ軸流し,A
2025-04-08,丸亀,3,2,林　祐介,A2,28.06,2,,14.1141,51.2,92,57.7,0.1665,3.9519,,,0,低,103,0,-,6,0,47.8,0.996,0,0.0588,0,0,0.0588,0.0154,0.1615,0.2923,,,D,◎,,0.184,0.6605,,0.4534,A,65,0,◎-○軸 3着3〜4艇流し（10〜15点）,0.5777,"{'is_target': True, 'verdict': '点数絞り', 'max_combo_prob': 0.0883, 'est_top_odds': 15.1, 'circle_concentration': 80.7, 'eligible_count': 8, 'bet_adj': 0, 'reason': 'rel_win1=52.7%（本命度） / 最有力組み合わせ確率: 0.088（推定実オッズ?15倍） / 2着集中度: 上位2艇 80.7%（補正+0.04） / 総合判定確率: 0.128 / → ヒモはやや固め。上位2艇以外を切ること', 'tenji_trigger': '展示確認: 1号艇伸び良→そのまま採用。悪→飛び組に差し替え。circle_pct上位2艇に絞り込むこと。'}",,,29.5,逃げ狙い,12.59,37,3,,,,,,,,,,,
2025-04-08,丸亀,3,3,藤丸光一,B1,26.52,3,,10.6811,29.4,89,48,0.1972,4.08,,,0,低,102,0,差0%,1,0,36.9,0.9523,0,0.0526,0,0,0,0.2706,0.2941,0.1941,,,E,△,,0.1507,0.6295,,0.4534,A,65,0,◎-○軸 3着3〜4艇流し（10〜15点）,0.5777,"{'is_target': True, 'verdict': '点数絞り', 'max_combo_prob': 0.0883, 'est_top_odds': 15.1, 'circle_concentration': 80.7, 'eligible_count': 8, 'bet_adj': 0, 'reason': 'rel_win1=52.7%（本命度） / 最有力組み合わせ確率: 0.088（推定実オッズ?15倍） / 2着集中度: 上位2艇 80.7%（補正+0.04） / 総合判定確率: 0.128 / → ヒモはやや固め。上位2艇以外を切ること', 'tenji_trigger': '展示確認: 1号艇伸び良→そのまま採用。悪→飛び組に差し替え。circle_pct上位2艇に絞り込むこと。'}",,,29.5,逃げ狙い,12.59,37,3,,,,,,,,,,,
2025-04-08,丸亀,3,4,亀本勇樹,B1,33.08,4,○,9.3977,11.4,54,25.6,0.1554,3.3333,,,0,低,75,0,-,5,0,30.4,0.763,0,0,0.1,0,0,0.2083,0.05,0.125,,,B,,,0.3188,0.5815,,0.4534,A,65,0,◎-○軸 3着3〜4艇流し（10〜15点）,0.5777,"{'is_target': True, 'verdict': '点数絞り', 'max_combo_prob': 0.0883, 'est_top_odds': 15.1, 'circle_concentration': 80.7, 'eligible_count': 8, 'bet_adj': 0, 'reason': 'rel_win1=52.7%（本命度） / 最有力組み合わせ確率: 0.088（推定実オッズ?15倍） / 2着集中度: 上位2艇 80.7%（補正+0.04） / 総合判定確率: 0.128 / → ヒモはやや固め。上位2艇以外を切ること', 'tenji_trigger': '展示確認: 1号艇伸び良→そのまま採用。悪→飛び組に差し替え。circle_pct上位2艇に絞り込むこと。'}",,,29.5,逃げ狙い,12.59,37,3,,,,,,,,,,,
2025-04-08,丸亀,3,5,萩原丈太,B2,38.76,5,▲,9.267,5.3,63,9.1,0.1945,3.8636,,,0,低,78,0,-,13,0,26.3,0.7698,0,0,0,0.0714,0,0,0,0,,,B,,,0.1822,0.556,,0.4534,A,65,0,◎-○軸 3着3〜4艇流し（10〜15点）,0.5777,"{'is_target': True, 'verdict': '点数絞り', 'max_combo_prob': 0.0883, 'est_top_odds': 15.1, 'circle_concentration': 80.7, 'eligible_count': 8, 'bet_adj': 0, 'reason': 'rel_win1=52.7%（本命度） / 最有力組み合わせ確率: 0.088（推定実オッズ?15倍） / 2着集中度: 上位2艇 80.7%（補正+0.04） / 総合判定確率: 0.128 / → ヒモはやや固め。上位2艇以外を切ること', 'tenji_trigger': '展示確認: 1号艇伸び良→そのまま採用。悪→飛び組に差し替え。circle_pct上位2艇に絞り込むこと。'}",,,29.5,逃げ狙い,12.59,37,3,,,,,,,,,,,
2025-04-08,丸亀,3,6,尾崎雄二,A2,32.26,6,△,3.8439,2.6,100,31.5,0.1726,3.7222,,,0,低,133,0,抜0%,32,0,25,0.8544,0,0.0455,0,0,0.0455,0.1667,0.1667,0.0556,,,C,○,,0.2458,0.6365,,0.4534,A,65,0,◎-○軸 3着3〜4艇流し（10〜15点）,0.5777,"{'is_target': True, 'verdict': '点数絞り', 'max_combo_prob': 0.0883, 'est_top_odds': 15.1, 'circle_concentration': 80.7, 'eligible_count': 8, 'bet_adj': 0, 'reason': 'rel_win1=52.7%（本命度） / 最有力組み合わせ確率: 0.088（推定実オッズ?15倍） / 2着集中度: 上位2艇 80.7%（補正+0.04） / 総合判定確率: 0.128 / → ヒモはやや固め。上位2艇以外を切ること', 'tenji_trigger': '展示確認: 1号艇伸び良→そのまま採用。悪→飛び組に差し替え。circle_pct上位2艇に絞り込むこと。'}",,,29.5,逃げ狙い,12.59,37,3,,,,,,,,,,,
2025-04-08,丸亀,4,1,岡本翔太,B1,28.68,1,◎,53.046,,0,85.7,0.1386,2.5595,,,0,低,61,0,逃0%,65,0,79.4,1.0896,0.5,,,,,0.19,0.08,0.19,◎,,D,◎,,,0.6355,,0.5658,A,78,0,◎-○軸 3着3〜4艇流し（10〜15点）,0.5777,"{'is_target': True, 'verdict': '参加推奨', 'max_combo_prob': 0.057, 'est_top_odds': 23.4, 'circle_concentration': 57.5, 'eligible_count': 8, 'bet_adj': 2, 'reason': 'rel_win1=53.0%（本命度） / 最有力組み合わせ確率: 0.057（推定実オッズ?23倍） / 2着集中度: 上位2艇 57.5%（補正+0.00） / 総合判定確率: 0.057 / → ヒモ分散。1号艇1着固定で広めのヒモ流し推奨（買い目+2点）', 'tenji_trigger': '展示確認: ヒモ分散レース。1号艇伸び確認後、広めのヒモ流しを採用。穴ヒモ（5・6号艇）を積極的に含める。\n展示で1号艇スタート超安定(0.139秒)→ヒモ固まり方向に注意'}",,,29.1,逃げ狙い,18.05,31.3,3,,,,,0,0,0.7559,0,,逃げ軸流し,A
2025-04-08,丸亀,4,2,畔柳俊吾,B1,35.56,2,▲,15.8775,36.4,100,50,0.1885,4.2583,,,0,低,164,0,差0% ま0%,14,0,33,0.8798,0,0.1071,0.1071,0,0,0.287,0.2217,0.2696,,,B,,,0.1041,0.5885,,0.5658,A,78,0,◎-○軸 3着3〜4艇流し（10〜15点）,0.5777,"{'is_target': True, 'verdict': '参加推奨', 'max_combo_prob': 0.057, 'est_top_odds': 23.4, 'circle_concentration': 57.5, 'eligible_count': 8, 'bet_adj': 2, 'reason': 'rel_win1=53.0%（本命度） / 最有力組み合わせ確率: 0.057（推定実オッズ?23倍） / 2着集中度: 上位2艇 57.5%（補正+0.00） / 総合判定確率: 0.057 / → ヒモ分散。1号艇1着固定で広めのヒモ流し推奨（買い目+2点）', 'tenji_trigger': '展示確認: ヒモ分散レース。1号艇伸び確認後、広めのヒモ流しを採用。穴ヒモ（5・6号艇）を積極的に含める。\n展示で1号艇スタート超安定(0.139秒)→ヒモ固まり方向に注意'}",,,29.1,逃げ狙い,18.05,31.3,3,,,,,,,,,,,
2025-04-08,丸亀,4,3,南野利騰,B2,26.92,3,,9.778,21.1,56,35.6,0.1661,3.7458,,,0,低,99,0,差0%,3,0,79.4,0.7783,0,0.0323,0,0,0,0.3924,0.2971,0.0762,,,D,△,,0.1592,0.616,,0.5658,A,78,0,◎-○軸 3着3〜4艇流し（10〜15点）,0.5777,"{'is_target': True, 'verdict': '参加推奨', 'max_combo_prob': 0.057, 'est_top_odds': 23.4, 'circle_concentration': 57.5, 'eligible_count': 8, 'bet_adj': 2, 'reason': 'rel_win1=53.0%（本命度） / 最有力組み合わせ確率: 0.057（推定実オッズ?23倍） / 2着集中度: 上位2艇 57.5%（補正+0.00） / 総合判定確率: 0.057 / → ヒモ分散。1号艇1着固定で広めのヒモ流し推奨（買い目+2点）', 'tenji_trigger': '展示確認: ヒモ分散レース。1号艇伸び確認後、広めのヒモ流しを採用。穴ヒモ（5・6号艇）を積極的に含める。\n展示で1号艇スタート超安定(0.139秒)→ヒモ固まり方向に注意'}",,,29.1,逃げ狙い,18.05,31.3,3,,,,,,,,,,,
2025-04-08,丸亀,4,4,土井祥伍,B1,31.25,4,,4.4524,19.8,51,35.8,0.1827,4.0224,,,0,低,170,0,-,53,0,20.3,0.5862,,,,,,0,0.3556,0.1667,,,C,,,0.1545,0.578,,0.5658,A,78,0,◎-○軸 3着3〜4艇流し（10〜15点）,0.5777,"{'is_target': True, 'verdict': '参加推奨', 'max_combo_prob': 0.057, 'est_top_odds': 23.4, 'circle_concentration': 57.5, 'eligible_count': 8, 'bet_adj': 2, 'reason': 'rel_win1=53.0%（本命度） / 最有力組み合わせ確率: 0.057（推定実オッズ?23倍） / 2着集中度: 上位2艇 57.5%（補正+0.00） / 総合判定確率: 0.057 / → ヒモ分散。1号艇1着固定で広めのヒモ流し推奨（買い目+2点）', 'tenji_trigger': '展示確認: ヒモ分散レース。1号艇伸び確認後、広めのヒモ流しを採用。穴ヒモ（5・6号艇）を積極的に含める。\n展示で1号艇スタート超安定(0.139秒)→ヒモ固まり方向に注意'}",,,29.1,逃げ狙い,18.05,31.3,3,,,,,,,,,,,
2025-04-08,丸亀,4,5,佐藤大佑,A2,32.31,5,○,13.3289,15.3,53,40,0.161,3.15,,,0,低,121,0,ま0% 差ま0%,4,0,29.2,1.4712,0,0,0.1,0.0333,0,0.0333,0.1333,0.0333,,,C,△,◎,0.2421,0.59,0.2417,0.5658,A,78,0,◎-○軸 3着3〜4艇流し（10〜15点）,0.5777,"{'is_target': True, 'verdict': '参加推奨', 'max_combo_prob': 0.057, 'est_top_odds': 23.4, 'circle_concentration': 57.5, 'eligible_count': 8, 'bet_adj': 2, 'reason': 'rel_win1=53.0%（本命度） / 最有力組み合わせ確率: 0.057（推定実オッズ?23倍） / 2着集中度: 上位2艇 57.5%（補正+0.00） / 総合判定確率: 0.057 / → ヒモ分散。1号艇1着固定で広めのヒモ流し推奨（買い目+2点）', 'tenji_trigger': '展示確認: ヒモ分散レース。1号艇伸び確認後、広めのヒモ流しを採用。穴ヒモ（5・6号艇）を積極的に含める。\n展示で1号艇スタート超安定(0.139秒)→ヒモ固まり方向に注意'}",,,29.1,逃げ狙い,18.05,31.3,3,,,,,,,,,,,
2025-04-08,丸亀,4,6,金子和之,A1,31.01,6,△,3.5172,7.4,67,46.3,0.1363,2.9352,,,0,低,99,0,-,33,0,91.6,1.8044,,,,,,0.0444,0.1778,0,,,C,○,,0.3304,0.6185,,0.5658,A,78,0,◎-○軸 3着3〜4艇流し（10〜15点）,0.5777,"{'is_target': True, 'verdict': '参加推奨', 'max_combo_prob': 0.057, 'est_top_odds': 23.4, 'circle_concentration': 57.5, 'eligible_count': 8, 'bet_adj': 2, 'reason': 'rel_win1=53.0%（本命度） / 最有力組み合わせ確率: 0.057（推定実オッズ?23倍） / 2着集中度: 上位2艇 57.5%（補正+0.00） / 総合判定確率: 0.057 / → ヒモ分散。1号艇1着固定で広めのヒモ流し推奨（買い目+2点）', 'tenji_trigger': '展示確認: ヒモ分散レース。1号艇伸び確認後、広めのヒモ流しを採用。穴ヒモ（5・6号艇）を積極的に含める。\n展示で1号艇スタート超安定(0.139秒)→ヒモ固まり方向に注意'}",,,29.1,逃げ狙い,18.05,31.3,3,,,,,,,,,,,
2025-04-08,丸亀,5,1,田中宏樹,B1,31.78,1,◎,52.9794,,0,82.2,0.1682,3.4,,,0,低,128,0,逃0%,4,0,82,1.1894,0.45,,,,,0.2,0.02,0.18,○,,D,,,,0.6195,,0.377,A,76,0,◎-○軸 3着3〜4艇流し（10〜15点）,0.5777,"{'is_target': True, 'verdict': '参加推奨', 'max_combo_prob': 0.0614, 'est_top_odds': 21.7, 'circle_concentration': 69.0, 'eligible_count': 8, 'bet_adj': 2, 'reason': 'rel_win1=53.0%（本命度） / 最有力組み合わせ確率: 0.061（推定実オッズ?22倍） / 2着集中度: 上位2艇 69.0%（補正+0.00） / 総合判定確率: 0.061 / → ヒモ分散。1号艇1着固定で広めのヒモ流し推奨（買い目+2点）', 'tenji_trigger': '展示確認: ヒモ分散レース。1号艇伸び確認後、広めのヒモ流しを採用。穴ヒモ（5・6号艇）を積極的に含める。'}",,,28,逃げ狙い,14.3,31.4,2,,,,,0,0,0.6155,0,,逃げ軸流し,A
2025-04-08,丸亀,5,2,大澤大夢,B1,40.14,2,▲,9.1524,24.7,100,53,0.1477,3.2121,,,0,低,103,0,-,52,0,49,0.6847,0,0,0.037,0,0.037,0.1632,0.1421,0.1211,,◎,B,△,,0.5086,0.644,,0.377,A,76,0,◎-○軸 3着3〜4艇流し（10〜15点）,0.5777,"{'is_target': True, 'verdict': '参加推奨', 'max_combo_prob': 0.0614, 'est_top_odds': 21.7, 'circle_concentration': 69.0, 'eligible_count': 8, 'bet_adj': 2, 'reason': 'rel_win1=53.0%（本命度） / 最有力組み合わせ確率: 0.061（推定実オッズ?22倍） / 2着集中度: 上位2艇 69.0%（補正+0.00） / 総合判定確率: 0.061 / → ヒモ分散。1号艇1着固定で広めのヒモ流し推奨（買い目+2点）', 'tenji_trigger': '展示確認: ヒモ分散レース。1号艇伸び確認後、広めのヒモ流しを採用。穴ヒモ（5・6号艇）を積極的に含める。'}",,,28,逃げ狙い,14.3,31.4,2,,,,,,,,,,,
2025-04-08,丸亀,5,3,別府昌樹,A2,45.97,3,○,11.0202,38,88,60.9,0.1408,2.875,,,0,低,109,0,ま0%,11,0,46.7,1.1333,0,0,0.1154,0,0,0.125,0.125,0.0833,,○,A,,,0.4421,0.586,,0.377,A,76,0,◎-○軸 3着3〜4艇流し（10〜15点）,0.5777,"{'is_target': True, 'verdict': '参加推奨', 'max_combo_prob': 0.0614, 'est_top_odds': 21.7, 'circle_concentration': 69.0, 'eligible_count': 8, 'bet_adj': 2, 'reason': 'rel_win1=53.0%（本命度） / 最有力組み合わせ確率: 0.061（推定実オッズ?22倍） / 2着集中度: 上位2艇 69.0%（補正+0.00） / 総合判定確率: 0.061 / → ヒモ分散。1号艇1着固定で広めのヒモ流し推奨（買い目+2点）', 'tenji_trigger': '展示確認: ヒモ分散レース。1号艇伸び確認後、広めのヒモ流しを採用。穴ヒモ（5・6号艇）を積極的に含める。'}",,,28,逃げ狙い,14.3,31.4,2,,,,,,,,,,,
2025-04-08,丸亀,5,4,北村征嗣,A1,38.13,4,△,17.9657,30.9,91,76.7,0.1703,3.8667,,,0,低,114,0,差0% ま0%,43,0,95,1.7945,0,0.087,0.0435,0,0,0.0186,0.1742,0.0825,,,C,○,◎,0.2844,0.656,0.3853,0.377,A,76,0,◎-○軸 3着3〜4艇流し（10〜15点）,0.5777,"{'is_target': True, 'verdict': '参加推奨', 'max_combo_prob': 0.0614, 'est_top_odds': 21.7, 'circle_concentration': 69.0, 'eligible_count': 8, 'bet_adj': 2, 'reason': 'rel_win1=53.0%（本命度） / 最有力組み合わせ確率: 0.061（推定実オッズ?22倍） / 2着集中度: 上位2艇 69.0%（補正+0.00） / 総合判定確率: 0.061 / → ヒモ分散。1号艇1着固定で広めのヒモ流し推奨（買い目+2点）', 'tenji_trigger': '展示確認: ヒモ分散レース。1号艇伸び確認後、広めのヒモ流しを採用。穴ヒモ（5・6号艇）を積極的に含める。'}",,,28,逃げ狙い,14.3,31.4,2,,,,,,,,,,,
2025-04-08,丸亀,5,5,井上大輔,B1,27.73,5,,6.5877,4.6,80,32.8,0.1797,3.7266,,,0,低,121,0,ま0%,15,0,27.2,1.0369,0,0,0.0385,0,0,0.22,0.14,0.06,,,E,△,,0.2484,0.6275,,0.377,A,76,0,◎-○軸 3着3〜4艇流し（10〜15点）,0.5777,"{'is_target': True, 'verdict': '参加推奨', 'max_combo_prob': 0.0614, 'est_top_odds': 21.7, 'circle_concentration': 69.0, 'eligible_count': 8, 'bet_adj': 2, 'reason': 'rel_win1=53.0%（本命度） / 最有力組み合わせ確率: 0.061（推定実オッズ?22倍） / 2着集中度: 上位2艇 69.0%（補正+0.00） / 総合判定確率: 0.061 / → ヒモ分散。1号艇1着固定で広めのヒモ流し推奨（買い目+2点）', 'tenji_trigger': '展示確認: ヒモ分散レース。1号艇伸び確認後、広めのヒモ流しを採用。穴ヒモ（5・6号艇）を積極的に含める。'}",,,28,逃げ狙い,14.3,31.4,2,,,,,,,,,,,
2025-04-08,丸亀,5,6,大場　敏,A2,27.78,6,,2.2946,1.7,57,23.1,0.184,4.8365,,,0,低,93,0,-,31,0,30.5,0.7781,0,0.0357,0,0,0,0.0933,0.1756,0.0111,,,D,◎,,0.231,0.7095,,0.377,A,76,0,◎-○軸 3着3〜4艇流し（10〜15点）,0.5777,"{'is_target': True, 'verdict': '参加推奨', 'max_combo_prob': 0.0614, 'est_top_odds': 21.7, 'circle_concentration': 69.0, 'eligible_count': 8, 'bet_adj': 2, 'reason': 'rel_win1=53.0%（本命度） / 最有力組み合わせ確率: 0.061（推定実オッズ?22倍） / 2着集中度: 上位2艇 69.0%（補正+0.00） / 総合判定確率: 0.061 / → ヒモ分散。1号艇1着固定で広めのヒモ流し推奨（買い目+2点）', 'tenji_trigger': '展示確認: ヒモ分散レース。1号艇伸び確認後、広めのヒモ流しを採用。穴ヒモ（5・6号艇）を積極的に含める。'}",,,28,逃げ狙い,14.3,31.4,2,,,,,,,,,,,
2025-04-08,丸亀,6,1,村松修二,A2,35.20,1,◎,58.4873,,0,84.9,0.1586,3.2652,,,0,低,81,0,逃1%,21,0,68.1,0.9337,0.6154,,,,,0.0308,0.0308,0.3341,◎,,B,△,,,0.596,,0.4989,A,77,0,◎-○軸 3着3〜4艇流し（10〜15点）,0.5777,"{'is_target': True, 'verdict': '点数絞り', 'max_combo_prob': 0.1184, 'est_top_odds': 11.3, 'circle_concentration': 77.2, 'eligible_count': 8, 'bet_adj': 0, 'reason': 'rel_win1=58.5%（本命度） / 最有力組み合わせ確率: 0.118（推定実オッズ?11倍） / 2着集中度: 上位2艇 77.2%（補正+0.04） / 総合判定確率: 0.158 / → ヒモはやや固め。上位2艇以外を切ること', 'tenji_trigger': '展示確認: 1号艇伸び良→そのまま採用。悪→飛び組に差し替え。circle_pct上位2艇に絞り込むこと。'}",,,29.2,逃げ狙い,20.91,29.1,3,,,,,0,0,0.7559,0,,逃げ軸流し,A
2025-04-08,丸亀,6,2,福田　理,B1,31.78,2,△,9.7102,16.8,63,36.5,0.169,3.5635,,,0,低,126,0,-,54,0,86.1,1.5131,0,0.0625,0.0625,0,0,0.1446,0.4967,0.1446,,,D,,,0.2145,0.594,,0.4989,A,77,0,◎-○軸 3着3〜4艇流し（10〜15点）,0.5777,"{'is_target': True, 'verdict': '点数絞り', 'max_combo_prob': 0.1184, 'est_top_odds': 11.3, 'circle_concentration': 77.2, 'eligible_count': 8, 'bet_adj': 0, 'reason': 'rel_win1=58.5%（本命度） / 最有力組み合わせ確率: 0.118（推定実オッズ?11倍） / 2着集中度: 上位2艇 77.2%（補正+0.04） / 総合判定確率: 0.158 / → ヒモはやや固め。上位2艇以外を切ること', 'tenji_trigger': '展示確認: 1号艇伸び良→そのまま採用。悪→飛び組に差し替え。circle_pct上位2艇に絞り込むこと。'}",,,29.2,逃げ狙い,20.91,29.1,3,,,,,,,,,,,
2025-04-08,丸亀,6,3,下條雄太,A1,34.13,3,○,18.9332,54.9,62,86.5,0.137,2.7162,,,0,低,44,0,-,44,0,51.8,1.1225,,,,,,0.019,0.169,0.0381,,◎,C,◎,,0.4249,0.662,,0.4989,A,77,0,◎-○軸 3着3〜4艇流し（10〜15点）,0.5777,"{'is_target': True, 'verdict': '点数絞り', 'max_combo_prob': 0.1184, 'est_top_odds': 11.3, 'circle_concentration': 77.2, 'eligible_count': 8, 'bet_adj': 0, 'reason': 'rel_win1=58.5%（本命度） / 最有力組み合わせ確率: 0.118（推定実オッズ?11倍） / 2着集中度: 上位2艇 77.2%（補正+0.04） / 総合判定確率: 0.158 / → ヒモはやや固め。上位2艇以外を切ること', 'tenji_trigger': '展示確認: 1号艇伸び良→そのまま採用。悪→飛び組に差し替え。circle_pct上位2艇に絞り込むこと。'}",,,29.2,逃げ狙い,20.91,29.1,3,,,,,,,,,,,
2025-04-08,丸亀,6,4,平石和男,A2,33.86,4,,9.2687,22.4,100,60.7,0.1952,4.375,,,0,低,226,0,-,1,0,42,0.99,0,0.125,0,0.0417,0.0417,0.1058,0.1706,0.2354,,,C,○,◎,0.1581,0.6275,0.3034,0.4989,A,77,0,◎-○軸 3着3〜4艇流し（10〜15点）,0.5777,"{'is_target': True, 'verdict': '点数絞り', 'max_combo_prob': 0.1184, 'est_top_odds': 11.3, 'circle_concentration': 77.2, 'eligible_count': 8, 'bet_adj': 0, 'reason': 'rel_win1=58.5%（本命度） / 最有力組み合わせ確率: 0.118（推定実オッズ?11倍） / 2着集中度: 上位2艇 77.2%（補正+0.04） / 総合判定確率: 0.158 / → ヒモはやや固め。上位2艇以外を切ること', 'tenji_trigger': '展示確認: 1号艇伸び良→そのまま採用。悪→飛び組に差し替え。circle_pct上位2艇に絞り込むこと。'}",,,29.2,逃げ狙い,20.91,29.1,3,,,,,,,,,,,
2025-04-08,丸亀,6,5,吉岡　誠,B1,26.72,5,,2.5314,5.5,62,23.5,0.1691,3.1618,,,0,低,74,0,-,6,0,32.7,0.7226,,,,,,0.2727,0.0909,0.1818,,,E,,,0.283,0.573,,0.4989,A,77,0,◎-○軸 3着3〜4艇流し（10〜15点）,0.5777,"{'is_target': True, 'verdict': '点数絞り', 'max_combo_prob': 0.1184, 'est_top_odds': 11.3, 'circle_concentration': 77.2, 'eligible_count': 8, 'bet_adj': 0, 'reason': 'rel_win1=58.5%（本命度） / 最有力組み合わせ確率: 0.118（推定実オッズ?11倍） / 2着集中度: 上位2艇 77.2%（補正+0.04） / 総合判定確率: 0.158 / → ヒモはやや固め。上位2艇以外を切ること', 'tenji_trigger': '展示確認: 1号艇伸び良→そのまま採用。悪→飛び組に差し替え。circle_pct上位2艇に絞り込むこと。'}",,,29.2,逃げ狙い,20.91,29.1,3,,,,,,,,,,,
2025-04-08,丸亀,6,6,松浦　勝,B1,40.00,6,▲,1.0692,0.5,46,9.5,0.1905,4.2857,,,0,低,112,0,-,45,0,25.2,0.6061,,,,,,0.3,0.26,0.04,,,B,△,,0.2131,0.6085,,0.4989,A,77,0,◎-○軸 3着3〜4艇流し（10〜15点）,0.5777,"{'is_target': True, 'verdict': '点数絞り', 'max_combo_prob': 0.1184, 'est_top_odds': 11.3, 'circle_concentration': 77.2, 'eligible_count': 8, 'bet_adj': 0, 'reason': 'rel_win1=58.5%（本命度） / 最有力組み合わせ確率: 0.118（推定実オッズ?11倍） / 2着集中度: 上位2艇 77.2%（補正+0.04） / 総合判定確率: 0.158 / → ヒモはやや固め。上位2艇以外を切ること', 'tenji_trigger': '展示確認: 1号艇伸び良→そのまま採用。悪→飛び組に差し替え。circle_pct上位2艇に絞り込むこと。'}",,,29.2,逃げ狙い,20.91,29.1,3,,,,,,,,,,,
2025-04-08,丸亀,7,1,橋本　明,B1,31.54,1,◎,41.6928,,0,76.1,0.1624,3.0543,,,0,低,124,0,-,12,0,100,1.6035,0.381,,,,,0.3143,0.1762,0.0381,△,,D,△,,,0.6215,,0.2924,D,34,1,大荒れ。見送り推奨,0.5777,"{'is_target': False, 'verdict': '対象外', 'max_combo_prob': None, 'est_top_odds': None, 'circle_concentration': None, 'eligible_count': 0, 'bet_adj': 0, 'reason': '1号艇rel_win1 < 45%: 通常判定に委ねる', 'tenji_trigger': ''}",,,34.5,両建て推奨,29.81,36.6,3,3-4-5|3-5-4|3-5-6|1-3-5|1-3-6|1-2-3|1-2-5|1-5-3,3-4-5|3-5-4|4-1-5|3-5-6|2-1-5|4-1-6|4-1-2|1-3-5|1-3-6|1-2-3|1-2-5|1-5-3,3-4-5:2.1%|3-5-4:2.05%|3-5-6:1.91%|1-3-5:6.93%|1-3-6:5.53%|1-2-3:4.68%|1-2-5:3.99%|1-5-3:3.87%,3-4-5:B_main|3-5-4:B_main|3-5-6:B_main|1-3-5:A|1-3-6:A|1-2-3:A|1-2-5:A|1-5-3:A,8,12,0.4535,1,[!]見送り推奨（主役決まり手「まくり」― 逃げ劣勢レースで的中実績なし）,荒れ広め,D
2025-04-08,丸亀,7,2,中里昌志,B1,43.61,2,△,11.4697,26.6,88,50,0.2015,4.2045,,,0,低,140,0,差0%,6,0,49.3,0.8557,0,0.04,0,0,0,0.3162,0.2152,0.1962,,,B,,,0.1045,0.604,,0.2924,D,34,1,大荒れ。見送り推奨,0.5777,"{'is_target': False, 'verdict': '対象外', 'max_combo_prob': None, 'est_top_odds': None, 'circle_concentration': None, 'eligible_count': 0, 'bet_adj': 0, 'reason': '1号艇rel_win1 < 45%: 通常判定に委ねる', 'tenji_trigger': ''}",,,34.5,両建て推奨,29.81,36.6,3,,,,,,,,,,,
2025-04-08,丸亀,7,3,中辻崇人,A1,24.62,3,○,29.4586,34.8,100,85.7,0.1331,2.5286,,,0,低,42,0,差ま0%,22,0,76.1,1.6937,0,0.0769,0.6154,0.1538,0,0.2667,0,0,,◎,E,○,,0.6111,0.6505,,0.2924,D,34,1,大荒れ。見送り推奨,0.5777,"{'is_target': False, 'verdict': '対象外', 'max_combo_prob': None, 'est_top_odds': None, 'circle_concentration': None, 'eligible_count': 0, 'bet_adj': 0, 'reason': '1号艇rel_win1 < 45%: 通常判定に委ねる', 'tenji_trigger': ''}",,,34.5,両建て推奨,29.81,36.6,3,,,,,,,,,,,
2025-04-08,丸亀,7,4,竹本太樹,B2,34.88,4,,6.2382,12.4,65,27.6,0.1931,3.8966,,,0,低,79,0,-,5,0,19.9,0.6285,,,,,,0.0211,0.3053,0.2053,,,C,,,0.2025,0.5475,,0.2924,D,34,1,大荒れ。見送り推奨,0.5777,"{'is_target': False, 'verdict': '対象外', 'max_combo_prob': None, 'est_top_odds': None, 'circle_concentration': None, 'eligible_count': 0, 'bet_adj': 0, 'reason': '1号艇rel_win1 < 45%: 通常判定に委ねる', 'tenji_trigger': ''}",,,34.5,両建て推奨,29.81,36.6,3,,,,,,,,,,,
2025-04-08,丸亀,7,5,松竹大輔,A2,34.75,5,,6.6762,18.3,46,33.8,0.1738,3.5211,,,0,低,112,0,-,5,0,74.6,1.509,0,0.0385,0,0.0385,0,0.0444,0.0889,0.2093,,,C,△,◎,0.2706,0.6475,0.2388,0.2924,D,34,1,大荒れ。見送り推奨,0.5777,"{'is_target': False, 'verdict': '対象外', 'max_combo_prob': None, 'est_top_odds': None, 'circle_concentration': None, 'eligible_count': 0, 'bet_adj': 0, 'reason': '1号艇rel_win1 < 45%: 通常判定に委ねる', 'tenji_trigger': ''}",,,34.5,両建て推奨,29.81,36.6,3,,,,,,,,,,,
2025-04-08,丸亀,7,6,森作雄大,A2,44.09,6,▲,4.4646,7.9,29,25.5,0.1441,2.8922,,,0,低,68,0,-,16,0,29,1.1125,,,,,,0.0414,0.2966,0.1218,,,B,◎,,0.3984,0.67,,0.2924,D,34,1,大荒れ。見送り推奨,0.5777,"{'is_target': False, 'verdict': '対象外', 'max_combo_prob': None, 'est_top_odds': None, 'circle_concentration': None, 'eligible_count': 0, 'bet_adj': 0, 'reason': '1号艇rel_win1 < 45%: 通常判定に委ねる', 'tenji_trigger': ''}",,,34.5,両建て推奨,29.81,36.6,3,,,,,,,,,,,
2025-04-08,丸亀,8,1,山下和彦,A1,31.54,1,◎,61.1136,,0,83.6,0.1723,3.6164,,,0,低,134,0,逃1%,5,0,77.6,0.931,0.5,,,,,0.0375,0.0625,0.1732,○,,C,△,,,0.6275,,0.3735,A,74,0,◎-○軸 3着3〜4艇流し（10〜15点）,0.5777,"{'is_target': True, 'verdict': '点数絞り', 'max_combo_prob': 0.0821, 'est_top_odds': 16.2, 'circle_concentration': 74.2, 'eligible_count': 8, 'bet_adj': 0, 'reason': 'rel_win1=61.1%（本命度） / 最有力組み合わせ確率: 0.082（推定実オッズ?16倍） / 2着集中度: 上位2艇 74.2%（補正+0.04） / 総合判定確率: 0.122 / → ヒモはやや固め。上位2艇以外を切ること', 'tenji_trigger': '展示確認: 1号艇伸び良→そのまま採用。悪→飛び組に差し替え。circle_pct上位2艇に絞り込むこと。'}",,,27.9,逃げ狙い,18.46,27.3,4,,,,,0,0,0.6155,0,,逃げ軸流し,A
2025-04-08,丸亀,8,2,尾崎雄二,A2,32.26,2,△,10.1168,42.2,60,50,0.1644,3.6912,,,0,低,133,0,-,32,0,41.6,0.88,0,0.0714,0,0,0,0.1667,0.1667,0.0556,,◎,C,○,,0.3998,0.6365,,0.3735,A,74,0,◎-○軸 3着3〜4艇流し（10〜15点）,0.5777,"{'is_target': True, 'verdict': '点数絞り', 'max_combo_prob': 0.0821, 'est_top_odds': 16.2, 'circle_concentration': 74.2, 'eligible_count': 8, 'bet_adj': 0, 'reason': 'rel_win1=61.1%（本命度） / 最有力組み合わせ確率: 0.082（推定実オッズ?16倍） / 2着集中度: 上位2艇 74.2%（補正+0.04） / 総合判定確率: 0.122 / → ヒモはやや固め。上位2艇以外を切ること', 'tenji_trigger': '展示確認: 1号艇伸び良→そのまま採用。悪→飛び組に差し替え。circle_pct上位2艇に絞り込むこと。'}",,,27.9,逃げ狙い,18.46,27.3,4,,,,,,,,,,,
2025-04-08,丸亀,8,3,沖島広和,B1,19.66,3,,5.1533,13.8,100,45.8,0.1722,3.7034,,,0,低,143,0,-,63,0,78.3,0.8142,0,0,0,0,0.0476,0.2615,0.0308,0.1769,,,E,◎,,0.3204,0.637,,0.3735,A,74,0,◎-○軸 3着3〜4艇流し（10〜15点）,0.5777,"{'is_target': True, 'verdict': '点数絞り', 'max_combo_prob': 0.0821, 'est_top_odds': 16.2, 'circle_concentration': 74.2, 'eligible_count': 8, 'bet_adj': 0, 'reason': 'rel_win1=61.1%（本命度） / 最有力組み合わせ確率: 0.082（推定実オッズ?16倍） / 2着集中度: 上位2艇 74.2%（補正+0.04） / 総合判定確率: 0.122 / → ヒモはやや固め。上位2艇以外を切ること', 'tenji_trigger': '展示確認: 1号艇伸び良→そのまま採用。悪→飛び組に差し替え。circle_pct上位2艇に絞り込むこと。'}",,,27.9,逃げ狙い,18.46,27.3,4,,,,,,,,,,,
2025-04-08,丸亀,8,4,川原祐明,A2,49.58,4,○,15.1432,32,67,66.1,0.1564,3.2768,,,0,低,110,0,-,24,0,78.8,1.2083,0,0.037,0.037,0.1481,0.037,0.0276,0.1014,0.0138,,,A,△,◎,0.3775,0.6185,0.3807,0.3735,A,74,0,◎-○軸 3着3〜4艇流し（10〜15点）,0.5777,"{'is_target': True, 'verdict': '点数絞り', 'max_combo_prob': 0.0821, 'est_top_odds': 16.2, 'circle_concentration': 74.2, 'eligible_count': 8, 'bet_adj': 0, 'reason': 'rel_win1=61.1%（本命度） / 最有力組み合わせ確率: 0.082（推定実オッズ?16倍） / 2着集中度: 上位2艇 74.2%（補正+0.04） / 総合判定確率: 0.122 / → ヒモはやや固め。上位2艇以外を切ること', 'tenji_trigger': '展示確認: 1号艇伸び良→そのまま採用。悪→飛び組に差し替え。circle_pct上位2艇に絞り込むこと。'}",,,27.9,逃げ狙い,18.46,27.3,4,,,,,,,,,,,
2025-04-08,丸亀,8,5,大谷健太,B1,30.71,5,,5.2254,9.3,62,34.6,0.1708,3.9038,,,0,低,101,0,ま0%,6,0,27.3,0.5886,0,0,0.0625,0,0,0,0.0857,0.1286,,,D,,,0.3052,0.605,,0.3735,A,74,0,◎-○軸 3着3〜4艇流し（10〜15点）,0.5777,"{'is_target': True, 'verdict': '点数絞り', 'max_combo_prob': 0.0821, 'est_top_odds': 16.2, 'circle_concentration': 74.2, 'eligible_count': 8, 'bet_adj': 0, 'reason': 'rel_win1=61.1%（本命度） / 最有力組み合わせ確率: 0.082（推定実オッズ?16倍） / 2着集中度: 上位2艇 74.2%（補正+0.04） / 総合判定確率: 0.122 / → ヒモはやや固め。上位2艇以外を切ること', 'tenji_trigger': '展示確認: 1号艇伸び良→そのまま採用。悪→飛び組に差し替え。circle_pct上位2艇に絞り込むこと。'}",,,27.9,逃げ狙い,18.46,27.3,4,,,,,,,,,,,
2025-04-08,丸亀,8,6,佐々木大,B1,41.73,6,▲,3.2476,2.7,85,31.1,0.1456,3.2222,,,0,低,74,0,差ま0%,6,0,29.2,1.2772,0,0,0,0.0556,0,0,0.0364,0.2623,,,B,◎,,0.3812,0.637,,0.3735,A,74,0,◎-○軸 3着3〜4艇流し（10〜15点）,0.5777,"{'is_target': True, 'verdict': '点数絞り', 'max_combo_prob': 0.0821, 'est_top_odds': 16.2, 'circle_concentration': 74.2, 'eligible_count': 8, 'bet_adj': 0, 'reason': 'rel_win1=61.1%（本命度） / 最有力組み合わせ確率: 0.082（推定実オッズ?16倍） / 2着集中度: 上位2艇 74.2%（補正+0.04） / 総合判定確率: 0.122 / → ヒモはやや固め。上位2艇以外を切ること', 'tenji_trigger': '展示確認: 1号艇伸び良→そのまま採用。悪→飛び組に差し替え。circle_pct上位2艇に絞り込むこと。'}",,,27.9,逃げ狙い,18.46,27.3,4,,,,,,,,,,,
2025-04-08,丸亀,9,1,鈴木裕隆,A2,37.14,1,◎,57.3388,,0,88.1,0.1531,2.9328,,,0,低,149,0,-,24,0,87,1.2772,0.3548,,,,,0.2903,0.2274,0.0887,○,,C,△,,,0.661,,0.4412,A,75,0,◎-○軸 3着3〜4艇流し（10〜15点）,0.5777,"{'is_target': True, 'verdict': '参加推奨', 'max_combo_prob': 0.0601, 'est_top_odds': 22.2, 'circle_concentration': 66.5, 'eligible_count': 8, 'bet_adj': 2, 'reason': 'rel_win1=57.3%（本命度） / 最有力組み合わせ確率: 0.060（推定実オッズ?22倍） / 2着集中度: 上位2艇 66.5%（補正+0.00） / 総合判定確率: 0.060 / → ヒモ分散。1号艇1着固定で広めのヒモ流し推奨（買い目+2点）', 'tenji_trigger': '展示確認: ヒモ分散レース。1号艇伸び確認後、広めのヒモ流しを採用。穴ヒモ（5・6号艇）を積極的に含める。'}",,,30.9,逃げ狙い,16.73,37.6,3,,,,,0,0,0.6155,0,,逃げ軸流し,A
2025-04-08,丸亀,9,2,亀本勇樹,B1,33.08,2,△,7.8158,31.8,97,44.2,0.1688,3.6538,,,0,低,75,0,-,5,0,100,3.531,0,0.04,0,0,0,0.2083,0.05,0.125,,,C,,,0.194,0.5815,,0.4412,A,75,0,◎-○軸 3着3〜4艇流し（10〜15点）,0.5777,"{'is_target': True, 'verdict': '参加推奨', 'max_combo_prob': 0.0601, 'est_top_odds': 22.2, 'circle_concentration': 66.5, 'eligible_count': 8, 'bet_adj': 2, 'reason': 'rel_win1=57.3%（本命度） / 最有力組み合わせ確率: 0.060（推定実オッズ?22倍） / 2着集中度: 上位2艇 66.5%（補正+0.00） / 総合判定確率: 0.060 / → ヒモ分散。1号艇1着固定で広めのヒモ流し推奨（買い目+2点）', 'tenji_trigger': '展示確認: ヒモ分散レース。1号艇伸び確認後、広めのヒモ流しを採用。穴ヒモ（5・6号艇）を積極的に含める。'}",,,30.9,逃げ狙い,16.73,37.6,3,,,,,,,,,,,
2025-04-08,丸亀,9,3,白神　優,A1,39.06,3,○,19.5332,34.7,100,80.8,0.1302,2.5745,,,0,低,56,0,-,25,0,42.9,1.0867,0,0.087,0.0435,0.0435,0.0435,0.0343,0.0457,0.0229,,◎,B,◎,,0.4492,0.6735,,0.4412,A,75,0,◎-○軸 3着3〜4艇流し（10〜15点）,0.5777,"{'is_target': True, 'verdict': '参加推奨', 'max_combo_prob': 0.0601, 'est_top_odds': 22.2, 'circle_concentration': 66.5, 'eligible_count': 8, 'bet_adj': 2, 'reason': 'rel_win1=57.3%（本命度） / 最有力組み合わせ確率: 0.060（推定実オッズ?22倍） / 2着集中度: 上位2艇 66.5%（補正+0.00） / 総合判定確率: 0.060 / → ヒモ分散。1号艇1着固定で広めのヒモ流し推奨（買い目+2点）', 'tenji_trigger': '展示確認: ヒモ分散レース。1号艇伸び確認後、広めのヒモ流しを採用。穴ヒモ（5・6号艇）を積極的に含める。'}",,,30.9,逃げ狙い,16.73,37.6,3,,,,,,,,,,,
2025-04-08,丸亀,9,4,田添康介,B1,39.02,4,▲,7.4429,11.8,86,34.9,0.1651,3.2558,,,0,低,78,0,-,2,0,74.1,1.5219,0,0,0.0556,0,0,0.375,0.375,0,,,B,,,0.2773,0.5535,,0.4412,A,75,0,◎-○軸 3着3〜4艇流し（10〜15点）,0.5777,"{'is_target': True, 'verdict': '参加推奨', 'max_combo_prob': 0.0601, 'est_top_odds': 22.2, 'circle_concentration': 66.5, 'eligible_count': 8, 'bet_adj': 2, 'reason': 'rel_win1=57.3%（本命度） / 最有力組み合わせ確率: 0.060（推定実オッズ?22倍） / 2着集中度: 上位2艇 66.5%（補正+0.00） / 総合判定確率: 0.060 / → ヒモ分散。1号艇1着固定で広めのヒモ流し推奨（買い目+2点）', 'tenji_trigger': '展示確認: ヒモ分散レース。1号艇伸び確認後、広めのヒモ流しを採用。穴ヒモ（5・6号艇）を積極的に含める。'}",,,30.9,逃げ狙い,16.73,37.6,3,,,,,,,,,,,
2025-04-08,丸亀,9,5,南野利騰,B2,26.92,5,,5.6885,12.6,72,40.7,0.1589,3.3241,,,0,低,99,0,差0%,3,0,55,1.1726,0,0.0345,0,0,0,0.3924,0.2971,0.0762,,,D,△,,0.296,0.616,,0.4412,A,75,0,◎-○軸 3着3〜4艇流し（10〜15点）,0.5777,"{'is_target': True, 'verdict': '参加推奨', 'max_combo_prob': 0.0601, 'est_top_odds': 22.2, 'circle_concentration': 66.5, 'eligible_count': 8, 'bet_adj': 2, 'reason': 'rel_win1=57.3%（本命度） / 最有力組み合わせ確率: 0.060（推定実オッズ?22倍） / 2着集中度: 上位2艇 66.5%（補正+0.00） / 総合判定確率: 0.060 / → ヒモ分散。1号艇1着固定で広めのヒモ流し推奨（買い目+2点）', 'tenji_trigger': '展示確認: ヒモ分散レース。1号艇伸び確認後、広めのヒモ流しを採用。穴ヒモ（5・6号艇）を積極的に含める。'}",,,30.9,逃げ狙い,16.73,37.6,3,,,,,,,,,,,
2025-04-08,丸亀,9,6,山田雄太,A1,24.37,6,,2.1807,9.1,66,39.1,0.1437,3.1328,,,0,低,64,0,差ま0%,F6,0,31.8,0.6203,0,0,0,0.0333,0,0.016,0.2,0.048,,,E,○,,0.3467,0.6615,,0.4412,A,75,0,◎-○軸 3着3〜4艇流し（10〜15点）,0.5777,"{'is_target': True, 'verdict': '参加推奨', 'max_combo_prob': 0.0601, 'est_top_odds': 22.2, 'circle_concentration': 66.5, 'eligible_count': 8, 'bet_adj': 2, 'reason': 'rel_win1=57.3%（本命度） / 最有力組み合わせ確率: 0.060（推定実オッズ?22倍） / 2着集中度: 上位2艇 66.5%（補正+0.00） / 総合判定確率: 0.060 / → ヒモ分散。1号艇1着固定で広めのヒモ流し推奨（買い目+2点）', 'tenji_trigger': '展示確認: ヒモ分散レース。1号艇伸び確認後、広めのヒモ流しを採用。穴ヒモ（5・6号艇）を積極的に含める。'}",,,30.9,逃げ狙い,16.73,37.6,3,,,,,,,,,,,
2025-04-08,丸亀,10,1,別府昌樹,A2,45.97,1,◎,58.1998,,0,84.9,0.1702,3.3788,,,0,低,109,0,逃1%,11,0,70.2,1.1013,0.5417,,,,,0.125,0.125,0.0833,○,,B,,,,0.586,,0.378,A,71,0,◎-○軸 3着3〜4艇流し（10〜15点）,0.5777,"{'is_target': True, 'verdict': '点数絞り', 'max_combo_prob': 0.082, 'est_top_odds': 16.3, 'circle_concentration': 71.4, 'eligible_count': 8, 'bet_adj': 0, 'reason': 'rel_win1=58.2%（本命度） / 最有力組み合わせ確率: 0.082（推定実オッズ?16倍） / 2着集中度: 上位2艇 71.4%（補正+0.04） / 総合判定確率: 0.122 / → ヒモはやや固め。上位2艇以外を切ること', 'tenji_trigger': '展示確認: 1号艇伸び良→そのまま採用。悪→飛び組に差し替え。circle_pct上位2艇に絞り込むこと。'}",,,35.2,逃げ狙い,21.96,31,4,,,,,0,0,0.6155,0,,逃げ軸流し,A
2025-04-08,丸亀,10,2,石丸海渡,A1,50.00,2,○,11.9862,53.1,100,83.3,0.1231,2.2083,,,0,低,26,0,-,41,0,25.3,0.7643,0,0.1053,0,0,0,0.0792,0.0125,0,,◎,A,◎,,0.5923,0.687,,0.378,A,71,0,◎-○軸 3着3〜4艇流し（10〜15点）,0.5777,"{'is_target': True, 'verdict': '点数絞り', 'max_combo_prob': 0.082, 'est_top_odds': 16.3, 'circle_concentration': 71.4, 'eligible_count': 8, 'bet_adj': 0, 'reason': 'rel_win1=58.2%（本命度） / 最有力組み合わせ確率: 0.082（推定実オッズ?16倍） / 2着集中度: 上位2艇 71.4%（補正+0.04） / 総合判定確率: 0.122 / → ヒモはやや固め。上位2艇以外を切ること', 'tenji_trigger': '展示確認: 1号艇伸び良→そのまま採用。悪→飛び組に差し替え。circle_pct上位2艇に絞り込むこと。'}",,,35.2,逃げ狙い,21.96,31,4,,,,,,,,,,,
2025-04-08,丸亀,10,3,岩津徹郎,B1,44.62,3,▲,9.9254,13.4,86,45.8,0.1723,3.3229,,,0,低,117,0,差0% ま0% 差ま0%,2,0,59.7,0.9054,0,0.0455,0.0909,0.0455,0,0.0706,0.0941,0.2706,,,B,,,0.3048,0.574,,0.378,A,71,0,◎-○軸 3着3〜4艇流し（10〜15点）,0.5777,"{'is_target': True, 'verdict': '点数絞り', 'max_combo_prob': 0.082, 'est_top_odds': 16.3, 'circle_concentration': 71.4, 'eligible_count': 8, 'bet_adj': 0, 'reason': 'rel_win1=58.2%（本命度） / 最有力組み合わせ確率: 0.082（推定実オッズ?16倍） / 2着集中度: 上位2艇 71.4%（補正+0.04） / 総合判定確率: 0.122 / → ヒモはやや固め。上位2艇以外を切ること', 'tenji_trigger': '展示確認: 1号艇伸び良→そのまま採用。悪→飛び組に差し替え。circle_pct上位2艇に絞り込むこと。'}",,,35.2,逃げ狙い,21.96,31,4,,,,,,,,,,,
2025-04-08,丸亀,10,4,藤丸光一,B1,26.52,4,,9.026,11.5,96,45,0.1835,4.2,,,0,低,102,0,差0%,1,0,39,0.9962,0,0.125,0,0,0,0.2706,0.2941,0.1941,,,E,△,,0.2663,0.6295,,0.378,A,71,0,◎-○軸 3着3〜4艇流し（10〜15点）,0.5777,"{'is_target': True, 'verdict': '点数絞り', 'max_combo_prob': 0.082, 'est_top_odds': 16.3, 'circle_concentration': 71.4, 'eligible_count': 8, 'bet_adj': 0, 'reason': 'rel_win1=58.2%（本命度） / 最有力組み合わせ確率: 0.082（推定実オッズ?16倍） / 2着集中度: 上位2艇 71.4%（補正+0.04） / 総合判定確率: 0.122 / → ヒモはやや固め。上位2艇以外を切ること', 'tenji_trigger': '展示確認: 1号艇伸び良→そのまま採用。悪→飛び組に差し替え。circle_pct上位2艇に絞り込むこと。'}",,,35.2,逃げ狙い,21.96,31,4,,,,,,,,,,,
2025-04-08,丸亀,10,5,下條雄太,A1,34.13,5,△,8.1344,18.3,93,70,0.1357,2.5333,,,0,低,44,0,ま0% 差ま0%,44,0,98.1,1.9083,0,0,0.0714,0.0714,0,0.019,0.169,0.0381,,○,D,○,,0.4272,0.662,,0.378,A,71,0,◎-○軸 3着3〜4艇流し（10〜15点）,0.5777,"{'is_target': True, 'verdict': '点数絞り', 'max_combo_prob': 0.082, 'est_top_odds': 16.3, 'circle_concentration': 71.4, 'eligible_count': 8, 'bet_adj': 0, 'reason': 'rel_win1=58.2%（本命度） / 最有力組み合わせ確率: 0.082（推定実オッズ?16倍） / 2着集中度: 上位2艇 71.4%（補正+0.04） / 総合判定確率: 0.122 / → ヒモはやや固め。上位2艇以外を切ること', 'tenji_trigger': '展示確認: 1号艇伸び良→そのまま採用。悪→飛び組に差し替え。circle_pct上位2艇に絞り込むこと。'}",,,35.2,逃げ狙い,21.96,31,4,,,,,,,,,,,
2025-04-08,丸亀,10,6,山田亮太,A2,41.13,6,,2.7283,3.7,87,34.8,0.1452,3.2935,,,0,低,92,0,-,43,0,28.5,1.3639,,,,,,0.1058,0.0308,0.0615,,△,C,△,,0.4099,0.642,,0.378,A,71,0,◎-○軸 3着3〜4艇流し（10〜15点）,0.5777,"{'is_target': True, 'verdict': '点数絞り', 'max_combo_prob': 0.082, 'est_top_odds': 16.3, 'circle_concentration': 71.4, 'eligible_count': 8, 'bet_adj': 0, 'reason': 'rel_win1=58.2%（本命度） / 最有力組み合わせ確率: 0.082（推定実オッズ?16倍） / 2着集中度: 上位2艇 71.4%（補正+0.04） / 総合判定確率: 0.122 / → ヒモはやや固め。上位2艇以外を切ること', 'tenji_trigger': '展示確認: 1号艇伸び良→そのまま採用。悪→飛び組に差し替え。circle_pct上位2艇に絞り込むこと。'}",,,35.2,逃げ狙い,21.96,31,4,,,,,,,,,,,
2025-04-08,丸亀,11,1,北村征嗣,A1,38.13,1,◎,60.7307,,0,92.3,0.1377,2.8365,,,0,低,114,0,逃1%,43,0,63.7,1.0057,0.6744,,,,,0.0186,0.1742,0.0825,◎,,B,○,,,0.656,,0.5975,S,88,0,◎1着固定 2-3着流し（5〜8点）,0.5777,"{'is_target': True, 'verdict': '点数絞り', 'max_combo_prob': 0.0877, 'est_top_odds': 15.2, 'circle_concentration': 75.6, 'eligible_count': 6, 'bet_adj': 0, 'reason': 'rel_win1=60.7%（本命度） / 最有力組み合わせ確率: 0.088（推定実オッズ?15倍） / 2着集中度: 上位2艇 75.6%（補正+0.04） / 総合判定確率: 0.128 / → ヒモはやや固め。上位2艇以外を切ること', 'tenji_trigger': '展示確認: 1号艇伸び良→そのまま採用。悪→飛び組に差し替え。circle_pct上位2艇に絞り込むこと。\n展示で1号艇スタート超安定(0.138秒)→ヒモ固まり方向に注意'}",,,28.6,逃げ狙い,21.48,26.8,4,,,,,0,0,0.7559,0,,逃げ軸流し,A
2025-04-08,丸亀,11,2,金子和之,A1,31.01,2,,14.8372,30.7,100,66,0.1713,3.7547,,,0,低,99,0,-,33,0,55.4,1.2841,0,0.15,0,0,0.05,0.0444,0.1778,0,,,D,,,0.0874,0.6185,,0.5975,S,88,0,◎1着固定 2-3着流し（5〜8点）,0.5777,"{'is_target': True, 'verdict': '点数絞り', 'max_combo_prob': 0.0877, 'est_top_odds': 15.2, 'circle_concentration': 75.6, 'eligible_count': 6, 'bet_adj': 0, 'reason': 'rel_win1=60.7%（本命度） / 最有力組み合わせ確率: 0.088（推定実オッズ?15倍） / 2着集中度: 上位2艇 75.6%（補正+0.04） / 総合判定確率: 0.128 / → ヒモはやや固め。上位2艇以外を切ること', 'tenji_trigger': '展示確認: 1号艇伸び良→そのまま採用。悪→飛び組に差し替え。circle_pct上位2艇に絞り込むこと。\n展示で1号艇スタート超安定(0.138秒)→ヒモ固まり方向に注意'}",,,28.6,逃げ狙い,21.48,26.8,4,,,,,,,,,,,
2025-04-08,丸亀,11,3,村松修二,A2,35.20,3,○,11.2725,44.9,54,74.5,0.1398,2.7979,,,0,低,81,0,-,21,0,97.4,2.056,0,0,0.0588,0,0,0.0308,0.0308,0.3341,,,C,,,0.291,0.596,,0.5975,S,88,0,◎1着固定 2-3着流し（5〜8点）,0.5777,"{'is_target': True, 'verdict': '点数絞り', 'max_combo_prob': 0.0877, 'est_top_odds': 15.2, 'circle_concentration': 75.6, 'eligible_count': 6, 'bet_adj': 0, 'reason': 'rel_win1=60.7%（本命度） / 最有力組み合わせ確率: 0.088（推定実オッズ?15倍） / 2着集中度: 上位2艇 75.6%（補正+0.04） / 総合判定確率: 0.128 / → ヒモはやや固め。上位2艇以外を切ること', 'tenji_trigger': '展示確認: 1号艇伸び良→そのまま採用。悪→飛び組に差し替え。circle_pct上位2艇に絞り込むこと。\n展示で1号艇スタート超安定(0.138秒)→ヒモ固まり方向に注意'}",,,28.6,逃げ狙い,21.48,26.8,4,,,,,,,,,,,
2025-04-08,丸亀,11,4,林　祐介,A2,28.06,4,,7.0502,15.1,99,53.7,0.1587,3.4259,,,0,低,103,0,-,6,0,73.3,1.5045,0,0.0909,0,0,0,0.0154,0.1615,0.2923,,,E,◎,◎,0.2375,0.6605,0.3337,0.5975,S,88,0,◎1着固定 2-3着流し（5〜8点）,0.5777,"{'is_target': True, 'verdict': '点数絞り', 'max_combo_prob': 0.0877, 'est_top_odds': 15.2, 'circle_concentration': 75.6, 'eligible_count': 6, 'bet_adj': 0, 'reason': 'rel_win1=60.7%（本命度） / 最有力組み合わせ確率: 0.088（推定実オッズ?15倍） / 2着集中度: 上位2艇 75.6%（補正+0.04） / 総合判定確率: 0.128 / → ヒモはやや固め。上位2艇以外を切ること', 'tenji_trigger': '展示確認: 1号艇伸び良→そのまま採用。悪→飛び組に差し替え。circle_pct上位2艇に絞り込むこと。\n展示で1号艇スタート超安定(0.138秒)→ヒモ固まり方向に注意'}",,,28.6,逃げ狙い,21.48,26.8,4,,,,,,,,,,,
2025-04-08,丸亀,11,5,坂東　満,B1,35.82,5,▲,3.3549,6.9,54,23.9,0.1728,3.413,,,0,低,95,0,-,3,0,29.3,0.7521,,,,,,0.0706,0.2039,0.2039,,,B,△,,0.227,0.6315,,0.5975,S,88,0,◎1着固定 2-3着流し（5〜8点）,0.5777,"{'is_target': True, 'verdict': '点数絞り', 'max_combo_prob': 0.0877, 'est_top_odds': 15.2, 'circle_concentration': 75.6, 'eligible_count': 6, 'bet_adj': 0, 'reason': 'rel_win1=60.7%（本命度） / 最有力組み合わせ確率: 0.088（推定実オッズ?15倍） / 2着集中度: 上位2艇 75.6%（補正+0.04） / 総合判定確率: 0.128 / → ヒモはやや固め。上位2艇以外を切ること', 'tenji_trigger': '展示確認: 1号艇伸び良→そのまま採用。悪→飛び組に差し替え。circle_pct上位2艇に絞り込むこと。\n展示で1号艇スタート超安定(0.138秒)→ヒモ固まり方向に注意'}",,,28.6,逃げ狙い,21.48,26.8,4,,,,,,,,,,,
2025-04-08,丸亀,11,6,松竹大輔,A2,34.75,6,△,2.7545,2.4,58,32.8,0.1631,3.9609,,,0,低,112,0,差ま0%,5,0,35.2,0.9453,0,0,0.0357,0.0357,0,0.0444,0.0889,0.2093,,,C,△,,0.2289,0.6475,,0.5975,S,88,0,◎1着固定 2-3着流し（5〜8点）,0.5777,"{'is_target': True, 'verdict': '点数絞り', 'max_combo_prob': 0.0877, 'est_top_odds': 15.2, 'circle_concentration': 75.6, 'eligible_count': 6, 'bet_adj': 0, 'reason': 'rel_win1=60.7%（本命度） / 最有力組み合わせ確率: 0.088（推定実オッズ?15倍） / 2着集中度: 上位2艇 75.6%（補正+0.04） / 総合判定確率: 0.128 / → ヒモはやや固め。上位2艇以外を切ること', 'tenji_trigger': '展示確認: 1号艇伸び良→そのまま採用。悪→飛び組に差し替え。circle_pct上位2艇に絞り込むこと。\n展示で1号艇スタート超安定(0.138秒)→ヒモ固まり方向に注意'}",,,28.6,逃げ狙い,21.48,26.8,4,,,,,,,,,,,
2025-04-08,丸亀,12,1,中辻崇人,A1,24.62,1,◎,62.1535,,0,100,0.1393,3.0351,,,0,低,42,0,逃1%,22,0,82.9,1.0776,0.7222,,,,,0.2667,0,0,◎,,E,○,,,0.6505,,0.6065,S,92,0,◎1着固定 2-3着流し（5〜8点）,0.5777,"{'is_target': True, 'verdict': '参加推奨', 'max_combo_prob': 0.0605, 'est_top_odds': 22.1, 'circle_concentration': 66.5, 'eligible_count': 6, 'bet_adj': 2, 'reason': 'rel_win1=62.2%（本命度） / 最有力組み合わせ確率: 0.060（推定実オッズ?22倍） / 2着集中度: 上位2艇 66.5%（補正+0.00） / 総合判定確率: 0.060 / → ヒモ分散。1号艇1着固定で広めのヒモ流し推奨（買い目+2点）', 'tenji_trigger': '展示確認: ヒモ分散レース。1号艇伸び確認後、広めのヒモ流しを採用。穴ヒモ（5・6号艇）を積極的に含める。\n展示で1号艇スタート超安定(0.139秒)→ヒモ固まり方向に注意'}",,,27.6,逃げ狙い,15.86,28.8,2,,,,,0,0,0.7559,0,,逃げ軸流し,A
2025-04-08,丸亀,12,2,平石和男,A2,33.86,2,○,10.9037,33.1,93,62.7,0.1977,4.5933,,,0,低,226,0,-,1,0,22.4,0.7907,0,0.0645,0,0,0.0323,0.1058,0.1706,0.2354,,,B,△,,0.0635,0.6275,,0.6065,S,92,0,◎1着固定 2-3着流し（5〜8点）,0.5777,"{'is_target': True, 'verdict': '参加推奨', 'max_combo_prob': 0.0605, 'est_top_odds': 22.1, 'circle_concentration': 66.5, 'eligible_count': 6, 'bet_adj': 2, 'reason': 'rel_win1=62.2%（本命度） / 最有力組み合わせ確率: 0.060（推定実オッズ?22倍） / 2着集中度: 上位2艇 66.5%（補正+0.00） / 総合判定確率: 0.060 / → ヒモ分散。1号艇1着固定で広めのヒモ流し推奨（買い目+2点）', 'tenji_trigger': '展示確認: ヒモ分散レース。1号艇伸び確認後、広めのヒモ流しを採用。穴ヒモ（5・6号艇）を積極的に含める。\n展示で1号艇スタート超安定(0.139秒)→ヒモ固まり方向に注意'}",,,27.6,逃げ狙い,15.86,28.8,2,,,,,,,,,,,
2025-04-08,丸亀,12,3,大場　敏,A2,27.78,3,,7.7713,33.5,97,72.5,0.1326,2.5362,,,0,低,93,0,-,31,0,71,1.0394,0,0,0.0312,0.0625,0,0.0933,0.1756,0.0111,,,D,◎,,0.3241,0.7095,,0.6065,S,92,0,◎1着固定 2-3着流し（5〜8点）,0.5777,"{'is_target': True, 'verdict': '参加推奨', 'max_combo_prob': 0.0605, 'est_top_odds': 22.1, 'circle_concentration': 66.5, 'eligible_count': 6, 'bet_adj': 2, 'reason': 'rel_win1=62.2%（本命度） / 最有力組み合わせ確率: 0.060（推定実オッズ?22倍） / 2着集中度: 上位2艇 66.5%（補正+0.00） / 総合判定確率: 0.060 / → ヒモ分散。1号艇1着固定で広めのヒモ流し推奨（買い目+2点）', 'tenji_trigger': '展示確認: ヒモ分散レース。1号艇伸び確認後、広めのヒモ流しを採用。穴ヒモ（5・6号艇）を積極的に含める。\n展示で1号艇スタート超安定(0.139秒)→ヒモ固まり方向に注意'}",,,27.6,逃げ狙い,15.86,28.8,2,,,,,,,,,,,
2025-04-08,丸亀,12,4,八木治樹,B1,29.84,4,▲,7.6112,14.3,100,51.3,0.1336,2.7821,,,0,低,75,0,差ま0% 抜0%,6,0,52.9,1.0419,0,0,0,0.0526,0.0526,0.3,0.25,0.075,,,C,△,,0.3086,0.603,,0.6065,S,92,0,◎1着固定 2-3着流し（5〜8点）,0.5777,"{'is_target': True, 'verdict': '参加推奨', 'max_combo_prob': 0.0605, 'est_top_odds': 22.1, 'circle_concentration': 66.5, 'eligible_count': 6, 'bet_adj': 2, 'reason': 'rel_win1=62.2%（本命度） / 最有力組み合わせ確率: 0.060（推定実オッズ?22倍） / 2着集中度: 上位2艇 66.5%（補正+0.00） / 総合判定確率: 0.060 / → ヒモ分散。1号艇1着固定で広めのヒモ流し推奨（買い目+2点）', 'tenji_trigger': '展示確認: ヒモ分散レース。1号艇伸び確認後、広めのヒモ流しを採用。穴ヒモ（5・6号艇）を積極的に含める。\n展示で1号艇スタート超安定(0.139秒)→ヒモ固まり方向に注意'}",,,27.6,逃げ狙い,15.86,28.8,2,,,,,,,,,,,
2025-04-08,丸亀,12,5,山下和彦,A1,31.54,5,,5.6337,14.2,85,55.1,0.1567,3.4898,,,0,低,134,0,差ま0%,5,0,87.6,1.5195,0,0,0,0.087,0,0.0375,0.0625,0.1732,,,C,△,,0.2397,0.6275,,0.6065,S,92,0,◎1着固定 2-3着流し（5〜8点）,0.5777,"{'is_target': True, 'verdict': '参加推奨', 'max_combo_prob': 0.0605, 'est_top_odds': 22.1, 'circle_concentration': 66.5, 'eligible_count': 6, 'bet_adj': 2, 'reason': 'rel_win1=62.2%（本命度） / 最有力組み合わせ確率: 0.060（推定実オッズ?22倍） / 2着集中度: 上位2艇 66.5%（補正+0.00） / 総合判定確率: 0.060 / → ヒモ分散。1号艇1着固定で広めのヒモ流し推奨（買い目+2点）', 'tenji_trigger': '展示確認: ヒモ分散レース。1号艇伸び確認後、広めのヒモ流しを採用。穴ヒモ（5・6号艇）を積極的に含める。\n展示で1号艇スタート超安定(0.139秒)→ヒモ固まり方向に注意'}",,,27.6,逃げ狙い,15.86,28.8,2,,,,,,,,,,,
2025-04-08,丸亀,12,6,佐藤大佑,A2,32.31,6,△,5.9265,5,66,28.1,0.1758,3.7544,,,0,低,121,0,ま0% 差ま0%,4,0,44.9,1.3803,0,0,0.069,0.0345,0,0.0333,0.1333,0.0333,,,B,,◎,0.178,0.59,0.1212,0.6065,S,92,0,◎1着固定 2-3着流し（5〜8点）,0.5777,"{'is_target': True, 'verdict': '参加推奨', 'max_combo_prob': 0.0605, 'est_top_odds': 22.1, 'circle_concentration': 66.5, 'eligible_count': 6, 'bet_adj': 2, 'reason': 'rel_win1=62.2%（本命度） / 最有力組み合わせ確率: 0.060（推定実オッズ?22倍） / 2着集中度: 上位2艇 66.5%（補正+0.00） / 総合判定確率: 0.060 / → ヒモ分散。1号艇1着固定で広めのヒモ流し推奨（買い目+2点）', 'tenji_trigger': '展示確認: ヒモ分散レース。1号艇伸び確認後、広めのヒモ流しを採用。穴ヒモ（5・6号艇）を積極的に含める。\n展示で1号艇スタート超安定(0.139秒)→ヒモ固まり方向に注意'}",,,27.6,逃げ狙い,15.86,28.8,2,,,,,,,,,,,
2025-04-09,丸亀,1,1,竹本太樹,B2,34.88,1,◎,61.8369,,0,64,0.1776,3.62,,,0,低,79,0,逃0%,5 63,0,61.6,0.8997,0.3158,,,,,0.0211,0.3053,0.2053,△,,C,,,,0.5475,,0.2993,B,53,0,◎○△フォーメーション（15〜20点）,0.5777,"{'is_target': True, 'verdict': '参加推奨', 'max_combo_prob': 0.0749, 'est_top_odds': 17.8, 'circle_concentration': 80.4, 'eligible_count': 9, 'bet_adj': 2, 'reason': 'rel_win1=61.8%（本命度） / 最有力組み合わせ確率: 0.075（推定実オッズ?18倍） / 2着集中度: 上位2艇 80.4%（補正+0.04） / 総合判定確率: 0.115 / → ヒモ分散。1号艇1着固定で広めのヒモ流し推奨（買い目+2点）', 'tenji_trigger': '展示確認: ヒモ分散レース。1号艇伸び確認後、広めのヒモ流しを採用。穴ヒモ（5・6号艇）を積極的に含める。'}",,,27.7,両建て推奨,10.6,33.5,2,3-4-6|1-2-3|1-3-2|1-2-4|1-3-4|1-4-2,6-1-2|6-2-1|2-1-4|6-1-4|2-1-5|2-1-6|3-4-6|1-2-3|1-3-2|1-2-4|1-3-4|1-4-2,3-4-6:1.33%|1-2-3:6.97%|1-3-2:6.36%|1-2-4:5.98%|1-3-4:5.29%|1-4-2:3.91%,3-4-6:B_main|1-2-3:A|1-3-2:A|1-2-4:A|1-3-4:A|1-4-2:A,6,12,0.4535,1,[!]見送り推奨（主役決まり手「まくり」― 逃げ劣勢レースで的中実績なし）,荒れ広め,D
2025-04-09,丸亀,1,2,宇土泰就,B1,26.77,2,,8.1687,45.1,100,48.6,0.1704,3.8357,,,0,低,106,0,-,356,0,85.5,0.716,,,,,,0.1471,0.4412,0.0471,,○,E,○,,0.4027,0.619,,0.2993,B,53,0,◎○△フォーメーション（15〜20点）,0.5777,"{'is_target': True, 'verdict': '参加推奨', 'max_combo_prob': 0.0749, 'est_top_odds': 17.8, 'circle_concentration': 80.4, 'eligible_count': 9, 'bet_adj': 2, 'reason': 'rel_win1=61.8%（本命度） / 最有力組み合わせ確率: 0.075（推定実オッズ?18倍） / 2着集中度: 上位2艇 80.4%（補正+0.04） / 総合判定確率: 0.115 / → ヒモ分散。1号艇1着固定で広めのヒモ流し推奨（買い目+2点）', 'tenji_trigger': '展示確認: ヒモ分散レース。1号艇伸び確認後、広めのヒモ流しを採用。穴ヒモ（5・6号艇）を積極的に含める。'}",,,27.7,両建て推奨,10.6,33.5,2,,,,,,,,,,,
2025-04-09,丸亀,1,3,大澤大夢,B1,40.14,3,○,10.7312,35.4,83,51.7,0.1468,3.1,,,0,低,103,0,ま0%,523,0,64.1,1.295,0,0.0385,0.0385,0.0385,0,0.1632,0.1421,0.1211,,◎,B,◎,,0.4681,0.644,,0.2993,B,53,0,◎○△フォーメーション（15〜20点）,0.5777,"{'is_target': True, 'verdict': '参加推奨', 'max_combo_prob': 0.0749, 'est_top_odds': 17.8, 'circle_concentration': 80.4, 'eligible_count': 9, 'bet_adj': 2, 'reason': 'rel_win1=61.8%（本命度） / 最有力組み合わせ確率: 0.075（推定実オッズ?18倍） / 2着集中度: 上位2艇 80.4%（補正+0.04） / 総合判定確率: 0.115 / → ヒモ分散。1号艇1着固定で広めのヒモ流し推奨（買い目+2点）', 'tenji_trigger': '展示確認: ヒモ分散レース。1号艇伸び確認後、広めのヒモ流しを採用。穴ヒモ（5・6号艇）を積極的に含める。'}",,,27.7,両建て推奨,10.6,33.5,2,,,,,,,,,,,
2025-04-09,丸亀,1,4,松浦　勝,B1,40.00,4,▲,9.3994,12.9,86,27.5,0.1602,3.5686,,,0,低,112,0,差0% ま0%,456,0,32.8,0.7585,0,0.0357,0.0357,0,0,0.3,0.26,0.04,,,B,△,,0.3987,0.6085,,0.2993,B,53,0,◎○△フォーメーション（15〜20点）,0.5777,"{'is_target': True, 'verdict': '参加推奨', 'max_combo_prob': 0.0749, 'est_top_odds': 17.8, 'circle_concentration': 80.4, 'eligible_count': 9, 'bet_adj': 2, 'reason': 'rel_win1=61.8%（本命度） / 最有力組み合わせ確率: 0.075（推定実オッズ?18倍） / 2着集中度: 上位2艇 80.4%（補正+0.04） / 総合判定確率: 0.115 / → ヒモ分散。1号艇1着固定で広めのヒモ流し推奨（買い目+2点）', 'tenji_trigger': '展示確認: ヒモ分散レース。1号艇伸び確認後、広めのヒモ流しを採用。穴ヒモ（5・6号艇）を積極的に含める。'}",,,27.7,両建て推奨,10.6,33.5,2,,,,,,,,,,,
2025-04-09,丸亀,1,5,福田　理,B1,31.78,5,△,5.2638,4,78,21.5,0.1726,3.5385,,,0,低,126,0,-,544,0,24.2,0.6133,0,0,0,0.0294,0,0.1446,0.4967,0.1446,,,D,△,,0.3425,0.594,,0.2993,B,53,0,◎○△フォーメーション（15〜20点）,0.5777,"{'is_target': True, 'verdict': '参加推奨', 'max_combo_prob': 0.0749, 'est_top_odds': 17.8, 'circle_concentration': 80.4, 'eligible_count': 9, 'bet_adj': 2, 'reason': 'rel_win1=61.8%（本命度） / 最有力組み合わせ確率: 0.075（推定実オッズ?18倍） / 2着集中度: 上位2艇 80.4%（補正+0.04） / 総合判定確率: 0.115 / → ヒモ分散。1号艇1着固定で広めのヒモ流し推奨（買い目+2点）', 'tenji_trigger': '展示確認: ヒモ分散レース。1号艇伸び確認後、広めのヒモ流しを採用。穴ヒモ（5・6号艇）を積極的に含める。'}",,,27.7,両建て推奨,10.6,33.5,2,,,,,,,,,,,
2025-04-09,丸亀,1,6,亀本勇樹,B1,33.08,6,,4.6,2.7,73,38.5,0.1892,4.4231,,,0,低,75,1,-,5 56,0,24.2,1.5569,,,,,,0.2083,0.05,0.125,,,D,,,0.323,0.5815,,0.2993,B,53,0,◎○△フォーメーション（15〜20点）,0.5777,"{'is_target': True, 'verdict': '参加推奨', 'max_combo_prob': 0.0749, 'est_top_odds': 17.8, 'circle_concentration': 80.4, 'eligible_count': 9, 'bet_adj': 2, 'reason': 'rel_win1=61.8%（本命度） / 最有力組み合わせ確率: 0.075（推定実オッズ?18倍） / 2着集中度: 上位2艇 80.4%（補正+0.04） / 総合判定確率: 0.115 / → ヒモ分散。1号艇1着固定で広めのヒモ流し推奨（買い目+2点）', 'tenji_trigger': '展示確認: ヒモ分散レース。1号艇伸び確認後、広めのヒモ流しを採用。穴ヒモ（5・6号艇）を積極的に含める。'}",,,27.7,両建て推奨,10.6,33.5,2,,,,,,,,,,,
2025-04-09,丸亀,2,1,井上大輔,B1,27.73,1,◎,49.2736,,0,90.7,0.1467,2.8704,,,0,低,121,0,逃1%,156,0,80.7,0.9543,0.5,,,,,0.22,0.14,0.06,◎,,E,△,,,0.6275,,0.4513,A,78,0,◎-○軸 3着3〜4艇流し（10〜15点）,0.5777,"{'is_target': True, 'verdict': '参加推奨', 'max_combo_prob': 0.0911, 'est_top_odds': 14.6, 'circle_concentration': 68.7, 'eligible_count': 8, 'bet_adj': 2, 'reason': 'rel_win1=49.3%（本命度） / 最有力組み合わせ確率: 0.091（推定実オッズ?15倍） / 2着集中度: 上位2艇 68.7%（補正+0.00） / 総合判定確率: 0.091 / → ヒモ分散。1号艇1着固定で広めのヒモ流し推奨（買い目+2点）', 'tenji_trigger': '展示確認: ヒモ分散レース。1号艇伸び確認後、広めのヒモ流しを採用。穴ヒモ（5・6号艇）を積極的に含める。'}",,,29.3,逃げ狙い,17.81,31.9,5,,,,,0,0,0.7559,0,,逃げ軸流し,A
2025-04-09,丸亀,2,2,森作雄大,A2,44.09,2,○,16.3725,45.7,82,59.7,0.1283,2.3819,,,0,低,68,0,差0% ま0% 抜0%,166,0,54.5,1.0205,0,0.0667,0.0667,0,0.0333,0.0414,0.2966,0.1218,,◎,B,◎,,0.532,0.67,,0.4513,A,78,0,◎-○軸 3着3〜4艇流し（10〜15点）,0.5777,"{'is_target': True, 'verdict': '参加推奨', 'max_combo_prob': 0.0911, 'est_top_odds': 14.6, 'circle_concentration': 68.7, 'eligible_count': 8, 'bet_adj': 2, 'reason': 'rel_win1=49.3%（本命度） / 最有力組み合わせ確率: 0.091（推定実オッズ?15倍） / 2着集中度: 上位2艇 68.7%（補正+0.00） / 総合判定確率: 0.091 / → ヒモ分散。1号艇1着固定で広めのヒモ流し推奨（買い目+2点）', 'tenji_trigger': '展示確認: ヒモ分散レース。1号艇伸び確認後、広めのヒモ流しを採用。穴ヒモ（5・6号艇）を積極的に含める。'}",,,29.3,逃げ狙い,17.81,31.9,5,,,,,,,,,,,
2025-04-09,丸亀,2,3,八木治樹,B1,29.84,3,△,8.3187,23.1,58,39.2,0.1369,2.6667,,,0,低,75,0,ま0%,6 14,0,26.2,0.7769,0,0,0.0385,0,0,0.3,0.25,0.075,,○,D,,,0.3573,0.603,,0.4513,A,78,0,◎-○軸 3着3〜4艇流し（10〜15点）,0.5777,"{'is_target': True, 'verdict': '参加推奨', 'max_combo_prob': 0.0911, 'est_top_odds': 14.6, 'circle_concentration': 68.7, 'eligible_count': 8, 'bet_adj': 2, 'reason': 'rel_win1=49.3%（本命度） / 最有力組み合わせ確率: 0.091（推定実オッズ?15倍） / 2着集中度: 上位2艇 68.7%（補正+0.00） / 総合判定確率: 0.091 / → ヒモ分散。1号艇1着固定で広めのヒモ流し推奨（買い目+2点）', 'tenji_trigger': '展示確認: ヒモ分散レース。1号艇伸び確認後、広めのヒモ流しを採用。穴ヒモ（5・6号艇）を積極的に含める。'}",,,29.3,逃げ狙い,17.81,31.9,5,,,,,,,,,,,
2025-04-09,丸亀,2,4,岡本翔太,B1,28.68,4,,7.2324,17.8,47,34.8,0.1385,2.5833,,,0,低,61,0,差0%,651,0,35.9,0.7906,0,0.04,0,0,0,0.19,0.08,0.19,,,D,○,,0.3354,0.6355,,0.4513,A,78,0,◎-○軸 3着3〜4艇流し（10〜15点）,0.5777,"{'is_target': True, 'verdict': '参加推奨', 'max_combo_prob': 0.0911, 'est_top_odds': 14.6, 'circle_concentration': 68.7, 'eligible_count': 8, 'bet_adj': 2, 'reason': 'rel_win1=49.3%（本命度） / 最有力組み合わせ確率: 0.091（推定実オッズ?15倍） / 2着集中度: 上位2艇 68.7%（補正+0.00） / 総合判定確率: 0.091 / → ヒモ分散。1号艇1着固定で広めのヒモ流し推奨（買い目+2点）', 'tenji_trigger': '展示確認: ヒモ分散レース。1号艇伸び確認後、広めのヒモ流しを採用。穴ヒモ（5・6号艇）を積極的に含める。'}",,,29.3,逃げ狙い,17.81,31.9,5,,,,,,,,,,,
2025-04-09,丸亀,2,5,川原祐明,A2,49.58,5,▲,17.6914,12.5,100,64.8,0.1587,3.5741,,,0,低,110,0,差ま0%,243,0,68.6,1.1305,0,0.0357,0,0.2143,0,0.0276,0.1014,0.0138,,,A,△,◎,0.3059,0.6185,0.4248,0.4513,A,78,0,◎-○軸 3着3〜4艇流し（10〜15点）,0.5777,"{'is_target': True, 'verdict': '参加推奨', 'max_combo_prob': 0.0911, 'est_top_odds': 14.6, 'circle_concentration': 68.7, 'eligible_count': 8, 'bet_adj': 2, 'reason': 'rel_win1=49.3%（本命度） / 最有力組み合わせ確率: 0.091（推定実オッズ?15倍） / 2着集中度: 上位2艇 68.7%（補正+0.00） / 総合判定確率: 0.091 / → ヒモ分散。1号艇1着固定で広めのヒモ流し推奨（買い目+2点）', 'tenji_trigger': '展示確認: ヒモ分散レース。1号艇伸び確認後、広めのヒモ流しを採用。穴ヒモ（5・6号艇）を積極的に含める。'}",,,29.3,逃げ狙い,17.81,31.9,5,,,,,,,,,,,
2025-04-09,丸亀,2,6,畔柳俊吾,B1,35.56,6,,1.1115,1,42,18.4,0.191,4.2857,,,0,低,164,0,-,142,0,24.1,0.6625,,,,,,0.287,0.2217,0.2696,,,C,,,0.1889,0.5885,,0.4513,A,78,0,◎-○軸 3着3〜4艇流し（10〜15点）,0.5777,"{'is_target': True, 'verdict': '参加推奨', 'max_combo_prob': 0.0911, 'est_top_odds': 14.6, 'circle_concentration': 68.7, 'eligible_count': 8, 'bet_adj': 2, 'reason': 'rel_win1=49.3%（本命度） / 最有力組み合わせ確率: 0.091（推定実オッズ?15倍） / 2着集中度: 上位2艇 68.7%（補正+0.00） / 総合判定確率: 0.091 / → ヒモ分散。1号艇1着固定で広めのヒモ流し推奨（買い目+2点）', 'tenji_trigger': '展示確認: ヒモ分散レース。1号艇伸び確認後、広めのヒモ流しを採用。穴ヒモ（5・6号艇）を積極的に含める。'}",,,29.3,逃げ狙い,17.81,31.9,5,,,,,,,,,,,
2025-04-09,丸亀,3,1,田添康介,B1,39.02,1,◎,53.2259,,0,84.4,0.1366,3.0312,,,0,低,78,0,逃0%,2 45,0,85.7,1.0769,0.25,,,,,0.375,0.375,0,◎,,B,,,,0.5535,,0.5796,A,75,0,◎-○軸 3着3〜4艇流し（10〜15点）,0.5777,"{'is_target': True, 'verdict': '点数絞り', 'max_combo_prob': 0.1144, 'est_top_odds': 11.7, 'circle_concentration': 77.1, 'eligible_count': 8, 'bet_adj': 0, 'reason': 'rel_win1=53.2%（本命度） / 最有力組み合わせ確率: 0.114（推定実オッズ?12倍） / 2着集中度: 上位2艇 77.1%（補正+0.04） / 総合判定確率: 0.154 / → ヒモはやや固め。上位2艇以外を切ること', 'tenji_trigger': '展示確認: 1号艇伸び良→そのまま採用。悪→飛び組に差し替え。circle_pct上位2艇に絞り込むこと。\n展示で1号艇スタート超安定(0.137秒)→ヒモ固まり方向に注意'}",,,33,逃げ狙い,18.6,42,2,,,,,0,0,0.7559,0,,逃げ軸流し,A
2025-04-09,丸亀,3,2,鈴木裕隆,A2,37.14,2,○,20.1718,63.4,88,69.6,0.1543,3.7391,,,0,低,149,0,-,2432,0,50.2,0.944,0,0.0357,0.1429,0,0.0357,0.2903,0.2274,0.0887,,,C,◎,,0.1444,0.661,,0.5796,A,75,0,◎-○軸 3着3〜4艇流し（10〜15点）,0.5777,"{'is_target': True, 'verdict': '点数絞り', 'max_combo_prob': 0.1144, 'est_top_odds': 11.7, 'circle_concentration': 77.1, 'eligible_count': 8, 'bet_adj': 0, 'reason': 'rel_win1=53.2%（本命度） / 最有力組み合わせ確率: 0.114（推定実オッズ?12倍） / 2着集中度: 上位2艇 77.1%（補正+0.04） / 総合判定確率: 0.154 / → ヒモはやや固め。上位2艇以外を切ること', 'tenji_trigger': '展示確認: 1号艇伸び良→そのまま採用。悪→飛び組に差し替え。circle_pct上位2艇に絞り込むこと。\n展示で1号艇スタート超安定(0.137秒)→ヒモ固まり方向に注意'}",,,33,逃げ狙い,18.6,42,2,,,,,,,,,,,
2025-04-09,丸亀,3,3,橋本　明,B1,31.54,3,△,8.5353,13.7,100,41.8,0.1609,3.2537,,,0,低,124,0,-,124,0,39.9,0.8508,0,0,0,0,0.0323,0.3143,0.1762,0.0381,,,D,△,,0.1895,0.6215,,0.5796,A,75,0,◎-○軸 3着3〜4艇流し（10〜15点）,0.5777,"{'is_target': True, 'verdict': '点数絞り', 'max_combo_prob': 0.1144, 'est_top_odds': 11.7, 'circle_concentration': 77.1, 'eligible_count': 8, 'bet_adj': 0, 'reason': 'rel_win1=53.2%（本命度） / 最有力組み合わせ確率: 0.114（推定実オッズ?12倍） / 2着集中度: 上位2艇 77.1%（補正+0.04） / 総合判定確率: 0.154 / → ヒモはやや固め。上位2艇以外を切ること', 'tenji_trigger': '展示確認: 1号艇伸び良→そのまま採用。悪→飛び組に差し替え。circle_pct上位2艇に絞り込むこと。\n展示で1号艇スタート超安定(0.137秒)→ヒモ固まり方向に注意'}",,,33,逃げ狙い,18.6,42,2,,,,,,,,,,,
2025-04-09,丸亀,3,4,萩原丈太,B2,38.76,4,▲,10.2914,13.7,58,18.2,0.1773,3.2045,,,0,低,78,0,差ま0%,136,0,48.6,0.7591,0,0,0,0.0714,0,0,0,0,,,B,,,0.1303,0.556,,0.5796,A,75,0,◎-○軸 3着3〜4艇流し（10〜15点）,0.5777,"{'is_target': True, 'verdict': '点数絞り', 'max_combo_prob': 0.1144, 'est_top_odds': 11.7, 'circle_concentration': 77.1, 'eligible_count': 8, 'bet_adj': 0, 'reason': 'rel_win1=53.2%（本命度） / 最有力組み合わせ確率: 0.114（推定実オッズ?12倍） / 2着集中度: 上位2艇 77.1%（補正+0.04） / 総合判定確率: 0.154 / → ヒモはやや固め。上位2艇以外を切ること', 'tenji_trigger': '展示確認: 1号艇伸び良→そのまま採用。悪→飛び組に差し替え。circle_pct上位2艇に絞り込むこと。\n展示で1号艇スタート超安定(0.137秒)→ヒモ固まり方向に注意'}",,,33,逃げ狙い,18.6,42,2,,,,,,,,,,,
2025-04-09,丸亀,3,5,土井祥伍,B1,31.25,5,,3.0415,5.2,71,23.9,0.1946,4.3732,,,0,低,170,0,-,534,0,23.3,0.4274,,,,,,0,0.3556,0.1667,,,D,△,,0.1377,0.578,,0.5796,A,75,0,◎-○軸 3着3〜4艇流し（10〜15点）,0.5777,"{'is_target': True, 'verdict': '点数絞り', 'max_combo_prob': 0.1144, 'est_top_odds': 11.7, 'circle_concentration': 77.1, 'eligible_count': 8, 'bet_adj': 0, 'reason': 'rel_win1=53.2%（本命度） / 最有力組み合わせ確率: 0.114（推定実オッズ?12倍） / 2着集中度: 上位2艇 77.1%（補正+0.04） / 総合判定確率: 0.154 / → ヒモはやや固め。上位2艇以外を切ること', 'tenji_trigger': '展示確認: 1号艇伸び良→そのまま採用。悪→飛び組に差し替え。circle_pct上位2艇に絞り込むこと。\n展示で1号艇スタート超安定(0.137秒)→ヒモ固まり方向に注意'}",,,33,逃げ狙い,18.6,42,2,,,,,,,,,,,
2025-04-09,丸亀,3,6,平石和男,A2,33.86,6,,4.7341,4,66,40.7,0.2173,5.1864,,,0,低,226,0,-,1 36,0,39.1,1.1075,0,0,0,0.0385,0,0.1058,0.1706,0.2354,,,D,○,,0.105,0.6275,,0.5796,A,75,0,◎-○軸 3着3〜4艇流し（10〜15点）,0.5777,"{'is_target': True, 'verdict': '点数絞り', 'max_combo_prob': 0.1144, 'est_top_odds': 11.7, 'circle_concentration': 77.1, 'eligible_count': 8, 'bet_adj': 0, 'reason': 'rel_win1=53.2%（本命度） / 最有力組み合わせ確率: 0.114（推定実オッズ?12倍） / 2着集中度: 上位2艇 77.1%（補正+0.04） / 総合判定確率: 0.154 / → ヒモはやや固め。上位2艇以外を切ること', 'tenji_trigger': '展示確認: 1号艇伸び良→そのまま採用。悪→飛び組に差し替え。circle_pct上位2艇に絞り込むこと。\n展示で1号艇スタート超安定(0.137秒)→ヒモ固まり方向に注意'}",,,33,逃げ狙い,18.6,42,2,,,,,,,,,,,
2025-04-09,丸亀,4,1,沖島広和,B1,19.66,1,◎,52.6669,,0,90.2,0.1584,3.0328,,,0,低,143,0,逃1%,634,0,88.3,1.1532,0.5,,,,,0.2615,0.0308,0.1769,◎,,E,○,,,0.637,,0.453,S,82,0,◎1着固定 2-3着流し（5〜8点）,0.5777,"{'is_target': True, 'verdict': '参加推奨', 'max_combo_prob': 0.0786, 'est_top_odds': 17.0, 'circle_concentration': 69.3, 'eligible_count': 6, 'bet_adj': 2, 'reason': 'rel_win1=52.7%（本命度） / 最有力組み合わせ確率: 0.079（推定実オッズ?17倍） / 2着集中度: 上位2艇 69.3%（補正+0.00） / 総合判定確率: 0.079 / → ヒモ分散。1号艇1着固定で広めのヒモ流し推奨（買い目+2点）', 'tenji_trigger': '展示確認: ヒモ分散レース。1号艇伸び確認後、広めのヒモ流しを採用。穴ヒモ（5・6号艇）を積極的に含める。'}",,,28.4,逃げ狙い,13,33.4,4,,,,,0,0,0.7559,0,,逃げ軸流し,A
2025-04-09,丸亀,4,2,山田亮太,A2,41.13,2,▲,14.0025,39.4,100,64.4,0.1689,3.9111,,,0,低,92,0,差0% ま0%,433,0,51.9,1.0584,0,0.0588,0.0588,0,0,0.1058,0.0308,0.0615,,,B,◎,,0.2472,0.642,,0.453,S,82,0,◎1着固定 2-3着流し（5〜8点）,0.5777,"{'is_target': True, 'verdict': '参加推奨', 'max_combo_prob': 0.0786, 'est_top_odds': 17.0, 'circle_concentration': 69.3, 'eligible_count': 6, 'bet_adj': 2, 'reason': 'rel_win1=52.7%（本命度） / 最有力組み合わせ確率: 0.079（推定実オッズ?17倍） / 2着集中度: 上位2艇 69.3%（補正+0.00） / 総合判定確率: 0.079 / → ヒモ分散。1号艇1着固定で広めのヒモ流し推奨（買い目+2点）', 'tenji_trigger': '展示確認: ヒモ分散レース。1号艇伸び確認後、広めのヒモ流しを採用。穴ヒモ（5・6号艇）を積極的に含める。'}",,,28.4,逃げ狙い,13,33.4,4,,,,,,,,,,,
2025-04-09,丸亀,4,3,坂東　満,B1,35.82,3,○,11.538,25.6,73,49.1,0.1449,2.693,,,0,低,95,0,ま0%,3 56,0,45.8,1.0063,0,0,0.0714,0,0,0.0706,0.2039,0.2039,,◎,C,△,,0.3777,0.6315,,0.453,S,82,0,◎1着固定 2-3着流し（5〜8点）,0.5777,"{'is_target': True, 'verdict': '参加推奨', 'max_combo_prob': 0.0786, 'est_top_odds': 17.0, 'circle_concentration': 69.3, 'eligible_count': 6, 'bet_adj': 2, 'reason': 'rel_win1=52.7%（本命度） / 最有力組み合わせ確率: 0.079（推定実オッズ?17倍） / 2着集中度: 上位2艇 69.3%（補正+0.00） / 総合判定確率: 0.079 / → ヒモ分散。1号艇1着固定で広めのヒモ流し推奨（買い目+2点）', 'tenji_trigger': '展示確認: ヒモ分散レース。1号艇伸び確認後、広めのヒモ流しを採用。穴ヒモ（5・6号艇）を積極的に含める。'}",,,28.4,逃げ狙い,13,33.4,4,,,,,,,,,,,
2025-04-09,丸亀,4,4,金子和之,A1,31.01,4,,14.6679,29.8,55,57.4,0.1687,3.4853,,,0,低,99,0,抜0%,3333,0,53.9,1.0243,0,0.0357,0.0714,0,0.0357,0.0444,0.1778,0,,,D,△,◎,0.2583,0.6185,0.4325,0.453,S,82,0,◎1着固定 2-3着流し（5〜8点）,0.5777,"{'is_target': True, 'verdict': '参加推奨', 'max_combo_prob': 0.0786, 'est_top_odds': 17.0, 'circle_concentration': 69.3, 'eligible_count': 6, 'bet_adj': 2, 'reason': 'rel_win1=52.7%（本命度） / 最有力組み合わせ確率: 0.079（推定実オッズ?17倍） / 2着集中度: 上位2艇 69.3%（補正+0.00） / 総合判定確率: 0.079 / → ヒモ分散。1号艇1着固定で広めのヒモ流し推奨（買い目+2点）', 'tenji_trigger': '展示確認: ヒモ分散レース。1号艇伸び確認後、広めのヒモ流しを採用。穴ヒモ（5・6号艇）を積極的に含める。'}",,,28.4,逃げ狙い,13,33.4,4,,,,,,,,,,,
2025-04-09,丸亀,4,5,岩津徹郎,B1,44.62,5,△,5.86,4.8,37,26.8,0.1873,3.8902,,,0,低,117,0,-,2 54,0,44.7,0.8869,,,,,,0.0706,0.0941,0.2706,,,A,,,0.225,0.574,,0.453,S,82,0,◎1着固定 2-3着流し（5〜8点）,0.5777,"{'is_target': True, 'verdict': '参加推奨', 'max_combo_prob': 0.0786, 'est_top_odds': 17.0, 'circle_concentration': 69.3, 'eligible_count': 6, 'bet_adj': 2, 'reason': 'rel_win1=52.7%（本命度） / 最有力組み合わせ確率: 0.079（推定実オッズ?17倍） / 2着集中度: 上位2艇 69.3%（補正+0.00） / 総合判定確率: 0.079 / → ヒモ分散。1号艇1着固定で広めのヒモ流し推奨（買い目+2点）', 'tenji_trigger': '展示確認: ヒモ分散レース。1号艇伸び確認後、広めのヒモ流しを採用。穴ヒモ（5・6号艇）を積極的に含める。'}",,,28.4,逃げ狙い,13,33.4,4,,,,,,,,,,,
2025-04-09,丸亀,4,6,森林　太,B1,34.68,6,,1.2648,0.3,28,7.5,0.2642,5.4623,,,0,低,204,0,-,261,0,25.3,1.0544,,,,,,0.0667,0.3556,0.1222,,,C,,,0.1396,0.555,,0.453,S,82,0,◎1着固定 2-3着流し（5〜8点）,0.5777,"{'is_target': True, 'verdict': '参加推奨', 'max_combo_prob': 0.0786, 'est_top_odds': 17.0, 'circle_concentration': 69.3, 'eligible_count': 6, 'bet_adj': 2, 'reason': 'rel_win1=52.7%（本命度） / 最有力組み合わせ確率: 0.079（推定実オッズ?17倍） / 2着集中度: 上位2艇 69.3%（補正+0.00） / 総合判定確率: 0.079 / → ヒモ分散。1号艇1着固定で広めのヒモ流し推奨（買い目+2点）', 'tenji_trigger': '展示確認: ヒモ分散レース。1号艇伸び確認後、広めのヒモ流しを採用。穴ヒモ（5・6号艇）を積極的に含める。'}",,,28.4,逃げ狙い,13,33.4,4,,,,,,,,,,,
2025-04-09,丸亀,5,1,佐々木大,B1,41.73,1,◎,52.5655,,0,80.4,0.1317,2.5652,,,0,低,74,0,-,6 46,0,53.6,0.875,0.6818,,,,,0,0.0364,0.2623,◎,,B,○,,,0.637,,0.5794,A,73,0,◎-○軸 3着3〜4艇流し（10〜15点）,0.5777,"{'is_target': True, 'verdict': '参加推奨', 'max_combo_prob': 0.0534, 'est_top_odds': 25.0, 'circle_concentration': 67.6, 'eligible_count': 8, 'bet_adj': 2, 'reason': 'rel_win1=52.6%（本命度） / 最有力組み合わせ確率: 0.053（推定実オッズ?25倍） / 2着集中度: 上位2艇 67.6%（補正+0.00） / 総合判定確率: 0.053 / → ヒモ分散。1号艇1着固定で広めのヒモ流し推奨（買い目+2点）', 'tenji_trigger': '展示確認: ヒモ分散レース。1号艇伸び確認後、広めのヒモ流しを採用。穴ヒモ（5・6号艇）を積極的に含める。\n展示で1号艇スタート超安定(0.132秒)→ヒモ固まり方向に注意'}",,,28.1,逃げ狙い,21.38,25.4,4,,,,,0,0,0.7559,0,,逃げ軸流し,A
2025-04-09,丸亀,5,2,別府昌樹,A2,45.97,2,▲,9.3852,38.9,100,65.4,0.1644,3.4904,,,0,低,109,0,-,1141,0,36.5,0.9226,0,0.0952,0,0,0.0476,0.125,0.125,0.0833,,,A,,,0.0711,0.586,,0.5794,A,73,0,◎-○軸 3着3〜4艇流し（10〜15点）,0.5777,"{'is_target': True, 'verdict': '参加推奨', 'max_combo_prob': 0.0534, 'est_top_odds': 25.0, 'circle_concentration': 67.6, 'eligible_count': 8, 'bet_adj': 2, 'reason': 'rel_win1=52.6%（本命度） / 最有力組み合わせ確率: 0.053（推定実オッズ?25倍） / 2着集中度: 上位2艇 67.6%（補正+0.00） / 総合判定確率: 0.053 / → ヒモ分散。1号艇1着固定で広めのヒモ流し推奨（買い目+2点）', 'tenji_trigger': '展示確認: ヒモ分散レース。1号艇伸び確認後、広めのヒモ流しを採用。穴ヒモ（5・6号艇）を積極的に含める。\n展示で1号艇スタート超安定(0.132秒)→ヒモ固まり方向に注意'}",,,28.1,逃げ狙い,21.38,25.4,4,,,,,,,,,,,
2025-04-09,丸亀,5,3,佐藤大佑,A2,32.31,3,△,16.1017,20.1,73,67.2,0.1503,3.0517,,,0,低,121,0,-,4 65,0,99.7,2.1415,0,0,0.2692,0.0385,0.0385,0.0333,0.1333,0.0333,,,D,,,0.2485,0.59,,0.5794,A,73,0,◎-○軸 3着3〜4艇流し（10〜15点）,0.5777,"{'is_target': True, 'verdict': '参加推奨', 'max_combo_prob': 0.0534, 'est_top_odds': 25.0, 'circle_concentration': 67.6, 'eligible_count': 8, 'bet_adj': 2, 'reason': 'rel_win1=52.6%（本命度） / 最有力組み合わせ確率: 0.053（推定実オッズ?25倍） / 2着集中度: 上位2艇 67.6%（補正+0.00） / 総合判定確率: 0.053 / → ヒモ分散。1号艇1着固定で広めのヒモ流し推奨（買い目+2点）', 'tenji_trigger': '展示確認: ヒモ分散レース。1号艇伸び確認後、広めのヒモ流しを採用。穴ヒモ（5・6号艇）を積極的に含める。\n展示で1号艇スタート超安定(0.132秒)→ヒモ固まり方向に注意'}",,,28.1,逃げ狙い,21.38,25.4,4,,,,,,,,,,,
2025-04-09,丸亀,5,4,下條雄太,A1,34.13,4,○,16.0771,28.7,64,63.6,0.1327,2.8523,,,0,低,44,0,-,4425,0,31.6,0.7526,0,0.125,0,0,0,0.019,0.169,0.0381,,,C,◎,◎,0.2898,0.662,0.443,0.5794,A,73,0,◎-○軸 3着3〜4艇流し（10〜15点）,0.5777,"{'is_target': True, 'verdict': '参加推奨', 'max_combo_prob': 0.0534, 'est_top_odds': 25.0, 'circle_concentration': 67.6, 'eligible_count': 8, 'bet_adj': 2, 'reason': 'rel_win1=52.6%（本命度） / 最有力組み合わせ確率: 0.053（推定実オッズ?25倍） / 2着集中度: 上位2艇 67.6%（補正+0.00） / 総合判定確率: 0.053 / → ヒモ分散。1号艇1着固定で広めのヒモ流し推奨（買い目+2点）', 'tenji_trigger': '展示確認: ヒモ分散レース。1号艇伸び確認後、広めのヒモ流しを採用。穴ヒモ（5・6号艇）を積極的に含める。\n展示で1号艇スタート超安定(0.132秒)→ヒモ固まり方向に注意'}",,,28.1,逃げ狙い,21.38,25.4,4,,,,,,,,,,,
2025-04-09,丸亀,5,5,田中宏樹,B1,31.78,5,,4.9318,9.7,75,44.4,0.1722,3.8981,,,0,低,128,0,-,4 12,0,22.8,0.5912,,,,,,0.2,0.02,0.18,,,D,△,,0.1827,0.6195,,0.5794,A,73,0,◎-○軸 3着3〜4艇流し（10〜15点）,0.5777,"{'is_target': True, 'verdict': '参加推奨', 'max_combo_prob': 0.0534, 'est_top_odds': 25.0, 'circle_concentration': 67.6, 'eligible_count': 8, 'bet_adj': 2, 'reason': 'rel_win1=52.6%（本命度） / 最有力組み合わせ確率: 0.053（推定実オッズ?25倍） / 2着集中度: 上位2艇 67.6%（補正+0.00） / 総合判定確率: 0.053 / → ヒモ分散。1号艇1着固定で広めのヒモ流し推奨（買い目+2点）', 'tenji_trigger': '展示確認: ヒモ分散レース。1号艇伸び確認後、広めのヒモ流しを採用。穴ヒモ（5・6号艇）を積極的に含める。\n展示で1号艇スタート超安定(0.132秒)→ヒモ固まり方向に注意'}",,,28.1,逃げ狙い,21.38,25.4,4,,,,,,,,,,,
2025-04-09,丸亀,5,6,大谷健太,B1,30.71,6,,0.9387,2.6,75,32.6,0.1551,3.6047,,,0,低,101,0,-,6 31,0,30.1,0.8003,,,,,,0,0.0857,0.1286,,,E,△,,0.2356,0.605,,0.5794,A,73,0,◎-○軸 3着3〜4艇流し（10〜15点）,0.5777,"{'is_target': True, 'verdict': '参加推奨', 'max_combo_prob': 0.0534, 'est_top_odds': 25.0, 'circle_concentration': 67.6, 'eligible_count': 8, 'bet_adj': 2, 'reason': 'rel_win1=52.6%（本命度） / 最有力組み合わせ確率: 0.053（推定実オッズ?25倍） / 2着集中度: 上位2艇 67.6%（補正+0.00） / 総合判定確率: 0.053 / → ヒモ分散。1号艇1着固定で広めのヒモ流し推奨（買い目+2点）', 'tenji_trigger': '展示確認: ヒモ分散レース。1号艇伸び確認後、広めのヒモ流しを採用。穴ヒモ（5・6号艇）を積極的に含める。\n展示で1号艇スタート超安定(0.132秒)→ヒモ固まり方向に注意'}",,,28.1,逃げ狙い,21.38,25.4,4,,,,,,,,,,,
2025-04-09,丸亀,6,1,松竹大輔,A2,34.75,1,◎,61.1718,,0,83.8,0.1516,2.6892,,,0,低,112,0,逃0%,5 55,0,79.8,0.9329,0.5185,,,,,0.0444,0.0889,0.2093,◎,,B,◎,,,0.6475,,0.5884,S,100,0,◎1着固定 2-3着流し（5〜8点）,0.5777,"{'is_target': True, 'verdict': '参加推奨', 'max_combo_prob': 0.0891, 'est_top_odds': 15.0, 'circle_concentration': 65.1, 'eligible_count': 6, 'bet_adj': 2, 'reason': 'rel_win1=61.2%（本命度） / 最有力組み合わせ確率: 0.089（推定実オッズ?15倍） / 2着集中度: 上位2艇 65.1%（補正+0.00） / 総合判定確率: 0.089 / → ヒモ分散。1号艇1着固定で広めのヒモ流し推奨（買い目+2点）', 'tenji_trigger': '展示確認: ヒモ分散レース。1号艇伸び確認後、広めのヒモ流しを採用。穴ヒモ（5・6号艇）を積極的に含める。'}",,,26.9,逃げ狙い,13.91,28.5,3,,,,,0,0,0.7559,0,,逃げ軸流し,A
2025-04-09,丸亀,6,2,井上大輔,B1,27.73,2,,11.1404,23.2,100,59.1,0.1721,3.697,,,0,低,121,0,差0%,156,0,52.1,0.8452,0,0.1154,0,0,0,0.22,0.14,0.06,,,D,△,,0.1277,0.6275,,0.5884,S,100,0,◎1着固定 2-3着流し（5〜8点）,0.5777,"{'is_target': True, 'verdict': '参加推奨', 'max_combo_prob': 0.0891, 'est_top_odds': 15.0, 'circle_concentration': 65.1, 'eligible_count': 6, 'bet_adj': 2, 'reason': 'rel_win1=61.2%（本命度） / 最有力組み合わせ確率: 0.089（推定実オッズ?15倍） / 2着集中度: 上位2艇 65.1%（補正+0.00） / 総合判定確率: 0.089 / → ヒモ分散。1号艇1着固定で広めのヒモ流し推奨（買い目+2点）', 'tenji_trigger': '展示確認: ヒモ分散レース。1号艇伸び確認後、広めのヒモ流しを採用。穴ヒモ（5・6号艇）を積極的に含める。'}",,,26.9,逃げ狙い,13.91,28.5,3,,,,,,,,,,,
2025-04-09,丸亀,6,3,山下和彦,A1,31.54,3,▲,16.233,42,36,61.7,0.1643,3.3667,,,0,低,134,0,ま0% 差ま0% 抜0%,5 23,0,76.4,1.3271,0,0,0.08,0.12,0.04,0.0375,0.0625,0.1732,,,C,△,,0.2546,0.6275,,0.5884,S,100,0,◎1着固定 2-3着流し（5〜8点）,0.5777,"{'is_target': True, 'verdict': '参加推奨', 'max_combo_prob': 0.0891, 'est_top_odds': 15.0, 'circle_concentration': 65.1, 'eligible_count': 6, 'bet_adj': 2, 'reason': 'rel_win1=61.2%（本命度） / 最有力組み合わせ確率: 0.089（推定実オッズ?15倍） / 2着集中度: 上位2艇 65.1%（補正+0.00） / 総合判定確率: 0.089 / → ヒモ分散。1号艇1着固定で広めのヒモ流し推奨（買い目+2点）', 'tenji_trigger': '展示確認: ヒモ分散レース。1号艇伸び確認後、広めのヒモ流しを採用。穴ヒモ（5・6号艇）を積極的に含める。'}",,,26.9,逃げ狙い,13.91,28.5,3,,,,,,,,,,,
2025-04-09,丸亀,6,4,尾崎雄二,A2,32.26,4,△,5.1072,20.1,84,49.2,0.1669,3.5902,,,0,低,133,0,-,3235,0,69.1,1.1055,0,0.0345,0,0,0,0.1667,0.1667,0.0556,,,C,△,,0.2318,0.6365,,0.5884,S,100,0,◎1着固定 2-3着流し（5〜8点）,0.5777,"{'is_target': True, 'verdict': '参加推奨', 'max_combo_prob': 0.0891, 'est_top_odds': 15.0, 'circle_concentration': 65.1, 'eligible_count': 6, 'bet_adj': 2, 'reason': 'rel_win1=61.2%（本命度） / 最有力組み合わせ確率: 0.089（推定実オッズ?15倍） / 2着集中度: 上位2艇 65.1%（補正+0.00） / 総合判定確率: 0.089 / → ヒモ分散。1号艇1着固定で広めのヒモ流し推奨（買い目+2点）', 'tenji_trigger': '展示確認: ヒモ分散レース。1号艇伸び確認後、広めのヒモ流しを採用。穴ヒモ（5・6号艇）を積極的に含める。'}",,,26.9,逃げ狙い,13.91,28.5,3,,,,,,,,,,,
2025-04-09,丸亀,6,5,大澤大夢,B1,40.14,5,○,5.2839,11.6,58,28.6,0.1676,3.5071,,,0,低,103,0,-,523,0,28.1,0.409,0,0,0,0.0323,0,0.1632,0.1421,0.1211,,,B,○,,0.2445,0.644,,0.5884,S,100,0,◎1着固定 2-3着流し（5〜8点）,0.5777,"{'is_target': True, 'verdict': '参加推奨', 'max_combo_prob': 0.0891, 'est_top_odds': 15.0, 'circle_concentration': 65.1, 'eligible_count': 6, 'bet_adj': 2, 'reason': 'rel_win1=61.2%（本命度） / 最有力組み合わせ確率: 0.089（推定実オッズ?15倍） / 2着集中度: 上位2艇 65.1%（補正+0.00） / 総合判定確率: 0.089 / → ヒモ分散。1号艇1着固定で広めのヒモ流し推奨（買い目+2点）', 'tenji_trigger': '展示確認: ヒモ分散レース。1号艇伸び確認後、広めのヒモ流しを採用。穴ヒモ（5・6号艇）を積極的に含める。'}",,,26.9,逃げ狙い,13.91,28.5,3,,,,,,,,,,,
2025-04-09,丸亀,6,6,南野利騰,B2,26.92,6,,1.0637,3.2,46,19.5,0.1795,4.1341,,,0,低,99,0,-,3 54,0,42,0.9228,,,,,,0.3924,0.2971,0.0762,,,E,,,0.2386,0.616,,0.5884,S,100,0,◎1着固定 2-3着流し（5〜8点）,0.5777,"{'is_target': True, 'verdict': '参加推奨', 'max_combo_prob': 0.0891, 'est_top_odds': 15.0, 'circle_concentration': 65.1, 'eligible_count': 6, 'bet_adj': 2, 'reason': 'rel_win1=61.2%（本命度） / 最有力組み合わせ確率: 0.089（推定実オッズ?15倍） / 2着集中度: 上位2艇 65.1%（補正+0.00） / 総合判定確率: 0.089 / → ヒモ分散。1号艇1着固定で広めのヒモ流し推奨（買い目+2点）', 'tenji_trigger': '展示確認: ヒモ分散レース。1号艇伸び確認後、広めのヒモ流しを採用。穴ヒモ（5・6号艇）を積極的に含める。'}",,,26.9,逃げ狙い,13.91,28.5,3,,,,,,,,,,,
2025-04-09,丸亀,7,1,中里昌志,B1,43.61,1,◎,43.3444,,0,75,0.176,3.8654,,,0,低,140,0,逃0%,6 22,0,61.3,0.9969,0.2381,,,,,0.3162,0.2152,0.1962,,,B,△,,,0.604,,0.193,C,42,0,荒れ傾向。高配当狙いか見送り,0.5777,"{'is_target': False, 'verdict': '対象外', 'max_combo_prob': None, 'est_top_odds': None, 'circle_concentration': None, 'eligible_count': 0, 'bet_adj': 0, 'reason': '1号艇rel_win1 < 45%: 通常判定に委ねる', 'tenji_trigger': ''}",,,42.8,両建て推奨,37.35,39.5,6,2-3-6|2-3-5|2-3-4|2-6-3|2-4-6|2-6-5|2-6-4|1-2-5|1-2-3|1-3-5|1-3-2,2-3-6|2-3-5|2-3-4|2-6-3|2-4-6|2-6-5|2-6-4|1-2-5|1-2-3|1-3-5|4-1-6|1-3-2,2-3-6:2.85%|2-3-5:1.69%|2-3-4:1.61%|2-6-3:1.35%|2-4-6:1.12%|2-6-5:0.99%|2-6-4:0.95%|1-2-5:7.23%|1-2-3:6.51%|1-3-5:4.22%|1-3-2:3.52%,2-3-6:B_main|2-3-5:B_main|2-3-4:B_main|2-6-3:B_main|2-4-6:B_main|2-6-5:B_main|2-6-4:B_main|1-2-5:A|1-2-3:A|1-3-5:A|1-3-2:A,11,12,0.2915,1,[!]見送り推奨（主役決まり手「まくり」― 逃げ劣勢レースで的中実績なし）,主役軸流し,B
2025-04-09,丸亀,7,2,村松修二,A2,35.20,2,▲,18.3414,53.2,96,78.6,0.1371,2.8333,,,0,低,81,0,ま0%,2112,0,61.9,1.3062,0,0,0.1875,0,0,0.0308,0.0308,0.3341,,◎,C,,,0.6259,0.596,,0.193,C,42,0,荒れ傾向。高配当狙いか見送り,0.5777,"{'is_target': False, 'verdict': '対象外', 'max_combo_prob': None, 'est_top_odds': None, 'circle_concentration': None, 'eligible_count': 0, 'bet_adj': 0, 'reason': '1号艇rel_win1 < 45%: 通常判定に委ねる', 'tenji_trigger': ''}",,,42.8,両建て推奨,37.35,39.5,6,,,,,,,,,,,
2025-04-09,丸亀,7,3,林　祐介,A2,28.06,3,△,8.7555,21.1,100,52.1,0.1338,3.3333,,,0,低,103,0,-,6 44,0,100,0.6492,0,0,0,0.0526,0,0.0154,0.1615,0.2923,,△,D,○,,0.4984,0.6605,,0.193,C,42,0,荒れ傾向。高配当狙いか見送り,0.5777,"{'is_target': False, 'verdict': '対象外', 'max_combo_prob': None, 'est_top_odds': None, 'circle_concentration': None, 'eligible_count': 0, 'bet_adj': 0, 'reason': '1号艇rel_win1 < 45%: 通常判定に委ねる', 'tenji_trigger': ''}",,,42.8,両建て推奨,37.35,39.5,6,,,,,,,,,,,
2025-04-09,丸亀,7,4,畔柳俊吾,B1,35.56,4,,8.1326,16,74,47.5,0.1939,3.7459,,,0,低,164,0,-,142,0,49.3,1.1783,0,0,0.0435,0.0435,0,0.287,0.2217,0.2696,,,C,,,0.2523,0.5885,,0.193,C,42,0,荒れ傾向。高配当狙いか見送り,0.5777,"{'is_target': False, 'verdict': '対象外', 'max_combo_prob': None, 'est_top_odds': None, 'circle_concentration': None, 'eligible_count': 0, 'bet_adj': 0, 'reason': '1号艇rel_win1 < 45%: 通常判定に委ねる', 'tenji_trigger': ''}",,,42.8,両建て推奨,37.35,39.5,6,,,,,,,,,,,
2025-04-09,丸亀,7,5,石丸海渡,A1,50.00,5,○,18.3921,6.7,89,63.6,0.1036,2.3485,,,0,低,26,0,差ま0%,412,0,46.5,1.0007,0,0,0.0588,0.1176,0,0.0792,0.0125,0,,○,A,◎,◎,0.5133,0.687,0.4861,0.193,C,42,0,荒れ傾向。高配当狙いか見送り,0.5777,"{'is_target': False, 'verdict': '対象外', 'max_combo_prob': None, 'est_top_odds': None, 'circle_concentration': None, 'eligible_count': 0, 'bet_adj': 0, 'reason': '1号艇rel_win1 < 45%: 通常判定に委ねる', 'tenji_trigger': ''}",,,42.8,両建て推奨,37.35,39.5,6,,,,,,,,,,,
2025-04-09,丸亀,7,6,藤丸光一,B1,26.52,6,,3.0339,3,55,100,0.18,1,,,0,低,102,1,-,1 26,0,28.3,3.4867,,,,,,0.2706,0.2941,0.1941,,,E,△,,0.3304,0.6295,,0.193,C,42,0,荒れ傾向。高配当狙いか見送り,0.5777,"{'is_target': False, 'verdict': '対象外', 'max_combo_prob': None, 'est_top_odds': None, 'circle_concentration': None, 'eligible_count': 0, 'bet_adj': 0, 'reason': '1号艇rel_win1 < 45%: 通常判定に委ねる', 'tenji_trigger': ''}",,,42.8,両建て推奨,37.35,39.5,6,,,,,,,,,,,
2025-04-09,丸亀,8,1,白神　優,A1,39.06,1,◎,72.3209,,0,98.8,0.135,2.3875,,,0,低,56,0,-,251,0,79.4,1.1006,0.7143,,,,,0.0343,0.0457,0.0229,◎,,B,○,,,0.6735,,0.6158,S,100,0,◎1着固定 2-3着流し（5〜8点）,0.5777,"{'is_target': True, 'verdict': '点数絞り', 'max_combo_prob': 0.1771, 'est_top_odds': 7.5, 'circle_concentration': 81.2, 'eligible_count': 6, 'bet_adj': 0, 'reason': 'rel_win1=72.3%（本命度） / 最有力組み合わせ確率: 0.177（推定実オッズ?8倍） / 2着集中度: 上位2艇 81.2%（補正+0.04） / 総合判定確率: 0.217 / → ヒモはやや固め。上位2艇以外を切ること', 'tenji_trigger': '展示確認: 1号艇伸び良→そのまま採用。悪→飛び組に差し替え。circle_pct上位2艇に絞り込むこと。\n展示で1号艇スタート超安定(0.135秒)→ヒモ固まり方向に注意'}",,,25.4,逃げ狙い,15.19,23.2,4,,,,,0,0,0.7559,0,,逃げ軸流し,A
2025-04-09,丸亀,8,2,大場　敏,A2,27.78,2,▲,7.7526,57.8,90,68.9,0.1449,3.1824,,,0,低,93,0,-,3152,0,46.5,0.9655,0,0.0571,0,0,0,0.0933,0.1756,0.0111,,,D,◎,,0.2178,0.7095,,0.6158,S,100,0,◎1着固定 2-3着流し（5〜8点）,0.5777,"{'is_target': True, 'verdict': '点数絞り', 'max_combo_prob': 0.1771, 'est_top_odds': 7.5, 'circle_concentration': 81.2, 'eligible_count': 6, 'bet_adj': 0, 'reason': 'rel_win1=72.3%（本命度） / 最有力組み合わせ確率: 0.177（推定実オッズ?8倍） / 2着集中度: 上位2艇 81.2%（補正+0.04） / 総合判定確率: 0.217 / → ヒモはやや固め。上位2艇以外を切ること', 'tenji_trigger': '展示確認: 1号艇伸び良→そのまま採用。悪→飛び組に差し替え。circle_pct上位2艇に絞り込むこと。\n展示で1号艇スタート超安定(0.135秒)→ヒモ固まり方向に注意'}",,,25.4,逃げ狙い,15.19,23.2,4,,,,,,,,,,,
2025-04-09,丸亀,8,3,吉岡　誠,B1,26.72,3,,4.261,12.3,100,39.2,0.1476,3.0686,,,0,低,74,0,-,6 25,0,93.2,1.8913,,,,,,0.2727,0.0909,0.1818,,,E,,,0.2558,0.573,,0.6158,S,100,0,◎1着固定 2-3着流し（5〜8点）,0.5777,"{'is_target': True, 'verdict': '点数絞り', 'max_combo_prob': 0.1771, 'est_top_odds': 7.5, 'circle_concentration': 81.2, 'eligible_count': 6, 'bet_adj': 0, 'reason': 'rel_win1=72.3%（本命度） / 最有力組み合わせ確率: 0.177（推定実オッズ?8倍） / 2着集中度: 上位2艇 81.2%（補正+0.04） / 総合判定確率: 0.217 / → ヒモはやや固め。上位2艇以外を切ること', 'tenji_trigger': '展示確認: 1号艇伸び良→そのまま採用。悪→飛び組に差し替え。circle_pct上位2艇に絞り込むこと。\n展示で1号艇スタート超安定(0.135秒)→ヒモ固まり方向に注意'}",,,25.4,逃げ狙い,15.19,23.2,4,,,,,,,,,,,
2025-04-09,丸亀,8,4,森作雄大,A2,44.09,4,○,12.2258,23.4,58,51.3,0.1221,2.2105,,,0,低,68,0,ま0% 差ま0%,166,0,64.3,1.2366,0,0,0.2353,0.0588,0,0.0414,0.2966,0.1218,,,A,△,◎,0.3988,0.67,0.432,0.6158,S,100,0,◎1着固定 2-3着流し（5〜8点）,0.5777,"{'is_target': True, 'verdict': '点数絞り', 'max_combo_prob': 0.1771, 'est_top_odds': 7.5, 'circle_concentration': 81.2, 'eligible_count': 6, 'bet_adj': 0, 'reason': 'rel_win1=72.3%（本命度） / 最有力組み合わせ確率: 0.177（推定実オッズ?8倍） / 2着集中度: 上位2艇 81.2%（補正+0.04） / 総合判定確率: 0.217 / → ヒモはやや固め。上位2艇以外を切ること', 'tenji_trigger': '展示確認: 1号艇伸び良→そのまま採用。悪→飛び組に差し替え。circle_pct上位2艇に絞り込むこと。\n展示で1号艇スタート超安定(0.135秒)→ヒモ固まり方向に注意'}",,,25.4,逃げ狙い,15.19,23.2,4,,,,,,,,,,,
2025-04-09,丸亀,8,5,宇土泰就,B1,26.77,5,,2.4988,5.6,52,32.4,0.1451,3.1892,,,0,低,106,0,-,356,0,45.9,0.9024,0,0,0,0.0312,0,0.1471,0.4412,0.0471,,,D,△,,0.2485,0.619,,0.6158,S,100,0,◎1着固定 2-3着流し（5〜8点）,0.5777,"{'is_target': True, 'verdict': '点数絞り', 'max_combo_prob': 0.1771, 'est_top_odds': 7.5, 'circle_concentration': 81.2, 'eligible_count': 6, 'bet_adj': 0, 'reason': 'rel_win1=72.3%（本命度） / 最有力組み合わせ確率: 0.177（推定実オッズ?8倍） / 2着集中度: 上位2艇 81.2%（補正+0.04） / 総合判定確率: 0.217 / → ヒモはやや固め。上位2艇以外を切ること', 'tenji_trigger': '展示確認: 1号艇伸び良→そのまま採用。悪→飛び組に差し替え。circle_pct上位2艇に絞り込むこと。\n展示で1号艇スタート超安定(0.135秒)→ヒモ固まり方向に注意'}",,,25.4,逃げ狙い,15.19,23.2,4,,,,,,,,,,,
2025-04-09,丸亀,8,6,土井祥伍,B1,31.25,6,△,0.9409,0.9,26,14.9,0.223,4.7766,,,0,低,170,0,-,534,0,28.9,0.6572,,,,,,0,0.3556,0.1667,,,C,,,0.1459,0.578,,0.6158,S,100,0,◎1着固定 2-3着流し（5〜8点）,0.5777,"{'is_target': True, 'verdict': '点数絞り', 'max_combo_prob': 0.1771, 'est_top_odds': 7.5, 'circle_concentration': 81.2, 'eligible_count': 6, 'bet_adj': 0, 'reason': 'rel_win1=72.3%（本命度） / 最有力組み合わせ確率: 0.177（推定実オッズ?8倍） / 2着集中度: 上位2艇 81.2%（補正+0.04） / 総合判定確率: 0.217 / → ヒモはやや固め。上位2艇以外を切ること', 'tenji_trigger': '展示確認: 1号艇伸び良→そのまま採用。悪→飛び組に差し替え。circle_pct上位2艇に絞り込むこと。\n展示で1号艇スタート超安定(0.135秒)→ヒモ固まり方向に注意'}",,,25.4,逃げ狙い,15.19,23.2,4,,,,,,,,,,,
2025-04-09,丸亀,9,1,川原祐明,A2,49.58,1,◎,61.225,,0,90.3,0.1744,3.5565,,,0,低,110,0,逃0% 抜0%,243,0,90.8,1.2374,0.6897,,,,,0.0276,0.1014,0.0138,○,,A,△,,,0.6185,,0.4098,S,92,0,◎1着固定 2-3着流し（5〜8点）,0.5777,"{'is_target': True, 'verdict': '参加推奨', 'max_combo_prob': 0.0817, 'est_top_odds': 16.3, 'circle_concentration': 69.1, 'eligible_count': 6, 'bet_adj': 2, 'reason': 'rel_win1=61.2%（本命度） / 最有力組み合わせ確率: 0.082（推定実オッズ?16倍） / 2着集中度: 上位2艇 69.1%（補正+0.00） / 総合判定確率: 0.082 / → ヒモ分散。1号艇1着固定で広めのヒモ流し推奨（買い目+2点）', 'tenji_trigger': '展示確認: ヒモ分散レース。1号艇伸び確認後、広めのヒモ流しを採用。穴ヒモ（5・6号艇）を積極的に含める。'}",,,29.4,逃げ狙い,25.34,25.9,4,,,,,0,0,0.6155,0,,逃げ軸流し,A
2025-04-09,丸亀,9,2,森林　太,B1,34.68,2,,6.5299,25.2,94,35.9,0.2031,4.5625,,,0,低,204,0,-,261,0,57.7,1.3069,,,,,,0.0667,0.3556,0.1222,,,C,,,0.0775,0.555,,0.4098,S,92,0,◎1着固定 2-3着流し（5〜8点）,0.5777,"{'is_target': True, 'verdict': '参加推奨', 'max_combo_prob': 0.0817, 'est_top_odds': 16.3, 'circle_concentration': 69.1, 'eligible_count': 6, 'bet_adj': 2, 'reason': 'rel_win1=61.2%（本命度） / 最有力組み合わせ確率: 0.082（推定実オッズ?16倍） / 2着集中度: 上位2艇 69.1%（補正+0.00） / 総合判定確率: 0.082 / → ヒモ分散。1号艇1着固定で広めのヒモ流し推奨（買い目+2点）', 'tenji_trigger': '展示確認: ヒモ分散レース。1号艇伸び確認後、広めのヒモ流しを採用。穴ヒモ（5・6号艇）を積極的に含める。'}",,,29.4,逃げ狙い,25.34,25.9,4,,,,,,,,,,,
2025-04-09,丸亀,9,3,福田　理,B1,31.78,3,△,7.8314,14.3,100,38.5,0.1771,4.0615,,,0,低,126,0,ま0%,544,0,25.1,0.7971,0,0,0.0286,0.0286,0,0.1446,0.4967,0.1446,,,C,△,,0.2668,0.594,,0.4098,S,92,0,◎1着固定 2-3着流し（5〜8点）,0.5777,"{'is_target': True, 'verdict': '参加推奨', 'max_combo_prob': 0.0817, 'est_top_odds': 16.3, 'circle_concentration': 69.1, 'eligible_count': 6, 'bet_adj': 2, 'reason': 'rel_win1=61.2%（本命度） / 最有力組み合わせ確率: 0.082（推定実オッズ?16倍） / 2着集中度: 上位2艇 69.1%（補正+0.00） / 総合判定確率: 0.082 / → ヒモ分散。1号艇1着固定で広めのヒモ流し推奨（買い目+2点）', 'tenji_trigger': '展示確認: ヒモ分散レース。1号艇伸び確認後、広めのヒモ流しを採用。穴ヒモ（5・6号艇）を積極的に含める。'}",,,29.4,逃げ狙い,25.34,25.9,4,,,,,,,,,,,
2025-04-09,丸亀,9,4,中辻崇人,A1,24.62,4,○,17.8846,43.9,78,84.2,0.1305,2.1053,,,0,低,42,0,-,2211,0,44.1,0.9394,0,0,0.1538,0.0769,0,0.2667,0,0,,◎,D,○,◎,0.4931,0.6505,0.4855,0.4098,S,92,0,◎1着固定 2-3着流し（5〜8点）,0.5777,"{'is_target': True, 'verdict': '参加推奨', 'max_combo_prob': 0.0817, 'est_top_odds': 16.3, 'circle_concentration': 69.1, 'eligible_count': 6, 'bet_adj': 2, 'reason': 'rel_win1=61.2%（本命度） / 最有力組み合わせ確率: 0.082（推定実オッズ?16倍） / 2着集中度: 上位2艇 69.1%（補正+0.00） / 総合判定確率: 0.082 / → ヒモ分散。1号艇1着固定で広めのヒモ流し推奨（買い目+2点）', 'tenji_trigger': '展示確認: ヒモ分散レース。1号艇伸び確認後、広めのヒモ流しを採用。穴ヒモ（5・6号艇）を積極的に含める。'}",,,29.4,逃げ狙い,25.34,25.9,4,,,,,,,,,,,
2025-04-09,丸亀,9,5,萩原丈太,B2,38.76,5,▲,4.5858,5.4,66,9.1,0.1945,3.8636,,,0,低,78,0,-,136,0,22.2,0.6538,0,0,0,0.0714,0,0,0,0,,,B,,,0.2228,0.556,,0.4098,S,92,0,◎1着固定 2-3着流し（5〜8点）,0.5777,"{'is_target': True, 'verdict': '参加推奨', 'max_combo_prob': 0.0817, 'est_top_odds': 16.3, 'circle_concentration': 69.1, 'eligible_count': 6, 'bet_adj': 2, 'reason': 'rel_win1=61.2%（本命度） / 最有力組み合わせ確率: 0.082（推定実オッズ?16倍） / 2着集中度: 上位2艇 69.1%（補正+0.00） / 総合判定確率: 0.082 / → ヒモ分散。1号艇1着固定で広めのヒモ流し推奨（買い目+2点）', 'tenji_trigger': '展示確認: ヒモ分散レース。1号艇伸び確認後、広めのヒモ流しを採用。穴ヒモ（5・6号艇）を積極的に含める。'}",,,29.4,逃げ狙い,25.34,25.9,4,,,,,,,,,,,
2025-04-09,丸亀,9,6,山田雄太,A1,24.37,6,,1.9432,11.2,69,39.1,0.1437,3.1328,,,0,低,64,0,差ま0%,F63,0,25,0.6581,0,0,0,0.0333,0,0.016,0.2,0.048,,,E,◎,,0.3791,0.6615,,0.4098,S,92,0,◎1着固定 2-3着流し（5〜8点）,0.5777,"{'is_target': True, 'verdict': '参加推奨', 'max_combo_prob': 0.0817, 'est_top_odds': 16.3, 'circle_concentration': 69.1, 'eligible_count': 6, 'bet_adj': 2, 'reason': 'rel_win1=61.2%（本命度） / 最有力組み合わせ確率: 0.082（推定実オッズ?16倍） / 2着集中度: 上位2艇 69.1%（補正+0.00） / 総合判定確率: 0.082 / → ヒモ分散。1号艇1着固定で広めのヒモ流し推奨（買い目+2点）', 'tenji_trigger': '展示確認: ヒモ分散レース。1号艇伸び確認後、広めのヒモ流しを採用。穴ヒモ（5・6号艇）を積極的に含める。'}",,,29.4,逃げ狙い,25.34,25.9,4,,,,,,,,,,,
2025-04-09,丸亀,10,1,尾崎雄二,A2,32.26,1,◎,57.6905,,0,86.4,0.1663,3.4153,,,0,低,133,0,逃1%,3235,0,57.4,0.9443,0.5556,,,,,0.1667,0.1667,0.0556,○,,C,○,,,0.6365,,0.4297,A,79,0,◎-○軸 3着3〜4艇流し（10〜15点）,0.5777,"{'is_target': True, 'verdict': '参加推奨', 'max_combo_prob': 0.0809, 'est_top_odds': 16.5, 'circle_concentration': 68.1, 'eligible_count': 8, 'bet_adj': 2, 'reason': 'rel_win1=57.7%（本命度） / 最有力組み合わせ確率: 0.081（推定実オッズ?16倍） / 2着集中度: 上位2艇 68.1%（補正+0.00） / 総合判定確率: 0.081 / → ヒモ分散。1号艇1着固定で広めのヒモ流し推奨（買い目+2点）', 'tenji_trigger': '展示確認: ヒモ分散レース。1号艇伸び確認後、広めのヒモ流しを採用。穴ヒモ（5・6号艇）を積極的に含める。'}",,,30.2,逃げ狙い,20.64,32.1,4,,,,,0,0,0.6155,0,,主役軸流し,B
2025-04-09,丸亀,10,2,金子和之,A1,31.01,2,,12.229,43.9,83,66,0.1713,3.7547,,,0,低,99,0,-,3333,0,54.9,1.2486,0,0.15,0,0,0.05,0.0444,0.1778,0,,,D,△,,0.2846,0.6185,,0.4297,A,79,0,◎-○軸 3着3〜4艇流し（10〜15点）,0.5777,"{'is_target': True, 'verdict': '参加推奨', 'max_combo_prob': 0.0809, 'est_top_odds': 16.5, 'circle_concentration': 68.1, 'eligible_count': 8, 'bet_adj': 2, 'reason': 'rel_win1=57.7%（本命度） / 最有力組み合わせ確率: 0.081（推定実オッズ?16倍） / 2着集中度: 上位2艇 68.1%（補正+0.00） / 総合判定確率: 0.081 / → ヒモ分散。1号艇1着固定で広めのヒモ流し推奨（買い目+2点）', 'tenji_trigger': '展示確認: ヒモ分散レース。1号艇伸び確認後、広めのヒモ流しを採用。穴ヒモ（5・6号艇）を積極的に含める。'}",,,30.2,逃げ狙い,20.64,32.1,4,,,,,,,,,,,
2025-04-09,丸亀,10,3,松浦　勝,B1,40.00,3,○,6.6006,24.2,61,37.1,0.1537,3.379,,,0,低,112,0,ま0% 差ま0%,456,0,22.4,0.7046,0,0,0.0345,0.0345,0,0.3,0.26,0.04,,,B,,,0.3442,0.6085,,0.4297,A,79,0,◎-○軸 3着3〜4艇流し（10〜15点）,0.5777,"{'is_target': True, 'verdict': '参加推奨', 'max_combo_prob': 0.0809, 'est_top_odds': 16.5, 'circle_concentration': 68.1, 'eligible_count': 8, 'bet_adj': 2, 'reason': 'rel_win1=57.7%（本命度） / 最有力組み合わせ確率: 0.081（推定実オッズ?16倍） / 2着集中度: 上位2艇 68.1%（補正+0.00） / 総合判定確率: 0.081 / → ヒモ分散。1号艇1着固定で広めのヒモ流し推奨（買い目+2点）', 'tenji_trigger': '展示確認: ヒモ分散レース。1号艇伸び確認後、広めのヒモ流しを採用。穴ヒモ（5・6号艇）を積極的に含める。'}",,,30.2,逃げ狙い,20.64,32.1,4,,,,,,,,,,,
2025-04-09,丸亀,10,4,佐藤大佑,A2,32.31,4,▲,17.7237,11.5,78,61.4,0.1553,2.9825,,,0,低,121,0,-,4 65,0,100,3.0287,0,0,0.3333,0,0,0.0333,0.1333,0.0333,,◎,C,,◎,0.4229,0.59,0.3443,0.4297,A,79,0,◎-○軸 3着3〜4艇流し（10〜15点）,0.5777,"{'is_target': True, 'verdict': '参加推奨', 'max_combo_prob': 0.0809, 'est_top_odds': 16.5, 'circle_concentration': 68.1, 'eligible_count': 8, 'bet_adj': 2, 'reason': 'rel_win1=57.7%（本命度） / 最有力組み合わせ確率: 0.081（推定実オッズ?16倍） / 2着集中度: 上位2艇 68.1%（補正+0.00） / 総合判定確率: 0.081 / → ヒモ分散。1号艇1着固定で広めのヒモ流し推奨（買い目+2点）', 'tenji_trigger': '展示確認: ヒモ分散レース。1号艇伸び確認後、広めのヒモ流しを採用。穴ヒモ（5・6号艇）を積極的に含める。'}",,,30.2,逃げ狙い,20.64,32.1,4,,,,,,,,,,,
2025-04-09,丸亀,10,5,橋本　明,B1,31.54,5,,3.7924,14.7,74,43.3,0.1645,3.15,,,0,低,124,0,-,124,0,38.7,0.8795,,,,,,0.3143,0.1762,0.0381,,,D,△,,0.3074,0.6215,,0.4297,A,79,0,◎-○軸 3着3〜4艇流し（10〜15点）,0.5777,"{'is_target': True, 'verdict': '参加推奨', 'max_combo_prob': 0.0809, 'est_top_odds': 16.5, 'circle_concentration': 68.1, 'eligible_count': 8, 'bet_adj': 2, 'reason': 'rel_win1=57.7%（本命度） / 最有力組み合わせ確率: 0.081（推定実オッズ?16倍） / 2着集中度: 上位2艇 68.1%（補正+0.00） / 総合判定確率: 0.081 / → ヒモ分散。1号艇1着固定で広めのヒモ流し推奨（買い目+2点）', 'tenji_trigger': '展示確認: ヒモ分散レース。1号艇伸び確認後、広めのヒモ流しを採用。穴ヒモ（5・6号艇）を積極的に含める。'}",,,30.2,逃げ狙い,20.64,32.1,4,,,,,,,,,,,
2025-04-09,丸亀,10,6,北村征嗣,A1,38.13,6,△,1.9638,5.7,100,53.7,0.189,4.2805,,,0,低,114,0,-,4311,0,32.4,0.8158,,,,,,0.0186,0.1742,0.0825,,,B,◎,,0.2378,0.656,,0.4297,A,79,0,◎-○軸 3着3〜4艇流し（10〜15点）,0.5777,"{'is_target': True, 'verdict': '参加推奨', 'max_combo_prob': 0.0809, 'est_top_odds': 16.5, 'circle_concentration': 68.1, 'eligible_count': 8, 'bet_adj': 2, 'reason': 'rel_win1=57.7%（本命度） / 最有力組み合わせ確率: 0.081（推定実オッズ?16倍） / 2着集中度: 上位2艇 68.1%（補正+0.00） / 総合判定確率: 0.081 / → ヒモ分散。1号艇1着固定で広めのヒモ流し推奨（買い目+2点）', 'tenji_trigger': '展示確認: ヒモ分散レース。1号艇伸び確認後、広めのヒモ流しを採用。穴ヒモ（5・6号艇）を積極的に含める。'}",,,30.2,逃げ狙い,20.64,32.1,4,,,,,,,,,,,
2025-04-09,丸亀,11,1,下條雄太,A1,34.13,1,◎,61.3177,,0,96.2,0.1325,2.2885,,,0,低,44,0,逃1%,4425,0,100,1.5625,0.8095,,,,,0.019,0.169,0.0381,◎,,C,◎,,,0.662,,0.6863,S,86,0,◎1着固定 2-3着流し（5〜8点）,0.5777,"{'is_target': True, 'verdict': '点数絞り', 'max_combo_prob': 0.1072, 'est_top_odds': 12.4, 'circle_concentration': 78.7, 'eligible_count': 6, 'bet_adj': 0, 'reason': 'rel_win1=61.3%（本命度） / 最有力組み合わせ確率: 0.107（推定実オッズ?12倍） / 2着集中度: 上位2艇 78.7%（補正+0.04） / 総合判定確率: 0.147 / → ヒモはやや固め。上位2艇以外を切ること', 'tenji_trigger': '展示確認: 1号艇伸び良→そのまま採用。悪→飛び組に差し替え。circle_pct上位2艇に絞り込むこと。\n展示で1号艇スタート超安定(0.133秒)→ヒモ固まり方向に注意'}",,,26.5,逃げ狙い,16.08,25.5,3,,,,,0,0,0.7559,0,,逃げ軸流し,A
2025-04-09,丸亀,11,2,山下和彦,A1,31.54,2,△,13.4997,56.1,81,75,0.168,3.6974,,,0,低,134,0,-,5 23,0,46.5,1.06,0,0.0294,0.0588,0,0.0294,0.0375,0.0625,0.1732,,,C,,,0.0586,0.6275,,0.6863,S,86,0,◎1着固定 2-3着流し（5〜8点）,0.5777,"{'is_target': True, 'verdict': '点数絞り', 'max_combo_prob': 0.1072, 'est_top_odds': 12.4, 'circle_concentration': 78.7, 'eligible_count': 6, 'bet_adj': 0, 'reason': 'rel_win1=61.3%（本命度） / 最有力組み合わせ確率: 0.107（推定実オッズ?12倍） / 2着集中度: 上位2艇 78.7%（補正+0.04） / 総合判定確率: 0.147 / → ヒモはやや固め。上位2艇以外を切ること', 'tenji_trigger': '展示確認: 1号艇伸び良→そのまま採用。悪→飛び組に差し替え。circle_pct上位2艇に絞り込むこと。\n展示で1号艇スタート超安定(0.133秒)→ヒモ固まり方向に注意'}",,,26.5,逃げ狙い,16.08,25.5,3,,,,,,,,,,,
2025-04-09,丸亀,11,3,鈴木裕隆,A2,37.14,3,▲,12.1331,22.6,90,55.4,0.1667,3.753,,,0,低,149,0,-,2432,0,62.9,1.4392,0,0,0.0833,0.0556,0,0.2903,0.2274,0.0887,,,B,○,,0.1274,0.661,,0.6863,S,86,0,◎1着固定 2-3着流し（5〜8点）,0.5777,"{'is_target': True, 'verdict': '点数絞り', 'max_combo_prob': 0.1072, 'est_top_odds': 12.4, 'circle_concentration': 78.7, 'eligible_count': 6, 'bet_adj': 0, 'reason': 'rel_win1=61.3%（本命度） / 最有力組み合わせ確率: 0.107（推定実オッズ?12倍） / 2着集中度: 上位2艇 78.7%（補正+0.04） / 総合判定確率: 0.147 / → ヒモはやや固め。上位2艇以外を切ること', 'tenji_trigger': '展示確認: 1号艇伸び良→そのまま採用。悪→飛び組に差し替え。circle_pct上位2艇に絞り込むこと。\n展示で1号艇スタート超安定(0.133秒)→ヒモ固まり方向に注意'}",,,26.5,逃げ狙い,16.08,25.5,3,,,,,,,,,,,
2025-04-09,丸亀,11,4,山田亮太,A2,41.13,4,○,8.2556,9.6,82,46.7,0.1592,3.35,,,0,低,92,0,-,433,0,19.2,0.4991,0,0,0.1852,0,0,0.1058,0.0308,0.0615,,,B,△,◎,0.2273,0.642,0.2185,0.6863,S,86,0,◎1着固定 2-3着流し（5〜8点）,0.5777,"{'is_target': True, 'verdict': '点数絞り', 'max_combo_prob': 0.1072, 'est_top_odds': 12.4, 'circle_concentration': 78.7, 'eligible_count': 6, 'bet_adj': 0, 'reason': 'rel_win1=61.3%（本命度） / 最有力組み合わせ確率: 0.107（推定実オッズ?12倍） / 2着集中度: 上位2艇 78.7%（補正+0.04） / 総合判定確率: 0.147 / → ヒモはやや固め。上位2艇以外を切ること', 'tenji_trigger': '展示確認: 1号艇伸び良→そのまま採用。悪→飛び組に差し替え。circle_pct上位2艇に絞り込むこと。\n展示で1号艇スタート超安定(0.133秒)→ヒモ固まり方向に注意'}",,,26.5,逃げ狙い,16.08,25.5,3,,,,,,,,,,,
2025-04-09,丸亀,11,5,林　祐介,A2,28.06,5,,3.3953,7.8,100,51.7,0.1595,3.4224,,,0,低,103,0,-,6 44,0,62.1,1.271,0,0,0,0.0435,0,0.0154,0.1615,0.2923,,,E,△,,0.1926,0.6605,,0.6863,S,86,0,◎1着固定 2-3着流し（5〜8点）,0.5777,"{'is_target': True, 'verdict': '点数絞り', 'max_combo_prob': 0.1072, 'est_top_odds': 12.4, 'circle_concentration': 78.7, 'eligible_count': 6, 'bet_adj': 0, 'reason': 'rel_win1=61.3%（本命度） / 最有力組み合わせ確率: 0.107（推定実オッズ?12倍） / 2着集中度: 上位2艇 78.7%（補正+0.04） / 総合判定確率: 0.147 / → ヒモはやや固め。上位2艇以外を切ること', 'tenji_trigger': '展示確認: 1号艇伸び良→そのまま採用。悪→飛び組に差し替え。circle_pct上位2艇に絞り込むこと。\n展示で1号艇スタート超安定(0.133秒)→ヒモ固まり方向に注意'}",,,26.5,逃げ狙い,16.08,25.5,3,,,,,,,,,,,
2025-04-09,丸亀,11,6,岡本翔太,B1,28.68,6,,1.3986,3.9,49,22.6,0.144,3.3868,,,0,低,61,0,ま0%,651,0,43.9,0.9942,0,0,0.0526,0,0,0.19,0.08,0.19,,,D,,,0.2539,0.6355,,0.6863,S,86,0,◎1着固定 2-3着流し（5〜8点）,0.5777,"{'is_target': True, 'verdict': '点数絞り', 'max_combo_prob': 0.1072, 'est_top_odds': 12.4, 'circle_concentration': 78.7, 'eligible_count': 6, 'bet_adj': 0, 'reason': 'rel_win1=61.3%（本命度） / 最有力組み合わせ確率: 0.107（推定実オッズ?12倍） / 2着集中度: 上位2艇 78.7%（補正+0.04） / 総合判定確率: 0.147 / → ヒモはやや固め。上位2艇以外を切ること', 'tenji_trigger': '展示確認: 1号艇伸び良→そのまま採用。悪→飛び組に差し替え。circle_pct上位2艇に絞り込むこと。\n展示で1号艇スタート超安定(0.133秒)→ヒモ固まり方向に注意'}",,,26.5,逃げ狙い,16.08,25.5,3,,,,,,,,,,,
2025-04-09,丸亀,12,1,石丸海渡,A1,50.00,1,◎,65.4805,,0,95.2,0.1129,1.8651,,,0,低,26,0,逃1%,412,0,84.5,1.0466,0.875,,,,,0.0792,0.0125,0,◎,,A,◎,,,0.687,,0.8099,S,92,0,◎1着固定 2-3着流し（5〜8点）,0.5777,"{'is_target': True, 'verdict': '点数絞り', 'max_combo_prob': 0.1213, 'est_top_odds': 11.0, 'circle_concentration': 76.9, 'eligible_count': 6, 'bet_adj': 0, 'reason': 'rel_win1=65.5%（本命度） / 最有力組み合わせ確率: 0.121（推定実オッズ?11倍） / 2着集中度: 上位2艇 76.9%（補正+0.04） / 総合判定確率: 0.161 / → ヒモはやや固め。上位2艇以外を切ること', 'tenji_trigger': '展示確認: 1号艇伸び良→そのまま採用。悪→飛び組に差し替え。circle_pct上位2艇に絞り込むこと。\n展示で1号艇スタート超安定(0.113秒)→ヒモ固まり方向に注意'}",,,25.7,逃げ狙い,16.51,22.8,2,,,,,0,0,0.7559,0,,逃げ軸流し,A
2025-04-09,丸亀,12,2,白神　優,A1,39.06,2,○,16.1349,53.1,61,80,0.1533,2.9667,,,0,低,56,0,-,251,0,25.4,0.7657,0,0.1818,0,0,0.0455,0.0343,0.0457,0.0229,,,C,○,,0.0925,0.6735,,0.8099,S,92,0,◎1着固定 2-3着流し（5〜8点）,0.5777,"{'is_target': True, 'verdict': '点数絞り', 'max_combo_prob': 0.1213, 'est_top_odds': 11.0, 'circle_concentration': 76.9, 'eligible_count': 6, 'bet_adj': 0, 'reason': 'rel_win1=65.5%（本命度） / 最有力組み合わせ確率: 0.121（推定実オッズ?11倍） / 2着集中度: 上位2艇 76.9%（補正+0.04） / 総合判定確率: 0.161 / → ヒモはやや固め。上位2艇以外を切ること', 'tenji_trigger': '展示確認: 1号艇伸び良→そのまま採用。悪→飛び組に差し替え。circle_pct上位2艇に絞り込むこと。\n展示で1号艇スタート超安定(0.113秒)→ヒモ固まり方向に注意'}",,,25.7,逃げ狙い,16.51,22.8,2,,,,,,,,,,,
2025-04-09,丸亀,12,3,松竹大輔,A2,34.75,3,▲,8.8719,23.7,56,55.4,0.1465,2.9769,,,0,低,112,0,-,5 55,0,32.6,0.9075,0,0.0556,0,0.0556,0,0.0444,0.0889,0.2093,,,C,△,,0.1178,0.6475,,0.8099,S,92,0,◎1着固定 2-3着流し（5〜8点）,0.5777,"{'is_target': True, 'verdict': '点数絞り', 'max_combo_prob': 0.1213, 'est_top_odds': 11.0, 'circle_concentration': 76.9, 'eligible_count': 6, 'bet_adj': 0, 'reason': 'rel_win1=65.5%（本命度） / 最有力組み合わせ確率: 0.121（推定実オッズ?11倍） / 2着集中度: 上位2艇 76.9%（補正+0.04） / 総合判定確率: 0.161 / → ヒモはやや固め。上位2艇以外を切ること', 'tenji_trigger': '展示確認: 1号艇伸び良→そのまま採用。悪→飛び組に差し替え。circle_pct上位2艇に絞り込むこと。\n展示で1号艇スタート超安定(0.113秒)→ヒモ固まり方向に注意'}",,,25.7,逃げ狙い,16.51,22.8,2,,,,,,,,,,,
2025-04-09,丸亀,12,4,沖島広和,B1,19.66,4,,5.5255,9.6,100,52.5,0.1822,4.1186,,,0,低,143,0,-,634,0,62,0.7904,0,0,0.0526,0,0,0.2615,0.0308,0.1769,,,E,△,,0.1145,0.637,,0.8099,S,92,0,◎1着固定 2-3着流し（5〜8点）,0.5777,"{'is_target': True, 'verdict': '点数絞り', 'max_combo_prob': 0.1213, 'est_top_odds': 11.0, 'circle_concentration': 76.9, 'eligible_count': 6, 'bet_adj': 0, 'reason': 'rel_win1=65.5%（本命度） / 最有力組み合わせ確率: 0.121（推定実オッズ?11倍） / 2着集中度: 上位2艇 76.9%（補正+0.04） / 総合判定確率: 0.161 / → ヒモはやや固め。上位2艇以外を切ること', 'tenji_trigger': '展示確認: 1号艇伸び良→そのまま採用。悪→飛び組に差し替え。circle_pct上位2艇に絞り込むこと。\n展示で1号艇スタート超安定(0.113秒)→ヒモ固まり方向に注意'}",,,25.7,逃げ狙い,16.51,22.8,2,,,,,,,,,,,
2025-04-09,丸亀,12,5,平石和男,A2,33.86,5,,3.0351,9.6,68,49.2,0.1845,4.3538,,,0,低,226,0,-,1 36,0,75.7,1.3079,0,0,0,0.0312,0,0.1058,0.1706,0.2354,,,D,,,0.1057,0.6275,,0.8099,S,92,0,◎1着固定 2-3着流し（5〜8点）,0.5777,"{'is_target': True, 'verdict': '点数絞り', 'max_combo_prob': 0.1213, 'est_top_odds': 11.0, 'circle_concentration': 76.9, 'eligible_count': 6, 'bet_adj': 0, 'reason': 'rel_win1=65.5%（本命度） / 最有力組み合わせ確率: 0.121（推定実オッズ?11倍） / 2着集中度: 上位2艇 76.9%（補正+0.04） / 総合判定確率: 0.161 / → ヒモはやや固め。上位2艇以外を切ること', 'tenji_trigger': '展示確認: 1号艇伸び良→そのまま採用。悪→飛び組に差し替え。circle_pct上位2艇に絞り込むこと。\n展示で1号艇スタート超安定(0.113秒)→ヒモ固まり方向に注意'}",,,25.7,逃げ狙い,16.51,22.8,2,,,,,,,,,,,
2025-04-09,丸亀,12,6,別府昌樹,A2,45.97,6,△,0.9522,3.9,63,29,0.1946,4.1232,,,0,低,109,0,-,1141,0,27.3,1.2189,,,,,,0.125,0.125,0.0833,,,B,,,0.139,0.586,,0.8099,S,92,0,◎1着固定 2-3着流し（5〜8点）,0.5777,"{'is_target': True, 'verdict': '点数絞り', 'max_combo_prob': 0.1213, 'est_top_odds': 11.0, 'circle_concentration': 76.9, 'eligible_count': 6, 'bet_adj': 0, 'reason': 'rel_win1=65.5%（本命度） / 最有力組み合わせ確率: 0.121（推定実オッズ?11倍） / 2着集中度: 上位2艇 76.9%（補正+0.04） / 総合判定確率: 0.161 / → ヒモはやや固め。上位2艇以外を切ること', 'tenji_trigger': '展示確認: 1号艇伸び良→そのまま採用。悪→飛び組に差し替え。circle_pct上位2艇に絞り込むこと。\n展示で1号艇スタート超安定(0.113秒)→ヒモ固まり方向に注意'}",,,25.7,逃げ狙い,16.51,22.8,2,,,,,,,,,,,
2025-04-10,丸亀,1,1,亀本勇樹,B1,33.08,1,◎,48.6517,,0,78.6,0.1524,2.869,,,0,低,75,0,逃1%,5 564,0,87.7,1.1285,0.375,,,,,0.2083,0.05,0.125,○,,D,△,,,0.5815,,0.4382,A,61,0,◎-○軸 3着3〜4艇流し（10〜15点）,0.5777,"{'is_target': True, 'verdict': '参加推奨', 'max_combo_prob': 0.0643, 'est_top_odds': 20.7, 'circle_concentration': 66.4, 'eligible_count': 8, 'bet_adj': 2, 'reason': 'rel_win1=48.7%（本命度） / 最有力組み合わせ確率: 0.064（推定実オッズ?21倍） / 2着集中度: 上位2艇 66.4%（補正+0.00） / 総合判定確率: 0.064 / → ヒモ分散。1号艇1着固定で広めのヒモ流し推奨（買い目+2点）', 'tenji_trigger': '展示確認: ヒモ分散レース。1号艇伸び確認後、広めのヒモ流しを採用。穴ヒモ（5・6号艇）を積極的に含める。'}",,,29.9,両建て推奨,19.15,32.5,2,,,,,0,0,0.6155,0,,逃げ軸流し,A
2025-04-10,丸亀,1,2,岩津徹郎,B1,44.62,2,○,16.2166,42.4,100,55.6,0.1528,3.5556,,,0,低,117,0,-,2 543,0,47.5,0.9616,,,,,,0.0706,0.0941,0.2706,,◎,A,,,0.3548,0.574,,0.4382,A,61,0,◎-○軸 3着3〜4艇流し（10〜15点）,0.5777,"{'is_target': True, 'verdict': '参加推奨', 'max_combo_prob': 0.0643, 'est_top_odds': 20.7, 'circle_concentration': 66.4, 'eligible_count': 8, 'bet_adj': 2, 'reason': 'rel_win1=48.7%（本命度） / 最有力組み合わせ確率: 0.064（推定実オッズ?21倍） / 2着集中度: 上位2艇 66.4%（補正+0.00） / 総合判定確率: 0.064 / → ヒモ分散。1号艇1着固定で広めのヒモ流し推奨（買い目+2点）', 'tenji_trigger': '展示確認: ヒモ分散レース。1号艇伸び確認後、広めのヒモ流しを採用。穴ヒモ（5・6号艇）を積極的に含める。'}",,,29.9,両建て推奨,19.15,32.5,2,,,,,,,,,,,
2025-04-10,丸亀,1,3,中里昌志,B1,43.61,3,▲,10.1086,21.9,65,43.1,0.184,3.7759,,,0,低,140,0,-,6 222,0,31.6,0.8746,0,0,0,0.0435,0,0.3162,0.2152,0.1962,,,B,○,,0.1416,0.604,,0.4382,A,61,0,◎-○軸 3着3〜4艇流し（10〜15点）,0.5777,"{'is_target': True, 'verdict': '参加推奨', 'max_combo_prob': 0.0643, 'est_top_odds': 20.7, 'circle_concentration': 66.4, 'eligible_count': 8, 'bet_adj': 2, 'reason': 'rel_win1=48.7%（本命度） / 最有力組み合わせ確率: 0.064（推定実オッズ?21倍） / 2着集中度: 上位2艇 66.4%（補正+0.00） / 総合判定確率: 0.064 / → ヒモ分散。1号艇1着固定で広めのヒモ流し推奨（買い目+2点）', 'tenji_trigger': '展示確認: ヒモ分散レース。1号艇伸び確認後、広めのヒモ流しを採用。穴ヒモ（5・6号艇）を積極的に含める。'}",,,29.9,両建て推奨,19.15,32.5,2,,,,,,,,,,,
2025-04-10,丸亀,1,4,大谷健太,B1,30.71,4,,18.2193,23.9,78,50,0.1822,3.6196,,,0,低,101,0,-,6 313,0,44.1,0.924,0,0.0667,0.0667,0,0,0,0.0857,0.1286,,,D,◎,◎,0.1877,0.605,0.1898,0.4382,A,61,0,◎-○軸 3着3〜4艇流し（10〜15点）,0.5777,"{'is_target': True, 'verdict': '参加推奨', 'max_combo_prob': 0.0643, 'est_top_odds': 20.7, 'circle_concentration': 66.4, 'eligible_count': 8, 'bet_adj': 2, 'reason': 'rel_win1=48.7%（本命度） / 最有力組み合わせ確率: 0.064（推定実オッズ?21倍） / 2着集中度: 上位2艇 66.4%（補正+0.00） / 総合判定確率: 0.064 / → ヒモ分散。1号艇1着固定で広めのヒモ流し推奨（買い目+2点）', 'tenji_trigger': '展示確認: ヒモ分散レース。1号艇伸び確認後、広めのヒモ流しを採用。穴ヒモ（5・6号艇）を積極的に含める。'}",,,29.9,両建て推奨,19.15,32.5,2,,,,,,,,,,,
2025-04-10,丸亀,1,5,八木治樹,B1,29.84,5,,5.4933,7.9,86,38.3,0.1485,3.1064,,,0,低,75,0,-,6 143,0,59,1.0852,,,,,,0.3,0.25,0.075,,,E,△,,0.3321,0.603,,0.4382,A,61,0,◎-○軸 3着3〜4艇流し（10〜15点）,0.5777,"{'is_target': True, 'verdict': '参加推奨', 'max_combo_prob': 0.0643, 'est_top_odds': 20.7, 'circle_concentration': 66.4, 'eligible_count': 8, 'bet_adj': 2, 'reason': 'rel_win1=48.7%（本命度） / 最有力組み合わせ確率: 0.064（推定実オッズ?21倍） / 2着集中度: 上位2艇 66.4%（補正+0.00） / 総合判定確率: 0.064 / → ヒモ分散。1号艇1着固定で広めのヒモ流し推奨（買い目+2点）', 'tenji_trigger': '展示確認: ヒモ分散レース。1号艇伸び確認後、広めのヒモ流しを採用。穴ヒモ（5・6号艇）を積極的に含める。'}",,,29.9,両建て推奨,19.15,32.5,2,,,,,,,,,,,
2025-04-10,丸亀,1,6,田添康介,B1,39.02,6,△,1.3105,3.8,47,19.1,0.1598,3.2738,,,0,低,78,0,-,2 451,0,24.1,0.505,,,,,,0.375,0.375,0,,,C,,,0.2939,0.5535,,0.4382,A,61,0,◎-○軸 3着3〜4艇流し（10〜15点）,0.5777,"{'is_target': True, 'verdict': '参加推奨', 'max_combo_prob': 0.0643, 'est_top_odds': 20.7, 'circle_concentration': 66.4, 'eligible_count': 8, 'bet_adj': 2, 'reason': 'rel_win1=48.7%（本命度） / 最有力組み合わせ確率: 0.064（推定実オッズ?21倍） / 2着集中度: 上位2艇 66.4%（補正+0.00） / 総合判定確率: 0.064 / → ヒモ分散。1号艇1着固定で広めのヒモ流し推奨（買い目+2点）', 'tenji_trigger': '展示確認: ヒモ分散レース。1号艇伸び確認後、広めのヒモ流しを採用。穴ヒモ（5・6号艇）を積極的に含める。'}",,,29.9,両建て推奨,19.15,32.5,2,,,,,,,,,,,
2025-04-10,丸亀,2,1,大澤大夢,B1,40.14,1,◎,57.5375,,0,89.4,0.1298,2.6809,,,0,低,103,0,逃0%,523 32,0,66.4,0.97,0.6842,,,,,0.1632,0.1421,0.1211,◎,,B,◎,,,0.644,,0.591,S,90,0,◎1着固定 2-3着流し（5〜8点）,0.5777,"{'is_target': True, 'verdict': '点数絞り', 'max_combo_prob': 0.0976, 'est_top_odds': 13.7, 'circle_concentration': 77.3, 'eligible_count': 6, 'bet_adj': 0, 'reason': 'rel_win1=57.5%（本命度） / 最有力組み合わせ確率: 0.098（推定実オッズ?14倍） / 2着集中度: 上位2艇 77.3%（補正+0.04） / 総合判定確率: 0.138 / → ヒモはやや固め。上位2艇以外を切ること', 'tenji_trigger': '展示確認: 1号艇伸び良→そのまま採用。悪→飛び組に差し替え。circle_pct上位2艇に絞り込むこと。\n展示で1号艇スタート超安定(0.130秒)→ヒモ固まり方向に注意'}",,,27.9,逃げ狙い,14.54,30.9,3,,,,,0,0,0.7559,0,,逃げ軸流し,A
2025-04-10,丸亀,2,2,坂東　満,B1,35.82,2,○,11.4426,40.2,94,53.8,0.1487,2.9615,,,0,低,95,0,差0% ま0%,3 562,0,37.5,0.8831,0,0.05,0.05,0,0,0.0706,0.2039,0.2039,,,C,○,,0.1216,0.6315,,0.591,S,90,0,◎1着固定 2-3着流し（5〜8点）,0.5777,"{'is_target': True, 'verdict': '点数絞り', 'max_combo_prob': 0.0976, 'est_top_odds': 13.7, 'circle_concentration': 77.3, 'eligible_count': 6, 'bet_adj': 0, 'reason': 'rel_win1=57.5%（本命度） / 最有力組み合わせ確率: 0.098（推定実オッズ?14倍） / 2着集中度: 上位2艇 77.3%（補正+0.04） / 総合判定確率: 0.138 / → ヒモはやや固め。上位2艇以外を切ること', 'tenji_trigger': '展示確認: 1号艇伸び良→そのまま採用。悪→飛び組に差し替え。circle_pct上位2艇に絞り込むこと。\n展示で1号艇スタート超安定(0.130秒)→ヒモ固まり方向に注意'}",,,27.9,逃げ狙い,14.54,30.9,3,,,,,,,,,,,
2025-04-10,丸亀,2,3,田中宏樹,B1,31.78,3,△,16.0712,37.1,100,62.2,0.1682,3.2556,,,0,低,128,0,-,4 126,0,22.1,0.7054,0,0.0909,0,0,0,0.2,0.02,0.18,,,D,△,,0.1196,0.6195,,0.591,S,90,0,◎1着固定 2-3着流し（5〜8点）,0.5777,"{'is_target': True, 'verdict': '点数絞り', 'max_combo_prob': 0.0976, 'est_top_odds': 13.7, 'circle_concentration': 77.3, 'eligible_count': 6, 'bet_adj': 0, 'reason': 'rel_win1=57.5%（本命度） / 最有力組み合わせ確率: 0.098（推定実オッズ?14倍） / 2着集中度: 上位2艇 77.3%（補正+0.04） / 総合判定確率: 0.138 / → ヒモはやや固め。上位2艇以外を切ること', 'tenji_trigger': '展示確認: 1号艇伸び良→そのまま採用。悪→飛び組に差し替え。circle_pct上位2艇に絞り込むこと。\n展示で1号艇スタート超安定(0.130秒)→ヒモ固まり方向に注意'}",,,27.9,逃げ狙い,14.54,30.9,3,,,,,,,,,,,
2025-04-10,丸亀,2,4,吉岡　誠,B1,26.72,4,,9.096,6.5,37,15.4,0.1438,2.5897,,,0,低,74,0,-,6 253,0,68.9,0.7423,0,0,0.125,0.0625,0,0.2727,0.0909,0.1818,,,E,,,0.2574,0.573,,0.591,S,90,0,◎1着固定 2-3着流し（5〜8点）,0.5777,"{'is_target': True, 'verdict': '点数絞り', 'max_combo_prob': 0.0976, 'est_top_odds': 13.7, 'circle_concentration': 77.3, 'eligible_count': 6, 'bet_adj': 0, 'reason': 'rel_win1=57.5%（本命度） / 最有力組み合わせ確率: 0.098（推定実オッズ?14倍） / 2着集中度: 上位2艇 77.3%（補正+0.04） / 総合判定確率: 0.138 / → ヒモはやや固め。上位2艇以外を切ること', 'tenji_trigger': '展示確認: 1号艇伸び良→そのまま採用。悪→飛び組に差し替え。circle_pct上位2艇に絞り込むこと。\n展示で1号艇スタート超安定(0.130秒)→ヒモ固まり方向に注意'}",,,27.9,逃げ狙い,14.54,30.9,3,,,,,,,,,,,
2025-04-10,丸亀,2,5,平石和男,A2,33.86,5,,4.6844,15.7,87,49.2,0.1845,4.3538,,,0,低,226,0,-,1 3634,0,30.9,1.3388,0,0,0,0.0312,0,0.1058,0.1706,0.2354,,,C,△,,0.1038,0.6275,,0.591,S,90,0,◎1着固定 2-3着流し（5〜8点）,0.5777,"{'is_target': True, 'verdict': '点数絞り', 'max_combo_prob': 0.0976, 'est_top_odds': 13.7, 'circle_concentration': 77.3, 'eligible_count': 6, 'bet_adj': 0, 'reason': 'rel_win1=57.5%（本命度） / 最有力組み合わせ確率: 0.098（推定実オッズ?14倍） / 2着集中度: 上位2艇 77.3%（補正+0.04） / 総合判定確率: 0.138 / → ヒモはやや固め。上位2艇以外を切ること', 'tenji_trigger': '展示確認: 1号艇伸び良→そのまま採用。悪→飛び組に差し替え。circle_pct上位2艇に絞り込むこと。\n展示で1号艇スタート超安定(0.130秒)→ヒモ固まり方向に注意'}",,,27.9,逃げ狙い,14.54,30.9,3,,,,,,,,,,,
2025-04-10,丸亀,2,6,萩原丈太,B2,38.76,6,▲,1.1683,0.5,13,1.9,0.1843,3.9486,,,0,低,78,0,-,136 56,0,93,1.8589,,,,,,0,0,0,,,B,,,0.1406,0.556,,0.591,S,90,0,◎1着固定 2-3着流し（5〜8点）,0.5777,"{'is_target': True, 'verdict': '点数絞り', 'max_combo_prob': 0.0976, 'est_top_odds': 13.7, 'circle_concentration': 77.3, 'eligible_count': 6, 'bet_adj': 0, 'reason': 'rel_win1=57.5%（本命度） / 最有力組み合わせ確率: 0.098（推定実オッズ?14倍） / 2着集中度: 上位2艇 77.3%（補正+0.04） / 総合判定確率: 0.138 / → ヒモはやや固め。上位2艇以外を切ること', 'tenji_trigger': '展示確認: 1号艇伸び良→そのまま採用。悪→飛び組に差し替え。circle_pct上位2艇に絞り込むこと。\n展示で1号艇スタート超安定(0.130秒)→ヒモ固まり方向に注意'}",,,27.9,逃げ狙い,14.54,30.9,3,,,,,,,,,,,
2025-04-10,丸亀,3,1,南野利騰,B2,26.92,1,◎,42.8953,,0,61.5,0.1487,3.359,,,0,低,99,0,逃0%,3 543,0,57.4,0.8006,0.2857,,,,,0.3924,0.2971,0.0762,○,,D,△,,,0.616,,0.3582,B,46,0,◎○△フォーメーション（15〜20点）,0.5777,"{'is_target': False, 'verdict': '対象外', 'max_combo_prob': None, 'est_top_odds': None, 'circle_concentration': None, 'eligible_count': 0, 'bet_adj': 0, 'reason': '1号艇rel_win1 < 45%: 通常判定に委ねる', 'tenji_trigger': ''}",,,32.2,両建て推奨,17.16,40.9,5,,,,,0,0,0.6155,0,,主役軸流し,B
2025-04-10,丸亀,3,2,藤丸光一,B1,26.52,2,,12.2182,29.4,100,47.6,0.2071,4.6905,,,0,低,102,0,-,1 266,0,19.2,0.7102,0,0.1,0,0,0.05,0.2706,0.2941,0.1941,,,E,△,,0.1311,0.6295,,0.3582,B,46,0,◎○△フォーメーション（15〜20点）,0.5777,"{'is_target': False, 'verdict': '対象外', 'max_combo_prob': None, 'est_top_odds': None, 'circle_concentration': None, 'eligible_count': 0, 'bet_adj': 0, 'reason': '1号艇rel_win1 < 45%: 通常判定に委ねる', 'tenji_trigger': ''}",,,32.2,両建て推奨,17.16,40.9,5,,,,,,,,,,,
2025-04-10,丸亀,3,3,佐々木大,B1,41.73,3,○,16.0003,51.8,77,69.5,0.1359,2.7542,,,0,低,74,0,-,6 461,0,51.8,1.0819,0,0.04,0.04,0.12,0,0,0.0364,0.2623,,◎,A,○,,0.418,0.637,,0.3582,B,46,0,◎○△フォーメーション（15〜20点）,0.5777,"{'is_target': False, 'verdict': '対象外', 'max_combo_prob': None, 'est_top_odds': None, 'circle_concentration': None, 'eligible_count': 0, 'bet_adj': 0, 'reason': '1号艇rel_win1 < 45%: 通常判定に委ねる', 'tenji_trigger': ''}",,,32.2,両建て推奨,17.16,40.9,5,,,,,,,,,,,
2025-04-10,丸亀,3,4,山田亮太,A2,41.13,4,▲,13.186,11.9,68,46.7,0.1592,3.35,,,0,低,92,0,-,433 11,0,51.6,0.5653,0,0,0.1852,0,0,0.1058,0.0308,0.0615,,,B,◎,○,0.3339,0.642,0.2495,0.3582,B,46,0,◎○△フォーメーション（15〜20点）,0.5777,"{'is_target': False, 'verdict': '対象外', 'max_combo_prob': None, 'est_top_odds': None, 'circle_concentration': None, 'eligible_count': 0, 'bet_adj': 0, 'reason': '1号艇rel_win1 < 45%: 通常判定に委ねる', 'tenji_trigger': ''}",,,32.2,両建て推奨,17.16,40.9,5,,,,,,,,,,,
2025-04-10,丸亀,3,5,村松修二,A2,35.20,5,△,14.521,5.6,44,39.5,0.1539,2.7763,,,0,低,81,0,-,21121,0,85.8,1.4548,,,,,,0.0308,0.0308,0.3341,,,C,,◎,0.3356,0.596,0.2616,0.3582,B,46,0,◎○△フォーメーション（15〜20点）,0.5777,"{'is_target': False, 'verdict': '対象外', 'max_combo_prob': None, 'est_top_odds': None, 'circle_concentration': None, 'eligible_count': 0, 'bet_adj': 0, 'reason': '1号艇rel_win1 < 45%: 通常判定に委ねる', 'tenji_trigger': ''}",,,32.2,両建て推奨,17.16,40.9,5,,,,,,,,,,,
2025-04-10,丸亀,3,6,福田　理,B1,31.78,6,,1.1792,1.3,54,25.6,0.1682,4.1026,,,0,低,126,0,-,544 54,0,24.1,1.0133,,,,,,0.1446,0.4967,0.1446,,,D,,,0.2925,0.594,,0.3582,B,46,0,◎○△フォーメーション（15〜20点）,0.5777,"{'is_target': False, 'verdict': '対象外', 'max_combo_prob': None, 'est_top_odds': None, 'circle_concentration': None, 'eligible_count': 0, 'bet_adj': 0, 'reason': '1号艇rel_win1 < 45%: 通常判定に委ねる', 'tenji_trigger': ''}",,,32.2,両建て推奨,17.16,40.9,5,,,,,,,,,,,
2025-04-10,丸亀,4,1,畔柳俊吾,B1,35.56,1,◎,51.2266,,0,69.8,0.2055,4.4717,,,0,低,164,0,-,142 44,0,100,2.3341,0.3043,,,,,0.287,0.2217,0.2696,,,B,△,,,0.5885,,0.1627,B,59,0,◎○△フォーメーション（15〜20点）,0.5777,"{'is_target': True, 'verdict': '参加推奨', 'max_combo_prob': 0.0552, 'est_top_odds': 24.2, 'circle_concentration': 69.1, 'eligible_count': 9, 'bet_adj': 2, 'reason': 'rel_win1=51.2%（本命度） / 最有力組み合わせ確率: 0.055（推定実オッズ?24倍） / 2着集中度: 上位2艇 69.1%（補正+0.00） / 総合判定確率: 0.055 / → ヒモ分散。1号艇1着固定で広めのヒモ流し推奨（買い目+2点）', 'tenji_trigger': '展示確認: ヒモ分散レース。1号艇伸び確認後、広めのヒモ流しを採用。穴ヒモ（5・6号艇）を積極的に含める。\n展示で1号艇スタート遅め(0.205秒)確認→ヒモが荒れやすい'}",,,36.5,両建て推奨,13.05,42.2,4,2-1-3|2-1-4|2-1-5|2-3-1|2-5-1|2-3-4|2-5-3|1-2-4|1-2-3|1-3-4|1-3-2,2-1-3|2-1-4|2-1-5|2-3-1|2-5-1|2-3-4|2-5-3|1-2-4|1-2-3|1-3-4|6-1-3|1-3-2,2-1-3:3.22%|2-1-4:1.89%|2-1-5:1.49%|2-3-1:1.0%|2-5-1:0.5%|2-3-4:0.32%|2-5-3:0.27%|1-2-4:5.84%|1-2-3:4.94%|1-3-4:4.74%|1-3-2:4.06%,2-1-3:B_main|2-1-4:B_main|2-1-5:B_main|2-3-1:B_main|2-5-1:B_main|2-3-4:B_main|2-5-3:B_main|1-2-4:A|1-2-3:A|1-3-4:A|1-3-2:A,11,12,0.2915,1,[!]見送り推奨（主役決まり手「差し」― 逃げ劣勢レースで的中実績なし）,主役軸流し,B
2025-04-10,丸亀,4,2,土井祥伍,B1,31.25,2,▲,11.5864,37.6,67,44.3,0.1559,3.7786,,,0,低,170,0,-,534 64,0,80,0.8843,0,0.08,0,0,0,0,0.3556,0.1667,,◎,C,△,,0.6103,0.578,,0.1627,B,59,0,◎○△フォーメーション（15〜20点）,0.5777,"{'is_target': True, 'verdict': '参加推奨', 'max_combo_prob': 0.0552, 'est_top_odds': 24.2, 'circle_concentration': 69.1, 'eligible_count': 9, 'bet_adj': 2, 'reason': 'rel_win1=51.2%（本命度） / 最有力組み合わせ確率: 0.055（推定実オッズ?24倍） / 2着集中度: 上位2艇 69.1%（補正+0.00） / 総合判定確率: 0.055 / → ヒモ分散。1号艇1着固定で広めのヒモ流し推奨（買い目+2点）', 'tenji_trigger': '展示確認: ヒモ分散レース。1号艇伸び確認後、広めのヒモ流しを採用。穴ヒモ（5・6号艇）を積極的に含める。\n展示で1号艇スタート遅め(0.205秒)確認→ヒモが荒れやすい'}",,,36.5,両建て推奨,13.05,42.2,4,,,,,,,,,,,
2025-04-10,丸亀,4,3,大場　敏,A2,27.78,3,○,12.5827,31.5,100,72.5,0.1326,2.5362,,,0,低,93,0,-,31525,0,45.2,1.1473,0,0,0.0312,0.0625,0,0.0933,0.1756,0.0111,,△,D,◎,,0.5021,0.7095,,0.1627,B,59,0,◎○△フォーメーション（15〜20点）,0.5777,"{'is_target': True, 'verdict': '参加推奨', 'max_combo_prob': 0.0552, 'est_top_odds': 24.2, 'circle_concentration': 69.1, 'eligible_count': 9, 'bet_adj': 2, 'reason': 'rel_win1=51.2%（本命度） / 最有力組み合わせ確率: 0.055（推定実オッズ?24倍） / 2着集中度: 上位2艇 69.1%（補正+0.00） / 総合判定確率: 0.055 / → ヒモ分散。1号艇1着固定で広めのヒモ流し推奨（買い目+2点）', 'tenji_trigger': '展示確認: ヒモ分散レース。1号艇伸び確認後、広めのヒモ流しを採用。穴ヒモ（5・6号艇）を積極的に含める。\n展示で1号艇スタート遅め(0.205秒)確認→ヒモが荒れやすい'}",,,36.5,両建て推奨,13.05,42.2,4,,,,,,,,,,,
2025-04-10,丸亀,4,4,井上大輔,B1,27.73,4,,13.3463,14.1,98,47.1,0.1479,3.1176,,,0,低,121,0,ま0%,156 26,0,54.4,1.1902,0,0,0.2143,0,0,0.22,0.14,0.06,,○,D,○,◎,0.5495,0.6275,0.3609,0.1627,B,59,0,◎○△フォーメーション（15〜20点）,0.5777,"{'is_target': True, 'verdict': '参加推奨', 'max_combo_prob': 0.0552, 'est_top_odds': 24.2, 'circle_concentration': 69.1, 'eligible_count': 9, 'bet_adj': 2, 'reason': 'rel_win1=51.2%（本命度） / 最有力組み合わせ確率: 0.055（推定実オッズ?24倍） / 2着集中度: 上位2艇 69.1%（補正+0.00） / 総合判定確率: 0.055 / → ヒモ分散。1号艇1着固定で広めのヒモ流し推奨（買い目+2点）', 'tenji_trigger': '展示確認: ヒモ分散レース。1号艇伸び確認後、広めのヒモ流しを採用。穴ヒモ（5・6号艇）を積極的に含める。\n展示で1号艇スタート遅め(0.205秒)確認→ヒモが荒れやすい'}",,,36.5,両建て推奨,13.05,42.2,4,,,,,,,,,,,
2025-04-10,丸亀,4,5,山下和彦,A1,31.54,5,△,9.8764,15.4,88,55.1,0.1567,3.4898,,,0,低,134,0,差ま0%,5 2352,0,34.6,1.6279,0,0,0,0.087,0,0.0375,0.0625,0.1732,,,C,○,,0.4767,0.6275,,0.1627,B,59,0,◎○△フォーメーション（15〜20点）,0.5777,"{'is_target': True, 'verdict': '参加推奨', 'max_combo_prob': 0.0552, 'est_top_odds': 24.2, 'circle_concentration': 69.1, 'eligible_count': 9, 'bet_adj': 2, 'reason': 'rel_win1=51.2%（本命度） / 最有力組み合わせ確率: 0.055（推定実オッズ?24倍） / 2着集中度: 上位2艇 69.1%（補正+0.00） / 総合判定確率: 0.055 / → ヒモ分散。1号艇1着固定で広めのヒモ流し推奨（買い目+2点）', 'tenji_trigger': '展示確認: ヒモ分散レース。1号艇伸び確認後、広めのヒモ流しを採用。穴ヒモ（5・6号艇）を積極的に含める。\n展示で1号艇スタート遅め(0.205秒)確認→ヒモが荒れやすい'}",,,36.5,両建て推奨,13.05,42.2,4,,,,,,,,,,,
2025-04-10,丸亀,4,6,竹本太樹,B2,34.88,6,,1.3816,1.4,63,12.5,0.2092,4.5,,,0,低,79,0,-,5 631,0,28.2,0.7822,,,,,,0.0211,0.3053,0.2053,,,B,,,0.3338,0.5475,,0.1627,B,59,0,◎○△フォーメーション（15〜20点）,0.5777,"{'is_target': True, 'verdict': '参加推奨', 'max_combo_prob': 0.0552, 'est_top_odds': 24.2, 'circle_concentration': 69.1, 'eligible_count': 9, 'bet_adj': 2, 'reason': 'rel_win1=51.2%（本命度） / 最有力組み合わせ確率: 0.055（推定実オッズ?24倍） / 2着集中度: 上位2艇 69.1%（補正+0.00） / 総合判定確率: 0.055 / → ヒモ分散。1号艇1着固定で広めのヒモ流し推奨（買い目+2点）', 'tenji_trigger': '展示確認: ヒモ分散レース。1号艇伸び確認後、広めのヒモ流しを採用。穴ヒモ（5・6号艇）を積極的に含める。\n展示で1号艇スタート遅め(0.205秒)確認→ヒモが荒れやすい'}",,,36.5,両建て推奨,13.05,42.2,4,,,,,,,,,,,
2025-04-10,丸亀,5,1,宇土泰就,B1,26.77,1,○,39.8515,,0,58.1,0.1705,3.3721,,,0,低,106,0,逃0%,356 22,0,52.3,0.7537,0.2353,,,,,0.1471,0.4412,0.0471,△,,D,,,,0.619,,0.2478,D,27,1,大荒れ。見送り推奨,0.5777,"{'is_target': False, 'verdict': '対象外', 'max_combo_prob': None, 'est_top_odds': None, 'circle_concentration': None, 'eligible_count': 0, 'bet_adj': 0, 'reason': '1号艇rel_win1 < 45%: 通常判定に委ねる', 'tenji_trigger': ''}",,,35.9,両建て推奨,16.74,37.6,4,4-5-6|1-2-4|1-3-4|1-2-5|1-3-5|1-4-5,2-1-3|2-1-5|3-2-5|3-5-2|3-1-5|2-3-1|4-5-6|1-2-4|1-3-4|1-2-5|1-3-5|1-4-5,4-5-6:1.43%|1-2-4:8.34%|1-3-4:8.25%|1-2-5:7.49%|1-3-5:7.41%|1-4-5:7.07%,4-5-6:B_main|1-2-4:A|1-3-4:A|1-2-5:A|1-3-5:A|1-4-5:A,6,12,0.4535,1,[!]見送り推奨（主役決まり手「まくり」― 逃げ劣勢レースで的中実績なし）,荒れ広め,D
2025-04-10,丸亀,5,2,松浦　勝,B1,40.00,2,△,12.4178,29.5,46,37.7,0.1597,3.3443,,,0,低,112,0,差1%,456 63,0,20,0.5905,0,0.1071,0,0,0,0.3,0.26,0.04,,,B,,,0.4541,0.6085,,0.2478,D,27,1,大荒れ。見送り推奨,0.5777,"{'is_target': False, 'verdict': '対象外', 'max_combo_prob': None, 'est_top_odds': None, 'circle_concentration': None, 'eligible_count': 0, 'bet_adj': 0, 'reason': '1号艇rel_win1 < 45%: 通常判定に委ねる', 'tenji_trigger': ''}",,,35.9,両建て推奨,16.74,37.6,4,,,,,,,,,,,
2025-04-10,丸亀,5,3,林　祐介,A2,28.06,3,,9.856,29.4,89,52.1,0.1338,3.3333,,,0,低,103,0,-,6 4454,0,37.1,0.6737,0,0,0,0.0526,0,0.0154,0.1615,0.2923,,○,D,△,,0.5094,0.6605,,0.2478,D,27,1,大荒れ。見送り推奨,0.5777,"{'is_target': False, 'verdict': '対象外', 'max_combo_prob': None, 'est_top_odds': None, 'circle_concentration': None, 'eligible_count': 0, 'bet_adj': 0, 'reason': '1号艇rel_win1 < 45%: 通常判定に委ねる', 'tenji_trigger': ''}",,,35.9,両建て推奨,16.74,37.6,4,,,,,,,,,,,
2025-04-10,丸亀,5,4,石丸海渡,A1,50.00,4,◎,27.7075,23.3,100,70,0.1207,2.15,,,0,低,26,0,差0% ま0%,412 31,0,69.8,1.1596,0,0.05,0.25,0,0,0.0792,0.0125,0,,◎,A,◎,◎,0.5886,0.687,0.4313,0.2478,D,27,1,大荒れ。見送り推奨,0.5777,"{'is_target': False, 'verdict': '対象外', 'max_combo_prob': None, 'est_top_odds': None, 'circle_concentration': None, 'eligible_count': 0, 'bet_adj': 0, 'reason': '1号艇rel_win1 < 45%: 通常判定に委ねる', 'tenji_trigger': ''}",,,35.9,両建て推奨,16.74,37.6,4,,,,,,,,,,,
2025-04-10,丸亀,5,5,森作雄大,A2,44.09,5,▲,9.065,17.2,67,36.1,0.1226,2.3472,,,0,低,68,0,-,166 S6,0,81.5,1.296,0,0,0.0294,0.0294,0,0.0414,0.2966,0.1218,,△,B,○,○,0.4955,0.67,0.3438,0.2478,D,27,1,大荒れ。見送り推奨,0.5777,"{'is_target': False, 'verdict': '対象外', 'max_combo_prob': None, 'est_top_odds': None, 'circle_concentration': None, 'eligible_count': 0, 'bet_adj': 0, 'reason': '1号艇rel_win1 < 45%: 通常判定に委ねる', 'tenji_trigger': ''}",,,35.9,両建て推奨,16.74,37.6,4,,,,,,,,,,,
2025-04-10,丸亀,5,6,沖島広和,B1,19.66,6,,1.1023,0.4,48,13.7,0.1886,4.402,,,0,低,143,0,-,634 63,0,24.7,0.7622,,,,,,0.2615,0.0308,0.1769,,,E,△,,0.3222,0.637,,0.2478,D,27,1,大荒れ。見送り推奨,0.5777,"{'is_target': False, 'verdict': '対象外', 'max_combo_prob': None, 'est_top_odds': None, 'circle_concentration': None, 'eligible_count': 0, 'bet_adj': 0, 'reason': '1号艇rel_win1 < 45%: 通常判定に委ねる', 'tenji_trigger': ''}",,,35.9,両建て推奨,16.74,37.6,4,,,,,,,,,,,
2025-04-10,丸亀,6,1,佐藤大佑,A2,32.31,1,◎,54.9729,,0,81.8,0.1732,3.3864,,,0,低,121,0,逃1%,4 6555,0,76.9,0.8951,0.6667,,,,,0.0333,0.1333,0.0333,○,,D,△,,,0.59,,0.4345,S,89,0,◎1着固定 2-3着流し（5〜8点）,0.5777,"{'is_target': True, 'verdict': '参加推奨', 'max_combo_prob': 0.0513, 'est_top_odds': 26.0, 'circle_concentration': 64.0, 'eligible_count': 6, 'bet_adj': 2, 'reason': 'rel_win1=55.0%（本命度） / 最有力組み合わせ確率: 0.051（推定実オッズ?26倍） / 2着集中度: 上位2艇 64.0%（補正+0.00） / 総合判定確率: 0.051 / → ヒモ分散。1号艇1着固定で広めのヒモ流し推奨（買い目+2点）', 'tenji_trigger': '展示確認: ヒモ分散レース。1号艇伸び確認後、広めのヒモ流しを採用。穴ヒモ（5・6号艇）を積極的に含める。'}",,,32.7,逃げ狙い,17.31,27.8,4,,,,,0,0,0.6155,0,,逃げ軸流し,A
2025-04-10,丸亀,6,2,田添康介,B1,39.02,2,▲,8.9948,31.7,78,35.7,0.1517,3.6905,,,0,低,78,0,-,2 451,0,67.9,1.1153,0,0.05,0.05,0,0,0.375,0.375,0,,◎,B,,,0.5256,0.5535,,0.4345,S,89,0,◎1着固定 2-3着流し（5〜8点）,0.5777,"{'is_target': True, 'verdict': '参加推奨', 'max_combo_prob': 0.0513, 'est_top_odds': 26.0, 'circle_concentration': 64.0, 'eligible_count': 6, 'bet_adj': 2, 'reason': 'rel_win1=55.0%（本命度） / 最有力組み合わせ確率: 0.051（推定実オッズ?26倍） / 2着集中度: 上位2艇 64.0%（補正+0.00） / 総合判定確率: 0.051 / → ヒモ分散。1号艇1着固定で広めのヒモ流し推奨（買い目+2点）', 'tenji_trigger': '展示確認: ヒモ分散レース。1号艇伸び確認後、広めのヒモ流しを採用。穴ヒモ（5・6号艇）を積極的に含める。'}",,,32.7,逃げ狙い,17.31,27.8,4,,,,,,,,,,,
2025-04-10,丸亀,6,3,松竹大輔,A2,34.75,3,△,12.8534,27.3,89,55.4,0.1465,2.9769,,,0,低,112,0,-,5 5516,0,33.6,1.0185,0,0.0556,0,0.0556,0,0.0444,0.0889,0.2093,,△,C,○,,0.4247,0.6475,,0.4345,S,89,0,◎1着固定 2-3着流し（5〜8点）,0.5777,"{'is_target': True, 'verdict': '参加推奨', 'max_combo_prob': 0.0513, 'est_top_odds': 26.0, 'circle_concentration': 64.0, 'eligible_count': 6, 'bet_adj': 2, 'reason': 'rel_win1=55.0%（本命度） / 最有力組み合わせ確率: 0.051（推定実オッズ?26倍） / 2着集中度: 上位2艇 64.0%（補正+0.00） / 総合判定確率: 0.051 / → ヒモ分散。1号艇1着固定で広めのヒモ流し推奨（買い目+2点）', 'tenji_trigger': '展示確認: ヒモ分散レース。1号艇伸び確認後、広めのヒモ流しを採用。穴ヒモ（5・6号艇）を積極的に含める。'}",,,32.7,逃げ狙い,17.31,27.8,4,,,,,,,,,,,
2025-04-10,丸亀,6,4,白神　優,A1,39.06,4,○,14.6702,32.3,75,76.1,0.132,2.7609,,,0,低,56,0,-,251 12,0,66,1.083,0,0.0526,0.0526,0.0526,0.1053,0.0343,0.0457,0.0229,,○,B,◎,◎,0.454,0.6735,0.5048,0.4345,S,89,0,◎1着固定 2-3着流し（5〜8点）,0.5777,"{'is_target': True, 'verdict': '参加推奨', 'max_combo_prob': 0.0513, 'est_top_odds': 26.0, 'circle_concentration': 64.0, 'eligible_count': 6, 'bet_adj': 2, 'reason': 'rel_win1=55.0%（本命度） / 最有力組み合わせ確率: 0.051（推定実オッズ?26倍） / 2着集中度: 上位2艇 64.0%（補正+0.00） / 総合判定確率: 0.051 / → ヒモ分散。1号艇1着固定で広めのヒモ流し推奨（買い目+2点）', 'tenji_trigger': '展示確認: ヒモ分散レース。1号艇伸び確認後、広めのヒモ流しを採用。穴ヒモ（5・6号艇）を積極的に含める。'}",,,32.7,逃げ狙い,17.31,27.8,4,,,,,,,,,,,
2025-04-10,丸亀,6,5,森林　太,B1,34.68,5,,6.3124,5.3,100,30.3,0.2191,4.5833,,,0,低,204,0,-,261 55,0,60.7,1.2752,0,0,0,0.0385,0,0.0667,0.3556,0.1222,,,C,,,0.1359,0.555,,0.4345,S,89,0,◎1着固定 2-3着流し（5〜8点）,0.5777,"{'is_target': True, 'verdict': '参加推奨', 'max_combo_prob': 0.0513, 'est_top_odds': 26.0, 'circle_concentration': 64.0, 'eligible_count': 6, 'bet_adj': 2, 'reason': 'rel_win1=55.0%（本命度） / 最有力組み合わせ確率: 0.051（推定実オッズ?26倍） / 2着集中度: 上位2艇 64.0%（補正+0.00） / 総合判定確率: 0.051 / → ヒモ分散。1号艇1着固定で広めのヒモ流し推奨（買い目+2点）', 'tenji_trigger': '展示確認: ヒモ分散レース。1号艇伸び確認後、広めのヒモ流しを採用。穴ヒモ（5・6号艇）を積極的に含める。'}",,,32.7,逃げ狙い,17.31,27.8,4,,,,,,,,,,,
2025-04-10,丸亀,6,6,橋本　明,B1,31.54,6,,2.1962,3.4,79,20.4,0.1812,4.0816,,,0,低,124,0,-,124 44,0,30.1,0.9281,,,,,,0.3143,0.1762,0.0381,,,D,△,,0.2883,0.6215,,0.4345,S,89,0,◎1着固定 2-3着流し（5〜8点）,0.5777,"{'is_target': True, 'verdict': '参加推奨', 'max_combo_prob': 0.0513, 'est_top_odds': 26.0, 'circle_concentration': 64.0, 'eligible_count': 6, 'bet_adj': 2, 'reason': 'rel_win1=55.0%（本命度） / 最有力組み合わせ確率: 0.051（推定実オッズ?26倍） / 2着集中度: 上位2艇 64.0%（補正+0.00） / 総合判定確率: 0.051 / → ヒモ分散。1号艇1着固定で広めのヒモ流し推奨（買い目+2点）', 'tenji_trigger': '展示確認: ヒモ分散レース。1号艇伸び確認後、広めのヒモ流しを採用。穴ヒモ（5・6号艇）を積極的に含める。'}",,,32.7,逃げ狙い,17.31,27.8,4,,,,,,,,,,,
2025-04-10,丸亀,7,1,大谷健太,B1,30.71,1,◎,47.3705,,0,79.5,0.1613,3.4615,,,0,低,101,0,逃1%,6 313,0,87.4,1.1334,0.5714,,,,,0,0.0857,0.1286,○,,D,,,,0.605,,0.359,B,55,0,◎○△フォーメーション（15〜20点）,0.5777,"{'is_target': True, 'verdict': '参加推奨', 'max_combo_prob': 0.0675, 'est_top_odds': 19.8, 'circle_concentration': 76.6, 'eligible_count': 9, 'bet_adj': 2, 'reason': 'rel_win1=47.4%（本命度） / 最有力組み合わせ確率: 0.067（推定実オッズ?20倍） / 2着集中度: 上位2艇 76.6%（補正+0.04） / 総合判定確率: 0.107 / → ヒモ分散。1号艇1着固定で広めのヒモ流し推奨（買い目+2点）', 'tenji_trigger': '展示確認: ヒモ分散レース。1号艇伸び確認後、広めのヒモ流しを採用。穴ヒモ（5・6号艇）を積極的に含める。'}",,,27.4,両建て推奨,18.42,26.1,2,,,,,0,0,0.6155,0,,逃げ軸流し,A
2025-04-10,丸亀,7,2,北村征嗣,A1,38.13,2,○,25.3888,51.5,83,81,0.1493,3.5,,,0,低,114,0,差0% ま0% 抜0%,43112,0,79.4,1.4214,0,0.2727,0.0909,0,0.0455,0.0186,0.1742,0.0825,,◎,B,◎,,0.4795,0.656,,0.359,B,55,0,◎○△フォーメーション（15〜20点）,0.5777,"{'is_target': True, 'verdict': '参加推奨', 'max_combo_prob': 0.0675, 'est_top_odds': 19.8, 'circle_concentration': 76.6, 'eligible_count': 9, 'bet_adj': 2, 'reason': 'rel_win1=47.4%（本命度） / 最有力組み合わせ確率: 0.067（推定実オッズ?20倍） / 2着集中度: 上位2艇 76.6%（補正+0.04） / 総合判定確率: 0.107 / → ヒモ分散。1号艇1着固定で広めのヒモ流し推奨（買い目+2点）', 'tenji_trigger': '展示確認: ヒモ分散レース。1号艇伸び確認後、広めのヒモ流しを採用。穴ヒモ（5・6号艇）を積極的に含める。'}",,,27.4,両建て推奨,18.42,26.1,2,,,,,,,,,,,
2025-04-10,丸亀,7,3,尾崎雄二,A2,32.26,3,,7.0714,25,96,53.5,0.1583,3.3592,,,0,低,133,0,-,323541,0,34.3,0.94,0,0,0,0.0882,0,0.1667,0.1667,0.0556,,,D,○,,0.3052,0.6365,,0.359,B,55,0,◎○△フォーメーション（15〜20点）,0.5777,"{'is_target': True, 'verdict': '参加推奨', 'max_combo_prob': 0.0675, 'est_top_odds': 19.8, 'circle_concentration': 76.6, 'eligible_count': 9, 'bet_adj': 2, 'reason': 'rel_win1=47.4%（本命度） / 最有力組み合わせ確率: 0.067（推定実オッズ?20倍） / 2着集中度: 上位2艇 76.6%（補正+0.04） / 総合判定確率: 0.107 / → ヒモ分散。1号艇1着固定で広めのヒモ流し推奨（買い目+2点）', 'tenji_trigger': '展示確認: ヒモ分散レース。1号艇伸び確認後、広めのヒモ流しを採用。穴ヒモ（5・6号艇）を積極的に含める。'}",,,27.4,両建て推奨,18.42,26.1,2,,,,,,,,,,,
2025-04-10,丸亀,7,4,坂東　満,B1,35.82,4,▲,9.0209,9.2,100,37.8,0.1491,3.3222,,,0,低,95,0,ま0%,3 562,0,38,0.8845,0,0,0.0556,0,0,0.0706,0.2039,0.2039,,,C,△,,0.337,0.6315,,0.359,B,55,0,◎○△フォーメーション（15〜20点）,0.5777,"{'is_target': True, 'verdict': '参加推奨', 'max_combo_prob': 0.0675, 'est_top_odds': 19.8, 'circle_concentration': 76.6, 'eligible_count': 9, 'bet_adj': 2, 'reason': 'rel_win1=47.4%（本命度） / 最有力組み合わせ確率: 0.067（推定実オッズ?20倍） / 2着集中度: 上位2艇 76.6%（補正+0.04） / 総合判定確率: 0.107 / → ヒモ分散。1号艇1着固定で広めのヒモ流し推奨（買い目+2点）', 'tenji_trigger': '展示確認: ヒモ分散レース。1号艇伸び確認後、広めのヒモ流しを採用。穴ヒモ（5・6号艇）を積極的に含める。'}",,,27.4,両建て推奨,18.42,26.1,2,,,,,,,,,,,
2025-04-10,丸亀,7,5,藤丸光一,B1,26.52,5,,5.4605,9.4,79,50,0.1675,3.625,,,0,低,102,1,-,1 266,0,73.6,1.33,,,,,,0.2706,0.2941,0.1941,,,E,△,,0.293,0.6295,,0.359,B,55,0,◎○△フォーメーション（15〜20点）,0.5777,"{'is_target': True, 'verdict': '参加推奨', 'max_combo_prob': 0.0675, 'est_top_odds': 19.8, 'circle_concentration': 76.6, 'eligible_count': 9, 'bet_adj': 2, 'reason': 'rel_win1=47.4%（本命度） / 最有力組み合わせ確率: 0.067（推定実オッズ?20倍） / 2着集中度: 上位2艇 76.6%（補正+0.04） / 総合判定確率: 0.107 / → ヒモ分散。1号艇1着固定で広めのヒモ流し推奨（買い目+2点）', 'tenji_trigger': '展示確認: ヒモ分散レース。1号艇伸び確認後、広めのヒモ流しを採用。穴ヒモ（5・6号艇）を積極的に含める。'}",,,27.4,両建て推奨,18.42,26.1,2,,,,,,,,,,,
2025-04-10,丸亀,7,6,川原祐明,A2,49.58,6,△,5.6879,4.8,87,40.7,0.1822,4.037,,,0,低,110,0,-,243 12,0,28.2,0.7372,0,0,0,0.037,0,0.0276,0.1014,0.0138,,,A,,,0.2131,0.6185,,0.359,B,55,0,◎○△フォーメーション（15〜20点）,0.5777,"{'is_target': True, 'verdict': '参加推奨', 'max_combo_prob': 0.0675, 'est_top_odds': 19.8, 'circle_concentration': 76.6, 'eligible_count': 9, 'bet_adj': 2, 'reason': 'rel_win1=47.4%（本命度） / 最有力組み合わせ確率: 0.067（推定実オッズ?20倍） / 2着集中度: 上位2艇 76.6%（補正+0.04） / 総合判定確率: 0.107 / → ヒモ分散。1号艇1着固定で広めのヒモ流し推奨（買い目+2点）', 'tenji_trigger': '展示確認: ヒモ分散レース。1号艇伸び確認後、広めのヒモ流しを採用。穴ヒモ（5・6号艇）を積極的に含める。'}",,,27.4,両建て推奨,18.42,26.1,2,,,,,,,,,,,
2025-04-10,丸亀,8,1,中辻崇人,A1,24.62,1,◎,70.8368,,0,100,0.1393,3.0351,,,0,低,42,0,逃1%,22111,0,86.9,1.1062,0.7222,,,,,0.2667,0,0,◎,,E,◎,,,0.6505,,0.5986,S,92,0,◎1着固定 2-3着流し（5〜8点）,0.5777,"{'is_target': True, 'verdict': '参加推奨', 'max_combo_prob': 0.0836, 'est_top_odds': 15.9, 'circle_concentration': 62.6, 'eligible_count': 6, 'bet_adj': 2, 'reason': 'rel_win1=70.8%（本命度） / 最有力組み合わせ確率: 0.084（推定実オッズ?16倍） / 2着集中度: 上位2艇 62.6%（補正+0.00） / 総合判定確率: 0.084 / → ヒモ分散。1号艇1着固定で広めのヒモ流し推奨（買い目+2点）', 'tenji_trigger': '展示確認: ヒモ分散レース。1号艇伸び確認後、広めのヒモ流しを採用。穴ヒモ（5・6号艇）を積極的に含める。\n展示で1号艇スタート超安定(0.139秒)→ヒモ固まり方向に注意'}",,,26.4,逃げ狙い,11.7,28.8,2,,,,,0,0,0.7559,0,,逃げ軸流し,A
2025-04-10,丸亀,8,2,平石和男,A2,33.86,2,,10.9246,34.5,87,62.7,0.1977,4.5933,,,0,低,226,0,-,1 3634,0,22.4,0.7907,0,0.0645,0,0,0.0323,0.1058,0.1706,0.2354,,,C,△,,0.0635,0.6275,,0.5986,S,92,0,◎1着固定 2-3着流し（5〜8点）,0.5777,"{'is_target': True, 'verdict': '参加推奨', 'max_combo_prob': 0.0836, 'est_top_odds': 15.9, 'circle_concentration': 62.6, 'eligible_count': 6, 'bet_adj': 2, 'reason': 'rel_win1=70.8%（本命度） / 最有力組み合わせ確率: 0.084（推定実オッズ?16倍） / 2着集中度: 上位2艇 62.6%（補正+0.00） / 総合判定確率: 0.084 / → ヒモ分散。1号艇1着固定で広めのヒモ流し推奨（買い目+2点）', 'tenji_trigger': '展示確認: ヒモ分散レース。1号艇伸び確認後、広めのヒモ流しを採用。穴ヒモ（5・6号艇）を積極的に含める。\n展示で1号艇スタート超安定(0.139秒)→ヒモ固まり方向に注意'}",,,26.4,逃げ狙い,11.7,28.8,2,,,,,,,,,,,
2025-04-10,丸亀,8,3,岡本翔太,B1,28.68,3,△,5.3615,14.9,100,42.6,0.1278,2.5294,,,0,低,61,0,-,651 53,0,57,1.211,0,0.0357,0.0357,0.0357,0,0.19,0.08,0.19,,,D,△,,0.3441,0.6355,,0.5986,S,92,0,◎1着固定 2-3着流し（5〜8点）,0.5777,"{'is_target': True, 'verdict': '参加推奨', 'max_combo_prob': 0.0836, 'est_top_odds': 15.9, 'circle_concentration': 62.6, 'eligible_count': 6, 'bet_adj': 2, 'reason': 'rel_win1=70.8%（本命度） / 最有力組み合わせ確率: 0.084（推定実オッズ?16倍） / 2着集中度: 上位2艇 62.6%（補正+0.00） / 総合判定確率: 0.084 / → ヒモ分散。1号艇1着固定で広めのヒモ流し推奨（買い目+2点）', 'tenji_trigger': '展示確認: ヒモ分散レース。1号艇伸び確認後、広めのヒモ流しを採用。穴ヒモ（5・6号艇）を積極的に含める。\n展示で1号艇スタート超安定(0.139秒)→ヒモ固まり方向に注意'}",,,26.4,逃げ狙い,11.7,28.8,2,,,,,,,,,,,
2025-04-10,丸亀,8,4,別府昌樹,A2,45.97,4,○,7.8887,19.6,72,47.3,0.1498,3.2455,,,0,低,109,0,-,114145,0,51.3,0.8111,0,0.0526,0,0.0526,0.0526,0.125,0.125,0.0833,,,A,,◎,0.2471,0.586,0.3368,0.5986,S,92,0,◎1着固定 2-3着流し（5〜8点）,0.5777,"{'is_target': True, 'verdict': '参加推奨', 'max_combo_prob': 0.0836, 'est_top_odds': 15.9, 'circle_concentration': 62.6, 'eligible_count': 6, 'bet_adj': 2, 'reason': 'rel_win1=70.8%（本命度） / 最有力組み合わせ確率: 0.084（推定実オッズ?16倍） / 2着集中度: 上位2艇 62.6%（補正+0.00） / 総合判定確率: 0.084 / → ヒモ分散。1号艇1着固定で広めのヒモ流し推奨（買い目+2点）', 'tenji_trigger': '展示確認: ヒモ分散レース。1号艇伸び確認後、広めのヒモ流しを採用。穴ヒモ（5・6号艇）を積極的に含める。\n展示で1号艇スタート超安定(0.139秒)→ヒモ固まり方向に注意'}",,,26.4,逃げ狙い,11.7,28.8,2,,,,,,,,,,,
2025-04-10,丸亀,8,5,佐々木大,B1,41.73,5,▲,4.0416,28.2,63,50,0.1296,2.8214,,,0,低,74,0,-,6 461,0,86.6,1.4914,0,0,0,0.08,0,0,0.0364,0.2623,,,B,○,,0.324,0.637,,0.5986,S,92,0,◎1着固定 2-3着流し（5〜8点）,0.5777,"{'is_target': True, 'verdict': '参加推奨', 'max_combo_prob': 0.0836, 'est_top_odds': 15.9, 'circle_concentration': 62.6, 'eligible_count': 6, 'bet_adj': 2, 'reason': 'rel_win1=70.8%（本命度） / 最有力組み合わせ確率: 0.084（推定実オッズ?16倍） / 2着集中度: 上位2艇 62.6%（補正+0.00） / 総合判定確率: 0.084 / → ヒモ分散。1号艇1着固定で広めのヒモ流し推奨（買い目+2点）', 'tenji_trigger': '展示確認: ヒモ分散レース。1号艇伸び確認後、広めのヒモ流しを採用。穴ヒモ（5・6号艇）を積極的に含める。\n展示で1号艇スタート超安定(0.139秒)→ヒモ固まり方向に注意'}",,,26.4,逃げ狙い,11.7,28.8,2,,,,,,,,,,,
2025-04-10,丸亀,8,6,八木治樹,B1,29.84,6,,0.9468,2.9,57,24.3,0.1938,3.973,,,0,低,75,0,-,6 143,0,36.6,1.0636,,,,,,0.3,0.25,0.075,,,D,,,0.1391,0.603,,0.5986,S,92,0,◎1着固定 2-3着流し（5〜8点）,0.5777,"{'is_target': True, 'verdict': '参加推奨', 'max_combo_prob': 0.0836, 'est_top_odds': 15.9, 'circle_concentration': 62.6, 'eligible_count': 6, 'bet_adj': 2, 'reason': 'rel_win1=70.8%（本命度） / 最有力組み合わせ確率: 0.084（推定実オッズ?16倍） / 2着集中度: 上位2艇 62.6%（補正+0.00） / 総合判定確率: 0.084 / → ヒモ分散。1号艇1着固定で広めのヒモ流し推奨（買い目+2点）', 'tenji_trigger': '展示確認: ヒモ分散レース。1号艇伸び確認後、広めのヒモ流しを採用。穴ヒモ（5・6号艇）を積極的に含める。\n展示で1号艇スタート超安定(0.139秒)→ヒモ固まり方向に注意'}",,,26.4,逃げ狙い,11.7,28.8,2,,,,,,,,,,,
2025-04-10,丸亀,9,1,山田亮太,A2,41.13,1,◎,63.8346,,0,90.3,0.1658,2.9355,,,0,低,92,0,逃1%,433 11,0,88.9,1.1788,0.6538,,,,,0.1058,0.0308,0.0615,◎,,B,○,,,0.642,,0.5154,S,81,0,◎1着固定 2-3着流し（5〜8点）,0.5777,"{'is_target': True, 'verdict': '参加推奨', 'max_combo_prob': 0.0964, 'est_top_odds': 13.8, 'circle_concentration': 67.8, 'eligible_count': 6, 'bet_adj': 2, 'reason': 'rel_win1=63.8%（本命度） / 最有力組み合わせ確率: 0.096（推定実オッズ?14倍） / 2着集中度: 上位2艇 67.8%（補正+0.00） / 総合判定確率: 0.096 / → ヒモ分散。1号艇1着固定で広めのヒモ流し推奨（買い目+2点）', 'tenji_trigger': '展示確認: ヒモ分散レース。1号艇伸び確認後、広めのヒモ流しを採用。穴ヒモ（5・6号艇）を積極的に含める。'}",,,26,逃げ狙い,12.15,27.3,4,,,,,0,0,0.7559,0,,逃げ軸流し,A
2025-04-10,丸亀,9,2,竹本太樹,B2,34.88,2,△,7.4192,44.4,68,48.1,0.177,4.1111,,,0,低,79,0,差0%,5 631,0,24.7,0.8038,0,0.0526,0,0,0,0.0211,0.3053,0.2053,,,C,,,0.1985,0.5475,,0.5154,S,81,0,◎1着固定 2-3着流し（5〜8点）,0.5777,"{'is_target': True, 'verdict': '参加推奨', 'max_combo_prob': 0.0964, 'est_top_odds': 13.8, 'circle_concentration': 67.8, 'eligible_count': 6, 'bet_adj': 2, 'reason': 'rel_win1=63.8%（本命度） / 最有力組み合わせ確率: 0.096（推定実オッズ?14倍） / 2着集中度: 上位2艇 67.8%（補正+0.00） / 総合判定確率: 0.096 / → ヒモ分散。1号艇1着固定で広めのヒモ流し推奨（買い目+2点）', 'tenji_trigger': '展示確認: ヒモ分散レース。1号艇伸び確認後、広めのヒモ流しを採用。穴ヒモ（5・6号艇）を積極的に含める。'}",,,26,逃げ狙い,12.15,27.3,4,,,,,,,,,,,
2025-04-10,丸亀,9,3,亀本勇樹,B1,33.08,3,▲,6.658,19.1,61,31.9,0.1594,3.3617,,,0,低,75,0,-,5 564,0,38.5,0.9921,0,0,0.04,0,0,0.2083,0.05,0.125,,,C,,,0.3156,0.5815,,0.5154,S,81,0,◎1着固定 2-3着流し（5〜8点）,0.5777,"{'is_target': True, 'verdict': '参加推奨', 'max_combo_prob': 0.0964, 'est_top_odds': 13.8, 'circle_concentration': 67.8, 'eligible_count': 6, 'bet_adj': 2, 'reason': 'rel_win1=63.8%（本命度） / 最有力組み合わせ確率: 0.096（推定実オッズ?14倍） / 2着集中度: 上位2艇 67.8%（補正+0.00） / 総合判定確率: 0.096 / → ヒモ分散。1号艇1着固定で広めのヒモ流し推奨（買い目+2点）', 'tenji_trigger': '展示確認: ヒモ分散レース。1号艇伸び確認後、広めのヒモ流しを採用。穴ヒモ（5・6号艇）を積極的に含める。'}",,,26,逃げ狙い,12.15,27.3,4,,,,,,,,,,,
2025-04-10,丸亀,9,4,鈴木裕隆,A2,37.14,4,○,10.6067,23.4,100,54.2,0.169,3.3472,,,0,低,149,0,-,243226,0,42.1,0.8721,0,0.0625,0.0625,0.0938,0,0.2903,0.2274,0.0887,,,B,◎,◎,0.2908,0.661,0.3542,0.5154,S,81,0,◎1着固定 2-3着流し（5〜8点）,0.5777,"{'is_target': True, 'verdict': '参加推奨', 'max_combo_prob': 0.0964, 'est_top_odds': 13.8, 'circle_concentration': 67.8, 'eligible_count': 6, 'bet_adj': 2, 'reason': 'rel_win1=63.8%（本命度） / 最有力組み合わせ確率: 0.096（推定実オッズ?14倍） / 2着集中度: 上位2艇 67.8%（補正+0.00） / 総合判定確率: 0.096 / → ヒモ分散。1号艇1着固定で広めのヒモ流し推奨（買い目+2点）', 'tenji_trigger': '展示確認: ヒモ分散レース。1号艇伸び確認後、広めのヒモ流しを採用。穴ヒモ（5・6号艇）を積極的に含める。'}",,,26,逃げ狙い,12.15,27.3,4,,,,,,,,,,,
2025-04-10,丸亀,9,5,金子和之,A1,31.01,5,,8.6556,9.6,77,53.7,0.162,3.4537,,,0,低,99,0,-,333346,0,37.5,0.914,0,0,0.0909,0.0455,0.0455,0.0444,0.1778,0,,,D,△,○,0.3126,0.6185,0.3328,0.5154,S,81,0,◎1着固定 2-3着流し（5〜8点）,0.5777,"{'is_target': True, 'verdict': '参加推奨', 'max_combo_prob': 0.0964, 'est_top_odds': 13.8, 'circle_concentration': 67.8, 'eligible_count': 6, 'bet_adj': 2, 'reason': 'rel_win1=63.8%（本命度） / 最有力組み合わせ確率: 0.096（推定実オッズ?14倍） / 2着集中度: 上位2艇 67.8%（補正+0.00） / 総合判定確率: 0.096 / → ヒモ分散。1号艇1着固定で広めのヒモ流し推奨（買い目+2点）', 'tenji_trigger': '展示確認: ヒモ分散レース。1号艇伸び確認後、広めのヒモ流しを採用。穴ヒモ（5・6号艇）を積極的に含める。'}",,,26,逃げ狙い,12.15,27.3,4,,,,,,,,,,,
2025-04-10,丸亀,9,6,田中宏樹,B1,31.78,6,,2.8259,3.5,56,29.5,0.1866,3.6818,,,0,低,128,0,-,4 126,0,57.6,1.2144,,,,,,0.2,0.02,0.18,,,D,△,,0.2452,0.6195,,0.5154,S,81,0,◎1着固定 2-3着流し（5〜8点）,0.5777,"{'is_target': True, 'verdict': '参加推奨', 'max_combo_prob': 0.0964, 'est_top_odds': 13.8, 'circle_concentration': 67.8, 'eligible_count': 6, 'bet_adj': 2, 'reason': 'rel_win1=63.8%（本命度） / 最有力組み合わせ確率: 0.096（推定実オッズ?14倍） / 2着集中度: 上位2艇 67.8%（補正+0.00） / 総合判定確率: 0.096 / → ヒモ分散。1号艇1着固定で広めのヒモ流し推奨（買い目+2点）', 'tenji_trigger': '展示確認: ヒモ分散レース。1号艇伸び確認後、広めのヒモ流しを採用。穴ヒモ（5・6号艇）を積極的に含める。'}",,,26,逃げ狙い,12.15,27.3,4,,,,,,,,,,,
2025-04-10,丸亀,10,1,林　祐介,A2,28.06,1,◎,56.4176,,0,82.3,0.1465,3.0968,,,0,低,103,0,逃0%,6 4454,0,71.4,1.0851,0.5385,,,,,0.0154,0.1615,0.2923,◎,,D,△,,,0.6605,,0.4936,A,69,0,◎-○軸 3着3〜4艇流し（10〜15点）,0.5777,"{'is_target': True, 'verdict': '参加推奨', 'max_combo_prob': 0.0959, 'est_top_odds': 13.9, 'circle_concentration': 68.1, 'eligible_count': 8, 'bet_adj': 2, 'reason': 'rel_win1=56.4%（本命度） / 最有力組み合わせ確率: 0.096（推定実オッズ?14倍） / 2着集中度: 上位2艇 68.1%（補正+0.00） / 総合判定確率: 0.096 / → ヒモ分散。1号艇1着固定で広めのヒモ流し推奨（買い目+2点）', 'tenji_trigger': '展示確認: ヒモ分散レース。1号艇伸び確認後、広めのヒモ流しを採用。穴ヒモ（5・6号艇）を積極的に含める。'}",,,29.6,逃げ狙い,22.27,29.1,3,,,,,0,0,0.7559,0,,逃げ軸流し,A
2025-04-10,丸亀,10,2,吉岡　誠,B1,26.72,2,,9.3504,15.9,64,30.2,0.1763,3.5349,,,0,低,74,0,-,6 253,0,77.3,1.6333,0,0.05,0,0,0,0.2727,0.0909,0.1818,,,D,,,0.0622,0.573,,0.4936,A,69,0,◎-○軸 3着3〜4艇流し（10〜15点）,0.5777,"{'is_target': True, 'verdict': '参加推奨', 'max_combo_prob': 0.0959, 'est_top_odds': 13.9, 'circle_concentration': 68.1, 'eligible_count': 8, 'bet_adj': 2, 'reason': 'rel_win1=56.4%（本命度） / 最有力組み合わせ確率: 0.096（推定実オッズ?14倍） / 2着集中度: 上位2艇 68.1%（補正+0.00） / 総合判定確率: 0.096 / → ヒモ分散。1号艇1着固定で広めのヒモ流し推奨（買い目+2点）', 'tenji_trigger': '展示確認: ヒモ分散レース。1号艇伸び確認後、広めのヒモ流しを採用。穴ヒモ（5・6号艇）を積極的に含める。'}",,,29.6,逃げ狙い,22.27,29.1,3,,,,,,,,,,,
2025-04-10,丸亀,10,3,下條雄太,A1,34.13,3,○,17.8918,52.2,72,86.5,0.137,2.7162,,,0,低,44,0,-,442525,0,43.5,1.0948,,,,,,0.019,0.169,0.0381,,◎,C,◎,,0.3759,0.662,,0.4936,A,69,0,◎-○軸 3着3〜4艇流し（10〜15点）,0.5777,"{'is_target': True, 'verdict': '参加推奨', 'max_combo_prob': 0.0959, 'est_top_odds': 13.9, 'circle_concentration': 68.1, 'eligible_count': 8, 'bet_adj': 2, 'reason': 'rel_win1=56.4%（本命度） / 最有力組み合わせ確率: 0.096（推定実オッズ?14倍） / 2着集中度: 上位2艇 68.1%（補正+0.00） / 総合判定確率: 0.096 / → ヒモ分散。1号艇1着固定で広めのヒモ流し推奨（買い目+2点）', 'tenji_trigger': '展示確認: ヒモ分散レース。1号艇伸び確認後、広めのヒモ流しを採用。穴ヒモ（5・6号艇）を積極的に含める。'}",,,29.6,逃げ狙い,22.27,29.1,3,,,,,,,,,,,
2025-04-10,丸亀,10,4,松竹大輔,A2,34.75,4,▲,10.9958,13.5,100,46.5,0.1501,3.2606,,,0,低,112,0,-,5 5516,0,100,3.6623,0,0.0645,0.0968,0.0323,0,0.0444,0.0889,0.2093,,,B,△,◎,0.3101,0.6475,0.2967,0.4936,A,69,0,◎-○軸 3着3〜4艇流し（10〜15点）,0.5777,"{'is_target': True, 'verdict': '参加推奨', 'max_combo_prob': 0.0959, 'est_top_odds': 13.9, 'circle_concentration': 68.1, 'eligible_count': 8, 'bet_adj': 2, 'reason': 'rel_win1=56.4%（本命度） / 最有力組み合わせ確率: 0.096（推定実オッズ?14倍） / 2着集中度: 上位2艇 68.1%（補正+0.00） / 総合判定確率: 0.096 / → ヒモ分散。1号艇1着固定で広めのヒモ流し推奨（買い目+2点）', 'tenji_trigger': '展示確認: ヒモ分散レース。1号艇伸び確認後、広めのヒモ流しを採用。穴ヒモ（5・6号艇）を積極的に含める。'}",,,29.6,逃げ狙い,22.27,29.1,3,,,,,,,,,,,
2025-04-10,丸亀,10,5,中里昌志,B1,43.61,5,△,3.9198,10.8,71,33.3,0.1597,3.2051,,,0,低,140,0,-,6 222,0,41.6,0.9269,,,,,,0.3162,0.2152,0.1962,,,A,,,0.2935,0.604,,0.4936,A,69,0,◎-○軸 3着3〜4艇流し（10〜15点）,0.5777,"{'is_target': True, 'verdict': '参加推奨', 'max_combo_prob': 0.0959, 'est_top_odds': 13.9, 'circle_concentration': 68.1, 'eligible_count': 8, 'bet_adj': 2, 'reason': 'rel_win1=56.4%（本命度） / 最有力組み合わせ確率: 0.096（推定実オッズ?14倍） / 2着集中度: 上位2艇 68.1%（補正+0.00） / 総合判定確率: 0.096 / → ヒモ分散。1号艇1着固定で広めのヒモ流し推奨（買い目+2点）', 'tenji_trigger': '展示確認: ヒモ分散レース。1号艇伸び確認後、広めのヒモ流しを採用。穴ヒモ（5・6号艇）を積極的に含める。'}",,,29.6,逃げ狙い,22.27,29.1,3,,,,,,,,,,,
2025-04-10,丸亀,10,6,山田雄太,A1,24.37,6,,1.4246,7.6,72,39.1,0.1437,3.1328,,,0,低,64,0,差ま0%,F63 3,0,29.7,0.6069,0,0,0,0.0333,0,0.016,0.2,0.048,,,E,○,,0.3118,0.6615,,0.4936,A,69,0,◎-○軸 3着3〜4艇流し（10〜15点）,0.5777,"{'is_target': True, 'verdict': '参加推奨', 'max_combo_prob': 0.0959, 'est_top_odds': 13.9, 'circle_concentration': 68.1, 'eligible_count': 8, 'bet_adj': 2, 'reason': 'rel_win1=56.4%（本命度） / 最有力組み合わせ確率: 0.096（推定実オッズ?14倍） / 2着集中度: 上位2艇 68.1%（補正+0.00） / 総合判定確率: 0.096 / → ヒモ分散。1号艇1着固定で広めのヒモ流し推奨（買い目+2点）', 'tenji_trigger': '展示確認: ヒモ分散レース。1号艇伸び確認後、広めのヒモ流しを採用。穴ヒモ（5・6号艇）を積極的に含める。'}",,,29.6,逃げ狙い,22.27,29.1,3,,,,,,,,,,,
2025-04-10,丸亀,11,1,北村征嗣,A1,38.13,1,◎,59.5214,,0,92.3,0.1377,2.8365,,,0,低,114,0,逃1%,43112,0,65.3,1.0018,0.6744,,,,,0.0186,0.1742,0.0825,◎,,C,△,,,0.656,,0.5717,S,87,0,◎1着固定 2-3着流し（5〜8点）,0.5777,"{'is_target': True, 'verdict': '点数絞り', 'max_combo_prob': 0.1279, 'est_top_odds': 10.4, 'circle_concentration': 71.9, 'eligible_count': 6, 'bet_adj': 0, 'reason': 'rel_win1=59.5%（本命度） / 最有力組み合わせ確率: 0.128（推定実オッズ?10倍） / 2着集中度: 上位2艇 71.9%（補正+0.04） / 総合判定確率: 0.168 / → ヒモはやや固め。上位2艇以外を切ること', 'tenji_trigger': '展示確認: 1号艇伸び良→そのまま採用。悪→飛び組に差し替え。circle_pct上位2艇に絞り込むこと。\n展示で1号艇スタート超安定(0.138秒)→ヒモ固まり方向に注意'}",,,29.3,逃げ狙い,23.7,26.8,2,,,,,0,0,0.7559,0,,逃げ軸流し,A
2025-04-10,丸亀,11,2,村松修二,A2,35.20,2,▲,16.6279,50.3,64,78.6,0.1371,2.8333,,,0,低,81,0,ま0%,21121,0,60.7,1.2864,0,0,0.1875,0,0,0.0308,0.0308,0.3341,,○,C,△,,0.3372,0.596,,0.5717,S,87,0,◎1着固定 2-3着流し（5〜8点）,0.5777,"{'is_target': True, 'verdict': '点数絞り', 'max_combo_prob': 0.1279, 'est_top_odds': 10.4, 'circle_concentration': 71.9, 'eligible_count': 6, 'bet_adj': 0, 'reason': 'rel_win1=59.5%（本命度） / 最有力組み合わせ確率: 0.128（推定実オッズ?10倍） / 2着集中度: 上位2艇 71.9%（補正+0.04） / 総合判定確率: 0.168 / → ヒモはやや固め。上位2艇以外を切ること', 'tenji_trigger': '展示確認: 1号艇伸び良→そのまま採用。悪→飛び組に差し替え。circle_pct上位2艇に絞り込むこと。\n展示で1号艇スタート超安定(0.138秒)→ヒモ固まり方向に注意'}",,,29.3,逃げ狙い,23.7,26.8,2,,,,,,,,,,,
2025-04-10,丸亀,11,3,佐藤大佑,A2,32.31,3,,13.5838,21.6,53,67.2,0.1503,3.0517,,,0,低,121,0,-,4 6555,0,96.7,2.0269,0,0,0.2692,0.0385,0.0385,0.0333,0.1333,0.0333,,,D,,,0.294,0.59,,0.5717,S,87,0,◎1着固定 2-3着流し（5〜8点）,0.5777,"{'is_target': True, 'verdict': '点数絞り', 'max_combo_prob': 0.1279, 'est_top_odds': 10.4, 'circle_concentration': 71.9, 'eligible_count': 6, 'bet_adj': 0, 'reason': 'rel_win1=59.5%（本命度） / 最有力組み合わせ確率: 0.128（推定実オッズ?10倍） / 2着集中度: 上位2艇 71.9%（補正+0.04） / 総合判定確率: 0.168 / → ヒモはやや固め。上位2艇以外を切ること', 'tenji_trigger': '展示確認: 1号艇伸び良→そのまま採用。悪→飛び組に差し替え。circle_pct上位2艇に絞り込むこと。\n展示で1号艇スタート超安定(0.138秒)→ヒモ固まり方向に注意'}",,,29.3,逃げ狙い,23.7,26.8,2,,,,,,,,,,,
2025-04-10,丸亀,11,4,岩津徹郎,B1,44.62,4,△,4.4977,9.6,100,51.1,0.1674,3.4681,,,0,低,117,0,-,2 543,0,24.4,0.6879,,,,,,0.0706,0.0941,0.2706,,,B,,,0.2168,0.574,,0.5717,S,87,0,◎1着固定 2-3着流し（5〜8点）,0.5777,"{'is_target': True, 'verdict': '点数絞り', 'max_combo_prob': 0.1279, 'est_top_odds': 10.4, 'circle_concentration': 71.9, 'eligible_count': 6, 'bet_adj': 0, 'reason': 'rel_win1=59.5%（本命度） / 最有力組み合わせ確率: 0.128（推定実オッズ?10倍） / 2着集中度: 上位2艇 71.9%（補正+0.04） / 総合判定確率: 0.168 / → ヒモはやや固め。上位2艇以外を切ること', 'tenji_trigger': '展示確認: 1号艇伸び良→そのまま採用。悪→飛び組に差し替え。circle_pct上位2艇に絞り込むこと。\n展示で1号艇スタート超安定(0.138秒)→ヒモ固まり方向に注意'}",,,29.3,逃げ狙い,23.7,26.8,2,,,,,,,,,,,
2025-04-10,丸亀,11,5,大場　敏,A2,27.78,5,,2.8655,8.5,44,38.6,0.1639,3.6754,,,0,低,93,0,差ま0%,31525,0,49.4,1.0738,0,0,0,0.04,0,0.0933,0.1756,0.0111,,,E,◎,,0.2228,0.7095,,0.5717,S,87,0,◎1着固定 2-3着流し（5〜8点）,0.5777,"{'is_target': True, 'verdict': '点数絞り', 'max_combo_prob': 0.1279, 'est_top_odds': 10.4, 'circle_concentration': 71.9, 'eligible_count': 6, 'bet_adj': 0, 'reason': 'rel_win1=59.5%（本命度） / 最有力組み合わせ確率: 0.128（推定実オッズ?10倍） / 2着集中度: 上位2艇 71.9%（補正+0.04） / 総合判定確率: 0.168 / → ヒモはやや固め。上位2艇以外を切ること', 'tenji_trigger': '展示確認: 1号艇伸び良→そのまま採用。悪→飛び組に差し替え。circle_pct上位2艇に絞り込むこと。\n展示で1号艇スタート超安定(0.138秒)→ヒモ固まり方向に注意'}",,,29.3,逃げ狙い,23.7,26.8,2,,,,,,,,,,,
2025-04-10,丸亀,11,6,石丸海渡,A1,50.00,6,○,2.9037,10,37,34.1,0.1325,2.9432,,,0,低,26,0,-,412 31,0,46,1.0903,,,,,,0.0792,0.0125,0,,,A,○,,0.3564,0.687,,0.5717,S,87,0,◎1着固定 2-3着流し（5〜8点）,0.5777,"{'is_target': True, 'verdict': '点数絞り', 'max_combo_prob': 0.1279, 'est_top_odds': 10.4, 'circle_concentration': 71.9, 'eligible_count': 6, 'bet_adj': 0, 'reason': 'rel_win1=59.5%（本命度） / 最有力組み合わせ確率: 0.128（推定実オッズ?10倍） / 2着集中度: 上位2艇 71.9%（補正+0.04） / 総合判定確率: 0.168 / → ヒモはやや固め。上位2艇以外を切ること', 'tenji_trigger': '展示確認: 1号艇伸び良→そのまま採用。悪→飛び組に差し替え。circle_pct上位2艇に絞り込むこと。\n展示で1号艇スタート超安定(0.138秒)→ヒモ固まり方向に注意'}",,,29.3,逃げ狙い,23.7,26.8,2,,,,,,,,,,,
2025-04-10,丸亀,12,1,白神　優,A1,39.06,1,◎,57.776,,0,98.8,0.135,2.3875,,,0,低,56,0,-,251 12,0,84.8,1.0529,0.7143,,,,,0.0343,0.0457,0.0229,◎,,C,◎,,,0.6735,,0.6083,S,100,0,◎1着固定 2-3着流し（5〜8点）,0.5777,"{'is_target': True, 'verdict': '参加推奨', 'max_combo_prob': 0.0657, 'est_top_odds': 20.3, 'circle_concentration': 63.6, 'eligible_count': 6, 'bet_adj': 2, 'reason': 'rel_win1=57.8%（本命度） / 最有力組み合わせ確率: 0.066（推定実オッズ?20倍） / 2着集中度: 上位2艇 63.6%（補正+0.00） / 総合判定確率: 0.066 / → ヒモ分散。1号艇1着固定で広めのヒモ流し推奨（買い目+2点）', 'tenji_trigger': '展示確認: ヒモ分散レース。1号艇伸び確認後、広めのヒモ流しを採用。穴ヒモ（5・6号艇）を積極的に含める。\n展示で1号艇スタート超安定(0.135秒)→ヒモ固まり方向に注意'}",,,28.5,逃げ狙い,25.37,23.2,5,,,,,0,0,0.7559,0,,逃げ軸流し,A
2025-04-10,丸亀,12,2,森作雄大,A2,44.09,2,○,10.658,26.7,100,59.7,0.1283,2.3819,,,0,低,68,0,差0% ま0% 抜0%,166 S6,0,46.4,0.9652,0,0.0667,0.0667,0,0.0333,0.0414,0.2966,0.1218,,○,B,○,,0.3871,0.67,,0.6083,S,100,0,◎1着固定 2-3着流し（5〜8点）,0.5777,"{'is_target': True, 'verdict': '参加推奨', 'max_combo_prob': 0.0657, 'est_top_odds': 20.3, 'circle_concentration': 63.6, 'eligible_count': 6, 'bet_adj': 2, 'reason': 'rel_win1=57.8%（本命度） / 最有力組み合わせ確率: 0.066（推定実オッズ?20倍） / 2着集中度: 上位2艇 63.6%（補正+0.00） / 総合判定確率: 0.066 / → ヒモ分散。1号艇1着固定で広めのヒモ流し推奨（買い目+2点）', 'tenji_trigger': '展示確認: ヒモ分散レース。1号艇伸び確認後、広めのヒモ流しを採用。穴ヒモ（5・6号艇）を積極的に含める。\n展示で1号艇スタート超安定(0.135秒)→ヒモ固まり方向に注意'}",,,28.5,逃げ狙い,25.37,23.2,5,,,,,,,,,,,
2025-04-10,丸亀,12,3,川原祐明,A2,49.58,3,▲,12.8925,36.8,72,74,0.153,3.17,,,0,低,110,0,差ま0%,243 12,0,60,0.8775,0,0,0,0.2593,0,0.0276,0.1014,0.0138,,,A,,,0.2635,0.6185,,0.6083,S,100,0,◎1着固定 2-3着流し（5〜8点）,0.5777,"{'is_target': True, 'verdict': '参加推奨', 'max_combo_prob': 0.0657, 'est_top_odds': 20.3, 'circle_concentration': 63.6, 'eligible_count': 6, 'bet_adj': 2, 'reason': 'rel_win1=57.8%（本命度） / 最有力組み合わせ確率: 0.066（推定実オッズ?20倍） / 2着集中度: 上位2艇 63.6%（補正+0.00） / 総合判定確率: 0.066 / → ヒモ分散。1号艇1着固定で広めのヒモ流し推奨（買い目+2点）', 'tenji_trigger': '展示確認: ヒモ分散レース。1号艇伸び確認後、広めのヒモ流しを採用。穴ヒモ（5・6号艇）を積極的に含める。\n展示で1号艇スタート超安定(0.135秒)→ヒモ固まり方向に注意'}",,,28.5,逃げ狙い,25.37,23.2,5,,,,,,,,,,,
2025-04-10,丸亀,12,4,南野利騰,B2,26.92,4,,4.8508,10.8,79,28,0.1544,3.48,,,0,低,99,0,差0% 差ま0%,3 543,0,22.9,0.6351,0,0.0417,0,0.0417,0,0.3924,0.2971,0.0762,,,D,,,0.2087,0.616,,0.6083,S,100,0,◎1着固定 2-3着流し（5〜8点）,0.5777,"{'is_target': True, 'verdict': '参加推奨', 'max_combo_prob': 0.0657, 'est_top_odds': 20.3, 'circle_concentration': 63.6, 'eligible_count': 6, 'bet_adj': 2, 'reason': 'rel_win1=57.8%（本命度） / 最有力組み合わせ確率: 0.066（推定実オッズ?20倍） / 2着集中度: 上位2艇 63.6%（補正+0.00） / 総合判定確率: 0.066 / → ヒモ分散。1号艇1着固定で広めのヒモ流し推奨（買い目+2点）', 'tenji_trigger': '展示確認: ヒモ分散レース。1号艇伸び確認後、広めのヒモ流しを採用。穴ヒモ（5・6号艇）を積極的に含める。\n展示で1号艇スタート超安定(0.135秒)→ヒモ固まり方向に注意'}",,,28.5,逃げ狙い,25.37,23.2,5,,,,,,,,,,,
2025-04-10,丸亀,12,5,中辻崇人,A1,24.62,5,△,11.2539,23.4,85,82,0.1264,2.6026,,,0,低,42,0,差ま1%,22111,0,80.3,1.3567,0,0,0.3333,0.0667,0,0.2667,0,0,,◎,E,△,◎,0.4122,0.6505,0.4975,0.6083,S,100,0,◎1着固定 2-3着流し（5〜8点）,0.5777,"{'is_target': True, 'verdict': '参加推奨', 'max_combo_prob': 0.0657, 'est_top_odds': 20.3, 'circle_concentration': 63.6, 'eligible_count': 6, 'bet_adj': 2, 'reason': 'rel_win1=57.8%（本命度） / 最有力組み合わせ確率: 0.066（推定実オッズ?20倍） / 2着集中度: 上位2艇 63.6%（補正+0.00） / 総合判定確率: 0.066 / → ヒモ分散。1号艇1着固定で広めのヒモ流し推奨（買い目+2点）', 'tenji_trigger': '展示確認: ヒモ分散レース。1号艇伸び確認後、広めのヒモ流しを採用。穴ヒモ（5・6号艇）を積極的に含める。\n展示で1号艇スタート超安定(0.135秒)→ヒモ固まり方向に注意'}",,,28.5,逃げ狙い,25.37,23.2,5,,,,,,,,,,,
2025-04-10,丸亀,12,6,山下和彦,A1,31.54,6,,2.5689,2.2,60,28.3,0.2008,4.4434,,,0,低,134,0,-,5 2352,0,34.2,1.2136,,,,,,0.0375,0.0625,0.1732,,,D,△,,0.1338,0.6275,,0.6083,S,100,0,◎1着固定 2-3着流し（5〜8点）,0.5777,"{'is_target': True, 'verdict': '参加推奨', 'max_combo_prob': 0.0657, 'est_top_odds': 20.3, 'circle_concentration': 63.6, 'eligible_count': 6, 'bet_adj': 2, 'reason': 'rel_win1=57.8%（本命度） / 最有力組み合わせ確率: 0.066（推定実オッズ?20倍） / 2着集中度: 上位2艇 63.6%（補正+0.00） / 総合判定確率: 0.066 / → ヒモ分散。1号艇1着固定で広めのヒモ流し推奨（買い目+2点）', 'tenji_trigger': '展示確認: ヒモ分散レース。1号艇伸び確認後、広めのヒモ流しを採用。穴ヒモ（5・6号艇）を積極的に含める。\n展示で1号艇スタート超安定(0.135秒)→ヒモ固まり方向に注意'}",,,28.5,逃げ狙い,25.37,23.2,5,,,,,,,,,,,
2025-04-11,丸亀,1,1,井上大輔,B1,27.73,1,◎,63.9789,,0,90.7,0.1467,2.8704,,,0,低,121,0,逃1%,156 26,0,68.3,1.0024,0.5,,,,,0.22,0.14,0.06,◎,,C,△,,,0.6275,,0.5399,S,85,0,◎1着固定 2-3着流し（5〜8点）,0.5777,"{'is_target': True, 'verdict': '点数絞り', 'max_combo_prob': 0.084, 'est_top_odds': 15.9, 'circle_concentration': 70.3, 'eligible_count': 6, 'bet_adj': 0, 'reason': 'rel_win1=64.0%（本命度） / 最有力組み合わせ確率: 0.084（推定実オッズ?16倍） / 2着集中度: 上位2艇 70.3%（補正+0.04） / 総合判定確率: 0.124 / → ヒモはやや固め。上位2艇以外を切ること', 'tenji_trigger': '展示確認: 1号艇伸び良→そのまま採用。悪→飛び組に差し替え。circle_pct上位2艇に絞り込むこと。'}",,,28.2,逃げ狙い,14.07,31.9,2,,,,,0,0,0.7559,0,,逃げ軸流し,A
2025-04-11,丸亀,1,2,平石和男,A2,33.86,2,○,15.8557,46.2,84,62.7,0.1977,4.5933,,,0,低,226,0,-,1 3634,0,49.1,0.8293,0,0.0645,0,0,0.0323,0.1058,0.1706,0.2354,,,B,△,,0.0965,0.6275,,0.5399,S,85,0,◎1着固定 2-3着流し（5〜8点）,0.5777,"{'is_target': True, 'verdict': '点数絞り', 'max_combo_prob': 0.084, 'est_top_odds': 15.9, 'circle_concentration': 70.3, 'eligible_count': 6, 'bet_adj': 0, 'reason': 'rel_win1=64.0%（本命度） / 最有力組み合わせ確率: 0.084（推定実オッズ?16倍） / 2着集中度: 上位2艇 70.3%（補正+0.04） / 総合判定確率: 0.124 / → ヒモはやや固め。上位2艇以外を切ること', 'tenji_trigger': '展示確認: 1号艇伸び良→そのまま採用。悪→飛び組に差し替え。circle_pct上位2艇に絞り込むこと。'}",,,28.2,逃げ狙い,14.07,31.9,2,,,,,,,,,,,
2025-04-11,丸亀,1,3,吉岡　誠,B1,26.72,3,,7.1205,18.5,87,39.2,0.1476,3.0686,,,0,低,74,0,-,6 253,0,93.5,1.9029,,,,,,0.2727,0.0909,0.1818,,,D,,,0.3336,0.573,,0.5399,S,85,0,◎1着固定 2-3着流し（5〜8点）,0.5777,"{'is_target': True, 'verdict': '点数絞り', 'max_combo_prob': 0.084, 'est_top_odds': 15.9, 'circle_concentration': 70.3, 'eligible_count': 6, 'bet_adj': 0, 'reason': 'rel_win1=64.0%（本命度） / 最有力組み合わせ確率: 0.084（推定実オッズ?16倍） / 2着集中度: 上位2艇 70.3%（補正+0.04） / 総合判定確率: 0.124 / → ヒモはやや固め。上位2艇以外を切ること', 'tenji_trigger': '展示確認: 1号艇伸び良→そのまま採用。悪→飛び組に差し替え。circle_pct上位2艇に絞り込むこと。'}",,,28.2,逃げ狙い,14.07,31.9,2,,,,,,,,,,,
2025-04-11,丸亀,1,4,尾崎雄二,A2,32.26,4,▲,7.9823,24.1,100,49.2,0.1669,3.5902,,,0,低,133,0,-,323541,0,60.5,1.2285,0,0.0345,0,0,0,0.1667,0.1667,0.0556,,,B,○,,0.22,0.6365,,0.5399,S,85,0,◎1着固定 2-3着流し（5〜8点）,0.5777,"{'is_target': True, 'verdict': '点数絞り', 'max_combo_prob': 0.084, 'est_top_odds': 15.9, 'circle_concentration': 70.3, 'eligible_count': 6, 'bet_adj': 0, 'reason': 'rel_win1=64.0%（本命度） / 最有力組み合わせ確率: 0.084（推定実オッズ?16倍） / 2着集中度: 上位2艇 70.3%（補正+0.04） / 総合判定確率: 0.124 / → ヒモはやや固め。上位2艇以外を切ること', 'tenji_trigger': '展示確認: 1号艇伸び良→そのまま採用。悪→飛び組に差し替え。circle_pct上位2艇に絞り込むこと。'}",,,28.2,逃げ狙い,14.07,31.9,2,,,,,,,,,,,
2025-04-11,丸亀,1,5,沖島広和,B1,19.66,5,,3.7738,7.2,86,34.4,0.1908,4.3361,,,0,低,143,0,-,634 63,0,27.3,1.0845,0,0,0,0.0357,0,0.2615,0.0308,0.1769,,,E,◎,,0.1637,0.637,,0.5399,S,85,0,◎1着固定 2-3着流し（5〜8点）,0.5777,"{'is_target': True, 'verdict': '点数絞り', 'max_combo_prob': 0.084, 'est_top_odds': 15.9, 'circle_concentration': 70.3, 'eligible_count': 6, 'bet_adj': 0, 'reason': 'rel_win1=64.0%（本命度） / 最有力組み合わせ確率: 0.084（推定実オッズ?16倍） / 2着集中度: 上位2艇 70.3%（補正+0.04） / 総合判定確率: 0.124 / → ヒモはやや固め。上位2艇以外を切ること', 'tenji_trigger': '展示確認: 1号艇伸び良→そのまま採用。悪→飛び組に差し替え。circle_pct上位2艇に絞り込むこと。'}",,,28.2,逃げ狙い,14.07,31.9,2,,,,,,,,,,,
2025-04-11,丸亀,1,6,大谷健太,B1,30.71,6,△,1.2889,4,79,32.6,0.1551,3.6047,,,0,低,101,0,-,6 313,0,32.9,0.8269,,,,,,0,0.0857,0.1286,,,C,△,,0.3082,0.605,,0.5399,S,85,0,◎1着固定 2-3着流し（5〜8点）,0.5777,"{'is_target': True, 'verdict': '点数絞り', 'max_combo_prob': 0.084, 'est_top_odds': 15.9, 'circle_concentration': 70.3, 'eligible_count': 6, 'bet_adj': 0, 'reason': 'rel_win1=64.0%（本命度） / 最有力組み合わせ確率: 0.084（推定実オッズ?16倍） / 2着集中度: 上位2艇 70.3%（補正+0.04） / 総合判定確率: 0.124 / → ヒモはやや固め。上位2艇以外を切ること', 'tenji_trigger': '展示確認: 1号艇伸び良→そのまま採用。悪→飛び組に差し替え。circle_pct上位2艇に絞り込むこと。'}",,,28.2,逃げ狙い,14.07,31.9,2,,,,,,,,,,,
2025-04-11,丸亀,2,1,藤丸光一,B1,26.52,1,◎,48.1478,,0,73.9,0.1778,3.7609,,,0,低,102,0,-,1 266,0,40.5,0.8037,0.2941,,,,,0.2706,0.2941,0.1941,△,,E,△,,,0.6295,,0.2985,A,62,0,◎-○軸 3着3〜4艇流し（10〜15点）,0.5777,"{'is_target': True, 'verdict': '参加推奨', 'max_combo_prob': 0.0615, 'est_top_odds': 21.7, 'circle_concentration': 62.1, 'eligible_count': 8, 'bet_adj': 2, 'reason': 'rel_win1=48.1%（本命度） / 最有力組み合わせ確率: 0.061（推定実オッズ?22倍） / 2着集中度: 上位2艇 62.1%（補正+0.00） / 総合判定確率: 0.061 / → ヒモ分散。1号艇1着固定で広めのヒモ流し推奨（買い目+2点）', 'tenji_trigger': '展示確認: ヒモ分散レース。1号艇伸び確認後、広めのヒモ流しを採用。穴ヒモ（5・6号艇）を積極的に含める。'}",,,29.8,両建て推奨,10.44,39.8,3,2-1-3|1-2-4|1-2-5|1-3-4|1-4-2|1-4-5,5-1-6|5-6-1|3-4-5|3-5-4|3-5-6|2-1-3|3-4-6|1-2-4|1-2-5|1-3-4|1-4-2|1-4-5,2-1-3:1.53%|1-2-4:7.46%|1-2-5:6.87%|1-3-4:4.73%|1-4-2:4.66%|1-4-5:4.58%,2-1-3:B_main|1-2-4:A|1-2-5:A|1-3-4:A|1-4-2:A|1-4-5:A,6,12,0.4535,1,[!]見送り推奨（主役決まり手「差し」― 逃げ劣勢レースで的中実績なし）,荒れ広め,D
2025-04-11,丸亀,2,2,亀本勇樹,B1,33.08,2,,10.4733,41,71,44.2,0.1688,3.6538,,,0,低,75,0,-,5 564,0,100,3.531,0,0.04,0,0,0,0.2083,0.05,0.125,,◎,D,,,0.438,0.5815,,0.2985,A,62,0,◎-○軸 3着3〜4艇流し（10〜15点）,0.5777,"{'is_target': True, 'verdict': '参加推奨', 'max_combo_prob': 0.0615, 'est_top_odds': 21.7, 'circle_concentration': 62.1, 'eligible_count': 8, 'bet_adj': 2, 'reason': 'rel_win1=48.1%（本命度） / 最有力組み合わせ確率: 0.061（推定実オッズ?22倍） / 2着集中度: 上位2艇 62.1%（補正+0.00） / 総合判定確率: 0.061 / → ヒモ分散。1号艇1着固定で広めのヒモ流し推奨（買い目+2点）', 'tenji_trigger': '展示確認: ヒモ分散レース。1号艇伸び確認後、広めのヒモ流しを採用。穴ヒモ（5・6号艇）を積極的に含める。'}",,,29.8,両建て推奨,10.44,39.8,3,,,,,,,,,,,
2025-04-11,丸亀,2,3,岩津徹郎,B1,44.62,3,△,17.4001,19.2,60,45.8,0.1723,3.3229,,,0,低,117,0,差0% ま0% 差ま0%,2 543,0,40.1,1.1358,0,0.0455,0.0909,0.0455,0,0.0706,0.0941,0.2706,,,B,,,0.3695,0.574,,0.2985,A,62,0,◎-○軸 3着3〜4艇流し（10〜15点）,0.5777,"{'is_target': True, 'verdict': '参加推奨', 'max_combo_prob': 0.0615, 'est_top_odds': 21.7, 'circle_concentration': 62.1, 'eligible_count': 8, 'bet_adj': 2, 'reason': 'rel_win1=48.1%（本命度） / 最有力組み合わせ確率: 0.061（推定実オッズ?22倍） / 2着集中度: 上位2艇 62.1%（補正+0.00） / 総合判定確率: 0.061 / → ヒモ分散。1号艇1着固定で広めのヒモ流し推奨（買い目+2点）', 'tenji_trigger': '展示確認: ヒモ分散レース。1号艇伸び確認後、広めのヒモ流しを採用。穴ヒモ（5・6号艇）を積極的に含める。'}",,,29.8,両建て推奨,10.44,39.8,3,,,,,,,,,,,
2025-04-11,丸亀,2,4,大澤大夢,B1,40.14,4,▲,11.5649,21.1,76,48.6,0.158,3.2432,,,0,低,103,0,抜0%,523 32,0,46.9,1.1021,0,0,0.0645,0.0323,0.0323,0.1632,0.1421,0.1211,,○,C,○,◎,0.4133,0.644,0.3218,0.2985,A,62,0,◎-○軸 3着3〜4艇流し（10〜15点）,0.5777,"{'is_target': True, 'verdict': '参加推奨', 'max_combo_prob': 0.0615, 'est_top_odds': 21.7, 'circle_concentration': 62.1, 'eligible_count': 8, 'bet_adj': 2, 'reason': 'rel_win1=48.1%（本命度） / 最有力組み合わせ確率: 0.061（推定実オッズ?22倍） / 2着集中度: 上位2艇 62.1%（補正+0.00） / 総合判定確率: 0.061 / → ヒモ分散。1号艇1着固定で広めのヒモ流し推奨（買い目+2点）', 'tenji_trigger': '展示確認: ヒモ分散レース。1号艇伸び確認後、広めのヒモ流しを採用。穴ヒモ（5・6号艇）を積極的に含める。'}",,,29.8,両建て推奨,10.44,39.8,3,,,,,,,,,,,
2025-04-11,丸亀,2,5,別府昌樹,A2,45.97,5,○,9.2055,12.6,100,53.3,0.162,3.3333,,,0,低,109,0,-,114145,0,86.2,1.7481,0,0,0,0.0357,0,0.125,0.125,0.0833,,,A,△,,0.3758,0.586,,0.2985,A,62,0,◎-○軸 3着3〜4艇流し（10〜15点）,0.5777,"{'is_target': True, 'verdict': '参加推奨', 'max_combo_prob': 0.0615, 'est_top_odds': 21.7, 'circle_concentration': 62.1, 'eligible_count': 8, 'bet_adj': 2, 'reason': 'rel_win1=48.1%（本命度） / 最有力組み合わせ確率: 0.061（推定実オッズ?22倍） / 2着集中度: 上位2艇 62.1%（補正+0.00） / 総合判定確率: 0.061 / → ヒモ分散。1号艇1着固定で広めのヒモ流し推奨（買い目+2点）', 'tenji_trigger': '展示確認: ヒモ分散レース。1号艇伸び確認後、広めのヒモ流しを採用。穴ヒモ（5・6号艇）を積極的に含める。'}",,,29.8,両建て推奨,10.44,39.8,3,,,,,,,,,,,
2025-04-11,丸亀,2,6,北村征嗣,A1,38.13,6,,3.2085,6.1,85,53.7,0.189,4.2805,,,0,低,114,0,-,43112,0,28.4,0.7883,,,,,,0.0186,0.1742,0.0825,,,C,◎,,0.3224,0.656,,0.2985,A,62,0,◎-○軸 3着3〜4艇流し（10〜15点）,0.5777,"{'is_target': True, 'verdict': '参加推奨', 'max_combo_prob': 0.0615, 'est_top_odds': 21.7, 'circle_concentration': 62.1, 'eligible_count': 8, 'bet_adj': 2, 'reason': 'rel_win1=48.1%（本命度） / 最有力組み合わせ確率: 0.061（推定実オッズ?22倍） / 2着集中度: 上位2艇 62.1%（補正+0.00） / 総合判定確率: 0.061 / → ヒモ分散。1号艇1着固定で広めのヒモ流し推奨（買い目+2点）', 'tenji_trigger': '展示確認: ヒモ分散レース。1号艇伸び確認後、広めのヒモ流しを採用。穴ヒモ（5・6号艇）を積極的に含める。'}",,,29.8,両建て推奨,10.44,39.8,3,,,,,,,,,,,
2025-04-11,丸亀,3,1,八木治樹,B1,29.84,1,◎,46.6522,,0,71,0.1492,3.0789,,,0,低,75,0,逃0%,6 143,0,50.5,0.9131,0.3125,,,,,0.3,0.25,0.075,○,,E,△,,,0.603,,0.3894,B,58,0,◎○△フォーメーション（15〜20点）,0.5777,"{'is_target': True, 'verdict': '点数絞り', 'max_combo_prob': 0.086, 'est_top_odds': 15.5, 'circle_concentration': 78.8, 'eligible_count': 9, 'bet_adj': 0, 'reason': 'rel_win1=46.7%（本命度） / 最有力組み合わせ確率: 0.086（推定実オッズ?16倍） / 2着集中度: 上位2艇 78.8%（補正+0.04） / 総合判定確率: 0.126 / → ヒモはやや固め。上位2艇以外を切ること', 'tenji_trigger': '展示確認: 1号艇伸び良→そのまま採用。悪→飛び組に差し替え。circle_pct上位2艇に絞り込むこと。'}",,,30.3,両建て推奨,15.36,37,2,,,,,0,0,0.6155,0,,逃げ軸流し,A
2025-04-11,丸亀,3,2,山下和彦,A1,31.54,2,,16.8558,56.4,75,75,0.168,3.6974,,,0,低,134,0,-,5 2352,0,58.7,1.0943,0,0.0294,0.0588,0,0.0294,0.0375,0.0625,0.1732,,,D,△,,0.1656,0.6275,,0.3894,B,58,0,◎○△フォーメーション（15〜20点）,0.5777,"{'is_target': True, 'verdict': '点数絞り', 'max_combo_prob': 0.086, 'est_top_odds': 15.5, 'circle_concentration': 78.8, 'eligible_count': 9, 'bet_adj': 0, 'reason': 'rel_win1=46.7%（本命度） / 最有力組み合わせ確率: 0.086（推定実オッズ?16倍） / 2着集中度: 上位2艇 78.8%（補正+0.04） / 総合判定確率: 0.126 / → ヒモはやや固め。上位2艇以外を切ること', 'tenji_trigger': '展示確認: 1号艇伸び良→そのまま採用。悪→飛び組に差し替え。circle_pct上位2艇に絞り込むこと。'}",,,30.3,両建て推奨,15.36,37,2,,,,,,,,,,,
2025-04-11,丸亀,3,3,森作雄大,A2,44.09,3,○,17.0004,22.4,100,56.2,0.1284,2.4688,,,0,低,68,0,差0% ま0% 差ま0%,166 S6,0,43.9,1.2504,0,0.0345,0.069,0.0345,0,0.0414,0.2966,0.1218,,◎,A,◎,,0.4373,0.67,,0.3894,B,58,0,◎○△フォーメーション（15〜20点）,0.5777,"{'is_target': True, 'verdict': '点数絞り', 'max_combo_prob': 0.086, 'est_top_odds': 15.5, 'circle_concentration': 78.8, 'eligible_count': 9, 'bet_adj': 0, 'reason': 'rel_win1=46.7%（本命度） / 最有力組み合わせ確率: 0.086（推定実オッズ?16倍） / 2着集中度: 上位2艇 78.8%（補正+0.04） / 総合判定確率: 0.126 / → ヒモはやや固め。上位2艇以外を切ること', 'tenji_trigger': '展示確認: 1号艇伸び良→そのまま採用。悪→飛び組に差し替え。circle_pct上位2艇に絞り込むこと。'}",,,30.3,両建て推奨,15.36,37,2,,,,,,,,,,,
2025-04-11,丸亀,3,4,田添康介,B1,39.02,4,△,11.6404,10.9,75,34.9,0.1651,3.2558,,,0,低,78,0,-,2 451,0,96.2,1.8374,0,0,0.0556,0,0,0.375,0.375,0,,,C,,,0.266,0.5535,,0.3894,B,58,0,◎○△フォーメーション（15〜20点）,0.5777,"{'is_target': True, 'verdict': '点数絞り', 'max_combo_prob': 0.086, 'est_top_odds': 15.5, 'circle_concentration': 78.8, 'eligible_count': 9, 'bet_adj': 0, 'reason': 'rel_win1=46.7%（本命度） / 最有力組み合わせ確率: 0.086（推定実オッズ?16倍） / 2着集中度: 上位2艇 78.8%（補正+0.04） / 総合判定確率: 0.126 / → ヒモはやや固め。上位2艇以外を切ること', 'tenji_trigger': '展示確認: 1号艇伸び良→そのまま採用。悪→飛び組に差し替え。circle_pct上位2艇に絞り込むこと。'}",,,30.3,両建て推奨,15.36,37,2,,,,,,,,,,,
2025-04-11,丸亀,3,5,畔柳俊吾,B1,35.56,5,,3.684,6.4,59,33.3,0.1917,3.9881,,,0,低,164,0,-,142 44,0,32.2,1.006,,,,,,0.287,0.2217,0.2696,,,C,,,0.215,0.5885,,0.3894,B,58,0,◎○△フォーメーション（15〜20点）,0.5777,"{'is_target': True, 'verdict': '点数絞り', 'max_combo_prob': 0.086, 'est_top_odds': 15.5, 'circle_concentration': 78.8, 'eligible_count': 9, 'bet_adj': 0, 'reason': 'rel_win1=46.7%（本命度） / 最有力組み合わせ確率: 0.086（推定実オッズ?16倍） / 2着集中度: 上位2艇 78.8%（補正+0.04） / 総合判定確率: 0.126 / → ヒモはやや固め。上位2艇以外を切ること', 'tenji_trigger': '展示確認: 1号艇伸び良→そのまま採用。悪→飛び組に差し替え。circle_pct上位2艇に絞り込むこと。'}",,,30.3,両建て推奨,15.36,37,2,,,,,,,,,,,
2025-04-11,丸亀,3,6,山田亮太,A2,41.13,6,▲,4.1673,3.9,72,34.8,0.1452,3.2935,,,0,低,92,0,-,433 11,0,36.9,1.4194,,,,,,0.1058,0.0308,0.0615,,,B,○,,0.3602,0.642,,0.3894,B,58,0,◎○△フォーメーション（15〜20点）,0.5777,"{'is_target': True, 'verdict': '点数絞り', 'max_combo_prob': 0.086, 'est_top_odds': 15.5, 'circle_concentration': 78.8, 'eligible_count': 9, 'bet_adj': 0, 'reason': 'rel_win1=46.7%（本命度） / 最有力組み合わせ確率: 0.086（推定実オッズ?16倍） / 2着集中度: 上位2艇 78.8%（補正+0.04） / 総合判定確率: 0.126 / → ヒモはやや固め。上位2艇以外を切ること', 'tenji_trigger': '展示確認: 1号艇伸び良→そのまま採用。悪→飛び組に差し替え。circle_pct上位2艇に絞り込むこと。'}",,,30.3,両建て推奨,15.36,37,2,,,,,,,,,,,
2025-04-11,丸亀,4,1,岡本翔太,B1,28.68,1,◎,40.8835,,0,85.7,0.1386,2.5595,,,0,低,61,0,逃0%,651 53,0,68.7,1.0425,0.5,,,,,0.19,0.08,0.19,◎,,E,△,,,0.6355,,0.5437,A,60,0,◎-○軸 3着3〜4艇流し（10〜15点）,0.5777,"{'is_target': False, 'verdict': '対象外', 'max_combo_prob': None, 'est_top_odds': None, 'circle_concentration': None, 'eligible_count': 0, 'bet_adj': 0, 'reason': '1号艇rel_win1 < 45%: 通常判定に委ねる', 'tenji_trigger': ''}",,,32.3,両建て推奨,28.67,31.3,4,,,,,0,0,0.7559,0,,逃げ軸流し,A
2025-04-11,丸亀,4,2,佐々木大,B1,41.73,2,▲,12.7196,43.3,82,53.3,0.1653,3.1667,,,0,低,74,0,-,6 461,0,76.3,1.5709,0,0.1429,0.0476,0,0,0,0.0364,0.2623,,,A,○,,0.1085,0.637,,0.5437,A,60,0,◎-○軸 3着3〜4艇流し（10〜15点）,0.5777,"{'is_target': False, 'verdict': '対象外', 'max_combo_prob': None, 'est_top_odds': None, 'circle_concentration': None, 'eligible_count': 0, 'bet_adj': 0, 'reason': '1号艇rel_win1 < 45%: 通常判定に委ねる', 'tenji_trigger': ''}",,,32.3,両建て推奨,28.67,31.3,4,,,,,,,,,,,
2025-04-11,丸亀,4,3,田中宏樹,B1,31.78,3,,12.2058,22.3,97,62.2,0.1682,3.2556,,,0,低,128,0,-,4 126,0,19.8,0.6181,0,0.0909,0,0,0,0.2,0.02,0.18,,,D,△,,0.162,0.6195,,0.5437,A,60,0,◎-○軸 3着3〜4艇流し（10〜15点）,0.5777,"{'is_target': False, 'verdict': '対象外', 'max_combo_prob': None, 'est_top_odds': None, 'circle_concentration': None, 'eligible_count': 0, 'bet_adj': 0, 'reason': '1号艇rel_win1 < 45%: 通常判定に委ねる', 'tenji_trigger': ''}",,,32.3,両建て推奨,28.67,31.3,4,,,,,,,,,,,
2025-04-11,丸亀,4,4,佐藤大佑,A2,32.31,4,△,17.7495,10.1,79,61.4,0.1553,2.9825,,,0,低,121,0,-,4 6555,0,100,3.0147,0,0,0.3333,0,0,0.0333,0.1333,0.0333,,,D,,○,0.326,0.59,0.266,0.5437,A,60,0,◎-○軸 3着3〜4艇流し（10〜15点）,0.5777,"{'is_target': False, 'verdict': '対象外', 'max_combo_prob': None, 'est_top_odds': None, 'circle_concentration': None, 'eligible_count': 0, 'bet_adj': 0, 'reason': '1号艇rel_win1 < 45%: 通常判定に委ねる', 'tenji_trigger': ''}",,,32.3,両建て推奨,28.67,31.3,4,,,,,,,,,,,
2025-04-11,丸亀,4,5,白神　優,A1,39.06,5,○,12.4814,15.2,69,57.9,0.1342,2.7456,,,0,低,56,0,-,251 12,0,100,2.005,0,0,0.0645,0.0968,0.0323,0.0343,0.0457,0.0229,,,B,◎,◎,0.3177,0.6735,0.4128,0.5437,A,60,0,◎-○軸 3着3〜4艇流し（10〜15点）,0.5777,"{'is_target': False, 'verdict': '対象外', 'max_combo_prob': None, 'est_top_odds': None, 'circle_concentration': None, 'eligible_count': 0, 'bet_adj': 0, 'reason': '1号艇rel_win1 < 45%: 通常判定に委ねる', 'tenji_trigger': ''}",,,32.3,両建て推奨,28.67,31.3,4,,,,,,,,,,,
2025-04-11,丸亀,4,6,村松修二,A2,35.20,6,,3.9603,9,100,50,0.1723,3.4327,,,0,低,81,0,-,21121,0,43.7,0.9981,0,0,0.0455,0,0,0.0308,0.0308,0.3341,,,C,,,0.1906,0.596,,0.5437,A,60,0,◎-○軸 3着3〜4艇流し（10〜15点）,0.5777,"{'is_target': False, 'verdict': '対象外', 'max_combo_prob': None, 'est_top_odds': None, 'circle_concentration': None, 'eligible_count': 0, 'bet_adj': 0, 'reason': '1号艇rel_win1 < 45%: 通常判定に委ねる', 'tenji_trigger': ''}",,,32.3,両建て推奨,28.67,31.3,4,,,,,,,,,,,
2025-04-11,丸亀,5,1,中里昌志,B1,43.61,1,◎,41.1602,,0,75,0.176,3.8654,,,0,低,140,0,逃0%,6 222,0,73,0.9879,0.2381,,,,,0.3162,0.2152,0.1962,△,,B,,,,0.604,,0.2236,B,54,0,◎○△フォーメーション（15〜20点）,0.5777,"{'is_target': False, 'verdict': '対象外', 'max_combo_prob': None, 'est_top_odds': None, 'circle_concentration': None, 'eligible_count': 0, 'bet_adj': 0, 'reason': '1号艇rel_win1 < 45%: 通常判定に委ねる', 'tenji_trigger': ''}",,,31.8,両建て推奨,17.39,39.5,5,2-1-3|2-1-5|1-2-5|1-2-3|1-3-5|1-3-2|1-5-2,5-1-6|5-6-1|4-5-6|2-1-3|4-5-1|2-1-5|4-6-5|1-2-5|1-2-3|1-3-5|1-3-2|1-5-2,2-1-3:2.27%|2-1-5:1.71%|1-2-5:9.38%|1-2-3:7.88%|1-3-5:5.89%|1-3-2:4.96%|1-5-2:3.27%,2-1-3:B_main|2-1-5:B_main|1-2-5:A|1-2-3:A|1-3-5:A|1-3-2:A|1-5-2:A,7,12,0.4535,1,[!]見送り推奨（主役決まり手「差し」― 逃げ劣勢レースで的中実績なし）,荒れ広め,D
2025-04-11,丸亀,5,2,橋本　明,B1,31.54,2,△,11.8189,44.1,76,60,0.1569,3.1857,,,0,低,124,0,-,124 44,0,62,1.1447,0,0.0769,0,0,0,0.3143,0.1762,0.0381,,◎,D,△,,0.555,0.6215,,0.2236,B,54,0,◎○△フォーメーション（15〜20点）,0.5777,"{'is_target': False, 'verdict': '対象外', 'max_combo_prob': None, 'est_top_odds': None, 'circle_concentration': None, 'eligible_count': 0, 'bet_adj': 0, 'reason': '1号艇rel_win1 < 45%: 通常判定に委ねる', 'tenji_trigger': ''}",,,31.8,両建て推奨,17.39,39.5,5,,,,,,,,,,,
2025-04-11,丸亀,5,3,鈴木裕隆,A2,37.14,3,▲,16.1855,24.3,77,55.4,0.1667,3.753,,,0,低,149,0,-,243226,0,85,1.5829,0,0,0.0833,0.0556,0,0.2903,0.2274,0.0887,,,C,○,,0.382,0.661,,0.2236,B,54,0,◎○△フォーメーション（15〜20点）,0.5777,"{'is_target': False, 'verdict': '対象外', 'max_combo_prob': None, 'est_top_odds': None, 'circle_concentration': None, 'eligible_count': 0, 'bet_adj': 0, 'reason': '1号艇rel_win1 < 45%: 通常判定に委ねる', 'tenji_trigger': ''}",,,31.8,両建て推奨,17.39,39.5,5,,,,,,,,,,,
2025-04-11,丸亀,5,4,森林　太,B1,34.68,4,,8.033,13.9,63,34.5,0.1905,4.1379,,,0,低,204,0,-,261 55,0,32.8,0.8206,0,0.04,0,0.04,0,0.0667,0.3556,0.1222,,,C,,,0.2589,0.555,,0.2236,B,54,0,◎○△フォーメーション（15〜20点）,0.5777,"{'is_target': False, 'verdict': '対象外', 'max_combo_prob': None, 'est_top_odds': None, 'circle_concentration': None, 'eligible_count': 0, 'bet_adj': 0, 'reason': '1号艇rel_win1 < 45%: 通常判定に委ねる', 'tenji_trigger': ''}",,,31.8,両建て推奨,17.39,39.5,5,,,,,,,,,,,
2025-04-11,丸亀,5,5,川原祐明,A2,49.58,5,○,20.8174,8.9,100,64.8,0.1587,3.5741,,,0,低,110,0,差ま0%,243 12,0,60.4,1.0848,0,0.0357,0,0.2143,0,0.0276,0.1014,0.0138,,△,A,△,◎,0.4101,0.6185,0.4326,0.2236,B,54,0,◎○△フォーメーション（15〜20点）,0.5777,"{'is_target': False, 'verdict': '対象外', 'max_combo_prob': None, 'est_top_odds': None, 'circle_concentration': None, 'eligible_count': 0, 'bet_adj': 0, 'reason': '1号艇rel_win1 < 45%: 通常判定に委ねる', 'tenji_trigger': ''}",,,31.8,両建て推奨,17.39,39.5,5,,,,,,,,,,,
2025-04-11,丸亀,5,6,山田雄太,A1,24.37,6,,1.985,8.9,52,39.1,0.1437,3.1328,,,0,低,64,0,差ま0%,F63 3,0,27.9,0.5736,0,0,0,0.0333,0,0.016,0.2,0.048,,○,E,◎,,0.4126,0.6615,,0.2236,B,54,0,◎○△フォーメーション（15〜20点）,0.5777,"{'is_target': False, 'verdict': '対象外', 'max_combo_prob': None, 'est_top_odds': None, 'circle_concentration': None, 'eligible_count': 0, 'bet_adj': 0, 'reason': '1号艇rel_win1 < 45%: 通常判定に委ねる', 'tenji_trigger': ''}",,,31.8,両建て推奨,17.39,39.5,5,,,,,,,,,,,
2025-04-11,丸亀,6,1,金子和之,A1,31.01,1,◎,60.9735,,0,93.9,0.1429,2.2576,,,0,低,99,0,逃0%,333346,0,93.8,1.2756,0.7407,,,,,0.0444,0.1778,0,◎,,C,△,,,0.6185,,0.6251,S,91,0,◎1着固定 2-3着流し（5〜8点）,0.5777,"{'is_target': True, 'verdict': '参加推奨', 'max_combo_prob': 0.0987, 'est_top_odds': 13.5, 'circle_concentration': 69.0, 'eligible_count': 6, 'bet_adj': 2, 'reason': 'rel_win1=61.0%（本命度） / 最有力組み合わせ確率: 0.099（推定実オッズ?14倍） / 2着集中度: 上位2艇 69.0%（補正+0.00） / 総合判定確率: 0.099 / → ヒモ分散。1号艇1着固定で広めのヒモ流し推奨（買い目+2点）', 'tenji_trigger': '展示確認: ヒモ分散レース。1号艇伸び確認後、広めのヒモ流しを採用。穴ヒモ（5・6号艇）を積極的に含める。'}",,,26.4,逃げ狙い,14.26,26.7,4,,,,,0,0,0.7559,0,,逃げ軸流し,A
2025-04-11,丸亀,6,2,松浦　勝,B1,40.00,2,○,11.729,27.8,56,37.7,0.1597,3.3443,,,0,低,112,0,差1%,456 63,0,29.5,0.5834,0,0.1071,0,0,0,0.3,0.26,0.04,,,B,,,0.156,0.6085,,0.6251,S,91,0,◎1着固定 2-3着流し（5〜8点）,0.5777,"{'is_target': True, 'verdict': '参加推奨', 'max_combo_prob': 0.0987, 'est_top_odds': 13.5, 'circle_concentration': 69.0, 'eligible_count': 6, 'bet_adj': 2, 'reason': 'rel_win1=61.0%（本命度） / 最有力組み合わせ確率: 0.099（推定実オッズ?14倍） / 2着集中度: 上位2艇 69.0%（補正+0.00） / 総合判定確率: 0.099 / → ヒモ分散。1号艇1着固定で広めのヒモ流し推奨（買い目+2点）', 'tenji_trigger': '展示確認: ヒモ分散レース。1号艇伸び確認後、広めのヒモ流しを採用。穴ヒモ（5・6号艇）を積極的に含める。'}",,,26.4,逃げ狙い,14.26,26.7,4,,,,,,,,,,,
2025-04-11,丸亀,6,3,大場　敏,A2,27.78,3,△,11.2841,41.2,100,72.5,0.1326,2.5362,,,0,低,93,0,-,31525,0,49.9,1.136,0,0,0.0312,0.0625,0,0.0933,0.1756,0.0111,,,E,◎,,0.3403,0.7095,,0.6251,S,91,0,◎1着固定 2-3着流し（5〜8点）,0.5777,"{'is_target': True, 'verdict': '参加推奨', 'max_combo_prob': 0.0987, 'est_top_odds': 13.5, 'circle_concentration': 69.0, 'eligible_count': 6, 'bet_adj': 2, 'reason': 'rel_win1=61.0%（本命度） / 最有力組み合わせ確率: 0.099（推定実オッズ?14倍） / 2着集中度: 上位2艇 69.0%（補正+0.00） / 総合判定確率: 0.099 / → ヒモ分散。1号艇1着固定で広めのヒモ流し推奨（買い目+2点）', 'tenji_trigger': '展示確認: ヒモ分散レース。1号艇伸び確認後、広めのヒモ流しを採用。穴ヒモ（5・6号艇）を積極的に含める。'}",,,26.4,逃げ狙い,14.26,26.7,4,,,,,,,,,,,
2025-04-11,丸亀,6,4,林　祐介,A2,28.06,4,,8.1253,24.1,97,53.7,0.1587,3.4259,,,0,低,103,0,-,6 4454,0,82.9,1.5704,0,0.0909,0,0,0,0.0154,0.1615,0.2923,,,D,○,◎,0.2313,0.6605,0.4279,0.6251,S,91,0,◎1着固定 2-3着流し（5〜8点）,0.5777,"{'is_target': True, 'verdict': '参加推奨', 'max_combo_prob': 0.0987, 'est_top_odds': 13.5, 'circle_concentration': 69.0, 'eligible_count': 6, 'bet_adj': 2, 'reason': 'rel_win1=61.0%（本命度） / 最有力組み合わせ確率: 0.099（推定実オッズ?14倍） / 2着集中度: 上位2艇 69.0%（補正+0.00） / 総合判定確率: 0.099 / → ヒモ分散。1号艇1着固定で広めのヒモ流し推奨（買い目+2点）', 'tenji_trigger': '展示確認: ヒモ分散レース。1号艇伸び確認後、広めのヒモ流しを採用。穴ヒモ（5・6号艇）を積極的に含める。'}",,,26.4,逃げ狙い,14.26,26.7,4,,,,,,,,,,,
2025-04-11,丸亀,6,5,萩原丈太,B2,38.76,5,▲,6.7527,5.5,63,9.1,0.1945,3.8636,,,0,低,78,0,-,136 56,0,25.1,0.7293,0,0,0,0.0714,0,0,0,0,,,B,,,0.1262,0.556,,0.6251,S,91,0,◎1着固定 2-3着流し（5〜8点）,0.5777,"{'is_target': True, 'verdict': '参加推奨', 'max_combo_prob': 0.0987, 'est_top_odds': 13.5, 'circle_concentration': 69.0, 'eligible_count': 6, 'bet_adj': 2, 'reason': 'rel_win1=61.0%（本命度） / 最有力組み合わせ確率: 0.099（推定実オッズ?14倍） / 2着集中度: 上位2艇 69.0%（補正+0.00） / 総合判定確率: 0.099 / → ヒモ分散。1号艇1着固定で広めのヒモ流し推奨（買い目+2点）', 'tenji_trigger': '展示確認: ヒモ分散レース。1号艇伸び確認後、広めのヒモ流しを採用。穴ヒモ（5・6号艇）を積極的に含める。'}",,,26.4,逃げ狙い,14.26,26.7,4,,,,,,,,,,,
2025-04-11,丸亀,6,6,坂東　満,B1,35.82,6,,1.1354,1.4,31,14.6,0.1979,4.5,,,0,低,95,0,-,3 562,0,25.6,0.6375,,,,,,0.0706,0.2039,0.2039,,,C,△,,0.1378,0.6315,,0.6251,S,91,0,◎1着固定 2-3着流し（5〜8点）,0.5777,"{'is_target': True, 'verdict': '参加推奨', 'max_combo_prob': 0.0987, 'est_top_odds': 13.5, 'circle_concentration': 69.0, 'eligible_count': 6, 'bet_adj': 2, 'reason': 'rel_win1=61.0%（本命度） / 最有力組み合わせ確率: 0.099（推定実オッズ?14倍） / 2着集中度: 上位2艇 69.0%（補正+0.00） / 総合判定確率: 0.099 / → ヒモ分散。1号艇1着固定で広めのヒモ流し推奨（買い目+2点）', 'tenji_trigger': '展示確認: ヒモ分散レース。1号艇伸び確認後、広めのヒモ流しを採用。穴ヒモ（5・6号艇）を積極的に含める。'}",,,26.4,逃げ狙い,14.26,26.7,4,,,,,,,,,,,
2025-04-11,丸亀,7,1,下條雄太,A1,34.13,1,◎,64.1244,,0,96.2,0.1325,2.2885,,,0,低,44,0,逃1%,442525,0,100,1.5763,0.8095,,,,,0.019,0.169,0.0381,◎,,C,◎,,,0.662,,0.6218,S,92,0,◎1着固定 2-3着流し（5〜8点）,0.5777,"{'is_target': True, 'verdict': '参加推奨', 'max_combo_prob': 0.0781, 'est_top_odds': 17.1, 'circle_concentration': 59.8, 'eligible_count': 6, 'bet_adj': 2, 'reason': 'rel_win1=64.1%（本命度） / 最有力組み合わせ確率: 0.078（推定実オッズ?17倍） / 2着集中度: 上位2艇 59.8%（補正+0.00） / 総合判定確率: 0.078 / → ヒモ分散。1号艇1着固定で広めのヒモ流し推奨（買い目+2点）', 'tenji_trigger': '展示確認: ヒモ分散レース。1号艇伸び確認後、広めのヒモ流しを採用。穴ヒモ（5・6号艇）を積極的に含める。\n展示で1号艇スタート超安定(0.133秒)→ヒモ固まり方向に注意'}",,,27.4,逃げ狙い,19.11,25.5,6,,,,,0,0,0.7559,0,,逃げ軸流し,A
2025-04-11,丸亀,7,2,南野利騰,B2,26.92,2,,7.4712,41,92,40.7,0.1673,3.5169,,,0,低,99,0,差0% ま0%,3 543,0,39.1,0.7009,0,0.0345,0.0345,0,0,0.3924,0.2971,0.0762,,,D,,,0.0566,0.616,,0.6218,S,92,0,◎1着固定 2-3着流し（5〜8点）,0.5777,"{'is_target': True, 'verdict': '参加推奨', 'max_combo_prob': 0.0781, 'est_top_odds': 17.1, 'circle_concentration': 59.8, 'eligible_count': 6, 'bet_adj': 2, 'reason': 'rel_win1=64.1%（本命度） / 最有力組み合わせ確率: 0.078（推定実オッズ?17倍） / 2着集中度: 上位2艇 59.8%（補正+0.00） / 総合判定確率: 0.078 / → ヒモ分散。1号艇1着固定で広めのヒモ流し推奨（買い目+2点）', 'tenji_trigger': '展示確認: ヒモ分散レース。1号艇伸び確認後、広めのヒモ流しを採用。穴ヒモ（5・6号艇）を積極的に含める。\n展示で1号艇スタート超安定(0.133秒)→ヒモ固まり方向に注意'}",,,27.4,逃げ狙い,19.11,25.5,6,,,,,,,,,,,
2025-04-11,丸亀,7,3,竹本太樹,B2,34.88,3,▲,6.1993,17.6,100,36.4,0.1745,3.6818,,,0,低,79,0,-,5 631,0,40.6,1.089,,,,,,0.0211,0.3053,0.2053,,,B,,,0.1385,0.5475,,0.6218,S,92,0,◎1着固定 2-3着流し（5〜8点）,0.5777,"{'is_target': True, 'verdict': '参加推奨', 'max_combo_prob': 0.0781, 'est_top_odds': 17.1, 'circle_concentration': 59.8, 'eligible_count': 6, 'bet_adj': 2, 'reason': 'rel_win1=64.1%（本命度） / 最有力組み合わせ確率: 0.078（推定実オッズ?17倍） / 2着集中度: 上位2艇 59.8%（補正+0.00） / 総合判定確率: 0.078 / → ヒモ分散。1号艇1着固定で広めのヒモ流し推奨（買い目+2点）', 'tenji_trigger': '展示確認: ヒモ分散レース。1号艇伸び確認後、広めのヒモ流しを採用。穴ヒモ（5・6号艇）を積極的に含める。\n展示で1号艇スタート超安定(0.133秒)→ヒモ固まり方向に注意'}",,,27.4,逃げ狙い,19.11,25.5,6,,,,,,,,,,,
2025-04-11,丸亀,7,4,松竹大輔,A2,34.75,4,○,11.7812,18.7,99,46.5,0.1501,3.2606,,,0,低,112,0,-,5 5516,0,100,3.79,0,0.0645,0.0968,0.0323,0,0.0444,0.0889,0.2093,,,B,△,○,0.2315,0.6475,0.2219,0.6218,S,92,0,◎1着固定 2-3着流し（5〜8点）,0.5777,"{'is_target': True, 'verdict': '参加推奨', 'max_combo_prob': 0.0781, 'est_top_odds': 17.1, 'circle_concentration': 59.8, 'eligible_count': 6, 'bet_adj': 2, 'reason': 'rel_win1=64.1%（本命度） / 最有力組み合わせ確率: 0.078（推定実オッズ?17倍） / 2着集中度: 上位2艇 59.8%（補正+0.00） / 総合判定確率: 0.078 / → ヒモ分散。1号艇1着固定で広めのヒモ流し推奨（買い目+2点）', 'tenji_trigger': '展示確認: ヒモ分散レース。1号艇伸び確認後、広めのヒモ流しを採用。穴ヒモ（5・6号艇）を積極的に含める。\n展示で1号艇スタート超安定(0.133秒)→ヒモ固まり方向に注意'}",,,27.4,逃げ狙い,19.11,25.5,6,,,,,,,,,,,
2025-04-11,丸亀,7,5,宇土泰就,B1,26.77,5,,3.6955,6.8,55,32.4,0.1451,3.1892,,,0,低,106,0,-,356 22,0,27.8,0.8871,0,0,0,0.0312,0,0.1471,0.4412,0.0471,,,D,△,,0.239,0.619,,0.6218,S,92,0,◎1着固定 2-3着流し（5〜8点）,0.5777,"{'is_target': True, 'verdict': '参加推奨', 'max_combo_prob': 0.0781, 'est_top_odds': 17.1, 'circle_concentration': 59.8, 'eligible_count': 6, 'bet_adj': 2, 'reason': 'rel_win1=64.1%（本命度） / 最有力組み合わせ確率: 0.078（推定実オッズ?17倍） / 2着集中度: 上位2艇 59.8%（補正+0.00） / 総合判定確率: 0.078 / → ヒモ分散。1号艇1着固定で広めのヒモ流し推奨（買い目+2点）', 'tenji_trigger': '展示確認: ヒモ分散レース。1号艇伸び確認後、広めのヒモ流しを採用。穴ヒモ（5・6号艇）を積極的に含める。\n展示で1号艇スタート超安定(0.133秒)→ヒモ固まり方向に注意'}",,,27.4,逃げ狙い,19.11,25.5,6,,,,,,,,,,,
2025-04-11,丸亀,7,6,中辻崇人,A1,24.62,6,△,6.7285,15.8,83,69.8,0.1134,2.2642,,,0,低,42,0,-,22111,0,31.2,0.7933,0,0,0.1765,0.0588,0,0.2667,0,0,,,E,○,◎,0.3889,0.6505,0.433,0.6218,S,92,0,◎1着固定 2-3着流し（5〜8点）,0.5777,"{'is_target': True, 'verdict': '参加推奨', 'max_combo_prob': 0.0781, 'est_top_odds': 17.1, 'circle_concentration': 59.8, 'eligible_count': 6, 'bet_adj': 2, 'reason': 'rel_win1=64.1%（本命度） / 最有力組み合わせ確率: 0.078（推定実オッズ?17倍） / 2着集中度: 上位2艇 59.8%（補正+0.00） / 総合判定確率: 0.078 / → ヒモ分散。1号艇1着固定で広めのヒモ流し推奨（買い目+2点）', 'tenji_trigger': '展示確認: ヒモ分散レース。1号艇伸び確認後、広めのヒモ流しを採用。穴ヒモ（5・6号艇）を積極的に含める。\n展示で1号艇スタート超安定(0.133秒)→ヒモ固まり方向に注意'}",,,27.4,逃げ狙い,19.11,25.5,6,,,,,,,,,,,
2025-04-11,丸亀,8,1,村松修二,A2,35.20,1,◎,73.61,,0,84.9,0.1586,3.2652,,,0,低,81,0,逃1%,21121,0,79.7,0.9832,0.6154,,,,,0.0308,0.0308,0.3341,◎,,C,△,,,0.596,,0.514,A,73,0,◎-○軸 3着3〜4艇流し（10〜15点）,0.5777,"{'is_target': True, 'verdict': '点数絞り', 'max_combo_prob': 0.1598, 'est_top_odds': 8.3, 'circle_concentration': 72.5, 'eligible_count': 8, 'bet_adj': 0, 'reason': 'rel_win1=73.6%（本命度） / 最有力組み合わせ確率: 0.160（推定実オッズ?8倍） / 2着集中度: 上位2艇 72.5%（補正+0.04） / 総合判定確率: 0.200 / → ヒモはやや固め。上位2艇以外を切ること', 'tenji_trigger': '展示確認: 1号艇伸び良→そのまま採用。悪→飛び組に差し替え。circle_pct上位2艇に絞り込むこと。'}",,,26,逃げ狙い,10.07,29.1,4,,,,,0,0,0.7559,0,,逃げ軸流し,A
2025-04-11,丸亀,8,2,別府昌樹,A2,45.97,2,○,9.4434,53.4,73,65.4,0.1644,3.4904,,,0,低,109,0,-,114145,0,46.2,0.9226,0,0.0952,0,0,0.0476,0.125,0.125,0.0833,,,A,△,,0.2677,0.586,,0.514,A,73,0,◎-○軸 3着3〜4艇流し（10〜15点）,0.5777,"{'is_target': True, 'verdict': '点数絞り', 'max_combo_prob': 0.1598, 'est_top_odds': 8.3, 'circle_concentration': 72.5, 'eligible_count': 8, 'bet_adj': 0, 'reason': 'rel_win1=73.6%（本命度） / 最有力組み合わせ確率: 0.160（推定実オッズ?8倍） / 2着集中度: 上位2艇 72.5%（補正+0.04） / 総合判定確率: 0.200 / → ヒモはやや固め。上位2艇以外を切ること', 'tenji_trigger': '展示確認: 1号艇伸び良→そのまま採用。悪→飛び組に差し替え。circle_pct上位2艇に絞り込むこと。'}",,,26,逃げ狙い,10.07,29.1,4,,,,,,,,,,,
2025-04-11,丸亀,8,3,田添康介,B1,39.02,3,▲,7.121,19.1,53,37.2,0.1593,3.2674,,,0,低,78,0,-,2 451,0,82.2,1.4662,0,0,0,0.0769,0,0.375,0.375,0,,,C,,,0.2945,0.5535,,0.514,A,73,0,◎-○軸 3着3〜4艇流し（10〜15点）,0.5777,"{'is_target': True, 'verdict': '点数絞り', 'max_combo_prob': 0.1598, 'est_top_odds': 8.3, 'circle_concentration': 72.5, 'eligible_count': 8, 'bet_adj': 0, 'reason': 'rel_win1=73.6%（本命度） / 最有力組み合わせ確率: 0.160（推定実オッズ?8倍） / 2着集中度: 上位2艇 72.5%（補正+0.04） / 総合判定確率: 0.200 / → ヒモはやや固め。上位2艇以外を切ること', 'tenji_trigger': '展示確認: 1号艇伸び良→そのまま採用。悪→飛び組に差し替え。circle_pct上位2艇に絞り込むこと。'}",,,26,逃げ狙い,10.07,29.1,4,,,,,,,,,,,
2025-04-11,丸亀,8,4,岩津徹郎,B1,44.62,4,△,5.0268,12.1,100,51.1,0.1674,3.4681,,,0,低,117,0,-,2 543,0,24.1,0.676,,,,,,0.0706,0.0941,0.2706,,,B,,,0.2826,0.574,,0.514,A,73,0,◎-○軸 3着3〜4艇流し（10〜15点）,0.5777,"{'is_target': True, 'verdict': '点数絞り', 'max_combo_prob': 0.1598, 'est_top_odds': 8.3, 'circle_concentration': 72.5, 'eligible_count': 8, 'bet_adj': 0, 'reason': 'rel_win1=73.6%（本命度） / 最有力組み合わせ確率: 0.160（推定実オッズ?8倍） / 2着集中度: 上位2艇 72.5%（補正+0.04） / 総合判定確率: 0.200 / → ヒモはやや固め。上位2艇以外を切ること', 'tenji_trigger': '展示確認: 1号艇伸び良→そのまま採用。悪→飛び組に差し替え。circle_pct上位2艇に絞り込むこと。'}",,,26,逃げ狙い,10.07,29.1,4,,,,,,,,,,,
2025-04-11,丸亀,8,5,平石和男,A2,33.86,5,,3.1886,10.6,60,49.2,0.1845,4.3538,,,0,低,226,0,-,1 3634,0,77.4,1.2717,0,0,0,0.0312,0,0.1058,0.1706,0.2354,,,D,○,,0.2,0.6275,,0.514,A,73,0,◎-○軸 3着3〜4艇流し（10〜15点）,0.5777,"{'is_target': True, 'verdict': '点数絞り', 'max_combo_prob': 0.1598, 'est_top_odds': 8.3, 'circle_concentration': 72.5, 'eligible_count': 8, 'bet_adj': 0, 'reason': 'rel_win1=73.6%（本命度） / 最有力組み合わせ確率: 0.160（推定実オッズ?8倍） / 2着集中度: 上位2艇 72.5%（補正+0.04） / 総合判定確率: 0.200 / → ヒモはやや固め。上位2艇以外を切ること', 'tenji_trigger': '展示確認: 1号艇伸び良→そのまま採用。悪→飛び組に差し替え。circle_pct上位2艇に絞り込むこと。'}",,,26,逃げ狙い,10.07,29.1,4,,,,,,,,,,,
2025-04-11,丸亀,8,6,岡本翔太,B1,28.68,6,,1.6102,4.8,33,22.6,0.144,3.3868,,,0,低,61,0,ま0%,651 53,0,40.8,0.9653,0,0,0.0526,0,0,0.19,0.08,0.19,,,E,◎,,0.3419,0.6355,,0.514,A,73,0,◎-○軸 3着3〜4艇流し（10〜15点）,0.5777,"{'is_target': True, 'verdict': '点数絞り', 'max_combo_prob': 0.1598, 'est_top_odds': 8.3, 'circle_concentration': 72.5, 'eligible_count': 8, 'bet_adj': 0, 'reason': 'rel_win1=73.6%（本命度） / 最有力組み合わせ確率: 0.160（推定実オッズ?8倍） / 2着集中度: 上位2艇 72.5%（補正+0.04） / 総合判定確率: 0.200 / → ヒモはやや固め。上位2艇以外を切ること', 'tenji_trigger': '展示確認: 1号艇伸び良→そのまま採用。悪→飛び組に差し替え。circle_pct上位2艇に絞り込むこと。'}",,,26,逃げ狙い,10.07,29.1,4,,,,,,,,,,,
2025-04-11,丸亀,9,1,山田亮太,A2,41.13,1,◎,56.6516,,0,90.3,0.1658,2.9355,,,0,低,92,0,逃1%,433 11,0,73.5,1.151,0.6538,,,,,0.1058,0.0308,0.0615,◎,,B,△,,,0.642,,0.4613,A,70,0,◎-○軸 3着3〜4艇流し（10〜15点）,0.5777,"{'is_target': True, 'verdict': '参加推奨', 'max_combo_prob': 0.0947, 'est_top_odds': 14.1, 'circle_concentration': 69.3, 'eligible_count': 8, 'bet_adj': 2, 'reason': 'rel_win1=56.7%（本命度） / 最有力組み合わせ確率: 0.095（推定実オッズ?14倍） / 2着集中度: 上位2艇 69.3%（補正+0.00） / 総合判定確率: 0.095 / → ヒモ分散。1号艇1着固定で広めのヒモ流し推奨（買い目+2点）', 'tenji_trigger': '展示確認: ヒモ分散レース。1号艇伸び確認後、広めのヒモ流しを採用。穴ヒモ（5・6号艇）を積極的に含める。'}",,,32.4,逃げ狙い,33.73,27.3,6,,,,,0,0,0.7559,0,,逃げ軸流し,A
2025-04-11,丸亀,9,2,白神　優,A1,39.06,2,○,18.7308,48.5,70,80,0.1533,2.9667,,,0,低,56,0,-,251 12,0,25.9,0.7834,0,0.1818,0,0,0.0455,0.0343,0.0457,0.0229,,◎,B,◎,,0.4675,0.6735,,0.4613,A,70,0,◎-○軸 3着3〜4艇流し（10〜15点）,0.5777,"{'is_target': True, 'verdict': '参加推奨', 'max_combo_prob': 0.0947, 'est_top_odds': 14.1, 'circle_concentration': 69.3, 'eligible_count': 8, 'bet_adj': 2, 'reason': 'rel_win1=56.7%（本命度） / 最有力組み合わせ確率: 0.095（推定実オッズ?14倍） / 2着集中度: 上位2艇 69.3%（補正+0.00） / 総合判定確率: 0.095 / → ヒモ分散。1号艇1着固定で広めのヒモ流し推奨（買い目+2点）', 'tenji_trigger': '展示確認: ヒモ分散レース。1号艇伸び確認後、広めのヒモ流しを採用。穴ヒモ（5・6号艇）を積極的に含める。'}",,,32.4,逃げ狙い,33.73,27.3,6,,,,,,,,,,,
2025-04-11,丸亀,9,3,尾崎雄二,A2,32.26,3,△,6.9547,20.8,74,53.5,0.1583,3.3592,,,0,低,133,0,-,323541,0,32.1,0.9477,0,0,0,0.0882,0,0.1667,0.1667,0.0556,,,C,△,,0.3306,0.6365,,0.4613,A,70,0,◎-○軸 3着3〜4艇流し（10〜15点）,0.5777,"{'is_target': True, 'verdict': '参加推奨', 'max_combo_prob': 0.0947, 'est_top_odds': 14.1, 'circle_concentration': 69.3, 'eligible_count': 8, 'bet_adj': 2, 'reason': 'rel_win1=56.7%（本命度） / 最有力組み合わせ確率: 0.095（推定実オッズ?14倍） / 2着集中度: 上位2艇 69.3%（補正+0.00） / 総合判定確率: 0.095 / → ヒモ分散。1号艇1着固定で広めのヒモ流し推奨（買い目+2点）', 'tenji_trigger': '展示確認: ヒモ分散レース。1号艇伸び確認後、広めのヒモ流しを採用。穴ヒモ（5・6号艇）を積極的に含める。'}",,,32.4,逃げ狙い,33.73,27.3,6,,,,,,,,,,,
2025-04-11,丸亀,9,4,鈴木裕隆,A2,37.14,4,▲,9.4383,14.7,100,54.2,0.169,3.3472,,,0,低,149,0,-,243226,0,70.5,0.8283,0,0.0625,0.0625,0.0938,0,0.2903,0.2274,0.0887,,,C,○,◎,0.2889,0.661,0.3343,0.4613,A,70,0,◎-○軸 3着3〜4艇流し（10〜15点）,0.5777,"{'is_target': True, 'verdict': '参加推奨', 'max_combo_prob': 0.0947, 'est_top_odds': 14.1, 'circle_concentration': 69.3, 'eligible_count': 8, 'bet_adj': 2, 'reason': 'rel_win1=56.7%（本命度） / 最有力組み合わせ確率: 0.095（推定実オッズ?14倍） / 2着集中度: 上位2艇 69.3%（補正+0.00） / 総合判定確率: 0.095 / → ヒモ分散。1号艇1着固定で広めのヒモ流し推奨（買い目+2点）', 'tenji_trigger': '展示確認: ヒモ分散レース。1号艇伸び確認後、広めのヒモ流しを採用。穴ヒモ（5・6号艇）を積極的に含める。'}",,,32.4,逃げ狙い,33.73,27.3,6,,,,,,,,,,,
2025-04-11,丸亀,9,5,山下和彦,A1,31.54,5,,5.6107,13.3,69,55.1,0.1567,3.4898,,,0,低,134,0,差ま0%,5 2352,0,31.1,1.4767,0,0,0,0.087,0,0.0375,0.0625,0.1732,,,D,,,0.322,0.6275,,0.4613,A,70,0,◎-○軸 3着3〜4艇流し（10〜15点）,0.5777,"{'is_target': True, 'verdict': '参加推奨', 'max_combo_prob': 0.0947, 'est_top_odds': 14.1, 'circle_concentration': 69.3, 'eligible_count': 8, 'bet_adj': 2, 'reason': 'rel_win1=56.7%（本命度） / 最有力組み合わせ確率: 0.095（推定実オッズ?14倍） / 2着集中度: 上位2艇 69.3%（補正+0.00） / 総合判定確率: 0.095 / → ヒモ分散。1号艇1着固定で広めのヒモ流し推奨（買い目+2点）', 'tenji_trigger': '展示確認: ヒモ分散レース。1号艇伸び確認後、広めのヒモ流しを採用。穴ヒモ（5・6号艇）を積極的に含める。'}",,,32.4,逃げ狙い,33.73,27.3,6,,,,,,,,,,,
2025-04-11,丸亀,9,6,藤丸光一,B1,26.52,6,,2.6139,2.7,47,100,0.18,1,,,0,低,102,1,-,1 266,0,100,3.515,,,,,,0.2706,0.2941,0.1941,,,E,,,0.2671,0.6295,,0.4613,A,70,0,◎-○軸 3着3〜4艇流し（10〜15点）,0.5777,"{'is_target': True, 'verdict': '参加推奨', 'max_combo_prob': 0.0947, 'est_top_odds': 14.1, 'circle_concentration': 69.3, 'eligible_count': 8, 'bet_adj': 2, 'reason': 'rel_win1=56.7%（本命度） / 最有力組み合わせ確率: 0.095（推定実オッズ?14倍） / 2着集中度: 上位2艇 69.3%（補正+0.00） / 総合判定確率: 0.095 / → ヒモ分散。1号艇1着固定で広めのヒモ流し推奨（買い目+2点）', 'tenji_trigger': '展示確認: ヒモ分散レース。1号艇伸び確認後、広めのヒモ流しを採用。穴ヒモ（5・6号艇）を積極的に含める。'}",,,32.4,逃げ狙い,33.73,27.3,6,,,,,,,,,,,
2025-04-11,丸亀,10,1,北村征嗣,A1,38.13,1,◎,58.755,,0,92.3,0.1377,2.8365,,,0,低,114,0,逃1%,43112,0,82.6,0.9993,0.6744,,,,,0.0186,0.1742,0.0825,◎,,B,△,,,0.656,,0.5956,S,86,0,◎1着固定 2-3着流し（5〜8点）,0.5777,"{'is_target': True, 'verdict': '点数絞り', 'max_combo_prob': 0.0915, 'est_top_odds': 14.6, 'circle_concentration': 76.0, 'eligible_count': 6, 'bet_adj': 0, 'reason': 'rel_win1=58.8%（本命度） / 最有力組み合わせ確率: 0.091（推定実オッズ?15倍） / 2着集中度: 上位2艇 76.0%（補正+0.04） / 総合判定確率: 0.131 / → ヒモはやや固め。上位2艇以外を切ること', 'tenji_trigger': '展示確認: 1号艇伸び良→そのまま採用。悪→飛び組に差し替え。circle_pct上位2艇に絞り込むこと。\n展示で1号艇スタート超安定(0.138秒)→ヒモ固まり方向に注意'}",,,29.8,逃げ狙い,25.38,26.8,3,,,,,0,0,0.7559,0,,逃げ軸流し,A
2025-04-11,丸亀,10,2,川原祐明,A2,49.58,2,○,15.761,29.6,79,72.2,0.1478,3.3611,,,0,低,110,0,差0% ま0%,243 12,0,33.4,0.9681,0,0.087,0.2609,0,0,0.0276,0.1014,0.0138,,,A,,,0.2443,0.6185,,0.5956,S,86,0,◎1着固定 2-3着流し（5〜8点）,0.5777,"{'is_target': True, 'verdict': '点数絞り', 'max_combo_prob': 0.0915, 'est_top_odds': 14.6, 'circle_concentration': 76.0, 'eligible_count': 6, 'bet_adj': 0, 'reason': 'rel_win1=58.8%（本命度） / 最有力組み合わせ確率: 0.091（推定実オッズ?15倍） / 2着集中度: 上位2艇 76.0%（補正+0.04） / 総合判定確率: 0.131 / → ヒモはやや固め。上位2艇以外を切ること', 'tenji_trigger': '展示確認: 1号艇伸び良→そのまま採用。悪→飛び組に差し替え。circle_pct上位2艇に絞り込むこと。\n展示で1号艇スタート超安定(0.138秒)→ヒモ固まり方向に注意'}",,,29.8,逃げ狙い,25.38,26.8,3,,,,,,,,,,,
2025-04-11,丸亀,10,3,下條雄太,A1,34.13,3,▲,14.6738,46.4,53,86.5,0.137,2.7162,,,0,低,44,0,-,442525,0,41.1,1.041,,,,,,0.019,0.169,0.0381,,,C,○,,0.3278,0.662,,0.5956,S,86,0,◎1着固定 2-3着流し（5〜8点）,0.5777,"{'is_target': True, 'verdict': '点数絞り', 'max_combo_prob': 0.0915, 'est_top_odds': 14.6, 'circle_concentration': 76.0, 'eligible_count': 6, 'bet_adj': 0, 'reason': 'rel_win1=58.8%（本命度） / 最有力組み合わせ確率: 0.091（推定実オッズ?15倍） / 2着集中度: 上位2艇 76.0%（補正+0.04） / 総合判定確率: 0.131 / → ヒモはやや固め。上位2艇以外を切ること', 'tenji_trigger': '展示確認: 1号艇伸び良→そのまま採用。悪→飛び組に差し替え。circle_pct上位2艇に絞り込むこと。\n展示で1号艇スタート超安定(0.138秒)→ヒモ固まり方向に注意'}",,,29.8,逃げ狙い,25.38,26.8,3,,,,,,,,,,,
2025-04-11,丸亀,10,4,大場　敏,A2,27.78,4,,6.6035,10.1,100,53.8,0.1532,3.8077,,,0,低,93,0,-,31525,0,59.8,1.1564,0,0,0.0385,0,0,0.0933,0.1756,0.0111,,,E,◎,◎,0.2482,0.7095,0.3442,0.5956,S,86,0,◎1着固定 2-3着流し（5〜8点）,0.5777,"{'is_target': True, 'verdict': '点数絞り', 'max_combo_prob': 0.0915, 'est_top_odds': 14.6, 'circle_concentration': 76.0, 'eligible_count': 6, 'bet_adj': 0, 'reason': 'rel_win1=58.8%（本命度） / 最有力組み合わせ確率: 0.091（推定実オッズ?15倍） / 2着集中度: 上位2艇 76.0%（補正+0.04） / 総合判定確率: 0.131 / → ヒモはやや固め。上位2艇以外を切ること', 'tenji_trigger': '展示確認: 1号艇伸び良→そのまま採用。悪→飛び組に差し替え。circle_pct上位2艇に絞り込むこと。\n展示で1号艇スタート超安定(0.138秒)→ヒモ固まり方向に注意'}",,,29.8,逃げ狙い,25.38,26.8,3,,,,,,,,,,,
2025-04-11,丸亀,10,5,橋本　明,B1,31.54,5,△,3.3481,11.4,69,43.3,0.1645,3.15,,,0,低,124,0,-,124 44,0,30.7,0.8929,,,,,,0.3143,0.1762,0.0381,,,D,△,,0.2543,0.6215,,0.5956,S,86,0,◎1着固定 2-3着流し（5〜8点）,0.5777,"{'is_target': True, 'verdict': '点数絞り', 'max_combo_prob': 0.0915, 'est_top_odds': 14.6, 'circle_concentration': 76.0, 'eligible_count': 6, 'bet_adj': 0, 'reason': 'rel_win1=58.8%（本命度） / 最有力組み合わせ確率: 0.091（推定実オッズ?15倍） / 2着集中度: 上位2艇 76.0%（補正+0.04） / 総合判定確率: 0.131 / → ヒモはやや固め。上位2艇以外を切ること', 'tenji_trigger': '展示確認: 1号艇伸び良→そのまま採用。悪→飛び組に差し替え。circle_pct上位2艇に絞り込むこと。\n展示で1号艇スタート超安定(0.138秒)→ヒモ固まり方向に注意'}",,,29.8,逃げ狙い,25.38,26.8,3,,,,,,,,,,,
2025-04-11,丸亀,10,6,八木治樹,B1,29.84,6,,0.8585,2.5,50,24.3,0.1938,3.973,,,0,低,75,0,-,6 143,0,32.8,1.0503,,,,,,0.3,0.25,0.075,,,D,,,0.1611,0.603,,0.5956,S,86,0,◎1着固定 2-3着流し（5〜8点）,0.5777,"{'is_target': True, 'verdict': '点数絞り', 'max_combo_prob': 0.0915, 'est_top_odds': 14.6, 'circle_concentration': 76.0, 'eligible_count': 6, 'bet_adj': 0, 'reason': 'rel_win1=58.8%（本命度） / 最有力組み合わせ確率: 0.091（推定実オッズ?15倍） / 2着集中度: 上位2艇 76.0%（補正+0.04） / 総合判定確率: 0.131 / → ヒモはやや固め。上位2艇以外を切ること', 'tenji_trigger': '展示確認: 1号艇伸び良→そのまま採用。悪→飛び組に差し替え。circle_pct上位2艇に絞り込むこと。\n展示で1号艇スタート超安定(0.138秒)→ヒモ固まり方向に注意'}",,,29.8,逃げ狙い,25.38,26.8,3,,,,,,,,,,,
2025-04-11,丸亀,11,1,中辻崇人,A1,24.62,1,◎,62.0266,,0,100,0.1393,3.0351,,,0,低,42,0,逃1%,22111,0,85.8,1.0774,0.7222,,,,,0.2667,0,0,◎,,E,◎,,,0.6505,,0.6493,S,92,0,◎1着固定 2-3着流し（5〜8点）,0.5777,"{'is_target': True, 'verdict': '参加推奨', 'max_combo_prob': 0.0663, 'est_top_odds': 20.1, 'circle_concentration': 62.3, 'eligible_count': 6, 'bet_adj': 2, 'reason': 'rel_win1=62.0%（本命度） / 最有力組み合わせ確率: 0.066（推定実オッズ?20倍） / 2着集中度: 上位2艇 62.3%（補正+0.00） / 総合判定確率: 0.066 / → ヒモ分散。1号艇1着固定で広めのヒモ流し推奨（買い目+2点）', 'tenji_trigger': '展示確認: ヒモ分散レース。1号艇伸び確認後、広めのヒモ流しを採用。穴ヒモ（5・6号艇）を積極的に含める。\n展示で1号艇スタート超安定(0.139秒)→ヒモ固まり方向に注意'}",,,27.8,逃げ狙い,16.66,28.8,4,,,,,0,0,0.7559,0,,逃げ軸流し,A
2025-04-11,丸亀,11,2,畔柳俊吾,B1,35.56,2,△,12.6853,32.6,100,50,0.1885,4.2583,,,0,低,164,0,差0% ま0%,142 44,0,43.4,0.8428,0,0.1071,0.1071,0,0,0.287,0.2217,0.2696,,,C,,,0.0756,0.5885,,0.6493,S,92,0,◎1着固定 2-3着流し（5〜8点）,0.5777,"{'is_target': True, 'verdict': '参加推奨', 'max_combo_prob': 0.0663, 'est_top_odds': 20.1, 'circle_concentration': 62.3, 'eligible_count': 6, 'bet_adj': 2, 'reason': 'rel_win1=62.0%（本命度） / 最有力組み合わせ確率: 0.066（推定実オッズ?20倍） / 2着集中度: 上位2艇 62.3%（補正+0.00） / 総合判定確率: 0.066 / → ヒモ分散。1号艇1着固定で広めのヒモ流し推奨（買い目+2点）', 'tenji_trigger': '展示確認: ヒモ分散レース。1号艇伸び確認後、広めのヒモ流しを採用。穴ヒモ（5・6号艇）を積極的に含める。\n展示で1号艇スタート超安定(0.139秒)→ヒモ固まり方向に注意'}",,,27.8,逃げ狙い,16.66,28.8,4,,,,,,,,,,,
2025-04-11,丸亀,11,3,大澤大夢,B1,40.14,3,○,7.1762,29.7,60,51.7,0.1468,3.1,,,0,低,103,0,ま0%,523 32,0,55.3,1.1775,0,0.0385,0.0385,0.0385,0,0.1632,0.1421,0.1211,,,B,○,,0.2482,0.644,,0.6493,S,92,0,◎1着固定 2-3着流し（5〜8点）,0.5777,"{'is_target': True, 'verdict': '参加推奨', 'max_combo_prob': 0.0663, 'est_top_odds': 20.1, 'circle_concentration': 62.3, 'eligible_count': 6, 'bet_adj': 2, 'reason': 'rel_win1=62.0%（本命度） / 最有力組み合わせ確率: 0.066（推定実オッズ?20倍） / 2着集中度: 上位2艇 62.3%（補正+0.00） / 総合判定確率: 0.066 / → ヒモ分散。1号艇1着固定で広めのヒモ流し推奨（買い目+2点）', 'tenji_trigger': '展示確認: ヒモ分散レース。1号艇伸び確認後、広めのヒモ流しを採用。穴ヒモ（5・6号艇）を積極的に含める。\n展示で1号艇スタート超安定(0.139秒)→ヒモ固まり方向に注意'}",,,27.8,逃げ狙い,16.66,28.8,4,,,,,,,,,,,
2025-04-11,丸亀,11,4,田中宏樹,B1,31.78,4,,10.8067,28.6,97,63.6,0.1775,3.8091,,,0,低,128,0,差0% ま0%,4 126,0,55.7,1.0847,0,0.0833,0.0417,0,0.0417,0.2,0.02,0.18,,,D,△,○,0.1451,0.6195,0.2891,0.6493,S,92,0,◎1着固定 2-3着流し（5〜8点）,0.5777,"{'is_target': True, 'verdict': '参加推奨', 'max_combo_prob': 0.0663, 'est_top_odds': 20.1, 'circle_concentration': 62.3, 'eligible_count': 6, 'bet_adj': 2, 'reason': 'rel_win1=62.0%（本命度） / 最有力組み合わせ確率: 0.066（推定実オッズ?20倍） / 2着集中度: 上位2艇 62.3%（補正+0.00） / 総合判定確率: 0.066 / → ヒモ分散。1号艇1着固定で広めのヒモ流し推奨（買い目+2点）', 'tenji_trigger': '展示確認: ヒモ分散レース。1号艇伸び確認後、広めのヒモ流しを採用。穴ヒモ（5・6号艇）を積極的に含める。\n展示で1号艇スタート超安定(0.139秒)→ヒモ固まり方向に注意'}",,,27.8,逃げ狙い,16.66,28.8,4,,,,,,,,,,,
2025-04-11,丸亀,11,5,金子和之,A1,31.01,5,,6.2973,8.1,83,53.7,0.162,3.4537,,,0,低,99,0,-,333346,0,28,0.8819,0,0,0.0909,0.0455,0.0455,0.0444,0.1778,0,,,D,△,◎,0.2294,0.6185,0.3278,0.6493,S,92,0,◎1着固定 2-3着流し（5〜8点）,0.5777,"{'is_target': True, 'verdict': '参加推奨', 'max_combo_prob': 0.0663, 'est_top_odds': 20.1, 'circle_concentration': 62.3, 'eligible_count': 6, 'bet_adj': 2, 'reason': 'rel_win1=62.0%（本命度） / 最有力組み合わせ確率: 0.066（推定実オッズ?20倍） / 2着集中度: 上位2艇 62.3%（補正+0.00） / 総合判定確率: 0.066 / → ヒモ分散。1号艇1着固定で広めのヒモ流し推奨（買い目+2点）', 'tenji_trigger': '展示確認: ヒモ分散レース。1号艇伸び確認後、広めのヒモ流しを採用。穴ヒモ（5・6号艇）を積極的に含める。\n展示で1号艇スタート超安定(0.139秒)→ヒモ固まり方向に注意'}",,,27.8,逃げ狙い,16.66,28.8,4,,,,,,,,,,,
2025-04-11,丸亀,11,6,中里昌志,B1,43.61,6,▲,1.0079,1,56,13.5,0.1751,3.8243,,,0,低,140,0,-,6 222,0,24.3,0.6394,,,,,,0.3162,0.2152,0.1962,,,A,,,0.1974,0.604,,0.6493,S,92,0,◎1着固定 2-3着流し（5〜8点）,0.5777,"{'is_target': True, 'verdict': '参加推奨', 'max_combo_prob': 0.0663, 'est_top_odds': 20.1, 'circle_concentration': 62.3, 'eligible_count': 6, 'bet_adj': 2, 'reason': 'rel_win1=62.0%（本命度） / 最有力組み合わせ確率: 0.066（推定実オッズ?20倍） / 2着集中度: 上位2艇 62.3%（補正+0.00） / 総合判定確率: 0.066 / → ヒモ分散。1号艇1着固定で広めのヒモ流し推奨（買い目+2点）', 'tenji_trigger': '展示確認: ヒモ分散レース。1号艇伸び確認後、広めのヒモ流しを採用。穴ヒモ（5・6号艇）を積極的に含める。\n展示で1号艇スタート超安定(0.139秒)→ヒモ固まり方向に注意'}",,,27.8,逃げ狙い,16.66,28.8,4,,,,,,,,,,,
2025-04-11,丸亀,12,1,林　祐介,A2,28.06,1,◎,58.2049,,0,82.3,0.1465,3.0968,,,0,低,103,0,逃0%,6 4454,0,86.4,1.0921,0.5385,,,,,0.0154,0.1615,0.2923,◎,,E,○,,,0.6605,,0.4794,A,71,0,◎-○軸 3着3〜4艇流し（10〜15点）,0.5777,"{'is_target': True, 'verdict': '参加推奨', 'max_combo_prob': 0.0959, 'est_top_odds': 13.9, 'circle_concentration': 67.9, 'eligible_count': 8, 'bet_adj': 2, 'reason': 'rel_win1=58.2%（本命度） / 最有力組み合わせ確率: 0.096（推定実オッズ?14倍） / 2着集中度: 上位2艇 67.9%（補正+0.00） / 総合判定確率: 0.096 / → ヒモ分散。1号艇1着固定で広めのヒモ流し推奨（買い目+2点）', 'tenji_trigger': '展示確認: ヒモ分散レース。1号艇伸び確認後、広めのヒモ流しを採用。穴ヒモ（5・6号艇）を積極的に含める。'}",,,28.1,逃げ狙い,17.23,29.1,2,,,,,0,0,0.7559,0,,逃げ軸流し,A
2025-04-11,丸亀,12,2,佐藤大佑,A2,32.31,2,▲,19.3659,50.3,83,69.1,0.1484,3.2273,,,0,低,121,0,差0% ま0%,4 6555,0,64.4,1.186,0,0.0417,0.25,0,0,0.0333,0.1333,0.0333,,○,C,,,0.3217,0.59,,0.4794,A,71,0,◎-○軸 3着3〜4艇流し（10〜15点）,0.5777,"{'is_target': True, 'verdict': '参加推奨', 'max_combo_prob': 0.0959, 'est_top_odds': 13.9, 'circle_concentration': 67.9, 'eligible_count': 8, 'bet_adj': 2, 'reason': 'rel_win1=58.2%（本命度） / 最有力組み合わせ確率: 0.096（推定実オッズ?14倍） / 2着集中度: 上位2艇 67.9%（補正+0.00） / 総合判定確率: 0.096 / → ヒモ分散。1号艇1着固定で広めのヒモ流し推奨（買い目+2点）', 'tenji_trigger': '展示確認: ヒモ分散レース。1号艇伸び確認後、広めのヒモ流しを採用。穴ヒモ（5・6号艇）を積極的に含める。'}",,,28.1,逃げ狙い,17.23,29.1,2,,,,,,,,,,,
2025-04-11,丸亀,12,3,福田　理,B1,31.78,3,,8.1006,12.4,100,38.5,0.1771,4.0615,,,0,低,126,0,ま0%,544 54,0,47.9,0.79,0,0,0.0286,0.0286,0,0.1446,0.4967,0.1446,,,C,△,,0.1409,0.594,,0.4794,A,71,0,◎-○軸 3着3〜4艇流し（10〜15点）,0.5777,"{'is_target': True, 'verdict': '参加推奨', 'max_combo_prob': 0.0959, 'est_top_odds': 13.9, 'circle_concentration': 67.9, 'eligible_count': 8, 'bet_adj': 2, 'reason': 'rel_win1=58.2%（本命度） / 最有力組み合わせ確率: 0.096（推定実オッズ?14倍） / 2着集中度: 上位2艇 67.9%（補正+0.00） / 総合判定確率: 0.096 / → ヒモ分散。1号艇1着固定で広めのヒモ流し推奨（買い目+2点）', 'tenji_trigger': '展示確認: ヒモ分散レース。1号艇伸び確認後、広めのヒモ流しを採用。穴ヒモ（5・6号艇）を積極的に含める。'}",,,28.1,逃げ狙い,17.23,29.1,2,,,,,,,,,,,
2025-04-11,丸亀,12,4,土井祥伍,B1,31.25,4,,3.6958,16.2,62,35.8,0.1827,4.0224,,,0,低,170,0,-,534 64,0,20.1,0.5802,,,,,,0,0.3556,0.1667,,,D,,,0.1972,0.578,,0.4794,A,71,0,◎-○軸 3着3〜4艇流し（10〜15点）,0.5777,"{'is_target': True, 'verdict': '参加推奨', 'max_combo_prob': 0.0959, 'est_top_odds': 13.9, 'circle_concentration': 67.9, 'eligible_count': 8, 'bet_adj': 2, 'reason': 'rel_win1=58.2%（本命度） / 最有力組み合わせ確率: 0.096（推定実オッズ?14倍） / 2着集中度: 上位2艇 67.9%（補正+0.00） / 総合判定確率: 0.096 / → ヒモ分散。1号艇1着固定で広めのヒモ流し推奨（買い目+2点）', 'tenji_trigger': '展示確認: ヒモ分散レース。1号艇伸び確認後、広めのヒモ流しを採用。穴ヒモ（5・6号艇）を積極的に含める。'}",,,28.1,逃げ狙い,17.23,29.1,2,,,,,,,,,,,
2025-04-11,丸亀,12,5,森作雄大,A2,44.09,5,○,6.3087,17.7,84,36.1,0.1226,2.3472,,,0,低,68,0,-,166 S6,0,68.5,1.2119,0,0,0.0294,0.0294,0,0.0414,0.2966,0.1218,,,A,◎,◎,0.3814,0.67,0.3869,0.4794,A,71,0,◎-○軸 3着3〜4艇流し（10〜15点）,0.5777,"{'is_target': True, 'verdict': '参加推奨', 'max_combo_prob': 0.0959, 'est_top_odds': 13.9, 'circle_concentration': 67.9, 'eligible_count': 8, 'bet_adj': 2, 'reason': 'rel_win1=58.2%（本命度） / 最有力組み合わせ確率: 0.096（推定実オッズ?14倍） / 2着集中度: 上位2艇 67.9%（補正+0.00） / 総合判定確率: 0.096 / → ヒモ分散。1号艇1着固定で広めのヒモ流し推奨（買い目+2点）', 'tenji_trigger': '展示確認: ヒモ分散レース。1号艇伸び確認後、広めのヒモ流しを採用。穴ヒモ（5・6号艇）を積極的に含める。'}",,,28.1,逃げ狙い,17.23,29.1,2,,,,,,,,,,,
2025-04-11,丸亀,12,6,松竹大輔,A2,34.75,6,△,4.324,3.5,59,32.8,0.1631,3.9609,,,0,低,112,0,差ま0%,5 5516,0,27.9,0.9722,0,0,0.0357,0.0357,0,0.0444,0.0889,0.2093,,,C,△,,0.2586,0.6475,,0.4794,A,71,0,◎-○軸 3着3〜4艇流し（10〜15点）,0.5777,"{'is_target': True, 'verdict': '参加推奨', 'max_combo_prob': 0.0959, 'est_top_odds': 13.9, 'circle_concentration': 67.9, 'eligible_count': 8, 'bet_adj': 2, 'reason': 'rel_win1=58.2%（本命度） / 最有力組み合わせ確率: 0.096（推定実オッズ?14倍） / 2着集中度: 上位2艇 67.9%（補正+0.00） / 総合判定確率: 0.096 / → ヒモ分散。1号艇1着固定で広めのヒモ流し推奨（買い目+2点）', 'tenji_trigger': '展示確認: ヒモ分散レース。1号艇伸び確認後、広めのヒモ流しを採用。穴ヒモ（5・6号艇）を積極的に含める。'}",,,28.1,逃げ狙い,17.23,29.1,2,,,,,,,,,,,
2025-04-12,丸亀,1,1,松浦　勝,B1,40.00,1,◎,63.174,,0,56.1,0.1768,3.4268,,,0,低,112,0,逃0%,456 63,0,55.9,0.8234,0.35,,,,,0.3,0.26,0.04,△,,A,△,,,0.6085,,0.3162,B,52,0,◎○△フォーメーション（15〜20点）,0.5777,"{'is_target': True, 'verdict': '参加推奨', 'max_combo_prob': 0.1103, 'est_top_odds': 12.1, 'circle_concentration': 64.7, 'eligible_count': 9, 'bet_adj': 2, 'reason': 'rel_win1=63.2%（本命度） / 最有力組み合わせ確率: 0.110（推定実オッズ?12倍） / 2着集中度: 上位2艇 64.7%（補正+0.00） / 総合判定確率: 0.110 / → ヒモ分散。1号艇1着固定で広めのヒモ流し推奨（買い目+2点）', 'tenji_trigger': '展示確認: ヒモ分散レース。1号艇伸び確認後、広めのヒモ流しを採用。穴ヒモ（5・6号艇）を積極的に含める。'}",,,30.3,両建て推奨,14.24,38,3,4-5-6|1-3-5|1-2-5|1-2-3|1-5-3|1-3-4,2-1-3|5-1-2|2-1-5|5-1-6|4-5-6|5-1-3|5-2-1|1-3-5|1-2-5|1-2-3|1-5-3|1-3-4,4-5-6:1.94%|1-3-5:4.97%|1-2-5:4.93%|1-2-3:4.73%|1-5-3:4.57%|1-3-4:4.19%,4-5-6:B_main|1-3-5:A|1-2-5:A|1-2-3:A|1-5-3:A|1-3-4:A,6,12,0.4535,1,[!]見送り推奨（主役決まり手「まくり」― 逃げ劣勢レースで的中実績なし）,荒れ広め,D
2025-04-12,丸亀,1,2,森林　太,B1,34.68,2,,10.3233,37.7,78,35.9,0.2031,4.5625,,,0,低,204,0,-,261 55,0,64.4,1.3069,,,,,,0.0667,0.3556,0.1222,,,C,,,0.1225,0.555,,0.3162,B,52,0,◎○△フォーメーション（15〜20点）,0.5777,"{'is_target': True, 'verdict': '参加推奨', 'max_combo_prob': 0.1103, 'est_top_odds': 12.1, 'circle_concentration': 64.7, 'eligible_count': 9, 'bet_adj': 2, 'reason': 'rel_win1=63.2%（本命度） / 最有力組み合わせ確率: 0.110（推定実オッズ?12倍） / 2着集中度: 上位2艇 64.7%（補正+0.00） / 総合判定確率: 0.110 / → ヒモ分散。1号艇1着固定で広めのヒモ流し推奨（買い目+2点）', 'tenji_trigger': '展示確認: ヒモ分散レース。1号艇伸び確認後、広めのヒモ流しを採用。穴ヒモ（5・6号艇）を積極的に含める。'}",,,30.3,両建て推奨,14.24,38,3,,,,,,,,,,,
2025-04-12,丸亀,1,3,沖島広和,B1,19.66,3,,7.8277,27,100,45.8,0.1722,3.7034,,,0,低,143,0,-,634 63,0,32.2,0.8288,0,0,0,0,0.0476,0.2615,0.0308,0.1769,,△,E,◎,,0.3744,0.637,,0.3162,B,52,0,◎○△フォーメーション（15〜20点）,0.5777,"{'is_target': True, 'verdict': '参加推奨', 'max_combo_prob': 0.1103, 'est_top_odds': 12.1, 'circle_concentration': 64.7, 'eligible_count': 9, 'bet_adj': 2, 'reason': 'rel_win1=63.2%（本命度） / 最有力組み合わせ確率: 0.110（推定実オッズ?12倍） / 2着集中度: 上位2艇 64.7%（補正+0.00） / 総合判定確率: 0.110 / → ヒモ分散。1号艇1着固定で広めのヒモ流し推奨（買い目+2点）', 'tenji_trigger': '展示確認: ヒモ分散レース。1号艇伸び確認後、広めのヒモ流しを採用。穴ヒモ（5・6号艇）を積極的に含める。'}",,,30.3,両建て推奨,14.24,38,3,,,,,,,,,,,
2025-04-12,丸亀,1,4,吉岡　誠,B1,26.72,4,○,11.581,7.3,35,15.4,0.1438,2.5897,,,0,低,74,0,-,6 253,0,40.3,0.814,0,0,0.125,0.0625,0,0.2727,0.0909,0.1818,,◎,D,,,0.4769,0.573,,0.3162,B,52,0,◎○△フォーメーション（15〜20点）,0.5777,"{'is_target': True, 'verdict': '参加推奨', 'max_combo_prob': 0.1103, 'est_top_odds': 12.1, 'circle_concentration': 64.7, 'eligible_count': 9, 'bet_adj': 2, 'reason': 'rel_win1=63.2%（本命度） / 最有力組み合わせ確率: 0.110（推定実オッズ?12倍） / 2着集中度: 上位2艇 64.7%（補正+0.00） / 総合判定確率: 0.110 / → ヒモ分散。1号艇1着固定で広めのヒモ流し推奨（買い目+2点）', 'tenji_trigger': '展示確認: ヒモ分散レース。1号艇伸び確認後、広めのヒモ流しを採用。穴ヒモ（5・6号艇）を積極的に含める。'}",,,30.3,両建て推奨,14.24,38,3,,,,,,,,,,,
2025-04-12,丸亀,1,5,亀本勇樹,B1,33.08,5,▲,5.5902,26.1,55,47.1,0.1459,3.5882,,,0,低,75,0,-,5 564,0,84.7,1.4136,,,,,,0.2083,0.05,0.125,,○,C,△,,0.4474,0.5815,,0.3162,B,52,0,◎○△フォーメーション（15〜20点）,0.5777,"{'is_target': True, 'verdict': '参加推奨', 'max_combo_prob': 0.1103, 'est_top_odds': 12.1, 'circle_concentration': 64.7, 'eligible_count': 9, 'bet_adj': 2, 'reason': 'rel_win1=63.2%（本命度） / 最有力組み合わせ確率: 0.110（推定実オッズ?12倍） / 2着集中度: 上位2艇 64.7%（補正+0.00） / 総合判定確率: 0.110 / → ヒモ分散。1号艇1着固定で広めのヒモ流し推奨（買い目+2点）', 'tenji_trigger': '展示確認: ヒモ分散レース。1号艇伸び確認後、広めのヒモ流しを採用。穴ヒモ（5・6号艇）を積極的に含める。'}",,,30.3,両建て推奨,14.24,38,3,,,,,,,,,,,
2025-04-12,丸亀,1,6,坂東　満,B1,35.82,6,△,1.5038,1.9,26,14.6,0.1979,4.5,,,0,低,95,0,-,3 562,0,24.8,0.5506,,,,,,0.0706,0.2039,0.2039,,,B,○,,0.2819,0.6315,,0.3162,B,52,0,◎○△フォーメーション（15〜20点）,0.5777,"{'is_target': True, 'verdict': '参加推奨', 'max_combo_prob': 0.1103, 'est_top_odds': 12.1, 'circle_concentration': 64.7, 'eligible_count': 9, 'bet_adj': 2, 'reason': 'rel_win1=63.2%（本命度） / 最有力組み合わせ確率: 0.110（推定実オッズ?12倍） / 2着集中度: 上位2艇 64.7%（補正+0.00） / 総合判定確率: 0.110 / → ヒモ分散。1号艇1着固定で広めのヒモ流し推奨（買い目+2点）', 'tenji_trigger': '展示確認: ヒモ分散レース。1号艇伸び確認後、広めのヒモ流しを採用。穴ヒモ（5・6号艇）を積極的に含める。'}",,,30.3,両建て推奨,14.24,38,3,,,,,,,,,,,
2025-04-12,丸亀,2,1,田添康介,B1,39.02,1,◎,56.2725,,0,84.4,0.1366,3.0312,,,0,低,78,0,逃0%,2 451,0,75.6,1.0887,0.25,,,,,0.375,0.375,0,◎,,B,,,,0.5535,,0.5685,S,80,0,◎1着固定 2-3着流し（5〜8点）,0.5777,"{'is_target': True, 'verdict': '点数絞り', 'max_combo_prob': 0.1106, 'est_top_odds': 12.1, 'circle_concentration': 74.3, 'eligible_count': 6, 'bet_adj': 0, 'reason': 'rel_win1=56.3%（本命度） / 最有力組み合わせ確率: 0.111（推定実オッズ?12倍） / 2着集中度: 上位2艇 74.3%（補正+0.04） / 総合判定確率: 0.151 / → ヒモはやや固め。上位2艇以外を切ること', 'tenji_trigger': '展示確認: 1号艇伸び良→そのまま採用。悪→飛び組に差し替え。circle_pct上位2艇に絞り込むこと。\n展示で1号艇スタート超安定(0.137秒)→ヒモ固まり方向に注意'}",,,31.9,逃げ狙い,14.81,42,4,,,,,0,0,0.7559,0,,逃げ軸流し,A
2025-04-12,丸亀,2,2,林　祐介,A2,28.06,2,△,10.8065,45,67,57.7,0.1665,3.9519,,,0,低,103,0,-,6 4454,0,92.1,0.966,0,0.0588,0,0,0.0588,0.0154,0.1615,0.2923,,,D,◎,,0.0621,0.6605,,0.5685,S,80,0,◎1着固定 2-3着流し（5〜8点）,0.5777,"{'is_target': True, 'verdict': '点数絞り', 'max_combo_prob': 0.1106, 'est_top_odds': 12.1, 'circle_concentration': 74.3, 'eligible_count': 6, 'bet_adj': 0, 'reason': 'rel_win1=56.3%（本命度） / 最有力組み合わせ確率: 0.111（推定実オッズ?12倍） / 2着集中度: 上位2艇 74.3%（補正+0.04） / 総合判定確率: 0.151 / → ヒモはやや固め。上位2艇以外を切ること', 'tenji_trigger': '展示確認: 1号艇伸び良→そのまま採用。悪→飛び組に差し替え。circle_pct上位2艇に絞り込むこと。\n展示で1号艇スタート超安定(0.137秒)→ヒモ固まり方向に注意'}",,,31.9,逃げ狙い,14.81,42,4,,,,,,,,,,,
2025-04-12,丸亀,2,3,土井祥伍,B1,31.25,3,▲,11.2659,29.3,52,44.4,0.1676,3.4683,,,0,低,170,0,-,534 64,0,28.3,0.9425,0,0,0.037,0,0.0741,0,0.3556,0.1667,,,D,△,,0.1276,0.578,,0.5685,S,80,0,◎1着固定 2-3着流し（5〜8点）,0.5777,"{'is_target': True, 'verdict': '点数絞り', 'max_combo_prob': 0.1106, 'est_top_odds': 12.1, 'circle_concentration': 74.3, 'eligible_count': 6, 'bet_adj': 0, 'reason': 'rel_win1=56.3%（本命度） / 最有力組み合わせ確率: 0.111（推定実オッズ?12倍） / 2着集中度: 上位2艇 74.3%（補正+0.04） / 総合判定確率: 0.151 / → ヒモはやや固め。上位2艇以外を切ること', 'tenji_trigger': '展示確認: 1号艇伸び良→そのまま採用。悪→飛び組に差し替え。circle_pct上位2艇に絞り込むこと。\n展示で1号艇スタート超安定(0.137秒)→ヒモ固まり方向に注意'}",,,31.9,逃げ狙い,14.81,42,4,,,,,,,,,,,
2025-04-12,丸亀,2,4,藤丸光一,B1,26.52,4,,12.9103,14,67,45,0.1835,4.2,,,0,低,102,0,差0%,1 266,0,48.9,1.1619,0,0.125,0,0,0,0.2706,0.2941,0.1941,,,E,○,,0.1263,0.6295,,0.5685,S,80,0,◎1着固定 2-3着流し（5〜8点）,0.5777,"{'is_target': True, 'verdict': '点数絞り', 'max_combo_prob': 0.1106, 'est_top_odds': 12.1, 'circle_concentration': 74.3, 'eligible_count': 6, 'bet_adj': 0, 'reason': 'rel_win1=56.3%（本命度） / 最有力組み合わせ確率: 0.111（推定実オッズ?12倍） / 2着集中度: 上位2艇 74.3%（補正+0.04） / 総合判定確率: 0.151 / → ヒモはやや固め。上位2艇以外を切ること', 'tenji_trigger': '展示確認: 1号艇伸び良→そのまま採用。悪→飛び組に差し替え。circle_pct上位2艇に絞り込むこと。\n展示で1号艇スタート超安定(0.137秒)→ヒモ固まり方向に注意'}",,,31.9,逃げ狙い,14.81,42,4,,,,,,,,,,,
2025-04-12,丸亀,2,5,別府昌樹,A2,45.97,5,○,7.5581,11.4,100,53.3,0.162,3.3333,,,0,低,109,0,-,114145,0,92.7,1.7081,0,0,0,0.0357,0,0.125,0.125,0.0833,,,A,△,,0.1997,0.586,,0.5685,S,80,0,◎1着固定 2-3着流し（5〜8点）,0.5777,"{'is_target': True, 'verdict': '点数絞り', 'max_combo_prob': 0.1106, 'est_top_odds': 12.1, 'circle_concentration': 74.3, 'eligible_count': 6, 'bet_adj': 0, 'reason': 'rel_win1=56.3%（本命度） / 最有力組み合わせ確率: 0.111（推定実オッズ?12倍） / 2着集中度: 上位2艇 74.3%（補正+0.04） / 総合判定確率: 0.151 / → ヒモはやや固め。上位2艇以外を切ること', 'tenji_trigger': '展示確認: 1号艇伸び良→そのまま採用。悪→飛び組に差し替え。circle_pct上位2艇に絞り込むこと。\n展示で1号艇スタート超安定(0.137秒)→ヒモ固まり方向に注意'}",,,31.9,逃げ狙い,14.81,42,4,,,,,,,,,,,
2025-04-12,丸亀,2,6,萩原丈太,B2,38.76,6,,1.1865,0.3,10,1.9,0.1843,3.9486,,,0,低,78,0,-,136 56,0,33.7,1.8367,,,,,,0,0,0,,,C,,,0.1621,0.556,,0.5685,S,80,0,◎1着固定 2-3着流し（5〜8点）,0.5777,"{'is_target': True, 'verdict': '点数絞り', 'max_combo_prob': 0.1106, 'est_top_odds': 12.1, 'circle_concentration': 74.3, 'eligible_count': 6, 'bet_adj': 0, 'reason': 'rel_win1=56.3%（本命度） / 最有力組み合わせ確率: 0.111（推定実オッズ?12倍） / 2着集中度: 上位2艇 74.3%（補正+0.04） / 総合判定確率: 0.151 / → ヒモはやや固め。上位2艇以外を切ること', 'tenji_trigger': '展示確認: 1号艇伸び良→そのまま採用。悪→飛び組に差し替え。circle_pct上位2艇に絞り込むこと。\n展示で1号艇スタート超安定(0.137秒)→ヒモ固まり方向に注意'}",,,31.9,逃げ狙い,14.81,42,4,,,,,,,,,,,
2025-04-12,丸亀,3,1,岩津徹郎,B1,44.62,1,◎,44.7413,,0,72.5,0.1555,2.825,,,0,低,117,0,逃0%,2 543,0,74.3,0.9212,0.4118,,,,,0.0706,0.0941,0.2706,○,,A,,,,0.574,,0.3578,B,54,0,◎○△フォーメーション（15〜20点）,0.5777,"{'is_target': False, 'verdict': '対象外', 'max_combo_prob': None, 'est_top_odds': None, 'circle_concentration': None, 'eligible_count': 0, 'bet_adj': 0, 'reason': '1号艇rel_win1 < 45%: 通常判定に委ねる', 'tenji_trigger': ''}",,,30.6,両建て推奨,23.28,31,3,,,,,0,0,0.6155,0,,逃げ軸流し,A
2025-04-12,丸亀,3,2,岡本翔太,B1,28.68,2,△,11.1899,28.1,82,48.6,0.1272,2.5347,,,0,低,61,0,差0%,651 53,0,81.2,0.9548,0,0.08,0,0,0.04,0.19,0.08,0.19,,◎,D,△,,0.5779,0.6355,,0.3578,B,54,0,◎○△フォーメーション（15〜20点）,0.5777,"{'is_target': False, 'verdict': '対象外', 'max_combo_prob': None, 'est_top_odds': None, 'circle_concentration': None, 'eligible_count': 0, 'bet_adj': 0, 'reason': '1号艇rel_win1 < 45%: 通常判定に委ねる', 'tenji_trigger': ''}",,,30.6,両建て推奨,23.28,31,3,,,,,,,,,,,
2025-04-12,丸亀,3,3,下條雄太,A1,34.13,3,○,19.7306,46.5,59,86.5,0.137,2.7162,,,0,低,44,0,-,442525,0,55.5,1.1213,,,,,,0.019,0.169,0.0381,,○,C,◎,,0.4169,0.662,,0.3578,B,54,0,◎○△フォーメーション（15〜20点）,0.5777,"{'is_target': False, 'verdict': '対象外', 'max_combo_prob': None, 'est_top_odds': None, 'circle_concentration': None, 'eligible_count': 0, 'bet_adj': 0, 'reason': '1号艇rel_win1 < 45%: 通常判定に委ねる', 'tenji_trigger': ''}",,,30.6,両建て推奨,23.28,31,3,,,,,,,,,,,
2025-04-12,丸亀,3,4,田中宏樹,B1,31.78,4,,15.3691,19.7,100,63.6,0.1775,3.8091,,,0,低,128,0,差0% ま0%,4 126,0,71.2,1.2019,0,0.0833,0.0417,0,0.0417,0.2,0.02,0.18,,,D,△,◎,0.2191,0.6195,0.2569,0.3578,B,54,0,◎○△フォーメーション（15〜20点）,0.5777,"{'is_target': False, 'verdict': '対象外', 'max_combo_prob': None, 'est_top_odds': None, 'circle_concentration': None, 'eligible_count': 0, 'bet_adj': 0, 'reason': '1号艇rel_win1 < 45%: 通常判定に委ねる', 'tenji_trigger': ''}",,,30.6,両建て推奨,23.28,31,3,,,,,,,,,,,
2025-04-12,丸亀,3,5,福田　理,B1,31.78,5,,5.3069,2.3,58,21.5,0.1726,3.5385,,,0,低,126,0,-,544 54,0,29.4,0.6169,0,0,0,0.0294,0,0.1446,0.4967,0.1446,,,D,,,0.2395,0.594,,0.3578,B,54,0,◎○△フォーメーション（15〜20点）,0.5777,"{'is_target': False, 'verdict': '対象外', 'max_combo_prob': None, 'est_top_odds': None, 'circle_concentration': None, 'eligible_count': 0, 'bet_adj': 0, 'reason': '1号艇rel_win1 < 45%: 通常判定に委ねる', 'tenji_trigger': ''}",,,30.6,両建て推奨,23.28,31,3,,,,,,,,,,,
2025-04-12,丸亀,3,6,山田亮太,A2,41.13,6,▲,3.6621,3.4,75,34.8,0.1452,3.2935,,,0,低,92,0,-,433 11,0,48,1.38,,,,,,0.1058,0.0308,0.0615,,,B,○,,0.361,0.642,,0.3578,B,54,0,◎○△フォーメーション（15〜20点）,0.5777,"{'is_target': False, 'verdict': '対象外', 'max_combo_prob': None, 'est_top_odds': None, 'circle_concentration': None, 'eligible_count': 0, 'bet_adj': 0, 'reason': '1号艇rel_win1 < 45%: 通常判定に委ねる', 'tenji_trigger': ''}",,,30.6,両建て推奨,23.28,31,3,,,,,,,,,,,
2025-04-12,丸亀,4,1,尾崎雄二,A2,32.26,1,◎,53.0256,,0,86.4,0.1663,3.4153,,,0,低,133,0,逃1%,323541,0,68,0.929,0.5556,,,,,0.1667,0.1667,0.0556,◎,,C,◎,,,0.6365,,0.4764,S,84,0,◎1着固定 2-3着流し（5〜8点）,0.5777,"{'is_target': True, 'verdict': '参加推奨', 'max_combo_prob': 0.1066, 'est_top_odds': 12.5, 'circle_concentration': 69.0, 'eligible_count': 6, 'bet_adj': 2, 'reason': 'rel_win1=53.0%（本命度） / 最有力組み合わせ確率: 0.107（推定実オッズ?12倍） / 2着集中度: 上位2艇 69.0%（補正+0.00） / 総合判定確率: 0.107 / → ヒモ分散。1号艇1着固定で広めのヒモ流し推奨（買い目+2点）', 'tenji_trigger': '展示確認: ヒモ分散レース。1号艇伸び確認後、広めのヒモ流しを採用。穴ヒモ（5・6号艇）を積極的に含める。'}",,,29.4,逃げ狙い,17.85,32.1,2,,,,,0,0,0.7559,0,,逃げ軸流し,A
2025-04-12,丸亀,4,2,金子和之,A1,31.01,2,,16.5384,46.6,59,66,0.1713,3.7547,,,0,低,99,0,-,333346,0,71.2,1.3074,0,0.15,0,0,0.05,0.0444,0.1778,0,,,D,△,,0.2846,0.6185,,0.4764,S,84,0,◎1着固定 2-3着流し（5〜8点）,0.5777,"{'is_target': True, 'verdict': '参加推奨', 'max_combo_prob': 0.1066, 'est_top_odds': 12.5, 'circle_concentration': 69.0, 'eligible_count': 6, 'bet_adj': 2, 'reason': 'rel_win1=53.0%（本命度） / 最有力組み合わせ確率: 0.107（推定実オッズ?12倍） / 2着集中度: 上位2艇 69.0%（補正+0.00） / 総合判定確率: 0.107 / → ヒモ分散。1号艇1着固定で広めのヒモ流し推奨（買い目+2点）', 'tenji_trigger': '展示確認: ヒモ分散レース。1号艇伸び確認後、広めのヒモ流しを採用。穴ヒモ（5・6号艇）を積極的に含める。'}",,,29.4,逃げ狙い,17.85,32.1,2,,,,,,,,,,,
2025-04-12,丸亀,4,3,畔柳俊吾,B1,35.56,3,▲,10.169,22.3,100,71.2,0.1698,3.7788,,,0,低,164,0,-,142 44,0,47.5,0.916,0,0,0.0476,0,0,0.287,0.2217,0.2696,,,B,,,0.2642,0.5885,,0.4764,S,84,0,◎1着固定 2-3着流し（5〜8点）,0.5777,"{'is_target': True, 'verdict': '参加推奨', 'max_combo_prob': 0.1066, 'est_top_odds': 12.5, 'circle_concentration': 69.0, 'eligible_count': 6, 'bet_adj': 2, 'reason': 'rel_win1=53.0%（本命度） / 最有力組み合わせ確率: 0.107（推定実オッズ?12倍） / 2着集中度: 上位2艇 69.0%（補正+0.00） / 総合判定確率: 0.107 / → ヒモ分散。1号艇1着固定で広めのヒモ流し推奨（買い目+2点）', 'tenji_trigger': '展示確認: ヒモ分散レース。1号艇伸び確認後、広めのヒモ流しを採用。穴ヒモ（5・6号艇）を積極的に含める。'}",,,29.4,逃げ狙い,17.85,32.1,2,,,,,,,,,,,
2025-04-12,丸亀,4,4,橋本　明,B1,31.54,4,△,6.5483,14,58,45.2,0.1666,3.5,,,0,低,124,0,-,124 44,0,21.9,0.5957,,,,,,0.3143,0.1762,0.0381,,,C,△,,0.3122,0.6215,,0.4764,S,84,0,◎1着固定 2-3着流し（5〜8点）,0.5777,"{'is_target': True, 'verdict': '参加推奨', 'max_combo_prob': 0.1066, 'est_top_odds': 12.5, 'circle_concentration': 69.0, 'eligible_count': 6, 'bet_adj': 2, 'reason': 'rel_win1=53.0%（本命度） / 最有力組み合わせ確率: 0.107（推定実オッズ?12倍） / 2着集中度: 上位2艇 69.0%（補正+0.00） / 総合判定確率: 0.107 / → ヒモ分散。1号艇1着固定で広めのヒモ流し推奨（買い目+2点）', 'tenji_trigger': '展示確認: ヒモ分散レース。1号艇伸び確認後、広めのヒモ流しを採用。穴ヒモ（5・6号艇）を積極的に含める。'}",,,29.4,逃げ狙い,17.85,32.1,2,,,,,,,,,,,
2025-04-12,丸亀,4,5,佐藤大佑,A2,32.31,5,○,11.8116,12.9,38,40,0.161,3.15,,,0,低,121,0,ま0% 差ま0%,4 6555,0,84.9,1.4214,0,0,0.1,0.0333,0,0.0333,0.1333,0.0333,,,C,,◎,0.3182,0.59,0.2818,0.4764,S,84,0,◎1着固定 2-3着流し（5〜8点）,0.5777,"{'is_target': True, 'verdict': '参加推奨', 'max_combo_prob': 0.1066, 'est_top_odds': 12.5, 'circle_concentration': 69.0, 'eligible_count': 6, 'bet_adj': 2, 'reason': 'rel_win1=53.0%（本命度） / 最有力組み合わせ確率: 0.107（推定実オッズ?12倍） / 2着集中度: 上位2艇 69.0%（補正+0.00） / 総合判定確率: 0.107 / → ヒモ分散。1号艇1着固定で広めのヒモ流し推奨（買い目+2点）', 'tenji_trigger': '展示確認: ヒモ分散レース。1号艇伸び確認後、広めのヒモ流しを採用。穴ヒモ（5・6号艇）を積極的に含める。'}",,,29.4,逃げ狙い,17.85,32.1,2,,,,,,,,,,,
2025-04-12,丸亀,4,6,井上大輔,B1,27.73,6,,1.9071,4.1,36,22.2,0.1765,3.8241,,,0,低,121,0,-,156 26,0,36.8,0.9764,,,,,,0.22,0.14,0.06,,,E,○,,0.2786,0.6275,,0.4764,S,84,0,◎1着固定 2-3着流し（5〜8点）,0.5777,"{'is_target': True, 'verdict': '参加推奨', 'max_combo_prob': 0.1066, 'est_top_odds': 12.5, 'circle_concentration': 69.0, 'eligible_count': 6, 'bet_adj': 2, 'reason': 'rel_win1=53.0%（本命度） / 最有力組み合わせ確率: 0.107（推定実オッズ?12倍） / 2着集中度: 上位2艇 69.0%（補正+0.00） / 総合判定確率: 0.107 / → ヒモ分散。1号艇1着固定で広めのヒモ流し推奨（買い目+2点）', 'tenji_trigger': '展示確認: ヒモ分散レース。1号艇伸び確認後、広めのヒモ流しを採用。穴ヒモ（5・6号艇）を積極的に含める。'}",,,29.4,逃げ狙い,17.85,32.1,2,,,,,,,,,,,
2025-04-12,丸亀,5,1,鈴木裕隆,A2,37.14,1,◎,51.1268,,0,88.1,0.1531,2.9328,,,0,低,149,0,-,243226,0,84.4,1.2501,0.3548,,,,,0.2903,0.2274,0.0887,◎,,C,○,,,0.661,,0.4733,A,78,0,◎-○軸 3着3〜4艇流し（10〜15点）,0.5777,"{'is_target': True, 'verdict': '参加推奨', 'max_combo_prob': 0.0433, 'est_top_odds': 30.8, 'circle_concentration': 51.1, 'eligible_count': 8, 'bet_adj': 2, 'reason': 'rel_win1=51.1%（本命度） / 最有力組み合わせ確率: 0.043（推定実オッズ?31倍） / 2着集中度: 上位2艇 51.1%（補正-0.04） / 総合判定確率: 0.003 / → ヒモ分散。1号艇1着固定で広めのヒモ流し推奨（買い目+2点）', 'tenji_trigger': '展示確認: ヒモ分散レース。1号艇伸び確認後、広めのヒモ流しを採用。穴ヒモ（5・6号艇）を積極的に含める。'}",,,30.7,逃げ狙い,15.92,37.6,5,,,,,0,0,0.7559,0,,逃げ軸流し,A
2025-04-12,丸亀,5,2,中里昌志,B1,43.61,2,△,11.5787,28.7,77,50,0.2015,4.2045,,,0,低,140,0,差0%,6 222,0,24,0.8557,0,0.04,0,0,0,0.3162,0.2152,0.1962,,,B,△,,0.1009,0.604,,0.4733,A,78,0,◎-○軸 3着3〜4艇流し（10〜15点）,0.5777,"{'is_target': True, 'verdict': '参加推奨', 'max_combo_prob': 0.0433, 'est_top_odds': 30.8, 'circle_concentration': 51.1, 'eligible_count': 8, 'bet_adj': 2, 'reason': 'rel_win1=51.1%（本命度） / 最有力組み合わせ確率: 0.043（推定実オッズ?31倍） / 2着集中度: 上位2艇 51.1%（補正-0.04） / 総合判定確率: 0.003 / → ヒモ分散。1号艇1着固定で広めのヒモ流し推奨（買い目+2点）', 'tenji_trigger': '展示確認: ヒモ分散レース。1号艇伸び確認後、広めのヒモ流しを採用。穴ヒモ（5・6号艇）を積極的に含める。'}",,,30.7,逃げ狙い,15.92,37.6,5,,,,,,,,,,,
2025-04-12,丸亀,5,3,竹本太樹,B2,34.88,3,,6.9365,18.2,79,36.4,0.1745,3.6818,,,0,低,79,0,-,5 631,0,43.9,1.0831,,,,,,0.0211,0.3053,0.2053,,,D,,,0.2442,0.5475,,0.4733,A,78,0,◎-○軸 3着3〜4艇流し（10〜15点）,0.5777,"{'is_target': True, 'verdict': '参加推奨', 'max_combo_prob': 0.0433, 'est_top_odds': 30.8, 'circle_concentration': 51.1, 'eligible_count': 8, 'bet_adj': 2, 'reason': 'rel_win1=51.1%（本命度） / 最有力組み合わせ確率: 0.043（推定実オッズ?31倍） / 2着集中度: 上位2艇 51.1%（補正-0.04） / 総合判定確率: 0.003 / → ヒモ分散。1号艇1着固定で広めのヒモ流し推奨（買い目+2点）', 'tenji_trigger': '展示確認: ヒモ分散レース。1号艇伸び確認後、広めのヒモ流しを採用。穴ヒモ（5・6号艇）を積極的に含める。'}",,,30.7,逃げ狙い,15.92,37.6,5,,,,,,,,,,,
2025-04-12,丸亀,5,4,大澤大夢,B1,40.14,4,▲,10.7497,22.4,91,48.6,0.158,3.2432,,,0,低,103,0,抜0%,523 32,0,48,1.0838,0,0,0.0645,0.0323,0.0323,0.1632,0.1421,0.1211,,,B,△,○,0.3055,0.644,0.2476,0.4733,A,78,0,◎-○軸 3着3〜4艇流し（10〜15点）,0.5777,"{'is_target': True, 'verdict': '参加推奨', 'max_combo_prob': 0.0433, 'est_top_odds': 30.8, 'circle_concentration': 51.1, 'eligible_count': 8, 'bet_adj': 2, 'reason': 'rel_win1=51.1%（本命度） / 最有力組み合わせ確率: 0.043（推定実オッズ?31倍） / 2着集中度: 上位2艇 51.1%（補正-0.04） / 総合判定確率: 0.003 / → ヒモ分散。1号艇1着固定で広めのヒモ流し推奨（買い目+2点）', 'tenji_trigger': '展示確認: ヒモ分散レース。1号艇伸び確認後、広めのヒモ流しを採用。穴ヒモ（5・6号艇）を積極的に含める。'}",,,30.7,逃げ狙い,15.92,37.6,5,,,,,,,,,,,
2025-04-12,丸亀,5,5,白神　優,A1,39.06,5,○,14.7945,19.5,69,57.9,0.1342,2.7456,,,0,低,56,0,-,251 12,0,100,2.1436,0,0,0.0645,0.0968,0.0323,0.0343,0.0457,0.0229,,,C,◎,◎,0.3967,0.6735,0.4173,0.4733,A,78,0,◎-○軸 3着3〜4艇流し（10〜15点）,0.5777,"{'is_target': True, 'verdict': '参加推奨', 'max_combo_prob': 0.0433, 'est_top_odds': 30.8, 'circle_concentration': 51.1, 'eligible_count': 8, 'bet_adj': 2, 'reason': 'rel_win1=51.1%（本命度） / 最有力組み合わせ確率: 0.043（推定実オッズ?31倍） / 2着集中度: 上位2艇 51.1%（補正-0.04） / 総合判定確率: 0.003 / → ヒモ分散。1号艇1着固定で広めのヒモ流し推奨（買い目+2点）', 'tenji_trigger': '展示確認: ヒモ分散レース。1号艇伸び確認後、広めのヒモ流しを採用。穴ヒモ（5・6号艇）を積極的に含める。'}",,,30.7,逃げ狙い,15.92,37.6,5,,,,,,,,,,,
2025-04-12,丸亀,5,6,村松修二,A2,35.20,6,,4.8138,11.2,100,50,0.1723,3.4327,,,0,低,81,0,-,21121,0,39,1.0647,0,0,0.0455,0,0,0.0308,0.0308,0.3341,,,D,,,0.2588,0.596,,0.4733,A,78,0,◎-○軸 3着3〜4艇流し（10〜15点）,0.5777,"{'is_target': True, 'verdict': '参加推奨', 'max_combo_prob': 0.0433, 'est_top_odds': 30.8, 'circle_concentration': 51.1, 'eligible_count': 8, 'bet_adj': 2, 'reason': 'rel_win1=51.1%（本命度） / 最有力組み合わせ確率: 0.043（推定実オッズ?31倍） / 2着集中度: 上位2艇 51.1%（補正-0.04） / 総合判定確率: 0.003 / → ヒモ分散。1号艇1着固定で広めのヒモ流し推奨（買い目+2点）', 'tenji_trigger': '展示確認: ヒモ分散レース。1号艇伸び確認後、広めのヒモ流しを採用。穴ヒモ（5・6号艇）を積極的に含める。'}",,,30.7,逃げ狙い,15.92,37.6,5,,,,,,,,,,,
2025-04-12,丸亀,6,1,平石和男,A2,33.86,1,◎,45.0582,,0,92.1,0.1829,3.9831,,,0,低,226,0,-,1 3634,0,88.4,1.1907,0.4359,,,,,0.1058,0.1706,0.2354,△,,C,○,,,0.6275,,0.2485,B,56,0,◎○△フォーメーション（15〜20点）,0.5777,"{'is_target': True, 'verdict': '参加推奨', 'max_combo_prob': 0.0526, 'est_top_odds': 25.3, 'circle_concentration': 67.1, 'eligible_count': 9, 'bet_adj': 2, 'reason': 'rel_win1=45.1%（本命度） / 最有力組み合わせ確率: 0.053（推定実オッズ?25倍） / 2着集中度: 上位2艇 67.1%（補正+0.00） / 総合判定確率: 0.053 / → ヒモ分散。1号艇1着固定で広めのヒモ流し推奨（買い目+2点）', 'tenji_trigger': '展示確認: ヒモ分散レース。1号艇伸び確認後、広めのヒモ流しを採用。穴ヒモ（5・6号艇）を積極的に含める。\n展示で1号艇スタート遅め(0.183秒)確認→ヒモが荒れやすい'}",,,34.6,両建て推奨,32.66,34.3,3,3-5-4|3-4-5|1-2-4|1-3-4|1-2-3|1-4-3|1-3-2,6-1-2|3-5-4|2-1-4|3-4-5|6-1-4|6-2-1|2-1-5|1-2-4|1-3-4|1-2-3|1-4-3|1-3-2,3-5-4:2.52%|3-4-5:2.21%|1-2-4:7.92%|1-3-4:7.71%|1-2-3:7.67%|1-4-3:6.69%|1-3-2:6.02%,3-5-4:B_main|3-4-5:B_main|1-2-4:A|1-3-4:A|1-2-3:A|1-4-3:A|1-3-2:A,7,12,0.4535,1,[!]見送り推奨（主役決まり手「まくり」― 逃げ劣勢レースで的中実績なし）,荒れ広め,D
2025-04-12,丸亀,6,2,宇土泰就,B1,26.77,2,,5.771,34.1,82,48.6,0.1704,3.8357,,,0,低,106,0,-,356 22,0,53,0.716,,,,,,0.1471,0.4412,0.0471,,○,D,△,,0.4684,0.619,,0.2485,B,56,0,◎○△フォーメーション（15〜20点）,0.5777,"{'is_target': True, 'verdict': '参加推奨', 'max_combo_prob': 0.0526, 'est_top_odds': 25.3, 'circle_concentration': 67.1, 'eligible_count': 9, 'bet_adj': 2, 'reason': 'rel_win1=45.1%（本命度） / 最有力組み合わせ確率: 0.053（推定実オッズ?25倍） / 2着集中度: 上位2艇 67.1%（補正+0.00） / 総合判定確率: 0.053 / → ヒモ分散。1号艇1着固定で広めのヒモ流し推奨（買い目+2点）', 'tenji_trigger': '展示確認: ヒモ分散レース。1号艇伸び確認後、広めのヒモ流しを採用。穴ヒモ（5・6号艇）を積極的に含める。\n展示で1号艇スタート遅め(0.183秒)確認→ヒモが荒れやすい'}",,,34.6,両建て推奨,32.66,34.3,3,,,,,,,,,,,
2025-04-12,丸亀,6,3,中辻崇人,A1,24.62,3,▲,29.7104,26.8,100,85.7,0.1331,2.5286,,,0,低,42,0,差ま0%,22111,0,87.9,1.6983,0,0.0769,0.6154,0.1538,0,0.2667,0,0,,◎,E,◎,,0.6232,0.6505,,0.2485,B,56,0,◎○△フォーメーション（15〜20点）,0.5777,"{'is_target': True, 'verdict': '参加推奨', 'max_combo_prob': 0.0526, 'est_top_odds': 25.3, 'circle_concentration': 67.1, 'eligible_count': 9, 'bet_adj': 2, 'reason': 'rel_win1=45.1%（本命度） / 最有力組み合わせ確率: 0.053（推定実オッズ?25倍） / 2着集中度: 上位2艇 67.1%（補正+0.00） / 総合判定確率: 0.053 / → ヒモ分散。1号艇1着固定で広めのヒモ流し推奨（買い目+2点）', 'tenji_trigger': '展示確認: ヒモ分散レース。1号艇伸び確認後、広めのヒモ流しを採用。穴ヒモ（5・6号艇）を積極的に含める。\n展示で1号艇スタート遅め(0.183秒)確認→ヒモが荒れやすい'}",,,34.6,両建て推奨,32.66,34.3,3,,,,,,,,,,,
2025-04-12,丸亀,6,4,川原祐明,A2,49.58,4,○,12.5975,33,77,66.1,0.1564,3.2768,,,0,低,110,0,-,243 12,0,61.3,1.1117,0,0.037,0.037,0.1481,0.037,0.0276,0.1014,0.0138,,△,A,△,◎,0.4204,0.6185,0.5247,0.2485,B,56,0,◎○△フォーメーション（15〜20点）,0.5777,"{'is_target': True, 'verdict': '参加推奨', 'max_combo_prob': 0.0526, 'est_top_odds': 25.3, 'circle_concentration': 67.1, 'eligible_count': 9, 'bet_adj': 2, 'reason': 'rel_win1=45.1%（本命度） / 最有力組み合わせ確率: 0.053（推定実オッズ?25倍） / 2着集中度: 上位2艇 67.1%（補正+0.00） / 総合判定確率: 0.053 / → ヒモ分散。1号艇1着固定で広めのヒモ流し推奨（買い目+2点）', 'tenji_trigger': '展示確認: ヒモ分散レース。1号艇伸び確認後、広めのヒモ流しを採用。穴ヒモ（5・6号艇）を積極的に含める。\n展示で1号艇スタート遅め(0.183秒)確認→ヒモが荒れやすい'}",,,34.6,両建て推奨,32.66,34.3,3,,,,,,,,,,,
2025-04-12,丸亀,6,5,森林　太,B1,34.68,5,△,5.9617,5.3,89,30.3,0.2191,4.5833,,,0,低,204,0,-,261 55,0,31.7,1.1938,0,0,0,0.0385,0,0.0667,0.3556,0.1222,,,B,,,0.1905,0.555,,0.2485,B,56,0,◎○△フォーメーション（15〜20点）,0.5777,"{'is_target': True, 'verdict': '参加推奨', 'max_combo_prob': 0.0526, 'est_top_odds': 25.3, 'circle_concentration': 67.1, 'eligible_count': 9, 'bet_adj': 2, 'reason': 'rel_win1=45.1%（本命度） / 最有力組み合わせ確率: 0.053（推定実オッズ?25倍） / 2着集中度: 上位2艇 67.1%（補正+0.00） / 総合判定確率: 0.053 / → ヒモ分散。1号艇1着固定で広めのヒモ流し推奨（買い目+2点）', 'tenji_trigger': '展示確認: ヒモ分散レース。1号艇伸び確認後、広めのヒモ流しを採用。穴ヒモ（5・6号艇）を積極的に含める。\n展示で1号艇スタート遅め(0.183秒)確認→ヒモが荒れやすい'}",,,34.6,両建て推奨,32.66,34.3,3,,,,,,,,,,,
2025-04-12,丸亀,6,6,土井祥伍,B1,31.25,6,,0.9012,0.8,26,14.9,0.223,4.7766,,,0,低,170,0,-,534 64,0,28.1,0.5594,,,,,,0,0.3556,0.1667,,,D,,,0.2118,0.578,,0.2485,B,56,0,◎○△フォーメーション（15〜20点）,0.5777,"{'is_target': True, 'verdict': '参加推奨', 'max_combo_prob': 0.0526, 'est_top_odds': 25.3, 'circle_concentration': 67.1, 'eligible_count': 9, 'bet_adj': 2, 'reason': 'rel_win1=45.1%（本命度） / 最有力組み合わせ確率: 0.053（推定実オッズ?25倍） / 2着集中度: 上位2艇 67.1%（補正+0.00） / 総合判定確率: 0.053 / → ヒモ分散。1号艇1着固定で広めのヒモ流し推奨（買い目+2点）', 'tenji_trigger': '展示確認: ヒモ分散レース。1号艇伸び確認後、広めのヒモ流しを採用。穴ヒモ（5・6号艇）を積極的に含める。\n展示で1号艇スタート遅め(0.183秒)確認→ヒモが荒れやすい'}",,,34.6,両建て推奨,32.66,34.3,3,,,,,,,,,,,
2025-04-12,丸亀,7,1,山下和彦,A1,31.54,1,◎,57.4318,,0,83.6,0.1723,3.6164,,,0,低,134,0,逃1%,5 2352,0,61.3,0.9188,0.5,,,,,0.0375,0.0625,0.1732,△,,C,△,,,0.6275,,0.3248,A,77,0,◎-○軸 3着3〜4艇流し（10〜15点）,0.5777,"{'is_target': True, 'verdict': '参加推奨', 'max_combo_prob': 0.0537, 'est_top_odds': 24.8, 'circle_concentration': 56.9, 'eligible_count': 8, 'bet_adj': 2, 'reason': 'rel_win1=57.4%（本命度） / 最有力組み合わせ確率: 0.054（推定実オッズ?25倍） / 2着集中度: 上位2艇 56.9%（補正+0.00） / 総合判定確率: 0.054 / → ヒモ分散。1号艇1着固定で広めのヒモ流し推奨（買い目+2点）', 'tenji_trigger': '展示確認: ヒモ分散レース。1号艇伸び確認後、広めのヒモ流しを採用。穴ヒモ（5・6号艇）を積極的に含める。'}",,,25.8,逃げ狙い,11.6,27.3,4,3-1-4|1-3-5|1-3-4|1-5-4|1-5-3|1-2-5,5-1-6|4-1-5|4-1-6|5-1-2|3-1-4|5-6-1|4-5-6|1-3-5|1-3-4|1-5-4|1-5-3|1-2-5,3-1-4:1.87%|1-3-5:5.43%|1-3-4:5.15%|1-5-4:5.0%|1-5-3:4.78%|1-2-5:4.7%,3-1-4:B_main|1-3-5:A|1-3-4:A|1-5-4:A|1-5-3:A|1-2-5:A,6,12,0.4535,1,[!]見送り推奨（主役決まり手「まくり差し」― 逃げ劣勢レースで的中実績なし）,荒れ広め,D
2025-04-12,丸亀,7,2,福田　理,B1,31.78,2,▲,12.1019,20,58,36.5,0.169,3.5635,,,0,低,126,0,-,544 54,0,82.3,1.5269,0,0.0625,0.0625,0,0,0.1446,0.4967,0.1446,,,C,,,0.3525,0.594,,0.3248,A,77,0,◎-○軸 3着3〜4艇流し（10〜15点）,0.5777,"{'is_target': True, 'verdict': '参加推奨', 'max_combo_prob': 0.0537, 'est_top_odds': 24.8, 'circle_concentration': 56.9, 'eligible_count': 8, 'bet_adj': 2, 'reason': 'rel_win1=57.4%（本命度） / 最有力組み合わせ確率: 0.054（推定実オッズ?25倍） / 2着集中度: 上位2艇 56.9%（補正+0.00） / 総合判定確率: 0.054 / → ヒモ分散。1号艇1着固定で広めのヒモ流し推奨（買い目+2点）', 'tenji_trigger': '展示確認: ヒモ分散レース。1号艇伸び確認後、広めのヒモ流しを採用。穴ヒモ（5・6号艇）を積極的に含める。'}",,,25.8,逃げ狙い,11.6,27.3,4,,,,,,,,,,,
2025-04-12,丸亀,7,3,林　祐介,A2,28.06,3,,9.3991,25.5,91,52.1,0.1338,3.3333,,,0,低,103,0,-,6 4454,0,21.9,0.6842,0,0,0,0.0526,0,0.0154,0.1615,0.2923,,◎,E,◎,,0.4704,0.6605,,0.3248,A,77,0,◎-○軸 3着3〜4艇流し（10〜15点）,0.5777,"{'is_target': True, 'verdict': '参加推奨', 'max_combo_prob': 0.0537, 'est_top_odds': 24.8, 'circle_concentration': 56.9, 'eligible_count': 8, 'bet_adj': 2, 'reason': 'rel_win1=57.4%（本命度） / 最有力組み合わせ確率: 0.054（推定実オッズ?25倍） / 2着集中度: 上位2艇 56.9%（補正+0.00） / 総合判定確率: 0.054 / → ヒモ分散。1号艇1着固定で広めのヒモ流し推奨（買い目+2点）', 'tenji_trigger': '展示確認: ヒモ分散レース。1号艇伸び確認後、広めのヒモ流しを採用。穴ヒモ（5・6号艇）を積極的に含める。'}",,,25.8,逃げ狙い,11.6,27.3,4,,,,,,,,,,,
2025-04-12,丸亀,7,4,八木治樹,B1,29.84,4,△,10.6769,17,87,51.3,0.1336,2.7821,,,0,低,75,0,差ま0% 抜0%,6 143,0,59.7,1.1538,0,0,0,0.0526,0.0526,0.3,0.25,0.075,,○,D,,,0.4466,0.603,,0.3248,A,77,0,◎-○軸 3着3〜4艇流し（10〜15点）,0.5777,"{'is_target': True, 'verdict': '参加推奨', 'max_combo_prob': 0.0537, 'est_top_odds': 24.8, 'circle_concentration': 56.9, 'eligible_count': 8, 'bet_adj': 2, 'reason': 'rel_win1=57.4%（本命度） / 最有力組み合わせ確率: 0.054（推定実オッズ?25倍） / 2着集中度: 上位2艇 56.9%（補正+0.00） / 総合判定確率: 0.054 / → ヒモ分散。1号艇1着固定で広めのヒモ流し推奨（買い目+2点）', 'tenji_trigger': '展示確認: ヒモ分散レース。1号艇伸び確認後、広めのヒモ流しを採用。穴ヒモ（5・6号艇）を積極的に含める。'}",,,25.8,逃げ狙い,11.6,27.3,4,,,,,,,,,,,
2025-04-12,丸亀,7,5,佐々木大,B1,41.73,5,○,6.8082,31.4,59,50,0.1296,2.8214,,,0,低,74,0,-,6 461,0,89.4,1.5874,0,0,0,0.08,0,0,0.0364,0.2623,,△,B,△,,0.4385,0.637,,0.3248,A,77,0,◎-○軸 3着3〜4艇流し（10〜15点）,0.5777,"{'is_target': True, 'verdict': '参加推奨', 'max_combo_prob': 0.0537, 'est_top_odds': 24.8, 'circle_concentration': 56.9, 'eligible_count': 8, 'bet_adj': 2, 'reason': 'rel_win1=57.4%（本命度） / 最有力組み合わせ確率: 0.054（推定実オッズ?25倍） / 2着集中度: 上位2艇 56.9%（補正+0.00） / 総合判定確率: 0.054 / → ヒモ分散。1号艇1着固定で広めのヒモ流し推奨（買い目+2点）', 'tenji_trigger': '展示確認: ヒモ分散レース。1号艇伸び確認後、広めのヒモ流しを採用。穴ヒモ（5・6号艇）を積極的に含める。'}",,,25.8,逃げ狙い,11.6,27.3,4,,,,,,,,,,,
2025-04-12,丸亀,7,6,北村征嗣,A1,38.13,6,,3.5821,6.1,100,53.7,0.189,4.2805,,,0,低,114,0,-,43112,0,36,0.8303,,,,,,0.0186,0.1742,0.0825,,,B,○,,0.2687,0.656,,0.3248,A,77,0,◎-○軸 3着3〜4艇流し（10〜15点）,0.5777,"{'is_target': True, 'verdict': '参加推奨', 'max_combo_prob': 0.0537, 'est_top_odds': 24.8, 'circle_concentration': 56.9, 'eligible_count': 8, 'bet_adj': 2, 'reason': 'rel_win1=57.4%（本命度） / 最有力組み合わせ確率: 0.054（推定実オッズ?25倍） / 2着集中度: 上位2艇 56.9%（補正+0.00） / 総合判定確率: 0.054 / → ヒモ分散。1号艇1着固定で広めのヒモ流し推奨（買い目+2点）', 'tenji_trigger': '展示確認: ヒモ分散レース。1号艇伸び確認後、広めのヒモ流しを採用。穴ヒモ（5・6号艇）を積極的に含める。'}",,,25.8,逃げ狙い,11.6,27.3,4,,,,,,,,,,,
2025-04-12,丸亀,8,1,大場　敏,A2,27.78,1,◎,62.8347,,0,86.9,0.1417,2.8214,,,0,低,93,0,逃0%,31525,0,87.8,1.1265,0.6667,,,,,0.0933,0.1756,0.0111,◎,,D,◎,,,0.7095,,0.518,S,86,0,◎1着固定 2-3着流し（5〜8点）,0.5777,"{'is_target': True, 'verdict': '点数絞り', 'max_combo_prob': 0.1068, 'est_top_odds': 12.5, 'circle_concentration': 78.0, 'eligible_count': 6, 'bet_adj': 0, 'reason': 'rel_win1=62.8%（本命度） / 最有力組み合わせ確率: 0.107（推定実オッズ?12倍） / 2着集中度: 上位2艇 78.0%（補正+0.04） / 総合判定確率: 0.147 / → ヒモはやや固め。上位2艇以外を切ること', 'tenji_trigger': '展示確認: 1号艇伸び良→そのまま採用。悪→飛び組に差し替え。circle_pct上位2艇に絞り込むこと。'}",,,28.7,逃げ狙い,20.24,28.3,4,,,,,0,0,0.7559,0,,逃げ軸流し,A
2025-04-12,丸亀,8,2,松竹大輔,A2,34.75,2,▲,13.4424,52.5,81,59,0.1506,3.2756,,,0,低,112,0,差0%,5 5516,0,48.7,1.0067,0,0.069,0,0,0,0.0444,0.0889,0.2093,,,C,△,,0.2396,0.6475,,0.518,S,86,0,◎1着固定 2-3着流し（5〜8点）,0.5777,"{'is_target': True, 'verdict': '点数絞り', 'max_combo_prob': 0.1068, 'est_top_odds': 12.5, 'circle_concentration': 78.0, 'eligible_count': 6, 'bet_adj': 0, 'reason': 'rel_win1=62.8%（本命度） / 最有力組み合わせ確率: 0.107（推定実オッズ?12倍） / 2着集中度: 上位2艇 78.0%（補正+0.04） / 総合判定確率: 0.147 / → ヒモはやや固め。上位2艇以外を切ること', 'tenji_trigger': '展示確認: 1号艇伸び良→そのまま採用。悪→飛び組に差し替え。circle_pct上位2艇に絞り込むこと。'}",,,28.7,逃げ狙い,20.24,28.3,4,,,,,,,,,,,
2025-04-12,丸亀,8,3,南野利騰,B2,26.92,3,,5.8313,17.6,73,35.6,0.1661,3.7458,,,0,低,99,0,差0%,3 543,0,36.4,0.6912,0,0.0323,0,0,0,0.3924,0.2971,0.0762,,,E,△,,0.1793,0.616,,0.518,S,86,0,◎1着固定 2-3着流し（5〜8点）,0.5777,"{'is_target': True, 'verdict': '点数絞り', 'max_combo_prob': 0.1068, 'est_top_odds': 12.5, 'circle_concentration': 78.0, 'eligible_count': 6, 'bet_adj': 0, 'reason': 'rel_win1=62.8%（本命度） / 最有力組み合わせ確率: 0.107（推定実オッズ?12倍） / 2着集中度: 上位2艇 78.0%（補正+0.04） / 総合判定確率: 0.147 / → ヒモはやや固め。上位2艇以外を切ること', 'tenji_trigger': '展示確認: 1号艇伸び良→そのまま採用。悪→飛び組に差し替え。circle_pct上位2艇に絞り込むこと。'}",,,28.7,逃げ狙い,20.24,28.3,4,,,,,,,,,,,
2025-04-12,丸亀,8,4,森作雄大,A2,44.09,4,○,13.0794,25.5,64,51.3,0.1221,2.2105,,,0,低,68,0,ま0% 差ま0%,166 S6,0,68.5,1.2594,0,0,0.2353,0.0588,0,0.0414,0.2966,0.1218,,◎,A,○,◎,0.4484,0.67,0.3915,0.518,S,86,0,◎1着固定 2-3着流し（5〜8点）,0.5777,"{'is_target': True, 'verdict': '点数絞り', 'max_combo_prob': 0.1068, 'est_top_odds': 12.5, 'circle_concentration': 78.0, 'eligible_count': 6, 'bet_adj': 0, 'reason': 'rel_win1=62.8%（本命度） / 最有力組み合わせ確率: 0.107（推定実オッズ?12倍） / 2着集中度: 上位2艇 78.0%（補正+0.04） / 総合判定確率: 0.147 / → ヒモはやや固め。上位2艇以外を切ること', 'tenji_trigger': '展示確認: 1号艇伸び良→そのまま採用。悪→飛び組に差し替え。circle_pct上位2艇に絞り込むこと。'}",,,28.7,逃げ狙い,20.24,28.3,4,,,,,,,,,,,
2025-04-12,丸亀,8,5,松浦　勝,B1,40.00,5,△,3.8298,1.1,72,16.9,0.1548,3.6846,,,0,低,112,0,差ま0%,456 63,0,29.9,0.685,0,0,0,0.0312,0,0.3,0.26,0.04,,,B,,,0.2585,0.6085,,0.518,S,86,0,◎1着固定 2-3着流し（5〜8点）,0.5777,"{'is_target': True, 'verdict': '点数絞り', 'max_combo_prob': 0.1068, 'est_top_odds': 12.5, 'circle_concentration': 78.0, 'eligible_count': 6, 'bet_adj': 0, 'reason': 'rel_win1=62.8%（本命度） / 最有力組み合わせ確率: 0.107（推定実オッズ?12倍） / 2着集中度: 上位2艇 78.0%（補正+0.04） / 総合判定確率: 0.147 / → ヒモはやや固め。上位2艇以外を切ること', 'tenji_trigger': '展示確認: 1号艇伸び良→そのまま採用。悪→飛び組に差し替え。circle_pct上位2艇に絞り込むこと。'}",,,28.7,逃げ狙い,20.24,28.3,4,,,,,,,,,,,
2025-04-12,丸亀,8,6,大谷健太,B1,30.71,6,,0.9824,3.3,100,32.6,0.1551,3.6047,,,0,低,101,0,-,6 313,0,24.4,0.8292,,,,,,0,0.0857,0.1286,,,D,,,0.2977,0.605,,0.518,S,86,0,◎1着固定 2-3着流し（5〜8点）,0.5777,"{'is_target': True, 'verdict': '点数絞り', 'max_combo_prob': 0.1068, 'est_top_odds': 12.5, 'circle_concentration': 78.0, 'eligible_count': 6, 'bet_adj': 0, 'reason': 'rel_win1=62.8%（本命度） / 最有力組み合わせ確率: 0.107（推定実オッズ?12倍） / 2着集中度: 上位2艇 78.0%（補正+0.04） / 総合判定確率: 0.147 / → ヒモはやや固め。上位2艇以外を切ること', 'tenji_trigger': '展示確認: 1号艇伸び良→そのまま採用。悪→飛び組に差し替え。circle_pct上位2艇に絞り込むこと。'}",,,28.7,逃げ狙い,20.24,28.3,4,,,,,,,,,,,
2025-04-12,丸亀,9,1,村松修二,A2,35.20,1,◎,65.9595,,0,84.9,0.1586,3.2652,,,0,低,81,0,逃1%,21121,0,80.4,0.9582,0.6154,,,,,0.0308,0.0308,0.3341,◎,,C,△,,,0.596,,0.4843,A,73,0,◎-○軸 3着3〜4艇流し（10〜15点）,0.5777,"{'is_target': True, 'verdict': '点数絞り', 'max_combo_prob': 0.1117, 'est_top_odds': 11.9, 'circle_concentration': 80.3, 'eligible_count': 8, 'bet_adj': 0, 'reason': 'rel_win1=66.0%（本命度） / 最有力組み合わせ確率: 0.112（推定実オッズ?12倍） / 2着集中度: 上位2艇 80.3%（補正+0.04） / 総合判定確率: 0.152 / → ヒモはやや固め。上位2艇以外を切ること', 'tenji_trigger': '展示確認: 1号艇伸び良→そのまま採用。悪→飛び組に差し替え。circle_pct上位2艇に絞り込むこと。'}",,,28.4,逃げ狙い,18.25,29.1,4,,,,,0,0,0.7559,0,,逃げ軸流し,A
2025-04-12,丸亀,9,2,別府昌樹,A2,45.97,2,○,9.7509,46.4,100,65.4,0.1644,3.4904,,,0,低,109,0,-,114145,0,43.3,0.9226,0,0.0952,0,0,0.0476,0.125,0.125,0.0833,,,A,,,0.2677,0.586,,0.4843,A,73,0,◎-○軸 3着3〜4艇流し（10〜15点）,0.5777,"{'is_target': True, 'verdict': '点数絞り', 'max_combo_prob': 0.1117, 'est_top_odds': 11.9, 'circle_concentration': 80.3, 'eligible_count': 8, 'bet_adj': 0, 'reason': 'rel_win1=66.0%（本命度） / 最有力組み合わせ確率: 0.112（推定実オッズ?12倍） / 2着集中度: 上位2艇 80.3%（補正+0.04） / 総合判定確率: 0.152 / → ヒモはやや固め。上位2艇以外を切ること', 'tenji_trigger': '展示確認: 1号艇伸び良→そのまま採用。悪→飛び組に差し替え。circle_pct上位2艇に絞り込むこと。'}",,,28.4,逃げ狙い,18.25,29.1,4,,,,,,,,,,,
2025-04-12,丸亀,9,3,橋本　明,B1,31.54,3,,7.9125,11.5,84,41.8,0.1609,3.2537,,,0,低,124,0,-,124 44,0,31.2,0.8285,0,0,0,0,0.0323,0.3143,0.1762,0.0381,,,D,△,,0.3042,0.6215,,0.4843,A,73,0,◎-○軸 3着3〜4艇流し（10〜15点）,0.5777,"{'is_target': True, 'verdict': '点数絞り', 'max_combo_prob': 0.1117, 'est_top_odds': 11.9, 'circle_concentration': 80.3, 'eligible_count': 8, 'bet_adj': 0, 'reason': 'rel_win1=66.0%（本命度） / 最有力組み合わせ確率: 0.112（推定実オッズ?12倍） / 2着集中度: 上位2艇 80.3%（補正+0.04） / 総合判定確率: 0.152 / → ヒモはやや固め。上位2艇以外を切ること', 'tenji_trigger': '展示確認: 1号艇伸び良→そのまま採用。悪→飛び組に差し替え。circle_pct上位2艇に絞り込むこと。'}",,,28.4,逃げ狙い,18.25,29.1,4,,,,,,,,,,,
2025-04-12,丸亀,9,4,下條雄太,A1,34.13,4,▲,10.7524,34,63,63.6,0.1327,2.8523,,,0,低,44,0,-,442525,0,39.4,0.6479,0,0.125,0,0,0,0.019,0.169,0.0381,,◎,D,◎,◎,0.4028,0.662,0.4898,0.4843,A,73,0,◎-○軸 3着3〜4艇流し（10〜15点）,0.5777,"{'is_target': True, 'verdict': '点数絞り', 'max_combo_prob': 0.1117, 'est_top_odds': 11.9, 'circle_concentration': 80.3, 'eligible_count': 8, 'bet_adj': 0, 'reason': 'rel_win1=66.0%（本命度） / 最有力組み合わせ確率: 0.112（推定実オッズ?12倍） / 2着集中度: 上位2艇 80.3%（補正+0.04） / 総合判定確率: 0.152 / → ヒモはやや固め。上位2艇以外を切ること', 'tenji_trigger': '展示確認: 1号艇伸び良→そのまま採用。悪→飛び組に差し替え。circle_pct上位2艇に絞り込むこと。'}",,,28.4,逃げ狙い,18.25,29.1,4,,,,,,,,,,,
2025-04-12,丸亀,9,5,尾崎雄二,A2,32.26,5,,4.4146,4.9,54,26.5,0.1674,3.8824,,,0,低,133,0,-,323541,0,28.9,0.6817,0,0,0,0.1111,0,0.1667,0.1667,0.0556,,,D,○,,0.276,0.6365,,0.4843,A,73,0,◎-○軸 3着3〜4艇流し（10〜15点）,0.5777,"{'is_target': True, 'verdict': '点数絞り', 'max_combo_prob': 0.1117, 'est_top_odds': 11.9, 'circle_concentration': 80.3, 'eligible_count': 8, 'bet_adj': 0, 'reason': 'rel_win1=66.0%（本命度） / 最有力組み合わせ確率: 0.112（推定実オッズ?12倍） / 2着集中度: 上位2艇 80.3%（補正+0.04） / 総合判定確率: 0.152 / → ヒモはやや固め。上位2艇以外を切ること', 'tenji_trigger': '展示確認: 1号艇伸び良→そのまま採用。悪→飛び組に差し替え。circle_pct上位2艇に絞り込むこと。'}",,,28.4,逃げ狙い,18.25,29.1,4,,,,,,,,,,,
2025-04-12,丸亀,9,6,岩津徹郎,B1,44.62,6,△,1.21,3.3,29,19.1,0.1943,4.7872,,,0,低,117,0,-,2 543,0,23.3,0.8497,,,,,,0.0706,0.0941,0.2706,,,B,,,0.2026,0.574,,0.4843,A,73,0,◎-○軸 3着3〜4艇流し（10〜15点）,0.5777,"{'is_target': True, 'verdict': '点数絞り', 'max_combo_prob': 0.1117, 'est_top_odds': 11.9, 'circle_concentration': 80.3, 'eligible_count': 8, 'bet_adj': 0, 'reason': 'rel_win1=66.0%（本命度） / 最有力組み合わせ確率: 0.112（推定実オッズ?12倍） / 2着集中度: 上位2艇 80.3%（補正+0.04） / 総合判定確率: 0.152 / → ヒモはやや固め。上位2艇以外を切ること', 'tenji_trigger': '展示確認: 1号艇伸び良→そのまま採用。悪→飛び組に差し替え。circle_pct上位2艇に絞り込むこと。'}",,,28.4,逃げ狙い,18.25,29.1,4,,,,,,,,,,,
2025-04-12,丸亀,10,1,山田亮太,A2,41.13,1,◎,63.036,,0,90.3,0.1658,2.9355,,,0,低,92,0,逃1%,433 11,0,88.8,1.1757,0.6538,,,,,0.1058,0.0308,0.0615,○,,A,△,,,0.642,,0.445,S,80,0,◎1着固定 2-3着流し（5〜8点）,0.5777,"{'is_target': True, 'verdict': '参加推奨', 'max_combo_prob': 0.0936, 'est_top_odds': 14.2, 'circle_concentration': 69.1, 'eligible_count': 6, 'bet_adj': 2, 'reason': 'rel_win1=63.0%（本命度） / 最有力組み合わせ確率: 0.094（推定実オッズ?14倍） / 2着集中度: 上位2艇 69.1%（補正+0.00） / 総合判定確率: 0.094 / → ヒモ分散。1号艇1着固定で広めのヒモ流し推奨（買い目+2点）', 'tenji_trigger': '展示確認: ヒモ分散レース。1号艇伸び確認後、広めのヒモ流しを採用。穴ヒモ（5・6号艇）を積極的に含める。'}",,,27.4,逃げ狙い,16.91,27.3,2,,,,,0,0,0.6155,0,,逃げ軸流し,A
2025-04-12,丸亀,10,2,中辻崇人,A1,24.62,2,,11.4471,48.4,77,77.8,0.1478,3.25,,,0,低,42,0,-,22111,0,77.7,1.4333,0,0,0.2308,0,0.0769,0.2667,0,0,,◎,E,○,,0.5156,0.6505,,0.445,S,80,0,◎1着固定 2-3着流し（5〜8点）,0.5777,"{'is_target': True, 'verdict': '参加推奨', 'max_combo_prob': 0.0936, 'est_top_odds': 14.2, 'circle_concentration': 69.1, 'eligible_count': 6, 'bet_adj': 2, 'reason': 'rel_win1=63.0%（本命度） / 最有力組み合わせ確率: 0.094（推定実オッズ?14倍） / 2着集中度: 上位2艇 69.1%（補正+0.00） / 総合判定確率: 0.094 / → ヒモ分散。1号艇1着固定で広めのヒモ流し推奨（買い目+2点）', 'tenji_trigger': '展示確認: ヒモ分散レース。1号艇伸び確認後、広めのヒモ流しを採用。穴ヒモ（5・6号艇）を積極的に含める。'}",,,27.4,逃げ狙い,16.91,27.3,2,,,,,,,,,,,
2025-04-12,丸亀,10,3,大澤大夢,B1,40.14,3,○,8.6955,20.5,65,51.7,0.1468,3.1,,,0,低,103,0,ま0%,523 32,0,52.7,1.2313,0,0.0385,0.0385,0.0385,0,0.1632,0.1421,0.1211,,△,B,△,,0.379,0.644,,0.445,S,80,0,◎1着固定 2-3着流し（5〜8点）,0.5777,"{'is_target': True, 'verdict': '参加推奨', 'max_combo_prob': 0.0936, 'est_top_odds': 14.2, 'circle_concentration': 69.1, 'eligible_count': 6, 'bet_adj': 2, 'reason': 'rel_win1=63.0%（本命度） / 最有力組み合わせ確率: 0.094（推定実オッズ?14倍） / 2着集中度: 上位2艇 69.1%（補正+0.00） / 総合判定確率: 0.094 / → ヒモ分散。1号艇1着固定で広めのヒモ流し推奨（買い目+2点）', 'tenji_trigger': '展示確認: ヒモ分散レース。1号艇伸び確認後、広めのヒモ流しを採用。穴ヒモ（5・6号艇）を積極的に含める。'}",,,27.4,逃げ狙い,16.91,27.3,2,,,,,,,,,,,
2025-04-12,丸亀,10,4,平石和男,A2,33.86,4,,10.5728,20.7,100,60.7,0.1952,4.375,,,0,低,226,0,-,1 3634,0,71.8,1.0351,0,0.125,0,0.0417,0.0417,0.1058,0.1706,0.2354,,,C,,◎,0.1846,0.6275,0.2099,0.445,S,80,0,◎1着固定 2-3着流し（5〜8点）,0.5777,"{'is_target': True, 'verdict': '参加推奨', 'max_combo_prob': 0.0936, 'est_top_odds': 14.2, 'circle_concentration': 69.1, 'eligible_count': 6, 'bet_adj': 2, 'reason': 'rel_win1=63.0%（本命度） / 最有力組み合わせ確率: 0.094（推定実オッズ?14倍） / 2着集中度: 上位2艇 69.1%（補正+0.00） / 総合判定確率: 0.094 / → ヒモ分散。1号艇1着固定で広めのヒモ流し推奨（買い目+2点）', 'tenji_trigger': '展示確認: ヒモ分散レース。1号艇伸び確認後、広めのヒモ流しを採用。穴ヒモ（5・6号艇）を積極的に含める。'}",,,27.4,逃げ狙い,16.91,27.3,2,,,,,,,,,,,
2025-04-12,丸亀,10,5,岡本翔太,B1,28.68,5,▲,3.7699,5,82,29,0.1323,2.6774,,,0,低,61,0,-,651 53,0,29.7,0.7595,0,0,0,0.0417,0,0.19,0.08,0.19,,,D,,,0.3888,0.6355,,0.445,S,80,0,◎1着固定 2-3着流し（5〜8点）,0.5777,"{'is_target': True, 'verdict': '参加推奨', 'max_combo_prob': 0.0936, 'est_top_odds': 14.2, 'circle_concentration': 69.1, 'eligible_count': 6, 'bet_adj': 2, 'reason': 'rel_win1=63.0%（本命度） / 最有力組み合わせ確率: 0.094（推定実オッズ?14倍） / 2着集中度: 上位2艇 69.1%（補正+0.00） / 総合判定確率: 0.094 / → ヒモ分散。1号艇1着固定で広めのヒモ流し推奨（買い目+2点）', 'tenji_trigger': '展示確認: ヒモ分散レース。1号艇伸び確認後、広めのヒモ流しを採用。穴ヒモ（5・6号艇）を積極的に含める。'}",,,27.4,逃げ狙い,16.91,27.3,2,,,,,,,,,,,
2025-04-12,丸亀,10,6,鈴木裕隆,A2,37.14,6,△,2.4786,5.4,79,36.7,0.1712,3.4417,,,0,低,149,0,-,243226,0,37.7,1.4464,,,,,,0.2903,0.2274,0.0887,,,C,◎,,0.2965,0.661,,0.445,S,80,0,◎1着固定 2-3着流し（5〜8点）,0.5777,"{'is_target': True, 'verdict': '参加推奨', 'max_combo_prob': 0.0936, 'est_top_odds': 14.2, 'circle_concentration': 69.1, 'eligible_count': 6, 'bet_adj': 2, 'reason': 'rel_win1=63.0%（本命度） / 最有力組み合わせ確率: 0.094（推定実オッズ?14倍） / 2着集中度: 上位2艇 69.1%（補正+0.00） / 総合判定確率: 0.094 / → ヒモ分散。1号艇1着固定で広めのヒモ流し推奨（買い目+2点）', 'tenji_trigger': '展示確認: ヒモ分散レース。1号艇伸び確認後、広めのヒモ流しを採用。穴ヒモ（5・6号艇）を積極的に含める。'}",,,27.4,逃げ狙い,16.91,27.3,2,,,,,,,,,,,
2025-04-12,丸亀,11,1,北村征嗣,A1,38.13,1,◎,53.5269,,0,92.3,0.1377,2.8365,,,0,低,114,0,逃1%,43112,0,81.9,0.9822,0.6744,,,,,0.0186,0.1742,0.0825,◎,,C,△,,,0.656,,0.5858,A,78,0,◎-○軸 3着3〜4艇流し（10〜15点）,0.5777,"{'is_target': True, 'verdict': '参加推奨', 'max_combo_prob': 0.0703, 'est_top_odds': 19.0, 'circle_concentration': 71.3, 'eligible_count': 8, 'bet_adj': 2, 'reason': 'rel_win1=53.5%（本命度） / 最有力組み合わせ確率: 0.070（推定実オッズ?19倍） / 2着集中度: 上位2艇 71.3%（補正+0.04） / 総合判定確率: 0.110 / → ヒモ分散。1号艇1着固定で広めのヒモ流し推奨（買い目+2点）', 'tenji_trigger': '展示確認: ヒモ分散レース。1号艇伸び確認後、広めのヒモ流しを採用。穴ヒモ（5・6号艇）を積極的に含める。\n展示で1号艇スタート超安定(0.138秒)→ヒモ固まり方向に注意'}",,,29.7,逃げ狙い,25.04,26.8,2,,,,,0,0,0.7559,0,,逃げ軸流し,A
2025-04-12,丸亀,11,2,白神　優,A1,39.06,2,▲,19.3528,41.4,92,80,0.1533,2.9667,,,0,低,56,0,-,251 12,0,37.2,0.7876,0,0.1818,0,0,0.0455,0.0343,0.0457,0.0229,,,B,○,,0.1893,0.6735,,0.5858,A,78,0,◎-○軸 3着3〜4艇流し（10〜15点）,0.5777,"{'is_target': True, 'verdict': '参加推奨', 'max_combo_prob': 0.0703, 'est_top_odds': 19.0, 'circle_concentration': 71.3, 'eligible_count': 8, 'bet_adj': 2, 'reason': 'rel_win1=53.5%（本命度） / 最有力組み合わせ確率: 0.070（推定実オッズ?19倍） / 2着集中度: 上位2艇 71.3%（補正+0.04） / 総合判定確率: 0.110 / → ヒモ分散。1号艇1着固定で広めのヒモ流し推奨（買い目+2点）', 'tenji_trigger': '展示確認: ヒモ分散レース。1号艇伸び確認後、広めのヒモ流しを採用。穴ヒモ（5・6号艇）を積極的に含める。\n展示で1号艇スタート超安定(0.138秒)→ヒモ固まり方向に注意'}",,,29.7,逃げ狙い,25.04,26.8,2,,,,,,,,,,,
2025-04-12,丸亀,11,3,川原祐明,A2,49.58,3,○,13.425,30,79,74,0.153,3.17,,,0,低,110,0,差ま0%,243 12,0,28.6,0.8712,0,0,0,0.2593,0,0.0276,0.1014,0.0138,,,A,,,0.283,0.6185,,0.5858,A,78,0,◎-○軸 3着3〜4艇流し（10〜15点）,0.5777,"{'is_target': True, 'verdict': '参加推奨', 'max_combo_prob': 0.0703, 'est_top_odds': 19.0, 'circle_concentration': 71.3, 'eligible_count': 8, 'bet_adj': 2, 'reason': 'rel_win1=53.5%（本命度） / 最有力組み合わせ確率: 0.070（推定実オッズ?19倍） / 2着集中度: 上位2艇 71.3%（補正+0.04） / 総合判定確率: 0.110 / → ヒモ分散。1号艇1着固定で広めのヒモ流し推奨（買い目+2点）', 'tenji_trigger': '展示確認: ヒモ分散レース。1号艇伸び確認後、広めのヒモ流しを採用。穴ヒモ（5・6号艇）を積極的に含める。\n展示で1号艇スタート超安定(0.138秒)→ヒモ固まり方向に注意'}",,,29.7,逃げ狙い,25.04,26.8,2,,,,,,,,,,,
2025-04-12,丸亀,11,4,山下和彦,A1,31.54,4,△,6.8963,22.1,71,58.9,0.138,2.9821,,,0,低,134,0,ま0% 差ま0%,5 2352,0,60.9,1.104,0,0,0.0385,0.0769,0,0.0375,0.0625,0.1732,,,D,△,◎,0.3126,0.6275,0.423,0.5858,A,78,0,◎-○軸 3着3〜4艇流し（10〜15点）,0.5777,"{'is_target': True, 'verdict': '参加推奨', 'max_combo_prob': 0.0703, 'est_top_odds': 19.0, 'circle_concentration': 71.3, 'eligible_count': 8, 'bet_adj': 2, 'reason': 'rel_win1=53.5%（本命度） / 最有力組み合わせ確率: 0.070（推定実オッズ?19倍） / 2着集中度: 上位2艇 71.3%（補正+0.04） / 総合判定確率: 0.110 / → ヒモ分散。1号艇1着固定で広めのヒモ流し推奨（買い目+2点）', 'tenji_trigger': '展示確認: ヒモ分散レース。1号艇伸び確認後、広めのヒモ流しを採用。穴ヒモ（5・6号艇）を積極的に含める。\n展示で1号艇スタート超安定(0.138秒)→ヒモ固まり方向に注意'}",,,29.7,逃げ狙い,25.04,26.8,2,,,,,,,,,,,
2025-04-12,丸亀,11,5,金子和之,A1,31.01,5,,5.5346,5.2,100,53.7,0.162,3.4537,,,0,低,99,0,-,333346,0,26,0.8381,0,0,0.0909,0.0455,0.0455,0.0444,0.1778,0,,,D,,○,0.2503,0.6185,0.2768,0.5858,A,78,0,◎-○軸 3着3〜4艇流し（10〜15点）,0.5777,"{'is_target': True, 'verdict': '参加推奨', 'max_combo_prob': 0.0703, 'est_top_odds': 19.0, 'circle_concentration': 71.3, 'eligible_count': 8, 'bet_adj': 2, 'reason': 'rel_win1=53.5%（本命度） / 最有力組み合わせ確率: 0.070（推定実オッズ?19倍） / 2着集中度: 上位2艇 71.3%（補正+0.04） / 総合判定確率: 0.110 / → ヒモ分散。1号艇1着固定で広めのヒモ流し推奨（買い目+2点）', 'tenji_trigger': '展示確認: ヒモ分散レース。1号艇伸び確認後、広めのヒモ流しを採用。穴ヒモ（5・6号艇）を積極的に含める。\n展示で1号艇スタート超安定(0.138秒)→ヒモ固まり方向に注意'}",,,29.7,逃げ狙い,25.04,26.8,2,,,,,,,,,,,
2025-04-12,丸亀,11,6,大場　敏,A2,27.78,6,,1.2645,1.4,65,23.1,0.184,4.8365,,,0,低,93,0,-,31525,0,27.6,0.7825,0,0.0357,0,0,0,0.0933,0.1756,0.0111,,,E,◎,,0.158,0.7095,,0.5858,A,78,0,◎-○軸 3着3〜4艇流し（10〜15点）,0.5777,"{'is_target': True, 'verdict': '参加推奨', 'max_combo_prob': 0.0703, 'est_top_odds': 19.0, 'circle_concentration': 71.3, 'eligible_count': 8, 'bet_adj': 2, 'reason': 'rel_win1=53.5%（本命度） / 最有力組み合わせ確率: 0.070（推定実オッズ?19倍） / 2着集中度: 上位2艇 71.3%（補正+0.04） / 総合判定確率: 0.110 / → ヒモ分散。1号艇1着固定で広めのヒモ流し推奨（買い目+2点）', 'tenji_trigger': '展示確認: ヒモ分散レース。1号艇伸び確認後、広めのヒモ流しを採用。穴ヒモ（5・6号艇）を積極的に含める。\n展示で1号艇スタート超安定(0.138秒)→ヒモ固まり方向に注意'}",,,29.7,逃げ狙い,25.04,26.8,2,,,,,,,,,,,
2025-04-12,丸亀,12,1,松竹大輔,A2,34.75,1,◎,64.677,,0,83.8,0.1516,2.6892,,,0,低,112,0,逃0%,5 5516,0,66.8,0.9444,0.5185,,,,,0.0444,0.0889,0.2093,◎,,B,○,,,0.6475,,0.5548,S,95,0,◎1着固定 2-3着流し（5〜8点）,0.5777,"{'is_target': True, 'verdict': '参加推奨', 'max_combo_prob': 0.0645, 'est_top_odds': 20.7, 'circle_concentration': 58.2, 'eligible_count': 6, 'bet_adj': 2, 'reason': 'rel_win1=64.7%（本命度） / 最有力組み合わせ確率: 0.064（推定実オッズ?21倍） / 2着集中度: 上位2艇 58.2%（補正+0.00） / 総合判定確率: 0.064 / → ヒモ分散。1号艇1着固定で広めのヒモ流し推奨（買い目+2点）', 'tenji_trigger': '展示確認: ヒモ分散レース。1号艇伸び確認後、広めのヒモ流しを採用。穴ヒモ（5・6号艇）を積極的に含める。'}",,,26.9,逃げ狙い,14,28.5,3,,,,,0,0,0.7559,0,,逃げ軸流し,A
2025-04-12,丸亀,12,2,藤丸光一,B1,26.52,2,,8.9972,29.7,100,47.6,0.2071,4.6905,,,0,低,102,0,-,1 266,0,29.3,0.7038,0,0.1,0,0,0.05,0.2706,0.2941,0.1941,,,D,△,,0.0789,0.6295,,0.5548,S,95,0,◎1着固定 2-3着流し（5〜8点）,0.5777,"{'is_target': True, 'verdict': '参加推奨', 'max_combo_prob': 0.0645, 'est_top_odds': 20.7, 'circle_concentration': 58.2, 'eligible_count': 6, 'bet_adj': 2, 'reason': 'rel_win1=64.7%（本命度） / 最有力組み合わせ確率: 0.064（推定実オッズ?21倍） / 2着集中度: 上位2艇 58.2%（補正+0.00） / 総合判定確率: 0.064 / → ヒモ分散。1号艇1着固定で広めのヒモ流し推奨（買い目+2点）', 'tenji_trigger': '展示確認: ヒモ分散レース。1号艇伸び確認後、広めのヒモ流しを採用。穴ヒモ（5・6号艇）を積極的に含める。'}",,,26.9,逃げ狙い,14,28.5,3,,,,,,,,,,,
2025-04-12,丸亀,12,3,井上大輔,B1,27.73,3,▲,11.4215,28.5,93,60.9,0.1534,3.0469,,,0,低,121,0,-,156 26,0,39.2,0.9179,0,0.0357,0.1071,0.0357,0,0.22,0.14,0.06,,,D,△,,0.3004,0.6275,,0.5548,S,95,0,◎1着固定 2-3着流し（5〜8点）,0.5777,"{'is_target': True, 'verdict': '参加推奨', 'max_combo_prob': 0.0645, 'est_top_odds': 20.7, 'circle_concentration': 58.2, 'eligible_count': 6, 'bet_adj': 2, 'reason': 'rel_win1=64.7%（本命度） / 最有力組み合わせ確率: 0.064（推定実オッズ?21倍） / 2着集中度: 上位2艇 58.2%（補正+0.00） / 総合判定確率: 0.064 / → ヒモ分散。1号艇1着固定で広めのヒモ流し推奨（買い目+2点）', 'tenji_trigger': '展示確認: ヒモ分散レース。1号艇伸び確認後、広めのヒモ流しを採用。穴ヒモ（5・6号艇）を積極的に含める。'}",,,26.9,逃げ狙い,14,28.5,3,,,,,,,,,,,
2025-04-12,丸亀,12,4,田添康介,B1,39.02,4,○,8.8351,15.4,67,34.9,0.1651,3.2558,,,0,低,78,0,-,2 451,0,91,1.6483,0,0,0.0556,0,0,0.375,0.375,0,,,B,,,0.2501,0.5535,,0.5548,S,95,0,◎1着固定 2-3着流し（5〜8点）,0.5777,"{'is_target': True, 'verdict': '参加推奨', 'max_combo_prob': 0.0645, 'est_top_odds': 20.7, 'circle_concentration': 58.2, 'eligible_count': 6, 'bet_adj': 2, 'reason': 'rel_win1=64.7%（本命度） / 最有力組み合わせ確率: 0.064（推定実オッズ?21倍） / 2着集中度: 上位2艇 58.2%（補正+0.00） / 総合判定確率: 0.064 / → ヒモ分散。1号艇1着固定で広めのヒモ流し推奨（買い目+2点）', 'tenji_trigger': '展示確認: ヒモ分散レース。1号艇伸び確認後、広めのヒモ流しを採用。穴ヒモ（5・6号艇）を積極的に含める。'}",,,26.9,逃げ狙い,14,28.5,3,,,,,,,,,,,
2025-04-12,丸亀,12,5,田中宏樹,B1,31.78,5,△,4.1768,14.5,68,44.4,0.1722,3.8981,,,0,低,128,0,-,4 126,0,28.6,0.6188,,,,,,0.2,0.02,0.18,,,C,,,0.2606,0.6195,,0.5548,S,95,0,◎1着固定 2-3着流し（5〜8点）,0.5777,"{'is_target': True, 'verdict': '参加推奨', 'max_combo_prob': 0.0645, 'est_top_odds': 20.7, 'circle_concentration': 58.2, 'eligible_count': 6, 'bet_adj': 2, 'reason': 'rel_win1=64.7%（本命度） / 最有力組み合わせ確率: 0.064（推定実オッズ?21倍） / 2着集中度: 上位2艇 58.2%（補正+0.00） / 総合判定確率: 0.064 / → ヒモ分散。1号艇1着固定で広めのヒモ流し推奨（買い目+2点）', 'tenji_trigger': '展示確認: ヒモ分散レース。1号艇伸び確認後、広めのヒモ流しを採用。穴ヒモ（5・6号艇）を積極的に含める。'}",,,26.9,逃げ狙い,14,28.5,3,,,,,,,,,,,
2025-04-12,丸亀,12,6,山田雄太,A1,24.37,6,,1.8924,11.9,51,39.1,0.1437,3.1328,,,0,低,64,0,差ま0%,F63 3,0,22.8,0.6647,0,0,0,0.0333,0,0.016,0.2,0.048,,,E,◎,,0.3171,0.6615,,0.5548,S,95,0,◎1着固定 2-3着流し（5〜8点）,0.5777,"{'is_target': True, 'verdict': '参加推奨', 'max_combo_prob': 0.0645, 'est_top_odds': 20.7, 'circle_concentration': 58.2, 'eligible_count': 6, 'bet_adj': 2, 'reason': 'rel_win1=64.7%（本命度） / 最有力組み合わせ確率: 0.064（推定実オッズ?21倍） / 2着集中度: 上位2艇 58.2%（補正+0.00） / 総合判定確率: 0.064 / → ヒモ分散。1号艇1着固定で広めのヒモ流し推奨（買い目+2点）', 'tenji_trigger': '展示確認: ヒモ分散レース。1号艇伸び確認後、広めのヒモ流しを採用。穴ヒモ（5・6号艇）を積極的に含める。'}",,,26.9,逃げ狙い,14,28.5,3,,,,,,,,,,,
2025-04-13,丸亀,1,1,土井祥伍,B1,31.25,1,◎,59.5918,,0,79.6,0.1712,3.6735,,,0,低,170,0,逃1%,534 64,0,76.9,0.891,0.4444,,,,,0,0.3556,0.1667,○,,C,,,,0.578,,0.3322,A,71,0,◎-○軸 3着3〜4艇流し（10〜15点）,0.5777,"{'is_target': True, 'verdict': '参加推奨', 'max_combo_prob': 0.0702, 'est_top_odds': 19.0, 'circle_concentration': 62.2, 'eligible_count': 8, 'bet_adj': 2, 'reason': 'rel_win1=59.6%（本命度） / 最有力組み合わせ確率: 0.070（推定実オッズ?19倍） / 2着集中度: 上位2艇 62.2%（補正+0.00） / 総合判定確率: 0.070 / → ヒモ分散。1号艇1着固定で広めのヒモ流し推奨（買い目+2点）', 'tenji_trigger': '展示確認: ヒモ分散レース。1号艇伸び確認後、広めのヒモ流しを採用。穴ヒモ（5・6号艇）を積極的に含める。'}",,,27.7,逃げ狙い,10.71,33.4,2,,,,,0,0,0.6155,0,,逃げ軸流し,A
2025-04-13,丸亀,1,2,八木治樹,B1,29.84,2,,13.3745,39.5,100,59.2,0.1545,3.3571,,,0,低,75,0,差0%,6 143,0,50,0.9788,0,0.12,0,0,0,0.3,0.25,0.075,,◎,D,△,,0.4942,0.603,,0.3322,A,71,0,◎-○軸 3着3〜4艇流し（10〜15点）,0.5777,"{'is_target': True, 'verdict': '参加推奨', 'max_combo_prob': 0.0702, 'est_top_odds': 19.0, 'circle_concentration': 62.2, 'eligible_count': 8, 'bet_adj': 2, 'reason': 'rel_win1=59.6%（本命度） / 最有力組み合わせ確率: 0.070（推定実オッズ?19倍） / 2着集中度: 上位2艇 62.2%（補正+0.00） / 総合判定確率: 0.070 / → ヒモ分散。1号艇1着固定で広めのヒモ流し推奨（買い目+2点）', 'tenji_trigger': '展示確認: ヒモ分散レース。1号艇伸び確認後、広めのヒモ流しを採用。穴ヒモ（5・6号艇）を積極的に含める。'}",,,27.7,逃げ狙い,10.71,33.4,2,,,,,,,,,,,
2025-04-13,丸亀,1,3,亀本勇樹,B1,33.08,3,▲,7.5166,22.7,79,31.9,0.1594,3.3617,,,0,低,75,0,-,5 564,0,44.7,1.0181,0,0,0.04,0,0,0.2083,0.05,0.125,,△,C,△,,0.3719,0.5815,,0.3322,A,71,0,◎-○軸 3着3〜4艇流し（10〜15点）,0.5777,"{'is_target': True, 'verdict': '参加推奨', 'max_combo_prob': 0.0702, 'est_top_odds': 19.0, 'circle_concentration': 62.2, 'eligible_count': 8, 'bet_adj': 2, 'reason': 'rel_win1=59.6%（本命度） / 最有力組み合わせ確率: 0.070（推定実オッズ?19倍） / 2着集中度: 上位2艇 62.2%（補正+0.00） / 総合判定確率: 0.070 / → ヒモ分散。1号艇1着固定で広めのヒモ流し推奨（買い目+2点）', 'tenji_trigger': '展示確認: ヒモ分散レース。1号艇伸び確認後、広めのヒモ流しを採用。穴ヒモ（5・6号艇）を積極的に含める。'}",,,27.7,逃げ狙い,10.71,33.4,2,,,,,,,,,,,
2025-04-13,丸亀,1,4,萩原丈太,B2,38.76,4,△,13.2681,17.7,60,18.2,0.1773,3.2045,,,0,低,78,0,差ま0%,136 56,0,37.4,0.877,0,0,0,0.0714,0,0,0,0,,,B,,,0.3218,0.556,,0.3322,A,71,0,◎-○軸 3着3〜4艇流し（10〜15点）,0.5777,"{'is_target': True, 'verdict': '参加推奨', 'max_combo_prob': 0.0702, 'est_top_odds': 19.0, 'circle_concentration': 62.2, 'eligible_count': 8, 'bet_adj': 2, 'reason': 'rel_win1=59.6%（本命度） / 最有力組み合わせ確率: 0.070（推定実オッズ?19倍） / 2着集中度: 上位2艇 62.2%（補正+0.00） / 総合判定確率: 0.070 / → ヒモ分散。1号艇1着固定で広めのヒモ流し推奨（買い目+2点）', 'tenji_trigger': '展示確認: ヒモ分散レース。1号艇伸び確認後、広めのヒモ流しを採用。穴ヒモ（5・6号艇）を積極的に含める。'}",,,27.7,逃げ狙い,10.71,33.4,2,,,,,,,,,,,
2025-04-13,丸亀,1,5,中里昌志,B1,43.61,5,○,5.0352,19.5,67,33.3,0.1597,3.2051,,,0,低,140,0,-,6 222,0,56.6,0.9757,,,,,,0.3162,0.2152,0.1962,,○,A,○,,0.4026,0.604,,0.3322,A,71,0,◎-○軸 3着3〜4艇流し（10〜15点）,0.5777,"{'is_target': True, 'verdict': '参加推奨', 'max_combo_prob': 0.0702, 'est_top_odds': 19.0, 'circle_concentration': 62.2, 'eligible_count': 8, 'bet_adj': 2, 'reason': 'rel_win1=59.6%（本命度） / 最有力組み合わせ確率: 0.070（推定実オッズ?19倍） / 2着集中度: 上位2艇 62.2%（補正+0.00） / 総合判定確率: 0.070 / → ヒモ分散。1号艇1着固定で広めのヒモ流し推奨（買い目+2点）', 'tenji_trigger': '展示確認: ヒモ分散レース。1号艇伸び確認後、広めのヒモ流しを採用。穴ヒモ（5・6号艇）を積極的に含める。'}",,,27.7,逃げ狙い,10.71,33.4,2,,,,,,,,,,,
2025-04-13,丸亀,1,6,沖島広和,B1,19.66,6,,1.2137,0.6,59,13.7,0.1886,4.402,,,0,低,143,0,-,634 63,0,27.1,0.8089,,,,,,0.2615,0.0308,0.1769,,,E,◎,,0.308,0.637,,0.3322,A,71,0,◎-○軸 3着3〜4艇流し（10〜15点）,0.5777,"{'is_target': True, 'verdict': '参加推奨', 'max_combo_prob': 0.0702, 'est_top_odds': 19.0, 'circle_concentration': 62.2, 'eligible_count': 8, 'bet_adj': 2, 'reason': 'rel_win1=59.6%（本命度） / 最有力組み合わせ確率: 0.070（推定実オッズ?19倍） / 2着集中度: 上位2艇 62.2%（補正+0.00） / 総合判定確率: 0.070 / → ヒモ分散。1号艇1着固定で広めのヒモ流し推奨（買い目+2点）', 'tenji_trigger': '展示確認: ヒモ分散レース。1号艇伸び確認後、広めのヒモ流しを採用。穴ヒモ（5・6号艇）を積極的に含める。'}",,,27.7,逃げ狙い,10.71,33.4,2,,,,,,,,,,,
2025-04-13,丸亀,2,1,田中宏樹,B1,31.78,1,◎,56.955,,0,82.2,0.1682,3.4,,,0,低,128,0,逃0%,4 126,0,89.9,1.2068,0.45,,,,,0.2,0.02,0.18,○,,B,○,,,0.6195,,0.4401,S,82,0,◎1着固定 2-3着流し（5〜8点）,0.5777,"{'is_target': True, 'verdict': '参加推奨', 'max_combo_prob': 0.0661, 'est_top_odds': 20.2, 'circle_concentration': 70.6, 'eligible_count': 6, 'bet_adj': 2, 'reason': 'rel_win1=57.0%（本命度） / 最有力組み合わせ確率: 0.066（推定実オッズ?20倍） / 2着集中度: 上位2艇 70.6%（補正+0.04） / 総合判定確率: 0.106 / → ヒモ分散。1号艇1着固定で広めのヒモ流し推奨（買い目+2点）', 'tenji_trigger': '展示確認: ヒモ分散レース。1号艇伸び確認後、広めのヒモ流しを採用。穴ヒモ（5・6号艇）を積極的に含める。'}",,,28.4,逃げ狙い,15.32,31.4,3,,,,,0,0,0.6155,0,,主役軸流し,B
2025-04-13,丸亀,2,2,畔柳俊吾,B1,35.56,2,○,15.4369,43.4,100,50,0.1885,4.2583,,,0,低,164,0,差0% ま0%,142 44,0,26.3,0.8747,0,0.1071,0.1071,0,0,0.287,0.2217,0.2696,,,B,,,0.1226,0.5885,,0.4401,S,82,0,◎1着固定 2-3着流し（5〜8点）,0.5777,"{'is_target': True, 'verdict': '参加推奨', 'max_combo_prob': 0.0661, 'est_top_odds': 20.2, 'circle_concentration': 70.6, 'eligible_count': 6, 'bet_adj': 2, 'reason': 'rel_win1=57.0%（本命度） / 最有力組み合わせ確率: 0.066（推定実オッズ?20倍） / 2着集中度: 上位2艇 70.6%（補正+0.04） / 総合判定確率: 0.106 / → ヒモ分散。1号艇1着固定で広めのヒモ流し推奨（買い目+2点）', 'tenji_trigger': '展示確認: ヒモ分散レース。1号艇伸び確認後、広めのヒモ流しを採用。穴ヒモ（5・6号艇）を積極的に含める。'}",,,28.4,逃げ狙い,15.32,31.4,3,,,,,,,,,,,
2025-04-13,丸亀,2,3,南野利騰,B2,26.92,3,▲,11.3375,27.1,56,35.6,0.1661,3.7458,,,0,低,99,0,差0%,3 543,0,25.6,0.8308,0,0.0323,0,0,0,0.3924,0.2971,0.0762,,,D,△,,0.2886,0.616,,0.4401,S,82,0,◎1着固定 2-3着流し（5〜8点）,0.5777,"{'is_target': True, 'verdict': '参加推奨', 'max_combo_prob': 0.0661, 'est_top_odds': 20.2, 'circle_concentration': 70.6, 'eligible_count': 6, 'bet_adj': 2, 'reason': 'rel_win1=57.0%（本命度） / 最有力組み合わせ確率: 0.066（推定実オッズ?20倍） / 2着集中度: 上位2艇 70.6%（補正+0.04） / 総合判定確率: 0.106 / → ヒモ分散。1号艇1着固定で広めのヒモ流し推奨（買い目+2点）', 'tenji_trigger': '展示確認: ヒモ分散レース。1号艇伸び確認後、広めのヒモ流しを採用。穴ヒモ（5・6号艇）を積極的に含める。'}",,,28.4,逃げ狙い,15.32,31.4,3,,,,,,,,,,,
2025-04-13,丸亀,2,4,宇土泰就,B1,26.77,4,△,9.5395,16.2,63,33.8,0.1578,3.4054,,,0,低,106,0,ま0% 差ま0%,356 22,0,36.1,0.8743,0,0,0.0357,0.0357,0,0.1471,0.4412,0.0471,,,D,△,◎,0.328,0.619,0.2871,0.4401,S,82,0,◎1着固定 2-3着流し（5〜8点）,0.5777,"{'is_target': True, 'verdict': '参加推奨', 'max_combo_prob': 0.0661, 'est_top_odds': 20.2, 'circle_concentration': 70.6, 'eligible_count': 6, 'bet_adj': 2, 'reason': 'rel_win1=57.0%（本命度） / 最有力組み合わせ確率: 0.066（推定実オッズ?20倍） / 2着集中度: 上位2艇 70.6%（補正+0.04） / 総合判定確率: 0.106 / → ヒモ分散。1号艇1着固定で広めのヒモ流し推奨（買い目+2点）', 'tenji_trigger': '展示確認: ヒモ分散レース。1号艇伸び確認後、広めのヒモ流しを採用。穴ヒモ（5・6号艇）を積極的に含める。'}",,,28.4,逃げ狙い,15.32,31.4,3,,,,,,,,,,,
2025-04-13,丸亀,2,5,吉岡　誠,B1,26.72,5,,2.916,9.7,58,23.5,0.1691,3.1618,,,0,低,74,0,-,6 253,0,27.6,0.7321,,,,,,0.2727,0.0909,0.1818,,,D,,,0.3104,0.573,,0.4401,S,82,0,◎1着固定 2-3着流し（5〜8点）,0.5777,"{'is_target': True, 'verdict': '参加推奨', 'max_combo_prob': 0.0661, 'est_top_odds': 20.2, 'circle_concentration': 70.6, 'eligible_count': 6, 'bet_adj': 2, 'reason': 'rel_win1=57.0%（本命度） / 最有力組み合わせ確率: 0.066（推定実オッズ?20倍） / 2着集中度: 上位2艇 70.6%（補正+0.04） / 総合判定確率: 0.106 / → ヒモ分散。1号艇1着固定で広めのヒモ流し推奨（買い目+2点）', 'tenji_trigger': '展示確認: ヒモ分散レース。1号艇伸び確認後、広めのヒモ流しを採用。穴ヒモ（5・6号艇）を積極的に含める。'}",,,28.4,逃げ狙い,15.32,31.4,3,,,,,,,,,,,
2025-04-13,丸亀,2,6,林　祐介,A2,28.06,6,,3.815,3.5,59,33.3,0.1775,4.3431,,,0,低,103,0,-,6 4454,0,25.9,0.7578,,,,,,0.0154,0.1615,0.2923,,,C,◎,,0.2804,0.6605,,0.4401,S,82,0,◎1着固定 2-3着流し（5〜8点）,0.5777,"{'is_target': True, 'verdict': '参加推奨', 'max_combo_prob': 0.0661, 'est_top_odds': 20.2, 'circle_concentration': 70.6, 'eligible_count': 6, 'bet_adj': 2, 'reason': 'rel_win1=57.0%（本命度） / 最有力組み合わせ確率: 0.066（推定実オッズ?20倍） / 2着集中度: 上位2艇 70.6%（補正+0.04） / 総合判定確率: 0.106 / → ヒモ分散。1号艇1着固定で広めのヒモ流し推奨（買い目+2点）', 'tenji_trigger': '展示確認: ヒモ分散レース。1号艇伸び確認後、広めのヒモ流しを採用。穴ヒモ（5・6号艇）を積極的に含める。'}",,,28.4,逃げ狙い,15.32,31.4,3,,,,,,,,,,,
2025-04-13,丸亀,3,1,大澤大夢,B1,40.14,1,◎,58.5064,,0,89.4,0.1298,2.6809,,,0,低,103,0,逃0%,523 32,0,76.4,0.9731,0.6842,,,,,0.1632,0.1421,0.1211,◎,,C,○,,,0.644,,0.5639,S,91,0,◎1着固定 2-3着流し（5〜8点）,0.5777,"{'is_target': True, 'verdict': '参加推奨', 'max_combo_prob': 0.098, 'est_top_odds': 13.6, 'circle_concentration': 66.8, 'eligible_count': 6, 'bet_adj': 2, 'reason': 'rel_win1=58.5%（本命度） / 最有力組み合わせ確率: 0.098（推定実オッズ?14倍） / 2着集中度: 上位2艇 66.8%（補正+0.00） / 総合判定確率: 0.098 / → ヒモ分散。1号艇1着固定で広めのヒモ流し推奨（買い目+2点）', 'tenji_trigger': '展示確認: ヒモ分散レース。1号艇伸び確認後、広めのヒモ流しを採用。穴ヒモ（5・6号艇）を積極的に含める。\n展示で1号艇スタート超安定(0.130秒)→ヒモ固まり方向に注意'}",,,27.2,逃げ狙い,12.05,30.9,3,,,,,0,0,0.7559,0,,逃げ軸流し,A
2025-04-13,丸亀,3,2,竹本太樹,B2,34.88,2,,8.9539,42.9,53,48.1,0.177,4.1111,,,0,低,79,0,差0%,5 631,0,84.2,0.8038,0,0.0526,0,0,0,0.0211,0.3053,0.2053,,,D,,,0.0605,0.5475,,0.5639,S,91,0,◎1着固定 2-3着流し（5〜8点）,0.5777,"{'is_target': True, 'verdict': '参加推奨', 'max_combo_prob': 0.098, 'est_top_odds': 13.6, 'circle_concentration': 66.8, 'eligible_count': 6, 'bet_adj': 2, 'reason': 'rel_win1=58.5%（本命度） / 最有力組み合わせ確率: 0.098（推定実オッズ?14倍） / 2着集中度: 上位2艇 66.8%（補正+0.00） / 総合判定確率: 0.098 / → ヒモ分散。1号艇1着固定で広めのヒモ流し推奨（買い目+2点）', 'tenji_trigger': '展示確認: ヒモ分散レース。1号艇伸び確認後、広めのヒモ流しを採用。穴ヒモ（5・6号艇）を積極的に含める。\n展示で1号艇スタート超安定(0.130秒)→ヒモ固まり方向に注意'}",,,27.2,逃げ狙い,12.05,30.9,3,,,,,,,,,,,
2025-04-13,丸亀,3,3,井上大輔,B1,27.73,3,△,14.9826,23.9,75,60.9,0.1534,3.0469,,,0,低,121,0,-,156 26,0,43.9,1.0035,0,0.0357,0.1071,0.0357,0,0.22,0.14,0.06,,,E,△,,0.1827,0.6275,,0.5639,S,91,0,◎1着固定 2-3着流し（5〜8点）,0.5777,"{'is_target': True, 'verdict': '参加推奨', 'max_combo_prob': 0.098, 'est_top_odds': 13.6, 'circle_concentration': 66.8, 'eligible_count': 6, 'bet_adj': 2, 'reason': 'rel_win1=58.5%（本命度） / 最有力組み合わせ確率: 0.098（推定実オッズ?14倍） / 2着集中度: 上位2艇 66.8%（補正+0.00） / 総合判定確率: 0.098 / → ヒモ分散。1号艇1着固定で広めのヒモ流し推奨（買い目+2点）', 'tenji_trigger': '展示確認: ヒモ分散レース。1号艇伸び確認後、広めのヒモ流しを採用。穴ヒモ（5・6号艇）を積極的に含める。\n展示で1号艇スタート超安定(0.130秒)→ヒモ固まり方向に注意'}",,,27.2,逃げ狙い,12.05,30.9,3,,,,,,,,,,,
2025-04-13,丸亀,3,4,岩津徹郎,B1,44.62,4,▲,6.8321,12.9,100,51.1,0.1674,3.4681,,,0,低,117,0,-,2 543,0,31.3,0.7387,,,,,,0.0706,0.0941,0.2706,,,B,,,0.1653,0.574,,0.5639,S,91,0,◎1着固定 2-3着流し（5〜8点）,0.5777,"{'is_target': True, 'verdict': '参加推奨', 'max_combo_prob': 0.098, 'est_top_odds': 13.6, 'circle_concentration': 66.8, 'eligible_count': 6, 'bet_adj': 2, 'reason': 'rel_win1=58.5%（本命度） / 最有力組み合わせ確率: 0.098（推定実オッズ?14倍） / 2着集中度: 上位2艇 66.8%（補正+0.00） / 総合判定確率: 0.098 / → ヒモ分散。1号艇1着固定で広めのヒモ流し推奨（買い目+2点）', 'tenji_trigger': '展示確認: ヒモ分散レース。1号艇伸び確認後、広めのヒモ流しを採用。穴ヒモ（5・6号艇）を積極的に含める。\n展示で1号艇スタート超安定(0.130秒)→ヒモ固まり方向に注意'}",,,27.2,逃げ狙い,12.05,30.9,3,,,,,,,,,,,
2025-04-13,丸亀,3,5,森作雄大,A2,44.09,5,○,9.5321,19.6,50,36.1,0.1226,2.3472,,,0,低,68,0,-,166 S6,0,28,1.3952,0,0,0.0294,0.0294,0,0.0414,0.2966,0.1218,,,B,◎,◎,0.3041,0.67,0.3869,0.5639,S,91,0,◎1着固定 2-3着流し（5〜8点）,0.5777,"{'is_target': True, 'verdict': '参加推奨', 'max_combo_prob': 0.098, 'est_top_odds': 13.6, 'circle_concentration': 66.8, 'eligible_count': 6, 'bet_adj': 2, 'reason': 'rel_win1=58.5%（本命度） / 最有力組み合わせ確率: 0.098（推定実オッズ?14倍） / 2着集中度: 上位2艇 66.8%（補正+0.00） / 総合判定確率: 0.098 / → ヒモ分散。1号艇1着固定で広めのヒモ流し推奨（買い目+2点）', 'tenji_trigger': '展示確認: ヒモ分散レース。1号艇伸び確認後、広めのヒモ流しを採用。穴ヒモ（5・6号艇）を積極的に含める。\n展示で1号艇スタート超安定(0.130秒)→ヒモ固まり方向に注意'}",,,27.2,逃げ狙い,12.05,30.9,3,,,,,,,,,,,
2025-04-13,丸亀,3,6,松浦　勝,B1,40.00,6,,1.1929,0.7,31,9.5,0.1905,4.2857,,,0,低,112,0,-,456 63,0,23.9,0.6375,,,,,,0.3,0.26,0.04,,,C,△,,0.1386,0.6085,,0.5639,S,91,0,◎1着固定 2-3着流し（5〜8点）,0.5777,"{'is_target': True, 'verdict': '参加推奨', 'max_combo_prob': 0.098, 'est_top_odds': 13.6, 'circle_concentration': 66.8, 'eligible_count': 6, 'bet_adj': 2, 'reason': 'rel_win1=58.5%（本命度） / 最有力組み合わせ確率: 0.098（推定実オッズ?14倍） / 2着集中度: 上位2艇 66.8%（補正+0.00） / 総合判定確率: 0.098 / → ヒモ分散。1号艇1着固定で広めのヒモ流し推奨（買い目+2点）', 'tenji_trigger': '展示確認: ヒモ分散レース。1号艇伸び確認後、広めのヒモ流しを採用。穴ヒモ（5・6号艇）を積極的に含める。\n展示で1号艇スタート超安定(0.130秒)→ヒモ固まり方向に注意'}",,,27.2,逃げ狙い,12.05,30.9,3,,,,,,,,,,,
2025-04-13,丸亀,4,1,橋本　明,B1,31.54,1,◎,46.9169,,0,76.1,0.1624,3.0543,,,0,低,124,0,-,124 44,0,100,1.6378,0.381,,,,,0.3143,0.1762,0.0381,△,,D,△,,,0.6215,,0.3159,A,62,0,◎-○軸 3着3〜4艇流し（10〜15点）,0.5777,"{'is_target': True, 'verdict': '参加推奨', 'max_combo_prob': 0.0592, 'est_top_odds': 22.5, 'circle_concentration': 66.5, 'eligible_count': 8, 'bet_adj': 2, 'reason': 'rel_win1=46.9%（本命度） / 最有力組み合わせ確率: 0.059（推定実オッズ?22倍） / 2着集中度: 上位2艇 66.5%（補正+0.00） / 総合判定確率: 0.059 / → ヒモ分散。1号艇1着固定で広めのヒモ流し推奨（買い目+2点）', 'tenji_trigger': '展示確認: ヒモ分散レース。1号艇伸び確認後、広めのヒモ流しを採用。穴ヒモ（5・6号艇）を積極的に含める。'}",,,29.5,両建て推奨,13.05,36.6,3,2-1-3|1-2-4|1-2-3|1-3-2|1-3-4|1-4-2,6-1-3|6-1-4|2-1-3|6-4-1|4-5-6|6-3-1|4-5-1|1-2-4|1-2-3|1-3-2|1-3-4|1-4-2,2-1-3:2.75%|1-2-4:7.78%|1-2-3:7.1%|1-3-2:7.04%|1-3-4:6.64%|1-4-2:4.63%,2-1-3:B_main|1-2-4:A|1-2-3:A|1-3-2:A|1-3-4:A|1-4-2:A,6,12,0.4535,1,[!]見送り推奨（主役決まり手「差し」― 逃げ劣勢レースで的中実績なし）,荒れ広め,D
2025-04-13,丸亀,4,2,岡本翔太,B1,28.68,2,,13.3713,33.2,92,48.6,0.1272,2.5347,,,0,低,61,0,差0%,651 53,0,85.2,0.979,0,0.08,0,0,0.04,0.19,0.08,0.19,,◎,E,△,,0.6145,0.6355,,0.3159,A,62,0,◎-○軸 3着3〜4艇流し（10〜15点）,0.5777,"{'is_target': True, 'verdict': '参加推奨', 'max_combo_prob': 0.0592, 'est_top_odds': 22.5, 'circle_concentration': 66.5, 'eligible_count': 8, 'bet_adj': 2, 'reason': 'rel_win1=46.9%（本命度） / 最有力組み合わせ確率: 0.059（推定実オッズ?22倍） / 2着集中度: 上位2艇 66.5%（補正+0.00） / 総合判定確率: 0.059 / → ヒモ分散。1号艇1着固定で広めのヒモ流し推奨（買い目+2点）', 'tenji_trigger': '展示確認: ヒモ分散レース。1号艇伸び確認後、広めのヒモ流しを採用。穴ヒモ（5・6号艇）を積極的に含める。'}",,,29.5,両建て推奨,13.05,36.6,3,,,,,,,,,,,
2025-04-13,丸亀,4,3,佐々木大,B1,41.73,3,○,17.3774,33.3,100,69.5,0.1359,2.7542,,,0,低,74,0,-,6 461,0,46.9,1.1254,0,0.04,0.04,0.12,0,0,0.0364,0.2623,,○,A,○,,0.4717,0.637,,0.3159,A,62,0,◎-○軸 3着3〜4艇流し（10〜15点）,0.5777,"{'is_target': True, 'verdict': '参加推奨', 'max_combo_prob': 0.0592, 'est_top_odds': 22.5, 'circle_concentration': 66.5, 'eligible_count': 8, 'bet_adj': 2, 'reason': 'rel_win1=46.9%（本命度） / 最有力組み合わせ確率: 0.059（推定実オッズ?22倍） / 2着集中度: 上位2艇 66.5%（補正+0.00） / 総合判定確率: 0.059 / → ヒモ分散。1号艇1着固定で広めのヒモ流し推奨（買い目+2点）', 'tenji_trigger': '展示確認: ヒモ分散レース。1号艇伸び確認後、広めのヒモ流しを採用。穴ヒモ（5・6号艇）を積極的に含める。'}",,,29.5,両建て推奨,13.05,36.6,3,,,,,,,,,,,
2025-04-13,丸亀,4,4,福田　理,B1,31.78,4,△,11.4184,16.2,69,39,0.1454,2.9576,,,0,低,126,0,-,544 54,0,71.1,1.4509,0,0,0.0345,0.0345,0,0.1446,0.4967,0.1446,,,D,,◎,0.3765,0.594,0.3165,0.3159,A,62,0,◎-○軸 3着3〜4艇流し（10〜15点）,0.5777,"{'is_target': True, 'verdict': '参加推奨', 'max_combo_prob': 0.0592, 'est_top_odds': 22.5, 'circle_concentration': 66.5, 'eligible_count': 8, 'bet_adj': 2, 'reason': 'rel_win1=46.9%（本命度） / 最有力組み合わせ確率: 0.059（推定実オッズ?22倍） / 2着集中度: 上位2艇 66.5%（補正+0.00） / 総合判定確率: 0.059 / → ヒモ分散。1号艇1着固定で広めのヒモ流し推奨（買い目+2点）', 'tenji_trigger': '展示確認: ヒモ分散レース。1号艇伸び確認後、広めのヒモ流しを採用。穴ヒモ（5・6号艇）を積極的に含める。'}",,,29.5,両建て推奨,13.05,36.6,3,,,,,,,,,,,
2025-04-13,丸亀,4,5,松竹大輔,A2,34.75,5,,9.5465,14.4,47,33.8,0.1738,3.5211,,,0,低,112,0,-,5 5516,0,43.4,1.7043,0,0.0385,0,0.0385,0,0.0444,0.0889,0.2093,,,C,◎,○,0.2739,0.6475,0.1854,0.3159,A,62,0,◎-○軸 3着3〜4艇流し（10〜15点）,0.5777,"{'is_target': True, 'verdict': '参加推奨', 'max_combo_prob': 0.0592, 'est_top_odds': 22.5, 'circle_concentration': 66.5, 'eligible_count': 8, 'bet_adj': 2, 'reason': 'rel_win1=46.9%（本命度） / 最有力組み合わせ確率: 0.059（推定実オッズ?22倍） / 2着集中度: 上位2艇 66.5%（補正+0.00） / 総合判定確率: 0.059 / → ヒモ分散。1号艇1着固定で広めのヒモ流し推奨（買い目+2点）', 'tenji_trigger': '展示確認: ヒモ分散レース。1号艇伸び確認後、広めのヒモ流しを採用。穴ヒモ（5・6号艇）を積極的に含める。'}",,,29.5,両建て推奨,13.05,36.6,3,,,,,,,,,,,
2025-04-13,丸亀,4,6,田添康介,B1,39.02,6,▲,1.3694,2.9,47,19.1,0.1598,3.2738,,,0,低,78,0,-,2 451,0,30.5,0.5072,,,,,,0.375,0.375,0,,,B,,,0.3484,0.5535,,0.3159,A,62,0,◎-○軸 3着3〜4艇流し（10〜15点）,0.5777,"{'is_target': True, 'verdict': '参加推奨', 'max_combo_prob': 0.0592, 'est_top_odds': 22.5, 'circle_concentration': 66.5, 'eligible_count': 8, 'bet_adj': 2, 'reason': 'rel_win1=46.9%（本命度） / 最有力組み合わせ確率: 0.059（推定実オッズ?22倍） / 2着集中度: 上位2艇 66.5%（補正+0.00） / 総合判定確率: 0.059 / → ヒモ分散。1号艇1着固定で広めのヒモ流し推奨（買い目+2点）', 'tenji_trigger': '展示確認: ヒモ分散レース。1号艇伸び確認後、広めのヒモ流しを採用。穴ヒモ（5・6号艇）を積極的に含める。'}",,,29.5,両建て推奨,13.05,36.6,3,,,,,,,,,,,
2025-04-13,丸亀,5,1,大場　敏,A2,27.78,1,◎,52.9275,,0,86.9,0.1417,2.8214,,,0,低,93,0,逃0%,31525,0,86.2,1.0885,0.6667,,,,,0.0933,0.1756,0.0111,◎,,D,◎,,,0.7095,,0.6069,S,81,0,◎1着固定 2-3着流し（5〜8点）,0.5777,"{'is_target': True, 'verdict': '参加推奨', 'max_combo_prob': 0.0774, 'est_top_odds': 17.2, 'circle_concentration': 70.1, 'eligible_count': 6, 'bet_adj': 2, 'reason': 'rel_win1=52.9%（本命度） / 最有力組み合わせ確率: 0.077（推定実オッズ?17倍） / 2着集中度: 上位2艇 70.1%（補正+0.04） / 総合判定確率: 0.117 / → ヒモ分散。1号艇1着固定で広めのヒモ流し推奨（買い目+2点）', 'tenji_trigger': '展示確認: ヒモ分散レース。1号艇伸び確認後、広めのヒモ流しを採用。穴ヒモ（5・6号艇）を積極的に含める。'}",,,27,逃げ狙い,14.41,28.3,2,,,,,0,0,0.7559,0,,逃げ軸流し,A
2025-04-13,丸亀,5,2,平石和男,A2,33.86,2,△,13.4043,45.8,100,62.7,0.1977,4.5933,,,0,低,226,0,-,1 3634,0,22.9,0.8071,0,0.0645,0,0,0.0323,0.1058,0.1706,0.2354,,,B,△,,0.0775,0.6275,,0.6069,S,81,0,◎1着固定 2-3着流し（5〜8点）,0.5777,"{'is_target': True, 'verdict': '参加推奨', 'max_combo_prob': 0.0774, 'est_top_odds': 17.2, 'circle_concentration': 70.1, 'eligible_count': 6, 'bet_adj': 2, 'reason': 'rel_win1=52.9%（本命度） / 最有力組み合わせ確率: 0.077（推定実オッズ?17倍） / 2着集中度: 上位2艇 70.1%（補正+0.04） / 総合判定確率: 0.117 / → ヒモ分散。1号艇1着固定で広めのヒモ流し推奨（買い目+2点）', 'tenji_trigger': '展示確認: ヒモ分散レース。1号艇伸び確認後、広めのヒモ流しを採用。穴ヒモ（5・6号艇）を積極的に含める。'}",,,27,逃げ狙い,14.41,28.3,2,,,,,,,,,,,
2025-04-13,丸亀,5,3,森林　太,B1,34.68,3,○,12.2067,24.2,97,45.7,0.1867,4.0857,,,0,低,204,0,ま0%,261 55,0,46.2,1.154,0,0,0.1786,0,0.0357,0.0667,0.3556,0.1222,,,B,,,0.167,0.555,,0.6069,S,81,0,◎1着固定 2-3着流し（5〜8点）,0.5777,"{'is_target': True, 'verdict': '参加推奨', 'max_combo_prob': 0.0774, 'est_top_odds': 17.2, 'circle_concentration': 70.1, 'eligible_count': 6, 'bet_adj': 2, 'reason': 'rel_win1=52.9%（本命度） / 最有力組み合わせ確率: 0.077（推定実オッズ?17倍） / 2着集中度: 上位2艇 70.1%（補正+0.04） / 総合判定確率: 0.117 / → ヒモ分散。1号艇1着固定で広めのヒモ流し推奨（買い目+2点）', 'tenji_trigger': '展示確認: ヒモ分散レース。1号艇伸び確認後、広めのヒモ流しを採用。穴ヒモ（5・6号艇）を積極的に含める。'}",,,27,逃げ狙い,14.41,28.3,2,,,,,,,,,,,
2025-04-13,丸亀,5,4,亀本勇樹,B1,33.08,4,▲,8.7192,11.7,57,25.6,0.1554,3.3333,,,0,低,75,0,-,5 564,0,72.6,0.7483,0,0,0.1,0,0,0.2083,0.05,0.125,,,C,,,0.274,0.5815,,0.6069,S,81,0,◎1着固定 2-3着流し（5〜8点）,0.5777,"{'is_target': True, 'verdict': '参加推奨', 'max_combo_prob': 0.0774, 'est_top_odds': 17.2, 'circle_concentration': 70.1, 'eligible_count': 6, 'bet_adj': 2, 'reason': 'rel_win1=52.9%（本命度） / 最有力組み合わせ確率: 0.077（推定実オッズ?17倍） / 2着集中度: 上位2艇 70.1%（補正+0.04） / 総合判定確率: 0.117 / → ヒモ分散。1号艇1着固定で広めのヒモ流し推奨（買い目+2点）', 'tenji_trigger': '展示確認: ヒモ分散レース。1号艇伸び確認後、広めのヒモ流しを採用。穴ヒモ（5・6号艇）を積極的に含める。'}",,,27,逃げ狙い,14.41,28.3,2,,,,,,,,,,,
2025-04-13,丸亀,5,5,藤丸光一,B1,26.52,5,,6.3978,11.5,79,50,0.1675,3.625,,,0,低,102,1,-,1 266,0,82.4,1.4171,,,,,,0.2706,0.2941,0.1941,,,E,○,,0.2552,0.6295,,0.6069,S,81,0,◎1着固定 2-3着流し（5〜8点）,0.5777,"{'is_target': True, 'verdict': '参加推奨', 'max_combo_prob': 0.0774, 'est_top_odds': 17.2, 'circle_concentration': 70.1, 'eligible_count': 6, 'bet_adj': 2, 'reason': 'rel_win1=52.9%（本命度） / 最有力組み合わせ確率: 0.077（推定実オッズ?17倍） / 2着集中度: 上位2艇 70.1%（補正+0.04） / 総合判定確率: 0.117 / → ヒモ分散。1号艇1着固定で広めのヒモ流し推奨（買い目+2点）', 'tenji_trigger': '展示確認: ヒモ分散レース。1号艇伸び確認後、広めのヒモ流しを採用。穴ヒモ（5・6号艇）を積極的に含める。'}",,,27,逃げ狙い,14.41,28.3,2,,,,,,,,,,,
2025-04-13,丸亀,5,6,佐藤大佑,A2,32.31,6,,6.3445,6.7,71,28.1,0.1758,3.7544,,,0,低,121,0,ま0% 差ま0%,4 6555,0,31.5,1.3811,0,0,0.069,0.0345,0,0.0333,0.1333,0.0333,,,C,△,◎,0.2097,0.59,0.1756,0.6069,S,81,0,◎1着固定 2-3着流し（5〜8点）,0.5777,"{'is_target': True, 'verdict': '参加推奨', 'max_combo_prob': 0.0774, 'est_top_odds': 17.2, 'circle_concentration': 70.1, 'eligible_count': 6, 'bet_adj': 2, 'reason': 'rel_win1=52.9%（本命度） / 最有力組み合わせ確率: 0.077（推定実オッズ?17倍） / 2着集中度: 上位2艇 70.1%（補正+0.04） / 総合判定確率: 0.117 / → ヒモ分散。1号艇1着固定で広めのヒモ流し推奨（買い目+2点）', 'tenji_trigger': '展示確認: ヒモ分散レース。1号艇伸び確認後、広めのヒモ流しを採用。穴ヒモ（5・6号艇）を積極的に含める。'}",,,27,逃げ狙い,14.41,28.3,2,,,,,,,,,,,
2025-04-13,丸亀,6,1,尾崎雄二,A2,32.26,1,◎,52.8716,,0,86.4,0.1663,3.4153,,,0,低,133,0,逃1%,323541,0,59.8,0.9284,0.5556,,,,,0.1667,0.1667,0.0556,○,,C,△,,,0.6365,,0.4243,A,79,0,◎-○軸 3着3〜4艇流し（10〜15点）,0.5777,"{'is_target': True, 'verdict': '点数絞り', 'max_combo_prob': 0.1025, 'est_top_odds': 13.0, 'circle_concentration': 70.5, 'eligible_count': 8, 'bet_adj': 0, 'reason': 'rel_win1=52.9%（本命度） / 最有力組み合わせ確率: 0.102（推定実オッズ?13倍） / 2着集中度: 上位2艇 70.5%（補正+0.04） / 総合判定確率: 0.142 / → ヒモはやや固め。上位2艇以外を切ること', 'tenji_trigger': '展示確認: 1号艇伸び良→そのまま採用。悪→飛び組に差し替え。circle_pct上位2艇に絞り込むこと。'}",,,31.5,逃げ狙い,24.83,32.1,3,,,,,0,0,0.6155,0,,逃げ軸流し,A
2025-04-13,丸亀,6,2,吉岡　誠,B1,26.72,2,,10.1079,16.8,47,30.2,0.1763,3.5349,,,0,低,74,0,-,6 253,0,89,1.6333,0,0.05,0,0,0,0.2727,0.0909,0.1818,,,D,,,0.2099,0.573,,0.4243,A,79,0,◎-○軸 3着3〜4艇流し（10〜15点）,0.5777,"{'is_target': True, 'verdict': '点数絞り', 'max_combo_prob': 0.1025, 'est_top_odds': 13.0, 'circle_concentration': 70.5, 'eligible_count': 8, 'bet_adj': 0, 'reason': 'rel_win1=52.9%（本命度） / 最有力組み合わせ確率: 0.102（推定実オッズ?13倍） / 2着集中度: 上位2艇 70.5%（補正+0.04） / 総合判定確率: 0.142 / → ヒモはやや固め。上位2艇以外を切ること', 'tenji_trigger': '展示確認: 1号艇伸び良→そのまま採用。悪→飛び組に差し替え。circle_pct上位2艇に絞り込むこと。'}",,,31.5,逃げ狙い,24.83,32.1,3,,,,,,,,,,,
2025-04-13,丸亀,6,3,下條雄太,A1,34.13,3,○,18.8732,53.7,53,86.5,0.137,2.7162,,,0,低,44,0,-,442525,0,44.4,1.1229,,,,,,0.019,0.169,0.0381,,◎,B,◎,,0.4594,0.662,,0.4243,A,79,0,◎-○軸 3着3〜4艇流し（10〜15点）,0.5777,"{'is_target': True, 'verdict': '点数絞り', 'max_combo_prob': 0.1025, 'est_top_odds': 13.0, 'circle_concentration': 70.5, 'eligible_count': 8, 'bet_adj': 0, 'reason': 'rel_win1=52.9%（本命度） / 最有力組み合わせ確率: 0.102（推定実オッズ?13倍） / 2着集中度: 上位2艇 70.5%（補正+0.04） / 総合判定確率: 0.142 / → ヒモはやや固め。上位2艇以外を切ること', 'tenji_trigger': '展示確認: 1号艇伸び良→そのまま採用。悪→飛び組に差し替え。circle_pct上位2艇に絞り込むこと。'}",,,31.5,逃げ狙い,24.83,32.1,3,,,,,,,,,,,
2025-04-13,丸亀,6,4,鈴木裕隆,A2,37.14,4,▲,10.5327,15.7,100,54.2,0.169,3.3472,,,0,低,149,0,-,243226,0,33.4,0.8683,0,0.0625,0.0625,0.0938,0,0.2903,0.2274,0.0887,,,B,○,◎,0.2891,0.661,0.2965,0.4243,A,79,0,◎-○軸 3着3〜4艇流し（10〜15点）,0.5777,"{'is_target': True, 'verdict': '点数絞り', 'max_combo_prob': 0.1025, 'est_top_odds': 13.0, 'circle_concentration': 70.5, 'eligible_count': 8, 'bet_adj': 0, 'reason': 'rel_win1=52.9%（本命度） / 最有力組み合わせ確率: 0.102（推定実オッズ?13倍） / 2着集中度: 上位2艇 70.5%（補正+0.04） / 総合判定確率: 0.142 / → ヒモはやや固め。上位2艇以外を切ること', 'tenji_trigger': '展示確認: 1号艇伸び良→そのまま採用。悪→飛び組に差し替え。circle_pct上位2艇に絞り込むこと。'}",,,31.5,逃げ狙い,24.83,32.1,3,,,,,,,,,,,
2025-04-13,丸亀,6,5,南野利騰,B2,26.92,5,,6.643,11.1,59,40.7,0.1589,3.3241,,,0,低,99,0,差0%,3 543,0,62,1.2188,0,0.0345,0,0,0,0.3924,0.2971,0.0762,,,D,△,,0.3024,0.616,,0.4243,A,79,0,◎-○軸 3着3〜4艇流し（10〜15点）,0.5777,"{'is_target': True, 'verdict': '点数絞り', 'max_combo_prob': 0.1025, 'est_top_odds': 13.0, 'circle_concentration': 70.5, 'eligible_count': 8, 'bet_adj': 0, 'reason': 'rel_win1=52.9%（本命度） / 最有力組み合わせ確率: 0.102（推定実オッズ?13倍） / 2着集中度: 上位2艇 70.5%（補正+0.04） / 総合判定確率: 0.142 / → ヒモはやや固め。上位2艇以外を切ること', 'tenji_trigger': '展示確認: 1号艇伸び良→そのまま採用。悪→飛び組に差し替え。circle_pct上位2艇に絞り込むこと。'}",,,31.5,逃げ狙い,24.83,32.1,3,,,,,,,,,,,
2025-04-13,丸亀,6,6,大谷健太,B1,30.71,6,△,0.9716,2.7,71,32.6,0.1551,3.6047,,,0,低,101,0,-,6 313,0,27.2,0.8136,,,,,,0,0.0857,0.1286,,,D,,,0.3497,0.605,,0.4243,A,79,0,◎-○軸 3着3〜4艇流し（10〜15点）,0.5777,"{'is_target': True, 'verdict': '点数絞り', 'max_combo_prob': 0.1025, 'est_top_odds': 13.0, 'circle_concentration': 70.5, 'eligible_count': 8, 'bet_adj': 0, 'reason': 'rel_win1=52.9%（本命度） / 最有力組み合わせ確率: 0.102（推定実オッズ?13倍） / 2着集中度: 上位2艇 70.5%（補正+0.04） / 総合判定確率: 0.142 / → ヒモはやや固め。上位2艇以外を切ること', 'tenji_trigger': '展示確認: 1号艇伸び良→そのまま採用。悪→飛び組に差し替え。circle_pct上位2艇に絞り込むこと。'}",,,31.5,逃げ狙い,24.83,32.1,3,,,,,,,,,,,
2025-04-13,丸亀,7,1,川原祐明,A2,49.58,1,◎,63.0357,,0,90.3,0.1744,3.5565,,,0,低,110,0,逃0% 抜0%,243 12,0,91.1,1.2447,0.6897,,,,,0.0276,0.1014,0.0138,○,,A,△,,,0.6185,,0.4269,S,98,0,◎1着固定 2-3着流し（5〜8点）,0.5777,"{'is_target': True, 'verdict': '点数絞り', 'max_combo_prob': 0.1133, 'est_top_odds': 11.8, 'circle_concentration': 71.0, 'eligible_count': 6, 'bet_adj': 0, 'reason': 'rel_win1=63.0%（本命度） / 最有力組み合わせ確率: 0.113（推定実オッズ?12倍） / 2着集中度: 上位2艇 71.0%（補正+0.04） / 総合判定確率: 0.153 / → ヒモはやや固め。上位2艇以外を切ること', 'tenji_trigger': '展示確認: 1号艇伸び良→そのまま採用。悪→飛び組に差し替え。circle_pct上位2艇に絞り込むこと。'}",,,26,逃げ狙い,13.76,25.9,2,,,,,0,0,0.6155,0,,逃げ軸流し,A
2025-04-13,丸亀,7,2,山下和彦,A1,31.54,2,▲,13.1928,54.8,90,75,0.168,3.6974,,,0,低,134,0,-,5 2352,0,46.2,1.0569,0,0.0294,0.0588,0,0.0294,0.0375,0.0625,0.1732,,△,D,○,,0.3726,0.6275,,0.4269,S,98,0,◎1着固定 2-3着流し（5〜8点）,0.5777,"{'is_target': True, 'verdict': '点数絞り', 'max_combo_prob': 0.1133, 'est_top_odds': 11.8, 'circle_concentration': 71.0, 'eligible_count': 6, 'bet_adj': 0, 'reason': 'rel_win1=63.0%（本命度） / 最有力組み合わせ確率: 0.113（推定実オッズ?12倍） / 2着集中度: 上位2艇 71.0%（補正+0.04） / 総合判定確率: 0.153 / → ヒモはやや固め。上位2艇以外を切ること', 'tenji_trigger': '展示確認: 1号艇伸び良→そのまま採用。悪→飛び組に差し替え。circle_pct上位2艇に絞り込むこと。'}",,,26,逃げ狙い,13.76,25.9,2,,,,,,,,,,,
2025-04-13,丸亀,7,3,中里昌志,B1,43.61,3,○,8.2019,16.2,67,43.1,0.184,3.7759,,,0,低,140,0,-,6 222,0,23.7,0.8421,0,0,0,0.0435,0,0.3162,0.2152,0.1962,,,B,△,,0.2378,0.604,,0.4269,S,98,0,◎1着固定 2-3着流し（5〜8点）,0.5777,"{'is_target': True, 'verdict': '点数絞り', 'max_combo_prob': 0.1133, 'est_top_odds': 11.8, 'circle_concentration': 71.0, 'eligible_count': 6, 'bet_adj': 0, 'reason': 'rel_win1=63.0%（本命度） / 最有力組み合わせ確率: 0.113（推定実オッズ?12倍） / 2着集中度: 上位2艇 71.0%（補正+0.04） / 総合判定確率: 0.153 / → ヒモはやや固め。上位2艇以外を切ること', 'tenji_trigger': '展示確認: 1号艇伸び良→そのまま採用。悪→飛び組に差し替え。circle_pct上位2艇に絞り込むこと。'}",,,26,逃げ狙い,13.76,25.9,2,,,,,,,,,,,
2025-04-13,丸亀,7,4,井上大輔,B1,27.73,4,△,11.0467,14.4,100,47.1,0.1479,3.1176,,,0,低,121,0,ま0%,156 26,0,55.5,1.1298,0,0,0.2143,0,0,0.22,0.14,0.06,,◎,D,○,◎,0.4451,0.6275,0.3101,0.4269,S,98,0,◎1着固定 2-3着流し（5〜8点）,0.5777,"{'is_target': True, 'verdict': '点数絞り', 'max_combo_prob': 0.1133, 'est_top_odds': 11.8, 'circle_concentration': 71.0, 'eligible_count': 6, 'bet_adj': 0, 'reason': 'rel_win1=63.0%（本命度） / 最有力組み合わせ確率: 0.113（推定実オッズ?12倍） / 2着集中度: 上位2艇 71.0%（補正+0.04） / 総合判定確率: 0.153 / → ヒモはやや固め。上位2艇以外を切ること', 'tenji_trigger': '展示確認: 1号艇伸び良→そのまま採用。悪→飛び組に差し替え。circle_pct上位2艇に絞り込むこと。'}",,,26,逃げ狙い,13.76,25.9,2,,,,,,,,,,,
2025-04-13,丸亀,7,5,畔柳俊吾,B1,35.56,5,,2.4478,6.2,70,33.3,0.1917,3.9881,,,0,低,164,0,-,142 44,0,49.7,1.0821,,,,,,0.287,0.2217,0.2696,,,C,,,0.2514,0.5885,,0.4269,S,98,0,◎1着固定 2-3着流し（5〜8点）,0.5777,"{'is_target': True, 'verdict': '点数絞り', 'max_combo_prob': 0.1133, 'est_top_odds': 11.8, 'circle_concentration': 71.0, 'eligible_count': 6, 'bet_adj': 0, 'reason': 'rel_win1=63.0%（本命度） / 最有力組み合わせ確率: 0.113（推定実オッズ?12倍） / 2着集中度: 上位2艇 71.0%（補正+0.04） / 総合判定確率: 0.153 / → ヒモはやや固め。上位2艇以外を切ること', 'tenji_trigger': '展示確認: 1号艇伸び良→そのまま採用。悪→飛び組に差し替え。circle_pct上位2艇に絞り込むこと。'}",,,26,逃げ狙い,13.76,25.9,2,,,,,,,,,,,
2025-04-13,丸亀,7,6,山田雄太,A1,24.37,6,,2.075,8.4,68,39.1,0.1437,3.1328,,,0,低,64,0,差ま0%,F63 3,0,24.2,0.6714,0,0,0,0.0333,0,0.016,0.2,0.048,,,E,◎,,0.3763,0.6615,,0.4269,S,98,0,◎1着固定 2-3着流し（5〜8点）,0.5777,"{'is_target': True, 'verdict': '点数絞り', 'max_combo_prob': 0.1133, 'est_top_odds': 11.8, 'circle_concentration': 71.0, 'eligible_count': 6, 'bet_adj': 0, 'reason': 'rel_win1=63.0%（本命度） / 最有力組み合わせ確率: 0.113（推定実オッズ?12倍） / 2着集中度: 上位2艇 71.0%（補正+0.04） / 総合判定確率: 0.153 / → ヒモはやや固め。上位2艇以外を切ること', 'tenji_trigger': '展示確認: 1号艇伸び良→そのまま採用。悪→飛び組に差し替え。circle_pct上位2艇に絞り込むこと。'}",,,26,逃げ狙い,13.76,25.9,2,,,,,,,,,,,
2025-04-13,丸亀,8,1,金子和之,A1,31.01,1,◎,69.7937,,0,93.9,0.1429,2.2576,,,0,低,99,0,逃0%,333346,0,95.3,1.3118,0.7407,,,,,0.0444,0.1778,0,◎,,C,,,,0.6185,,0.5964,S,84,0,◎1着固定 2-3着流し（5〜8点）,0.5777,"{'is_target': True, 'verdict': '参加推奨', 'max_combo_prob': 0.0994, 'est_top_odds': 13.4, 'circle_concentration': 63.0, 'eligible_count': 6, 'bet_adj': 2, 'reason': 'rel_win1=69.8%（本命度） / 最有力組み合わせ確率: 0.099（推定実オッズ?13倍） / 2着集中度: 上位2艇 63.0%（補正+0.00） / 総合判定確率: 0.099 / → ヒモ分散。1号艇1着固定で広めのヒモ流し推奨（買い目+2点）', 'tenji_trigger': '展示確認: ヒモ分散レース。1号艇伸び確認後、広めのヒモ流しを採用。穴ヒモ（5・6号艇）を積極的に含める。'}",,,26.7,逃げ狙い,15.27,26.7,4,,,,,0,0,0.7559,0,,逃げ軸流し,A
2025-04-13,丸亀,8,2,森作雄大,A2,44.09,2,○,13.619,37,100,59.7,0.1283,2.3819,,,0,低,68,0,差0% ま0% 抜0%,166 S6,0,43.7,0.9886,0,0.0667,0.0667,0,0.0333,0.0414,0.2966,0.1218,,◎,A,◎,,0.461,0.67,,0.5964,S,84,0,◎1着固定 2-3着流し（5〜8点）,0.5777,"{'is_target': True, 'verdict': '参加推奨', 'max_combo_prob': 0.0994, 'est_top_odds': 13.4, 'circle_concentration': 63.0, 'eligible_count': 6, 'bet_adj': 2, 'reason': 'rel_win1=69.8%（本命度） / 最有力組み合わせ確率: 0.099（推定実オッズ?13倍） / 2着集中度: 上位2艇 63.0%（補正+0.00） / 総合判定確率: 0.099 / → ヒモ分散。1号艇1着固定で広めのヒモ流し推奨（買い目+2点）', 'tenji_trigger': '展示確認: ヒモ分散レース。1号艇伸び確認後、広めのヒモ流しを採用。穴ヒモ（5・6号艇）を積極的に含める。'}",,,26.7,逃げ狙い,15.27,26.7,4,,,,,,,,,,,
2025-04-13,丸亀,8,3,宇土泰就,B1,26.77,3,,5.916,26,72,41.5,0.1514,3.3231,,,0,低,106,0,-,356 22,0,50.2,1.1833,0,0,0,0.0741,0,0.1471,0.4412,0.0471,,,E,△,,0.2511,0.619,,0.5964,S,84,0,◎1着固定 2-3着流し（5〜8点）,0.5777,"{'is_target': True, 'verdict': '参加推奨', 'max_combo_prob': 0.0994, 'est_top_odds': 13.4, 'circle_concentration': 63.0, 'eligible_count': 6, 'bet_adj': 2, 'reason': 'rel_win1=69.8%（本命度） / 最有力組み合わせ確率: 0.099（推定実オッズ?13倍） / 2着集中度: 上位2艇 63.0%（補正+0.00） / 総合判定確率: 0.099 / → ヒモ分散。1号艇1着固定で広めのヒモ流し推奨（買い目+2点）', 'tenji_trigger': '展示確認: ヒモ分散レース。1号艇伸び確認後、広めのヒモ流しを採用。穴ヒモ（5・6号艇）を積極的に含める。'}",,,26.7,逃げ狙い,15.27,26.7,4,,,,,,,,,,,
2025-04-13,丸亀,8,4,林　祐介,A2,28.06,4,,7.6639,25.6,92,53.7,0.1587,3.4259,,,0,低,103,0,-,6 4454,0,78.9,1.5372,0,0.0909,0,0,0,0.0154,0.1615,0.2923,,,D,○,◎,0.2309,0.6605,0.4284,0.5964,S,84,0,◎1着固定 2-3着流し（5〜8点）,0.5777,"{'is_target': True, 'verdict': '参加推奨', 'max_combo_prob': 0.0994, 'est_top_odds': 13.4, 'circle_concentration': 63.0, 'eligible_count': 6, 'bet_adj': 2, 'reason': 'rel_win1=69.8%（本命度） / 最有力組み合わせ確率: 0.099（推定実オッズ?13倍） / 2着集中度: 上位2艇 63.0%（補正+0.00） / 総合判定確率: 0.099 / → ヒモ分散。1号艇1着固定で広めのヒモ流し推奨（買い目+2点）', 'tenji_trigger': '展示確認: ヒモ分散レース。1号艇伸び確認後、広めのヒモ流しを採用。穴ヒモ（5・6号艇）を積極的に含める。'}",,,26.7,逃げ狙い,15.27,26.7,4,,,,,,,,,,,
2025-04-13,丸亀,8,5,竹本太樹,B2,34.88,5,△,1.8949,9.9,46,25.8,0.1948,4.1613,,,0,低,79,0,-,5 631,0,30.2,0.7864,,,,,,0.0211,0.3053,0.2053,,,C,,,0.1474,0.5475,,0.5964,S,84,0,◎1着固定 2-3着流し（5〜8点）,0.5777,"{'is_target': True, 'verdict': '参加推奨', 'max_combo_prob': 0.0994, 'est_top_odds': 13.4, 'circle_concentration': 63.0, 'eligible_count': 6, 'bet_adj': 2, 'reason': 'rel_win1=69.8%（本命度） / 最有力組み合わせ確率: 0.099（推定実オッズ?13倍） / 2着集中度: 上位2艇 63.0%（補正+0.00） / 総合判定確率: 0.099 / → ヒモ分散。1号艇1着固定で広めのヒモ流し推奨（買い目+2点）', 'tenji_trigger': '展示確認: ヒモ分散レース。1号艇伸び確認後、広めのヒモ流しを採用。穴ヒモ（5・6号艇）を積極的に含める。'}",,,26.7,逃げ狙い,15.27,26.7,4,,,,,,,,,,,
2025-04-13,丸亀,8,6,坂東　満,B1,35.82,6,▲,1.1125,1.5,29,14.6,0.1979,4.5,,,0,低,95,0,-,3 562,0,26.7,0.6217,,,,,,0.0706,0.2039,0.2039,,,B,△,,0.135,0.6315,,0.5964,S,84,0,◎1着固定 2-3着流し（5〜8点）,0.5777,"{'is_target': True, 'verdict': '参加推奨', 'max_combo_prob': 0.0994, 'est_top_odds': 13.4, 'circle_concentration': 63.0, 'eligible_count': 6, 'bet_adj': 2, 'reason': 'rel_win1=69.8%（本命度） / 最有力組み合わせ確率: 0.099（推定実オッズ?13倍） / 2着集中度: 上位2艇 63.0%（補正+0.00） / 総合判定確率: 0.099 / → ヒモ分散。1号艇1着固定で広めのヒモ流し推奨（買い目+2点）', 'tenji_trigger': '展示確認: ヒモ分散レース。1号艇伸び確認後、広めのヒモ流しを採用。穴ヒモ（5・6号艇）を積極的に含める。'}",,,26.7,逃げ狙い,15.27,26.7,4,,,,,,,,,,,
2025-04-13,丸亀,9,1,佐藤大佑,A2,32.31,1,◎,62.8257,,0,81.8,0.1732,3.3864,,,0,低,121,0,逃1%,4 6555,0,53.7,0.9209,0.6667,,,,,0.0333,0.1333,0.0333,○,,C,,,,0.59,,0.4477,S,89,0,◎1着固定 2-3着流し（5〜8点）,0.5777,"{'is_target': True, 'verdict': '参加推奨', 'max_combo_prob': 0.0832, 'est_top_odds': 16.0, 'circle_concentration': 67.2, 'eligible_count': 6, 'bet_adj': 2, 'reason': 'rel_win1=62.8%（本命度） / 最有力組み合わせ確率: 0.083（推定実オッズ?16倍） / 2着集中度: 上位2艇 67.2%（補正+0.00） / 総合判定確率: 0.083 / → ヒモ分散。1号艇1着固定で広めのヒモ流し推奨（買い目+2点）', 'tenji_trigger': '展示確認: ヒモ分散レース。1号艇伸び確認後、広めのヒモ流しを採用。穴ヒモ（5・6号艇）を積極的に含める。'}",,,27.2,逃げ狙い,15.58,27.8,3,,,,,0,0,0.6155,0,,逃げ軸流し,A
2025-04-13,丸亀,9,2,田中宏樹,B1,31.78,2,,10.3055,39.9,100,66,0.177,3.717,,,0,低,128,0,-,4 126,0,28.4,0.93,0,0.0455,0.0455,0,0.0455,0.2,0.02,0.18,,,D,△,,0.2714,0.6195,,0.4477,S,89,0,◎1着固定 2-3着流し（5〜8点）,0.5777,"{'is_target': True, 'verdict': '参加推奨', 'max_combo_prob': 0.0832, 'est_top_odds': 16.0, 'circle_concentration': 67.2, 'eligible_count': 6, 'bet_adj': 2, 'reason': 'rel_win1=62.8%（本命度） / 最有力組み合わせ確率: 0.083（推定実オッズ?16倍） / 2着集中度: 上位2艇 67.2%（補正+0.00） / 総合判定確率: 0.083 / → ヒモ分散。1号艇1着固定で広めのヒモ流し推奨（買い目+2点）', 'tenji_trigger': '展示確認: ヒモ分散レース。1号艇伸び確認後、広めのヒモ流しを採用。穴ヒモ（5・6号艇）を積極的に含める。'}",,,27.2,逃げ狙い,15.58,27.8,3,,,,,,,,,,,
2025-04-13,丸亀,9,3,松竹大輔,A2,34.75,3,▲,12.2573,27.3,80,55.4,0.1465,2.9769,,,0,低,112,0,-,5 5516,0,48.1,1.0015,0,0.0556,0,0.0556,0,0.0444,0.0889,0.2093,,◎,C,◎,,0.4249,0.6475,,0.4477,S,89,0,◎1着固定 2-3着流し（5〜8点）,0.5777,"{'is_target': True, 'verdict': '参加推奨', 'max_combo_prob': 0.0832, 'est_top_odds': 16.0, 'circle_concentration': 67.2, 'eligible_count': 6, 'bet_adj': 2, 'reason': 'rel_win1=62.8%（本命度） / 最有力組み合わせ確率: 0.083（推定実オッズ?16倍） / 2着集中度: 上位2艇 67.2%（補正+0.00） / 総合判定確率: 0.083 / → ヒモ分散。1号艇1着固定で広めのヒモ流し推奨（買い目+2点）', 'tenji_trigger': '展示確認: ヒモ分散レース。1号艇伸び確認後、広めのヒモ流しを採用。穴ヒモ（5・6号艇）を積極的に含める。'}",,,27.2,逃げ狙い,15.58,27.8,3,,,,,,,,,,,
2025-04-13,丸亀,9,4,佐々木大,B1,41.73,4,○,9.3098,26.3,89,62.7,0.1412,2.8559,,,0,低,74,0,-,6 461,0,35.2,0.9243,0,0.0312,0.0938,0.0312,0,0,0.0364,0.2623,,○,B,○,◎,0.4247,0.637,0.3906,0.4477,S,89,0,◎1着固定 2-3着流し（5〜8点）,0.5777,"{'is_target': True, 'verdict': '参加推奨', 'max_combo_prob': 0.0832, 'est_top_odds': 16.0, 'circle_concentration': 67.2, 'eligible_count': 6, 'bet_adj': 2, 'reason': 'rel_win1=62.8%（本命度） / 最有力組み合わせ確率: 0.083（推定実オッズ?16倍） / 2着集中度: 上位2艇 67.2%（補正+0.00） / 総合判定確率: 0.083 / → ヒモ分散。1号艇1着固定で広めのヒモ流し推奨（買い目+2点）', 'tenji_trigger': '展示確認: ヒモ分散レース。1号艇伸び確認後、広めのヒモ流しを採用。穴ヒモ（5・6号艇）を積極的に含める。'}",,,27.2,逃げ狙い,15.58,27.8,3,,,,,,,,,,,
2025-04-13,丸亀,9,5,八木治樹,B1,29.84,5,,4.1571,6.2,85,38.3,0.1485,3.1064,,,0,低,75,0,-,6 143,0,33,1.0848,,,,,,0.3,0.25,0.075,,,E,△,,0.3901,0.603,,0.4477,S,89,0,◎1着固定 2-3着流し（5〜8点）,0.5777,"{'is_target': True, 'verdict': '参加推奨', 'max_combo_prob': 0.0832, 'est_top_odds': 16.0, 'circle_concentration': 67.2, 'eligible_count': 6, 'bet_adj': 2, 'reason': 'rel_win1=62.8%（本命度） / 最有力組み合わせ確率: 0.083（推定実オッズ?16倍） / 2着集中度: 上位2艇 67.2%（補正+0.00） / 総合判定確率: 0.083 / → ヒモ分散。1号艇1着固定で広めのヒモ流し推奨（買い目+2点）', 'tenji_trigger': '展示確認: ヒモ分散レース。1号艇伸び確認後、広めのヒモ流しを採用。穴ヒモ（5・6号艇）を積極的に含める。'}",,,27.2,逃げ狙い,15.58,27.8,3,,,,,,,,,,,
2025-04-13,丸亀,9,6,萩原丈太,B2,38.76,6,△,1.1447,0.3,14,1.9,0.1843,3.9486,,,0,低,78,0,-,136 56,0,92.9,1.8567,,,,,,0,0,0,,,B,,,0.2747,0.556,,0.4477,S,89,0,◎1着固定 2-3着流し（5〜8点）,0.5777,"{'is_target': True, 'verdict': '参加推奨', 'max_combo_prob': 0.0832, 'est_top_odds': 16.0, 'circle_concentration': 67.2, 'eligible_count': 6, 'bet_adj': 2, 'reason': 'rel_win1=62.8%（本命度） / 最有力組み合わせ確率: 0.083（推定実オッズ?16倍） / 2着集中度: 上位2艇 67.2%（補正+0.00） / 総合判定確率: 0.083 / → ヒモ分散。1号艇1着固定で広めのヒモ流し推奨（買い目+2点）', 'tenji_trigger': '展示確認: ヒモ分散レース。1号艇伸び確認後、広めのヒモ流しを採用。穴ヒモ（5・6号艇）を積極的に含める。'}",,,27.2,逃げ狙い,15.58,27.8,3,,,,,,,,,,,
2025-04-13,丸亀,10,1,鈴木裕隆,A2,37.14,1,◎,53.7798,,0,88.1,0.1531,2.9328,,,0,低,149,0,-,243226,0,93.1,1.2616,0.3548,,,,,0.2903,0.2274,0.0887,◎,,C,△,,,0.661,,0.4506,A,70,0,◎-○軸 3着3〜4艇流し（10〜15点）,0.5777,"{'is_target': True, 'verdict': '参加推奨', 'max_combo_prob': 0.0596, 'est_top_odds': 22.4, 'circle_concentration': 64.9, 'eligible_count': 8, 'bet_adj': 2, 'reason': 'rel_win1=53.8%（本命度） / 最有力組み合わせ確率: 0.060（推定実オッズ?22倍） / 2着集中度: 上位2艇 64.9%（補正+0.00） / 総合判定確率: 0.060 / → ヒモ分散。1号艇1着固定で広めのヒモ流し推奨（買い目+2点）', 'tenji_trigger': '展示確認: ヒモ分散レース。1号艇伸び確認後、広めのヒモ流しを採用。穴ヒモ（5・6号艇）を積極的に含める。'}",,,33.6,逃げ狙い,25.71,37.6,4,,,,,0,0,0.7559,0,,逃げ軸流し,A
2025-04-13,丸亀,10,2,岩津徹郎,B1,44.62,2,▲,11.6722,28.9,100,55.6,0.1528,3.5556,,,0,低,117,0,-,2 543,0,37.5,0.909,,,,,,0.0706,0.0941,0.2706,,,B,,,0.374,0.574,,0.4506,A,70,0,◎-○軸 3着3〜4艇流し（10〜15点）,0.5777,"{'is_target': True, 'verdict': '参加推奨', 'max_combo_prob': 0.0596, 'est_top_odds': 22.4, 'circle_concentration': 64.9, 'eligible_count': 8, 'bet_adj': 2, 'reason': 'rel_win1=53.8%（本命度） / 最有力組み合わせ確率: 0.060（推定実オッズ?22倍） / 2着集中度: 上位2艇 64.9%（補正+0.00） / 総合判定確率: 0.060 / → ヒモ分散。1号艇1着固定で広めのヒモ流し推奨（買い目+2点）', 'tenji_trigger': '展示確認: ヒモ分散レース。1号艇伸び確認後、広めのヒモ流しを採用。穴ヒモ（5・6号艇）を積極的に含める。'}",,,33.6,逃げ狙い,25.71,37.6,4,,,,,,,,,,,
2025-04-13,丸亀,10,3,川原祐明,A2,49.58,3,○,17.6174,36,76,74,0.153,3.17,,,0,低,110,0,差ま0%,243 12,0,35.6,0.9487,0,0,0,0.2593,0,0.0276,0.1014,0.0138,,○,A,,,0.3836,0.6185,,0.4506,A,70,0,◎-○軸 3着3〜4艇流し（10〜15点）,0.5777,"{'is_target': True, 'verdict': '参加推奨', 'max_combo_prob': 0.0596, 'est_top_odds': 22.4, 'circle_concentration': 64.9, 'eligible_count': 8, 'bet_adj': 2, 'reason': 'rel_win1=53.8%（本命度） / 最有力組み合わせ確率: 0.060（推定実オッズ?22倍） / 2着集中度: 上位2艇 64.9%（補正+0.00） / 総合判定確率: 0.060 / → ヒモ分散。1号艇1着固定で広めのヒモ流し推奨（買い目+2点）', 'tenji_trigger': '展示確認: ヒモ分散レース。1号艇伸び確認後、広めのヒモ流しを採用。穴ヒモ（5・6号艇）を積極的に含める。'}",,,33.6,逃げ狙い,25.71,37.6,4,,,,,,,,,,,
2025-04-13,丸亀,10,4,下條雄太,A1,34.13,4,△,11.7256,28.6,75,63.6,0.1327,2.8523,,,0,低,44,0,-,442525,0,23.8,0.6645,0,0.125,0,0,0,0.019,0.169,0.0381,,◎,D,○,◎,0.4065,0.662,0.4246,0.4506,A,70,0,◎-○軸 3着3〜4艇流し（10〜15点）,0.5777,"{'is_target': True, 'verdict': '参加推奨', 'max_combo_prob': 0.0596, 'est_top_odds': 22.4, 'circle_concentration': 64.9, 'eligible_count': 8, 'bet_adj': 2, 'reason': 'rel_win1=53.8%（本命度） / 最有力組み合わせ確率: 0.060（推定実オッズ?22倍） / 2着集中度: 上位2艇 64.9%（補正+0.00） / 総合判定確率: 0.060 / → ヒモ分散。1号艇1着固定で広めのヒモ流し推奨（買い目+2点）', 'tenji_trigger': '展示確認: ヒモ分散レース。1号艇伸び確認後、広めのヒモ流しを採用。穴ヒモ（5・6号艇）を積極的に含める。'}",,,33.6,逃げ狙い,25.71,37.6,4,,,,,,,,,,,
2025-04-13,丸亀,10,5,岡本翔太,B1,28.68,5,,3.6673,5,88,29,0.1323,2.6774,,,0,低,61,0,-,651 53,0,30.4,0.7405,0,0,0,0.0417,0,0.19,0.08,0.19,,,D,△,,0.3823,0.6355,,0.4506,A,70,0,◎-○軸 3着3〜4艇流し（10〜15点）,0.5777,"{'is_target': True, 'verdict': '参加推奨', 'max_combo_prob': 0.0596, 'est_top_odds': 22.4, 'circle_concentration': 64.9, 'eligible_count': 8, 'bet_adj': 2, 'reason': 'rel_win1=53.8%（本命度） / 最有力組み合わせ確率: 0.060（推定実オッズ?22倍） / 2着集中度: 上位2艇 64.9%（補正+0.00） / 総合判定確率: 0.060 / → ヒモ分散。1号艇1着固定で広めのヒモ流し推奨（買い目+2点）', 'tenji_trigger': '展示確認: ヒモ分散レース。1号艇伸び確認後、広めのヒモ流しを採用。穴ヒモ（5・6号艇）を積極的に含める。'}",,,33.6,逃げ狙い,25.71,37.6,4,,,,,,,,,,,
2025-04-13,丸亀,10,6,大場　敏,A2,27.78,6,,1.5377,1.5,62,23.1,0.184,4.8365,,,0,低,93,0,-,31525,0,29.1,0.7647,0,0.0357,0,0,0,0.0933,0.1756,0.0111,,,E,◎,,0.2173,0.7095,,0.4506,A,70,0,◎-○軸 3着3〜4艇流し（10〜15点）,0.5777,"{'is_target': True, 'verdict': '参加推奨', 'max_combo_prob': 0.0596, 'est_top_odds': 22.4, 'circle_concentration': 64.9, 'eligible_count': 8, 'bet_adj': 2, 'reason': 'rel_win1=53.8%（本命度） / 最有力組み合わせ確率: 0.060（推定実オッズ?22倍） / 2着集中度: 上位2艇 64.9%（補正+0.00） / 総合判定確率: 0.060 / → ヒモ分散。1号艇1着固定で広めのヒモ流し推奨（買い目+2点）', 'tenji_trigger': '展示確認: ヒモ分散レース。1号艇伸び確認後、広めのヒモ流しを採用。穴ヒモ（5・6号艇）を積極的に含める。'}",,,33.6,逃げ狙い,25.71,37.6,4,,,,,,,,,,,
2025-04-13,丸亀,11,1,山下和彦,A1,31.54,1,◎,58.8598,,0,83.6,0.1723,3.6164,,,0,低,134,0,逃1%,5 2352,0,70.3,0.9235,0.5,,,,,0.0375,0.0625,0.1732,○,,C,△,,,0.6275,,0.3544,A,73,0,◎-○軸 3着3〜4艇流し（10〜15点）,0.5777,"{'is_target': True, 'verdict': '参加推奨', 'max_combo_prob': 0.0676, 'est_top_odds': 19.7, 'circle_concentration': 65.5, 'eligible_count': 8, 'bet_adj': 2, 'reason': 'rel_win1=58.9%（本命度） / 最有力組み合わせ確率: 0.068（推定実オッズ?20倍） / 2着集中度: 上位2艇 65.5%（補正+0.00） / 総合判定確率: 0.068 / → ヒモ分散。1号艇1着固定で広めのヒモ流し推奨（買い目+2点）', 'tenji_trigger': '展示確認: ヒモ分散レース。1号艇伸び確認後、広めのヒモ流しを採用。穴ヒモ（5・6号艇）を積極的に含める。'}",,,26.3,逃げ狙い,13.1,27.3,4,,,,,0,0,0.6155,0,,逃げ軸流し,A
2025-04-13,丸亀,11,2,橋本　明,B1,31.54,2,▲,14.0476,39,97,60,0.1569,3.1857,,,0,低,124,0,-,124 44,0,67,1.1752,0,0.0769,0,0,0,0.3143,0.1762,0.0381,,◎,C,△,,0.4762,0.6215,,0.3544,A,73,0,◎-○軸 3着3〜4艇流し（10〜15点）,0.5777,"{'is_target': True, 'verdict': '参加推奨', 'max_combo_prob': 0.0676, 'est_top_odds': 19.7, 'circle_concentration': 65.5, 'eligible_count': 8, 'bet_adj': 2, 'reason': 'rel_win1=58.9%（本命度） / 最有力組み合わせ確率: 0.068（推定実オッズ?20倍） / 2着集中度: 上位2艇 65.5%（補正+0.00） / 総合判定確率: 0.068 / → ヒモ分散。1号艇1着固定で広めのヒモ流し推奨（買い目+2点）', 'tenji_trigger': '展示確認: ヒモ分散レース。1号艇伸び確認後、広めのヒモ流しを採用。穴ヒモ（5・6号艇）を積極的に含める。'}",,,26.3,逃げ狙い,13.1,27.3,4,,,,,,,,,,,
2025-04-13,丸亀,11,3,大澤大夢,B1,40.14,3,○,8.975,23.4,70,51.7,0.1468,3.1,,,0,低,103,0,ま0%,523 32,0,62.6,1.2375,0,0.0385,0.0385,0.0385,0,0.1632,0.1421,0.1211,,○,B,◎,,0.4226,0.644,,0.3544,A,73,0,◎-○軸 3着3〜4艇流し（10〜15点）,0.5777,"{'is_target': True, 'verdict': '参加推奨', 'max_combo_prob': 0.0676, 'est_top_odds': 19.7, 'circle_concentration': 65.5, 'eligible_count': 8, 'bet_adj': 2, 'reason': 'rel_win1=58.9%（本命度） / 最有力組み合わせ確率: 0.068（推定実オッズ?20倍） / 2着集中度: 上位2艇 65.5%（補正+0.00） / 総合判定確率: 0.068 / → ヒモ分散。1号艇1着固定で広めのヒモ流し推奨（買い目+2点）', 'tenji_trigger': '展示確認: ヒモ分散レース。1号艇伸び確認後、広めのヒモ流しを採用。穴ヒモ（5・6号艇）を積極的に含める。'}",,,26.3,逃げ狙い,13.1,27.3,4,,,,,,,,,,,
2025-04-13,丸亀,11,4,金子和之,A1,31.01,4,,11.7139,26.6,71,57.4,0.1687,3.4853,,,0,低,99,0,抜0%,333346,0,41.5,0.9294,0,0.0357,0.0714,0,0.0357,0.0444,0.1778,0,,,D,,◎,0.3176,0.6185,0.3154,0.3544,A,73,0,◎-○軸 3着3〜4艇流し（10〜15点）,0.5777,"{'is_target': True, 'verdict': '参加推奨', 'max_combo_prob': 0.0676, 'est_top_odds': 19.7, 'circle_concentration': 65.5, 'eligible_count': 8, 'bet_adj': 2, 'reason': 'rel_win1=58.9%（本命度） / 最有力組み合わせ確率: 0.068（推定実オッズ?20倍） / 2着集中度: 上位2艇 65.5%（補正+0.00） / 総合判定確率: 0.068 / → ヒモ分散。1号艇1着固定で広めのヒモ流し推奨（買い目+2点）', 'tenji_trigger': '展示確認: ヒモ分散レース。1号艇伸び確認後、広めのヒモ流しを採用。穴ヒモ（5・6号艇）を積極的に含める。'}",,,26.3,逃げ狙い,13.1,27.3,4,,,,,,,,,,,
2025-04-13,丸亀,11,5,平石和男,A2,33.86,5,△,3.5596,8.9,98,49.2,0.1845,4.3538,,,0,低,226,0,-,1 3634,0,80.7,1.2717,0,0,0,0.0312,0,0.1058,0.1706,0.2354,,,C,△,,0.2507,0.6275,,0.3544,A,73,0,◎-○軸 3着3〜4艇流し（10〜15点）,0.5777,"{'is_target': True, 'verdict': '参加推奨', 'max_combo_prob': 0.0676, 'est_top_odds': 19.7, 'circle_concentration': 65.5, 'eligible_count': 8, 'bet_adj': 2, 'reason': 'rel_win1=58.9%（本命度） / 最有力組み合わせ確率: 0.068（推定実オッズ?20倍） / 2着集中度: 上位2艇 65.5%（補正+0.00） / 総合判定確率: 0.068 / → ヒモ分散。1号艇1着固定で広めのヒモ流し推奨（買い目+2点）', 'tenji_trigger': '展示確認: ヒモ分散レース。1号艇伸び確認後、広めのヒモ流しを採用。穴ヒモ（5・6号艇）を積極的に含める。'}",,,26.3,逃げ狙い,13.1,27.3,4,,,,,,,,,,,
2025-04-13,丸亀,11,6,尾崎雄二,A2,32.26,6,,2.8441,2.2,100,31.5,0.1726,3.7222,,,0,低,133,0,抜0%,323541,0,29.2,0.8333,0,0.0455,0,0,0.0455,0.1667,0.1667,0.0556,,,C,○,,0.2925,0.6365,,0.3544,A,73,0,◎-○軸 3着3〜4艇流し（10〜15点）,0.5777,"{'is_target': True, 'verdict': '参加推奨', 'max_combo_prob': 0.0676, 'est_top_odds': 19.7, 'circle_concentration': 65.5, 'eligible_count': 8, 'bet_adj': 2, 'reason': 'rel_win1=58.9%（本命度） / 最有力組み合わせ確率: 0.068（推定実オッズ?20倍） / 2着集中度: 上位2艇 65.5%（補正+0.00） / 総合判定確率: 0.068 / → ヒモ分散。1号艇1着固定で広めのヒモ流し推奨（買い目+2点）', 'tenji_trigger': '展示確認: ヒモ分散レース。1号艇伸び確認後、広めのヒモ流しを採用。穴ヒモ（5・6号艇）を積極的に含める。'}",,,26.3,逃げ狙い,13.1,27.3,4,,,,,,,,,,,
2025-04-13,丸亀,12,1,村松修二,A2,35.20,1,◎,47.9893,,0,84.9,0.1586,3.2652,,,0,低,81,0,逃1%,21121,0,59.7,0.8993,0.6154,,,,,0.0308,0.0308,0.3341,○,,D,,,,0.596,,0.4038,B,58,0,◎○△フォーメーション（15〜20点）,0.5777,"{'is_target': True, 'verdict': '参加推奨', 'max_combo_prob': 0.065, 'est_top_odds': 20.5, 'circle_concentration': 71.6, 'eligible_count': 9, 'bet_adj': 2, 'reason': 'rel_win1=48.0%（本命度） / 最有力組み合わせ確率: 0.065（推定実オッズ?20倍） / 2着集中度: 上位2艇 71.6%（補正+0.04） / 総合判定確率: 0.105 / → ヒモ分散。1号艇1着固定で広めのヒモ流し推奨（買い目+2点）', 'tenji_trigger': '展示確認: ヒモ分散レース。1号艇伸び確認後、広めのヒモ流しを採用。穴ヒモ（5・6号艇）を積極的に含める。'}",,,34.6,両建て推奨,38.98,29.1,3,,,,,0,0,0.6155,0,,逃げ軸流し,A
2025-04-13,丸亀,12,2,北村征嗣,A1,38.13,2,▲,16.0426,47.8,78,81,0.1493,3.5,,,0,低,114,0,差0% ま0% 抜0%,43112,0,66.8,1.3129,0,0.2727,0.0909,0,0.0455,0.0186,0.1742,0.0825,,○,C,○,,0.4572,0.656,,0.4038,B,58,0,◎○△フォーメーション（15〜20点）,0.5777,"{'is_target': True, 'verdict': '参加推奨', 'max_combo_prob': 0.065, 'est_top_odds': 20.5, 'circle_concentration': 71.6, 'eligible_count': 9, 'bet_adj': 2, 'reason': 'rel_win1=48.0%（本命度） / 最有力組み合わせ確率: 0.065（推定実オッズ?20倍） / 2着集中度: 上位2艇 71.6%（補正+0.04） / 総合判定確率: 0.105 / → ヒモ分散。1号艇1着固定で広めのヒモ流し推奨（買い目+2点）', 'tenji_trigger': '展示確認: ヒモ分散レース。1号艇伸び確認後、広めのヒモ流しを採用。穴ヒモ（5・6号艇）を積極的に含める。'}",,,34.6,両建て推奨,38.98,29.1,3,,,,,,,,,,,
2025-04-13,丸亀,12,3,中辻崇人,A1,24.62,3,△,20.1652,23.8,100,85.7,0.1331,2.5286,,,0,低,42,0,差ま0%,22111,0,70.4,1.5006,0,0.0769,0.6154,0.1538,0,0.2667,0,0,,◎,E,△,,0.5533,0.6505,,0.4038,B,58,0,◎○△フォーメーション（15〜20点）,0.5777,"{'is_target': True, 'verdict': '参加推奨', 'max_combo_prob': 0.065, 'est_top_odds': 20.5, 'circle_concentration': 71.6, 'eligible_count': 9, 'bet_adj': 2, 'reason': 'rel_win1=48.0%（本命度） / 最有力組み合わせ確率: 0.065（推定実オッズ?20倍） / 2着集中度: 上位2艇 71.6%（補正+0.04） / 総合判定確率: 0.105 / → ヒモ分散。1号艇1着固定で広めのヒモ流し推奨（買い目+2点）', 'tenji_trigger': '展示確認: ヒモ分散レース。1号艇伸び確認後、広めのヒモ流しを採用。穴ヒモ（5・6号艇）を積極的に含める。'}",,,34.6,両建て推奨,38.98,29.1,3,,,,,,,,,,,
2025-04-13,丸亀,12,4,山田亮太,A2,41.13,4,,7.2846,9.4,86,46.7,0.1592,3.35,,,0,低,92,0,-,433 11,0,18,0.4562,0,0,0.1852,0,0,0.1058,0.0308,0.0615,,,B,△,○,0.317,0.642,0.2607,0.4038,B,58,0,◎○△フォーメーション（15〜20点）,0.5777,"{'is_target': True, 'verdict': '参加推奨', 'max_combo_prob': 0.065, 'est_top_odds': 20.5, 'circle_concentration': 71.6, 'eligible_count': 9, 'bet_adj': 2, 'reason': 'rel_win1=48.0%（本命度） / 最有力組み合わせ確率: 0.065（推定実オッズ?20倍） / 2着集中度: 上位2艇 71.6%（補正+0.04） / 総合判定確率: 0.105 / → ヒモ分散。1号艇1着固定で広めのヒモ流し推奨（買い目+2点）', 'tenji_trigger': '展示確認: ヒモ分散レース。1号艇伸び確認後、広めのヒモ流しを採用。穴ヒモ（5・6号艇）を積極的に含める。'}",,,34.6,両建て推奨,38.98,29.1,3,,,,,,,,,,,
2025-04-13,丸亀,12,5,白神　優,A1,39.06,5,○,7.679,15.5,78,57.9,0.1342,2.7456,,,0,低,56,0,-,251 12,0,94.7,1.7848,0,0,0.0645,0.0968,0.0323,0.0343,0.0457,0.0229,,,C,◎,◎,0.3799,0.6735,0.4565,0.4038,B,58,0,◎○△フォーメーション（15〜20点）,0.5777,"{'is_target': True, 'verdict': '参加推奨', 'max_combo_prob': 0.065, 'est_top_odds': 20.5, 'circle_concentration': 71.6, 'eligible_count': 9, 'bet_adj': 2, 'reason': 'rel_win1=48.0%（本命度） / 最有力組み合わせ確率: 0.065（推定実オッズ?20倍） / 2着集中度: 上位2艇 71.6%（補正+0.04） / 総合判定確率: 0.105 / → ヒモ分散。1号艇1着固定で広めのヒモ流し推奨（買い目+2点）', 'tenji_trigger': '展示確認: ヒモ分散レース。1号艇伸び確認後、広めのヒモ流しを採用。穴ヒモ（5・6号艇）を積極的に含める。'}",,,34.6,両建て推奨,38.98,29.1,3,,,,,,,,,,,
2025-04-13,丸亀,12,6,別府昌樹,A2,45.97,6,,0.8394,3.5,89,29,0.1946,4.1232,,,0,低,109,0,-,114145,0,54.2,1.1433,,,,,,0.125,0.125,0.0833,,,A,,,0.2013,0.586,,0.4038,B,58,0,◎○△フォーメーション（15〜20点）,0.5777,"{'is_target': True, 'verdict': '参加推奨', 'max_combo_prob': 0.065, 'est_top_odds': 20.5, 'circle_concentration': 71.6, 'eligible_count': 9, 'bet_adj': 2, 'reason': 'rel_win1=48.0%（本命度） / 最有力組み合わせ確率: 0.065（推定実オッズ?20倍） / 2着集中度: 上位2艇 71.6%（補正+0.04） / 総合判定確率: 0.105 / → ヒモ分散。1号艇1着固定で広めのヒモ流し推奨（買い目+2点）', 'tenji_trigger': '展示確認: ヒモ分散レース。1号艇伸び確認後、広めのヒモ流しを採用。穴ヒモ（5・6号艇）を積極的に含める。'}",,,34.6,両建て推奨,38.98,29.1,3,,,,,,,,,,,
2025-04-16,丸亀,1,1,石丸小槙,B2,41.43,1,◎,67.1868,,0,50,0.19,4.25,,,0,低,15,1,-,,0,47.3,0.7759,,,,,,,,,,,A,,,,0.4805,,0.1152,C,38,0,荒れ傾向。高配当狙いか見送り,0.5777,"{'is_target': True, 'verdict': '点数絞り', 'max_combo_prob': 0.0836, 'est_top_odds': 15.9, 'circle_concentration': 73.3, 'eligible_count': 6, 'bet_adj': 0, 'reason': 'rel_win1=67.2%（本命度） / 最有力組み合わせ確率: 0.084（推定実オッズ?16倍） / 2着集中度: 上位2艇 73.3%（補正+0.04） / 総合判定確率: 0.124 / → ヒモはやや固め。上位2艇以外を切ること', 'tenji_trigger': '展示確認: 1号艇伸び良→そのまま採用。悪→飛び組に差し替え。circle_pct上位2艇に絞り込むこと。\n展示で1号艇スタート遅め(0.190秒)確認→ヒモが荒れやすい'}",,,24.9,両建て推奨,9.48,26.4,3,3-1-5|3-1-4|3-4-1|3-1-6|3-5-1|3-4-5|3-5-4|3-1-2|1-3-5,3-1-5|3-1-4|3-4-1|3-1-6|3-5-1|3-4-5|3-5-4|3-1-2|5-1-2|5-1-6|6-1-2|1-3-5,3-1-5:3.29%|3-1-4:2.45%|3-4-1:0.93%|3-1-6:0.88%|3-5-1:0.73%|3-4-5:0.5%|3-5-4:0.29%|3-1-2:11.05%|1-3-5:3.7%,3-1-5:B_main|3-1-4:B_main|3-4-1:B_main|3-1-6:B_main|3-5-1:B_main|3-4-5:B_main|3-5-4:B_main|3-1-2:B_sc|1-3-5:A,9,12,0.2915,1,[!]見送り推奨（主役決まり手「まくり差し」― 逃げ劣勢レースで的中実績なし）,主役軸流し,B
2025-04-16,丸亀,1,2,山崎善庸,B1,29.55,2,△,7.7979,37.6,50,41,0.2207,4.9344,,,0,低,243,0,-,,0,57.1,1.2455,,,,,,0.0727,0.3491,0.3309,,,D,,,0.0775,0.5725,,0.1152,C,38,0,荒れ傾向。高配当狙いか見送り,0.5777,"{'is_target': True, 'verdict': '点数絞り', 'max_combo_prob': 0.0836, 'est_top_odds': 15.9, 'circle_concentration': 73.3, 'eligible_count': 6, 'bet_adj': 0, 'reason': 'rel_win1=67.2%（本命度） / 最有力組み合わせ確率: 0.084（推定実オッズ?16倍） / 2着集中度: 上位2艇 73.3%（補正+0.04） / 総合判定確率: 0.124 / → ヒモはやや固め。上位2艇以外を切ること', 'tenji_trigger': '展示確認: 1号艇伸び良→そのまま採用。悪→飛び組に差し替え。circle_pct上位2艇に絞り込むこと。\n展示で1号艇スタート遅め(0.190秒)確認→ヒモが荒れやすい'}",,,24.9,両建て推奨,9.48,26.4,3,,,,,,,,,,,
2025-04-16,丸亀,1,3,中嶋誠一,B1,34.27,3,▲,11.2153,35.7,58,59.3,0.1737,3.6852,,,0,低,130,0,ま0% 差ま0% 抜0%,,0,49.4,1.0994,0,0,0.0417,0.0833,0.0417,0.4673,0.1519,0.0904,,◎,C,◎,,0.3758,0.6265,,0.1152,C,38,0,荒れ傾向。高配当狙いか見送り,0.5777,"{'is_target': True, 'verdict': '点数絞り', 'max_combo_prob': 0.0836, 'est_top_odds': 15.9, 'circle_concentration': 73.3, 'eligible_count': 6, 'bet_adj': 0, 'reason': 'rel_win1=67.2%（本命度） / 最有力組み合わせ確率: 0.084（推定実オッズ?16倍） / 2着集中度: 上位2艇 73.3%（補正+0.04） / 総合判定確率: 0.124 / → ヒモはやや固め。上位2艇以外を切ること', 'tenji_trigger': '展示確認: 1号艇伸び良→そのまま採用。悪→飛び組に差し替え。circle_pct上位2艇に絞り込むこと。\n展示で1号艇スタート遅め(0.190秒)確認→ヒモが荒れやすい'}",,,24.9,両建て推奨,9.48,26.4,3,,,,,,,,,,,
2025-04-16,丸亀,1,4,吉武真也,B1,35.62,4,○,7.693,12.7,94,29.8,0.1716,3.7895,,,0,低,106,0,ま0%,,0,25.2,0.7177,0,0,0.04,0,0,0.2676,0.0235,0.2441,,,B,△,,0.3563,0.595,,0.1152,C,38,0,荒れ傾向。高配当狙いか見送り,0.5777,"{'is_target': True, 'verdict': '点数絞り', 'max_combo_prob': 0.0836, 'est_top_odds': 15.9, 'circle_concentration': 73.3, 'eligible_count': 6, 'bet_adj': 0, 'reason': 'rel_win1=67.2%（本命度） / 最有力組み合わせ確率: 0.084（推定実オッズ?16倍） / 2着集中度: 上位2艇 73.3%（補正+0.04） / 総合判定確率: 0.124 / → ヒモはやや固め。上位2艇以外を切ること', 'tenji_trigger': '展示確認: 1号艇伸び良→そのまま採用。悪→飛び組に差し替え。circle_pct上位2艇に絞り込むこと。\n展示で1号艇スタート遅め(0.190秒)確認→ヒモが荒れやすい'}",,,24.9,両建て推奨,9.48,26.4,3,,,,,,,,,,,
2025-04-16,丸亀,1,5,谷本幸司,B1,25.56,5,,4.4755,10.7,100,47.4,0.1761,3.5395,,,0,低,87,0,-,,0,79.6,1.2236,,,,,,0.1048,0.0381,0.0381,,,E,△,,0.3576,0.591,,0.1152,C,38,0,荒れ傾向。高配当狙いか見送り,0.5777,"{'is_target': True, 'verdict': '点数絞り', 'max_combo_prob': 0.0836, 'est_top_odds': 15.9, 'circle_concentration': 73.3, 'eligible_count': 6, 'bet_adj': 0, 'reason': 'rel_win1=67.2%（本命度） / 最有力組み合わせ確率: 0.084（推定実オッズ?16倍） / 2着集中度: 上位2艇 73.3%（補正+0.04） / 総合判定確率: 0.124 / → ヒモはやや固め。上位2艇以外を切ること', 'tenji_trigger': '展示確認: 1号艇伸び良→そのまま採用。悪→飛び組に差し替え。circle_pct上位2艇に絞り込むこと。\n展示で1号艇スタート遅め(0.190秒)確認→ヒモが荒れやすい'}",,,24.9,両建て推奨,9.48,26.4,3,,,,,,,,,,,
2025-04-16,丸亀,1,6,関　裕也,B1,29.29,6,,1.6315,3.3,50,17.6,0.1982,3.9412,,,0,低,86,0,-,,0,26,0.7622,,,,,,0.0923,0,0.2615,,,D,○,,0.2839,0.6015,,0.1152,C,38,0,荒れ傾向。高配当狙いか見送り,0.5777,"{'is_target': True, 'verdict': '点数絞り', 'max_combo_prob': 0.0836, 'est_top_odds': 15.9, 'circle_concentration': 73.3, 'eligible_count': 6, 'bet_adj': 0, 'reason': 'rel_win1=67.2%（本命度） / 最有力組み合わせ確率: 0.084（推定実オッズ?16倍） / 2着集中度: 上位2艇 73.3%（補正+0.04） / 総合判定確率: 0.124 / → ヒモはやや固め。上位2艇以外を切ること', 'tenji_trigger': '展示確認: 1号艇伸び良→そのまま採用。悪→飛び組に差し替え。circle_pct上位2艇に絞り込むこと。\n展示で1号艇スタート遅め(0.190秒)確認→ヒモが荒れやすい'}",,,24.9,両建て推奨,9.48,26.4,3,,,,,,,,,,,
2025-04-16,丸亀,2,1,稗田聖也,B1,34.33,1,◎,64.6218,,0,88.6,0.1297,2.1929,,,0,低,66,0,逃1%,,0,89.3,1.1643,0.6667,,,,,0,0.0242,0.2348,◎,,C,○,,,0.671,,0.7005,S,100,0,◎1着固定 2-3着流し（5〜8点）,0.5777,"{'is_target': True, 'verdict': '点数絞り', 'max_combo_prob': 0.113, 'est_top_odds': 11.8, 'circle_concentration': 71.3, 'eligible_count': 6, 'bet_adj': 0, 'reason': 'rel_win1=64.6%（本命度） / 最有力組み合わせ確率: 0.113（推定実オッズ?12倍） / 2着集中度: 上位2艇 71.3%（補正+0.04） / 総合判定確率: 0.153 / → ヒモはやや固め。上位2艇以外を切ること', 'tenji_trigger': '展示確認: 1号艇伸び良→そのまま採用。悪→飛び組に差し替え。circle_pct上位2艇に絞り込むこと。\n展示で1号艇スタート超安定(0.130秒)→ヒモ固まり方向に注意'}",,,24.6,逃げ狙い,10.43,24.8,5,,,,,0,0,0.7559,0,,逃げ軸流し,A
2025-04-16,丸亀,2,2,中越博紀,A2,26.32,2,△,10.8437,44.4,67,57.4,0.178,3.9672,,,0,低,130,0,-,,0,60.5,0.9891,0,0.0357,0,0,0,0.0296,0.3593,0.0593,,,D,,,0.0563,0.6195,,0.7005,S,100,0,◎1着固定 2-3着流し（5〜8点）,0.5777,"{'is_target': True, 'verdict': '点数絞り', 'max_combo_prob': 0.113, 'est_top_odds': 11.8, 'circle_concentration': 71.3, 'eligible_count': 6, 'bet_adj': 0, 'reason': 'rel_win1=64.6%（本命度） / 最有力組み合わせ確率: 0.113（推定実オッズ?12倍） / 2着集中度: 上位2艇 71.3%（補正+0.04） / 総合判定確率: 0.153 / → ヒモはやや固め。上位2艇以外を切ること', 'tenji_trigger': '展示確認: 1号艇伸び良→そのまま採用。悪→飛び組に差し替え。circle_pct上位2艇に絞り込むこと。\n展示で1号艇スタート超安定(0.130秒)→ヒモ固まり方向に注意'}",,,24.6,逃げ狙い,10.43,24.8,5,,,,,,,,,,,
2025-04-16,丸亀,2,3,重富伸也,B1,43.88,3,○,12.2115,26.9,55,47.9,0.1548,3.2917,,,0,低,124,0,差ま0%,,0,34.8,1.0265,0,0,0,0.0667,0,0.0615,0,0.3231,,,A,,,0.1696,0.6085,,0.7005,S,100,0,◎1着固定 2-3着流し（5〜8点）,0.5777,"{'is_target': True, 'verdict': '点数絞り', 'max_combo_prob': 0.113, 'est_top_odds': 11.8, 'circle_concentration': 71.3, 'eligible_count': 6, 'bet_adj': 0, 'reason': 'rel_win1=64.6%（本命度） / 最有力組み合わせ確率: 0.113（推定実オッズ?12倍） / 2着集中度: 上位2艇 71.3%（補正+0.04） / 総合判定確率: 0.153 / → ヒモはやや固め。上位2艇以外を切ること', 'tenji_trigger': '展示確認: 1号艇伸び良→そのまま採用。悪→飛び組に差し替え。circle_pct上位2艇に絞り込むこと。\n展示で1号艇スタート超安定(0.130秒)→ヒモ固まり方向に注意'}",,,24.6,逃げ狙い,10.43,24.8,5,,,,,,,,,,,
2025-04-16,丸亀,2,4,喜多須杏,B1,30.00,4,,5.3108,11.7,100,41.4,0.1876,4.1034,,,0,低,60,0,-,,0,79.8,1.5457,,,,,,0,0.1429,0.1429,,,D,△,,0.1412,0.62,,0.7005,S,100,0,◎1着固定 2-3着流し（5〜8点）,0.5777,"{'is_target': True, 'verdict': '点数絞り', 'max_combo_prob': 0.113, 'est_top_odds': 11.8, 'circle_concentration': 71.3, 'eligible_count': 6, 'bet_adj': 0, 'reason': 'rel_win1=64.6%（本命度） / 最有力組み合わせ確率: 0.113（推定実オッズ?12倍） / 2着集中度: 上位2艇 71.3%（補正+0.04） / 総合判定確率: 0.153 / → ヒモはやや固め。上位2艇以外を切ること', 'tenji_trigger': '展示確認: 1号艇伸び良→そのまま採用。悪→飛び組に差し替え。circle_pct上位2艇に絞り込むこと。\n展示で1号艇スタート超安定(0.130秒)→ヒモ固まり方向に注意'}",,,24.6,逃げ狙い,10.43,24.8,5,,,,,,,,,,,
2025-04-16,丸亀,2,5,黒柳浩孝,A1,38.81,5,▲,5.8559,11.8,65,40.4,0.1589,3.4298,,,0,低,124,0,-,,0,32.5,1.2202,,,,,,0.0421,0.2342,0.1171,,,B,△,,0.2207,0.637,,0.7005,S,100,0,◎1着固定 2-3着流し（5〜8点）,0.5777,"{'is_target': True, 'verdict': '点数絞り', 'max_combo_prob': 0.113, 'est_top_odds': 11.8, 'circle_concentration': 71.3, 'eligible_count': 6, 'bet_adj': 0, 'reason': 'rel_win1=64.6%（本命度） / 最有力組み合わせ確率: 0.113（推定実オッズ?12倍） / 2着集中度: 上位2艇 71.3%（補正+0.04） / 総合判定確率: 0.153 / → ヒモはやや固め。上位2艇以外を切ること', 'tenji_trigger': '展示確認: 1号艇伸び良→そのまま採用。悪→飛び組に差し替え。circle_pct上位2艇に絞り込むこと。\n展示で1号艇スタート超安定(0.130秒)→ヒモ固まり方向に注意'}",,,24.6,逃げ狙い,10.43,24.8,5,,,,,,,,,,,
2025-04-16,丸亀,2,6,小林孝彰,B1,25.00,6,,1.1562,5.2,34,15,0.191,4.7875,,,0,低,77,0,-,,0,28.7,0.8733,,,,,,0.1921,0.4053,0,,,E,◎,,0.1386,0.676,,0.7005,S,100,0,◎1着固定 2-3着流し（5〜8点）,0.5777,"{'is_target': True, 'verdict': '点数絞り', 'max_combo_prob': 0.113, 'est_top_odds': 11.8, 'circle_concentration': 71.3, 'eligible_count': 6, 'bet_adj': 0, 'reason': 'rel_win1=64.6%（本命度） / 最有力組み合わせ確率: 0.113（推定実オッズ?12倍） / 2着集中度: 上位2艇 71.3%（補正+0.04） / 総合判定確率: 0.153 / → ヒモはやや固め。上位2艇以外を切ること', 'tenji_trigger': '展示確認: 1号艇伸び良→そのまま採用。悪→飛び組に差し替え。circle_pct上位2艇に絞り込むこと。\n展示で1号艇スタート超安定(0.130秒)→ヒモ固まり方向に注意'}",,,24.6,逃げ狙い,10.43,24.8,5,,,,,,,,,,,
2025-04-16,丸亀,3,1,佐竹太一,B1,49.24,1,◎,55.2298,,0,68.9,0.1771,3.5444,,,0,低,176,0,逃1%,,0,41.9,0.7832,0.5,,,,,0.2727,0.0364,0.1727,○,,A,,,,0.589,,0.3959,A,64,0,◎-○軸 3着3〜4艇流し（10〜15点）,0.5777,"{'is_target': True, 'verdict': '参加推奨', 'max_combo_prob': 0.0709, 'est_top_odds': 18.8, 'circle_concentration': 58.0, 'eligible_count': 8, 'bet_adj': 2, 'reason': 'rel_win1=55.2%（本命度） / 最有力組み合わせ確率: 0.071（推定実オッズ?19倍） / 2着集中度: 上位2艇 58.0%（補正+0.00） / 総合判定確率: 0.071 / → ヒモ分散。1号艇1着固定で広めのヒモ流し推奨（買い目+2点）', 'tenji_trigger': '展示確認: ヒモ分散レース。1号艇伸び確認後、広めのヒモ流しを採用。穴ヒモ（5・6号艇）を積極的に含める。'}",,,28.9,両建て推奨,13.47,34.6,2,,,,,0,0,0.6155,0,,逃げ軸流し,A
2025-04-16,丸亀,3,2,西丸敦基,B1,34.53,2,○,12.1906,36.3,52,44.1,0.1691,4.2794,,,0,低,113,0,-,,0,41.9,0.8891,0,0,0,0,0.0556,0.0333,0.0667,0.3,,◎,C,◎,,0.4484,0.6165,,0.3959,A,64,0,◎-○軸 3着3〜4艇流し（10〜15点）,0.5777,"{'is_target': True, 'verdict': '参加推奨', 'max_combo_prob': 0.0709, 'est_top_odds': 18.8, 'circle_concentration': 58.0, 'eligible_count': 8, 'bet_adj': 2, 'reason': 'rel_win1=55.2%（本命度） / 最有力組み合わせ確率: 0.071（推定実オッズ?19倍） / 2着集中度: 上位2艇 58.0%（補正+0.00） / 総合判定確率: 0.071 / → ヒモ分散。1号艇1着固定で広めのヒモ流し推奨（買い目+2点）', 'tenji_trigger': '展示確認: ヒモ分散レース。1号艇伸び確認後、広めのヒモ流しを採用。穴ヒモ（5・6号艇）を積極的に含める。'}",,,28.9,両建て推奨,13.47,34.6,2,,,,,,,,,,,
2025-04-16,丸亀,3,3,中村栄治,B1,41.91,3,▲,9.2784,21.6,55,50,0.2086,3.89,,,0,低,142,0,差ま0%,,0,23.1,0.9321,0,0,0,0.0417,0,0.12,0.04,0.04,,,B,,,0.1442,0.588,,0.3959,A,64,0,◎-○軸 3着3〜4艇流し（10〜15点）,0.5777,"{'is_target': True, 'verdict': '参加推奨', 'max_combo_prob': 0.0709, 'est_top_odds': 18.8, 'circle_concentration': 58.0, 'eligible_count': 8, 'bet_adj': 2, 'reason': 'rel_win1=55.2%（本命度） / 最有力組み合わせ確率: 0.071（推定実オッズ?19倍） / 2着集中度: 上位2艇 58.0%（補正+0.00） / 総合判定確率: 0.071 / → ヒモ分散。1号艇1着固定で広めのヒモ流し推奨（買い目+2点）', 'tenji_trigger': '展示確認: ヒモ分散レース。1号艇伸び確認後、広めのヒモ流しを採用。穴ヒモ（5・6号艇）を積極的に含める。'}",,,28.9,両建て推奨,13.47,34.6,2,,,,,,,,,,,
2025-04-16,丸亀,3,4,白水勝也,A1,26.87,4,,10.6304,19.3,100,65.6,0.1743,3.7131,,,0,低,134,0,差0% 差ま0%,,0,63,1.3351,0,0.05,0,0.05,0,0.1045,0.0455,0.0955,,,E,△,◎,0.3038,0.604,0.3323,0.3959,A,64,0,◎-○軸 3着3〜4艇流し（10〜15点）,0.5777,"{'is_target': True, 'verdict': '参加推奨', 'max_combo_prob': 0.0709, 'est_top_odds': 18.8, 'circle_concentration': 58.0, 'eligible_count': 8, 'bet_adj': 2, 'reason': 'rel_win1=55.2%（本命度） / 最有力組み合わせ確率: 0.071（推定実オッズ?19倍） / 2着集中度: 上位2艇 58.0%（補正+0.00） / 総合判定確率: 0.071 / → ヒモ分散。1号艇1着固定で広めのヒモ流し推奨（買い目+2点）', 'tenji_trigger': '展示確認: ヒモ分散レース。1号艇伸び確認後、広めのヒモ流しを採用。穴ヒモ（5・6号艇）を積極的に含める。'}",,,28.9,両建て推奨,13.47,34.6,2,,,,,,,,,,,
2025-04-16,丸亀,3,5,原　豊土,B1,34.06,5,△,10.6799,19.8,66,54.5,0.1708,3.75,,,0,低,122,0,-,,0,100,2.4545,0,0,0,0.0741,0.037,0.1711,0,0.0632,,,D,△,○,0.3173,0.6015,0.3148,0.3959,A,64,0,◎-○軸 3着3〜4艇流し（10〜15点）,0.5777,"{'is_target': True, 'verdict': '参加推奨', 'max_combo_prob': 0.0709, 'est_top_odds': 18.8, 'circle_concentration': 58.0, 'eligible_count': 8, 'bet_adj': 2, 'reason': 'rel_win1=55.2%（本命度） / 最有力組み合わせ確率: 0.071（推定実オッズ?19倍） / 2着集中度: 上位2艇 58.0%（補正+0.00） / 総合判定確率: 0.071 / → ヒモ分散。1号艇1着固定で広めのヒモ流し推奨（買い目+2点）', 'tenji_trigger': '展示確認: ヒモ分散レース。1号艇伸び確認後、広めのヒモ流しを採用。穴ヒモ（5・6号艇）を積極的に含める。'}",,,28.9,両建て推奨,13.47,34.6,2,,,,,,,,,,,
2025-04-16,丸亀,3,6,繁野谷圭,A2,35.71,6,,1.9909,2.9,62,24.6,0.1785,3.9672,,,0,低,180,0,-,,0,33,1.0114,,,,,,0.0108,0.0432,0.2232,,,C,○,,0.3137,0.6095,,0.3959,A,64,0,◎-○軸 3着3〜4艇流し（10〜15点）,0.5777,"{'is_target': True, 'verdict': '参加推奨', 'max_combo_prob': 0.0709, 'est_top_odds': 18.8, 'circle_concentration': 58.0, 'eligible_count': 8, 'bet_adj': 2, 'reason': 'rel_win1=55.2%（本命度） / 最有力組み合わせ確率: 0.071（推定実オッズ?19倍） / 2着集中度: 上位2艇 58.0%（補正+0.00） / 総合判定確率: 0.071 / → ヒモ分散。1号艇1着固定で広めのヒモ流し推奨（買い目+2点）', 'tenji_trigger': '展示確認: ヒモ分散レース。1号艇伸び確認後、広めのヒモ流しを採用。穴ヒモ（5・6号艇）を積極的に含める。'}",,,28.9,両建て推奨,13.47,34.6,2,,,,,,,,,,,
2025-04-16,丸亀,4,1,渡邊裕貴,B1,30.60,1,◎,53.9623,,0,72.5,0.1507,2.925,,,0,低,99,0,逃1%,,0,60,0.9569,0.6111,,,,,0,0.2311,0.1644,◎,,C,△,,,0.6215,,0.4815,A,67,0,◎-○軸 3着3〜4艇流し（10〜15点）,0.5777,"{'is_target': True, 'verdict': '参加推奨', 'max_combo_prob': 0.0718, 'est_top_odds': 18.6, 'circle_concentration': 63.7, 'eligible_count': 8, 'bet_adj': 2, 'reason': 'rel_win1=54.0%（本命度） / 最有力組み合わせ確率: 0.072（推定実オッズ?19倍） / 2着集中度: 上位2艇 63.7%（補正+0.00） / 総合判定確率: 0.072 / → ヒモ分散。1号艇1着固定で広めのヒモ流し推奨（買い目+2点）', 'tenji_trigger': '展示確認: ヒモ分散レース。1号艇伸び確認後、広めのヒモ流しを採用。穴ヒモ（5・6号艇）を積極的に含める。'}",,,27.3,逃げ狙い,13.57,29.8,2,,,,,0,0,0.7559,0,,逃げ軸流し,A
2025-04-16,丸亀,4,2,山田理央,A2,30.15,2,,15.039,40.7,58,55.3,0.1476,3.2632,,,0,低,62,0,-,,0,100,1.2507,0,0.0833,0,0,0,0.0444,0.1444,0.0222,,◎,D,,,0.3491,0.6,,0.4815,A,67,0,◎-○軸 3着3〜4艇流し（10〜15点）,0.5777,"{'is_target': True, 'verdict': '参加推奨', 'max_combo_prob': 0.0718, 'est_top_odds': 18.6, 'circle_concentration': 63.7, 'eligible_count': 8, 'bet_adj': 2, 'reason': 'rel_win1=54.0%（本命度） / 最有力組み合わせ確率: 0.072（推定実オッズ?19倍） / 2着集中度: 上位2艇 63.7%（補正+0.00） / 総合判定確率: 0.072 / → ヒモ分散。1号艇1着固定で広めのヒモ流し推奨（買い目+2点）', 'tenji_trigger': '展示確認: ヒモ分散レース。1号艇伸び確認後、広めのヒモ流しを採用。穴ヒモ（5・6号艇）を積極的に含める。'}",,,27.3,逃げ狙い,13.57,29.8,2,,,,,,,,,,,
2025-04-16,丸亀,4,3,正木聖賢,B1,31.43,3,△,11.6576,22.9,92,61.7,0.1657,3.383,,,0,低,64,0,-,,0,81.1,1.8073,0,0,0.04,0.04,0,0.21,0.135,0.095,,,C,,,0.211,0.585,,0.4815,A,67,0,◎-○軸 3着3〜4艇流し（10〜15点）,0.5777,"{'is_target': True, 'verdict': '参加推奨', 'max_combo_prob': 0.0718, 'est_top_odds': 18.6, 'circle_concentration': 63.7, 'eligible_count': 8, 'bet_adj': 2, 'reason': 'rel_win1=54.0%（本命度） / 最有力組み合わせ確率: 0.072（推定実オッズ?19倍） / 2着集中度: 上位2艇 63.7%（補正+0.00） / 総合判定確率: 0.072 / → ヒモ分散。1号艇1着固定で広めのヒモ流し推奨（買い目+2点）', 'tenji_trigger': '展示確認: ヒモ分散レース。1号艇伸び確認後、広めのヒモ流しを採用。穴ヒモ（5・6号艇）を積極的に含める。'}",,,27.3,逃げ狙い,13.57,29.8,2,,,,,,,,,,,
2025-04-16,丸亀,4,4,嶋　義信,B1,30.99,4,▲,9.5936,21.1,100,60,0.1442,3.0833,,,0,低,90,0,-,,0,70.9,1.4694,0,0,0,0.0417,0,0.125,0.15,0.1875,,,C,△,◎,0.3093,0.632,0.3739,0.4815,A,67,0,◎-○軸 3着3〜4艇流し（10〜15点）,0.5777,"{'is_target': True, 'verdict': '参加推奨', 'max_combo_prob': 0.0718, 'est_top_odds': 18.6, 'circle_concentration': 63.7, 'eligible_count': 8, 'bet_adj': 2, 'reason': 'rel_win1=54.0%（本命度） / 最有力組み合わせ確率: 0.072（推定実オッズ?19倍） / 2着集中度: 上位2艇 63.7%（補正+0.00） / 総合判定確率: 0.072 / → ヒモ分散。1号艇1着固定で広めのヒモ流し推奨（買い目+2点）', 'tenji_trigger': '展示確認: ヒモ分散レース。1号艇伸び確認後、広めのヒモ流しを採用。穴ヒモ（5・6号艇）を積極的に含める。'}",,,27.3,逃げ狙い,13.57,29.8,2,,,,,,,,,,,
2025-04-16,丸亀,4,5,下河誉史,A2,27.66,5,,4.8793,6.6,37,23.3,0.2033,4.3256,,,0,低,163,0,-,,0,32.7,0.7419,,,,,,0.1585,0.1683,0.0293,,,D,○,,0.1463,0.6355,,0.4815,A,67,0,◎-○軸 3着3〜4艇流し（10〜15点）,0.5777,"{'is_target': True, 'verdict': '参加推奨', 'max_combo_prob': 0.0718, 'est_top_odds': 18.6, 'circle_concentration': 63.7, 'eligible_count': 8, 'bet_adj': 2, 'reason': 'rel_win1=54.0%（本命度） / 最有力組み合わせ確率: 0.072（推定実オッズ?19倍） / 2着集中度: 上位2艇 63.7%（補正+0.00） / 総合判定確率: 0.072 / → ヒモ分散。1号艇1着固定で広めのヒモ流し推奨（買い目+2点）', 'tenji_trigger': '展示確認: ヒモ分散レース。1号艇伸び確認後、広めのヒモ流しを採用。穴ヒモ（5・6号艇）を積極的に含める。'}",,,27.3,逃げ狙い,13.57,29.8,2,,,,,,,,,,,
2025-04-16,丸亀,4,6,柳沢　一,A1,36.69,6,○,4.8682,8.6,77,61.5,0.1349,2.8205,,,0,低,43,0,差0%,,0,57.5,2.3639,0,0.05,0,0,0,0.0432,0.1074,0.1074,,,B,◎,,0.3313,0.698,,0.4815,A,67,0,◎-○軸 3着3〜4艇流し（10〜15点）,0.5777,"{'is_target': True, 'verdict': '参加推奨', 'max_combo_prob': 0.0718, 'est_top_odds': 18.6, 'circle_concentration': 63.7, 'eligible_count': 8, 'bet_adj': 2, 'reason': 'rel_win1=54.0%（本命度） / 最有力組み合わせ確率: 0.072（推定実オッズ?19倍） / 2着集中度: 上位2艇 63.7%（補正+0.00） / 総合判定確率: 0.072 / → ヒモ分散。1号艇1着固定で広めのヒモ流し推奨（買い目+2点）', 'tenji_trigger': '展示確認: ヒモ分散レース。1号艇伸び確認後、広めのヒモ流しを採用。穴ヒモ（5・6号艇）を積極的に含める。'}",,,27.3,逃げ狙い,13.57,29.8,2,,,,,,,,,,,
2025-04-16,丸亀,5,1,半田尚也,B1,40.30,1,▲,33.8795,,0,54.4,0.172,3.6413,,,0,低,141,0,逃0%,,0,29.6,0.5865,0.2,,,,,0.18,0.54,0.16,△,,C,,,,0.5765,,0.2075,D,21,1,大荒れ。見送り推奨,0.5777,"{'is_target': False, 'verdict': '対象外', 'max_combo_prob': None, 'est_top_odds': None, 'circle_concentration': None, 'eligible_count': 0, 'bet_adj': 0, 'reason': '1号艇rel_win1 < 45%: 通常判定に委ねる', 'tenji_trigger': ''}",,,42.4,両建て推奨,32.05,42.9,3,2-1-3|2-1-5|1-2-5|1-3-5|1-2-6|1-2-3|1-3-6,4-5-6|6-1-3|2-1-3|6-1-5|6-3-1|4-6-5|2-1-5|1-2-5|1-3-5|1-2-6|1-2-3|1-3-6,2-1-3:2.39%|2-1-5:1.56%|1-2-5:9.23%|1-3-5:8.49%|1-2-6:6.34%|1-2-3:6.33%|1-3-6:5.83%,2-1-3:B_main|2-1-5:B_main|1-2-5:A|1-3-5:A|1-2-6:A|1-2-3:A|1-3-6:A,7,12,0.4535,1,[!]見送り推奨（主役決まり手「差し」― 逃げ劣勢レースで的中実績なし）,荒れ広め,D
2025-04-16,丸亀,5,2,石丸小槙,B2,41.43,2,△,12.711,29.6,98,25,0.1437,2.125,,,0,低,15,1,-,,0,19.1,0.5509,,,,,,,,,,◎,C,,,0.6045,0.4805,,0.2075,D,21,1,大荒れ。見送り推奨,0.5777,"{'is_target': False, 'verdict': '対象外', 'max_combo_prob': None, 'est_top_odds': None, 'circle_concentration': None, 'eligible_count': 0, 'bet_adj': 0, 'reason': '1号艇rel_win1 < 45%: 通常判定に委ねる', 'tenji_trigger': ''}",,,42.4,両建て推奨,32.05,42.9,3,,,,,,,,,,,
2025-04-16,丸亀,5,3,鈴木勝博,A2,48.09,3,◎,21.1954,31.2,67,64.6,0.1429,2.75,,,0,低,90,0,-,,0,49.2,1.1631,0,0,0.2273,0,0.0909,0.1171,0.2776,0.0211,,○,B,△,,0.5363,0.6045,,0.2075,D,21,1,大荒れ。見送り推奨,0.5777,"{'is_target': False, 'verdict': '対象外', 'max_combo_prob': None, 'est_top_odds': None, 'circle_concentration': None, 'eligible_count': 0, 'bet_adj': 0, 'reason': '1号艇rel_win1 < 45%: 通常判定に委ねる', 'tenji_trigger': ''}",,,42.4,両建て推奨,32.05,42.9,3,,,,,,,,,,,
2025-04-16,丸亀,5,4,貞兼淳二,B1,50.41,4,○,12.3819,14.2,68,33.3,0.1417,2.8833,,,0,低,52,0,-,,0,44.3,0.956,,,,,,0,1,0,,△,A,△,,0.5062,0.5795,,0.2075,D,21,1,大荒れ。見送り推奨,0.5777,"{'is_target': False, 'verdict': '対象外', 'max_combo_prob': None, 'est_top_odds': None, 'circle_concentration': None, 'eligible_count': 0, 'bet_adj': 0, 'reason': '1号艇rel_win1 < 45%: 通常判定に委ねる', 'tenji_trigger': ''}",,,42.4,両建て推奨,32.05,42.9,3,,,,,,,,,,,
2025-04-16,丸亀,5,5,宮之原輝,A1,18.25,5,,18.8626,23.9,79,69.4,0.1436,3.2361,,,0,低,35,0,差ま0% 抜0%,,0,100,2.1431,0,0,0,0.1429,0.0476,0.0333,0.0333,0.1,,,E,◎,◎,0.4771,0.7135,0.4287,0.2075,D,21,1,大荒れ。見送り推奨,0.5777,"{'is_target': False, 'verdict': '対象外', 'max_combo_prob': None, 'est_top_odds': None, 'circle_concentration': None, 'eligible_count': 0, 'bet_adj': 0, 'reason': '1号艇rel_win1 < 45%: 通常判定に委ねる', 'tenji_trigger': ''}",,,42.4,両建て推奨,32.05,42.9,3,,,,,,,,,,,
2025-04-16,丸亀,5,6,清水愛海,A1,28.35,6,,0.9695,1,100,35.3,0.1865,4.0147,,,0,低,73,0,-,,0,60.5,1.3336,,,,,,0.0909,0.1818,0,,,D,○,,0.3454,0.634,,0.2075,D,21,1,大荒れ。見送り推奨,0.5777,"{'is_target': False, 'verdict': '対象外', 'max_combo_prob': None, 'est_top_odds': None, 'circle_concentration': None, 'eligible_count': 0, 'bet_adj': 0, 'reason': '1号艇rel_win1 < 45%: 通常判定に委ねる', 'tenji_trigger': ''}",,,42.4,両建て推奨,32.05,42.9,3,,,,,,,,,,,
2025-04-16,丸亀,6,1,小野寺智,A2,38.69,1,◎,53.7692,,0,87.7,0.1182,2.5411,,,0,低,79,0,逃1%,,0,87.4,1.2569,0.4348,,,,,0.1217,0.0174,0.3096,◎,,A,△,,,0.6185,,0.5486,S,80,0,◎1着固定 2-3着流し（5〜8点）,0.5777,"{'is_target': True, 'verdict': '点数絞り', 'max_combo_prob': 0.0832, 'est_top_odds': 16.0, 'circle_concentration': 71.7, 'eligible_count': 6, 'bet_adj': 0, 'reason': 'rel_win1=53.8%（本命度） / 最有力組み合わせ確率: 0.083（推定実オッズ?16倍） / 2着集中度: 上位2艇 71.7%（補正+0.04） / 総合判定確率: 0.123 / → ヒモはやや固め。上位2艇以外を切ること', 'tenji_trigger': '展示確認: 1号艇伸び良→そのまま採用。悪→飛び組に差し替え。circle_pct上位2艇に絞り込むこと。\n展示で1号艇スタート超安定(0.118秒)→ヒモ固まり方向に注意'}",,,28.3,逃げ狙い,18.46,28.7,3,,,,,0,0,0.7559,0,,逃げ軸流し,A
2025-04-16,丸亀,6,2,仁科さや,B2,32.33,2,▲,11.966,30.7,90,45.5,0.1355,3.3182,,,0,低,24,1,差0%,,0,48.7,0.7719,0,0.0909,0,0,0,0.1667,0.3333,0,,,B,,,0.1653,0.6165,,0.5486,S,80,0,◎1着固定 2-3着流し（5〜8点）,0.5777,"{'is_target': True, 'verdict': '点数絞り', 'max_combo_prob': 0.0832, 'est_top_odds': 16.0, 'circle_concentration': 71.7, 'eligible_count': 6, 'bet_adj': 0, 'reason': 'rel_win1=53.8%（本命度） / 最有力組み合わせ確率: 0.083（推定実オッズ?16倍） / 2着集中度: 上位2艇 71.7%（補正+0.04） / 総合判定確率: 0.123 / → ヒモはやや固め。上位2艇以外を切ること', 'tenji_trigger': '展示確認: 1号艇伸び良→そのまま採用。悪→飛び組に差し替え。circle_pct上位2艇に絞り込むこと。\n展示で1号艇スタート超安定(0.118秒)→ヒモ固まり方向に注意'}",,,28.3,逃げ狙い,18.46,28.7,3,,,,,,,,,,,
2025-04-16,丸亀,6,3,渡邉優美,A1,32.12,3,○,19.576,41,73,72.7,0.1327,2.6364,,,0,低,44,0,差ま0%,,0,70.6,1.5558,0,0,0,0.1,0,0.2078,0.1584,0.0182,,,C,○,,0.2366,0.6535,,0.5486,S,80,0,◎1着固定 2-3着流し（5〜8点）,0.5777,"{'is_target': True, 'verdict': '点数絞り', 'max_combo_prob': 0.0832, 'est_top_odds': 16.0, 'circle_concentration': 71.7, 'eligible_count': 6, 'bet_adj': 0, 'reason': 'rel_win1=53.8%（本命度） / 最有力組み合わせ確率: 0.083（推定実オッズ?16倍） / 2着集中度: 上位2艇 71.7%（補正+0.04） / 総合判定確率: 0.123 / → ヒモはやや固め。上位2艇以外を切ること', 'tenji_trigger': '展示確認: 1号艇伸び良→そのまま採用。悪→飛び組に差し替え。circle_pct上位2艇に絞り込むこと。\n展示で1号艇スタート超安定(0.118秒)→ヒモ固まり方向に注意'}",,,28.3,逃げ狙い,18.46,28.7,3,,,,,,,,,,,
2025-04-16,丸亀,6,4,森　悠稀,A2,23.62,4,△,9.7121,16,100,54.4,0.1246,2.5965,,,0,低,62,0,-,,0,99.1,1.9421,0,0,0.1765,0,0,0.0552,0.0276,0.0552,,,E,◎,◎,0.3056,0.6755,0.4088,0.5486,S,80,0,◎1着固定 2-3着流し（5〜8点）,0.5777,"{'is_target': True, 'verdict': '点数絞り', 'max_combo_prob': 0.0832, 'est_top_odds': 16.0, 'circle_concentration': 71.7, 'eligible_count': 6, 'bet_adj': 0, 'reason': 'rel_win1=53.8%（本命度） / 最有力組み合わせ確率: 0.083（推定実オッズ?16倍） / 2着集中度: 上位2艇 71.7%（補正+0.04） / 総合判定確率: 0.123 / → ヒモはやや固め。上位2艇以外を切ること', 'tenji_trigger': '展示確認: 1号艇伸び良→そのまま採用。悪→飛び組に差し替え。circle_pct上位2艇に絞り込むこと。\n展示で1号艇スタート超安定(0.118秒)→ヒモ固まり方向に注意'}",,,28.3,逃げ狙い,18.46,28.7,3,,,,,,,,,,,
2025-04-16,丸亀,6,5,山崎善庸,B1,29.55,5,,3.926,6.4,31,9.1,0.216,4.9091,,,0,低,243,0,-,,0,29.7,0.6071,,,,,,0.0727,0.3491,0.3309,,,D,,,0.1356,0.5725,,0.5486,S,80,0,◎1着固定 2-3着流し（5〜8点）,0.5777,"{'is_target': True, 'verdict': '点数絞り', 'max_combo_prob': 0.0832, 'est_top_odds': 16.0, 'circle_concentration': 71.7, 'eligible_count': 6, 'bet_adj': 0, 'reason': 'rel_win1=53.8%（本命度） / 最有力組み合わせ確率: 0.083（推定実オッズ?16倍） / 2着集中度: 上位2艇 71.7%（補正+0.04） / 総合判定確率: 0.123 / → ヒモはやや固め。上位2艇以外を切ること', 'tenji_trigger': '展示確認: 1号艇伸び良→そのまま採用。悪→飛び組に差し替え。circle_pct上位2艇に絞り込むこと。\n展示で1号艇スタート超安定(0.118秒)→ヒモ固まり方向に注意'}",,,28.3,逃げ狙い,18.46,28.7,3,,,,,,,,,,,
2025-04-16,丸亀,6,6,汐崎正則,B1,28.15,6,,1.0507,5.9,44,25,0.175,3.5893,,,0,低,79,0,-,,0,33.6,1.06,,,,,,0.05,0.17,0.075,,,D,△,,0.1376,0.618,,0.5486,S,80,0,◎1着固定 2-3着流し（5〜8点）,0.5777,"{'is_target': True, 'verdict': '点数絞り', 'max_combo_prob': 0.0832, 'est_top_odds': 16.0, 'circle_concentration': 71.7, 'eligible_count': 6, 'bet_adj': 0, 'reason': 'rel_win1=53.8%（本命度） / 最有力組み合わせ確率: 0.083（推定実オッズ?16倍） / 2着集中度: 上位2艇 71.7%（補正+0.04） / 総合判定確率: 0.123 / → ヒモはやや固め。上位2艇以外を切ること', 'tenji_trigger': '展示確認: 1号艇伸び良→そのまま採用。悪→飛び組に差し替え。circle_pct上位2艇に絞り込むこと。\n展示で1号艇スタート超安定(0.118秒)→ヒモ固まり方向に注意'}",,,28.3,逃げ狙い,18.46,28.7,3,,,,,,,,,,,
2025-04-16,丸亀,7,1,岩崎芳美,A2,42.34,1,◎,50.6321,,0,89.5,0.1263,2.6316,,,0,低,23,0,逃0%,,0,68.7,1.1194,0.4167,,,,,0.0833,0.25,0.25,◎⚠️,,A,△,,,0.6485,,0.5859,S,82,0,◎1着固定 2-3着流し（5〜8点）,0.5777,"{'is_target': True, 'verdict': '参加推奨', 'max_combo_prob': 0.0617, 'est_top_odds': 21.6, 'circle_concentration': 67.0, 'eligible_count': 6, 'bet_adj': 2, 'reason': 'rel_win1=50.6%（本命度） / 最有力組み合わせ確率: 0.062（推定実オッズ?22倍） / 2着集中度: 上位2艇 67.0%（補正+0.00） / 総合判定確率: 0.062 / → ヒモ分散。1号艇1着固定で広めのヒモ流し推奨（買い目+2点）', 'tenji_trigger': '展示確認: ヒモ分散レース。1号艇伸び確認後、広めのヒモ流しを採用。穴ヒモ（5・6号艇）を積極的に含める。\n展示で1号艇スタート超安定(0.126秒)→ヒモ固まり方向に注意'}",,,31,逃げ狙い,24.12,31.4,4,3-5-4|3-4-5|3-5-6|3-4-6|3-5-2|3-4-2|3-6-5|3-1-5|1-2-4|3-1-4|1-3-4|1-2-5,3-5-4|3-4-5|3-5-6|3-4-6|3-5-2|3-4-2|3-6-5|3-1-5|1-2-4|3-1-4|1-3-4|1-2-5,3-5-4:1.52%|3-4-5:1.52%|3-5-6:0.86%|3-4-6:0.79%|3-5-2:0.37%|3-4-2:0.33%|3-6-5:0.32%|3-1-5:5.24%|1-2-4:4.96%|3-1-4:4.83%|1-3-4:4.61%|1-2-5:4.46%,3-5-4:B_main|3-4-5:B_main|3-5-6:B_main|3-4-6:B_main|3-5-2:B_main|3-4-2:B_main|3-6-5:B_main|3-1-5:B_sc|1-2-4:A|3-1-4:B_sc|1-3-4:A|1-2-5:A,12,12,0.4535,1,[!]見送り推奨（主役決まり手「まくり」― 逃げ劣勢レースで的中実績なし）,主役軸流し,B
2025-04-16,丸亀,7,2,松下哲也,B1,38.57,2,▲,8.1705,36.6,68,47.9,0.1813,3.9437,,,0,低,136,0,-,,0,96.7,1.4152,0,0.0333,0.0333,0,0,0.0762,0.0952,0.2762,,,B,,,0.0562,0.5965,,0.5859,S,82,0,◎1着固定 2-3着流し（5〜8点）,0.5777,"{'is_target': True, 'verdict': '参加推奨', 'max_combo_prob': 0.0617, 'est_top_odds': 21.6, 'circle_concentration': 67.0, 'eligible_count': 6, 'bet_adj': 2, 'reason': 'rel_win1=50.6%（本命度） / 最有力組み合わせ確率: 0.062（推定実オッズ?22倍） / 2着集中度: 上位2艇 67.0%（補正+0.00） / 総合判定確率: 0.062 / → ヒモ分散。1号艇1着固定で広めのヒモ流し推奨（買い目+2点）', 'tenji_trigger': '展示確認: ヒモ分散レース。1号艇伸び確認後、広めのヒモ流しを採用。穴ヒモ（5・6号艇）を積極的に含める。\n展示で1号艇スタート超安定(0.126秒)→ヒモ固まり方向に注意'}",,,31,逃げ狙い,24.12,31.4,4,,,,,,,,,,,
2025-04-16,丸亀,7,3,白井英治,A1,31.91,3,○,13.7928,30.5,91,88.9,0.1567,3.5278,,,0,低,29,0,ま0%,,0,61.3,1.5767,0,0,0.1429,0,0,0.0588,0.1765,0.0588,,,C,○,,0.1601,0.659,,0.5859,S,82,0,◎1着固定 2-3着流し（5〜8点）,0.5777,"{'is_target': True, 'verdict': '参加推奨', 'max_combo_prob': 0.0617, 'est_top_odds': 21.6, 'circle_concentration': 67.0, 'eligible_count': 6, 'bet_adj': 2, 'reason': 'rel_win1=50.6%（本命度） / 最有力組み合わせ確率: 0.062（推定実オッズ?22倍） / 2着集中度: 上位2艇 67.0%（補正+0.00） / 総合判定確率: 0.062 / → ヒモ分散。1号艇1着固定で広めのヒモ流し推奨（買い目+2点）', 'tenji_trigger': '展示確認: ヒモ分散レース。1号艇伸び確認後、広めのヒモ流しを採用。穴ヒモ（5・6号艇）を積極的に含める。\n展示で1号艇スタート超安定(0.126秒)→ヒモ固まり方向に注意'}",,,31,逃げ狙い,24.12,31.4,4,,,,,,,,,,,
2025-04-16,丸亀,7,4,小林孝彰,B1,25.00,4,△,17.1872,12.6,73,52.5,0.1492,2.675,,,0,低,77,0,差0% 差ま0% 抜0%,,0,61.8,1.4396,0,0.0625,0,0.125,0.0625,0.1921,0.4053,0,,,E,◎,◎,0.2107,0.676,0.4054,0.5859,S,82,0,◎1着固定 2-3着流し（5〜8点）,0.5777,"{'is_target': True, 'verdict': '参加推奨', 'max_combo_prob': 0.0617, 'est_top_odds': 21.6, 'circle_concentration': 67.0, 'eligible_count': 6, 'bet_adj': 2, 'reason': 'rel_win1=50.6%（本命度） / 最有力組み合わせ確率: 0.062（推定実オッズ?22倍） / 2着集中度: 上位2艇 67.0%（補正+0.00） / 総合判定確率: 0.062 / → ヒモ分散。1号艇1着固定で広めのヒモ流し推奨（買い目+2点）', 'tenji_trigger': '展示確認: ヒモ分散レース。1号艇伸び確認後、広めのヒモ流しを採用。穴ヒモ（5・6号艇）を積極的に含める。\n展示で1号艇スタート超安定(0.126秒)→ヒモ固まり方向に注意'}",,,31,逃げ狙い,24.12,31.4,4,,,,,,,,,,,
2025-04-16,丸亀,7,5,大須賀友,A1,25.56,5,,9.228,18.1,100,56.2,0.1579,3.4167,,,0,低,116,0,-,,0,52.6,1.8586,0,0,0.0435,0,0.0435,0.0516,0.1258,0.0129,,,D,,○,0.1851,0.599,0.2757,0.5859,S,82,0,◎1着固定 2-3着流し（5〜8点）,0.5777,"{'is_target': True, 'verdict': '参加推奨', 'max_combo_prob': 0.0617, 'est_top_odds': 21.6, 'circle_concentration': 67.0, 'eligible_count': 6, 'bet_adj': 2, 'reason': 'rel_win1=50.6%（本命度） / 最有力組み合わせ確率: 0.062（推定実オッズ?22倍） / 2着集中度: 上位2艇 67.0%（補正+0.00） / 総合判定確率: 0.062 / → ヒモ分散。1号艇1着固定で広めのヒモ流し推奨（買い目+2点）', 'tenji_trigger': '展示確認: ヒモ分散レース。1号艇伸び確認後、広めのヒモ流しを採用。穴ヒモ（5・6号艇）を積極的に含める。\n展示で1号艇スタート超安定(0.126秒)→ヒモ固まり方向に注意'}",,,31,逃げ狙い,24.12,31.4,4,,,,,,,,,,,
2025-04-16,丸亀,7,6,中嶋誠一,B1,34.27,6,,0.9895,2.3,36,29.4,0.1745,4.2255,,,0,低,130,0,-,,0,37,1.2097,,,,,,0.4673,0.1519,0.0904,,,C,△,,0.1598,0.6265,,0.5859,S,82,0,◎1着固定 2-3着流し（5〜8点）,0.5777,"{'is_target': True, 'verdict': '参加推奨', 'max_combo_prob': 0.0617, 'est_top_odds': 21.6, 'circle_concentration': 67.0, 'eligible_count': 6, 'bet_adj': 2, 'reason': 'rel_win1=50.6%（本命度） / 最有力組み合わせ確率: 0.062（推定実オッズ?22倍） / 2着集中度: 上位2艇 67.0%（補正+0.00） / 総合判定確率: 0.062 / → ヒモ分散。1号艇1着固定で広めのヒモ流し推奨（買い目+2点）', 'tenji_trigger': '展示確認: ヒモ分散レース。1号艇伸び確認後、広めのヒモ流しを採用。穴ヒモ（5・6号艇）を積極的に含める。\n展示で1号艇スタート超安定(0.126秒)→ヒモ固まり方向に注意'}",,,31,逃げ狙い,24.12,31.4,4,,,,,,,,,,,
2025-04-16,丸亀,8,1,小山　勉,A1,32.82,1,◎,68.6932,,0,95.5,0.1581,3.097,,,0,低,113,0,逃1%,,0,84.6,1.0599,0.7586,,,,,0.1302,0.0138,0.0888,◎,,C,◎,,,0.654,,0.572,S,86,0,◎1着固定 2-3着流し（5〜8点）,0.5777,"{'is_target': True, 'verdict': '参加推奨', 'max_combo_prob': 0.1024, 'est_top_odds': 13.0, 'circle_concentration': 67.5, 'eligible_count': 6, 'bet_adj': 2, 'reason': 'rel_win1=68.7%（本命度） / 最有力組み合わせ確率: 0.102（推定実オッズ?13倍） / 2着集中度: 上位2艇 67.5%（補正+0.00） / 総合判定確率: 0.102 / → ヒモ分散。1号艇1着固定で広めのヒモ流し推奨（買い目+2点）', 'tenji_trigger': '展示確認: ヒモ分散レース。1号艇伸び確認後、広めのヒモ流しを採用。穴ヒモ（5・6号艇）を積極的に含める。'}",,,26.7,逃げ狙い,13.87,27.9,4,,,,,0,0,0.7559,0,,逃げ軸流し,A
2025-04-16,丸亀,8,2,三宅　潤,A2,23.28,2,,9.4369,47.8,100,73.8,0.1604,3.8687,,,0,低,174,0,差0%,,0,73.9,0.684,0,0.0732,0.0244,0,0.0244,0.0222,0.0444,0.2111,,,E,○,,0.2912,0.6355,,0.572,S,86,0,◎1着固定 2-3着流し（5〜8点）,0.5777,"{'is_target': True, 'verdict': '参加推奨', 'max_combo_prob': 0.1024, 'est_top_odds': 13.0, 'circle_concentration': 67.5, 'eligible_count': 6, 'bet_adj': 2, 'reason': 'rel_win1=68.7%（本命度） / 最有力組み合わせ確率: 0.102（推定実オッズ?13倍） / 2着集中度: 上位2艇 67.5%（補正+0.00） / 総合判定確率: 0.102 / → ヒモ分散。1号艇1着固定で広めのヒモ流し推奨（買い目+2点）', 'tenji_trigger': '展示確認: ヒモ分散レース。1号艇伸び確認後、広めのヒモ流しを採用。穴ヒモ（5・6号艇）を積極的に含める。'}",,,26.7,逃げ狙い,13.87,27.9,4,,,,,,,,,,,
2025-04-16,丸亀,8,3,谷本幸司,B1,25.56,3,,6.4198,19.5,92,54.4,0.1704,3.8913,,,0,低,87,0,ま0% 差ま0%,,0,37.2,0.9267,0,0,0.037,0.037,0,0.1048,0.0381,0.0381,,,D,,,0.224,0.591,,0.572,S,86,0,◎1着固定 2-3着流し（5〜8点）,0.5777,"{'is_target': True, 'verdict': '参加推奨', 'max_combo_prob': 0.1024, 'est_top_odds': 13.0, 'circle_concentration': 67.5, 'eligible_count': 6, 'bet_adj': 2, 'reason': 'rel_win1=68.7%（本命度） / 最有力組み合わせ確率: 0.102（推定実オッズ?13倍） / 2着集中度: 上位2艇 67.5%（補正+0.00） / 総合判定確率: 0.102 / → ヒモ分散。1号艇1着固定で広めのヒモ流し推奨（買い目+2点）', 'tenji_trigger': '展示確認: ヒモ分散レース。1号艇伸び確認後、広めのヒモ流しを採用。穴ヒモ（5・6号艇）を積極的に含める。'}",,,26.7,逃げ狙い,13.87,27.9,4,,,,,,,,,,,
2025-04-16,丸亀,8,4,山田理央,A2,30.15,4,▲,7.8697,19.7,75,53.8,0.1582,3.1923,,,0,低,62,0,-,,0,56,1.0455,0,0.0625,0.0625,0.0625,0,0.0444,0.1444,0.0222,,,D,△,◎,0.2979,0.6,0.3944,0.572,S,86,0,◎1着固定 2-3着流し（5〜8点）,0.5777,"{'is_target': True, 'verdict': '参加推奨', 'max_combo_prob': 0.1024, 'est_top_odds': 13.0, 'circle_concentration': 67.5, 'eligible_count': 6, 'bet_adj': 2, 'reason': 'rel_win1=68.7%（本命度） / 最有力組み合わせ確率: 0.102（推定実オッズ?13倍） / 2着集中度: 上位2艇 67.5%（補正+0.00） / 総合判定確率: 0.102 / → ヒモ分散。1号艇1着固定で広めのヒモ流し推奨（買い目+2点）', 'tenji_trigger': '展示確認: ヒモ分散レース。1号艇伸び確認後、広めのヒモ流しを採用。穴ヒモ（5・6号艇）を積極的に含める。'}",,,26.7,逃げ狙い,13.87,27.9,4,,,,,,,,,,,
2025-04-16,丸亀,8,5,佐竹太一,B1,49.24,5,○,3.9154,4.7,91,43.3,0.1847,3.9583,,,0,低,176,0,差ま0%,,0,24.8,0.5855,0,0,0.0303,0.0303,0,0.2727,0.0364,0.1727,,,A,,,0.1988,0.589,,0.572,S,86,0,◎1着固定 2-3着流し（5〜8点）,0.5777,"{'is_target': True, 'verdict': '参加推奨', 'max_combo_prob': 0.1024, 'est_top_odds': 13.0, 'circle_concentration': 67.5, 'eligible_count': 6, 'bet_adj': 2, 'reason': 'rel_win1=68.7%（本命度） / 最有力組み合わせ確率: 0.102（推定実オッズ?13倍） / 2着集中度: 上位2艇 67.5%（補正+0.00） / 総合判定確率: 0.102 / → ヒモ分散。1号艇1着固定で広めのヒモ流し推奨（買い目+2点）', 'tenji_trigger': '展示確認: ヒモ分散レース。1号艇伸び確認後、広めのヒモ流しを採用。穴ヒモ（5・6号艇）を積極的に含める。'}",,,26.7,逃げ狙い,13.87,27.9,4,,,,,,,,,,,
2025-04-16,丸亀,8,6,重富伸也,B1,43.88,6,△,3.665,8.3,37,32.1,0.1762,3.9444,,,0,低,124,0,ま0% 差ま0%,,0,24.8,1.3622,0,0,0.0526,0.0526,0,0.0615,0,0.3231,,,B,△,○,0.236,0.6085,0.2247,0.572,S,86,0,◎1着固定 2-3着流し（5〜8点）,0.5777,"{'is_target': True, 'verdict': '参加推奨', 'max_combo_prob': 0.1024, 'est_top_odds': 13.0, 'circle_concentration': 67.5, 'eligible_count': 6, 'bet_adj': 2, 'reason': 'rel_win1=68.7%（本命度） / 最有力組み合わせ確率: 0.102（推定実オッズ?13倍） / 2着集中度: 上位2艇 67.5%（補正+0.00） / 総合判定確率: 0.102 / → ヒモ分散。1号艇1着固定で広めのヒモ流し推奨（買い目+2点）', 'tenji_trigger': '展示確認: ヒモ分散レース。1号艇伸び確認後、広めのヒモ流しを採用。穴ヒモ（5・6号艇）を積極的に含める。'}",,,26.7,逃げ狙い,13.87,27.9,4,,,,,,,,,,,
2025-04-16,丸亀,9,1,松村康太,A2,41.67,1,◎,50.376,,0,89.8,0.158,3.3125,,,0,低,166,0,逃0%,,0,75.5,1.0687,0.3333,,,,,0.22,0.1756,0.2689,○,,B,△,,,0.6195,,0.3787,A,67,0,◎-○軸 3着3〜4艇流し（10〜15点）,0.5777,"{'is_target': True, 'verdict': '参加推奨', 'max_combo_prob': 0.069, 'est_top_odds': 19.3, 'circle_concentration': 71.7, 'eligible_count': 8, 'bet_adj': 2, 'reason': 'rel_win1=50.4%（本命度） / 最有力組み合わせ確率: 0.069（推定実オッズ?19倍） / 2着集中度: 上位2艇 71.7%（補正+0.04） / 総合判定確率: 0.109 / → ヒモ分散。1号艇1着固定で広めのヒモ流し推奨（買い目+2点）', 'tenji_trigger': '展示確認: ヒモ分散レース。1号艇伸び確認後、広めのヒモ流しを採用。穴ヒモ（5・6号艇）を積極的に含める。'}",,,32.7,逃げ狙い,23.8,36.5,4,,,,,0,0,0.6155,0,,主役軸流し,B
2025-04-16,丸亀,9,2,武重雄介,A2,40.77,2,△,13.9898,42.5,100,79,0.1615,3.0484,,,0,低,119,0,-,,0,78.4,1.4857,0,0.087,0.087,0,0,0.1657,0,0.0343,,,C,○,,0.3183,0.6375,,0.3787,A,67,0,◎-○軸 3着3〜4艇流し（10〜15点）,0.5777,"{'is_target': True, 'verdict': '参加推奨', 'max_combo_prob': 0.069, 'est_top_odds': 19.3, 'circle_concentration': 71.7, 'eligible_count': 8, 'bet_adj': 2, 'reason': 'rel_win1=50.4%（本命度） / 最有力組み合わせ確率: 0.069（推定実オッズ?19倍） / 2着集中度: 上位2艇 71.7%（補正+0.04） / 総合判定確率: 0.109 / → ヒモ分散。1号艇1着固定で広めのヒモ流し推奨（買い目+2点）', 'tenji_trigger': '展示確認: ヒモ分散レース。1号艇伸び確認後、広めのヒモ流しを採用。穴ヒモ（5・6号艇）を積極的に含める。'}",,,32.7,逃げ狙い,23.8,36.5,4,,,,,,,,,,,
2025-04-16,丸亀,9,3,原　豊土,B1,34.06,3,,9.0262,29.2,89,61.2,0.1461,2.8265,,,0,低,122,0,ま0%,,0,44.3,1.1152,0,0,0.0435,0.087,0.0435,0.1711,0,0.0632,,△,D,,,0.3851,0.6015,,0.3787,A,67,0,◎-○軸 3着3〜4艇流し（10〜15点）,0.5777,"{'is_target': True, 'verdict': '参加推奨', 'max_combo_prob': 0.069, 'est_top_odds': 19.3, 'circle_concentration': 71.7, 'eligible_count': 8, 'bet_adj': 2, 'reason': 'rel_win1=50.4%（本命度） / 最有力組み合わせ確率: 0.069（推定実オッズ?19倍） / 2着集中度: 上位2艇 71.7%（補正+0.04） / 総合判定確率: 0.109 / → ヒモ分散。1号艇1着固定で広めのヒモ流し推奨（買い目+2点）', 'tenji_trigger': '展示確認: ヒモ分散レース。1号艇伸び確認後、広めのヒモ流しを採用。穴ヒモ（5・6号艇）を積極的に含める。'}",,,32.7,逃げ狙い,23.8,36.5,4,,,,,,,,,,,
2025-04-16,丸亀,9,4,鈴木勝博,A2,48.09,4,○,17.2981,17.3,81,67.7,0.1303,2.5,,,0,低,90,0,差0% ま0% 差ま0% 抜0%,,0,90.7,1.6374,0,0.0345,0.069,0.1379,0.0345,0.1171,0.2776,0.0211,,○,A,△,◎,0.4438,0.6045,0.4926,0.3787,A,67,0,◎-○軸 3着3〜4艇流し（10〜15点）,0.5777,"{'is_target': True, 'verdict': '参加推奨', 'max_combo_prob': 0.069, 'est_top_odds': 19.3, 'circle_concentration': 71.7, 'eligible_count': 8, 'bet_adj': 2, 'reason': 'rel_win1=50.4%（本命度） / 最有力組み合わせ確率: 0.069（推定実オッズ?19倍） / 2着集中度: 上位2艇 71.7%（補正+0.04） / 総合判定確率: 0.109 / → ヒモ分散。1号艇1着固定で広めのヒモ流し推奨（買い目+2点）', 'tenji_trigger': '展示確認: ヒモ分散レース。1号艇伸び確認後、広めのヒモ流しを採用。穴ヒモ（5・6号艇）を積極的に含める。'}",,,32.7,逃げ狙い,23.8,36.5,4,,,,,,,,,,,
2025-04-16,丸亀,9,5,稗田聖也,B1,34.33,5,▲,5.909,8.7,64,41.2,0.1251,2.4632,,,0,低,66,0,差ま0%,,0,58.2,1.1771,0,0,0,0.1724,0,0,0.0242,0.2348,,◎,D,◎,○,0.4444,0.671,0.4656,0.3787,A,67,0,◎-○軸 3着3〜4艇流し（10〜15点）,0.5777,"{'is_target': True, 'verdict': '参加推奨', 'max_combo_prob': 0.069, 'est_top_odds': 19.3, 'circle_concentration': 71.7, 'eligible_count': 8, 'bet_adj': 2, 'reason': 'rel_win1=50.4%（本命度） / 最有力組み合わせ確率: 0.069（推定実オッズ?19倍） / 2着集中度: 上位2艇 71.7%（補正+0.04） / 総合判定確率: 0.109 / → ヒモ分散。1号艇1着固定で広めのヒモ流し推奨（買い目+2点）', 'tenji_trigger': '展示確認: ヒモ分散レース。1号艇伸び確認後、広めのヒモ流しを採用。穴ヒモ（5・6号艇）を積極的に含める。'}",,,32.7,逃げ狙い,23.8,36.5,4,,,,,,,,,,,
2025-04-16,丸亀,9,6,海野ゆか,A1,33.09,6,,3.401,2.3,42,19.2,0.2081,4.6154,,,0,低,58,0,差ま0%,,0,31.1,0.8778,0,0,0,0.1,0,0,0.0667,0.1333,,,E,,,0.1625,0.5965,,0.3787,A,67,0,◎-○軸 3着3〜4艇流し（10〜15点）,0.5777,"{'is_target': True, 'verdict': '参加推奨', 'max_combo_prob': 0.069, 'est_top_odds': 19.3, 'circle_concentration': 71.7, 'eligible_count': 8, 'bet_adj': 2, 'reason': 'rel_win1=50.4%（本命度） / 最有力組み合わせ確率: 0.069（推定実オッズ?19倍） / 2着集中度: 上位2艇 71.7%（補正+0.04） / 総合判定確率: 0.109 / → ヒモ分散。1号艇1着固定で広めのヒモ流し推奨（買い目+2点）', 'tenji_trigger': '展示確認: ヒモ分散レース。1号艇伸び確認後、広めのヒモ流しを採用。穴ヒモ（5・6号艇）を積極的に含める。'}",,,32.7,逃げ狙い,23.8,36.5,4,,,,,,,,,,,
2025-04-16,丸亀,10,1,黒柳浩孝,A1,38.81,1,◎,55.6627,,0,86.8,0.1433,2.8956,,,0,低,124,0,逃0%,,0,87,1.111,0.5,,,,,0.0421,0.2342,0.1171,◎,,B,○,,,0.637,,0.4889,A,72,0,◎-○軸 3着3〜4艇流し（10〜15点）,0.5777,"{'is_target': True, 'verdict': '点数絞り', 'max_combo_prob': 0.0845, 'est_top_odds': 15.8, 'circle_concentration': 77.8, 'eligible_count': 8, 'bet_adj': 0, 'reason': 'rel_win1=55.7%（本命度） / 最有力組み合わせ確率: 0.084（推定実オッズ?16倍） / 2着集中度: 上位2艇 77.8%（補正+0.04） / 総合判定確率: 0.124 / → ヒモはやや固め。上位2艇以外を切ること', 'tenji_trigger': '展示確認: 1号艇伸び良→そのまま採用。悪→飛び組に差し替え。circle_pct上位2艇に絞り込むこと。'}",,,30.2,逃げ狙い,23.7,29.4,2,,,,,0,0,0.7559,0,,逃げ軸流し,A
2025-04-16,丸亀,10,2,竹田辰也,A2,24.79,2,○,18.2176,44,91,79.2,0.139,2.7812,,,0,低,94,0,差1%,,0,87.2,0.7733,0,0.1852,0.1111,0,0.037,0.019,0.0476,0.2071,,◎,E,△,,0.3901,0.6225,,0.4889,A,72,0,◎-○軸 3着3〜4艇流し（10〜15点）,0.5777,"{'is_target': True, 'verdict': '点数絞り', 'max_combo_prob': 0.0845, 'est_top_odds': 15.8, 'circle_concentration': 77.8, 'eligible_count': 8, 'bet_adj': 0, 'reason': 'rel_win1=55.7%（本命度） / 最有力組み合わせ確率: 0.084（推定実オッズ?16倍） / 2着集中度: 上位2艇 77.8%（補正+0.04） / 総合判定確率: 0.124 / → ヒモはやや固め。上位2艇以外を切ること', 'tenji_trigger': '展示確認: 1号艇伸び良→そのまま採用。悪→飛び組に差し替え。circle_pct上位2艇に絞り込むこと。'}",,,30.2,逃げ狙い,23.7,29.4,2,,,,,,,,,,,
2025-04-16,丸亀,10,3,梶野学志,A1,30.22,3,▲,15.654,33.8,100,79.7,0.1422,3.0085,,,0,低,97,0,ま0%,,0,76.3,1.5129,0,0,0.1304,0,0,0.0138,0.1164,0.0276,,,D,◎,,0.3321,0.656,,0.4889,A,72,0,◎-○軸 3着3〜4艇流し（10〜15点）,0.5777,"{'is_target': True, 'verdict': '点数絞り', 'max_combo_prob': 0.0845, 'est_top_odds': 15.8, 'circle_concentration': 77.8, 'eligible_count': 8, 'bet_adj': 0, 'reason': 'rel_win1=55.7%（本命度） / 最有力組み合わせ確率: 0.084（推定実オッズ?16倍） / 2着集中度: 上位2艇 77.8%（補正+0.04） / 総合判定確率: 0.124 / → ヒモはやや固め。上位2艇以外を切ること', 'tenji_trigger': '展示確認: 1号艇伸び良→そのまま採用。悪→飛び組に差し替え。circle_pct上位2艇に絞り込むこと。'}",,,30.2,逃げ狙い,23.7,29.4,2,,,,,,,,,,,
2025-04-16,丸亀,10,4,正木聖賢,B1,31.43,4,,7.174,12.9,70,51.5,0.1515,2.9242,,,0,低,64,0,ま0%,,0,47.6,1.0098,0,0,0.0455,0,0,0.21,0.135,0.095,,,D,,,0.2884,0.585,,0.4889,A,72,0,◎-○軸 3着3〜4艇流し（10〜15点）,0.5777,"{'is_target': True, 'verdict': '点数絞り', 'max_combo_prob': 0.0845, 'est_top_odds': 15.8, 'circle_concentration': 77.8, 'eligible_count': 8, 'bet_adj': 0, 'reason': 'rel_win1=55.7%（本命度） / 最有力組み合わせ確率: 0.084（推定実オッズ?16倍） / 2着集中度: 上位2艇 77.8%（補正+0.04） / 総合判定確率: 0.124 / → ヒモはやや固め。上位2艇以外を切ること', 'tenji_trigger': '展示確認: 1号艇伸び良→そのまま採用。悪→飛び組に差し替え。circle_pct上位2艇に絞り込むこと。'}",,,30.2,逃げ狙い,23.7,29.4,2,,,,,,,,,,,
2025-04-16,丸亀,10,5,小野寺智,A2,38.69,5,,2.2405,6.6,71,32.7,0.1544,3.6636,,,0,低,79,0,-,,0,29.5,1.506,,,,,,0.1217,0.0174,0.3096,,,C,△,,0.313,0.6185,,0.4889,A,72,0,◎-○軸 3着3〜4艇流し（10〜15点）,0.5777,"{'is_target': True, 'verdict': '点数絞り', 'max_combo_prob': 0.0845, 'est_top_odds': 15.8, 'circle_concentration': 77.8, 'eligible_count': 8, 'bet_adj': 0, 'reason': 'rel_win1=55.7%（本命度） / 最有力組み合わせ確率: 0.084（推定実オッズ?16倍） / 2着集中度: 上位2艇 77.8%（補正+0.04） / 総合判定確率: 0.124 / → ヒモはやや固め。上位2艇以外を切ること', 'tenji_trigger': '展示確認: 1号艇伸び良→そのまま採用。悪→飛び組に差し替え。circle_pct上位2艇に絞り込むこと。'}",,,30.2,逃げ狙い,23.7,29.4,2,,,,,,,,,,,
2025-04-16,丸亀,10,6,貞兼淳二,B1,50.41,6,△,1.0512,2.7,49,16,0.188,4.16,,,0,低,52,0,-,,0,30.1,0.8111,,,,,,0,1,0,,,A,,,0.2029,0.5795,,0.4889,A,72,0,◎-○軸 3着3〜4艇流し（10〜15点）,0.5777,"{'is_target': True, 'verdict': '点数絞り', 'max_combo_prob': 0.0845, 'est_top_odds': 15.8, 'circle_concentration': 77.8, 'eligible_count': 8, 'bet_adj': 0, 'reason': 'rel_win1=55.7%（本命度） / 最有力組み合わせ確率: 0.084（推定実オッズ?16倍） / 2着集中度: 上位2艇 77.8%（補正+0.04） / 総合判定確率: 0.124 / → ヒモはやや固め。上位2艇以外を切ること', 'tenji_trigger': '展示確認: 1号艇伸び良→そのまま採用。悪→飛び組に差し替え。circle_pct上位2艇に絞り込むこと。'}",,,30.2,逃げ狙い,23.7,29.4,2,,,,,,,,,,,
2025-04-16,丸亀,11,1,大須賀友,A1,25.56,1,◎,61.8877,,0,93.9,0.1391,2.9329,,,0,低,116,0,逃1%,,0,90.5,1.1941,0.7419,,,,,0.0516,0.1258,0.0129,◎,,D,,,,0.599,,0.5982,S,86,0,◎1着固定 2-3着流し（5〜8点）,0.5777,"{'is_target': True, 'verdict': '参加推奨', 'max_combo_prob': 0.0868, 'est_top_odds': 15.4, 'circle_concentration': 65.2, 'eligible_count': 6, 'bet_adj': 2, 'reason': 'rel_win1=61.9%（本命度） / 最有力組み合わせ確率: 0.087（推定実オッズ?15倍） / 2着集中度: 上位2艇 65.2%（補正+0.00） / 総合判定確率: 0.087 / → ヒモ分散。1号艇1着固定で広めのヒモ流し推奨（買い目+2点）', 'tenji_trigger': '展示確認: ヒモ分散レース。1号艇伸び確認後、広めのヒモ流しを採用。穴ヒモ（5・6号艇）を積極的に含める。\n展示で1号艇スタート超安定(0.139秒)→ヒモ固まり方向に注意'}",,,28.4,逃げ狙い,20.8,26.7,2,,,,,0,0,0.7559,0,,逃げ軸流し,A
2025-04-16,丸亀,11,2,清水愛海,A1,28.35,2,○,17.4658,44.4,75,71.4,0.1729,3.6905,,,0,低,73,0,差0%,,0,55.7,1.1959,0,0.2857,0,0,0,0.0909,0.1818,0,,,C,△,,0.1182,0.634,,0.5982,S,86,0,◎1着固定 2-3着流し（5〜8点）,0.5777,"{'is_target': True, 'verdict': '参加推奨', 'max_combo_prob': 0.0868, 'est_top_odds': 15.4, 'circle_concentration': 65.2, 'eligible_count': 6, 'bet_adj': 2, 'reason': 'rel_win1=61.9%（本命度） / 最有力組み合わせ確率: 0.087（推定実オッズ?15倍） / 2着集中度: 上位2艇 65.2%（補正+0.00） / 総合判定確率: 0.087 / → ヒモ分散。1号艇1着固定で広めのヒモ流し推奨（買い目+2点）', 'tenji_trigger': '展示確認: ヒモ分散レース。1号艇伸び確認後、広めのヒモ流しを採用。穴ヒモ（5・6号艇）を積極的に含める。\n展示で1号艇スタート超安定(0.139秒)→ヒモ固まり方向に注意'}",,,28.4,逃げ狙い,20.8,26.7,2,,,,,,,,,,,
2025-04-16,丸亀,11,3,繁野谷圭,A2,35.71,3,▲,8.701,20,100,53,0.1864,4.053,,,0,低,180,0,-,,0,63.8,1.5035,,,,,,0.0108,0.0432,0.2232,,,B,,,0.1282,0.6095,,0.5982,S,86,0,◎1着固定 2-3着流し（5〜8点）,0.5777,"{'is_target': True, 'verdict': '参加推奨', 'max_combo_prob': 0.0868, 'est_top_odds': 15.4, 'circle_concentration': 65.2, 'eligible_count': 6, 'bet_adj': 2, 'reason': 'rel_win1=61.9%（本命度） / 最有力組み合わせ確率: 0.087（推定実オッズ?15倍） / 2着集中度: 上位2艇 65.2%（補正+0.00） / 総合判定確率: 0.087 / → ヒモ分散。1号艇1着固定で広めのヒモ流し推奨（買い目+2点）', 'tenji_trigger': '展示確認: ヒモ分散レース。1号艇伸び確認後、広めのヒモ流しを採用。穴ヒモ（5・6号艇）を積極的に含める。\n展示で1号艇スタート超安定(0.139秒)→ヒモ固まり方向に注意'}",,,28.4,逃げ狙い,20.8,26.7,2,,,,,,,,,,,
2025-04-16,丸亀,11,4,下河誉史,A2,27.66,4,,5.2472,11.4,82,48.4,0.1979,4.3306,,,0,低,163,0,-,,0,26.7,0.9011,,,,,,0.1585,0.1683,0.0293,,,C,○,,0.135,0.6355,,0.5982,S,86,0,◎1着固定 2-3着流し（5〜8点）,0.5777,"{'is_target': True, 'verdict': '参加推奨', 'max_combo_prob': 0.0868, 'est_top_odds': 15.4, 'circle_concentration': 65.2, 'eligible_count': 6, 'bet_adj': 2, 'reason': 'rel_win1=61.9%（本命度） / 最有力組み合わせ確率: 0.087（推定実オッズ?15倍） / 2着集中度: 上位2艇 65.2%（補正+0.00） / 総合判定確率: 0.087 / → ヒモ分散。1号艇1着固定で広めのヒモ流し推奨（買い目+2点）', 'tenji_trigger': '展示確認: ヒモ分散レース。1号艇伸び確認後、広めのヒモ流しを採用。穴ヒモ（5・6号艇）を積極的に含める。\n展示で1号艇スタート超安定(0.139秒)→ヒモ固まり方向に注意'}",,,28.4,逃げ狙い,20.8,26.7,2,,,,,,,,,,,
2025-04-16,丸亀,11,5,中越博紀,A2,26.32,5,△,4.1902,20.7,71,50.8,0.1544,3.4524,,,0,低,130,0,-,,0,52.9,1.1469,0,0,0,0.0385,0,0.0296,0.3593,0.0593,,,D,△,,0.2309,0.6195,,0.5982,S,86,0,◎1着固定 2-3着流し（5〜8点）,0.5777,"{'is_target': True, 'verdict': '参加推奨', 'max_combo_prob': 0.0868, 'est_top_odds': 15.4, 'circle_concentration': 65.2, 'eligible_count': 6, 'bet_adj': 2, 'reason': 'rel_win1=61.9%（本命度） / 最有力組み合わせ確率: 0.087（推定実オッズ?15倍） / 2着集中度: 上位2艇 65.2%（補正+0.00） / 総合判定確率: 0.087 / → ヒモ分散。1号艇1着固定で広めのヒモ流し推奨（買い目+2点）', 'tenji_trigger': '展示確認: ヒモ分散レース。1号艇伸び確認後、広めのヒモ流しを採用。穴ヒモ（5・6号艇）を積極的に含める。\n展示で1号艇スタート超安定(0.139秒)→ヒモ固まり方向に注意'}",,,28.4,逃げ狙い,20.8,26.7,2,,,,,,,,,,,
2025-04-16,丸亀,11,6,森　悠稀,A2,23.62,6,,2.5081,3.4,64,39.6,0.1358,2.7292,,,0,低,62,0,ま0% 差ま0%,,0,77.1,1.5556,0,0,0.0435,0.0435,0,0.0552,0.0276,0.0552,,,E,◎,,0.3008,0.6755,,0.5982,S,86,0,◎1着固定 2-3着流し（5〜8点）,0.5777,"{'is_target': True, 'verdict': '参加推奨', 'max_combo_prob': 0.0868, 'est_top_odds': 15.4, 'circle_concentration': 65.2, 'eligible_count': 6, 'bet_adj': 2, 'reason': 'rel_win1=61.9%（本命度） / 最有力組み合わせ確率: 0.087（推定実オッズ?15倍） / 2着集中度: 上位2艇 65.2%（補正+0.00） / 総合判定確率: 0.087 / → ヒモ分散。1号艇1着固定で広めのヒモ流し推奨（買い目+2点）', 'tenji_trigger': '展示確認: ヒモ分散レース。1号艇伸び確認後、広めのヒモ流しを採用。穴ヒモ（5・6号艇）を積極的に含める。\n展示で1号艇スタート超安定(0.139秒)→ヒモ固まり方向に注意'}",,,28.4,逃げ狙い,20.8,26.7,2,,,,,,,,,,,
2025-04-16,丸亀,12,1,白井英治,A1,31.91,1,◎,54.1202,,0,94.9,0.1546,3.7308,,,0,低,29,0,逃1%,,0,84.3,1.1887,0.5882,,,,,0.0588,0.1765,0.0588,○,,C,△,,,0.659,,0.4222,S,93,0,◎1着固定 2-3着流し（5〜8点）,0.5777,"{'is_target': True, 'verdict': '参加推奨', 'max_combo_prob': 0.0698, 'est_top_odds': 19.1, 'circle_concentration': 62.2, 'eligible_count': 6, 'bet_adj': 2, 'reason': 'rel_win1=54.1%（本命度） / 最有力組み合わせ確率: 0.070（推定実オッズ?19倍） / 2着集中度: 上位2艇 62.2%（補正+0.00） / 総合判定確率: 0.070 / → ヒモ分散。1号艇1着固定で広めのヒモ流し推奨（買い目+2点）', 'tenji_trigger': '展示確認: ヒモ分散レース。1号艇伸び確認後、広めのヒモ流しを採用。穴ヒモ（5・6号艇）を積極的に含める。'}",,,31.7,逃げ狙い,29.76,28.5,4,,,,,0,0,0.6155,0,,逃げ軸流し,A
2025-04-16,丸亀,12,2,柳沢　一,A1,36.69,2,○,15.6573,39.5,72,74.4,0.1353,2.8953,,,0,低,43,0,差1%,,0,23.9,0.7166,0,0.1818,0.0909,0,0.0455,0.0432,0.1074,0.1074,,◎,B,○,,0.5323,0.698,,0.4222,S,93,0,◎1着固定 2-3着流し（5〜8点）,0.5777,"{'is_target': True, 'verdict': '参加推奨', 'max_combo_prob': 0.0698, 'est_top_odds': 19.1, 'circle_concentration': 62.2, 'eligible_count': 6, 'bet_adj': 2, 'reason': 'rel_win1=54.1%（本命度） / 最有力組み合わせ確率: 0.070（推定実オッズ?19倍） / 2着集中度: 上位2艇 62.2%（補正+0.00） / 総合判定確率: 0.070 / → ヒモ分散。1号艇1着固定で広めのヒモ流し推奨（買い目+2点）', 'tenji_trigger': '展示確認: ヒモ分散レース。1号艇伸び確認後、広めのヒモ流しを採用。穴ヒモ（5・6号艇）を積極的に含める。'}",,,31.7,逃げ狙い,29.76,28.5,4,,,,,,,,,,,
2025-04-16,丸亀,12,3,白水勝也,A1,26.87,3,,7.4543,22.8,84,70.8,0.17,3.5077,,,0,低,134,0,ま0%,,0,37.5,0.8169,0,0.0345,0.069,0.0345,0,0.1045,0.0455,0.0955,,,D,,,0.2107,0.604,,0.4222,S,93,0,◎1着固定 2-3着流し（5〜8点）,0.5777,"{'is_target': True, 'verdict': '参加推奨', 'max_combo_prob': 0.0698, 'est_top_odds': 19.1, 'circle_concentration': 62.2, 'eligible_count': 6, 'bet_adj': 2, 'reason': 'rel_win1=54.1%（本命度） / 最有力組み合わせ確率: 0.070（推定実オッズ?19倍） / 2着集中度: 上位2艇 62.2%（補正+0.00） / 総合判定確率: 0.070 / → ヒモ分散。1号艇1着固定で広めのヒモ流し推奨（買い目+2点）', 'tenji_trigger': '展示確認: ヒモ分散レース。1号艇伸び確認後、広めのヒモ流しを採用。穴ヒモ（5・6号艇）を積極的に含める。'}",,,31.7,逃げ狙い,29.76,28.5,4,,,,,,,,,,,
2025-04-16,丸亀,12,4,宮之原輝,A1,18.25,4,△,16.7003,19.4,67,77.8,0.1385,2.9444,,,0,低,35,0,差0% ま0% 差ま0%,,0,94.4,1.7723,0,0.2,0.1333,0.0667,0,0.0333,0.0333,0.1,,,E,◎,◎,0.3903,0.7135,0.5329,0.4222,S,93,0,◎1着固定 2-3着流し（5〜8点）,0.5777,"{'is_target': True, 'verdict': '参加推奨', 'max_combo_prob': 0.0698, 'est_top_odds': 19.1, 'circle_concentration': 62.2, 'eligible_count': 6, 'bet_adj': 2, 'reason': 'rel_win1=54.1%（本命度） / 最有力組み合わせ確率: 0.070（推定実オッズ?19倍） / 2着集中度: 上位2艇 62.2%（補正+0.00） / 総合判定確率: 0.070 / → ヒモ分散。1号艇1着固定で広めのヒモ流し推奨（買い目+2点）', 'tenji_trigger': '展示確認: ヒモ分散レース。1号艇伸び確認後、広めのヒモ流しを採用。穴ヒモ（5・6号艇）を積極的に含める。'}",,,31.7,逃げ狙い,29.76,28.5,4,,,,,,,,,,,
2025-04-16,丸亀,12,5,小山　勉,A1,32.82,5,▲,5.2219,11.8,100,59.7,0.1523,3.2456,,,0,低,113,0,-,,0,59.8,1.2171,0,0,0,0.1,0,0.1302,0.0138,0.0888,,,B,△,○,0.3004,0.654,0.3443,0.4222,S,93,0,◎1着固定 2-3着流し（5〜8点）,0.5777,"{'is_target': True, 'verdict': '参加推奨', 'max_combo_prob': 0.0698, 'est_top_odds': 19.1, 'circle_concentration': 62.2, 'eligible_count': 6, 'bet_adj': 2, 'reason': 'rel_win1=54.1%（本命度） / 最有力組み合わせ確率: 0.070（推定実オッズ?19倍） / 2着集中度: 上位2艇 62.2%（補正+0.00） / 総合判定確率: 0.070 / → ヒモ分散。1号艇1着固定で広めのヒモ流し推奨（買い目+2点）', 'tenji_trigger': '展示確認: ヒモ分散レース。1号艇伸び確認後、広めのヒモ流しを採用。穴ヒモ（5・6号艇）を積極的に含める。'}",,,31.7,逃げ狙い,29.76,28.5,4,,,,,,,,,,,
2025-04-16,丸亀,12,6,渡邉優美,A1,32.12,6,,0.846,6.6,55,59.3,0.1811,4.1296,,,0,低,44,0,-,,0,27.1,0.9183,,,,,,0.2078,0.1584,0.0182,,,C,,,0.2276,0.6535,,0.4222,S,93,0,◎1着固定 2-3着流し（5〜8点）,0.5777,"{'is_target': True, 'verdict': '参加推奨', 'max_combo_prob': 0.0698, 'est_top_odds': 19.1, 'circle_concentration': 62.2, 'eligible_count': 6, 'bet_adj': 2, 'reason': 'rel_win1=54.1%（本命度） / 最有力組み合わせ確率: 0.070（推定実オッズ?19倍） / 2着集中度: 上位2艇 62.2%（補正+0.00） / 総合判定確率: 0.070 / → ヒモ分散。1号艇1着固定で広めのヒモ流し推奨（買い目+2点）', 'tenji_trigger': '展示確認: ヒモ分散レース。1号艇伸び確認後、広めのヒモ流しを採用。穴ヒモ（5・6号艇）を積極的に含める。'}",,,31.7,逃げ狙い,29.76,28.5,4,,,,,,,,,,,
2025-04-17,丸亀,1,1,嶋　義信,B1,30.99,1,◎,62.6294,,0,85.7,0.1239,2.5,,,0,低,90,0,逃1%,6,0,85.6,1.0735,0.5312,,,,,0.125,0.15,0.1875,◎,,D,◎,,,0.632,,0.6549,S,100,0,◎1着固定 2-3着流し（5〜8点）,0.5777,"{'is_target': True, 'verdict': '参加推奨', 'max_combo_prob': 0.0923, 'est_top_odds': 14.4, 'circle_concentration': 65.7, 'eligible_count': 6, 'bet_adj': 2, 'reason': 'rel_win1=62.6%（本命度） / 最有力組み合わせ確率: 0.092（推定実オッズ?14倍） / 2着集中度: 上位2艇 65.7%（補正+0.00） / 総合判定確率: 0.092 / → ヒモ分散。1号艇1着固定で広めのヒモ流し推奨（買い目+2点）', 'tenji_trigger': '展示確認: ヒモ分散レース。1号艇伸び確認後、広めのヒモ流しを採用。穴ヒモ（5・6号艇）を積極的に含める。\n展示で1号艇スタート超安定(0.124秒)→ヒモ固まり方向に注意'}",,,28.9,逃げ狙い,17.92,30.8,4,,,,,0,0,0.7559,0,,逃げ軸流し,A
2025-04-17,丸亀,1,2,貞兼淳二,B1,50.41,2,○,10.0307,37.3,82,44,0.1464,2.96,,,0,低,52,0,-,64,0,24.8,0.7467,,,,,,0,1,0,,,A,,,0.1212,0.5795,,0.6549,S,100,0,◎1着固定 2-3着流し（5〜8点）,0.5777,"{'is_target': True, 'verdict': '参加推奨', 'max_combo_prob': 0.0923, 'est_top_odds': 14.4, 'circle_concentration': 65.7, 'eligible_count': 6, 'bet_adj': 2, 'reason': 'rel_win1=62.6%（本命度） / 最有力組み合わせ確率: 0.092（推定実オッズ?14倍） / 2着集中度: 上位2艇 65.7%（補正+0.00） / 総合判定確率: 0.092 / → ヒモ分散。1号艇1着固定で広めのヒモ流し推奨（買い目+2点）', 'tenji_trigger': '展示確認: ヒモ分散レース。1号艇伸び確認後、広めのヒモ流しを採用。穴ヒモ（5・6号艇）を積極的に含める。\n展示で1号艇スタート超安定(0.124秒)→ヒモ固まり方向に注意'}",,,28.9,逃げ狙い,17.92,30.8,4,,,,,,,,,,,
2025-04-17,丸亀,1,3,半田尚也,B1,40.30,3,△,5.5683,28.4,100,49,0.1978,3.7347,,,0,低,141,0,-,1,0,54.7,1.3431,,,,,,0.18,0.54,0.16,,,C,,,0.156,0.5765,,0.6549,S,100,0,◎1着固定 2-3着流し（5〜8点）,0.5777,"{'is_target': True, 'verdict': '参加推奨', 'max_combo_prob': 0.0923, 'est_top_odds': 14.4, 'circle_concentration': 65.7, 'eligible_count': 6, 'bet_adj': 2, 'reason': 'rel_win1=62.6%（本命度） / 最有力組み合わせ確率: 0.092（推定実オッズ?14倍） / 2着集中度: 上位2艇 65.7%（補正+0.00） / 総合判定確率: 0.092 / → ヒモ分散。1号艇1着固定で広めのヒモ流し推奨（買い目+2点）', 'tenji_trigger': '展示確認: ヒモ分散レース。1号艇伸び確認後、広めのヒモ流しを採用。穴ヒモ（5・6号艇）を積極的に含める。\n展示で1号艇スタート超安定(0.124秒)→ヒモ固まり方向に注意'}",,,28.9,逃げ狙い,17.92,30.8,4,,,,,,,,,,,
2025-04-17,丸亀,1,4,谷本幸司,B1,25.56,4,,11.5482,15.2,62,40.5,0.1574,3.1786,,,0,低,87,0,抜0%,34,0,69,1.0623,0,0,0,0,0.04,0.1048,0.0381,0.0381,,,E,△,,0.2022,0.591,,0.6549,S,100,0,◎1着固定 2-3着流し（5〜8点）,0.5777,"{'is_target': True, 'verdict': '参加推奨', 'max_combo_prob': 0.0923, 'est_top_odds': 14.4, 'circle_concentration': 65.7, 'eligible_count': 6, 'bet_adj': 2, 'reason': 'rel_win1=62.6%（本命度） / 最有力組み合わせ確率: 0.092（推定実オッズ?14倍） / 2着集中度: 上位2艇 65.7%（補正+0.00） / 総合判定確率: 0.092 / → ヒモ分散。1号艇1着固定で広めのヒモ流し推奨（買い目+2点）', 'tenji_trigger': '展示確認: ヒモ分散レース。1号艇伸び確認後、広めのヒモ流しを採用。穴ヒモ（5・6号艇）を積極的に含める。\n展示で1号艇スタート超安定(0.124秒)→ヒモ固まり方向に注意'}",,,28.9,逃げ狙い,17.92,30.8,4,,,,,,,,,,,
2025-04-17,丸亀,1,5,中村栄治,B1,41.91,5,▲,7.4838,14.4,59,44.9,0.1978,3.8878,,,0,低,142,0,差0% 抜0%,6,0,73.1,1.385,0,0.0345,0,0,0.0345,0.12,0.04,0.04,,,B,△,,0.1251,0.588,,0.6549,S,100,0,◎1着固定 2-3着流し（5〜8点）,0.5777,"{'is_target': True, 'verdict': '参加推奨', 'max_combo_prob': 0.0923, 'est_top_odds': 14.4, 'circle_concentration': 65.7, 'eligible_count': 6, 'bet_adj': 2, 'reason': 'rel_win1=62.6%（本命度） / 最有力組み合わせ確率: 0.092（推定実オッズ?14倍） / 2着集中度: 上位2艇 65.7%（補正+0.00） / 総合判定確率: 0.092 / → ヒモ分散。1号艇1着固定で広めのヒモ流し推奨（買い目+2点）', 'tenji_trigger': '展示確認: ヒモ分散レース。1号艇伸び確認後、広めのヒモ流しを採用。穴ヒモ（5・6号艇）を積極的に含める。\n展示で1号艇スタート超安定(0.124秒)→ヒモ固まり方向に注意'}",,,28.9,逃げ狙い,17.92,30.8,4,,,,,,,,,,,
2025-04-17,丸亀,1,6,西丸敦基,B1,34.53,6,,2.7396,4.7,32,23.5,0.1719,3.537,,,0,低,113,0,-,2,0,53.9,1.3286,,,,,,0.0333,0.0667,0.3,,,D,○,,0.1838,0.6165,,0.6549,S,100,0,◎1着固定 2-3着流し（5〜8点）,0.5777,"{'is_target': True, 'verdict': '参加推奨', 'max_combo_prob': 0.0923, 'est_top_odds': 14.4, 'circle_concentration': 65.7, 'eligible_count': 6, 'bet_adj': 2, 'reason': 'rel_win1=62.6%（本命度） / 最有力組み合わせ確率: 0.092（推定実オッズ?14倍） / 2着集中度: 上位2艇 65.7%（補正+0.00） / 総合判定確率: 0.092 / → ヒモ分散。1号艇1着固定で広めのヒモ流し推奨（買い目+2点）', 'tenji_trigger': '展示確認: ヒモ分散レース。1号艇伸び確認後、広めのヒモ流しを採用。穴ヒモ（5・6号艇）を積極的に含める。\n展示で1号艇スタート超安定(0.124秒)→ヒモ固まり方向に注意'}",,,28.9,逃げ狙い,17.92,30.8,4,,,,,,,,,,,
2025-04-17,丸亀,2,1,重富伸也,B1,43.88,1,◎,55.8531,,0,80.6,0.1772,3.7361,,,0,低,124,0,逃0%,66,0,82.9,1.0478,0.4615,,,,,0.0615,0,0.3231,○,,A,,,,0.6085,,0.3814,A,78,0,◎-○軸 3着3〜4艇流し（10〜15点）,0.5777,"{'is_target': True, 'verdict': '点数絞り', 'max_combo_prob': 0.0992, 'est_top_odds': 13.4, 'circle_concentration': 70.1, 'eligible_count': 8, 'bet_adj': 0, 'reason': 'rel_win1=55.9%（本命度） / 最有力組み合わせ確率: 0.099（推定実オッズ?13倍） / 2着集中度: 上位2艇 70.1%（補正+0.04） / 総合判定確率: 0.139 / → ヒモはやや固め。上位2艇以外を切ること', 'tenji_trigger': '展示確認: 1号艇伸び良→そのまま採用。悪→飛び組に差し替え。circle_pct上位2艇に絞り込むこと。'}",,,28.7,逃げ狙い,19.99,28.5,2,,,,,0,0,0.6155,0,,逃げ軸流し,A
2025-04-17,丸亀,2,2,喜多須杏,B1,30.00,2,▲,16.2692,47.1,59,53.3,0.1737,3.6333,,,0,低,60,0,-,5,0,37.4,0.9302,,,,,,0,0.1429,0.1429,,◎,D,○,,0.3625,0.62,,0.3814,A,78,0,◎-○軸 3着3〜4艇流し（10〜15点）,0.5777,"{'is_target': True, 'verdict': '点数絞り', 'max_combo_prob': 0.0992, 'est_top_odds': 13.4, 'circle_concentration': 70.1, 'eligible_count': 8, 'bet_adj': 0, 'reason': 'rel_win1=55.9%（本命度） / 最有力組み合わせ確率: 0.099（推定実オッズ?13倍） / 2着集中度: 上位2艇 70.1%（補正+0.04） / 総合判定確率: 0.139 / → ヒモはやや固め。上位2艇以外を切ること', 'tenji_trigger': '展示確認: 1号艇伸び良→そのまま採用。悪→飛び組に差し替え。circle_pct上位2艇に絞り込むこと。'}",,,28.7,逃げ狙い,19.99,28.5,2,,,,,,,,,,,
2025-04-17,丸亀,2,3,関　裕也,B1,29.29,3,,9.2388,23.1,67,43.1,0.18,3.7941,,,0,低,86,0,-,4,0,24.7,0.8598,,,,,,0.0923,0,0.2615,,,D,,,0.296,0.6015,,0.3814,A,78,0,◎-○軸 3着3〜4艇流し（10〜15点）,0.5777,"{'is_target': True, 'verdict': '点数絞り', 'max_combo_prob': 0.0992, 'est_top_odds': 13.4, 'circle_concentration': 70.1, 'eligible_count': 8, 'bet_adj': 0, 'reason': 'rel_win1=55.9%（本命度） / 最有力組み合わせ確率: 0.099（推定実オッズ?13倍） / 2着集中度: 上位2艇 70.1%（補正+0.04） / 総合判定確率: 0.139 / → ヒモはやや固め。上位2艇以外を切ること', 'tenji_trigger': '展示確認: 1号艇伸び良→そのまま採用。悪→飛び組に差し替え。circle_pct上位2艇に絞り込むこと。'}",,,28.7,逃げ狙い,19.99,28.5,2,,,,,,,,,,,
2025-04-17,丸亀,2,4,汐崎正則,B1,28.15,4,,7.8599,9.8,100,42.2,0.1776,3.7667,,,0,低,79,0,-,6,0,42.3,0.9166,,,,,,0.05,0.17,0.075,,,E,△,,0.3084,0.618,,0.3814,A,78,0,◎-○軸 3着3〜4艇流し（10〜15点）,0.5777,"{'is_target': True, 'verdict': '点数絞り', 'max_combo_prob': 0.0992, 'est_top_odds': 13.4, 'circle_concentration': 70.1, 'eligible_count': 8, 'bet_adj': 0, 'reason': 'rel_win1=55.9%（本命度） / 最有力組み合わせ確率: 0.099（推定実オッズ?13倍） / 2着集中度: 上位2艇 70.1%（補正+0.04） / 総合判定確率: 0.139 / → ヒモはやや固め。上位2艇以外を切ること', 'tenji_trigger': '展示確認: 1号艇伸び良→そのまま採用。悪→飛び組に差し替え。circle_pct上位2艇に絞り込むこと。'}",,,28.7,逃げ狙い,19.99,28.5,2,,,,,,,,,,,
2025-04-17,丸亀,2,5,繁野谷圭,A2,35.71,5,○,7.1232,7.9,57,37,0.1672,3.6759,,,0,低,180,0,差ま0%,54,0,66.4,1.1548,0,0,0,0.0714,0,0.0108,0.0432,0.2232,,,B,△,,0.3197,0.6095,,0.3814,A,78,0,◎-○軸 3着3〜4艇流し（10〜15点）,0.5777,"{'is_target': True, 'verdict': '点数絞り', 'max_combo_prob': 0.0992, 'est_top_odds': 13.4, 'circle_concentration': 70.1, 'eligible_count': 8, 'bet_adj': 0, 'reason': 'rel_win1=55.9%（本命度） / 最有力組み合わせ確率: 0.099（推定実オッズ?13倍） / 2着集中度: 上位2艇 70.1%（補正+0.04） / 総合判定確率: 0.139 / → ヒモはやや固め。上位2艇以外を切ること', 'tenji_trigger': '展示確認: 1号艇伸び良→そのまま採用。悪→飛び組に差し替え。circle_pct上位2艇に絞り込むこと。'}",,,28.7,逃げ狙い,19.99,28.5,2,,,,,,,,,,,
2025-04-17,丸亀,2,6,小山　勉,A1,32.82,6,△,3.6558,12.2,41,30.4,0.195,4.8125,,,0,低,113,0,-,16,0,35.9,0.8528,,,,,,0.1302,0.0138,0.0888,,,C,◎,,0.2561,0.654,,0.3814,A,78,0,◎-○軸 3着3〜4艇流し（10〜15点）,0.5777,"{'is_target': True, 'verdict': '点数絞り', 'max_combo_prob': 0.0992, 'est_top_odds': 13.4, 'circle_concentration': 70.1, 'eligible_count': 8, 'bet_adj': 0, 'reason': 'rel_win1=55.9%（本命度） / 最有力組み合わせ確率: 0.099（推定実オッズ?13倍） / 2着集中度: 上位2艇 70.1%（補正+0.04） / 総合判定確率: 0.139 / → ヒモはやや固め。上位2艇以外を切ること', 'tenji_trigger': '展示確認: 1号艇伸び良→そのまま採用。悪→飛び組に差し替え。circle_pct上位2艇に絞り込むこと。'}",,,28.7,逃げ狙い,19.99,28.5,2,,,,,,,,,,,
2025-04-17,丸亀,3,1,吉武真也,B1,35.62,1,◎,48.435,,0,75.9,0.1493,2.9828,,,0,低,106,0,逃0%,5,0,70.1,0.9706,0.4118,,,,,0.2676,0.0235,0.2441,◎,,B,,,,0.595,,0.45,B,57,0,◎○△フォーメーション（15〜20点）,0.5777,"{'is_target': True, 'verdict': '参加推奨', 'max_combo_prob': 0.0538, 'est_top_odds': 24.8, 'circle_concentration': 74.1, 'eligible_count': 9, 'bet_adj': 2, 'reason': 'rel_win1=48.4%（本命度） / 最有力組み合わせ確率: 0.054（推定実オッズ?25倍） / 2着集中度: 上位2艇 74.1%（補正+0.04） / 総合判定確率: 0.094 / → ヒモ分散。1号艇1着固定で広めのヒモ流し推奨（買い目+2点）', 'tenji_trigger': '展示確認: ヒモ分散レース。1号艇伸び確認後、広めのヒモ流しを採用。穴ヒモ（5・6号艇）を積極的に含める。'}",,,28.9,両建て推奨,14.08,33.9,2,,,,,0,0,0.7559,0,,逃げ軸流し,A
2025-04-17,丸亀,3,2,中嶋誠一,B1,34.27,2,▲,16.5849,39.3,83,56.4,0.1802,3.8182,,,0,低,130,0,差0% ま0%,23,0,29.4,0.9771,0,0.16,0.04,0,0,0.4673,0.1519,0.0904,,,C,○,,0.1242,0.6265,,0.45,B,57,0,◎○△フォーメーション（15〜20点）,0.5777,"{'is_target': True, 'verdict': '参加推奨', 'max_combo_prob': 0.0538, 'est_top_odds': 24.8, 'circle_concentration': 74.1, 'eligible_count': 9, 'bet_adj': 2, 'reason': 'rel_win1=48.4%（本命度） / 最有力組み合わせ確率: 0.054（推定実オッズ?25倍） / 2着集中度: 上位2艇 74.1%（補正+0.04） / 総合判定確率: 0.094 / → ヒモ分散。1号艇1着固定で広めのヒモ流し推奨（買い目+2点）', 'tenji_trigger': '展示確認: ヒモ分散レース。1号艇伸び確認後、広めのヒモ流しを採用。穴ヒモ（5・6号艇）を積極的に含める。'}",,,28.9,両建て推奨,14.08,33.9,2,,,,,,,,,,,
2025-04-17,丸亀,3,3,中越博紀,A2,26.32,3,,13.1888,34.8,71,58.6,0.1659,3.7414,,,0,低,130,0,抜0%,22,0,39.3,1.091,0,0,0,0.0952,0.0952,0.0296,0.3593,0.0593,,,E,△,,0.2317,0.6195,,0.45,B,57,0,◎○△フォーメーション（15〜20点）,0.5777,"{'is_target': True, 'verdict': '参加推奨', 'max_combo_prob': 0.0538, 'est_top_odds': 24.8, 'circle_concentration': 74.1, 'eligible_count': 9, 'bet_adj': 2, 'reason': 'rel_win1=48.4%（本命度） / 最有力組み合わせ確率: 0.054（推定実オッズ?25倍） / 2着集中度: 上位2艇 74.1%（補正+0.04） / 総合判定確率: 0.094 / → ヒモ分散。1号艇1着固定で広めのヒモ流し推奨（買い目+2点）', 'tenji_trigger': '展示確認: ヒモ分散レース。1号艇伸び確認後、広めのヒモ流しを採用。穴ヒモ（5・6号艇）を積極的に含める。'}",,,28.9,両建て推奨,14.08,33.9,2,,,,,,,,,,,
2025-04-17,丸亀,3,4,渡邊裕貴,B1,30.60,4,△,10.7533,14.2,100,42.3,0.1548,3.2115,,,0,低,99,0,-,1,0,86.1,1.4723,0,0.0455,0.0909,0,0,0,0.2311,0.1644,,,D,△,◎,0.2807,0.6215,0.3009,0.45,B,57,0,◎○△フォーメーション（15〜20点）,0.5777,"{'is_target': True, 'verdict': '参加推奨', 'max_combo_prob': 0.0538, 'est_top_odds': 24.8, 'circle_concentration': 74.1, 'eligible_count': 9, 'bet_adj': 2, 'reason': 'rel_win1=48.4%（本命度） / 最有力組み合わせ確率: 0.054（推定実オッズ?25倍） / 2着集中度: 上位2艇 74.1%（補正+0.04） / 総合判定確率: 0.094 / → ヒモ分散。1号艇1着固定で広めのヒモ流し推奨（買い目+2点）', 'tenji_trigger': '展示確認: ヒモ分散レース。1号艇伸び確認後、広めのヒモ流しを採用。穴ヒモ（5・6号艇）を積極的に含める。'}",,,28.9,両建て推奨,14.08,33.9,2,,,,,,,,,,,
2025-04-17,丸亀,3,5,正木聖賢,B1,31.43,5,,8.7893,9.6,89,,,,,,0,低,64,1,-,51,0,,,,,,,,,,,,,D,,○,0.3151,0.585,0.15,0.45,B,57,0,◎○△フォーメーション（15〜20点）,0.5777,"{'is_target': True, 'verdict': '参加推奨', 'max_combo_prob': 0.0538, 'est_top_odds': 24.8, 'circle_concentration': 74.1, 'eligible_count': 9, 'bet_adj': 2, 'reason': 'rel_win1=48.4%（本命度） / 最有力組み合わせ確率: 0.054（推定実オッズ?25倍） / 2着集中度: 上位2艇 74.1%（補正+0.04） / 総合判定確率: 0.094 / → ヒモ分散。1号艇1着固定で広めのヒモ流し推奨（買い目+2点）', 'tenji_trigger': '展示確認: ヒモ分散レース。1号艇伸び確認後、広めのヒモ流しを採用。穴ヒモ（5・6号艇）を積極的に含める。'}",,,28.9,両建て推奨,14.08,33.9,2,,,,,,,,,,,
2025-04-17,丸亀,3,6,黒柳浩孝,A1,38.81,6,○,2.2487,2.1,94,32.7,0.1722,3.6,,,0,低,124,0,-,33,0,59.6,1.2633,,,,,,0.0421,0.2342,0.1171,,,B,◎,,0.2407,0.637,,0.45,B,57,0,◎○△フォーメーション（15〜20点）,0.5777,"{'is_target': True, 'verdict': '参加推奨', 'max_combo_prob': 0.0538, 'est_top_odds': 24.8, 'circle_concentration': 74.1, 'eligible_count': 9, 'bet_adj': 2, 'reason': 'rel_win1=48.4%（本命度） / 最有力組み合わせ確率: 0.054（推定実オッズ?25倍） / 2着集中度: 上位2艇 74.1%（補正+0.04） / 総合判定確率: 0.094 / → ヒモ分散。1号艇1着固定で広めのヒモ流し推奨（買い目+2点）', 'tenji_trigger': '展示確認: ヒモ分散レース。1号艇伸び確認後、広めのヒモ流しを採用。穴ヒモ（5・6号艇）を積極的に含める。'}",,,28.9,両建て推奨,14.08,33.9,2,,,,,,,,,,,
2025-04-17,丸亀,4,1,松下哲也,B1,38.57,1,◎,44.1558,,0,70.8,0.1571,3.125,,,0,低,136,0,逃0%,5,0,59.2,0.9015,0.1905,,,,,0.0762,0.0952,0.2762,○,,C,△,,,0.5965,,0.4118,C,44,0,荒れ傾向。高配当狙いか見送り,0.5777,"{'is_target': False, 'verdict': '対象外', 'max_combo_prob': None, 'est_top_odds': None, 'circle_concentration': None, 'eligible_count': 0, 'bet_adj': 0, 'reason': '1号艇rel_win1 < 45%: 通常判定に委ねる', 'tenji_trigger': ''}",,,30.2,両建て推奨,21.4,31.4,3,,,,,0,0,0.6155,0,,逃げ軸流し,A
2025-04-17,丸亀,4,2,佐竹太一,B1,49.24,2,○,15.0938,41.7,100,59.4,0.207,4.5781,,,0,低,176,0,差0%,15,0,45.7,1.1795,0,0.0588,0,0,0,0.2727,0.0364,0.1727,,,A,,,0.0735,0.589,,0.4118,C,44,0,荒れ傾向。高配当狙いか見送り,0.5777,"{'is_target': False, 'verdict': '対象外', 'max_combo_prob': None, 'est_top_odds': None, 'circle_concentration': None, 'eligible_count': 0, 'bet_adj': 0, 'reason': '1号艇rel_win1 < 45%: 通常判定に委ねる', 'tenji_trigger': ''}",,,30.2,両建て推奨,21.4,31.4,3,,,,,,,,,,,
2025-04-17,丸亀,4,3,松村康太,A2,41.67,3,▲,13.5172,23.9,77,60.8,0.1706,3.7745,,,0,低,166,0,-,2,0,25,0.8308,0,0,0,0,0.0909,0.22,0.1756,0.2689,,,B,○,,0.2582,0.6195,,0.4118,C,44,0,荒れ傾向。高配当狙いか見送り,0.5777,"{'is_target': False, 'verdict': '対象外', 'max_combo_prob': None, 'est_top_odds': None, 'circle_concentration': None, 'eligible_count': 0, 'bet_adj': 0, 'reason': '1号艇rel_win1 < 45%: 通常判定に委ねる', 'tenji_trigger': ''}",,,30.2,両建て推奨,21.4,31.4,3,,,,,,,,,,,
2025-04-17,丸亀,4,4,三宅　潤,A2,23.28,4,,15.3356,23.1,77,60,0.1633,3.4071,,,0,低,174,0,差ま0%,2,0,33.9,0.8338,0,0.0625,0.0938,0.0312,0.0312,0.0222,0.0444,0.2111,,,E,◎,◎,0.2891,0.6355,0.346,0.4118,C,44,0,荒れ傾向。高配当狙いか見送り,0.5777,"{'is_target': False, 'verdict': '対象外', 'max_combo_prob': None, 'est_top_odds': None, 'circle_concentration': None, 'eligible_count': 0, 'bet_adj': 0, 'reason': '1号艇rel_win1 < 45%: 通常判定に委ねる', 'tenji_trigger': ''}",,,30.2,両建て推奨,21.4,31.4,3,,,,,,,,,,,
2025-04-17,丸亀,4,5,石丸小槙,B2,41.43,5,△,9.9339,8.3,41,20,0.183,3.75,,,0,低,15,1,抜1%,65,0,89.9,1.6064,0,0,0,0,0.5,,,,,,C,,,0.2432,0.4805,,0.4118,C,44,0,荒れ傾向。高配当狙いか見送り,0.5777,"{'is_target': False, 'verdict': '対象外', 'max_combo_prob': None, 'est_top_odds': None, 'circle_concentration': None, 'eligible_count': 0, 'bet_adj': 0, 'reason': '1号艇rel_win1 < 45%: 通常判定に委ねる', 'tenji_trigger': ''}",,,30.2,両建て推奨,21.4,31.4,3,,,,,,,,,,,
2025-04-17,丸亀,4,6,仁科さや,B2,32.33,6,,1.9636,3.1,29,0,0.1611,4.6111,,,0,低,24,1,-,4,0,27.5,0.7622,,,,,,0.1667,0.3333,0,,,D,△,,0.3115,0.6165,,0.4118,C,44,0,荒れ傾向。高配当狙いか見送り,0.5777,"{'is_target': False, 'verdict': '対象外', 'max_combo_prob': None, 'est_top_odds': None, 'circle_concentration': None, 'eligible_count': 0, 'bet_adj': 0, 'reason': '1号艇rel_win1 < 45%: 通常判定に委ねる', 'tenji_trigger': ''}",,,30.2,両建て推奨,21.4,31.4,3,,,,,,,,,,,
2025-04-17,丸亀,5,1,原　豊土,B1,34.06,1,◎,61.2127,,0,89.8,0.1681,3.4915,,,0,低,122,0,逃1%,46,0,88.2,1.1635,0.6316,,,,,0.1711,0,0.0632,○,,C,△,,,0.6015,,0.4406,S,94,0,◎1着固定 2-3着流し（5〜8点）,0.5777,"{'is_target': True, 'verdict': '点数絞り', 'max_combo_prob': 0.0903, 'est_top_odds': 14.8, 'circle_concentration': 74.7, 'eligible_count': 6, 'bet_adj': 0, 'reason': 'rel_win1=61.2%（本命度） / 最有力組み合わせ確率: 0.090（推定実オッズ?15倍） / 2着集中度: 上位2艇 74.7%（補正+0.04） / 総合判定確率: 0.130 / → ヒモはやや固め。上位2艇以外を切ること', 'tenji_trigger': '展示確認: 1号艇伸び良→そのまま採用。悪→飛び組に差し替え。circle_pct上位2艇に絞り込むこと。'}",,,27.7,逃げ狙い,16.43,28.6,3,,,,,0,0,0.6155,0,,逃げ軸流し,A
2025-04-17,丸亀,5,2,白水勝也,A1,26.87,2,△,11.9371,47.5,92,73.3,0.1552,3.55,,,0,低,134,0,-,35,0,52.4,1.0231,0,0.0385,0.1154,0,0,0.1045,0.0455,0.0955,,◎,D,△,,0.4464,0.604,,0.4406,S,94,0,◎1着固定 2-3着流し（5〜8点）,0.5777,"{'is_target': True, 'verdict': '点数絞り', 'max_combo_prob': 0.0903, 'est_top_odds': 14.8, 'circle_concentration': 74.7, 'eligible_count': 6, 'bet_adj': 0, 'reason': 'rel_win1=61.2%（本命度） / 最有力組み合わせ確率: 0.090（推定実オッズ?15倍） / 2着集中度: 上位2艇 74.7%（補正+0.04） / 総合判定確率: 0.130 / → ヒモはやや固め。上位2艇以外を切ること', 'tenji_trigger': '展示確認: 1号艇伸び良→そのまま採用。悪→飛び組に差し替え。circle_pct上位2艇に絞り込むこと。'}",,,27.7,逃げ狙い,16.43,28.6,3,,,,,,,,,,,
2025-04-17,丸亀,5,3,貞兼淳二,B1,50.41,3,○,9.2471,27.2,92,52,0.1464,2.92,,,0,低,52,0,-,64,0,44.5,0.9792,,,,,,0,1,0,,○,A,,,0.4202,0.5795,,0.4406,S,94,0,◎1着固定 2-3着流し（5〜8点）,0.5777,"{'is_target': True, 'verdict': '点数絞り', 'max_combo_prob': 0.0903, 'est_top_odds': 14.8, 'circle_concentration': 74.7, 'eligible_count': 6, 'bet_adj': 0, 'reason': 'rel_win1=61.2%（本命度） / 最有力組み合わせ確率: 0.090（推定実オッズ?15倍） / 2着集中度: 上位2艇 74.7%（補正+0.04） / 総合判定確率: 0.130 / → ヒモはやや固め。上位2艇以外を切ること', 'tenji_trigger': '展示確認: 1号艇伸び良→そのまま採用。悪→飛び組に差し替え。circle_pct上位2艇に絞り込むこと。'}",,,27.7,逃げ狙い,16.43,28.6,3,,,,,,,,,,,
2025-04-17,丸亀,5,4,山崎善庸,B1,29.55,4,,7.5467,10.6,80,25.4,0.2176,4.7857,,,0,低,243,0,-,15,0,42.4,0.7074,,,,,,0.0727,0.3491,0.3309,,,D,,,0.135,0.5725,,0.4406,S,94,0,◎1着固定 2-3着流し（5〜8点）,0.5777,"{'is_target': True, 'verdict': '点数絞り', 'max_combo_prob': 0.0903, 'est_top_odds': 14.8, 'circle_concentration': 74.7, 'eligible_count': 6, 'bet_adj': 0, 'reason': 'rel_win1=61.2%（本命度） / 最有力組み合わせ確率: 0.090（推定実オッズ?15倍） / 2着集中度: 上位2艇 74.7%（補正+0.04） / 総合判定確率: 0.130 / → ヒモはやや固め。上位2艇以外を切ること', 'tenji_trigger': '展示確認: 1号艇伸び良→そのまま採用。悪→飛び組に差し替え。circle_pct上位2艇に絞り込むこと。'}",,,27.7,逃げ狙い,16.43,28.6,3,,,,,,,,,,,
2025-04-17,丸亀,5,5,森　悠稀,A2,23.62,5,,5.6878,7,100,48.1,0.1319,2.8333,,,0,低,62,0,-,33,0,26.3,0.5633,0,0,0,0.0909,0,0.0552,0.0276,0.0552,,△,E,◎,,0.4079,0.6755,,0.4406,S,94,0,◎1着固定 2-3着流し（5〜8点）,0.5777,"{'is_target': True, 'verdict': '点数絞り', 'max_combo_prob': 0.0903, 'est_top_odds': 14.8, 'circle_concentration': 74.7, 'eligible_count': 6, 'bet_adj': 0, 'reason': 'rel_win1=61.2%（本命度） / 最有力組み合わせ確率: 0.090（推定実オッズ?15倍） / 2着集中度: 上位2艇 74.7%（補正+0.04） / 総合判定確率: 0.130 / → ヒモはやや固め。上位2艇以外を切ること', 'tenji_trigger': '展示確認: 1号艇伸び良→そのまま採用。悪→飛び組に差し替え。circle_pct上位2艇に絞り込むこと。'}",,,27.7,逃げ狙い,16.43,28.6,3,,,,,,,,,,,
2025-04-17,丸亀,5,6,岩崎芳美,A2,42.34,6,▲,4.3686,7.7,50,60,0.1587,3.6333,,,0,低,23,0,-,1,0,22.7,0.8706,,,,,,0.0833,0.25,0.25,,,B,○,,0.3421,0.6485,,0.4406,S,94,0,◎1着固定 2-3着流し（5〜8点）,0.5777,"{'is_target': True, 'verdict': '点数絞り', 'max_combo_prob': 0.0903, 'est_top_odds': 14.8, 'circle_concentration': 74.7, 'eligible_count': 6, 'bet_adj': 0, 'reason': 'rel_win1=61.2%（本命度） / 最有力組み合わせ確率: 0.090（推定実オッズ?15倍） / 2着集中度: 上位2艇 74.7%（補正+0.04） / 総合判定確率: 0.130 / → ヒモはやや固め。上位2艇以外を切ること', 'tenji_trigger': '展示確認: 1号艇伸び良→そのまま採用。悪→飛び組に差し替え。circle_pct上位2艇に絞り込むこと。'}",,,27.7,逃げ狙い,16.43,28.6,3,,,,,,,,,,,
2025-04-17,丸亀,6,1,山田理央,A2,30.15,1,◎,50.0445,,0,88.6,0.134,2.4857,,,0,低,62,0,逃0%,33,0,89.7,1.1729,0.6667,,,,,0.0444,0.1444,0.0222,◎,,D,,,,0.6,,0.5354,S,82,0,◎1着固定 2-3着流し（5〜8点）,0.5777,"{'is_target': True, 'verdict': '参加推奨', 'max_combo_prob': 0.0557, 'est_top_odds': 23.9, 'circle_concentration': 76.9, 'eligible_count': 6, 'bet_adj': 2, 'reason': 'rel_win1=50.0%（本命度） / 最有力組み合わせ確率: 0.056（推定実オッズ?24倍） / 2着集中度: 上位2艇 76.9%（補正+0.04） / 総合判定確率: 0.096 / → ヒモ分散。1号艇1着固定で広めのヒモ流し推奨（買い目+2点）', 'tenji_trigger': '展示確認: ヒモ分散レース。1号艇伸び確認後、広めのヒモ流しを採用。穴ヒモ（5・6号艇）を積極的に含める。\n展示で1号艇スタート超安定(0.134秒)→ヒモ固まり方向に注意'}",,,28,逃げ狙い,20.32,26.2,3,,,,,0,0,0.7559,0,,逃げ軸流し,A
2025-04-17,丸亀,6,2,小林孝彰,B1,25.00,2,,14.9146,38.2,100,65,0.1455,2.925,,,0,低,77,0,差0%,42,0,83,1.0772,0,0.1176,0,0,0,0.1921,0.4053,0,,,E,○,,0.2116,0.676,,0.5354,S,82,0,◎1着固定 2-3着流し（5〜8点）,0.5777,"{'is_target': True, 'verdict': '参加推奨', 'max_combo_prob': 0.0557, 'est_top_odds': 23.9, 'circle_concentration': 76.9, 'eligible_count': 6, 'bet_adj': 2, 'reason': 'rel_win1=50.0%（本命度） / 最有力組み合わせ確率: 0.056（推定実オッズ?24倍） / 2着集中度: 上位2艇 76.9%（補正+0.04） / 総合判定確率: 0.096 / → ヒモ分散。1号艇1着固定で広めのヒモ流し推奨（買い目+2点）', 'tenji_trigger': '展示確認: ヒモ分散レース。1号艇伸び確認後、広めのヒモ流しを採用。穴ヒモ（5・6号艇）を積極的に含める。\n展示で1号艇スタート超安定(0.134秒)→ヒモ固まり方向に注意'}",,,28,逃げ狙い,20.32,26.2,3,,,,,,,,,,,
2025-04-17,丸亀,6,3,柳沢　一,A1,36.69,3,○,20.3663,38.6,72,75,0.1227,2.3571,,,0,低,43,0,差0% ま0% 差ま0%,41,0,76.8,1.6113,0,0.04,0.04,0.12,0,0.0432,0.1074,0.1074,,◎,C,◎,,0.3594,0.698,,0.5354,S,82,0,◎1着固定 2-3着流し（5〜8点）,0.5777,"{'is_target': True, 'verdict': '参加推奨', 'max_combo_prob': 0.0557, 'est_top_odds': 23.9, 'circle_concentration': 76.9, 'eligible_count': 6, 'bet_adj': 2, 'reason': 'rel_win1=50.0%（本命度） / 最有力組み合わせ確率: 0.056（推定実オッズ?24倍） / 2着集中度: 上位2艇 76.9%（補正+0.04） / 総合判定確率: 0.096 / → ヒモ分散。1号艇1着固定で広めのヒモ流し推奨（買い目+2点）', 'tenji_trigger': '展示確認: ヒモ分散レース。1号艇伸び確認後、広めのヒモ流しを採用。穴ヒモ（5・6号艇）を積極的に含める。\n展示で1号艇スタート超安定(0.134秒)→ヒモ固まり方向に注意'}",,,28,逃げ狙い,20.32,26.2,3,,,,,,,,,,,
2025-04-17,丸亀,6,4,武重雄介,A2,40.77,4,▲,8.2893,13.5,86,50,0.1566,3.2069,,,0,低,119,0,-,3,0,33.3,1.0087,0,0,0.04,0,0,0.1657,0,0.0343,,,B,△,◎,0.1958,0.6375,0.2395,0.5354,S,82,0,◎1着固定 2-3着流し（5〜8点）,0.5777,"{'is_target': True, 'verdict': '参加推奨', 'max_combo_prob': 0.0557, 'est_top_odds': 23.9, 'circle_concentration': 76.9, 'eligible_count': 6, 'bet_adj': 2, 'reason': 'rel_win1=50.0%（本命度） / 最有力組み合わせ確率: 0.056（推定実オッズ?24倍） / 2着集中度: 上位2艇 76.9%（補正+0.04） / 総合判定確率: 0.096 / → ヒモ分散。1号艇1着固定で広めのヒモ流し推奨（買い目+2点）', 'tenji_trigger': '展示確認: ヒモ分散レース。1号艇伸び確認後、広めのヒモ流しを採用。穴ヒモ（5・6号艇）を積極的に含める。\n展示で1号艇スタート超安定(0.134秒)→ヒモ固まり方向に注意'}",,,28,逃げ狙い,20.32,26.2,3,,,,,,,,,,,
2025-04-17,丸亀,6,5,半田尚也,B1,40.30,5,,4.128,2.6,90,29.8,0.1784,3.5,,,0,低,141,0,-,1,0,89.2,1.5919,,,,,,0.18,0.54,0.16,,,B,,,0.1721,0.5765,,0.5354,S,82,0,◎1着固定 2-3着流し（5〜8点）,0.5777,"{'is_target': True, 'verdict': '参加推奨', 'max_combo_prob': 0.0557, 'est_top_odds': 23.9, 'circle_concentration': 76.9, 'eligible_count': 6, 'bet_adj': 2, 'reason': 'rel_win1=50.0%（本命度） / 最有力組み合わせ確率: 0.056（推定実オッズ?24倍） / 2着集中度: 上位2艇 76.9%（補正+0.04） / 総合判定確率: 0.096 / → ヒモ分散。1号艇1着固定で広めのヒモ流し推奨（買い目+2点）', 'tenji_trigger': '展示確認: ヒモ分散レース。1号艇伸び確認後、広めのヒモ流しを採用。穴ヒモ（5・6号艇）を積極的に含める。\n展示で1号艇スタート超安定(0.134秒)→ヒモ固まり方向に注意'}",,,28,逃げ狙い,20.32,26.2,3,,,,,,,,,,,
2025-04-17,丸亀,6,6,稗田聖也,B1,34.33,6,△,2.2573,7,71,42.6,0.1285,2.4537,,,0,低,66,0,抜0%,15,0,37.4,1.6458,0,0,0,0,0.0417,0,0.0242,0.2348,,,C,△,,0.3275,0.671,,0.5354,S,82,0,◎1着固定 2-3着流し（5〜8点）,0.5777,"{'is_target': True, 'verdict': '参加推奨', 'max_combo_prob': 0.0557, 'est_top_odds': 23.9, 'circle_concentration': 76.9, 'eligible_count': 6, 'bet_adj': 2, 'reason': 'rel_win1=50.0%（本命度） / 最有力組み合わせ確率: 0.056（推定実オッズ?24倍） / 2着集中度: 上位2艇 76.9%（補正+0.04） / 総合判定確率: 0.096 / → ヒモ分散。1号艇1着固定で広めのヒモ流し推奨（買い目+2点）', 'tenji_trigger': '展示確認: ヒモ分散レース。1号艇伸び確認後、広めのヒモ流しを採用。穴ヒモ（5・6号艇）を積極的に含める。\n展示で1号艇スタート超安定(0.134秒)→ヒモ固まり方向に注意'}",,,28,逃げ狙い,20.32,26.2,3,,,,,,,,,,,
2025-04-17,丸亀,7,1,関　裕也,B1,29.29,1,◎,52.7744,,0,88.6,0.1674,3.1714,,,0,低,86,0,逃0%,4,0,71.6,1.1184,0.4615,,,,,0.0923,0,0.2615,○,,D,,,,0.6015,,0.4495,A,75,0,◎-○軸 3着3〜4艇流し（10〜15点）,0.5777,"{'is_target': True, 'verdict': '参加推奨', 'max_combo_prob': 0.0643, 'est_top_odds': 20.8, 'circle_concentration': 60.5, 'eligible_count': 8, 'bet_adj': 2, 'reason': 'rel_win1=52.8%（本命度） / 最有力組み合わせ確率: 0.064（推定実オッズ?21倍） / 2着集中度: 上位2艇 60.5%（補正+0.00） / 総合判定確率: 0.064 / → ヒモ分散。1号艇1着固定で広めのヒモ流し推奨（買い目+2点）', 'tenji_trigger': '展示確認: ヒモ分散レース。1号艇伸び確認後、広めのヒモ流しを採用。穴ヒモ（5・6号艇）を積極的に含める。'}",,,27.7,逃げ狙い,16.17,28.7,5,,,,,0,0,0.6155,0,,逃げ軸流し,A
2025-04-17,丸亀,7,2,梶野学志,A1,30.22,2,,11.8251,40.1,100,62.3,0.16,3.5283,,,0,低,97,0,-,2,0,34.6,0.8867,0,0.0345,0.0345,0,0,0.0138,0.1164,0.0276,,◎,D,◎,,0.3806,0.656,,0.4495,A,75,0,◎-○軸 3着3〜4艇流し（10〜15点）,0.5777,"{'is_target': True, 'verdict': '参加推奨', 'max_combo_prob': 0.0643, 'est_top_odds': 20.8, 'circle_concentration': 60.5, 'eligible_count': 8, 'bet_adj': 2, 'reason': 'rel_win1=52.8%（本命度） / 最有力組み合わせ確率: 0.064（推定実オッズ?21倍） / 2着集中度: 上位2艇 60.5%（補正+0.00） / 総合判定確率: 0.064 / → ヒモ分散。1号艇1着固定で広めのヒモ流し推奨（買い目+2点）', 'tenji_trigger': '展示確認: ヒモ分散レース。1号艇伸び確認後、広めのヒモ流しを採用。穴ヒモ（5・6号艇）を積極的に含める。'}",,,27.7,逃げ狙い,16.17,28.7,5,,,,,,,,,,,
2025-04-17,丸亀,7,3,渡邊裕貴,B1,30.60,3,▲,11.0721,20.4,71,44.3,0.1577,3.3643,,,0,低,99,0,差1%,1,0,23.1,0.7306,0,0.0357,0.0714,0,0,0,0.2311,0.1644,,,D,△,,0.3403,0.6215,,0.4495,A,75,0,◎-○軸 3着3〜4艇流し（10〜15点）,0.5777,"{'is_target': True, 'verdict': '参加推奨', 'max_combo_prob': 0.0643, 'est_top_odds': 20.8, 'circle_concentration': 60.5, 'eligible_count': 8, 'bet_adj': 2, 'reason': 'rel_win1=52.8%（本命度） / 最有力組み合わせ確率: 0.064（推定実オッズ?21倍） / 2着集中度: 上位2艇 60.5%（補正+0.00） / 総合判定確率: 0.064 / → ヒモ分散。1号艇1着固定で広めのヒモ流し推奨（買い目+2点）', 'tenji_trigger': '展示確認: ヒモ分散レース。1号艇伸び確認後、広めのヒモ流しを採用。穴ヒモ（5・6号艇）を積極的に含める。'}",,,27.7,逃げ狙い,16.17,28.7,5,,,,,,,,,,,
2025-04-17,丸亀,7,4,西丸敦基,B1,34.53,4,,9.7133,17.2,91,46.3,0.1715,3.6852,,,0,低,113,0,-,2,0,72.9,1.5049,0,0.0476,0.0476,0.0476,0,0.0333,0.0667,0.3,,,B,△,◎,0.2758,0.6165,0.2492,0.4495,A,75,0,◎-○軸 3着3〜4艇流し（10〜15点）,0.5777,"{'is_target': True, 'verdict': '参加推奨', 'max_combo_prob': 0.0643, 'est_top_odds': 20.8, 'circle_concentration': 60.5, 'eligible_count': 8, 'bet_adj': 2, 'reason': 'rel_win1=52.8%（本命度） / 最有力組み合わせ確率: 0.064（推定実オッズ?21倍） / 2着集中度: 上位2艇 60.5%（補正+0.00） / 総合判定確率: 0.064 / → ヒモ分散。1号艇1着固定で広めのヒモ流し推奨（買い目+2点）', 'tenji_trigger': '展示確認: ヒモ分散レース。1号艇伸び確認後、広めのヒモ流しを採用。穴ヒモ（5・6号艇）を積極的に含める。'}",,,27.7,逃げ狙い,16.17,28.7,5,,,,,,,,,,,
2025-04-17,丸亀,7,5,渡邉優美,A1,32.12,5,△,11.2108,19.1,92,70.8,0.1617,3.2708,,,0,低,44,0,ま0% 差ま0%,23,0,100,2.0576,0,0,0.0909,0.1818,0,0.2078,0.1584,0.0182,,,C,○,,0.342,0.6535,,0.4495,A,75,0,◎-○軸 3着3〜4艇流し（10〜15点）,0.5777,"{'is_target': True, 'verdict': '参加推奨', 'max_combo_prob': 0.0643, 'est_top_odds': 20.8, 'circle_concentration': 60.5, 'eligible_count': 8, 'bet_adj': 2, 'reason': 'rel_win1=52.8%（本命度） / 最有力組み合わせ確率: 0.064（推定実オッズ?21倍） / 2着集中度: 上位2艇 60.5%（補正+0.00） / 総合判定確率: 0.064 / → ヒモ分散。1号艇1着固定で広めのヒモ流し推奨（買い目+2点）', 'tenji_trigger': '展示確認: ヒモ分散レース。1号艇伸び確認後、広めのヒモ流しを採用。穴ヒモ（5・6号艇）を積極的に含める。'}",,,27.7,逃げ狙い,16.17,28.7,5,,,,,,,,,,,
2025-04-17,丸亀,7,6,鈴木勝博,A2,48.09,6,○,3.4043,3.2,49,15.4,0.1567,3.4615,,,0,低,90,0,差ま0%,31,0,33.9,0.8561,0,0,0,0.0385,0,0.1171,0.2776,0.0211,,,A,,,0.3126,0.6045,,0.4495,A,75,0,◎-○軸 3着3〜4艇流し（10〜15点）,0.5777,"{'is_target': True, 'verdict': '参加推奨', 'max_combo_prob': 0.0643, 'est_top_odds': 20.8, 'circle_concentration': 60.5, 'eligible_count': 8, 'bet_adj': 2, 'reason': 'rel_win1=52.8%（本命度） / 最有力組み合わせ確率: 0.064（推定実オッズ?21倍） / 2着集中度: 上位2艇 60.5%（補正+0.00） / 総合判定確率: 0.064 / → ヒモ分散。1号艇1着固定で広めのヒモ流し推奨（買い目+2点）', 'tenji_trigger': '展示確認: ヒモ分散レース。1号艇伸び確認後、広めのヒモ流しを採用。穴ヒモ（5・6号艇）を積極的に含める。'}",,,27.7,逃げ狙い,16.17,28.7,5,,,,,,,,,,,
2025-04-17,丸亀,8,1,海野ゆか,A1,33.09,1,◎,64.9001,,0,92.9,0.1464,2.9524,,,0,低,58,0,逃1%,4,0,81.5,1.2097,0.7333,,,,,0,0.0667,0.1333,◎,,B,,,,0.5965,,0.5763,S,100,0,◎1着固定 2-3着流し（5〜8点）,0.5777,"{'is_target': True, 'verdict': '点数絞り', 'max_combo_prob': 0.0935, 'est_top_odds': 14.3, 'circle_concentration': 71.3, 'eligible_count': 6, 'bet_adj': 0, 'reason': 'rel_win1=64.9%（本命度） / 最有力組み合わせ確率: 0.093（推定実オッズ?14倍） / 2着集中度: 上位2艇 71.3%（補正+0.04） / 総合判定確率: 0.133 / → ヒモはやや固め。上位2艇以外を切ること', 'tenji_trigger': '展示確認: 1号艇伸び良→そのまま採用。悪→飛び組に差し替え。circle_pct上位2艇に絞り込むこと。'}",,,27.3,逃げ狙い,19.59,24.7,2,,,,,0,0,0.7559,0,,逃げ軸流し,A
2025-04-17,丸亀,8,2,下河誉史,A2,27.66,2,△,14.5211,39.6,92,77,0.1679,3.9344,,,0,低,163,0,差0%,25,0,40.9,0.73,0,0.1852,0.037,0,0,0.1585,0.1683,0.0293,,,D,◎,,0.1252,0.6355,,0.5763,S,100,0,◎1着固定 2-3着流し（5〜8点）,0.5777,"{'is_target': True, 'verdict': '点数絞り', 'max_combo_prob': 0.0935, 'est_top_odds': 14.3, 'circle_concentration': 71.3, 'eligible_count': 6, 'bet_adj': 0, 'reason': 'rel_win1=64.9%（本命度） / 最有力組み合わせ確率: 0.093（推定実オッズ?14倍） / 2着集中度: 上位2艇 71.3%（補正+0.04） / 総合判定確率: 0.133 / → ヒモはやや固め。上位2艇以外を切ること', 'tenji_trigger': '展示確認: 1号艇伸び良→そのまま採用。悪→飛び組に差し替え。circle_pct上位2艇に絞り込むこと。'}",,,27.3,逃げ狙い,19.59,24.7,2,,,,,,,,,,,
2025-04-17,丸亀,8,3,汐崎正則,B1,28.15,3,○,6.6097,31.7,100,60,0.1425,3.125,,,0,低,79,0,-,6,0,67.8,1.5594,0,0.0455,0.0455,0.0909,0,0.05,0.17,0.075,,,D,△,,0.3142,0.618,,0.5763,S,100,0,◎1着固定 2-3着流し（5〜8点）,0.5777,"{'is_target': True, 'verdict': '点数絞り', 'max_combo_prob': 0.0935, 'est_top_odds': 14.3, 'circle_concentration': 71.3, 'eligible_count': 6, 'bet_adj': 0, 'reason': 'rel_win1=64.9%（本命度） / 最有力組み合わせ確率: 0.093（推定実オッズ?14倍） / 2着集中度: 上位2艇 71.3%（補正+0.04） / 総合判定確率: 0.133 / → ヒモはやや固め。上位2艇以外を切ること', 'tenji_trigger': '展示確認: 1号艇伸び良→そのまま採用。悪→飛び組に差し替え。circle_pct上位2艇に絞り込むこと。'}",,,27.3,逃げ狙い,19.59,24.7,2,,,,,,,,,,,
2025-04-17,丸亀,8,4,中越博紀,A2,26.32,4,,10.1808,15.1,65,53.7,0.167,3.5224,,,0,低,130,0,-,22,0,100,2.0674,0,0.0714,0.0714,0.1071,0,0.0296,0.3593,0.0593,,,E,○,◎,0.2253,0.6195,0.4874,0.5763,S,100,0,◎1着固定 2-3着流し（5〜8点）,0.5777,"{'is_target': True, 'verdict': '点数絞り', 'max_combo_prob': 0.0935, 'est_top_odds': 14.3, 'circle_concentration': 71.3, 'eligible_count': 6, 'bet_adj': 0, 'reason': 'rel_win1=64.9%（本命度） / 最有力組み合わせ確率: 0.093（推定実オッズ?14倍） / 2着集中度: 上位2艇 71.3%（補正+0.04） / 総合判定確率: 0.133 / → ヒモはやや固め。上位2艇以外を切ること', 'tenji_trigger': '展示確認: 1号艇伸び良→そのまま採用。悪→飛び組に差し替え。circle_pct上位2艇に絞り込むこと。'}",,,27.3,逃げ狙い,19.59,24.7,2,,,,,,,,,,,
2025-04-17,丸亀,8,5,仁科さや,B2,32.33,5,,2.788,11.3,70,31.2,0.21,4.1562,,,0,低,24,0,-,4,0,31.1,0.9357,,,,,,0.1667,0.3333,0,,,C,△,,0.1358,0.6165,,0.5763,S,100,0,◎1着固定 2-3着流し（5〜8点）,0.5777,"{'is_target': True, 'verdict': '点数絞り', 'max_combo_prob': 0.0935, 'est_top_odds': 14.3, 'circle_concentration': 71.3, 'eligible_count': 6, 'bet_adj': 0, 'reason': 'rel_win1=64.9%（本命度） / 最有力組み合わせ確率: 0.093（推定実オッズ?14倍） / 2着集中度: 上位2艇 71.3%（補正+0.04） / 総合判定確率: 0.133 / → ヒモはやや固め。上位2艇以外を切ること', 'tenji_trigger': '展示確認: 1号艇伸び良→そのまま採用。悪→飛び組に差し替え。circle_pct上位2艇に絞り込むこと。'}",,,27.3,逃げ狙い,19.59,24.7,2,,,,,,,,,,,
2025-04-17,丸亀,8,6,中村栄治,B1,41.91,6,▲,1.0003,2.3,40,25,0.2084,4.4545,,,0,低,142,0,-,6,0,28.7,1.1044,,,,,,0.12,0.04,0.04,,,A,,,0.135,0.588,,0.5763,S,100,0,◎1着固定 2-3着流し（5〜8点）,0.5777,"{'is_target': True, 'verdict': '点数絞り', 'max_combo_prob': 0.0935, 'est_top_odds': 14.3, 'circle_concentration': 71.3, 'eligible_count': 6, 'bet_adj': 0, 'reason': 'rel_win1=64.9%（本命度） / 最有力組み合わせ確率: 0.093（推定実オッズ?14倍） / 2着集中度: 上位2艇 71.3%（補正+0.04） / 総合判定確率: 0.133 / → ヒモはやや固め。上位2艇以外を切ること', 'tenji_trigger': '展示確認: 1号艇伸び良→そのまま採用。悪→飛び組に差し替え。circle_pct上位2艇に絞り込むこと。'}",,,27.3,逃げ狙い,19.59,24.7,2,,,,,,,,,,,
2025-04-17,丸亀,9,1,森　悠稀,A2,23.62,1,◎,60.4843,,0,88.3,0.1483,2.9333,,,0,低,62,0,逃1%,33,0,61.1,0.97,0.5862,,,,,0.0552,0.0276,0.0552,◎,,E,◎,,,0.6755,,0.4652,A,73,0,◎-○軸 3着3〜4艇流し（10〜15点）,0.5777,"{'is_target': True, 'verdict': '点数絞り', 'max_combo_prob': 0.1021, 'est_top_odds': 13.1, 'circle_concentration': 76.8, 'eligible_count': 8, 'bet_adj': 0, 'reason': 'rel_win1=60.5%（本命度） / 最有力組み合わせ確率: 0.102（推定実オッズ?13倍） / 2着集中度: 上位2艇 76.8%（補正+0.04） / 総合判定確率: 0.142 / → ヒモはやや固め。上位2艇以外を切ること', 'tenji_trigger': '展示確認: 1号艇伸び良→そのまま採用。悪→飛び組に差し替え。circle_pct上位2艇に絞り込むこと。'}",,,25.1,逃げ狙い,12.54,24.4,3,,,,,0,0,0.7559,0,,逃げ軸流し,A
2025-04-17,丸亀,9,2,嶋　義信,B1,30.99,2,○,13.4997,41.2,86,58.5,0.1345,3.0094,,,0,低,90,0,-,6,0,27.5,0.7621,0,0.04,0.04,0,0,0.125,0.15,0.1875,,◎,C,△,,0.4543,0.632,,0.4652,A,73,0,◎-○軸 3着3〜4艇流し（10〜15点）,0.5777,"{'is_target': True, 'verdict': '点数絞り', 'max_combo_prob': 0.1021, 'est_top_odds': 13.1, 'circle_concentration': 76.8, 'eligible_count': 8, 'bet_adj': 0, 'reason': 'rel_win1=60.5%（本命度） / 最有力組み合わせ確率: 0.102（推定実オッズ?13倍） / 2着集中度: 上位2艇 76.8%（補正+0.04） / 総合判定確率: 0.142 / → ヒモはやや固め。上位2艇以外を切ること', 'tenji_trigger': '展示確認: 1号艇伸び良→そのまま採用。悪→飛び組に差し替え。circle_pct上位2艇に絞り込むこと。'}",,,25.1,逃げ狙い,12.54,24.4,3,,,,,,,,,,,
2025-04-17,丸亀,9,3,大須賀友,A1,25.56,3,,14.246,35.6,73,81.4,0.1724,3.2288,,,0,低,116,0,-,41,0,65.9,1.5581,0,0,0.12,0.08,0,0.0516,0.1258,0.0129,,,D,,,0.195,0.599,,0.4652,A,73,0,◎-○軸 3着3〜4艇流し（10〜15点）,0.5777,"{'is_target': True, 'verdict': '点数絞り', 'max_combo_prob': 0.1021, 'est_top_odds': 13.1, 'circle_concentration': 76.8, 'eligible_count': 8, 'bet_adj': 0, 'reason': 'rel_win1=60.5%（本命度） / 最有力組み合わせ確率: 0.102（推定実オッズ?13倍） / 2着集中度: 上位2艇 76.8%（補正+0.04） / 総合判定確率: 0.142 / → ヒモはやや固め。上位2艇以外を切ること', 'tenji_trigger': '展示確認: 1号艇伸び良→そのまま採用。悪→飛び組に差し替え。circle_pct上位2艇に絞り込むこと。'}",,,25.1,逃げ狙い,12.54,24.4,3,,,,,,,,,,,
2025-04-17,丸亀,9,4,松村康太,A2,41.67,4,▲,6.0183,17.1,100,57.8,0.181,3.8169,,,0,低,166,0,-,2,0,100,0.6826,0,0,0.0323,0,0,0.22,0.1756,0.2689,,,A,△,,0.1578,0.6195,,0.4652,A,73,0,◎-○軸 3着3〜4艇流し（10〜15点）,0.5777,"{'is_target': True, 'verdict': '点数絞り', 'max_combo_prob': 0.1021, 'est_top_odds': 13.1, 'circle_concentration': 76.8, 'eligible_count': 8, 'bet_adj': 0, 'reason': 'rel_win1=60.5%（本命度） / 最有力組み合わせ確率: 0.102（推定実オッズ?13倍） / 2着集中度: 上位2艇 76.8%（補正+0.04） / 総合判定確率: 0.142 / → ヒモはやや固め。上位2艇以外を切ること', 'tenji_trigger': '展示確認: 1号艇伸び良→そのまま採用。悪→飛び組に差し替え。circle_pct上位2艇に絞り込むこと。'}",,,25.1,逃げ狙い,12.54,24.4,3,,,,,,,,,,,
2025-04-17,丸亀,9,5,吉武真也,B1,35.62,5,△,2.7453,3.4,22,4.5,0.1673,3.6932,,,0,低,106,0,-,5,0,25.7,0.6598,,,,,,0.2676,0.0235,0.2441,,,B,,,0.2574,0.595,,0.4652,A,73,0,◎-○軸 3着3〜4艇流し（10〜15点）,0.5777,"{'is_target': True, 'verdict': '点数絞り', 'max_combo_prob': 0.1021, 'est_top_odds': 13.1, 'circle_concentration': 76.8, 'eligible_count': 8, 'bet_adj': 0, 'reason': 'rel_win1=60.5%（本命度） / 最有力組み合わせ確率: 0.102（推定実オッズ?13倍） / 2着集中度: 上位2艇 76.8%（補正+0.04） / 総合判定確率: 0.142 / → ヒモはやや固め。上位2艇以外を切ること', 'tenji_trigger': '展示確認: 1号艇伸び良→そのまま採用。悪→飛び組に差し替え。circle_pct上位2艇に絞り込むこと。'}",,,25.1,逃げ狙い,12.54,24.4,3,,,,,,,,,,,
2025-04-17,丸亀,9,6,白井英治,A1,31.91,6,,3.0064,2.7,49,100,0.1533,3.5,,,0,低,29,1,-,62,0,25.3,3.5361,,,,,,0.0588,0.1765,0.0588,,,C,○,,0.2982,0.659,,0.4652,A,73,0,◎-○軸 3着3〜4艇流し（10〜15点）,0.5777,"{'is_target': True, 'verdict': '点数絞り', 'max_combo_prob': 0.1021, 'est_top_odds': 13.1, 'circle_concentration': 76.8, 'eligible_count': 8, 'bet_adj': 0, 'reason': 'rel_win1=60.5%（本命度） / 最有力組み合わせ確率: 0.102（推定実オッズ?13倍） / 2着集中度: 上位2艇 76.8%（補正+0.04） / 総合判定確率: 0.142 / → ヒモはやや固め。上位2艇以外を切ること', 'tenji_trigger': '展示確認: 1号艇伸び良→そのまま採用。悪→飛び組に差し替え。circle_pct上位2艇に絞り込むこと。'}",,,25.1,逃げ狙い,12.54,24.4,3,,,,,,,,,,,
2025-04-17,丸亀,10,1,繁野谷圭,A2,35.71,1,◎,63.8772,,0,91.8,0.1831,3.5353,,,0,低,180,0,逃1%,54,0,56.8,1.0116,0.7568,,,,,0.0108,0.0432,0.2232,○,,C,,,,0.6095,,0.4051,S,82,0,◎1着固定 2-3着流し（5〜8点）,0.5777,"{'is_target': True, 'verdict': '参加推奨', 'max_combo_prob': 0.071, 'est_top_odds': 18.8, 'circle_concentration': 61.9, 'eligible_count': 6, 'bet_adj': 2, 'reason': 'rel_win1=63.9%（本命度） / 最有力組み合わせ確率: 0.071（推定実オッズ?19倍） / 2着集中度: 上位2艇 61.9%（補正+0.00） / 総合判定確率: 0.071 / → ヒモ分散。1号艇1着固定で広めのヒモ流し推奨（買い目+2点）', 'tenji_trigger': '展示確認: ヒモ分散レース。1号艇伸び確認後、広めのヒモ流しを採用。穴ヒモ（5・6号艇）を積極的に含める。\n展示で1号艇スタート遅め(0.183秒)確認→ヒモが荒れやすい'}",,,32.2,逃げ狙い,15.07,28.4,5,,,,,0,0,0.6155,0,,逃げ軸流し,A
2025-04-17,丸亀,10,2,小野寺智,A2,38.69,2,○,8.1493,40.1,99,67.7,0.1573,3.371,,,0,低,79,0,-,15,0,40.2,1.0566,0,0.0741,0.0741,0,0,0.1217,0.0174,0.3096,,◎,B,△,,0.5669,0.6185,,0.4051,S,82,0,◎1着固定 2-3着流し（5〜8点）,0.5777,"{'is_target': True, 'verdict': '参加推奨', 'max_combo_prob': 0.071, 'est_top_odds': 18.8, 'circle_concentration': 61.9, 'eligible_count': 6, 'bet_adj': 2, 'reason': 'rel_win1=63.9%（本命度） / 最有力組み合わせ確率: 0.071（推定実オッズ?19倍） / 2着集中度: 上位2艇 61.9%（補正+0.00） / 総合判定確率: 0.071 / → ヒモ分散。1号艇1着固定で広めのヒモ流し推奨（買い目+2点）', 'tenji_trigger': '展示確認: ヒモ分散レース。1号艇伸び確認後、広めのヒモ流しを採用。穴ヒモ（5・6号艇）を積極的に含める。\n展示で1号艇スタート遅め(0.183秒)確認→ヒモが荒れやすい'}",,,32.2,逃げ狙い,15.07,28.4,5,,,,,,,,,,,
2025-04-17,丸亀,10,3,松下哲也,B1,38.57,3,△,10.412,21.8,71,50.9,0.174,3.3455,,,0,低,136,0,ま0%,5,0,28.8,0.9931,0,0,0.0556,0,0,0.0762,0.0952,0.2762,,,B,,,0.3323,0.5965,,0.4051,S,82,0,◎1着固定 2-3着流し（5〜8点）,0.5777,"{'is_target': True, 'verdict': '参加推奨', 'max_combo_prob': 0.071, 'est_top_odds': 18.8, 'circle_concentration': 61.9, 'eligible_count': 6, 'bet_adj': 2, 'reason': 'rel_win1=63.9%（本命度） / 最有力組み合わせ確率: 0.071（推定実オッズ?19倍） / 2着集中度: 上位2艇 61.9%（補正+0.00） / 総合判定確率: 0.071 / → ヒモ分散。1号艇1着固定で広めのヒモ流し推奨（買い目+2点）', 'tenji_trigger': '展示確認: ヒモ分散レース。1号艇伸び確認後、広めのヒモ流しを採用。穴ヒモ（5・6号艇）を積極的に含める。\n展示で1号艇スタート遅め(0.183秒)確認→ヒモが荒れやすい'}",,,32.2,逃げ狙い,15.07,28.4,5,,,,,,,,,,,
2025-04-17,丸亀,10,4,中嶋誠一,B1,34.27,4,,5.5666,8,94,47,0.1733,3.3939,,,0,低,130,0,-,23,0,66,0.9157,0,0,0,0.0333,0,0.4673,0.1519,0.0904,,,D,△,,0.3199,0.6265,,0.4051,S,82,0,◎1着固定 2-3着流し（5〜8点）,0.5777,"{'is_target': True, 'verdict': '参加推奨', 'max_combo_prob': 0.071, 'est_top_odds': 18.8, 'circle_concentration': 61.9, 'eligible_count': 6, 'bet_adj': 2, 'reason': 'rel_win1=63.9%（本命度） / 最有力組み合わせ確率: 0.071（推定実オッズ?19倍） / 2着集中度: 上位2艇 61.9%（補正+0.00） / 総合判定確率: 0.071 / → ヒモ分散。1号艇1着固定で広めのヒモ流し推奨（買い目+2点）', 'tenji_trigger': '展示確認: ヒモ分散レース。1号艇伸び確認後、広めのヒモ流しを採用。穴ヒモ（5・6号艇）を積極的に含める。\n展示で1号艇スタート遅め(0.183秒)確認→ヒモが荒れやすい'}",,,32.2,逃げ狙い,15.07,28.4,5,,,,,,,,,,,
2025-04-17,丸亀,10,5,柳沢　一,A1,36.69,5,▲,8.8007,17.8,100,67.3,0.1371,2.9818,,,0,低,43,0,-,41,0,33.1,1.4283,0,0.0385,0,0,0,0.0432,0.1074,0.1074,,○,C,○,◎,0.4288,0.698,0.3823,0.4051,S,82,0,◎1着固定 2-3着流し（5〜8点）,0.5777,"{'is_target': True, 'verdict': '参加推奨', 'max_combo_prob': 0.071, 'est_top_odds': 18.8, 'circle_concentration': 61.9, 'eligible_count': 6, 'bet_adj': 2, 'reason': 'rel_win1=63.9%（本命度） / 最有力組み合わせ確率: 0.071（推定実オッズ?19倍） / 2着集中度: 上位2艇 61.9%（補正+0.00） / 総合判定確率: 0.071 / → ヒモ分散。1号艇1着固定で広めのヒモ流し推奨（買い目+2点）', 'tenji_trigger': '展示確認: ヒモ分散レース。1号艇伸び確認後、広めのヒモ流しを採用。穴ヒモ（5・6号艇）を積極的に含める。\n展示で1号艇スタート遅め(0.183秒)確認→ヒモが荒れやすい'}",,,32.2,逃げ狙い,15.07,28.4,5,,,,,,,,,,,
2025-04-17,丸亀,10,6,宮之原輝,A1,18.25,6,,3.1941,12.3,96,65.7,0.148,3.3429,,,0,低,35,0,差ま0% 抜0%,24,0,100,2.4344,0,0,0,0.0417,0.0417,0.0333,0.0333,0.1,,,E,◎,,0.3965,0.7135,,0.4051,S,82,0,◎1着固定 2-3着流し（5〜8点）,0.5777,"{'is_target': True, 'verdict': '参加推奨', 'max_combo_prob': 0.071, 'est_top_odds': 18.8, 'circle_concentration': 61.9, 'eligible_count': 6, 'bet_adj': 2, 'reason': 'rel_win1=63.9%（本命度） / 最有力組み合わせ確率: 0.071（推定実オッズ?19倍） / 2着集中度: 上位2艇 61.9%（補正+0.00） / 総合判定確率: 0.071 / → ヒモ分散。1号艇1着固定で広めのヒモ流し推奨（買い目+2点）', 'tenji_trigger': '展示確認: ヒモ分散レース。1号艇伸び確認後、広めのヒモ流しを採用。穴ヒモ（5・6号艇）を積極的に含める。\n展示で1号艇スタート遅め(0.183秒)確認→ヒモが荒れやすい'}",,,32.2,逃げ狙い,15.07,28.4,5,,,,,,,,,,,
2025-04-17,丸亀,11,1,白水勝也,A1,26.87,1,◎,52.815,,0,91.8,0.1515,2.634,,,0,低,134,0,逃1%,35,0,80.1,0.9754,0.5682,,,,,0.1045,0.0455,0.0955,◎,,D,,,,0.604,,0.5887,A,72,0,◎-○軸 3着3〜4艇流し（10〜15点）,0.5777,"{'is_target': True, 'verdict': '参加推奨', 'max_combo_prob': 0.0899, 'est_top_odds': 14.8, 'circle_concentration': 69.6, 'eligible_count': 8, 'bet_adj': 2, 'reason': 'rel_win1=52.8%（本命度） / 最有力組み合わせ確率: 0.090（推定実オッズ?15倍） / 2着集中度: 上位2艇 69.6%（補正+0.00） / 総合判定確率: 0.090 / → ヒモ分散。1号艇1着固定で広めのヒモ流し推奨（買い目+2点）', 'tenji_trigger': '展示確認: ヒモ分散レース。1号艇伸び確認後、広めのヒモ流しを採用。穴ヒモ（5・6号艇）を積極的に含める。'}",,,30.1,逃げ狙い,25.22,28,2,,,,,0,0,0.7559,0,,逃げ軸流し,A
2025-04-17,丸亀,11,2,小山　勉,A1,32.82,2,▲,22.3044,45.3,77,80.3,0.1695,3.1148,,,0,低,113,0,差0% ま0%,16,0,82.1,1.3759,0,0.2609,0.0435,0,0,0.1302,0.0138,0.0888,,,C,○,,0.1937,0.654,,0.5887,A,72,0,◎-○軸 3着3〜4艇流し（10〜15点）,0.5777,"{'is_target': True, 'verdict': '参加推奨', 'max_combo_prob': 0.0899, 'est_top_odds': 14.8, 'circle_concentration': 69.6, 'eligible_count': 8, 'bet_adj': 2, 'reason': 'rel_win1=52.8%（本命度） / 最有力組み合わせ確率: 0.090（推定実オッズ?15倍） / 2着集中度: 上位2艇 69.6%（補正+0.00） / 総合判定確率: 0.090 / → ヒモ分散。1号艇1着固定で広めのヒモ流し推奨（買い目+2点）', 'tenji_trigger': '展示確認: ヒモ分散レース。1号艇伸び確認後、広めのヒモ流しを採用。穴ヒモ（5・6号艇）を積極的に含める。'}",,,30.1,逃げ狙い,25.22,28,2,,,,,,,,,,,
2025-04-17,丸亀,11,3,三宅　潤,A2,23.28,3,,5.879,24.3,87,61,0.1612,3.3476,,,0,低,174,0,-,2,0,26.8,0.8727,0,0.0312,0,0,0,0.0222,0.0444,0.2111,,,E,,,0.2343,0.6355,,0.5887,A,72,0,◎-○軸 3着3〜4艇流し（10〜15点）,0.5777,"{'is_target': True, 'verdict': '参加推奨', 'max_combo_prob': 0.0899, 'est_top_odds': 14.8, 'circle_concentration': 69.6, 'eligible_count': 8, 'bet_adj': 2, 'reason': 'rel_win1=52.8%（本命度） / 最有力組み合わせ確率: 0.090（推定実オッズ?15倍） / 2着集中度: 上位2艇 69.6%（補正+0.00） / 総合判定確率: 0.090 / → ヒモ分散。1号艇1着固定で広めのヒモ流し推奨（買い目+2点）', 'tenji_trigger': '展示確認: ヒモ分散レース。1号艇伸び確認後、広めのヒモ流しを採用。穴ヒモ（5・6号艇）を積極的に含める。'}",,,30.1,逃げ狙い,25.22,28,2,,,,,,,,,,,
2025-04-17,丸亀,11,4,黒柳浩孝,A1,38.81,4,○,14.1844,11.5,100,61.3,0.1608,3.2177,,,0,低,124,0,-,33,0,42,0.9264,0,0,0,0.0769,0,0.0421,0.2342,0.1171,,,B,△,◎,0.2647,0.637,0.3527,0.5887,A,72,0,◎-○軸 3着3〜4艇流し（10〜15点）,0.5777,"{'is_target': True, 'verdict': '参加推奨', 'max_combo_prob': 0.0899, 'est_top_odds': 14.8, 'circle_concentration': 69.6, 'eligible_count': 8, 'bet_adj': 2, 'reason': 'rel_win1=52.8%（本命度） / 最有力組み合わせ確率: 0.090（推定実オッズ?15倍） / 2着集中度: 上位2艇 69.6%（補正+0.00） / 総合判定確率: 0.090 / → ヒモ分散。1号艇1着固定で広めのヒモ流し推奨（買い目+2点）', 'tenji_trigger': '展示確認: ヒモ分散レース。1号艇伸び確認後、広めのヒモ流しを採用。穴ヒモ（5・6号艇）を積極的に含める。'}",,,30.1,逃げ狙い,25.22,28,2,,,,,,,,,,,
2025-04-17,丸亀,11,5,梶野学志,A1,30.22,5,,3.7655,15,57,46.4,0.1566,3.2411,,,0,低,97,0,-,2,0,72.5,1.2169,,,,,,0.0138,0.1164,0.0276,,,D,◎,,0.3031,0.656,,0.5887,A,72,0,◎-○軸 3着3〜4艇流し（10〜15点）,0.5777,"{'is_target': True, 'verdict': '参加推奨', 'max_combo_prob': 0.0899, 'est_top_odds': 14.8, 'circle_concentration': 69.6, 'eligible_count': 8, 'bet_adj': 2, 'reason': 'rel_win1=52.8%（本命度） / 最有力組み合わせ確率: 0.090（推定実オッズ?15倍） / 2着集中度: 上位2艇 69.6%（補正+0.00） / 総合判定確率: 0.090 / → ヒモ分散。1号艇1着固定で広めのヒモ流し推奨（買い目+2点）', 'tenji_trigger': '展示確認: ヒモ分散レース。1号艇伸び確認後、広めのヒモ流しを採用。穴ヒモ（5・6号艇）を積極的に含める。'}",,,30.1,逃げ狙い,25.22,28,2,,,,,,,,,,,
2025-04-17,丸亀,11,6,武重雄介,A2,40.77,6,△,1.0518,3.9,22,18.2,0.19,4.7545,,,0,低,119,0,-,3,0,30.9,0.8422,,,,,,0.1657,0,0.0343,,,B,△,,0.1943,0.6375,,0.5887,A,72,0,◎-○軸 3着3〜4艇流し（10〜15点）,0.5777,"{'is_target': True, 'verdict': '参加推奨', 'max_combo_prob': 0.0899, 'est_top_odds': 14.8, 'circle_concentration': 69.6, 'eligible_count': 8, 'bet_adj': 2, 'reason': 'rel_win1=52.8%（本命度） / 最有力組み合わせ確率: 0.090（推定実オッズ?15倍） / 2着集中度: 上位2艇 69.6%（補正+0.00） / 総合判定確率: 0.090 / → ヒモ分散。1号艇1着固定で広めのヒモ流し推奨（買い目+2点）', 'tenji_trigger': '展示確認: ヒモ分散レース。1号艇伸び確認後、広めのヒモ流しを採用。穴ヒモ（5・6号艇）を積極的に含める。'}",,,30.1,逃げ狙い,25.22,28,2,,,,,,,,,,,
2025-04-17,丸亀,12,1,渡邉優美,A1,32.12,1,◎,69.315,,0,90.9,0.1407,3.3523,,,0,低,44,0,逃1%,23,0,83.5,1.0216,0.6818,,,,,0.2078,0.1584,0.0182,◎,,C,◎,,,0.6535,,0.5037,S,80,0,◎1着固定 2-3着流し（5〜8点）,0.5777,"{'is_target': True, 'verdict': '点数絞り', 'max_combo_prob': 0.1212, 'est_top_odds': 11.0, 'circle_concentration': 78.7, 'eligible_count': 6, 'bet_adj': 0, 'reason': 'rel_win1=69.3%（本命度） / 最有力組み合わせ確率: 0.121（推定実オッズ?11倍） / 2着集中度: 上位2艇 78.7%（補正+0.04） / 総合判定確率: 0.161 / → ヒモはやや固め。上位2艇以外を切ること', 'tenji_trigger': '展示確認: 1号艇伸び良→そのまま採用。悪→飛び組に差し替え。circle_pct上位2艇に絞り込むこと。'}",,,27,逃げ狙い,11.4,30.8,2,,,,,0,0,0.7559,0,,逃げ軸流し,A
2025-04-17,丸亀,12,2,海野ゆか,A1,33.09,2,△,7.5933,46,78,74.1,0.1707,3.5556,,,0,低,58,0,ま0%,4,0,58,1.1655,0,0,0.0769,0,0,0,0.0667,0.1333,,,C,,,0.0602,0.5965,,0.5037,S,80,0,◎1着固定 2-3着流し（5〜8点）,0.5777,"{'is_target': True, 'verdict': '点数絞り', 'max_combo_prob': 0.1212, 'est_top_odds': 11.0, 'circle_concentration': 78.7, 'eligible_count': 6, 'bet_adj': 0, 'reason': 'rel_win1=69.3%（本命度） / 最有力組み合わせ確率: 0.121（推定実オッズ?11倍） / 2着集中度: 上位2艇 78.7%（補正+0.04） / 総合判定確率: 0.161 / → ヒモはやや固め。上位2艇以外を切ること', 'tenji_trigger': '展示確認: 1号艇伸び良→そのまま採用。悪→飛び組に差し替え。circle_pct上位2艇に絞り込むこと。'}",,,27,逃げ狙い,11.4,30.8,2,,,,,,,,,,,
2025-04-17,丸亀,12,3,岩崎芳美,A2,42.34,3,○,10.4896,32.7,49,43.8,0.1338,2.375,,,0,低,23,0,ま0%,1,0,30.9,0.9052,0,0,0.1111,0,0,0.0833,0.25,0.25,,,A,○,,0.3374,0.6485,,0.5037,S,80,0,◎1着固定 2-3着流し（5〜8点）,0.5777,"{'is_target': True, 'verdict': '点数絞り', 'max_combo_prob': 0.1212, 'est_top_odds': 11.0, 'circle_concentration': 78.7, 'eligible_count': 6, 'bet_adj': 0, 'reason': 'rel_win1=69.3%（本命度） / 最有力組み合わせ確率: 0.121（推定実オッズ?11倍） / 2着集中度: 上位2艇 78.7%（補正+0.04） / 総合判定確率: 0.161 / → ヒモはやや固め。上位2艇以外を切ること', 'tenji_trigger': '展示確認: 1号艇伸び良→そのまま採用。悪→飛び組に差し替え。circle_pct上位2艇に絞り込むこと。'}",,,27,逃げ狙い,11.4,30.8,2,,,,,,,,,,,
2025-04-17,丸亀,12,4,石丸小槙,B2,41.43,4,▲,9.0798,13.8,68,25,0.1688,2.3125,,,0,低,15,1,-,65,0,26.2,0.754,,,,,,,,,,,B,,,0.202,0.4805,,0.5037,S,80,0,◎1着固定 2-3着流し（5〜8点）,0.5777,"{'is_target': True, 'verdict': '点数絞り', 'max_combo_prob': 0.1212, 'est_top_odds': 11.0, 'circle_concentration': 78.7, 'eligible_count': 6, 'bet_adj': 0, 'reason': 'rel_win1=69.3%（本命度） / 最有力組み合わせ確率: 0.121（推定実オッズ?11倍） / 2着集中度: 上位2艇 78.7%（補正+0.04） / 総合判定確率: 0.161 / → ヒモはやや固め。上位2艇以外を切ること', 'tenji_trigger': '展示確認: 1号艇伸び良→そのまま採用。悪→飛び組に差し替え。circle_pct上位2艇に絞り込むこと。'}",,,27,逃げ狙い,11.4,30.8,2,,,,,,,,,,,
2025-04-17,丸亀,12,5,山田理央,A2,30.15,5,,2.3339,6.2,100,52.9,0.1591,3.1912,,,0,低,62,0,-,33,0,54,1.0388,,,,,,0.0444,0.1444,0.0222,,,D,△,,0.2515,0.6,,0.5037,S,80,0,◎1着固定 2-3着流し（5〜8点）,0.5777,"{'is_target': True, 'verdict': '点数絞り', 'max_combo_prob': 0.1212, 'est_top_odds': 11.0, 'circle_concentration': 78.7, 'eligible_count': 6, 'bet_adj': 0, 'reason': 'rel_win1=69.3%（本命度） / 最有力組み合わせ確率: 0.121（推定実オッズ?11倍） / 2着集中度: 上位2艇 78.7%（補正+0.04） / 総合判定確率: 0.161 / → ヒモはやや固め。上位2艇以外を切ること', 'tenji_trigger': '展示確認: 1号艇伸び良→そのまま採用。悪→飛び組に差し替え。circle_pct上位2艇に絞り込むこと。'}",,,27,逃げ狙い,11.4,30.8,2,,,,,,,,,,,
2025-04-17,丸亀,12,6,喜多須杏,B1,30.00,6,,1.1884,1.3,46,15.4,0.1796,4.4231,,,0,低,60,0,-,5,0,30.8,0.8289,,,,,,0,0.1429,0.1429,,,E,△,,0.1862,0.62,,0.5037,S,80,0,◎1着固定 2-3着流し（5〜8点）,0.5777,"{'is_target': True, 'verdict': '点数絞り', 'max_combo_prob': 0.1212, 'est_top_odds': 11.0, 'circle_concentration': 78.7, 'eligible_count': 6, 'bet_adj': 0, 'reason': 'rel_win1=69.3%（本命度） / 最有力組み合わせ確率: 0.121（推定実オッズ?11倍） / 2着集中度: 上位2艇 78.7%（補正+0.04） / 総合判定確率: 0.161 / → ヒモはやや固め。上位2艇以外を切ること', 'tenji_trigger': '展示確認: 1号艇伸び良→そのまま採用。悪→飛び組に差し替え。circle_pct上位2艇に絞り込むこと。'}",,,27,逃げ狙い,11.4,30.8,2,,,,,,,,,,,
2025-04-18,丸亀,1,1,中嶋誠一,B1,34.27,1,◎,53.5491,,0,79.3,0.1609,3.1379,,,0,低,130,0,逃1%,2325,0,83,1.0254,0.5385,,,,,0.4673,0.1519,0.0904,○,,C,◎,,,0.6265,,0.4269,A,61,0,◎-○軸 3着3〜4艇流し（10〜15点）,0.5777,"{'is_target': True, 'verdict': '点数絞り', 'max_combo_prob': 0.0879, 'est_top_odds': 15.2, 'circle_concentration': 72.6, 'eligible_count': 8, 'bet_adj': 0, 'reason': 'rel_win1=53.5%（本命度） / 最有力組み合わせ確率: 0.088（推定実オッズ?15倍） / 2着集中度: 上位2艇 72.6%（補正+0.04） / 総合判定確率: 0.128 / → ヒモはやや固め。上位2艇以外を切ること', 'tenji_trigger': '展示確認: 1号艇伸び良→そのまま採用。悪→飛び組に差し替え。circle_pct上位2艇に絞り込むこと。'}",,,31.8,両建て推奨,15.4,41.2,2,,,,,0,0,0.6155,0,,主役軸流し,B
2025-04-18,丸亀,1,2,谷本幸司,B1,25.56,2,,16.8776,45.3,84,45.7,0.1794,3.6143,,,0,低,87,0,差0%,343,0,25.3,0.8316,0,0.25,0,0,0,0.1048,0.0381,0.0381,,,E,,,0.2445,0.591,,0.4269,A,61,0,◎-○軸 3着3〜4艇流し（10〜15点）,0.5777,"{'is_target': True, 'verdict': '点数絞り', 'max_combo_prob': 0.0879, 'est_top_odds': 15.2, 'circle_concentration': 72.6, 'eligible_count': 8, 'bet_adj': 0, 'reason': 'rel_win1=53.5%（本命度） / 最有力組み合わせ確率: 0.088（推定実オッズ?15倍） / 2着集中度: 上位2艇 72.6%（補正+0.04） / 総合判定確率: 0.128 / → ヒモはやや固め。上位2艇以外を切ること', 'tenji_trigger': '展示確認: 1号艇伸び良→そのまま採用。悪→飛び組に差し替え。circle_pct上位2艇に絞り込むこと。'}",,,31.8,両建て推奨,15.4,41.2,2,,,,,,,,,,,
2025-04-18,丸亀,1,3,西丸敦基,B1,34.53,3,▲,11.2065,27.3,100,52.9,0.1818,3.7941,,,0,低,113,0,-,2 65,0,29.5,0.941,0,0,0.0455,0.0455,0,0.0333,0.0667,0.3,,,B,○,,0.2183,0.6165,,0.4269,A,61,0,◎-○軸 3着3〜4艇流し（10〜15点）,0.5777,"{'is_target': True, 'verdict': '点数絞り', 'max_combo_prob': 0.0879, 'est_top_odds': 15.2, 'circle_concentration': 72.6, 'eligible_count': 8, 'bet_adj': 0, 'reason': 'rel_win1=53.5%（本命度） / 最有力組み合わせ確率: 0.088（推定実オッズ?15倍） / 2着集中度: 上位2艇 72.6%（補正+0.04） / 総合判定確率: 0.128 / → ヒモはやや固め。上位2艇以外を切ること', 'tenji_trigger': '展示確認: 1号艇伸び良→そのまま採用。悪→飛び組に差し替え。circle_pct上位2艇に絞り込むこと。'}",,,31.8,両建て推奨,15.4,41.2,2,,,,,,,,,,,
2025-04-18,丸亀,1,4,重富伸也,B1,43.88,4,○,10.7308,17.3,52,27.1,0.1727,3.6771,,,0,低,124,0,ま0%,664,0,66.4,1.1755,0,0,0.0625,0,0,0.0615,0,0.3231,,,A,△,,0.2698,0.6085,,0.4269,A,61,0,◎-○軸 3着3〜4艇流し（10〜15点）,0.5777,"{'is_target': True, 'verdict': '点数絞り', 'max_combo_prob': 0.0879, 'est_top_odds': 15.2, 'circle_concentration': 72.6, 'eligible_count': 8, 'bet_adj': 0, 'reason': 'rel_win1=53.5%（本命度） / 最有力組み合わせ確率: 0.088（推定実オッズ?15倍） / 2着集中度: 上位2艇 72.6%（補正+0.04） / 総合判定確率: 0.128 / → ヒモはやや固め。上位2艇以外を切ること', 'tenji_trigger': '展示確認: 1号艇伸び良→そのまま採用。悪→飛び組に差し替え。circle_pct上位2艇に絞り込むこと。'}",,,31.8,両建て推奨,15.4,41.2,2,,,,,,,,,,,
2025-04-18,丸亀,1,5,関　裕也,B1,29.29,5,,5.5014,4.8,65,28.9,0.1682,3.4079,,,0,低,86,0,-,4 13,0,33.1,0.7814,0,0,0,0.0556,0.0556,0.0923,0,0.2615,,,D,△,,0.286,0.6015,,0.4269,A,61,0,◎-○軸 3着3〜4艇流し（10〜15点）,0.5777,"{'is_target': True, 'verdict': '点数絞り', 'max_combo_prob': 0.0879, 'est_top_odds': 15.2, 'circle_concentration': 72.6, 'eligible_count': 8, 'bet_adj': 0, 'reason': 'rel_win1=53.5%（本命度） / 最有力組み合わせ確率: 0.088（推定実オッズ?15倍） / 2着集中度: 上位2艇 72.6%（補正+0.04） / 総合判定確率: 0.128 / → ヒモはやや固め。上位2艇以外を切ること', 'tenji_trigger': '展示確認: 1号艇伸び良→そのまま採用。悪→飛び組に差し替え。circle_pct上位2艇に絞り込むこと。'}",,,31.8,両建て推奨,15.4,41.2,2,,,,,,,,,,,
2025-04-18,丸亀,1,6,正木聖賢,B1,31.43,6,△,2.1345,5.3,59,0,0.135,3,,,0,低,64,1,-,515,0,29.5,0.7867,,,,,,0.21,0.135,0.095,,◎,D,,,0.4185,0.585,,0.4269,A,61,0,◎-○軸 3着3〜4艇流し（10〜15点）,0.5777,"{'is_target': True, 'verdict': '点数絞り', 'max_combo_prob': 0.0879, 'est_top_odds': 15.2, 'circle_concentration': 72.6, 'eligible_count': 8, 'bet_adj': 0, 'reason': 'rel_win1=53.5%（本命度） / 最有力組み合わせ確率: 0.088（推定実オッズ?15倍） / 2着集中度: 上位2艇 72.6%（補正+0.04） / 総合判定確率: 0.128 / → ヒモはやや固め。上位2艇以外を切ること', 'tenji_trigger': '展示確認: 1号艇伸び良→そのまま採用。悪→飛び組に差し替え。circle_pct上位2艇に絞り込むこと。'}",,,31.8,両建て推奨,15.4,41.2,2,,,,,,,,,,,
2025-04-18,丸亀,2,1,小林孝彰,B1,25.00,1,◎,55.1389,,0,80,0.1586,3.2429,,,0,低,77,0,逃1%,425,0,77.3,1.0388,0.5789,,,,,0.1921,0.4053,0,◎,,E,◎,,,0.676,,0.4589,A,77,0,◎-○軸 3着3〜4艇流し（10〜15点）,0.5777,"{'is_target': True, 'verdict': '参加推奨', 'max_combo_prob': 0.0478, 'est_top_odds': 27.9, 'circle_concentration': 60.2, 'eligible_count': 8, 'bet_adj': 2, 'reason': 'rel_win1=55.1%（本命度） / 最有力組み合わせ確率: 0.048（推定実オッズ?28倍） / 2着集中度: 上位2艇 60.2%（補正+0.00） / 総合判定確率: 0.048 / → ヒモ分散。1号艇1着固定で広めのヒモ流し推奨（買い目+2点）', 'tenji_trigger': '展示確認: ヒモ分散レース。1号艇伸び確認後、広めのヒモ流しを採用。穴ヒモ（5・6号艇）を積極的に含める。'}",,,25,逃げ狙い,13.74,37.4,2,,,,,0,0,0.7559,0,,逃げ軸流し,A
2025-04-18,丸亀,2,2,渡邊裕貴,B1,30.60,2,,14.8018,32.7,95,50.7,0.1691,3.709,,,0,低,99,0,-,1 62,0,52.7,1.0329,0,0.08,0.04,0,0,0,0.2311,0.1644,,,C,△,,0.2109,0.6215,,0.4589,A,77,0,◎-○軸 3着3〜4艇流し（10〜15点）,0.5777,"{'is_target': True, 'verdict': '参加推奨', 'max_combo_prob': 0.0478, 'est_top_odds': 27.9, 'circle_concentration': 60.2, 'eligible_count': 8, 'bet_adj': 2, 'reason': 'rel_win1=55.1%（本命度） / 最有力組み合わせ確率: 0.048（推定実オッズ?28倍） / 2着集中度: 上位2艇 60.2%（補正+0.00） / 総合判定確率: 0.048 / → ヒモ分散。1号艇1着固定で広めのヒモ流し推奨（買い目+2点）', 'tenji_trigger': '展示確認: ヒモ分散レース。1号艇伸び確認後、広めのヒモ流しを採用。穴ヒモ（5・6号艇）を積極的に含める。'}",,,25,逃げ狙い,13.74,37.4,2,,,,,,,,,,,
2025-04-18,丸亀,2,3,山崎善庸,B1,29.55,3,,7.0872,27.5,90,42.9,0.2109,4.5143,,,0,低,243,0,-,156,0,19,0.7835,,,,,,0.0727,0.3491,0.3309,,,D,,,0.1369,0.5725,,0.4589,A,77,0,◎-○軸 3着3〜4艇流し（10〜15点）,0.5777,"{'is_target': True, 'verdict': '参加推奨', 'max_combo_prob': 0.0478, 'est_top_odds': 27.9, 'circle_concentration': 60.2, 'eligible_count': 8, 'bet_adj': 2, 'reason': 'rel_win1=55.1%（本命度） / 最有力組み合わせ確率: 0.048（推定実オッズ?28倍） / 2着集中度: 上位2艇 60.2%（補正+0.00） / 総合判定確率: 0.048 / → ヒモ分散。1号艇1着固定で広めのヒモ流し推奨（買い目+2点）', 'tenji_trigger': '展示確認: ヒモ分散レース。1号艇伸び確認後、広めのヒモ流しを採用。穴ヒモ（5・6号艇）を積極的に含める。'}",,,25,逃げ狙い,13.74,37.4,2,,,,,,,,,,,
2025-04-18,丸亀,2,4,海野ゆか,A1,33.09,4,○,12.6167,19.7,100,50,0.16,3.125,,,0,低,58,0,差0% ま0%,4 12,0,66.3,1.2153,0,0.1111,0.1111,0,0,0,0.0667,0.1333,,,C,△,,0.3023,0.5965,,0.4589,A,77,0,◎-○軸 3着3〜4艇流し（10〜15点）,0.5777,"{'is_target': True, 'verdict': '参加推奨', 'max_combo_prob': 0.0478, 'est_top_odds': 27.9, 'circle_concentration': 60.2, 'eligible_count': 8, 'bet_adj': 2, 'reason': 'rel_win1=55.1%（本命度） / 最有力組み合わせ確率: 0.048（推定実オッズ?28倍） / 2着集中度: 上位2艇 60.2%（補正+0.00） / 総合判定確率: 0.048 / → ヒモ分散。1号艇1着固定で広めのヒモ流し推奨（買い目+2点）', 'tenji_trigger': '展示確認: ヒモ分散レース。1号艇伸び確認後、広めのヒモ流しを採用。穴ヒモ（5・6号艇）を積極的に含める。'}",,,25,逃げ狙い,13.74,37.4,2,,,,,,,,,,,
2025-04-18,丸亀,2,5,嶋　義信,B1,30.99,5,▲,5.7095,15.7,99,39.3,0.1585,3.6066,,,0,低,90,0,-,6 16,0,88.3,1.5467,,,,,,0.125,0.15,0.1875,,,C,○,,0.3106,0.632,,0.4589,A,77,0,◎-○軸 3着3〜4艇流し（10〜15点）,0.5777,"{'is_target': True, 'verdict': '参加推奨', 'max_combo_prob': 0.0478, 'est_top_odds': 27.9, 'circle_concentration': 60.2, 'eligible_count': 8, 'bet_adj': 2, 'reason': 'rel_win1=55.1%（本命度） / 最有力組み合わせ確率: 0.048（推定実オッズ?28倍） / 2着集中度: 上位2艇 60.2%（補正+0.00） / 総合判定確率: 0.048 / → ヒモ分散。1号艇1着固定で広めのヒモ流し推奨（買い目+2点）', 'tenji_trigger': '展示確認: ヒモ分散レース。1号艇伸び確認後、広めのヒモ流しを採用。穴ヒモ（5・6号艇）を積極的に含める。'}",,,25,逃げ狙い,13.74,37.4,2,,,,,,,,,,,
2025-04-18,丸亀,2,6,佐竹太一,B1,49.24,6,△,4.6458,4.4,88,28,0.2202,4.65,,,0,低,176,0,差0%,154,0,49.9,1.2661,0,0.08,0,0,0,0.2727,0.0364,0.1727,,,A,,,0.1126,0.589,,0.4589,A,77,0,◎-○軸 3着3〜4艇流し（10〜15点）,0.5777,"{'is_target': True, 'verdict': '参加推奨', 'max_combo_prob': 0.0478, 'est_top_odds': 27.9, 'circle_concentration': 60.2, 'eligible_count': 8, 'bet_adj': 2, 'reason': 'rel_win1=55.1%（本命度） / 最有力組み合わせ確率: 0.048（推定実オッズ?28倍） / 2着集中度: 上位2艇 60.2%（補正+0.00） / 総合判定確率: 0.048 / → ヒモ分散。1号艇1着固定で広めのヒモ流し推奨（買い目+2点）', 'tenji_trigger': '展示確認: ヒモ分散レース。1号艇伸び確認後、広めのヒモ流しを採用。穴ヒモ（5・6号艇）を積極的に含める。'}",,,25,逃げ狙い,13.74,37.4,2,,,,,,,,,,,
2025-04-18,丸亀,3,1,喜多須杏,B1,30.00,1,◎,42.31,,0,66.7,0.142,3.05,,,0,低,60,0,逃1%,5 33,0,59.7,0.8519,0.7143,,,,,0,0.1429,0.1429,○,,D,△,,,0.62,,0.4388,C,38,0,荒れ傾向。高配当狙いか見送り,0.5777,"{'is_target': False, 'verdict': '対象外', 'max_combo_prob': None, 'est_top_odds': None, 'circle_concentration': None, 'eligible_count': 0, 'bet_adj': 0, 'reason': '1号艇rel_win1 < 45%: 通常判定に委ねる', 'tenji_trigger': ''}",,,28.3,両建て推奨,20.97,26.3,2,,,,,0,0,0.6155,0,,逃げ軸流し,A
2025-04-18,丸亀,3,2,宮之原輝,A1,18.25,2,△,26.6112,58.5,71,79.4,0.1453,3.1618,,,0,低,35,0,差0% ま0%,242,0,84.3,1.4133,0,0.2632,0.1053,0,0,0.0333,0.0333,0.1,,◎,E,◎,,0.3245,0.7135,,0.4388,C,38,0,荒れ傾向。高配当狙いか見送り,0.5777,"{'is_target': False, 'verdict': '対象外', 'max_combo_prob': None, 'est_top_odds': None, 'circle_concentration': None, 'eligible_count': 0, 'bet_adj': 0, 'reason': '1号艇rel_win1 < 45%: 通常判定に委ねる', 'tenji_trigger': ''}",,,28.3,両建て推奨,20.97,26.3,2,,,,,,,,,,,
2025-04-18,丸亀,3,3,石丸小槙,B2,41.43,3,○,12.8504,22.6,81,57.1,0.16,2.8571,,,0,低,15,1,-,651F,0,29.3,0.8815,,,,,,,,,,,B,,,0.215,0.4805,,0.4388,C,38,0,荒れ傾向。高配当狙いか見送り,0.5777,"{'is_target': False, 'verdict': '対象外', 'max_combo_prob': None, 'est_top_odds': None, 'circle_concentration': None, 'eligible_count': 0, 'bet_adj': 0, 'reason': '1号艇rel_win1 < 45%: 通常判定に委ねる', 'tenji_trigger': ''}",,,28.3,両建て推奨,20.97,26.3,2,,,,,,,,,,,
2025-04-18,丸亀,3,4,中村栄治,B1,41.91,4,▲,11.8487,9.9,100,39.1,0.1841,3.5652,,,0,低,142,0,差0% ま0% 差ま0% 抜0%,6 54,0,44.8,1.013,0,0.05,0.05,0.05,0.05,0.12,0.04,0.04,,,B,,◎,0.1263,0.588,0.2743,0.4388,C,38,0,荒れ傾向。高配当狙いか見送り,0.5777,"{'is_target': False, 'verdict': '対象外', 'max_combo_prob': None, 'est_top_odds': None, 'circle_concentration': None, 'eligible_count': 0, 'bet_adj': 0, 'reason': '1号艇rel_win1 < 45%: 通常判定に委ねる', 'tenji_trigger': ''}",,,28.3,両建て推奨,20.97,26.3,2,,,,,,,,,,,
2025-04-18,丸亀,3,5,武重雄介,A2,40.77,5,,5.1996,7.1,63,32,0.1816,3.94,,,0,低,119,0,-,3 45,0,51.9,1.021,,,,,,0.1657,0,0.0343,,,B,○,,0.1865,0.6375,,0.4388,C,38,0,荒れ傾向。高配当狙いか見送り,0.5777,"{'is_target': False, 'verdict': '対象外', 'max_combo_prob': None, 'est_top_odds': None, 'circle_concentration': None, 'eligible_count': 0, 'bet_adj': 0, 'reason': '1号艇rel_win1 < 45%: 通常判定に委ねる', 'tenji_trigger': ''}",,,28.3,両建て推奨,20.97,26.3,2,,,,,,,,,,,
2025-04-18,丸亀,3,6,松下哲也,B1,38.57,6,,1.1801,2,23,10.4,0.1842,4.0104,,,0,低,136,0,-,5 56,0,26,0.7622,,,,,,0.0762,0.0952,0.2762,,,C,△,,0.1757,0.5965,,0.4388,C,38,0,荒れ傾向。高配当狙いか見送り,0.5777,"{'is_target': False, 'verdict': '対象外', 'max_combo_prob': None, 'est_top_odds': None, 'circle_concentration': None, 'eligible_count': 0, 'bet_adj': 0, 'reason': '1号艇rel_win1 < 45%: 通常判定に委ねる', 'tenji_trigger': ''}",,,28.3,両建て推奨,20.97,26.3,2,,,,,,,,,,,
2025-04-18,丸亀,4,1,仁科さや,B2,32.33,1,◎,46.4854,,0,50,0.175,3.3333,,,0,低,24,1,逃0%,4 65,0,33.2,0.6959,0.3333,,,,,0.1667,0.3333,0,△⚠️,,D,△,,,0.6165,,0.2711,C,37,0,荒れ傾向。高配当狙いか見送り,0.5777,"{'is_target': True, 'verdict': '点数絞り', 'max_combo_prob': 0.1059, 'est_top_odds': 12.6, 'circle_concentration': 83.0, 'eligible_count': 6, 'bet_adj': 0, 'reason': 'rel_win1=46.5%（本命度） / 最有力組み合わせ確率: 0.106（推定実オッズ?13倍） / 2着集中度: 上位2艇 83.0%（補正+0.04） / 総合判定確率: 0.146 / → ヒモはやや固め。上位2艇以外を切ること', 'tenji_trigger': '展示確認: 1号艇伸び良→そのまま採用。悪→飛び組に差し替え。circle_pct上位2艇に絞り込むこと。'}",,,30.2,両建て推奨,17.04,35.2,2,2-1-3|2-1-4|2-1-5|2-3-1|2-3-4|2-5-1|2-5-3|1-2-5|1-2-4|1-4-2|1-4-5|1-3-2,2-1-3|2-1-4|2-1-5|2-3-1|2-3-4|2-5-1|2-5-3|1-2-5|1-2-4|1-4-2|1-4-5|1-3-2,2-1-3:2.71%|2-1-4:2.45%|2-1-5:1.28%|2-3-1:0.83%|2-3-4:0.47%|2-5-1:0.42%|2-5-3:0.26%|1-2-5:8.45%|1-2-4:8.36%|1-4-2:4.48%|1-4-5:3.98%|1-3-2:3.58%,2-1-3:B_main|2-1-4:B_main|2-1-5:B_main|2-3-1:B_main|2-3-4:B_main|2-5-1:B_main|2-5-3:B_main|1-2-5:A|1-2-4:A|1-4-2:A|1-4-5:A|1-3-2:A,12,12,0.4535,1,[!]見送り推奨（主役決まり手「差し」― 逃げ劣勢レースで的中実績なし）,主役軸流し,B
2025-04-18,丸亀,4,2,柳沢　一,A1,36.69,2,○,24.249,60.6,89,74.4,0.1353,2.8953,,,0,低,43,0,差1%,4124,0,25.7,0.7752,0,0.1818,0.0909,0,0.0455,0.0432,0.1074,0.1074,,◎,C,◎,,0.5893,0.698,,0.2711,C,37,0,荒れ傾向。高配当狙いか見送り,0.5777,"{'is_target': True, 'verdict': '点数絞り', 'max_combo_prob': 0.1059, 'est_top_odds': 12.6, 'circle_concentration': 83.0, 'eligible_count': 6, 'bet_adj': 0, 'reason': 'rel_win1=46.5%（本命度） / 最有力組み合わせ確率: 0.106（推定実オッズ?13倍） / 2着集中度: 上位2艇 83.0%（補正+0.04） / 総合判定確率: 0.146 / → ヒモはやや固め。上位2艇以外を切ること', 'tenji_trigger': '展示確認: 1号艇伸び良→そのまま採用。悪→飛び組に差し替え。circle_pct上位2艇に絞り込むこと。'}",,,30.2,両建て推奨,17.04,35.2,2,,,,,,,,,,,
2025-04-18,丸亀,4,3,吉武真也,B1,35.62,3,,12.5079,8.7,100,47.6,0.1562,3.4405,,,0,低,106,0,差ま0% 抜0%,5 12,0,36.2,0.9937,0,0,0,0.04,0.04,0.2676,0.0235,0.2441,,△,C,,,0.3736,0.595,,0.2711,C,37,0,荒れ傾向。高配当狙いか見送り,0.5777,"{'is_target': True, 'verdict': '点数絞り', 'max_combo_prob': 0.1059, 'est_top_odds': 12.6, 'circle_concentration': 83.0, 'eligible_count': 6, 'bet_adj': 0, 'reason': 'rel_win1=46.5%（本命度） / 最有力組み合わせ確率: 0.106（推定実オッズ?13倍） / 2着集中度: 上位2艇 83.0%（補正+0.04） / 総合判定確率: 0.146 / → ヒモはやや固め。上位2艇以外を切ること', 'tenji_trigger': '展示確認: 1号艇伸び良→そのまま採用。悪→飛び組に差し替え。circle_pct上位2艇に絞り込むこと。'}",,,30.2,両建て推奨,17.04,35.2,2,,,,,,,,,,,
2025-04-18,丸亀,4,4,半田尚也,B1,40.30,4,△,7.902,22.4,39,28.6,0.1596,3.7143,,,0,低,141,0,-,1 23,0,92.8,1.7143,0,0,0.0435,0.0435,0,0.18,0.54,0.16,,,B,,,0.35,0.5765,,0.2711,C,37,0,荒れ傾向。高配当狙いか見送り,0.5777,"{'is_target': True, 'verdict': '点数絞り', 'max_combo_prob': 0.1059, 'est_top_odds': 12.6, 'circle_concentration': 83.0, 'eligible_count': 6, 'bet_adj': 0, 'reason': 'rel_win1=46.5%（本命度） / 最有力組み合わせ確率: 0.106（推定実オッズ?13倍） / 2着集中度: 上位2艇 83.0%（補正+0.04） / 総合判定確率: 0.146 / → ヒモはやや固め。上位2艇以外を切ること', 'tenji_trigger': '展示確認: 1号艇伸び良→そのまま採用。悪→飛び組に差し替え。circle_pct上位2艇に絞り込むこと。'}",,,30.2,両建て推奨,17.04,35.2,2,,,,,,,,,,,
2025-04-18,丸亀,4,5,岩崎芳美,A2,42.34,5,▲,7.8069,6.3,79,29.4,0.1453,3.6765,,,0,低,23,0,差ま0%,1 5F,0,42.7,0.9619,0,0,0,0.0833,0,0.0833,0.25,0.25,,,B,○,,0.3883,0.6485,,0.2711,C,37,0,荒れ傾向。高配当狙いか見送り,0.5777,"{'is_target': True, 'verdict': '点数絞り', 'max_combo_prob': 0.1059, 'est_top_odds': 12.6, 'circle_concentration': 83.0, 'eligible_count': 6, 'bet_adj': 0, 'reason': 'rel_win1=46.5%（本命度） / 最有力組み合わせ確率: 0.106（推定実オッズ?13倍） / 2着集中度: 上位2艇 83.0%（補正+0.04） / 総合判定確率: 0.146 / → ヒモはやや固め。上位2艇以外を切ること', 'tenji_trigger': '展示確認: 1号艇伸び良→そのまま採用。悪→飛び組に差し替え。circle_pct上位2艇に絞り込むこと。'}",,,30.2,両建て推奨,17.04,35.2,2,,,,,,,,,,,
2025-04-18,丸亀,4,6,原　豊土,B1,34.06,6,,1.0487,2,48,25,0.2094,4.8333,,,0,低,122,0,-,461,0,33.4,0.9933,,,,,,0.1711,0,0.0632,,,D,△,,0.2029,0.6015,,0.2711,C,37,0,荒れ傾向。高配当狙いか見送り,0.5777,"{'is_target': True, 'verdict': '点数絞り', 'max_combo_prob': 0.1059, 'est_top_odds': 12.6, 'circle_concentration': 83.0, 'eligible_count': 6, 'bet_adj': 0, 'reason': 'rel_win1=46.5%（本命度） / 最有力組み合わせ確率: 0.106（推定実オッズ?13倍） / 2着集中度: 上位2艇 83.0%（補正+0.04） / 総合判定確率: 0.146 / → ヒモはやや固め。上位2艇以外を切ること', 'tenji_trigger': '展示確認: 1号艇伸び良→そのまま採用。悪→飛び組に差し替え。circle_pct上位2艇に絞り込むこと。'}",,,30.2,両建て推奨,17.04,35.2,2,,,,,,,,,,,
2025-04-18,丸亀,5,1,汐崎正則,B1,28.15,1,◎,44.2443,,0,87.9,0.1539,2.7879,,,0,低,79,0,逃0%,6 63,0,70.4,1.0782,0.375,,,,,0.05,0.17,0.075,○,,C,,,,0.618,,0.4155,A,62,0,◎-○軸 3着3〜4艇流し（10〜15点）,0.5777,"{'is_target': False, 'verdict': '対象外', 'max_combo_prob': None, 'est_top_odds': None, 'circle_concentration': None, 'eligible_count': 0, 'bet_adj': 0, 'reason': '1号艇rel_win1 < 45%: 通常判定に委ねる', 'tenji_trigger': ''}",,,29.9,両建て推奨,23.14,29,5,,,,,0,0,0.6155,0,,逃げ軸流し,A
2025-04-18,丸亀,5,2,正木聖賢,B1,31.43,2,△,11.9186,31.9,87,52.9,0.1673,3.7255,,,0,低,64,0,-,515,0,100,0.8876,0,0.0345,0.0345,0,0,0.21,0.135,0.095,,,C,,,0.1801,0.585,,0.4155,A,62,0,◎-○軸 3着3〜4艇流し（10〜15点）,0.5777,"{'is_target': False, 'verdict': '対象外', 'max_combo_prob': None, 'est_top_odds': None, 'circle_concentration': None, 'eligible_count': 0, 'bet_adj': 0, 'reason': '1号艇rel_win1 < 45%: 通常判定に委ねる', 'tenji_trigger': ''}",,,29.9,両建て推奨,23.14,29,5,,,,,,,,,,,
2025-04-18,丸亀,5,3,中越博紀,A2,26.32,3,,11.074,31.7,72,58.6,0.1659,3.7414,,,0,低,130,0,抜0%,2236,0,40.1,1.0315,0,0,0,0.0952,0.0952,0.0296,0.3593,0.0593,,,D,△,,0.2594,0.6195,,0.4155,A,62,0,◎-○軸 3着3〜4艇流し（10〜15点）,0.5777,"{'is_target': False, 'verdict': '対象外', 'max_combo_prob': None, 'est_top_odds': None, 'circle_concentration': None, 'eligible_count': 0, 'bet_adj': 0, 'reason': '1号艇rel_win1 < 45%: 通常判定に委ねる', 'tenji_trigger': ''}",,,29.9,両建て推奨,23.14,29,5,,,,,,,,,,,
2025-04-18,丸亀,5,4,稗田聖也,B1,34.33,4,○,18.9543,20.4,100,50.7,0.139,2.5217,,,0,低,66,0,差0% ま0% 抜0%,156,0,71.3,1.47,0,0.0769,0.0385,0,0.0769,0,0.0242,0.2348,,,B,◎,◎,0.374,0.671,0.3901,0.4155,A,62,0,◎-○軸 3着3〜4艇流し（10〜15点）,0.5777,"{'is_target': False, 'verdict': '対象外', 'max_combo_prob': None, 'est_top_odds': None, 'circle_concentration': None, 'eligible_count': 0, 'bet_adj': 0, 'reason': '1号艇rel_win1 < 45%: 通常判定に委ねる', 'tenji_trigger': ''}",,,29.9,両建て推奨,23.14,29,5,,,,,,,,,,,
2025-04-18,丸亀,5,5,白井英治,A1,31.91,5,▲,10.9549,9.4,84,71.4,0.1229,2.7143,,,0,低,29,1,ま0%,623,0,34.3,2.0357,0,0,0.25,0,0,0.0588,0.1765,0.0588,,◎,B,○,,0.4793,0.659,,0.4155,A,62,0,◎-○軸 3着3〜4艇流し（10〜15点）,0.5777,"{'is_target': False, 'verdict': '対象外', 'max_combo_prob': None, 'est_top_odds': None, 'circle_concentration': None, 'eligible_count': 0, 'bet_adj': 0, 'reason': '1号艇rel_win1 < 45%: 通常判定に委ねる', 'tenji_trigger': ''}",,,29.9,両建て推奨,23.14,29,5,,,,,,,,,,,
2025-04-18,丸亀,5,6,三宅　潤,A2,23.28,6,,2.854,6.7,54,29.5,0.2152,5.2377,,,0,低,174,0,-,2 26,0,28.2,0.7667,,,,,,0.0222,0.0444,0.2111,,,E,△,,0.1552,0.6355,,0.4155,A,62,0,◎-○軸 3着3〜4艇流し（10〜15点）,0.5777,"{'is_target': False, 'verdict': '対象外', 'max_combo_prob': None, 'est_top_odds': None, 'circle_concentration': None, 'eligible_count': 0, 'bet_adj': 0, 'reason': '1号艇rel_win1 < 45%: 通常判定に委ねる', 'tenji_trigger': ''}",,,29.9,両建て推奨,23.14,29,5,,,,,,,,,,,
2025-04-18,丸亀,6,1,鈴木勝博,A2,48.09,1,◎,64.4212,,0,86.5,0.1651,3.3108,,,0,低,90,0,逃1%,316,0,93.5,1.2896,0.6053,,,,,0.1171,0.2776,0.0211,◎,,A,△,,,0.6045,,0.5224,S,90,0,◎1着固定 2-3着流し（5〜8点）,0.5777,"{'is_target': True, 'verdict': '参加推奨', 'max_combo_prob': 0.103, 'est_top_odds': 12.9, 'circle_concentration': 65.9, 'eligible_count': 6, 'bet_adj': 2, 'reason': 'rel_win1=64.4%（本命度） / 最有力組み合わせ確率: 0.103（推定実オッズ?13倍） / 2着集中度: 上位2艇 65.9%（補正+0.00） / 総合判定確率: 0.103 / → ヒモ分散。1号艇1着固定で広めのヒモ流し推奨（買い目+2点）', 'tenji_trigger': '展示確認: ヒモ分散レース。1号艇伸び確認後、広めのヒモ流しを採用。穴ヒモ（5・6号艇）を積極的に含める。'}",,,28.3,逃げ狙い,13.89,32.6,4,,,,,0,0,0.7559,0,,逃げ軸流し,A
2025-04-18,丸亀,6,2,重富伸也,B1,43.88,2,▲,8.9995,24.3,62,36.2,0.177,4.0532,,,0,低,124,0,-,664,0,77.7,1.5033,0,0.0625,0,0,0,0.0615,0,0.3231,,,B,△,,0.2115,0.6085,,0.5224,S,90,0,◎1着固定 2-3着流し（5〜8点）,0.5777,"{'is_target': True, 'verdict': '参加推奨', 'max_combo_prob': 0.103, 'est_top_odds': 12.9, 'circle_concentration': 65.9, 'eligible_count': 6, 'bet_adj': 2, 'reason': 'rel_win1=64.4%（本命度） / 最有力組み合わせ確率: 0.103（推定実オッズ?13倍） / 2着集中度: 上位2艇 65.9%（補正+0.00） / 総合判定確率: 0.103 / → ヒモ分散。1号艇1着固定で広めのヒモ流し推奨（買い目+2点）', 'tenji_trigger': '展示確認: ヒモ分散レース。1号艇伸び確認後、広めのヒモ流しを採用。穴ヒモ（5・6号艇）を積極的に含める。'}",,,28.3,逃げ狙い,13.89,32.6,4,,,,,,,,,,,
2025-04-18,丸亀,6,3,下河誉史,A2,27.66,3,,10.8327,39.5,77,60.6,0.1786,3.7424,,,0,低,163,0,-,252,0,83.5,1.7623,0,0,0.0909,0,0,0.1585,0.1683,0.0293,,,D,◎,,0.2615,0.6355,,0.5224,S,90,0,◎1着固定 2-3着流し（5〜8点）,0.5777,"{'is_target': True, 'verdict': '参加推奨', 'max_combo_prob': 0.103, 'est_top_odds': 12.9, 'circle_concentration': 65.9, 'eligible_count': 6, 'bet_adj': 2, 'reason': 'rel_win1=64.4%（本命度） / 最有力組み合わせ確率: 0.103（推定実オッズ?13倍） / 2着集中度: 上位2艇 65.9%（補正+0.00） / 総合判定確率: 0.103 / → ヒモ分散。1号艇1着固定で広めのヒモ流し推奨（買い目+2点）', 'tenji_trigger': '展示確認: ヒモ分散レース。1号艇伸び確認後、広めのヒモ流しを採用。穴ヒモ（5・6号艇）を積極的に含める。'}",,,28.3,逃げ狙い,13.89,32.6,4,,,,,,,,,,,
2025-04-18,丸亀,6,4,大須賀友,A1,25.56,4,△,10.1488,26.4,100,69.2,0.1546,3.2115,,,0,低,116,0,差ま0%,415,0,72.6,1.3404,0,0.0476,0.0952,0.0952,0,0.0516,0.1258,0.0129,,,E,,◎,0.3896,0.599,0.5099,0.5224,S,90,0,◎1着固定 2-3着流し（5〜8点）,0.5777,"{'is_target': True, 'verdict': '参加推奨', 'max_combo_prob': 0.103, 'est_top_odds': 12.9, 'circle_concentration': 65.9, 'eligible_count': 6, 'bet_adj': 2, 'reason': 'rel_win1=64.4%（本命度） / 最有力組み合わせ確率: 0.103（推定実オッズ?13倍） / 2着集中度: 上位2艇 65.9%（補正+0.00） / 総合判定確率: 0.103 / → ヒモ分散。1号艇1着固定で広めのヒモ流し推奨（買い目+2点）', 'tenji_trigger': '展示確認: ヒモ分散レース。1号艇伸び確認後、広めのヒモ流しを採用。穴ヒモ（5・6号艇）を積極的に含める。'}",,,28.3,逃げ狙い,13.89,32.6,4,,,,,,,,,,,
2025-04-18,丸亀,6,5,渡邊裕貴,B1,30.60,5,○,4.6195,9.4,57,31.1,0.1493,3.3934,,,0,低,99,0,-,1 62,0,74.9,1.3731,,,,,,0,0.2311,0.1644,,◎,C,○,,0.4025,0.6215,,0.5224,S,90,0,◎1着固定 2-3着流し（5〜8点）,0.5777,"{'is_target': True, 'verdict': '参加推奨', 'max_combo_prob': 0.103, 'est_top_odds': 12.9, 'circle_concentration': 65.9, 'eligible_count': 6, 'bet_adj': 2, 'reason': 'rel_win1=64.4%（本命度） / 最有力組み合わせ確率: 0.103（推定実オッズ?13倍） / 2着集中度: 上位2艇 65.9%（補正+0.00） / 総合判定確率: 0.103 / → ヒモ分散。1号艇1着固定で広めのヒモ流し推奨（買い目+2点）', 'tenji_trigger': '展示確認: ヒモ分散レース。1号艇伸び確認後、広めのヒモ流しを採用。穴ヒモ（5・6号艇）を積極的に含める。'}",,,28.3,逃げ狙い,13.89,32.6,4,,,,,,,,,,,
2025-04-18,丸亀,6,6,山崎善庸,B1,29.55,6,,0.9783,0.4,28,7.5,0.2764,5.7736,,,0,低,243,0,-,156,0,34.2,0.635,,,,,,0.0727,0.3491,0.3309,,,D,,,0.1766,0.5725,,0.5224,S,90,0,◎1着固定 2-3着流し（5〜8点）,0.5777,"{'is_target': True, 'verdict': '参加推奨', 'max_combo_prob': 0.103, 'est_top_odds': 12.9, 'circle_concentration': 65.9, 'eligible_count': 6, 'bet_adj': 2, 'reason': 'rel_win1=64.4%（本命度） / 最有力組み合わせ確率: 0.103（推定実オッズ?13倍） / 2着集中度: 上位2艇 65.9%（補正+0.00） / 総合判定確率: 0.103 / → ヒモ分散。1号艇1着固定で広めのヒモ流し推奨（買い目+2点）', 'tenji_trigger': '展示確認: ヒモ分散レース。1号艇伸び確認後、広めのヒモ流しを採用。穴ヒモ（5・6号艇）を積極的に含める。'}",,,28.3,逃げ狙い,13.89,32.6,4,,,,,,,,,,,
2025-04-18,丸亀,7,1,西丸敦基,B1,34.53,1,◎,56.2171,,0,87.5,0.1806,3.1562,,,0,低,113,0,逃0%,2 65,0,71.2,1.1072,0.5,,,,,0.0333,0.0667,0.3,○⚠️,,C,△,,,0.6165,,0.4132,A,79,0,◎-○軸 3着3〜4艇流し（10〜15点）,0.5777,"{'is_target': True, 'verdict': '参加推奨', 'max_combo_prob': 0.0809, 'est_top_odds': 16.5, 'circle_concentration': 67.1, 'eligible_count': 8, 'bet_adj': 2, 'reason': 'rel_win1=56.2%（本命度） / 最有力組み合わせ確率: 0.081（推定実オッズ?16倍） / 2着集中度: 上位2艇 67.1%（補正+0.00） / 総合判定確率: 0.081 / → ヒモ分散。1号艇1着固定で広めのヒモ流し推奨（買い目+2点）', 'tenji_trigger': '展示確認: ヒモ分散レース。1号艇伸び確認後、広めのヒモ流しを採用。穴ヒモ（5・6号艇）を積極的に含める。\n展示で1号艇スタート遅め(0.181秒)確認→ヒモが荒れやすい'}",,,28.3,逃げ狙い,16.24,30.6,3,3-1-5|3-1-4|3-1-6|3-4-1|3-5-1|3-4-5|3-5-4|1-2-5|1-3-5|1-2-3|1-2-4|3-1-2,3-1-5|3-1-4|3-1-6|3-4-1|3-5-1|3-4-5|3-5-4|1-2-5|1-3-5|1-2-3|1-2-4|3-1-2,3-1-5:2.26%|3-1-4:1.74%|3-1-6:0.72%|3-4-1:0.68%|3-5-1:0.53%|3-4-5:0.22%|3-5-4:0.13%|1-2-5:7.19%|1-3-5:6.28%|1-2-3:5.66%|1-2-4:4.96%|3-1-2:4.8%,3-1-5:B_main|3-1-4:B_main|3-1-6:B_main|3-4-1:B_main|3-5-1:B_main|3-4-5:B_main|3-5-4:B_main|1-2-5:A|1-3-5:A|1-2-3:A|1-2-4:A|3-1-2:B_sc,12,12,0.4535,1,[!]見送り推奨（主役決まり手「まくり差し」― 逃げ劣勢レースで的中実績なし）,主役軸流し,B
2025-04-18,丸亀,7,2,松村康太,A2,41.67,2,▲,13.7578,41.5,100,77.5,0.1856,4.2606,,,0,低,166,0,-,2 31,0,27,0.9112,0,0.0303,0.0303,0,0.0303,0.22,0.1756,0.2689,,,B,○,,0.2555,0.6195,,0.4132,A,79,0,◎-○軸 3着3〜4艇流し（10〜15点）,0.5777,"{'is_target': True, 'verdict': '参加推奨', 'max_combo_prob': 0.0809, 'est_top_odds': 16.5, 'circle_concentration': 67.1, 'eligible_count': 8, 'bet_adj': 2, 'reason': 'rel_win1=56.2%（本命度） / 最有力組み合わせ確率: 0.081（推定実オッズ?16倍） / 2着集中度: 上位2艇 67.1%（補正+0.00） / 総合判定確率: 0.081 / → ヒモ分散。1号艇1着固定で広めのヒモ流し推奨（買い目+2点）', 'tenji_trigger': '展示確認: ヒモ分散レース。1号艇伸び確認後、広めのヒモ流しを採用。穴ヒモ（5・6号艇）を積極的に含める。\n展示で1号艇スタート遅め(0.181秒)確認→ヒモが荒れやすい'}",,,28.3,逃げ狙い,16.24,30.6,3,,,,,,,,,,,
2025-04-18,丸亀,7,3,喜多須杏,B1,30.00,3,,7.7732,25.7,85,52.9,0.1565,3.1912,,,0,低,60,0,-,5 33,0,47.9,1.2119,,,,,,0,0.1429,0.1429,,◎,D,◎,,0.4342,0.62,,0.4132,A,79,0,◎-○軸 3着3〜4艇流し（10〜15点）,0.5777,"{'is_target': True, 'verdict': '参加推奨', 'max_combo_prob': 0.0809, 'est_top_odds': 16.5, 'circle_concentration': 67.1, 'eligible_count': 8, 'bet_adj': 2, 'reason': 'rel_win1=56.2%（本命度） / 最有力組み合わせ確率: 0.081（推定実オッズ?16倍） / 2着集中度: 上位2艇 67.1%（補正+0.00） / 総合判定確率: 0.081 / → ヒモ分散。1号艇1着固定で広めのヒモ流し推奨（買い目+2点）', 'tenji_trigger': '展示確認: ヒモ分散レース。1号艇伸び確認後、広めのヒモ流しを採用。穴ヒモ（5・6号艇）を積極的に含める。\n展示で1号艇スタート遅め(0.181秒)確認→ヒモが荒れやすい'}",,,28.3,逃げ狙い,16.24,30.6,3,,,,,,,,,,,
2025-04-18,丸亀,7,4,佐竹太一,B1,49.24,4,○,12.674,13.2,56,36.7,0.2024,4.0102,,,0,低,176,0,-,154,0,38.3,1.0668,0,0.0556,0,0.1111,0,0.2727,0.0364,0.1727,,,A,,○,0.2115,0.589,0.1953,0.4132,A,79,0,◎-○軸 3着3〜4艇流し（10〜15点）,0.5777,"{'is_target': True, 'verdict': '参加推奨', 'max_combo_prob': 0.0809, 'est_top_odds': 16.5, 'circle_concentration': 67.1, 'eligible_count': 8, 'bet_adj': 2, 'reason': 'rel_win1=56.2%（本命度） / 最有力組み合わせ確率: 0.081（推定実オッズ?16倍） / 2着集中度: 上位2艇 67.1%（補正+0.00） / 総合判定確率: 0.081 / → ヒモ分散。1号艇1着固定で広めのヒモ流し推奨（買い目+2点）', 'tenji_trigger': '展示確認: ヒモ分散レース。1号艇伸び確認後、広めのヒモ流しを採用。穴ヒモ（5・6号艇）を積極的に含める。\n展示で1号艇スタート遅め(0.181秒)確認→ヒモが荒れやすい'}",,,28.3,逃げ狙い,16.24,30.6,3,,,,,,,,,,,
2025-04-18,丸亀,7,5,白水勝也,A1,26.87,5,,8.3587,16.5,80,63.5,0.1667,3.3846,,,0,低,134,0,差0% 差ま0%,3522,0,94.9,1.7895,0,0.04,0,0.04,0,0.1045,0.0455,0.0955,,,E,,◎,0.3267,0.604,0.3839,0.4132,A,79,0,◎-○軸 3着3〜4艇流し（10〜15点）,0.5777,"{'is_target': True, 'verdict': '参加推奨', 'max_combo_prob': 0.0809, 'est_top_odds': 16.5, 'circle_concentration': 67.1, 'eligible_count': 8, 'bet_adj': 2, 'reason': 'rel_win1=56.2%（本命度） / 最有力組み合わせ確率: 0.081（推定実オッズ?16倍） / 2着集中度: 上位2艇 67.1%（補正+0.00） / 総合判定確率: 0.081 / → ヒモ分散。1号艇1着固定で広めのヒモ流し推奨（買い目+2点）', 'tenji_trigger': '展示確認: ヒモ分散レース。1号艇伸び確認後、広めのヒモ流しを採用。穴ヒモ（5・6号艇）を積極的に含める。\n展示で1号艇スタート遅め(0.181秒)確認→ヒモが荒れやすい'}",,,28.3,逃げ狙い,16.24,30.6,3,,,,,,,,,,,
2025-04-18,丸亀,7,6,小野寺智,A2,38.69,6,△,1.2192,3.2,24,27.6,0.1712,3.75,,,0,低,79,0,-,153,0,35.8,0.9925,,,,,,0.1217,0.0174,0.3096,,,C,△,,0.3436,0.6185,,0.4132,A,79,0,◎-○軸 3着3〜4艇流し（10〜15点）,0.5777,"{'is_target': True, 'verdict': '参加推奨', 'max_combo_prob': 0.0809, 'est_top_odds': 16.5, 'circle_concentration': 67.1, 'eligible_count': 8, 'bet_adj': 2, 'reason': 'rel_win1=56.2%（本命度） / 最有力組み合わせ確率: 0.081（推定実オッズ?16倍） / 2着集中度: 上位2艇 67.1%（補正+0.00） / 総合判定確率: 0.081 / → ヒモ分散。1号艇1着固定で広めのヒモ流し推奨（買い目+2点）', 'tenji_trigger': '展示確認: ヒモ分散レース。1号艇伸び確認後、広めのヒモ流しを採用。穴ヒモ（5・6号艇）を積極的に含める。\n展示で1号艇スタート遅め(0.181秒)確認→ヒモが荒れやすい'}",,,28.3,逃げ狙い,16.24,30.6,3,,,,,,,,,,,
2025-04-18,丸亀,8,1,梶野学志,A1,30.22,1,◎,68.498,,0,92.9,0.1329,2.3643,,,0,低,97,0,逃0%,2 14,0,67.7,1.0365,0.7931,,,,,0.0138,0.1164,0.0276,◎,,D,○,,,0.656,,0.6307,A,76,0,◎-○軸 3着3〜4艇流し（10〜15点）,0.5777,"{'is_target': True, 'verdict': '点数絞り', 'max_combo_prob': 0.1085, 'est_top_odds': 12.3, 'circle_concentration': 80.8, 'eligible_count': 8, 'bet_adj': 0, 'reason': 'rel_win1=68.5%（本命度） / 最有力組み合わせ確率: 0.109（推定実オッズ?12倍） / 2着集中度: 上位2艇 80.8%（補正+0.04） / 総合判定確率: 0.149 / → ヒモはやや固め。上位2艇以外を切ること', 'tenji_trigger': '展示確認: 1号艇伸び良→そのまま採用。悪→飛び組に差し替え。circle_pct上位2艇に絞り込むこと。\n展示で1号艇スタート超安定(0.133秒)→ヒモ固まり方向に注意'}",,,27.5,逃げ狙い,20.37,24.7,4,,,,,0,0,0.7559,0,,逃げ軸流し,A
2025-04-18,丸亀,8,2,森　悠稀,A2,23.62,2,,7.5903,39.1,86,68.8,0.1497,3.3443,,,0,低,62,0,-,3334,0,99.4,1.929,0,0,0.037,0,0,0.0552,0.0276,0.0552,,,E,◎,,0.1356,0.6755,,0.6307,A,76,0,◎-○軸 3着3〜4艇流し（10〜15点）,0.5777,"{'is_target': True, 'verdict': '点数絞り', 'max_combo_prob': 0.1085, 'est_top_odds': 12.3, 'circle_concentration': 80.8, 'eligible_count': 8, 'bet_adj': 0, 'reason': 'rel_win1=68.5%（本命度） / 最有力組み合わせ確率: 0.109（推定実オッズ?12倍） / 2着集中度: 上位2艇 80.8%（補正+0.04） / 総合判定確率: 0.149 / → ヒモはやや固め。上位2艇以外を切ること', 'tenji_trigger': '展示確認: 1号艇伸び良→そのまま採用。悪→飛び組に差し替え。circle_pct上位2艇に絞り込むこと。\n展示で1号艇スタート超安定(0.133秒)→ヒモ固まり方向に注意'}",,,27.5,逃げ狙い,20.37,24.7,4,,,,,,,,,,,
2025-04-18,丸亀,8,3,嶋　義信,B1,30.99,3,▲,9.4977,41.6,45,73.8,0.1267,2.6066,,,0,低,90,0,差ま0%,6 16,0,33.4,0.9019,0,0,0,0.1818,0,0.125,0.15,0.1875,,◎,D,△,,0.3577,0.632,,0.6307,A,76,0,◎-○軸 3着3〜4艇流し（10〜15点）,0.5777,"{'is_target': True, 'verdict': '点数絞り', 'max_combo_prob': 0.1085, 'est_top_odds': 12.3, 'circle_concentration': 80.8, 'eligible_count': 8, 'bet_adj': 0, 'reason': 'rel_win1=68.5%（本命度） / 最有力組み合わせ確率: 0.109（推定実オッズ?12倍） / 2着集中度: 上位2艇 80.8%（補正+0.04） / 総合判定確率: 0.149 / → ヒモはやや固め。上位2艇以外を切ること', 'tenji_trigger': '展示確認: 1号艇伸び良→そのまま採用。悪→飛び組に差し替え。circle_pct上位2艇に絞り込むこと。\n展示で1号艇スタート超安定(0.133秒)→ヒモ固まり方向に注意'}",,,27.5,逃げ狙い,20.37,24.7,4,,,,,,,,,,,
2025-04-18,丸亀,8,4,岩崎芳美,A2,42.34,4,○,9.1702,14,58,55,0.1245,2.875,,,0,低,23,0,-,1 5F,0,30.1,0.7432,,,,,,0.0833,0.25,0.25,,,A,△,,0.3411,0.6485,,0.6307,A,76,0,◎-○軸 3着3〜4艇流し（10〜15点）,0.5777,"{'is_target': True, 'verdict': '点数絞り', 'max_combo_prob': 0.1085, 'est_top_odds': 12.3, 'circle_concentration': 80.8, 'eligible_count': 8, 'bet_adj': 0, 'reason': 'rel_win1=68.5%（本命度） / 最有力組み合わせ確率: 0.109（推定実オッズ?12倍） / 2着集中度: 上位2艇 80.8%（補正+0.04） / 総合判定確率: 0.149 / → ヒモはやや固め。上位2艇以外を切ること', 'tenji_trigger': '展示確認: 1号艇伸び良→そのまま採用。悪→飛び組に差し替え。circle_pct上位2艇に絞り込むこと。\n展示で1号艇スタート超安定(0.133秒)→ヒモ固まり方向に注意'}",,,27.5,逃げ狙い,20.37,24.7,4,,,,,,,,,,,
2025-04-18,丸亀,8,5,中嶋誠一,B1,34.27,5,,3.9862,2.2,100,47.2,0.1709,3.8396,,,0,低,130,0,差ま0%,2325,0,59.8,1.2488,0,0,0,0.0417,0,0.4673,0.1519,0.0904,,,C,,,0.1595,0.6265,,0.6307,A,76,0,◎-○軸 3着3〜4艇流し（10〜15点）,0.5777,"{'is_target': True, 'verdict': '点数絞り', 'max_combo_prob': 0.1085, 'est_top_odds': 12.3, 'circle_concentration': 80.8, 'eligible_count': 8, 'bet_adj': 0, 'reason': 'rel_win1=68.5%（本命度） / 最有力組み合わせ確率: 0.109（推定実オッズ?12倍） / 2着集中度: 上位2艇 80.8%（補正+0.04） / 総合判定確率: 0.149 / → ヒモはやや固め。上位2艇以外を切ること', 'tenji_trigger': '展示確認: 1号艇伸び良→そのまま採用。悪→飛び組に差し替え。circle_pct上位2艇に絞り込むこと。\n展示で1号艇スタート超安定(0.133秒)→ヒモ固まり方向に注意'}",,,27.5,逃げ狙い,20.37,24.7,4,,,,,,,,,,,
2025-04-18,丸亀,8,6,石丸小槙,B2,41.43,6,△,1.2575,3,44,7.7,0.1446,3.1923,,,0,低,15,1,-,651F,0,26,0.6039,,,,,,,,,,,B,,,0.2765,0.4805,,0.6307,A,76,0,◎-○軸 3着3〜4艇流し（10〜15点）,0.5777,"{'is_target': True, 'verdict': '点数絞り', 'max_combo_prob': 0.1085, 'est_top_odds': 12.3, 'circle_concentration': 80.8, 'eligible_count': 8, 'bet_adj': 0, 'reason': 'rel_win1=68.5%（本命度） / 最有力組み合わせ確率: 0.109（推定実オッズ?12倍） / 2着集中度: 上位2艇 80.8%（補正+0.04） / 総合判定確率: 0.149 / → ヒモはやや固め。上位2艇以外を切ること', 'tenji_trigger': '展示確認: 1号艇伸び良→そのまま採用。悪→飛び組に差し替え。circle_pct上位2艇に絞り込むこと。\n展示で1号艇スタート超安定(0.133秒)→ヒモ固まり方向に注意'}",,,27.5,逃げ狙い,20.37,24.7,4,,,,,,,,,,,
2025-04-18,丸亀,9,1,中越博紀,A2,26.32,1,◎,50.1194,,0,88,0.1556,3.3133,,,0,低,130,0,-,2236,0,82.9,1.0268,0.4815,,,,,0.0296,0.3593,0.0593,○,,D,△,,,0.6195,,0.4314,A,60,0,◎-○軸 3着3〜4艇流し（10〜15点）,0.5777,"{'is_target': True, 'verdict': '参加推奨', 'max_combo_prob': 0.0544, 'est_top_odds': 24.5, 'circle_concentration': 67.1, 'eligible_count': 8, 'bet_adj': 2, 'reason': 'rel_win1=50.1%（本命度） / 最有力組み合わせ確率: 0.054（推定実オッズ?24倍） / 2着集中度: 上位2艇 67.1%（補正+0.00） / 総合判定確率: 0.054 / → ヒモ分散。1号艇1着固定で広めのヒモ流し推奨（買い目+2点）', 'tenji_trigger': '展示確認: ヒモ分散レース。1号艇伸び確認後、広めのヒモ流しを採用。穴ヒモ（5・6号艇）を積極的に含める。'}",,,32.7,両建て推奨,28.79,32.3,2,,,,,0,0,0.6155,0,,主役軸流し,B
2025-04-18,丸亀,9,2,渡邉優美,A1,32.12,2,▲,24.8848,32.4,100,79.2,0.1512,3.3542,,,0,低,44,0,差0% 抜0%,2341,0,83.7,1.3905,0,0.5,0,0,0.0833,0.2078,0.1584,0.0182,,◎,C,△,,0.4697,0.6535,,0.4314,A,60,0,◎-○軸 3着3〜4艇流し（10〜15点）,0.5777,"{'is_target': True, 'verdict': '参加推奨', 'max_combo_prob': 0.0544, 'est_top_odds': 24.5, 'circle_concentration': 67.1, 'eligible_count': 8, 'bet_adj': 2, 'reason': 'rel_win1=50.1%（本命度） / 最有力組み合わせ確率: 0.054（推定実オッズ?24倍） / 2着集中度: 上位2艇 67.1%（補正+0.00） / 総合判定確率: 0.054 / → ヒモ分散。1号艇1着固定で広めのヒモ流し推奨（買い目+2点）', 'tenji_trigger': '展示確認: ヒモ分散レース。1号艇伸び確認後、広めのヒモ流しを採用。穴ヒモ（5・6号艇）を積極的に含める。'}",,,32.7,両建て推奨,28.79,32.3,2,,,,,,,,,,,
2025-04-18,丸亀,9,3,小山　勉,A1,32.82,3,○,15.924,34.6,91,75.6,0.1498,2.9778,,,0,低,113,0,-,1621,0,58.3,1.1477,0,0,0.25,0.125,0.0625,0.1302,0.0138,0.0888,,○,B,○,,0.3879,0.654,,0.4314,A,60,0,◎-○軸 3着3〜4艇流し（10〜15点）,0.5777,"{'is_target': True, 'verdict': '参加推奨', 'max_combo_prob': 0.0544, 'est_top_odds': 24.5, 'circle_concentration': 67.1, 'eligible_count': 8, 'bet_adj': 2, 'reason': 'rel_win1=50.1%（本命度） / 最有力組み合わせ確率: 0.054（推定実オッズ?24倍） / 2着集中度: 上位2艇 67.1%（補正+0.00） / 総合判定確率: 0.054 / → ヒモ分散。1号艇1着固定で広めのヒモ流し推奨（買い目+2点）', 'tenji_trigger': '展示確認: ヒモ分散レース。1号艇伸び確認後、広めのヒモ流しを採用。穴ヒモ（5・6号艇）を積極的に含める。'}",,,32.7,両建て推奨,28.79,32.3,2,,,,,,,,,,,
2025-04-18,丸亀,9,4,仁科さや,B2,32.33,4,△,6.3452,7.9,74,7.7,0.1931,4.8462,,,0,低,24,1,ま0%,4 65,0,18.7,0.5857,0,0,0.0769,0,0,0.1667,0.3333,0,,,B,,,0.1989,0.6165,,0.4314,A,60,0,◎-○軸 3着3〜4艇流し（10〜15点）,0.5777,"{'is_target': True, 'verdict': '参加推奨', 'max_combo_prob': 0.0544, 'est_top_odds': 24.5, 'circle_concentration': 67.1, 'eligible_count': 8, 'bet_adj': 2, 'reason': 'rel_win1=50.1%（本命度） / 最有力組み合わせ確率: 0.054（推定実オッズ?24倍） / 2着集中度: 上位2艇 67.1%（補正+0.00） / 総合判定確率: 0.054 / → ヒモ分散。1号艇1着固定で広めのヒモ流し推奨（買い目+2点）', 'tenji_trigger': '展示確認: ヒモ分散レース。1号艇伸び確認後、広めのヒモ流しを採用。穴ヒモ（5・6号艇）を積極的に含める。'}",,,32.7,両建て推奨,28.79,32.3,2,,,,,,,,,,,
2025-04-18,丸亀,9,5,小林孝彰,B1,25.00,5,,1.8297,23.7,70,51.3,0.1728,3.4487,,,0,低,77,0,-,425,0,78.6,1.3019,,,,,,0.1921,0.4053,0,,,E,◎,,0.3111,0.676,,0.4314,A,60,0,◎-○軸 3着3〜4艇流し（10〜15点）,0.5777,"{'is_target': True, 'verdict': '参加推奨', 'max_combo_prob': 0.0544, 'est_top_odds': 24.5, 'circle_concentration': 67.1, 'eligible_count': 8, 'bet_adj': 2, 'reason': 'rel_win1=50.1%（本命度） / 最有力組み合わせ確率: 0.054（推定実オッズ?24倍） / 2着集中度: 上位2艇 67.1%（補正+0.00） / 総合判定確率: 0.054 / → ヒモ分散。1号艇1着固定で広めのヒモ流し推奨（買い目+2点）', 'tenji_trigger': '展示確認: ヒモ分散レース。1号艇伸び確認後、広めのヒモ流しを採用。穴ヒモ（5・6号艇）を積極的に含める。'}",,,32.7,両建て推奨,28.79,32.3,2,,,,,,,,,,,
2025-04-18,丸亀,9,6,谷本幸司,B1,25.56,6,,0.8968,1.3,75,25,0.2362,5.1562,,,0,低,87,0,-,343,0,31.7,1.0156,,,,,,0.1048,0.0381,0.0381,,,D,,,0.1889,0.591,,0.4314,A,60,0,◎-○軸 3着3〜4艇流し（10〜15点）,0.5777,"{'is_target': True, 'verdict': '参加推奨', 'max_combo_prob': 0.0544, 'est_top_odds': 24.5, 'circle_concentration': 67.1, 'eligible_count': 8, 'bet_adj': 2, 'reason': 'rel_win1=50.1%（本命度） / 最有力組み合わせ確率: 0.054（推定実オッズ?24倍） / 2着集中度: 上位2艇 67.1%（補正+0.00） / 総合判定確率: 0.054 / → ヒモ分散。1号艇1着固定で広めのヒモ流し推奨（買い目+2点）', 'tenji_trigger': '展示確認: ヒモ分散レース。1号艇伸び確認後、広めのヒモ流しを採用。穴ヒモ（5・6号艇）を積極的に含める。'}",,,32.7,両建て推奨,28.79,32.3,2,,,,,,,,,,,
2025-04-18,丸亀,10,1,宮之原輝,A1,18.25,1,◎,60.4406,,0,87.5,0.135,2.2812,,,0,低,35,0,逃1%,242,0,88.2,1.1368,0.7,,,,,0.0333,0.0333,0.1,◎,,E,◎,,,0.7135,,0.7031,S,100,0,◎1着固定 2-3着流し（5〜8点）,0.5777,"{'is_target': True, 'verdict': '点数絞り', 'max_combo_prob': 0.0898, 'est_top_odds': 14.8, 'circle_concentration': 70.1, 'eligible_count': 6, 'bet_adj': 0, 'reason': 'rel_win1=60.4%（本命度） / 最有力組み合わせ確率: 0.090（推定実オッズ?15倍） / 2着集中度: 上位2艇 70.1%（補正+0.04） / 総合判定確率: 0.130 / → ヒモはやや固め。上位2艇以外を切ること', 'tenji_trigger': '展示確認: 1号艇伸び良→そのまま採用。悪→飛び組に差し替え。circle_pct上位2艇に絞り込むこと。\n展示で1号艇スタート超安定(0.135秒)→ヒモ固まり方向に注意'}",,,26.3,逃げ狙い,17.19,23.8,3,,,,,0,0,0.7559,0,,逃げ軸流し,A
2025-04-18,丸亀,10,2,黒柳浩孝,A1,38.81,2,△,8.6446,28.8,100,53.4,0.1826,4.0431,,,0,低,124,0,差0%,3343,0,76.8,0.8774,0,0.037,0,0,0,0.0421,0.2342,0.1171,,,B,△,,0.0567,0.637,,0.7031,S,100,0,◎1着固定 2-3着流し（5〜8点）,0.5777,"{'is_target': True, 'verdict': '点数絞り', 'max_combo_prob': 0.0898, 'est_top_odds': 14.8, 'circle_concentration': 70.1, 'eligible_count': 6, 'bet_adj': 0, 'reason': 'rel_win1=60.4%（本命度） / 最有力組み合わせ確率: 0.090（推定実オッズ?15倍） / 2着集中度: 上位2艇 70.1%（補正+0.04） / 総合判定確率: 0.130 / → ヒモはやや固め。上位2艇以外を切ること', 'tenji_trigger': '展示確認: 1号艇伸び良→そのまま採用。悪→飛び組に差し替え。circle_pct上位2艇に絞り込むこと。\n展示で1号艇スタート超安定(0.135秒)→ヒモ固まり方向に注意'}",,,26.3,逃げ狙い,17.19,23.8,3,,,,,,,,,,,
2025-04-18,丸亀,10,3,稗田聖也,B1,34.33,3,▲,15.6389,41.3,74,65.6,0.1441,2.4609,,,0,低,66,0,ま0% 抜0%,156,0,63.2,1.3573,0,0,0.1667,0,0.0333,0,0.0242,0.2348,,,C,○,,0.273,0.671,,0.7031,S,100,0,◎1着固定 2-3着流し（5〜8点）,0.5777,"{'is_target': True, 'verdict': '点数絞り', 'max_combo_prob': 0.0898, 'est_top_odds': 14.8, 'circle_concentration': 70.1, 'eligible_count': 6, 'bet_adj': 0, 'reason': 'rel_win1=60.4%（本命度） / 最有力組み合わせ確率: 0.090（推定実オッズ?15倍） / 2着集中度: 上位2艇 70.1%（補正+0.04） / 総合判定確率: 0.130 / → ヒモはやや固め。上位2艇以外を切ること', 'tenji_trigger': '展示確認: 1号艇伸び良→そのまま採用。悪→飛び組に差し替え。circle_pct上位2艇に絞り込むこと。\n展示で1号艇スタート超安定(0.135秒)→ヒモ固まり方向に注意'}",,,26.3,逃げ狙い,17.19,23.8,3,,,,,,,,,,,
2025-04-18,丸亀,10,4,原　豊土,B1,34.06,4,,7.5609,17.1,63,53.3,0.1632,3.1167,,,0,低,122,0,-,461,0,87.3,1.5368,0,0,0.08,0,0,0.1711,0,0.0632,,,C,,○,0.1853,0.6015,0.2542,0.7031,S,100,0,◎1着固定 2-3着流し（5〜8点）,0.5777,"{'is_target': True, 'verdict': '点数絞り', 'max_combo_prob': 0.0898, 'est_top_odds': 14.8, 'circle_concentration': 70.1, 'eligible_count': 6, 'bet_adj': 0, 'reason': 'rel_win1=60.4%（本命度） / 最有力組み合わせ確率: 0.090（推定実オッズ?15倍） / 2着集中度: 上位2艇 70.1%（補正+0.04） / 総合判定確率: 0.130 / → ヒモはやや固め。上位2艇以外を切ること', 'tenji_trigger': '展示確認: 1号艇伸び良→そのまま採用。悪→飛び組に差し替え。circle_pct上位2艇に絞り込むこと。\n展示で1号艇スタート超安定(0.135秒)→ヒモ固まり方向に注意'}",,,26.3,逃げ狙い,17.19,23.8,3,,,,,,,,,,,
2025-04-18,丸亀,10,5,鈴木勝博,A2,48.09,5,○,6.8196,9.5,68,43.4,0.1549,3.4245,,,0,低,90,0,-,316,0,47.7,1.0114,0,0,0.037,0.0741,0.037,0.1171,0.2776,0.0211,,,A,△,◎,0.2293,0.6045,0.3129,0.7031,S,100,0,◎1着固定 2-3着流し（5〜8点）,0.5777,"{'is_target': True, 'verdict': '点数絞り', 'max_combo_prob': 0.0898, 'est_top_odds': 14.8, 'circle_concentration': 70.1, 'eligible_count': 6, 'bet_adj': 0, 'reason': 'rel_win1=60.4%（本命度） / 最有力組み合わせ確率: 0.090（推定実オッズ?15倍） / 2着集中度: 上位2艇 70.1%（補正+0.04） / 総合判定確率: 0.130 / → ヒモはやや固め。上位2艇以外を切ること', 'tenji_trigger': '展示確認: 1号艇伸び良→そのまま採用。悪→飛び組に差し替え。circle_pct上位2艇に絞り込むこと。\n展示で1号艇スタート超安定(0.135秒)→ヒモ固まり方向に注意'}",,,26.3,逃げ狙い,17.19,23.8,3,,,,,,,,,,,
2025-04-18,丸亀,10,6,山田理央,A2,30.15,6,,0.8954,3.3,47,39.4,0.17,4.0606,,,0,低,62,0,-,3314,0,32.5,1.5008,,,,,,0.0444,0.1444,0.0222,,,D,,,0.201,0.6,,0.7031,S,100,0,◎1着固定 2-3着流し（5〜8点）,0.5777,"{'is_target': True, 'verdict': '点数絞り', 'max_combo_prob': 0.0898, 'est_top_odds': 14.8, 'circle_concentration': 70.1, 'eligible_count': 6, 'bet_adj': 0, 'reason': 'rel_win1=60.4%（本命度） / 最有力組み合わせ確率: 0.090（推定実オッズ?15倍） / 2着集中度: 上位2艇 70.1%（補正+0.04） / 総合判定確率: 0.130 / → ヒモはやや固め。上位2艇以外を切ること', 'tenji_trigger': '展示確認: 1号艇伸び良→そのまま採用。悪→飛び組に差し替え。circle_pct上位2艇に絞り込むこと。\n展示で1号艇スタート超安定(0.135秒)→ヒモ固まり方向に注意'}",,,26.3,逃げ狙い,17.19,23.8,3,,,,,,,,,,,
2025-04-18,丸亀,11,1,柳沢　一,A1,36.69,1,◎,60.3413,,0,88.8,0.1227,2.3062,,,0,低,43,0,逃1%,4124,0,62.7,0.9738,0.7027,,,,,0.0432,0.1074,0.1074,◎,,C,◎,,,0.698,,0.6943,S,84,0,◎1着固定 2-3着流し（5〜8点）,0.5777,"{'is_target': True, 'verdict': '参加推奨', 'max_combo_prob': 0.0736, 'est_top_odds': 18.1, 'circle_concentration': 73.3, 'eligible_count': 6, 'bet_adj': 2, 'reason': 'rel_win1=60.3%（本命度） / 最有力組み合わせ確率: 0.074（推定実オッズ?18倍） / 2着集中度: 上位2艇 73.3%（補正+0.04） / 総合判定確率: 0.114 / → ヒモ分散。1号艇1着固定で広めのヒモ流し推奨（買い目+2点）', 'tenji_trigger': '展示確認: ヒモ分散レース。1号艇伸び確認後、広めのヒモ流しを採用。穴ヒモ（5・6号艇）を積極的に含める。\n展示で1号艇スタート超安定(0.123秒)→ヒモ固まり方向に注意'}",,,26.5,逃げ狙い,15.75,25.8,2,,,,,0,0,0.7559,0,,逃げ軸流し,A
2025-04-18,丸亀,11,2,大須賀友,A1,25.56,2,,17.497,40,100,75,0.1781,3.7188,,,0,低,116,0,差0%,415,0,41.3,0.8809,0,0.1111,0.1481,0,0,0.0516,0.1258,0.0129,,,D,,,0.0869,0.599,,0.6943,S,84,0,◎1着固定 2-3着流し（5〜8点）,0.5777,"{'is_target': True, 'verdict': '参加推奨', 'max_combo_prob': 0.0736, 'est_top_odds': 18.1, 'circle_concentration': 73.3, 'eligible_count': 6, 'bet_adj': 2, 'reason': 'rel_win1=60.3%（本命度） / 最有力組み合わせ確率: 0.074（推定実オッズ?18倍） / 2着集中度: 上位2艇 73.3%（補正+0.04） / 総合判定確率: 0.114 / → ヒモ分散。1号艇1着固定で広めのヒモ流し推奨（買い目+2点）', 'tenji_trigger': '展示確認: ヒモ分散レース。1号艇伸び確認後、広めのヒモ流しを採用。穴ヒモ（5・6号艇）を積極的に含める。\n展示で1号艇スタート超安定(0.123秒)→ヒモ固まり方向に注意'}",,,26.5,逃げ狙い,15.75,25.8,2,,,,,,,,,,,
2025-04-18,丸亀,11,3,武重雄介,A2,40.77,3,○,12.3318,33.3,79,63,0.1565,3.2222,,,0,低,119,0,差0% ま0%,3 45,0,20.9,0.6438,0,0.0741,0.037,0.1111,0,0.1657,0,0.0343,,,B,○,,0.1456,0.6375,,0.6943,S,84,0,◎1着固定 2-3着流し（5〜8点）,0.5777,"{'is_target': True, 'verdict': '参加推奨', 'max_combo_prob': 0.0736, 'est_top_odds': 18.1, 'circle_concentration': 73.3, 'eligible_count': 6, 'bet_adj': 2, 'reason': 'rel_win1=60.3%（本命度） / 最有力組み合わせ確率: 0.074（推定実オッズ?18倍） / 2着集中度: 上位2艇 73.3%（補正+0.04） / 総合判定確率: 0.114 / → ヒモ分散。1号艇1着固定で広めのヒモ流し推奨（買い目+2点）', 'tenji_trigger': '展示確認: ヒモ分散レース。1号艇伸び確認後、広めのヒモ流しを採用。穴ヒモ（5・6号艇）を積極的に含める。\n展示で1号艇スタート超安定(0.123秒)→ヒモ固まり方向に注意'}",,,26.5,逃げ狙い,15.75,25.8,2,,,,,,,,,,,
2025-04-18,丸亀,11,4,関　裕也,B1,29.29,4,△,5.342,12.6,57,29.6,0.1574,3.4167,,,0,低,86,0,-,4 13,0,58.1,1.2253,0,0,0.0526,0,0,0.0923,0,0.2615,,,D,,,0.1689,0.6015,,0.6943,S,84,0,◎1着固定 2-3着流し（5〜8点）,0.5777,"{'is_target': True, 'verdict': '参加推奨', 'max_combo_prob': 0.0736, 'est_top_odds': 18.1, 'circle_concentration': 73.3, 'eligible_count': 6, 'bet_adj': 2, 'reason': 'rel_win1=60.3%（本命度） / 最有力組み合わせ確率: 0.074（推定実オッズ?18倍） / 2着集中度: 上位2艇 73.3%（補正+0.04） / 総合判定確率: 0.114 / → ヒモ分散。1号艇1着固定で広めのヒモ流し推奨（買い目+2点）', 'tenji_trigger': '展示確認: ヒモ分散レース。1号艇伸び確認後、広めのヒモ流しを採用。穴ヒモ（5・6号艇）を積極的に含める。\n展示で1号艇スタート超安定(0.123秒)→ヒモ固まり方向に注意'}",,,26.5,逃げ狙い,15.75,25.8,2,,,,,,,,,,,
2025-04-18,丸亀,11,5,三宅　潤,A2,23.28,5,,3.4275,9.9,85,45.2,0.1857,3.9345,,,0,低,174,0,差ま0%,2 26,0,32.9,0.9202,0,0,0.0238,0.0476,0,0.0222,0.0444,0.2111,,,E,△,,0.1274,0.6355,,0.6943,S,84,0,◎1着固定 2-3着流し（5〜8点）,0.5777,"{'is_target': True, 'verdict': '参加推奨', 'max_combo_prob': 0.0736, 'est_top_odds': 18.1, 'circle_concentration': 73.3, 'eligible_count': 6, 'bet_adj': 2, 'reason': 'rel_win1=60.3%（本命度） / 最有力組み合わせ確率: 0.074（推定実オッズ?18倍） / 2着集中度: 上位2艇 73.3%（補正+0.04） / 総合判定確率: 0.114 / → ヒモ分散。1号艇1着固定で広めのヒモ流し推奨（買い目+2点）', 'tenji_trigger': '展示確認: ヒモ分散レース。1号艇伸び確認後、広めのヒモ流しを採用。穴ヒモ（5・6号艇）を積極的に含める。\n展示で1号艇スタート超安定(0.123秒)→ヒモ固まり方向に注意'}",,,26.5,逃げ狙い,15.75,25.8,2,,,,,,,,,,,
2025-04-18,丸亀,11,6,松村康太,A2,41.67,6,▲,1.0604,4.2,97,45.2,0.1895,4.1935,,,0,低,166,0,-,2 31,0,100,2.2178,,,,,,0.22,0.1756,0.2689,,,B,△,,0.1544,0.6195,,0.6943,S,84,0,◎1着固定 2-3着流し（5〜8点）,0.5777,"{'is_target': True, 'verdict': '参加推奨', 'max_combo_prob': 0.0736, 'est_top_odds': 18.1, 'circle_concentration': 73.3, 'eligible_count': 6, 'bet_adj': 2, 'reason': 'rel_win1=60.3%（本命度） / 最有力組み合わせ確率: 0.074（推定実オッズ?18倍） / 2着集中度: 上位2艇 73.3%（補正+0.04） / 総合判定確率: 0.114 / → ヒモ分散。1号艇1着固定で広めのヒモ流し推奨（買い目+2点）', 'tenji_trigger': '展示確認: ヒモ分散レース。1号艇伸び確認後、広めのヒモ流しを採用。穴ヒモ（5・6号艇）を積極的に含める。\n展示で1号艇スタート超安定(0.123秒)→ヒモ固まり方向に注意'}",,,26.5,逃げ狙い,15.75,25.8,2,,,,,,,,,,,
2025-04-18,丸亀,12,1,白井英治,A1,31.91,1,◎,66.9546,,0,94.9,0.1546,3.7308,,,0,低,29,0,逃1%,623,0,92,1.2384,0.5882,,,,,0.0588,0.1765,0.0588,◎,,C,◎,,,0.659,,0.4746,S,100,0,◎1着固定 2-3着流し（5〜8点）,0.5777,"{'is_target': True, 'verdict': '参加推奨', 'max_combo_prob': 0.0942, 'est_top_odds': 14.2, 'circle_concentration': 59.9, 'eligible_count': 6, 'bet_adj': 2, 'reason': 'rel_win1=67.0%（本命度） / 最有力組み合わせ確率: 0.094（推定実オッズ?14倍） / 2着集中度: 上位2艇 59.9%（補正+0.00） / 総合判定確率: 0.094 / → ヒモ分散。1号艇1着固定で広めのヒモ流し推奨（買い目+2点）', 'tenji_trigger': '展示確認: ヒモ分散レース。1号艇伸び確認後、広めのヒモ流しを採用。穴ヒモ（5・6号艇）を積極的に含める。'}",,,27.1,逃げ狙い,14.42,28.5,4,,,,,0,0,0.7559,0,,逃げ軸流し,A
2025-04-18,丸亀,12,2,吉武真也,B1,35.62,2,△,6.9233,17.4,100,47.7,0.1695,3.7386,,,0,低,106,0,-,5 12,0,25.2,0.7981,,,,,,0.2676,0.0235,0.2441,,,B,,,0.1785,0.595,,0.4746,S,100,0,◎1着固定 2-3着流し（5〜8点）,0.5777,"{'is_target': True, 'verdict': '参加推奨', 'max_combo_prob': 0.0942, 'est_top_odds': 14.2, 'circle_concentration': 59.9, 'eligible_count': 6, 'bet_adj': 2, 'reason': 'rel_win1=67.0%（本命度） / 最有力組み合わせ確率: 0.094（推定実オッズ?14倍） / 2着集中度: 上位2艇 59.9%（補正+0.00） / 総合判定確率: 0.094 / → ヒモ分散。1号艇1着固定で広めのヒモ流し推奨（買い目+2点）', 'tenji_trigger': '展示確認: ヒモ分散レース。1号艇伸び確認後、広めのヒモ流しを採用。穴ヒモ（5・6号艇）を積極的に含める。'}",,,27.1,逃げ狙い,14.42,28.5,4,,,,,,,,,,,
2025-04-18,丸亀,12,3,小野寺智,A2,38.69,3,○,9.1777,36.2,80,75,0.1383,2.5865,,,0,低,79,0,ま0%,153,0,39.6,0.8435,0,0,0.0455,0.0455,0,0.1217,0.0174,0.3096,,◎,B,△,,0.3679,0.6185,,0.4746,S,100,0,◎1着固定 2-3着流し（5〜8点）,0.5777,"{'is_target': True, 'verdict': '参加推奨', 'max_combo_prob': 0.0942, 'est_top_odds': 14.2, 'circle_concentration': 59.9, 'eligible_count': 6, 'bet_adj': 2, 'reason': 'rel_win1=67.0%（本命度） / 最有力組み合わせ確率: 0.094（推定実オッズ?14倍） / 2着集中度: 上位2艇 59.9%（補正+0.00） / 総合判定確率: 0.094 / → ヒモ分散。1号艇1着固定で広めのヒモ流し推奨（買い目+2点）', 'tenji_trigger': '展示確認: ヒモ分散レース。1号艇伸び確認後、広めのヒモ流しを採用。穴ヒモ（5・6号艇）を積極的に含める。'}",,,27.1,逃げ狙い,14.42,28.5,4,,,,,,,,,,,
2025-04-18,丸亀,12,4,梶野学志,A1,30.22,4,,11.7217,23.8,76,69.6,0.1643,3.6161,,,0,低,97,0,-,2 14,0,49.7,1.0726,0,0,0,0.0526,0,0.0138,0.1164,0.0276,,,D,○,◎,0.2489,0.656,0.3728,0.4746,S,100,0,◎1着固定 2-3着流し（5〜8点）,0.5777,"{'is_target': True, 'verdict': '参加推奨', 'max_combo_prob': 0.0942, 'est_top_odds': 14.2, 'circle_concentration': 59.9, 'eligible_count': 6, 'bet_adj': 2, 'reason': 'rel_win1=67.0%（本命度） / 最有力組み合わせ確率: 0.094（推定実オッズ?14倍） / 2着集中度: 上位2艇 59.9%（補正+0.00） / 総合判定確率: 0.094 / → ヒモ分散。1号艇1着固定で広めのヒモ流し推奨（買い目+2点）', 'tenji_trigger': '展示確認: ヒモ分散レース。1号艇伸び確認後、広めのヒモ流しを採用。穴ヒモ（5・6号艇）を積極的に含める。'}",,,27.1,逃げ狙い,14.42,28.5,4,,,,,,,,,,,
2025-04-18,丸亀,12,5,海野ゆか,A1,33.09,5,▲,4.2421,17.4,49,46.2,0.1477,3.2885,,,0,低,58,0,ま0%,4 12,0,65,1.2829,0,0,0.125,0,0,0,0.0667,0.1333,,,C,,,0.3365,0.5965,,0.4746,S,100,0,◎1着固定 2-3着流し（5〜8点）,0.5777,"{'is_target': True, 'verdict': '参加推奨', 'max_combo_prob': 0.0942, 'est_top_odds': 14.2, 'circle_concentration': 59.9, 'eligible_count': 6, 'bet_adj': 2, 'reason': 'rel_win1=67.0%（本命度） / 最有力組み合わせ確率: 0.094（推定実オッズ?14倍） / 2着集中度: 上位2艇 59.9%（補正+0.00） / 総合判定確率: 0.094 / → ヒモ分散。1号艇1着固定で広めのヒモ流し推奨（買い目+2点）', 'tenji_trigger': '展示確認: ヒモ分散レース。1号艇伸び確認後、広めのヒモ流しを採用。穴ヒモ（5・6号艇）を積極的に含める。'}",,,27.1,逃げ狙い,14.42,28.5,4,,,,,,,,,,,
2025-04-18,丸亀,12,6,下河誉史,A2,27.66,6,,0.9806,5.3,32,25.8,0.2152,5.0806,,,0,低,163,0,-,252,0,27.3,1.1308,,,,,,0.1585,0.1683,0.0293,,,E,△,,0.1348,0.6355,,0.4746,S,100,0,◎1着固定 2-3着流し（5〜8点）,0.5777,"{'is_target': True, 'verdict': '参加推奨', 'max_combo_prob': 0.0942, 'est_top_odds': 14.2, 'circle_concentration': 59.9, 'eligible_count': 6, 'bet_adj': 2, 'reason': 'rel_win1=67.0%（本命度） / 最有力組み合わせ確率: 0.094（推定実オッズ?14倍） / 2着集中度: 上位2艇 59.9%（補正+0.00） / 総合判定確率: 0.094 / → ヒモ分散。1号艇1着固定で広めのヒモ流し推奨（買い目+2点）', 'tenji_trigger': '展示確認: ヒモ分散レース。1号艇伸び確認後、広めのヒモ流しを採用。穴ヒモ（5・6号艇）を積極的に含める。'}",,,27.1,逃げ狙い,14.42,28.5,4,,,,,,,,,,,
2025-04-19,丸亀,1,1,山崎善庸,B1,29.55,1,◎,50.2233,,0,69.4,0.2024,4.2347,,,0,低,243,0,逃0%,156 26,0,43.5,0.7712,0.3182,,,,,0.0727,0.3491,0.3309,,,D,,,,0.5725,,0.1742,B,48,0,◎○△フォーメーション（15〜20点）,0.5777,"{'is_target': True, 'verdict': '参加推奨', 'max_combo_prob': 0.047, 'est_top_odds': 28.4, 'circle_concentration': 65.0, 'eligible_count': 9, 'bet_adj': 2, 'reason': 'rel_win1=50.2%（本命度） / 最有力組み合わせ確率: 0.047（推定実オッズ?28倍） / 2着集中度: 上位2艇 65.0%（補正+0.00） / 総合判定確率: 0.047 / → ヒモ分散。1号艇1着固定で広めのヒモ流し推奨（買い目+2点）', 'tenji_trigger': '展示確認: ヒモ分散レース。1号艇伸び確認後、広めのヒモ流しを採用。穴ヒモ（5・6号艇）を積極的に含める。\n展示で1号艇スタート遅め(0.202秒)確認→ヒモが荒れやすい'}",,,35.9,両建て推奨,14.66,39.3,4,2-1-4|2-1-3|2-1-5|2-3-1|2-5-1|2-3-4|2-5-4|1-2-4|1-3-4|1-2-3,2-1-4|2-1-3|2-1-5|2-3-1|2-5-1|2-3-4|2-5-4|1-2-4|6-1-4|1-3-4|1-2-3|6-4-1,2-1-4:2.48%|2-1-3:2.2%|2-1-5:1.17%|2-3-1:0.71%|2-5-1:0.41%|2-3-4:0.26%|2-5-4:0.15%|1-2-4:5.24%|1-3-4:4.69%|1-2-3:4.0%,2-1-4:B_main|2-1-3:B_main|2-1-5:B_main|2-3-1:B_main|2-5-1:B_main|2-3-4:B_main|2-5-4:B_main|1-2-4:A|1-3-4:A|1-2-3:A,10,12,0.2915,1,[!]見送り推奨（主役決まり手「差し」― 逃げ劣勢レースで的中実績なし）,主役軸流し,B
2025-04-19,丸亀,1,2,豊田泰洋,B1,33.12,2,△,8.9502,33.2,100,41.6,0.1574,3.4286,,,0,低,169,0,差0%,,0,36.1,0.7133,0,0.0312,0,0,0,0.4348,0.087,0.0696,,◎,C,,,0.5661,0.576,,0.1742,B,48,0,◎○△フォーメーション（15〜20点）,0.5777,"{'is_target': True, 'verdict': '参加推奨', 'max_combo_prob': 0.047, 'est_top_odds': 28.4, 'circle_concentration': 65.0, 'eligible_count': 9, 'bet_adj': 2, 'reason': 'rel_win1=50.2%（本命度） / 最有力組み合わせ確率: 0.047（推定実オッズ?28倍） / 2着集中度: 上位2艇 65.0%（補正+0.00） / 総合判定確率: 0.047 / → ヒモ分散。1号艇1着固定で広めのヒモ流し推奨（買い目+2点）', 'tenji_trigger': '展示確認: ヒモ分散レース。1号艇伸び確認後、広めのヒモ流しを採用。穴ヒモ（5・6号艇）を積極的に含める。\n展示で1号艇スタート遅め(0.202秒)確認→ヒモが荒れやすい'}",,,35.9,両建て推奨,14.66,39.3,4,,,,,,,,,,,
2025-04-19,丸亀,1,3,仁科さや,B2,32.33,3,▲,15.0255,31.8,68,33.3,0.1367,2.9583,,,0,低,24,1,差0% 差ま0%,4 6544,0,38.3,0.8944,0,0.0833,0,0.0833,0,0.1667,0.3333,0,,○,C,○,,0.512,0.6165,,0.1742,B,48,0,◎○△フォーメーション（15〜20点）,0.5777,"{'is_target': True, 'verdict': '参加推奨', 'max_combo_prob': 0.047, 'est_top_odds': 28.4, 'circle_concentration': 65.0, 'eligible_count': 9, 'bet_adj': 2, 'reason': 'rel_win1=50.2%（本命度） / 最有力組み合わせ確率: 0.047（推定実オッズ?28倍） / 2着集中度: 上位2艇 65.0%（補正+0.00） / 総合判定確率: 0.047 / → ヒモ分散。1号艇1着固定で広めのヒモ流し推奨（買い目+2点）', 'tenji_trigger': '展示確認: ヒモ分散レース。1号艇伸び確認後、広めのヒモ流しを採用。穴ヒモ（5・6号艇）を積極的に含める。\n展示で1号艇スタート遅め(0.202秒)確認→ヒモが荒れやすい'}",,,35.9,両建て推奨,14.66,39.3,4,,,,,,,,,,,
2025-04-19,丸亀,1,4,松下哲也,B1,38.57,4,○,21.3412,18.8,85,45.8,0.1831,3.5847,,,0,低,136,0,-,5 565,0,100,2.844,0,0,0.1379,0,0.0345,0.0762,0.0952,0.2762,,,B,△,◎,0.4431,0.5965,0.2577,0.1742,B,48,0,◎○△フォーメーション（15〜20点）,0.5777,"{'is_target': True, 'verdict': '参加推奨', 'max_combo_prob': 0.047, 'est_top_odds': 28.4, 'circle_concentration': 65.0, 'eligible_count': 9, 'bet_adj': 2, 'reason': 'rel_win1=50.2%（本命度） / 最有力組み合わせ確率: 0.047（推定実オッズ?28倍） / 2着集中度: 上位2艇 65.0%（補正+0.00） / 総合判定確率: 0.047 / → ヒモ分散。1号艇1着固定で広めのヒモ流し推奨（買い目+2点）', 'tenji_trigger': '展示確認: ヒモ分散レース。1号艇伸び確認後、広めのヒモ流しを採用。穴ヒモ（5・6号艇）を積極的に含める。\n展示で1号艇スタート遅め(0.202秒)確認→ヒモが荒れやすい'}",,,35.9,両建て推奨,14.66,39.3,4,,,,,,,,,,,
2025-04-19,丸亀,1,5,汐崎正則,B1,28.15,5,,3.0036,12.5,79,30.3,0.1652,3.1364,,,0,低,79,0,-,6 632,0,31.5,0.7276,,,,,,0.05,0.17,0.075,,△,E,◎,,0.4802,0.618,,0.1742,B,48,0,◎○△フォーメーション（15〜20点）,0.5777,"{'is_target': True, 'verdict': '参加推奨', 'max_combo_prob': 0.047, 'est_top_odds': 28.4, 'circle_concentration': 65.0, 'eligible_count': 9, 'bet_adj': 2, 'reason': 'rel_win1=50.2%（本命度） / 最有力組み合わせ確率: 0.047（推定実オッズ?28倍） / 2着集中度: 上位2艇 65.0%（補正+0.00） / 総合判定確率: 0.047 / → ヒモ分散。1号艇1着固定で広めのヒモ流し推奨（買い目+2点）', 'tenji_trigger': '展示確認: ヒモ分散レース。1号艇伸び確認後、広めのヒモ流しを採用。穴ヒモ（5・6号艇）を積極的に含める。\n展示で1号艇スタート遅め(0.202秒)確認→ヒモが荒れやすい'}",,,35.9,両建て推奨,14.66,39.3,4,,,,,,,,,,,
2025-04-19,丸亀,1,6,半田尚也,B1,40.30,6,,1.4563,3.7,76,30,0.2107,4.7875,,,0,低,141,0,-,1 235,0,22,0.4483,,,,,,0.18,0.54,0.16,,,B,△,,0.336,0.5765,,0.1742,B,48,0,◎○△フォーメーション（15〜20点）,0.5777,"{'is_target': True, 'verdict': '参加推奨', 'max_combo_prob': 0.047, 'est_top_odds': 28.4, 'circle_concentration': 65.0, 'eligible_count': 9, 'bet_adj': 2, 'reason': 'rel_win1=50.2%（本命度） / 最有力組み合わせ確率: 0.047（推定実オッズ?28倍） / 2着集中度: 上位2艇 65.0%（補正+0.00） / 総合判定確率: 0.047 / → ヒモ分散。1号艇1着固定で広めのヒモ流し推奨（買い目+2点）', 'tenji_trigger': '展示確認: ヒモ分散レース。1号艇伸び確認後、広めのヒモ流しを採用。穴ヒモ（5・6号艇）を積極的に含める。\n展示で1号艇スタート遅め(0.202秒)確認→ヒモが荒れやすい'}",,,35.9,両建て推奨,14.66,39.3,4,,,,,,,,,,,
2025-04-19,丸亀,2,1,中村栄治,B1,41.91,1,◎,45.9617,,0,61,0.1832,3.7439,,,0,低,142,0,逃0%,6 542,0,43.7,0.8074,0.3,,,,,0.12,0.04,0.04,,,A,,,,0.588,,0.1934,B,47,0,◎○△フォーメーション（15〜20点）,0.5777,"{'is_target': True, 'verdict': '参加推奨', 'max_combo_prob': 0.0712, 'est_top_odds': 18.7, 'circle_concentration': 82.4, 'eligible_count': 9, 'bet_adj': 2, 'reason': 'rel_win1=46.0%（本命度） / 最有力組み合わせ確率: 0.071（推定実オッズ?19倍） / 2着集中度: 上位2艇 82.4%（補正+0.04） / 総合判定確率: 0.111 / → ヒモ分散。1号艇1着固定で広めのヒモ流し推奨（買い目+2点）', 'tenji_trigger': '展示確認: ヒモ分散レース。1号艇伸び確認後、広めのヒモ流しを採用。穴ヒモ（5・6号艇）を積極的に含める。\n展示で1号艇スタート遅め(0.183秒)確認→ヒモが荒れやすい'}",,,28.8,両建て推奨,17.82,30.4,2,2-1-3|2-1-4|2-1-5|2-3-1|2-3-4|2-5-1|2-5-3|1-2-3|1-2-6|1-3-2,2-1-3|2-1-4|2-1-5|2-3-1|2-3-4|2-5-1|2-5-3|1-2-3|1-2-6|5-1-6|6-1-3|1-3-2,2-1-3:4.43%|2-1-4:1.9%|2-1-5:1.43%|2-3-1:1.3%|2-3-4:0.51%|2-5-1:0.46%|2-5-3:0.42%|1-2-3:5.73%|1-2-6:5.34%|1-3-2:3.85%,2-1-3:B_main|2-1-4:B_main|2-1-5:B_main|2-3-1:B_main|2-3-4:B_main|2-5-1:B_main|2-5-3:B_main|1-2-3:A|1-2-6:A|1-3-2:A,10,12,0.2915,1,[!]見送り推奨（主役決まり手「差し」― 逃げ劣勢レースで的中実績なし）,主役軸流し,B
2025-04-19,丸亀,2,2,稗田聖也,B1,34.33,2,○,19.925,56.1,68,73.8,0.1528,3.1967,,,0,低,66,0,差0% ま0% 抜0%,156 32,0,79.8,1.2579,0,0.1786,0.0357,0,0.0357,0,0.0242,0.2348,,◎,C,○,,0.6067,0.671,,0.1934,B,47,0,◎○△フォーメーション（15〜20点）,0.5777,"{'is_target': True, 'verdict': '参加推奨', 'max_combo_prob': 0.0712, 'est_top_odds': 18.7, 'circle_concentration': 82.4, 'eligible_count': 9, 'bet_adj': 2, 'reason': 'rel_win1=46.0%（本命度） / 最有力組み合わせ確率: 0.071（推定実オッズ?19倍） / 2着集中度: 上位2艇 82.4%（補正+0.04） / 総合判定確率: 0.111 / → ヒモ分散。1号艇1着固定で広めのヒモ流し推奨（買い目+2点）', 'tenji_trigger': '展示確認: ヒモ分散レース。1号艇伸び確認後、広めのヒモ流しを採用。穴ヒモ（5・6号艇）を積極的に含める。\n展示で1号艇スタート遅め(0.183秒)確認→ヒモが荒れやすい'}",,,28.8,両建て推奨,17.82,30.4,2,,,,,,,,,,,
2025-04-19,丸亀,2,3,森　悠稀,A2,23.62,3,,17.5884,26.4,100,66.7,0.1297,2.5985,,,0,低,62,0,差ま0%,33345,0,48.2,1.0938,0,0,0.0333,0.0333,0,0.0552,0.0276,0.0552,,○,E,◎,,0.4659,0.6755,,0.1934,B,47,0,◎○△フォーメーション（15〜20点）,0.5777,"{'is_target': True, 'verdict': '参加推奨', 'max_combo_prob': 0.0712, 'est_top_odds': 18.7, 'circle_concentration': 82.4, 'eligible_count': 9, 'bet_adj': 2, 'reason': 'rel_win1=46.0%（本命度） / 最有力組み合わせ確率: 0.071（推定実オッズ?19倍） / 2着集中度: 上位2艇 82.4%（補正+0.04） / 総合判定確率: 0.111 / → ヒモ分散。1号艇1着固定で広めのヒモ流し推奨（買い目+2点）', 'tenji_trigger': '展示確認: ヒモ分散レース。1号艇伸び確認後、広めのヒモ流しを採用。穴ヒモ（5・6号艇）を積極的に含める。\n展示で1号艇スタート遅め(0.183秒)確認→ヒモが荒れやすい'}",,,28.8,両建て推奨,17.82,30.4,2,,,,,,,,,,,
2025-04-19,丸亀,2,4,下河誉史,A2,27.66,4,,8.9972,7,96,48.4,0.1979,4.3306,,,0,低,163,0,-,252 34,0,30.1,1.0232,,,,,,0.1585,0.1683,0.0293,,,D,△,,0.2623,0.6355,,0.1934,B,47,0,◎○△フォーメーション（15〜20点）,0.5777,"{'is_target': True, 'verdict': '参加推奨', 'max_combo_prob': 0.0712, 'est_top_odds': 18.7, 'circle_concentration': 82.4, 'eligible_count': 9, 'bet_adj': 2, 'reason': 'rel_win1=46.0%（本命度） / 最有力組み合わせ確率: 0.071（推定実オッズ?19倍） / 2着集中度: 上位2艇 82.4%（補正+0.04） / 総合判定確率: 0.111 / → ヒモ分散。1号艇1着固定で広めのヒモ流し推奨（買い目+2点）', 'tenji_trigger': '展示確認: ヒモ分散レース。1号艇伸び確認後、広めのヒモ流しを採用。穴ヒモ（5・6号艇）を積極的に含める。\n展示で1号艇スタート遅め(0.183秒)確認→ヒモが荒れやすい'}",,,28.8,両建て推奨,17.82,30.4,2,,,,,,,,,,,
2025-04-19,丸亀,2,5,西丸敦基,B1,34.53,5,△,4.7313,8.8,92,35,0.1668,3.6667,,,0,低,113,0,-,2 6566,0,42.6,1.0021,,,,,,0.0333,0.0667,0.3,,,C,,,0.3682,0.6165,,0.1934,B,47,0,◎○△フォーメーション（15〜20点）,0.5777,"{'is_target': True, 'verdict': '参加推奨', 'max_combo_prob': 0.0712, 'est_top_odds': 18.7, 'circle_concentration': 82.4, 'eligible_count': 9, 'bet_adj': 2, 'reason': 'rel_win1=46.0%（本命度） / 最有力組み合わせ確率: 0.071（推定実オッズ?19倍） / 2着集中度: 上位2艇 82.4%（補正+0.04） / 総合判定確率: 0.111 / → ヒモ分散。1号艇1着固定で広めのヒモ流し推奨（買い目+2点）', 'tenji_trigger': '展示確認: ヒモ分散レース。1号艇伸び確認後、広めのヒモ流しを採用。穴ヒモ（5・6号艇）を積極的に含める。\n展示で1号艇スタート遅め(0.183秒)確認→ヒモが荒れやすい'}",,,28.8,両建て推奨,17.82,30.4,2,,,,,,,,,,,
2025-04-19,丸亀,2,6,黒柳浩孝,A1,38.81,6,▲,2.7964,1.8,74,32.7,0.1722,3.6,,,0,低,124,0,-,33435,0,70.5,1.2494,,,,,,0.0421,0.2342,0.1171,,,B,△,,0.351,0.637,,0.1934,B,47,0,◎○△フォーメーション（15〜20点）,0.5777,"{'is_target': True, 'verdict': '参加推奨', 'max_combo_prob': 0.0712, 'est_top_odds': 18.7, 'circle_concentration': 82.4, 'eligible_count': 9, 'bet_adj': 2, 'reason': 'rel_win1=46.0%（本命度） / 最有力組み合わせ確率: 0.071（推定実オッズ?19倍） / 2着集中度: 上位2艇 82.4%（補正+0.04） / 総合判定確率: 0.111 / → ヒモ分散。1号艇1着固定で広めのヒモ流し推奨（買い目+2点）', 'tenji_trigger': '展示確認: ヒモ分散レース。1号艇伸び確認後、広めのヒモ流しを採用。穴ヒモ（5・6号艇）を積極的に含める。\n展示で1号艇スタート遅め(0.183秒)確認→ヒモが荒れやすい'}",,,28.8,両建て推奨,17.82,30.4,2,,,,,,,,,,,
2025-04-19,丸亀,3,1,正木聖賢,B1,31.43,1,◎,50.9205,,0,79.6,0.1671,3.6837,,,0,低,64,0,逃1%,515 25,0,82.3,1.0184,0.55,,,,,0.21,0.135,0.095,△,,D,,,,0.585,,0.3103,A,68,0,◎-○軸 3着3〜4艇流し（10〜15点）,0.5777,"{'is_target': True, 'verdict': '点数絞り', 'max_combo_prob': 0.1172, 'est_top_odds': 11.4, 'circle_concentration': 74.2, 'eligible_count': 8, 'bet_adj': 0, 'reason': 'rel_win1=50.9%（本命度） / 最有力組み合わせ確率: 0.117（推定実オッズ?11倍） / 2着集中度: 上位2艇 74.2%（補正+0.04） / 総合判定確率: 0.157 / → ヒモはやや固め。上位2艇以外を切ること', 'tenji_trigger': '展示確認: 1号艇伸び良→そのまま採用。悪→飛び組に差し替え。circle_pct上位2艇に絞り込むこと。'}",,,29.2,逃げ狙い,15.32,33.9,3,2-1-3|2-1-4|1-2-3|1-2-5|1-3-2|1-3-5|1-4-3,2-1-3|3-5-4|5-1-6|3-4-5|5-6-1|2-1-4|3-4-6|1-2-3|1-2-5|1-3-2|1-3-5|1-4-3,2-1-3:2.56%|2-1-4:1.7%|1-2-3:7.98%|1-2-5:7.17%|1-3-2:4.95%|1-3-5:4.84%|1-4-3:2.89%,2-1-3:B_main|2-1-4:B_main|1-2-3:A|1-2-5:A|1-3-2:A|1-3-5:A|1-4-3:A,7,12,0.4535,1,[!]見送り推奨（主役決まり手「差し」― 逃げ劣勢レースで的中実績なし）,荒れ広め,D
2025-04-19,丸亀,3,2,原　豊土,B1,34.06,2,○,17.8323,50,54,68.4,0.1482,3.2982,,,0,低,122,0,-,461 66,0,40.4,0.8528,0,0.0833,0.0417,0,0,0.1711,0,0.0632,,◎,C,△,,0.5057,0.6015,,0.3103,A,68,0,◎-○軸 3着3〜4艇流し（10〜15点）,0.5777,"{'is_target': True, 'verdict': '点数絞り', 'max_combo_prob': 0.1172, 'est_top_odds': 11.4, 'circle_concentration': 74.2, 'eligible_count': 8, 'bet_adj': 0, 'reason': 'rel_win1=50.9%（本命度） / 最有力組み合わせ確率: 0.117（推定実オッズ?11倍） / 2着集中度: 上位2艇 74.2%（補正+0.04） / 総合判定確率: 0.157 / → ヒモはやや固め。上位2艇以外を切ること', 'tenji_trigger': '展示確認: 1号艇伸び良→そのまま採用。悪→飛び組に差し替え。circle_pct上位2艇に絞り込むこと。'}",,,29.2,逃げ狙い,15.32,33.9,3,,,,,,,,,,,
2025-04-19,丸亀,3,3,山田理央,A2,30.15,3,,8.221,24.3,52,56.8,0.1295,2.4054,,,0,低,62,0,-,33144,0,76.7,1.4133,,,,,,0.0444,0.1444,0.0222,,○,E,,,0.4868,0.6,,0.3103,A,68,0,◎-○軸 3着3〜4艇流し（10〜15点）,0.5777,"{'is_target': True, 'verdict': '点数絞り', 'max_combo_prob': 0.1172, 'est_top_odds': 11.4, 'circle_concentration': 74.2, 'eligible_count': 8, 'bet_adj': 0, 'reason': 'rel_win1=50.9%（本命度） / 最有力組み合わせ確率: 0.117（推定実オッズ?11倍） / 2着集中度: 上位2艇 74.2%（補正+0.04） / 総合判定確率: 0.157 / → ヒモはやや固め。上位2艇以外を切ること', 'tenji_trigger': '展示確認: 1号艇伸び良→そのまま採用。悪→飛び組に差し替え。circle_pct上位2艇に絞り込むこと。'}",,,29.2,逃げ狙い,15.32,33.9,3,,,,,,,,,,,
2025-04-19,丸亀,3,4,重富伸也,B1,43.88,4,▲,11.4878,9.7,35,27.1,0.1727,3.6771,,,0,低,124,0,ま0%,664 32,0,71.2,1.2262,0,0,0.0625,0,0,0.0615,0,0.3231,,,A,△,,0.2682,0.6085,,0.3103,A,68,0,◎-○軸 3着3〜4艇流し（10〜15点）,0.5777,"{'is_target': True, 'verdict': '点数絞り', 'max_combo_prob': 0.1172, 'est_top_odds': 11.4, 'circle_concentration': 74.2, 'eligible_count': 8, 'bet_adj': 0, 'reason': 'rel_win1=50.9%（本命度） / 最有力組み合わせ確率: 0.117（推定実オッズ?11倍） / 2着集中度: 上位2艇 74.2%（補正+0.04） / 総合判定確率: 0.157 / → ヒモはやや固め。上位2艇以外を切ること', 'tenji_trigger': '展示確認: 1号艇伸び良→そのまま採用。悪→飛び組に差し替え。circle_pct上位2艇に絞り込むこと。'}",,,29.2,逃げ狙い,15.32,33.9,3,,,,,,,,,,,
2025-04-19,丸亀,3,5,松村康太,A2,41.67,5,△,8.1826,8.8,100,48.5,0.1662,3.7727,,,0,低,166,0,抜0%,2 3134,0,29.5,0.9014,0,0,0.037,0,0.037,0.22,0.1756,0.2689,,,B,○,,0.2876,0.6195,,0.3103,A,68,0,◎-○軸 3着3〜4艇流し（10〜15点）,0.5777,"{'is_target': True, 'verdict': '点数絞り', 'max_combo_prob': 0.1172, 'est_top_odds': 11.4, 'circle_concentration': 74.2, 'eligible_count': 8, 'bet_adj': 0, 'reason': 'rel_win1=50.9%（本命度） / 最有力組み合わせ確率: 0.117（推定実オッズ?11倍） / 2着集中度: 上位2艇 74.2%（補正+0.04） / 総合判定確率: 0.157 / → ヒモはやや固め。上位2艇以外を切ること', 'tenji_trigger': '展示確認: 1号艇伸び良→そのまま採用。悪→飛び組に差し替え。circle_pct上位2艇に絞り込むこと。'}",,,29.2,逃げ狙い,15.32,33.9,3,,,,,,,,,,,
2025-04-19,丸亀,3,6,小山　勉,A1,32.82,6,,3.3559,7.3,30,30.4,0.195,4.8125,,,0,低,113,0,-,16213,0,27.4,0.8186,,,,,,0.1302,0.0138,0.0888,,,D,◎,,0.2247,0.654,,0.3103,A,68,0,◎-○軸 3着3〜4艇流し（10〜15点）,0.5777,"{'is_target': True, 'verdict': '点数絞り', 'max_combo_prob': 0.1172, 'est_top_odds': 11.4, 'circle_concentration': 74.2, 'eligible_count': 8, 'bet_adj': 0, 'reason': 'rel_win1=50.9%（本命度） / 最有力組み合わせ確率: 0.117（推定実オッズ?11倍） / 2着集中度: 上位2艇 74.2%（補正+0.04） / 総合判定確率: 0.157 / → ヒモはやや固め。上位2艇以外を切ること', 'tenji_trigger': '展示確認: 1号艇伸び良→そのまま採用。悪→飛び組に差し替え。circle_pct上位2艇に絞り込むこと。'}",,,29.2,逃げ狙い,15.32,33.9,3,,,,,,,,,,,
2025-04-19,丸亀,4,1,谷本幸司,B1,25.56,1,◎,48.8964,,0,87.9,0.1715,2.9242,,,0,低,87,0,逃1%,343 46,0,66.1,1.0962,0.5714,,,,,0.1048,0.0381,0.0381,○,,E,,,,0.591,,0.3822,B,59,0,◎○△フォーメーション（15〜20点）,0.5777,"{'is_target': True, 'verdict': '参加推奨', 'max_combo_prob': 0.0667, 'est_top_odds': 20.0, 'circle_concentration': 73.8, 'eligible_count': 9, 'bet_adj': 2, 'reason': 'rel_win1=48.9%（本命度） / 最有力組み合わせ確率: 0.067（推定実オッズ?20倍） / 2着集中度: 上位2艇 73.8%（補正+0.04） / 総合判定確率: 0.107 / → ヒモ分散。1号艇1着固定で広めのヒモ流し推奨（買い目+2点）', 'tenji_trigger': '展示確認: ヒモ分散レース。1号艇伸び確認後、広めのヒモ流しを採用。穴ヒモ（5・6号艇）を積極的に含める。'}",,,29,両建て推奨,21.57,28,2,,,,,0,0,0.6155,0,,主役軸流し,B
2025-04-19,丸亀,4,2,鈴木勝博,A2,48.09,2,○,31.6061,40.1,89,64.1,0.1534,2.9057,,,0,低,90,0,差0%,316 13,0,100,2.9641,0,0.2333,0.0667,0,0,0.1171,0.2776,0.0211,,◎,A,△,,0.5317,0.6045,,0.3822,B,59,0,◎○△フォーメーション（15〜20点）,0.5777,"{'is_target': True, 'verdict': '参加推奨', 'max_combo_prob': 0.0667, 'est_top_odds': 20.0, 'circle_concentration': 73.8, 'eligible_count': 9, 'bet_adj': 2, 'reason': 'rel_win1=48.9%（本命度） / 最有力組み合わせ確率: 0.067（推定実オッズ?20倍） / 2着集中度: 上位2艇 73.8%（補正+0.04） / 総合判定確率: 0.107 / → ヒモ分散。1号艇1着固定で広めのヒモ流し推奨（買い目+2点）', 'tenji_trigger': '展示確認: ヒモ分散レース。1号艇伸び確認後、広めのヒモ流しを採用。穴ヒモ（5・6号艇）を積極的に含める。'}",,,29,両建て推奨,21.57,28,2,,,,,,,,,,,
2025-04-19,丸亀,4,3,原村拓也,B1,30.28,3,△,8.7588,33.7,89,50.7,0.1648,3.6087,,,0,低,159,0,-,,0,29.1,0.9625,,,,,,0.3114,0.1257,0.02,,,C,,,0.3396,0.5855,,0.3822,B,59,0,◎○△フォーメーション（15〜20点）,0.5777,"{'is_target': True, 'verdict': '参加推奨', 'max_combo_prob': 0.0667, 'est_top_odds': 20.0, 'circle_concentration': 73.8, 'eligible_count': 9, 'bet_adj': 2, 'reason': 'rel_win1=48.9%（本命度） / 最有力組み合わせ確率: 0.067（推定実オッズ?20倍） / 2着集中度: 上位2艇 73.8%（補正+0.04） / 総合判定確率: 0.107 / → ヒモ分散。1号艇1着固定で広めのヒモ流し推奨（買い目+2点）', 'tenji_trigger': '展示確認: ヒモ分散レース。1号艇伸び確認後、広めのヒモ流しを採用。穴ヒモ（5・6号艇）を積極的に含める。'}",,,29,両建て推奨,21.57,28,2,,,,,,,,,,,
2025-04-19,丸亀,4,4,喜多須杏,B1,30.00,4,,4.6808,14.4,100,41.4,0.1876,4.1034,,,0,低,60,0,-,5 3335,0,65.4,1.504,,,,,,0,0.1429,0.1429,,,D,○,,0.2474,0.62,,0.3822,B,59,0,◎○△フォーメーション（15〜20点）,0.5777,"{'is_target': True, 'verdict': '参加推奨', 'max_combo_prob': 0.0667, 'est_top_odds': 20.0, 'circle_concentration': 73.8, 'eligible_count': 9, 'bet_adj': 2, 'reason': 'rel_win1=48.9%（本命度） / 最有力組み合わせ確率: 0.067（推定実オッズ?20倍） / 2着集中度: 上位2艇 73.8%（補正+0.04） / 総合判定確率: 0.107 / → ヒモ分散。1号艇1着固定で広めのヒモ流し推奨（買い目+2点）', 'tenji_trigger': '展示確認: ヒモ分散レース。1号艇伸び確認後、広めのヒモ流しを採用。穴ヒモ（5・6号艇）を積極的に含める。'}",,,29,両建て推奨,21.57,28,2,,,,,,,,,,,
2025-04-19,丸亀,4,5,小野寺智,A2,38.69,5,▲,3.6412,10.7,63,32.7,0.1544,3.6636,,,0,低,79,0,-,153 22,0,69.1,1.4812,,,,,,0.1217,0.0174,0.3096,,,B,△,,0.3644,0.6185,,0.3822,B,59,0,◎○△フォーメーション（15〜20点）,0.5777,"{'is_target': True, 'verdict': '参加推奨', 'max_combo_prob': 0.0667, 'est_top_odds': 20.0, 'circle_concentration': 73.8, 'eligible_count': 9, 'bet_adj': 2, 'reason': 'rel_win1=48.9%（本命度） / 最有力組み合わせ確率: 0.067（推定実オッズ?20倍） / 2着集中度: 上位2艇 73.8%（補正+0.04） / 総合判定確率: 0.107 / → ヒモ分散。1号艇1着固定で広めのヒモ流し推奨（買い目+2点）', 'tenji_trigger': '展示確認: ヒモ分散レース。1号艇伸び確認後、広めのヒモ流しを採用。穴ヒモ（5・6号艇）を積極的に含める。'}",,,29,両建て推奨,21.57,28,2,,,,,,,,,,,
2025-04-19,丸亀,4,6,梶野学志,A1,30.22,6,,2.4166,1.1,42,33.3,0.1592,3.7604,,,0,低,97,0,-,2 1425,0,35.4,1.0011,0,0,0,0,0.0526,0.0138,0.1164,0.0276,,,D,◎,,0.3491,0.656,,0.3822,B,59,0,◎○△フォーメーション（15〜20点）,0.5777,"{'is_target': True, 'verdict': '参加推奨', 'max_combo_prob': 0.0667, 'est_top_odds': 20.0, 'circle_concentration': 73.8, 'eligible_count': 9, 'bet_adj': 2, 'reason': 'rel_win1=48.9%（本命度） / 最有力組み合わせ確率: 0.067（推定実オッズ?20倍） / 2着集中度: 上位2艇 73.8%（補正+0.04） / 総合判定確率: 0.107 / → ヒモ分散。1号艇1着固定で広めのヒモ流し推奨（買い目+2点）', 'tenji_trigger': '展示確認: ヒモ分散レース。1号艇伸び確認後、広めのヒモ流しを採用。穴ヒモ（5・6号艇）を積極的に含める。'}",,,29,両建て推奨,21.57,28,2,,,,,,,,,,,
2025-04-19,丸亀,5,1,武重雄介,A2,40.77,1,◎,52.9576,,0,92.9,0.1443,2.4821,,,0,低,119,0,逃1%,3 4542,0,75.4,1.1263,0.7143,,,,,0.1657,0,0.0343,◎,,B,△,,,0.6375,,0.626,S,85,0,◎1着固定 2-3着流し（5〜8点）,0.5777,"{'is_target': True, 'verdict': '参加推奨', 'max_combo_prob': 0.0467, 'est_top_odds': 28.6, 'circle_concentration': 52.3, 'eligible_count': 6, 'bet_adj': 2, 'reason': 'rel_win1=53.0%（本命度） / 最有力組み合わせ確率: 0.047（推定実オッズ?29倍） / 2着集中度: 上位2艇 52.3%（補正-0.04） / 総合判定確率: 0.007 / → ヒモ分散。1号艇1着固定で広めのヒモ流し推奨（買い目+2点）', 'tenji_trigger': '展示確認: ヒモ分散レース。1号艇伸び確認後、広めのヒモ流しを採用。穴ヒモ（5・6号艇）を積極的に含める。'}",,,29.5,逃げ狙い,24.56,26.8,5,,,,,0,0,0.7559,0,,逃げ軸流し,A
2025-04-19,丸亀,5,2,関　裕也,B1,29.29,2,,7.0952,28.8,100,47.8,0.1609,3.4457,,,0,低,86,0,抜0%,4 1355,0,100,0.7997,0,0,0,0,0.0476,0.0923,0,0.2615,,,D,,,0.1615,0.6015,,0.626,S,85,0,◎1着固定 2-3着流し（5〜8点）,0.5777,"{'is_target': True, 'verdict': '参加推奨', 'max_combo_prob': 0.0467, 'est_top_odds': 28.6, 'circle_concentration': 52.3, 'eligible_count': 6, 'bet_adj': 2, 'reason': 'rel_win1=53.0%（本命度） / 最有力組み合わせ確率: 0.047（推定実オッズ?29倍） / 2着集中度: 上位2艇 52.3%（補正-0.04） / 総合判定確率: 0.007 / → ヒモ分散。1号艇1着固定で広めのヒモ流し推奨（買い目+2点）', 'tenji_trigger': '展示確認: ヒモ分散レース。1号艇伸び確認後、広めのヒモ流しを採用。穴ヒモ（5・6号艇）を積極的に含める。'}",,,29.5,逃げ狙い,24.56,26.8,5,,,,,,,,,,,
2025-04-19,丸亀,5,3,佐竹太一,B1,49.24,3,○,10.8699,18.4,72,43.5,0.1949,3.8768,,,0,低,176,0,-,154 44,0,100,2.8202,0,0,0.0625,0,0,0.2727,0.0364,0.1727,,,A,,,0.1119,0.589,,0.626,S,85,0,◎1着固定 2-3着流し（5〜8点）,0.5777,"{'is_target': True, 'verdict': '参加推奨', 'max_combo_prob': 0.0467, 'est_top_odds': 28.6, 'circle_concentration': 52.3, 'eligible_count': 6, 'bet_adj': 2, 'reason': 'rel_win1=53.0%（本命度） / 最有力組み合わせ確率: 0.047（推定実オッズ?29倍） / 2着集中度: 上位2艇 52.3%（補正-0.04） / 総合判定確率: 0.007 / → ヒモ分散。1号艇1着固定で広めのヒモ流し推奨（買い目+2点）', 'tenji_trigger': '展示確認: ヒモ分散レース。1号艇伸び確認後、広めのヒモ流しを採用。穴ヒモ（5・6号艇）を積極的に含める。'}",,,29.5,逃げ狙い,24.56,26.8,5,,,,,,,,,,,
2025-04-19,丸亀,5,4,渡邉優美,A1,32.12,4,▲,10.715,23.3,67,63,0.1522,3.2778,,,0,低,44,0,差0%,23411,0,63.6,1.3211,0,0.0833,0,0,0,0.2078,0.1584,0.0182,,,C,○,,0.2605,0.6535,,0.626,S,85,0,◎1着固定 2-3着流し（5〜8点）,0.5777,"{'is_target': True, 'verdict': '参加推奨', 'max_combo_prob': 0.0467, 'est_top_odds': 28.6, 'circle_concentration': 52.3, 'eligible_count': 6, 'bet_adj': 2, 'reason': 'rel_win1=53.0%（本命度） / 最有力組み合わせ確率: 0.047（推定実オッズ?29倍） / 2着集中度: 上位2艇 52.3%（補正-0.04） / 総合判定確率: 0.007 / → ヒモ分散。1号艇1着固定で広めのヒモ流し推奨（買い目+2点）', 'tenji_trigger': '展示確認: ヒモ分散レース。1号艇伸び確認後、広めのヒモ流しを採用。穴ヒモ（5・6号艇）を積極的に含める。'}",,,29.5,逃げ狙い,24.56,26.8,5,,,,,,,,,,,
2025-04-19,丸亀,5,5,宮之原輝,A1,18.25,5,△,16.5393,23.6,56,69.4,0.1436,3.2361,,,0,低,35,0,差ま0% 抜0%,242 11,0,32.6,2.2098,0,0,0,0.1429,0.0476,0.0333,0.0333,0.1,,,E,◎,◎,0.3107,0.7135,0.394,0.626,S,85,0,◎1着固定 2-3着流し（5〜8点）,0.5777,"{'is_target': True, 'verdict': '参加推奨', 'max_combo_prob': 0.0467, 'est_top_odds': 28.6, 'circle_concentration': 52.3, 'eligible_count': 6, 'bet_adj': 2, 'reason': 'rel_win1=53.0%（本命度） / 最有力組み合わせ確率: 0.047（推定実オッズ?29倍） / 2着集中度: 上位2艇 52.3%（補正-0.04） / 総合判定確率: 0.007 / → ヒモ分散。1号艇1着固定で広めのヒモ流し推奨（買い目+2点）', 'tenji_trigger': '展示確認: ヒモ分散レース。1号艇伸び確認後、広めのヒモ流しを採用。穴ヒモ（5・6号艇）を積極的に含める。'}",,,29.5,逃げ狙い,24.56,26.8,5,,,,,,,,,,,
2025-04-19,丸亀,5,6,渡邊裕貴,B1,30.60,6,,1.8231,6,40,22,0.1552,3.71,,,0,低,99,0,-,1 6234,0,32.6,0.5392,,,,,,0,0.2311,0.1644,,,D,△,,0.2758,0.6215,,0.626,S,85,0,◎1着固定 2-3着流し（5〜8点）,0.5777,"{'is_target': True, 'verdict': '参加推奨', 'max_combo_prob': 0.0467, 'est_top_odds': 28.6, 'circle_concentration': 52.3, 'eligible_count': 6, 'bet_adj': 2, 'reason': 'rel_win1=53.0%（本命度） / 最有力組み合わせ確率: 0.047（推定実オッズ?29倍） / 2着集中度: 上位2艇 52.3%（補正-0.04） / 総合判定確率: 0.007 / → ヒモ分散。1号艇1着固定で広めのヒモ流し推奨（買い目+2点）', 'tenji_trigger': '展示確認: ヒモ分散レース。1号艇伸び確認後、広めのヒモ流しを採用。穴ヒモ（5・6号艇）を積極的に含める。'}",,,29.5,逃げ狙い,24.56,26.8,5,,,,,,,,,,,
2025-04-19,丸亀,6,1,三宅　潤,A2,23.28,1,◎,51.7778,,0,89.9,0.161,3.0633,,,0,低,174,0,-,2 2666,0,71,0.9554,0.6111,,,,,0.0222,0.0444,0.2111,◎,,E,◎,,,0.6355,,0.5394,A,76,0,◎-○軸 3着3〜4艇流し（10〜15点）,0.5777,"{'is_target': True, 'verdict': '参加推奨', 'max_combo_prob': 0.0763, 'est_top_odds': 17.5, 'circle_concentration': 64.1, 'eligible_count': 8, 'bet_adj': 2, 'reason': 'rel_win1=51.8%（本命度） / 最有力組み合わせ確率: 0.076（推定実オッズ?18倍） / 2着集中度: 上位2艇 64.1%（補正+0.00） / 総合判定確率: 0.076 / → ヒモ分散。1号艇1着固定で広めのヒモ流し推奨（買い目+2点）', 'tenji_trigger': '展示確認: ヒモ分散レース。1号艇伸び確認後、広めのヒモ流しを採用。穴ヒモ（5・6号艇）を積極的に含める。'}",,,29.1,逃げ狙い,23.17,26.9,3,,,,,0,0,0.7559,0,,逃げ軸流し,A
2025-04-19,丸亀,6,2,中村栄治,B1,41.91,2,△,8.5691,28.6,65,51.1,0.2007,3.9556,,,0,低,142,0,-,6 542,0,78.4,0.8455,,,,,,0.12,0.04,0.04,,,A,,,0.0808,0.588,,0.5394,A,76,0,◎-○軸 3着3〜4艇流し（10〜15点）,0.5777,"{'is_target': True, 'verdict': '参加推奨', 'max_combo_prob': 0.0763, 'est_top_odds': 17.5, 'circle_concentration': 64.1, 'eligible_count': 8, 'bet_adj': 2, 'reason': 'rel_win1=51.8%（本命度） / 最有力組み合わせ確率: 0.076（推定実オッズ?18倍） / 2着集中度: 上位2艇 64.1%（補正+0.00） / 総合判定確率: 0.076 / → ヒモ分散。1号艇1着固定で広めのヒモ流し推奨（買い目+2点）', 'tenji_trigger': '展示確認: ヒモ分散レース。1号艇伸び確認後、広めのヒモ流しを採用。穴ヒモ（5・6号艇）を積極的に含める。'}",,,29.1,逃げ狙い,23.17,26.9,3,,,,,,,,,,,
2025-04-19,丸亀,6,3,海野ゆか,A1,33.09,3,○,20.495,35.5,63,72,0.1568,2.52,,,0,低,58,0,ま0% 差ま0% 抜0%,4 1266,0,84.9,1.5731,0,0,0.1667,0.0833,0.0833,0,0.0667,0.1333,,,C,△,,0.3433,0.5965,,0.5394,A,76,0,◎-○軸 3着3〜4艇流し（10〜15点）,0.5777,"{'is_target': True, 'verdict': '参加推奨', 'max_combo_prob': 0.0763, 'est_top_odds': 17.5, 'circle_concentration': 64.1, 'eligible_count': 8, 'bet_adj': 2, 'reason': 'rel_win1=51.8%（本命度） / 最有力組み合わせ確率: 0.076（推定実オッズ?18倍） / 2着集中度: 上位2艇 64.1%（補正+0.00） / 総合判定確率: 0.076 / → ヒモ分散。1号艇1着固定で広めのヒモ流し推奨（買い目+2点）', 'tenji_trigger': '展示確認: ヒモ分散レース。1号艇伸び確認後、広めのヒモ流しを採用。穴ヒモ（5・6号艇）を積極的に含める。'}",,,29.1,逃げ狙い,23.17,26.9,3,,,,,,,,,,,
2025-04-19,丸亀,6,4,大須賀友,A1,25.56,4,,9.4861,21,100,69.2,0.1546,3.2115,,,0,低,116,0,差ま0%,415 53,0,74.7,1.3023,0,0.0476,0.0952,0.0952,0,0.0516,0.1258,0.0129,,,D,○,◎,0.3359,0.599,0.462,0.5394,A,76,0,◎-○軸 3着3〜4艇流し（10〜15点）,0.5777,"{'is_target': True, 'verdict': '参加推奨', 'max_combo_prob': 0.0763, 'est_top_odds': 17.5, 'circle_concentration': 64.1, 'eligible_count': 8, 'bet_adj': 2, 'reason': 'rel_win1=51.8%（本命度） / 最有力組み合わせ確率: 0.076（推定実オッズ?18倍） / 2着集中度: 上位2艇 64.1%（補正+0.00） / 総合判定確率: 0.076 / → ヒモ分散。1号艇1着固定で広めのヒモ流し推奨（買い目+2点）', 'tenji_trigger': '展示確認: ヒモ分散レース。1号艇伸び確認後、広めのヒモ流しを採用。穴ヒモ（5・6号艇）を積極的に含める。'}",,,29.1,逃げ狙い,23.17,26.9,3,,,,,,,,,,,
2025-04-19,丸亀,6,5,松下哲也,B1,38.57,5,▲,8.6729,14.2,52,36.5,0.1603,3.4048,,,0,低,136,0,-,5 565,0,29.9,1.3376,0,0,0.0345,0.0345,0,0.0762,0.0952,0.2762,,,B,△,○,0.2926,0.5965,0.3139,0.5394,A,76,0,◎-○軸 3着3〜4艇流し（10〜15点）,0.5777,"{'is_target': True, 'verdict': '参加推奨', 'max_combo_prob': 0.0763, 'est_top_odds': 17.5, 'circle_concentration': 64.1, 'eligible_count': 8, 'bet_adj': 2, 'reason': 'rel_win1=51.8%（本命度） / 最有力組み合わせ確率: 0.076（推定実オッズ?18倍） / 2着集中度: 上位2艇 64.1%（補正+0.00） / 総合判定確率: 0.076 / → ヒモ分散。1号艇1着固定で広めのヒモ流し推奨（買い目+2点）', 'tenji_trigger': '展示確認: ヒモ分散レース。1号艇伸び確認後、広めのヒモ流しを採用。穴ヒモ（5・6号艇）を積極的に含める。'}",,,29.1,逃げ狙い,23.17,26.9,3,,,,,,,,,,,
2025-04-19,丸亀,6,6,吉武真也,B1,35.62,6,,0.9991,0.7,24,2.3,0.2102,4.7442,,,0,低,106,0,-,5 1223,0,29.9,0.82,,,,,,0.2676,0.0235,0.2441,,,C,△,,0.1635,0.595,,0.5394,A,76,0,◎-○軸 3着3〜4艇流し（10〜15点）,0.5777,"{'is_target': True, 'verdict': '参加推奨', 'max_combo_prob': 0.0763, 'est_top_odds': 17.5, 'circle_concentration': 64.1, 'eligible_count': 8, 'bet_adj': 2, 'reason': 'rel_win1=51.8%（本命度） / 最有力組み合わせ確率: 0.076（推定実オッズ?18倍） / 2着集中度: 上位2艇 64.1%（補正+0.00） / 総合判定確率: 0.076 / → ヒモ分散。1号艇1着固定で広めのヒモ流し推奨（買い目+2点）', 'tenji_trigger': '展示確認: ヒモ分散レース。1号艇伸び確認後、広めのヒモ流しを採用。穴ヒモ（5・6号艇）を積極的に含める。'}",,,29.1,逃げ狙い,23.17,26.9,3,,,,,,,,,,,
2025-04-19,丸亀,7,1,下河誉史,A2,27.66,1,◎,50.9828,,0,85.4,0.1804,3.8232,,,0,低,163,0,-,252 34,0,95.9,1.3701,0.5366,,,,,0.1585,0.1683,0.0293,△,,D,○,,,0.6355,,0.2797,A,64,0,◎-○軸 3着3〜4艇流し（10〜15点）,0.5777,"{'is_target': True, 'verdict': '点数絞り', 'max_combo_prob': 0.0812, 'est_top_odds': 16.4, 'circle_concentration': 77.9, 'eligible_count': 8, 'bet_adj': 0, 'reason': 'rel_win1=51.0%（本命度） / 最有力組み合わせ確率: 0.081（推定実オッズ?16倍） / 2着集中度: 上位2艇 77.9%（補正+0.04） / 総合判定確率: 0.121 / → ヒモはやや固め。上位2艇以外を切ること', 'tenji_trigger': '展示確認: 1号艇伸び良→そのまま採用。悪→飛び組に差し替え。circle_pct上位2艇に絞り込むこと。\n展示で1号艇スタート遅め(0.180秒)確認→ヒモが荒れやすい'}",,,30.9,両建て推奨,21.63,33.3,2,2-1-3|1-2-5|1-2-6|1-3-2|1-3-5|1-3-6,5-1-6|6-1-3|2-1-3|5-6-1|6-3-1|5-1-3|5-6-3|1-2-5|1-2-6|1-3-2|1-3-5|1-3-6,2-1-3:3.55%|1-2-5:8.08%|1-2-6:7.53%|1-3-2:5.75%|1-3-5:5.15%|1-3-6:4.79%,2-1-3:B_main|1-2-5:A|1-2-6:A|1-3-2:A|1-3-5:A|1-3-6:A,6,12,0.4535,1,[!]見送り推奨（主役決まり手「差し」― 逃げ劣勢レースで的中実績なし）,荒れ広め,D
2025-04-19,丸亀,7,2,白井英治,A1,31.91,2,▲,19.9954,46.4,82,81.2,0.1706,3.4375,,,0,低,29,0,差1%,623 41,0,64.5,1.3616,0,0.8,0,0,0,0.0588,0.1765,0.0588,,◎,C,◎,,0.6173,0.659,,0.2797,A,64,0,◎-○軸 3着3〜4艇流し（10〜15点）,0.5777,"{'is_target': True, 'verdict': '点数絞り', 'max_combo_prob': 0.0812, 'est_top_odds': 16.4, 'circle_concentration': 77.9, 'eligible_count': 8, 'bet_adj': 0, 'reason': 'rel_win1=51.0%（本命度） / 最有力組み合わせ確率: 0.081（推定実オッズ?16倍） / 2着集中度: 上位2艇 77.9%（補正+0.04） / 総合判定確率: 0.121 / → ヒモはやや固め。上位2艇以外を切ること', 'tenji_trigger': '展示確認: 1号艇伸び良→そのまま採用。悪→飛び組に差し替え。circle_pct上位2艇に絞り込むこと。\n展示で1号艇スタート遅め(0.180秒)確認→ヒモが荒れやすい'}",,,30.9,両建て推奨,21.63,33.3,2,,,,,,,,,,,
2025-04-19,丸亀,7,3,白水勝也,A1,26.87,3,,10.0239,31.6,100,70.8,0.17,3.5077,,,0,低,134,0,ま0%,35221,0,32.2,0.8515,0,0.0345,0.069,0.0345,0,0.1045,0.0455,0.0955,,,E,,,0.3383,0.604,,0.2797,A,64,0,◎-○軸 3着3〜4艇流し（10〜15点）,0.5777,"{'is_target': True, 'verdict': '点数絞り', 'max_combo_prob': 0.0812, 'est_top_odds': 16.4, 'circle_concentration': 77.9, 'eligible_count': 8, 'bet_adj': 0, 'reason': 'rel_win1=51.0%（本命度） / 最有力組み合わせ確率: 0.081（推定実オッズ?16倍） / 2着集中度: 上位2艇 77.9%（補正+0.04） / 総合判定確率: 0.121 / → ヒモはやや固め。上位2艇以外を切ること', 'tenji_trigger': '展示確認: 1号艇伸び良→そのまま採用。悪→飛び組に差し替え。circle_pct上位2艇に絞り込むこと。\n展示で1号艇スタート遅め(0.180秒)確認→ヒモが荒れやすい'}",,,30.9,両建て推奨,21.63,33.3,2,,,,,,,,,,,
2025-04-19,丸亀,7,4,仁科さや,B2,32.33,4,△,9.3469,7.8,59,7.7,0.1931,4.8462,,,0,低,24,1,ま0%,4 6544,0,22.2,0.7115,0,0,0.0769,0,0,0.1667,0.3333,0,,,C,△,,0.273,0.6165,,0.2797,A,64,0,◎-○軸 3着3〜4艇流し（10〜15点）,0.5777,"{'is_target': True, 'verdict': '点数絞り', 'max_combo_prob': 0.0812, 'est_top_odds': 16.4, 'circle_concentration': 77.9, 'eligible_count': 8, 'bet_adj': 0, 'reason': 'rel_win1=51.0%（本命度） / 最有力組み合わせ確率: 0.081（推定実オッズ?16倍） / 2着集中度: 上位2艇 77.9%（補正+0.04） / 総合判定確率: 0.121 / → ヒモはやや固め。上位2艇以外を切ること', 'tenji_trigger': '展示確認: 1号艇伸び良→そのまま採用。悪→飛び組に差し替え。circle_pct上位2艇に絞り込むこと。\n展示で1号艇スタート遅め(0.180秒)確認→ヒモが荒れやすい'}",,,30.9,両建て推奨,21.63,33.3,2,,,,,,,,,,,
2025-04-19,丸亀,7,5,重富伸也,B1,43.88,5,○,8.5939,12.8,59,39.2,0.1682,3.5784,,,0,低,124,0,ま0%,664 32,0,29.8,0.7471,0,0,0.1667,0.0417,0,0.0615,0,0.3231,,,A,,◎,0.3881,0.6085,0.3288,0.2797,A,64,0,◎-○軸 3着3〜4艇流し（10〜15点）,0.5777,"{'is_target': True, 'verdict': '点数絞り', 'max_combo_prob': 0.0812, 'est_top_odds': 16.4, 'circle_concentration': 77.9, 'eligible_count': 8, 'bet_adj': 0, 'reason': 'rel_win1=51.0%（本命度） / 最有力組み合わせ確率: 0.081（推定実オッズ?16倍） / 2着集中度: 上位2艇 77.9%（補正+0.04） / 総合判定確率: 0.121 / → ヒモはやや固め。上位2艇以外を切ること', 'tenji_trigger': '展示確認: 1号艇伸び良→そのまま採用。悪→飛び組に差し替え。circle_pct上位2艇に絞り込むこと。\n展示で1号艇スタート遅め(0.180秒)確認→ヒモが荒れやすい'}",,,30.9,両建て推奨,21.63,33.3,2,,,,,,,,,,,
2025-04-19,丸亀,7,6,嶋　義信,B1,30.99,6,,1.057,1.5,73,24.6,0.191,4.3361,,,0,低,90,0,-,6 1651,0,72.8,1.5481,,,,,,0.125,0.15,0.1875,,,D,△,,0.3,0.632,,0.2797,A,64,0,◎-○軸 3着3〜4艇流し（10〜15点）,0.5777,"{'is_target': True, 'verdict': '点数絞り', 'max_combo_prob': 0.0812, 'est_top_odds': 16.4, 'circle_concentration': 77.9, 'eligible_count': 8, 'bet_adj': 0, 'reason': 'rel_win1=51.0%（本命度） / 最有力組み合わせ確率: 0.081（推定実オッズ?16倍） / 2着集中度: 上位2艇 77.9%（補正+0.04） / 総合判定確率: 0.121 / → ヒモはやや固め。上位2艇以外を切ること', 'tenji_trigger': '展示確認: 1号艇伸び良→そのまま採用。悪→飛び組に差し替え。circle_pct上位2艇に絞り込むこと。\n展示で1号艇スタート遅め(0.180秒)確認→ヒモが荒れやすい'}",,,30.9,両建て推奨,21.63,33.3,2,,,,,,,,,,,
2025-04-19,丸亀,8,1,黒柳浩孝,A1,38.81,1,◎,69.9567,,0,86.8,0.1433,2.8956,,,0,低,124,0,逃0%,33435,0,89.4,1.1663,0.5,,,,,0.0421,0.2342,0.1171,◎,,C,○,,,0.637,,0.5385,A,71,0,◎-○軸 3着3〜4艇流し（10〜15点）,0.5777,"{'is_target': True, 'verdict': '点数絞り', 'max_combo_prob': 0.1105, 'est_top_odds': 12.1, 'circle_concentration': 71.6, 'eligible_count': 8, 'bet_adj': 0, 'reason': 'rel_win1=70.0%（本命度） / 最有力組み合わせ確率: 0.111（推定実オッズ?12倍） / 2着集中度: 上位2艇 71.6%（補正+0.04） / 総合判定確率: 0.151 / → ヒモはやや固め。上位2艇以外を切ること', 'tenji_trigger': '展示確認: 1号艇伸び良→そのまま採用。悪→飛び組に差し替え。circle_pct上位2艇に絞り込むこと。'}",,,25.9,逃げ狙い,9.59,29.4,3,,,,,0,0,0.7559,0,,逃げ軸流し,A
2025-04-19,丸亀,8,2,小野寺智,A2,38.69,2,△,9.5893,46.6,97,67.7,0.1573,3.371,,,0,低,79,0,-,153 22,0,51.3,1.0566,0,0.0741,0.0741,0,0,0.1217,0.0174,0.3096,,,C,△,,0.1833,0.6185,,0.5385,A,71,0,◎-○軸 3着3〜4艇流し（10〜15点）,0.5777,"{'is_target': True, 'verdict': '点数絞り', 'max_combo_prob': 0.1105, 'est_top_odds': 12.1, 'circle_concentration': 71.6, 'eligible_count': 8, 'bet_adj': 0, 'reason': 'rel_win1=70.0%（本命度） / 最有力組み合わせ確率: 0.111（推定実オッズ?12倍） / 2着集中度: 上位2艇 71.6%（補正+0.04） / 総合判定確率: 0.151 / → ヒモはやや固め。上位2艇以外を切ること', 'tenji_trigger': '展示確認: 1号艇伸び良→そのまま採用。悪→飛び組に差し替え。circle_pct上位2艇に絞り込むこと。'}",,,25.9,逃げ狙い,9.59,29.4,3,,,,,,,,,,,
2025-04-19,丸亀,8,3,小林孝彰,B1,25.00,3,,10.4264,25,97,57.8,0.1611,3.1222,,,0,低,77,0,ま0% 差ま0%,425 15,0,46.7,1.0717,0,0,0.15,0.05,0,0.1921,0.4053,0,,,E,◎,,0.2464,0.676,,0.5385,A,71,0,◎-○軸 3着3〜4艇流し（10〜15点）,0.5777,"{'is_target': True, 'verdict': '点数絞り', 'max_combo_prob': 0.1105, 'est_top_odds': 12.1, 'circle_concentration': 71.6, 'eligible_count': 8, 'bet_adj': 0, 'reason': 'rel_win1=70.0%（本命度） / 最有力組み合わせ確率: 0.111（推定実オッズ?12倍） / 2着集中度: 上位2艇 71.6%（補正+0.04） / 総合判定確率: 0.151 / → ヒモはやや固め。上位2艇以外を切ること', 'tenji_trigger': '展示確認: 1号艇伸び良→そのまま採用。悪→飛び組に差し替え。circle_pct上位2艇に絞り込むこと。'}",,,25.9,逃げ狙い,9.59,29.4,3,,,,,,,,,,,
2025-04-19,丸亀,8,4,松村康太,A2,41.67,4,▲,5.8932,23.6,100,57.8,0.181,3.8169,,,0,低,166,0,-,2 3134,0,24.9,0.6777,0,0,0.0323,0,0,0.22,0.1756,0.2689,,,B,△,,0.1689,0.6195,,0.5385,A,71,0,◎-○軸 3着3〜4艇流し（10〜15点）,0.5777,"{'is_target': True, 'verdict': '点数絞り', 'max_combo_prob': 0.1105, 'est_top_odds': 12.1, 'circle_concentration': 71.6, 'eligible_count': 8, 'bet_adj': 0, 'reason': 'rel_win1=70.0%（本命度） / 最有力組み合わせ確率: 0.111（推定実オッズ?12倍） / 2着集中度: 上位2艇 71.6%（補正+0.04） / 総合判定確率: 0.151 / → ヒモはやや固め。上位2艇以外を切ること', 'tenji_trigger': '展示確認: 1号艇伸び良→そのまま採用。悪→飛び組に差し替え。circle_pct上位2艇に絞り込むこと。'}",,,25.9,逃げ狙い,9.59,29.4,3,,,,,,,,,,,
2025-04-19,丸亀,8,5,豊田泰洋,B1,33.12,5,,2.6686,1,50,19,0.1791,3.9177,,,0,低,169,0,差ま0%,,0,27.9,0.656,0,0,0,0.0333,0,0.4348,0.087,0.0696,,,D,,,0.2032,0.576,,0.5385,A,71,0,◎-○軸 3着3〜4艇流し（10〜15点）,0.5777,"{'is_target': True, 'verdict': '点数絞り', 'max_combo_prob': 0.1105, 'est_top_odds': 12.1, 'circle_concentration': 71.6, 'eligible_count': 8, 'bet_adj': 0, 'reason': 'rel_win1=70.0%（本命度） / 最有力組み合わせ確率: 0.111（推定実オッズ?12倍） / 2着集中度: 上位2艇 71.6%（補正+0.04） / 総合判定確率: 0.151 / → ヒモはやや固め。上位2艇以外を切ること', 'tenji_trigger': '展示確認: 1号艇伸び良→そのまま採用。悪→飛び組に差し替え。circle_pct上位2艇に絞り込むこと。'}",,,25.9,逃げ狙い,9.59,29.4,3,,,,,,,,,,,
2025-04-19,丸亀,8,6,石丸小槙,B2,41.43,6,○,1.4658,3.8,48,7.7,0.1446,3.1923,,,0,低,15,1,-,651F66,0,21.8,0.5928,,,,,,,,,,,B,,,0.3449,0.4805,,0.5385,A,71,0,◎-○軸 3着3〜4艇流し（10〜15点）,0.5777,"{'is_target': True, 'verdict': '点数絞り', 'max_combo_prob': 0.1105, 'est_top_odds': 12.1, 'circle_concentration': 71.6, 'eligible_count': 8, 'bet_adj': 0, 'reason': 'rel_win1=70.0%（本命度） / 最有力組み合わせ確率: 0.111（推定実オッズ?12倍） / 2着集中度: 上位2艇 71.6%（補正+0.04） / 総合判定確率: 0.151 / → ヒモはやや固め。上位2艇以外を切ること', 'tenji_trigger': '展示確認: 1号艇伸び良→そのまま採用。悪→飛び組に差し替え。circle_pct上位2艇に絞り込むこと。'}",,,25.9,逃げ狙い,9.59,29.4,3,,,,,,,,,,,
2025-04-19,丸亀,9,1,小山　勉,A1,32.82,1,◎,66.5015,,0,95.5,0.1581,3.097,,,0,低,113,0,逃1%,16213,0,82.3,1.0526,0.7586,,,,,0.1302,0.0138,0.0888,◎,,C,◎,,,0.654,,0.5776,S,86,0,◎1着固定 2-3着流し（5〜8点）,0.5777,"{'is_target': True, 'verdict': '参加推奨', 'max_combo_prob': 0.094, 'est_top_odds': 14.2, 'circle_concentration': 69.3, 'eligible_count': 6, 'bet_adj': 2, 'reason': 'rel_win1=66.5%（本命度） / 最有力組み合わせ確率: 0.094（推定実オッズ?14倍） / 2着集中度: 上位2艇 69.3%（補正+0.00） / 総合判定確率: 0.094 / → ヒモ分散。1号艇1着固定で広めのヒモ流し推奨（買い目+2点）', 'tenji_trigger': '展示確認: ヒモ分散レース。1号艇伸び確認後、広めのヒモ流しを採用。穴ヒモ（5・6号艇）を積極的に含める。'}",,,25.5,逃げ狙い,9.75,27.9,4,,,,,0,0,0.7559,0,,逃げ軸流し,A
2025-04-19,丸亀,9,2,半田尚也,B1,40.30,2,△,6.9439,13.1,79,26.8,0.2012,4.3304,,,0,低,141,0,-,1 235,0,26.8,0.9505,0,0.04,0,0,0,0.18,0.54,0.16,,,B,,,0.0574,0.5765,,0.5776,S,86,0,◎1着固定 2-3着流し（5〜8点）,0.5777,"{'is_target': True, 'verdict': '参加推奨', 'max_combo_prob': 0.094, 'est_top_odds': 14.2, 'circle_concentration': 69.3, 'eligible_count': 6, 'bet_adj': 2, 'reason': 'rel_win1=66.5%（本命度） / 最有力組み合わせ確率: 0.094（推定実オッズ?14倍） / 2着集中度: 上位2艇 69.3%（補正+0.00） / 総合判定確率: 0.094 / → ヒモ分散。1号艇1着固定で広めのヒモ流し推奨（買い目+2点）', 'tenji_trigger': '展示確認: ヒモ分散レース。1号艇伸び確認後、広めのヒモ流しを採用。穴ヒモ（5・6号艇）を積極的に含める。'}",,,25.5,逃げ狙い,9.75,27.9,4,,,,,,,,,,,
2025-04-19,丸亀,9,3,中嶋誠一,B1,34.27,3,▲,9.8253,47.2,52,59.3,0.1737,3.6852,,,0,低,130,0,ま0% 差ま0% 抜0%,232514,0,45.5,1.0829,0,0,0.0417,0.0833,0.0417,0.4673,0.1519,0.0904,,,C,△,,0.2197,0.6265,,0.5776,S,86,0,◎1着固定 2-3着流し（5〜8点）,0.5777,"{'is_target': True, 'verdict': '参加推奨', 'max_combo_prob': 0.094, 'est_top_odds': 14.2, 'circle_concentration': 69.3, 'eligible_count': 6, 'bet_adj': 2, 'reason': 'rel_win1=66.5%（本命度） / 最有力組み合わせ確率: 0.094（推定実オッズ?14倍） / 2着集中度: 上位2艇 69.3%（補正+0.00） / 総合判定確率: 0.094 / → ヒモ分散。1号艇1着固定で広めのヒモ流し推奨（買い目+2点）', 'tenji_trigger': '展示確認: ヒモ分散レース。1号艇伸び確認後、広めのヒモ流しを採用。穴ヒモ（5・6号艇）を積極的に含める。'}",,,25.5,逃げ狙い,9.75,27.9,4,,,,,,,,,,,
2025-04-19,丸亀,9,4,武重雄介,A2,40.77,4,○,7.8468,22.1,90,50,0.1566,3.2069,,,0,低,119,0,-,3 4542,0,46.2,0.9947,0,0,0.04,0,0,0.1657,0,0.0343,,,B,○,◎,0.2906,0.6375,0.2843,0.5776,S,86,0,◎1着固定 2-3着流し（5〜8点）,0.5777,"{'is_target': True, 'verdict': '参加推奨', 'max_combo_prob': 0.094, 'est_top_odds': 14.2, 'circle_concentration': 69.3, 'eligible_count': 6, 'bet_adj': 2, 'reason': 'rel_win1=66.5%（本命度） / 最有力組み合わせ確率: 0.094（推定実オッズ?14倍） / 2着集中度: 上位2艇 69.3%（補正+0.00） / 総合判定確率: 0.094 / → ヒモ分散。1号艇1着固定で広めのヒモ流し推奨（買い目+2点）', 'tenji_trigger': '展示確認: ヒモ分散レース。1号艇伸び確認後、広めのヒモ流しを採用。穴ヒモ（5・6号艇）を積極的に含める。'}",,,25.5,逃げ狙い,9.75,27.9,4,,,,,,,,,,,
2025-04-19,丸亀,9,5,喜多須杏,B1,30.00,5,,5.6727,10.1,100,44.4,0.1581,3.3704,,,0,低,60,0,-,5 3335,0,40.8,0.9667,0,0,0,0.0714,0,0,0.1429,0.1429,,,D,△,,0.2913,0.62,,0.5776,S,86,0,◎1着固定 2-3着流し（5〜8点）,0.5777,"{'is_target': True, 'verdict': '参加推奨', 'max_combo_prob': 0.094, 'est_top_odds': 14.2, 'circle_concentration': 69.3, 'eligible_count': 6, 'bet_adj': 2, 'reason': 'rel_win1=66.5%（本命度） / 最有力組み合わせ確率: 0.094（推定実オッズ?14倍） / 2着集中度: 上位2艇 69.3%（補正+0.00） / 総合判定確率: 0.094 / → ヒモ分散。1号艇1着固定で広めのヒモ流し推奨（買い目+2点）', 'tenji_trigger': '展示確認: ヒモ分散レース。1号艇伸び確認後、広めのヒモ流しを採用。穴ヒモ（5・6号艇）を積極的に含める。'}",,,25.5,逃げ狙い,9.75,27.9,4,,,,,,,,,,,
2025-04-19,丸亀,9,6,中越博紀,A2,26.32,6,,3.2098,7.5,65,28.4,0.1757,3.9701,,,0,低,130,0,-,223612,0,85.1,1.5408,0,0,0.037,0,0,0.0296,0.3593,0.0593,,,E,,,0.2286,0.6195,,0.5776,S,86,0,◎1着固定 2-3着流し（5〜8点）,0.5777,"{'is_target': True, 'verdict': '参加推奨', 'max_combo_prob': 0.094, 'est_top_odds': 14.2, 'circle_concentration': 69.3, 'eligible_count': 6, 'bet_adj': 2, 'reason': 'rel_win1=66.5%（本命度） / 最有力組み合わせ確率: 0.094（推定実オッズ?14倍） / 2着集中度: 上位2艇 69.3%（補正+0.00） / 総合判定確率: 0.094 / → ヒモ分散。1号艇1着固定で広めのヒモ流し推奨（買い目+2点）', 'tenji_trigger': '展示確認: ヒモ分散レース。1号艇伸び確認後、広めのヒモ流しを採用。穴ヒモ（5・6号艇）を積極的に含める。'}",,,25.5,逃げ狙い,9.75,27.9,4,,,,,,,,,,,
2025-04-19,丸亀,10,1,宮之原輝,A1,18.25,1,◎,65.1827,,0,87.5,0.135,2.2812,,,0,低,35,0,逃1%,242 11,0,88.9,1.1551,0.7,,,,,0.0333,0.0333,0.1,◎,,E,◎,,,0.7135,,0.7047,S,100,0,◎1着固定 2-3着流し（5〜8点）,0.5777,"{'is_target': True, 'verdict': '参加推奨', 'max_combo_prob': 0.0628, 'est_top_odds': 21.2, 'circle_concentration': 58.8, 'eligible_count': 6, 'bet_adj': 2, 'reason': 'rel_win1=65.2%（本命度） / 最有力組み合わせ確率: 0.063（推定実オッズ?21倍） / 2着集中度: 上位2艇 58.8%（補正+0.00） / 総合判定確率: 0.063 / → ヒモ分散。1号艇1着固定で広めのヒモ流し推奨（買い目+2点）', 'tenji_trigger': '展示確認: ヒモ分散レース。1号艇伸び確認後、広めのヒモ流しを採用。穴ヒモ（5・6号艇）を積極的に含める。\n展示で1号艇スタート超安定(0.135秒)→ヒモ固まり方向に注意'}",,,23.3,逃げ狙い,24.09,23.8,4,,,,,0,0,0.7559,0,,逃げ軸流し,A
2025-04-19,丸亀,10,2,汐崎正則,B1,28.15,2,,7.2926,30,62,51.2,0.1783,3.6585,,,0,低,79,0,ま0%,6 632,0,25.8,0.8469,0,0,0.0455,0,0,0.05,0.17,0.075,,,C,,,0.055,0.618,,0.7047,S,100,0,◎1着固定 2-3着流し（5〜8点）,0.5777,"{'is_target': True, 'verdict': '参加推奨', 'max_combo_prob': 0.0628, 'est_top_odds': 21.2, 'circle_concentration': 58.8, 'eligible_count': 6, 'bet_adj': 2, 'reason': 'rel_win1=65.2%（本命度） / 最有力組み合わせ確率: 0.063（推定実オッズ?21倍） / 2着集中度: 上位2艇 58.8%（補正+0.00） / 総合判定確率: 0.063 / → ヒモ分散。1号艇1着固定で広めのヒモ流し推奨（買い目+2点）', 'tenji_trigger': '展示確認: ヒモ分散レース。1号艇伸び確認後、広めのヒモ流しを採用。穴ヒモ（5・6号艇）を積極的に含める。\n展示で1号艇スタート超安定(0.135秒)→ヒモ固まり方向に注意'}",,,23.3,逃げ狙い,24.09,23.8,4,,,,,,,,,,,
2025-04-19,丸亀,10,3,三宅　潤,A2,23.28,3,,6.5155,28.8,85,61,0.1612,3.3476,,,0,低,174,0,-,2 2666,0,32.5,0.8942,0,0.0312,0,0,0,0.0222,0.0444,0.2111,,,D,△,,0.1502,0.6355,,0.7047,S,100,0,◎1着固定 2-3着流し（5〜8点）,0.5777,"{'is_target': True, 'verdict': '参加推奨', 'max_combo_prob': 0.0628, 'est_top_odds': 21.2, 'circle_concentration': 58.8, 'eligible_count': 6, 'bet_adj': 2, 'reason': 'rel_win1=65.2%（本命度） / 最有力組み合わせ確率: 0.063（推定実オッズ?21倍） / 2着集中度: 上位2艇 58.8%（補正+0.00） / 総合判定確率: 0.063 / → ヒモ分散。1号艇1着固定で広めのヒモ流し推奨（買い目+2点）', 'tenji_trigger': '展示確認: ヒモ分散レース。1号艇伸び確認後、広めのヒモ流しを採用。穴ヒモ（5・6号艇）を積極的に含める。\n展示で1号艇スタート超安定(0.135秒)→ヒモ固まり方向に注意'}",,,23.3,逃げ狙い,24.09,23.8,4,,,,,,,,,,,
2025-04-19,丸亀,10,4,原村拓也,B1,30.28,4,△,8.9351,12.6,100,50.7,0.1842,3.7536,,,0,低,159,0,差0%,,0,39.4,0.9738,0,0.0286,0,0,0.0571,0.3114,0.1257,0.02,,,C,,○,0.1054,0.5855,0.1447,0.7047,S,100,0,◎1着固定 2-3着流し（5〜8点）,0.5777,"{'is_target': True, 'verdict': '参加推奨', 'max_combo_prob': 0.0628, 'est_top_odds': 21.2, 'circle_concentration': 58.8, 'eligible_count': 6, 'bet_adj': 2, 'reason': 'rel_win1=65.2%（本命度） / 最有力組み合わせ確率: 0.063（推定実オッズ?21倍） / 2着集中度: 上位2艇 58.8%（補正+0.00） / 総合判定確率: 0.063 / → ヒモ分散。1号艇1着固定で広めのヒモ流し推奨（買い目+2点）', 'tenji_trigger': '展示確認: ヒモ分散レース。1号艇伸び確認後、広めのヒモ流しを採用。穴ヒモ（5・6号艇）を積極的に含める。\n展示で1号艇スタート超安定(0.135秒)→ヒモ固まり方向に注意'}",,,23.3,逃げ狙い,24.09,23.8,4,,,,,,,,,,,
2025-04-19,丸亀,10,5,柳沢　一,A1,36.69,5,○,9.1095,19.8,99,67.3,0.1371,2.9818,,,0,低,43,0,-,412411,0,81.7,1.4719,0,0.0385,0,0,0,0.0432,0.1074,0.1074,,,B,○,◎,0.276,0.698,0.4183,0.7047,S,100,0,◎1着固定 2-3着流し（5〜8点）,0.5777,"{'is_target': True, 'verdict': '参加推奨', 'max_combo_prob': 0.0628, 'est_top_odds': 21.2, 'circle_concentration': 58.8, 'eligible_count': 6, 'bet_adj': 2, 'reason': 'rel_win1=65.2%（本命度） / 最有力組み合わせ確率: 0.063（推定実オッズ?21倍） / 2着集中度: 上位2艇 58.8%（補正+0.00） / 総合判定確率: 0.063 / → ヒモ分散。1号艇1着固定で広めのヒモ流し推奨（買い目+2点）', 'tenji_trigger': '展示確認: ヒモ分散レース。1号艇伸び確認後、広めのヒモ流しを採用。穴ヒモ（5・6号艇）を積極的に含める。\n展示で1号艇スタート超安定(0.135秒)→ヒモ固まり方向に注意'}",,,23.3,逃げ狙い,24.09,23.8,4,,,,,,,,,,,
2025-04-19,丸亀,10,6,岩崎芳美,A2,42.34,6,▲,2.9646,8.8,38,60,0.1587,3.6333,,,0,低,23,0,-,1 5F33,0,30,0.8547,,,,,,0.0833,0.25,0.25,,,A,△,,0.2385,0.6485,,0.7047,S,100,0,◎1着固定 2-3着流し（5〜8点）,0.5777,"{'is_target': True, 'verdict': '参加推奨', 'max_combo_prob': 0.0628, 'est_top_odds': 21.2, 'circle_concentration': 58.8, 'eligible_count': 6, 'bet_adj': 2, 'reason': 'rel_win1=65.2%（本命度） / 最有力組み合わせ確率: 0.063（推定実オッズ?21倍） / 2着集中度: 上位2艇 58.8%（補正+0.00） / 総合判定確率: 0.063 / → ヒモ分散。1号艇1着固定で広めのヒモ流し推奨（買い目+2点）', 'tenji_trigger': '展示確認: ヒモ分散レース。1号艇伸び確認後、広めのヒモ流しを採用。穴ヒモ（5・6号艇）を積極的に含める。\n展示で1号艇スタート超安定(0.135秒)→ヒモ固まり方向に注意'}",,,23.3,逃げ狙い,24.09,23.8,4,,,,,,,,,,,
2025-04-19,丸亀,11,1,梶野学志,A1,30.22,1,◎,67.85,,0,92.9,0.1329,2.3643,,,0,低,97,0,逃0%,2 1425,0,76.9,1.0343,0.7931,,,,,0.0138,0.1164,0.0276,◎,,C,○,,,0.656,,0.6688,S,83,0,◎1着固定 2-3着流し（5〜8点）,0.5777,"{'is_target': True, 'verdict': '点数絞り', 'max_combo_prob': 0.0841, 'est_top_odds': 15.8, 'circle_concentration': 77.7, 'eligible_count': 6, 'bet_adj': 0, 'reason': 'rel_win1=67.9%（本命度） / 最有力組み合わせ確率: 0.084（推定実オッズ?16倍） / 2着集中度: 上位2艇 77.7%（補正+0.04） / 総合判定確率: 0.124 / → ヒモはやや固め。上位2艇以外を切ること', 'tenji_trigger': '展示確認: 1号艇伸び良→そのまま採用。悪→飛び組に差し替え。circle_pct上位2艇に絞り込むこと。\n展示で1号艇スタート超安定(0.133秒)→ヒモ固まり方向に注意'}",,,25,逃げ狙い,12.08,24.7,4,,,,,0,0,0.7559,0,,逃げ軸流し,A
2025-04-19,丸亀,11,2,海野ゆか,A1,33.09,2,△,8.7868,45.3,100,74.1,0.1707,3.5556,,,0,低,58,0,ま0%,4 1266,0,57.3,1.1655,0,0,0.0769,0,0,0,0.0667,0.1333,,,C,,,0.0602,0.5965,,0.6688,S,83,0,◎1着固定 2-3着流し（5〜8点）,0.5777,"{'is_target': True, 'verdict': '点数絞り', 'max_combo_prob': 0.0841, 'est_top_odds': 15.8, 'circle_concentration': 77.7, 'eligible_count': 6, 'bet_adj': 0, 'reason': 'rel_win1=67.9%（本命度） / 最有力組み合わせ確率: 0.084（推定実オッズ?16倍） / 2着集中度: 上位2艇 77.7%（補正+0.04） / 総合判定確率: 0.124 / → ヒモはやや固め。上位2艇以外を切ること', 'tenji_trigger': '展示確認: 1号艇伸び良→そのまま採用。悪→飛び組に差し替え。circle_pct上位2艇に絞り込むこと。\n展示で1号艇スタート超安定(0.133秒)→ヒモ固まり方向に注意'}",,,25,逃げ狙い,12.08,24.7,4,,,,,,,,,,,
2025-04-19,丸亀,11,3,原　豊土,B1,34.06,3,○,9.4962,32.4,98,61.2,0.1461,2.8265,,,0,低,122,0,ま0%,461 66,0,52.4,1.1431,0,0,0.0435,0.087,0.0435,0.1711,0,0.0632,,,B,△,,0.2323,0.6015,,0.6688,S,83,0,◎1着固定 2-3着流し（5〜8点）,0.5777,"{'is_target': True, 'verdict': '点数絞り', 'max_combo_prob': 0.0841, 'est_top_odds': 15.8, 'circle_concentration': 77.7, 'eligible_count': 6, 'bet_adj': 0, 'reason': 'rel_win1=67.9%（本命度） / 最有力組み合わせ確率: 0.084（推定実オッズ?16倍） / 2着集中度: 上位2艇 77.7%（補正+0.04） / 総合判定確率: 0.124 / → ヒモはやや固め。上位2艇以外を切ること', 'tenji_trigger': '展示確認: 1号艇伸び良→そのまま採用。悪→飛び組に差し替え。circle_pct上位2艇に絞り込むこと。\n展示で1号艇スタート超安定(0.133秒)→ヒモ固まり方向に注意'}",,,25,逃げ狙い,12.08,24.7,4,,,,,,,,,,,
2025-04-19,丸亀,11,4,佐竹太一,B1,49.24,4,▲,9.6108,12.7,73,36.7,0.2024,4.0102,,,0,低,176,0,-,154 44,0,89.1,0.9421,0,0.0556,0,0.1111,0,0.2727,0.0364,0.1727,,,A,,◎,0.1231,0.589,0.175,0.6688,S,83,0,◎1着固定 2-3着流し（5〜8点）,0.5777,"{'is_target': True, 'verdict': '点数絞り', 'max_combo_prob': 0.0841, 'est_top_odds': 15.8, 'circle_concentration': 77.7, 'eligible_count': 6, 'bet_adj': 0, 'reason': 'rel_win1=67.9%（本命度） / 最有力組み合わせ確率: 0.084（推定実オッズ?16倍） / 2着集中度: 上位2艇 77.7%（補正+0.04） / 総合判定確率: 0.124 / → ヒモはやや固め。上位2艇以外を切ること', 'tenji_trigger': '展示確認: 1号艇伸び良→そのまま採用。悪→飛び組に差し替え。circle_pct上位2艇に絞り込むこと。\n展示で1号艇スタート超安定(0.133秒)→ヒモ固まり方向に注意'}",,,25,逃げ狙い,12.08,24.7,4,,,,,,,,,,,
2025-04-19,丸亀,11,5,森　悠稀,A2,23.62,5,,3.2484,7.5,89,48.1,0.1319,2.8333,,,0,低,62,0,-,33345,0,27.7,0.5143,0,0,0,0.0909,0,0.0552,0.0276,0.0552,,,E,◎,,0.2976,0.6755,,0.6688,S,83,0,◎1着固定 2-3着流し（5〜8点）,0.5777,"{'is_target': True, 'verdict': '点数絞り', 'max_combo_prob': 0.0841, 'est_top_odds': 15.8, 'circle_concentration': 77.7, 'eligible_count': 6, 'bet_adj': 0, 'reason': 'rel_win1=67.9%（本命度） / 最有力組み合わせ確率: 0.084（推定実オッズ?16倍） / 2着集中度: 上位2艇 77.7%（補正+0.04） / 総合判定確率: 0.124 / → ヒモはやや固め。上位2艇以外を切ること', 'tenji_trigger': '展示確認: 1号艇伸び良→そのまま採用。悪→飛び組に差し替え。circle_pct上位2艇に絞り込むこと。\n展示で1号艇スタート超安定(0.133秒)→ヒモ固まり方向に注意'}",,,25,逃げ狙い,12.08,24.7,4,,,,,,,,,,,
2025-04-19,丸亀,11,6,白水勝也,A1,26.87,6,,1.0078,2.1,98,44.2,0.1938,4.5962,,,0,低,134,0,-,35221,0,36.6,1.7008,,,,,,0.1045,0.0455,0.0955,,,D,△,,0.1372,0.604,,0.6688,S,83,0,◎1着固定 2-3着流し（5〜8点）,0.5777,"{'is_target': True, 'verdict': '点数絞り', 'max_combo_prob': 0.0841, 'est_top_odds': 15.8, 'circle_concentration': 77.7, 'eligible_count': 6, 'bet_adj': 0, 'reason': 'rel_win1=67.9%（本命度） / 最有力組み合わせ確率: 0.084（推定実オッズ?16倍） / 2着集中度: 上位2艇 77.7%（補正+0.04） / 総合判定確率: 0.124 / → ヒモはやや固め。上位2艇以外を切ること', 'tenji_trigger': '展示確認: 1号艇伸び良→そのまま採用。悪→飛び組に差し替え。circle_pct上位2艇に絞り込むこと。\n展示で1号艇スタート超安定(0.133秒)→ヒモ固まり方向に注意'}",,,25,逃げ狙い,12.08,24.7,4,,,,,,,,,,,
2025-04-19,丸亀,12,1,渡邉優美,A1,32.12,1,◎,57.3837,,0,90.9,0.1407,3.3523,,,0,低,44,0,逃1%,23411,0,61.5,0.9825,0.6818,,,,,0.2078,0.1584,0.0182,◎,,C,○,,,0.6535,,0.463,A,76,0,◎-○軸 3着3〜4艇流し（10〜15点）,0.5777,"{'is_target': True, 'verdict': '参加推奨', 'max_combo_prob': 0.0711, 'est_top_odds': 18.8, 'circle_concentration': 69.4, 'eligible_count': 8, 'bet_adj': 2, 'reason': 'rel_win1=57.4%（本命度） / 最有力組み合わせ確率: 0.071（推定実オッズ?19倍） / 2着集中度: 上位2艇 69.4%（補正+0.00） / 総合判定確率: 0.071 / → ヒモ分散。1号艇1着固定で広めのヒモ流し推奨（買い目+2点）', 'tenji_trigger': '展示確認: ヒモ分散レース。1号艇伸び確認後、広めのヒモ流しを採用。穴ヒモ（5・6号艇）を積極的に含める。'}",,,31,逃げ狙い,24.98,30.8,3,,,,,0,0,0.7559,0,,逃げ軸流し,A
2025-04-19,丸亀,12,2,山田理央,A2,30.15,2,,9.7497,44.1,85,55.3,0.1476,3.2632,,,0,低,62,0,-,33144,0,52.7,1.1978,0,0.0833,0,0,0,0.0444,0.1444,0.0222,,,D,,,0.2491,0.6,,0.463,A,76,0,◎-○軸 3着3〜4艇流し（10〜15点）,0.5777,"{'is_target': True, 'verdict': '参加推奨', 'max_combo_prob': 0.0711, 'est_top_odds': 18.8, 'circle_concentration': 69.4, 'eligible_count': 8, 'bet_adj': 2, 'reason': 'rel_win1=57.4%（本命度） / 最有力組み合わせ確率: 0.071（推定実オッズ?19倍） / 2着集中度: 上位2艇 69.4%（補正+0.00） / 総合判定確率: 0.071 / → ヒモ分散。1号艇1着固定で広めのヒモ流し推奨（買い目+2点）', 'tenji_trigger': '展示確認: ヒモ分散レース。1号艇伸び確認後、広めのヒモ流しを採用。穴ヒモ（5・6号艇）を積極的に含める。'}",,,31,逃げ狙い,24.98,30.8,3,,,,,,,,,,,
2025-04-19,丸亀,12,3,鈴木勝博,A2,48.09,3,○,17.3671,25.3,70,64.6,0.1429,2.75,,,0,低,90,0,-,316 13,0,39.8,1.0877,0,0,0.2273,0,0.0909,0.1171,0.2776,0.0211,,,A,△,,0.3219,0.6045,,0.463,A,76,0,◎-○軸 3着3〜4艇流し（10〜15点）,0.5777,"{'is_target': True, 'verdict': '参加推奨', 'max_combo_prob': 0.0711, 'est_top_odds': 18.8, 'circle_concentration': 69.4, 'eligible_count': 8, 'bet_adj': 2, 'reason': 'rel_win1=57.4%（本命度） / 最有力組み合わせ確率: 0.071（推定実オッズ?19倍） / 2着集中度: 上位2艇 69.4%（補正+0.00） / 総合判定確率: 0.071 / → ヒモ分散。1号艇1着固定で広めのヒモ流し推奨（買い目+2点）', 'tenji_trigger': '展示確認: ヒモ分散レース。1号艇伸び確認後、広めのヒモ流しを採用。穴ヒモ（5・6号艇）を積極的に含める。'}",,,31,逃げ狙い,24.98,30.8,3,,,,,,,,,,,
2025-04-19,丸亀,12,4,西丸敦基,B1,34.53,4,△,7.5698,18.1,100,46.3,0.1715,3.6852,,,0,低,113,0,-,2 6566,0,65.2,1.3794,0,0.0476,0.0476,0.0476,0,0.0333,0.0667,0.3,,,B,△,◎,0.1666,0.6165,0.2602,0.463,A,76,0,◎-○軸 3着3〜4艇流し（10〜15点）,0.5777,"{'is_target': True, 'verdict': '参加推奨', 'max_combo_prob': 0.0711, 'est_top_odds': 18.8, 'circle_concentration': 69.4, 'eligible_count': 8, 'bet_adj': 2, 'reason': 'rel_win1=57.4%（本命度） / 最有力組み合わせ確率: 0.071（推定実オッズ?19倍） / 2着集中度: 上位2艇 69.4%（補正+0.00） / 総合判定確率: 0.071 / → ヒモ分散。1号艇1着固定で広めのヒモ流し推奨（買い目+2点）', 'tenji_trigger': '展示確認: ヒモ分散レース。1号艇伸び確認後、広めのヒモ流しを採用。穴ヒモ（5・6号艇）を積極的に含める。'}",,,31,逃げ狙い,24.98,30.8,3,,,,,,,,,,,
2025-04-19,丸亀,12,5,白井英治,A1,31.91,5,▲,7.0131,10.2,90,71.4,0.1229,2.7143,,,0,低,29,1,ま0%,623 41,0,97.9,1.9033,0,0,0.25,0,0,0.0588,0.1765,0.0588,,◎,D,◎,,0.4118,0.659,,0.463,A,76,0,◎-○軸 3着3〜4艇流し（10〜15点）,0.5777,"{'is_target': True, 'verdict': '参加推奨', 'max_combo_prob': 0.0711, 'est_top_odds': 18.8, 'circle_concentration': 69.4, 'eligible_count': 8, 'bet_adj': 2, 'reason': 'rel_win1=57.4%（本命度） / 最有力組み合わせ確率: 0.071（推定実オッズ?19倍） / 2着集中度: 上位2艇 69.4%（補正+0.00） / 総合判定確率: 0.071 / → ヒモ分散。1号艇1着固定で広めのヒモ流し推奨（買い目+2点）', 'tenji_trigger': '展示確認: ヒモ分散レース。1号艇伸び確認後、広めのヒモ流しを採用。穴ヒモ（5・6号艇）を積極的に含める。'}",,,31,逃げ狙い,24.98,30.8,3,,,,,,,,,,,
2025-04-19,丸亀,12,6,大須賀友,A1,25.56,6,,0.9167,2.3,96,27.9,0.2021,4.1628,,,0,低,116,0,-,415 53,0,28.6,0.8383,,,,,,0.0516,0.1258,0.0129,,,E,,,0.1297,0.599,,0.463,A,76,0,◎-○軸 3着3〜4艇流し（10〜15点）,0.5777,"{'is_target': True, 'verdict': '参加推奨', 'max_combo_prob': 0.0711, 'est_top_odds': 18.8, 'circle_concentration': 69.4, 'eligible_count': 8, 'bet_adj': 2, 'reason': 'rel_win1=57.4%（本命度） / 最有力組み合わせ確率: 0.071（推定実オッズ?19倍） / 2着集中度: 上位2艇 69.4%（補正+0.00） / 総合判定確率: 0.071 / → ヒモ分散。1号艇1着固定で広めのヒモ流し推奨（買い目+2点）', 'tenji_trigger': '展示確認: ヒモ分散レース。1号艇伸び確認後、広めのヒモ流しを採用。穴ヒモ（5・6号艇）を積極的に含める。'}",,,31,逃げ狙い,24.98,30.8,3,,,,,,,,,,,
2025-04-20,丸亀,1,1,原村拓也,B1,30.28,1,◎,54.1753,,0,71.1,0.1676,3.6222,,,0,低,159,0,逃1%,,0,77.1,0.9765,0.35,,,,,0.3114,0.1257,0.02,○,,D,,,,0.5855,,0.3696,B,53,0,◎○△フォーメーション（15〜20点）,0.5777,"{'is_target': True, 'verdict': '参加推奨', 'max_combo_prob': 0.0726, 'est_top_odds': 18.4, 'circle_concentration': 64.6, 'eligible_count': 9, 'bet_adj': 2, 'reason': 'rel_win1=54.2%（本命度） / 最有力組み合わせ確率: 0.073（推定実オッズ?18倍） / 2着集中度: 上位2艇 64.6%（補正+0.00） / 総合判定確率: 0.073 / → ヒモ分散。1号艇1着固定で広めのヒモ流し推奨（買い目+2点）', 'tenji_trigger': '展示確認: ヒモ分散レース。1号艇伸び確認後、広めのヒモ流しを採用。穴ヒモ（5・6号艇）を積極的に含める。'}",,,29.1,両建て推奨,12.28,36,3,,,,,0,0,0.6155,0,,逃げ軸流し,A
2025-04-20,丸亀,1,2,佐竹太一,B1,49.24,2,▲,13.4894,33.5,100,59.4,0.207,4.5781,,,0,低,176,0,差0%,154 44,0,53.5,1.1576,0,0.0588,0,0,0,0.2727,0.0364,0.1727,,,A,△,,0.1088,0.589,,0.3696,B,53,0,◎○△フォーメーション（15〜20点）,0.5777,"{'is_target': True, 'verdict': '参加推奨', 'max_combo_prob': 0.0726, 'est_top_odds': 18.4, 'circle_concentration': 64.6, 'eligible_count': 9, 'bet_adj': 2, 'reason': 'rel_win1=54.2%（本命度） / 最有力組み合わせ確率: 0.073（推定実オッズ?18倍） / 2着集中度: 上位2艇 64.6%（補正+0.00） / 総合判定確率: 0.073 / → ヒモ分散。1号艇1着固定で広めのヒモ流し推奨（買い目+2点）', 'tenji_trigger': '展示確認: ヒモ分散レース。1号艇伸び確認後、広めのヒモ流しを採用。穴ヒモ（5・6号艇）を積極的に含める。'}",,,29.1,両建て推奨,12.28,36,3,,,,,,,,,,,
2025-04-20,丸亀,1,3,小林孝彰,B1,25.00,3,,13.6441,31.1,74,57.8,0.1611,3.1222,,,0,低,77,0,ま0% 差ま0%,425 15,0,59,1.16,0,0,0.15,0.05,0,0.1921,0.4053,0,,○,E,◎,,0.3751,0.676,,0.3696,B,53,0,◎○△フォーメーション（15〜20点）,0.5777,"{'is_target': True, 'verdict': '参加推奨', 'max_combo_prob': 0.0726, 'est_top_odds': 18.4, 'circle_concentration': 64.6, 'eligible_count': 9, 'bet_adj': 2, 'reason': 'rel_win1=54.2%（本命度） / 最有力組み合わせ確率: 0.073（推定実オッズ?18倍） / 2着集中度: 上位2艇 64.6%（補正+0.00） / 総合判定確率: 0.073 / → ヒモ分散。1号艇1着固定で広めのヒモ流し推奨（買い目+2点）', 'tenji_trigger': '展示確認: ヒモ分散レース。1号艇伸び確認後、広めのヒモ流しを採用。穴ヒモ（5・6号艇）を積極的に含める。'}",,,29.1,両建て推奨,12.28,36,3,,,,,,,,,,,
2025-04-20,丸亀,1,4,吉武真也,B1,35.62,4,,7.2172,14.4,60,29.8,0.1716,3.7895,,,0,低,106,0,ま0%,5 1223,0,32.1,0.7009,0,0,0.04,0,0,0.2676,0.0235,0.2441,,,C,△,,0.2861,0.595,,0.3696,B,53,0,◎○△フォーメーション（15〜20点）,0.5777,"{'is_target': True, 'verdict': '参加推奨', 'max_combo_prob': 0.0726, 'est_top_odds': 18.4, 'circle_concentration': 64.6, 'eligible_count': 9, 'bet_adj': 2, 'reason': 'rel_win1=54.2%（本命度） / 最有力組み合わせ確率: 0.073（推定実オッズ?18倍） / 2着集中度: 上位2艇 64.6%（補正+0.00） / 総合判定確率: 0.073 / → ヒモ分散。1号艇1着固定で広めのヒモ流し推奨（買い目+2点）', 'tenji_trigger': '展示確認: ヒモ分散レース。1号艇伸び確認後、広めのヒモ流しを採用。穴ヒモ（5・6号艇）を積極的に含める。'}",,,29.1,両建て推奨,12.28,36,3,,,,,,,,,,,
2025-04-20,丸亀,1,5,松下哲也,B1,38.57,5,△,9.4913,16.9,35,36.5,0.1603,3.4048,,,0,低,136,0,-,5 565,0,82.5,1.3307,0,0,0.0345,0.0345,0,0.0762,0.0952,0.2762,,,C,○,◎,0.3286,0.5965,0.2329,0.3696,B,53,0,◎○△フォーメーション（15〜20点）,0.5777,"{'is_target': True, 'verdict': '参加推奨', 'max_combo_prob': 0.0726, 'est_top_odds': 18.4, 'circle_concentration': 64.6, 'eligible_count': 9, 'bet_adj': 2, 'reason': 'rel_win1=54.2%（本命度） / 最有力組み合わせ確率: 0.073（推定実オッズ?18倍） / 2着集中度: 上位2艇 64.6%（補正+0.00） / 総合判定確率: 0.073 / → ヒモ分散。1号艇1着固定で広めのヒモ流し推奨（買い目+2点）', 'tenji_trigger': '展示確認: ヒモ分散レース。1号艇伸び確認後、広めのヒモ流しを採用。穴ヒモ（5・6号艇）を積極的に含める。'}",,,29.1,両建て推奨,12.28,36,3,,,,,,,,,,,
2025-04-20,丸亀,1,6,石丸小槙,B2,41.43,6,○,1.9827,4.1,37,7.7,0.1446,3.1923,,,0,低,15,1,-,651F66,0,27.1,0.5531,,,,,,,,,,◎,B,,,0.4054,0.4805,,0.3696,B,53,0,◎○△フォーメーション（15〜20点）,0.5777,"{'is_target': True, 'verdict': '参加推奨', 'max_combo_prob': 0.0726, 'est_top_odds': 18.4, 'circle_concentration': 64.6, 'eligible_count': 9, 'bet_adj': 2, 'reason': 'rel_win1=54.2%（本命度） / 最有力組み合わせ確率: 0.073（推定実オッズ?18倍） / 2着集中度: 上位2艇 64.6%（補正+0.00） / 総合判定確率: 0.073 / → ヒモ分散。1号艇1着固定で広めのヒモ流し推奨（買い目+2点）', 'tenji_trigger': '展示確認: ヒモ分散レース。1号艇伸び確認後、広めのヒモ流しを採用。穴ヒモ（5・6号艇）を積極的に含める。'}",,,29.1,両建て推奨,12.28,36,3,,,,,,,,,,,
2025-04-20,丸亀,2,1,豊田泰洋,B1,33.12,1,◎,53.0156,,0,66,0.1562,2.87,,,0,低,169,0,逃0%,,0,77.6,0.8862,0.4783,,,,,0.4348,0.087,0.0696,◎,,B,,,,0.576,,0.4593,B,59,0,◎○△フォーメーション（15〜20点）,0.5777,"{'is_target': True, 'verdict': '点数絞り', 'max_combo_prob': 0.0829, 'est_top_odds': 16.1, 'circle_concentration': 74.3, 'eligible_count': 9, 'bet_adj': 0, 'reason': 'rel_win1=53.0%（本命度） / 最有力組み合わせ確率: 0.083（推定実オッズ?16倍） / 2着集中度: 上位2艇 74.3%（補正+0.04） / 総合判定確率: 0.123 / → ヒモはやや固め。上位2艇以外を切ること', 'tenji_trigger': '展示確認: 1号艇伸び良→そのまま採用。悪→飛び組に差し替え。circle_pct上位2艇に絞り込むこと。'}",,,29.6,両建て推奨,10.14,39.4,2,,,,,0,0,0.7559,0,,逃げ軸流し,A
2025-04-20,丸亀,2,2,梶野学志,A1,30.22,2,△,14.6364,50.5,75,62.3,0.16,3.5283,,,0,低,97,0,-,2 1425,0,59.4,0.9155,0,0.0345,0.0345,0,0,0.0138,0.1164,0.0276,,◎,C,◎,,0.3338,0.656,,0.4593,B,59,0,◎○△フォーメーション（15〜20点）,0.5777,"{'is_target': True, 'verdict': '点数絞り', 'max_combo_prob': 0.0829, 'est_top_odds': 16.1, 'circle_concentration': 74.3, 'eligible_count': 9, 'bet_adj': 0, 'reason': 'rel_win1=53.0%（本命度） / 最有力組み合わせ確率: 0.083（推定実オッズ?16倍） / 2着集中度: 上位2艇 74.3%（補正+0.04） / 総合判定確率: 0.123 / → ヒモはやや固め。上位2艇以外を切ること', 'tenji_trigger': '展示確認: 1号艇伸び良→そのまま採用。悪→飛び組に差し替え。circle_pct上位2艇に絞り込むこと。'}",,,29.6,両建て推奨,10.14,39.4,2,,,,,,,,,,,
2025-04-20,丸亀,2,3,谷本幸司,B1,25.56,3,,13.5932,23.8,100,54.4,0.1704,3.8913,,,0,低,87,0,ま0% 差ま0%,343 46,0,61.7,1.1204,0,0,0.037,0.037,0,0.1048,0.0381,0.0381,,,D,,,0.2497,0.591,,0.4593,B,59,0,◎○△フォーメーション（15〜20点）,0.5777,"{'is_target': True, 'verdict': '点数絞り', 'max_combo_prob': 0.0829, 'est_top_odds': 16.1, 'circle_concentration': 74.3, 'eligible_count': 9, 'bet_adj': 0, 'reason': 'rel_win1=53.0%（本命度） / 最有力組み合わせ確率: 0.083（推定実オッズ?16倍） / 2着集中度: 上位2艇 74.3%（補正+0.04） / 総合判定確率: 0.123 / → ヒモはやや固め。上位2艇以外を切ること', 'tenji_trigger': '展示確認: 1号艇伸び良→そのまま採用。悪→飛び組に差し替え。circle_pct上位2艇に絞り込むこと。'}",,,29.6,両建て推奨,10.14,39.4,2,,,,,,,,,,,
2025-04-20,丸亀,2,4,中嶋誠一,B1,34.27,4,○,9.5855,9.2,94,47,0.1733,3.3939,,,0,低,130,0,-,232514,0,68.8,1.0643,0,0,0,0.0333,0,0.4673,0.1519,0.0904,,,B,△,,0.2285,0.6265,,0.4593,B,59,0,◎○△フォーメーション（15〜20点）,0.5777,"{'is_target': True, 'verdict': '点数絞り', 'max_combo_prob': 0.0829, 'est_top_odds': 16.1, 'circle_concentration': 74.3, 'eligible_count': 9, 'bet_adj': 0, 'reason': 'rel_win1=53.0%（本命度） / 最有力組み合わせ確率: 0.083（推定実オッズ?16倍） / 2着集中度: 上位2艇 74.3%（補正+0.04） / 総合判定確率: 0.123 / → ヒモはやや固め。上位2艇以外を切ること', 'tenji_trigger': '展示確認: 1号艇伸び良→そのまま採用。悪→飛び組に差し替え。circle_pct上位2艇に絞り込むこと。'}",,,29.6,両建て推奨,10.14,39.4,2,,,,,,,,,,,
2025-04-20,丸亀,2,5,三宅　潤,A2,23.28,5,,6.431,10.3,89,45.2,0.1857,3.9345,,,0,低,174,0,差ま0%,2 2666,0,51.9,0.951,0,0,0.0238,0.0476,0,0.0222,0.0444,0.2111,,,E,○,,0.2065,0.6355,,0.4593,B,59,0,◎○△フォーメーション（15〜20点）,0.5777,"{'is_target': True, 'verdict': '点数絞り', 'max_combo_prob': 0.0829, 'est_top_odds': 16.1, 'circle_concentration': 74.3, 'eligible_count': 9, 'bet_adj': 0, 'reason': 'rel_win1=53.0%（本命度） / 最有力組み合わせ確率: 0.083（推定実オッズ?16倍） / 2着集中度: 上位2艇 74.3%（補正+0.04） / 総合判定確率: 0.123 / → ヒモはやや固め。上位2艇以外を切ること', 'tenji_trigger': '展示確認: 1号艇伸び良→そのまま採用。悪→飛び組に差し替え。circle_pct上位2艇に絞り込むこと。'}",,,29.6,両建て推奨,10.14,39.4,2,,,,,,,,,,,
2025-04-20,丸亀,2,6,渡邊裕貴,B1,30.60,6,▲,2.7383,6.2,40,22,0.1552,3.71,,,0,低,99,0,-,1 6234,0,28.2,0.4814,,,,,,0,0.2311,0.1644,,,C,△,,0.3296,0.6215,,0.4593,B,59,0,◎○△フォーメーション（15〜20点）,0.5777,"{'is_target': True, 'verdict': '点数絞り', 'max_combo_prob': 0.0829, 'est_top_odds': 16.1, 'circle_concentration': 74.3, 'eligible_count': 9, 'bet_adj': 0, 'reason': 'rel_win1=53.0%（本命度） / 最有力組み合わせ確率: 0.083（推定実オッズ?16倍） / 2着集中度: 上位2艇 74.3%（補正+0.04） / 総合判定確率: 0.123 / → ヒモはやや固め。上位2艇以外を切ること', 'tenji_trigger': '展示確認: 1号艇伸び良→そのまま採用。悪→飛び組に差し替え。circle_pct上位2艇に絞り込むこと。'}",,,29.6,両建て推奨,10.14,39.4,2,,,,,,,,,,,
2025-04-20,丸亀,3,1,稗田聖也,B1,34.33,1,◎,49.7132,,0,88.6,0.1297,2.1929,,,0,低,66,0,逃1%,156 32,0,72.5,1.1066,0.6667,,,,,0,0.0242,0.2348,◎,,B,○,,,0.671,,0.64,A,73,0,◎-○軸 3着3〜4艇流し（10〜15点）,0.5777,"{'is_target': True, 'verdict': '参加推奨', 'max_combo_prob': 0.058, 'est_top_odds': 23.0, 'circle_concentration': 61.0, 'eligible_count': 8, 'bet_adj': 2, 'reason': 'rel_win1=49.7%（本命度） / 最有力組み合わせ確率: 0.058（推定実オッズ?23倍） / 2着集中度: 上位2艇 61.0%（補正+0.00） / 総合判定確率: 0.058 / → ヒモ分散。1号艇1着固定で広めのヒモ流し推奨（買い目+2点）', 'tenji_trigger': '展示確認: ヒモ分散レース。1号艇伸び確認後、広めのヒモ流しを採用。穴ヒモ（5・6号艇）を積極的に含める。\n展示で1号艇スタート超安定(0.130秒)→ヒモ固まり方向に注意'}",,,27.7,逃げ狙い,20.96,24.8,2,,,,,0,0,0.7559,0,,逃げ軸流し,A
2025-04-20,丸亀,3,2,下河誉史,A2,27.66,2,,17.7021,40.3,100,77,0.1679,3.9344,,,0,低,163,0,差0%,252 34,0,24,0.7517,0,0.1852,0.037,0,0,0.1585,0.1683,0.0293,,,D,△,,0.0902,0.6355,,0.64,A,73,0,◎-○軸 3着3〜4艇流し（10〜15点）,0.5777,"{'is_target': True, 'verdict': '参加推奨', 'max_combo_prob': 0.058, 'est_top_odds': 23.0, 'circle_concentration': 61.0, 'eligible_count': 8, 'bet_adj': 2, 'reason': 'rel_win1=49.7%（本命度） / 最有力組み合わせ確率: 0.058（推定実オッズ?23倍） / 2着集中度: 上位2艇 61.0%（補正+0.00） / 総合判定確率: 0.058 / → ヒモ分散。1号艇1着固定で広めのヒモ流し推奨（買い目+2点）', 'tenji_trigger': '展示確認: ヒモ分散レース。1号艇伸び確認後、広めのヒモ流しを採用。穴ヒモ（5・6号艇）を積極的に含める。\n展示で1号艇スタート超安定(0.130秒)→ヒモ固まり方向に注意'}",,,27.7,逃げ狙い,20.96,24.8,2,,,,,,,,,,,
2025-04-20,丸亀,3,3,仁科さや,B2,32.33,3,▲,12.2551,20.7,62,33.3,0.1367,2.9583,,,0,低,24,1,差0% 差ま0%,4 6544,0,27.3,0.8242,0,0.0833,0,0.0833,0,0.1667,0.3333,0,,,C,△,,0.2626,0.6165,,0.64,A,73,0,◎-○軸 3着3〜4艇流し（10〜15点）,0.5777,"{'is_target': True, 'verdict': '参加推奨', 'max_combo_prob': 0.058, 'est_top_odds': 23.0, 'circle_concentration': 61.0, 'eligible_count': 8, 'bet_adj': 2, 'reason': 'rel_win1=49.7%（本命度） / 最有力組み合わせ確率: 0.058（推定実オッズ?23倍） / 2着集中度: 上位2艇 61.0%（補正+0.00） / 総合判定確率: 0.058 / → ヒモ分散。1号艇1着固定で広めのヒモ流し推奨（買い目+2点）', 'tenji_trigger': '展示確認: ヒモ分散レース。1号艇伸び確認後、広めのヒモ流しを採用。穴ヒモ（5・6号艇）を積極的に含める。\n展示で1号艇スタート超安定(0.130秒)→ヒモ固まり方向に注意'}",,,27.7,逃げ狙い,20.96,24.8,2,,,,,,,,,,,
2025-04-20,丸亀,3,4,山田理央,A2,30.15,4,△,9.9232,20.1,88,53.8,0.1582,3.1923,,,0,低,62,0,-,33144,0,49.8,1.1151,0,0.0625,0.0625,0.0625,0,0.0444,0.1444,0.0222,,,D,,◎,0.1894,0.6,0.262,0.64,A,73,0,◎-○軸 3着3〜4艇流し（10〜15点）,0.5777,"{'is_target': True, 'verdict': '参加推奨', 'max_combo_prob': 0.058, 'est_top_odds': 23.0, 'circle_concentration': 61.0, 'eligible_count': 8, 'bet_adj': 2, 'reason': 'rel_win1=49.7%（本命度） / 最有力組み合わせ確率: 0.058（推定実オッズ?23倍） / 2着集中度: 上位2艇 61.0%（補正+0.00） / 総合判定確率: 0.058 / → ヒモ分散。1号艇1着固定で広めのヒモ流し推奨（買い目+2点）', 'tenji_trigger': '展示確認: ヒモ分散レース。1号艇伸び確認後、広めのヒモ流しを採用。穴ヒモ（5・6号艇）を積極的に含める。\n展示で1号艇スタート超安定(0.130秒)→ヒモ固まり方向に注意'}",,,27.7,逃げ狙い,20.96,24.8,2,,,,,,,,,,,
2025-04-20,丸亀,3,5,正木聖賢,B1,31.43,5,,6.8835,9.9,70,,,,,,0,低,64,1,-,515 25,0,,,,,,,,,,,,,C,,○,0.3155,0.585,0.15,0.64,A,73,0,◎-○軸 3着3〜4艇流し（10〜15点）,0.5777,"{'is_target': True, 'verdict': '参加推奨', 'max_combo_prob': 0.058, 'est_top_odds': 23.0, 'circle_concentration': 61.0, 'eligible_count': 8, 'bet_adj': 2, 'reason': 'rel_win1=49.7%（本命度） / 最有力組み合わせ確率: 0.058（推定実オッズ?23倍） / 2着集中度: 上位2艇 61.0%（補正+0.00） / 総合判定確率: 0.058 / → ヒモ分散。1号艇1着固定で広めのヒモ流し推奨（買い目+2点）', 'tenji_trigger': '展示確認: ヒモ分散レース。1号艇伸び確認後、広めのヒモ流しを採用。穴ヒモ（5・6号艇）を積極的に含める。\n展示で1号艇スタート超安定(0.130秒)→ヒモ固まり方向に注意'}",,,27.7,逃げ狙い,20.96,24.8,2,,,,,,,,,,,
2025-04-20,丸亀,3,6,柳沢　一,A1,36.69,6,○,3.523,9,84,61.5,0.1349,2.8205,,,0,低,43,0,差0%,412411,0,100,2.2958,0,0.05,0,0,0,0.0432,0.1074,0.1074,,,B,◎,,0.2681,0.698,,0.64,A,73,0,◎-○軸 3着3〜4艇流し（10〜15点）,0.5777,"{'is_target': True, 'verdict': '参加推奨', 'max_combo_prob': 0.058, 'est_top_odds': 23.0, 'circle_concentration': 61.0, 'eligible_count': 8, 'bet_adj': 2, 'reason': 'rel_win1=49.7%（本命度） / 最有力組み合わせ確率: 0.058（推定実オッズ?23倍） / 2着集中度: 上位2艇 61.0%（補正+0.00） / 総合判定確率: 0.058 / → ヒモ分散。1号艇1着固定で広めのヒモ流し推奨（買い目+2点）', 'tenji_trigger': '展示確認: ヒモ分散レース。1号艇伸び確認後、広めのヒモ流しを採用。穴ヒモ（5・6号艇）を積極的に含める。\n展示で1号艇スタート超安定(0.130秒)→ヒモ固まり方向に注意'}",,,27.7,逃げ狙い,20.96,24.8,2,,,,,,,,,,,
2025-04-20,丸亀,4,1,中越博紀,A2,26.32,1,◎,58.5756,,0,88,0.1556,3.3133,,,0,低,130,0,-,223612,0,84.6,1.0572,0.4815,,,,,0.0296,0.3593,0.0593,◎,,E,△,,,0.6195,,0.5173,S,89,0,◎1着固定 2-3着流し（5〜8点）,0.5777,"{'is_target': True, 'verdict': '参加推奨', 'max_combo_prob': 0.0714, 'est_top_odds': 18.7, 'circle_concentration': 59.9, 'eligible_count': 6, 'bet_adj': 2, 'reason': 'rel_win1=58.6%（本命度） / 最有力組み合わせ確率: 0.071（推定実オッズ?19倍） / 2着集中度: 上位2艇 59.9%（補正+0.00） / 総合判定確率: 0.071 / → ヒモ分散。1号艇1着固定で広めのヒモ流し推奨（買い目+2点）', 'tenji_trigger': '展示確認: ヒモ分散レース。1号艇伸び確認後、広めのヒモ流しを採用。穴ヒモ（5・6号艇）を積極的に含める。'}",,,29.5,逃げ狙い,18.09,32.3,3,,,,,0,0,0.7559,0,,逃げ軸流し,A
2025-04-20,丸亀,4,2,関　裕也,B1,29.29,2,,10.8785,38.3,99,47.8,0.1609,3.4457,,,0,低,86,0,抜0%,4 1355,0,38.9,0.7997,0,0,0,0,0.0476,0.0923,0,0.2615,,,D,△,,0.2789,0.6015,,0.5173,S,89,0,◎1着固定 2-3着流し（5〜8点）,0.5777,"{'is_target': True, 'verdict': '参加推奨', 'max_combo_prob': 0.0714, 'est_top_odds': 18.7, 'circle_concentration': 59.9, 'eligible_count': 6, 'bet_adj': 2, 'reason': 'rel_win1=58.6%（本命度） / 最有力組み合わせ確率: 0.071（推定実オッズ?19倍） / 2着集中度: 上位2艇 59.9%（補正+0.00） / 総合判定確率: 0.071 / → ヒモ分散。1号艇1着固定で広めのヒモ流し推奨（買い目+2点）', 'tenji_trigger': '展示確認: ヒモ分散レース。1号艇伸び確認後、広めのヒモ流しを採用。穴ヒモ（5・6号艇）を積極的に含める。'}",,,29.5,逃げ狙い,18.09,32.3,3,,,,,,,,,,,
2025-04-20,丸亀,4,3,松村康太,A2,41.67,3,○,13.7111,21.6,100,60.8,0.1706,3.7745,,,0,低,166,0,-,2 3134,0,47.7,0.865,0,0,0,0,0.0909,0.22,0.1756,0.2689,,,A,△,,0.2691,0.6195,,0.5173,S,89,0,◎1着固定 2-3着流し（5〜8点）,0.5777,"{'is_target': True, 'verdict': '参加推奨', 'max_combo_prob': 0.0714, 'est_top_odds': 18.7, 'circle_concentration': 59.9, 'eligible_count': 6, 'bet_adj': 2, 'reason': 'rel_win1=58.6%（本命度） / 最有力組み合わせ確率: 0.071（推定実オッズ?19倍） / 2着集中度: 上位2艇 59.9%（補正+0.00） / 総合判定確率: 0.071 / → ヒモ分散。1号艇1着固定で広めのヒモ流し推奨（買い目+2点）', 'tenji_trigger': '展示確認: ヒモ分散レース。1号艇伸び確認後、広めのヒモ流しを採用。穴ヒモ（5・6号艇）を積極的に含める。'}",,,29.5,逃げ狙い,18.09,32.3,3,,,,,,,,,,,
2025-04-20,丸亀,4,4,山崎善庸,B1,29.55,4,,6.5493,17.8,61,25.4,0.2176,4.7857,,,0,低,243,0,-,156 26,0,17.1,0.6615,,,,,,0.0727,0.3491,0.3309,,,D,,,0.1889,0.5725,,0.5173,S,89,0,◎1着固定 2-3着流し（5〜8点）,0.5777,"{'is_target': True, 'verdict': '参加推奨', 'max_combo_prob': 0.0714, 'est_top_odds': 18.7, 'circle_concentration': 59.9, 'eligible_count': 6, 'bet_adj': 2, 'reason': 'rel_win1=58.6%（本命度） / 最有力組み合わせ確率: 0.071（推定実オッズ?19倍） / 2着集中度: 上位2艇 59.9%（補正+0.00） / 総合判定確率: 0.071 / → ヒモ分散。1号艇1着固定で広めのヒモ流し推奨（買い目+2点）', 'tenji_trigger': '展示確認: ヒモ分散レース。1号艇伸び確認後、広めのヒモ流しを採用。穴ヒモ（5・6号艇）を積極的に含める。'}",,,29.5,逃げ狙い,18.09,32.3,3,,,,,,,,,,,
2025-04-20,丸亀,4,5,喜多須杏,B1,30.00,5,▲,9.0496,9.5,92,44.4,0.1581,3.3704,,,0,低,60,0,-,5 3335,0,62.4,1.0738,0,0,0,0.0714,0,0,0.1429,0.1429,,,C,○,,0.3338,0.62,,0.5173,S,89,0,◎1着固定 2-3着流し（5〜8点）,0.5777,"{'is_target': True, 'verdict': '参加推奨', 'max_combo_prob': 0.0714, 'est_top_odds': 18.7, 'circle_concentration': 59.9, 'eligible_count': 6, 'bet_adj': 2, 'reason': 'rel_win1=58.6%（本命度） / 最有力組み合わせ確率: 0.071（推定実オッズ?19倍） / 2着集中度: 上位2艇 59.9%（補正+0.00） / 総合判定確率: 0.071 / → ヒモ分散。1号艇1着固定で広めのヒモ流し推奨（買い目+2点）', 'tenji_trigger': '展示確認: ヒモ分散レース。1号艇伸び確認後、広めのヒモ流しを採用。穴ヒモ（5・6号艇）を積極的に含める。'}",,,29.5,逃げ狙い,18.09,32.3,3,,,,,,,,,,,
2025-04-20,丸亀,4,6,渡邉優美,A1,32.12,6,△,1.2358,12.8,61,59.3,0.1811,4.1296,,,0,低,44,0,-,23411,0,38.7,0.9094,,,,,,0.2078,0.1584,0.0182,,,C,◎,,0.2855,0.6535,,0.5173,S,89,0,◎1着固定 2-3着流し（5〜8点）,0.5777,"{'is_target': True, 'verdict': '参加推奨', 'max_combo_prob': 0.0714, 'est_top_odds': 18.7, 'circle_concentration': 59.9, 'eligible_count': 6, 'bet_adj': 2, 'reason': 'rel_win1=58.6%（本命度） / 最有力組み合わせ確率: 0.071（推定実オッズ?19倍） / 2着集中度: 上位2艇 59.9%（補正+0.00） / 総合判定確率: 0.071 / → ヒモ分散。1号艇1着固定で広めのヒモ流し推奨（買い目+2点）', 'tenji_trigger': '展示確認: ヒモ分散レース。1号艇伸び確認後、広めのヒモ流しを採用。穴ヒモ（5・6号艇）を積極的に含める。'}",,,29.5,逃げ狙い,18.09,32.3,3,,,,,,,,,,,
2025-04-20,丸亀,5,1,鈴木勝博,A2,48.09,1,◎,46.3049,,0,86.5,0.1651,3.3108,,,0,低,90,0,逃1%,316 13,0,79.2,1.2103,0.6053,,,,,0.1171,0.2776,0.0211,◎,,A,,,,0.6045,,0.4787,A,74,0,◎-○軸 3着3〜4艇流し（10〜15点）,0.5777,"{'is_target': True, 'verdict': '参加推奨', 'max_combo_prob': 0.0763, 'est_top_odds': 17.5, 'circle_concentration': 67.2, 'eligible_count': 8, 'bet_adj': 2, 'reason': 'rel_win1=46.3%（本命度） / 最有力組み合わせ確率: 0.076（推定実オッズ?18倍） / 2着集中度: 上位2艇 67.2%（補正+0.00） / 総合判定確率: 0.076 / → ヒモ分散。1号艇1着固定で広めのヒモ流し推奨（買い目+2点）', 'tenji_trigger': '展示確認: ヒモ分散レース。1号艇伸び確認後、広めのヒモ流しを採用。穴ヒモ（5・6号艇）を積極的に含める。'}",,,32.5,逃げ狙い,27.59,32.6,4,,,,,0,0,0.7559,0,,逃げ軸流し,A
2025-04-20,丸亀,5,2,原　豊土,B1,34.06,2,○,10.5204,49.5,80,68.4,0.1482,3.2982,,,0,低,122,0,-,461 66,0,29.7,0.7997,0,0.0833,0.0417,0,0,0.1711,0,0.0632,,◎,C,,,0.5032,0.6015,,0.4787,A,74,0,◎-○軸 3着3〜4艇流し（10〜15点）,0.5777,"{'is_target': True, 'verdict': '参加推奨', 'max_combo_prob': 0.0763, 'est_top_odds': 17.5, 'circle_concentration': 67.2, 'eligible_count': 8, 'bet_adj': 2, 'reason': 'rel_win1=46.3%（本命度） / 最有力組み合わせ確率: 0.076（推定実オッズ?18倍） / 2着集中度: 上位2艇 67.2%（補正+0.00） / 総合判定確率: 0.076 / → ヒモ分散。1号艇1着固定で広めのヒモ流し推奨（買い目+2点）', 'tenji_trigger': '展示確認: ヒモ分散レース。1号艇伸び確認後、広めのヒモ流しを採用。穴ヒモ（5・6号艇）を積極的に含める。'}",,,32.5,逃げ狙い,27.59,32.6,4,,,,,,,,,,,
2025-04-20,丸亀,5,3,西丸敦基,B1,34.53,3,▲,8.6735,15.2,100,52.9,0.1818,3.7941,,,0,低,113,0,-,2 6566,0,24.9,0.8773,0,0,0.0455,0.0455,0,0.0333,0.0667,0.3,,,B,△,,0.2367,0.6165,,0.4787,A,74,0,◎-○軸 3着3〜4艇流し（10〜15点）,0.5777,"{'is_target': True, 'verdict': '参加推奨', 'max_combo_prob': 0.0763, 'est_top_odds': 17.5, 'circle_concentration': 67.2, 'eligible_count': 8, 'bet_adj': 2, 'reason': 'rel_win1=46.3%（本命度） / 最有力組み合わせ確率: 0.076（推定実オッズ?18倍） / 2着集中度: 上位2艇 67.2%（補正+0.00） / 総合判定確率: 0.076 / → ヒモ分散。1号艇1着固定で広めのヒモ流し推奨（買い目+2点）', 'tenji_trigger': '展示確認: ヒモ分散レース。1号艇伸び確認後、広めのヒモ流しを採用。穴ヒモ（5・6号艇）を積極的に含める。'}",,,32.5,逃げ狙い,27.59,32.6,4,,,,,,,,,,,
2025-04-20,丸亀,5,4,小林孝彰,B1,25.00,4,△,17.6593,10.4,85,52.5,0.1492,2.675,,,0,低,77,0,差0% 差ま0% 抜0%,425 15,0,69,1.4519,0,0.0625,0,0.125,0.0625,0.1921,0.4053,0,,△,D,○,○,0.406,0.676,0.4158,0.4787,A,74,0,◎-○軸 3着3〜4艇流し（10〜15点）,0.5777,"{'is_target': True, 'verdict': '参加推奨', 'max_combo_prob': 0.0763, 'est_top_odds': 17.5, 'circle_concentration': 67.2, 'eligible_count': 8, 'bet_adj': 2, 'reason': 'rel_win1=46.3%（本命度） / 最有力組み合わせ確率: 0.076（推定実オッズ?18倍） / 2着集中度: 上位2艇 67.2%（補正+0.00） / 総合判定確率: 0.076 / → ヒモ分散。1号艇1着固定で広めのヒモ流し推奨（買い目+2点）', 'tenji_trigger': '展示確認: ヒモ分散レース。1号艇伸び確認後、広めのヒモ流しを採用。穴ヒモ（5・6号艇）を積極的に含める。'}",,,32.5,逃げ狙い,27.59,32.6,4,,,,,,,,,,,
2025-04-20,丸亀,5,5,宮之原輝,A1,18.25,5,,14.4185,17.8,71,69.4,0.1436,3.2361,,,0,低,35,0,差ま0% 抜0%,242 11,0,100,2.1543,0,0,0,0.1429,0.0476,0.0333,0.0333,0.1,,○,E,◎,◎,0.4171,0.7135,0.4553,0.4787,A,74,0,◎-○軸 3着3〜4艇流し（10〜15点）,0.5777,"{'is_target': True, 'verdict': '参加推奨', 'max_combo_prob': 0.0763, 'est_top_odds': 17.5, 'circle_concentration': 67.2, 'eligible_count': 8, 'bet_adj': 2, 'reason': 'rel_win1=46.3%（本命度） / 最有力組み合わせ確率: 0.076（推定実オッズ?18倍） / 2着集中度: 上位2艇 67.2%（補正+0.00） / 総合判定確率: 0.076 / → ヒモ分散。1号艇1着固定で広めのヒモ流し推奨（買い目+2点）', 'tenji_trigger': '展示確認: ヒモ分散レース。1号艇伸び確認後、広めのヒモ流しを採用。穴ヒモ（5・6号艇）を積極的に含める。'}",,,32.5,逃げ狙い,27.59,32.6,4,,,,,,,,,,,
2025-04-20,丸亀,5,6,小山　勉,A1,32.82,6,,2.4233,7.2,44,30.4,0.195,4.8125,,,0,低,113,0,-,16213,0,28.1,0.8092,,,,,,0.1302,0.0138,0.0888,,,C,△,,0.257,0.654,,0.4787,A,74,0,◎-○軸 3着3〜4艇流し（10〜15点）,0.5777,"{'is_target': True, 'verdict': '参加推奨', 'max_combo_prob': 0.0763, 'est_top_odds': 17.5, 'circle_concentration': 67.2, 'eligible_count': 8, 'bet_adj': 2, 'reason': 'rel_win1=46.3%（本命度） / 最有力組み合わせ確率: 0.076（推定実オッズ?18倍） / 2着集中度: 上位2艇 67.2%（補正+0.00） / 総合判定確率: 0.076 / → ヒモ分散。1号艇1着固定で広めのヒモ流し推奨（買い目+2点）', 'tenji_trigger': '展示確認: ヒモ分散レース。1号艇伸び確認後、広めのヒモ流しを採用。穴ヒモ（5・6号艇）を積極的に含める。'}",,,32.5,逃げ狙い,27.59,32.6,4,,,,,,,,,,,
2025-04-20,丸亀,6,1,海野ゆか,A1,33.09,1,◎,60.1132,,0,92.9,0.1464,2.9524,,,0,低,58,0,逃1%,4 1266,0,90.4,1.1912,0.7333,,,,,0,0.0667,0.1333,◎,,D,,,,0.5965,,0.5678,S,100,0,◎1着固定 2-3着流し（5〜8点）,0.5777,"{'is_target': True, 'verdict': '点数絞り', 'max_combo_prob': 0.1032, 'est_top_odds': 12.9, 'circle_concentration': 71.3, 'eligible_count': 6, 'bet_adj': 0, 'reason': 'rel_win1=60.1%（本命度） / 最有力組み合わせ確率: 0.103（推定実オッズ?13倍） / 2着集中度: 上位2艇 71.3%（補正+0.04） / 総合判定確率: 0.143 / → ヒモはやや固め。上位2艇以外を切ること', 'tenji_trigger': '展示確認: 1号艇伸び良→そのまま採用。悪→飛び組に差し替え。circle_pct上位2艇に絞り込むこと。'}",,,25.7,逃げ狙い,14.43,24.7,4,,,,,0,0,0.7559,0,,逃げ軸流し,A
2025-04-20,丸亀,6,2,重富伸也,B1,43.88,2,○,9.4907,21.5,57,36.2,0.177,4.0532,,,0,低,124,0,-,664 32,0,78.6,1.5033,0,0.0625,0,0,0,0.0615,0,0.3231,,,A,△,,0.063,0.6085,,0.5678,S,100,0,◎1着固定 2-3着流し（5〜8点）,0.5777,"{'is_target': True, 'verdict': '点数絞り', 'max_combo_prob': 0.1032, 'est_top_odds': 12.9, 'circle_concentration': 71.3, 'eligible_count': 6, 'bet_adj': 0, 'reason': 'rel_win1=60.1%（本命度） / 最有力組み合わせ確率: 0.103（推定実オッズ?13倍） / 2着集中度: 上位2艇 71.3%（補正+0.04） / 総合判定確率: 0.143 / → ヒモはやや固め。上位2艇以外を切ること', 'tenji_trigger': '展示確認: 1号艇伸び良→そのまま採用。悪→飛び組に差し替え。circle_pct上位2艇に絞り込むこと。'}",,,25.7,逃げ狙い,14.43,24.7,4,,,,,,,,,,,
2025-04-20,丸亀,6,3,小野寺智,A2,38.69,3,△,11.7643,49.8,91,75,0.1383,2.5865,,,0,低,79,0,ま0%,153 22,0,39.2,0.8971,0,0,0.0455,0.0455,0,0.1217,0.0174,0.3096,,,C,○,,0.3293,0.6185,,0.5678,S,100,0,◎1着固定 2-3着流し（5〜8点）,0.5777,"{'is_target': True, 'verdict': '点数絞り', 'max_combo_prob': 0.1032, 'est_top_odds': 12.9, 'circle_concentration': 71.3, 'eligible_count': 6, 'bet_adj': 0, 'reason': 'rel_win1=60.1%（本命度） / 最有力組み合わせ確率: 0.103（推定実オッズ?13倍） / 2着集中度: 上位2艇 71.3%（補正+0.04） / 総合判定確率: 0.143 / → ヒモはやや固め。上位2艇以外を切ること', 'tenji_trigger': '展示確認: 1号艇伸び良→そのまま採用。悪→飛び組に差し替え。circle_pct上位2艇に絞り込むこと。'}",,,25.7,逃げ狙い,14.43,24.7,4,,,,,,,,,,,
2025-04-20,丸亀,6,4,黒柳浩孝,A1,38.81,4,▲,14.7547,15.7,100,61.3,0.1608,3.2177,,,0,低,124,0,-,33435,0,49.6,0.9651,0,0,0,0.0769,0,0.0421,0.2342,0.1171,,,C,◎,◎,0.2369,0.637,0.4015,0.5678,S,100,0,◎1着固定 2-3着流し（5〜8点）,0.5777,"{'is_target': True, 'verdict': '点数絞り', 'max_combo_prob': 0.1032, 'est_top_odds': 12.9, 'circle_concentration': 71.3, 'eligible_count': 6, 'bet_adj': 0, 'reason': 'rel_win1=60.1%（本命度） / 最有力組み合わせ確率: 0.103（推定実オッズ?13倍） / 2着集中度: 上位2艇 71.3%（補正+0.04） / 総合判定確率: 0.143 / → ヒモはやや固め。上位2艇以外を切ること', 'tenji_trigger': '展示確認: 1号艇伸び良→そのまま採用。悪→飛び組に差し替え。circle_pct上位2艇に絞り込むこと。'}",,,25.7,逃げ狙い,14.43,24.7,4,,,,,,,,,,,
2025-04-20,丸亀,6,5,汐崎正則,B1,28.15,5,,2.7429,9.8,68,30.3,0.1652,3.1364,,,0,低,79,0,-,6 632,0,42.2,0.8229,,,,,,0.05,0.17,0.075,,,E,△,,0.2527,0.618,,0.5678,S,100,0,◎1着固定 2-3着流し（5〜8点）,0.5777,"{'is_target': True, 'verdict': '点数絞り', 'max_combo_prob': 0.1032, 'est_top_odds': 12.9, 'circle_concentration': 71.3, 'eligible_count': 6, 'bet_adj': 0, 'reason': 'rel_win1=60.1%（本命度） / 最有力組み合わせ確率: 0.103（推定実オッズ?13倍） / 2着集中度: 上位2艇 71.3%（補正+0.04） / 総合判定確率: 0.143 / → ヒモはやや固め。上位2艇以外を切ること', 'tenji_trigger': '展示確認: 1号艇伸び良→そのまま採用。悪→飛び組に差し替え。circle_pct上位2艇に絞り込むこと。'}",,,25.7,逃げ狙い,14.43,24.7,4,,,,,,,,,,,
2025-04-20,丸亀,6,6,半田尚也,B1,40.30,6,,1.1342,3.2,65,30,0.2107,4.7875,,,0,低,141,0,-,1 235,0,26.5,0.5594,,,,,,0.18,0.54,0.16,,,B,,,0.135,0.5765,,0.5678,S,100,0,◎1着固定 2-3着流し（5〜8点）,0.5777,"{'is_target': True, 'verdict': '点数絞り', 'max_combo_prob': 0.1032, 'est_top_odds': 12.9, 'circle_concentration': 71.3, 'eligible_count': 6, 'bet_adj': 0, 'reason': 'rel_win1=60.1%（本命度） / 最有力組み合わせ確率: 0.103（推定実オッズ?13倍） / 2着集中度: 上位2艇 71.3%（補正+0.04） / 総合判定確率: 0.143 / → ヒモはやや固め。上位2艇以外を切ること', 'tenji_trigger': '展示確認: 1号艇伸び良→そのまま採用。悪→飛び組に差し替え。circle_pct上位2艇に絞り込むこと。'}",,,25.7,逃げ狙い,14.43,24.7,4,,,,,,,,,,,
2025-04-20,丸亀,7,1,白水勝也,A1,26.87,1,◎,56.722,,0,91.8,0.1515,2.634,,,0,低,134,0,逃1%,35221,0,62,0.9882,0.5682,,,,,0.1045,0.0455,0.0955,◎,,D,○,,,0.604,,0.5807,A,76,0,◎-○軸 3着3〜4艇流し（10〜15点）,0.5777,"{'is_target': True, 'verdict': '参加推奨', 'max_combo_prob': 0.0768, 'est_top_odds': 17.4, 'circle_concentration': 63.4, 'eligible_count': 8, 'bet_adj': 2, 'reason': 'rel_win1=56.7%（本命度） / 最有力組み合わせ確率: 0.077（推定実オッズ?17倍） / 2着集中度: 上位2艇 63.4%（補正+0.00） / 総合判定確率: 0.077 / → ヒモ分散。1号艇1着固定で広めのヒモ流し推奨（買い目+2点）', 'tenji_trigger': '展示確認: ヒモ分散レース。1号艇伸び確認後、広めのヒモ流しを採用。穴ヒモ（5・6号艇）を積極的に含める。'}",,,27.5,逃げ狙い,16.37,28,4,,,,,0,0,0.7559,0,,逃げ軸流し,A
2025-04-20,丸亀,7,2,正木聖賢,B1,31.43,2,△,12.5714,41.8,68,52.9,0.1673,3.7255,,,0,低,64,0,-,515 25,0,95.9,0.8953,0,0.0345,0.0345,0,0,0.21,0.135,0.095,,,C,,,0.1642,0.585,,0.5807,A,76,0,◎-○軸 3着3〜4艇流し（10〜15点）,0.5777,"{'is_target': True, 'verdict': '参加推奨', 'max_combo_prob': 0.0768, 'est_top_odds': 17.4, 'circle_concentration': 63.4, 'eligible_count': 8, 'bet_adj': 2, 'reason': 'rel_win1=56.7%（本命度） / 最有力組み合わせ確率: 0.077（推定実オッズ?17倍） / 2着集中度: 上位2艇 63.4%（補正+0.00） / 総合判定確率: 0.077 / → ヒモ分散。1号艇1着固定で広めのヒモ流し推奨（買い目+2点）', 'tenji_trigger': '展示確認: ヒモ分散レース。1号艇伸び確認後、広めのヒモ流しを採用。穴ヒモ（5・6号艇）を積極的に含める。'}",,,27.5,逃げ狙い,16.37,28,4,,,,,,,,,,,
2025-04-20,丸亀,7,3,豊田泰洋,B1,33.12,3,▲,8.3906,15,85,38.7,0.1601,3.12,,,0,低,169,0,差ま0%,,0,24.2,0.7715,0,0,0,0.0303,0,0.4348,0.087,0.0696,,,B,,,0.2496,0.576,,0.5807,A,76,0,◎-○軸 3着3〜4艇流し（10〜15点）,0.5777,"{'is_target': True, 'verdict': '参加推奨', 'max_combo_prob': 0.0768, 'est_top_odds': 17.4, 'circle_concentration': 63.4, 'eligible_count': 8, 'bet_adj': 2, 'reason': 'rel_win1=56.7%（本命度） / 最有力組み合わせ確率: 0.077（推定実オッズ?17倍） / 2着集中度: 上位2艇 63.4%（補正+0.00） / 総合判定確率: 0.077 / → ヒモ分散。1号艇1着固定で広めのヒモ流し推奨（買い目+2点）', 'tenji_trigger': '展示確認: ヒモ分散レース。1号艇伸び確認後、広めのヒモ流しを採用。穴ヒモ（5・6号艇）を積極的に含める。'}",,,27.5,逃げ狙い,16.37,28,4,,,,,,,,,,,
2025-04-20,丸亀,7,4,谷本幸司,B1,25.56,4,,9.0756,17.6,72,40.5,0.1574,3.1786,,,0,低,87,0,抜0%,343 46,0,39.5,0.9413,0,0,0,0,0.04,0.1048,0.0381,0.0381,,,D,△,,0.2978,0.591,,0.5807,A,76,0,◎-○軸 3着3〜4艇流し（10〜15点）,0.5777,"{'is_target': True, 'verdict': '参加推奨', 'max_combo_prob': 0.0768, 'est_top_odds': 17.4, 'circle_concentration': 63.4, 'eligible_count': 8, 'bet_adj': 2, 'reason': 'rel_win1=56.7%（本命度） / 最有力組み合わせ確率: 0.077（推定実オッズ?17倍） / 2着集中度: 上位2艇 63.4%（補正+0.00） / 総合判定確率: 0.077 / → ヒモ分散。1号艇1着固定で広めのヒモ流し推奨（買い目+2点）', 'tenji_trigger': '展示確認: ヒモ分散レース。1号艇伸び確認後、広めのヒモ流しを採用。穴ヒモ（5・6号艇）を積極的に含める。'}",,,27.5,逃げ狙い,16.37,28,4,,,,,,,,,,,
2025-04-20,丸亀,7,5,大須賀友,A1,25.56,5,,10.5781,21.5,100,56.2,0.1579,3.4167,,,0,低,116,0,-,415 53,0,32.7,1.9079,0,0,0.0435,0,0.0435,0.0516,0.1258,0.0129,,,D,△,◎,0.2708,0.599,0.254,0.5807,A,76,0,◎-○軸 3着3〜4艇流し（10〜15点）,0.5777,"{'is_target': True, 'verdict': '参加推奨', 'max_combo_prob': 0.0768, 'est_top_odds': 17.4, 'circle_concentration': 63.4, 'eligible_count': 8, 'bet_adj': 2, 'reason': 'rel_win1=56.7%（本命度） / 最有力組み合わせ確率: 0.077（推定実オッズ?17倍） / 2着集中度: 上位2艇 63.4%（補正+0.00） / 総合判定確率: 0.077 / → ヒモ分散。1号艇1着固定で広めのヒモ流し推奨（買い目+2点）', 'tenji_trigger': '展示確認: ヒモ分散レース。1号艇伸び確認後、広めのヒモ流しを採用。穴ヒモ（5・6号艇）を積極的に含める。'}",,,27.5,逃げ狙い,16.37,28,4,,,,,,,,,,,
2025-04-20,丸亀,7,6,白井英治,A1,31.91,6,○,2.6624,4,52,100,0.1533,3.5,,,0,低,29,1,-,623 41,0,100,3.5283,,,,,,0.0588,0.1765,0.0588,,,B,◎,,0.3143,0.659,,0.5807,A,76,0,◎-○軸 3着3〜4艇流し（10〜15点）,0.5777,"{'is_target': True, 'verdict': '参加推奨', 'max_combo_prob': 0.0768, 'est_top_odds': 17.4, 'circle_concentration': 63.4, 'eligible_count': 8, 'bet_adj': 2, 'reason': 'rel_win1=56.7%（本命度） / 最有力組み合わせ確率: 0.077（推定実オッズ?17倍） / 2着集中度: 上位2艇 63.4%（補正+0.00） / 総合判定確率: 0.077 / → ヒモ分散。1号艇1着固定で広めのヒモ流し推奨（買い目+2点）', 'tenji_trigger': '展示確認: ヒモ分散レース。1号艇伸び確認後、広めのヒモ流しを採用。穴ヒモ（5・6号艇）を積極的に含める。'}",,,27.5,逃げ狙い,16.37,28,4,,,,,,,,,,,
2025-04-20,丸亀,8,1,武重雄介,A2,40.77,1,◎,73.5315,,0,92.9,0.1443,2.4821,,,0,低,119,0,逃1%,3 4542,0,84.3,1.2034,0.7143,,,,,0.1657,0,0.0343,◎,,B,○,,,0.6375,,0.6646,S,83,0,◎1着固定 2-3着流し（5〜8点）,0.5777,"{'is_target': True, 'verdict': '点数絞り', 'max_combo_prob': 0.1512, 'est_top_odds': 8.8, 'circle_concentration': 80.1, 'eligible_count': 6, 'bet_adj': 0, 'reason': 'rel_win1=73.5%（本命度） / 最有力組み合わせ確率: 0.151（推定実オッズ?9倍） / 2着集中度: 上位2艇 80.1%（補正+0.04） / 総合判定確率: 0.191 / → ヒモはやや固め。上位2艇以外を切ること', 'tenji_trigger': '展示確認: 1号艇伸び良→そのまま採用。悪→飛び組に差し替え。circle_pct上位2艇に絞り込むこと。'}",,,26.5,逃げ狙い,14.45,26.8,4,,,,,0,0,0.7559,0,,逃げ軸流し,A
2025-04-20,丸亀,8,2,森　悠稀,A2,23.62,2,△,7.6589,52.8,95,68.8,0.1497,3.3443,,,0,低,62,0,-,33345,0,99.4,1.929,0,0,0.037,0,0,0.0552,0.0276,0.0552,,,D,◎,,0.2496,0.6755,,0.6646,S,83,0,◎1着固定 2-3着流し（5〜8点）,0.5777,"{'is_target': True, 'verdict': '点数絞り', 'max_combo_prob': 0.1512, 'est_top_odds': 8.8, 'circle_concentration': 80.1, 'eligible_count': 6, 'bet_adj': 0, 'reason': 'rel_win1=73.5%（本命度） / 最有力組み合わせ確率: 0.151（推定実オッズ?9倍） / 2着集中度: 上位2艇 80.1%（補正+0.04） / 総合判定確率: 0.191 / → ヒモはやや固め。上位2艇以外を切ること', 'tenji_trigger': '展示確認: 1号艇伸び良→そのまま採用。悪→飛び組に差し替え。circle_pct上位2艇に絞り込むこと。'}",,,26.5,逃げ狙い,14.45,26.8,4,,,,,,,,,,,
2025-04-20,丸亀,8,3,中村栄治,B1,41.91,3,○,5.3728,27.2,66,50,0.2086,3.89,,,0,低,142,0,差ま0%,6 542,0,31.9,0.8692,0,0,0,0.0417,0,0.12,0.04,0.04,,,A,△,,0.1111,0.588,,0.6646,S,83,0,◎1着固定 2-3着流し（5〜8点）,0.5777,"{'is_target': True, 'verdict': '点数絞り', 'max_combo_prob': 0.1512, 'est_top_odds': 8.8, 'circle_concentration': 80.1, 'eligible_count': 6, 'bet_adj': 0, 'reason': 'rel_win1=73.5%（本命度） / 最有力組み合わせ確率: 0.151（推定実オッズ?9倍） / 2着集中度: 上位2艇 80.1%（補正+0.04） / 総合判定確率: 0.191 / → ヒモはやや固め。上位2艇以外を切ること', 'tenji_trigger': '展示確認: 1号艇伸び良→そのまま採用。悪→飛び組に差し替え。circle_pct上位2艇に絞り込むこと。'}",,,26.5,逃げ狙い,14.45,26.8,4,,,,,,,,,,,
2025-04-20,丸亀,8,4,三宅　潤,A2,23.28,4,,10.0771,16.7,100,60,0.1633,3.4071,,,0,低,174,0,差ま0%,2 2666,0,39.6,0.7379,0,0.0625,0.0938,0.0312,0.0312,0.0222,0.0444,0.2111,,,E,△,◎,0.2286,0.6355,0.4668,0.6646,S,83,0,◎1着固定 2-3着流し（5〜8点）,0.5777,"{'is_target': True, 'verdict': '点数絞り', 'max_combo_prob': 0.1512, 'est_top_odds': 8.8, 'circle_concentration': 80.1, 'eligible_count': 6, 'bet_adj': 0, 'reason': 'rel_win1=73.5%（本命度） / 最有力組み合わせ確率: 0.151（推定実オッズ?9倍） / 2着集中度: 上位2艇 80.1%（補正+0.04） / 総合判定確率: 0.191 / → ヒモはやや固め。上位2艇以外を切ること', 'tenji_trigger': '展示確認: 1号艇伸び良→そのまま採用。悪→飛び組に差し替え。circle_pct上位2艇に絞り込むこと。'}",,,26.5,逃げ狙い,14.45,26.8,4,,,,,,,,,,,
2025-04-20,丸亀,8,5,原村拓也,B1,30.28,5,▲,2.3685,2.8,66,30.9,0.1841,3.8382,,,0,低,159,0,-,,0,55.9,1.0567,,,,,,0.3114,0.1257,0.02,,,C,,,0.1847,0.5855,,0.6646,S,83,0,◎1着固定 2-3着流し（5〜8点）,0.5777,"{'is_target': True, 'verdict': '点数絞り', 'max_combo_prob': 0.1512, 'est_top_odds': 8.8, 'circle_concentration': 80.1, 'eligible_count': 6, 'bet_adj': 0, 'reason': 'rel_win1=73.5%（本命度） / 最有力組み合わせ確率: 0.151（推定実オッズ?9倍） / 2着集中度: 上位2艇 80.1%（補正+0.04） / 総合判定確率: 0.191 / → ヒモはやや固め。上位2艇以外を切ること', 'tenji_trigger': '展示確認: 1号艇伸び良→そのまま採用。悪→飛び組に差し替え。circle_pct上位2艇に絞り込むこと。'}",,,26.5,逃げ狙い,14.45,26.8,4,,,,,,,,,,,
2025-04-20,丸亀,8,6,山崎善庸,B1,29.55,6,,0.9912,0.4,25,7.5,0.2764,5.7736,,,0,低,243,0,-,156 26,0,26.6,0.6194,,,,,,0.0727,0.3491,0.3309,,,D,,,0.135,0.5725,,0.6646,S,83,0,◎1着固定 2-3着流し（5〜8点）,0.5777,"{'is_target': True, 'verdict': '点数絞り', 'max_combo_prob': 0.1512, 'est_top_odds': 8.8, 'circle_concentration': 80.1, 'eligible_count': 6, 'bet_adj': 0, 'reason': 'rel_win1=73.5%（本命度） / 最有力組み合わせ確率: 0.151（推定実オッズ?9倍） / 2着集中度: 上位2艇 80.1%（補正+0.04） / 総合判定確率: 0.191 / → ヒモはやや固め。上位2艇以外を切ること', 'tenji_trigger': '展示確認: 1号艇伸び良→そのまま採用。悪→飛び組に差し替え。circle_pct上位2艇に絞り込むこと。'}",,,26.5,逃げ狙い,14.45,26.8,4,,,,,,,,,,,
2025-04-20,丸亀,9,1,小山　勉,A1,32.82,1,◎,60.8896,,0,95.5,0.1581,3.097,,,0,低,113,0,逃1%,16213,0,76.4,1.0343,0.7586,,,,,0.1302,0.0138,0.0888,◎,,C,△,,,0.654,,0.5008,S,86,0,◎1着固定 2-3着流し（5〜8点）,0.5777,"{'is_target': True, 'verdict': '点数絞り', 'max_combo_prob': 0.1074, 'est_top_odds': 12.4, 'circle_concentration': 73.5, 'eligible_count': 6, 'bet_adj': 0, 'reason': 'rel_win1=60.9%（本命度） / 最有力組み合わせ確率: 0.107（推定実オッズ?12倍） / 2着集中度: 上位2艇 73.5%（補正+0.04） / 総合判定確率: 0.147 / → ヒモはやや固め。上位2艇以外を切ること', 'tenji_trigger': '展示確認: 1号艇伸び良→そのまま採用。悪→飛び組に差し替え。circle_pct上位2艇に絞り込むこと。'}",,,27.9,逃げ狙い,17.78,27.9,2,,,,,0,0,0.7559,0,,逃げ軸流し,A
2025-04-20,丸亀,9,2,宮之原輝,A1,18.25,2,△,18.9722,47.8,70,79.4,0.1453,3.1618,,,0,低,35,0,差0% ま0%,242 11,0,71.8,1.3247,0,0.2632,0.1053,0,0,0.0333,0.0333,0.1,,◎,E,◎,,0.4854,0.7135,,0.5008,S,86,0,◎1着固定 2-3着流し（5〜8点）,0.5777,"{'is_target': True, 'verdict': '点数絞り', 'max_combo_prob': 0.1074, 'est_top_odds': 12.4, 'circle_concentration': 73.5, 'eligible_count': 6, 'bet_adj': 0, 'reason': 'rel_win1=60.9%（本命度） / 最有力組み合わせ確率: 0.107（推定実オッズ?12倍） / 2着集中度: 上位2艇 73.5%（補正+0.04） / 総合判定確率: 0.147 / → ヒモはやや固め。上位2艇以外を切ること', 'tenji_trigger': '展示確認: 1号艇伸び良→そのまま採用。悪→飛び組に差し替え。circle_pct上位2艇に絞り込むこと。'}",,,27.9,逃げ狙い,17.78,27.9,2,,,,,,,,,,,
2025-04-20,丸亀,9,3,中嶋誠一,B1,34.27,3,,8.9919,25.7,49,59.3,0.1737,3.6852,,,0,低,130,0,ま0% 差ま0% 抜0%,232514,0,42.6,1.0563,0,0,0.0417,0.0833,0.0417,0.4673,0.1519,0.0904,,,C,△,,0.2113,0.6265,,0.5008,S,86,0,◎1着固定 2-3着流し（5〜8点）,0.5777,"{'is_target': True, 'verdict': '点数絞り', 'max_combo_prob': 0.1074, 'est_top_odds': 12.4, 'circle_concentration': 73.5, 'eligible_count': 6, 'bet_adj': 0, 'reason': 'rel_win1=60.9%（本命度） / 最有力組み合わせ確率: 0.107（推定実オッズ?12倍） / 2着集中度: 上位2艇 73.5%（補正+0.04） / 総合判定確率: 0.147 / → ヒモはやや固め。上位2艇以外を切ること', 'tenji_trigger': '展示確認: 1号艇伸び良→そのまま採用。悪→飛び組に差し替え。circle_pct上位2艇に絞り込むこと。'}",,,27.9,逃げ狙い,17.78,27.9,2,,,,,,,,,,,
2025-04-20,丸亀,9,4,松村康太,A2,41.67,4,▲,4.5812,17.4,100,57.8,0.181,3.8169,,,0,低,166,0,-,2 3134,0,87.9,0.6728,0,0,0.0323,0,0,0.22,0.1756,0.2689,,,A,,,0.1932,0.6195,,0.5008,S,86,0,◎1着固定 2-3着流し（5〜8点）,0.5777,"{'is_target': True, 'verdict': '点数絞り', 'max_combo_prob': 0.1074, 'est_top_odds': 12.4, 'circle_concentration': 73.5, 'eligible_count': 6, 'bet_adj': 0, 'reason': 'rel_win1=60.9%（本命度） / 最有力組み合わせ確率: 0.107（推定実オッズ?12倍） / 2着集中度: 上位2艇 73.5%（補正+0.04） / 総合判定確率: 0.147 / → ヒモはやや固め。上位2艇以外を切ること', 'tenji_trigger': '展示確認: 1号艇伸び良→そのまま採用。悪→飛び組に差し替え。circle_pct上位2艇に絞り込むこと。'}",,,27.9,逃げ狙い,17.78,27.9,2,,,,,,,,,,,
2025-04-20,丸亀,9,5,関　裕也,B1,29.29,5,,4.2447,2.7,52,28.9,0.1682,3.4079,,,0,低,86,0,-,4 1355,0,35.4,0.7843,0,0,0,0.0556,0.0556,0.0923,0,0.2615,,,D,,,0.2555,0.6015,,0.5008,S,86,0,◎1着固定 2-3着流し（5〜8点）,0.5777,"{'is_target': True, 'verdict': '点数絞り', 'max_combo_prob': 0.1074, 'est_top_odds': 12.4, 'circle_concentration': 73.5, 'eligible_count': 6, 'bet_adj': 0, 'reason': 'rel_win1=60.9%（本命度） / 最有力組み合わせ確率: 0.107（推定実オッズ?12倍） / 2着集中度: 上位2艇 73.5%（補正+0.04） / 総合判定確率: 0.147 / → ヒモはやや固め。上位2艇以外を切ること', 'tenji_trigger': '展示確認: 1号艇伸び良→そのまま採用。悪→飛び組に差し替え。circle_pct上位2艇に絞り込むこと。'}",,,27.9,逃げ狙い,17.78,27.9,2,,,,,,,,,,,
2025-04-20,丸亀,9,6,稗田聖也,B1,34.33,6,○,2.3204,6.4,70,42.6,0.1285,2.4537,,,0,低,66,0,抜0%,156 32,0,28.1,1.6547,0,0,0,0,0.0417,0,0.0242,0.2348,,○,B,○,,0.4074,0.671,,0.5008,S,86,0,◎1着固定 2-3着流し（5〜8点）,0.5777,"{'is_target': True, 'verdict': '点数絞り', 'max_combo_prob': 0.1074, 'est_top_odds': 12.4, 'circle_concentration': 73.5, 'eligible_count': 6, 'bet_adj': 0, 'reason': 'rel_win1=60.9%（本命度） / 最有力組み合わせ確率: 0.107（推定実オッズ?12倍） / 2着集中度: 上位2艇 73.5%（補正+0.04） / 総合判定確率: 0.147 / → ヒモはやや固め。上位2艇以外を切ること', 'tenji_trigger': '展示確認: 1号艇伸び良→そのまま採用。悪→飛び組に差し替え。circle_pct上位2艇に絞り込むこと。'}",,,27.9,逃げ狙い,17.78,27.9,2,,,,,,,,,,,
2025-04-20,丸亀,10,1,柳沢　一,A1,36.69,1,◎,65.4786,,0,88.8,0.1227,2.3062,,,0,低,43,0,逃1%,412411,0,82.2,0.9907,0.7027,,,,,0.0432,0.1074,0.1074,◎,,B,◎,,,0.698,,0.6816,S,84,0,◎1着固定 2-3着流し（5〜8点）,0.5777,"{'is_target': True, 'verdict': '点数絞り', 'max_combo_prob': 0.118, 'est_top_odds': 11.3, 'circle_concentration': 77.7, 'eligible_count': 6, 'bet_adj': 0, 'reason': 'rel_win1=65.5%（本命度） / 最有力組み合わせ確率: 0.118（推定実オッズ?11倍） / 2着集中度: 上位2艇 77.7%（補正+0.04） / 総合判定確率: 0.158 / → ヒモはやや固め。上位2艇以外を切ること', 'tenji_trigger': '展示確認: 1号艇伸び良→そのまま採用。悪→飛び組に差し替え。circle_pct上位2艇に絞り込むこと。\n展示で1号艇スタート超安定(0.123秒)→ヒモ固まり方向に注意'}",,,26.1,逃げ狙い,14.22,25.8,4,,,,,0,0,0.7559,0,,逃げ軸流し,A
2025-04-20,丸亀,10,2,白水勝也,A1,26.87,2,▲,9.3467,59.3,78,73.3,0.1552,3.55,,,0,低,134,0,-,35221,0,49.3,1.0197,0,0.0385,0.1154,0,0,0.1045,0.0455,0.0955,,,D,△,,0.0739,0.604,,0.6816,S,84,0,◎1着固定 2-3着流し（5〜8点）,0.5777,"{'is_target': True, 'verdict': '点数絞り', 'max_combo_prob': 0.118, 'est_top_odds': 11.3, 'circle_concentration': 77.7, 'eligible_count': 6, 'bet_adj': 0, 'reason': 'rel_win1=65.5%（本命度） / 最有力組み合わせ確率: 0.118（推定実オッズ?11倍） / 2着集中度: 上位2艇 77.7%（補正+0.04） / 総合判定確率: 0.158 / → ヒモはやや固め。上位2艇以外を切ること', 'tenji_trigger': '展示確認: 1号艇伸び良→そのまま採用。悪→飛び組に差し替え。circle_pct上位2艇に絞り込むこと。\n展示で1号艇スタート超安定(0.123秒)→ヒモ固まり方向に注意'}",,,26.1,逃げ狙い,14.22,25.8,4,,,,,,,,,,,
2025-04-20,丸亀,10,3,吉武真也,B1,35.62,3,○,11.5111,8,100,47.6,0.1562,3.4405,,,0,低,106,0,差ま0% 抜0%,5 1223,0,38.7,0.9883,0,0,0,0.04,0.04,0.2676,0.0235,0.2441,,,B,,,0.128,0.595,,0.6816,S,84,0,◎1着固定 2-3着流し（5〜8点）,0.5777,"{'is_target': True, 'verdict': '点数絞り', 'max_combo_prob': 0.118, 'est_top_odds': 11.3, 'circle_concentration': 77.7, 'eligible_count': 6, 'bet_adj': 0, 'reason': 'rel_win1=65.5%（本命度） / 最有力組み合わせ確率: 0.118（推定実オッズ?11倍） / 2着集中度: 上位2艇 77.7%（補正+0.04） / 総合判定確率: 0.158 / → ヒモはやや固め。上位2艇以外を切ること', 'tenji_trigger': '展示確認: 1号艇伸び良→そのまま採用。悪→飛び組に差し替え。circle_pct上位2艇に絞り込むこと。\n展示で1号艇スタート超安定(0.123秒)→ヒモ固まり方向に注意'}",,,26.1,逃げ狙い,14.22,25.8,4,,,,,,,,,,,
2025-04-20,丸亀,10,4,下河誉史,A2,27.66,4,,5.7462,10.6,99,48.4,0.1979,4.3306,,,0,低,163,0,-,252 34,0,29.8,0.9198,,,,,,0.1585,0.1683,0.0293,,,D,○,,0.1547,0.6355,,0.6816,S,84,0,◎1着固定 2-3着流し（5〜8点）,0.5777,"{'is_target': True, 'verdict': '点数絞り', 'max_combo_prob': 0.118, 'est_top_odds': 11.3, 'circle_concentration': 77.7, 'eligible_count': 6, 'bet_adj': 0, 'reason': 'rel_win1=65.5%（本命度） / 最有力組み合わせ確率: 0.118（推定実オッズ?11倍） / 2着集中度: 上位2艇 77.7%（補正+0.04） / 総合判定確率: 0.158 / → ヒモはやや固め。上位2艇以外を切ること', 'tenji_trigger': '展示確認: 1号艇伸び良→そのまま採用。悪→飛び組に差し替え。circle_pct上位2艇に絞り込むこと。\n展示で1号艇スタート超安定(0.123秒)→ヒモ固まり方向に注意'}",,,26.1,逃げ狙い,14.22,25.8,4,,,,,,,,,,,
2025-04-20,丸亀,10,5,中越博紀,A2,26.32,5,,5.3193,18.4,86,50.8,0.1544,3.4524,,,0,低,130,0,-,223612,0,69,1.1812,0,0,0,0.0385,0,0.0296,0.3593,0.0593,,,E,△,,0.1949,0.6195,,0.6816,S,84,0,◎1着固定 2-3着流し（5〜8点）,0.5777,"{'is_target': True, 'verdict': '点数絞り', 'max_combo_prob': 0.118, 'est_top_odds': 11.3, 'circle_concentration': 77.7, 'eligible_count': 6, 'bet_adj': 0, 'reason': 'rel_win1=65.5%（本命度） / 最有力組み合わせ確率: 0.118（推定実オッズ?11倍） / 2着集中度: 上位2艇 77.7%（補正+0.04） / 総合判定確率: 0.158 / → ヒモはやや固め。上位2艇以外を切ること', 'tenji_trigger': '展示確認: 1号艇伸び良→そのまま採用。悪→飛び組に差し替え。circle_pct上位2艇に絞り込むこと。\n展示で1号艇スタート超安定(0.123秒)→ヒモ固まり方向に注意'}",,,26.1,逃げ狙い,14.22,25.8,4,,,,,,,,,,,
2025-04-20,丸亀,10,6,海野ゆか,A1,33.09,6,△,2.5981,3.7,44,19.2,0.2081,4.6154,,,0,低,58,0,差ま0%,4 1266,0,26.2,0.8775,0,0,0,0.1,0,0,0.0667,0.1333,,,C,,,0.1409,0.5965,,0.6816,S,84,0,◎1着固定 2-3着流し（5〜8点）,0.5777,"{'is_target': True, 'verdict': '点数絞り', 'max_combo_prob': 0.118, 'est_top_odds': 11.3, 'circle_concentration': 77.7, 'eligible_count': 6, 'bet_adj': 0, 'reason': 'rel_win1=65.5%（本命度） / 最有力組み合わせ確率: 0.118（推定実オッズ?11倍） / 2着集中度: 上位2艇 77.7%（補正+0.04） / 総合判定確率: 0.158 / → ヒモはやや固め。上位2艇以外を切ること', 'tenji_trigger': '展示確認: 1号艇伸び良→そのまま採用。悪→飛び組に差し替え。circle_pct上位2艇に絞り込むこと。\n展示で1号艇スタート超安定(0.123秒)→ヒモ固まり方向に注意'}",,,26.1,逃げ狙い,14.22,25.8,4,,,,,,,,,,,
2025-04-20,丸亀,11,1,渡邉優美,A1,32.12,1,◎,52.3553,,0,90.9,0.1407,3.3523,,,0,低,44,0,逃1%,23411,0,76.8,0.966,0.6818,,,,,0.2078,0.1584,0.0182,◎,,D,△,,,0.6535,,0.4937,A,76,0,◎-○軸 3着3〜4艇流し（10〜15点）,0.5777,"{'is_target': True, 'verdict': '参加推奨', 'max_combo_prob': 0.0891, 'est_top_odds': 15.0, 'circle_concentration': 65.4, 'eligible_count': 8, 'bet_adj': 2, 'reason': 'rel_win1=52.4%（本命度） / 最有力組み合わせ確率: 0.089（推定実オッズ?15倍） / 2着集中度: 上位2艇 65.4%（補正+0.00） / 総合判定確率: 0.089 / → ヒモ分散。1号艇1着固定で広めのヒモ流し推奨（買い目+2点）', 'tenji_trigger': '展示確認: ヒモ分散レース。1号艇伸び確認後、広めのヒモ流しを採用。穴ヒモ（5・6号艇）を積極的に含める。'}",,,32,逃げ狙い,28.09,30.8,2,,,,,0,0,0.7559,0,,逃げ軸流し,A
2025-04-20,丸亀,11,2,白井英治,A1,31.91,2,△,18.2307,41,87,81.2,0.1706,3.4375,,,0,低,29,0,差1%,623 41,0,75.9,1.3412,0,0.8,0,0,0,0.0588,0.1765,0.0588,,,D,◎,,0.2455,0.659,,0.4937,A,76,0,◎-○軸 3着3〜4艇流し（10〜15点）,0.5777,"{'is_target': True, 'verdict': '参加推奨', 'max_combo_prob': 0.0891, 'est_top_odds': 15.0, 'circle_concentration': 65.4, 'eligible_count': 8, 'bet_adj': 2, 'reason': 'rel_win1=52.4%（本命度） / 最有力組み合わせ確率: 0.089（推定実オッズ?15倍） / 2着集中度: 上位2艇 65.4%（補正+0.00） / 総合判定確率: 0.089 / → ヒモ分散。1号艇1着固定で広めのヒモ流し推奨（買い目+2点）', 'tenji_trigger': '展示確認: ヒモ分散レース。1号艇伸び確認後、広めのヒモ流しを採用。穴ヒモ（5・6号艇）を積極的に含める。'}",,,32,逃げ狙い,28.09,30.8,2,,,,,,,,,,,
2025-04-20,丸亀,11,3,鈴木勝博,A2,48.09,3,○,17.1294,24.4,55,64.6,0.1429,2.75,,,0,低,90,0,-,316 13,0,43.3,1.0817,0,0,0.2273,0,0.0909,0.1171,0.2776,0.0211,,,A,,,0.2924,0.6045,,0.4937,A,76,0,◎-○軸 3着3〜4艇流し（10〜15点）,0.5777,"{'is_target': True, 'verdict': '参加推奨', 'max_combo_prob': 0.0891, 'est_top_odds': 15.0, 'circle_concentration': 65.4, 'eligible_count': 8, 'bet_adj': 2, 'reason': 'rel_win1=52.4%（本命度） / 最有力組み合わせ確率: 0.089（推定実オッズ?15倍） / 2着集中度: 上位2艇 65.4%（補正+0.00） / 総合判定確率: 0.089 / → ヒモ分散。1号艇1着固定で広めのヒモ流し推奨（買い目+2点）', 'tenji_trigger': '展示確認: ヒモ分散レース。1号艇伸び確認後、広めのヒモ流しを採用。穴ヒモ（5・6号艇）を積極的に含める。'}",,,32,逃げ狙い,28.09,30.8,2,,,,,,,,,,,
2025-04-20,丸亀,11,4,小野寺智,A2,38.69,4,▲,7.8536,15.4,100,57.7,0.1388,3.0096,,,0,低,79,0,差ま0%,153 22,0,82.8,1.3538,0,0,0.0476,0.0952,0,0.1217,0.0174,0.3096,,,C,,◎,0.302,0.6185,0.428,0.4937,A,76,0,◎-○軸 3着3〜4艇流し（10〜15点）,0.5777,"{'is_target': True, 'verdict': '参加推奨', 'max_combo_prob': 0.0891, 'est_top_odds': 15.0, 'circle_concentration': 65.4, 'eligible_count': 8, 'bet_adj': 2, 'reason': 'rel_win1=52.4%（本命度） / 最有力組み合わせ確率: 0.089（推定実オッズ?15倍） / 2着集中度: 上位2艇 65.4%（補正+0.00） / 総合判定確率: 0.089 / → ヒモ分散。1号艇1着固定で広めのヒモ流し推奨（買い目+2点）', 'tenji_trigger': '展示確認: ヒモ分散レース。1号艇伸び確認後、広めのヒモ流しを採用。穴ヒモ（5・6号艇）を積極的に含める。'}",,,32,逃げ狙い,28.09,30.8,2,,,,,,,,,,,
2025-04-20,丸亀,11,5,梶野学志,A1,30.22,5,,3.4445,15.1,62,46.4,0.1566,3.2411,,,0,低,97,0,-,2 1425,0,70.9,1.2245,,,,,,0.0138,0.1164,0.0276,,,E,○,,0.261,0.656,,0.4937,A,76,0,◎-○軸 3着3〜4艇流し（10〜15点）,0.5777,"{'is_target': True, 'verdict': '参加推奨', 'max_combo_prob': 0.0891, 'est_top_odds': 15.0, 'circle_concentration': 65.4, 'eligible_count': 8, 'bet_adj': 2, 'reason': 'rel_win1=52.4%（本命度） / 最有力組み合わせ確率: 0.089（推定実オッズ?15倍） / 2着集中度: 上位2艇 65.4%（補正+0.00） / 総合判定確率: 0.089 / → ヒモ分散。1号艇1着固定で広めのヒモ流し推奨（買い目+2点）', 'tenji_trigger': '展示確認: ヒモ分散レース。1号艇伸び確認後、広めのヒモ流しを採用。穴ヒモ（5・6号艇）を積極的に含める。'}",,,32,逃げ狙い,28.09,30.8,2,,,,,,,,,,,
2025-04-20,丸亀,11,6,武重雄介,A2,40.77,6,,0.9866,4.1,24,18.2,0.19,4.7545,,,0,低,119,0,-,3 4542,0,31.5,0.8511,,,,,,0.1657,0,0.0343,,,B,△,,0.1531,0.6375,,0.4937,A,76,0,◎-○軸 3着3〜4艇流し（10〜15点）,0.5777,"{'is_target': True, 'verdict': '参加推奨', 'max_combo_prob': 0.0891, 'est_top_odds': 15.0, 'circle_concentration': 65.4, 'eligible_count': 8, 'bet_adj': 2, 'reason': 'rel_win1=52.4%（本命度） / 最有力組み合わせ確率: 0.089（推定実オッズ?15倍） / 2着集中度: 上位2艇 65.4%（補正+0.00） / 総合判定確率: 0.089 / → ヒモ分散。1号艇1着固定で広めのヒモ流し推奨（買い目+2点）', 'tenji_trigger': '展示確認: ヒモ分散レース。1号艇伸び確認後、広めのヒモ流しを採用。穴ヒモ（5・6号艇）を積極的に含める。'}",,,32,逃げ狙い,28.09,30.8,2,,,,,,,,,,,
2025-04-20,丸亀,12,1,大須賀友,A1,25.56,1,◎,65.054,,0,93.9,0.1391,2.9329,,,0,低,116,0,逃1%,415 53,0,91,1.2063,0.7419,,,,,0.0516,0.1258,0.0129,◎,,D,,,,0.599,,0.5763,S,86,0,◎1着固定 2-3着流し（5〜8点）,0.5777,"{'is_target': True, 'verdict': '参加推奨', 'max_combo_prob': 0.091, 'est_top_odds': 14.6, 'circle_concentration': 67.4, 'eligible_count': 6, 'bet_adj': 2, 'reason': 'rel_win1=65.1%（本命度） / 最有力組み合わせ確率: 0.091（推定実オッズ?15倍） / 2着集中度: 上位2艇 67.4%（補正+0.00） / 総合判定確率: 0.091 / → ヒモ分散。1号艇1着固定で広めのヒモ流し推奨（買い目+2点）', 'tenji_trigger': '展示確認: ヒモ分散レース。1号艇伸び確認後、広めのヒモ流しを採用。穴ヒモ（5・6号艇）を積極的に含める。\n展示で1号艇スタート超安定(0.139秒)→ヒモ固まり方向に注意'}",,,26.5,逃げ狙い,14.65,26.7,3,,,,,0,0,0.7559,0,,逃げ軸流し,A
2025-04-20,丸亀,12,2,黒柳浩孝,A1,38.81,2,△,10.3273,25.7,100,53.4,0.1826,4.0431,,,0,低,124,0,差0%,33435,0,48.9,0.8774,0,0.037,0,0,0,0.0421,0.2342,0.1171,,,B,△,,0.0567,0.637,,0.5763,S,86,0,◎1着固定 2-3着流し（5〜8点）,0.5777,"{'is_target': True, 'verdict': '参加推奨', 'max_combo_prob': 0.091, 'est_top_odds': 14.6, 'circle_concentration': 67.4, 'eligible_count': 6, 'bet_adj': 2, 'reason': 'rel_win1=65.1%（本命度） / 最有力組み合わせ確率: 0.091（推定実オッズ?15倍） / 2着集中度: 上位2艇 67.4%（補正+0.00） / 総合判定確率: 0.091 / → ヒモ分散。1号艇1着固定で広めのヒモ流し推奨（買い目+2点）', 'tenji_trigger': '展示確認: ヒモ分散レース。1号艇伸び確認後、広めのヒモ流しを採用。穴ヒモ（5・6号艇）を積極的に含める。\n展示で1号艇スタート超安定(0.139秒)→ヒモ固まり方向に注意'}",,,26.5,逃げ狙い,14.65,26.7,3,,,,,,,,,,,
2025-04-20,丸亀,12,3,森　悠稀,A2,23.62,3,,10.1029,41.7,84,66.7,0.1297,2.5985,,,0,低,62,0,差ま0%,33345,0,31.8,0.9352,0,0,0.0333,0.0333,0,0.0552,0.0276,0.0552,,,E,◎,,0.3325,0.6755,,0.5763,S,86,0,◎1着固定 2-3着流し（5〜8点）,0.5777,"{'is_target': True, 'verdict': '参加推奨', 'max_combo_prob': 0.091, 'est_top_odds': 14.6, 'circle_concentration': 67.4, 'eligible_count': 6, 'bet_adj': 2, 'reason': 'rel_win1=65.1%（本命度） / 最有力組み合わせ確率: 0.091（推定実オッズ?15倍） / 2着集中度: 上位2艇 67.4%（補正+0.00） / 総合判定確率: 0.091 / → ヒモ分散。1号艇1着固定で広めのヒモ流し推奨（買い目+2点）', 'tenji_trigger': '展示確認: ヒモ分散レース。1号艇伸び確認後、広めのヒモ流しを採用。穴ヒモ（5・6号艇）を積極的に含める。\n展示で1号艇スタート超安定(0.139秒)→ヒモ固まり方向に注意'}",,,26.5,逃げ狙い,14.65,26.7,3,,,,,,,,,,,
2025-04-20,丸亀,12,4,渡邊裕貴,B1,30.60,4,▲,8.2446,15.4,66,42.3,0.1548,3.2115,,,0,低,99,0,-,1 6234,0,69.2,1.3489,0,0.0455,0.0909,0,0,0,0.2311,0.1644,,,C,△,◎,0.2394,0.6215,0.271,0.5763,S,86,0,◎1着固定 2-3着流し（5〜8点）,0.5777,"{'is_target': True, 'verdict': '参加推奨', 'max_combo_prob': 0.091, 'est_top_odds': 14.6, 'circle_concentration': 67.4, 'eligible_count': 6, 'bet_adj': 2, 'reason': 'rel_win1=65.1%（本命度） / 最有力組み合わせ確率: 0.091（推定実オッズ?15倍） / 2着集中度: 上位2艇 67.4%（補正+0.00） / 総合判定確率: 0.091 / → ヒモ分散。1号艇1着固定で広めのヒモ流し推奨（買い目+2点）', 'tenji_trigger': '展示確認: ヒモ分散レース。1号艇伸び確認後、広めのヒモ流しを採用。穴ヒモ（5・6号艇）を積極的に含める。\n展示で1号艇スタート超安定(0.139秒)→ヒモ固まり方向に注意'}",,,26.5,逃げ狙い,14.65,26.7,3,,,,,,,,,,,
2025-04-20,丸亀,12,5,山田理央,A2,30.15,5,,2.1619,7.5,98,52.9,0.1591,3.1912,,,0,低,62,0,-,33144,0,26.3,1.0502,,,,,,0.0444,0.1444,0.0222,,,D,,,0.248,0.6,,0.5763,S,86,0,◎1着固定 2-3着流し（5〜8点）,0.5777,"{'is_target': True, 'verdict': '参加推奨', 'max_combo_prob': 0.091, 'est_top_odds': 14.6, 'circle_concentration': 67.4, 'eligible_count': 6, 'bet_adj': 2, 'reason': 'rel_win1=65.1%（本命度） / 最有力組み合わせ確率: 0.091（推定実オッズ?15倍） / 2着集中度: 上位2艇 67.4%（補正+0.00） / 総合判定確率: 0.091 / → ヒモ分散。1号艇1着固定で広めのヒモ流し推奨（買い目+2点）', 'tenji_trigger': '展示確認: ヒモ分散レース。1号艇伸び確認後、広めのヒモ流しを採用。穴ヒモ（5・6号艇）を積極的に含める。\n展示で1号艇スタート超安定(0.139秒)→ヒモ固まり方向に注意'}",,,26.5,逃げ狙い,14.65,26.7,3,,,,,,,,,,,
2025-04-20,丸亀,12,6,岩崎芳美,A2,42.34,6,○,4.1093,9.7,34,60,0.1587,3.6333,,,0,低,23,0,-,1 5F33,0,30.9,0.8472,,,,,,0.0833,0.25,0.25,,,A,○,,0.2476,0.6485,,0.5763,S,86,0,◎1着固定 2-3着流し（5〜8点）,0.5777,"{'is_target': True, 'verdict': '参加推奨', 'max_combo_prob': 0.091, 'est_top_odds': 14.6, 'circle_concentration': 67.4, 'eligible_count': 6, 'bet_adj': 2, 'reason': 'rel_win1=65.1%（本命度） / 最有力組み合わせ確率: 0.091（推定実オッズ?15倍） / 2着集中度: 上位2艇 67.4%（補正+0.00） / 総合判定確率: 0.091 / → ヒモ分散。1号艇1着固定で広めのヒモ流し推奨（買い目+2点）', 'tenji_trigger': '展示確認: ヒモ分散レース。1号艇伸び確認後、広めのヒモ流しを採用。穴ヒモ（5・6号艇）を積極的に含める。\n展示で1号艇スタート超安定(0.139秒)→ヒモ固まり方向に注意'}",,,26.5,逃げ狙い,14.65,26.7,3,,,,,,,,,,,
2025-04-21,丸亀,1,1,半田尚也,B1,40.30,1,◎,53.6099,,0,54.4,0.172,3.6413,,,0,低,141,0,逃0%,1 235,0,39,0.6512,0.2,,,,,0.18,0.54,0.16,△,,C,△,,,0.5765,,0.2712,C,40,0,荒れ傾向。高配当狙いか見送り,0.5777,"{'is_target': True, 'verdict': '参加推奨', 'max_combo_prob': 0.0706, 'est_top_odds': 18.9, 'circle_concentration': 76.6, 'eligible_count': 6, 'bet_adj': 2, 'reason': 'rel_win1=53.6%（本命度） / 最有力組み合わせ確率: 0.071（推定実オッズ?19倍） / 2着集中度: 上位2艇 76.6%（補正+0.04） / 総合判定確率: 0.111 / → ヒモ分散。1号艇1着固定で広めのヒモ流し推奨（買い目+2点）', 'tenji_trigger': '展示確認: ヒモ分散レース。1号艇伸び確認後、広めのヒモ流しを採用。穴ヒモ（5・6号艇）を積極的に含める。'}",,,30.9,両建て推奨,10.49,42.9,5,6-1-2|6-1-3|1-3-4|1-2-4|1-3-2|1-2-3|1-6-4,4-1-2|4-1-3|6-1-2|4-2-1|5-1-2|6-1-3|4-3-1|1-3-4|1-2-4|1-3-2|1-2-3|1-6-4,6-1-2:2.02%|6-1-3:1.35%|1-3-4:6.28%|1-2-4:5.92%|1-3-2:5.46%|1-2-3:5.19%|1-6-4:3.04%,6-1-2:B_main|6-1-3:B_main|1-3-4:A|1-2-4:A|1-3-2:A|1-2-3:A|1-6-4:A,7,12,0.4535,1,[!]見送り推奨（主役決まり手「まくり差し」― 逃げ劣勢レースで的中実績なし）,荒れ広め,D
2025-04-21,丸亀,1,2,松下哲也,B1,38.57,2,,11.1822,40.1,76,47.9,0.1813,3.9437,,,0,低,136,0,-,5 565,0,82.2,1.4152,0,0.0333,0.0333,0,0,0.0762,0.0952,0.2762,,,D,○,,0.2402,0.5965,,0.2712,C,40,0,荒れ傾向。高配当狙いか見送り,0.5777,"{'is_target': True, 'verdict': '参加推奨', 'max_combo_prob': 0.0706, 'est_top_odds': 18.9, 'circle_concentration': 76.6, 'eligible_count': 6, 'bet_adj': 2, 'reason': 'rel_win1=53.6%（本命度） / 最有力組み合わせ確率: 0.071（推定実オッズ?19倍） / 2着集中度: 上位2艇 76.6%（補正+0.04） / 総合判定確率: 0.111 / → ヒモ分散。1号艇1着固定で広めのヒモ流し推奨（買い目+2点）', 'tenji_trigger': '展示確認: ヒモ分散レース。1号艇伸び確認後、広めのヒモ流しを採用。穴ヒモ（5・6号艇）を積極的に含める。'}",,,30.9,両建て推奨,10.49,42.9,5,,,,,,,,,,,
2025-04-21,丸亀,1,3,重富伸也,B1,43.88,3,○,11.4811,36.4,72,47.9,0.1548,3.2917,,,0,低,124,0,差ま0%,664 32,0,45.1,0.9648,0,0,0,0.0667,0,0.0615,0,0.3231,,○,B,◎,,0.4383,0.6085,,0.2712,C,40,0,荒れ傾向。高配当狙いか見送り,0.5777,"{'is_target': True, 'verdict': '参加推奨', 'max_combo_prob': 0.0706, 'est_top_odds': 18.9, 'circle_concentration': 76.6, 'eligible_count': 6, 'bet_adj': 2, 'reason': 'rel_win1=53.6%（本命度） / 最有力組み合わせ確率: 0.071（推定実オッズ?19倍） / 2着集中度: 上位2艇 76.6%（補正+0.04） / 総合判定確率: 0.111 / → ヒモ分散。1号艇1着固定で広めのヒモ流し推奨（買い目+2点）', 'tenji_trigger': '展示確認: ヒモ分散レース。1号艇伸び確認後、広めのヒモ流しを採用。穴ヒモ（5・6号艇）を積極的に含める。'}",,,30.9,両建て推奨,10.49,42.9,5,,,,,,,,,,,
2025-04-21,丸亀,1,4,豊田泰洋,B1,33.12,4,,12.6986,5.4,100,40.5,0.1797,3.7568,,,0,低,169,0,差0% ま0%,,0,58.9,1.0666,0,0.0312,0.0312,0,0,0.4348,0.087,0.0696,,,E,,◎,0.3342,0.576,0.2183,0.2712,C,40,0,荒れ傾向。高配当狙いか見送り,0.5777,"{'is_target': True, 'verdict': '参加推奨', 'max_combo_prob': 0.0706, 'est_top_odds': 18.9, 'circle_concentration': 76.6, 'eligible_count': 6, 'bet_adj': 2, 'reason': 'rel_win1=53.6%（本命度） / 最有力組み合わせ確率: 0.071（推定実オッズ?19倍） / 2着集中度: 上位2艇 76.6%（補正+0.04） / 総合判定確率: 0.111 / → ヒモ分散。1号艇1着固定で広めのヒモ流し推奨（買い目+2点）', 'tenji_trigger': '展示確認: ヒモ分散レース。1号艇伸び確認後、広めのヒモ流しを採用。穴ヒモ（5・6号艇）を積極的に含める。'}",,,30.9,両建て推奨,10.49,42.9,5,,,,,,,,,,,
2025-04-21,丸亀,1,5,中村栄治,B1,41.91,5,△,8.7116,14,76,44.9,0.1978,3.8878,,,0,低,142,0,差0% 抜0%,6 542,0,76.3,1.3393,0,0.0345,0,0,0.0345,0.12,0.04,0.04,,,B,△,,0.2802,0.588,,0.2712,C,40,0,荒れ傾向。高配当狙いか見送り,0.5777,"{'is_target': True, 'verdict': '参加推奨', 'max_combo_prob': 0.0706, 'est_top_odds': 18.9, 'circle_concentration': 76.6, 'eligible_count': 6, 'bet_adj': 2, 'reason': 'rel_win1=53.6%（本命度） / 最有力組み合わせ確率: 0.071（推定実オッズ?19倍） / 2着集中度: 上位2艇 76.6%（補正+0.04） / 総合判定確率: 0.111 / → ヒモ分散。1号艇1着固定で広めのヒモ流し推奨（買い目+2点）', 'tenji_trigger': '展示確認: ヒモ分散レース。1号艇伸び確認後、広めのヒモ流しを採用。穴ヒモ（5・6号艇）を積極的に含める。'}",,,30.9,両建て推奨,10.49,42.9,5,,,,,,,,,,,
2025-04-21,丸亀,1,6,石丸小槙,B2,41.43,6,▲,2.3166,4,57,7.7,0.1446,3.1923,,,0,低,15,1,-,651F66,0,26.8,0.5461,,,,,,,,,,◎,C,,,0.4822,0.4805,,0.2712,C,40,0,荒れ傾向。高配当狙いか見送り,0.5777,"{'is_target': True, 'verdict': '参加推奨', 'max_combo_prob': 0.0706, 'est_top_odds': 18.9, 'circle_concentration': 76.6, 'eligible_count': 6, 'bet_adj': 2, 'reason': 'rel_win1=53.6%（本命度） / 最有力組み合わせ確率: 0.071（推定実オッズ?19倍） / 2着集中度: 上位2艇 76.6%（補正+0.04） / 総合判定確率: 0.111 / → ヒモ分散。1号艇1着固定で広めのヒモ流し推奨（買い目+2点）', 'tenji_trigger': '展示確認: ヒモ分散レース。1号艇伸び確認後、広めのヒモ流しを採用。穴ヒモ（5・6号艇）を積極的に含める。'}",,,30.9,両建て推奨,10.49,42.9,5,,,,,,,,,,,
2025-04-21,丸亀,2,1,小林孝彰,B1,25.00,1,◎,52.3455,,0,80,0.1586,3.2429,,,0,低,77,0,逃1%,425 15,0,83.2,1.0281,0.5789,,,,,0.1921,0.4053,0,○,,E,◎,,,0.676,,0.4239,A,73,0,◎-○軸 3着3〜4艇流し（10〜15点）,0.5777,"{'is_target': True, 'verdict': '参加推奨', 'max_combo_prob': 0.0654, 'est_top_odds': 20.4, 'circle_concentration': 76.1, 'eligible_count': 8, 'bet_adj': 2, 'reason': 'rel_win1=52.3%（本命度） / 最有力組み合わせ確率: 0.065（推定実オッズ?20倍） / 2着集中度: 上位2艇 76.1%（補正+0.04） / 総合判定確率: 0.105 / → ヒモ分散。1号艇1着固定で広めのヒモ流し推奨（買い目+2点）', 'tenji_trigger': '展示確認: ヒモ分散レース。1号艇伸び確認後、広めのヒモ流しを採用。穴ヒモ（5・6号艇）を積極的に含める。'}",,,29.8,逃げ狙い,13.14,37.4,2,,,,,0,0,0.6155,0,,逃げ軸流し,A
2025-04-21,丸亀,2,2,汐崎正則,B1,28.15,2,,10.8424,29.9,72,51.2,0.1783,3.6585,,,0,低,79,0,ま0%,6 632,0,57.9,0.8469,0,0,0.0455,0,0,0.05,0.17,0.075,,,D,△,,0.108,0.618,,0.4239,A,73,0,◎-○軸 3着3〜4艇流し（10〜15点）,0.5777,"{'is_target': True, 'verdict': '参加推奨', 'max_combo_prob': 0.0654, 'est_top_odds': 20.4, 'circle_concentration': 76.1, 'eligible_count': 8, 'bet_adj': 2, 'reason': 'rel_win1=52.3%（本命度） / 最有力組み合わせ確率: 0.065（推定実オッズ?20倍） / 2着集中度: 上位2艇 76.1%（補正+0.04） / 総合判定確率: 0.105 / → ヒモ分散。1号艇1着固定で広めのヒモ流し推奨（買い目+2点）', 'tenji_trigger': '展示確認: ヒモ分散レース。1号艇伸び確認後、広めのヒモ流しを採用。穴ヒモ（5・6号艇）を積極的に含める。'}",,,29.8,逃げ狙い,13.14,37.4,2,,,,,,,,,,,
2025-04-21,丸亀,2,3,原　豊土,B1,34.06,3,▲,15.3716,46.1,100,61.2,0.1461,2.8265,,,0,低,122,0,ま0%,461 66,0,70.6,1.3306,0,0,0.0435,0.087,0.0435,0.1711,0,0.0632,,◎,B,△,,0.3616,0.6015,,0.4239,A,73,0,◎-○軸 3着3〜4艇流し（10〜15点）,0.5777,"{'is_target': True, 'verdict': '参加推奨', 'max_combo_prob': 0.0654, 'est_top_odds': 20.4, 'circle_concentration': 76.1, 'eligible_count': 8, 'bet_adj': 2, 'reason': 'rel_win1=52.3%（本命度） / 最有力組み合わせ確率: 0.065（推定実オッズ?20倍） / 2着集中度: 上位2艇 76.1%（補正+0.04） / 総合判定確率: 0.105 / → ヒモ分散。1号艇1着固定で広めのヒモ流し推奨（買い目+2点）', 'tenji_trigger': '展示確認: ヒモ分散レース。1号艇伸び確認後、広めのヒモ流しを採用。穴ヒモ（5・6号艇）を積極的に含める。'}",,,29.8,逃げ狙い,13.14,37.4,2,,,,,,,,,,,
2025-04-21,丸亀,2,4,正木聖賢,B1,31.43,4,△,12.0623,17,81,51.5,0.1515,2.9242,,,0,低,64,0,ま0%,515 25,0,71.1,1.2096,0,0,0.0455,0,0,0.21,0.135,0.095,,,C,,,0.314,0.585,,0.4239,A,73,0,◎-○軸 3着3〜4艇流し（10〜15点）,0.5777,"{'is_target': True, 'verdict': '参加推奨', 'max_combo_prob': 0.0654, 'est_top_odds': 20.4, 'circle_concentration': 76.1, 'eligible_count': 8, 'bet_adj': 2, 'reason': 'rel_win1=52.3%（本命度） / 最有力組み合わせ確率: 0.065（推定実オッズ?20倍） / 2着集中度: 上位2艇 76.1%（補正+0.04） / 総合判定確率: 0.105 / → ヒモ分散。1号艇1着固定で広めのヒモ流し推奨（買い目+2点）', 'tenji_trigger': '展示確認: ヒモ分散レース。1号艇伸び確認後、広めのヒモ流しを採用。穴ヒモ（5・6号艇）を積極的に含める。'}",,,29.8,逃げ狙い,13.14,37.4,2,,,,,,,,,,,
2025-04-21,丸亀,2,5,岩崎芳美,A2,42.34,5,○,8.1277,6.4,85,29.4,0.1453,3.6765,,,0,低,23,0,差ま0%,1 5F33,0,35.1,1.0186,0,0,0,0.0833,0,0.0833,0.25,0.25,,,A,○,,0.3363,0.6485,,0.4239,A,73,0,◎-○軸 3着3〜4艇流し（10〜15点）,0.5777,"{'is_target': True, 'verdict': '参加推奨', 'max_combo_prob': 0.0654, 'est_top_odds': 20.4, 'circle_concentration': 76.1, 'eligible_count': 8, 'bet_adj': 2, 'reason': 'rel_win1=52.3%（本命度） / 最有力組み合わせ確率: 0.065（推定実オッズ?20倍） / 2着集中度: 上位2艇 76.1%（補正+0.04） / 総合判定確率: 0.105 / → ヒモ分散。1号艇1着固定で広めのヒモ流し推奨（買い目+2点）', 'tenji_trigger': '展示確認: ヒモ分散レース。1号艇伸び確認後、広めのヒモ流しを採用。穴ヒモ（5・6号艇）を積極的に含める。'}",,,29.8,逃げ狙い,13.14,37.4,2,,,,,,,,,,,
2025-04-21,丸亀,2,6,原村拓也,B1,30.28,6,,1.2505,0.5,76,14.3,0.219,4.9082,,,0,低,159,0,-,,0,28.2,0.7394,,,,,,0.3114,0.1257,0.02,,,D,,,0.1374,0.5855,,0.4239,A,73,0,◎-○軸 3着3〜4艇流し（10〜15点）,0.5777,"{'is_target': True, 'verdict': '参加推奨', 'max_combo_prob': 0.0654, 'est_top_odds': 20.4, 'circle_concentration': 76.1, 'eligible_count': 8, 'bet_adj': 2, 'reason': 'rel_win1=52.3%（本命度） / 最有力組み合わせ確率: 0.065（推定実オッズ?20倍） / 2着集中度: 上位2艇 76.1%（補正+0.04） / 総合判定確率: 0.105 / → ヒモ分散。1号艇1着固定で広めのヒモ流し推奨（買い目+2点）', 'tenji_trigger': '展示確認: ヒモ分散レース。1号艇伸び確認後、広めのヒモ流しを採用。穴ヒモ（5・6号艇）を積極的に含める。'}",,,29.8,逃げ狙い,13.14,37.4,2,,,,,,,,,,,
2025-04-21,丸亀,3,1,渡邊裕貴,B1,30.60,1,◎,54.0626,,0,72.5,0.1507,2.925,,,0,低,99,0,逃1%,1 6234,0,79.4,0.9574,0.6111,,,,,0,0.2311,0.1644,◎,,C,○,,,0.6215,,0.4632,A,68,0,◎-○軸 3着3〜4艇流し（10〜15点）,0.5777,"{'is_target': True, 'verdict': '参加推奨', 'max_combo_prob': 0.0715, 'est_top_odds': 18.7, 'circle_concentration': 71.8, 'eligible_count': 8, 'bet_adj': 2, 'reason': 'rel_win1=54.1%（本命度） / 最有力組み合わせ確率: 0.071（推定実オッズ?19倍） / 2着集中度: 上位2艇 71.8%（補正+0.04） / 総合判定確率: 0.111 / → ヒモ分散。1号艇1着固定で広めのヒモ流し推奨（買い目+2点）', 'tenji_trigger': '展示確認: ヒモ分散レース。1号艇伸び確認後、広めのヒモ流しを採用。穴ヒモ（5・6号艇）を積極的に含める。'}",,,28.1,逃げ狙い,16.46,29.8,2,,,,,0,0,0.7559,0,,逃げ軸流し,A
2025-04-21,丸亀,3,2,喜多須杏,B1,30.00,2,△,17.3355,32.3,55,53.3,0.1737,3.6333,,,0,低,60,0,-,5 3335,0,70.4,0.9426,,,,,,0,0.1429,0.1429,,,C,△,,0.0975,0.62,,0.4632,A,68,0,◎-○軸 3着3〜4艇流し（10〜15点）,0.5777,"{'is_target': True, 'verdict': '参加推奨', 'max_combo_prob': 0.0715, 'est_top_odds': 18.7, 'circle_concentration': 71.8, 'eligible_count': 8, 'bet_adj': 2, 'reason': 'rel_win1=54.1%（本命度） / 最有力組み合わせ確率: 0.071（推定実オッズ?19倍） / 2着集中度: 上位2艇 71.8%（補正+0.04） / 総合判定確率: 0.111 / → ヒモ分散。1号艇1着固定で広めのヒモ流し推奨（買い目+2点）', 'tenji_trigger': '展示確認: ヒモ分散レース。1号艇伸び確認後、広めのヒモ流しを採用。穴ヒモ（5・6号艇）を積極的に含める。'}",,,28.1,逃げ狙い,16.46,29.8,2,,,,,,,,,,,
2025-04-21,丸亀,3,3,森　悠稀,A2,23.62,3,,13.8356,39.5,100,66.7,0.1297,2.5985,,,0,低,62,0,差ま0%,33345,0,44.3,1.0142,0,0,0.0333,0.0333,0,0.0552,0.0276,0.0552,,◎,E,◎,,0.387,0.6755,,0.4632,A,68,0,◎-○軸 3着3〜4艇流し（10〜15点）,0.5777,"{'is_target': True, 'verdict': '参加推奨', 'max_combo_prob': 0.0715, 'est_top_odds': 18.7, 'circle_concentration': 71.8, 'eligible_count': 8, 'bet_adj': 2, 'reason': 'rel_win1=54.1%（本命度） / 最有力組み合わせ確率: 0.071（推定実オッズ?19倍） / 2着集中度: 上位2艇 71.8%（補正+0.04） / 総合判定確率: 0.111 / → ヒモ分散。1号艇1着固定で広めのヒモ流し推奨（買い目+2点）', 'tenji_trigger': '展示確認: ヒモ分散レース。1号艇伸び確認後、広めのヒモ流しを採用。穴ヒモ（5・6号艇）を積極的に含める。'}",,,28.1,逃げ狙い,16.46,29.8,2,,,,,,,,,,,
2025-04-21,丸亀,3,4,吉武真也,B1,35.62,4,○,6.8472,12.8,85,29.8,0.1716,3.7895,,,0,低,106,0,ま0%,5 1223,0,24.7,0.6985,0,0,0.04,0,0,0.2676,0.0235,0.2441,,,B,,,0.205,0.595,,0.4632,A,68,0,◎-○軸 3着3〜4艇流し（10〜15点）,0.5777,"{'is_target': True, 'verdict': '参加推奨', 'max_combo_prob': 0.0715, 'est_top_odds': 18.7, 'circle_concentration': 71.8, 'eligible_count': 8, 'bet_adj': 2, 'reason': 'rel_win1=54.1%（本命度） / 最有力組み合わせ確率: 0.071（推定実オッズ?19倍） / 2着集中度: 上位2艇 71.8%（補正+0.04） / 総合判定確率: 0.111 / → ヒモ分散。1号艇1着固定で広めのヒモ流し推奨（買い目+2点）', 'tenji_trigger': '展示確認: ヒモ分散レース。1号艇伸び確認後、広めのヒモ流しを採用。穴ヒモ（5・6号艇）を積極的に含める。'}",,,28.1,逃げ狙い,16.46,29.8,2,,,,,,,,,,,
2025-04-21,丸亀,3,5,谷本幸司,B1,25.56,5,,5.2902,10.8,89,47.4,0.1761,3.5395,,,0,低,87,0,-,343 46,0,81.4,1.2907,,,,,,0.1048,0.0381,0.0381,,,D,,,0.2326,0.591,,0.4632,A,68,0,◎-○軸 3着3〜4艇流し（10〜15点）,0.5777,"{'is_target': True, 'verdict': '参加推奨', 'max_combo_prob': 0.0715, 'est_top_odds': 18.7, 'circle_concentration': 71.8, 'eligible_count': 8, 'bet_adj': 2, 'reason': 'rel_win1=54.1%（本命度） / 最有力組み合わせ確率: 0.071（推定実オッズ?19倍） / 2着集中度: 上位2艇 71.8%（補正+0.04） / 総合判定確率: 0.111 / → ヒモ分散。1号艇1着固定で広めのヒモ流し推奨（買い目+2点）', 'tenji_trigger': '展示確認: ヒモ分散レース。1号艇伸び確認後、広めのヒモ流しを採用。穴ヒモ（5・6号艇）を積極的に含める。'}",,,28.1,逃げ狙い,16.46,29.8,2,,,,,,,,,,,
2025-04-21,丸亀,3,6,西丸敦基,B1,34.53,6,▲,2.6289,4.6,37,23.5,0.1719,3.537,,,0,低,113,0,-,2 6566,0,39.4,1.2575,,,,,,0.0333,0.0667,0.3,,,B,△,,0.2425,0.6165,,0.4632,A,68,0,◎-○軸 3着3〜4艇流し（10〜15点）,0.5777,"{'is_target': True, 'verdict': '参加推奨', 'max_combo_prob': 0.0715, 'est_top_odds': 18.7, 'circle_concentration': 71.8, 'eligible_count': 8, 'bet_adj': 2, 'reason': 'rel_win1=54.1%（本命度） / 最有力組み合わせ確率: 0.071（推定実オッズ?19倍） / 2着集中度: 上位2艇 71.8%（補正+0.04） / 総合判定確率: 0.111 / → ヒモ分散。1号艇1着固定で広めのヒモ流し推奨（買い目+2点）', 'tenji_trigger': '展示確認: ヒモ分散レース。1号艇伸び確認後、広めのヒモ流しを採用。穴ヒモ（5・6号艇）を積極的に含める。'}",,,28.1,逃げ狙い,16.46,29.8,2,,,,,,,,,,,
2025-04-21,丸亀,4,1,山崎善庸,B1,29.55,1,◎,44.4994,,0,69.4,0.2024,4.2347,,,0,低,243,0,逃0%,156 26,0,35.4,0.7524,0.3182,,,,,0.0727,0.3491,0.3309,,,C,,,,0.5725,,0.1659,B,47,0,◎○△フォーメーション（15〜20点）,0.5777,"{'is_target': False, 'verdict': '対象外', 'max_combo_prob': None, 'est_top_odds': None, 'circle_concentration': None, 'eligible_count': 0, 'bet_adj': 0, 'reason': '1号艇rel_win1 < 45%: 通常判定に委ねる', 'tenji_trigger': ''}",,,36.2,両建て推奨,15.73,39.3,4,2-1-3|2-1-4|2-1-5|2-3-1|2-6-1|2-3-4|2-6-3|1-2-4|1-3-4|1-2-6|1-3-6,2-1-3|2-1-4|2-1-5|2-3-1|2-6-1|2-3-4|2-6-3|1-2-4|1-3-4|6-1-4|1-2-6|1-3-6,2-1-3:2.61%|2-1-4:2.23%|2-1-5:1.04%|2-3-1:0.81%|2-6-1:0.4%|2-3-4:0.36%|2-6-3:0.21%|1-2-4:5.16%|1-3-4:5.15%|1-2-6:4.07%|1-3-6:4.06%,2-1-3:B_main|2-1-4:B_main|2-1-5:B_main|2-3-1:B_main|2-6-1:B_main|2-3-4:B_main|2-6-3:B_main|1-2-4:A|1-3-4:A|1-2-6:A|1-3-6:A,11,12,0.2915,1,[!]見送り推奨（主役決まり手「差し」― 逃げ劣勢レースで的中実績なし）,主役軸流し,B
2025-04-21,丸亀,4,2,仁科さや,B2,32.33,2,▲,15.9003,27.4,72,45.5,0.1355,3.3182,,,0,低,24,1,差0%,4 6544,0,26.9,0.8174,0,0.0909,0,0,0,0.1667,0.3333,0,,◎,C,,,0.5809,0.6165,,0.1659,B,47,0,◎○△フォーメーション（15〜20点）,0.5777,"{'is_target': False, 'verdict': '対象外', 'max_combo_prob': None, 'est_top_odds': None, 'circle_concentration': None, 'eligible_count': 0, 'bet_adj': 0, 'reason': '1号艇rel_win1 < 45%: 通常判定に委ねる', 'tenji_trigger': ''}",,,36.2,両建て推奨,15.73,39.3,4,,,,,,,,,,,
2025-04-21,丸亀,4,3,中嶋誠一,B1,34.27,3,△,13.6216,37.6,49,59.3,0.1737,3.6852,,,0,低,130,0,ま0% 差ま0% 抜0%,232514,0,50.2,1.1758,0,0,0.0417,0.0833,0.0417,0.4673,0.1519,0.0904,,,B,△,,0.4748,0.6265,,0.1659,B,47,0,◎○△フォーメーション（15〜20点）,0.5777,"{'is_target': False, 'verdict': '対象外', 'max_combo_prob': None, 'est_top_odds': None, 'circle_concentration': None, 'eligible_count': 0, 'bet_adj': 0, 'reason': '1号艇rel_win1 < 45%: 通常判定に委ねる', 'tenji_trigger': ''}",,,36.2,両建て推奨,15.73,39.3,4,,,,,,,,,,,
2025-04-21,丸亀,4,4,三宅　潤,A2,23.28,4,,15.9774,16.5,100,60,0.1633,3.4071,,,0,低,174,0,差ま0%,2 2666,0,65.6,0.8489,0,0.0625,0.0938,0.0312,0.0312,0.0222,0.0444,0.2111,,○,E,○,◎,0.5053,0.6355,0.3302,0.1659,B,47,0,◎○△フォーメーション（15〜20点）,0.5777,"{'is_target': False, 'verdict': '対象外', 'max_combo_prob': None, 'est_top_odds': None, 'circle_concentration': None, 'eligible_count': 0, 'bet_adj': 0, 'reason': '1号艇rel_win1 < 45%: 通常判定に委ねる', 'tenji_trigger': ''}",,,36.2,両建て推奨,15.73,39.3,4,,,,,,,,,,,
2025-04-21,丸亀,4,5,黒柳浩孝,A1,38.81,5,○,6.8498,12.6,72,40.4,0.1589,3.4298,,,0,低,124,0,-,33435,0,33.7,1.1652,,,,,,0.0421,0.2342,0.1171,,△,B,◎,,0.5021,0.637,,0.1659,B,47,0,◎○△フォーメーション（15〜20点）,0.5777,"{'is_target': False, 'verdict': '対象外', 'max_combo_prob': None, 'est_top_odds': None, 'circle_concentration': None, 'eligible_count': 0, 'bet_adj': 0, 'reason': '1号艇rel_win1 < 45%: 通常判定に委ねる', 'tenji_trigger': ''}",,,36.2,両建て推奨,15.73,39.3,4,,,,,,,,,,,
2025-04-21,丸亀,4,6,中越博紀,A2,26.32,6,,3.1517,5.9,61,28.4,0.1757,3.9701,,,0,低,130,0,-,223612,0,83.1,1.4561,0,0,0.037,0,0,0.0296,0.3593,0.0593,,,D,△,,0.4192,0.6195,,0.1659,B,47,0,◎○△フォーメーション（15〜20点）,0.5777,"{'is_target': False, 'verdict': '対象外', 'max_combo_prob': None, 'est_top_odds': None, 'circle_concentration': None, 'eligible_count': 0, 'bet_adj': 0, 'reason': '1号艇rel_win1 < 45%: 通常判定に委ねる', 'tenji_trigger': ''}",,,36.2,両建て推奨,15.73,39.3,4,,,,,,,,,,,
2025-04-21,丸亀,5,1,小野寺智,A2,38.69,1,◎,48.4729,,0,87.7,0.1182,2.5411,,,0,低,79,0,逃1%,153 22,0,83.5,1.2338,0.4348,,,,,0.1217,0.0174,0.3096,◎,,C,○,,,0.6185,,0.608,S,84,0,◎1着固定 2-3着流し（5〜8点）,0.5777,"{'is_target': True, 'verdict': '参加推奨', 'max_combo_prob': 0.0722, 'est_top_odds': 18.5, 'circle_concentration': 61.3, 'eligible_count': 6, 'bet_adj': 2, 'reason': 'rel_win1=48.5%（本命度） / 最有力組み合わせ確率: 0.072（推定実オッズ?18倍） / 2着集中度: 上位2艇 61.3%（補正+0.00） / 総合判定確率: 0.072 / → ヒモ分散。1号艇1着固定で広めのヒモ流し推奨（買い目+2点）', 'tenji_trigger': '展示確認: ヒモ分散レース。1号艇伸び確認後、広めのヒモ流しを採用。穴ヒモ（5・6号艇）を積極的に含める。\n展示で1号艇スタート超安定(0.118秒)→ヒモ固まり方向に注意'}",,,28.2,逃げ狙い,18.08,28.7,4,,,,,0,0,0.7559,0,,逃げ軸流し,A
2025-04-21,丸亀,5,2,中村栄治,B1,41.91,2,△,9.215,39.3,52,51.1,0.2007,3.9556,,,0,低,142,0,-,6 542,0,61.4,0.8455,,,,,,0.12,0.04,0.04,,,B,,,0.0958,0.588,,0.608,S,84,0,◎1着固定 2-3着流し（5〜8点）,0.5777,"{'is_target': True, 'verdict': '参加推奨', 'max_combo_prob': 0.0722, 'est_top_odds': 18.5, 'circle_concentration': 61.3, 'eligible_count': 6, 'bet_adj': 2, 'reason': 'rel_win1=48.5%（本命度） / 最有力組み合わせ確率: 0.072（推定実オッズ?18倍） / 2着集中度: 上位2艇 61.3%（補正+0.00） / 総合判定確率: 0.072 / → ヒモ分散。1号艇1着固定で広めのヒモ流し推奨（買い目+2点）', 'tenji_trigger': '展示確認: ヒモ分散レース。1号艇伸び確認後、広めのヒモ流しを採用。穴ヒモ（5・6号艇）を積極的に含める。\n展示で1号艇スタート超安定(0.118秒)→ヒモ固まり方向に注意'}",,,28.2,逃げ狙い,18.08,28.7,4,,,,,,,,,,,
2025-04-21,丸亀,5,3,佐竹太一,B1,49.24,3,○,12.8568,22,65,43.5,0.1949,3.8768,,,0,低,176,0,-,154 44,0,100,3.0175,0,0,0.0625,0,0,0.2727,0.0364,0.1727,,,A,△,,0.1207,0.589,,0.608,S,84,0,◎1着固定 2-3着流し（5〜8点）,0.5777,"{'is_target': True, 'verdict': '参加推奨', 'max_combo_prob': 0.0722, 'est_top_odds': 18.5, 'circle_concentration': 61.3, 'eligible_count': 6, 'bet_adj': 2, 'reason': 'rel_win1=48.5%（本命度） / 最有力組み合わせ確率: 0.072（推定実オッズ?18倍） / 2着集中度: 上位2艇 61.3%（補正+0.00） / 総合判定確率: 0.072 / → ヒモ分散。1号艇1着固定で広めのヒモ流し推奨（買い目+2点）', 'tenji_trigger': '展示確認: ヒモ分散レース。1号艇伸び確認後、広めのヒモ流しを採用。穴ヒモ（5・6号艇）を積極的に含める。\n展示で1号艇スタート超安定(0.118秒)→ヒモ固まり方向に注意'}",,,28.2,逃げ狙い,18.08,28.7,4,,,,,,,,,,,
2025-04-21,丸亀,5,4,松下哲也,B1,38.57,4,▲,17.8451,15.2,63,45.8,0.1831,3.5847,,,0,低,136,0,-,5 565,0,100,2.6334,0,0,0.1379,0,0.0345,0.0762,0.0952,0.2762,,,C,△,○,0.1446,0.5965,0.2319,0.608,S,84,0,◎1着固定 2-3着流し（5〜8点）,0.5777,"{'is_target': True, 'verdict': '参加推奨', 'max_combo_prob': 0.0722, 'est_top_odds': 18.5, 'circle_concentration': 61.3, 'eligible_count': 6, 'bet_adj': 2, 'reason': 'rel_win1=48.5%（本命度） / 最有力組み合わせ確率: 0.072（推定実オッズ?18倍） / 2着集中度: 上位2艇 61.3%（補正+0.00） / 総合判定確率: 0.072 / → ヒモ分散。1号艇1着固定で広めのヒモ流し推奨（買い目+2点）', 'tenji_trigger': '展示確認: ヒモ分散レース。1号艇伸び確認後、広めのヒモ流しを採用。穴ヒモ（5・6号艇）を積極的に含める。\n展示で1号艇スタート超安定(0.118秒)→ヒモ固まり方向に注意'}",,,28.2,逃げ狙い,18.08,28.7,4,,,,,,,,,,,
2025-04-21,丸亀,5,5,小山　勉,A1,32.82,5,,8.5165,19.5,100,59.7,0.1523,3.2456,,,0,低,113,0,-,16213,0,33.2,1.299,0,0,0,0.1,0,0.1302,0.0138,0.0888,,,E,◎,◎,0.1886,0.654,0.4636,0.608,S,84,0,◎1着固定 2-3着流し（5〜8点）,0.5777,"{'is_target': True, 'verdict': '参加推奨', 'max_combo_prob': 0.0722, 'est_top_odds': 18.5, 'circle_concentration': 61.3, 'eligible_count': 6, 'bet_adj': 2, 'reason': 'rel_win1=48.5%（本命度） / 最有力組み合わせ確率: 0.072（推定実オッズ?18倍） / 2着集中度: 上位2艇 61.3%（補正+0.00） / 総合判定確率: 0.072 / → ヒモ分散。1号艇1着固定で広めのヒモ流し推奨（買い目+2点）', 'tenji_trigger': '展示確認: ヒモ分散レース。1号艇伸び確認後、広めのヒモ流しを採用。穴ヒモ（5・6号艇）を積極的に含める。\n展示で1号艇スタート超安定(0.118秒)→ヒモ固まり方向に注意'}",,,28.2,逃げ狙い,18.08,28.7,4,,,,,,,,,,,
2025-04-21,丸亀,5,6,海野ゆか,A1,33.09,6,,3.0938,4,36,19.2,0.2081,4.6154,,,0,低,58,0,差ま0%,4 1266,0,33.2,0.8969,0,0,0,0.1,0,0,0.0667,0.1333,,,D,△,,0.1255,0.5965,,0.608,S,84,0,◎1着固定 2-3着流し（5〜8点）,0.5777,"{'is_target': True, 'verdict': '参加推奨', 'max_combo_prob': 0.0722, 'est_top_odds': 18.5, 'circle_concentration': 61.3, 'eligible_count': 6, 'bet_adj': 2, 'reason': 'rel_win1=48.5%（本命度） / 最有力組み合わせ確率: 0.072（推定実オッズ?18倍） / 2着集中度: 上位2艇 61.3%（補正+0.00） / 総合判定確率: 0.072 / → ヒモ分散。1号艇1着固定で広めのヒモ流し推奨（買い目+2点）', 'tenji_trigger': '展示確認: ヒモ分散レース。1号艇伸び確認後、広めのヒモ流しを採用。穴ヒモ（5・6号艇）を積極的に含める。\n展示で1号艇スタート超安定(0.118秒)→ヒモ固まり方向に注意'}",,,28.2,逃げ狙い,18.08,28.7,4,,,,,,,,,,,
2025-04-21,丸亀,6,1,松村康太,A2,41.67,1,◎,52.9826,,0,89.8,0.158,3.3125,,,0,低,166,0,逃0%,2 3134,0,69.3,1.0782,0.3333,,,,,0.22,0.1756,0.2689,○,,B,△,,,0.6195,,0.3642,A,77,0,◎-○軸 3着3〜4艇流し（10〜15点）,0.5777,"{'is_target': True, 'verdict': '参加推奨', 'max_combo_prob': 0.0727, 'est_top_odds': 18.3, 'circle_concentration': 65.7, 'eligible_count': 8, 'bet_adj': 2, 'reason': 'rel_win1=53.0%（本命度） / 最有力組み合わせ確率: 0.073（推定実オッズ?18倍） / 2着集中度: 上位2艇 65.7%（補正+0.00） / 総合判定確率: 0.073 / → ヒモ分散。1号艇1着固定で広めのヒモ流し推奨（買い目+2点）', 'tenji_trigger': '展示確認: ヒモ分散レース。1号艇伸び確認後、広めのヒモ流しを採用。穴ヒモ（5・6号艇）を積極的に含める。'}",,,30.3,逃げ狙い,15.85,36.5,3,,,,,0,0,0.6155,0,,逃げ軸流し,A
2025-04-21,丸亀,6,2,原村拓也,B1,30.28,2,,7.1642,24.4,81,45.7,0.178,4.0071,,,0,低,159,0,-,,0,54.4,1.2703,0,0.0345,0,0,0,0.3114,0.1257,0.02,,,D,,,0.139,0.5855,,0.3642,A,77,0,◎-○軸 3着3〜4艇流し（10〜15点）,0.5777,"{'is_target': True, 'verdict': '参加推奨', 'max_combo_prob': 0.0727, 'est_top_odds': 18.3, 'circle_concentration': 65.7, 'eligible_count': 8, 'bet_adj': 2, 'reason': 'rel_win1=53.0%（本命度） / 最有力組み合わせ確率: 0.073（推定実オッズ?18倍） / 2着集中度: 上位2艇 65.7%（補正+0.00） / 総合判定確率: 0.073 / → ヒモ分散。1号艇1着固定で広めのヒモ流し推奨（買い目+2点）', 'tenji_trigger': '展示確認: ヒモ分散レース。1号艇伸び確認後、広めのヒモ流しを採用。穴ヒモ（5・6号艇）を積極的に含める。'}",,,30.3,逃げ狙い,15.85,36.5,3,,,,,,,,,,,
2025-04-21,丸亀,6,3,柳沢　一,A1,36.69,3,○,20.6006,41.3,84,75,0.1227,2.3571,,,0,低,43,0,差0% ま0% 差ま0%,412411,0,70.7,1.6148,0,0.04,0.04,0.12,0,0.0432,0.1074,0.1074,,◎,C,◎,,0.5104,0.698,,0.3642,A,77,0,◎-○軸 3着3〜4艇流し（10〜15点）,0.5777,"{'is_target': True, 'verdict': '参加推奨', 'max_combo_prob': 0.0727, 'est_top_odds': 18.3, 'circle_concentration': 65.7, 'eligible_count': 8, 'bet_adj': 2, 'reason': 'rel_win1=53.0%（本命度） / 最有力組み合わせ確率: 0.073（推定実オッズ?18倍） / 2着集中度: 上位2艇 65.7%（補正+0.00） / 総合判定確率: 0.073 / → ヒモ分散。1号艇1着固定で広めのヒモ流し推奨（買い目+2点）', 'tenji_trigger': '展示確認: ヒモ分散レース。1号艇伸び確認後、広めのヒモ流しを採用。穴ヒモ（5・6号艇）を積極的に含める。'}",,,30.3,逃げ狙い,15.85,36.5,3,,,,,,,,,,,
2025-04-21,丸亀,6,4,武重雄介,A2,40.77,4,▲,8.5087,13.9,100,50,0.1566,3.2069,,,0,低,119,0,-,3 4542,0,44.3,1.0132,0,0,0.04,0,0,0.1657,0,0.0343,,,B,○,◎,0.3155,0.6375,0.371,0.3642,A,77,0,◎-○軸 3着3〜4艇流し（10〜15点）,0.5777,"{'is_target': True, 'verdict': '参加推奨', 'max_combo_prob': 0.0727, 'est_top_odds': 18.3, 'circle_concentration': 65.7, 'eligible_count': 8, 'bet_adj': 2, 'reason': 'rel_win1=53.0%（本命度） / 最有力組み合わせ確率: 0.073（推定実オッズ?18倍） / 2着集中度: 上位2艇 65.7%（補正+0.00） / 総合判定確率: 0.073 / → ヒモ分散。1号艇1着固定で広めのヒモ流し推奨（買い目+2点）', 'tenji_trigger': '展示確認: ヒモ分散レース。1号艇伸び確認後、広めのヒモ流しを採用。穴ヒモ（5・6号艇）を積極的に含める。'}",,,30.3,逃げ狙い,15.85,36.5,3,,,,,,,,,,,
2025-04-21,丸亀,6,5,原　豊土,B1,34.06,5,△,8.5856,18.8,94,54.5,0.1708,3.75,,,0,低,122,0,-,461 66,0,100,2.3536,0,0,0,0.0741,0.037,0.1711,0,0.0632,,,D,△,○,0.2775,0.6015,0.3462,0.3642,A,77,0,◎-○軸 3着3〜4艇流し（10〜15点）,0.5777,"{'is_target': True, 'verdict': '参加推奨', 'max_combo_prob': 0.0727, 'est_top_odds': 18.3, 'circle_concentration': 65.7, 'eligible_count': 8, 'bet_adj': 2, 'reason': 'rel_win1=53.0%（本命度） / 最有力組み合わせ確率: 0.073（推定実オッズ?18倍） / 2着集中度: 上位2艇 65.7%（補正+0.00） / 総合判定確率: 0.073 / → ヒモ分散。1号艇1着固定で広めのヒモ流し推奨（買い目+2点）', 'tenji_trigger': '展示確認: ヒモ分散レース。1号艇伸び確認後、広めのヒモ流しを採用。穴ヒモ（5・6号艇）を積極的に含める。'}",,,30.3,逃げ狙い,15.85,36.5,3,,,,,,,,,,,
2025-04-21,丸亀,6,6,豊田泰洋,B1,33.12,6,,2.1583,1.6,26,6.9,0.215,4.7845,,,0,低,169,0,-,,0,30.2,0.8222,,,,,,0.4348,0.087,0.0696,,,D,,,0.164,0.576,,0.3642,A,77,0,◎-○軸 3着3〜4艇流し（10〜15点）,0.5777,"{'is_target': True, 'verdict': '参加推奨', 'max_combo_prob': 0.0727, 'est_top_odds': 18.3, 'circle_concentration': 65.7, 'eligible_count': 8, 'bet_adj': 2, 'reason': 'rel_win1=53.0%（本命度） / 最有力組み合わせ確率: 0.073（推定実オッズ?18倍） / 2着集中度: 上位2艇 65.7%（補正+0.00） / 総合判定確率: 0.073 / → ヒモ分散。1号艇1着固定で広めのヒモ流し推奨（買い目+2点）', 'tenji_trigger': '展示確認: ヒモ分散レース。1号艇伸び確認後、広めのヒモ流しを採用。穴ヒモ（5・6号艇）を積極的に含める。'}",,,30.3,逃げ狙い,15.85,36.5,3,,,,,,,,,,,
2025-04-21,丸亀,7,1,山田理央,A2,30.15,1,◎,47.8959,,0,88.6,0.134,2.4857,,,0,低,62,0,逃0%,33144,0,89.3,1.1641,0.6667,,,,,0.0444,0.1444,0.0222,◎,,D,,,,0.6,,0.5721,A,77,0,◎-○軸 3着3〜4艇流し（10〜15点）,0.5777,"{'is_target': True, 'verdict': '参加推奨', 'max_combo_prob': 0.0653, 'est_top_odds': 20.4, 'circle_concentration': 65.5, 'eligible_count': 8, 'bet_adj': 2, 'reason': 'rel_win1=47.9%（本命度） / 最有力組み合わせ確率: 0.065（推定実オッズ?20倍） / 2着集中度: 上位2艇 65.5%（補正+0.00） / 総合判定確率: 0.065 / → ヒモ分散。1号艇1着固定で広めのヒモ流し推奨（買い目+2点）', 'tenji_trigger': '展示確認: ヒモ分散レース。1号艇伸び確認後、広めのヒモ流しを採用。穴ヒモ（5・6号艇）を積極的に含める。\n展示で1号艇スタート超安定(0.134秒)→ヒモ固まり方向に注意'}",,,31.3,逃げ狙い,31.31,26.2,2,,,,,0,0,0.7559,0,,逃げ軸流し,A
2025-04-21,丸亀,7,2,渡邉優美,A1,32.12,2,○,27.613,39,77,79.2,0.1512,3.3542,,,0,低,44,0,差0% 抜0%,23411,0,76.1,1.4221,0,0.5,0,0,0.0833,0.2078,0.1584,0.0182,,,C,◎,,0.2492,0.6535,,0.5721,A,77,0,◎-○軸 3着3〜4艇流し（10〜15点）,0.5777,"{'is_target': True, 'verdict': '参加推奨', 'max_combo_prob': 0.0653, 'est_top_odds': 20.4, 'circle_concentration': 65.5, 'eligible_count': 8, 'bet_adj': 2, 'reason': 'rel_win1=47.9%（本命度） / 最有力組み合わせ確率: 0.065（推定実オッズ?20倍） / 2着集中度: 上位2艇 65.5%（補正+0.00） / 総合判定確率: 0.065 / → ヒモ分散。1号艇1着固定で広めのヒモ流し推奨（買い目+2点）', 'tenji_trigger': '展示確認: ヒモ分散レース。1号艇伸び確認後、広めのヒモ流しを採用。穴ヒモ（5・6号艇）を積極的に含める。\n展示で1号艇スタート超安定(0.134秒)→ヒモ固まり方向に注意'}",,,31.3,逃げ狙い,31.31,26.2,2,,,,,,,,,,,
2025-04-21,丸亀,7,3,喜多須杏,B1,30.00,3,,6.5253,26.5,100,52.9,0.1565,3.1912,,,0,低,60,0,-,5 3335,0,48.1,1.1717,,,,,,0,0.1429,0.1429,,,D,△,,0.1819,0.62,,0.5721,A,77,0,◎-○軸 3着3〜4艇流し（10〜15点）,0.5777,"{'is_target': True, 'verdict': '参加推奨', 'max_combo_prob': 0.0653, 'est_top_odds': 20.4, 'circle_concentration': 65.5, 'eligible_count': 8, 'bet_adj': 2, 'reason': 'rel_win1=47.9%（本命度） / 最有力組み合わせ確率: 0.065（推定実オッズ?20倍） / 2着集中度: 上位2艇 65.5%（補正+0.00） / 総合判定確率: 0.065 / → ヒモ分散。1号艇1着固定で広めのヒモ流し推奨（買い目+2点）', 'tenji_trigger': '展示確認: ヒモ分散レース。1号艇伸び確認後、広めのヒモ流しを採用。穴ヒモ（5・6号艇）を積極的に含める。\n展示で1号艇スタート超安定(0.134秒)→ヒモ固まり方向に注意'}",,,31.3,逃げ狙い,31.31,26.2,2,,,,,,,,,,,
2025-04-21,丸亀,7,4,汐崎正則,B1,28.15,4,,5.6546,8.6,90,42.2,0.1776,3.7667,,,0,低,79,0,-,6 632,0,29,0.826,,,,,,0.05,0.17,0.075,,,E,△,,0.1404,0.618,,0.5721,A,77,0,◎-○軸 3着3〜4艇流し（10〜15点）,0.5777,"{'is_target': True, 'verdict': '参加推奨', 'max_combo_prob': 0.0653, 'est_top_odds': 20.4, 'circle_concentration': 65.5, 'eligible_count': 8, 'bet_adj': 2, 'reason': 'rel_win1=47.9%（本命度） / 最有力組み合わせ確率: 0.065（推定実オッズ?20倍） / 2着集中度: 上位2艇 65.5%（補正+0.00） / 総合判定確率: 0.065 / → ヒモ分散。1号艇1着固定で広めのヒモ流し推奨（買い目+2点）', 'tenji_trigger': '展示確認: ヒモ分散レース。1号艇伸び確認後、広めのヒモ流しを採用。穴ヒモ（5・6号艇）を積極的に含める。\n展示で1号艇スタート超安定(0.134秒)→ヒモ固まり方向に注意'}",,,31.3,逃げ狙い,31.31,26.2,2,,,,,,,,,,,
2025-04-21,丸亀,7,5,重富伸也,B1,43.88,5,▲,7.9572,15.6,57,39.2,0.1682,3.5784,,,0,低,124,0,ま0%,664 32,0,27,0.7567,0,0,0.1667,0.0417,0,0.0615,0,0.3231,,,A,,◎,0.2133,0.6085,0.2491,0.5721,A,77,0,◎-○軸 3着3〜4艇流し（10〜15点）,0.5777,"{'is_target': True, 'verdict': '参加推奨', 'max_combo_prob': 0.0653, 'est_top_odds': 20.4, 'circle_concentration': 65.5, 'eligible_count': 8, 'bet_adj': 2, 'reason': 'rel_win1=47.9%（本命度） / 最有力組み合わせ確率: 0.065（推定実オッズ?20倍） / 2着集中度: 上位2艇 65.5%（補正+0.00） / 総合判定確率: 0.065 / → ヒモ分散。1号艇1着固定で広めのヒモ流し推奨（買い目+2点）', 'tenji_trigger': '展示確認: ヒモ分散レース。1号艇伸び確認後、広めのヒモ流しを採用。穴ヒモ（5・6号艇）を積極的に含める。\n展示で1号艇スタート超安定(0.134秒)→ヒモ固まり方向に注意'}",,,31.3,逃げ狙い,31.31,26.2,2,,,,,,,,,,,
2025-04-21,丸亀,7,6,岩崎芳美,A2,42.34,6,△,4.354,10.3,39,60,0.1587,3.6333,,,0,低,23,0,-,1 5F33,0,28.9,0.8325,,,,,,0.0833,0.25,0.25,,,B,○,,0.2299,0.6485,,0.5721,A,77,0,◎-○軸 3着3〜4艇流し（10〜15点）,0.5777,"{'is_target': True, 'verdict': '参加推奨', 'max_combo_prob': 0.0653, 'est_top_odds': 20.4, 'circle_concentration': 65.5, 'eligible_count': 8, 'bet_adj': 2, 'reason': 'rel_win1=47.9%（本命度） / 最有力組み合わせ確率: 0.065（推定実オッズ?20倍） / 2着集中度: 上位2艇 65.5%（補正+0.00） / 総合判定確率: 0.065 / → ヒモ分散。1号艇1着固定で広めのヒモ流し推奨（買い目+2点）', 'tenji_trigger': '展示確認: ヒモ分散レース。1号艇伸び確認後、広めのヒモ流しを採用。穴ヒモ（5・6号艇）を積極的に含める。\n展示で1号艇スタート超安定(0.134秒)→ヒモ固まり方向に注意'}",,,31.3,逃げ狙い,31.31,26.2,2,,,,,,,,,,,
2025-04-21,丸亀,8,1,梶野学志,A1,30.22,1,◎,71.1914,,0,92.9,0.1329,2.3643,,,0,低,97,0,逃0%,2 1425,0,69.6,1.0453,0.7931,,,,,0.0138,0.1164,0.0276,◎,,C,○,,,0.656,,0.6451,S,83,0,◎1着固定 2-3着流し（5〜8点）,0.5777,"{'is_target': True, 'verdict': '点数絞り', 'max_combo_prob': 0.1097, 'est_top_odds': 12.2, 'circle_concentration': 71.2, 'eligible_count': 6, 'bet_adj': 0, 'reason': 'rel_win1=71.2%（本命度） / 最有力組み合わせ確率: 0.110（推定実オッズ?12倍） / 2着集中度: 上位2艇 71.2%（補正+0.04） / 総合判定確率: 0.150 / → ヒモはやや固め。上位2艇以外を切ること', 'tenji_trigger': '展示確認: 1号艇伸び良→そのまま採用。悪→飛び組に差し替え。circle_pct上位2艇に絞り込むこと。\n展示で1号艇スタート超安定(0.133秒)→ヒモ固まり方向に注意'}",,,25.4,逃げ狙い,13.43,24.7,4,,,,,0,0,0.7559,0,,逃げ軸流し,A
2025-04-21,丸亀,8,2,三宅　潤,A2,23.28,2,,9.2065,47.5,100,73.8,0.1604,3.8687,,,0,低,174,0,差0%,2 2666,0,32.6,0.684,0,0.0732,0.0244,0,0.0244,0.0222,0.0444,0.2111,,,E,△,,0.0641,0.6355,,0.6451,S,83,0,◎1着固定 2-3着流し（5〜8点）,0.5777,"{'is_target': True, 'verdict': '点数絞り', 'max_combo_prob': 0.1097, 'est_top_odds': 12.2, 'circle_concentration': 71.2, 'eligible_count': 6, 'bet_adj': 0, 'reason': 'rel_win1=71.2%（本命度） / 最有力組み合わせ確率: 0.110（推定実オッズ?12倍） / 2着集中度: 上位2艇 71.2%（補正+0.04） / 総合判定確率: 0.150 / → ヒモはやや固め。上位2艇以外を切ること', 'tenji_trigger': '展示確認: 1号艇伸び良→そのまま採用。悪→飛び組に差し替え。circle_pct上位2艇に絞り込むこと。\n展示で1号艇スタート超安定(0.133秒)→ヒモ固まり方向に注意'}",,,25.4,逃げ狙い,13.43,24.7,4,,,,,,,,,,,
2025-04-21,丸亀,8,3,正木聖賢,B1,31.43,3,○,6.8337,23.7,85,61.7,0.1657,3.383,,,0,低,64,0,-,515 25,0,70.9,1.5798,0,0,0.04,0.04,0,0.21,0.135,0.095,,,B,,,0.1226,0.585,,0.6451,S,83,0,◎1着固定 2-3着流し（5〜8点）,0.5777,"{'is_target': True, 'verdict': '点数絞り', 'max_combo_prob': 0.1097, 'est_top_odds': 12.2, 'circle_concentration': 71.2, 'eligible_count': 6, 'bet_adj': 0, 'reason': 'rel_win1=71.2%（本命度） / 最有力組み合わせ確率: 0.110（推定実オッズ?12倍） / 2着集中度: 上位2艇 71.2%（補正+0.04） / 総合判定確率: 0.150 / → ヒモはやや固め。上位2艇以外を切ること', 'tenji_trigger': '展示確認: 1号艇伸び良→そのまま採用。悪→飛び組に差し替え。circle_pct上位2艇に絞り込むこと。\n展示で1号艇スタート超安定(0.133秒)→ヒモ固まり方向に注意'}",,,25.4,逃げ狙い,13.43,24.7,4,,,,,,,,,,,
2025-04-21,丸亀,8,4,森　悠稀,A2,23.62,4,△,8.7235,13.8,74,54.4,0.1246,2.5965,,,0,低,62,0,-,33345,0,97.3,1.8766,0,0,0.1765,0,0,0.0552,0.0276,0.0552,,,D,◎,◎,0.362,0.6755,0.4088,0.6451,S,83,0,◎1着固定 2-3着流し（5〜8点）,0.5777,"{'is_target': True, 'verdict': '点数絞り', 'max_combo_prob': 0.1097, 'est_top_odds': 12.2, 'circle_concentration': 71.2, 'eligible_count': 6, 'bet_adj': 0, 'reason': 'rel_win1=71.2%（本命度） / 最有力組み合わせ確率: 0.110（推定実オッズ?12倍） / 2着集中度: 上位2艇 71.2%（補正+0.04） / 総合判定確率: 0.150 / → ヒモはやや固め。上位2艇以外を切ること', 'tenji_trigger': '展示確認: 1号艇伸び良→そのまま採用。悪→飛び組に差し替え。circle_pct上位2艇に絞り込むこと。\n展示で1号艇スタート超安定(0.133秒)→ヒモ固まり方向に注意'}",,,25.4,逃げ狙い,13.43,24.7,4,,,,,,,,,,,
2025-04-21,丸亀,8,5,仁科さや,B2,32.33,5,▲,3.0041,11.6,64,31.2,0.21,4.1562,,,0,低,24,0,-,4 6544,0,30.2,0.9033,,,,,,0.1667,0.3333,0,,,B,△,,0.1329,0.6165,,0.6451,S,83,0,◎1着固定 2-3着流し（5〜8点）,0.5777,"{'is_target': True, 'verdict': '点数絞り', 'max_combo_prob': 0.1097, 'est_top_odds': 12.2, 'circle_concentration': 71.2, 'eligible_count': 6, 'bet_adj': 0, 'reason': 'rel_win1=71.2%（本命度） / 最有力組み合わせ確率: 0.110（推定実オッズ?12倍） / 2着集中度: 上位2艇 71.2%（補正+0.04） / 総合判定確率: 0.150 / → ヒモはやや固め。上位2艇以外を切ること', 'tenji_trigger': '展示確認: 1号艇伸び良→そのまま採用。悪→飛び組に差し替え。circle_pct上位2艇に絞り込むこと。\n展示で1号艇スタート超安定(0.133秒)→ヒモ固まり方向に注意'}",,,25.4,逃げ狙い,13.43,24.7,4,,,,,,,,,,,
2025-04-21,丸亀,8,6,関　裕也,B1,29.29,6,,1.0408,3.4,39,17.6,0.1982,3.9412,,,0,低,86,0,-,4 1355,0,26.9,0.8356,,,,,,0.0923,0,0.2615,,,C,,,0.135,0.6015,,0.6451,S,83,0,◎1着固定 2-3着流し（5〜8点）,0.5777,"{'is_target': True, 'verdict': '点数絞り', 'max_combo_prob': 0.1097, 'est_top_odds': 12.2, 'circle_concentration': 71.2, 'eligible_count': 6, 'bet_adj': 0, 'reason': 'rel_win1=71.2%（本命度） / 最有力組み合わせ確率: 0.110（推定実オッズ?12倍） / 2着集中度: 上位2艇 71.2%（補正+0.04） / 総合判定確率: 0.150 / → ヒモはやや固め。上位2艇以外を切ること', 'tenji_trigger': '展示確認: 1号艇伸び良→そのまま採用。悪→飛び組に差し替え。circle_pct上位2艇に絞り込むこと。\n展示で1号艇スタート超安定(0.133秒)→ヒモ固まり方向に注意'}",,,25.4,逃げ狙い,13.43,24.7,4,,,,,,,,,,,
2025-04-21,丸亀,9,1,西丸敦基,B1,34.53,1,◎,58.8055,,0,87.5,0.1806,3.1562,,,0,低,113,0,逃0%,2 6566,0,85.5,1.1171,0.5,,,,,0.0333,0.0667,0.3,○⚠️,,C,△,,,0.6165,,0.4115,A,77,0,◎-○軸 3着3〜4艇流し（10〜15点）,0.5777,"{'is_target': True, 'verdict': '参加推奨', 'max_combo_prob': 0.0788, 'est_top_odds': 16.9, 'circle_concentration': 70.3, 'eligible_count': 8, 'bet_adj': 2, 'reason': 'rel_win1=58.8%（本命度） / 最有力組み合わせ確率: 0.079（推定実オッズ?17倍） / 2着集中度: 上位2艇 70.3%（補正+0.04） / 総合判定確率: 0.119 / → ヒモ分散。1号艇1着固定で広めのヒモ流し推奨（買い目+2点）', 'tenji_trigger': '展示確認: ヒモ分散レース。1号艇伸び確認後、広めのヒモ流しを採用。穴ヒモ（5・6号艇）を積極的に含める。\n展示で1号艇スタート遅め(0.181秒)確認→ヒモが荒れやすい'}",,,28.5,逃げ狙い,16.71,30.6,2,3-4-5|3-5-4|3-5-6|3-4-6|3-5-1|3-1-5|3-4-1|1-2-3|1-2-5|1-3-2|1-3-5|1-4-3,3-4-5|3-5-4|3-5-6|3-4-6|3-5-1|3-1-5|3-4-1|1-2-3|1-2-5|1-3-2|1-3-5|1-4-3,3-4-5:1.86%|3-5-4:1.81%|3-5-6:1.07%|3-4-6:0.74%|3-5-1:0.62%|3-1-5:0.51%|3-4-1:0.43%|1-2-3:6.15%|1-2-5:5.14%|1-3-2:4.65%|1-3-5:4.57%|1-4-3:2.87%,3-4-5:B_main|3-5-4:B_main|3-5-6:B_main|3-4-6:B_main|3-5-1:B_main|3-1-5:B_main|3-4-1:B_main|1-2-3:A|1-2-5:A|1-3-2:A|1-3-5:A|1-4-3:A,12,12,0.4535,1,[!]見送り推奨（主役決まり手「まくり」― 逃げ劣勢レースで的中実績なし）,主役軸流し,B
2025-04-21,丸亀,9,2,谷本幸司,B1,25.56,2,△,16.5498,38.2,69,45.7,0.1794,3.6143,,,0,低,87,0,差0%,343 46,0,38.2,0.8278,0,0.25,0,0,0,0.1048,0.0381,0.0381,,○,D,△,,0.3714,0.591,,0.4115,A,77,0,◎-○軸 3着3〜4艇流し（10〜15点）,0.5777,"{'is_target': True, 'verdict': '参加推奨', 'max_combo_prob': 0.0788, 'est_top_odds': 16.9, 'circle_concentration': 70.3, 'eligible_count': 8, 'bet_adj': 2, 'reason': 'rel_win1=58.8%（本命度） / 最有力組み合わせ確率: 0.079（推定実オッズ?17倍） / 2着集中度: 上位2艇 70.3%（補正+0.04） / 総合判定確率: 0.119 / → ヒモ分散。1号艇1着固定で広めのヒモ流し推奨（買い目+2点）', 'tenji_trigger': '展示確認: ヒモ分散レース。1号艇伸び確認後、広めのヒモ流しを採用。穴ヒモ（5・6号艇）を積極的に含める。\n展示で1号艇スタート遅め(0.181秒)確認→ヒモが荒れやすい'}",,,28.5,逃げ狙い,16.71,30.6,2,,,,,,,,,,,
2025-04-21,丸亀,9,3,黒柳浩孝,A1,38.81,3,○,13.6669,32.1,84,62.7,0.1593,3.1695,,,0,低,124,0,ま0% 差ま0% 抜0%,33435,0,64.1,1.2406,0,0,0.1071,0.0357,0.0357,0.0421,0.2342,0.1171,,◎,B,○,,0.3997,0.637,,0.4115,A,77,0,◎-○軸 3着3〜4艇流し（10〜15点）,0.5777,"{'is_target': True, 'verdict': '参加推奨', 'max_combo_prob': 0.0788, 'est_top_odds': 16.9, 'circle_concentration': 70.3, 'eligible_count': 8, 'bet_adj': 2, 'reason': 'rel_win1=58.8%（本命度） / 最有力組み合わせ確率: 0.079（推定実オッズ?17倍） / 2着集中度: 上位2艇 70.3%（補正+0.04） / 総合判定確率: 0.119 / → ヒモ分散。1号艇1着固定で広めのヒモ流し推奨（買い目+2点）', 'tenji_trigger': '展示確認: ヒモ分散レース。1号艇伸び確認後、広めのヒモ流しを採用。穴ヒモ（5・6号艇）を積極的に含める。\n展示で1号艇スタート遅め(0.181秒)確認→ヒモが荒れやすい'}",,,28.5,逃げ狙い,16.71,30.6,2,,,,,,,,,,,
2025-04-21,丸亀,9,4,山崎善庸,B1,29.55,4,,4.472,16.4,63,25.4,0.2176,4.7857,,,0,低,243,0,-,156 26,0,43.5,0.5957,,,,,,0.0727,0.3491,0.3309,,,D,,,0.1675,0.5725,,0.4115,A,77,0,◎-○軸 3着3〜4艇流し（10〜15点）,0.5777,"{'is_target': True, 'verdict': '参加推奨', 'max_combo_prob': 0.0788, 'est_top_odds': 16.9, 'circle_concentration': 70.3, 'eligible_count': 8, 'bet_adj': 2, 'reason': 'rel_win1=58.8%（本命度） / 最有力組み合わせ確率: 0.079（推定実オッズ?17倍） / 2着集中度: 上位2艇 70.3%（補正+0.04） / 総合判定確率: 0.119 / → ヒモ分散。1号艇1着固定で広めのヒモ流し推奨（買い目+2点）', 'tenji_trigger': '展示確認: ヒモ分散レース。1号艇伸び確認後、広めのヒモ流しを採用。穴ヒモ（5・6号艇）を積極的に含める。\n展示で1号艇スタート遅め(0.181秒)確認→ヒモが荒れやすい'}",,,28.5,逃げ狙い,16.71,30.6,2,,,,,,,,,,,
2025-04-21,丸亀,9,5,佐竹太一,B1,49.24,5,▲,5.4124,6.9,100,43.3,0.1847,3.9583,,,0,低,176,0,差ま0%,154 44,0,31.8,0.5964,0,0,0.0303,0.0303,0,0.2727,0.0364,0.1727,,,A,,,0.2685,0.589,,0.4115,A,77,0,◎-○軸 3着3〜4艇流し（10〜15点）,0.5777,"{'is_target': True, 'verdict': '参加推奨', 'max_combo_prob': 0.0788, 'est_top_odds': 16.9, 'circle_concentration': 70.3, 'eligible_count': 8, 'bet_adj': 2, 'reason': 'rel_win1=58.8%（本命度） / 最有力組み合わせ確率: 0.079（推定実オッズ?17倍） / 2着集中度: 上位2艇 70.3%（補正+0.04） / 総合判定確率: 0.119 / → ヒモ分散。1号艇1着固定で広めのヒモ流し推奨（買い目+2点）', 'tenji_trigger': '展示確認: ヒモ分散レース。1号艇伸び確認後、広めのヒモ流しを採用。穴ヒモ（5・6号艇）を積極的に含める。\n展示で1号艇スタート遅め(0.181秒)確認→ヒモが荒れやすい'}",,,28.5,逃げ狙い,16.71,30.6,2,,,,,,,,,,,
2025-04-21,丸亀,9,6,小林孝彰,B1,25.00,6,,1.0934,6.4,38,15,0.191,4.7875,,,0,低,77,0,-,425 15,0,23.2,0.8222,,,,,,0.1921,0.4053,0,,,E,◎,,0.2805,0.676,,0.4115,A,77,0,◎-○軸 3着3〜4艇流し（10〜15点）,0.5777,"{'is_target': True, 'verdict': '参加推奨', 'max_combo_prob': 0.0788, 'est_top_odds': 16.9, 'circle_concentration': 70.3, 'eligible_count': 8, 'bet_adj': 2, 'reason': 'rel_win1=58.8%（本命度） / 最有力組み合わせ確率: 0.079（推定実オッズ?17倍） / 2着集中度: 上位2艇 70.3%（補正+0.04） / 総合判定確率: 0.119 / → ヒモ分散。1号艇1着固定で広めのヒモ流し推奨（買い目+2点）', 'tenji_trigger': '展示確認: ヒモ分散レース。1号艇伸び確認後、広めのヒモ流しを採用。穴ヒモ（5・6号艇）を積極的に含める。\n展示で1号艇スタート遅め(0.181秒)確認→ヒモが荒れやすい'}",,,28.5,逃げ狙い,16.71,30.6,2,,,,,,,,,,,
2025-04-21,丸亀,10,1,小山　勉,A1,32.82,1,◎,66.4438,,0,95.5,0.1581,3.097,,,0,低,113,0,逃1%,16213,0,77.5,1.0525,0.7586,,,,,0.1302,0.0138,0.0888,◎,,D,◎,,,0.654,,0.5614,S,86,0,◎1着固定 2-3着流し（5〜8点）,0.5777,"{'is_target': True, 'verdict': '点数絞り', 'max_combo_prob': 0.095, 'est_top_odds': 14.0, 'circle_concentration': 81.9, 'eligible_count': 6, 'bet_adj': 0, 'reason': 'rel_win1=66.4%（本命度） / 最有力組み合わせ確率: 0.095（推定実オッズ?14倍） / 2着集中度: 上位2艇 81.9%（補正+0.04） / 総合判定確率: 0.135 / → ヒモはやや固め。上位2艇以外を切ること', 'tenji_trigger': '展示確認: 1号艇伸び良→そのまま採用。悪→飛び組に差し替え。circle_pct上位2艇に絞り込むこと。'}",,,26.3,逃げ狙い,12.6,27.9,3,,,,,0,0,0.7559,0,,逃げ軸流し,A
2025-04-21,丸亀,10,2,小野寺智,A2,38.69,2,▲,8.4742,46.6,100,67.7,0.1573,3.371,,,0,低,79,0,-,153 22,0,52.5,1.0566,0,0.0741,0.0741,0,0,0.1217,0.0174,0.3096,,◎,C,,,0.325,0.6185,,0.5614,S,86,0,◎1着固定 2-3着流し（5〜8点）,0.5777,"{'is_target': True, 'verdict': '点数絞り', 'max_combo_prob': 0.095, 'est_top_odds': 14.0, 'circle_concentration': 81.9, 'eligible_count': 6, 'bet_adj': 0, 'reason': 'rel_win1=66.4%（本命度） / 最有力組み合わせ確率: 0.095（推定実オッズ?14倍） / 2着集中度: 上位2艇 81.9%（補正+0.04） / 総合判定確率: 0.135 / → ヒモはやや固め。上位2艇以外を切ること', 'tenji_trigger': '展示確認: 1号艇伸び良→そのまま採用。悪→飛び組に差し替え。circle_pct上位2艇に絞り込むこと。'}",,,26.3,逃げ狙い,12.6,27.9,3,,,,,,,,,,,
2025-04-21,丸亀,10,3,武重雄介,A2,40.77,3,○,14.2422,35.2,84,63,0.1565,3.2222,,,0,低,119,0,差0% ま0%,3 4542,0,23.4,0.6771,0,0.0741,0.037,0.1111,0,0.1657,0,0.0343,,,B,○,,0.3126,0.6375,,0.5614,S,86,0,◎1着固定 2-3着流し（5〜8点）,0.5777,"{'is_target': True, 'verdict': '点数絞り', 'max_combo_prob': 0.095, 'est_top_odds': 14.0, 'circle_concentration': 81.9, 'eligible_count': 6, 'bet_adj': 0, 'reason': 'rel_win1=66.4%（本命度） / 最有力組み合わせ確率: 0.095（推定実オッズ?14倍） / 2着集中度: 上位2艇 81.9%（補正+0.04） / 総合判定確率: 0.135 / → ヒモはやや固め。上位2艇以外を切ること', 'tenji_trigger': '展示確認: 1号艇伸び良→そのまま採用。悪→飛び組に差し替え。circle_pct上位2艇に絞り込むこと。'}",,,26.3,逃げ狙い,12.6,27.9,3,,,,,,,,,,,
2025-04-21,丸亀,10,4,中嶋誠一,B1,34.27,4,,5.7795,9,95,47,0.1733,3.3939,,,0,低,130,0,-,232514,0,45.8,0.9279,0,0,0,0.0333,0,0.4673,0.1519,0.0904,,,C,△,,0.2204,0.6265,,0.5614,S,86,0,◎1着固定 2-3着流し（5〜8点）,0.5777,"{'is_target': True, 'verdict': '点数絞り', 'max_combo_prob': 0.095, 'est_top_odds': 14.0, 'circle_concentration': 81.9, 'eligible_count': 6, 'bet_adj': 0, 'reason': 'rel_win1=66.4%（本命度） / 最有力組み合わせ確率: 0.095（推定実オッズ?14倍） / 2着集中度: 上位2艇 81.9%（補正+0.04） / 総合判定確率: 0.135 / → ヒモはやや固め。上位2艇以外を切ること', 'tenji_trigger': '展示確認: 1号艇伸び良→そのまま採用。悪→飛び組に差し替え。circle_pct上位2艇に絞り込むこと。'}",,,26.3,逃げ狙い,12.6,27.9,3,,,,,,,,,,,
2025-04-21,丸亀,10,5,半田尚也,B1,40.30,5,△,3.4248,3,90,29.8,0.1784,3.5,,,0,低,141,0,-,1 235,0,89.1,1.5762,,,,,,0.18,0.54,0.16,,,B,,,0.2493,0.5765,,0.5614,S,86,0,◎1着固定 2-3着流し（5〜8点）,0.5777,"{'is_target': True, 'verdict': '点数絞り', 'max_combo_prob': 0.095, 'est_top_odds': 14.0, 'circle_concentration': 81.9, 'eligible_count': 6, 'bet_adj': 0, 'reason': 'rel_win1=66.4%（本命度） / 最有力組み合わせ確率: 0.095（推定実オッズ?14倍） / 2着集中度: 上位2艇 81.9%（補正+0.04） / 総合判定確率: 0.135 / → ヒモはやや固め。上位2艇以外を切ること', 'tenji_trigger': '展示確認: 1号艇伸び良→そのまま採用。悪→飛び組に差し替え。circle_pct上位2艇に絞り込むこと。'}",,,26.3,逃げ狙い,12.6,27.9,3,,,,,,,,,,,
2025-04-21,丸亀,10,6,渡邊裕貴,B1,30.60,6,,1.6355,6.1,41,22,0.1552,3.71,,,0,低,99,0,-,1 6234,0,25.7,0.5414,,,,,,0,0.2311,0.1644,,,E,△,,0.3192,0.6215,,0.5614,S,86,0,◎1着固定 2-3着流し（5〜8点）,0.5777,"{'is_target': True, 'verdict': '点数絞り', 'max_combo_prob': 0.095, 'est_top_odds': 14.0, 'circle_concentration': 81.9, 'eligible_count': 6, 'bet_adj': 0, 'reason': 'rel_win1=66.4%（本命度） / 最有力組み合わせ確率: 0.095（推定実オッズ?14倍） / 2着集中度: 上位2艇 81.9%（補正+0.04） / 総合判定確率: 0.135 / → ヒモはやや固め。上位2艇以外を切ること', 'tenji_trigger': '展示確認: 1号艇伸び良→そのまま採用。悪→飛び組に差し替え。circle_pct上位2艇に絞り込むこと。'}",,,26.3,逃げ狙い,12.6,27.9,3,,,,,,,,,,,
2025-04-21,丸亀,11,1,柳沢　一,A1,36.69,1,◎,59.1196,,0,88.8,0.1227,2.3062,,,0,低,43,0,逃1%,412411,0,59.9,0.9699,0.7027,,,,,0.0432,0.1074,0.1074,◎,,B,◎,,,0.698,,0.6747,S,83,0,◎1着固定 2-3着流し（5〜8点）,0.5777,"{'is_target': True, 'verdict': '参加推奨', 'max_combo_prob': 0.0749, 'est_top_odds': 17.8, 'circle_concentration': 69.1, 'eligible_count': 6, 'bet_adj': 2, 'reason': 'rel_win1=59.1%（本命度） / 最有力組み合わせ確率: 0.075（推定実オッズ?18倍） / 2着集中度: 上位2艇 69.1%（補正+0.00） / 総合判定確率: 0.075 / → ヒモ分散。1号艇1着固定で広めのヒモ流し推奨（買い目+2点）', 'tenji_trigger': '展示確認: ヒモ分散レース。1号艇伸び確認後、広めのヒモ流しを採用。穴ヒモ（5・6号艇）を積極的に含める。\n展示で1号艇スタート超安定(0.123秒)→ヒモ固まり方向に注意'}",,,27.2,逃げ狙い,18.01,25.8,4,,,,,0,0,0.7559,0,,逃げ軸流し,A
2025-04-21,丸亀,11,2,松村康太,A2,41.67,2,▲,12.6789,41.5,100,77.5,0.1856,4.2606,,,0,低,166,0,-,2 3134,0,26.8,0.9021,0,0.0303,0.0303,0,0.0303,0.22,0.1756,0.2689,,,A,△,,0.0619,0.6195,,0.6747,S,83,0,◎1着固定 2-3着流し（5〜8点）,0.5777,"{'is_target': True, 'verdict': '参加推奨', 'max_combo_prob': 0.0749, 'est_top_odds': 17.8, 'circle_concentration': 69.1, 'eligible_count': 6, 'bet_adj': 2, 'reason': 'rel_win1=59.1%（本命度） / 最有力組み合わせ確率: 0.075（推定実オッズ?18倍） / 2着集中度: 上位2艇 69.1%（補正+0.00） / 総合判定確率: 0.075 / → ヒモ分散。1号艇1着固定で広めのヒモ流し推奨（買い目+2点）', 'tenji_trigger': '展示確認: ヒモ分散レース。1号艇伸び確認後、広めのヒモ流しを採用。穴ヒモ（5・6号艇）を積極的に含める。\n展示で1号艇スタート超安定(0.123秒)→ヒモ固まり方向に注意'}",,,27.2,逃げ狙い,18.01,25.8,4,,,,,,,,,,,
2025-04-21,丸亀,11,3,吉武真也,B1,35.62,3,○,9.6215,7.6,80,47.6,0.1562,3.4405,,,0,低,106,0,差ま0% 抜0%,5 1223,0,64.1,0.9275,0,0,0,0.04,0.04,0.2676,0.0235,0.2441,,,C,,,0.13,0.595,,0.6747,S,83,0,◎1着固定 2-3着流し（5〜8点）,0.5777,"{'is_target': True, 'verdict': '参加推奨', 'max_combo_prob': 0.0749, 'est_top_odds': 17.8, 'circle_concentration': 69.1, 'eligible_count': 6, 'bet_adj': 2, 'reason': 'rel_win1=59.1%（本命度） / 最有力組み合わせ確率: 0.075（推定実オッズ?18倍） / 2着集中度: 上位2艇 69.1%（補正+0.00） / 総合判定確率: 0.075 / → ヒモ分散。1号艇1着固定で広めのヒモ流し推奨（買い目+2点）', 'tenji_trigger': '展示確認: ヒモ分散レース。1号艇伸び確認後、広めのヒモ流しを採用。穴ヒモ（5・6号艇）を積極的に含める。\n展示で1号艇スタート超安定(0.123秒)→ヒモ固まり方向に注意'}",,,27.2,逃げ狙い,18.01,25.8,4,,,,,,,,,,,
2025-04-21,丸亀,11,4,梶野学志,A1,30.22,4,,10.2761,27.6,74,69.6,0.1643,3.6161,,,0,低,97,0,-,2 1425,0,42,1.0155,0,0,0,0.0526,0,0.0138,0.1164,0.0276,,,D,○,◎,0.1416,0.656,0.3207,0.6747,S,83,0,◎1着固定 2-3着流し（5〜8点）,0.5777,"{'is_target': True, 'verdict': '参加推奨', 'max_combo_prob': 0.0749, 'est_top_odds': 17.8, 'circle_concentration': 69.1, 'eligible_count': 6, 'bet_adj': 2, 'reason': 'rel_win1=59.1%（本命度） / 最有力組み合わせ確率: 0.075（推定実オッズ?18倍） / 2着集中度: 上位2艇 69.1%（補正+0.00） / 総合判定確率: 0.075 / → ヒモ分散。1号艇1着固定で広めのヒモ流し推奨（買い目+2点）', 'tenji_trigger': '展示確認: ヒモ分散レース。1号艇伸び確認後、広めのヒモ流しを採用。穴ヒモ（5・6号艇）を積極的に含める。\n展示で1号艇スタート超安定(0.123秒)→ヒモ固まり方向に注意'}",,,27.2,逃げ狙い,18.01,25.8,4,,,,,,,,,,,
2025-04-21,丸亀,11,5,渡邉優美,A1,32.12,5,△,7.3572,20.3,61,70.8,0.1617,3.2708,,,0,低,44,0,ま0% 差ま0%,23411,0,98.3,1.9174,0,0,0.0909,0.1818,0,0.2078,0.1584,0.0182,,,D,△,,0.2165,0.6535,,0.6747,S,83,0,◎1着固定 2-3着流し（5〜8点）,0.5777,"{'is_target': True, 'verdict': '参加推奨', 'max_combo_prob': 0.0749, 'est_top_odds': 17.8, 'circle_concentration': 69.1, 'eligible_count': 6, 'bet_adj': 2, 'reason': 'rel_win1=59.1%（本命度） / 最有力組み合わせ確率: 0.075（推定実オッズ?18倍） / 2着集中度: 上位2艇 69.1%（補正+0.00） / 総合判定確率: 0.075 / → ヒモ分散。1号艇1着固定で広めのヒモ流し推奨（買い目+2点）', 'tenji_trigger': '展示確認: ヒモ分散レース。1号艇伸び確認後、広めのヒモ流しを採用。穴ヒモ（5・6号艇）を積極的に含める。\n展示で1号艇スタート超安定(0.123秒)→ヒモ固まり方向に注意'}",,,27.2,逃げ狙い,18.01,25.8,4,,,,,,,,,,,
2025-04-21,丸亀,11,6,山田理央,A2,30.15,6,,0.9467,3,47,39.4,0.17,4.0606,,,0,低,62,0,-,33144,0,30.1,1.4631,,,,,,0.0444,0.1444,0.0222,,,E,,,0.1742,0.6,,0.6747,S,83,0,◎1着固定 2-3着流し（5〜8点）,0.5777,"{'is_target': True, 'verdict': '参加推奨', 'max_combo_prob': 0.0749, 'est_top_odds': 17.8, 'circle_concentration': 69.1, 'eligible_count': 6, 'bet_adj': 2, 'reason': 'rel_win1=59.1%（本命度） / 最有力組み合わせ確率: 0.075（推定実オッズ?18倍） / 2着集中度: 上位2艇 69.1%（補正+0.00） / 総合判定確率: 0.075 / → ヒモ分散。1号艇1着固定で広めのヒモ流し推奨（買い目+2点）', 'tenji_trigger': '展示確認: ヒモ分散レース。1号艇伸び確認後、広めのヒモ流しを採用。穴ヒモ（5・6号艇）を積極的に含める。\n展示で1号艇スタート超安定(0.123秒)→ヒモ固まり方向に注意'}",,,27.2,逃げ狙い,18.01,25.8,4,,,,,,,,,,,
2025-04-21,丸亀,12,1,白水勝也,A1,26.87,1,◎,45.4772,,0,91.8,0.1515,2.634,,,0,低,134,0,逃1%,35221,0,55.7,0.9513,0.5682,,,,,0.1045,0.0455,0.0955,◎,,D,,,,0.604,,0.4899,B,57,0,◎○△フォーメーション（15〜20点）,0.5777,"{'is_target': True, 'verdict': '参加推奨', 'max_combo_prob': 0.0517, 'est_top_odds': 25.8, 'circle_concentration': 57.7, 'eligible_count': 9, 'bet_adj': 2, 'reason': 'rel_win1=45.5%（本命度） / 最有力組み合わせ確率: 0.052（推定実オッズ?26倍） / 2着集中度: 上位2艇 57.7%（補正+0.00） / 総合判定確率: 0.052 / → ヒモ分散。1号艇1着固定で広めのヒモ流し推奨（買い目+2点）', 'tenji_trigger': '展示確認: ヒモ分散レース。1号艇伸び確認後、広めのヒモ流しを採用。穴ヒモ（5・6号艇）を積極的に含める。'}",,,34.8,両建て推奨,40.69,28,4,,,,,0,0,0.7559,0,,逃げ軸流し,A
2025-04-21,丸亀,12,2,鈴木勝博,A2,48.09,2,○,17.4996,26.7,100,64.1,0.1534,2.9057,,,0,低,90,0,差0%,316 13,0,100,2.5788,0,0.2333,0.0667,0,0,0.1171,0.2776,0.0211,,,A,,,0.3474,0.6045,,0.4899,B,57,0,◎○△フォーメーション（15〜20点）,0.5777,"{'is_target': True, 'verdict': '参加推奨', 'max_combo_prob': 0.0517, 'est_top_odds': 25.8, 'circle_concentration': 57.7, 'eligible_count': 9, 'bet_adj': 2, 'reason': 'rel_win1=45.5%（本命度） / 最有力組み合わせ確率: 0.052（推定実オッズ?26倍） / 2着集中度: 上位2艇 57.7%（補正+0.00） / 総合判定確率: 0.052 / → ヒモ分散。1号艇1着固定で広めのヒモ流し推奨（買い目+2点）', 'tenji_trigger': '展示確認: ヒモ分散レース。1号艇伸び確認後、広めのヒモ流しを採用。穴ヒモ（5・6号艇）を積極的に含める。'}",,,34.8,両建て推奨,40.69,28,4,,,,,,,,,,,
2025-04-21,丸亀,12,3,稗田聖也,B1,34.33,3,▲,12.9582,30.9,83,65.6,0.1441,2.4609,,,0,低,66,0,ま0% 抜0%,156 32,0,46.1,1.239,0,0,0.1667,0,0.0333,0,0.0242,0.2348,,△,B,○,,0.3585,0.671,,0.4899,B,57,0,◎○△フォーメーション（15〜20点）,0.5777,"{'is_target': True, 'verdict': '参加推奨', 'max_combo_prob': 0.0517, 'est_top_odds': 25.8, 'circle_concentration': 57.7, 'eligible_count': 9, 'bet_adj': 2, 'reason': 'rel_win1=45.5%（本命度） / 最有力組み合わせ確率: 0.052（推定実オッズ?26倍） / 2着集中度: 上位2艇 57.7%（補正+0.00） / 総合判定確率: 0.052 / → ヒモ分散。1号艇1着固定で広めのヒモ流し推奨（買い目+2点）', 'tenji_trigger': '展示確認: ヒモ分散レース。1号艇伸び確認後、広めのヒモ流しを採用。穴ヒモ（5・6号艇）を積極的に含める。'}",,,34.8,両建て推奨,40.69,28,4,,,,,,,,,,,
2025-04-21,丸亀,12,4,宮之原輝,A1,18.25,4,,17.0976,26.4,75,77.8,0.1385,2.9444,,,0,低,35,0,差0% ま0% 差ま0%,242 11,0,86.3,1.7579,0,0.2,0.1333,0.0667,0,0.0333,0.0333,0.1,,,E,◎,◎,0.3819,0.7135,0.5407,0.4899,B,57,0,◎○△フォーメーション（15〜20点）,0.5777,"{'is_target': True, 'verdict': '参加推奨', 'max_combo_prob': 0.0517, 'est_top_odds': 25.8, 'circle_concentration': 57.7, 'eligible_count': 9, 'bet_adj': 2, 'reason': 'rel_win1=45.5%（本命度） / 最有力組み合わせ確率: 0.052（推定実オッズ?26倍） / 2着集中度: 上位2艇 57.7%（補正+0.00） / 総合判定確率: 0.052 / → ヒモ分散。1号艇1着固定で広めのヒモ流し推奨（買い目+2点）', 'tenji_trigger': '展示確認: ヒモ分散レース。1号艇伸び確認後、広めのヒモ流しを採用。穴ヒモ（5・6号艇）を積極的に含める。'}",,,34.8,両建て推奨,40.69,28,4,,,,,,,,,,,
2025-04-21,丸亀,12,5,白井英治,A1,31.91,5,△,6.1705,10,62,71.4,0.1229,2.7143,,,0,低,29,1,ま0%,623 41,0,91,1.8333,0,0,0.25,0,0,0.0588,0.1765,0.0588,,◎,C,△,,0.4484,0.659,,0.4899,B,57,0,◎○△フォーメーション（15〜20点）,0.5777,"{'is_target': True, 'verdict': '参加推奨', 'max_combo_prob': 0.0517, 'est_top_odds': 25.8, 'circle_concentration': 57.7, 'eligible_count': 9, 'bet_adj': 2, 'reason': 'rel_win1=45.5%（本命度） / 最有力組み合わせ確率: 0.052（推定実オッズ?26倍） / 2着集中度: 上位2艇 57.7%（補正+0.00） / 総合判定確率: 0.052 / → ヒモ分散。1号艇1着固定で広めのヒモ流し推奨（買い目+2点）', 'tenji_trigger': '展示確認: ヒモ分散レース。1号艇伸び確認後、広めのヒモ流しを採用。穴ヒモ（5・6号艇）を積極的に含める。'}",,,34.8,両建て推奨,40.69,28,4,,,,,,,,,,,
2025-04-21,丸亀,12,6,下河誉史,A2,27.66,6,,0.7969,5.9,35,25.8,0.2152,5.0806,,,0,低,163,0,-,252 34,0,34,1.0353,,,,,,0.1585,0.1683,0.0293,,,D,△,,0.1365,0.6355,,0.4899,B,57,0,◎○△フォーメーション（15〜20点）,0.5777,"{'is_target': True, 'verdict': '参加推奨', 'max_combo_prob': 0.0517, 'est_top_odds': 25.8, 'circle_concentration': 57.7, 'eligible_count': 9, 'bet_adj': 2, 'reason': 'rel_win1=45.5%（本命度） / 最有力組み合わせ確率: 0.052（推定実オッズ?26倍） / 2着集中度: 上位2艇 57.7%（補正+0.00） / 総合判定確率: 0.052 / → ヒモ分散。1号艇1着固定で広めのヒモ流し推奨（買い目+2点）', 'tenji_trigger': '展示確認: ヒモ分散レース。1号艇伸び確認後、広めのヒモ流しを採用。穴ヒモ（5・6号艇）を積極的に含める。'}",,,34.8,両建て推奨,40.69,28,4,,,,,,,,,,,
2025-04-28,丸亀,1,1,深川和仁,B1,27.27,1,◎,65.5289,,0,87,0.157,3.0435,,,0,低,130,0,逃1%,,0,67.4,0.9751,0.7083,,,,,0.2,0.0167,0.05,◎,,C,○,,,0.606,,0.5602,A,75,0,◎-○軸 3着3〜4艇流し（10〜15点）,0.5777,"{'is_target': True, 'verdict': '点数絞り', 'max_combo_prob': 0.1158, 'est_top_odds': 11.5, 'circle_concentration': 77.0, 'eligible_count': 8, 'bet_adj': 0, 'reason': 'rel_win1=65.5%（本命度） / 最有力組み合わせ確率: 0.116（推定実オッズ?12倍） / 2着集中度: 上位2艇 77.0%（補正+0.04） / 総合判定確率: 0.156 / → ヒモはやや固め。上位2艇以外を切ること', 'tenji_trigger': '展示確認: 1号艇伸び良→そのまま採用。悪→飛び組に差し替え。circle_pct上位2艇に絞り込むこと。'}",,,27.2,逃げ狙い,13.67,29.6,4,,,,,0,0,0.7559,0,,逃げ軸流し,A
2025-04-28,丸亀,1,2,吉川晴人,B1,21.32,2,,12.5705,51.8,89,50,0.1664,3.84,,,0,低,98,0,差0% ま0%,,0,43.2,0.8414,0,0.15,0.05,0,0,0.02,0.02,0.1657,,,E,◎,,0.2376,0.6235,,0.5602,A,75,0,◎-○軸 3着3〜4艇流し（10〜15点）,0.5777,"{'is_target': True, 'verdict': '点数絞り', 'max_combo_prob': 0.1158, 'est_top_odds': 11.5, 'circle_concentration': 77.0, 'eligible_count': 8, 'bet_adj': 0, 'reason': 'rel_win1=65.5%（本命度） / 最有力組み合わせ確率: 0.116（推定実オッズ?12倍） / 2着集中度: 上位2艇 77.0%（補正+0.04） / 総合判定確率: 0.156 / → ヒモはやや固め。上位2艇以外を切ること', 'tenji_trigger': '展示確認: 1号艇伸び良→そのまま採用。悪→飛び組に差し替え。circle_pct上位2艇に絞り込むこと。'}",,,27.2,逃げ狙い,13.67,29.6,4,,,,,,,,,,,
2025-04-28,丸亀,1,3,松田隆司,B1,27.01,3,▲,8.9536,25.2,100,49.2,0.1615,3.2985,,,0,低,135,0,ま0% 差ま0%,,0,33.6,0.9202,0,0,0.037,0.037,0,0.0444,0.1889,0.1148,,,C,○,,0.2601,0.606,,0.5602,A,75,0,◎-○軸 3着3〜4艇流し（10〜15点）,0.5777,"{'is_target': True, 'verdict': '点数絞り', 'max_combo_prob': 0.1158, 'est_top_odds': 11.5, 'circle_concentration': 77.0, 'eligible_count': 8, 'bet_adj': 0, 'reason': 'rel_win1=65.5%（本命度） / 最有力組み合わせ確率: 0.116（推定実オッズ?12倍） / 2着集中度: 上位2艇 77.0%（補正+0.04） / 総合判定確率: 0.156 / → ヒモはやや固め。上位2艇以外を切ること', 'tenji_trigger': '展示確認: 1号艇伸び良→そのまま採用。悪→飛び組に差し替え。circle_pct上位2艇に絞り込むこと。'}",,,27.2,逃げ狙い,13.67,29.6,4,,,,,,,,,,,
2025-04-28,丸亀,1,4,杉山太陽,B1,34.46,4,○,8.3262,14.2,86,22.7,0.1659,3.1818,,,0,低,87,0,-,,0,89.9,1.6102,,,,,,0,0.375,0.25,,,B,△,,0.2787,0.583,,0.5602,A,75,0,◎-○軸 3着3〜4艇流し（10〜15点）,0.5777,"{'is_target': True, 'verdict': '点数絞り', 'max_combo_prob': 0.1158, 'est_top_odds': 11.5, 'circle_concentration': 77.0, 'eligible_count': 8, 'bet_adj': 0, 'reason': 'rel_win1=65.5%（本命度） / 最有力組み合わせ確率: 0.116（推定実オッズ?12倍） / 2着集中度: 上位2艇 77.0%（補正+0.04） / 総合判定確率: 0.156 / → ヒモはやや固め。上位2艇以外を切ること', 'tenji_trigger': '展示確認: 1号艇伸び良→そのまま採用。悪→飛び組に差し替え。circle_pct上位2艇に絞り込むこと。'}",,,27.2,逃げ狙い,13.67,29.6,4,,,,,,,,,,,
2025-04-28,丸亀,1,5,畑田希咲,B2,28.67,5,△,2.746,4.4,40,0,0.1718,3.9706,,,0,低,81,0,-,,0,24.5,0.6638,,,,,,0,0.3778,0.3333,,,C,,,0.2629,0.4605,,0.5602,A,75,0,◎-○軸 3着3〜4艇流し（10〜15点）,0.5777,"{'is_target': True, 'verdict': '点数絞り', 'max_combo_prob': 0.1158, 'est_top_odds': 11.5, 'circle_concentration': 77.0, 'eligible_count': 8, 'bet_adj': 0, 'reason': 'rel_win1=65.5%（本命度） / 最有力組み合わせ確率: 0.116（推定実オッズ?12倍） / 2着集中度: 上位2艇 77.0%（補正+0.04） / 総合判定確率: 0.156 / → ヒモはやや固め。上位2艇以外を切ること', 'tenji_trigger': '展示確認: 1号艇伸び良→そのまま採用。悪→飛び組に差し替え。circle_pct上位2艇に絞り込むこと。'}",,,27.2,逃げ狙い,13.67,29.6,4,,,,,,,,,,,
2025-04-28,丸亀,1,6,安達美帆,B1,21.74,6,,1.8747,4.4,67,28.6,0.2157,3.8571,,,0,低,49,1,-,,0,30.2,1.1678,,,,,,0.25,0.5,0.25,,,D,△,,0.135,0.53,,0.5602,A,75,0,◎-○軸 3着3〜4艇流し（10〜15点）,0.5777,"{'is_target': True, 'verdict': '点数絞り', 'max_combo_prob': 0.1158, 'est_top_odds': 11.5, 'circle_concentration': 77.0, 'eligible_count': 8, 'bet_adj': 0, 'reason': 'rel_win1=65.5%（本命度） / 最有力組み合わせ確率: 0.116（推定実オッズ?12倍） / 2着集中度: 上位2艇 77.0%（補正+0.04） / 総合判定確率: 0.156 / → ヒモはやや固め。上位2艇以外を切ること', 'tenji_trigger': '展示確認: 1号艇伸び良→そのまま採用。悪→飛び組に差し替え。circle_pct上位2艇に絞り込むこと。'}",,,27.2,逃げ狙い,13.67,29.6,4,,,,,,,,,,,
2025-04-28,丸亀,2,1,倉田郁美,B1,30.77,1,◎,43.7242,,0,36.8,0.2137,4.2632,,,0,低,77,0,-,,0,20.6,0.549,,,,,,0.625,0.25,0,,,D,,,,0.5695,,0.0644,D,24,1,大荒れ。見送り推奨,0.5777,"{'is_target': False, 'verdict': '対象外', 'max_combo_prob': None, 'est_top_odds': None, 'circle_concentration': None, 'eligible_count': 0, 'bet_adj': 0, 'reason': '1号艇rel_win1 < 45%: 通常判定に委ねる', 'tenji_trigger': ''}",,,40.4,両建て推奨,17.37,49.9,2,2-1-3|2-1-4|2-1-5|2-3-1|2-3-4|2-5-3|2-3-5|1-2-3|1-2-4|1-3-2|1-3-4,2-1-3|2-1-4|2-1-5|2-3-1|2-3-4|2-5-3|2-3-5|4-5-6|1-2-3|1-2-4|1-3-2|1-3-4,2-1-3:3.05%|2-1-4:1.92%|2-1-5:1.32%|2-3-1:0.87%|2-3-4:0.66%|2-5-3:0.48%|2-3-5:0.45%|1-2-3:4.83%|1-2-4:4.68%|1-3-2:3.46%|1-3-4:3.22%,2-1-3:B_main|2-1-4:B_main|2-1-5:B_main|2-3-1:B_main|2-3-4:B_main|2-5-3:B_main|2-3-5:B_main|1-2-3:A|1-2-4:A|1-3-2:A|1-3-4:A,11,12,0.2915,1,[!]見送り推奨（主役決まり手「差し」― 逃げ劣勢レースで的中実績なし）,主役軸流し,B
2025-04-28,丸亀,2,2,竹之内極,B1,43.66,2,○,22.3809,39.6,91,65.5,0.1618,3.4273,,,0,低,124,0,差0%,,0,55,1.1709,0,0.0769,0,0,0,0.075,0.365,0,,◎,B,○,,0.5665,0.65,,0.0644,D,24,1,大荒れ。見送り推奨,0.5777,"{'is_target': False, 'verdict': '対象外', 'max_combo_prob': None, 'est_top_odds': None, 'circle_concentration': None, 'eligible_count': 0, 'bet_adj': 0, 'reason': '1号艇rel_win1 < 45%: 通常判定に委ねる', 'tenji_trigger': ''}",,,40.4,両建て推奨,17.37,49.9,2,,,,,,,,,,,
2025-04-28,丸亀,2,3,森　照夫,B1,37.91,3,▲,20.0774,22.6,54,50.9,0.1487,2.7264,,,0,低,77,0,-,,0,96,2.0013,0,0,0.05,0,0,0.0667,0.0444,0.2167,,,C,△,,0.4603,0.6095,,0.0644,D,24,1,大荒れ。見送り推奨,0.5777,"{'is_target': False, 'verdict': '対象外', 'max_combo_prob': None, 'est_top_odds': None, 'circle_concentration': None, 'eligible_count': 0, 'bet_adj': 0, 'reason': '1号艇rel_win1 < 45%: 通常判定に委ねる', 'tenji_trigger': ''}",,,40.4,両建て推奨,17.37,49.9,2,,,,,,,,,,,
2025-04-28,丸亀,2,4,西澤日花,B1,30.28,4,,7.6133,11.3,100,54.5,0.1686,3.2045,,,0,低,64,0,-,,0,50,1.0496,,,,,,0.32,0.28,0.08,,○,E,,,0.4883,0.599,,0.0644,D,24,1,大荒れ。見送り推奨,0.5777,"{'is_target': False, 'verdict': '対象外', 'max_combo_prob': None, 'est_top_odds': None, 'circle_concentration': None, 'eligible_count': 0, 'bet_adj': 0, 'reason': '1号艇rel_win1 < 45%: 通常判定に委ねる', 'tenji_trigger': ''}",,,40.4,両建て推奨,17.37,49.9,2,,,,,,,,,,,
2025-04-28,丸亀,2,5,渡部　悟,A2,30.99,5,,3.1828,21.8,73,47.4,0.1574,3.2807,,,0,低,79,0,-,,0,29.2,0.6686,,,,,,0.1639,0.1194,0.0296,,△,D,◎,,0.485,0.66,,0.0644,D,24,1,大荒れ。見送り推奨,0.5777,"{'is_target': False, 'verdict': '対象外', 'max_combo_prob': None, 'est_top_odds': None, 'circle_concentration': None, 'eligible_count': 0, 'bet_adj': 0, 'reason': '1号艇rel_win1 < 45%: 通常判定に委ねる', 'tenji_trigger': ''}",,,40.4,両建て推奨,17.37,49.9,2,,,,,,,,,,,
2025-04-28,丸亀,2,6,佐藤大介,A1,48.82,6,△,3.0214,4.6,53,35.4,0.2077,4.6875,,,0,低,122,0,-,,0,57.6,1.3522,,,,,,0.1617,0.0316,0.0105,,,A,△,,0.3291,0.6205,,0.0644,D,24,1,大荒れ。見送り推奨,0.5777,"{'is_target': False, 'verdict': '対象外', 'max_combo_prob': None, 'est_top_odds': None, 'circle_concentration': None, 'eligible_count': 0, 'bet_adj': 0, 'reason': '1号艇rel_win1 < 45%: 通常判定に委ねる', 'tenji_trigger': ''}",,,40.4,両建て推奨,17.37,49.9,2,,,,,,,,,,,
2025-04-28,丸亀,3,1,山口修路,B1,27.08,1,◎,49.4858,,0,88.2,0.1562,3.0147,,,0,低,181,0,逃0%,,0,86.4,1.1016,0.3077,,,,,0.1538,0.3077,0.1538,○,,D,,,,0.527,,0.4268,A,73,0,◎-○軸 3着3〜4艇流し（10〜15点）,0.5777,"{'is_target': True, 'verdict': '点数絞り', 'max_combo_prob': 0.0969, 'est_top_odds': 13.8, 'circle_concentration': 78.5, 'eligible_count': 8, 'bet_adj': 0, 'reason': 'rel_win1=49.5%（本命度） / 最有力組み合わせ確率: 0.097（推定実オッズ?14倍） / 2着集中度: 上位2艇 78.5%（補正+0.04） / 総合判定確率: 0.137 / → ヒモはやや固め。上位2艇以外を切ること', 'tenji_trigger': '展示確認: 1号艇伸び良→そのまま採用。悪→飛び組に差し替え。circle_pct上位2艇に絞り込むこと。'}",,,30.7,逃げ狙い,16.73,36.9,3,,,,,0,0,0.6155,0,,主役軸流し,B
2025-04-28,丸亀,3,2,峰重侑治,B1,31.25,2,△,17.6575,56.8,63,52.9,0.1921,3.8235,,,0,低,114,0,-,,0,81.8,0.831,0,0.2,0,0,0,0.2267,0.0533,0,,,C,△,,0.097,0.6135,,0.4268,A,73,0,◎-○軸 3着3〜4艇流し（10〜15点）,0.5777,"{'is_target': True, 'verdict': '点数絞り', 'max_combo_prob': 0.0969, 'est_top_odds': 13.8, 'circle_concentration': 78.5, 'eligible_count': 8, 'bet_adj': 0, 'reason': 'rel_win1=49.5%（本命度） / 最有力組み合わせ確率: 0.097（推定実オッズ?14倍） / 2着集中度: 上位2艇 78.5%（補正+0.04） / 総合判定確率: 0.137 / → ヒモはやや固め。上位2艇以外を切ること', 'tenji_trigger': '展示確認: 1号艇伸び良→そのまま採用。悪→飛び組に差し替え。circle_pct上位2艇に絞り込むこと。'}",,,30.7,逃げ狙い,16.73,36.9,3,,,,,,,,,,,
2025-04-28,丸亀,3,3,蜂須瑞生,A2,28.13,3,▲,18.2227,21.7,100,60.7,0.1461,2.6607,,,0,低,55,0,ま0% 差ま0%,,0,66.7,1.3571,0,0,0.125,0.0625,0,0.1117,0.2589,0,,◎,D,△,,0.3525,0.6075,,0.4268,A,73,0,◎-○軸 3着3〜4艇流し（10〜15点）,0.5777,"{'is_target': True, 'verdict': '点数絞り', 'max_combo_prob': 0.0969, 'est_top_odds': 13.8, 'circle_concentration': 78.5, 'eligible_count': 8, 'bet_adj': 0, 'reason': 'rel_win1=49.5%（本命度） / 最有力組み合わせ確率: 0.097（推定実オッズ?14倍） / 2着集中度: 上位2艇 78.5%（補正+0.04） / 総合判定確率: 0.137 / → ヒモはやや固め。上位2艇以外を切ること', 'tenji_trigger': '展示確認: 1号艇伸び良→そのまま採用。悪→飛び組に差し替え。circle_pct上位2艇に絞り込むこと。'}",,,30.7,逃げ狙い,16.73,36.9,3,,,,,,,,,,,
2025-04-28,丸亀,3,4,三原　司,B1,46.32,4,○,9.5803,11.8,64,31.5,0.1869,4.1667,,,0,低,167,0,-,,0,32.8,0.8598,0,0.0385,0,0,0,0.2452,0.2071,0.0571,,,A,○,,0.1597,0.624,,0.4268,A,73,0,◎-○軸 3着3〜4艇流し（10〜15点）,0.5777,"{'is_target': True, 'verdict': '点数絞り', 'max_combo_prob': 0.0969, 'est_top_odds': 13.8, 'circle_concentration': 78.5, 'eligible_count': 8, 'bet_adj': 0, 'reason': 'rel_win1=49.5%（本命度） / 最有力組み合わせ確率: 0.097（推定実オッズ?14倍） / 2着集中度: 上位2艇 78.5%（補正+0.04） / 総合判定確率: 0.137 / → ヒモはやや固め。上位2艇以外を切ること', 'tenji_trigger': '展示確認: 1号艇伸び良→そのまま採用。悪→飛び組に差し替え。circle_pct上位2艇に絞り込むこと。'}",,,30.7,逃げ狙い,16.73,36.9,3,,,,,,,,,,,
2025-04-28,丸亀,3,5,佐藤ほの,B1,24.65,5,,3.7914,5.1,45,13.8,0.1693,3.069,,,0,低,65,0,-,,0,26.4,0.6598,,,,,,0.3333,0.4444,0.1111,,,E,,,0.2723,0.5605,,0.4268,A,73,0,◎-○軸 3着3〜4艇流し（10〜15点）,0.5777,"{'is_target': True, 'verdict': '点数絞り', 'max_combo_prob': 0.0969, 'est_top_odds': 13.8, 'circle_concentration': 78.5, 'eligible_count': 8, 'bet_adj': 0, 'reason': 'rel_win1=49.5%（本命度） / 最有力組み合わせ確率: 0.097（推定実オッズ?14倍） / 2着集中度: 上位2艇 78.5%（補正+0.04） / 総合判定確率: 0.137 / → ヒモはやや固め。上位2艇以外を切ること', 'tenji_trigger': '展示確認: 1号艇伸び良→そのまま採用。悪→飛び組に差し替え。circle_pct上位2艇に絞り込むこと。'}",,,30.7,逃げ狙い,16.73,36.9,3,,,,,,,,,,,
2025-04-28,丸亀,3,6,片橋幸貴,A1,29.25,6,,1.2624,4.6,81,40.5,0.1995,4.6081,,,0,低,80,0,-,,0,26.4,1.5564,,,,,,0.0308,0.0462,0.2615,,,C,◎,,0.1722,0.629,,0.4268,A,73,0,◎-○軸 3着3〜4艇流し（10〜15点）,0.5777,"{'is_target': True, 'verdict': '点数絞り', 'max_combo_prob': 0.0969, 'est_top_odds': 13.8, 'circle_concentration': 78.5, 'eligible_count': 8, 'bet_adj': 0, 'reason': 'rel_win1=49.5%（本命度） / 最有力組み合わせ確率: 0.097（推定実オッズ?14倍） / 2着集中度: 上位2艇 78.5%（補正+0.04） / 総合判定確率: 0.137 / → ヒモはやや固め。上位2艇以外を切ること', 'tenji_trigger': '展示確認: 1号艇伸び良→そのまま採用。悪→飛び組に差し替え。circle_pct上位2艇に絞り込むこと。'}",,,30.7,逃げ狙い,16.73,36.9,3,,,,,,,,,,,
2025-04-28,丸亀,4,1,今坂晃広,B1,40.40,1,◎,50.5892,,0,75,0.184,3.9167,,,0,低,154,0,逃1%,,0,60.5,0.9697,0.5769,,,,,0.0462,0.1969,0.0462,△,,A,◎,,,0.681,,0.2611,A,65,0,◎-○軸 3着3〜4艇流し（10〜15点）,0.5777,"{'is_target': True, 'verdict': '点数絞り', 'max_combo_prob': 0.1092, 'est_top_odds': 12.2, 'circle_concentration': 72.1, 'eligible_count': 8, 'bet_adj': 0, 'reason': 'rel_win1=50.6%（本命度） / 最有力組み合わせ確率: 0.109（推定実オッズ?12倍） / 2着集中度: 上位2艇 72.1%（補正+0.04） / 総合判定確率: 0.149 / → ヒモはやや固め。上位2艇以外を切ること', 'tenji_trigger': '展示確認: 1号艇伸び良→そのまま採用。悪→飛び組に差し替え。circle_pct上位2艇に絞り込むこと。\n展示で1号艇スタート遅め(0.184秒)確認→ヒモが荒れやすい'}",,,28.6,逃げ狙い,16.93,30.8,5,3-1-4|3-1-5|1-3-4|1-3-2|1-2-3|1-4-3|1-2-4,6-1-2|6-1-4|4-1-5|3-1-4|6-2-1|3-1-5|6-4-1|1-3-4|1-3-2|1-2-3|1-4-3|1-2-4,3-1-4:2.46%|3-1-5:2.02%|1-3-4:7.56%|1-3-2:6.97%|1-2-3:4.12%|1-4-3:4.0%|1-2-4:3.9%,3-1-4:B_main|3-1-5:B_main|1-3-4:A|1-3-2:A|1-2-3:A|1-4-3:A|1-2-4:A,7,12,0.4535,1,[!]見送り推奨（主役決まり手「まくり差し」― 逃げ劣勢レースで的中実績なし）,荒れ広め,D
2025-04-28,丸亀,4,2,中嶋達也,B1,32.00,2,△,8.8623,16.1,48,23.4,0.1898,3.7344,,,0,低,136,0,-,,0,100,0.5462,,,,,,0.1429,0.3333,0.1905,,,C,,,0.2764,0.5685,,0.2611,A,65,0,◎-○軸 3着3〜4艇流し（10〜15点）,0.5777,"{'is_target': True, 'verdict': '点数絞り', 'max_combo_prob': 0.1092, 'est_top_odds': 12.2, 'circle_concentration': 72.1, 'eligible_count': 8, 'bet_adj': 0, 'reason': 'rel_win1=50.6%（本命度） / 最有力組み合わせ確率: 0.109（推定実オッズ?12倍） / 2着集中度: 上位2艇 72.1%（補正+0.04） / 総合判定確率: 0.149 / → ヒモはやや固め。上位2艇以外を切ること', 'tenji_trigger': '展示確認: 1号艇伸び良→そのまま採用。悪→飛び組に差し替え。circle_pct上位2艇に絞り込むこと。\n展示で1号艇スタート遅め(0.184秒)確認→ヒモが荒れやすい'}",,,28.6,逃げ狙い,16.93,30.8,5,,,,,,,,,,,
2025-04-28,丸亀,4,3,楠原翔太,B1,28.38,3,▲,15.0763,52.9,56,60.7,0.1536,3.1875,,,0,低,104,0,-,,0,90.2,1.9565,0,0.0417,0,0.0833,0.0417,0.0143,0.0429,0.1,,◎,D,△,,0.4655,0.627,,0.2611,A,65,0,◎-○軸 3着3〜4艇流し（10〜15点）,0.5777,"{'is_target': True, 'verdict': '点数絞り', 'max_combo_prob': 0.1092, 'est_top_odds': 12.2, 'circle_concentration': 72.1, 'eligible_count': 8, 'bet_adj': 0, 'reason': 'rel_win1=50.6%（本命度） / 最有力組み合わせ確率: 0.109（推定実オッズ?12倍） / 2着集中度: 上位2艇 72.1%（補正+0.04） / 総合判定確率: 0.149 / → ヒモはやや固め。上位2艇以外を切ること', 'tenji_trigger': '展示確認: 1号艇伸び良→そのまま採用。悪→飛び組に差し替え。circle_pct上位2艇に絞り込むこと。\n展示で1号艇スタート遅め(0.184秒)確認→ヒモが荒れやすい'}",,,28.6,逃げ狙い,16.93,30.8,5,,,,,,,,,,,
2025-04-28,丸亀,4,4,米田隆弘,A2,25.20,4,,6.2169,10.9,100,55.2,0.1512,3.5597,,,0,低,143,0,-,,0,39,0.8196,0,0,0,0.0345,0.0345,0.0625,0.1607,0.025,,○,E,△,,0.4382,0.624,,0.2611,A,65,0,◎-○軸 3着3〜4艇流し（10〜15点）,0.5777,"{'is_target': True, 'verdict': '点数絞り', 'max_combo_prob': 0.1092, 'est_top_odds': 12.2, 'circle_concentration': 72.1, 'eligible_count': 8, 'bet_adj': 0, 'reason': 'rel_win1=50.6%（本命度） / 最有力組み合わせ確率: 0.109（推定実オッズ?12倍） / 2着集中度: 上位2艇 72.1%（補正+0.04） / 総合判定確率: 0.149 / → ヒモはやや固め。上位2艇以外を切ること', 'tenji_trigger': '展示確認: 1号艇伸び良→そのまま採用。悪→飛び組に差し替え。circle_pct上位2艇に絞り込むこと。\n展示で1号艇スタート遅め(0.184秒)確認→ヒモが荒れやすい'}",,,28.6,逃げ狙い,16.93,30.8,5,,,,,,,,,,,
2025-04-28,丸亀,4,5,平山智加,A1,40.26,5,○,16.9019,19.2,54,66.7,0.19,3.2778,,,0,低,46,0,-,,0,28,3.1324,0,0,0,0.1429,0.1429,0,0.1818,0.1818,,,B,○,,0.3201,0.651,,0.2611,A,65,0,◎-○軸 3着3〜4艇流し（10〜15点）,0.5777,"{'is_target': True, 'verdict': '点数絞り', 'max_combo_prob': 0.1092, 'est_top_odds': 12.2, 'circle_concentration': 72.1, 'eligible_count': 8, 'bet_adj': 0, 'reason': 'rel_win1=50.6%（本命度） / 最有力組み合わせ確率: 0.109（推定実オッズ?12倍） / 2着集中度: 上位2艇 72.1%（補正+0.04） / 総合判定確率: 0.149 / → ヒモはやや固め。上位2艇以外を切ること', 'tenji_trigger': '展示確認: 1号艇伸び良→そのまま採用。悪→飛び組に差し替え。circle_pct上位2艇に絞り込むこと。\n展示で1号艇スタート遅め(0.184秒)確認→ヒモが荒れやすい'}",,,28.6,逃げ狙い,16.93,30.8,5,,,,,,,,,,,
2025-04-28,丸亀,4,6,小川広大,B1,33.13,6,,2.3534,0.9,43,18.2,0.2125,4.9182,,,0,低,185,0,-,,0,30.2,0.8022,,,,,,0.2545,0.0545,0.2909,,,C,,,0.2494,0.5845,,0.2611,A,65,0,◎-○軸 3着3〜4艇流し（10〜15点）,0.5777,"{'is_target': True, 'verdict': '点数絞り', 'max_combo_prob': 0.1092, 'est_top_odds': 12.2, 'circle_concentration': 72.1, 'eligible_count': 8, 'bet_adj': 0, 'reason': 'rel_win1=50.6%（本命度） / 最有力組み合わせ確率: 0.109（推定実オッズ?12倍） / 2着集中度: 上位2艇 72.1%（補正+0.04） / 総合判定確率: 0.149 / → ヒモはやや固め。上位2艇以外を切ること', 'tenji_trigger': '展示確認: 1号艇伸び良→そのまま採用。悪→飛び組に差し替え。circle_pct上位2艇に絞り込むこと。\n展示で1号艇スタート遅め(0.184秒)確認→ヒモが荒れやすい'}",,,28.6,逃げ狙い,16.93,30.8,5,,,,,,,,,,,
2025-04-28,丸亀,5,1,村上功祐,B1,26.97,1,◎,49.4429,,0,86.5,0.1508,3.3173,,,0,低,96,0,逃0%,,0,88.6,1.1476,0.4,,,,,0.0533,0.1733,0.1267,○,,D,◎,,,0.641,,0.4057,A,79,0,◎-○軸 3着3〜4艇流し（10〜15点）,0.5777,"{'is_target': True, 'verdict': '参加推奨', 'max_combo_prob': 0.0723, 'est_top_odds': 18.4, 'circle_concentration': 75.6, 'eligible_count': 8, 'bet_adj': 2, 'reason': 'rel_win1=49.4%（本命度） / 最有力組み合わせ確率: 0.072（推定実オッズ?18倍） / 2着集中度: 上位2艇 75.6%（補正+0.04） / 総合判定確率: 0.112 / → ヒモ分散。1号艇1着固定で広めのヒモ流し推奨（買い目+2点）', 'tenji_trigger': '展示確認: ヒモ分散レース。1号艇伸び確認後、広めのヒモ流しを採用。穴ヒモ（5・6号艇）を積極的に含める。'}",,,23.2,逃げ狙い,16.73,29.7,4,,,,,0,0,0.6155,0,,逃げ軸流し,A
2025-04-28,丸亀,5,2,梅原祥平,B1,29.17,2,▲,14.3845,35.9,53,38.1,0.1471,3.4405,,,0,低,64,0,差0%,,0,23.4,0.6969,0,0.0667,0,0,0,0.25,0.3167,0,,◎,C,△,,0.359,0.577,,0.4057,A,79,0,◎-○軸 3着3〜4艇流し（10〜15点）,0.5777,"{'is_target': True, 'verdict': '参加推奨', 'max_combo_prob': 0.0723, 'est_top_odds': 18.4, 'circle_concentration': 75.6, 'eligible_count': 8, 'bet_adj': 2, 'reason': 'rel_win1=49.4%（本命度） / 最有力組み合わせ確率: 0.072（推定実オッズ?18倍） / 2着集中度: 上位2艇 75.6%（補正+0.04） / 総合判定確率: 0.112 / → ヒモ分散。1号艇1着固定で広めのヒモ流し推奨（買い目+2点）', 'tenji_trigger': '展示確認: ヒモ分散レース。1号艇伸び確認後、広めのヒモ流しを採用。穴ヒモ（5・6号艇）を積極的に含める。'}",,,23.2,逃げ狙い,16.73,29.7,4,,,,,,,,,,,
2025-04-28,丸亀,5,3,杉田篤光,B1,30.43,3,△,15.6232,39.8,43,66,0.1822,3.91,,,0,低,185,0,差0% ま0% 差ま0% 抜0%,,0,58.6,1.3456,0,0.0435,0.0435,0.0435,0.0435,0.1358,0.0267,0.1624,,,C,△,,0.1514,0.578,,0.4057,A,79,0,◎-○軸 3着3〜4艇流し（10〜15点）,0.5777,"{'is_target': True, 'verdict': '参加推奨', 'max_combo_prob': 0.0723, 'est_top_odds': 18.4, 'circle_concentration': 75.6, 'eligible_count': 8, 'bet_adj': 2, 'reason': 'rel_win1=49.4%（本命度） / 最有力組み合わせ確率: 0.072（推定実オッズ?18倍） / 2着集中度: 上位2艇 75.6%（補正+0.04） / 総合判定確率: 0.112 / → ヒモ分散。1号艇1着固定で広めのヒモ流し推奨（買い目+2点）', 'tenji_trigger': '展示確認: ヒモ分散レース。1号艇伸び確認後、広めのヒモ流しを採用。穴ヒモ（5・6号艇）を積極的に含める。'}",,,23.2,逃げ狙い,16.73,29.7,4,,,,,,,,,,,
2025-04-28,丸亀,5,4,江藤敦宏,B1,28.46,4,,10.3526,2.8,75,26.8,0.1778,3.622,,,0,低,85,0,差0%,,0,49.2,0.8098,0,0.0385,0,0,0,0.2857,0.2857,0.1429,,,D,○,,0.2023,0.6305,,0.4057,A,79,0,◎-○軸 3着3〜4艇流し（10〜15点）,0.5777,"{'is_target': True, 'verdict': '参加推奨', 'max_combo_prob': 0.0723, 'est_top_odds': 18.4, 'circle_concentration': 75.6, 'eligible_count': 8, 'bet_adj': 2, 'reason': 'rel_win1=49.4%（本命度） / 最有力組み合わせ確率: 0.072（推定実オッズ?18倍） / 2着集中度: 上位2艇 75.6%（補正+0.04） / 総合判定確率: 0.112 / → ヒモ分散。1号艇1着固定で広めのヒモ流し推奨（買い目+2点）', 'tenji_trigger': '展示確認: ヒモ分散レース。1号艇伸び確認後、広めのヒモ流しを採用。穴ヒモ（5・6号艇）を積極的に含める。'}",,,23.2,逃げ狙い,16.73,29.7,4,,,,,,,,,,,
2025-04-28,丸亀,5,5,塩崎桐加,A2,32.89,5,○,3.849,17.9,44,35.5,0.1723,3.5484,,,0,低,58,0,-,,0,33.3,0.9917,,,,,,0,0.2727,0.0909,,,B,,,0.2715,0.5535,,0.4057,A,79,0,◎-○軸 3着3〜4艇流し（10〜15点）,0.5777,"{'is_target': True, 'verdict': '参加推奨', 'max_combo_prob': 0.0723, 'est_top_odds': 18.4, 'circle_concentration': 75.6, 'eligible_count': 8, 'bet_adj': 2, 'reason': 'rel_win1=49.4%（本命度） / 最有力組み合わせ確率: 0.072（推定実オッズ?18倍） / 2着集中度: 上位2艇 75.6%（補正+0.04） / 総合判定確率: 0.112 / → ヒモ分散。1号艇1着固定で広めのヒモ流し推奨（買い目+2点）', 'tenji_trigger': '展示確認: ヒモ分散レース。1号艇伸び確認後、広めのヒモ流しを採用。穴ヒモ（5・6号艇）を積極的に含める。'}",,,23.2,逃げ狙い,16.73,29.7,4,,,,,,,,,,,
2025-04-28,丸亀,5,6,上條嘉嗣,A1,30.99,6,,6.3478,3.7,100,44.7,0.2277,4.4681,,,0,低,185,0,差0%,,0,86.8,1.9253,0,0.0625,0,0,0,0.0093,0.1705,0.1132,,,C,,,0.1348,0.573,,0.4057,A,79,0,◎-○軸 3着3〜4艇流し（10〜15点）,0.5777,"{'is_target': True, 'verdict': '参加推奨', 'max_combo_prob': 0.0723, 'est_top_odds': 18.4, 'circle_concentration': 75.6, 'eligible_count': 8, 'bet_adj': 2, 'reason': 'rel_win1=49.4%（本命度） / 最有力組み合わせ確率: 0.072（推定実オッズ?18倍） / 2着集中度: 上位2艇 75.6%（補正+0.04） / 総合判定確率: 0.112 / → ヒモ分散。1号艇1着固定で広めのヒモ流し推奨（買い目+2点）', 'tenji_trigger': '展示確認: ヒモ分散レース。1号艇伸び確認後、広めのヒモ流しを採用。穴ヒモ（5・6号艇）を積極的に含める。'}",,,23.2,逃げ狙い,16.73,29.7,4,,,,,,,,,,,
2025-04-28,丸亀,6,1,藤山翔大,A2,29.73,1,◎,45.9748,,0,82.7,0.1916,4.34,,,0,低,179,0,-,,0,92.8,1.3101,0.5758,,,,,0.1818,0.0909,0.0606,△,,C,,,,0.5395,,0.254,B,59,0,◎○△フォーメーション（15〜20点）,0.5777,"{'is_target': True, 'verdict': '参加推奨', 'max_combo_prob': 0.0642, 'est_top_odds': 20.8, 'circle_concentration': 67.9, 'eligible_count': 9, 'bet_adj': 2, 'reason': 'rel_win1=46.0%（本命度） / 最有力組み合わせ確率: 0.064（推定実オッズ?21倍） / 2着集中度: 上位2艇 67.9%（補正+0.00） / 総合判定確率: 0.064 / → ヒモ分散。1号艇1着固定で広めのヒモ流し推奨（買い目+2点）', 'tenji_trigger': '展示確認: ヒモ分散レース。1号艇伸び確認後、広めのヒモ流しを採用。穴ヒモ（5・6号艇）を積極的に含める。\n展示で1号艇スタート遅め(0.192秒)確認→ヒモが荒れやすい'}",,,36.6,両建て推奨,23.64,33.5,3,3-1-4|1-3-4|1-2-4|1-2-3|1-4-3|1-3-2,6-1-4|6-1-2|3-1-4|6-4-1|5-1-6|5-1-2|6-2-1|1-3-4|1-2-4|1-2-3|1-4-3|1-3-2,3-1-4:2.97%|1-3-4:8.23%|1-2-4:6.72%|1-2-3:6.46%|1-4-3:6.29%|1-3-2:6.03%,3-1-4:B_main|1-3-4:A|1-2-4:A|1-2-3:A|1-4-3:A|1-3-2:A,6,12,0.4535,1,[!]見送り推奨（主役決まり手「まくり差し」― 逃げ劣勢レースで的中実績なし）,荒れ広め,D
2025-04-28,丸亀,6,2,山川雄大,B1,29.41,2,,12.5293,25.1,51,43.6,0.1817,4.0449,,,0,低,168,0,差0% ま0%,,0,36,0.7519,0,0.1429,0.0286,0,0,0.2952,0.0381,0.1571,,△,D,△,,0.4567,0.616,,0.254,B,59,0,◎○△フォーメーション（15〜20点）,0.5777,"{'is_target': True, 'verdict': '参加推奨', 'max_combo_prob': 0.0642, 'est_top_odds': 20.8, 'circle_concentration': 67.9, 'eligible_count': 9, 'bet_adj': 2, 'reason': 'rel_win1=46.0%（本命度） / 最有力組み合わせ確率: 0.064（推定実オッズ?21倍） / 2着集中度: 上位2艇 67.9%（補正+0.00） / 総合判定確率: 0.064 / → ヒモ分散。1号艇1着固定で広めのヒモ流し推奨（買い目+2点）', 'tenji_trigger': '展示確認: ヒモ分散レース。1号艇伸び確認後、広めのヒモ流しを採用。穴ヒモ（5・6号艇）を積極的に含める。\n展示で1号艇スタート遅め(0.192秒)確認→ヒモが荒れやすい'}",,,36.6,両建て推奨,23.64,33.5,3,,,,,,,,,,,
2025-04-28,丸亀,6,3,栗城　匠,A1,25.17,3,△,21.843,40.4,100,74.4,0.1379,2.3953,,,0,低,83,0,差0% ま0% 差ま0%,,0,80.9,1.6329,0,0.0909,0.0909,0.1818,0,0,0.2404,0.1409,,◎,E,○,,0.5172,0.623,,0.254,B,59,0,◎○△フォーメーション（15〜20点）,0.5777,"{'is_target': True, 'verdict': '参加推奨', 'max_combo_prob': 0.0642, 'est_top_odds': 20.8, 'circle_concentration': 67.9, 'eligible_count': 9, 'bet_adj': 2, 'reason': 'rel_win1=46.0%（本命度） / 最有力組み合わせ確率: 0.064（推定実オッズ?21倍） / 2着集中度: 上位2艇 67.9%（補正+0.00） / 総合判定確率: 0.064 / → ヒモ分散。1号艇1着固定で広めのヒモ流し推奨（買い目+2点）', 'tenji_trigger': '展示確認: ヒモ分散レース。1号艇伸び確認後、広めのヒモ流しを採用。穴ヒモ（5・6号艇）を積極的に含める。\n展示で1号艇スタート遅め(0.192秒)確認→ヒモが荒れやすい'}",,,36.6,両建て推奨,23.64,33.5,3,,,,,,,,,,,
2025-04-28,丸亀,6,4,三村岳人,A2,40.56,4,○,9.735,27.6,65,64.1,0.1338,2.7051,,,0,低,53,0,差0%,,0,35.6,0.6194,0,0.1053,0.0526,0,0,0.05,0.025,0.25,,○,A,◎,◎,0.4829,0.6365,0.4808,0.254,B,59,0,◎○△フォーメーション（15〜20点）,0.5777,"{'is_target': True, 'verdict': '参加推奨', 'max_combo_prob': 0.0642, 'est_top_odds': 20.8, 'circle_concentration': 67.9, 'eligible_count': 9, 'bet_adj': 2, 'reason': 'rel_win1=46.0%（本命度） / 最有力組み合わせ確率: 0.064（推定実オッズ?21倍） / 2着集中度: 上位2艇 67.9%（補正+0.00） / 総合判定確率: 0.064 / → ヒモ分散。1号艇1着固定で広めのヒモ流し推奨（買い目+2点）', 'tenji_trigger': '展示確認: ヒモ分散レース。1号艇伸び確認後、広めのヒモ流しを採用。穴ヒモ（5・6号艇）を積極的に含める。\n展示で1号艇スタート遅め(0.192秒)確認→ヒモが荒れやすい'}",,,36.6,両建て推奨,23.64,33.5,3,,,,,,,,,,,
2025-04-28,丸亀,6,5,杉山太陽,B1,34.46,5,▲,6.2181,2.7,48,18,0.1602,3.33,,,0,低,87,0,-,,0,38.7,0.6493,0,0,0,0.0556,0,0,0.375,0.25,,,B,△,,0.3992,0.583,,0.254,B,59,0,◎○△フォーメーション（15〜20点）,0.5777,"{'is_target': True, 'verdict': '参加推奨', 'max_combo_prob': 0.0642, 'est_top_odds': 20.8, 'circle_concentration': 67.9, 'eligible_count': 9, 'bet_adj': 2, 'reason': 'rel_win1=46.0%（本命度） / 最有力組み合わせ確率: 0.064（推定実オッズ?21倍） / 2着集中度: 上位2艇 67.9%（補正+0.00） / 総合判定確率: 0.064 / → ヒモ分散。1号艇1着固定で広めのヒモ流し推奨（買い目+2点）', 'tenji_trigger': '展示確認: ヒモ分散レース。1号艇伸び確認後、広めのヒモ流しを採用。穴ヒモ（5・6号艇）を積極的に含める。\n展示で1号艇スタート遅め(0.192秒)確認→ヒモが荒れやすい'}",,,36.6,両建て推奨,23.64,33.5,3,,,,,,,,,,,
2025-04-28,丸亀,6,6,柴田大輔,B1,31.33,6,,3.6999,4.3,24,15.6,0.2702,4.9222,,,0,低,176,0,-,,0,24.3,0.6067,0,0,0,0.0455,0,0.2769,0.2923,0.2769,,,C,,,0.1237,0.4955,,0.254,B,59,0,◎○△フォーメーション（15〜20点）,0.5777,"{'is_target': True, 'verdict': '参加推奨', 'max_combo_prob': 0.0642, 'est_top_odds': 20.8, 'circle_concentration': 67.9, 'eligible_count': 9, 'bet_adj': 2, 'reason': 'rel_win1=46.0%（本命度） / 最有力組み合わせ確率: 0.064（推定実オッズ?21倍） / 2着集中度: 上位2艇 67.9%（補正+0.00） / 総合判定確率: 0.064 / → ヒモ分散。1号艇1着固定で広めのヒモ流し推奨（買い目+2点）', 'tenji_trigger': '展示確認: ヒモ分散レース。1号艇伸び確認後、広めのヒモ流しを採用。穴ヒモ（5・6号艇）を積極的に含める。\n展示で1号艇スタート遅め(0.192秒)確認→ヒモが荒れやすい'}",,,36.6,両建て推奨,23.64,33.5,3,,,,,,,,,,,
2025-04-28,丸亀,7,1,長岡良也,A2,28.86,1,◎,59.8766,,0,95.1,0.1481,2.6852,,,0,低,104,0,逃1%,,0,88.4,1.2843,0.6667,,,,,0.1417,0.0972,0.1194,◎,,D,○,,,0.6505,,0.5985,S,86,0,◎1着固定 2-3着流し（5〜8点）,0.5777,"{'is_target': True, 'verdict': '参加推奨', 'max_combo_prob': 0.0569, 'est_top_odds': 23.4, 'circle_concentration': 54.2, 'eligible_count': 6, 'bet_adj': 2, 'reason': 'rel_win1=59.9%（本命度） / 最有力組み合わせ確率: 0.057（推定実オッズ?23倍） / 2着集中度: 上位2艇 54.2%（補正-0.04） / 総合判定確率: 0.017 / → ヒモ分散。1号艇1着固定で広めのヒモ流し推奨（買い目+2点）', 'tenji_trigger': '展示確認: ヒモ分散レース。1号艇伸び確認後、広めのヒモ流しを採用。穴ヒモ（5・6号艇）を積極的に含める。'}",,,28.1,逃げ狙い,17.04,29.3,4,,,,,0,0,0.7559,0,,逃げ軸流し,A
2025-04-28,丸亀,7,2,三原　司,B1,46.32,2,○,9.5148,31.4,100,43.8,0.1925,4.4297,,,0,低,167,0,-,,0,66.5,0.7302,0,0.0741,0,0,0,0.2452,0.2071,0.0571,,,A,△,,0.0871,0.624,,0.5985,S,86,0,◎1着固定 2-3着流し（5〜8点）,0.5777,"{'is_target': True, 'verdict': '参加推奨', 'max_combo_prob': 0.0569, 'est_top_odds': 23.4, 'circle_concentration': 54.2, 'eligible_count': 6, 'bet_adj': 2, 'reason': 'rel_win1=59.9%（本命度） / 最有力組み合わせ確率: 0.057（推定実オッズ?23倍） / 2着集中度: 上位2艇 54.2%（補正-0.04） / 総合判定確率: 0.017 / → ヒモ分散。1号艇1着固定で広めのヒモ流し推奨（買い目+2点）', 'tenji_trigger': '展示確認: ヒモ分散レース。1号艇伸び確認後、広めのヒモ流しを採用。穴ヒモ（5・6号艇）を積極的に含める。'}",,,28.1,逃げ狙い,17.04,29.3,4,,,,,,,,,,,
2025-04-28,丸亀,7,3,倉田郁美,B1,30.77,3,,8.4552,20.9,77,37,0.1993,3.5741,,,0,低,77,0,ま0%,,0,19.8,0.7598,0,0,0.1333,0,0,0.625,0.25,0,,,C,,,0.1502,0.5695,,0.5985,S,86,0,◎1着固定 2-3着流し（5〜8点）,0.5777,"{'is_target': True, 'verdict': '参加推奨', 'max_combo_prob': 0.0569, 'est_top_odds': 23.4, 'circle_concentration': 54.2, 'eligible_count': 6, 'bet_adj': 2, 'reason': 'rel_win1=59.9%（本命度） / 最有力組み合わせ確率: 0.057（推定実オッズ?23倍） / 2着集中度: 上位2艇 54.2%（補正-0.04） / 総合判定確率: 0.017 / → ヒモ分散。1号艇1着固定で広めのヒモ流し推奨（買い目+2点）', 'tenji_trigger': '展示確認: ヒモ分散レース。1号艇伸び確認後、広めのヒモ流しを採用。穴ヒモ（5・6号艇）を積極的に含める。'}",,,28.1,逃げ狙い,17.04,29.3,4,,,,,,,,,,,
2025-04-28,丸亀,7,4,深川和仁,B1,27.27,4,,9.7868,14.4,96,49.1,0.1643,3.7642,,,0,低,130,0,-,,0,70.8,1.4451,,,,,,0.2,0.0167,0.05,,,E,,◎,0.2621,0.606,0.2059,0.5985,S,86,0,◎1着固定 2-3着流し（5〜8点）,0.5777,"{'is_target': True, 'verdict': '参加推奨', 'max_combo_prob': 0.0569, 'est_top_odds': 23.4, 'circle_concentration': 54.2, 'eligible_count': 6, 'bet_adj': 2, 'reason': 'rel_win1=59.9%（本命度） / 最有力組み合わせ確率: 0.057（推定実オッズ?23倍） / 2着集中度: 上位2艇 54.2%（補正-0.04） / 総合判定確率: 0.017 / → ヒモ分散。1号艇1着固定で広めのヒモ流し推奨（買い目+2点）', 'tenji_trigger': '展示確認: ヒモ分散レース。1号艇伸び確認後、広めのヒモ流しを採用。穴ヒモ（5・6号艇）を積極的に含める。'}",,,28.1,逃げ狙い,17.04,29.3,4,,,,,,,,,,,
2025-04-28,丸亀,7,5,川崎智稔,B1,28.06,5,△,6.7976,22.8,65,40,0.1398,2.46,,,0,低,62,0,-,,0,30.7,1.3583,0,0,0,0.0455,0.0909,0.2267,0.1733,0.0267,,,D,△,,0.3224,0.6335,,0.5985,S,86,0,◎1着固定 2-3着流し（5〜8点）,0.5777,"{'is_target': True, 'verdict': '参加推奨', 'max_combo_prob': 0.0569, 'est_top_odds': 23.4, 'circle_concentration': 54.2, 'eligible_count': 6, 'bet_adj': 2, 'reason': 'rel_win1=59.9%（本命度） / 最有力組み合わせ確率: 0.057（推定実オッズ?23倍） / 2着集中度: 上位2艇 54.2%（補正-0.04） / 総合判定確率: 0.017 / → ヒモ分散。1号艇1着固定で広めのヒモ流し推奨（買い目+2点）', 'tenji_trigger': '展示確認: ヒモ分散レース。1号艇伸び確認後、広めのヒモ流しを採用。穴ヒモ（5・6号艇）を積極的に含める。'}",,,28.1,逃げ狙い,17.04,29.3,4,,,,,,,,,,,
2025-04-28,丸亀,7,6,丸野一樹,A1,33.57,6,▲,5.5689,10.5,79,64.7,0.1635,4.3824,,,0,低,31,0,抜0%,,0,100,2.5542,0,0,0,0,0.2,0,0.1111,0,,,C,◎,,0.2792,0.6595,,0.5985,S,86,0,◎1着固定 2-3着流し（5〜8点）,0.5777,"{'is_target': True, 'verdict': '参加推奨', 'max_combo_prob': 0.0569, 'est_top_odds': 23.4, 'circle_concentration': 54.2, 'eligible_count': 6, 'bet_adj': 2, 'reason': 'rel_win1=59.9%（本命度） / 最有力組み合わせ確率: 0.057（推定実オッズ?23倍） / 2着集中度: 上位2艇 54.2%（補正-0.04） / 総合判定確率: 0.017 / → ヒモ分散。1号艇1着固定で広めのヒモ流し推奨（買い目+2点）', 'tenji_trigger': '展示確認: ヒモ分散レース。1号艇伸び確認後、広めのヒモ流しを採用。穴ヒモ（5・6号艇）を積極的に含める。'}",,,28.1,逃げ狙い,17.04,29.3,4,,,,,,,,,,,
2025-04-28,丸亀,8,1,山田祐也,A1,26.57,1,◎,66.9633,,0,98.2,0.1409,2.8611,,,0,低,53,0,逃1%,,0,85.4,1.0778,0.7727,,,,,0,0.0455,0.1364,◎,,D,◎,,,0.663,,0.6499,S,92,0,◎1着固定 2-3着流し（5〜8点）,0.5777,"{'is_target': True, 'verdict': '参加推奨', 'max_combo_prob': 0.0834, 'est_top_odds': 16.0, 'circle_concentration': 60.9, 'eligible_count': 6, 'bet_adj': 2, 'reason': 'rel_win1=67.0%（本命度） / 最有力組み合わせ確率: 0.083（推定実オッズ?16倍） / 2着集中度: 上位2艇 60.9%（補正+0.00） / 総合判定確率: 0.083 / → ヒモ分散。1号艇1着固定で広めのヒモ流し推奨（買い目+2点）', 'tenji_trigger': '展示確認: ヒモ分散レース。1号艇伸び確認後、広めのヒモ流しを採用。穴ヒモ（5・6号艇）を積極的に含める。'}",,,26.3,逃げ狙い,17.68,23.5,2,,,,,0,0,0.7559,0,,逃げ軸流し,A
2025-04-28,丸亀,8,2,渡部　悟,A2,30.99,2,○,12.246,38.3,100,73.2,0.1536,3.0268,,,0,低,79,0,-,,0,86.1,1.025,0,0.08,0,0,0,0.1639,0.1194,0.0296,,,B,○,,0.1903,0.66,,0.6499,S,92,0,◎1着固定 2-3着流し（5〜8点）,0.5777,"{'is_target': True, 'verdict': '参加推奨', 'max_combo_prob': 0.0834, 'est_top_odds': 16.0, 'circle_concentration': 60.9, 'eligible_count': 6, 'bet_adj': 2, 'reason': 'rel_win1=67.0%（本命度） / 最有力組み合わせ確率: 0.083（推定実オッズ?16倍） / 2着集中度: 上位2艇 60.9%（補正+0.00） / 総合判定確率: 0.083 / → ヒモ分散。1号艇1着固定で広めのヒモ流し推奨（買い目+2点）', 'tenji_trigger': '展示確認: ヒモ分散レース。1号艇伸び確認後、広めのヒモ流しを採用。穴ヒモ（5・6号艇）を積極的に含める。'}",,,26.3,逃げ狙い,17.68,23.5,2,,,,,,,,,,,
2025-04-28,丸亀,8,3,森晋太郎,B1,24.58,3,,6.8529,21.4,63,51,0.141,2.8824,,,0,低,64,0,-,,0,71.5,1.3767,0,0,0.0476,0.0476,0,0,0.2,0.1333,,,D,△,,0.2883,0.6435,,0.6499,S,92,0,◎1着固定 2-3着流し（5〜8点）,0.5777,"{'is_target': True, 'verdict': '参加推奨', 'max_combo_prob': 0.0834, 'est_top_odds': 16.0, 'circle_concentration': 60.9, 'eligible_count': 6, 'bet_adj': 2, 'reason': 'rel_win1=67.0%（本命度） / 最有力組み合わせ確率: 0.083（推定実オッズ?16倍） / 2着集中度: 上位2艇 60.9%（補正+0.00） / 総合判定確率: 0.083 / → ヒモ分散。1号艇1着固定で広めのヒモ流し推奨（買い目+2点）', 'tenji_trigger': '展示確認: ヒモ分散レース。1号艇伸び確認後、広めのヒモ流しを採用。穴ヒモ（5・6号艇）を積極的に含める。'}",,,26.3,逃げ狙い,17.68,23.5,2,,,,,,,,,,,
2025-04-28,丸亀,8,4,蜂須瑞生,A2,28.13,4,,9.1782,17.4,65,55.6,0.1811,3.1852,,,0,低,55,0,差0% 差ま0%,,0,63.7,1.164,0,0.0714,0,0.0714,0,0.1117,0.2589,0,,,C,,◎,0.1365,0.6075,0.3542,0.6499,S,92,0,◎1着固定 2-3着流し（5〜8点）,0.5777,"{'is_target': True, 'verdict': '参加推奨', 'max_combo_prob': 0.0834, 'est_top_odds': 16.0, 'circle_concentration': 60.9, 'eligible_count': 6, 'bet_adj': 2, 'reason': 'rel_win1=67.0%（本命度） / 最有力組み合わせ確率: 0.083（推定実オッズ?16倍） / 2着集中度: 上位2艇 60.9%（補正+0.00） / 総合判定確率: 0.083 / → ヒモ分散。1号艇1着固定で広めのヒモ流し推奨（買い目+2点）', 'tenji_trigger': '展示確認: ヒモ分散レース。1号艇伸び確認後、広めのヒモ流しを採用。穴ヒモ（5・6号艇）を積極的に含める。'}",,,26.3,逃げ狙い,17.68,23.5,2,,,,,,,,,,,
2025-04-28,丸亀,8,5,楠原翔太,B1,28.38,5,▲,3.8574,22.5,61,49.2,0.1474,3.123,,,0,低,104,0,-,,0,55.4,1.4633,0,0.0417,0,0.0833,0.0417,0.0143,0.0429,0.1,,,C,△,,0.2707,0.627,,0.6499,S,92,0,◎1着固定 2-3着流し（5〜8点）,0.5777,"{'is_target': True, 'verdict': '参加推奨', 'max_combo_prob': 0.0834, 'est_top_odds': 16.0, 'circle_concentration': 60.9, 'eligible_count': 6, 'bet_adj': 2, 'reason': 'rel_win1=67.0%（本命度） / 最有力組み合わせ確率: 0.083（推定実オッズ?16倍） / 2着集中度: 上位2艇 60.9%（補正+0.00） / 総合判定確率: 0.083 / → ヒモ分散。1号艇1着固定で広めのヒモ流し推奨（買い目+2点）', 'tenji_trigger': '展示確認: ヒモ分散レース。1号艇伸び確認後、広めのヒモ流しを採用。穴ヒモ（5・6号艇）を積極的に含める。'}",,,26.3,逃げ狙い,17.68,23.5,2,,,,,,,,,,,
2025-04-28,丸亀,8,6,畑田希咲,B2,28.67,6,△,0.9023,0.3,11,0,0.2278,4.7426,,,0,低,81,0,-,,0,31.5,0.6394,,,,,,0,0.3778,0.3333,,,C,,,0.1376,0.4605,,0.6499,S,92,0,◎1着固定 2-3着流し（5〜8点）,0.5777,"{'is_target': True, 'verdict': '参加推奨', 'max_combo_prob': 0.0834, 'est_top_odds': 16.0, 'circle_concentration': 60.9, 'eligible_count': 6, 'bet_adj': 2, 'reason': 'rel_win1=67.0%（本命度） / 最有力組み合わせ確率: 0.083（推定実オッズ?16倍） / 2着集中度: 上位2艇 60.9%（補正+0.00） / 総合判定確率: 0.083 / → ヒモ分散。1号艇1着固定で広めのヒモ流し推奨（買い目+2点）', 'tenji_trigger': '展示確認: ヒモ分散レース。1号艇伸び確認後、広めのヒモ流しを採用。穴ヒモ（5・6号艇）を積極的に含める。'}",,,26.3,逃げ狙い,17.68,23.5,2,,,,,,,,,,,
2025-04-28,丸亀,9,1,西丸侑太,A2,44.44,1,◎,64.746,,0,87.5,0.15,3.125,,,0,低,100,0,逃1%,,0,87.4,1.1165,0.6786,,,,,0,0.1314,0.0429,◎,,A,△,,,0.6105,,0.5377,S,89,0,◎1着固定 2-3着流し（5〜8点）,0.5777,"{'is_target': True, 'verdict': '参加推奨', 'max_combo_prob': 0.0748, 'est_top_odds': 17.8, 'circle_concentration': 57.5, 'eligible_count': 6, 'bet_adj': 2, 'reason': 'rel_win1=64.7%（本命度） / 最有力組み合わせ確率: 0.075（推定実オッズ?18倍） / 2着集中度: 上位2艇 57.5%（補正+0.00） / 総合判定確率: 0.075 / → ヒモ分散。1号艇1着固定で広めのヒモ流し推奨（買い目+2点）', 'tenji_trigger': '展示確認: ヒモ分散レース。1号艇伸び確認後、広めのヒモ流しを採用。穴ヒモ（5・6号艇）を積極的に含める。'}",,,26,逃げ狙い,14.98,24.9,4,,,,,0,0,0.7559,0,,逃げ軸流し,A
2025-04-28,丸亀,9,2,佐藤ほの,B1,24.65,2,,8.9333,33.6,68,38.2,0.1844,3.6765,,,0,低,65,0,差0% ま0%,,0,68.5,0.666,0,0.1053,0.0526,0,0,0.3333,0.4444,0.1111,,,D,,,0.0717,0.5605,,0.5377,S,89,0,◎1着固定 2-3着流し（5〜8点）,0.5777,"{'is_target': True, 'verdict': '参加推奨', 'max_combo_prob': 0.0748, 'est_top_odds': 17.8, 'circle_concentration': 57.5, 'eligible_count': 6, 'bet_adj': 2, 'reason': 'rel_win1=64.7%（本命度） / 最有力組み合わせ確率: 0.075（推定実オッズ?18倍） / 2着集中度: 上位2艇 57.5%（補正+0.00） / 総合判定確率: 0.075 / → ヒモ分散。1号艇1着固定で広めのヒモ流し推奨（買い目+2点）', 'tenji_trigger': '展示確認: ヒモ分散レース。1号艇伸び確認後、広めのヒモ流しを採用。穴ヒモ（5・6号艇）を積極的に含める。'}",,,26,逃げ狙い,14.98,24.9,4,,,,,,,,,,,
2025-04-28,丸亀,9,3,古賀智之,B1,32.87,3,▲,8.979,23.8,100,48.2,0.165,3.2232,,,0,低,119,0,ま0% 抜0%,,0,39.7,0.9192,0,0,0.0667,0,0.0333,0.05,0.4,0.125,,,C,,,0.214,0.5905,,0.5377,S,89,0,◎1着固定 2-3着流し（5〜8点）,0.5777,"{'is_target': True, 'verdict': '参加推奨', 'max_combo_prob': 0.0748, 'est_top_odds': 17.8, 'circle_concentration': 57.5, 'eligible_count': 6, 'bet_adj': 2, 'reason': 'rel_win1=64.7%（本命度） / 最有力組み合わせ確率: 0.075（推定実オッズ?18倍） / 2着集中度: 上位2艇 57.5%（補正+0.00） / 総合判定確率: 0.075 / → ヒモ分散。1号艇1着固定で広めのヒモ流し推奨（買い目+2点）', 'tenji_trigger': '展示確認: ヒモ分散レース。1号艇伸び確認後、広めのヒモ流しを採用。穴ヒモ（5・6号艇）を積極的に含める。'}",,,26,逃げ狙い,14.98,24.9,4,,,,,,,,,,,
2025-04-28,丸亀,9,4,吉川晴人,B1,21.32,4,△,10.4771,23.5,86,58.6,0.1552,3.2672,,,0,低,98,0,差0% 差ま0%,,0,69.5,1.2551,0,0.05,0,0.1,0,0.02,0.02,0.1657,,,E,○,◎,0.2762,0.6235,0.3927,0.5377,S,89,0,◎1着固定 2-3着流し（5〜8点）,0.5777,"{'is_target': True, 'verdict': '参加推奨', 'max_combo_prob': 0.0748, 'est_top_odds': 17.8, 'circle_concentration': 57.5, 'eligible_count': 6, 'bet_adj': 2, 'reason': 'rel_win1=64.7%（本命度） / 最有力組み合わせ確率: 0.075（推定実オッズ?18倍） / 2着集中度: 上位2艇 57.5%（補正+0.00） / 総合判定確率: 0.075 / → ヒモ分散。1号艇1着固定で広めのヒモ流し推奨（買い目+2点）', 'tenji_trigger': '展示確認: ヒモ分散レース。1号艇伸び確認後、広めのヒモ流しを採用。穴ヒモ（5・6号艇）を積極的に含める。'}",,,26,逃げ狙い,14.98,24.9,4,,,,,,,,,,,
2025-04-28,丸亀,9,5,森　照夫,B1,37.91,5,○,5.8258,15.6,68,41.7,0.1519,2.8958,,,0,低,77,0,-,,0,26.7,1.2269,,,,,,0.0667,0.0444,0.2167,,,B,△,,0.306,0.6095,,0.5377,S,89,0,◎1着固定 2-3着流し（5〜8点）,0.5777,"{'is_target': True, 'verdict': '参加推奨', 'max_combo_prob': 0.0748, 'est_top_odds': 17.8, 'circle_concentration': 57.5, 'eligible_count': 6, 'bet_adj': 2, 'reason': 'rel_win1=64.7%（本命度） / 最有力組み合わせ確率: 0.075（推定実オッズ?18倍） / 2着集中度: 上位2艇 57.5%（補正+0.00） / 総合判定確率: 0.075 / → ヒモ分散。1号艇1着固定で広めのヒモ流し推奨（買い目+2点）', 'tenji_trigger': '展示確認: ヒモ分散レース。1号艇伸び確認後、広めのヒモ流しを採用。穴ヒモ（5・6号艇）を積極的に含める。'}",,,26,逃げ狙い,14.98,24.9,4,,,,,,,,,,,
2025-04-28,丸亀,9,6,米田隆弘,A2,25.20,6,,1.0388,3.4,37,17.2,0.1888,3.9297,,,0,低,143,0,-,,0,35.5,0.775,,,,,,0.0625,0.1607,0.025,,,D,◎,,0.1865,0.624,,0.5377,S,89,0,◎1着固定 2-3着流し（5〜8点）,0.5777,"{'is_target': True, 'verdict': '参加推奨', 'max_combo_prob': 0.0748, 'est_top_odds': 17.8, 'circle_concentration': 57.5, 'eligible_count': 6, 'bet_adj': 2, 'reason': 'rel_win1=64.7%（本命度） / 最有力組み合わせ確率: 0.075（推定実オッズ?18倍） / 2着集中度: 上位2艇 57.5%（補正+0.00） / 総合判定確率: 0.075 / → ヒモ分散。1号艇1着固定で広めのヒモ流し推奨（買い目+2点）', 'tenji_trigger': '展示確認: ヒモ分散レース。1号艇伸び確認後、広めのヒモ流しを採用。穴ヒモ（5・6号艇）を積極的に含める。'}",,,26,逃げ狙い,14.98,24.9,4,,,,,,,,,,,
2025-04-28,丸亀,10,1,和田拓也,A1,31.08,1,◎,61.9691,,0,92.6,0.1137,2.0556,,,0,低,51,0,逃1%,,0,83.1,1.0125,0.8438,,,,,0,0,0.175,◎,,C,◎,,,0.67,,0.7712,S,94,0,◎1着固定 2-3着流し（5〜8点）,0.5777,"{'is_target': True, 'verdict': '点数絞り', 'max_combo_prob': 0.0969, 'est_top_odds': 13.8, 'circle_concentration': 70.0, 'eligible_count': 6, 'bet_adj': 0, 'reason': 'rel_win1=62.0%（本命度） / 最有力組み合わせ確率: 0.097（推定実オッズ?14倍） / 2着集中度: 上位2艇 70.0%（補正+0.04） / 総合判定確率: 0.137 / → ヒモはやや固め。上位2艇以外を切ること', 'tenji_trigger': '展示確認: 1号艇伸び良→そのまま採用。悪→飛び組に差し替え。circle_pct上位2艇に絞り込むこと。\n展示で1号艇スタート超安定(0.114秒)→ヒモ固まり方向に注意'}",,,26.9,逃げ狙い,21.14,22.3,3,,,,,0,0,0.7559,0,,逃げ軸流し,A
2025-04-28,丸亀,10,2,西澤日花,B1,30.28,2,△,10.2674,48.8,77,66.7,0.1757,3.9,,,0,低,64,0,差0%,,0,59.6,1.0626,0,0.125,0,0,0,0.32,0.28,0.08,,,D,△,,0.0784,0.599,,0.7712,S,94,0,◎1着固定 2-3着流し（5〜8点）,0.5777,"{'is_target': True, 'verdict': '点数絞り', 'max_combo_prob': 0.0969, 'est_top_odds': 13.8, 'circle_concentration': 70.0, 'eligible_count': 6, 'bet_adj': 0, 'reason': 'rel_win1=62.0%（本命度） / 最有力組み合わせ確率: 0.097（推定実オッズ?14倍） / 2着集中度: 上位2艇 70.0%（補正+0.04） / 総合判定確率: 0.137 / → ヒモはやや固め。上位2艇以外を切ること', 'tenji_trigger': '展示確認: 1号艇伸び良→そのまま採用。悪→飛び組に差し替え。circle_pct上位2艇に絞り込むこと。\n展示で1号艇スタート超安定(0.114秒)→ヒモ固まり方向に注意'}",,,26.9,逃げ狙い,21.14,22.3,3,,,,,,,,,,,
2025-04-28,丸亀,10,3,藤山翔大,A2,29.73,3,,18.2276,21.2,86,62.7,0.198,3.7255,,,0,低,179,0,ま0%,,0,68.6,1.3985,0,0,0.4091,0,0,0.1818,0.0909,0.0606,,,D,,,0.2053,0.5395,,0.7712,S,94,0,◎1着固定 2-3着流し（5〜8点）,0.5777,"{'is_target': True, 'verdict': '点数絞り', 'max_combo_prob': 0.0969, 'est_top_odds': 13.8, 'circle_concentration': 70.0, 'eligible_count': 6, 'bet_adj': 0, 'reason': 'rel_win1=62.0%（本命度） / 最有力組み合わせ確率: 0.097（推定実オッズ?14倍） / 2着集中度: 上位2艇 70.0%（補正+0.04） / 総合判定確率: 0.137 / → ヒモはやや固め。上位2艇以外を切ること', 'tenji_trigger': '展示確認: 1号艇伸び良→そのまま採用。悪→飛び組に差し替え。circle_pct上位2艇に絞り込むこと。\n展示で1号艇スタート超安定(0.114秒)→ヒモ固まり方向に注意'}",,,26.9,逃げ狙い,21.14,22.3,3,,,,,,,,,,,
2025-04-28,丸亀,10,4,小川広大,B1,33.13,4,▲,3.1648,17.5,51,23.9,0.202,4.2887,,,0,低,185,0,-,,0,78.6,0.2968,,,,,,0.2545,0.0545,0.2909,,,B,△,,0.1262,0.5845,,0.7712,S,94,0,◎1着固定 2-3着流し（5〜8点）,0.5777,"{'is_target': True, 'verdict': '点数絞り', 'max_combo_prob': 0.0969, 'est_top_odds': 13.8, 'circle_concentration': 70.0, 'eligible_count': 6, 'bet_adj': 0, 'reason': 'rel_win1=62.0%（本命度） / 最有力組み合わせ確率: 0.097（推定実オッズ?14倍） / 2着集中度: 上位2艇 70.0%（補正+0.04） / 総合判定確率: 0.137 / → ヒモはやや固め。上位2艇以外を切ること', 'tenji_trigger': '展示確認: 1号艇伸び良→そのまま採用。悪→飛び組に差し替え。circle_pct上位2艇に絞り込むこと。\n展示で1号艇スタート超安定(0.114秒)→ヒモ固まり方向に注意'}",,,26.9,逃げ狙い,21.14,22.3,3,,,,,,,,,,,
2025-04-28,丸亀,10,5,峰重侑治,B1,31.25,5,○,4.9635,11.6,75,35.6,0.1693,3.4889,,,0,低,114,0,-,,0,51.4,0.8164,0,0,0,0.0667,0,0.2267,0.0533,0,,,C,○,,0.1117,0.6135,,0.7712,S,94,0,◎1着固定 2-3着流し（5〜8点）,0.5777,"{'is_target': True, 'verdict': '点数絞り', 'max_combo_prob': 0.0969, 'est_top_odds': 13.8, 'circle_concentration': 70.0, 'eligible_count': 6, 'bet_adj': 0, 'reason': 'rel_win1=62.0%（本命度） / 最有力組み合わせ確率: 0.097（推定実オッズ?14倍） / 2着集中度: 上位2艇 70.0%（補正+0.04） / 総合判定確率: 0.137 / → ヒモはやや固め。上位2艇以外を切ること', 'tenji_trigger': '展示確認: 1号艇伸び良→そのまま採用。悪→飛び組に差し替え。circle_pct上位2艇に絞り込むこと。\n展示で1号艇スタート超安定(0.114秒)→ヒモ固まり方向に注意'}",,,26.9,逃げ狙い,21.14,22.3,3,,,,,,,,,,,
2025-04-28,丸亀,10,6,杉田篤光,B1,30.43,6,,1.4076,0.9,100,39.6,0.2191,4.8868,,,0,低,185,0,-,,0,29.2,1.5733,,,,,,0.1358,0.0267,0.1624,,,D,,,0.1379,0.578,,0.7712,S,94,0,◎1着固定 2-3着流し（5〜8点）,0.5777,"{'is_target': True, 'verdict': '点数絞り', 'max_combo_prob': 0.0969, 'est_top_odds': 13.8, 'circle_concentration': 70.0, 'eligible_count': 6, 'bet_adj': 0, 'reason': 'rel_win1=62.0%（本命度） / 最有力組み合わせ確率: 0.097（推定実オッズ?14倍） / 2着集中度: 上位2艇 70.0%（補正+0.04） / 総合判定確率: 0.137 / → ヒモはやや固め。上位2艇以外を切ること', 'tenji_trigger': '展示確認: 1号艇伸び良→そのまま採用。悪→飛び組に差し替え。circle_pct上位2艇に絞り込むこと。\n展示で1号艇スタート超安定(0.114秒)→ヒモ固まり方向に注意'}",,,26.9,逃げ狙い,21.14,22.3,3,,,,,,,,,,,
2025-04-28,丸亀,11,1,片橋幸貴,A1,29.25,1,◎,55.1076,,0,90,0.143,2.6071,,,0,低,80,0,逃0%,,0,89.2,1.1607,0.5769,,,,,0.0308,0.0462,0.2615,◎,,D,△,,,0.629,,0.6097,A,79,0,◎-○軸 3着3〜4艇流し（10〜15点）,0.5777,"{'is_target': True, 'verdict': '点数絞り', 'max_combo_prob': 0.0938, 'est_top_odds': 14.2, 'circle_concentration': 76.7, 'eligible_count': 8, 'bet_adj': 0, 'reason': 'rel_win1=55.1%（本命度） / 最有力組み合わせ確率: 0.094（推定実オッズ?14倍） / 2着集中度: 上位2艇 76.7%（補正+0.04） / 総合判定確率: 0.134 / → ヒモはやや固め。上位2艇以外を切ること', 'tenji_trigger': '展示確認: 1号艇伸び良→そのまま採用。悪→飛び組に差し替え。circle_pct上位2艇に絞り込むこと。'}",,,28.5,逃げ狙い,21.49,26.6,3,,,,,0,0,0.7559,0,,逃げ軸流し,A
2025-04-28,丸亀,11,2,三村岳人,A2,40.56,2,○,16.9721,52.3,77,71.4,0.1469,3.0857,,,0,低,53,0,差0% ま0%,,0,59.8,1.1902,0,0.1,0.2,0,0,0.05,0.025,0.25,,,B,○,,0.3009,0.6365,,0.6097,A,79,0,◎-○軸 3着3〜4艇流し（10〜15点）,0.5777,"{'is_target': True, 'verdict': '点数絞り', 'max_combo_prob': 0.0938, 'est_top_odds': 14.2, 'circle_concentration': 76.7, 'eligible_count': 8, 'bet_adj': 0, 'reason': 'rel_win1=55.1%（本命度） / 最有力組み合わせ確率: 0.094（推定実オッズ?14倍） / 2着集中度: 上位2艇 76.7%（補正+0.04） / 総合判定確率: 0.134 / → ヒモはやや固め。上位2艇以外を切ること', 'tenji_trigger': '展示確認: 1号艇伸び良→そのまま採用。悪→飛び組に差し替え。circle_pct上位2艇に絞り込むこと。'}",,,28.5,逃げ狙い,21.49,26.6,3,,,,,,,,,,,
2025-04-28,丸亀,11,3,塩崎桐加,A2,32.89,3,△,14.807,24.5,55,56.5,0.1557,3.4783,,,0,低,58,0,ま0% 抜0%,,0,53.4,1.2006,0,0,0.1818,0,0.0909,0,0.2727,0.0909,,,C,,,0.2603,0.5535,,0.6097,A,79,0,◎-○軸 3着3〜4艇流し（10〜15点）,0.5777,"{'is_target': True, 'verdict': '点数絞り', 'max_combo_prob': 0.0938, 'est_top_odds': 14.2, 'circle_concentration': 76.7, 'eligible_count': 8, 'bet_adj': 0, 'reason': 'rel_win1=55.1%（本命度） / 最有力組み合わせ確率: 0.094（推定実オッズ?14倍） / 2着集中度: 上位2艇 76.7%（補正+0.04） / 総合判定確率: 0.134 / → ヒモはやや固め。上位2艇以外を切ること', 'tenji_trigger': '展示確認: 1号艇伸び良→そのまま採用。悪→飛び組に差し替え。circle_pct上位2艇に絞り込むこと。'}",,,28.5,逃げ狙い,21.49,26.6,3,,,,,,,,,,,
2025-04-28,丸亀,11,4,竹之内極,B1,43.66,4,▲,7.5712,13.8,100,49.1,0.168,3.6017,,,0,低,124,0,差0% ま0% 差ま0%,,0,47.5,0.9994,0,0.0357,0.0357,0.0714,0,0.075,0.365,0,,,A,◎,○,0.1986,0.65,0.3317,0.6097,A,79,0,◎-○軸 3着3〜4艇流し（10〜15点）,0.5777,"{'is_target': True, 'verdict': '点数絞り', 'max_combo_prob': 0.0938, 'est_top_odds': 14.2, 'circle_concentration': 76.7, 'eligible_count': 8, 'bet_adj': 0, 'reason': 'rel_win1=55.1%（本命度） / 最有力組み合わせ確率: 0.094（推定実オッズ?14倍） / 2着集中度: 上位2艇 76.7%（補正+0.04） / 総合判定確率: 0.134 / → ヒモはやや固め。上位2艇以外を切ること', 'tenji_trigger': '展示確認: 1号艇伸び良→そのまま採用。悪→飛び組に差し替え。circle_pct上位2艇に絞り込むこと。'}",,,28.5,逃げ狙い,21.49,26.6,3,,,,,,,,,,,
2025-04-28,丸亀,11,5,中嶋達也,B1,32.00,5,,4.6547,7.2,82,31.7,0.1405,2.375,,,0,低,136,0,-,,0,74.9,1.3738,0,0,0.037,0.0741,0,0.1429,0.3333,0.1905,,,D,,◎,0.3083,0.5685,0.4004,0.6097,A,79,0,◎-○軸 3着3〜4艇流し（10〜15点）,0.5777,"{'is_target': True, 'verdict': '点数絞り', 'max_combo_prob': 0.0938, 'est_top_odds': 14.2, 'circle_concentration': 76.7, 'eligible_count': 8, 'bet_adj': 0, 'reason': 'rel_win1=55.1%（本命度） / 最有力組み合わせ確率: 0.094（推定実オッズ?14倍） / 2着集中度: 上位2艇 76.7%（補正+0.04） / 総合判定確率: 0.134 / → ヒモはやや固め。上位2艇以外を切ること', 'tenji_trigger': '展示確認: 1号艇伸び良→そのまま採用。悪→飛び組に差し替え。circle_pct上位2艇に絞り込むこと。'}",,,28.5,逃げ狙い,21.49,26.6,3,,,,,,,,,,,
2025-04-28,丸亀,11,6,松田隆司,B1,27.01,6,,0.8875,2.3,70,16.1,0.2134,4.7143,,,0,低,135,0,-,,0,29.1,0.8267,,,,,,0.0444,0.1889,0.1148,,,E,△,,0.1443,0.606,,0.6097,A,79,0,◎-○軸 3着3〜4艇流し（10〜15点）,0.5777,"{'is_target': True, 'verdict': '点数絞り', 'max_combo_prob': 0.0938, 'est_top_odds': 14.2, 'circle_concentration': 76.7, 'eligible_count': 8, 'bet_adj': 0, 'reason': 'rel_win1=55.1%（本命度） / 最有力組み合わせ確率: 0.094（推定実オッズ?14倍） / 2着集中度: 上位2艇 76.7%（補正+0.04） / 総合判定確率: 0.134 / → ヒモはやや固め。上位2艇以外を切ること', 'tenji_trigger': '展示確認: 1号艇伸び良→そのまま採用。悪→飛び組に差し替え。circle_pct上位2艇に絞り込むこと。'}",,,28.5,逃げ狙い,21.49,26.6,3,,,,,,,,,,,
2025-04-28,丸亀,12,1,平山智加,A1,40.26,1,◎,56.2478,,0,91.4,0.1529,3.5286,,,0,低,46,0,逃0%,,0,97.8,1.3765,0.6364,,,,,0,0.1818,0.1818,◎,,B,△,,,0.651,,0.4667,S,93,0,◎1着固定 2-3着流し（5〜8点）,0.5777,"{'is_target': True, 'verdict': '参加推奨', 'max_combo_prob': 0.0695, 'est_top_odds': 19.2, 'circle_concentration': 71.8, 'eligible_count': 6, 'bet_adj': 2, 'reason': 'rel_win1=56.2%（本命度） / 最有力組み合わせ確率: 0.069（推定実オッズ?19倍） / 2着集中度: 上位2艇 71.8%（補正+0.04） / 総合判定確率: 0.109 / → ヒモ分散。1号艇1着固定で広めのヒモ流し推奨（買い目+2点）', 'tenji_trigger': '展示確認: ヒモ分散レース。1号艇伸び確認後、広めのヒモ流しを採用。穴ヒモ（5・6号艇）を積極的に含める。'}",,,30.2,逃げ狙い,25.23,28.3,3,,,,,0,0,0.7559,0,,逃げ軸流し,A
2025-04-28,丸亀,12,2,佐藤大介,A1,48.82,2,○,13.8136,39,84,78.1,0.1691,3.8516,,,0,低,122,0,-,,0,23.4,0.7343,0,0.125,0.0312,0,0.0625,0.1617,0.0316,0.0105,,,A,,,0.1641,0.6205,,0.4667,S,93,0,◎1着固定 2-3着流し（5〜8点）,0.5777,"{'is_target': True, 'verdict': '参加推奨', 'max_combo_prob': 0.0695, 'est_top_odds': 19.2, 'circle_concentration': 71.8, 'eligible_count': 6, 'bet_adj': 2, 'reason': 'rel_win1=56.2%（本命度） / 最有力組み合わせ確率: 0.069（推定実オッズ?19倍） / 2着集中度: 上位2艇 71.8%（補正+0.04） / 総合判定確率: 0.109 / → ヒモ分散。1号艇1着固定で広めのヒモ流し推奨（買い目+2点）', 'tenji_trigger': '展示確認: ヒモ分散レース。1号艇伸び確認後、広めのヒモ流しを採用。穴ヒモ（5・6号艇）を積極的に含める。'}",,,30.2,逃げ狙い,25.23,28.3,3,,,,,,,,,,,
2025-04-28,丸亀,12,3,丸野一樹,A1,33.57,3,▲,10.8379,32.7,74,93.8,0.1469,2.4062,,,0,低,31,0,差ま0%,,0,68.9,1.5529,0,0,0,0.2857,0,0,0.1111,0,,◎,C,○,,0.3831,0.6595,,0.4667,S,93,0,◎1着固定 2-3着流し（5〜8点）,0.5777,"{'is_target': True, 'verdict': '参加推奨', 'max_combo_prob': 0.0695, 'est_top_odds': 19.2, 'circle_concentration': 71.8, 'eligible_count': 6, 'bet_adj': 2, 'reason': 'rel_win1=56.2%（本命度） / 最有力組み合わせ確率: 0.069（推定実オッズ?19倍） / 2着集中度: 上位2艇 71.8%（補正+0.04） / 総合判定確率: 0.109 / → ヒモ分散。1号艇1着固定で広めのヒモ流し推奨（買い目+2点）', 'tenji_trigger': '展示確認: ヒモ分散レース。1号艇伸び確認後、広めのヒモ流しを採用。穴ヒモ（5・6号艇）を積極的に含める。'}",,,30.2,逃げ狙い,25.23,28.3,3,,,,,,,,,,,
2025-04-28,丸亀,12,4,上條嘉嗣,A1,30.99,4,,7.7852,12,99,57.4,0.2096,4.7407,,,0,低,185,0,-,,0,35.4,0.9189,0,0.08,0.04,0,0,0.0093,0.1705,0.1132,,,D,,○,0.1094,0.573,0.1548,0.4667,S,93,0,◎1着固定 2-3着流し（5〜8点）,0.5777,"{'is_target': True, 'verdict': '参加推奨', 'max_combo_prob': 0.0695, 'est_top_odds': 19.2, 'circle_concentration': 71.8, 'eligible_count': 6, 'bet_adj': 2, 'reason': 'rel_win1=56.2%（本命度） / 最有力組み合わせ確率: 0.069（推定実オッズ?19倍） / 2着集中度: 上位2艇 71.8%（補正+0.04） / 総合判定確率: 0.109 / → ヒモ分散。1号艇1着固定で広めのヒモ流し推奨（買い目+2点）', 'tenji_trigger': '展示確認: ヒモ分散レース。1号艇伸び確認後、広めのヒモ流しを採用。穴ヒモ（5・6号艇）を積極的に含める。'}",,,30.2,逃げ狙い,25.23,28.3,3,,,,,,,,,,,
2025-04-28,丸亀,12,5,山田祐也,A1,26.57,5,△,7.5444,12.2,43,59,0.1395,3.141,,,0,低,53,0,-,,0,28.6,0.8279,0,0,0,0.0667,0,0,0.0455,0.1364,,,D,◎,◎,0.3318,0.663,0.4513,0.4667,S,93,0,◎1着固定 2-3着流し（5〜8点）,0.5777,"{'is_target': True, 'verdict': '参加推奨', 'max_combo_prob': 0.0695, 'est_top_odds': 19.2, 'circle_concentration': 71.8, 'eligible_count': 6, 'bet_adj': 2, 'reason': 'rel_win1=56.2%（本命度） / 最有力組み合わせ確率: 0.069（推定実オッズ?19倍） / 2着集中度: 上位2艇 71.8%（補正+0.04） / 総合判定確率: 0.109 / → ヒモ分散。1号艇1着固定で広めのヒモ流し推奨（買い目+2点）', 'tenji_trigger': '展示確認: ヒモ分散レース。1号艇伸び確認後、広めのヒモ流しを採用。穴ヒモ（5・6号艇）を積極的に含める。'}",,,30.2,逃げ狙い,25.23,28.3,3,,,,,,,,,,,
2025-04-28,丸亀,12,6,栗城　匠,A1,25.17,6,,3.7712,4,100,48,0.164,3.51,,,0,低,83,0,差ま0%,,0,90.1,1.9094,0,0,0,0.0526,0,0,0.2404,0.1409,,,E,△,,0.2513,0.623,,0.4667,S,93,0,◎1着固定 2-3着流し（5〜8点）,0.5777,"{'is_target': True, 'verdict': '参加推奨', 'max_combo_prob': 0.0695, 'est_top_odds': 19.2, 'circle_concentration': 71.8, 'eligible_count': 6, 'bet_adj': 2, 'reason': 'rel_win1=56.2%（本命度） / 最有力組み合わせ確率: 0.069（推定実オッズ?19倍） / 2着集中度: 上位2艇 71.8%（補正+0.04） / 総合判定確率: 0.109 / → ヒモ分散。1号艇1着固定で広めのヒモ流し推奨（買い目+2点）', 'tenji_trigger': '展示確認: ヒモ分散レース。1号艇伸び確認後、広めのヒモ流しを採用。穴ヒモ（5・6号艇）を積極的に含める。'}",,,30.2,逃げ狙い,25.23,28.3,3,,,,,,,,,,,
2025-04-29,丸亀,1,1,安達美帆,B1,21.74,1,◎,50.6361,,0,50,0.1675,4,,,0,低,49,0,-,2,0,48.9,0.7119,,,,,,0.25,0.5,0.25,△⚠️,,E,,,,0.53,,0.2047,C,38,0,荒れ傾向。高配当狙いか見送り,0.5777,"{'is_target': True, 'verdict': '参加推奨', 'max_combo_prob': 0.0766, 'est_top_odds': 17.4, 'circle_concentration': 72.3, 'eligible_count': 6, 'bet_adj': 2, 'reason': 'rel_win1=50.6%（本命度） / 最有力組み合わせ確率: 0.077（推定実オッズ?17倍） / 2着集中度: 上位2艇 72.3%（補正+0.04） / 総合判定確率: 0.117 / → ヒモ分散。1号艇1着固定で広めのヒモ流し推奨（買い目+2点）', 'tenji_trigger': '展示確認: ヒモ分散レース。1号艇伸び確認後、広めのヒモ流しを採用。穴ヒモ（5・6号艇）を積極的に含める。'}",,,32.5,両建て推奨,12.93,45.3,3,3-1-4|3-1-5|3-4-1|3-1-6|3-4-5|3-5-1|3-5-4|1-3-4|1-2-4|1-3-2|1-3-5|1-2-5,3-1-4|3-1-5|3-4-1|3-1-6|3-4-5|3-5-1|3-5-4|1-3-4|1-2-4|1-3-2|1-3-5|1-2-5,3-1-4:2.03%|3-1-5:0.99%|3-4-1:0.72%|3-1-6:0.42%|3-4-5:0.25%|3-5-1:0.21%|3-5-4:0.15%|1-3-4:6.07%|1-2-4:5.35%|1-3-2:4.76%|1-3-5:4.52%|1-2-5:3.98%,3-1-4:B_main|3-1-5:B_main|3-4-1:B_main|3-1-6:B_main|3-4-5:B_main|3-5-1:B_main|3-5-4:B_main|1-3-4:A|1-2-4:A|1-3-2:A|1-3-5:A|1-2-5:A,12,12,0.4535,1,[!]見送り推奨（主役決まり手「まくり差し」― 逃げ劣勢レースで的中実績なし）,主役軸流し,B
2025-04-29,丸亀,1,2,江藤敦宏,B1,28.46,2,△,11.1577,30.9,63,43.9,0.1771,4.061,,,0,低,85,0,差0% ま0% 抜0%,4,0,72.1,0.7453,0,0.0385,0.0385,0,0.0385,0.2857,0.2857,0.1429,,,C,△,,0.2116,0.6305,,0.2047,C,38,0,荒れ傾向。高配当狙いか見送り,0.5777,"{'is_target': True, 'verdict': '参加推奨', 'max_combo_prob': 0.0766, 'est_top_odds': 17.4, 'circle_concentration': 72.3, 'eligible_count': 6, 'bet_adj': 2, 'reason': 'rel_win1=50.6%（本命度） / 最有力組み合わせ確率: 0.077（推定実オッズ?17倍） / 2着集中度: 上位2艇 72.3%（補正+0.04） / 総合判定確率: 0.117 / → ヒモ分散。1号艇1着固定で広めのヒモ流し推奨（買い目+2点）', 'tenji_trigger': '展示確認: ヒモ分散レース。1号艇伸び確認後、広めのヒモ流しを採用。穴ヒモ（5・6号艇）を積極的に含める。'}",,,32.5,両建て推奨,12.93,45.3,3,,,,,,,,,,,
2025-04-29,丸亀,1,3,深川和仁,B1,27.27,3,,13.1103,41.5,55,58,0.184,3.99,,,0,低,130,0,差ま0%,46,0,52.9,1.1212,0,0,0.0476,0.1429,0,0.2,0.0167,0.05,,,C,,,0.2308,0.606,,0.2047,C,38,0,荒れ傾向。高配当狙いか見送り,0.5777,"{'is_target': True, 'verdict': '参加推奨', 'max_combo_prob': 0.0766, 'est_top_odds': 17.4, 'circle_concentration': 72.3, 'eligible_count': 6, 'bet_adj': 2, 'reason': 'rel_win1=50.6%（本命度） / 最有力組み合わせ確率: 0.077（推定実オッズ?17倍） / 2着集中度: 上位2艇 72.3%（補正+0.04） / 総合判定確率: 0.117 / → ヒモ分散。1号艇1着固定で広めのヒモ流し推奨（買い目+2点）', 'tenji_trigger': '展示確認: ヒモ分散レース。1号艇伸び確認後、広めのヒモ流しを採用。穴ヒモ（5・6号艇）を積極的に含める。'}",,,32.5,両建て推奨,12.93,45.3,3,,,,,,,,,,,
2025-04-29,丸亀,1,4,山川雄大,B1,29.41,4,○,13.4992,18.7,100,47.1,0.1737,3.6571,,,0,低,168,0,ま0% 差ま0%,5,0,78.2,1.1887,0,0,0.0606,0.0303,0,0.2952,0.0381,0.1571,,,C,△,◎,0.2651,0.616,0.2323,0.2047,C,38,0,荒れ傾向。高配当狙いか見送り,0.5777,"{'is_target': True, 'verdict': '参加推奨', 'max_combo_prob': 0.0766, 'est_top_odds': 17.4, 'circle_concentration': 72.3, 'eligible_count': 6, 'bet_adj': 2, 'reason': 'rel_win1=50.6%（本命度） / 最有力組み合わせ確率: 0.077（推定実オッズ?17倍） / 2着集中度: 上位2艇 72.3%（補正+0.04） / 総合判定確率: 0.117 / → ヒモ分散。1号艇1着固定で広めのヒモ流し推奨（買い目+2点）', 'tenji_trigger': '展示確認: ヒモ分散レース。1号艇伸び確認後、広めのヒモ流しを採用。穴ヒモ（5・6号艇）を積極的に含める。'}",,,32.5,両建て推奨,12.93,45.3,3,,,,,,,,,,,
2025-04-29,丸亀,1,5,森晋太郎,B1,24.58,5,,8.5303,6.1,61,34.7,0.149,2.7959,,,0,低,64,0,ま0% 差ま0%,4,0,25.1,1.1076,0,0,0.0417,0.0833,0,0,0.2,0.1333,,,D,○,,0.3549,0.6435,,0.2047,C,38,0,荒れ傾向。高配当狙いか見送り,0.5777,"{'is_target': True, 'verdict': '参加推奨', 'max_combo_prob': 0.0766, 'est_top_odds': 17.4, 'circle_concentration': 72.3, 'eligible_count': 6, 'bet_adj': 2, 'reason': 'rel_win1=50.6%（本命度） / 最有力組み合わせ確率: 0.077（推定実オッズ?17倍） / 2着集中度: 上位2艇 72.3%（補正+0.04） / 総合判定確率: 0.117 / → ヒモ分散。1号艇1着固定で広めのヒモ流し推奨（買い目+2点）', 'tenji_trigger': '展示確認: ヒモ分散レース。1号艇伸び確認後、広めのヒモ流しを採用。穴ヒモ（5・6号艇）を積極的に含める。'}",,,32.5,両建て推奨,12.93,45.3,3,,,,,,,,,,,
2025-04-29,丸亀,1,6,今坂晃広,B1,40.40,6,▲,3.0663,2.9,50,14,0.1821,4.2907,,,0,低,154,0,-,1,0,24.9,0.6039,,,,,,0.0462,0.1969,0.0462,,,A,◎,,0.2656,0.681,,0.2047,C,38,0,荒れ傾向。高配当狙いか見送り,0.5777,"{'is_target': True, 'verdict': '参加推奨', 'max_combo_prob': 0.0766, 'est_top_odds': 17.4, 'circle_concentration': 72.3, 'eligible_count': 6, 'bet_adj': 2, 'reason': 'rel_win1=50.6%（本命度） / 最有力組み合わせ確率: 0.077（推定実オッズ?17倍） / 2着集中度: 上位2艇 72.3%（補正+0.04） / 総合判定確率: 0.117 / → ヒモ分散。1号艇1着固定で広めのヒモ流し推奨（買い目+2点）', 'tenji_trigger': '展示確認: ヒモ分散レース。1号艇伸び確認後、広めのヒモ流しを採用。穴ヒモ（5・6号艇）を積極的に含める。'}",,,32.5,両建て推奨,12.93,45.3,3,,,,,,,,,,,
2025-04-29,丸亀,2,1,杉田篤光,B1,30.43,1,◎,53.718,,0,80.3,0.1754,3.7324,,,0,低,185,0,逃1%,14,0,94,1.3168,0.6667,,,,,0.1358,0.0267,0.1624,○,,C,△,,,0.578,,0.4165,A,72,0,◎-○軸 3着3〜4艇流し（10〜15点）,0.5777,"{'is_target': True, 'verdict': '参加推奨', 'max_combo_prob': 0.0703, 'est_top_odds': 19.0, 'circle_concentration': 75.8, 'eligible_count': 8, 'bet_adj': 2, 'reason': 'rel_win1=53.7%（本命度） / 最有力組み合わせ確率: 0.070（推定実オッズ?19倍） / 2着集中度: 上位2艇 75.8%（補正+0.04） / 総合判定確率: 0.110 / → ヒモ分散。1号艇1着固定で広めのヒモ流し推奨（買い目+2点）', 'tenji_trigger': '展示確認: ヒモ分散レース。1号艇伸び確認後、広めのヒモ流しを採用。穴ヒモ（5・6号艇）を積極的に含める。'}",,,27.9,逃げ狙い,15.29,30.1,2,,,,,0,0,0.6155,0,,逃げ軸流し,A
2025-04-29,丸亀,2,2,古賀智之,B1,32.87,2,▲,15.9295,36.1,100,58.5,0.1679,3.3113,,,0,低,119,0,差0% ま0% 抜0%,2,0,79.9,0.9986,0,0.0741,0.1111,0,0.037,0.05,0.4,0.125,,◎,B,△,,0.3958,0.5905,,0.4165,A,72,0,◎-○軸 3着3〜4艇流し（10〜15点）,0.5777,"{'is_target': True, 'verdict': '参加推奨', 'max_combo_prob': 0.0703, 'est_top_odds': 19.0, 'circle_concentration': 75.8, 'eligible_count': 8, 'bet_adj': 2, 'reason': 'rel_win1=53.7%（本命度） / 最有力組み合わせ確率: 0.070（推定実オッズ?19倍） / 2着集中度: 上位2艇 75.8%（補正+0.04） / 総合判定確率: 0.110 / → ヒモ分散。1号艇1着固定で広めのヒモ流し推奨（買い目+2点）', 'tenji_trigger': '展示確認: ヒモ分散レース。1号艇伸び確認後、広めのヒモ流しを採用。穴ヒモ（5・6号艇）を積極的に含める。'}",,,27.9,逃げ狙い,15.29,30.1,2,,,,,,,,,,,
2025-04-29,丸亀,2,3,村上功祐,B1,26.97,3,△,15.4613,39.8,70,57.4,0.1641,2.9754,,,0,低,96,0,差ま0% 抜0%,2,0,57.3,1.2273,0,0,0,0.0667,0.0333,0.0533,0.1733,0.1267,,,E,◎,,0.3469,0.641,,0.4165,A,72,0,◎-○軸 3着3〜4艇流し（10〜15点）,0.5777,"{'is_target': True, 'verdict': '参加推奨', 'max_combo_prob': 0.0703, 'est_top_odds': 19.0, 'circle_concentration': 75.8, 'eligible_count': 8, 'bet_adj': 2, 'reason': 'rel_win1=53.7%（本命度） / 最有力組み合わせ確率: 0.070（推定実オッズ?19倍） / 2着集中度: 上位2艇 75.8%（補正+0.04） / 総合判定確率: 0.110 / → ヒモ分散。1号艇1着固定で広めのヒモ流し推奨（買い目+2点）', 'tenji_trigger': '展示確認: ヒモ分散レース。1号艇伸び確認後、広めのヒモ流しを採用。穴ヒモ（5・6号艇）を積極的に含める。'}",,,27.9,逃げ狙い,15.29,30.1,2,,,,,,,,,,,
2025-04-29,丸亀,2,4,山口修路,B1,27.08,4,,4.5631,13.1,83,30.9,0.2303,5.0221,,,0,低,181,0,-,6,0,15.4,0.6681,,,,,,0.1538,0.3077,0.1538,,,D,,,0.1376,0.527,,0.4165,A,72,0,◎-○軸 3着3〜4艇流し（10〜15点）,0.5777,"{'is_target': True, 'verdict': '参加推奨', 'max_combo_prob': 0.0703, 'est_top_odds': 19.0, 'circle_concentration': 75.8, 'eligible_count': 8, 'bet_adj': 2, 'reason': 'rel_win1=53.7%（本命度） / 最有力組み合わせ確率: 0.070（推定実オッズ?19倍） / 2着集中度: 上位2艇 75.8%（補正+0.04） / 総合判定確率: 0.110 / → ヒモ分散。1号艇1着固定で広めのヒモ流し推奨（買い目+2点）', 'tenji_trigger': '展示確認: ヒモ分散レース。1号艇伸び確認後、広めのヒモ流しを採用。穴ヒモ（5・6号艇）を積極的に含める。'}",,,27.9,逃げ狙い,15.29,30.1,2,,,,,,,,,,,
2025-04-29,丸亀,2,5,佐藤大介,A1,48.82,5,○,9.0142,9.1,75,54.4,0.1639,3.8421,,,0,低,122,0,差ま0%,33,0,85.5,1.6024,0,0,0,0.0435,0,0.1617,0.0316,0.0105,,,A,○,◎,0.3175,0.6205,0.4305,0.4165,A,72,0,◎-○軸 3着3〜4艇流し（10〜15点）,0.5777,"{'is_target': True, 'verdict': '参加推奨', 'max_combo_prob': 0.0703, 'est_top_odds': 19.0, 'circle_concentration': 75.8, 'eligible_count': 8, 'bet_adj': 2, 'reason': 'rel_win1=53.7%（本命度） / 最有力組み合わせ確率: 0.070（推定実オッズ?19倍） / 2着集中度: 上位2艇 75.8%（補正+0.04） / 総合判定確率: 0.110 / → ヒモ分散。1号艇1着固定で広めのヒモ流し推奨（買い目+2点）', 'tenji_trigger': '展示確認: ヒモ分散レース。1号艇伸び確認後、広めのヒモ流しを採用。穴ヒモ（5・6号艇）を積極的に含める。'}",,,27.9,逃げ狙い,15.29,30.1,2,,,,,,,,,,,
2025-04-29,丸亀,2,6,倉田郁美,B1,30.77,6,,1.3139,2,46,31.8,0.1955,4.3182,,,0,低,77,0,-,45,0,47.5,1.62,,,,,,0.625,0.25,0,,,C,,,0.2497,0.5695,,0.4165,A,72,0,◎-○軸 3着3〜4艇流し（10〜15点）,0.5777,"{'is_target': True, 'verdict': '参加推奨', 'max_combo_prob': 0.0703, 'est_top_odds': 19.0, 'circle_concentration': 75.8, 'eligible_count': 8, 'bet_adj': 2, 'reason': 'rel_win1=53.7%（本命度） / 最有力組み合わせ確率: 0.070（推定実オッズ?19倍） / 2着集中度: 上位2艇 75.8%（補正+0.04） / 総合判定確率: 0.110 / → ヒモ分散。1号艇1着固定で広めのヒモ流し推奨（買い目+2点）', 'tenji_trigger': '展示確認: ヒモ分散レース。1号艇伸び確認後、広めのヒモ流しを採用。穴ヒモ（5・6号艇）を積極的に含める。'}",,,27.9,逃げ狙い,15.29,30.1,2,,,,,,,,,,,
2025-04-29,丸亀,3,1,柴田大輔,B1,31.33,1,◎,41.9444,,0,72.7,0.1857,3.7955,,,0,低,176,0,逃0%,6,0,50,0.9125,0.2692,,,,,0.2769,0.2923,0.2769,△,,B,,,,0.4955,,0.2077,C,39,0,荒れ傾向。高配当狙いか見送り,0.5777,"{'is_target': False, 'verdict': '対象外', 'max_combo_prob': None, 'est_top_odds': None, 'circle_concentration': None, 'eligible_count': 0, 'bet_adj': 0, 'reason': '1号艇rel_win1 < 45%: 通常判定に委ねる', 'tenji_trigger': ''}",,,33.6,両建て推奨,17.89,44.3,3,3-4-5|3-5-4|1-3-5|1-2-3|1-3-2|1-2-5|1-5-3,4-1-5|4-1-6|2-1-5|2-1-4|3-4-5|3-5-4|4-1-2|1-3-5|1-2-3|1-3-2|1-2-5|1-5-3,3-4-5:1.64%|3-5-4:1.56%|1-3-5:7.06%|1-2-3:6.72%|1-3-2:6.46%|1-2-5:5.54%|1-5-3:4.72%,3-4-5:B_main|3-5-4:B_main|1-3-5:A|1-2-3:A|1-3-2:A|1-2-5:A|1-5-3:A,7,12,0.4535,1,[!]見送り推奨（主役決まり手「まくり」― 逃げ劣勢レースで的中実績なし）,荒れ広め,D
2025-04-29,丸亀,3,2,楠原翔太,B1,28.38,2,▲,14.1675,26.6,88,47.8,0.174,3.8358,,,0,低,104,0,差0%,45,0,25.7,0.8293,0,0.0333,0,0,0,0.0143,0.0429,0.1,,△,C,△,,0.4643,0.627,,0.2077,C,39,0,荒れ傾向。高配当狙いか見送り,0.5777,"{'is_target': False, 'verdict': '対象外', 'max_combo_prob': None, 'est_top_odds': None, 'circle_concentration': None, 'eligible_count': 0, 'bet_adj': 0, 'reason': '1号艇rel_win1 < 45%: 通常判定に委ねる', 'tenji_trigger': ''}",,,33.6,両建て推奨,17.89,44.3,3,,,,,,,,,,,
2025-04-29,丸亀,3,3,和田拓也,A1,31.08,3,○,26.6497,44.7,97,72.2,0.1339,2.7963,,,0,低,51,0,-,1,0,100,2.7477,0,0.0417,0.2083,0,0,0,0,0.175,,◎,B,◎,,0.5439,0.67,,0.2077,C,39,0,荒れ傾向。高配当狙いか見送り,0.5777,"{'is_target': False, 'verdict': '対象外', 'max_combo_prob': None, 'est_top_odds': None, 'circle_concentration': None, 'eligible_count': 0, 'bet_adj': 0, 'reason': '1号艇rel_win1 < 45%: 通常判定に委ねる', 'tenji_trigger': ''}",,,33.6,両建て推奨,17.89,44.3,3,,,,,,,,,,,
2025-04-29,丸亀,3,4,佐藤ほの,B1,24.65,4,△,10.1362,12.2,100,28.1,0.1775,3.5469,,,0,低,65,0,ま0%,56,0,38.6,0.794,0,0,0.0769,0,0,0.3333,0.4444,0.1111,,,D,,,0.3688,0.5605,,0.2077,C,39,0,荒れ傾向。高配当狙いか見送り,0.5777,"{'is_target': False, 'verdict': '対象外', 'max_combo_prob': None, 'est_top_odds': None, 'circle_concentration': None, 'eligible_count': 0, 'bet_adj': 0, 'reason': '1号艇rel_win1 < 45%: 通常判定に委ねる', 'tenji_trigger': ''}",,,33.6,両建て推奨,17.89,44.3,3,,,,,,,,,,,
2025-04-29,丸亀,3,5,吉川晴人,B1,21.32,5,,5.9251,15.4,93,41.8,0.1404,2.8091,,,0,低,98,0,差ま0%,13,0,52,1.1588,0,0,0,0.0556,0,0.02,0.02,0.1657,,○,E,△,,0.4738,0.6235,,0.2077,C,39,0,荒れ傾向。高配当狙いか見送り,0.5777,"{'is_target': False, 'verdict': '対象外', 'max_combo_prob': None, 'est_top_odds': None, 'circle_concentration': None, 'eligible_count': 0, 'bet_adj': 0, 'reason': '1号艇rel_win1 < 45%: 通常判定に委ねる', 'tenji_trigger': ''}",,,33.6,両建て推奨,17.89,44.3,3,,,,,,,,,,,
2025-04-29,丸亀,3,6,長岡良也,A2,28.86,6,,1.1771,1.1,64,25,0.1942,4.1806,,,0,低,104,0,-,1,0,28.1,0.9933,,,,,,0.1417,0.0972,0.1194,,,C,○,,0.3301,0.6505,,0.2077,C,39,0,荒れ傾向。高配当狙いか見送り,0.5777,"{'is_target': False, 'verdict': '対象外', 'max_combo_prob': None, 'est_top_odds': None, 'circle_concentration': None, 'eligible_count': 0, 'bet_adj': 0, 'reason': '1号艇rel_win1 < 45%: 通常判定に委ねる', 'tenji_trigger': ''}",,,33.6,両建て推奨,17.89,44.3,3,,,,,,,,,,,
2025-04-29,丸亀,4,1,小川広大,B1,33.13,1,◎,48.8133,,0,65.4,0.1373,2.8077,,,0,低,185,0,逃0%,32,0,100,2.195,0.4091,,,,,0.2545,0.0545,0.2909,◎,,B,,,,0.5845,,0.4652,B,53,0,◎○△フォーメーション（15〜20点）,0.5777,"{'is_target': True, 'verdict': '参加推奨', 'max_combo_prob': 0.056, 'est_top_odds': 23.8, 'circle_concentration': 67.4, 'eligible_count': 9, 'bet_adj': 2, 'reason': 'rel_win1=48.8%（本命度） / 最有力組み合わせ確率: 0.056（推定実オッズ?24倍） / 2着集中度: 上位2艇 67.4%（補正+0.00） / 総合判定確率: 0.056 / → ヒモ分散。1号艇1着固定で広めのヒモ流し推奨（買い目+2点）', 'tenji_trigger': '展示確認: ヒモ分散レース。1号艇伸び確認後、広めのヒモ流しを採用。穴ヒモ（5・6号艇）を積極的に含める。\n展示で1号艇スタート超安定(0.137秒)→ヒモ固まり方向に注意'}",,,30.9,両建て推奨,20.04,34.7,6,,,,,0,0,0.7559,0,,逃げ軸流し,A
2025-04-29,丸亀,4,2,川崎智稔,B1,28.06,2,,8.487,30.8,97,52.7,0.1538,3.2,,,0,低,62,0,-,3,0,100,2.0441,0,0,0.0476,0,0,0.2267,0.1733,0.0267,,,D,△,,0.1785,0.6335,,0.4652,B,53,0,◎○△フォーメーション（15〜20点）,0.5777,"{'is_target': True, 'verdict': '参加推奨', 'max_combo_prob': 0.056, 'est_top_odds': 23.8, 'circle_concentration': 67.4, 'eligible_count': 9, 'bet_adj': 2, 'reason': 'rel_win1=48.8%（本命度） / 最有力組み合わせ確率: 0.056（推定実オッズ?24倍） / 2着集中度: 上位2艇 67.4%（補正+0.00） / 総合判定確率: 0.056 / → ヒモ分散。1号艇1着固定で広めのヒモ流し推奨（買い目+2点）', 'tenji_trigger': '展示確認: ヒモ分散レース。1号艇伸び確認後、広めのヒモ流しを採用。穴ヒモ（5・6号艇）を積極的に含める。\n展示で1号艇スタート超安定(0.137秒)→ヒモ固まり方向に注意'}",,,30.9,両建て推奨,20.04,34.7,6,,,,,,,,,,,
2025-04-29,丸亀,4,3,渡部　悟,A2,30.99,3,○,18.0059,36.6,76,66.7,0.1368,2.5333,,,0,低,79,0,-,62,0,72.2,1.1065,0,0.0476,0.0952,0,0.0476,0.1639,0.1194,0.0296,,,C,○,,0.3208,0.66,,0.4652,B,53,0,◎○△フォーメーション（15〜20点）,0.5777,"{'is_target': True, 'verdict': '参加推奨', 'max_combo_prob': 0.056, 'est_top_odds': 23.8, 'circle_concentration': 67.4, 'eligible_count': 9, 'bet_adj': 2, 'reason': 'rel_win1=48.8%（本命度） / 最有力組み合わせ確率: 0.056（推定実オッズ?24倍） / 2着集中度: 上位2艇 67.4%（補正+0.00） / 総合判定確率: 0.056 / → ヒモ分散。1号艇1着固定で広めのヒモ流し推奨（買い目+2点）', 'tenji_trigger': '展示確認: ヒモ分散レース。1号艇伸び確認後、広めのヒモ流しを採用。穴ヒモ（5・6号艇）を積極的に含める。\n展示で1号艇スタート超安定(0.137秒)→ヒモ固まり方向に注意'}",,,30.9,両建て推奨,20.04,34.7,6,,,,,,,,,,,
2025-04-29,丸亀,4,4,中嶋達也,B1,32.00,4,△,8.2887,12.8,72,40.3,0.1534,3.1269,,,0,低,136,0,-,55,0,29.1,0.8568,0,0,0.0323,0,0,0.1429,0.3333,0.1905,,,C,,,0.2278,0.5685,,0.4652,B,53,0,◎○△フォーメーション（15〜20点）,0.5777,"{'is_target': True, 'verdict': '参加推奨', 'max_combo_prob': 0.056, 'est_top_odds': 23.8, 'circle_concentration': 67.4, 'eligible_count': 9, 'bet_adj': 2, 'reason': 'rel_win1=48.8%（本命度） / 最有力組み合わせ確率: 0.056（推定実オッズ?24倍） / 2着集中度: 上位2艇 67.4%（補正+0.00） / 総合判定確率: 0.056 / → ヒモ分散。1号艇1着固定で広めのヒモ流し推奨（買い目+2点）', 'tenji_trigger': '展示確認: ヒモ分散レース。1号艇伸び確認後、広めのヒモ流しを採用。穴ヒモ（5・6号艇）を積極的に含める。\n展示で1号艇スタート超安定(0.137秒)→ヒモ固まり方向に注意'}",,,30.9,両建て推奨,20.04,34.7,6,,,,,,,,,,,
2025-04-29,丸亀,4,5,竹之内極,B1,43.66,5,▲,10.091,10.8,100,50.8,0.1573,3.2698,,,0,低,124,0,ま0% 差ま0%,11,0,37.7,1.5305,0,0,0.0333,0.0333,0,0.075,0.365,0,,,A,△,○,0.2309,0.65,0.2424,0.4652,B,53,0,◎○△フォーメーション（15〜20点）,0.5777,"{'is_target': True, 'verdict': '参加推奨', 'max_combo_prob': 0.056, 'est_top_odds': 23.8, 'circle_concentration': 67.4, 'eligible_count': 9, 'bet_adj': 2, 'reason': 'rel_win1=48.8%（本命度） / 最有力組み合わせ確率: 0.056（推定実オッズ?24倍） / 2着集中度: 上位2艇 67.4%（補正+0.00） / 総合判定確率: 0.056 / → ヒモ分散。1号艇1着固定で広めのヒモ流し推奨（買い目+2点）', 'tenji_trigger': '展示確認: ヒモ分散レース。1号艇伸び確認後、広めのヒモ流しを採用。穴ヒモ（5・6号艇）を積極的に含める。\n展示で1号艇スタート超安定(0.137秒)→ヒモ固まり方向に注意'}",,,30.9,両建て推奨,20.04,34.7,6,,,,,,,,,,,
2025-04-29,丸亀,4,6,山田祐也,A1,26.57,6,,6.314,9,50,57.1,0.1457,3.4286,,,0,低,53,0,差ま0% 抜0%,14,0,100,2.275,0,0,0,0.0714,0.0714,0,0.0455,0.1364,,,E,◎,◎,0.2734,0.663,0.3322,0.4652,B,53,0,◎○△フォーメーション（15〜20点）,0.5777,"{'is_target': True, 'verdict': '参加推奨', 'max_combo_prob': 0.056, 'est_top_odds': 23.8, 'circle_concentration': 67.4, 'eligible_count': 9, 'bet_adj': 2, 'reason': 'rel_win1=48.8%（本命度） / 最有力組み合わせ確率: 0.056（推定実オッズ?24倍） / 2着集中度: 上位2艇 67.4%（補正+0.00） / 総合判定確率: 0.056 / → ヒモ分散。1号艇1着固定で広めのヒモ流し推奨（買い目+2点）', 'tenji_trigger': '展示確認: ヒモ分散レース。1号艇伸び確認後、広めのヒモ流しを採用。穴ヒモ（5・6号艇）を積極的に含める。\n展示で1号艇スタート超安定(0.137秒)→ヒモ固まり方向に注意'}",,,30.9,両建て推奨,20.04,34.7,6,,,,,,,,,,,
2025-04-29,丸亀,5,1,松田隆司,B1,27.01,1,◎,51.5835,,0,85.7,0.1648,2.9603,,,0,低,135,0,逃1%,36,0,74.2,1.084,0.5926,,,,,0.0444,0.1889,0.1148,○,,E,△,,,0.606,,0.4364,A,77,0,◎-○軸 3着3〜4艇流し（10〜15点）,0.5777,"{'is_target': True, 'verdict': '参加推奨', 'max_combo_prob': 0.0914, 'est_top_odds': 14.6, 'circle_concentration': 69.9, 'eligible_count': 8, 'bet_adj': 2, 'reason': 'rel_win1=51.6%（本命度） / 最有力組み合わせ確率: 0.091（推定実オッズ?15倍） / 2着集中度: 上位2艇 69.9%（補正+0.00） / 総合判定確率: 0.091 / → ヒモ分散。1号艇1着固定で広めのヒモ流し推奨（買い目+2点）', 'tenji_trigger': '展示確認: ヒモ分散レース。1号艇伸び確認後、広めのヒモ流しを採用。穴ヒモ（5・6号艇）を積極的に含める。'}",,,29,逃げ狙い,19.71,29.6,2,,,,,0,0,0.6155,0,,逃げ軸流し,A
2025-04-29,丸亀,5,2,片橋幸貴,A1,29.25,2,○,18.2093,47,100,70.2,0.1611,3.5106,,,0,低,80,0,-,22,0,37.5,0.8745,0,0.0952,0.0952,0,0.0476,0.0308,0.0462,0.2615,,○,D,◎,,0.3661,0.629,,0.4364,A,77,0,◎-○軸 3着3〜4艇流し（10〜15点）,0.5777,"{'is_target': True, 'verdict': '参加推奨', 'max_combo_prob': 0.0914, 'est_top_odds': 14.6, 'circle_concentration': 69.9, 'eligible_count': 8, 'bet_adj': 2, 'reason': 'rel_win1=51.6%（本命度） / 最有力組み合わせ確率: 0.091（推定実オッズ?15倍） / 2着集中度: 上位2艇 69.9%（補正+0.00） / 総合判定確率: 0.091 / → ヒモ分散。1号艇1着固定で広めのヒモ流し推奨（買い目+2点）', 'tenji_trigger': '展示確認: ヒモ分散レース。1号艇伸び確認後、広めのヒモ流しを採用。穴ヒモ（5・6号艇）を積極的に含める。'}",,,29,逃げ狙い,19.71,29.6,2,,,,,,,,,,,
2025-04-29,丸亀,5,3,西澤日花,B1,30.28,3,,9.0512,18.8,93,41.4,0.2107,3.931,,,0,低,64,0,-,55,0,20.1,0.8271,,,,,,0.32,0.28,0.08,,,C,,,0.1555,0.599,,0.4364,A,77,0,◎-○軸 3着3〜4艇流し（10〜15点）,0.5777,"{'is_target': True, 'verdict': '参加推奨', 'max_combo_prob': 0.0914, 'est_top_odds': 14.6, 'circle_concentration': 69.9, 'eligible_count': 8, 'bet_adj': 2, 'reason': 'rel_win1=51.6%（本命度） / 最有力組み合わせ確率: 0.091（推定実オッズ?15倍） / 2着集中度: 上位2艇 69.9%（補正+0.00） / 総合判定確率: 0.091 / → ヒモ分散。1号艇1着固定で広めのヒモ流し推奨（買い目+2点）', 'tenji_trigger': '展示確認: ヒモ分散レース。1号艇伸び確認後、広めのヒモ流しを採用。穴ヒモ（5・6号艇）を積極的に含める。'}",,,29,逃げ狙い,19.71,29.6,2,,,,,,,,,,,
2025-04-29,丸亀,5,4,梅原祥平,B1,29.17,4,,13.6979,22.8,35,36.6,0.132,2.7317,,,0,低,64,0,ま1%,3,0,72.4,0.7868,0,0,0.2143,0,0,0.25,0.3167,0,,◎,D,,◎,0.4945,0.577,0.3732,0.4364,A,77,0,◎-○軸 3着3〜4艇流し（10〜15点）,0.5777,"{'is_target': True, 'verdict': '参加推奨', 'max_combo_prob': 0.0914, 'est_top_odds': 14.6, 'circle_concentration': 69.9, 'eligible_count': 8, 'bet_adj': 2, 'reason': 'rel_win1=51.6%（本命度） / 最有力組み合わせ確率: 0.091（推定実オッズ?15倍） / 2着集中度: 上位2艇 69.9%（補正+0.00） / 総合判定確率: 0.091 / → ヒモ分散。1号艇1着固定で広めのヒモ流し推奨（買い目+2点）', 'tenji_trigger': '展示確認: ヒモ分散レース。1号艇伸び確認後、広めのヒモ流しを採用。穴ヒモ（5・6号艇）を積極的に含める。'}",,,29,逃げ狙い,19.71,29.6,2,,,,,,,,,,,
2025-04-29,丸亀,5,5,三原　司,B1,46.32,5,▲,4.7247,6.9,56,22.7,0.194,4.1333,,,0,低,167,0,-,44,0,94.6,1.8498,,,,,,0.2452,0.2071,0.0571,,,A,○,,0.2419,0.624,,0.4364,A,77,0,◎-○軸 3着3〜4艇流し（10〜15点）,0.5777,"{'is_target': True, 'verdict': '参加推奨', 'max_combo_prob': 0.0914, 'est_top_odds': 14.6, 'circle_concentration': 69.9, 'eligible_count': 8, 'bet_adj': 2, 'reason': 'rel_win1=51.6%（本命度） / 最有力組み合わせ確率: 0.091（推定実オッズ?15倍） / 2着集中度: 上位2艇 69.9%（補正+0.00） / 総合判定確率: 0.091 / → ヒモ分散。1号艇1着固定で広めのヒモ流し推奨（買い目+2点）', 'tenji_trigger': '展示確認: ヒモ分散レース。1号艇伸び確認後、広めのヒモ流しを採用。穴ヒモ（5・6号艇）を積極的に含める。'}",,,29,逃げ狙い,19.71,29.6,2,,,,,,,,,,,
2025-04-29,丸亀,5,6,西丸侑太,A2,44.44,6,△,2.7334,4.4,63,34.1,0.1627,4.0114,,,0,低,100,0,-,1,0,35.3,1.5064,,,,,,0,0.1314,0.0429,,,B,△,,0.345,0.6105,,0.4364,A,77,0,◎-○軸 3着3〜4艇流し（10〜15点）,0.5777,"{'is_target': True, 'verdict': '参加推奨', 'max_combo_prob': 0.0914, 'est_top_odds': 14.6, 'circle_concentration': 69.9, 'eligible_count': 8, 'bet_adj': 2, 'reason': 'rel_win1=51.6%（本命度） / 最有力組み合わせ確率: 0.091（推定実オッズ?15倍） / 2着集中度: 上位2艇 69.9%（補正+0.00） / 総合判定確率: 0.091 / → ヒモ分散。1号艇1着固定で広めのヒモ流し推奨（買い目+2点）', 'tenji_trigger': '展示確認: ヒモ分散レース。1号艇伸び確認後、広めのヒモ流しを採用。穴ヒモ（5・6号艇）を積極的に含める。'}",,,29,逃げ狙い,19.71,29.6,2,,,,,,,,,,,
2025-04-29,丸亀,6,1,米田隆弘,A2,25.20,1,◎,50.4472,,0,92.9,0.1546,2.8786,,,0,低,143,0,逃0%,24,0,100,1.6288,0.5,,,,,0.0625,0.1607,0.025,◎,,E,△,,,0.624,,0.4738,A,76,0,◎-○軸 3着3〜4艇流し（10〜15点）,0.5777,"{'is_target': True, 'verdict': '点数絞り', 'max_combo_prob': 0.0977, 'est_top_odds': 13.6, 'circle_concentration': 78.8, 'eligible_count': 8, 'bet_adj': 0, 'reason': 'rel_win1=50.4%（本命度） / 最有力組み合わせ確率: 0.098（推定実オッズ?14倍） / 2着集中度: 上位2艇 78.8%（補正+0.04） / 総合判定確率: 0.138 / → ヒモはやや固め。上位2艇以外を切ること', 'tenji_trigger': '展示確認: 1号艇伸び良→そのまま採用。悪→飛び組に差し替え。circle_pct上位2艇に絞り込むこと。'}",,,29,逃げ狙い,20.8,28.5,4,,,,,0,0,0.7559,0,,逃げ軸流し,A
2025-04-29,丸亀,6,2,森　照夫,B1,37.91,2,○,12.7018,42.6,77,51.8,0.1522,3.2037,,,0,低,77,0,差0% ま0%,25,0,40,0.8679,0,0.0526,0.0526,0,0,0.0667,0.0444,0.2167,,△,B,△,,0.3447,0.6095,,0.4738,A,76,0,◎-○軸 3着3〜4艇流し（10〜15点）,0.5777,"{'is_target': True, 'verdict': '点数絞り', 'max_combo_prob': 0.0977, 'est_top_odds': 13.6, 'circle_concentration': 78.8, 'eligible_count': 8, 'bet_adj': 0, 'reason': 'rel_win1=50.4%（本命度） / 最有力組み合わせ確率: 0.098（推定実オッズ?14倍） / 2着集中度: 上位2艇 78.8%（補正+0.04） / 総合判定確率: 0.138 / → ヒモはやや固め。上位2艇以外を切ること', 'tenji_trigger': '展示確認: 1号艇伸び良→そのまま採用。悪→飛び組に差し替え。circle_pct上位2艇に絞り込むこと。'}",,,29,逃げ狙い,20.8,28.5,4,,,,,,,,,,,
2025-04-29,丸亀,6,3,蜂須瑞生,A2,28.13,3,△,16.3641,18.6,100,60.7,0.1461,2.6607,,,0,低,55,0,ま0% 差ま0%,33,0,58.1,1.3004,0,0,0.125,0.0625,0,0.1117,0.2589,0,,◎,D,,,0.3686,0.6075,,0.4738,A,76,0,◎-○軸 3着3〜4艇流し（10〜15点）,0.5777,"{'is_target': True, 'verdict': '点数絞り', 'max_combo_prob': 0.0977, 'est_top_odds': 13.6, 'circle_concentration': 78.8, 'eligible_count': 8, 'bet_adj': 0, 'reason': 'rel_win1=50.4%（本命度） / 最有力組み合わせ確率: 0.098（推定実オッズ?14倍） / 2着集中度: 上位2艇 78.8%（補正+0.04） / 総合判定確率: 0.138 / → ヒモはやや固め。上位2艇以外を切ること', 'tenji_trigger': '展示確認: 1号艇伸び良→そのまま採用。悪→飛び組に差し替え。circle_pct上位2艇に絞り込むこと。'}",,,29,逃げ狙い,20.8,28.5,4,,,,,,,,,,,
2025-04-29,丸亀,6,4,丸野一樹,A1,33.57,4,▲,16.4524,36.2,87,81.8,0.1605,3.6591,,,0,低,31,0,差ま0% 抜0%,22,0,90.9,1.8021,0,0,0,0.1667,0.1667,0,0.1111,0,,,B,◎,◎,0.3151,0.6595,0.491,0.4738,A,76,0,◎-○軸 3着3〜4艇流し（10〜15点）,0.5777,"{'is_target': True, 'verdict': '点数絞り', 'max_combo_prob': 0.0977, 'est_top_odds': 13.6, 'circle_concentration': 78.8, 'eligible_count': 8, 'bet_adj': 0, 'reason': 'rel_win1=50.4%（本命度） / 最有力組み合わせ確率: 0.098（推定実オッズ?14倍） / 2着集中度: 上位2艇 78.8%（補正+0.04） / 総合判定確率: 0.138 / → ヒモはやや固め。上位2艇以外を切ること', 'tenji_trigger': '展示確認: 1号艇伸び良→そのまま採用。悪→飛び組に差し替え。circle_pct上位2艇に絞り込むこと。'}",,,29,逃げ狙い,20.8,28.5,4,,,,,,,,,,,
2025-04-29,丸亀,6,5,江藤敦宏,B1,28.46,5,,2.933,2.2,20,10.4,0.1496,3.1979,,,0,低,85,0,-,4,0,32.8,0.6655,,,,,,0.2857,0.2857,0.1429,,,D,○,,0.3496,0.6305,,0.4738,A,76,0,◎-○軸 3着3〜4艇流し（10〜15点）,0.5777,"{'is_target': True, 'verdict': '点数絞り', 'max_combo_prob': 0.0977, 'est_top_odds': 13.6, 'circle_concentration': 78.8, 'eligible_count': 8, 'bet_adj': 0, 'reason': 'rel_win1=50.4%（本命度） / 最有力組み合わせ確率: 0.098（推定実オッズ?14倍） / 2着集中度: 上位2艇 78.8%（補正+0.04） / 総合判定確率: 0.138 / → ヒモはやや固め。上位2艇以外を切ること', 'tenji_trigger': '展示確認: 1号艇伸び良→そのまま採用。悪→飛び組に差し替え。circle_pct上位2艇に絞り込むこと。'}",,,29,逃げ狙い,20.8,28.5,4,,,,,,,,,,,
2025-04-29,丸亀,6,6,畑田希咲,B2,28.67,6,,1.1015,0.4,13,0,0.2278,4.7426,,,0,低,81,0,-,66,0,28.1,0.6039,,,,,,0,0.3778,0.3333,,,C,,,0.1591,0.4605,,0.4738,A,76,0,◎-○軸 3着3〜4艇流し（10〜15点）,0.5777,"{'is_target': True, 'verdict': '点数絞り', 'max_combo_prob': 0.0977, 'est_top_odds': 13.6, 'circle_concentration': 78.8, 'eligible_count': 8, 'bet_adj': 0, 'reason': 'rel_win1=50.4%（本命度） / 最有力組み合わせ確率: 0.098（推定実オッズ?14倍） / 2着集中度: 上位2艇 78.8%（補正+0.04） / 総合判定確率: 0.138 / → ヒモはやや固め。上位2艇以外を切ること', 'tenji_trigger': '展示確認: 1号艇伸び良→そのまま採用。悪→飛び組に差し替え。circle_pct上位2艇に絞り込むこと。'}",,,29,逃げ狙い,20.8,28.5,4,,,,,,,,,,,
2025-04-29,丸亀,7,1,栗城　匠,A1,25.17,1,◎,55.521,,0,100,0.1436,2.7636,,,0,低,83,0,逃1%,15,0,92.7,1.2468,0.6552,,,,,0,0.2404,0.1409,◎,,D,△,,,0.623,,0.6083,S,80,0,◎1着固定 2-3着流し（5〜8点）,0.5777,"{'is_target': True, 'verdict': '参加推奨', 'max_combo_prob': 0.0727, 'est_top_odds': 18.3, 'circle_concentration': 69.6, 'eligible_count': 6, 'bet_adj': 2, 'reason': 'rel_win1=55.5%（本命度） / 最有力組み合わせ確率: 0.073（推定実オッズ?18倍） / 2着集中度: 上位2艇 69.6%（補正+0.00） / 総合判定確率: 0.073 / → ヒモ分散。1号艇1着固定で広めのヒモ流し推奨（買い目+2点）', 'tenji_trigger': '展示確認: ヒモ分散レース。1号艇伸び確認後、広めのヒモ流しを採用。穴ヒモ（5・6号艇）を積極的に含める。'}",,,30.9,逃げ狙い,27.07,28.5,2,,,,,0,0,0.7559,0,,逃げ軸流し,A
2025-04-29,丸亀,7,2,塩崎桐加,A2,32.89,2,▲,16.938,42.3,79,63.3,0.1433,2.7667,,,0,低,58,0,ま0%,63,0,49.2,1.0771,0,0,0.0909,0,0,0,0.2727,0.0909,,,B,,,0.3155,0.5535,,0.6083,S,80,0,◎1着固定 2-3着流し（5〜8点）,0.5777,"{'is_target': True, 'verdict': '参加推奨', 'max_combo_prob': 0.0727, 'est_top_odds': 18.3, 'circle_concentration': 69.6, 'eligible_count': 6, 'bet_adj': 2, 'reason': 'rel_win1=55.5%（本命度） / 最有力組み合わせ確率: 0.073（推定実オッズ?18倍） / 2着集中度: 上位2艇 69.6%（補正+0.00） / 総合判定確率: 0.073 / → ヒモ分散。1号艇1着固定で広めのヒモ流し推奨（買い目+2点）', 'tenji_trigger': '展示確認: ヒモ分散レース。1号艇伸び確認後、広めのヒモ流しを採用。穴ヒモ（5・6号艇）を積極的に含める。'}",,,30.9,逃げ狙い,27.07,28.5,2,,,,,,,,,,,
2025-04-29,丸亀,7,3,峰重侑治,B1,31.25,3,△,10.2593,27.3,100,52.9,0.1743,3.4804,,,0,低,114,0,差0%,13,0,36.8,1.0119,0,0.0625,0,0,0,0.2267,0.0533,0,,,C,△,,0.134,0.6135,,0.6083,S,80,0,◎1着固定 2-3着流し（5〜8点）,0.5777,"{'is_target': True, 'verdict': '参加推奨', 'max_combo_prob': 0.0727, 'est_top_odds': 18.3, 'circle_concentration': 69.6, 'eligible_count': 6, 'bet_adj': 2, 'reason': 'rel_win1=55.5%（本命度） / 最有力組み合わせ確率: 0.073（推定実オッズ?18倍） / 2着集中度: 上位2艇 69.6%（補正+0.00） / 総合判定確率: 0.073 / → ヒモ分散。1号艇1着固定で広めのヒモ流し推奨（買い目+2点）', 'tenji_trigger': '展示確認: ヒモ分散レース。1号艇伸び確認後、広めのヒモ流しを採用。穴ヒモ（5・6号艇）を積極的に含める。'}",,,30.9,逃げ狙い,27.07,28.5,2,,,,,,,,,,,
2025-04-29,丸亀,7,4,安達美帆,B1,21.74,4,,8.8006,12.8,99,31.2,0.1994,4,,,0,低,49,0,-,2,0,23.9,0.8072,,,,,,0.25,0.5,0.25,,,E,,,0.1381,0.53,,0.6083,S,80,0,◎1着固定 2-3着流し（5〜8点）,0.5777,"{'is_target': True, 'verdict': '参加推奨', 'max_combo_prob': 0.0727, 'est_top_odds': 18.3, 'circle_concentration': 69.6, 'eligible_count': 6, 'bet_adj': 2, 'reason': 'rel_win1=55.5%（本命度） / 最有力組み合わせ確率: 0.073（推定実オッズ?18倍） / 2着集中度: 上位2艇 69.6%（補正+0.00） / 総合判定確率: 0.073 / → ヒモ分散。1号艇1着固定で広めのヒモ流し推奨（買い目+2点）', 'tenji_trigger': '展示確認: ヒモ分散レース。1号艇伸び確認後、広めのヒモ流しを採用。穴ヒモ（5・6号艇）を積極的に含める。'}",,,30.9,逃げ狙い,27.07,28.5,2,,,,,,,,,,,
2025-04-29,丸亀,7,5,三村岳人,A2,40.56,5,○,7.5605,17.3,61,45.2,0.13,2.9032,,,0,低,53,0,ま0% 差ま0%,34,0,70,1.3567,0,0,0.0667,0.0667,0,0.05,0.025,0.25,,,A,○,,0.3386,0.6365,,0.6083,S,80,0,◎1着固定 2-3着流し（5〜8点）,0.5777,"{'is_target': True, 'verdict': '参加推奨', 'max_combo_prob': 0.0727, 'est_top_odds': 18.3, 'circle_concentration': 69.6, 'eligible_count': 6, 'bet_adj': 2, 'reason': 'rel_win1=55.5%（本命度） / 最有力組み合わせ確率: 0.073（推定実オッズ?18倍） / 2着集中度: 上位2艇 69.6%（補正+0.00） / 総合判定確率: 0.073 / → ヒモ分散。1号艇1着固定で広めのヒモ流し推奨（買い目+2点）', 'tenji_trigger': '展示確認: ヒモ分散レース。1号艇伸び確認後、広めのヒモ流しを採用。穴ヒモ（5・6号艇）を積極的に含める。'}",,,30.9,逃げ狙い,27.07,28.5,2,,,,,,,,,,,
2025-04-29,丸亀,7,6,村上功祐,B1,26.97,6,,0.9206,0.3,63,14.3,0.1844,3.8651,,,0,低,96,0,-,2,0,32.8,0.8289,,,,,,0.0533,0.1733,0.1267,,,D,◎,,0.182,0.641,,0.6083,S,80,0,◎1着固定 2-3着流し（5〜8点）,0.5777,"{'is_target': True, 'verdict': '参加推奨', 'max_combo_prob': 0.0727, 'est_top_odds': 18.3, 'circle_concentration': 69.6, 'eligible_count': 6, 'bet_adj': 2, 'reason': 'rel_win1=55.5%（本命度） / 最有力組み合わせ確率: 0.073（推定実オッズ?18倍） / 2着集中度: 上位2艇 69.6%（補正+0.00） / 総合判定確率: 0.073 / → ヒモ分散。1号艇1着固定で広めのヒモ流し推奨（買い目+2点）', 'tenji_trigger': '展示確認: ヒモ分散レース。1号艇伸び確認後、広めのヒモ流しを採用。穴ヒモ（5・6号艇）を積極的に含める。'}",,,30.9,逃げ狙い,27.07,28.5,2,,,,,,,,,,,
2025-04-29,丸亀,8,1,上條嘉嗣,A1,30.99,1,◎,65.5067,,0,94.7,0.1592,3.4789,,,0,低,185,0,逃1%,56,0,83.5,1.0424,0.7442,,,,,0.0093,0.1705,0.1132,◎,,C,,,,0.573,,0.5394,S,81,0,◎1着固定 2-3着流し（5〜8点）,0.5777,"{'is_target': True, 'verdict': '点数絞り', 'max_combo_prob': 0.0889, 'est_top_odds': 15.0, 'circle_concentration': 76.8, 'eligible_count': 6, 'bet_adj': 0, 'reason': 'rel_win1=65.5%（本命度） / 最有力組み合わせ確率: 0.089（推定実オッズ?15倍） / 2着集中度: 上位2艇 76.8%（補正+0.04） / 総合判定確率: 0.129 / → ヒモはやや固め。上位2艇以外を切ること', 'tenji_trigger': '展示確認: 1号艇伸び良→そのまま採用。悪→飛び組に差し替え。circle_pct上位2艇に絞り込むこと。'}",,,28.5,逃げ狙い,18.96,28.8,2,,,,,0,0,0.7559,0,,逃げ軸流し,A
2025-04-29,丸亀,8,2,平山智加,A1,40.26,2,○,15.1014,47.5,68,65,0.1745,3.6,,,0,低,46,0,-,61,0,47.5,0.9534,0,0.25,0,0,0,0,0.1818,0.1818,,,A,◎,,0.2078,0.651,,0.5394,S,81,0,◎1着固定 2-3着流し（5〜8点）,0.5777,"{'is_target': True, 'verdict': '点数絞り', 'max_combo_prob': 0.0889, 'est_top_odds': 15.0, 'circle_concentration': 76.8, 'eligible_count': 6, 'bet_adj': 0, 'reason': 'rel_win1=65.5%（本命度） / 最有力組み合わせ確率: 0.089（推定実オッズ?15倍） / 2着集中度: 上位2艇 76.8%（補正+0.04） / 総合判定確率: 0.129 / → ヒモはやや固め。上位2艇以外を切ること', 'tenji_trigger': '展示確認: 1号艇伸び良→そのまま採用。悪→飛び組に差し替え。circle_pct上位2艇に絞り込むこと。'}",,,28.5,逃げ狙い,18.96,28.8,2,,,,,,,,,,,
2025-04-29,丸亀,8,3,杉山太陽,B1,34.46,3,▲,4.5199,15.4,85,41.2,0.1535,3.25,,,0,低,87,0,-,54,0,34.3,0.7617,0,0,0.0625,0,0,0,0.375,0.25,,,B,△,,0.326,0.583,,0.5394,S,81,0,◎1着固定 2-3着流し（5〜8点）,0.5777,"{'is_target': True, 'verdict': '点数絞り', 'max_combo_prob': 0.0889, 'est_top_odds': 15.0, 'circle_concentration': 76.8, 'eligible_count': 6, 'bet_adj': 0, 'reason': 'rel_win1=65.5%（本命度） / 最有力組み合わせ確率: 0.089（推定実オッズ?15倍） / 2着集中度: 上位2艇 76.8%（補正+0.04） / 総合判定確率: 0.129 / → ヒモはやや固め。上位2艇以外を切ること', 'tenji_trigger': '展示確認: 1号艇伸び良→そのまま採用。悪→飛び組に差し替え。circle_pct上位2艇に絞り込むこと。'}",,,28.5,逃げ狙い,18.96,28.8,2,,,,,,,,,,,
2025-04-29,丸亀,8,4,長岡良也,A2,28.86,4,△,7.2989,29.3,100,63.5,0.1625,3.6984,,,0,低,104,0,-,1,0,66.9,1.146,0,0.037,0.037,0.0741,0,0.1417,0.0972,0.1194,,,D,○,◎,0.3064,0.6505,0.4825,0.5394,S,81,0,◎1着固定 2-3着流し（5〜8点）,0.5777,"{'is_target': True, 'verdict': '点数絞り', 'max_combo_prob': 0.0889, 'est_top_odds': 15.0, 'circle_concentration': 76.8, 'eligible_count': 6, 'bet_adj': 0, 'reason': 'rel_win1=65.5%（本命度） / 最有力組み合わせ確率: 0.089（推定実オッズ?15倍） / 2着集中度: 上位2艇 76.8%（補正+0.04） / 総合判定確率: 0.129 / → ヒモはやや固め。上位2艇以外を切ること', 'tenji_trigger': '展示確認: 1号艇伸び良→そのまま採用。悪→飛び組に差し替え。circle_pct上位2艇に絞り込むこと。'}",,,28.5,逃げ狙い,18.96,28.8,2,,,,,,,,,,,
2025-04-29,丸亀,8,5,山川雄大,B1,29.41,5,,6.7012,7.3,99,48,0.1784,3.7267,,,0,低,168,0,差0% ま0% 差ま0% 抜0%,5,0,84,1.3855,0,0.0278,0.0278,0.1111,0.0278,0.2952,0.0381,0.1571,,,D,△,○,0.2633,0.616,0.4029,0.5394,S,81,0,◎1着固定 2-3着流し（5〜8点）,0.5777,"{'is_target': True, 'verdict': '点数絞り', 'max_combo_prob': 0.0889, 'est_top_odds': 15.0, 'circle_concentration': 76.8, 'eligible_count': 6, 'bet_adj': 0, 'reason': 'rel_win1=65.5%（本命度） / 最有力組み合わせ確率: 0.089（推定実オッズ?15倍） / 2着集中度: 上位2艇 76.8%（補正+0.04） / 総合判定確率: 0.129 / → ヒモはやや固め。上位2艇以外を切ること', 'tenji_trigger': '展示確認: 1号艇伸び良→そのまま採用。悪→飛び組に差し替え。circle_pct上位2艇に絞り込むこと。'}",,,28.5,逃げ狙い,18.96,28.8,2,,,,,,,,,,,
2025-04-29,丸亀,8,6,山口修路,B1,27.08,6,,0.8719,0.5,66,14.9,0.2468,4.9894,,,0,低,181,0,-,6,0,27.8,0.8311,,,,,,0.1538,0.3077,0.1538,,,E,,,0.1623,0.527,,0.5394,S,81,0,◎1着固定 2-3着流し（5〜8点）,0.5777,"{'is_target': True, 'verdict': '点数絞り', 'max_combo_prob': 0.0889, 'est_top_odds': 15.0, 'circle_concentration': 76.8, 'eligible_count': 6, 'bet_adj': 0, 'reason': 'rel_win1=65.5%（本命度） / 最有力組み合わせ確率: 0.089（推定実オッズ?15倍） / 2着集中度: 上位2艇 76.8%（補正+0.04） / 総合判定確率: 0.129 / → ヒモはやや固め。上位2艇以外を切ること', 'tenji_trigger': '展示確認: 1号艇伸び良→そのまま採用。悪→飛び組に差し替え。circle_pct上位2艇に絞り込むこと。'}",,,28.5,逃げ狙い,18.96,28.8,2,,,,,,,,,,,
2025-04-29,丸亀,9,1,佐藤大介,A1,48.82,1,◎,62.1123,,0,94.2,0.1346,2.4713,,,0,低,122,0,逃1%,33,0,91.3,1.2124,0.7368,,,,,0.1617,0.0316,0.0105,◎,,A,△,,,0.6205,,0.6667,S,84,0,◎1着固定 2-3着流し（5〜8点）,0.5777,"{'is_target': True, 'verdict': '点数絞り', 'max_combo_prob': 0.1204, 'est_top_odds': 11.1, 'circle_concentration': 80.0, 'eligible_count': 6, 'bet_adj': 0, 'reason': 'rel_win1=62.1%（本命度） / 最有力組み合わせ確率: 0.120（推定実オッズ?11倍） / 2着集中度: 上位2艇 80.0%（補正+0.04） / 総合判定確率: 0.160 / → ヒモはやや固め。上位2艇以外を切ること', 'tenji_trigger': '展示確認: 1号艇伸び良→そのまま採用。悪→飛び組に差し替え。circle_pct上位2艇に絞り込むこと。\n展示で1号艇スタート超安定(0.135秒)→ヒモ固まり方向に注意'}",,,27.2,逃げ狙い,16.46,27.1,2,,,,,0,0,0.7559,0,,逃げ軸流し,A
2025-04-29,丸亀,9,2,山田祐也,A1,26.57,2,,15.0656,55.6,76,82.9,0.1689,3.5,,,0,低,53,0,-,14,0,24.8,0.7821,0,0.1875,0,0,0,0,0.0455,0.1364,,,E,○,,0.1182,0.663,,0.6667,S,84,0,◎1着固定 2-3着流し（5〜8点）,0.5777,"{'is_target': True, 'verdict': '点数絞り', 'max_combo_prob': 0.1204, 'est_top_odds': 11.1, 'circle_concentration': 80.0, 'eligible_count': 6, 'bet_adj': 0, 'reason': 'rel_win1=62.1%（本命度） / 最有力組み合わせ確率: 0.120（推定実オッズ?11倍） / 2着集中度: 上位2艇 80.0%（補正+0.04） / 総合判定確率: 0.160 / → ヒモはやや固め。上位2艇以外を切ること', 'tenji_trigger': '展示確認: 1号艇伸び良→そのまま採用。悪→飛び組に差し替え。circle_pct上位2艇に絞り込むこと。\n展示で1号艇スタート超安定(0.135秒)→ヒモ固まり方向に注意'}",,,27.2,逃げ狙い,16.46,27.1,2,,,,,,,,,,,
2025-04-29,丸亀,9,3,今坂晃広,B1,40.40,3,○,6.2777,24.3,60,40.8,0.1763,3.6645,,,0,低,154,0,-,1,0,33.4,0.9788,0,0,0,0.0294,0,0.0462,0.1969,0.0462,,,B,◎,,0.1133,0.681,,0.6667,S,84,0,◎1着固定 2-3着流し（5〜8点）,0.5777,"{'is_target': True, 'verdict': '点数絞り', 'max_combo_prob': 0.1204, 'est_top_odds': 11.1, 'circle_concentration': 80.0, 'eligible_count': 6, 'bet_adj': 0, 'reason': 'rel_win1=62.1%（本命度） / 最有力組み合わせ確率: 0.120（推定実オッズ?11倍） / 2着集中度: 上位2艇 80.0%（補正+0.04） / 総合判定確率: 0.160 / → ヒモはやや固め。上位2艇以外を切ること', 'tenji_trigger': '展示確認: 1号艇伸び良→そのまま採用。悪→飛び組に差し替え。circle_pct上位2艇に絞り込むこと。\n展示で1号艇スタート超安定(0.135秒)→ヒモ固まり方向に注意'}",,,27.2,逃げ狙い,16.46,27.1,2,,,,,,,,,,,
2025-04-29,丸亀,9,4,柴田大輔,B1,31.33,4,▲,5.0101,13.4,71,41.3,0.1917,4.1522,,,0,低,176,0,ま0%,6,0,62.6,0.8021,0,0,0.0385,0,0,0.2769,0.2923,0.2769,,,C,,,0.116,0.4955,,0.6667,S,84,0,◎1着固定 2-3着流し（5〜8点）,0.5777,"{'is_target': True, 'verdict': '点数絞り', 'max_combo_prob': 0.1204, 'est_top_odds': 11.1, 'circle_concentration': 80.0, 'eligible_count': 6, 'bet_adj': 0, 'reason': 'rel_win1=62.1%（本命度） / 最有力組み合わせ確率: 0.120（推定実オッズ?11倍） / 2着集中度: 上位2艇 80.0%（補正+0.04） / 総合判定確率: 0.160 / → ヒモはやや固め。上位2艇以外を切ること', 'tenji_trigger': '展示確認: 1号艇伸び良→そのまま採用。悪→飛び組に差し替え。circle_pct上位2艇に絞り込むこと。\n展示で1号艇スタート超安定(0.135秒)→ヒモ固まり方向に注意'}",,,27.2,逃げ狙い,16.46,27.1,2,,,,,,,,,,,
2025-04-29,丸亀,9,5,梅原祥平,B1,29.17,5,△,5.0903,3.4,100,45,0.1505,3.125,,,0,低,64,0,差ま0%,3,0,64.5,1.2602,0,0,0,0.0625,0,0.25,0.3167,0,,,D,△,,0.2432,0.577,,0.6667,S,84,0,◎1着固定 2-3着流し（5〜8点）,0.5777,"{'is_target': True, 'verdict': '点数絞り', 'max_combo_prob': 0.1204, 'est_top_odds': 11.1, 'circle_concentration': 80.0, 'eligible_count': 6, 'bet_adj': 0, 'reason': 'rel_win1=62.1%（本命度） / 最有力組み合わせ確率: 0.120（推定実オッズ?11倍） / 2着集中度: 上位2艇 80.0%（補正+0.04） / 総合判定確率: 0.160 / → ヒモはやや固め。上位2艇以外を切ること', 'tenji_trigger': '展示確認: 1号艇伸び良→そのまま採用。悪→飛び組に差し替え。circle_pct上位2艇に絞り込むこと。\n展示で1号艇スタート超安定(0.135秒)→ヒモ固まり方向に注意'}",,,27.2,逃げ狙い,16.46,27.1,2,,,,,,,,,,,
2025-04-29,丸亀,9,6,藤山翔大,A2,29.73,6,,6.444,3.2,56,32.3,0.22,4.4516,,,0,低,179,0,ま0% 差ま0%,26,0,25.1,1.5325,0,0,0.0769,0.0769,0,0.1818,0.0909,0.0606,,,D,,,0.132,0.5395,,0.6667,S,84,0,◎1着固定 2-3着流し（5〜8点）,0.5777,"{'is_target': True, 'verdict': '点数絞り', 'max_combo_prob': 0.1204, 'est_top_odds': 11.1, 'circle_concentration': 80.0, 'eligible_count': 6, 'bet_adj': 0, 'reason': 'rel_win1=62.1%（本命度） / 最有力組み合わせ確率: 0.120（推定実オッズ?11倍） / 2着集中度: 上位2艇 80.0%（補正+0.04） / 総合判定確率: 0.160 / → ヒモはやや固め。上位2艇以外を切ること', 'tenji_trigger': '展示確認: 1号艇伸び良→そのまま採用。悪→飛び組に差し替え。circle_pct上位2艇に絞り込むこと。\n展示で1号艇スタート超安定(0.135秒)→ヒモ固まり方向に注意'}",,,27.2,逃げ狙い,16.46,27.1,2,,,,,,,,,,,
2025-04-29,丸亀,10,1,丸野一樹,A1,33.57,1,◎,65.0519,,0,95.5,0.1364,3.4318,,,0,低,31,0,逃1%,22,0,92.3,1.2372,0.8889,,,,,0,0.1111,0,◎,,B,○,,,0.6595,,0.5535,S,97,0,◎1着固定 2-3着流し（5〜8点）,0.5777,"{'is_target': True, 'verdict': '参加推奨', 'max_combo_prob': 0.0718, 'est_top_odds': 18.6, 'circle_concentration': 64.9, 'eligible_count': 6, 'bet_adj': 2, 'reason': 'rel_win1=65.1%（本命度） / 最有力組み合わせ確率: 0.072（推定実オッズ?19倍） / 2着集中度: 上位2艇 64.9%（補正+0.00） / 総合判定確率: 0.072 / → ヒモ分散。1号艇1着固定で広めのヒモ流し推奨（買い目+2点）', 'tenji_trigger': '展示確認: ヒモ分散レース。1号艇伸び確認後、広めのヒモ流しを採用。穴ヒモ（5・6号艇）を積極的に含める。\n展示で1号艇スタート超安定(0.136秒)→ヒモ固まり方向に注意'}",,,26.1,逃げ狙い,17.44,23.2,2,,,,,0,0,0.7559,0,,逃げ軸流し,A
2025-04-29,丸亀,10,2,森晋太郎,B1,24.58,2,,10.6681,35.2,74,65.2,0.1461,3.163,,,0,低,64,0,ま0%,4,0,51.6,1.0417,0,0,0.2143,0,0,0,0.2,0.1333,,,E,△,,0.2359,0.6435,,0.5535,S,97,0,◎1着固定 2-3着流し（5〜8点）,0.5777,"{'is_target': True, 'verdict': '参加推奨', 'max_combo_prob': 0.0718, 'est_top_odds': 18.6, 'circle_concentration': 64.9, 'eligible_count': 6, 'bet_adj': 2, 'reason': 'rel_win1=65.1%（本命度） / 最有力組み合わせ確率: 0.072（推定実オッズ?19倍） / 2着集中度: 上位2艇 64.9%（補正+0.00） / 総合判定確率: 0.072 / → ヒモ分散。1号艇1着固定で広めのヒモ流し推奨（買い目+2点）', 'tenji_trigger': '展示確認: ヒモ分散レース。1号艇伸び確認後、広めのヒモ流しを採用。穴ヒモ（5・6号艇）を積極的に含める。\n展示で1号艇スタート超安定(0.136秒)→ヒモ固まり方向に注意'}",,,26.1,逃げ狙い,17.44,23.2,2,,,,,,,,,,,
2025-04-29,丸亀,10,3,西丸侑太,A2,44.44,3,○,13.2642,29.7,100,72.5,0.1655,3.2375,,,0,低,100,0,-,1,0,59.7,0.8862,0,0.0476,0.0476,0.0476,0.0476,0,0.1314,0.0429,,,A,,,0.1426,0.6105,,0.5535,S,97,0,◎1着固定 2-3着流し（5〜8点）,0.5777,"{'is_target': True, 'verdict': '参加推奨', 'max_combo_prob': 0.0718, 'est_top_odds': 18.6, 'circle_concentration': 64.9, 'eligible_count': 6, 'bet_adj': 2, 'reason': 'rel_win1=65.1%（本命度） / 最有力組み合わせ確率: 0.072（推定実オッズ?19倍） / 2着集中度: 上位2艇 64.9%（補正+0.00） / 総合判定確率: 0.072 / → ヒモ分散。1号艇1着固定で広めのヒモ流し推奨（買い目+2点）', 'tenji_trigger': '展示確認: ヒモ分散レース。1号艇伸び確認後、広めのヒモ流しを採用。穴ヒモ（5・6号艇）を積極的に含める。\n展示で1号艇スタート超安定(0.136秒)→ヒモ固まり方向に注意'}",,,26.1,逃げ狙い,17.44,23.2,2,,,,,,,,,,,
2025-04-29,丸亀,10,4,川崎智稔,B1,28.06,4,▲,5.6989,16.9,86,44.9,0.1171,2.4694,,,0,低,62,0,-,3,0,17.7,0.4464,0,0,0.0385,0,0,0.2267,0.1733,0.0267,,,D,△,,0.36,0.6335,,0.5535,S,97,0,◎1着固定 2-3着流し（5〜8点）,0.5777,"{'is_target': True, 'verdict': '参加推奨', 'max_combo_prob': 0.0718, 'est_top_odds': 18.6, 'circle_concentration': 64.9, 'eligible_count': 6, 'bet_adj': 2, 'reason': 'rel_win1=65.1%（本命度） / 最有力組み合わせ確率: 0.072（推定実オッズ?19倍） / 2着集中度: 上位2艇 64.9%（補正+0.00） / 総合判定確率: 0.072 / → ヒモ分散。1号艇1着固定で広めのヒモ流し推奨（買い目+2点）', 'tenji_trigger': '展示確認: ヒモ分散レース。1号艇伸び確認後、広めのヒモ流しを採用。穴ヒモ（5・6号艇）を積極的に含める。\n展示で1号艇スタート超安定(0.136秒)→ヒモ固まり方向に注意'}",,,26.1,逃げ狙い,17.44,23.2,2,,,,,,,,,,,
2025-04-29,丸亀,10,5,古賀智之,B1,32.87,5,,3.6577,9.9,66,35.5,0.1558,3.4839,,,0,低,119,0,差ま0%,2,0,37.9,1.1343,0,0,0,0.0833,0,0.05,0.4,0.125,,,C,,,0.2326,0.5905,,0.5535,S,97,0,◎1着固定 2-3着流し（5〜8点）,0.5777,"{'is_target': True, 'verdict': '参加推奨', 'max_combo_prob': 0.0718, 'est_top_odds': 18.6, 'circle_concentration': 64.9, 'eligible_count': 6, 'bet_adj': 2, 'reason': 'rel_win1=65.1%（本命度） / 最有力組み合わせ確率: 0.072（推定実オッズ?19倍） / 2着集中度: 上位2艇 64.9%（補正+0.00） / 総合判定確率: 0.072 / → ヒモ分散。1号艇1着固定で広めのヒモ流し推奨（買い目+2点）', 'tenji_trigger': '展示確認: ヒモ分散レース。1号艇伸び確認後、広めのヒモ流しを採用。穴ヒモ（5・6号艇）を積極的に含める。\n展示で1号艇スタート超安定(0.136秒)→ヒモ固まり方向に注意'}",,,26.1,逃げ狙い,17.44,23.2,2,,,,,,,,,,,
2025-04-29,丸亀,10,6,和田拓也,A1,31.08,6,△,1.6592,8.3,67,38.6,0.12,2.8523,,,0,低,51,0,-,1,0,77.2,1.5469,,,,,,0,0,0.175,,,D,◎,,0.3646,0.67,,0.5535,S,97,0,◎1着固定 2-3着流し（5〜8点）,0.5777,"{'is_target': True, 'verdict': '参加推奨', 'max_combo_prob': 0.0718, 'est_top_odds': 18.6, 'circle_concentration': 64.9, 'eligible_count': 6, 'bet_adj': 2, 'reason': 'rel_win1=65.1%（本命度） / 最有力組み合わせ確率: 0.072（推定実オッズ?19倍） / 2着集中度: 上位2艇 64.9%（補正+0.00） / 総合判定確率: 0.072 / → ヒモ分散。1号艇1着固定で広めのヒモ流し推奨（買い目+2点）', 'tenji_trigger': '展示確認: ヒモ分散レース。1号艇伸び確認後、広めのヒモ流しを採用。穴ヒモ（5・6号艇）を積極的に含める。\n展示で1号艇スタート超安定(0.136秒)→ヒモ固まり方向に注意'}",,,26.1,逃げ狙い,17.44,23.2,2,,,,,,,,,,,
2025-04-29,丸亀,11,1,渡部　悟,A2,30.99,1,◎,55.7677,,0,87.1,0.1229,2.3429,,,0,低,79,0,逃1%,62,0,80.3,0.944,0.5556,,,,,0.1639,0.1194,0.0296,◎,,B,◎,,,0.66,,0.6384,A,72,0,◎-○軸 3着3〜4艇流し（10〜15点）,0.5777,"{'is_target': True, 'verdict': '参加推奨', 'max_combo_prob': 0.0847, 'est_top_odds': 15.7, 'circle_concentration': 66.7, 'eligible_count': 8, 'bet_adj': 2, 'reason': 'rel_win1=55.8%（本命度） / 最有力組み合わせ確率: 0.085（推定実オッズ?16倍） / 2着集中度: 上位2艇 66.7%（補正+0.00） / 総合判定確率: 0.085 / → ヒモ分散。1号艇1着固定で広めのヒモ流し推奨（買い目+2点）', 'tenji_trigger': '展示確認: ヒモ分散レース。1号艇伸び確認後、広めのヒモ流しを採用。穴ヒモ（5・6号艇）を積極的に含める。\n展示で1号艇スタート超安定(0.123秒)→ヒモ固まり方向に注意'}",,,28.8,逃げ狙い,19.18,29.4,2,,,,,0,0,0.7559,0,,逃げ軸流し,A
2025-04-29,丸亀,11,2,栗城　匠,A1,25.17,2,▲,25.841,46,56,62.9,0.1754,3.4714,,,0,低,83,0,差0% ま0%,15,0,66.8,1.1748,0,0.1333,0.1333,0,0,0,0.2404,0.1409,,,D,△,,0.1071,0.623,,0.6384,A,72,0,◎-○軸 3着3〜4艇流し（10〜15点）,0.5777,"{'is_target': True, 'verdict': '参加推奨', 'max_combo_prob': 0.0847, 'est_top_odds': 15.7, 'circle_concentration': 66.7, 'eligible_count': 8, 'bet_adj': 2, 'reason': 'rel_win1=55.8%（本命度） / 最有力組み合わせ確率: 0.085（推定実オッズ?16倍） / 2着集中度: 上位2艇 66.7%（補正+0.00） / 総合判定確率: 0.085 / → ヒモ分散。1号艇1着固定で広めのヒモ流し推奨（買い目+2点）', 'tenji_trigger': '展示確認: ヒモ分散レース。1号艇伸び確認後、広めのヒモ流しを採用。穴ヒモ（5・6号艇）を積極的に含める。\n展示で1号艇スタート超安定(0.123秒)→ヒモ固まり方向に注意'}",,,28.8,逃げ狙い,19.18,29.4,2,,,,,,,,,,,
2025-04-29,丸亀,11,3,米田隆弘,A2,25.20,3,,5.4674,20.7,92,43.6,0.1723,3.4487,,,0,低,143,0,-,24,0,63.8,0.616,0,0,0,0.0323,0,0.0625,0.1607,0.025,,,D,△,,0.1241,0.624,,0.6384,A,72,0,◎-○軸 3着3〜4艇流し（10〜15点）,0.5777,"{'is_target': True, 'verdict': '参加推奨', 'max_combo_prob': 0.0847, 'est_top_odds': 15.7, 'circle_concentration': 66.7, 'eligible_count': 8, 'bet_adj': 2, 'reason': 'rel_win1=55.8%（本命度） / 最有力組み合わせ確率: 0.085（推定実オッズ?16倍） / 2着集中度: 上位2艇 66.7%（補正+0.00） / 総合判定確率: 0.085 / → ヒモ分散。1号艇1着固定で広めのヒモ流し推奨（買い目+2点）', 'tenji_trigger': '展示確認: ヒモ分散レース。1号艇伸び確認後、広めのヒモ流しを採用。穴ヒモ（5・6号艇）を積極的に含める。\n展示で1号艇スタート超安定(0.123秒)→ヒモ固まり方向に注意'}",,,28.8,逃げ狙い,19.18,29.4,2,,,,,,,,,,,
2025-04-29,丸亀,11,4,杉田篤光,B1,30.43,4,△,7.5284,18.8,100,66,0.1945,4.5849,,,0,低,185,0,差ま0%,14,0,64.7,1.18,0,0,0.0417,0.0417,0,0.1358,0.0267,0.1624,,,B,,◎,0.1326,0.578,0.2174,0.6384,A,72,0,◎-○軸 3着3〜4艇流し（10〜15点）,0.5777,"{'is_target': True, 'verdict': '参加推奨', 'max_combo_prob': 0.0847, 'est_top_odds': 15.7, 'circle_concentration': 66.7, 'eligible_count': 8, 'bet_adj': 2, 'reason': 'rel_win1=55.8%（本命度） / 最有力組み合わせ確率: 0.085（推定実オッズ?16倍） / 2着集中度: 上位2艇 66.7%（補正+0.00） / 総合判定確率: 0.085 / → ヒモ分散。1号艇1着固定で広めのヒモ流し推奨（買い目+2点）', 'tenji_trigger': '展示確認: ヒモ分散レース。1号艇伸び確認後、広めのヒモ流しを採用。穴ヒモ（5・6号艇）を積極的に含める。\n展示で1号艇スタート超安定(0.123秒)→ヒモ固まり方向に注意'}",,,28.8,逃げ狙い,19.18,29.4,2,,,,,,,,,,,
2025-04-29,丸亀,11,5,片橋幸貴,A1,29.25,5,○,4.395,11.4,81,53.2,0.1472,3.5213,,,0,低,80,0,-,22,0,31.6,0.6276,0,0,0,0,0.0625,0.0308,0.0462,0.2615,,,C,○,,0.2536,0.629,,0.6384,A,72,0,◎-○軸 3着3〜4艇流し（10〜15点）,0.5777,"{'is_target': True, 'verdict': '参加推奨', 'max_combo_prob': 0.0847, 'est_top_odds': 15.7, 'circle_concentration': 66.7, 'eligible_count': 8, 'bet_adj': 2, 'reason': 'rel_win1=55.8%（本命度） / 最有力組み合わせ確率: 0.085（推定実オッズ?16倍） / 2着集中度: 上位2艇 66.7%（補正+0.00） / 総合判定確率: 0.085 / → ヒモ分散。1号艇1着固定で広めのヒモ流し推奨（買い目+2点）', 'tenji_trigger': '展示確認: ヒモ分散レース。1号艇伸び確認後、広めのヒモ流しを採用。穴ヒモ（5・6号艇）を積極的に含める。\n展示で1号艇スタート超安定(0.123秒)→ヒモ固まり方向に注意'}",,,28.8,逃げ狙い,19.18,29.4,2,,,,,,,,,,,
2025-04-29,丸亀,11,6,深川和仁,B1,27.27,6,,1.0006,3.1,30,22.7,0.1905,4.2614,,,0,低,130,0,-,46,0,27.2,1.1142,,,,,,0.2,0.0167,0.05,,,D,,,0.1529,0.606,,0.6384,A,72,0,◎-○軸 3着3〜4艇流し（10〜15点）,0.5777,"{'is_target': True, 'verdict': '参加推奨', 'max_combo_prob': 0.0847, 'est_top_odds': 15.7, 'circle_concentration': 66.7, 'eligible_count': 8, 'bet_adj': 2, 'reason': 'rel_win1=55.8%（本命度） / 最有力組み合わせ確率: 0.085（推定実オッズ?16倍） / 2着集中度: 上位2艇 66.7%（補正+0.00） / 総合判定確率: 0.085 / → ヒモ分散。1号艇1着固定で広めのヒモ流し推奨（買い目+2点）', 'tenji_trigger': '展示確認: ヒモ分散レース。1号艇伸び確認後、広めのヒモ流しを採用。穴ヒモ（5・6号艇）を積極的に含める。\n展示で1号艇スタート超安定(0.123秒)→ヒモ固まり方向に注意'}",,,28.8,逃げ狙い,19.18,29.4,2,,,,,,,,,,,
2025-04-29,丸亀,12,1,塩崎桐加,A2,32.89,1,◎,64.8154,,0,78.3,0.187,3.1739,,,0,低,58,0,逃1%,63,0,94.5,1.3451,0.6364,,,,,0,0.2727,0.0909,○,,B,,,,0.5535,,0.3896,A,67,0,◎-○軸 3着3〜4艇流し（10〜15点）,0.5777,"{'is_target': True, 'verdict': '点数絞り', 'max_combo_prob': 0.1233, 'est_top_odds': 10.8, 'circle_concentration': 70.8, 'eligible_count': 8, 'bet_adj': 0, 'reason': 'rel_win1=64.8%（本命度） / 最有力組み合わせ確率: 0.123（推定実オッズ?11倍） / 2着集中度: 上位2艇 70.8%（補正+0.04） / 総合判定確率: 0.163 / → ヒモはやや固め。上位2艇以外を切ること', 'tenji_trigger': '展示確認: 1号艇伸び良→そのまま採用。悪→飛び組に差し替え。circle_pct上位2艇に絞り込むこと。\n展示で1号艇スタート遅め(0.187秒)確認→ヒモが荒れやすい'}",,,29.5,逃げ狙い,18.04,32.4,2,,,,,0,0,0.6155,0,,逃げ軸流し,A
2025-04-29,丸亀,12,2,蜂須瑞生,A2,28.13,2,▲,16.2112,59.1,97,82.1,0.1636,3.25,,,0,低,55,0,差0% ま0%,33,0,67.7,1.3303,0,0.0667,0.0667,0,0,0.1117,0.2589,0,,◎,D,○,,0.549,0.6075,,0.3896,A,67,0,◎-○軸 3着3〜4艇流し（10〜15点）,0.5777,"{'is_target': True, 'verdict': '点数絞り', 'max_combo_prob': 0.1233, 'est_top_odds': 10.8, 'circle_concentration': 70.8, 'eligible_count': 8, 'bet_adj': 0, 'reason': 'rel_win1=64.8%（本命度） / 最有力組み合わせ確率: 0.123（推定実オッズ?11倍） / 2着集中度: 上位2艇 70.8%（補正+0.04） / 総合判定確率: 0.163 / → ヒモはやや固め。上位2艇以外を切ること', 'tenji_trigger': '展示確認: 1号艇伸び良→そのまま採用。悪→飛び組に差し替え。circle_pct上位2艇に絞り込むこと。\n展示で1号艇スタート遅め(0.187秒)確認→ヒモが荒れやすい'}",,,29.5,逃げ狙い,18.04,32.4,2,,,,,,,,,,,
2025-04-29,丸亀,12,3,佐藤ほの,B1,24.65,3,,6.6627,10.8,87,21.4,0.1893,3.4821,,,0,低,65,0,-,56,0,59.1,0.5562,,,,,,0.3333,0.4444,0.1111,,,E,,,0.3006,0.5605,,0.3896,A,67,0,◎-○軸 3着3〜4艇流し（10〜15点）,0.5777,"{'is_target': True, 'verdict': '点数絞り', 'max_combo_prob': 0.1233, 'est_top_odds': 10.8, 'circle_concentration': 70.8, 'eligible_count': 8, 'bet_adj': 0, 'reason': 'rel_win1=64.8%（本命度） / 最有力組み合わせ確率: 0.123（推定実オッズ?11倍） / 2着集中度: 上位2艇 70.8%（補正+0.04） / 総合判定確率: 0.163 / → ヒモはやや固め。上位2艇以外を切ること', 'tenji_trigger': '展示確認: 1号艇伸び良→そのまま採用。悪→飛び組に差し替え。circle_pct上位2艇に絞り込むこと。\n展示で1号艇スタート遅め(0.187秒)確認→ヒモが荒れやすい'}",,,29.5,逃げ狙い,18.04,32.4,2,,,,,,,,,,,
2025-04-29,丸亀,12,4,倉田郁美,B1,30.77,4,△,7.777,11.6,100,38.1,0.1905,3.2619,,,0,低,77,0,-,45,0,37.4,0.8481,,,,,,0.625,0.25,0,,,C,△,,0.2964,0.5695,,0.3896,A,67,0,◎-○軸 3着3〜4艇流し（10〜15点）,0.5777,"{'is_target': True, 'verdict': '点数絞り', 'max_combo_prob': 0.1233, 'est_top_odds': 10.8, 'circle_concentration': 70.8, 'eligible_count': 8, 'bet_adj': 0, 'reason': 'rel_win1=64.8%（本命度） / 最有力組み合わせ確率: 0.123（推定実オッズ?11倍） / 2着集中度: 上位2艇 70.8%（補正+0.04） / 総合判定確率: 0.163 / → ヒモはやや固め。上位2艇以外を切ること', 'tenji_trigger': '展示確認: 1号艇伸び良→そのまま採用。悪→飛び組に差し替え。circle_pct上位2艇に絞り込むこと。\n展示で1号艇スタート遅め(0.187秒)確認→ヒモが荒れやすい'}",,,29.5,逃げ狙い,18.04,32.4,2,,,,,,,,,,,
2025-04-29,丸亀,12,5,西澤日花,B1,30.28,5,,2.9606,11.5,44,15.4,0.1962,3.8654,,,0,低,64,0,-,55,0,28,0.6483,,,,,,0.32,0.28,0.08,,,C,△,,0.2807,0.599,,0.3896,A,67,0,◎-○軸 3着3〜4艇流し（10〜15点）,0.5777,"{'is_target': True, 'verdict': '点数絞り', 'max_combo_prob': 0.1233, 'est_top_odds': 10.8, 'circle_concentration': 70.8, 'eligible_count': 8, 'bet_adj': 0, 'reason': 'rel_win1=64.8%（本命度） / 最有力組み合わせ確率: 0.123（推定実オッズ?11倍） / 2着集中度: 上位2艇 70.8%（補正+0.04） / 総合判定確率: 0.163 / → ヒモはやや固め。上位2艇以外を切ること', 'tenji_trigger': '展示確認: 1号艇伸び良→そのまま採用。悪→飛び組に差し替え。circle_pct上位2艇に絞り込むこと。\n展示で1号艇スタート遅め(0.187秒)確認→ヒモが荒れやすい'}",,,29.5,逃げ狙い,18.04,32.4,2,,,,,,,,,,,
2025-04-29,丸亀,12,6,平山智加,A1,40.26,6,○,1.5732,6.9,80,40.9,0.1764,4.2727,,,0,低,46,0,-,61,0,25.2,1.2133,,,,,,0,0.1818,0.1818,,,B,◎,,0.3437,0.651,,0.3896,A,67,0,◎-○軸 3着3〜4艇流し（10〜15点）,0.5777,"{'is_target': True, 'verdict': '点数絞り', 'max_combo_prob': 0.1233, 'est_top_odds': 10.8, 'circle_concentration': 70.8, 'eligible_count': 8, 'bet_adj': 0, 'reason': 'rel_win1=64.8%（本命度） / 最有力組み合わせ確率: 0.123（推定実オッズ?11倍） / 2着集中度: 上位2艇 70.8%（補正+0.04） / 総合判定確率: 0.163 / → ヒモはやや固め。上位2艇以外を切ること', 'tenji_trigger': '展示確認: 1号艇伸び良→そのまま採用。悪→飛び組に差し替え。circle_pct上位2艇に絞り込むこと。\n展示で1号艇スタート遅め(0.187秒)確認→ヒモが荒れやすい'}",,,29.5,逃げ狙い,18.04,32.4,2,,,,,,,,,,,
2025-04-30,丸亀,1,1,村上功祐,B1,26.97,1,◎,58.2611,,0,86.5,0.1508,3.3173,,,0,低,96,0,逃0%,2 25,0,90,1.1837,0.4,,,,,0.0533,0.1733,0.1267,◎,,D,◎,,,0.641,,0.5019,S,84,0,◎1着固定 2-3着流し（5〜8点）,0.5777,"{'is_target': True, 'verdict': '参加推奨', 'max_combo_prob': 0.08, 'est_top_odds': 16.7, 'circle_concentration': 61.3, 'eligible_count': 6, 'bet_adj': 2, 'reason': 'rel_win1=58.3%（本命度） / 最有力組み合わせ確率: 0.080（推定実オッズ?17倍） / 2着集中度: 上位2艇 61.3%（補正+0.00） / 総合判定確率: 0.080 / → ヒモ分散。1号艇1着固定で広めのヒモ流し推奨（買い目+2点）', 'tenji_trigger': '展示確認: ヒモ分散レース。1号艇伸び確認後、広めのヒモ流しを採用。穴ヒモ（5・6号艇）を積極的に含める。'}",,,28,逃げ狙い,15.98,29.7,2,,,,,0,0,0.7559,0,,逃げ軸流し,A
2025-04-30,丸亀,1,2,山川雄大,B1,29.41,2,○,18.1542,31.7,51,43.6,0.1817,4.0449,,,0,低,168,0,差0% ま0%,5 45,0,39.5,0.8171,0,0.1429,0.0286,0,0,0.2952,0.0381,0.1571,,,B,○,,0.0884,0.616,,0.5019,S,84,0,◎1着固定 2-3着流し（5〜8点）,0.5777,"{'is_target': True, 'verdict': '参加推奨', 'max_combo_prob': 0.08, 'est_top_odds': 16.7, 'circle_concentration': 61.3, 'eligible_count': 6, 'bet_adj': 2, 'reason': 'rel_win1=58.3%（本命度） / 最有力組み合わせ確率: 0.080（推定実オッズ?17倍） / 2着集中度: 上位2艇 61.3%（補正+0.00） / 総合判定確率: 0.080 / → ヒモ分散。1号艇1着固定で広めのヒモ流し推奨（買い目+2点）', 'tenji_trigger': '展示確認: ヒモ分散レース。1号艇伸び確認後、広めのヒモ流しを採用。穴ヒモ（5・6号艇）を積極的に含める。'}",,,28,逃げ狙い,15.98,29.7,2,,,,,,,,,,,
2025-04-30,丸亀,1,3,安達美帆,B1,21.74,3,△,10.5308,29.7,78,31.6,0.18,3.4474,,,0,低,49,0,-,2 24,0,34.4,0.7608,,,,,,0.25,0.5,0.25,,,E,△,,0.1823,0.53,,0.5019,S,84,0,◎1着固定 2-3着流し（5〜8点）,0.5777,"{'is_target': True, 'verdict': '参加推奨', 'max_combo_prob': 0.08, 'est_top_odds': 16.7, 'circle_concentration': 61.3, 'eligible_count': 6, 'bet_adj': 2, 'reason': 'rel_win1=58.3%（本命度） / 最有力組み合わせ確率: 0.080（推定実オッズ?17倍） / 2着集中度: 上位2艇 61.3%（補正+0.00） / 総合判定確率: 0.080 / → ヒモ分散。1号艇1着固定で広めのヒモ流し推奨（買い目+2点）', 'tenji_trigger': '展示確認: ヒモ分散レース。1号艇伸び確認後、広めのヒモ流しを採用。穴ヒモ（5・6号艇）を積極的に含める。'}",,,28,逃げ狙い,15.98,29.7,2,,,,,,,,,,,
2025-04-30,丸亀,1,4,小川広大,B1,33.13,4,▲,6.1762,19.2,50,23.9,0.202,4.2887,,,0,低,185,0,-,321,0,9.7,0.307,,,,,,0.2545,0.0545,0.2909,,,B,△,,0.161,0.5845,,0.5019,S,84,0,◎1着固定 2-3着流し（5〜8点）,0.5777,"{'is_target': True, 'verdict': '参加推奨', 'max_combo_prob': 0.08, 'est_top_odds': 16.7, 'circle_concentration': 61.3, 'eligible_count': 6, 'bet_adj': 2, 'reason': 'rel_win1=58.3%（本命度） / 最有力組み合わせ確率: 0.080（推定実オッズ?17倍） / 2着集中度: 上位2艇 61.3%（補正+0.00） / 総合判定確率: 0.080 / → ヒモ分散。1号艇1着固定で広めのヒモ流し推奨（買い目+2点）', 'tenji_trigger': '展示確認: ヒモ分散レース。1号艇伸び確認後、広めのヒモ流しを採用。穴ヒモ（5・6号艇）を積極的に含める。'}",,,28,逃げ狙い,15.98,29.7,2,,,,,,,,,,,
2025-04-30,丸亀,1,5,山口修路,B1,27.08,5,,5.4813,19.1,100,44.4,0.2168,4.2063,,,0,低,181,0,差0%,6 53,0,59.3,1.2629,0,0.0417,0,0,0,0.1538,0.3077,0.1538,,,D,,,0.1302,0.527,,0.5019,S,84,0,◎1着固定 2-3着流し（5〜8点）,0.5777,"{'is_target': True, 'verdict': '参加推奨', 'max_combo_prob': 0.08, 'est_top_odds': 16.7, 'circle_concentration': 61.3, 'eligible_count': 6, 'bet_adj': 2, 'reason': 'rel_win1=58.3%（本命度） / 最有力組み合わせ確率: 0.080（推定実オッズ?17倍） / 2着集中度: 上位2艇 61.3%（補正+0.00） / 総合判定確率: 0.080 / → ヒモ分散。1号艇1着固定で広めのヒモ流し推奨（買い目+2点）', 'tenji_trigger': '展示確認: ヒモ分散レース。1号艇伸び確認後、広めのヒモ流しを採用。穴ヒモ（5・6号艇）を積極的に含める。'}",,,28,逃げ狙い,15.98,29.7,2,,,,,,,,,,,
2025-04-30,丸亀,1,6,畑田希咲,B2,28.67,6,,1.3963,0.4,15,0,0.2278,4.7426,,,0,低,81,0,-,666,0,21.8,0.6217,,,,,,0,0.3778,0.3333,,,C,,,0.1648,0.4605,,0.5019,S,84,0,◎1着固定 2-3着流し（5〜8点）,0.5777,"{'is_target': True, 'verdict': '参加推奨', 'max_combo_prob': 0.08, 'est_top_odds': 16.7, 'circle_concentration': 61.3, 'eligible_count': 6, 'bet_adj': 2, 'reason': 'rel_win1=58.3%（本命度） / 最有力組み合わせ確率: 0.080（推定実オッズ?17倍） / 2着集中度: 上位2艇 61.3%（補正+0.00） / 総合判定確率: 0.080 / → ヒモ分散。1号艇1着固定で広めのヒモ流し推奨（買い目+2点）', 'tenji_trigger': '展示確認: ヒモ分散レース。1号艇伸び確認後、広めのヒモ流しを採用。穴ヒモ（5・6号艇）を積極的に含める。'}",,,28,逃げ狙い,15.98,29.7,2,,,,,,,,,,,
2025-04-30,丸亀,2,1,峰重侑治,B1,31.25,1,◎,54.8377,,0,86.5,0.1648,3.0962,,,0,低,114,0,逃1%,133,0,91.8,1.2476,0.7333,,,,,0.2267,0.0533,0,◎,,C,△,,,0.6135,,0.4812,S,83,0,◎1着固定 2-3着流し（5〜8点）,0.5777,"{'is_target': True, 'verdict': '参加推奨', 'max_combo_prob': 0.0801, 'est_top_odds': 16.6, 'circle_concentration': 69.7, 'eligible_count': 6, 'bet_adj': 2, 'reason': 'rel_win1=54.8%（本命度） / 最有力組み合わせ確率: 0.080（推定実オッズ?17倍） / 2着集中度: 上位2艇 69.7%（補正+0.00） / 総合判定確率: 0.080 / → ヒモ分散。1号艇1着固定で広めのヒモ流し推奨（買い目+2点）', 'tenji_trigger': '展示確認: ヒモ分散レース。1号艇伸び確認後、広めのヒモ流しを採用。穴ヒモ（5・6号艇）を積極的に含める。'}",,,23.5,逃げ狙い,16.91,30.6,4,,,,,0,0,0.7559,0,,逃げ軸流し,A
2025-04-30,丸亀,2,2,吉川晴人,B1,21.32,2,,13.7164,49.1,87,50,0.1664,3.84,,,0,低,98,0,差0% ま0%,134,0,33.2,0.8547,0,0.15,0.05,0,0,0.02,0.02,0.1657,,,E,△,,0.3156,0.6235,,0.4812,S,83,0,◎1着固定 2-3着流し（5〜8点）,0.5777,"{'is_target': True, 'verdict': '参加推奨', 'max_combo_prob': 0.0801, 'est_top_odds': 16.6, 'circle_concentration': 69.7, 'eligible_count': 6, 'bet_adj': 2, 'reason': 'rel_win1=54.8%（本命度） / 最有力組み合わせ確率: 0.080（推定実オッズ?17倍） / 2着集中度: 上位2艇 69.7%（補正+0.00） / 総合判定確率: 0.080 / → ヒモ分散。1号艇1着固定で広めのヒモ流し推奨（買い目+2点）', 'tenji_trigger': '展示確認: ヒモ分散レース。1号艇伸び確認後、広めのヒモ流しを採用。穴ヒモ（5・6号艇）を積極的に含める。'}",,,23.5,逃げ狙い,16.91,30.6,4,,,,,,,,,,,
2025-04-30,丸亀,2,3,倉田郁美,B1,30.77,3,,12.085,20.6,87,37,0.1993,3.5741,,,0,低,77,0,ま0%,4566,0,39.3,0.8729,0,0,0.1333,0,0,0.625,0.25,0,,,C,,,0.1328,0.5695,,0.4812,S,83,0,◎1着固定 2-3着流し（5〜8点）,0.5777,"{'is_target': True, 'verdict': '参加推奨', 'max_combo_prob': 0.0801, 'est_top_odds': 16.6, 'circle_concentration': 69.7, 'eligible_count': 6, 'bet_adj': 2, 'reason': 'rel_win1=54.8%（本命度） / 最有力組み合わせ確率: 0.080（推定実オッズ?17倍） / 2着集中度: 上位2艇 69.7%（補正+0.00） / 総合判定確率: 0.080 / → ヒモ分散。1号艇1着固定で広めのヒモ流し推奨（買い目+2点）', 'tenji_trigger': '展示確認: ヒモ分散レース。1号艇伸び確認後、広めのヒモ流しを採用。穴ヒモ（5・6号艇）を積極的に含める。'}",,,23.5,逃げ狙い,16.91,30.6,4,,,,,,,,,,,
2025-04-30,丸亀,2,4,杉山太陽,B1,34.46,4,○,8.3438,13.4,84,22.7,0.1659,3.1818,,,0,低,87,0,-,546,0,87.8,1.6187,,,,,,0,0.375,0.25,,,B,,,0.3062,0.583,,0.4812,S,83,0,◎1着固定 2-3着流し（5〜8点）,0.5777,"{'is_target': True, 'verdict': '参加推奨', 'max_combo_prob': 0.0801, 'est_top_odds': 16.6, 'circle_concentration': 69.7, 'eligible_count': 6, 'bet_adj': 2, 'reason': 'rel_win1=54.8%（本命度） / 最有力組み合わせ確率: 0.080（推定実オッズ?17倍） / 2着集中度: 上位2艇 69.7%（補正+0.00） / 総合判定確率: 0.080 / → ヒモ分散。1号艇1着固定で広めのヒモ流し推奨（買い目+2点）', 'tenji_trigger': '展示確認: ヒモ分散レース。1号艇伸び確認後、広めのヒモ流しを採用。穴ヒモ（5・6号艇）を積極的に含める。'}",,,23.5,逃げ狙い,16.91,30.6,4,,,,,,,,,,,
2025-04-30,丸亀,2,5,片橋幸貴,A1,29.25,5,△,6.9601,14.1,100,53.2,0.1472,3.5213,,,0,低,80,0,-,2224,0,28.9,0.6933,0,0,0,0,0.0625,0.0308,0.0462,0.2615,,,D,○,,0.366,0.629,,0.4812,S,83,0,◎1着固定 2-3着流し（5〜8点）,0.5777,"{'is_target': True, 'verdict': '参加推奨', 'max_combo_prob': 0.0801, 'est_top_odds': 16.6, 'circle_concentration': 69.7, 'eligible_count': 6, 'bet_adj': 2, 'reason': 'rel_win1=54.8%（本命度） / 最有力組み合わせ確率: 0.080（推定実オッズ?17倍） / 2着集中度: 上位2艇 69.7%（補正+0.00） / 総合判定確率: 0.080 / → ヒモ分散。1号艇1着固定で広めのヒモ流し推奨（買い目+2点）', 'tenji_trigger': '展示確認: ヒモ分散レース。1号艇伸び確認後、広めのヒモ流しを採用。穴ヒモ（5・6号艇）を積極的に含める。'}",,,23.5,逃げ狙い,16.91,30.6,4,,,,,,,,,,,
2025-04-30,丸亀,2,6,竹之内極,B1,43.66,6,▲,4.0571,2.8,65,16,0.1902,4.56,,,0,低,124,0,-,113,0,25.3,0.9136,,,,,,0.075,0.365,0,,,A,◎,,0.2292,0.65,,0.4812,S,83,0,◎1着固定 2-3着流し（5〜8点）,0.5777,"{'is_target': True, 'verdict': '参加推奨', 'max_combo_prob': 0.0801, 'est_top_odds': 16.6, 'circle_concentration': 69.7, 'eligible_count': 6, 'bet_adj': 2, 'reason': 'rel_win1=54.8%（本命度） / 最有力組み合わせ確率: 0.080（推定実オッズ?17倍） / 2着集中度: 上位2艇 69.7%（補正+0.00） / 総合判定確率: 0.080 / → ヒモ分散。1号艇1着固定で広めのヒモ流し推奨（買い目+2点）', 'tenji_trigger': '展示確認: ヒモ分散レース。1号艇伸び確認後、広めのヒモ流しを採用。穴ヒモ（5・6号艇）を積極的に含める。'}",,,23.5,逃げ狙い,16.91,30.6,4,,,,,,,,,,,
2025-04-30,丸亀,3,1,中嶋達也,B1,32.00,1,◎,44.341,,0,68.1,0.1785,3.8723,,,0,低,136,0,逃0%,556,0,56.7,0.8743,0.2381,,,,,0.1429,0.3333,0.1905,△,,D,,,,0.5685,,0.25,B,50,0,◎○△フォーメーション（15〜20点）,0.5777,"{'is_target': False, 'verdict': '対象外', 'max_combo_prob': None, 'est_top_odds': None, 'circle_concentration': None, 'eligible_count': 0, 'bet_adj': 0, 'reason': '1号艇rel_win1 < 45%: 通常判定に委ねる', 'tenji_trigger': ''}",,,30.2,両建て推奨,14.17,37.6,4,4-5-6|1-3-4|1-3-2|1-2-4|1-4-2|1-3-6,2-1-3|4-5-6|3-1-6|3-2-6|3-1-2|6-1-2|3-1-5|1-3-4|1-3-2|1-2-4|1-4-2|1-3-6,4-5-6:1.91%|1-3-4:6.51%|1-3-2:5.54%|1-2-4:5.27%|1-4-2:5.08%|1-3-6:5.05%,4-5-6:B_main|1-3-4:A|1-3-2:A|1-2-4:A|1-4-2:A|1-3-6:A,6,12,0.4535,1,[!]見送り推奨（主役決まり手「まくり」― 逃げ劣勢レースで的中実績なし）,荒れ広め,D
2025-04-30,丸亀,3,2,今坂晃広,B1,40.40,2,△,11.815,27.3,78,28.6,0.1921,4.2946,,,0,低,154,0,-,1 64,0,93.9,0.5488,0,0.1071,0,0,0,0.0462,0.1969,0.0462,,,B,◎,,0.2094,0.681,,0.25,B,50,0,◎○△フォーメーション（15〜20点）,0.5777,"{'is_target': False, 'verdict': '対象外', 'max_combo_prob': None, 'est_top_odds': None, 'circle_concentration': None, 'eligible_count': 0, 'bet_adj': 0, 'reason': '1号艇rel_win1 < 45%: 通常判定に委ねる', 'tenji_trigger': ''}",,,30.2,両建て推奨,14.17,37.6,4,,,,,,,,,,,
2025-04-30,丸亀,3,3,三原　司,B1,46.32,3,▲,17.323,37.4,63,51.9,0.1794,3.9416,,,0,低,167,0,-,445,0,44,1.0465,0,0,0.0571,0.0286,0,0.2452,0.2071,0.0571,,,A,△,,0.3207,0.624,,0.25,B,50,0,◎○△フォーメーション（15〜20点）,0.5777,"{'is_target': False, 'verdict': '対象外', 'max_combo_prob': None, 'est_top_odds': None, 'circle_concentration': None, 'eligible_count': 0, 'bet_adj': 0, 'reason': '1号艇rel_win1 < 45%: 通常判定に委ねる', 'tenji_trigger': ''}",,,30.2,両建て推奨,14.17,37.6,4,,,,,,,,,,,
2025-04-30,丸亀,3,4,西丸侑太,A2,44.44,4,○,17.6466,25.4,73,58.8,0.1496,3.1373,,,0,低,100,0,ま0%,1 42,0,67.1,1.2819,0,0,0.08,0.04,0.08,0,0.1314,0.0429,,◎,B,,◎,0.4607,0.6105,0.3116,0.25,B,50,0,◎○△フォーメーション（15〜20点）,0.5777,"{'is_target': False, 'verdict': '対象外', 'max_combo_prob': None, 'est_top_odds': None, 'circle_concentration': None, 'eligible_count': 0, 'bet_adj': 0, 'reason': '1号艇rel_win1 < 45%: 通常判定に委ねる', 'tenji_trigger': ''}",,,30.2,両建て推奨,14.17,37.6,4,,,,,,,,,,,
2025-04-30,丸亀,3,5,江藤敦宏,B1,28.46,5,,3.7552,2.1,21,10.4,0.1496,3.1979,,,0,低,85,0,-,4 35,0,31,0.6162,,,,,,0.2857,0.2857,0.1429,,○,D,○,,0.4538,0.6305,,0.25,B,50,0,◎○△フォーメーション（15〜20点）,0.5777,"{'is_target': False, 'verdict': '対象外', 'max_combo_prob': None, 'est_top_odds': None, 'circle_concentration': None, 'eligible_count': 0, 'bet_adj': 0, 'reason': '1号艇rel_win1 < 45%: 通常判定に委ねる', 'tenji_trigger': ''}",,,30.2,両建て推奨,14.17,37.6,4,,,,,,,,,,,
2025-04-30,丸亀,3,6,栗城　匠,A1,25.17,6,,5.1192,7.7,100,48,0.164,3.51,,,0,低,83,0,差ま0%,1513,0,25.7,1.8953,0,0,0,0.0526,0,0,0.2404,0.1409,,,E,△,,0.3798,0.623,,0.25,B,50,0,◎○△フォーメーション（15〜20点）,0.5777,"{'is_target': False, 'verdict': '対象外', 'max_combo_prob': None, 'est_top_odds': None, 'circle_concentration': None, 'eligible_count': 0, 'bet_adj': 0, 'reason': '1号艇rel_win1 < 45%: 通常判定に委ねる', 'tenji_trigger': ''}",,,30.2,両建て推奨,14.17,37.6,4,,,,,,,,,,,
2025-04-30,丸亀,4,1,梅原祥平,B1,29.17,1,◎,39.3281,,0,50,0.1357,3.0357,,,0,低,64,0,逃0%,3 13,0,34.7,0.6681,0.0833,,,,,0.25,0.3167,0,○,,D,,,,0.577,,0.3914,D,22,1,大荒れ。見送り推奨,0.5777,"{'is_target': False, 'verdict': '対象外', 'max_combo_prob': None, 'est_top_odds': None, 'circle_concentration': None, 'eligible_count': 0, 'bet_adj': 0, 'reason': '1号艇rel_win1 < 45%: 通常判定に委ねる', 'tenji_trigger': ''}",,,31,両建て推奨,17.59,37,2,,,,,0,0,0.6155,0,,主役軸流し,B
2025-04-30,丸亀,4,2,佐藤大介,A1,48.82,2,○,25.8551,51.6,92,78.1,0.1691,3.8516,,,0,低,122,0,-,3341,0,25.8,0.8166,0,0.125,0.0312,0,0.0625,0.1617,0.0316,0.0105,,,A,△,,0.1136,0.6205,,0.3914,D,22,1,大荒れ。見送り推奨,0.5777,"{'is_target': False, 'verdict': '対象外', 'max_combo_prob': None, 'est_top_odds': None, 'circle_concentration': None, 'eligible_count': 0, 'bet_adj': 0, 'reason': '1号艇rel_win1 < 45%: 通常判定に委ねる', 'tenji_trigger': ''}",,,31,両建て推奨,17.59,37,2,,,,,,,,,,,
2025-04-30,丸亀,4,3,川崎智稔,B1,28.06,3,△,13.3907,26,90,54.2,0.1446,3.1771,,,0,低,62,0,-,3 53,0,89.1,1.7331,0,0,0.125,0.0417,0,0.2267,0.1733,0.0267,,,E,◎,,0.3026,0.6335,,0.3914,D,22,1,大荒れ。見送り推奨,0.5777,"{'is_target': False, 'verdict': '対象外', 'max_combo_prob': None, 'est_top_odds': None, 'circle_concentration': None, 'eligible_count': 0, 'bet_adj': 0, 'reason': '1号艇rel_win1 < 45%: 通常判定に委ねる', 'tenji_trigger': ''}",,,31,両建て推奨,17.59,37,2,,,,,,,,,,,
2025-04-30,丸亀,4,4,楠原翔太,B1,28.38,4,,10.7636,8.3,100,42.9,0.1527,3.2857,,,0,低,104,0,差1%,453,0,81.4,1.4787,0,0.037,0.037,0.0741,0,0.0143,0.0429,0.1,,,D,○,◎,0.273,0.627,0.3288,0.3914,D,22,1,大荒れ。見送り推奨,0.5777,"{'is_target': False, 'verdict': '対象外', 'max_combo_prob': None, 'est_top_odds': None, 'circle_concentration': None, 'eligible_count': 0, 'bet_adj': 0, 'reason': '1号艇rel_win1 < 45%: 通常判定に委ねる', 'tenji_trigger': ''}",,,31,両建て推奨,17.59,37,2,,,,,,,,,,,
2025-04-30,丸亀,4,5,森　照夫,B1,37.91,5,▲,9.3224,8.8,79,41.7,0.1519,2.8958,,,0,低,77,0,-,253,0,68.4,1.2936,,,,,,0.0667,0.0444,0.2167,,,B,△,,0.3084,0.6095,,0.3914,D,22,1,大荒れ。見送り推奨,0.5777,"{'is_target': False, 'verdict': '対象外', 'max_combo_prob': None, 'est_top_odds': None, 'circle_concentration': None, 'eligible_count': 0, 'bet_adj': 0, 'reason': '1号艇rel_win1 < 45%: 通常判定に委ねる', 'tenji_trigger': ''}",,,31,両建て推奨,17.59,37,2,,,,,,,,,,,
2025-04-30,丸亀,4,6,塩崎桐加,A2,32.89,6,,1.3399,5.3,63,32,0.176,3.58,,,0,低,58,0,-,6321,0,38.8,0.9481,,,,,,0,0.2727,0.0909,,,C,,,0.2293,0.5535,,0.3914,D,22,1,大荒れ。見送り推奨,0.5777,"{'is_target': False, 'verdict': '対象外', 'max_combo_prob': None, 'est_top_odds': None, 'circle_concentration': None, 'eligible_count': 0, 'bet_adj': 0, 'reason': '1号艇rel_win1 < 45%: 通常判定に委ねる', 'tenji_trigger': ''}",,,31,両建て推奨,17.59,37,2,,,,,,,,,,,
2025-04-30,丸亀,5,1,米田隆弘,A2,25.20,1,◎,41.069,,0,92.9,0.1546,2.8786,,,0,低,143,0,逃0%,2422,0,100,1.5776,0.5,,,,,0.0625,0.1607,0.025,○,,D,△,,,0.624,,0.4467,A,66,0,◎-○軸 3着3〜4艇流し（10〜15点）,0.5777,"{'is_target': False, 'verdict': '対象外', 'max_combo_prob': None, 'est_top_odds': None, 'circle_concentration': None, 'eligible_count': 0, 'bet_adj': 0, 'reason': '1号艇rel_win1 < 45%: 通常判定に委ねる', 'tenji_trigger': ''}",,,30,逃げ狙い,24.09,28.5,3,,,,,0,0,0.6155,0,,逃げ軸流し,A
2025-04-30,丸亀,5,2,柴田大輔,B1,31.33,2,▲,15.377,32.9,94,70.2,0.1777,4.0175,,,0,低,176,0,-,6 65,0,38.5,0.6802,0,0.1562,0.0312,0,0.0625,0.2769,0.2923,0.2769,,,B,,,0.1119,0.4955,,0.4467,A,66,0,◎-○軸 3着3〜4艇流し（10〜15点）,0.5777,"{'is_target': False, 'verdict': '対象外', 'max_combo_prob': None, 'est_top_odds': None, 'circle_concentration': None, 'eligible_count': 0, 'bet_adj': 0, 'reason': '1号艇rel_win1 < 45%: 通常判定に委ねる', 'tenji_trigger': ''}",,,30,逃げ狙い,24.09,28.5,3,,,,,,,,,,,
2025-04-30,丸亀,5,3,和田拓也,A1,31.08,3,○,20.0204,37.1,67,72.2,0.1339,2.7963,,,0,低,51,0,-,1 24,0,100,2.4298,0,0.0417,0.2083,0,0,0,0,0.175,,◎,B,◎,,0.4431,0.67,,0.4467,A,66,0,◎-○軸 3着3〜4艇流し（10〜15点）,0.5777,"{'is_target': False, 'verdict': '対象外', 'max_combo_prob': None, 'est_top_odds': None, 'circle_concentration': None, 'eligible_count': 0, 'bet_adj': 0, 'reason': '1号艇rel_win1 < 45%: 通常判定に委ねる', 'tenji_trigger': ''}",,,30,逃げ狙い,24.09,28.5,3,,,,,,,,,,,
2025-04-30,丸亀,5,4,杉田篤光,B1,30.43,4,△,10.6118,13.5,100,66,0.1945,4.5849,,,0,低,185,0,差ま0%,1415,0,55.7,1.2962,0,0,0.0417,0.0417,0,0.1358,0.0267,0.1624,,,C,,○,0.1532,0.578,0.2346,0.4467,A,66,0,◎-○軸 3着3〜4艇流し（10〜15点）,0.5777,"{'is_target': False, 'verdict': '対象外', 'max_combo_prob': None, 'est_top_odds': None, 'circle_concentration': None, 'eligible_count': 0, 'bet_adj': 0, 'reason': '1号艇rel_win1 < 45%: 通常判定に委ねる', 'tenji_trigger': ''}",,,30,逃げ狙い,24.09,28.5,3,,,,,,,,,,,
2025-04-30,丸亀,5,5,山田祐也,A1,26.57,5,,11.6771,15.3,40,59,0.1395,3.141,,,0,低,53,0,-,1422,0,28.6,0.854,0,0,0,0.0667,0,0,0.0455,0.1364,,,D,○,◎,0.3618,0.663,0.4513,0.4467,A,66,0,◎-○軸 3着3〜4艇流し（10〜15点）,0.5777,"{'is_target': False, 'verdict': '対象外', 'max_combo_prob': None, 'est_top_odds': None, 'circle_concentration': None, 'eligible_count': 0, 'bet_adj': 0, 'reason': '1号艇rel_win1 < 45%: 通常判定に委ねる', 'tenji_trigger': ''}",,,30,逃げ狙い,24.09,28.5,3,,,,,,,,,,,
2025-04-30,丸亀,5,6,西澤日花,B1,30.28,6,,1.2446,1.3,43,10,0.2085,3.95,,,0,低,64,0,-,5535,0,28.6,0.7978,,,,,,0.32,0.28,0.08,,,C,△,,0.1655,0.599,,0.4467,A,66,0,◎-○軸 3着3〜4艇流し（10〜15点）,0.5777,"{'is_target': False, 'verdict': '対象外', 'max_combo_prob': None, 'est_top_odds': None, 'circle_concentration': None, 'eligible_count': 0, 'bet_adj': 0, 'reason': '1号艇rel_win1 < 45%: 通常判定に委ねる', 'tenji_trigger': ''}",,,30,逃げ狙い,24.09,28.5,3,,,,,,,,,,,
2025-04-30,丸亀,6,1,三村岳人,A2,40.56,1,◎,58.3837,,0,94.6,0.1546,3.1081,,,0,低,53,0,逃1%,346,0,90.6,1.2021,0.5625,,,,,0.05,0.025,0.25,◎,,A,△,,,0.6365,,0.5282,S,96,0,◎1着固定 2-3着流し（5〜8点）,0.5777,"{'is_target': True, 'verdict': '参加推奨', 'max_combo_prob': 0.0897, 'est_top_odds': 14.9, 'circle_concentration': 62.9, 'eligible_count': 6, 'bet_adj': 2, 'reason': 'rel_win1=58.4%（本命度） / 最有力組み合わせ確率: 0.090（推定実オッズ?15倍） / 2着集中度: 上位2艇 62.9%（補正+0.00） / 総合判定確率: 0.090 / → ヒモ分散。1号艇1着固定で広めのヒモ流し推奨（買い目+2点）', 'tenji_trigger': '展示確認: ヒモ分散レース。1号艇伸び確認後、広めのヒモ流しを採用。穴ヒモ（5・6号艇）を積極的に含める。'}",,,28.7,逃げ狙い,20.75,27.8,3,,,,,0,0,0.7559,0,,逃げ軸流し,A
2025-04-30,丸亀,6,2,杉山太陽,B1,34.46,2,▲,7.6689,40.6,55,36.8,0.1663,3.3816,,,0,低,87,0,-,546,0,13.3,0.3807,,,,,,0,0.375,0.25,,,C,,,0.2105,0.583,,0.5282,S,96,0,◎1着固定 2-3着流し（5〜8点）,0.5777,"{'is_target': True, 'verdict': '参加推奨', 'max_combo_prob': 0.0897, 'est_top_odds': 14.9, 'circle_concentration': 62.9, 'eligible_count': 6, 'bet_adj': 2, 'reason': 'rel_win1=58.4%（本命度） / 最有力組み合わせ確率: 0.090（推定実オッズ?15倍） / 2着集中度: 上位2艇 62.9%（補正+0.00） / 総合判定確率: 0.090 / → ヒモ分散。1号艇1着固定で広めのヒモ流し推奨（買い目+2点）', 'tenji_trigger': '展示確認: ヒモ分散レース。1号艇伸び確認後、広めのヒモ流しを採用。穴ヒモ（5・6号艇）を積極的に含める。'}",,,28.7,逃げ狙い,20.75,27.8,3,,,,,,,,,,,
2025-04-30,丸亀,6,3,平山智加,A1,40.26,3,○,17.1754,22.4,100,68.2,0.1609,3.2727,,,0,低,46,0,差ま0%,6122,0,46.7,0.7677,0,0,0.1111,0.2222,0,0,0.1818,0.1818,,,B,◎,,0.3033,0.651,,0.5282,S,96,0,◎1着固定 2-3着流し（5〜8点）,0.5777,"{'is_target': True, 'verdict': '参加推奨', 'max_combo_prob': 0.0897, 'est_top_odds': 14.9, 'circle_concentration': 62.9, 'eligible_count': 6, 'bet_adj': 2, 'reason': 'rel_win1=58.4%（本命度） / 最有力組み合わせ確率: 0.090（推定実オッズ?15倍） / 2着集中度: 上位2艇 62.9%（補正+0.00） / 総合判定確率: 0.090 / → ヒモ分散。1号艇1着固定で広めのヒモ流し推奨（買い目+2点）', 'tenji_trigger': '展示確認: ヒモ分散レース。1号艇伸び確認後、広めのヒモ流しを採用。穴ヒモ（5・6号艇）を積極的に含める。'}",,,28.7,逃げ狙い,20.75,27.8,3,,,,,,,,,,,
2025-04-30,丸亀,6,4,蜂須瑞生,A2,28.13,4,,9.9108,18.2,72,55.6,0.1811,3.1852,,,0,低,55,0,差0% 差ま0%,3343,0,63.3,1.1972,0,0.0714,0,0.0714,0,0.1117,0.2589,0,,,D,△,◎,0.1838,0.6075,0.255,0.5282,S,96,0,◎1着固定 2-3着流し（5〜8点）,0.5777,"{'is_target': True, 'verdict': '参加推奨', 'max_combo_prob': 0.0897, 'est_top_odds': 14.9, 'circle_concentration': 62.9, 'eligible_count': 6, 'bet_adj': 2, 'reason': 'rel_win1=58.4%（本命度） / 最有力組み合わせ確率: 0.090（推定実オッズ?15倍） / 2着集中度: 上位2艇 62.9%（補正+0.00） / 総合判定確率: 0.090 / → ヒモ分散。1号艇1着固定で広めのヒモ流し推奨（買い目+2点）', 'tenji_trigger': '展示確認: ヒモ分散レース。1号艇伸び確認後、広めのヒモ流しを採用。穴ヒモ（5・6号艇）を積極的に含める。'}",,,28.7,逃げ狙い,20.75,27.8,3,,,,,,,,,,,
2025-04-30,丸亀,6,5,深川和仁,B1,27.27,5,,4.5229,15.4,57,40,0.1733,3.3273,,,0,低,130,0,-,4616,0,70.7,1.2748,,,,,,0.2,0.0167,0.05,,,D,,,0.253,0.606,,0.5282,S,96,0,◎1着固定 2-3着流し（5〜8点）,0.5777,"{'is_target': True, 'verdict': '参加推奨', 'max_combo_prob': 0.0897, 'est_top_odds': 14.9, 'circle_concentration': 62.9, 'eligible_count': 6, 'bet_adj': 2, 'reason': 'rel_win1=58.4%（本命度） / 最有力組み合わせ確率: 0.090（推定実オッズ?15倍） / 2着集中度: 上位2艇 62.9%（補正+0.00） / 総合判定確率: 0.090 / → ヒモ分散。1号艇1着固定で広めのヒモ流し推奨（買い目+2点）', 'tenji_trigger': '展示確認: ヒモ分散レース。1号艇伸び確認後、広めのヒモ流しを採用。穴ヒモ（5・6号艇）を積極的に含める。'}",,,28.7,逃げ狙い,20.75,27.8,3,,,,,,,,,,,
2025-04-30,丸亀,6,6,森晋太郎,B1,24.58,6,△,2.3383,3.5,35,19.1,0.1424,3.0952,,,0,低,64,0,ま0%,4 56,0,35.7,0.9008,0,0,0.0556,0,0,0,0.2,0.1333,,,E,○,,0.3266,0.6435,,0.5282,S,96,0,◎1着固定 2-3着流し（5〜8点）,0.5777,"{'is_target': True, 'verdict': '参加推奨', 'max_combo_prob': 0.0897, 'est_top_odds': 14.9, 'circle_concentration': 62.9, 'eligible_count': 6, 'bet_adj': 2, 'reason': 'rel_win1=58.4%（本命度） / 最有力組み合わせ確率: 0.090（推定実オッズ?15倍） / 2着集中度: 上位2艇 62.9%（補正+0.00） / 総合判定確率: 0.090 / → ヒモ分散。1号艇1着固定で広めのヒモ流し推奨（買い目+2点）', 'tenji_trigger': '展示確認: ヒモ分散レース。1号艇伸び確認後、広めのヒモ流しを採用。穴ヒモ（5・6号艇）を積極的に含める。'}",,,28.7,逃げ狙い,20.75,27.8,3,,,,,,,,,,,
2025-04-30,丸亀,7,1,上條嘉嗣,A1,30.99,1,◎,60.2934,,0,94.7,0.1592,3.4789,,,0,低,185,0,逃1%,561,0,67.7,1.0253,0.7442,,,,,0.0093,0.1705,0.1132,◎,,C,△,,,0.573,,0.5345,S,87,0,◎1着固定 2-3着流し（5〜8点）,0.5777,"{'is_target': True, 'verdict': '参加推奨', 'max_combo_prob': 0.0784, 'est_top_odds': 17.0, 'circle_concentration': 67.0, 'eligible_count': 6, 'bet_adj': 2, 'reason': 'rel_win1=60.3%（本命度） / 最有力組み合わせ確率: 0.078（推定実オッズ?17倍） / 2着集中度: 上位2艇 67.0%（補正+0.00） / 総合判定確率: 0.078 / → ヒモ分散。1号艇1着固定で広めのヒモ流し推奨（買い目+2点）', 'tenji_trigger': '展示確認: ヒモ分散レース。1号艇伸び確認後、広めのヒモ流しを採用。穴ヒモ（5・6号艇）を積極的に含める。'}",,,23.6,逃げ狙い,19.27,28.8,2,,,,,0,0,0.7559,0,,逃げ軸流し,A
2025-04-30,丸亀,7,2,松田隆司,B1,27.01,2,△,12.2895,46.2,100,59.4,0.1555,3.2344,,,0,低,135,0,差0% ま0%,366,0,59.7,0.969,0,0.1071,0.0357,0,0,0.0444,0.1889,0.1148,,◎,D,○,,0.3603,0.606,,0.5345,S,87,0,◎1着固定 2-3着流し（5〜8点）,0.5777,"{'is_target': True, 'verdict': '参加推奨', 'max_combo_prob': 0.0784, 'est_top_odds': 17.0, 'circle_concentration': 67.0, 'eligible_count': 6, 'bet_adj': 2, 'reason': 'rel_win1=60.3%（本命度） / 最有力組み合わせ確率: 0.078（推定実オッズ?17倍） / 2着集中度: 上位2艇 67.0%（補正+0.00） / 総合判定確率: 0.078 / → ヒモ分散。1号艇1着固定で広めのヒモ流し推奨（買い目+2点）', 'tenji_trigger': '展示確認: ヒモ分散レース。1号艇伸び確認後、広めのヒモ流しを採用。穴ヒモ（5・6号艇）を積極的に含める。'}",,,23.6,逃げ狙い,19.27,28.8,2,,,,,,,,,,,
2025-04-30,丸亀,7,3,佐藤ほの,B1,24.65,3,,5.5935,11.1,78,21.4,0.1893,3.4821,,,0,低,65,0,-,5654,0,16.1,0.5715,,,,,,0.3333,0.4444,0.1111,,,E,,,0.1763,0.5605,,0.5345,S,87,0,◎1着固定 2-3着流し（5〜8点）,0.5777,"{'is_target': True, 'verdict': '参加推奨', 'max_combo_prob': 0.0784, 'est_top_odds': 17.0, 'circle_concentration': 67.0, 'eligible_count': 6, 'bet_adj': 2, 'reason': 'rel_win1=60.3%（本命度） / 最有力組み合わせ確率: 0.078（推定実オッズ?17倍） / 2着集中度: 上位2艇 67.0%（補正+0.00） / 総合判定確率: 0.078 / → ヒモ分散。1号艇1着固定で広めのヒモ流し推奨（買い目+2点）', 'tenji_trigger': '展示確認: ヒモ分散レース。1号艇伸び確認後、広めのヒモ流しを採用。穴ヒモ（5・6号艇）を積極的に含める。'}",,,23.6,逃げ狙い,19.27,28.8,2,,,,,,,,,,,
2025-04-30,丸亀,7,4,古賀智之,B1,32.87,4,○,9.6915,10.8,89,53.8,0.159,3.4808,,,0,低,119,0,ま0% 抜0%,2 35,0,56.7,1.1562,0,0,0.0385,0,0.0385,0.05,0.4,0.125,,,B,△,◎,0.3087,0.5905,0.3379,0.5345,S,87,0,◎1着固定 2-3着流し（5〜8点）,0.5777,"{'is_target': True, 'verdict': '参加推奨', 'max_combo_prob': 0.0784, 'est_top_odds': 17.0, 'circle_concentration': 67.0, 'eligible_count': 6, 'bet_adj': 2, 'reason': 'rel_win1=60.3%（本命度） / 最有力組み合わせ確率: 0.078（推定実オッズ?17倍） / 2着集中度: 上位2艇 67.0%（補正+0.00） / 総合判定確率: 0.078 / → ヒモ分散。1号艇1着固定で広めのヒモ流し推奨（買い目+2点）', 'tenji_trigger': '展示確認: ヒモ分散レース。1号艇伸び確認後、広めのヒモ流しを採用。穴ヒモ（5・6号艇）を積極的に含める。'}",,,23.6,逃げ狙い,19.27,28.8,2,,,,,,,,,,,
2025-04-30,丸亀,7,5,藤山翔大,A2,29.73,5,,7.0327,20.9,72,44.2,0.2026,3.8837,,,0,低,179,0,ま0%,266,0,45.2,1.3267,0,0,0.1176,0,0,0.1818,0.0909,0.0606,,,C,,,0.1998,0.5395,,0.5345,S,87,0,◎1着固定 2-3着流し（5〜8点）,0.5777,"{'is_target': True, 'verdict': '参加推奨', 'max_combo_prob': 0.0784, 'est_top_odds': 17.0, 'circle_concentration': 67.0, 'eligible_count': 6, 'bet_adj': 2, 'reason': 'rel_win1=60.3%（本命度） / 最有力組み合わせ確率: 0.078（推定実オッズ?17倍） / 2着集中度: 上位2艇 67.0%（補正+0.00） / 総合判定確率: 0.078 / → ヒモ分散。1号艇1着固定で広めのヒモ流し推奨（買い目+2点）', 'tenji_trigger': '展示確認: ヒモ分散レース。1号艇伸び確認後、広めのヒモ流しを採用。穴ヒモ（5・6号艇）を積極的に含める。'}",,,23.6,逃げ狙い,19.27,28.8,2,,,,,,,,,,,
2025-04-30,丸亀,7,6,丸野一樹,A1,33.57,6,▲,5.0993,11.1,77,64.7,0.1635,4.3824,,,0,低,31,0,抜0%,2211,0,100,2.5281,0,0,0,0,0.2,0,0.1111,0,,,B,◎,,0.322,0.6595,,0.5345,S,87,0,◎1着固定 2-3着流し（5〜8点）,0.5777,"{'is_target': True, 'verdict': '参加推奨', 'max_combo_prob': 0.0784, 'est_top_odds': 17.0, 'circle_concentration': 67.0, 'eligible_count': 6, 'bet_adj': 2, 'reason': 'rel_win1=60.3%（本命度） / 最有力組み合わせ確率: 0.078（推定実オッズ?17倍） / 2着集中度: 上位2艇 67.0%（補正+0.00） / 総合判定確率: 0.078 / → ヒモ分散。1号艇1着固定で広めのヒモ流し推奨（買い目+2点）', 'tenji_trigger': '展示確認: ヒモ分散レース。1号艇伸び確認後、広めのヒモ流しを採用。穴ヒモ（5・6号艇）を積極的に含める。'}",,,23.6,逃げ狙い,19.27,28.8,2,,,,,,,,,,,
2025-04-30,丸亀,8,1,長岡良也,A2,28.86,1,◎,68.2176,,0,95.1,0.1481,2.6852,,,0,低,104,0,逃1%,1 14,0,95.6,1.3184,0.6667,,,,,0.1417,0.0972,0.1194,◎,,D,○,,,0.6505,,0.6176,S,80,0,◎1着固定 2-3着流し（5〜8点）,0.5777,"{'is_target': True, 'verdict': '点数絞り', 'max_combo_prob': 0.0991, 'est_top_odds': 13.5, 'circle_concentration': 75.7, 'eligible_count': 6, 'bet_adj': 0, 'reason': 'rel_win1=68.2%（本命度） / 最有力組み合わせ確率: 0.099（推定実オッズ?14倍） / 2着集中度: 上位2艇 75.7%（補正+0.04） / 総合判定確率: 0.139 / → ヒモはやや固め。上位2艇以外を切ること', 'tenji_trigger': '展示確認: 1号艇伸び良→そのまま採用。悪→飛び組に差し替え。circle_pct上位2艇に絞り込むこと。'}",,,28,逃げ狙い,16.45,29.3,2,,,,,0,0,0.7559,0,,逃げ軸流し,A
2025-04-30,丸亀,8,2,渡部　悟,A2,30.99,2,△,13.8297,46.7,100,73.2,0.1536,3.0268,,,0,低,79,0,-,6241,0,48.8,1.0412,0,0.08,0,0,0,0.1639,0.1194,0.0296,,,C,◎,,0.2836,0.66,,0.6176,S,80,0,◎1着固定 2-3着流し（5〜8点）,0.5777,"{'is_target': True, 'verdict': '点数絞り', 'max_combo_prob': 0.0991, 'est_top_odds': 13.5, 'circle_concentration': 75.7, 'eligible_count': 6, 'bet_adj': 0, 'reason': 'rel_win1=68.2%（本命度） / 最有力組み合わせ確率: 0.099（推定実オッズ?14倍） / 2着集中度: 上位2艇 75.7%（補正+0.04） / 総合判定確率: 0.139 / → ヒモはやや固め。上位2艇以外を切ること', 'tenji_trigger': '展示確認: 1号艇伸び良→そのまま採用。悪→飛び組に差し替え。circle_pct上位2艇に絞り込むこと。'}",,,28,逃げ狙い,16.45,29.3,2,,,,,,,,,,,
2025-04-30,丸亀,8,3,中嶋達也,B1,32.00,3,,6.9692,17.8,59,41.9,0.1661,3.4189,,,0,低,136,0,-,556,0,36.1,0.7738,0,0,0.1515,0,0,0.1429,0.3333,0.1905,,,C,△,,0.2399,0.5685,,0.6176,S,80,0,◎1着固定 2-3着流し（5〜8点）,0.5777,"{'is_target': True, 'verdict': '点数絞り', 'max_combo_prob': 0.0991, 'est_top_odds': 13.5, 'circle_concentration': 75.7, 'eligible_count': 6, 'bet_adj': 0, 'reason': 'rel_win1=68.2%（本命度） / 最有力組み合わせ確率: 0.099（推定実オッズ?14倍） / 2着集中度: 上位2艇 75.7%（補正+0.04） / 総合判定確率: 0.139 / → ヒモはやや固め。上位2艇以外を切ること', 'tenji_trigger': '展示確認: 1号艇伸び良→そのまま採用。悪→飛び組に差し替え。circle_pct上位2艇に絞り込むこと。'}",,,28,逃げ狙い,16.45,29.3,2,,,,,,,,,,,
2025-04-30,丸亀,8,4,塩崎桐加,A2,32.89,4,○,7.1942,29,49,51.5,0.1503,2.7879,,,0,低,58,0,-,6321,0,48.9,1.0174,,,,,,0,0.2727,0.0909,,,C,,,0.3159,0.5535,,0.6176,S,80,0,◎1着固定 2-3着流し（5〜8点）,0.5777,"{'is_target': True, 'verdict': '点数絞り', 'max_combo_prob': 0.0991, 'est_top_odds': 13.5, 'circle_concentration': 75.7, 'eligible_count': 6, 'bet_adj': 0, 'reason': 'rel_win1=68.2%（本命度） / 最有力組み合わせ確率: 0.099（推定実オッズ?14倍） / 2着集中度: 上位2艇 75.7%（補正+0.04） / 総合判定確率: 0.139 / → ヒモはやや固め。上位2艇以外を切ること', 'tenji_trigger': '展示確認: 1号艇伸び良→そのまま採用。悪→飛び組に差し替え。circle_pct上位2艇に絞り込むこと。'}",,,28,逃げ狙い,16.45,29.3,2,,,,,,,,,,,
2025-04-30,丸亀,8,5,安達美帆,B1,21.74,5,,2.664,5,36,5.3,0.2116,4.3684,,,0,低,49,0,-,2 24,0,23.2,0.6731,,,,,,0.25,0.5,0.25,,,E,,,0.1496,0.53,,0.6176,S,80,0,◎1着固定 2-3着流し（5〜8点）,0.5777,"{'is_target': True, 'verdict': '点数絞り', 'max_combo_prob': 0.0991, 'est_top_odds': 13.5, 'circle_concentration': 75.7, 'eligible_count': 6, 'bet_adj': 0, 'reason': 'rel_win1=68.2%（本命度） / 最有力組み合わせ確率: 0.099（推定実オッズ?14倍） / 2着集中度: 上位2艇 75.7%（補正+0.04） / 総合判定確率: 0.139 / → ヒモはやや固め。上位2艇以外を切ること', 'tenji_trigger': '展示確認: 1号艇伸び良→そのまま採用。悪→飛び組に差し替え。circle_pct上位2艇に絞り込むこと。'}",,,28,逃げ狙い,16.45,29.3,2,,,,,,,,,,,
2025-04-30,丸亀,8,6,三原　司,B1,46.32,6,▲,1.1253,1.5,65,26.8,0.1766,4.3537,,,0,低,167,0,-,445,0,29.1,0.8211,,,,,,0.2452,0.2071,0.0571,,,A,△,,0.2339,0.624,,0.6176,S,80,0,◎1着固定 2-3着流し（5〜8点）,0.5777,"{'is_target': True, 'verdict': '点数絞り', 'max_combo_prob': 0.0991, 'est_top_odds': 13.5, 'circle_concentration': 75.7, 'eligible_count': 6, 'bet_adj': 0, 'reason': 'rel_win1=68.2%（本命度） / 最有力組み合わせ確率: 0.099（推定実オッズ?14倍） / 2着集中度: 上位2艇 75.7%（補正+0.04） / 総合判定確率: 0.139 / → ヒモはやや固め。上位2艇以外を切ること', 'tenji_trigger': '展示確認: 1号艇伸び良→そのまま採用。悪→飛び組に差し替え。circle_pct上位2艇に絞り込むこと。'}",,,28,逃げ狙い,16.45,29.3,2,,,,,,,,,,,
2025-04-30,丸亀,9,1,栗城　匠,A1,25.17,1,◎,56.1058,,0,100,0.1436,2.7636,,,0,低,83,0,逃1%,1513,0,92.8,1.249,0.6552,,,,,0,0.2404,0.1409,◎,,D,,,,0.623,,0.577,A,75,0,◎-○軸 3着3〜4艇流し（10〜15点）,0.5777,"{'is_target': True, 'verdict': '参加推奨', 'max_combo_prob': 0.0614, 'est_top_odds': 21.7, 'circle_concentration': 60.8, 'eligible_count': 8, 'bet_adj': 2, 'reason': 'rel_win1=56.1%（本命度） / 最有力組み合わせ確率: 0.061（推定実オッズ?22倍） / 2着集中度: 上位2艇 60.8%（補正+0.00） / 総合判定確率: 0.061 / → ヒモ分散。1号艇1着固定で広めのヒモ流し推奨（買い目+2点）', 'tenji_trigger': '展示確認: ヒモ分散レース。1号艇伸び確認後、広めのヒモ流しを採用。穴ヒモ（5・6号艇）を積極的に含める。'}",,,29.6,逃げ狙い,22.71,28.5,4,,,,,0,0,0.7559,0,,逃げ軸流し,A
2025-04-30,丸亀,9,2,片橋幸貴,A1,29.25,2,△,14.1883,32.3,93,70.2,0.1611,3.5106,,,0,低,80,0,-,2224,0,29.6,0.8402,0,0.0952,0.0952,0,0.0476,0.0308,0.0462,0.2615,,,C,○,,0.1475,0.629,,0.577,A,75,0,◎-○軸 3着3〜4艇流し（10〜15点）,0.5777,"{'is_target': True, 'verdict': '参加推奨', 'max_combo_prob': 0.0614, 'est_top_odds': 21.7, 'circle_concentration': 60.8, 'eligible_count': 8, 'bet_adj': 2, 'reason': 'rel_win1=56.1%（本命度） / 最有力組み合わせ確率: 0.061（推定実オッズ?22倍） / 2着集中度: 上位2艇 60.8%（補正+0.00） / 総合判定確率: 0.061 / → ヒモ分散。1号艇1着固定で広めのヒモ流し推奨（買い目+2点）', 'tenji_trigger': '展示確認: ヒモ分散レース。1号艇伸び確認後、広めのヒモ流しを採用。穴ヒモ（5・6号艇）を積極的に含める。'}",,,29.6,逃げ狙い,22.71,28.5,4,,,,,,,,,,,
2025-04-30,丸亀,9,3,西丸侑太,A2,44.44,3,▲,12.704,24.3,100,72.5,0.1655,3.2375,,,0,低,100,0,-,1 42,0,27.6,0.8579,0,0.0476,0.0476,0.0476,0.0476,0,0.1314,0.0429,,,A,,,0.1804,0.6105,,0.577,A,75,0,◎-○軸 3着3〜4艇流し（10〜15点）,0.5777,"{'is_target': True, 'verdict': '参加推奨', 'max_combo_prob': 0.0614, 'est_top_odds': 21.7, 'circle_concentration': 60.8, 'eligible_count': 8, 'bet_adj': 2, 'reason': 'rel_win1=56.1%（本命度） / 最有力組み合わせ確率: 0.061（推定実オッズ?22倍） / 2着集中度: 上位2艇 60.8%（補正+0.00） / 総合判定確率: 0.061 / → ヒモ分散。1号艇1着固定で広めのヒモ流し推奨（買い目+2点）', 'tenji_trigger': '展示確認: ヒモ分散レース。1号艇伸び確認後、広めのヒモ流しを採用。穴ヒモ（5・6号艇）を積極的に含める。'}",,,29.6,逃げ狙い,22.71,28.5,4,,,,,,,,,,,
2025-04-30,丸亀,9,4,和田拓也,A1,31.08,4,○,12.8636,28.5,86,75.5,0.1202,2.3265,,,0,低,51,0,ま0% 差ま0%,1 24,0,82.9,1.5696,0,0,0.1053,0.0526,0,0,0,0.175,,,B,◎,◎,0.397,0.67,0.4753,0.577,A,75,0,◎-○軸 3着3〜4艇流し（10〜15点）,0.5777,"{'is_target': True, 'verdict': '参加推奨', 'max_combo_prob': 0.0614, 'est_top_odds': 21.7, 'circle_concentration': 60.8, 'eligible_count': 8, 'bet_adj': 2, 'reason': 'rel_win1=56.1%（本命度） / 最有力組み合わせ確率: 0.061（推定実オッズ?22倍） / 2着集中度: 上位2艇 60.8%（補正+0.00） / 総合判定確率: 0.061 / → ヒモ分散。1号艇1着固定で広めのヒモ流し推奨（買い目+2点）', 'tenji_trigger': '展示確認: ヒモ分散レース。1号艇伸び確認後、広めのヒモ流しを採用。穴ヒモ（5・6号艇）を積極的に含める。'}",,,29.6,逃げ狙い,22.71,28.5,4,,,,,,,,,,,
2025-04-30,丸亀,9,5,吉川晴人,B1,21.32,5,,3.261,12.8,69,41.8,0.1404,2.8091,,,0,低,98,0,差ま0%,134,0,53.5,1.1214,0,0,0,0.0556,0,0.02,0.02,0.1657,,,E,△,,0.2949,0.6235,,0.577,A,75,0,◎-○軸 3着3〜4艇流し（10〜15点）,0.5777,"{'is_target': True, 'verdict': '参加推奨', 'max_combo_prob': 0.0614, 'est_top_odds': 21.7, 'circle_concentration': 60.8, 'eligible_count': 8, 'bet_adj': 2, 'reason': 'rel_win1=56.1%（本命度） / 最有力組み合わせ確率: 0.061（推定実オッズ?22倍） / 2着集中度: 上位2艇 60.8%（補正+0.00） / 総合判定確率: 0.061 / → ヒモ分散。1号艇1着固定で広めのヒモ流し推奨（買い目+2点）', 'tenji_trigger': '展示確認: ヒモ分散レース。1号艇伸び確認後、広めのヒモ流しを採用。穴ヒモ（5・6号艇）を積極的に含める。'}",,,29.6,逃げ狙い,22.71,28.5,4,,,,,,,,,,,
2025-04-30,丸亀,9,6,米田隆弘,A2,25.20,6,,0.8773,2.1,40,17.2,0.1888,3.9297,,,0,低,143,0,-,2422,0,26,0.7439,,,,,,0.0625,0.1607,0.025,,,D,△,,0.1694,0.624,,0.577,A,75,0,◎-○軸 3着3〜4艇流し（10〜15点）,0.5777,"{'is_target': True, 'verdict': '参加推奨', 'max_combo_prob': 0.0614, 'est_top_odds': 21.7, 'circle_concentration': 60.8, 'eligible_count': 8, 'bet_adj': 2, 'reason': 'rel_win1=56.1%（本命度） / 最有力組み合わせ確率: 0.061（推定実オッズ?22倍） / 2着集中度: 上位2艇 60.8%（補正+0.00） / 総合判定確率: 0.061 / → ヒモ分散。1号艇1着固定で広めのヒモ流し推奨（買い目+2点）', 'tenji_trigger': '展示確認: ヒモ分散レース。1号艇伸び確認後、広めのヒモ流しを採用。穴ヒモ（5・6号艇）を積極的に含める。'}",,,29.6,逃げ狙い,22.71,28.5,4,,,,,,,,,,,
2025-04-30,丸亀,10,1,竹之内極,B1,43.66,1,◎,54.7624,,0,81.6,0.155,2.7763,,,0,低,124,0,逃0%,113,0,80.4,1.054,0.4375,,,,,0.075,0.365,0,◎,,B,△,,,0.65,,0.4542,A,66,0,◎-○軸 3着3〜4艇流し（10〜15点）,0.5777,"{'is_target': True, 'verdict': '点数絞り', 'max_combo_prob': 0.0951, 'est_top_odds': 14.0, 'circle_concentration': 74.0, 'eligible_count': 8, 'bet_adj': 0, 'reason': 'rel_win1=54.8%（本命度） / 最有力組み合わせ確率: 0.095（推定実オッズ?14倍） / 2着集中度: 上位2艇 74.0%（補正+0.04） / 総合判定確率: 0.135 / → ヒモはやや固め。上位2艇以外を切ること', 'tenji_trigger': '展示確認: 1号艇伸び良→そのまま採用。悪→飛び組に差し替え。circle_pct上位2艇に絞り込むこと。'}",,,30.9,逃げ狙い,21.87,33.1,2,,,,,0,0,0.7559,0,,逃げ軸流し,A
2025-04-30,丸亀,10,2,山田祐也,A1,26.57,2,,15.5835,53.5,76,82.9,0.1689,3.5,,,0,低,53,0,-,1422,0,77.8,0.7857,0,0.1875,0,0,0,0,0.0455,0.1364,,,E,◎,,0.2049,0.663,,0.4542,A,66,0,◎-○軸 3着3〜4艇流し（10〜15点）,0.5777,"{'is_target': True, 'verdict': '点数絞り', 'max_combo_prob': 0.0951, 'est_top_odds': 14.0, 'circle_concentration': 74.0, 'eligible_count': 8, 'bet_adj': 0, 'reason': 'rel_win1=54.8%（本命度） / 最有力組み合わせ確率: 0.095（推定実オッズ?14倍） / 2着集中度: 上位2艇 74.0%（補正+0.04） / 総合判定確率: 0.135 / → ヒモはやや固め。上位2艇以外を切ること', 'tenji_trigger': '展示確認: 1号艇伸び良→そのまま採用。悪→飛び組に差し替え。circle_pct上位2艇に絞り込むこと。'}",,,30.9,逃げ狙い,21.87,33.1,2,,,,,,,,,,,
2025-04-30,丸亀,10,3,小川広大,B1,33.13,3,△,6.2384,15.4,60,27,0.1949,4.4206,,,0,低,185,0,-,321,0,15.3,0.5679,,,,,,0.2545,0.0545,0.2909,,,D,,,0.1323,0.5845,,0.4542,A,66,0,◎-○軸 3着3〜4艇流し（10〜15点）,0.5777,"{'is_target': True, 'verdict': '点数絞り', 'max_combo_prob': 0.0951, 'est_top_odds': 14.0, 'circle_concentration': 74.0, 'eligible_count': 8, 'bet_adj': 0, 'reason': 'rel_win1=54.8%（本命度） / 最有力組み合わせ確率: 0.095（推定実オッズ?14倍） / 2着集中度: 上位2艇 74.0%（補正+0.04） / 総合判定確率: 0.135 / → ヒモはやや固め。上位2艇以外を切ること', 'tenji_trigger': '展示確認: 1号艇伸び良→そのまま採用。悪→飛び組に差し替え。circle_pct上位2艇に絞り込むこと。'}",,,30.9,逃げ狙い,21.87,33.1,2,,,,,,,,,,,
2025-04-30,丸亀,10,4,平山智加,A1,40.26,4,○,12.1954,20.5,76,72.7,0.1382,3.1136,,,0,低,46,0,-,6122,0,52.9,0.9687,0,0.125,0.125,0,0,0,0.1818,0.1818,,,C,○,,0.3778,0.651,,0.4542,A,66,0,◎-○軸 3着3〜4艇流し（10〜15点）,0.5777,"{'is_target': True, 'verdict': '点数絞り', 'max_combo_prob': 0.0951, 'est_top_odds': 14.0, 'circle_concentration': 74.0, 'eligible_count': 8, 'bet_adj': 0, 'reason': 'rel_win1=54.8%（本命度） / 最有力組み合わせ確率: 0.095（推定実オッズ?14倍） / 2着集中度: 上位2艇 74.0%（補正+0.04） / 総合判定確率: 0.135 / → ヒモはやや固め。上位2艇以外を切ること', 'tenji_trigger': '展示確認: 1号艇伸び良→そのまま採用。悪→飛び組に差し替え。circle_pct上位2艇に絞り込むこと。'}",,,30.9,逃げ狙い,21.87,33.1,2,,,,,,,,,,,
2025-04-30,丸亀,10,5,佐藤大介,A1,48.82,5,▲,7.4562,7,72,54.4,0.1639,3.8421,,,0,低,122,0,差ま0%,3341,0,87.8,1.5281,0,0,0,0.0435,0,0.1617,0.0316,0.0105,,,A,△,◎,0.2522,0.6205,0.344,0.4542,A,66,0,◎-○軸 3着3〜4艇流し（10〜15点）,0.5777,"{'is_target': True, 'verdict': '点数絞り', 'max_combo_prob': 0.0951, 'est_top_odds': 14.0, 'circle_concentration': 74.0, 'eligible_count': 8, 'bet_adj': 0, 'reason': 'rel_win1=54.8%（本命度） / 最有力組み合わせ確率: 0.095（推定実オッズ?14倍） / 2着集中度: 上位2艇 74.0%（補正+0.04） / 総合判定確率: 0.135 / → ヒモはやや固め。上位2艇以外を切ること', 'tenji_trigger': '展示確認: 1号艇伸び良→そのまま採用。悪→飛び組に差し替え。circle_pct上位2艇に絞り込むこと。'}",,,30.9,逃げ狙い,21.87,33.1,2,,,,,,,,,,,
2025-04-30,丸亀,10,6,上條嘉嗣,A1,30.99,6,,3.764,3.6,100,44.7,0.2277,4.4681,,,0,低,185,0,差0%,561,0,36.6,1.74,0,0.0625,0,0,0,0.0093,0.1705,0.1132,,,D,,,0.1124,0.573,,0.4542,A,66,0,◎-○軸 3着3〜4艇流し（10〜15点）,0.5777,"{'is_target': True, 'verdict': '点数絞り', 'max_combo_prob': 0.0951, 'est_top_odds': 14.0, 'circle_concentration': 74.0, 'eligible_count': 8, 'bet_adj': 0, 'reason': 'rel_win1=54.8%（本命度） / 最有力組み合わせ確率: 0.095（推定実オッズ?14倍） / 2着集中度: 上位2艇 74.0%（補正+0.04） / 総合判定確率: 0.135 / → ヒモはやや固め。上位2艇以外を切ること', 'tenji_trigger': '展示確認: 1号艇伸び良→そのまま採用。悪→飛び組に差し替え。circle_pct上位2艇に絞り込むこと。'}",,,30.9,逃げ狙い,21.87,33.1,2,,,,,,,,,,,
2025-04-30,丸亀,11,1,丸野一樹,A1,33.57,1,◎,62.9928,,0,95.5,0.1364,3.4318,,,0,低,31,0,逃1%,2211,0,92,1.2293,0.8889,,,,,0,0.1111,0,◎,,B,◎,,,0.6595,,0.57,S,97,0,◎1着固定 2-3着流し（5〜8点）,0.5777,"{'is_target': True, 'verdict': '点数絞り', 'max_combo_prob': 0.0904, 'est_top_odds': 14.7, 'circle_concentration': 76.0, 'eligible_count': 6, 'bet_adj': 0, 'reason': 'rel_win1=63.0%（本命度） / 最有力組み合わせ確率: 0.090（推定実オッズ?15倍） / 2着集中度: 上位2艇 76.0%（補正+0.04） / 総合判定確率: 0.130 / → ヒモはやや固め。上位2艇以外を切ること', 'tenji_trigger': '展示確認: 1号艇伸び良→そのまま採用。悪→飛び組に差し替え。circle_pct上位2艇に絞り込むこと。\n展示で1号艇スタート超安定(0.136秒)→ヒモ固まり方向に注意'}",,,25.8,逃げ狙い,16.3,23.2,2,,,,,0,0,0.7559,0,,逃げ軸流し,A
2025-04-30,丸亀,11,2,長岡良也,A2,28.86,2,,14.7498,42.3,100,73.6,0.1487,3.0094,,,0,低,104,0,差0% 抜0%,1 14,0,58.8,1.195,0,0.087,0,0,0.0435,0.1417,0.0972,0.1194,,,D,○,,0.196,0.6505,,0.57,S,97,0,◎1着固定 2-3着流し（5〜8点）,0.5777,"{'is_target': True, 'verdict': '点数絞り', 'max_combo_prob': 0.0904, 'est_top_odds': 14.7, 'circle_concentration': 76.0, 'eligible_count': 6, 'bet_adj': 0, 'reason': 'rel_win1=63.0%（本命度） / 最有力組み合わせ確率: 0.090（推定実オッズ?15倍） / 2着集中度: 上位2艇 76.0%（補正+0.04） / 総合判定確率: 0.130 / → ヒモはやや固め。上位2艇以外を切ること', 'tenji_trigger': '展示確認: 1号艇伸び良→そのまま採用。悪→飛び組に差し替え。circle_pct上位2艇に絞り込むこと。\n展示で1号艇スタート超安定(0.136秒)→ヒモ固まり方向に注意'}",,,25.8,逃げ狙い,16.3,23.2,2,,,,,,,,,,,
2025-04-30,丸亀,11,3,杉田篤光,B1,30.43,3,△,9.6201,33.7,63,66,0.1822,3.91,,,0,低,185,0,差0% ま0% 差ま0% 抜0%,1415,0,45.7,1.1688,0,0.0435,0.0435,0.0435,0.0435,0.1358,0.0267,0.1624,,,C,,,0.1138,0.578,,0.57,S,97,0,◎1着固定 2-3着流し（5〜8点）,0.5777,"{'is_target': True, 'verdict': '点数絞り', 'max_combo_prob': 0.0904, 'est_top_odds': 14.7, 'circle_concentration': 76.0, 'eligible_count': 6, 'bet_adj': 0, 'reason': 'rel_win1=63.0%（本命度） / 最有力組み合わせ確率: 0.090（推定実オッズ?15倍） / 2着集中度: 上位2艇 76.0%（補正+0.04） / 総合判定確率: 0.130 / → ヒモはやや固め。上位2艇以外を切ること', 'tenji_trigger': '展示確認: 1号艇伸び良→そのまま採用。悪→飛び組に差し替え。circle_pct上位2艇に絞り込むこと。\n展示で1号艇スタート超安定(0.136秒)→ヒモ固まり方向に注意'}",,,25.8,逃げ狙い,16.3,23.2,2,,,,,,,,,,,
2025-04-30,丸亀,11,4,梅原祥平,B1,29.17,4,○,7.6569,16,44,36.6,0.132,2.7317,,,0,低,64,0,ま1%,3 13,0,36.5,0.6257,0,0,0.2143,0,0,0.25,0.3167,0,,,C,,◎,0.3585,0.577,0.3727,0.57,S,97,0,◎1着固定 2-3着流し（5〜8点）,0.5777,"{'is_target': True, 'verdict': '点数絞り', 'max_combo_prob': 0.0904, 'est_top_odds': 14.7, 'circle_concentration': 76.0, 'eligible_count': 6, 'bet_adj': 0, 'reason': 'rel_win1=63.0%（本命度） / 最有力組み合わせ確率: 0.090（推定実オッズ?15倍） / 2着集中度: 上位2艇 76.0%（補正+0.04） / 総合判定確率: 0.130 / → ヒモはやや固め。上位2艇以外を切ること', 'tenji_trigger': '展示確認: 1号艇伸び良→そのまま採用。悪→飛び組に差し替え。circle_pct上位2艇に絞り込むこと。\n展示で1号艇スタート超安定(0.136秒)→ヒモ固まり方向に注意'}",,,25.8,逃げ狙い,16.3,23.2,2,,,,,,,,,,,
2025-04-30,丸亀,11,5,峰重侑治,B1,31.25,5,▲,4.0974,7.7,93,35.6,0.1693,3.4889,,,0,低,114,0,-,133,0,35.4,0.796,0,0,0,0.0667,0,0.2267,0.0533,0,,,C,△,,0.1784,0.6135,,0.57,S,97,0,◎1着固定 2-3着流し（5〜8点）,0.5777,"{'is_target': True, 'verdict': '点数絞り', 'max_combo_prob': 0.0904, 'est_top_odds': 14.7, 'circle_concentration': 76.0, 'eligible_count': 6, 'bet_adj': 0, 'reason': 'rel_win1=63.0%（本命度） / 最有力組み合わせ確率: 0.090（推定実オッズ?15倍） / 2着集中度: 上位2艇 76.0%（補正+0.04） / 総合判定確率: 0.130 / → ヒモはやや固め。上位2艇以外を切ること', 'tenji_trigger': '展示確認: 1号艇伸び良→そのまま採用。悪→飛び組に差し替え。circle_pct上位2艇に絞り込むこと。\n展示で1号艇スタート超安定(0.136秒)→ヒモ固まり方向に注意'}",,,25.8,逃げ狙い,16.3,23.2,2,,,,,,,,,,,
2025-04-30,丸亀,11,6,村上功祐,B1,26.97,6,,0.8831,0.3,74,14.3,0.1844,3.8651,,,0,低,96,0,-,2 25,0,24.3,0.8667,,,,,,0.0533,0.1733,0.1267,,,E,△,,0.1602,0.641,,0.57,S,97,0,◎1着固定 2-3着流し（5〜8点）,0.5777,"{'is_target': True, 'verdict': '点数絞り', 'max_combo_prob': 0.0904, 'est_top_odds': 14.7, 'circle_concentration': 76.0, 'eligible_count': 6, 'bet_adj': 0, 'reason': 'rel_win1=63.0%（本命度） / 最有力組み合わせ確率: 0.090（推定実オッズ?15倍） / 2着集中度: 上位2艇 76.0%（補正+0.04） / 総合判定確率: 0.130 / → ヒモはやや固め。上位2艇以外を切ること', 'tenji_trigger': '展示確認: 1号艇伸び良→そのまま採用。悪→飛び組に差し替え。circle_pct上位2艇に絞り込むこと。\n展示で1号艇スタート超安定(0.136秒)→ヒモ固まり方向に注意'}",,,25.8,逃げ狙い,16.3,23.2,2,,,,,,,,,,,
2025-04-30,丸亀,12,1,蜂須瑞生,A2,28.13,1,◎,56.2695,,0,88.9,0.1469,2.6944,,,0,低,55,0,逃1%,3343,0,88.1,1.1351,0.5714,,,,,0.1117,0.2589,0,◎,,D,△,,,0.6075,,0.5248,A,79,0,◎-○軸 3着3〜4艇流し（10〜15点）,0.5777,"{'is_target': True, 'verdict': '参加推奨', 'max_combo_prob': 0.0484, 'est_top_odds': 27.6, 'circle_concentration': 58.9, 'eligible_count': 8, 'bet_adj': 2, 'reason': 'rel_win1=56.3%（本命度） / 最有力組み合わせ確率: 0.048（推定実オッズ?28倍） / 2着集中度: 上位2艇 58.9%（補正+0.00） / 総合判定確率: 0.048 / → ヒモ分散。1号艇1着固定で広めのヒモ流し推奨（買い目+2点）', 'tenji_trigger': '展示確認: ヒモ分散レース。1号艇伸び確認後、広めのヒモ流しを採用。穴ヒモ（5・6号艇）を積極的に含める。'}",,,28.8,逃げ狙い,17.59,30.6,2,,,,,0,0,0.7559,0,,逃げ軸流し,A
2025-04-30,丸亀,12,2,藤山翔大,A2,29.73,2,△,15.2127,30.8,99,49.1,0.1996,4.1887,,,0,低,179,0,-,266,0,75.9,1.5188,0,0.0741,0.1852,0,0,0.1818,0.0909,0.0606,,,D,,,0.0805,0.5395,,0.5248,A,79,0,◎-○軸 3着3〜4艇流し（10〜15点）,0.5777,"{'is_target': True, 'verdict': '参加推奨', 'max_combo_prob': 0.0484, 'est_top_odds': 27.6, 'circle_concentration': 58.9, 'eligible_count': 8, 'bet_adj': 2, 'reason': 'rel_win1=56.3%（本命度） / 最有力組み合わせ確率: 0.048（推定実オッズ?28倍） / 2着集中度: 上位2艇 58.9%（補正+0.00） / 総合判定確率: 0.048 / → ヒモ分散。1号艇1着固定で広めのヒモ流し推奨（買い目+2点）', 'tenji_trigger': '展示確認: ヒモ分散レース。1号艇伸び確認後、広めのヒモ流しを採用。穴ヒモ（5・6号艇）を積極的に含める。'}",,,28.8,逃げ狙い,17.59,30.6,2,,,,,,,,,,,
2025-04-30,丸亀,12,3,森　照夫,B1,37.91,3,▲,12.1019,28.2,74,50.9,0.1487,2.7264,,,0,低,77,0,-,253,0,83.3,1.6263,0,0,0.05,0,0,0.0667,0.0444,0.2167,,,B,△,,0.274,0.6095,,0.5248,A,79,0,◎-○軸 3着3〜4艇流し（10〜15点）,0.5777,"{'is_target': True, 'verdict': '参加推奨', 'max_combo_prob': 0.0484, 'est_top_odds': 27.6, 'circle_concentration': 58.9, 'eligible_count': 8, 'bet_adj': 2, 'reason': 'rel_win1=56.3%（本命度） / 最有力組み合わせ確率: 0.048（推定実オッズ?28倍） / 2着集中度: 上位2艇 58.9%（補正+0.00） / 総合判定確率: 0.048 / → ヒモ分散。1号艇1着固定で広めのヒモ流し推奨（買い目+2点）', 'tenji_trigger': '展示確認: ヒモ分散レース。1号艇伸び確認後、広めのヒモ流しを採用。穴ヒモ（5・6号艇）を積極的に含める。'}",,,28.8,逃げ狙い,17.59,30.6,2,,,,,,,,,,,
2025-04-30,丸亀,12,4,三村岳人,A2,40.56,4,○,11.844,27.7,85,64.1,0.1338,2.7051,,,0,低,53,0,差0%,346,0,68.9,0.6779,0,0.1053,0.0526,0,0,0.05,0.025,0.25,,,A,○,◎,0.3502,0.6365,0.4394,0.5248,A,79,0,◎-○軸 3着3〜4艇流し（10〜15点）,0.5777,"{'is_target': True, 'verdict': '参加推奨', 'max_combo_prob': 0.0484, 'est_top_odds': 27.6, 'circle_concentration': 58.9, 'eligible_count': 8, 'bet_adj': 2, 'reason': 'rel_win1=56.3%（本命度） / 最有力組み合わせ確率: 0.048（推定実オッズ?28倍） / 2着集中度: 上位2艇 58.9%（補正+0.00） / 総合判定確率: 0.048 / → ヒモ分散。1号艇1着固定で広めのヒモ流し推奨（買い目+2点）', 'tenji_trigger': '展示確認: ヒモ分散レース。1号艇伸び確認後、広めのヒモ流しを採用。穴ヒモ（5・6号艇）を積極的に含める。'}",,,28.8,逃げ狙い,17.59,30.6,2,,,,,,,,,,,
2025-04-30,丸亀,12,5,松田隆司,B1,27.01,5,,3.5247,5.1,99,30.8,0.1638,3.3692,,,0,低,135,0,-,366,0,34.4,0.7926,0,0,0,0.0645,0,0.0444,0.1889,0.1148,,,E,,,0.2341,0.606,,0.5248,A,79,0,◎-○軸 3着3〜4艇流し（10〜15点）,0.5777,"{'is_target': True, 'verdict': '参加推奨', 'max_combo_prob': 0.0484, 'est_top_odds': 27.6, 'circle_concentration': 58.9, 'eligible_count': 8, 'bet_adj': 2, 'reason': 'rel_win1=56.3%（本命度） / 最有力組み合わせ確率: 0.048（推定実オッズ?28倍） / 2着集中度: 上位2艇 58.9%（補正+0.00） / 総合判定確率: 0.048 / → ヒモ分散。1号艇1着固定で広めのヒモ流し推奨（買い目+2点）', 'tenji_trigger': '展示確認: ヒモ分散レース。1号艇伸び確認後、広めのヒモ流しを採用。穴ヒモ（5・6号艇）を積極的に含める。'}",,,28.8,逃げ狙い,17.59,30.6,2,,,,,,,,,,,
2025-04-30,丸亀,12,6,渡部　悟,A2,30.99,6,,1.0472,8.3,100,34.4,0.1689,3.8984,,,0,低,79,0,-,6241,0,31.2,1.3683,,,,,,0.1639,0.1194,0.0296,,,C,◎,,0.243,0.66,,0.5248,A,79,0,◎-○軸 3着3〜4艇流し（10〜15点）,0.5777,"{'is_target': True, 'verdict': '参加推奨', 'max_combo_prob': 0.0484, 'est_top_odds': 27.6, 'circle_concentration': 58.9, 'eligible_count': 8, 'bet_adj': 2, 'reason': 'rel_win1=56.3%（本命度） / 最有力組み合わせ確率: 0.048（推定実オッズ?28倍） / 2着集中度: 上位2艇 58.9%（補正+0.00） / 総合判定確率: 0.048 / → ヒモ分散。1号艇1着固定で広めのヒモ流し推奨（買い目+2点）', 'tenji_trigger': '展示確認: ヒモ分散レース。1号艇伸び確認後、広めのヒモ流しを採用。穴ヒモ（5・6号艇）を積極的に含める。'}",,,28.8,逃げ狙い,17.59,30.6,2,,,,,,,,,,,
2025-05-01,丸亀,1,1,三原　司,B1,46.32,1,◎,64.699,,0,80.4,0.1643,3.4891,,,0,低,167,0,逃0%,445 46,0,78.4,1.1434,0.3333,,,,,0.2452,0.2071,0.0571,△,,A,△,,,0.624,,0.3032,A,75,0,◎-○軸 3着3〜4艇流し（10〜15点）,0.5777,"{'is_target': True, 'verdict': '点数絞り', 'max_combo_prob': 0.1241, 'est_top_odds': 10.7, 'circle_concentration': 77.3, 'eligible_count': 8, 'bet_adj': 0, 'reason': 'rel_win1=64.7%（本命度） / 最有力組み合わせ確率: 0.124（推定実オッズ?11倍） / 2着集中度: 上位2艇 77.3%（補正+0.04） / 総合判定確率: 0.164 / → ヒモはやや固め。上位2艇以外を切ること', 'tenji_trigger': '展示確認: 1号艇伸び良→そのまま採用。悪→飛び組に差し替え。circle_pct上位2艇に絞り込むこと。'}",,,28,逃げ狙い,9.5,35.4,3,4-5-6|1-2-4|1-2-6|1-4-2|1-3-2|1-4-6,4-5-6|6-1-2|2-1-3|3-1-5|3-2-5|2-1-5|5-1-6|1-2-4|1-2-6|1-4-2|1-3-2|1-4-6,4-5-6:2.42%|1-2-4:9.02%|1-2-6:7.27%|1-4-2:4.8%|1-3-2:3.7%|1-4-6:3.66%,4-5-6:B_main|1-2-4:A|1-2-6:A|1-4-2:A|1-3-2:A|1-4-6:A,6,12,0.4535,1,[!]見送り推奨（主役決まり手「まくり」― 逃げ劣勢レースで的中実績なし）,荒れ広め,D
2025-05-01,丸亀,1,2,村上功祐,B1,26.97,2,△,11.8357,62.2,75,64.4,0.1515,3.5,,,0,低,96,0,-,2 2515,0,96.4,1.8257,0,0.0741,0.037,0,0,0.0533,0.1733,0.1267,,○,E,◎,,0.4793,0.641,,0.3032,A,75,0,◎-○軸 3着3〜4艇流し（10〜15点）,0.5777,"{'is_target': True, 'verdict': '点数絞り', 'max_combo_prob': 0.1241, 'est_top_odds': 10.7, 'circle_concentration': 77.3, 'eligible_count': 8, 'bet_adj': 0, 'reason': 'rel_win1=64.7%（本命度） / 最有力組み合わせ確率: 0.124（推定実オッズ?11倍） / 2着集中度: 上位2艇 77.3%（補正+0.04） / 総合判定確率: 0.164 / → ヒモはやや固め。上位2艇以外を切ること', 'tenji_trigger': '展示確認: 1号艇伸び良→そのまま採用。悪→飛び組に差し替え。circle_pct上位2艇に絞り込むこと。'}",,,28,逃げ狙い,9.5,35.4,3,,,,,,,,,,,
2025-05-01,丸亀,1,3,江藤敦宏,B1,28.46,3,,5.7194,11.3,91,25.6,0.1695,3.9419,,,0,低,85,0,-,4 356,0,18.2,0.5623,,,,,,0.2857,0.2857,0.1429,,,D,△,,0.3195,0.6305,,0.3032,A,75,0,◎-○軸 3着3〜4艇流し（10〜15点）,0.5777,"{'is_target': True, 'verdict': '点数絞り', 'max_combo_prob': 0.1241, 'est_top_odds': 10.7, 'circle_concentration': 77.3, 'eligible_count': 8, 'bet_adj': 0, 'reason': 'rel_win1=64.7%（本命度） / 最有力組み合わせ確率: 0.124（推定実オッズ?11倍） / 2着集中度: 上位2艇 77.3%（補正+0.04） / 総合判定確率: 0.164 / → ヒモはやや固め。上位2艇以外を切ること', 'tenji_trigger': '展示確認: 1号艇伸び良→そのまま採用。悪→飛び組に差し替え。circle_pct上位2艇に絞り込むこと。'}",,,28,逃げ狙い,9.5,35.4,3,,,,,,,,,,,
2025-05-01,丸亀,1,4,川崎智稔,B1,28.06,4,▲,10.3979,15.2,100,44.9,0.1171,2.4694,,,0,低,62,0,-,3 535,0,59.6,0.52,0,0,0.0385,0,0,0.2267,0.1733,0.0267,,◎,D,○,,0.4884,0.6335,,0.3032,A,75,0,◎-○軸 3着3〜4艇流し（10〜15点）,0.5777,"{'is_target': True, 'verdict': '点数絞り', 'max_combo_prob': 0.1241, 'est_top_odds': 10.7, 'circle_concentration': 77.3, 'eligible_count': 8, 'bet_adj': 0, 'reason': 'rel_win1=64.7%（本命度） / 最有力組み合わせ確率: 0.124（推定実オッズ?11倍） / 2着集中度: 上位2艇 77.3%（補正+0.04） / 総合判定確率: 0.164 / → ヒモはやや固め。上位2艇以外を切ること', 'tenji_trigger': '展示確認: 1号艇伸び良→そのまま採用。悪→飛び組に差し替え。circle_pct上位2艇に絞り込むこと。'}",,,28,逃げ狙い,9.5,35.4,3,,,,,,,,,,,
2025-05-01,丸亀,1,5,古賀智之,B1,32.87,5,○,5.7765,9.7,76,35.5,0.1558,3.4839,,,0,低,119,0,差ま0%,2 356,0,29.3,1.1807,0,0,0,0.0833,0,0.05,0.4,0.125,,,C,,,0.3524,0.5905,,0.3032,A,75,0,◎-○軸 3着3〜4艇流し（10〜15点）,0.5777,"{'is_target': True, 'verdict': '点数絞り', 'max_combo_prob': 0.1241, 'est_top_odds': 10.7, 'circle_concentration': 77.3, 'eligible_count': 8, 'bet_adj': 0, 'reason': 'rel_win1=64.7%（本命度） / 最有力組み合わせ確率: 0.124（推定実オッズ?11倍） / 2着集中度: 上位2艇 77.3%（補正+0.04） / 総合判定確率: 0.164 / → ヒモはやや固め。上位2艇以外を切ること', 'tenji_trigger': '展示確認: 1号艇伸び良→そのまま採用。悪→飛び組に差し替え。circle_pct上位2艇に絞り込むこと。'}",,,28,逃げ狙い,9.5,35.4,3,,,,,,,,,,,
2025-05-01,丸亀,1,6,倉田郁美,B1,30.77,6,,1.5715,1.7,57,31.8,0.1955,4.3182,,,0,低,77,0,-,45665,0,77.7,1.6267,,,,,,0.625,0.25,0,,,C,,,0.2442,0.5695,,0.3032,A,75,0,◎-○軸 3着3〜4艇流し（10〜15点）,0.5777,"{'is_target': True, 'verdict': '点数絞り', 'max_combo_prob': 0.1241, 'est_top_odds': 10.7, 'circle_concentration': 77.3, 'eligible_count': 8, 'bet_adj': 0, 'reason': 'rel_win1=64.7%（本命度） / 最有力組み合わせ確率: 0.124（推定実オッズ?11倍） / 2着集中度: 上位2艇 77.3%（補正+0.04） / 総合判定確率: 0.164 / → ヒモはやや固め。上位2艇以外を切ること', 'tenji_trigger': '展示確認: 1号艇伸び良→そのまま採用。悪→飛び組に差し替え。circle_pct上位2艇に絞り込むこと。'}",,,28,逃げ狙い,9.5,35.4,3,,,,,,,,,,,
2025-05-01,丸亀,2,1,西澤日花,B1,30.28,1,◎,55.5453,,0,61.1,0.1789,3.9167,,,0,低,64,0,逃0%,55355,0,56.9,0.8454,0.1,,,,,0.32,0.28,0.08,○⚠️,,D,△,,,0.599,,0.3337,B,57,0,◎○△フォーメーション（15〜20点）,0.5777,"{'is_target': True, 'verdict': '参加推奨', 'max_combo_prob': 0.0741, 'est_top_odds': 18.0, 'circle_concentration': 58.8, 'eligible_count': 9, 'bet_adj': 2, 'reason': 'rel_win1=55.5%（本命度） / 最有力組み合わせ確率: 0.074（推定実オッズ?18倍） / 2着集中度: 上位2艇 58.8%（補正+0.00） / 総合判定確率: 0.074 / → ヒモ分散。1号艇1着固定で広めのヒモ流し推奨（買い目+2点）', 'tenji_trigger': '展示確認: ヒモ分散レース。1号艇伸び確認後、広めのヒモ流しを採用。穴ヒモ（5・6号艇）を積極的に含める。'}",,,30.7,両建て推奨,12.63,40.5,4,4-3-5|4-5-1|4-5-6|4-5-3|4-6-5|4-3-1|4-3-6|1-5-4|1-2-4|1-5-3|1-2-5,4-3-5|4-5-1|4-5-6|4-5-3|4-6-5|4-3-1|4-3-6|1-5-4|1-2-4|1-5-3|2-1-3|1-2-5,4-3-5:1.61%|4-5-1:1.21%|4-5-6:1.2%|4-5-3:1.11%|4-6-5:0.64%|4-3-1:0.48%|4-3-6:0.48%|1-5-4:5.71%|1-2-4:4.59%|1-5-3:4.24%|1-2-5:3.61%,4-3-5:B_main|4-5-1:B_main|4-5-6:B_main|4-5-3:B_main|4-6-5:B_main|4-3-1:B_main|4-3-6:B_main|1-5-4:A|1-2-4:A|1-5-3:A|1-2-5:A,11,12,0.4535,1,[!]見送り推奨（主役決まり手「まくり」― 逃げ劣勢レースで的中実績なし）,主役軸流し,B
2025-05-01,丸亀,2,2,小川広大,B1,33.13,2,▲,9.2496,23.2,60,20,0.1936,4.1071,,,0,低,185,0,-,321 36,0,36.8,0.5379,,,,,,0.2545,0.0545,0.2909,,,B,△,,0.1805,0.5845,,0.3337,B,57,0,◎○△フォーメーション（15〜20点）,0.5777,"{'is_target': True, 'verdict': '参加推奨', 'max_combo_prob': 0.0741, 'est_top_odds': 18.0, 'circle_concentration': 58.8, 'eligible_count': 9, 'bet_adj': 2, 'reason': 'rel_win1=55.5%（本命度） / 最有力組み合わせ確率: 0.074（推定実オッズ?18倍） / 2着集中度: 上位2艇 58.8%（補正+0.00） / 総合判定確率: 0.074 / → ヒモ分散。1号艇1着固定で広めのヒモ流し推奨（買い目+2点）', 'tenji_trigger': '展示確認: ヒモ分散レース。1号艇伸び確認後、広めのヒモ流しを採用。穴ヒモ（5・6号艇）を積極的に含める。'}",,,30.7,両建て推奨,12.63,40.5,4,,,,,,,,,,,
2025-05-01,丸亀,2,3,柴田大輔,B1,31.33,3,△,14.386,26,100,41.4,0.2198,4.1638,,,0,低,176,0,ま0%,6 653,0,90.6,2.0465,0,0,0.0286,0.0286,0,0.2769,0.2923,0.2769,,,C,,,0.1053,0.4955,,0.3337,B,57,0,◎○△フォーメーション（15〜20点）,0.5777,"{'is_target': True, 'verdict': '参加推奨', 'max_combo_prob': 0.0741, 'est_top_odds': 18.0, 'circle_concentration': 58.8, 'eligible_count': 9, 'bet_adj': 2, 'reason': 'rel_win1=55.5%（本命度） / 最有力組み合わせ確率: 0.074（推定実オッズ?18倍） / 2着集中度: 上位2艇 58.8%（補正+0.00） / 総合判定確率: 0.074 / → ヒモ分散。1号艇1着固定で広めのヒモ流し推奨（買い目+2点）', 'tenji_trigger': '展示確認: ヒモ分散レース。1号艇伸び確認後、広めのヒモ流しを採用。穴ヒモ（5・6号艇）を積極的に含める。'}",,,30.7,両建て推奨,12.63,40.5,4,,,,,,,,,,,
2025-05-01,丸亀,2,4,今坂晃広,B1,40.40,4,○,16.216,17.6,70,38.5,0.1805,3.6308,,,0,低,154,0,差ま1%,1 641,0,76.8,1.434,0,0,0.0667,0.0667,0,0.0462,0.1969,0.0462,,,B,◎,◎,0.2928,0.681,0.3006,0.3337,B,57,0,◎○△フォーメーション（15〜20点）,0.5777,"{'is_target': True, 'verdict': '参加推奨', 'max_combo_prob': 0.0741, 'est_top_odds': 18.0, 'circle_concentration': 58.8, 'eligible_count': 9, 'bet_adj': 2, 'reason': 'rel_win1=55.5%（本命度） / 最有力組み合わせ確率: 0.074（推定実オッズ?18倍） / 2着集中度: 上位2艇 58.8%（補正+0.00） / 総合判定確率: 0.074 / → ヒモ分散。1号艇1着固定で広めのヒモ流し推奨（買い目+2点）', 'tenji_trigger': '展示確認: ヒモ分散レース。1号艇伸び確認後、広めのヒモ流しを採用。穴ヒモ（5・6号艇）を積極的に含める。'}",,,30.7,両建て推奨,12.63,40.5,4,,,,,,,,,,,
2025-05-01,丸亀,2,5,渡部　悟,A2,30.99,5,,3.3142,32.8,84,47.4,0.1574,3.2807,,,0,低,79,0,-,624133,0,24.3,0.6819,,,,,,0.1639,0.1194,0.0296,,,D,○,,0.3802,0.66,,0.3337,B,57,0,◎○△フォーメーション（15〜20点）,0.5777,"{'is_target': True, 'verdict': '参加推奨', 'max_combo_prob': 0.0741, 'est_top_odds': 18.0, 'circle_concentration': 58.8, 'eligible_count': 9, 'bet_adj': 2, 'reason': 'rel_win1=55.5%（本命度） / 最有力組み合わせ確率: 0.074（推定実オッズ?18倍） / 2着集中度: 上位2艇 58.8%（補正+0.00） / 総合判定確率: 0.074 / → ヒモ分散。1号艇1着固定で広めのヒモ流し推奨（買い目+2点）', 'tenji_trigger': '展示確認: ヒモ分散レース。1号艇伸び確認後、広めのヒモ流しを採用。穴ヒモ（5・6号艇）を積極的に含める。'}",,,30.7,両建て推奨,12.63,40.5,4,,,,,,,,,,,
2025-05-01,丸亀,2,6,畑田希咲,B2,28.67,6,,1.289,0.4,16,0,0.2278,4.7426,,,0,低,81,0,-,666 6,0,24.3,0.5617,,,,,,0,0.3778,0.3333,,,E,,,0.1544,0.4605,,0.3337,B,57,0,◎○△フォーメーション（15〜20点）,0.5777,"{'is_target': True, 'verdict': '参加推奨', 'max_combo_prob': 0.0741, 'est_top_odds': 18.0, 'circle_concentration': 58.8, 'eligible_count': 9, 'bet_adj': 2, 'reason': 'rel_win1=55.5%（本命度） / 最有力組み合わせ確率: 0.074（推定実オッズ?18倍） / 2着集中度: 上位2艇 58.8%（補正+0.00） / 総合判定確率: 0.074 / → ヒモ分散。1号艇1着固定で広めのヒモ流し推奨（買い目+2点）', 'tenji_trigger': '展示確認: ヒモ分散レース。1号艇伸び確認後、広めのヒモ流しを採用。穴ヒモ（5・6号艇）を積極的に含める。'}",,,30.7,両建て推奨,12.63,40.5,4,,,,,,,,,,,
2025-05-01,丸亀,3,1,森晋太郎,B1,24.58,1,◎,49.7181,,0,80,0.1346,2.3143,,,0,低,64,0,逃1%,4 566,0,83.3,1.0179,0.6667,,,,,0,0.2,0.1333,◎,,E,◎,,,0.6435,,0.6376,A,69,0,◎-○軸 3着3〜4艇流し（10〜15点）,0.5777,"{'is_target': True, 'verdict': '参加推奨', 'max_combo_prob': 0.0448, 'est_top_odds': 29.8, 'circle_concentration': 68.3, 'eligible_count': 8, 'bet_adj': 2, 'reason': 'rel_win1=49.7%（本命度） / 最有力組み合わせ確率: 0.045（推定実オッズ?30倍） / 2着集中度: 上位2艇 68.3%（補正+0.00） / 総合判定確率: 0.045 / → ヒモ分散。1号艇1着固定で広めのヒモ流し推奨（買い目+2点）', 'tenji_trigger': '展示確認: ヒモ分散レース。1号艇伸び確認後、広めのヒモ流しを採用。穴ヒモ（5・6号艇）を積極的に含める。\n展示で1号艇スタート超安定(0.135秒)→ヒモ固まり方向に注意'}",,,26.8,逃げ狙い,14.66,27.5,5,,,,,0,0,0.7559,0,,逃げ軸流し,A
2025-05-01,丸亀,3,2,森　照夫,B1,37.91,2,○,13.6433,34.5,100,51.8,0.1522,3.2037,,,0,低,77,0,差0% ま0%,253 42,0,72.5,0.879,0,0.0526,0.0526,0,0,0.0667,0.0444,0.2167,,,B,△,,0.1353,0.6095,,0.6376,A,69,0,◎-○軸 3着3〜4艇流し（10〜15点）,0.5777,"{'is_target': True, 'verdict': '参加推奨', 'max_combo_prob': 0.0448, 'est_top_odds': 29.8, 'circle_concentration': 68.3, 'eligible_count': 8, 'bet_adj': 2, 'reason': 'rel_win1=49.7%（本命度） / 最有力組み合わせ確率: 0.045（推定実オッズ?30倍） / 2着集中度: 上位2艇 68.3%（補正+0.00） / 総合判定確率: 0.045 / → ヒモ分散。1号艇1着固定で広めのヒモ流し推奨（買い目+2点）', 'tenji_trigger': '展示確認: ヒモ分散レース。1号艇伸び確認後、広めのヒモ流しを採用。穴ヒモ（5・6号艇）を積極的に含める。\n展示で1号艇スタート超安定(0.135秒)→ヒモ固まり方向に注意'}",,,26.8,逃げ狙い,14.66,27.5,5,,,,,,,,,,,
2025-05-01,丸亀,3,3,山川雄大,B1,29.41,3,△,11.9678,33.8,81,56.2,0.1716,3.5959,,,0,低,168,0,ま0% 差ま0%,5 455,0,44.7,1.099,0,0,0.0323,0.0645,0,0.2952,0.0381,0.1571,,,C,△,,0.1165,0.616,,0.6376,A,69,0,◎-○軸 3着3〜4艇流し（10〜15点）,0.5777,"{'is_target': True, 'verdict': '参加推奨', 'max_combo_prob': 0.0448, 'est_top_odds': 29.8, 'circle_concentration': 68.3, 'eligible_count': 8, 'bet_adj': 2, 'reason': 'rel_win1=49.7%（本命度） / 最有力組み合わせ確率: 0.045（推定実オッズ?30倍） / 2着集中度: 上位2艇 68.3%（補正+0.00） / 総合判定確率: 0.045 / → ヒモ分散。1号艇1着固定で広めのヒモ流し推奨（買い目+2点）', 'tenji_trigger': '展示確認: ヒモ分散レース。1号艇伸び確認後、広めのヒモ流しを採用。穴ヒモ（5・6号艇）を積極的に含める。\n展示で1号艇スタート超安定(0.135秒)→ヒモ固まり方向に注意'}",,,26.8,逃げ狙い,14.66,27.5,5,,,,,,,,,,,
2025-05-01,丸亀,3,4,佐藤ほの,B1,24.65,4,,9.4201,12.6,91,28.1,0.1775,3.5469,,,0,低,65,0,ま0%,56545,0,26.5,0.7811,0,0,0.0769,0,0,0.3333,0.4444,0.1111,,,D,,,0.1304,0.5605,,0.6376,A,69,0,◎-○軸 3着3〜4艇流し（10〜15点）,0.5777,"{'is_target': True, 'verdict': '参加推奨', 'max_combo_prob': 0.0448, 'est_top_odds': 29.8, 'circle_concentration': 68.3, 'eligible_count': 8, 'bet_adj': 2, 'reason': 'rel_win1=49.7%（本命度） / 最有力組み合わせ確率: 0.045（推定実オッズ?30倍） / 2着集中度: 上位2艇 68.3%（補正+0.00） / 総合判定確率: 0.045 / → ヒモ分散。1号艇1着固定で広めのヒモ流し推奨（買い目+2点）', 'tenji_trigger': '展示確認: ヒモ分散レース。1号艇伸び確認後、広めのヒモ流しを採用。穴ヒモ（5・6号艇）を積極的に含める。\n展示で1号艇スタート超安定(0.135秒)→ヒモ固まり方向に注意'}",,,26.8,逃げ狙い,14.66,27.5,5,,,,,,,,,,,
2025-05-01,丸亀,3,5,杉田篤光,B1,30.43,5,,14.0784,13.3,91,45.9,0.2226,4.6557,,,0,低,185,0,-,141514,0,34,1.5052,0,0.0435,0,0.0435,0,0.1358,0.0267,0.1624,,,C,,◎,0.1087,0.578,0.1353,0.6376,A,69,0,◎-○軸 3着3〜4艇流し（10〜15点）,0.5777,"{'is_target': True, 'verdict': '参加推奨', 'max_combo_prob': 0.0448, 'est_top_odds': 29.8, 'circle_concentration': 68.3, 'eligible_count': 8, 'bet_adj': 2, 'reason': 'rel_win1=49.7%（本命度） / 最有力組み合わせ確率: 0.045（推定実オッズ?30倍） / 2着集中度: 上位2艇 68.3%（補正+0.00） / 総合判定確率: 0.045 / → ヒモ分散。1号艇1着固定で広めのヒモ流し推奨（買い目+2点）', 'tenji_trigger': '展示確認: ヒモ分散レース。1号艇伸び確認後、広めのヒモ流しを採用。穴ヒモ（5・6号艇）を積極的に含める。\n展示で1号艇スタート超安定(0.135秒)→ヒモ固まり方向に注意'}",,,26.8,逃げ狙い,14.66,27.5,5,,,,,,,,,,,
2025-05-01,丸亀,3,6,三村岳人,A2,40.56,6,▲,1.1722,5.8,93,34.2,0.1544,3.2805,,,0,低,53,0,-,346 11,0,72.7,1.3394,,,,,,0.05,0.025,0.25,,,B,○,,0.2505,0.6365,,0.6376,A,69,0,◎-○軸 3着3〜4艇流し（10〜15点）,0.5777,"{'is_target': True, 'verdict': '参加推奨', 'max_combo_prob': 0.0448, 'est_top_odds': 29.8, 'circle_concentration': 68.3, 'eligible_count': 8, 'bet_adj': 2, 'reason': 'rel_win1=49.7%（本命度） / 最有力組み合わせ確率: 0.045（推定実オッズ?30倍） / 2着集中度: 上位2艇 68.3%（補正+0.00） / 総合判定確率: 0.045 / → ヒモ分散。1号艇1着固定で広めのヒモ流し推奨（買い目+2点）', 'tenji_trigger': '展示確認: ヒモ分散レース。1号艇伸び確認後、広めのヒモ流しを採用。穴ヒモ（5・6号艇）を積極的に含める。\n展示で1号艇スタート超安定(0.135秒)→ヒモ固まり方向に注意'}",,,26.8,逃げ狙い,14.66,27.5,5,,,,,,,,,,,
2025-05-01,丸亀,4,1,峰重侑治,B1,31.25,1,◎,58.5622,,0,86.5,0.1648,3.0962,,,0,低,114,0,逃1%,133 16,0,92.5,1.264,0.7333,,,,,0.2267,0.0533,0,◎,,B,○,,,0.6135,,0.493,S,87,0,◎1着固定 2-3着流し（5〜8点）,0.5777,"{'is_target': True, 'verdict': '参加推奨', 'max_combo_prob': 0.0657, 'est_top_odds': 20.3, 'circle_concentration': 60.9, 'eligible_count': 6, 'bet_adj': 2, 'reason': 'rel_win1=58.6%（本命度） / 最有力組み合わせ確率: 0.066（推定実オッズ?20倍） / 2着集中度: 上位2艇 60.9%（補正+0.00） / 総合判定確率: 0.066 / → ヒモ分散。1号艇1着固定で広めのヒモ流し推奨（買い目+2点）', 'tenji_trigger': '展示確認: ヒモ分散レース。1号艇伸び確認後、広めのヒモ流しを採用。穴ヒモ（5・6号艇）を積極的に含める。'}",,,27.9,逃げ狙い,14.8,30.6,3,,,,,0,0,0.7559,0,,逃げ軸流し,A
2025-05-01,丸亀,4,2,深川和仁,B1,27.27,2,○,14.3826,34.4,87,50,0.164,3.76,,,0,低,130,0,-,46164,0,49.8,1.0159,0,0.0435,0.0435,0,0.0435,0.2,0.0167,0.05,,,C,△,,0.3169,0.606,,0.493,S,87,0,◎1着固定 2-3着流し（5〜8点）,0.5777,"{'is_target': True, 'verdict': '参加推奨', 'max_combo_prob': 0.0657, 'est_top_odds': 20.3, 'circle_concentration': 60.9, 'eligible_count': 6, 'bet_adj': 2, 'reason': 'rel_win1=58.6%（本命度） / 最有力組み合わせ確率: 0.066（推定実オッズ?20倍） / 2着集中度: 上位2艇 60.9%（補正+0.00） / 総合判定確率: 0.066 / → ヒモ分散。1号艇1着固定で広めのヒモ流し推奨（買い目+2点）', 'tenji_trigger': '展示確認: ヒモ分散レース。1号艇伸び確認後、広めのヒモ流しを採用。穴ヒモ（5・6号艇）を積極的に含める。'}",,,27.9,逃げ狙い,14.8,30.6,3,,,,,,,,,,,
2025-05-01,丸亀,4,3,安達美帆,B1,21.74,3,,10.7479,26.4,82,31.6,0.18,3.4474,,,0,低,49,0,-,2 2444,0,50.3,0.77,,,,,,0.25,0.5,0.25,,,E,,,0.2371,0.53,,0.493,S,87,0,◎1着固定 2-3着流し（5〜8点）,0.5777,"{'is_target': True, 'verdict': '参加推奨', 'max_combo_prob': 0.0657, 'est_top_odds': 20.3, 'circle_concentration': 60.9, 'eligible_count': 6, 'bet_adj': 2, 'reason': 'rel_win1=58.6%（本命度） / 最有力組み合わせ確率: 0.066（推定実オッズ?20倍） / 2着集中度: 上位2艇 60.9%（補正+0.00） / 総合判定確率: 0.066 / → ヒモ分散。1号艇1着固定で広めのヒモ流し推奨（買い目+2点）', 'tenji_trigger': '展示確認: ヒモ分散レース。1号艇伸び確認後、広めのヒモ流しを採用。穴ヒモ（5・6号艇）を積極的に含める。'}",,,27.9,逃げ狙い,14.8,30.6,3,,,,,,,,,,,
2025-05-01,丸亀,4,4,山口修路,B1,27.08,4,,4.4906,14.3,100,30.9,0.2303,5.0221,,,0,低,181,0,-,6 532,0,15.8,0.6809,,,,,,0.1538,0.3077,0.1538,,,D,,,0.135,0.527,,0.493,S,87,0,◎1着固定 2-3着流し（5〜8点）,0.5777,"{'is_target': True, 'verdict': '参加推奨', 'max_combo_prob': 0.0657, 'est_top_odds': 20.3, 'circle_concentration': 60.9, 'eligible_count': 6, 'bet_adj': 2, 'reason': 'rel_win1=58.6%（本命度） / 最有力組み合わせ確率: 0.066（推定実オッズ?20倍） / 2着集中度: 上位2艇 60.9%（補正+0.00） / 総合判定確率: 0.066 / → ヒモ分散。1号艇1着固定で広めのヒモ流し推奨（買い目+2点）', 'tenji_trigger': '展示確認: ヒモ分散レース。1号艇伸び確認後、広めのヒモ流しを採用。穴ヒモ（5・6号艇）を積極的に含める。'}",,,27.9,逃げ狙い,14.8,30.6,3,,,,,,,,,,,
2025-05-01,丸亀,4,5,藤山翔大,A2,29.73,5,△,10.625,19.9,81,44.2,0.2026,3.8837,,,0,低,179,0,ま0%,266 46,0,72.3,1.4717,0,0,0.1176,0,0,0.1818,0.0909,0.0606,,,C,△,,0.1885,0.5395,,0.493,S,87,0,◎1着固定 2-3着流し（5〜8点）,0.5777,"{'is_target': True, 'verdict': '参加推奨', 'max_combo_prob': 0.0657, 'est_top_odds': 20.3, 'circle_concentration': 60.9, 'eligible_count': 6, 'bet_adj': 2, 'reason': 'rel_win1=58.6%（本命度） / 最有力組み合わせ確率: 0.066（推定実オッズ?20倍） / 2着集中度: 上位2艇 60.9%（補正+0.00） / 総合判定確率: 0.066 / → ヒモ分散。1号艇1着固定で広めのヒモ流し推奨（買い目+2点）', 'tenji_trigger': '展示確認: ヒモ分散レース。1号艇伸び確認後、広めのヒモ流しを採用。穴ヒモ（5・6号艇）を積極的に含める。'}",,,27.9,逃げ狙い,14.8,30.6,3,,,,,,,,,,,
2025-05-01,丸亀,4,6,楠原翔太,B1,28.38,6,▲,1.1917,4.9,44,23.3,0.1518,3.35,,,0,低,104,0,-,453 1,0,29.5,1.0194,,,,,,0.0143,0.0429,0.1,,,C,◎,,0.3515,0.627,,0.493,S,87,0,◎1着固定 2-3着流し（5〜8点）,0.5777,"{'is_target': True, 'verdict': '参加推奨', 'max_combo_prob': 0.0657, 'est_top_odds': 20.3, 'circle_concentration': 60.9, 'eligible_count': 6, 'bet_adj': 2, 'reason': 'rel_win1=58.6%（本命度） / 最有力組み合わせ確率: 0.066（推定実オッズ?20倍） / 2着集中度: 上位2艇 60.9%（補正+0.00） / 総合判定確率: 0.066 / → ヒモ分散。1号艇1着固定で広めのヒモ流し推奨（買い目+2点）', 'tenji_trigger': '展示確認: ヒモ分散レース。1号艇伸び確認後、広めのヒモ流しを採用。穴ヒモ（5・6号艇）を積極的に含める。'}",,,27.9,逃げ狙い,14.8,30.6,3,,,,,,,,,,,
2025-05-01,丸亀,5,1,吉川晴人,B1,21.32,1,◎,45.4265,,0,87.8,0.1496,3.4694,,,0,低,98,0,逃1%,134 45,0,85.9,1.0818,0.65,,,,,0.02,0.02,0.1657,◎,,E,◎,,,0.6235,,0.4562,A,74,0,◎-○軸 3着3〜4艇流し（10〜15点）,0.5777,"{'is_target': True, 'verdict': '参加推奨', 'max_combo_prob': 0.0713, 'est_top_odds': 18.7, 'circle_concentration': 71.0, 'eligible_count': 8, 'bet_adj': 2, 'reason': 'rel_win1=45.4%（本命度） / 最有力組み合わせ確率: 0.071（推定実オッズ?19倍） / 2着集中度: 上位2艇 71.0%（補正+0.04） / 総合判定確率: 0.111 / → ヒモ分散。1号艇1着固定で広めのヒモ流し推奨（買い目+2点）', 'tenji_trigger': '展示確認: ヒモ分散レース。1号艇伸び確認後、広めのヒモ流しを採用。穴ヒモ（5・6号艇）を積極的に含める。'}",,,28.3,逃げ狙い,23.36,24.5,2,,,,,0,0,0.7559,0,,逃げ軸流し,A
2025-05-01,丸亀,5,2,塩崎桐加,A2,32.89,2,○,17.5269,47.1,57,63.3,0.1433,2.7667,,,0,低,58,0,ま0%,632162,0,55.9,1.084,0,0,0.0909,0,0,0,0.2727,0.0909,,◎,B,,,0.3755,0.5535,,0.4562,A,74,0,◎-○軸 3着3〜4艇流し（10〜15点）,0.5777,"{'is_target': True, 'verdict': '参加推奨', 'max_combo_prob': 0.0713, 'est_top_odds': 18.7, 'circle_concentration': 71.0, 'eligible_count': 8, 'bet_adj': 2, 'reason': 'rel_win1=45.4%（本命度） / 最有力組み合わせ確率: 0.071（推定実オッズ?19倍） / 2着集中度: 上位2艇 71.0%（補正+0.04） / 総合判定確率: 0.111 / → ヒモ分散。1号艇1着固定で広めのヒモ流し推奨（買い目+2点）', 'tenji_trigger': '展示確認: ヒモ分散レース。1号艇伸び確認後、広めのヒモ流しを採用。穴ヒモ（5・6号艇）を積極的に含める。'}",,,28.3,逃げ狙い,23.36,24.5,2,,,,,,,,,,,
2025-05-01,丸亀,5,3,上條嘉嗣,A1,30.99,3,▲,19.0816,23.9,91,75,0.1797,3.7206,,,0,低,185,0,差ま0%,561 15,0,27,0.8269,0,0,0.1875,0.125,0,0.0093,0.1705,0.1132,,,C,△,,0.1789,0.573,,0.4562,A,74,0,◎-○軸 3着3〜4艇流し（10〜15点）,0.5777,"{'is_target': True, 'verdict': '参加推奨', 'max_combo_prob': 0.0713, 'est_top_odds': 18.7, 'circle_concentration': 71.0, 'eligible_count': 8, 'bet_adj': 2, 'reason': 'rel_win1=45.4%（本命度） / 最有力組み合わせ確率: 0.071（推定実オッズ?19倍） / 2着集中度: 上位2艇 71.0%（補正+0.04） / 総合判定確率: 0.111 / → ヒモ分散。1号艇1着固定で広めのヒモ流し推奨（買い目+2点）', 'tenji_trigger': '展示確認: ヒモ分散レース。1号艇伸び確認後、広めのヒモ流しを採用。穴ヒモ（5・6号艇）を積極的に含める。'}",,,28.3,逃げ狙い,23.36,24.5,2,,,,,,,,,,,
2025-05-01,丸亀,5,4,松田隆司,B1,27.01,4,,11.0774,22.8,85,59.3,0.1502,3.1695,,,0,低,135,0,-,366 34,0,46.4,0.9302,0,0.0345,0.069,0.0345,0,0.0444,0.1889,0.1148,,,D,△,◎,0.2869,0.606,0.3931,0.4562,A,74,0,◎-○軸 3着3〜4艇流し（10〜15点）,0.5777,"{'is_target': True, 'verdict': '参加推奨', 'max_combo_prob': 0.0713, 'est_top_odds': 18.7, 'circle_concentration': 71.0, 'eligible_count': 8, 'bet_adj': 2, 'reason': 'rel_win1=45.4%（本命度） / 最有力組み合わせ確率: 0.071（推定実オッズ?19倍） / 2着集中度: 上位2艇 71.0%（補正+0.04） / 総合判定確率: 0.111 / → ヒモ分散。1号艇1着固定で広めのヒモ流し推奨（買い目+2点）', 'tenji_trigger': '展示確認: ヒモ分散レース。1号艇伸び確認後、広めのヒモ流しを採用。穴ヒモ（5・6号艇）を積極的に含める。'}",,,28.3,逃げ狙い,23.36,24.5,2,,,,,,,,,,,
2025-05-01,丸亀,5,5,蜂須瑞生,A2,28.13,5,,4.6932,3.8,100,54.5,0.1709,3.197,,,0,低,55,0,差ま0%,334355,0,84.2,1.434,0,0,0,0.0588,0,0.1117,0.2589,0,,,D,○,,0.2193,0.6075,,0.4562,A,74,0,◎-○軸 3着3〜4艇流し（10〜15点）,0.5777,"{'is_target': True, 'verdict': '参加推奨', 'max_combo_prob': 0.0713, 'est_top_odds': 18.7, 'circle_concentration': 71.0, 'eligible_count': 8, 'bet_adj': 2, 'reason': 'rel_win1=45.4%（本命度） / 最有力組み合わせ確率: 0.071（推定実オッズ?19倍） / 2着集中度: 上位2艇 71.0%（補正+0.04） / 総合判定確率: 0.111 / → ヒモ分散。1号艇1着固定で広めのヒモ流し推奨（買い目+2点）', 'tenji_trigger': '展示確認: ヒモ分散レース。1号艇伸び確認後、広めのヒモ流しを採用。穴ヒモ（5・6号艇）を積極的に含める。'}",,,28.3,逃げ狙い,23.36,24.5,2,,,,,,,,,,,
2025-05-01,丸亀,5,6,中嶋達也,B1,32.00,6,△,2.1944,2.4,24,8.3,0.1835,4.0625,,,0,低,136,0,-,556 55,0,26.8,0.5997,0,0,0.0476,0,0,0.1429,0.3333,0.1905,,,B,,,0.1805,0.5685,,0.4562,A,74,0,◎-○軸 3着3〜4艇流し（10〜15点）,0.5777,"{'is_target': True, 'verdict': '参加推奨', 'max_combo_prob': 0.0713, 'est_top_odds': 18.7, 'circle_concentration': 71.0, 'eligible_count': 8, 'bet_adj': 2, 'reason': 'rel_win1=45.4%（本命度） / 最有力組み合わせ確率: 0.071（推定実オッズ?19倍） / 2着集中度: 上位2艇 71.0%（補正+0.04） / 総合判定確率: 0.111 / → ヒモ分散。1号艇1着固定で広めのヒモ流し推奨（買い目+2点）', 'tenji_trigger': '展示確認: ヒモ分散レース。1号艇伸び確認後、広めのヒモ流しを採用。穴ヒモ（5・6号艇）を積極的に含める。'}",,,28.3,逃げ狙い,23.36,24.5,2,,,,,,,,,,,
2025-05-01,丸亀,6,1,和田拓也,A1,31.08,1,◎,64.8234,,0,92.6,0.1137,2.0556,,,0,低,51,0,逃1%,1 2464,0,77.9,1.0218,0.8438,,,,,0,0,0.175,◎,,C,◎,,,0.67,,0.7607,S,100,0,◎1着固定 2-3着流し（5〜8点）,0.5777,"{'is_target': True, 'verdict': '参加推奨', 'max_combo_prob': 0.0927, 'est_top_odds': 14.4, 'circle_concentration': 67.2, 'eligible_count': 6, 'bet_adj': 2, 'reason': 'rel_win1=64.8%（本命度） / 最有力組み合わせ確率: 0.093（推定実オッズ?14倍） / 2着集中度: 上位2艇 67.2%（補正+0.00） / 総合判定確率: 0.093 / → ヒモ分散。1号艇1着固定で広めのヒモ流し推奨（買い目+2点）', 'tenji_trigger': '展示確認: ヒモ分散レース。1号艇伸び確認後、広めのヒモ流しを採用。穴ヒモ（5・6号艇）を積極的に含める。\n展示で1号艇スタート超安定(0.114秒)→ヒモ固まり方向に注意'}",,,24.6,逃げ狙い,13.52,22.3,4,,,,,0,0,0.7559,0,,逃げ軸流し,A
2025-05-01,丸亀,6,2,江藤敦宏,B1,28.46,2,,8.6347,32.3,77,43.9,0.1771,4.061,,,0,低,85,0,差0% ま0% 抜0%,4 356,0,38.3,0.7453,0,0.0385,0.0385,0,0.0385,0.2857,0.2857,0.1429,,,D,△,,0.0576,0.6305,,0.7607,S,100,0,◎1着固定 2-3着流し（5〜8点）,0.5777,"{'is_target': True, 'verdict': '参加推奨', 'max_combo_prob': 0.0927, 'est_top_odds': 14.4, 'circle_concentration': 67.2, 'eligible_count': 6, 'bet_adj': 2, 'reason': 'rel_win1=64.8%（本命度） / 最有力組み合わせ確率: 0.093（推定実オッズ?14倍） / 2着集中度: 上位2艇 67.2%（補正+0.00） / 総合判定確率: 0.093 / → ヒモ分散。1号艇1着固定で広めのヒモ流し推奨（買い目+2点）', 'tenji_trigger': '展示確認: ヒモ分散レース。1号艇伸び確認後、広めのヒモ流しを採用。穴ヒモ（5・6号艇）を積極的に含める。\n展示で1号艇スタート超安定(0.114秒)→ヒモ固まり方向に注意'}",,,24.6,逃げ狙い,13.52,22.3,4,,,,,,,,,,,
2025-05-01,丸亀,6,3,川崎智稔,B1,28.06,3,△,10.8917,34.9,97,54.2,0.1446,3.1771,,,0,低,62,0,-,3 535,0,86.9,1.6471,0,0,0.125,0.0417,0,0.2267,0.1733,0.0267,,,D,△,,0.1522,0.6335,,0.7607,S,100,0,◎1着固定 2-3着流し（5〜8点）,0.5777,"{'is_target': True, 'verdict': '参加推奨', 'max_combo_prob': 0.0927, 'est_top_odds': 14.4, 'circle_concentration': 67.2, 'eligible_count': 6, 'bet_adj': 2, 'reason': 'rel_win1=64.8%（本命度） / 最有力組み合わせ確率: 0.093（推定実オッズ?14倍） / 2着集中度: 上位2艇 67.2%（補正+0.00） / 総合判定確率: 0.093 / → ヒモ分散。1号艇1着固定で広めのヒモ流し推奨（買い目+2点）', 'tenji_trigger': '展示確認: ヒモ分散レース。1号艇伸び確認後、広めのヒモ流しを採用。穴ヒモ（5・6号艇）を積極的に含める。\n展示で1号艇スタート超安定(0.114秒)→ヒモ固まり方向に注意'}",,,24.6,逃げ狙い,13.52,22.3,4,,,,,,,,,,,
2025-05-01,丸亀,6,4,平山智加,A1,40.26,4,○,10.8561,25.9,100,72.7,0.1382,3.1136,,,0,低,46,0,-,612234,0,47.2,0.9626,0,0.125,0.125,0,0,0,0.1818,0.1818,,,A,○,,0.2181,0.651,,0.7607,S,100,0,◎1着固定 2-3着流し（5〜8点）,0.5777,"{'is_target': True, 'verdict': '参加推奨', 'max_combo_prob': 0.0927, 'est_top_odds': 14.4, 'circle_concentration': 67.2, 'eligible_count': 6, 'bet_adj': 2, 'reason': 'rel_win1=64.8%（本命度） / 最有力組み合わせ確率: 0.093（推定実オッズ?14倍） / 2着集中度: 上位2艇 67.2%（補正+0.00） / 総合判定確率: 0.093 / → ヒモ分散。1号艇1着固定で広めのヒモ流し推奨（買い目+2点）', 'tenji_trigger': '展示確認: ヒモ分散レース。1号艇伸び確認後、広めのヒモ流しを採用。穴ヒモ（5・6号艇）を積極的に含める。\n展示で1号艇スタート超安定(0.114秒)→ヒモ固まり方向に注意'}",,,24.6,逃げ狙い,13.52,22.3,4,,,,,,,,,,,
2025-05-01,丸亀,6,5,畑田希咲,B2,28.67,5,,2.6602,4.2,40,0,0.1718,3.9706,,,0,低,81,0,-,666 6,0,30.5,0.7114,,,,,,0,0.3778,0.3333,,,D,,,0.1347,0.4605,,0.7607,S,100,0,◎1着固定 2-3着流し（5〜8点）,0.5777,"{'is_target': True, 'verdict': '参加推奨', 'max_combo_prob': 0.0927, 'est_top_odds': 14.4, 'circle_concentration': 67.2, 'eligible_count': 6, 'bet_adj': 2, 'reason': 'rel_win1=64.8%（本命度） / 最有力組み合わせ確率: 0.093（推定実オッズ?14倍） / 2着集中度: 上位2艇 67.2%（補正+0.00） / 総合判定確率: 0.093 / → ヒモ分散。1号艇1着固定で広めのヒモ流し推奨（買い目+2点）', 'tenji_trigger': '展示確認: ヒモ分散レース。1号艇伸び確認後、広めのヒモ流しを採用。穴ヒモ（5・6号艇）を積極的に含める。\n展示で1号艇スタート超安定(0.114秒)→ヒモ固まり方向に注意'}",,,24.6,逃げ狙い,13.52,22.3,4,,,,,,,,,,,
2025-05-01,丸亀,6,6,梅原祥平,B1,29.17,6,▲,2.1339,2.7,27,10.7,0.1671,3.5446,,,0,低,64,0,-,3 1323,0,25.3,0.8733,,,,,,0.25,0.3167,0,,,C,,,0.1401,0.577,,0.7607,S,100,0,◎1着固定 2-3着流し（5〜8点）,0.5777,"{'is_target': True, 'verdict': '参加推奨', 'max_combo_prob': 0.0927, 'est_top_odds': 14.4, 'circle_concentration': 67.2, 'eligible_count': 6, 'bet_adj': 2, 'reason': 'rel_win1=64.8%（本命度） / 最有力組み合わせ確率: 0.093（推定実オッズ?14倍） / 2着集中度: 上位2艇 67.2%（補正+0.00） / 総合判定確率: 0.093 / → ヒモ分散。1号艇1着固定で広めのヒモ流し推奨（買い目+2点）', 'tenji_trigger': '展示確認: ヒモ分散レース。1号艇伸び確認後、広めのヒモ流しを採用。穴ヒモ（5・6号艇）を積極的に含める。\n展示で1号艇スタート超安定(0.114秒)→ヒモ固まり方向に注意'}",,,24.6,逃げ狙い,13.52,22.3,4,,,,,,,,,,,
2025-05-01,丸亀,7,1,米田隆弘,A2,25.20,1,◎,53.3678,,0,92.9,0.1546,2.8786,,,0,低,143,0,逃0%,242246,0,100,1.6447,0.5,,,,,0.0625,0.1607,0.025,○,,D,○,,,0.624,,0.4495,A,79,0,◎-○軸 3着3〜4艇流し（10〜15点）,0.5777,"{'is_target': True, 'verdict': '参加推奨', 'max_combo_prob': 0.0752, 'est_top_odds': 17.7, 'circle_concentration': 72.7, 'eligible_count': 8, 'bet_adj': 2, 'reason': 'rel_win1=53.4%（本命度） / 最有力組み合わせ確率: 0.075（推定実オッズ?18倍） / 2着集中度: 上位2艇 72.7%（補正+0.04） / 総合判定確率: 0.115 / → ヒモ分散。1号艇1着固定で広めのヒモ流し推奨（買い目+2点）', 'tenji_trigger': '展示確認: ヒモ分散レース。1号艇伸び確認後、広めのヒモ流しを採用。穴ヒモ（5・6号艇）を積極的に含める。'}",,,28,逃げ狙い,17.48,28.5,4,,,,,0,0,0.6155,0,,逃げ軸流し,A
2025-05-01,丸亀,7,2,倉田郁美,B1,30.77,2,,7.9104,46.9,68,40,0.1663,3.7167,,,0,低,77,0,-,45665,0,22,0.6783,,,,,,0.625,0.25,0,,,C,,,0.2199,0.5695,,0.4495,A,79,0,◎-○軸 3着3〜4艇流し（10〜15点）,0.5777,"{'is_target': True, 'verdict': '参加推奨', 'max_combo_prob': 0.0752, 'est_top_odds': 17.7, 'circle_concentration': 72.7, 'eligible_count': 8, 'bet_adj': 2, 'reason': 'rel_win1=53.4%（本命度） / 最有力組み合わせ確率: 0.075（推定実オッズ?18倍） / 2着集中度: 上位2艇 72.7%（補正+0.04） / 総合判定確率: 0.115 / → ヒモ分散。1号艇1着固定で広めのヒモ流し推奨（買い目+2点）', 'tenji_trigger': '展示確認: ヒモ分散レース。1号艇伸び確認後、広めのヒモ流しを採用。穴ヒモ（5・6号艇）を積極的に含める。'}",,,28,逃げ狙い,17.48,28.5,4,,,,,,,,,,,
2025-05-01,丸亀,7,3,杉山太陽,B1,34.46,3,○,7.0574,15.3,86,41.2,0.1535,3.25,,,0,低,87,0,-,546 62,0,69.8,0.7671,0,0,0.0625,0,0,0,0.375,0.25,,,B,,,0.3106,0.583,,0.4495,A,79,0,◎-○軸 3着3〜4艇流し（10〜15点）,0.5777,"{'is_target': True, 'verdict': '参加推奨', 'max_combo_prob': 0.0752, 'est_top_odds': 17.7, 'circle_concentration': 72.7, 'eligible_count': 8, 'bet_adj': 2, 'reason': 'rel_win1=53.4%（本命度） / 最有力組み合わせ確率: 0.075（推定実オッズ?18倍） / 2着集中度: 上位2艇 72.7%（補正+0.04） / 総合判定確率: 0.115 / → ヒモ分散。1号艇1着固定で広めのヒモ流し推奨（買い目+2点）', 'tenji_trigger': '展示確認: ヒモ分散レース。1号艇伸び確認後、広めのヒモ流しを採用。穴ヒモ（5・6号艇）を積極的に含める。'}",,,28,逃げ狙い,17.48,28.5,4,,,,,,,,,,,
2025-05-01,丸亀,7,4,森晋太郎,B1,24.58,4,△,16.669,25.8,87,53.3,0.1364,2.5667,,,0,低,64,0,ま0% 差ま0%,4 566,0,68.9,1.4268,0,0,0.1818,0.1364,0,0,0.2,0.1333,,◎,E,◎,◎,0.4302,0.6435,0.4387,0.4495,A,79,0,◎-○軸 3着3〜4艇流し（10〜15点）,0.5777,"{'is_target': True, 'verdict': '参加推奨', 'max_combo_prob': 0.0752, 'est_top_odds': 17.7, 'circle_concentration': 72.7, 'eligible_count': 8, 'bet_adj': 2, 'reason': 'rel_win1=53.4%（本命度） / 最有力組み合わせ確率: 0.075（推定実オッズ?18倍） / 2着集中度: 上位2艇 72.7%（補正+0.04） / 総合判定確率: 0.115 / → ヒモ分散。1号艇1着固定で広めのヒモ流し推奨（買い目+2点）', 'tenji_trigger': '展示確認: ヒモ分散レース。1号艇伸び確認後、広めのヒモ流しを採用。穴ヒモ（5・6号艇）を積極的に含める。'}",,,28,逃げ狙い,17.48,28.5,4,,,,,,,,,,,
2025-05-01,丸亀,7,5,山川雄大,B1,29.41,5,,11.7027,6.9,100,48,0.1784,3.7267,,,0,低,168,0,差0% ま0% 差ま0% 抜0%,5 455,0,78,1.5833,0,0.0278,0.0278,0.1111,0.0278,0.2952,0.0381,0.1571,,,D,△,○,0.242,0.616,0.2193,0.4495,A,79,0,◎-○軸 3着3〜4艇流し（10〜15点）,0.5777,"{'is_target': True, 'verdict': '参加推奨', 'max_combo_prob': 0.0752, 'est_top_odds': 17.7, 'circle_concentration': 72.7, 'eligible_count': 8, 'bet_adj': 2, 'reason': 'rel_win1=53.4%（本命度） / 最有力組み合わせ確率: 0.075（推定実オッズ?18倍） / 2着集中度: 上位2艇 72.7%（補正+0.04） / 総合判定確率: 0.115 / → ヒモ分散。1号艇1着固定で広めのヒモ流し推奨（買い目+2点）', 'tenji_trigger': '展示確認: ヒモ分散レース。1号艇伸び確認後、広めのヒモ流しを採用。穴ヒモ（5・6号艇）を積極的に含める。'}",,,28,逃げ狙い,17.48,28.5,4,,,,,,,,,,,
2025-05-01,丸亀,7,6,西丸侑太,A2,44.44,6,▲,3.2929,5.1,60,34.1,0.1627,4.0114,,,0,低,100,0,-,1 4223,0,30.4,1.5464,,,,,,0,0.1314,0.0429,,,A,△,,0.31,0.6105,,0.4495,A,79,0,◎-○軸 3着3〜4艇流し（10〜15点）,0.5777,"{'is_target': True, 'verdict': '参加推奨', 'max_combo_prob': 0.0752, 'est_top_odds': 17.7, 'circle_concentration': 72.7, 'eligible_count': 8, 'bet_adj': 2, 'reason': 'rel_win1=53.4%（本命度） / 最有力組み合わせ確率: 0.075（推定実オッズ?18倍） / 2着集中度: 上位2艇 72.7%（補正+0.04） / 総合判定確率: 0.115 / → ヒモ分散。1号艇1着固定で広めのヒモ流し推奨（買い目+2点）', 'tenji_trigger': '展示確認: ヒモ分散レース。1号艇伸び確認後、広めのヒモ流しを採用。穴ヒモ（5・6号艇）を積極的に含める。'}",,,28,逃げ狙い,17.48,28.5,4,,,,,,,,,,,
2025-05-01,丸亀,8,1,佐藤大介,A1,48.82,1,◎,68.4825,,0,94.2,0.1346,2.4713,,,0,低,122,0,逃1%,334133,0,92.3,1.2371,0.7368,,,,,0.1617,0.0316,0.0105,◎,,A,△,,,0.6205,,0.636,S,84,0,◎1着固定 2-3着流し（5〜8点）,0.5777,"{'is_target': True, 'verdict': '参加推奨', 'max_combo_prob': 0.0837, 'est_top_odds': 15.9, 'circle_concentration': 61.3, 'eligible_count': 6, 'bet_adj': 2, 'reason': 'rel_win1=68.5%（本命度） / 最有力組み合わせ確率: 0.084（推定実オッズ?16倍） / 2着集中度: 上位2艇 61.3%（補正+0.00） / 総合判定確率: 0.084 / → ヒモ分散。1号艇1着固定で広めのヒモ流し推奨（買い目+2点）', 'tenji_trigger': '展示確認: ヒモ分散レース。1号艇伸び確認後、広めのヒモ流しを採用。穴ヒモ（5・6号艇）を積極的に含める。\n展示で1号艇スタート超安定(0.135秒)→ヒモ固まり方向に注意'}",,,26.6,逃げ狙い,14.41,27.1,2,,,,,0,0,0.7559,0,,逃げ軸流し,A
2025-05-01,丸亀,8,2,藤山翔大,A2,29.73,2,△,13.0985,31.3,90,49.1,0.1996,4.1887,,,0,低,179,0,-,266 46,0,73.2,1.4753,0,0.0741,0.1852,0,0,0.1818,0.0909,0.0606,,,D,△,,0.1048,0.5395,,0.636,S,84,0,◎1着固定 2-3着流し（5〜8点）,0.5777,"{'is_target': True, 'verdict': '参加推奨', 'max_combo_prob': 0.0837, 'est_top_odds': 15.9, 'circle_concentration': 61.3, 'eligible_count': 6, 'bet_adj': 2, 'reason': 'rel_win1=68.5%（本命度） / 最有力組み合わせ確率: 0.084（推定実オッズ?16倍） / 2着集中度: 上位2艇 61.3%（補正+0.00） / 総合判定確率: 0.084 / → ヒモ分散。1号艇1着固定で広めのヒモ流し推奨（買い目+2点）', 'tenji_trigger': '展示確認: ヒモ分散レース。1号艇伸び確認後、広めのヒモ流しを採用。穴ヒモ（5・6号艇）を積極的に含める。\n展示で1号艇スタート超安定(0.135秒)→ヒモ固まり方向に注意'}",,,26.6,逃げ狙い,14.41,27.1,2,,,,,,,,,,,
2025-05-01,丸亀,8,3,山口修路,B1,27.08,3,,4.2674,30,100,51.7,0.1885,3.9083,,,0,低,181,0,-,6 532,0,63.6,1.3838,0,0,0.0385,0,0,0.1538,0.3077,0.1538,,,E,,,0.1174,0.527,,0.636,S,84,0,◎1着固定 2-3着流し（5〜8点）,0.5777,"{'is_target': True, 'verdict': '参加推奨', 'max_combo_prob': 0.0837, 'est_top_odds': 15.9, 'circle_concentration': 61.3, 'eligible_count': 6, 'bet_adj': 2, 'reason': 'rel_win1=68.5%（本命度） / 最有力組み合わせ確率: 0.084（推定実オッズ?16倍） / 2着集中度: 上位2艇 61.3%（補正+0.00） / 総合判定確率: 0.084 / → ヒモ分散。1号艇1着固定で広めのヒモ流し推奨（買い目+2点）', 'tenji_trigger': '展示確認: ヒモ分散レース。1号艇伸び確認後、広めのヒモ流しを採用。穴ヒモ（5・6号艇）を積極的に含める。\n展示で1号艇スタート超安定(0.135秒)→ヒモ固まり方向に注意'}",,,26.6,逃げ狙い,14.41,27.1,2,,,,,,,,,,,
2025-05-01,丸亀,8,4,三村岳人,A2,40.56,4,○,9.3397,25.3,77,64.1,0.1338,2.7051,,,0,低,53,0,差0%,346 11,0,36.3,0.6328,0,0.1053,0.0526,0,0,0.05,0.025,0.25,,,B,○,◎,0.3075,0.6365,0.4808,0.636,S,84,0,◎1着固定 2-3着流し（5〜8点）,0.5777,"{'is_target': True, 'verdict': '参加推奨', 'max_combo_prob': 0.0837, 'est_top_odds': 15.9, 'circle_concentration': 61.3, 'eligible_count': 6, 'bet_adj': 2, 'reason': 'rel_win1=68.5%（本命度） / 最有力組み合わせ確率: 0.084（推定実オッズ?16倍） / 2着集中度: 上位2艇 61.3%（補正+0.00） / 総合判定確率: 0.084 / → ヒモ分散。1号艇1着固定で広めのヒモ流し推奨（買い目+2点）', 'tenji_trigger': '展示確認: ヒモ分散レース。1号艇伸び確認後、広めのヒモ流しを採用。穴ヒモ（5・6号艇）を積極的に含める。\n展示で1号艇スタート超安定(0.135秒)→ヒモ固まり方向に注意'}",,,26.6,逃げ狙い,14.41,27.1,2,,,,,,,,,,,
2025-05-01,丸亀,8,5,今坂晃広,B1,40.40,5,▲,2.419,9.1,50,22.8,0.1804,3.9474,,,0,低,154,0,ま0%,1 641,0,42.3,0.7205,0,0,0.0385,0,0,0.0462,0.1969,0.0462,,,C,◎,,0.1435,0.681,,0.636,S,84,0,◎1着固定 2-3着流し（5〜8点）,0.5777,"{'is_target': True, 'verdict': '参加推奨', 'max_combo_prob': 0.0837, 'est_top_odds': 15.9, 'circle_concentration': 61.3, 'eligible_count': 6, 'bet_adj': 2, 'reason': 'rel_win1=68.5%（本命度） / 最有力組み合わせ確率: 0.084（推定実オッズ?16倍） / 2着集中度: 上位2艇 61.3%（補正+0.00） / 総合判定確率: 0.084 / → ヒモ分散。1号艇1着固定で広めのヒモ流し推奨（買い目+2点）', 'tenji_trigger': '展示確認: ヒモ分散レース。1号艇伸び確認後、広めのヒモ流しを採用。穴ヒモ（5・6号艇）を積極的に含める。\n展示で1号艇スタート超安定(0.135秒)→ヒモ固まり方向に注意'}",,,26.6,逃げ狙い,14.41,27.1,2,,,,,,,,,,,
2025-05-01,丸亀,8,6,柴田大輔,B1,31.33,6,,2.3929,4.3,29,15.6,0.2702,4.9222,,,0,低,176,0,-,6 653,0,26.3,0.6217,0,0,0,0.0455,0,0.2769,0.2923,0.2769,,,D,,,0.115,0.4955,,0.636,S,84,0,◎1着固定 2-3着流し（5〜8点）,0.5777,"{'is_target': True, 'verdict': '参加推奨', 'max_combo_prob': 0.0837, 'est_top_odds': 15.9, 'circle_concentration': 61.3, 'eligible_count': 6, 'bet_adj': 2, 'reason': 'rel_win1=68.5%（本命度） / 最有力組み合わせ確率: 0.084（推定実オッズ?16倍） / 2着集中度: 上位2艇 61.3%（補正+0.00） / 総合判定確率: 0.084 / → ヒモ分散。1号艇1着固定で広めのヒモ流し推奨（買い目+2点）', 'tenji_trigger': '展示確認: ヒモ分散レース。1号艇伸び確認後、広めのヒモ流しを採用。穴ヒモ（5・6号艇）を積極的に含める。\n展示で1号艇スタート超安定(0.135秒)→ヒモ固まり方向に注意'}",,,26.6,逃げ狙い,14.41,27.1,2,,,,,,,,,,,
2025-05-01,丸亀,9,1,楠原翔太,B1,28.38,1,◎,65.256,,0,87.3,0.1421,2.5397,,,0,低,104,0,逃1%,453 1,0,88.9,1.1534,0.6786,,,,,0.0143,0.0429,0.1,◎,,C,○,,,0.627,,0.6031,A,78,0,◎-○軸 3着3〜4艇流し（10〜15点）,0.5777,"{'is_target': True, 'verdict': '参加推奨', 'max_combo_prob': 0.0787, 'est_top_odds': 17.0, 'circle_concentration': 55.7, 'eligible_count': 8, 'bet_adj': 2, 'reason': 'rel_win1=65.3%（本命度） / 最有力組み合わせ確率: 0.079（推定実オッズ?17倍） / 2着集中度: 上位2艇 55.7%（補正+0.00） / 総合判定確率: 0.079 / → ヒモ分散。1号艇1着固定で広めのヒモ流し推奨（買い目+2点）', 'tenji_trigger': '展示確認: ヒモ分散レース。1号艇伸び確認後、広めのヒモ流しを採用。穴ヒモ（5・6号艇）を積極的に含める。'}",,,25.9,逃げ狙い,15.63,24,2,,,,,0,0,0.7559,0,,逃げ軸流し,A
2025-05-01,丸亀,9,2,古賀智之,B1,32.87,2,○,14.6269,24.6,100,58.5,0.1679,3.3113,,,0,低,119,0,差0% ま0% 抜0%,2 356,0,43.6,0.9836,0,0.0741,0.1111,0,0.037,0.05,0.4,0.125,,,B,,,0.0708,0.5905,,0.6031,A,78,0,◎-○軸 3着3〜4艇流し（10〜15点）,0.5777,"{'is_target': True, 'verdict': '参加推奨', 'max_combo_prob': 0.0787, 'est_top_odds': 17.0, 'circle_concentration': 55.7, 'eligible_count': 8, 'bet_adj': 2, 'reason': 'rel_win1=65.3%（本命度） / 最有力組み合わせ確率: 0.079（推定実オッズ?17倍） / 2着集中度: 上位2艇 55.7%（補正+0.00） / 総合判定確率: 0.079 / → ヒモ分散。1号艇1着固定で広めのヒモ流し推奨（買い目+2点）', 'tenji_trigger': '展示確認: ヒモ分散レース。1号艇伸び確認後、広めのヒモ流しを採用。穴ヒモ（5・6号艇）を積極的に含める。'}",,,25.9,逃げ狙い,15.63,24,2,,,,,,,,,,,
2025-05-01,丸亀,9,3,深川和仁,B1,27.27,3,,11.3771,29.5,54,58,0.184,3.99,,,0,低,130,0,差ま0%,46164,0,49.9,1.0887,0,0,0.0476,0.1429,0,0.2,0.0167,0.05,,,D,△,,0.1361,0.606,,0.6031,A,78,0,◎-○軸 3着3〜4艇流し（10〜15点）,0.5777,"{'is_target': True, 'verdict': '参加推奨', 'max_combo_prob': 0.0787, 'est_top_odds': 17.0, 'circle_concentration': 55.7, 'eligible_count': 8, 'bet_adj': 2, 'reason': 'rel_win1=65.3%（本命度） / 最有力組み合わせ確率: 0.079（推定実オッズ?17倍） / 2着集中度: 上位2艇 55.7%（補正+0.00） / 総合判定確率: 0.079 / → ヒモ分散。1号艇1着固定で広めのヒモ流し推奨（買い目+2点）', 'tenji_trigger': '展示確認: ヒモ分散レース。1号艇伸び確認後、広めのヒモ流しを採用。穴ヒモ（5・6号艇）を積極的に含める。'}",,,25.9,逃げ狙い,15.63,24,2,,,,,,,,,,,
2025-05-01,丸亀,9,4,渡部　悟,A2,30.99,4,▲,4.873,26.1,54,43.6,0.132,2.8273,,,0,低,79,0,-,624133,0,22.2,0.6066,,,,,,0.1639,0.1194,0.0296,,,C,◎,,0.3493,0.66,,0.6031,A,78,0,◎-○軸 3着3〜4艇流し（10〜15点）,0.5777,"{'is_target': True, 'verdict': '参加推奨', 'max_combo_prob': 0.0787, 'est_top_odds': 17.0, 'circle_concentration': 55.7, 'eligible_count': 8, 'bet_adj': 2, 'reason': 'rel_win1=65.3%（本命度） / 最有力組み合わせ確率: 0.079（推定実オッズ?17倍） / 2着集中度: 上位2艇 55.7%（補正+0.00） / 総合判定確率: 0.079 / → ヒモ分散。1号艇1着固定で広めのヒモ流し推奨（買い目+2点）', 'tenji_trigger': '展示確認: ヒモ分散レース。1号艇伸び確認後、広めのヒモ流しを採用。穴ヒモ（5・6号艇）を積極的に含める。'}",,,25.9,逃げ狙い,15.63,24,2,,,,,,,,,,,
2025-05-01,丸亀,9,5,塩崎桐加,A2,32.89,5,△,2.4203,16.5,45,35.5,0.1723,3.5484,,,0,低,58,0,-,632162,0,42,0.9883,,,,,,0,0.2727,0.0909,,,B,,,0.2139,0.5535,,0.6031,A,78,0,◎-○軸 3着3〜4艇流し（10〜15点）,0.5777,"{'is_target': True, 'verdict': '参加推奨', 'max_combo_prob': 0.0787, 'est_top_odds': 17.0, 'circle_concentration': 55.7, 'eligible_count': 8, 'bet_adj': 2, 'reason': 'rel_win1=65.3%（本命度） / 最有力組み合わせ確率: 0.079（推定実オッズ?17倍） / 2着集中度: 上位2艇 55.7%（補正+0.00） / 総合判定確率: 0.079 / → ヒモ分散。1号艇1着固定で広めのヒモ流し推奨（買い目+2点）', 'tenji_trigger': '展示確認: ヒモ分散レース。1号艇伸び確認後、広めのヒモ流しを採用。穴ヒモ（5・6号艇）を積極的に含める。'}",,,25.9,逃げ狙い,15.63,24,2,,,,,,,,,,,
2025-05-01,丸亀,9,6,蜂須瑞生,A2,28.13,6,,1.4466,3.2,46,29.2,0.15,3.6042,,,0,低,55,0,-,334355,0,58.3,1.1944,,,,,,0.1117,0.2589,0,,,D,△,,0.2849,0.6075,,0.6031,A,78,0,◎-○軸 3着3〜4艇流し（10〜15点）,0.5777,"{'is_target': True, 'verdict': '参加推奨', 'max_combo_prob': 0.0787, 'est_top_odds': 17.0, 'circle_concentration': 55.7, 'eligible_count': 8, 'bet_adj': 2, 'reason': 'rel_win1=65.3%（本命度） / 最有力組み合わせ確率: 0.079（推定実オッズ?17倍） / 2着集中度: 上位2艇 55.7%（補正+0.00） / 総合判定確率: 0.079 / → ヒモ分散。1号艇1着固定で広めのヒモ流し推奨（買い目+2点）', 'tenji_trigger': '展示確認: ヒモ分散レース。1号艇伸び確認後、広めのヒモ流しを採用。穴ヒモ（5・6号艇）を積極的に含める。'}",,,25.9,逃げ狙い,15.63,24,2,,,,,,,,,,,
2025-05-01,丸亀,10,1,梅原祥平,B1,29.17,1,○,45.7169,,0,50,0.1357,3.0357,,,0,低,64,0,逃0%,3 1323,0,41.2,0.6928,0.0833,,,,,0.25,0.3167,0,○,,D,,,,0.577,,0.3677,D,33,1,大荒れ。見送り推奨,0.5777,"{'is_target': True, 'verdict': '点数絞り', 'max_combo_prob': 0.0848, 'est_top_odds': 15.7, 'circle_concentration': 74.5, 'eligible_count': 6, 'bet_adj': 0, 'reason': 'rel_win1=45.7%（本命度） / 最有力組み合わせ確率: 0.085（推定実オッズ?16倍） / 2着集中度: 上位2艇 74.5%（補正+0.04） / 総合判定確率: 0.125 / → ヒモはやや固め。上位2艇以外を切ること', 'tenji_trigger': '展示確認: 1号艇伸び良→そのまま採用。悪→飛び組に差し替え。circle_pct上位2艇に絞り込むこと。\n展示で1号艇スタート超安定(0.136秒)→ヒモ固まり方向に注意'}",,,31.6,両建て推奨,19.59,37,3,,,,,0,0,0.6155,0,,主役軸流し,B
2025-05-01,丸亀,10,2,杉田篤光,B1,30.43,2,△,10.9033,30.4,100,60,0.1877,4.4083,,,0,低,185,0,差0%,141514,0,29.6,0.761,0,0.1111,0,0,0,0.1358,0.0267,0.1624,,,C,△,,0.1125,0.578,,0.3677,D,33,1,大荒れ。見送り推奨,0.5777,"{'is_target': True, 'verdict': '点数絞り', 'max_combo_prob': 0.0848, 'est_top_odds': 15.7, 'circle_concentration': 74.5, 'eligible_count': 6, 'bet_adj': 0, 'reason': 'rel_win1=45.7%（本命度） / 最有力組み合わせ確率: 0.085（推定実オッズ?16倍） / 2着集中度: 上位2艇 74.5%（補正+0.04） / 総合判定確率: 0.125 / → ヒモはやや固め。上位2艇以外を切ること', 'tenji_trigger': '展示確認: 1号艇伸び良→そのまま採用。悪→飛び組に差し替え。circle_pct上位2艇に絞り込むこと。\n展示で1号艇スタート超安定(0.136秒)→ヒモ固まり方向に注意'}",,,31.6,両建て推奨,19.59,37,3,,,,,,,,,,,
2025-05-01,丸亀,10,3,和田拓也,A1,31.08,3,◎,25.254,44.2,56,72.2,0.1339,2.7963,,,0,低,51,0,-,1 2464,0,100,2.6783,0,0.0417,0.2083,0,0,0,0,0.175,,◎,B,◎,,0.3753,0.67,,0.3677,D,33,1,大荒れ。見送り推奨,0.5777,"{'is_target': True, 'verdict': '点数絞り', 'max_combo_prob': 0.0848, 'est_top_odds': 15.7, 'circle_concentration': 74.5, 'eligible_count': 6, 'bet_adj': 0, 'reason': 'rel_win1=45.7%（本命度） / 最有力組み合わせ確率: 0.085（推定実オッズ?16倍） / 2着集中度: 上位2艇 74.5%（補正+0.04） / 総合判定確率: 0.125 / → ヒモはやや固め。上位2艇以外を切ること', 'tenji_trigger': '展示確認: 1号艇伸び良→そのまま採用。悪→飛び組に差し替え。circle_pct上位2艇に絞り込むこと。\n展示で1号艇スタート超安定(0.136秒)→ヒモ固まり方向に注意'}",,,31.6,両建て推奨,19.59,37,3,,,,,,,,,,,
2025-05-01,丸亀,10,4,上條嘉嗣,A1,30.99,4,,12.0837,17.6,79,57.4,0.2096,4.7407,,,0,低,185,0,-,561 15,0,37.8,1.0232,0,0.08,0.04,0,0,0.0093,0.1705,0.1132,,,C,,◎,0.1607,0.573,0.2616,0.3677,D,33,1,大荒れ。見送り推奨,0.5777,"{'is_target': True, 'verdict': '点数絞り', 'max_combo_prob': 0.0848, 'est_top_odds': 15.7, 'circle_concentration': 74.5, 'eligible_count': 6, 'bet_adj': 0, 'reason': 'rel_win1=45.7%（本命度） / 最有力組み合わせ確率: 0.085（推定実オッズ?16倍） / 2着集中度: 上位2艇 74.5%（補正+0.04） / 総合判定確率: 0.125 / → ヒモはやや固め。上位2艇以外を切ること', 'tenji_trigger': '展示確認: 1号艇伸び良→そのまま採用。悪→飛び組に差し替え。circle_pct上位2艇に絞り込むこと。\n展示で1号艇スタート超安定(0.136秒)→ヒモ固まり方向に注意'}",,,31.6,両建て推奨,19.59,37,3,,,,,,,,,,,
2025-05-01,丸亀,10,5,小川広大,B1,33.13,5,▲,4.8471,5.4,28,12.1,0.2045,4.2045,,,0,低,185,0,-,321 36,0,21.1,0.5831,,,,,,0.2545,0.0545,0.2909,,,B,△,,0.185,0.5845,,0.3677,D,33,1,大荒れ。見送り推奨,0.5777,"{'is_target': True, 'verdict': '点数絞り', 'max_combo_prob': 0.0848, 'est_top_odds': 15.7, 'circle_concentration': 74.5, 'eligible_count': 6, 'bet_adj': 0, 'reason': 'rel_win1=45.7%（本命度） / 最有力組み合わせ確率: 0.085（推定実オッズ?16倍） / 2着集中度: 上位2艇 74.5%（補正+0.04） / 総合判定確率: 0.125 / → ヒモはやや固め。上位2艇以外を切ること', 'tenji_trigger': '展示確認: 1号艇伸び良→そのまま採用。悪→飛び組に差し替え。circle_pct上位2艇に絞り込むこと。\n展示で1号艇スタート超安定(0.136秒)→ヒモ固まり方向に注意'}",,,31.6,両建て推奨,19.59,37,3,,,,,,,,,,,
2025-05-01,丸亀,10,6,米田隆弘,A2,25.20,6,,1.195,2.5,31,17.2,0.1888,3.9297,,,0,低,143,0,-,242246,0,26.3,0.6883,,,,,,0.0625,0.1607,0.025,,,E,○,,0.1885,0.624,,0.3677,D,33,1,大荒れ。見送り推奨,0.5777,"{'is_target': True, 'verdict': '点数絞り', 'max_combo_prob': 0.0848, 'est_top_odds': 15.7, 'circle_concentration': 74.5, 'eligible_count': 6, 'bet_adj': 0, 'reason': 'rel_win1=45.7%（本命度） / 最有力組み合わせ確率: 0.085（推定実オッズ?16倍） / 2着集中度: 上位2艇 74.5%（補正+0.04） / 総合判定確率: 0.125 / → ヒモはやや固め。上位2艇以外を切ること', 'tenji_trigger': '展示確認: 1号艇伸び良→そのまま採用。悪→飛び組に差し替え。circle_pct上位2艇に絞り込むこと。\n展示で1号艇スタート超安定(0.136秒)→ヒモ固まり方向に注意'}",,,31.6,両建て推奨,19.59,37,3,,,,,,,,,,,
2025-05-01,丸亀,11,1,西丸侑太,A2,44.44,1,◎,55.1878,,0,87.5,0.15,3.125,,,0,低,100,0,逃1%,1 4223,0,85.9,1.0807,0.6786,,,,,0,0.1314,0.0429,◎,,B,,,,0.6105,,0.5095,S,82,0,◎1着固定 2-3着流し（5〜8点）,0.5777,"{'is_target': True, 'verdict': '参加推奨', 'max_combo_prob': 0.0947, 'est_top_odds': 14.1, 'circle_concentration': 66.8, 'eligible_count': 6, 'bet_adj': 2, 'reason': 'rel_win1=55.2%（本命度） / 最有力組み合わせ確率: 0.095（推定実オッズ?14倍） / 2着集中度: 上位2艇 66.8%（補正+0.00） / 総合判定確率: 0.095 / → ヒモ分散。1号艇1着固定で広めのヒモ流し推奨（買い目+2点）', 'tenji_trigger': '展示確認: ヒモ分散レース。1号艇伸び確認後、広めのヒモ流しを採用。穴ヒモ（5・6号艇）を積極的に含める。'}",,,28.1,逃げ狙い,21.95,24.9,2,,,,,0,0,0.7559,0,,逃げ軸流し,A
2025-05-01,丸亀,11,2,佐藤大介,A1,48.82,2,○,18.3103,47.9,76,78.1,0.1691,3.8516,,,0,低,122,0,-,334133,0,47.3,0.765,0,0.125,0.0312,0,0.0625,0.1617,0.0316,0.0105,,,A,△,,0.1351,0.6205,,0.5095,S,82,0,◎1着固定 2-3着流し（5〜8点）,0.5777,"{'is_target': True, 'verdict': '参加推奨', 'max_combo_prob': 0.0947, 'est_top_odds': 14.1, 'circle_concentration': 66.8, 'eligible_count': 6, 'bet_adj': 2, 'reason': 'rel_win1=55.2%（本命度） / 最有力組み合わせ確率: 0.095（推定実オッズ?14倍） / 2着集中度: 上位2艇 66.8%（補正+0.00） / 総合判定確率: 0.095 / → ヒモ分散。1号艇1着固定で広めのヒモ流し推奨（買い目+2点）', 'tenji_trigger': '展示確認: ヒモ分散レース。1号艇伸び確認後、広めのヒモ流しを採用。穴ヒモ（5・6号艇）を積極的に含める。'}",,,28.1,逃げ狙い,21.95,24.9,2,,,,,,,,,,,
2025-05-01,丸亀,11,3,平山智加,A1,40.26,3,▲,12.7584,16.3,100,68.2,0.1609,3.2727,,,0,低,46,0,差ま0%,612234,0,21.9,0.6835,0,0,0.1111,0.2222,0,0,0.1818,0.1818,,,B,◎,,0.2805,0.651,,0.5095,S,82,0,◎1着固定 2-3着流し（5〜8点）,0.5777,"{'is_target': True, 'verdict': '参加推奨', 'max_combo_prob': 0.0947, 'est_top_odds': 14.1, 'circle_concentration': 66.8, 'eligible_count': 6, 'bet_adj': 2, 'reason': 'rel_win1=55.2%（本命度） / 最有力組み合わせ確率: 0.095（推定実オッズ?14倍） / 2着集中度: 上位2艇 66.8%（補正+0.00） / 総合判定確率: 0.095 / → ヒモ分散。1号艇1着固定で広めのヒモ流し推奨（買い目+2点）', 'tenji_trigger': '展示確認: ヒモ分散レース。1号艇伸び確認後、広めのヒモ流しを採用。穴ヒモ（5・6号艇）を積極的に含める。'}",,,28.1,逃げ狙い,21.95,24.9,2,,,,,,,,,,,
2025-05-01,丸亀,11,4,吉川晴人,B1,21.32,4,,9.7174,14,83,58.6,0.1552,3.2672,,,0,低,98,0,差0% 差ま0%,134 45,0,67.7,1.2181,0,0.05,0,0.1,0,0.02,0.02,0.1657,,,E,△,◎,0.2703,0.6235,0.3894,0.5095,S,82,0,◎1着固定 2-3着流し（5〜8点）,0.5777,"{'is_target': True, 'verdict': '参加推奨', 'max_combo_prob': 0.0947, 'est_top_odds': 14.1, 'circle_concentration': 66.8, 'eligible_count': 6, 'bet_adj': 2, 'reason': 'rel_win1=55.2%（本命度） / 最有力組み合わせ確率: 0.095（推定実オッズ?14倍） / 2着集中度: 上位2艇 66.8%（補正+0.00） / 総合判定確率: 0.095 / → ヒモ分散。1号艇1着固定で広めのヒモ流し推奨（買い目+2点）', 'tenji_trigger': '展示確認: ヒモ分散レース。1号艇伸び確認後、広めのヒモ流しを採用。穴ヒモ（5・6号艇）を積極的に含める。'}",,,28.1,逃げ狙い,21.95,24.9,2,,,,,,,,,,,
2025-05-01,丸亀,11,5,村上功祐,B1,26.97,5,△,3.1589,18.9,75,50,0.1385,2.7258,,,0,低,96,0,ま0% 差ま0%,2 2515,0,75.7,1.315,0,0,0.0312,0.0625,0,0.0533,0.1733,0.1267,,,D,○,,0.3262,0.641,,0.5095,S,82,0,◎1着固定 2-3着流し（5〜8点）,0.5777,"{'is_target': True, 'verdict': '参加推奨', 'max_combo_prob': 0.0947, 'est_top_odds': 14.1, 'circle_concentration': 66.8, 'eligible_count': 6, 'bet_adj': 2, 'reason': 'rel_win1=55.2%（本命度） / 最有力組み合わせ確率: 0.095（推定実オッズ?14倍） / 2着集中度: 上位2艇 66.8%（補正+0.00） / 総合判定確率: 0.095 / → ヒモ分散。1号艇1着固定で広めのヒモ流し推奨（買い目+2点）', 'tenji_trigger': '展示確認: ヒモ分散レース。1号艇伸び確認後、広めのヒモ流しを採用。穴ヒモ（5・6号艇）を積極的に含める。'}",,,28.1,逃げ狙い,21.95,24.9,2,,,,,,,,,,,
2025-05-01,丸亀,11,6,峰重侑治,B1,31.25,6,,0.8672,2.9,21,22.8,0.2002,4.5439,,,0,低,114,0,-,133 16,0,28.2,1.0214,,,,,,0.2267,0.0533,0,,,D,,,0.1531,0.6135,,0.5095,S,82,0,◎1着固定 2-3着流し（5〜8点）,0.5777,"{'is_target': True, 'verdict': '参加推奨', 'max_combo_prob': 0.0947, 'est_top_odds': 14.1, 'circle_concentration': 66.8, 'eligible_count': 6, 'bet_adj': 2, 'reason': 'rel_win1=55.2%（本命度） / 最有力組み合わせ確率: 0.095（推定実オッズ?14倍） / 2着集中度: 上位2艇 66.8%（補正+0.00） / 総合判定確率: 0.095 / → ヒモ分散。1号艇1着固定で広めのヒモ流し推奨（買い目+2点）', 'tenji_trigger': '展示確認: ヒモ分散レース。1号艇伸び確認後、広めのヒモ流しを採用。穴ヒモ（5・6号艇）を積極的に含める。'}",,,28.1,逃げ狙い,21.95,24.9,2,,,,,,,,,,,
2025-05-01,丸亀,12,1,丸野一樹,A1,33.57,1,◎,54.1196,,0,95.5,0.1364,3.4318,,,0,低,31,0,逃1%,221121,0,90.5,1.1949,0.8889,,,,,0,0.1111,0,◎,,B,○,,,0.6595,,0.5737,S,88,0,◎1着固定 2-3着流し（5〜8点）,0.5777,"{'is_target': True, 'verdict': '参加推奨', 'max_combo_prob': 0.0655, 'est_top_odds': 20.4, 'circle_concentration': 66.1, 'eligible_count': 6, 'bet_adj': 2, 'reason': 'rel_win1=54.1%（本命度） / 最有力組み合わせ確率: 0.065（推定実オッズ?20倍） / 2着集中度: 上位2艇 66.1%（補正+0.00） / 総合判定確率: 0.065 / → ヒモ分散。1号艇1着固定で広めのヒモ流し推奨（買い目+2点）', 'tenji_trigger': '展示確認: ヒモ分散レース。1号艇伸び確認後、広めのヒモ流しを採用。穴ヒモ（5・6号艇）を積極的に含める。\n展示で1号艇スタート超安定(0.136秒)→ヒモ固まり方向に注意'}",,,30.1,逃げ狙い,30.83,23.2,3,,,,,0,0,0.7559,0,,逃げ軸流し,A
2025-05-01,丸亀,12,2,竹之内極,B1,43.66,2,▲,11.2646,33,96,65.5,0.1618,3.4273,,,0,低,124,0,差0%,113 31,0,43.5,1.0459,0,0.0769,0,0,0,0.075,0.365,0,,,A,△,,0.0665,0.65,,0.5737,S,88,0,◎1着固定 2-3着流し（5〜8点）,0.5777,"{'is_target': True, 'verdict': '参加推奨', 'max_combo_prob': 0.0655, 'est_top_odds': 20.4, 'circle_concentration': 66.1, 'eligible_count': 6, 'bet_adj': 2, 'reason': 'rel_win1=54.1%（本命度） / 最有力組み合わせ確率: 0.065（推定実オッズ?20倍） / 2着集中度: 上位2艇 66.1%（補正+0.00） / 総合判定確率: 0.065 / → ヒモ分散。1号艇1着固定で広めのヒモ流し推奨（買い目+2点）', 'tenji_trigger': '展示確認: ヒモ分散レース。1号艇伸び確認後、広めのヒモ流しを採用。穴ヒモ（5・6号艇）を積極的に含める。\n展示で1号艇スタート超安定(0.136秒)→ヒモ固まり方向に注意'}",,,30.1,逃げ狙い,30.83,23.2,3,,,,,,,,,,,
2025-05-01,丸亀,12,3,栗城　匠,A1,25.17,3,△,14.1747,33,100,74.4,0.1379,2.3953,,,0,低,83,0,差0% ま0% 差ま0%,151331,0,63.1,1.4117,0,0.0909,0.0909,0.1818,0,0,0.2404,0.1409,,,E,,,0.318,0.623,,0.5737,S,88,0,◎1着固定 2-3着流し（5〜8点）,0.5777,"{'is_target': True, 'verdict': '参加推奨', 'max_combo_prob': 0.0655, 'est_top_odds': 20.4, 'circle_concentration': 66.1, 'eligible_count': 6, 'bet_adj': 2, 'reason': 'rel_win1=54.1%（本命度） / 最有力組み合わせ確率: 0.065（推定実オッズ?20倍） / 2着集中度: 上位2艇 66.1%（補正+0.00） / 総合判定確率: 0.065 / → ヒモ分散。1号艇1着固定で広めのヒモ流し推奨（買い目+2点）', 'tenji_trigger': '展示確認: ヒモ分散レース。1号艇伸び確認後、広めのヒモ流しを採用。穴ヒモ（5・6号艇）を積極的に含める。\n展示で1号艇スタート超安定(0.136秒)→ヒモ固まり方向に注意'}",,,30.1,逃げ狙い,30.83,23.2,3,,,,,,,,,,,
2025-05-01,丸亀,12,4,片橋幸貴,A1,29.25,4,○,12.7863,16.9,78,62.1,0.134,2.5259,,,0,低,80,0,-,222422,0,43,1.02,0,0.0476,0.0952,0.1905,0.0476,0.0308,0.0462,0.2615,,,C,,◎,0.33,0.629,0.5027,0.5737,S,88,0,◎1着固定 2-3着流し（5〜8点）,0.5777,"{'is_target': True, 'verdict': '参加推奨', 'max_combo_prob': 0.0655, 'est_top_odds': 20.4, 'circle_concentration': 66.1, 'eligible_count': 6, 'bet_adj': 2, 'reason': 'rel_win1=54.1%（本命度） / 最有力組み合わせ確率: 0.065（推定実オッズ?20倍） / 2着集中度: 上位2艇 66.1%（補正+0.00） / 総合判定確率: 0.065 / → ヒモ分散。1号艇1着固定で広めのヒモ流し推奨（買い目+2点）', 'tenji_trigger': '展示確認: ヒモ分散レース。1号艇伸び確認後、広めのヒモ流しを採用。穴ヒモ（5・6号艇）を積極的に含める。\n展示で1号艇スタート超安定(0.136秒)→ヒモ固まり方向に注意'}",,,30.1,逃げ狙い,30.83,23.2,3,,,,,,,,,,,
2025-05-01,丸亀,12,5,山田祐也,A1,26.57,5,,6.893,16,46,59,0.1395,3.141,,,0,低,53,0,-,142222,0,28.3,0.8062,0,0,0,0.0667,0,0,0.0455,0.1364,,,D,◎,○,0.2753,0.663,0.3833,0.5737,S,88,0,◎1着固定 2-3着流し（5〜8点）,0.5777,"{'is_target': True, 'verdict': '参加推奨', 'max_combo_prob': 0.0655, 'est_top_odds': 20.4, 'circle_concentration': 66.1, 'eligible_count': 6, 'bet_adj': 2, 'reason': 'rel_win1=54.1%（本命度） / 最有力組み合わせ確率: 0.065（推定実オッズ?20倍） / 2着集中度: 上位2艇 66.1%（補正+0.00） / 総合判定確率: 0.065 / → ヒモ分散。1号艇1着固定で広めのヒモ流し推奨（買い目+2点）', 'tenji_trigger': '展示確認: ヒモ分散レース。1号艇伸び確認後、広めのヒモ流しを採用。穴ヒモ（5・6号艇）を積極的に含める。\n展示で1号艇スタート超安定(0.136秒)→ヒモ固まり方向に注意'}",,,30.1,逃げ狙い,30.83,23.2,3,,,,,,,,,,,
2025-05-01,丸亀,12,6,長岡良也,A2,28.86,6,,0.762,1,49,25,0.1942,4.1806,,,0,低,104,0,-,1 1412,0,41.7,1.0778,,,,,,0.1417,0.0972,0.1194,,,D,△,,0.1379,0.6505,,0.5737,S,88,0,◎1着固定 2-3着流し（5〜8点）,0.5777,"{'is_target': True, 'verdict': '参加推奨', 'max_combo_prob': 0.0655, 'est_top_odds': 20.4, 'circle_concentration': 66.1, 'eligible_count': 6, 'bet_adj': 2, 'reason': 'rel_win1=54.1%（本命度） / 最有力組み合わせ確率: 0.065（推定実オッズ?20倍） / 2着集中度: 上位2艇 66.1%（補正+0.00） / 総合判定確率: 0.065 / → ヒモ分散。1号艇1着固定で広めのヒモ流し推奨（買い目+2点）', 'tenji_trigger': '展示確認: ヒモ分散レース。1号艇伸び確認後、広めのヒモ流しを採用。穴ヒモ（5・6号艇）を積極的に含める。\n展示で1号艇スタート超安定(0.136秒)→ヒモ固まり方向に注意'}",,,30.1,逃げ狙い,30.83,23.2,3,,,,,,,,,,,
2025-05-04,丸亀,1,1,上田隆章,B1,41.38,1,◎,67.8319,,0,72,0.1642,3.81,,,0,低,192,0,逃0%,,0,96.5,1.3625,0.35,,,,,0.3,0.22,0.1,○,,A,,,,0.5515,,0.3667,A,65,0,◎-○軸 3着3〜4艇流し（10〜15点）,0.5777,"{'is_target': True, 'verdict': '点数絞り', 'max_combo_prob': 0.1056, 'est_top_odds': 12.6, 'circle_concentration': 72.7, 'eligible_count': 8, 'bet_adj': 0, 'reason': 'rel_win1=67.8%（本命度） / 最有力組み合わせ確率: 0.106（推定実オッズ?13倍） / 2着集中度: 上位2艇 72.7%（補正+0.04） / 総合判定確率: 0.146 / → ヒモはやや固め。上位2艇以外を切ること', 'tenji_trigger': '展示確認: 1号艇伸び良→そのまま採用。悪→飛び組に差し替え。circle_pct上位2艇に絞り込むこと。'}",,,30.1,逃げ狙い,12.77,38.7,3,,,,,0,0,0.6155,0,,逃げ軸流し,A
2025-05-04,丸亀,1,2,大廣咲季,B1,36.91,2,○,8.7758,43.2,100,25,0.1567,3.6875,,,0,低,81,0,-,,0,19,0.5462,,,,,,0.3333,0.3333,0,,◎,B,,,0.4475,0.543,,0.3667,A,65,0,◎-○軸 3着3〜4艇流し（10〜15点）,0.5777,"{'is_target': True, 'verdict': '点数絞り', 'max_combo_prob': 0.1056, 'est_top_odds': 12.6, 'circle_concentration': 72.7, 'eligible_count': 8, 'bet_adj': 0, 'reason': 'rel_win1=67.8%（本命度） / 最有力組み合わせ確率: 0.106（推定実オッズ?13倍） / 2着集中度: 上位2艇 72.7%（補正+0.04） / 総合判定確率: 0.146 / → ヒモはやや固め。上位2艇以外を切ること', 'tenji_trigger': '展示確認: 1号艇伸び良→そのまま採用。悪→飛び組に差し替え。circle_pct上位2艇に絞り込むこと。'}",,,30.1,逃げ狙い,12.77,38.7,3,,,,,,,,,,,
2025-05-04,丸亀,1,3,平池仁志,B1,31.79,3,△,8.0115,29.6,97,34.8,0.1689,3.6196,,,0,低,96,0,-,,0,26.9,0.6135,0,0,0,0,0,0.6667,0,0,,,C,◎,,0.3243,0.619,,0.3667,A,65,0,◎-○軸 3着3〜4艇流し（10〜15点）,0.5777,"{'is_target': True, 'verdict': '点数絞り', 'max_combo_prob': 0.1056, 'est_top_odds': 12.6, 'circle_concentration': 72.7, 'eligible_count': 8, 'bet_adj': 0, 'reason': 'rel_win1=67.8%（本命度） / 最有力組み合わせ確率: 0.106（推定実オッズ?13倍） / 2着集中度: 上位2艇 72.7%（補正+0.04） / 総合判定確率: 0.146 / → ヒモはやや固め。上位2艇以外を切ること', 'tenji_trigger': '展示確認: 1号艇伸び良→そのまま採用。悪→飛び組に差し替え。circle_pct上位2艇に絞り込むこと。'}",,,30.1,逃げ狙い,12.77,38.7,3,,,,,,,,,,,
2025-05-04,丸亀,1,4,三嶌さら,B2,28.48,4,,7.8808,15,79,24.2,0.1927,4.2424,,,0,低,82,0,差0%,,0,35.1,0.8753,0,0.0455,0,0,0,0,0.25,0,,,D,△,,0.2022,0.576,,0.3667,A,65,0,◎-○軸 3着3〜4艇流し（10〜15点）,0.5777,"{'is_target': True, 'verdict': '点数絞り', 'max_combo_prob': 0.1056, 'est_top_odds': 12.6, 'circle_concentration': 72.7, 'eligible_count': 8, 'bet_adj': 0, 'reason': 'rel_win1=67.8%（本命度） / 最有力組み合わせ確率: 0.106（推定実オッズ?13倍） / 2着集中度: 上位2艇 72.7%（補正+0.04） / 総合判定確率: 0.146 / → ヒモはやや固め。上位2艇以外を切ること', 'tenji_trigger': '展示確認: 1号艇伸び良→そのまま採用。悪→飛び組に差し替え。circle_pct上位2艇に絞り込むこと。'}",,,30.1,逃げ狙い,12.77,38.7,3,,,,,,,,,,,
2025-05-04,丸亀,1,5,嶋田貴支,B1,33.80,5,▲,6.1768,6.4,53,21.1,0.1765,3.7885,,,0,低,134,0,差ま0%,,0,35.7,0.7593,0,0.037,0,0.037,0,0.0174,0.0522,0.1174,,,C,○,,0.2776,0.6045,,0.3667,A,65,0,◎-○軸 3着3〜4艇流し（10〜15点）,0.5777,"{'is_target': True, 'verdict': '点数絞り', 'max_combo_prob': 0.1056, 'est_top_odds': 12.6, 'circle_concentration': 72.7, 'eligible_count': 8, 'bet_adj': 0, 'reason': 'rel_win1=67.8%（本命度） / 最有力組み合わせ確率: 0.106（推定実オッズ?13倍） / 2着集中度: 上位2艇 72.7%（補正+0.04） / 総合判定確率: 0.146 / → ヒモはやや固め。上位2艇以外を切ること', 'tenji_trigger': '展示確認: 1号艇伸び良→そのまま採用。悪→飛び組に差し替え。circle_pct上位2艇に絞り込むこと。'}",,,30.1,逃げ狙い,12.77,38.7,3,,,,,,,,,,,
2025-05-04,丸亀,1,6,越智照浩,B1,27.33,6,,1.3232,5.9,40,20.5,0.1956,4.7051,,,0,低,133,0,-,,0,20.3,0.6328,,,,,,0.2,0.35,0.05,,,E,△,,0.2468,0.563,,0.3667,A,65,0,◎-○軸 3着3〜4艇流し（10〜15点）,0.5777,"{'is_target': True, 'verdict': '点数絞り', 'max_combo_prob': 0.1056, 'est_top_odds': 12.6, 'circle_concentration': 72.7, 'eligible_count': 8, 'bet_adj': 0, 'reason': 'rel_win1=67.8%（本命度） / 最有力組み合わせ確率: 0.106（推定実オッズ?13倍） / 2着集中度: 上位2艇 72.7%（補正+0.04） / 総合判定確率: 0.146 / → ヒモはやや固め。上位2艇以外を切ること', 'tenji_trigger': '展示確認: 1号艇伸び良→そのまま採用。悪→飛び組に差し替え。circle_pct上位2艇に絞り込むこと。'}",,,30.1,逃げ狙い,12.77,38.7,3,,,,,,,,,,,
2025-05-04,丸亀,2,1,松下知幸,B1,33.76,1,◎,49.5944,,0,73.1,0.149,2.5481,,,0,低,152,0,逃1%,,0,65.6,0.9618,0.381,,,,,0.2152,0.1581,0.1962,◎,,C,△,,,0.5965,,0.4706,A,65,0,◎-○軸 3着3〜4艇流し（10〜15点）,0.5777,"{'is_target': True, 'verdict': '参加推奨', 'max_combo_prob': 0.065, 'est_top_odds': 20.5, 'circle_concentration': 79.5, 'eligible_count': 8, 'bet_adj': 2, 'reason': 'rel_win1=49.6%（本命度） / 最有力組み合わせ確率: 0.065（推定実オッズ?20倍） / 2着集中度: 上位2艇 79.5%（補正+0.04） / 総合判定確率: 0.105 / → ヒモ分散。1号艇1着固定で広めのヒモ流し推奨（買い目+2点）', 'tenji_trigger': '展示確認: ヒモ分散レース。1号艇伸び確認後、広めのヒモ流しを採用。穴ヒモ（5・6号艇）を積極的に含める。'}",,,30.1,逃げ狙い,17.2,34.7,3,,,,,0,0,0.7559,0,,逃げ軸流し,A
2025-05-04,丸亀,2,2,門田　栞,B1,39.60,2,,11.1101,34,76,44.1,0.1668,3.6765,,,0,低,76,0,-,,0,97.9,1.9088,,,,,,0.2308,0.3077,0,,,B,,,0.1818,0.5145,,0.4706,A,65,0,◎-○軸 3着3〜4艇流し（10〜15点）,0.5777,"{'is_target': True, 'verdict': '参加推奨', 'max_combo_prob': 0.065, 'est_top_odds': 20.5, 'circle_concentration': 79.5, 'eligible_count': 8, 'bet_adj': 2, 'reason': 'rel_win1=49.6%（本命度） / 最有力組み合わせ確率: 0.065（推定実オッズ?20倍） / 2着集中度: 上位2艇 79.5%（補正+0.04） / 総合判定確率: 0.105 / → ヒモ分散。1号艇1着固定で広めのヒモ流し推奨（買い目+2点）', 'tenji_trigger': '展示確認: ヒモ分散レース。1号艇伸び確認後、広めのヒモ流しを採用。穴ヒモ（5・6号艇）を積極的に含める。'}",,,30.1,逃げ狙い,17.2,34.7,3,,,,,,,,,,,
2025-05-04,丸亀,2,3,竹田和哉,A1,29.73,3,○,25.4824,45.5,100,76.6,0.1462,2.8936,,,0,低,106,0,ま0%,,0,55.3,1.2144,0,0,0.2174,0.0435,0,0.116,0.116,0,,◎,D,○,,0.368,0.6415,,0.4706,A,65,0,◎-○軸 3着3〜4艇流し（10〜15点）,0.5777,"{'is_target': True, 'verdict': '参加推奨', 'max_combo_prob': 0.065, 'est_top_odds': 20.5, 'circle_concentration': 79.5, 'eligible_count': 8, 'bet_adj': 2, 'reason': 'rel_win1=49.6%（本命度） / 最有力組み合わせ確率: 0.065（推定実オッズ?20倍） / 2着集中度: 上位2艇 79.5%（補正+0.04） / 総合判定確率: 0.105 / → ヒモ分散。1号艇1着固定で広めのヒモ流し推奨（買い目+2点）', 'tenji_trigger': '展示確認: ヒモ分散レース。1号艇伸び確認後、広めのヒモ流しを採用。穴ヒモ（5・6号艇）を積極的に含める。'}",,,30.1,逃げ狙い,17.2,34.7,3,,,,,,,,,,,
2025-05-04,丸亀,2,4,三嶌ここ,B1,40.74,4,△,5.8869,12,55,10,0.224,4.8,,,0,低,114,0,-,,0,14.1,0.5868,,,,,,0.0571,0.0571,0.3143,,,B,,,0.1566,0.553,,0.4706,A,65,0,◎-○軸 3着3〜4艇流し（10〜15点）,0.5777,"{'is_target': True, 'verdict': '参加推奨', 'max_combo_prob': 0.065, 'est_top_odds': 20.5, 'circle_concentration': 79.5, 'eligible_count': 8, 'bet_adj': 2, 'reason': 'rel_win1=49.6%（本命度） / 最有力組み合わせ確率: 0.065（推定実オッズ?20倍） / 2着集中度: 上位2艇 79.5%（補正+0.04） / 総合判定確率: 0.105 / → ヒモ分散。1号艇1着固定で広めのヒモ流し推奨（買い目+2点）', 'tenji_trigger': '展示確認: ヒモ分散レース。1号艇伸び確認後、広めのヒモ流しを採用。穴ヒモ（5・6号艇）を積極的に含める。'}",,,30.1,逃げ狙い,17.2,34.7,3,,,,,,,,,,,
2025-05-04,丸亀,2,5,福田雅一,A2,39.86,5,▲,6.4258,6.7,72,38.5,0.1463,3.1731,,,0,低,91,0,差ま1%,,0,36.6,0.7152,0,0,0,0.0909,0,0.2,0.1,0.2,,,B,◎,,0.325,0.66,,0.4706,A,65,0,◎-○軸 3着3〜4艇流し（10〜15点）,0.5777,"{'is_target': True, 'verdict': '参加推奨', 'max_combo_prob': 0.065, 'est_top_odds': 20.5, 'circle_concentration': 79.5, 'eligible_count': 8, 'bet_adj': 2, 'reason': 'rel_win1=49.6%（本命度） / 最有力組み合わせ確率: 0.065（推定実オッズ?20倍） / 2着集中度: 上位2艇 79.5%（補正+0.04） / 総合判定確率: 0.105 / → ヒモ分散。1号艇1着固定で広めのヒモ流し推奨（買い目+2点）', 'tenji_trigger': '展示確認: ヒモ分散レース。1号艇伸び確認後、広めのヒモ流しを採用。穴ヒモ（5・6号艇）を積極的に含める。'}",,,30.1,逃げ狙い,17.2,34.7,3,,,,,,,,,,,
2025-05-04,丸亀,2,6,木村光宏,B1,28.30,6,,1.5004,1.8,61,23.8,0.1876,4.2619,,,0,低,99,0,-,,0,33.4,0.6894,,,,,,0.3952,0.3571,0.0571,,,E,△,,0.2131,0.6335,,0.4706,A,65,0,◎-○軸 3着3〜4艇流し（10〜15点）,0.5777,"{'is_target': True, 'verdict': '参加推奨', 'max_combo_prob': 0.065, 'est_top_odds': 20.5, 'circle_concentration': 79.5, 'eligible_count': 8, 'bet_adj': 2, 'reason': 'rel_win1=49.6%（本命度） / 最有力組み合わせ確率: 0.065（推定実オッズ?20倍） / 2着集中度: 上位2艇 79.5%（補正+0.04） / 総合判定確率: 0.105 / → ヒモ分散。1号艇1着固定で広めのヒモ流し推奨（買い目+2点）', 'tenji_trigger': '展示確認: ヒモ分散レース。1号艇伸び確認後、広めのヒモ流しを採用。穴ヒモ（5・6号艇）を積極的に含める。'}",,,30.1,逃げ狙い,17.2,34.7,3,,,,,,,,,,,
2025-05-04,丸亀,3,1,大西隆洋,B1,39.86,1,◎,47.3003,,0,65.8,0.1397,2.8026,,,0,低,103,0,-,,0,57.8,0.9493,0.1538,,,,,0.3077,0.0769,0.3077,◎,,C,,,,0.6055,,0.4548,B,54,0,◎○△フォーメーション（15〜20点）,0.5777,"{'is_target': True, 'verdict': '参加推奨', 'max_combo_prob': 0.0707, 'est_top_odds': 18.9, 'circle_concentration': 65.3, 'eligible_count': 9, 'bet_adj': 2, 'reason': 'rel_win1=47.3%（本命度） / 最有力組み合わせ確率: 0.071（推定実オッズ?19倍） / 2着集中度: 上位2艇 65.3%（補正+0.00） / 総合判定確率: 0.071 / → ヒモ分散。1号艇1着固定で広めのヒモ流し推奨（買い目+2点）', 'tenji_trigger': '展示確認: ヒモ分散レース。1号艇伸び確認後、広めのヒモ流しを採用。穴ヒモ（5・6号艇）を積極的に含める。\n展示で1号艇スタート超安定(0.140秒)→ヒモ固まり方向に注意'}",,,30.4,両建て推奨,16.46,36.3,5,,,,,0,0,0.7559,0,,逃げ軸流し,A
2025-05-04,丸亀,3,2,森安弘雅,B1,40.67,2,○,16.2261,45.5,74,67.2,0.1793,4.0448,,,0,低,178,0,抜0%,,0,72.6,1.5872,0,0.0938,0.0312,0,0.0312,0.0167,0.1833,0.2,,,B,,,0.115,0.6065,,0.4548,B,54,0,◎○△フォーメーション（15〜20点）,0.5777,"{'is_target': True, 'verdict': '参加推奨', 'max_combo_prob': 0.0707, 'est_top_odds': 18.9, 'circle_concentration': 65.3, 'eligible_count': 9, 'bet_adj': 2, 'reason': 'rel_win1=47.3%（本命度） / 最有力組み合わせ確率: 0.071（推定実オッズ?19倍） / 2着集中度: 上位2艇 65.3%（補正+0.00） / 総合判定確率: 0.071 / → ヒモ分散。1号艇1着固定で広めのヒモ流し推奨（買い目+2点）', 'tenji_trigger': '展示確認: ヒモ分散レース。1号艇伸び確認後、広めのヒモ流しを採用。穴ヒモ（5・6号艇）を積極的に含める。\n展示で1号艇スタート超安定(0.140秒)→ヒモ固まり方向に注意'}",,,30.4,両建て推奨,16.46,36.3,5,,,,,,,,,,,
2025-05-04,丸亀,3,3,宮武英司,B1,29.03,3,,8.2687,19.9,100,50,0.1588,3.4833,,,0,低,89,0,-,,0,52.3,1.3054,0,0,0.0357,0,0,0.4889,0.0222,0.0222,,,E,○,,0.211,0.658,,0.4548,B,54,0,◎○△フォーメーション（15〜20点）,0.5777,"{'is_target': True, 'verdict': '参加推奨', 'max_combo_prob': 0.0707, 'est_top_odds': 18.9, 'circle_concentration': 65.3, 'eligible_count': 9, 'bet_adj': 2, 'reason': 'rel_win1=47.3%（本命度） / 最有力組み合わせ確率: 0.071（推定実オッズ?19倍） / 2着集中度: 上位2艇 65.3%（補正+0.00） / 総合判定確率: 0.071 / → ヒモ分散。1号艇1着固定で広めのヒモ流し推奨（買い目+2点）', 'tenji_trigger': '展示確認: ヒモ分散レース。1号艇伸び確認後、広めのヒモ流しを採用。穴ヒモ（5・6号艇）を積極的に含める。\n展示で1号艇スタート超安定(0.140秒)→ヒモ固まり方向に注意'}",,,30.4,両建て推奨,16.46,36.3,5,,,,,,,,,,,
2025-05-04,丸亀,3,4,西原明生,B1,47.89,4,▲,10.1736,10.3,45,27.4,0.1813,4.2742,,,0,低,192,0,差0%,,0,70.5,1.5221,0,0.04,0,0,0,0.2571,0.2571,0.2762,,,A,△,,0.1323,0.641,,0.4548,B,54,0,◎○△フォーメーション（15〜20点）,0.5777,"{'is_target': True, 'verdict': '参加推奨', 'max_combo_prob': 0.0707, 'est_top_odds': 18.9, 'circle_concentration': 65.3, 'eligible_count': 9, 'bet_adj': 2, 'reason': 'rel_win1=47.3%（本命度） / 最有力組み合わせ確率: 0.071（推定実オッズ?19倍） / 2着集中度: 上位2艇 65.3%（補正+0.00） / 総合判定確率: 0.071 / → ヒモ分散。1号艇1着固定で広めのヒモ流し推奨（買い目+2点）', 'tenji_trigger': '展示確認: ヒモ分散レース。1号艇伸び確認後、広めのヒモ流しを採用。穴ヒモ（5・6号艇）を積極的に含める。\n展示で1号艇スタート超安定(0.140秒)→ヒモ固まり方向に注意'}",,,30.4,両建て推奨,16.46,36.3,5,,,,,,,,,,,
2025-05-04,丸亀,3,5,松尾夏海,A2,33.56,5,△,15.2155,18.1,66,66.7,0.1407,2.9259,,,0,低,45,0,-,,0,100,2.3331,,,,,,,,,,,D,◎,,0.3222,0.684,,0.4548,B,54,0,◎○△フォーメーション（15〜20点）,0.5777,"{'is_target': True, 'verdict': '参加推奨', 'max_combo_prob': 0.0707, 'est_top_odds': 18.9, 'circle_concentration': 65.3, 'eligible_count': 9, 'bet_adj': 2, 'reason': 'rel_win1=47.3%（本命度） / 最有力組み合わせ確率: 0.071（推定実オッズ?19倍） / 2着集中度: 上位2艇 65.3%（補正+0.00） / 総合判定確率: 0.071 / → ヒモ分散。1号艇1着固定で広めのヒモ流し推奨（買い目+2点）', 'tenji_trigger': '展示確認: ヒモ分散レース。1号艇伸び確認後、広めのヒモ流しを採用。穴ヒモ（5・6号艇）を積極的に含める。\n展示で1号艇スタート超安定(0.140秒)→ヒモ固まり方向に注意'}",,,30.4,両建て推奨,16.46,36.3,5,,,,,,,,,,,
2025-05-04,丸亀,3,6,西岡顕心,A1,30.67,6,,2.8158,6.3,93,57.1,0.1771,4.1857,,,0,低,55,0,-,,0,31.6,0.7517,,,,,,0,0.0714,0,,,D,△,,0.2025,0.6245,,0.4548,B,54,0,◎○△フォーメーション（15〜20点）,0.5777,"{'is_target': True, 'verdict': '参加推奨', 'max_combo_prob': 0.0707, 'est_top_odds': 18.9, 'circle_concentration': 65.3, 'eligible_count': 9, 'bet_adj': 2, 'reason': 'rel_win1=47.3%（本命度） / 最有力組み合わせ確率: 0.071（推定実オッズ?19倍） / 2着集中度: 上位2艇 65.3%（補正+0.00） / 総合判定確率: 0.071 / → ヒモ分散。1号艇1着固定で広めのヒモ流し推奨（買い目+2点）', 'tenji_trigger': '展示確認: ヒモ分散レース。1号艇伸び確認後、広めのヒモ流しを採用。穴ヒモ（5・6号艇）を積極的に含める。\n展示で1号艇スタート超安定(0.140秒)→ヒモ固まり方向に注意'}",,,30.4,両建て推奨,16.46,36.3,5,,,,,,,,,,,
2025-05-04,丸亀,4,1,塩田雄一,B1,34.42,1,◎,39.778,,0,62,0.1856,3.79,,,0,低,147,0,逃0%,,0,41.2,0.8403,0.2381,,,,,0.4143,0.0952,0.2071,△,,C,,,,0.5565,,0.228,C,41,0,荒れ傾向。高配当狙いか見送り,0.5777,"{'is_target': False, 'verdict': '対象外', 'max_combo_prob': None, 'est_top_odds': None, 'circle_concentration': None, 'eligible_count': 0, 'bet_adj': 0, 'reason': '1号艇rel_win1 < 45%: 通常判定に委ねる', 'tenji_trigger': ''}",,,39,両建て推奨,21.13,42.5,4,2-1-3|1-2-4|1-2-3|1-2-6|1-3-4|1-3-6,5-1-6|5-6-1|3-5-4|3-4-5|3-4-6|2-1-3|5-1-3|1-2-4|1-2-3|1-2-6|1-3-4|1-3-6,2-1-3:1.86%|1-2-4:8.44%|1-2-3:6.88%|1-2-6:6.66%|1-3-4:5.79%|1-3-6:4.57%,2-1-3:B_main|1-2-4:A|1-2-3:A|1-2-6:A|1-3-4:A|1-3-6:A,6,12,0.4535,1,[!]見送り推奨（主役決まり手「差し」― 逃げ劣勢レースで的中実績なし）,荒れ広め,D
2025-05-04,丸亀,4,2,山本景士,B1,41.03,2,▲,17.6019,47.3,58,56.5,0.1777,4.0726,,,0,低,147,0,差0% ま0%,,0,32.4,0.9902,0,0.0769,0.0385,0,0,0.1091,0.2909,0.0182,,◎,B,○,,0.4563,0.6505,,0.228,C,41,0,荒れ傾向。高配当狙いか見送り,0.5777,"{'is_target': False, 'verdict': '対象外', 'max_combo_prob': None, 'est_top_odds': None, 'circle_concentration': None, 'eligible_count': 0, 'bet_adj': 0, 'reason': '1号艇rel_win1 < 45%: 通常判定に委ねる', 'tenji_trigger': ''}",,,39,両建て推奨,21.13,42.5,4,,,,,,,,,,,
2025-05-04,丸亀,4,3,西丸侑太,A2,33.11,3,,18.5534,25.2,100,72.5,0.1655,3.2375,,,0,低,100,0,-,,0,32.1,0.9573,0,0.0476,0.0476,0.0476,0.0476,0,0.1314,0.0429,,○,D,,,0.425,0.6105,,0.228,C,41,0,荒れ傾向。高配当狙いか見送り,0.5777,"{'is_target': False, 'verdict': '対象外', 'max_combo_prob': None, 'est_top_odds': None, 'circle_concentration': None, 'eligible_count': 0, 'bet_adj': 0, 'reason': '1号艇rel_win1 < 45%: 通常判定に委ねる', 'tenji_trigger': ''}",,,39,両建て推奨,21.13,42.5,4,,,,,,,,,,,
2025-05-04,丸亀,4,4,谷口知優,B1,35.90,4,△,11.8455,18.3,59,38.8,0.1724,3.7347,,,0,低,83,0,差0%,,0,100,2.4364,0,0.1053,0,0,0,0,0.3481,0.1039,,,C,△,◎,0.3614,0.6165,0.249,0.228,C,41,0,荒れ傾向。高配当狙いか見送り,0.5777,"{'is_target': False, 'verdict': '対象外', 'max_combo_prob': None, 'est_top_odds': None, 'circle_concentration': None, 'eligible_count': 0, 'bet_adj': 0, 'reason': '1号艇rel_win1 < 45%: 通常判定に委ねる', 'tenji_trigger': ''}",,,39,両建て推奨,21.13,42.5,4,,,,,,,,,,,
2025-05-04,丸亀,4,5,下田哲也,B1,42.47,5,○,8.7557,5.1,61,27.3,0.1631,3.9091,,,0,低,104,0,-,,0,28.2,0.7993,,,,,,0.3333,0.1667,0.25,,,B,△,,0.398,0.615,,0.228,C,41,0,荒れ傾向。高配当狙いか見送り,0.5777,"{'is_target': False, 'verdict': '対象外', 'max_combo_prob': None, 'est_top_odds': None, 'circle_concentration': None, 'eligible_count': 0, 'bet_adj': 0, 'reason': '1号艇rel_win1 < 45%: 通常判定に委ねる', 'tenji_trigger': ''}",,,39,両建て推奨,21.13,42.5,4,,,,,,,,,,,
2025-05-04,丸亀,4,6,中村晃朋,A1,31.51,6,,3.4655,4.2,72,40,0.163,3.8333,,,0,低,56,0,-,,0,29.9,0.9217,,,,,,0.1745,0,0.1564,,,E,◎,,0.3962,0.678,,0.228,C,41,0,荒れ傾向。高配当狙いか見送り,0.5777,"{'is_target': False, 'verdict': '対象外', 'max_combo_prob': None, 'est_top_odds': None, 'circle_concentration': None, 'eligible_count': 0, 'bet_adj': 0, 'reason': '1号艇rel_win1 < 45%: 通常判定に委ねる', 'tenji_trigger': ''}",,,39,両建て推奨,21.13,42.5,4,,,,,,,,,,,
2025-05-04,丸亀,5,1,妻鳥晋也,B1,38.67,1,◎,40.1598,,0,71,0.1787,4.3947,,,0,低,151,0,逃0%,,0,46.6,0.8204,0.25,,,,,0.25,0.21,0.23,,,C,,,,0.601,,0.1737,D,33,1,大荒れ。見送り推奨,0.5777,"{'is_target': False, 'verdict': '対象外', 'max_combo_prob': None, 'est_top_odds': None, 'circle_concentration': None, 'eligible_count': 0, 'bet_adj': 0, 'reason': '1号艇rel_win1 < 45%: 通常判定に委ねる', 'tenji_trigger': ''}",,,31.9,両建て推奨,19.69,37.8,4,2-1-4|2-1-3|2-1-5|2-3-1|2-4-1|2-3-4|2-4-3|1-2-4|1-2-3|1-4-2,2-1-4|2-1-3|2-1-5|2-3-1|2-4-1|2-3-4|2-4-3|1-2-4|5-1-6|5-6-1|1-2-3|1-4-2,2-1-4:2.79%|2-1-3:1.73%|2-1-5:1.16%|2-3-1:0.58%|2-4-1:0.47%|2-3-4:0.14%|2-4-3:0.07%|1-2-4:6.89%|1-2-3:4.11%|1-4-2:3.74%,2-1-4:B_main|2-1-3:B_main|2-1-5:B_main|2-3-1:B_main|2-4-1:B_main|2-3-4:B_main|2-4-3:B_main|1-2-4:A|1-2-3:A|1-4-2:A,10,12,0.2915,1,[!]見送り推奨（主役決まり手「差し」― 逃げ劣勢レースで的中実績なし）,主役軸流し,B
2025-05-04,丸亀,5,2,中岡正彦,A2,44.59,2,○,13.8156,38.2,89,63.5,0.1477,2.9231,,,0,低,42,0,差0%,,0,45.3,1.0243,0,0.0909,0.1364,0,0,0.1103,0,0.0588,,◎,B,○,,0.6136,0.649,,0.1737,D,33,1,大荒れ。見送り推奨,0.5777,"{'is_target': False, 'verdict': '対象外', 'max_combo_prob': None, 'est_top_odds': None, 'circle_concentration': None, 'eligible_count': 0, 'bet_adj': 0, 'reason': '1号艇rel_win1 < 45%: 通常判定に委ねる', 'tenji_trigger': ''}",,,31.9,両建て推奨,19.69,37.8,4,,,,,,,,,,,
2025-05-04,丸亀,5,3,村岡　賢,B1,41.61,3,,7.8222,14.7,100,35.8,0.1724,3.291,,,0,低,137,0,-,,0,21.5,0.7012,0,0.0333,0,0.0333,0,0.0571,0.2343,0.0762,,,C,△,,0.3466,0.6265,,0.1737,D,33,1,大荒れ。見送り推奨,0.5777,"{'is_target': False, 'verdict': '対象外', 'max_combo_prob': None, 'est_top_odds': None, 'circle_concentration': None, 'eligible_count': 0, 'bet_adj': 0, 'reason': '1号艇rel_win1 < 45%: 通常判定に委ねる', 'tenji_trigger': ''}",,,31.9,両建て推奨,19.69,37.8,4,,,,,,,,,,,
2025-05-04,丸亀,5,4,中村日向,A1,36.36,4,▲,27.5413,27.6,78,79.3,0.1483,2.8103,,,0,低,40,0,差0% ま0% 差ま0% 抜0%,,0,98.6,1.9266,0,0.0909,0.0909,0.2727,0.1818,0.1538,0.0769,0,,○,D,△,◎,0.4924,0.645,0.5884,0.1737,D,33,1,大荒れ。見送り推奨,0.5777,"{'is_target': False, 'verdict': '対象外', 'max_combo_prob': None, 'est_top_odds': None, 'circle_concentration': None, 'eligible_count': 0, 'bet_adj': 0, 'reason': '1号艇rel_win1 < 45%: 通常判定に委ねる', 'tenji_trigger': ''}",,,31.9,両建て推奨,19.69,37.8,4,,,,,,,,,,,
2025-05-04,丸亀,5,5,石井伸長,B1,33.77,5,,7.0085,17.5,51,44,0.1714,3.54,,,0,低,79,0,-,,0,37.5,0.8383,0,0,0.0286,0.0286,0,0,0.5,0.25,,,E,,,0.332,0.5655,,0.1737,D,33,1,大荒れ。見送り推奨,0.5777,"{'is_target': False, 'verdict': '対象外', 'max_combo_prob': None, 'est_top_odds': None, 'circle_concentration': None, 'eligible_count': 0, 'bet_adj': 0, 'reason': '1号艇rel_win1 < 45%: 通常判定に委ねる', 'tenji_trigger': ''}",,,31.9,両建て推奨,19.69,37.8,4,,,,,,,,,,,
2025-05-04,丸亀,5,6,村越　篤,A2,49.65,6,△,3.6526,2,48,21.8,0.184,4.4364,,,0,低,142,0,-,,0,33.2,0.8094,0,0.04,0,0,0,0.2516,0.0129,0.0774,,,A,◎,,0.2971,0.667,,0.1737,D,33,1,大荒れ。見送り推奨,0.5777,"{'is_target': False, 'verdict': '対象外', 'max_combo_prob': None, 'est_top_odds': None, 'circle_concentration': None, 'eligible_count': 0, 'bet_adj': 0, 'reason': '1号艇rel_win1 < 45%: 通常判定に委ねる', 'tenji_trigger': ''}",,,31.9,両建て推奨,19.69,37.8,4,,,,,,,,,,,
2025-05-04,丸亀,6,1,小野寺智,A2,36.73,1,◎,54.5237,,0,87.7,0.1182,2.5411,,,0,低,79,0,逃1%,,0,87.6,1.2603,0.4348,,,,,0.1217,0.0174,0.3096,◎,,C,△,,,0.6185,,0.5171,S,88,0,◎1着固定 2-3着流し（5〜8点）,0.5777,"{'is_target': True, 'verdict': '参加推奨', 'max_combo_prob': 0.0964, 'est_top_odds': 13.8, 'circle_concentration': 66.3, 'eligible_count': 6, 'bet_adj': 2, 'reason': 'rel_win1=54.5%（本命度） / 最有力組み合わせ確率: 0.096（推定実オッズ?14倍） / 2着集中度: 上位2艇 66.3%（補正+0.00） / 総合判定確率: 0.096 / → ヒモ分散。1号艇1着固定で広めのヒモ流し推奨（買い目+2点）', 'tenji_trigger': '展示確認: ヒモ分散レース。1号艇伸び確認後、広めのヒモ流しを採用。穴ヒモ（5・6号艇）を積極的に含める。\n展示で1号艇スタート超安定(0.118秒)→ヒモ固まり方向に注意'}",,,28.2,逃げ狙い,18.06,28.7,4,,,,,0,0,0.7559,0,,逃げ軸流し,A
2025-05-04,丸亀,6,2,川上清人,B1,48.15,2,▲,8.8435,27.2,44,38.2,0.1868,4.0809,,,0,低,150,0,-,,0,98.1,0.7845,0,0.037,0.037,0,0,0.3733,0.0381,0.1962,,,A,△,,0.0755,0.595,,0.5171,S,88,0,◎1着固定 2-3着流し（5〜8点）,0.5777,"{'is_target': True, 'verdict': '参加推奨', 'max_combo_prob': 0.0964, 'est_top_odds': 13.8, 'circle_concentration': 66.3, 'eligible_count': 6, 'bet_adj': 2, 'reason': 'rel_win1=54.5%（本命度） / 最有力組み合わせ確率: 0.096（推定実オッズ?14倍） / 2着集中度: 上位2艇 66.3%（補正+0.00） / 総合判定確率: 0.096 / → ヒモ分散。1号艇1着固定で広めのヒモ流し推奨（買い目+2点）', 'tenji_trigger': '展示確認: ヒモ分散レース。1号艇伸び確認後、広めのヒモ流しを採用。穴ヒモ（5・6号艇）を積極的に含める。\n展示で1号艇スタート超安定(0.118秒)→ヒモ固まり方向に注意'}",,,28.2,逃げ狙い,18.06,28.7,4,,,,,,,,,,,
2025-05-04,丸亀,6,3,松尾　祭,A2,45.03,3,○,16.5798,30.6,100,68.8,0.1472,2.8689,,,0,低,144,0,-,,0,74.9,1.6637,0,0.0294,0.0294,0.0882,0,0.1086,0.0654,0.2501,,,B,○,,0.1614,0.6215,,0.5171,S,88,0,◎1着固定 2-3着流し（5〜8点）,0.5777,"{'is_target': True, 'verdict': '参加推奨', 'max_combo_prob': 0.0964, 'est_top_odds': 13.8, 'circle_concentration': 66.3, 'eligible_count': 6, 'bet_adj': 2, 'reason': 'rel_win1=54.5%（本命度） / 最有力組み合わせ確率: 0.096（推定実オッズ?14倍） / 2着集中度: 上位2艇 66.3%（補正+0.00） / 総合判定確率: 0.096 / → ヒモ分散。1号艇1着固定で広めのヒモ流し推奨（買い目+2点）', 'tenji_trigger': '展示確認: ヒモ分散レース。1号艇伸び確認後、広めのヒモ流しを採用。穴ヒモ（5・6号艇）を積極的に含める。\n展示で1号艇スタート超安定(0.118秒)→ヒモ固まり方向に注意'}",,,28.2,逃げ狙い,18.06,28.7,4,,,,,,,,,,,
2025-05-04,丸亀,6,4,片岡雅裕,A1,34.46,4,△,14.5414,35.7,71,94.7,0.1032,1.8684,,,0,低,5,0,差0% 差ま0%,,0,46.7,1.0398,0,0.1,0,0.2,0,0.0286,0,0.3571,,,D,◎,◎,0.3803,0.8292,0.6395,0.5171,S,88,0,◎1着固定 2-3着流し（5〜8点）,0.5777,"{'is_target': True, 'verdict': '参加推奨', 'max_combo_prob': 0.0964, 'est_top_odds': 13.8, 'circle_concentration': 66.3, 'eligible_count': 6, 'bet_adj': 2, 'reason': 'rel_win1=54.5%（本命度） / 最有力組み合わせ確率: 0.096（推定実オッズ?14倍） / 2着集中度: 上位2艇 66.3%（補正+0.00） / 総合判定確率: 0.096 / → ヒモ分散。1号艇1着固定で広めのヒモ流し推奨（買い目+2点）', 'tenji_trigger': '展示確認: ヒモ分散レース。1号艇伸び確認後、広めのヒモ流しを採用。穴ヒモ（5・6号艇）を積極的に含める。\n展示で1号艇スタート超安定(0.118秒)→ヒモ固まり方向に注意'}",,,28.2,逃げ狙い,18.06,28.7,4,,,,,,,,,,,
2025-05-04,丸亀,6,5,大廣咲季,B1,36.91,5,,4.415,4.9,37,8,0.1836,4.02,,,0,低,81,0,-,,0,29.6,0.64,0,0.0526,0,0,0,0.3333,0.3333,0,,,C,,,0.1083,0.543,,0.5171,S,88,0,◎1着固定 2-3着流し（5〜8点）,0.5777,"{'is_target': True, 'verdict': '参加推奨', 'max_combo_prob': 0.0964, 'est_top_odds': 13.8, 'circle_concentration': 66.3, 'eligible_count': 6, 'bet_adj': 2, 'reason': 'rel_win1=54.5%（本命度） / 最有力組み合わせ確率: 0.096（推定実オッズ?14倍） / 2着集中度: 上位2艇 66.3%（補正+0.00） / 総合判定確率: 0.096 / → ヒモ分散。1号艇1着固定で広めのヒモ流し推奨（買い目+2点）', 'tenji_trigger': '展示確認: ヒモ分散レース。1号艇伸び確認後、広めのヒモ流しを採用。穴ヒモ（5・6号艇）を積極的に含める。\n展示で1号艇スタート超安定(0.118秒)→ヒモ固まり方向に注意'}",,,28.2,逃げ狙い,18.06,28.7,4,,,,,,,,,,,
2025-05-04,丸亀,6,6,中岡　駿,B2,32.89,6,,1.0966,1.6,21,6.2,0.2055,4.3615,,,0,低,40,0,-,,0,29.6,2.15,,,,,,,,,,,E,,,0.1412,0.482,,0.5171,S,88,0,◎1着固定 2-3着流し（5〜8点）,0.5777,"{'is_target': True, 'verdict': '参加推奨', 'max_combo_prob': 0.0964, 'est_top_odds': 13.8, 'circle_concentration': 66.3, 'eligible_count': 6, 'bet_adj': 2, 'reason': 'rel_win1=54.5%（本命度） / 最有力組み合わせ確率: 0.096（推定実オッズ?14倍） / 2着集中度: 上位2艇 66.3%（補正+0.00） / 総合判定確率: 0.096 / → ヒモ分散。1号艇1着固定で広めのヒモ流し推奨（買い目+2点）', 'tenji_trigger': '展示確認: ヒモ分散レース。1号艇伸び確認後、広めのヒモ流しを採用。穴ヒモ（5・6号艇）を積極的に含める。\n展示で1号艇スタート超安定(0.118秒)→ヒモ固まり方向に注意'}",,,28.2,逃げ狙い,18.06,28.7,4,,,,,,,,,,,
2025-05-04,丸亀,7,1,濱野斗馬,A2,35.38,1,◎,56.966,,0,94.4,0.118,1.9907,,,0,低,40,0,逃1%,,0,71.1,1.065,0.7419,,,,,0.0968,0,0.0323,◎,,C,△,,,0.638,,0.7438,S,100,0,◎1着固定 2-3着流し（5〜8点）,0.5777,"{'is_target': True, 'verdict': '点数絞り', 'max_combo_prob': 0.136, 'est_top_odds': 9.8, 'circle_concentration': 78.5, 'eligible_count': 6, 'bet_adj': 0, 'reason': 'rel_win1=57.0%（本命度） / 最有力組み合わせ確率: 0.136（推定実オッズ?10倍） / 2着集中度: 上位2艇 78.5%（補正+0.04） / 総合判定確率: 0.176 / → ヒモはやや固め。上位2艇以外を切ること', 'tenji_trigger': '展示確認: 1号艇伸び良→そのまま採用。悪→飛び組に差し替え。circle_pct上位2艇に絞り込むこと。\n展示で1号艇スタート超安定(0.118秒)→ヒモ固まり方向に注意'}",,,28,逃げ狙い,23.24,23.5,5,,,,,0,0,0.7559,0,,逃げ軸流し,A
2025-05-04,丸亀,7,2,木谷賢太,A1,32.26,2,△,14.1345,65.6,92,76.4,0.152,3.5909,,,0,低,107,0,差0%,,0,56.5,0.8893,0,0.25,0.0357,0,0,0.0343,0.0114,0.1957,,,D,◎,,0.1059,0.663,,0.7438,S,100,0,◎1着固定 2-3着流し（5〜8点）,0.5777,"{'is_target': True, 'verdict': '点数絞り', 'max_combo_prob': 0.136, 'est_top_odds': 9.8, 'circle_concentration': 78.5, 'eligible_count': 6, 'bet_adj': 0, 'reason': 'rel_win1=57.0%（本命度） / 最有力組み合わせ確率: 0.136（推定実オッズ?10倍） / 2着集中度: 上位2艇 78.5%（補正+0.04） / 総合判定確率: 0.176 / → ヒモはやや固め。上位2艇以外を切ること', 'tenji_trigger': '展示確認: 1号艇伸び良→そのまま採用。悪→飛び組に差し替え。circle_pct上位2艇に絞り込むこと。\n展示で1号艇スタート超安定(0.118秒)→ヒモ固まり方向に注意'}",,,28,逃げ狙い,23.24,23.5,5,,,,,,,,,,,
2025-05-04,丸亀,7,3,越智照浩,B1,27.33,3,,4.8986,11.7,100,26.9,0.1806,3.7596,,,0,低,133,0,-,,0,43,1.1017,0,0.0323,0,0,0,0.2,0.35,0.05,,,E,,,0.098,0.563,,0.7438,S,100,0,◎1着固定 2-3着流し（5〜8点）,0.5777,"{'is_target': True, 'verdict': '点数絞り', 'max_combo_prob': 0.136, 'est_top_odds': 9.8, 'circle_concentration': 78.5, 'eligible_count': 6, 'bet_adj': 0, 'reason': 'rel_win1=57.0%（本命度） / 最有力組み合わせ確率: 0.136（推定実オッズ?10倍） / 2着集中度: 上位2艇 78.5%（補正+0.04） / 総合判定確率: 0.176 / → ヒモはやや固め。上位2艇以外を切ること', 'tenji_trigger': '展示確認: 1号艇伸び良→そのまま採用。悪→飛び組に差し替え。circle_pct上位2艇に絞り込むこと。\n展示で1号艇スタート超安定(0.118秒)→ヒモ固まり方向に注意'}",,,28,逃げ狙い,23.24,23.5,5,,,,,,,,,,,
2025-05-04,丸亀,7,4,松下知幸,B1,33.76,4,,6.1853,9.4,67,27,0.1722,3.6429,,,0,低,152,0,-,,0,100,1.9843,0,0.0435,0.0435,0.0435,0,0.2152,0.1581,0.1962,,,C,,,0.1164,0.5965,,0.7438,S,100,0,◎1着固定 2-3着流し（5〜8点）,0.5777,"{'is_target': True, 'verdict': '点数絞り', 'max_combo_prob': 0.136, 'est_top_odds': 9.8, 'circle_concentration': 78.5, 'eligible_count': 6, 'bet_adj': 0, 'reason': 'rel_win1=57.0%（本命度） / 最有力組み合わせ確率: 0.136（推定実オッズ?10倍） / 2着集中度: 上位2艇 78.5%（補正+0.04） / 総合判定確率: 0.176 / → ヒモはやや固め。上位2艇以外を切ること', 'tenji_trigger': '展示確認: 1号艇伸び良→そのまま採用。悪→飛び組に差し替え。circle_pct上位2艇に絞り込むこと。\n展示で1号艇スタート超安定(0.118秒)→ヒモ固まり方向に注意'}",,,28,逃げ狙い,23.24,23.5,5,,,,,,,,,,,
2025-05-04,丸亀,7,5,重成一人,A1,40.43,5,○,15.3932,12.8,80,64.5,0.1435,2.7742,,,0,低,51,0,差ま0% 抜0%,,0,39.3,1.1562,0,0,0,0.3158,0.1053,0.0533,0.2533,0.0133,,,B,△,◎,0.2706,0.6315,0.5869,0.7438,S,100,0,◎1着固定 2-3着流し（5〜8点）,0.5777,"{'is_target': True, 'verdict': '点数絞り', 'max_combo_prob': 0.136, 'est_top_odds': 9.8, 'circle_concentration': 78.5, 'eligible_count': 6, 'bet_adj': 0, 'reason': 'rel_win1=57.0%（本命度） / 最有力組み合わせ確率: 0.136（推定実オッズ?10倍） / 2着集中度: 上位2艇 78.5%（補正+0.04） / 総合判定確率: 0.176 / → ヒモはやや固め。上位2艇以外を切ること', 'tenji_trigger': '展示確認: 1号艇伸び良→そのまま採用。悪→飛び組に差し替え。circle_pct上位2艇に絞り込むこと。\n展示で1号艇スタート超安定(0.118秒)→ヒモ固まり方向に注意'}",,,28,逃げ狙い,23.24,23.5,5,,,,,,,,,,,
2025-05-04,丸亀,7,6,西原明生,B1,47.89,6,▲,2.4225,0.4,28,12.8,0.2204,5.0745,,,0,低,192,0,-,,0,27.3,0.6572,,,,,,0.2571,0.2571,0.2762,,,A,○,,0.1301,0.641,,0.7438,S,100,0,◎1着固定 2-3着流し（5〜8点）,0.5777,"{'is_target': True, 'verdict': '点数絞り', 'max_combo_prob': 0.136, 'est_top_odds': 9.8, 'circle_concentration': 78.5, 'eligible_count': 6, 'bet_adj': 0, 'reason': 'rel_win1=57.0%（本命度） / 最有力組み合わせ確率: 0.136（推定実オッズ?10倍） / 2着集中度: 上位2艇 78.5%（補正+0.04） / 総合判定確率: 0.176 / → ヒモはやや固め。上位2艇以外を切ること', 'tenji_trigger': '展示確認: 1号艇伸び良→そのまま採用。悪→飛び組に差し替え。circle_pct上位2艇に絞り込むこと。\n展示で1号艇スタート超安定(0.118秒)→ヒモ固まり方向に注意'}",,,28,逃げ狙い,23.24,23.5,5,,,,,,,,,,,
2025-05-04,丸亀,8,1,平高奈菜,A1,30.32,1,◎,66.3276,,0,94.3,0.1354,2.7286,,,0,低,46,0,逃1%,,0,84.3,1.0416,0.6,,,,,0.2,0,0.1333,◎,,C,○,,,0.6215,,0.5669,S,90,0,◎1着固定 2-3着流し（5〜8点）,0.5777,"{'is_target': True, 'verdict': '参加推奨', 'max_combo_prob': 0.0998, 'est_top_odds': 13.4, 'circle_concentration': 69.2, 'eligible_count': 6, 'bet_adj': 2, 'reason': 'rel_win1=66.3%（本命度） / 最有力組み合わせ確率: 0.100（推定実オッズ?13倍） / 2着集中度: 上位2艇 69.2%（補正+0.00） / 総合判定確率: 0.100 / → ヒモ分散。1号艇1着固定で広めのヒモ流し推奨（買い目+2点）', 'tenji_trigger': '展示確認: ヒモ分散レース。1号艇伸び確認後、広めのヒモ流しを採用。穴ヒモ（5・6号艇）を積極的に含める。\n展示で1号艇スタート超安定(0.135秒)→ヒモ固まり方向に注意'}",,,27.7,逃げ狙い,16.53,28.5,3,,,,,0,0,0.7559,0,,逃げ軸流し,A
2025-05-04,丸亀,8,2,松尾夏海,A2,33.56,2,△,10.391,40.3,100,64.5,0.1616,3.2903,,,0,低,45,0,-,,0,49.5,1.0128,0,0.1,0,0,0,,,,,,B,◎,,0.0722,0.684,,0.5669,S,90,0,◎1着固定 2-3着流し（5〜8点）,0.5777,"{'is_target': True, 'verdict': '参加推奨', 'max_combo_prob': 0.0998, 'est_top_odds': 13.4, 'circle_concentration': 69.2, 'eligible_count': 6, 'bet_adj': 2, 'reason': 'rel_win1=66.3%（本命度） / 最有力組み合わせ確率: 0.100（推定実オッズ?13倍） / 2着集中度: 上位2艇 69.2%（補正+0.00） / 総合判定確率: 0.100 / → ヒモ分散。1号艇1着固定で広めのヒモ流し推奨（買い目+2点）', 'tenji_trigger': '展示確認: ヒモ分散レース。1号艇伸び確認後、広めのヒモ流しを採用。穴ヒモ（5・6号艇）を積極的に含める。\n展示で1号艇スタート超安定(0.135秒)→ヒモ固まり方向に注意'}",,,27.7,逃げ狙い,16.53,28.5,3,,,,,,,,,,,
2025-05-04,丸亀,8,3,中村桃佳,B2,29.14,3,▲,11.5768,28.9,76,56,0.1196,2.24,,,0,低,41,0,ま0%,,0,29.8,0.8138,0,0.05,0.1,0,0.05,0.0471,0.0706,0.2706,,◎,D,△,,0.3755,0.6205,,0.5669,S,90,0,◎1着固定 2-3着流し（5〜8点）,0.5777,"{'is_target': True, 'verdict': '参加推奨', 'max_combo_prob': 0.0998, 'est_top_odds': 13.4, 'circle_concentration': 69.2, 'eligible_count': 6, 'bet_adj': 2, 'reason': 'rel_win1=66.3%（本命度） / 最有力組み合わせ確率: 0.100（推定実オッズ?13倍） / 2着集中度: 上位2艇 69.2%（補正+0.00） / 総合判定確率: 0.100 / → ヒモ分散。1号艇1着固定で広めのヒモ流し推奨（買い目+2点）', 'tenji_trigger': '展示確認: ヒモ分散レース。1号艇伸び確認後、広めのヒモ流しを採用。穴ヒモ（5・6号艇）を積極的に含める。\n展示で1号艇スタート超安定(0.135秒)→ヒモ固まり方向に注意'}",,,27.7,逃げ狙い,16.53,28.5,3,,,,,,,,,,,
2025-05-04,丸亀,8,4,山田理央,A2,26.90,4,,7.7503,19.6,93,53.8,0.1582,3.1923,,,0,低,62,0,-,,0,55.6,1.0443,0,0.0625,0.0625,0.0625,0,0.0444,0.1444,0.0222,,,E,△,◎,0.2081,0.6,0.3595,0.5669,S,90,0,◎1着固定 2-3着流し（5〜8点）,0.5777,"{'is_target': True, 'verdict': '参加推奨', 'max_combo_prob': 0.0998, 'est_top_odds': 13.4, 'circle_concentration': 69.2, 'eligible_count': 6, 'bet_adj': 2, 'reason': 'rel_win1=66.3%（本命度） / 最有力組み合わせ確率: 0.100（推定実オッズ?13倍） / 2着集中度: 上位2艇 69.2%（補正+0.00） / 総合判定確率: 0.100 / → ヒモ分散。1号艇1着固定で広めのヒモ流し推奨（買い目+2点）', 'tenji_trigger': '展示確認: ヒモ分散レース。1号艇伸び確認後、広めのヒモ流しを採用。穴ヒモ（5・6号艇）を積極的に含める。\n展示で1号艇スタート超安定(0.135秒)→ヒモ固まり方向に注意'}",,,27.7,逃げ狙い,16.53,28.5,3,,,,,,,,,,,
2025-05-04,丸亀,8,5,門田　栞,B1,39.60,5,○,2.9943,9.9,65,25.7,0.1537,3.1143,,,0,低,76,0,差ま0%,,0,65,1.1479,0,0,0,0.0714,0,0.2308,0.3077,0,,,B,,,0.2315,0.5145,,0.5669,S,90,0,◎1着固定 2-3着流し（5〜8点）,0.5777,"{'is_target': True, 'verdict': '参加推奨', 'max_combo_prob': 0.0998, 'est_top_odds': 13.4, 'circle_concentration': 69.2, 'eligible_count': 6, 'bet_adj': 2, 'reason': 'rel_win1=66.3%（本命度） / 最有力組み合わせ確率: 0.100（推定実オッズ?13倍） / 2着集中度: 上位2艇 69.2%（補正+0.00） / 総合判定確率: 0.100 / → ヒモ分散。1号艇1着固定で広めのヒモ流し推奨（買い目+2点）', 'tenji_trigger': '展示確認: ヒモ分散レース。1号艇伸び確認後、広めのヒモ流しを採用。穴ヒモ（5・6号艇）を積極的に含める。\n展示で1号艇スタート超安定(0.135秒)→ヒモ固まり方向に注意'}",,,27.7,逃げ狙い,16.53,28.5,3,,,,,,,,,,,
2025-05-04,丸亀,8,6,三嶌さら,B2,28.48,6,,0.96,1.3,15,3,0.1863,4.0152,,,0,低,82,0,-,,0,25.6,0.635,,,,,,0,0.25,0,,,D,,,0.1508,0.576,,0.5669,S,90,0,◎1着固定 2-3着流し（5〜8点）,0.5777,"{'is_target': True, 'verdict': '参加推奨', 'max_combo_prob': 0.0998, 'est_top_odds': 13.4, 'circle_concentration': 69.2, 'eligible_count': 6, 'bet_adj': 2, 'reason': 'rel_win1=66.3%（本命度） / 最有力組み合わせ確率: 0.100（推定実オッズ?13倍） / 2着集中度: 上位2艇 69.2%（補正+0.00） / 総合判定確率: 0.100 / → ヒモ分散。1号艇1着固定で広めのヒモ流し推奨（買い目+2点）', 'tenji_trigger': '展示確認: ヒモ分散レース。1号艇伸び確認後、広めのヒモ流しを採用。穴ヒモ（5・6号艇）を積極的に含める。\n展示で1号艇スタート超安定(0.135秒)→ヒモ固まり方向に注意'}",,,27.7,逃げ狙い,16.53,28.5,3,,,,,,,,,,,
2025-05-04,丸亀,9,1,竹田和哉,A1,29.73,1,◎,63.018,,0,92,0.1376,2.7933,,,0,低,106,0,逃0% 抜0%,,0,81.1,1.1791,0.7692,,,,,0.116,0.116,0,◎,,D,△,,,0.6415,,0.6579,S,88,0,◎1着固定 2-3着流し（5〜8点）,0.5777,"{'is_target': True, 'verdict': '点数絞り', 'max_combo_prob': 0.1243, 'est_top_odds': 10.7, 'circle_concentration': 75.5, 'eligible_count': 6, 'bet_adj': 0, 'reason': 'rel_win1=63.0%（本命度） / 最有力組み合わせ確率: 0.124（推定実オッズ?11倍） / 2着集中度: 上位2艇 75.5%（補正+0.04） / 総合判定確率: 0.164 / → ヒモはやや固め。上位2艇以外を切ること', 'tenji_trigger': '展示確認: 1号艇伸び良→そのまま採用。悪→飛び組に差し替え。circle_pct上位2艇に絞り込むこと。\n展示で1号艇スタート超安定(0.138秒)→ヒモ固まり方向に注意'}",,,27.2,逃げ狙い,16.07,27.4,2,,,,,0,0,0.7559,0,,逃げ軸流し,A
2025-05-04,丸亀,9,2,川原祐明,A2,37.74,2,▲,18.1417,46.3,66,72.2,0.1478,3.3611,,,0,低,110,0,差0% ま0%,,0,96.9,0.9907,0,0.087,0.2609,0,0,0.0276,0.1014,0.0138,,,C,,,0.2405,0.6185,,0.6579,S,88,0,◎1着固定 2-3着流し（5〜8点）,0.5777,"{'is_target': True, 'verdict': '点数絞り', 'max_combo_prob': 0.1243, 'est_top_odds': 10.7, 'circle_concentration': 75.5, 'eligible_count': 6, 'bet_adj': 0, 'reason': 'rel_win1=63.0%（本命度） / 最有力組み合わせ確率: 0.124（推定実オッズ?11倍） / 2着集中度: 上位2艇 75.5%（補正+0.04） / 総合判定確率: 0.164 / → ヒモはやや固め。上位2艇以外を切ること', 'tenji_trigger': '展示確認: 1号艇伸び良→そのまま採用。悪→飛び組に差し替え。circle_pct上位2艇に絞り込むこと。\n展示で1号艇スタート超安定(0.138秒)→ヒモ固まり方向に注意'}",,,27.2,逃げ狙い,16.07,27.4,2,,,,,,,,,,,
2025-05-04,丸亀,9,3,嶋田貴支,B1,33.80,3,,6.5631,29.1,68,54.4,0.1676,3.3162,,,0,低,134,0,-,,0,88.8,1.91,0,0.0312,0,0.0312,0,0.0174,0.0522,0.1174,,,C,,,0.1278,0.6045,,0.6579,S,88,0,◎1着固定 2-3着流し（5〜8点）,0.5777,"{'is_target': True, 'verdict': '点数絞り', 'max_combo_prob': 0.1243, 'est_top_odds': 10.7, 'circle_concentration': 75.5, 'eligible_count': 6, 'bet_adj': 0, 'reason': 'rel_win1=63.0%（本命度） / 最有力組み合わせ確率: 0.124（推定実オッズ?11倍） / 2着集中度: 上位2艇 75.5%（補正+0.04） / 総合判定確率: 0.164 / → ヒモはやや固め。上位2艇以外を切ること', 'tenji_trigger': '展示確認: 1号艇伸び良→そのまま採用。悪→飛び組に差し替え。circle_pct上位2艇に絞り込むこと。\n展示で1号艇スタート超安定(0.138秒)→ヒモ固まり方向に注意'}",,,27.2,逃げ狙い,16.07,27.4,2,,,,,,,,,,,
2025-05-04,丸亀,9,4,村越　篤,A2,49.65,4,○,8.246,16.9,100,63.2,0.1626,3.4737,,,0,低,142,0,ま0%,,0,42.4,0.993,0,0.0385,0.0385,0,0,0.2516,0.0129,0.0774,,,A,◎,◎,0.1896,0.667,0.3727,0.6579,S,88,0,◎1着固定 2-3着流し（5〜8点）,0.5777,"{'is_target': True, 'verdict': '点数絞り', 'max_combo_prob': 0.1243, 'est_top_odds': 10.7, 'circle_concentration': 75.5, 'eligible_count': 6, 'bet_adj': 0, 'reason': 'rel_win1=63.0%（本命度） / 最有力組み合わせ確率: 0.124（推定実オッズ?11倍） / 2着集中度: 上位2艇 75.5%（補正+0.04） / 総合判定確率: 0.164 / → ヒモはやや固め。上位2艇以外を切ること', 'tenji_trigger': '展示確認: 1号艇伸び良→そのまま採用。悪→飛び組に差し替え。circle_pct上位2艇に絞り込むこと。\n展示で1号艇スタート超安定(0.138秒)→ヒモ固まり方向に注意'}",,,27.2,逃げ狙い,16.07,27.4,2,,,,,,,,,,,
2025-05-04,丸亀,9,5,山本景士,B1,41.03,5,△,3.0614,6.9,33,24.2,0.1934,4.2339,,,0,低,147,0,-,,0,31.2,0.7588,,,,,,0.1091,0.2909,0.0182,,,B,△,,0.1384,0.6505,,0.6579,S,88,0,◎1着固定 2-3着流し（5〜8点）,0.5777,"{'is_target': True, 'verdict': '点数絞り', 'max_combo_prob': 0.1243, 'est_top_odds': 10.7, 'circle_concentration': 75.5, 'eligible_count': 6, 'bet_adj': 0, 'reason': 'rel_win1=63.0%（本命度） / 最有力組み合わせ確率: 0.124（推定実オッズ?11倍） / 2着集中度: 上位2艇 75.5%（補正+0.04） / 総合判定確率: 0.164 / → ヒモはやや固め。上位2艇以外を切ること', 'tenji_trigger': '展示確認: 1号艇伸び良→そのまま採用。悪→飛び組に差し替え。circle_pct上位2艇に絞り込むこと。\n展示で1号艇スタート超安定(0.138秒)→ヒモ固まり方向に注意'}",,,27.2,逃げ狙い,16.07,27.4,2,,,,,,,,,,,
2025-05-04,丸亀,9,6,宮武英司,B1,29.03,6,,0.9697,0.7,34,23.3,0.1781,4.1628,,,0,低,89,0,-,,0,40.4,2.0189,,,,,,0.4889,0.0222,0.0222,,,E,○,,0.1811,0.658,,0.6579,S,88,0,◎1着固定 2-3着流し（5〜8点）,0.5777,"{'is_target': True, 'verdict': '点数絞り', 'max_combo_prob': 0.1243, 'est_top_odds': 10.7, 'circle_concentration': 75.5, 'eligible_count': 6, 'bet_adj': 0, 'reason': 'rel_win1=63.0%（本命度） / 最有力組み合わせ確率: 0.124（推定実オッズ?11倍） / 2着集中度: 上位2艇 75.5%（補正+0.04） / 総合判定確率: 0.164 / → ヒモはやや固め。上位2艇以外を切ること', 'tenji_trigger': '展示確認: 1号艇伸び良→そのまま採用。悪→飛び組に差し替え。circle_pct上位2艇に絞り込むこと。\n展示で1号艇スタート超安定(0.138秒)→ヒモ固まり方向に注意'}",,,27.2,逃げ狙い,16.07,27.4,2,,,,,,,,,,,
2025-05-04,丸亀,10,1,宮崎　奨,A1,24.67,1,◎,63.5444,,0,95,0.1571,2.8625,,,0,低,134,0,逃1%,,0,76.6,1.0385,0.5429,,,,,0.0343,0.1571,0.2686,◎,,E,◎,,,0.658,,0.524,S,80,0,◎1着固定 2-3着流し（5〜8点）,0.5777,"{'is_target': True, 'verdict': '点数絞り', 'max_combo_prob': 0.0995, 'est_top_odds': 13.4, 'circle_concentration': 75.7, 'eligible_count': 6, 'bet_adj': 0, 'reason': 'rel_win1=63.5%（本命度） / 最有力組み合わせ確率: 0.100（推定実オッズ?13倍） / 2着集中度: 上位2艇 75.7%（補正+0.04） / 総合判定確率: 0.140 / → ヒモはやや固め。上位2艇以外を切ること', 'tenji_trigger': '展示確認: 1号艇伸び良→そのまま採用。悪→飛び組に差し替え。circle_pct上位2艇に絞り込むこと。'}",,,27.7,逃げ狙い,14.26,30.4,3,,,,,0,0,0.7559,0,,逃げ軸流し,A
2025-05-04,丸亀,10,2,中越博紀,A2,36.81,2,△,8.5434,41.5,73,57.4,0.178,3.9672,,,0,低,130,0,-,,0,73.7,0.9891,0,0.0357,0,0,0,0.0296,0.3593,0.0593,,,B,△,,0.1025,0.6195,,0.524,S,80,0,◎1着固定 2-3着流し（5〜8点）,0.5777,"{'is_target': True, 'verdict': '点数絞り', 'max_combo_prob': 0.0995, 'est_top_odds': 13.4, 'circle_concentration': 75.7, 'eligible_count': 6, 'bet_adj': 0, 'reason': 'rel_win1=63.5%（本命度） / 最有力組み合わせ確率: 0.100（推定実オッズ?13倍） / 2着集中度: 上位2艇 75.7%（補正+0.04） / 総合判定確率: 0.140 / → ヒモはやや固め。上位2艇以外を切ること', 'tenji_trigger': '展示確認: 1号艇伸び良→そのまま採用。悪→飛び組に差し替え。circle_pct上位2艇に絞り込むこと。'}",,,27.7,逃げ狙い,14.26,30.4,3,,,,,,,,,,,
2025-05-04,丸亀,10,3,近江翔吾,A1,45.07,3,○,18.1492,34.2,100,76.1,0.1315,2.5,,,0,低,52,0,ま0% 差ま0%,,0,46.2,1.1144,0,0,0.0909,0.0909,0.0455,0.0811,0.0541,0.027,,◎,A,○,,0.4505,0.6415,,0.524,S,80,0,◎1着固定 2-3着流し（5〜8点）,0.5777,"{'is_target': True, 'verdict': '点数絞り', 'max_combo_prob': 0.0995, 'est_top_odds': 13.4, 'circle_concentration': 75.7, 'eligible_count': 6, 'bet_adj': 0, 'reason': 'rel_win1=63.5%（本命度） / 最有力組み合わせ確率: 0.100（推定実オッズ?13倍） / 2着集中度: 上位2艇 75.7%（補正+0.04） / 総合判定確率: 0.140 / → ヒモはやや固め。上位2艇以外を切ること', 'tenji_trigger': '展示確認: 1号艇伸び良→そのまま採用。悪→飛び組に差し替え。circle_pct上位2艇に絞り込むこと。'}",,,27.7,逃げ狙い,14.26,30.4,3,,,,,,,,,,,
2025-05-04,丸亀,10,4,木村光宏,B1,28.30,4,,6.3217,15.4,59,37.5,0.1783,3.7604,,,0,低,99,0,ま0%,,0,25.9,0.7657,0,0,0.0769,0.0385,0,0.3952,0.3571,0.0571,,,D,△,,0.2364,0.6335,,0.524,S,80,0,◎1着固定 2-3着流し（5〜8点）,0.5777,"{'is_target': True, 'verdict': '点数絞り', 'max_combo_prob': 0.0995, 'est_top_odds': 13.4, 'circle_concentration': 75.7, 'eligible_count': 6, 'bet_adj': 0, 'reason': 'rel_win1=63.5%（本命度） / 最有力組み合わせ確率: 0.100（推定実オッズ?13倍） / 2着集中度: 上位2艇 75.7%（補正+0.04） / 総合判定確率: 0.140 / → ヒモはやや固め。上位2艇以外を切ること', 'tenji_trigger': '展示確認: 1号艇伸び良→そのまま採用。悪→飛び組に差し替え。circle_pct上位2艇に絞り込むこと。'}",,,27.7,逃げ狙い,14.26,30.4,3,,,,,,,,,,,
2025-05-04,丸亀,10,5,小野寺智,A2,36.73,5,▲,2.403,7.7,69,32.7,0.1544,3.6636,,,0,低,79,0,-,,0,87.6,1.5212,,,,,,0.1217,0.0174,0.3096,,,C,,,0.3441,0.6185,,0.524,S,80,0,◎1着固定 2-3着流し（5〜8点）,0.5777,"{'is_target': True, 'verdict': '点数絞り', 'max_combo_prob': 0.0995, 'est_top_odds': 13.4, 'circle_concentration': 75.7, 'eligible_count': 6, 'bet_adj': 0, 'reason': 'rel_win1=63.5%（本命度） / 最有力組み合わせ確率: 0.100（推定実オッズ?13倍） / 2着集中度: 上位2艇 75.7%（補正+0.04） / 総合判定確率: 0.140 / → ヒモはやや固め。上位2艇以外を切ること', 'tenji_trigger': '展示確認: 1号艇伸び良→そのまま採用。悪→飛び組に差し替え。circle_pct上位2艇に絞り込むこと。'}",,,27.7,逃げ狙い,14.26,30.4,3,,,,,,,,,,,
2025-05-04,丸亀,10,6,平池仁志,B1,31.79,6,,1.0383,1.2,37,6.9,0.1731,4.2931,,,0,低,96,0,-,,0,37.5,1.4428,,,,,,0.6667,0,0,,,D,,,0.2827,0.619,,0.524,S,80,0,◎1着固定 2-3着流し（5〜8点）,0.5777,"{'is_target': True, 'verdict': '点数絞り', 'max_combo_prob': 0.0995, 'est_top_odds': 13.4, 'circle_concentration': 75.7, 'eligible_count': 6, 'bet_adj': 0, 'reason': 'rel_win1=63.5%（本命度） / 最有力組み合わせ確率: 0.100（推定実オッズ?13倍） / 2着集中度: 上位2艇 75.7%（補正+0.04） / 総合判定確率: 0.140 / → ヒモはやや固め。上位2艇以外を切ること', 'tenji_trigger': '展示確認: 1号艇伸び良→そのまま採用。悪→飛び組に差し替え。circle_pct上位2艇に絞り込むこと。'}",,,27.7,逃げ狙い,14.26,30.4,3,,,,,,,,,,,
2025-05-04,丸亀,11,1,中村日向,A1,36.36,1,◎,66.278,,0,91.4,0.1454,2.5714,,,0,低,40,0,逃0%,,0,79.6,1.016,0.7692,,,,,0.1538,0.0769,0,◎,,D,○,,,0.645,,0.678,S,100,0,◎1着固定 2-3着流し（5〜8点）,0.5777,"{'is_target': True, 'verdict': '参加推奨', 'max_combo_prob': 0.1115, 'est_top_odds': 12.0, 'circle_concentration': 68.8, 'eligible_count': 6, 'bet_adj': 2, 'reason': 'rel_win1=66.3%（本命度） / 最有力組み合わせ確率: 0.111（推定実オッズ?12倍） / 2着集中度: 上位2艇 68.8%（補正+0.00） / 総合判定確率: 0.111 / → ヒモ分散。1号艇1着固定で広めのヒモ流し推奨（買い目+2点）', 'tenji_trigger': '展示確認: ヒモ分散レース。1号艇伸び確認後、広めのヒモ流しを採用。穴ヒモ（5・6号艇）を積極的に含める。'}",,,26.6,逃げ狙い,14.51,27.1,4,,,,,0,0,0.7559,0,,逃げ軸流し,A
2025-05-04,丸亀,11,2,重成一人,A1,40.43,2,○,13.3594,55,63,63.3,0.1577,3.3333,,,0,低,51,0,-,,0,20.7,0.6098,0,0.0833,0,0,0,0.0533,0.2533,0.0133,,,C,△,,0.1951,0.6315,,0.678,S,100,0,◎1着固定 2-3着流し（5〜8点）,0.5777,"{'is_target': True, 'verdict': '参加推奨', 'max_combo_prob': 0.1115, 'est_top_odds': 12.0, 'circle_concentration': 68.8, 'eligible_count': 6, 'bet_adj': 2, 'reason': 'rel_win1=66.3%（本命度） / 最有力組み合わせ確率: 0.111（推定実オッズ?12倍） / 2着集中度: 上位2艇 68.8%（補正+0.00） / 総合判定確率: 0.111 / → ヒモ分散。1号艇1着固定で広めのヒモ流し推奨（買い目+2点）', 'tenji_trigger': '展示確認: ヒモ分散レース。1号艇伸び確認後、広めのヒモ流しを採用。穴ヒモ（5・6号艇）を積極的に含める。'}",,,26.6,逃げ狙い,14.51,27.1,4,,,,,,,,,,,
2025-05-04,丸亀,11,3,福田雅一,A2,39.86,3,▲,10.171,13.4,100,52.8,0.1568,3.5283,,,0,低,91,0,-,,0,52.3,0.811,0,0,0.2273,0,0,0.2,0.1,0.2,,,C,◎,,0.2759,0.66,,0.678,S,100,0,◎1着固定 2-3着流し（5〜8点）,0.5777,"{'is_target': True, 'verdict': '参加推奨', 'max_combo_prob': 0.1115, 'est_top_odds': 12.0, 'circle_concentration': 68.8, 'eligible_count': 6, 'bet_adj': 2, 'reason': 'rel_win1=66.3%（本命度） / 最有力組み合わせ確率: 0.111（推定実オッズ?12倍） / 2着集中度: 上位2艇 68.8%（補正+0.00） / 総合判定確率: 0.111 / → ヒモ分散。1号艇1着固定で広めのヒモ流し推奨（買い目+2点）', 'tenji_trigger': '展示確認: ヒモ分散レース。1号艇伸び確認後、広めのヒモ流しを採用。穴ヒモ（5・6号艇）を積極的に含める。'}",,,26.6,逃げ狙い,14.51,27.1,4,,,,,,,,,,,
2025-05-04,丸亀,11,4,森安弘雅,B1,40.67,4,△,5.9809,13.8,93,48.4,0.1778,4,,,0,低,178,0,差0%,,0,48.2,0.9557,0,0.0345,0,0,0,0.0167,0.1833,0.2,,,B,,,0.1489,0.6065,,0.678,S,100,0,◎1着固定 2-3着流し（5〜8点）,0.5777,"{'is_target': True, 'verdict': '参加推奨', 'max_combo_prob': 0.1115, 'est_top_odds': 12.0, 'circle_concentration': 68.8, 'eligible_count': 6, 'bet_adj': 2, 'reason': 'rel_win1=66.3%（本命度） / 最有力組み合わせ確率: 0.111（推定実オッズ?12倍） / 2着集中度: 上位2艇 68.8%（補正+0.00） / 総合判定確率: 0.111 / → ヒモ分散。1号艇1着固定で広めのヒモ流し推奨（買い目+2点）', 'tenji_trigger': '展示確認: ヒモ分散レース。1号艇伸び確認後、広めのヒモ流しを採用。穴ヒモ（5・6号艇）を積極的に含める。'}",,,26.6,逃げ狙い,14.51,27.1,4,,,,,,,,,,,
2025-05-04,丸亀,11,5,松尾　祭,A2,45.03,5,,2.57,13.7,76,40.7,0.1924,4.3559,,,0,低,144,0,差ま0%,,0,32.4,1.0331,0,0,0,0.0385,0,0.1086,0.0654,0.2501,,,B,△,,0.1341,0.6215,,0.678,S,100,0,◎1着固定 2-3着流し（5〜8点）,0.5777,"{'is_target': True, 'verdict': '参加推奨', 'max_combo_prob': 0.1115, 'est_top_odds': 12.0, 'circle_concentration': 68.8, 'eligible_count': 6, 'bet_adj': 2, 'reason': 'rel_win1=66.3%（本命度） / 最有力組み合わせ確率: 0.111（推定実オッズ?12倍） / 2着集中度: 上位2艇 68.8%（補正+0.00） / 総合判定確率: 0.111 / → ヒモ分散。1号艇1着固定で広めのヒモ流し推奨（買い目+2点）', 'tenji_trigger': '展示確認: ヒモ分散レース。1号艇伸び確認後、広めのヒモ流しを採用。穴ヒモ（5・6号艇）を積極的に含める。'}",,,26.6,逃げ狙い,14.51,27.1,4,,,,,,,,,,,
2025-05-04,丸亀,11,6,西丸侑太,A2,33.11,6,,1.6407,4.1,58,34.1,0.1627,4.0114,,,0,低,100,0,-,,0,85.6,1.5575,,,,,,0,0.1314,0.0429,,,E,,,0.2587,0.6105,,0.678,S,100,0,◎1着固定 2-3着流し（5〜8点）,0.5777,"{'is_target': True, 'verdict': '参加推奨', 'max_combo_prob': 0.1115, 'est_top_odds': 12.0, 'circle_concentration': 68.8, 'eligible_count': 6, 'bet_adj': 2, 'reason': 'rel_win1=66.3%（本命度） / 最有力組み合わせ確率: 0.111（推定実オッズ?12倍） / 2着集中度: 上位2艇 68.8%（補正+0.00） / 総合判定確率: 0.111 / → ヒモ分散。1号艇1着固定で広めのヒモ流し推奨（買い目+2点）', 'tenji_trigger': '展示確認: ヒモ分散レース。1号艇伸び確認後、広めのヒモ流しを採用。穴ヒモ（5・6号艇）を積極的に含める。'}",,,26.6,逃げ狙い,14.51,27.1,4,,,,,,,,,,,
2025-05-04,丸亀,12,1,片岡雅裕,A1,34.46,1,◎,60.106,,0,93.1,0.129,2.5172,,,0,低,5,0,逃1%,,0,83,1.0107,0.7857,,,,,0.0286,0,0.3571,◎,,B,◎,,,0.8292,,0.6381,S,100,0,◎1着固定 2-3着流し（5〜8点）,0.5777,"{'is_target': True, 'verdict': '点数絞り', 'max_combo_prob': 0.0914, 'est_top_odds': 14.6, 'circle_concentration': 72.1, 'eligible_count': 6, 'bet_adj': 0, 'reason': 'rel_win1=60.1%（本命度） / 最有力組み合わせ確率: 0.091（推定実オッズ?15倍） / 2着集中度: 上位2艇 72.1%（補正+0.04） / 総合判定確率: 0.131 / → ヒモはやや固め。上位2艇以外を切ること', 'tenji_trigger': '展示確認: 1号艇伸び良→そのまま採用。悪→飛び組に差し替え。circle_pct上位2艇に絞り込むこと。\n展示で1号艇スタート超安定(0.129秒)→ヒモ固まり方向に注意'}",,,27.7,逃げ狙い,20.1,25.4,3,,,,,0,0,0.7559,0,,逃げ軸流し,A
2025-05-04,丸亀,12,2,平高奈菜,A1,30.32,2,,13.3242,35.7,53,75,0.1575,3.1875,,,0,低,46,0,-,,0,73.4,1.2698,0,0.1667,0,0,0,0.2,0,0.1333,,,D,,,0.0888,0.6215,,0.6381,S,100,0,◎1着固定 2-3着流し（5〜8点）,0.5777,"{'is_target': True, 'verdict': '点数絞り', 'max_combo_prob': 0.0914, 'est_top_odds': 14.6, 'circle_concentration': 72.1, 'eligible_count': 6, 'bet_adj': 0, 'reason': 'rel_win1=60.1%（本命度） / 最有力組み合わせ確率: 0.091（推定実オッズ?15倍） / 2着集中度: 上位2艇 72.1%（補正+0.04） / 総合判定確率: 0.131 / → ヒモはやや固め。上位2艇以外を切ること', 'tenji_trigger': '展示確認: 1号艇伸び良→そのまま採用。悪→飛び組に差し替え。circle_pct上位2艇に絞り込むこと。\n展示で1号艇スタート超安定(0.129秒)→ヒモ固まり方向に注意'}",,,27.7,逃げ狙い,20.1,25.4,3,,,,,,,,,,,
2025-05-04,丸亀,12,3,中村晃朋,A1,31.51,3,○,13.993,36.3,53,85.7,0.1346,2.7143,,,0,低,56,0,差0% ま0% 差ま0%,,0,74.7,1.0973,0,0.0769,0.1538,0.0769,0.0769,0.1745,0,0.1564,,,C,○,,0.284,0.678,,0.6381,S,100,0,◎1着固定 2-3着流し（5〜8点）,0.5777,"{'is_target': True, 'verdict': '点数絞り', 'max_combo_prob': 0.0914, 'est_top_odds': 14.6, 'circle_concentration': 72.1, 'eligible_count': 6, 'bet_adj': 0, 'reason': 'rel_win1=60.1%（本命度） / 最有力組み合わせ確率: 0.091（推定実オッズ?15倍） / 2着集中度: 上位2艇 72.1%（補正+0.04） / 総合判定確率: 0.131 / → ヒモはやや固め。上位2艇以外を切ること', 'tenji_trigger': '展示確認: 1号艇伸び良→そのまま採用。悪→飛び組に差し替え。circle_pct上位2艇に絞り込むこと。\n展示で1号艇スタート超安定(0.129秒)→ヒモ固まり方向に注意'}",,,27.7,逃げ狙い,20.1,25.4,3,,,,,,,,,,,
2025-05-04,丸亀,12,4,木谷賢太,A1,32.26,4,▲,5.5159,13.7,100,66.7,0.1559,3.5926,,,0,低,107,0,-,,0,25,0.7096,0,0.0385,0,0.0385,0,0.0343,0.0114,0.1957,,,C,△,,0.1757,0.663,,0.6381,S,100,0,◎1着固定 2-3着流し（5〜8点）,0.5777,"{'is_target': True, 'verdict': '点数絞り', 'max_combo_prob': 0.0914, 'est_top_odds': 14.6, 'circle_concentration': 72.1, 'eligible_count': 6, 'bet_adj': 0, 'reason': 'rel_win1=60.1%（本命度） / 最有力組み合わせ確率: 0.091（推定実オッズ?15倍） / 2着集中度: 上位2艇 72.1%（補正+0.04） / 総合判定確率: 0.131 / → ヒモはやや固め。上位2艇以外を切ること', 'tenji_trigger': '展示確認: 1号艇伸び良→そのまま採用。悪→飛び組に差し替え。circle_pct上位2艇に絞り込むこと。\n展示で1号艇スタート超安定(0.129秒)→ヒモ固まり方向に注意'}",,,27.7,逃げ狙い,20.1,25.4,3,,,,,,,,,,,
2025-05-04,丸亀,12,5,西岡顕心,A1,30.67,5,,5.0839,11.4,51,61.5,0.1577,3.4615,,,0,低,55,0,-,,0,49.5,1.2557,0,0,0,0.125,0,0,0.0714,0,,,D,,,0.2136,0.6245,,0.6381,S,100,0,◎1着固定 2-3着流し（5〜8点）,0.5777,"{'is_target': True, 'verdict': '点数絞り', 'max_combo_prob': 0.0914, 'est_top_odds': 14.6, 'circle_concentration': 72.1, 'eligible_count': 6, 'bet_adj': 0, 'reason': 'rel_win1=60.1%（本命度） / 最有力組み合わせ確率: 0.091（推定実オッズ?15倍） / 2着集中度: 上位2艇 72.1%（補正+0.04） / 総合判定確率: 0.131 / → ヒモはやや固め。上位2艇以外を切ること', 'tenji_trigger': '展示確認: 1号艇伸び良→そのまま採用。悪→飛び組に差し替え。circle_pct上位2艇に絞り込むこと。\n展示で1号艇スタート超安定(0.129秒)→ヒモ固まり方向に注意'}",,,27.7,逃げ狙い,20.1,25.4,3,,,,,,,,,,,
2025-05-04,丸亀,12,6,中岡正彦,A2,44.59,6,△,1.9771,2.8,35,40,0.218,4.6,,,0,低,42,1,-,,0,79.4,1.6,,,,,,0.1103,0,0.0588,,,A,△,,0.1361,0.649,,0.6381,S,100,0,◎1着固定 2-3着流し（5〜8点）,0.5777,"{'is_target': True, 'verdict': '点数絞り', 'max_combo_prob': 0.0914, 'est_top_odds': 14.6, 'circle_concentration': 72.1, 'eligible_count': 6, 'bet_adj': 0, 'reason': 'rel_win1=60.1%（本命度） / 最有力組み合わせ確率: 0.091（推定実オッズ?15倍） / 2着集中度: 上位2艇 72.1%（補正+0.04） / 総合判定確率: 0.131 / → ヒモはやや固め。上位2艇以外を切ること', 'tenji_trigger': '展示確認: 1号艇伸び良→そのまま採用。悪→飛び組に差し替え。circle_pct上位2艇に絞り込むこと。\n展示で1号艇スタート超安定(0.129秒)→ヒモ固まり方向に注意'}",,,27.7,逃げ狙い,20.1,25.4,3,,,,,,,,,,,
2025-05-05,丸亀,1,1,宮武英司,B1,29.03,1,◎,54.0363,,0,87.3,0.1587,3.2818,,,0,低,89,0,逃0%,45,0,79.1,1.0184,0.6111,,,,,0.4889,0.0222,0.0222,○,,E,◎,,,0.658,,0.4219,A,73,0,◎-○軸 3着3〜4艇流し（10〜15点）,0.5777,"{'is_target': True, 'verdict': '参加推奨', 'max_combo_prob': 0.0777, 'est_top_odds': 17.2, 'circle_concentration': 75.5, 'eligible_count': 8, 'bet_adj': 2, 'reason': 'rel_win1=54.0%（本命度） / 最有力組み合わせ確率: 0.078（推定実オッズ?17倍） / 2着集中度: 上位2艇 75.5%（補正+0.04） / 総合判定確率: 0.118 / → ヒモ分散。1号艇1着固定で広めのヒモ流し推奨（買い目+2点）', 'tenji_trigger': '展示確認: ヒモ分散レース。1号艇伸び確認後、広めのヒモ流しを採用。穴ヒモ（5・6号艇）を積極的に含める。'}",,,30.4,逃げ狙い,14.24,38.1,2,,,,,0,0,0.6155,0,,主役軸流し,B
2025-05-05,丸亀,1,2,中村桃佳,B2,29.14,2,○,18.2941,48,98,72.7,0.1514,2.7273,,,0,低,41,0,差1%,2,0,85.1,1.4412,0,0.2353,0.0588,0,0.0588,0.0471,0.0706,0.2706,,◎,D,△,,0.4243,0.6205,,0.4219,A,73,0,◎-○軸 3着3〜4艇流し（10〜15点）,0.5777,"{'is_target': True, 'verdict': '参加推奨', 'max_combo_prob': 0.0777, 'est_top_odds': 17.2, 'circle_concentration': 75.5, 'eligible_count': 8, 'bet_adj': 2, 'reason': 'rel_win1=54.0%（本命度） / 最有力組み合わせ確率: 0.078（推定実オッズ?17倍） / 2着集中度: 上位2艇 75.5%（補正+0.04） / 総合判定確率: 0.118 / → ヒモ分散。1号艇1着固定で広めのヒモ流し推奨（買い目+2点）', 'tenji_trigger': '展示確認: ヒモ分散レース。1号艇伸び確認後、広めのヒモ流しを採用。穴ヒモ（5・6号艇）を積極的に含める。'}",,,30.4,逃げ狙い,14.24,38.1,2,,,,,,,,,,,
2025-05-05,丸亀,1,3,三嶌ここ,B1,40.74,3,▲,10.7698,27.5,93,41.2,0.1953,4.4412,,,0,低,114,0,ま0%,3,0,45.8,1.14,0,0,0.0588,0,0,0.0571,0.0571,0.3143,,,B,,,0.1069,0.553,,0.4219,A,73,0,◎-○軸 3着3〜4艇流し（10〜15点）,0.5777,"{'is_target': True, 'verdict': '参加推奨', 'max_combo_prob': 0.0777, 'est_top_odds': 17.2, 'circle_concentration': 75.5, 'eligible_count': 8, 'bet_adj': 2, 'reason': 'rel_win1=54.0%（本命度） / 最有力組み合わせ確率: 0.078（推定実オッズ?17倍） / 2着集中度: 上位2艇 75.5%（補正+0.04） / 総合判定確率: 0.118 / → ヒモ分散。1号艇1着固定で広めのヒモ流し推奨（買い目+2点）', 'tenji_trigger': '展示確認: ヒモ分散レース。1号艇伸び確認後、広めのヒモ流しを採用。穴ヒモ（5・6号艇）を積極的に含める。'}",,,30.4,逃げ狙い,14.24,38.1,2,,,,,,,,,,,
2025-05-05,丸亀,1,4,塩田雄一,B1,34.42,4,,10.1576,16.9,100,35.9,0.1988,3.5859,,,0,低,147,0,-,2,0,35.8,0.8898,0,0,0.04,0.04,0.04,0.4143,0.0952,0.2071,,,C,△,◎,0.1323,0.5565,0.256,0.4219,A,73,0,◎-○軸 3着3〜4艇流し（10〜15点）,0.5777,"{'is_target': True, 'verdict': '参加推奨', 'max_combo_prob': 0.0777, 'est_top_odds': 17.2, 'circle_concentration': 75.5, 'eligible_count': 8, 'bet_adj': 2, 'reason': 'rel_win1=54.0%（本命度） / 最有力組み合わせ確率: 0.078（推定実オッズ?17倍） / 2着集中度: 上位2艇 75.5%（補正+0.04） / 総合判定確率: 0.118 / → ヒモ分散。1号艇1着固定で広めのヒモ流し推奨（買い目+2点）', 'tenji_trigger': '展示確認: ヒモ分散レース。1号艇伸び確認後、広めのヒモ流しを採用。穴ヒモ（5・6号艇）を積極的に含める。'}",,,30.4,逃げ狙い,14.24,38.1,2,,,,,,,,,,,
2025-05-05,丸亀,1,5,上田隆章,B1,41.38,5,,5.4745,6.7,94,39.6,0.2047,4.6509,,,0,低,192,0,-,F,0,25.1,0.6538,0,0,0,0.0833,0,0.3,0.22,0.1,,,B,,,0.1476,0.5515,,0.4219,A,73,0,◎-○軸 3着3〜4艇流し（10〜15点）,0.5777,"{'is_target': True, 'verdict': '参加推奨', 'max_combo_prob': 0.0777, 'est_top_odds': 17.2, 'circle_concentration': 75.5, 'eligible_count': 8, 'bet_adj': 2, 'reason': 'rel_win1=54.0%（本命度） / 最有力組み合わせ確率: 0.078（推定実オッズ?17倍） / 2着集中度: 上位2艇 75.5%（補正+0.04） / 総合判定確率: 0.118 / → ヒモ分散。1号艇1着固定で広めのヒモ流し推奨（買い目+2点）', 'tenji_trigger': '展示確認: ヒモ分散レース。1号艇伸び確認後、広めのヒモ流しを採用。穴ヒモ（5・6号艇）を積極的に含める。'}",,,30.4,逃げ狙い,14.24,38.1,2,,,,,,,,,,,
2025-05-05,丸亀,1,6,村岡　賢,B1,41.61,6,△,1.2677,0.9,47,4.8,0.2014,4.7738,,,0,低,137,0,-,6,0,35.2,0.8133,,,,,,0.0571,0.2343,0.0762,,,B,○,,0.1765,0.6265,,0.4219,A,73,0,◎-○軸 3着3〜4艇流し（10〜15点）,0.5777,"{'is_target': True, 'verdict': '参加推奨', 'max_combo_prob': 0.0777, 'est_top_odds': 17.2, 'circle_concentration': 75.5, 'eligible_count': 8, 'bet_adj': 2, 'reason': 'rel_win1=54.0%（本命度） / 最有力組み合わせ確率: 0.078（推定実オッズ?17倍） / 2着集中度: 上位2艇 75.5%（補正+0.04） / 総合判定確率: 0.118 / → ヒモ分散。1号艇1着固定で広めのヒモ流し推奨（買い目+2点）', 'tenji_trigger': '展示確認: ヒモ分散レース。1号艇伸び確認後、広めのヒモ流しを採用。穴ヒモ（5・6号艇）を積極的に含める。'}",,,30.4,逃げ狙い,14.24,38.1,2,,,,,,,,,,,
2025-05-05,丸亀,2,1,川上清人,B1,48.15,1,◎,51.4299,,0,73.3,0.1593,2.9778,,,0,低,150,0,逃0%,2,0,100,1.6184,0.3333,,,,,0.3733,0.0381,0.1962,○,,A,,,,0.595,,0.3942,A,63,0,◎-○軸 3着3〜4艇流し（10〜15点）,0.5777,"{'is_target': True, 'verdict': '点数絞り', 'max_combo_prob': 0.0862, 'est_top_odds': 15.5, 'circle_concentration': 72.2, 'eligible_count': 8, 'bet_adj': 0, 'reason': 'rel_win1=51.4%（本命度） / 最有力組み合わせ確率: 0.086（推定実オッズ?16倍） / 2着集中度: 上位2艇 72.2%（補正+0.04） / 総合判定確率: 0.126 / → ヒモはやや固め。上位2艇以外を切ること', 'tenji_trigger': '展示確認: 1号艇伸び良→そのまま採用。悪→飛び組に差し替え。circle_pct上位2艇に絞り込むこと。'}",,,31.1,両建て推奨,16.69,38,4,,,,,0,0,0.6155,0,,主役軸流し,B
2025-05-05,丸亀,2,2,谷口知優,B1,35.90,2,○,16.5448,24.6,100,53.2,0.1496,2.9149,,,0,低,83,0,-,6,0,35.1,0.8783,0,0.12,0,0,0,0,0.3481,0.1039,,◎,C,○,,0.4802,0.6165,,0.3942,A,63,0,◎-○軸 3着3〜4艇流し（10〜15点）,0.5777,"{'is_target': True, 'verdict': '点数絞り', 'max_combo_prob': 0.0862, 'est_top_odds': 15.5, 'circle_concentration': 72.2, 'eligible_count': 8, 'bet_adj': 0, 'reason': 'rel_win1=51.4%（本命度） / 最有力組み合わせ確率: 0.086（推定実オッズ?16倍） / 2着集中度: 上位2艇 72.2%（補正+0.04） / 総合判定確率: 0.126 / → ヒモはやや固め。上位2艇以外を切ること', 'tenji_trigger': '展示確認: 1号艇伸び良→そのまま採用。悪→飛び組に差し替え。circle_pct上位2艇に絞り込むこと。'}",,,31.1,両建て推奨,16.69,38,4,,,,,,,,,,,
2025-05-05,丸亀,2,3,宮崎　奨,A1,24.67,3,△,17.1658,47.6,86,70.4,0.1585,3.5,,,0,低,134,0,-,2,0,50,1.2231,0,0,0,0.0952,0.0476,0.0343,0.1571,0.2686,,,E,◎,,0.3275,0.658,,0.3942,A,63,0,◎-○軸 3着3〜4艇流し（10〜15点）,0.5777,"{'is_target': True, 'verdict': '点数絞り', 'max_combo_prob': 0.0862, 'est_top_odds': 15.5, 'circle_concentration': 72.2, 'eligible_count': 8, 'bet_adj': 0, 'reason': 'rel_win1=51.4%（本命度） / 最有力組み合わせ確率: 0.086（推定実オッズ?16倍） / 2着集中度: 上位2艇 72.2%（補正+0.04） / 総合判定確率: 0.126 / → ヒモはやや固め。上位2艇以外を切ること', 'tenji_trigger': '展示確認: 1号艇伸び良→そのまま採用。悪→飛び組に差し替え。circle_pct上位2艇に絞り込むこと。'}",,,31.1,両建て推奨,16.69,38,4,,,,,,,,,,,
2025-05-05,丸亀,2,4,下田哲也,B1,42.47,4,▲,9.118,15.5,93,48.9,0.1667,3.7,,,0,低,104,0,差0%,5,0,63,0.7109,0,0.0714,0,0,0,0.3333,0.1667,0.25,,,B,△,,0.2642,0.615,,0.3942,A,63,0,◎-○軸 3着3〜4艇流し（10〜15点）,0.5777,"{'is_target': True, 'verdict': '点数絞り', 'max_combo_prob': 0.0862, 'est_top_odds': 15.5, 'circle_concentration': 72.2, 'eligible_count': 8, 'bet_adj': 0, 'reason': 'rel_win1=51.4%（本命度） / 最有力組み合わせ確率: 0.086（推定実オッズ?16倍） / 2着集中度: 上位2艇 72.2%（補正+0.04） / 総合判定確率: 0.126 / → ヒモはやや固め。上位2艇以外を切ること', 'tenji_trigger': '展示確認: 1号艇伸び良→そのまま採用。悪→飛び組に差し替え。circle_pct上位2艇に絞り込むこと。'}",,,31.1,両建て推奨,16.69,38,4,,,,,,,,,,,
2025-05-05,丸亀,2,5,三嶌さら,B2,28.48,5,,4.5576,8.8,37,16.7,0.1812,4.381,,,0,低,82,0,-,45,0,24.9,0.5974,,,,,,0,0.25,0,,,D,,,0.2491,0.576,,0.3942,A,63,0,◎-○軸 3着3〜4艇流し（10〜15点）,0.5777,"{'is_target': True, 'verdict': '点数絞り', 'max_combo_prob': 0.0862, 'est_top_odds': 15.5, 'circle_concentration': 72.2, 'eligible_count': 8, 'bet_adj': 0, 'reason': 'rel_win1=51.4%（本命度） / 最有力組み合わせ確率: 0.086（推定実オッズ?16倍） / 2着集中度: 上位2艇 72.2%（補正+0.04） / 総合判定確率: 0.126 / → ヒモはやや固め。上位2艇以外を切ること', 'tenji_trigger': '展示確認: 1号艇伸び良→そのまま採用。悪→飛び組に差し替え。circle_pct上位2艇に絞り込むこと。'}",,,31.1,両建て推奨,16.69,38,4,,,,,,,,,,,
2025-05-05,丸亀,2,6,山田理央,A2,26.90,6,,1.1839,3.5,54,39.4,0.17,4.0606,,,0,低,62,0,-,4,0,27.5,1.4186,,,,,,0.0444,0.1444,0.0222,,,D,△,,0.2817,0.6,,0.3942,A,63,0,◎-○軸 3着3〜4艇流し（10〜15点）,0.5777,"{'is_target': True, 'verdict': '点数絞り', 'max_combo_prob': 0.0862, 'est_top_odds': 15.5, 'circle_concentration': 72.2, 'eligible_count': 8, 'bet_adj': 0, 'reason': 'rel_win1=51.4%（本命度） / 最有力組み合わせ確率: 0.086（推定実オッズ?16倍） / 2着集中度: 上位2艇 72.2%（補正+0.04） / 総合判定確率: 0.126 / → ヒモはやや固め。上位2艇以外を切ること', 'tenji_trigger': '展示確認: 1号艇伸び良→そのまま採用。悪→飛び組に差し替え。circle_pct上位2艇に絞り込むこと。'}",,,31.1,両建て推奨,16.69,38,4,,,,,,,,,,,
2025-05-05,丸亀,3,1,門田　栞,B1,39.60,1,◎,50.2483,,0,67.7,0.1648,3.371,,,0,低,76,0,逃0%,66,0,80.6,1.2606,0.4615,,,,,0.2308,0.3077,0,○,,B,,,,0.5145,,0.355,A,61,0,◎-○軸 3着3〜4艇流し（10〜15点）,0.5777,"{'is_target': True, 'verdict': '参加推奨', 'max_combo_prob': 0.0757, 'est_top_odds': 17.6, 'circle_concentration': 67.6, 'eligible_count': 8, 'bet_adj': 2, 'reason': 'rel_win1=50.2%（本命度） / 最有力組み合わせ確率: 0.076（推定実オッズ?18倍） / 2着集中度: 上位2艇 67.6%（補正+0.00） / 総合判定確率: 0.076 / → ヒモ分散。1号艇1着固定で広めのヒモ流し推奨（買い目+2点）', 'tenji_trigger': '展示確認: ヒモ分散レース。1号艇伸び確認後、広めのヒモ流しを採用。穴ヒモ（5・6号艇）を積極的に含める。'}",,,31.1,両建て推奨,17.45,37.3,4,,,,,0,0,0.6155,0,,逃げ軸流し,A
2025-05-05,丸亀,3,2,小野寺智,A2,36.73,2,▲,11.4291,44.7,100,67.7,0.1573,3.371,,,0,低,79,0,-,43,0,100,1.0566,0,0.0741,0.0741,0,0,0.1217,0.0174,0.3096,,○,C,○,,0.392,0.6185,,0.355,A,61,0,◎-○軸 3着3〜4艇流し（10〜15点）,0.5777,"{'is_target': True, 'verdict': '参加推奨', 'max_combo_prob': 0.0757, 'est_top_odds': 17.6, 'circle_concentration': 67.6, 'eligible_count': 8, 'bet_adj': 2, 'reason': 'rel_win1=50.2%（本命度） / 最有力組み合わせ確率: 0.076（推定実オッズ?18倍） / 2着集中度: 上位2艇 67.6%（補正+0.00） / 総合判定確率: 0.076 / → ヒモ分散。1号艇1着固定で広めのヒモ流し推奨（買い目+2点）', 'tenji_trigger': '展示確認: ヒモ分散レース。1号艇伸び確認後、広めのヒモ流しを採用。穴ヒモ（5・6号艇）を積極的に含める。'}",,,31.1,両建て推奨,17.45,37.3,4,,,,,,,,,,,
2025-05-05,丸亀,3,3,松下知幸,B1,33.76,3,△,12.6816,21.4,71,44.9,0.1477,2.9493,,,0,低,152,0,-,26,0,83.4,1.9017,0,0.0303,0.0303,0.0909,0,0.2152,0.1581,0.1962,,,D,△,,0.3821,0.5965,,0.355,A,61,0,◎-○軸 3着3〜4艇流し（10〜15点）,0.5777,"{'is_target': True, 'verdict': '参加推奨', 'max_combo_prob': 0.0757, 'est_top_odds': 17.6, 'circle_concentration': 67.6, 'eligible_count': 8, 'bet_adj': 2, 'reason': 'rel_win1=50.2%（本命度） / 最有力組み合わせ確率: 0.076（推定実オッズ?18倍） / 2着集中度: 上位2艇 67.6%（補正+0.00） / 総合判定確率: 0.076 / → ヒモ分散。1号艇1着固定で広めのヒモ流し推奨（買い目+2点）', 'tenji_trigger': '展示確認: ヒモ分散レース。1号艇伸び確認後、広めのヒモ流しを採用。穴ヒモ（5・6号艇）を積極的に含める。'}",,,31.1,両建て推奨,17.45,37.3,4,,,,,,,,,,,
2025-05-05,丸亀,3,4,中村晃朋,A1,31.51,4,,13.9502,22.9,89,63.9,0.1389,3.2917,,,0,低,56,0,差0%,41,0,71.6,1.5691,0,0.1429,0,0,0,0.1745,0,0.1564,,◎,D,◎,◎,0.4041,0.678,0.3684,0.355,A,61,0,◎-○軸 3着3〜4艇流し（10〜15点）,0.5777,"{'is_target': True, 'verdict': '参加推奨', 'max_combo_prob': 0.0757, 'est_top_odds': 17.6, 'circle_concentration': 67.6, 'eligible_count': 8, 'bet_adj': 2, 'reason': 'rel_win1=50.2%（本命度） / 最有力組み合わせ確率: 0.076（推定実オッズ?18倍） / 2着集中度: 上位2艇 67.6%（補正+0.00） / 総合判定確率: 0.076 / → ヒモ分散。1号艇1着固定で広めのヒモ流し推奨（買い目+2点）', 'tenji_trigger': '展示確認: ヒモ分散レース。1号艇伸び確認後、広めのヒモ流しを採用。穴ヒモ（5・6号艇）を積極的に含める。'}",,,31.1,両建て推奨,17.45,37.3,4,,,,,,,,,,,
2025-05-05,丸亀,3,5,大西隆洋,B1,39.86,5,○,7.7312,7.3,63,24.1,0.136,2.7328,,,0,低,103,0,-,2,0,33.8,2.3736,0,0,0,0.0833,0,0.3077,0.0769,0.3077,,,B,△,,0.3835,0.6055,,0.355,A,61,0,◎-○軸 3着3〜4艇流し（10〜15点）,0.5777,"{'is_target': True, 'verdict': '参加推奨', 'max_combo_prob': 0.0757, 'est_top_odds': 17.6, 'circle_concentration': 67.6, 'eligible_count': 8, 'bet_adj': 2, 'reason': 'rel_win1=50.2%（本命度） / 最有力組み合わせ確率: 0.076（推定実オッズ?18倍） / 2着集中度: 上位2艇 67.6%（補正+0.00） / 総合判定確率: 0.076 / → ヒモ分散。1号艇1着固定で広めのヒモ流し推奨（買い目+2点）', 'tenji_trigger': '展示確認: ヒモ分散レース。1号艇伸び確認後、広めのヒモ流しを採用。穴ヒモ（5・6号艇）を積極的に含める。'}",,,31.1,両建て推奨,17.45,37.3,4,,,,,,,,,,,
2025-05-05,丸亀,3,6,石井伸長,B1,33.77,6,,3.9595,3.7,41,23.5,0.1533,3.4847,,,0,低,79,0,差ま0%,3,0,36.5,1.1253,0,0.027,0.027,0.0811,0,0,0.5,0.25,,,D,,○,0.3295,0.5655,0.1982,0.355,A,61,0,◎-○軸 3着3〜4艇流し（10〜15点）,0.5777,"{'is_target': True, 'verdict': '参加推奨', 'max_combo_prob': 0.0757, 'est_top_odds': 17.6, 'circle_concentration': 67.6, 'eligible_count': 8, 'bet_adj': 2, 'reason': 'rel_win1=50.2%（本命度） / 最有力組み合わせ確率: 0.076（推定実オッズ?18倍） / 2着集中度: 上位2艇 67.6%（補正+0.00） / 総合判定確率: 0.076 / → ヒモ分散。1号艇1着固定で広めのヒモ流し推奨（買い目+2点）', 'tenji_trigger': '展示確認: ヒモ分散レース。1号艇伸び確認後、広めのヒモ流しを採用。穴ヒモ（5・6号艇）を積極的に含める。'}",,,31.1,両建て推奨,17.45,37.3,4,,,,,,,,,,,
2025-05-05,丸亀,4,1,木村光宏,B1,28.30,1,◎,41.6479,,0,71.7,0.1528,3.2283,,,0,低,99,0,逃0%,56,0,53.9,0.8806,0.3333,,,,,0.3952,0.3571,0.0571,○,,D,○,,,0.6335,,0.3868,C,43,0,荒れ傾向。高配当狙いか見送り,0.5777,"{'is_target': False, 'verdict': '対象外', 'max_combo_prob': None, 'est_top_odds': None, 'circle_concentration': None, 'eligible_count': 0, 'bet_adj': 0, 'reason': '1号艇rel_win1 < 45%: 通常判定に委ねる', 'tenji_trigger': ''}",,,34.8,両建て推奨,23.02,43.2,2,,,,,0,0,0.6155,0,,主役軸流し,B
2025-05-05,丸亀,4,2,西丸侑太,A2,33.11,2,△,22.7803,31.4,74,76.2,0.1864,3.75,,,0,低,100,0,差0% ま0%,34,0,57.9,0.91,0,0.2,0.16,0,0,0,0.1314,0.0429,,,C,△,,0.156,0.6105,,0.3868,C,43,0,荒れ傾向。高配当狙いか見送り,0.5777,"{'is_target': False, 'verdict': '対象外', 'max_combo_prob': None, 'est_top_odds': None, 'circle_concentration': None, 'eligible_count': 0, 'bet_adj': 0, 'reason': '1号艇rel_win1 < 45%: 通常判定に委ねる', 'tenji_trigger': ''}",,,34.8,両建て推奨,23.02,43.2,2,,,,,,,,,,,
2025-05-05,丸亀,4,3,濱野斗馬,A2,35.38,3,○,16.6411,35.6,80,73.1,0.1292,2.3654,,,0,低,40,0,-,3,0,29.9,0.8815,0,0,0,0.0833,0,0.0968,0,0.0323,,◎,B,◎,,0.4648,0.638,,0.3868,C,43,0,荒れ傾向。高配当狙いか見送り,0.5777,"{'is_target': False, 'verdict': '対象外', 'max_combo_prob': None, 'est_top_odds': None, 'circle_concentration': None, 'eligible_count': 0, 'bet_adj': 0, 'reason': '1号艇rel_win1 < 45%: 通常判定に委ねる', 'tenji_trigger': ''}",,,34.8,両建て推奨,23.02,43.2,2,,,,,,,,,,,
2025-05-05,丸亀,4,4,平高奈菜,A1,30.32,4,,7.849,16.7,100,64.3,0.1775,3.9286,,,0,低,46,0,-,1S,0,24.8,0.7198,0,0.0909,0,0,0,0.2,0,0.1333,,,D,△,,0.2495,0.6215,,0.3868,C,43,0,荒れ傾向。高配当狙いか見送り,0.5777,"{'is_target': False, 'verdict': '対象外', 'max_combo_prob': None, 'est_top_odds': None, 'circle_concentration': None, 'eligible_count': 0, 'bet_adj': 0, 'reason': '1号艇rel_win1 < 45%: 通常判定に委ねる', 'tenji_trigger': ''}",,,34.8,両建て推奨,23.02,43.2,2,,,,,,,,,,,
2025-05-05,丸亀,4,5,妻鳥晋也,B1,38.67,5,▲,10.0239,15,93,55.6,0.1729,3.7619,,,0,低,151,0,差ま0%,2,0,29.7,1.2124,0,0,0,0.0357,0.0357,0.25,0.21,0.23,,,B,,◎,0.271,0.601,0.341,0.3868,C,43,0,荒れ傾向。高配当狙いか見送り,0.5777,"{'is_target': False, 'verdict': '対象外', 'max_combo_prob': None, 'est_top_odds': None, 'circle_concentration': None, 'eligible_count': 0, 'bet_adj': 0, 'reason': '1号艇rel_win1 < 45%: 通常判定に委ねる', 'tenji_trigger': ''}",,,34.8,両建て推奨,23.02,43.2,2,,,,,,,,,,,
2025-05-05,丸亀,4,6,中岡　駿,B2,32.89,6,,1.0578,1.3,21,6.2,0.2055,4.3615,,,0,低,40,0,-,5,0,96,2.0656,,,,,,,,,,,C,,,0.1998,0.482,,0.3868,C,43,0,荒れ傾向。高配当狙いか見送り,0.5777,"{'is_target': False, 'verdict': '対象外', 'max_combo_prob': None, 'est_top_odds': None, 'circle_concentration': None, 'eligible_count': 0, 'bet_adj': 0, 'reason': '1号艇rel_win1 < 45%: 通常判定に委ねる', 'tenji_trigger': ''}",,,34.8,両建て推奨,23.02,43.2,2,,,,,,,,,,,
2025-05-05,丸亀,5,1,山本景士,B1,41.03,1,◎,45.4708,,0,83.7,0.1559,3.2245,,,0,低,147,0,逃0%,16,0,63.4,1.0396,0.3182,,,,,0.1091,0.2909,0.0182,○,,C,◎,,,0.6505,,0.4187,A,66,0,◎-○軸 3着3〜4艇流し（10〜15点）,0.5777,"{'is_target': True, 'verdict': '点数絞り', 'max_combo_prob': 0.0842, 'est_top_odds': 15.8, 'circle_concentration': 78.4, 'eligible_count': 8, 'bet_adj': 0, 'reason': 'rel_win1=45.5%（本命度） / 最有力組み合わせ確率: 0.084（推定実オッズ?16倍） / 2着集中度: 上位2艇 78.4%（補正+0.04） / 総合判定確率: 0.124 / → ヒモはやや固め。上位2艇以外を切ること', 'tenji_trigger': '展示確認: 1号艇伸び良→そのまま採用。悪→飛び組に差し替え。circle_pct上位2艇に絞り込むこと。'}",,,30.9,逃げ狙い,22.18,32.7,3,,,,,0,0,0.6155,0,,逃げ軸流し,A
2025-05-05,丸亀,5,2,越智照浩,B1,27.33,2,,7.7729,31.5,44,35.4,0.155,3.5104,,,0,低,133,0,-,34,0,78,0.9231,0,0,0.0385,0,0,0.2,0.35,0.05,,△,E,,,0.3292,0.563,,0.4187,A,66,0,◎-○軸 3着3〜4艇流し（10〜15点）,0.5777,"{'is_target': True, 'verdict': '点数絞り', 'max_combo_prob': 0.0842, 'est_top_odds': 15.8, 'circle_concentration': 78.4, 'eligible_count': 8, 'bet_adj': 0, 'reason': 'rel_win1=45.5%（本命度） / 最有力組み合わせ確率: 0.084（推定実オッズ?16倍） / 2着集中度: 上位2艇 78.4%（補正+0.04） / 総合判定確率: 0.124 / → ヒモはやや固め。上位2艇以外を切ること', 'tenji_trigger': '展示確認: 1号艇伸び良→そのまま採用。悪→飛び組に差し替え。circle_pct上位2艇に絞り込むこと。'}",,,30.9,逃げ狙い,22.18,32.7,3,,,,,,,,,,,
2025-05-05,丸亀,5,3,川原祐明,A2,37.74,3,▲,17.0757,46.8,58,74,0.153,3.17,,,0,低,110,0,差ま0%,1,0,28.4,0.9346,0,0,0,0.2593,0,0.0276,0.1014,0.0138,,○,C,△,,0.3964,0.6185,,0.4187,A,66,0,◎-○軸 3着3〜4艇流し（10〜15点）,0.5777,"{'is_target': True, 'verdict': '点数絞り', 'max_combo_prob': 0.0842, 'est_top_odds': 15.8, 'circle_concentration': 78.4, 'eligible_count': 8, 'bet_adj': 0, 'reason': 'rel_win1=45.5%（本命度） / 最有力組み合わせ確率: 0.084（推定実オッズ?16倍） / 2着集中度: 上位2艇 78.4%（補正+0.04） / 総合判定確率: 0.124 / → ヒモはやや固め。上位2艇以外を切ること', 'tenji_trigger': '展示確認: 1号艇伸び良→そのまま採用。悪→飛び組に差し替え。circle_pct上位2艇に絞り込むこと。'}",,,30.9,逃げ狙い,22.18,32.7,3,,,,,,,,,,,
2025-05-05,丸亀,5,4,松尾　祭,A2,45.03,4,○,13.0055,15.7,100,61.1,0.1704,3.9444,,,0,低,144,0,-,33,0,35.8,0.9511,0,0,0.0357,0,0,0.1086,0.0654,0.2501,,,A,△,○,0.2643,0.6215,0.3311,0.4187,A,66,0,◎-○軸 3着3〜4艇流し（10〜15点）,0.5777,"{'is_target': True, 'verdict': '点数絞り', 'max_combo_prob': 0.0842, 'est_top_odds': 15.8, 'circle_concentration': 78.4, 'eligible_count': 8, 'bet_adj': 0, 'reason': 'rel_win1=45.5%（本命度） / 最有力組み合わせ確率: 0.084（推定実オッズ?16倍） / 2着集中度: 上位2艇 78.4%（補正+0.04） / 総合判定確率: 0.124 / → ヒモはやや固め。上位2艇以外を切ること', 'tenji_trigger': '展示確認: 1号艇伸び良→そのまま採用。悪→飛び組に差し替え。circle_pct上位2艇に絞り込むこと。'}",,,30.9,逃げ狙い,22.18,32.7,3,,,,,,,,,,,
2025-05-05,丸亀,5,5,中村日向,A1,36.36,5,△,15.6156,5.6,65,55.2,0.1493,3.3966,,,0,低,40,0,差ま0%,11,0,32,1.621,0,0,0,0.25,0.0833,0.1538,0.0769,0,,◎,D,○,◎,0.4007,0.645,0.5353,0.4187,A,66,0,◎-○軸 3着3〜4艇流し（10〜15点）,0.5777,"{'is_target': True, 'verdict': '点数絞り', 'max_combo_prob': 0.0842, 'est_top_odds': 15.8, 'circle_concentration': 78.4, 'eligible_count': 8, 'bet_adj': 0, 'reason': 'rel_win1=45.5%（本命度） / 最有力組み合わせ確率: 0.084（推定実オッズ?16倍） / 2着集中度: 上位2艇 78.4%（補正+0.04） / 総合判定確率: 0.124 / → ヒモはやや固め。上位2艇以外を切ること', 'tenji_trigger': '展示確認: 1号艇伸び良→そのまま採用。悪→飛び組に差し替え。circle_pct上位2艇に絞り込むこと。'}",,,30.9,逃げ狙い,22.18,32.7,3,,,,,,,,,,,
2025-05-05,丸亀,5,6,上田隆章,B1,41.38,6,,1.0595,0.3,44,16.1,0.2268,5.1696,,,0,低,192,0,-,F,0,100,2.7897,,,,,,0.3,0.22,0.1,,,B,,,0.1758,0.5515,,0.4187,A,66,0,◎-○軸 3着3〜4艇流し（10〜15点）,0.5777,"{'is_target': True, 'verdict': '点数絞り', 'max_combo_prob': 0.0842, 'est_top_odds': 15.8, 'circle_concentration': 78.4, 'eligible_count': 8, 'bet_adj': 0, 'reason': 'rel_win1=45.5%（本命度） / 最有力組み合わせ確率: 0.084（推定実オッズ?16倍） / 2着集中度: 上位2艇 78.4%（補正+0.04） / 総合判定確率: 0.124 / → ヒモはやや固め。上位2艇以外を切ること', 'tenji_trigger': '展示確認: 1号艇伸び良→そのまま採用。悪→飛び組に差し替え。circle_pct上位2艇に絞り込むこと。'}",,,30.9,逃げ狙い,22.18,32.7,3,,,,,,,,,,,
2025-05-05,丸亀,6,1,中越博紀,A2,36.81,1,◎,54.8298,,0,88,0.1556,3.3133,,,0,低,130,0,-,5,0,74.4,1.0437,0.4815,,,,,0.0296,0.3593,0.0593,◎,,C,△,,,0.6195,,0.4526,A,78,0,◎-○軸 3着3〜4艇流し（10〜15点）,0.5777,"{'is_target': True, 'verdict': '点数絞り', 'max_combo_prob': 0.0964, 'est_top_odds': 13.8, 'circle_concentration': 71.6, 'eligible_count': 8, 'bet_adj': 0, 'reason': 'rel_win1=54.8%（本命度） / 最有力組み合わせ確率: 0.096（推定実オッズ?14倍） / 2着集中度: 上位2艇 71.6%（補正+0.04） / 総合判定確率: 0.136 / → ヒモはやや固め。上位2艇以外を切ること', 'tenji_trigger': '展示確認: 1号艇伸び良→そのまま採用。悪→飛び組に差し替え。circle_pct上位2艇に絞り込むこと。'}",,,29,逃げ狙い,16.51,32.3,3,,,,,0,0,0.7559,0,,逃げ軸流し,A
2025-05-05,丸亀,6,2,嶋田貴支,B1,33.80,2,,11.3551,19.3,100,47.6,0.1687,3.881,,,0,低,134,0,-,24,0,69.5,1.0167,0,0.037,0.0741,0,0,0.0174,0.0522,0.1174,,,D,,,0.1849,0.6045,,0.4526,A,78,0,◎-○軸 3着3〜4艇流し（10〜15点）,0.5777,"{'is_target': True, 'verdict': '点数絞り', 'max_combo_prob': 0.0964, 'est_top_odds': 13.8, 'circle_concentration': 71.6, 'eligible_count': 8, 'bet_adj': 0, 'reason': 'rel_win1=54.8%（本命度） / 最有力組み合わせ確率: 0.096（推定実オッズ?14倍） / 2着集中度: 上位2艇 71.6%（補正+0.04） / 総合判定確率: 0.136 / → ヒモはやや固め。上位2艇以外を切ること', 'tenji_trigger': '展示確認: 1号艇伸び良→そのまま採用。悪→飛び組に差し替え。circle_pct上位2艇に絞り込むこと。'}",,,29,逃げ狙い,16.51,32.3,3,,,,,,,,,,,
2025-05-05,丸亀,6,3,重成一人,A1,40.43,3,○,20.3974,43.9,90,71.9,0.1441,3.0156,,,0,低,51,0,-,25,0,59.5,1.3715,0,0,0,0.2778,0,0.0533,0.2533,0.0133,,◎,B,△,,0.4448,0.6315,,0.4526,A,78,0,◎-○軸 3着3〜4艇流し（10〜15点）,0.5777,"{'is_target': True, 'verdict': '点数絞り', 'max_combo_prob': 0.0964, 'est_top_odds': 13.8, 'circle_concentration': 71.6, 'eligible_count': 8, 'bet_adj': 0, 'reason': 'rel_win1=54.8%（本命度） / 最有力組み合わせ確率: 0.096（推定実オッズ?14倍） / 2着集中度: 上位2艇 71.6%（補正+0.04） / 総合判定確率: 0.136 / → ヒモはやや固め。上位2艇以外を切ること', 'tenji_trigger': '展示確認: 1号艇伸び良→そのまま採用。悪→飛び組に差し替え。circle_pct上位2艇に絞り込むこと。'}",,,29,逃げ狙い,16.51,32.3,3,,,,,,,,,,,
2025-05-05,丸亀,6,4,松尾夏海,A2,33.56,4,,8.3249,27.6,69,52.2,0.1513,2.5435,,,0,低,45,0,差ま0%,53,0,88,1.5417,0,0,0,0.125,0,,,,,,D,◎,,0.368,0.684,,0.4526,A,78,0,◎-○軸 3着3〜4艇流し（10〜15点）,0.5777,"{'is_target': True, 'verdict': '点数絞り', 'max_combo_prob': 0.0964, 'est_top_odds': 13.8, 'circle_concentration': 71.6, 'eligible_count': 8, 'bet_adj': 0, 'reason': 'rel_win1=54.8%（本命度） / 最有力組み合わせ確率: 0.096（推定実オッズ?14倍） / 2着集中度: 上位2艇 71.6%（補正+0.04） / 総合判定確率: 0.136 / → ヒモはやや固め。上位2艇以外を切ること', 'tenji_trigger': '展示確認: 1号艇伸び良→そのまま採用。悪→飛び組に差し替え。circle_pct上位2艇に絞り込むこと。'}",,,29,逃げ狙い,16.51,32.3,3,,,,,,,,,,,
2025-05-05,丸亀,6,5,西原明生,B1,47.89,5,▲,4.0648,8.6,70,35.8,0.1886,3.9877,,,0,低,192,0,-,65,0,39.2,1.0457,0,0,0.0286,0,0,0.2571,0.2571,0.2762,,,A,○,,0.2293,0.641,,0.4526,A,78,0,◎-○軸 3着3〜4艇流し（10〜15点）,0.5777,"{'is_target': True, 'verdict': '点数絞り', 'max_combo_prob': 0.0964, 'est_top_odds': 13.8, 'circle_concentration': 71.6, 'eligible_count': 8, 'bet_adj': 0, 'reason': 'rel_win1=54.8%（本命度） / 最有力組み合わせ確率: 0.096（推定実オッズ?14倍） / 2着集中度: 上位2艇 71.6%（補正+0.04） / 総合判定確率: 0.136 / → ヒモはやや固め。上位2艇以外を切ること', 'tenji_trigger': '展示確認: 1号艇伸び良→そのまま採用。悪→飛び組に差し替え。circle_pct上位2艇に絞り込むこと。'}",,,29,逃げ狙い,16.51,32.3,3,,,,,,,,,,,
2025-05-05,丸亀,6,6,大廣咲季,B1,36.91,6,△,1.0281,0.5,11,6.6,0.1836,3.7377,,,0,低,81,0,-,F6,0,31.6,1.4383,,,,,,0.3333,0.3333,0,,,C,,,0.2786,0.543,,0.4526,A,78,0,◎-○軸 3着3〜4艇流し（10〜15点）,0.5777,"{'is_target': True, 'verdict': '点数絞り', 'max_combo_prob': 0.0964, 'est_top_odds': 13.8, 'circle_concentration': 71.6, 'eligible_count': 8, 'bet_adj': 0, 'reason': 'rel_win1=54.8%（本命度） / 最有力組み合わせ確率: 0.096（推定実オッズ?14倍） / 2着集中度: 上位2艇 71.6%（補正+0.04） / 総合判定確率: 0.136 / → ヒモはやや固め。上位2艇以外を切ること', 'tenji_trigger': '展示確認: 1号艇伸び良→そのまま採用。悪→飛び組に差し替え。circle_pct上位2艇に絞り込むこと。'}",,,29,逃げ狙い,16.51,32.3,3,,,,,,,,,,,
2025-05-05,丸亀,7,1,村越　篤,A2,49.65,1,◎,62.6975,,0,94.7,0.1692,3.625,,,0,低,142,0,逃1%,53,0,85.3,1.094,0.6452,,,,,0.2516,0.0129,0.0774,○,,A,○,,,0.667,,0.4101,S,83,0,◎1着固定 2-3着流し（5〜8点）,0.5777,"{'is_target': True, 'verdict': '点数絞り', 'max_combo_prob': 0.1218, 'est_top_odds': 10.9, 'circle_concentration': 73.9, 'eligible_count': 6, 'bet_adj': 0, 'reason': 'rel_win1=62.7%（本命度） / 最有力組み合わせ確率: 0.122（推定実オッズ?11倍） / 2着集中度: 上位2艇 73.9%（補正+0.04） / 総合判定確率: 0.162 / → ヒモはやや固め。上位2艇以外を切ること', 'tenji_trigger': '展示確認: 1号艇伸び良→そのまま採用。悪→飛び組に差し替え。circle_pct上位2艇に絞り込むこと。'}",,,27.8,逃げ狙い,13.6,31.4,2,,,,,0,0,0.6155,0,,逃げ軸流し,A
2025-05-05,丸亀,7,2,竹田和哉,A1,29.73,2,△,18.2613,55.7,69,87.8,0.1616,3.2551,,,0,低,106,0,差0%,42,0,58.4,1.1255,0,0.16,0.04,0,0.04,0.116,0.116,0,,○,E,△,,0.4478,0.6415,,0.4101,S,83,0,◎1着固定 2-3着流し（5〜8点）,0.5777,"{'is_target': True, 'verdict': '点数絞り', 'max_combo_prob': 0.1218, 'est_top_odds': 10.9, 'circle_concentration': 73.9, 'eligible_count': 6, 'bet_adj': 0, 'reason': 'rel_win1=62.7%（本命度） / 最有力組み合わせ確率: 0.122（推定実オッズ?11倍） / 2着集中度: 上位2艇 73.9%（補正+0.04） / 総合判定確率: 0.162 / → ヒモはやや固め。上位2艇以外を切ること', 'tenji_trigger': '展示確認: 1号艇伸び良→そのまま採用。悪→飛び組に差し替え。circle_pct上位2艇に絞り込むこと。'}",,,27.8,逃げ狙い,13.6,31.4,2,,,,,,,,,,,
2025-05-05,丸亀,7,3,下田哲也,B1,42.47,3,○,6.3057,18.1,100,53.4,0.1543,3.4138,,,0,低,104,0,差ま0%,5,0,22.2,0.6952,0,0,0,0.0526,0,0.3333,0.1667,0.25,,△,B,△,,0.3749,0.615,,0.4101,S,83,0,◎1着固定 2-3着流し（5〜8点）,0.5777,"{'is_target': True, 'verdict': '点数絞り', 'max_combo_prob': 0.1218, 'est_top_odds': 10.9, 'circle_concentration': 73.9, 'eligible_count': 6, 'bet_adj': 0, 'reason': 'rel_win1=62.7%（本命度） / 最有力組み合わせ確率: 0.122（推定実オッズ?11倍） / 2着集中度: 上位2艇 73.9%（補正+0.04） / 総合判定確率: 0.162 / → ヒモはやや固め。上位2艇以外を切ること', 'tenji_trigger': '展示確認: 1号艇伸び良→そのまま採用。悪→飛び組に差し替え。circle_pct上位2艇に絞り込むこと。'}",,,27.8,逃げ狙い,13.6,31.4,2,,,,,,,,,,,
2025-05-05,丸亀,7,4,石井伸長,B1,33.77,4,,7.5347,11.8,69,45,0.169,3.175,,,0,低,79,0,-,3,0,65.5,1.0253,0,0,0.0323,0.0645,0,0,0.5,0.25,,,D,,,0.2943,0.5655,,0.4101,S,83,0,◎1着固定 2-3着流し（5〜8点）,0.5777,"{'is_target': True, 'verdict': '点数絞り', 'max_combo_prob': 0.1218, 'est_top_odds': 10.9, 'circle_concentration': 73.9, 'eligible_count': 6, 'bet_adj': 0, 'reason': 'rel_win1=62.7%（本命度） / 最有力組み合わせ確率: 0.122（推定実オッズ?11倍） / 2着集中度: 上位2艇 73.9%（補正+0.04） / 総合判定確率: 0.162 / → ヒモはやや固め。上位2艇以外を切ること', 'tenji_trigger': '展示確認: 1号艇伸び良→そのまま採用。悪→飛び組に差し替え。circle_pct上位2艇に絞り込むこと。'}",,,27.8,逃げ狙い,13.6,31.4,2,,,,,,,,,,,
2025-05-05,丸亀,7,5,片岡雅裕,A1,34.46,5,▲,4.2033,14.1,78,57.1,0.1071,2.4286,,,0,低,5,1,-,1S,0,75.5,1.3019,,,,,,0.0286,0,0.3571,,◎,C,◎,,0.4896,0.8292,,0.4101,S,83,0,◎1着固定 2-3着流し（5〜8点）,0.5777,"{'is_target': True, 'verdict': '点数絞り', 'max_combo_prob': 0.1218, 'est_top_odds': 10.9, 'circle_concentration': 73.9, 'eligible_count': 6, 'bet_adj': 0, 'reason': 'rel_win1=62.7%（本命度） / 最有力組み合わせ確率: 0.122（推定実オッズ?11倍） / 2着集中度: 上位2艇 73.9%（補正+0.04） / 総合判定確率: 0.162 / → ヒモはやや固め。上位2艇以外を切ること', 'tenji_trigger': '展示確認: 1号艇伸び良→そのまま採用。悪→飛び組に差し替え。circle_pct上位2艇に絞り込むこと。'}",,,27.8,逃げ狙い,13.6,31.4,2,,,,,,,,,,,
2025-05-05,丸亀,7,6,塩田雄一,B1,34.42,6,,0.9974,0.2,40,10.9,0.164,3.8727,,,0,低,147,0,-,2,0,53.7,1.2531,,,,,,0.4143,0.0952,0.2071,,,D,,,0.3285,0.5565,,0.4101,S,83,0,◎1着固定 2-3着流し（5〜8点）,0.5777,"{'is_target': True, 'verdict': '点数絞り', 'max_combo_prob': 0.1218, 'est_top_odds': 10.9, 'circle_concentration': 73.9, 'eligible_count': 6, 'bet_adj': 0, 'reason': 'rel_win1=62.7%（本命度） / 最有力組み合わせ確率: 0.122（推定実オッズ?11倍） / 2着集中度: 上位2艇 73.9%（補正+0.04） / 総合判定確率: 0.162 / → ヒモはやや固め。上位2艇以外を切ること', 'tenji_trigger': '展示確認: 1号艇伸び良→そのまま採用。悪→飛び組に差し替え。circle_pct上位2艇に絞り込むこと。'}",,,27.8,逃げ狙い,13.6,31.4,2,,,,,,,,,,,
2025-05-05,丸亀,8,1,近江翔吾,A1,45.07,1,◎,71.3731,,0,92.7,0.1291,2.3015,,,0,低,52,0,逃1%,1,0,82.1,1.1932,0.7838,,,,,0.0811,0.0541,0.027,◎,,B,○,,,0.6415,,0.7313,S,94,0,◎1着固定 2-3着流し（5〜8点）,0.5777,"{'is_target': True, 'verdict': '点数絞り', 'max_combo_prob': 0.1422, 'est_top_odds': 9.4, 'circle_concentration': 77.4, 'eligible_count': 6, 'bet_adj': 0, 'reason': 'rel_win1=71.4%（本命度） / 最有力組み合わせ確率: 0.142（推定実オッズ?9倍） / 2着集中度: 上位2艇 77.4%（補正+0.04） / 総合判定確率: 0.182 / → ヒモはやや固め。上位2艇以外を切ること', 'tenji_trigger': '展示確認: 1号艇伸び良→そのまま採用。悪→飛び組に差し替え。circle_pct上位2艇に絞り込むこと。\n展示で1号艇スタート超安定(0.129秒)→ヒモ固まり方向に注意'}",,,26.9,逃げ狙い,18.15,24.8,2,,,,,0,0,0.7559,0,,逃げ軸流し,A
2025-05-05,丸亀,8,2,福田雅一,A2,39.86,2,▲,12.2182,51.1,100,74.6,0.1429,3.1909,,,0,低,91,0,差0%,16,0,85.2,0.9031,0,0.0833,0.0417,0,0.0417,0.2,0.1,0.2,,,C,◎,,0.1787,0.66,,0.7313,S,94,0,◎1着固定 2-3着流し（5〜8点）,0.5777,"{'is_target': True, 'verdict': '点数絞り', 'max_combo_prob': 0.1422, 'est_top_odds': 9.4, 'circle_concentration': 77.4, 'eligible_count': 6, 'bet_adj': 0, 'reason': 'rel_win1=71.4%（本命度） / 最有力組み合わせ確率: 0.142（推定実オッズ?9倍） / 2着集中度: 上位2艇 77.4%（補正+0.04） / 総合判定確率: 0.182 / → ヒモはやや固め。上位2艇以外を切ること', 'tenji_trigger': '展示確認: 1号艇伸び良→そのまま採用。悪→飛び組に差し替え。circle_pct上位2艇に絞り込むこと。\n展示で1号艇スタート超安定(0.129秒)→ヒモ固まり方向に注意'}",,,26.9,逃げ狙い,18.15,24.8,2,,,,,,,,,,,
2025-05-05,丸亀,8,3,大西隆洋,B1,39.86,3,,4.3663,6.3,39,15.5,0.1947,4.181,,,0,低,103,0,-,2,0,100,4.5787,,,,,,0.3077,0.0769,0.3077,,,C,△,,0.1368,0.6055,,0.7313,S,94,0,◎1着固定 2-3着流し（5〜8点）,0.5777,"{'is_target': True, 'verdict': '点数絞り', 'max_combo_prob': 0.1422, 'est_top_odds': 9.4, 'circle_concentration': 77.4, 'eligible_count': 6, 'bet_adj': 0, 'reason': 'rel_win1=71.4%（本命度） / 最有力組み合わせ確率: 0.142（推定実オッズ?9倍） / 2着集中度: 上位2艇 77.4%（補正+0.04） / 総合判定確率: 0.182 / → ヒモはやや固め。上位2艇以外を切ること', 'tenji_trigger': '展示確認: 1号艇伸び良→そのまま採用。悪→飛び組に差し替え。circle_pct上位2艇に絞り込むこと。\n展示で1号艇スタート超安定(0.129秒)→ヒモ固まり方向に注意'}",,,26.9,逃げ狙い,18.15,24.8,2,,,,,,,,,,,
2025-05-05,丸亀,8,4,西丸侑太,A2,33.11,4,,8.2037,26.4,73,58.8,0.1496,3.1373,,,0,低,100,0,ま0%,34,0,49,0.9943,0,0,0.08,0.04,0.08,0,0.1314,0.0429,,,D,△,◎,0.2156,0.6105,0.4376,0.7313,S,94,0,◎1着固定 2-3着流し（5〜8点）,0.5777,"{'is_target': True, 'verdict': '点数絞り', 'max_combo_prob': 0.1422, 'est_top_odds': 9.4, 'circle_concentration': 77.4, 'eligible_count': 6, 'bet_adj': 0, 'reason': 'rel_win1=71.4%（本命度） / 最有力組み合わせ確率: 0.142（推定実オッズ?9倍） / 2着集中度: 上位2艇 77.4%（補正+0.04） / 総合判定確率: 0.182 / → ヒモはやや固め。上位2艇以外を切ること', 'tenji_trigger': '展示確認: 1号艇伸び良→そのまま採用。悪→飛び組に差し替え。circle_pct上位2艇に絞り込むこと。\n展示で1号艇スタート超安定(0.129秒)→ヒモ固まり方向に注意'}",,,26.9,逃げ狙い,18.15,24.8,2,,,,,,,,,,,
2025-05-05,丸亀,8,5,川上清人,B1,48.15,5,○,2.915,15.8,54,28.6,0.1776,3.7222,,,0,低,150,0,-,2,0,42.5,1.6883,,,,,,0.3733,0.0381,0.1962,,,A,,,0.1575,0.595,,0.7313,S,94,0,◎1着固定 2-3着流し（5〜8点）,0.5777,"{'is_target': True, 'verdict': '点数絞り', 'max_combo_prob': 0.1422, 'est_top_odds': 9.4, 'circle_concentration': 77.4, 'eligible_count': 6, 'bet_adj': 0, 'reason': 'rel_win1=71.4%（本命度） / 最有力組み合わせ確率: 0.142（推定実オッズ?9倍） / 2着集中度: 上位2艇 77.4%（補正+0.04） / 総合判定確率: 0.182 / → ヒモはやや固め。上位2艇以外を切ること', 'tenji_trigger': '展示確認: 1号艇伸び良→そのまま採用。悪→飛び組に差し替え。circle_pct上位2艇に絞り込むこと。\n展示で1号艇スタート超安定(0.129秒)→ヒモ固まり方向に注意'}",,,26.9,逃げ狙い,18.15,24.8,2,,,,,,,,,,,
2025-05-05,丸亀,8,6,三嶌ここ,B1,40.74,6,△,0.9237,0.5,21,3.1,0.2364,5.2344,,,0,低,114,0,-,3,0,31.1,0.6439,,,,,,0.0571,0.0571,0.3143,,,C,,,0.135,0.553,,0.7313,S,94,0,◎1着固定 2-3着流し（5〜8点）,0.5777,"{'is_target': True, 'verdict': '点数絞り', 'max_combo_prob': 0.1422, 'est_top_odds': 9.4, 'circle_concentration': 77.4, 'eligible_count': 6, 'bet_adj': 0, 'reason': 'rel_win1=71.4%（本命度） / 最有力組み合わせ確率: 0.142（推定実オッズ?9倍） / 2着集中度: 上位2艇 77.4%（補正+0.04） / 総合判定確率: 0.182 / → ヒモはやや固め。上位2艇以外を切ること', 'tenji_trigger': '展示確認: 1号艇伸び良→そのまま採用。悪→飛び組に差し替え。circle_pct上位2艇に絞り込むこと。\n展示で1号艇スタート超安定(0.129秒)→ヒモ固まり方向に注意'}",,,26.9,逃げ狙い,18.15,24.8,2,,,,,,,,,,,
2025-05-05,丸亀,9,1,中岡正彦,A2,44.59,1,◎,62.9501,,0,93.3,0.1175,2.4083,,,0,低,42,0,逃1%,42,0,70.3,1.1003,0.7647,,,,,0.1103,0,0.0588,◎,,A,◎,,,0.649,,0.7017,S,100,0,◎1着固定 2-3着流し（5〜8点）,0.5777,"{'is_target': True, 'verdict': '参加推奨', 'max_combo_prob': 0.0639, 'est_top_odds': 20.9, 'circle_concentration': 60.6, 'eligible_count': 6, 'bet_adj': 2, 'reason': 'rel_win1=63.0%（本命度） / 最有力組み合わせ確率: 0.064（推定実オッズ?21倍） / 2着集中度: 上位2艇 60.6%（補正+0.00） / 総合判定確率: 0.064 / → ヒモ分散。1号艇1着固定で広めのヒモ流し推奨（買い目+2点）', 'tenji_trigger': '展示確認: ヒモ分散レース。1号艇伸び確認後、広めのヒモ流しを採用。穴ヒモ（5・6号艇）を積極的に含める。\n展示で1号艇スタート超安定(0.117秒)→ヒモ固まり方向に注意'}",,,27.2,逃げ狙い,19.72,24.2,5,,,,,0,0,0.7559,0,,逃げ軸流し,A
2025-05-05,丸亀,9,2,村岡　賢,B1,41.61,2,○,5.8827,37.6,94,36.8,0.1794,4.3162,,,0,低,137,0,-,6,0,55.6,0.9519,,,,,,0.0571,0.2343,0.0762,,,B,○,,0.0775,0.6265,,0.7017,S,100,0,◎1着固定 2-3着流し（5〜8点）,0.5777,"{'is_target': True, 'verdict': '参加推奨', 'max_combo_prob': 0.0639, 'est_top_odds': 20.9, 'circle_concentration': 60.6, 'eligible_count': 6, 'bet_adj': 2, 'reason': 'rel_win1=63.0%（本命度） / 最有力組み合わせ確率: 0.064（推定実オッズ?21倍） / 2着集中度: 上位2艇 60.6%（補正+0.00） / 総合判定確率: 0.064 / → ヒモ分散。1号艇1着固定で広めのヒモ流し推奨（買い目+2点）', 'tenji_trigger': '展示確認: ヒモ分散レース。1号艇伸び確認後、広めのヒモ流しを採用。穴ヒモ（5・6号艇）を積極的に含める。\n展示で1号艇スタート超安定(0.117秒)→ヒモ固まり方向に注意'}",,,27.2,逃げ狙い,19.72,24.2,5,,,,,,,,,,,
2025-05-05,丸亀,9,3,谷口知優,B1,35.90,3,△,12.1444,21.6,93,50,0.1627,3.2955,,,0,低,83,0,差0% ま0% 差ま0%,6,0,27.5,0.8987,0,0.125,0.0417,0.0833,0,0,0.3481,0.1039,,,D,,,0.1299,0.6165,,0.7017,S,100,0,◎1着固定 2-3着流し（5〜8点）,0.5777,"{'is_target': True, 'verdict': '参加推奨', 'max_combo_prob': 0.0639, 'est_top_odds': 20.9, 'circle_concentration': 60.6, 'eligible_count': 6, 'bet_adj': 2, 'reason': 'rel_win1=63.0%（本命度） / 最有力組み合わせ確率: 0.064（推定実オッズ?21倍） / 2着集中度: 上位2艇 60.6%（補正+0.00） / 総合判定確率: 0.064 / → ヒモ分散。1号艇1着固定で広めのヒモ流し推奨（買い目+2点）', 'tenji_trigger': '展示確認: ヒモ分散レース。1号艇伸び確認後、広めのヒモ流しを採用。穴ヒモ（5・6号艇）を積極的に含める。\n展示で1号艇スタート超安定(0.117秒)→ヒモ固まり方向に注意'}",,,27.2,逃げ狙い,19.72,24.2,5,,,,,,,,,,,
2025-05-05,丸亀,9,4,小野寺智,A2,36.73,4,▲,6.6975,23.1,100,57.7,0.1388,3.0096,,,0,低,79,0,差ま0%,43,0,59.4,1.3174,0,0,0.0476,0.0952,0,0.1217,0.0174,0.3096,,,C,△,○,0.2151,0.6185,0.463,0.7017,S,100,0,◎1着固定 2-3着流し（5〜8点）,0.5777,"{'is_target': True, 'verdict': '参加推奨', 'max_combo_prob': 0.0639, 'est_top_odds': 20.9, 'circle_concentration': 60.6, 'eligible_count': 6, 'bet_adj': 2, 'reason': 'rel_win1=63.0%（本命度） / 最有力組み合わせ確率: 0.064（推定実オッズ?21倍） / 2着集中度: 上位2艇 60.6%（補正+0.00） / 総合判定確率: 0.064 / → ヒモ分散。1号艇1着固定で広めのヒモ流し推奨（買い目+2点）', 'tenji_trigger': '展示確認: ヒモ分散レース。1号艇伸び確認後、広めのヒモ流しを採用。穴ヒモ（5・6号艇）を積極的に含める。\n展示で1号艇スタート超安定(0.117秒)→ヒモ固まり方向に注意'}",,,27.2,逃げ狙い,19.72,24.2,5,,,,,,,,,,,
2025-05-05,丸亀,9,5,平高奈菜,A1,30.32,5,,11.3581,15.3,98,66.7,0.1447,2.9667,,,0,低,46,0,-,1S,0,30.4,1.2426,0,0,0,0.1429,0,0.2,0,0.1333,,,E,△,◎,0.2208,0.6215,0.4905,0.7017,S,100,0,◎1着固定 2-3着流し（5〜8点）,0.5777,"{'is_target': True, 'verdict': '参加推奨', 'max_combo_prob': 0.0639, 'est_top_odds': 20.9, 'circle_concentration': 60.6, 'eligible_count': 6, 'bet_adj': 2, 'reason': 'rel_win1=63.0%（本命度） / 最有力組み合わせ確率: 0.064（推定実オッズ?21倍） / 2着集中度: 上位2艇 60.6%（補正+0.00） / 総合判定確率: 0.064 / → ヒモ分散。1号艇1着固定で広めのヒモ流し推奨（買い目+2点）', 'tenji_trigger': '展示確認: ヒモ分散レース。1号艇伸び確認後、広めのヒモ流しを採用。穴ヒモ（5・6号艇）を積極的に含める。\n展示で1号艇スタート超安定(0.117秒)→ヒモ固まり方向に注意'}",,,27.2,逃げ狙い,19.72,24.2,5,,,,,,,,,,,
2025-05-05,丸亀,9,6,森安弘雅,B1,40.67,6,,0.9673,2.5,79,13.6,0.232,5.0254,,,0,低,178,0,-,12,0,100,2.4719,,,,,,0.0167,0.1833,0.2,,,C,,,0.1355,0.6065,,0.7017,S,100,0,◎1着固定 2-3着流し（5〜8点）,0.5777,"{'is_target': True, 'verdict': '参加推奨', 'max_combo_prob': 0.0639, 'est_top_odds': 20.9, 'circle_concentration': 60.6, 'eligible_count': 6, 'bet_adj': 2, 'reason': 'rel_win1=63.0%（本命度） / 最有力組み合わせ確率: 0.064（推定実オッズ?21倍） / 2着集中度: 上位2艇 60.6%（補正+0.00） / 総合判定確率: 0.064 / → ヒモ分散。1号艇1着固定で広めのヒモ流し推奨（買い目+2点）', 'tenji_trigger': '展示確認: ヒモ分散レース。1号艇伸び確認後、広めのヒモ流しを採用。穴ヒモ（5・6号艇）を積極的に含める。\n展示で1号艇スタート超安定(0.117秒)→ヒモ固まり方向に注意'}",,,27.2,逃げ狙い,19.72,24.2,5,,,,,,,,,,,
2025-05-05,丸亀,10,1,西岡顕心,A1,30.67,1,◎,65.6478,,0,88.2,0.1341,3.1471,,,0,低,55,0,逃1%,34,0,63.8,0.986,0.8571,,,,,0,0.0714,0,◎,,D,○,,,0.6245,,0.6198,S,84,0,◎1着固定 2-3着流し（5〜8点）,0.5777,"{'is_target': True, 'verdict': '点数絞り', 'max_combo_prob': 0.0936, 'est_top_odds': 14.3, 'circle_concentration': 76.3, 'eligible_count': 6, 'bet_adj': 0, 'reason': 'rel_win1=65.6%（本命度） / 最有力組み合わせ確率: 0.094（推定実オッズ?14倍） / 2着集中度: 上位2艇 76.3%（補正+0.04） / 総合判定確率: 0.134 / → ヒモはやや固め。上位2艇以外を切ること', 'tenji_trigger': '展示確認: 1号艇伸び良→そのまま採用。悪→飛び組に差し替え。circle_pct上位2艇に絞り込むこと。\n展示で1号艇スタート超安定(0.134秒)→ヒモ固まり方向に注意'}",,,25.4,逃げ狙い,15.52,22.9,4,,,,,0,0,0.7559,0,,逃げ軸流し,A
2025-05-05,丸亀,10,2,松尾　祭,A2,45.03,2,○,11.9025,44.3,100,76.7,0.163,3.6,,,0,低,144,0,-,33,0,42.2,1.0252,0,0.1613,0.0323,0,0,0.1086,0.0654,0.2501,,,A,△,,0.0847,0.6215,,0.6198,S,84,0,◎1着固定 2-3着流し（5〜8点）,0.5777,"{'is_target': True, 'verdict': '点数絞り', 'max_combo_prob': 0.0936, 'est_top_odds': 14.3, 'circle_concentration': 76.3, 'eligible_count': 6, 'bet_adj': 0, 'reason': 'rel_win1=65.6%（本命度） / 最有力組み合わせ確率: 0.094（推定実オッズ?14倍） / 2着集中度: 上位2艇 76.3%（補正+0.04） / 総合判定確率: 0.134 / → ヒモはやや固め。上位2艇以外を切ること', 'tenji_trigger': '展示確認: 1号艇伸び良→そのまま採用。悪→飛び組に差し替え。circle_pct上位2艇に絞り込むこと。\n展示で1号艇スタート超安定(0.134秒)→ヒモ固まり方向に注意'}",,,25.4,逃げ狙い,15.52,22.9,4,,,,,,,,,,,
2025-05-05,丸亀,10,3,中越博紀,A2,36.81,3,▲,11.1778,32,47,58.6,0.1659,3.7414,,,0,低,130,0,抜0%,5,0,47.4,1.0515,0,0,0,0.0952,0.0952,0.0296,0.3593,0.0593,,,B,,,0.1374,0.6195,,0.6198,S,84,0,◎1着固定 2-3着流し（5〜8点）,0.5777,"{'is_target': True, 'verdict': '点数絞り', 'max_combo_prob': 0.0936, 'est_top_odds': 14.3, 'circle_concentration': 76.3, 'eligible_count': 6, 'bet_adj': 0, 'reason': 'rel_win1=65.6%（本命度） / 最有力組み合わせ確率: 0.094（推定実オッズ?14倍） / 2着集中度: 上位2艇 76.3%（補正+0.04） / 総合判定確率: 0.134 / → ヒモはやや固め。上位2艇以外を切ること', 'tenji_trigger': '展示確認: 1号艇伸び良→そのまま採用。悪→飛び組に差し替え。circle_pct上位2艇に絞り込むこと。\n展示で1号艇スタート超安定(0.134秒)→ヒモ固まり方向に注意'}",,,25.4,逃げ狙い,15.52,22.9,4,,,,,,,,,,,
2025-05-05,丸亀,10,4,平池仁志,B1,31.79,4,△,7.3649,15.2,92,50,0.1667,3.5417,,,0,低,96,0,-,14,0,24.5,0.6906,,,,,,0.6667,0,0,,,D,,,0.1848,0.619,,0.6198,S,84,0,◎1着固定 2-3着流し（5〜8点）,0.5777,"{'is_target': True, 'verdict': '点数絞り', 'max_combo_prob': 0.0936, 'est_top_odds': 14.3, 'circle_concentration': 76.3, 'eligible_count': 6, 'bet_adj': 0, 'reason': 'rel_win1=65.6%（本命度） / 最有力組み合わせ確率: 0.094（推定実オッズ?14倍） / 2着集中度: 上位2艇 76.3%（補正+0.04） / 総合判定確率: 0.134 / → ヒモはやや固め。上位2艇以外を切ること', 'tenji_trigger': '展示確認: 1号艇伸び良→そのまま採用。悪→飛び組に差し替え。circle_pct上位2艇に絞り込むこと。\n展示で1号艇スタート超安定(0.134秒)→ヒモ固まり方向に注意'}",,,25.4,逃げ狙い,15.52,22.9,4,,,,,,,,,,,
2025-05-05,丸亀,10,5,中村桃佳,B2,29.14,5,,2.8889,3.7,82,47.8,0.147,3.1957,,,0,低,41,0,-,2,0,96.8,1.8607,,,,,,0.0471,0.0706,0.2706,,,E,△,,0.269,0.6205,,0.6198,S,84,0,◎1着固定 2-3着流し（5〜8点）,0.5777,"{'is_target': True, 'verdict': '点数絞り', 'max_combo_prob': 0.0936, 'est_top_odds': 14.3, 'circle_concentration': 76.3, 'eligible_count': 6, 'bet_adj': 0, 'reason': 'rel_win1=65.6%（本命度） / 最有力組み合わせ確率: 0.094（推定実オッズ?14倍） / 2着集中度: 上位2艇 76.3%（補正+0.04） / 総合判定確率: 0.134 / → ヒモはやや固め。上位2艇以外を切ること', 'tenji_trigger': '展示確認: 1号艇伸び良→そのまま採用。悪→飛び組に差し替え。circle_pct上位2艇に絞り込むこと。\n展示で1号艇スタート超安定(0.134秒)→ヒモ固まり方向に注意'}",,,25.4,逃げ狙い,15.52,22.9,4,,,,,,,,,,,
2025-05-05,丸亀,10,6,木谷賢太,A1,32.26,6,,1.0181,4.8,65,41.5,0.1823,4.7736,,,0,低,107,0,-,13,0,39.8,1.1172,,,,,,0.0343,0.0114,0.1957,,,C,◎,,0.1566,0.663,,0.6198,S,84,0,◎1着固定 2-3着流し（5〜8点）,0.5777,"{'is_target': True, 'verdict': '点数絞り', 'max_combo_prob': 0.0936, 'est_top_odds': 14.3, 'circle_concentration': 76.3, 'eligible_count': 6, 'bet_adj': 0, 'reason': 'rel_win1=65.6%（本命度） / 最有力組み合わせ確率: 0.094（推定実オッズ?14倍） / 2着集中度: 上位2艇 76.3%（補正+0.04） / 総合判定確率: 0.134 / → ヒモはやや固め。上位2艇以外を切ること', 'tenji_trigger': '展示確認: 1号艇伸び良→そのまま採用。悪→飛び組に差し替え。circle_pct上位2艇に絞り込むこと。\n展示で1号艇スタート超安定(0.134秒)→ヒモ固まり方向に注意'}",,,25.4,逃げ狙い,15.52,22.9,4,,,,,,,,,,,
2025-05-05,丸亀,11,1,中村晃朋,A1,31.51,1,◎,56.4077,,0,87.7,0.1656,3.4474,,,0,低,56,0,逃1% 抜0%,41,0,85.2,1.0874,0.6818,,,,,0.1745,0,0.1564,○,,D,△,,,0.678,,0.414,S,89,0,◎1着固定 2-3着流し（5〜8点）,0.5777,"{'is_target': True, 'verdict': '点数絞り', 'max_combo_prob': 0.1003, 'est_top_odds': 13.3, 'circle_concentration': 72.5, 'eligible_count': 6, 'bet_adj': 0, 'reason': 'rel_win1=56.4%（本命度） / 最有力組み合わせ確率: 0.100（推定実オッズ?13倍） / 2着集中度: 上位2艇 72.5%（補正+0.04） / 総合判定確率: 0.140 / → ヒモはやや固め。上位2艇以外を切ること', 'tenji_trigger': '展示確認: 1号艇伸び良→そのまま採用。悪→飛び組に差し替え。circle_pct上位2艇に絞り込むこと。'}",,,32.3,逃げ狙い,31.07,29.2,2,,,,,0,0,0.6155,0,,逃げ軸流し,A
2025-05-05,丸亀,11,2,片岡雅裕,A1,34.46,2,○,19.8272,49.6,49,86.7,0.1273,2.3667,,,0,低,5,0,ま0%,1S,0,44.2,1.1278,0,0,0.1667,0,0,0.0286,0,0.3571,,◎,C,◎,,0.575,0.8292,,0.414,S,89,0,◎1着固定 2-3着流し（5〜8点）,0.5777,"{'is_target': True, 'verdict': '点数絞り', 'max_combo_prob': 0.1003, 'est_top_odds': 13.3, 'circle_concentration': 72.5, 'eligible_count': 6, 'bet_adj': 0, 'reason': 'rel_win1=56.4%（本命度） / 最有力組み合わせ確率: 0.100（推定実オッズ?13倍） / 2着集中度: 上位2艇 72.5%（補正+0.04） / 総合判定確率: 0.140 / → ヒモはやや固め。上位2艇以外を切ること', 'tenji_trigger': '展示確認: 1号艇伸び良→そのまま採用。悪→飛び組に差し替え。circle_pct上位2艇に絞り込むこと。'}",,,32.3,逃げ狙い,31.07,29.2,2,,,,,,,,,,,
2025-05-05,丸亀,11,3,山田理央,A2,26.90,3,,4.9804,22.9,56,56.8,0.1295,2.4054,,,0,低,62,0,-,4,0,60.3,1.3665,,,,,,0.0444,0.1444,0.0222,,○,E,,,0.4854,0.6,,0.414,S,89,0,◎1着固定 2-3着流し（5〜8点）,0.5777,"{'is_target': True, 'verdict': '点数絞り', 'max_combo_prob': 0.1003, 'est_top_odds': 13.3, 'circle_concentration': 72.5, 'eligible_count': 6, 'bet_adj': 0, 'reason': 'rel_win1=56.4%（本命度） / 最有力組み合わせ確率: 0.100（推定実オッズ?13倍） / 2着集中度: 上位2艇 72.5%（補正+0.04） / 総合判定確率: 0.140 / → ヒモはやや固め。上位2艇以外を切ること', 'tenji_trigger': '展示確認: 1号艇伸び良→そのまま採用。悪→飛び組に差し替え。circle_pct上位2艇に絞り込むこと。'}",,,32.3,逃げ狙い,31.07,29.2,2,,,,,,,,,,,
2025-05-05,丸亀,11,4,妻鳥晋也,B1,38.67,4,△,6.1086,17.5,61,52.5,0.1792,3.8983,,,0,低,151,0,-,2,0,65.7,1.31,0,0,0,0.069,0.0345,0.25,0.21,0.23,,,B,,,0.2351,0.601,,0.414,S,89,0,◎1着固定 2-3着流し（5〜8点）,0.5777,"{'is_target': True, 'verdict': '点数絞り', 'max_combo_prob': 0.1003, 'est_top_odds': 13.3, 'circle_concentration': 72.5, 'eligible_count': 6, 'bet_adj': 0, 'reason': 'rel_win1=56.4%（本命度） / 最有力組み合わせ確率: 0.100（推定実オッズ?13倍） / 2着集中度: 上位2艇 72.5%（補正+0.04） / 総合判定確率: 0.140 / → ヒモはやや固め。上位2艇以外を切ること', 'tenji_trigger': '展示確認: 1号艇伸び良→そのまま採用。悪→飛び組に差し替え。circle_pct上位2艇に絞り込むこと。'}",,,32.3,逃げ狙い,31.07,29.2,2,,,,,,,,,,,
2025-05-05,丸亀,11,5,川原祐明,A2,37.74,5,▲,10.4626,7,100,64.8,0.1587,3.5741,,,0,低,110,0,差ま0%,1,0,39.4,1.049,0,0.0357,0,0.2143,0,0.0276,0.1014,0.0138,,,B,△,◎,0.3439,0.6185,0.4435,0.414,S,89,0,◎1着固定 2-3着流し（5〜8点）,0.5777,"{'is_target': True, 'verdict': '点数絞り', 'max_combo_prob': 0.1003, 'est_top_odds': 13.3, 'circle_concentration': 72.5, 'eligible_count': 6, 'bet_adj': 0, 'reason': 'rel_win1=56.4%（本命度） / 最有力組み合わせ確率: 0.100（推定実オッズ?13倍） / 2着集中度: 上位2艇 72.5%（補正+0.04） / 総合判定確率: 0.140 / → ヒモはやや固め。上位2艇以外を切ること', 'tenji_trigger': '展示確認: 1号艇伸び良→そのまま採用。悪→飛び組に差し替え。circle_pct上位2艇に絞り込むこと。'}",,,32.3,逃げ狙い,31.07,29.2,2,,,,,,,,,,,
2025-05-05,丸亀,11,6,松尾夏海,A2,33.56,6,,2.2134,3,62,44.4,0.1615,3.1852,,,0,低,45,0,-,53,0,33.6,1.0703,0,0,0,0,0.1667,,,,,,C,○,,0.3219,0.684,,0.414,S,89,0,◎1着固定 2-3着流し（5〜8点）,0.5777,"{'is_target': True, 'verdict': '点数絞り', 'max_combo_prob': 0.1003, 'est_top_odds': 13.3, 'circle_concentration': 72.5, 'eligible_count': 6, 'bet_adj': 0, 'reason': 'rel_win1=56.4%（本命度） / 最有力組み合わせ確率: 0.100（推定実オッズ?13倍） / 2着集中度: 上位2艇 72.5%（補正+0.04） / 総合判定確率: 0.140 / → ヒモはやや固め。上位2艇以外を切ること', 'tenji_trigger': '展示確認: 1号艇伸び良→そのまま採用。悪→飛び組に差し替え。circle_pct上位2艇に絞り込むこと。'}",,,32.3,逃げ狙い,31.07,29.2,2,,,,,,,,,,,
2025-05-05,丸亀,12,1,重成一人,A1,40.43,1,◎,57.6012,,0,89.3,0.1493,2.6875,,,0,低,51,0,逃1%,25,0,81.3,0.9693,0.7,,,,,0.0533,0.2533,0.0133,◎,,B,,,,0.6315,,0.4514,S,100,0,◎1着固定 2-3着流し（5〜8点）,0.5777,"{'is_target': True, 'verdict': '参加推奨', 'max_combo_prob': 0.0902, 'est_top_odds': 14.8, 'circle_concentration': 67.4, 'eligible_count': 6, 'bet_adj': 2, 'reason': 'rel_win1=57.6%（本命度） / 最有力組み合わせ確率: 0.090（推定実オッズ?15倍） / 2着集中度: 上位2艇 67.4%（補正+0.00） / 総合判定確率: 0.090 / → ヒモ分散。1号艇1着固定で広めのヒモ流し推奨（買い目+2点）', 'tenji_trigger': '展示確認: ヒモ分散レース。1号艇伸び確認後、広めのヒモ流しを採用。穴ヒモ（5・6号艇）を積極的に含める。'}",,,28.9,逃げ狙い,21.01,28.2,3,,,,,0,0,0.7559,0,,逃げ軸流し,A
2025-05-05,丸亀,12,2,近江翔吾,A1,45.07,2,○,14.46,47.8,42,80.6,0.1244,2.5833,,,0,低,52,0,差0%,1,0,27.7,0.8434,0,0.2222,0,0,0,0.0811,0.0541,0.027,,◎,A,△,,0.6015,0.6415,,0.4514,S,100,0,◎1着固定 2-3着流し（5〜8点）,0.5777,"{'is_target': True, 'verdict': '参加推奨', 'max_combo_prob': 0.0902, 'est_top_odds': 14.8, 'circle_concentration': 67.4, 'eligible_count': 6, 'bet_adj': 2, 'reason': 'rel_win1=57.6%（本命度） / 最有力組み合わせ確率: 0.090（推定実オッズ?15倍） / 2着集中度: 上位2艇 67.4%（補正+0.00） / 総合判定確率: 0.090 / → ヒモ分散。1号艇1着固定で広めのヒモ流し推奨（買い目+2点）', 'tenji_trigger': '展示確認: ヒモ分散レース。1号艇伸び確認後、広めのヒモ流しを採用。穴ヒモ（5・6号艇）を積極的に含める。'}",,,28.9,逃げ狙い,21.01,28.2,3,,,,,,,,,,,
2025-05-05,丸亀,12,3,中村日向,A1,36.36,3,▲,13.9235,19.7,70,67.9,0.1311,2.6786,,,0,低,40,0,-,11,0,42.6,1.0529,0,0,0.1429,0.2143,0,0.1538,0.0769,0,,○,C,○,,0.4233,0.645,,0.4514,S,100,0,◎1着固定 2-3着流し（5〜8点）,0.5777,"{'is_target': True, 'verdict': '参加推奨', 'max_combo_prob': 0.0902, 'est_top_odds': 14.8, 'circle_concentration': 67.4, 'eligible_count': 6, 'bet_adj': 2, 'reason': 'rel_win1=57.6%（本命度） / 最有力組み合わせ確率: 0.090（推定実オッズ?15倍） / 2着集中度: 上位2艇 67.4%（補正+0.00） / 総合判定確率: 0.090 / → ヒモ分散。1号艇1着固定で広めのヒモ流し推奨（買い目+2点）', 'tenji_trigger': '展示確認: ヒモ分散レース。1号艇伸び確認後、広めのヒモ流しを採用。穴ヒモ（5・6号艇）を積極的に含める。'}",,,28.9,逃げ狙い,21.01,28.2,3,,,,,,,,,,,
2025-05-05,丸亀,12,4,宮崎　奨,A1,24.67,4,,4.2218,17.2,100,70.2,0.1772,3.694,,,0,低,134,0,-,2,0,72.9,0.9572,0,0,0,0.0333,0,0.0343,0.1571,0.2686,,,E,◎,,0.1668,0.658,,0.4514,S,100,0,◎1着固定 2-3着流し（5〜8点）,0.5777,"{'is_target': True, 'verdict': '参加推奨', 'max_combo_prob': 0.0902, 'est_top_odds': 14.8, 'circle_concentration': 67.4, 'eligible_count': 6, 'bet_adj': 2, 'reason': 'rel_win1=57.6%（本命度） / 最有力組み合わせ確率: 0.090（推定実オッズ?15倍） / 2着集中度: 上位2艇 67.4%（補正+0.00） / 総合判定確率: 0.090 / → ヒモ分散。1号艇1着固定で広めのヒモ流し推奨（買い目+2点）', 'tenji_trigger': '展示確認: ヒモ分散レース。1号艇伸び確認後、広めのヒモ流しを採用。穴ヒモ（5・6号艇）を積極的に含める。'}",,,28.9,逃げ狙い,21.01,28.2,3,,,,,,,,,,,
2025-05-05,丸亀,12,5,竹田和哉,A1,29.73,5,,7.0037,11.4,79,64.3,0.1729,4.0357,,,0,低,106,0,差ま0%,42,0,77.7,1.254,0,0,0.0345,0.1379,0,0.116,0.116,0,,,D,△,◎,0.2336,0.6415,0.3054,0.4514,S,100,0,◎1着固定 2-3着流し（5〜8点）,0.5777,"{'is_target': True, 'verdict': '参加推奨', 'max_combo_prob': 0.0902, 'est_top_odds': 14.8, 'circle_concentration': 67.4, 'eligible_count': 6, 'bet_adj': 2, 'reason': 'rel_win1=57.6%（本命度） / 最有力組み合わせ確率: 0.090（推定実オッズ?15倍） / 2着集中度: 上位2艇 67.4%（補正+0.00） / 総合判定確率: 0.090 / → ヒモ分散。1号艇1着固定で広めのヒモ流し推奨（買い目+2点）', 'tenji_trigger': '展示確認: ヒモ分散レース。1号艇伸び確認後、広めのヒモ流しを採用。穴ヒモ（5・6号艇）を積極的に含める。'}",,,28.9,逃げ狙い,21.01,28.2,3,,,,,,,,,,,
2025-05-05,丸亀,12,6,濱野斗馬,A2,35.38,6,△,2.7898,4,56,36.7,0.1433,4.0167,,,0,低,40,0,-,3,0,42.2,1.2989,,,,,,0.0968,0,0.0323,,,C,△,,0.3297,0.638,,0.4514,S,100,0,◎1着固定 2-3着流し（5〜8点）,0.5777,"{'is_target': True, 'verdict': '参加推奨', 'max_combo_prob': 0.0902, 'est_top_odds': 14.8, 'circle_concentration': 67.4, 'eligible_count': 6, 'bet_adj': 2, 'reason': 'rel_win1=57.6%（本命度） / 最有力組み合わせ確率: 0.090（推定実オッズ?15倍） / 2着集中度: 上位2艇 67.4%（補正+0.00） / 総合判定確率: 0.090 / → ヒモ分散。1号艇1着固定で広めのヒモ流し推奨（買い目+2点）', 'tenji_trigger': '展示確認: ヒモ分散レース。1号艇伸び確認後、広めのヒモ流しを採用。穴ヒモ（5・6号艇）を積極的に含める。'}",,,28.9,逃げ狙い,21.01,28.2,3,,,,,,,,,,,
2025-05-06,丸亀,1,1,嶋田貴支,B1,33.80,1,◎,62.2446,,0,82.2,0.1524,3.2,,,0,低,134,0,逃1%,244,0,69.1,1.0543,0.6087,,,,,0.0174,0.0522,0.1174,◎,,C,△,,,0.6045,,0.4755,A,77,0,◎-○軸 3着3〜4艇流し（10〜15点）,0.5777,"{'is_target': True, 'verdict': '点数絞り', 'max_combo_prob': 0.1229, 'est_top_odds': 10.9, 'circle_concentration': 76.4, 'eligible_count': 8, 'bet_adj': 0, 'reason': 'rel_win1=62.2%（本命度） / 最有力組み合わせ確率: 0.123（推定実オッズ?11倍） / 2着集中度: 上位2艇 76.4%（補正+0.04） / 総合判定確率: 0.163 / → ヒモはやや固め。上位2艇以外を切ること', 'tenji_trigger': '展示確認: 1号艇伸び良→そのまま採用。悪→飛び組に差し替え。circle_pct上位2艇に絞り込むこと。'}",,,25.5,逃げ狙い,12.33,25.8,2,,,,,0,0,0.7559,0,,逃げ軸流し,A
2025-05-06,丸亀,1,2,宮武英司,B1,29.03,2,,8.9341,56.6,85,67.3,0.1471,3.1455,,,0,低,89,0,-,452,0,24.5,0.7359,,,,,,0.4889,0.0222,0.0222,,◎,E,◎,,0.3805,0.658,,0.4755,A,77,0,◎-○軸 3着3〜4艇流し（10〜15点）,0.5777,"{'is_target': True, 'verdict': '点数絞り', 'max_combo_prob': 0.1229, 'est_top_odds': 10.9, 'circle_concentration': 76.4, 'eligible_count': 8, 'bet_adj': 0, 'reason': 'rel_win1=62.2%（本命度） / 最有力組み合わせ確率: 0.123（推定実オッズ?11倍） / 2着集中度: 上位2艇 76.4%（補正+0.04） / 総合判定確率: 0.163 / → ヒモはやや固め。上位2艇以外を切ること', 'tenji_trigger': '展示確認: 1号艇伸び良→そのまま採用。悪→飛び組に差し替え。circle_pct上位2艇に絞り込むこと。'}",,,25.5,逃げ狙い,12.33,25.8,2,,,,,,,,,,,
2025-05-06,丸亀,1,3,西原明生,B1,47.89,3,○,10.4114,19.7,100,40,0.1844,3.6643,,,0,低,192,0,差ま0%,653,0,56.6,1.4348,0,0,0,0.069,0,0.2571,0.2571,0.2762,,,A,○,,0.13,0.641,,0.4755,A,77,0,◎-○軸 3着3〜4艇流し（10〜15点）,0.5777,"{'is_target': True, 'verdict': '点数絞り', 'max_combo_prob': 0.1229, 'est_top_odds': 10.9, 'circle_concentration': 76.4, 'eligible_count': 8, 'bet_adj': 0, 'reason': 'rel_win1=62.2%（本命度） / 最有力組み合わせ確率: 0.123（推定実オッズ?11倍） / 2着集中度: 上位2艇 76.4%（補正+0.04） / 総合判定確率: 0.163 / → ヒモはやや固め。上位2艇以外を切ること', 'tenji_trigger': '展示確認: 1号艇伸び良→そのまま採用。悪→飛び組に差し替え。circle_pct上位2艇に絞り込むこと。'}",,,25.5,逃げ狙い,12.33,25.8,2,,,,,,,,,,,
2025-05-06,丸亀,1,4,門田　栞,B1,39.60,4,▲,12.0833,12,93,42.9,0.15,3.5714,,,0,低,76,0,差ま0%,666,0,45.2,0.8877,0,0,0,0.0667,0,0.2308,0.3077,0,,,C,,,0.2992,0.5145,,0.4755,A,77,0,◎-○軸 3着3〜4艇流し（10〜15点）,0.5777,"{'is_target': True, 'verdict': '点数絞り', 'max_combo_prob': 0.1229, 'est_top_odds': 10.9, 'circle_concentration': 76.4, 'eligible_count': 8, 'bet_adj': 0, 'reason': 'rel_win1=62.2%（本命度） / 最有力組み合わせ確率: 0.123（推定実オッズ?11倍） / 2着集中度: 上位2艇 76.4%（補正+0.04） / 総合判定確率: 0.163 / → ヒモはやや固め。上位2艇以外を切ること', 'tenji_trigger': '展示確認: 1号艇伸び良→そのまま採用。悪→飛び組に差し替え。circle_pct上位2艇に絞り込むこと。'}",,,25.5,逃げ狙い,12.33,25.8,2,,,,,,,,,,,
2025-05-06,丸亀,1,5,村岡　賢,B1,41.61,5,△,5.1025,10,68,29.7,0.1669,3.8176,,,0,低,137,0,-,6 46,0,36.5,1.0114,,,,,,0.0571,0.2343,0.0762,,,B,△,,0.2667,0.6265,,0.4755,A,77,0,◎-○軸 3着3〜4艇流し（10〜15点）,0.5777,"{'is_target': True, 'verdict': '点数絞り', 'max_combo_prob': 0.1229, 'est_top_odds': 10.9, 'circle_concentration': 76.4, 'eligible_count': 8, 'bet_adj': 0, 'reason': 'rel_win1=62.2%（本命度） / 最有力組み合わせ確率: 0.123（推定実オッズ?11倍） / 2着集中度: 上位2艇 76.4%（補正+0.04） / 総合判定確率: 0.163 / → ヒモはやや固め。上位2艇以外を切ること', 'tenji_trigger': '展示確認: 1号艇伸び良→そのまま採用。悪→飛び組に差し替え。circle_pct上位2艇に絞り込むこと。'}",,,25.5,逃げ狙い,12.33,25.8,2,,,,,,,,,,,
2025-05-06,丸亀,1,6,中岡　駿,B2,32.89,6,,1.2241,1.6,26,6.2,0.2055,4.3615,,,0,低,40,0,-,5 6,0,97.5,2.1256,,,,,,,,,,,D,,,0.1411,0.482,,0.4755,A,77,0,◎-○軸 3着3〜4艇流し（10〜15点）,0.5777,"{'is_target': True, 'verdict': '点数絞り', 'max_combo_prob': 0.1229, 'est_top_odds': 10.9, 'circle_concentration': 76.4, 'eligible_count': 8, 'bet_adj': 0, 'reason': 'rel_win1=62.2%（本命度） / 最有力組み合わせ確率: 0.123（推定実オッズ?11倍） / 2着集中度: 上位2艇 76.4%（補正+0.04） / 総合判定確率: 0.163 / → ヒモはやや固め。上位2艇以外を切ること', 'tenji_trigger': '展示確認: 1号艇伸び良→そのまま採用。悪→飛び組に差し替え。circle_pct上位2艇に絞り込むこと。'}",,,25.5,逃げ狙い,12.33,25.8,2,,,,,,,,,,,
2025-05-06,丸亀,2,1,越智照浩,B1,27.33,1,△,39.5839,,0,54.3,0.1997,4.0714,,,0,低,133,0,-,343,0,76,1.0876,0.0625,,,,,0.2,0.35,0.05,,,E,,,,0.563,,0.1305,D,30,1,大荒れ。見送り推奨,0.5777,"{'is_target': False, 'verdict': '対象外', 'max_combo_prob': None, 'est_top_odds': None, 'circle_concentration': None, 'eligible_count': 0, 'bet_adj': 0, 'reason': '1号艇rel_win1 < 45%: 通常判定に委ねる', 'tenji_trigger': ''}",,,36.1,両建て推奨,14.46,39.9,5,2-1-3|2-1-5|2-1-4|2-3-1|2-5-1|2-5-3|2-3-5|1-2-5|1-2-3|1-3-2,2-1-3|2-1-5|2-1-4|2-3-1|2-5-1|2-5-3|2-3-5|1-2-5|1-2-3|1-3-2|5-1-6|6-1-3,2-1-3:3.54%|2-1-5:1.65%|2-1-4:1.46%|2-3-1:1.07%|2-5-1:0.54%|2-5-3:0.38%|2-3-5:0.35%|1-2-5:4.48%|1-2-3:4.39%|1-3-2:4.35%,2-1-3:B_main|2-1-5:B_main|2-1-4:B_main|2-3-1:B_main|2-5-1:B_main|2-5-3:B_main|2-3-5:B_main|1-2-5:A|1-2-3:A|1-3-2:A,10,12,0.2915,1,[!]見送り推奨（主役決まり手「差し」― 逃げ劣勢レースで的中実績なし）,主役軸流し,B
2025-05-06,丸亀,2,2,三嶌ここ,B1,40.74,2,,12.9421,29.6,100,37.5,0.1694,4.3125,,,0,低,114,0,-,3 54,0,88.1,1.5826,,,,,,0.0571,0.0571,0.3143,,◎,D,,,0.6075,0.553,,0.1305,D,30,1,大荒れ。見送り推奨,0.5777,"{'is_target': False, 'verdict': '対象外', 'max_combo_prob': None, 'est_top_odds': None, 'circle_concentration': None, 'eligible_count': 0, 'bet_adj': 0, 'reason': '1号艇rel_win1 < 45%: 通常判定に委ねる', 'tenji_trigger': ''}",,,36.1,両建て推奨,14.46,39.9,5,,,,,,,,,,,
2025-05-06,丸亀,2,3,村越　篤,A2,49.65,3,◎,22.2702,29.8,69,53.6,0.1667,3.2681,,,0,低,142,0,ま0% 抜0%,531,0,54.3,1.1719,0,0,0.0417,0.0417,0.0417,0.2516,0.0129,0.0774,,△,A,◎,,0.4935,0.667,,0.1305,D,30,1,大荒れ。見送り推奨,0.5777,"{'is_target': False, 'verdict': '対象外', 'max_combo_prob': None, 'est_top_odds': None, 'circle_concentration': None, 'eligible_count': 0, 'bet_adj': 0, 'reason': '1号艇rel_win1 < 45%: 通常判定に委ねる', 'tenji_trigger': ''}",,,36.1,両建て推奨,14.46,39.9,5,,,,,,,,,,,
2025-05-06,丸亀,2,4,川上清人,B1,48.15,4,▲,12.9175,13.8,31,30.6,0.1776,3.8163,,,0,低,150,0,-,2 33,0,74.5,1.364,0,0,0,0.08,0,0.3733,0.0381,0.1962,,,B,△,,0.4324,0.595,,0.1305,D,30,1,大荒れ。見送り推奨,0.5777,"{'is_target': False, 'verdict': '対象外', 'max_combo_prob': None, 'est_top_odds': None, 'circle_concentration': None, 'eligible_count': 0, 'bet_adj': 0, 'reason': '1号艇rel_win1 < 45%: 通常判定に委ねる', 'tenji_trigger': ''}",,,36.1,両建て推奨,14.46,39.9,5,,,,,,,,,,,
2025-05-06,丸亀,2,5,中岡正彦,A2,44.59,5,○,10.7403,23.6,76,66.7,0.1304,2.9815,,,0,低,42,0,-,422,0,51.8,0.991,,,,,,0.1103,0,0.0588,,○,C,△,,0.5399,0.649,,0.1305,D,30,1,大荒れ。見送り推奨,0.5777,"{'is_target': False, 'verdict': '対象外', 'max_combo_prob': None, 'est_top_odds': None, 'circle_concentration': None, 'eligible_count': 0, 'bet_adj': 0, 'reason': '1号艇rel_win1 < 45%: 通常判定に委ねる', 'tenji_trigger': ''}",,,36.1,両建て推奨,14.46,39.9,5,,,,,,,,,,,
2025-05-06,丸亀,2,6,山本景士,B1,41.03,6,,1.546,3.1,37,12.1,0.1793,4.319,,,0,低,147,0,-,16F,0,30.4,0.5461,,,,,,0.1091,0.2909,0.0182,,,C,○,,0.4274,0.6505,,0.1305,D,30,1,大荒れ。見送り推奨,0.5777,"{'is_target': False, 'verdict': '対象外', 'max_combo_prob': None, 'est_top_odds': None, 'circle_concentration': None, 'eligible_count': 0, 'bet_adj': 0, 'reason': '1号艇rel_win1 < 45%: 通常判定に委ねる', 'tenji_trigger': ''}",,,36.1,両建て推奨,14.46,39.9,5,,,,,,,,,,,
2025-05-06,丸亀,3,1,森安弘雅,B1,40.67,1,◎,53.4099,,0,78.2,0.1765,3.4727,,,0,低,178,0,抜0%,125,0,85.8,1.1162,0.3333,,,,,0.0167,0.1833,0.2,○,,A,,,,0.6065,,0.3652,A,73,0,◎-○軸 3着3〜4艇流し（10〜15点）,0.5777,"{'is_target': True, 'verdict': '参加推奨', 'max_combo_prob': 0.0581, 'est_top_odds': 22.9, 'circle_concentration': 77.6, 'eligible_count': 8, 'bet_adj': 2, 'reason': 'rel_win1=53.4%（本命度） / 最有力組み合わせ確率: 0.058（推定実オッズ?23倍） / 2着集中度: 上位2艇 77.6%（補正+0.04） / 総合判定確率: 0.098 / → ヒモ分散。1号艇1着固定で広めのヒモ流し推奨（買い目+2点）', 'tenji_trigger': '展示確認: ヒモ分散レース。1号艇伸び確認後、広めのヒモ流しを採用。穴ヒモ（5・6号艇）を積極的に含める。'}",,,28.8,逃げ狙い,18.61,29.8,3,,,,,0,0,0.6155,0,,逃げ軸流し,A
2025-05-06,丸亀,3,2,平池仁志,B1,31.79,2,△,8.6995,38.3,96,37.8,0.2076,4.6351,,,0,低,96,0,-,143,0,63.8,1.3614,,,,,,0.6667,0,0,,,C,△,,0.08,0.619,,0.3652,A,73,0,◎-○軸 3着3〜4艇流し（10〜15点）,0.5777,"{'is_target': True, 'verdict': '参加推奨', 'max_combo_prob': 0.0581, 'est_top_odds': 22.9, 'circle_concentration': 77.6, 'eligible_count': 8, 'bet_adj': 2, 'reason': 'rel_win1=53.4%（本命度） / 最有力組み合わせ確率: 0.058（推定実オッズ?23倍） / 2着集中度: 上位2艇 77.6%（補正+0.04） / 総合判定確率: 0.098 / → ヒモ分散。1号艇1着固定で広めのヒモ流し推奨（買い目+2点）', 'tenji_trigger': '展示確認: ヒモ分散レース。1号艇伸び確認後、広めのヒモ流しを採用。穴ヒモ（5・6号艇）を積極的に含める。'}",,,28.8,逃げ狙い,18.61,29.8,3,,,,,,,,,,,
2025-05-06,丸亀,3,3,平高奈菜,A1,30.32,3,○,18.3752,39.3,100,58.3,0.1575,3.0625,,,0,低,46,0,抜0%,1S43,0,48.9,1.1173,0,0,0.0833,0.0833,0.0833,0.2,0,0.1333,,◎,D,○,,0.4125,0.6215,,0.3652,A,73,0,◎-○軸 3着3〜4艇流し（10〜15点）,0.5777,"{'is_target': True, 'verdict': '参加推奨', 'max_combo_prob': 0.0581, 'est_top_odds': 22.9, 'circle_concentration': 77.6, 'eligible_count': 8, 'bet_adj': 2, 'reason': 'rel_win1=53.4%（本命度） / 最有力組み合わせ確率: 0.058（推定実オッズ?23倍） / 2着集中度: 上位2艇 77.6%（補正+0.04） / 総合判定確率: 0.098 / → ヒモ分散。1号艇1着固定で広めのヒモ流し推奨（買い目+2点）', 'tenji_trigger': '展示確認: ヒモ分散レース。1号艇伸び確認後、広めのヒモ流しを採用。穴ヒモ（5・6号艇）を積極的に含める。'}",,,28.8,逃げ狙い,18.61,29.8,3,,,,,,,,,,,
2025-05-06,丸亀,3,4,三嶌さら,B2,28.48,4,,6.4853,10,83,24.2,0.1927,4.2424,,,0,低,82,0,差0%,456,0,24.9,0.8066,0,0.0455,0,0,0,0,0.25,0,,,D,,,0.2458,0.576,,0.3652,A,73,0,◎-○軸 3着3〜4艇流し（10〜15点）,0.5777,"{'is_target': True, 'verdict': '参加推奨', 'max_combo_prob': 0.0581, 'est_top_odds': 22.9, 'circle_concentration': 77.6, 'eligible_count': 8, 'bet_adj': 2, 'reason': 'rel_win1=53.4%（本命度） / 最有力組み合わせ確率: 0.058（推定実オッズ?23倍） / 2着集中度: 上位2艇 77.6%（補正+0.04） / 総合判定確率: 0.098 / → ヒモ分散。1号艇1着固定で広めのヒモ流し推奨（買い目+2点）', 'tenji_trigger': '展示確認: ヒモ分散レース。1号艇伸び確認後、広めのヒモ流しを採用。穴ヒモ（5・6号艇）を積極的に含める。'}",,,28.8,逃げ狙い,18.61,29.8,3,,,,,,,,,,,
2025-05-06,丸亀,3,5,木村光宏,B1,28.30,5,,8.1235,5.5,82,21.2,0.1803,3.9848,,,0,低,99,0,-,562,0,68,1.2267,,,,,,0.3952,0.3571,0.0571,,,E,◎,,0.3291,0.6335,,0.3652,A,73,0,◎-○軸 3着3〜4艇流し（10〜15点）,0.5777,"{'is_target': True, 'verdict': '参加推奨', 'max_combo_prob': 0.0581, 'est_top_odds': 22.9, 'circle_concentration': 77.6, 'eligible_count': 8, 'bet_adj': 2, 'reason': 'rel_win1=53.4%（本命度） / 最有力組み合わせ確率: 0.058（推定実オッズ?23倍） / 2着集中度: 上位2艇 77.6%（補正+0.04） / 総合判定確率: 0.098 / → ヒモ分散。1号艇1着固定で広めのヒモ流し推奨（買い目+2点）', 'tenji_trigger': '展示確認: ヒモ分散レース。1号艇伸び確認後、広めのヒモ流しを採用。穴ヒモ（5・6号艇）を積極的に含める。'}",,,28.8,逃げ狙い,18.61,29.8,3,,,,,,,,,,,
2025-05-06,丸亀,3,6,川原祐明,A2,37.74,6,▲,4.9066,6.9,87,40.7,0.1822,4.037,,,0,低,110,0,-,1 14,0,27.7,0.7569,0,0,0,0.037,0,0.0276,0.1014,0.0138,,,B,△,,0.289,0.6185,,0.3652,A,73,0,◎-○軸 3着3〜4艇流し（10〜15点）,0.5777,"{'is_target': True, 'verdict': '参加推奨', 'max_combo_prob': 0.0581, 'est_top_odds': 22.9, 'circle_concentration': 77.6, 'eligible_count': 8, 'bet_adj': 2, 'reason': 'rel_win1=53.4%（本命度） / 最有力組み合わせ確率: 0.058（推定実オッズ?23倍） / 2着集中度: 上位2艇 77.6%（補正+0.04） / 総合判定確率: 0.098 / → ヒモ分散。1号艇1着固定で広めのヒモ流し推奨（買い目+2点）', 'tenji_trigger': '展示確認: ヒモ分散レース。1号艇伸び確認後、広めのヒモ流しを採用。穴ヒモ（5・6号艇）を積極的に含める。'}",,,28.8,逃げ狙い,18.61,29.8,3,,,,,,,,,,,
2025-05-06,丸亀,4,1,下田哲也,B1,42.47,1,◎,43.3545,,0,61.9,0.1467,2.9762,,,0,低,104,0,-,5 13,0,80.8,0.9563,0.0833,,,,,0.3333,0.1667,0.25,○,,A,△,,,0.615,,0.3542,B,46,0,◎○△フォーメーション（15〜20点）,0.5777,"{'is_target': False, 'verdict': '対象外', 'max_combo_prob': None, 'est_top_odds': None, 'circle_concentration': None, 'eligible_count': 0, 'bet_adj': 0, 'reason': '1号艇rel_win1 < 45%: 通常判定に委ねる', 'tenji_trigger': ''}",,,30.9,両建て推奨,15.5,38.4,4,,,,,0,0,0.6155,0,,主役軸流し,B
2025-05-06,丸亀,4,2,松下知幸,B1,33.76,2,▲,11.5495,23.1,100,48,0.1509,3.1753,,,0,低,152,0,差0%,265,0,59.5,1.1024,0,0.0909,0.0303,0,0,0.2152,0.1581,0.1962,,△,C,,,0.3262,0.5965,,0.3542,B,46,0,◎○△フォーメーション（15〜20点）,0.5777,"{'is_target': False, 'verdict': '対象外', 'max_combo_prob': None, 'est_top_odds': None, 'circle_concentration': None, 'eligible_count': 0, 'bet_adj': 0, 'reason': '1号艇rel_win1 < 45%: 通常判定に委ねる', 'tenji_trigger': ''}",,,30.9,両建て推奨,15.5,38.4,4,,,,,,,,,,,
2025-05-06,丸亀,4,3,西岡顕心,A1,30.67,3,,16.1583,30.5,78,70.4,0.1567,2.8519,,,0,低,55,0,-,341,0,34.9,0.9488,0,0,0,0.25,0,0,0.0714,0,,,D,○,,0.3291,0.6245,,0.3542,B,46,0,◎○△フォーメーション（15〜20点）,0.5777,"{'is_target': False, 'verdict': '対象外', 'max_combo_prob': None, 'est_top_odds': None, 'circle_concentration': None, 'eligible_count': 0, 'bet_adj': 0, 'reason': '1号艇rel_win1 < 45%: 通常判定に委ねる', 'tenji_trigger': ''}",,,30.9,両建て推奨,15.5,38.4,4,,,,,,,,,,,
2025-05-06,丸亀,4,4,濱野斗馬,A2,35.38,4,○,16.7462,23.8,82,66.7,0.1374,2.0741,,,0,低,40,0,ま0%,3 36,0,26.6,0.7666,0,0,0.0625,0.125,0,0.0968,0,0.0323,,,B,◎,◎,0.3629,0.638,0.422,0.3542,B,46,0,◎○△フォーメーション（15〜20点）,0.5777,"{'is_target': False, 'verdict': '対象外', 'max_combo_prob': None, 'est_top_odds': None, 'circle_concentration': None, 'eligible_count': 0, 'bet_adj': 0, 'reason': '1号艇rel_win1 < 45%: 通常判定に委ねる', 'tenji_trigger': ''}",,,30.9,両建て推奨,15.5,38.4,4,,,,,,,,,,,
2025-05-06,丸亀,4,5,石井伸長,B1,33.77,5,△,8.4625,20.8,43,44,0.1714,3.54,,,0,低,79,0,-,3 26,0,40.6,0.8776,0,0,0.0286,0.0286,0,0,0.5,0.25,,,C,,,0.2278,0.5655,,0.3542,B,46,0,◎○△フォーメーション（15〜20点）,0.5777,"{'is_target': False, 'verdict': '対象外', 'max_combo_prob': None, 'est_top_odds': None, 'circle_concentration': None, 'eligible_count': 0, 'bet_adj': 0, 'reason': '1号艇rel_win1 < 45%: 通常判定に委ねる', 'tenji_trigger': ''}",,,30.9,両建て推奨,15.5,38.4,4,,,,,,,,,,,
2025-05-06,丸亀,4,6,中村桃佳,B2,29.14,6,,3.7289,1.9,56,26.1,0.1491,3.5435,,,0,低,41,0,-,2 15,0,31.7,0.8422,0,0,0,0.0667,0,0.0471,0.0706,0.2706,,,E,△,,0.3084,0.6205,,0.3542,B,46,0,◎○△フォーメーション（15〜20点）,0.5777,"{'is_target': False, 'verdict': '対象外', 'max_combo_prob': None, 'est_top_odds': None, 'circle_concentration': None, 'eligible_count': 0, 'bet_adj': 0, 'reason': '1号艇rel_win1 < 45%: 通常判定に委ねる', 'tenji_trigger': ''}",,,30.9,両建て推奨,15.5,38.4,4,,,,,,,,,,,
2025-05-06,丸亀,5,1,福田雅一,A2,39.86,1,◎,59.0485,,0,92.2,0.1457,3.0098,,,0,低,91,0,逃1%,166,0,60.5,0.9994,0.5,,,,,0.2,0.1,0.2,◎,,B,◎,,,0.66,,0.5419,S,94,0,◎1着固定 2-3着流し（5〜8点）,0.5777,"{'is_target': True, 'verdict': '点数絞り', 'max_combo_prob': 0.1035, 'est_top_odds': 12.9, 'circle_concentration': 76.8, 'eligible_count': 6, 'bet_adj': 0, 'reason': 'rel_win1=59.0%（本命度） / 最有力組み合わせ確率: 0.104（推定実オッズ?13倍） / 2着集中度: 上位2艇 76.8%（補正+0.04） / 総合判定確率: 0.144 / → ヒモはやや固め。上位2艇以外を切ること', 'tenji_trigger': '展示確認: 1号艇伸び良→そのまま採用。悪→飛び組に差し替え。circle_pct上位2艇に絞り込むこと。'}",,,28.8,逃げ狙い,15.88,32.1,2,,,,,0,0,0.7559,0,,逃げ軸流し,A
2025-05-06,丸亀,5,2,宮崎　奨,A1,24.67,2,,16.2861,49.1,68,73.4,0.1681,3.9766,,,0,低,134,0,差0%,2 25,0,44,1.1402,0,0.16,0,0,0,0.0343,0.1571,0.2686,,,D,○,,0.1431,0.658,,0.5419,S,94,0,◎1着固定 2-3着流し（5〜8点）,0.5777,"{'is_target': True, 'verdict': '点数絞り', 'max_combo_prob': 0.1035, 'est_top_odds': 12.9, 'circle_concentration': 76.8, 'eligible_count': 6, 'bet_adj': 0, 'reason': 'rel_win1=59.0%（本命度） / 最有力組み合わせ確率: 0.104（推定実オッズ?13倍） / 2着集中度: 上位2艇 76.8%（補正+0.04） / 総合判定確率: 0.144 / → ヒモはやや固め。上位2艇以外を切ること', 'tenji_trigger': '展示確認: 1号艇伸び良→そのまま採用。悪→飛び組に差し替え。circle_pct上位2艇に絞り込むこと。'}",,,28.8,逃げ狙い,15.88,32.1,2,,,,,,,,,,,
2025-05-06,丸亀,5,3,門田　栞,B1,39.60,3,△,10.4743,27.7,76,59.5,0.1586,3.5946,,,0,低,76,0,-,666,0,28.4,0.9362,0,0.0526,0,0.0526,0,0.2308,0.3077,0,,,C,,,0.2423,0.5145,,0.5419,S,94,0,◎1着固定 2-3着流し（5〜8点）,0.5777,"{'is_target': True, 'verdict': '点数絞り', 'max_combo_prob': 0.1035, 'est_top_odds': 12.9, 'circle_concentration': 76.8, 'eligible_count': 6, 'bet_adj': 0, 'reason': 'rel_win1=59.0%（本命度） / 最有力組み合わせ確率: 0.104（推定実オッズ?13倍） / 2着集中度: 上位2艇 76.8%（補正+0.04） / 総合判定確率: 0.144 / → ヒモはやや固め。上位2艇以外を切ること', 'tenji_trigger': '展示確認: 1号艇伸び良→そのまま採用。悪→飛び組に差し替え。circle_pct上位2艇に絞り込むこと。'}",,,28.8,逃げ狙い,15.88,32.1,2,,,,,,,,,,,
2025-05-06,丸亀,5,4,大西隆洋,B1,39.86,4,○,9.9901,15.8,59,40,0.1445,2.9818,,,0,低,103,0,-,2 45,0,44.1,0.9547,,,,,,0.3077,0.0769,0.3077,,,B,△,,0.3325,0.6055,,0.5419,S,94,0,◎1着固定 2-3着流し（5〜8点）,0.5777,"{'is_target': True, 'verdict': '点数絞り', 'max_combo_prob': 0.1035, 'est_top_odds': 12.9, 'circle_concentration': 76.8, 'eligible_count': 6, 'bet_adj': 0, 'reason': 'rel_win1=59.0%（本命度） / 最有力組み合わせ確率: 0.104（推定実オッズ?13倍） / 2着集中度: 上位2艇 76.8%（補正+0.04） / 総合判定確率: 0.144 / → ヒモはやや固め。上位2艇以外を切ること', 'tenji_trigger': '展示確認: 1号艇伸び良→そのまま採用。悪→飛び組に差し替え。circle_pct上位2艇に絞り込むこと。'}",,,28.8,逃げ狙い,15.88,32.1,2,,,,,,,,,,,
2025-05-06,丸亀,5,5,山田理央,A2,26.90,5,,3.0039,7.1,100,52.9,0.1591,3.1912,,,0,低,62,0,-,4 56,0,36,1.0655,,,,,,0.0444,0.1444,0.0222,,,D,△,,0.2824,0.6,,0.5419,S,94,0,◎1着固定 2-3着流し（5〜8点）,0.5777,"{'is_target': True, 'verdict': '点数絞り', 'max_combo_prob': 0.1035, 'est_top_odds': 12.9, 'circle_concentration': 76.8, 'eligible_count': 6, 'bet_adj': 0, 'reason': 'rel_win1=59.0%（本命度） / 最有力組み合わせ確率: 0.104（推定実オッズ?13倍） / 2着集中度: 上位2艇 76.8%（補正+0.04） / 総合判定確率: 0.144 / → ヒモはやや固め。上位2艇以外を切ること', 'tenji_trigger': '展示確認: 1号艇伸び良→そのまま採用。悪→飛び組に差し替え。circle_pct上位2艇に絞り込むこと。'}",,,28.8,逃げ狙い,15.88,32.1,2,,,,,,,,,,,
2025-05-06,丸亀,5,6,上田隆章,B1,41.38,6,▲,1.1971,0.3,45,16.1,0.2268,5.1696,,,0,低,192,0,-,F 35,0,100,2.8519,,,,,,0.3,0.22,0.1,,,B,,,0.15,0.5515,,0.5419,S,94,0,◎1着固定 2-3着流し（5〜8点）,0.5777,"{'is_target': True, 'verdict': '点数絞り', 'max_combo_prob': 0.1035, 'est_top_odds': 12.9, 'circle_concentration': 76.8, 'eligible_count': 6, 'bet_adj': 0, 'reason': 'rel_win1=59.0%（本命度） / 最有力組み合わせ確率: 0.104（推定実オッズ?13倍） / 2着集中度: 上位2艇 76.8%（補正+0.04） / 総合判定確率: 0.144 / → ヒモはやや固め。上位2艇以外を切ること', 'tenji_trigger': '展示確認: 1号艇伸び良→そのまま採用。悪→飛び組に差し替え。circle_pct上位2艇に絞り込むこと。'}",,,28.8,逃げ狙い,15.88,32.1,2,,,,,,,,,,,
2025-05-06,丸亀,6,1,松尾夏海,A2,33.56,1,◎,59.3679,,0,88.2,0.1676,3.0441,,,0,低,45,0,逃1%,5313,0,87.2,1.1399,1,,,,,,,,◎,,D,◎,,,0.684,,0.5158,S,100,0,◎1着固定 2-3着流し（5〜8点）,0.5777,"{'is_target': True, 'verdict': '参加推奨', 'max_combo_prob': 0.0767, 'est_top_odds': 17.4, 'circle_concentration': 65.1, 'eligible_count': 6, 'bet_adj': 2, 'reason': 'rel_win1=59.4%（本命度） / 最有力組み合わせ確率: 0.077（推定実オッズ?17倍） / 2着集中度: 上位2艇 65.1%（補正+0.00） / 総合判定確率: 0.077 / → ヒモ分散。1号艇1着固定で広めのヒモ流し推奨（買い目+2点）', 'tenji_trigger': '展示確認: ヒモ分散レース。1号艇伸び確認後、広めのヒモ流しを採用。穴ヒモ（5・6号艇）を積極的に含める。'}",,,24.6,逃げ狙い,13.76,21.9,2,,,,,0,0,0.7559,0,,逃げ軸流し,A
2025-05-06,丸亀,6,2,妻鳥晋也,B1,38.67,2,△,13.215,30.1,59,58.3,0.1983,4.725,,,0,低,151,0,差0%,2 55,0,69.9,1.4198,0,0.12,0,0,0,0.25,0.21,0.23,,,B,,,0.0772,0.601,,0.5158,S,100,0,◎1着固定 2-3着流し（5〜8点）,0.5777,"{'is_target': True, 'verdict': '参加推奨', 'max_combo_prob': 0.0767, 'est_top_odds': 17.4, 'circle_concentration': 65.1, 'eligible_count': 6, 'bet_adj': 2, 'reason': 'rel_win1=59.4%（本命度） / 最有力組み合わせ確率: 0.077（推定実オッズ?17倍） / 2着集中度: 上位2艇 65.1%（補正+0.00） / 総合判定確率: 0.077 / → ヒモ分散。1号艇1着固定で広めのヒモ流し推奨（買い目+2点）', 'tenji_trigger': '展示確認: ヒモ分散レース。1号艇伸び確認後、広めのヒモ流しを採用。穴ヒモ（5・6号艇）を積極的に含める。'}",,,24.6,逃げ狙い,13.76,21.9,2,,,,,,,,,,,
2025-05-06,丸亀,6,3,小野寺智,A2,36.73,3,▲,10.782,35,83,75,0.1383,2.5865,,,0,低,79,0,ま0%,4334,0,37.3,0.8767,0,0,0.0455,0.0455,0,0.1217,0.0174,0.3096,,◎,C,△,,0.4329,0.6185,,0.5158,S,100,0,◎1着固定 2-3着流し（5〜8点）,0.5777,"{'is_target': True, 'verdict': '参加推奨', 'max_combo_prob': 0.0767, 'est_top_odds': 17.4, 'circle_concentration': 65.1, 'eligible_count': 6, 'bet_adj': 2, 'reason': 'rel_win1=59.4%（本命度） / 最有力組み合わせ確率: 0.077（推定実オッズ?17倍） / 2着集中度: 上位2艇 65.1%（補正+0.00） / 総合判定確率: 0.077 / → ヒモ分散。1号艇1着固定で広めのヒモ流し推奨（買い目+2点）', 'tenji_trigger': '展示確認: ヒモ分散レース。1号艇伸び確認後、広めのヒモ流しを採用。穴ヒモ（5・6号艇）を積極的に含める。'}",,,24.6,逃げ狙い,13.76,21.9,2,,,,,,,,,,,
2025-05-06,丸亀,6,4,近江翔吾,A1,45.07,4,○,8.5928,25.7,100,77.4,0.1394,2.934,,,0,低,52,0,差0%,1 11,0,61.9,1.1698,0,0.037,0.0741,0,0,0.0811,0.0541,0.027,,○,A,○,◎,0.4046,0.6415,0.4732,0.5158,S,100,0,◎1着固定 2-3着流し（5〜8点）,0.5777,"{'is_target': True, 'verdict': '参加推奨', 'max_combo_prob': 0.0767, 'est_top_odds': 17.4, 'circle_concentration': 65.1, 'eligible_count': 6, 'bet_adj': 2, 'reason': 'rel_win1=59.4%（本命度） / 最有力組み合わせ確率: 0.077（推定実オッズ?17倍） / 2着集中度: 上位2艇 65.1%（補正+0.00） / 総合判定確率: 0.077 / → ヒモ分散。1号艇1着固定で広めのヒモ流し推奨（買い目+2点）', 'tenji_trigger': '展示確認: ヒモ分散レース。1号艇伸び確認後、広めのヒモ流しを採用。穴ヒモ（5・6号艇）を積極的に含める。'}",,,24.6,逃げ狙い,13.76,21.9,2,,,,,,,,,,,
2025-05-06,丸亀,6,5,中岡　駿,B2,32.89,5,,5.4547,7,67,0,0.2075,4.0625,,,0,低,40,1,-,5 6,0,26,0.7774,,,,,,,,,,,D,,,0.1853,0.482,,0.5158,S,100,0,◎1着固定 2-3着流し（5〜8点）,0.5777,"{'is_target': True, 'verdict': '参加推奨', 'max_combo_prob': 0.0767, 'est_top_odds': 17.4, 'circle_concentration': 65.1, 'eligible_count': 6, 'bet_adj': 2, 'reason': 'rel_win1=59.4%（本命度） / 最有力組み合わせ確率: 0.077（推定実オッズ?17倍） / 2着集中度: 上位2艇 65.1%（補正+0.00） / 総合判定確率: 0.077 / → ヒモ分散。1号艇1着固定で広めのヒモ流し推奨（買い目+2点）', 'tenji_trigger': '展示確認: ヒモ分散レース。1号艇伸び確認後、広めのヒモ流しを採用。穴ヒモ（5・6号艇）を積極的に含める。'}",,,24.6,逃げ狙い,13.76,21.9,2,,,,,,,,,,,
2025-05-06,丸亀,6,6,谷口知優,B1,35.90,6,,2.5876,2.2,45,24.4,0.1683,3.9512,,,0,低,83,0,-,6 41,0,33,0.8647,,,,,,0,0.3481,0.1039,,,C,△,,0.3078,0.6165,,0.5158,S,100,0,◎1着固定 2-3着流し（5〜8点）,0.5777,"{'is_target': True, 'verdict': '参加推奨', 'max_combo_prob': 0.0767, 'est_top_odds': 17.4, 'circle_concentration': 65.1, 'eligible_count': 6, 'bet_adj': 2, 'reason': 'rel_win1=59.4%（本命度） / 最有力組み合わせ確率: 0.077（推定実オッズ?17倍） / 2着集中度: 上位2艇 65.1%（補正+0.00） / 総合判定確率: 0.077 / → ヒモ分散。1号艇1着固定で広めのヒモ流し推奨（買い目+2点）', 'tenji_trigger': '展示確認: ヒモ分散レース。1号艇伸び確認後、広めのヒモ流しを採用。穴ヒモ（5・6号艇）を積極的に含める。'}",,,24.6,逃げ狙い,13.76,21.9,2,,,,,,,,,,,
2025-05-06,丸亀,7,1,西丸侑太,A2,33.11,1,◎,58.6906,,0,87.5,0.15,3.125,,,0,低,100,0,逃1%,3412,0,86.4,1.0938,0.6786,,,,,0,0.1314,0.0429,◎,,D,△,,,0.6105,,0.5496,S,93,0,◎1着固定 2-3着流し（5〜8点）,0.5777,"{'is_target': True, 'verdict': '点数絞り', 'max_combo_prob': 0.1231, 'est_top_odds': 10.8, 'circle_concentration': 75.8, 'eligible_count': 6, 'bet_adj': 0, 'reason': 'rel_win1=58.7%（本命度） / 最有力組み合わせ確率: 0.123（推定実オッズ?11倍） / 2着集中度: 上位2艇 75.8%（補正+0.04） / 総合判定確率: 0.163 / → ヒモはやや固め。上位2艇以外を切ること', 'tenji_trigger': '展示確認: 1号艇伸び良→そのまま採用。悪→飛び組に差し替え。circle_pct上位2艇に絞り込むこと。'}",,,26.4,逃げ狙い,16.37,24.9,4,,,,,0,0,0.7559,0,,逃げ軸流し,A
2025-05-06,丸亀,7,2,西原明生,B1,47.89,2,,8.2497,11.7,100,39.7,0.1997,4.6164,,,0,低,192,0,-,653,0,53.6,0.7584,,,,,,0.2571,0.2571,0.2762,,,B,○,,0.0775,0.641,,0.5496,S,93,0,◎1着固定 2-3着流し（5〜8点）,0.5777,"{'is_target': True, 'verdict': '点数絞り', 'max_combo_prob': 0.1231, 'est_top_odds': 10.8, 'circle_concentration': 75.8, 'eligible_count': 6, 'bet_adj': 0, 'reason': 'rel_win1=58.7%（本命度） / 最有力組み合わせ確率: 0.123（推定実オッズ?11倍） / 2着集中度: 上位2艇 75.8%（補正+0.04） / 総合判定確率: 0.163 / → ヒモはやや固め。上位2艇以外を切ること', 'tenji_trigger': '展示確認: 1号艇伸び良→そのまま採用。悪→飛び組に差し替え。circle_pct上位2艇に絞り込むこと。'}",,,26.4,逃げ狙い,16.37,24.9,4,,,,,,,,,,,
2025-05-06,丸亀,7,3,中越博紀,A2,36.81,3,○,11.2804,44.1,46,58.6,0.1659,3.7414,,,0,低,130,0,抜0%,5 26,0,48,1.0615,0,0,0,0.0952,0.0952,0.0296,0.3593,0.0593,,,C,△,,0.2181,0.6195,,0.5496,S,93,0,◎1着固定 2-3着流し（5〜8点）,0.5777,"{'is_target': True, 'verdict': '点数絞り', 'max_combo_prob': 0.1231, 'est_top_odds': 10.8, 'circle_concentration': 75.8, 'eligible_count': 6, 'bet_adj': 0, 'reason': 'rel_win1=58.7%（本命度） / 最有力組み合わせ確率: 0.123（推定実オッズ?11倍） / 2着集中度: 上位2艇 75.8%（補正+0.04） / 総合判定確率: 0.163 / → ヒモはやや固め。上位2艇以外を切ること', 'tenji_trigger': '展示確認: 1号艇伸び良→そのまま採用。悪→飛び組に差し替え。circle_pct上位2艇に絞り込むこと。'}",,,26.4,逃げ狙い,16.37,24.9,4,,,,,,,,,,,
2025-05-06,丸亀,7,4,竹田和哉,A1,29.73,4,△,16.6357,31.8,60,66.7,0.1619,3.3958,,,0,低,106,0,-,4223,0,64.8,1.183,0,0.1364,0.0909,0,0,0.116,0.116,0,,,D,◎,◎,0.2626,0.6415,0.4344,0.5496,S,93,0,◎1着固定 2-3着流し（5〜8点）,0.5777,"{'is_target': True, 'verdict': '点数絞り', 'max_combo_prob': 0.1231, 'est_top_odds': 10.8, 'circle_concentration': 75.8, 'eligible_count': 6, 'bet_adj': 0, 'reason': 'rel_win1=58.7%（本命度） / 最有力組み合わせ確率: 0.123（推定実オッズ?11倍） / 2着集中度: 上位2艇 75.8%（補正+0.04） / 総合判定確率: 0.163 / → ヒモはやや固め。上位2艇以外を切ること', 'tenji_trigger': '展示確認: 1号艇伸び良→そのまま採用。悪→飛び組に差し替え。circle_pct上位2艇に絞り込むこと。'}",,,26.4,逃げ狙い,16.37,24.9,4,,,,,,,,,,,
2025-05-06,丸亀,7,5,三嶌さら,B2,28.48,5,,3.9182,8.9,32,16.7,0.1812,4.381,,,0,低,82,0,-,456,0,27.3,0.6317,,,,,,0,0.25,0,,,E,,,0.2111,0.576,,0.5496,S,93,0,◎1着固定 2-3着流し（5〜8点）,0.5777,"{'is_target': True, 'verdict': '点数絞り', 'max_combo_prob': 0.1231, 'est_top_odds': 10.8, 'circle_concentration': 75.8, 'eligible_count': 6, 'bet_adj': 0, 'reason': 'rel_win1=58.7%（本命度） / 最有力組み合わせ確率: 0.123（推定実オッズ?11倍） / 2着集中度: 上位2艇 75.8%（補正+0.04） / 総合判定確率: 0.163 / → ヒモはやや固め。上位2艇以外を切ること', 'tenji_trigger': '展示確認: 1号艇伸び良→そのまま採用。悪→飛び組に差し替え。circle_pct上位2艇に絞り込むこと。'}",,,26.4,逃げ狙い,16.37,24.9,4,,,,,,,,,,,
2025-05-06,丸亀,7,6,川上清人,B1,48.15,6,▲,1.2254,3.6,18,10.6,0.1923,4.4574,,,0,低,150,0,-,2 33,0,25.1,1.0789,,,,,,0.3733,0.0381,0.1962,,,A,,,0.1754,0.595,,0.5496,S,93,0,◎1着固定 2-3着流し（5〜8点）,0.5777,"{'is_target': True, 'verdict': '点数絞り', 'max_combo_prob': 0.1231, 'est_top_odds': 10.8, 'circle_concentration': 75.8, 'eligible_count': 6, 'bet_adj': 0, 'reason': 'rel_win1=58.7%（本命度） / 最有力組み合わせ確率: 0.123（推定実オッズ?11倍） / 2着集中度: 上位2艇 75.8%（補正+0.04） / 総合判定確率: 0.163 / → ヒモはやや固め。上位2艇以外を切ること', 'tenji_trigger': '展示確認: 1号艇伸び良→そのまま採用。悪→飛び組に差し替え。circle_pct上位2艇に絞り込むこと。'}",,,26.4,逃げ狙い,16.37,24.9,4,,,,,,,,,,,
2025-05-06,丸亀,8,1,木谷賢太,A1,32.26,1,◎,65.8376,,0,90,0.1334,2.6357,,,0,低,107,0,逃1%,134,0,86.8,1.1026,0.7429,,,,,0.0343,0.0114,0.1957,◎,,D,◎,,,0.663,,0.6306,S,86,0,◎1着固定 2-3着流し（5〜8点）,0.5777,"{'is_target': True, 'verdict': '参加推奨', 'max_combo_prob': 0.1003, 'est_top_odds': 13.3, 'circle_concentration': 69.4, 'eligible_count': 6, 'bet_adj': 2, 'reason': 'rel_win1=65.8%（本命度） / 最有力組み合わせ確率: 0.100（推定実オッズ?13倍） / 2着集中度: 上位2艇 69.4%（補正+0.00） / 総合判定確率: 0.100 / → ヒモ分散。1号艇1着固定で広めのヒモ流し推奨（買い目+2点）', 'tenji_trigger': '展示確認: ヒモ分散レース。1号艇伸び確認後、広めのヒモ流しを採用。穴ヒモ（5・6号艇）を積極的に含める。\n展示で1号艇スタート超安定(0.133秒)→ヒモ固まり方向に注意'}",,,25.7,逃げ狙い,13.94,25.1,4,,,,,0,0,0.7559,0,,逃げ軸流し,A
2025-05-06,丸亀,8,2,濱野斗馬,A2,35.38,2,▲,11.53,43.1,100,64.3,0.1507,3.0357,,,0,低,40,0,抜0%,3 36,0,27.8,0.8484,0,0.0625,0.125,0,0.0625,0.0968,0,0.0323,,,C,△,,0.1481,0.638,,0.6306,S,86,0,◎1着固定 2-3着流し（5〜8点）,0.5777,"{'is_target': True, 'verdict': '参加推奨', 'max_combo_prob': 0.1003, 'est_top_odds': 13.3, 'circle_concentration': 69.4, 'eligible_count': 6, 'bet_adj': 2, 'reason': 'rel_win1=65.8%（本命度） / 最有力組み合わせ確率: 0.100（推定実オッズ?13倍） / 2着集中度: 上位2艇 69.4%（補正+0.00） / 総合判定確率: 0.100 / → ヒモ分散。1号艇1着固定で広めのヒモ流し推奨（買い目+2点）', 'tenji_trigger': '展示確認: ヒモ分散レース。1号艇伸び確認後、広めのヒモ流しを採用。穴ヒモ（5・6号艇）を積極的に含める。\n展示で1号艇スタート超安定(0.133秒)→ヒモ固まり方向に注意'}",,,25.7,逃げ狙い,13.94,25.1,4,,,,,,,,,,,
2025-05-06,丸亀,8,3,塩田雄一,B1,34.42,3,,5.5234,21.9,82,50.8,0.1792,3.8077,,,0,低,147,0,-,2 65,0,60.6,1.0994,0,0,0.0455,0,0,0.4143,0.0952,0.2071,,,C,,,0.1084,0.5565,,0.6306,S,86,0,◎1着固定 2-3着流し（5〜8点）,0.5777,"{'is_target': True, 'verdict': '参加推奨', 'max_combo_prob': 0.1003, 'est_top_odds': 13.3, 'circle_concentration': 69.4, 'eligible_count': 6, 'bet_adj': 2, 'reason': 'rel_win1=65.8%（本命度） / 最有力組み合わせ確率: 0.100（推定実オッズ?13倍） / 2着集中度: 上位2艇 69.4%（補正+0.00） / 総合判定確率: 0.100 / → ヒモ分散。1号艇1着固定で広めのヒモ流し推奨（買い目+2点）', 'tenji_trigger': '展示確認: ヒモ分散レース。1号艇伸び確認後、広めのヒモ流しを採用。穴ヒモ（5・6号艇）を積極的に含める。\n展示で1号艇スタート超安定(0.133秒)→ヒモ固まり方向に注意'}",,,25.7,逃げ狙い,13.94,25.1,4,,,,,,,,,,,
2025-05-06,丸亀,8,4,川原祐明,A2,37.74,4,○,13.6075,26.3,81,66.1,0.1564,3.2768,,,0,低,110,0,-,1 14,0,58.6,1.1696,0,0.037,0.037,0.1481,0.037,0.0276,0.1014,0.0138,,,B,△,◎,0.2203,0.6185,0.4145,0.6306,S,86,0,◎1着固定 2-3着流し（5〜8点）,0.5777,"{'is_target': True, 'verdict': '参加推奨', 'max_combo_prob': 0.1003, 'est_top_odds': 13.3, 'circle_concentration': 69.4, 'eligible_count': 6, 'bet_adj': 2, 'reason': 'rel_win1=65.8%（本命度） / 最有力組み合わせ確率: 0.100（推定実オッズ?13倍） / 2着集中度: 上位2艇 69.4%（補正+0.00） / 総合判定確率: 0.100 / → ヒモ分散。1号艇1着固定で広めのヒモ流し推奨（買い目+2点）', 'tenji_trigger': '展示確認: ヒモ分散レース。1号艇伸び確認後、広めのヒモ流しを採用。穴ヒモ（5・6号艇）を積極的に含める。\n展示で1号艇スタート超安定(0.133秒)→ヒモ固まり方向に注意'}",,,25.7,逃げ狙い,13.94,25.1,4,,,,,,,,,,,
2025-05-06,丸亀,8,5,宮武英司,B1,29.03,5,,2.4137,8.4,54,29.1,0.1531,3.2545,,,0,低,89,0,差ま0%,452,0,37.6,1.1776,0,0,0,0.0476,0,0.4889,0.0222,0.0222,,,E,○,,0.2197,0.658,,0.6306,S,86,0,◎1着固定 2-3着流し（5〜8点）,0.5777,"{'is_target': True, 'verdict': '参加推奨', 'max_combo_prob': 0.1003, 'est_top_odds': 13.3, 'circle_concentration': 69.4, 'eligible_count': 6, 'bet_adj': 2, 'reason': 'rel_win1=65.8%（本命度） / 最有力組み合わせ確率: 0.100（推定実オッズ?13倍） / 2着集中度: 上位2艇 69.4%（補正+0.00） / 総合判定確率: 0.100 / → ヒモ分散。1号艇1着固定で広めのヒモ流し推奨（買い目+2点）', 'tenji_trigger': '展示確認: ヒモ分散レース。1号艇伸び確認後、広めのヒモ流しを採用。穴ヒモ（5・6号艇）を積極的に含める。\n展示で1号艇スタート超安定(0.133秒)→ヒモ固まり方向に注意'}",,,25.7,逃げ狙い,13.94,25.1,4,,,,,,,,,,,
2025-05-06,丸亀,8,6,大廣咲季,B1,36.91,6,△,1.0878,0.3,15,6.6,0.1836,3.7377,,,0,低,81,0,-,F66,0,75.2,1.4561,,,,,,0.3333,0.3333,0,,,B,,,0.1538,0.543,,0.6306,S,86,0,◎1着固定 2-3着流し（5〜8点）,0.5777,"{'is_target': True, 'verdict': '参加推奨', 'max_combo_prob': 0.1003, 'est_top_odds': 13.3, 'circle_concentration': 69.4, 'eligible_count': 6, 'bet_adj': 2, 'reason': 'rel_win1=65.8%（本命度） / 最有力組み合わせ確率: 0.100（推定実オッズ?13倍） / 2着集中度: 上位2艇 69.4%（補正+0.00） / 総合判定確率: 0.100 / → ヒモ分散。1号艇1着固定で広めのヒモ流し推奨（買い目+2点）', 'tenji_trigger': '展示確認: ヒモ分散レース。1号艇伸び確認後、広めのヒモ流しを採用。穴ヒモ（5・6号艇）を積極的に含める。\n展示で1号艇スタート超安定(0.133秒)→ヒモ固まり方向に注意'}",,,25.7,逃げ狙い,13.94,25.1,4,,,,,,,,,,,
2025-05-06,丸亀,9,1,松尾　祭,A2,45.03,1,◎,52.4151,,0,87.2,0.1624,3.1218,,,0,低,144,0,逃0% 抜0%,3322,0,72.7,1.0274,0.5135,,,,,0.1086,0.0654,0.2501,○,,A,△,,,0.6215,,0.4286,A,68,0,◎-○軸 3着3〜4艇流し（10〜15点）,0.5777,"{'is_target': True, 'verdict': '点数絞り', 'max_combo_prob': 0.1076, 'est_top_odds': 12.4, 'circle_concentration': 86.8, 'eligible_count': 8, 'bet_adj': 0, 'reason': 'rel_win1=52.4%（本命度） / 最有力組み合わせ確率: 0.108（推定実オッズ?12倍） / 2着集中度: 上位2艇 86.8%（補正+0.04） / 総合判定確率: 0.148 / → ヒモはやや固め。上位2艇以外を切ること', 'tenji_trigger': '展示確認: 1号艇伸び良→そのまま採用。悪→飛び組に差し替え。circle_pct上位2艇に絞り込むこと。'}",,,31.8,逃げ狙い,27.91,30.4,2,,,,,0,0,0.6155,0,,逃げ軸流し,A
2025-05-06,丸亀,9,2,中村晃朋,A1,31.51,2,,17.9533,61.2,89,90.9,0.1591,3.1818,,,0,低,56,0,抜0%,4111,0,49.6,0.9759,0,0.1875,0.125,0,0.0625,0.1745,0,0.1564,,○,D,◎,,0.3913,0.678,,0.4286,A,68,0,◎-○軸 3着3〜4艇流し（10〜15点）,0.5777,"{'is_target': True, 'verdict': '点数絞り', 'max_combo_prob': 0.1076, 'est_top_odds': 12.4, 'circle_concentration': 86.8, 'eligible_count': 8, 'bet_adj': 0, 'reason': 'rel_win1=52.4%（本命度） / 最有力組み合わせ確率: 0.108（推定実オッズ?12倍） / 2着集中度: 上位2艇 86.8%（補正+0.04） / 総合判定確率: 0.148 / → ヒモはやや固め。上位2艇以外を切ること', 'tenji_trigger': '展示確認: 1号艇伸び良→そのまま採用。悪→飛び組に差し替え。circle_pct上位2艇に絞り込むこと。'}",,,31.8,逃げ狙い,27.91,30.4,2,,,,,,,,,,,
2025-05-06,丸亀,9,3,重成一人,A1,40.43,3,○,16.3122,25.6,100,71.9,0.1441,3.0156,,,0,低,51,0,-,2552,0,52.3,1.2508,0,0,0,0.2778,0,0.0533,0.2533,0.0133,,◎,B,○,,0.452,0.6315,,0.4286,A,68,0,◎-○軸 3着3〜4艇流し（10〜15点）,0.5777,"{'is_target': True, 'verdict': '点数絞り', 'max_combo_prob': 0.1076, 'est_top_odds': 12.4, 'circle_concentration': 86.8, 'eligible_count': 8, 'bet_adj': 0, 'reason': 'rel_win1=52.4%（本命度） / 最有力組み合わせ確率: 0.108（推定実オッズ?12倍） / 2着集中度: 上位2艇 86.8%（補正+0.04） / 総合判定確率: 0.148 / → ヒモはやや固め。上位2艇以外を切ること', 'tenji_trigger': '展示確認: 1号艇伸び良→そのまま採用。悪→飛び組に差し替え。circle_pct上位2艇に絞り込むこと。'}",,,31.8,逃げ狙い,27.91,30.4,2,,,,,,,,,,,
2025-05-06,丸亀,9,4,嶋田貴支,B1,33.80,4,△,5.4942,8.9,70,43.8,0.1808,3.6354,,,0,低,134,0,-,244,0,29.4,0.9045,0,0.0476,0,0,0,0.0174,0.0522,0.1174,,,C,,,0.2137,0.6045,,0.4286,A,68,0,◎-○軸 3着3〜4艇流し（10〜15点）,0.5777,"{'is_target': True, 'verdict': '点数絞り', 'max_combo_prob': 0.1076, 'est_top_odds': 12.4, 'circle_concentration': 86.8, 'eligible_count': 8, 'bet_adj': 0, 'reason': 'rel_win1=52.4%（本命度） / 最有力組み合わせ確率: 0.108（推定実オッズ?12倍） / 2着集中度: 上位2艇 86.8%（補正+0.04） / 総合判定確率: 0.148 / → ヒモはやや固め。上位2艇以外を切ること', 'tenji_trigger': '展示確認: 1号艇伸び良→そのまま採用。悪→飛び組に差し替え。circle_pct上位2艇に絞り込むこと。'}",,,31.8,逃げ狙い,27.91,30.4,2,,,,,,,,,,,
2025-05-06,丸亀,9,5,平池仁志,B1,31.79,5,,3.5949,0.8,88,27.7,0.1945,3.9362,,,0,低,96,0,-,143,0,87.7,1.5983,,,,,,0.6667,0,0,,,D,△,,0.2214,0.619,,0.4286,A,68,0,◎-○軸 3着3〜4艇流し（10〜15点）,0.5777,"{'is_target': True, 'verdict': '点数絞り', 'max_combo_prob': 0.1076, 'est_top_odds': 12.4, 'circle_concentration': 86.8, 'eligible_count': 8, 'bet_adj': 0, 'reason': 'rel_win1=52.4%（本命度） / 最有力組み合わせ確率: 0.108（推定実オッズ?12倍） / 2着集中度: 上位2艇 86.8%（補正+0.04） / 総合判定確率: 0.148 / → ヒモはやや固め。上位2艇以外を切ること', 'tenji_trigger': '展示確認: 1号艇伸び良→そのまま採用。悪→飛び組に差し替え。circle_pct上位2艇に絞り込むこと。'}",,,31.8,逃げ狙い,27.91,30.4,2,,,,,,,,,,,
2025-05-06,丸亀,9,6,石井伸長,B1,33.77,6,▲,4.2304,3.5,40,23.5,0.1533,3.4847,,,0,低,79,0,差ま0%,3 26,0,35.5,1.1586,0,0.027,0.027,0.0811,0,0,0.5,0.25,,,D,,◎,0.3293,0.5655,0.3655,0.4286,A,68,0,◎-○軸 3着3〜4艇流し（10〜15点）,0.5777,"{'is_target': True, 'verdict': '点数絞り', 'max_combo_prob': 0.1076, 'est_top_odds': 12.4, 'circle_concentration': 86.8, 'eligible_count': 8, 'bet_adj': 0, 'reason': 'rel_win1=52.4%（本命度） / 最有力組み合わせ確率: 0.108（推定実オッズ?12倍） / 2着集中度: 上位2艇 86.8%（補正+0.04） / 総合判定確率: 0.148 / → ヒモはやや固め。上位2艇以外を切ること', 'tenji_trigger': '展示確認: 1号艇伸び良→そのまま採用。悪→飛び組に差し替え。circle_pct上位2艇に絞り込むこと。'}",,,31.8,逃げ狙い,27.91,30.4,2,,,,,,,,,,,
2025-05-06,丸亀,10,1,中村日向,A1,36.36,1,◎,67.8569,,0,91.4,0.1454,2.5714,,,0,低,40,0,逃0%,1144,0,61.1,1.0212,0.7692,,,,,0.1538,0.0769,0,◎,,B,○,,,0.645,,0.6143,S,100,0,◎1着固定 2-3着流し（5〜8点）,0.5777,"{'is_target': True, 'verdict': '点数絞り', 'max_combo_prob': 0.1407, 'est_top_odds': 9.5, 'circle_concentration': 88.8, 'eligible_count': 6, 'bet_adj': 0, 'reason': 'rel_win1=67.9%（本命度） / 最有力組み合わせ確率: 0.141（推定実オッズ?10倍） / 2着集中度: 上位2艇 88.8%（補正+0.04） / 総合判定確率: 0.181 / → ヒモはやや固め。上位2艇以外を切ること', 'tenji_trigger': '展示確認: 1号艇伸び良→そのまま採用。悪→飛び組に差し替え。circle_pct上位2艇に絞り込むこと。'}",,,27.2,逃げ狙い,16.66,27.1,3,,,,,0,0,0.7559,0,,逃げ軸流し,A
2025-05-06,丸亀,10,2,山田理央,A2,26.90,2,△,8.8139,51,50,55.3,0.1476,3.2632,,,0,低,62,0,-,4 56,0,75.1,1.1978,0,0.0833,0,0,0,0.0444,0.1444,0.0222,,,E,△,,0.2961,0.6,,0.6143,S,100,0,◎1着固定 2-3着流し（5〜8点）,0.5777,"{'is_target': True, 'verdict': '点数絞り', 'max_combo_prob': 0.1407, 'est_top_odds': 9.5, 'circle_concentration': 88.8, 'eligible_count': 6, 'bet_adj': 0, 'reason': 'rel_win1=67.9%（本命度） / 最有力組み合わせ確率: 0.141（推定実オッズ?10倍） / 2着集中度: 上位2艇 88.8%（補正+0.04） / 総合判定確率: 0.181 / → ヒモはやや固め。上位2艇以外を切ること', 'tenji_trigger': '展示確認: 1号艇伸び良→そのまま採用。悪→飛び組に差し替え。circle_pct上位2艇に絞り込むこと。'}",,,27.2,逃げ狙い,16.66,27.1,3,,,,,,,,,,,
2025-05-06,丸亀,10,3,片岡雅裕,A1,34.46,3,○,13.1782,37.8,58,70.6,0.1271,2.2353,,,0,低,5,0,差ま0% 抜0%,1S42,0,30.4,1.0121,0,0,0,0.1429,0.1429,0.0286,0,0.3571,,◎,C,◎,,0.4045,0.8292,,0.6143,S,100,0,◎1着固定 2-3着流し（5〜8点）,0.5777,"{'is_target': True, 'verdict': '点数絞り', 'max_combo_prob': 0.1407, 'est_top_odds': 9.5, 'circle_concentration': 88.8, 'eligible_count': 6, 'bet_adj': 0, 'reason': 'rel_win1=67.9%（本命度） / 最有力組み合わせ確率: 0.141（推定実オッズ?10倍） / 2着集中度: 上位2艇 88.8%（補正+0.04） / 総合判定確率: 0.181 / → ヒモはやや固め。上位2艇以外を切ること', 'tenji_trigger': '展示確認: 1号艇伸び良→そのまま採用。悪→飛び組に差し替え。circle_pct上位2艇に絞り込むこと。'}",,,27.2,逃げ狙い,16.66,27.1,3,,,,,,,,,,,
2025-05-06,丸亀,10,4,越智照浩,B1,27.33,4,,4.1658,3.4,100,35.2,0.1756,3.8796,,,0,低,133,0,-,343,0,100,3.7106,,,,,,0.2,0.35,0.05,,,D,,,0.1924,0.563,,0.6143,S,100,0,◎1着固定 2-3着流し（5〜8点）,0.5777,"{'is_target': True, 'verdict': '点数絞り', 'max_combo_prob': 0.1407, 'est_top_odds': 9.5, 'circle_concentration': 88.8, 'eligible_count': 6, 'bet_adj': 0, 'reason': 'rel_win1=67.9%（本命度） / 最有力組み合わせ確率: 0.141（推定実オッズ?10倍） / 2着集中度: 上位2艇 88.8%（補正+0.04） / 総合判定確率: 0.181 / → ヒモはやや固め。上位2艇以外を切ること', 'tenji_trigger': '展示確認: 1号艇伸び良→そのまま採用。悪→飛び組に差し替え。circle_pct上位2艇に絞り込むこと。'}",,,27.2,逃げ狙い,16.66,27.1,3,,,,,,,,,,,
2025-05-06,丸亀,10,5,森安弘雅,B1,40.67,5,▲,4.4641,7.3,67,33.9,0.1922,4.1462,,,0,低,178,0,-,125,0,48.3,1.6471,0,0,0,0.0435,0,0.0167,0.1833,0.2,,,B,△,,0.132,0.6065,,0.6143,S,100,0,◎1着固定 2-3着流し（5〜8点）,0.5777,"{'is_target': True, 'verdict': '点数絞り', 'max_combo_prob': 0.1407, 'est_top_odds': 9.5, 'circle_concentration': 88.8, 'eligible_count': 6, 'bet_adj': 0, 'reason': 'rel_win1=67.9%（本命度） / 最有力組み合わせ確率: 0.141（推定実オッズ?10倍） / 2着集中度: 上位2艇 88.8%（補正+0.04） / 総合判定確率: 0.181 / → ヒモはやや固め。上位2艇以外を切ること', 'tenji_trigger': '展示確認: 1号艇伸び良→そのまま採用。悪→飛び組に差し替え。circle_pct上位2艇に絞り込むこと。'}",,,27.2,逃げ狙い,16.66,27.1,3,,,,,,,,,,,
2025-05-06,丸亀,10,6,松下知幸,B1,33.76,6,,1.5211,0.5,21,11.8,0.1892,4.5686,,,0,低,152,0,-,265,0,100,2.2744,,,,,,0.2152,0.1581,0.1962,,,C,,,0.1743,0.5965,,0.6143,S,100,0,◎1着固定 2-3着流し（5〜8点）,0.5777,"{'is_target': True, 'verdict': '点数絞り', 'max_combo_prob': 0.1407, 'est_top_odds': 9.5, 'circle_concentration': 88.8, 'eligible_count': 6, 'bet_adj': 0, 'reason': 'rel_win1=67.9%（本命度） / 最有力組み合わせ確率: 0.141（推定実オッズ?10倍） / 2着集中度: 上位2艇 88.8%（補正+0.04） / 総合判定確率: 0.181 / → ヒモはやや固め。上位2艇以外を切ること', 'tenji_trigger': '展示確認: 1号艇伸び良→そのまま採用。悪→飛び組に差し替え。circle_pct上位2艇に絞り込むこと。'}",,,27.2,逃げ狙い,16.66,27.1,3,,,,,,,,,,,
2025-05-06,丸亀,11,1,竹田和哉,A1,29.73,1,◎,58.4758,,0,92,0.1376,2.7933,,,0,低,106,0,逃0% 抜0%,4223,0,89.2,1.1618,0.7692,,,,,0.116,0.116,0,◎,,D,△,,,0.6415,,0.5718,S,85,0,◎1着固定 2-3着流し（5〜8点）,0.5777,"{'is_target': True, 'verdict': '点数絞り', 'max_combo_prob': 0.0961, 'est_top_odds': 13.9, 'circle_concentration': 72.9, 'eligible_count': 6, 'bet_adj': 0, 'reason': 'rel_win1=58.5%（本命度） / 最有力組み合わせ確率: 0.096（推定実オッズ?14倍） / 2着集中度: 上位2艇 72.9%（補正+0.04） / 総合判定確率: 0.136 / → ヒモはやや固め。上位2艇以外を切ること', 'tenji_trigger': '展示確認: 1号艇伸び良→そのまま採用。悪→飛び組に差し替え。circle_pct上位2艇に絞り込むこと。\n展示で1号艇スタート超安定(0.138秒)→ヒモ固まり方向に注意'}",,,28.8,逃げ狙い,21.4,27.4,4,,,,,0,0,0.7559,0,,逃げ軸流し,A
2025-05-06,丸亀,11,2,西岡顕心,A1,30.67,2,▲,16.637,50.7,77,80,0.1503,3.05,,,0,低,55,0,差0%,341,0,45.2,0.9229,0,0.1,0,0,0,0,0.0714,0,,,C,,,0.1953,0.6245,,0.5718,S,85,0,◎1着固定 2-3着流し（5〜8点）,0.5777,"{'is_target': True, 'verdict': '点数絞り', 'max_combo_prob': 0.0961, 'est_top_odds': 13.9, 'circle_concentration': 72.9, 'eligible_count': 6, 'bet_adj': 0, 'reason': 'rel_win1=58.5%（本命度） / 最有力組み合わせ確率: 0.096（推定実オッズ?14倍） / 2着集中度: 上位2艇 72.9%（補正+0.04） / 総合判定確率: 0.136 / → ヒモはやや固め。上位2艇以外を切ること', 'tenji_trigger': '展示確認: 1号艇伸び良→そのまま採用。悪→飛び組に差し替え。circle_pct上位2艇に絞り込むこと。\n展示で1号艇スタート超安定(0.138秒)→ヒモ固まり方向に注意'}",,,28.8,逃げ狙い,21.4,27.4,4,,,,,,,,,,,
2025-05-06,丸亀,11,3,木村光宏,B1,28.30,3,,8.2821,15.5,98,53.1,0.1851,3.602,,,0,低,99,0,差0% ま0%,562,0,23.4,0.8363,0,0.0385,0.0385,0,0,0.3952,0.3571,0.0571,,,D,△,,0.1078,0.6335,,0.5718,S,85,0,◎1着固定 2-3着流し（5〜8点）,0.5777,"{'is_target': True, 'verdict': '点数絞り', 'max_combo_prob': 0.0961, 'est_top_odds': 13.9, 'circle_concentration': 72.9, 'eligible_count': 6, 'bet_adj': 0, 'reason': 'rel_win1=58.5%（本命度） / 最有力組み合わせ確率: 0.096（推定実オッズ?14倍） / 2着集中度: 上位2艇 72.9%（補正+0.04） / 総合判定確率: 0.136 / → ヒモはやや固め。上位2艇以外を切ること', 'tenji_trigger': '展示確認: 1号艇伸び良→そのまま採用。悪→飛び組に差し替え。circle_pct上位2艇に絞り込むこと。\n展示で1号艇スタート超安定(0.138秒)→ヒモ固まり方向に注意'}",,,28.8,逃げ狙い,21.4,27.4,4,,,,,,,,,,,
2025-05-06,丸亀,11,4,中岡正彦,A2,44.59,4,○,12.3956,22.3,82,68.8,0.1175,2.2604,,,0,低,42,0,ま0%,422,0,44.8,0.9562,0,0,0.2609,0,0,0.1103,0,0.0588,,◎,A,○,◎,0.4352,0.649,0.4375,0.5718,S,85,0,◎1着固定 2-3着流し（5〜8点）,0.5777,"{'is_target': True, 'verdict': '点数絞り', 'max_combo_prob': 0.0961, 'est_top_odds': 13.9, 'circle_concentration': 72.9, 'eligible_count': 6, 'bet_adj': 0, 'reason': 'rel_win1=58.5%（本命度） / 最有力組み合わせ確率: 0.096（推定実オッズ?14倍） / 2着集中度: 上位2艇 72.9%（補正+0.04） / 総合判定確率: 0.136 / → ヒモはやや固め。上位2艇以外を切ること', 'tenji_trigger': '展示確認: 1号艇伸び良→そのまま採用。悪→飛び組に差し替え。circle_pct上位2艇に絞り込むこと。\n展示で1号艇スタート超安定(0.138秒)→ヒモ固まり方向に注意'}",,,28.8,逃げ狙い,21.4,27.4,4,,,,,,,,,,,
2025-05-06,丸亀,11,5,宮崎　奨,A1,24.67,5,,3.2607,9,100,52.6,0.176,3.9561,,,0,低,134,0,-,2 25,0,59,1.1412,,,,,,0.0343,0.1571,0.2686,,,E,◎,,0.1824,0.658,,0.5718,S,85,0,◎1着固定 2-3着流し（5〜8点）,0.5777,"{'is_target': True, 'verdict': '点数絞り', 'max_combo_prob': 0.0961, 'est_top_odds': 13.9, 'circle_concentration': 72.9, 'eligible_count': 6, 'bet_adj': 0, 'reason': 'rel_win1=58.5%（本命度） / 最有力組み合わせ確率: 0.096（推定実オッズ?14倍） / 2着集中度: 上位2艇 72.9%（補正+0.04） / 総合判定確率: 0.136 / → ヒモはやや固め。上位2艇以外を切ること', 'tenji_trigger': '展示確認: 1号艇伸び良→そのまま採用。悪→飛び組に差し替え。circle_pct上位2艇に絞り込むこと。\n展示で1号艇スタート超安定(0.138秒)→ヒモ固まり方向に注意'}",,,28.8,逃げ狙い,21.4,27.4,4,,,,,,,,,,,
2025-05-06,丸亀,11,6,小野寺智,A2,36.73,6,△,0.9488,2.7,28,27.6,0.1712,3.75,,,0,低,79,0,-,4334,0,40.1,1.0058,,,,,,0.1217,0.0174,0.3096,,,B,,,0.2031,0.6185,,0.5718,S,85,0,◎1着固定 2-3着流し（5〜8点）,0.5777,"{'is_target': True, 'verdict': '点数絞り', 'max_combo_prob': 0.0961, 'est_top_odds': 13.9, 'circle_concentration': 72.9, 'eligible_count': 6, 'bet_adj': 0, 'reason': 'rel_win1=58.5%（本命度） / 最有力組み合わせ確率: 0.096（推定実オッズ?14倍） / 2着集中度: 上位2艇 72.9%（補正+0.04） / 総合判定確率: 0.136 / → ヒモはやや固め。上位2艇以外を切ること', 'tenji_trigger': '展示確認: 1号艇伸び良→そのまま採用。悪→飛び組に差し替え。circle_pct上位2艇に絞り込むこと。\n展示で1号艇スタート超安定(0.138秒)→ヒモ固まり方向に注意'}",,,28.8,逃げ狙い,21.4,27.4,4,,,,,,,,,,,
2025-05-06,丸亀,12,1,平高奈菜,A1,30.32,1,◎,58.6254,,0,94.3,0.1354,2.7286,,,0,低,46,0,逃1%,1S43,0,73.1,1.0163,0.6,,,,,0.2,0,0.1333,◎,,E,,,,0.6215,,0.6325,S,88,0,◎1着固定 2-3着流し（5〜8点）,0.5777,"{'is_target': True, 'verdict': '参加推奨', 'max_combo_prob': 0.0766, 'est_top_odds': 17.4, 'circle_concentration': 61.6, 'eligible_count': 6, 'bet_adj': 2, 'reason': 'rel_win1=58.6%（本命度） / 最有力組み合わせ確率: 0.077（推定実オッズ?17倍） / 2着集中度: 上位2艇 61.6%（補正+0.00） / 総合判定確率: 0.077 / → ヒモ分散。1号艇1着固定で広めのヒモ流し推奨（買い目+2点）', 'tenji_trigger': '展示確認: ヒモ分散レース。1号艇伸び確認後、広めのヒモ流しを採用。穴ヒモ（5・6号艇）を積極的に含める。\n展示で1号艇スタート超安定(0.135秒)→ヒモ固まり方向に注意'}",,,28.2,逃げ狙い,18.07,28.5,3,,,,,0,0,0.7559,0,,逃げ軸流し,A
2025-05-06,丸亀,12,2,村越　篤,A2,49.65,2,○,12.4808,38.9,82,68.7,0.1593,3.2836,,,0,低,142,0,差0%,531,0,88.2,1.5553,0,0.1875,0,0,0,0.2516,0.0129,0.0774,,,A,◎,,0.1049,0.667,,0.6325,S,88,0,◎1着固定 2-3着流し（5〜8点）,0.5777,"{'is_target': True, 'verdict': '参加推奨', 'max_combo_prob': 0.0766, 'est_top_odds': 17.4, 'circle_concentration': 61.6, 'eligible_count': 6, 'bet_adj': 2, 'reason': 'rel_win1=58.6%（本命度） / 最有力組み合わせ確率: 0.077（推定実オッズ?17倍） / 2着集中度: 上位2艇 61.6%（補正+0.00） / 総合判定確率: 0.077 / → ヒモ分散。1号艇1着固定で広めのヒモ流し推奨（買い目+2点）', 'tenji_trigger': '展示確認: ヒモ分散レース。1号艇伸び確認後、広めのヒモ流しを採用。穴ヒモ（5・6号艇）を積極的に含める。\n展示で1号艇スタート超安定(0.135秒)→ヒモ固まり方向に注意'}",,,28.2,逃げ狙い,18.07,28.5,3,,,,,,,,,,,
2025-05-06,丸亀,12,3,木谷賢太,A1,32.26,3,△,13.9164,22.6,100,76.9,0.1562,3.0673,,,0,低,107,0,ま0% 差ま0%,134,0,76.5,0.9483,0,0,0.12,0.12,0,0.0343,0.0114,0.1957,,,D,○,,0.2065,0.663,,0.6325,S,88,0,◎1着固定 2-3着流し（5〜8点）,0.5777,"{'is_target': True, 'verdict': '参加推奨', 'max_combo_prob': 0.0766, 'est_top_odds': 17.4, 'circle_concentration': 61.6, 'eligible_count': 6, 'bet_adj': 2, 'reason': 'rel_win1=58.6%（本命度） / 最有力組み合わせ確率: 0.077（推定実オッズ?17倍） / 2着集中度: 上位2艇 61.6%（補正+0.00） / 総合判定確率: 0.077 / → ヒモ分散。1号艇1着固定で広めのヒモ流し推奨（買い目+2点）', 'tenji_trigger': '展示確認: ヒモ分散レース。1号艇伸び確認後、広めのヒモ流しを採用。穴ヒモ（5・6号艇）を積極的に含める。\n展示で1号艇スタート超安定(0.135秒)→ヒモ固まり方向に注意'}",,,28.2,逃げ狙い,18.07,28.5,3,,,,,,,,,,,
2025-05-06,丸亀,12,4,福田雅一,A2,39.86,4,,6.8769,14.2,69,43.4,0.1706,3.4245,,,0,低,91,0,ま0%,166,0,57.6,1.1866,0,0,0.08,0.04,0,0.2,0.1,0.2,,,C,△,,0.158,0.66,,0.6325,S,88,0,◎1着固定 2-3着流し（5〜8点）,0.5777,"{'is_target': True, 'verdict': '参加推奨', 'max_combo_prob': 0.0766, 'est_top_odds': 17.4, 'circle_concentration': 61.6, 'eligible_count': 6, 'bet_adj': 2, 'reason': 'rel_win1=58.6%（本命度） / 最有力組み合わせ確率: 0.077（推定実オッズ?17倍） / 2着集中度: 上位2艇 61.6%（補正+0.00） / 総合判定確率: 0.077 / → ヒモ分散。1号艇1着固定で広めのヒモ流し推奨（買い目+2点）', 'tenji_trigger': '展示確認: ヒモ分散レース。1号艇伸び確認後、広めのヒモ流しを採用。穴ヒモ（5・6号艇）を積極的に含める。\n展示で1号艇スタート超安定(0.135秒)→ヒモ固まり方向に注意'}",,,28.2,逃げ狙い,18.07,28.5,3,,,,,,,,,,,
2025-05-06,丸亀,12,5,近江翔吾,A1,45.07,5,▲,5.4485,20.3,62,57.8,0.1538,3.3,,,0,低,52,0,差ま0%,1 11,0,47.1,1.0445,0,0,0,0.1154,0,0.0811,0.0541,0.027,,,B,△,,0.2421,0.6415,,0.6325,S,88,0,◎1着固定 2-3着流し（5〜8点）,0.5777,"{'is_target': True, 'verdict': '参加推奨', 'max_combo_prob': 0.0766, 'est_top_odds': 17.4, 'circle_concentration': 61.6, 'eligible_count': 6, 'bet_adj': 2, 'reason': 'rel_win1=58.6%（本命度） / 最有力組み合わせ確率: 0.077（推定実オッズ?17倍） / 2着集中度: 上位2艇 61.6%（補正+0.00） / 総合判定確率: 0.077 / → ヒモ分散。1号艇1着固定で広めのヒモ流し推奨（買い目+2点）', 'tenji_trigger': '展示確認: ヒモ分散レース。1号艇伸び確認後、広めのヒモ流しを採用。穴ヒモ（5・6号艇）を積極的に含める。\n展示で1号艇スタート超安定(0.135秒)→ヒモ固まり方向に注意'}",,,28.2,逃げ狙い,18.07,28.5,3,,,,,,,,,,,
2025-05-06,丸亀,12,6,中越博紀,A2,36.81,6,,2.6521,3.9,67,28.4,0.1757,3.9701,,,0,低,130,0,-,5 26,0,30.9,1.5108,0,0,0.037,0,0,0.0296,0.3593,0.0593,,,D,,,0.155,0.6195,,0.6325,S,88,0,◎1着固定 2-3着流し（5〜8点）,0.5777,"{'is_target': True, 'verdict': '参加推奨', 'max_combo_prob': 0.0766, 'est_top_odds': 17.4, 'circle_concentration': 61.6, 'eligible_count': 6, 'bet_adj': 2, 'reason': 'rel_win1=58.6%（本命度） / 最有力組み合わせ確率: 0.077（推定実オッズ?17倍） / 2着集中度: 上位2艇 61.6%（補正+0.00） / 総合判定確率: 0.077 / → ヒモ分散。1号艇1着固定で広めのヒモ流し推奨（買い目+2点）', 'tenji_trigger': '展示確認: ヒモ分散レース。1号艇伸び確認後、広めのヒモ流しを採用。穴ヒモ（5・6号艇）を積極的に含める。\n展示で1号艇スタート超安定(0.135秒)→ヒモ固まり方向に注意'}",,,28.2,逃げ狙い,18.07,28.5,3,,,,,,,,,,,
2025-05-07,丸亀,1,1,村岡　賢,B1,41.61,1,◎,55.9416,,0,57.1,0.1595,3.5357,,,0,低,137,0,逃0%,6 464,0,34.1,0.8057,0.3333,,,,,0.0571,0.2343,0.0762,△,,B,◎,,,0.6265,,0.3177,B,50,0,◎○△フォーメーション（15〜20点）,0.5777,"{'is_target': True, 'verdict': '参加推奨', 'max_combo_prob': 0.0712, 'est_top_odds': 18.7, 'circle_concentration': 64.7, 'eligible_count': 9, 'bet_adj': 2, 'reason': 'rel_win1=55.9%（本命度） / 最有力組み合わせ確率: 0.071（推定実オッズ?19倍） / 2着集中度: 上位2艇 64.7%（補正+0.00） / 総合判定確率: 0.071 / → ヒモ分散。1号艇1着固定で広めのヒモ流し推奨（買い目+2点）', 'tenji_trigger': '展示確認: ヒモ分散レース。1号艇伸び確認後、広めのヒモ流しを採用。穴ヒモ（5・6号艇）を積極的に含める。'}",,,27.1,両建て推奨,12.07,30.6,3,6-1-2|6-1-3|1-2-6|1-2-3|1-3-2|1-3-6|1-4-2,2-1-3|2-1-4|5-1-2|6-1-2|6-1-3|5-2-1|5-2-3|1-2-6|1-2-3|1-3-2|1-3-6|1-4-2,6-1-2:1.8%|6-1-3:1.71%|1-2-6:4.89%|1-2-3:4.71%|1-3-2:4.49%|1-3-6:4.38%|1-4-2:3.78%,6-1-2:B_main|6-1-3:B_main|1-2-6:A|1-2-3:A|1-3-2:A|1-3-6:A|1-4-2:A,7,12,0.4535,1,[!]見送り推奨（主役決まり手「まくり差し」― 逃げ劣勢レースで的中実績なし）,荒れ広め,D
2025-05-07,丸亀,1,2,三嶌ここ,B1,40.74,2,○,11.5763,34.2,100,37.5,0.1694,4.3125,,,0,低,114,0,-,3 546,0,87,1.5459,,,,,,0.0571,0.0571,0.3143,,,B,,,0.2371,0.553,,0.3177,B,50,0,◎○△フォーメーション（15〜20点）,0.5777,"{'is_target': True, 'verdict': '参加推奨', 'max_combo_prob': 0.0712, 'est_top_odds': 18.7, 'circle_concentration': 64.7, 'eligible_count': 9, 'bet_adj': 2, 'reason': 'rel_win1=55.9%（本命度） / 最有力組み合わせ確率: 0.071（推定実オッズ?19倍） / 2着集中度: 上位2艇 64.7%（補正+0.00） / 総合判定確率: 0.071 / → ヒモ分散。1号艇1着固定で広めのヒモ流し推奨（買い目+2点）', 'tenji_trigger': '展示確認: ヒモ分散レース。1号艇伸び確認後、広めのヒモ流しを採用。穴ヒモ（5・6号艇）を積極的に含める。'}",,,27.1,両建て推奨,12.07,30.6,3,,,,,,,,,,,
2025-05-07,丸亀,1,3,森安弘雅,B1,40.67,3,△,15.0757,30.4,76,50.7,0.1718,3.7183,,,0,低,178,0,ま0%,125 23,0,67.2,1.4983,0,0,0.0968,0.0323,0,0.0167,0.1833,0.2,,,C,○,,0.2588,0.6065,,0.3177,B,50,0,◎○△フォーメーション（15〜20点）,0.5777,"{'is_target': True, 'verdict': '参加推奨', 'max_combo_prob': 0.0712, 'est_top_odds': 18.7, 'circle_concentration': 64.7, 'eligible_count': 9, 'bet_adj': 2, 'reason': 'rel_win1=55.9%（本命度） / 最有力組み合わせ確率: 0.071（推定実オッズ?19倍） / 2着集中度: 上位2艇 64.7%（補正+0.00） / 総合判定確率: 0.071 / → ヒモ分散。1号艇1着固定で広めのヒモ流し推奨（買い目+2点）', 'tenji_trigger': '展示確認: ヒモ分散レース。1号艇伸び確認後、広めのヒモ流しを採用。穴ヒモ（5・6号艇）を積極的に含める。'}",,,27.1,両建て推奨,12.07,30.6,3,,,,,,,,,,,
2025-05-07,丸亀,1,4,石井伸長,B1,33.77,4,,11.5513,21.6,68,45,0.169,3.175,,,0,低,79,0,-,3 2636,0,49.5,1.1749,0,0,0.0323,0.0645,0,0,0.5,0.25,,,D,△,,0.2885,0.5655,,0.3177,B,50,0,◎○△フォーメーション（15〜20点）,0.5777,"{'is_target': True, 'verdict': '参加推奨', 'max_combo_prob': 0.0712, 'est_top_odds': 18.7, 'circle_concentration': 64.7, 'eligible_count': 9, 'bet_adj': 2, 'reason': 'rel_win1=55.9%（本命度） / 最有力組み合わせ確率: 0.071（推定実オッズ?19倍） / 2着集中度: 上位2艇 64.7%（補正+0.00） / 総合判定確率: 0.071 / → ヒモ分散。1号艇1着固定で広めのヒモ流し推奨（買い目+2点）', 'tenji_trigger': '展示確認: ヒモ分散レース。1号艇伸び確認後、広めのヒモ流しを採用。穴ヒモ（5・6号艇）を積極的に含める。'}",,,27.1,両建て推奨,12.07,30.6,3,,,,,,,,,,,
2025-05-07,丸亀,1,5,塩田雄一,B1,34.42,5,,4.3886,12.1,39,27.9,0.1693,3.9262,,,0,低,147,0,-,2 655,0,40.7,1.08,,,,,,0.4143,0.0952,0.2071,,,D,,,0.3166,0.5565,,0.3177,B,50,0,◎○△フォーメーション（15〜20点）,0.5777,"{'is_target': True, 'verdict': '参加推奨', 'max_combo_prob': 0.0712, 'est_top_odds': 18.7, 'circle_concentration': 64.7, 'eligible_count': 9, 'bet_adj': 2, 'reason': 'rel_win1=55.9%（本命度） / 最有力組み合わせ確率: 0.071（推定実オッズ?19倍） / 2着集中度: 上位2艇 64.7%（補正+0.00） / 総合判定確率: 0.071 / → ヒモ分散。1号艇1着固定で広めのヒモ流し推奨（買い目+2点）', 'tenji_trigger': '展示確認: ヒモ分散レース。1号艇伸び確認後、広めのヒモ流しを採用。穴ヒモ（5・6号艇）を積極的に含める。'}",,,27.1,両建て推奨,12.07,30.6,3,,,,,,,,,,,
2025-05-07,丸亀,1,6,大西隆洋,B1,39.86,6,▲,1.4666,1.6,32,15.2,0.1359,2.8696,,,0,低,103,0,-,2 452,0,82.5,1.5733,,,,,,0.3077,0.0769,0.3077,,◎,C,△,,0.4202,0.6055,,0.3177,B,50,0,◎○△フォーメーション（15〜20点）,0.5777,"{'is_target': True, 'verdict': '参加推奨', 'max_combo_prob': 0.0712, 'est_top_odds': 18.7, 'circle_concentration': 64.7, 'eligible_count': 9, 'bet_adj': 2, 'reason': 'rel_win1=55.9%（本命度） / 最有力組み合わせ確率: 0.071（推定実オッズ?19倍） / 2着集中度: 上位2艇 64.7%（補正+0.00） / 総合判定確率: 0.071 / → ヒモ分散。1号艇1着固定で広めのヒモ流し推奨（買い目+2点）', 'tenji_trigger': '展示確認: ヒモ分散レース。1号艇伸び確認後、広めのヒモ流しを採用。穴ヒモ（5・6号艇）を積極的に含める。'}",,,27.1,両建て推奨,12.07,30.6,3,,,,,,,,,,,
2025-05-07,丸亀,2,1,西原明生,B1,47.89,1,◎,43.7555,,0,76.6,0.1485,3.5745,,,0,低,192,0,逃1%,653 33,0,82.7,1.2193,0.4762,,,,,0.2571,0.2571,0.2762,○,,B,△,,,0.641,,0.352,B,58,0,◎○△フォーメーション（15〜20点）,0.5777,"{'is_target': False, 'verdict': '対象外', 'max_combo_prob': None, 'est_top_odds': None, 'circle_concentration': None, 'eligible_count': 0, 'bet_adj': 0, 'reason': '1号艇rel_win1 < 45%: 通常判定に委ねる', 'tenji_trigger': ''}",,,31.5,両建て推奨,17.83,38.2,2,,,,,0,0,0.6155,0,,逃げ軸流し,A
2025-05-07,丸亀,2,2,中村日向,A1,36.36,2,,21.4099,50.8,35,67.7,0.1487,3.2097,,,0,低,40,0,-,11441,0,46.3,1.0514,0,0.1667,0.0833,0,0,0.1538,0.0769,0,,◎,D,○,,0.3724,0.645,,0.352,B,58,0,◎○△フォーメーション（15〜20点）,0.5777,"{'is_target': False, 'verdict': '対象外', 'max_combo_prob': None, 'est_top_odds': None, 'circle_concentration': None, 'eligible_count': 0, 'bet_adj': 0, 'reason': '1号艇rel_win1 < 45%: 通常判定に委ねる', 'tenji_trigger': ''}",,,31.5,両建て推奨,17.83,38.2,2,,,,,,,,,,,
2025-05-07,丸亀,2,3,川上清人,B1,48.15,3,○,11.9012,22.5,79,49.1,0.1642,3.7273,,,0,低,150,0,-,2 3335,0,100,0.674,0,0,0.0952,0,0,0.3733,0.0381,0.1962,,,A,,,0.2544,0.595,,0.352,B,58,0,◎○△フォーメーション（15〜20点）,0.5777,"{'is_target': False, 'verdict': '対象外', 'max_combo_prob': None, 'est_top_odds': None, 'circle_concentration': None, 'eligible_count': 0, 'bet_adj': 0, 'reason': '1号艇rel_win1 < 45%: 通常判定に委ねる', 'tenji_trigger': ''}",,,31.5,両建て推奨,17.83,38.2,2,,,,,,,,,,,
2025-05-07,丸亀,2,4,松尾　祭,A2,45.03,4,△,12.3183,13.9,100,61.1,0.1704,3.9444,,,0,低,144,0,-,33225,0,40.7,0.9251,0,0,0.0357,0,0,0.1086,0.0654,0.2501,,,C,△,◎,0.2366,0.6215,0.2425,0.352,B,58,0,◎○△フォーメーション（15〜20点）,0.5777,"{'is_target': False, 'verdict': '対象外', 'max_combo_prob': None, 'est_top_odds': None, 'circle_concentration': None, 'eligible_count': 0, 'bet_adj': 0, 'reason': '1号艇rel_win1 < 45%: 通常判定に委ねる', 'tenji_trigger': ''}",,,31.5,両建て推奨,17.83,38.2,2,,,,,,,,,,,
2025-05-07,丸亀,2,5,福田雅一,A2,39.86,5,▲,5.0899,6.5,52,38.5,0.1463,3.1731,,,0,低,91,0,差ま1%,166 16,0,27.7,0.6683,0,0,0,0.0909,0,0.2,0.1,0.2,,,C,◎,,0.3419,0.66,,0.352,B,58,0,◎○△フォーメーション（15〜20点）,0.5777,"{'is_target': False, 'verdict': '対象外', 'max_combo_prob': None, 'est_top_odds': None, 'circle_concentration': None, 'eligible_count': 0, 'bet_adj': 0, 'reason': '1号艇rel_win1 < 45%: 通常判定に委ねる', 'tenji_trigger': ''}",,,31.5,両建て推奨,17.83,38.2,2,,,,,,,,,,,
2025-05-07,丸亀,2,6,妻鳥晋也,B1,38.67,6,,5.5253,6.3,54,35.7,0.1767,4.1548,,,0,低,151,0,-,2 553,0,26.6,2.3606,0,0,0,0.0588,0.0588,0.25,0.21,0.23,,,D,,,0.2363,0.601,,0.352,B,58,0,◎○△フォーメーション（15〜20点）,0.5777,"{'is_target': False, 'verdict': '対象外', 'max_combo_prob': None, 'est_top_odds': None, 'circle_concentration': None, 'eligible_count': 0, 'bet_adj': 0, 'reason': '1号艇rel_win1 < 45%: 通常判定に委ねる', 'tenji_trigger': ''}",,,31.5,両建て推奨,17.83,38.2,2,,,,,,,,,,,
2025-05-07,丸亀,3,1,谷口知優,B1,35.90,1,◎,52.8499,,0,80,0.1429,2.5143,,,0,低,83,0,逃1%,6 415,0,62.7,0.9815,0.5909,,,,,0,0.3481,0.1039,◎,,C,△,,,0.6165,,0.613,A,74,0,◎-○軸 3着3〜4艇流し（10〜15点）,0.5777,"{'is_target': True, 'verdict': '点数絞り', 'max_combo_prob': 0.1063, 'est_top_odds': 12.5, 'circle_concentration': 78.0, 'eligible_count': 8, 'bet_adj': 0, 'reason': 'rel_win1=52.8%（本命度） / 最有力組み合わせ確率: 0.106（推定実オッズ?12倍） / 2着集中度: 上位2艇 78.0%（補正+0.04） / 総合判定確率: 0.146 / → ヒモはやや固め。上位2艇以外を切ること', 'tenji_trigger': '展示確認: 1号艇伸び良→そのまま採用。悪→飛び組に差し替え。circle_pct上位2艇に絞り込むこと。'}",,,28.7,逃げ狙い,17.78,30.4,2,,,,,0,0,0.7559,0,,逃げ軸流し,A
2025-05-07,丸亀,3,2,宮崎　奨,A1,24.67,2,,16.4839,49.1,73,73.4,0.1681,3.9766,,,0,低,134,0,差0%,2 2543,0,60.7,1.1424,0,0.16,0,0,0,0.0343,0.1571,0.2686,,,E,△,,0.0871,0.658,,0.613,A,74,0,◎-○軸 3着3〜4艇流し（10〜15点）,0.5777,"{'is_target': True, 'verdict': '点数絞り', 'max_combo_prob': 0.1063, 'est_top_odds': 12.5, 'circle_concentration': 78.0, 'eligible_count': 8, 'bet_adj': 0, 'reason': 'rel_win1=52.8%（本命度） / 最有力組み合わせ確率: 0.106（推定実オッズ?12倍） / 2着集中度: 上位2艇 78.0%（補正+0.04） / 総合判定確率: 0.146 / → ヒモはやや固め。上位2艇以外を切ること', 'tenji_trigger': '展示確認: 1号艇伸び良→そのまま採用。悪→飛び組に差し替え。circle_pct上位2艇に絞り込むこと。'}",,,28.7,逃げ狙い,17.78,30.4,2,,,,,,,,,,,
2025-05-07,丸亀,3,3,松尾夏海,A2,33.56,3,▲,13.2921,28.9,60,51.8,0.1526,2.9444,,,0,低,45,0,-,53131,0,100,2.2596,0,0,0.0909,0,0,,,,,,C,◎,,0.2444,0.684,,0.613,A,74,0,◎-○軸 3着3〜4艇流し（10〜15点）,0.5777,"{'is_target': True, 'verdict': '点数絞り', 'max_combo_prob': 0.1063, 'est_top_odds': 12.5, 'circle_concentration': 78.0, 'eligible_count': 8, 'bet_adj': 0, 'reason': 'rel_win1=52.8%（本命度） / 最有力組み合わせ確率: 0.106（推定実オッズ?12倍） / 2着集中度: 上位2艇 78.0%（補正+0.04） / 総合判定確率: 0.146 / → ヒモはやや固め。上位2艇以外を切ること', 'tenji_trigger': '展示確認: 1号艇伸び良→そのまま採用。悪→飛び組に差し替え。circle_pct上位2艇に絞り込むこと。'}",,,28.7,逃げ狙い,17.78,30.4,2,,,,,,,,,,,
2025-05-07,丸亀,3,4,宮武英司,B1,29.03,4,△,9.3421,10.6,100,51,0.1514,3.2347,,,0,低,89,0,-,452 S4,0,77.3,1.5747,0,0,0,0.0476,0,0.4889,0.0222,0.0222,,,D,△,◎,0.2512,0.658,0.3647,0.613,A,74,0,◎-○軸 3着3〜4艇流し（10〜15点）,0.5777,"{'is_target': True, 'verdict': '点数絞り', 'max_combo_prob': 0.1063, 'est_top_odds': 12.5, 'circle_concentration': 78.0, 'eligible_count': 8, 'bet_adj': 0, 'reason': 'rel_win1=52.8%（本命度） / 最有力組み合わせ確率: 0.106（推定実オッズ?12倍） / 2着集中度: 上位2艇 78.0%（補正+0.04） / 総合判定確率: 0.146 / → ヒモはやや固め。上位2艇以外を切ること', 'tenji_trigger': '展示確認: 1号艇伸び良→そのまま採用。悪→飛び組に差し替え。circle_pct上位2艇に絞り込むこと。'}",,,28.7,逃げ狙い,17.78,30.4,2,,,,,,,,,,,
2025-05-07,丸亀,3,5,村越　篤,A2,49.65,5,○,6.9237,10.7,48,37.1,0.1685,3.9032,,,0,低,142,0,-,531 14,0,49.5,1.2698,,,,,,0.2516,0.0129,0.0774,,,A,○,,0.232,0.667,,0.613,A,74,0,◎-○軸 3着3〜4艇流し（10〜15点）,0.5777,"{'is_target': True, 'verdict': '点数絞り', 'max_combo_prob': 0.1063, 'est_top_odds': 12.5, 'circle_concentration': 78.0, 'eligible_count': 8, 'bet_adj': 0, 'reason': 'rel_win1=52.8%（本命度） / 最有力組み合わせ確率: 0.106（推定実オッズ?12倍） / 2着集中度: 上位2艇 78.0%（補正+0.04） / 総合判定確率: 0.146 / → ヒモはやや固め。上位2艇以外を切ること', 'tenji_trigger': '展示確認: 1号艇伸び良→そのまま採用。悪→飛び組に差し替え。circle_pct上位2艇に絞り込むこと。'}",,,28.7,逃げ狙い,17.78,30.4,2,,,,,,,,,,,
2025-05-07,丸亀,3,6,下田哲也,B1,42.47,6,,1.1083,0.7,36,8.9,0.1876,4.5667,,,0,低,104,0,-,5 135,0,31,0.5997,,,,,,0.3333,0.1667,0.25,,,B,,,0.1678,0.615,,0.613,A,74,0,◎-○軸 3着3〜4艇流し（10〜15点）,0.5777,"{'is_target': True, 'verdict': '点数絞り', 'max_combo_prob': 0.1063, 'est_top_odds': 12.5, 'circle_concentration': 78.0, 'eligible_count': 8, 'bet_adj': 0, 'reason': 'rel_win1=52.8%（本命度） / 最有力組み合わせ確率: 0.106（推定実オッズ?12倍） / 2着集中度: 上位2艇 78.0%（補正+0.04） / 総合判定確率: 0.146 / → ヒモはやや固め。上位2艇以外を切ること', 'tenji_trigger': '展示確認: 1号艇伸び良→そのまま採用。悪→飛び組に差し替え。circle_pct上位2艇に絞り込むこと。'}",,,28.7,逃げ狙い,17.78,30.4,2,,,,,,,,,,,
2025-05-07,丸亀,4,1,平池仁志,B1,31.79,1,◎,40.9801,,0,75,0.1706,3.2812,,,0,低,96,0,逃0%,143 33,0,52,0.8775,0.3333,,,,,0.6667,0,0,△,,C,△,,,0.619,,0.2581,C,44,0,荒れ傾向。高配当狙いか見送り,0.5777,"{'is_target': False, 'verdict': '対象外', 'max_combo_prob': None, 'est_top_odds': None, 'circle_concentration': None, 'eligible_count': 0, 'bet_adj': 0, 'reason': '1号艇rel_win1 < 45%: 通常判定に委ねる', 'tenji_trigger': ''}",,,32.8,両建て推奨,16.74,42.8,3,3-5-4|3-4-5|3-4-6|3-5-6|1-3-4|1-3-5|1-2-4|1-2-3|1-2-5,4-1-5|4-1-6|3-5-4|3-4-5|3-4-6|3-5-6|2-1-4|1-3-4|1-3-5|1-2-4|1-2-3|1-2-5,3-5-4:2.02%|3-4-5:1.95%|3-4-6:1.5%|3-5-6:1.5%|1-3-4:7.41%|1-3-5:5.97%|1-2-4:5.33%|1-2-3:4.85%|1-2-5:4.29%,3-5-4:B_main|3-4-5:B_main|3-4-6:B_main|3-5-6:B_main|1-3-4:A|1-3-5:A|1-2-4:A|1-2-3:A|1-2-5:A,9,12,0.4535,1,[!]見送り推奨（主役決まり手「まくり」― 逃げ劣勢レースで的中実績なし）,荒れ広め,D
2025-05-07,丸亀,4,2,木村光宏,B1,28.30,2,,11.9838,27.7,94,46,0.1772,3.7,,,0,低,99,0,-,562 66,0,21.3,0.6881,0,0.0455,0,0,0,0.3952,0.3571,0.0571,,,D,○,,0.2428,0.6335,,0.2581,C,44,0,荒れ傾向。高配当狙いか見送り,0.5777,"{'is_target': False, 'verdict': '対象外', 'max_combo_prob': None, 'est_top_odds': None, 'circle_concentration': None, 'eligible_count': 0, 'bet_adj': 0, 'reason': '1号艇rel_win1 < 45%: 通常判定に委ねる', 'tenji_trigger': ''}",,,32.8,両建て推奨,16.74,42.8,3,,,,,,,,,,,
2025-05-07,丸亀,4,3,中村晃朋,A1,31.51,3,○,24.0377,38.8,100,85.7,0.1346,2.7143,,,0,低,56,0,差0% ま0% 差ま0%,41111,0,54,1.2812,0,0.0769,0.1538,0.0769,0.0769,0.1745,0,0.1564,,◎,C,◎,,0.492,0.678,,0.2581,C,44,0,荒れ傾向。高配当狙いか見送り,0.5777,"{'is_target': False, 'verdict': '対象外', 'max_combo_prob': None, 'est_top_odds': None, 'circle_concentration': None, 'eligible_count': 0, 'bet_adj': 0, 'reason': '1号艇rel_win1 < 45%: 通常判定に委ねる', 'tenji_trigger': ''}",,,32.8,両建て推奨,16.74,42.8,3,,,,,,,,,,,
2025-05-07,丸亀,4,4,山田理央,A2,26.90,4,,12.4741,18.3,98,53.8,0.1582,3.1923,,,0,低,62,0,-,4 5636,0,56.2,1.196,0,0.0625,0.0625,0.0625,0,0.0444,0.1444,0.0222,,,E,,◎,0.3427,0.6,0.4282,0.2581,C,44,0,荒れ傾向。高配当狙いか見送り,0.5777,"{'is_target': False, 'verdict': '対象外', 'max_combo_prob': None, 'est_top_odds': None, 'circle_concentration': None, 'eligible_count': 0, 'bet_adj': 0, 'reason': '1号艇rel_win1 < 45%: 通常判定に委ねる', 'tenji_trigger': ''}",,,32.8,両建て推奨,16.74,42.8,3,,,,,,,,,,,
2025-05-07,丸亀,4,5,中越博紀,A2,36.81,5,▲,9.1767,14.9,95,50.8,0.1544,3.4524,,,0,低,130,0,-,5 2625,0,59.8,1.2469,0,0,0,0.0385,0,0.0296,0.3593,0.0593,,,B,△,,0.3331,0.6195,,0.2581,C,44,0,荒れ傾向。高配当狙いか見送り,0.5777,"{'is_target': False, 'verdict': '対象外', 'max_combo_prob': None, 'est_top_odds': None, 'circle_concentration': None, 'eligible_count': 0, 'bet_adj': 0, 'reason': '1号艇rel_win1 < 45%: 通常判定に委ねる', 'tenji_trigger': ''}",,,32.8,両建て推奨,16.74,42.8,3,,,,,,,,,,,
2025-05-07,丸亀,4,6,上田隆章,B1,41.38,6,△,1.3476,0.2,61,16.1,0.2268,5.1696,,,0,低,192,0,-,F 355,0,100,2.7542,,,,,,0.3,0.22,0.1,,,B,,,0.1388,0.5515,,0.2581,C,44,0,荒れ傾向。高配当狙いか見送り,0.5777,"{'is_target': False, 'verdict': '対象外', 'max_combo_prob': None, 'est_top_odds': None, 'circle_concentration': None, 'eligible_count': 0, 'bet_adj': 0, 'reason': '1号艇rel_win1 < 45%: 通常判定に委ねる', 'tenji_trigger': ''}",,,32.8,両建て推奨,16.74,42.8,3,,,,,,,,,,,
2025-05-07,丸亀,5,1,中村桃佳,B2,29.14,1,◎,47.2647,,0,91.3,0.1557,2.7391,,,0,低,41,0,逃1%,2 152,0,71.8,1.1118,0.4706,,,,,0.0471,0.0706,0.2706,◎,,D,△,,,0.6205,,0.4516,S,95,0,◎1着固定 2-3着流し（5〜8点）,0.5777,"{'is_target': True, 'verdict': '参加推奨', 'max_combo_prob': 0.0716, 'est_top_odds': 18.6, 'circle_concentration': 82.5, 'eligible_count': 6, 'bet_adj': 2, 'reason': 'rel_win1=47.3%（本命度） / 最有力組み合わせ確率: 0.072（推定実オッズ?19倍） / 2着集中度: 上位2艇 82.5%（補正+0.04） / 総合判定確率: 0.112 / → ヒモ分散。1号艇1着固定で広めのヒモ流し推奨（買い目+2点）', 'tenji_trigger': '展示確認: ヒモ分散レース。1号艇伸び確認後、広めのヒモ流しを採用。穴ヒモ（5・6号艇）を積極的に含める。'}",,,28.1,逃げ狙い,17.41,29,2,,,,,0,0,0.7559,0,,逃げ軸流し,A
2025-05-07,丸亀,5,2,木谷賢太,A1,32.26,2,△,17.2344,48.8,90,76.4,0.152,3.5909,,,0,低,107,0,差0%,134 12,0,32.8,0.9153,0,0.25,0.0357,0,0,0.0343,0.0114,0.1957,,○,D,◎,,0.3929,0.663,,0.4516,S,95,0,◎1着固定 2-3着流し（5〜8点）,0.5777,"{'is_target': True, 'verdict': '参加推奨', 'max_combo_prob': 0.0716, 'est_top_odds': 18.6, 'circle_concentration': 82.5, 'eligible_count': 6, 'bet_adj': 2, 'reason': 'rel_win1=47.3%（本命度） / 最有力組み合わせ確率: 0.072（推定実オッズ?19倍） / 2着集中度: 上位2艇 82.5%（補正+0.04） / 総合判定確率: 0.112 / → ヒモ分散。1号艇1着固定で広めのヒモ流し推奨（買い目+2点）', 'tenji_trigger': '展示確認: ヒモ分散レース。1号艇伸び確認後、広めのヒモ流しを採用。穴ヒモ（5・6号艇）を積極的に含める。'}",,,28.1,逃げ狙い,17.41,29,2,,,,,,,,,,,
2025-05-07,丸亀,5,3,濱野斗馬,A2,35.38,3,○,15.6096,33.7,100,73.1,0.1292,2.3654,,,0,低,40,0,-,3 3613,0,27.4,0.8962,0,0,0,0.0833,0,0.0968,0,0.0323,,◎,B,○,,0.4219,0.638,,0.4516,S,95,0,◎1着固定 2-3着流し（5〜8点）,0.5777,"{'is_target': True, 'verdict': '参加推奨', 'max_combo_prob': 0.0716, 'est_top_odds': 18.6, 'circle_concentration': 82.5, 'eligible_count': 6, 'bet_adj': 2, 'reason': 'rel_win1=47.3%（本命度） / 最有力組み合わせ確率: 0.072（推定実オッズ?19倍） / 2着集中度: 上位2艇 82.5%（補正+0.04） / 総合判定確率: 0.112 / → ヒモ分散。1号艇1着固定で広めのヒモ流し推奨（買い目+2点）', 'tenji_trigger': '展示確認: ヒモ分散レース。1号艇伸び確認後、広めのヒモ流しを採用。穴ヒモ（5・6号艇）を積極的に含める。'}",,,28.1,逃げ狙い,17.41,29,2,,,,,,,,,,,
2025-05-07,丸亀,5,4,村岡　賢,B1,41.61,4,▲,8.3602,5.4,98,32.7,0.1735,3.7636,,,0,低,137,0,ま0%,6 464,0,60.4,0.8226,0,0,0.0417,0,0,0.0571,0.2343,0.0762,,,B,△,,0.2161,0.6265,,0.4516,S,95,0,◎1着固定 2-3着流し（5〜8点）,0.5777,"{'is_target': True, 'verdict': '参加推奨', 'max_combo_prob': 0.0716, 'est_top_odds': 18.6, 'circle_concentration': 82.5, 'eligible_count': 6, 'bet_adj': 2, 'reason': 'rel_win1=47.3%（本命度） / 最有力組み合わせ確率: 0.072（推定実オッズ?19倍） / 2着集中度: 上位2艇 82.5%（補正+0.04） / 総合判定確率: 0.112 / → ヒモ分散。1号艇1着固定で広めのヒモ流し推奨（買い目+2点）', 'tenji_trigger': '展示確認: ヒモ分散レース。1号艇伸び確認後、広めのヒモ流しを採用。穴ヒモ（5・6号艇）を積極的に含める。'}",,,28.1,逃げ狙い,17.41,29,2,,,,,,,,,,,
2025-05-07,丸亀,5,5,西丸侑太,A2,33.11,5,,10.453,10.8,97,44.7,0.1598,3.5745,,,0,低,100,0,-,34121,0,29.1,1.3067,0,0,0,0.0909,0,0,0.1314,0.0429,,,C,,◎,0.283,0.6105,0.3838,0.4516,S,95,0,◎1着固定 2-3着流し（5〜8点）,0.5777,"{'is_target': True, 'verdict': '参加推奨', 'max_combo_prob': 0.0716, 'est_top_odds': 18.6, 'circle_concentration': 82.5, 'eligible_count': 6, 'bet_adj': 2, 'reason': 'rel_win1=47.3%（本命度） / 最有力組み合わせ確率: 0.072（推定実オッズ?19倍） / 2着集中度: 上位2艇 82.5%（補正+0.04） / 総合判定確率: 0.112 / → ヒモ分散。1号艇1着固定で広めのヒモ流し推奨（買い目+2点）', 'tenji_trigger': '展示確認: ヒモ分散レース。1号艇伸び確認後、広めのヒモ流しを採用。穴ヒモ（5・6号艇）を積極的に含める。'}",,,28.1,逃げ狙い,17.41,29,2,,,,,,,,,,,
2025-05-07,丸亀,5,6,中岡　駿,B2,32.89,6,,1.0781,1.3,27,6.2,0.2055,4.3615,,,0,低,40,0,-,5 6 56,0,98.5,2.1656,,,,,,,,,,,D,,,0.1537,0.482,,0.4516,S,95,0,◎1着固定 2-3着流し（5〜8点）,0.5777,"{'is_target': True, 'verdict': '参加推奨', 'max_combo_prob': 0.0716, 'est_top_odds': 18.6, 'circle_concentration': 82.5, 'eligible_count': 6, 'bet_adj': 2, 'reason': 'rel_win1=47.3%（本命度） / 最有力組み合わせ確率: 0.072（推定実オッズ?19倍） / 2着集中度: 上位2艇 82.5%（補正+0.04） / 総合判定確率: 0.112 / → ヒモ分散。1号艇1着固定で広めのヒモ流し推奨（買い目+2点）', 'tenji_trigger': '展示確認: ヒモ分散レース。1号艇伸び確認後、広めのヒモ流しを採用。穴ヒモ（5・6号艇）を積極的に含める。'}",,,28.1,逃げ狙い,17.41,29,2,,,,,,,,,,,
2025-05-07,丸亀,6,1,川原祐明,A2,37.74,1,◎,56.0553,,0,90.3,0.1744,3.5565,,,0,低,110,0,逃0% 抜0%,1 1442,0,90,1.2162,0.6897,,,,,0.0276,0.1014,0.0138,○,,C,△,,,0.6185,,0.3681,S,93,0,◎1着固定 2-3着流し（5〜8点）,0.5777,"{'is_target': True, 'verdict': '参加推奨', 'max_combo_prob': 0.0681, 'est_top_odds': 19.6, 'circle_concentration': 61.7, 'eligible_count': 6, 'bet_adj': 2, 'reason': 'rel_win1=56.1%（本命度） / 最有力組み合わせ確率: 0.068（推定実オッズ?20倍） / 2着集中度: 上位2艇 61.7%（補正+0.00） / 総合判定確率: 0.068 / → ヒモ分散。1号艇1着固定で広めのヒモ流し推奨（買い目+2点）', 'tenji_trigger': '展示確認: ヒモ分散レース。1号艇伸び確認後、広めのヒモ流しを採用。穴ヒモ（5・6号艇）を積極的に含める。'}",,,28.1,逃げ狙い,20.8,25.9,3,,,,,0,0,0.6155,0,,逃げ軸流し,A
2025-05-07,丸亀,6,2,大西隆洋,B1,39.86,2,△,7.5611,24.8,74,35,0.1812,4.0833,,,0,低,103,0,抜0%,2 452,0,75.8,0.7319,0,0,0,0,0.0435,0.3077,0.0769,0.3077,,,C,△,,0.2595,0.6055,,0.3681,S,93,0,◎1着固定 2-3着流し（5〜8点）,0.5777,"{'is_target': True, 'verdict': '参加推奨', 'max_combo_prob': 0.0681, 'est_top_odds': 19.6, 'circle_concentration': 61.7, 'eligible_count': 6, 'bet_adj': 2, 'reason': 'rel_win1=56.1%（本命度） / 最有力組み合わせ確率: 0.068（推定実オッズ?20倍） / 2着集中度: 上位2艇 61.7%（補正+0.00） / 総合判定確率: 0.068 / → ヒモ分散。1号艇1着固定で広めのヒモ流し推奨（買い目+2点）', 'tenji_trigger': '展示確認: ヒモ分散レース。1号艇伸び確認後、広めのヒモ流しを採用。穴ヒモ（5・6号艇）を積極的に含める。'}",,,28.1,逃げ狙い,20.8,25.9,3,,,,,,,,,,,
2025-05-07,丸亀,6,3,中岡正彦,A2,44.59,3,○,23.6734,27.8,66,63.8,0.1291,2.4574,,,0,低,42,0,ま1%,422 22,0,60.9,1.3079,0,0,0.4762,0,0,0.1103,0,0.0588,,◎,B,◎,,0.5736,0.649,,0.3681,S,93,0,◎1着固定 2-3着流し（5〜8点）,0.5777,"{'is_target': True, 'verdict': '参加推奨', 'max_combo_prob': 0.0681, 'est_top_odds': 19.6, 'circle_concentration': 61.7, 'eligible_count': 6, 'bet_adj': 2, 'reason': 'rel_win1=56.1%（本命度） / 最有力組み合わせ確率: 0.068（推定実オッズ?20倍） / 2着集中度: 上位2艇 61.7%（補正+0.00） / 総合判定確率: 0.068 / → ヒモ分散。1号艇1着固定で広めのヒモ流し推奨（買い目+2点）', 'tenji_trigger': '展示確認: ヒモ分散レース。1号艇伸び確認後、広めのヒモ流しを採用。穴ヒモ（5・6号艇）を積極的に含める。'}",,,28.1,逃げ狙い,20.8,25.9,3,,,,,,,,,,,
2025-05-07,丸亀,6,4,近江翔吾,A1,45.07,4,▲,8.227,34,100,77.4,0.1394,2.934,,,0,低,52,0,差0%,1 1143,0,58.9,1.1519,0,0.037,0.0741,0,0,0.0811,0.0541,0.027,,○,A,○,◎,0.417,0.6415,0.4732,0.3681,S,93,0,◎1着固定 2-3着流し（5〜8点）,0.5777,"{'is_target': True, 'verdict': '参加推奨', 'max_combo_prob': 0.0681, 'est_top_odds': 19.6, 'circle_concentration': 61.7, 'eligible_count': 6, 'bet_adj': 2, 'reason': 'rel_win1=56.1%（本命度） / 最有力組み合わせ確率: 0.068（推定実オッズ?20倍） / 2着集中度: 上位2艇 61.7%（補正+0.00） / 総合判定確率: 0.068 / → ヒモ分散。1号艇1着固定で広めのヒモ流し推奨（買い目+2点）', 'tenji_trigger': '展示確認: ヒモ分散レース。1号艇伸び確認後、広めのヒモ流しを採用。穴ヒモ（5・6号艇）を積極的に含める。'}",,,28.1,逃げ狙い,20.8,25.9,3,,,,,,,,,,,
2025-05-07,丸亀,6,5,越智照浩,B1,27.33,5,,3.5605,12.1,55,19.6,0.1931,4.1176,,,0,低,133,0,-,343 44,0,27.7,1.4581,0,0.0357,0,0,0,0.2,0.35,0.05,,,E,,,0.2206,0.563,,0.3681,S,93,0,◎1着固定 2-3着流し（5〜8点）,0.5777,"{'is_target': True, 'verdict': '参加推奨', 'max_combo_prob': 0.0681, 'est_top_odds': 19.6, 'circle_concentration': 61.7, 'eligible_count': 6, 'bet_adj': 2, 'reason': 'rel_win1=56.1%（本命度） / 最有力組み合わせ確率: 0.068（推定実オッズ?20倍） / 2着集中度: 上位2艇 61.7%（補正+0.00） / 総合判定確率: 0.068 / → ヒモ分散。1号艇1着固定で広めのヒモ流し推奨（買い目+2点）', 'tenji_trigger': '展示確認: ヒモ分散レース。1号艇伸び確認後、広めのヒモ流しを採用。穴ヒモ（5・6号艇）を積極的に含める。'}",,,28.1,逃げ狙い,20.8,25.9,3,,,,,,,,,,,
2025-05-07,丸亀,6,6,三嶌さら,B2,28.48,6,,0.9227,1.4,12,3,0.1863,4.0152,,,0,低,82,0,-,456 56,0,27.7,0.6419,,,,,,0,0.25,0,,,D,,,0.2762,0.576,,0.3681,S,93,0,◎1着固定 2-3着流し（5〜8点）,0.5777,"{'is_target': True, 'verdict': '参加推奨', 'max_combo_prob': 0.0681, 'est_top_odds': 19.6, 'circle_concentration': 61.7, 'eligible_count': 6, 'bet_adj': 2, 'reason': 'rel_win1=56.1%（本命度） / 最有力組み合わせ確率: 0.068（推定実オッズ?20倍） / 2着集中度: 上位2艇 61.7%（補正+0.00） / 総合判定確率: 0.068 / → ヒモ分散。1号艇1着固定で広めのヒモ流し推奨（買い目+2点）', 'tenji_trigger': '展示確認: ヒモ分散レース。1号艇伸び確認後、広めのヒモ流しを採用。穴ヒモ（5・6号艇）を積極的に含める。'}",,,28.1,逃げ狙い,20.8,25.9,3,,,,,,,,,,,
2025-05-07,丸亀,7,1,片岡雅裕,A1,34.46,1,◎,56.7333,,0,93.1,0.129,2.5172,,,0,低,5,0,逃1%,1S422,0,62.4,0.9997,0.7857,,,,,0.0286,0,0.3571,◎,,D,◎,,,0.8292,,0.658,S,100,0,◎1着固定 2-3着流し（5〜8点）,0.5777,"{'is_target': True, 'verdict': '参加推奨', 'max_combo_prob': 0.07, 'est_top_odds': 19.0, 'circle_concentration': 68.5, 'eligible_count': 6, 'bet_adj': 2, 'reason': 'rel_win1=56.7%（本命度） / 最有力組み合わせ確率: 0.070（推定実オッズ?19倍） / 2着集中度: 上位2艇 68.5%（補正+0.00） / 総合判定確率: 0.070 / → ヒモ分散。1号艇1着固定で広めのヒモ流し推奨（買い目+2点）', 'tenji_trigger': '展示確認: ヒモ分散レース。1号艇伸び確認後、広めのヒモ流しを採用。穴ヒモ（5・6号艇）を積極的に含める。\n展示で1号艇スタート超安定(0.129秒)→ヒモ固まり方向に注意'}",,,27.3,逃げ狙い,18.85,25.4,4,,,,,0,0,0.7559,0,,逃げ軸流し,A
2025-05-07,丸亀,7,2,塩田雄一,B1,34.42,2,,7.4116,36.9,40,39,0.1837,3.8814,,,0,低,147,0,-,2 655,0,72.3,1.595,0,0,0.08,0,0,0.4143,0.0952,0.2071,,,D,,,0.0607,0.5565,,0.658,S,100,0,◎1着固定 2-3着流し（5〜8点）,0.5777,"{'is_target': True, 'verdict': '参加推奨', 'max_combo_prob': 0.07, 'est_top_odds': 19.0, 'circle_concentration': 68.5, 'eligible_count': 6, 'bet_adj': 2, 'reason': 'rel_win1=56.7%（本命度） / 最有力組み合わせ確率: 0.070（推定実オッズ?19倍） / 2着集中度: 上位2艇 68.5%（補正+0.00） / 総合判定確率: 0.070 / → ヒモ分散。1号艇1着固定で広めのヒモ流し推奨（買い目+2点）', 'tenji_trigger': '展示確認: ヒモ分散レース。1号艇伸び確認後、広めのヒモ流しを採用。穴ヒモ（5・6号艇）を積極的に含める。\n展示で1号艇スタート超安定(0.129秒)→ヒモ固まり方向に注意'}",,,27.3,逃げ狙い,18.85,25.4,4,,,,,,,,,,,
2025-05-07,丸亀,7,3,福田雅一,A2,39.86,3,▲,10.7437,19.5,80,52.8,0.1568,3.5283,,,0,低,91,0,-,166 16,0,25.6,0.8252,0,0,0.2273,0,0,0.2,0.1,0.2,,,B,○,,0.1952,0.66,,0.658,S,100,0,◎1着固定 2-3着流し（5〜8点）,0.5777,"{'is_target': True, 'verdict': '参加推奨', 'max_combo_prob': 0.07, 'est_top_odds': 19.0, 'circle_concentration': 68.5, 'eligible_count': 6, 'bet_adj': 2, 'reason': 'rel_win1=56.7%（本命度） / 最有力組み合わせ確率: 0.070（推定実オッズ?19倍） / 2着集中度: 上位2艇 68.5%（補正+0.00） / 総合判定確率: 0.070 / → ヒモ分散。1号艇1着固定で広めのヒモ流し推奨（買い目+2点）', 'tenji_trigger': '展示確認: ヒモ分散レース。1号艇伸び確認後、広めのヒモ流しを採用。穴ヒモ（5・6号艇）を積極的に含める。\n展示で1号艇スタート超安定(0.129秒)→ヒモ固まり方向に注意'}",,,27.3,逃げ狙い,18.85,25.4,4,,,,,,,,,,,
2025-05-07,丸亀,7,4,重成一人,A1,40.43,4,○,17.0743,31.6,100,84.4,0.1491,2.9219,,,0,低,51,0,差0%,25522,0,54.1,0.9315,0,0.0588,0.1765,0,0,0.0533,0.2533,0.0133,,,B,△,◎,0.2409,0.6315,0.3852,0.658,S,100,0,◎1着固定 2-3着流し（5〜8点）,0.5777,"{'is_target': True, 'verdict': '参加推奨', 'max_combo_prob': 0.07, 'est_top_odds': 19.0, 'circle_concentration': 68.5, 'eligible_count': 6, 'bet_adj': 2, 'reason': 'rel_win1=56.7%（本命度） / 最有力組み合わせ確率: 0.070（推定実オッズ?19倍） / 2着集中度: 上位2艇 68.5%（補正+0.00） / 総合判定確率: 0.070 / → ヒモ分散。1号艇1着固定で広めのヒモ流し推奨（買い目+2点）', 'tenji_trigger': '展示確認: ヒモ分散レース。1号艇伸び確認後、広めのヒモ流しを採用。穴ヒモ（5・6号艇）を積極的に含める。\n展示で1号艇スタート超安定(0.129秒)→ヒモ固まり方向に注意'}",,,27.3,逃げ狙い,18.85,25.4,4,,,,,,,,,,,
2025-05-07,丸亀,7,5,谷口知優,B1,35.90,5,△,7.0017,7.7,79,46.7,0.1598,3.3444,,,0,低,83,0,-,6 415,0,37.6,1.1929,0,0,0.0476,0.0476,0,0,0.3481,0.1039,,,C,△,,0.1886,0.6165,,0.658,S,100,0,◎1着固定 2-3着流し（5〜8点）,0.5777,"{'is_target': True, 'verdict': '参加推奨', 'max_combo_prob': 0.07, 'est_top_odds': 19.0, 'circle_concentration': 68.5, 'eligible_count': 6, 'bet_adj': 2, 'reason': 'rel_win1=56.7%（本命度） / 最有力組み合わせ確率: 0.070（推定実オッズ?19倍） / 2着集中度: 上位2艇 68.5%（補正+0.00） / 総合判定確率: 0.070 / → ヒモ分散。1号艇1着固定で広めのヒモ流し推奨（買い目+2点）', 'tenji_trigger': '展示確認: ヒモ分散レース。1号艇伸び確認後、広めのヒモ流しを採用。穴ヒモ（5・6号艇）を積極的に含める。\n展示で1号艇スタート超安定(0.129秒)→ヒモ固まり方向に注意'}",,,27.3,逃げ狙い,18.85,25.4,4,,,,,,,,,,,
2025-05-07,丸亀,7,6,門田　栞,B1,39.60,6,,1.0355,4.3,40,22.2,0.1606,2.9722,,,0,低,76,0,-,666 26,0,100,2.4356,,,,,,0.2308,0.3077,0,,,C,,,0.2122,0.5145,,0.658,S,100,0,◎1着固定 2-3着流し（5〜8点）,0.5777,"{'is_target': True, 'verdict': '参加推奨', 'max_combo_prob': 0.07, 'est_top_odds': 19.0, 'circle_concentration': 68.5, 'eligible_count': 6, 'bet_adj': 2, 'reason': 'rel_win1=56.7%（本命度） / 最有力組み合わせ確率: 0.070（推定実オッズ?19倍） / 2着集中度: 上位2艇 68.5%（補正+0.00） / 総合判定確率: 0.070 / → ヒモ分散。1号艇1着固定で広めのヒモ流し推奨（買い目+2点）', 'tenji_trigger': '展示確認: ヒモ分散レース。1号艇伸び確認後、広めのヒモ流しを採用。穴ヒモ（5・6号艇）を積極的に含める。\n展示で1号艇スタート超安定(0.129秒)→ヒモ固まり方向に注意'}",,,27.3,逃げ狙い,18.85,25.4,4,,,,,,,,,,,
2025-05-07,丸亀,8,1,西岡顕心,A1,30.67,1,◎,68.0029,,0,88.2,0.1341,3.1471,,,0,低,55,0,逃1%,341 44,0,73,0.9937,0.8571,,,,,0,0.0714,0,◎,,E,△,,,0.6245,,0.5982,S,84,0,◎1着固定 2-3着流し（5〜8点）,0.5777,"{'is_target': True, 'verdict': '点数絞り', 'max_combo_prob': 0.1133, 'est_top_odds': 11.8, 'circle_concentration': 75.0, 'eligible_count': 6, 'bet_adj': 0, 'reason': 'rel_win1=68.0%（本命度） / 最有力組み合わせ確率: 0.113（推定実オッズ?12倍） / 2着集中度: 上位2艇 75.0%（補正+0.04） / 総合判定確率: 0.153 / → ヒモはやや固め。上位2艇以外を切ること', 'tenji_trigger': '展示確認: 1号艇伸び良→そのまま採用。悪→飛び組に差し替え。circle_pct上位2艇に絞り込むこと。\n展示で1号艇スタート超安定(0.134秒)→ヒモ固まり方向に注意'}",,,24.8,逃げ狙い,13.27,22.9,2,,,,,0,0,0.7559,0,,逃げ軸流し,A
2025-05-07,丸亀,8,2,村越　篤,A2,49.65,2,○,12.7658,51.2,85,68.7,0.1593,3.2836,,,0,低,142,0,差0%,531 14,0,88.4,1.56,0,0.1875,0,0,0,0.2516,0.0129,0.0774,,,A,◎,,0.0939,0.667,,0.5982,S,84,0,◎1着固定 2-3着流し（5〜8点）,0.5777,"{'is_target': True, 'verdict': '点数絞り', 'max_combo_prob': 0.1133, 'est_top_odds': 11.8, 'circle_concentration': 75.0, 'eligible_count': 6, 'bet_adj': 0, 'reason': 'rel_win1=68.0%（本命度） / 最有力組み合わせ確率: 0.113（推定実オッズ?12倍） / 2着集中度: 上位2艇 75.0%（補正+0.04） / 総合判定確率: 0.153 / → ヒモはやや固め。上位2艇以外を切ること', 'tenji_trigger': '展示確認: 1号艇伸び良→そのまま採用。悪→飛び組に差し替え。circle_pct上位2艇に絞り込むこと。\n展示で1号艇スタート超安定(0.134秒)→ヒモ固まり方向に注意'}",,,24.8,逃げ狙い,13.27,22.9,2,,,,,,,,,,,
2025-05-07,丸亀,8,3,妻鳥晋也,B1,38.67,3,,6.837,23.9,91,50,0.2058,4.5938,,,0,低,151,0,-,2 553,0,23.4,0.9088,0,0,0.1176,0,0,0.25,0.21,0.23,,,C,,,0.124,0.601,,0.5982,S,84,0,◎1着固定 2-3着流し（5〜8点）,0.5777,"{'is_target': True, 'verdict': '点数絞り', 'max_combo_prob': 0.1133, 'est_top_odds': 11.8, 'circle_concentration': 75.0, 'eligible_count': 6, 'bet_adj': 0, 'reason': 'rel_win1=68.0%（本命度） / 最有力組み合わせ確率: 0.113（推定実オッズ?12倍） / 2着集中度: 上位2艇 75.0%（補正+0.04） / 総合判定確率: 0.153 / → ヒモはやや固め。上位2艇以外を切ること', 'tenji_trigger': '展示確認: 1号艇伸び良→そのまま採用。悪→飛び組に差し替え。circle_pct上位2艇に絞り込むこと。\n展示で1号艇スタート超安定(0.134秒)→ヒモ固まり方向に注意'}",,,24.8,逃げ狙い,13.27,22.9,2,,,,,,,,,,,
2025-05-07,丸亀,8,4,小野寺智,A2,36.73,4,△,7.7344,17.1,100,57.7,0.1388,3.0096,,,0,低,79,0,差ま0%,433425,0,74.3,1.3547,0,0,0.0476,0.0952,0,0.1217,0.0174,0.3096,,,C,△,◎,0.28,0.6185,0.463,0.5982,S,84,0,◎1着固定 2-3着流し（5〜8点）,0.5777,"{'is_target': True, 'verdict': '点数絞り', 'max_combo_prob': 0.1133, 'est_top_odds': 11.8, 'circle_concentration': 75.0, 'eligible_count': 6, 'bet_adj': 0, 'reason': 'rel_win1=68.0%（本命度） / 最有力組み合わせ確率: 0.113（推定実オッズ?12倍） / 2着集中度: 上位2艇 75.0%（補正+0.04） / 総合判定確率: 0.153 / → ヒモはやや固め。上位2艇以外を切ること', 'tenji_trigger': '展示確認: 1号艇伸び良→そのまま採用。悪→飛び組に差し替え。circle_pct上位2艇に絞り込むこと。\n展示で1号艇スタート超安定(0.134秒)→ヒモ固まり方向に注意'}",,,24.8,逃げ狙い,13.27,22.9,2,,,,,,,,,,,
2025-05-07,丸亀,8,5,松下知幸,B1,33.76,5,,3.6044,4.8,76,23.1,0.1932,4.1987,,,0,低,152,0,-,265 65,0,53.9,1.1129,0,0.0278,0.0278,0,0,0.2152,0.1581,0.1962,,,D,,,0.1063,0.5965,,0.5982,S,84,0,◎1着固定 2-3着流し（5〜8点）,0.5777,"{'is_target': True, 'verdict': '点数絞り', 'max_combo_prob': 0.1133, 'est_top_odds': 11.8, 'circle_concentration': 75.0, 'eligible_count': 6, 'bet_adj': 0, 'reason': 'rel_win1=68.0%（本命度） / 最有力組み合わせ確率: 0.113（推定実オッズ?12倍） / 2着集中度: 上位2艇 75.0%（補正+0.04） / 総合判定確率: 0.153 / → ヒモはやや固め。上位2艇以外を切ること', 'tenji_trigger': '展示確認: 1号艇伸び良→そのまま採用。悪→飛び組に差し替え。circle_pct上位2艇に絞り込むこと。\n展示で1号艇スタート超安定(0.134秒)→ヒモ固まり方向に注意'}",,,24.8,逃げ狙い,13.27,22.9,2,,,,,,,,,,,
2025-05-07,丸亀,8,6,山本景士,B1,41.03,6,▲,1.0555,3.1,40,12.1,0.1793,4.319,,,0,低,147,0,-,16F 5,0,28,0.6217,,,,,,0.1091,0.2909,0.0182,,,B,○,,0.17,0.6505,,0.5982,S,84,0,◎1着固定 2-3着流し（5〜8点）,0.5777,"{'is_target': True, 'verdict': '点数絞り', 'max_combo_prob': 0.1133, 'est_top_odds': 11.8, 'circle_concentration': 75.0, 'eligible_count': 6, 'bet_adj': 0, 'reason': 'rel_win1=68.0%（本命度） / 最有力組み合わせ確率: 0.113（推定実オッズ?12倍） / 2着集中度: 上位2艇 75.0%（補正+0.04） / 総合判定確率: 0.153 / → ヒモはやや固め。上位2艇以外を切ること', 'tenji_trigger': '展示確認: 1号艇伸び良→そのまま採用。悪→飛び組に差し替え。circle_pct上位2艇に絞り込むこと。\n展示で1号艇スタート超安定(0.134秒)→ヒモ固まり方向に注意'}",,,24.8,逃げ狙い,13.27,22.9,2,,,,,,,,,,,
2025-05-07,丸亀,9,1,山田理央,A2,26.90,1,◎,57.5326,,0,88.6,0.134,2.4857,,,0,低,62,0,逃0%,4 5636,0,90.9,1.2037,0.6667,,,,,0.0444,0.1444,0.0222,◎,,E,△,,,0.6,,0.62,S,86,0,◎1着固定 2-3着流し（5〜8点）,0.5777,"{'is_target': True, 'verdict': '点数絞り', 'max_combo_prob': 0.1242, 'est_top_odds': 10.7, 'circle_concentration': 77.8, 'eligible_count': 6, 'bet_adj': 0, 'reason': 'rel_win1=57.5%（本命度） / 最有力組み合わせ確率: 0.124（推定実オッズ?11倍） / 2着集中度: 上位2艇 77.8%（補正+0.04） / 総合判定確率: 0.164 / → ヒモはやや固め。上位2艇以外を切ること', 'tenji_trigger': '展示確認: 1号艇伸び良→そのまま採用。悪→飛び組に差し替え。circle_pct上位2艇に絞り込むこと。\n展示で1号艇スタート超安定(0.134秒)→ヒモ固まり方向に注意'}",,,27.3,逃げ狙い,17.91,26.2,3,,,,,0,0,0.7559,0,,逃げ軸流し,A
2025-05-07,丸亀,9,2,松尾夏海,A2,33.56,2,▲,12.364,51,93,64.5,0.1616,3.2903,,,0,低,45,0,-,53131,0,48.6,1.0216,0,0.1,0,0,0,,,,,,C,◎,,0.0722,0.684,,0.62,S,86,0,◎1着固定 2-3着流し（5〜8点）,0.5777,"{'is_target': True, 'verdict': '点数絞り', 'max_combo_prob': 0.1242, 'est_top_odds': 10.7, 'circle_concentration': 77.8, 'eligible_count': 6, 'bet_adj': 0, 'reason': 'rel_win1=57.5%（本命度） / 最有力組み合わせ確率: 0.124（推定実オッズ?11倍） / 2着集中度: 上位2艇 77.8%（補正+0.04） / 総合判定確率: 0.164 / → ヒモはやや固め。上位2艇以外を切ること', 'tenji_trigger': '展示確認: 1号艇伸び良→そのまま採用。悪→飛び組に差し替え。circle_pct上位2艇に絞り込むこと。\n展示で1号艇スタート超安定(0.134秒)→ヒモ固まり方向に注意'}",,,27.3,逃げ狙い,17.91,26.2,3,,,,,,,,,,,
2025-05-07,丸亀,9,3,平高奈菜,A1,30.32,3,○,15.6417,26.9,90,58.3,0.1575,3.0625,,,0,低,46,0,抜0%,1S4311,0,72.9,1.0548,0,0,0.0833,0.0833,0.0833,0.2,0,0.1333,,,D,○,,0.1834,0.6215,,0.62,S,86,0,◎1着固定 2-3着流し（5〜8点）,0.5777,"{'is_target': True, 'verdict': '点数絞り', 'max_combo_prob': 0.1242, 'est_top_odds': 10.7, 'circle_concentration': 77.8, 'eligible_count': 6, 'bet_adj': 0, 'reason': 'rel_win1=57.5%（本命度） / 最有力組み合わせ確率: 0.124（推定実オッズ?11倍） / 2着集中度: 上位2艇 77.8%（補正+0.04） / 総合判定確率: 0.164 / → ヒモはやや固め。上位2艇以外を切ること', 'tenji_trigger': '展示確認: 1号艇伸び良→そのまま採用。悪→飛び組に差し替え。circle_pct上位2艇に絞り込むこと。\n展示で1号艇スタート超安定(0.134秒)→ヒモ固まり方向に注意'}",,,27.3,逃げ狙い,17.91,26.2,3,,,,,,,,,,,
2025-05-07,丸亀,9,4,中村桃佳,B2,29.14,4,,9.4714,20.3,100,61.5,0.1638,3.1731,,,0,低,41,0,-,2 152,0,81.9,1.504,0,0,0.1905,0,0,0.0471,0.0706,0.2706,,,D,△,,0.2163,0.6205,,0.62,S,86,0,◎1着固定 2-3着流し（5〜8点）,0.5777,"{'is_target': True, 'verdict': '点数絞り', 'max_combo_prob': 0.1242, 'est_top_odds': 10.7, 'circle_concentration': 77.8, 'eligible_count': 6, 'bet_adj': 0, 'reason': 'rel_win1=57.5%（本命度） / 最有力組み合わせ確率: 0.124（推定実オッズ?11倍） / 2着集中度: 上位2艇 77.8%（補正+0.04） / 総合判定確率: 0.164 / → ヒモはやや固め。上位2艇以外を切ること', 'tenji_trigger': '展示確認: 1号艇伸び良→そのまま採用。悪→飛び組に差し替え。circle_pct上位2艇に絞り込むこと。\n展示で1号艇スタート超安定(0.134秒)→ヒモ固まり方向に注意'}",,,27.3,逃げ狙い,17.91,26.2,3,,,,,,,,,,,
2025-05-07,丸亀,9,5,三嶌ここ,B1,40.74,5,△,3.7688,1.5,32,8.5,0.2019,4.5638,,,0,低,114,0,-,3 546,0,30.1,0.6148,,,,,,0.0571,0.0571,0.3143,,,B,,,0.1324,0.553,,0.62,S,86,0,◎1着固定 2-3着流し（5〜8点）,0.5777,"{'is_target': True, 'verdict': '点数絞り', 'max_combo_prob': 0.1242, 'est_top_odds': 10.7, 'circle_concentration': 77.8, 'eligible_count': 6, 'bet_adj': 0, 'reason': 'rel_win1=57.5%（本命度） / 最有力組み合わせ確率: 0.124（推定実オッズ?11倍） / 2着集中度: 上位2艇 77.8%（補正+0.04） / 総合判定確率: 0.164 / → ヒモはやや固め。上位2艇以外を切ること', 'tenji_trigger': '展示確認: 1号艇伸び良→そのまま採用。悪→飛び組に差し替え。circle_pct上位2艇に絞り込むこと。\n展示で1号艇スタート超安定(0.134秒)→ヒモ固まり方向に注意'}",,,27.3,逃げ狙い,17.91,26.2,3,,,,,,,,,,,
2025-05-07,丸亀,9,6,大廣咲季,B1,36.91,6,,1.2216,0.4,14,6.6,0.1836,3.7377,,,0,低,81,0,-,F66 6,0,46.6,1.4561,,,,,,0.3333,0.3333,0,,,B,,,0.1522,0.543,,0.62,S,86,0,◎1着固定 2-3着流し（5〜8点）,0.5777,"{'is_target': True, 'verdict': '点数絞り', 'max_combo_prob': 0.1242, 'est_top_odds': 10.7, 'circle_concentration': 77.8, 'eligible_count': 6, 'bet_adj': 0, 'reason': 'rel_win1=57.5%（本命度） / 最有力組み合わせ確率: 0.124（推定実オッズ?11倍） / 2着集中度: 上位2艇 77.8%（補正+0.04） / 総合判定確率: 0.164 / → ヒモはやや固め。上位2艇以外を切ること', 'tenji_trigger': '展示確認: 1号艇伸び良→そのまま採用。悪→飛び組に差し替え。circle_pct上位2艇に絞り込むこと。\n展示で1号艇スタート超安定(0.134秒)→ヒモ固まり方向に注意'}",,,27.3,逃げ狙い,17.91,26.2,3,,,,,,,,,,,
2025-05-07,丸亀,10,1,近江翔吾,A1,45.07,1,◎,59.1096,,0,92.7,0.1291,2.3015,,,0,低,52,0,逃1%,1 1143,0,78.6,1.1474,0.7838,,,,,0.0811,0.0541,0.027,◎,,A,◎,,,0.6415,,0.6918,S,93,0,◎1着固定 2-3着流し（5〜8点）,0.5777,"{'is_target': True, 'verdict': '参加推奨', 'max_combo_prob': 0.064, 'est_top_odds': 20.8, 'circle_concentration': 66.4, 'eligible_count': 6, 'bet_adj': 2, 'reason': 'rel_win1=59.1%（本命度） / 最有力組み合わせ確率: 0.064（推定実オッズ?21倍） / 2着集中度: 上位2艇 66.4%（補正+0.00） / 総合判定確率: 0.064 / → ヒモ分散。1号艇1着固定で広めのヒモ流し推奨（買い目+2点）', 'tenji_trigger': '展示確認: ヒモ分散レース。1号艇伸び確認後、広めのヒモ流しを採用。穴ヒモ（5・6号艇）を積極的に含める。\n展示で1号艇スタート超安定(0.129秒)→ヒモ固まり方向に注意'}",,,29.3,逃げ狙い,26.19,24.8,3,,,,,0,0,0.7559,0,,逃げ軸流し,A
2025-05-07,丸亀,10,2,下田哲也,B1,42.47,2,△,5.405,32.5,100,58.1,0.1685,3.6371,,,0,低,104,0,-,5 135,0,58,1.2217,0,0,0.0526,0,0,0.3333,0.1667,0.25,,,B,△,,0.0562,0.615,,0.6918,S,93,0,◎1着固定 2-3着流し（5〜8点）,0.5777,"{'is_target': True, 'verdict': '参加推奨', 'max_combo_prob': 0.064, 'est_top_odds': 20.8, 'circle_concentration': 66.4, 'eligible_count': 6, 'bet_adj': 2, 'reason': 'rel_win1=59.1%（本命度） / 最有力組み合わせ確率: 0.064（推定実オッズ?21倍） / 2着集中度: 上位2艇 66.4%（補正+0.00） / 総合判定確率: 0.064 / → ヒモ分散。1号艇1着固定で広めのヒモ流し推奨（買い目+2点）', 'tenji_trigger': '展示確認: ヒモ分散レース。1号艇伸び確認後、広めのヒモ流しを採用。穴ヒモ（5・6号艇）を積極的に含める。\n展示で1号艇スタート超安定(0.129秒)→ヒモ固まり方向に注意'}",,,29.3,逃げ狙い,26.19,24.8,3,,,,,,,,,,,
2025-05-07,丸亀,10,3,竹田和哉,A1,29.73,3,,12.9244,33.9,84,76.6,0.1462,2.8936,,,0,低,106,0,ま0%,422341,0,42.1,0.9648,0,0,0.2174,0.0435,0,0.116,0.116,0,,,E,◎,,0.2449,0.6415,,0.6918,S,93,0,◎1着固定 2-3着流し（5〜8点）,0.5777,"{'is_target': True, 'verdict': '参加推奨', 'max_combo_prob': 0.064, 'est_top_odds': 20.8, 'circle_concentration': 66.4, 'eligible_count': 6, 'bet_adj': 2, 'reason': 'rel_win1=59.1%（本命度） / 最有力組み合わせ確率: 0.064（推定実オッズ?21倍） / 2着集中度: 上位2艇 66.4%（補正+0.00） / 総合判定確率: 0.064 / → ヒモ分散。1号艇1着固定で広めのヒモ流し推奨（買い目+2点）', 'tenji_trigger': '展示確認: ヒモ分散レース。1号艇伸び確認後、広めのヒモ流しを採用。穴ヒモ（5・6号艇）を積極的に含める。\n展示で1号艇スタート超安定(0.129秒)→ヒモ固まり方向に注意'}",,,29.3,逃げ狙い,26.19,24.8,3,,,,,,,,,,,
2025-05-07,丸亀,10,4,中越博紀,A2,36.81,4,▲,10.5532,13,66,53.7,0.167,3.5224,,,0,低,130,0,-,5 2625,0,100,2.0885,0,0.0714,0.0714,0.1071,0,0.0296,0.3593,0.0593,,,C,△,○,0.1543,0.6195,0.3925,0.6918,S,93,0,◎1着固定 2-3着流し（5〜8点）,0.5777,"{'is_target': True, 'verdict': '参加推奨', 'max_combo_prob': 0.064, 'est_top_odds': 20.8, 'circle_concentration': 66.4, 'eligible_count': 6, 'bet_adj': 2, 'reason': 'rel_win1=59.1%（本命度） / 最有力組み合わせ確率: 0.064（推定実オッズ?21倍） / 2着集中度: 上位2艇 66.4%（補正+0.00） / 総合判定確率: 0.064 / → ヒモ分散。1号艇1着固定で広めのヒモ流し推奨（買い目+2点）', 'tenji_trigger': '展示確認: ヒモ分散レース。1号艇伸び確認後、広めのヒモ流しを採用。穴ヒモ（5・6号艇）を積極的に含める。\n展示で1号艇スタート超安定(0.129秒)→ヒモ固まり方向に注意'}",,,29.3,逃げ狙い,26.19,24.8,3,,,,,,,,,,,
2025-05-07,丸亀,10,5,濱野斗馬,A2,35.38,5,○,11.2249,18.6,98,72.7,0.1352,2.5303,,,0,低,40,0,差0%,3 3613,0,59.2,1.1738,0,0.0556,0.1111,0.1111,0,0.0968,0,0.0323,,,C,○,◎,0.2925,0.638,0.5288,0.6918,S,93,0,◎1着固定 2-3着流し（5〜8点）,0.5777,"{'is_target': True, 'verdict': '参加推奨', 'max_combo_prob': 0.064, 'est_top_odds': 20.8, 'circle_concentration': 66.4, 'eligible_count': 6, 'bet_adj': 2, 'reason': 'rel_win1=59.1%（本命度） / 最有力組み合わせ確率: 0.064（推定実オッズ?21倍） / 2着集中度: 上位2艇 66.4%（補正+0.00） / 総合判定確率: 0.064 / → ヒモ分散。1号艇1着固定で広めのヒモ流し推奨（買い目+2点）', 'tenji_trigger': '展示確認: ヒモ分散レース。1号艇伸び確認後、広めのヒモ流しを採用。穴ヒモ（5・6号艇）を積極的に含める。\n展示で1号艇スタート超安定(0.129秒)→ヒモ固まり方向に注意'}",,,29.3,逃げ狙い,26.19,24.8,3,,,,,,,,,,,
2025-05-07,丸亀,10,6,嶋田貴支,B1,33.80,6,,0.7828,2,49,16.3,0.2263,4.9884,,,0,低,134,0,-,244 14,0,29.4,0.5544,,,,,,0.0174,0.0522,0.1174,,,D,,,0.1349,0.6045,,0.6918,S,93,0,◎1着固定 2-3着流し（5〜8点）,0.5777,"{'is_target': True, 'verdict': '参加推奨', 'max_combo_prob': 0.064, 'est_top_odds': 20.8, 'circle_concentration': 66.4, 'eligible_count': 6, 'bet_adj': 2, 'reason': 'rel_win1=59.1%（本命度） / 最有力組み合わせ確率: 0.064（推定実オッズ?21倍） / 2着集中度: 上位2艇 66.4%（補正+0.00） / 総合判定確率: 0.064 / → ヒモ分散。1号艇1着固定で広めのヒモ流し推奨（買い目+2点）', 'tenji_trigger': '展示確認: ヒモ分散レース。1号艇伸び確認後、広めのヒモ流しを採用。穴ヒモ（5・6号艇）を積極的に含める。\n展示で1号艇スタート超安定(0.129秒)→ヒモ固まり方向に注意'}",,,29.3,逃げ狙い,26.19,24.8,3,,,,,,,,,,,
2025-05-07,丸亀,11,1,重成一人,A1,40.43,1,◎,56.9471,,0,89.3,0.1493,2.6875,,,0,低,51,0,逃1%,25522,0,63.6,0.9671,0.7,,,,,0.0533,0.2533,0.0133,◎,,B,△,,,0.6315,,0.5477,S,100,0,◎1着固定 2-3着流し（5〜8点）,0.5777,"{'is_target': True, 'verdict': '参加推奨', 'max_combo_prob': 0.0613, 'est_top_odds': 21.7, 'circle_concentration': 68.3, 'eligible_count': 6, 'bet_adj': 2, 'reason': 'rel_win1=56.9%（本命度） / 最有力組み合わせ確率: 0.061（推定実オッズ?22倍） / 2着集中度: 上位2艇 68.3%（補正+0.00） / 総合判定確率: 0.061 / → ヒモ分散。1号艇1着固定で広めのヒモ流し推奨（買い目+2点）', 'tenji_trigger': '展示確認: ヒモ分散レース。1号艇伸び確認後、広めのヒモ流しを採用。穴ヒモ（5・6号艇）を積極的に含める。'}",,,29,逃げ狙い,21.13,28.2,2,,,,,0,0,0.7559,0,,逃げ軸流し,A
2025-05-07,丸亀,11,2,川原祐明,A2,37.74,2,▲,20.6637,36.5,88,72.2,0.1478,3.3611,,,0,低,110,0,差0% ま0%,1 1442,0,73.3,1.0145,0,0.087,0.2609,0,0,0.0276,0.1014,0.0138,,◎,C,,,0.3575,0.6185,,0.5477,S,100,0,◎1着固定 2-3着流し（5〜8点）,0.5777,"{'is_target': True, 'verdict': '参加推奨', 'max_combo_prob': 0.0613, 'est_top_odds': 21.7, 'circle_concentration': 68.3, 'eligible_count': 6, 'bet_adj': 2, 'reason': 'rel_win1=56.9%（本命度） / 最有力組み合わせ確率: 0.061（推定実オッズ?22倍） / 2着集中度: 上位2艇 68.3%（補正+0.00） / 総合判定確率: 0.061 / → ヒモ分散。1号艇1着固定で広めのヒモ流し推奨（買い目+2点）', 'tenji_trigger': '展示確認: ヒモ分散レース。1号艇伸び確認後、広めのヒモ流しを採用。穴ヒモ（5・6号艇）を積極的に含める。'}",,,29,逃げ狙い,21.13,28.2,2,,,,,,,,,,,
2025-05-07,丸亀,11,3,松尾　祭,A2,45.03,3,○,10.9438,31.8,100,68.8,0.1472,2.8689,,,0,低,144,0,-,33225,0,66.2,1.4623,0,0.0294,0.0294,0.0882,0,0.1086,0.0654,0.2501,,,A,△,,0.3021,0.6215,,0.5477,S,100,0,◎1着固定 2-3着流し（5〜8点）,0.5777,"{'is_target': True, 'verdict': '参加推奨', 'max_combo_prob': 0.0613, 'est_top_odds': 21.7, 'circle_concentration': 68.3, 'eligible_count': 6, 'bet_adj': 2, 'reason': 'rel_win1=56.9%（本命度） / 最有力組み合わせ確率: 0.061（推定実オッズ?22倍） / 2着集中度: 上位2艇 68.3%（補正+0.00） / 総合判定確率: 0.061 / → ヒモ分散。1号艇1着固定で広めのヒモ流し推奨（買い目+2点）', 'tenji_trigger': '展示確認: ヒモ分散レース。1号艇伸び確認後、広めのヒモ流しを採用。穴ヒモ（5・6号艇）を積極的に含める。'}",,,29,逃げ狙い,21.13,28.2,2,,,,,,,,,,,
2025-05-07,丸亀,11,4,森安弘雅,B1,40.67,4,△,5.8918,12.3,93,48.4,0.1778,4,,,0,低,178,0,差0%,125 23,0,31.1,0.9521,0,0.0345,0,0,0,0.0167,0.1833,0.2,,,B,,,0.1687,0.6065,,0.5477,S,100,0,◎1着固定 2-3着流し（5〜8点）,0.5777,"{'is_target': True, 'verdict': '参加推奨', 'max_combo_prob': 0.0613, 'est_top_odds': 21.7, 'circle_concentration': 68.3, 'eligible_count': 6, 'bet_adj': 2, 'reason': 'rel_win1=56.9%（本命度） / 最有力組み合わせ確率: 0.061（推定実オッズ?22倍） / 2着集中度: 上位2艇 68.3%（補正+0.00） / 総合判定確率: 0.061 / → ヒモ分散。1号艇1着固定で広めのヒモ流し推奨（買い目+2点）', 'tenji_trigger': '展示確認: ヒモ分散レース。1号艇伸び確認後、広めのヒモ流しを採用。穴ヒモ（5・6号艇）を積極的に含める。'}",,,29,逃げ狙い,21.13,28.2,2,,,,,,,,,,,
2025-05-07,丸亀,11,5,木谷賢太,A1,32.26,5,,4.6531,16.3,77,59.6,0.177,3.9787,,,0,低,107,0,差ま0%,134 12,0,36,1.3976,0,0,0,0.0476,0,0.0343,0.0114,0.1957,,,D,◎,,0.1978,0.663,,0.5477,S,100,0,◎1着固定 2-3着流し（5〜8点）,0.5777,"{'is_target': True, 'verdict': '参加推奨', 'max_combo_prob': 0.0613, 'est_top_odds': 21.7, 'circle_concentration': 68.3, 'eligible_count': 6, 'bet_adj': 2, 'reason': 'rel_win1=56.9%（本命度） / 最有力組み合わせ確率: 0.061（推定実オッズ?22倍） / 2着集中度: 上位2艇 68.3%（補正+0.00） / 総合判定確率: 0.061 / → ヒモ分散。1号艇1着固定で広めのヒモ流し推奨（買い目+2点）', 'tenji_trigger': '展示確認: ヒモ分散レース。1号艇伸び確認後、広めのヒモ流しを採用。穴ヒモ（5・6号艇）を積極的に含める。'}",,,29,逃げ狙い,21.13,28.2,2,,,,,,,,,,,
2025-05-07,丸亀,11,6,宮崎　奨,A1,24.67,6,,0.9005,3.1,69,29,0.1816,4.4032,,,0,低,134,0,-,2 2543,0,89.3,1.7083,,,,,,0.0343,0.1571,0.2686,,,E,○,,0.2107,0.658,,0.5477,S,100,0,◎1着固定 2-3着流し（5〜8点）,0.5777,"{'is_target': True, 'verdict': '参加推奨', 'max_combo_prob': 0.0613, 'est_top_odds': 21.7, 'circle_concentration': 68.3, 'eligible_count': 6, 'bet_adj': 2, 'reason': 'rel_win1=56.9%（本命度） / 最有力組み合わせ確率: 0.061（推定実オッズ?22倍） / 2着集中度: 上位2艇 68.3%（補正+0.00） / 総合判定確率: 0.061 / → ヒモ分散。1号艇1着固定で広めのヒモ流し推奨（買い目+2点）', 'tenji_trigger': '展示確認: ヒモ分散レース。1号艇伸び確認後、広めのヒモ流しを採用。穴ヒモ（5・6号艇）を積極的に含める。'}",,,29,逃げ狙い,21.13,28.2,2,,,,,,,,,,,
2025-05-07,丸亀,12,1,中村晃朋,A1,31.51,1,◎,56.8182,,0,87.7,0.1656,3.4474,,,0,低,56,0,逃1% 抜0%,41111,0,85.3,1.0888,0.6818,,,,,0.1745,0,0.1564,○,,D,○,,,0.678,,0.4085,S,90,0,◎1着固定 2-3着流し（5〜8点）,0.5777,"{'is_target': True, 'verdict': '参加推奨', 'max_combo_prob': 0.0603, 'est_top_odds': 22.1, 'circle_concentration': 60.5, 'eligible_count': 6, 'bet_adj': 2, 'reason': 'rel_win1=56.8%（本命度） / 最有力組み合わせ確率: 0.060（推定実オッズ?22倍） / 2着集中度: 上位2艇 60.5%（補正+0.00） / 総合判定確率: 0.060 / → ヒモ分散。1号艇1着固定で広めのヒモ流し推奨（買い目+2点）', 'tenji_trigger': '展示確認: ヒモ分散レース。1号艇伸び確認後、広めのヒモ流しを採用。穴ヒモ（5・6号艇）を積極的に含める。'}",,,29.9,逃げ狙い,23.16,29.2,4,,,,,0,0,0.6155,0,,逃げ軸流し,A
2025-05-07,丸亀,12,2,中岡正彦,A2,44.59,2,○,10.6617,33.1,90,63.5,0.1477,2.9231,,,0,低,42,0,差0%,422 22,0,45.5,0.9991,0,0.0909,0.1364,0,0,0.1103,0,0.0588,,◎,A,△,,0.5051,0.649,,0.4085,S,90,0,◎1着固定 2-3着流し（5〜8点）,0.5777,"{'is_target': True, 'verdict': '参加推奨', 'max_combo_prob': 0.0603, 'est_top_odds': 22.1, 'circle_concentration': 60.5, 'eligible_count': 6, 'bet_adj': 2, 'reason': 'rel_win1=56.8%（本命度） / 最有力組み合わせ確率: 0.060（推定実オッズ?22倍） / 2着集中度: 上位2艇 60.5%（補正+0.00） / 総合判定確率: 0.060 / → ヒモ分散。1号艇1着固定で広めのヒモ流し推奨（買い目+2点）', 'tenji_trigger': '展示確認: ヒモ分散レース。1号艇伸び確認後、広めのヒモ流しを採用。穴ヒモ（5・6号艇）を積極的に含める。'}",,,29.9,逃げ狙い,23.16,29.2,4,,,,,,,,,,,
2025-05-07,丸亀,12,3,西丸侑太,A2,33.11,3,,10.9144,21.4,100,72.5,0.1655,3.2375,,,0,低,100,0,-,34121,0,25.7,0.8331,0,0.0476,0.0476,0.0476,0.0476,0,0.1314,0.0429,,,C,,,0.2898,0.6105,,0.4085,S,90,0,◎1着固定 2-3着流し（5〜8点）,0.5777,"{'is_target': True, 'verdict': '参加推奨', 'max_combo_prob': 0.0603, 'est_top_odds': 22.1, 'circle_concentration': 60.5, 'eligible_count': 6, 'bet_adj': 2, 'reason': 'rel_win1=56.8%（本命度） / 最有力組み合わせ確率: 0.060（推定実オッズ?22倍） / 2着集中度: 上位2艇 60.5%（補正+0.00） / 総合判定確率: 0.060 / → ヒモ分散。1号艇1着固定で広めのヒモ流し推奨（買い目+2点）', 'tenji_trigger': '展示確認: ヒモ分散レース。1号艇伸び確認後、広めのヒモ流しを採用。穴ヒモ（5・6号艇）を積極的に含める。'}",,,29.9,逃げ狙い,23.16,29.2,4,,,,,,,,,,,
2025-05-07,丸亀,12,4,片岡雅裕,A1,34.46,4,▲,13.5515,27.4,72,94.7,0.1032,1.8684,,,0,低,5,0,差0% 差ま0%,1S422,0,49.7,1.0198,0,0.1,0,0.2,0,0.0286,0,0.3571,,○,C,◎,◎,0.495,0.8292,0.6395,0.4085,S,90,0,◎1着固定 2-3着流し（5〜8点）,0.5777,"{'is_target': True, 'verdict': '参加推奨', 'max_combo_prob': 0.0603, 'est_top_odds': 22.1, 'circle_concentration': 60.5, 'eligible_count': 6, 'bet_adj': 2, 'reason': 'rel_win1=56.8%（本命度） / 最有力組み合わせ確率: 0.060（推定実オッズ?22倍） / 2着集中度: 上位2艇 60.5%（補正+0.00） / 総合判定確率: 0.060 / → ヒモ分散。1号艇1着固定で広めのヒモ流し推奨（買い目+2点）', 'tenji_trigger': '展示確認: ヒモ分散レース。1号艇伸び確認後、広めのヒモ流しを採用。穴ヒモ（5・6号艇）を積極的に含める。'}",,,29.9,逃げ狙い,23.16,29.2,4,,,,,,,,,,,
2025-05-07,丸亀,12,5,西岡顕心,A1,30.67,5,,5.0578,10.9,83,61.5,0.1577,3.4615,,,0,低,55,0,-,341 44,0,69,1.236,0,0,0,0.125,0,0,0.0714,0,,,E,,,0.3255,0.6245,,0.4085,S,90,0,◎1着固定 2-3着流し（5〜8点）,0.5777,"{'is_target': True, 'verdict': '参加推奨', 'max_combo_prob': 0.0603, 'est_top_odds': 22.1, 'circle_concentration': 60.5, 'eligible_count': 6, 'bet_adj': 2, 'reason': 'rel_win1=56.8%（本命度） / 最有力組み合わせ確率: 0.060（推定実オッズ?22倍） / 2着集中度: 上位2艇 60.5%（補正+0.00） / 総合判定確率: 0.060 / → ヒモ分散。1号艇1着固定で広めのヒモ流し推奨（買い目+2点）', 'tenji_trigger': '展示確認: ヒモ分散レース。1号艇伸び確認後、広めのヒモ流しを採用。穴ヒモ（5・6号艇）を積極的に含める。'}",,,29.9,逃げ狙い,23.16,29.2,4,,,,,,,,,,,
2025-05-07,丸亀,12,6,中村日向,A1,36.36,6,△,2.9964,7.2,57,48.1,0.1619,3.6296,,,0,低,40,0,-,11441,0,35.9,0.8881,,,,,,0.1538,0.0769,0,,,C,△,,0.3229,0.645,,0.4085,S,90,0,◎1着固定 2-3着流し（5〜8点）,0.5777,"{'is_target': True, 'verdict': '参加推奨', 'max_combo_prob': 0.0603, 'est_top_odds': 22.1, 'circle_concentration': 60.5, 'eligible_count': 6, 'bet_adj': 2, 'reason': 'rel_win1=56.8%（本命度） / 最有力組み合わせ確率: 0.060（推定実オッズ?22倍） / 2着集中度: 上位2艇 60.5%（補正+0.00） / 総合判定確率: 0.060 / → ヒモ分散。1号艇1着固定で広めのヒモ流し推奨（買い目+2点）', 'tenji_trigger': '展示確認: ヒモ分散レース。1号艇伸び確認後、広めのヒモ流しを採用。穴ヒモ（5・6号艇）を積極的に含める。'}",,,29.9,逃げ狙い,23.16,29.2,4,,,,,,,,,,,
2025-05-08,丸亀,1,1,中村桃佳,B2,29.14,1,◎,62.0763,,0,91.3,0.1557,2.7391,,,0,低,41,0,逃1%,2 152,0,78.3,1.1684,0.4706,,,,,0.0471,0.0706,0.2706,◎,,E,◎,,,0.6205,,0.5592,S,100,0,◎1着固定 2-3着流し（5〜8点）,0.5777,"{'is_target': True, 'verdict': '点数絞り', 'max_combo_prob': 0.0907, 'est_top_odds': 14.7, 'circle_concentration': 74.0, 'eligible_count': 6, 'bet_adj': 0, 'reason': 'rel_win1=62.1%（本命度） / 最有力組み合わせ確率: 0.091（推定実オッズ?15倍） / 2着集中度: 上位2艇 74.0%（補正+0.04） / 総合判定確率: 0.131 / → ヒモはやや固め。上位2艇以外を切ること', 'tenji_trigger': '展示確認: 1号艇伸び良→そのまま採用。悪→飛び組に差し替え。circle_pct上位2艇に絞り込むこと。'}",,,25.8,逃げ狙い,9.63,29,4,,,,,0,0,0.7559,0,,逃げ軸流し,A
2025-05-08,丸亀,1,2,川上清人,B1,48.15,2,○,9.5272,36.6,47,38.2,0.1868,4.0809,,,0,低,150,0,-,2 3335,0,23.2,0.7845,0,0.037,0.037,0,0,0.3733,0.0381,0.1962,,,A,△,,0.0572,0.595,,0.5592,S,100,0,◎1着固定 2-3着流し（5〜8点）,0.5777,"{'is_target': True, 'verdict': '点数絞り', 'max_combo_prob': 0.0907, 'est_top_odds': 14.7, 'circle_concentration': 74.0, 'eligible_count': 6, 'bet_adj': 0, 'reason': 'rel_win1=62.1%（本命度） / 最有力組み合わせ確率: 0.091（推定実オッズ?15倍） / 2着集中度: 上位2艇 74.0%（補正+0.04） / 総合判定確率: 0.131 / → ヒモはやや固め。上位2艇以外を切ること', 'tenji_trigger': '展示確認: 1号艇伸び良→そのまま採用。悪→飛び組に差し替え。circle_pct上位2艇に絞り込むこと。'}",,,25.8,逃げ狙い,9.63,29,4,,,,,,,,,,,
2025-05-08,丸亀,1,3,三嶌ここ,B1,40.74,3,△,11.4788,37.4,72,41.2,0.1953,4.4412,,,0,低,114,0,ま0%,3 546,0,40.6,1.1902,0,0,0.0588,0,0,0.0571,0.0571,0.3143,,,C,,,0.1143,0.553,,0.5592,S,100,0,◎1着固定 2-3着流し（5〜8点）,0.5777,"{'is_target': True, 'verdict': '点数絞り', 'max_combo_prob': 0.0907, 'est_top_odds': 14.7, 'circle_concentration': 74.0, 'eligible_count': 6, 'bet_adj': 0, 'reason': 'rel_win1=62.1%（本命度） / 最有力組み合わせ確率: 0.091（推定実オッズ?15倍） / 2着集中度: 上位2艇 74.0%（補正+0.04） / 総合判定確率: 0.131 / → ヒモはやや固め。上位2艇以外を切ること', 'tenji_trigger': '展示確認: 1号艇伸び良→そのまま採用。悪→飛び組に差し替え。circle_pct上位2艇に絞り込むこと。'}",,,25.8,逃げ狙い,9.63,29,4,,,,,,,,,,,
2025-05-08,丸亀,1,4,下田哲也,B1,42.47,4,▲,9.2642,16.2,100,48.9,0.1667,3.7,,,0,低,104,0,差0%,5 135,0,86.5,0.7464,0,0.0714,0,0,0,0.3333,0.1667,0.25,,,B,○,,0.246,0.615,,0.5592,S,100,0,◎1着固定 2-3着流し（5〜8点）,0.5777,"{'is_target': True, 'verdict': '点数絞り', 'max_combo_prob': 0.0907, 'est_top_odds': 14.7, 'circle_concentration': 74.0, 'eligible_count': 6, 'bet_adj': 0, 'reason': 'rel_win1=62.1%（本命度） / 最有力組み合わせ確率: 0.091（推定実オッズ?15倍） / 2着集中度: 上位2艇 74.0%（補正+0.04） / 総合判定確率: 0.131 / → ヒモはやや固め。上位2艇以外を切ること', 'tenji_trigger': '展示確認: 1号艇伸び良→そのまま採用。悪→飛び組に差し替え。circle_pct上位2艇に絞り込むこと。'}",,,25.8,逃げ狙い,9.63,29,4,,,,,,,,,,,
2025-05-08,丸亀,1,5,森安弘雅,B1,40.67,5,,6.4138,7.8,86,33.9,0.1922,4.1462,,,0,低,178,0,-,125 23,0,29.7,1.7788,0,0,0,0.0435,0,0.0167,0.1833,0.2,,,C,△,,0.1678,0.6065,,0.5592,S,100,0,◎1着固定 2-3着流し（5〜8点）,0.5777,"{'is_target': True, 'verdict': '点数絞り', 'max_combo_prob': 0.0907, 'est_top_odds': 14.7, 'circle_concentration': 74.0, 'eligible_count': 6, 'bet_adj': 0, 'reason': 'rel_win1=62.1%（本命度） / 最有力組み合わせ確率: 0.091（推定実オッズ?15倍） / 2着集中度: 上位2艇 74.0%（補正+0.04） / 総合判定確率: 0.131 / → ヒモはやや固め。上位2艇以外を切ること', 'tenji_trigger': '展示確認: 1号艇伸び良→そのまま採用。悪→飛び組に差し替え。circle_pct上位2艇に絞り込むこと。'}",,,25.8,逃げ狙い,9.63,29,4,,,,,,,,,,,
2025-05-08,丸亀,1,6,中岡　駿,B2,32.89,6,,1.2398,2,23,6.2,0.2055,4.3615,,,0,低,40,0,-,5 6 56,0,98.7,2.1767,,,,,,,,,,,D,,,0.1552,0.482,,0.5592,S,100,0,◎1着固定 2-3着流し（5〜8点）,0.5777,"{'is_target': True, 'verdict': '点数絞り', 'max_combo_prob': 0.0907, 'est_top_odds': 14.7, 'circle_concentration': 74.0, 'eligible_count': 6, 'bet_adj': 0, 'reason': 'rel_win1=62.1%（本命度） / 最有力組み合わせ確率: 0.091（推定実オッズ?15倍） / 2着集中度: 上位2艇 74.0%（補正+0.04） / 総合判定確率: 0.131 / → ヒモはやや固め。上位2艇以外を切ること', 'tenji_trigger': '展示確認: 1号艇伸び良→そのまま採用。悪→飛び組に差し替え。circle_pct上位2艇に絞り込むこと。'}",,,25.8,逃げ狙い,9.63,29,4,,,,,,,,,,,
2025-05-08,丸亀,2,1,平池仁志,B1,31.79,1,◎,39.3186,,0,75,0.1706,3.2812,,,0,低,96,0,逃0%,143 33,0,55.4,0.8715,0.3333,,,,,0.6667,0,0,△,,D,○,,,0.619,,0.2989,C,43,0,荒れ傾向。高配当狙いか見送り,0.5777,"{'is_target': False, 'verdict': '対象外', 'max_combo_prob': None, 'est_top_odds': None, 'circle_concentration': None, 'eligible_count': 0, 'bet_adj': 0, 'reason': '1号艇rel_win1 < 45%: 通常判定に委ねる', 'tenji_trigger': ''}",,,33.5,両建て推奨,19.22,42.8,5,2-3-5|2-3-4|1-2-5|1-2-4|1-2-3|1-4-5|1-3-5,6-1-4|4-1-5|6-1-3|2-3-5|2-3-4|6-4-1|6-1-5|1-2-5|1-2-4|1-2-3|1-4-5|1-3-5,2-3-5:1.79%|2-3-4:1.7%|1-2-5:8.35%|1-2-4:7.86%|1-2-3:6.46%|1-4-5:5.71%|1-3-5:4.97%,2-3-5:B_main|2-3-4:B_main|1-2-5:A|1-2-4:A|1-2-3:A|1-4-5:A|1-3-5:A,7,12,0.4535,1,[!]見送り推奨（主役決まり手「まくり」― 逃げ劣勢レースで的中実績なし）,荒れ広め,D
2025-05-08,丸亀,2,2,越智照浩,B1,27.33,2,,10.0092,39.6,45,35.4,0.155,3.5104,,,0,低,133,0,-,343 44,0,76,0.9231,0,0,0.0385,0,0,0.2,0.35,0.05,,◎,E,,,0.4598,0.563,,0.2989,C,43,0,荒れ傾向。高配当狙いか見送り,0.5777,"{'is_target': False, 'verdict': '対象外', 'max_combo_prob': None, 'est_top_odds': None, 'circle_concentration': None, 'eligible_count': 0, 'bet_adj': 0, 'reason': '1号艇rel_win1 < 45%: 通常判定に委ねる', 'tenji_trigger': ''}",,,33.5,両建て推奨,19.22,42.8,5,,,,,,,,,,,
2025-05-08,丸亀,2,3,西原明生,B1,47.89,3,△,13.4346,24.7,72,40,0.1844,3.6643,,,0,低,192,0,差ま0%,653 33,0,82.7,1.5771,0,0,0,0.069,0,0.2571,0.2571,0.2762,,,A,◎,,0.225,0.641,,0.2989,C,43,0,荒れ傾向。高配当狙いか見送り,0.5777,"{'is_target': False, 'verdict': '対象外', 'max_combo_prob': None, 'est_top_odds': None, 'circle_concentration': None, 'eligible_count': 0, 'bet_adj': 0, 'reason': '1号艇rel_win1 < 45%: 通常判定に委ねる', 'tenji_trigger': ''}",,,33.5,両建て推奨,19.22,42.8,5,,,,,,,,,,,
2025-05-08,丸亀,2,4,西丸侑太,A2,33.11,4,▲,16.3656,24.5,64,58.8,0.1496,3.1373,,,0,低,100,0,ま0%,34121,0,69.9,1.2379,0,0,0.08,0.04,0.08,0,0.1314,0.0429,,,D,△,○,0.3795,0.6105,0.3595,0.2989,C,43,0,荒れ傾向。高配当狙いか見送り,0.5777,"{'is_target': False, 'verdict': '対象外', 'max_combo_prob': None, 'est_top_odds': None, 'circle_concentration': None, 'eligible_count': 0, 'bet_adj': 0, 'reason': '1号艇rel_win1 < 45%: 通常判定に委ねる', 'tenji_trigger': ''}",,,33.5,両建て推奨,19.22,42.8,5,,,,,,,,,,,
2025-05-08,丸亀,2,5,川原祐明,A2,37.74,5,○,19.5755,10.8,100,64.8,0.1587,3.5741,,,0,低,110,0,差ま0%,1 1442,0,53.4,1.0771,0,0.0357,0,0.2143,0,0.0276,0.1014,0.0138,,,B,△,◎,0.3589,0.6185,0.4309,0.2989,C,43,0,荒れ傾向。高配当狙いか見送り,0.5777,"{'is_target': False, 'verdict': '対象外', 'max_combo_prob': None, 'est_top_odds': None, 'circle_concentration': None, 'eligible_count': 0, 'bet_adj': 0, 'reason': '1号艇rel_win1 < 45%: 通常判定に委ねる', 'tenji_trigger': ''}",,,33.5,両建て推奨,19.22,42.8,5,,,,,,,,,,,
2025-05-08,丸亀,2,6,大廣咲季,B1,36.91,6,,1.2964,0.4,11,6.6,0.1836,3.7377,,,0,低,81,0,-,F66 6,0,30.6,1.3761,,,,,,0.3333,0.3333,0,,,C,,,0.2675,0.543,,0.2989,C,43,0,荒れ傾向。高配当狙いか見送り,0.5777,"{'is_target': False, 'verdict': '対象外', 'max_combo_prob': None, 'est_top_odds': None, 'circle_concentration': None, 'eligible_count': 0, 'bet_adj': 0, 'reason': '1号艇rel_win1 < 45%: 通常判定に委ねる', 'tenji_trigger': ''}",,,33.5,両建て推奨,19.22,42.8,5,,,,,,,,,,,
2025-05-08,丸亀,3,1,嶋田貴支,B1,33.80,1,◎,56.2923,,0,82.2,0.1524,3.2,,,0,低,134,0,逃1%,244 14,0,83.8,1.0319,0.6087,,,,,0.0174,0.0522,0.1174,◎,,C,,,,0.6045,,0.4984,S,80,0,◎1着固定 2-3着流し（5〜8点）,0.5777,"{'is_target': True, 'verdict': '点数絞り', 'max_combo_prob': 0.1106, 'est_top_odds': 12.1, 'circle_concentration': 71.1, 'eligible_count': 6, 'bet_adj': 0, 'reason': 'rel_win1=56.3%（本命度） / 最有力組み合わせ確率: 0.111（推定実オッズ?12倍） / 2着集中度: 上位2艇 71.1%（補正+0.04） / 総合判定確率: 0.151 / → ヒモはやや固め。上位2艇以外を切ること', 'tenji_trigger': '展示確認: 1号艇伸び良→そのまま採用。悪→飛び組に差し替え。circle_pct上位2艇に絞り込むこと。'}",,,25.2,逃げ狙い,11.48,25.8,2,,,,,0,0,0.7559,0,,逃げ軸流し,A
2025-05-08,丸亀,3,2,重成一人,A1,40.43,2,○,16.8077,53.7,64,63.3,0.1577,3.3333,,,0,低,51,0,-,25522,0,21.4,0.6334,0,0.0833,0,0,0,0.0533,0.2533,0.0133,,,B,△,,0.2651,0.6315,,0.4984,S,80,0,◎1着固定 2-3着流し（5〜8点）,0.5777,"{'is_target': True, 'verdict': '点数絞り', 'max_combo_prob': 0.1106, 'est_top_odds': 12.1, 'circle_concentration': 71.1, 'eligible_count': 6, 'bet_adj': 0, 'reason': 'rel_win1=56.3%（本命度） / 最有力組み合わせ確率: 0.111（推定実オッズ?12倍） / 2着集中度: 上位2艇 71.1%（補正+0.04） / 総合判定確率: 0.151 / → ヒモはやや固め。上位2艇以外を切ること', 'tenji_trigger': '展示確認: 1号艇伸び良→そのまま採用。悪→飛び組に差し替え。circle_pct上位2艇に絞り込むこと。'}",,,25.2,逃げ狙い,11.48,25.8,2,,,,,,,,,,,
2025-05-08,丸亀,3,3,村岡　賢,B1,41.61,3,▲,9.7671,16.9,100,35.8,0.1724,3.291,,,0,低,137,0,-,6 464,0,29.5,0.7863,0,0.0333,0,0.0333,0,0.0571,0.2343,0.0762,,,A,△,,0.1825,0.6265,,0.4984,S,80,0,◎1着固定 2-3着流し（5〜8点）,0.5777,"{'is_target': True, 'verdict': '点数絞り', 'max_combo_prob': 0.1106, 'est_top_odds': 12.1, 'circle_concentration': 71.1, 'eligible_count': 6, 'bet_adj': 0, 'reason': 'rel_win1=56.3%（本命度） / 最有力組み合わせ確率: 0.111（推定実オッズ?12倍） / 2着集中度: 上位2艇 71.1%（補正+0.04） / 総合判定確率: 0.151 / → ヒモはやや固め。上位2艇以外を切ること', 'tenji_trigger': '展示確認: 1号艇伸び良→そのまま採用。悪→飛び組に差し替え。circle_pct上位2艇に絞り込むこと。'}",,,25.2,逃げ狙い,11.48,25.8,2,,,,,,,,,,,
2025-05-08,丸亀,3,4,木村光宏,B1,28.30,4,,8.5292,17.5,63,37.5,0.1783,3.7604,,,0,低,99,0,ま0%,562 66,0,40.7,0.8526,0,0,0.0769,0.0385,0,0.3952,0.3571,0.0571,,,E,○,,0.1973,0.6335,,0.4984,S,80,0,◎1着固定 2-3着流し（5〜8点）,0.5777,"{'is_target': True, 'verdict': '点数絞り', 'max_combo_prob': 0.1106, 'est_top_odds': 12.1, 'circle_concentration': 71.1, 'eligible_count': 6, 'bet_adj': 0, 'reason': 'rel_win1=56.3%（本命度） / 最有力組み合わせ確率: 0.111（推定実オッズ?12倍） / 2着集中度: 上位2艇 71.1%（補正+0.04） / 総合判定確率: 0.151 / → ヒモはやや固め。上位2艇以外を切ること', 'tenji_trigger': '展示確認: 1号艇伸び良→そのまま採用。悪→飛び組に差し替え。circle_pct上位2艇に絞り込むこと。'}",,,25.2,逃げ狙い,11.48,25.8,2,,,,,,,,,,,
2025-05-08,丸亀,3,5,三嶌さら,B2,28.48,5,,5.3035,8,38,16.7,0.1812,4.381,,,0,低,82,0,-,456 56,0,27.7,0.6564,,,,,,0,0.25,0,,,D,,,0.2203,0.576,,0.4984,S,80,0,◎1着固定 2-3着流し（5〜8点）,0.5777,"{'is_target': True, 'verdict': '点数絞り', 'max_combo_prob': 0.1106, 'est_top_odds': 12.1, 'circle_concentration': 71.1, 'eligible_count': 6, 'bet_adj': 0, 'reason': 'rel_win1=56.3%（本命度） / 最有力組み合わせ確率: 0.111（推定実オッズ?12倍） / 2着集中度: 上位2艇 71.1%（補正+0.04） / 総合判定確率: 0.151 / → ヒモはやや固め。上位2艇以外を切ること', 'tenji_trigger': '展示確認: 1号艇伸び良→そのまま採用。悪→飛び組に差し替え。circle_pct上位2艇に絞り込むこと。'}",,,25.2,逃げ狙い,11.48,25.8,2,,,,,,,,,,,
2025-05-08,丸亀,3,6,松尾夏海,A2,33.56,6,△,3.3,4,72,44.4,0.1615,3.1852,,,0,低,45,0,-,53131,0,55.2,1.0697,0,0,0,0,0.1667,,,,,,C,◎,,0.2811,0.684,,0.4984,S,80,0,◎1着固定 2-3着流し（5〜8点）,0.5777,"{'is_target': True, 'verdict': '点数絞り', 'max_combo_prob': 0.1106, 'est_top_odds': 12.1, 'circle_concentration': 71.1, 'eligible_count': 6, 'bet_adj': 0, 'reason': 'rel_win1=56.3%（本命度） / 最有力組み合わせ確率: 0.111（推定実オッズ?12倍） / 2着集中度: 上位2艇 71.1%（補正+0.04） / 総合判定確率: 0.151 / → ヒモはやや固め。上位2艇以外を切ること', 'tenji_trigger': '展示確認: 1号艇伸び良→そのまま採用。悪→飛び組に差し替え。circle_pct上位2艇に絞り込むこと。'}",,,25.2,逃げ狙い,11.48,25.8,2,,,,,,,,,,,
2025-05-08,丸亀,4,1,妻鳥晋也,B1,38.67,1,◎,48.3732,,0,71,0.1787,4.3947,,,0,低,151,0,逃0%,2 553,0,68.9,0.8499,0.25,,,,,0.25,0.21,0.23,,,C,△,,,0.601,,0.1996,B,59,0,◎○△フォーメーション（15〜20点）,0.5777,"{'is_target': True, 'verdict': '参加推奨', 'max_combo_prob': 0.0539, 'est_top_odds': 24.7, 'circle_concentration': 63.2, 'eligible_count': 9, 'bet_adj': 2, 'reason': 'rel_win1=48.4%（本命度） / 最有力組み合わせ確率: 0.054（推定実オッズ?25倍） / 2着集中度: 上位2艇 63.2%（補正+0.00） / 総合判定確率: 0.054 / → ヒモ分散。1号艇1着固定で広めのヒモ流し推奨（買い目+2点）', 'tenji_trigger': '展示確認: ヒモ分散レース。1号艇伸び確認後、広めのヒモ流しを採用。穴ヒモ（5・6号艇）を積極的に含める。'}",,,30.4,両建て推奨,14.57,37.8,2,2-1-3|2-1-4|2-1-5|2-3-1|2-5-1|2-5-3|2-3-4|1-2-5|1-2-4,2-1-3|2-1-4|2-1-5|2-3-1|2-5-1|2-5-3|2-3-4|1-2-5|5-1-6|1-2-4|5-6-1|4-5-1,2-1-3:1.94%|2-1-4:1.45%|2-1-5:1.44%|2-3-1:0.64%|2-5-1:0.52%|2-5-3:0.1%|2-3-4:0.1%|1-2-5:4.73%|1-2-4:4.27%,2-1-3:B_main|2-1-4:B_main|2-1-5:B_main|2-3-1:B_main|2-5-1:B_main|2-5-3:B_main|2-3-4:B_main|1-2-5:A|1-2-4:A,9,12,0.2915,1,[!]見送り推奨（主役決まり手「差し」― 逃げ劣勢レースで的中実績なし）,主役軸流し,B
2025-05-08,丸亀,4,2,松尾　祭,A2,45.03,2,○,19.044,42.5,100,76.7,0.163,3.6,,,0,低,144,0,-,33225,0,66.3,1.0957,0,0.1613,0.0323,0,0,0.1086,0.0654,0.2501,,◎,A,△,,0.5292,0.6215,,0.1996,B,59,0,◎○△フォーメーション（15〜20点）,0.5777,"{'is_target': True, 'verdict': '参加推奨', 'max_combo_prob': 0.0539, 'est_top_odds': 24.7, 'circle_concentration': 63.2, 'eligible_count': 9, 'bet_adj': 2, 'reason': 'rel_win1=48.4%（本命度） / 最有力組み合わせ確率: 0.054（推定実オッズ?25倍） / 2着集中度: 上位2艇 63.2%（補正+0.00） / 総合判定確率: 0.054 / → ヒモ分散。1号艇1着固定で広めのヒモ流し推奨（買い目+2点）', 'tenji_trigger': '展示確認: ヒモ分散レース。1号艇伸び確認後、広めのヒモ流しを採用。穴ヒモ（5・6号艇）を積極的に含める。'}",,,30.4,両建て推奨,14.57,37.8,2,,,,,,,,,,,
2025-05-08,丸亀,4,3,塩田雄一,B1,34.42,3,,9.4464,20.7,63,50.8,0.1792,3.8077,,,0,低,147,0,-,2 655,0,54.6,1.1825,0,0,0.0455,0,0,0.4143,0.0952,0.2071,,,D,,,0.3125,0.5565,,0.1996,B,59,0,◎○△フォーメーション（15〜20点）,0.5777,"{'is_target': True, 'verdict': '参加推奨', 'max_combo_prob': 0.0539, 'est_top_odds': 24.7, 'circle_concentration': 63.2, 'eligible_count': 9, 'bet_adj': 2, 'reason': 'rel_win1=48.4%（本命度） / 最有力組み合わせ確率: 0.054（推定実オッズ?25倍） / 2着集中度: 上位2艇 63.2%（補正+0.00） / 総合判定確率: 0.054 / → ヒモ分散。1号艇1着固定で広めのヒモ流し推奨（買い目+2点）', 'tenji_trigger': '展示確認: ヒモ分散レース。1号艇伸び確認後、広めのヒモ流しを採用。穴ヒモ（5・6号艇）を積極的に含める。'}",,,30.4,両建て推奨,14.57,37.8,2,,,,,,,,,,,
2025-05-08,丸亀,4,4,石井伸長,B1,33.77,4,△,9.4437,13,58,45,0.169,3.175,,,0,低,79,0,-,3 2636,0,75.5,1.0894,0,0,0.0323,0.0645,0,0,0.5,0.25,,,D,,,0.3612,0.5655,,0.1996,B,59,0,◎○△フォーメーション（15〜20点）,0.5777,"{'is_target': True, 'verdict': '参加推奨', 'max_combo_prob': 0.0539, 'est_top_odds': 24.7, 'circle_concentration': 63.2, 'eligible_count': 9, 'bet_adj': 2, 'reason': 'rel_win1=48.4%（本命度） / 最有力組み合わせ確率: 0.054（推定実オッズ?25倍） / 2着集中度: 上位2艇 63.2%（補正+0.00） / 総合判定確率: 0.054 / → ヒモ分散。1号艇1着固定で広めのヒモ流し推奨（買い目+2点）', 'tenji_trigger': '展示確認: ヒモ分散レース。1号艇伸び確認後、広めのヒモ流しを採用。穴ヒモ（5・6号艇）を積極的に含める。'}",,,30.4,両建て推奨,14.57,37.8,2,,,,,,,,,,,
2025-05-08,丸亀,4,5,中岡正彦,A2,44.59,5,▲,10.2801,19.8,65,66.7,0.1304,2.9815,,,0,低,42,0,-,422 22,0,58.1,0.9983,,,,,,0.1103,0,0.0588,,○,B,○,,0.4979,0.649,,0.1996,B,59,0,◎○△フォーメーション（15〜20点）,0.5777,"{'is_target': True, 'verdict': '参加推奨', 'max_combo_prob': 0.0539, 'est_top_odds': 24.7, 'circle_concentration': 63.2, 'eligible_count': 9, 'bet_adj': 2, 'reason': 'rel_win1=48.4%（本命度） / 最有力組み合わせ確率: 0.054（推定実オッズ?25倍） / 2着集中度: 上位2艇 63.2%（補正+0.00） / 総合判定確率: 0.054 / → ヒモ分散。1号艇1着固定で広めのヒモ流し推奨（買い目+2点）', 'tenji_trigger': '展示確認: ヒモ分散レース。1号艇伸び確認後、広めのヒモ流しを採用。穴ヒモ（5・6号艇）を積極的に含める。'}",,,30.4,両建て推奨,14.57,37.8,2,,,,,,,,,,,
2025-05-08,丸亀,4,6,中村晃朋,A1,31.51,6,,3.4126,4,62,40,0.163,3.8333,,,0,低,56,0,-,41111,0,30.3,0.9397,,,,,,0.1745,0,0.1564,,,E,◎,,0.3915,0.678,,0.1996,B,59,0,◎○△フォーメーション（15〜20点）,0.5777,"{'is_target': True, 'verdict': '参加推奨', 'max_combo_prob': 0.0539, 'est_top_odds': 24.7, 'circle_concentration': 63.2, 'eligible_count': 9, 'bet_adj': 2, 'reason': 'rel_win1=48.4%（本命度） / 最有力組み合わせ確率: 0.054（推定実オッズ?25倍） / 2着集中度: 上位2艇 63.2%（補正+0.00） / 総合判定確率: 0.054 / → ヒモ分散。1号艇1着固定で広めのヒモ流し推奨（買い目+2点）', 'tenji_trigger': '展示確認: ヒモ分散レース。1号艇伸び確認後、広めのヒモ流しを採用。穴ヒモ（5・6号艇）を積極的に含める。'}",,,30.4,両建て推奨,14.57,37.8,2,,,,,,,,,,,
2025-05-08,丸亀,5,1,大西隆洋,B1,39.86,1,◎,42.7282,,0,65.8,0.1397,2.8026,,,0,低,103,0,-,2 452,0,58.8,0.9297,0.1538,,,,,0.3077,0.0769,0.3077,○,,B,,,,0.6055,,0.4335,B,49,0,◎○△フォーメーション（15〜20点）,0.5777,"{'is_target': False, 'verdict': '対象外', 'max_combo_prob': None, 'est_top_odds': None, 'circle_concentration': None, 'eligible_count': 0, 'bet_adj': 0, 'reason': '1号艇rel_win1 < 45%: 通常判定に委ねる', 'tenji_trigger': ''}",,,31,両建て推奨,18.59,36.3,3,,,,,0,0,0.6155,0,,主役軸流し,B
2025-05-08,丸亀,5,2,村越　篤,A2,49.65,2,○,16.4718,42.3,72,68.7,0.1593,3.2836,,,0,低,142,0,差0%,531 14,0,85,1.6209,0,0.1875,0,0,0,0.2516,0.0129,0.0774,,,A,◎,,0.1941,0.667,,0.4335,B,49,0,◎○△フォーメーション（15〜20点）,0.5777,"{'is_target': False, 'verdict': '対象外', 'max_combo_prob': None, 'est_top_odds': None, 'circle_concentration': None, 'eligible_count': 0, 'bet_adj': 0, 'reason': '1号艇rel_win1 < 45%: 通常判定に委ねる', 'tenji_trigger': ''}",,,31,両建て推奨,18.59,36.3,3,,,,,,,,,,,
2025-05-08,丸亀,5,3,竹田和哉,A1,29.73,3,▲,19.224,34.5,80,76.6,0.1462,2.8936,,,0,低,106,0,ま0%,422341,0,38.9,1.0679,0,0,0.2174,0.0435,0,0.116,0.116,0,,,D,△,,0.317,0.6415,,0.4335,B,49,0,◎○△フォーメーション（15〜20点）,0.5777,"{'is_target': False, 'verdict': '対象外', 'max_combo_prob': None, 'est_top_odds': None, 'circle_concentration': None, 'eligible_count': 0, 'bet_adj': 0, 'reason': '1号艇rel_win1 < 45%: 通常判定に委ねる', 'tenji_trigger': ''}",,,31,両建て推奨,18.59,36.3,3,,,,,,,,,,,
2025-05-08,丸亀,5,4,宮武英司,B1,29.03,4,,12.5198,7.8,100,51,0.1514,3.2347,,,0,低,89,0,-,452 S4,0,93.5,1.7417,0,0,0,0.0476,0,0.4889,0.0222,0.0222,,,E,○,◎,0.2463,0.658,0.2972,0.4335,B,49,0,◎○△フォーメーション（15〜20点）,0.5777,"{'is_target': False, 'verdict': '対象外', 'max_combo_prob': None, 'est_top_odds': None, 'circle_concentration': None, 'eligible_count': 0, 'bet_adj': 0, 'reason': '1号艇rel_win1 < 45%: 通常判定に委ねる', 'tenji_trigger': ''}",,,31,両建て推奨,18.59,36.3,3,,,,,,,,,,,
2025-05-08,丸亀,5,5,門田　栞,B1,39.60,5,△,5.5752,8.4,55,25.7,0.1537,3.1143,,,0,低,76,0,差ま0%,666 26,0,55.3,1.1774,0,0,0,0.0714,0,0.2308,0.3077,0,,,C,,,0.2583,0.5145,,0.4335,B,49,0,◎○△フォーメーション（15〜20点）,0.5777,"{'is_target': False, 'verdict': '対象外', 'max_combo_prob': None, 'est_top_odds': None, 'circle_concentration': None, 'eligible_count': 0, 'bet_adj': 0, 'reason': '1号艇rel_win1 < 45%: 通常判定に委ねる', 'tenji_trigger': ''}",,,31,両建て推奨,18.59,36.3,3,,,,,,,,,,,
2025-05-08,丸亀,5,6,中村日向,A1,36.36,6,,3.4809,7,53,48.1,0.1619,3.6296,,,0,低,40,0,-,11441,0,29.9,0.8125,,,,,,0.1538,0.0769,0,,,C,△,,0.2537,0.645,,0.4335,B,49,0,◎○△フォーメーション（15〜20点）,0.5777,"{'is_target': False, 'verdict': '対象外', 'max_combo_prob': None, 'est_top_odds': None, 'circle_concentration': None, 'eligible_count': 0, 'bet_adj': 0, 'reason': '1号艇rel_win1 < 45%: 通常判定に委ねる', 'tenji_trigger': ''}",,,31,両建て推奨,18.59,36.3,3,,,,,,,,,,,
2025-05-08,丸亀,6,1,木谷賢太,A1,32.26,1,◎,64.0101,,0,90,0.1334,2.6357,,,0,低,107,0,逃1%,134 12,0,86.5,1.096,0.7429,,,,,0.0343,0.0114,0.1957,◎,,C,◎,,,0.663,,0.5972,S,86,0,◎1着固定 2-3着流し（5〜8点）,0.5777,"{'is_target': True, 'verdict': '参加推奨', 'max_combo_prob': 0.0825, 'est_top_odds': 16.2, 'circle_concentration': 67.3, 'eligible_count': 6, 'bet_adj': 2, 'reason': 'rel_win1=64.0%（本命度） / 最有力組み合わせ確率: 0.083（推定実オッズ?16倍） / 2着集中度: 上位2艇 67.3%（補正+0.00） / 総合判定確率: 0.083 / → ヒモ分散。1号艇1着固定で広めのヒモ流し推奨（買い目+2点）', 'tenji_trigger': '展示確認: ヒモ分散レース。1号艇伸び確認後、広めのヒモ流しを採用。穴ヒモ（5・6号艇）を積極的に含める。\n展示で1号艇スタート超安定(0.133秒)→ヒモ固まり方向に注意'}",,,26.2,逃げ狙い,15.33,25.1,4,,,,,0,0,0.7559,0,,逃げ軸流し,A
2025-05-08,丸亀,6,2,下田哲也,B1,42.47,2,○,9.3532,37.4,100,58.1,0.1685,3.6371,,,0,低,104,0,-,5 135,0,62.8,1.2217,0,0,0.0526,0,0,0.3333,0.1667,0.25,,,A,△,,0.0562,0.615,,0.5972,S,86,0,◎1着固定 2-3着流し（5〜8点）,0.5777,"{'is_target': True, 'verdict': '参加推奨', 'max_combo_prob': 0.0825, 'est_top_odds': 16.2, 'circle_concentration': 67.3, 'eligible_count': 6, 'bet_adj': 2, 'reason': 'rel_win1=64.0%（本命度） / 最有力組み合わせ確率: 0.083（推定実オッズ?16倍） / 2着集中度: 上位2艇 67.3%（補正+0.00） / 総合判定確率: 0.083 / → ヒモ分散。1号艇1着固定で広めのヒモ流し推奨（買い目+2点）', 'tenji_trigger': '展示確認: ヒモ分散レース。1号艇伸び確認後、広めのヒモ流しを採用。穴ヒモ（5・6号艇）を積極的に含める。\n展示で1号艇スタート超安定(0.133秒)→ヒモ固まり方向に注意'}",,,26.2,逃げ狙い,15.33,25.1,4,,,,,,,,,,,
2025-05-08,丸亀,6,3,山田理央,A2,26.90,3,,7.8831,29.9,64,56.8,0.1295,2.4054,,,0,低,62,0,-,4 5636,0,71.1,1.4117,,,,,,0.0444,0.1444,0.0222,,,E,,,0.3331,0.6,,0.5972,S,86,0,◎1着固定 2-3着流し（5〜8点）,0.5777,"{'is_target': True, 'verdict': '参加推奨', 'max_combo_prob': 0.0825, 'est_top_odds': 16.2, 'circle_concentration': 67.3, 'eligible_count': 6, 'bet_adj': 2, 'reason': 'rel_win1=64.0%（本命度） / 最有力組み合わせ確率: 0.083（推定実オッズ?16倍） / 2着集中度: 上位2艇 67.3%（補正+0.00） / 総合判定確率: 0.083 / → ヒモ分散。1号艇1着固定で広めのヒモ流し推奨（買い目+2点）', 'tenji_trigger': '展示確認: ヒモ分散レース。1号艇伸び確認後、広めのヒモ流しを採用。穴ヒモ（5・6号艇）を積極的に含める。\n展示で1号艇スタート超安定(0.133秒)→ヒモ固まり方向に注意'}",,,26.2,逃げ狙い,15.33,25.1,4,,,,,,,,,,,
2025-05-08,丸亀,6,4,西岡顕心,A1,30.67,4,△,10.9005,20.7,91,76,0.1544,3.24,,,0,低,55,0,ま0%,341 44,0,47.3,0.957,0,0.1667,0.1667,0,0,0,0.0714,0,,,D,△,,0.245,0.6245,,0.5972,S,86,0,◎1着固定 2-3着流し（5〜8点）,0.5777,"{'is_target': True, 'verdict': '参加推奨', 'max_combo_prob': 0.0825, 'est_top_odds': 16.2, 'circle_concentration': 67.3, 'eligible_count': 6, 'bet_adj': 2, 'reason': 'rel_win1=64.0%（本命度） / 最有力組み合わせ確率: 0.083（推定実オッズ?16倍） / 2着集中度: 上位2艇 67.3%（補正+0.00） / 総合判定確率: 0.083 / → ヒモ分散。1号艇1着固定で広めのヒモ流し推奨（買い目+2点）', 'tenji_trigger': '展示確認: ヒモ分散レース。1号艇伸び確認後、広めのヒモ流しを採用。穴ヒモ（5・6号艇）を積極的に含める。\n展示で1号艇スタート超安定(0.133秒)→ヒモ固まり方向に注意'}",,,26.2,逃げ狙い,15.33,25.1,4,,,,,,,,,,,
2025-05-08,丸亀,6,5,中岡　駿,B2,32.89,5,,6.5854,9,73,0,0.2075,4.0625,,,0,低,40,1,-,5 6 56,0,26.3,0.7962,,,,,,,,,,,C,,,0.1329,0.482,,0.5972,S,86,0,◎1着固定 2-3着流し（5〜8点）,0.5777,"{'is_target': True, 'verdict': '参加推奨', 'max_combo_prob': 0.0825, 'est_top_odds': 16.2, 'circle_concentration': 67.3, 'eligible_count': 6, 'bet_adj': 2, 'reason': 'rel_win1=64.0%（本命度） / 最有力組み合わせ確率: 0.083（推定実オッズ?16倍） / 2着集中度: 上位2艇 67.3%（補正+0.00） / 総合判定確率: 0.083 / → ヒモ分散。1号艇1着固定で広めのヒモ流し推奨（買い目+2点）', 'tenji_trigger': '展示確認: ヒモ分散レース。1号艇伸び確認後、広めのヒモ流しを採用。穴ヒモ（5・6号艇）を積極的に含める。\n展示で1号艇スタート超安定(0.133秒)→ヒモ固まり方向に注意'}",,,26.2,逃げ狙い,15.33,25.1,4,,,,,,,,,,,
2025-05-08,丸亀,6,6,山本景士,B1,41.03,6,▲,1.2676,3,36,12.1,0.1793,4.319,,,0,低,147,0,-,16F 5,0,26.3,0.6261,,,,,,0.1091,0.2909,0.0182,,,B,○,,0.164,0.6505,,0.5972,S,86,0,◎1着固定 2-3着流し（5〜8点）,0.5777,"{'is_target': True, 'verdict': '参加推奨', 'max_combo_prob': 0.0825, 'est_top_odds': 16.2, 'circle_concentration': 67.3, 'eligible_count': 6, 'bet_adj': 2, 'reason': 'rel_win1=64.0%（本命度） / 最有力組み合わせ確率: 0.083（推定実オッズ?16倍） / 2着集中度: 上位2艇 67.3%（補正+0.00） / 総合判定確率: 0.083 / → ヒモ分散。1号艇1着固定で広めのヒモ流し推奨（買い目+2点）', 'tenji_trigger': '展示確認: ヒモ分散レース。1号艇伸び確認後、広めのヒモ流しを採用。穴ヒモ（5・6号艇）を積極的に含める。\n展示で1号艇スタート超安定(0.133秒)→ヒモ固まり方向に注意'}",,,26.2,逃げ狙い,15.33,25.1,4,,,,,,,,,,,
2025-05-08,丸亀,7,1,濱野斗馬,A2,35.38,1,◎,60.4008,,0,94.4,0.118,1.9907,,,0,低,40,0,逃1%,3 3613,0,73.3,1.0769,0.7419,,,,,0.0968,0,0.0323,◎,,D,△,,,0.638,,0.7402,S,100,0,◎1着固定 2-3着流し（5〜8点）,0.5777,"{'is_target': True, 'verdict': '参加推奨', 'max_combo_prob': 0.0873, 'est_top_odds': 15.3, 'circle_concentration': 64.6, 'eligible_count': 6, 'bet_adj': 2, 'reason': 'rel_win1=60.4%（本命度） / 最有力組み合わせ確率: 0.087（推定実オッズ?15倍） / 2着集中度: 上位2艇 64.6%（補正+0.00） / 総合判定確率: 0.087 / → ヒモ分散。1号艇1着固定で広めのヒモ流し推奨（買い目+2点）', 'tenji_trigger': '展示確認: ヒモ分散レース。1号艇伸び確認後、広めのヒモ流しを採用。穴ヒモ（5・6号艇）を積極的に含める。\n展示で1号艇スタート超安定(0.118秒)→ヒモ固まり方向に注意'}",,,26.1,逃げ狙い,16.88,23.5,3,,,,,0,0,0.7559,0,,逃げ軸流し,A
2025-05-08,丸亀,7,2,谷口知優,B1,35.90,2,▲,12.2487,23.4,100,53.2,0.1496,2.9149,,,0,低,83,0,-,6 415,0,27.3,0.8312,0,0.12,0,0,0,0,0.3481,0.1039,,,C,,,0.0772,0.6165,,0.7402,S,100,0,◎1着固定 2-3着流し（5〜8点）,0.5777,"{'is_target': True, 'verdict': '参加推奨', 'max_combo_prob': 0.0873, 'est_top_odds': 15.3, 'circle_concentration': 64.6, 'eligible_count': 6, 'bet_adj': 2, 'reason': 'rel_win1=60.4%（本命度） / 最有力組み合わせ確率: 0.087（推定実オッズ?15倍） / 2着集中度: 上位2艇 64.6%（補正+0.00） / 総合判定確率: 0.087 / → ヒモ分散。1号艇1着固定で広めのヒモ流し推奨（買い目+2点）', 'tenji_trigger': '展示確認: ヒモ分散レース。1号艇伸び確認後、広めのヒモ流しを採用。穴ヒモ（5・6号艇）を積極的に含める。\n展示で1号艇スタート超安定(0.118秒)→ヒモ固まり方向に注意'}",,,26.1,逃げ狙い,16.88,23.5,3,,,,,,,,,,,
2025-05-08,丸亀,7,3,片岡雅裕,A1,34.46,3,,12.2661,41.2,69,70.6,0.1271,2.2353,,,0,低,5,0,差ま0% 抜0%,1S422,0,80.5,0.9906,0,0,0,0.1429,0.1429,0.0286,0,0.3571,,,D,◎,,0.266,0.8292,,0.7402,S,100,0,◎1着固定 2-3着流し（5〜8点）,0.5777,"{'is_target': True, 'verdict': '参加推奨', 'max_combo_prob': 0.0873, 'est_top_odds': 15.3, 'circle_concentration': 64.6, 'eligible_count': 6, 'bet_adj': 2, 'reason': 'rel_win1=60.4%（本命度） / 最有力組み合わせ確率: 0.087（推定実オッズ?15倍） / 2着集中度: 上位2艇 64.6%（補正+0.00） / 総合判定確率: 0.087 / → ヒモ分散。1号艇1着固定で広めのヒモ流し推奨（買い目+2点）', 'tenji_trigger': '展示確認: ヒモ分散レース。1号艇伸び確認後、広めのヒモ流しを採用。穴ヒモ（5・6号艇）を積極的に含める。\n展示で1号艇スタート超安定(0.118秒)→ヒモ固まり方向に注意'}",,,26.1,逃げ狙い,16.88,23.5,3,,,,,,,,,,,
2025-05-08,丸亀,7,4,川上清人,B1,48.15,4,○,7.3148,18.3,30,30.6,0.1776,3.8163,,,0,低,150,0,-,2 3335,0,45.5,1.076,0,0,0,0.08,0,0.3733,0.0381,0.1962,,,A,,,0.1156,0.595,,0.7402,S,100,0,◎1着固定 2-3着流し（5〜8点）,0.5777,"{'is_target': True, 'verdict': '参加推奨', 'max_combo_prob': 0.0873, 'est_top_odds': 15.3, 'circle_concentration': 64.6, 'eligible_count': 6, 'bet_adj': 2, 'reason': 'rel_win1=60.4%（本命度） / 最有力組み合わせ確率: 0.087（推定実オッズ?15倍） / 2着集中度: 上位2艇 64.6%（補正+0.00） / 総合判定確率: 0.087 / → ヒモ分散。1号艇1着固定で広めのヒモ流し推奨（買い目+2点）', 'tenji_trigger': '展示確認: ヒモ分散レース。1号艇伸び確認後、広めのヒモ流しを採用。穴ヒモ（5・6号艇）を積極的に含める。\n展示で1号艇スタート超安定(0.118秒)→ヒモ固まり方向に注意'}",,,26.1,逃げ狙い,16.88,23.5,3,,,,,,,,,,,
2025-05-08,丸亀,7,5,小野寺智,A2,36.73,5,,2.2652,10.5,72,32.7,0.1544,3.6636,,,0,低,79,0,-,433425,0,33.7,1.5593,,,,,,0.1217,0.0174,0.3096,,,C,△,,0.1966,0.6185,,0.7402,S,100,0,◎1着固定 2-3着流し（5〜8点）,0.5777,"{'is_target': True, 'verdict': '参加推奨', 'max_combo_prob': 0.0873, 'est_top_odds': 15.3, 'circle_concentration': 64.6, 'eligible_count': 6, 'bet_adj': 2, 'reason': 'rel_win1=60.4%（本命度） / 最有力組み合わせ確率: 0.087（推定実オッズ?15倍） / 2着集中度: 上位2艇 64.6%（補正+0.00） / 総合判定確率: 0.087 / → ヒモ分散。1号艇1着固定で広めのヒモ流し推奨（買い目+2点）', 'tenji_trigger': '展示確認: ヒモ分散レース。1号艇伸び確認後、広めのヒモ流しを採用。穴ヒモ（5・6号艇）を積極的に含める。\n展示で1号艇スタート超安定(0.118秒)→ヒモ固まり方向に注意'}",,,26.1,逃げ狙い,16.88,23.5,3,,,,,,,,,,,
2025-05-08,丸亀,7,6,近江翔吾,A1,45.07,6,△,5.5044,6.6,83,50,0.1671,3.5882,,,0,低,52,0,-,1 1143,0,94.1,1.9033,0,0,0.0526,0,0,0.0811,0.0541,0.027,,,B,○,,0.1306,0.6415,,0.7402,S,100,0,◎1着固定 2-3着流し（5〜8点）,0.5777,"{'is_target': True, 'verdict': '参加推奨', 'max_combo_prob': 0.0873, 'est_top_odds': 15.3, 'circle_concentration': 64.6, 'eligible_count': 6, 'bet_adj': 2, 'reason': 'rel_win1=60.4%（本命度） / 最有力組み合わせ確率: 0.087（推定実オッズ?15倍） / 2着集中度: 上位2艇 64.6%（補正+0.00） / 総合判定確率: 0.087 / → ヒモ分散。1号艇1着固定で広めのヒモ流し推奨（買い目+2点）', 'tenji_trigger': '展示確認: ヒモ分散レース。1号艇伸び確認後、広めのヒモ流しを採用。穴ヒモ（5・6号艇）を積極的に含める。\n展示で1号艇スタート超安定(0.118秒)→ヒモ固まり方向に注意'}",,,26.1,逃げ狙い,16.88,23.5,3,,,,,,,,,,,
2025-05-08,丸亀,8,1,平高奈菜,A1,30.32,1,◎,71.164,,0,94.3,0.1354,2.7286,,,0,低,46,0,逃1%,1S4311,0,64.9,1.0574,0.6,,,,,0.2,0,0.1333,◎,,D,○,,,0.6215,,0.6438,S,90,0,◎1着固定 2-3着流し（5〜8点）,0.5777,"{'is_target': True, 'verdict': '参加推奨', 'max_combo_prob': 0.0958, 'est_top_odds': 13.9, 'circle_concentration': 67.4, 'eligible_count': 6, 'bet_adj': 2, 'reason': 'rel_win1=71.2%（本命度） / 最有力組み合わせ確率: 0.096（推定実オッズ?14倍） / 2着集中度: 上位2艇 67.4%（補正+0.00） / 総合判定確率: 0.096 / → ヒモ分散。1号艇1着固定で広めのヒモ流し推奨（買い目+2点）', 'tenji_trigger': '展示確認: ヒモ分散レース。1号艇伸び確認後、広めのヒモ流しを採用。穴ヒモ（5・6号艇）を積極的に含める。\n展示で1号艇スタート超安定(0.135秒)→ヒモ固まり方向に注意'}",,,26,逃げ狙い,10.95,28.5,3,,,,,0,0,0.7559,0,,逃げ軸流し,A
2025-05-08,丸亀,8,2,中越博紀,A2,36.81,2,△,9.1467,46.4,100,57.4,0.178,3.9672,,,0,低,130,0,-,5 2625,0,30,0.9891,0,0.0357,0,0,0,0.0296,0.3593,0.0593,,,C,△,,0.0563,0.6195,,0.6438,S,90,0,◎1着固定 2-3着流し（5〜8点）,0.5777,"{'is_target': True, 'verdict': '参加推奨', 'max_combo_prob': 0.0958, 'est_top_odds': 13.9, 'circle_concentration': 67.4, 'eligible_count': 6, 'bet_adj': 2, 'reason': 'rel_win1=71.2%（本命度） / 最有力組み合わせ確率: 0.096（推定実オッズ?14倍） / 2着集中度: 上位2艇 67.4%（補正+0.00） / 総合判定確率: 0.096 / → ヒモ分散。1号艇1着固定で広めのヒモ流し推奨（買い目+2点）', 'tenji_trigger': '展示確認: ヒモ分散レース。1号艇伸び確認後、広めのヒモ流しを採用。穴ヒモ（5・6号艇）を積極的に含める。\n展示で1号艇スタート超安定(0.135秒)→ヒモ固まり方向に注意'}",,,26,逃げ狙い,10.95,28.5,3,,,,,,,,,,,
2025-05-08,丸亀,8,3,松下知幸,B1,33.76,3,▲,8.7064,21,94,44.9,0.1477,2.9493,,,0,低,152,0,-,265 65,0,71.1,1.6763,0,0.0303,0.0303,0.0909,0,0.2152,0.1581,0.1962,,,C,△,,0.2369,0.5965,,0.6438,S,90,0,◎1着固定 2-3着流し（5〜8点）,0.5777,"{'is_target': True, 'verdict': '参加推奨', 'max_combo_prob': 0.0958, 'est_top_odds': 13.9, 'circle_concentration': 67.4, 'eligible_count': 6, 'bet_adj': 2, 'reason': 'rel_win1=71.2%（本命度） / 最有力組み合わせ確率: 0.096（推定実オッズ?14倍） / 2着集中度: 上位2艇 67.4%（補正+0.00） / 総合判定確率: 0.096 / → ヒモ分散。1号艇1着固定で広めのヒモ流し推奨（買い目+2点）', 'tenji_trigger': '展示確認: ヒモ分散レース。1号艇伸び確認後、広めのヒモ流しを採用。穴ヒモ（5・6号艇）を積極的に含める。\n展示で1号艇スタート超安定(0.135秒)→ヒモ固まり方向に注意'}",,,26,逃げ狙い,10.95,28.5,3,,,,,,,,,,,
2025-05-08,丸亀,8,4,福田雅一,A2,39.86,4,○,7.1918,20.3,84,43.4,0.1706,3.4245,,,0,低,91,0,ま0%,166 16,0,62.7,1.2053,0,0,0.08,0.04,0,0.2,0.1,0.2,,,B,◎,,0.1603,0.66,,0.6438,S,90,0,◎1着固定 2-3着流し（5〜8点）,0.5777,"{'is_target': True, 'verdict': '参加推奨', 'max_combo_prob': 0.0958, 'est_top_odds': 13.9, 'circle_concentration': 67.4, 'eligible_count': 6, 'bet_adj': 2, 'reason': 'rel_win1=71.2%（本命度） / 最有力組み合わせ確率: 0.096（推定実オッズ?14倍） / 2着集中度: 上位2艇 67.4%（補正+0.00） / 総合判定確率: 0.096 / → ヒモ分散。1号艇1着固定で広めのヒモ流し推奨（買い目+2点）', 'tenji_trigger': '展示確認: ヒモ分散レース。1号艇伸び確認後、広めのヒモ流しを採用。穴ヒモ（5・6号艇）を積極的に含める。\n展示で1号艇スタート超安定(0.135秒)→ヒモ固まり方向に注意'}",,,26,逃げ狙い,10.95,28.5,3,,,,,,,,,,,
2025-05-08,丸亀,8,5,越智照浩,B1,27.33,5,,2.6092,12,78,19.6,0.1931,4.1176,,,0,低,133,0,-,343 44,0,50.3,1.4524,0,0.0357,0,0,0,0.2,0.35,0.05,,,E,,,0.1047,0.563,,0.6438,S,90,0,◎1着固定 2-3着流し（5〜8点）,0.5777,"{'is_target': True, 'verdict': '参加推奨', 'max_combo_prob': 0.0958, 'est_top_odds': 13.9, 'circle_concentration': 67.4, 'eligible_count': 6, 'bet_adj': 2, 'reason': 'rel_win1=71.2%（本命度） / 最有力組み合わせ確率: 0.096（推定実オッズ?14倍） / 2着集中度: 上位2艇 67.4%（補正+0.00） / 総合判定確率: 0.096 / → ヒモ分散。1号艇1着固定で広めのヒモ流し推奨（買い目+2点）', 'tenji_trigger': '展示確認: ヒモ分散レース。1号艇伸び確認後、広めのヒモ流しを採用。穴ヒモ（5・6号艇）を積極的に含める。\n展示で1号艇スタート超安定(0.135秒)→ヒモ固まり方向に注意'}",,,26,逃げ狙い,10.95,28.5,3,,,,,,,,,,,
2025-05-08,丸亀,8,6,上田隆章,B1,41.38,6,,1.1819,0.3,68,16.1,0.2268,5.1696,,,0,低,192,0,-,F 355,0,100,2.8431,,,,,,0.3,0.22,0.1,,,B,,,0.139,0.5515,,0.6438,S,90,0,◎1着固定 2-3着流し（5〜8点）,0.5777,"{'is_target': True, 'verdict': '参加推奨', 'max_combo_prob': 0.0958, 'est_top_odds': 13.9, 'circle_concentration': 67.4, 'eligible_count': 6, 'bet_adj': 2, 'reason': 'rel_win1=71.2%（本命度） / 最有力組み合わせ確率: 0.096（推定実オッズ?14倍） / 2着集中度: 上位2艇 67.4%（補正+0.00） / 総合判定確率: 0.096 / → ヒモ分散。1号艇1着固定で広めのヒモ流し推奨（買い目+2点）', 'tenji_trigger': '展示確認: ヒモ分散レース。1号艇伸び確認後、広めのヒモ流しを採用。穴ヒモ（5・6号艇）を積極的に含める。\n展示で1号艇スタート超安定(0.135秒)→ヒモ固まり方向に注意'}",,,26,逃げ狙い,10.95,28.5,3,,,,,,,,,,,
2025-05-08,丸亀,9,1,中村晃朋,A1,31.51,1,◎,58.6795,,0,87.7,0.1656,3.4474,,,0,低,56,0,逃1% 抜0%,41111,0,85.6,1.0957,0.6818,,,,,0.1745,0,0.1564,◎,,D,◎,,,0.678,,0.5097,S,93,0,◎1着固定 2-3着流し（5〜8点）,0.5777,"{'is_target': True, 'verdict': '参加推奨', 'max_combo_prob': 0.0911, 'est_top_odds': 14.6, 'circle_concentration': 66.2, 'eligible_count': 6, 'bet_adj': 2, 'reason': 'rel_win1=58.7%（本命度） / 最有力組み合わせ確率: 0.091（推定実オッズ?15倍） / 2着集中度: 上位2艇 66.2%（補正+0.00） / 総合判定確率: 0.091 / → ヒモ分散。1号艇1着固定で広めのヒモ流し推奨（買い目+2点）', 'tenji_trigger': '展示確認: ヒモ分散レース。1号艇伸び確認後、広めのヒモ流しを採用。穴ヒモ（5・6号艇）を積極的に含める。'}",,,28.9,逃げ狙い,19.82,29.2,4,,,,,0,0,0.7559,0,,逃げ軸流し,A
2025-05-08,丸亀,9,2,森安弘雅,B1,40.67,2,▲,11.0915,42.2,73,67.2,0.1793,4.0448,,,0,低,178,0,抜0%,125 23,0,84.6,1.5114,0,0.0938,0.0312,0,0.0312,0.0167,0.1833,0.2,,,B,,,0.1818,0.6065,,0.5097,S,93,0,◎1着固定 2-3着流し（5〜8点）,0.5777,"{'is_target': True, 'verdict': '参加推奨', 'max_combo_prob': 0.0911, 'est_top_odds': 14.6, 'circle_concentration': 66.2, 'eligible_count': 6, 'bet_adj': 2, 'reason': 'rel_win1=58.7%（本命度） / 最有力組み合わせ確率: 0.091（推定実オッズ?15倍） / 2着集中度: 上位2艇 66.2%（補正+0.00） / 総合判定確率: 0.091 / → ヒモ分散。1号艇1着固定で広めのヒモ流し推奨（買い目+2点）', 'tenji_trigger': '展示確認: ヒモ分散レース。1号艇伸び確認後、広めのヒモ流しを採用。穴ヒモ（5・6号艇）を積極的に含める。'}",,,28.9,逃げ狙い,19.82,29.2,4,,,,,,,,,,,
2025-05-08,丸亀,9,3,西丸侑太,A2,33.11,3,△,13.0458,23.9,100,72.5,0.1655,3.2375,,,0,低,100,0,-,34121,0,42.9,0.8787,0,0.0476,0.0476,0.0476,0.0476,0,0.1314,0.0429,,,D,△,,0.291,0.6105,,0.5097,S,93,0,◎1着固定 2-3着流し（5〜8点）,0.5777,"{'is_target': True, 'verdict': '参加推奨', 'max_combo_prob': 0.0911, 'est_top_odds': 14.6, 'circle_concentration': 66.2, 'eligible_count': 6, 'bet_adj': 2, 'reason': 'rel_win1=58.7%（本命度） / 最有力組み合わせ確率: 0.091（推定実オッズ?15倍） / 2着集中度: 上位2艇 66.2%（補正+0.00） / 総合判定確率: 0.091 / → ヒモ分散。1号艇1着固定で広めのヒモ流し推奨（買い目+2点）', 'tenji_trigger': '展示確認: ヒモ分散レース。1号艇伸び確認後、広めのヒモ流しを採用。穴ヒモ（5・6号艇）を積極的に含める。'}",,,28.9,逃げ狙い,19.82,29.2,4,,,,,,,,,,,
2025-05-08,丸亀,9,4,竹田和哉,A1,29.73,4,,11.3788,23.1,70,66.7,0.1619,3.3958,,,0,低,106,0,-,422341,0,58.7,1.0281,0,0.1364,0.0909,0,0,0.116,0.116,0,,,E,△,◎,0.3243,0.6415,0.4699,0.5097,S,93,0,◎1着固定 2-3着流し（5〜8点）,0.5777,"{'is_target': True, 'verdict': '参加推奨', 'max_combo_prob': 0.0911, 'est_top_odds': 14.6, 'circle_concentration': 66.2, 'eligible_count': 6, 'bet_adj': 2, 'reason': 'rel_win1=58.7%（本命度） / 最有力組み合わせ確率: 0.091（推定実オッズ?15倍） / 2着集中度: 上位2艇 66.2%（補正+0.00） / 総合判定確率: 0.091 / → ヒモ分散。1号艇1着固定で広めのヒモ流し推奨（買い目+2点）', 'tenji_trigger': '展示確認: ヒモ分散レース。1号艇伸び確認後、広めのヒモ流しを採用。穴ヒモ（5・6号艇）を積極的に含める。'}",,,28.9,逃げ狙い,19.82,29.2,4,,,,,,,,,,,
2025-05-08,丸亀,9,5,村越　篤,A2,49.65,5,○,4.7901,8.8,51,37.1,0.1685,3.9032,,,0,低,142,0,-,531 14,0,71.1,1.2098,,,,,,0.2516,0.0129,0.0774,,,A,○,,0.3011,0.667,,0.5097,S,93,0,◎1着固定 2-3着流し（5〜8点）,0.5777,"{'is_target': True, 'verdict': '参加推奨', 'max_combo_prob': 0.0911, 'est_top_odds': 14.6, 'circle_concentration': 66.2, 'eligible_count': 6, 'bet_adj': 2, 'reason': 'rel_win1=58.7%（本命度） / 最有力組み合わせ確率: 0.091（推定実オッズ?15倍） / 2着集中度: 上位2艇 66.2%（補正+0.00） / 総合判定確率: 0.091 / → ヒモ分散。1号艇1着固定で広めのヒモ流し推奨（買い目+2点）', 'tenji_trigger': '展示確認: ヒモ分散レース。1号艇伸び確認後、広めのヒモ流しを採用。穴ヒモ（5・6号艇）を積極的に含める。'}",,,28.9,逃げ狙い,19.82,29.2,4,,,,,,,,,,,
2025-05-08,丸亀,9,6,嶋田貴支,B1,33.80,6,,1.0144,1.9,51,16.3,0.2263,4.9884,,,0,低,134,0,-,244 14,0,29.8,0.5544,,,,,,0.0174,0.0522,0.1174,,,C,,,0.135,0.6045,,0.5097,S,93,0,◎1着固定 2-3着流し（5〜8点）,0.5777,"{'is_target': True, 'verdict': '参加推奨', 'max_combo_prob': 0.0911, 'est_top_odds': 14.6, 'circle_concentration': 66.2, 'eligible_count': 6, 'bet_adj': 2, 'reason': 'rel_win1=58.7%（本命度） / 最有力組み合わせ確率: 0.091（推定実オッズ?15倍） / 2着集中度: 上位2艇 66.2%（補正+0.00） / 総合判定確率: 0.091 / → ヒモ分散。1号艇1着固定で広めのヒモ流し推奨（買い目+2点）', 'tenji_trigger': '展示確認: ヒモ分散レース。1号艇伸び確認後、広めのヒモ流しを採用。穴ヒモ（5・6号艇）を積極的に含める。'}",,,28.9,逃げ狙い,19.82,29.2,4,,,,,,,,,,,
2025-05-08,丸亀,10,1,中村日向,A1,36.36,1,◎,62.9832,,0,91.4,0.1454,2.5714,,,0,低,40,0,逃0%,11441,0,82.8,1.0053,0.7692,,,,,0.1538,0.0769,0,◎,,B,○,,,0.645,,0.6355,S,100,0,◎1着固定 2-3着流し（5〜8点）,0.5777,"{'is_target': True, 'verdict': '点数絞り', 'max_combo_prob': 0.0894, 'est_top_odds': 14.9, 'circle_concentration': 70.4, 'eligible_count': 6, 'bet_adj': 0, 'reason': 'rel_win1=63.0%（本命度） / 最有力組み合わせ確率: 0.089（推定実オッズ?15倍） / 2着集中度: 上位2艇 70.4%（補正+0.04） / 総合判定確率: 0.129 / → ヒモはやや固め。上位2艇以外を切ること', 'tenji_trigger': '展示確認: 1号艇伸び良→そのまま採用。悪→飛び組に差し替え。circle_pct上位2艇に絞り込むこと。'}",,,27.9,逃げ狙い,18.89,27.1,2,,,,,0,0,0.7559,0,,逃げ軸流し,A
2025-05-08,丸亀,10,2,木谷賢太,A1,32.26,2,△,11.8327,48.5,76,76.4,0.152,3.5909,,,0,低,107,0,差0%,134 12,0,37.3,0.8698,0,0.25,0.0357,0,0,0.0343,0.0114,0.1957,,,C,◎,,0.2899,0.663,,0.6355,S,100,0,◎1着固定 2-3着流し（5〜8点）,0.5777,"{'is_target': True, 'verdict': '点数絞り', 'max_combo_prob': 0.0894, 'est_top_odds': 14.9, 'circle_concentration': 70.4, 'eligible_count': 6, 'bet_adj': 0, 'reason': 'rel_win1=63.0%（本命度） / 最有力組み合わせ確率: 0.089（推定実オッズ?15倍） / 2着集中度: 上位2艇 70.4%（補正+0.04） / 総合判定確率: 0.129 / → ヒモはやや固め。上位2艇以外を切ること', 'tenji_trigger': '展示確認: 1号艇伸び良→そのまま採用。悪→飛び組に差し替え。circle_pct上位2艇に絞り込むこと。'}",,,27.9,逃げ狙い,18.89,27.1,2,,,,,,,,,,,
2025-05-08,丸亀,10,3,西岡顕心,A1,30.67,3,,9.856,21.8,95,70.4,0.1567,2.8519,,,0,低,55,0,-,341 44,0,40.9,0.8512,0,0,0,0.25,0,0,0.0714,0,,,D,△,,0.2813,0.6245,,0.6355,S,100,0,◎1着固定 2-3着流し（5〜8点）,0.5777,"{'is_target': True, 'verdict': '点数絞り', 'max_combo_prob': 0.0894, 'est_top_odds': 14.9, 'circle_concentration': 70.4, 'eligible_count': 6, 'bet_adj': 0, 'reason': 'rel_win1=63.0%（本命度） / 最有力組み合わせ確率: 0.089（推定実オッズ?15倍） / 2着集中度: 上位2艇 70.4%（補正+0.04） / 総合判定確率: 0.129 / → ヒモはやや固め。上位2艇以外を切ること', 'tenji_trigger': '展示確認: 1号艇伸び良→そのまま採用。悪→飛び組に差し替え。circle_pct上位2艇に絞り込むこと。'}",,,27.9,逃げ狙い,18.89,27.1,2,,,,,,,,,,,
2025-05-08,丸亀,10,4,濱野斗馬,A2,35.38,4,○,10.3903,18.1,100,66.7,0.1374,2.0741,,,0,低,40,0,ま0%,3 3613,0,24.3,0.684,0,0,0.0625,0.125,0,0.0968,0,0.0323,,,C,△,◎,0.3329,0.638,0.457,0.6355,S,100,0,◎1着固定 2-3着流し（5〜8点）,0.5777,"{'is_target': True, 'verdict': '点数絞り', 'max_combo_prob': 0.0894, 'est_top_odds': 14.9, 'circle_concentration': 70.4, 'eligible_count': 6, 'bet_adj': 0, 'reason': 'rel_win1=63.0%（本命度） / 最有力組み合わせ確率: 0.089（推定実オッズ?15倍） / 2着集中度: 上位2艇 70.4%（補正+0.04） / 総合判定確率: 0.129 / → ヒモはやや固め。上位2艇以外を切ること', 'tenji_trigger': '展示確認: 1号艇伸び良→そのまま採用。悪→飛び組に差し替え。circle_pct上位2艇に絞り込むこと。'}",,,27.9,逃げ狙い,18.89,27.1,2,,,,,,,,,,,
2025-05-08,丸亀,10,5,松尾　祭,A2,45.03,5,▲,2.8489,10.1,79,40.7,0.1924,4.3559,,,0,低,144,0,差ま0%,33225,0,51.2,1.0331,0,0,0,0.0385,0,0.1086,0.0654,0.2501,,,A,,,0.1306,0.6215,,0.6355,S,100,0,◎1着固定 2-3着流し（5〜8点）,0.5777,"{'is_target': True, 'verdict': '点数絞り', 'max_combo_prob': 0.0894, 'est_top_odds': 14.9, 'circle_concentration': 70.4, 'eligible_count': 6, 'bet_adj': 0, 'reason': 'rel_win1=63.0%（本命度） / 最有力組み合わせ確率: 0.089（推定実オッズ?15倍） / 2着集中度: 上位2艇 70.4%（補正+0.04） / 総合判定確率: 0.129 / → ヒモはやや固め。上位2艇以外を切ること', 'tenji_trigger': '展示確認: 1号艇伸び良→そのまま採用。悪→飛び組に差し替え。circle_pct上位2艇に絞り込むこと。'}",,,27.9,逃げ狙い,18.89,27.1,2,,,,,,,,,,,
2025-05-08,丸亀,10,6,中村桃佳,B2,29.14,6,,2.0888,1.4,68,26.1,0.1491,3.5435,,,0,低,41,0,-,2 152,0,30.4,0.9083,0,0,0,0.0667,0,0.0471,0.0706,0.2706,,,E,,,0.2794,0.6205,,0.6355,S,100,0,◎1着固定 2-3着流し（5〜8点）,0.5777,"{'is_target': True, 'verdict': '点数絞り', 'max_combo_prob': 0.0894, 'est_top_odds': 14.9, 'circle_concentration': 70.4, 'eligible_count': 6, 'bet_adj': 0, 'reason': 'rel_win1=63.0%（本命度） / 最有力組み合わせ確率: 0.089（推定実オッズ?15倍） / 2着集中度: 上位2艇 70.4%（補正+0.04） / 総合判定確率: 0.129 / → ヒモはやや固め。上位2艇以外を切ること', 'tenji_trigger': '展示確認: 1号艇伸び良→そのまま採用。悪→飛び組に差し替え。circle_pct上位2艇に絞り込むこと。'}",,,27.9,逃げ狙い,18.89,27.1,2,,,,,,,,,,,
2025-05-08,丸亀,11,1,近江翔吾,A1,45.07,1,◎,57.6777,,0,92.7,0.1291,2.3015,,,0,低,52,0,逃1%,1 1143,0,88.4,1.1419,0.7838,,,,,0.0811,0.0541,0.027,◎,,A,△,,,0.6415,,0.6241,S,91,0,◎1着固定 2-3着流し（5〜8点）,0.5777,"{'is_target': True, 'verdict': '参加推奨', 'max_combo_prob': 0.0664, 'est_top_odds': 20.1, 'circle_concentration': 68.5, 'eligible_count': 6, 'bet_adj': 2, 'reason': 'rel_win1=57.7%（本命度） / 最有力組み合わせ確率: 0.066（推定実オッズ?20倍） / 2着集中度: 上位2艇 68.5%（補正+0.00） / 総合判定確率: 0.066 / → ヒモ分散。1号艇1着固定で広めのヒモ流し推奨（買い目+2点）', 'tenji_trigger': '展示確認: ヒモ分散レース。1号艇伸び確認後、広めのヒモ流しを採用。穴ヒモ（5・6号艇）を積極的に含める。\n展示で1号艇スタート超安定(0.129秒)→ヒモ固まり方向に注意'}",,,30.6,逃げ狙い,30.46,24.8,5,,,,,0,0,0.7559,0,,逃げ軸流し,A
2025-05-08,丸亀,11,2,中岡正彦,A2,44.59,2,○,11.3152,34.8,100,63.5,0.1477,2.9231,,,0,低,42,0,差0%,422 22,0,41.2,0.9991,0,0.0909,0.1364,0,0,0.1103,0,0.0588,,,B,○,,0.1401,0.649,,0.6241,S,91,0,◎1着固定 2-3着流し（5〜8点）,0.5777,"{'is_target': True, 'verdict': '参加推奨', 'max_combo_prob': 0.0664, 'est_top_odds': 20.1, 'circle_concentration': 68.5, 'eligible_count': 6, 'bet_adj': 2, 'reason': 'rel_win1=57.7%（本命度） / 最有力組み合わせ確率: 0.066（推定実オッズ?20倍） / 2着集中度: 上位2艇 68.5%（補正+0.00） / 総合判定確率: 0.066 / → ヒモ分散。1号艇1着固定で広めのヒモ流し推奨（買い目+2点）', 'tenji_trigger': '展示確認: ヒモ分散レース。1号艇伸び確認後、広めのヒモ流しを採用。穴ヒモ（5・6号艇）を積極的に含める。\n展示で1号艇スタート超安定(0.129秒)→ヒモ固まり方向に注意'}",,,30.6,逃げ狙い,30.46,24.8,5,,,,,,,,,,,
2025-05-08,丸亀,11,3,平高奈菜,A1,30.32,3,,9.7095,20.1,97,58.3,0.1575,3.0625,,,0,低,46,0,抜0%,1S4311,0,27.5,0.901,0,0,0.0833,0.0833,0.0833,0.2,0,0.1333,,,E,,,0.1582,0.6215,,0.6241,S,91,0,◎1着固定 2-3着流し（5〜8点）,0.5777,"{'is_target': True, 'verdict': '参加推奨', 'max_combo_prob': 0.0664, 'est_top_odds': 20.1, 'circle_concentration': 68.5, 'eligible_count': 6, 'bet_adj': 2, 'reason': 'rel_win1=57.7%（本命度） / 最有力組み合わせ確率: 0.066（推定実オッズ?20倍） / 2着集中度: 上位2艇 68.5%（補正+0.00） / 総合判定確率: 0.066 / → ヒモ分散。1号艇1着固定で広めのヒモ流し推奨（買い目+2点）', 'tenji_trigger': '展示確認: ヒモ分散レース。1号艇伸び確認後、広めのヒモ流しを採用。穴ヒモ（5・6号艇）を積極的に含める。\n展示で1号艇スタート超安定(0.129秒)→ヒモ固まり方向に注意'}",,,30.6,逃げ狙い,30.46,24.8,5,,,,,,,,,,,
2025-05-08,丸亀,11,4,片岡雅裕,A1,34.46,4,▲,10.4019,33.7,80,94.7,0.1032,1.8684,,,0,低,5,0,差0% 差ま0%,1S422,0,47.6,0.9519,0,0.1,0,0.2,0,0.0286,0,0.3571,,◎,D,◎,◎,0.4193,0.8292,0.6395,0.6241,S,91,0,◎1着固定 2-3着流し（5〜8点）,0.5777,"{'is_target': True, 'verdict': '参加推奨', 'max_combo_prob': 0.0664, 'est_top_odds': 20.1, 'circle_concentration': 68.5, 'eligible_count': 6, 'bet_adj': 2, 'reason': 'rel_win1=57.7%（本命度） / 最有力組み合わせ確率: 0.066（推定実オッズ?20倍） / 2着集中度: 上位2艇 68.5%（補正+0.00） / 総合判定確率: 0.066 / → ヒモ分散。1号艇1着固定で広めのヒモ流し推奨（買い目+2点）', 'tenji_trigger': '展示確認: ヒモ分散レース。1号艇伸び確認後、広めのヒモ流しを採用。穴ヒモ（5・6号艇）を積極的に含める。\n展示で1号艇スタート超安定(0.129秒)→ヒモ固まり方向に注意'}",,,30.6,逃げ狙い,30.46,24.8,5,,,,,,,,,,,
2025-05-08,丸亀,11,5,重成一人,A1,40.43,5,△,10.1378,10.2,72,64.5,0.1435,2.7742,,,0,低,51,0,差ま0% 抜0%,25522,0,39.7,1.0312,0,0,0,0.3158,0.1053,0.0533,0.2533,0.0133,,,C,△,○,0.3022,0.6315,0.4191,0.6241,S,91,0,◎1着固定 2-3着流し（5〜8点）,0.5777,"{'is_target': True, 'verdict': '参加推奨', 'max_combo_prob': 0.0664, 'est_top_odds': 20.1, 'circle_concentration': 68.5, 'eligible_count': 6, 'bet_adj': 2, 'reason': 'rel_win1=57.7%（本命度） / 最有力組み合わせ確率: 0.066（推定実オッズ?20倍） / 2着集中度: 上位2艇 68.5%（補正+0.00） / 総合判定確率: 0.066 / → ヒモ分散。1号艇1着固定で広めのヒモ流し推奨（買い目+2点）', 'tenji_trigger': '展示確認: ヒモ分散レース。1号艇伸び確認後、広めのヒモ流しを採用。穴ヒモ（5・6号艇）を積極的に含める。\n展示で1号艇スタート超安定(0.129秒)→ヒモ固まり方向に注意'}",,,30.6,逃げ狙い,30.46,24.8,5,,,,,,,,,,,
2025-05-08,丸亀,11,6,平池仁志,B1,31.79,6,,0.7579,1.2,44,6.9,0.1731,4.2931,,,0,低,96,0,-,143 33,0,73.6,1.4672,,,,,,0.6667,0,0,,,D,,,0.1651,0.619,,0.6241,S,91,0,◎1着固定 2-3着流し（5〜8点）,0.5777,"{'is_target': True, 'verdict': '参加推奨', 'max_combo_prob': 0.0664, 'est_top_odds': 20.1, 'circle_concentration': 68.5, 'eligible_count': 6, 'bet_adj': 2, 'reason': 'rel_win1=57.7%（本命度） / 最有力組み合わせ確率: 0.066（推定実オッズ?20倍） / 2着集中度: 上位2艇 68.5%（補正+0.00） / 総合判定確率: 0.066 / → ヒモ分散。1号艇1着固定で広めのヒモ流し推奨（買い目+2点）', 'tenji_trigger': '展示確認: ヒモ分散レース。1号艇伸び確認後、広めのヒモ流しを採用。穴ヒモ（5・6号艇）を積極的に含める。\n展示で1号艇スタート超安定(0.129秒)→ヒモ固まり方向に注意'}",,,30.6,逃げ狙い,30.46,24.8,5,,,,,,,,,,,
2025-05-08,丸亀,12,1,川原祐明,A2,37.74,1,◎,61.6335,,0,90.3,0.1744,3.5565,,,0,低,110,0,逃0% 抜0%,1 1442,0,77,1.239,0.6897,,,,,0.0276,0.1014,0.0138,○,,B,△,,,0.6185,,0.4339,S,91,0,◎1着固定 2-3着流し（5〜8点）,0.5777,"{'is_target': True, 'verdict': '点数絞り', 'max_combo_prob': 0.0954, 'est_top_odds': 14.0, 'circle_concentration': 73.0, 'eligible_count': 6, 'bet_adj': 0, 'reason': 'rel_win1=61.6%（本命度） / 最有力組み合わせ確率: 0.095（推定実オッズ?14倍） / 2着集中度: 上位2艇 73.0%（補正+0.04） / 総合判定確率: 0.135 / → ヒモはやや固め。上位2艇以外を切ること', 'tenji_trigger': '展示確認: 1号艇伸び良→そのまま採用。悪→飛び組に差し替え。circle_pct上位2艇に絞り込むこと。'}",,,28.4,逃げ狙い,22.04,25.9,5,,,,,0,0,0.6155,0,,逃げ軸流し,A
2025-05-08,丸亀,12,2,小野寺智,A2,36.73,2,△,7.9281,49.3,100,67.7,0.1573,3.371,,,0,低,79,0,-,433425,0,100,1.0566,0,0.0741,0.0741,0,0,0.1217,0.0174,0.3096,,◎,C,△,,0.4879,0.6185,,0.4339,S,91,0,◎1着固定 2-3着流し（5〜8点）,0.5777,"{'is_target': True, 'verdict': '点数絞り', 'max_combo_prob': 0.0954, 'est_top_odds': 14.0, 'circle_concentration': 73.0, 'eligible_count': 6, 'bet_adj': 0, 'reason': 'rel_win1=61.6%（本命度） / 最有力組み合わせ確率: 0.095（推定実オッズ?14倍） / 2着集中度: 上位2艇 73.0%（補正+0.04） / 総合判定確率: 0.135 / → ヒモはやや固め。上位2艇以外を切ること', 'tenji_trigger': '展示確認: 1号艇伸び良→そのまま採用。悪→飛び組に差し替え。circle_pct上位2艇に絞り込むこと。'}",,,28.4,逃げ狙い,22.04,25.9,5,,,,,,,,,,,
2025-05-08,丸亀,12,3,大西隆洋,B1,39.86,3,▲,5.6442,4.6,38,15.5,0.1947,4.181,,,0,低,103,0,-,2 452,0,100,4.5763,,,,,,0.3077,0.0769,0.3077,,,B,△,,0.2103,0.6055,,0.4339,S,91,0,◎1着固定 2-3着流し（5〜8点）,0.5777,"{'is_target': True, 'verdict': '点数絞り', 'max_combo_prob': 0.0954, 'est_top_odds': 14.0, 'circle_concentration': 73.0, 'eligible_count': 6, 'bet_adj': 0, 'reason': 'rel_win1=61.6%（本命度） / 最有力組み合わせ確率: 0.095（推定実オッズ?14倍） / 2着集中度: 上位2艇 73.0%（補正+0.04） / 総合判定確率: 0.135 / → ヒモはやや固め。上位2艇以外を切ること', 'tenji_trigger': '展示確認: 1号艇伸び良→そのまま採用。悪→飛び組に差し替え。circle_pct上位2艇に絞り込むこと。'}",,,28.4,逃げ狙い,22.04,25.9,5,,,,,,,,,,,
2025-05-08,丸亀,12,4,中越博紀,A2,36.81,4,○,12.7435,18.2,65,53.7,0.167,3.5224,,,0,低,130,0,-,5 2625,0,100,2.2447,0,0.0714,0.0714,0.1071,0,0.0296,0.3593,0.0593,,,C,○,◎,0.3325,0.6195,0.28,0.4339,S,91,0,◎1着固定 2-3着流し（5〜8点）,0.5777,"{'is_target': True, 'verdict': '点数絞り', 'max_combo_prob': 0.0954, 'est_top_odds': 14.0, 'circle_concentration': 73.0, 'eligible_count': 6, 'bet_adj': 0, 'reason': 'rel_win1=61.6%（本命度） / 最有力組み合わせ確率: 0.095（推定実オッズ?14倍） / 2着集中度: 上位2艇 73.0%（補正+0.04） / 総合判定確率: 0.135 / → ヒモはやや固め。上位2艇以外を切ること', 'tenji_trigger': '展示確認: 1号艇伸び良→そのまま採用。悪→飛び組に差し替え。circle_pct上位2艇に絞り込むこと。'}",,,28.4,逃げ狙い,22.04,25.9,5,,,,,,,,,,,
2025-05-08,丸亀,12,5,松尾夏海,A2,33.56,5,,8.1782,23.7,63,66.7,0.1407,2.9259,,,0,低,45,0,-,53131,0,37.6,2.0864,,,,,,,,,,○,D,◎,,0.418,0.684,,0.4339,S,91,0,◎1着固定 2-3着流し（5〜8点）,0.5777,"{'is_target': True, 'verdict': '点数絞り', 'max_combo_prob': 0.0954, 'est_top_odds': 14.0, 'circle_concentration': 73.0, 'eligible_count': 6, 'bet_adj': 0, 'reason': 'rel_win1=61.6%（本命度） / 最有力組み合わせ確率: 0.095（推定実オッズ?14倍） / 2着集中度: 上位2艇 73.0%（補正+0.04） / 総合判定確率: 0.135 / → ヒモはやや固め。上位2艇以外を切ること', 'tenji_trigger': '展示確認: 1号艇伸び良→そのまま採用。悪→飛び組に差し替え。circle_pct上位2艇に絞り込むこと。'}",,,28.4,逃げ狙い,22.04,25.9,5,,,,,,,,,,,
2025-05-08,丸亀,12,6,石井伸長,B1,33.77,6,,3.8725,4.2,41,23.5,0.1533,3.4847,,,0,低,79,0,差ま0%,3 2636,0,40.4,1.1864,0,0.027,0.027,0.0811,0,0,0.5,0.25,,,D,,○,0.3577,0.5655,0.2528,0.4339,S,91,0,◎1着固定 2-3着流し（5〜8点）,0.5777,"{'is_target': True, 'verdict': '点数絞り', 'max_combo_prob': 0.0954, 'est_top_odds': 14.0, 'circle_concentration': 73.0, 'eligible_count': 6, 'bet_adj': 0, 'reason': 'rel_win1=61.6%（本命度） / 最有力組み合わせ確率: 0.095（推定実オッズ?14倍） / 2着集中度: 上位2艇 73.0%（補正+0.04） / 総合判定確率: 0.135 / → ヒモはやや固め。上位2艇以外を切ること', 'tenji_trigger': '展示確認: 1号艇伸び良→そのまま採用。悪→飛び組に差し替え。circle_pct上位2艇に絞り込むこと。'}",,,28.4,逃げ狙い,22.04,25.9,5,,,,,,,,,,,
2025-05-09,丸亀,1,1,平池仁志,B1,31.79,1,◎,55.6372,,0,75,0.1706,3.2812,,,0,低,96,0,逃0%,143 33,0,60.2,0.9309,0.3333,,,,,0.6667,0,0,△,,D,○,,,0.619,,0.2918,A,65,0,◎-○軸 3着3〜4艇流し（10〜15点）,0.5777,"{'is_target': True, 'verdict': '参加推奨', 'max_combo_prob': 0.0946, 'est_top_odds': 14.1, 'circle_concentration': 64.3, 'eligible_count': 8, 'bet_adj': 2, 'reason': 'rel_win1=55.6%（本命度） / 最有力組み合わせ確率: 0.095（推定実オッズ?14倍） / 2着集中度: 上位2艇 64.3%（補正+0.00） / 総合判定確率: 0.095 / → ヒモ分散。1号艇1着固定で広めのヒモ流し推奨（買い目+2点）', 'tenji_trigger': '展示確認: ヒモ分散レース。1号艇伸び確認後、広めのヒモ流しを採用。穴ヒモ（5・6号艇）を積極的に含める。'}",,,31.4,逃げ狙い,12.07,42.8,3,2-1-3|1-2-5|1-2-3|1-3-2|1-3-5|1-5-2,6-1-3|2-1-3|6-3-1|5-1-6|5-6-1|5-1-3|6-1-5|1-2-5|1-2-3|1-3-2|1-3-5|1-5-2,2-1-3:4.27%|1-2-5:6.38%|1-2-3:6.34%|1-3-2:4.56%|1-3-5:3.98%|1-5-2:3.5%,2-1-3:B_main|1-2-5:A|1-2-3:A|1-3-2:A|1-3-5:A|1-5-2:A,6,12,0.4535,1,[!]見送り推奨（主役決まり手「差し」― 逃げ劣勢レースで的中実績なし）,荒れ広め,D
2025-05-09,丸亀,1,2,松下知幸,B1,33.76,2,▲,12.6423,36.4,100,48,0.1509,3.1753,,,0,低,152,0,差0%,265 65,0,54.6,1.119,0,0.0909,0.0303,0,0,0.2152,0.1581,0.1962,,◎,C,△,,0.5152,0.5965,,0.2918,A,65,0,◎-○軸 3着3〜4艇流し（10〜15点）,0.5777,"{'is_target': True, 'verdict': '参加推奨', 'max_combo_prob': 0.0946, 'est_top_odds': 14.1, 'circle_concentration': 64.3, 'eligible_count': 8, 'bet_adj': 2, 'reason': 'rel_win1=55.6%（本命度） / 最有力組み合わせ確率: 0.095（推定実オッズ?14倍） / 2着集中度: 上位2艇 64.3%（補正+0.00） / 総合判定確率: 0.095 / → ヒモ分散。1号艇1着固定で広めのヒモ流し推奨（買い目+2点）', 'tenji_trigger': '展示確認: ヒモ分散レース。1号艇伸び確認後、広めのヒモ流しを採用。穴ヒモ（5・6号艇）を積極的に含める。'}",,,31.4,逃げ狙い,12.07,42.8,3,,,,,,,,,,,
2025-05-09,丸亀,1,3,木村光宏,B1,28.30,3,,15.6201,27.9,85,53.1,0.1851,3.602,,,0,低,99,0,差0% ま0%,562 66,0,66.7,1.024,0,0.0385,0.0385,0,0,0.3952,0.3571,0.0571,,,E,◎,,0.211,0.6335,,0.2918,A,65,0,◎-○軸 3着3〜4艇流し（10〜15点）,0.5777,"{'is_target': True, 'verdict': '参加推奨', 'max_combo_prob': 0.0946, 'est_top_odds': 14.1, 'circle_concentration': 64.3, 'eligible_count': 8, 'bet_adj': 2, 'reason': 'rel_win1=55.6%（本命度） / 最有力組み合わせ確率: 0.095（推定実オッズ?14倍） / 2着集中度: 上位2艇 64.3%（補正+0.00） / 総合判定確率: 0.095 / → ヒモ分散。1号艇1着固定で広めのヒモ流し推奨（買い目+2点）', 'tenji_trigger': '展示確認: ヒモ分散レース。1号艇伸び確認後、広めのヒモ流しを採用。穴ヒモ（5・6号艇）を積極的に含める。'}",,,31.4,逃げ狙い,12.07,42.8,3,,,,,,,,,,,
2025-05-09,丸亀,1,4,三嶌ここ,B1,40.74,4,△,7.3665,17.9,40,10,0.224,4.8,,,0,低,114,0,-,3 546,0,15.8,0.6487,,,,,,0.0571,0.0571,0.3143,,,B,,,0.1385,0.553,,0.2918,A,65,0,◎-○軸 3着3〜4艇流し（10〜15点）,0.5777,"{'is_target': True, 'verdict': '参加推奨', 'max_combo_prob': 0.0946, 'est_top_odds': 14.1, 'circle_concentration': 64.3, 'eligible_count': 8, 'bet_adj': 2, 'reason': 'rel_win1=55.6%（本命度） / 最有力組み合わせ確率: 0.095（推定実オッズ?14倍） / 2着集中度: 上位2艇 64.3%（補正+0.00） / 総合判定確率: 0.095 / → ヒモ分散。1号艇1着固定で広めのヒモ流し推奨（買い目+2点）', 'tenji_trigger': '展示確認: ヒモ分散レース。1号艇伸び確認後、広めのヒモ流しを採用。穴ヒモ（5・6号艇）を積極的に含める。'}",,,31.4,逃げ狙い,12.07,42.8,3,,,,,,,,,,,
2025-05-09,丸亀,1,5,川上清人,B1,48.15,5,○,7.0626,17.3,46,28.6,0.1776,3.7222,,,0,低,150,0,-,2 3335,0,97.9,1.9012,,,,,,0.3733,0.0381,0.1962,,,A,△,,0.2877,0.595,,0.2918,A,65,0,◎-○軸 3着3〜4艇流し（10〜15点）,0.5777,"{'is_target': True, 'verdict': '参加推奨', 'max_combo_prob': 0.0946, 'est_top_odds': 14.1, 'circle_concentration': 64.3, 'eligible_count': 8, 'bet_adj': 2, 'reason': 'rel_win1=55.6%（本命度） / 最有力組み合わせ確率: 0.095（推定実オッズ?14倍） / 2着集中度: 上位2艇 64.3%（補正+0.00） / 総合判定確率: 0.095 / → ヒモ分散。1号艇1着固定で広めのヒモ流し推奨（買い目+2点）', 'tenji_trigger': '展示確認: ヒモ分散レース。1号艇伸び確認後、広めのヒモ流しを採用。穴ヒモ（5・6号艇）を積極的に含める。'}",,,31.4,逃げ狙い,12.07,42.8,3,,,,,,,,,,,
2025-05-09,丸亀,1,6,大廣咲季,B1,36.91,6,,1.6712,0.5,11,6.6,0.1836,3.7377,,,0,低,81,0,-,F66 6,0,40.2,1.4094,,,,,,0.3333,0.3333,0,,,C,,,0.2686,0.543,,0.2918,A,65,0,◎-○軸 3着3〜4艇流し（10〜15点）,0.5777,"{'is_target': True, 'verdict': '参加推奨', 'max_combo_prob': 0.0946, 'est_top_odds': 14.1, 'circle_concentration': 64.3, 'eligible_count': 8, 'bet_adj': 2, 'reason': 'rel_win1=55.6%（本命度） / 最有力組み合わせ確率: 0.095（推定実オッズ?14倍） / 2着集中度: 上位2艇 64.3%（補正+0.00） / 総合判定確率: 0.095 / → ヒモ分散。1号艇1着固定で広めのヒモ流し推奨（買い目+2点）', 'tenji_trigger': '展示確認: ヒモ分散レース。1号艇伸び確認後、広めのヒモ流しを採用。穴ヒモ（5・6号艇）を積極的に含める。'}",,,31.4,逃げ狙い,12.07,42.8,3,,,,,,,,,,,
2025-05-09,丸亀,2,1,森安弘雅,B1,40.67,1,◎,57.1559,,0,78.2,0.1765,3.4727,,,0,低,178,0,抜0%,125 23,0,70.2,1.1321,0.3333,,,,,0.0167,0.1833,0.2,○,,B,△,,,0.6065,,0.3731,A,78,0,◎-○軸 3着3〜4艇流し（10〜15点）,0.5777,"{'is_target': True, 'verdict': '点数絞り', 'max_combo_prob': 0.0916, 'est_top_odds': 14.6, 'circle_concentration': 74.6, 'eligible_count': 8, 'bet_adj': 0, 'reason': 'rel_win1=57.2%（本命度） / 最有力組み合わせ確率: 0.092（推定実オッズ?15倍） / 2着集中度: 上位2艇 74.6%（補正+0.04） / 総合判定確率: 0.132 / → ヒモはやや固め。上位2艇以外を切ること', 'tenji_trigger': '展示確認: 1号艇伸び良→そのまま採用。悪→飛び組に差し替え。circle_pct上位2艇に絞り込むこと。'}",,,27.8,逃げ狙い,15.28,29.8,3,,,,,0,0,0.6155,0,,逃げ軸流し,A
2025-05-09,丸亀,2,2,村岡　賢,B1,41.61,2,▲,9.4119,45.5,75,36.8,0.1794,4.3162,,,0,低,137,0,-,6 464,0,44.2,0.9519,,,,,,0.0571,0.2343,0.0762,,,B,◎,,0.301,0.6265,,0.3731,A,78,0,◎-○軸 3着3〜4艇流し（10〜15点）,0.5777,"{'is_target': True, 'verdict': '点数絞り', 'max_combo_prob': 0.0916, 'est_top_odds': 14.6, 'circle_concentration': 74.6, 'eligible_count': 8, 'bet_adj': 0, 'reason': 'rel_win1=57.2%（本命度） / 最有力組み合わせ確率: 0.092（推定実オッズ?15倍） / 2着集中度: 上位2艇 74.6%（補正+0.04） / 総合判定確率: 0.132 / → ヒモはやや固め。上位2艇以外を切ること', 'tenji_trigger': '展示確認: 1号艇伸び良→そのまま採用。悪→飛び組に差し替え。circle_pct上位2艇に絞り込むこと。'}",,,27.8,逃げ狙い,15.28,29.8,3,,,,,,,,,,,
2025-05-09,丸亀,2,3,谷口知優,B1,35.90,3,○,21.5881,29.1,74,50,0.1627,3.2955,,,0,低,83,0,差0% ま0% 差ま0%,6 415,0,42.3,1.1367,0,0.125,0.0417,0.0833,0,0,0.3481,0.1039,,○,C,○,,0.3914,0.6165,,0.3731,A,78,0,◎-○軸 3着3〜4艇流し（10〜15点）,0.5777,"{'is_target': True, 'verdict': '点数絞り', 'max_combo_prob': 0.0916, 'est_top_odds': 14.6, 'circle_concentration': 74.6, 'eligible_count': 8, 'bet_adj': 0, 'reason': 'rel_win1=57.2%（本命度） / 最有力組み合わせ確率: 0.092（推定実オッズ?15倍） / 2着集中度: 上位2艇 74.6%（補正+0.04） / 総合判定確率: 0.132 / → ヒモはやや固め。上位2艇以外を切ること', 'tenji_trigger': '展示確認: 1号艇伸び良→そのまま採用。悪→飛び組に差し替え。circle_pct上位2艇に絞り込むこと。'}",,,27.8,逃げ狙い,15.28,29.8,3,,,,,,,,,,,
2025-05-09,丸亀,2,4,三嶌さら,B2,28.48,4,,7.3902,12.3,64,24.2,0.1927,4.2424,,,0,低,82,0,差0%,456 56,0,26.4,0.8598,0,0.0455,0,0,0,0,0.25,0,,,D,,,0.2452,0.576,,0.3731,A,78,0,◎-○軸 3着3〜4艇流し（10〜15点）,0.5777,"{'is_target': True, 'verdict': '点数絞り', 'max_combo_prob': 0.0916, 'est_top_odds': 14.6, 'circle_concentration': 74.6, 'eligible_count': 8, 'bet_adj': 0, 'reason': 'rel_win1=57.2%（本命度） / 最有力組み合わせ確率: 0.092（推定実オッズ?15倍） / 2着集中度: 上位2艇 74.6%（補正+0.04） / 総合判定確率: 0.132 / → ヒモはやや固め。上位2艇以外を切ること', 'tenji_trigger': '展示確認: 1号艇伸び良→そのまま採用。悪→飛び組に差し替え。circle_pct上位2艇に絞り込むこと。'}",,,27.8,逃げ狙い,15.28,29.8,3,,,,,,,,,,,
2025-05-09,丸亀,2,5,山田理央,A2,26.90,5,,3.0687,12.6,100,52.9,0.1591,3.1912,,,0,低,62,0,-,4 5636,0,31.7,1.035,,,,,,0.0444,0.1444,0.0222,,,E,△,,0.3966,0.6,,0.3731,A,78,0,◎-○軸 3着3〜4艇流し（10〜15点）,0.5777,"{'is_target': True, 'verdict': '点数絞り', 'max_combo_prob': 0.0916, 'est_top_odds': 14.6, 'circle_concentration': 74.6, 'eligible_count': 8, 'bet_adj': 0, 'reason': 'rel_win1=57.2%（本命度） / 最有力組み合わせ確率: 0.092（推定実オッズ?15倍） / 2着集中度: 上位2艇 74.6%（補正+0.04） / 総合判定確率: 0.132 / → ヒモはやや固め。上位2艇以外を切ること', 'tenji_trigger': '展示確認: 1号艇伸び良→そのまま採用。悪→飛び組に差し替え。circle_pct上位2艇に絞り込むこと。'}",,,27.8,逃げ狙い,15.28,29.8,3,,,,,,,,,,,
2025-05-09,丸亀,2,6,上田隆章,B1,41.38,6,△,1.3852,0.5,46,16.1,0.2268,5.1696,,,0,低,192,0,-,F 355,0,100,2.8164,,,,,,0.3,0.22,0.1,,,B,,,0.1774,0.5515,,0.3731,A,78,0,◎-○軸 3着3〜4艇流し（10〜15点）,0.5777,"{'is_target': True, 'verdict': '点数絞り', 'max_combo_prob': 0.0916, 'est_top_odds': 14.6, 'circle_concentration': 74.6, 'eligible_count': 8, 'bet_adj': 0, 'reason': 'rel_win1=57.2%（本命度） / 最有力組み合わせ確率: 0.092（推定実オッズ?15倍） / 2着集中度: 上位2艇 74.6%（補正+0.04） / 総合判定確率: 0.132 / → ヒモはやや固め。上位2艇以外を切ること', 'tenji_trigger': '展示確認: 1号艇伸び良→そのまま採用。悪→飛び組に差し替え。circle_pct上位2艇に絞り込むこと。'}",,,27.8,逃げ狙い,15.28,29.8,3,,,,,,,,,,,
2025-05-09,丸亀,3,1,中村桃佳,B2,29.14,1,◎,53.3425,,0,91.3,0.1557,2.7391,,,0,低,41,0,逃1%,2 152,0,74.2,1.135,0.4706,,,,,0.0471,0.0706,0.2706,◎,,D,△,,,0.6205,,0.4793,S,100,0,◎1着固定 2-3着流し（5〜8点）,0.5777,"{'is_target': True, 'verdict': '点数絞り', 'max_combo_prob': 0.0852, 'est_top_odds': 15.6, 'circle_concentration': 72.0, 'eligible_count': 6, 'bet_adj': 0, 'reason': 'rel_win1=53.3%（本命度） / 最有力組み合わせ確率: 0.085（推定実オッズ?16倍） / 2着集中度: 上位2艇 72.0%（補正+0.04） / 総合判定確率: 0.125 / → ヒモはやや固め。上位2艇以外を切ること', 'tenji_trigger': '展示確認: 1号艇伸び良→そのまま採用。悪→飛び組に差し替え。circle_pct上位2艇に絞り込むこと。'}",,,27.1,逃げ狙い,14.03,29,2,,,,,0,0,0.7559,0,,逃げ軸流し,A
2025-05-09,丸亀,3,2,門田　栞,B1,39.60,2,▲,11.3587,31.1,60,44.1,0.1668,3.6765,,,0,低,76,0,-,666 26,0,97.9,1.9088,,,,,,0.2308,0.3077,0,,,B,,,0.2165,0.5145,,0.4793,S,100,0,◎1着固定 2-3着流し（5〜8点）,0.5777,"{'is_target': True, 'verdict': '点数絞り', 'max_combo_prob': 0.0852, 'est_top_odds': 15.6, 'circle_concentration': 72.0, 'eligible_count': 6, 'bet_adj': 0, 'reason': 'rel_win1=53.3%（本命度） / 最有力組み合わせ確率: 0.085（推定実オッズ?16倍） / 2着集中度: 上位2艇 72.0%（補正+0.04） / 総合判定確率: 0.125 / → ヒモはやや固め。上位2艇以外を切ること', 'tenji_trigger': '展示確認: 1号艇伸び良→そのまま採用。悪→飛び組に差し替え。circle_pct上位2艇に絞り込むこと。'}",,,27.1,逃げ狙い,14.03,29,2,,,,,,,,,,,
2025-05-09,丸亀,3,3,小野寺智,A2,36.73,3,○,13.1036,40.9,85,75,0.1383,2.5865,,,0,低,79,0,ま0%,433425,0,28.2,0.925,0,0,0.0455,0.0455,0,0.1217,0.0174,0.3096,,◎,C,△,,0.3734,0.6185,,0.4793,S,100,0,◎1着固定 2-3着流し（5〜8点）,0.5777,"{'is_target': True, 'verdict': '点数絞り', 'max_combo_prob': 0.0852, 'est_top_odds': 15.6, 'circle_concentration': 72.0, 'eligible_count': 6, 'bet_adj': 0, 'reason': 'rel_win1=53.3%（本命度） / 最有力組み合わせ確率: 0.085（推定実オッズ?16倍） / 2着集中度: 上位2艇 72.0%（補正+0.04） / 総合判定確率: 0.125 / → ヒモはやや固め。上位2艇以外を切ること', 'tenji_trigger': '展示確認: 1号艇伸び良→そのまま採用。悪→飛び組に差し替え。circle_pct上位2艇に絞り込むこと。'}",,,27.1,逃げ狙い,14.03,29,2,,,,,,,,,,,
2025-05-09,丸亀,3,4,宮武英司,B1,29.03,4,,11.0546,9.2,100,51,0.1514,3.2347,,,0,低,89,0,-,452 S4,0,84.8,1.6979,0,0,0,0.0476,0,0.4889,0.0222,0.0222,,,E,○,◎,0.302,0.658,0.3578,0.4793,S,100,0,◎1着固定 2-3着流し（5〜8点）,0.5777,"{'is_target': True, 'verdict': '点数絞り', 'max_combo_prob': 0.0852, 'est_top_odds': 15.6, 'circle_concentration': 72.0, 'eligible_count': 6, 'bet_adj': 0, 'reason': 'rel_win1=53.3%（本命度） / 最有力組み合わせ確率: 0.085（推定実オッズ?16倍） / 2着集中度: 上位2艇 72.0%（補正+0.04） / 総合判定確率: 0.125 / → ヒモはやや固め。上位2艇以外を切ること', 'tenji_trigger': '展示確認: 1号艇伸び良→そのまま採用。悪→飛び組に差し替え。circle_pct上位2艇に絞り込むこと。'}",,,27.1,逃げ狙い,14.03,29,2,,,,,,,,,,,
2025-05-09,丸亀,3,5,石井伸長,B1,33.77,5,,8.6036,18,48,44,0.1714,3.54,,,0,低,79,0,-,3 2636,0,39.4,0.9767,0,0,0.0286,0.0286,0,0,0.5,0.25,,,C,,,0.2344,0.5655,,0.4793,S,100,0,◎1着固定 2-3着流し（5〜8点）,0.5777,"{'is_target': True, 'verdict': '点数絞り', 'max_combo_prob': 0.0852, 'est_top_odds': 15.6, 'circle_concentration': 72.0, 'eligible_count': 6, 'bet_adj': 0, 'reason': 'rel_win1=53.3%（本命度） / 最有力組み合わせ確率: 0.085（推定実オッズ?16倍） / 2着集中度: 上位2艇 72.0%（補正+0.04） / 総合判定確率: 0.125 / → ヒモはやや固め。上位2艇以外を切ること', 'tenji_trigger': '展示確認: 1号艇伸び良→そのまま採用。悪→飛び組に差し替え。circle_pct上位2艇に絞り込むこと。'}",,,27.1,逃げ狙い,14.03,29,2,,,,,,,,,,,
2025-05-09,丸亀,3,6,福田雅一,A2,39.86,6,△,2.537,0.8,48,23.4,0.1806,4.0106,,,0,低,91,0,-,166 16,0,34.5,0.9606,,,,,,0.2,0.1,0.2,,,B,◎,,0.2344,0.66,,0.4793,S,100,0,◎1着固定 2-3着流し（5〜8点）,0.5777,"{'is_target': True, 'verdict': '点数絞り', 'max_combo_prob': 0.0852, 'est_top_odds': 15.6, 'circle_concentration': 72.0, 'eligible_count': 6, 'bet_adj': 0, 'reason': 'rel_win1=53.3%（本命度） / 最有力組み合わせ確率: 0.085（推定実オッズ?16倍） / 2着集中度: 上位2艇 72.0%（補正+0.04） / 総合判定確率: 0.125 / → ヒモはやや固め。上位2艇以外を切ること', 'tenji_trigger': '展示確認: 1号艇伸び良→そのまま採用。悪→飛び組に差し替え。circle_pct上位2艇に絞り込むこと。'}",,,27.1,逃げ狙い,14.03,29,2,,,,,,,,,,,
2025-05-09,丸亀,4,1,村越　篤,A2,49.65,1,◎,62.1751,,0,94.7,0.1692,3.625,,,0,低,142,0,逃1%,531 14,0,69.9,1.0922,0.6452,,,,,0.2516,0.0129,0.0774,◎,,A,○,,,0.667,,0.4641,S,98,0,◎1着固定 2-3着流し（5〜8点）,0.5777,"{'is_target': True, 'verdict': '点数絞り', 'max_combo_prob': 0.1114, 'est_top_odds': 12.0, 'circle_concentration': 71.0, 'eligible_count': 6, 'bet_adj': 0, 'reason': 'rel_win1=62.2%（本命度） / 最有力組み合わせ確率: 0.111（推定実オッズ?12倍） / 2着集中度: 上位2艇 71.0%（補正+0.04） / 総合判定確率: 0.151 / → ヒモはやや固め。上位2艇以外を切ること', 'tenji_trigger': '展示確認: 1号艇伸び良→そのまま採用。悪→飛び組に差し替え。circle_pct上位2艇に絞り込むこと。'}",,,28,逃げ狙い,14.04,31.4,3,,,,,0,0,0.7559,0,,逃げ軸流し,A
2025-05-09,丸亀,4,2,西原明生,B1,47.89,2,▲,8.3871,15,100,39.7,0.1997,4.6164,,,0,低,192,0,-,653 33,0,36.8,0.7584,,,,,,0.2571,0.2571,0.2762,,,B,△,,0.1152,0.641,,0.4641,S,98,0,◎1着固定 2-3着流し（5〜8点）,0.5777,"{'is_target': True, 'verdict': '点数絞り', 'max_combo_prob': 0.1114, 'est_top_odds': 12.0, 'circle_concentration': 71.0, 'eligible_count': 6, 'bet_adj': 0, 'reason': 'rel_win1=62.2%（本命度） / 最有力組み合わせ確率: 0.111（推定実オッズ?12倍） / 2着集中度: 上位2艇 71.0%（補正+0.04） / 総合判定確率: 0.151 / → ヒモはやや固め。上位2艇以外を切ること', 'tenji_trigger': '展示確認: 1号艇伸び良→そのまま採用。悪→飛び組に差し替え。circle_pct上位2艇に絞り込むこと。'}",,,28,逃げ狙い,14.04,31.4,3,,,,,,,,,,,
2025-05-09,丸亀,4,3,松尾夏海,A2,33.56,3,△,13.4463,43.7,55,51.8,0.1526,2.9444,,,0,低,45,0,-,53131,0,100,2.2883,0,0,0.0909,0,0,,,,,◎,E,◎,,0.3938,0.684,,0.4641,S,98,0,◎1着固定 2-3着流し（5〜8点）,0.5777,"{'is_target': True, 'verdict': '点数絞り', 'max_combo_prob': 0.1114, 'est_top_odds': 12.0, 'circle_concentration': 71.0, 'eligible_count': 6, 'bet_adj': 0, 'reason': 'rel_win1=62.2%（本命度） / 最有力組み合わせ確率: 0.111（推定実オッズ?12倍） / 2着集中度: 上位2艇 71.0%（補正+0.04） / 総合判定確率: 0.151 / → ヒモはやや固め。上位2艇以外を切ること', 'tenji_trigger': '展示確認: 1号艇伸び良→そのまま採用。悪→飛び組に差し替え。circle_pct上位2艇に絞り込むこと。'}",,,28,逃げ狙い,14.04,31.4,3,,,,,,,,,,,
2025-05-09,丸亀,4,4,塩田雄一,B1,34.42,4,,8.0056,27.3,62,35.9,0.1988,3.5859,,,0,低,147,0,-,2 655,0,27.8,0.8264,0,0,0.04,0.04,0.04,0.4143,0.0952,0.2071,,,D,,◎,0.174,0.5565,0.1499,0.4641,S,98,0,◎1着固定 2-3着流し（5〜8点）,0.5777,"{'is_target': True, 'verdict': '点数絞り', 'max_combo_prob': 0.1114, 'est_top_odds': 12.0, 'circle_concentration': 71.0, 'eligible_count': 6, 'bet_adj': 0, 'reason': 'rel_win1=62.2%（本命度） / 最有力組み合わせ確率: 0.111（推定実オッズ?12倍） / 2着集中度: 上位2艇 71.0%（補正+0.04） / 総合判定確率: 0.151 / → ヒモはやや固め。上位2艇以外を切ること', 'tenji_trigger': '展示確認: 1号艇伸び良→そのまま採用。悪→飛び組に差し替え。circle_pct上位2艇に絞り込むこと。'}",,,28,逃げ狙い,14.04,31.4,3,,,,,,,,,,,
2025-05-09,丸亀,4,5,下田哲也,B1,42.47,5,○,6.9094,9.3,51,27.3,0.1631,3.9091,,,0,低,104,0,-,5 135,0,23.4,0.8283,,,,,,0.3333,0.1667,0.25,,,C,,,0.3344,0.615,,0.4641,S,98,0,◎1着固定 2-3着流し（5〜8点）,0.5777,"{'is_target': True, 'verdict': '点数絞り', 'max_combo_prob': 0.1114, 'est_top_odds': 12.0, 'circle_concentration': 71.0, 'eligible_count': 6, 'bet_adj': 0, 'reason': 'rel_win1=62.2%（本命度） / 最有力組み合わせ確率: 0.111（推定実オッズ?12倍） / 2着集中度: 上位2艇 71.0%（補正+0.04） / 総合判定確率: 0.151 / → ヒモはやや固め。上位2艇以外を切ること', 'tenji_trigger': '展示確認: 1号艇伸び良→そのまま採用。悪→飛び組に差し替え。circle_pct上位2艇に絞り込むこと。'}",,,28,逃げ狙い,14.04,31.4,3,,,,,,,,,,,
2025-05-09,丸亀,4,6,山本景士,B1,41.03,6,,1.0764,4.7,31,12.1,0.1793,4.319,,,0,低,147,0,-,16F 5,0,25.3,0.6528,,,,,,0.1091,0.2909,0.0182,,,C,△,,0.2798,0.6505,,0.4641,S,98,0,◎1着固定 2-3着流し（5〜8点）,0.5777,"{'is_target': True, 'verdict': '点数絞り', 'max_combo_prob': 0.1114, 'est_top_odds': 12.0, 'circle_concentration': 71.0, 'eligible_count': 6, 'bet_adj': 0, 'reason': 'rel_win1=62.2%（本命度） / 最有力組み合わせ確率: 0.111（推定実オッズ?12倍） / 2着集中度: 上位2艇 71.0%（補正+0.04） / 総合判定確率: 0.151 / → ヒモはやや固め。上位2艇以外を切ること', 'tenji_trigger': '展示確認: 1号艇伸び良→そのまま採用。悪→飛び組に差し替え。circle_pct上位2艇に絞り込むこと。'}",,,28,逃げ狙い,14.04,31.4,3,,,,,,,,,,,
2025-05-09,丸亀,5,1,中岡正彦,A2,44.59,1,◎,55.7816,,0,93.3,0.1175,2.4083,,,0,低,42,0,逃1%,422 22,0,67.8,1.075,0.7647,,,,,0.1103,0,0.0588,◎,,A,◎,,,0.649,,0.7314,S,100,0,◎1着固定 2-3着流し（5〜8点）,0.5777,"{'is_target': True, 'verdict': '参加推奨', 'max_combo_prob': 0.0991, 'est_top_odds': 13.5, 'circle_concentration': 69.5, 'eligible_count': 6, 'bet_adj': 2, 'reason': 'rel_win1=55.8%（本命度） / 最有力組み合わせ確率: 0.099（推定実オッズ?14倍） / 2着集中度: 上位2艇 69.5%（補正+0.00） / 総合判定確率: 0.099 / → ヒモ分散。1号艇1着固定で広めのヒモ流し推奨（買い目+2点）', 'tenji_trigger': '展示確認: ヒモ分散レース。1号艇伸び確認後、広めのヒモ流しを採用。穴ヒモ（5・6号艇）を積極的に含める。\n展示で1号艇スタート超安定(0.117秒)→ヒモ固まり方向に注意'}",,,26.3,逃げ狙い,16.86,24.2,3,,,,,0,0,0.7559,0,,逃げ軸流し,A
2025-05-09,丸亀,5,2,嶋田貴支,B1,33.80,2,△,10.2577,16.1,100,47.6,0.1687,3.881,,,0,低,134,0,-,244 14,0,36.3,1.0167,0,0.037,0.0741,0,0,0.0174,0.0522,0.1174,,,C,△,,0.0615,0.6045,,0.7314,S,100,0,◎1着固定 2-3着流し（5〜8点）,0.5777,"{'is_target': True, 'verdict': '参加推奨', 'max_combo_prob': 0.0991, 'est_top_odds': 13.5, 'circle_concentration': 69.5, 'eligible_count': 6, 'bet_adj': 2, 'reason': 'rel_win1=55.8%（本命度） / 最有力組み合わせ確率: 0.099（推定実オッズ?14倍） / 2着集中度: 上位2艇 69.5%（補正+0.00） / 総合判定確率: 0.099 / → ヒモ分散。1号艇1着固定で広めのヒモ流し推奨（買い目+2点）', 'tenji_trigger': '展示確認: ヒモ分散レース。1号艇伸び確認後、広めのヒモ流しを採用。穴ヒモ（5・6号艇）を積極的に含める。\n展示で1号艇スタート超安定(0.117秒)→ヒモ固まり方向に注意'}",,,26.3,逃げ狙い,16.86,24.2,3,,,,,,,,,,,
2025-05-09,丸亀,5,3,川原祐明,A2,37.74,3,○,15.7899,48.3,60,74,0.153,3.17,,,0,低,110,0,差ま0%,1 1442,0,51.7,0.9352,0,0,0,0.2593,0,0.0276,0.1014,0.0138,,,C,△,,0.1729,0.6185,,0.7314,S,100,0,◎1着固定 2-3着流し（5〜8点）,0.5777,"{'is_target': True, 'verdict': '参加推奨', 'max_combo_prob': 0.0991, 'est_top_odds': 13.5, 'circle_concentration': 69.5, 'eligible_count': 6, 'bet_adj': 2, 'reason': 'rel_win1=55.8%（本命度） / 最有力組み合わせ確率: 0.099（推定実オッズ?14倍） / 2着集中度: 上位2艇 69.5%（補正+0.00） / 総合判定確率: 0.099 / → ヒモ分散。1号艇1着固定で広めのヒモ流し推奨（買い目+2点）', 'tenji_trigger': '展示確認: ヒモ分散レース。1号艇伸び確認後、広めのヒモ流しを採用。穴ヒモ（5・6号艇）を積極的に含める。\n展示で1号艇スタート超安定(0.117秒)→ヒモ固まり方向に注意'}",,,26.3,逃げ狙い,16.86,24.2,3,,,,,,,,,,,
2025-05-09,丸亀,5,4,木村光宏,B1,28.30,4,,7.7189,21.2,55,37.5,0.1783,3.7604,,,0,低,99,0,ま0%,562 66,0,27.9,0.8377,0,0,0.0769,0.0385,0,0.3952,0.3571,0.0571,,,E,○,,0.115,0.6335,,0.7314,S,100,0,◎1着固定 2-3着流し（5〜8点）,0.5777,"{'is_target': True, 'verdict': '参加推奨', 'max_combo_prob': 0.0991, 'est_top_odds': 13.5, 'circle_concentration': 69.5, 'eligible_count': 6, 'bet_adj': 2, 'reason': 'rel_win1=55.8%（本命度） / 最有力組み合わせ確率: 0.099（推定実オッズ?14倍） / 2着集中度: 上位2艇 69.5%（補正+0.00） / 総合判定確率: 0.099 / → ヒモ分散。1号艇1着固定で広めのヒモ流し推奨（買い目+2点）', 'tenji_trigger': '展示確認: ヒモ分散レース。1号艇伸び確認後、広めのヒモ流しを採用。穴ヒモ（5・6号艇）を積極的に含める。\n展示で1号艇スタート超安定(0.117秒)→ヒモ固まり方向に注意'}",,,26.3,逃げ狙い,16.86,24.2,3,,,,,,,,,,,
2025-05-09,丸亀,5,5,松下知幸,B1,33.76,5,,5.4824,6.1,61,23.1,0.1932,4.1987,,,0,低,152,0,-,265 65,0,29.1,1.2498,0,0.0278,0.0278,0,0,0.2152,0.1581,0.1962,,,D,,,0.1067,0.5965,,0.7314,S,100,0,◎1着固定 2-3着流し（5〜8点）,0.5777,"{'is_target': True, 'verdict': '参加推奨', 'max_combo_prob': 0.0991, 'est_top_odds': 13.5, 'circle_concentration': 69.5, 'eligible_count': 6, 'bet_adj': 2, 'reason': 'rel_win1=55.8%（本命度） / 最有力組み合わせ確率: 0.099（推定実オッズ?14倍） / 2着集中度: 上位2艇 69.5%（補正+0.00） / 総合判定確率: 0.099 / → ヒモ分散。1号艇1着固定で広めのヒモ流し推奨（買い目+2点）', 'tenji_trigger': '展示確認: ヒモ分散レース。1号艇伸び確認後、広めのヒモ流しを採用。穴ヒモ（5・6号艇）を積極的に含める。\n展示で1号艇スタート超安定(0.117秒)→ヒモ固まり方向に注意'}",,,26.3,逃げ狙い,16.86,24.2,3,,,,,,,,,,,
2025-05-09,丸亀,5,6,妻鳥晋也,B1,38.67,6,▲,4.9696,8.3,56,35.7,0.1767,4.1548,,,0,低,151,0,-,2 553,0,100,2.4017,0,0,0,0.0588,0.0588,0.25,0.21,0.23,,,B,,,0.1141,0.601,,0.7314,S,100,0,◎1着固定 2-3着流し（5〜8点）,0.5777,"{'is_target': True, 'verdict': '参加推奨', 'max_combo_prob': 0.0991, 'est_top_odds': 13.5, 'circle_concentration': 69.5, 'eligible_count': 6, 'bet_adj': 2, 'reason': 'rel_win1=55.8%（本命度） / 最有力組み合わせ確率: 0.099（推定実オッズ?14倍） / 2着集中度: 上位2艇 69.5%（補正+0.00） / 総合判定確率: 0.099 / → ヒモ分散。1号艇1着固定で広めのヒモ流し推奨（買い目+2点）', 'tenji_trigger': '展示確認: ヒモ分散レース。1号艇伸び確認後、広めのヒモ流しを採用。穴ヒモ（5・6号艇）を積極的に含める。\n展示で1号艇スタート超安定(0.117秒)→ヒモ固まり方向に注意'}",,,26.3,逃げ狙い,16.86,24.2,3,,,,,,,,,,,
2025-05-09,丸亀,6,1,濱野斗馬,A2,35.38,1,◎,60.921,,0,94.4,0.118,1.9907,,,0,低,40,0,逃1%,3 3613,0,70.7,1.0787,0.7419,,,,,0.0968,0,0.0323,◎,,C,◎,,,0.638,,0.7692,S,100,0,◎1着固定 2-3着流し（5〜8点）,0.5777,"{'is_target': True, 'verdict': '参加推奨', 'max_combo_prob': 0.0656, 'est_top_odds': 20.3, 'circle_concentration': 58.6, 'eligible_count': 6, 'bet_adj': 2, 'reason': 'rel_win1=60.9%（本命度） / 最有力組み合わせ確率: 0.066（推定実オッズ?20倍） / 2着集中度: 上位2艇 58.6%（補正+0.00） / 総合判定確率: 0.066 / → ヒモ分散。1号艇1着固定で広めのヒモ流し推奨（買い目+2点）', 'tenji_trigger': '展示確認: ヒモ分散レース。1号艇伸び確認後、広めのヒモ流しを採用。穴ヒモ（5・6号艇）を積極的に含める。\n展示で1号艇スタート超安定(0.118秒)→ヒモ固まり方向に注意'}",,,26.3,逃げ狙い,17.85,23.5,3,,,,,0,0,0.7559,0,,逃げ軸流し,A
2025-05-09,丸亀,6,2,三嶌ここ,B1,40.74,2,△,8.4239,29,96,37.5,0.1694,4.3125,,,0,低,114,0,-,3 546,0,73.4,1.5459,,,,,,0.0571,0.0571,0.3143,,,B,,,0.0775,0.553,,0.7692,S,100,0,◎1着固定 2-3着流し（5〜8点）,0.5777,"{'is_target': True, 'verdict': '参加推奨', 'max_combo_prob': 0.0656, 'est_top_odds': 20.3, 'circle_concentration': 58.6, 'eligible_count': 6, 'bet_adj': 2, 'reason': 'rel_win1=60.9%（本命度） / 最有力組み合わせ確率: 0.066（推定実オッズ?20倍） / 2着集中度: 上位2艇 58.6%（補正+0.00） / 総合判定確率: 0.066 / → ヒモ分散。1号艇1着固定で広めのヒモ流し推奨（買い目+2点）', 'tenji_trigger': '展示確認: ヒモ分散レース。1号艇伸び確認後、広めのヒモ流しを採用。穴ヒモ（5・6号艇）を積極的に含める。\n展示で1号艇スタート超安定(0.118秒)→ヒモ固まり方向に注意'}",,,26.3,逃げ狙い,17.85,23.5,3,,,,,,,,,,,
2025-05-09,丸亀,6,3,重成一人,A1,40.43,3,○,19.4769,29.7,100,71.9,0.1441,3.0156,,,0,低,51,0,-,25522,0,57,1.3631,0,0,0,0.2778,0,0.0533,0.2533,0.0133,,,C,○,,0.2201,0.6315,,0.7692,S,100,0,◎1着固定 2-3着流し（5〜8点）,0.5777,"{'is_target': True, 'verdict': '参加推奨', 'max_combo_prob': 0.0656, 'est_top_odds': 20.3, 'circle_concentration': 58.6, 'eligible_count': 6, 'bet_adj': 2, 'reason': 'rel_win1=60.9%（本命度） / 最有力組み合わせ確率: 0.066（推定実オッズ?20倍） / 2着集中度: 上位2艇 58.6%（補正+0.00） / 総合判定確率: 0.066 / → ヒモ分散。1号艇1着固定で広めのヒモ流し推奨（買い目+2点）', 'tenji_trigger': '展示確認: ヒモ分散レース。1号艇伸び確認後、広めのヒモ流しを採用。穴ヒモ（5・6号艇）を積極的に含める。\n展示で1号艇スタート超安定(0.118秒)→ヒモ固まり方向に注意'}",,,26.3,逃げ狙い,17.85,23.5,3,,,,,,,,,,,
2025-05-09,丸亀,6,4,平高奈菜,A1,30.32,4,,5.7729,27,98,64.3,0.1775,3.9286,,,0,低,46,0,-,1S4311,0,98.7,0.7113,0,0.0909,0,0,0,0.2,0,0.1333,,,E,△,,0.1099,0.6215,,0.7692,S,100,0,◎1着固定 2-3着流し（5〜8点）,0.5777,"{'is_target': True, 'verdict': '参加推奨', 'max_combo_prob': 0.0656, 'est_top_odds': 20.3, 'circle_concentration': 58.6, 'eligible_count': 6, 'bet_adj': 2, 'reason': 'rel_win1=60.9%（本命度） / 最有力組み合わせ確率: 0.066（推定実オッズ?20倍） / 2着集中度: 上位2艇 58.6%（補正+0.00） / 総合判定確率: 0.066 / → ヒモ分散。1号艇1着固定で広めのヒモ流し推奨（買い目+2点）', 'tenji_trigger': '展示確認: ヒモ分散レース。1号艇伸び確認後、広めのヒモ流しを採用。穴ヒモ（5・6号艇）を積極的に含める。\n展示で1号艇スタート超安定(0.118秒)→ヒモ固まり方向に注意'}",,,26.3,逃げ狙い,17.85,23.5,3,,,,,,,,,,,
2025-05-09,丸亀,6,5,村岡　賢,B1,41.61,5,▲,4.4704,12.3,55,29.7,0.1669,3.8176,,,0,低,137,0,-,6 464,0,45.7,1.0269,,,,,,0.0571,0.2343,0.0762,,,B,△,,0.1569,0.6265,,0.7692,S,100,0,◎1着固定 2-3着流し（5〜8点）,0.5777,"{'is_target': True, 'verdict': '参加推奨', 'max_combo_prob': 0.0656, 'est_top_odds': 20.3, 'circle_concentration': 58.6, 'eligible_count': 6, 'bet_adj': 2, 'reason': 'rel_win1=60.9%（本命度） / 最有力組み合わせ確率: 0.066（推定実オッズ?20倍） / 2着集中度: 上位2艇 58.6%（補正+0.00） / 総合判定確率: 0.066 / → ヒモ分散。1号艇1着固定で広めのヒモ流し推奨（買い目+2点）', 'tenji_trigger': '展示確認: ヒモ分散レース。1号艇伸び確認後、広めのヒモ流しを採用。穴ヒモ（5・6号艇）を積極的に含める。\n展示で1号艇スタート超安定(0.118秒)→ヒモ固まり方向に注意'}",,,26.3,逃げ狙い,17.85,23.5,3,,,,,,,,,,,
2025-05-09,丸亀,6,6,中岡　駿,B2,32.89,6,,0.9349,2.1,21,6.2,0.2055,4.3615,,,0,低,40,0,-,5 6 56,0,30.8,2.1767,,,,,,,,,,,D,,,0.135,0.482,,0.7692,S,100,0,◎1着固定 2-3着流し（5〜8点）,0.5777,"{'is_target': True, 'verdict': '参加推奨', 'max_combo_prob': 0.0656, 'est_top_odds': 20.3, 'circle_concentration': 58.6, 'eligible_count': 6, 'bet_adj': 2, 'reason': 'rel_win1=60.9%（本命度） / 最有力組み合わせ確率: 0.066（推定実オッズ?20倍） / 2着集中度: 上位2艇 58.6%（補正+0.00） / 総合判定確率: 0.066 / → ヒモ分散。1号艇1着固定で広めのヒモ流し推奨（買い目+2点）', 'tenji_trigger': '展示確認: ヒモ分散レース。1号艇伸び確認後、広めのヒモ流しを採用。穴ヒモ（5・6号艇）を積極的に含める。\n展示で1号艇スタート超安定(0.118秒)→ヒモ固まり方向に注意'}",,,26.3,逃げ狙い,17.85,23.5,3,,,,,,,,,,,
2025-05-09,丸亀,7,1,松尾　祭,A2,45.03,1,◎,58.2039,,0,87.2,0.1624,3.1218,,,0,低,144,0,逃0% 抜0%,33225,0,60.3,1.0482,0.5135,,,,,0.1086,0.0654,0.2501,◎,,A,△,,,0.6215,,0.4616,S,81,0,◎1着固定 2-3着流し（5〜8点）,0.5777,"{'is_target': True, 'verdict': '点数絞り', 'max_combo_prob': 0.1267, 'est_top_odds': 10.5, 'circle_concentration': 80.1, 'eligible_count': 6, 'bet_adj': 0, 'reason': 'rel_win1=58.2%（本命度） / 最有力組み合わせ確率: 0.127（推定実オッズ?10倍） / 2着集中度: 上位2艇 80.1%（補正+0.04） / 総合判定確率: 0.167 / → ヒモはやや固め。上位2艇以外を切ること', 'tenji_trigger': '展示確認: 1号艇伸び良→そのまま採用。悪→飛び組に差し替え。circle_pct上位2艇に絞り込むこと。'}",,,28.5,逃げ狙い,16.91,30.4,2,,,,,0,0,0.7559,0,,逃げ軸流し,A
2025-05-09,丸亀,7,2,中村晃朋,A1,31.51,2,▲,23.3069,59.9,76,90.9,0.1591,3.1818,,,0,低,56,0,抜0%,41111,0,32.5,1.0169,0,0.1875,0.125,0,0.0625,0.1745,0,0.1564,,○,D,◎,,0.3913,0.678,,0.4616,S,81,0,◎1着固定 2-3着流し（5〜8点）,0.5777,"{'is_target': True, 'verdict': '点数絞り', 'max_combo_prob': 0.1267, 'est_top_odds': 10.5, 'circle_concentration': 80.1, 'eligible_count': 6, 'bet_adj': 0, 'reason': 'rel_win1=58.2%（本命度） / 最有力組み合わせ確率: 0.127（推定実オッズ?10倍） / 2着集中度: 上位2艇 80.1%（補正+0.04） / 総合判定確率: 0.167 / → ヒモはやや固め。上位2艇以外を切ること', 'tenji_trigger': '展示確認: 1号艇伸び良→そのまま採用。悪→飛び組に差し替え。circle_pct上位2艇に絞り込むこと。'}",,,28.5,逃げ狙い,16.91,30.4,2,,,,,,,,,,,
2025-05-09,丸亀,7,3,宮武英司,B1,29.03,3,,5.8102,20.3,81,50,0.1588,3.4833,,,0,低,89,0,-,452 S4,0,48.9,1.2598,0,0,0.0357,0,0,0.4889,0.0222,0.0222,,,D,○,,0.3076,0.658,,0.4616,S,81,0,◎1着固定 2-3着流し（5〜8点）,0.5777,"{'is_target': True, 'verdict': '点数絞り', 'max_combo_prob': 0.1267, 'est_top_odds': 10.5, 'circle_concentration': 80.1, 'eligible_count': 6, 'bet_adj': 0, 'reason': 'rel_win1=58.2%（本命度） / 最有力組み合わせ確率: 0.127（推定実オッズ?10倍） / 2着集中度: 上位2艇 80.1%（補正+0.04） / 総合判定確率: 0.167 / → ヒモはやや固め。上位2艇以外を切ること', 'tenji_trigger': '展示確認: 1号艇伸び良→そのまま採用。悪→飛び組に差し替え。circle_pct上位2艇に絞り込むこと。'}",,,28.5,逃げ狙い,16.91,30.4,2,,,,,,,,,,,
2025-05-09,丸亀,7,4,越智照浩,B1,27.33,4,,5.2555,2.7,100,35.2,0.1756,3.8796,,,0,低,133,0,-,343 44,0,100,3.7017,,,,,,0.2,0.35,0.05,,,E,,,0.2723,0.563,,0.4616,S,81,0,◎1着固定 2-3着流し（5〜8点）,0.5777,"{'is_target': True, 'verdict': '点数絞り', 'max_combo_prob': 0.1267, 'est_top_odds': 10.5, 'circle_concentration': 80.1, 'eligible_count': 6, 'bet_adj': 0, 'reason': 'rel_win1=58.2%（本命度） / 最有力組み合わせ確率: 0.127（推定実オッズ?10倍） / 2着集中度: 上位2艇 80.1%（補正+0.04） / 総合判定確率: 0.167 / → ヒモはやや固め。上位2艇以外を切ること', 'tenji_trigger': '展示確認: 1号艇伸び良→そのまま採用。悪→飛び組に差し替え。circle_pct上位2艇に絞り込むこと。'}",,,28.5,逃げ狙い,16.91,30.4,2,,,,,,,,,,,
2025-05-09,丸亀,7,5,中越博紀,A2,36.81,5,△,6.2849,16.1,67,50.8,0.1544,3.4524,,,0,低,130,0,-,5 2625,0,43.1,1.2081,0,0,0,0.0385,0,0.0296,0.3593,0.0593,,,C,△,,0.3149,0.6195,,0.4616,S,81,0,◎1着固定 2-3着流し（5〜8点）,0.5777,"{'is_target': True, 'verdict': '点数絞り', 'max_combo_prob': 0.1267, 'est_top_odds': 10.5, 'circle_concentration': 80.1, 'eligible_count': 6, 'bet_adj': 0, 'reason': 'rel_win1=58.2%（本命度） / 最有力組み合わせ確率: 0.127（推定実オッズ?10倍） / 2着集中度: 上位2艇 80.1%（補正+0.04） / 総合判定確率: 0.167 / → ヒモはやや固め。上位2艇以外を切ること', 'tenji_trigger': '展示確認: 1号艇伸び良→そのまま採用。悪→飛び組に差し替え。circle_pct上位2艇に絞り込むこと。'}",,,28.5,逃げ狙い,16.91,30.4,2,,,,,,,,,,,
2025-05-09,丸亀,7,6,大西隆洋,B1,39.86,6,○,1.1387,1.1,27,15.2,0.1359,2.8696,,,0,低,103,0,-,2 452,0,69.7,1.6422,,,,,,0.3077,0.0769,0.3077,,◎,B,,,0.4079,0.6055,,0.4616,S,81,0,◎1着固定 2-3着流し（5〜8点）,0.5777,"{'is_target': True, 'verdict': '点数絞り', 'max_combo_prob': 0.1267, 'est_top_odds': 10.5, 'circle_concentration': 80.1, 'eligible_count': 6, 'bet_adj': 0, 'reason': 'rel_win1=58.2%（本命度） / 最有力組み合わせ確率: 0.127（推定実オッズ?10倍） / 2着集中度: 上位2艇 80.1%（補正+0.04） / 総合判定確率: 0.167 / → ヒモはやや固め。上位2艇以外を切ること', 'tenji_trigger': '展示確認: 1号艇伸び良→そのまま採用。悪→飛び組に差し替え。circle_pct上位2艇に絞り込むこと。'}",,,28.5,逃げ狙い,16.91,30.4,2,,,,,,,,,,,
2025-05-09,丸亀,8,1,木谷賢太,A1,32.26,1,◎,66.7879,,0,90,0.1334,2.6357,,,0,低,107,0,逃1%,134 12,0,86.9,1.106,0.7429,,,,,0.0343,0.0114,0.1957,◎,,D,◎,,,0.663,,0.6063,S,86,0,◎1着固定 2-3着流し（5〜8点）,0.5777,"{'is_target': True, 'verdict': '点数絞り', 'max_combo_prob': 0.1004, 'est_top_odds': 13.3, 'circle_concentration': 71.3, 'eligible_count': 6, 'bet_adj': 0, 'reason': 'rel_win1=66.8%（本命度） / 最有力組み合わせ確率: 0.100（推定実オッズ?13倍） / 2着集中度: 上位2艇 71.3%（補正+0.04） / 総合判定確率: 0.140 / → ヒモはやや固め。上位2艇以外を切ること', 'tenji_trigger': '展示確認: 1号艇伸び良→そのまま採用。悪→飛び組に差し替え。circle_pct上位2艇に絞り込むこと。\n展示で1号艇スタート超安定(0.133秒)→ヒモ固まり方向に注意'}",,,25.1,逃げ狙い,11.88,25.1,2,,,,,0,0,0.7559,0,,逃げ軸流し,A
2025-05-09,丸亀,8,2,福田雅一,A2,39.86,2,○,15.2977,42.4,100,74.6,0.1429,3.1909,,,0,低,91,0,差0%,166 16,0,52.7,0.9305,0,0.0833,0.0417,0,0.0417,0.2,0.1,0.2,,,B,○,,0.2217,0.66,,0.6063,S,86,0,◎1着固定 2-3着流し（5〜8点）,0.5777,"{'is_target': True, 'verdict': '点数絞り', 'max_combo_prob': 0.1004, 'est_top_odds': 13.3, 'circle_concentration': 71.3, 'eligible_count': 6, 'bet_adj': 0, 'reason': 'rel_win1=66.8%（本命度） / 最有力組み合わせ確率: 0.100（推定実オッズ?13倍） / 2着集中度: 上位2艇 71.3%（補正+0.04） / 総合判定確率: 0.140 / → ヒモはやや固め。上位2艇以外を切ること', 'tenji_trigger': '展示確認: 1号艇伸び良→そのまま採用。悪→飛び組に差し替え。circle_pct上位2艇に絞り込むこと。\n展示で1号艇スタート超安定(0.133秒)→ヒモ固まり方向に注意'}",,,25.1,逃げ狙い,11.88,25.1,2,,,,,,,,,,,
2025-05-09,丸亀,8,3,塩田雄一,B1,34.42,3,,5.6074,28.8,73,50.8,0.1792,3.8077,,,0,低,147,0,-,2 655,0,44.7,1.0994,0,0,0.0455,0,0,0.4143,0.0952,0.2071,,,C,,,0.1091,0.5565,,0.6063,S,86,0,◎1着固定 2-3着流し（5〜8点）,0.5777,"{'is_target': True, 'verdict': '点数絞り', 'max_combo_prob': 0.1004, 'est_top_odds': 13.3, 'circle_concentration': 71.3, 'eligible_count': 6, 'bet_adj': 0, 'reason': 'rel_win1=66.8%（本命度） / 最有力組み合わせ確率: 0.100（推定実オッズ?13倍） / 2着集中度: 上位2艇 71.3%（補正+0.04） / 総合判定確率: 0.140 / → ヒモはやや固め。上位2艇以外を切ること', 'tenji_trigger': '展示確認: 1号艇伸び良→そのまま採用。悪→飛び組に差し替え。circle_pct上位2艇に絞り込むこと。\n展示で1号艇スタート超安定(0.133秒)→ヒモ固まり方向に注意'}",,,25.1,逃げ狙い,11.88,25.1,2,,,,,,,,,,,
2025-05-09,丸亀,8,4,小野寺智,A2,36.73,4,▲,8.5073,20.2,91,57.7,0.1388,3.0096,,,0,低,79,0,差ま0%,433425,0,79,1.3945,0,0,0.0476,0.0952,0,0.1217,0.0174,0.3096,,,C,△,◎,0.2798,0.6185,0.463,0.6063,S,86,0,◎1着固定 2-3着流し（5〜8点）,0.5777,"{'is_target': True, 'verdict': '点数絞り', 'max_combo_prob': 0.1004, 'est_top_odds': 13.3, 'circle_concentration': 71.3, 'eligible_count': 6, 'bet_adj': 0, 'reason': 'rel_win1=66.8%（本命度） / 最有力組み合わせ確率: 0.100（推定実オッズ?13倍） / 2着集中度: 上位2艇 71.3%（補正+0.04） / 総合判定確率: 0.140 / → ヒモはやや固め。上位2艇以外を切ること', 'tenji_trigger': '展示確認: 1号艇伸び良→そのまま採用。悪→飛び組に差し替え。circle_pct上位2艇に絞り込むこと。\n展示で1号艇スタート超安定(0.133秒)→ヒモ固まり方向に注意'}",,,25.1,逃げ狙い,11.88,25.1,2,,,,,,,,,,,
2025-05-09,丸亀,8,5,西原明生,B1,47.89,5,△,2.7645,6.9,80,35.8,0.1886,3.9877,,,0,低,192,0,-,653 33,0,42.7,1.0507,0,0,0.0286,0,0,0.2571,0.2571,0.2762,,,A,△,,0.106,0.641,,0.6063,S,86,0,◎1着固定 2-3着流し（5〜8点）,0.5777,"{'is_target': True, 'verdict': '点数絞り', 'max_combo_prob': 0.1004, 'est_top_odds': 13.3, 'circle_concentration': 71.3, 'eligible_count': 6, 'bet_adj': 0, 'reason': 'rel_win1=66.8%（本命度） / 最有力組み合わせ確率: 0.100（推定実オッズ?13倍） / 2着集中度: 上位2艇 71.3%（補正+0.04） / 総合判定確率: 0.140 / → ヒモはやや固め。上位2艇以外を切ること', 'tenji_trigger': '展示確認: 1号艇伸び良→そのまま採用。悪→飛び組に差し替え。circle_pct上位2艇に絞り込むこと。\n展示で1号艇スタート超安定(0.133秒)→ヒモ固まり方向に注意'}",,,25.1,逃げ狙い,11.88,25.1,2,,,,,,,,,,,
2025-05-09,丸亀,8,6,三嶌さら,B2,28.48,6,,1.0352,1.6,13,3,0.1863,4.0152,,,0,低,82,0,-,456 56,0,27.4,0.6261,,,,,,0,0.25,0,,,E,,,0.1455,0.576,,0.6063,S,86,0,◎1着固定 2-3着流し（5〜8点）,0.5777,"{'is_target': True, 'verdict': '点数絞り', 'max_combo_prob': 0.1004, 'est_top_odds': 13.3, 'circle_concentration': 71.3, 'eligible_count': 6, 'bet_adj': 0, 'reason': 'rel_win1=66.8%（本命度） / 最有力組み合わせ確率: 0.100（推定実オッズ?13倍） / 2着集中度: 上位2艇 71.3%（補正+0.04） / 総合判定確率: 0.140 / → ヒモはやや固め。上位2艇以外を切ること', 'tenji_trigger': '展示確認: 1号艇伸び良→そのまま採用。悪→飛び組に差し替え。circle_pct上位2艇に絞り込むこと。\n展示で1号艇スタート超安定(0.133秒)→ヒモ固まり方向に注意'}",,,25.1,逃げ狙い,11.88,25.1,2,,,,,,,,,,,
2025-05-09,丸亀,9,1,松尾夏海,A2,33.56,1,◎,63.2151,,0,88.2,0.1676,3.0441,,,0,低,45,0,逃1%,53131,0,87.9,1.1547,1,,,,,,,,◎,,D,◎,,,0.684,,0.5075,S,100,0,◎1着固定 2-3着流し（5〜8点）,0.5777,"{'is_target': True, 'verdict': '参加推奨', 'max_combo_prob': 0.0831, 'est_top_odds': 16.0, 'circle_concentration': 69.2, 'eligible_count': 6, 'bet_adj': 2, 'reason': 'rel_win1=63.2%（本命度） / 最有力組み合わせ確率: 0.083（推定実オッズ?16倍） / 2着集中度: 上位2艇 69.2%（補正+0.00） / 総合判定確率: 0.083 / → ヒモ分散。1号艇1着固定で広めのヒモ流し推奨（買い目+2点）', 'tenji_trigger': '展示確認: ヒモ分散レース。1号艇伸び確認後、広めのヒモ流しを採用。穴ヒモ（5・6号艇）を積極的に含める。'}",,,24.3,逃げ狙い,12.98,21.9,2,,,,,0,0,0.7559,0,,逃げ軸流し,A
2025-05-09,丸亀,9,2,山田理央,A2,26.90,2,,10.263,43.8,61,55.3,0.1476,3.2632,,,0,低,62,0,-,4 5636,0,58.6,1.1978,0,0.0833,0,0,0,0.0444,0.1444,0.0222,,◎,E,,,0.5181,0.6,,0.5075,S,100,0,◎1着固定 2-3着流し（5〜8点）,0.5777,"{'is_target': True, 'verdict': '参加推奨', 'max_combo_prob': 0.0831, 'est_top_odds': 16.0, 'circle_concentration': 69.2, 'eligible_count': 6, 'bet_adj': 2, 'reason': 'rel_win1=63.2%（本命度） / 最有力組み合わせ確率: 0.083（推定実オッズ?16倍） / 2着集中度: 上位2艇 69.2%（補正+0.00） / 総合判定確率: 0.083 / → ヒモ分散。1号艇1着固定で広めのヒモ流し推奨（買い目+2点）', 'tenji_trigger': '展示確認: ヒモ分散レース。1号艇伸び確認後、広めのヒモ流しを採用。穴ヒモ（5・6号艇）を積極的に含める。'}",,,24.3,逃げ狙い,12.98,21.9,2,,,,,,,,,,,
2025-05-09,丸亀,9,3,門田　栞,B1,39.60,3,○,9.0849,25.4,87,59.5,0.1586,3.5946,,,0,低,76,0,-,666 26,0,27.8,0.9038,0,0.0526,0,0.0526,0,0.2308,0.3077,0,,,B,,,0.3339,0.5145,,0.5075,S,100,0,◎1着固定 2-3着流し（5〜8点）,0.5777,"{'is_target': True, 'verdict': '参加推奨', 'max_combo_prob': 0.0831, 'est_top_odds': 16.0, 'circle_concentration': 69.2, 'eligible_count': 6, 'bet_adj': 2, 'reason': 'rel_win1=63.2%（本命度） / 最有力組み合わせ確率: 0.083（推定実オッズ?16倍） / 2着集中度: 上位2艇 69.2%（補正+0.00） / 総合判定確率: 0.083 / → ヒモ分散。1号艇1着固定で広めのヒモ流し推奨（買い目+2点）', 'tenji_trigger': '展示確認: ヒモ分散レース。1号艇伸び確認後、広めのヒモ流しを採用。穴ヒモ（5・6号艇）を積極的に含める。'}",,,24.3,逃げ狙い,12.98,21.9,2,,,,,,,,,,,
2025-05-09,丸亀,9,4,妻鳥晋也,B1,38.67,4,▲,5.7915,21.2,70,52.5,0.1792,3.8983,,,0,低,151,0,-,2 553,0,66.4,1.3023,0,0,0,0.069,0.0345,0.25,0.21,0.23,,,B,△,,0.2457,0.601,,0.5075,S,100,0,◎1着固定 2-3着流し（5〜8点）,0.5777,"{'is_target': True, 'verdict': '参加推奨', 'max_combo_prob': 0.0831, 'est_top_odds': 16.0, 'circle_concentration': 69.2, 'eligible_count': 6, 'bet_adj': 2, 'reason': 'rel_win1=63.2%（本命度） / 最有力組み合わせ確率: 0.083（推定実オッズ?16倍） / 2着集中度: 上位2艇 69.2%（補正+0.00） / 総合判定確率: 0.083 / → ヒモ分散。1号艇1着固定で広めのヒモ流し推奨（買い目+2点）', 'tenji_trigger': '展示確認: ヒモ分散レース。1号艇伸び確認後、広めのヒモ流しを採用。穴ヒモ（5・6号艇）を積極的に含める。'}",,,24.3,逃げ狙い,12.98,21.9,2,,,,,,,,,,,
2025-05-09,丸亀,9,5,谷口知優,B1,35.90,5,△,6.4036,4.9,100,46.7,0.1598,3.3444,,,0,低,83,0,-,6 415,0,59.3,1.1729,0,0,0.0476,0.0476,0,0,0.3481,0.1039,,,C,△,,0.3157,0.6165,,0.5075,S,100,0,◎1着固定 2-3着流し（5〜8点）,0.5777,"{'is_target': True, 'verdict': '参加推奨', 'max_combo_prob': 0.0831, 'est_top_odds': 16.0, 'circle_concentration': 69.2, 'eligible_count': 6, 'bet_adj': 2, 'reason': 'rel_win1=63.2%（本命度） / 最有力組み合わせ確率: 0.083（推定実オッズ?16倍） / 2着集中度: 上位2艇 69.2%（補正+0.00） / 総合判定確率: 0.083 / → ヒモ分散。1号艇1着固定で広めのヒモ流し推奨（買い目+2点）', 'tenji_trigger': '展示確認: ヒモ分散レース。1号艇伸び確認後、広めのヒモ流しを採用。穴ヒモ（5・6号艇）を積極的に含める。'}",,,24.3,逃げ狙い,12.98,21.9,2,,,,,,,,,,,
2025-05-09,丸亀,9,6,川原祐明,A2,37.74,6,,5.2419,4.7,76,40.7,0.1822,4.037,,,0,低,110,0,-,1 1442,0,27.5,0.8256,0,0,0,0.037,0,0.0276,0.1014,0.0138,,,C,○,,0.2359,0.6185,,0.5075,S,100,0,◎1着固定 2-3着流し（5〜8点）,0.5777,"{'is_target': True, 'verdict': '参加推奨', 'max_combo_prob': 0.0831, 'est_top_odds': 16.0, 'circle_concentration': 69.2, 'eligible_count': 6, 'bet_adj': 2, 'reason': 'rel_win1=63.2%（本命度） / 最有力組み合わせ確率: 0.083（推定実オッズ?16倍） / 2着集中度: 上位2艇 69.2%（補正+0.00） / 総合判定確率: 0.083 / → ヒモ分散。1号艇1着固定で広めのヒモ流し推奨（買い目+2点）', 'tenji_trigger': '展示確認: ヒモ分散レース。1号艇伸び確認後、広めのヒモ流しを採用。穴ヒモ（5・6号艇）を積極的に含める。'}",,,24.3,逃げ狙い,12.98,21.9,2,,,,,,,,,,,
2025-05-09,丸亀,10,1,重成一人,A1,40.43,1,◎,63.7125,,0,89.3,0.1493,2.6875,,,0,低,51,0,逃1%,25522,0,60.2,0.9893,0.7,,,,,0.0533,0.2533,0.0133,◎,,C,○,,,0.6315,,0.5579,S,100,0,◎1着固定 2-3着流し（5〜8点）,0.5777,"{'is_target': True, 'verdict': '点数絞り', 'max_combo_prob': 0.1164, 'est_top_odds': 11.5, 'circle_concentration': 71.0, 'eligible_count': 6, 'bet_adj': 0, 'reason': 'rel_win1=63.7%（本命度） / 最有力組み合わせ確率: 0.116（推定実オッズ?12倍） / 2着集中度: 上位2艇 71.0%（補正+0.04） / 総合判定確率: 0.156 / → ヒモはやや固め。上位2艇以外を切ること', 'tenji_trigger': '展示確認: 1号艇伸び良→そのまま採用。悪→飛び組に差し替え。circle_pct上位2艇に絞り込むこと。'}",,,27,逃げ狙い,14.45,28.2,2,,,,,0,0,0.7559,0,,逃げ軸流し,A
2025-05-09,丸亀,10,2,中村桃佳,B2,29.14,2,△,14.6869,46.4,53,72.7,0.1514,2.7273,,,0,低,41,0,差1%,2 152,0,64.6,1.3919,0,0.2353,0.0588,0,0.0588,0.0471,0.0706,0.2706,,◎,E,△,,0.3303,0.6205,,0.5579,S,100,0,◎1着固定 2-3着流し（5〜8点）,0.5777,"{'is_target': True, 'verdict': '点数絞り', 'max_combo_prob': 0.1164, 'est_top_odds': 11.5, 'circle_concentration': 71.0, 'eligible_count': 6, 'bet_adj': 0, 'reason': 'rel_win1=63.7%（本命度） / 最有力組み合わせ確率: 0.116（推定実オッズ?12倍） / 2着集中度: 上位2艇 71.0%（補正+0.04） / 総合判定確率: 0.156 / → ヒモはやや固め。上位2艇以外を切ること', 'tenji_trigger': '展示確認: 1号艇伸び良→そのまま採用。悪→飛び組に差し替え。circle_pct上位2艇に絞り込むこと。'}",,,27,逃げ狙い,14.45,28.2,2,,,,,,,,,,,
2025-05-09,丸亀,10,3,嶋田貴支,B1,33.80,3,,6.7439,24.6,68,54.4,0.1676,3.3162,,,0,低,134,0,-,244 14,0,93.6,1.9192,0,0.0312,0,0.0312,0,0.0174,0.0522,0.1174,,,D,,,0.1848,0.6045,,0.5579,S,100,0,◎1着固定 2-3着流し（5〜8点）,0.5777,"{'is_target': True, 'verdict': '点数絞り', 'max_combo_prob': 0.1164, 'est_top_odds': 11.5, 'circle_concentration': 71.0, 'eligible_count': 6, 'bet_adj': 0, 'reason': 'rel_win1=63.7%（本命度） / 最有力組み合わせ確率: 0.116（推定実オッズ?12倍） / 2着集中度: 上位2艇 71.0%（補正+0.04） / 総合判定確率: 0.156 / → ヒモはやや固め。上位2艇以外を切ること', 'tenji_trigger': '展示確認: 1号艇伸び良→そのまま採用。悪→飛び組に差し替え。circle_pct上位2艇に絞り込むこと。'}",,,27,逃げ狙い,14.45,28.2,2,,,,,,,,,,,
2025-05-09,丸亀,10,4,村越　篤,A2,49.65,4,○,10.3955,14.8,100,63.2,0.1626,3.4737,,,0,低,142,0,ま0%,531 14,0,65,1.0738,0,0.0385,0.0385,0,0,0.2516,0.0129,0.0774,,,A,◎,◎,0.2351,0.667,0.3627,0.5579,S,100,0,◎1着固定 2-3着流し（5〜8点）,0.5777,"{'is_target': True, 'verdict': '点数絞り', 'max_combo_prob': 0.1164, 'est_top_odds': 11.5, 'circle_concentration': 71.0, 'eligible_count': 6, 'bet_adj': 0, 'reason': 'rel_win1=63.7%（本命度） / 最有力組み合わせ確率: 0.116（推定実オッズ?12倍） / 2着集中度: 上位2艇 71.0%（補正+0.04） / 総合判定確率: 0.156 / → ヒモはやや固め。上位2艇以外を切ること', 'tenji_trigger': '展示確認: 1号艇伸び良→そのまま採用。悪→飛び組に差し替え。circle_pct上位2艇に絞り込むこと。'}",,,27,逃げ狙い,14.45,28.2,2,,,,,,,,,,,
2025-05-09,丸亀,10,5,松尾　祭,A2,45.03,5,▲,3.4485,12.9,57,40.7,0.1924,4.3559,,,0,低,144,0,差ま0%,33225,0,32.8,1.0331,0,0,0,0.0385,0,0.1086,0.0654,0.2501,,,B,△,,0.1459,0.6215,,0.5579,S,100,0,◎1着固定 2-3着流し（5〜8点）,0.5777,"{'is_target': True, 'verdict': '点数絞り', 'max_combo_prob': 0.1164, 'est_top_odds': 11.5, 'circle_concentration': 71.0, 'eligible_count': 6, 'bet_adj': 0, 'reason': 'rel_win1=63.7%（本命度） / 最有力組み合わせ確率: 0.116（推定実オッズ?12倍） / 2着集中度: 上位2艇 71.0%（補正+0.04） / 総合判定確率: 0.156 / → ヒモはやや固め。上位2艇以外を切ること', 'tenji_trigger': '展示確認: 1号艇伸び良→そのまま採用。悪→飛び組に差し替え。circle_pct上位2艇に絞り込むこと。'}",,,27,逃げ狙い,14.45,28.2,2,,,,,,,,,,,
2025-05-09,丸亀,10,6,平池仁志,B1,31.79,6,,1.0127,1.3,29,6.9,0.1731,4.2931,,,0,低,96,0,-,143 33,0,39.4,1.4872,,,,,,0.6667,0,0,,,D,,,0.2381,0.619,,0.5579,S,100,0,◎1着固定 2-3着流し（5〜8点）,0.5777,"{'is_target': True, 'verdict': '点数絞り', 'max_combo_prob': 0.1164, 'est_top_odds': 11.5, 'circle_concentration': 71.0, 'eligible_count': 6, 'bet_adj': 0, 'reason': 'rel_win1=63.7%（本命度） / 最有力組み合わせ確率: 0.116（推定実オッズ?12倍） / 2着集中度: 上位2艇 71.0%（補正+0.04） / 総合判定確率: 0.156 / → ヒモはやや固め。上位2艇以外を切ること', 'tenji_trigger': '展示確認: 1号艇伸び良→そのまま採用。悪→飛び組に差し替え。circle_pct上位2艇に絞り込むこと。'}",,,27,逃げ狙い,14.45,28.2,2,,,,,,,,,,,
2025-05-09,丸亀,11,1,中村晃朋,A1,31.51,1,◎,54.275,,0,87.7,0.1656,3.4474,,,0,低,56,0,逃1% 抜0%,41111,0,79.4,1.0793,0.6818,,,,,0.1745,0,0.1564,○,,D,◎,,,0.678,,0.3936,S,86,0,◎1着固定 2-3着流し（5〜8点）,0.5777,"{'is_target': True, 'verdict': '参加推奨', 'max_combo_prob': 0.0749, 'est_top_odds': 17.8, 'circle_concentration': 70.6, 'eligible_count': 6, 'bet_adj': 2, 'reason': 'rel_win1=54.3%（本命度） / 最有力組み合わせ確率: 0.075（推定実オッズ?18倍） / 2着集中度: 上位2艇 70.6%（補正+0.04） / 総合判定確率: 0.115 / → ヒモ分散。1号艇1着固定で広めのヒモ流し推奨（買い目+2点）', 'tenji_trigger': '展示確認: ヒモ分散レース。1号艇伸び確認後、広めのヒモ流しを採用。穴ヒモ（5・6号艇）を積極的に含める。'}",,,30,逃げ狙い,23.26,29.2,4,,,,,0,0,0.6155,0,,主役軸流し,B
2025-05-09,丸亀,11,2,木谷賢太,A1,32.26,2,▲,16.061,50.4,84,76.4,0.152,3.5909,,,0,低,107,0,差0%,134 12,0,59.2,0.9055,0,0.25,0.0357,0,0,0.0343,0.0114,0.1957,,○,D,○,,0.4919,0.663,,0.3936,S,86,0,◎1着固定 2-3着流し（5〜8点）,0.5777,"{'is_target': True, 'verdict': '参加推奨', 'max_combo_prob': 0.0749, 'est_top_odds': 17.8, 'circle_concentration': 70.6, 'eligible_count': 6, 'bet_adj': 2, 'reason': 'rel_win1=54.3%（本命度） / 最有力組み合わせ確率: 0.075（推定実オッズ?18倍） / 2着集中度: 上位2艇 70.6%（補正+0.04） / 総合判定確率: 0.115 / → ヒモ分散。1号艇1着固定で広めのヒモ流し推奨（買い目+2点）', 'tenji_trigger': '展示確認: ヒモ分散レース。1号艇伸び確認後、広めのヒモ流しを採用。穴ヒモ（5・6号艇）を積極的に含める。'}",,,30,逃げ狙い,23.26,29.2,4,,,,,,,,,,,
2025-05-09,丸亀,11,3,平高奈菜,A1,30.32,3,,11.2282,19.5,100,58.3,0.1575,3.0625,,,0,低,46,0,抜0%,1S4311,0,28.5,0.9375,0,0,0.0833,0.0833,0.0833,0.2,0,0.1333,,,D,,,0.3358,0.6215,,0.3936,S,86,0,◎1着固定 2-3着流し（5〜8点）,0.5777,"{'is_target': True, 'verdict': '参加推奨', 'max_combo_prob': 0.0749, 'est_top_odds': 17.8, 'circle_concentration': 70.6, 'eligible_count': 6, 'bet_adj': 2, 'reason': 'rel_win1=54.3%（本命度） / 最有力組み合わせ確率: 0.075（推定実オッズ?18倍） / 2着集中度: 上位2艇 70.6%（補正+0.04） / 総合判定確率: 0.115 / → ヒモ分散。1号艇1着固定で広めのヒモ流し推奨（買い目+2点）', 'tenji_trigger': '展示確認: ヒモ分散レース。1号艇伸び確認後、広めのヒモ流しを採用。穴ヒモ（5・6号艇）を積極的に含める。'}",,,30,逃げ狙い,23.26,29.2,4,,,,,,,,,,,
2025-05-09,丸亀,11,4,中岡正彦,A2,44.59,4,○,12.8071,20.3,96,68.8,0.1175,2.2604,,,0,低,42,0,ま0%,422 22,0,39.8,0.9677,0,0,0.2609,0,0,0.1103,0,0.0588,,◎,A,△,◎,0.5297,0.649,0.4375,0.3936,S,86,0,◎1着固定 2-3着流し（5〜8点）,0.5777,"{'is_target': True, 'verdict': '参加推奨', 'max_combo_prob': 0.0749, 'est_top_odds': 17.8, 'circle_concentration': 70.6, 'eligible_count': 6, 'bet_adj': 2, 'reason': 'rel_win1=54.3%（本命度） / 最有力組み合わせ確率: 0.075（推定実オッズ?18倍） / 2着集中度: 上位2艇 70.6%（補正+0.04） / 総合判定確率: 0.115 / → ヒモ分散。1号艇1着固定で広めのヒモ流し推奨（買い目+2点）', 'tenji_trigger': '展示確認: ヒモ分散レース。1号艇伸び確認後、広めのヒモ流しを採用。穴ヒモ（5・6号艇）を積極的に含める。'}",,,30,逃げ狙い,23.26,29.2,4,,,,,,,,,,,
2025-05-09,丸亀,11,5,森安弘雅,B1,40.67,5,,3.5426,5,93,33.9,0.1922,4.1462,,,0,低,178,0,-,125 23,0,87.5,1.5767,0,0,0,0.0435,0,0.0167,0.1833,0.2,,,B,,,0.1908,0.6065,,0.3936,S,86,0,◎1着固定 2-3着流し（5〜8点）,0.5777,"{'is_target': True, 'verdict': '参加推奨', 'max_combo_prob': 0.0749, 'est_top_odds': 17.8, 'circle_concentration': 70.6, 'eligible_count': 6, 'bet_adj': 2, 'reason': 'rel_win1=54.3%（本命度） / 最有力組み合わせ確率: 0.075（推定実オッズ?18倍） / 2着集中度: 上位2艇 70.6%（補正+0.04） / 総合判定確率: 0.115 / → ヒモ分散。1号艇1着固定で広めのヒモ流し推奨（買い目+2点）', 'tenji_trigger': '展示確認: ヒモ分散レース。1号艇伸び確認後、広めのヒモ流しを採用。穴ヒモ（5・6号艇）を積極的に含める。'}",,,30,逃げ狙い,23.26,29.2,4,,,,,,,,,,,
2025-05-09,丸亀,11,6,濱野斗馬,A2,35.38,6,△,2.0862,4.9,76,36.7,0.1433,4.0167,,,0,低,40,0,-,3 3613,0,31.6,1.2667,,,,,,0.0968,0,0.0323,,,C,△,,0.3846,0.638,,0.3936,S,86,0,◎1着固定 2-3着流し（5〜8点）,0.5777,"{'is_target': True, 'verdict': '参加推奨', 'max_combo_prob': 0.0749, 'est_top_odds': 17.8, 'circle_concentration': 70.6, 'eligible_count': 6, 'bet_adj': 2, 'reason': 'rel_win1=54.3%（本命度） / 最有力組み合わせ確率: 0.075（推定実オッズ?18倍） / 2着集中度: 上位2艇 70.6%（補正+0.04） / 総合判定確率: 0.115 / → ヒモ分散。1号艇1着固定で広めのヒモ流し推奨（買い目+2点）', 'tenji_trigger': '展示確認: ヒモ分散レース。1号艇伸び確認後、広めのヒモ流しを採用。穴ヒモ（5・6号艇）を積極的に含める。'}",,,30,逃げ狙い,23.26,29.2,4,,,,,,,,,,,
2025-05-09,丸亀,12,1,近江翔吾,A1,45.07,1,◎,61.8017,,0,92.7,0.1291,2.3015,,,0,低,52,0,逃1%,1 1143,0,88,1.1575,0.7838,,,,,0.0811,0.0541,0.027,◎,,A,△,,,0.6415,,0.665,S,87,0,◎1着固定 2-3着流し（5〜8点）,0.5777,"{'is_target': True, 'verdict': '参加推奨', 'max_combo_prob': 0.0753, 'est_top_odds': 17.7, 'circle_concentration': 62.9, 'eligible_count': 6, 'bet_adj': 2, 'reason': 'rel_win1=61.8%（本命度） / 最有力組み合わせ確率: 0.075（推定実オッズ?18倍） / 2着集中度: 上位2艇 62.9%（補正+0.00） / 総合判定確率: 0.075 / → ヒモ分散。1号艇1着固定で広めのヒモ流し推奨（買い目+2点）', 'tenji_trigger': '展示確認: ヒモ分散レース。1号艇伸び確認後、広めのヒモ流しを採用。穴ヒモ（5・6号艇）を積極的に含める。\n展示で1号艇スタート超安定(0.129秒)→ヒモ固まり方向に注意'}",,,28.1,逃げ狙い,22.12,24.8,2,,,,,0,0,0.7559,0,,逃げ軸流し,A
2025-05-09,丸亀,12,2,中村日向,A1,36.36,2,○,15.2231,40.1,36,67.7,0.1487,3.2097,,,0,低,40,0,-,11441,0,43,0.9879,0,0.1667,0.0833,0,0,0.1538,0.0769,0,,,B,○,,0.1398,0.645,,0.665,S,87,0,◎1着固定 2-3着流し（5〜8点）,0.5777,"{'is_target': True, 'verdict': '参加推奨', 'max_combo_prob': 0.0753, 'est_top_odds': 17.7, 'circle_concentration': 62.9, 'eligible_count': 6, 'bet_adj': 2, 'reason': 'rel_win1=61.8%（本命度） / 最有力組み合わせ確率: 0.075（推定実オッズ?18倍） / 2着集中度: 上位2艇 62.9%（補正+0.00） / 総合判定確率: 0.075 / → ヒモ分散。1号艇1着固定で広めのヒモ流し推奨（買い目+2点）', 'tenji_trigger': '展示確認: ヒモ分散レース。1号艇伸び確認後、広めのヒモ流しを採用。穴ヒモ（5・6号艇）を積極的に含める。\n展示で1号艇スタート超安定(0.129秒)→ヒモ固まり方向に注意'}",,,28.1,逃げ狙い,22.12,24.8,2,,,,,,,,,,,
2025-05-09,丸亀,12,3,西丸侑太,A2,33.11,3,△,9.7683,22.9,85,72.5,0.1655,3.2375,,,0,低,100,0,-,34121,0,25.1,0.8075,0,0.0476,0.0476,0.0476,0.0476,0,0.1314,0.0429,,,C,,,0.1127,0.6105,,0.665,S,87,0,◎1着固定 2-3着流し（5〜8点）,0.5777,"{'is_target': True, 'verdict': '参加推奨', 'max_combo_prob': 0.0753, 'est_top_odds': 17.7, 'circle_concentration': 62.9, 'eligible_count': 6, 'bet_adj': 2, 'reason': 'rel_win1=61.8%（本命度） / 最有力組み合わせ確率: 0.075（推定実オッズ?18倍） / 2着集中度: 上位2艇 62.9%（補正+0.00） / 総合判定確率: 0.075 / → ヒモ分散。1号艇1着固定で広めのヒモ流し推奨（買い目+2点）', 'tenji_trigger': '展示確認: ヒモ分散レース。1号艇伸び確認後、広めのヒモ流しを採用。穴ヒモ（5・6号艇）を積極的に含める。\n展示で1号艇スタート超安定(0.129秒)→ヒモ固まり方向に注意'}",,,28.1,逃げ狙い,22.12,24.8,2,,,,,,,,,,,
2025-05-09,丸亀,12,4,西岡顕心,A1,30.67,4,,8.3764,17.8,79,76,0.1544,3.24,,,0,低,55,0,ま0%,341 44,0,68.4,0.8932,0,0.1667,0.1667,0,0,0,0.0714,0,,,D,△,,0.2309,0.6245,,0.665,S,87,0,◎1着固定 2-3着流し（5〜8点）,0.5777,"{'is_target': True, 'verdict': '参加推奨', 'max_combo_prob': 0.0753, 'est_top_odds': 17.7, 'circle_concentration': 62.9, 'eligible_count': 6, 'bet_adj': 2, 'reason': 'rel_win1=61.8%（本命度） / 最有力組み合わせ確率: 0.075（推定実オッズ?18倍） / 2着集中度: 上位2艇 62.9%（補正+0.00） / 総合判定確率: 0.075 / → ヒモ分散。1号艇1着固定で広めのヒモ流し推奨（買い目+2点）', 'tenji_trigger': '展示確認: ヒモ分散レース。1号艇伸び確認後、広めのヒモ流しを採用。穴ヒモ（5・6号艇）を積極的に含める。\n展示で1号艇スタート超安定(0.129秒)→ヒモ固まり方向に注意'}",,,28.1,逃げ狙い,22.12,24.8,2,,,,,,,,,,,
2025-05-09,丸亀,12,5,片岡雅裕,A1,34.46,5,▲,3.1455,17.6,65,57.1,0.1071,2.4286,,,0,低,5,1,-,1S422,0,38.3,1.296,,,,,,0.0286,0,0.3571,,,C,◎,,0.3779,0.8292,,0.665,S,87,0,◎1着固定 2-3着流し（5〜8点）,0.5777,"{'is_target': True, 'verdict': '参加推奨', 'max_combo_prob': 0.0753, 'est_top_odds': 17.7, 'circle_concentration': 62.9, 'eligible_count': 6, 'bet_adj': 2, 'reason': 'rel_win1=61.8%（本命度） / 最有力組み合わせ確率: 0.075（推定実オッズ?18倍） / 2着集中度: 上位2艇 62.9%（補正+0.00） / 総合判定確率: 0.075 / → ヒモ分散。1号艇1着固定で広めのヒモ流し推奨（買い目+2点）', 'tenji_trigger': '展示確認: ヒモ分散レース。1号艇伸び確認後、広めのヒモ流しを採用。穴ヒモ（5・6号艇）を積極的に含める。\n展示で1号艇スタート超安定(0.129秒)→ヒモ固まり方向に注意'}",,,28.1,逃げ狙い,22.12,24.8,2,,,,,,,,,,,
2025-05-09,丸亀,12,6,竹田和哉,A1,29.73,6,,1.6849,1.7,100,43.1,0.1867,4.2157,,,0,低,106,0,-,422341,0,89.7,1.7244,,,,,,0.116,0.116,0,,,E,△,,0.135,0.6415,,0.665,S,87,0,◎1着固定 2-3着流し（5〜8点）,0.5777,"{'is_target': True, 'verdict': '参加推奨', 'max_combo_prob': 0.0753, 'est_top_odds': 17.7, 'circle_concentration': 62.9, 'eligible_count': 6, 'bet_adj': 2, 'reason': 'rel_win1=61.8%（本命度） / 最有力組み合わせ確率: 0.075（推定実オッズ?18倍） / 2着集中度: 上位2艇 62.9%（補正+0.00） / 総合判定確率: 0.075 / → ヒモ分散。1号艇1着固定で広めのヒモ流し推奨（買い目+2点）', 'tenji_trigger': '展示確認: ヒモ分散レース。1号艇伸び確認後、広めのヒモ流しを採用。穴ヒモ（5・6号艇）を積極的に含める。\n展示で1号艇スタート超安定(0.129秒)→ヒモ固まり方向に注意'}",,,28.1,逃げ狙い,22.12,24.8,2,,,,,,,,,,,
2025-05-19,丸亀,1,1,深川和仁,B1,27.56,1,◎,59.3684,,0,87,0.157,3.0435,,,0,低,130,0,逃1%,,0,65.5,0.955,0.7083,,,,,0.2,0.0167,0.05,◎,,D,△,,,0.606,,0.5205,S,80,0,◎1着固定 2-3着流し（5〜8点）,0.5777,"{'is_target': True, 'verdict': '参加推奨', 'max_combo_prob': 0.108, 'est_top_odds': 12.3, 'circle_concentration': 66.4, 'eligible_count': 6, 'bet_adj': 2, 'reason': 'rel_win1=59.4%（本命度） / 最有力組み合わせ確率: 0.108（推定実オッズ?12倍） / 2着集中度: 上位2艇 66.4%（補正+0.00） / 総合判定確率: 0.108 / → ヒモ分散。1号艇1着固定で広めのヒモ流し推奨（買い目+2点）', 'tenji_trigger': '展示確認: ヒモ分散レース。1号艇伸び確認後、広めのヒモ流しを採用。穴ヒモ（5・6号艇）を積極的に含める。'}",,,22.8,逃げ狙い,15.47,29.6,4,,,,,0,0,0.7559,0,,逃げ軸流し,A
2025-05-19,丸亀,1,2,伊藤紘章,B1,30.00,2,,12.019,23.5,100,57.4,0.1894,3.963,,,0,低,163,0,差0% ま0%,,0,65.5,0.9379,0,0.1034,0.0345,0,0,0.2471,0.2941,0.2941,,,C,,,0.071,0.5245,,0.5205,S,80,0,◎1着固定 2-3着流し（5〜8点）,0.5777,"{'is_target': True, 'verdict': '参加推奨', 'max_combo_prob': 0.108, 'est_top_odds': 12.3, 'circle_concentration': 66.4, 'eligible_count': 6, 'bet_adj': 2, 'reason': 'rel_win1=59.4%（本命度） / 最有力組み合わせ確率: 0.108（推定実オッズ?12倍） / 2着集中度: 上位2艇 66.4%（補正+0.00） / 総合判定確率: 0.108 / → ヒモ分散。1号艇1着固定で広めのヒモ流し推奨（買い目+2点）', 'tenji_trigger': '展示確認: ヒモ分散レース。1号艇伸び確認後、広めのヒモ流しを採用。穴ヒモ（5・6号艇）を積極的に含める。'}",,,22.8,逃げ狙い,15.47,29.6,4,,,,,,,,,,,
2025-05-19,丸亀,1,3,藤田靖弘,B1,39.47,3,○,11.6488,39.7,77,67.2,0.1469,2.8134,,,0,低,111,0,-,,0,45.4,1.1325,0,0,0.0556,0.0556,0,0.0533,0.115,0.0267,,,B,◎,,0.3416,0.6755,,0.5205,S,80,0,◎1着固定 2-3着流し（5〜8点）,0.5777,"{'is_target': True, 'verdict': '参加推奨', 'max_combo_prob': 0.108, 'est_top_odds': 12.3, 'circle_concentration': 66.4, 'eligible_count': 6, 'bet_adj': 2, 'reason': 'rel_win1=59.4%（本命度） / 最有力組み合わせ確率: 0.108（推定実オッズ?12倍） / 2着集中度: 上位2艇 66.4%（補正+0.00） / 総合判定確率: 0.108 / → ヒモ分散。1号艇1着固定で広めのヒモ流し推奨（買い目+2点）', 'tenji_trigger': '展示確認: ヒモ分散レース。1号艇伸び確認後、広めのヒモ流しを採用。穴ヒモ（5・6号艇）を積極的に含める。'}",,,22.8,逃げ狙い,15.47,29.6,4,,,,,,,,,,,
2025-05-19,丸亀,1,4,三木晴斗,B1,28.05,4,,6.8261,26.8,37,37.2,0.1625,3.1667,,,0,低,97,0,-,,0,87.9,1.5379,,,,,,0.095,0.195,0.155,,,D,△,,0.2911,0.5655,,0.5205,S,80,0,◎1着固定 2-3着流し（5〜8点）,0.5777,"{'is_target': True, 'verdict': '参加推奨', 'max_combo_prob': 0.108, 'est_top_odds': 12.3, 'circle_concentration': 66.4, 'eligible_count': 6, 'bet_adj': 2, 'reason': 'rel_win1=59.4%（本命度） / 最有力組み合わせ確率: 0.108（推定実オッズ?12倍） / 2着集中度: 上位2艇 66.4%（補正+0.00） / 総合判定確率: 0.108 / → ヒモ分散。1号艇1着固定で広めのヒモ流し推奨（買い目+2点）', 'tenji_trigger': '展示確認: ヒモ分散レース。1号艇伸び確認後、広めのヒモ流しを採用。穴ヒモ（5・6号艇）を積極的に含める。'}",,,22.8,逃げ狙い,15.47,29.6,4,,,,,,,,,,,
2025-05-19,丸亀,1,5,柳瀬幹太,B1,33.74,5,▲,7.5048,9,57,40.5,0.1535,3.0946,,,0,低,70,0,差ま0%,,0,27.5,1.251,0,0,0,0.0769,0,0.2364,0.1091,0.0364,,,C,○,,0.3004,0.638,,0.5205,S,80,0,◎1着固定 2-3着流し（5〜8点）,0.5777,"{'is_target': True, 'verdict': '参加推奨', 'max_combo_prob': 0.108, 'est_top_odds': 12.3, 'circle_concentration': 66.4, 'eligible_count': 6, 'bet_adj': 2, 'reason': 'rel_win1=59.4%（本命度） / 最有力組み合わせ確率: 0.108（推定実オッズ?12倍） / 2着集中度: 上位2艇 66.4%（補正+0.00） / 総合判定確率: 0.108 / → ヒモ分散。1号艇1着固定で広めのヒモ流し推奨（買い目+2点）', 'tenji_trigger': '展示確認: ヒモ分散レース。1号艇伸び確認後、広めのヒモ流しを採用。穴ヒモ（5・6号艇）を積極的に含める。'}",,,22.8,逃げ狙い,15.47,29.6,4,,,,,,,,,,,
2025-05-19,丸亀,1,6,笠　雅雄,B2,35.46,6,△,2.6329,1.1,24,7.7,0.1921,4.1154,,,0,低,120,0,-,,0,27.9,0.8289,,,,,,0.275,0.25,0.025,,,B,,,0.2009,0.551,,0.5205,S,80,0,◎1着固定 2-3着流し（5〜8点）,0.5777,"{'is_target': True, 'verdict': '参加推奨', 'max_combo_prob': 0.108, 'est_top_odds': 12.3, 'circle_concentration': 66.4, 'eligible_count': 6, 'bet_adj': 2, 'reason': 'rel_win1=59.4%（本命度） / 最有力組み合わせ確率: 0.108（推定実オッズ?12倍） / 2着集中度: 上位2艇 66.4%（補正+0.00） / 総合判定確率: 0.108 / → ヒモ分散。1号艇1着固定で広めのヒモ流し推奨（買い目+2点）', 'tenji_trigger': '展示確認: ヒモ分散レース。1号艇伸び確認後、広めのヒモ流しを採用。穴ヒモ（5・6号艇）を積極的に含める。'}",,,22.8,逃げ狙い,15.47,29.6,4,,,,,,,,,,,
2025-05-19,丸亀,2,1,川崎公靖,B1,31.06,1,◎,54.6682,,0,76.1,0.1396,2.9022,,,0,低,102,0,逃0%,,0,64.6,0.9968,0.3158,,,,,0.1053,0.0421,0.5053,◎,,C,○,,,0.6275,,0.5061,A,73,0,◎-○軸 3着3〜4艇流し（10〜15点）,0.5777,"{'is_target': True, 'verdict': '参加推奨', 'max_combo_prob': 0.0742, 'est_top_odds': 18.0, 'circle_concentration': 72.7, 'eligible_count': 8, 'bet_adj': 2, 'reason': 'rel_win1=54.7%（本命度） / 最有力組み合わせ確率: 0.074（推定実オッズ?18倍） / 2着集中度: 上位2艇 72.7%（補正+0.04） / 総合判定確率: 0.114 / → ヒモ分散。1号艇1着固定で広めのヒモ流し推奨（買い目+2点）', 'tenji_trigger': '展示確認: ヒモ分散レース。1号艇伸び確認後、広めのヒモ流しを採用。穴ヒモ（5・6号艇）を積極的に含める。\n展示で1号艇スタート超安定(0.140秒)→ヒモ固まり方向に注意'}",,,26.5,逃げ狙い,8.6,31.8,3,,,,,0,0,0.7559,0,,逃げ軸流し,A
2025-05-19,丸亀,2,2,宮野　仁,B1,31.52,2,○,12.4405,38.6,100,44.2,0.2015,4.6442,,,0,低,175,0,差0%,,0,21.2,0.7593,0,0.0556,0,0,0,0.0571,0.0286,0.3143,,,B,,,0.0771,0.6005,,0.5061,A,73,0,◎-○軸 3着3〜4艇流し（10〜15点）,0.5777,"{'is_target': True, 'verdict': '参加推奨', 'max_combo_prob': 0.0742, 'est_top_odds': 18.0, 'circle_concentration': 72.7, 'eligible_count': 8, 'bet_adj': 2, 'reason': 'rel_win1=54.7%（本命度） / 最有力組み合わせ確率: 0.074（推定実オッズ?18倍） / 2着集中度: 上位2艇 72.7%（補正+0.04） / 総合判定確率: 0.114 / → ヒモ分散。1号艇1着固定で広めのヒモ流し推奨（買い目+2点）', 'tenji_trigger': '展示確認: ヒモ分散レース。1号艇伸び確認後、広めのヒモ流しを採用。穴ヒモ（5・6号艇）を積極的に含める。\n展示で1号艇スタート超安定(0.140秒)→ヒモ固まり方向に注意'}",,,26.5,逃げ狙い,8.6,31.8,3,,,,,,,,,,,
2025-05-19,丸亀,2,3,竹田広樹,B1,30.63,3,△,16.7569,34.2,28,40.8,0.1776,3.8521,,,0,低,177,0,-,,0,99.7,2.2006,0,0.0294,0.0588,0,0.0294,0.0526,0.1579,0.3158,,,C,△,,0.1229,0.6185,,0.5061,A,73,0,◎-○軸 3着3〜4艇流し（10〜15点）,0.5777,"{'is_target': True, 'verdict': '参加推奨', 'max_combo_prob': 0.0742, 'est_top_odds': 18.0, 'circle_concentration': 72.7, 'eligible_count': 8, 'bet_adj': 2, 'reason': 'rel_win1=54.7%（本命度） / 最有力組み合わせ確率: 0.074（推定実オッズ?18倍） / 2着集中度: 上位2艇 72.7%（補正+0.04） / 総合判定確率: 0.114 / → ヒモ分散。1号艇1着固定で広めのヒモ流し推奨（買い目+2点）', 'tenji_trigger': '展示確認: ヒモ分散レース。1号艇伸び確認後、広めのヒモ流しを採用。穴ヒモ（5・6号艇）を積極的に含める。\n展示で1号艇スタート超安定(0.140秒)→ヒモ固まり方向に注意'}",,,26.5,逃げ狙い,8.6,31.8,3,,,,,,,,,,,
2025-05-19,丸亀,2,4,杉江浩明,B1,27.21,4,,7.6816,11.2,65,32.9,0.2017,4.5571,,,0,低,209,0,差ま0%,,0,42.2,0.7787,0,0,0,0.0286,0,0.2444,0.1111,0.0444,,,D,◎,,0.1119,0.6375,,0.5061,A,73,0,◎-○軸 3着3〜4艇流し（10〜15点）,0.5777,"{'is_target': True, 'verdict': '参加推奨', 'max_combo_prob': 0.0742, 'est_top_odds': 18.0, 'circle_concentration': 72.7, 'eligible_count': 8, 'bet_adj': 2, 'reason': 'rel_win1=54.7%（本命度） / 最有力組み合わせ確率: 0.074（推定実オッズ?18倍） / 2着集中度: 上位2艇 72.7%（補正+0.04） / 総合判定確率: 0.114 / → ヒモ分散。1号艇1着固定で広めのヒモ流し推奨（買い目+2点）', 'tenji_trigger': '展示確認: ヒモ分散レース。1号艇伸び確認後、広めのヒモ流しを採用。穴ヒモ（5・6号艇）を積極的に含める。\n展示で1号艇スタート超安定(0.140秒)→ヒモ固まり方向に注意'}",,,26.5,逃げ狙い,8.6,31.8,3,,,,,,,,,,,
2025-05-19,丸亀,2,5,下河雅史,A2,31.17,5,▲,7.2028,14.6,75,34.4,0.1543,3.2705,,,0,低,132,0,-,,0,79.7,1.604,0,0,0,0.0455,0,0.16,0.08,0.3067,,,C,△,,0.245,0.613,,0.5061,A,73,0,◎-○軸 3着3〜4艇流し（10〜15点）,0.5777,"{'is_target': True, 'verdict': '参加推奨', 'max_combo_prob': 0.0742, 'est_top_odds': 18.0, 'circle_concentration': 72.7, 'eligible_count': 8, 'bet_adj': 2, 'reason': 'rel_win1=54.7%（本命度） / 最有力組み合わせ確率: 0.074（推定実オッズ?18倍） / 2着集中度: 上位2艇 72.7%（補正+0.04） / 総合判定確率: 0.114 / → ヒモ分散。1号艇1着固定で広めのヒモ流し推奨（買い目+2点）', 'tenji_trigger': '展示確認: ヒモ分散レース。1号艇伸び確認後、広めのヒモ流しを採用。穴ヒモ（5・6号艇）を積極的に含める。\n展示で1号艇スタート超安定(0.140秒)→ヒモ固まり方向に注意'}",,,26.5,逃げ狙い,8.6,31.8,3,,,,,,,,,,,
2025-05-19,丸亀,2,6,大熊辰弥,B1,23.65,6,,1.25,1.5,45,6.5,0.2474,5.4355,,,0,低,139,0,-,,0,27.7,1.4272,,,,,,0.2,0.4,0.2,,,E,,,0.1449,0.5275,,0.5061,A,73,0,◎-○軸 3着3〜4艇流し（10〜15点）,0.5777,"{'is_target': True, 'verdict': '参加推奨', 'max_combo_prob': 0.0742, 'est_top_odds': 18.0, 'circle_concentration': 72.7, 'eligible_count': 8, 'bet_adj': 2, 'reason': 'rel_win1=54.7%（本命度） / 最有力組み合わせ確率: 0.074（推定実オッズ?18倍） / 2着集中度: 上位2艇 72.7%（補正+0.04） / 総合判定確率: 0.114 / → ヒモ分散。1号艇1着固定で広めのヒモ流し推奨（買い目+2点）', 'tenji_trigger': '展示確認: ヒモ分散レース。1号艇伸び確認後、広めのヒモ流しを採用。穴ヒモ（5・6号艇）を積極的に含める。\n展示で1号艇スタート超安定(0.140秒)→ヒモ固まり方向に注意'}",,,26.5,逃げ狙い,8.6,31.8,3,,,,,,,,,,,
2025-05-19,丸亀,3,1,梶原　正,B1,26.88,1,◎,47.5816,,0,74.1,0.1644,3.1852,,,0,低,90,0,逃0%,,0,54.1,0.8035,0.36,,,,,0.23,0.305,0.139,○,,C,○,,,0.6495,,0.3479,A,61,0,◎-○軸 3着3〜4艇流し（10〜15点）,0.5777,"{'is_target': True, 'verdict': '点数絞り', 'max_combo_prob': 0.0984, 'est_top_odds': 13.6, 'circle_concentration': 78.6, 'eligible_count': 8, 'bet_adj': 0, 'reason': 'rel_win1=47.6%（本命度） / 最有力組み合わせ確率: 0.098（推定実オッズ?14倍） / 2着集中度: 上位2艇 78.6%（補正+0.04） / 総合判定確率: 0.138 / → ヒモはやや固め。上位2艇以外を切ること', 'tenji_trigger': '展示確認: 1号艇伸び良→そのまま採用。悪→飛び組に差し替え。circle_pct上位2艇に絞り込むこと。'}",,,31,両建て推奨,16.36,38.1,2,,,,,0,0,0.6155,0,,主役軸流し,B
2025-05-19,丸亀,3,2,北川太一,A2,32.93,2,○,24.1345,64.7,89,73.4,0.1452,3.1406,,,0,低,110,0,差0% 抜0%,,0,71.4,1.301,0,0.0833,0,0,0.125,0,0.1563,0.242,,◎,B,△,,0.5446,0.6235,,0.3479,A,61,0,◎-○軸 3着3〜4艇流し（10〜15点）,0.5777,"{'is_target': True, 'verdict': '点数絞り', 'max_combo_prob': 0.0984, 'est_top_odds': 13.6, 'circle_concentration': 78.6, 'eligible_count': 8, 'bet_adj': 0, 'reason': 'rel_win1=47.6%（本命度） / 最有力組み合わせ確率: 0.098（推定実オッズ?14倍） / 2着集中度: 上位2艇 78.6%（補正+0.04） / 総合判定確率: 0.138 / → ヒモはやや固め。上位2艇以外を切ること', 'tenji_trigger': '展示確認: 1号艇伸び良→そのまま採用。悪→飛び組に差し替え。circle_pct上位2艇に絞り込むこと。'}",,,31,両建て推奨,16.36,38.1,2,,,,,,,,,,,
2025-05-19,丸亀,3,3,岩田　凌,B1,25.87,3,△,11.4128,12.7,59,18.9,0.193,3.8378,,,0,低,86,0,ま0%,,0,88,0.6967,0,0,0.125,0,0,0.25,0.5,0.125,,,D,,,0.2036,0.5025,,0.3479,A,61,0,◎-○軸 3着3〜4艇流し（10〜15点）,0.5777,"{'is_target': True, 'verdict': '点数絞り', 'max_combo_prob': 0.0984, 'est_top_odds': 13.6, 'circle_concentration': 78.6, 'eligible_count': 8, 'bet_adj': 0, 'reason': 'rel_win1=47.6%（本命度） / 最有力組み合わせ確率: 0.098（推定実オッズ?14倍） / 2着集中度: 上位2艇 78.6%（補正+0.04） / 総合判定確率: 0.138 / → ヒモはやや固め。上位2艇以外を切ること', 'tenji_trigger': '展示確認: 1号艇伸び良→そのまま採用。悪→飛び組に差し替え。circle_pct上位2艇に絞り込むこと。'}",,,31,両建て推奨,16.36,38.1,2,,,,,,,,,,,
2025-05-19,丸亀,3,4,後藤隼之,B1,24.19,4,,10.3623,13.9,82,44.6,0.1566,3.4732,,,0,低,82,0,-,,0,54.9,1.0366,,,,,,0.0615,0.1011,0.1473,,,E,△,◎,0.3869,0.6475,0.2353,0.3479,A,61,0,◎-○軸 3着3〜4艇流し（10〜15点）,0.5777,"{'is_target': True, 'verdict': '点数絞り', 'max_combo_prob': 0.0984, 'est_top_odds': 13.6, 'circle_concentration': 78.6, 'eligible_count': 8, 'bet_adj': 0, 'reason': 'rel_win1=47.6%（本命度） / 最有力組み合わせ確率: 0.098（推定実オッズ?14倍） / 2着集中度: 上位2艇 78.6%（補正+0.04） / 総合判定確率: 0.138 / → ヒモはやや固め。上位2艇以外を切ること', 'tenji_trigger': '展示確認: 1号艇伸び良→そのまま採用。悪→飛び組に差し替え。circle_pct上位2艇に絞り込むこと。'}",,,31,両建て推奨,16.36,38.1,2,,,,,,,,,,,
2025-05-19,丸亀,3,5,山田和佐,B1,25.81,5,,4.904,6.3,100,31.9,0.1719,3.9348,,,0,低,130,0,-,,0,28.6,0.6074,0,0,0,0.0256,0,0.1769,0.0308,0.1923,,,D,,,0.2983,0.5895,,0.3479,A,61,0,◎-○軸 3着3〜4艇流し（10〜15点）,0.5777,"{'is_target': True, 'verdict': '点数絞り', 'max_combo_prob': 0.0984, 'est_top_odds': 13.6, 'circle_concentration': 78.6, 'eligible_count': 8, 'bet_adj': 0, 'reason': 'rel_win1=47.6%（本命度） / 最有力組み合わせ確率: 0.098（推定実オッズ?14倍） / 2着集中度: 上位2艇 78.6%（補正+0.04） / 総合判定確率: 0.138 / → ヒモはやや固め。上位2艇以外を切ること', 'tenji_trigger': '展示確認: 1号艇伸び良→そのまま採用。悪→飛び組に差し替え。circle_pct上位2艇に絞り込むこと。'}",,,31,両建て推奨,16.36,38.1,2,,,,,,,,,,,
2025-05-19,丸亀,3,6,堀本和也,A1,33.13,6,▲,1.6047,2.4,72,44.4,0.1389,2.6111,,,0,低,22,0,-,,0,26.3,1.6586,,,,,,0.04,0.04,0.12,,○,B,◎,,0.4411,0.769,,0.3479,A,61,0,◎-○軸 3着3〜4艇流し（10〜15点）,0.5777,"{'is_target': True, 'verdict': '点数絞り', 'max_combo_prob': 0.0984, 'est_top_odds': 13.6, 'circle_concentration': 78.6, 'eligible_count': 8, 'bet_adj': 0, 'reason': 'rel_win1=47.6%（本命度） / 最有力組み合わせ確率: 0.098（推定実オッズ?14倍） / 2着集中度: 上位2艇 78.6%（補正+0.04） / 総合判定確率: 0.138 / → ヒモはやや固め。上位2艇以外を切ること', 'tenji_trigger': '展示確認: 1号艇伸び良→そのまま採用。悪→飛び組に差し替え。circle_pct上位2艇に絞り込むこと。'}",,,31,両建て推奨,16.36,38.1,2,,,,,,,,,,,
2025-05-19,丸亀,4,1,川田正人,B1,26.00,1,◎,50.554,,0,70.8,0.1777,3.4154,,,0,低,152,0,逃1%,,0,57.3,0.7844,0.3871,,,,,0.1373,0.3263,0.0387,○,,C,△,,,0.614,,0.3417,B,57,0,◎○△フォーメーション（15〜20点）,0.5777,"{'is_target': True, 'verdict': '点数絞り', 'max_combo_prob': 0.0823, 'est_top_odds': 16.2, 'circle_concentration': 77.3, 'eligible_count': 9, 'bet_adj': 0, 'reason': 'rel_win1=50.6%（本命度） / 最有力組み合わせ確率: 0.082（推定実オッズ?16倍） / 2着集中度: 上位2艇 77.3%（補正+0.04） / 総合判定確率: 0.122 / → ヒモはやや固め。上位2艇以外を切ること', 'tenji_trigger': '展示確認: 1号艇伸び良→そのまま採用。悪→飛び組に差し替え。circle_pct上位2艇に絞り込むこと。'}",,,30.6,両建て推奨,19.21,34.6,4,,,,,0,0,0.6155,0,,主役軸流し,B
2025-05-19,丸亀,4,2,間野兼礼,B1,28.57,2,▲,13.7199,49.4,100,71,0.16,3.4355,,,0,低,94,0,-,,0,58,1.0131,0,0.1071,0.0357,0,0,0,0.0889,0.1944,,◎,B,,,0.5195,0.564,,0.3417,B,57,0,◎○△フォーメーション（15〜20点）,0.5777,"{'is_target': True, 'verdict': '点数絞り', 'max_combo_prob': 0.0823, 'est_top_odds': 16.2, 'circle_concentration': 77.3, 'eligible_count': 9, 'bet_adj': 0, 'reason': 'rel_win1=50.6%（本命度） / 最有力組み合わせ確率: 0.082（推定実オッズ?16倍） / 2着集中度: 上位2艇 77.3%（補正+0.04） / 総合判定確率: 0.122 / → ヒモはやや固め。上位2艇以外を切ること', 'tenji_trigger': '展示確認: 1号艇伸び良→そのまま採用。悪→飛び組に差し替え。circle_pct上位2艇に絞り込むこと。'}",,,30.6,両建て推奨,19.21,34.6,4,,,,,,,,,,,
2025-05-19,丸亀,4,3,小林文彦,A2,28.17,3,△,13.4661,27.9,87,63.3,0.1902,3.949,,,0,低,166,0,-,,0,23.4,0.8567,0,0,0,0,0.05,0.0143,0.2286,0.1143,,,C,△,,0.286,0.5995,,0.3417,B,57,0,◎○△フォーメーション（15〜20点）,0.5777,"{'is_target': True, 'verdict': '点数絞り', 'max_combo_prob': 0.0823, 'est_top_odds': 16.2, 'circle_concentration': 77.3, 'eligible_count': 9, 'bet_adj': 0, 'reason': 'rel_win1=50.6%（本命度） / 最有力組み合わせ確率: 0.082（推定実オッズ?16倍） / 2着集中度: 上位2艇 77.3%（補正+0.04） / 総合判定確率: 0.122 / → ヒモはやや固め。上位2艇以外を切ること', 'tenji_trigger': '展示確認: 1号艇伸び良→そのまま採用。悪→飛び組に差し替え。circle_pct上位2艇に絞り込むこと。'}",,,30.6,両建て推奨,19.21,34.6,4,,,,,,,,,,,
2025-05-19,丸亀,4,4,片岡大地,B1,30.13,4,○,12.7887,14.3,69,46.3,0.14,2.8806,,,0,低,64,0,差0%,,0,77.3,1.1549,0,0.037,0,0,0,0.0267,0.2567,0.0267,,○,B,○,◎,0.4737,0.6305,0.4058,0.3417,B,57,0,◎○△フォーメーション（15〜20点）,0.5777,"{'is_target': True, 'verdict': '点数絞り', 'max_combo_prob': 0.0823, 'est_top_odds': 16.2, 'circle_concentration': 77.3, 'eligible_count': 9, 'bet_adj': 0, 'reason': 'rel_win1=50.6%（本命度） / 最有力組み合わせ確率: 0.082（推定実オッズ?16倍） / 2着集中度: 上位2艇 77.3%（補正+0.04） / 総合判定確率: 0.122 / → ヒモはやや固め。上位2艇以外を切ること', 'tenji_trigger': '展示確認: 1号艇伸び良→そのまま採用。悪→飛び組に差し替え。circle_pct上位2艇に絞り込むこと。'}",,,30.6,両建て推奨,19.21,34.6,4,,,,,,,,,,,
2025-05-19,丸亀,4,5,山下心一,B2,25.79,5,,7.0513,4.7,69,25,0.1979,4.0208,,,0,低,60,0,ま0%,,0,36.8,0.8479,0,0,0.0435,0,0,,,,,,D,,,0.273,0.494,,0.3417,B,57,0,◎○△フォーメーション（15〜20点）,0.5777,"{'is_target': True, 'verdict': '点数絞り', 'max_combo_prob': 0.0823, 'est_top_odds': 16.2, 'circle_concentration': 77.3, 'eligible_count': 9, 'bet_adj': 0, 'reason': 'rel_win1=50.6%（本命度） / 最有力組み合わせ確率: 0.082（推定実オッズ?16倍） / 2着集中度: 上位2艇 77.3%（補正+0.04） / 総合判定確率: 0.122 / → ヒモはやや固め。上位2艇以外を切ること', 'tenji_trigger': '展示確認: 1号艇伸び良→そのまま採用。悪→飛び組に差し替え。circle_pct上位2艇に絞り込むこと。'}",,,30.6,両建て推奨,19.21,34.6,4,,,,,,,,,,,
2025-05-19,丸亀,4,6,深川真二,A1,22.22,6,,2.4199,3.7,39,,,,,,0,低,21,1,-,,0,,,,,,,,,,,,,E,◎,○,0.3622,0.6545,0.15,0.3417,B,57,0,◎○△フォーメーション（15〜20点）,0.5777,"{'is_target': True, 'verdict': '点数絞り', 'max_combo_prob': 0.0823, 'est_top_odds': 16.2, 'circle_concentration': 77.3, 'eligible_count': 9, 'bet_adj': 0, 'reason': 'rel_win1=50.6%（本命度） / 最有力組み合わせ確率: 0.082（推定実オッズ?16倍） / 2着集中度: 上位2艇 77.3%（補正+0.04） / 総合判定確率: 0.122 / → ヒモはやや固め。上位2艇以外を切ること', 'tenji_trigger': '展示確認: 1号艇伸び良→そのまま採用。悪→飛び組に差し替え。circle_pct上位2艇に絞り込むこと。'}",,,30.6,両建て推奨,19.21,34.6,4,,,,,,,,,,,
2025-05-19,丸亀,5,1,後藤　浩,B1,38.36,1,◎,50.2744,,0,90,0.1578,3.2125,,,0,低,120,0,逃0%,,0,55.9,0.9513,0.6667,,,,,0.0556,0.2222,0,○,,B,△,,,0.6325,,0.4496,A,79,0,◎-○軸 3着3〜4艇流し（10〜15点）,0.5777,"{'is_target': True, 'verdict': '参加推奨', 'max_combo_prob': 0.0681, 'est_top_odds': 19.6, 'circle_concentration': 68.9, 'eligible_count': 8, 'bet_adj': 2, 'reason': 'rel_win1=50.3%（本命度） / 最有力組み合わせ確率: 0.068（推定実オッズ?20倍） / 2着集中度: 上位2艇 68.9%（補正+0.00） / 総合判定確率: 0.068 / → ヒモ分散。1号艇1着固定で広めのヒモ流し推奨（買い目+2点）', 'tenji_trigger': '展示確認: ヒモ分散レース。1号艇伸び確認後、広めのヒモ流しを採用。穴ヒモ（5・6号艇）を積極的に含める。'}",,,29.2,逃げ狙い,20.56,29.2,3,,,,,0,0,0.6155,0,,逃げ軸流し,A
2025-05-19,丸亀,5,2,笹木香吾,B1,33.13,2,△,12.3903,29.1,92,58.6,0.1686,3.4138,,,0,低,79,0,差0% ま0%,,0,97.8,0.959,0,0.0909,0.0455,0,0,0.025,0,0.3,,,C,△,,0.2104,0.584,,0.4496,A,79,0,◎-○軸 3着3〜4艇流し（10〜15点）,0.5777,"{'is_target': True, 'verdict': '参加推奨', 'max_combo_prob': 0.0681, 'est_top_odds': 19.6, 'circle_concentration': 68.9, 'eligible_count': 8, 'bet_adj': 2, 'reason': 'rel_win1=50.3%（本命度） / 最有力組み合わせ確率: 0.068（推定実オッズ?20倍） / 2着集中度: 上位2艇 68.9%（補正+0.00） / 総合判定確率: 0.068 / → ヒモ分散。1号艇1着固定で広めのヒモ流し推奨（買い目+2点）', 'tenji_trigger': '展示確認: ヒモ分散レース。1号艇伸び確認後、広めのヒモ流しを採用。穴ヒモ（5・6号艇）を積極的に含める。'}",,,29.2,逃げ狙い,20.56,29.2,3,,,,,,,,,,,
2025-05-19,丸亀,5,3,高橋竜矢,A1,35.76,3,○,16.5102,39.8,95,90.3,0.121,2.4839,,,0,低,31,0,-,,0,27.2,0.8885,0,0.0556,0.0556,0.0556,0.0556,0,0.0417,0.0833,,◎,B,◎,,0.4688,0.6585,,0.4496,A,79,0,◎-○軸 3着3〜4艇流し（10〜15点）,0.5777,"{'is_target': True, 'verdict': '参加推奨', 'max_combo_prob': 0.0681, 'est_top_odds': 19.6, 'circle_concentration': 68.9, 'eligible_count': 8, 'bet_adj': 2, 'reason': 'rel_win1=50.3%（本命度） / 最有力組み合わせ確率: 0.068（推定実オッズ?20倍） / 2着集中度: 上位2艇 68.9%（補正+0.00） / 総合判定確率: 0.068 / → ヒモ分散。1号艇1着固定で広めのヒモ流し推奨（買い目+2点）', 'tenji_trigger': '展示確認: ヒモ分散レース。1号艇伸び確認後、広めのヒモ流しを採用。穴ヒモ（5・6号艇）を積極的に含める。'}",,,29.2,逃げ狙い,20.56,29.2,3,,,,,,,,,,,
2025-05-19,丸亀,5,4,笠　雅雄,B2,35.46,4,▲,11.3146,11.9,68,38.6,0.1757,3.6705,,,0,低,120,0,ま0% 抜0%,,0,40.1,1.0091,0,0,0.0952,0,0.0952,0.275,0.25,0.025,,,C,,○,0.2331,0.551,0.2411,0.4496,A,79,0,◎-○軸 3着3〜4艇流し（10〜15点）,0.5777,"{'is_target': True, 'verdict': '参加推奨', 'max_combo_prob': 0.0681, 'est_top_odds': 19.6, 'circle_concentration': 68.9, 'eligible_count': 8, 'bet_adj': 2, 'reason': 'rel_win1=50.3%（本命度） / 最有力組み合わせ確率: 0.068（推定実オッズ?20倍） / 2着集中度: 上位2艇 68.9%（補正+0.00） / 総合判定確率: 0.068 / → ヒモ分散。1号艇1着固定で広めのヒモ流し推奨（買い目+2点）', 'tenji_trigger': '展示確認: ヒモ分散レース。1号艇伸び確認後、広めのヒモ流しを採用。穴ヒモ（5・6号艇）を積極的に含める。'}",,,29.2,逃げ狙い,20.56,29.2,3,,,,,,,,,,,
2025-05-19,丸亀,5,5,桑島和宏,A2,26.67,5,,8.6665,18.3,100,60.9,0.1662,3.7029,,,0,低,131,0,差0%,,0,33.3,1.9431,0,0.0323,0,0.0968,0,0.0526,0.0105,0.1276,,,D,○,◎,0.2661,0.6545,0.3976,0.4496,A,79,0,◎-○軸 3着3〜4艇流し（10〜15点）,0.5777,"{'is_target': True, 'verdict': '参加推奨', 'max_combo_prob': 0.0681, 'est_top_odds': 19.6, 'circle_concentration': 68.9, 'eligible_count': 8, 'bet_adj': 2, 'reason': 'rel_win1=50.3%（本命度） / 最有力組み合わせ確率: 0.068（推定実オッズ?20倍） / 2着集中度: 上位2艇 68.9%（補正+0.00） / 総合判定確率: 0.068 / → ヒモ分散。1号艇1着固定で広めのヒモ流し推奨（買い目+2点）', 'tenji_trigger': '展示確認: ヒモ分散レース。1号艇伸び確認後、広めのヒモ流しを採用。穴ヒモ（5・6号艇）を積極的に含める。'}",,,29.2,逃げ狙い,20.56,29.2,3,,,,,,,,,,,
2025-05-19,丸亀,5,6,西岡蒼志,B2,26.47,6,,0.844,0.9,34,10.1,0.1935,4.2563,,,0,低,79,0,-,,0,100,3.1133,,,,,,0,0.27,0,,,E,,,0.1987,0.528,,0.4496,A,79,0,◎-○軸 3着3〜4艇流し（10〜15点）,0.5777,"{'is_target': True, 'verdict': '参加推奨', 'max_combo_prob': 0.0681, 'est_top_odds': 19.6, 'circle_concentration': 68.9, 'eligible_count': 8, 'bet_adj': 2, 'reason': 'rel_win1=50.3%（本命度） / 最有力組み合わせ確率: 0.068（推定実オッズ?20倍） / 2着集中度: 上位2艇 68.9%（補正+0.00） / 総合判定確率: 0.068 / → ヒモ分散。1号艇1着固定で広めのヒモ流し推奨（買い目+2点）', 'tenji_trigger': '展示確認: ヒモ分散レース。1号艇伸び確認後、広めのヒモ流しを採用。穴ヒモ（5・6号艇）を積極的に含める。'}",,,29.2,逃げ狙い,20.56,29.2,3,,,,,,,,,,,
2025-05-19,丸亀,6,1,西舘　健,A2,31.54,1,◎,49.2751,,0,80.9,0.1507,2.8235,,,0,低,130,0,逃0%,,0,63.1,0.8685,0.5429,,,,,0.0895,0.1581,0.1124,◎,,C,,,,0.6065,,0.4819,A,69,0,◎-○軸 3着3〜4艇流し（10〜15点）,0.5777,"{'is_target': True, 'verdict': '参加推奨', 'max_combo_prob': 0.0526, 'est_top_odds': 25.4, 'circle_concentration': 65.9, 'eligible_count': 8, 'bet_adj': 2, 'reason': 'rel_win1=49.3%（本命度） / 最有力組み合わせ確率: 0.053（推定実オッズ?25倍） / 2着集中度: 上位2艇 65.9%（補正+0.00） / 総合判定確率: 0.053 / → ヒモ分散。1号艇1着固定で広めのヒモ流し推奨（買い目+2点）', 'tenji_trigger': '展示確認: ヒモ分散レース。1号艇伸び確認後、広めのヒモ流しを採用。穴ヒモ（5・6号艇）を積極的に含める。'}",,,31.8,逃げ狙い,28.25,30.2,3,,,,,0,0,0.7559,0,,逃げ軸流し,A
2025-05-19,丸亀,6,2,幸野史明,B1,31.21,2,,9.8467,33.4,78,49.3,0.1803,3.8767,,,0,低,126,0,-,,0,22.1,0.7247,0,0,0.1379,0,0,0.0381,0.094,0.4714,,,C,○,,0.0837,0.6415,,0.4819,A,69,0,◎-○軸 3着3〜4艇流し（10〜15点）,0.5777,"{'is_target': True, 'verdict': '参加推奨', 'max_combo_prob': 0.0526, 'est_top_odds': 25.4, 'circle_concentration': 65.9, 'eligible_count': 8, 'bet_adj': 2, 'reason': 'rel_win1=49.3%（本命度） / 最有力組み合わせ確率: 0.053（推定実オッズ?25倍） / 2着集中度: 上位2艇 65.9%（補正+0.00） / 総合判定確率: 0.053 / → ヒモ分散。1号艇1着固定で広めのヒモ流し推奨（買い目+2点）', 'tenji_trigger': '展示確認: ヒモ分散レース。1号艇伸び確認後、広めのヒモ流しを採用。穴ヒモ（5・6号艇）を積極的に含める。'}",,,31.8,逃げ狙い,28.25,30.2,3,,,,,,,,,,,
2025-05-19,丸亀,6,3,金田　諭,A1,27.38,3,△,21.0596,24.5,100,75.5,0.1731,3.2551,,,0,低,124,0,差0% ま0% 差ま0% 抜0%,,0,85.4,1.6296,0,0.05,0.05,0.15,0.05,0.1493,0.0293,0.1883,,,E,△,,0.2198,0.615,,0.4819,A,69,0,◎-○軸 3着3〜4艇流し（10〜15点）,0.5777,"{'is_target': True, 'verdict': '参加推奨', 'max_combo_prob': 0.0526, 'est_top_odds': 25.4, 'circle_concentration': 65.9, 'eligible_count': 8, 'bet_adj': 2, 'reason': 'rel_win1=49.3%（本命度） / 最有力組み合わせ確率: 0.053（推定実オッズ?25倍） / 2着集中度: 上位2艇 65.9%（補正+0.00） / 総合判定確率: 0.053 / → ヒモ分散。1号艇1着固定で広めのヒモ流し推奨（買い目+2点）', 'tenji_trigger': '展示確認: ヒモ分散レース。1号艇伸び確認後、広めのヒモ流しを採用。穴ヒモ（5・6号艇）を積極的に含める。'}",,,31.8,逃げ狙い,28.25,30.2,3,,,,,,,,,,,
2025-05-19,丸亀,6,4,三嶌誠司,A1,39.87,4,○,9.8648,32.5,83,71.4,0.149,2.9405,,,0,低,84,0,-,,0,51.6,0.8436,0,0,0,0,0.1,0.1235,0.1643,0.0959,,,B,◎,◎,0.3402,0.669,0.2607,0.4819,A,69,0,◎-○軸 3着3〜4艇流し（10〜15点）,0.5777,"{'is_target': True, 'verdict': '参加推奨', 'max_combo_prob': 0.0526, 'est_top_odds': 25.4, 'circle_concentration': 65.9, 'eligible_count': 8, 'bet_adj': 2, 'reason': 'rel_win1=49.3%（本命度） / 最有力組み合わせ確率: 0.053（推定実オッズ?25倍） / 2着集中度: 上位2艇 65.9%（補正+0.00） / 総合判定確率: 0.053 / → ヒモ分散。1号艇1着固定で広めのヒモ流し推奨（買い目+2点）', 'tenji_trigger': '展示確認: ヒモ分散レース。1号艇伸び確認後、広めのヒモ流しを採用。穴ヒモ（5・6号艇）を積極的に含める。'}",,,31.8,逃げ狙い,28.25,30.2,3,,,,,,,,,,,
2025-05-19,丸亀,6,5,三木晴斗,B1,28.05,5,,7.4824,3.3,83,32.2,0.1605,3.339,,,0,低,97,0,-,,0,40.1,0.9767,0,0,0,0,0.0455,0.095,0.195,0.155,,,D,,○,0.3025,0.5655,0.1247,0.4819,A,69,0,◎-○軸 3着3〜4艇流し（10〜15点）,0.5777,"{'is_target': True, 'verdict': '参加推奨', 'max_combo_prob': 0.0526, 'est_top_odds': 25.4, 'circle_concentration': 65.9, 'eligible_count': 8, 'bet_adj': 2, 'reason': 'rel_win1=49.3%（本命度） / 最有力組み合わせ確率: 0.053（推定実オッズ?25倍） / 2着集中度: 上位2艇 65.9%（補正+0.00） / 総合判定確率: 0.053 / → ヒモ分散。1号艇1着固定で広めのヒモ流し推奨（買い目+2点）', 'tenji_trigger': '展示確認: ヒモ分散レース。1号艇伸び確認後、広めのヒモ流しを採用。穴ヒモ（5・6号艇）を積極的に含める。'}",,,31.8,逃げ狙い,28.25,30.2,3,,,,,,,,,,,
2025-05-19,丸亀,6,6,野中義生,B1,38.61,6,▲,2.4714,6.3,47,32.6,0.1182,2.4898,,,0,低,79,0,-,,0,67.7,1.2867,,,,,,0.06,0.46,0.36,,◎,B,△,,0.4371,0.6175,,0.4819,A,69,0,◎-○軸 3着3〜4艇流し（10〜15点）,0.5777,"{'is_target': True, 'verdict': '参加推奨', 'max_combo_prob': 0.0526, 'est_top_odds': 25.4, 'circle_concentration': 65.9, 'eligible_count': 8, 'bet_adj': 2, 'reason': 'rel_win1=49.3%（本命度） / 最有力組み合わせ確率: 0.053（推定実オッズ?25倍） / 2着集中度: 上位2艇 65.9%（補正+0.00） / 総合判定確率: 0.053 / → ヒモ分散。1号艇1着固定で広めのヒモ流し推奨（買い目+2点）', 'tenji_trigger': '展示確認: ヒモ分散レース。1号艇伸び確認後、広めのヒモ流しを採用。穴ヒモ（5・6号艇）を積極的に含める。'}",,,31.8,逃げ狙い,28.25,30.2,3,,,,,,,,,,,
2025-05-19,丸亀,7,1,宮下元胤,A2,30.38,1,◎,52.7992,,0,86.3,0.1541,3.2671,,,0,低,126,0,逃0%,,0,83.4,1.2365,0.6,,,,,0.1767,0.1283,0.115,○,,C,△,,,0.6615,,0.4139,A,73,0,◎-○軸 3着3〜4艇流し（10〜15点）,0.5777,"{'is_target': True, 'verdict': '参加推奨', 'max_combo_prob': 0.0792, 'est_top_odds': 16.8, 'circle_concentration': 71.4, 'eligible_count': 8, 'bet_adj': 2, 'reason': 'rel_win1=52.8%（本命度） / 最有力組み合わせ確率: 0.079（推定実オッズ?17倍） / 2着集中度: 上位2艇 71.4%（補正+0.04） / 総合判定確率: 0.119 / → ヒモ分散。1号艇1着固定で広めのヒモ流し推奨（買い目+2点）', 'tenji_trigger': '展示確認: ヒモ分散レース。1号艇伸び確認後、広めのヒモ流しを採用。穴ヒモ（5・6号艇）を積極的に含める。'}",,,29.7,逃げ狙い,19.03,32.2,4,,,,,0,0,0.6155,0,,逃げ軸流し,A
2025-05-19,丸亀,7,2,松本真広,B2,21.68,2,,7.3694,48.2,90,39,0.1554,3.4756,,,0,低,83,0,-,,0,54.3,1.1964,0,0.0435,0.0435,0,0,0,0.38,0.04,,△,E,,,0.3224,0.592,,0.4139,A,73,0,◎-○軸 3着3〜4艇流し（10〜15点）,0.5777,"{'is_target': True, 'verdict': '参加推奨', 'max_combo_prob': 0.0792, 'est_top_odds': 16.8, 'circle_concentration': 71.4, 'eligible_count': 8, 'bet_adj': 2, 'reason': 'rel_win1=52.8%（本命度） / 最有力組み合わせ確率: 0.079（推定実オッズ?17倍） / 2着集中度: 上位2艇 71.4%（補正+0.04） / 総合判定確率: 0.119 / → ヒモ分散。1号艇1着固定で広めのヒモ流し推奨（買い目+2点）', 'tenji_trigger': '展示確認: ヒモ分散レース。1号艇伸び確認後、広めのヒモ流しを採用。穴ヒモ（5・6号艇）を積極的に含める。'}",,,29.7,逃げ狙い,19.03,32.2,4,,,,,,,,,,,
2025-05-19,丸亀,7,3,宮野　仁,B1,31.52,3,▲,11.6892,16.2,76,32.1,0.1811,3.5536,,,0,低,175,0,ま0% 抜0%,,0,100,0.7912,0,0,0.0435,0,0.0435,0.0571,0.0286,0.3143,,,B,,,0.172,0.6005,,0.4139,A,73,0,◎-○軸 3着3〜4艇流し（10〜15点）,0.5777,"{'is_target': True, 'verdict': '参加推奨', 'max_combo_prob': 0.0792, 'est_top_odds': 16.8, 'circle_concentration': 71.4, 'eligible_count': 8, 'bet_adj': 2, 'reason': 'rel_win1=52.8%（本命度） / 最有力組み合わせ確率: 0.079（推定実オッズ?17倍） / 2着集中度: 上位2艇 71.4%（補正+0.04） / 総合判定確率: 0.119 / → ヒモ分散。1号艇1着固定で広めのヒモ流し推奨（買い目+2点）', 'tenji_trigger': '展示確認: ヒモ分散レース。1号艇伸び確認後、広めのヒモ流しを採用。穴ヒモ（5・6号艇）を積極的に含める。'}",,,29.7,逃げ狙い,19.03,32.2,4,,,,,,,,,,,
2025-05-19,丸亀,7,4,森永　淳,A1,35.90,4,○,18.6079,23.3,100,58,0.1248,2.68,,,0,低,52,0,差0% ま0% 差ま0%,,0,76.4,1.5643,0,0.05,0.15,0.05,0,0,0.1351,0.0811,,◎,B,◎,◎,0.4507,0.702,0.4648,0.4139,A,73,0,◎-○軸 3着3〜4艇流し（10〜15点）,0.5777,"{'is_target': True, 'verdict': '参加推奨', 'max_combo_prob': 0.0792, 'est_top_odds': 16.8, 'circle_concentration': 71.4, 'eligible_count': 8, 'bet_adj': 2, 'reason': 'rel_win1=52.8%（本命度） / 最有力組み合わせ確率: 0.079（推定実オッズ?17倍） / 2着集中度: 上位2艇 71.4%（補正+0.04） / 総合判定確率: 0.119 / → ヒモ分散。1号艇1着固定で広めのヒモ流し推奨（買い目+2点）', 'tenji_trigger': '展示確認: ヒモ分散レース。1号艇伸び確認後、広めのヒモ流しを採用。穴ヒモ（5・6号艇）を積極的に含める。'}",,,29.7,逃げ狙い,19.03,32.2,4,,,,,,,,,,,
2025-05-19,丸亀,7,5,後藤隼之,B1,24.19,5,△,3.2643,2.2,62,29.1,0.1553,3.8091,,,0,低,82,0,-,,0,36.1,0.8381,,,,,,0.0615,0.1011,0.1473,,,D,△,,0.3249,0.6475,,0.4139,A,73,0,◎-○軸 3着3〜4艇流し（10〜15点）,0.5777,"{'is_target': True, 'verdict': '参加推奨', 'max_combo_prob': 0.0792, 'est_top_odds': 16.8, 'circle_concentration': 71.4, 'eligible_count': 8, 'bet_adj': 2, 'reason': 'rel_win1=52.8%（本命度） / 最有力組み合わせ確率: 0.079（推定実オッズ?17倍） / 2着集中度: 上位2艇 71.4%（補正+0.04） / 総合判定確率: 0.119 / → ヒモ分散。1号艇1着固定で広めのヒモ流し推奨（買い目+2点）', 'tenji_trigger': '展示確認: ヒモ分散レース。1号艇伸び確認後、広めのヒモ流しを採用。穴ヒモ（5・6号艇）を積極的に含める。'}",,,29.7,逃げ狙い,19.03,32.2,4,,,,,,,,,,,
2025-05-19,丸亀,7,6,井上忠政,A1,28.67,6,,6.27,10.2,83,60,0.1836,5,,,0,低,51,0,-,,0,31.1,2.4125,,,,,,0,0,0.125,,,C,○,,0.2354,0.6805,,0.4139,A,73,0,◎-○軸 3着3〜4艇流し（10〜15点）,0.5777,"{'is_target': True, 'verdict': '参加推奨', 'max_combo_prob': 0.0792, 'est_top_odds': 16.8, 'circle_concentration': 71.4, 'eligible_count': 8, 'bet_adj': 2, 'reason': 'rel_win1=52.8%（本命度） / 最有力組み合わせ確率: 0.079（推定実オッズ?17倍） / 2着集中度: 上位2艇 71.4%（補正+0.04） / 総合判定確率: 0.119 / → ヒモ分散。1号艇1着固定で広めのヒモ流し推奨（買い目+2点）', 'tenji_trigger': '展示確認: ヒモ分散レース。1号艇伸び確認後、広めのヒモ流しを採用。穴ヒモ（5・6号艇）を積極的に含める。'}",,,29.7,逃げ狙い,19.03,32.2,4,,,,,,,,,,,
2025-05-19,丸亀,8,1,吉永則雄,A1,34.16,1,◎,70.6929,,0,88.3,0.1836,4.1489,,,0,低,112,0,逃1%,,0,70.8,1.1288,0.7391,,,,,0.0896,0.0635,0.1184,○,,B,◎,,,0.696,,0.3869,A,79,0,◎-○軸 3着3〜4艇流し（10〜15点）,0.5777,"{'is_target': True, 'verdict': '参加推奨', 'max_combo_prob': 0.0944, 'est_top_odds': 14.1, 'circle_concentration': 65.8, 'eligible_count': 8, 'bet_adj': 2, 'reason': 'rel_win1=70.7%（本命度） / 最有力組み合わせ確率: 0.094（推定実オッズ?14倍） / 2着集中度: 上位2艇 65.8%（補正+0.00） / 総合判定確率: 0.094 / → ヒモ分散。1号艇1着固定で広めのヒモ流し推奨（買い目+2点）', 'tenji_trigger': '展示確認: ヒモ分散レース。1号艇伸び確認後、広めのヒモ流しを採用。穴ヒモ（5・6号艇）を積極的に含める。\n展示で1号艇スタート遅め(0.184秒)確認→ヒモが荒れやすい'}",,,28.1,逃げ狙い,16.24,29.9,4,,,,,0,0,0.6155,0,,逃げ軸流し,A
2025-05-19,丸亀,8,2,下河雅史,A2,31.17,2,▲,11.3895,38.4,100,67.2,0.1652,3.4569,,,0,低,132,0,-,,0,94.8,1.8897,0,0.04,0,0,0.04,0.16,0.08,0.3067,,◎,C,△,,0.5048,0.613,,0.3869,A,79,0,◎-○軸 3着3〜4艇流し（10〜15点）,0.5777,"{'is_target': True, 'verdict': '参加推奨', 'max_combo_prob': 0.0944, 'est_top_odds': 14.1, 'circle_concentration': 65.8, 'eligible_count': 8, 'bet_adj': 2, 'reason': 'rel_win1=70.7%（本命度） / 最有力組み合わせ確率: 0.094（推定実オッズ?14倍） / 2着集中度: 上位2艇 65.8%（補正+0.00） / 総合判定確率: 0.094 / → ヒモ分散。1号艇1着固定で広めのヒモ流し推奨（買い目+2点）', 'tenji_trigger': '展示確認: ヒモ分散レース。1号艇伸び確認後、広めのヒモ流しを採用。穴ヒモ（5・6号艇）を積極的に含める。\n展示で1号艇スタート遅め(0.184秒)確認→ヒモが荒れやすい'}",,,28.1,逃げ狙い,16.24,29.9,4,,,,,,,,,,,
2025-05-19,丸亀,8,3,坂口貴彦,B1,26.67,3,△,5.8403,25.1,65,54.4,0.1784,3.693,,,0,低,134,0,-,,0,100,2.3735,0,0,0,0.0741,0,0.0471,0.1235,0.1471,,,D,△,,0.3319,0.591,,0.3869,A,79,0,◎-○軸 3着3〜4艇流し（10〜15点）,0.5777,"{'is_target': True, 'verdict': '参加推奨', 'max_combo_prob': 0.0944, 'est_top_odds': 14.1, 'circle_concentration': 65.8, 'eligible_count': 8, 'bet_adj': 2, 'reason': 'rel_win1=70.7%（本命度） / 最有力組み合わせ確率: 0.094（推定実オッズ?14倍） / 2着集中度: 上位2艇 65.8%（補正+0.00） / 総合判定確率: 0.094 / → ヒモ分散。1号艇1着固定で広めのヒモ流し推奨（買い目+2点）', 'tenji_trigger': '展示確認: ヒモ分散レース。1号艇伸び確認後、広めのヒモ流しを採用。穴ヒモ（5・6号艇）を積極的に含める。\n展示で1号艇スタート遅め(0.184秒)確認→ヒモが荒れやすい'}",,,28.1,逃げ狙い,16.24,29.9,4,,,,,,,,,,,
2025-05-19,丸亀,8,4,北川太一,A2,32.93,4,○,7.1178,27.4,81,61.3,0.1461,2.9194,,,0,低,110,0,-,,0,35.2,0.8372,0,0,0,0,0.0455,0,0.1563,0.242,,○,B,○,◎,0.4677,0.6235,0.4226,0.3869,A,79,0,◎-○軸 3着3〜4艇流し（10〜15点）,0.5777,"{'is_target': True, 'verdict': '参加推奨', 'max_combo_prob': 0.0944, 'est_top_odds': 14.1, 'circle_concentration': 65.8, 'eligible_count': 8, 'bet_adj': 2, 'reason': 'rel_win1=70.7%（本命度） / 最有力組み合わせ確率: 0.094（推定実オッズ?14倍） / 2着集中度: 上位2艇 65.8%（補正+0.00） / 総合判定確率: 0.094 / → ヒモ分散。1号艇1着固定で広めのヒモ流し推奨（買い目+2点）', 'tenji_trigger': '展示確認: ヒモ分散レース。1号艇伸び確認後、広めのヒモ流しを採用。穴ヒモ（5・6号艇）を積極的に含める。\n展示で1号艇スタート遅め(0.184秒)確認→ヒモが荒れやすい'}",,,28.1,逃げ狙い,16.24,29.9,4,,,,,,,,,,,
2025-05-19,丸亀,8,5,伊藤紘章,B1,30.00,5,,3.8536,7.8,55,35.2,0.2148,4.6759,,,0,低,163,0,差ま0%,,0,33.1,0.9852,0,0,0,0.037,0,0.2471,0.2941,0.2941,,,C,,,0.1895,0.5245,,0.3869,A,79,0,◎-○軸 3着3〜4艇流し（10〜15点）,0.5777,"{'is_target': True, 'verdict': '参加推奨', 'max_combo_prob': 0.0944, 'est_top_odds': 14.1, 'circle_concentration': 65.8, 'eligible_count': 8, 'bet_adj': 2, 'reason': 'rel_win1=70.7%（本命度） / 最有力組み合わせ確率: 0.094（推定実オッズ?14倍） / 2着集中度: 上位2艇 65.8%（補正+0.00） / 総合判定確率: 0.094 / → ヒモ分散。1号艇1着固定で広めのヒモ流し推奨（買い目+2点）', 'tenji_trigger': '展示確認: ヒモ分散レース。1号艇伸び確認後、広めのヒモ流しを採用。穴ヒモ（5・6号艇）を積極的に含める。\n展示で1号艇スタート遅め(0.184秒)確認→ヒモが荒れやすい'}",,,28.1,逃げ狙い,16.24,29.9,4,,,,,,,,,,,
2025-05-19,丸亀,8,6,山下心一,B2,25.79,6,,1.1058,1.3,32,11.9,0.1823,3.7321,,,0,低,60,0,-,,0,29.7,0.6106,0,0,0,0,0.0208,,,,,,E,,,0.3275,0.494,,0.3869,A,79,0,◎-○軸 3着3〜4艇流し（10〜15点）,0.5777,"{'is_target': True, 'verdict': '参加推奨', 'max_combo_prob': 0.0944, 'est_top_odds': 14.1, 'circle_concentration': 65.8, 'eligible_count': 8, 'bet_adj': 2, 'reason': 'rel_win1=70.7%（本命度） / 最有力組み合わせ確率: 0.094（推定実オッズ?14倍） / 2着集中度: 上位2艇 65.8%（補正+0.00） / 総合判定確率: 0.094 / → ヒモ分散。1号艇1着固定で広めのヒモ流し推奨（買い目+2点）', 'tenji_trigger': '展示確認: ヒモ分散レース。1号艇伸び確認後、広めのヒモ流しを採用。穴ヒモ（5・6号艇）を積極的に含める。\n展示で1号艇スタート遅め(0.184秒)確認→ヒモが荒れやすい'}",,,28.1,逃げ狙い,16.24,29.9,4,,,,,,,,,,,
2025-05-19,丸亀,9,1,松本博昭,A2,24.84,1,◎,64.039,,0,92.7,0.1493,2.7727,,,0,低,179,0,逃1%,,0,83.4,1.0201,0.6667,,,,,0.1237,0.0157,0.1472,◎,,E,◎,,,0.6525,,0.5796,S,88,0,◎1着固定 2-3着流し（5〜8点）,0.5777,"{'is_target': True, 'verdict': '点数絞り', 'max_combo_prob': 0.0983, 'est_top_odds': 13.6, 'circle_concentration': 82.2, 'eligible_count': 6, 'bet_adj': 0, 'reason': 'rel_win1=64.0%（本命度） / 最有力組み合わせ確率: 0.098（推定実オッズ?14倍） / 2着集中度: 上位2艇 82.2%（補正+0.04） / 総合判定確率: 0.138 / → ヒモはやや固め。上位2艇以外を切ること', 'tenji_trigger': '展示確認: 1号艇伸び良→そのまま採用。悪→飛び組に差し替え。circle_pct上位2艇に絞り込むこと。'}",,,25.8,逃げ狙い,11.53,27.3,2,,,,,0,0,0.7559,0,,逃げ軸流し,A
2025-05-19,丸亀,9,2,柴田直哉,B1,30.77,2,△,11.2304,43.1,62,53.7,0.1704,3.8582,,,0,低,140,0,差0%,,0,35,0.8817,0,0.0385,0,0,0,0,0.0842,0.3421,,,C,△,,0.1146,0.6175,,0.5796,S,88,0,◎1着固定 2-3着流し（5〜8点）,0.5777,"{'is_target': True, 'verdict': '点数絞り', 'max_combo_prob': 0.0983, 'est_top_odds': 13.6, 'circle_concentration': 82.2, 'eligible_count': 6, 'bet_adj': 0, 'reason': 'rel_win1=64.0%（本命度） / 最有力組み合わせ確率: 0.098（推定実オッズ?14倍） / 2着集中度: 上位2艇 82.2%（補正+0.04） / 総合判定確率: 0.138 / → ヒモはやや固め。上位2艇以外を切ること', 'tenji_trigger': '展示確認: 1号艇伸び良→そのまま採用。悪→飛び組に差し替え。circle_pct上位2艇に絞り込むこと。'}",,,25.8,逃げ狙い,11.53,27.3,2,,,,,,,,,,,
2025-05-19,丸亀,9,3,川田正人,B1,26.00,3,,10.8257,39,87,62.7,0.159,3.4328,,,0,低,152,0,-,,0,59.4,1.2108,0,0.0968,0,0.0323,0,0.1373,0.3263,0.0387,,,D,,,0.2567,0.614,,0.5796,S,88,0,◎1着固定 2-3着流し（5〜8点）,0.5777,"{'is_target': True, 'verdict': '点数絞り', 'max_combo_prob': 0.0983, 'est_top_odds': 13.6, 'circle_concentration': 82.2, 'eligible_count': 6, 'bet_adj': 0, 'reason': 'rel_win1=64.0%（本命度） / 最有力組み合わせ確率: 0.098（推定実オッズ?14倍） / 2着集中度: 上位2艇 82.2%（補正+0.04） / 総合判定確率: 0.138 / → ヒモはやや固め。上位2艇以外を切ること', 'tenji_trigger': '展示確認: 1号艇伸び良→そのまま採用。悪→飛び組に差し替え。circle_pct上位2艇に絞り込むこと。'}",,,25.8,逃げ狙い,11.53,27.3,2,,,,,,,,,,,
2025-05-19,丸亀,9,4,柳瀬幹太,B1,33.74,4,○,6.0144,12,100,28.9,0.1534,3.1711,,,0,低,70,0,ま0%,,0,31.9,0.6694,0,0,0.0909,0,0,0.2364,0.1091,0.0364,,,B,△,,0.2876,0.638,,0.5796,S,88,0,◎1着固定 2-3着流し（5〜8点）,0.5777,"{'is_target': True, 'verdict': '点数絞り', 'max_combo_prob': 0.0983, 'est_top_odds': 13.6, 'circle_concentration': 82.2, 'eligible_count': 6, 'bet_adj': 0, 'reason': 'rel_win1=64.0%（本命度） / 最有力組み合わせ確率: 0.098（推定実オッズ?14倍） / 2着集中度: 上位2艇 82.2%（補正+0.04） / 総合判定確率: 0.138 / → ヒモはやや固め。上位2艇以外を切ること', 'tenji_trigger': '展示確認: 1号艇伸び良→そのまま採用。悪→飛び組に差し替え。circle_pct上位2艇に絞り込むこと。'}",,,25.8,逃げ狙い,11.53,27.3,2,,,,,,,,,,,
2025-05-19,丸亀,9,5,岩田　凌,B1,25.87,5,,3.8656,4,41,2.9,0.1459,3.3824,,,0,低,86,0,-,,0,27.9,0.6905,,,,,,0.25,0.5,0.125,,,D,,,0.3245,0.5025,,0.5796,S,88,0,◎1着固定 2-3着流し（5〜8点）,0.5777,"{'is_target': True, 'verdict': '点数絞り', 'max_combo_prob': 0.0983, 'est_top_odds': 13.6, 'circle_concentration': 82.2, 'eligible_count': 6, 'bet_adj': 0, 'reason': 'rel_win1=64.0%（本命度） / 最有力組み合わせ確率: 0.098（推定実オッズ?14倍） / 2着集中度: 上位2艇 82.2%（補正+0.04） / 総合判定確率: 0.138 / → ヒモはやや固め。上位2艇以外を切ること', 'tenji_trigger': '展示確認: 1号艇伸び良→そのまま採用。悪→飛び組に差し替え。circle_pct上位2艇に絞り込むこと。'}",,,25.8,逃げ狙い,11.53,27.3,2,,,,,,,,,,,
2025-05-19,丸亀,9,6,鈴木智啓,A2,38.82,6,▲,4.025,1.8,53,20,0.1775,3.8231,,,0,低,123,0,-,,0,23.9,0.7844,0,0,0,0.0303,0,0.1849,0.1741,0.0432,,,B,○,,0.1905,0.6485,,0.5796,S,88,0,◎1着固定 2-3着流し（5〜8点）,0.5777,"{'is_target': True, 'verdict': '点数絞り', 'max_combo_prob': 0.0983, 'est_top_odds': 13.6, 'circle_concentration': 82.2, 'eligible_count': 6, 'bet_adj': 0, 'reason': 'rel_win1=64.0%（本命度） / 最有力組み合わせ確率: 0.098（推定実オッズ?14倍） / 2着集中度: 上位2艇 82.2%（補正+0.04） / 総合判定確率: 0.138 / → ヒモはやや固め。上位2艇以外を切ること', 'tenji_trigger': '展示確認: 1号艇伸び良→そのまま採用。悪→飛び組に差し替え。circle_pct上位2艇に絞り込むこと。'}",,,25.8,逃げ狙い,11.53,27.3,2,,,,,,,,,,,
2025-05-19,丸亀,10,1,金田　諭,A1,27.38,1,◎,63.598,,0,97.5,0.1364,2.5432,,,0,低,124,0,逃1%,,0,86,1.2522,0.6829,,,,,0.1493,0.0293,0.1883,◎,,D,△,,,0.615,,0.6762,S,80,0,◎1着固定 2-3着流し（5〜8点）,0.5777,"{'is_target': True, 'verdict': '点数絞り', 'max_combo_prob': 0.1361, 'est_top_odds': 9.8, 'circle_concentration': 78.0, 'eligible_count': 6, 'bet_adj': 0, 'reason': 'rel_win1=63.6%（本命度） / 最有力組み合わせ確率: 0.136（推定実オッズ?10倍） / 2着集中度: 上位2艇 78.0%（補正+0.04） / 総合判定確率: 0.176 / → ヒモはやや固め。上位2艇以外を切ること', 'tenji_trigger': '展示確認: 1号艇伸び良→そのまま採用。悪→飛び組に差し替え。circle_pct上位2艇に絞り込むこと。\n展示で1号艇スタート超安定(0.136秒)→ヒモ固まり方向に注意'}",,,27.9,逃げ狙い,16.7,28.8,3,,,,,0,0,0.7559,0,,逃げ軸流し,A
2025-05-19,丸亀,10,2,桑島和宏,A2,26.67,2,△,11.9705,59.2,78,72.6,0.1618,3.0081,,,0,低,131,0,-,,0,25.6,0.6766,0,0.1,0.0667,0,0.0333,0.0526,0.0105,0.1276,,,D,○,,0.0936,0.6545,,0.6762,S,80,0,◎1着固定 2-3着流し（5〜8点）,0.5777,"{'is_target': True, 'verdict': '点数絞り', 'max_combo_prob': 0.1361, 'est_top_odds': 9.8, 'circle_concentration': 78.0, 'eligible_count': 6, 'bet_adj': 0, 'reason': 'rel_win1=63.6%（本命度） / 最有力組み合わせ確率: 0.136（推定実オッズ?10倍） / 2着集中度: 上位2艇 78.0%（補正+0.04） / 総合判定確率: 0.176 / → ヒモはやや固め。上位2艇以外を切ること', 'tenji_trigger': '展示確認: 1号艇伸び良→そのまま採用。悪→飛び組に差し替え。circle_pct上位2艇に絞り込むこと。\n展示で1号艇スタート超安定(0.136秒)→ヒモ固まり方向に注意'}",,,27.9,逃げ狙い,16.7,28.8,3,,,,,,,,,,,
2025-05-19,丸亀,10,3,間野兼礼,B1,28.57,3,▲,9.0017,18.7,92,45.6,0.1812,3.2982,,,0,低,94,0,-,,0,25.4,0.7704,,,,,,0,0.0889,0.1944,,,C,,,0.1476,0.564,,0.6762,S,80,0,◎1着固定 2-3着流し（5〜8点）,0.5777,"{'is_target': True, 'verdict': '点数絞り', 'max_combo_prob': 0.1361, 'est_top_odds': 9.8, 'circle_concentration': 78.0, 'eligible_count': 6, 'bet_adj': 0, 'reason': 'rel_win1=63.6%（本命度） / 最有力組み合わせ確率: 0.136（推定実オッズ?10倍） / 2着集中度: 上位2艇 78.0%（補正+0.04） / 総合判定確率: 0.176 / → ヒモはやや固め。上位2艇以外を切ること', 'tenji_trigger': '展示確認: 1号艇伸び良→そのまま採用。悪→飛び組に差し替え。circle_pct上位2艇に絞り込むこと。\n展示で1号艇スタート超安定(0.136秒)→ヒモ固まり方向に注意'}",,,27.9,逃げ狙い,16.7,28.8,3,,,,,,,,,,,
2025-05-19,丸亀,10,4,山田和佐,B1,25.81,4,,6.0862,12.7,100,41.2,0.1904,3.9216,,,0,低,130,0,-,,0,34,0.8549,0,0,0.0333,0,0.0333,0.1769,0.0308,0.1923,,,E,,,0.11,0.5895,,0.6762,S,80,0,◎1着固定 2-3着流し（5〜8点）,0.5777,"{'is_target': True, 'verdict': '点数絞り', 'max_combo_prob': 0.1361, 'est_top_odds': 9.8, 'circle_concentration': 78.0, 'eligible_count': 6, 'bet_adj': 0, 'reason': 'rel_win1=63.6%（本命度） / 最有力組み合わせ確率: 0.136（推定実オッズ?10倍） / 2着集中度: 上位2艇 78.0%（補正+0.04） / 総合判定確率: 0.176 / → ヒモはやや固め。上位2艇以外を切ること', 'tenji_trigger': '展示確認: 1号艇伸び良→そのまま採用。悪→飛び組に差し替え。circle_pct上位2艇に絞り込むこと。\n展示で1号艇スタート超安定(0.136秒)→ヒモ固まり方向に注意'}",,,27.9,逃げ狙い,16.7,28.8,3,,,,,,,,,,,
2025-05-19,丸亀,10,5,藤田靖弘,B1,39.47,5,○,8.2926,7.6,53,41.5,0.1589,3.4308,,,0,低,111,0,-,,0,100,2.8443,0,0,0,0.037,0.037,0.0533,0.115,0.0267,,,A,◎,◎,0.2157,0.6755,0.3919,0.6762,S,80,0,◎1着固定 2-3着流し（5〜8点）,0.5777,"{'is_target': True, 'verdict': '点数絞り', 'max_combo_prob': 0.1361, 'est_top_odds': 9.8, 'circle_concentration': 78.0, 'eligible_count': 6, 'bet_adj': 0, 'reason': 'rel_win1=63.6%（本命度） / 最有力組み合わせ確率: 0.136（推定実オッズ?10倍） / 2着集中度: 上位2艇 78.0%（補正+0.04） / 総合判定確率: 0.176 / → ヒモはやや固め。上位2艇以外を切ること', 'tenji_trigger': '展示確認: 1号艇伸び良→そのまま採用。悪→飛び組に差し替え。circle_pct上位2艇に絞り込むこと。\n展示で1号艇スタート超安定(0.136秒)→ヒモ固まり方向に注意'}",,,27.9,逃げ狙い,16.7,28.8,3,,,,,,,,,,,
2025-05-19,丸亀,10,6,竹田広樹,B1,30.63,6,,1.051,1.7,32,9.1,0.2116,4.3295,,,0,低,177,0,-,,0,24.2,0.6128,,,,,,0.0526,0.1579,0.3158,,,C,△,,0.1432,0.6185,,0.6762,S,80,0,◎1着固定 2-3着流し（5〜8点）,0.5777,"{'is_target': True, 'verdict': '点数絞り', 'max_combo_prob': 0.1361, 'est_top_odds': 9.8, 'circle_concentration': 78.0, 'eligible_count': 6, 'bet_adj': 0, 'reason': 'rel_win1=63.6%（本命度） / 最有力組み合わせ確率: 0.136（推定実オッズ?10倍） / 2着集中度: 上位2艇 78.0%（補正+0.04） / 総合判定確率: 0.176 / → ヒモはやや固め。上位2艇以外を切ること', 'tenji_trigger': '展示確認: 1号艇伸び良→そのまま採用。悪→飛び組に差し替え。circle_pct上位2艇に絞り込むこと。\n展示で1号艇スタート超安定(0.136秒)→ヒモ固まり方向に注意'}",,,27.9,逃げ狙い,16.7,28.8,3,,,,,,,,,,,
2025-05-19,丸亀,11,1,森永　淳,A1,35.90,1,◎,66.2265,,0,90.4,0.1421,2.3562,,,0,低,52,0,逃1%,,0,82.9,1.0072,0.7838,,,,,0,0.1351,0.0811,◎,,B,◎,,,0.702,,0.6508,S,100,0,◎1着固定 2-3着流し（5〜8点）,0.5777,"{'is_target': True, 'verdict': '参加推奨', 'max_combo_prob': 0.0731, 'est_top_odds': 18.2, 'circle_concentration': 55.7, 'eligible_count': 6, 'bet_adj': 2, 'reason': 'rel_win1=66.2%（本命度） / 最有力組み合わせ確率: 0.073（推定実オッズ?18倍） / 2着集中度: 上位2艇 55.7%（補正+0.00） / 総合判定確率: 0.073 / → ヒモ分散。1号艇1着固定で広めのヒモ流し推奨（買い目+2点）', 'tenji_trigger': '展示確認: ヒモ分散レース。1号艇伸び確認後、広めのヒモ流しを採用。穴ヒモ（5・6号艇）を積極的に含める。'}",,,25.5,逃げ狙い,13.44,24.8,3,,,,,0,0,0.7559,0,,逃げ軸流し,A
2025-05-19,丸亀,11,2,深川和仁,B1,27.56,2,△,11.3382,26.7,81,50,0.164,3.76,,,0,低,130,0,-,,0,41.7,0.9778,0,0.0435,0.0435,0,0.0435,0.2,0.0167,0.05,,,D,△,,0.0899,0.606,,0.6508,S,100,0,◎1着固定 2-3着流し（5〜8点）,0.5777,"{'is_target': True, 'verdict': '参加推奨', 'max_combo_prob': 0.0731, 'est_top_odds': 18.2, 'circle_concentration': 55.7, 'eligible_count': 6, 'bet_adj': 2, 'reason': 'rel_win1=66.2%（本命度） / 最有力組み合わせ確率: 0.073（推定実オッズ?18倍） / 2着集中度: 上位2艇 55.7%（補正+0.00） / 総合判定確率: 0.073 / → ヒモ分散。1号艇1着固定で広めのヒモ流し推奨（買い目+2点）', 'tenji_trigger': '展示確認: ヒモ分散レース。1号艇伸び確認後、広めのヒモ流しを採用。穴ヒモ（5・6号艇）を積極的に含める。'}",,,25.5,逃げ狙い,13.44,24.8,3,,,,,,,,,,,
2025-05-19,丸亀,11,3,西舘　健,A2,31.54,3,▲,10.9464,29,100,58.8,0.1538,3.2941,,,0,低,130,0,差0% ま0% 差ま0% 抜0%,,0,49.9,1.1231,0,0.0333,0.0667,0.0333,0.0667,0.0895,0.1581,0.1124,,,C,△,,0.2336,0.6065,,0.6508,S,100,0,◎1着固定 2-3着流し（5〜8点）,0.5777,"{'is_target': True, 'verdict': '参加推奨', 'max_combo_prob': 0.0731, 'est_top_odds': 18.2, 'circle_concentration': 55.7, 'eligible_count': 6, 'bet_adj': 2, 'reason': 'rel_win1=66.2%（本命度） / 最有力組み合わせ確率: 0.073（推定実オッズ?18倍） / 2着集中度: 上位2艇 55.7%（補正+0.00） / 総合判定確率: 0.073 / → ヒモ分散。1号艇1着固定で広めのヒモ流し推奨（買い目+2点）', 'tenji_trigger': '展示確認: ヒモ分散レース。1号艇伸び確認後、広めのヒモ流しを採用。穴ヒモ（5・6号艇）を積極的に含める。'}",,,25.5,逃げ狙い,13.44,24.8,3,,,,,,,,,,,
2025-05-19,丸亀,11,4,笹木香吾,B1,33.13,4,○,5.1168,22.6,64,39.7,0.1367,2.8175,,,0,低,79,0,ま0%,,0,34.1,0.794,0,0,0.1579,0,0,0.025,0,0.3,,,B,,,0.3442,0.584,,0.6508,S,100,0,◎1着固定 2-3着流し（5〜8点）,0.5777,"{'is_target': True, 'verdict': '参加推奨', 'max_combo_prob': 0.0731, 'est_top_odds': 18.2, 'circle_concentration': 55.7, 'eligible_count': 6, 'bet_adj': 2, 'reason': 'rel_win1=66.2%（本命度） / 最有力組み合わせ確率: 0.073（推定実オッズ?18倍） / 2着集中度: 上位2艇 55.7%（補正+0.00） / 総合判定確率: 0.073 / → ヒモ分散。1号艇1着固定で広めのヒモ流し推奨（買い目+2点）', 'tenji_trigger': '展示確認: ヒモ分散レース。1号艇伸び確認後、広めのヒモ流しを採用。穴ヒモ（5・6号艇）を積極的に含める。'}",,,25.5,逃げ狙い,13.44,24.8,3,,,,,,,,,,,
2025-05-19,丸亀,11,5,小林文彦,A2,28.17,5,,4.8843,17.4,59,42.9,0.1932,4.3214,,,0,低,166,0,-,,0,26.5,0.8033,0,0,0,0.0385,0,0.0143,0.2286,0.1143,,,D,,◎,0.1157,0.5995,0.1565,0.6508,S,100,0,◎1着固定 2-3着流し（5〜8点）,0.5777,"{'is_target': True, 'verdict': '参加推奨', 'max_combo_prob': 0.0731, 'est_top_odds': 18.2, 'circle_concentration': 55.7, 'eligible_count': 6, 'bet_adj': 2, 'reason': 'rel_win1=66.2%（本命度） / 最有力組み合わせ確率: 0.073（推定実オッズ?18倍） / 2着集中度: 上位2艇 55.7%（補正+0.00） / 総合判定確率: 0.073 / → ヒモ分散。1号艇1着固定で広めのヒモ流し推奨（買い目+2点）', 'tenji_trigger': '展示確認: ヒモ分散レース。1号艇伸び確認後、広めのヒモ流しを採用。穴ヒモ（5・6号艇）を積極的に含める。'}",,,25.5,逃げ狙い,13.44,24.8,3,,,,,,,,,,,
2025-05-19,丸亀,11,6,杉江浩明,B1,27.21,6,,1.4879,4.3,19,16.3,0.1906,4.5816,,,0,低,209,0,差ま0%,,0,29.4,0.8733,0,0,0,0.05,0,0.2444,0.1111,0.0444,,,E,○,,0.1325,0.6375,,0.6508,S,100,0,◎1着固定 2-3着流し（5〜8点）,0.5777,"{'is_target': True, 'verdict': '参加推奨', 'max_combo_prob': 0.0731, 'est_top_odds': 18.2, 'circle_concentration': 55.7, 'eligible_count': 6, 'bet_adj': 2, 'reason': 'rel_win1=66.2%（本命度） / 最有力組み合わせ確率: 0.073（推定実オッズ?18倍） / 2着集中度: 上位2艇 55.7%（補正+0.00） / 総合判定確率: 0.073 / → ヒモ分散。1号艇1着固定で広めのヒモ流し推奨（買い目+2点）', 'tenji_trigger': '展示確認: ヒモ分散レース。1号艇伸び確認後、広めのヒモ流しを採用。穴ヒモ（5・6号艇）を積極的に含める。'}",,,25.5,逃げ狙い,13.44,24.8,3,,,,,,,,,,,
2025-05-19,丸亀,12,1,三嶌誠司,A1,39.87,1,◎,57.1232,,0,90.4,0.1608,2.8014,,,0,低,84,0,逃0%,,0,85.4,1.1403,0.5862,,,,,0.1235,0.1643,0.0959,◎,,A,△,,,0.669,,0.4531,A,77,0,◎-○軸 3着3〜4艇流し（10〜15点）,0.5777,"{'is_target': True, 'verdict': '参加推奨', 'max_combo_prob': 0.0707, 'est_top_odds': 18.8, 'circle_concentration': 65.5, 'eligible_count': 8, 'bet_adj': 2, 'reason': 'rel_win1=57.1%（本命度） / 最有力組み合わせ確率: 0.071（推定実オッズ?19倍） / 2着集中度: 上位2艇 65.5%（補正+0.00） / 総合判定確率: 0.071 / → ヒモ分散。1号艇1着固定で広めのヒモ流し推奨（買い目+2点）', 'tenji_trigger': '展示確認: ヒモ分散レース。1号艇伸び確認後、広めのヒモ流しを採用。穴ヒモ（5・6号艇）を積極的に含める。'}",,,31.2,逃げ狙い,25.15,31.2,2,,,,,0,0,0.7559,0,,逃げ軸流し,A
2025-05-19,丸亀,12,2,深川真二,A1,22.22,2,,13.0252,34.8,39,69.8,0.1304,2.5849,,,0,低,21,0,差0%,,0,50.4,0.8812,0,0.1786,0.0357,0,0,0.0105,0.1173,0.0211,,◎,E,,,0.6072,0.6545,,0.4531,A,77,0,◎-○軸 3着3〜4艇流し（10〜15点）,0.5777,"{'is_target': True, 'verdict': '参加推奨', 'max_combo_prob': 0.0707, 'est_top_odds': 18.8, 'circle_concentration': 65.5, 'eligible_count': 8, 'bet_adj': 2, 'reason': 'rel_win1=57.1%（本命度） / 最有力組み合わせ確率: 0.071（推定実オッズ?19倍） / 2着集中度: 上位2艇 65.5%（補正+0.00） / 総合判定確率: 0.071 / → ヒモ分散。1号艇1着固定で広めのヒモ流し推奨（買い目+2点）', 'tenji_trigger': '展示確認: ヒモ分散レース。1号艇伸び確認後、広めのヒモ流しを採用。穴ヒモ（5・6号艇）を積極的に含める。'}",,,31.2,逃げ狙い,25.15,31.2,2,,,,,,,,,,,
2025-05-19,丸亀,12,3,堀本和也,A1,33.13,3,○,10.227,30.7,59,72.9,0.1144,2.1042,,,0,低,22,0,ま0% 差ま0% 抜0%,,0,56.9,1.2592,0,0,0.0476,0.1429,0.0476,0.04,0.04,0.12,,○,C,◎,,0.5053,0.769,,0.4531,A,77,0,◎-○軸 3着3〜4艇流し（10〜15点）,0.5777,"{'is_target': True, 'verdict': '参加推奨', 'max_combo_prob': 0.0707, 'est_top_odds': 18.8, 'circle_concentration': 65.5, 'eligible_count': 8, 'bet_adj': 2, 'reason': 'rel_win1=57.1%（本命度） / 最有力組み合わせ確率: 0.071（推定実オッズ?19倍） / 2着集中度: 上位2艇 65.5%（補正+0.00） / 総合判定確率: 0.071 / → ヒモ分散。1号艇1着固定で広めのヒモ流し推奨（買い目+2点）', 'tenji_trigger': '展示確認: ヒモ分散レース。1号艇伸び確認後、広めのヒモ流しを採用。穴ヒモ（5・6号艇）を積極的に含める。'}",,,31.2,逃げ狙い,25.15,31.2,2,,,,,,,,,,,
2025-05-19,丸亀,12,4,井上忠政,A1,28.67,4,,9.6813,16.3,100,85.7,0.1468,3.375,,,0,低,51,0,差0% ま0%,,0,89.1,1.5802,0,0.0833,0.0833,0,0,0,0,0.125,,,D,△,◎,0.3774,0.6805,0.3792,0.4531,A,77,0,◎-○軸 3着3〜4艇流し（10〜15点）,0.5777,"{'is_target': True, 'verdict': '参加推奨', 'max_combo_prob': 0.0707, 'est_top_odds': 18.8, 'circle_concentration': 65.5, 'eligible_count': 8, 'bet_adj': 2, 'reason': 'rel_win1=57.1%（本命度） / 最有力組み合わせ確率: 0.071（推定実オッズ?19倍） / 2着集中度: 上位2艇 65.5%（補正+0.00） / 総合判定確率: 0.071 / → ヒモ分散。1号艇1着固定で広めのヒモ流し推奨（買い目+2点）', 'tenji_trigger': '展示確認: ヒモ分散レース。1号艇伸び確認後、広めのヒモ流しを採用。穴ヒモ（5・6号艇）を積極的に含める。'}",,,31.2,逃げ狙い,25.15,31.2,2,,,,,,,,,,,
2025-05-19,丸亀,12,5,吉永則雄,A1,34.16,5,▲,5.164,13.3,67,50,0.1433,2.8077,,,0,低,112,0,-,,0,28.5,0.6605,,,,,,0.0896,0.0635,0.1184,,,C,○,,0.3918,0.696,,0.4531,A,77,0,◎-○軸 3着3〜4艇流し（10〜15点）,0.5777,"{'is_target': True, 'verdict': '参加推奨', 'max_combo_prob': 0.0707, 'est_top_odds': 18.8, 'circle_concentration': 65.5, 'eligible_count': 8, 'bet_adj': 2, 'reason': 'rel_win1=57.1%（本命度） / 最有力組み合わせ確率: 0.071（推定実オッズ?19倍） / 2着集中度: 上位2艇 65.5%（補正+0.00） / 総合判定確率: 0.071 / → ヒモ分散。1号艇1着固定で広めのヒモ流し推奨（買い目+2点）', 'tenji_trigger': '展示確認: ヒモ分散レース。1号艇伸び確認後、広めのヒモ流しを採用。穴ヒモ（5・6号艇）を積極的に含める。'}",,,31.2,逃げ狙い,25.15,31.2,2,,,,,,,,,,,
2025-05-19,丸亀,12,6,高橋竜矢,A1,35.76,6,△,4.7793,4.9,55,52.3,0.16,3.6477,,,0,低,31,0,差0%,,0,35.8,1.1006,0,0.0455,0,0,0.0455,0,0.0417,0.0833,,,B,,,0.3072,0.6585,,0.4531,A,77,0,◎-○軸 3着3〜4艇流し（10〜15点）,0.5777,"{'is_target': True, 'verdict': '参加推奨', 'max_combo_prob': 0.0707, 'est_top_odds': 18.8, 'circle_concentration': 65.5, 'eligible_count': 8, 'bet_adj': 2, 'reason': 'rel_win1=57.1%（本命度） / 最有力組み合わせ確率: 0.071（推定実オッズ?19倍） / 2着集中度: 上位2艇 65.5%（補正+0.00） / 総合判定確率: 0.071 / → ヒモ分散。1号艇1着固定で広めのヒモ流し推奨（買い目+2点）', 'tenji_trigger': '展示確認: ヒモ分散レース。1号艇伸び確認後、広めのヒモ流しを採用。穴ヒモ（5・6号艇）を積極的に含める。'}",,,31.2,逃げ狙い,25.15,31.2,2,,,,,,,,,,,
2025-05-20,丸亀,1,1,大熊辰弥,B1,23.65,1,◎,53.474,,0,36,0.1764,3.82,,,0,低,139,0,-,5,0,74.9,1.1431,,,,,,0.2,0.4,0.2,△,,D,,,,0.5275,,0.211,D,29,1,大荒れ。見送り推奨,0.5777,"{'is_target': True, 'verdict': '点数絞り', 'max_combo_prob': 0.0866, 'est_top_odds': 15.4, 'circle_concentration': 71.0, 'eligible_count': 6, 'bet_adj': 0, 'reason': 'rel_win1=53.5%（本命度） / 最有力組み合わせ確率: 0.087（推定実オッズ?15倍） / 2着集中度: 上位2艇 71.0%（補正+0.04） / 総合判定確率: 0.127 / → ヒモはやや固め。上位2艇以外を切ること', 'tenji_trigger': '展示確認: 1号艇伸び良→そのまま採用。悪→飛び組に差し替え。circle_pct上位2艇に絞り込むこと。'}",,,31.6,両建て推奨,14.88,41,4,5-1-3|5-1-6|1-3-4|1-3-5|1-2-4|1-2-3|1-4-3,2-1-3|2-1-4|6-1-3|6-1-4|5-1-3|5-1-6|6-4-1|1-3-4|1-3-5|1-2-4|1-2-3|1-4-3,5-1-3:1.94%|5-1-6:1.68%|1-3-4:6.77%|1-3-5:5.33%|1-2-4:5.2%|1-2-3:4.99%|1-4-3:4.14%,5-1-3:B_main|5-1-6:B_main|1-3-4:A|1-3-5:A|1-2-4:A|1-2-3:A|1-4-3:A,7,12,0.4535,1,[!]見送り推奨（主役決まり手「まくり差し」― 逃げ劣勢レースで的中実績なし）,荒れ広め,D
2025-05-20,丸亀,1,2,岩田　凌,B1,25.87,2,,11.9861,31,42,19.4,0.189,3.8387,,,0,低,86,0,差0%,66,0,44.6,0.5424,0,0.0667,0,0,0,0.25,0.5,0.125,,,D,,,0.188,0.5025,,0.211,D,29,1,大荒れ。見送り推奨,0.5777,"{'is_target': True, 'verdict': '点数絞り', 'max_combo_prob': 0.0866, 'est_top_odds': 15.4, 'circle_concentration': 71.0, 'eligible_count': 6, 'bet_adj': 0, 'reason': 'rel_win1=53.5%（本命度） / 最有力組み合わせ確率: 0.087（推定実オッズ?15倍） / 2着集中度: 上位2艇 71.0%（補正+0.04） / 総合判定確率: 0.127 / → ヒモはやや固め。上位2艇以外を切ること', 'tenji_trigger': '展示確認: 1号艇伸び良→そのまま採用。悪→飛び組に差し替え。circle_pct上位2艇に絞り込むこと。'}",,,31.6,両建て推奨,14.88,41,4,,,,,,,,,,,
2025-05-20,丸亀,1,3,梶原　正,B1,26.88,3,△,15.3575,40,91,51.5,0.1568,3.6212,,,0,低,90,0,抜0%,2,0,81.4,1.7781,0,0,0.0667,0.0333,0.0333,0.23,0.305,0.139,,○,C,◎,,0.389,0.6495,,0.211,D,29,1,大荒れ。見送り推奨,0.5777,"{'is_target': True, 'verdict': '点数絞り', 'max_combo_prob': 0.0866, 'est_top_odds': 15.4, 'circle_concentration': 71.0, 'eligible_count': 6, 'bet_adj': 0, 'reason': 'rel_win1=53.5%（本命度） / 最有力組み合わせ確率: 0.087（推定実オッズ?15倍） / 2着集中度: 上位2艇 71.0%（補正+0.04） / 総合判定確率: 0.127 / → ヒモはやや固め。上位2艇以外を切ること', 'tenji_trigger': '展示確認: 1号艇伸び良→そのまま採用。悪→飛び組に差し替え。circle_pct上位2艇に絞り込むこと。'}",,,31.6,両建て推奨,14.88,41,4,,,,,,,,,,,
2025-05-20,丸亀,1,4,川崎公靖,B1,31.06,4,○,12.638,16.1,100,43.8,0.1611,3.2422,,,0,低,102,0,-,1,0,100,2.1426,,,,,,0.1053,0.0421,0.5053,,,B,△,,0.3721,0.6275,,0.211,D,29,1,大荒れ。見送り推奨,0.5777,"{'is_target': True, 'verdict': '点数絞り', 'max_combo_prob': 0.0866, 'est_top_odds': 15.4, 'circle_concentration': 71.0, 'eligible_count': 6, 'bet_adj': 0, 'reason': 'rel_win1=53.5%（本命度） / 最有力組み合わせ確率: 0.087（推定実オッズ?15倍） / 2着集中度: 上位2艇 71.0%（補正+0.04） / 総合判定確率: 0.127 / → ヒモはやや固め。上位2艇以外を切ること', 'tenji_trigger': '展示確認: 1号艇伸び良→そのまま採用。悪→飛び組に差し替え。circle_pct上位2艇に絞り込むこと。'}",,,31.6,両建て推奨,14.88,41,4,,,,,,,,,,,
2025-05-20,丸亀,1,5,片岡大地,B1,30.13,5,▲,3.7402,12.3,44,27.4,0.13,2.7016,,,0,低,64,0,-,4,0,37.1,0.7569,,,,,,0.0267,0.2567,0.0267,,◎,B,○,,0.4576,0.6305,,0.211,D,29,1,大荒れ。見送り推奨,0.5777,"{'is_target': True, 'verdict': '点数絞り', 'max_combo_prob': 0.0866, 'est_top_odds': 15.4, 'circle_concentration': 71.0, 'eligible_count': 6, 'bet_adj': 0, 'reason': 'rel_win1=53.5%（本命度） / 最有力組み合わせ確率: 0.087（推定実オッズ?15倍） / 2着集中度: 上位2艇 71.0%（補正+0.04） / 総合判定確率: 0.127 / → ヒモはやや固め。上位2艇以外を切ること', 'tenji_trigger': '展示確認: 1号艇伸び良→そのまま採用。悪→飛び組に差し替え。circle_pct上位2艇に絞り込むこと。'}",,,31.6,両建て推奨,14.88,41,4,,,,,,,,,,,
2025-05-20,丸亀,1,6,川田正人,B1,26.00,6,,2.8043,0.6,61,23.2,0.1925,4.5982,,,0,低,152,0,-,52,0,29.5,0.9661,0,0.0357,0,0,0,0.1373,0.3263,0.0387,,,D,△,,0.2266,0.614,,0.211,D,29,1,大荒れ。見送り推奨,0.5777,"{'is_target': True, 'verdict': '点数絞り', 'max_combo_prob': 0.0866, 'est_top_odds': 15.4, 'circle_concentration': 71.0, 'eligible_count': 6, 'bet_adj': 0, 'reason': 'rel_win1=53.5%（本命度） / 最有力組み合わせ確率: 0.087（推定実オッズ?15倍） / 2着集中度: 上位2艇 71.0%（補正+0.04） / 総合判定確率: 0.127 / → ヒモはやや固め。上位2艇以外を切ること', 'tenji_trigger': '展示確認: 1号艇伸び良→そのまま採用。悪→飛び組に差し替え。circle_pct上位2艇に絞り込むこと。'}",,,31.6,両建て推奨,14.88,41,4,,,,,,,,,,,
2025-05-20,丸亀,2,1,野中義生,B1,38.61,1,◎,42.1851,,0,54.2,0.1829,3.6875,,,0,低,79,0,逃0%,5,0,29.6,0.7225,0.25,,,,,0.06,0.46,0.36,△,,A,△,,,0.6175,,0.2315,D,33,1,大荒れ。見送り推奨,0.5777,"{'is_target': False, 'verdict': '対象外', 'max_combo_prob': None, 'est_top_odds': None, 'circle_concentration': None, 'eligible_count': 0, 'bet_adj': 0, 'reason': '1号艇rel_win1 < 45%: 通常判定に委ねる', 'tenji_trigger': ''}",,,32.6,両建て推奨,18.27,40.9,3,2-3-6|2-3-4|2-3-5|1-2-5|1-3-2|1-2-3|1-3-5|1-4-2,5-1-6|3-1-4|3-1-5|5-1-3|2-3-6|2-3-4|2-3-5|1-2-5|1-3-2|1-2-3|1-3-5|1-4-2,2-3-6:2.0%|2-3-4:1.72%|2-3-5:1.37%|1-2-5:6.86%|1-3-2:6.46%|1-2-3:6.24%|1-3-5:5.02%|1-4-2:4.64%,2-3-6:B_main|2-3-4:B_main|2-3-5:B_main|1-2-5:A|1-3-2:A|1-2-3:A|1-3-5:A|1-4-2:A,8,12,0.4535,1,[!]見送り推奨（主役決まり手「まくり」― 逃げ劣勢レースで的中実績なし）,荒れ広め,D
2025-05-20,丸亀,2,2,後藤隼之,B1,24.19,2,,14.6511,38.8,100,59.1,0.1395,3.0152,,,0,低,82,0,-,46,0,94.2,1.7531,0,0.04,0.08,0,0,0.0615,0.1011,0.1473,,◎,E,○,,0.5716,0.6475,,0.2315,D,33,1,大荒れ。見送り推奨,0.5777,"{'is_target': False, 'verdict': '対象外', 'max_combo_prob': None, 'est_top_odds': None, 'circle_concentration': None, 'eligible_count': 0, 'bet_adj': 0, 'reason': '1号艇rel_win1 < 45%: 通常判定に委ねる', 'tenji_trigger': ''}",,,32.6,両建て推奨,18.27,40.9,3,,,,,,,,,,,
2025-05-20,丸亀,2,3,伊藤紘章,B1,30.00,3,○,26.4906,32.6,64,58.8,0.181,3.4804,,,0,低,163,0,差0% 差ま0% 抜0%,54,0,65.5,1.5781,0,0.0435,0,0.087,0.1304,0.2471,0.2941,0.2941,,△,C,,,0.351,0.5245,,0.2315,D,33,1,大荒れ。見送り推奨,0.5777,"{'is_target': False, 'verdict': '対象外', 'max_combo_prob': None, 'est_top_odds': None, 'circle_concentration': None, 'eligible_count': 0, 'bet_adj': 0, 'reason': '1号艇rel_win1 < 45%: 通常判定に委ねる', 'tenji_trigger': ''}",,,32.6,両建て推奨,18.27,40.9,3,,,,,,,,,,,
2025-05-20,丸亀,2,4,柴田直哉,B1,30.77,4,△,7.7956,18.7,83,48.1,0.1948,4.0741,,,0,低,140,0,ま0%,5,0,29.1,0.9702,0,0,0.0556,0,0,0,0.0842,0.3421,,,B,△,,0.3125,0.6175,,0.2315,D,33,1,大荒れ。見送り推奨,0.5777,"{'is_target': False, 'verdict': '対象外', 'max_combo_prob': None, 'est_top_odds': None, 'circle_concentration': None, 'eligible_count': 0, 'bet_adj': 0, 'reason': '1号艇rel_win1 < 45%: 通常判定に委ねる', 'tenji_trigger': ''}",,,32.6,両建て推奨,18.27,40.9,3,,,,,,,,,,,
2025-05-20,丸亀,2,5,坂口貴彦,B1,26.67,5,▲,5.9345,8,44,27.7,0.1706,3.8077,,,0,低,134,0,-,3,0,81.2,1.5805,,,,,,0.0471,0.1235,0.1471,,○,D,△,,0.4209,0.591,,0.2315,D,33,1,大荒れ。見送り推奨,0.5777,"{'is_target': False, 'verdict': '対象外', 'max_combo_prob': None, 'est_top_odds': None, 'circle_concentration': None, 'eligible_count': 0, 'bet_adj': 0, 'reason': '1号艇rel_win1 < 45%: 通常判定に委ねる', 'tenji_trigger': ''}",,,32.6,両建て推奨,18.27,40.9,3,,,,,,,,,,,
2025-05-20,丸亀,2,6,松本博昭,A2,24.84,6,,2.9431,1.9,42,31.9,0.1861,4.1812,,,0,低,179,0,差ま0%,1,0,51,1.2319,0,0,0,0.037,0,0.1237,0.0157,0.1472,,,D,◎,,0.3384,0.6525,,0.2315,D,33,1,大荒れ。見送り推奨,0.5777,"{'is_target': False, 'verdict': '対象外', 'max_combo_prob': None, 'est_top_odds': None, 'circle_concentration': None, 'eligible_count': 0, 'bet_adj': 0, 'reason': '1号艇rel_win1 < 45%: 通常判定に委ねる', 'tenji_trigger': ''}",,,32.6,両建て推奨,18.27,40.9,3,,,,,,,,,,,
2025-05-20,丸亀,3,1,竹田広樹,B1,30.63,1,◎,45.4552,,0,67.4,0.1837,3.6196,,,0,低,177,0,逃0%,46,0,84.3,1.1071,0.4211,,,,,0.0526,0.1579,0.3158,△,,C,,,,0.6185,,0.2994,B,53,0,◎○△フォーメーション（15〜20点）,0.5777,"{'is_target': True, 'verdict': '参加推奨', 'max_combo_prob': 0.0584, 'est_top_odds': 22.8, 'circle_concentration': 68.9, 'eligible_count': 9, 'bet_adj': 2, 'reason': 'rel_win1=45.5%（本命度） / 最有力組み合わせ確率: 0.058（推定実オッズ?23倍） / 2着集中度: 上位2艇 68.9%（補正+0.00） / 総合判定確率: 0.058 / → ヒモ分散。1号艇1着固定で広めのヒモ流し推奨（買い目+2点）', 'tenji_trigger': '展示確認: ヒモ分散レース。1号艇伸び確認後、広めのヒモ流しを採用。穴ヒモ（5・6号艇）を積極的に含める。\n展示で1号艇スタート遅め(0.184秒)確認→ヒモが荒れやすい'}",,,34.6,両建て推奨,17.3,33.4,4,2-1-3|2-1-4|1-2-4|1-2-3|1-3-4|1-3-2|1-4-3,5-1-6|6-1-4|5-6-1|2-1-3|6-1-3|6-4-1|2-1-4|1-2-4|1-2-3|1-3-4|1-3-2|1-4-3,2-1-3:2.63%|2-1-4:2.02%|1-2-4:10.46%|1-2-3:7.85%|1-3-4:7.39%|1-3-2:5.53%|1-4-3:5.24%,2-1-3:B_main|2-1-4:B_main|1-2-4:A|1-2-3:A|1-3-4:A|1-3-2:A|1-4-3:A,7,12,0.4535,1,[!]見送り推奨（主役決まり手「差し」― 逃げ劣勢レースで的中実績なし）,荒れ広め,D
2025-05-20,丸亀,3,2,藤田靖弘,B1,39.47,2,○,16.6873,41.2,86,65.4,0.1498,3.2284,,,0,低,111,0,-,44,0,45.6,0.9097,0,0.0976,0.0488,0,0,0.0533,0.115,0.0267,,◎,B,○,,0.5778,0.6755,,0.2994,B,53,0,◎○△フォーメーション（15〜20点）,0.5777,"{'is_target': True, 'verdict': '参加推奨', 'max_combo_prob': 0.0584, 'est_top_odds': 22.8, 'circle_concentration': 68.9, 'eligible_count': 9, 'bet_adj': 2, 'reason': 'rel_win1=45.5%（本命度） / 最有力組み合わせ確率: 0.058（推定実オッズ?23倍） / 2着集中度: 上位2艇 68.9%（補正+0.00） / 総合判定確率: 0.058 / → ヒモ分散。1号艇1着固定で広めのヒモ流し推奨（買い目+2点）', 'tenji_trigger': '展示確認: ヒモ分散レース。1号艇伸び確認後、広めのヒモ流しを採用。穴ヒモ（5・6号艇）を積極的に含める。\n展示で1号艇スタート遅め(0.184秒)確認→ヒモが荒れやすい'}",,,34.6,両建て推奨,17.3,33.4,4,,,,,,,,,,,
2025-05-20,丸亀,3,3,後藤　浩,B1,38.36,3,△,15.2434,27.6,100,66.7,0.1589,3.4907,,,0,低,120,0,-,1,0,78.3,0.9227,0,0,0.0455,0.0455,0,0.0556,0.2222,0,,△,B,△,,0.429,0.6325,,0.2994,B,53,0,◎○△フォーメーション（15〜20点）,0.5777,"{'is_target': True, 'verdict': '参加推奨', 'max_combo_prob': 0.0584, 'est_top_odds': 22.8, 'circle_concentration': 68.9, 'eligible_count': 9, 'bet_adj': 2, 'reason': 'rel_win1=45.5%（本命度） / 最有力組み合わせ確率: 0.058（推定実オッズ?23倍） / 2着集中度: 上位2艇 68.9%（補正+0.00） / 総合判定確率: 0.058 / → ヒモ分散。1号艇1着固定で広めのヒモ流し推奨（買い目+2点）', 'tenji_trigger': '展示確認: ヒモ分散レース。1号艇伸び確認後、広めのヒモ流しを採用。穴ヒモ（5・6号艇）を積極的に含める。\n展示で1号艇スタート遅め(0.184秒)確認→ヒモが荒れやすい'}",,,34.6,両建て推奨,17.3,33.4,4,,,,,,,,,,,
2025-05-20,丸亀,3,4,堀本和也,A1,33.13,4,▲,15.6285,22.3,76,59.5,0.104,2.5595,,,0,低,22,0,ま0% 差ま0% 抜0%,35,0,85.4,1.4464,0,0,0.05,0.05,0.1,0.04,0.04,0.12,,○,C,◎,◎,0.4906,0.769,0.444,0.2994,B,53,0,◎○△フォーメーション（15〜20点）,0.5777,"{'is_target': True, 'verdict': '参加推奨', 'max_combo_prob': 0.0584, 'est_top_odds': 22.8, 'circle_concentration': 68.9, 'eligible_count': 9, 'bet_adj': 2, 'reason': 'rel_win1=45.5%（本命度） / 最有力組み合わせ確率: 0.058（推定実オッズ?23倍） / 2着集中度: 上位2艇 68.9%（補正+0.00） / 総合判定確率: 0.058 / → ヒモ分散。1号艇1着固定で広めのヒモ流し推奨（買い目+2点）', 'tenji_trigger': '展示確認: ヒモ分散レース。1号艇伸び確認後、広めのヒモ流しを採用。穴ヒモ（5・6号艇）を積極的に含める。\n展示で1号艇スタート遅め(0.184秒)確認→ヒモが荒れやすい'}",,,34.6,両建て推奨,17.3,33.4,4,,,,,,,,,,,
2025-05-20,丸亀,3,5,松本真広,B2,21.68,5,,5.1002,5.9,72,38.2,0.2024,4.0588,,,0,低,83,0,-,2,0,29.5,0.59,0,0,0,0.0556,0,0,0.38,0.04,,,E,,,0.2507,0.592,,0.2994,B,53,0,◎○△フォーメーション（15〜20点）,0.5777,"{'is_target': True, 'verdict': '参加推奨', 'max_combo_prob': 0.0584, 'est_top_odds': 22.8, 'circle_concentration': 68.9, 'eligible_count': 9, 'bet_adj': 2, 'reason': 'rel_win1=45.5%（本命度） / 最有力組み合わせ確率: 0.058（推定実オッズ?23倍） / 2着集中度: 上位2艇 68.9%（補正+0.00） / 総合判定確率: 0.058 / → ヒモ分散。1号艇1着固定で広めのヒモ流し推奨（買い目+2点）', 'tenji_trigger': '展示確認: ヒモ分散レース。1号艇伸び確認後、広めのヒモ流しを採用。穴ヒモ（5・6号艇）を積極的に含める。\n展示で1号艇スタート遅め(0.184秒)確認→ヒモが荒れやすい'}",,,34.6,両建て推奨,17.3,33.4,4,,,,,,,,,,,
2025-05-20,丸亀,3,6,宮下元胤,A2,30.38,6,,1.8855,2.9,73,38.2,0.1873,4.7818,,,0,低,126,0,-,1,0,41.8,1.4361,,,,,,0.1767,0.1283,0.115,,,D,△,,0.3255,0.6615,,0.2994,B,53,0,◎○△フォーメーション（15〜20点）,0.5777,"{'is_target': True, 'verdict': '参加推奨', 'max_combo_prob': 0.0584, 'est_top_odds': 22.8, 'circle_concentration': 68.9, 'eligible_count': 9, 'bet_adj': 2, 'reason': 'rel_win1=45.5%（本命度） / 最有力組み合わせ確率: 0.058（推定実オッズ?23倍） / 2着集中度: 上位2艇 68.9%（補正+0.00） / 総合判定確率: 0.058 / → ヒモ分散。1号艇1着固定で広めのヒモ流し推奨（買い目+2点）', 'tenji_trigger': '展示確認: ヒモ分散レース。1号艇伸び確認後、広めのヒモ流しを採用。穴ヒモ（5・6号艇）を積極的に含める。\n展示で1号艇スタート遅め(0.184秒)確認→ヒモが荒れやすい'}",,,34.6,両建て推奨,17.3,33.4,4,,,,,,,,,,,
2025-05-20,丸亀,4,1,杉江浩明,B1,27.21,1,◎,51.8243,,0,69.8,0.197,4.0465,,,0,低,209,0,逃0%,35,0,76.5,0.9207,0.3333,,,,,0.2444,0.1111,0.0444,△,,D,△,,,0.6375,,0.2273,A,62,0,◎-○軸 3着3〜4艇流し（10〜15点）,0.5777,"{'is_target': True, 'verdict': '参加推奨', 'max_combo_prob': 0.0522, 'est_top_odds': 25.5, 'circle_concentration': 66.1, 'eligible_count': 8, 'bet_adj': 2, 'reason': 'rel_win1=51.8%（本命度） / 最有力組み合わせ確率: 0.052（推定実オッズ?26倍） / 2着集中度: 上位2艇 66.1%（補正+0.00） / 総合判定確率: 0.052 / → ヒモ分散。1号艇1着固定で広めのヒモ流し推奨（買い目+2点）', 'tenji_trigger': '展示確認: ヒモ分散レース。1号艇伸び確認後、広めのヒモ流しを採用。穴ヒモ（5・6号艇）を積極的に含める。\n展示で1号艇スタート遅め(0.197秒)確認→ヒモが荒れやすい'}",,,34.2,両建て推奨,13.97,34.9,4,2-1-3|1-2-5|1-2-3|1-3-2|1-3-5|1-4-2,4-5-6|6-1-4|6-1-3|2-1-3|6-4-1|4-6-5|4-5-1|1-2-5|1-2-3|1-3-2|1-3-5|1-4-2,2-1-3:2.04%|1-2-5:6.95%|1-2-3:6.78%|1-3-2:5.94%|1-3-5:5.93%|1-4-2:4.82%,2-1-3:B_main|1-2-5:A|1-2-3:A|1-3-2:A|1-3-5:A|1-4-2:A,6,12,0.4535,1,[!]見送り推奨（主役決まり手「差し」― 逃げ劣勢レースで的中実績なし）,荒れ広め,D
2025-05-20,丸亀,4,2,三木晴斗,B1,28.05,2,,13.1285,33.2,81,40.4,0.1734,3.8723,,,0,低,97,0,差0%,2S,0,58.4,1.0517,0,0.1154,0,0,0,0.095,0.195,0.155,,◎,C,,,0.5987,0.5655,,0.2273,A,62,0,◎-○軸 3着3〜4艇流し（10〜15点）,0.5777,"{'is_target': True, 'verdict': '参加推奨', 'max_combo_prob': 0.0522, 'est_top_odds': 25.5, 'circle_concentration': 66.1, 'eligible_count': 8, 'bet_adj': 2, 'reason': 'rel_win1=51.8%（本命度） / 最有力組み合わせ確率: 0.052（推定実オッズ?26倍） / 2着集中度: 上位2艇 66.1%（補正+0.00） / 総合判定確率: 0.052 / → ヒモ分散。1号艇1着固定で広めのヒモ流し推奨（買い目+2点）', 'tenji_trigger': '展示確認: ヒモ分散レース。1号艇伸び確認後、広めのヒモ流しを採用。穴ヒモ（5・6号艇）を積極的に含める。\n展示で1号艇スタート遅め(0.197秒)確認→ヒモが荒れやすい'}",,,34.2,両建て推奨,13.97,34.9,4,,,,,,,,,,,
2025-05-20,丸亀,4,3,下河雅史,A2,31.17,3,△,11.387,33,100,54.7,0.1708,3.7734,,,0,低,132,0,ま0%,65,0,52.6,1.0563,0,0,0.1364,0,0,0.16,0.08,0.3067,,,C,△,,0.4627,0.613,,0.2273,A,62,0,◎-○軸 3着3〜4艇流し（10〜15点）,0.5777,"{'is_target': True, 'verdict': '参加推奨', 'max_combo_prob': 0.0522, 'est_top_odds': 25.5, 'circle_concentration': 66.1, 'eligible_count': 8, 'bet_adj': 2, 'reason': 'rel_win1=51.8%（本命度） / 最有力組み合わせ確率: 0.052（推定実オッズ?26倍） / 2着集中度: 上位2艇 66.1%（補正+0.00） / 総合判定確率: 0.052 / → ヒモ分散。1号艇1着固定で広めのヒモ流し推奨（買い目+2点）', 'tenji_trigger': '展示確認: ヒモ分散レース。1号艇伸び確認後、広めのヒモ流しを採用。穴ヒモ（5・6号艇）を積極的に含める。\n展示で1号艇スタート遅め(0.197秒)確認→ヒモが荒れやすい'}",,,34.2,両建て推奨,13.97,34.9,4,,,,,,,,,,,
2025-05-20,丸亀,4,4,西岡蒼志,B2,26.47,4,,13.1984,20.2,69,31.8,0.1259,2.8636,,,0,低,79,0,差0% ま0%,6,0,28.2,0.7121,0,0.0526,0.0526,0.0526,0,0,0.27,0,,○,D,,,0.4831,0.528,,0.2273,A,62,0,◎-○軸 3着3〜4艇流し（10〜15点）,0.5777,"{'is_target': True, 'verdict': '参加推奨', 'max_combo_prob': 0.0522, 'est_top_odds': 25.5, 'circle_concentration': 66.1, 'eligible_count': 8, 'bet_adj': 2, 'reason': 'rel_win1=51.8%（本命度） / 最有力組み合わせ確率: 0.052（推定実オッズ?26倍） / 2着集中度: 上位2艇 66.1%（補正+0.00） / 総合判定確率: 0.052 / → ヒモ分散。1号艇1着固定で広めのヒモ流し推奨（買い目+2点）', 'tenji_trigger': '展示確認: ヒモ分散レース。1号艇伸び確認後、広めのヒモ流しを採用。穴ヒモ（5・6号艇）を積極的に含める。\n展示で1号艇スタート遅め(0.197秒)確認→ヒモが荒れやすい'}",,,34.2,両建て推奨,13.97,34.9,4,,,,,,,,,,,
2025-05-20,丸亀,4,5,幸野史明,B1,31.21,5,▲,3.7484,4.2,96,34.7,0.1556,3.3133,,,0,低,126,0,-,3,0,57.2,0.9405,,,,,,0.0381,0.094,0.4714,,,C,○,,0.4608,0.6415,,0.2273,A,62,0,◎-○軸 3着3〜4艇流し（10〜15点）,0.5777,"{'is_target': True, 'verdict': '参加推奨', 'max_combo_prob': 0.0522, 'est_top_odds': 25.5, 'circle_concentration': 66.1, 'eligible_count': 8, 'bet_adj': 2, 'reason': 'rel_win1=51.8%（本命度） / 最有力組み合わせ確率: 0.052（推定実オッズ?26倍） / 2着集中度: 上位2艇 66.1%（補正+0.00） / 総合判定確率: 0.052 / → ヒモ分散。1号艇1着固定で広めのヒモ流し推奨（買い目+2点）', 'tenji_trigger': '展示確認: ヒモ分散レース。1号艇伸び確認後、広めのヒモ流しを採用。穴ヒモ（5・6号艇）を積極的に含める。\n展示で1号艇スタート遅め(0.197秒)確認→ヒモが荒れやすい'}",,,34.2,両建て推奨,13.97,34.9,4,,,,,,,,,,,
2025-05-20,丸亀,4,6,吉永則雄,A1,34.16,6,○,6.7132,9.5,68,39.3,0.1321,2.9643,,,0,低,112,0,差0%,13,0,24.8,0.6864,0,0.0625,0,0,0,0.0896,0.0635,0.1184,,△,B,◎,,0.4754,0.696,,0.2273,A,62,0,◎-○軸 3着3〜4艇流し（10〜15点）,0.5777,"{'is_target': True, 'verdict': '参加推奨', 'max_combo_prob': 0.0522, 'est_top_odds': 25.5, 'circle_concentration': 66.1, 'eligible_count': 8, 'bet_adj': 2, 'reason': 'rel_win1=51.8%（本命度） / 最有力組み合わせ確率: 0.052（推定実オッズ?26倍） / 2着集中度: 上位2艇 66.1%（補正+0.00） / 総合判定確率: 0.052 / → ヒモ分散。1号艇1着固定で広めのヒモ流し推奨（買い目+2点）', 'tenji_trigger': '展示確認: ヒモ分散レース。1号艇伸び確認後、広めのヒモ流しを採用。穴ヒモ（5・6号艇）を積極的に含める。\n展示で1号艇スタート遅め(0.197秒)確認→ヒモが荒れやすい'}",,,34.2,両建て推奨,13.97,34.9,4,,,,,,,,,,,
2025-05-20,丸亀,5,1,笠　雅雄,B2,35.46,1,◎,51.1031,,0,63.6,0.1691,3.4697,,,0,低,120,0,逃0%,65,0,34.8,0.7234,0.25,,,,,0.275,0.25,0.025,○,,B,,,,0.551,,0.3335,A,64,0,◎-○軸 3着3〜4艇流し（10〜15点）,0.5777,"{'is_target': True, 'verdict': '参加推奨', 'max_combo_prob': 0.0857, 'est_top_odds': 15.6, 'circle_concentration': 69.9, 'eligible_count': 8, 'bet_adj': 2, 'reason': 'rel_win1=51.1%（本命度） / 最有力組み合わせ確率: 0.086（推定実オッズ?16倍） / 2着集中度: 上位2艇 69.9%（補正+0.00） / 総合判定確率: 0.086 / → ヒモ分散。1号艇1着固定で広めのヒモ流し推奨（買い目+2点）', 'tenji_trigger': '展示確認: ヒモ分散レース。1号艇伸び確認後、広めのヒモ流しを採用。穴ヒモ（5・6号艇）を積極的に含める。'}",,,29.8,両建て推奨,12.69,37.7,3,,,,,0,0,0.6155,0,,逃げ軸流し,A
2025-05-20,丸亀,5,2,山田和佐,B1,25.81,2,△,10.7494,27.8,100,45.2,0.164,3.6774,,,0,低,130,0,ま0%,55,0,31.5,0.8991,0,0.0294,0.0294,0,0,0.1769,0.0308,0.1923,,○,D,△,,0.3975,0.5895,,0.3335,A,64,0,◎-○軸 3着3〜4艇流し（10〜15点）,0.5777,"{'is_target': True, 'verdict': '参加推奨', 'max_combo_prob': 0.0857, 'est_top_odds': 15.6, 'circle_concentration': 69.9, 'eligible_count': 8, 'bet_adj': 2, 'reason': 'rel_win1=51.1%（本命度） / 最有力組み合わせ確率: 0.086（推定実オッズ?16倍） / 2着集中度: 上位2艇 69.9%（補正+0.00） / 総合判定確率: 0.086 / → ヒモ分散。1号艇1着固定で広めのヒモ流し推奨（買い目+2点）', 'tenji_trigger': '展示確認: ヒモ分散レース。1号艇伸び確認後、広めのヒモ流しを採用。穴ヒモ（5・6号艇）を積極的に含める。'}",,,29.8,両建て推奨,12.69,37.7,3,,,,,,,,,,,
2025-05-20,丸亀,5,3,桑島和宏,A2,26.67,3,○,18.1901,42.1,92,72.4,0.1452,2.8966,,,0,低,131,0,-,42,0,100,2.341,0,0,0.037,0.0741,0.0741,0.0526,0.0105,0.1276,,◎,D,◎,,0.4538,0.6545,,0.3335,A,64,0,◎-○軸 3着3〜4艇流し（10〜15点）,0.5777,"{'is_target': True, 'verdict': '参加推奨', 'max_combo_prob': 0.0857, 'est_top_odds': 15.6, 'circle_concentration': 69.9, 'eligible_count': 8, 'bet_adj': 2, 'reason': 'rel_win1=51.1%（本命度） / 最有力組み合わせ確率: 0.086（推定実オッズ?16倍） / 2着集中度: 上位2艇 69.9%（補正+0.00） / 総合判定確率: 0.086 / → ヒモ分散。1号艇1着固定で広めのヒモ流し推奨（買い目+2点）', 'tenji_trigger': '展示確認: ヒモ分散レース。1号艇伸び確認後、広めのヒモ流しを採用。穴ヒモ（5・6号艇）を積極的に含める。'}",,,29.8,両建て推奨,12.69,37.7,3,,,,,,,,,,,
2025-05-20,丸亀,5,4,深川真二,A1,22.22,4,,13.8043,18.2,75,,,,,,0,低,21,1,-,12,0,,,,,,,,,,,,,E,◎,◎,0.3498,0.6545,0.15,0.3335,A,64,0,◎-○軸 3着3〜4艇流し（10〜15点）,0.5777,"{'is_target': True, 'verdict': '参加推奨', 'max_combo_prob': 0.0857, 'est_top_odds': 15.6, 'circle_concentration': 69.9, 'eligible_count': 8, 'bet_adj': 2, 'reason': 'rel_win1=51.1%（本命度） / 最有力組み合わせ確率: 0.086（推定実オッズ?16倍） / 2着集中度: 上位2艇 69.9%（補正+0.00） / 総合判定確率: 0.086 / → ヒモ分散。1号艇1着固定で広めのヒモ流し推奨（買い目+2点）', 'tenji_trigger': '展示確認: ヒモ分散レース。1号艇伸び確認後、広めのヒモ流しを採用。穴ヒモ（5・6号艇）を積極的に含める。'}",,,29.8,両建て推奨,12.69,37.7,3,,,,,,,,,,,
2025-05-20,丸亀,5,5,宮野　仁,B1,31.52,5,▲,4.9411,9.1,45,24.6,0.1892,4.3525,,,0,低,175,0,差ま0%,25,0,26.2,0.7671,0,0,0,0.0435,0,0.0571,0.0286,0.3143,,,B,△,,0.2544,0.6005,,0.3335,A,64,0,◎-○軸 3着3〜4艇流し（10〜15点）,0.5777,"{'is_target': True, 'verdict': '参加推奨', 'max_combo_prob': 0.0857, 'est_top_odds': 15.6, 'circle_concentration': 69.9, 'eligible_count': 8, 'bet_adj': 2, 'reason': 'rel_win1=51.1%（本命度） / 最有力組み合わせ確率: 0.086（推定実オッズ?16倍） / 2着集中度: 上位2艇 69.9%（補正+0.00） / 総合判定確率: 0.086 / → ヒモ分散。1号艇1着固定で広めのヒモ流し推奨（買い目+2点）', 'tenji_trigger': '展示確認: ヒモ分散レース。1号艇伸び確認後、広めのヒモ流しを採用。穴ヒモ（5・6号艇）を積極的に含める。'}",,,29.8,両建て推奨,12.69,37.7,3,,,,,,,,,,,
2025-05-20,丸亀,5,6,深川和仁,B1,27.56,6,,1.2119,2.8,31,22.7,0.1905,4.2614,,,0,低,130,0,-,16,0,43.6,1.0964,,,,,,0.2,0.0167,0.05,,,C,○,,0.2831,0.606,,0.3335,A,64,0,◎-○軸 3着3〜4艇流し（10〜15点）,0.5777,"{'is_target': True, 'verdict': '参加推奨', 'max_combo_prob': 0.0857, 'est_top_odds': 15.6, 'circle_concentration': 69.9, 'eligible_count': 8, 'bet_adj': 2, 'reason': 'rel_win1=51.1%（本命度） / 最有力組み合わせ確率: 0.086（推定実オッズ?16倍） / 2着集中度: 上位2艇 69.9%（補正+0.00） / 総合判定確率: 0.086 / → ヒモ分散。1号艇1着固定で広めのヒモ流し推奨（買い目+2点）', 'tenji_trigger': '展示確認: ヒモ分散レース。1号艇伸び確認後、広めのヒモ流しを採用。穴ヒモ（5・6号艇）を積極的に含める。'}",,,29.8,両建て推奨,12.69,37.7,3,,,,,,,,,,,
2025-05-20,丸亀,6,1,鈴木智啓,A2,38.82,1,◎,53.4562,,0,89.1,0.1536,3.1406,,,0,低,123,0,逃1%,4,0,87.5,1.1263,0.5135,,,,,0.1849,0.1741,0.0432,○,,B,○,,,0.6485,,0.4422,A,77,0,◎-○軸 3着3〜4艇流し（10〜15点）,0.5777,"{'is_target': True, 'verdict': '点数絞り', 'max_combo_prob': 0.0915, 'est_top_odds': 14.6, 'circle_concentration': 84.2, 'eligible_count': 8, 'bet_adj': 0, 'reason': 'rel_win1=53.5%（本命度） / 最有力組み合わせ確率: 0.091（推定実オッズ?15倍） / 2着集中度: 上位2艇 84.2%（補正+0.04） / 総合判定確率: 0.131 / → ヒモはやや固め。上位2艇以外を切ること', 'tenji_trigger': '展示確認: 1号艇伸び良→そのまま採用。悪→飛び組に差し替え。circle_pct上位2艇に絞り込むこと。'}",,,30.7,逃げ狙い,21.69,32.6,3,,,,,0,0,0.6155,0,,主役軸流し,B
2025-05-20,丸亀,6,2,片岡大地,B1,30.13,2,▲,7.9592,37.3,92,50,0.1441,3.3362,,,0,低,64,0,ま0%,4,0,52.2,0.8302,0,0,0.0385,0,0,0.0267,0.2567,0.0267,,○,C,△,,0.4266,0.6305,,0.4422,A,77,0,◎-○軸 3着3〜4艇流し（10〜15点）,0.5777,"{'is_target': True, 'verdict': '点数絞り', 'max_combo_prob': 0.0915, 'est_top_odds': 14.6, 'circle_concentration': 84.2, 'eligible_count': 8, 'bet_adj': 0, 'reason': 'rel_win1=53.5%（本命度） / 最有力組み合わせ確率: 0.091（推定実オッズ?15倍） / 2着集中度: 上位2艇 84.2%（補正+0.04） / 総合判定確率: 0.131 / → ヒモはやや固め。上位2艇以外を切ること', 'tenji_trigger': '展示確認: 1号艇伸び良→そのまま採用。悪→飛び組に差し替え。circle_pct上位2艇に絞り込むこと。'}",,,30.7,逃げ狙い,21.69,32.6,3,,,,,,,,,,,
2025-05-20,丸亀,6,3,森永　淳,A1,35.90,3,○,21.2682,46.9,74,75.6,0.1353,2.7,,,0,低,52,0,差0%,41,0,62.2,1.2938,0,0.1176,0.2941,0,0,0,0.1351,0.0811,,◎,B,◎,,0.4662,0.702,,0.4422,A,77,0,◎-○軸 3着3〜4艇流し（10〜15点）,0.5777,"{'is_target': True, 'verdict': '点数絞り', 'max_combo_prob': 0.0915, 'est_top_odds': 14.6, 'circle_concentration': 84.2, 'eligible_count': 8, 'bet_adj': 0, 'reason': 'rel_win1=53.5%（本命度） / 最有力組み合わせ確率: 0.091（推定実オッズ?15倍） / 2着集中度: 上位2艇 84.2%（補正+0.04） / 総合判定確率: 0.131 / → ヒモはやや固め。上位2艇以外を切ること', 'tenji_trigger': '展示確認: 1号艇伸び良→そのまま採用。悪→飛び組に差し替え。circle_pct上位2艇に絞り込むこと。'}",,,30.7,逃げ狙い,21.69,32.6,3,,,,,,,,,,,
2025-05-20,丸亀,6,4,金田　諭,A1,27.38,4,,8.8556,13.1,100,51,0.1643,3.5882,,,0,低,124,0,ま0% 差ま0%,41,0,55.6,1.0757,0,0,0.0833,0.0417,0,0.1493,0.0293,0.1883,,,D,△,◎,0.2766,0.615,0.293,0.4422,A,77,0,◎-○軸 3着3〜4艇流し（10〜15点）,0.5777,"{'is_target': True, 'verdict': '点数絞り', 'max_combo_prob': 0.0915, 'est_top_odds': 14.6, 'circle_concentration': 84.2, 'eligible_count': 8, 'bet_adj': 0, 'reason': 'rel_win1=53.5%（本命度） / 最有力組み合わせ確率: 0.091（推定実オッズ?15倍） / 2着集中度: 上位2艇 84.2%（補正+0.04） / 総合判定確率: 0.131 / → ヒモはやや固め。上位2艇以外を切ること', 'tenji_trigger': '展示確認: 1号艇伸び良→そのまま採用。悪→飛び組に差し替え。circle_pct上位2艇に絞り込むこと。'}",,,30.7,逃げ狙い,21.69,32.6,3,,,,,,,,,,,
2025-05-20,丸亀,6,5,笹木香吾,B1,33.13,5,△,6.9014,1.1,51,30.9,0.1584,3.1182,,,0,低,79,0,ま0%,33,0,35.4,1.0098,0,0,0.0526,0,0,0.025,0,0.3,,,C,,,0.2999,0.584,,0.4422,A,77,0,◎-○軸 3着3〜4艇流し（10〜15点）,0.5777,"{'is_target': True, 'verdict': '点数絞り', 'max_combo_prob': 0.0915, 'est_top_odds': 14.6, 'circle_concentration': 84.2, 'eligible_count': 8, 'bet_adj': 0, 'reason': 'rel_win1=53.5%（本命度） / 最有力組み合わせ確率: 0.091（推定実オッズ?15倍） / 2着集中度: 上位2艇 84.2%（補正+0.04） / 総合判定確率: 0.131 / → ヒモはやや固め。上位2艇以外を切ること', 'tenji_trigger': '展示確認: 1号艇伸び良→そのまま採用。悪→飛び組に差し替え。circle_pct上位2艇に絞り込むこと。'}",,,30.7,逃げ狙い,21.69,32.6,3,,,,,,,,,,,
2025-05-20,丸亀,6,6,山下心一,B2,25.79,6,,1.5594,1.6,31,11.9,0.1823,3.7321,,,0,低,60,0,-,66,0,26.2,0.6061,0,0,0,0,0.0208,,,,,,E,,,0.2476,0.494,,0.4422,A,77,0,◎-○軸 3着3〜4艇流し（10〜15点）,0.5777,"{'is_target': True, 'verdict': '点数絞り', 'max_combo_prob': 0.0915, 'est_top_odds': 14.6, 'circle_concentration': 84.2, 'eligible_count': 8, 'bet_adj': 0, 'reason': 'rel_win1=53.5%（本命度） / 最有力組み合わせ確率: 0.091（推定実オッズ?15倍） / 2着集中度: 上位2艇 84.2%（補正+0.04） / 総合判定確率: 0.131 / → ヒモはやや固め。上位2艇以外を切ること', 'tenji_trigger': '展示確認: 1号艇伸び良→そのまま採用。悪→飛び組に差し替え。circle_pct上位2艇に絞り込むこと。'}",,,30.7,逃げ狙い,21.69,32.6,3,,,,,,,,,,,
2025-05-20,丸亀,7,1,高橋竜矢,A1,35.76,1,◎,62.5472,,0,94.9,0.1208,2.2821,,,0,低,31,0,逃1%,21,0,91.6,1.2213,0.875,,,,,0,0.0417,0.0833,◎,,B,○,,,0.6585,,0.7412,S,97,0,◎1着固定 2-3着流し（5〜8点）,0.5777,"{'is_target': True, 'verdict': '点数絞り', 'max_combo_prob': 0.1078, 'est_top_odds': 12.4, 'circle_concentration': 72.9, 'eligible_count': 6, 'bet_adj': 0, 'reason': 'rel_win1=62.5%（本命度） / 最有力組み合わせ確率: 0.108（推定実オッズ?12倍） / 2着集中度: 上位2艇 72.9%（補正+0.04） / 総合判定確率: 0.148 / → ヒモはやや固め。上位2艇以外を切ること', 'tenji_trigger': '展示確認: 1号艇伸び良→そのまま採用。悪→飛び組に差し替え。circle_pct上位2艇に絞り込むこと。\n展示で1号艇スタート超安定(0.121秒)→ヒモ固まり方向に注意'}",,,25.3,逃げ狙い,15.36,22.7,3,,,,,0,0,0.7559,0,,逃げ軸流し,A
2025-05-20,丸亀,7,2,坂口貴彦,B1,26.67,2,,8.1243,35.1,100,61.3,0.1842,3.9758,,,0,低,134,0,-,3,0,65.5,0.7753,0,0.125,0,0,0,0.0471,0.1235,0.1471,,,D,,,0.0784,0.591,,0.7412,S,97,0,◎1着固定 2-3着流し（5〜8点）,0.5777,"{'is_target': True, 'verdict': '点数絞り', 'max_combo_prob': 0.1078, 'est_top_odds': 12.4, 'circle_concentration': 72.9, 'eligible_count': 6, 'bet_adj': 0, 'reason': 'rel_win1=62.5%（本命度） / 最有力組み合わせ確率: 0.108（推定実オッズ?12倍） / 2着集中度: 上位2艇 72.9%（補正+0.04） / 総合判定確率: 0.148 / → ヒモはやや固め。上位2艇以外を切ること', 'tenji_trigger': '展示確認: 1号艇伸び良→そのまま採用。悪→飛び組に差し替え。circle_pct上位2艇に絞り込むこと。\n展示で1号艇スタート超安定(0.121秒)→ヒモ固まり方向に注意'}",,,25.3,逃げ狙い,15.36,22.7,3,,,,,,,,,,,
2025-05-20,丸亀,7,3,三嶌誠司,A1,39.87,3,○,14.5331,37.7,64,63.5,0.1573,3.0962,,,0,低,84,0,差ま0%,24,0,53.5,1.2196,0,0,0,0.0741,0.1111,0.1235,0.1643,0.0959,,,A,◎,,0.1163,0.669,,0.7412,S,97,0,◎1着固定 2-3着流し（5〜8点）,0.5777,"{'is_target': True, 'verdict': '点数絞り', 'max_combo_prob': 0.1078, 'est_top_odds': 12.4, 'circle_concentration': 72.9, 'eligible_count': 6, 'bet_adj': 0, 'reason': 'rel_win1=62.5%（本命度） / 最有力組み合わせ確率: 0.108（推定実オッズ?12倍） / 2着集中度: 上位2艇 72.9%（補正+0.04） / 総合判定確率: 0.148 / → ヒモはやや固め。上位2艇以外を切ること', 'tenji_trigger': '展示確認: 1号艇伸び良→そのまま採用。悪→飛び組に差し替え。circle_pct上位2艇に絞り込むこと。\n展示で1号艇スタート超安定(0.121秒)→ヒモ固まり方向に注意'}",,,25.3,逃げ狙い,15.36,22.7,3,,,,,,,,,,,
2025-05-20,丸亀,7,4,松本真広,B2,21.68,4,,7.7365,7.7,68,32.5,0.1865,3.8375,,,0,低,83,0,-,2,0,30.2,0.817,0,0,0.0455,0.0455,0,0,0.38,0.04,,,E,,,0.1146,0.592,,0.7412,S,97,0,◎1着固定 2-3着流し（5〜8点）,0.5777,"{'is_target': True, 'verdict': '点数絞り', 'max_combo_prob': 0.1078, 'est_top_odds': 12.4, 'circle_concentration': 72.9, 'eligible_count': 6, 'bet_adj': 0, 'reason': 'rel_win1=62.5%（本命度） / 最有力組み合わせ確率: 0.108（推定実オッズ?12倍） / 2着集中度: 上位2艇 72.9%（補正+0.04） / 総合判定確率: 0.148 / → ヒモはやや固め。上位2艇以外を切ること', 'tenji_trigger': '展示確認: 1号艇伸び良→そのまま採用。悪→飛び組に差し替え。circle_pct上位2艇に絞り込むこと。\n展示で1号艇スタート超安定(0.121秒)→ヒモ固まり方向に注意'}",,,25.3,逃げ狙い,15.36,22.7,3,,,,,,,,,,,
2025-05-20,丸亀,7,5,北川太一,A2,32.93,5,▲,6.1751,18.5,35,42.2,0.143,3.4922,,,0,低,110,0,差ま0%,12,0,23.9,1.2671,0,0,0,0.0476,0,0,0.1563,0.242,,,C,△,◎,0.2141,0.6235,0.386,0.7412,S,97,0,◎1着固定 2-3着流し（5〜8点）,0.5777,"{'is_target': True, 'verdict': '点数絞り', 'max_combo_prob': 0.1078, 'est_top_odds': 12.4, 'circle_concentration': 72.9, 'eligible_count': 6, 'bet_adj': 0, 'reason': 'rel_win1=62.5%（本命度） / 最有力組み合わせ確率: 0.108（推定実オッズ?12倍） / 2着集中度: 上位2艇 72.9%（補正+0.04） / 総合判定確率: 0.148 / → ヒモはやや固め。上位2艇以外を切ること', 'tenji_trigger': '展示確認: 1号艇伸び良→そのまま採用。悪→飛び組に差し替え。circle_pct上位2艇に絞り込むこと。\n展示で1号艇スタート超安定(0.121秒)→ヒモ固まり方向に注意'}",,,25.3,逃げ狙い,15.36,22.7,3,,,,,,,,,,,
2025-05-20,丸亀,7,6,梶原　正,B1,26.88,6,△,0.8838,0.9,16,12.5,0.1762,3.65,,,0,低,90,0,-,2,0,23.9,0.6506,,,,,,0.23,0.305,0.139,,,D,△,,0.1385,0.6495,,0.7412,S,97,0,◎1着固定 2-3着流し（5〜8点）,0.5777,"{'is_target': True, 'verdict': '点数絞り', 'max_combo_prob': 0.1078, 'est_top_odds': 12.4, 'circle_concentration': 72.9, 'eligible_count': 6, 'bet_adj': 0, 'reason': 'rel_win1=62.5%（本命度） / 最有力組み合わせ確率: 0.108（推定実オッズ?12倍） / 2着集中度: 上位2艇 72.9%（補正+0.04） / 総合判定確率: 0.148 / → ヒモはやや固め。上位2艇以外を切ること', 'tenji_trigger': '展示確認: 1号艇伸び良→そのまま採用。悪→飛び組に差し替え。circle_pct上位2艇に絞り込むこと。\n展示で1号艇スタート超安定(0.121秒)→ヒモ固まり方向に注意'}",,,25.3,逃げ狙い,15.36,22.7,3,,,,,,,,,,,
2025-05-20,丸亀,8,1,井上忠政,A1,28.67,1,◎,75.1274,,0,97.5,0.1512,3.35,,,0,低,51,0,逃1%,36,0,89.1,1.2968,0.875,,,,,0,0,0.125,◎,,C,◎,,,0.6805,,0.6288,S,100,0,◎1着固定 2-3着流し（5〜8点）,0.5777,"{'is_target': True, 'verdict': '点数絞り', 'max_combo_prob': 0.1334, 'est_top_odds': 10.0, 'circle_concentration': 61.3, 'eligible_count': 6, 'bet_adj': 0, 'reason': 'rel_win1=75.1%（本命度） / 最有力組み合わせ確率: 0.133（推定実オッズ?10倍） / 2着集中度: 上位2艇 61.3%（補正+0.00） / 総合判定確率: 0.133 / → ヒモはやや固め。上位2艇以外を切ること', 'tenji_trigger': '展示確認: 1号艇伸び良→そのまま採用。悪→飛び組に差し替え。circle_pct上位2艇に絞り込むこと。'}",,,23.7,逃げ狙い,9.06,23.5,2,,,,,0,0,0.7559,0,,逃げ軸流し,A
2025-05-20,丸亀,8,2,小林文彦,A2,28.17,2,,9.0276,37.3,99,65.4,0.1865,4.5673,,,0,低,166,0,差0% ま0%,32,0,21.3,0.7176,0,0.087,0.087,0,0,0.0143,0.2286,0.1143,,,D,,,0.0703,0.5995,,0.6288,S,100,0,◎1着固定 2-3着流し（5〜8点）,0.5777,"{'is_target': True, 'verdict': '点数絞り', 'max_combo_prob': 0.1334, 'est_top_odds': 10.0, 'circle_concentration': 61.3, 'eligible_count': 6, 'bet_adj': 0, 'reason': 'rel_win1=75.1%（本命度） / 最有力組み合わせ確率: 0.133（推定実オッズ?10倍） / 2着集中度: 上位2艇 61.3%（補正+0.00） / 総合判定確率: 0.133 / → ヒモはやや固め。上位2艇以外を切ること', 'tenji_trigger': '展示確認: 1号艇伸び良→そのまま採用。悪→飛び組に差し替え。circle_pct上位2艇に絞り込むこと。'}",,,23.7,逃げ狙い,9.06,23.5,2,,,,,,,,,,,
2025-05-20,丸亀,8,3,野中義生,B1,38.61,3,○,4.8808,24,55,37.9,0.1612,3.1207,,,0,低,79,0,差ま0%,5,0,36.4,0.7308,0,0,0,0.0417,0,0.06,0.46,0.36,,,A,△,,0.2333,0.6175,,0.6288,S,100,0,◎1着固定 2-3着流し（5〜8点）,0.5777,"{'is_target': True, 'verdict': '点数絞り', 'max_combo_prob': 0.1334, 'est_top_odds': 10.0, 'circle_concentration': 61.3, 'eligible_count': 6, 'bet_adj': 0, 'reason': 'rel_win1=75.1%（本命度） / 最有力組み合わせ確率: 0.133（推定実オッズ?10倍） / 2着集中度: 上位2艇 61.3%（補正+0.00） / 総合判定確率: 0.133 / → ヒモはやや固め。上位2艇以外を切ること', 'tenji_trigger': '展示確認: 1号艇伸び良→そのまま採用。悪→飛び組に差し替え。circle_pct上位2艇に絞り込むこと。'}",,,23.7,逃げ狙い,9.06,23.5,2,,,,,,,,,,,
2025-05-20,丸亀,8,4,宮下元胤,A2,30.38,4,▲,6.8705,20.1,100,58.3,0.1718,4.1,,,0,低,126,0,-,1,0,35,0.8185,0,0,0.15,0.1,0,0.1767,0.1283,0.115,,,C,○,◎,0.2434,0.6615,0.3017,0.6288,S,100,0,◎1着固定 2-3着流し（5〜8点）,0.5777,"{'is_target': True, 'verdict': '点数絞り', 'max_combo_prob': 0.1334, 'est_top_odds': 10.0, 'circle_concentration': 61.3, 'eligible_count': 6, 'bet_adj': 0, 'reason': 'rel_win1=75.1%（本命度） / 最有力組み合わせ確率: 0.133（推定実オッズ?10倍） / 2着集中度: 上位2艇 61.3%（補正+0.00） / 総合判定確率: 0.133 / → ヒモはやや固め。上位2艇以外を切ること', 'tenji_trigger': '展示確認: 1号艇伸び良→そのまま採用。悪→飛び組に差し替え。circle_pct上位2艇に絞り込むこと。'}",,,23.7,逃げ狙い,9.06,23.5,2,,,,,,,,,,,
2025-05-20,丸亀,8,5,西岡蒼志,B2,26.47,5,,3.1163,16.3,42,34.6,0.1569,3.0962,,,0,低,79,0,-,6,0,100,2.14,0,0,0,0.0417,0,0,0.27,0,,,E,,,0.261,0.528,,0.6288,S,100,0,◎1着固定 2-3着流し（5〜8点）,0.5777,"{'is_target': True, 'verdict': '点数絞り', 'max_combo_prob': 0.1334, 'est_top_odds': 10.0, 'circle_concentration': 61.3, 'eligible_count': 6, 'bet_adj': 0, 'reason': 'rel_win1=75.1%（本命度） / 最有力組み合わせ確率: 0.133（推定実オッズ?10倍） / 2着集中度: 上位2艇 61.3%（補正+0.00） / 総合判定確率: 0.133 / → ヒモはやや固め。上位2艇以外を切ること', 'tenji_trigger': '展示確認: 1号艇伸び良→そのまま採用。悪→飛び組に差し替え。circle_pct上位2艇に絞り込むこと。'}",,,23.7,逃げ狙い,9.06,23.5,2,,,,,,,,,,,
2025-05-20,丸亀,8,6,川崎公靖,B1,31.06,6,△,0.9775,2.3,13,11.4,0.1777,3.8182,,,0,低,102,0,-,1,0,25.6,0.8733,,,,,,0.1053,0.0421,0.5053,,,C,△,,0.2294,0.6275,,0.6288,S,100,0,◎1着固定 2-3着流し（5〜8点）,0.5777,"{'is_target': True, 'verdict': '点数絞り', 'max_combo_prob': 0.1334, 'est_top_odds': 10.0, 'circle_concentration': 61.3, 'eligible_count': 6, 'bet_adj': 0, 'reason': 'rel_win1=75.1%（本命度） / 最有力組み合わせ確率: 0.133（推定実オッズ?10倍） / 2着集中度: 上位2艇 61.3%（補正+0.00） / 総合判定確率: 0.133 / → ヒモはやや固め。上位2艇以外を切ること', 'tenji_trigger': '展示確認: 1号艇伸び良→そのまま採用。悪→飛び組に差し替え。circle_pct上位2艇に絞り込むこと。'}",,,23.7,逃げ狙い,9.06,23.5,2,,,,,,,,,,,
2025-05-20,丸亀,9,1,堀本和也,A1,33.13,1,◎,69.6353,,0,91.1,0.1162,1.8482,,,0,低,22,0,逃0%,35,0,83.6,1.0244,0.8,,,,,0.04,0.04,0.12,◎,,B,◎,,,0.769,,0.7814,S,99,0,◎1着固定 2-3着流し（5〜8点）,0.5777,"{'is_target': True, 'verdict': '点数絞り', 'max_combo_prob': 0.1267, 'est_top_odds': 10.5, 'circle_concentration': 80.3, 'eligible_count': 6, 'bet_adj': 0, 'reason': 'rel_win1=69.6%（本命度） / 最有力組み合わせ確率: 0.127（推定実オッズ?10倍） / 2着集中度: 上位2艇 80.3%（補正+0.04） / 総合判定確率: 0.167 / → ヒモはやや固め。上位2艇以外を切ること', 'tenji_trigger': '展示確認: 1号艇伸び良→そのまま採用。悪→飛び組に差し替え。circle_pct上位2艇に絞り込むこと。\n展示で1号艇スタート超安定(0.116秒)→ヒモ固まり方向に注意'}",,,23.6,逃げ狙い,9.03,23.1,3,,,,,0,0,0.7559,0,,逃げ軸流し,A
2025-05-20,丸亀,9,2,柳瀬幹太,B1,33.74,2,○,8.1439,50.4,64,55.6,0.1698,3.4333,,,0,低,70,0,差0%,33,0,39.7,0.9081,0,0.0769,0,0,0,0.2364,0.1091,0.0364,,,B,△,,0.0665,0.638,,0.7814,S,99,0,◎1着固定 2-3着流し（5〜8点）,0.5777,"{'is_target': True, 'verdict': '点数絞り', 'max_combo_prob': 0.1267, 'est_top_odds': 10.5, 'circle_concentration': 80.3, 'eligible_count': 6, 'bet_adj': 0, 'reason': 'rel_win1=69.6%（本命度） / 最有力組み合わせ確率: 0.127（推定実オッズ?10倍） / 2着集中度: 上位2艇 80.3%（補正+0.04） / 総合判定確率: 0.167 / → ヒモはやや固め。上位2艇以外を切ること', 'tenji_trigger': '展示確認: 1号艇伸び良→そのまま採用。悪→飛び組に差し替え。circle_pct上位2艇に絞り込むこと。\n展示で1号艇スタート超安定(0.116秒)→ヒモ固まり方向に注意'}",,,23.6,逃げ狙い,9.03,23.1,3,,,,,,,,,,,
2025-05-20,丸亀,9,3,松本博昭,A2,24.84,3,,10.0401,29.9,100,63,0.1679,3.7826,,,0,低,179,0,-,1,0,44,1.0038,0,0,0.125,0.025,0,0.1237,0.0157,0.1472,,,E,○,,0.1295,0.6525,,0.7814,S,99,0,◎1着固定 2-3着流し（5〜8点）,0.5777,"{'is_target': True, 'verdict': '点数絞り', 'max_combo_prob': 0.1267, 'est_top_odds': 10.5, 'circle_concentration': 80.3, 'eligible_count': 6, 'bet_adj': 0, 'reason': 'rel_win1=69.6%（本命度） / 最有力組み合わせ確率: 0.127（推定実オッズ?10倍） / 2着集中度: 上位2艇 80.3%（補正+0.04） / 総合判定確率: 0.167 / → ヒモはやや固め。上位2艇以外を切ること', 'tenji_trigger': '展示確認: 1号艇伸び良→そのまま採用。悪→飛び組に差し替え。circle_pct上位2艇に絞り込むこと。\n展示で1号艇スタート超安定(0.116秒)→ヒモ固まり方向に注意'}",,,23.6,逃げ狙い,9.03,23.1,3,,,,,,,,,,,
2025-05-20,丸亀,9,4,幸野史明,B1,31.21,4,▲,4.0719,10,62,25.3,0.1652,3.6133,,,0,低,126,0,-,3,0,47,0.613,0,0,0.0323,0,0,0.0381,0.094,0.4714,,,C,△,,0.1062,0.6415,,0.7814,S,99,0,◎1着固定 2-3着流し（5〜8点）,0.5777,"{'is_target': True, 'verdict': '点数絞り', 'max_combo_prob': 0.1267, 'est_top_odds': 10.5, 'circle_concentration': 80.3, 'eligible_count': 6, 'bet_adj': 0, 'reason': 'rel_win1=69.6%（本命度） / 最有力組み合わせ確率: 0.127（推定実オッズ?10倍） / 2着集中度: 上位2艇 80.3%（補正+0.04） / 総合判定確率: 0.167 / → ヒモはやや固め。上位2艇以外を切ること', 'tenji_trigger': '展示確認: 1号艇伸び良→そのまま採用。悪→飛び組に差し替え。circle_pct上位2艇に絞り込むこと。\n展示で1号艇スタート超安定(0.116秒)→ヒモ固まり方向に注意'}",,,23.6,逃げ狙い,9.03,23.1,3,,,,,,,,,,,
2025-05-20,丸亀,9,5,間野兼礼,B1,28.57,5,△,5.6451,7.4,61,34,0.14,2.7075,,,0,低,94,0,-,23,0,26.6,0.6383,0,0,0,0.0385,0,0,0.0889,0.1944,,,D,,,0.2076,0.564,,0.7814,S,99,0,◎1着固定 2-3着流し（5〜8点）,0.5777,"{'is_target': True, 'verdict': '点数絞り', 'max_combo_prob': 0.1267, 'est_top_odds': 10.5, 'circle_concentration': 80.3, 'eligible_count': 6, 'bet_adj': 0, 'reason': 'rel_win1=69.6%（本命度） / 最有力組み合わせ確率: 0.127（推定実オッズ?10倍） / 2着集中度: 上位2艇 80.3%（補正+0.04） / 総合判定確率: 0.167 / → ヒモはやや固め。上位2艇以外を切ること', 'tenji_trigger': '展示確認: 1号艇伸び良→そのまま採用。悪→飛び組に差し替え。circle_pct上位2艇に絞り込むこと。\n展示で1号艇スタート超安定(0.116秒)→ヒモ固まり方向に注意'}",,,23.6,逃げ狙い,9.03,23.1,3,,,,,,,,,,,
2025-05-20,丸亀,9,6,西舘　健,A2,31.54,6,,2.4639,2.3,54,28.3,0.1789,3.9717,,,0,低,130,0,-,14,0,22.3,0.9622,0,0,0,0.0357,0,0.0895,0.1581,0.1124,,,C,,,0.1081,0.6065,,0.7814,S,99,0,◎1着固定 2-3着流し（5〜8点）,0.5777,"{'is_target': True, 'verdict': '点数絞り', 'max_combo_prob': 0.1267, 'est_top_odds': 10.5, 'circle_concentration': 80.3, 'eligible_count': 6, 'bet_adj': 0, 'reason': 'rel_win1=69.6%（本命度） / 最有力組み合わせ確率: 0.127（推定実オッズ?10倍） / 2着集中度: 上位2艇 80.3%（補正+0.04） / 総合判定確率: 0.167 / → ヒモはやや固め。上位2艇以外を切ること', 'tenji_trigger': '展示確認: 1号艇伸び良→そのまま採用。悪→飛び組に差し替え。circle_pct上位2艇に絞り込むこと。\n展示で1号艇スタート超安定(0.116秒)→ヒモ固まり方向に注意'}",,,23.6,逃げ狙い,9.03,23.1,3,,,,,,,,,,,
2025-05-20,丸亀,10,1,深川真二,A1,22.22,1,◎,64.8765,,0,94.5,0.1223,2.6301,,,0,低,21,0,逃1%,12,0,94.8,1.2982,0.7632,,,,,0.0105,0.1173,0.0211,◎,,E,○,,,0.6545,,0.7383,S,100,0,◎1着固定 2-3着流し（5〜8点）,0.5777,"{'is_target': True, 'verdict': '点数絞り', 'max_combo_prob': 0.1183, 'est_top_odds': 11.3, 'circle_concentration': 80.8, 'eligible_count': 6, 'bet_adj': 0, 'reason': 'rel_win1=64.9%（本命度） / 最有力組み合わせ確率: 0.118（推定実オッズ?11倍） / 2着集中度: 上位2艇 80.8%（補正+0.04） / 総合判定確率: 0.158 / → ヒモはやや固め。上位2艇以外を切ること', 'tenji_trigger': '展示確認: 1号艇伸び良→そのまま採用。悪→飛び組に差し替え。circle_pct上位2艇に絞り込むこと。\n展示で1号艇スタート超安定(0.122秒)→ヒモ固まり方向に注意'}",,,26.3,逃げ狙い,17.88,23.4,2,,,,,0,0,0.7559,0,,逃げ軸流し,A
2025-05-20,丸亀,10,2,吉永則雄,A1,34.16,2,△,14.6993,59.3,100,67.9,0.1862,4.217,,,0,低,112,0,-,13,0,19.5,0.6567,0,0.1429,0,0,0,0.0896,0.0635,0.1184,,,C,◎,,0.0829,0.696,,0.7383,S,100,0,◎1着固定 2-3着流し（5〜8点）,0.5777,"{'is_target': True, 'verdict': '点数絞り', 'max_combo_prob': 0.1183, 'est_top_odds': 11.3, 'circle_concentration': 80.8, 'eligible_count': 6, 'bet_adj': 0, 'reason': 'rel_win1=64.9%（本命度） / 最有力組み合わせ確率: 0.118（推定実オッズ?11倍） / 2着集中度: 上位2艇 80.8%（補正+0.04） / 総合判定確率: 0.158 / → ヒモはやや固め。上位2艇以外を切ること', 'tenji_trigger': '展示確認: 1号艇伸び良→そのまま採用。悪→飛び組に差し替え。circle_pct上位2艇に絞り込むこと。\n展示で1号艇スタート超安定(0.122秒)→ヒモ固まり方向に注意'}",,,26.3,逃げ狙い,17.88,23.4,2,,,,,,,,,,,
2025-05-20,丸亀,10,3,大熊辰弥,B1,23.65,3,,6.3013,9.7,83,20,0.2242,4.6333,,,0,低,139,0,-,5,0,49.2,1.08,,,,,,0.2,0.4,0.2,,,D,,,0.1341,0.5275,,0.7383,S,100,0,◎1着固定 2-3着流し（5〜8点）,0.5777,"{'is_target': True, 'verdict': '点数絞り', 'max_combo_prob': 0.1183, 'est_top_odds': 11.3, 'circle_concentration': 80.8, 'eligible_count': 6, 'bet_adj': 0, 'reason': 'rel_win1=64.9%（本命度） / 最有力組み合わせ確率: 0.118（推定実オッズ?11倍） / 2着集中度: 上位2艇 80.8%（補正+0.04） / 総合判定確率: 0.158 / → ヒモはやや固め。上位2艇以外を切ること', 'tenji_trigger': '展示確認: 1号艇伸び良→そのまま採用。悪→飛び組に差し替え。circle_pct上位2艇に絞り込むこと。\n展示で1号艇スタート超安定(0.122秒)→ヒモ固まり方向に注意'}",,,26.3,逃げ狙い,17.88,23.4,2,,,,,,,,,,,
2025-05-20,丸亀,10,4,鈴木智啓,A2,38.82,4,○,8.3401,21.5,99,47.2,0.1632,3.5566,,,0,低,123,0,ま0%,4,0,49.7,1.0228,0,0,0.08,0,0,0.1849,0.1741,0.0432,,,B,△,◎,0.1365,0.6485,0.3062,0.7383,S,100,0,◎1着固定 2-3着流し（5〜8点）,0.5777,"{'is_target': True, 'verdict': '点数絞り', 'max_combo_prob': 0.1183, 'est_top_odds': 11.3, 'circle_concentration': 80.8, 'eligible_count': 6, 'bet_adj': 0, 'reason': 'rel_win1=64.9%（本命度） / 最有力組み合わせ確率: 0.118（推定実オッズ?11倍） / 2着集中度: 上位2艇 80.8%（補正+0.04） / 総合判定確率: 0.158 / → ヒモはやや固め。上位2艇以外を切ること', 'tenji_trigger': '展示確認: 1号艇伸び良→そのまま採用。悪→飛び組に差し替え。circle_pct上位2艇に絞り込むこと。\n展示で1号艇スタート超安定(0.122秒)→ヒモ固まり方向に注意'}",,,26.3,逃げ狙い,17.88,23.4,2,,,,,,,,,,,
2025-05-20,丸亀,10,5,柴田直哉,B1,30.77,5,,3.8479,7.7,93,35,0.1835,3.6583,,,0,低,140,0,差0%,5,0,50.6,1.0205,0,0.0435,0,0,0,0,0.0842,0.3421,,,C,,,0.1064,0.6175,,0.7383,S,100,0,◎1着固定 2-3着流し（5〜8点）,0.5777,"{'is_target': True, 'verdict': '点数絞り', 'max_combo_prob': 0.1183, 'est_top_odds': 11.3, 'circle_concentration': 80.8, 'eligible_count': 6, 'bet_adj': 0, 'reason': 'rel_win1=64.9%（本命度） / 最有力組み合わせ確率: 0.118（推定実オッズ?11倍） / 2着集中度: 上位2艇 80.8%（補正+0.04） / 総合判定確率: 0.158 / → ヒモはやや固め。上位2艇以外を切ること', 'tenji_trigger': '展示確認: 1号艇伸び良→そのまま採用。悪→飛び組に差し替え。circle_pct上位2艇に絞り込むこと。\n展示で1号艇スタート超安定(0.122秒)→ヒモ固まり方向に注意'}",,,26.3,逃げ狙い,17.88,23.4,2,,,,,,,,,,,
2025-05-20,丸亀,10,6,後藤　浩,B1,38.36,6,▲,1.935,1.8,47,23.8,0.18,3.7976,,,0,低,120,0,-,1,0,31.3,1.065,,,,,,0.0556,0.2222,0,,,B,△,,0.1388,0.6325,,0.7383,S,100,0,◎1着固定 2-3着流し（5〜8点）,0.5777,"{'is_target': True, 'verdict': '点数絞り', 'max_combo_prob': 0.1183, 'est_top_odds': 11.3, 'circle_concentration': 80.8, 'eligible_count': 6, 'bet_adj': 0, 'reason': 'rel_win1=64.9%（本命度） / 最有力組み合わせ確率: 0.118（推定実オッズ?11倍） / 2着集中度: 上位2艇 80.8%（補正+0.04） / 総合判定確率: 0.158 / → ヒモはやや固め。上位2艇以外を切ること', 'tenji_trigger': '展示確認: 1号艇伸び良→そのまま採用。悪→飛び組に差し替え。circle_pct上位2艇に絞り込むこと。\n展示で1号艇スタート超安定(0.122秒)→ヒモ固まり方向に注意'}",,,26.3,逃げ狙い,17.88,23.4,2,,,,,,,,,,,
2025-05-20,丸亀,11,1,下河雅史,A2,31.17,1,◎,53.8118,,0,85.2,0.1578,2.9444,,,0,低,132,0,逃1%,65,0,54.1,0.921,0.4667,,,,,0.16,0.08,0.3067,○,,B,,,,0.613,,0.3936,A,73,0,◎-○軸 3着3〜4艇流し（10〜15点）,0.5777,"{'is_target': True, 'verdict': '点数絞り', 'max_combo_prob': 0.1094, 'est_top_odds': 12.2, 'circle_concentration': 74.6, 'eligible_count': 8, 'bet_adj': 0, 'reason': 'rel_win1=53.8%（本命度） / 最有力組み合わせ確率: 0.109（推定実オッズ?12倍） / 2着集中度: 上位2艇 74.6%（補正+0.04） / 総合判定確率: 0.149 / → ヒモはやや固め。上位2艇以外を切ること', 'tenji_trigger': '展示確認: 1号艇伸び良→そのまま採用。悪→飛び組に差し替え。circle_pct上位2艇に絞り込むこと。'}",,,31.3,逃げ狙い,23.44,33,2,,,,,0,0,0.6155,0,,逃げ軸流し,A
2025-05-20,丸亀,11,2,高橋竜矢,A1,35.76,2,○,26.4039,59.9,47,82.1,0.1296,3.0357,,,0,低,31,0,差0% 抜0%,21,0,68.1,1.4484,0,0.1875,0,0,0.125,0,0.0417,0.0833,,◎,B,◎,,0.6179,0.6585,,0.3936,A,73,0,◎-○軸 3着3〜4艇流し（10〜15点）,0.5777,"{'is_target': True, 'verdict': '点数絞り', 'max_combo_prob': 0.1094, 'est_top_odds': 12.2, 'circle_concentration': 74.6, 'eligible_count': 8, 'bet_adj': 0, 'reason': 'rel_win1=53.8%（本命度） / 最有力組み合わせ確率: 0.109（推定実オッズ?12倍） / 2着集中度: 上位2艇 74.6%（補正+0.04） / 総合判定確率: 0.149 / → ヒモはやや固め。上位2艇以外を切ること', 'tenji_trigger': '展示確認: 1号艇伸び良→そのまま採用。悪→飛び組に差し替え。circle_pct上位2艇に絞り込むこと。'}",,,31.3,逃げ狙い,23.44,33,2,,,,,,,,,,,
2025-05-20,丸亀,11,3,後藤隼之,B1,24.19,3,△,6.6411,14.6,65,48.4,0.1365,2.6855,,,0,低,82,0,ま0% 差ま0%,46,0,26,0.8415,0,0,0.0333,0.1,0,0.0615,0.1011,0.1473,,○,E,○,,0.4186,0.6475,,0.3936,A,73,0,◎-○軸 3着3〜4艇流し（10〜15点）,0.5777,"{'is_target': True, 'verdict': '点数絞り', 'max_combo_prob': 0.1094, 'est_top_odds': 12.2, 'circle_concentration': 74.6, 'eligible_count': 8, 'bet_adj': 0, 'reason': 'rel_win1=53.8%（本命度） / 最有力組み合わせ確率: 0.109（推定実オッズ?12倍） / 2着集中度: 上位2艇 74.6%（補正+0.04） / 総合判定確率: 0.149 / → ヒモはやや固め。上位2艇以外を切ること', 'tenji_trigger': '展示確認: 1号艇伸び良→そのまま採用。悪→飛び組に差し替え。circle_pct上位2艇に絞り込むこと。'}",,,31.3,逃げ狙い,23.44,33,2,,,,,,,,,,,
2025-05-20,丸亀,11,4,川田正人,B1,26.00,4,,5.4009,11.8,79,50,0.1615,3.5648,,,0,低,152,0,-,52,0,54.2,0.943,,,,,,0.1373,0.3263,0.0387,,,D,△,,0.3091,0.614,,0.3936,A,73,0,◎-○軸 3着3〜4艇流し（10〜15点）,0.5777,"{'is_target': True, 'verdict': '点数絞り', 'max_combo_prob': 0.1094, 'est_top_odds': 12.2, 'circle_concentration': 74.6, 'eligible_count': 8, 'bet_adj': 0, 'reason': 'rel_win1=53.8%（本命度） / 最有力組み合わせ確率: 0.109（推定実オッズ?12倍） / 2着集中度: 上位2艇 74.6%（補正+0.04） / 総合判定確率: 0.149 / → ヒモはやや固め。上位2艇以外を切ること', 'tenji_trigger': '展示確認: 1号艇伸び良→そのまま採用。悪→飛び組に差し替え。circle_pct上位2艇に絞り込むこと。'}",,,31.3,逃げ狙い,23.44,33,2,,,,,,,,,,,
2025-05-20,丸亀,11,5,深川和仁,B1,27.56,5,▲,3.1563,10.7,51,40,0.1733,3.3273,,,0,低,130,0,-,16,0,37.9,1.1993,,,,,,0.2,0.0167,0.05,,,C,,,0.2727,0.606,,0.3936,A,73,0,◎-○軸 3着3〜4艇流し（10〜15点）,0.5777,"{'is_target': True, 'verdict': '点数絞り', 'max_combo_prob': 0.1094, 'est_top_odds': 12.2, 'circle_concentration': 74.6, 'eligible_count': 8, 'bet_adj': 0, 'reason': 'rel_win1=53.8%（本命度） / 最有力組み合わせ確率: 0.109（推定実オッズ?12倍） / 2着集中度: 上位2艇 74.6%（補正+0.04） / 総合判定確率: 0.149 / → ヒモはやや固め。上位2艇以外を切ること', 'tenji_trigger': '展示確認: 1号艇伸び良→そのまま採用。悪→飛び組に差し替え。circle_pct上位2艇に絞り込むこと。'}",,,31.3,逃げ狙い,23.44,33,2,,,,,,,,,,,
2025-05-20,丸亀,11,6,金田　諭,A1,27.38,6,,4.586,2.9,100,56.9,0.1675,3.6569,,,0,低,124,0,ま0%,41,0,100,2.2081,0,0,0.08,0,0,0.1493,0.0293,0.1883,,,D,△,◎,0.2767,0.615,0.2634,0.3936,A,73,0,◎-○軸 3着3〜4艇流し（10〜15点）,0.5777,"{'is_target': True, 'verdict': '点数絞り', 'max_combo_prob': 0.1094, 'est_top_odds': 12.2, 'circle_concentration': 74.6, 'eligible_count': 8, 'bet_adj': 0, 'reason': 'rel_win1=53.8%（本命度） / 最有力組み合わせ確率: 0.109（推定実オッズ?12倍） / 2着集中度: 上位2艇 74.6%（補正+0.04） / 総合判定確率: 0.149 / → ヒモはやや固め。上位2艇以外を切ること', 'tenji_trigger': '展示確認: 1号艇伸び良→そのまま採用。悪→飛び組に差し替え。circle_pct上位2艇に絞り込むこと。'}",,,31.3,逃げ狙い,23.44,33,2,,,,,,,,,,,
2025-05-20,丸亀,12,1,桑島和宏,A2,26.67,1,◎,51.2777,,0,90.5,0.1513,3.5952,,,0,低,131,0,逃1%,42,0,72.4,0.959,0.6579,,,,,0.0526,0.0105,0.1276,○,,E,,,,0.6545,,0.4464,A,74,0,◎-○軸 3着3〜4艇流し（10〜15点）,0.5777,"{'is_target': True, 'verdict': '参加推奨', 'max_combo_prob': 0.0526, 'est_top_odds': 25.4, 'circle_concentration': 63.0, 'eligible_count': 8, 'bet_adj': 2, 'reason': 'rel_win1=51.3%（本命度） / 最有力組み合わせ確率: 0.053（推定実オッズ?25倍） / 2着集中度: 上位2艇 63.0%（補正+0.00） / 総合判定確率: 0.053 / → ヒモ分散。1号艇1着固定で広めのヒモ流し推奨（買い目+2点）', 'tenji_trigger': '展示確認: ヒモ分散レース。1号艇伸び確認後、広めのヒモ流しを採用。穴ヒモ（5・6号艇）を積極的に含める。'}",,,30,逃げ狙い,27.08,26,2,,,,,0,0,0.6155,0,,逃げ軸流し,A
2025-05-20,丸亀,12,2,井上忠政,A1,28.67,2,,18.2899,36.7,100,77.8,0.157,3.0926,,,0,低,51,0,差0% ま0%,36,0,72.2,1.2945,0,0.2222,0.2222,0,0,0,0,0.125,,,D,○,,0.3067,0.6805,,0.4464,A,74,0,◎-○軸 3着3〜4艇流し（10〜15点）,0.5777,"{'is_target': True, 'verdict': '参加推奨', 'max_combo_prob': 0.0526, 'est_top_odds': 25.4, 'circle_concentration': 63.0, 'eligible_count': 8, 'bet_adj': 2, 'reason': 'rel_win1=51.3%（本命度） / 最有力組み合わせ確率: 0.053（推定実オッズ?25倍） / 2着集中度: 上位2艇 63.0%（補正+0.00） / 総合判定確率: 0.053 / → ヒモ分散。1号艇1着固定で広めのヒモ流し推奨（買い目+2点）', 'tenji_trigger': '展示確認: ヒモ分散レース。1号艇伸び確認後、広めのヒモ流しを採用。穴ヒモ（5・6号艇）を積極的に含める。'}",,,30,逃げ狙い,27.08,26,2,,,,,,,,,,,
2025-05-20,丸亀,12,3,三木晴斗,B1,28.05,3,△,9.2464,26.3,81,57.9,0.1382,2.5395,,,0,低,97,0,抜0%,2S,0,40.6,1.0846,0,0.05,0.05,0.15,0.05,0.095,0.195,0.155,,◎,D,,,0.3759,0.5655,,0.4464,A,74,0,◎-○軸 3着3〜4艇流し（10〜15点）,0.5777,"{'is_target': True, 'verdict': '参加推奨', 'max_combo_prob': 0.0526, 'est_top_odds': 25.4, 'circle_concentration': 63.0, 'eligible_count': 8, 'bet_adj': 2, 'reason': 'rel_win1=51.3%（本命度） / 最有力組み合わせ確率: 0.053（推定実オッズ?25倍） / 2着集中度: 上位2艇 63.0%（補正+0.00） / 総合判定確率: 0.053 / → ヒモ分散。1号艇1着固定で広めのヒモ流し推奨（買い目+2点）', 'tenji_trigger': '展示確認: ヒモ分散レース。1号艇伸び確認後、広めのヒモ流しを採用。穴ヒモ（5・6号艇）を積極的に含める。'}",,,30,逃げ狙い,27.08,26,2,,,,,,,,,,,
2025-05-20,丸亀,12,4,藤田靖弘,B1,39.47,4,,7.5946,15.2,86,54.3,0.16,3.2429,,,0,低,111,0,差ま0%,44,0,31.1,0.9298,0,0.0645,0,0.0968,0.0323,0.0533,0.115,0.0267,,,B,△,◎,0.2615,0.6755,0.2914,0.4464,A,74,0,◎-○軸 3着3〜4艇流し（10〜15点）,0.5777,"{'is_target': True, 'verdict': '参加推奨', 'max_combo_prob': 0.0526, 'est_top_odds': 25.4, 'circle_concentration': 63.0, 'eligible_count': 8, 'bet_adj': 2, 'reason': 'rel_win1=51.3%（本命度） / 最有力組み合わせ確率: 0.053（推定実オッズ?25倍） / 2着集中度: 上位2艇 63.0%（補正+0.00） / 総合判定確率: 0.053 / → ヒモ分散。1号艇1着固定で広めのヒモ流し推奨（買い目+2点）', 'tenji_trigger': '展示確認: ヒモ分散レース。1号艇伸び確認後、広めのヒモ流しを採用。穴ヒモ（5・6号艇）を積極的に含める。'}",,,30,逃げ狙い,27.08,26,2,,,,,,,,,,,
2025-05-20,丸亀,12,5,三嶌誠司,A1,39.87,5,○,8.3199,17.4,60,46.9,0.1516,3.1735,,,0,低,84,0,-,24,0,36.1,0.9914,0,0,0,0.0417,0.0417,0.1235,0.1643,0.0959,,,B,△,○,0.2831,0.669,0.2589,0.4464,A,74,0,◎-○軸 3着3〜4艇流し（10〜15点）,0.5777,"{'is_target': True, 'verdict': '参加推奨', 'max_combo_prob': 0.0526, 'est_top_odds': 25.4, 'circle_concentration': 63.0, 'eligible_count': 8, 'bet_adj': 2, 'reason': 'rel_win1=51.3%（本命度） / 最有力組み合わせ確率: 0.053（推定実オッズ?25倍） / 2着集中度: 上位2艇 63.0%（補正+0.00） / 総合判定確率: 0.053 / → ヒモ分散。1号艇1着固定で広めのヒモ流し推奨（買い目+2点）', 'tenji_trigger': '展示確認: ヒモ分散レース。1号艇伸び確認後、広めのヒモ流しを採用。穴ヒモ（5・6号艇）を積極的に含める。'}",,,30,逃げ狙い,27.08,26,2,,,,,,,,,,,
2025-05-20,丸亀,12,6,森永　淳,A1,35.90,6,▲,5.2716,4.4,88,33.3,0.1397,2.8462,,,0,低,52,0,ま0% 差ま0%,41,0,83.5,1.4725,0,0,0.1111,0.0556,0,0,0.1351,0.0811,,,C,◎,,0.3474,0.702,,0.4464,A,74,0,◎-○軸 3着3〜4艇流し（10〜15点）,0.5777,"{'is_target': True, 'verdict': '参加推奨', 'max_combo_prob': 0.0526, 'est_top_odds': 25.4, 'circle_concentration': 63.0, 'eligible_count': 8, 'bet_adj': 2, 'reason': 'rel_win1=51.3%（本命度） / 最有力組み合わせ確率: 0.053（推定実オッズ?25倍） / 2着集中度: 上位2艇 63.0%（補正+0.00） / 総合判定確率: 0.053 / → ヒモ分散。1号艇1着固定で広めのヒモ流し推奨（買い目+2点）', 'tenji_trigger': '展示確認: ヒモ分散レース。1号艇伸び確認後、広めのヒモ流しを採用。穴ヒモ（5・6号艇）を積極的に含める。'}",,,30,逃げ狙い,27.08,26,2,,,,,,,,,,,
2025-05-21,丸亀,1,1,坂口貴彦,B1,26.67,1,◎,61.0793,,0,90.9,0.1414,2.9205,,,0,低,134,0,逃0%,3 25,0,92.5,1.2434,0.6471,,,,,0.0471,0.1235,0.1471,◎,,C,△,,,0.591,,0.5627,S,82,0,◎1着固定 2-3着流し（5〜8点）,0.5777,"{'is_target': True, 'verdict': '点数絞り', 'max_combo_prob': 0.1038, 'est_top_odds': 12.8, 'circle_concentration': 76.1, 'eligible_count': 6, 'bet_adj': 0, 'reason': 'rel_win1=61.1%（本命度） / 最有力組み合わせ確率: 0.104（推定実オッズ?13倍） / 2着集中度: 上位2艇 76.1%（補正+0.04） / 総合判定確率: 0.144 / → ヒモはやや固め。上位2艇以外を切ること', 'tenji_trigger': '展示確認: 1号艇伸び良→そのまま採用。悪→飛び組に差し替え。circle_pct上位2艇に絞り込むこと。'}",,,26.4,逃げ狙い,12.47,28.2,3,,,,,0,0,0.7559,0,,逃げ軸流し,A
2025-05-21,丸亀,1,2,後藤　浩,B1,38.36,2,○,12.0035,27.9,82,49.1,0.1846,4.2797,,,0,低,120,0,差0%,1 53,0,67.3,0.7264,0,0.0714,0,0,0,0.0556,0.2222,0,,,A,○,,0.0652,0.6325,,0.5627,S,82,0,◎1着固定 2-3着流し（5〜8点）,0.5777,"{'is_target': True, 'verdict': '点数絞り', 'max_combo_prob': 0.1038, 'est_top_odds': 12.8, 'circle_concentration': 76.1, 'eligible_count': 6, 'bet_adj': 0, 'reason': 'rel_win1=61.1%（本命度） / 最有力組み合わせ確率: 0.104（推定実オッズ?13倍） / 2着集中度: 上位2艇 76.1%（補正+0.04） / 総合判定確率: 0.144 / → ヒモはやや固め。上位2艇以外を切ること', 'tenji_trigger': '展示確認: 1号艇伸び良→そのまま採用。悪→飛び組に差し替え。circle_pct上位2艇に絞り込むこと。'}",,,26.4,逃げ狙い,12.47,28.2,3,,,,,,,,,,,
2025-05-21,丸亀,1,3,深川和仁,B1,27.56,3,▲,11.4391,48.3,54,58,0.184,3.99,,,0,低,130,0,差ま0%,1656,0,41.3,1.0937,0,0,0.0476,0.1429,0,0.2,0.0167,0.05,,,C,△,,0.1371,0.606,,0.5627,S,82,0,◎1着固定 2-3着流し（5〜8点）,0.5777,"{'is_target': True, 'verdict': '点数絞り', 'max_combo_prob': 0.1038, 'est_top_odds': 12.8, 'circle_concentration': 76.1, 'eligible_count': 6, 'bet_adj': 0, 'reason': 'rel_win1=61.1%（本命度） / 最有力組み合わせ確率: 0.104（推定実オッズ?13倍） / 2着集中度: 上位2艇 76.1%（補正+0.04） / 総合判定確率: 0.144 / → ヒモはやや固め。上位2艇以外を切ること', 'tenji_trigger': '展示確認: 1号艇伸び良→そのまま採用。悪→飛び組に差し替え。circle_pct上位2艇に絞り込むこと。'}",,,26.4,逃げ狙い,12.47,28.2,3,,,,,,,,,,,
2025-05-21,丸亀,1,4,山田和佐,B1,25.81,4,,8.5826,14.9,100,41.2,0.1904,3.9216,,,0,低,130,0,-,554,0,39.6,0.9609,0,0,0.0333,0,0.0333,0.1769,0.0308,0.1923,,,D,,,0.1056,0.5895,,0.5627,S,82,0,◎1着固定 2-3着流し（5〜8点）,0.5777,"{'is_target': True, 'verdict': '点数絞り', 'max_combo_prob': 0.1038, 'est_top_odds': 12.8, 'circle_concentration': 76.1, 'eligible_count': 6, 'bet_adj': 0, 'reason': 'rel_win1=61.1%（本命度） / 最有力組み合わせ確率: 0.104（推定実オッズ?13倍） / 2着集中度: 上位2艇 76.1%（補正+0.04） / 総合判定確率: 0.144 / → ヒモはやや固め。上位2艇以外を切ること', 'tenji_trigger': '展示確認: 1号艇伸び良→そのまま採用。悪→飛び組に差し替え。circle_pct上位2艇に絞り込むこと。'}",,,26.4,逃げ狙い,12.47,28.2,3,,,,,,,,,,,
2025-05-21,丸亀,1,5,岩田　凌,B1,25.87,5,△,4.4055,5.3,33,2.9,0.1459,3.3824,,,0,低,86,0,-,666,0,30.4,0.7007,,,,,,0.25,0.5,0.125,,,D,,,0.2994,0.5025,,0.5627,S,82,0,◎1着固定 2-3着流し（5〜8点）,0.5777,"{'is_target': True, 'verdict': '点数絞り', 'max_combo_prob': 0.1038, 'est_top_odds': 12.8, 'circle_concentration': 76.1, 'eligible_count': 6, 'bet_adj': 0, 'reason': 'rel_win1=61.1%（本命度） / 最有力組み合わせ確率: 0.104（推定実オッズ?13倍） / 2着集中度: 上位2艇 76.1%（補正+0.04） / 総合判定確率: 0.144 / → ヒモはやや固め。上位2艇以外を切ること', 'tenji_trigger': '展示確認: 1号艇伸び良→そのまま採用。悪→飛び組に差し替え。circle_pct上位2艇に絞り込むこと。'}",,,26.4,逃げ狙い,12.47,28.2,3,,,,,,,,,,,
2025-05-21,丸亀,1,6,後藤隼之,B1,24.19,6,,2.49,3.7,69,35,0.1918,4.2,,,0,低,82,0,-,4655,0,24.4,1.3947,,,,,,0.0615,0.1011,0.1473,,,E,◎,,0.1496,0.6475,,0.5627,S,82,0,◎1着固定 2-3着流し（5〜8点）,0.5777,"{'is_target': True, 'verdict': '点数絞り', 'max_combo_prob': 0.1038, 'est_top_odds': 12.8, 'circle_concentration': 76.1, 'eligible_count': 6, 'bet_adj': 0, 'reason': 'rel_win1=61.1%（本命度） / 最有力組み合わせ確率: 0.104（推定実オッズ?13倍） / 2着集中度: 上位2艇 76.1%（補正+0.04） / 総合判定確率: 0.144 / → ヒモはやや固め。上位2艇以外を切ること', 'tenji_trigger': '展示確認: 1号艇伸び良→そのまま採用。悪→飛び組に差し替え。circle_pct上位2艇に絞り込むこと。'}",,,26.4,逃げ狙い,12.47,28.2,3,,,,,,,,,,,
2025-05-21,丸亀,2,1,間野兼礼,B1,28.57,1,◎,54.517,,0,76.2,0.1588,2.881,,,0,低,94,0,逃0%,232,0,100,1.6893,0.6111,,,,,0,0.0889,0.1944,◎,,D,,,,0.564,,0.5241,A,70,0,◎-○軸 3着3〜4艇流し（10〜15点）,0.5777,"{'is_target': True, 'verdict': '参加推奨', 'max_combo_prob': 0.057, 'est_top_odds': 23.4, 'circle_concentration': 57.3, 'eligible_count': 8, 'bet_adj': 2, 'reason': 'rel_win1=54.5%（本命度） / 最有力組み合わせ確率: 0.057（推定実オッズ?23倍） / 2着集中度: 上位2艇 57.3%（補正+0.00） / 総合判定確率: 0.057 / → ヒモ分散。1号艇1着固定で広めのヒモ流し推奨（買い目+2点）', 'tenji_trigger': '展示確認: ヒモ分散レース。1号艇伸び確認後、広めのヒモ流しを採用。穴ヒモ（5・6号艇）を積極的に含める。'}",,,27,逃げ狙い,15.04,27.8,4,,,,,0,0,0.7559,0,,逃げ軸流し,A
2025-05-21,丸亀,2,2,笠　雅雄,B2,35.46,2,▲,12.1368,20.1,76,36.2,0.1862,3.9149,,,0,低,120,0,-,652,0,46.3,1.1386,0,0.0417,0.0417,0,0,0.275,0.25,0.025,,,B,,,0.0585,0.551,,0.5241,A,70,0,◎-○軸 3着3〜4艇流し（10〜15点）,0.5777,"{'is_target': True, 'verdict': '参加推奨', 'max_combo_prob': 0.057, 'est_top_odds': 23.4, 'circle_concentration': 57.3, 'eligible_count': 8, 'bet_adj': 2, 'reason': 'rel_win1=54.5%（本命度） / 最有力組み合わせ確率: 0.057（推定実オッズ?23倍） / 2着集中度: 上位2艇 57.3%（補正+0.00） / 総合判定確率: 0.057 / → ヒモ分散。1号艇1着固定で広めのヒモ流し推奨（買い目+2点）', 'tenji_trigger': '展示確認: ヒモ分散レース。1号艇伸び確認後、広めのヒモ流しを採用。穴ヒモ（5・6号艇）を積極的に含める。'}",,,27,逃げ狙い,15.04,27.8,4,,,,,,,,,,,
2025-05-21,丸亀,2,3,杉江浩明,B1,27.21,3,,12.0793,37.1,92,41.9,0.2128,4.5743,,,0,低,209,0,ま0% 差ま0%,351,0,31.6,0.924,0,0,0.05,0.05,0,0.2444,0.1111,0.0444,,,E,○,,0.1162,0.6375,,0.5241,A,70,0,◎-○軸 3着3〜4艇流し（10〜15点）,0.5777,"{'is_target': True, 'verdict': '参加推奨', 'max_combo_prob': 0.057, 'est_top_odds': 23.4, 'circle_concentration': 57.3, 'eligible_count': 8, 'bet_adj': 2, 'reason': 'rel_win1=54.5%（本命度） / 最有力組み合わせ確率: 0.057（推定実オッズ?23倍） / 2着集中度: 上位2艇 57.3%（補正+0.00） / 総合判定確率: 0.057 / → ヒモ分散。1号艇1着固定で広めのヒモ流し推奨（買い目+2点）', 'tenji_trigger': '展示確認: ヒモ分散レース。1号艇伸び確認後、広めのヒモ流しを採用。穴ヒモ（5・6号艇）を積極的に含める。'}",,,27,逃げ狙い,15.04,27.8,4,,,,,,,,,,,
2025-05-21,丸亀,2,4,宮野　仁,B1,31.52,4,,11.5431,17.3,95,41.8,0.1993,4.4273,,,0,低,175,0,-,256,0,40.5,1.0543,,,,,,0.0571,0.0286,0.3143,,,C,△,◎,0.1552,0.6005,0.1175,0.5241,A,70,0,◎-○軸 3着3〜4艇流し（10〜15点）,0.5777,"{'is_target': True, 'verdict': '参加推奨', 'max_combo_prob': 0.057, 'est_top_odds': 23.4, 'circle_concentration': 57.3, 'eligible_count': 8, 'bet_adj': 2, 'reason': 'rel_win1=54.5%（本命度） / 最有力組み合わせ確率: 0.057（推定実オッズ?23倍） / 2着集中度: 上位2艇 57.3%（補正+0.00） / 総合判定確率: 0.057 / → ヒモ分散。1号艇1着固定で広めのヒモ流し推奨（買い目+2点）', 'tenji_trigger': '展示確認: ヒモ分散レース。1号艇伸び確認後、広めのヒモ流しを採用。穴ヒモ（5・6号艇）を積極的に含める。'}",,,27,逃げ狙い,15.04,27.8,4,,,,,,,,,,,
2025-05-21,丸亀,2,5,川崎公靖,B1,31.06,5,△,4.1454,9.3,84,23.4,0.1492,3.3906,,,0,低,102,0,-,1 46,0,21.9,0.5462,,,,,,0.1053,0.0421,0.5053,,,C,△,,0.3406,0.6275,,0.5241,A,70,0,◎-○軸 3着3〜4艇流し（10〜15点）,0.5777,"{'is_target': True, 'verdict': '参加推奨', 'max_combo_prob': 0.057, 'est_top_odds': 23.4, 'circle_concentration': 57.3, 'eligible_count': 8, 'bet_adj': 2, 'reason': 'rel_win1=54.5%（本命度） / 最有力組み合わせ確率: 0.057（推定実オッズ?23倍） / 2着集中度: 上位2艇 57.3%（補正+0.00） / 総合判定確率: 0.057 / → ヒモ分散。1号艇1着固定で広めのヒモ流し推奨（買い目+2点）', 'tenji_trigger': '展示確認: ヒモ分散レース。1号艇伸び確認後、広めのヒモ流しを採用。穴ヒモ（5・6号艇）を積極的に含める。'}",,,27,逃げ狙い,15.04,27.8,4,,,,,,,,,,,
2025-05-21,丸亀,2,6,三嶌誠司,A1,39.87,6,○,5.5784,16.1,100,51.4,0.1797,4.0286,,,0,低,84,0,-,2422,0,23.5,0.7797,0,0.0588,0,0,0,0.1235,0.1643,0.0959,,,B,◎,,0.2164,0.669,,0.5241,A,70,0,◎-○軸 3着3〜4艇流し（10〜15点）,0.5777,"{'is_target': True, 'verdict': '参加推奨', 'max_combo_prob': 0.057, 'est_top_odds': 23.4, 'circle_concentration': 57.3, 'eligible_count': 8, 'bet_adj': 2, 'reason': 'rel_win1=54.5%（本命度） / 最有力組み合わせ確率: 0.057（推定実オッズ?23倍） / 2着集中度: 上位2艇 57.3%（補正+0.00） / 総合判定確率: 0.057 / → ヒモ分散。1号艇1着固定で広めのヒモ流し推奨（買い目+2点）', 'tenji_trigger': '展示確認: ヒモ分散レース。1号艇伸び確認後、広めのヒモ流しを採用。穴ヒモ（5・6号艇）を積極的に含める。'}",,,27,逃げ狙い,15.04,27.8,4,,,,,,,,,,,
2025-05-21,丸亀,3,1,柳瀬幹太,B1,33.74,1,◎,50.2025,,0,75,0.1743,3.8929,,,0,低,70,0,逃1%,333,0,67.4,0.9682,0.5455,,,,,0.2364,0.1091,0.0364,△,,B,○,,,0.638,,0.2618,A,70,0,◎-○軸 3着3〜4艇流し（10〜15点）,0.5777,"{'is_target': True, 'verdict': '点数絞り', 'max_combo_prob': 0.0886, 'est_top_odds': 15.0, 'circle_concentration': 81.5, 'eligible_count': 8, 'bet_adj': 0, 'reason': 'rel_win1=50.2%（本命度） / 最有力組み合わせ確率: 0.089（推定実オッズ?15倍） / 2着集中度: 上位2艇 81.5%（補正+0.04） / 総合判定確率: 0.129 / → ヒモはやや固め。上位2艇以外を切ること', 'tenji_trigger': '展示確認: 1号艇伸び良→そのまま採用。悪→飛び組に差し替え。circle_pct上位2艇に絞り込むこと。'}",,,28.6,逃げ狙い,14.75,32.7,2,3-1-4|3-1-5|3-1-2|3-4-1|3-2-1|3-4-5|3-2-4|1-2-3|1-2-4|1-3-2|1-3-4,3-1-4|3-1-5|3-1-2|3-4-1|3-2-1|3-4-5|3-2-4|1-2-3|1-2-4|6-1-2|1-3-2|1-3-4,3-1-4:2.3%|3-1-5:1.23%|3-1-2:0.92%|3-4-1:0.86%|3-2-1:0.38%|3-4-5:0.13%|3-2-4:0.11%|1-2-3:7.71%|1-2-4:5.93%|1-3-2:5.27%|1-3-4:4.6%,3-1-4:B_main|3-1-5:B_main|3-1-2:B_main|3-4-1:B_main|3-2-1:B_main|3-4-5:B_main|3-2-4:B_main|1-2-3:A|1-2-4:A|1-3-2:A|1-3-4:A,11,12,0.4535,1,[!]見送り推奨（主役決まり手「まくり差し」― 逃げ劣勢レースで的中実績なし）,主役軸流し,B
2025-05-21,丸亀,3,2,金田　諭,A1,27.38,2,△,21.8785,53.4,100,71.7,0.1767,3.663,,,0,低,124,0,差0% ま0%,4143,0,62.8,1.2512,0,0.0455,0.1818,0,0,0.1493,0.0293,0.1883,,,D,,,0.3038,0.615,,0.2618,A,70,0,◎-○軸 3着3〜4艇流し（10〜15点）,0.5777,"{'is_target': True, 'verdict': '点数絞り', 'max_combo_prob': 0.0886, 'est_top_odds': 15.0, 'circle_concentration': 81.5, 'eligible_count': 8, 'bet_adj': 0, 'reason': 'rel_win1=50.2%（本命度） / 最有力組み合わせ確率: 0.089（推定実オッズ?15倍） / 2着集中度: 上位2艇 81.5%（補正+0.04） / 総合判定確率: 0.129 / → ヒモはやや固め。上位2艇以外を切ること', 'tenji_trigger': '展示確認: 1号艇伸び良→そのまま採用。悪→飛び組に差し替え。circle_pct上位2艇に絞り込むこと。'}",,,28.6,逃げ狙い,14.75,32.7,2,,,,,,,,,,,
2025-05-21,丸亀,3,3,片岡大地,B1,30.13,3,▲,13.939,28.1,75,54.2,0.1293,2.6017,,,0,低,64,0,-,4 53,0,90.2,1.7758,0,0,0.0455,0.0909,0,0.0267,0.2567,0.0267,,◎,D,△,,0.4715,0.6305,,0.2618,A,70,0,◎-○軸 3着3〜4艇流し（10〜15点）,0.5777,"{'is_target': True, 'verdict': '点数絞り', 'max_combo_prob': 0.0886, 'est_top_odds': 15.0, 'circle_concentration': 81.5, 'eligible_count': 8, 'bet_adj': 0, 'reason': 'rel_win1=50.2%（本命度） / 最有力組み合わせ確率: 0.089（推定実オッズ?15倍） / 2着集中度: 上位2艇 81.5%（補正+0.04） / 総合判定確率: 0.129 / → ヒモはやや固め。上位2艇以外を切ること', 'tenji_trigger': '展示確認: 1号艇伸び良→そのまま採用。悪→飛び組に差し替え。circle_pct上位2艇に絞り込むこと。'}",,,28.6,逃げ狙い,14.75,32.7,2,,,,,,,,,,,
2025-05-21,丸亀,3,4,幸野史明,B1,31.21,4,○,6.7144,10.5,69,25.3,0.1652,3.6133,,,0,低,126,0,-,3 26,0,31.1,0.6509,0,0,0.0323,0,0,0.0381,0.094,0.4714,,,C,◎,,0.3174,0.6415,,0.2618,A,70,0,◎-○軸 3着3〜4艇流し（10〜15点）,0.5777,"{'is_target': True, 'verdict': '点数絞り', 'max_combo_prob': 0.0886, 'est_top_odds': 15.0, 'circle_concentration': 81.5, 'eligible_count': 8, 'bet_adj': 0, 'reason': 'rel_win1=50.2%（本命度） / 最有力組み合わせ確率: 0.089（推定実オッズ?15倍） / 2着集中度: 上位2艇 81.5%（補正+0.04） / 総合判定確率: 0.129 / → ヒモはやや固め。上位2艇以外を切ること', 'tenji_trigger': '展示確認: 1号艇伸び良→そのまま採用。悪→飛び組に差し替え。circle_pct上位2艇に絞り込むこと。'}",,,28.6,逃げ狙い,14.75,32.7,2,,,,,,,,,,,
2025-05-21,丸亀,3,5,竹田広樹,B1,30.63,5,,4.9633,6.1,24,11.1,0.2,4.125,,,0,低,177,0,-,461,0,24.7,0.6252,,,,,,0.0526,0.1579,0.3158,,,C,△,,0.2319,0.6185,,0.2618,A,70,0,◎-○軸 3着3〜4艇流し（10〜15点）,0.5777,"{'is_target': True, 'verdict': '点数絞り', 'max_combo_prob': 0.0886, 'est_top_odds': 15.0, 'circle_concentration': 81.5, 'eligible_count': 8, 'bet_adj': 0, 'reason': 'rel_win1=50.2%（本命度） / 最有力組み合わせ確率: 0.089（推定実オッズ?15倍） / 2着集中度: 上位2艇 81.5%（補正+0.04） / 総合判定確率: 0.129 / → ヒモはやや固め。上位2艇以外を切ること', 'tenji_trigger': '展示確認: 1号艇伸び良→そのまま採用。悪→飛び組に差し替え。circle_pct上位2艇に絞り込むこと。'}",,,28.6,逃げ狙い,14.75,32.7,2,,,,,,,,,,,
2025-05-21,丸亀,3,6,下河雅史,A2,31.17,6,,2.3023,1.9,83,22.4,0.1953,4.6429,,,0,低,132,0,-,6551,0,24.4,0.3956,,,,,,0.16,0.08,0.3067,,,C,,,0.2432,0.613,,0.2618,A,70,0,◎-○軸 3着3〜4艇流し（10〜15点）,0.5777,"{'is_target': True, 'verdict': '点数絞り', 'max_combo_prob': 0.0886, 'est_top_odds': 15.0, 'circle_concentration': 81.5, 'eligible_count': 8, 'bet_adj': 0, 'reason': 'rel_win1=50.2%（本命度） / 最有力組み合わせ確率: 0.089（推定実オッズ?15倍） / 2着集中度: 上位2艇 81.5%（補正+0.04） / 総合判定確率: 0.129 / → ヒモはやや固め。上位2艇以外を切ること', 'tenji_trigger': '展示確認: 1号艇伸び良→そのまま採用。悪→飛び組に差し替え。circle_pct上位2艇に絞り込むこと。'}",,,28.6,逃げ狙い,14.75,32.7,2,,,,,,,,,,,
2025-05-21,丸亀,4,1,藤田靖弘,B1,39.47,1,◎,53.4021,,0,84.1,0.1451,2.5,,,0,低,111,0,逃0%,4446,0,82.7,1.2134,0.6,,,,,0.0533,0.115,0.0267,◎,,A,○,,,0.6755,,0.6059,A,77,0,◎-○軸 3着3〜4艇流し（10〜15点）,0.5777,"{'is_target': True, 'verdict': '参加推奨', 'max_combo_prob': 0.0767, 'est_top_odds': 17.4, 'circle_concentration': 60.4, 'eligible_count': 8, 'bet_adj': 2, 'reason': 'rel_win1=53.4%（本命度） / 最有力組み合わせ確率: 0.077（推定実オッズ?17倍） / 2着集中度: 上位2艇 60.4%（補正+0.00） / 総合判定確率: 0.077 / → ヒモ分散。1号艇1着固定で広めのヒモ流し推奨（買い目+2点）', 'tenji_trigger': '展示確認: ヒモ分散レース。1号艇伸び確認後、広めのヒモ流しを採用。穴ヒモ（5・6号艇）を積極的に含める。'}",,,27.1,逃げ狙い,17.57,25.9,3,,,,,0,0,0.7559,0,,逃げ軸流し,A
2025-05-21,丸亀,4,2,梶原　正,B1,26.88,2,,7.8529,31,37,34,0.1694,3.2547,,,0,低,90,0,差0%,2 16,0,100,0.6076,0,0.0769,0,0,0,0.23,0.305,0.139,,,D,△,,0.0815,0.6495,,0.6059,A,77,0,◎-○軸 3着3〜4艇流し（10〜15点）,0.5777,"{'is_target': True, 'verdict': '参加推奨', 'max_combo_prob': 0.0767, 'est_top_odds': 17.4, 'circle_concentration': 60.4, 'eligible_count': 8, 'bet_adj': 2, 'reason': 'rel_win1=53.4%（本命度） / 最有力組み合わせ確率: 0.077（推定実オッズ?17倍） / 2着集中度: 上位2艇 60.4%（補正+0.00） / 総合判定確率: 0.077 / → ヒモ分散。1号艇1着固定で広めのヒモ流し推奨（買い目+2点）', 'tenji_trigger': '展示確認: ヒモ分散レース。1号艇伸び確認後、広めのヒモ流しを採用。穴ヒモ（5・6号艇）を積極的に含める。'}",,,27.1,逃げ狙い,17.57,25.9,3,,,,,,,,,,,
2025-05-21,丸亀,4,3,伊藤紘章,B1,30.00,3,▲,19.0957,29.3,44,58.8,0.181,3.4804,,,0,低,163,0,差0% 差ま0% 抜0%,546,0,55.4,1.364,0,0.0435,0,0.087,0.1304,0.2471,0.2941,0.2941,,,C,,,0.1344,0.5245,,0.6059,A,77,0,◎-○軸 3着3〜4艇流し（10〜15点）,0.5777,"{'is_target': True, 'verdict': '参加推奨', 'max_combo_prob': 0.0767, 'est_top_odds': 17.4, 'circle_concentration': 60.4, 'eligible_count': 8, 'bet_adj': 2, 'reason': 'rel_win1=53.4%（本命度） / 最有力組み合わせ確率: 0.077（推定実オッズ?17倍） / 2着集中度: 上位2艇 60.4%（補正+0.00） / 総合判定確率: 0.077 / → ヒモ分散。1号艇1着固定で広めのヒモ流し推奨（買い目+2点）', 'tenji_trigger': '展示確認: ヒモ分散レース。1号艇伸び確認後、広めのヒモ流しを採用。穴ヒモ（5・6号艇）を積極的に含める。'}",,,27.1,逃げ狙い,17.57,25.9,3,,,,,,,,,,,
2025-05-21,丸亀,4,4,井上忠政,A1,28.67,4,○,11.8915,23.3,100,85.7,0.1468,3.375,,,0,低,51,0,差0% ま0%,3613,0,83.2,1.6702,0,0.0833,0.0833,0,0,0,0,0.125,,,D,◎,◎,0.311,0.6805,0.4311,0.6059,A,77,0,◎-○軸 3着3〜4艇流し（10〜15点）,0.5777,"{'is_target': True, 'verdict': '参加推奨', 'max_combo_prob': 0.0767, 'est_top_odds': 17.4, 'circle_concentration': 60.4, 'eligible_count': 8, 'bet_adj': 2, 'reason': 'rel_win1=53.4%（本命度） / 最有力組み合わせ確率: 0.077（推定実オッズ?17倍） / 2着集中度: 上位2艇 60.4%（補正+0.00） / 総合判定確率: 0.077 / → ヒモ分散。1号艇1着固定で広めのヒモ流し推奨（買い目+2点）', 'tenji_trigger': '展示確認: ヒモ分散レース。1号艇伸び確認後、広めのヒモ流しを採用。穴ヒモ（5・6号艇）を積極的に含める。'}",,,27.1,逃げ狙い,17.57,25.9,3,,,,,,,,,,,
2025-05-21,丸亀,4,5,西岡蒼志,B2,26.47,5,,5.0238,14.6,38,34.6,0.1569,3.0962,,,0,低,79,0,-,6 45,0,30.8,2.2048,0,0,0,0.0417,0,0,0.27,0,,,E,,,0.2616,0.528,,0.6059,A,77,0,◎-○軸 3着3〜4艇流し（10〜15点）,0.5777,"{'is_target': True, 'verdict': '参加推奨', 'max_combo_prob': 0.0767, 'est_top_odds': 17.4, 'circle_concentration': 60.4, 'eligible_count': 8, 'bet_adj': 2, 'reason': 'rel_win1=53.4%（本命度） / 最有力組み合わせ確率: 0.077（推定実オッズ?17倍） / 2着集中度: 上位2艇 60.4%（補正+0.00） / 総合判定確率: 0.077 / → ヒモ分散。1号艇1着固定で広めのヒモ流し推奨（買い目+2点）', 'tenji_trigger': '展示確認: ヒモ分散レース。1号艇伸び確認後、広めのヒモ流しを採用。穴ヒモ（5・6号艇）を積極的に含める。'}",,,27.1,逃げ狙い,17.57,25.9,3,,,,,,,,,,,
2025-05-21,丸亀,4,6,鈴木智啓,A2,38.82,6,△,2.7341,1.7,34,20,0.1775,3.8231,,,0,低,123,0,-,4 11,0,30.8,0.7011,0,0,0,0.0303,0,0.1849,0.1741,0.0432,,,B,△,,0.1957,0.6485,,0.6059,A,77,0,◎-○軸 3着3〜4艇流し（10〜15点）,0.5777,"{'is_target': True, 'verdict': '参加推奨', 'max_combo_prob': 0.0767, 'est_top_odds': 17.4, 'circle_concentration': 60.4, 'eligible_count': 8, 'bet_adj': 2, 'reason': 'rel_win1=53.4%（本命度） / 最有力組み合わせ確率: 0.077（推定実オッズ?17倍） / 2着集中度: 上位2艇 60.4%（補正+0.00） / 総合判定確率: 0.077 / → ヒモ分散。1号艇1着固定で広めのヒモ流し推奨（買い目+2点）', 'tenji_trigger': '展示確認: ヒモ分散レース。1号艇伸び確認後、広めのヒモ流しを採用。穴ヒモ（5・6号艇）を積極的に含める。'}",,,27.1,逃げ狙い,17.57,25.9,3,,,,,,,,,,,
2025-05-21,丸亀,5,1,小林文彦,A2,28.17,1,◎,55.8332,,0,84.3,0.1716,3.6667,,,0,低,166,0,逃1%,323,0,78,0.9197,0.4643,,,,,0.0143,0.2286,0.1143,○,,C,△,,,0.5995,,0.3928,A,79,0,◎-○軸 3着3〜4艇流し（10〜15点）,0.5777,"{'is_target': True, 'verdict': '参加推奨', 'max_combo_prob': 0.0692, 'est_top_odds': 19.3, 'circle_concentration': 61.6, 'eligible_count': 8, 'bet_adj': 2, 'reason': 'rel_win1=55.8%（本命度） / 最有力組み合わせ確率: 0.069（推定実オッズ?19倍） / 2着集中度: 上位2艇 61.6%（補正+0.00） / 総合判定確率: 0.069 / → ヒモ分散。1号艇1着固定で広めのヒモ流し推奨（買い目+2点）', 'tenji_trigger': '展示確認: ヒモ分散レース。1号艇伸び確認後、広めのヒモ流しを採用。穴ヒモ（5・6号艇）を積極的に含める。'}",,,28,逃げ狙い,15.15,30.4,4,,,,,0,0,0.6155,0,,逃げ軸流し,A
2025-05-21,丸亀,5,2,松本真広,B2,21.68,2,,7.8497,39.4,58,39,0.1554,3.4756,,,0,低,83,0,-,2 64,0,77.8,1.1964,0,0.0435,0.0435,0,0,0,0.38,0.04,,◎,E,,,0.4731,0.592,,0.3928,A,79,0,◎-○軸 3着3〜4艇流し（10〜15点）,0.5777,"{'is_target': True, 'verdict': '参加推奨', 'max_combo_prob': 0.0692, 'est_top_odds': 19.3, 'circle_concentration': 61.6, 'eligible_count': 8, 'bet_adj': 2, 'reason': 'rel_win1=55.8%（本命度） / 最有力組み合わせ確率: 0.069（推定実オッズ?19倍） / 2着集中度: 上位2艇 61.6%（補正+0.00） / 総合判定確率: 0.069 / → ヒモ分散。1号艇1着固定で広めのヒモ流し推奨（買い目+2点）', 'tenji_trigger': '展示確認: ヒモ分散レース。1号艇伸び確認後、広めのヒモ流しを採用。穴ヒモ（5・6号艇）を積極的に含める。'}",,,28,逃げ狙い,15.15,30.4,4,,,,,,,,,,,
2025-05-21,丸亀,5,3,笹木香吾,B1,33.13,3,▲,13.438,22.2,100,58.1,0.1629,2.9194,,,0,低,79,0,ま0% 差ま0%,335,0,65.8,1.1771,0,0,0.15,0.05,0,0.025,0,0.3,,△,B,,,0.378,0.584,,0.3928,A,79,0,◎-○軸 3着3〜4艇流し（10〜15点）,0.5777,"{'is_target': True, 'verdict': '参加推奨', 'max_combo_prob': 0.0692, 'est_top_odds': 19.3, 'circle_concentration': 61.6, 'eligible_count': 8, 'bet_adj': 2, 'reason': 'rel_win1=55.8%（本命度） / 最有力組み合わせ確率: 0.069（推定実オッズ?19倍） / 2着集中度: 上位2艇 61.6%（補正+0.00） / 総合判定確率: 0.069 / → ヒモ分散。1号艇1着固定で広めのヒモ流し推奨（買い目+2点）', 'tenji_trigger': '展示確認: ヒモ分散レース。1号艇伸び確認後、広めのヒモ流しを採用。穴ヒモ（5・6号艇）を積極的に含める。'}",,,28,逃げ狙い,15.15,30.4,4,,,,,,,,,,,
2025-05-21,丸亀,5,4,桑島和宏,A2,26.67,4,△,10.1559,16,84,46.7,0.1527,3.35,,,0,低,131,0,-,4231,0,27,0.7834,0,0.0645,0,0,0.0323,0.0526,0.0105,0.1276,,,D,○,,0.392,0.6545,,0.3928,A,79,0,◎-○軸 3着3〜4艇流し（10〜15点）,0.5777,"{'is_target': True, 'verdict': '参加推奨', 'max_combo_prob': 0.0692, 'est_top_odds': 19.3, 'circle_concentration': 61.6, 'eligible_count': 8, 'bet_adj': 2, 'reason': 'rel_win1=55.8%（本命度） / 最有力組み合わせ確率: 0.069（推定実オッズ?19倍） / 2着集中度: 上位2艇 61.6%（補正+0.00） / 総合判定確率: 0.069 / → ヒモ分散。1号艇1着固定で広めのヒモ流し推奨（買い目+2点）', 'tenji_trigger': '展示確認: ヒモ分散レース。1号艇伸び確認後、広めのヒモ流しを採用。穴ヒモ（5・6号艇）を積極的に含める。'}",,,28,逃げ狙い,15.15,30.4,4,,,,,,,,,,,
2025-05-21,丸亀,5,5,川田正人,B1,26.00,5,,6.6809,14.6,73,40.7,0.168,3.4746,,,0,低,152,0,-,5234,0,68.3,1.0881,0,0,0,0.0833,0.0417,0.1373,0.3263,0.0387,,,D,△,,0.3398,0.614,,0.3928,A,79,0,◎-○軸 3着3〜4艇流し（10〜15点）,0.5777,"{'is_target': True, 'verdict': '参加推奨', 'max_combo_prob': 0.0692, 'est_top_odds': 19.3, 'circle_concentration': 61.6, 'eligible_count': 8, 'bet_adj': 2, 'reason': 'rel_win1=55.8%（本命度） / 最有力組み合わせ確率: 0.069（推定実オッズ?19倍） / 2着集中度: 上位2艇 61.6%（補正+0.00） / 総合判定確率: 0.069 / → ヒモ分散。1号艇1着固定で広めのヒモ流し推奨（買い目+2点）', 'tenji_trigger': '展示確認: ヒモ分散レース。1号艇伸び確認後、広めのヒモ流しを採用。穴ヒモ（5・6号艇）を積極的に含める。'}",,,28,逃げ狙い,15.15,30.4,4,,,,,,,,,,,
2025-05-21,丸亀,5,6,高橋竜矢,A1,35.76,6,○,6.0423,7.8,61,52.3,0.16,3.6477,,,0,低,31,0,差0%,2112,0,62.5,1.1447,0,0.0455,0,0,0.0455,0,0.0417,0.0833,,,B,◎,,0.3536,0.6585,,0.3928,A,79,0,◎-○軸 3着3〜4艇流し（10〜15点）,0.5777,"{'is_target': True, 'verdict': '参加推奨', 'max_combo_prob': 0.0692, 'est_top_odds': 19.3, 'circle_concentration': 61.6, 'eligible_count': 8, 'bet_adj': 2, 'reason': 'rel_win1=55.8%（本命度） / 最有力組み合わせ確率: 0.069（推定実オッズ?19倍） / 2着集中度: 上位2艇 61.6%（補正+0.00） / 総合判定確率: 0.069 / → ヒモ分散。1号艇1着固定で広めのヒモ流し推奨（買い目+2点）', 'tenji_trigger': '展示確認: ヒモ分散レース。1号艇伸び確認後、広めのヒモ流しを採用。穴ヒモ（5・6号艇）を積極的に含める。'}",,,28,逃げ狙い,15.15,30.4,4,,,,,,,,,,,
2025-05-21,丸亀,6,1,北川太一,A2,32.93,1,◎,62.3729,,0,80.6,0.1701,3.2847,,,0,低,110,0,逃0%,123,0,77.7,0.9088,0.5294,,,,,0,0.1563,0.242,◎,,C,△,,,0.6235,,0.4579,S,84,0,◎1着固定 2-3着流し（5〜8点）,0.5777,"{'is_target': True, 'verdict': '参加推奨', 'max_combo_prob': 0.085, 'est_top_odds': 15.7, 'circle_concentration': 63.6, 'eligible_count': 6, 'bet_adj': 2, 'reason': 'rel_win1=62.4%（本命度） / 最有力組み合わせ確率: 0.085（推定実オッズ?16倍） / 2着集中度: 上位2艇 63.6%（補正+0.00） / 総合判定確率: 0.085 / → ヒモ分散。1号艇1着固定で広めのヒモ流し推奨（買い目+2点）', 'tenji_trigger': '展示確認: ヒモ分散レース。1号艇伸び確認後、広めのヒモ流しを採用。穴ヒモ（5・6号艇）を積極的に含める。'}",,,26.4,逃げ狙い,11.33,29.1,3,,,,,0,0,0.7559,0,,逃げ軸流し,A
2025-05-21,丸亀,6,2,野中義生,B1,38.61,2,▲,9.9645,28.5,100,46,0.175,4.05,,,0,低,79,0,差0% ま0%,5 42,0,29.5,0.7745,0,0.0909,0.0455,0,0,0.06,0.46,0.36,,,A,△,,0.2694,0.6175,,0.4579,S,84,0,◎1着固定 2-3着流し（5〜8点）,0.5777,"{'is_target': True, 'verdict': '参加推奨', 'max_combo_prob': 0.085, 'est_top_odds': 15.7, 'circle_concentration': 63.6, 'eligible_count': 6, 'bet_adj': 2, 'reason': 'rel_win1=62.4%（本命度） / 最有力組み合わせ確率: 0.085（推定実オッズ?16倍） / 2着集中度: 上位2艇 63.6%（補正+0.00） / 総合判定確率: 0.085 / → ヒモ分散。1号艇1着固定で広めのヒモ流し推奨（買い目+2点）', 'tenji_trigger': '展示確認: ヒモ分散レース。1号艇伸び確認後、広めのヒモ流しを採用。穴ヒモ（5・6号艇）を積極的に含める。'}",,,26.4,逃げ狙い,11.33,29.1,3,,,,,,,,,,,
2025-05-21,丸亀,6,3,松本博昭,A2,24.84,3,△,13.1235,34.6,76,63,0.1679,3.7826,,,0,低,179,0,-,1 34,0,56.9,1.0777,0,0,0.125,0.025,0,0.1237,0.0157,0.1472,,,D,○,,0.3292,0.6525,,0.4579,S,84,0,◎1着固定 2-3着流し（5〜8点）,0.5777,"{'is_target': True, 'verdict': '参加推奨', 'max_combo_prob': 0.085, 'est_top_odds': 15.7, 'circle_concentration': 63.6, 'eligible_count': 6, 'bet_adj': 2, 'reason': 'rel_win1=62.4%（本命度） / 最有力組み合わせ確率: 0.085（推定実オッズ?16倍） / 2着集中度: 上位2艇 63.6%（補正+0.00） / 総合判定確率: 0.085 / → ヒモ分散。1号艇1着固定で広めのヒモ流し推奨（買い目+2点）', 'tenji_trigger': '展示確認: ヒモ分散レース。1号艇伸び確認後、広めのヒモ流しを採用。穴ヒモ（5・6号艇）を積極的に含める。'}",,,26.4,逃げ狙い,11.33,29.1,3,,,,,,,,,,,
2025-05-21,丸亀,6,4,吉永則雄,A1,34.16,4,○,9.6569,29,78,57.1,0.1533,3.1984,,,0,低,112,0,-,1362,0,21.8,0.5932,0,0,0.0714,0.0357,0,0.0896,0.0635,0.1184,,,B,◎,◎,0.3823,0.696,0.4321,0.4579,S,84,0,◎1着固定 2-3着流し（5〜8点）,0.5777,"{'is_target': True, 'verdict': '参加推奨', 'max_combo_prob': 0.085, 'est_top_odds': 15.7, 'circle_concentration': 63.6, 'eligible_count': 6, 'bet_adj': 2, 'reason': 'rel_win1=62.4%（本命度） / 最有力組み合わせ確率: 0.085（推定実オッズ?16倍） / 2着集中度: 上位2艇 63.6%（補正+0.00） / 総合判定確率: 0.085 / → ヒモ分散。1号艇1着固定で広めのヒモ流し推奨（買い目+2点）', 'tenji_trigger': '展示確認: ヒモ分散レース。1号艇伸び確認後、広めのヒモ流しを採用。穴ヒモ（5・6号艇）を積極的に含める。'}",,,26.4,逃げ狙い,11.33,29.1,3,,,,,,,,,,,
2025-05-21,丸亀,6,5,大熊辰弥,B1,23.65,5,,2.9521,6.4,46,21.6,0.2446,4.7568,,,0,低,139,0,-,5 25,0,24.6,1.0021,,,,,,0.2,0.4,0.2,,,E,,,0.1606,0.5275,,0.4579,S,84,0,◎1着固定 2-3着流し（5〜8点）,0.5777,"{'is_target': True, 'verdict': '参加推奨', 'max_combo_prob': 0.085, 'est_top_odds': 15.7, 'circle_concentration': 63.6, 'eligible_count': 6, 'bet_adj': 2, 'reason': 'rel_win1=62.4%（本命度） / 最有力組み合わせ確率: 0.085（推定実オッズ?16倍） / 2着集中度: 上位2艇 63.6%（補正+0.00） / 総合判定確率: 0.085 / → ヒモ分散。1号艇1着固定で広めのヒモ流し推奨（買い目+2点）', 'tenji_trigger': '展示確認: ヒモ分散レース。1号艇伸び確認後、広めのヒモ流しを採用。穴ヒモ（5・6号艇）を積極的に含める。'}",,,26.4,逃げ狙い,11.33,29.1,3,,,,,,,,,,,
2025-05-21,丸亀,6,6,山下心一,B2,25.79,6,,1.9302,1.5,30,11.9,0.1823,3.7321,,,0,低,60,0,-,666,0,24.3,0.6217,0,0,0,0,0.0208,,,,,,D,,,0.2946,0.494,,0.4579,S,84,0,◎1着固定 2-3着流し（5〜8点）,0.5777,"{'is_target': True, 'verdict': '参加推奨', 'max_combo_prob': 0.085, 'est_top_odds': 15.7, 'circle_concentration': 63.6, 'eligible_count': 6, 'bet_adj': 2, 'reason': 'rel_win1=62.4%（本命度） / 最有力組み合わせ確率: 0.085（推定実オッズ?16倍） / 2着集中度: 上位2艇 63.6%（補正+0.00） / 総合判定確率: 0.085 / → ヒモ分散。1号艇1着固定で広めのヒモ流し推奨（買い目+2点）', 'tenji_trigger': '展示確認: ヒモ分散レース。1号艇伸び確認後、広めのヒモ流しを採用。穴ヒモ（5・6号艇）を積極的に含める。'}",,,26.4,逃げ狙い,11.33,29.1,3,,,,,,,,,,,
2025-05-21,丸亀,7,1,西舘　健,A2,31.54,1,◎,59.0623,,0,80.9,0.1507,2.8235,,,0,低,130,0,逃0%,145,0,78.5,0.9006,0.5429,,,,,0.0895,0.1581,0.1124,◎,,B,△,,,0.6065,,0.522,A,75,0,◎-○軸 3着3〜4艇流し（10〜15点）,0.5777,"{'is_target': True, 'verdict': '参加推奨', 'max_combo_prob': 0.0688, 'est_top_odds': 19.4, 'circle_concentration': 63.8, 'eligible_count': 8, 'bet_adj': 2, 'reason': 'rel_win1=59.1%（本命度） / 最有力組み合わせ確率: 0.069（推定実オッズ?19倍） / 2着集中度: 上位2艇 63.8%（補正+0.00） / 総合判定確率: 0.069 / → ヒモ分散。1号艇1着固定で広めのヒモ流し推奨（買い目+2点）', 'tenji_trigger': '展示確認: ヒモ分散レース。1号艇伸び確認後、広めのヒモ流しを採用。穴ヒモ（5・6号艇）を積極的に含める。'}",,,27.3,逃げ狙い,13.27,30.2,3,,,,,0,0,0.7559,0,,逃げ軸流し,A
2025-05-21,丸亀,7,2,岩田　凌,B1,25.87,2,,9.3323,28.3,38,19.4,0.189,3.8387,,,0,低,86,0,差0%,666,0,15.8,0.5379,0,0.0667,0,0,0,0.25,0.5,0.125,,,D,,,0.0774,0.5025,,0.522,A,75,0,◎-○軸 3着3〜4艇流し（10〜15点）,0.5777,"{'is_target': True, 'verdict': '参加推奨', 'max_combo_prob': 0.0688, 'est_top_odds': 19.4, 'circle_concentration': 63.8, 'eligible_count': 8, 'bet_adj': 2, 'reason': 'rel_win1=59.1%（本命度） / 最有力組み合わせ確率: 0.069（推定実オッズ?19倍） / 2着集中度: 上位2艇 63.8%（補正+0.00） / 総合判定確率: 0.069 / → ヒモ分散。1号艇1着固定で広めのヒモ流し推奨（買い目+2点）', 'tenji_trigger': '展示確認: ヒモ分散レース。1号艇伸び確認後、広めのヒモ流しを採用。穴ヒモ（5・6号艇）を積極的に含める。'}",,,27.3,逃げ狙い,13.27,30.2,3,,,,,,,,,,,
2025-05-21,丸亀,7,3,宮下元胤,A2,30.38,3,○,14.3343,35.4,100,71.9,0.1486,3.2656,,,0,低,126,0,-,1 34,0,52.8,0.965,0,0,0.0357,0.0714,0.0357,0.1767,0.1283,0.115,,,C,◎,,0.3232,0.6615,,0.522,A,75,0,◎-○軸 3着3〜4艇流し（10〜15点）,0.5777,"{'is_target': True, 'verdict': '参加推奨', 'max_combo_prob': 0.0688, 'est_top_odds': 19.4, 'circle_concentration': 63.8, 'eligible_count': 8, 'bet_adj': 2, 'reason': 'rel_win1=59.1%（本命度） / 最有力組み合わせ確率: 0.069（推定実オッズ?19倍） / 2着集中度: 上位2艇 63.8%（補正+0.00） / 総合判定確率: 0.069 / → ヒモ分散。1号艇1着固定で広めのヒモ流し推奨（買い目+2点）', 'tenji_trigger': '展示確認: ヒモ分散レース。1号艇伸び確認後、広めのヒモ流しを採用。穴ヒモ（5・6号艇）を積極的に含める。'}",,,27.3,逃げ狙い,13.27,30.2,3,,,,,,,,,,,
2025-05-21,丸亀,7,4,柴田直哉,B1,30.77,4,▲,6.7209,26.5,68,48.1,0.1948,4.0741,,,0,低,140,0,ま0%,5 14,0,50.8,0.9477,0,0,0.0556,0,0,0,0.0842,0.3421,,,B,△,,0.1424,0.6175,,0.522,A,75,0,◎-○軸 3着3〜4艇流し（10〜15点）,0.5777,"{'is_target': True, 'verdict': '参加推奨', 'max_combo_prob': 0.0688, 'est_top_odds': 19.4, 'circle_concentration': 63.8, 'eligible_count': 8, 'bet_adj': 2, 'reason': 'rel_win1=59.1%（本命度） / 最有力組み合わせ確率: 0.069（推定実オッズ?19倍） / 2着集中度: 上位2艇 63.8%（補正+0.00） / 総合判定確率: 0.069 / → ヒモ分散。1号艇1着固定で広めのヒモ流し推奨（買い目+2点）', 'tenji_trigger': '展示確認: ヒモ分散レース。1号艇伸び確認後、広めのヒモ流しを採用。穴ヒモ（5・6号艇）を積極的に含める。'}",,,27.3,逃げ狙い,13.27,30.2,3,,,,,,,,,,,
2025-05-21,丸亀,7,5,三木晴斗,B1,28.05,5,△,7.8516,4.8,75,32.2,0.1605,3.339,,,0,低,97,0,-,2S35,0,65,1.0021,0,0,0,0,0.0455,0.095,0.195,0.155,,,C,,◎,0.3053,0.5655,0.3001,0.522,A,75,0,◎-○軸 3着3〜4艇流し（10〜15点）,0.5777,"{'is_target': True, 'verdict': '参加推奨', 'max_combo_prob': 0.0688, 'est_top_odds': 19.4, 'circle_concentration': 63.8, 'eligible_count': 8, 'bet_adj': 2, 'reason': 'rel_win1=59.1%（本命度） / 最有力組み合わせ確率: 0.069（推定実オッズ?19倍） / 2着集中度: 上位2艇 63.8%（補正+0.00） / 総合判定確率: 0.069 / → ヒモ分散。1号艇1着固定で広めのヒモ流し推奨（買い目+2点）', 'tenji_trigger': '展示確認: ヒモ分散レース。1号艇伸び確認後、広めのヒモ流しを採用。穴ヒモ（5・6号艇）を積極的に含める。'}",,,27.3,逃げ狙い,13.27,30.2,3,,,,,,,,,,,
2025-05-21,丸亀,7,6,深川真二,A1,22.22,6,,2.6987,4.9,47,,,,,,0,低,21,1,-,1216,0,,,,,,,,,,,,,E,○,○,0.3337,0.6545,0.15,0.522,A,75,0,◎-○軸 3着3〜4艇流し（10〜15点）,0.5777,"{'is_target': True, 'verdict': '参加推奨', 'max_combo_prob': 0.0688, 'est_top_odds': 19.4, 'circle_concentration': 63.8, 'eligible_count': 8, 'bet_adj': 2, 'reason': 'rel_win1=59.1%（本命度） / 最有力組み合わせ確率: 0.069（推定実オッズ?19倍） / 2着集中度: 上位2艇 63.8%（補正+0.00） / 総合判定確率: 0.069 / → ヒモ分散。1号艇1着固定で広めのヒモ流し推奨（買い目+2点）', 'tenji_trigger': '展示確認: ヒモ分散レース。1号艇伸び確認後、広めのヒモ流しを採用。穴ヒモ（5・6号艇）を積極的に含める。'}",,,27.3,逃げ狙い,13.27,30.2,3,,,,,,,,,,,
2025-05-21,丸亀,8,1,森永　淳,A1,35.90,1,◎,70.351,,0,90.4,0.1421,2.3562,,,0,低,52,0,逃1%,4124,0,83.4,1.0207,0.7838,,,,,0,0.1351,0.0811,◎,,B,○,,,0.702,,0.6419,S,100,0,◎1着固定 2-3着流し（5〜8点）,0.5777,"{'is_target': True, 'verdict': '点数絞り', 'max_combo_prob': 0.1472, 'est_top_odds': 9.1, 'circle_concentration': 73.6, 'eligible_count': 6, 'bet_adj': 0, 'reason': 'rel_win1=70.4%（本命度） / 最有力組み合わせ確率: 0.147（推定実オッズ?9倍） / 2着集中度: 上位2艇 73.6%（補正+0.04） / 総合判定確率: 0.187 / → ヒモはやや固め。上位2艇以外を切ること', 'tenji_trigger': '展示確認: 1号艇伸び良→そのまま採用。悪→飛び組に差し替え。circle_pct上位2艇に絞り込むこと。'}",,,25.6,逃げ狙い,13.81,24.8,4,,,,,0,0,0.7559,0,,逃げ軸流し,A
2025-05-21,丸亀,8,2,堀本和也,A1,33.13,2,○,10.1249,58.6,59,65.1,0.1344,3.0465,,,0,低,22,0,-,3521,0,37.8,0.6126,0,0.1,0,0,0,0.04,0.04,0.12,,◎,C,◎,,0.3992,0.769,,0.6419,S,100,0,◎1着固定 2-3着流し（5〜8点）,0.5777,"{'is_target': True, 'verdict': '点数絞り', 'max_combo_prob': 0.1472, 'est_top_odds': 9.1, 'circle_concentration': 73.6, 'eligible_count': 6, 'bet_adj': 0, 'reason': 'rel_win1=70.4%（本命度） / 最有力組み合わせ確率: 0.147（推定実オッズ?9倍） / 2着集中度: 上位2艇 73.6%（補正+0.04） / 総合判定確率: 0.187 / → ヒモはやや固め。上位2艇以外を切ること', 'tenji_trigger': '展示確認: 1号艇伸び良→そのまま採用。悪→飛び組に差し替え。circle_pct上位2艇に絞り込むこと。'}",,,25.6,逃げ狙い,13.81,24.8,4,,,,,,,,,,,
2025-05-21,丸亀,8,3,山田和佐,B1,25.81,3,,4.6269,15,96,37.5,0.1727,3.5078,,,0,低,130,0,-,554,0,52.2,1.1169,0,0,0.0278,0,0,0.1769,0.0308,0.1923,,,E,△,,0.1254,0.5895,,0.6419,S,100,0,◎1着固定 2-3着流し（5〜8点）,0.5777,"{'is_target': True, 'verdict': '点数絞り', 'max_combo_prob': 0.1472, 'est_top_odds': 9.1, 'circle_concentration': 73.6, 'eligible_count': 6, 'bet_adj': 0, 'reason': 'rel_win1=70.4%（本命度） / 最有力組み合わせ確率: 0.147（推定実オッズ?9倍） / 2着集中度: 上位2艇 73.6%（補正+0.04） / 総合判定確率: 0.187 / → ヒモはやや固め。上位2艇以外を切ること', 'tenji_trigger': '展示確認: 1号艇伸び良→そのまま採用。悪→飛び組に差し替え。circle_pct上位2艇に絞り込むこと。'}",,,25.6,逃げ狙い,13.81,24.8,4,,,,,,,,,,,
2025-05-21,丸亀,8,4,下河雅史,A2,31.17,4,△,9.3042,14.8,100,50,0.1616,3.3103,,,0,低,132,0,-,6551,0,33.4,0.7234,0,0,0.087,0,0,0.16,0.08,0.3067,,,C,△,◎,0.2261,0.613,0.4,0.6419,S,100,0,◎1着固定 2-3着流し（5〜8点）,0.5777,"{'is_target': True, 'verdict': '点数絞り', 'max_combo_prob': 0.1472, 'est_top_odds': 9.1, 'circle_concentration': 73.6, 'eligible_count': 6, 'bet_adj': 0, 'reason': 'rel_win1=70.4%（本命度） / 最有力組み合わせ確率: 0.147（推定実オッズ?9倍） / 2着集中度: 上位2艇 73.6%（補正+0.04） / 総合判定確率: 0.187 / → ヒモはやや固め。上位2艇以外を切ること', 'tenji_trigger': '展示確認: 1号艇伸び良→そのまま採用。悪→飛び組に差し替え。circle_pct上位2艇に絞り込むこと。'}",,,25.6,逃げ狙い,13.81,24.8,4,,,,,,,,,,,
2025-05-21,丸亀,8,5,笠　雅雄,B2,35.46,5,▲,4.678,6.8,48,27.5,0.1778,3.3725,,,0,低,120,0,-,652,0,21.5,0.5386,0,0,0.0345,0.069,0,0.275,0.25,0.025,,,B,,,0.1774,0.551,,0.6419,S,100,0,◎1着固定 2-3着流し（5〜8点）,0.5777,"{'is_target': True, 'verdict': '点数絞り', 'max_combo_prob': 0.1472, 'est_top_odds': 9.1, 'circle_concentration': 73.6, 'eligible_count': 6, 'bet_adj': 0, 'reason': 'rel_win1=70.4%（本命度） / 最有力組み合わせ確率: 0.147（推定実オッズ?9倍） / 2着集中度: 上位2艇 73.6%（補正+0.04） / 総合判定確率: 0.187 / → ヒモはやや固め。上位2艇以外を切ること', 'tenji_trigger': '展示確認: 1号艇伸び良→そのまま採用。悪→飛び組に差し替え。circle_pct上位2艇に絞り込むこと。'}",,,25.6,逃げ狙い,13.81,24.8,4,,,,,,,,,,,
2025-05-21,丸亀,8,6,伊藤紘章,B1,30.00,6,,0.915,4.8,36,27.5,0.2406,4.8137,,,0,低,163,0,-,546,0,20.9,1.1872,,,,,,0.2471,0.2941,0.2941,,,D,,,0.1376,0.5245,,0.6419,S,100,0,◎1着固定 2-3着流し（5〜8点）,0.5777,"{'is_target': True, 'verdict': '点数絞り', 'max_combo_prob': 0.1472, 'est_top_odds': 9.1, 'circle_concentration': 73.6, 'eligible_count': 6, 'bet_adj': 0, 'reason': 'rel_win1=70.4%（本命度） / 最有力組み合わせ確率: 0.147（推定実オッズ?9倍） / 2着集中度: 上位2艇 73.6%（補正+0.04） / 総合判定確率: 0.187 / → ヒモはやや固め。上位2艇以外を切ること', 'tenji_trigger': '展示確認: 1号艇伸び良→そのまま採用。悪→飛び組に差し替え。circle_pct上位2艇に絞り込むこと。'}",,,25.6,逃げ狙い,13.81,24.8,4,,,,,,,,,,,
2025-05-21,丸亀,9,1,高橋竜矢,A1,35.76,1,◎,60.0916,,0,94.9,0.1208,2.2821,,,0,低,31,0,逃1%,2112,0,91.2,1.2118,0.875,,,,,0,0.0417,0.0833,◎,,B,△,,,0.6585,,0.7067,S,91,0,◎1着固定 2-3着流し（5〜8点）,0.5777,"{'is_target': True, 'verdict': '点数絞り', 'max_combo_prob': 0.0952, 'est_top_odds': 14.0, 'circle_concentration': 84.1, 'eligible_count': 6, 'bet_adj': 0, 'reason': 'rel_win1=60.1%（本命度） / 最有力組み合わせ確率: 0.095（推定実オッズ?14倍） / 2着集中度: 上位2艇 84.1%（補正+0.04） / 総合判定確率: 0.135 / → ヒモはやや固め。上位2艇以外を切ること', 'tenji_trigger': '展示確認: 1号艇伸び良→そのまま採用。悪→飛び組に差し替え。circle_pct上位2艇に絞り込むこと。\n展示で1号艇スタート超安定(0.121秒)→ヒモ固まり方向に注意'}",,,27.3,逃げ狙い,21.84,22.7,3,,,,,0,0,0.7559,0,,逃げ軸流し,A
2025-05-21,丸亀,9,2,三嶌誠司,A1,39.87,2,○,13.9796,41.4,100,66.7,0.1423,3.4271,,,0,低,84,0,-,2422,0,35.8,0.8253,0,0.125,0.0833,0,0.0417,0.1235,0.1643,0.0959,,,A,○,,0.1122,0.669,,0.7067,S,91,0,◎1着固定 2-3着流し（5〜8点）,0.5777,"{'is_target': True, 'verdict': '点数絞り', 'max_combo_prob': 0.0952, 'est_top_odds': 14.0, 'circle_concentration': 84.1, 'eligible_count': 6, 'bet_adj': 0, 'reason': 'rel_win1=60.1%（本命度） / 最有力組み合わせ確率: 0.095（推定実オッズ?14倍） / 2着集中度: 上位2艇 84.1%（補正+0.04） / 総合判定確率: 0.135 / → ヒモはやや固め。上位2艇以外を切ること', 'tenji_trigger': '展示確認: 1号艇伸び良→そのまま採用。悪→飛び組に差し替え。circle_pct上位2艇に絞り込むこと。\n展示で1号艇スタート超安定(0.121秒)→ヒモ固まり方向に注意'}",,,27.3,逃げ狙い,21.84,22.7,3,,,,,,,,,,,
2025-05-21,丸亀,9,3,井上忠政,A1,28.67,3,△,16.8286,42.8,70,87.5,0.1508,3.2292,,,0,低,51,0,ま0% 差ま0% 抜0%,3613,0,82.1,1.6625,0,0,0.1,0.1,0.1,0,0,0.125,,,D,◎,,0.156,0.6805,,0.7067,S,91,0,◎1着固定 2-3着流し（5〜8点）,0.5777,"{'is_target': True, 'verdict': '点数絞り', 'max_combo_prob': 0.0952, 'est_top_odds': 14.0, 'circle_concentration': 84.1, 'eligible_count': 6, 'bet_adj': 0, 'reason': 'rel_win1=60.1%（本命度） / 最有力組み合わせ確率: 0.095（推定実オッズ?14倍） / 2着集中度: 上位2艇 84.1%（補正+0.04） / 総合判定確率: 0.135 / → ヒモはやや固め。上位2艇以外を切ること', 'tenji_trigger': '展示確認: 1号艇伸び良→そのまま採用。悪→飛び組に差し替え。circle_pct上位2艇に絞り込むこと。\n展示で1号艇スタート超安定(0.121秒)→ヒモ固まり方向に注意'}",,,27.3,逃げ狙い,21.84,22.7,3,,,,,,,,,,,
2025-05-21,丸亀,9,4,杉江浩明,B1,27.21,4,,3.2219,10.9,60,32.9,0.2017,4.5571,,,0,低,209,0,差ま0%,351,0,38.5,0.694,0,0,0,0.0286,0,0.2444,0.1111,0.0444,,,D,,,0.1029,0.6375,,0.7067,S,91,0,◎1着固定 2-3着流し（5〜8点）,0.5777,"{'is_target': True, 'verdict': '点数絞り', 'max_combo_prob': 0.0952, 'est_top_odds': 14.0, 'circle_concentration': 84.1, 'eligible_count': 6, 'bet_adj': 0, 'reason': 'rel_win1=60.1%（本命度） / 最有力組み合わせ確率: 0.095（推定実オッズ?14倍） / 2着集中度: 上位2艇 84.1%（補正+0.04） / 総合判定確率: 0.135 / → ヒモはやや固め。上位2艇以外を切ること', 'tenji_trigger': '展示確認: 1号艇伸び良→そのまま採用。悪→飛び組に差し替え。circle_pct上位2艇に絞り込むこと。\n展示で1号艇スタート超安定(0.121秒)→ヒモ固まり方向に注意'}",,,27.3,逃げ狙い,21.84,22.7,3,,,,,,,,,,,
2025-05-21,丸亀,9,5,梶原　正,B1,26.88,5,,3.0695,1.1,77,23.6,0.152,3.4364,,,0,低,90,0,差ま0%,2 16,0,35.2,0.7514,0,0,0,0.0357,0,0.23,0.305,0.139,,,E,△,,0.1837,0.6495,,0.7067,S,91,0,◎1着固定 2-3着流し（5〜8点）,0.5777,"{'is_target': True, 'verdict': '点数絞り', 'max_combo_prob': 0.0952, 'est_top_odds': 14.0, 'circle_concentration': 84.1, 'eligible_count': 6, 'bet_adj': 0, 'reason': 'rel_win1=60.1%（本命度） / 最有力組み合わせ確率: 0.095（推定実オッズ?14倍） / 2着集中度: 上位2艇 84.1%（補正+0.04） / 総合判定確率: 0.135 / → ヒモはやや固め。上位2艇以外を切ること', 'tenji_trigger': '展示確認: 1号艇伸び良→そのまま採用。悪→飛び組に差し替え。circle_pct上位2艇に絞り込むこと。\n展示で1号艇スタート超安定(0.121秒)→ヒモ固まり方向に注意'}",,,27.3,逃げ狙い,21.84,22.7,3,,,,,,,,,,,
2025-05-21,丸亀,9,6,柳瀬幹太,B1,33.74,6,▲,2.8088,3.9,33,15.2,0.1209,2.6515,,,0,低,70,0,-,333,0,25.3,0.8558,,,,,,0.2364,0.1091,0.0364,,,C,,,0.3136,0.638,,0.7067,S,91,0,◎1着固定 2-3着流し（5〜8点）,0.5777,"{'is_target': True, 'verdict': '点数絞り', 'max_combo_prob': 0.0952, 'est_top_odds': 14.0, 'circle_concentration': 84.1, 'eligible_count': 6, 'bet_adj': 0, 'reason': 'rel_win1=60.1%（本命度） / 最有力組み合わせ確率: 0.095（推定実オッズ?14倍） / 2着集中度: 上位2艇 84.1%（補正+0.04） / 総合判定確率: 0.135 / → ヒモはやや固め。上位2艇以外を切ること', 'tenji_trigger': '展示確認: 1号艇伸び良→そのまま採用。悪→飛び組に差し替え。circle_pct上位2艇に絞り込むこと。\n展示で1号艇スタート超安定(0.121秒)→ヒモ固まり方向に注意'}",,,27.3,逃げ狙い,21.84,22.7,3,,,,,,,,,,,
2025-05-21,丸亀,10,1,鈴木智啓,A2,38.82,1,◎,59.5088,,0,89.1,0.1536,3.1406,,,0,低,123,0,逃1%,4 11,0,79.6,1.1497,0.5135,,,,,0.1849,0.1741,0.0432,◎,,A,○,,,0.6485,,0.4901,A,79,0,◎-○軸 3着3〜4艇流し（10〜15点）,0.5777,"{'is_target': True, 'verdict': '参加推奨', 'max_combo_prob': 0.0902, 'est_top_odds': 14.8, 'circle_concentration': 68.3, 'eligible_count': 8, 'bet_adj': 2, 'reason': 'rel_win1=59.5%（本命度） / 最有力組み合わせ確率: 0.090（推定実オッズ?15倍） / 2着集中度: 上位2艇 68.3%（補正+0.00） / 総合判定確率: 0.090 / → ヒモ分散。1号艇1着固定で広めのヒモ流し推奨（買い目+2点）', 'tenji_trigger': '展示確認: ヒモ分散レース。1号艇伸び確認後、広めのヒモ流しを採用。穴ヒモ（5・6号艇）を積極的に含める。'}",,,30.3,逃げ狙い,20.37,32.6,2,,,,,0,0,0.7559,0,,逃げ軸流し,A
2025-05-21,丸亀,10,2,北川太一,A2,32.93,2,○,14.6456,45.3,78,73.4,0.1452,3.1406,,,0,低,110,0,差0% 抜0%,123,0,56.7,1.191,0,0.0833,0,0,0.125,0,0.1563,0.242,,◎,B,△,,0.4299,0.6235,,0.4901,A,79,0,◎-○軸 3着3〜4艇流し（10〜15点）,0.5777,"{'is_target': True, 'verdict': '参加推奨', 'max_combo_prob': 0.0902, 'est_top_odds': 14.8, 'circle_concentration': 68.3, 'eligible_count': 8, 'bet_adj': 2, 'reason': 'rel_win1=59.5%（本命度） / 最有力組み合わせ確率: 0.090（推定実オッズ?15倍） / 2着集中度: 上位2艇 68.3%（補正+0.00） / 総合判定確率: 0.090 / → ヒモ分散。1号艇1着固定で広めのヒモ流し推奨（買い目+2点）', 'tenji_trigger': '展示確認: ヒモ分散レース。1号艇伸び確認後、広めのヒモ流しを採用。穴ヒモ（5・6号艇）を積極的に含める。'}",,,30.3,逃げ狙い,20.37,32.6,2,,,,,,,,,,,
2025-05-21,丸亀,10,3,小林文彦,A2,28.17,3,△,9.1076,23,99,63.3,0.1902,3.949,,,0,低,166,0,-,323,0,21.3,0.7771,0,0,0,0,0.05,0.0143,0.2286,0.1143,,,D,,,0.1633,0.5995,,0.4901,A,79,0,◎-○軸 3着3〜4艇流し（10〜15点）,0.5777,"{'is_target': True, 'verdict': '参加推奨', 'max_combo_prob': 0.0902, 'est_top_odds': 14.8, 'circle_concentration': 68.3, 'eligible_count': 8, 'bet_adj': 2, 'reason': 'rel_win1=59.5%（本命度） / 最有力組み合わせ確率: 0.090（推定実オッズ?15倍） / 2着集中度: 上位2艇 68.3%（補正+0.00） / 総合判定確率: 0.090 / → ヒモ分散。1号艇1着固定で広めのヒモ流し推奨（買い目+2点）', 'tenji_trigger': '展示確認: ヒモ分散レース。1号艇伸び確認後、広めのヒモ流しを採用。穴ヒモ（5・6号艇）を積極的に含める。'}",,,30.3,逃げ狙い,20.37,32.6,2,,,,,,,,,,,
2025-05-21,丸亀,10,4,松本博昭,A2,24.84,4,,5.4126,8.9,100,53.2,0.1662,3.7468,,,0,低,179,0,ま0% 差ま0%,1 34,0,44.5,0.967,0,0,0.0303,0.0303,0,0.1237,0.0157,0.1472,,,E,◎,,0.2586,0.6525,,0.4901,A,79,0,◎-○軸 3着3〜4艇流し（10〜15点）,0.5777,"{'is_target': True, 'verdict': '参加推奨', 'max_combo_prob': 0.0902, 'est_top_odds': 14.8, 'circle_concentration': 68.3, 'eligible_count': 8, 'bet_adj': 2, 'reason': 'rel_win1=59.5%（本命度） / 最有力組み合わせ確率: 0.090（推定実オッズ?15倍） / 2着集中度: 上位2艇 68.3%（補正+0.00） / 総合判定確率: 0.090 / → ヒモ分散。1号艇1着固定で広めのヒモ流し推奨（買い目+2点）', 'tenji_trigger': '展示確認: ヒモ分散レース。1号艇伸び確認後、広めのヒモ流しを採用。穴ヒモ（5・6号艇）を積極的に含める。'}",,,30.3,逃げ狙い,20.37,32.6,2,,,,,,,,,,,
2025-05-21,丸亀,10,5,金田　諭,A1,27.38,5,,9.7537,20.8,62,63.3,0.1824,3.4898,,,0,低,124,0,ま0% 抜0%,4143,0,96.2,1.8414,0,0,0.1071,0,0.0357,0.1493,0.0293,0.1883,,,D,△,◎,0.2434,0.615,0.2437,0.4901,A,79,0,◎-○軸 3着3〜4艇流し（10〜15点）,0.5777,"{'is_target': True, 'verdict': '参加推奨', 'max_combo_prob': 0.0902, 'est_top_odds': 14.8, 'circle_concentration': 68.3, 'eligible_count': 8, 'bet_adj': 2, 'reason': 'rel_win1=59.5%（本命度） / 最有力組み合わせ確率: 0.090（推定実オッズ?15倍） / 2着集中度: 上位2艇 68.3%（補正+0.00） / 総合判定確率: 0.090 / → ヒモ分散。1号艇1着固定で広めのヒモ流し推奨（買い目+2点）', 'tenji_trigger': '展示確認: ヒモ分散レース。1号艇伸び確認後、広めのヒモ流しを採用。穴ヒモ（5・6号艇）を積極的に含める。'}",,,30.3,逃げ狙い,20.37,32.6,2,,,,,,,,,,,
2025-05-21,丸亀,10,6,西舘　健,A2,31.54,6,▲,1.5717,2,38,28.3,0.1789,3.9717,,,0,低,130,0,-,145,0,39.5,0.9178,0,0,0,0.0357,0,0.0895,0.1581,0.1124,,,C,,,0.2255,0.6065,,0.4901,A,79,0,◎-○軸 3着3〜4艇流し（10〜15点）,0.5777,"{'is_target': True, 'verdict': '参加推奨', 'max_combo_prob': 0.0902, 'est_top_odds': 14.8, 'circle_concentration': 68.3, 'eligible_count': 8, 'bet_adj': 2, 'reason': 'rel_win1=59.5%（本命度） / 最有力組み合わせ確率: 0.090（推定実オッズ?15倍） / 2着集中度: 上位2艇 68.3%（補正+0.00） / 総合判定確率: 0.090 / → ヒモ分散。1号艇1着固定で広めのヒモ流し推奨（買い目+2点）', 'tenji_trigger': '展示確認: ヒモ分散レース。1号艇伸び確認後、広めのヒモ流しを採用。穴ヒモ（5・6号艇）を積極的に含める。'}",,,30.3,逃げ狙い,20.37,32.6,2,,,,,,,,,,,
2025-05-21,丸亀,11,1,深川真二,A1,22.22,1,◎,55.3904,,0,94.5,0.1223,2.6301,,,0,低,21,0,逃1%,1216,0,93.2,1.2594,0.7632,,,,,0.0105,0.1173,0.0211,◎,,E,△,,,0.6545,,0.6999,S,100,0,◎1着固定 2-3着流し（5〜8点）,0.5777,"{'is_target': True, 'verdict': '点数絞り', 'max_combo_prob': 0.1015, 'est_top_odds': 13.1, 'circle_concentration': 71.7, 'eligible_count': 6, 'bet_adj': 0, 'reason': 'rel_win1=55.4%（本命度） / 最有力組み合わせ確率: 0.102（推定実オッズ?13倍） / 2着集中度: 上位2艇 71.7%（補正+0.04） / 総合判定確率: 0.142 / → ヒモはやや固め。上位2艇以外を切ること', 'tenji_trigger': '展示確認: 1号艇伸び良→そのまま採用。悪→飛び組に差し替え。circle_pct上位2艇に絞り込むこと。\n展示で1号艇スタート超安定(0.122秒)→ヒモ固まり方向に注意'}",,,28.1,逃げ狙い,23.93,23.4,2,,,,,0,0,0.7559,0,,逃げ軸流し,A
2025-05-21,丸亀,11,2,森永　淳,A1,35.90,2,○,25.9845,52.3,65,80,0.1418,2.6222,,,0,低,52,0,差0% ま0%,4124,0,73.3,1.4143,0,0.2778,0.2222,0,0,0,0.1351,0.0811,,,B,◎,,0.1709,0.702,,0.6999,S,100,0,◎1着固定 2-3着流し（5〜8点）,0.5777,"{'is_target': True, 'verdict': '点数絞り', 'max_combo_prob': 0.1015, 'est_top_odds': 13.1, 'circle_concentration': 71.7, 'eligible_count': 6, 'bet_adj': 0, 'reason': 'rel_win1=55.4%（本命度） / 最有力組み合わせ確率: 0.102（推定実オッズ?13倍） / 2着集中度: 上位2艇 71.7%（補正+0.04） / 総合判定確率: 0.142 / → ヒモはやや固め。上位2艇以外を切ること', 'tenji_trigger': '展示確認: 1号艇伸び良→そのまま採用。悪→飛び組に差し替え。circle_pct上位2艇に絞り込むこと。\n展示で1号艇スタート超安定(0.122秒)→ヒモ固まり方向に注意'}",,,28.1,逃げ狙い,23.93,23.4,2,,,,,,,,,,,
2025-05-21,丸亀,11,3,間野兼礼,B1,28.57,3,,6.906,17.9,81,45.6,0.1812,3.2982,,,0,低,94,0,-,232,0,21.1,0.7277,,,,,,0,0.0889,0.1944,,,D,,,0.1286,0.564,,0.6999,S,100,0,◎1着固定 2-3着流し（5〜8点）,0.5777,"{'is_target': True, 'verdict': '点数絞り', 'max_combo_prob': 0.1015, 'est_top_odds': 13.1, 'circle_concentration': 71.7, 'eligible_count': 6, 'bet_adj': 0, 'reason': 'rel_win1=55.4%（本命度） / 最有力組み合わせ確率: 0.102（推定実オッズ?13倍） / 2着集中度: 上位2艇 71.7%（補正+0.04） / 総合判定確率: 0.142 / → ヒモはやや固め。上位2艇以外を切ること', 'tenji_trigger': '展示確認: 1号艇伸び良→そのまま採用。悪→飛び組に差し替え。circle_pct上位2艇に絞り込むこと。\n展示で1号艇スタート超安定(0.122秒)→ヒモ固まり方向に注意'}",,,28.1,逃げ狙い,23.93,23.4,2,,,,,,,,,,,
2025-05-21,丸亀,11,4,宮下元胤,A2,30.38,4,△,6.5473,19.5,100,58.3,0.1718,4.1,,,0,低,126,0,-,1 34,0,36.1,0.8089,0,0,0.15,0.1,0,0.1767,0.1283,0.115,,,C,○,◎,0.145,0.6615,0.3377,0.6999,S,100,0,◎1着固定 2-3着流し（5〜8点）,0.5777,"{'is_target': True, 'verdict': '点数絞り', 'max_combo_prob': 0.1015, 'est_top_odds': 13.1, 'circle_concentration': 71.7, 'eligible_count': 6, 'bet_adj': 0, 'reason': 'rel_win1=55.4%（本命度） / 最有力組み合わせ確率: 0.102（推定実オッズ?13倍） / 2着集中度: 上位2艇 71.7%（補正+0.04） / 総合判定確率: 0.142 / → ヒモはやや固め。上位2艇以外を切ること', 'tenji_trigger': '展示確認: 1号艇伸び良→そのまま採用。悪→飛び組に差し替え。circle_pct上位2艇に絞り込むこと。\n展示で1号艇スタート超安定(0.122秒)→ヒモ固まり方向に注意'}",,,28.1,逃げ狙い,23.93,23.4,2,,,,,,,,,,,
2025-05-21,丸亀,11,5,後藤　浩,B1,38.36,5,▲,2.9847,5.7,41,25.9,0.1737,3.6111,,,0,低,120,0,差ま0%,1 53,0,38.1,0.819,0,0,0,0.0526,0,0.0556,0.2222,0,,,B,△,,0.1183,0.6325,,0.6999,S,100,0,◎1着固定 2-3着流し（5〜8点）,0.5777,"{'is_target': True, 'verdict': '点数絞り', 'max_combo_prob': 0.1015, 'est_top_odds': 13.1, 'circle_concentration': 71.7, 'eligible_count': 6, 'bet_adj': 0, 'reason': 'rel_win1=55.4%（本命度） / 最有力組み合わせ確率: 0.102（推定実オッズ?13倍） / 2着集中度: 上位2艇 71.7%（補正+0.04） / 総合判定確率: 0.142 / → ヒモはやや固め。上位2艇以外を切ること', 'tenji_trigger': '展示確認: 1号艇伸び良→そのまま採用。悪→飛び組に差し替え。circle_pct上位2艇に絞り込むこと。\n展示で1号艇スタート超安定(0.122秒)→ヒモ固まり方向に注意'}",,,28.1,逃げ狙い,23.93,23.4,2,,,,,,,,,,,
2025-05-21,丸亀,11,6,桑島和宏,A2,26.67,6,,2.1871,4.7,63,45.2,0.1825,4.1575,,,0,低,131,0,-,4231,0,31.6,0.7536,,,,,,0.0526,0.0105,0.1276,,,D,△,,0.1384,0.6545,,0.6999,S,100,0,◎1着固定 2-3着流し（5〜8点）,0.5777,"{'is_target': True, 'verdict': '点数絞り', 'max_combo_prob': 0.1015, 'est_top_odds': 13.1, 'circle_concentration': 71.7, 'eligible_count': 6, 'bet_adj': 0, 'reason': 'rel_win1=55.4%（本命度） / 最有力組み合わせ確率: 0.102（推定実オッズ?13倍） / 2着集中度: 上位2艇 71.7%（補正+0.04） / 総合判定確率: 0.142 / → ヒモはやや固め。上位2艇以外を切ること', 'tenji_trigger': '展示確認: 1号艇伸び良→そのまま採用。悪→飛び組に差し替え。circle_pct上位2艇に絞り込むこと。\n展示で1号艇スタート超安定(0.122秒)→ヒモ固まり方向に注意'}",,,28.1,逃げ狙い,23.93,23.4,2,,,,,,,,,,,
2025-05-21,丸亀,12,1,幸野史明,B1,31.21,1,◎,60.0091,,0,77.8,0.1489,3.3667,,,0,低,126,0,逃0%,3 26,0,84,1.035,0.3333,,,,,0.0381,0.094,0.4714,△,,C,△,,,0.6415,,0.327,A,69,0,◎-○軸 3着3〜4艇流し（10〜15点）,0.5777,"{'is_target': True, 'verdict': '参加推奨', 'max_combo_prob': 0.0833, 'est_top_odds': 16.0, 'circle_concentration': 58.2, 'eligible_count': 8, 'bet_adj': 2, 'reason': 'rel_win1=60.0%（本命度） / 最有力組み合わせ確率: 0.083（推定実オッズ?16倍） / 2着集中度: 上位2艇 58.2%（補正+0.00） / 総合判定確率: 0.083 / → ヒモ分散。1号艇1着固定で広めのヒモ流し推奨（買い目+2点）', 'tenji_trigger': '展示確認: ヒモ分散レース。1号艇伸び確認後、広めのヒモ流しを採用。穴ヒモ（5・6号艇）を積極的に含める。'}",,,27.5,逃げ狙い,13.62,30.5,2,5-1-3|5-1-6|5-1-2|1-3-5|1-4-5|1-3-4|1-4-3|1-5-3,6-1-3|4-1-3|5-1-3|5-1-6|6-1-2|5-1-2|4-1-2|1-3-5|1-4-5|1-3-4|1-4-3|1-5-3,5-1-3:2.34%|5-1-6:1.99%|5-1-2:1.89%|1-3-5:5.33%|1-4-5:4.58%|1-3-4:4.31%|1-4-3:3.79%|1-5-3:3.78%,5-1-3:B_main|5-1-6:B_main|5-1-2:B_main|1-3-5:A|1-4-5:A|1-3-4:A|1-4-3:A|1-5-3:A,8,12,0.4535,1,[!]見送り推奨（主役決まり手「まくり差し」― 逃げ劣勢レースで的中実績なし）,荒れ広め,D
2025-05-21,丸亀,12,2,竹田広樹,B1,30.63,2,,14.7877,19.3,63,34.4,0.1844,4.4098,,,0,低,177,0,-,461,0,45.3,0.6502,,,,,,0.0526,0.1579,0.3158,,,D,△,,0.0832,0.6185,,0.327,A,69,0,◎-○軸 3着3〜4艇流し（10〜15点）,0.5777,"{'is_target': True, 'verdict': '参加推奨', 'max_combo_prob': 0.0833, 'est_top_odds': 16.0, 'circle_concentration': 58.2, 'eligible_count': 8, 'bet_adj': 2, 'reason': 'rel_win1=60.0%（本命度） / 最有力組み合わせ確率: 0.083（推定実オッズ?16倍） / 2着集中度: 上位2艇 58.2%（補正+0.00） / 総合判定確率: 0.083 / → ヒモ分散。1号艇1着固定で広めのヒモ流し推奨（買い目+2点）', 'tenji_trigger': '展示確認: ヒモ分散レース。1号艇伸び確認後、広めのヒモ流しを採用。穴ヒモ（5・6号艇）を積極的に含める。'}",,,27.5,逃げ狙い,13.62,30.5,2,,,,,,,,,,,
2025-05-21,丸亀,12,3,吉永則雄,A1,34.16,3,○,12.5358,37.2,91,65.7,0.1614,3.3286,,,0,低,112,0,差0%,1362,0,34.6,0.8131,0,0.0312,0.0312,0,0,0.0896,0.0635,0.1184,,,B,○,,0.2279,0.696,,0.327,A,69,0,◎-○軸 3着3〜4艇流し（10〜15点）,0.5777,"{'is_target': True, 'verdict': '参加推奨', 'max_combo_prob': 0.0833, 'est_top_odds': 16.0, 'circle_concentration': 58.2, 'eligible_count': 8, 'bet_adj': 2, 'reason': 'rel_win1=60.0%（本命度） / 最有力組み合わせ確率: 0.083（推定実オッズ?16倍） / 2着集中度: 上位2艇 58.2%（補正+0.00） / 総合判定確率: 0.083 / → ヒモ分散。1号艇1着固定で広めのヒモ流し推奨（買い目+2点）', 'tenji_trigger': '展示確認: ヒモ分散レース。1号艇伸び確認後、広めのヒモ流しを採用。穴ヒモ（5・6号艇）を積極的に含める。'}",,,27.5,逃げ狙い,13.62,30.5,2,,,,,,,,,,,
2025-05-21,丸亀,12,4,笹木香吾,B1,33.13,4,▲,8.2051,21,58,39.7,0.1367,2.8175,,,0,低,79,0,ま0%,335,0,47,0.8889,0,0,0.1579,0,0,0.025,0,0.3,,,B,,,0.3859,0.584,,0.327,A,69,0,◎-○軸 3着3〜4艇流し（10〜15点）,0.5777,"{'is_target': True, 'verdict': '参加推奨', 'max_combo_prob': 0.0833, 'est_top_odds': 16.0, 'circle_concentration': 58.2, 'eligible_count': 8, 'bet_adj': 2, 'reason': 'rel_win1=60.0%（本命度） / 最有力組み合わせ確率: 0.083（推定実オッズ?16倍） / 2着集中度: 上位2艇 58.2%（補正+0.00） / 総合判定確率: 0.083 / → ヒモ分散。1号艇1着固定で広めのヒモ流し推奨（買い目+2点）', 'tenji_trigger': '展示確認: ヒモ分散レース。1号艇伸び確認後、広めのヒモ流しを採用。穴ヒモ（5・6号艇）を積極的に含める。'}",,,27.5,逃げ狙い,13.62,30.5,2,,,,,,,,,,,
2025-05-21,丸亀,12,5,堀本和也,A1,33.13,5,△,3.028,20.2,100,64.1,0.1044,2.5,,,0,低,22,0,-,3521,0,29.4,0.6188,,,,,,0.04,0.04,0.12,,◎,C,◎,,0.4644,0.769,,0.327,A,69,0,◎-○軸 3着3〜4艇流し（10〜15点）,0.5777,"{'is_target': True, 'verdict': '参加推奨', 'max_combo_prob': 0.0833, 'est_top_odds': 16.0, 'circle_concentration': 58.2, 'eligible_count': 8, 'bet_adj': 2, 'reason': 'rel_win1=60.0%（本命度） / 最有力組み合わせ確率: 0.083（推定実オッズ?16倍） / 2着集中度: 上位2艇 58.2%（補正+0.00） / 総合判定確率: 0.083 / → ヒモ分散。1号艇1着固定で広めのヒモ流し推奨（買い目+2点）', 'tenji_trigger': '展示確認: ヒモ分散レース。1号艇伸び確認後、広めのヒモ流しを採用。穴ヒモ（5・6号艇）を積極的に含める。'}",,,27.5,逃げ狙い,13.62,30.5,2,,,,,,,,,,,
2025-05-21,丸亀,12,6,宮野　仁,B1,31.52,6,,1.4342,2.3,47,18,0.2568,5.19,,,0,低,175,0,-,256,0,21.7,1.4183,,,,,,0.0571,0.0286,0.3143,,,C,,,0.1491,0.6005,,0.327,A,69,0,◎-○軸 3着3〜4艇流し（10〜15点）,0.5777,"{'is_target': True, 'verdict': '参加推奨', 'max_combo_prob': 0.0833, 'est_top_odds': 16.0, 'circle_concentration': 58.2, 'eligible_count': 8, 'bet_adj': 2, 'reason': 'rel_win1=60.0%（本命度） / 最有力組み合わせ確率: 0.083（推定実オッズ?16倍） / 2着集中度: 上位2艇 58.2%（補正+0.00） / 総合判定確率: 0.083 / → ヒモ分散。1号艇1着固定で広めのヒモ流し推奨（買い目+2点）', 'tenji_trigger': '展示確認: ヒモ分散レース。1号艇伸び確認後、広めのヒモ流しを採用。穴ヒモ（5・6号艇）を積極的に含める。'}",,,27.5,逃げ狙い,13.62,30.5,2,,,,,,,,,,,
2025-05-22,丸亀,1,1,片岡大地,B1,30.13,1,◎,56.132,,0,70.3,0.1422,2.6486,,,0,低,64,0,逃0%,4 533,0,63.1,0.9426,0.4667,,,,,0.0267,0.2567,0.0267,◎,,C,◎,,,0.6305,,0.4532,A,61,0,◎-○軸 3着3〜4艇流し（10〜15点）,0.5777,"{'is_target': True, 'verdict': '参加推奨', 'max_combo_prob': 0.0799, 'est_top_odds': 16.7, 'circle_concentration': 66.1, 'eligible_count': 8, 'bet_adj': 2, 'reason': 'rel_win1=56.1%（本命度） / 最有力組み合わせ確率: 0.080（推定実オッズ?17倍） / 2着集中度: 上位2艇 66.1%（補正+0.00） / 総合判定確率: 0.080 / → ヒモ分散。1号艇1着固定で広めのヒモ流し推奨（買い目+2点）', 'tenji_trigger': '展示確認: ヒモ分散レース。1号艇伸び確認後、広めのヒモ流しを採用。穴ヒモ（5・6号艇）を積極的に含める。'}",,,26.4,両建て推奨,12.55,28.3,4,,,,,0,0,0.7559,0,,逃げ軸流し,A
2025-05-22,丸亀,1,2,川田正人,B1,26.00,2,,10.6126,45.9,99,48.5,0.1926,3.9091,,,0,低,152,0,-,52346,0,95.5,1.9064,0,0.0645,0.0323,0,0.0323,0.1373,0.3263,0.0387,,,D,△,,0.0623,0.614,,0.4532,A,61,0,◎-○軸 3着3〜4艇流し（10〜15点）,0.5777,"{'is_target': True, 'verdict': '参加推奨', 'max_combo_prob': 0.0799, 'est_top_odds': 16.7, 'circle_concentration': 66.1, 'eligible_count': 8, 'bet_adj': 2, 'reason': 'rel_win1=56.1%（本命度） / 最有力組み合わせ確率: 0.080（推定実オッズ?17倍） / 2着集中度: 上位2艇 66.1%（補正+0.00） / 総合判定確率: 0.080 / → ヒモ分散。1号艇1着固定で広めのヒモ流し推奨（買い目+2点）', 'tenji_trigger': '展示確認: ヒモ分散レース。1号艇伸び確認後、広めのヒモ流しを採用。穴ヒモ（5・6号艇）を積極的に含める。'}",,,26.4,両建て推奨,12.55,28.3,4,,,,,,,,,,,
2025-05-22,丸亀,1,3,笠　雅雄,B2,35.46,3,▲,10.0387,20.3,100,34.7,0.1906,3.9694,,,0,低,120,0,ま0% 差ま0%,652 53,0,21.9,0.7621,0,0,0.0417,0.0417,0,0.275,0.25,0.025,,,B,,,0.1125,0.551,,0.4532,A,61,0,◎-○軸 3着3〜4艇流し（10〜15点）,0.5777,"{'is_target': True, 'verdict': '参加推奨', 'max_combo_prob': 0.0799, 'est_top_odds': 16.7, 'circle_concentration': 66.1, 'eligible_count': 8, 'bet_adj': 2, 'reason': 'rel_win1=56.1%（本命度） / 最有力組み合わせ確率: 0.080（推定実オッズ?17倍） / 2着集中度: 上位2艇 66.1%（補正+0.00） / 総合判定確率: 0.080 / → ヒモ分散。1号艇1着固定で広めのヒモ流し推奨（買い目+2点）', 'tenji_trigger': '展示確認: ヒモ分散レース。1号艇伸び確認後、広めのヒモ流しを採用。穴ヒモ（5・6号艇）を積極的に含める。'}",,,26.4,両建て推奨,12.55,28.3,4,,,,,,,,,,,
2025-05-22,丸亀,1,4,西岡蒼志,B2,26.47,4,△,14.66,19.8,88,31.8,0.1259,2.8636,,,0,低,79,0,差0% ま0%,6 453,0,33.3,0.7545,0,0.0526,0.0526,0.0526,0,0,0.27,0,,,D,,,0.3575,0.528,,0.4532,A,61,0,◎-○軸 3着3〜4艇流し（10〜15点）,0.5777,"{'is_target': True, 'verdict': '参加推奨', 'max_combo_prob': 0.0799, 'est_top_odds': 16.7, 'circle_concentration': 66.1, 'eligible_count': 8, 'bet_adj': 2, 'reason': 'rel_win1=56.1%（本命度） / 最有力組み合わせ確率: 0.080（推定実オッズ?17倍） / 2着集中度: 上位2艇 66.1%（補正+0.00） / 総合判定確率: 0.080 / → ヒモ分散。1号艇1着固定で広めのヒモ流し推奨（買い目+2点）', 'tenji_trigger': '展示確認: ヒモ分散レース。1号艇伸び確認後、広めのヒモ流しを採用。穴ヒモ（5・6号艇）を積極的に含める。'}",,,26.4,両建て推奨,12.55,28.3,4,,,,,,,,,,,
2025-05-22,丸亀,1,5,野中義生,B1,38.61,5,○,6.0138,8.2,72,27.3,0.1455,2.7636,,,0,低,79,0,差0%,5 424,0,41.1,0.8643,0,0.0357,0,0,0,0.06,0.46,0.36,,,B,○,,0.2697,0.6175,,0.4532,A,61,0,◎-○軸 3着3〜4艇流し（10〜15点）,0.5777,"{'is_target': True, 'verdict': '参加推奨', 'max_combo_prob': 0.0799, 'est_top_odds': 16.7, 'circle_concentration': 66.1, 'eligible_count': 8, 'bet_adj': 2, 'reason': 'rel_win1=56.1%（本命度） / 最有力組み合わせ確率: 0.080（推定実オッズ?17倍） / 2着集中度: 上位2艇 66.1%（補正+0.00） / 総合判定確率: 0.080 / → ヒモ分散。1号艇1着固定で広めのヒモ流し推奨（買い目+2点）', 'tenji_trigger': '展示確認: ヒモ分散レース。1号艇伸び確認後、広めのヒモ流しを採用。穴ヒモ（5・6号艇）を積極的に含める。'}",,,26.4,両建て推奨,12.55,28.3,4,,,,,,,,,,,
2025-05-22,丸亀,1,6,坂口貴彦,B1,26.67,6,,2.543,5.9,62,16.7,0.2019,4.2188,,,0,低,134,0,-,3 252,0,22.9,0.5706,,,,,,0.0471,0.1235,0.1471,,,D,△,,0.139,0.591,,0.4532,A,61,0,◎-○軸 3着3〜4艇流し（10〜15点）,0.5777,"{'is_target': True, 'verdict': '参加推奨', 'max_combo_prob': 0.0799, 'est_top_odds': 16.7, 'circle_concentration': 66.1, 'eligible_count': 8, 'bet_adj': 2, 'reason': 'rel_win1=56.1%（本命度） / 最有力組み合わせ確率: 0.080（推定実オッズ?17倍） / 2着集中度: 上位2艇 66.1%（補正+0.00） / 総合判定確率: 0.080 / → ヒモ分散。1号艇1着固定で広めのヒモ流し推奨（買い目+2点）', 'tenji_trigger': '展示確認: ヒモ分散レース。1号艇伸び確認後、広めのヒモ流しを採用。穴ヒモ（5・6号艇）を積極的に含める。'}",,,26.4,両建て推奨,12.55,28.3,4,,,,,,,,,,,
2025-05-22,丸亀,2,1,山田和佐,B1,25.81,1,◎,49.0054,,0,77.3,0.1509,2.9545,,,0,低,130,0,逃0%,554 54,0,75.9,0.8362,0.5,,,,,0.1769,0.0308,0.1923,◎,,D,△,,,0.5895,,0.4972,A,64,0,◎-○軸 3着3〜4艇流し（10〜15点）,0.5777,"{'is_target': True, 'verdict': '参加推奨', 'max_combo_prob': 0.0838, 'est_top_odds': 15.9, 'circle_concentration': 68.8, 'eligible_count': 8, 'bet_adj': 2, 'reason': 'rel_win1=49.0%（本命度） / 最有力組み合わせ確率: 0.084（推定実オッズ?16倍） / 2着集中度: 上位2艇 68.8%（補正+0.00） / 総合判定確率: 0.084 / → ヒモ分散。1号艇1着固定で広めのヒモ流し推奨（買い目+2点）', 'tenji_trigger': '展示確認: ヒモ分散レース。1号艇伸び確認後、広めのヒモ流しを採用。穴ヒモ（5・6号艇）を積極的に含める。'}",,,28.4,両建て推奨,14.97,31.8,2,,,,,0,0,0.7559,0,,逃げ軸流し,A
2025-05-22,丸亀,2,2,笹木香吾,B1,33.13,2,○,18.3303,45.5,73,58.6,0.1686,3.4138,,,0,低,79,0,差0% ま0%,335 34,0,59,1.0279,0,0.0909,0.0455,0,0,0.025,0,0.3,,,B,,,0.1679,0.584,,0.4972,A,64,0,◎-○軸 3着3〜4艇流し（10〜15点）,0.5777,"{'is_target': True, 'verdict': '参加推奨', 'max_combo_prob': 0.0838, 'est_top_odds': 15.9, 'circle_concentration': 68.8, 'eligible_count': 8, 'bet_adj': 2, 'reason': 'rel_win1=49.0%（本命度） / 最有力組み合わせ確率: 0.084（推定実オッズ?16倍） / 2着集中度: 上位2艇 68.8%（補正+0.00） / 総合判定確率: 0.084 / → ヒモ分散。1号艇1着固定で広めのヒモ流し推奨（買い目+2点）', 'tenji_trigger': '展示確認: ヒモ分散レース。1号艇伸び確認後、広めのヒモ流しを採用。穴ヒモ（5・6号艇）を積極的に含める。'}",,,28.4,両建て推奨,14.97,31.8,2,,,,,,,,,,,
2025-05-22,丸亀,2,3,幸野史明,B1,31.21,3,▲,13.8143,23.3,88,44.9,0.1584,3.5072,,,0,低,126,0,ま0% 差ま0% 抜0%,3 2651,0,52.2,1.0121,0,0,0.0333,0.0333,0.0667,0.0381,0.094,0.4714,,,C,○,,0.2594,0.6415,,0.4972,A,64,0,◎-○軸 3着3〜4艇流し（10〜15点）,0.5777,"{'is_target': True, 'verdict': '参加推奨', 'max_combo_prob': 0.0838, 'est_top_odds': 15.9, 'circle_concentration': 68.8, 'eligible_count': 8, 'bet_adj': 2, 'reason': 'rel_win1=49.0%（本命度） / 最有力組み合わせ確率: 0.084（推定実オッズ?16倍） / 2着集中度: 上位2艇 68.8%（補正+0.00） / 総合判定確率: 0.084 / → ヒモ分散。1号艇1着固定で広めのヒモ流し推奨（買い目+2点）', 'tenji_trigger': '展示確認: ヒモ分散レース。1号艇伸び確認後、広めのヒモ流しを採用。穴ヒモ（5・6号艇）を積極的に含める。'}",,,28.4,両建て推奨,14.97,31.8,2,,,,,,,,,,,
2025-05-22,丸亀,2,4,大熊辰弥,B1,23.65,4,,8.2249,7.5,100,34.9,0.2081,4.3372,,,0,低,139,0,-,5 255,0,40,0.9883,,,,,,0.2,0.4,0.2,,,E,,,0.1431,0.5275,,0.4972,A,64,0,◎-○軸 3着3〜4艇流し（10〜15点）,0.5777,"{'is_target': True, 'verdict': '参加推奨', 'max_combo_prob': 0.0838, 'est_top_odds': 15.9, 'circle_concentration': 68.8, 'eligible_count': 8, 'bet_adj': 2, 'reason': 'rel_win1=49.0%（本命度） / 最有力組み合わせ確率: 0.084（推定実オッズ?16倍） / 2着集中度: 上位2艇 68.8%（補正+0.00） / 総合判定確率: 0.084 / → ヒモ分散。1号艇1着固定で広めのヒモ流し推奨（買い目+2点）', 'tenji_trigger': '展示確認: ヒモ分散レース。1号艇伸び確認後、広めのヒモ流しを採用。穴ヒモ（5・6号艇）を積極的に含める。'}",,,28.4,両建て推奨,14.97,31.8,2,,,,,,,,,,,
2025-05-22,丸亀,2,5,小林文彦,A2,28.17,5,,9.2909,19.6,51,42.9,0.1932,4.3214,,,0,低,166,0,-,323 13,0,40.1,0.8452,0,0,0,0.0385,0,0.0143,0.2286,0.1143,,,D,△,◎,0.1497,0.5995,0.261,0.4972,A,64,0,◎-○軸 3着3〜4艇流し（10〜15点）,0.5777,"{'is_target': True, 'verdict': '参加推奨', 'max_combo_prob': 0.0838, 'est_top_odds': 15.9, 'circle_concentration': 68.8, 'eligible_count': 8, 'bet_adj': 2, 'reason': 'rel_win1=49.0%（本命度） / 最有力組み合わせ確率: 0.084（推定実オッズ?16倍） / 2着集中度: 上位2艇 68.8%（補正+0.00） / 総合判定確率: 0.084 / → ヒモ分散。1号艇1着固定で広めのヒモ流し推奨（買い目+2点）', 'tenji_trigger': '展示確認: ヒモ分散レース。1号艇伸び確認後、広めのヒモ流しを採用。穴ヒモ（5・6号艇）を積極的に含める。'}",,,28.4,両建て推奨,14.97,31.8,2,,,,,,,,,,,
2025-05-22,丸亀,2,6,藤田靖弘,B1,39.47,6,△,1.3343,4.1,27,22.2,0.1819,3.8819,,,0,低,111,0,-,44461,0,24.3,0.6767,,,,,,0.0533,0.115,0.0267,,,B,◎,,0.2198,0.6755,,0.4972,A,64,0,◎-○軸 3着3〜4艇流し（10〜15点）,0.5777,"{'is_target': True, 'verdict': '参加推奨', 'max_combo_prob': 0.0838, 'est_top_odds': 15.9, 'circle_concentration': 68.8, 'eligible_count': 8, 'bet_adj': 2, 'reason': 'rel_win1=49.0%（本命度） / 最有力組み合わせ確率: 0.084（推定実オッズ?16倍） / 2着集中度: 上位2艇 68.8%（補正+0.00） / 総合判定確率: 0.084 / → ヒモ分散。1号艇1着固定で広めのヒモ流し推奨（買い目+2点）', 'tenji_trigger': '展示確認: ヒモ分散レース。1号艇伸び確認後、広めのヒモ流しを採用。穴ヒモ（5・6号艇）を積極的に含める。'}",,,28.4,両建て推奨,14.97,31.8,2,,,,,,,,,,,
2025-05-22,丸亀,3,1,伊藤紘章,B1,30.00,1,◎,50.1826,,0,66.7,0.1742,3.375,,,0,低,163,0,逃0%,546 46,0,56.5,0.8825,0.4118,,,,,0.2471,0.2941,0.2941,○,,C,,,,0.5245,,0.3555,A,60,0,◎-○軸 3着3〜4艇流し（10〜15点）,0.5777,"{'is_target': True, 'verdict': '参加推奨', 'max_combo_prob': 0.0564, 'est_top_odds': 23.7, 'circle_concentration': 67.2, 'eligible_count': 8, 'bet_adj': 2, 'reason': 'rel_win1=50.2%（本命度） / 最有力組み合わせ確率: 0.056（推定実オッズ?24倍） / 2着集中度: 上位2艇 67.2%（補正+0.00） / 総合判定確率: 0.056 / → ヒモ分散。1号艇1着固定で広めのヒモ流し推奨（買い目+2点）', 'tenji_trigger': '展示確認: ヒモ分散レース。1号艇伸び確認後、広めのヒモ流しを採用。穴ヒモ（5・6号艇）を積極的に含める。'}",,,30.5,両建て推奨,11.29,41,2,,,,,0,0,0.6155,0,,主役軸流し,B
2025-05-22,丸亀,3,2,深川和仁,B1,27.56,2,△,15.64,36.7,99,50,0.164,3.76,,,0,低,130,0,-,16564,0,47.6,1.0329,0,0.0435,0.0435,0,0.0435,0.2,0.0167,0.05,,◎,C,△,,0.448,0.606,,0.3555,A,60,0,◎-○軸 3着3〜4艇流し（10〜15点）,0.5777,"{'is_target': True, 'verdict': '参加推奨', 'max_combo_prob': 0.0564, 'est_top_odds': 23.7, 'circle_concentration': 67.2, 'eligible_count': 8, 'bet_adj': 2, 'reason': 'rel_win1=50.2%（本命度） / 最有力組み合わせ確率: 0.056（推定実オッズ?24倍） / 2着集中度: 上位2艇 67.2%（補正+0.00） / 総合判定確率: 0.056 / → ヒモ分散。1号艇1着固定で広めのヒモ流し推奨（買い目+2点）', 'tenji_trigger': '展示確認: ヒモ分散レース。1号艇伸び確認後、広めのヒモ流しを採用。穴ヒモ（5・6号艇）を積極的に含める。'}",,,30.5,両建て推奨,11.29,41,2,,,,,,,,,,,
2025-05-22,丸亀,3,3,杉江浩明,B1,27.21,3,,12.2038,30.4,98,41.9,0.2128,4.5743,,,0,低,209,0,ま0% 差ま0%,351 45,0,23.8,0.9204,0,0,0.05,0.05,0,0.2444,0.1111,0.0444,,,D,◎,,0.1574,0.6375,,0.3555,A,60,0,◎-○軸 3着3〜4艇流し（10〜15点）,0.5777,"{'is_target': True, 'verdict': '参加推奨', 'max_combo_prob': 0.0564, 'est_top_odds': 23.7, 'circle_concentration': 67.2, 'eligible_count': 8, 'bet_adj': 2, 'reason': 'rel_win1=50.2%（本命度） / 最有力組み合わせ確率: 0.056（推定実オッズ?24倍） / 2着集中度: 上位2艇 67.2%（補正+0.00） / 総合判定確率: 0.056 / → ヒモ分散。1号艇1着固定で広めのヒモ流し推奨（買い目+2点）', 'tenji_trigger': '展示確認: ヒモ分散レース。1号艇伸び確認後、広めのヒモ流しを採用。穴ヒモ（5・6号艇）を積極的に含める。'}",,,30.5,両建て推奨,11.29,41,2,,,,,,,,,,,
2025-05-22,丸亀,3,4,竹田広樹,B1,30.63,4,▲,11.7085,14.6,100,33.8,0.1707,3.7059,,,0,低,177,0,ま0%,461 66,0,43.1,0.9121,0,0,0.125,0,0,0.0526,0.1579,0.3158,,,B,○,◎,0.3705,0.6185,0.2096,0.3555,A,60,0,◎-○軸 3着3〜4艇流し（10〜15点）,0.5777,"{'is_target': True, 'verdict': '参加推奨', 'max_combo_prob': 0.0564, 'est_top_odds': 23.7, 'circle_concentration': 67.2, 'eligible_count': 8, 'bet_adj': 2, 'reason': 'rel_win1=50.2%（本命度） / 最有力組み合わせ確率: 0.056（推定実オッズ?24倍） / 2着集中度: 上位2艇 67.2%（補正+0.00） / 総合判定確率: 0.056 / → ヒモ分散。1号艇1着固定で広めのヒモ流し推奨（買い目+2点）', 'tenji_trigger': '展示確認: ヒモ分散レース。1号艇伸び確認後、広めのヒモ流しを採用。穴ヒモ（5・6号艇）を積極的に含める。'}",,,30.5,両建て推奨,11.29,41,2,,,,,,,,,,,
2025-05-22,丸亀,3,5,下河雅史,A2,31.17,5,○,8.4756,16.4,88,34.4,0.1543,3.2705,,,0,低,132,0,-,655125,0,91.2,1.6557,0,0,0,0.0455,0,0.16,0.08,0.3067,,,B,△,,0.3888,0.613,,0.3555,A,60,0,◎-○軸 3着3〜4艇流し（10〜15点）,0.5777,"{'is_target': True, 'verdict': '参加推奨', 'max_combo_prob': 0.0564, 'est_top_odds': 23.7, 'circle_concentration': 67.2, 'eligible_count': 8, 'bet_adj': 2, 'reason': 'rel_win1=50.2%（本命度） / 最有力組み合わせ確率: 0.056（推定実オッズ?24倍） / 2着集中度: 上位2艇 67.2%（補正+0.00） / 総合判定確率: 0.056 / → ヒモ分散。1号艇1着固定で広めのヒモ流し推奨（買い目+2点）', 'tenji_trigger': '展示確認: ヒモ分散レース。1号艇伸び確認後、広めのヒモ流しを採用。穴ヒモ（5・6号艇）を積極的に含める。'}",,,30.5,両建て推奨,11.29,41,2,,,,,,,,,,,
2025-05-22,丸亀,3,6,山下心一,B2,25.79,6,,1.7894,1.8,41,11.9,0.1823,3.7321,,,0,低,60,0,-,666 6,0,23.6,0.5683,0,0,0,0,0.0208,,,,,,E,,,0.3319,0.494,,0.3555,A,60,0,◎-○軸 3着3〜4艇流し（10〜15点）,0.5777,"{'is_target': True, 'verdict': '参加推奨', 'max_combo_prob': 0.0564, 'est_top_odds': 23.7, 'circle_concentration': 67.2, 'eligible_count': 8, 'bet_adj': 2, 'reason': 'rel_win1=50.2%（本命度） / 最有力組み合わせ確率: 0.056（推定実オッズ?24倍） / 2着集中度: 上位2艇 67.2%（補正+0.00） / 総合判定確率: 0.056 / → ヒモ分散。1号艇1着固定で広めのヒモ流し推奨（買い目+2点）', 'tenji_trigger': '展示確認: ヒモ分散レース。1号艇伸び確認後、広めのヒモ流しを採用。穴ヒモ（5・6号艇）を積極的に含める。'}",,,30.5,両建て推奨,11.29,41,2,,,,,,,,,,,
2025-05-22,丸亀,4,1,後藤隼之,B1,24.19,1,◎,57.4659,,0,75.9,0.1324,2.5086,,,0,低,82,0,逃1%,46553,0,67.3,1.0056,0.5385,,,,,0.0615,0.1011,0.1473,◎,,D,○,,,0.6475,,0.6158,S,96,0,◎1着固定 2-3着流し（5〜8点）,0.5777,"{'is_target': True, 'verdict': '点数絞り', 'max_combo_prob': 0.0923, 'est_top_odds': 14.4, 'circle_concentration': 81.5, 'eligible_count': 6, 'bet_adj': 0, 'reason': 'rel_win1=57.5%（本命度） / 最有力組み合わせ確率: 0.092（推定実オッズ?14倍） / 2着集中度: 上位2艇 81.5%（補正+0.04） / 総合判定確率: 0.132 / → ヒモはやや固め。上位2艇以外を切ること', 'tenji_trigger': '展示確認: 1号艇伸び良→そのまま採用。悪→飛び組に差し替え。circle_pct上位2艇に絞り込むこと。\n展示で1号艇スタート超安定(0.132秒)→ヒモ固まり方向に注意'}",,,26.1,逃げ狙い,12.33,27.4,2,,,,,0,0,0.7559,0,,逃げ軸流し,A
2025-05-22,丸亀,4,2,川崎公靖,B1,31.06,2,▲,12.305,43.2,100,50.7,0.1608,3.2877,,,0,低,102,0,-,1 463,0,100,1.9978,0,0,0.0345,0,0,0.1053,0.0421,0.5053,,,B,△,,0.0624,0.6275,,0.6158,S,96,0,◎1着固定 2-3着流し（5〜8点）,0.5777,"{'is_target': True, 'verdict': '点数絞り', 'max_combo_prob': 0.0923, 'est_top_odds': 14.4, 'circle_concentration': 81.5, 'eligible_count': 6, 'bet_adj': 0, 'reason': 'rel_win1=57.5%（本命度） / 最有力組み合わせ確率: 0.092（推定実オッズ?14倍） / 2着集中度: 上位2艇 81.5%（補正+0.04） / 総合判定確率: 0.132 / → ヒモはやや固め。上位2艇以外を切ること', 'tenji_trigger': '展示確認: 1号艇伸び良→そのまま採用。悪→飛び組に差し替え。circle_pct上位2艇に絞り込むこと。\n展示で1号艇スタート超安定(0.132秒)→ヒモ固まり方向に注意'}",,,26.1,逃げ狙い,12.33,27.4,2,,,,,,,,,,,
2025-05-22,丸亀,4,3,吉永則雄,A1,34.16,3,○,15.7558,38.3,90,65.7,0.1614,3.3286,,,0,低,112,0,差0%,136225,0,38.3,0.9008,0,0.0312,0.0312,0,0,0.0896,0.0635,0.1184,,,B,◎,,0.1515,0.696,,0.6158,S,96,0,◎1着固定 2-3着流し（5〜8点）,0.5777,"{'is_target': True, 'verdict': '点数絞り', 'max_combo_prob': 0.0923, 'est_top_odds': 14.4, 'circle_concentration': 81.5, 'eligible_count': 6, 'bet_adj': 0, 'reason': 'rel_win1=57.5%（本命度） / 最有力組み合わせ確率: 0.092（推定実オッズ?14倍） / 2着集中度: 上位2艇 81.5%（補正+0.04） / 総合判定確率: 0.132 / → ヒモはやや固め。上位2艇以外を切ること', 'tenji_trigger': '展示確認: 1号艇伸び良→そのまま採用。悪→飛び組に差し替え。circle_pct上位2艇に絞り込むこと。\n展示で1号艇スタート超安定(0.132秒)→ヒモ固まり方向に注意'}",,,26.1,逃げ狙い,12.33,27.4,2,,,,,,,,,,,
2025-05-22,丸亀,4,4,岩田　凌,B1,25.87,4,,5.2052,7.3,43,2.9,0.2109,4.1429,,,0,低,86,0,-,666 66,0,39,0.5706,,,,,,0.25,0.5,0.125,,,D,,,0.154,0.5025,,0.6158,S,96,0,◎1着固定 2-3着流し（5〜8点）,0.5777,"{'is_target': True, 'verdict': '点数絞り', 'max_combo_prob': 0.0923, 'est_top_odds': 14.4, 'circle_concentration': 81.5, 'eligible_count': 6, 'bet_adj': 0, 'reason': 'rel_win1=57.5%（本命度） / 最有力組み合わせ確率: 0.092（推定実オッズ?14倍） / 2着集中度: 上位2艇 81.5%（補正+0.04） / 総合判定確率: 0.132 / → ヒモはやや固め。上位2艇以外を切ること', 'tenji_trigger': '展示確認: 1号艇伸び良→そのまま採用。悪→飛び組に差し替え。circle_pct上位2艇に絞り込むこと。\n展示で1号艇スタート超安定(0.132秒)→ヒモ固まり方向に注意'}",,,26.1,逃げ狙い,12.33,27.4,2,,,,,,,,,,,
2025-05-22,丸亀,4,5,松本真広,B2,21.68,5,,6.1644,8.6,64,38.2,0.2024,4.0588,,,0,低,83,0,-,2 645,0,27.6,0.696,0,0,0,0.0556,0,0,0.38,0.04,,,E,,,0.1241,0.592,,0.6158,S,96,0,◎1着固定 2-3着流し（5〜8点）,0.5777,"{'is_target': True, 'verdict': '点数絞り', 'max_combo_prob': 0.0923, 'est_top_odds': 14.4, 'circle_concentration': 81.5, 'eligible_count': 6, 'bet_adj': 0, 'reason': 'rel_win1=57.5%（本命度） / 最有力組み合わせ確率: 0.092（推定実オッズ?14倍） / 2着集中度: 上位2艇 81.5%（補正+0.04） / 総合判定確率: 0.132 / → ヒモはやや固め。上位2艇以外を切ること', 'tenji_trigger': '展示確認: 1号艇伸び良→そのまま採用。悪→飛び組に差し替え。circle_pct上位2艇に絞り込むこと。\n展示で1号艇スタート超安定(0.132秒)→ヒモ固まり方向に注意'}",,,26.1,逃げ狙い,12.33,27.4,2,,,,,,,,,,,
2025-05-22,丸亀,4,6,柴田直哉,B1,30.77,6,△,3.1036,2.6,45,22.2,0.2171,4.6889,,,0,低,140,0,-,5 141,0,24,1.0233,,,,,,0,0.0842,0.3421,,,C,△,,0.1534,0.6175,,0.6158,S,96,0,◎1着固定 2-3着流し（5〜8点）,0.5777,"{'is_target': True, 'verdict': '点数絞り', 'max_combo_prob': 0.0923, 'est_top_odds': 14.4, 'circle_concentration': 81.5, 'eligible_count': 6, 'bet_adj': 0, 'reason': 'rel_win1=57.5%（本命度） / 最有力組み合わせ確率: 0.092（推定実オッズ?14倍） / 2着集中度: 上位2艇 81.5%（補正+0.04） / 総合判定確率: 0.132 / → ヒモはやや固め。上位2艇以外を切ること', 'tenji_trigger': '展示確認: 1号艇伸び良→そのまま採用。悪→飛び組に差し替え。circle_pct上位2艇に絞り込むこと。\n展示で1号艇スタート超安定(0.132秒)→ヒモ固まり方向に注意'}",,,26.1,逃げ狙い,12.33,27.4,2,,,,,,,,,,,
2025-05-22,丸亀,5,1,梶原　正,B1,26.88,1,◎,49.8217,,0,74.1,0.1644,3.1852,,,0,低,90,0,逃0%,2 1656,0,70.7,0.8109,0.36,,,,,0.23,0.305,0.139,○,,E,○,,,0.6495,,0.3309,A,64,0,◎-○軸 3着3〜4艇流し（10〜15点）,0.5777,"{'is_target': True, 'verdict': '参加推奨', 'max_combo_prob': 0.0686, 'est_top_odds': 19.4, 'circle_concentration': 62.0, 'eligible_count': 8, 'bet_adj': 2, 'reason': 'rel_win1=49.8%（本命度） / 最有力組み合わせ確率: 0.069（推定実オッズ?19倍） / 2着集中度: 上位2艇 62.0%（補正+0.00） / 総合判定確率: 0.069 / → ヒモ分散。1号艇1着固定で広めのヒモ流し推奨（買い目+2点）', 'tenji_trigger': '展示確認: ヒモ分散レース。1号艇伸び確認後、広めのヒモ流しを採用。穴ヒモ（5・6号艇）を積極的に含める。'}",,,31.2,両建て推奨,16.95,38.1,4,,,,,0,0,0.6155,0,,逃げ軸流し,A
2025-05-22,丸亀,5,2,三木晴斗,B1,28.05,2,,11.9273,23.8,71,40.4,0.1734,3.8723,,,0,低,97,0,差0%,2S355,0,60.4,1.0312,0,0.1154,0,0,0,0.095,0.195,0.155,,,D,,,0.2706,0.5655,,0.3309,A,64,0,◎-○軸 3着3〜4艇流し（10〜15点）,0.5777,"{'is_target': True, 'verdict': '参加推奨', 'max_combo_prob': 0.0686, 'est_top_odds': 19.4, 'circle_concentration': 62.0, 'eligible_count': 8, 'bet_adj': 2, 'reason': 'rel_win1=49.8%（本命度） / 最有力組み合わせ確率: 0.069（推定実オッズ?19倍） / 2着集中度: 上位2艇 62.0%（補正+0.00） / 総合判定確率: 0.069 / → ヒモ分散。1号艇1着固定で広めのヒモ流し推奨（買い目+2点）', 'tenji_trigger': '展示確認: ヒモ分散レース。1号艇伸び確認後、広めのヒモ流しを採用。穴ヒモ（5・6号艇）を積極的に含める。'}",,,31.2,両建て推奨,16.95,38.1,4,,,,,,,,,,,
2025-05-22,丸亀,5,3,後藤　浩,B1,38.36,3,▲,17.5139,38.1,91,66.7,0.1589,3.4907,,,0,低,120,0,-,1 5315,0,63.8,0.9815,0,0,0.0455,0.0455,0,0.0556,0.2222,0,,,B,△,,0.3554,0.6325,,0.3309,A,64,0,◎-○軸 3着3〜4艇流し（10〜15点）,0.5777,"{'is_target': True, 'verdict': '参加推奨', 'max_combo_prob': 0.0686, 'est_top_odds': 19.4, 'circle_concentration': 62.0, 'eligible_count': 8, 'bet_adj': 2, 'reason': 'rel_win1=49.8%（本命度） / 最有力組み合わせ確率: 0.069（推定実オッズ?19倍） / 2着集中度: 上位2艇 62.0%（補正+0.00） / 総合判定確率: 0.069 / → ヒモ分散。1号艇1着固定で広めのヒモ流し推奨（買い目+2点）', 'tenji_trigger': '展示確認: ヒモ分散レース。1号艇伸び確認後、広めのヒモ流しを採用。穴ヒモ（5・6号艇）を積極的に含める。'}",,,31.2,両建て推奨,16.95,38.1,4,,,,,,,,,,,
2025-05-22,丸亀,5,4,野中義生,B1,38.61,4,○,14.2455,12.9,58,35.3,0.1294,2.951,,,0,低,79,0,-,5 424,0,75,1.0711,,,,,,0.06,0.46,0.36,,○,B,△,,0.4948,0.6175,,0.3309,A,64,0,◎-○軸 3着3〜4艇流し（10〜15点）,0.5777,"{'is_target': True, 'verdict': '参加推奨', 'max_combo_prob': 0.0686, 'est_top_odds': 19.4, 'circle_concentration': 62.0, 'eligible_count': 8, 'bet_adj': 2, 'reason': 'rel_win1=49.8%（本命度） / 最有力組み合わせ確率: 0.069（推定実オッズ?19倍） / 2着集中度: 上位2艇 62.0%（補正+0.00） / 総合判定確率: 0.069 / → ヒモ分散。1号艇1着固定で広めのヒモ流し推奨（買い目+2点）', 'tenji_trigger': '展示確認: ヒモ分散レース。1号艇伸び確認後、広めのヒモ流しを採用。穴ヒモ（5・6号艇）を積極的に含める。'}",,,31.2,両建て推奨,16.95,38.1,4,,,,,,,,,,,
2025-05-22,丸亀,5,5,堀本和也,A1,33.13,5,△,3.8626,20.7,100,64.1,0.1044,2.5,,,0,低,22,0,-,352122,0,28.7,0.61,,,,,,0.04,0.04,0.12,,◎,C,◎,,0.5308,0.769,,0.3309,A,64,0,◎-○軸 3着3〜4艇流し（10〜15点）,0.5777,"{'is_target': True, 'verdict': '参加推奨', 'max_combo_prob': 0.0686, 'est_top_odds': 19.4, 'circle_concentration': 62.0, 'eligible_count': 8, 'bet_adj': 2, 'reason': 'rel_win1=49.8%（本命度） / 最有力組み合わせ確率: 0.069（推定実オッズ?19倍） / 2着集中度: 上位2艇 62.0%（補正+0.00） / 総合判定確率: 0.069 / → ヒモ分散。1号艇1着固定で広めのヒモ流し推奨（買い目+2点）', 'tenji_trigger': '展示確認: ヒモ分散レース。1号艇伸び確認後、広めのヒモ流しを採用。穴ヒモ（5・6号艇）を積極的に含める。'}",,,31.2,両建て推奨,16.95,38.1,4,,,,,,,,,,,
2025-05-22,丸亀,5,6,間野兼礼,B1,28.57,6,,2.629,4.4,48,25,0.1448,3.125,,,0,低,94,0,-,232 13,0,51.6,1.0244,,,,,,0,0.0889,0.1944,,△,D,,,0.4181,0.564,,0.3309,A,64,0,◎-○軸 3着3〜4艇流し（10〜15点）,0.5777,"{'is_target': True, 'verdict': '参加推奨', 'max_combo_prob': 0.0686, 'est_top_odds': 19.4, 'circle_concentration': 62.0, 'eligible_count': 8, 'bet_adj': 2, 'reason': 'rel_win1=49.8%（本命度） / 最有力組み合わせ確率: 0.069（推定実オッズ?19倍） / 2着集中度: 上位2艇 62.0%（補正+0.00） / 総合判定確率: 0.069 / → ヒモ分散。1号艇1着固定で広めのヒモ流し推奨（買い目+2点）', 'tenji_trigger': '展示確認: ヒモ分散レース。1号艇伸び確認後、広めのヒモ流しを採用。穴ヒモ（5・6号艇）を積極的に含める。'}",,,31.2,両建て推奨,16.95,38.1,4,,,,,,,,,,,
2025-05-22,丸亀,6,1,西舘　健,A2,31.54,1,◎,53.7491,,0,80.9,0.1507,2.8235,,,0,低,130,0,逃0%,145 46,0,50.6,0.8832,0.5429,,,,,0.0895,0.1581,0.1124,◎,,B,△,,,0.6065,,0.4643,A,75,0,◎-○軸 3着3〜4艇流し（10〜15点）,0.5777,"{'is_target': True, 'verdict': '参加推奨', 'max_combo_prob': 0.095, 'est_top_odds': 14.0, 'circle_concentration': 66.5, 'eligible_count': 8, 'bet_adj': 2, 'reason': 'rel_win1=53.7%（本命度） / 最有力組み合わせ確率: 0.095（推定実オッズ?14倍） / 2着集中度: 上位2艇 66.5%（補正+0.00） / 総合判定確率: 0.095 / → ヒモ分散。1号艇1着固定で広めのヒモ流し推奨（買い目+2点）', 'tenji_trigger': '展示確認: ヒモ分散レース。1号艇伸び確認後、広めのヒモ流しを採用。穴ヒモ（5・6号艇）を積極的に含める。'}",,,28.6,逃げ狙い,17.58,30.2,3,,,,,0,0,0.7559,0,,逃げ軸流し,A
2025-05-22,丸亀,6,2,大熊辰弥,B1,23.65,2,,6.6699,21.2,84,36.4,0.1979,4.0909,,,0,低,139,0,-,5 255,0,30.4,1.0066,,,,,,0.2,0.4,0.2,,,E,,,0.0909,0.5275,,0.4643,A,75,0,◎-○軸 3着3〜4艇流し（10〜15点）,0.5777,"{'is_target': True, 'verdict': '参加推奨', 'max_combo_prob': 0.095, 'est_top_odds': 14.0, 'circle_concentration': 66.5, 'eligible_count': 8, 'bet_adj': 2, 'reason': 'rel_win1=53.7%（本命度） / 最有力組み合わせ確率: 0.095（推定実オッズ?14倍） / 2着集中度: 上位2艇 66.5%（補正+0.00） / 総合判定確率: 0.095 / → ヒモ分散。1号艇1着固定で広めのヒモ流し推奨（買い目+2点）', 'tenji_trigger': '展示確認: ヒモ分散レース。1号艇伸び確認後、広めのヒモ流しを採用。穴ヒモ（5・6号艇）を積極的に含める。'}",,,28.6,逃げ狙い,17.58,30.2,3,,,,,,,,,,,
2025-05-22,丸亀,6,3,森永　淳,A1,35.90,3,○,23.9649,45.2,64,75.6,0.1353,2.7,,,0,低,52,0,差0%,412416,0,54.2,1.3594,0,0.1176,0.2941,0,0,0,0.1351,0.0811,,◎,B,◎,,0.4406,0.702,,0.4643,A,75,0,◎-○軸 3着3〜4艇流し（10〜15点）,0.5777,"{'is_target': True, 'verdict': '参加推奨', 'max_combo_prob': 0.095, 'est_top_odds': 14.0, 'circle_concentration': 66.5, 'eligible_count': 8, 'bet_adj': 2, 'reason': 'rel_win1=53.7%（本命度） / 最有力組み合わせ確率: 0.095（推定実オッズ?14倍） / 2着集中度: 上位2艇 66.5%（補正+0.00） / 総合判定確率: 0.095 / → ヒモ分散。1号艇1着固定で広めのヒモ流し推奨（買い目+2点）', 'tenji_trigger': '展示確認: ヒモ分散レース。1号艇伸び確認後、広めのヒモ流しを採用。穴ヒモ（5・6号艇）を積極的に含める。'}",,,28.6,逃げ狙い,17.58,30.2,3,,,,,,,,,,,
2025-05-22,丸亀,6,4,宮下元胤,A2,30.38,4,△,7.9133,18.2,100,58.3,0.1718,4.1,,,0,低,126,0,-,1 3434,0,29.4,0.8279,0,0,0.15,0.1,0,0.1767,0.1283,0.115,,,C,○,◎,0.2574,0.6615,0.2858,0.4643,A,75,0,◎-○軸 3着3〜4艇流し（10〜15点）,0.5777,"{'is_target': True, 'verdict': '参加推奨', 'max_combo_prob': 0.095, 'est_top_odds': 14.0, 'circle_concentration': 66.5, 'eligible_count': 8, 'bet_adj': 2, 'reason': 'rel_win1=53.7%（本命度） / 最有力組み合わせ確率: 0.095（推定実オッズ?14倍） / 2着集中度: 上位2艇 66.5%（補正+0.00） / 総合判定確率: 0.095 / → ヒモ分散。1号艇1着固定で広めのヒモ流し推奨（買い目+2点）', 'tenji_trigger': '展示確認: ヒモ分散レース。1号艇伸び確認後、広めのヒモ流しを採用。穴ヒモ（5・6号艇）を積極的に含める。'}",,,28.6,逃げ狙い,17.58,30.2,3,,,,,,,,,,,
2025-05-22,丸亀,6,5,西岡蒼志,B2,26.47,5,,5.3667,14.7,42,34.6,0.1569,3.0962,,,0,低,79,0,-,6 453,0,100,2.2319,0,0,0,0.0417,0,0,0.27,0,,,D,,,0.2832,0.528,,0.4643,A,75,0,◎-○軸 3着3〜4艇流し（10〜15点）,0.5777,"{'is_target': True, 'verdict': '参加推奨', 'max_combo_prob': 0.095, 'est_top_odds': 14.0, 'circle_concentration': 66.5, 'eligible_count': 8, 'bet_adj': 2, 'reason': 'rel_win1=53.7%（本命度） / 最有力組み合わせ確率: 0.095（推定実オッズ?14倍） / 2着集中度: 上位2艇 66.5%（補正+0.00） / 総合判定確率: 0.095 / → ヒモ分散。1号艇1着固定で広めのヒモ流し推奨（買い目+2点）', 'tenji_trigger': '展示確認: ヒモ分散レース。1号艇伸び確認後、広めのヒモ流しを採用。穴ヒモ（5・6号艇）を積極的に含める。'}",,,28.6,逃げ狙い,17.58,30.2,3,,,,,,,,,,,
2025-05-22,丸亀,6,6,幸野史明,B1,31.21,6,▲,2.3361,0.6,30,16.4,0.1682,3.5818,,,0,低,126,0,-,3 2651,0,27.3,0.8178,,,,,,0.0381,0.094,0.4714,,,C,△,,0.2817,0.6415,,0.4643,A,75,0,◎-○軸 3着3〜4艇流し（10〜15点）,0.5777,"{'is_target': True, 'verdict': '参加推奨', 'max_combo_prob': 0.095, 'est_top_odds': 14.0, 'circle_concentration': 66.5, 'eligible_count': 8, 'bet_adj': 2, 'reason': 'rel_win1=53.7%（本命度） / 最有力組み合わせ確率: 0.095（推定実オッズ?14倍） / 2着集中度: 上位2艇 66.5%（補正+0.00） / 総合判定確率: 0.095 / → ヒモ分散。1号艇1着固定で広めのヒモ流し推奨（買い目+2点）', 'tenji_trigger': '展示確認: ヒモ分散レース。1号艇伸び確認後、広めのヒモ流しを採用。穴ヒモ（5・6号艇）を積極的に含める。'}",,,28.6,逃げ狙い,17.58,30.2,3,,,,,,,,,,,
2025-05-22,丸亀,7,1,金田　諭,A1,27.38,1,◎,61.7479,,0,97.5,0.1364,2.5432,,,0,低,124,0,逃1%,414315,0,92.6,1.245,0.6829,,,,,0.1493,0.0293,0.1883,◎,,C,△,,,0.615,,0.6683,S,86,0,◎1着固定 2-3着流し（5〜8点）,0.5777,"{'is_target': True, 'verdict': '点数絞り', 'max_combo_prob': 0.0998, 'est_top_odds': 13.4, 'circle_concentration': 70.5, 'eligible_count': 6, 'bet_adj': 0, 'reason': 'rel_win1=61.7%（本命度） / 最有力組み合わせ確率: 0.100（推定実オッズ?13倍） / 2着集中度: 上位2艇 70.5%（補正+0.04） / 総合判定確率: 0.140 / → ヒモはやや固め。上位2艇以外を切ること', 'tenji_trigger': '展示確認: 1号艇伸び良→そのまま採用。悪→飛び組に差し替え。circle_pct上位2艇に絞り込むこと。\n展示で1号艇スタート超安定(0.136秒)→ヒモ固まり方向に注意'}",,,27.4,逃げ狙い,15.04,28.8,4,,,,,0,0,0.7559,0,,逃げ軸流し,A
2025-05-22,丸亀,7,2,松本博昭,A2,24.84,2,△,9.0726,40.4,84,61,0.1722,3.9756,,,0,低,179,0,差0% ま0%,1 3434,0,40.7,0.9833,0,0.0588,0.0588,0,0,0.1237,0.0157,0.1472,,,D,○,,0.0853,0.6525,,0.6683,S,86,0,◎1着固定 2-3着流し（5〜8点）,0.5777,"{'is_target': True, 'verdict': '点数絞り', 'max_combo_prob': 0.0998, 'est_top_odds': 13.4, 'circle_concentration': 70.5, 'eligible_count': 6, 'bet_adj': 0, 'reason': 'rel_win1=61.7%（本命度） / 最有力組み合わせ確率: 0.100（推定実オッズ?13倍） / 2着集中度: 上位2艇 70.5%（補正+0.04） / 総合判定確率: 0.140 / → ヒモはやや固め。上位2艇以外を切ること', 'tenji_trigger': '展示確認: 1号艇伸び良→そのまま採用。悪→飛び組に差し替え。circle_pct上位2艇に絞り込むこと。\n展示で1号艇スタート超安定(0.136秒)→ヒモ固まり方向に注意'}",,,27.4,逃げ狙い,15.04,28.8,4,,,,,,,,,,,
2025-05-22,丸亀,7,3,竹田広樹,B1,30.63,3,▲,10.4385,24.6,29,40.8,0.1776,3.8521,,,0,低,177,0,-,461 66,0,84.3,1.7908,0,0.0294,0.0588,0,0.0294,0.0526,0.1579,0.3158,,,B,△,,0.1241,0.6185,,0.6683,S,86,0,◎1着固定 2-3着流し（5〜8点）,0.5777,"{'is_target': True, 'verdict': '点数絞り', 'max_combo_prob': 0.0998, 'est_top_odds': 13.4, 'circle_concentration': 70.5, 'eligible_count': 6, 'bet_adj': 0, 'reason': 'rel_win1=61.7%（本命度） / 最有力組み合わせ確率: 0.100（推定実オッズ?13倍） / 2着集中度: 上位2艇 70.5%（補正+0.04） / 総合判定確率: 0.140 / → ヒモはやや固め。上位2艇以外を切ること', 'tenji_trigger': '展示確認: 1号艇伸び良→そのまま採用。悪→飛び組に差し替え。circle_pct上位2艇に絞り込むこと。\n展示で1号艇スタート超安定(0.136秒)→ヒモ固まり方向に注意'}",,,27.4,逃げ狙い,15.04,28.8,4,,,,,,,,,,,
2025-05-22,丸亀,7,4,三嶌誠司,A1,39.87,4,○,12.6864,30.1,90,71.4,0.149,2.9405,,,0,低,84,0,-,242223,0,42.3,0.9274,0,0,0,0,0.1,0.1235,0.1643,0.0959,,,A,◎,◎,0.2685,0.669,0.4372,0.6683,S,86,0,◎1着固定 2-3着流し（5〜8点）,0.5777,"{'is_target': True, 'verdict': '点数絞り', 'max_combo_prob': 0.0998, 'est_top_odds': 13.4, 'circle_concentration': 70.5, 'eligible_count': 6, 'bet_adj': 0, 'reason': 'rel_win1=61.7%（本命度） / 最有力組み合わせ確率: 0.100（推定実オッズ?13倍） / 2着集中度: 上位2艇 70.5%（補正+0.04） / 総合判定確率: 0.140 / → ヒモはやや固め。上位2艇以外を切ること', 'tenji_trigger': '展示確認: 1号艇伸び良→そのまま採用。悪→飛び組に差し替え。circle_pct上位2艇に絞り込むこと。\n展示で1号艇スタート超安定(0.136秒)→ヒモ固まり方向に注意'}",,,27.4,逃げ狙い,15.04,28.8,4,,,,,,,,,,,
2025-05-22,丸亀,7,5,山下心一,B2,25.79,5,,5.0134,4.3,100,25,0.1979,4.0208,,,0,低,60,0,ま0%,666 6,0,30.8,0.821,0,0,0.0435,0,0,,,,,,D,,,0.1138,0.494,,0.6683,S,86,0,◎1着固定 2-3着流し（5〜8点）,0.5777,"{'is_target': True, 'verdict': '点数絞り', 'max_combo_prob': 0.0998, 'est_top_odds': 13.4, 'circle_concentration': 70.5, 'eligible_count': 6, 'bet_adj': 0, 'reason': 'rel_win1=61.7%（本命度） / 最有力組み合わせ確率: 0.100（推定実オッズ?13倍） / 2着集中度: 上位2艇 70.5%（補正+0.04） / 総合判定確率: 0.140 / → ヒモはやや固め。上位2艇以外を切ること', 'tenji_trigger': '展示確認: 1号艇伸び良→そのまま採用。悪→飛び組に差し替え。circle_pct上位2艇に絞り込むこと。\n展示で1号艇スタート超安定(0.136秒)→ヒモ固まり方向に注意'}",,,27.4,逃げ狙い,15.04,28.8,4,,,,,,,,,,,
2025-05-22,丸亀,7,6,山田和佐,B1,25.81,6,,1.0412,0.6,31,16.7,0.1867,4.0714,,,0,低,130,0,-,554 54,0,26.1,0.6261,,,,,,0.1769,0.0308,0.1923,,,D,,,0.1576,0.5895,,0.6683,S,86,0,◎1着固定 2-3着流し（5〜8点）,0.5777,"{'is_target': True, 'verdict': '点数絞り', 'max_combo_prob': 0.0998, 'est_top_odds': 13.4, 'circle_concentration': 70.5, 'eligible_count': 6, 'bet_adj': 0, 'reason': 'rel_win1=61.7%（本命度） / 最有力組み合わせ確率: 0.100（推定実オッズ?13倍） / 2着集中度: 上位2艇 70.5%（補正+0.04） / 総合判定確率: 0.140 / → ヒモはやや固め。上位2艇以外を切ること', 'tenji_trigger': '展示確認: 1号艇伸び良→そのまま採用。悪→飛び組に差し替え。circle_pct上位2艇に絞り込むこと。\n展示で1号艇スタート超安定(0.136秒)→ヒモ固まり方向に注意'}",,,27.4,逃げ狙い,15.04,28.8,4,,,,,,,,,,,
2025-05-22,丸亀,8,1,井上忠政,A1,28.67,1,◎,72.7933,,0,97.5,0.1512,3.35,,,0,低,51,0,逃1%,361364,0,90.8,1.2878,0.875,,,,,0,0,0.125,◎,,C,○,,,0.6805,,0.6215,S,100,0,◎1着固定 2-3着流し（5〜8点）,0.5777,"{'is_target': True, 'verdict': '参加推奨', 'max_combo_prob': 0.0934, 'est_top_odds': 14.3, 'circle_concentration': 66.0, 'eligible_count': 6, 'bet_adj': 2, 'reason': 'rel_win1=72.8%（本命度） / 最有力組み合わせ確率: 0.093（推定実オッズ?14倍） / 2着集中度: 上位2艇 66.0%（補正+0.00） / 総合判定確率: 0.093 / → ヒモ分散。1号艇1着固定で広めのヒモ流し推奨（買い目+2点）', 'tenji_trigger': '展示確認: ヒモ分散レース。1号艇伸び確認後、広めのヒモ流しを採用。穴ヒモ（5・6号艇）を積極的に含める。'}",,,25.1,逃げ狙い,13.53,23.5,2,,,,,0,0,0.7559,0,,逃げ軸流し,A
2025-05-22,丸亀,8,2,下河雅史,A2,31.17,2,▲,10.7703,39.7,100,67.2,0.1652,3.4569,,,0,低,132,0,-,655125,0,97.5,1.8897,0,0.04,0,0,0.04,0.16,0.08,0.3067,,,C,△,,0.1674,0.613,,0.6215,S,100,0,◎1着固定 2-3着流し（5〜8点）,0.5777,"{'is_target': True, 'verdict': '参加推奨', 'max_combo_prob': 0.0934, 'est_top_odds': 14.3, 'circle_concentration': 66.0, 'eligible_count': 6, 'bet_adj': 2, 'reason': 'rel_win1=72.8%（本命度） / 最有力組み合わせ確率: 0.093（推定実オッズ?14倍） / 2着集中度: 上位2艇 66.0%（補正+0.00） / 総合判定確率: 0.093 / → ヒモ分散。1号艇1着固定で広めのヒモ流し推奨（買い目+2点）', 'tenji_trigger': '展示確認: ヒモ分散レース。1号艇伸び確認後、広めのヒモ流しを採用。穴ヒモ（5・6号艇）を積極的に含める。'}",,,25.1,逃げ狙い,13.53,23.5,2,,,,,,,,,,,
2025-05-22,丸亀,8,3,松本真広,B2,21.68,3,,5.2352,18.3,62,46.7,0.1629,3.3333,,,0,低,83,0,-,2 645,0,79.1,1.7175,0,0,0,0.0417,0,0,0.38,0.04,,,E,,,0.2269,0.592,,0.6215,S,100,0,◎1着固定 2-3着流し（5〜8点）,0.5777,"{'is_target': True, 'verdict': '参加推奨', 'max_combo_prob': 0.0934, 'est_top_odds': 14.3, 'circle_concentration': 66.0, 'eligible_count': 6, 'bet_adj': 2, 'reason': 'rel_win1=72.8%（本命度） / 最有力組み合わせ確率: 0.093（推定実オッズ?14倍） / 2着集中度: 上位2艇 66.0%（補正+0.00） / 総合判定確率: 0.093 / → ヒモ分散。1号艇1着固定で広めのヒモ流し推奨（買い目+2点）', 'tenji_trigger': '展示確認: ヒモ分散レース。1号艇伸び確認後、広めのヒモ流しを採用。穴ヒモ（5・6号艇）を積極的に含める。'}",,,25.1,逃げ狙い,13.53,23.5,2,,,,,,,,,,,
2025-05-22,丸亀,8,4,吉永則雄,A1,34.16,4,○,7.3927,26.3,84,57.1,0.1533,3.1984,,,0,低,112,0,-,136225,0,20.9,0.5621,0,0,0.0714,0.0357,0,0.0896,0.0635,0.1184,,,B,◎,◎,0.2879,0.696,0.4321,0.6215,S,100,0,◎1着固定 2-3着流し（5〜8点）,0.5777,"{'is_target': True, 'verdict': '参加推奨', 'max_combo_prob': 0.0934, 'est_top_odds': 14.3, 'circle_concentration': 66.0, 'eligible_count': 6, 'bet_adj': 2, 'reason': 'rel_win1=72.8%（本命度） / 最有力組み合わせ確率: 0.093（推定実オッズ?14倍） / 2着集中度: 上位2艇 66.0%（補正+0.00） / 総合判定確率: 0.093 / → ヒモ分散。1号艇1着固定で広めのヒモ流し推奨（買い目+2点）', 'tenji_trigger': '展示確認: ヒモ分散レース。1号艇伸び確認後、広めのヒモ流しを採用。穴ヒモ（5・6号艇）を積極的に含める。'}",,,25.1,逃げ狙い,13.53,23.5,2,,,,,,,,,,,
2025-05-22,丸亀,8,5,深川和仁,B1,27.56,5,,2.8569,13.3,63,40,0.1733,3.3273,,,0,低,130,0,-,16564,0,61.6,1.2507,,,,,,0.2,0.0167,0.05,,,D,△,,0.2419,0.606,,0.6215,S,100,0,◎1着固定 2-3着流し（5〜8点）,0.5777,"{'is_target': True, 'verdict': '参加推奨', 'max_combo_prob': 0.0934, 'est_top_odds': 14.3, 'circle_concentration': 66.0, 'eligible_count': 6, 'bet_adj': 2, 'reason': 'rel_win1=72.8%（本命度） / 最有力組み合わせ確率: 0.093（推定実オッズ?14倍） / 2着集中度: 上位2艇 66.0%（補正+0.00） / 総合判定確率: 0.093 / → ヒモ分散。1号艇1着固定で広めのヒモ流し推奨（買い目+2点）', 'tenji_trigger': '展示確認: ヒモ分散レース。1号艇伸び確認後、広めのヒモ流しを採用。穴ヒモ（5・6号艇）を積極的に含める。'}",,,25.1,逃げ狙い,13.53,23.5,2,,,,,,,,,,,
2025-05-22,丸亀,8,6,宮野　仁,B1,31.52,6,△,0.9517,2.4,51,18,0.2568,5.19,,,0,低,175,0,-,256 F3,0,42,1.4872,,,,,,0.0571,0.0286,0.3143,,,C,,,0.135,0.6005,,0.6215,S,100,0,◎1着固定 2-3着流し（5〜8点）,0.5777,"{'is_target': True, 'verdict': '参加推奨', 'max_combo_prob': 0.0934, 'est_top_odds': 14.3, 'circle_concentration': 66.0, 'eligible_count': 6, 'bet_adj': 2, 'reason': 'rel_win1=72.8%（本命度） / 最有力組み合わせ確率: 0.093（推定実オッズ?14倍） / 2着集中度: 上位2艇 66.0%（補正+0.00） / 総合判定確率: 0.093 / → ヒモ分散。1号艇1着固定で広めのヒモ流し推奨（買い目+2点）', 'tenji_trigger': '展示確認: ヒモ分散レース。1号艇伸び確認後、広めのヒモ流しを採用。穴ヒモ（5・6号艇）を積極的に含める。'}",,,25.1,逃げ狙い,13.53,23.5,2,,,,,,,,,,,
2025-05-22,丸亀,9,1,柴田直哉,B1,30.77,1,◎,56.7684,,0,79.5,0.1638,3.5513,,,0,低,140,0,逃0%,5 141,0,79.1,1.04,0.4737,,,,,0,0.0842,0.3421,○,,C,△,,,0.6175,,0.3384,A,67,0,◎-○軸 3着3〜4艇流し（10〜15点）,0.5777,"{'is_target': True, 'verdict': '点数絞り', 'max_combo_prob': 0.1232, 'est_top_odds': 10.8, 'circle_concentration': 83.4, 'eligible_count': 8, 'bet_adj': 0, 'reason': 'rel_win1=56.8%（本命度） / 最有力組み合わせ確率: 0.123（推定実オッズ?11倍） / 2着集中度: 上位2艇 83.4%（補正+0.04） / 総合判定確率: 0.163 / → ヒモはやや固め。上位2艇以外を切ること', 'tenji_trigger': '展示確認: 1号艇伸び良→そのまま採用。悪→飛び組に差し替え。circle_pct上位2艇に絞り込むこと。'}",,,27.8,逃げ狙い,16.6,28.7,4,,,,,0,0,0.6155,0,,逃げ軸流し,A
2025-05-22,丸亀,9,2,堀本和也,A1,33.13,2,○,12.6626,64.5,56,65.1,0.1344,3.0465,,,0,低,22,0,-,352122,0,21.1,0.6198,0,0.1,0,0,0,0.04,0.04,0.12,,◎,B,◎,,0.5723,0.769,,0.3384,A,67,0,◎-○軸 3着3〜4艇流し（10〜15点）,0.5777,"{'is_target': True, 'verdict': '点数絞り', 'max_combo_prob': 0.1232, 'est_top_odds': 10.8, 'circle_concentration': 83.4, 'eligible_count': 8, 'bet_adj': 0, 'reason': 'rel_win1=56.8%（本命度） / 最有力組み合わせ確率: 0.123（推定実オッズ?11倍） / 2着集中度: 上位2艇 83.4%（補正+0.04） / 総合判定確率: 0.163 / → ヒモはやや固め。上位2艇以外を切ること', 'tenji_trigger': '展示確認: 1号艇伸び良→そのまま採用。悪→飛び組に差し替え。circle_pct上位2艇に絞り込むこと。'}",,,27.8,逃げ狙い,16.6,28.7,4,,,,,,,,,,,
2025-05-22,丸亀,9,3,川崎公靖,B1,31.06,3,▲,11.8629,19,100,51.6,0.1467,2.6406,,,0,低,102,0,-,1 463,0,86.1,1.6188,0,0.037,0.037,0.0741,0,0.1053,0.0421,0.5053,,△,C,△,,0.3782,0.6275,,0.3384,A,67,0,◎-○軸 3着3〜4艇流し（10〜15点）,0.5777,"{'is_target': True, 'verdict': '点数絞り', 'max_combo_prob': 0.1232, 'est_top_odds': 10.8, 'circle_concentration': 83.4, 'eligible_count': 8, 'bet_adj': 0, 'reason': 'rel_win1=56.8%（本命度） / 最有力組み合わせ確率: 0.123（推定実オッズ?11倍） / 2着集中度: 上位2艇 83.4%（補正+0.04） / 総合判定確率: 0.163 / → ヒモはやや固め。上位2艇以外を切ること', 'tenji_trigger': '展示確認: 1号艇伸び良→そのまま採用。悪→飛び組に差し替え。circle_pct上位2艇に絞り込むこと。'}",,,27.8,逃げ狙い,16.6,28.7,4,,,,,,,,,,,
2025-05-22,丸亀,9,4,坂口貴彦,B1,26.67,4,,9.4454,12.1,81,52.6,0.1682,3.6316,,,0,低,134,0,ま0%,3 252,0,51,0.7219,0,0,0.12,0.08,0,0.0471,0.1235,0.1471,,,D,,◎,0.2952,0.591,0.2196,0.3384,A,67,0,◎-○軸 3着3〜4艇流し（10〜15点）,0.5777,"{'is_target': True, 'verdict': '点数絞り', 'max_combo_prob': 0.1232, 'est_top_odds': 10.8, 'circle_concentration': 83.4, 'eligible_count': 8, 'bet_adj': 0, 'reason': 'rel_win1=56.8%（本命度） / 最有力組み合わせ確率: 0.123（推定実オッズ?11倍） / 2着集中度: 上位2艇 83.4%（補正+0.04） / 総合判定確率: 0.163 / → ヒモはやや固め。上位2艇以外を切ること', 'tenji_trigger': '展示確認: 1号艇伸び良→そのまま採用。悪→飛び組に差し替え。circle_pct上位2艇に絞り込むこと。'}",,,27.8,逃げ狙い,16.6,28.7,4,,,,,,,,,,,
2025-05-22,丸亀,9,5,笹木香吾,B1,33.13,5,△,6.2654,1,53,30.9,0.1584,3.1182,,,0,低,79,0,ま0%,335 34,0,32.1,0.965,0,0,0.0526,0,0,0.025,0,0.3,,,B,,,0.3045,0.584,,0.3384,A,67,0,◎-○軸 3着3〜4艇流し（10〜15点）,0.5777,"{'is_target': True, 'verdict': '点数絞り', 'max_combo_prob': 0.1232, 'est_top_odds': 10.8, 'circle_concentration': 83.4, 'eligible_count': 8, 'bet_adj': 0, 'reason': 'rel_win1=56.8%（本命度） / 最有力組み合わせ確率: 0.123（推定実オッズ?11倍） / 2着集中度: 上位2艇 83.4%（補正+0.04） / 総合判定確率: 0.163 / → ヒモはやや固め。上位2艇以外を切ること', 'tenji_trigger': '展示確認: 1号艇伸び良→そのまま採用。悪→飛び組に差し替え。circle_pct上位2艇に絞り込むこと。'}",,,27.8,逃げ狙い,16.6,28.7,4,,,,,,,,,,,
2025-05-22,丸亀,9,6,片岡大地,B1,30.13,6,,2.9953,3.5,63,30.9,0.1326,2.4762,,,0,低,64,0,-,4 533,0,64.3,1.2397,,,,,,0.0267,0.2567,0.0267,,○,D,○,,0.4121,0.6305,,0.3384,A,67,0,◎-○軸 3着3〜4艇流し（10〜15点）,0.5777,"{'is_target': True, 'verdict': '点数絞り', 'max_combo_prob': 0.1232, 'est_top_odds': 10.8, 'circle_concentration': 83.4, 'eligible_count': 8, 'bet_adj': 0, 'reason': 'rel_win1=56.8%（本命度） / 最有力組み合わせ確率: 0.123（推定実オッズ?11倍） / 2着集中度: 上位2艇 83.4%（補正+0.04） / 総合判定確率: 0.163 / → ヒモはやや固め。上位2艇以外を切ること', 'tenji_trigger': '展示確認: 1号艇伸び良→そのまま採用。悪→飛び組に差し替え。circle_pct上位2艇に絞り込むこと。'}",,,27.8,逃げ狙い,16.6,28.7,4,,,,,,,,,,,
2025-05-22,丸亀,10,1,間野兼礼,B1,28.57,1,◎,58.3721,,0,76.2,0.1588,2.881,,,0,低,94,0,逃0%,232 13,0,100,1.7146,0.6111,,,,,0,0.0889,0.1944,◎,,C,,,,0.564,,0.5004,A,64,0,◎-○軸 3着3〜4艇流し（10〜15点）,0.5777,"{'is_target': True, 'verdict': '参加推奨', 'max_combo_prob': 0.0908, 'est_top_odds': 14.7, 'circle_concentration': 64.7, 'eligible_count': 8, 'bet_adj': 2, 'reason': 'rel_win1=58.4%（本命度） / 最有力組み合わせ確率: 0.091（推定実オッズ?15倍） / 2着集中度: 上位2艇 64.7%（補正+0.00） / 総合判定確率: 0.091 / → ヒモ分散。1号艇1着固定で広めのヒモ流し推奨（買い目+2点）', 'tenji_trigger': '展示確認: ヒモ分散レース。1号艇伸び確認後、広めのヒモ流しを採用。穴ヒモ（5・6号艇）を積極的に含める。'}",,,27.1,両建て推奨,15.18,27.8,3,,,,,0,0,0.7559,0,,逃げ軸流し,A
2025-05-22,丸亀,10,2,小林文彦,A2,28.17,2,▲,10.0493,36.9,100,65.4,0.1865,4.5673,,,0,低,166,0,差0% ま0%,323 13,0,23,0.7176,0,0.087,0.087,0,0,0.0143,0.2286,0.1143,,,C,,,0.0703,0.5995,,0.5004,A,64,0,◎-○軸 3着3〜4艇流し（10〜15点）,0.5777,"{'is_target': True, 'verdict': '参加推奨', 'max_combo_prob': 0.0908, 'est_top_odds': 14.7, 'circle_concentration': 64.7, 'eligible_count': 8, 'bet_adj': 2, 'reason': 'rel_win1=58.4%（本命度） / 最有力組み合わせ確率: 0.091（推定実オッズ?15倍） / 2着集中度: 上位2艇 64.7%（補正+0.00） / 総合判定確率: 0.091 / → ヒモ分散。1号艇1着固定で広めのヒモ流し推奨（買い目+2点）', 'tenji_trigger': '展示確認: ヒモ分散レース。1号艇伸び確認後、広めのヒモ流しを採用。穴ヒモ（5・6号艇）を積極的に含める。'}",,,27.1,両建て推奨,15.18,27.8,3,,,,,,,,,,,
2025-05-22,丸亀,10,3,宮下元胤,A2,30.38,3,○,14.3553,27.8,94,71.9,0.1486,3.2656,,,0,低,126,0,-,1 3434,0,38.1,0.9571,0,0,0.0357,0.0714,0.0357,0.1767,0.1283,0.115,,,B,◎,,0.343,0.6615,,0.5004,A,64,0,◎-○軸 3着3〜4艇流し（10〜15点）,0.5777,"{'is_target': True, 'verdict': '参加推奨', 'max_combo_prob': 0.0908, 'est_top_odds': 14.7, 'circle_concentration': 64.7, 'eligible_count': 8, 'bet_adj': 2, 'reason': 'rel_win1=58.4%（本命度） / 最有力組み合わせ確率: 0.091（推定実オッズ?15倍） / 2着集中度: 上位2艇 64.7%（補正+0.00） / 総合判定確率: 0.091 / → ヒモ分散。1号艇1着固定で広めのヒモ流し推奨（買い目+2点）', 'tenji_trigger': '展示確認: ヒモ分散レース。1号艇伸び確認後、広めのヒモ流しを採用。穴ヒモ（5・6号艇）を積極的に含める。'}",,,27.1,両建て推奨,15.18,27.8,3,,,,,,,,,,,
2025-05-22,丸亀,10,4,杉江浩明,B1,27.21,4,,5.1004,9.9,51,32.9,0.2017,4.5571,,,0,低,209,0,差ま0%,351 45,0,19.8,0.6711,0,0,0,0.0286,0,0.2444,0.1111,0.0444,,,D,△,,0.113,0.6375,,0.5004,A,64,0,◎-○軸 3着3〜4艇流し（10〜15点）,0.5777,"{'is_target': True, 'verdict': '参加推奨', 'max_combo_prob': 0.0908, 'est_top_odds': 14.7, 'circle_concentration': 64.7, 'eligible_count': 8, 'bet_adj': 2, 'reason': 'rel_win1=58.4%（本命度） / 最有力組み合わせ確率: 0.091（推定実オッズ?15倍） / 2着集中度: 上位2艇 64.7%（補正+0.00） / 総合判定確率: 0.091 / → ヒモ分散。1号艇1着固定で広めのヒモ流し推奨（買い目+2点）', 'tenji_trigger': '展示確認: ヒモ分散レース。1号艇伸び確認後、広めのヒモ流しを採用。穴ヒモ（5・6号艇）を積極的に含める。'}",,,27.1,両建て推奨,15.18,27.8,3,,,,,,,,,,,
2025-05-22,丸亀,10,5,金田　諭,A1,27.38,5,△,11.0523,24.6,61,63.3,0.1824,3.4898,,,0,低,124,0,ま0% 抜0%,414315,0,93.8,1.8652,0,0,0.1071,0,0.0357,0.1493,0.0293,0.1883,,,D,△,◎,0.2343,0.615,0.2984,0.5004,A,64,0,◎-○軸 3着3〜4艇流し（10〜15点）,0.5777,"{'is_target': True, 'verdict': '参加推奨', 'max_combo_prob': 0.0908, 'est_top_odds': 14.7, 'circle_concentration': 64.7, 'eligible_count': 8, 'bet_adj': 2, 'reason': 'rel_win1=58.4%（本命度） / 最有力組み合わせ確率: 0.091（推定実オッズ?15倍） / 2着集中度: 上位2艇 64.7%（補正+0.00） / 総合判定確率: 0.091 / → ヒモ分散。1号艇1着固定で広めのヒモ流し推奨（買い目+2点）', 'tenji_trigger': '展示確認: ヒモ分散レース。1号艇伸び確認後、広めのヒモ流しを採用。穴ヒモ（5・6号艇）を積極的に含める。'}",,,27.1,両建て推奨,15.18,27.8,3,,,,,,,,,,,
2025-05-22,丸亀,10,6,梶原　正,B1,26.88,6,,1.0704,0.8,17,12.5,0.1762,3.65,,,0,低,90,0,-,2 1656,0,24.8,0.5775,,,,,,0.23,0.305,0.139,,,D,○,,0.2552,0.6495,,0.5004,A,64,0,◎-○軸 3着3〜4艇流し（10〜15点）,0.5777,"{'is_target': True, 'verdict': '参加推奨', 'max_combo_prob': 0.0908, 'est_top_odds': 14.7, 'circle_concentration': 64.7, 'eligible_count': 8, 'bet_adj': 2, 'reason': 'rel_win1=58.4%（本命度） / 最有力組み合わせ確率: 0.091（推定実オッズ?15倍） / 2着集中度: 上位2艇 64.7%（補正+0.00） / 総合判定確率: 0.091 / → ヒモ分散。1号艇1着固定で広めのヒモ流し推奨（買い目+2点）', 'tenji_trigger': '展示確認: ヒモ分散レース。1号艇伸び確認後、広めのヒモ流しを採用。穴ヒモ（5・6号艇）を積極的に含める。'}",,,27.1,両建て推奨,15.18,27.8,3,,,,,,,,,,,
2025-05-22,丸亀,11,1,三嶌誠司,A1,39.87,1,◎,55.9723,,0,90.4,0.1608,2.8014,,,0,低,84,0,逃0%,242223,0,87.5,1.1359,0.5862,,,,,0.1235,0.1643,0.0959,◎,,B,△,,,0.669,,0.5324,A,75,0,◎-○軸 3着3〜4艇流し（10〜15点）,0.5777,"{'is_target': True, 'verdict': '参加推奨', 'max_combo_prob': 0.0742, 'est_top_odds': 18.0, 'circle_concentration': 67.6, 'eligible_count': 8, 'bet_adj': 2, 'reason': 'rel_win1=56.0%（本命度） / 最有力組み合わせ確率: 0.074（推定実オッズ?18倍） / 2着集中度: 上位2艇 67.6%（補正+0.00） / 総合判定確率: 0.074 / → ヒモ分散。1号艇1着固定で広めのヒモ流し推奨（買い目+2点）', 'tenji_trigger': '展示確認: ヒモ分散レース。1号艇伸び確認後、広めのヒモ流しを採用。穴ヒモ（5・6号艇）を積極的に含める。'}",,,31.1,逃げ狙い,24.71,31.2,2,,,,,0,0,0.7559,0,,逃げ軸流し,A
2025-05-22,丸亀,11,2,井上忠政,A1,28.67,2,○,22.6101,39.1,91,77.8,0.157,3.0926,,,0,低,51,0,差0% ま0%,361364,0,72.5,1.3447,0,0.2222,0.2222,0,0,0,0,0.125,,◎,D,○,,0.4123,0.6805,,0.5324,A,75,0,◎-○軸 3着3〜4艇流し（10〜15点）,0.5777,"{'is_target': True, 'verdict': '参加推奨', 'max_combo_prob': 0.0742, 'est_top_odds': 18.0, 'circle_concentration': 67.6, 'eligible_count': 8, 'bet_adj': 2, 'reason': 'rel_win1=56.0%（本命度） / 最有力組み合わせ確率: 0.074（推定実オッズ?18倍） / 2着集中度: 上位2艇 67.6%（補正+0.00） / 総合判定確率: 0.074 / → ヒモ分散。1号艇1着固定で広めのヒモ流し推奨（買い目+2点）', 'tenji_trigger': '展示確認: ヒモ分散レース。1号艇伸び確認後、広めのヒモ流しを採用。穴ヒモ（5・6号艇）を積極的に含める。'}",,,31.1,逃げ狙い,24.71,31.2,2,,,,,,,,,,,
2025-05-22,丸亀,11,3,松本博昭,A2,24.84,3,,7.9382,28.5,100,63,0.1679,3.7826,,,0,低,179,0,-,1 3434,0,36,0.9271,0,0,0.125,0.025,0,0.1237,0.0157,0.1472,,,E,△,,0.2846,0.6525,,0.5324,A,75,0,◎-○軸 3着3〜4艇流し（10〜15点）,0.5777,"{'is_target': True, 'verdict': '参加推奨', 'max_combo_prob': 0.0742, 'est_top_odds': 18.0, 'circle_concentration': 67.6, 'eligible_count': 8, 'bet_adj': 2, 'reason': 'rel_win1=56.0%（本命度） / 最有力組み合わせ確率: 0.074（推定実オッズ?18倍） / 2着集中度: 上位2艇 67.6%（補正+0.00） / 総合判定確率: 0.074 / → ヒモ分散。1号艇1着固定で広めのヒモ流し推奨（買い目+2点）', 'tenji_trigger': '展示確認: ヒモ分散レース。1号艇伸び確認後、広めのヒモ流しを採用。穴ヒモ（5・6号艇）を積極的に含める。'}",,,31.1,逃げ狙い,24.71,31.2,2,,,,,,,,,,,
2025-05-22,丸亀,11,4,後藤　浩,B1,38.36,4,△,6.477,10.7,75,37.9,0.1828,3.9741,,,0,低,120,0,差0% 差ま0%,1 5315,0,26.2,0.7994,0,0.0476,0,0.0476,0,0.0556,0.2222,0,,,B,,○,0.2233,0.6325,0.2003,0.5324,A,75,0,◎-○軸 3着3〜4艇流し（10〜15点）,0.5777,"{'is_target': True, 'verdict': '参加推奨', 'max_combo_prob': 0.0742, 'est_top_odds': 18.0, 'circle_concentration': 67.6, 'eligible_count': 8, 'bet_adj': 2, 'reason': 'rel_win1=56.0%（本命度） / 最有力組み合わせ確率: 0.074（推定実オッズ?18倍） / 2着集中度: 上位2艇 67.6%（補正+0.00） / 総合判定確率: 0.074 / → ヒモ分散。1号艇1着固定で広めのヒモ流し推奨（買い目+2点）', 'tenji_trigger': '展示確認: ヒモ分散レース。1号艇伸び確認後、広めのヒモ流しを採用。穴ヒモ（5・6号艇）を積極的に含める。'}",,,31.1,逃げ狙い,24.71,31.2,2,,,,,,,,,,,
2025-05-22,丸亀,11,5,森永　淳,A1,35.90,5,▲,5.6445,19.7,66,53.7,0.1428,2.8889,,,0,低,52,0,-,412416,0,70.5,1.2971,0,0,0,0,0.0345,0,0.1351,0.0811,,,C,◎,◎,0.3952,0.702,0.3842,0.5324,A,75,0,◎-○軸 3着3〜4艇流し（10〜15点）,0.5777,"{'is_target': True, 'verdict': '参加推奨', 'max_combo_prob': 0.0742, 'est_top_odds': 18.0, 'circle_concentration': 67.6, 'eligible_count': 8, 'bet_adj': 2, 'reason': 'rel_win1=56.0%（本命度） / 最有力組み合わせ確率: 0.074（推定実オッズ?18倍） / 2着集中度: 上位2艇 67.6%（補正+0.00） / 総合判定確率: 0.074 / → ヒモ分散。1号艇1着固定で広めのヒモ流し推奨（買い目+2点）', 'tenji_trigger': '展示確認: ヒモ分散レース。1号艇伸び確認後、広めのヒモ流しを採用。穴ヒモ（5・6号艇）を積極的に含める。'}",,,31.1,逃げ狙い,24.71,31.2,2,,,,,,,,,,,
2025-05-22,丸亀,11,6,西舘　健,A2,31.54,6,,1.3579,2,54,28.3,0.1789,3.9717,,,0,低,130,0,-,145 46,0,31,0.9089,0,0,0,0.0357,0,0.0895,0.1581,0.1124,,,D,,,0.2463,0.6065,,0.5324,A,75,0,◎-○軸 3着3〜4艇流し（10〜15点）,0.5777,"{'is_target': True, 'verdict': '参加推奨', 'max_combo_prob': 0.0742, 'est_top_odds': 18.0, 'circle_concentration': 67.6, 'eligible_count': 8, 'bet_adj': 2, 'reason': 'rel_win1=56.0%（本命度） / 最有力組み合わせ確率: 0.074（推定実オッズ?18倍） / 2着集中度: 上位2艇 67.6%（補正+0.00） / 総合判定確率: 0.074 / → ヒモ分散。1号艇1着固定で広めのヒモ流し推奨（買い目+2点）', 'tenji_trigger': '展示確認: ヒモ分散レース。1号艇伸び確認後、広めのヒモ流しを採用。穴ヒモ（5・6号艇）を積極的に含める。'}",,,31.1,逃げ狙い,24.71,31.2,2,,,,,,,,,,,
2025-05-22,丸亀,12,1,高橋竜矢,A1,35.76,1,◎,61.4257,,0,94.9,0.1208,2.2821,,,0,低,31,0,逃1%,211241,0,84.6,1.2169,0.875,,,,,0,0.0417,0.0833,◎,,B,◎,,,0.6585,,0.7021,S,90,0,◎1着固定 2-3着流し（5〜8点）,0.5777,"{'is_target': True, 'verdict': '参加推奨', 'max_combo_prob': 0.0771, 'est_top_odds': 17.3, 'circle_concentration': 63.1, 'eligible_count': 6, 'bet_adj': 2, 'reason': 'rel_win1=61.4%（本命度） / 最有力組み合わせ確率: 0.077（推定実オッズ?17倍） / 2着集中度: 上位2艇 63.1%（補正+0.00） / 総合判定確率: 0.077 / → ヒモ分散。1号艇1着固定で広めのヒモ流し推奨（買い目+2点）', 'tenji_trigger': '展示確認: ヒモ分散レース。1号艇伸び確認後、広めのヒモ流しを採用。穴ヒモ（5・6号艇）を積極的に含める。\n展示で1号艇スタート超安定(0.121秒)→ヒモ固まり方向に注意'}",,,27.1,逃げ狙い,21.45,22.7,2,,,,,0,0,0.7559,0,,逃げ軸流し,A
2025-05-22,丸亀,12,2,深川真二,A1,22.22,2,,12.38,40.3,55,69.8,0.1304,2.5849,,,0,低,21,0,差0%,121621,0,96.3,0.8753,0,0.1786,0.0357,0,0,0.0105,0.1173,0.0211,,,E,○,,0.2427,0.6545,,0.7021,S,90,0,◎1着固定 2-3着流し（5〜8点）,0.5777,"{'is_target': True, 'verdict': '参加推奨', 'max_combo_prob': 0.0771, 'est_top_odds': 17.3, 'circle_concentration': 63.1, 'eligible_count': 6, 'bet_adj': 2, 'reason': 'rel_win1=61.4%（本命度） / 最有力組み合わせ確率: 0.077（推定実オッズ?17倍） / 2着集中度: 上位2艇 63.1%（補正+0.00） / 総合判定確率: 0.077 / → ヒモ分散。1号艇1着固定で広めのヒモ流し推奨（買い目+2点）', 'tenji_trigger': '展示確認: ヒモ分散レース。1号艇伸び確認後、広めのヒモ流しを採用。穴ヒモ（5・6号艇）を積極的に含める。\n展示で1号艇スタート超安定(0.121秒)→ヒモ固まり方向に注意'}",,,27.1,逃げ狙い,21.45,22.7,2,,,,,,,,,,,
2025-05-22,丸亀,12,3,北川太一,A2,32.93,3,△,10.8706,22.8,91,62.5,0.1491,3.1964,,,0,低,110,0,差0% 差ま0%,123 11,0,42.8,1.1592,0,0.0909,0,0.2273,0,0,0.1563,0.242,,,C,,,0.1884,0.6235,,0.7021,S,90,0,◎1着固定 2-3着流し（5〜8点）,0.5777,"{'is_target': True, 'verdict': '参加推奨', 'max_combo_prob': 0.0771, 'est_top_odds': 17.3, 'circle_concentration': 63.1, 'eligible_count': 6, 'bet_adj': 2, 'reason': 'rel_win1=61.4%（本命度） / 最有力組み合わせ確率: 0.077（推定実オッズ?17倍） / 2着集中度: 上位2艇 63.1%（補正+0.00） / 総合判定確率: 0.077 / → ヒモ分散。1号艇1着固定で広めのヒモ流し推奨（買い目+2点）', 'tenji_trigger': '展示確認: ヒモ分散レース。1号艇伸び確認後、広めのヒモ流しを採用。穴ヒモ（5・6号艇）を積極的に含める。\n展示で1号艇スタート超安定(0.121秒)→ヒモ固まり方向に注意'}",,,27.1,逃げ狙い,21.45,22.7,2,,,,,,,,,,,
2025-05-22,丸亀,12,4,鈴木智啓,A2,38.82,4,○,6.9464,15.9,100,47.2,0.1632,3.5566,,,0,低,123,0,ま0%,4 1122,0,37.1,0.9574,0,0,0.08,0,0,0.1849,0.1741,0.0432,,,B,△,○,0.128,0.6485,0.1788,0.7021,S,90,0,◎1着固定 2-3着流し（5〜8点）,0.5777,"{'is_target': True, 'verdict': '参加推奨', 'max_combo_prob': 0.0771, 'est_top_odds': 17.3, 'circle_concentration': 63.1, 'eligible_count': 6, 'bet_adj': 2, 'reason': 'rel_win1=61.4%（本命度） / 最有力組み合わせ確率: 0.077（推定実オッズ?17倍） / 2着集中度: 上位2艇 63.1%（補正+0.00） / 総合判定確率: 0.077 / → ヒモ分散。1号艇1着固定で広めのヒモ流し推奨（買い目+2点）', 'tenji_trigger': '展示確認: ヒモ分散レース。1号艇伸び確認後、広めのヒモ流しを採用。穴ヒモ（5・6号艇）を積極的に含める。\n展示で1号艇スタート超安定(0.121秒)→ヒモ固まり方向に注意'}",,,27.1,逃げ狙い,21.45,22.7,2,,,,,,,,,,,
2025-05-22,丸亀,12,5,桑島和宏,A2,26.67,5,,5.969,18.1,95,60.9,0.1662,3.7029,,,0,低,131,0,差0%,423122,0,29.2,1.8424,0,0.0323,0,0.0968,0,0.0526,0.0105,0.1276,,,D,○,◎,0.149,0.6545,0.2558,0.7021,S,90,0,◎1着固定 2-3着流し（5〜8点）,0.5777,"{'is_target': True, 'verdict': '参加推奨', 'max_combo_prob': 0.0771, 'est_top_odds': 17.3, 'circle_concentration': 63.1, 'eligible_count': 6, 'bet_adj': 2, 'reason': 'rel_win1=61.4%（本命度） / 最有力組み合わせ確率: 0.077（推定実オッズ?17倍） / 2着集中度: 上位2艇 63.1%（補正+0.00） / 総合判定確率: 0.077 / → ヒモ分散。1号艇1着固定で広めのヒモ流し推奨（買い目+2点）', 'tenji_trigger': '展示確認: ヒモ分散レース。1号艇伸び確認後、広めのヒモ流しを採用。穴ヒモ（5・6号艇）を積極的に含める。\n展示で1号艇スタート超安定(0.121秒)→ヒモ固まり方向に注意'}",,,27.1,逃げ狙い,21.45,22.7,2,,,,,,,,,,,
2025-05-22,丸亀,12,6,柳瀬幹太,B1,33.74,6,▲,2.4084,2.9,35,15.2,0.1209,2.6515,,,0,低,70,0,-,333 42,0,28.2,0.8511,,,,,,0.2364,0.1091,0.0364,,,C,△,,0.312,0.638,,0.7021,S,90,0,◎1着固定 2-3着流し（5〜8点）,0.5777,"{'is_target': True, 'verdict': '参加推奨', 'max_combo_prob': 0.0771, 'est_top_odds': 17.3, 'circle_concentration': 63.1, 'eligible_count': 6, 'bet_adj': 2, 'reason': 'rel_win1=61.4%（本命度） / 最有力組み合わせ確率: 0.077（推定実オッズ?17倍） / 2着集中度: 上位2艇 63.1%（補正+0.00） / 総合判定確率: 0.077 / → ヒモ分散。1号艇1着固定で広めのヒモ流し推奨（買い目+2点）', 'tenji_trigger': '展示確認: ヒモ分散レース。1号艇伸び確認後、広めのヒモ流しを採用。穴ヒモ（5・6号艇）を積極的に含める。\n展示で1号艇スタート超安定(0.121秒)→ヒモ固まり方向に注意'}",,,27.1,逃げ狙い,21.45,22.7,2,,,,,,,,,,,
2025-05-27,丸亀,1,1,西橋奈未,A1,36.36,1,◎,49.3096,,0,89.7,0.1213,2.141,,,0,低,34,0,逃0%,,0,77.2,1.1165,0.5,,,,,0.0667,0.2167,0.2167,◎,,D,,,,0.6055,,0.6741,A,72,0,◎-○軸 3着3〜4艇流し（10〜15点）,0.5777,"{'is_target': True, 'verdict': '参加推奨', 'max_combo_prob': 0.0596, 'est_top_odds': 22.4, 'circle_concentration': 69.0, 'eligible_count': 8, 'bet_adj': 2, 'reason': 'rel_win1=49.3%（本命度） / 最有力組み合わせ確率: 0.060（推定実オッズ?22倍） / 2着集中度: 上位2艇 69.0%（補正+0.00） / 総合判定確率: 0.060 / → ヒモ分散。1号艇1着固定で広めのヒモ流し推奨（買い目+2点）', 'tenji_trigger': '展示確認: ヒモ分散レース。1号艇伸び確認後、広めのヒモ流しを採用。穴ヒモ（5・6号艇）を積極的に含める。\n展示で1号艇スタート超安定(0.121秒)→ヒモ固まり方向に注意'}",,,36.3,逃げ狙い,42.95,30.3,3,,,,,0,0,0.7559,0,,逃げ軸流し,A
2025-05-27,丸亀,1,2,浜田亜理,A1,46.53,2,▲,14.0663,45.1,98,64.7,0.1829,3.3529,,,0,低,41,0,差0%,,0,65.8,0.9393,0,0.125,0,0,0,0.2857,0,0.1429,,,A,△,,0.0784,0.6285,,0.6741,A,72,0,◎-○軸 3着3〜4艇流し（10〜15点）,0.5777,"{'is_target': True, 'verdict': '参加推奨', 'max_combo_prob': 0.0596, 'est_top_odds': 22.4, 'circle_concentration': 69.0, 'eligible_count': 8, 'bet_adj': 2, 'reason': 'rel_win1=49.3%（本命度） / 最有力組み合わせ確率: 0.060（推定実オッズ?22倍） / 2着集中度: 上位2艇 69.0%（補正+0.00） / 総合判定確率: 0.060 / → ヒモ分散。1号艇1着固定で広めのヒモ流し推奨（買い目+2点）', 'tenji_trigger': '展示確認: ヒモ分散レース。1号艇伸び確認後、広めのヒモ流しを採用。穴ヒモ（5・6号艇）を積極的に含める。\n展示で1号艇スタート超安定(0.121秒)→ヒモ固まり方向に注意'}",,,36.3,逃げ狙い,42.95,30.3,3,,,,,,,,,,,
2025-05-27,丸亀,1,3,實森美祐,A1,39.24,3,△,16.3348,23.9,87,86.7,0.146,2.9667,,,0,低,24,0,ま1% 抜0%,,0,74.6,1.6223,0,0,0.6667,0,0.1667,0,0.1333,0,,,C,○,,0.3263,0.645,,0.6741,A,72,0,◎-○軸 3着3〜4艇流し（10〜15点）,0.5777,"{'is_target': True, 'verdict': '参加推奨', 'max_combo_prob': 0.0596, 'est_top_odds': 22.4, 'circle_concentration': 69.0, 'eligible_count': 8, 'bet_adj': 2, 'reason': 'rel_win1=49.3%（本命度） / 最有力組み合わせ確率: 0.060（推定実オッズ?22倍） / 2着集中度: 上位2艇 69.0%（補正+0.00） / 総合判定確率: 0.060 / → ヒモ分散。1号艇1着固定で広めのヒモ流し推奨（買い目+2点）', 'tenji_trigger': '展示確認: ヒモ分散レース。1号艇伸び確認後、広めのヒモ流しを採用。穴ヒモ（5・6号艇）を積極的に含める。\n展示で1号艇スタート超安定(0.121秒)→ヒモ固まり方向に注意'}",,,36.3,逃げ狙い,42.95,30.3,3,,,,,,,,,,,
2025-05-27,丸亀,1,4,遠藤エミ,A1,45.03,4,○,13.7224,16.9,89,91.7,0.1575,2.875,,,0,低,24,1,ま0% 抜0%,,0,95.8,1.8219,0,0,0.25,0,0.25,0.1429,0.1429,0.1429,,,B,◎,,0.1917,0.649,,0.6741,A,72,0,◎-○軸 3着3〜4艇流し（10〜15点）,0.5777,"{'is_target': True, 'verdict': '参加推奨', 'max_combo_prob': 0.0596, 'est_top_odds': 22.4, 'circle_concentration': 69.0, 'eligible_count': 8, 'bet_adj': 2, 'reason': 'rel_win1=49.3%（本命度） / 最有力組み合わせ確率: 0.060（推定実オッズ?22倍） / 2着集中度: 上位2艇 69.0%（補正+0.00） / 総合判定確率: 0.060 / → ヒモ分散。1号艇1着固定で広めのヒモ流し推奨（買い目+2点）', 'tenji_trigger': '展示確認: ヒモ分散レース。1号艇伸び確認後、広めのヒモ流しを採用。穴ヒモ（5・6号艇）を積極的に含める。\n展示で1号艇スタート超安定(0.121秒)→ヒモ固まり方向に注意'}",,,36.3,逃げ狙い,42.95,30.3,3,,,,,,,,,,,
2025-05-27,丸亀,1,5,川井　萌,A1,39.77,5,,5.7719,9.6,100,42.9,0.1886,3.881,,,0,低,50,0,-,,0,34.5,1.3567,0,0,0,0.2,0,0,0.5,0,,,C,,,0.14,0.6045,,0.6741,A,72,0,◎-○軸 3着3〜4艇流し（10〜15点）,0.5777,"{'is_target': True, 'verdict': '参加推奨', 'max_combo_prob': 0.0596, 'est_top_odds': 22.4, 'circle_concentration': 69.0, 'eligible_count': 8, 'bet_adj': 2, 'reason': 'rel_win1=49.3%（本命度） / 最有力組み合わせ確率: 0.060（推定実オッズ?22倍） / 2着集中度: 上位2艇 69.0%（補正+0.00） / 総合判定確率: 0.060 / → ヒモ分散。1号艇1着固定で広めのヒモ流し推奨（買い目+2点）', 'tenji_trigger': '展示確認: ヒモ分散レース。1号艇伸び確認後、広めのヒモ流しを採用。穴ヒモ（5・6号艇）を積極的に含める。\n展示で1号艇スタート超安定(0.121秒)→ヒモ固まり方向に注意'}",,,36.3,逃げ狙い,42.95,30.3,3,,,,,,,,,,,
2025-05-27,丸亀,1,6,平高奈菜,A1,34.39,6,,0.795,4.5,97,52,0.1876,4.44,,,0,低,46,0,-,,0,30.9,0.6325,,,,,,0.2,0,0.1333,,,E,△,,0.1338,0.6215,,0.6741,A,72,0,◎-○軸 3着3〜4艇流し（10〜15点）,0.5777,"{'is_target': True, 'verdict': '参加推奨', 'max_combo_prob': 0.0596, 'est_top_odds': 22.4, 'circle_concentration': 69.0, 'eligible_count': 8, 'bet_adj': 2, 'reason': 'rel_win1=49.3%（本命度） / 最有力組み合わせ確率: 0.060（推定実オッズ?22倍） / 2着集中度: 上位2艇 69.0%（補正+0.00） / 総合判定確率: 0.060 / → ヒモ分散。1号艇1着固定で広めのヒモ流し推奨（買い目+2点）', 'tenji_trigger': '展示確認: ヒモ分散レース。1号艇伸び確認後、広めのヒモ流しを採用。穴ヒモ（5・6号艇）を積極的に含める。\n展示で1号艇スタート超安定(0.121秒)→ヒモ固まり方向に注意'}",,,36.3,逃げ狙い,42.95,30.3,3,,,,,,,,,,,
2025-05-27,丸亀,2,1,上條暢嵩,A1,30.54,1,◎,43.7462,,0,95.8,0.1492,4.2292,,,0,低,12,0,逃1%,,0,74.2,1.1578,1,,,,,,,,◎,,C,◎,,,0.7115,,0.4959,S,80,0,◎1着固定 2-3着流し（5〜8点）,0.5777,"{'is_target': False, 'verdict': '対象外', 'max_combo_prob': None, 'est_top_odds': None, 'circle_concentration': None, 'eligible_count': 0, 'bet_adj': 0, 'reason': '1号艇rel_win1 < 45%: 通常判定に委ねる', 'tenji_trigger': ''}",,,31.1,逃げ狙い,37.72,20.1,2,,,,,0,0,0.7559,0,,逃げ軸流し,A
2025-05-27,丸亀,2,2,菅　章哉,A1,29.01,2,,19.078,35.9,100,93.1,0.1817,3.4483,,,0,低,72,0,ま1%,,0,78.4,1.5166,0,0,0.6,0,0,0,0,0.0444,,,D,,,0.1465,0.5965,,0.4959,S,80,0,◎1着固定 2-3着流し（5〜8点）,0.5777,"{'is_target': False, 'verdict': '対象外', 'max_combo_prob': None, 'est_top_odds': None, 'circle_concentration': None, 'eligible_count': 0, 'bet_adj': 0, 'reason': '1号艇rel_win1 < 45%: 通常判定に委ねる', 'tenji_trigger': ''}",,,31.1,逃げ狙い,37.72,20.1,2,,,,,,,,,,,
2025-05-27,丸亀,2,3,篠崎仁志,A1,39.18,3,○,18.2918,31.4,86,92.9,0.1386,2.6786,,,0,低,29,0,ま0% 差ま0%,,0,76.5,1.7683,0,0,0.2,0.1,0,0.0952,0,0,,◎,B,○,,0.3678,0.7005,,0.4959,S,80,0,◎1着固定 2-3着流し（5〜8点）,0.5777,"{'is_target': False, 'verdict': '対象外', 'max_combo_prob': None, 'est_top_odds': None, 'circle_concentration': None, 'eligible_count': 0, 'bet_adj': 0, 'reason': '1号艇rel_win1 < 45%: 通常判定に委ねる', 'tenji_trigger': ''}",,,31.1,逃げ狙い,37.72,20.1,2,,,,,,,,,,,
2025-05-27,丸亀,2,4,平山智加,A1,29.11,4,,9.3293,16.4,89,72.7,0.1382,3.1136,,,0,低,46,0,-,,0,30.4,0.9055,0,0.125,0.125,0,0,0,0.1818,0.1818,,,D,△,,0.3532,0.651,,0.4959,S,80,0,◎1着固定 2-3着流し（5〜8点）,0.5777,"{'is_target': False, 'verdict': '対象外', 'max_combo_prob': None, 'est_top_odds': None, 'circle_concentration': None, 'eligible_count': 0, 'bet_adj': 0, 'reason': '1号艇rel_win1 < 45%: 通常判定に委ねる', 'tenji_trigger': ''}",,,31.1,逃げ狙い,37.72,20.1,2,,,,,,,,,,,
2025-05-27,丸亀,2,5,今垣光太,A1,33.55,5,△,8.1077,13.5,63,57.1,0.1648,3.2143,,,0,低,52,0,ま0% 差ま0% 抜0%,,0,64.9,1.6405,0,0,0.1111,0.1111,0.1111,0.0769,0,0,,,C,,,0.2623,0.58,,0.4959,S,80,0,◎1着固定 2-3着流し（5〜8点）,0.5777,"{'is_target': False, 'verdict': '対象外', 'max_combo_prob': None, 'est_top_odds': None, 'circle_concentration': None, 'eligible_count': 0, 'bet_adj': 0, 'reason': '1号艇rel_win1 < 45%: 通常判定に委ねる', 'tenji_trigger': ''}",,,31.1,逃げ狙い,37.72,20.1,2,,,,,,,,,,,
2025-05-27,丸亀,2,6,宮地元輝,A1,35.50,6,▲,1.447,2.8,52,75,0.135,1.375,,,0,低,13,1,-,,0,100,2.7117,,,,,,0,0,0.1667,,,B,△,,0.3549,0.6895,,0.4959,S,80,0,◎1着固定 2-3着流し（5〜8点）,0.5777,"{'is_target': False, 'verdict': '対象外', 'max_combo_prob': None, 'est_top_odds': None, 'circle_concentration': None, 'eligible_count': 0, 'bet_adj': 0, 'reason': '1号艇rel_win1 < 45%: 通常判定に委ねる', 'tenji_trigger': ''}",,,31.1,逃げ狙い,37.72,20.1,2,,,,,,,,,,,
2025-05-27,丸亀,3,1,河合佑樹,A1,39.88,1,◎,47.7233,,0,84.6,0.1377,2.3974,,,0,低,30,0,逃1%,,0,65.1,1.0576,0.7333,,,,,0.08,0,0,◎,,B,◎,,,0.6775,,0.5778,A,78,0,◎-○軸 3着3〜4艇流し（10〜15点）,0.5777,"{'is_target': True, 'verdict': '参加推奨', 'max_combo_prob': 0.0717, 'est_top_odds': 18.6, 'circle_concentration': 74.2, 'eligible_count': 8, 'bet_adj': 2, 'reason': 'rel_win1=47.7%（本命度） / 最有力組み合わせ確率: 0.072（推定実オッズ?19倍） / 2着集中度: 上位2艇 74.2%（補正+0.04） / 総合判定確率: 0.112 / → ヒモ分散。1号艇1着固定で広めのヒモ流し推奨（買い目+2点）', 'tenji_trigger': '展示確認: ヒモ分散レース。1号艇伸び確認後、広めのヒモ流しを採用。穴ヒモ（5・6号艇）を積極的に含める。\n展示で1号艇スタート超安定(0.138秒)→ヒモ固まり方向に注意'}",,,30.3,逃げ狙い,31.22,23.2,4,,,,,0,0,0.7559,0,,逃げ軸流し,A
2025-05-27,丸亀,3,2,定松勇樹,A1,35.37,2,▲,13.8954,53.2,65,93.8,0.1363,2.6562,,,0,低,27,0,差0% ま0%,,0,67.4,1.4662,0,0.125,0.25,0,0,0.0714,0.1429,0.1429,,,C,,,0.3587,0.6185,,0.5778,A,78,0,◎-○軸 3着3〜4艇流し（10〜15点）,0.5777,"{'is_target': True, 'verdict': '参加推奨', 'max_combo_prob': 0.0717, 'est_top_odds': 18.6, 'circle_concentration': 74.2, 'eligible_count': 8, 'bet_adj': 2, 'reason': 'rel_win1=47.7%（本命度） / 最有力組み合わせ確率: 0.072（推定実オッズ?19倍） / 2着集中度: 上位2艇 74.2%（補正+0.04） / 総合判定確率: 0.112 / → ヒモ分散。1号艇1着固定で広めのヒモ流し推奨（買い目+2点）', 'tenji_trigger': '展示確認: ヒモ分散レース。1号艇伸び確認後、広めのヒモ流しを採用。穴ヒモ（5・6号艇）を積極的に含める。\n展示で1号艇スタート超安定(0.138秒)→ヒモ固まり方向に注意'}",,,30.3,逃げ狙い,31.22,23.2,4,,,,,,,,,,,
2025-05-27,丸亀,3,3,中村日向,A1,33.13,3,△,14.9693,21,100,67.9,0.1311,2.6786,,,0,低,40,0,-,,0,31.7,1.0619,0,0,0.1429,0.2143,0,0.1538,0.0769,0,,△,D,△,,0.3666,0.645,,0.5778,A,78,0,◎-○軸 3着3〜4艇流し（10〜15点）,0.5777,"{'is_target': True, 'verdict': '参加推奨', 'max_combo_prob': 0.0717, 'est_top_odds': 18.6, 'circle_concentration': 74.2, 'eligible_count': 8, 'bet_adj': 2, 'reason': 'rel_win1=47.7%（本命度） / 最有力組み合わせ確率: 0.072（推定実オッズ?19倍） / 2着集中度: 上位2艇 74.2%（補正+0.04） / 総合判定確率: 0.112 / → ヒモ分散。1号艇1着固定で広めのヒモ流し推奨（買い目+2点）', 'tenji_trigger': '展示確認: ヒモ分散レース。1号艇伸び確認後、広めのヒモ流しを採用。穴ヒモ（5・6号艇）を積極的に含める。\n展示で1号艇スタート超安定(0.138秒)→ヒモ固まり方向に注意'}",,,30.3,逃げ狙い,31.22,23.2,4,,,,,,,,,,,
2025-05-27,丸亀,3,4,関　浩哉,A1,40.13,4,○,17.0349,16.7,90,87.5,0.1531,3.5312,,,0,低,34,0,ま0%,,0,98,1.9049,0,0,0.5,0,0,,,,,,B,△,◎,0.3668,0.6435,0.3172,0.5778,A,78,0,◎-○軸 3着3〜4艇流し（10〜15点）,0.5777,"{'is_target': True, 'verdict': '参加推奨', 'max_combo_prob': 0.0717, 'est_top_odds': 18.6, 'circle_concentration': 74.2, 'eligible_count': 8, 'bet_adj': 2, 'reason': 'rel_win1=47.7%（本命度） / 最有力組み合わせ確率: 0.072（推定実オッズ?19倍） / 2着集中度: 上位2艇 74.2%（補正+0.04） / 総合判定確率: 0.112 / → ヒモ分散。1号艇1着固定で広めのヒモ流し推奨（買い目+2点）', 'tenji_trigger': '展示確認: ヒモ分散レース。1号艇伸び確認後、広めのヒモ流しを採用。穴ヒモ（5・6号艇）を積極的に含める。\n展示で1号艇スタート超安定(0.138秒)→ヒモ固まり方向に注意'}",,,30.3,逃げ狙い,31.22,23.2,4,,,,,,,,,,,
2025-05-27,丸亀,3,5,松井　繁,A1,31.48,5,,5.5074,8.3,75,50,0.115,3.75,,,0,低,24,1,-,,0,61.9,1.3757,,,,,,0.0714,0.2143,0,,,E,○,,0.3672,0.6505,,0.5778,A,78,0,◎-○軸 3着3〜4艇流し（10〜15点）,0.5777,"{'is_target': True, 'verdict': '参加推奨', 'max_combo_prob': 0.0717, 'est_top_odds': 18.6, 'circle_concentration': 74.2, 'eligible_count': 8, 'bet_adj': 2, 'reason': 'rel_win1=47.7%（本命度） / 最有力組み合わせ確率: 0.072（推定実オッズ?19倍） / 2着集中度: 上位2艇 74.2%（補正+0.04） / 総合判定確率: 0.112 / → ヒモ分散。1号艇1着固定で広めのヒモ流し推奨（買い目+2点）', 'tenji_trigger': '展示確認: ヒモ分散レース。1号艇伸び確認後、広めのヒモ流しを採用。穴ヒモ（5・6号艇）を積極的に含める。\n展示で1号艇スタート超安定(0.138秒)→ヒモ固まり方向に注意'}",,,30.3,逃げ狙い,31.22,23.2,4,,,,,,,,,,,
2025-05-27,丸亀,3,6,清水愛海,A1,37.80,6,,0.8697,0.8,89,35.3,0.1865,4.0147,,,0,低,73,0,-,,0,56.6,1.3958,,,,,,0.0909,0.1818,0,,,C,,,0.1547,0.634,,0.5778,A,78,0,◎-○軸 3着3〜4艇流し（10〜15点）,0.5777,"{'is_target': True, 'verdict': '参加推奨', 'max_combo_prob': 0.0717, 'est_top_odds': 18.6, 'circle_concentration': 74.2, 'eligible_count': 8, 'bet_adj': 2, 'reason': 'rel_win1=47.7%（本命度） / 最有力組み合わせ確率: 0.072（推定実オッズ?19倍） / 2着集中度: 上位2艇 74.2%（補正+0.04） / 総合判定確率: 0.112 / → ヒモ分散。1号艇1着固定で広めのヒモ流し推奨（買い目+2点）', 'tenji_trigger': '展示確認: ヒモ分散レース。1号艇伸び確認後、広めのヒモ流しを採用。穴ヒモ（5・6号艇）を積極的に含める。\n展示で1号艇スタート超安定(0.138秒)→ヒモ固まり方向に注意'}",,,30.3,逃げ狙い,31.22,23.2,4,,,,,,,,,,,
2025-05-27,丸亀,4,1,佐藤　翼,A1,45.91,1,◎,38.4908,,0,100,0.1271,2.9118,,,0,低,13,0,逃1%,,0,76.4,1.1809,0.7143,,,,,0,0.1429,0.1429,◎⚠️,,A,△,,,0.711,,0.5684,S,80,0,◎1着固定 2-3着流し（5〜8点）,0.5777,"{'is_target': False, 'verdict': '対象外', 'max_combo_prob': None, 'est_top_odds': None, 'circle_concentration': None, 'eligible_count': 0, 'bet_adj': 0, 'reason': '1号艇rel_win1 < 45%: 通常判定に委ねる', 'tenji_trigger': ''}",,,35.2,逃げ狙い,45.46,25.1,4,4-5-6|4-6-5|4-5-1|4-3-5|4-3-6|4-5-2|4-6-1|4-1-3|4-1-2|4-1-5|1-2-4|1-2-5,4-5-6|4-6-5|4-5-1|4-3-5|4-3-6|4-5-2|4-6-1|4-1-3|4-1-2|4-1-5|1-2-4|1-2-5,4-5-6:2.22%|4-6-5:1.05%|4-5-1:0.79%|4-3-5:0.75%|4-3-6:0.75%|4-5-2:0.6%|4-6-1:0.37%|4-1-3:14.27%|4-1-2:12.18%|4-1-5:11.15%|1-2-4:7.85%|1-2-5:6.54%,4-5-6:B_main|4-6-5:B_main|4-5-1:B_main|4-3-5:B_main|4-3-6:B_main|4-5-2:B_main|4-6-1:B_main|4-1-3:B_sc|4-1-2:B_sc|4-1-5:B_sc|1-2-4:A|1-2-5:A,12,12,0.4535,1,[!]見送り推奨（主役決まり手「まくり」― 逃げ劣勢レースで的中実績なし）,主役軸流し,B
2025-05-27,丸亀,4,2,上野真之,A1,35.98,2,△,15.7888,43.1,56,84,0.1304,2.74,,,0,低,15,0,差0% ま0% 抜0%,,0,100,1.3519,0,0.1,0.2,0,0.1,0,0,0.1333,,,C,○,,0.3023,0.812,,0.5684,S,80,0,◎1着固定 2-3着流し（5〜8点）,0.5777,"{'is_target': False, 'verdict': '対象外', 'max_combo_prob': None, 'est_top_odds': None, 'circle_concentration': None, 'eligible_count': 0, 'bet_adj': 0, 'reason': '1号艇rel_win1 < 45%: 通常判定に委ねる', 'tenji_trigger': ''}",,,35.2,逃げ狙い,45.46,25.1,4,,,,,,,,,,,
2025-05-27,丸亀,4,3,白井英治,A1,34.10,3,,11.2929,18.8,82,88.9,0.1567,3.5278,,,0,低,29,0,ま0%,,0,59.8,1.496,0,0,0.1429,0,0,0.0588,0.1765,0.0588,,,D,,,0.1593,0.659,,0.5684,S,80,0,◎1着固定 2-3着流し（5〜8点）,0.5777,"{'is_target': False, 'verdict': '対象外', 'max_combo_prob': None, 'est_top_odds': None, 'circle_concentration': None, 'eligible_count': 0, 'bet_adj': 0, 'reason': '1号艇rel_win1 < 45%: 通常判定に委ねる', 'tenji_trigger': ''}",,,35.2,逃げ狙い,45.46,25.1,4,,,,,,,,,,,
2025-05-27,丸亀,4,4,山崎　郡,A1,38.55,4,○,18.0261,21.7,54,78.8,0.1261,2.2273,,,0,低,34,0,差0% ま0% 差ま0%,,0,90.5,1.8289,0,0.0667,0.2667,0.1333,0,0,0.0417,0.0417,,,C,△,◎,0.3554,0.6985,0.4113,0.5684,S,80,0,◎1着固定 2-3着流し（5〜8点）,0.5777,"{'is_target': False, 'verdict': '対象外', 'max_combo_prob': None, 'est_top_odds': None, 'circle_concentration': None, 'eligible_count': 0, 'bet_adj': 0, 'reason': '1号艇rel_win1 < 45%: 通常判定に委ねる', 'tenji_trigger': ''}",,,35.2,逃げ狙い,45.46,25.1,4,,,,,,,,,,,
2025-05-27,丸亀,4,5,椎名　豊,A1,41.61,5,▲,13.6168,15,51,65.5,0.1272,1.931,,,0,低,42,0,ま0% 差ま0% 抜0%,,0,58.8,2.0476,0,0,0.0625,0.0625,0.0625,0.1382,0,0.0364,,,B,,○,0.2883,0.664,0.3105,0.5684,S,80,0,◎1着固定 2-3着流し（5〜8点）,0.5777,"{'is_target': False, 'verdict': '対象外', 'max_combo_prob': None, 'est_top_odds': None, 'circle_concentration': None, 'eligible_count': 0, 'bet_adj': 0, 'reason': '1号艇rel_win1 < 45%: 通常判定に委ねる', 'tenji_trigger': ''}",,,35.2,逃げ狙い,45.46,25.1,4,,,,,,,,,,,
2025-05-27,丸亀,4,6,片岡雅裕,A1,29.19,6,,2.7845,1.3,100,72.2,0.1272,2.6389,,,0,低,5,0,-,,0,34.7,0.945,,,,,,0.0286,0,0.3571,,,E,◎,,0.3117,0.8292,,0.5684,S,80,0,◎1着固定 2-3着流し（5〜8点）,0.5777,"{'is_target': False, 'verdict': '対象外', 'max_combo_prob': None, 'est_top_odds': None, 'circle_concentration': None, 'eligible_count': 0, 'bet_adj': 0, 'reason': '1号艇rel_win1 < 45%: 通常判定に委ねる', 'tenji_trigger': ''}",,,35.2,逃げ狙い,45.46,25.1,4,,,,,,,,,,,
2025-05-27,丸亀,5,1,島村隆幸,A1,31.41,1,◎,52.926,,0,97.1,0.1318,2.3824,,,0,低,37,0,逃1%,,0,76.9,1.2068,0.75,,,,,0.05,0.05,0.1,◎,,D,△,,,0.6615,,0.6375,S,100,0,◎1着固定 2-3着流し（5〜8点）,0.5777,"{'is_target': True, 'verdict': '参加推奨', 'max_combo_prob': 0.0665, 'est_top_odds': 20.1, 'circle_concentration': 68.7, 'eligible_count': 6, 'bet_adj': 2, 'reason': 'rel_win1=52.9%（本命度） / 最有力組み合わせ確率: 0.066（推定実オッズ?20倍） / 2着集中度: 上位2艇 68.7%（補正+0.00） / 総合判定確率: 0.066 / → ヒモ分散。1号艇1着固定で広めのヒモ流し推奨（買い目+2点）', 'tenji_trigger': '展示確認: ヒモ分散レース。1号艇伸び確認後、広めのヒモ流しを採用。穴ヒモ（5・6号艇）を積極的に含める。\n展示で1号艇スタート超安定(0.132秒)→ヒモ固まり方向に注意'}",,,29.1,逃げ狙い,25.8,24.6,2,,,,,0,0,0.7559,0,,逃げ軸流し,A
2025-05-27,丸亀,5,2,前田将太,A1,36.94,2,△,14.7661,39.7,100,89.3,0.1643,3.0714,,,0,低,42,0,ま0%,,0,57.8,1.4136,0,0,0.0769,0,0,0.0476,0.0952,0.0476,,,C,◎,,0.0602,0.6935,,0.6375,S,100,0,◎1着固定 2-3着流し（5〜8点）,0.5777,"{'is_target': True, 'verdict': '参加推奨', 'max_combo_prob': 0.0665, 'est_top_odds': 20.1, 'circle_concentration': 68.7, 'eligible_count': 6, 'bet_adj': 2, 'reason': 'rel_win1=52.9%（本命度） / 最有力組み合わせ確率: 0.066（推定実オッズ?20倍） / 2着集中度: 上位2艇 68.7%（補正+0.00） / 総合判定確率: 0.066 / → ヒモ分散。1号艇1着固定で広めのヒモ流し推奨（買い目+2点）', 'tenji_trigger': '展示確認: ヒモ分散レース。1号艇伸び確認後、広めのヒモ流しを採用。穴ヒモ（5・6号艇）を積極的に含める。\n展示で1号艇スタート超安定(0.132秒)→ヒモ固まり方向に注意'}",,,29.1,逃げ狙い,25.8,24.6,2,,,,,,,,,,,
2025-05-27,丸亀,5,3,土屋智則,A1,42.11,3,▲,9.1896,19.6,93,70.6,0.1735,3.6176,,,0,低,34,0,-,,0,100,1.2152,,,,,,0.1235,0.1235,0.1471,,,B,,,0.1379,0.627,,0.6375,S,100,0,◎1着固定 2-3着流し（5〜8点）,0.5777,"{'is_target': True, 'verdict': '参加推奨', 'max_combo_prob': 0.0665, 'est_top_odds': 20.1, 'circle_concentration': 68.7, 'eligible_count': 6, 'bet_adj': 2, 'reason': 'rel_win1=52.9%（本命度） / 最有力組み合わせ確率: 0.066（推定実オッズ?20倍） / 2着集中度: 上位2艇 68.7%（補正+0.00） / 総合判定確率: 0.066 / → ヒモ分散。1号艇1着固定で広めのヒモ流し推奨（買い目+2点）', 'tenji_trigger': '展示確認: ヒモ分散レース。1号艇伸び確認後、広めのヒモ流しを採用。穴ヒモ（5・6号艇）を積極的に含める。\n展示で1号艇スタート超安定(0.132秒)→ヒモ固まり方向に注意'}",,,29.1,逃げ狙い,25.8,24.6,2,,,,,,,,,,,
2025-05-27,丸亀,5,4,平本真之,A1,32.37,4,○,15.1175,29,68,79.2,0.1075,2.5208,,,0,低,16,0,ま0% 差ま0% 抜0%,,0,82.7,1.733,0,0,0.1111,0.1111,0.1111,0.1333,0.0667,0.1333,,◎,D,△,◎,0.4067,0.6785,0.5139,0.6375,S,100,0,◎1着固定 2-3着流し（5〜8点）,0.5777,"{'is_target': True, 'verdict': '参加推奨', 'max_combo_prob': 0.0665, 'est_top_odds': 20.1, 'circle_concentration': 68.7, 'eligible_count': 6, 'bet_adj': 2, 'reason': 'rel_win1=52.9%（本命度） / 最有力組み合わせ確率: 0.066（推定実オッズ?20倍） / 2着集中度: 上位2艇 68.7%（補正+0.00） / 総合判定確率: 0.066 / → ヒモ分散。1号艇1着固定で広めのヒモ流し推奨（買い目+2点）', 'tenji_trigger': '展示確認: ヒモ分散レース。1号艇伸び確認後、広めのヒモ流しを採用。穴ヒモ（5・6号艇）を積極的に含める。\n展示で1号艇スタート超安定(0.132秒)→ヒモ固まり方向に注意'}",,,29.1,逃げ狙い,25.8,24.6,2,,,,,,,,,,,
2025-05-27,丸亀,5,5,石野貴之,A1,41.61,5,,3.8893,10.2,66,45.5,0.1932,3.75,,,0,低,40,0,-,,0,44.9,1.2533,,,,,,0,0.1176,0,,,B,,,0.1347,0.5965,,0.6375,S,100,0,◎1着固定 2-3着流し（5〜8点）,0.5777,"{'is_target': True, 'verdict': '参加推奨', 'max_combo_prob': 0.0665, 'est_top_odds': 20.1, 'circle_concentration': 68.7, 'eligible_count': 6, 'bet_adj': 2, 'reason': 'rel_win1=52.9%（本命度） / 最有力組み合わせ確率: 0.066（推定実オッズ?20倍） / 2着集中度: 上位2艇 68.7%（補正+0.00） / 総合判定確率: 0.066 / → ヒモ分散。1号艇1着固定で広めのヒモ流し推奨（買い目+2点）', 'tenji_trigger': '展示確認: ヒモ分散レース。1号艇伸び確認後、広めのヒモ流しを採用。穴ヒモ（5・6号艇）を積極的に含める。\n展示で1号艇スタート超安定(0.132秒)→ヒモ固まり方向に注意'}",,,29.1,逃げ狙い,25.8,24.6,2,,,,,,,,,,,
2025-05-27,丸亀,5,6,末永和也,A1,27.81,6,,4.1116,1.5,67,55,0.1595,3.175,,,0,低,16,0,-,,0,34.6,2.1767,,,,,,0,0.1,0,,,E,○,,0.2219,0.679,,0.6375,S,100,0,◎1着固定 2-3着流し（5〜8点）,0.5777,"{'is_target': True, 'verdict': '参加推奨', 'max_combo_prob': 0.0665, 'est_top_odds': 20.1, 'circle_concentration': 68.7, 'eligible_count': 6, 'bet_adj': 2, 'reason': 'rel_win1=52.9%（本命度） / 最有力組み合わせ確率: 0.066（推定実オッズ?20倍） / 2着集中度: 上位2艇 68.7%（補正+0.00） / 総合判定確率: 0.066 / → ヒモ分散。1号艇1着固定で広めのヒモ流し推奨（買い目+2点）', 'tenji_trigger': '展示確認: ヒモ分散レース。1号艇伸び確認後、広めのヒモ流しを採用。穴ヒモ（5・6号艇）を積極的に含める。\n展示で1号艇スタート超安定(0.132秒)→ヒモ固まり方向に注意'}",,,29.1,逃げ狙い,25.8,24.6,2,,,,,,,,,,,
2025-05-27,丸亀,6,1,吉田拡郎,A1,28.86,1,◎,51.764,,0,96.4,0.1089,2.0714,,,0,低,10,0,逃1%,,0,77.9,1.195,0.8182,,,,,0.0909,0,0,◎,,E,◎,,,0.81,,0.801,A,68,0,◎-○軸 3着3〜4艇流し（10〜15点）,0.5777,"{'is_target': True, 'verdict': '参加推奨', 'max_combo_prob': 0.0451, 'est_top_odds': 29.6, 'circle_concentration': 59.4, 'eligible_count': 8, 'bet_adj': 2, 'reason': 'rel_win1=51.8%（本命度） / 最有力組み合わせ確率: 0.045（推定実オッズ?30倍） / 2着集中度: 上位2艇 59.4%（補正+0.00） / 総合判定確率: 0.045 / → ヒモ分散。1号艇1着固定で広めのヒモ流し推奨（買い目+2点）', 'tenji_trigger': '展示確認: ヒモ分散レース。1号艇伸び確認後、広めのヒモ流しを採用。穴ヒモ（5・6号艇）を積極的に含める。\n展示で1号艇スタート超安定(0.109秒)→ヒモ固まり方向に注意'}",,,34.3,逃げ狙い,45.87,22.3,2,,,,,0,0,0.7559,0,,逃げ軸流し,A
2025-05-27,丸亀,6,2,磯部　誠,A1,37.91,2,○,15.6721,31.5,100,77.8,0.1433,2.5556,,,0,低,9,1,差0%,,0,100,1.2641,0,0.2,0,0,0,,,,,,C,○,,0.097,0.715,,0.801,A,68,0,◎-○軸 3着3〜4艇流し（10〜15点）,0.5777,"{'is_target': True, 'verdict': '参加推奨', 'max_combo_prob': 0.0451, 'est_top_odds': 29.6, 'circle_concentration': 59.4, 'eligible_count': 8, 'bet_adj': 2, 'reason': 'rel_win1=51.8%（本命度） / 最有力組み合わせ確率: 0.045（推定実オッズ?30倍） / 2着集中度: 上位2艇 59.4%（補正+0.00） / 総合判定確率: 0.045 / → ヒモ分散。1号艇1着固定で広めのヒモ流し推奨（買い目+2点）', 'tenji_trigger': '展示確認: ヒモ分散レース。1号艇伸び確認後、広めのヒモ流しを採用。穴ヒモ（5・6号艇）を積極的に含める。\n展示で1号艇スタート超安定(0.109秒)→ヒモ固まり方向に注意'}",,,34.3,逃げ狙い,45.87,22.3,2,,,,,,,,,,,
2025-05-27,丸亀,6,3,川井　萌,A1,39.77,3,△,8.9167,21.6,69,56,0.1528,3.3,,,0,低,50,0,-,,0,30.1,0.9988,,,,,,0,0.5,0,,,B,,,0.1318,0.6045,,0.801,A,68,0,◎-○軸 3着3〜4艇流し（10〜15点）,0.5777,"{'is_target': True, 'verdict': '参加推奨', 'max_combo_prob': 0.0451, 'est_top_odds': 29.6, 'circle_concentration': 59.4, 'eligible_count': 8, 'bet_adj': 2, 'reason': 'rel_win1=51.8%（本命度） / 最有力組み合わせ確率: 0.045（推定実オッズ?30倍） / 2着集中度: 上位2艇 59.4%（補正+0.00） / 総合判定確率: 0.045 / → ヒモ分散。1号艇1着固定で広めのヒモ流し推奨（買い目+2点）', 'tenji_trigger': '展示確認: ヒモ分散レース。1号艇伸び確認後、広めのヒモ流しを採用。穴ヒモ（5・6号艇）を積極的に含める。\n展示で1号艇スタート超安定(0.109秒)→ヒモ固まり方向に注意'}",,,34.3,逃げ狙い,45.87,22.3,2,,,,,,,,,,,
2025-05-27,丸亀,6,4,桐生順平,A1,44.44,4,▲,11.2377,27.9,91,100,0.1662,3.1154,,,0,低,20,1,差0% ま0%,,0,90.6,1.83,0,0.1667,0.1667,0,0,0.125,0.25,0.125,,,A,△,◎,0.1517,0.7,0.3963,0.801,A,68,0,◎-○軸 3着3〜4艇流し（10〜15点）,0.5777,"{'is_target': True, 'verdict': '参加推奨', 'max_combo_prob': 0.0451, 'est_top_odds': 29.6, 'circle_concentration': 59.4, 'eligible_count': 8, 'bet_adj': 2, 'reason': 'rel_win1=51.8%（本命度） / 最有力組み合わせ確率: 0.045（推定実オッズ?30倍） / 2着集中度: 上位2艇 59.4%（補正+0.00） / 総合判定確率: 0.045 / → ヒモ分散。1号艇1着固定で広めのヒモ流し推奨（買い目+2点）', 'tenji_trigger': '展示確認: ヒモ分散レース。1号艇伸び確認後、広めのヒモ流しを採用。穴ヒモ（5・6号艇）を積極的に含める。\n展示で1号艇スタート超安定(0.109秒)→ヒモ固まり方向に注意'}",,,34.3,逃げ狙い,45.87,22.3,2,,,,,,,,,,,
2025-05-27,丸亀,6,5,羽野直也,A1,30.54,5,,8.7127,12.6,99,75,0.1467,3.2917,,,0,低,17,1,ま0% 差ま0%,,0,100,2.036,0,0,0.1111,0.1111,0,0.0769,0.1538,0.0769,,,D,△,,0.1899,0.681,,0.801,A,68,0,◎-○軸 3着3〜4艇流し（10〜15点）,0.5777,"{'is_target': True, 'verdict': '参加推奨', 'max_combo_prob': 0.0451, 'est_top_odds': 29.6, 'circle_concentration': 59.4, 'eligible_count': 8, 'bet_adj': 2, 'reason': 'rel_win1=51.8%（本命度） / 最有力組み合わせ確率: 0.045（推定実オッズ?30倍） / 2着集中度: 上位2艇 59.4%（補正+0.00） / 総合判定確率: 0.045 / → ヒモ分散。1号艇1着固定で広めのヒモ流し推奨（買い目+2点）', 'tenji_trigger': '展示確認: ヒモ分散レース。1号艇伸び確認後、広めのヒモ流しを採用。穴ヒモ（5・6号艇）を積極的に含める。\n展示で1号艇スタート超安定(0.109秒)→ヒモ固まり方向に注意'}",,,34.3,逃げ狙い,45.87,22.3,2,,,,,,,,,,,
2025-05-27,丸亀,6,6,丸野一樹,A1,30.43,6,,3.6968,6.4,99,64.7,0.1635,4.3824,,,0,低,31,0,抜0%,,0,53.2,2.4008,0,0,0,0,0.2,0,0.1111,0,,,D,,,0.136,0.6595,,0.801,A,68,0,◎-○軸 3着3〜4艇流し（10〜15点）,0.5777,"{'is_target': True, 'verdict': '参加推奨', 'max_combo_prob': 0.0451, 'est_top_odds': 29.6, 'circle_concentration': 59.4, 'eligible_count': 8, 'bet_adj': 2, 'reason': 'rel_win1=51.8%（本命度） / 最有力組み合わせ確率: 0.045（推定実オッズ?30倍） / 2着集中度: 上位2艇 59.4%（補正+0.00） / 総合判定確率: 0.045 / → ヒモ分散。1号艇1着固定で広めのヒモ流し推奨（買い目+2点）', 'tenji_trigger': '展示確認: ヒモ分散レース。1号艇伸び確認後、広めのヒモ流しを採用。穴ヒモ（5・6号艇）を積極的に含める。\n展示で1号艇スタート超安定(0.109秒)→ヒモ固まり方向に注意'}",,,34.3,逃げ狙い,45.87,22.3,2,,,,,,,,,,,
2025-05-27,丸亀,7,1,深谷知博,A1,27.54,1,◎,49.185,,0,95,0.0965,2.325,,,0,低,10,0,逃1%,,0,77.6,1.1706,0.7778,,,,,0,0,0.1111,◎,,D,△,,,0.6545,,0.7155,S,94,0,◎1着固定 2-3着流し（5〜8点）,0.5777,"{'is_target': True, 'verdict': '参加推奨', 'max_combo_prob': 0.0729, 'est_top_odds': 18.3, 'circle_concentration': 71.6, 'eligible_count': 6, 'bet_adj': 2, 'reason': 'rel_win1=49.2%（本命度） / 最有力組み合わせ確率: 0.073（推定実オッズ?18倍） / 2着集中度: 上位2艇 71.6%（補正+0.04） / 総合判定確率: 0.113 / → ヒモ分散。1号艇1着固定で広めのヒモ流し推奨（買い目+2点）', 'tenji_trigger': '展示確認: ヒモ分散レース。1号艇伸び確認後、広めのヒモ流しを採用。穴ヒモ（5・6号艇）を積極的に含める。\n展示で1号艇スタート超安定(0.097秒)→ヒモ固まり方向に注意'}",,,31.3,逃げ狙い,37.51,20.9,5,,,,,0,0,0.7559,0,,逃げ軸流し,A
2025-05-27,丸亀,7,2,篠崎元志,A1,38.61,2,○,15.8439,47,72,73.3,0.1387,2.7667,,,0,低,22,0,差0% ま0%,,0,53.2,1.2036,0,0.1667,0.1667,0,0,0,0.0667,0.1333,,,B,△,,0.0913,0.662,,0.7155,S,94,0,◎1着固定 2-3着流し（5〜8点）,0.5777,"{'is_target': True, 'verdict': '参加推奨', 'max_combo_prob': 0.0729, 'est_top_odds': 18.3, 'circle_concentration': 71.6, 'eligible_count': 6, 'bet_adj': 2, 'reason': 'rel_win1=49.2%（本命度） / 最有力組み合わせ確率: 0.073（推定実オッズ?18倍） / 2着集中度: 上位2艇 71.6%（補正+0.04） / 総合判定確率: 0.113 / → ヒモ分散。1号艇1着固定で広めのヒモ流し推奨（買い目+2点）', 'tenji_trigger': '展示確認: ヒモ分散レース。1号艇伸び確認後、広めのヒモ流しを採用。穴ヒモ（5・6号艇）を積極的に含める。\n展示で1号艇スタート超安定(0.097秒)→ヒモ固まり方向に注意'}",,,31.3,逃げ狙い,37.51,20.9,5,,,,,,,,,,,
2025-05-27,丸亀,7,3,今垣光太,A1,33.55,3,,13.6077,24.6,68,65,0.178,3.825,,,0,低,52,0,ま0%,,0,48.1,1.2806,0,0,0.1429,0,0,0.0769,0,0,,,C,,,0.1313,0.58,,0.7155,S,94,0,◎1着固定 2-3着流し（5〜8点）,0.5777,"{'is_target': True, 'verdict': '参加推奨', 'max_combo_prob': 0.0729, 'est_top_odds': 18.3, 'circle_concentration': 71.6, 'eligible_count': 6, 'bet_adj': 2, 'reason': 'rel_win1=49.2%（本命度） / 最有力組み合わせ確率: 0.073（推定実オッズ?18倍） / 2着集中度: 上位2艇 71.6%（補正+0.04） / 総合判定確率: 0.113 / → ヒモ分散。1号艇1着固定で広めのヒモ流し推奨（買い目+2点）', 'tenji_trigger': '展示確認: ヒモ分散レース。1号艇伸び確認後、広めのヒモ流しを採用。穴ヒモ（5・6号艇）を積極的に含める。\n展示で1号艇スタート超安定(0.097秒)→ヒモ固まり方向に注意'}",,,31.3,逃げ狙い,37.51,20.9,5,,,,,,,,,,,
2025-05-27,丸亀,7,4,平高奈菜,A1,34.39,4,▲,6.7345,20.5,100,64.3,0.1775,3.9286,,,0,低,46,0,-,,0,25,0.7298,0,0.0909,0,0,0,0.2,0,0.1333,,,B,,,0.1152,0.6215,,0.7155,S,94,0,◎1着固定 2-3着流し（5〜8点）,0.5777,"{'is_target': True, 'verdict': '参加推奨', 'max_combo_prob': 0.0729, 'est_top_odds': 18.3, 'circle_concentration': 71.6, 'eligible_count': 6, 'bet_adj': 2, 'reason': 'rel_win1=49.2%（本命度） / 最有力組み合わせ確率: 0.073（推定実オッズ?18倍） / 2着集中度: 上位2艇 71.6%（補正+0.04） / 総合判定確率: 0.113 / → ヒモ分散。1号艇1着固定で広めのヒモ流し推奨（買い目+2点）', 'tenji_trigger': '展示確認: ヒモ分散レース。1号艇伸び確認後、広めのヒモ流しを採用。穴ヒモ（5・6号艇）を積極的に含める。\n展示で1号艇スタート超安定(0.097秒)→ヒモ固まり方向に注意'}",,,31.3,逃げ狙い,37.51,20.9,5,,,,,,,,,,,
2025-05-27,丸亀,7,5,山田康二,A1,30.30,5,△,12.548,4.6,99,76.9,0.1458,2.9615,,,0,低,35,0,ま0% 差ま0%,,0,100,2.2819,0,0,0.1,0.2,0,0.0211,0.1211,0.1632,,,D,○,◎,0.172,0.6765,0.4831,0.7155,S,94,0,◎1着固定 2-3着流し（5〜8点）,0.5777,"{'is_target': True, 'verdict': '参加推奨', 'max_combo_prob': 0.0729, 'est_top_odds': 18.3, 'circle_concentration': 71.6, 'eligible_count': 6, 'bet_adj': 2, 'reason': 'rel_win1=49.2%（本命度） / 最有力組み合わせ確率: 0.073（推定実オッズ?18倍） / 2着集中度: 上位2艇 71.6%（補正+0.04） / 総合判定確率: 0.113 / → ヒモ分散。1号艇1着固定で広めのヒモ流し推奨（買い目+2点）', 'tenji_trigger': '展示確認: ヒモ分散レース。1号艇伸び確認後、広めのヒモ流しを採用。穴ヒモ（5・6号艇）を積極的に含める。\n展示で1号艇スタート超安定(0.097秒)→ヒモ固まり方向に注意'}",,,31.3,逃げ狙い,37.51,20.9,5,,,,,,,,,,,
2025-05-27,丸亀,7,6,山口　剛,A1,28.85,6,,2.0809,3.3,50,,,,,,0,低,5,1,-,,0,,,,,,,,,,,,,D,◎,○,0.308,0.8035,0.15,0.7155,S,94,0,◎1着固定 2-3着流し（5〜8点）,0.5777,"{'is_target': True, 'verdict': '参加推奨', 'max_combo_prob': 0.0729, 'est_top_odds': 18.3, 'circle_concentration': 71.6, 'eligible_count': 6, 'bet_adj': 2, 'reason': 'rel_win1=49.2%（本命度） / 最有力組み合わせ確率: 0.073（推定実オッズ?18倍） / 2着集中度: 上位2艇 71.6%（補正+0.04） / 総合判定確率: 0.113 / → ヒモ分散。1号艇1着固定で広めのヒモ流し推奨（買い目+2点）', 'tenji_trigger': '展示確認: ヒモ分散レース。1号艇伸び確認後、広めのヒモ流しを採用。穴ヒモ（5・6号艇）を積極的に含める。\n展示で1号艇スタート超安定(0.097秒)→ヒモ固まり方向に注意'}",,,31.3,逃げ狙い,37.51,20.9,5,,,,,,,,,,,
2025-05-27,丸亀,8,1,松井　繁,A1,31.48,1,◎,52.6114,,0,89.3,0.1454,3.3929,,,0,低,24,0,逃1%,,0,57.3,1.125,0.7143,,,,,0.0714,0.2143,0,◎,,D,△,,,0.6505,,0.4782,A,78,0,◎-○軸 3着3〜4艇流し（10〜15点）,0.5777,"{'is_target': True, 'verdict': '参加推奨', 'max_combo_prob': 0.0639, 'est_top_odds': 20.9, 'circle_concentration': 72.0, 'eligible_count': 8, 'bet_adj': 2, 'reason': 'rel_win1=52.6%（本命度） / 最有力組み合わせ確率: 0.064（推定実オッズ?21倍） / 2着集中度: 上位2艇 72.0%（補正+0.04） / 総合判定確率: 0.104 / → ヒモ分散。1号艇1着固定で広めのヒモ流し推奨（買い目+2点）', 'tenji_trigger': '展示確認: ヒモ分散レース。1号艇伸び確認後、広めのヒモ流しを採用。穴ヒモ（5・6号艇）を積極的に含める。'}",,,36,逃げ狙い,45.75,27.1,2,,,,,0,0,0.7559,0,,逃げ軸流し,A
2025-05-27,丸亀,8,2,井口佳典,A1,46.71,2,▲,13.9536,38.9,81,93.8,0.17,4.4688,,,0,低,31,0,ま0%,,0,77.7,1.4669,0,0,0.5,0,0,0,0.1667,0.1667,,,B,△,,0.134,0.6355,,0.4782,A,78,0,◎-○軸 3着3〜4艇流し（10〜15点）,0.5777,"{'is_target': True, 'verdict': '参加推奨', 'max_combo_prob': 0.0639, 'est_top_odds': 20.9, 'circle_concentration': 72.0, 'eligible_count': 8, 'bet_adj': 2, 'reason': 'rel_win1=52.6%（本命度） / 最有力組み合わせ確率: 0.064（推定実オッズ?21倍） / 2着集中度: 上位2艇 72.0%（補正+0.04） / 総合判定確率: 0.104 / → ヒモ分散。1号艇1着固定で広めのヒモ流し推奨（買い目+2点）', 'tenji_trigger': '展示確認: ヒモ分散レース。1号艇伸び確認後、広めのヒモ流しを採用。穴ヒモ（5・6号艇）を積極的に含める。'}",,,36,逃げ狙い,45.75,27.1,2,,,,,,,,,,,
2025-05-27,丸亀,8,3,佐藤隆太,A1,50.00,3,○,15.0465,33.2,80,89.7,0.1307,2.5,,,0,低,32,0,ま0% 抜0%,,0,52.2,1.6235,0,0,0.3,0,0.1,0.0833,0.0833,0,,◎,A,○,,0.4158,0.6665,,0.4782,A,78,0,◎-○軸 3着3〜4艇流し（10〜15点）,0.5777,"{'is_target': True, 'verdict': '参加推奨', 'max_combo_prob': 0.0639, 'est_top_odds': 20.9, 'circle_concentration': 72.0, 'eligible_count': 8, 'bet_adj': 2, 'reason': 'rel_win1=52.6%（本命度） / 最有力組み合わせ確率: 0.064（推定実オッズ?21倍） / 2着集中度: 上位2艇 72.0%（補正+0.04） / 総合判定確率: 0.104 / → ヒモ分散。1号艇1着固定で広めのヒモ流し推奨（買い目+2点）', 'tenji_trigger': '展示確認: ヒモ分散レース。1号艇伸び確認後、広めのヒモ流しを採用。穴ヒモ（5・6号艇）を積極的に含める。'}",,,36,逃げ狙い,45.75,27.1,2,,,,,,,,,,,
2025-05-27,丸亀,8,4,浜田亜理,A1,46.53,4,△,8.5531,16.9,100,75,0.144,3.125,,,0,低,41,0,-,,0,43.8,1.39,,,,,,0.2857,0,0.1429,,,B,,,0.3103,0.6285,,0.4782,A,78,0,◎-○軸 3着3〜4艇流し（10〜15点）,0.5777,"{'is_target': True, 'verdict': '参加推奨', 'max_combo_prob': 0.0639, 'est_top_odds': 20.9, 'circle_concentration': 72.0, 'eligible_count': 8, 'bet_adj': 2, 'reason': 'rel_win1=52.6%（本命度） / 最有力組み合わせ確率: 0.064（推定実オッズ?21倍） / 2着集中度: 上位2艇 72.0%（補正+0.04） / 総合判定確率: 0.104 / → ヒモ分散。1号艇1着固定で広めのヒモ流し推奨（買い目+2点）', 'tenji_trigger': '展示確認: ヒモ分散レース。1号艇伸び確認後、広めのヒモ流しを採用。穴ヒモ（5・6号艇）を積極的に含める。'}",,,36,逃げ狙い,45.75,27.1,2,,,,,,,,,,,
2025-05-27,丸亀,8,5,菅　章哉,A1,29.01,5,,8.7663,8.5,83,60.7,0.1789,3.5893,,,0,低,72,0,ま0%,,0,46.8,1.7426,0,0,0.2857,0,0,0,0,0.0444,,,E,,◎,0.2577,0.5965,0.1214,0.4782,A,78,0,◎-○軸 3着3〜4艇流し（10〜15点）,0.5777,"{'is_target': True, 'verdict': '参加推奨', 'max_combo_prob': 0.0639, 'est_top_odds': 20.9, 'circle_concentration': 72.0, 'eligible_count': 8, 'bet_adj': 2, 'reason': 'rel_win1=52.6%（本命度） / 最有力組み合わせ確率: 0.064（推定実オッズ?21倍） / 2着集中度: 上位2艇 72.0%（補正+0.04） / 総合判定確率: 0.104 / → ヒモ分散。1号艇1着固定で広めのヒモ流し推奨（買い目+2点）', 'tenji_trigger': '展示確認: ヒモ分散レース。1号艇伸び確認後、広めのヒモ流しを採用。穴ヒモ（5・6号艇）を積極的に含める。'}",,,36,逃げ狙い,45.75,27.1,2,,,,,,,,,,,
2025-05-27,丸亀,8,6,守田俊介,A1,33.14,6,,1.0691,2.6,57,66.7,0.12,2.5833,,,0,低,21,1,-,,0,100,2.4331,,,,,,0.05,0,0,,,D,◎,,0.384,0.704,,0.4782,A,78,0,◎-○軸 3着3〜4艇流し（10〜15点）,0.5777,"{'is_target': True, 'verdict': '参加推奨', 'max_combo_prob': 0.0639, 'est_top_odds': 20.9, 'circle_concentration': 72.0, 'eligible_count': 8, 'bet_adj': 2, 'reason': 'rel_win1=52.6%（本命度） / 最有力組み合わせ確率: 0.064（推定実オッズ?21倍） / 2着集中度: 上位2艇 72.0%（補正+0.04） / 総合判定確率: 0.104 / → ヒモ分散。1号艇1着固定で広めのヒモ流し推奨（買い目+2点）', 'tenji_trigger': '展示確認: ヒモ分散レース。1号艇伸び確認後、広めのヒモ流しを採用。穴ヒモ（5・6号艇）を積極的に含める。'}",,,36,逃げ狙い,45.75,27.1,2,,,,,,,,,,,
2025-05-27,丸亀,9,1,関　浩哉,A1,40.13,1,◎,51.752,,0,95.7,0.1352,2.087,,,0,低,34,0,逃1%,,0,75.1,1.1878,0.8571,,,,,,,,◎,,B,,,,0.6435,,0.6571,S,94,0,◎1着固定 2-3着流し（5〜8点）,0.5777,"{'is_target': True, 'verdict': '参加推奨', 'max_combo_prob': 0.0625, 'est_top_odds': 21.3, 'circle_concentration': 61.5, 'eligible_count': 6, 'bet_adj': 2, 'reason': 'rel_win1=51.8%（本命度） / 最有力組み合わせ確率: 0.063（推定実オッズ?21倍） / 2着集中度: 上位2艇 61.5%（補正+0.00） / 総合判定確率: 0.063 / → ヒモ分散。1号艇1着固定で広めのヒモ流し推奨（買い目+2点）', 'tenji_trigger': '展示確認: ヒモ分散レース。1号艇伸び確認後、広めのヒモ流しを採用。穴ヒモ（5・6号艇）を積極的に含める。\n展示で1号艇スタート超安定(0.135秒)→ヒモ固まり方向に注意'}",,,34.9,逃げ狙い,49.51,20.8,3,,,,,0,0,0.7559,0,,逃げ軸流し,A
2025-05-27,丸亀,9,2,吉田裕平,A1,34.50,2,,11.6959,39.1,100,88.2,0.1612,3.1765,,,0,低,29,0,ま0% 抜0%,,0,55.1,1.3628,0,0,0.2,0,0.2,0,0.1429,0,,,C,△,,0.0805,0.6645,,0.6571,S,94,0,◎1着固定 2-3着流し（5〜8点）,0.5777,"{'is_target': True, 'verdict': '参加推奨', 'max_combo_prob': 0.0625, 'est_top_odds': 21.3, 'circle_concentration': 61.5, 'eligible_count': 6, 'bet_adj': 2, 'reason': 'rel_win1=51.8%（本命度） / 最有力組み合わせ確率: 0.063（推定実オッズ?21倍） / 2着集中度: 上位2艇 61.5%（補正+0.00） / 総合判定確率: 0.063 / → ヒモ分散。1号艇1着固定で広めのヒモ流し推奨（買い目+2点）', 'tenji_trigger': '展示確認: ヒモ分散レース。1号艇伸び確認後、広めのヒモ流しを採用。穴ヒモ（5・6号艇）を積極的に含める。\n展示で1号艇スタート超安定(0.135秒)→ヒモ固まり方向に注意'}",,,34.9,逃げ狙い,49.51,20.8,3,,,,,,,,,,,
2025-05-27,丸亀,9,3,原田幸哉,A1,34.34,3,▲,15.7552,22.4,85,81,0.101,1.9048,,,0,低,11,0,差0% ま0% 差ま0% 抜0%,,0,59.9,1.5492,0,0.1,0.2,0.1,0.2,0.0833,0.1667,0,,◎,D,○,,0.4975,0.6755,,0.6571,S,94,0,◎1着固定 2-3着流し（5〜8点）,0.5777,"{'is_target': True, 'verdict': '参加推奨', 'max_combo_prob': 0.0625, 'est_top_odds': 21.3, 'circle_concentration': 61.5, 'eligible_count': 6, 'bet_adj': 2, 'reason': 'rel_win1=51.8%（本命度） / 最有力組み合わせ確率: 0.063（推定実オッズ?21倍） / 2着集中度: 上位2艇 61.5%（補正+0.00） / 総合判定確率: 0.063 / → ヒモ分散。1号艇1着固定で広めのヒモ流し推奨（買い目+2点）', 'tenji_trigger': '展示確認: ヒモ分散レース。1号艇伸び確認後、広めのヒモ流しを採用。穴ヒモ（5・6号艇）を積極的に含める。\n展示で1号艇スタート超安定(0.135秒)→ヒモ固まり方向に注意'}",,,34.9,逃げ狙い,49.51,20.8,3,,,,,,,,,,,
2025-05-27,丸亀,9,4,宮地元輝,A1,35.50,4,○,7.1928,18.7,65,60,0.1287,3.0333,,,0,低,13,0,ま0%,,0,100,1.1447,0,0,0.0833,0,0,0,0,0.1667,,,C,◎,,0.3198,0.6895,,0.6571,S,94,0,◎1着固定 2-3着流し（5〜8点）,0.5777,"{'is_target': True, 'verdict': '参加推奨', 'max_combo_prob': 0.0625, 'est_top_odds': 21.3, 'circle_concentration': 61.5, 'eligible_count': 6, 'bet_adj': 2, 'reason': 'rel_win1=51.8%（本命度） / 最有力組み合わせ確率: 0.063（推定実オッズ?21倍） / 2着集中度: 上位2艇 61.5%（補正+0.00） / 総合判定確率: 0.063 / → ヒモ分散。1号艇1着固定で広めのヒモ流し推奨（買い目+2点）', 'tenji_trigger': '展示確認: ヒモ分散レース。1号艇伸び確認後、広めのヒモ流しを採用。穴ヒモ（5・6号艇）を積極的に含める。\n展示で1号艇スタート超安定(0.135秒)→ヒモ固まり方向に注意'}",,,34.9,逃げ狙い,49.51,20.8,3,,,,,,,,,,,
2025-05-27,丸亀,9,5,重成一人,A1,31.10,5,,9.7155,13.1,59,64.5,0.1435,2.7742,,,0,低,51,0,差ま0% 抜0%,,0,34.3,1.0281,0,0,0,0.3158,0.1053,0.0533,0.2533,0.0133,,,E,,◎,0.3242,0.6315,0.4476,0.6571,S,94,0,◎1着固定 2-3着流し（5〜8点）,0.5777,"{'is_target': True, 'verdict': '参加推奨', 'max_combo_prob': 0.0625, 'est_top_odds': 21.3, 'circle_concentration': 61.5, 'eligible_count': 6, 'bet_adj': 2, 'reason': 'rel_win1=51.8%（本命度） / 最有力組み合わせ確率: 0.063（推定実オッズ?21倍） / 2着集中度: 上位2艇 61.5%（補正+0.00） / 総合判定確率: 0.063 / → ヒモ分散。1号艇1着固定で広めのヒモ流し推奨（買い目+2点）', 'tenji_trigger': '展示確認: ヒモ分散レース。1号艇伸び確認後、広めのヒモ流しを採用。穴ヒモ（5・6号艇）を積極的に含める。\n展示で1号艇スタート超安定(0.135秒)→ヒモ固まり方向に注意'}",,,34.9,逃げ狙い,49.51,20.8,3,,,,,,,,,,,
2025-05-27,丸亀,9,6,遠藤エミ,A1,45.03,6,△,3.8886,6.7,66,64.7,0.1647,3.7059,,,0,低,24,0,差ま0%,,0,41.3,2.4703,0,0,0,0.2,0,0.1429,0.1429,0.1429,,,B,△,,0.2233,0.649,,0.6571,S,94,0,◎1着固定 2-3着流し（5〜8点）,0.5777,"{'is_target': True, 'verdict': '参加推奨', 'max_combo_prob': 0.0625, 'est_top_odds': 21.3, 'circle_concentration': 61.5, 'eligible_count': 6, 'bet_adj': 2, 'reason': 'rel_win1=51.8%（本命度） / 最有力組み合わせ確率: 0.063（推定実オッズ?21倍） / 2着集中度: 上位2艇 61.5%（補正+0.00） / 総合判定確率: 0.063 / → ヒモ分散。1号艇1着固定で広めのヒモ流し推奨（買い目+2点）', 'tenji_trigger': '展示確認: ヒモ分散レース。1号艇伸び確認後、広めのヒモ流しを採用。穴ヒモ（5・6号艇）を積極的に含める。\n展示で1号艇スタート超安定(0.135秒)→ヒモ固まり方向に注意'}",,,34.9,逃げ狙い,49.51,20.8,3,,,,,,,,,,,
2025-05-27,丸亀,10,1,平本真之,A1,32.37,1,◎,52.1044,,0,96.4,0.1357,2.7679,,,0,低,16,0,逃1%,,0,78.3,1.1963,0.6667,,,,,0.1333,0.0667,0.1333,◎,,C,△,,,0.6785,,0.526,S,90,0,◎1着固定 2-3着流し（5〜8点）,0.5777,"{'is_target': True, 'verdict': '参加推奨', 'max_combo_prob': 0.0619, 'est_top_odds': 21.6, 'circle_concentration': 67.2, 'eligible_count': 6, 'bet_adj': 2, 'reason': 'rel_win1=52.1%（本命度） / 最有力組み合わせ確率: 0.062（推定実オッズ?22倍） / 2着集中度: 上位2艇 67.2%（補正+0.00） / 総合判定確率: 0.062 / → ヒモ分散。1号艇1着固定で広めのヒモ流し推奨（買い目+2点）', 'tenji_trigger': '展示確認: ヒモ分散レース。1号艇伸び確認後、広めのヒモ流しを採用。穴ヒモ（5・6号艇）を積極的に含める。\n展示で1号艇スタート超安定(0.136秒)→ヒモ固まり方向に注意'}",,,37.3,逃げ狙い,50.07,27.3,3,,,,,0,0,0.7559,0,,逃げ軸流し,A
2025-05-27,丸亀,10,2,片岡雅裕,A1,29.19,2,△,12.7872,44.4,74,86.7,0.1273,2.3667,,,0,低,5,0,ま0%,,0,92,1.0636,0,0,0.1667,0,0,0.0286,0,0.3571,,○,D,◎,,0.409,0.8292,,0.526,S,90,0,◎1着固定 2-3着流し（5〜8点）,0.5777,"{'is_target': True, 'verdict': '参加推奨', 'max_combo_prob': 0.0619, 'est_top_odds': 21.6, 'circle_concentration': 67.2, 'eligible_count': 6, 'bet_adj': 2, 'reason': 'rel_win1=52.1%（本命度） / 最有力組み合わせ確率: 0.062（推定実オッズ?22倍） / 2着集中度: 上位2艇 67.2%（補正+0.00） / 総合判定確率: 0.062 / → ヒモ分散。1号艇1着固定で広めのヒモ流し推奨（買い目+2点）', 'tenji_trigger': '展示確認: ヒモ分散レース。1号艇伸び確認後、広めのヒモ流しを採用。穴ヒモ（5・6号艇）を積極的に含める。\n展示で1号艇スタート超安定(0.136秒)→ヒモ固まり方向に注意'}",,,37.3,逃げ狙い,50.07,27.3,3,,,,,,,,,,,
2025-05-27,丸亀,10,3,上條暢嵩,A1,30.54,3,○,16.876,22.8,96,93.3,0.1453,3.4333,,,0,低,12,0,差ま1%,,0,74.9,1.736,0,0,0,0.8,0,,,,,◎,C,○,,0.4544,0.7115,,0.526,S,90,0,◎1着固定 2-3着流し（5〜8点）,0.5777,"{'is_target': True, 'verdict': '参加推奨', 'max_combo_prob': 0.0619, 'est_top_odds': 21.6, 'circle_concentration': 67.2, 'eligible_count': 6, 'bet_adj': 2, 'reason': 'rel_win1=52.1%（本命度） / 最有力組み合わせ確率: 0.062（推定実オッズ?22倍） / 2着集中度: 上位2艇 67.2%（補正+0.00） / 総合判定確率: 0.062 / → ヒモ分散。1号艇1着固定で広めのヒモ流し推奨（買い目+2点）', 'tenji_trigger': '展示確認: ヒモ分散レース。1号艇伸び確認後、広めのヒモ流しを採用。穴ヒモ（5・6号艇）を積極的に含める。\n展示で1号艇スタート超安定(0.136秒)→ヒモ固まり方向に注意'}",,,37.3,逃げ狙い,50.07,27.3,3,,,,,,,,,,,
2025-05-27,丸亀,10,4,清水愛海,A1,37.80,4,,7.6381,13.7,91,48.1,0.1967,4.2963,,,0,低,73,0,-,,0,29.6,0.9979,,,,,,0.0909,0.1818,0,,,B,,,0.111,0.634,,0.526,S,90,0,◎1着固定 2-3着流し（5〜8点）,0.5777,"{'is_target': True, 'verdict': '参加推奨', 'max_combo_prob': 0.0619, 'est_top_odds': 21.6, 'circle_concentration': 67.2, 'eligible_count': 6, 'bet_adj': 2, 'reason': 'rel_win1=52.1%（本命度） / 最有力組み合わせ確率: 0.062（推定実オッズ?22倍） / 2着集中度: 上位2艇 67.2%（補正+0.00） / 総合判定確率: 0.062 / → ヒモ分散。1号艇1着固定で広めのヒモ流し推奨（買い目+2点）', 'tenji_trigger': '展示確認: ヒモ分散レース。1号艇伸び確認後、広めのヒモ流しを採用。穴ヒモ（5・6号艇）を積極的に含める。\n展示で1号艇スタート超安定(0.136秒)→ヒモ固まり方向に注意'}",,,37.3,逃げ狙い,50.07,27.3,3,,,,,,,,,,,
2025-05-27,丸亀,10,5,瓜生正義,A1,27.84,5,,8.1883,17.7,87,80,0.1493,3.2333,,,0,低,21,0,ま0% 差ま0%,,0,100,2.1667,0,0,0.125,0.25,0,0.0833,0.0833,0.1667,,,E,△,,0.2971,0.653,,0.526,S,90,0,◎1着固定 2-3着流し（5〜8点）,0.5777,"{'is_target': True, 'verdict': '参加推奨', 'max_combo_prob': 0.0619, 'est_top_odds': 21.6, 'circle_concentration': 67.2, 'eligible_count': 6, 'bet_adj': 2, 'reason': 'rel_win1=52.1%（本命度） / 最有力組み合わせ確率: 0.062（推定実オッズ?22倍） / 2着集中度: 上位2艇 67.2%（補正+0.00） / 総合判定確率: 0.062 / → ヒモ分散。1号艇1着固定で広めのヒモ流し推奨（買い目+2点）', 'tenji_trigger': '展示確認: ヒモ分散レース。1号艇伸び確認後、広めのヒモ流しを採用。穴ヒモ（5・6号艇）を積極的に含める。\n展示で1号艇スタート超安定(0.136秒)→ヒモ固まり方向に注意'}",,,37.3,逃げ狙い,50.07,27.3,3,,,,,,,,,,,
2025-05-27,丸亀,10,6,實森美祐,A1,39.24,6,▲,2.406,1.4,100,52.9,0.1582,3.5882,,,0,低,24,0,-,,0,40,2.0039,,,,,,0,0.1333,0,,,B,,,0.2346,0.645,,0.526,S,90,0,◎1着固定 2-3着流し（5〜8点）,0.5777,"{'is_target': True, 'verdict': '参加推奨', 'max_combo_prob': 0.0619, 'est_top_odds': 21.6, 'circle_concentration': 67.2, 'eligible_count': 6, 'bet_adj': 2, 'reason': 'rel_win1=52.1%（本命度） / 最有力組み合わせ確率: 0.062（推定実オッズ?22倍） / 2着集中度: 上位2艇 67.2%（補正+0.00） / 総合判定確率: 0.062 / → ヒモ分散。1号艇1着固定で広めのヒモ流し推奨（買い目+2点）', 'tenji_trigger': '展示確認: ヒモ分散レース。1号艇伸び確認後、広めのヒモ流しを採用。穴ヒモ（5・6号艇）を積極的に含める。\n展示で1号艇スタート超安定(0.136秒)→ヒモ固まり方向に注意'}",,,37.3,逃げ狙い,50.07,27.3,3,,,,,,,,,,,
2025-05-27,丸亀,11,1,石野貴之,A1,41.61,1,◎,55.3196,,0,95,0.1595,3.1625,,,0,低,40,0,-,,0,48.5,1.0116,0.8235,,,,,0,0.1176,0,◎,,B,,,,0.5965,,0.4538,A,79,0,◎-○軸 3着3〜4艇流し（10〜15点）,0.5777,"{'is_target': True, 'verdict': '参加推奨', 'max_combo_prob': 0.0505, 'est_top_odds': 26.4, 'circle_concentration': 60.2, 'eligible_count': 8, 'bet_adj': 2, 'reason': 'rel_win1=55.3%（本命度） / 最有力組み合わせ確率: 0.051（推定実オッズ?26倍） / 2着集中度: 上位2艇 60.2%（補正+0.00） / 総合判定確率: 0.051 / → ヒモ分散。1号艇1着固定で広めのヒモ流し推奨（買い目+2点）', 'tenji_trigger': '展示確認: ヒモ分散レース。1号艇伸び確認後、広めのヒモ流しを採用。穴ヒモ（5・6号艇）を積極的に含める。'}",,,34.2,逃げ狙い,41.72,25.4,4,,,,,0,0,0.7559,0,,逃げ軸流し,A
2025-05-27,丸亀,11,2,桐生順平,A1,44.44,2,▲,11.6668,34.1,100,84.6,0.1615,3.5769,,,0,低,20,1,差0% 抜0%,,0,100,1.3124,0,0.069,0,0,0.0345,0.125,0.25,0.125,,,A,◎,,0.2946,0.7,,0.4538,A,79,0,◎-○軸 3着3〜4艇流し（10〜15点）,0.5777,"{'is_target': True, 'verdict': '参加推奨', 'max_combo_prob': 0.0505, 'est_top_odds': 26.4, 'circle_concentration': 60.2, 'eligible_count': 8, 'bet_adj': 2, 'reason': 'rel_win1=55.3%（本命度） / 最有力組み合わせ確率: 0.051（推定実オッズ?26倍） / 2着集中度: 上位2艇 60.2%（補正+0.00） / 総合判定確率: 0.051 / → ヒモ分散。1号艇1着固定で広めのヒモ流し推奨（買い目+2点）', 'tenji_trigger': '展示確認: ヒモ分散レース。1号艇伸び確認後、広めのヒモ流しを採用。穴ヒモ（5・6号艇）を積極的に含める。'}",,,34.2,逃げ狙い,41.72,25.4,4,,,,,,,,,,,
2025-05-27,丸亀,11,3,西橋奈未,A1,36.36,3,○,11.6428,26.1,97,77.3,0.1264,2.8182,,,0,低,34,0,ま0%,,0,39.4,1.3608,0,0,0.3333,0,0,0.0667,0.2167,0.2167,,◎,C,,,0.5276,0.6055,,0.4538,A,79,0,◎-○軸 3着3〜4艇流し（10〜15点）,0.5777,"{'is_target': True, 'verdict': '参加推奨', 'max_combo_prob': 0.0505, 'est_top_odds': 26.4, 'circle_concentration': 60.2, 'eligible_count': 8, 'bet_adj': 2, 'reason': 'rel_win1=55.3%（本命度） / 最有力組み合わせ確率: 0.051（推定実オッズ?26倍） / 2着集中度: 上位2艇 60.2%（補正+0.00） / 総合判定確率: 0.051 / → ヒモ分散。1号艇1着固定で広めのヒモ流し推奨（買い目+2点）', 'tenji_trigger': '展示確認: ヒモ分散レース。1号艇伸び確認後、広めのヒモ流しを採用。穴ヒモ（5・6号艇）を積極的に含める。'}",,,34.2,逃げ狙い,41.72,25.4,4,,,,,,,,,,,
2025-05-27,丸亀,11,4,白井英治,A1,34.10,4,△,12.2621,23.1,75,88.2,0.1294,2.5294,,,0,低,29,0,ま0% 差ま0% 抜0%,,0,79.3,1.7209,0,0,0.2222,0.3333,0.1111,0.0588,0.1765,0.0588,,○,D,○,◎,0.4852,0.659,0.6246,0.4538,A,79,0,◎-○軸 3着3〜4艇流し（10〜15点）,0.5777,"{'is_target': True, 'verdict': '参加推奨', 'max_combo_prob': 0.0505, 'est_top_odds': 26.4, 'circle_concentration': 60.2, 'eligible_count': 8, 'bet_adj': 2, 'reason': 'rel_win1=55.3%（本命度） / 最有力組み合わせ確率: 0.051（推定実オッズ?26倍） / 2着集中度: 上位2艇 60.2%（補正+0.00） / 総合判定確率: 0.051 / → ヒモ分散。1号艇1着固定で広めのヒモ流し推奨（買い目+2点）', 'tenji_trigger': '展示確認: ヒモ分散レース。1号艇伸び確認後、広めのヒモ流しを採用。穴ヒモ（5・6号艇）を積極的に含める。'}",,,34.2,逃げ狙い,41.72,25.4,4,,,,,,,,,,,
2025-05-27,丸亀,11,5,平山智加,A1,29.11,5,,6.0819,8.8,98,66.7,0.19,3.2778,,,0,低,46,0,-,,0,100,2.6067,0,0,0,0.1429,0.1429,0,0.1818,0.1818,,,E,△,,0.2006,0.651,,0.4538,A,79,0,◎-○軸 3着3〜4艇流し（10〜15点）,0.5777,"{'is_target': True, 'verdict': '参加推奨', 'max_combo_prob': 0.0505, 'est_top_odds': 26.4, 'circle_concentration': 60.2, 'eligible_count': 8, 'bet_adj': 2, 'reason': 'rel_win1=55.3%（本命度） / 最有力組み合わせ確率: 0.051（推定実オッズ?26倍） / 2着集中度: 上位2艇 60.2%（補正+0.00） / 総合判定確率: 0.051 / → ヒモ分散。1号艇1着固定で広めのヒモ流し推奨（買い目+2点）', 'tenji_trigger': '展示確認: ヒモ分散レース。1号艇伸び確認後、広めのヒモ流しを採用。穴ヒモ（5・6号艇）を積極的に含める。'}",,,34.2,逃げ狙い,41.72,25.4,4,,,,,,,,,,,
2025-05-27,丸亀,11,6,定松勇樹,A1,35.37,6,,3.0268,7.9,96,72.7,0.1477,3.2045,,,0,低,27,0,ま0% 抜0%,,0,43.8,2.6489,0,0,0.0833,0,0.0833,0.0714,0.1429,0.1429,,,C,△,,0.3347,0.6185,,0.4538,A,79,0,◎-○軸 3着3〜4艇流し（10〜15点）,0.5777,"{'is_target': True, 'verdict': '参加推奨', 'max_combo_prob': 0.0505, 'est_top_odds': 26.4, 'circle_concentration': 60.2, 'eligible_count': 8, 'bet_adj': 2, 'reason': 'rel_win1=55.3%（本命度） / 最有力組み合わせ確率: 0.051（推定実オッズ?26倍） / 2着集中度: 上位2艇 60.2%（補正+0.00） / 総合判定確率: 0.051 / → ヒモ分散。1号艇1着固定で広めのヒモ流し推奨（買い目+2点）', 'tenji_trigger': '展示確認: ヒモ分散レース。1号艇伸び確認後、広めのヒモ流しを採用。穴ヒモ（5・6号艇）を積極的に含める。'}",,,34.2,逃げ狙い,41.72,25.4,4,,,,,,,,,,,
2025-05-27,丸亀,12,1,毒島　誠,A1,28.03,1,◎,52.2726,,0,100,0.1135,2.5294,,,0,低,9,0,逃1%,,0,79.3,1.2341,1,,,,,,,,◎⚠️,,E,,,,0.6275,,0.731,A,63,0,◎-○軸 3着3〜4艇流し（10〜15点）,0.5777,"{'is_target': True, 'verdict': '参加推奨', 'max_combo_prob': 0.0516, 'est_top_odds': 25.8, 'circle_concentration': 61.2, 'eligible_count': 8, 'bet_adj': 2, 'reason': 'rel_win1=52.3%（本命度） / 最有力組み合わせ確率: 0.052（推定実オッズ?26倍） / 2着集中度: 上位2艇 61.2%（補正+0.00） / 総合判定確率: 0.052 / → ヒモ分散。1号艇1着固定で広めのヒモ流し推奨（買い目+2点）', 'tenji_trigger': '展示確認: ヒモ分散レース。1号艇伸び確認後、広めのヒモ流しを採用。穴ヒモ（5・6号艇）を積極的に含める。\n展示で1号艇スタート超安定(0.114秒)→ヒモ固まり方向に注意'}",,,38.4,両建て推奨,62.81,19.5,2,2-1-4|2-1-5|1-2-4|2-1-6|1-2-5,5-1-6|6-1-4|5-6-1|6-4-1|6-1-3|6-1-5|5-4-6|2-1-4|2-1-5|1-2-4|2-1-6|1-2-5,2-1-4:11.01%|2-1-5:10.41%|1-2-4:6.89%|2-1-6:6.84%|1-2-5:5.39%,2-1-4:B_sc|2-1-5:B_sc|1-2-4:A|2-1-6:B_sc|1-2-5:A,5,12,0.4535,1,[!]見送り推奨（主役決まり手「差し」― 逃げ劣勢レースで的中実績なし）,荒れ広め,D
2025-05-27,丸亀,12,2,峰　竜太,A1,37.79,2,▲,11.6731,33.1,98,100,0.142,3.5,,,0,低,4,1,差1%,,0,100,1.5267,0,0.6667,0,0,0,0,0,0,,,B,○,,0.2125,0.8175,,0.731,A,63,0,◎-○軸 3着3〜4艇流し（10〜15点）,0.5777,"{'is_target': True, 'verdict': '参加推奨', 'max_combo_prob': 0.0516, 'est_top_odds': 25.8, 'circle_concentration': 61.2, 'eligible_count': 8, 'bet_adj': 2, 'reason': 'rel_win1=52.3%（本命度） / 最有力組み合わせ確率: 0.052（推定実オッズ?26倍） / 2着集中度: 上位2艇 61.2%（補正+0.00） / 総合判定確率: 0.052 / → ヒモ分散。1号艇1着固定で広めのヒモ流し推奨（買い目+2点）', 'tenji_trigger': '展示確認: ヒモ分散レース。1号艇伸び確認後、広めのヒモ流しを採用。穴ヒモ（5・6号艇）を積極的に含める。\n展示で1号艇スタート超安定(0.114秒)→ヒモ固まり方向に注意'}",,,38.4,両建て推奨,62.81,19.5,2,,,,,,,,,,,
2025-05-27,丸亀,12,3,西山貴浩,A1,41.29,3,△,11.5448,19.4,92,66.7,0.1542,3.7083,,,0,低,17,1,-,,0,35.6,1.2125,,,,,,0,0.1429,0,,,B,△,,0.1125,0.7,,0.731,A,63,0,◎-○軸 3着3〜4艇流し（10〜15点）,0.5777,"{'is_target': True, 'verdict': '参加推奨', 'max_combo_prob': 0.0516, 'est_top_odds': 25.8, 'circle_concentration': 61.2, 'eligible_count': 8, 'bet_adj': 2, 'reason': 'rel_win1=52.3%（本命度） / 最有力組み合わせ確率: 0.052（推定実オッズ?26倍） / 2着集中度: 上位2艇 61.2%（補正+0.00） / 総合判定確率: 0.052 / → ヒモ分散。1号艇1着固定で広めのヒモ流し推奨（買い目+2点）', 'tenji_trigger': '展示確認: ヒモ分散レース。1号艇伸び確認後、広めのヒモ流しを採用。穴ヒモ（5・6号艇）を積極的に含める。\n展示で1号艇スタート超安定(0.114秒)→ヒモ固まり方向に注意'}",,,38.4,両建て推奨,62.81,19.5,2,,,,,,,,,,,
2025-05-27,丸亀,12,4,池田浩二,A1,35.44,4,○,14.3813,28.2,100,94.4,0.1228,2.3889,,,0,低,6,0,差0% ま0% 抜0%,,0,92.8,1.8777,0,0.125,0.25,0,0.25,,,,,,C,◎,◎,0.308,0.818,0.4446,0.731,A,63,0,◎-○軸 3着3〜4艇流し（10〜15点）,0.5777,"{'is_target': True, 'verdict': '参加推奨', 'max_combo_prob': 0.0516, 'est_top_odds': 25.8, 'circle_concentration': 61.2, 'eligible_count': 8, 'bet_adj': 2, 'reason': 'rel_win1=52.3%（本命度） / 最有力組み合わせ確率: 0.052（推定実オッズ?26倍） / 2着集中度: 上位2艇 61.2%（補正+0.00） / 総合判定確率: 0.052 / → ヒモ分散。1号艇1着固定で広めのヒモ流し推奨（買い目+2点）', 'tenji_trigger': '展示確認: ヒモ分散レース。1号艇伸び確認後、広めのヒモ流しを採用。穴ヒモ（5・6号艇）を積極的に含める。\n展示で1号艇スタート超安定(0.114秒)→ヒモ固まり方向に注意'}",,,38.4,両建て推奨,62.81,19.5,2,,,,,,,,,,,
2025-05-27,丸亀,12,5,馬場貴也,A1,31.48,5,,7.2258,7.8,83,84.6,0.1423,3.2692,,,0,低,17,1,抜0%,,0,100,2.1776,0,0,0,0,0.1429,0.0833,0.1667,0,,,D,,○,0.2141,0.606,0.2649,0.731,A,63,0,◎-○軸 3着3〜4艇流し（10〜15点）,0.5777,"{'is_target': True, 'verdict': '参加推奨', 'max_combo_prob': 0.0516, 'est_top_odds': 25.8, 'circle_concentration': 61.2, 'eligible_count': 8, 'bet_adj': 2, 'reason': 'rel_win1=52.3%（本命度） / 最有力組み合わせ確率: 0.052（推定実オッズ?26倍） / 2着集中度: 上位2艇 61.2%（補正+0.00） / 総合判定確率: 0.052 / → ヒモ分散。1号艇1着固定で広めのヒモ流し推奨（買い目+2点）', 'tenji_trigger': '展示確認: ヒモ分散レース。1号艇伸び確認後、広めのヒモ流しを採用。穴ヒモ（5・6号艇）を積極的に含める。\n展示で1号艇スタート超安定(0.114秒)→ヒモ固まり方向に注意'}",,,38.4,両建て推奨,62.81,19.5,2,,,,,,,,,,,
2025-05-27,丸亀,12,6,茅原悠紀,A1,30.99,6,,2.9024,11.6,60,76.9,0.1292,3.1923,,,0,低,13,1,差ま0%,,0,67.3,2.7444,0,0,0,0.125,0,0,0,0.0714,,,D,△,,0.2525,0.6725,,0.731,A,63,0,◎-○軸 3着3〜4艇流し（10〜15点）,0.5777,"{'is_target': True, 'verdict': '参加推奨', 'max_combo_prob': 0.0516, 'est_top_odds': 25.8, 'circle_concentration': 61.2, 'eligible_count': 8, 'bet_adj': 2, 'reason': 'rel_win1=52.3%（本命度） / 最有力組み合わせ確率: 0.052（推定実オッズ?26倍） / 2着集中度: 上位2艇 61.2%（補正+0.00） / 総合判定確率: 0.052 / → ヒモ分散。1号艇1着固定で広めのヒモ流し推奨（買い目+2点）', 'tenji_trigger': '展示確認: ヒモ分散レース。1号艇伸び確認後、広めのヒモ流しを採用。穴ヒモ（5・6号艇）を積極的に含める。\n展示で1号艇スタート超安定(0.114秒)→ヒモ固まり方向に注意'}",,,38.4,両建て推奨,62.81,19.5,2,,,,,,,,,,,
2025-05-28,丸亀,1,1,重成一人,A1,31.10,1,◎,44.4023,,0,89.3,0.1493,2.6875,,,0,低,51,0,逃1%,3,0,50.4,0.926,0.7,,,,,0.0533,0.2533,0.0133,◎,,C,,,,0.6315,,0.4878,A,77,0,◎-○軸 3着3〜4艇流し（10〜15点）,0.5777,"{'is_target': False, 'verdict': '対象外', 'max_combo_prob': None, 'est_top_odds': None, 'circle_concentration': None, 'eligible_count': 0, 'bet_adj': 0, 'reason': '1号艇rel_win1 < 45%: 通常判定に委ねる', 'tenji_trigger': ''}",,,33.1,逃げ狙い,34.86,28.2,3,,,,,0,0,0.7559,0,,逃げ軸流し,A
2025-05-28,丸亀,1,2,丸野一樹,A1,30.43,2,,8.9045,37,62,62.5,0.1606,3.7188,,,0,低,31,0,差0% ま0%,6,0,32,1.0041,0,0.0606,0.0606,0,0,0,0.1111,0,,,D,△,,0.2004,0.6595,,0.4878,A,77,0,◎-○軸 3着3〜4艇流し（10〜15点）,0.5777,"{'is_target': False, 'verdict': '対象外', 'max_combo_prob': None, 'est_top_odds': None, 'circle_concentration': None, 'eligible_count': 0, 'bet_adj': 0, 'reason': '1号艇rel_win1 < 45%: 通常判定に委ねる', 'tenji_trigger': ''}",,,33.1,逃げ狙い,34.86,28.2,3,,,,,,,,,,,
2025-05-28,丸亀,1,3,篠崎元志,A1,38.61,3,▲,19.0217,22.1,93,95,0.1555,2.75,,,0,低,22,0,ま0% 差ま0% 抜0%,4,0,78.7,1.8154,0,0,0.125,0.125,0.125,0,0.0667,0.1333,,,B,△,,0.2863,0.662,,0.4878,A,77,0,◎-○軸 3着3〜4艇流し（10〜15点）,0.5777,"{'is_target': False, 'verdict': '対象外', 'max_combo_prob': None, 'est_top_odds': None, 'circle_concentration': None, 'eligible_count': 0, 'bet_adj': 0, 'reason': '1号艇rel_win1 < 45%: 通常判定に委ねる', 'tenji_trigger': ''}",,,33.1,逃げ狙い,34.86,28.2,3,,,,,,,,,,,
2025-05-28,丸亀,1,4,上野真之,A1,35.98,4,○,19.7824,20.7,100,84.2,0.1226,2.9474,,,0,低,15,0,差0% ま0%,3,0,99.7,1.9711,0,0.0769,0.2308,0,0,0,0,0.1333,,◎,C,◎,◎,0.4409,0.812,0.4205,0.4878,A,77,0,◎-○軸 3着3〜4艇流し（10〜15点）,0.5777,"{'is_target': False, 'verdict': '対象外', 'max_combo_prob': None, 'est_top_odds': None, 'circle_concentration': None, 'eligible_count': 0, 'bet_adj': 0, 'reason': '1号艇rel_win1 < 45%: 通常判定に委ねる', 'tenji_trigger': ''}",,,33.1,逃げ狙い,34.86,28.2,3,,,,,,,,,,,
2025-05-28,丸亀,1,5,山口　剛,A1,28.85,5,,5.0477,15.5,73,80,0.119,2.5,,,0,低,5,1,差ま0%,3,0,100,2.0152,0,0,0,0.1667,0,0,0.1429,0.1429,,○,E,○,,0.4046,0.8035,,0.4878,A,77,0,◎-○軸 3着3〜4艇流し（10〜15点）,0.5777,"{'is_target': False, 'verdict': '対象外', 'max_combo_prob': None, 'est_top_odds': None, 'circle_concentration': None, 'eligible_count': 0, 'bet_adj': 0, 'reason': '1号艇rel_win1 < 45%: 通常判定に委ねる', 'tenji_trigger': ''}",,,33.1,逃げ狙い,34.86,28.2,3,,,,,,,,,,,
2025-05-28,丸亀,1,6,川井　萌,A1,39.77,6,△,2.8414,4.6,60,55.6,0.1644,3.4444,,,0,低,50,0,-,52,0,95.5,2.0686,,,,,,0,0.5,0,,,B,,,0.2617,0.6045,,0.4878,A,77,0,◎-○軸 3着3〜4艇流し（10〜15点）,0.5777,"{'is_target': False, 'verdict': '対象外', 'max_combo_prob': None, 'est_top_odds': None, 'circle_concentration': None, 'eligible_count': 0, 'bet_adj': 0, 'reason': '1号艇rel_win1 < 45%: 通常判定に委ねる', 'tenji_trigger': ''}",,,33.1,逃げ狙い,34.86,28.2,3,,,,,,,,,,,
2025-05-28,丸亀,2,1,守田俊介,A1,33.14,1,◎,51.5548,,0,100,0.1163,2.3043,,,0,低,21,0,逃1%,3,0,81.3,1.2313,0.85,,,,,0.05,0,0,◎,,C,◎,,,0.704,,0.643,S,100,0,◎1着固定 2-3着流し（5〜8点）,0.5777,"{'is_target': True, 'verdict': '点数絞り', 'max_combo_prob': 0.1042, 'est_top_odds': 12.8, 'circle_concentration': 74.7, 'eligible_count': 6, 'bet_adj': 0, 'reason': 'rel_win1=51.6%（本命度） / 最有力組み合わせ確率: 0.104（推定実オッズ?13倍） / 2着集中度: 上位2艇 74.7%（補正+0.04） / 総合判定確率: 0.144 / → ヒモはやや固め。上位2艇以外を切ること', 'tenji_trigger': '展示確認: 1号艇伸び良→そのまま採用。悪→飛び組に差し替え。circle_pct上位2艇に絞り込むこと。\n展示で1号艇スタート超安定(0.116秒)→ヒモ固まり方向に注意'}",,,32.9,逃げ狙い,42.66,21.1,2,,,,,0,0,0.7559,0,,逃げ軸流し,A
2025-05-28,丸亀,2,2,深谷知博,A1,27.54,2,△,17.2933,56.6,58,100,0.1,1.9688,,,0,低,10,0,差0% ま0%,1,0,75.4,1.5919,0,0.4286,0.1429,0,0,0,0,0.1111,,◎,E,△,,0.558,0.6545,,0.643,S,100,0,◎1着固定 2-3着流し（5〜8点）,0.5777,"{'is_target': True, 'verdict': '点数絞り', 'max_combo_prob': 0.1042, 'est_top_odds': 12.8, 'circle_concentration': 74.7, 'eligible_count': 6, 'bet_adj': 0, 'reason': 'rel_win1=51.6%（本命度） / 最有力組み合わせ確率: 0.104（推定実オッズ?13倍） / 2着集中度: 上位2艇 74.7%（補正+0.04） / 総合判定確率: 0.144 / → ヒモはやや固め。上位2艇以外を切ること', 'tenji_trigger': '展示確認: 1号艇伸び良→そのまま採用。悪→飛び組に差し替え。circle_pct上位2艇に絞り込むこと。\n展示で1号艇スタート超安定(0.116秒)→ヒモ固まり方向に注意'}",,,32.9,逃げ狙い,42.66,21.1,2,,,,,,,,,,,
2025-05-28,丸亀,2,3,平高奈菜,A1,34.39,3,▲,13.5558,18.1,77,58.3,0.1575,3.0625,,,0,低,46,0,抜0%,65,0,30.4,1.01,0,0,0.0833,0.0833,0.0833,0.2,0,0.1333,,,B,,,0.1137,0.6215,,0.643,S,100,0,◎1着固定 2-3着流し（5〜8点）,0.5777,"{'is_target': True, 'verdict': '点数絞り', 'max_combo_prob': 0.1042, 'est_top_odds': 12.8, 'circle_concentration': 74.7, 'eligible_count': 6, 'bet_adj': 0, 'reason': 'rel_win1=51.6%（本命度） / 最有力組み合わせ確率: 0.104（推定実オッズ?13倍） / 2着集中度: 上位2艇 74.7%（補正+0.04） / 総合判定確率: 0.144 / → ヒモはやや固め。上位2艇以外を切ること', 'tenji_trigger': '展示確認: 1号艇伸び良→そのまま採用。悪→飛び組に差し替え。circle_pct上位2艇に絞り込むこと。\n展示で1号艇スタート超安定(0.116秒)→ヒモ固まり方向に注意'}",,,32.9,逃げ狙い,42.66,21.1,2,,,,,,,,,,,
2025-05-28,丸亀,2,4,羽野直也,A1,30.54,4,,6.5863,15.1,100,77.8,0.1433,3.3056,,,0,低,17,0,差0%,5,0,100,1.3666,0,0.0909,0,0,0,0.0769,0.1538,0.0769,,,D,○,,0.1862,0.681,,0.643,S,100,0,◎1着固定 2-3着流し（5〜8点）,0.5777,"{'is_target': True, 'verdict': '点数絞り', 'max_combo_prob': 0.1042, 'est_top_odds': 12.8, 'circle_concentration': 74.7, 'eligible_count': 6, 'bet_adj': 0, 'reason': 'rel_win1=51.6%（本命度） / 最有力組み合わせ確率: 0.104（推定実オッズ?13倍） / 2着集中度: 上位2艇 74.7%（補正+0.04） / 総合判定確率: 0.144 / → ヒモはやや固め。上位2艇以外を切ること', 'tenji_trigger': '展示確認: 1号艇伸び良→そのまま採用。悪→飛び組に差し替え。circle_pct上位2艇に絞り込むこと。\n展示で1号艇スタート超安定(0.116秒)→ヒモ固まり方向に注意'}",,,32.9,逃げ狙い,42.66,21.1,2,,,,,,,,,,,
2025-05-28,丸亀,2,5,末永和也,A1,27.81,5,,8.1116,7.5,58,84.6,0.1415,2.4615,,,0,低,16,1,差0% 差ま0%,3,0,100,2.2838,0,0.1429,0,0.2857,0,0,0.1,0,,,D,△,◎,0.2571,0.679,0.5614,0.643,S,100,0,◎1着固定 2-3着流し（5〜8点）,0.5777,"{'is_target': True, 'verdict': '点数絞り', 'max_combo_prob': 0.1042, 'est_top_odds': 12.8, 'circle_concentration': 74.7, 'eligible_count': 6, 'bet_adj': 0, 'reason': 'rel_win1=51.6%（本命度） / 最有力組み合わせ確率: 0.104（推定実オッズ?13倍） / 2着集中度: 上位2艇 74.7%（補正+0.04） / 総合判定確率: 0.144 / → ヒモはやや固め。上位2艇以外を切ること', 'tenji_trigger': '展示確認: 1号艇伸び良→そのまま採用。悪→飛び組に差し替え。circle_pct上位2艇に絞り込むこと。\n展示で1号艇スタート超安定(0.116秒)→ヒモ固まり方向に注意'}",,,32.9,逃げ狙い,42.66,21.1,2,,,,,,,,,,,
2025-05-28,丸亀,2,6,井口佳典,A1,46.71,6,○,2.8982,2.7,45,63.6,0.1564,4.0455,,,0,低,31,1,差ま0%,2,0,60.5,2.3872,0,0,0,0.0303,0,0,0.1667,0.1667,,,A,,,0.1472,0.6355,,0.643,S,100,0,◎1着固定 2-3着流し（5〜8点）,0.5777,"{'is_target': True, 'verdict': '点数絞り', 'max_combo_prob': 0.1042, 'est_top_odds': 12.8, 'circle_concentration': 74.7, 'eligible_count': 6, 'bet_adj': 0, 'reason': 'rel_win1=51.6%（本命度） / 最有力組み合わせ確率: 0.104（推定実オッズ?13倍） / 2着集中度: 上位2艇 74.7%（補正+0.04） / 総合判定確率: 0.144 / → ヒモはやや固め。上位2艇以外を切ること', 'tenji_trigger': '展示確認: 1号艇伸び良→そのまま採用。悪→飛び組に差し替え。circle_pct上位2艇に絞り込むこと。\n展示で1号艇スタート超安定(0.116秒)→ヒモ固まり方向に注意'}",,,32.9,逃げ狙い,42.66,21.1,2,,,,,,,,,,,
2025-05-28,丸亀,3,1,吉田裕平,A1,34.50,1,◎,48.0034,,0,96.7,0.1313,2.0167,,,0,低,29,0,逃1%,5,0,72,1.1835,0.8571,,,,,0,0.1429,0,◎,,C,△,,,0.6645,,0.7965,S,86,0,◎1着固定 2-3着流し（5〜8点）,0.5777,"{'is_target': True, 'verdict': '参加推奨', 'max_combo_prob': 0.0532, 'est_top_odds': 25.1, 'circle_concentration': 62.7, 'eligible_count': 6, 'bet_adj': 2, 'reason': 'rel_win1=48.0%（本命度） / 最有力組み合わせ確率: 0.053（推定実オッズ?25倍） / 2着集中度: 上位2艇 62.7%（補正+0.00） / 総合判定確率: 0.053 / → ヒモ分散。1号艇1着固定で広めのヒモ流し推奨（買い目+2点）', 'tenji_trigger': '展示確認: ヒモ分散レース。1号艇伸び確認後、広めのヒモ流しを採用。穴ヒモ（5・6号艇）を積極的に含める。\n展示で1号艇スタート超安定(0.131秒)→ヒモ固まり方向に注意'}",,,33,逃げ狙い,39.51,23.9,3,,,,,0,0,0.7559,0,,逃げ軸流し,A
2025-05-28,丸亀,3,2,河合佑樹,A1,39.88,2,▲,18.6597,34.8,84,82.6,0.1561,3.5,,,0,低,30,0,差0% 抜0%,1,0,51.7,1.3657,0,0.1429,0,0,0.1429,0.08,0,0,,,C,△,,0.0849,0.6775,,0.7965,S,86,0,◎1着固定 2-3着流し（5〜8点）,0.5777,"{'is_target': True, 'verdict': '参加推奨', 'max_combo_prob': 0.0532, 'est_top_odds': 25.1, 'circle_concentration': 62.7, 'eligible_count': 6, 'bet_adj': 2, 'reason': 'rel_win1=48.0%（本命度） / 最有力組み合わせ確率: 0.053（推定実オッズ?25倍） / 2着集中度: 上位2艇 62.7%（補正+0.00） / 総合判定確率: 0.053 / → ヒモ分散。1号艇1着固定で広めのヒモ流し推奨（買い目+2点）', 'tenji_trigger': '展示確認: ヒモ分散レース。1号艇伸び確認後、広めのヒモ流しを採用。穴ヒモ（5・6号艇）を積極的に含める。\n展示で1号艇スタート超安定(0.131秒)→ヒモ固まり方向に注意'}",,,33,逃げ狙い,39.51,23.9,3,,,,,,,,,,,
2025-05-28,丸亀,3,3,佐藤　翼,A1,45.91,3,○,13.5766,18.1,73,81.8,0.1718,4,,,0,低,13,1,抜0%,1,0,48.6,1.484,0,0,0,0,0.3333,0,0.1429,0.1429,,,A,◎,,0.1341,0.711,,0.7965,S,86,0,◎1着固定 2-3着流し（5〜8点）,0.5777,"{'is_target': True, 'verdict': '参加推奨', 'max_combo_prob': 0.0532, 'est_top_odds': 25.1, 'circle_concentration': 62.7, 'eligible_count': 6, 'bet_adj': 2, 'reason': 'rel_win1=48.0%（本命度） / 最有力組み合わせ確率: 0.053（推定実オッズ?25倍） / 2着集中度: 上位2艇 62.7%（補正+0.00） / 総合判定確率: 0.053 / → ヒモ分散。1号艇1着固定で広めのヒモ流し推奨（買い目+2点）', 'tenji_trigger': '展示確認: ヒモ分散レース。1号艇伸び確認後、広めのヒモ流しを採用。穴ヒモ（5・6号艇）を積極的に含める。\n展示で1号艇スタート超安定(0.131秒)→ヒモ固まり方向に注意'}",,,33,逃げ狙い,39.51,23.9,3,,,,,,,,,,,
2025-05-28,丸亀,3,4,島村隆幸,A1,31.41,4,,10.6931,27.9,74,75,0.1521,3.7679,,,0,低,37,0,ま0% 差ま0%,1,0,61.6,1.4838,0,0,0.1765,0.0588,0,0.05,0.05,0.1,,,D,,◎,0.2432,0.6615,0.3881,0.7965,S,86,0,◎1着固定 2-3着流し（5〜8点）,0.5777,"{'is_target': True, 'verdict': '参加推奨', 'max_combo_prob': 0.0532, 'est_top_odds': 25.1, 'circle_concentration': 62.7, 'eligible_count': 6, 'bet_adj': 2, 'reason': 'rel_win1=48.0%（本命度） / 最有力組み合わせ確率: 0.053（推定実オッズ?25倍） / 2着集中度: 上位2艇 62.7%（補正+0.00） / 総合判定確率: 0.053 / → ヒモ分散。1号艇1着固定で広めのヒモ流し推奨（買い目+2点）', 'tenji_trigger': '展示確認: ヒモ分散レース。1号艇伸び確認後、広めのヒモ流しを採用。穴ヒモ（5・6号艇）を積極的に含める。\n展示で1号艇スタート超安定(0.131秒)→ヒモ固まり方向に注意'}",,,33,逃げ狙い,39.51,23.9,3,,,,,,,,,,,
2025-05-28,丸亀,3,5,西山貴浩,A1,41.29,5,△,8.3031,14.3,100,80,0.163,2.85,,,0,低,17,1,差ま0%,4,0,100,2.1638,0,0,0,0.0385,0,0,0.1429,0,,,B,○,,0.177,0.7,,0.7965,S,86,0,◎1着固定 2-3着流し（5〜8点）,0.5777,"{'is_target': True, 'verdict': '参加推奨', 'max_combo_prob': 0.0532, 'est_top_odds': 25.1, 'circle_concentration': 62.7, 'eligible_count': 6, 'bet_adj': 2, 'reason': 'rel_win1=48.0%（本命度） / 最有力組み合わせ確率: 0.053（推定実オッズ?25倍） / 2着集中度: 上位2艇 62.7%（補正+0.00） / 総合判定確率: 0.053 / → ヒモ分散。1号艇1着固定で広めのヒモ流し推奨（買い目+2点）', 'tenji_trigger': '展示確認: ヒモ分散レース。1号艇伸び確認後、広めのヒモ流しを採用。穴ヒモ（5・6号艇）を積極的に含める。\n展示で1号艇スタート超安定(0.131秒)→ヒモ固まり方向に注意'}",,,33,逃げ狙い,39.51,23.9,3,,,,,,,,,,,
2025-05-28,丸亀,3,6,平山智加,A1,29.11,6,,0.764,4.9,67,40.9,0.1764,4.2727,,,0,低,46,0,-,66,0,38.1,1.2556,,,,,,0,0.1818,0.1818,,,E,,,0.1703,0.651,,0.7965,S,86,0,◎1着固定 2-3着流し（5〜8点）,0.5777,"{'is_target': True, 'verdict': '参加推奨', 'max_combo_prob': 0.0532, 'est_top_odds': 25.1, 'circle_concentration': 62.7, 'eligible_count': 6, 'bet_adj': 2, 'reason': 'rel_win1=48.0%（本命度） / 最有力組み合わせ確率: 0.053（推定実オッズ?25倍） / 2着集中度: 上位2艇 62.7%（補正+0.00） / 総合判定確率: 0.053 / → ヒモ分散。1号艇1着固定で広めのヒモ流し推奨（買い目+2点）', 'tenji_trigger': '展示確認: ヒモ分散レース。1号艇伸び確認後、広めのヒモ流しを採用。穴ヒモ（5・6号艇）を積極的に含める。\n展示で1号艇スタート超安定(0.131秒)→ヒモ固まり方向に注意'}",,,33,逃げ狙い,39.51,23.9,3,,,,,,,,,,,
2025-05-28,丸亀,4,1,浜田亜理,A1,46.53,1,◎,47.3957,,0,80,0.1633,3.0167,,,0,低,41,0,逃1%,45,0,67.2,1.1394,0.5714,,,,,0.2857,0,0.1429,○,,A,,,,0.6285,,0.4261,B,59,0,◎○△フォーメーション（15〜20点）,0.5777,"{'is_target': True, 'verdict': '参加推奨', 'max_combo_prob': 0.0741, 'est_top_odds': 18.0, 'circle_concentration': 61.8, 'eligible_count': 9, 'bet_adj': 2, 'reason': 'rel_win1=47.4%（本命度） / 最有力組み合わせ確率: 0.074（推定実オッズ?18倍） / 2着集中度: 上位2艇 61.8%（補正+0.00） / 総合判定確率: 0.074 / → ヒモ分散。1号艇1着固定で広めのヒモ流し推奨（買い目+2点）', 'tenji_trigger': '展示確認: ヒモ分散レース。1号艇伸び確認後、広めのヒモ流しを採用。穴ヒモ（5・6号艇）を積極的に含める。'}",,,39.9,両建て推奨,36.11,32.4,5,,,,,0,0,0.6155,0,,主役軸流し,B
2025-05-28,丸亀,4,2,吉田拡郎,A1,28.86,2,,12.3349,40.9,59,69.2,0.1362,3.5385,,,0,低,10,1,差0% 抜0%,1,0,35.3,1.1059,0,0.2,0,0,0.2,0.0909,0,0,,◎,E,○,,0.597,0.81,,0.4261,B,59,0,◎○△フォーメーション（15〜20点）,0.5777,"{'is_target': True, 'verdict': '参加推奨', 'max_combo_prob': 0.0741, 'est_top_odds': 18.0, 'circle_concentration': 61.8, 'eligible_count': 9, 'bet_adj': 2, 'reason': 'rel_win1=47.4%（本命度） / 最有力組み合わせ確率: 0.074（推定実オッズ?18倍） / 2着集中度: 上位2艇 61.8%（補正+0.00） / 総合判定確率: 0.074 / → ヒモ分散。1号艇1着固定で広めのヒモ流し推奨（買い目+2点）', 'tenji_trigger': '展示確認: ヒモ分散レース。1号艇伸び確認後、広めのヒモ流しを採用。穴ヒモ（5・6号艇）を積極的に含める。'}",,,39.9,両建て推奨,36.11,32.4,5,,,,,,,,,,,
2025-05-28,丸亀,4,3,山崎　郡,A1,38.55,3,▲,15.6976,20.8,76,75.9,0.14,2.7241,,,0,低,34,0,ま0% 差ま0%,4,0,74.8,1.4567,0,0,0.0625,0.1875,0,0,0.0417,0.0417,,○,C,△,,0.4358,0.6985,,0.4261,B,59,0,◎○△フォーメーション（15〜20点）,0.5777,"{'is_target': True, 'verdict': '参加推奨', 'max_combo_prob': 0.0741, 'est_top_odds': 18.0, 'circle_concentration': 61.8, 'eligible_count': 9, 'bet_adj': 2, 'reason': 'rel_win1=47.4%（本命度） / 最有力組み合わせ確率: 0.074（推定実オッズ?18倍） / 2着集中度: 上位2艇 61.8%（補正+0.00） / 総合判定確率: 0.074 / → ヒモ分散。1号艇1着固定で広めのヒモ流し推奨（買い目+2点）', 'tenji_trigger': '展示確認: ヒモ分散レース。1号艇伸び確認後、広めのヒモ流しを採用。穴ヒモ（5・6号艇）を積極的に含める。'}",,,39.9,両建て推奨,36.11,32.4,5,,,,,,,,,,,
2025-05-28,丸亀,4,4,土屋智則,A1,42.11,4,○,12.954,20.1,100,100,0.1521,2.9737,,,0,低,34,0,差0% 差ま0%,2,0,93.9,1.8921,0,0.125,0,0.125,0,0.1235,0.1235,0.1471,,,B,,◎,0.347,0.627,0.4692,0.4261,B,59,0,◎○△フォーメーション（15〜20点）,0.5777,"{'is_target': True, 'verdict': '参加推奨', 'max_combo_prob': 0.0741, 'est_top_odds': 18.0, 'circle_concentration': 61.8, 'eligible_count': 9, 'bet_adj': 2, 'reason': 'rel_win1=47.4%（本命度） / 最有力組み合わせ確率: 0.074（推定実オッズ?18倍） / 2着集中度: 上位2艇 61.8%（補正+0.00） / 総合判定確率: 0.074 / → ヒモ分散。1号艇1着固定で広めのヒモ流し推奨（買い目+2点）', 'tenji_trigger': '展示確認: ヒモ分散レース。1号艇伸び確認後、広めのヒモ流しを採用。穴ヒモ（5・6号艇）を積極的に含める。'}",,,39.9,両建て推奨,36.11,32.4,5,,,,,,,,,,,
2025-05-28,丸亀,4,5,池田浩二,A1,35.44,5,△,9.0101,8.4,50,77.8,0.1333,2.8333,,,0,低,6,1,抜0%,5,0,100,2.0924,0,0,0,0,0.25,,,,,△,C,◎,,0.4061,0.818,,0.4261,B,59,0,◎○△フォーメーション（15〜20点）,0.5777,"{'is_target': True, 'verdict': '参加推奨', 'max_combo_prob': 0.0741, 'est_top_odds': 18.0, 'circle_concentration': 61.8, 'eligible_count': 9, 'bet_adj': 2, 'reason': 'rel_win1=47.4%（本命度） / 最有力組み合わせ確率: 0.074（推定実オッズ?18倍） / 2着集中度: 上位2艇 61.8%（補正+0.00） / 総合判定確率: 0.074 / → ヒモ分散。1号艇1着固定で広めのヒモ流し推奨（買い目+2点）', 'tenji_trigger': '展示確認: ヒモ分散レース。1号艇伸び確認後、広めのヒモ流しを採用。穴ヒモ（5・6号艇）を積極的に含める。'}",,,39.9,両建て推奨,36.11,32.4,5,,,,,,,,,,,
2025-05-28,丸亀,4,6,山田康二,A1,30.30,6,,2.6077,9.7,36,47.4,0.1674,3.3947,,,0,低,35,0,差ま0%,2,0,52.6,1.7533,0,0,0,0.0435,0,0.0211,0.1211,0.1632,,,D,△,,0.2683,0.6765,,0.4261,B,59,0,◎○△フォーメーション（15〜20点）,0.5777,"{'is_target': True, 'verdict': '参加推奨', 'max_combo_prob': 0.0741, 'est_top_odds': 18.0, 'circle_concentration': 61.8, 'eligible_count': 9, 'bet_adj': 2, 'reason': 'rel_win1=47.4%（本命度） / 最有力組み合わせ確率: 0.074（推定実オッズ?18倍） / 2着集中度: 上位2艇 61.8%（補正+0.00） / 総合判定確率: 0.074 / → ヒモ分散。1号艇1着固定で広めのヒモ流し推奨（買い目+2点）', 'tenji_trigger': '展示確認: ヒモ分散レース。1号艇伸び確認後、広めのヒモ流しを採用。穴ヒモ（5・6号艇）を積極的に含める。'}",,,39.9,両建て推奨,36.11,32.4,5,,,,,,,,,,,
2025-05-28,丸亀,5,1,遠藤エミ,A1,45.03,1,◎,44.3369,,0,86.4,0.1559,3,,,0,低,24,0,逃1%,34,0,61.8,1.0631,0.5714,,,,,0.1429,0.1429,0.1429,◎,,B,,,,0.649,,0.5231,S,81,0,◎1着固定 2-3着流し（5〜8点）,0.5777,"{'is_target': False, 'verdict': '対象外', 'max_combo_prob': None, 'est_top_odds': None, 'circle_concentration': None, 'eligible_count': 0, 'bet_adj': 0, 'reason': '1号艇rel_win1 < 45%: 通常判定に委ねる', 'tenji_trigger': ''}",,,33.8,逃げ狙い,34.41,30.7,4,,,,,0,0,0.7559,0,,逃げ軸流し,A
2025-05-28,丸亀,5,2,佐藤隆太,A1,50.00,2,○,16.2348,35.5,86,82.6,0.1422,3,,,0,低,32,0,差0% ま0%,1,0,74,1.3376,0,0.25,0.125,0,0,0.0833,0.0833,0,,◎,A,△,,0.492,0.6665,,0.5231,S,81,0,◎1着固定 2-3着流し（5〜8点）,0.5777,"{'is_target': False, 'verdict': '対象外', 'max_combo_prob': None, 'est_top_odds': None, 'circle_concentration': None, 'eligible_count': 0, 'bet_adj': 0, 'reason': '1号艇rel_win1 < 45%: 通常判定に委ねる', 'tenji_trigger': ''}",,,33.8,逃げ狙い,34.41,30.7,4,,,,,,,,,,,
2025-05-28,丸亀,5,3,磯部　誠,A1,37.91,3,△,9.6894,29.3,63,64.3,0.1464,2.5357,,,0,低,9,1,ま0%,4,0,33.7,1.1373,0,0,0.1667,0,0,,,,,△,D,○,,0.3579,0.715,,0.5231,S,81,0,◎1着固定 2-3着流し（5〜8点）,0.5777,"{'is_target': False, 'verdict': '対象外', 'max_combo_prob': None, 'est_top_odds': None, 'circle_concentration': None, 'eligible_count': 0, 'bet_adj': 0, 'reason': '1号艇rel_win1 < 45%: 通常判定に委ねる', 'tenji_trigger': ''}",,,33.8,逃げ狙い,34.41,30.7,4,,,,,,,,,,,
2025-05-28,丸亀,5,4,椎名　豊,A1,41.61,4,▲,21.2732,16.7,100,75.9,0.1455,3.1897,,,0,低,42,0,差0% ま0% 差ま0%,5,0,95.2,1.907,0,0.125,0.0625,0.125,0,0.1382,0,0.0364,,,C,,◎,0.3498,0.664,0.3912,0.5231,S,81,0,◎1着固定 2-3着流し（5〜8点）,0.5777,"{'is_target': False, 'verdict': '対象外', 'max_combo_prob': None, 'est_top_odds': None, 'circle_concentration': None, 'eligible_count': 0, 'bet_adj': 0, 'reason': '1号艇rel_win1 < 45%: 通常判定に委ねる', 'tenji_trigger': ''}",,,33.8,逃げ狙い,34.41,30.7,4,,,,,,,,,,,
2025-05-28,丸亀,5,5,篠崎仁志,A1,39.18,5,,7.0089,14.8,87,57.1,0.1464,3.0357,,,0,低,29,0,差0%,5,0,54.9,1.5981,0,0.0909,0,0,0,0.0952,0,0,,,C,△,,0.3202,0.7005,,0.5231,S,81,0,◎1着固定 2-3着流し（5〜8点）,0.5777,"{'is_target': False, 'verdict': '対象外', 'max_combo_prob': None, 'est_top_odds': None, 'circle_concentration': None, 'eligible_count': 0, 'bet_adj': 0, 'reason': '1号艇rel_win1 < 45%: 通常判定に委ねる', 'tenji_trigger': ''}",,,33.8,逃げ狙い,34.41,30.7,4,,,,,,,,,,,
2025-05-28,丸亀,5,6,峰　竜太,A1,37.79,6,,1.4568,3.7,47,66.7,0.1233,2.5,,,0,低,4,1,-,1,0,100,2.4397,,,,,,0,0,0,,○,D,◎,,0.4162,0.8175,,0.5231,S,81,0,◎1着固定 2-3着流し（5〜8点）,0.5777,"{'is_target': False, 'verdict': '対象外', 'max_combo_prob': None, 'est_top_odds': None, 'circle_concentration': None, 'eligible_count': 0, 'bet_adj': 0, 'reason': '1号艇rel_win1 < 45%: 通常判定に委ねる', 'tenji_trigger': ''}",,,33.8,逃げ狙い,34.41,30.7,4,,,,,,,,,,,
2025-05-28,丸亀,6,1,定松勇樹,A1,35.37,1,◎,47.4639,,0,92,0.1464,3.16,,,0,低,27,0,逃1%,44,0,65.5,1.1329,0.6429,,,,,0.0714,0.1429,0.1429,◎,,B,,,,0.6185,,0.4516,S,86,0,◎1着固定 2-3着流し（5〜8点）,0.5777,"{'is_target': True, 'verdict': '参加推奨', 'max_combo_prob': 0.0453, 'est_top_odds': 29.5, 'circle_concentration': 58.9, 'eligible_count': 6, 'bet_adj': 2, 'reason': 'rel_win1=47.5%（本命度） / 最有力組み合わせ確率: 0.045（推定実オッズ?30倍） / 2着集中度: 上位2艇 58.9%（補正+0.00） / 総合判定確率: 0.045 / → ヒモ分散。1号艇1着固定で広めのヒモ流し推奨（買い目+2点）', 'tenji_trigger': '展示確認: ヒモ分散レース。1号艇伸び確認後、広めのヒモ流しを採用。穴ヒモ（5・6号艇）を積極的に含める。'}",,,35.3,逃げ狙い,43.22,27.3,2,,,,,0,0,0.7559,0,,逃げ軸流し,A
2025-05-28,丸亀,6,2,瓜生正義,A1,27.84,2,,15.5407,30.8,73,75,0.1442,3,,,0,低,21,1,差0% ま0%,5,0,38.8,1.2238,0,0.375,0.375,0,0,0.0833,0.0833,0.1667,,,D,○,,0.4179,0.653,,0.4516,S,86,0,◎1着固定 2-3着流し（5〜8点）,0.5777,"{'is_target': True, 'verdict': '参加推奨', 'max_combo_prob': 0.0453, 'est_top_odds': 29.5, 'circle_concentration': 58.9, 'eligible_count': 6, 'bet_adj': 2, 'reason': 'rel_win1=47.5%（本命度） / 最有力組み合わせ確率: 0.045（推定実オッズ?30倍） / 2着集中度: 上位2艇 58.9%（補正+0.00） / 総合判定確率: 0.045 / → ヒモ分散。1号艇1着固定で広めのヒモ流し推奨（買い目+2点）', 'tenji_trigger': '展示確認: ヒモ分散レース。1号艇伸び確認後、広めのヒモ流しを採用。穴ヒモ（5・6号艇）を積極的に含める。'}",,,35.3,逃げ狙い,43.22,27.3,2,,,,,,,,,,,
2025-05-28,丸亀,6,3,山口　剛,A1,28.85,3,△,14.0459,28.1,100,93.3,0.1213,2.3,,,0,低,5,0,差0% 差ま0%,3,0,70.9,1.6431,0,0.125,0,0.25,0,0,0.1429,0.1429,,○,D,◎,,0.4533,0.8035,,0.4516,S,86,0,◎1着固定 2-3着流し（5〜8点）,0.5777,"{'is_target': True, 'verdict': '参加推奨', 'max_combo_prob': 0.0453, 'est_top_odds': 29.5, 'circle_concentration': 58.9, 'eligible_count': 6, 'bet_adj': 2, 'reason': 'rel_win1=47.5%（本命度） / 最有力組み合わせ確率: 0.045（推定実オッズ?30倍） / 2着集中度: 上位2艇 58.9%（補正+0.00） / 総合判定確率: 0.045 / → ヒモ分散。1号艇1着固定で広めのヒモ流し推奨（買い目+2点）', 'tenji_trigger': '展示確認: ヒモ分散レース。1号艇伸び確認後、広めのヒモ流しを採用。穴ヒモ（5・6号艇）を積極的に含める。'}",,,35.3,逃げ狙い,43.22,27.3,2,,,,,,,,,,,
2025-05-28,丸亀,6,4,今垣光太,A1,33.55,4,○,13.4078,26.4,74,84,0.1272,2.68,,,0,低,52,0,ま0% 差ま0%,36,0,79.4,1.7166,0,0,0.3,0.1,0,0.0769,0,0,,△,C,,◎,0.433,0.58,0.3767,0.4516,S,86,0,◎1着固定 2-3着流し（5〜8点）,0.5777,"{'is_target': True, 'verdict': '参加推奨', 'max_combo_prob': 0.0453, 'est_top_odds': 29.5, 'circle_concentration': 58.9, 'eligible_count': 6, 'bet_adj': 2, 'reason': 'rel_win1=47.5%（本命度） / 最有力組み合わせ確率: 0.045（推定実オッズ?30倍） / 2着集中度: 上位2艇 58.9%（補正+0.00） / 総合判定確率: 0.045 / → ヒモ分散。1号艇1着固定で広めのヒモ流し推奨（買い目+2点）', 'tenji_trigger': '展示確認: ヒモ分散レース。1号艇伸び確認後、広めのヒモ流しを採用。穴ヒモ（5・6号艇）を積極的に含める。'}",,,35.3,逃げ狙い,43.22,27.3,2,,,,,,,,,,,
2025-05-28,丸亀,6,5,清水愛海,A1,37.80,5,▲,7.7873,11.9,95,55.6,0.1696,3.6852,,,0,低,73,0,差ま0%,64,0,61.8,1.606,0,0,0,0.25,0,0.0909,0.1818,0,,,B,△,,0.2522,0.634,,0.4516,S,86,0,◎1着固定 2-3着流し（5〜8点）,0.5777,"{'is_target': True, 'verdict': '参加推奨', 'max_combo_prob': 0.0453, 'est_top_odds': 29.5, 'circle_concentration': 58.9, 'eligible_count': 6, 'bet_adj': 2, 'reason': 'rel_win1=47.5%（本命度） / 最有力組み合わせ確率: 0.045（推定実オッズ?30倍） / 2着集中度: 上位2艇 58.9%（補正+0.00） / 総合判定確率: 0.045 / → ヒモ分散。1号艇1着固定で広めのヒモ流し推奨（買い目+2点）', 'tenji_trigger': '展示確認: ヒモ分散レース。1号艇伸び確認後、広めのヒモ流しを採用。穴ヒモ（5・6号艇）を積極的に含める。'}",,,35.3,逃げ狙い,43.22,27.3,2,,,,,,,,,,,
2025-05-28,丸亀,6,6,毒島　誠,A1,28.03,6,,1.7544,2.8,54,100,0.09,3,,,0,低,9,1,-,2,0,100,3.5506,,,,,,,,,,◎,D,△,,0.4822,0.6275,,0.4516,S,86,0,◎1着固定 2-3着流し（5〜8点）,0.5777,"{'is_target': True, 'verdict': '参加推奨', 'max_combo_prob': 0.0453, 'est_top_odds': 29.5, 'circle_concentration': 58.9, 'eligible_count': 6, 'bet_adj': 2, 'reason': 'rel_win1=47.5%（本命度） / 最有力組み合わせ確率: 0.045（推定実オッズ?30倍） / 2着集中度: 上位2艇 58.9%（補正+0.00） / 総合判定確率: 0.045 / → ヒモ分散。1号艇1着固定で広めのヒモ流し推奨（買い目+2点）', 'tenji_trigger': '展示確認: ヒモ分散レース。1号艇伸び確認後、広めのヒモ流しを採用。穴ヒモ（5・6号艇）を積極的に含める。'}",,,35.3,逃げ狙い,43.22,27.3,2,,,,,,,,,,,
2025-05-28,丸亀,7,1,羽野直也,A1,30.54,1,◎,47.502,,0,95.5,0.1409,3.2045,,,0,低,17,0,逃1%,5,0,73.2,1.1693,0.6923,,,,,0.0769,0.1538,0.0769,◎,,D,○,,,0.681,,0.5444,A,70,0,◎-○軸 3着3〜4艇流し（10〜15点）,0.5777,"{'is_target': True, 'verdict': '参加推奨', 'max_combo_prob': 0.0471, 'est_top_odds': 28.3, 'circle_concentration': 62.1, 'eligible_count': 8, 'bet_adj': 2, 'reason': 'rel_win1=47.5%（本命度） / 最有力組み合わせ確率: 0.047（推定実オッズ?28倍） / 2着集中度: 上位2艇 62.1%（補正+0.00） / 総合判定確率: 0.047 / → ヒモ分散。1号艇1着固定で広めのヒモ流し推奨（買い目+2点）', 'tenji_trigger': '展示確認: ヒモ分散レース。1号艇伸び確認後、広めのヒモ流しを採用。穴ヒモ（5・6号艇）を積極的に含める。'}",,,33.7,逃げ狙い,38.31,26.9,3,,,,,0,0,0.7559,0,,逃げ軸流し,A
2025-05-28,丸亀,7,2,松井　繁,A1,31.48,2,,13.2288,29.6,100,84.6,0.1754,4,,,0,低,24,1,差1%,34,0,49.4,1.3305,0,0.5714,0,0,0,0.0714,0.2143,0,,,C,,,0.1889,0.6505,,0.5444,A,70,0,◎-○軸 3着3〜4艇流し（10〜15点）,0.5777,"{'is_target': True, 'verdict': '参加推奨', 'max_combo_prob': 0.0471, 'est_top_odds': 28.3, 'circle_concentration': 62.1, 'eligible_count': 8, 'bet_adj': 2, 'reason': 'rel_win1=47.5%（本命度） / 最有力組み合わせ確率: 0.047（推定実オッズ?28倍） / 2着集中度: 上位2艇 62.1%（補正+0.00） / 総合判定確率: 0.047 / → ヒモ分散。1号艇1着固定で広めのヒモ流し推奨（買い目+2点）', 'tenji_trigger': '展示確認: ヒモ分散レース。1号艇伸び確認後、広めのヒモ流しを採用。穴ヒモ（5・6号艇）を積極的に含める。'}",,,33.7,逃げ狙い,38.31,26.9,3,,,,,,,,,,,
2025-05-28,丸亀,7,3,茅原悠紀,A1,30.99,3,△,18.456,32.5,79,95,0.152,2.4,,,0,低,13,0,ま0% 抜0%,3,0,76,1.7921,0,0,0.3636,0,0.1818,0,0,0.0714,,,D,△,,0.2941,0.6725,,0.5444,A,70,0,◎-○軸 3着3〜4艇流し（10〜15点）,0.5777,"{'is_target': True, 'verdict': '参加推奨', 'max_combo_prob': 0.0471, 'est_top_odds': 28.3, 'circle_concentration': 62.1, 'eligible_count': 8, 'bet_adj': 2, 'reason': 'rel_win1=47.5%（本命度） / 最有力組み合わせ確率: 0.047（推定実オッズ?28倍） / 2着集中度: 上位2艇 62.1%（補正+0.00） / 総合判定確率: 0.047 / → ヒモ分散。1号艇1着固定で広めのヒモ流し推奨（買い目+2点）', 'tenji_trigger': '展示確認: ヒモ分散レース。1号艇伸び確認後、広めのヒモ流しを採用。穴ヒモ（5・6号艇）を積極的に含める。'}",,,33.7,逃げ狙い,38.31,26.9,3,,,,,,,,,,,
2025-05-28,丸亀,7,4,實森美祐,A1,39.24,4,○,9.1581,13.7,87,60.9,0.1391,3.6304,,,0,低,24,0,差0% ま0%,23,0,100,1.2164,0,0.0667,0.0667,0,0,0,0.1333,0,,,B,,,0.2924,0.645,,0.5444,A,70,0,◎-○軸 3着3〜4艇流し（10〜15点）,0.5777,"{'is_target': True, 'verdict': '参加推奨', 'max_combo_prob': 0.0471, 'est_top_odds': 28.3, 'circle_concentration': 62.1, 'eligible_count': 8, 'bet_adj': 2, 'reason': 'rel_win1=47.5%（本命度） / 最有力組み合わせ確率: 0.047（推定実オッズ?28倍） / 2着集中度: 上位2艇 62.1%（補正+0.00） / 総合判定確率: 0.047 / → ヒモ分散。1号艇1着固定で広めのヒモ流し推奨（買い目+2点）', 'tenji_trigger': '展示確認: ヒモ分散レース。1号艇伸び確認後、広めのヒモ流しを採用。穴ヒモ（5・6号艇）を積極的に含める。'}",,,33.7,逃げ狙い,38.31,26.9,3,,,,,,,,,,,
2025-05-28,丸亀,7,5,上野真之,A1,35.98,5,▲,8.4353,16.8,78,75,0.1361,2.4464,,,0,低,15,0,ま0%,3,0,34.3,1.0264,0,0,0.0909,0.1818,0,0,0,0.1333,,,B,◎,,0.3386,0.812,,0.5444,A,70,0,◎-○軸 3着3〜4艇流し（10〜15点）,0.5777,"{'is_target': True, 'verdict': '参加推奨', 'max_combo_prob': 0.0471, 'est_top_odds': 28.3, 'circle_concentration': 62.1, 'eligible_count': 8, 'bet_adj': 2, 'reason': 'rel_win1=47.5%（本命度） / 最有力組み合わせ確率: 0.047（推定実オッズ?28倍） / 2着集中度: 上位2艇 62.1%（補正+0.00） / 総合判定確率: 0.047 / → ヒモ分散。1号艇1着固定で広めのヒモ流し推奨（買い目+2点）', 'tenji_trigger': '展示確認: ヒモ分散レース。1号艇伸び確認後、広めのヒモ流しを採用。穴ヒモ（5・6号艇）を積極的に含める。'}",,,33.7,逃げ狙い,38.31,26.9,3,,,,,,,,,,,
2025-05-28,丸亀,7,6,平本真之,A1,32.37,6,,3.2198,7.4,63,66.7,0.16,3.2222,,,0,低,16,1,差ま0%,52,0,46.4,2.4425,0,0,0,0.3333,0,0.1333,0.0667,0.1333,,,C,△,,0.2945,0.6785,,0.5444,A,70,0,◎-○軸 3着3〜4艇流し（10〜15点）,0.5777,"{'is_target': True, 'verdict': '参加推奨', 'max_combo_prob': 0.0471, 'est_top_odds': 28.3, 'circle_concentration': 62.1, 'eligible_count': 8, 'bet_adj': 2, 'reason': 'rel_win1=47.5%（本命度） / 最有力組み合わせ確率: 0.047（推定実オッズ?28倍） / 2着集中度: 上位2艇 62.1%（補正+0.00） / 総合判定確率: 0.047 / → ヒモ分散。1号艇1着固定で広めのヒモ流し推奨（買い目+2点）', 'tenji_trigger': '展示確認: ヒモ分散レース。1号艇伸び確認後、広めのヒモ流しを採用。穴ヒモ（5・6号艇）を積極的に含める。'}",,,33.7,逃げ狙い,38.31,26.9,3,,,,,,,,,,,
2025-05-28,丸亀,8,1,宮地元輝,A1,35.50,1,◎,59.4993,,0,90.9,0.1268,2.7045,,,0,低,13,0,逃1%,42,0,73.3,1.1682,0.8333,,,,,0,0,0.1667,◎,,C,○,,,0.6895,,0.5774,A,69,0,◎-○軸 3着3〜4艇流し（10〜15点）,0.5777,"{'is_target': True, 'verdict': '参加推奨', 'max_combo_prob': 0.0781, 'est_top_odds': 17.1, 'circle_concentration': 69.6, 'eligible_count': 8, 'bet_adj': 2, 'reason': 'rel_win1=59.5%（本命度） / 最有力組み合わせ確率: 0.078（推定実オッズ?17倍） / 2着集中度: 上位2艇 69.6%（補正+0.00） / 総合判定確率: 0.078 / → ヒモ分散。1号艇1着固定で広めのヒモ流し推奨（買い目+2点）', 'tenji_trigger': '展示確認: ヒモ分散レース。1号艇伸び確認後、広めのヒモ流しを採用。穴ヒモ（5・6号艇）を積極的に含める。\n展示で1号艇スタート超安定(0.127秒)→ヒモ固まり方向に注意'}",,,31.1,逃げ狙い,35.11,22.2,4,,,,,0,0,0.7559,0,,逃げ軸流し,A
2025-05-28,丸亀,8,2,西山貴浩,A1,41.29,2,○,9.9359,43.6,67,66.7,0.1583,3.6667,,,0,低,17,1,差0% ま0%,4,0,33.9,1.0626,0,0.0938,0.0312,0,0,0,0.1429,0,,,B,◎,,0.0688,0.7,,0.5774,A,69,0,◎-○軸 3着3〜4艇流し（10〜15点）,0.5777,"{'is_target': True, 'verdict': '参加推奨', 'max_combo_prob': 0.0781, 'est_top_odds': 17.1, 'circle_concentration': 69.6, 'eligible_count': 8, 'bet_adj': 2, 'reason': 'rel_win1=59.5%（本命度） / 最有力組み合わせ確率: 0.078（推定実オッズ?17倍） / 2着集中度: 上位2艇 69.6%（補正+0.00） / 総合判定確率: 0.078 / → ヒモ分散。1号艇1着固定で広めのヒモ流し推奨（買い目+2点）', 'tenji_trigger': '展示確認: ヒモ分散レース。1号艇伸び確認後、広めのヒモ流しを採用。穴ヒモ（5・6号艇）を積極的に含める。\n展示で1号艇スタート超安定(0.127秒)→ヒモ固まり方向に注意'}",,,31.1,逃げ狙い,35.11,22.2,4,,,,,,,,,,,
2025-05-28,丸亀,8,3,深谷知博,A1,27.54,3,,8.2613,19.5,79,75,0.155,2.5833,,,0,低,10,1,ま0%,1,0,100,1.2169,0,0,0.1667,0,0,0,0,0.1111,,,E,△,,0.1754,0.6545,,0.5774,A,69,0,◎-○軸 3着3〜4艇流し（10〜15点）,0.5777,"{'is_target': True, 'verdict': '参加推奨', 'max_combo_prob': 0.0781, 'est_top_odds': 17.1, 'circle_concentration': 69.6, 'eligible_count': 8, 'bet_adj': 2, 'reason': 'rel_win1=59.5%（本命度） / 最有力組み合わせ確率: 0.078（推定実オッズ?17倍） / 2着集中度: 上位2艇 69.6%（補正+0.00） / 総合判定確率: 0.078 / → ヒモ分散。1号艇1着固定で広めのヒモ流し推奨（買い目+2点）', 'tenji_trigger': '展示確認: ヒモ分散レース。1号艇伸び確認後、広めのヒモ流しを採用。穴ヒモ（5・6号艇）を積極的に含める。\n展示で1号艇スタート超安定(0.127秒)→ヒモ固まり方向に注意'}",,,31.1,逃げ狙い,35.11,22.2,4,,,,,,,,,,,
2025-05-28,丸亀,8,4,中村日向,A1,33.13,4,△,13.7044,26,85,79.3,0.1483,2.8103,,,0,低,40,0,差0% ま0% 差ま0% 抜0%,5,0,77.2,1.6504,0,0.0909,0.0909,0.2727,0.1818,0.1538,0.0769,0,,,D,,◎,0.2549,0.645,0.4696,0.5774,A,69,0,◎-○軸 3着3〜4艇流し（10〜15点）,0.5777,"{'is_target': True, 'verdict': '参加推奨', 'max_combo_prob': 0.0781, 'est_top_odds': 17.1, 'circle_concentration': 69.6, 'eligible_count': 8, 'bet_adj': 2, 'reason': 'rel_win1=59.5%（本命度） / 最有力組み合わせ確率: 0.078（推定実オッズ?17倍） / 2着集中度: 上位2艇 69.6%（補正+0.00） / 総合判定確率: 0.078 / → ヒモ分散。1号艇1着固定で広めのヒモ流し推奨（買い目+2点）', 'tenji_trigger': '展示確認: ヒモ分散レース。1号艇伸び確認後、広めのヒモ流しを採用。穴ヒモ（5・6号艇）を積極的に含める。\n展示で1号艇スタート超安定(0.127秒)→ヒモ固まり方向に注意'}",,,31.1,逃げ狙い,35.11,22.2,4,,,,,,,,,,,
2025-05-28,丸亀,8,5,原田幸哉,A1,34.34,5,▲,5.2458,9.4,68,100,0.1087,2.3125,,,0,低,11,1,ま0% 差ま0%,6,0,100,2.4481,0,0,0.3333,0.3333,0,0.0833,0.1667,0,,◎,C,△,,0.4506,0.6755,,0.5774,A,69,0,◎-○軸 3着3〜4艇流し（10〜15点）,0.5777,"{'is_target': True, 'verdict': '参加推奨', 'max_combo_prob': 0.0781, 'est_top_odds': 17.1, 'circle_concentration': 69.6, 'eligible_count': 8, 'bet_adj': 2, 'reason': 'rel_win1=59.5%（本命度） / 最有力組み合わせ確率: 0.078（推定実オッズ?17倍） / 2着集中度: 上位2艇 69.6%（補正+0.00） / 総合判定確率: 0.078 / → ヒモ分散。1号艇1着固定で広めのヒモ流し推奨（買い目+2点）', 'tenji_trigger': '展示確認: ヒモ分散レース。1号艇伸び確認後、広めのヒモ流しを採用。穴ヒモ（5・6号艇）を積極的に含める。\n展示で1号艇スタート超安定(0.127秒)→ヒモ固まり方向に注意'}",,,31.1,逃げ狙い,35.11,22.2,4,,,,,,,,,,,
2025-05-28,丸亀,8,6,西橋奈未,A1,36.36,6,,3.3533,1.5,100,58.3,0.1754,3.5417,,,0,低,34,0,差ま0% 抜0%,13,0,38.5,2.1708,0,0,0,0.1429,0.1429,0.0667,0.2167,0.2167,,,B,,,0.1417,0.6055,,0.5774,A,69,0,◎-○軸 3着3〜4艇流し（10〜15点）,0.5777,"{'is_target': True, 'verdict': '参加推奨', 'max_combo_prob': 0.0781, 'est_top_odds': 17.1, 'circle_concentration': 69.6, 'eligible_count': 8, 'bet_adj': 2, 'reason': 'rel_win1=59.5%（本命度） / 最有力組み合わせ確率: 0.078（推定実オッズ?17倍） / 2着集中度: 上位2艇 69.6%（補正+0.00） / 総合判定確率: 0.078 / → ヒモ分散。1号艇1着固定で広めのヒモ流し推奨（買い目+2点）', 'tenji_trigger': '展示確認: ヒモ分散レース。1号艇伸び確認後、広めのヒモ流しを採用。穴ヒモ（5・6号艇）を積極的に含める。\n展示で1号艇スタート超安定(0.127秒)→ヒモ固まり方向に注意'}",,,31.1,逃げ狙い,35.11,22.2,4,,,,,,,,,,,
2025-05-28,丸亀,9,1,片岡雅裕,A1,29.19,1,◎,47.9856,,0,93.1,0.129,2.5172,,,0,低,5,0,逃1%,61,0,41.4,0.971,0.7857,,,,,0.0286,0,0.3571,◎,,D,◎,,,0.8292,,0.5511,A,75,0,◎-○軸 3着3〜4艇流し（10〜15点）,0.5777,"{'is_target': True, 'verdict': '参加推奨', 'max_combo_prob': 0.0783, 'est_top_odds': 17.0, 'circle_concentration': 74.8, 'eligible_count': 8, 'bet_adj': 2, 'reason': 'rel_win1=48.0%（本命度） / 最有力組み合わせ確率: 0.078（推定実オッズ?17倍） / 2着集中度: 上位2艇 74.8%（補正+0.04） / 総合判定確率: 0.118 / → ヒモ分散。1号艇1着固定で広めのヒモ流し推奨（買い目+2点）', 'tenji_trigger': '展示確認: ヒモ分散レース。1号艇伸び確認後、広めのヒモ流しを採用。穴ヒモ（5・6号艇）を積極的に含める。\n展示で1号艇スタート超安定(0.129秒)→ヒモ固まり方向に注意'}",,,37.3,逃げ狙い,52.09,25.4,2,,,,,0,0,0.7559,0,,逃げ軸流し,A
2025-05-28,丸亀,9,2,佐藤　翼,A1,45.91,2,○,14.5694,41.1,73,100,0.1118,2.2273,,,0,低,13,1,ま0% 抜0%,1,0,64.1,1.5603,0,0,0.1429,0,0.1429,0,0.1429,0.1429,,◎,A,△,,0.4931,0.711,,0.5511,A,75,0,◎-○軸 3着3〜4艇流し（10〜15点）,0.5777,"{'is_target': True, 'verdict': '参加推奨', 'max_combo_prob': 0.0783, 'est_top_odds': 17.0, 'circle_concentration': 74.8, 'eligible_count': 8, 'bet_adj': 2, 'reason': 'rel_win1=48.0%（本命度） / 最有力組み合わせ確率: 0.078（推定実オッズ?17倍） / 2着集中度: 上位2艇 74.8%（補正+0.04） / 総合判定確率: 0.118 / → ヒモ分散。1号艇1着固定で広めのヒモ流し推奨（買い目+2点）', 'tenji_trigger': '展示確認: ヒモ分散レース。1号艇伸び確認後、広めのヒモ流しを採用。穴ヒモ（5・6号艇）を積極的に含める。\n展示で1号艇スタート超安定(0.129秒)→ヒモ固まり方向に注意'}",,,37.3,逃げ狙い,52.09,25.4,2,,,,,,,,,,,
2025-05-28,丸亀,9,3,池田浩二,A1,35.44,3,△,11.7259,33.7,60,100,0.1181,2.4375,,,0,低,6,0,差0% 差ま0%,5,0,58.4,1.6448,0,0.2,0,0.2,0,,,,,○,C,○,,0.3916,0.818,,0.5511,A,75,0,◎-○軸 3着3〜4艇流し（10〜15点）,0.5777,"{'is_target': True, 'verdict': '参加推奨', 'max_combo_prob': 0.0783, 'est_top_odds': 17.0, 'circle_concentration': 74.8, 'eligible_count': 8, 'bet_adj': 2, 'reason': 'rel_win1=48.0%（本命度） / 最有力組み合わせ確率: 0.078（推定実オッズ?17倍） / 2着集中度: 上位2艇 74.8%（補正+0.04） / 総合判定確率: 0.118 / → ヒモ分散。1号艇1着固定で広めのヒモ流し推奨（買い目+2点）', 'tenji_trigger': '展示確認: ヒモ分散レース。1号艇伸び確認後、広めのヒモ流しを採用。穴ヒモ（5・6号艇）を積極的に含める。\n展示で1号艇スタート超安定(0.129秒)→ヒモ固まり方向に注意'}",,,37.3,逃げ狙い,52.09,25.4,2,,,,,,,,,,,
2025-05-28,丸亀,9,4,末永和也,A1,27.81,4,,9.73,11.7,100,88.2,0.1424,3.1765,,,0,低,16,0,差0% ま0%,3,0,68.5,1.6145,0,0.0333,0.1,0,0,0,0.1,0,,,E,,○,0.244,0.679,0.335,0.5511,A,75,0,◎-○軸 3着3〜4艇流し（10〜15点）,0.5777,"{'is_target': True, 'verdict': '参加推奨', 'max_combo_prob': 0.0783, 'est_top_odds': 17.0, 'circle_concentration': 74.8, 'eligible_count': 8, 'bet_adj': 2, 'reason': 'rel_win1=48.0%（本命度） / 最有力組み合わせ確率: 0.078（推定実オッズ?17倍） / 2着集中度: 上位2艇 74.8%（補正+0.04） / 総合判定確率: 0.118 / → ヒモ分散。1号艇1着固定で広めのヒモ流し推奨（買い目+2点）', 'tenji_trigger': '展示確認: ヒモ分散レース。1号艇伸び確認後、広めのヒモ流しを採用。穴ヒモ（5・6号艇）を積極的に含める。\n展示で1号艇スタート超安定(0.129秒)→ヒモ固まり方向に注意'}",,,37.3,逃げ狙い,52.09,25.4,2,,,,,,,,,,,
2025-05-28,丸亀,9,5,前田将太,A1,36.94,5,▲,11.9081,11.2,49,69,0.1228,2.6897,,,0,低,42,0,ま0% 差ま0%,6,0,100,2.0462,0,0,0.0909,0.0909,0,0.0476,0.0952,0.0476,,,C,△,◎,0.3256,0.6935,0.4232,0.5511,A,75,0,◎-○軸 3着3〜4艇流し（10〜15点）,0.5777,"{'is_target': True, 'verdict': '参加推奨', 'max_combo_prob': 0.0783, 'est_top_odds': 17.0, 'circle_concentration': 74.8, 'eligible_count': 8, 'bet_adj': 2, 'reason': 'rel_win1=48.0%（本命度） / 最有力組み合わせ確率: 0.078（推定実オッズ?17倍） / 2着集中度: 上位2艇 74.8%（補正+0.04） / 総合判定確率: 0.118 / → ヒモ分散。1号艇1着固定で広めのヒモ流し推奨（買い目+2点）', 'tenji_trigger': '展示確認: ヒモ分散レース。1号艇伸び確認後、広めのヒモ流しを採用。穴ヒモ（5・6号艇）を積極的に含める。\n展示で1号艇スタート超安定(0.129秒)→ヒモ固まり方向に注意'}",,,37.3,逃げ狙い,52.09,25.4,2,,,,,,,,,,,
2025-05-28,丸亀,9,6,関　浩哉,A1,40.13,6,,4.081,2.3,43,92.9,0.1571,3.7143,,,0,低,34,1,差0%,21,0,100,3.3711,0,0.0345,0,0,0,,,,,,B,,,0.1889,0.6435,,0.5511,A,75,0,◎-○軸 3着3〜4艇流し（10〜15点）,0.5777,"{'is_target': True, 'verdict': '参加推奨', 'max_combo_prob': 0.0783, 'est_top_odds': 17.0, 'circle_concentration': 74.8, 'eligible_count': 8, 'bet_adj': 2, 'reason': 'rel_win1=48.0%（本命度） / 最有力組み合わせ確率: 0.078（推定実オッズ?17倍） / 2着集中度: 上位2艇 74.8%（補正+0.04） / 総合判定確率: 0.118 / → ヒモ分散。1号艇1着固定で広めのヒモ流し推奨（買い目+2点）', 'tenji_trigger': '展示確認: ヒモ分散レース。1号艇伸び確認後、広めのヒモ流しを採用。穴ヒモ（5・6号艇）を積極的に含める。\n展示で1号艇スタート超安定(0.129秒)→ヒモ固まり方向に注意'}",,,37.3,逃げ狙い,52.09,25.4,2,,,,,,,,,,,
2025-05-28,丸亀,10,1,篠崎元志,A1,38.61,1,◎,51.6253,,0,94.4,0.1225,2.1528,,,0,低,22,0,逃1%,4,0,69.5,1.1738,0.7333,,,,,0,0.0667,0.1333,◎,,C,,,,0.662,,0.6639,A,79,0,◎-○軸 3着3〜4艇流し（10〜15点）,0.5777,"{'is_target': True, 'verdict': '参加推奨', 'max_combo_prob': 0.0485, 'est_top_odds': 27.5, 'circle_concentration': 64.8, 'eligible_count': 8, 'bet_adj': 2, 'reason': 'rel_win1=51.6%（本命度） / 最有力組み合わせ確率: 0.048（推定実オッズ?28倍） / 2着集中度: 上位2艇 64.8%（補正+0.00） / 総合判定確率: 0.048 / → ヒモ分散。1号艇1着固定で広めのヒモ流し推奨（買い目+2点）', 'tenji_trigger': '展示確認: ヒモ分散レース。1号艇伸び確認後、広めのヒモ流しを採用。穴ヒモ（5・6号艇）を積極的に含める。\n展示で1号艇スタート超安定(0.122秒)→ヒモ固まり方向に注意'}",,,34.8,逃げ狙い,46.42,23.3,3,,,,,0,0,0.7559,0,,逃げ軸流し,A
2025-05-28,丸亀,10,2,石野貴之,A1,41.61,2,○,14.5796,32.8,89,77.8,0.1561,3.3333,,,0,低,40,0,差0%,41,0,39.6,1.2516,0,0.1111,0,0,0,0,0.1176,0,,,B,,,0.075,0.5965,,0.6639,A,79,0,◎-○軸 3着3〜4艇流し（10〜15点）,0.5777,"{'is_target': True, 'verdict': '参加推奨', 'max_combo_prob': 0.0485, 'est_top_odds': 27.5, 'circle_concentration': 64.8, 'eligible_count': 8, 'bet_adj': 2, 'reason': 'rel_win1=51.6%（本命度） / 最有力組み合わせ確率: 0.048（推定実オッズ?28倍） / 2着集中度: 上位2艇 64.8%（補正+0.00） / 総合判定確率: 0.048 / → ヒモ分散。1号艇1着固定で広めのヒモ流し推奨（買い目+2点）', 'tenji_trigger': '展示確認: ヒモ分散レース。1号艇伸び確認後、広めのヒモ流しを採用。穴ヒモ（5・6号艇）を積極的に含める。\n展示で1号艇スタート超安定(0.122秒)→ヒモ固まり方向に注意'}",,,34.8,逃げ狙い,46.42,23.3,3,,,,,,,,,,,
2025-05-28,丸亀,10,3,峰　竜太,A1,37.79,3,△,11.915,17.8,100,77.8,0.1267,2.7778,,,0,低,4,1,ま0%,1,0,53.2,1.3758,0,0,0.2,0,0,0,0,0,,,C,◎,,0.3034,0.8175,,0.6639,A,79,0,◎-○軸 3着3〜4艇流し（10〜15点）,0.5777,"{'is_target': True, 'verdict': '参加推奨', 'max_combo_prob': 0.0485, 'est_top_odds': 27.5, 'circle_concentration': 64.8, 'eligible_count': 8, 'bet_adj': 2, 'reason': 'rel_win1=51.6%（本命度） / 最有力組み合わせ確率: 0.048（推定実オッズ?28倍） / 2着集中度: 上位2艇 64.8%（補正+0.00） / 総合判定確率: 0.048 / → ヒモ分散。1号艇1着固定で広めのヒモ流し推奨（買い目+2点）', 'tenji_trigger': '展示確認: ヒモ分散レース。1号艇伸び確認後、広めのヒモ流しを採用。穴ヒモ（5・6号艇）を積極的に含める。\n展示で1号艇スタート超安定(0.122秒)→ヒモ固まり方向に注意'}",,,34.8,逃げ狙い,46.42,23.3,3,,,,,,,,,,,
2025-05-28,丸亀,10,4,守田俊介,A1,33.14,4,,15.1632,32.1,61,80.7,0.1248,1.9677,,,0,低,21,0,差0% ま0% 差ま0% 抜0%,3,0,80.5,1.7372,0,0.1111,0.2222,0.1111,0.1111,0.05,0,0,,,D,△,◎,0.3282,0.704,0.4346,0.6639,A,79,0,◎-○軸 3着3〜4艇流し（10〜15点）,0.5777,"{'is_target': True, 'verdict': '参加推奨', 'max_combo_prob': 0.0485, 'est_top_odds': 27.5, 'circle_concentration': 64.8, 'eligible_count': 8, 'bet_adj': 2, 'reason': 'rel_win1=51.6%（本命度） / 最有力組み合わせ確率: 0.048（推定実オッズ?28倍） / 2着集中度: 上位2艇 64.8%（補正+0.00） / 総合判定確率: 0.048 / → ヒモ分散。1号艇1着固定で広めのヒモ流し推奨（買い目+2点）', 'tenji_trigger': '展示確認: ヒモ分散レース。1号艇伸び確認後、広めのヒモ流しを採用。穴ヒモ（5・6号艇）を積極的に含める。\n展示で1号艇スタート超安定(0.122秒)→ヒモ固まり方向に注意'}",,,34.8,逃げ狙い,46.42,23.3,3,,,,,,,,,,,
2025-05-28,丸亀,10,5,吉田拡郎,A1,28.86,5,,4.6096,12.6,96,52.4,0.1219,2.7143,,,0,低,10,0,-,1,0,40.3,1.394,,,,,,0.0909,0,0,,,E,○,,0.3083,0.81,,0.6639,A,79,0,◎-○軸 3着3〜4艇流し（10〜15点）,0.5777,"{'is_target': True, 'verdict': '参加推奨', 'max_combo_prob': 0.0485, 'est_top_odds': 27.5, 'circle_concentration': 64.8, 'eligible_count': 8, 'bet_adj': 2, 'reason': 'rel_win1=51.6%（本命度） / 最有力組み合わせ確率: 0.048（推定実オッズ?28倍） / 2着集中度: 上位2艇 64.8%（補正+0.00） / 総合判定確率: 0.048 / → ヒモ分散。1号艇1着固定で広めのヒモ流し推奨（買い目+2点）', 'tenji_trigger': '展示確認: ヒモ分散レース。1号艇伸び確認後、広めのヒモ流しを採用。穴ヒモ（5・6号艇）を積極的に含める。\n展示で1号艇スタート超安定(0.122秒)→ヒモ固まり方向に注意'}",,,34.8,逃げ狙い,46.42,23.3,3,,,,,,,,,,,
2025-05-28,丸亀,10,6,河合佑樹,A1,39.88,6,▲,2.1074,4.8,92,80,0.135,3.35,,,0,低,30,1,差ま0%,1,0,100,2.8744,0,0,0,0.0417,0,0.08,0,0,,,B,△,,0.2411,0.6775,,0.6639,A,79,0,◎-○軸 3着3〜4艇流し（10〜15点）,0.5777,"{'is_target': True, 'verdict': '参加推奨', 'max_combo_prob': 0.0485, 'est_top_odds': 27.5, 'circle_concentration': 64.8, 'eligible_count': 8, 'bet_adj': 2, 'reason': 'rel_win1=51.6%（本命度） / 最有力組み合わせ確率: 0.048（推定実オッズ?28倍） / 2着集中度: 上位2艇 64.8%（補正+0.00） / 総合判定確率: 0.048 / → ヒモ分散。1号艇1着固定で広めのヒモ流し推奨（買い目+2点）', 'tenji_trigger': '展示確認: ヒモ分散レース。1号艇伸び確認後、広めのヒモ流しを採用。穴ヒモ（5・6号艇）を積極的に含める。\n展示で1号艇スタート超安定(0.122秒)→ヒモ固まり方向に注意'}",,,34.8,逃げ狙い,46.42,23.3,3,,,,,,,,,,,
2025-05-28,丸亀,11,1,桐生順平,A1,44.44,1,◎,53.6217,,0,84.6,0.1508,3.3654,,,0,低,20,0,逃0%,32,0,68.6,1.0804,0.5,,,,,0.125,0.25,0.125,◎,,A,△,,,0.7,,0.4752,A,60,0,◎-○軸 3着3〜4艇流し（10〜15点）,0.5777,"{'is_target': True, 'verdict': '参加推奨', 'max_combo_prob': 0.0866, 'est_top_odds': 15.4, 'circle_concentration': 65.9, 'eligible_count': 8, 'bet_adj': 2, 'reason': 'rel_win1=53.6%（本命度） / 最有力組み合わせ確率: 0.087（推定実オッズ?15倍） / 2着集中度: 上位2艇 65.9%（補正+0.00） / 総合判定確率: 0.087 / → ヒモ分散。1号艇1着固定で広めのヒモ流し推奨（買い目+2点）', 'tenji_trigger': '展示確認: ヒモ分散レース。1号艇伸び確認後、広めのヒモ流しを採用。穴ヒモ（5・6号艇）を積極的に含める。'}",,,38.2,両建て推奨,47.03,32.3,3,,,,,0,0,0.7559,0,,逃げ軸流し,A
2025-05-28,丸亀,11,2,上條暢嵩,A1,30.54,2,△,14.2776,49.9,47,92.3,0.15,3.3462,,,0,低,12,1,差0% ま0%,26,0,67.6,1.4498,0,0.2,0.2,0,0,,,,,○,D,○,,0.358,0.7115,,0.4752,A,60,0,◎-○軸 3着3〜4艇流し（10〜15点）,0.5777,"{'is_target': True, 'verdict': '参加推奨', 'max_combo_prob': 0.0866, 'est_top_odds': 15.4, 'circle_concentration': 65.9, 'eligible_count': 8, 'bet_adj': 2, 'reason': 'rel_win1=53.6%（本命度） / 最有力組み合わせ確率: 0.087（推定実オッズ?15倍） / 2着集中度: 上位2艇 65.9%（補正+0.00） / 総合判定確率: 0.087 / → ヒモ分散。1号艇1着固定で広めのヒモ流し推奨（買い目+2点）', 'tenji_trigger': '展示確認: ヒモ分散レース。1号艇伸び確認後、広めのヒモ流しを採用。穴ヒモ（5・6号艇）を積極的に含める。'}",,,38.2,両建て推奨,47.03,32.3,3,,,,,,,,,,,
2025-05-28,丸亀,11,3,毒島　誠,A1,28.03,3,,12.3328,16,63,88.9,0.17,2.5,,,0,低,9,1,差0% ま0% 差ま0%,2,0,82.6,1.5135,0,0.25,0.25,0.25,0,,,,,,E,,,0.2702,0.6275,,0.4752,A,60,0,◎-○軸 3着3〜4艇流し（10〜15点）,0.5777,"{'is_target': True, 'verdict': '参加推奨', 'max_combo_prob': 0.0866, 'est_top_odds': 15.4, 'circle_concentration': 65.9, 'eligible_count': 8, 'bet_adj': 2, 'reason': 'rel_win1=53.6%（本命度） / 最有力組み合わせ確率: 0.087（推定実オッズ?15倍） / 2着集中度: 上位2艇 65.9%（補正+0.00） / 総合判定確率: 0.087 / → ヒモ分散。1号艇1着固定で広めのヒモ流し推奨（買い目+2点）', 'tenji_trigger': '展示確認: ヒモ分散レース。1号艇伸び確認後、広めのヒモ流しを採用。穴ヒモ（5・6号艇）を積極的に含める。'}",,,38.2,両建て推奨,47.03,32.3,3,,,,,,,,,,,
2025-05-28,丸亀,11,4,重成一人,A1,31.10,4,▲,11.3039,15.6,100,84.4,0.1491,2.9219,,,0,低,51,0,差0%,3,0,27.1,0.784,0,0.0588,0.1765,0,0,0.0533,0.2533,0.0133,,,D,,◎,0.3209,0.6315,0.3225,0.4752,A,60,0,◎-○軸 3着3〜4艇流し（10〜15点）,0.5777,"{'is_target': True, 'verdict': '参加推奨', 'max_combo_prob': 0.0866, 'est_top_odds': 15.4, 'circle_concentration': 65.9, 'eligible_count': 8, 'bet_adj': 2, 'reason': 'rel_win1=53.6%（本命度） / 最有力組み合わせ確率: 0.087（推定実オッズ?15倍） / 2着集中度: 上位2艇 65.9%（補正+0.00） / 総合判定確率: 0.087 / → ヒモ分散。1号艇1着固定で広めのヒモ流し推奨（買い目+2点）', 'tenji_trigger': '展示確認: ヒモ分散レース。1号艇伸び確認後、広めのヒモ流しを採用。穴ヒモ（5・6号艇）を積極的に含める。'}",,,38.2,両建て推奨,47.03,32.3,3,,,,,,,,,,,
2025-05-28,丸亀,11,5,島村隆幸,A1,31.41,5,,7.3129,9.9,82,62.5,0.1583,2.8542,,,0,低,37,0,差ま0%,1,0,61.9,1.6893,0,0,0,0.125,0,0.05,0.05,0.1,,,C,△,○,0.2759,0.6615,0.2658,0.4752,A,60,0,◎-○軸 3着3〜4艇流し（10〜15点）,0.5777,"{'is_target': True, 'verdict': '参加推奨', 'max_combo_prob': 0.0866, 'est_top_odds': 15.4, 'circle_concentration': 65.9, 'eligible_count': 8, 'bet_adj': 2, 'reason': 'rel_win1=53.6%（本命度） / 最有力組み合わせ確率: 0.087（推定実オッズ?15倍） / 2着集中度: 上位2艇 65.9%（補正+0.00） / 総合判定確率: 0.087 / → ヒモ分散。1号艇1着固定で広めのヒモ流し推奨（買い目+2点）', 'tenji_trigger': '展示確認: ヒモ分散レース。1号艇伸び確認後、広めのヒモ流しを採用。穴ヒモ（5・6号艇）を積極的に含める。'}",,,38.2,両建て推奨,47.03,32.3,3,,,,,,,,,,,
2025-05-28,丸亀,11,6,磯部　誠,A1,37.91,6,○,1.1512,8.6,64,81.8,0.1245,3.3182,,,0,低,9,1,差ま0% 抜0%,4,0,100,2.8917,0,0,0,0.0667,0.0333,,,,,,B,◎,,0.3721,0.715,,0.4752,A,60,0,◎-○軸 3着3〜4艇流し（10〜15点）,0.5777,"{'is_target': True, 'verdict': '参加推奨', 'max_combo_prob': 0.0866, 'est_top_odds': 15.4, 'circle_concentration': 65.9, 'eligible_count': 8, 'bet_adj': 2, 'reason': 'rel_win1=53.6%（本命度） / 最有力組み合わせ確率: 0.087（推定実オッズ?15倍） / 2着集中度: 上位2艇 65.9%（補正+0.00） / 総合判定確率: 0.087 / → ヒモ分散。1号艇1着固定で広めのヒモ流し推奨（買い目+2点）', 'tenji_trigger': '展示確認: ヒモ分散レース。1号艇伸び確認後、広めのヒモ流しを採用。穴ヒモ（5・6号艇）を積極的に含める。'}",,,38.2,両建て推奨,47.03,32.3,3,,,,,,,,,,,
2025-05-28,丸亀,12,1,馬場貴也,A1,31.48,1,◎,52.0106,,0,87,0.1265,2.2609,,,0,低,17,0,逃1%,6,0,64.3,1.099,0.75,,,,,0.0833,0.1667,0,◎,,C,,,,0.606,,0.6325,S,80,0,◎1着固定 2-3着流し（5〜8点）,0.5777,"{'is_target': True, 'verdict': '参加推奨', 'max_combo_prob': 0.0528, 'est_top_odds': 25.3, 'circle_concentration': 58.1, 'eligible_count': 6, 'bet_adj': 2, 'reason': 'rel_win1=52.0%（本命度） / 最有力組み合わせ確率: 0.053（推定実オッズ?25倍） / 2着集中度: 上位2艇 58.1%（補正+0.00） / 総合判定確率: 0.053 / → ヒモ分散。1号艇1着固定で広めのヒモ流し推奨（買い目+2点）', 'tenji_trigger': '展示確認: ヒモ分散レース。1号艇伸び確認後、広めのヒモ流しを採用。穴ヒモ（5・6号艇）を積極的に含める。\n展示で1号艇スタート超安定(0.127秒)→ヒモ固まり方向に注意'}",,,30.3,逃げ狙い,44.21,26.4,4,,,,,0,0,0.7559,0,,逃げ軸流し,A
2025-05-28,丸亀,12,2,白井英治,A1,34.10,2,△,14.2101,35.5,99,81.2,0.1706,3.4375,,,0,低,29,0,差1%,25,0,81.4,1.2945,0,0.8,0,0,0,0.0588,0.1765,0.0588,,,C,○,,0.2455,0.659,,0.6325,S,80,0,◎1着固定 2-3着流し（5〜8点）,0.5777,"{'is_target': True, 'verdict': '参加推奨', 'max_combo_prob': 0.0528, 'est_top_odds': 25.3, 'circle_concentration': 58.1, 'eligible_count': 6, 'bet_adj': 2, 'reason': 'rel_win1=52.0%（本命度） / 最有力組み合わせ確率: 0.053（推定実オッズ?25倍） / 2着集中度: 上位2艇 58.1%（補正+0.00） / 総合判定確率: 0.053 / → ヒモ分散。1号艇1着固定で広めのヒモ流し推奨（買い目+2点）', 'tenji_trigger': '展示確認: ヒモ分散レース。1号艇伸び確認後、広めのヒモ流しを採用。穴ヒモ（5・6号艇）を積極的に含める。\n展示で1号艇スタート超安定(0.127秒)→ヒモ固まり方向に注意'}",,,30.3,逃げ狙い,44.21,26.4,4,,,,,,,,,,,
2025-05-28,丸亀,12,3,井口佳典,A1,46.71,3,○,11.7577,22.6,100,66.7,0.1547,3.1333,,,0,低,31,0,差ま1%,2,0,36.1,1.2323,0,0,0,0.6667,0,0,0.1667,0.1667,,,A,△,,0.2943,0.6355,,0.6325,S,80,0,◎1着固定 2-3着流し（5〜8点）,0.5777,"{'is_target': True, 'verdict': '参加推奨', 'max_combo_prob': 0.0528, 'est_top_odds': 25.3, 'circle_concentration': 58.1, 'eligible_count': 6, 'bet_adj': 2, 'reason': 'rel_win1=52.0%（本命度） / 最有力組み合わせ確率: 0.053（推定実オッズ?25倍） / 2着集中度: 上位2艇 58.1%（補正+0.00） / 総合判定確率: 0.053 / → ヒモ分散。1号艇1着固定で広めのヒモ流し推奨（買い目+2点）', 'tenji_trigger': '展示確認: ヒモ分散レース。1号艇伸び確認後、広めのヒモ流しを採用。穴ヒモ（5・6号艇）を積極的に含める。\n展示で1号艇スタート超安定(0.127秒)→ヒモ固まり方向に注意'}",,,30.3,逃げ狙い,44.21,26.4,4,,,,,,,,,,,
2025-05-28,丸亀,12,4,瓜生正義,A1,27.84,4,,9.2378,18.7,99,80,0.13,2.2,,,0,低,21,1,抜0%,5,0,63.9,1.4874,0,0,0,0,0.2,0.0833,0.0833,0.1667,,,E,△,,0.2772,0.653,,0.6325,S,80,0,◎1着固定 2-3着流し（5〜8点）,0.5777,"{'is_target': True, 'verdict': '参加推奨', 'max_combo_prob': 0.0528, 'est_top_odds': 25.3, 'circle_concentration': 58.1, 'eligible_count': 6, 'bet_adj': 2, 'reason': 'rel_win1=52.0%（本命度） / 最有力組み合わせ確率: 0.053（推定実オッズ?25倍） / 2着集中度: 上位2艇 58.1%（補正+0.00） / 総合判定確率: 0.053 / → ヒモ分散。1号艇1着固定で広めのヒモ流し推奨（買い目+2点）', 'tenji_trigger': '展示確認: ヒモ分散レース。1号艇伸び確認後、広めのヒモ流しを採用。穴ヒモ（5・6号艇）を積極的に含める。\n展示で1号艇スタート超安定(0.127秒)→ヒモ固まり方向に注意'}",,,30.3,逃げ狙い,44.21,26.4,4,,,,,,,,,,,
2025-05-28,丸亀,12,5,吉田裕平,A1,34.50,5,▲,7.7847,20.3,83,75,0.1588,2.6875,,,0,低,29,0,差ま0%,5,0,100,2.0214,0,0,0,0.25,0,0,0.1429,0,,,C,◎,,0.2297,0.6645,,0.6325,S,80,0,◎1着固定 2-3着流し（5〜8点）,0.5777,"{'is_target': True, 'verdict': '参加推奨', 'max_combo_prob': 0.0528, 'est_top_odds': 25.3, 'circle_concentration': 58.1, 'eligible_count': 6, 'bet_adj': 2, 'reason': 'rel_win1=52.0%（本命度） / 最有力組み合わせ確率: 0.053（推定実オッズ?25倍） / 2着集中度: 上位2艇 58.1%（補正+0.00） / 総合判定確率: 0.053 / → ヒモ分散。1号艇1着固定で広めのヒモ流し推奨（買い目+2点）', 'tenji_trigger': '展示確認: ヒモ分散レース。1号艇伸び確認後、広めのヒモ流しを採用。穴ヒモ（5・6号艇）を積極的に含める。\n展示で1号艇スタート超安定(0.127秒)→ヒモ固まり方向に注意'}",,,30.3,逃げ狙い,44.21,26.4,4,,,,,,,,,,,
2025-05-28,丸亀,12,6,菅　章哉,A1,29.01,6,,4.9991,2.9,68,45.2,0.1684,4,,,0,低,72,0,ま0%,16,0,45.4,1.8622,0,0,0.3333,0,0,0,0,0.0444,,,D,,◎,0.2405,0.5965,0.1603,0.6325,S,80,0,◎1着固定 2-3着流し（5〜8点）,0.5777,"{'is_target': True, 'verdict': '参加推奨', 'max_combo_prob': 0.0528, 'est_top_odds': 25.3, 'circle_concentration': 58.1, 'eligible_count': 6, 'bet_adj': 2, 'reason': 'rel_win1=52.0%（本命度） / 最有力組み合わせ確率: 0.053（推定実オッズ?25倍） / 2着集中度: 上位2艇 58.1%（補正+0.00） / 総合判定確率: 0.053 / → ヒモ分散。1号艇1着固定で広めのヒモ流し推奨（買い目+2点）', 'tenji_trigger': '展示確認: ヒモ分散レース。1号艇伸び確認後、広めのヒモ流しを採用。穴ヒモ（5・6号艇）を積極的に含める。\n展示で1号艇スタート超安定(0.127秒)→ヒモ固まり方向に注意'}",,,30.3,逃げ狙い,44.21,26.4,4,,,,,,,,,,,
2025-05-29,丸亀,1,1,實森美祐,A1,39.24,1,◎,47.491,,0,95.5,0.1436,2.3864,,,0,低,24,0,逃1%,234,0,74.8,1.1693,0.8667,,,,,0,0.1333,0,◎,,B,,,,0.645,,0.5768,A,64,0,◎-○軸 3着3〜4艇流し（10〜15点）,0.5777,"{'is_target': True, 'verdict': '参加推奨', 'max_combo_prob': 0.0632, 'est_top_odds': 21.1, 'circle_concentration': 70.3, 'eligible_count': 8, 'bet_adj': 2, 'reason': 'rel_win1=47.5%（本命度） / 最有力組み合わせ確率: 0.063（推定実オッズ?21倍） / 2着集中度: 上位2艇 70.3%（補正+0.04） / 総合判定確率: 0.103 / → ヒモ分散。1号艇1着固定で広めのヒモ流し推奨（買い目+2点）', 'tenji_trigger': '展示確認: ヒモ分散レース。1号艇伸び確認後、広めのヒモ流しを採用。穴ヒモ（5・6号艇）を積極的に含める。'}",,,34.5,両建て推奨,45.45,23.1,3,,,,,0,0,0.7559,0,,逃げ軸流し,A
2025-05-29,丸亀,1,2,中村日向,A1,33.13,2,▲,13.607,41.4,47,67.7,0.1487,3.2097,,,0,低,40,0,-,5 6,0,31.4,0.9714,0,0.1667,0.0833,0,0,0.1538,0.0769,0,,,C,,,0.2848,0.645,,0.5768,A,64,0,◎-○軸 3着3〜4艇流し（10〜15点）,0.5777,"{'is_target': True, 'verdict': '参加推奨', 'max_combo_prob': 0.0632, 'est_top_odds': 21.1, 'circle_concentration': 70.3, 'eligible_count': 8, 'bet_adj': 2, 'reason': 'rel_win1=47.5%（本命度） / 最有力組み合わせ確率: 0.063（推定実オッズ?21倍） / 2着集中度: 上位2艇 70.3%（補正+0.04） / 総合判定確率: 0.103 / → ヒモ分散。1号艇1着固定で広めのヒモ流し推奨（買い目+2点）', 'tenji_trigger': '展示確認: ヒモ分散レース。1号艇伸び確認後、広めのヒモ流しを採用。穴ヒモ（5・6号艇）を積極的に含める。'}",,,34.5,両建て推奨,45.45,23.1,3,,,,,,,,,,,
2025-05-29,丸亀,1,3,山田康二,A1,30.30,3,,16.1133,28.9,100,85.2,0.1456,2.6296,,,0,低,35,0,差0% ま0% 差ま0% 抜0%,2 5,0,82.6,1.5902,0,0.1818,0.0909,0.1818,0.0909,0.0211,0.1211,0.1632,,,D,○,,0.3213,0.6765,,0.5768,A,64,0,◎-○軸 3着3〜4艇流し（10〜15点）,0.5777,"{'is_target': True, 'verdict': '参加推奨', 'max_combo_prob': 0.0632, 'est_top_odds': 21.1, 'circle_concentration': 70.3, 'eligible_count': 8, 'bet_adj': 2, 'reason': 'rel_win1=47.5%（本命度） / 最有力組み合わせ確率: 0.063（推定実オッズ?21倍） / 2着集中度: 上位2艇 70.3%（補正+0.04） / 総合判定確率: 0.103 / → ヒモ分散。1号艇1着固定で広めのヒモ流し推奨（買い目+2点）', 'tenji_trigger': '展示確認: ヒモ分散レース。1号艇伸び確認後、広めのヒモ流しを採用。穴ヒモ（5・6号艇）を積極的に含める。'}",,,34.5,両建て推奨,45.45,23.1,3,,,,,,,,,,,
2025-05-29,丸亀,1,4,篠崎元志,A1,38.61,4,○,15.1167,18.5,76,72.2,0.1233,2.8056,,,0,低,22,0,ま0%,4 31,0,75.6,1.6072,0,0,0.4286,0,0,0,0.0667,0.1333,,◎,B,△,◎,0.4833,0.662,0.3863,0.5768,A,64,0,◎-○軸 3着3〜4艇流し（10〜15点）,0.5777,"{'is_target': True, 'verdict': '参加推奨', 'max_combo_prob': 0.0632, 'est_top_odds': 21.1, 'circle_concentration': 70.3, 'eligible_count': 8, 'bet_adj': 2, 'reason': 'rel_win1=47.5%（本命度） / 最有力組み合わせ確率: 0.063（推定実オッズ?21倍） / 2着集中度: 上位2艇 70.3%（補正+0.04） / 総合判定確率: 0.103 / → ヒモ分散。1号艇1着固定で広めのヒモ流し推奨（買い目+2点）', 'tenji_trigger': '展示確認: ヒモ分散レース。1号艇伸び確認後、広めのヒモ流しを採用。穴ヒモ（5・6号艇）を積極的に含める。'}",,,34.5,両建て推奨,45.45,23.1,3,,,,,,,,,,,
2025-05-29,丸亀,1,5,丸野一樹,A1,30.43,5,,6.4924,7.9,80,100,0.183,3.7,,,0,低,31,1,差0%,6 2,0,100,2.4888,0,0.25,0,0,0,0,0.1111,0,,,D,△,,0.1875,0.6595,,0.5768,A,64,0,◎-○軸 3着3〜4艇流し（10〜15点）,0.5777,"{'is_target': True, 'verdict': '参加推奨', 'max_combo_prob': 0.0632, 'est_top_odds': 21.1, 'circle_concentration': 70.3, 'eligible_count': 8, 'bet_adj': 2, 'reason': 'rel_win1=47.5%（本命度） / 最有力組み合わせ確率: 0.063（推定実オッズ?21倍） / 2着集中度: 上位2艇 70.3%（補正+0.04） / 総合判定確率: 0.103 / → ヒモ分散。1号艇1着固定で広めのヒモ流し推奨（買い目+2点）', 'tenji_trigger': '展示確認: ヒモ分散レース。1号艇伸び確認後、広めのヒモ流しを採用。穴ヒモ（5・6号艇）を積極的に含める。'}",,,34.5,両建て推奨,45.45,23.1,3,,,,,,,,,,,
2025-05-29,丸亀,1,6,上條暢嵩,A1,30.54,6,△,1.1797,3.3,55,50,0.1187,2.375,,,0,低,12,1,-,265,0,64.9,1.8503,,,,,,,,,,,D,◎,,0.3874,0.7115,,0.5768,A,64,0,◎-○軸 3着3〜4艇流し（10〜15点）,0.5777,"{'is_target': True, 'verdict': '参加推奨', 'max_combo_prob': 0.0632, 'est_top_odds': 21.1, 'circle_concentration': 70.3, 'eligible_count': 8, 'bet_adj': 2, 'reason': 'rel_win1=47.5%（本命度） / 最有力組み合わせ確率: 0.063（推定実オッズ?21倍） / 2着集中度: 上位2艇 70.3%（補正+0.04） / 総合判定確率: 0.103 / → ヒモ分散。1号艇1着固定で広めのヒモ流し推奨（買い目+2点）', 'tenji_trigger': '展示確認: ヒモ分散レース。1号艇伸び確認後、広めのヒモ流しを採用。穴ヒモ（5・6号艇）を積極的に含める。'}",,,34.5,両建て推奨,45.45,23.1,3,,,,,,,,,,,
2025-05-29,丸亀,2,1,椎名　豊,A1,41.61,1,◎,53.5499,,0,95.5,0.1464,2.7955,,,0,低,42,0,逃1%,5 5,0,71.1,1.1926,0.7727,,,,,0.1382,0,0.0364,◎,,B,○,,,0.664,,0.5953,S,88,0,◎1着固定 2-3着流し（5〜8点）,0.5777,"{'is_target': True, 'verdict': '参加推奨', 'max_combo_prob': 0.0539, 'est_top_odds': 24.7, 'circle_concentration': 61.4, 'eligible_count': 6, 'bet_adj': 2, 'reason': 'rel_win1=53.5%（本命度） / 最有力組み合わせ確率: 0.054（推定実オッズ?25倍） / 2着集中度: 上位2艇 61.4%（補正+0.00） / 総合判定確率: 0.054 / → ヒモ分散。1号艇1着固定で広めのヒモ流し推奨（買い目+2点）', 'tenji_trigger': '展示確認: ヒモ分散レース。1号艇伸び確認後、広めのヒモ流しを採用。穴ヒモ（5・6号艇）を積極的に含める。'}",,,30.1,逃げ狙い,28.12,25.4,4,,,,,0,0,0.7559,0,,逃げ軸流し,A
2025-05-29,丸亀,2,2,平高奈菜,A1,34.39,2,△,13.9467,33.5,98,75,0.1575,3.1875,,,0,低,46,0,-,653,0,40.3,1.2774,0,0.1667,0,0,0,0.2,0,0.1333,,,C,△,,0.2278,0.6215,,0.5953,S,88,0,◎1着固定 2-3着流し（5〜8点）,0.5777,"{'is_target': True, 'verdict': '参加推奨', 'max_combo_prob': 0.0539, 'est_top_odds': 24.7, 'circle_concentration': 61.4, 'eligible_count': 6, 'bet_adj': 2, 'reason': 'rel_win1=53.5%（本命度） / 最有力組み合わせ確率: 0.054（推定実オッズ?25倍） / 2着集中度: 上位2艇 61.4%（補正+0.00） / 総合判定確率: 0.054 / → ヒモ分散。1号艇1着固定で広めのヒモ流し推奨（買い目+2点）', 'tenji_trigger': '展示確認: ヒモ分散レース。1号艇伸び確認後、広めのヒモ流しを採用。穴ヒモ（5・6号艇）を積極的に含める。'}",,,30.1,逃げ狙い,28.12,25.4,4,,,,,,,,,,,
2025-05-29,丸亀,2,3,馬場貴也,A1,31.48,3,▲,14.6474,25.4,80,73.7,0.1305,2.7105,,,0,低,17,0,差0% ま0%,6 6,0,73.7,1.4181,0,0.125,0.125,0,0,0.0833,0.1667,0,,◎,D,,,0.3864,0.606,,0.5953,S,88,0,◎1着固定 2-3着流し（5〜8点）,0.5777,"{'is_target': True, 'verdict': '参加推奨', 'max_combo_prob': 0.0539, 'est_top_odds': 24.7, 'circle_concentration': 61.4, 'eligible_count': 6, 'bet_adj': 2, 'reason': 'rel_win1=53.5%（本命度） / 最有力組み合わせ確率: 0.054（推定実オッズ?25倍） / 2着集中度: 上位2艇 61.4%（補正+0.00） / 総合判定確率: 0.054 / → ヒモ分散。1号艇1着固定で広めのヒモ流し推奨（買い目+2点）', 'tenji_trigger': '展示確認: ヒモ分散レース。1号艇伸び確認後、広めのヒモ流しを採用。穴ヒモ（5・6号艇）を積極的に含める。'}",,,30.1,逃げ狙い,28.12,25.4,4,,,,,,,,,,,
2025-05-29,丸亀,2,4,篠崎仁志,A1,39.18,4,○,11.4092,27.8,91,87.5,0.1329,2.9167,,,0,低,29,0,差0% 抜0%,5 6,0,75.6,1.6843,0,0.0714,0,0,0.0714,0.0952,0,0,,,B,◎,,0.3384,0.7005,,0.5953,S,88,0,◎1着固定 2-3着流し（5〜8点）,0.5777,"{'is_target': True, 'verdict': '参加推奨', 'max_combo_prob': 0.0539, 'est_top_odds': 24.7, 'circle_concentration': 61.4, 'eligible_count': 6, 'bet_adj': 2, 'reason': 'rel_win1=53.5%（本命度） / 最有力組み合わせ確率: 0.054（推定実オッズ?25倍） / 2着集中度: 上位2艇 61.4%（補正+0.00） / 総合判定確率: 0.054 / → ヒモ分散。1号艇1着固定で広めのヒモ流し推奨（買い目+2点）', 'tenji_trigger': '展示確認: ヒモ分散レース。1号艇伸び確認後、広めのヒモ流しを採用。穴ヒモ（5・6号艇）を積極的に含める。'}",,,30.1,逃げ狙い,28.12,25.4,4,,,,,,,,,,,
2025-05-29,丸亀,2,5,西橋奈未,A1,36.36,5,,4.8406,10.8,100,63.2,0.1663,4.0789,,,0,低,34,0,-,134,0,42.2,1.6581,,,,,,0.0667,0.2167,0.2167,,,C,,,0.2497,0.6055,,0.5953,S,88,0,◎1着固定 2-3着流し（5〜8点）,0.5777,"{'is_target': True, 'verdict': '参加推奨', 'max_combo_prob': 0.0539, 'est_top_odds': 24.7, 'circle_concentration': 61.4, 'eligible_count': 6, 'bet_adj': 2, 'reason': 'rel_win1=53.5%（本命度） / 最有力組み合わせ確率: 0.054（推定実オッズ?25倍） / 2着集中度: 上位2艇 61.4%（補正+0.00） / 総合判定確率: 0.054 / → ヒモ分散。1号艇1着固定で広めのヒモ流し推奨（買い目+2点）', 'tenji_trigger': '展示確認: ヒモ分散レース。1号艇伸び確認後、広めのヒモ流しを採用。穴ヒモ（5・6号艇）を積極的に含める。'}",,,30.1,逃げ狙い,28.12,25.4,4,,,,,,,,,,,
2025-05-29,丸亀,2,6,松井　繁,A1,31.48,6,,1.6062,2.4,62,100,0.19,1.5,,,0,低,24,1,-,343,0,100,3.555,,,,,,0.0714,0.2143,0,,,D,△,,0.1713,0.6505,,0.5953,S,88,0,◎1着固定 2-3着流し（5〜8点）,0.5777,"{'is_target': True, 'verdict': '参加推奨', 'max_combo_prob': 0.0539, 'est_top_odds': 24.7, 'circle_concentration': 61.4, 'eligible_count': 6, 'bet_adj': 2, 'reason': 'rel_win1=53.5%（本命度） / 最有力組み合わせ確率: 0.054（推定実オッズ?25倍） / 2着集中度: 上位2艇 61.4%（補正+0.00） / 総合判定確率: 0.054 / → ヒモ分散。1号艇1着固定で広めのヒモ流し推奨（買い目+2点）', 'tenji_trigger': '展示確認: ヒモ分散レース。1号艇伸び確認後、広めのヒモ流しを採用。穴ヒモ（5・6号艇）を積極的に含める。'}",,,30.1,逃げ狙い,28.12,25.4,4,,,,,,,,,,,
2025-05-29,丸亀,3,1,前田将太,A1,36.94,1,◎,50.5024,,0,93.5,0.137,2.7609,,,0,低,42,0,逃1%,6 5,0,69.4,1.1603,0.7619,,,,,0.0476,0.0952,0.0476,◎,,B,△,,,0.6935,,0.5122,A,71,0,◎-○軸 3着3〜4艇流し（10〜15点）,0.5777,"{'is_target': True, 'verdict': '参加推奨', 'max_combo_prob': 0.0554, 'est_top_odds': 24.1, 'circle_concentration': 57.4, 'eligible_count': 8, 'bet_adj': 2, 'reason': 'rel_win1=50.5%（本命度） / 最有力組み合わせ確率: 0.055（推定実オッズ?24倍） / 2着集中度: 上位2艇 57.4%（補正+0.00） / 総合判定確率: 0.055 / → ヒモ分散。1号艇1着固定で広めのヒモ流し推奨（買い目+2点）', 'tenji_trigger': '展示確認: ヒモ分散レース。1号艇伸び確認後、広めのヒモ流しを採用。穴ヒモ（5・6号艇）を積極的に含める。\n展示で1号艇スタート超安定(0.137秒)→ヒモ固まり方向に注意'}",,,33.5,逃げ狙い,39.92,24.9,2,,,,,0,0,0.7559,0,,逃げ軸流し,A
2025-05-29,丸亀,3,2,毒島　誠,A1,28.03,2,,12.005,36.7,83,87.5,0.1113,3,,,0,低,9,1,差0%,2 2F,0,100,1.3567,0,0.3333,0,0,0,,,,,◎,E,,,0.63,0.6275,,0.5122,A,71,0,◎-○軸 3着3〜4艇流し（10〜15点）,0.5777,"{'is_target': True, 'verdict': '参加推奨', 'max_combo_prob': 0.0554, 'est_top_odds': 24.1, 'circle_concentration': 57.4, 'eligible_count': 8, 'bet_adj': 2, 'reason': 'rel_win1=50.5%（本命度） / 最有力組み合わせ確率: 0.055（推定実オッズ?24倍） / 2着集中度: 上位2艇 57.4%（補正+0.00） / 総合判定確率: 0.055 / → ヒモ分散。1号艇1着固定で広めのヒモ流し推奨（買い目+2点）', 'tenji_trigger': '展示確認: ヒモ分散レース。1号艇伸び確認後、広めのヒモ流しを採用。穴ヒモ（5・6号艇）を積極的に含める。\n展示で1号艇スタート超安定(0.137秒)→ヒモ固まり方向に注意'}",,,33.5,逃げ狙い,39.92,24.9,2,,,,,,,,,,,
2025-05-29,丸亀,3,3,宮地元輝,A1,35.50,3,△,11.8727,20.8,100,72.7,0.1455,2.4091,,,0,低,13,1,ま0% 差ま0%,421,0,38,1.3042,0,0,0.125,0.0417,0,0,0,0.1667,,,C,△,,0.2521,0.6895,,0.5122,A,71,0,◎-○軸 3着3〜4艇流し（10〜15点）,0.5777,"{'is_target': True, 'verdict': '参加推奨', 'max_combo_prob': 0.0554, 'est_top_odds': 24.1, 'circle_concentration': 57.4, 'eligible_count': 8, 'bet_adj': 2, 'reason': 'rel_win1=50.5%（本命度） / 最有力組み合わせ確率: 0.055（推定実オッズ?24倍） / 2着集中度: 上位2艇 57.4%（補正+0.00） / 総合判定確率: 0.055 / → ヒモ分散。1号艇1着固定で広めのヒモ流し推奨（買い目+2点）', 'tenji_trigger': '展示確認: ヒモ分散レース。1号艇伸び確認後、広めのヒモ流しを採用。穴ヒモ（5・6号艇）を積極的に含める。\n展示で1号艇スタート超安定(0.137秒)→ヒモ固まり方向に注意'}",,,33.5,逃げ狙い,39.92,24.9,2,,,,,,,,,,,
2025-05-29,丸亀,3,4,山口　剛,A1,28.85,4,▲,10.5888,18.8,74,66.7,0.0933,2.3333,,,0,低,5,1,ま0%,3 64,0,51.6,1.3543,0,0,0.4,0,0,0,0.1429,0.1429,,○,D,◎,,0.5688,0.8035,,0.5122,A,71,0,◎-○軸 3着3〜4艇流し（10〜15点）,0.5777,"{'is_target': True, 'verdict': '参加推奨', 'max_combo_prob': 0.0554, 'est_top_odds': 24.1, 'circle_concentration': 57.4, 'eligible_count': 8, 'bet_adj': 2, 'reason': 'rel_win1=50.5%（本命度） / 最有力組み合わせ確率: 0.055（推定実オッズ?24倍） / 2着集中度: 上位2艇 57.4%（補正+0.00） / 総合判定確率: 0.055 / → ヒモ分散。1号艇1着固定で広めのヒモ流し推奨（買い目+2点）', 'tenji_trigger': '展示確認: ヒモ分散レース。1号艇伸び確認後、広めのヒモ流しを採用。穴ヒモ（5・6号艇）を積極的に含める。\n展示で1号艇スタート超安定(0.137秒)→ヒモ固まり方向に注意'}",,,33.5,逃げ狙い,39.92,24.9,2,,,,,,,,,,,
2025-05-29,丸亀,3,5,山崎　郡,A1,38.55,5,○,11.5812,14.2,90,69,0.1266,2.5,,,0,低,34,0,差ま0%,4 4,0,100,2.0252,0,0,0,0.3846,0,0,0.0417,0.0417,,,B,○,◎,0.3882,0.6985,0.4342,0.5122,A,71,0,◎-○軸 3着3〜4艇流し（10〜15点）,0.5777,"{'is_target': True, 'verdict': '参加推奨', 'max_combo_prob': 0.0554, 'est_top_odds': 24.1, 'circle_concentration': 57.4, 'eligible_count': 8, 'bet_adj': 2, 'reason': 'rel_win1=50.5%（本命度） / 最有力組み合わせ確率: 0.055（推定実オッズ?24倍） / 2着集中度: 上位2艇 57.4%（補正+0.00） / 総合判定確率: 0.055 / → ヒモ分散。1号艇1着固定で広めのヒモ流し推奨（買い目+2点）', 'tenji_trigger': '展示確認: ヒモ分散レース。1号艇伸び確認後、広めのヒモ流しを採用。穴ヒモ（5・6号艇）を積極的に含める。\n展示で1号艇スタート超安定(0.137秒)→ヒモ固まり方向に注意'}",,,33.5,逃げ狙い,39.92,24.9,2,,,,,,,,,,,
2025-05-29,丸亀,3,6,吉田裕平,A1,34.50,6,,3.4499,9.6,70,77.3,0.1323,3.0909,,,0,低,29,0,差ま0%,5 14,0,51.2,2.8086,0,0,0,0.3333,0,0,0.1429,0,,,C,,,0.3646,0.6645,,0.5122,A,71,0,◎-○軸 3着3〜4艇流し（10〜15点）,0.5777,"{'is_target': True, 'verdict': '参加推奨', 'max_combo_prob': 0.0554, 'est_top_odds': 24.1, 'circle_concentration': 57.4, 'eligible_count': 8, 'bet_adj': 2, 'reason': 'rel_win1=50.5%（本命度） / 最有力組み合わせ確率: 0.055（推定実オッズ?24倍） / 2着集中度: 上位2艇 57.4%（補正+0.00） / 総合判定確率: 0.055 / → ヒモ分散。1号艇1着固定で広めのヒモ流し推奨（買い目+2点）', 'tenji_trigger': '展示確認: ヒモ分散レース。1号艇伸び確認後、広めのヒモ流しを採用。穴ヒモ（5・6号艇）を積極的に含める。\n展示で1号艇スタート超安定(0.137秒)→ヒモ固まり方向に注意'}",,,33.5,逃げ狙い,39.92,24.9,2,,,,,,,,,,,
2025-05-29,丸亀,4,1,菅　章哉,A1,29.01,1,◎,48.7707,,0,93.2,0.1736,4.2386,,,0,低,72,0,逃1%,161,0,80.6,1.1504,0.6667,,,,,0,0,0.0444,△,,E,,,,0.5965,,0.2685,A,72,0,◎-○軸 3着3〜4艇流し（10〜15点）,0.5777,"{'is_target': True, 'verdict': '参加推奨', 'max_combo_prob': 0.0525, 'est_top_odds': 25.4, 'circle_concentration': 64.0, 'eligible_count': 8, 'bet_adj': 2, 'reason': 'rel_win1=48.8%（本命度） / 最有力組み合わせ確率: 0.053（推定実オッズ?25倍） / 2着集中度: 上位2艇 64.0%（補正+0.00） / 総合判定確率: 0.053 / → ヒモ分散。1号艇1着固定で広めのヒモ流し推奨（買い目+2点）', 'tenji_trigger': '展示確認: ヒモ分散レース。1号艇伸び確認後、広めのヒモ流しを採用。穴ヒモ（5・6号艇）を積極的に含める。'}",,,34.7,逃げ狙い,28.55,24,4,2-1-3|2-1-4|1-2-4|1-3-4|1-2-3|1-3-2|2-1-5,2-1-3|3-5-4|3-4-5|2-1-4|5-1-3|5-1-6|3-1-4|1-2-4|1-3-4|1-2-3|1-3-2|2-1-5,2-1-3:3.18%|2-1-4:2.29%|1-2-4:10.06%|1-3-4:7.78%|1-2-3:7.53%|1-3-2:6.88%|2-1-5:6.39%,2-1-3:B_main|2-1-4:B_main|1-2-4:A|1-3-4:A|1-2-3:A|1-3-2:A|2-1-5:B_sc,7,12,0.4535,1,[!]見送り推奨（主役決まり手「差し」― 逃げ劣勢レースで的中実績なし）,荒れ広め,D
2025-05-29,丸亀,4,2,原田幸哉,A1,34.34,2,,15.2037,34.8,100,81.8,0.14,3.1818,,,0,低,11,1,差0%,6 5,0,84.7,1.3145,0,0.4,0,0,0,0.0833,0.1667,0,,◎,D,○,,0.6465,0.6755,,0.2685,A,72,0,◎-○軸 3着3〜4艇流し（10〜15点）,0.5777,"{'is_target': True, 'verdict': '参加推奨', 'max_combo_prob': 0.0525, 'est_top_odds': 25.4, 'circle_concentration': 64.0, 'eligible_count': 8, 'bet_adj': 2, 'reason': 'rel_win1=48.8%（本命度） / 最有力組み合わせ確率: 0.053（推定実オッズ?25倍） / 2着集中度: 上位2艇 64.0%（補正+0.00） / 総合判定確率: 0.053 / → ヒモ分散。1号艇1着固定で広めのヒモ流し推奨（買い目+2点）', 'tenji_trigger': '展示確認: ヒモ分散レース。1号艇伸び確認後、広めのヒモ流しを採用。穴ヒモ（5・6号艇）を積極的に含める。'}",,,34.7,逃げ狙い,28.55,24,4,,,,,,,,,,,
2025-05-29,丸亀,4,3,定松勇樹,A1,35.37,3,▲,12.0362,29.2,91,86.7,0.1307,2.7333,,,0,低,27,0,抜0%,441,0,70.7,1.4858,0,0,0,0,0.1429,0.0714,0.1429,0.1429,,○,D,,,0.4735,0.6185,,0.2685,A,72,0,◎-○軸 3着3〜4艇流し（10〜15点）,0.5777,"{'is_target': True, 'verdict': '参加推奨', 'max_combo_prob': 0.0525, 'est_top_odds': 25.4, 'circle_concentration': 64.0, 'eligible_count': 8, 'bet_adj': 2, 'reason': 'rel_win1=48.8%（本命度） / 最有力組み合わせ確率: 0.053（推定実オッズ?25倍） / 2着集中度: 上位2艇 64.0%（補正+0.00） / 総合判定確率: 0.053 / → ヒモ分散。1号艇1着固定で広めのヒモ流し推奨（買い目+2点）', 'tenji_trigger': '展示確認: ヒモ分散レース。1号艇伸び確認後、広めのヒモ流しを採用。穴ヒモ（5・6号艇）を積極的に含める。'}",,,34.7,逃げ狙い,28.55,24,4,,,,,,,,,,,
2025-05-29,丸亀,4,4,佐藤隆太,A1,50.00,4,○,17.0425,13,84,75,0.145,2.425,,,0,低,32,0,差ま0%,1 2,0,93.2,1.7304,0,0,0,0.1667,0,0.0833,0.0833,0,,△,A,△,◎,0.4246,0.6665,0.5333,0.2685,A,72,0,◎-○軸 3着3〜4艇流し（10〜15点）,0.5777,"{'is_target': True, 'verdict': '参加推奨', 'max_combo_prob': 0.0525, 'est_top_odds': 25.4, 'circle_concentration': 64.0, 'eligible_count': 8, 'bet_adj': 2, 'reason': 'rel_win1=48.8%（本命度） / 最有力組み合わせ確率: 0.053（推定実オッズ?25倍） / 2着集中度: 上位2艇 64.0%（補正+0.00） / 総合判定確率: 0.053 / → ヒモ分散。1号艇1着固定で広めのヒモ流し推奨（買い目+2点）', 'tenji_trigger': '展示確認: ヒモ分散レース。1号艇伸び確認後、広めのヒモ流しを採用。穴ヒモ（5・6号艇）を積極的に含める。'}",,,34.7,逃げ狙い,28.55,24,4,,,,,,,,,,,
2025-05-29,丸亀,4,5,浜田亜理,A1,46.53,5,△,4.837,20.8,57,61.1,0.1572,3.3333,,,0,低,41,0,-,452,0,68.1,1.5814,,,,,,0.2857,0,0.1429,,,B,△,,0.3618,0.6285,,0.2685,A,72,0,◎-○軸 3着3〜4艇流し（10〜15点）,0.5777,"{'is_target': True, 'verdict': '参加推奨', 'max_combo_prob': 0.0525, 'est_top_odds': 25.4, 'circle_concentration': 64.0, 'eligible_count': 8, 'bet_adj': 2, 'reason': 'rel_win1=48.8%（本命度） / 最有力組み合わせ確率: 0.053（推定実オッズ?25倍） / 2着集中度: 上位2艇 64.0%（補正+0.00） / 総合判定確率: 0.053 / → ヒモ分散。1号艇1着固定で広めのヒモ流し推奨（買い目+2点）', 'tenji_trigger': '展示確認: ヒモ分散レース。1号艇伸び確認後、広めのヒモ流しを採用。穴ヒモ（5・6号艇）を積極的に含める。'}",,,34.7,逃げ狙い,28.55,24,4,,,,,,,,,,,
2025-05-29,丸亀,4,6,西山貴浩,A1,41.29,6,,2.11,2.2,62,0,0.24,4,,,0,低,17,1,-,4 42,0,34.6,0.8111,,,,,,0,0.1429,0,,,C,◎,,0.135,0.7,,0.2685,A,72,0,◎-○軸 3着3〜4艇流し（10〜15点）,0.5777,"{'is_target': True, 'verdict': '参加推奨', 'max_combo_prob': 0.0525, 'est_top_odds': 25.4, 'circle_concentration': 64.0, 'eligible_count': 8, 'bet_adj': 2, 'reason': 'rel_win1=48.8%（本命度） / 最有力組み合わせ確率: 0.053（推定実オッズ?25倍） / 2着集中度: 上位2艇 64.0%（補正+0.00） / 総合判定確率: 0.053 / → ヒモ分散。1号艇1着固定で広めのヒモ流し推奨（買い目+2点）', 'tenji_trigger': '展示確認: ヒモ分散レース。1号艇伸び確認後、広めのヒモ流しを採用。穴ヒモ（5・6号艇）を積極的に含める。'}",,,34.7,逃げ狙い,28.55,24,4,,,,,,,,,,,
2025-05-29,丸亀,5,1,平山智加,A1,29.11,1,◎,41.0138,,0,91.4,0.1529,3.5286,,,0,低,46,0,逃0%,666,0,87.5,1.3065,0.6364,,,,,0,0.1818,0.1818,○,,D,,,,0.651,,0.3633,A,60,0,◎-○軸 3着3〜4艇流し（10〜15点）,0.5777,"{'is_target': False, 'verdict': '対象外', 'max_combo_prob': None, 'est_top_odds': None, 'circle_concentration': None, 'eligible_count': 0, 'bet_adj': 0, 'reason': '1号艇rel_win1 < 45%: 通常判定に委ねる', 'tenji_trigger': ''}",,,39,両建て推奨,54.42,28.3,3,,,,,0,0,0.6155,0,,逃げ軸流し,A
2025-05-29,丸亀,5,2,末永和也,A1,27.81,2,,12.8212,25.6,85,62.5,0.1338,2.9688,,,0,低,16,0,差0% ま0%,3 56,0,32.8,1.0183,0,0.1429,0.1429,0,0,0,0.1,0,,○,E,△,,0.526,0.679,,0.3633,A,60,0,◎-○軸 3着3〜4艇流し（10〜15点）,0.5777,"{'is_target': False, 'verdict': '対象外', 'max_combo_prob': None, 'est_top_odds': None, 'circle_concentration': None, 'eligible_count': 0, 'bet_adj': 0, 'reason': '1号艇rel_win1 < 45%: 通常判定に委ねる', 'tenji_trigger': ''}",,,39,両建て推奨,54.42,28.3,3,,,,,,,,,,,
2025-05-29,丸亀,5,3,河合佑樹,A1,39.88,3,○,18.7024,30.4,70,82.8,0.1197,2.3276,,,0,低,30,0,-,1 25,0,70.3,1.6392,,,,,,0.08,0,0,,△,B,△,,0.4748,0.6775,,0.3633,A,60,0,◎-○軸 3着3〜4艇流し（10〜15点）,0.5777,"{'is_target': False, 'verdict': '対象外', 'max_combo_prob': None, 'est_top_odds': None, 'circle_concentration': None, 'eligible_count': 0, 'bet_adj': 0, 'reason': '1号艇rel_win1 < 45%: 通常判定に委ねる', 'tenji_trigger': ''}",,,39,両建て推奨,54.42,28.3,3,,,,,,,,,,,
2025-05-29,丸亀,5,4,茅原悠紀,A1,30.99,4,▲,14.0634,25.6,53,81.8,0.0891,2.5,,,0,低,13,1,ま0%,3 2,0,80.6,1.6913,0,0,0.3333,0,0,0,0,0.0714,,◎,C,,,0.5517,0.6725,,0.3633,A,60,0,◎-○軸 3着3〜4艇流し（10〜15点）,0.5777,"{'is_target': False, 'verdict': '対象外', 'max_combo_prob': None, 'est_top_odds': None, 'circle_concentration': None, 'eligible_count': 0, 'bet_adj': 0, 'reason': '1号艇rel_win1 < 45%: 通常判定に委ねる', 'tenji_trigger': ''}",,,39,両建て推奨,54.42,28.3,3,,,,,,,,,,,
2025-05-29,丸亀,5,5,桐生順平,A1,44.44,5,△,10.8104,16.1,100,92.3,0.1485,3.6154,,,0,低,20,1,差ま0%,321,0,100,2.486,0,0,0,0.3333,0,0.125,0.25,0.125,,,A,◎,◎,0.359,0.7,0.4548,0.3633,A,60,0,◎-○軸 3着3〜4艇流し（10〜15点）,0.5777,"{'is_target': False, 'verdict': '対象外', 'max_combo_prob': None, 'est_top_odds': None, 'circle_concentration': None, 'eligible_count': 0, 'bet_adj': 0, 'reason': '1号艇rel_win1 < 45%: 通常判定に委ねる', 'tenji_trigger': ''}",,,39,両建て推奨,54.42,28.3,3,,,,,,,,,,,
2025-05-29,丸亀,5,6,羽野直也,A1,30.54,6,,2.5887,2.4,53,44.4,0.18,3.4444,,,0,低,17,1,差ま0% 抜0%,5 21,0,67,1.6564,0,0,0,0.1429,0.1429,0.0769,0.1538,0.0769,,,D,○,,0.2155,0.681,,0.3633,A,60,0,◎-○軸 3着3〜4艇流し（10〜15点）,0.5777,"{'is_target': False, 'verdict': '対象外', 'max_combo_prob': None, 'est_top_odds': None, 'circle_concentration': None, 'eligible_count': 0, 'bet_adj': 0, 'reason': '1号艇rel_win1 < 45%: 通常判定に委ねる', 'tenji_trigger': ''}",,,39,両建て推奨,54.42,28.3,3,,,,,,,,,,,
2025-05-29,丸亀,6,1,磯部　誠,A1,37.91,1,◎,51.5992,,0,100,0.1215,2.225,,,0,低,9,0,逃1%,4 32,0,79.3,1.2315,1,,,,,,,,◎,,B,○,,,0.715,,0.7014,S,86,0,◎1着固定 2-3着流し（5〜8点）,0.5777,"{'is_target': True, 'verdict': '参加推奨', 'max_combo_prob': 0.0584, 'est_top_odds': 22.8, 'circle_concentration': 63.3, 'eligible_count': 6, 'bet_adj': 2, 'reason': 'rel_win1=51.6%（本命度） / 最有力組み合わせ確率: 0.058（推定実オッズ?23倍） / 2着集中度: 上位2艇 63.3%（補正+0.00） / 総合判定確率: 0.058 / → ヒモ分散。1号艇1着固定で広めのヒモ流し推奨（買い目+2点）', 'tenji_trigger': '展示確認: ヒモ分散レース。1号艇伸び確認後、広めのヒモ流しを採用。穴ヒモ（5・6号艇）を積極的に含める。\n展示で1号艇スタート超安定(0.121秒)→ヒモ固まり方向に注意'}",,,29.4,逃げ狙い,32.08,20.1,3,,,,,0,0,0.7559,0,,逃げ軸流し,A
2025-05-29,丸亀,6,2,清水愛海,A1,37.80,2,▲,13.0519,40.9,100,71.4,0.1729,3.6905,,,0,低,73,0,差0%,645,0,100,1.1448,0,0.2857,0,0,0,0.0909,0.1818,0,,,C,,,0.1182,0.634,,0.7014,S,86,0,◎1着固定 2-3着流し（5〜8点）,0.5777,"{'is_target': True, 'verdict': '参加推奨', 'max_combo_prob': 0.0584, 'est_top_odds': 22.8, 'circle_concentration': 63.3, 'eligible_count': 6, 'bet_adj': 2, 'reason': 'rel_win1=51.6%（本命度） / 最有力組み合わせ確率: 0.058（推定実オッズ?23倍） / 2着集中度: 上位2艇 63.3%（補正+0.00） / 総合判定確率: 0.058 / → ヒモ分散。1号艇1着固定で広めのヒモ流し推奨（買い目+2点）', 'tenji_trigger': '展示確認: ヒモ分散レース。1号艇伸び確認後、広めのヒモ流しを採用。穴ヒモ（5・6号艇）を積極的に含める。\n展示で1号艇スタート超安定(0.121秒)→ヒモ固まり方向に注意'}",,,29.4,逃げ狙い,32.08,20.1,3,,,,,,,,,,,
2025-05-29,丸亀,6,3,関　浩哉,A1,40.13,3,○,19.6711,22.4,93,85.7,0.1764,3.5714,,,0,低,34,1,ま0% 差ま0%,214,0,67.7,1.7263,0,0,0.3333,0.3333,0,,,,,,B,,,0.2082,0.6435,,0.7014,S,86,0,◎1着固定 2-3着流し（5〜8点）,0.5777,"{'is_target': True, 'verdict': '参加推奨', 'max_combo_prob': 0.0584, 'est_top_odds': 22.8, 'circle_concentration': 63.3, 'eligible_count': 6, 'bet_adj': 2, 'reason': 'rel_win1=51.6%（本命度） / 最有力組み合わせ確率: 0.058（推定実オッズ?23倍） / 2着集中度: 上位2艇 63.3%（補正+0.00） / 総合判定確率: 0.058 / → ヒモ分散。1号艇1着固定で広めのヒモ流し推奨（買い目+2点）', 'tenji_trigger': '展示確認: ヒモ分散レース。1号艇伸び確認後、広めのヒモ流しを採用。穴ヒモ（5・6号艇）を積極的に含める。\n展示で1号艇スタート超安定(0.121秒)→ヒモ固まり方向に注意'}",,,29.4,逃げ狙い,32.08,20.1,3,,,,,,,,,,,
2025-05-29,丸亀,6,4,深谷知博,A1,27.54,4,,6.4571,19.1,79,57.1,0.1129,2.2143,,,0,低,10,1,差0% ま0%,1 63,0,34.9,1.0685,0,0.125,0.125,0,0,0,0,0.1111,,,E,△,,0.336,0.6545,,0.7014,S,86,0,◎1着固定 2-3着流し（5〜8点）,0.5777,"{'is_target': True, 'verdict': '参加推奨', 'max_combo_prob': 0.0584, 'est_top_odds': 22.8, 'circle_concentration': 63.3, 'eligible_count': 6, 'bet_adj': 2, 'reason': 'rel_win1=51.6%（本命度） / 最有力組み合わせ確率: 0.058（推定実オッズ?23倍） / 2着集中度: 上位2艇 63.3%（補正+0.00） / 総合判定確率: 0.058 / → ヒモ分散。1号艇1着固定で広めのヒモ流し推奨（買い目+2点）', 'tenji_trigger': '展示確認: ヒモ分散レース。1号艇伸び確認後、広めのヒモ流しを採用。穴ヒモ（5・6号艇）を積極的に含める。\n展示で1号艇スタート超安定(0.121秒)→ヒモ固まり方向に注意'}",,,29.4,逃げ狙い,32.08,20.1,3,,,,,,,,,,,
2025-05-29,丸亀,6,5,峰　竜太,A1,37.79,5,△,5.0255,10.5,79,100,0.156,4,,,0,低,4,1,ま0% 差ま0%,1 42,0,100,2.4714,0,0,0.0323,0.0323,0,0,0,0,,,C,◎,,0.1722,0.8175,,0.7014,S,86,0,◎1着固定 2-3着流し（5〜8点）,0.5777,"{'is_target': True, 'verdict': '参加推奨', 'max_combo_prob': 0.0584, 'est_top_odds': 22.8, 'circle_concentration': 63.3, 'eligible_count': 6, 'bet_adj': 2, 'reason': 'rel_win1=51.6%（本命度） / 最有力組み合わせ確率: 0.058（推定実オッズ?23倍） / 2着集中度: 上位2艇 63.3%（補正+0.00） / 総合判定確率: 0.058 / → ヒモ分散。1号艇1着固定で広めのヒモ流し推奨（買い目+2点）', 'tenji_trigger': '展示確認: ヒモ分散レース。1号艇伸び確認後、広めのヒモ流しを採用。穴ヒモ（5・6号艇）を積極的に含める。\n展示で1号艇スタート超安定(0.121秒)→ヒモ固まり方向に注意'}",,,29.4,逃げ狙い,32.08,20.1,3,,,,,,,,,,,
2025-05-29,丸亀,6,6,島村隆幸,A1,31.41,6,,4.1952,7.1,96,59.1,0.1336,3.4545,,,0,低,37,0,差ま0%,1 53,0,35.1,2.2861,0,0,0,0.0769,0,0.05,0.05,0.1,,,D,△,,0.255,0.6615,,0.7014,S,86,0,◎1着固定 2-3着流し（5〜8点）,0.5777,"{'is_target': True, 'verdict': '参加推奨', 'max_combo_prob': 0.0584, 'est_top_odds': 22.8, 'circle_concentration': 63.3, 'eligible_count': 6, 'bet_adj': 2, 'reason': 'rel_win1=51.6%（本命度） / 最有力組み合わせ確率: 0.058（推定実オッズ?23倍） / 2着集中度: 上位2艇 63.3%（補正+0.00） / 総合判定確率: 0.058 / → ヒモ分散。1号艇1着固定で広めのヒモ流し推奨（買い目+2点）', 'tenji_trigger': '展示確認: ヒモ分散レース。1号艇伸び確認後、広めのヒモ流しを採用。穴ヒモ（5・6号艇）を積極的に含める。\n展示で1号艇スタート超安定(0.121秒)→ヒモ固まり方向に注意'}",,,29.4,逃げ狙い,32.08,20.1,3,,,,,,,,,,,
2025-05-29,丸亀,7,1,山田康二,A1,30.30,1,◎,51.6113,,0,91.3,0.1287,2.5652,,,0,低,35,0,逃1%,2 5,0,74.6,1.1418,0.6842,,,,,0.0211,0.1211,0.1632,◎,,E,○,,,0.6765,,0.6177,A,72,0,◎-○軸 3着3〜4艇流し（10〜15点）,0.5777,"{'is_target': True, 'verdict': '参加推奨', 'max_combo_prob': 0.0611, 'est_top_odds': 21.8, 'circle_concentration': 60.2, 'eligible_count': 8, 'bet_adj': 2, 'reason': 'rel_win1=51.6%（本命度） / 最有力組み合わせ確率: 0.061（推定実オッズ?22倍） / 2着集中度: 上位2艇 60.2%（補正+0.00） / 総合判定確率: 0.061 / → ヒモ分散。1号艇1着固定で広めのヒモ流し推奨（買い目+2点）', 'tenji_trigger': '展示確認: ヒモ分散レース。1号艇伸び確認後、広めのヒモ流しを採用。穴ヒモ（5・6号艇）を積極的に含める。\n展示で1号艇スタート超安定(0.129秒)→ヒモ固まり方向に注意'}",,,29.8,逃げ狙い,26.38,26.1,4,,,,,0,0,0.7559,0,,逃げ軸流し,A
2025-05-29,丸亀,7,2,川井　萌,A1,39.77,2,,8.8489,41,74,50,0.1678,4.1667,,,0,低,50,0,差0% ま0%,525,0,26.3,0.8302,0,0.2,0.2,0,0,0,0.5,0,,,C,,,0.1,0.6045,,0.6177,A,72,0,◎-○軸 3着3〜4艇流し（10〜15点）,0.5777,"{'is_target': True, 'verdict': '参加推奨', 'max_combo_prob': 0.0611, 'est_top_odds': 21.8, 'circle_concentration': 60.2, 'eligible_count': 8, 'bet_adj': 2, 'reason': 'rel_win1=51.6%（本命度） / 最有力組み合わせ確率: 0.061（推定実オッズ?22倍） / 2着集中度: 上位2艇 60.2%（補正+0.00） / 総合判定確率: 0.061 / → ヒモ分散。1号艇1着固定で広めのヒモ流し推奨（買い目+2点）', 'tenji_trigger': '展示確認: ヒモ分散レース。1号艇伸び確認後、広めのヒモ流しを採用。穴ヒモ（5・6号艇）を積極的に含める。\n展示で1号艇スタート超安定(0.129秒)→ヒモ固まり方向に注意'}",,,29.8,逃げ狙い,26.38,26.1,4,,,,,,,,,,,
2025-05-29,丸亀,7,3,石野貴之,A1,41.61,3,▲,16.1982,19.3,83,61.5,0.1335,2.75,,,0,低,40,0,ま0%,416,0,97.5,1.3021,0,0,0.3636,0,0,0,0.1176,0,,,C,,,0.3404,0.5965,,0.6177,A,72,0,◎-○軸 3着3〜4艇流し（10〜15点）,0.5777,"{'is_target': True, 'verdict': '参加推奨', 'max_combo_prob': 0.0611, 'est_top_odds': 21.8, 'circle_concentration': 60.2, 'eligible_count': 8, 'bet_adj': 2, 'reason': 'rel_win1=51.6%（本命度） / 最有力組み合わせ確率: 0.061（推定実オッズ?22倍） / 2着集中度: 上位2艇 60.2%（補正+0.00） / 総合判定確率: 0.061 / → ヒモ分散。1号艇1着固定で広めのヒモ流し推奨（買い目+2点）', 'tenji_trigger': '展示確認: ヒモ分散レース。1号艇伸び確認後、広めのヒモ流しを採用。穴ヒモ（5・6号艇）を積極的に含める。\n展示で1号艇スタート超安定(0.129秒)→ヒモ固まり方向に注意'}",,,29.8,逃げ狙い,26.38,26.1,4,,,,,,,,,,,
2025-05-29,丸亀,7,4,佐藤　翼,A1,45.91,4,○,14.7272,18.2,93,84.6,0.1415,3.3462,,,0,低,13,1,ま0%,1 33,0,87.4,1.7664,0,0,0.4,0,0,0,0.1429,0.1429,,,A,◎,◎,0.3409,0.711,0.4692,0.6177,A,72,0,◎-○軸 3着3〜4艇流し（10〜15点）,0.5777,"{'is_target': True, 'verdict': '参加推奨', 'max_combo_prob': 0.0611, 'est_top_odds': 21.8, 'circle_concentration': 60.2, 'eligible_count': 8, 'bet_adj': 2, 'reason': 'rel_win1=51.6%（本命度） / 最有力組み合わせ確率: 0.061（推定実オッズ?22倍） / 2着集中度: 上位2艇 60.2%（補正+0.00） / 総合判定確率: 0.061 / → ヒモ分散。1号艇1着固定で広めのヒモ流し推奨（買い目+2点）', 'tenji_trigger': '展示確認: ヒモ分散レース。1号艇伸び確認後、広めのヒモ流しを採用。穴ヒモ（5・6号艇）を積極的に含める。\n展示で1号艇スタート超安定(0.129秒)→ヒモ固まり方向に注意'}",,,29.8,逃げ狙い,26.38,26.1,4,,,,,,,,,,,
2025-05-29,丸亀,7,5,土屋智則,A1,42.11,5,△,6.7823,18.9,100,73.7,0.1711,3.2368,,,0,低,34,0,差ま0%,2 3,0,51.7,1.9371,0,0,0,0.1111,0,0.1235,0.1235,0.1471,,,B,△,,0.1519,0.627,,0.6177,A,72,0,◎-○軸 3着3〜4艇流し（10〜15点）,0.5777,"{'is_target': True, 'verdict': '参加推奨', 'max_combo_prob': 0.0611, 'est_top_odds': 21.8, 'circle_concentration': 60.2, 'eligible_count': 8, 'bet_adj': 2, 'reason': 'rel_win1=51.6%（本命度） / 最有力組み合わせ確率: 0.061（推定実オッズ?22倍） / 2着集中度: 上位2艇 60.2%（補正+0.00） / 総合判定確率: 0.061 / → ヒモ分散。1号艇1着固定で広めのヒモ流し推奨（買い目+2点）', 'tenji_trigger': '展示確認: ヒモ分散レース。1号艇伸び確認後、広めのヒモ流しを採用。穴ヒモ（5・6号艇）を積極的に含める。\n展示で1号艇スタート超安定(0.129秒)→ヒモ固まり方向に注意'}",,,29.8,逃げ狙い,26.38,26.1,4,,,,,,,,,,,
2025-05-29,丸亀,7,6,馬場貴也,A1,31.48,6,,1.832,2.7,70,71.4,0.2257,4,,,0,低,17,1,差ま0%,6 6,0,100,2.5747,0,0,0,0.0333,0,0.0833,0.1667,0,,,D,△,,0.1052,0.606,,0.6177,A,72,0,◎-○軸 3着3〜4艇流し（10〜15点）,0.5777,"{'is_target': True, 'verdict': '参加推奨', 'max_combo_prob': 0.0611, 'est_top_odds': 21.8, 'circle_concentration': 60.2, 'eligible_count': 8, 'bet_adj': 2, 'reason': 'rel_win1=51.6%（本命度） / 最有力組み合わせ確率: 0.061（推定実オッズ?22倍） / 2着集中度: 上位2艇 60.2%（補正+0.00） / 総合判定確率: 0.061 / → ヒモ分散。1号艇1着固定で広めのヒモ流し推奨（買い目+2点）', 'tenji_trigger': '展示確認: ヒモ分散レース。1号艇伸び確認後、広めのヒモ流しを採用。穴ヒモ（5・6号艇）を積極的に含める。\n展示で1号艇スタート超安定(0.129秒)→ヒモ固まり方向に注意'}",,,29.8,逃げ狙い,26.38,26.1,4,,,,,,,,,,,
2025-05-29,丸亀,8,1,上野真之,A1,35.98,1,◎,61.6935,,0,100,0.1154,2.1875,,,0,低,15,0,逃1%,3 46,0,58.1,1.0762,0.8667,,,,,0,0,0.1333,◎,,B,◎,,,0.812,,0.7328,S,90,0,◎1着固定 2-3着流し（5〜8点）,0.5777,"{'is_target': True, 'verdict': '参加推奨', 'max_combo_prob': 0.081, 'est_top_odds': 16.5, 'circle_concentration': 69.1, 'eligible_count': 6, 'bet_adj': 2, 'reason': 'rel_win1=61.7%（本命度） / 最有力組み合わせ確率: 0.081（推定実オッズ?16倍） / 2着集中度: 上位2艇 69.1%（補正+0.00） / 総合判定確率: 0.081 / → ヒモ分散。1号艇1着固定で広めのヒモ流し推奨（買い目+2点）', 'tenji_trigger': '展示確認: ヒモ分散レース。1号艇伸び確認後、広めのヒモ流しを採用。穴ヒモ（5・6号艇）を積極的に含める。\n展示で1号艇スタート超安定(0.115秒)→ヒモ固まり方向に注意'}",,,32.6,逃げ狙い,41.38,21.2,5,,,,,0,0,0.7559,0,,逃げ軸流し,A
2025-05-29,丸亀,8,2,篠崎仁志,A1,39.18,2,○,12.0968,43,78,85,0.14,3.1,,,0,低,29,0,差0% ま0% 抜0%,5 6,0,100,1.3229,0,0.1111,0.1111,0,0.1111,0.0952,0,0,,,B,△,,0.0807,0.7005,,0.7328,S,90,0,◎1着固定 2-3着流し（5〜8点）,0.5777,"{'is_target': True, 'verdict': '参加推奨', 'max_combo_prob': 0.081, 'est_top_odds': 16.5, 'circle_concentration': 69.1, 'eligible_count': 6, 'bet_adj': 2, 'reason': 'rel_win1=61.7%（本命度） / 最有力組み合わせ確率: 0.081（推定実オッズ?16倍） / 2着集中度: 上位2艇 69.1%（補正+0.00） / 総合判定確率: 0.081 / → ヒモ分散。1号艇1着固定で広めのヒモ流し推奨（買い目+2点）', 'tenji_trigger': '展示確認: ヒモ分散レース。1号艇伸び確認後、広めのヒモ流しを採用。穴ヒモ（5・6号艇）を積極的に含める。\n展示で1号艇スタート超安定(0.115秒)→ヒモ固まり方向に注意'}",,,32.6,逃げ狙い,41.38,21.2,5,,,,,,,,,,,
2025-05-29,丸亀,8,3,吉田拡郎,A1,28.86,3,▲,10.4623,26.2,84,79.2,0.1329,3.0208,,,0,低,10,0,ま0% 抜0%,1 14,0,39.3,1.3556,0,0,0.125,0,0.125,0.0909,0,0,,,D,○,,0.2164,0.81,,0.7328,S,90,0,◎1着固定 2-3着流し（5〜8点）,0.5777,"{'is_target': True, 'verdict': '参加推奨', 'max_combo_prob': 0.081, 'est_top_odds': 16.5, 'circle_concentration': 69.1, 'eligible_count': 6, 'bet_adj': 2, 'reason': 'rel_win1=61.7%（本命度） / 最有力組み合わせ確率: 0.081（推定実オッズ?16倍） / 2着集中度: 上位2艇 69.1%（補正+0.00） / 総合判定確率: 0.081 / → ヒモ分散。1号艇1着固定で広めのヒモ流し推奨（買い目+2点）', 'tenji_trigger': '展示確認: ヒモ分散レース。1号艇伸び確認後、広めのヒモ流しを採用。穴ヒモ（5・6号艇）を積極的に含める。\n展示で1号艇スタート超安定(0.115秒)→ヒモ固まり方向に注意'}",,,32.6,逃げ狙い,41.38,21.2,5,,,,,,,,,,,
2025-05-29,丸亀,8,4,丸野一樹,A1,30.43,4,△,10.8525,20.9,100,81.8,0.1605,3.6591,,,0,低,31,0,差ま0% 抜0%,6 2,0,68.4,1.586,0,0,0,0.1667,0.1667,0,0.1111,0,,,D,△,◎,0.1391,0.6595,0.547,0.7328,S,90,0,◎1着固定 2-3着流し（5〜8点）,0.5777,"{'is_target': True, 'verdict': '参加推奨', 'max_combo_prob': 0.081, 'est_top_odds': 16.5, 'circle_concentration': 69.1, 'eligible_count': 6, 'bet_adj': 2, 'reason': 'rel_win1=61.7%（本命度） / 最有力組み合わせ確率: 0.081（推定実オッズ?16倍） / 2着集中度: 上位2艇 69.1%（補正+0.00） / 総合判定確率: 0.081 / → ヒモ分散。1号艇1着固定で広めのヒモ流し推奨（買い目+2点）', 'tenji_trigger': '展示確認: ヒモ分散レース。1号艇伸び確認後、広めのヒモ流しを採用。穴ヒモ（5・6号艇）を積極的に含める。\n展示で1号艇スタート超安定(0.115秒)→ヒモ固まり方向に注意'}",,,32.6,逃げ狙い,41.38,21.2,5,,,,,,,,,,,
2025-05-29,丸亀,8,5,毒島　誠,A1,28.03,5,,3.7339,7.4,82,100,0.245,3.5,,,0,低,9,1,差ま0%,2 2F,0,100,2.4305,0,0,0,0.5,0,,,,,,E,,,0.2196,0.6275,,0.7328,S,90,0,◎1着固定 2-3着流し（5〜8点）,0.5777,"{'is_target': True, 'verdict': '参加推奨', 'max_combo_prob': 0.081, 'est_top_odds': 16.5, 'circle_concentration': 69.1, 'eligible_count': 6, 'bet_adj': 2, 'reason': 'rel_win1=61.7%（本命度） / 最有力組み合わせ確率: 0.081（推定実オッズ?16倍） / 2着集中度: 上位2艇 69.1%（補正+0.00） / 総合判定確率: 0.081 / → ヒモ分散。1号艇1着固定で広めのヒモ流し推奨（買い目+2点）', 'tenji_trigger': '展示確認: ヒモ分散レース。1号艇伸び確認後、広めのヒモ流しを採用。穴ヒモ（5・6号艇）を積極的に含める。\n展示で1号艇スタート超安定(0.115秒)→ヒモ固まり方向に注意'}",,,32.6,逃げ狙い,41.38,21.2,5,,,,,,,,,,,
2025-05-29,丸亀,8,6,今垣光太,A1,33.55,6,,1.1611,2.6,61,66.7,0.2067,4.1667,,,0,低,52,1,ま0%,366,0,46.2,2.4597,0,0,0.0769,0,0,0.0769,0,0,,,C,,,0.109,0.58,,0.7328,S,90,0,◎1着固定 2-3着流し（5〜8点）,0.5777,"{'is_target': True, 'verdict': '参加推奨', 'max_combo_prob': 0.081, 'est_top_odds': 16.5, 'circle_concentration': 69.1, 'eligible_count': 6, 'bet_adj': 2, 'reason': 'rel_win1=61.7%（本命度） / 最有力組み合わせ確率: 0.081（推定実オッズ?16倍） / 2着集中度: 上位2艇 69.1%（補正+0.00） / 総合判定確率: 0.081 / → ヒモ分散。1号艇1着固定で広めのヒモ流し推奨（買い目+2点）', 'tenji_trigger': '展示確認: ヒモ分散レース。1号艇伸び確認後、広めのヒモ流しを採用。穴ヒモ（5・6号艇）を積極的に含める。\n展示で1号艇スタート超安定(0.115秒)→ヒモ固まり方向に注意'}",,,32.6,逃げ狙い,41.38,21.2,5,,,,,,,,,,,
2025-05-29,丸亀,9,1,池田浩二,A1,35.44,1,◎,50.5349,,0,100,0.1123,2.5227,,,0,低,6,0,逃1%,5 62,0,74.9,1.2274,1,,,,,,,,◎,,C,◎,,,0.818,,0.6807,S,85,0,◎1着固定 2-3着流し（5〜8点）,0.5777,"{'is_target': True, 'verdict': '参加推奨', 'max_combo_prob': 0.0793, 'est_top_odds': 16.8, 'circle_concentration': 76.4, 'eligible_count': 6, 'bet_adj': 2, 'reason': 'rel_win1=50.5%（本命度） / 最有力組み合わせ確率: 0.079（推定実オッズ?17倍） / 2着集中度: 上位2艇 76.4%（補正+0.04） / 総合判定確率: 0.119 / → ヒモ分散。1号艇1着固定で広めのヒモ流し推奨（買い目+2点）', 'tenji_trigger': '展示確認: ヒモ分散レース。1号艇伸び確認後、広めのヒモ流しを採用。穴ヒモ（5・6号艇）を積極的に含める。\n展示で1号艇スタート超安定(0.112秒)→ヒモ固まり方向に注意'}",,,31.5,逃げ狙い,39.65,19.5,4,,,,,0,0,0.7559,0,,逃げ軸流し,A
2025-05-29,丸亀,9,2,宮地元輝,A1,35.50,2,▲,8.5594,53.2,91,83.3,0.1008,2.875,,,0,低,13,1,差0%,421,0,100,1.2934,0,0.0556,0,0,0,0,0,0.1667,,◎,B,○,,0.4263,0.6895,,0.6807,S,85,0,◎1着固定 2-3着流し（5〜8点）,0.5777,"{'is_target': True, 'verdict': '参加推奨', 'max_combo_prob': 0.0793, 'est_top_odds': 16.8, 'circle_concentration': 76.4, 'eligible_count': 6, 'bet_adj': 2, 'reason': 'rel_win1=50.5%（本命度） / 最有力組み合わせ確率: 0.079（推定実オッズ?17倍） / 2着集中度: 上位2艇 76.4%（補正+0.04） / 総合判定確率: 0.119 / → ヒモ分散。1号艇1着固定で広めのヒモ流し推奨（買い目+2点）', 'tenji_trigger': '展示確認: ヒモ分散レース。1号艇伸び確認後、広めのヒモ流しを採用。穴ヒモ（5・6号艇）を積極的に含める。\n展示で1号艇スタート超安定(0.112秒)→ヒモ固まり方向に注意'}",,,31.5,逃げ狙い,39.65,19.5,4,,,,,,,,,,,
2025-05-29,丸亀,9,3,椎名　豊,A1,41.61,3,○,17.5722,23.2,100,81.5,0.1385,2.7963,,,0,低,42,0,ま0% 差ま0%,5 5,0,56.2,1.6063,0,0,0.2857,0.0714,0,0.1382,0,0.0364,,,A,△,,0.2167,0.664,,0.6807,S,85,0,◎1着固定 2-3着流し（5〜8点）,0.5777,"{'is_target': True, 'verdict': '参加推奨', 'max_combo_prob': 0.0793, 'est_top_odds': 16.8, 'circle_concentration': 76.4, 'eligible_count': 6, 'bet_adj': 2, 'reason': 'rel_win1=50.5%（本命度） / 最有力組み合わせ確率: 0.079（推定実オッズ?17倍） / 2着集中度: 上位2艇 76.4%（補正+0.04） / 総合判定確率: 0.119 / → ヒモ分散。1号艇1着固定で広めのヒモ流し推奨（買い目+2点）', 'tenji_trigger': '展示確認: ヒモ分散レース。1号艇伸び確認後、広めのヒモ流しを採用。穴ヒモ（5・6号艇）を積極的に含める。\n展示で1号艇スタート超安定(0.112秒)→ヒモ固まり方向に注意'}",,,31.5,逃げ狙い,39.65,19.5,4,,,,,,,,,,,
2025-05-29,丸亀,9,4,菅　章哉,A1,29.01,4,△,13.4359,16.5,77,65.8,0.1458,3.1447,,,0,低,72,0,ま1%,161,0,56.9,1.4698,0,0,0.5455,0,0,0,0,0.0444,,,D,,○,0.3099,0.5965,0.3236,0.6807,S,85,0,◎1着固定 2-3着流し（5〜8点）,0.5777,"{'is_target': True, 'verdict': '参加推奨', 'max_combo_prob': 0.0793, 'est_top_odds': 16.8, 'circle_concentration': 76.4, 'eligible_count': 6, 'bet_adj': 2, 'reason': 'rel_win1=50.5%（本命度） / 最有力組み合わせ確率: 0.079（推定実オッズ?17倍） / 2着集中度: 上位2艇 76.4%（補正+0.04） / 総合判定確率: 0.119 / → ヒモ分散。1号艇1着固定で広めのヒモ流し推奨（買い目+2点）', 'tenji_trigger': '展示確認: ヒモ分散レース。1号艇伸び確認後、広めのヒモ流しを採用。穴ヒモ（5・6号艇）を積極的に含める。\n展示で1号艇スタート超安定(0.112秒)→ヒモ固まり方向に注意'}",,,31.5,逃げ狙い,39.65,19.5,4,,,,,,,,,,,
2025-05-29,丸亀,9,5,中村日向,A1,33.13,5,,8.3146,4.2,96,55.2,0.1493,3.3966,,,0,低,40,0,差ま0%,5 6,0,52.8,1.4133,0,0,0,0.25,0.0833,0.1538,0.0769,0,,,C,,◎,0.1979,0.645,0.4098,0.6807,S,85,0,◎1着固定 2-3着流し（5〜8点）,0.5777,"{'is_target': True, 'verdict': '参加推奨', 'max_combo_prob': 0.0793, 'est_top_odds': 16.8, 'circle_concentration': 76.4, 'eligible_count': 6, 'bet_adj': 2, 'reason': 'rel_win1=50.5%（本命度） / 最有力組み合わせ確率: 0.079（推定実オッズ?17倍） / 2着集中度: 上位2艇 76.4%（補正+0.04） / 総合判定確率: 0.119 / → ヒモ分散。1号艇1着固定で広めのヒモ流し推奨（買い目+2点）', 'tenji_trigger': '展示確認: ヒモ分散レース。1号艇伸び確認後、広めのヒモ流しを採用。穴ヒモ（5・6号艇）を積極的に含める。\n展示で1号艇スタート超安定(0.112秒)→ヒモ固まり方向に注意'}",,,31.5,逃げ狙い,39.65,19.5,4,,,,,,,,,,,
2025-05-29,丸亀,9,6,瓜生正義,A1,27.84,6,,1.5829,2.9,66,75,0.1675,3.125,,,0,低,21,1,-,5 32,0,40.8,2.7228,,,,,,0.0833,0.0833,0.1667,,,E,△,,0.1322,0.653,,0.6807,S,85,0,◎1着固定 2-3着流し（5〜8点）,0.5777,"{'is_target': True, 'verdict': '参加推奨', 'max_combo_prob': 0.0793, 'est_top_odds': 16.8, 'circle_concentration': 76.4, 'eligible_count': 6, 'bet_adj': 2, 'reason': 'rel_win1=50.5%（本命度） / 最有力組み合わせ確率: 0.079（推定実オッズ?17倍） / 2着集中度: 上位2艇 76.4%（補正+0.04） / 総合判定確率: 0.119 / → ヒモ分散。1号艇1着固定で広めのヒモ流し推奨（買い目+2点）', 'tenji_trigger': '展示確認: ヒモ分散レース。1号艇伸び確認後、広めのヒモ流しを採用。穴ヒモ（5・6号艇）を積極的に含める。\n展示で1号艇スタート超安定(0.112秒)→ヒモ固まり方向に注意'}",,,31.5,逃げ狙い,39.65,19.5,4,,,,,,,,,,,
2025-05-29,丸亀,10,1,井口佳典,A1,46.71,1,◎,52.8204,,0,85.2,0.1759,3.7593,,,0,低,31,0,逃1%,2 45,0,61,1.0835,0.6667,,,,,0,0.1667,0.1667,○,,B,,,,0.6355,,0.3742,B,56,0,◎○△フォーメーション（15〜20点）,0.5777,"{'is_target': True, 'verdict': '参加推奨', 'max_combo_prob': 0.0742, 'est_top_odds': 18.0, 'circle_concentration': 64.3, 'eligible_count': 9, 'bet_adj': 2, 'reason': 'rel_win1=52.8%（本命度） / 最有力組み合わせ確率: 0.074（推定実オッズ?18倍） / 2着集中度: 上位2艇 64.3%（補正+0.00） / 総合判定確率: 0.074 / → ヒモ分散。1号艇1着固定で広めのヒモ流し推奨（買い目+2点）', 'tenji_trigger': '展示確認: ヒモ分散レース。1号艇伸び確認後、広めのヒモ流しを採用。穴ヒモ（5・6号艇）を積極的に含める。'}",,,41.8,両建て推奨,47.78,27.7,2,,,,,0,0,0.6155,0,,逃げ軸流し,A
2025-05-29,丸亀,10,2,茅原悠紀,A1,30.99,2,,11.0261,41.8,73,90,0.145,3.35,,,0,低,13,1,抜0%,3 2,0,58.7,1.3867,0,0,0,0,0.1667,0,0,0.0714,,◎,E,○,,0.5775,0.6725,,0.3742,B,56,0,◎○△フォーメーション（15〜20点）,0.5777,"{'is_target': True, 'verdict': '参加推奨', 'max_combo_prob': 0.0742, 'est_top_odds': 18.0, 'circle_concentration': 64.3, 'eligible_count': 9, 'bet_adj': 2, 'reason': 'rel_win1=52.8%（本命度） / 最有力組み合わせ確率: 0.074（推定実オッズ?18倍） / 2着集中度: 上位2艇 64.3%（補正+0.00） / 総合判定確率: 0.074 / → ヒモ分散。1号艇1着固定で広めのヒモ流し推奨（買い目+2点）', 'tenji_trigger': '展示確認: ヒモ分散レース。1号艇伸び確認後、広めのヒモ流しを採用。穴ヒモ（5・6号艇）を積極的に含める。'}",,,41.8,両建て推奨,47.78,27.7,2,,,,,,,,,,,
2025-05-29,丸亀,10,3,松井　繁,A1,31.48,3,△,9.0264,19.3,100,76.9,0.1508,3.2308,,,0,低,24,1,-,343,0,41.6,1.255,,,,,,0.0714,0.2143,0,,,D,△,,0.4355,0.6505,,0.3742,B,56,0,◎○△フォーメーション（15〜20点）,0.5777,"{'is_target': True, 'verdict': '参加推奨', 'max_combo_prob': 0.0742, 'est_top_odds': 18.0, 'circle_concentration': 64.3, 'eligible_count': 9, 'bet_adj': 2, 'reason': 'rel_win1=52.8%（本命度） / 最有力組み合わせ確率: 0.074（推定実オッズ?18倍） / 2着集中度: 上位2艇 64.3%（補正+0.00） / 総合判定確率: 0.074 / → ヒモ分散。1号艇1着固定で広めのヒモ流し推奨（買い目+2点）', 'tenji_trigger': '展示確認: ヒモ分散レース。1号艇伸び確認後、広めのヒモ流しを採用。穴ヒモ（5・6号艇）を積極的に含める。'}",,,41.8,両建て推奨,47.78,27.7,2,,,,,,,,,,,
2025-05-29,丸亀,10,4,前田将太,A1,36.94,4,▲,12.6262,22.4,80,73.9,0.1465,2.7174,,,0,低,42,0,差ま0%,6 5,0,68.6,1.5221,0,0,0,0.2,0,0.0476,0.0952,0.0476,,△,C,◎,○,0.4363,0.6935,0.4405,0.3742,B,56,0,◎○△フォーメーション（15〜20点）,0.5777,"{'is_target': True, 'verdict': '参加推奨', 'max_combo_prob': 0.0742, 'est_top_odds': 18.0, 'circle_concentration': 64.3, 'eligible_count': 9, 'bet_adj': 2, 'reason': 'rel_win1=52.8%（本命度） / 最有力組み合わせ確率: 0.074（推定実オッズ?18倍） / 2着集中度: 上位2艇 64.3%（補正+0.00） / 総合判定確率: 0.074 / → ヒモ分散。1号艇1着固定で広めのヒモ流し推奨（買い目+2点）', 'tenji_trigger': '展示確認: ヒモ分散レース。1号艇伸び確認後、広めのヒモ流しを採用。穴ヒモ（5・6号艇）を積極的に含める。'}",,,41.8,両建て推奨,47.78,27.7,2,,,,,,,,,,,
2025-05-29,丸亀,10,5,佐藤隆太,A1,50.00,5,○,10.8898,9,76,71.4,0.1376,2.8571,,,0,低,32,0,差ま0% 抜0%,1 2,0,100,2.0217,0,0,0,0.25,0.125,0.0833,0.0833,0,,○,A,△,◎,0.4529,0.6665,0.505,0.3742,B,56,0,◎○△フォーメーション（15〜20点）,0.5777,"{'is_target': True, 'verdict': '参加推奨', 'max_combo_prob': 0.0742, 'est_top_odds': 18.0, 'circle_concentration': 64.3, 'eligible_count': 9, 'bet_adj': 2, 'reason': 'rel_win1=52.8%（本命度） / 最有力組み合わせ確率: 0.074（推定実オッズ?18倍） / 2着集中度: 上位2艇 64.3%（補正+0.00） / 総合判定確率: 0.074 / → ヒモ分散。1号艇1着固定で広めのヒモ流し推奨（買い目+2点）', 'tenji_trigger': '展示確認: ヒモ分散レース。1号艇伸び確認後、広めのヒモ流しを採用。穴ヒモ（5・6号艇）を積極的に含める。'}",,,41.8,両建て推奨,47.78,27.7,2,,,,,,,,,,,
2025-05-29,丸亀,10,6,重成一人,A1,31.10,6,,3.6111,7.4,42,55.2,0.181,3.6034,,,0,低,51,0,抜0%,3 14,0,33.5,1.0669,0,0.0909,0,0,0.0909,0.0533,0.2533,0.0133,,,D,,,0.271,0.6315,,0.3742,B,56,0,◎○△フォーメーション（15〜20点）,0.5777,"{'is_target': True, 'verdict': '参加推奨', 'max_combo_prob': 0.0742, 'est_top_odds': 18.0, 'circle_concentration': 64.3, 'eligible_count': 9, 'bet_adj': 2, 'reason': 'rel_win1=52.8%（本命度） / 最有力組み合わせ確率: 0.074（推定実オッズ?18倍） / 2着集中度: 上位2艇 64.3%（補正+0.00） / 総合判定確率: 0.074 / → ヒモ分散。1号艇1着固定で広めのヒモ流し推奨（買い目+2点）', 'tenji_trigger': '展示確認: ヒモ分散レース。1号艇伸び確認後、広めのヒモ流しを採用。穴ヒモ（5・6号艇）を積極的に含める。'}",,,41.8,両建て推奨,47.78,27.7,2,,,,,,,,,,,
2025-05-29,丸亀,11,1,白井英治,A1,34.10,1,◎,50.25,,0,94.9,0.1546,3.7308,,,0,低,29,0,逃1%,253,0,67.5,1.1737,0.5882,,,,,0.0588,0.1765,0.0588,○,,C,,,,0.659,,0.4364,S,86,0,◎1着固定 2-3着流し（5〜8点）,0.5777,"{'is_target': True, 'verdict': '参加推奨', 'max_combo_prob': 0.0412, 'est_top_odds': 32.4, 'circle_concentration': 56.5, 'eligible_count': 6, 'bet_adj': 2, 'reason': 'rel_win1=50.2%（本命度） / 最有力組み合わせ確率: 0.041（推定実オッズ?32倍） / 2着集中度: 上位2艇 56.5%（補正+0.00） / 総合判定確率: 0.041 / → ヒモ分散。1号艇1着固定で広めのヒモ流し推奨（買い目+2点）', 'tenji_trigger': '展示確認: ヒモ分散レース。1号艇伸び確認後、広めのヒモ流しを採用。穴ヒモ（5・6号艇）を積極的に含める。'}",,,37.3,逃げ狙い,48.42,28.5,2,,,,,0,0,0.6155,0,,逃げ軸流し,A
2025-05-29,丸亀,11,2,関　浩哉,A1,40.13,2,▲,20.5462,27.5,100,87.5,0.1694,3.875,,,0,低,34,0,差0% ま0%,214,0,87.2,1.4557,0,0.3333,0.1667,0,0,,,,,,B,,,0.2262,0.6435,,0.4364,S,86,0,◎1着固定 2-3着流し（5〜8点）,0.5777,"{'is_target': True, 'verdict': '参加推奨', 'max_combo_prob': 0.0412, 'est_top_odds': 32.4, 'circle_concentration': 56.5, 'eligible_count': 6, 'bet_adj': 2, 'reason': 'rel_win1=50.2%（本命度） / 最有力組み合わせ確率: 0.041（推定実オッズ?32倍） / 2着集中度: 上位2艇 56.5%（補正+0.00） / 総合判定確率: 0.041 / → ヒモ分散。1号艇1着固定で広めのヒモ流し推奨（買い目+2点）', 'tenji_trigger': '展示確認: ヒモ分散レース。1号艇伸び確認後、広めのヒモ流しを採用。穴ヒモ（5・6号艇）を積極的に含める。'}",,,37.3,逃げ狙い,48.42,28.5,2,,,,,,,,,,,
2025-05-29,丸亀,11,3,平本真之,A1,32.37,3,,10.9417,27.3,91,82.3,0.1512,2.6471,,,0,低,16,0,差0%,525,0,40.6,1.4065,0,0.1,0,0,0,0.1333,0.0667,0.1333,,,D,△,,0.3032,0.6785,,0.4364,S,86,0,◎1着固定 2-3着流し（5〜8点）,0.5777,"{'is_target': True, 'verdict': '参加推奨', 'max_combo_prob': 0.0412, 'est_top_odds': 32.4, 'circle_concentration': 56.5, 'eligible_count': 6, 'bet_adj': 2, 'reason': 'rel_win1=50.2%（本命度） / 最有力組み合わせ確率: 0.041（推定実オッズ?32倍） / 2着集中度: 上位2艇 56.5%（補正+0.00） / 総合判定確率: 0.041 / → ヒモ分散。1号艇1着固定で広めのヒモ流し推奨（買い目+2点）', 'tenji_trigger': '展示確認: ヒモ分散レース。1号艇伸び確認後、広めのヒモ流しを採用。穴ヒモ（5・6号艇）を積極的に含める。'}",,,37.3,逃げ狙い,48.42,28.5,2,,,,,,,,,,,
2025-05-29,丸亀,11,4,西山貴浩,A1,41.29,4,○,8.475,29,69,80,0.14,3.4333,,,0,低,17,0,差0%,4 42,0,56.5,1.4615,0,0.3333,0,0,0,0,0.1429,0,,○,B,○,,0.4021,0.7,,0.4364,S,86,0,◎1着固定 2-3着流し（5〜8点）,0.5777,"{'is_target': True, 'verdict': '参加推奨', 'max_combo_prob': 0.0412, 'est_top_odds': 32.4, 'circle_concentration': 56.5, 'eligible_count': 6, 'bet_adj': 2, 'reason': 'rel_win1=50.2%（本命度） / 最有力組み合わせ確率: 0.041（推定実オッズ?32倍） / 2着集中度: 上位2艇 56.5%（補正+0.00） / 総合判定確率: 0.041 / → ヒモ分散。1号艇1着固定で広めのヒモ流し推奨（買い目+2点）', 'tenji_trigger': '展示確認: ヒモ分散レース。1号艇伸び確認後、広めのヒモ流しを採用。穴ヒモ（5・6号艇）を積極的に含める。'}",,,37.3,逃げ狙い,48.42,28.5,2,,,,,,,,,,,
2025-05-29,丸亀,11,5,守田俊介,A1,33.14,5,,6.2452,11.8,98,68.4,0.1221,1.9211,,,0,低,21,0,ま0% 差ま0%,3 13,0,52.2,1.8255,0,0,0.0714,0.1429,0,0.05,0,0,,◎,D,◎,,0.4095,0.704,,0.4364,S,86,0,◎1着固定 2-3着流し（5〜8点）,0.5777,"{'is_target': True, 'verdict': '参加推奨', 'max_combo_prob': 0.0412, 'est_top_odds': 32.4, 'circle_concentration': 56.5, 'eligible_count': 6, 'bet_adj': 2, 'reason': 'rel_win1=50.2%（本命度） / 最有力組み合わせ確率: 0.041（推定実オッズ?32倍） / 2着集中度: 上位2艇 56.5%（補正+0.00） / 総合判定確率: 0.041 / → ヒモ分散。1号艇1着固定で広めのヒモ流し推奨（買い目+2点）', 'tenji_trigger': '展示確認: ヒモ分散レース。1号艇伸び確認後、広めのヒモ流しを採用。穴ヒモ（5・6号艇）を積極的に含める。'}",,,37.3,逃げ狙い,48.42,28.5,2,,,,,,,,,,,
2025-05-29,丸亀,11,6,山崎　郡,A1,38.55,6,△,3.5419,4.4,71,57.7,0.1435,2.8846,,,0,低,34,0,ま0%,4 4,0,100,2.2003,0,0,0.0769,0,0,0,0.0417,0.0417,,,C,△,,0.3299,0.6985,,0.4364,S,86,0,◎1着固定 2-3着流し（5〜8点）,0.5777,"{'is_target': True, 'verdict': '参加推奨', 'max_combo_prob': 0.0412, 'est_top_odds': 32.4, 'circle_concentration': 56.5, 'eligible_count': 6, 'bet_adj': 2, 'reason': 'rel_win1=50.2%（本命度） / 最有力組み合わせ確率: 0.041（推定実オッズ?32倍） / 2着集中度: 上位2艇 56.5%（補正+0.00） / 総合判定確率: 0.041 / → ヒモ分散。1号艇1着固定で広めのヒモ流し推奨（買い目+2点）', 'tenji_trigger': '展示確認: ヒモ分散レース。1号艇伸び確認後、広めのヒモ流しを採用。穴ヒモ（5・6号艇）を積極的に含める。'}",,,37.3,逃げ狙い,48.42,28.5,2,,,,,,,,,,,
2025-05-29,丸亀,12,1,峰　竜太,A1,37.79,1,◎,52.9509,,0,100,0.12,3.2353,,,0,低,4,0,逃1%,1 42,0,77.1,1.2368,0.875,,,,,0,0,0,◎⚠️,,C,○,,,0.8175,,0.5603,A,74,0,◎-○軸 3着3〜4艇流し（10〜15点）,0.5777,"{'is_target': True, 'verdict': '参加推奨', 'max_combo_prob': 0.0542, 'est_top_odds': 24.6, 'circle_concentration': 57.6, 'eligible_count': 8, 'bet_adj': 2, 'reason': 'rel_win1=53.0%（本命度） / 最有力組み合わせ確率: 0.054（推定実オッズ?25倍） / 2着集中度: 上位2艇 57.6%（補正+0.00） / 総合判定確率: 0.054 / → ヒモ分散。1号艇1着固定で広めのヒモ流し推奨（買い目+2点）', 'tenji_trigger': '展示確認: ヒモ分散レース。1号艇伸び確認後、広めのヒモ流しを採用。穴ヒモ（5・6号艇）を積極的に含める。\n展示で1号艇スタート超安定(0.120秒)→ヒモ固まり方向に注意'}",,,31.6,逃げ狙い,39.94,19.6,3,2-1-3|2-1-4|2-1-6|2-3-1|2-6-1|2-3-4|2-6-3|2-1-5|1-2-4|1-3-4|1-2-5|1-4-5,2-1-3|2-1-4|2-1-6|2-3-1|2-6-1|2-3-4|2-6-3|2-1-5|1-2-4|1-3-4|1-2-5|1-4-5,2-1-3:0.91%|2-1-4:0.67%|2-1-6:0.4%|2-3-1:0.28%|2-6-1:0.15%|2-3-4:0.11%|2-6-3:0.08%|2-1-5:7.59%|1-2-4:6.07%|1-3-4:5.09%|1-2-5:4.77%|1-4-5:4.45%,2-1-3:B_main|2-1-4:B_main|2-1-6:B_main|2-3-1:B_main|2-6-1:B_main|2-3-4:B_main|2-6-3:B_main|2-1-5:B_sc|1-2-4:A|1-3-4:A|1-2-5:A|1-4-5:A,12,12,0.4535,1,[!]見送り推奨（主役決まり手「差し」― 逃げ劣勢レースで的中実績なし）,主役軸流し,B
2025-05-29,丸亀,12,2,遠藤エミ,A1,45.03,2,▲,11.9144,34.5,93,80,0.155,3.35,,,0,低,24,1,差0%,341,0,100,1.2512,0,0.3333,0,0,0,0.1429,0.1429,0.1429,,,A,,,0.13,0.649,,0.5603,A,74,0,◎-○軸 3着3〜4艇流し（10〜15点）,0.5777,"{'is_target': True, 'verdict': '参加推奨', 'max_combo_prob': 0.0542, 'est_top_odds': 24.6, 'circle_concentration': 57.6, 'eligible_count': 8, 'bet_adj': 2, 'reason': 'rel_win1=53.0%（本命度） / 最有力組み合わせ確率: 0.054（推定実オッズ?25倍） / 2着集中度: 上位2艇 57.6%（補正+0.00） / 総合判定確率: 0.054 / → ヒモ分散。1号艇1着固定で広めのヒモ流し推奨（買い目+2点）', 'tenji_trigger': '展示確認: ヒモ分散レース。1号艇伸び確認後、広めのヒモ流しを採用。穴ヒモ（5・6号艇）を積極的に含める。\n展示で1号艇スタート超安定(0.120秒)→ヒモ固まり方向に注意'}",,,31.6,逃げ狙い,39.94,19.6,3,,,,,,,,,,,
2025-05-29,丸亀,12,3,桐生順平,A1,44.44,3,○,15.8424,20.4,87,84.6,0.1346,2.8846,,,0,低,20,1,ま0%,321,0,56.1,1.5817,0,0,0.3333,0,0,0.125,0.25,0.125,,,B,△,,0.2782,0.7,,0.5603,A,74,0,◎-○軸 3着3〜4艇流し（10〜15点）,0.5777,"{'is_target': True, 'verdict': '参加推奨', 'max_combo_prob': 0.0542, 'est_top_odds': 24.6, 'circle_concentration': 57.6, 'eligible_count': 8, 'bet_adj': 2, 'reason': 'rel_win1=53.0%（本命度） / 最有力組み合わせ確率: 0.054（推定実オッズ?25倍） / 2着集中度: 上位2艇 57.6%（補正+0.00） / 総合判定確率: 0.054 / → ヒモ分散。1号艇1着固定で広めのヒモ流し推奨（買い目+2点）', 'tenji_trigger': '展示確認: ヒモ分散レース。1号艇伸び確認後、広めのヒモ流しを採用。穴ヒモ（5・6号艇）を積極的に含める。\n展示で1号艇スタート超安定(0.120秒)→ヒモ固まり方向に注意'}",,,31.6,逃げ狙い,39.94,19.6,3,,,,,,,,,,,
2025-05-29,丸亀,12,4,原田幸哉,A1,34.34,4,△,14.6605,23.1,100,78.3,0.1091,2.3261,,,0,低,11,0,ま0% 差ま0%,6 5,0,75.8,1.68,0,0,0.125,0.125,0,0.0833,0.1667,0,,,D,△,◎,0.3536,0.6755,0.4964,0.5603,A,74,0,◎-○軸 3着3〜4艇流し（10〜15点）,0.5777,"{'is_target': True, 'verdict': '参加推奨', 'max_combo_prob': 0.0542, 'est_top_odds': 24.6, 'circle_concentration': 57.6, 'eligible_count': 8, 'bet_adj': 2, 'reason': 'rel_win1=53.0%（本命度） / 最有力組み合わせ確率: 0.054（推定実オッズ?25倍） / 2着集中度: 上位2艇 57.6%（補正+0.00） / 総合判定確率: 0.054 / → ヒモ分散。1号艇1着固定で広めのヒモ流し推奨（買い目+2点）', 'tenji_trigger': '展示確認: ヒモ分散レース。1号艇伸び確認後、広めのヒモ流しを採用。穴ヒモ（5・6号艇）を積極的に含める。\n展示で1号艇スタート超安定(0.120秒)→ヒモ固まり方向に注意'}",,,31.6,逃げ狙い,39.94,19.6,3,,,,,,,,,,,
2025-05-29,丸亀,12,5,片岡雅裕,A1,29.19,5,,2.9912,18.9,88,57.1,0.1071,2.4286,,,0,低,5,1,-,611,0,43.4,1.2712,,,,,,0.0286,0,0.3571,,,E,◎,,0.3501,0.8292,,0.5603,A,74,0,◎-○軸 3着3〜4艇流し（10〜15点）,0.5777,"{'is_target': True, 'verdict': '参加推奨', 'max_combo_prob': 0.0542, 'est_top_odds': 24.6, 'circle_concentration': 57.6, 'eligible_count': 8, 'bet_adj': 2, 'reason': 'rel_win1=53.0%（本命度） / 最有力組み合わせ確率: 0.054（推定実オッズ?25倍） / 2着集中度: 上位2艇 57.6%（補正+0.00） / 総合判定確率: 0.054 / → ヒモ分散。1号艇1着固定で広めのヒモ流し推奨（買い目+2点）', 'tenji_trigger': '展示確認: ヒモ分散レース。1号艇伸び確認後、広めのヒモ流しを採用。穴ヒモ（5・6号艇）を積極的に含める。\n展示で1号艇スタート超安定(0.120秒)→ヒモ固まり方向に注意'}",,,31.6,逃げ狙い,39.94,19.6,3,,,,,,,,,,,
2025-05-29,丸亀,12,6,土屋智則,A1,42.11,6,,1.6407,3.1,62,87.5,0.1875,4.5,,,0,低,34,1,-,2 3,0,39.6,3.1111,,,,,,0.1235,0.1235,0.1471,,,C,,,0.135,0.627,,0.5603,A,74,0,◎-○軸 3着3〜4艇流し（10〜15点）,0.5777,"{'is_target': True, 'verdict': '参加推奨', 'max_combo_prob': 0.0542, 'est_top_odds': 24.6, 'circle_concentration': 57.6, 'eligible_count': 8, 'bet_adj': 2, 'reason': 'rel_win1=53.0%（本命度） / 最有力組み合わせ確率: 0.054（推定実オッズ?25倍） / 2着集中度: 上位2艇 57.6%（補正+0.00） / 総合判定確率: 0.054 / → ヒモ分散。1号艇1着固定で広めのヒモ流し推奨（買い目+2点）', 'tenji_trigger': '展示確認: ヒモ分散レース。1号艇伸び確認後、広めのヒモ流しを採用。穴ヒモ（5・6号艇）を積極的に含める。\n展示で1号艇スタート超安定(0.120秒)→ヒモ固まり方向に注意'}",,,31.6,逃げ狙い,39.94,19.6,3,,,,,,,,,,,
2025-05-30,丸亀,1,1,川井　萌,A1,39.77,1,◎,48.4051,,0,78.6,0.155,3.2857,,,0,低,50,0,逃0%,525 2,0,66.8,0.9984,0.5,,,,,0,0.5,0,○,,B,,,,0.6045,,0.4116,B,59,0,◎○△フォーメーション（15〜20点）,0.5777,"{'is_target': True, 'verdict': '参加推奨', 'max_combo_prob': 0.0741, 'est_top_odds': 18.0, 'circle_concentration': 74.0, 'eligible_count': 9, 'bet_adj': 2, 'reason': 'rel_win1=48.4%（本命度） / 最有力組み合わせ確率: 0.074（推定実オッズ?18倍） / 2着集中度: 上位2艇 74.0%（補正+0.04） / 総合判定確率: 0.114 / → ヒモ分散。1号艇1着固定で広めのヒモ流し推奨（買い目+2点）', 'tenji_trigger': '展示確認: ヒモ分散レース。1号艇伸び確認後、広めのヒモ流しを採用。穴ヒモ（5・6号艇）を積極的に含める。'}",,,35.1,両建て推奨,34.85,33.8,4,,,,,0,0,0.6155,0,,主役軸流し,B
2025-05-30,丸亀,1,2,島村隆幸,A1,31.41,2,,15.642,44.7,67,91.3,0.1483,2.6087,,,0,低,37,0,差0% ま0% 抜0%,1 536,0,73.6,1.4517,0,0.2857,0.0714,0,0.0714,0.05,0.05,0.1,,○,D,○,,0.4299,0.6615,,0.4116,B,59,0,◎○△フォーメーション（15〜20点）,0.5777,"{'is_target': True, 'verdict': '参加推奨', 'max_combo_prob': 0.0741, 'est_top_odds': 18.0, 'circle_concentration': 74.0, 'eligible_count': 9, 'bet_adj': 2, 'reason': 'rel_win1=48.4%（本命度） / 最有力組み合わせ確率: 0.074（推定実オッズ?18倍） / 2着集中度: 上位2艇 74.0%（補正+0.04） / 総合判定確率: 0.114 / → ヒモ分散。1号艇1着固定で広めのヒモ流し推奨（買い目+2点）', 'tenji_trigger': '展示確認: ヒモ分散レース。1号艇伸び確認後、広めのヒモ流しを採用。穴ヒモ（5・6号艇）を積極的に含める。'}",,,35.1,両建て推奨,34.85,33.8,4,,,,,,,,,,,
2025-05-30,丸亀,1,3,平山智加,A1,29.11,3,,10.9255,15.8,100,68.2,0.1609,3.2727,,,0,低,46,0,差ま0%,666 3,0,20.7,0.6354,0,0,0.1111,0.2222,0,0,0.1818,0.1818,,,E,△,,0.2994,0.651,,0.4116,B,59,0,◎○△フォーメーション（15〜20点）,0.5777,"{'is_target': True, 'verdict': '参加推奨', 'max_combo_prob': 0.0741, 'est_top_odds': 18.0, 'circle_concentration': 74.0, 'eligible_count': 9, 'bet_adj': 2, 'reason': 'rel_win1=48.4%（本命度） / 最有力組み合わせ確率: 0.074（推定実オッズ?18倍） / 2着集中度: 上位2艇 74.0%（補正+0.04） / 総合判定確率: 0.114 / → ヒモ分散。1号艇1着固定で広めのヒモ流し推奨（買い目+2点）', 'tenji_trigger': '展示確認: ヒモ分散レース。1号艇伸び確認後、広めのヒモ流しを採用。穴ヒモ（5・6号艇）を積極的に含める。'}",,,35.1,両建て推奨,34.85,33.8,4,,,,,,,,,,,
2025-05-30,丸亀,1,4,定松勇樹,A1,35.37,4,○,15.7296,29.3,49,86.7,0.134,2.6333,,,0,低,27,0,ま0% 抜0%,441 4,0,95.8,1.8247,0,0,0.3,0,0.1,0.0714,0.1429,0.1429,,◎,C,,◎,0.4446,0.6185,0.36,0.4116,B,59,0,◎○△フォーメーション（15〜20点）,0.5777,"{'is_target': True, 'verdict': '参加推奨', 'max_combo_prob': 0.0741, 'est_top_odds': 18.0, 'circle_concentration': 74.0, 'eligible_count': 9, 'bet_adj': 2, 'reason': 'rel_win1=48.4%（本命度） / 最有力組み合わせ確率: 0.074（推定実オッズ?18倍） / 2着集中度: 上位2艇 74.0%（補正+0.04） / 総合判定確率: 0.114 / → ヒモ分散。1号艇1着固定で広めのヒモ流し推奨（買い目+2点）', 'tenji_trigger': '展示確認: ヒモ分散レース。1号艇伸び確認後、広めのヒモ流しを採用。穴ヒモ（5・6号艇）を積極的に含める。'}",,,35.1,両建て推奨,34.85,33.8,4,,,,,,,,,,,
2025-05-30,丸亀,1,5,實森美祐,A1,39.24,5,▲,5.0997,8.7,90,56.2,0.1444,3.375,,,0,低,24,0,差ま0%,234 1,0,74.7,1.4593,0,0,0,0.1111,0,0,0.1333,0,,,B,△,,0.3245,0.645,,0.4116,B,59,0,◎○△フォーメーション（15〜20点）,0.5777,"{'is_target': True, 'verdict': '参加推奨', 'max_combo_prob': 0.0741, 'est_top_odds': 18.0, 'circle_concentration': 74.0, 'eligible_count': 9, 'bet_adj': 2, 'reason': 'rel_win1=48.4%（本命度） / 最有力組み合わせ確率: 0.074（推定実オッズ?18倍） / 2着集中度: 上位2艇 74.0%（補正+0.04） / 総合判定確率: 0.114 / → ヒモ分散。1号艇1着固定で広めのヒモ流し推奨（買い目+2点）', 'tenji_trigger': '展示確認: ヒモ分散レース。1号艇伸び確認後、広めのヒモ流しを採用。穴ヒモ（5・6号艇）を積極的に含める。'}",,,35.1,両建て推奨,34.85,33.8,4,,,,,,,,,,,
2025-05-30,丸亀,1,6,前田将太,A1,36.94,6,△,4.1981,1.5,53,48,0.1456,2.66,,,0,低,42,0,-,6 5 15,0,89.8,1.8597,,,,,,0.0476,0.0952,0.0476,,,C,◎,,0.3414,0.6935,,0.4116,B,59,0,◎○△フォーメーション（15〜20点）,0.5777,"{'is_target': True, 'verdict': '参加推奨', 'max_combo_prob': 0.0741, 'est_top_odds': 18.0, 'circle_concentration': 74.0, 'eligible_count': 9, 'bet_adj': 2, 'reason': 'rel_win1=48.4%（本命度） / 最有力組み合わせ確率: 0.074（推定実オッズ?18倍） / 2着集中度: 上位2艇 74.0%（補正+0.04） / 総合判定確率: 0.114 / → ヒモ分散。1号艇1着固定で広めのヒモ流し推奨（買い目+2点）', 'tenji_trigger': '展示確認: ヒモ分散レース。1号艇伸び確認後、広めのヒモ流しを採用。穴ヒモ（5・6号艇）を積極的に含める。'}",,,35.1,両建て推奨,34.85,33.8,4,,,,,,,,,,,
2025-05-30,丸亀,2,1,丸野一樹,A1,30.43,1,◎,49.8164,,0,95.5,0.1364,3.4318,,,0,低,31,0,逃1%,6 2 46,0,79.6,1.1782,0.8889,,,,,0,0.1111,0,◎,,D,△,,,0.6595,,0.5592,S,80,0,◎1着固定 2-3着流し（5〜8点）,0.5777,"{'is_target': True, 'verdict': '参加推奨', 'max_combo_prob': 0.0472, 'est_top_odds': 28.2, 'circle_concentration': 58.0, 'eligible_count': 6, 'bet_adj': 2, 'reason': 'rel_win1=49.8%（本命度） / 最有力組み合わせ確率: 0.047（推定実オッズ?28倍） / 2着集中度: 上位2艇 58.0%（補正+0.00） / 総合判定確率: 0.047 / → ヒモ分散。1号艇1着固定で広めのヒモ流し推奨（買い目+2点）', 'tenji_trigger': '展示確認: ヒモ分散レース。1号艇伸び確認後、広めのヒモ流しを採用。穴ヒモ（5・6号艇）を積極的に含める。\n展示で1号艇スタート超安定(0.136秒)→ヒモ固まり方向に注意'}",,,29.1,逃げ狙い,27.49,23.2,3,,,,,0,0,0.7559,0,,逃げ軸流し,A
2025-05-30,丸亀,2,2,重成一人,A1,31.10,2,△,10.5406,31.8,89,63.3,0.1577,3.3333,,,0,低,51,0,-,3 146,0,100,0.5979,0,0.0833,0,0,0,0.0533,0.2533,0.0133,,,C,,,0.1051,0.6315,,0.5592,S,80,0,◎1着固定 2-3着流し（5〜8点）,0.5777,"{'is_target': True, 'verdict': '参加推奨', 'max_combo_prob': 0.0472, 'est_top_odds': 28.2, 'circle_concentration': 58.0, 'eligible_count': 6, 'bet_adj': 2, 'reason': 'rel_win1=49.8%（本命度） / 最有力組み合わせ確率: 0.047（推定実オッズ?28倍） / 2着集中度: 上位2艇 58.0%（補正+0.00） / 総合判定確率: 0.047 / → ヒモ分散。1号艇1着固定で広めのヒモ流し推奨（買い目+2点）', 'tenji_trigger': '展示確認: ヒモ分散レース。1号艇伸び確認後、広めのヒモ流しを採用。穴ヒモ（5・6号艇）を積極的に含める。\n展示で1号艇スタート超安定(0.136秒)→ヒモ固まり方向に注意'}",,,29.1,逃げ狙い,27.49,23.2,3,,,,,,,,,,,
2025-05-30,丸亀,2,3,瓜生正義,A1,27.84,3,,16.1604,26.3,82,81.2,0.1681,3.2188,,,0,低,21,0,差0% 差ま0%,5 322,0,68,1.5538,0,0.125,0,0.125,0,0.0833,0.0833,0.1667,,,D,,,0.1543,0.653,,0.5592,S,80,0,◎1着固定 2-3着流し（5〜8点）,0.5777,"{'is_target': True, 'verdict': '参加推奨', 'max_combo_prob': 0.0472, 'est_top_odds': 28.2, 'circle_concentration': 58.0, 'eligible_count': 6, 'bet_adj': 2, 'reason': 'rel_win1=49.8%（本命度） / 最有力組み合わせ確率: 0.047（推定実オッズ?28倍） / 2着集中度: 上位2艇 58.0%（補正+0.00） / 総合判定確率: 0.047 / → ヒモ分散。1号艇1着固定で広めのヒモ流し推奨（買い目+2点）', 'tenji_trigger': '展示確認: ヒモ分散レース。1号艇伸び確認後、広めのヒモ流しを採用。穴ヒモ（5・6号艇）を積極的に含める。\n展示で1号艇スタート超安定(0.136秒)→ヒモ固まり方向に注意'}",,,29.1,逃げ狙い,27.49,23.2,3,,,,,,,,,,,
2025-05-30,丸亀,2,4,上條暢嵩,A1,30.54,4,▲,10.1213,20.2,81,69.2,0.13,3.1538,,,0,低,12,1,差0%,265 5,0,66.7,1.3768,0,0.0312,0,0,0,,,,,,D,○,,0.3016,0.7115,,0.5592,S,80,0,◎1着固定 2-3着流し（5〜8点）,0.5777,"{'is_target': True, 'verdict': '参加推奨', 'max_combo_prob': 0.0472, 'est_top_odds': 28.2, 'circle_concentration': 58.0, 'eligible_count': 6, 'bet_adj': 2, 'reason': 'rel_win1=49.8%（本命度） / 最有力組み合わせ確率: 0.047（推定実オッズ?28倍） / 2着集中度: 上位2艇 58.0%（補正+0.00） / 総合判定確率: 0.047 / → ヒモ分散。1号艇1着固定で広めのヒモ流し推奨（買い目+2点）', 'tenji_trigger': '展示確認: ヒモ分散レース。1号艇伸び確認後、広めのヒモ流しを採用。穴ヒモ（5・6号艇）を積極的に含める。\n展示で1号艇スタート超安定(0.136秒)→ヒモ固まり方向に注意'}",,,29.1,逃げ狙い,27.49,23.2,3,,,,,,,,,,,
2025-05-30,丸亀,2,5,河合佑樹,A1,39.88,5,○,11.5361,19.6,100,81.5,0.1267,2.9074,,,0,低,30,0,差ま0%,1 254,0,32.9,2.3157,0,0,0,0.25,0,0.08,0,0,,,B,△,◎,0.3675,0.6775,0.499,0.5592,S,80,0,◎1着固定 2-3着流し（5〜8点）,0.5777,"{'is_target': True, 'verdict': '参加推奨', 'max_combo_prob': 0.0472, 'est_top_odds': 28.2, 'circle_concentration': 58.0, 'eligible_count': 6, 'bet_adj': 2, 'reason': 'rel_win1=49.8%（本命度） / 最有力組み合わせ確率: 0.047（推定実オッズ?28倍） / 2着集中度: 上位2艇 58.0%（補正+0.00） / 総合判定確率: 0.047 / → ヒモ分散。1号艇1着固定で広めのヒモ流し推奨（買い目+2点）', 'tenji_trigger': '展示確認: ヒモ分散レース。1号艇伸び確認後、広めのヒモ流しを採用。穴ヒモ（5・6号艇）を積極的に含める。\n展示で1号艇スタート超安定(0.136秒)→ヒモ固まり方向に注意'}",,,29.1,逃げ狙い,27.49,23.2,3,,,,,,,,,,,
2025-05-30,丸亀,2,6,池田浩二,A1,35.44,6,,1.8253,2.2,72,33.3,0.16,4,,,0,低,6,1,-,5 621,0,59.9,1.3342,,,,,,,,,,,B,◎,,0.2321,0.818,,0.5592,S,80,0,◎1着固定 2-3着流し（5〜8点）,0.5777,"{'is_target': True, 'verdict': '参加推奨', 'max_combo_prob': 0.0472, 'est_top_odds': 28.2, 'circle_concentration': 58.0, 'eligible_count': 6, 'bet_adj': 2, 'reason': 'rel_win1=49.8%（本命度） / 最有力組み合わせ確率: 0.047（推定実オッズ?28倍） / 2着集中度: 上位2艇 58.0%（補正+0.00） / 総合判定確率: 0.047 / → ヒモ分散。1号艇1着固定で広めのヒモ流し推奨（買い目+2点）', 'tenji_trigger': '展示確認: ヒモ分散レース。1号艇伸び確認後、広めのヒモ流しを採用。穴ヒモ（5・6号艇）を積極的に含める。\n展示で1号艇スタート超安定(0.136秒)→ヒモ固まり方向に注意'}",,,29.1,逃げ狙い,27.49,23.2,3,,,,,,,,,,,
2025-05-30,丸亀,3,1,平高奈菜,A1,34.39,1,◎,43.2823,,0,94.3,0.1354,2.7286,,,0,低,46,0,逃1%,653 2,0,52.4,0.966,0.6,,,,,0.2,0,0.1333,◎,,C,,,,0.6215,,0.5522,A,64,0,◎-○軸 3着3〜4艇流し（10〜15点）,0.5777,"{'is_target': False, 'verdict': '対象外', 'max_combo_prob': None, 'est_top_odds': None, 'circle_concentration': None, 'eligible_count': 0, 'bet_adj': 0, 'reason': '1号艇rel_win1 < 45%: 通常判定に委ねる', 'tenji_trigger': ''}",,,34.8,両建て推奨,40.1,28.5,2,,,,,0,0,0.7559,0,,逃げ軸流し,A
2025-05-30,丸亀,3,2,山口　剛,A1,28.85,2,△,14.6087,46.1,63,75,0.1283,2.5417,,,0,低,5,1,差0%,3 646,0,52.2,1.2129,0,0.1667,0,0,0,0,0.1429,0.1429,,◎,E,◎,,0.4098,0.8035,,0.5522,A,64,0,◎-○軸 3着3〜4艇流し（10〜15点）,0.5777,"{'is_target': False, 'verdict': '対象外', 'max_combo_prob': None, 'est_top_odds': None, 'circle_concentration': None, 'eligible_count': 0, 'bet_adj': 0, 'reason': '1号艇rel_win1 < 45%: 通常判定に委ねる', 'tenji_trigger': ''}",,,34.8,両建て推奨,40.1,28.5,2,,,,,,,,,,,
2025-05-30,丸亀,3,3,浜田亜理,A1,46.53,3,○,12.0937,14.5,86,60,0.1473,2.7333,,,0,低,41,0,ま0%,452 6,0,33.9,1.1467,0,0,0.3333,0,0,0.2857,0,0.1429,,,A,△,,0.2986,0.6285,,0.5522,A,64,0,◎-○軸 3着3〜4艇流し（10〜15点）,0.5777,"{'is_target': False, 'verdict': '対象外', 'max_combo_prob': None, 'est_top_odds': None, 'circle_concentration': None, 'eligible_count': 0, 'bet_adj': 0, 'reason': '1号艇rel_win1 < 45%: 通常判定に委ねる', 'tenji_trigger': ''}",,,34.8,両建て推奨,40.1,28.5,2,,,,,,,,,,,
2025-05-30,丸亀,3,4,山田康二,A1,30.30,4,,18.0109,19.6,100,85.2,0.1496,2.8148,,,0,低,35,0,ま0% 抜0%,2 5 31,0,94.8,1.9015,0,0,0.4444,0,0.1111,0.0211,0.1211,0.1632,,,D,△,◎,0.3507,0.6765,0.3466,0.5522,A,64,0,◎-○軸 3着3〜4艇流し（10〜15点）,0.5777,"{'is_target': False, 'verdict': '対象外', 'max_combo_prob': None, 'est_top_odds': None, 'circle_concentration': None, 'eligible_count': 0, 'bet_adj': 0, 'reason': '1号艇rel_win1 < 45%: 通常判定に委ねる', 'tenji_trigger': ''}",,,34.8,両建て推奨,40.1,28.5,2,,,,,,,,,,,
2025-05-30,丸亀,3,5,平本真之,A1,32.37,5,▲,10.8256,18.2,63,73.3,0.1313,2.6,,,0,低,16,0,差ま0%,525 4,0,100,2.0762,0,0,0,0.2857,0,0.1333,0.0667,0.1333,,,D,○,,0.3417,0.6785,,0.5522,A,64,0,◎-○軸 3着3〜4艇流し（10〜15点）,0.5777,"{'is_target': False, 'verdict': '対象外', 'max_combo_prob': None, 'est_top_odds': None, 'circle_concentration': None, 'eligible_count': 0, 'bet_adj': 0, 'reason': '1号艇rel_win1 < 45%: 通常判定に委ねる', 'tenji_trigger': ''}",,,34.8,両建て推奨,40.1,28.5,2,,,,,,,,,,,
2025-05-30,丸亀,3,6,石野貴之,A1,41.61,6,,1.1787,1.7,58,35.7,0.1836,3.7857,,,0,低,40,1,-,416 6,0,45.4,1.3781,,,,,,0,0.1176,0,,,B,,,0.1527,0.5965,,0.5522,A,64,0,◎-○軸 3着3〜4艇流し（10〜15点）,0.5777,"{'is_target': False, 'verdict': '対象外', 'max_combo_prob': None, 'est_top_odds': None, 'circle_concentration': None, 'eligible_count': 0, 'bet_adj': 0, 'reason': '1号艇rel_win1 < 45%: 通常判定に委ねる', 'tenji_trigger': ''}",,,34.8,両建て推奨,40.1,28.5,2,,,,,,,,,,,
2025-05-30,丸亀,4,1,今垣光太,A1,33.55,1,◎,48.3161,,0,100,0.1511,3.1944,,,0,低,52,0,逃1%,366 5,0,80.1,1.2188,0.9231,,,,,0.0769,0,0,◎,,C,,,,0.58,,0.487,B,59,0,◎○△フォーメーション（15〜20点）,0.5777,"{'is_target': True, 'verdict': '参加推奨', 'max_combo_prob': 0.0509, 'est_top_odds': 26.2, 'circle_concentration': 67.9, 'eligible_count': 9, 'bet_adj': 2, 'reason': 'rel_win1=48.3%（本命度） / 最有力組み合わせ確率: 0.051（推定実オッズ?26倍） / 2着集中度: 上位2艇 67.9%（補正+0.00） / 総合判定確率: 0.051 / → ヒモ分散。1号艇1着固定で広めのヒモ流し推奨（買い目+2点）', 'tenji_trigger': '展示確認: ヒモ分散レース。1号艇伸び確認後、広めのヒモ流しを採用。穴ヒモ（5・6号艇）を積極的に含める。'}",,,33.3,両建て推奨,38.49,25.6,3,,,,,0,0,0.7559,0,,逃げ軸流し,A
2025-05-30,丸亀,4,2,羽野直也,A1,30.54,2,△,13.1597,36.5,84,83.3,0.1367,3.25,,,0,低,17,1,差0%,5 216,0,98.4,1.3116,0,0.375,0,0,0,0.0769,0.1538,0.0769,,◎,D,○,,0.5343,0.681,,0.487,B,59,0,◎○△フォーメーション（15〜20点）,0.5777,"{'is_target': True, 'verdict': '参加推奨', 'max_combo_prob': 0.0509, 'est_top_odds': 26.2, 'circle_concentration': 67.9, 'eligible_count': 9, 'bet_adj': 2, 'reason': 'rel_win1=48.3%（本命度） / 最有力組み合わせ確率: 0.051（推定実オッズ?26倍） / 2着集中度: 上位2艇 67.9%（補正+0.00） / 総合判定確率: 0.051 / → ヒモ分散。1号艇1着固定で広めのヒモ流し推奨（買い目+2点）', 'tenji_trigger': '展示確認: ヒモ分散レース。1号艇伸び確認後、広めのヒモ流しを採用。穴ヒモ（5・6号艇）を積極的に含める。'}",,,33.3,両建て推奨,38.49,25.6,3,,,,,,,,,,,
2025-05-30,丸亀,4,3,吉田裕平,A1,34.50,3,▲,17.5364,16,100,89.5,0.1611,3.1842,,,0,低,29,0,差ま0%,5 144,0,71.2,1.6854,0,0,0,0.4,0,0,0.1429,0,,,B,△,,0.3255,0.6645,,0.487,B,59,0,◎○△フォーメーション（15〜20点）,0.5777,"{'is_target': True, 'verdict': '参加推奨', 'max_combo_prob': 0.0509, 'est_top_odds': 26.2, 'circle_concentration': 67.9, 'eligible_count': 9, 'bet_adj': 2, 'reason': 'rel_win1=48.3%（本命度） / 最有力組み合わせ確率: 0.051（推定実オッズ?26倍） / 2着集中度: 上位2艇 67.9%（補正+0.00） / 総合判定確率: 0.051 / → ヒモ分散。1号艇1着固定で広めのヒモ流し推奨（買い目+2点）', 'tenji_trigger': '展示確認: ヒモ分散レース。1号艇伸び確認後、広めのヒモ流しを採用。穴ヒモ（5・6号艇）を積極的に含める。'}",,,33.3,両建て推奨,38.49,25.6,3,,,,,,,,,,,
2025-05-30,丸亀,4,4,片岡雅裕,A1,29.19,4,,11.822,31.3,78,94.7,0.1032,1.8684,,,0,低,5,0,差0% 差ま0%,611 2,0,31.8,0.9557,0,0.1,0,0.2,0,0.0286,0,0.3571,,○,D,◎,◎,0.4828,0.8292,0.5516,0.487,B,59,0,◎○△フォーメーション（15〜20点）,0.5777,"{'is_target': True, 'verdict': '参加推奨', 'max_combo_prob': 0.0509, 'est_top_odds': 26.2, 'circle_concentration': 67.9, 'eligible_count': 9, 'bet_adj': 2, 'reason': 'rel_win1=48.3%（本命度） / 最有力組み合わせ確率: 0.051（推定実オッズ?26倍） / 2着集中度: 上位2艇 67.9%（補正+0.00） / 総合判定確率: 0.051 / → ヒモ分散。1号艇1着固定で広めのヒモ流し推奨（買い目+2点）', 'tenji_trigger': '展示確認: ヒモ分散レース。1号艇伸び確認後、広めのヒモ流しを採用。穴ヒモ（5・6号艇）を積極的に含める。'}",,,33.3,両建て推奨,38.49,25.6,3,,,,,,,,,,,
2025-05-30,丸亀,4,5,遠藤エミ,A1,45.03,5,○,8.0143,10.2,99,72.7,0.1445,2.7727,,,0,低,24,1,差ま0%,341 5,0,55.2,1.94,0,0,0,0.25,0,0.1429,0.1429,0.1429,,,A,,,0.3526,0.649,,0.487,B,59,0,◎○△フォーメーション（15〜20点）,0.5777,"{'is_target': True, 'verdict': '参加推奨', 'max_combo_prob': 0.0509, 'est_top_odds': 26.2, 'circle_concentration': 67.9, 'eligible_count': 9, 'bet_adj': 2, 'reason': 'rel_win1=48.3%（本命度） / 最有力組み合わせ確率: 0.051（推定実オッズ?26倍） / 2着集中度: 上位2艇 67.9%（補正+0.00） / 総合判定確率: 0.051 / → ヒモ分散。1号艇1着固定で広めのヒモ流し推奨（買い目+2点）', 'tenji_trigger': '展示確認: ヒモ分散レース。1号艇伸び確認後、広めのヒモ流しを採用。穴ヒモ（5・6号艇）を積極的に含める。'}",,,33.3,両建て推奨,38.49,25.6,3,,,,,,,,,,,
2025-05-30,丸亀,4,6,深谷知博,A1,27.54,6,,1.1516,5.9,70,58.3,0.0992,2.4583,,,0,低,10,1,ま0%,1 633,0,99.2,2.1133,0,0,0.04,0,0,0,0,0.1111,,△,E,△,,0.4451,0.6545,,0.487,B,59,0,◎○△フォーメーション（15〜20点）,0.5777,"{'is_target': True, 'verdict': '参加推奨', 'max_combo_prob': 0.0509, 'est_top_odds': 26.2, 'circle_concentration': 67.9, 'eligible_count': 9, 'bet_adj': 2, 'reason': 'rel_win1=48.3%（本命度） / 最有力組み合わせ確率: 0.051（推定実オッズ?26倍） / 2着集中度: 上位2艇 67.9%（補正+0.00） / 総合判定確率: 0.051 / → ヒモ分散。1号艇1着固定で広めのヒモ流し推奨（買い目+2点）', 'tenji_trigger': '展示確認: ヒモ分散レース。1号艇伸び確認後、広めのヒモ流しを採用。穴ヒモ（5・6号艇）を積極的に含める。'}",,,33.3,両建て推奨,38.49,25.6,3,,,,,,,,,,,
2025-05-30,丸亀,5,1,土屋智則,A1,42.11,1,◎,47.9578,,0,87.8,0.1263,3.1585,,,0,低,34,0,逃1%,2 3 33,0,67.6,1.0916,0.7647,,,,,0.1235,0.1235,0.1471,◎,,A,,,,0.627,,0.514,A,77,0,◎-○軸 3着3〜4艇流し（10〜15点）,0.5777,"{'is_target': True, 'verdict': '参加推奨', 'max_combo_prob': 0.0617, 'est_top_odds': 21.6, 'circle_concentration': 61.3, 'eligible_count': 8, 'bet_adj': 2, 'reason': 'rel_win1=48.0%（本命度） / 最有力組み合わせ確率: 0.062（推定実オッズ?22倍） / 2着集中度: 上位2艇 61.3%（補正+0.00） / 総合判定確率: 0.062 / → ヒモ分散。1号艇1着固定で広めのヒモ流し推奨（買い目+2点）', 'tenji_trigger': '展示確認: ヒモ分散レース。1号艇伸び確認後、広めのヒモ流しを採用。穴ヒモ（5・6号艇）を積極的に含める。\n展示で1号艇スタート超安定(0.126秒)→ヒモ固まり方向に注意'}",,,33.4,逃げ狙い,35.08,29,2,,,,,0,0,0.7559,0,,逃げ軸流し,A
2025-05-30,丸亀,5,2,守田俊介,A1,33.14,2,,17.2238,41.2,70,84,0.1316,3.02,,,0,低,21,0,差0% ま0%,3 132,0,59.7,1.3684,0,0.2857,0.1429,0,0,0.05,0,0,,,D,○,,0.3102,0.704,,0.514,A,77,0,◎-○軸 3着3〜4艇流し（10〜15点）,0.5777,"{'is_target': True, 'verdict': '参加推奨', 'max_combo_prob': 0.0617, 'est_top_odds': 21.6, 'circle_concentration': 61.3, 'eligible_count': 8, 'bet_adj': 2, 'reason': 'rel_win1=48.0%（本命度） / 最有力組み合わせ確率: 0.062（推定実オッズ?22倍） / 2着集中度: 上位2艇 61.3%（補正+0.00） / 総合判定確率: 0.062 / → ヒモ分散。1号艇1着固定で広めのヒモ流し推奨（買い目+2点）', 'tenji_trigger': '展示確認: ヒモ分散レース。1号艇伸び確認後、広めのヒモ流しを採用。穴ヒモ（5・6号艇）を積極的に含める。\n展示で1号艇スタート超安定(0.126秒)→ヒモ固まり方向に注意'}",,,33.4,逃げ狙い,35.08,29,2,,,,,,,,,,,
2025-05-30,丸亀,5,3,中村日向,A1,33.13,3,,13.647,20.1,92,67.9,0.1311,2.6786,,,0,低,40,0,-,5 6 66,0,30.8,1.0283,0,0,0.1429,0.2143,0,0.1538,0.0769,0,,,D,△,,0.3065,0.645,,0.514,A,77,0,◎-○軸 3着3〜4艇流し（10〜15点）,0.5777,"{'is_target': True, 'verdict': '参加推奨', 'max_combo_prob': 0.0617, 'est_top_odds': 21.6, 'circle_concentration': 61.3, 'eligible_count': 8, 'bet_adj': 2, 'reason': 'rel_win1=48.0%（本命度） / 最有力組み合わせ確率: 0.062（推定実オッズ?22倍） / 2着集中度: 上位2艇 61.3%（補正+0.00） / 総合判定確率: 0.062 / → ヒモ分散。1号艇1着固定で広めのヒモ流し推奨（買い目+2点）', 'tenji_trigger': '展示確認: ヒモ分散レース。1号艇伸び確認後、広めのヒモ流しを採用。穴ヒモ（5・6号艇）を積極的に含める。\n展示で1号艇スタート超安定(0.126秒)→ヒモ固まり方向に注意'}",,,33.4,逃げ狙い,35.08,29,2,,,,,,,,,,,
2025-05-30,丸亀,5,4,西橋奈未,A1,36.36,4,△,10.2785,19.6,100,65.4,0.1635,3.6346,,,0,低,34,0,差0%,134 6,0,98.2,1.3289,0,0.125,0,0,0,0.0667,0.2167,0.2167,,,B,,,0.1495,0.6055,,0.514,A,77,0,◎-○軸 3着3〜4艇流し（10〜15点）,0.5777,"{'is_target': True, 'verdict': '参加推奨', 'max_combo_prob': 0.0617, 'est_top_odds': 21.6, 'circle_concentration': 61.3, 'eligible_count': 8, 'bet_adj': 2, 'reason': 'rel_win1=48.0%（本命度） / 最有力組み合わせ確率: 0.062（推定実オッズ?22倍） / 2着集中度: 上位2艇 61.3%（補正+0.00） / 総合判定確率: 0.062 / → ヒモ分散。1号艇1着固定で広めのヒモ流し推奨（買い目+2点）', 'tenji_trigger': '展示確認: ヒモ分散レース。1号艇伸び確認後、広めのヒモ流しを採用。穴ヒモ（5・6号艇）を積極的に含める。\n展示で1号艇スタート超安定(0.126秒)→ヒモ固まり方向に注意'}",,,33.4,逃げ狙い,35.08,29,2,,,,,,,,,,,
2025-05-30,丸亀,5,5,白井英治,A1,34.10,5,○,8.1828,7.7,70,71.4,0.1229,2.7143,,,0,低,29,1,ま0%,253 1,0,57.6,1.9524,0,0,0.25,0,0,0.0588,0.1765,0.0588,,,C,△,,0.3649,0.659,,0.514,A,77,0,◎-○軸 3着3〜4艇流し（10〜15点）,0.5777,"{'is_target': True, 'verdict': '参加推奨', 'max_combo_prob': 0.0617, 'est_top_odds': 21.6, 'circle_concentration': 61.3, 'eligible_count': 8, 'bet_adj': 2, 'reason': 'rel_win1=48.0%（本命度） / 最有力組み合わせ確率: 0.062（推定実オッズ?22倍） / 2着集中度: 上位2艇 61.3%（補正+0.00） / 総合判定確率: 0.062 / → ヒモ分散。1号艇1着固定で広めのヒモ流し推奨（買い目+2点）', 'tenji_trigger': '展示確認: ヒモ分散レース。1号艇伸び確認後、広めのヒモ流しを採用。穴ヒモ（5・6号艇）を積極的に含める。\n展示で1号艇スタート超安定(0.126秒)→ヒモ固まり方向に注意'}",,,33.4,逃げ狙い,35.08,29,2,,,,,,,,,,,
2025-05-30,丸亀,5,6,上野真之,A1,35.98,6,▲,2.71,11.4,58,63.6,0.1232,2.9318,,,0,低,15,0,差ま0%,3 461,0,100,2.3283,0,0,0,0.1667,0,0,0,0.1333,,,C,◎,,0.3179,0.812,,0.514,A,77,0,◎-○軸 3着3〜4艇流し（10〜15点）,0.5777,"{'is_target': True, 'verdict': '参加推奨', 'max_combo_prob': 0.0617, 'est_top_odds': 21.6, 'circle_concentration': 61.3, 'eligible_count': 8, 'bet_adj': 2, 'reason': 'rel_win1=48.0%（本命度） / 最有力組み合わせ確率: 0.062（推定実オッズ?22倍） / 2着集中度: 上位2艇 61.3%（補正+0.00） / 総合判定確率: 0.062 / → ヒモ分散。1号艇1着固定で広めのヒモ流し推奨（買い目+2点）', 'tenji_trigger': '展示確認: ヒモ分散レース。1号艇伸び確認後、広めのヒモ流しを採用。穴ヒモ（5・6号艇）を積極的に含める。\n展示で1号艇スタート超安定(0.126秒)→ヒモ固まり方向に注意'}",,,33.4,逃げ狙い,35.08,29,2,,,,,,,,,,,
2025-05-30,丸亀,6,1,清水愛海,A1,37.80,1,◎,48.2154,,0,89.3,0.1714,3.4107,,,0,低,73,0,逃1%,645 2,0,56.8,1.1081,0.7273,,,,,0.0909,0.1818,0,○,,C,,,,0.634,,0.3872,B,57,0,◎○△フォーメーション（15〜20点）,0.5777,"{'is_target': True, 'verdict': '参加推奨', 'max_combo_prob': 0.0801, 'est_top_odds': 16.7, 'circle_concentration': 69.9, 'eligible_count': 9, 'bet_adj': 2, 'reason': 'rel_win1=48.2%（本命度） / 最有力組み合わせ確率: 0.080（推定実オッズ?17倍） / 2着集中度: 上位2艇 69.9%（補正+0.00） / 総合判定確率: 0.080 / → ヒモ分散。1号艇1着固定で広めのヒモ流し推奨（買い目+2点）', 'tenji_trigger': '展示確認: ヒモ分散レース。1号艇伸び確認後、広めのヒモ流しを採用。穴ヒモ（5・6号艇）を積極的に含める。'}",,,40.2,両建て推奨,40.48,29.4,2,,,,,0,0,0.6155,0,,逃げ軸流し,A
2025-05-30,丸亀,6,2,實森美祐,A1,39.24,2,○,17.9001,44,66,94.1,0.1388,2.6471,,,0,低,24,0,差0%,234 1,0,61.7,1.5169,0,0.375,0,0,0,0,0.1333,0,,◎,B,△,,0.6403,0.645,,0.3872,B,57,0,◎○△フォーメーション（15〜20点）,0.5777,"{'is_target': True, 'verdict': '参加推奨', 'max_combo_prob': 0.0801, 'est_top_odds': 16.7, 'circle_concentration': 69.9, 'eligible_count': 9, 'bet_adj': 2, 'reason': 'rel_win1=48.2%（本命度） / 最有力組み合わせ確率: 0.080（推定実オッズ?17倍） / 2着集中度: 上位2艇 69.9%（補正+0.00） / 総合判定確率: 0.080 / → ヒモ分散。1号艇1着固定で広めのヒモ流し推奨（買い目+2点）', 'tenji_trigger': '展示確認: ヒモ分散レース。1号艇伸び確認後、広めのヒモ流しを採用。穴ヒモ（5・6号艇）を積極的に含める。'}",,,40.2,両建て推奨,40.48,29.4,2,,,,,,,,,,,
2025-05-30,丸亀,6,3,菅　章哉,A1,29.01,3,,14.995,17,100,73.3,0.1667,3.6333,,,0,低,72,0,ま0%,161 55,0,40.3,1.4002,0,0,0.3333,0,0,0,0,0.0444,,,E,,,0.373,0.5965,,0.3872,B,57,0,◎○△フォーメーション（15〜20点）,0.5777,"{'is_target': True, 'verdict': '参加推奨', 'max_combo_prob': 0.0801, 'est_top_odds': 16.7, 'circle_concentration': 69.9, 'eligible_count': 9, 'bet_adj': 2, 'reason': 'rel_win1=48.2%（本命度） / 最有力組み合わせ確率: 0.080（推定実オッズ?17倍） / 2着集中度: 上位2艇 69.9%（補正+0.00） / 総合判定確率: 0.080 / → ヒモ分散。1号艇1着固定で広めのヒモ流し推奨（買い目+2点）', 'tenji_trigger': '展示確認: ヒモ分散レース。1号艇伸び確認後、広めのヒモ流しを採用。穴ヒモ（5・6号艇）を積極的に含める。'}",,,40.2,両建て推奨,40.48,29.4,2,,,,,,,,,,,
2025-05-30,丸亀,6,4,磯部　誠,A1,37.91,4,▲,8.9253,25.9,51,87.5,0.1138,2.1875,,,0,低,9,0,差0% ま0%,4 321,0,65,1.5568,0,0.125,0.25,0,0,,,,,○,C,◎,,0.5129,0.715,,0.3872,B,57,0,◎○△フォーメーション（15〜20点）,0.5777,"{'is_target': True, 'verdict': '参加推奨', 'max_combo_prob': 0.0801, 'est_top_odds': 16.7, 'circle_concentration': 69.9, 'eligible_count': 9, 'bet_adj': 2, 'reason': 'rel_win1=48.2%（本命度） / 最有力組み合わせ確率: 0.080（推定実オッズ?17倍） / 2着集中度: 上位2艇 69.9%（補正+0.00） / 総合判定確率: 0.080 / → ヒモ分散。1号艇1着固定で広めのヒモ流し推奨（買い目+2点）', 'tenji_trigger': '展示確認: ヒモ分散レース。1号艇伸び確認後、広めのヒモ流しを採用。穴ヒモ（5・6号艇）を積極的に含める。'}",,,40.2,両建て推奨,40.48,29.4,2,,,,,,,,,,,
2025-05-30,丸亀,6,5,茅原悠紀,A1,30.99,5,,8.8943,7.2,63,84.6,0.1315,2.3077,,,0,低,13,1,ま0% 差ま0%,3 2 13,0,100,2.2336,0,0,0.1429,0.1429,0,0,0,0.0714,,△,D,○,,0.447,0.6725,,0.3872,B,57,0,◎○△フォーメーション（15〜20点）,0.5777,"{'is_target': True, 'verdict': '参加推奨', 'max_combo_prob': 0.0801, 'est_top_odds': 16.7, 'circle_concentration': 69.9, 'eligible_count': 9, 'bet_adj': 2, 'reason': 'rel_win1=48.2%（本命度） / 最有力組み合わせ確率: 0.080（推定実オッズ?17倍） / 2着集中度: 上位2艇 69.9%（補正+0.00） / 総合判定確率: 0.080 / → ヒモ分散。1号艇1着固定で広めのヒモ流し推奨（買い目+2点）', 'tenji_trigger': '展示確認: ヒモ分散レース。1号艇伸び確認後、広めのヒモ流しを採用。穴ヒモ（5・6号艇）を積極的に含める。'}",,,40.2,両建て推奨,40.48,29.4,2,,,,,,,,,,,
2025-05-30,丸亀,6,6,椎名　豊,A1,41.61,6,△,1.0699,5.9,51,52.2,0.1643,3.2391,,,0,低,42,0,-,5 5 34,0,82.3,1.9072,,,,,,0.1382,0,0.0364,,,B,△,,0.3308,0.664,,0.3872,B,57,0,◎○△フォーメーション（15〜20点）,0.5777,"{'is_target': True, 'verdict': '参加推奨', 'max_combo_prob': 0.0801, 'est_top_odds': 16.7, 'circle_concentration': 69.9, 'eligible_count': 9, 'bet_adj': 2, 'reason': 'rel_win1=48.2%（本命度） / 最有力組み合わせ確率: 0.080（推定実オッズ?17倍） / 2着集中度: 上位2艇 69.9%（補正+0.00） / 総合判定確率: 0.080 / → ヒモ分散。1号艇1着固定で広めのヒモ流し推奨（買い目+2点）', 'tenji_trigger': '展示確認: ヒモ分散レース。1号艇伸び確認後、広めのヒモ流しを採用。穴ヒモ（5・6号艇）を積極的に含める。'}",,,40.2,両建て推奨,40.48,29.4,2,,,,,,,,,,,
2025-05-30,丸亀,7,1,山崎　郡,A1,38.55,1,◎,53.5214,,0,97.9,0.1431,3.375,,,0,低,34,0,逃1%,4 4 55,0,80.5,1.2174,0.9167,,,,,0,0.0417,0.0417,◎,,C,△,,,0.6985,,0.5396,S,86,0,◎1着固定 2-3着流し（5〜8点）,0.5777,"{'is_target': True, 'verdict': '参加推奨', 'max_combo_prob': 0.0515, 'est_top_odds': 25.9, 'circle_concentration': 55.8, 'eligible_count': 6, 'bet_adj': 2, 'reason': 'rel_win1=53.5%（本命度） / 最有力組み合わせ確率: 0.051（推定実オッズ?26倍） / 2着集中度: 上位2艇 55.8%（補正+0.00） / 総合判定確率: 0.051 / → ヒモ分散。1号艇1着固定で広めのヒモ流し推奨（買い目+2点）', 'tenji_trigger': '展示確認: ヒモ分散レース。1号艇伸び確認後、広めのヒモ流しを採用。穴ヒモ（5・6号艇）を積極的に含める。'}",,,29.8,逃げ狙い,30.81,22.2,3,,,,,0,0,0.7559,0,,逃げ軸流し,A
2025-05-30,丸亀,7,2,平山智加,A1,29.11,2,,13.4076,24.8,71,65,0.1745,3.6,,,0,低,46,0,-,666 3,0,28.8,0.9362,0,0.25,0,0,0,0,0.1818,0.1818,,,D,△,,0.1094,0.651,,0.5396,S,86,0,◎1着固定 2-3着流し（5〜8点）,0.5777,"{'is_target': True, 'verdict': '参加推奨', 'max_combo_prob': 0.0515, 'est_top_odds': 25.9, 'circle_concentration': 55.8, 'eligible_count': 6, 'bet_adj': 2, 'reason': 'rel_win1=53.5%（本命度） / 最有力組み合わせ確率: 0.051（推定実オッズ?26倍） / 2着集中度: 上位2艇 55.8%（補正+0.00） / 総合判定確率: 0.051 / → ヒモ分散。1号艇1着固定で広めのヒモ流し推奨（買い目+2点）', 'tenji_trigger': '展示確認: ヒモ分散レース。1号艇伸び確認後、広めのヒモ流しを採用。穴ヒモ（5・6号艇）を積極的に含める。'}",,,29.8,逃げ狙い,30.81,22.2,3,,,,,,,,,,,
2025-05-30,丸亀,7,3,篠崎仁志,A1,39.18,3,▲,15.3267,31.1,86,92.9,0.1386,2.6786,,,0,低,29,0,ま0% 差ま0%,5 6 12,0,100,1.6787,0,0,0.2,0.1,0,0.0952,0,0,,,B,○,,0.3435,0.7005,,0.5396,S,86,0,◎1着固定 2-3着流し（5〜8点）,0.5777,"{'is_target': True, 'verdict': '参加推奨', 'max_combo_prob': 0.0515, 'est_top_odds': 25.9, 'circle_concentration': 55.8, 'eligible_count': 6, 'bet_adj': 2, 'reason': 'rel_win1=53.5%（本命度） / 最有力組み合わせ確率: 0.051（推定実オッズ?26倍） / 2着集中度: 上位2艇 55.8%（補正+0.00） / 総合判定確率: 0.051 / → ヒモ分散。1号艇1着固定で広めのヒモ流し推奨（買い目+2点）', 'tenji_trigger': '展示確認: ヒモ分散レース。1号艇伸び確認後、広めのヒモ流しを採用。穴ヒモ（5・6号艇）を積極的に含める。'}",,,29.8,逃げ狙い,30.81,22.2,3,,,,,,,,,,,
2025-05-30,丸亀,7,4,馬場貴也,A1,31.48,4,△,9.8772,19.2,100,88.2,0.1718,2.7059,,,0,低,17,0,ま0%,6 6 55,0,78.2,1.6298,0,0,0.1429,0,0,0.0833,0.1667,0,,,D,,,0.2021,0.606,,0.5396,S,86,0,◎1着固定 2-3着流し（5〜8点）,0.5777,"{'is_target': True, 'verdict': '参加推奨', 'max_combo_prob': 0.0515, 'est_top_odds': 25.9, 'circle_concentration': 55.8, 'eligible_count': 6, 'bet_adj': 2, 'reason': 'rel_win1=53.5%（本命度） / 最有力組み合わせ確率: 0.051（推定実オッズ?26倍） / 2着集中度: 上位2艇 55.8%（補正+0.00） / 総合判定確率: 0.051 / → ヒモ分散。1号艇1着固定で広めのヒモ流し推奨（買い目+2点）', 'tenji_trigger': '展示確認: ヒモ分散レース。1号艇伸び確認後、広めのヒモ流しを採用。穴ヒモ（5・6号艇）を積極的に含める。'}",,,29.8,逃げ狙い,30.81,22.2,3,,,,,,,,,,,
2025-05-30,丸亀,7,5,井口佳典,A1,46.71,5,○,6.6978,16.1,82,84.6,0.1185,2.8846,,,0,低,31,1,差0% ま0%,2 451,0,100,2.2002,0,0.0541,0.027,0,0,0,0.1667,0.1667,,,A,,,0.3612,0.6355,,0.5396,S,86,0,◎1着固定 2-3着流し（5〜8点）,0.5777,"{'is_target': True, 'verdict': '参加推奨', 'max_combo_prob': 0.0515, 'est_top_odds': 25.9, 'circle_concentration': 55.8, 'eligible_count': 6, 'bet_adj': 2, 'reason': 'rel_win1=53.5%（本命度） / 最有力組み合わせ確率: 0.051（推定実オッズ?26倍） / 2着集中度: 上位2艇 55.8%（補正+0.00） / 総合判定確率: 0.051 / → ヒモ分散。1号艇1着固定で広めのヒモ流し推奨（買い目+2点）', 'tenji_trigger': '展示確認: ヒモ分散レース。1号艇伸び確認後、広めのヒモ流しを採用。穴ヒモ（5・6号艇）を積極的に含める。'}",,,29.8,逃げ狙い,30.81,22.2,3,,,,,,,,,,,
2025-05-30,丸亀,7,6,吉田拡郎,A1,28.86,6,,1.1693,8.9,70,68.4,0.1174,2.2632,,,0,低,10,0,ま0%,1 143,0,71.9,2.5069,0,0,0.0312,0,0,0.0909,0,0,,,E,◎,,0.3651,0.81,,0.5396,S,86,0,◎1着固定 2-3着流し（5〜8点）,0.5777,"{'is_target': True, 'verdict': '参加推奨', 'max_combo_prob': 0.0515, 'est_top_odds': 25.9, 'circle_concentration': 55.8, 'eligible_count': 6, 'bet_adj': 2, 'reason': 'rel_win1=53.5%（本命度） / 最有力組み合わせ確率: 0.051（推定実オッズ?26倍） / 2着集中度: 上位2艇 55.8%（補正+0.00） / 総合判定確率: 0.051 / → ヒモ分散。1号艇1着固定で広めのヒモ流し推奨（買い目+2点）', 'tenji_trigger': '展示確認: ヒモ分散レース。1号艇伸び確認後、広めのヒモ流しを採用。穴ヒモ（5・6号艇）を積極的に含める。'}",,,29.8,逃げ狙い,30.81,22.2,3,,,,,,,,,,,
2025-05-30,丸亀,8,1,山口　剛,A1,28.85,1,◎,57.3043,,0,88.2,0.1147,2.8824,,,0,低,5,0,逃1%,3 646,0,74.9,1.1319,0.7143,,,,,0,0.1429,0.1429,◎⚠️,,E,○,,,0.8035,,0.5828,S,95,0,◎1着固定 2-3着流し（5〜8点）,0.5777,"{'is_target': True, 'verdict': '点数絞り', 'max_combo_prob': 0.0975, 'est_top_odds': 13.7, 'circle_concentration': 71.9, 'eligible_count': 6, 'bet_adj': 0, 'reason': 'rel_win1=57.3%（本命度） / 最有力組み合わせ確率: 0.097（推定実オッズ?14倍） / 2着集中度: 上位2艇 71.9%（補正+0.04） / 総合判定確率: 0.137 / → ヒモはやや固め。上位2艇以外を切ること', 'tenji_trigger': '展示確認: 1号艇伸び良→そのまま採用。悪→飛び組に差し替え。circle_pct上位2艇に絞り込むこと。\n展示で1号艇スタート超安定(0.115秒)→ヒモ固まり方向に注意'}",,,34.5,逃げ狙い,43.99,24.5,2,2-3-6|2-3-5|2-6-3|2-6-5|2-3-4|2-5-3|2-5-6|2-1-5|2-1-3|2-1-6|1-2-5|1-2-3,2-3-6|2-3-5|2-6-3|2-6-5|2-3-4|2-5-3|2-5-6|2-1-5|2-1-3|2-1-6|1-2-5|1-2-3,2-3-6:2.57%|2-3-5:2.02%|2-6-3:1.31%|2-6-5:0.89%|2-3-4:0.87%|2-5-3:0.85%|2-5-6:0.74%|2-1-5:16.91%|2-1-3:13.33%|2-1-6:9.88%|1-2-5:9.32%|1-2-3:8.45%,2-3-6:B_main|2-3-5:B_main|2-6-3:B_main|2-6-5:B_main|2-3-4:B_main|2-5-3:B_main|2-5-6:B_main|2-1-5:B_sc|2-1-3:B_sc|2-1-6:B_sc|1-2-5:A|1-2-3:A,12,12,0.4535,1,[!]見送り推奨（主役決まり手「まくり」― 逃げ劣勢レースで的中実績なし）,主役軸流し,B
2025-05-30,丸亀,8,2,池田浩二,A1,35.44,2,▲,12.8345,52,78,100,0.108,2.25,,,0,低,6,1,ま0%,5 621,0,75,1.5402,0,0,0.2,0,0,,,,,◎,C,◎,,0.3975,0.818,,0.5828,S,95,0,◎1着固定 2-3着流し（5〜8点）,0.5777,"{'is_target': True, 'verdict': '点数絞り', 'max_combo_prob': 0.0975, 'est_top_odds': 13.7, 'circle_concentration': 71.9, 'eligible_count': 6, 'bet_adj': 0, 'reason': 'rel_win1=57.3%（本命度） / 最有力組み合わせ確率: 0.097（推定実オッズ?14倍） / 2着集中度: 上位2艇 71.9%（補正+0.04） / 総合判定確率: 0.137 / → ヒモはやや固め。上位2艇以外を切ること', 'tenji_trigger': '展示確認: 1号艇伸び良→そのまま採用。悪→飛び組に差し替え。circle_pct上位2艇に絞り込むこと。\n展示で1号艇スタート超安定(0.115秒)→ヒモ固まり方向に注意'}",,,34.5,逃げ狙い,43.99,24.5,2,,,,,,,,,,,
2025-05-30,丸亀,8,3,原田幸哉,A1,34.34,3,△,15.3827,15.3,100,81,0.101,1.9048,,,0,低,11,0,差0% ま0% 差ま0% 抜0%,6 5 36,0,100,1.5383,0,0.1,0.2,0.1,0.2,0.0833,0.1667,0,,○,D,△,,0.395,0.6755,,0.5828,S,95,0,◎1着固定 2-3着流し（5〜8点）,0.5777,"{'is_target': True, 'verdict': '点数絞り', 'max_combo_prob': 0.0975, 'est_top_odds': 13.7, 'circle_concentration': 71.9, 'eligible_count': 6, 'bet_adj': 0, 'reason': 'rel_win1=57.3%（本命度） / 最有力組み合わせ確率: 0.097（推定実オッズ?14倍） / 2着集中度: 上位2艇 71.9%（補正+0.04） / 総合判定確率: 0.137 / → ヒモはやや固め。上位2艇以外を切ること', 'tenji_trigger': '展示確認: 1号艇伸び良→そのまま採用。悪→飛び組に差し替え。circle_pct上位2艇に絞り込むこと。\n展示で1号艇スタート超安定(0.115秒)→ヒモ固まり方向に注意'}",,,34.5,逃げ狙い,43.99,24.5,2,,,,,,,,,,,
2025-05-30,丸亀,8,4,川井　萌,A1,39.77,4,,4.7879,10.2,82,28,0.166,3.16,,,0,低,50,0,-,525 2,0,23.3,0.6472,,,,,,0,0.5,0,,,C,,,0.1329,0.6045,,0.5828,S,95,0,◎1着固定 2-3着流し（5〜8点）,0.5777,"{'is_target': True, 'verdict': '点数絞り', 'max_combo_prob': 0.0975, 'est_top_odds': 13.7, 'circle_concentration': 71.9, 'eligible_count': 6, 'bet_adj': 0, 'reason': 'rel_win1=57.3%（本命度） / 最有力組み合わせ確率: 0.097（推定実オッズ?14倍） / 2着集中度: 上位2艇 71.9%（補正+0.04） / 総合判定確率: 0.137 / → ヒモはやや固め。上位2艇以外を切ること', 'tenji_trigger': '展示確認: 1号艇伸び良→そのまま採用。悪→飛び組に差し替え。circle_pct上位2艇に絞り込むこと。\n展示で1号艇スタート超安定(0.115秒)→ヒモ固まり方向に注意'}",,,34.5,逃げ狙い,43.99,24.5,2,,,,,,,,,,,
2025-05-30,丸亀,8,5,関　浩哉,A1,40.13,5,,8.4025,19.8,69,83.3,0.1633,2.6111,,,0,低,34,0,差0% 差ま0%,214 53,0,100,2.2574,0,0.1667,0,0.3333,0,,,,,,B,,◎,0.1909,0.6435,0.5593,0.5828,S,95,0,◎1着固定 2-3着流し（5〜8点）,0.5777,"{'is_target': True, 'verdict': '点数絞り', 'max_combo_prob': 0.0975, 'est_top_odds': 13.7, 'circle_concentration': 71.9, 'eligible_count': 6, 'bet_adj': 0, 'reason': 'rel_win1=57.3%（本命度） / 最有力組み合わせ確率: 0.097（推定実オッズ?14倍） / 2着集中度: 上位2艇 71.9%（補正+0.04） / 総合判定確率: 0.137 / → ヒモはやや固め。上位2艇以外を切ること', 'tenji_trigger': '展示確認: 1号艇伸び良→そのまま採用。悪→飛び組に差し替え。circle_pct上位2艇に絞り込むこと。\n展示で1号艇スタート超安定(0.115秒)→ヒモ固まり方向に注意'}",,,34.5,逃げ狙い,43.99,24.5,2,,,,,,,,,,,
2025-05-30,丸亀,8,6,佐藤　翼,A1,45.91,6,○,1.2881,2.6,55,62.5,0.1562,3.5625,,,0,低,13,1,-,1 334,0,66.6,2.3319,,,,,,0,0.1429,0.1429,,,A,△,,0.1735,0.711,,0.5828,S,95,0,◎1着固定 2-3着流し（5〜8点）,0.5777,"{'is_target': True, 'verdict': '点数絞り', 'max_combo_prob': 0.0975, 'est_top_odds': 13.7, 'circle_concentration': 71.9, 'eligible_count': 6, 'bet_adj': 0, 'reason': 'rel_win1=57.3%（本命度） / 最有力組み合わせ確率: 0.097（推定実オッズ?14倍） / 2着集中度: 上位2艇 71.9%（補正+0.04） / 総合判定確率: 0.137 / → ヒモはやや固め。上位2艇以外を切ること', 'tenji_trigger': '展示確認: 1号艇伸び良→そのまま採用。悪→飛び組に差し替え。circle_pct上位2艇に絞り込むこと。\n展示で1号艇スタート超安定(0.115秒)→ヒモ固まり方向に注意'}",,,34.5,逃げ狙い,43.99,24.5,2,,,,,,,,,,,
2025-05-30,丸亀,9,1,西山貴浩,A1,41.29,1,◎,63.0894,,0,92,0.132,2.34,,,0,低,17,0,逃1%,4 422S,0,75.6,1.1934,0.8571,,,,,0,0.1429,0,◎,,C,◎,,,0.7,,0.7116,S,87,0,◎1着固定 2-3着流し（5〜8点）,0.5777,"{'is_target': True, 'verdict': '参加推奨', 'max_combo_prob': 0.0719, 'est_top_odds': 18.5, 'circle_concentration': 57.0, 'eligible_count': 6, 'bet_adj': 2, 'reason': 'rel_win1=63.1%（本命度） / 最有力組み合わせ確率: 0.072（推定実オッズ?18倍） / 2着集中度: 上位2艇 57.0%（補正+0.00） / 総合判定確率: 0.072 / → ヒモ分散。1号艇1着固定で広めのヒモ流し推奨（買い目+2点）', 'tenji_trigger': '展示確認: ヒモ分散レース。1号艇伸び確認後、広めのヒモ流しを採用。穴ヒモ（5・6号艇）を積極的に含める。\n展示で1号艇スタート超安定(0.132秒)→ヒモ固まり方向に注意'}",,,27.6,逃げ狙い,22.32,23.3,4,,,,,0,0,0.7559,0,,逃げ軸流し,A
2025-05-30,丸亀,9,2,平本真之,A1,32.37,2,,10.7753,28.5,87,68.8,0.1575,3.2188,,,0,低,16,0,差0%,525 4,0,34.8,1.0917,0,0.1429,0,0,0,0.1333,0.0667,0.1333,,,D,○,,0.0829,0.6785,,0.7116,S,87,0,◎1着固定 2-3着流し（5〜8点）,0.5777,"{'is_target': True, 'verdict': '参加推奨', 'max_combo_prob': 0.0719, 'est_top_odds': 18.5, 'circle_concentration': 57.0, 'eligible_count': 6, 'bet_adj': 2, 'reason': 'rel_win1=63.1%（本命度） / 最有力組み合わせ確率: 0.072（推定実オッズ?18倍） / 2着集中度: 上位2艇 57.0%（補正+0.00） / 総合判定確率: 0.072 / → ヒモ分散。1号艇1着固定で広めのヒモ流し推奨（買い目+2点）', 'tenji_trigger': '展示確認: ヒモ分散レース。1号艇伸び確認後、広めのヒモ流しを採用。穴ヒモ（5・6号艇）を積極的に含める。\n展示で1号艇スタート超安定(0.132秒)→ヒモ固まり方向に注意'}",,,27.6,逃げ狙い,22.32,23.3,4,,,,,,,,,,,
2025-05-30,丸亀,9,3,遠藤エミ,A1,45.03,3,○,12.3777,28.5,66,87.5,0.1444,2.5625,,,0,低,24,0,差ま0% 抜0%,341 5,0,72.2,1.5181,0,0,0,0.2,0.2,0.1429,0.1429,0.1429,,,A,△,,0.2651,0.649,,0.7116,S,87,0,◎1着固定 2-3着流し（5〜8点）,0.5777,"{'is_target': True, 'verdict': '参加推奨', 'max_combo_prob': 0.0719, 'est_top_odds': 18.5, 'circle_concentration': 57.0, 'eligible_count': 6, 'bet_adj': 2, 'reason': 'rel_win1=63.1%（本命度） / 最有力組み合わせ確率: 0.072（推定実オッズ?18倍） / 2着集中度: 上位2艇 57.0%（補正+0.00） / 総合判定確率: 0.072 / → ヒモ分散。1号艇1着固定で広めのヒモ流し推奨（買い目+2点）', 'tenji_trigger': '展示確認: ヒモ分散レース。1号艇伸び確認後、広めのヒモ流しを採用。穴ヒモ（5・6号艇）を積極的に含める。\n展示で1号艇スタート超安定(0.132秒)→ヒモ固まり方向に注意'}",,,27.6,逃げ狙い,22.32,23.3,4,,,,,,,,,,,
2025-05-30,丸亀,9,4,松井　繁,A1,31.48,4,,6.9177,12.4,100,84.6,0.1646,3.7692,,,0,低,24,1,差0%,343 44,0,63.3,1.4613,0,0.125,0,0,0,0.0714,0.2143,0,,,E,△,,0.1685,0.6505,,0.7116,S,87,0,◎1着固定 2-3着流し（5〜8点）,0.5777,"{'is_target': True, 'verdict': '参加推奨', 'max_combo_prob': 0.0719, 'est_top_odds': 18.5, 'circle_concentration': 57.0, 'eligible_count': 6, 'bet_adj': 2, 'reason': 'rel_win1=63.1%（本命度） / 最有力組み合わせ確率: 0.072（推定実オッズ?18倍） / 2着集中度: 上位2艇 57.0%（補正+0.00） / 総合判定確率: 0.072 / → ヒモ分散。1号艇1着固定で広めのヒモ流し推奨（買い目+2点）', 'tenji_trigger': '展示確認: ヒモ分散レース。1号艇伸び確認後、広めのヒモ流しを採用。穴ヒモ（5・6号艇）を積極的に含める。\n展示で1号艇スタート超安定(0.132秒)→ヒモ固まり方向に注意'}",,,27.6,逃げ狙い,22.32,23.3,4,,,,,,,,,,,
2025-05-30,丸亀,9,5,定松勇樹,A1,35.37,5,▲,4.6896,27.6,40,60,0.156,3.2667,,,0,低,27,0,抜0%,441 4,0,57.4,1.5798,0,0,0,0,0.125,0.0714,0.1429,0.1429,,,D,,,0.2352,0.6185,,0.7116,S,87,0,◎1着固定 2-3着流し（5〜8点）,0.5777,"{'is_target': True, 'verdict': '参加推奨', 'max_combo_prob': 0.0719, 'est_top_odds': 18.5, 'circle_concentration': 57.0, 'eligible_count': 6, 'bet_adj': 2, 'reason': 'rel_win1=63.1%（本命度） / 最有力組み合わせ確率: 0.072（推定実オッズ?18倍） / 2着集中度: 上位2艇 57.0%（補正+0.00） / 総合判定確率: 0.072 / → ヒモ分散。1号艇1着固定で広めのヒモ流し推奨（買い目+2点）', 'tenji_trigger': '展示確認: ヒモ分散レース。1号艇伸び確認後、広めのヒモ流しを採用。穴ヒモ（5・6号艇）を積極的に含める。\n展示で1号艇スタート超安定(0.132秒)→ヒモ固まり方向に注意'}",,,27.6,逃げ狙い,22.32,23.3,4,,,,,,,,,,,
2025-05-30,丸亀,9,6,桐生順平,A1,44.44,6,△,2.1503,3,44,57.1,0.1714,4.5,,,0,低,20,1,差ま0%,321 24,0,99.8,2.1358,0,0,0,0.0345,0,0.125,0.25,0.125,,,B,◎,,0.1536,0.7,,0.7116,S,87,0,◎1着固定 2-3着流し（5〜8点）,0.5777,"{'is_target': True, 'verdict': '参加推奨', 'max_combo_prob': 0.0719, 'est_top_odds': 18.5, 'circle_concentration': 57.0, 'eligible_count': 6, 'bet_adj': 2, 'reason': 'rel_win1=63.1%（本命度） / 最有力組み合わせ確率: 0.072（推定実オッズ?18倍） / 2着集中度: 上位2艇 57.0%（補正+0.00） / 総合判定確率: 0.072 / → ヒモ分散。1号艇1着固定で広めのヒモ流し推奨（買い目+2点）', 'tenji_trigger': '展示確認: ヒモ分散レース。1号艇伸び確認後、広めのヒモ流しを採用。穴ヒモ（5・6号艇）を積極的に含める。\n展示で1号艇スタート超安定(0.132秒)→ヒモ固まり方向に注意'}",,,27.6,逃げ狙い,22.32,23.3,4,,,,,,,,,,,
2025-05-30,丸亀,10,1,瓜生正義,A1,27.84,1,◎,43.6868,,0,95.7,0.143,3.1957,,,0,低,21,0,逃0%,5 322,0,72.7,1.1566,0.4167,,,,,0.0833,0.0833,0.1667,◎,,E,△,,,0.653,,0.4587,A,60,0,◎-○軸 3着3〜4艇流し（10〜15点）,0.5777,"{'is_target': False, 'verdict': '対象外', 'max_combo_prob': None, 'est_top_odds': None, 'circle_concentration': None, 'eligible_count': 0, 'bet_adj': 0, 'reason': '1号艇rel_win1 < 45%: 通常判定に委ねる', 'tenji_trigger': ''}",,,35.7,両建て推奨,45.31,26.7,2,,,,,0,0,0.7559,0,,逃げ軸流し,A
2025-05-30,丸亀,10,2,今垣光太,A1,33.55,2,,14.8842,29.1,67,75,0.219,4.25,,,0,低,52,0,差0% ま0%,366 5,0,100,1.216,0,0.4444,0.2222,0,0,0.0769,0,0,,,D,,,0.1497,0.58,,0.4587,A,60,0,◎-○軸 3着3〜4艇流し（10〜15点）,0.5777,"{'is_target': False, 'verdict': '対象外', 'max_combo_prob': None, 'est_top_odds': None, 'circle_concentration': None, 'eligible_count': 0, 'bet_adj': 0, 'reason': '1号艇rel_win1 < 45%: 通常判定に委ねる', 'tenji_trigger': ''}",,,35.7,両建て推奨,45.31,26.7,2,,,,,,,,,,,
2025-05-30,丸亀,10,3,佐藤隆太,A1,50.00,3,○,18.9642,35.1,75,89.7,0.1307,2.5,,,0,低,32,0,ま0% 抜0%,1 2 12,0,73,1.734,0,0,0.3,0,0.1,0.0833,0.0833,0,,○,A,○,,0.4005,0.6665,,0.4587,A,60,0,◎-○軸 3着3〜4艇流し（10〜15点）,0.5777,"{'is_target': False, 'verdict': '対象外', 'max_combo_prob': None, 'est_top_odds': None, 'circle_concentration': None, 'eligible_count': 0, 'bet_adj': 0, 'reason': '1号艇rel_win1 < 45%: 通常判定に委ねる', 'tenji_trigger': ''}",,,35.7,両建て推奨,45.31,26.7,2,,,,,,,,,,,
2025-05-30,丸亀,10,4,峰　竜太,A1,37.79,4,▲,10.5513,26,77,100,0.127,2.8,,,0,低,4,1,差ま0%,1 4241,0,87.6,1.7953,0,0,0,0.3333,0,0,0,0,,◎,B,◎,,0.4138,0.8175,,0.4587,A,60,0,◎-○軸 3着3〜4艇流し（10〜15点）,0.5777,"{'is_target': False, 'verdict': '対象外', 'max_combo_prob': None, 'est_top_odds': None, 'circle_concentration': None, 'eligible_count': 0, 'bet_adj': 0, 'reason': '1号艇rel_win1 < 45%: 通常判定に委ねる', 'tenji_trigger': ''}",,,35.7,両建て推奨,45.31,26.7,2,,,,,,,,,,,
2025-05-30,丸亀,10,5,平高奈菜,A1,34.39,5,△,10.6852,7.6,100,66.7,0.1447,2.9667,,,0,低,46,0,-,653 2,0,44.5,1.1502,0,0,0,0.1429,0,0.2,0,0.1333,,,C,,◎,0.2945,0.6215,0.3396,0.4587,A,60,0,◎-○軸 3着3〜4艇流し（10〜15点）,0.5777,"{'is_target': False, 'verdict': '対象外', 'max_combo_prob': None, 'est_top_odds': None, 'circle_concentration': None, 'eligible_count': 0, 'bet_adj': 0, 'reason': '1号艇rel_win1 < 45%: 通常判定に委ねる', 'tenji_trigger': ''}",,,35.7,両建て推奨,45.31,26.7,2,,,,,,,,,,,
2025-05-30,丸亀,10,6,白井英治,A1,34.10,6,,1.2282,2.3,57,100,0.1533,3.5,,,0,低,29,1,-,253 1,0,34.2,3.4928,,,,,,0.0588,0.1765,0.0588,,,D,△,,0.2778,0.659,,0.4587,A,60,0,◎-○軸 3着3〜4艇流し（10〜15点）,0.5777,"{'is_target': False, 'verdict': '対象外', 'max_combo_prob': None, 'est_top_odds': None, 'circle_concentration': None, 'eligible_count': 0, 'bet_adj': 0, 'reason': '1号艇rel_win1 < 45%: 通常判定に委ねる', 'tenji_trigger': ''}",,,35.7,両建て推奨,45.31,26.7,2,,,,,,,,,,,
2025-05-30,丸亀,11,1,茅原悠紀,A1,30.99,1,◎,56.138,,0,96.4,0.1232,2.5893,,,0,低,13,0,逃1%,3 2 13,0,80.3,1.2119,0.8571,,,,,0,0,0.0714,◎,,D,△,,,0.6725,,0.6259,S,84,0,◎1着固定 2-3着流し（5〜8点）,0.5777,"{'is_target': True, 'verdict': '参加推奨', 'max_combo_prob': 0.0775, 'est_top_odds': 17.2, 'circle_concentration': 70.6, 'eligible_count': 6, 'bet_adj': 2, 'reason': 'rel_win1=56.1%（本命度） / 最有力組み合わせ確率: 0.077（推定実オッズ?17倍） / 2着集中度: 上位2艇 70.6%（補正+0.04） / 総合判定確率: 0.117 / → ヒモ分散。1号艇1着固定で広めのヒモ流し推奨（買い目+2点）', 'tenji_trigger': '展示確認: ヒモ分散レース。1号艇伸び確認後、広めのヒモ流しを採用。穴ヒモ（5・6号艇）を積極的に含める。\n展示で1号艇スタート超安定(0.123秒)→ヒモ固まり方向に注意'}",,,30.6,逃げ狙い,34.88,21,2,,,,,0,0,0.7559,0,,逃げ軸流し,A
2025-05-30,丸亀,11,2,西橋奈未,A1,36.36,2,▲,17.8494,44.3,74,61.9,0.1319,2.7857,,,0,低,34,0,ま0%,134 6,0,94,1.0683,0,0,0.4286,0,0,0.0667,0.2167,0.2167,,,C,,,0.2812,0.6055,,0.6259,S,84,0,◎1着固定 2-3着流し（5〜8点）,0.5777,"{'is_target': True, 'verdict': '参加推奨', 'max_combo_prob': 0.0775, 'est_top_odds': 17.2, 'circle_concentration': 70.6, 'eligible_count': 6, 'bet_adj': 2, 'reason': 'rel_win1=56.1%（本命度） / 最有力組み合わせ確率: 0.077（推定実オッズ?17倍） / 2着集中度: 上位2艇 70.6%（補正+0.04） / 総合判定確率: 0.117 / → ヒモ分散。1号艇1着固定で広めのヒモ流し推奨（買い目+2点）', 'tenji_trigger': '展示確認: ヒモ分散レース。1号艇伸び確認後、広めのヒモ流しを採用。穴ヒモ（5・6号艇）を積極的に含める。\n展示で1号艇スタート超安定(0.123秒)→ヒモ固まり方向に注意'}",,,30.6,逃げ狙い,34.88,21,2,,,,,,,,,,,
2025-05-30,丸亀,11,3,片岡雅裕,A1,29.19,3,,9.9786,26.3,79,70.6,0.1271,2.2353,,,0,低,5,0,差ま0% 抜0%,611 2,0,28.1,0.924,0,0,0,0.1429,0.1429,0.0286,0,0.3571,,,E,◎,,0.2852,0.8292,,0.6259,S,84,0,◎1着固定 2-3着流し（5〜8点）,0.5777,"{'is_target': True, 'verdict': '参加推奨', 'max_combo_prob': 0.0775, 'est_top_odds': 17.2, 'circle_concentration': 70.6, 'eligible_count': 6, 'bet_adj': 2, 'reason': 'rel_win1=56.1%（本命度） / 最有力組み合わせ確率: 0.077（推定実オッズ?17倍） / 2着集中度: 上位2艇 70.6%（補正+0.04） / 総合判定確率: 0.117 / → ヒモ分散。1号艇1着固定で広めのヒモ流し推奨（買い目+2点）', 'tenji_trigger': '展示確認: ヒモ分散レース。1号艇伸び確認後、広めのヒモ流しを採用。穴ヒモ（5・6号艇）を積極的に含める。\n展示で1号艇スタート超安定(0.123秒)→ヒモ固まり方向に注意'}",,,30.6,逃げ狙い,34.88,21,2,,,,,,,,,,,
2025-05-30,丸亀,11,4,石野貴之,A1,41.61,4,△,8.3188,17.1,87,50,0.1706,3.25,,,0,低,40,0,差ま0%,416 6,0,42.1,1.0462,0,0,0,0.0417,0,0,0.1176,0,,,B,,,0.1057,0.5965,,0.6259,S,84,0,◎1着固定 2-3着流し（5〜8点）,0.5777,"{'is_target': True, 'verdict': '参加推奨', 'max_combo_prob': 0.0775, 'est_top_odds': 17.2, 'circle_concentration': 70.6, 'eligible_count': 6, 'bet_adj': 2, 'reason': 'rel_win1=56.1%（本命度） / 最有力組み合わせ確率: 0.077（推定実オッズ?17倍） / 2着集中度: 上位2艇 70.6%（補正+0.04） / 総合判定確率: 0.117 / → ヒモ分散。1号艇1着固定で広めのヒモ流し推奨（買い目+2点）', 'tenji_trigger': '展示確認: ヒモ分散レース。1号艇伸び確認後、広めのヒモ流しを採用。穴ヒモ（5・6号艇）を積極的に含める。\n展示で1号艇スタート超安定(0.123秒)→ヒモ固まり方向に注意'}",,,30.6,逃げ狙い,34.88,21,2,,,,,,,,,,,
2025-05-30,丸亀,11,5,宮地元輝,A1,35.50,5,,5.6672,9.1,100,72.2,0.1506,3.1111,,,0,低,13,0,差ま0%,421 23,0,41.9,1.8819,0,0,0,0.1667,0,0,0,0.1667,,,C,○,,0.2281,0.6895,,0.6259,S,84,0,◎1着固定 2-3着流し（5〜8点）,0.5777,"{'is_target': True, 'verdict': '参加推奨', 'max_combo_prob': 0.0775, 'est_top_odds': 17.2, 'circle_concentration': 70.6, 'eligible_count': 6, 'bet_adj': 2, 'reason': 'rel_win1=56.1%（本命度） / 最有力組み合わせ確率: 0.077（推定実オッズ?17倍） / 2着集中度: 上位2艇 70.6%（補正+0.04） / 総合判定確率: 0.117 / → ヒモ分散。1号艇1着固定で広めのヒモ流し推奨（買い目+2点）', 'tenji_trigger': '展示確認: ヒモ分散レース。1号艇伸び確認後、広めのヒモ流しを採用。穴ヒモ（5・6号艇）を積極的に含める。\n展示で1号艇スタート超安定(0.123秒)→ヒモ固まり方向に注意'}",,,30.6,逃げ狙い,34.88,21,2,,,,,,,,,,,
2025-05-30,丸亀,11,6,篠崎元志,A1,38.61,6,○,2.048,3.2,55,85.7,0.1243,2.5714,,,0,低,22,1,ま0%,4 312,0,100,3.0739,0,0,0.5,0,0,0,0.0667,0.1333,,◎,B,△,,0.4263,0.662,,0.6259,S,84,0,◎1着固定 2-3着流し（5〜8点）,0.5777,"{'is_target': True, 'verdict': '参加推奨', 'max_combo_prob': 0.0775, 'est_top_odds': 17.2, 'circle_concentration': 70.6, 'eligible_count': 6, 'bet_adj': 2, 'reason': 'rel_win1=56.1%（本命度） / 最有力組み合わせ確率: 0.077（推定実オッズ?17倍） / 2着集中度: 上位2艇 70.6%（補正+0.04） / 総合判定確率: 0.117 / → ヒモ分散。1号艇1着固定で広めのヒモ流し推奨（買い目+2点）', 'tenji_trigger': '展示確認: ヒモ分散レース。1号艇伸び確認後、広めのヒモ流しを採用。穴ヒモ（5・6号艇）を積極的に含める。\n展示で1号艇スタート超安定(0.123秒)→ヒモ固まり方向に注意'}",,,30.6,逃げ狙い,34.88,21,2,,,,,,,,,,,
2025-05-30,丸亀,12,1,末永和也,A1,27.81,1,◎,55.5278,,0,96,0.1332,2.52,,,0,低,16,0,逃1%,3 565,0,76.3,1.2054,0.9,,,,,0,0.1,0,◎,,E,○,,,0.679,,0.6212,S,82,0,◎1着固定 2-3着流し（5〜8点）,0.5777,"{'is_target': True, 'verdict': '参加推奨', 'max_combo_prob': 0.0773, 'est_top_odds': 17.3, 'circle_concentration': 63.3, 'eligible_count': 6, 'bet_adj': 2, 'reason': 'rel_win1=55.5%（本命度） / 最有力組み合わせ確率: 0.077（推定実オッズ?17倍） / 2着集中度: 上位2艇 63.3%（補正+0.00） / 総合判定確率: 0.077 / → ヒモ分散。1号艇1着固定で広めのヒモ流し推奨（買い目+2点）', 'tenji_trigger': '展示確認: ヒモ分散レース。1号艇伸び確認後、広めのヒモ流しを採用。穴ヒモ（5・6号艇）を積極的に含める。\n展示で1号艇スタート超安定(0.133秒)→ヒモ固まり方向に注意'}",,,35.1,逃げ狙い,48.24,22.4,4,,,,,0,0,0.7559,0,,逃げ軸流し,A
2025-05-30,丸亀,12,2,馬場貴也,A1,31.48,2,△,10.4869,41.6,85,90,0.156,3.15,,,0,低,17,1,抜0%,6 6 55,0,90.8,1.3867,0,0,0,0,0.2,0.0833,0.1667,0,,,C,,,0.0995,0.606,,0.6212,S,82,0,◎1着固定 2-3着流し（5〜8点）,0.5777,"{'is_target': True, 'verdict': '参加推奨', 'max_combo_prob': 0.0773, 'est_top_odds': 17.3, 'circle_concentration': 63.3, 'eligible_count': 6, 'bet_adj': 2, 'reason': 'rel_win1=55.5%（本命度） / 最有力組み合わせ確率: 0.077（推定実オッズ?17倍） / 2着集中度: 上位2艇 63.3%（補正+0.00） / 総合判定確率: 0.077 / → ヒモ分散。1号艇1着固定で広めのヒモ流し推奨（買い目+2点）', 'tenji_trigger': '展示確認: ヒモ分散レース。1号艇伸び確認後、広めのヒモ流しを採用。穴ヒモ（5・6号艇）を積極的に含める。\n展示で1号艇スタート超安定(0.133秒)→ヒモ固まり方向に注意'}",,,35.1,逃げ狙い,48.24,22.4,4,,,,,,,,,,,
2025-05-30,丸亀,12,3,清水愛海,A1,37.80,3,○,12.0044,21.7,100,64,0.1604,3.66,,,0,低,73,0,ま0% 差ま0%,645 2,0,35.5,1.2079,0,0,0.1111,0.1111,0,0.0909,0.1818,0,,,B,△,,0.174,0.634,,0.6212,S,82,0,◎1着固定 2-3着流し（5〜8点）,0.5777,"{'is_target': True, 'verdict': '参加推奨', 'max_combo_prob': 0.0773, 'est_top_odds': 17.3, 'circle_concentration': 63.3, 'eligible_count': 6, 'bet_adj': 2, 'reason': 'rel_win1=55.5%（本命度） / 最有力組み合わせ確率: 0.077（推定実オッズ?17倍） / 2着集中度: 上位2艇 63.3%（補正+0.00） / 総合判定確率: 0.077 / → ヒモ分散。1号艇1着固定で広めのヒモ流し推奨（買い目+2点）', 'tenji_trigger': '展示確認: ヒモ分散レース。1号艇伸び確認後、広めのヒモ流しを採用。穴ヒモ（5・6号艇）を積極的に含める。\n展示で1号艇スタート超安定(0.133秒)→ヒモ固まり方向に注意'}",,,35.1,逃げ狙い,48.24,22.4,4,,,,,,,,,,,
2025-05-30,丸亀,12,4,毒島　誠,A1,28.03,4,,10.4787,12,93,100,0.1657,3.4286,,,0,低,9,1,差0%,2 2F34,0,88,1.8111,0,0.25,0,0,0,,,,,,D,,,0.1986,0.6275,,0.6212,S,82,0,◎1着固定 2-3着流し（5〜8点）,0.5777,"{'is_target': True, 'verdict': '参加推奨', 'max_combo_prob': 0.0773, 'est_top_odds': 17.3, 'circle_concentration': 63.3, 'eligible_count': 6, 'bet_adj': 2, 'reason': 'rel_win1=55.5%（本命度） / 最有力組み合わせ確率: 0.077（推定実オッズ?17倍） / 2着集中度: 上位2艇 63.3%（補正+0.00） / 総合判定確率: 0.077 / → ヒモ分散。1号艇1着固定で広めのヒモ流し推奨（買い目+2点）', 'tenji_trigger': '展示確認: ヒモ分散レース。1号艇伸び確認後、広めのヒモ流しを採用。穴ヒモ（5・6号艇）を積極的に含める。\n展示で1号艇スタート超安定(0.133秒)→ヒモ固まり方向に注意'}",,,35.1,逃げ狙い,48.24,22.4,4,,,,,,,,,,,
2025-05-30,丸亀,12,5,上條暢嵩,A1,30.54,5,▲,8.1975,20.6,57,76.9,0.1262,2.1154,,,0,低,12,1,ま0% 差ま0% 抜0%,265 5,0,100,2.0836,0,0,0.1667,0.1667,0.1667,,,,,,D,◎,◎,0.3537,0.7115,0.5372,0.6212,S,82,0,◎1着固定 2-3着流し（5〜8点）,0.5777,"{'is_target': True, 'verdict': '参加推奨', 'max_combo_prob': 0.0773, 'est_top_odds': 17.3, 'circle_concentration': 63.3, 'eligible_count': 6, 'bet_adj': 2, 'reason': 'rel_win1=55.5%（本命度） / 最有力組み合わせ確率: 0.077（推定実オッズ?17倍） / 2着集中度: 上位2艇 63.3%（補正+0.00） / 総合判定確率: 0.077 / → ヒモ分散。1号艇1着固定で広めのヒモ流し推奨（買い目+2点）', 'tenji_trigger': '展示確認: ヒモ分散レース。1号艇伸び確認後、広めのヒモ流しを採用。穴ヒモ（5・6号艇）を積極的に含める。\n展示で1号艇スタート超安定(0.133秒)→ヒモ固まり方向に注意'}",,,35.1,逃げ狙い,48.24,22.4,4,,,,,,,,,,,
2025-05-30,丸亀,12,6,浜田亜理,A1,46.53,6,,3.3047,4.1,49,52.4,0.1871,3.6667,,,0,低,41,0,抜0%,452 6,0,56.7,2.0019,0,0,0,0,0.1,0.2857,0,0.1429,,,A,△,,0.1356,0.6285,,0.6212,S,82,0,◎1着固定 2-3着流し（5〜8点）,0.5777,"{'is_target': True, 'verdict': '参加推奨', 'max_combo_prob': 0.0773, 'est_top_odds': 17.3, 'circle_concentration': 63.3, 'eligible_count': 6, 'bet_adj': 2, 'reason': 'rel_win1=55.5%（本命度） / 最有力組み合わせ確率: 0.077（推定実オッズ?17倍） / 2着集中度: 上位2艇 63.3%（補正+0.00） / 総合判定確率: 0.077 / → ヒモ分散。1号艇1着固定で広めのヒモ流し推奨（買い目+2点）', 'tenji_trigger': '展示確認: ヒモ分散レース。1号艇伸び確認後、広めのヒモ流しを採用。穴ヒモ（5・6号艇）を積極的に含める。\n展示で1号艇スタート超安定(0.133秒)→ヒモ固まり方向に注意'}",,,35.1,逃げ狙い,48.24,22.4,4,,,,,,,,,,,
2025-05-31,丸亀,1,1,中村日向,A1,33.13,1,◎,49.2234,,0,91.4,0.1454,2.5714,,,0,低,40,0,逃0%,5 6 66,0,52.4,0.9601,0.7692,,,,,0.1538,0.0769,0,◎,,D,,,,0.645,,0.6026,S,88,0,◎1着固定 2-3着流し（5〜8点）,0.5777,"{'is_target': True, 'verdict': '参加推奨', 'max_combo_prob': 0.0525, 'est_top_odds': 25.4, 'circle_concentration': 55.0, 'eligible_count': 6, 'bet_adj': 2, 'reason': 'rel_win1=49.2%（本命度） / 最有力組み合わせ確率: 0.052（推定実オッズ?25倍） / 2着集中度: 上位2艇 55.0%（補正+0.00） / 総合判定確率: 0.052 / → ヒモ分散。1号艇1着固定で広めのヒモ流し推奨（買い目+2点）', 'tenji_trigger': '展示確認: ヒモ分散レース。1号艇伸び確認後、広めのヒモ流しを採用。穴ヒモ（5・6号艇）を積極的に含める。'}",,,33.3,逃げ狙い,36.74,27.1,2,,,,,0,0,0.7559,0,,逃げ軸流し,A
2025-05-31,丸亀,1,2,今垣光太,A1,33.55,2,,16.0888,32.4,61,75,0.219,4.25,,,0,低,52,0,差0% ま0%,366 5,0,100,1.23,0,0.4444,0.2222,0,0,0.0769,0,0,,,C,,,0.1497,0.58,,0.6026,S,88,0,◎1着固定 2-3着流し（5〜8点）,0.5777,"{'is_target': True, 'verdict': '参加推奨', 'max_combo_prob': 0.0525, 'est_top_odds': 25.4, 'circle_concentration': 55.0, 'eligible_count': 6, 'bet_adj': 2, 'reason': 'rel_win1=49.2%（本命度） / 最有力組み合わせ確率: 0.052（推定実オッズ?25倍） / 2着集中度: 上位2艇 55.0%（補正+0.00） / 総合判定確率: 0.052 / → ヒモ分散。1号艇1着固定で広めのヒモ流し推奨（買い目+2点）', 'tenji_trigger': '展示確認: ヒモ分散レース。1号艇伸び確認後、広めのヒモ流しを採用。穴ヒモ（5・6号艇）を積極的に含める。'}",,,33.3,逃げ狙い,36.74,27.1,2,,,,,,,,,,,
2025-05-31,丸亀,1,3,山崎　郡,A1,38.55,3,○,12.1018,22.6,100,75.9,0.14,2.7241,,,0,低,34,0,ま0% 差ま0%,4 4 55,0,48.9,1.3648,0,0,0.0625,0.1875,0,0,0.0417,0.0417,,,B,◎,,0.3375,0.6985,,0.6026,S,88,0,◎1着固定 2-3着流し（5〜8点）,0.5777,"{'is_target': True, 'verdict': '参加推奨', 'max_combo_prob': 0.0525, 'est_top_odds': 25.4, 'circle_concentration': 55.0, 'eligible_count': 6, 'bet_adj': 2, 'reason': 'rel_win1=49.2%（本命度） / 最有力組み合わせ確率: 0.052（推定実オッズ?25倍） / 2着集中度: 上位2艇 55.0%（補正+0.00） / 総合判定確率: 0.052 / → ヒモ分散。1号艇1着固定で広めのヒモ流し推奨（買い目+2点）', 'tenji_trigger': '展示確認: ヒモ分散レース。1号艇伸び確認後、広めのヒモ流しを採用。穴ヒモ（5・6号艇）を積極的に含める。'}",,,33.3,逃げ狙い,36.74,27.1,2,,,,,,,,,,,
2025-05-31,丸亀,1,4,丸野一樹,A1,30.43,4,,13.5746,20.7,90,81.8,0.1605,3.6591,,,0,低,31,0,差ま0% 抜0%,6 2 46,0,80.6,1.6951,0,0,0,0.1667,0.1667,0,0.1111,0,,,D,△,◎,0.2531,0.6595,0.3058,0.6026,S,88,0,◎1着固定 2-3着流し（5〜8点）,0.5777,"{'is_target': True, 'verdict': '参加推奨', 'max_combo_prob': 0.0525, 'est_top_odds': 25.4, 'circle_concentration': 55.0, 'eligible_count': 6, 'bet_adj': 2, 'reason': 'rel_win1=49.2%（本命度） / 最有力組み合わせ確率: 0.052（推定実オッズ?25倍） / 2着集中度: 上位2艇 55.0%（補正+0.00） / 総合判定確率: 0.052 / → ヒモ分散。1号艇1着固定で広めのヒモ流し推奨（買い目+2点）', 'tenji_trigger': '展示確認: ヒモ分散レース。1号艇伸び確認後、広めのヒモ流しを採用。穴ヒモ（5・6号艇）を積極的に含める。'}",,,33.3,逃げ狙い,36.74,27.1,2,,,,,,,,,,,
2025-05-31,丸亀,1,5,吉田裕平,A1,34.50,5,△,7.6147,21.3,67,75,0.1588,2.6875,,,0,低,29,0,差ま0%,5 144,0,33.3,2.0298,0,0,0,0.25,0,0,0.1429,0,,,C,△,,0.2894,0.6645,,0.6026,S,88,0,◎1着固定 2-3着流し（5〜8点）,0.5777,"{'is_target': True, 'verdict': '参加推奨', 'max_combo_prob': 0.0525, 'est_top_odds': 25.4, 'circle_concentration': 55.0, 'eligible_count': 6, 'bet_adj': 2, 'reason': 'rel_win1=49.2%（本命度） / 最有力組み合わせ確率: 0.052（推定実オッズ?25倍） / 2着集中度: 上位2艇 55.0%（補正+0.00） / 総合判定確率: 0.052 / → ヒモ分散。1号艇1着固定で広めのヒモ流し推奨（買い目+2点）', 'tenji_trigger': '展示確認: ヒモ分散レース。1号艇伸び確認後、広めのヒモ流しを採用。穴ヒモ（5・6号艇）を積極的に含める。'}",,,33.3,逃げ狙い,36.74,27.1,2,,,,,,,,,,,
2025-05-31,丸亀,1,6,原田幸哉,A1,34.34,6,▲,1.3966,3,47,25,0.1075,2,,,0,低,11,1,-,6 5 36,0,34.3,1.0778,,,,,,0.0833,0.1667,0,,◎,C,○,,0.4278,0.6755,,0.6026,S,88,0,◎1着固定 2-3着流し（5〜8点）,0.5777,"{'is_target': True, 'verdict': '参加推奨', 'max_combo_prob': 0.0525, 'est_top_odds': 25.4, 'circle_concentration': 55.0, 'eligible_count': 6, 'bet_adj': 2, 'reason': 'rel_win1=49.2%（本命度） / 最有力組み合わせ確率: 0.052（推定実オッズ?25倍） / 2着集中度: 上位2艇 55.0%（補正+0.00） / 総合判定確率: 0.052 / → ヒモ分散。1号艇1着固定で広めのヒモ流し推奨（買い目+2点）', 'tenji_trigger': '展示確認: ヒモ分散レース。1号艇伸び確認後、広めのヒモ流しを採用。穴ヒモ（5・6号艇）を積極的に含める。'}",,,33.3,逃げ狙い,36.74,27.1,2,,,,,,,,,,,
2025-05-31,丸亀,2,1,上野真之,A1,35.98,1,◎,38.9571,,0,100,0.1154,2.1875,,,0,低,15,0,逃1%,3 461,0,58.1,1.0016,0.8667,,,,,0,0,0.1333,◎,,C,○,,,0.812,,0.6766,A,63,0,◎-○軸 3着3〜4艇流し（10〜15点）,0.5777,"{'is_target': False, 'verdict': '対象外', 'max_combo_prob': None, 'est_top_odds': None, 'circle_concentration': None, 'eligible_count': 0, 'bet_adj': 0, 'reason': '1号艇rel_win1 < 45%: 通常判定に委ねる', 'tenji_trigger': ''}",,,35.9,両建て推奨,52.28,21.2,4,,,,,0,0,0.7559,0,,逃げ軸流し,A
2025-05-31,丸亀,2,2,實森美祐,A1,39.24,2,○,15.3722,44,76,94.1,0.1388,2.6471,,,0,低,24,0,差0%,234 1,0,68.3,1.4876,0,0.375,0,0,0,0,0.1333,0,,,B,,,0.1563,0.645,,0.6766,A,63,0,◎-○軸 3着3〜4艇流し（10〜15点）,0.5777,"{'is_target': False, 'verdict': '対象外', 'max_combo_prob': None, 'est_top_odds': None, 'circle_concentration': None, 'eligible_count': 0, 'bet_adj': 0, 'reason': '1号艇rel_win1 < 45%: 通常判定に委ねる', 'tenji_trigger': ''}",,,35.9,両建て推奨,52.28,21.2,4,,,,,,,,,,,
2025-05-31,丸亀,2,3,前田将太,A1,36.94,3,▲,19.0077,17.8,100,85.2,0.1581,2.8889,,,0,低,42,0,差ま0%,6 5 15,0,71.7,1.6813,0,0,0,0.0833,0,0.0476,0.0952,0.0476,,,B,△,,0.1087,0.6935,,0.6766,A,63,0,◎-○軸 3着3〜4艇流し（10〜15点）,0.5777,"{'is_target': False, 'verdict': '対象外', 'max_combo_prob': None, 'est_top_odds': None, 'circle_concentration': None, 'eligible_count': 0, 'bet_adj': 0, 'reason': '1号艇rel_win1 < 45%: 通常判定に委ねる', 'tenji_trigger': ''}",,,35.9,両建て推奨,52.28,21.2,4,,,,,,,,,,,
2025-05-31,丸亀,2,4,池田浩二,A1,35.44,4,△,14.4654,26.7,88,94.4,0.1228,2.3889,,,0,低,6,0,差0% ま0% 抜0%,5 621,0,97.4,1.8811,0,0.125,0.25,0,0.25,,,,,,C,◎,◎,0.3174,0.818,0.4531,0.6766,A,63,0,◎-○軸 3着3〜4艇流し（10〜15点）,0.5777,"{'is_target': False, 'verdict': '対象外', 'max_combo_prob': None, 'est_top_odds': None, 'circle_concentration': None, 'eligible_count': 0, 'bet_adj': 0, 'reason': '1号艇rel_win1 < 45%: 通常判定に委ねる', 'tenji_trigger': ''}",,,35.9,両建て推奨,52.28,21.2,4,,,,,,,,,,,
2025-05-31,丸亀,2,5,重成一人,A1,31.10,5,,10.8869,8.7,71,64.5,0.1435,2.7742,,,0,低,51,0,差ま0% 抜0%,3 146,0,33.4,0.9936,0,0,0,0.3158,0.1053,0.0533,0.2533,0.0133,,,D,,○,0.2553,0.6315,0.3852,0.6766,A,63,0,◎-○軸 3着3〜4艇流し（10〜15点）,0.5777,"{'is_target': False, 'verdict': '対象外', 'max_combo_prob': None, 'est_top_odds': None, 'circle_concentration': None, 'eligible_count': 0, 'bet_adj': 0, 'reason': '1号艇rel_win1 < 45%: 通常判定に委ねる', 'tenji_trigger': ''}",,,35.9,両建て推奨,52.28,21.2,4,,,,,,,,,,,
2025-05-31,丸亀,2,6,山口　剛,A1,28.85,6,,1.3106,2.8,55,,,,,,0,低,5,1,-,3 646,0,,,,,,,,,,,,,E,△,,0.3051,0.8035,0.15,0.6766,A,63,0,◎-○軸 3着3〜4艇流し（10〜15点）,0.5777,"{'is_target': False, 'verdict': '対象外', 'max_combo_prob': None, 'est_top_odds': None, 'circle_concentration': None, 'eligible_count': 0, 'bet_adj': 0, 'reason': '1号艇rel_win1 < 45%: 通常判定に委ねる', 'tenji_trigger': ''}",,,35.9,両建て推奨,52.28,21.2,4,,,,,,,,,,,
2025-05-31,丸亀,3,1,深谷知博,A1,27.54,1,◎,39.6821,,0,95,0.0965,2.325,,,0,低,10,0,逃1%,1 633,0,70.1,1.1338,0.7778,,,,,0,0,0.1111,◎,,D,△,,,0.6545,,0.7359,A,63,0,◎-○軸 3着3〜4艇流し（10〜15点）,0.5777,"{'is_target': False, 'verdict': '対象外', 'max_combo_prob': None, 'est_top_odds': None, 'circle_concentration': None, 'eligible_count': 0, 'bet_adj': 0, 'reason': '1号艇rel_win1 < 45%: 通常判定に委ねる', 'tenji_trigger': ''}",,,33.7,両建て推奨,45.23,20.9,3,,,,,0,0,0.7559,0,,逃げ軸流し,A
2025-05-31,丸亀,3,2,椎名　豊,A1,41.61,2,○,22.3118,48.5,68,93.5,0.1445,2.7742,,,0,低,42,0,差0% ま0%,5 5 34,0,71.7,1.5597,0,0.2353,0.2941,0,0,0.1382,0,0.0364,,,A,△,,0.115,0.664,,0.7359,A,63,0,◎-○軸 3着3〜4艇流し（10〜15点）,0.5777,"{'is_target': False, 'verdict': '対象外', 'max_combo_prob': None, 'est_top_odds': None, 'circle_concentration': None, 'eligible_count': 0, 'bet_adj': 0, 'reason': '1号艇rel_win1 < 45%: 通常判定に委ねる', 'tenji_trigger': ''}",,,33.7,両建て推奨,45.23,20.9,3,,,,,,,,,,,
2025-05-31,丸亀,3,3,末永和也,A1,27.81,3,,14.8411,18,79,75,0.14,2.7917,,,0,低,16,1,差ま0% 抜0%,3 565,0,49.2,1.4212,0,0,0,0.3333,0.1667,0,0.1,0,,,D,◎,,0.1854,0.679,,0.7359,A,63,0,◎-○軸 3着3〜4艇流し（10〜15点）,0.5777,"{'is_target': False, 'verdict': '対象外', 'max_combo_prob': None, 'est_top_odds': None, 'circle_concentration': None, 'eligible_count': 0, 'bet_adj': 0, 'reason': '1号艇rel_win1 < 45%: 通常判定に委ねる', 'tenji_trigger': ''}",,,33.7,両建て推奨,45.23,20.9,3,,,,,,,,,,,
2025-05-31,丸亀,3,4,山田康二,A1,30.30,4,△,17.3375,20.2,100,85.2,0.1496,2.8148,,,0,低,35,0,ま0% 抜0%,2 5 31,0,97.2,1.8732,0,0,0.4444,0,0.1111,0.0211,0.1211,0.1632,,,C,○,◎,0.2301,0.6765,0.3074,0.7359,A,63,0,◎-○軸 3着3〜4艇流し（10〜15点）,0.5777,"{'is_target': False, 'verdict': '対象外', 'max_combo_prob': None, 'est_top_odds': None, 'circle_concentration': None, 'eligible_count': 0, 'bet_adj': 0, 'reason': '1号艇rel_win1 < 45%: 通常判定に委ねる', 'tenji_trigger': ''}",,,33.7,両建て推奨,45.23,20.9,3,,,,,,,,,,,
2025-05-31,丸亀,3,5,松井　繁,A1,31.48,5,▲,5.0563,8.4,66,50,0.115,3.75,,,0,低,24,1,-,343 44,0,53.4,1.3288,,,,,,0.0714,0.2143,0,,,C,,,0.2384,0.6505,,0.7359,A,63,0,◎-○軸 3着3〜4艇流し（10〜15点）,0.5777,"{'is_target': False, 'verdict': '対象外', 'max_combo_prob': None, 'est_top_odds': None, 'circle_concentration': None, 'eligible_count': 0, 'bet_adj': 0, 'reason': '1号艇rel_win1 < 45%: 通常判定に委ねる', 'tenji_trigger': ''}",,,33.7,両建て推奨,45.23,20.9,3,,,,,,,,,,,
2025-05-31,丸亀,3,6,平山智加,A1,29.11,6,,0.7713,4.9,75,40.9,0.1764,4.2727,,,0,低,46,0,-,666 3,0,36.9,1.2044,,,,,,0,0.1818,0.1818,,,D,,,0.135,0.651,,0.7359,A,63,0,◎-○軸 3着3〜4艇流し（10〜15点）,0.5777,"{'is_target': False, 'verdict': '対象外', 'max_combo_prob': None, 'est_top_odds': None, 'circle_concentration': None, 'eligible_count': 0, 'bet_adj': 0, 'reason': '1号艇rel_win1 < 45%: 通常判定に委ねる', 'tenji_trigger': ''}",,,33.7,両建て推奨,45.23,20.9,3,,,,,,,,,,,
2025-05-31,丸亀,4,1,井口佳典,A1,46.71,1,◎,53.7841,,0,85.2,0.1759,3.7593,,,0,低,31,0,逃1%,2 451,0,75.1,1.0872,0.6667,,,,,0,0.1667,0.1667,○,,A,△,,,0.6355,,0.3492,S,83,0,◎1着固定 2-3着流し（5〜8点）,0.5777,"{'is_target': True, 'verdict': '参加推奨', 'max_combo_prob': 0.0715, 'est_top_odds': 18.7, 'circle_concentration': 60.2, 'eligible_count': 6, 'bet_adj': 2, 'reason': 'rel_win1=53.8%（本命度） / 最有力組み合わせ確率: 0.071（推定実オッズ?19倍） / 2着集中度: 上位2艇 60.2%（補正+0.00） / 総合判定確率: 0.071 / → ヒモ分散。1号艇1着固定で広めのヒモ流し推奨（買い目+2点）', 'tenji_trigger': '展示確認: ヒモ分散レース。1号艇伸び確認後、広めのヒモ流しを採用。穴ヒモ（5・6号艇）を積極的に含める。'}",,,35.6,逃げ狙い,27.1,27.7,2,,,,,0,0,0.6155,0,,逃げ軸流し,A
2025-05-31,丸亀,4,2,上條暢嵩,A1,30.54,2,,15.8453,39.5,70,92.3,0.15,3.3462,,,0,低,12,1,差0% ま0%,265 5,0,78.2,1.4679,0,0.2,0.2,0,0,,,,,◎,E,◎,,0.6,0.7115,,0.3492,S,83,0,◎1着固定 2-3着流し（5〜8点）,0.5777,"{'is_target': True, 'verdict': '参加推奨', 'max_combo_prob': 0.0715, 'est_top_odds': 18.7, 'circle_concentration': 60.2, 'eligible_count': 6, 'bet_adj': 2, 'reason': 'rel_win1=53.8%（本命度） / 最有力組み合わせ確率: 0.071（推定実オッズ?19倍） / 2着集中度: 上位2艇 60.2%（補正+0.00） / 総合判定確率: 0.071 / → ヒモ分散。1号艇1着固定で広めのヒモ流し推奨（買い目+2点）', 'tenji_trigger': '展示確認: ヒモ分散レース。1号艇伸び確認後、広めのヒモ流しを採用。穴ヒモ（5・6号艇）を積極的に含める。'}",,,35.6,逃げ狙い,27.1,27.7,2,,,,,,,,,,,
2025-05-31,丸亀,4,3,川井　萌,A1,39.77,3,○,10.1517,18,64,56,0.1528,3.3,,,0,低,50,0,-,525 2,0,42.9,1.0496,,,,,,0,0.5,0,,△,B,,,0.4218,0.6045,,0.3492,S,83,0,◎1着固定 2-3着流し（5〜8点）,0.5777,"{'is_target': True, 'verdict': '参加推奨', 'max_combo_prob': 0.0715, 'est_top_odds': 18.7, 'circle_concentration': 60.2, 'eligible_count': 6, 'bet_adj': 2, 'reason': 'rel_win1=53.8%（本命度） / 最有力組み合わせ確率: 0.071（推定実オッズ?19倍） / 2着集中度: 上位2艇 60.2%（補正+0.00） / 総合判定確率: 0.071 / → ヒモ分散。1号艇1着固定で広めのヒモ流し推奨（買い目+2点）', 'tenji_trigger': '展示確認: ヒモ分散レース。1号艇伸び確認後、広めのヒモ流しを採用。穴ヒモ（5・6号艇）を積極的に含める。'}",,,35.6,逃げ狙い,27.1,27.7,2,,,,,,,,,,,
2025-05-31,丸亀,4,4,平本真之,A1,32.37,4,▲,12.4561,20.8,77,79.2,0.1075,2.5208,,,0,低,16,0,ま0% 差ま0% 抜0%,525 4,0,87.9,1.61,0,0,0.1111,0.1111,0.1111,0.1333,0.0667,0.1333,,○,D,○,◎,0.4872,0.6785,0.5139,0.3492,S,83,0,◎1着固定 2-3着流し（5〜8点）,0.5777,"{'is_target': True, 'verdict': '参加推奨', 'max_combo_prob': 0.0715, 'est_top_odds': 18.7, 'circle_concentration': 60.2, 'eligible_count': 6, 'bet_adj': 2, 'reason': 'rel_win1=53.8%（本命度） / 最有力組み合わせ確率: 0.071（推定実オッズ?19倍） / 2着集中度: 上位2艇 60.2%（補正+0.00） / 総合判定確率: 0.071 / → ヒモ分散。1号艇1着固定で広めのヒモ流し推奨（買い目+2点）', 'tenji_trigger': '展示確認: ヒモ分散レース。1号艇伸び確認後、広めのヒモ流しを採用。穴ヒモ（5・6号艇）を積極的に含める。'}",,,35.6,逃げ狙い,27.1,27.7,2,,,,,,,,,,,
2025-05-31,丸亀,4,5,定松勇樹,A1,35.37,5,△,6.7771,19.3,56,60,0.156,3.2667,,,0,低,27,0,抜0%,441 4,0,91.3,1.6564,0,0,0,0,0.125,0.0714,0.1429,0.1429,,,C,,,0.373,0.6185,,0.3492,S,83,0,◎1着固定 2-3着流し（5〜8点）,0.5777,"{'is_target': True, 'verdict': '参加推奨', 'max_combo_prob': 0.0715, 'est_top_odds': 18.7, 'circle_concentration': 60.2, 'eligible_count': 6, 'bet_adj': 2, 'reason': 'rel_win1=53.8%（本命度） / 最有力組み合わせ確率: 0.071（推定実オッズ?19倍） / 2着集中度: 上位2艇 60.2%（補正+0.00） / 総合判定確率: 0.071 / → ヒモ分散。1号艇1着固定で広めのヒモ流し推奨（買い目+2点）', 'tenji_trigger': '展示確認: ヒモ分散レース。1号艇伸び確認後、広めのヒモ流しを採用。穴ヒモ（5・6号艇）を積極的に含める。'}",,,35.6,逃げ狙い,27.1,27.7,2,,,,,,,,,,,
2025-05-31,丸亀,4,6,平高奈菜,A1,34.39,6,,0.9857,2.5,100,52,0.1876,4.44,,,0,低,46,0,-,653 2,0,33.2,0.6569,,,,,,0.2,0,0.1333,,,D,△,,0.2728,0.6215,,0.3492,S,83,0,◎1着固定 2-3着流し（5〜8点）,0.5777,"{'is_target': True, 'verdict': '参加推奨', 'max_combo_prob': 0.0715, 'est_top_odds': 18.7, 'circle_concentration': 60.2, 'eligible_count': 6, 'bet_adj': 2, 'reason': 'rel_win1=53.8%（本命度） / 最有力組み合わせ確率: 0.071（推定実オッズ?19倍） / 2着集中度: 上位2艇 60.2%（補正+0.00） / 総合判定確率: 0.071 / → ヒモ分散。1号艇1着固定で広めのヒモ流し推奨（買い目+2点）', 'tenji_trigger': '展示確認: ヒモ分散レース。1号艇伸び確認後、広めのヒモ流しを採用。穴ヒモ（5・6号艇）を積極的に含める。'}",,,35.6,逃げ狙い,27.1,27.7,2,,,,,,,,,,,
2025-05-31,丸亀,5,1,西山貴浩,A1,41.29,1,◎,46.4971,,0,92,0.132,2.34,,,0,低,17,0,逃1%,4 422S,0,77.8,1.1293,0.8571,,,,,0,0.1429,0,◎,,B,◎,,,0.7,,0.6544,S,94,0,◎1着固定 2-3着流し（5〜8点）,0.5777,"{'is_target': True, 'verdict': '参加推奨', 'max_combo_prob': 0.0489, 'est_top_odds': 27.3, 'circle_concentration': 67.3, 'eligible_count': 6, 'bet_adj': 2, 'reason': 'rel_win1=46.5%（本命度） / 最有力組み合わせ確率: 0.049（推定実オッズ?27倍） / 2着集中度: 上位2艇 67.3%（補正+0.00） / 総合判定確率: 0.049 / → ヒモ分散。1号艇1着固定で広めのヒモ流し推奨（買い目+2点）', 'tenji_trigger': '展示確認: ヒモ分散レース。1号艇伸び確認後、広めのヒモ流しを採用。穴ヒモ（5・6号艇）を積極的に含める。\n展示で1号艇スタート超安定(0.132秒)→ヒモ固まり方向に注意'}",,,31.9,逃げ狙い,36.75,23.3,4,,,,,0,0,0.7559,0,,逃げ軸流し,A
2025-05-31,丸亀,5,2,浜田亜理,A1,46.53,2,○,13.1324,32.3,98,64.7,0.1829,3.3529,,,0,低,41,0,差0%,452 6,0,87.4,0.9297,0,0.125,0,0,0,0.2857,0,0.1429,,,A,△,,0.0784,0.6285,,0.6544,S,94,0,◎1着固定 2-3着流し（5〜8点）,0.5777,"{'is_target': True, 'verdict': '参加推奨', 'max_combo_prob': 0.0489, 'est_top_odds': 27.3, 'circle_concentration': 67.3, 'eligible_count': 6, 'bet_adj': 2, 'reason': 'rel_win1=46.5%（本命度） / 最有力組み合わせ確率: 0.049（推定実オッズ?27倍） / 2着集中度: 上位2艇 67.3%（補正+0.00） / 総合判定確率: 0.049 / → ヒモ分散。1号艇1着固定で広めのヒモ流し推奨（買い目+2点）', 'tenji_trigger': '展示確認: ヒモ分散レース。1号艇伸び確認後、広めのヒモ流しを採用。穴ヒモ（5・6号艇）を積極的に含める。\n展示で1号艇スタート超安定(0.132秒)→ヒモ固まり方向に注意'}",,,31.9,逃げ狙い,36.75,23.3,4,,,,,,,,,,,
2025-05-31,丸亀,5,3,丸野一樹,A1,30.43,3,,10.3156,35,85,93.8,0.1469,2.4062,,,0,低,31,0,差ま0%,6 2 46,0,68.2,1.5371,0,0,0,0.2857,0,0,0.1111,0,,,D,○,,0.2782,0.6595,,0.6544,S,94,0,◎1着固定 2-3着流し（5〜8点）,0.5777,"{'is_target': True, 'verdict': '参加推奨', 'max_combo_prob': 0.0489, 'est_top_odds': 27.3, 'circle_concentration': 67.3, 'eligible_count': 6, 'bet_adj': 2, 'reason': 'rel_win1=46.5%（本命度） / 最有力組み合わせ確率: 0.049（推定実オッズ?27倍） / 2着集中度: 上位2艇 67.3%（補正+0.00） / 総合判定確率: 0.049 / → ヒモ分散。1号艇1着固定で広めのヒモ流し推奨（買い目+2点）', 'tenji_trigger': '展示確認: ヒモ分散レース。1号艇伸び確認後、広めのヒモ流しを採用。穴ヒモ（5・6号艇）を積極的に含める。\n展示で1号艇スタート超安定(0.132秒)→ヒモ固まり方向に注意'}",,,31.9,逃げ狙い,36.75,23.3,4,,,,,,,,,,,
2025-05-31,丸亀,5,4,菅　章哉,A1,29.01,4,▲,22.9484,14.9,70,65.8,0.1458,3.1447,,,0,低,72,0,ま1%,161 55,0,94.6,1.7809,0,0,0.5455,0,0,0,0,0.0444,,,E,,◎,0.3855,0.5965,0.3426,0.6544,S,94,0,◎1着固定 2-3着流し（5〜8点）,0.5777,"{'is_target': True, 'verdict': '参加推奨', 'max_combo_prob': 0.0489, 'est_top_odds': 27.3, 'circle_concentration': 67.3, 'eligible_count': 6, 'bet_adj': 2, 'reason': 'rel_win1=46.5%（本命度） / 最有力組み合わせ確率: 0.049（推定実オッズ?27倍） / 2着集中度: 上位2艇 67.3%（補正+0.00） / 総合判定確率: 0.049 / → ヒモ分散。1号艇1着固定で広めのヒモ流し推奨（買い目+2点）', 'tenji_trigger': '展示確認: ヒモ分散レース。1号艇伸び確認後、広めのヒモ流しを採用。穴ヒモ（5・6号艇）を積極的に含める。\n展示で1号艇スタート超安定(0.132秒)→ヒモ固まり方向に注意'}",,,31.9,逃げ狙い,36.75,23.3,4,,,,,,,,,,,
2025-05-31,丸亀,5,5,西橋奈未,A1,36.36,5,△,4.914,10.9,100,63.2,0.1663,4.0789,,,0,低,34,0,-,134 6,0,32.2,1.6726,,,,,,0.0667,0.2167,0.2167,,,C,,,0.184,0.6055,,0.6544,S,94,0,◎1着固定 2-3着流し（5〜8点）,0.5777,"{'is_target': True, 'verdict': '参加推奨', 'max_combo_prob': 0.0489, 'est_top_odds': 27.3, 'circle_concentration': 67.3, 'eligible_count': 6, 'bet_adj': 2, 'reason': 'rel_win1=46.5%（本命度） / 最有力組み合わせ確率: 0.049（推定実オッズ?27倍） / 2着集中度: 上位2艇 67.3%（補正+0.00） / 総合判定確率: 0.049 / → ヒモ分散。1号艇1着固定で広めのヒモ流し推奨（買い目+2点）', 'tenji_trigger': '展示確認: ヒモ分散レース。1号艇伸び確認後、広めのヒモ流しを採用。穴ヒモ（5・6号艇）を積極的に含める。\n展示で1号艇スタート超安定(0.132秒)→ヒモ固まり方向に注意'}",,,31.9,逃げ狙い,36.75,23.3,4,,,,,,,,,,,
2025-05-31,丸亀,5,6,中村日向,A1,33.13,6,,2.1925,6.9,65,48.1,0.1619,3.6296,,,0,低,40,0,-,5 6 66,0,32.2,0.8908,,,,,,0.1538,0.0769,0,,,D,△,,0.2149,0.645,,0.6544,S,94,0,◎1着固定 2-3着流し（5〜8点）,0.5777,"{'is_target': True, 'verdict': '参加推奨', 'max_combo_prob': 0.0489, 'est_top_odds': 27.3, 'circle_concentration': 67.3, 'eligible_count': 6, 'bet_adj': 2, 'reason': 'rel_win1=46.5%（本命度） / 最有力組み合わせ確率: 0.049（推定実オッズ?27倍） / 2着集中度: 上位2艇 67.3%（補正+0.00） / 総合判定確率: 0.049 / → ヒモ分散。1号艇1着固定で広めのヒモ流し推奨（買い目+2点）', 'tenji_trigger': '展示確認: ヒモ分散レース。1号艇伸び確認後、広めのヒモ流しを採用。穴ヒモ（5・6号艇）を積極的に含める。\n展示で1号艇スタート超安定(0.132秒)→ヒモ固まり方向に注意'}",,,31.9,逃げ狙い,36.75,23.3,4,,,,,,,,,,,
2025-05-31,丸亀,6,1,原田幸哉,A1,34.34,1,◎,44.0312,,0,89.7,0.1276,2.6379,,,0,低,11,0,逃1%,6 5 36,0,69.7,1.096,0.75,,,,,0.0833,0.1667,0,◎,,C,△,,,0.6755,,0.5503,S,85,0,◎1着固定 2-3着流し（5〜8点）,0.5777,"{'is_target': False, 'verdict': '対象外', 'max_combo_prob': None, 'est_top_odds': None, 'circle_concentration': None, 'eligible_count': 0, 'bet_adj': 0, 'reason': '1号艇rel_win1 < 45%: 通常判定に委ねる', 'tenji_trigger': ''}",,,33,逃げ狙い,36.5,26.4,2,,,,,0,0,0.7559,0,,逃げ軸流し,A
2025-05-31,丸亀,6,2,山崎　郡,A1,38.55,2,○,19.1175,36.3,100,87.5,0.1475,2.7083,,,0,低,34,0,差0% ま0% 抜0%,4 4 55,0,66.4,1.4391,0,0.1429,0.1429,0,0.0714,0,0.0417,0.0417,,,B,◎,,0.136,0.6985,,0.5503,S,85,0,◎1着固定 2-3着流し（5〜8点）,0.5777,"{'is_target': False, 'verdict': '対象外', 'max_combo_prob': None, 'est_top_odds': None, 'circle_concentration': None, 'eligible_count': 0, 'bet_adj': 0, 'reason': '1号艇rel_win1 < 45%: 通常判定に委ねる', 'tenji_trigger': ''}",,,33,逃げ狙い,36.5,26.4,2,,,,,,,,,,,
2025-05-31,丸亀,6,3,重成一人,A1,31.10,3,,14.2952,24.7,93,71.9,0.1441,3.0156,,,0,低,51,0,-,3 146,0,100,1.2081,0,0,0,0.2778,0,0.0533,0.2533,0.0133,,,D,,,0.2668,0.6315,,0.5503,S,85,0,◎1着固定 2-3着流し（5〜8点）,0.5777,"{'is_target': False, 'verdict': '対象外', 'max_combo_prob': None, 'est_top_odds': None, 'circle_concentration': None, 'eligible_count': 0, 'bet_adj': 0, 'reason': '1号艇rel_win1 < 45%: 通常判定に委ねる', 'tenji_trigger': ''}",,,33,逃げ狙い,36.5,26.4,2,,,,,,,,,,,
2025-05-31,丸亀,6,4,清水愛海,A1,37.80,4,△,6.3669,19.3,63,48.1,0.1967,4.2963,,,0,低,73,0,-,645 2,0,28,0.9417,,,,,,0.0909,0.1818,0,,,B,△,,0.1299,0.634,,0.5503,S,85,0,◎1着固定 2-3着流し（5〜8点）,0.5777,"{'is_target': False, 'verdict': '対象外', 'max_combo_prob': None, 'est_top_odds': None, 'circle_concentration': None, 'eligible_count': 0, 'bet_adj': 0, 'reason': '1号艇rel_win1 < 45%: 通常判定に委ねる', 'tenji_trigger': ''}",,,33,逃げ狙い,36.5,26.4,2,,,,,,,,,,,
2025-05-31,丸亀,6,5,前田将太,A1,36.94,5,▲,14.5048,15.8,53,69,0.1228,2.6897,,,0,低,42,0,ま0% 差ま0%,6 5 15,0,44.8,2.17,0,0,0.0909,0.0909,0,0.0476,0.0952,0.0476,,,C,○,◎,0.3198,0.6935,0.4019,0.5503,S,85,0,◎1着固定 2-3着流し（5〜8点）,0.5777,"{'is_target': False, 'verdict': '対象外', 'max_combo_prob': None, 'est_top_odds': None, 'circle_concentration': None, 'eligible_count': 0, 'bet_adj': 0, 'reason': '1号艇rel_win1 < 45%: 通常判定に委ねる', 'tenji_trigger': ''}",,,33,逃げ狙い,36.5,26.4,2,,,,,,,,,,,
2025-05-31,丸亀,6,6,毒島　誠,A1,28.03,6,,1.6844,3.9,42,100,0.09,3,,,0,低,9,1,-,2 2F34,0,100,3.5483,,,,,,,,,,◎,E,,,0.4303,0.6275,,0.5503,S,85,0,◎1着固定 2-3着流し（5〜8点）,0.5777,"{'is_target': False, 'verdict': '対象外', 'max_combo_prob': None, 'est_top_odds': None, 'circle_concentration': None, 'eligible_count': 0, 'bet_adj': 0, 'reason': '1号艇rel_win1 < 45%: 通常判定に委ねる', 'tenji_trigger': ''}",,,33,逃げ狙い,36.5,26.4,2,,,,,,,,,,,
2025-05-31,丸亀,7,1,白井英治,A1,34.10,1,◎,44.0519,,0,94.9,0.1546,3.7308,,,0,低,29,0,逃1%,253 1,0,48.5,1.1497,0.5882,,,,,0.0588,0.1765,0.0588,○,,C,△,,,0.659,,0.3615,A,60,0,◎-○軸 3着3〜4艇流し（10〜15点）,0.5777,"{'is_target': False, 'verdict': '対象外', 'max_combo_prob': None, 'est_top_odds': None, 'circle_concentration': None, 'eligible_count': 0, 'bet_adj': 0, 'reason': '1号艇rel_win1 < 45%: 通常判定に委ねる', 'tenji_trigger': ''}",,,40.9,両建て推奨,43.77,28.5,3,,,,,0,0,0.6155,0,,逃げ軸流し,A
2025-05-31,丸亀,7,2,山田康二,A1,30.30,2,△,16.6563,41.5,69,100,0.1292,2.5,,,0,低,35,0,差0% ま0%,2 5 31,0,52.4,1.5845,0,0.25,0.5,0,0,0.0211,0.1211,0.1632,,◎,D,○,,0.6419,0.6765,,0.3615,A,60,0,◎-○軸 3着3〜4艇流し（10〜15点）,0.5777,"{'is_target': False, 'verdict': '対象外', 'max_combo_prob': None, 'est_top_odds': None, 'circle_concentration': None, 'eligible_count': 0, 'bet_adj': 0, 'reason': '1号艇rel_win1 < 45%: 通常判定に委ねる', 'tenji_trigger': ''}",,,40.9,両建て推奨,43.77,28.5,3,,,,,,,,,,,
2025-05-31,丸亀,7,3,上野真之,A1,35.98,3,○,18.1297,27.4,53,89.7,0.1228,2.7414,,,0,低,15,0,差ま0% 抜0%,3 461,0,48.4,1.7075,0,0,0,0.2,0.1,0,0,0.1333,,○,B,◎,,0.4763,0.812,,0.3615,A,60,0,◎-○軸 3着3〜4艇流し（10〜15点）,0.5777,"{'is_target': False, 'verdict': '対象外', 'max_combo_prob': None, 'est_top_odds': None, 'circle_concentration': None, 'eligible_count': 0, 'bet_adj': 0, 'reason': '1号艇rel_win1 < 45%: 通常判定に委ねる', 'tenji_trigger': ''}",,,40.9,両建て推奨,43.77,28.5,3,,,,,,,,,,,
2025-05-31,丸亀,7,4,吉田裕平,A1,34.50,4,▲,13.1275,14.3,100,92.6,0.1263,2.2593,,,0,低,29,0,ま0% 差ま0%,5 144,0,78.4,1.7998,0,0,0.25,0.25,0,0,0.1429,0,,△,B,△,◎,0.4728,0.6645,0.6102,0.3615,A,60,0,◎-○軸 3着3〜4艇流し（10〜15点）,0.5777,"{'is_target': False, 'verdict': '対象外', 'max_combo_prob': None, 'est_top_odds': None, 'circle_concentration': None, 'eligible_count': 0, 'bet_adj': 0, 'reason': '1号艇rel_win1 < 45%: 通常判定に委ねる', 'tenji_trigger': ''}",,,40.9,両建て推奨,43.77,28.5,3,,,,,,,,,,,
2025-05-31,丸亀,7,5,深谷知博,A1,27.54,5,,6.4954,14.7,42,64.3,0.1536,2.5357,,,0,低,10,1,差0%,1 633,0,65.8,1.6957,0,0.25,0,0,0,0,0,0.1111,,,E,,,0.3213,0.6545,,0.3615,A,60,0,◎-○軸 3着3〜4艇流し（10〜15点）,0.5777,"{'is_target': False, 'verdict': '対象外', 'max_combo_prob': None, 'est_top_odds': None, 'circle_concentration': None, 'eligible_count': 0, 'bet_adj': 0, 'reason': '1号艇rel_win1 < 45%: 通常判定に委ねる', 'tenji_trigger': ''}",,,40.9,両建て推奨,43.77,28.5,3,,,,,,,,,,,
2025-05-31,丸亀,7,6,馬場貴也,A1,31.48,6,,1.5391,2,45,71.4,0.2257,4,,,0,低,17,1,差ま0%,6 6 55,0,100,2.5481,0,0,0,0.0333,0,0.0833,0.1667,0,,,D,,,0.1018,0.606,,0.3615,A,60,0,◎-○軸 3着3〜4艇流し（10〜15点）,0.5777,"{'is_target': False, 'verdict': '対象外', 'max_combo_prob': None, 'est_top_odds': None, 'circle_concentration': None, 'eligible_count': 0, 'bet_adj': 0, 'reason': '1号艇rel_win1 < 45%: 通常判定に委ねる', 'tenji_trigger': ''}",,,40.9,両建て推奨,43.77,28.5,3,,,,,,,,,,,
2025-05-31,丸亀,8,1,池田浩二,A1,35.44,1,◎,63.3282,,0,100,0.1123,2.5227,,,0,低,6,0,逃1%,5 621,0,85,1.2769,1,,,,,,,,◎,,C,◎,,,0.818,,0.7359,S,100,0,◎1着固定 2-3着流し（5〜8点）,0.5777,"{'is_target': True, 'verdict': '参加推奨', 'max_combo_prob': 0.0516, 'est_top_odds': 25.8, 'circle_concentration': 52.4, 'eligible_count': 6, 'bet_adj': 2, 'reason': 'rel_win1=63.3%（本命度） / 最有力組み合わせ確率: 0.052（推定実オッズ?26倍） / 2着集中度: 上位2艇 52.4%（補正-0.04） / 総合判定確率: 0.012 / → ヒモ分散。1号艇1着固定で広めのヒモ流し推奨（買い目+2点）', 'tenji_trigger': '展示確認: ヒモ分散レース。1号艇伸び確認後、広めのヒモ流しを採用。穴ヒモ（5・6号艇）を積極的に含める。\n展示で1号艇スタート超安定(0.112秒)→ヒモ固まり方向に注意'}",,,30.1,逃げ狙い,34.98,19.5,5,,,,,0,0,0.7559,0,,逃げ軸流し,A
2025-05-31,丸亀,8,2,末永和也,A1,27.81,2,,11.9032,25.1,100,62.5,0.1338,2.9688,,,0,低,16,0,差0% ま0%,3 565,0,32.5,1.0076,0,0.1429,0.1429,0,0,0,0.1,0,,,E,○,,0.12,0.679,,0.7359,S,100,0,◎1着固定 2-3着流し（5〜8点）,0.5777,"{'is_target': True, 'verdict': '参加推奨', 'max_combo_prob': 0.0516, 'est_top_odds': 25.8, 'circle_concentration': 52.4, 'eligible_count': 6, 'bet_adj': 2, 'reason': 'rel_win1=63.3%（本命度） / 最有力組み合わせ確率: 0.052（推定実オッズ?26倍） / 2着集中度: 上位2艇 52.4%（補正-0.04） / 総合判定確率: 0.012 / → ヒモ分散。1号艇1着固定で広めのヒモ流し推奨（買い目+2点）', 'tenji_trigger': '展示確認: ヒモ分散レース。1号艇伸び確認後、広めのヒモ流しを採用。穴ヒモ（5・6号艇）を積極的に含める。\n展示で1号艇スタート超安定(0.112秒)→ヒモ固まり方向に注意'}",,,30.1,逃げ狙い,34.98,19.5,5,,,,,,,,,,,
2025-05-31,丸亀,8,3,定松勇樹,A1,35.37,3,△,7.1741,27.2,97,86.7,0.1307,2.7333,,,0,低,27,0,抜0%,441 4,0,91.5,1.3529,0,0,0,0,0.1429,0.0714,0.1429,0.1429,,,D,,,0.2167,0.6185,,0.7359,S,100,0,◎1着固定 2-3着流し（5〜8点）,0.5777,"{'is_target': True, 'verdict': '参加推奨', 'max_combo_prob': 0.0516, 'est_top_odds': 25.8, 'circle_concentration': 52.4, 'eligible_count': 6, 'bet_adj': 2, 'reason': 'rel_win1=63.3%（本命度） / 最有力組み合わせ確率: 0.052（推定実オッズ?26倍） / 2着集中度: 上位2艇 52.4%（補正-0.04） / 総合判定確率: 0.012 / → ヒモ分散。1号艇1着固定で広めのヒモ流し推奨（買い目+2点）', 'tenji_trigger': '展示確認: ヒモ分散レース。1号艇伸び確認後、広めのヒモ流しを採用。穴ヒモ（5・6号艇）を積極的に含める。\n展示で1号艇スタート超安定(0.112秒)→ヒモ固まり方向に注意'}",,,30.1,逃げ狙い,34.98,19.5,5,,,,,,,,,,,
2025-05-31,丸亀,8,4,井口佳典,A1,46.71,4,○,8.7878,20.4,98,92.3,0.1369,3.0385,,,0,低,31,1,ま0%,2 451,0,78.1,1.653,0,0,0.3333,0,0,0,0.1667,0.1667,,,A,,,0.281,0.6355,,0.7359,S,100,0,◎1着固定 2-3着流し（5〜8点）,0.5777,"{'is_target': True, 'verdict': '参加推奨', 'max_combo_prob': 0.0516, 'est_top_odds': 25.8, 'circle_concentration': 52.4, 'eligible_count': 6, 'bet_adj': 2, 'reason': 'rel_win1=63.3%（本命度） / 最有力組み合わせ確率: 0.052（推定実オッズ?26倍） / 2着集中度: 上位2艇 52.4%（補正-0.04） / 総合判定確率: 0.012 / → ヒモ分散。1号艇1着固定で広めのヒモ流し推奨（買い目+2点）', 'tenji_trigger': '展示確認: ヒモ分散レース。1号艇伸び確認後、広めのヒモ流しを採用。穴ヒモ（5・6号艇）を積極的に含める。\n展示で1号艇スタート超安定(0.112秒)→ヒモ固まり方向に注意'}",,,30.1,逃げ狙い,34.98,19.5,5,,,,,,,,,,,
2025-05-31,丸亀,8,5,関　浩哉,A1,40.13,5,▲,7.9083,20.4,74,83.3,0.1633,2.6111,,,0,低,34,0,差0% 差ま0%,214 53,0,100,2.2471,0,0.1667,0,0.3333,0,,,,,,C,△,◎,0.1749,0.6435,0.5243,0.7359,S,100,0,◎1着固定 2-3着流し（5〜8点）,0.5777,"{'is_target': True, 'verdict': '参加推奨', 'max_combo_prob': 0.0516, 'est_top_odds': 25.8, 'circle_concentration': 52.4, 'eligible_count': 6, 'bet_adj': 2, 'reason': 'rel_win1=63.3%（本命度） / 最有力組み合わせ確率: 0.052（推定実オッズ?26倍） / 2着集中度: 上位2艇 52.4%（補正-0.04） / 総合判定確率: 0.012 / → ヒモ分散。1号艇1着固定で広めのヒモ流し推奨（買い目+2点）', 'tenji_trigger': '展示確認: ヒモ分散レース。1号艇伸び確認後、広めのヒモ流しを採用。穴ヒモ（5・6号艇）を積極的に含める。\n展示で1号艇スタート超安定(0.112秒)→ヒモ固まり方向に注意'}",,,30.1,逃げ狙い,34.98,19.5,5,,,,,,,,,,,
2025-05-31,丸亀,8,6,椎名　豊,A1,41.61,6,,0.8983,6.8,62,52.2,0.1643,3.2391,,,0,低,42,0,-,5 5 34,0,49.1,2.0028,,,,,,0.1382,0,0.0364,,,B,△,,0.1401,0.664,,0.7359,S,100,0,◎1着固定 2-3着流し（5〜8点）,0.5777,"{'is_target': True, 'verdict': '参加推奨', 'max_combo_prob': 0.0516, 'est_top_odds': 25.8, 'circle_concentration': 52.4, 'eligible_count': 6, 'bet_adj': 2, 'reason': 'rel_win1=63.3%（本命度） / 最有力組み合わせ確率: 0.052（推定実オッズ?26倍） / 2着集中度: 上位2艇 52.4%（補正-0.04） / 総合判定確率: 0.012 / → ヒモ分散。1号艇1着固定で広めのヒモ流し推奨（買い目+2点）', 'tenji_trigger': '展示確認: ヒモ分散レース。1号艇伸び確認後、広めのヒモ流しを採用。穴ヒモ（5・6号艇）を積極的に含める。\n展示で1号艇スタート超安定(0.112秒)→ヒモ固まり方向に注意'}",,,30.1,逃げ狙い,34.98,19.5,5,,,,,,,,,,,
2025-05-31,丸亀,9,1,峰　竜太,A1,37.79,1,◎,47.6077,,0,100,0.12,3.2353,,,0,低,4,0,逃1%,1 4241,0,72.2,1.216,0.875,,,,,0,0,0,◎⚠️,,C,◎,,,0.8175,,0.5872,S,80,0,◎1着固定 2-3着流し（5〜8点）,0.5777,"{'is_target': True, 'verdict': '参加推奨', 'max_combo_prob': 0.0587, 'est_top_odds': 22.7, 'circle_concentration': 61.0, 'eligible_count': 6, 'bet_adj': 2, 'reason': 'rel_win1=47.6%（本命度） / 最有力組み合わせ確率: 0.059（推定実オッズ?23倍） / 2着集中度: 上位2艇 61.0%（補正+0.00） / 総合判定確率: 0.059 / → ヒモ分散。1号艇1着固定で広めのヒモ流し推奨（買い目+2点）', 'tenji_trigger': '展示確認: ヒモ分散レース。1号艇伸び確認後、広めのヒモ流しを採用。穴ヒモ（5・6号艇）を積極的に含める。\n展示で1号艇スタート超安定(0.120秒)→ヒモ固まり方向に注意'}",,,32.9,逃げ狙い,44.18,19.6,3,4-5-6|4-6-5|4-3-6|4-3-5|4-5-1|4-5-3|4-6-1|4-1-3|4-1-5|4-1-6|1-2-4|1-2-5,4-5-6|4-6-5|4-3-6|4-3-5|4-5-1|4-5-3|4-6-1|4-1-3|4-1-5|4-1-6|1-2-4|1-2-5,4-5-6:2.71%|4-6-5:1.27%|4-3-6:0.84%|4-3-5:0.82%|4-5-1:0.81%|4-5-3:0.61%|4-6-1:0.39%|4-1-3:14.59%|4-1-5:12.67%|4-1-6:10.29%|1-2-4:7.13%|1-2-5:6.97%,4-5-6:B_main|4-6-5:B_main|4-3-6:B_main|4-3-5:B_main|4-5-1:B_main|4-5-3:B_main|4-6-1:B_main|4-1-3:B_sc|4-1-5:B_sc|4-1-6:B_sc|1-2-4:A|1-2-5:A,12,12,0.4535,1,[!]見送り推奨（主役決まり手「まくり」― 逃げ劣勢レースで的中実績なし）,主役軸流し,B
2025-05-31,丸亀,9,2,守田俊介,A1,33.14,2,,14.6185,39.1,69,84,0.1316,3.02,,,0,低,21,0,差0% ま0%,3 132,0,42.1,1.3383,0,0.2857,0.1429,0,0,0.05,0,0,,,D,△,,0.2472,0.704,,0.5872,S,80,0,◎1着固定 2-3着流し（5〜8点）,0.5777,"{'is_target': True, 'verdict': '参加推奨', 'max_combo_prob': 0.0587, 'est_top_odds': 22.7, 'circle_concentration': 61.0, 'eligible_count': 6, 'bet_adj': 2, 'reason': 'rel_win1=47.6%（本命度） / 最有力組み合わせ確率: 0.059（推定実オッズ?23倍） / 2着集中度: 上位2艇 61.0%（補正+0.00） / 総合判定確率: 0.059 / → ヒモ分散。1号艇1着固定で広めのヒモ流し推奨（買い目+2点）', 'tenji_trigger': '展示確認: ヒモ分散レース。1号艇伸び確認後、広めのヒモ流しを採用。穴ヒモ（5・6号艇）を積極的に含める。\n展示で1号艇スタート超安定(0.120秒)→ヒモ固まり方向に注意'}",,,32.9,逃げ狙い,44.18,19.6,3,,,,,,,,,,,
2025-05-31,丸亀,9,3,篠崎元志,A1,38.61,3,△,18.1152,21.9,100,95,0.1555,2.75,,,0,低,22,0,ま0% 差ま0% 抜0%,4 312,0,69.3,1.7888,0,0,0.125,0.125,0.125,0,0.0667,0.1333,,,C,,,0.1341,0.662,,0.5872,S,80,0,◎1着固定 2-3着流し（5〜8点）,0.5777,"{'is_target': True, 'verdict': '参加推奨', 'max_combo_prob': 0.0587, 'est_top_odds': 22.7, 'circle_concentration': 61.0, 'eligible_count': 6, 'bet_adj': 2, 'reason': 'rel_win1=47.6%（本命度） / 最有力組み合わせ確率: 0.059（推定実オッズ?23倍） / 2着集中度: 上位2艇 61.0%（補正+0.00） / 総合判定確率: 0.059 / → ヒモ分散。1号艇1着固定で広めのヒモ流し推奨（買い目+2点）', 'tenji_trigger': '展示確認: ヒモ分散レース。1号艇伸び確認後、広めのヒモ流しを採用。穴ヒモ（5・6号艇）を積極的に含める。\n展示で1号艇スタート超安定(0.120秒)→ヒモ固まり方向に注意'}",,,32.9,逃げ狙い,44.18,19.6,3,,,,,,,,,,,
2025-05-31,丸亀,9,4,佐藤　翼,A1,45.91,4,○,9.6915,16.1,81,84.6,0.1415,3.3462,,,0,低,13,1,ま0%,1 334,0,100,1.5683,0,0,0.4,0,0,0,0.1429,0.1429,,,A,○,○,0.3138,0.711,0.3379,0.5872,S,80,0,◎1着固定 2-3着流し（5〜8点）,0.5777,"{'is_target': True, 'verdict': '参加推奨', 'max_combo_prob': 0.0587, 'est_top_odds': 22.7, 'circle_concentration': 61.0, 'eligible_count': 6, 'bet_adj': 2, 'reason': 'rel_win1=47.6%（本命度） / 最有力組み合わせ確率: 0.059（推定実オッズ?23倍） / 2着集中度: 上位2艇 61.0%（補正+0.00） / 総合判定確率: 0.059 / → ヒモ分散。1号艇1着固定で広めのヒモ流し推奨（買い目+2点）', 'tenji_trigger': '展示確認: ヒモ分散レース。1号艇伸び確認後、広めのヒモ流しを採用。穴ヒモ（5・6号艇）を積極的に含める。\n展示で1号艇スタート超安定(0.120秒)→ヒモ固まり方向に注意'}",,,32.9,逃げ狙い,44.18,19.6,3,,,,,,,,,,,
2025-05-31,丸亀,9,5,河合佑樹,A1,39.88,5,▲,8.259,20.5,79,81.5,0.1267,2.9074,,,0,低,30,0,差ま0%,1 254,0,63.6,2.1836,0,0,0,0.25,0,0.08,0,0,,,B,△,◎,0.3002,0.6775,0.5306,0.5872,S,80,0,◎1着固定 2-3着流し（5〜8点）,0.5777,"{'is_target': True, 'verdict': '参加推奨', 'max_combo_prob': 0.0587, 'est_top_odds': 22.7, 'circle_concentration': 61.0, 'eligible_count': 6, 'bet_adj': 2, 'reason': 'rel_win1=47.6%（本命度） / 最有力組み合わせ確率: 0.059（推定実オッズ?23倍） / 2着集中度: 上位2艇 61.0%（補正+0.00） / 総合判定確率: 0.059 / → ヒモ分散。1号艇1着固定で広めのヒモ流し推奨（買い目+2点）', 'tenji_trigger': '展示確認: ヒモ分散レース。1号艇伸び確認後、広めのヒモ流しを採用。穴ヒモ（5・6号艇）を積極的に含める。\n展示で1号艇スタート超安定(0.120秒)→ヒモ固まり方向に注意'}",,,32.9,逃げ狙い,44.18,19.6,3,,,,,,,,,,,
2025-05-31,丸亀,9,6,瓜生正義,A1,27.84,6,,1.7081,2.4,57,75,0.1675,3.125,,,0,低,21,1,-,5 322,0,100,2.7117,,,,,,0.0833,0.0833,0.1667,,,E,,,0.156,0.653,,0.5872,S,80,0,◎1着固定 2-3着流し（5〜8点）,0.5777,"{'is_target': True, 'verdict': '参加推奨', 'max_combo_prob': 0.0587, 'est_top_odds': 22.7, 'circle_concentration': 61.0, 'eligible_count': 6, 'bet_adj': 2, 'reason': 'rel_win1=47.6%（本命度） / 最有力組み合わせ確率: 0.059（推定実オッズ?23倍） / 2着集中度: 上位2艇 61.0%（補正+0.00） / 総合判定確率: 0.059 / → ヒモ分散。1号艇1着固定で広めのヒモ流し推奨（買い目+2点）', 'tenji_trigger': '展示確認: ヒモ分散レース。1号艇伸び確認後、広めのヒモ流しを採用。穴ヒモ（5・6号艇）を積極的に含める。\n展示で1号艇スタート超安定(0.120秒)→ヒモ固まり方向に注意'}",,,32.9,逃げ狙い,44.18,19.6,3,,,,,,,,,,,
2025-05-31,丸亀,10,1,茅原悠紀,A1,30.99,1,◎,54.5507,,0,96.4,0.1232,2.5893,,,0,低,13,0,逃1%,3 2 13,0,78.4,1.2059,0.8571,,,,,0,0,0.0714,◎,,D,△,,,0.6725,,0.629,A,67,0,◎-○軸 3着3〜4艇流し（10〜15点）,0.5777,"{'is_target': True, 'verdict': '参加推奨', 'max_combo_prob': 0.057, 'est_top_odds': 23.4, 'circle_concentration': 67.7, 'eligible_count': 8, 'bet_adj': 2, 'reason': 'rel_win1=54.6%（本命度） / 最有力組み合わせ確率: 0.057（推定実オッズ?23倍） / 2着集中度: 上位2艇 67.7%（補正+0.00） / 総合判定確率: 0.057 / → ヒモ分散。1号艇1着固定で広めのヒモ流し推奨（買い目+2点）', 'tenji_trigger': '展示確認: ヒモ分散レース。1号艇伸び確認後、広めのヒモ流しを採用。穴ヒモ（5・6号艇）を積極的に含める。\n展示で1号艇スタート超安定(0.123秒)→ヒモ固まり方向に注意'}",,,32.6,逃げ狙い,41.5,21,3,,,,,0,0,0.7559,0,,逃げ軸流し,A
2025-05-31,丸亀,10,2,吉田拡郎,A1,28.86,2,,8.9626,36.6,84,69.2,0.1362,3.5385,,,0,低,10,1,差0% 抜0%,1 143,0,94.1,1.0972,0,0.2,0,0,0.2,0.0909,0,0,,,E,○,,0.217,0.81,,0.629,A,67,0,◎-○軸 3着3〜4艇流し（10〜15点）,0.5777,"{'is_target': True, 'verdict': '参加推奨', 'max_combo_prob': 0.057, 'est_top_odds': 23.4, 'circle_concentration': 67.7, 'eligible_count': 8, 'bet_adj': 2, 'reason': 'rel_win1=54.6%（本命度） / 最有力組み合わせ確率: 0.057（推定実オッズ?23倍） / 2着集中度: 上位2艇 67.7%（補正+0.00） / 総合判定確率: 0.057 / → ヒモ分散。1号艇1着固定で広めのヒモ流し推奨（買い目+2点）', 'tenji_trigger': '展示確認: ヒモ分散レース。1号艇伸び確認後、広めのヒモ流しを採用。穴ヒモ（5・6号艇）を積極的に含める。\n展示で1号艇スタート超安定(0.123秒)→ヒモ固まり方向に注意'}",,,32.6,逃げ狙い,41.5,21,3,,,,,,,,,,,
2025-05-31,丸亀,10,3,桐生順平,A1,44.44,3,○,16.3478,17.7,82,84.6,0.1346,2.8846,,,0,低,20,1,ま0%,321 24,0,65.1,1.5925,0,0,0.3333,0,0,0.125,0.25,0.125,,,B,△,,0.2997,0.7,,0.629,A,67,0,◎-○軸 3着3〜4艇流し（10〜15点）,0.5777,"{'is_target': True, 'verdict': '参加推奨', 'max_combo_prob': 0.057, 'est_top_odds': 23.4, 'circle_concentration': 67.7, 'eligible_count': 8, 'bet_adj': 2, 'reason': 'rel_win1=54.6%（本命度） / 最有力組み合わせ確率: 0.057（推定実オッズ?23倍） / 2着集中度: 上位2艇 67.7%（補正+0.00） / 総合判定確率: 0.057 / → ヒモ分散。1号艇1着固定で広めのヒモ流し推奨（買い目+2点）', 'tenji_trigger': '展示確認: ヒモ分散レース。1号艇伸び確認後、広めのヒモ流しを採用。穴ヒモ（5・6号艇）を積極的に含める。\n展示で1号艇スタート超安定(0.123秒)→ヒモ固まり方向に注意'}",,,32.6,逃げ狙い,41.5,21,3,,,,,,,,,,,
2025-05-31,丸亀,10,4,片岡雅裕,A1,29.19,4,△,10.7923,31.1,78,94.7,0.1032,1.8684,,,0,低,5,0,差0% 差ま0%,611 2,0,31.4,0.94,0,0.1,0,0.2,0,0.0286,0,0.3571,,,D,◎,◎,0.3889,0.8292,0.609,0.629,A,67,0,◎-○軸 3着3〜4艇流し（10〜15点）,0.5777,"{'is_target': True, 'verdict': '参加推奨', 'max_combo_prob': 0.057, 'est_top_odds': 23.4, 'circle_concentration': 67.7, 'eligible_count': 8, 'bet_adj': 2, 'reason': 'rel_win1=54.6%（本命度） / 最有力組み合わせ確率: 0.057（推定実オッズ?23倍） / 2着集中度: 上位2艇 67.7%（補正+0.00） / 総合判定確率: 0.057 / → ヒモ分散。1号艇1着固定で広めのヒモ流し推奨（買い目+2点）', 'tenji_trigger': '展示確認: ヒモ分散レース。1号艇伸び確認後、広めのヒモ流しを採用。穴ヒモ（5・6号艇）を積極的に含める。\n展示で1号艇スタート超安定(0.123秒)→ヒモ固まり方向に注意'}",,,32.6,逃げ狙い,41.5,21,3,,,,,,,,,,,
2025-05-31,丸亀,10,5,遠藤エミ,A1,45.03,5,▲,6.3868,9.3,100,72.7,0.1445,2.7727,,,0,低,24,1,差ま0%,341 5,0,40.2,1.8895,0,0,0,0.25,0,0.1429,0.1429,0.1429,,,A,,,0.2638,0.649,,0.629,A,67,0,◎-○軸 3着3〜4艇流し（10〜15点）,0.5777,"{'is_target': True, 'verdict': '参加推奨', 'max_combo_prob': 0.057, 'est_top_odds': 23.4, 'circle_concentration': 67.7, 'eligible_count': 8, 'bet_adj': 2, 'reason': 'rel_win1=54.6%（本命度） / 最有力組み合わせ確率: 0.057（推定実オッズ?23倍） / 2着集中度: 上位2艇 67.7%（補正+0.00） / 総合判定確率: 0.057 / → ヒモ分散。1号艇1着固定で広めのヒモ流し推奨（買い目+2点）', 'tenji_trigger': '展示確認: ヒモ分散レース。1号艇伸び確認後、広めのヒモ流しを採用。穴ヒモ（5・6号艇）を積極的に含める。\n展示で1号艇スタート超安定(0.123秒)→ヒモ固まり方向に注意'}",,,32.6,逃げ狙い,41.5,21,3,,,,,,,,,,,
2025-05-31,丸亀,10,6,島村隆幸,A1,31.41,6,,2.9597,5.3,90,59.1,0.1336,3.4545,,,0,低,37,0,差ま0%,1 536,0,100,2.1689,0,0,0,0.0769,0,0.05,0.05,0.1,,,C,,,0.2541,0.6615,,0.629,A,67,0,◎-○軸 3着3〜4艇流し（10〜15点）,0.5777,"{'is_target': True, 'verdict': '参加推奨', 'max_combo_prob': 0.057, 'est_top_odds': 23.4, 'circle_concentration': 67.7, 'eligible_count': 8, 'bet_adj': 2, 'reason': 'rel_win1=54.6%（本命度） / 最有力組み合わせ確率: 0.057（推定実オッズ?23倍） / 2着集中度: 上位2艇 67.7%（補正+0.00） / 総合判定確率: 0.057 / → ヒモ分散。1号艇1着固定で広めのヒモ流し推奨（買い目+2点）', 'tenji_trigger': '展示確認: ヒモ分散レース。1号艇伸び確認後、広めのヒモ流しを採用。穴ヒモ（5・6号艇）を積極的に含める。\n展示で1号艇スタート超安定(0.123秒)→ヒモ固まり方向に注意'}",,,32.6,逃げ狙い,41.5,21,3,,,,,,,,,,,
2025-05-31,丸亀,11,1,佐藤隆太,A1,50.00,1,◎,59.3525,,0,95,0.1477,2.7375,,,0,低,32,0,逃1%,1 2 12,0,78.3,1.21,0.75,,,,,0.0833,0.0833,0,◎,,A,,,,0.6665,,0.5863,S,81,0,◎1着固定 2-3着流し（5〜8点）,0.5777,"{'is_target': True, 'verdict': '参加推奨', 'max_combo_prob': 0.0677, 'est_top_odds': 19.7, 'circle_concentration': 61.8, 'eligible_count': 6, 'bet_adj': 2, 'reason': 'rel_win1=59.4%（本命度） / 最有力組み合わせ確率: 0.068（推定実オッズ?20倍） / 2着集中度: 上位2艇 61.8%（補正+0.00） / 総合判定確率: 0.068 / → ヒモ分散。1号艇1着固定で広めのヒモ流し推奨（買い目+2点）', 'tenji_trigger': '展示確認: ヒモ分散レース。1号艇伸び確認後、広めのヒモ流しを採用。穴ヒモ（5・6号艇）を積極的に含める。'}",,,33.6,逃げ狙い,39.99,25.2,2,,,,,0,0,0.7559,0,,逃げ軸流し,A
2025-05-31,丸亀,11,2,磯部　誠,A1,37.91,2,○,16.7483,38.8,79,77.8,0.1433,2.5556,,,0,低,9,1,差0%,4 321,0,51.6,1.2767,0,0.2,0,0,0,,,,,◎,C,◎,,0.391,0.715,,0.5863,S,81,0,◎1着固定 2-3着流し（5〜8点）,0.5777,"{'is_target': True, 'verdict': '参加推奨', 'max_combo_prob': 0.0677, 'est_top_odds': 19.7, 'circle_concentration': 61.8, 'eligible_count': 6, 'bet_adj': 2, 'reason': 'rel_win1=59.4%（本命度） / 最有力組み合わせ確率: 0.068（推定実オッズ?20倍） / 2着集中度: 上位2艇 61.8%（補正+0.00） / 総合判定確率: 0.068 / → ヒモ分散。1号艇1着固定で広めのヒモ流し推奨（買い目+2点）', 'tenji_trigger': '展示確認: ヒモ分散レース。1号艇伸び確認後、広めのヒモ流しを採用。穴ヒモ（5・6号艇）を積極的に含める。'}",,,33.6,逃げ狙い,39.99,25.2,2,,,,,,,,,,,
2025-05-31,丸亀,11,3,土屋智則,A1,42.11,3,△,7.1332,23,90,70.6,0.1735,3.6176,,,0,低,34,0,-,2 3 33,0,32.6,1.1352,,,,,,0.1235,0.1235,0.1471,,,B,,,0.1777,0.627,,0.5863,S,81,0,◎1着固定 2-3着流し（5〜8点）,0.5777,"{'is_target': True, 'verdict': '参加推奨', 'max_combo_prob': 0.0677, 'est_top_odds': 19.7, 'circle_concentration': 61.8, 'eligible_count': 6, 'bet_adj': 2, 'reason': 'rel_win1=59.4%（本命度） / 最有力組み合わせ確率: 0.068（推定実オッズ?20倍） / 2着集中度: 上位2艇 61.8%（補正+0.00） / 総合判定確率: 0.068 / → ヒモ分散。1号艇1着固定で広めのヒモ流し推奨（買い目+2点）', 'tenji_trigger': '展示確認: ヒモ分散レース。1号艇伸び確認後、広めのヒモ流しを採用。穴ヒモ（5・6号艇）を積極的に含める。'}",,,33.6,逃げ狙い,39.99,25.2,2,,,,,,,,,,,
2025-05-31,丸亀,11,4,宮地元輝,A1,35.50,4,▲,9.0059,15.7,71,60,0.1287,3.0333,,,0,低,13,0,ま0%,421 23,0,97.4,1.2072,0,0,0.0833,0,0,0,0,0.1667,,,D,△,,0.3705,0.6895,,0.5863,S,81,0,◎1着固定 2-3着流し（5〜8点）,0.5777,"{'is_target': True, 'verdict': '参加推奨', 'max_combo_prob': 0.0677, 'est_top_odds': 19.7, 'circle_concentration': 61.8, 'eligible_count': 6, 'bet_adj': 2, 'reason': 'rel_win1=59.4%（本命度） / 最有力組み合わせ確率: 0.068（推定実オッズ?20倍） / 2着集中度: 上位2艇 61.8%（補正+0.00） / 総合判定確率: 0.068 / → ヒモ分散。1号艇1着固定で広めのヒモ流し推奨（買い目+2点）', 'tenji_trigger': '展示確認: ヒモ分散レース。1号艇伸び確認後、広めのヒモ流しを採用。穴ヒモ（5・6号艇）を積極的に含める。'}",,,33.6,逃げ狙い,39.99,25.2,2,,,,,,,,,,,
2025-05-31,丸亀,11,5,羽野直也,A1,30.54,5,,5.7407,16.1,79,75,0.1467,3.2917,,,0,低,17,1,ま0% 差ま0%,5 216,0,47.8,1.9407,0,0,0.1111,0.1111,0,0.0769,0.1538,0.0769,,,E,△,,0.3171,0.681,,0.5863,S,81,0,◎1着固定 2-3着流し（5〜8点）,0.5777,"{'is_target': True, 'verdict': '参加推奨', 'max_combo_prob': 0.0677, 'est_top_odds': 19.7, 'circle_concentration': 61.8, 'eligible_count': 6, 'bet_adj': 2, 'reason': 'rel_win1=59.4%（本命度） / 最有力組み合わせ確率: 0.068（推定実オッズ?20倍） / 2着集中度: 上位2艇 61.8%（補正+0.00） / 総合判定確率: 0.068 / → ヒモ分散。1号艇1着固定で広めのヒモ流し推奨（買い目+2点）', 'tenji_trigger': '展示確認: ヒモ分散レース。1号艇伸び確認後、広めのヒモ流しを採用。穴ヒモ（5・6号艇）を積極的に含める。'}",,,33.6,逃げ狙い,39.99,25.2,2,,,,,,,,,,,
2025-05-31,丸亀,11,6,篠崎仁志,A1,39.18,6,,2.0193,6.4,100,76,0.148,3.28,,,0,低,29,0,-,5 6 12,0,100,2.7467,,,,,,0.0952,0,0,,,C,○,,0.3088,0.7005,,0.5863,S,81,0,◎1着固定 2-3着流し（5〜8点）,0.5777,"{'is_target': True, 'verdict': '参加推奨', 'max_combo_prob': 0.0677, 'est_top_odds': 19.7, 'circle_concentration': 61.8, 'eligible_count': 6, 'bet_adj': 2, 'reason': 'rel_win1=59.4%（本命度） / 最有力組み合わせ確率: 0.068（推定実オッズ?20倍） / 2着集中度: 上位2艇 61.8%（補正+0.00） / 総合判定確率: 0.068 / → ヒモ分散。1号艇1着固定で広めのヒモ流し推奨（買い目+2点）', 'tenji_trigger': '展示確認: ヒモ分散レース。1号艇伸び確認後、広めのヒモ流しを採用。穴ヒモ（5・6号艇）を積極的に含める。'}",,,33.6,逃げ狙い,39.99,25.2,2,,,,,,,,,,,
2025-05-31,丸亀,12,1,川井　萌,A1,39.77,1,◎,53.2685,,0,78.6,0.155,3.2857,,,0,低,50,0,逃0%,525 2,0,77.7,1.0172,0.5,,,,,0,0.5,0,◎,,C,,,,0.6045,,0.4966,B,57,0,◎○△フォーメーション（15〜20点）,0.5777,"{'is_target': True, 'verdict': '参加推奨', 'max_combo_prob': 0.0498, 'est_top_odds': 26.8, 'circle_concentration': 59.9, 'eligible_count': 9, 'bet_adj': 2, 'reason': 'rel_win1=53.3%（本命度） / 最有力組み合わせ確率: 0.050（推定実オッズ?27倍） / 2着集中度: 上位2艇 59.9%（補正+0.00） / 総合判定確率: 0.050 / → ヒモ分散。1号艇1着固定で広めのヒモ流し推奨（買い目+2点）', 'tenji_trigger': '展示確認: ヒモ分散レース。1号艇伸び確認後、広めのヒモ流しを採用。穴ヒモ（5・6号艇）を積極的に含める。'}",,,34.9,両建て推奨,34.18,33.8,2,,,,,0,0,0.7559,0,,逃げ軸流し,A
2025-05-31,丸亀,12,2,関　浩哉,A1,40.13,2,○,18.3148,32.7,90,87.5,0.1694,3.875,,,0,低,34,0,差0% ま0%,214 53,0,79.2,1.4298,0,0.3333,0.1667,0,0,,,,,,B,△,,0.2302,0.6435,,0.4966,B,57,0,◎○△フォーメーション（15〜20点）,0.5777,"{'is_target': True, 'verdict': '参加推奨', 'max_combo_prob': 0.0498, 'est_top_odds': 26.8, 'circle_concentration': 59.9, 'eligible_count': 9, 'bet_adj': 2, 'reason': 'rel_win1=53.3%（本命度） / 最有力組み合わせ確率: 0.050（推定実オッズ?27倍） / 2着集中度: 上位2艇 59.9%（補正+0.00） / 総合判定確率: 0.050 / → ヒモ分散。1号艇1着固定で広めのヒモ流し推奨（買い目+2点）', 'tenji_trigger': '展示確認: ヒモ分散レース。1号艇伸び確認後、広めのヒモ流しを採用。穴ヒモ（5・6号艇）を積極的に含める。'}",,,34.9,両建て推奨,34.18,33.8,2,,,,,,,,,,,
2025-05-31,丸亀,12,3,白井英治,A1,34.10,3,△,12.0157,27.2,98,88.9,0.1567,3.5278,,,0,低,29,0,ま0%,253 1,0,77.8,1.5012,0,0,0.1429,0,0,0.0588,0.1765,0.0588,,,D,○,,0.2923,0.659,,0.4966,B,57,0,◎○△フォーメーション（15〜20点）,0.5777,"{'is_target': True, 'verdict': '参加推奨', 'max_combo_prob': 0.0498, 'est_top_odds': 26.8, 'circle_concentration': 59.9, 'eligible_count': 9, 'bet_adj': 2, 'reason': 'rel_win1=53.3%（本命度） / 最有力組み合わせ確率: 0.050（推定実オッズ?27倍） / 2着集中度: 上位2艇 59.9%（補正+0.00） / 総合判定確率: 0.050 / → ヒモ分散。1号艇1着固定で広めのヒモ流し推奨（買い目+2点）', 'tenji_trigger': '展示確認: ヒモ分散レース。1号艇伸び確認後、広めのヒモ流しを採用。穴ヒモ（5・6号艇）を積極的に含める。'}",,,34.9,両建て推奨,34.18,33.8,2,,,,,,,,,,,
2025-05-31,丸亀,12,4,西橋奈未,A1,36.36,4,,7.8461,23.1,100,65.4,0.1635,3.6346,,,0,低,34,0,差0%,134 6,0,68.1,1.213,0,0.125,0,0,0,0.0667,0.2167,0.2167,,,D,,,0.2646,0.6055,,0.4966,B,57,0,◎○△フォーメーション（15〜20点）,0.5777,"{'is_target': True, 'verdict': '参加推奨', 'max_combo_prob': 0.0498, 'est_top_odds': 26.8, 'circle_concentration': 59.9, 'eligible_count': 9, 'bet_adj': 2, 'reason': 'rel_win1=53.3%（本命度） / 最有力組み合わせ確率: 0.050（推定実オッズ?27倍） / 2着集中度: 上位2艇 59.9%（補正+0.00） / 総合判定確率: 0.050 / → ヒモ分散。1号艇1着固定で広めのヒモ流し推奨（買い目+2点）', 'tenji_trigger': '展示確認: ヒモ分散レース。1号艇伸び確認後、広めのヒモ流しを採用。穴ヒモ（5・6号艇）を積極的に含める。'}",,,34.9,両建て推奨,34.18,33.8,2,,,,,,,,,,,
2025-05-31,丸亀,12,5,清水愛海,A1,37.80,5,,6.4951,14.3,89,55.6,0.1696,3.6852,,,0,低,73,0,差ま0%,645 2,0,87,1.4986,0,0,0,0.25,0,0.0909,0.1818,0,,,C,△,,0.2876,0.634,,0.4966,B,57,0,◎○△フォーメーション（15〜20点）,0.5777,"{'is_target': True, 'verdict': '参加推奨', 'max_combo_prob': 0.0498, 'est_top_odds': 26.8, 'circle_concentration': 59.9, 'eligible_count': 9, 'bet_adj': 2, 'reason': 'rel_win1=53.3%（本命度） / 最有力組み合わせ確率: 0.050（推定実オッズ?27倍） / 2着集中度: 上位2艇 59.9%（補正+0.00） / 総合判定確率: 0.050 / → ヒモ分散。1号艇1着固定で広めのヒモ流し推奨（買い目+2点）', 'tenji_trigger': '展示確認: ヒモ分散レース。1号艇伸び確認後、広めのヒモ流しを採用。穴ヒモ（5・6号艇）を積極的に含める。'}",,,34.9,両建て推奨,34.18,33.8,2,,,,,,,,,,,
2025-05-31,丸亀,12,6,西山貴浩,A1,41.29,6,▲,2.0599,2.7,63,0,0.24,4,,,0,低,17,1,-,4 422S,0,33.9,0.7778,,,,,,0,0.1429,0,,,B,◎,,0.1322,0.7,,0.4966,B,57,0,◎○△フォーメーション（15〜20点）,0.5777,"{'is_target': True, 'verdict': '参加推奨', 'max_combo_prob': 0.0498, 'est_top_odds': 26.8, 'circle_concentration': 59.9, 'eligible_count': 9, 'bet_adj': 2, 'reason': 'rel_win1=53.3%（本命度） / 最有力組み合わせ確率: 0.050（推定実オッズ?27倍） / 2着集中度: 上位2艇 59.9%（補正+0.00） / 総合判定確率: 0.050 / → ヒモ分散。1号艇1着固定で広めのヒモ流し推奨（買い目+2点）', 'tenji_trigger': '展示確認: ヒモ分散レース。1号艇伸び確認後、広めのヒモ流しを採用。穴ヒモ（5・6号艇）を積極的に含める。'}",,,34.9,両建て推奨,34.18,33.8,2,,,,,,,,,,,
2025-06-01,丸亀,1,1,羽野直也,A1,30.54,1,◎,49.3129,,0,95.5,0.1409,3.2045,,,0,低,17,0,逃1%,5 216,0,78.2,1.1763,0.6923,,,,,0.0769,0.1538,0.0769,◎,,C,○,,,0.681,,0.5431,A,71,0,◎-○軸 3着3〜4艇流し（10〜15点）,0.5777,"{'is_target': True, 'verdict': '参加推奨', 'max_combo_prob': 0.071, 'est_top_odds': 18.8, 'circle_concentration': 73.4, 'eligible_count': 8, 'bet_adj': 2, 'reason': 'rel_win1=49.3%（本命度） / 最有力組み合わせ確率: 0.071（推定実オッズ?19倍） / 2着集中度: 上位2艇 73.4%（補正+0.04） / 総合判定確率: 0.111 / → ヒモ分散。1号艇1着固定で広めのヒモ流し推奨（買い目+2点）', 'tenji_trigger': '展示確認: ヒモ分散レース。1号艇伸び確認後、広めのヒモ流しを採用。穴ヒモ（5・6号艇）を積極的に含める。'}",,,34.1,逃げ狙い,39.64,26.9,5,,,,,0,0,0.7559,0,,逃げ軸流し,A
2025-06-01,丸亀,1,2,馬場貴也,A1,31.48,2,△,10.3937,46.8,72,90,0.156,3.15,,,0,低,17,1,抜0%,6 6 55,0,85.3,1.3867,0,0,0,0,0.2,0.0833,0.1667,0,,,C,,,0.1765,0.606,,0.5431,A,71,0,◎-○軸 3着3〜4艇流し（10〜15点）,0.5777,"{'is_target': True, 'verdict': '参加推奨', 'max_combo_prob': 0.071, 'est_top_odds': 18.8, 'circle_concentration': 73.4, 'eligible_count': 8, 'bet_adj': 2, 'reason': 'rel_win1=49.3%（本命度） / 最有力組み合わせ確率: 0.071（推定実オッズ?19倍） / 2着集中度: 上位2艇 73.4%（補正+0.04） / 総合判定確率: 0.111 / → ヒモ分散。1号艇1着固定で広めのヒモ流し推奨（買い目+2点）', 'tenji_trigger': '展示確認: ヒモ分散レース。1号艇伸び確認後、広めのヒモ流しを採用。穴ヒモ（5・6号艇）を積極的に含める。'}",,,34.1,逃げ狙い,39.64,26.9,5,,,,,,,,,,,
2025-06-01,丸亀,1,3,椎名　豊,A1,41.61,3,○,19.5236,26.6,78,81.5,0.1385,2.7963,,,0,低,42,0,ま0% 差ま0%,5 5 34,0,72.5,1.6575,0,0,0.2857,0.0714,0,0.1382,0,0.0364,,○,A,△,,0.357,0.664,,0.5431,A,71,0,◎-○軸 3着3〜4艇流し（10〜15点）,0.5777,"{'is_target': True, 'verdict': '参加推奨', 'max_combo_prob': 0.071, 'est_top_odds': 18.8, 'circle_concentration': 73.4, 'eligible_count': 8, 'bet_adj': 2, 'reason': 'rel_win1=49.3%（本命度） / 最有力組み合わせ確率: 0.071（推定実オッズ?19倍） / 2着集中度: 上位2艇 73.4%（補正+0.04） / 総合判定確率: 0.111 / → ヒモ分散。1号艇1着固定で広めのヒモ流し推奨（買い目+2点）', 'tenji_trigger': '展示確認: ヒモ分散レース。1号艇伸び確認後、広めのヒモ流しを採用。穴ヒモ（5・6号艇）を積極的に含める。'}",,,34.1,逃げ狙い,39.64,26.9,5,,,,,,,,,,,
2025-06-01,丸亀,1,4,平高奈菜,A1,34.39,4,▲,7.2811,18.8,100,64.3,0.1775,3.9286,,,0,低,46,0,-,653 2,0,24.9,0.7236,0,0.0909,0,0,0,0.2,0,0.1333,,,B,,,0.1433,0.6215,,0.5431,A,71,0,◎-○軸 3着3〜4艇流し（10〜15点）,0.5777,"{'is_target': True, 'verdict': '参加推奨', 'max_combo_prob': 0.071, 'est_top_odds': 18.8, 'circle_concentration': 73.4, 'eligible_count': 8, 'bet_adj': 2, 'reason': 'rel_win1=49.3%（本命度） / 最有力組み合わせ確率: 0.071（推定実オッズ?19倍） / 2着集中度: 上位2艇 73.4%（補正+0.04） / 総合判定確率: 0.111 / → ヒモ分散。1号艇1着固定で広めのヒモ流し推奨（買い目+2点）', 'tenji_trigger': '展示確認: ヒモ分散レース。1号艇伸び確認後、広めのヒモ流しを採用。穴ヒモ（5・6号艇）を積極的に含める。'}",,,34.1,逃げ狙い,39.64,26.9,5,,,,,,,,,,,
2025-06-01,丸亀,1,5,山田康二,A1,30.30,5,,12.0975,4.5,99,76.9,0.1458,2.9615,,,0,低,35,0,ま0% 差ま0%,2 5 31,0,100,2.22,0,0,0.1,0.2,0,0.0211,0.1211,0.1632,,,D,△,◎,0.3132,0.6765,0.4115,0.5431,A,71,0,◎-○軸 3着3〜4艇流し（10〜15点）,0.5777,"{'is_target': True, 'verdict': '参加推奨', 'max_combo_prob': 0.071, 'est_top_odds': 18.8, 'circle_concentration': 73.4, 'eligible_count': 8, 'bet_adj': 2, 'reason': 'rel_win1=49.3%（本命度） / 最有力組み合わせ確率: 0.071（推定実オッズ?19倍） / 2着集中度: 上位2艇 73.4%（補正+0.04） / 総合判定確率: 0.111 / → ヒモ分散。1号艇1着固定で広めのヒモ流し推奨（買い目+2点）', 'tenji_trigger': '展示確認: ヒモ分散レース。1号艇伸び確認後、広めのヒモ流しを採用。穴ヒモ（5・6号艇）を積極的に含める。'}",,,34.1,逃げ狙い,39.64,26.9,5,,,,,,,,,,,
2025-06-01,丸亀,1,6,上條暢嵩,A1,30.54,6,,1.3912,3.3,48,50,0.1187,2.375,,,0,低,12,1,-,265 5,0,64.8,1.8658,,,,,,,,,,,D,◎,,0.3786,0.7115,,0.5431,A,71,0,◎-○軸 3着3〜4艇流し（10〜15点）,0.5777,"{'is_target': True, 'verdict': '参加推奨', 'max_combo_prob': 0.071, 'est_top_odds': 18.8, 'circle_concentration': 73.4, 'eligible_count': 8, 'bet_adj': 2, 'reason': 'rel_win1=49.3%（本命度） / 最有力組み合わせ確率: 0.071（推定実オッズ?19倍） / 2着集中度: 上位2艇 73.4%（補正+0.04） / 総合判定確率: 0.111 / → ヒモ分散。1号艇1着固定で広めのヒモ流し推奨（買い目+2点）', 'tenji_trigger': '展示確認: ヒモ分散レース。1号艇伸び確認後、広めのヒモ流しを採用。穴ヒモ（5・6号艇）を積極的に含める。'}",,,34.1,逃げ狙い,39.64,26.9,5,,,,,,,,,,,
2025-06-01,丸亀,2,1,片岡雅裕,A1,29.19,1,◎,46.5804,,0,93.1,0.129,2.5172,,,0,低,5,0,逃1%,611 2,0,45.1,0.9663,0.7857,,,,,0.0286,0,0.3571,◎,,D,◎,,,0.8292,,0.5562,S,85,0,◎1着固定 2-3着流し（5〜8点）,0.5777,"{'is_target': True, 'verdict': '点数絞り', 'max_combo_prob': 0.1058, 'est_top_odds': 12.6, 'circle_concentration': 77.0, 'eligible_count': 6, 'bet_adj': 0, 'reason': 'rel_win1=46.6%（本命度） / 最有力組み合わせ確率: 0.106（推定実オッズ?13倍） / 2着集中度: 上位2艇 77.0%（補正+0.04） / 総合判定確率: 0.146 / → ヒモはやや固め。上位2艇以外を切ること', 'tenji_trigger': '展示確認: 1号艇伸び良→そのまま採用。悪→飛び組に差し替え。circle_pct上位2艇に絞り込むこと。\n展示で1号艇スタート超安定(0.129秒)→ヒモ固まり方向に注意'}",,,26.8,逃げ狙い,33.75,25.4,3,,,,,0,0,0.7559,0,,逃げ軸流し,A
2025-06-01,丸亀,2,2,定松勇樹,A1,35.37,2,○,14.0479,55.4,46,93.8,0.1363,2.6562,,,0,低,27,0,差0% ま0%,441 4,0,58.8,1.4679,0,0.125,0.25,0,0,0.0714,0.1429,0.1429,,,B,,,0.2717,0.6185,,0.5562,S,85,0,◎1着固定 2-3着流し（5〜8点）,0.5777,"{'is_target': True, 'verdict': '点数絞り', 'max_combo_prob': 0.1058, 'est_top_odds': 12.6, 'circle_concentration': 77.0, 'eligible_count': 6, 'bet_adj': 0, 'reason': 'rel_win1=46.6%（本命度） / 最有力組み合わせ確率: 0.106（推定実オッズ?13倍） / 2着集中度: 上位2艇 77.0%（補正+0.04） / 総合判定確率: 0.146 / → ヒモはやや固め。上位2艇以外を切ること', 'tenji_trigger': '展示確認: 1号艇伸び良→そのまま採用。悪→飛び組に差し替え。circle_pct上位2艇に絞り込むこと。\n展示で1号艇スタート超安定(0.129秒)→ヒモ固まり方向に注意'}",,,26.8,逃げ狙い,33.75,25.4,3,,,,,,,,,,,
2025-06-01,丸亀,2,3,今垣光太,A1,33.55,3,,17.995,21.6,57,65,0.178,3.825,,,0,低,52,0,ま0%,366 5,0,39.2,1.4129,0,0,0.1429,0,0,0.0769,0,0,,,C,,,0.1307,0.58,,0.5562,S,85,0,◎1着固定 2-3着流し（5〜8点）,0.5777,"{'is_target': True, 'verdict': '点数絞り', 'max_combo_prob': 0.1058, 'est_top_odds': 12.6, 'circle_concentration': 77.0, 'eligible_count': 6, 'bet_adj': 0, 'reason': 'rel_win1=46.6%（本命度） / 最有力組み合わせ確率: 0.106（推定実オッズ?13倍） / 2着集中度: 上位2艇 77.0%（補正+0.04） / 総合判定確率: 0.146 / → ヒモはやや固め。上位2艇以外を切ること', 'tenji_trigger': '展示確認: 1号艇伸び良→そのまま採用。悪→飛び組に差し替え。circle_pct上位2艇に絞り込むこと。\n展示で1号艇スタート超安定(0.129秒)→ヒモ固まり方向に注意'}",,,26.8,逃げ狙い,33.75,25.4,3,,,,,,,,,,,
2025-06-01,丸亀,2,4,松井　繁,A1,31.48,4,,10.1433,10.3,100,84.6,0.1646,3.7692,,,0,低,24,1,差0%,343 44,0,68.9,1.5909,0,0.125,0,0,0,0.0714,0.2143,0,,,D,△,,0.1592,0.6505,,0.5562,S,85,0,◎1着固定 2-3着流し（5〜8点）,0.5777,"{'is_target': True, 'verdict': '点数絞り', 'max_combo_prob': 0.1058, 'est_top_odds': 12.6, 'circle_concentration': 77.0, 'eligible_count': 6, 'bet_adj': 0, 'reason': 'rel_win1=46.6%（本命度） / 最有力組み合わせ確率: 0.106（推定実オッズ?13倍） / 2着集中度: 上位2艇 77.0%（補正+0.04） / 総合判定確率: 0.146 / → ヒモはやや固め。上位2艇以外を切ること', 'tenji_trigger': '展示確認: 1号艇伸び良→そのまま採用。悪→飛び組に差し替え。circle_pct上位2艇に絞り込むこと。\n展示で1号艇スタート超安定(0.129秒)→ヒモ固まり方向に注意'}",,,26.8,逃げ狙い,33.75,25.4,3,,,,,,,,,,,
2025-06-01,丸亀,2,5,原田幸哉,A1,34.34,5,▲,8.1182,8.5,52,100,0.1087,2.3125,,,0,低,11,1,ま0% 差ま0%,6 5 36,0,100,2.5943,0,0,0.3333,0.3333,0,0.0833,0.1667,0,,◎,C,○,,0.4628,0.6755,,0.5562,S,85,0,◎1着固定 2-3着流し（5〜8点）,0.5777,"{'is_target': True, 'verdict': '点数絞り', 'max_combo_prob': 0.1058, 'est_top_odds': 12.6, 'circle_concentration': 77.0, 'eligible_count': 6, 'bet_adj': 0, 'reason': 'rel_win1=46.6%（本命度） / 最有力組み合わせ確率: 0.106（推定実オッズ?13倍） / 2着集中度: 上位2艇 77.0%（補正+0.04） / 総合判定確率: 0.146 / → ヒモはやや固め。上位2艇以外を切ること', 'tenji_trigger': '展示確認: 1号艇伸び良→そのまま採用。悪→飛び組に差し替え。circle_pct上位2艇に絞り込むこと。\n展示で1号艇スタート超安定(0.129秒)→ヒモ固まり方向に注意'}",,,26.8,逃げ狙い,33.75,25.4,3,,,,,,,,,,,
2025-06-01,丸亀,2,6,浜田亜理,A1,46.53,6,△,3.1151,4.2,35,52.4,0.1871,3.6667,,,0,低,41,0,抜0%,452 6,0,89.4,1.9972,0,0,0,0,0.1,0.2857,0,0.1429,,,A,△,,0.1242,0.6285,,0.5562,S,85,0,◎1着固定 2-3着流し（5〜8点）,0.5777,"{'is_target': True, 'verdict': '点数絞り', 'max_combo_prob': 0.1058, 'est_top_odds': 12.6, 'circle_concentration': 77.0, 'eligible_count': 6, 'bet_adj': 0, 'reason': 'rel_win1=46.6%（本命度） / 最有力組み合わせ確率: 0.106（推定実オッズ?13倍） / 2着集中度: 上位2艇 77.0%（補正+0.04） / 総合判定確率: 0.146 / → ヒモはやや固め。上位2艇以外を切ること', 'tenji_trigger': '展示確認: 1号艇伸び良→そのまま採用。悪→飛び組に差し替え。circle_pct上位2艇に絞り込むこと。\n展示で1号艇スタート超安定(0.129秒)→ヒモ固まり方向に注意'}",,,26.8,逃げ狙い,33.75,25.4,3,,,,,,,,,,,
2025-06-01,丸亀,3,1,守田俊介,A1,33.14,1,◎,45.4997,,0,100,0.1163,2.3043,,,0,低,21,0,逃1%,3 132,0,81.9,1.2079,0.85,,,,,0.05,0,0,◎,,C,◎,,,0.704,,0.7313,S,100,0,◎1着固定 2-3着流し（5〜8点）,0.5777,"{'is_target': True, 'verdict': '参加推奨', 'max_combo_prob': 0.0742, 'est_top_odds': 18.0, 'circle_concentration': 64.7, 'eligible_count': 6, 'bet_adj': 2, 'reason': 'rel_win1=45.5%（本命度） / 最有力組み合わせ確率: 0.074（推定実オッズ?18倍） / 2着集中度: 上位2艇 64.7%（補正+0.00） / 総合判定確率: 0.074 / → ヒモ分散。1号艇1着固定で広めのヒモ流し推奨（買い目+2点）', 'tenji_trigger': '展示確認: ヒモ分散レース。1号艇伸び確認後、広めのヒモ流しを採用。穴ヒモ（5・6号艇）を積極的に含める。\n展示で1号艇スタート超安定(0.116秒)→ヒモ固まり方向に注意'}",,,33.9,逃げ狙い,45.88,21.1,4,,,,,0,0,0.7559,0,,逃げ軸流し,A
2025-06-01,丸亀,3,2,西橋奈未,A1,36.36,2,○,14.6963,45.6,59,61.9,0.1319,2.7857,,,0,低,34,0,ま0%,134 6,0,94.1,1.0317,0,0,0.4286,0,0,0.0667,0.2167,0.2167,,,B,,,0.2122,0.6055,,0.7313,S,100,0,◎1着固定 2-3着流し（5〜8点）,0.5777,"{'is_target': True, 'verdict': '参加推奨', 'max_combo_prob': 0.0742, 'est_top_odds': 18.0, 'circle_concentration': 64.7, 'eligible_count': 6, 'bet_adj': 2, 'reason': 'rel_win1=45.5%（本命度） / 最有力組み合わせ確率: 0.074（推定実オッズ?18倍） / 2着集中度: 上位2艇 64.7%（補正+0.00） / 総合判定確率: 0.074 / → ヒモ分散。1号艇1着固定で広めのヒモ流し推奨（買い目+2点）', 'tenji_trigger': '展示確認: ヒモ分散レース。1号艇伸び確認後、広めのヒモ流しを採用。穴ヒモ（5・6号艇）を積極的に含める。\n展示で1号艇スタート超安定(0.116秒)→ヒモ固まり方向に注意'}",,,33.9,逃げ狙い,45.88,21.1,4,,,,,,,,,,,
2025-06-01,丸亀,3,3,平山智加,A1,29.11,3,,10.4573,16.5,100,68.2,0.1609,3.2727,,,0,低,46,0,差ま0%,666 3,0,21.3,0.6592,0,0,0.1111,0.2222,0,0,0.1818,0.1818,,,D,△,,0.153,0.651,,0.7313,S,100,0,◎1着固定 2-3着流し（5〜8点）,0.5777,"{'is_target': True, 'verdict': '参加推奨', 'max_combo_prob': 0.0742, 'est_top_odds': 18.0, 'circle_concentration': 64.7, 'eligible_count': 6, 'bet_adj': 2, 'reason': 'rel_win1=45.5%（本命度） / 最有力組み合わせ確率: 0.074（推定実オッズ?18倍） / 2着集中度: 上位2艇 64.7%（補正+0.00） / 総合判定確率: 0.074 / → ヒモ分散。1号艇1着固定で広めのヒモ流し推奨（買い目+2点）', 'tenji_trigger': '展示確認: ヒモ分散レース。1号艇伸び確認後、広めのヒモ流しを採用。穴ヒモ（5・6号艇）を積極的に含める。\n展示で1号艇スタート超安定(0.116秒)→ヒモ固まり方向に注意'}",,,33.9,逃げ狙い,45.88,21.1,4,,,,,,,,,,,
2025-06-01,丸亀,3,4,菅　章哉,A1,29.01,4,,17.6255,17,55,65.8,0.1458,3.1447,,,0,低,72,0,ま1%,161 55,0,81.9,1.6532,0,0,0.5455,0,0,0,0,0.0444,,,D,,◎,0.3267,0.5965,0.2781,0.7313,S,100,0,◎1着固定 2-3着流し（5〜8点）,0.5777,"{'is_target': True, 'verdict': '参加推奨', 'max_combo_prob': 0.0742, 'est_top_odds': 18.0, 'circle_concentration': 64.7, 'eligible_count': 6, 'bet_adj': 2, 'reason': 'rel_win1=45.5%（本命度） / 最有力組み合わせ確率: 0.074（推定実オッズ?18倍） / 2着集中度: 上位2艇 64.7%（補正+0.00） / 総合判定確率: 0.074 / → ヒモ分散。1号艇1着固定で広めのヒモ流し推奨（買い目+2点）', 'tenji_trigger': '展示確認: ヒモ分散レース。1号艇伸び確認後、広めのヒモ流しを採用。穴ヒモ（5・6号艇）を積極的に含める。\n展示で1号艇スタート超安定(0.116秒)→ヒモ固まり方向に注意'}",,,33.9,逃げ狙い,45.88,21.1,4,,,,,,,,,,,
2025-06-01,丸亀,3,5,平本真之,A1,32.37,5,△,9.4796,19,55,73.3,0.1313,2.6,,,0,低,16,0,差ま0%,525 4,0,100,2.0905,0,0,0,0.2857,0,0.1333,0.0667,0.1333,,,C,○,,0.2769,0.6785,,0.7313,S,100,0,◎1着固定 2-3着流し（5〜8点）,0.5777,"{'is_target': True, 'verdict': '参加推奨', 'max_combo_prob': 0.0742, 'est_top_odds': 18.0, 'circle_concentration': 64.7, 'eligible_count': 6, 'bet_adj': 2, 'reason': 'rel_win1=45.5%（本命度） / 最有力組み合わせ確率: 0.074（推定実オッズ?18倍） / 2着集中度: 上位2艇 64.7%（補正+0.00） / 総合判定確率: 0.074 / → ヒモ分散。1号艇1着固定で広めのヒモ流し推奨（買い目+2点）', 'tenji_trigger': '展示確認: ヒモ分散レース。1号艇伸び確認後、広めのヒモ流しを採用。穴ヒモ（5・6号艇）を積極的に含める。\n展示で1号艇スタート超安定(0.116秒)→ヒモ固まり方向に注意'}",,,33.9,逃げ狙い,45.88,21.1,4,,,,,,,,,,,
2025-06-01,丸亀,3,6,實森美祐,A1,39.24,6,▲,2.2416,1.8,70,52.9,0.1582,3.5882,,,0,低,24,0,-,234 1,0,45.4,2.0261,,,,,,0,0.1333,0,,,B,△,,0.1727,0.645,,0.7313,S,100,0,◎1着固定 2-3着流し（5〜8点）,0.5777,"{'is_target': True, 'verdict': '参加推奨', 'max_combo_prob': 0.0742, 'est_top_odds': 18.0, 'circle_concentration': 64.7, 'eligible_count': 6, 'bet_adj': 2, 'reason': 'rel_win1=45.5%（本命度） / 最有力組み合わせ確率: 0.074（推定実オッズ?18倍） / 2着集中度: 上位2艇 64.7%（補正+0.00） / 総合判定確率: 0.074 / → ヒモ分散。1号艇1着固定で広めのヒモ流し推奨（買い目+2点）', 'tenji_trigger': '展示確認: ヒモ分散レース。1号艇伸び確認後、広めのヒモ流しを採用。穴ヒモ（5・6号艇）を積極的に含める。\n展示で1号艇スタート超安定(0.116秒)→ヒモ固まり方向に注意'}",,,33.9,逃げ狙い,45.88,21.1,4,,,,,,,,,,,
2025-06-01,丸亀,4,1,佐藤　翼,A1,45.91,1,◎,46.3445,,0,100,0.1271,2.9118,,,0,低,13,0,逃1%,1 334,0,82.3,1.2112,0.7143,,,,,0,0.1429,0.1429,◎⚠️,,A,○,,,0.711,,0.5625,S,89,0,◎1着固定 2-3着流し（5〜8点）,0.5777,"{'is_target': True, 'verdict': '参加推奨', 'max_combo_prob': 0.0474, 'est_top_odds': 28.1, 'circle_concentration': 68.7, 'eligible_count': 6, 'bet_adj': 2, 'reason': 'rel_win1=46.3%（本命度） / 最有力組み合わせ確率: 0.047（推定実オッズ?28倍） / 2着集中度: 上位2艇 68.7%（補正+0.00） / 総合判定確率: 0.047 / → ヒモ分散。1号艇1着固定で広めのヒモ流し推奨（買い目+2点）', 'tenji_trigger': '展示確認: ヒモ分散レース。1号艇伸び確認後、広めのヒモ流しを採用。穴ヒモ（5・6号艇）を積極的に含める。\n展示で1号艇スタート超安定(0.127秒)→ヒモ固まり方向に注意'}",,,34.2,逃げ狙い,42.21,25.1,4,3-1-4|3-1-5|3-1-6|3-4-1|3-5-1|3-4-5|3-5-4|1-3-5|1-3-4|1-2-5|1-2-3|1-2-4,3-1-4|3-1-5|3-1-6|3-4-1|3-5-1|3-4-5|3-5-4|1-3-5|1-3-4|1-2-5|1-2-3|1-2-4,3-1-4:2.83%|3-1-5:2.0%|3-1-6:1.04%|3-4-1:1.04%|3-5-1:0.44%|3-4-5:0.42%|3-5-4:0.25%|1-3-5:6.53%|1-3-4:6.17%|1-2-5:5.68%|1-2-3:5.45%|1-2-4:5.37%,3-1-4:B_main|3-1-5:B_main|3-1-6:B_main|3-4-1:B_main|3-5-1:B_main|3-4-5:B_main|3-5-4:B_main|1-3-5:A|1-3-4:A|1-2-5:A|1-2-3:A|1-2-4:A,12,12,0.4535,1,[!]見送り推奨（主役決まり手「まくり差し」― 逃げ劣勢レースで的中実績なし）,主役軸流し,B
2025-06-01,丸亀,4,2,重成一人,A1,31.10,2,,10.2975,37.3,75,63.3,0.1577,3.3333,,,0,低,51,0,-,3 146,0,20.4,0.5979,0,0.0833,0,0,0,0.0533,0.2533,0.0133,,,D,,,0.0681,0.6315,,0.5625,S,89,0,◎1着固定 2-3着流し（5〜8点）,0.5777,"{'is_target': True, 'verdict': '参加推奨', 'max_combo_prob': 0.0474, 'est_top_odds': 28.1, 'circle_concentration': 68.7, 'eligible_count': 6, 'bet_adj': 2, 'reason': 'rel_win1=46.3%（本命度） / 最有力組み合わせ確率: 0.047（推定実オッズ?28倍） / 2着集中度: 上位2艇 68.7%（補正+0.00） / 総合判定確率: 0.047 / → ヒモ分散。1号艇1着固定で広めのヒモ流し推奨（買い目+2点）', 'tenji_trigger': '展示確認: ヒモ分散レース。1号艇伸び確認後、広めのヒモ流しを採用。穴ヒモ（5・6号艇）を積極的に含める。\n展示で1号艇スタート超安定(0.127秒)→ヒモ固まり方向に注意'}",,,34.2,逃げ狙い,42.21,25.1,4,,,,,,,,,,,
2025-06-01,丸亀,4,3,山口　剛,A1,28.85,3,▲,13.8941,31.5,100,93.3,0.1213,2.3,,,0,低,5,0,差0% 差ま0%,3 646,0,100,1.6406,0,0.125,0,0.25,0,0,0.1429,0.1429,,◎,D,◎,,0.3697,0.8035,,0.5625,S,89,0,◎1着固定 2-3着流し（5〜8点）,0.5777,"{'is_target': True, 'verdict': '参加推奨', 'max_combo_prob': 0.0474, 'est_top_odds': 28.1, 'circle_concentration': 68.7, 'eligible_count': 6, 'bet_adj': 2, 'reason': 'rel_win1=46.3%（本命度） / 最有力組み合わせ確率: 0.047（推定実オッズ?28倍） / 2着集中度: 上位2艇 68.7%（補正+0.00） / 総合判定確率: 0.047 / → ヒモ分散。1号艇1着固定で広めのヒモ流し推奨（買い目+2点）', 'tenji_trigger': '展示確認: ヒモ分散レース。1号艇伸び確認後、広めのヒモ流しを採用。穴ヒモ（5・6号艇）を積極的に含める。\n展示で1号艇スタート超安定(0.127秒)→ヒモ固まり方向に注意'}",,,34.2,逃げ狙い,42.21,25.1,4,,,,,,,,,,,
2025-06-01,丸亀,4,4,関　浩哉,A1,40.13,4,○,15.9639,17.8,89,87.5,0.1531,3.5312,,,0,低,34,0,ま0%,214 53,0,94.2,1.8706,0,0,0.5,0,0,,,,,,B,,○,0.3252,0.6435,0.2732,0.5625,S,89,0,◎1着固定 2-3着流し（5〜8点）,0.5777,"{'is_target': True, 'verdict': '参加推奨', 'max_combo_prob': 0.0474, 'est_top_odds': 28.1, 'circle_concentration': 68.7, 'eligible_count': 6, 'bet_adj': 2, 'reason': 'rel_win1=46.3%（本命度） / 最有力組み合わせ確率: 0.047（推定実オッズ?28倍） / 2着集中度: 上位2艇 68.7%（補正+0.00） / 総合判定確率: 0.047 / → ヒモ分散。1号艇1着固定で広めのヒモ流し推奨（買い目+2点）', 'tenji_trigger': '展示確認: ヒモ分散レース。1号艇伸び確認後、広めのヒモ流しを採用。穴ヒモ（5・6号艇）を積極的に含める。\n展示で1号艇スタート超安定(0.127秒)→ヒモ固まり方向に注意'}",,,34.2,逃げ狙い,42.21,25.1,4,,,,,,,,,,,
2025-06-01,丸亀,4,5,末永和也,A1,27.81,5,,9.6552,8.1,78,84.6,0.1415,2.4615,,,0,低,16,1,差0% 差ま0%,3 565,0,73.2,2.3252,0,0.1429,0,0.2857,0,0,0.1,0,,,E,△,◎,0.2739,0.679,0.5397,0.5625,S,89,0,◎1着固定 2-3着流し（5〜8点）,0.5777,"{'is_target': True, 'verdict': '参加推奨', 'max_combo_prob': 0.0474, 'est_top_odds': 28.1, 'circle_concentration': 68.7, 'eligible_count': 6, 'bet_adj': 2, 'reason': 'rel_win1=46.3%（本命度） / 最有力組み合わせ確率: 0.047（推定実オッズ?28倍） / 2着集中度: 上位2艇 68.7%（補正+0.00） / 総合判定確率: 0.047 / → ヒモ分散。1号艇1着固定で広めのヒモ流し推奨（買い目+2点）', 'tenji_trigger': '展示確認: ヒモ分散レース。1号艇伸び確認後、広めのヒモ流しを採用。穴ヒモ（5・6号艇）を積極的に含める。\n展示で1号艇スタート超安定(0.127秒)→ヒモ固まり方向に注意'}",,,34.2,逃げ狙い,42.21,25.1,4,,,,,,,,,,,
2025-06-01,丸亀,4,6,島村隆幸,A1,31.41,6,△,3.8449,5.4,97,59.1,0.1336,3.4545,,,0,低,37,0,差ま0%,1 536,0,100,2.2714,0,0,0,0.0769,0,0.05,0.05,0.1,,,C,△,,0.2662,0.6615,,0.5625,S,89,0,◎1着固定 2-3着流し（5〜8点）,0.5777,"{'is_target': True, 'verdict': '参加推奨', 'max_combo_prob': 0.0474, 'est_top_odds': 28.1, 'circle_concentration': 68.7, 'eligible_count': 6, 'bet_adj': 2, 'reason': 'rel_win1=46.3%（本命度） / 最有力組み合わせ確率: 0.047（推定実オッズ?28倍） / 2着集中度: 上位2艇 68.7%（補正+0.00） / 総合判定確率: 0.047 / → ヒモ分散。1号艇1着固定で広めのヒモ流し推奨（買い目+2点）', 'tenji_trigger': '展示確認: ヒモ分散レース。1号艇伸び確認後、広めのヒモ流しを採用。穴ヒモ（5・6号艇）を積極的に含める。\n展示で1号艇スタート超安定(0.127秒)→ヒモ固まり方向に注意'}",,,34.2,逃げ狙い,42.21,25.1,4,,,,,,,,,,,
2025-06-01,丸亀,5,1,篠崎仁志,A1,39.18,1,◎,44.7835,,0,100,0.1335,2.75,,,0,低,29,0,逃1%,5 6 12,0,80.2,1.2051,0.9048,,,,,0.0952,0,0,◎,,C,○,,,0.7005,,0.5828,S,83,0,◎1着固定 2-3着流し（5〜8点）,0.5777,"{'is_target': False, 'verdict': '対象外', 'max_combo_prob': None, 'est_top_odds': None, 'circle_concentration': None, 'eligible_count': 0, 'bet_adj': 0, 'reason': '1号艇rel_win1 < 45%: 通常判定に委ねる', 'tenji_trigger': ''}",,,34.4,逃げ狙い,44.49,23.6,3,,,,,0,0,0.7559,0,,逃げ軸流し,A
2025-06-01,丸亀,5,2,河合佑樹,A1,39.88,2,○,16.292,31.7,74,82.6,0.1561,3.5,,,0,低,30,0,差0% 抜0%,1 254,0,99.2,1.3381,0,0.1429,0,0,0.1429,0.08,0,0,,,B,△,,0.1069,0.6775,,0.5828,S,83,0,◎1着固定 2-3着流し（5〜8点）,0.5777,"{'is_target': False, 'verdict': '対象外', 'max_combo_prob': None, 'est_top_odds': None, 'circle_concentration': None, 'eligible_count': 0, 'bet_adj': 0, 'reason': '1号艇rel_win1 < 45%: 通常判定に委ねる', 'tenji_trigger': ''}",,,34.4,逃げ狙い,44.49,23.6,3,,,,,,,,,,,
2025-06-01,丸亀,5,3,上條暢嵩,A1,30.54,3,,14.5158,25.3,61,93.3,0.1453,3.4333,,,0,低,12,0,差ま1%,265 5,0,71.3,1.6556,0,0,0,0.8,0,,,,,◎,E,◎,,0.4421,0.7115,,0.5828,S,83,0,◎1着固定 2-3着流し（5〜8点）,0.5777,"{'is_target': False, 'verdict': '対象外', 'max_combo_prob': None, 'est_top_odds': None, 'circle_concentration': None, 'eligible_count': 0, 'bet_adj': 0, 'reason': '1号艇rel_win1 < 45%: 通常判定に委ねる', 'tenji_trigger': ''}",,,34.4,逃げ狙い,44.49,23.6,3,,,,,,,,,,,
2025-06-01,丸亀,5,4,吉田裕平,A1,34.50,4,▲,15.7237,17.4,100,92.6,0.1263,2.2593,,,0,低,29,0,ま0% 差ま0%,5 144,0,97.8,1.9249,0,0,0.25,0.25,0,0,0.1429,0,,,C,△,◎,0.369,0.6645,0.5942,0.5828,S,83,0,◎1着固定 2-3着流し（5〜8点）,0.5777,"{'is_target': False, 'verdict': '対象外', 'max_combo_prob': None, 'est_top_odds': None, 'circle_concentration': None, 'eligible_count': 0, 'bet_adj': 0, 'reason': '1号艇rel_win1 < 45%: 通常判定に委ねる', 'tenji_trigger': ''}",,,34.4,逃げ狙い,44.49,23.6,3,,,,,,,,,,,
2025-06-01,丸亀,5,5,土屋智則,A1,42.11,5,△,6.5999,18.5,65,73.7,0.1711,3.2368,,,0,低,34,0,差ま0%,2 3 33,0,59.8,1.9507,0,0,0,0.1111,0,0.1235,0.1235,0.1471,,,B,,,0.1713,0.627,,0.5828,S,83,0,◎1着固定 2-3着流し（5〜8点）,0.5777,"{'is_target': False, 'verdict': '対象外', 'max_combo_prob': None, 'est_top_odds': None, 'circle_concentration': None, 'eligible_count': 0, 'bet_adj': 0, 'reason': '1号艇rel_win1 < 45%: 通常判定に委ねる', 'tenji_trigger': ''}",,,34.4,逃げ狙い,44.49,23.6,3,,,,,,,,,,,
2025-06-01,丸亀,5,6,中村日向,A1,33.13,6,,2.0852,7.1,46,48.1,0.1619,3.6296,,,0,低,40,0,-,5 6 66,0,36.4,0.8664,,,,,,0.1538,0.0769,0,,,D,,,0.2212,0.645,,0.5828,S,83,0,◎1着固定 2-3着流し（5〜8点）,0.5777,"{'is_target': False, 'verdict': '対象外', 'max_combo_prob': None, 'est_top_odds': None, 'circle_concentration': None, 'eligible_count': 0, 'bet_adj': 0, 'reason': '1号艇rel_win1 < 45%: 通常判定に委ねる', 'tenji_trigger': ''}",,,34.4,逃げ狙い,44.49,23.6,3,,,,,,,,,,,
2025-06-01,丸亀,6,1,瓜生正義,A1,27.84,1,◎,46.8457,,0,95.7,0.143,3.1957,,,0,低,21,0,逃0%,5 322,0,68.9,1.1688,0.4167,,,,,0.0833,0.0833,0.1667,◎,,E,△,,,0.653,,0.4813,A,76,0,◎-○軸 3着3〜4艇流し（10〜15点）,0.5777,"{'is_target': True, 'verdict': '参加推奨', 'max_combo_prob': 0.0538, 'est_top_odds': 24.8, 'circle_concentration': 62.8, 'eligible_count': 8, 'bet_adj': 2, 'reason': 'rel_win1=46.8%（本命度） / 最有力組み合わせ確率: 0.054（推定実オッズ?25倍） / 2着集中度: 上位2艇 62.8%（補正+0.00） / 総合判定確率: 0.054 / → ヒモ分散。1号艇1着固定で広めのヒモ流し推奨（買い目+2点）', 'tenji_trigger': '展示確認: ヒモ分散レース。1号艇伸び確認後、広めのヒモ流しを採用。穴ヒモ（5・6号艇）を積極的に含める。'}",,,31.3,逃げ狙い,30.57,26.7,4,,,,,0,0,0.7559,0,,逃げ軸流し,A
2025-06-01,丸亀,6,2,平高奈菜,A1,34.39,2,▲,15.5878,37.7,95,75,0.1575,3.1875,,,0,低,46,0,-,653 2,0,60.3,1.2976,0,0.1667,0,0,0,0.2,0,0.1333,,,B,,,0.1938,0.6215,,0.4813,A,76,0,◎-○軸 3着3〜4艇流し（10〜15点）,0.5777,"{'is_target': True, 'verdict': '参加推奨', 'max_combo_prob': 0.0538, 'est_top_odds': 24.8, 'circle_concentration': 62.8, 'eligible_count': 8, 'bet_adj': 2, 'reason': 'rel_win1=46.8%（本命度） / 最有力組み合わせ確率: 0.054（推定実オッズ?25倍） / 2着集中度: 上位2艇 62.8%（補正+0.00） / 総合判定確率: 0.054 / → ヒモ分散。1号艇1着固定で広めのヒモ流し推奨（買い目+2点）', 'tenji_trigger': '展示確認: ヒモ分散レース。1号艇伸び確認後、広めのヒモ流しを採用。穴ヒモ（5・6号艇）を積極的に含める。'}",,,31.3,逃げ狙い,30.57,26.7,4,,,,,,,,,,,
2025-06-01,丸亀,6,3,井口佳典,A1,46.71,3,○,16.097,25.1,89,66.7,0.1547,3.1333,,,0,低,31,0,差ま1%,2 451,0,39.6,1.3671,0,0,0,0.6667,0,0,0.1667,0.1667,,◎,A,△,,0.403,0.6355,,0.4813,A,76,0,◎-○軸 3着3〜4艇流し（10〜15点）,0.5777,"{'is_target': True, 'verdict': '参加推奨', 'max_combo_prob': 0.0538, 'est_top_odds': 24.8, 'circle_concentration': 62.8, 'eligible_count': 8, 'bet_adj': 2, 'reason': 'rel_win1=46.8%（本命度） / 最有力組み合わせ確率: 0.054（推定実オッズ?25倍） / 2着集中度: 上位2艇 62.8%（補正+0.00） / 総合判定確率: 0.054 / → ヒモ分散。1号艇1着固定で広めのヒモ流し推奨（買い目+2点）', 'tenji_trigger': '展示確認: ヒモ分散レース。1号艇伸び確認後、広めのヒモ流しを採用。穴ヒモ（5・6号艇）を積極的に含める。'}",,,31.3,逃げ狙い,30.57,26.7,4,,,,,,,,,,,
2025-06-01,丸亀,6,4,丸野一樹,A1,30.43,4,,12.6132,20.9,100,81.8,0.1605,3.6591,,,0,低,31,0,差ま0% 抜0%,6 2 46,0,73,1.6457,0,0,0,0.1667,0.1667,0,0.1111,0,,,D,○,◎,0.2261,0.6595,0.4097,0.4813,A,76,0,◎-○軸 3着3〜4艇流し（10〜15点）,0.5777,"{'is_target': True, 'verdict': '参加推奨', 'max_combo_prob': 0.0538, 'est_top_odds': 24.8, 'circle_concentration': 62.8, 'eligible_count': 8, 'bet_adj': 2, 'reason': 'rel_win1=46.8%（本命度） / 最有力組み合わせ確率: 0.054（推定実オッズ?25倍） / 2着集中度: 上位2艇 62.8%（補正+0.00） / 総合判定確率: 0.054 / → ヒモ分散。1号艇1着固定で広めのヒモ流し推奨（買い目+2点）', 'tenji_trigger': '展示確認: ヒモ分散レース。1号艇伸び確認後、広めのヒモ流しを採用。穴ヒモ（5・6号艇）を積極的に含める。'}",,,31.3,逃げ狙い,30.57,26.7,4,,,,,,,,,,,
2025-06-01,丸亀,6,5,吉田拡郎,A1,28.86,5,△,6.9453,13.8,78,52.4,0.1219,2.7143,,,0,低,10,0,-,1 143,0,43.3,1.4826,,,,,,0.0909,0,0,,,D,◎,,0.3767,0.81,,0.4813,A,76,0,◎-○軸 3着3〜4艇流し（10〜15点）,0.5777,"{'is_target': True, 'verdict': '参加推奨', 'max_combo_prob': 0.0538, 'est_top_odds': 24.8, 'circle_concentration': 62.8, 'eligible_count': 8, 'bet_adj': 2, 'reason': 'rel_win1=46.8%（本命度） / 最有力組み合わせ確率: 0.054（推定実オッズ?25倍） / 2着集中度: 上位2艇 62.8%（補正+0.00） / 総合判定確率: 0.054 / → ヒモ分散。1号艇1着固定で広めのヒモ流し推奨（買い目+2点）', 'tenji_trigger': '展示確認: ヒモ分散レース。1号艇伸び確認後、広めのヒモ流しを採用。穴ヒモ（5・6号艇）を積極的に含める。'}",,,31.3,逃げ狙い,30.57,26.7,4,,,,,,,,,,,
2025-06-01,丸亀,6,6,今垣光太,A1,33.55,6,,1.911,2.5,61,66.7,0.2067,4.1667,,,0,低,52,1,ま0%,366 5,0,100,2.4286,0,0,0.0769,0,0,0.0769,0,0,,,C,,,0.1196,0.58,,0.4813,A,76,0,◎-○軸 3着3〜4艇流し（10〜15点）,0.5777,"{'is_target': True, 'verdict': '参加推奨', 'max_combo_prob': 0.0538, 'est_top_odds': 24.8, 'circle_concentration': 62.8, 'eligible_count': 8, 'bet_adj': 2, 'reason': 'rel_win1=46.8%（本命度） / 最有力組み合わせ確率: 0.054（推定実オッズ?25倍） / 2着集中度: 上位2艇 62.8%（補正+0.00） / 総合判定確率: 0.054 / → ヒモ分散。1号艇1着固定で広めのヒモ流し推奨（買い目+2点）', 'tenji_trigger': '展示確認: ヒモ分散レース。1号艇伸び確認後、広めのヒモ流しを採用。穴ヒモ（5・6号艇）を積極的に含める。'}",,,31.3,逃げ狙い,30.57,26.7,4,,,,,,,,,,,
2025-06-01,丸亀,7,1,宮地元輝,A1,35.50,1,◎,53.2386,,0,90.9,0.1268,2.7045,,,0,低,13,0,逃1%,421 23,0,70.1,1.144,0.8333,,,,,0,0,0.1667,◎,,B,○,,,0.6895,,0.6,A,67,0,◎-○軸 3着3〜4艇流し（10〜15点）,0.5777,"{'is_target': True, 'verdict': '参加推奨', 'max_combo_prob': 0.0597, 'est_top_odds': 22.3, 'circle_concentration': 61.8, 'eligible_count': 8, 'bet_adj': 2, 'reason': 'rel_win1=53.2%（本命度） / 最有力組み合わせ確率: 0.060（推定実オッズ?22倍） / 2着集中度: 上位2艇 61.8%（補正+0.00） / 総合判定確率: 0.060 / → ヒモ分散。1号艇1着固定で広めのヒモ流し推奨（買い目+2点）', 'tenji_trigger': '展示確認: ヒモ分散レース。1号艇伸び確認後、広めのヒモ流しを採用。穴ヒモ（5・6号艇）を積極的に含める。\n展示で1号艇スタート超安定(0.127秒)→ヒモ固まり方向に注意'}",,,31.7,逃げ狙い,37.29,22.2,5,,,,,0,0,0.7559,0,,逃げ軸流し,A
2025-06-01,丸亀,7,2,平本真之,A1,32.37,2,▲,11.6195,32.6,100,68.8,0.1575,3.2188,,,0,低,16,0,差0%,525 4,0,34.9,1.0921,0,0.1429,0,0,0,0.1333,0.0667,0.1333,,,C,△,,0.0829,0.6785,,0.6,A,67,0,◎-○軸 3着3〜4艇流し（10〜15点）,0.5777,"{'is_target': True, 'verdict': '参加推奨', 'max_combo_prob': 0.0597, 'est_top_odds': 22.3, 'circle_concentration': 61.8, 'eligible_count': 8, 'bet_adj': 2, 'reason': 'rel_win1=53.2%（本命度） / 最有力組み合わせ確率: 0.060（推定実オッズ?22倍） / 2着集中度: 上位2艇 61.8%（補正+0.00） / 総合判定確率: 0.060 / → ヒモ分散。1号艇1着固定で広めのヒモ流し推奨（買い目+2点）', 'tenji_trigger': '展示確認: ヒモ分散レース。1号艇伸び確認後、広めのヒモ流しを採用。穴ヒモ（5・6号艇）を積極的に含める。\n展示で1号艇スタート超安定(0.127秒)→ヒモ固まり方向に注意'}",,,31.7,逃げ狙い,37.29,22.2,5,,,,,,,,,,,
2025-06-01,丸亀,7,3,松井　繁,A1,31.48,3,,9.1738,24.1,97,76.9,0.1508,3.2308,,,0,低,24,1,-,343 44,0,100,1.2683,,,,,,0.0714,0.2143,0,,,C,△,,0.1891,0.6505,,0.6,A,67,0,◎-○軸 3着3〜4艇流し（10〜15点）,0.5777,"{'is_target': True, 'verdict': '参加推奨', 'max_combo_prob': 0.0597, 'est_top_odds': 22.3, 'circle_concentration': 61.8, 'eligible_count': 8, 'bet_adj': 2, 'reason': 'rel_win1=53.2%（本命度） / 最有力組み合わせ確率: 0.060（推定実オッズ?22倍） / 2着集中度: 上位2艇 61.8%（補正+0.00） / 総合判定確率: 0.060 / → ヒモ分散。1号艇1着固定で広めのヒモ流し推奨（買い目+2点）', 'tenji_trigger': '展示確認: ヒモ分散レース。1号艇伸び確認後、広めのヒモ流しを採用。穴ヒモ（5・6号艇）を積極的に含める。\n展示で1号艇スタート超安定(0.127秒)→ヒモ固まり方向に注意'}",,,31.7,逃げ狙い,37.29,22.2,5,,,,,,,,,,,
2025-06-01,丸亀,7,4,前田将太,A1,36.94,4,○,15.1703,29.2,77,73.9,0.1465,2.7174,,,0,低,42,0,差ま0%,6 5 15,0,75.6,1.6351,0,0,0,0.2,0,0.0476,0.0952,0.0476,,,B,◎,◎,0.2454,0.6935,0.2967,0.6,A,67,0,◎-○軸 3着3〜4艇流し（10〜15点）,0.5777,"{'is_target': True, 'verdict': '参加推奨', 'max_combo_prob': 0.0597, 'est_top_odds': 22.3, 'circle_concentration': 61.8, 'eligible_count': 8, 'bet_adj': 2, 'reason': 'rel_win1=53.2%（本命度） / 最有力組み合わせ確率: 0.060（推定実オッズ?22倍） / 2着集中度: 上位2艇 61.8%（補正+0.00） / 総合判定確率: 0.060 / → ヒモ分散。1号艇1着固定で広めのヒモ流し推奨（買い目+2点）', 'tenji_trigger': '展示確認: ヒモ分散レース。1号艇伸び確認後、広めのヒモ流しを採用。穴ヒモ（5・6号艇）を積極的に含める。\n展示で1号艇スタート超安定(0.127秒)→ヒモ固まり方向に注意'}",,,31.7,逃げ狙い,37.29,22.2,5,,,,,,,,,,,
2025-06-01,丸亀,7,5,馬場貴也,A1,31.48,5,△,8.8082,10,64,84.6,0.1423,3.2692,,,0,低,17,1,抜0%,6 6 55,0,40.5,2.249,0,0,0,0,0.1429,0.0833,0.1667,0,,,C,,○,0.2592,0.606,0.2391,0.6,A,67,0,◎-○軸 3着3〜4艇流し（10〜15点）,0.5777,"{'is_target': True, 'verdict': '参加推奨', 'max_combo_prob': 0.0597, 'est_top_odds': 22.3, 'circle_concentration': 61.8, 'eligible_count': 8, 'bet_adj': 2, 'reason': 'rel_win1=53.2%（本命度） / 最有力組み合わせ確率: 0.060（推定実オッズ?22倍） / 2着集中度: 上位2艇 61.8%（補正+0.00） / 総合判定確率: 0.060 / → ヒモ分散。1号艇1着固定で広めのヒモ流し推奨（買い目+2点）', 'tenji_trigger': '展示確認: ヒモ分散レース。1号艇伸び確認後、広めのヒモ流しを採用。穴ヒモ（5・6号艇）を積極的に含める。\n展示で1号艇スタート超安定(0.127秒)→ヒモ固まり方向に注意'}",,,31.7,逃げ狙い,37.29,22.2,5,,,,,,,,,,,
2025-06-01,丸亀,7,6,毒島　誠,A1,28.03,6,,1.9895,4.1,44,100,0.09,3,,,0,低,9,1,-,2 2F34,0,100,3.5083,,,,,,,,,,◎,D,,,0.4271,0.6275,,0.6,A,67,0,◎-○軸 3着3〜4艇流し（10〜15点）,0.5777,"{'is_target': True, 'verdict': '参加推奨', 'max_combo_prob': 0.0597, 'est_top_odds': 22.3, 'circle_concentration': 61.8, 'eligible_count': 8, 'bet_adj': 2, 'reason': 'rel_win1=53.2%（本命度） / 最有力組み合わせ確率: 0.060（推定実オッズ?22倍） / 2着集中度: 上位2艇 61.8%（補正+0.00） / 総合判定確率: 0.060 / → ヒモ分散。1号艇1着固定で広めのヒモ流し推奨（買い目+2点）', 'tenji_trigger': '展示確認: ヒモ分散レース。1号艇伸び確認後、広めのヒモ流しを採用。穴ヒモ（5・6号艇）を積極的に含める。\n展示で1号艇スタート超安定(0.127秒)→ヒモ固まり方向に注意'}",,,31.7,逃げ狙い,37.29,22.2,5,,,,,,,,,,,
2025-06-01,丸亀,8,1,遠藤エミ,A1,45.03,1,◎,58.0281,,0,86.4,0.1559,3,,,0,低,24,0,逃1%,341 5,0,67.1,1.116,0.5714,,,,,0.1429,0.1429,0.1429,◎,,B,◎,,,0.649,,0.514,S,100,0,◎1着固定 2-3着流し（5〜8点）,0.5777,"{'is_target': True, 'verdict': '参加推奨', 'max_combo_prob': 0.0587, 'est_top_odds': 22.7, 'circle_concentration': 58.7, 'eligible_count': 6, 'bet_adj': 2, 'reason': 'rel_win1=58.0%（本命度） / 最有力組み合わせ確率: 0.059（推定実オッズ?23倍） / 2着集中度: 上位2艇 58.7%（補正+0.00） / 総合判定確率: 0.059 / → ヒモ分散。1号艇1着固定で広めのヒモ流し推奨（買い目+2点）', 'tenji_trigger': '展示確認: ヒモ分散レース。1号艇伸び確認後、広めのヒモ流しを採用。穴ヒモ（5・6号艇）を積極的に含める。'}",,,38.4,逃げ狙い,49.59,30.7,3,,,,,0,0,0.7559,0,,逃げ軸流し,A
2025-06-01,丸亀,8,2,清水愛海,A1,37.80,2,,10.5522,34.6,100,71.4,0.1729,3.6905,,,0,低,73,0,差0%,645 2,0,34.5,1.1279,0,0.2857,0,0,0,0.0909,0.1818,0,,,D,△,,0.1982,0.634,,0.514,S,100,0,◎1着固定 2-3着流し（5〜8点）,0.5777,"{'is_target': True, 'verdict': '参加推奨', 'max_combo_prob': 0.0587, 'est_top_odds': 22.7, 'circle_concentration': 58.7, 'eligible_count': 6, 'bet_adj': 2, 'reason': 'rel_win1=58.0%（本命度） / 最有力組み合わせ確率: 0.059（推定実オッズ?23倍） / 2着集中度: 上位2艇 58.7%（補正+0.00） / 総合判定確率: 0.059 / → ヒモ分散。1号艇1着固定で広めのヒモ流し推奨（買い目+2点）', 'tenji_trigger': '展示確認: ヒモ分散レース。1号艇伸び確認後、広めのヒモ流しを採用。穴ヒモ（5・6号艇）を積極的に含める。'}",,,38.4,逃げ狙い,49.59,30.7,3,,,,,,,,,,,
2025-06-01,丸亀,8,3,實森美祐,A1,39.24,3,▲,12.6476,23,89,86.7,0.146,2.9667,,,0,低,24,0,ま1% 抜0%,234 1,0,86.5,1.5267,0,0,0.6667,0,0.1667,0,0.1333,0,,◎,C,○,,0.4927,0.645,,0.514,S,100,0,◎1着固定 2-3着流し（5〜8点）,0.5777,"{'is_target': True, 'verdict': '参加推奨', 'max_combo_prob': 0.0587, 'est_top_odds': 22.7, 'circle_concentration': 58.7, 'eligible_count': 6, 'bet_adj': 2, 'reason': 'rel_win1=58.0%（本命度） / 最有力組み合わせ確率: 0.059（推定実オッズ?23倍） / 2着集中度: 上位2艇 58.7%（補正+0.00） / 総合判定確率: 0.059 / → ヒモ分散。1号艇1着固定で広めのヒモ流し推奨（買い目+2点）', 'tenji_trigger': '展示確認: ヒモ分散レース。1号艇伸び確認後、広めのヒモ流しを採用。穴ヒモ（5・6号艇）を積極的に含める。'}",,,38.4,逃げ狙い,49.59,30.7,3,,,,,,,,,,,
2025-06-01,丸亀,8,4,浜田亜理,A1,46.53,4,○,8.2833,24,99,75,0.144,3.125,,,0,低,41,0,-,452 6,0,59.4,1.3977,,,,,,0.2857,0,0.1429,,,A,△,,0.3388,0.6285,,0.514,S,100,0,◎1着固定 2-3着流し（5〜8点）,0.5777,"{'is_target': True, 'verdict': '参加推奨', 'max_combo_prob': 0.0587, 'est_top_odds': 22.7, 'circle_concentration': 58.7, 'eligible_count': 6, 'bet_adj': 2, 'reason': 'rel_win1=58.0%（本命度） / 最有力組み合わせ確率: 0.059（推定実オッズ?23倍） / 2着集中度: 上位2艇 58.7%（補正+0.00） / 総合判定確率: 0.059 / → ヒモ分散。1号艇1着固定で広めのヒモ流し推奨（買い目+2点）', 'tenji_trigger': '展示確認: ヒモ分散レース。1号艇伸び確認後、広めのヒモ流しを採用。穴ヒモ（5・6号艇）を積極的に含める。'}",,,38.4,逃げ狙い,49.59,30.7,3,,,,,,,,,,,
2025-06-01,丸亀,8,5,菅　章哉,A1,29.01,5,,8.4898,11.7,83,60.7,0.1789,3.5893,,,0,低,72,0,ま0%,161 55,0,58.6,1.7733,0,0,0.2857,0,0,0,0,0.0444,,,E,,◎,0.2911,0.5965,0.1891,0.514,S,100,0,◎1着固定 2-3着流し（5〜8点）,0.5777,"{'is_target': True, 'verdict': '参加推奨', 'max_combo_prob': 0.0587, 'est_top_odds': 22.7, 'circle_concentration': 58.7, 'eligible_count': 6, 'bet_adj': 2, 'reason': 'rel_win1=58.0%（本命度） / 最有力組み合わせ確率: 0.059（推定実オッズ?23倍） / 2着集中度: 上位2艇 58.7%（補正+0.00） / 総合判定確率: 0.059 / → ヒモ分散。1号艇1着固定で広めのヒモ流し推奨（買い目+2点）', 'tenji_trigger': '展示確認: ヒモ分散レース。1号艇伸び確認後、広めのヒモ流しを採用。穴ヒモ（5・6号艇）を積極的に含める。'}",,,38.4,逃げ狙い,49.59,30.7,3,,,,,,,,,,,
2025-06-01,丸亀,8,6,川井　萌,A1,39.77,6,△,1.999,6.6,68,55.6,0.1644,3.4444,,,0,低,50,0,-,525 2,0,99.3,2.1153,,,,,,0,0.5,0,,,C,,,0.2762,0.6045,,0.514,S,100,0,◎1着固定 2-3着流し（5〜8点）,0.5777,"{'is_target': True, 'verdict': '参加推奨', 'max_combo_prob': 0.0587, 'est_top_odds': 22.7, 'circle_concentration': 58.7, 'eligible_count': 6, 'bet_adj': 2, 'reason': 'rel_win1=58.0%（本命度） / 最有力組み合わせ確率: 0.059（推定実オッズ?23倍） / 2着集中度: 上位2艇 58.7%（補正+0.00） / 総合判定確率: 0.059 / → ヒモ分散。1号艇1着固定で広めのヒモ流し推奨（買い目+2点）', 'tenji_trigger': '展示確認: ヒモ分散レース。1号艇伸び確認後、広めのヒモ流しを採用。穴ヒモ（5・6号艇）を積極的に含める。'}",,,38.4,逃げ狙い,49.59,30.7,3,,,,,,,,,,,
2025-06-01,丸亀,9,1,白井英治,A1,34.10,1,◎,47.7831,,0,94.9,0.1546,3.7308,,,0,低,29,0,逃1%,253 1,0,80.6,1.1641,0.5882,,,,,0.0588,0.1765,0.0588,○,,D,,,,0.659,,0.3604,A,69,0,◎-○軸 3着3〜4艇流し（10〜15点）,0.5777,"{'is_target': True, 'verdict': '参加推奨', 'max_combo_prob': 0.0628, 'est_top_odds': 21.2, 'circle_concentration': 66.8, 'eligible_count': 8, 'bet_adj': 2, 'reason': 'rel_win1=47.8%（本命度） / 最有力組み合わせ確率: 0.063（推定実オッズ?21倍） / 2着集中度: 上位2艇 66.8%（補正+0.00） / 総合判定確率: 0.063 / → ヒモ分散。1号艇1着固定で広めのヒモ流し推奨（買い目+2点）', 'tenji_trigger': '展示確認: ヒモ分散レース。1号艇伸び確認後、広めのヒモ流しを採用。穴ヒモ（5・6号艇）を積極的に含める。'}",,,37.8,逃げ狙い,50.31,28.5,2,,,,,0,0,0.6155,0,,逃げ軸流し,A
2025-06-01,丸亀,9,2,深谷知博,A1,27.54,2,,15.4775,45.5,90,100,0.1,1.9688,,,0,低,10,0,差0% ま0%,1 633,0,80.3,1.5709,0,0.4286,0.1429,0,0,0,0,0.1111,,◎,E,,,0.645,0.6545,,0.3604,A,69,0,◎-○軸 3着3〜4艇流し（10〜15点）,0.5777,"{'is_target': True, 'verdict': '参加推奨', 'max_combo_prob': 0.0628, 'est_top_odds': 21.2, 'circle_concentration': 66.8, 'eligible_count': 8, 'bet_adj': 2, 'reason': 'rel_win1=47.8%（本命度） / 最有力組み合わせ確率: 0.063（推定実オッズ?21倍） / 2着集中度: 上位2艇 66.8%（補正+0.00） / 総合判定確率: 0.063 / → ヒモ分散。1号艇1着固定で広めのヒモ流し推奨（買い目+2点）', 'tenji_trigger': '展示確認: ヒモ分散レース。1号艇伸び確認後、広めのヒモ流しを採用。穴ヒモ（5・6号艇）を積極的に含める。'}",,,37.8,逃げ狙い,50.31,28.5,2,,,,,,,,,,,
2025-06-01,丸亀,9,3,西山貴浩,A1,41.29,3,▲,12.3385,16,100,66.7,0.1542,3.7083,,,0,低,17,1,-,4 422S,0,51.8,1.2423,,,,,,0,0.1429,0,,,B,△,,0.3008,0.7,,0.3604,A,69,0,◎-○軸 3着3〜4艇流し（10〜15点）,0.5777,"{'is_target': True, 'verdict': '参加推奨', 'max_combo_prob': 0.0628, 'est_top_odds': 21.2, 'circle_concentration': 66.8, 'eligible_count': 8, 'bet_adj': 2, 'reason': 'rel_win1=47.8%（本命度） / 最有力組み合わせ確率: 0.063（推定実オッズ?21倍） / 2着集中度: 上位2艇 66.8%（補正+0.00） / 総合判定確率: 0.063 / → ヒモ分散。1号艇1着固定で広めのヒモ流し推奨（買い目+2点）', 'tenji_trigger': '展示確認: ヒモ分散レース。1号艇伸び確認後、広めのヒモ流しを採用。穴ヒモ（5・6号艇）を積極的に含める。'}",,,37.8,逃げ狙い,50.31,28.5,2,,,,,,,,,,,
2025-06-01,丸亀,9,4,山崎　郡,A1,38.55,4,○,15.848,21.3,81,78.8,0.1261,2.2273,,,0,低,34,0,差0% ま0% 差ま0%,4 4 55,0,93.2,1.7309,0,0.0667,0.2667,0.1333,0,0,0.0417,0.0417,,○,B,△,◎,0.4622,0.6985,0.4808,0.3604,A,69,0,◎-○軸 3着3〜4艇流し（10〜15点）,0.5777,"{'is_target': True, 'verdict': '参加推奨', 'max_combo_prob': 0.0628, 'est_top_odds': 21.2, 'circle_concentration': 66.8, 'eligible_count': 8, 'bet_adj': 2, 'reason': 'rel_win1=47.8%（本命度） / 最有力組み合わせ確率: 0.063（推定実オッズ?21倍） / 2着集中度: 上位2艇 66.8%（補正+0.00） / 総合判定確率: 0.063 / → ヒモ分散。1号艇1着固定で広めのヒモ流し推奨（買い目+2点）', 'tenji_trigger': '展示確認: ヒモ分散レース。1号艇伸び確認後、広めのヒモ流しを採用。穴ヒモ（5・6号艇）を積極的に含める。'}",,,37.8,逃げ狙い,50.31,28.5,2,,,,,,,,,,,
2025-06-01,丸亀,9,5,上野真之,A1,35.98,5,△,6.7079,15,94,75,0.1361,2.4464,,,0,低,15,0,ま0%,3 461,0,33.3,0.99,0,0,0.0909,0.1818,0,0,0,0.1333,,,C,○,,0.3749,0.812,,0.3604,A,69,0,◎-○軸 3着3〜4艇流し（10〜15点）,0.5777,"{'is_target': True, 'verdict': '参加推奨', 'max_combo_prob': 0.0628, 'est_top_odds': 21.2, 'circle_concentration': 66.8, 'eligible_count': 8, 'bet_adj': 2, 'reason': 'rel_win1=47.8%（本命度） / 最有力組み合わせ確率: 0.063（推定実オッズ?21倍） / 2着集中度: 上位2艇 66.8%（補正+0.00） / 総合判定確率: 0.063 / → ヒモ分散。1号艇1着固定で広めのヒモ流し推奨（買い目+2点）', 'tenji_trigger': '展示確認: ヒモ分散レース。1号艇伸び確認後、広めのヒモ流しを採用。穴ヒモ（5・6号艇）を積極的に含める。'}",,,37.8,逃げ狙い,50.31,28.5,2,,,,,,,,,,,
2025-06-01,丸亀,9,6,池田浩二,A1,35.44,6,,1.845,2.2,71,33.3,0.16,4,,,0,低,6,1,-,5 621,0,42.5,1.3097,,,,,,,,,,,C,◎,,0.2914,0.818,,0.3604,A,69,0,◎-○軸 3着3〜4艇流し（10〜15点）,0.5777,"{'is_target': True, 'verdict': '参加推奨', 'max_combo_prob': 0.0628, 'est_top_odds': 21.2, 'circle_concentration': 66.8, 'eligible_count': 8, 'bet_adj': 2, 'reason': 'rel_win1=47.8%（本命度） / 最有力組み合わせ確率: 0.063（推定実オッズ?21倍） / 2着集中度: 上位2艇 66.8%（補正+0.00） / 総合判定確率: 0.063 / → ヒモ分散。1号艇1着固定で広めのヒモ流し推奨（買い目+2点）', 'tenji_trigger': '展示確認: ヒモ分散レース。1号艇伸び確認後、広めのヒモ流しを採用。穴ヒモ（5・6号艇）を積極的に含める。'}",,,37.8,逃げ狙い,50.31,28.5,2,,,,,,,,,,,
2025-06-01,丸亀,10,1,土屋智則,A1,42.11,1,◎,51.5639,,0,87.8,0.1263,3.1585,,,0,低,34,0,逃1%,2 3 33,0,61.1,1.1056,0.7647,,,,,0.1235,0.1235,0.1471,◎,,B,,,,0.627,,0.4961,B,58,0,◎○△フォーメーション（15〜20点）,0.5777,"{'is_target': True, 'verdict': '参加推奨', 'max_combo_prob': 0.056, 'est_top_odds': 23.8, 'circle_concentration': 61.3, 'eligible_count': 9, 'bet_adj': 2, 'reason': 'rel_win1=51.6%（本命度） / 最有力組み合わせ確率: 0.056（推定実オッズ?24倍） / 2着集中度: 上位2艇 61.3%（補正+0.00） / 総合判定確率: 0.056 / → ヒモ分散。1号艇1着固定で広めのヒモ流し推奨（買い目+2点）', 'tenji_trigger': '展示確認: ヒモ分散レース。1号艇伸び確認後、広めのヒモ流しを採用。穴ヒモ（5・6号艇）を積極的に含める。\n展示で1号艇スタート超安定(0.126秒)→ヒモ固まり方向に注意'}",,,37.6,両建て推奨,48.99,29,2,,,,,0,0,0.7559,0,,逃げ軸流し,A
2025-06-01,丸亀,10,2,佐藤　翼,A1,45.91,2,○,12.5791,34.7,100,100,0.1118,2.2273,,,0,低,13,1,ま0% 抜0%,1 334,0,64.1,1.5372,0,0,0.1429,0,0.1429,0,0.1429,0.1429,,◎,A,◎,,0.4661,0.711,,0.4961,B,58,0,◎○△フォーメーション（15〜20点）,0.5777,"{'is_target': True, 'verdict': '参加推奨', 'max_combo_prob': 0.056, 'est_top_odds': 23.8, 'circle_concentration': 61.3, 'eligible_count': 9, 'bet_adj': 2, 'reason': 'rel_win1=51.6%（本命度） / 最有力組み合わせ確率: 0.056（推定実オッズ?24倍） / 2着集中度: 上位2艇 61.3%（補正+0.00） / 総合判定確率: 0.056 / → ヒモ分散。1号艇1着固定で広めのヒモ流し推奨（買い目+2点）', 'tenji_trigger': '展示確認: ヒモ分散レース。1号艇伸び確認後、広めのヒモ流しを採用。穴ヒモ（5・6号艇）を積極的に含める。\n展示で1号艇スタート超安定(0.126秒)→ヒモ固まり方向に注意'}",,,37.6,両建て推奨,48.99,29,2,,,,,,,,,,,
2025-06-01,丸亀,10,3,瓜生正義,A1,27.84,3,,11.426,24.6,68,81.2,0.1681,3.2188,,,0,低,21,0,差0% 差ま0%,5 322,0,39.7,1.3867,0,0.125,0,0.125,0,0.0833,0.0833,0.1667,,,E,,,0.1373,0.653,,0.4961,B,58,0,◎○△フォーメーション（15〜20点）,0.5777,"{'is_target': True, 'verdict': '参加推奨', 'max_combo_prob': 0.056, 'est_top_odds': 23.8, 'circle_concentration': 61.3, 'eligible_count': 9, 'bet_adj': 2, 'reason': 'rel_win1=51.6%（本命度） / 最有力組み合わせ確率: 0.056（推定実オッズ?24倍） / 2着集中度: 上位2艇 61.3%（補正+0.00） / 総合判定確率: 0.056 / → ヒモ分散。1号艇1着固定で広めのヒモ流し推奨（買い目+2点）', 'tenji_trigger': '展示確認: ヒモ分散レース。1号艇伸び確認後、広めのヒモ流しを採用。穴ヒモ（5・6号艇）を積極的に含める。\n展示で1号艇スタート超安定(0.126秒)→ヒモ固まり方向に注意'}",,,37.6,両建て推奨,48.99,29,2,,,,,,,,,,,
2025-06-01,丸亀,10,4,守田俊介,A1,33.14,4,▲,15.5965,26.5,52,80.7,0.1248,1.9677,,,0,低,21,0,差0% ま0% 差ま0% 抜0%,3 132,0,80.4,1.737,0,0.1111,0.2222,0.1111,0.1111,0.05,0,0,,,D,○,◎,0.3446,0.704,0.4759,0.4961,B,58,0,◎○△フォーメーション（15〜20点）,0.5777,"{'is_target': True, 'verdict': '参加推奨', 'max_combo_prob': 0.056, 'est_top_odds': 23.8, 'circle_concentration': 61.3, 'eligible_count': 9, 'bet_adj': 2, 'reason': 'rel_win1=51.6%（本命度） / 最有力組み合わせ確率: 0.056（推定実オッズ?24倍） / 2着集中度: 上位2艇 61.3%（補正+0.00） / 総合判定確率: 0.056 / → ヒモ分散。1号艇1着固定で広めのヒモ流し推奨（買い目+2点）', 'tenji_trigger': '展示確認: ヒモ分散レース。1号艇伸び確認後、広めのヒモ流しを採用。穴ヒモ（5・6号艇）を積極的に含める。\n展示で1号艇スタート超安定(0.126秒)→ヒモ固まり方向に注意'}",,,37.6,両建て推奨,48.99,29,2,,,,,,,,,,,
2025-06-01,丸亀,10,5,羽野直也,A1,30.54,5,,6.667,10.2,90,75,0.1467,3.2917,,,0,低,17,1,ま0% 差ま0%,5 216,0,96.3,1.9343,0,0,0.1111,0.1111,0,0.0769,0.1538,0.0769,,,D,△,,0.2437,0.681,,0.4961,B,58,0,◎○△フォーメーション（15〜20点）,0.5777,"{'is_target': True, 'verdict': '参加推奨', 'max_combo_prob': 0.056, 'est_top_odds': 23.8, 'circle_concentration': 61.3, 'eligible_count': 9, 'bet_adj': 2, 'reason': 'rel_win1=51.6%（本命度） / 最有力組み合わせ確率: 0.056（推定実オッズ?24倍） / 2着集中度: 上位2艇 61.3%（補正+0.00） / 総合判定確率: 0.056 / → ヒモ分散。1号艇1着固定で広めのヒモ流し推奨（買い目+2点）', 'tenji_trigger': '展示確認: ヒモ分散レース。1号艇伸び確認後、広めのヒモ流しを採用。穴ヒモ（5・6号艇）を積極的に含める。\n展示で1号艇スタート超安定(0.126秒)→ヒモ固まり方向に注意'}",,,37.6,両建て推奨,48.99,29,2,,,,,,,,,,,
2025-06-01,丸亀,10,6,河合佑樹,A1,39.88,6,△,2.1675,3.9,78,80,0.135,3.35,,,0,低,30,1,差ま0%,1 254,0,100,2.8278,0,0,0,0.0417,0,0.08,0,0,,,C,△,,0.2529,0.6775,,0.4961,B,58,0,◎○△フォーメーション（15〜20点）,0.5777,"{'is_target': True, 'verdict': '参加推奨', 'max_combo_prob': 0.056, 'est_top_odds': 23.8, 'circle_concentration': 61.3, 'eligible_count': 9, 'bet_adj': 2, 'reason': 'rel_win1=51.6%（本命度） / 最有力組み合わせ確率: 0.056（推定実オッズ?24倍） / 2着集中度: 上位2艇 61.3%（補正+0.00） / 総合判定確率: 0.056 / → ヒモ分散。1号艇1着固定で広めのヒモ流し推奨（買い目+2点）', 'tenji_trigger': '展示確認: ヒモ分散レース。1号艇伸び確認後、広めのヒモ流しを採用。穴ヒモ（5・6号艇）を積極的に含める。\n展示で1号艇スタート超安定(0.126秒)→ヒモ固まり方向に注意'}",,,37.6,両建て推奨,48.99,29,2,,,,,,,,,,,
2025-06-01,丸亀,11,1,吉田拡郎,A1,28.86,1,◎,58.4522,,0,96.4,0.1089,2.0714,,,0,低,10,0,逃1%,1 143,0,79.7,1.2209,0.8182,,,,,0.0909,0,0,◎,,E,○,,,0.81,,0.7138,A,77,0,◎-○軸 3着3〜4艇流し（10〜15点）,0.5777,"{'is_target': True, 'verdict': '参加推奨', 'max_combo_prob': 0.0789, 'est_top_odds': 16.9, 'circle_concentration': 68.0, 'eligible_count': 8, 'bet_adj': 2, 'reason': 'rel_win1=58.5%（本命度） / 最有力組み合わせ確率: 0.079（推定実オッズ?17倍） / 2着集中度: 上位2艇 68.0%（補正+0.00） / 総合判定確率: 0.079 / → ヒモ分散。1号艇1着固定で広めのヒモ流し推奨（買い目+2点）', 'tenji_trigger': '展示確認: ヒモ分散レース。1号艇伸び確認後、広めのヒモ流しを採用。穴ヒモ（5・6号艇）を積極的に含める。\n展示で1号艇スタート超安定(0.109秒)→ヒモ固まり方向に注意'}",,,29,逃げ狙い,27.97,22.3,4,,,,,0,0,0.7559,0,,逃げ軸流し,A
2025-06-01,丸亀,11,2,宮地元輝,A1,35.50,2,▲,12.022,43.6,81,83.3,0.1008,2.875,,,0,低,13,1,差0%,421 23,0,70,1.2984,0,0.0556,0,0,0,0,0,0.1667,,◎,C,△,,0.3923,0.6895,,0.7138,A,77,0,◎-○軸 3着3〜4艇流し（10〜15点）,0.5777,"{'is_target': True, 'verdict': '参加推奨', 'max_combo_prob': 0.0789, 'est_top_odds': 16.9, 'circle_concentration': 68.0, 'eligible_count': 8, 'bet_adj': 2, 'reason': 'rel_win1=58.5%（本命度） / 最有力組み合わせ確率: 0.079（推定実オッズ?17倍） / 2着集中度: 上位2艇 68.0%（補正+0.00） / 総合判定確率: 0.079 / → ヒモ分散。1号艇1着固定で広めのヒモ流し推奨（買い目+2点）', 'tenji_trigger': '展示確認: ヒモ分散レース。1号艇伸び確認後、広めのヒモ流しを採用。穴ヒモ（5・6号艇）を積極的に含める。\n展示で1号艇スタート超安定(0.109秒)→ヒモ固まり方向に注意'}",,,29,逃げ狙い,27.97,22.3,4,,,,,,,,,,,
2025-06-01,丸亀,11,3,遠藤エミ,A1,45.03,3,○,10.6233,20.2,87,87.5,0.1444,2.5625,,,0,低,24,0,差ま0% 抜0%,341 5,0,56.2,1.4548,0,0,0,0.2,0.2,0.1429,0.1429,0.1429,,,B,,,0.1557,0.649,,0.7138,A,77,0,◎-○軸 3着3〜4艇流し（10〜15点）,0.5777,"{'is_target': True, 'verdict': '参加推奨', 'max_combo_prob': 0.0789, 'est_top_odds': 16.9, 'circle_concentration': 68.0, 'eligible_count': 8, 'bet_adj': 2, 'reason': 'rel_win1=58.5%（本命度） / 最有力組み合わせ確率: 0.079（推定実オッズ?17倍） / 2着集中度: 上位2艇 68.0%（補正+0.00） / 総合判定確率: 0.079 / → ヒモ分散。1号艇1着固定で広めのヒモ流し推奨（買い目+2点）', 'tenji_trigger': '展示確認: ヒモ分散レース。1号艇伸び確認後、広めのヒモ流しを採用。穴ヒモ（5・6号艇）を積極的に含める。\n展示で1号艇スタート超安定(0.109秒)→ヒモ固まり方向に注意'}",,,29,逃げ狙い,27.97,22.3,4,,,,,,,,,,,
2025-06-01,丸亀,11,4,片岡雅裕,A1,29.19,4,,11.0596,24.4,79,94.7,0.1032,1.8684,,,0,低,5,0,差0% 差ま0%,611 2,0,31.8,0.9545,0,0.1,0,0.2,0,0.0286,0,0.3571,,,D,◎,◎,0.3372,0.8292,0.6395,0.7138,A,77,0,◎-○軸 3着3〜4艇流し（10〜15点）,0.5777,"{'is_target': True, 'verdict': '参加推奨', 'max_combo_prob': 0.0789, 'est_top_odds': 16.9, 'circle_concentration': 68.0, 'eligible_count': 8, 'bet_adj': 2, 'reason': 'rel_win1=58.5%（本命度） / 最有力組み合わせ確率: 0.079（推定実オッズ?17倍） / 2着集中度: 上位2艇 68.0%（補正+0.00） / 総合判定確率: 0.079 / → ヒモ分散。1号艇1着固定で広めのヒモ流し推奨（買い目+2点）', 'tenji_trigger': '展示確認: ヒモ分散レース。1号艇伸び確認後、広めのヒモ流しを採用。穴ヒモ（5・6号艇）を積極的に含める。\n展示で1号艇スタート超安定(0.109秒)→ヒモ固まり方向に注意'}",,,29,逃げ狙い,27.97,22.3,4,,,,,,,,,,,
2025-06-01,丸亀,11,5,篠崎仁志,A1,39.18,5,,5.2793,9.6,100,57.1,0.1464,3.0357,,,0,低,29,0,差0%,5 6 12,0,54,1.5207,0,0.0909,0,0,0,0.0952,0,0,,,C,△,,0.1698,0.7005,,0.7138,A,77,0,◎-○軸 3着3〜4艇流し（10〜15点）,0.5777,"{'is_target': True, 'verdict': '参加推奨', 'max_combo_prob': 0.0789, 'est_top_odds': 16.9, 'circle_concentration': 68.0, 'eligible_count': 8, 'bet_adj': 2, 'reason': 'rel_win1=58.5%（本命度） / 最有力組み合わせ確率: 0.079（推定実オッズ?17倍） / 2着集中度: 上位2艇 68.0%（補正+0.00） / 総合判定確率: 0.079 / → ヒモ分散。1号艇1着固定で広めのヒモ流し推奨（買い目+2点）', 'tenji_trigger': '展示確認: ヒモ分散レース。1号艇伸び確認後、広めのヒモ流しを採用。穴ヒモ（5・6号艇）を積極的に含める。\n展示で1号艇スタート超安定(0.109秒)→ヒモ固まり方向に注意'}",,,29,逃げ狙い,27.97,22.3,4,,,,,,,,,,,
2025-06-01,丸亀,11,6,井口佳典,A1,46.71,6,△,2.5636,2.2,57,63.6,0.1564,4.0455,,,0,低,31,1,差ま0%,2 451,0,100,2.3283,0,0,0,0.0303,0,0,0.1667,0.1667,,,A,,,0.1292,0.6355,,0.7138,A,77,0,◎-○軸 3着3〜4艇流し（10〜15点）,0.5777,"{'is_target': True, 'verdict': '参加推奨', 'max_combo_prob': 0.0789, 'est_top_odds': 16.9, 'circle_concentration': 68.0, 'eligible_count': 8, 'bet_adj': 2, 'reason': 'rel_win1=58.5%（本命度） / 最有力組み合わせ確率: 0.079（推定実オッズ?17倍） / 2着集中度: 上位2艇 68.0%（補正+0.00） / 総合判定確率: 0.079 / → ヒモ分散。1号艇1着固定で広めのヒモ流し推奨（買い目+2点）', 'tenji_trigger': '展示確認: ヒモ分散レース。1号艇伸び確認後、広めのヒモ流しを採用。穴ヒモ（5・6号艇）を積極的に含める。\n展示で1号艇スタート超安定(0.109秒)→ヒモ固まり方向に注意'}",,,29,逃げ狙い,27.97,22.3,4,,,,,,,,,,,
2025-06-01,丸亀,12,1,佐藤隆太,A1,50.00,1,◎,58.2434,,0,95,0.1477,2.7375,,,0,低,32,0,逃1%,1 2 12,0,74.1,1.2056,0.75,,,,,0.0833,0.0833,0,◎,,A,,,,0.6665,,0.5121,B,58,0,◎○△フォーメーション（15〜20点）,0.5777,"{'is_target': True, 'verdict': '参加推奨', 'max_combo_prob': 0.0809, 'est_top_odds': 16.5, 'circle_concentration': 65.4, 'eligible_count': 9, 'bet_adj': 2, 'reason': 'rel_win1=58.2%（本命度） / 最有力組み合わせ確率: 0.081（推定実オッズ?16倍） / 2着集中度: 上位2艇 65.4%（補正+0.00） / 総合判定確率: 0.081 / → ヒモ分散。1号艇1着固定で広めのヒモ流し推奨（買い目+2点）', 'tenji_trigger': '展示確認: ヒモ分散レース。1号艇伸び確認後、広めのヒモ流しを採用。穴ヒモ（5・6号艇）を積極的に含める。'}",,,42.3,両建て推奨,52.28,25.2,2,,,,,0,0,0.7559,0,,逃げ軸流し,A
2025-06-01,丸亀,12,2,茅原悠紀,A1,30.99,2,,11.1113,37.9,73,90,0.145,3.35,,,0,低,13,1,抜0%,3 2 13,0,100,1.3867,0,0,0,0,0.1667,0,0,0.0714,,,E,△,,0.3545,0.6725,,0.5121,B,58,0,◎○△フォーメーション（15〜20点）,0.5777,"{'is_target': True, 'verdict': '参加推奨', 'max_combo_prob': 0.0809, 'est_top_odds': 16.5, 'circle_concentration': 65.4, 'eligible_count': 9, 'bet_adj': 2, 'reason': 'rel_win1=58.2%（本命度） / 最有力組み合わせ確率: 0.081（推定実オッズ?16倍） / 2着集中度: 上位2艇 65.4%（補正+0.00） / 総合判定確率: 0.081 / → ヒモ分散。1号艇1着固定で広めのヒモ流し推奨（買い目+2点）', 'tenji_trigger': '展示確認: ヒモ分散レース。1号艇伸び確認後、広めのヒモ流しを採用。穴ヒモ（5・6号艇）を積極的に含める。'}",,,42.3,両建て推奨,52.28,25.2,2,,,,,,,,,,,
2025-06-01,丸亀,12,3,峰　竜太,A1,37.79,3,,10.9983,17.1,73,77.8,0.1267,2.7778,,,0,低,4,1,ま0%,1 4241,0,38.7,1.3304,0,0,0.2,0,0,0,0,0,,△,D,◎,,0.429,0.8175,,0.5121,B,58,0,◎○△フォーメーション（15〜20点）,0.5777,"{'is_target': True, 'verdict': '参加推奨', 'max_combo_prob': 0.0809, 'est_top_odds': 16.5, 'circle_concentration': 65.4, 'eligible_count': 9, 'bet_adj': 2, 'reason': 'rel_win1=58.2%（本命度） / 最有力組み合わせ確率: 0.081（推定実オッズ?16倍） / 2着集中度: 上位2艇 65.4%（補正+0.00） / 総合判定確率: 0.081 / → ヒモ分散。1号艇1着固定で広めのヒモ流し推奨（買い目+2点）', 'tenji_trigger': '展示確認: ヒモ分散レース。1号艇伸び確認後、広めのヒモ流しを採用。穴ヒモ（5・6号艇）を積極的に含める。'}",,,42.3,両建て推奨,52.28,25.2,2,,,,,,,,,,,
2025-06-01,丸亀,12,4,磯部　誠,A1,37.91,4,○,9.3478,27.5,52,87.5,0.1138,2.1875,,,0,低,9,0,差0% ま0%,4 321,0,68.2,1.5749,0,0.125,0.25,0,0,,,,,○,C,○,,0.4743,0.715,,0.5121,B,58,0,◎○△フォーメーション（15〜20点）,0.5777,"{'is_target': True, 'verdict': '参加推奨', 'max_combo_prob': 0.0809, 'est_top_odds': 16.5, 'circle_concentration': 65.4, 'eligible_count': 9, 'bet_adj': 2, 'reason': 'rel_win1=58.2%（本命度） / 最有力組み合わせ確率: 0.081（推定実オッズ?16倍） / 2着集中度: 上位2艇 65.4%（補正+0.00） / 総合判定確率: 0.081 / → ヒモ分散。1号艇1着固定で広めのヒモ流し推奨（買い目+2点）', 'tenji_trigger': '展示確認: ヒモ分散レース。1号艇伸び確認後、広めのヒモ流しを採用。穴ヒモ（5・6号艇）を積極的に含める。'}",,,42.3,両建て推奨,52.28,25.2,2,,,,,,,,,,,
2025-06-01,丸亀,12,5,桐生順平,A1,44.44,5,△,7.8224,14.8,100,92.3,0.1485,3.6154,,,0,低,20,1,差ま0%,321 24,0,52.7,2.3617,0,0,0,0.3333,0,0.125,0.25,0.125,,,B,△,◎,0.3465,0.7,0.4031,0.5121,B,58,0,◎○△フォーメーション（15〜20点）,0.5777,"{'is_target': True, 'verdict': '参加推奨', 'max_combo_prob': 0.0809, 'est_top_odds': 16.5, 'circle_concentration': 65.4, 'eligible_count': 9, 'bet_adj': 2, 'reason': 'rel_win1=58.2%（本命度） / 最有力組み合わせ確率: 0.081（推定実オッズ?16倍） / 2着集中度: 上位2艇 65.4%（補正+0.00） / 総合判定確率: 0.081 / → ヒモ分散。1号艇1着固定で広めのヒモ流し推奨（買い目+2点）', 'tenji_trigger': '展示確認: ヒモ分散レース。1号艇伸び確認後、広めのヒモ流しを採用。穴ヒモ（5・6号艇）を積極的に含める。'}",,,42.3,両建て推奨,52.28,25.2,2,,,,,,,,,,,
2025-06-01,丸亀,12,6,篠崎元志,A1,38.61,6,▲,2.4768,2.7,48,85.7,0.1243,2.5714,,,0,低,22,1,ま0%,4 312,0,100,3.0161,0,0,0.5,0,0,0,0.0667,0.1333,,◎,C,,,0.499,0.662,,0.5121,B,58,0,◎○△フォーメーション（15〜20点）,0.5777,"{'is_target': True, 'verdict': '参加推奨', 'max_combo_prob': 0.0809, 'est_top_odds': 16.5, 'circle_concentration': 65.4, 'eligible_count': 9, 'bet_adj': 2, 'reason': 'rel_win1=58.2%（本命度） / 最有力組み合わせ確率: 0.081（推定実オッズ?16倍） / 2着集中度: 上位2艇 65.4%（補正+0.00） / 総合判定確率: 0.081 / → ヒモ分散。1号艇1着固定で広めのヒモ流し推奨（買い目+2点）', 'tenji_trigger': '展示確認: ヒモ分散レース。1号艇伸び確認後、広めのヒモ流しを採用。穴ヒモ（5・6号艇）を積極的に含める。'}",,,42.3,両建て推奨,52.28,25.2,2,,,,,,,,,,,
2025-06-09,丸亀,1,1,嶋田貴支,B1,39.66,1,◎,64.5291,,0,82.2,0.1524,3.2,,,0,低,134,0,逃1%,,0,85,1.0628,0.6087,,,,,0.0174,0.0522,0.1174,○,,B,△,,,0.6045,,0.4448,A,77,0,◎-○軸 3着3〜4艇流し（10〜15点）,0.5777,"{'is_target': True, 'verdict': '参加推奨', 'max_combo_prob': 0.0782, 'est_top_odds': 17.1, 'circle_concentration': 66.2, 'eligible_count': 8, 'bet_adj': 2, 'reason': 'rel_win1=64.5%（本命度） / 最有力組み合わせ確率: 0.078（推定実オッズ?17倍） / 2着集中度: 上位2艇 66.2%（補正+0.00） / 総合判定確率: 0.078 / → ヒモ分散。1号艇1着固定で広めのヒモ流し推奨（買い目+2点）', 'tenji_trigger': '展示確認: ヒモ分散レース。1号艇伸び確認後、広めのヒモ流しを採用。穴ヒモ（5・6号艇）を積極的に含める。'}",,,25.3,逃げ狙い,11.66,25.8,2,,,,,0,0,0.6155,0,,逃げ軸流し,A
2025-06-09,丸亀,1,2,品川賢次,B1,34.73,2,▲,9.1857,35.2,100,43.1,0.1976,4.2157,,,0,低,141,0,抜0%,,0,38.3,0.7341,0,0,0,0,0.0588,0.3835,0.1489,0.1278,,,C,,,0.0775,0.59,,0.4448,A,77,0,◎-○軸 3着3〜4艇流し（10〜15点）,0.5777,"{'is_target': True, 'verdict': '参加推奨', 'max_combo_prob': 0.0782, 'est_top_odds': 17.1, 'circle_concentration': 66.2, 'eligible_count': 8, 'bet_adj': 2, 'reason': 'rel_win1=64.5%（本命度） / 最有力組み合わせ確率: 0.078（推定実オッズ?17倍） / 2着集中度: 上位2艇 66.2%（補正+0.00） / 総合判定確率: 0.078 / → ヒモ分散。1号艇1着固定で広めのヒモ流し推奨（買い目+2点）', 'tenji_trigger': '展示確認: ヒモ分散レース。1号艇伸び確認後、広めのヒモ流しを採用。穴ヒモ（5・6号艇）を積極的に含める。'}",,,25.3,逃げ狙い,11.66,25.8,2,,,,,,,,,,,
2025-06-09,丸亀,1,3,東　健介,B1,38.75,3,○,11.7683,31,76,42.5,0.133,2.8191,,,0,低,99,0,-,,0,59.6,1.2058,0,0,0,0.0769,0,0.0667,0.1556,0.5389,,◎,B,○,,0.3893,0.631,,0.4448,A,77,0,◎-○軸 3着3〜4艇流し（10〜15点）,0.5777,"{'is_target': True, 'verdict': '参加推奨', 'max_combo_prob': 0.0782, 'est_top_odds': 17.1, 'circle_concentration': 66.2, 'eligible_count': 8, 'bet_adj': 2, 'reason': 'rel_win1=64.5%（本命度） / 最有力組み合わせ確率: 0.078（推定実オッズ?17倍） / 2着集中度: 上位2艇 66.2%（補正+0.00） / 総合判定確率: 0.078 / → ヒモ分散。1号艇1着固定で広めのヒモ流し推奨（買い目+2点）', 'tenji_trigger': '展示確認: ヒモ分散レース。1号艇伸び確認後、広めのヒモ流しを採用。穴ヒモ（5・6号艇）を積極的に含める。'}",,,25.3,逃げ狙い,11.66,25.8,2,,,,,,,,,,,
2025-06-09,丸亀,1,4,岡谷健吾,B1,30.18,4,,8.8746,25.7,95,47.7,0.1822,4.3846,,,0,低,180,0,差ま0%,,0,52.3,1.0317,0,0,0,0.037,0,0.1444,0.1296,0.1593,,,D,◎,,0.1659,0.69,,0.4448,A,77,0,◎-○軸 3着3〜4艇流し（10〜15点）,0.5777,"{'is_target': True, 'verdict': '参加推奨', 'max_combo_prob': 0.0782, 'est_top_odds': 17.1, 'circle_concentration': 66.2, 'eligible_count': 8, 'bet_adj': 2, 'reason': 'rel_win1=64.5%（本命度） / 最有力組み合わせ確率: 0.078（推定実オッズ?17倍） / 2着集中度: 上位2艇 66.2%（補正+0.00） / 総合判定確率: 0.078 / → ヒモ分散。1号艇1着固定で広めのヒモ流し推奨（買い目+2点）', 'tenji_trigger': '展示確認: ヒモ分散レース。1号艇伸び確認後、広めのヒモ流しを採用。穴ヒモ（5・6号艇）を積極的に含める。'}",,,25.3,逃げ狙い,11.66,25.8,2,,,,,,,,,,,
2025-06-09,丸亀,1,5,日高龍之,B2,34.34,5,△,4.5039,6.4,61,11.1,0.1806,4.2222,,,0,低,49,0,-,,0,24.1,0.7707,,,,,,,,,,,C,,,0.2241,0.529,,0.4448,A,77,0,◎-○軸 3着3〜4艇流し（10〜15点）,0.5777,"{'is_target': True, 'verdict': '参加推奨', 'max_combo_prob': 0.0782, 'est_top_odds': 17.1, 'circle_concentration': 66.2, 'eligible_count': 8, 'bet_adj': 2, 'reason': 'rel_win1=64.5%（本命度） / 最有力組み合わせ確率: 0.078（推定実オッズ?17倍） / 2着集中度: 上位2艇 66.2%（補正+0.00） / 総合判定確率: 0.078 / → ヒモ分散。1号艇1着固定で広めのヒモ流し推奨（買い目+2点）', 'tenji_trigger': '展示確認: ヒモ分散レース。1号艇伸び確認後、広めのヒモ流しを採用。穴ヒモ（5・6号艇）を積極的に含める。'}",,,25.3,逃げ狙い,11.66,25.8,2,,,,,,,,,,,
2025-06-09,丸亀,1,6,和合俊介,B1,28.66,6,,1.1384,1.7,44,9.6,0.206,4.6442,,,0,低,102,0,-,,0,32.7,0.8222,,,,,,0.3333,0.5333,0.08,,,E,△,,0.1394,0.6265,,0.4448,A,77,0,◎-○軸 3着3〜4艇流し（10〜15点）,0.5777,"{'is_target': True, 'verdict': '参加推奨', 'max_combo_prob': 0.0782, 'est_top_odds': 17.1, 'circle_concentration': 66.2, 'eligible_count': 8, 'bet_adj': 2, 'reason': 'rel_win1=64.5%（本命度） / 最有力組み合わせ確率: 0.078（推定実オッズ?17倍） / 2着集中度: 上位2艇 66.2%（補正+0.00） / 総合判定確率: 0.078 / → ヒモ分散。1号艇1着固定で広めのヒモ流し推奨（買い目+2点）', 'tenji_trigger': '展示確認: ヒモ分散レース。1号艇伸び確認後、広めのヒモ流しを採用。穴ヒモ（5・6号艇）を積極的に含める。'}",,,25.3,逃げ狙い,11.66,25.8,2,,,,,,,,,,,
2025-06-09,丸亀,2,1,木村浩士,B1,26.06,1,◎,57.5157,,0,80.6,0.2004,4.2463,,,0,低,221,0,逃0%,,0,64.1,1.0543,0.4643,,,,,0.1143,0.2714,0.1286,△,,E,○,,,0.6485,,0.2553,S,81,0,◎1着固定 2-3着流し（5〜8点）,0.5777,"{'is_target': True, 'verdict': '参加推奨', 'max_combo_prob': 0.0746, 'est_top_odds': 17.9, 'circle_concentration': 69.9, 'eligible_count': 6, 'bet_adj': 2, 'reason': 'rel_win1=57.5%（本命度） / 最有力組み合わせ確率: 0.075（推定実オッズ?18倍） / 2着集中度: 上位2艇 69.9%（補正+0.00） / 総合判定確率: 0.075 / → ヒモ分散。1号艇1着固定で広めのヒモ流し推奨（買い目+2点）', 'tenji_trigger': '展示確認: ヒモ分散レース。1号艇伸び確認後、広めのヒモ流しを採用。穴ヒモ（5・6号艇）を積極的に含める。\n展示で1号艇スタート遅め(0.200秒)確認→ヒモが荒れやすい'}",,,36.3,逃げ狙い,20.32,35.5,3,2-3-4|1-2-3|1-2-4|1-2-5|2-1-4|1-3-4,6-1-4|5-1-6|6-1-3|6-4-1|2-3-4|5-1-3|6-3-1|1-2-3|1-2-4|1-2-5|2-1-4|1-3-4,2-3-4:1.82%|1-2-3:6.97%|1-2-4:6.68%|1-2-5:6.67%|2-1-4:6.0%|1-3-4:5.94%,2-3-4:B_main|1-2-3:A|1-2-4:A|1-2-5:A|2-1-4:B_sc|1-3-4:A,6,12,0.4535,1,[!]見送り推奨（主役決まり手「まくり」― 逃げ劣勢レースで的中実績なし）,荒れ広め,D
2025-06-09,丸亀,2,2,森作広大,B1,52.20,2,○,11.0809,35.2,97,30.9,0.1631,3.7619,,,0,低,96,0,ま0%,,0,18.9,0.5645,0,0,0.0435,0,0,0.5412,0,0.1412,,◎,A,,,0.5718,0.596,,0.2553,S,81,0,◎1着固定 2-3着流し（5〜8点）,0.5777,"{'is_target': True, 'verdict': '参加推奨', 'max_combo_prob': 0.0746, 'est_top_odds': 17.9, 'circle_concentration': 69.9, 'eligible_count': 6, 'bet_adj': 2, 'reason': 'rel_win1=57.5%（本命度） / 最有力組み合わせ確率: 0.075（推定実オッズ?18倍） / 2着集中度: 上位2艇 69.9%（補正+0.00） / 総合判定確率: 0.075 / → ヒモ分散。1号艇1着固定で広めのヒモ流し推奨（買い目+2点）', 'tenji_trigger': '展示確認: ヒモ分散レース。1号艇伸び確認後、広めのヒモ流しを採用。穴ヒモ（5・6号艇）を積極的に含める。\n展示で1号艇スタート遅め(0.200秒)確認→ヒモが荒れやすい'}",,,36.3,逃げ狙い,20.32,35.5,3,,,,,,,,,,,
2025-06-09,丸亀,2,3,冨成謙児,B1,27.27,3,△,13.889,34.8,81,44.4,0.1425,3.1111,,,0,低,112,0,-,,0,42.4,1.0271,0,0.037,0,0,0,0.3043,0.1739,0.1739,,○,D,◎,,0.489,0.6875,,0.2553,S,81,0,◎1着固定 2-3着流し（5〜8点）,0.5777,"{'is_target': True, 'verdict': '参加推奨', 'max_combo_prob': 0.0746, 'est_top_odds': 17.9, 'circle_concentration': 69.9, 'eligible_count': 6, 'bet_adj': 2, 'reason': 'rel_win1=57.5%（本命度） / 最有力組み合わせ確率: 0.075（推定実オッズ?18倍） / 2着集中度: 上位2艇 69.9%（補正+0.00） / 総合判定確率: 0.075 / → ヒモ分散。1号艇1着固定で広めのヒモ流し推奨（買い目+2点）', 'tenji_trigger': '展示確認: ヒモ分散レース。1号艇伸び確認後、広めのヒモ流しを採用。穴ヒモ（5・6号艇）を積極的に含める。\n展示で1号艇スタート遅め(0.200秒)確認→ヒモが荒れやすい'}",,,36.3,逃げ狙い,20.32,35.5,3,,,,,,,,,,,
2025-06-09,丸亀,2,4,近藤稔也,B1,34.64,4,,9.3772,6.6,77,37.9,0.1947,4.0985,,,0,低,180,0,抜0%,,0,71.7,0.8921,0,0,0,0,0.0323,0.368,0.32,0.064,,,C,△,,0.3768,0.609,,0.2553,S,81,0,◎1着固定 2-3着流し（5〜8点）,0.5777,"{'is_target': True, 'verdict': '参加推奨', 'max_combo_prob': 0.0746, 'est_top_odds': 17.9, 'circle_concentration': 69.9, 'eligible_count': 6, 'bet_adj': 2, 'reason': 'rel_win1=57.5%（本命度） / 最有力組み合わせ確率: 0.075（推定実オッズ?18倍） / 2着集中度: 上位2艇 69.9%（補正+0.00） / 総合判定確率: 0.075 / → ヒモ分散。1号艇1着固定で広めのヒモ流し推奨（買い目+2点）', 'tenji_trigger': '展示確認: ヒモ分散レース。1号艇伸び確認後、広めのヒモ流しを採用。穴ヒモ（5・6号艇）を積極的に含める。\n展示で1号艇スタート遅め(0.200秒)確認→ヒモが荒れやすい'}",,,36.3,逃げ狙い,20.32,35.5,3,,,,,,,,,,,
2025-06-09,丸亀,2,5,飯島昌弘,A1,39.77,5,▲,6.7076,22.8,100,50.9,0.167,3.5283,,,0,低,119,0,-,,0,34.8,1.4495,,,,,,0,0.1242,0.0242,,△,B,△,,0.457,0.6275,,0.2553,S,81,0,◎1着固定 2-3着流し（5〜8点）,0.5777,"{'is_target': True, 'verdict': '参加推奨', 'max_combo_prob': 0.0746, 'est_top_odds': 17.9, 'circle_concentration': 69.9, 'eligible_count': 6, 'bet_adj': 2, 'reason': 'rel_win1=57.5%（本命度） / 最有力組み合わせ確率: 0.075（推定実オッズ?18倍） / 2着集中度: 上位2艇 69.9%（補正+0.00） / 総合判定確率: 0.075 / → ヒモ分散。1号艇1着固定で広めのヒモ流し推奨（買い目+2点）', 'tenji_trigger': '展示確認: ヒモ分散レース。1号艇伸び確認後、広めのヒモ流しを採用。穴ヒモ（5・6号艇）を積極的に含める。\n展示で1号艇スタート遅め(0.200秒)確認→ヒモが荒れやすい'}",,,36.3,逃げ狙い,20.32,35.5,3,,,,,,,,,,,
2025-06-09,丸亀,2,6,宮本琉正,B2,38.79,6,,1.4296,0.7,13,1.4,0.1761,3.1571,,,0,低,33,0,-,,0,100,2.2322,,,,,,,,,,,C,,,0.428,0.504,,0.2553,S,81,0,◎1着固定 2-3着流し（5〜8点）,0.5777,"{'is_target': True, 'verdict': '参加推奨', 'max_combo_prob': 0.0746, 'est_top_odds': 17.9, 'circle_concentration': 69.9, 'eligible_count': 6, 'bet_adj': 2, 'reason': 'rel_win1=57.5%（本命度） / 最有力組み合わせ確率: 0.075（推定実オッズ?18倍） / 2着集中度: 上位2艇 69.9%（補正+0.00） / 総合判定確率: 0.075 / → ヒモ分散。1号艇1着固定で広めのヒモ流し推奨（買い目+2点）', 'tenji_trigger': '展示確認: ヒモ分散レース。1号艇伸び確認後、広めのヒモ流しを採用。穴ヒモ（5・6号艇）を積極的に含める。\n展示で1号艇スタート遅め(0.200秒)確認→ヒモが荒れやすい'}",,,36.3,逃げ狙い,20.32,35.5,3,,,,,,,,,,,
2025-06-09,丸亀,3,1,金子順一,B1,37.57,1,◎,37.8635,,0,74.1,0.1565,3.3333,,,0,低,148,0,-,,0,100,2.3154,0.36,,,,,0.38,0.18,0.064,△,,C,○,,,0.6315,,0.2841,D,33,1,大荒れ。見送り推奨,0.5777,"{'is_target': False, 'verdict': '対象外', 'max_combo_prob': None, 'est_top_odds': None, 'circle_concentration': None, 'eligible_count': 0, 'bet_adj': 0, 'reason': '1号艇rel_win1 < 45%: 通常判定に委ねる', 'tenji_trigger': ''}",,,33.3,両建て推奨,23.05,38.9,3,3-5-4|3-4-5|1-2-3|1-2-4|1-3-2|1-3-4|1-4-3,6-1-2|3-5-4|3-4-5|2-1-4|6-2-1|6-1-4|2-1-5|1-2-3|1-2-4|1-3-2|1-3-4|1-4-3,3-5-4:2.25%|3-4-5:2.06%|1-2-3:8.01%|1-2-4:6.27%|1-3-2:4.92%|1-3-4:4.83%|1-4-3:2.86%,3-5-4:B_main|3-4-5:B_main|1-2-3:A|1-2-4:A|1-3-2:A|1-3-4:A|1-4-3:A,7,12,0.4535,1,[!]見送り推奨（主役決まり手「まくり」― 逃げ劣勢レースで的中実績なし）,荒れ広め,D
2025-06-09,丸亀,3,2,興津　藍,B1,30.59,2,,16.129,53.3,78,65.6,0.1608,3.541,,,0,低,133,0,-,,0,41.6,1.0795,0,0.1724,0,0,0,0.1562,0.0343,0.179,,○,D,△,,0.3542,0.6195,,0.2841,D,33,1,大荒れ。見送り推奨,0.5777,"{'is_target': False, 'verdict': '対象外', 'max_combo_prob': None, 'est_top_odds': None, 'circle_concentration': None, 'eligible_count': 0, 'bet_adj': 0, 'reason': '1号艇rel_win1 < 45%: 通常判定に委ねる', 'tenji_trigger': ''}",,,33.3,両建て推奨,23.05,38.9,3,,,,,,,,,,,
2025-06-09,丸亀,3,3,里岡右貴,A1,36.52,3,○,29.9542,29.7,96,80,0.1384,2.7727,,,0,低,75,0,差0% ま0% 差ま0% 抜0%,,0,81.3,1.8717,0,0.1071,0.25,0.1786,0.0357,0.115,0.139,0.024,,◎,C,◎,,0.4748,0.641,,0.2841,D,33,1,大荒れ。見送り推奨,0.5777,"{'is_target': False, 'verdict': '対象外', 'max_combo_prob': None, 'est_top_odds': None, 'circle_concentration': None, 'eligible_count': 0, 'bet_adj': 0, 'reason': '1号艇rel_win1 < 45%: 通常判定に委ねる', 'tenji_trigger': ''}",,,33.3,両建て推奨,23.05,38.9,3,,,,,,,,,,,
2025-06-09,丸亀,3,4,井上尚悟,B1,44.38,4,△,6.8812,9.5,100,36.6,0.1741,3.5986,,,0,低,157,0,-,,0,53.3,1.3134,0,0.0286,0,0,0,0.1832,0.0842,0.1621,,,B,△,,0.2302,0.593,,0.2841,D,33,1,大荒れ。見送り推奨,0.5777,"{'is_target': False, 'verdict': '対象外', 'max_combo_prob': None, 'est_top_odds': None, 'circle_concentration': None, 'eligible_count': 0, 'bet_adj': 0, 'reason': '1号艇rel_win1 < 45%: 通常判定に委ねる', 'tenji_trigger': ''}",,,33.3,両建て推奨,23.05,38.9,3,,,,,,,,,,,
2025-06-09,丸亀,3,5,中里英夫,B1,45.10,5,▲,8.0665,6.3,79,36.2,0.1795,3.8534,,,0,低,123,0,差ま0%,,0,41,1.1219,0,0,0,0.0385,0,0.1292,0.2458,0.1958,,,A,◎,,0.2377,0.641,,0.2841,D,33,1,大荒れ。見送り推奨,0.5777,"{'is_target': False, 'verdict': '対象外', 'max_combo_prob': None, 'est_top_odds': None, 'circle_concentration': None, 'eligible_count': 0, 'bet_adj': 0, 'reason': '1号艇rel_win1 < 45%: 通常判定に委ねる', 'tenji_trigger': ''}",,,33.3,両建て推奨,23.05,38.9,3,,,,,,,,,,,
2025-06-09,丸亀,3,6,貫地谷直,B1,26.99,6,,1.1056,1.2,41,14,0.2379,5.3023,,,0,低,204,0,-,,0,34.2,1.5733,,,,,,0.0571,0.6214,0.2643,,,E,,,0.1658,0.5725,,0.2841,D,33,1,大荒れ。見送り推奨,0.5777,"{'is_target': False, 'verdict': '対象外', 'max_combo_prob': None, 'est_top_odds': None, 'circle_concentration': None, 'eligible_count': 0, 'bet_adj': 0, 'reason': '1号艇rel_win1 < 45%: 通常判定に委ねる', 'tenji_trigger': ''}",,,33.3,両建て推奨,23.05,38.9,3,,,,,,,,,,,
2025-06-09,丸亀,4,1,木場悠介,B1,38.51,1,◎,47.7295,,0,87.1,0.141,2.7016,,,0,低,101,0,逃1%,,0,53.9,0.9176,0.48,,,,,0.032,0.132,0.244,◎,,C,○,,,0.652,,0.4818,A,72,0,◎-○軸 3着3〜4艇流し（10〜15点）,0.5777,"{'is_target': True, 'verdict': '参加推奨', 'max_combo_prob': 0.0655, 'est_top_odds': 20.4, 'circle_concentration': 60.9, 'eligible_count': 8, 'bet_adj': 2, 'reason': 'rel_win1=47.7%（本命度） / 最有力組み合わせ確率: 0.065（推定実オッズ?20倍） / 2着集中度: 上位2艇 60.9%（補正+0.00） / 総合判定確率: 0.065 / → ヒモ分散。1号艇1着固定で広めのヒモ流し推奨（買い目+2点）', 'tenji_trigger': '展示確認: ヒモ分散レース。1号艇伸び確認後、広めのヒモ流しを採用。穴ヒモ（5・6号艇）を積極的に含める。'}",,,28.4,逃げ狙い,18.94,28.4,4,,,,,0,0,0.7559,0,,逃げ軸流し,A
2025-06-09,丸亀,4,2,岡本慎治,B1,29.82,2,,13.3925,32.1,100,73.1,0.1617,3.4712,,,0,低,107,0,-,,0,100,2.0714,0,0.0952,0.1429,0,0,0.4053,0.0421,0.2132,,,D,△,,0.1253,0.611,,0.4818,A,72,0,◎-○軸 3着3〜4艇流し（10〜15点）,0.5777,"{'is_target': True, 'verdict': '参加推奨', 'max_combo_prob': 0.0655, 'est_top_odds': 20.4, 'circle_concentration': 60.9, 'eligible_count': 8, 'bet_adj': 2, 'reason': 'rel_win1=47.7%（本命度） / 最有力組み合わせ確率: 0.065（推定実オッズ?20倍） / 2着集中度: 上位2艇 60.9%（補正+0.00） / 総合判定確率: 0.065 / → ヒモ分散。1号艇1着固定で広めのヒモ流し推奨（買い目+2点）', 'tenji_trigger': '展示確認: ヒモ分散レース。1号艇伸び確認後、広めのヒモ流しを採用。穴ヒモ（5・6号艇）を積極的に含める。'}",,,28.4,逃げ狙い,18.94,28.4,4,,,,,,,,,,,
2025-06-09,丸亀,4,3,深川和仁,B1,40.72,3,▲,12.5636,28.5,50,58,0.184,3.99,,,0,低,130,0,差ま0%,,0,35.5,1.121,0,0,0.0476,0.1429,0,0.2,0.0167,0.05,,,B,,,0.1488,0.606,,0.4818,A,72,0,◎-○軸 3着3〜4艇流し（10〜15点）,0.5777,"{'is_target': True, 'verdict': '参加推奨', 'max_combo_prob': 0.0655, 'est_top_odds': 20.4, 'circle_concentration': 60.9, 'eligible_count': 8, 'bet_adj': 2, 'reason': 'rel_win1=47.7%（本命度） / 最有力組み合わせ確率: 0.065（推定実オッズ?20倍） / 2着集中度: 上位2艇 60.9%（補正+0.00） / 総合判定確率: 0.065 / → ヒモ分散。1号艇1着固定で広めのヒモ流し推奨（買い目+2点）', 'tenji_trigger': '展示確認: ヒモ分散レース。1号艇伸び確認後、広めのヒモ流しを採用。穴ヒモ（5・6号艇）を積極的に含める。'}",,,28.4,逃げ狙い,18.94,28.4,4,,,,,,,,,,,
2025-06-09,丸亀,4,4,若林　将,A1,40.24,4,○,16.9458,28.8,68,74.6,0.1145,2.3909,,,0,低,35,0,差0% ま0%,,0,84.4,1.7211,0,0.087,0.0435,0,0,0.2214,0,0.1036,,◎,B,◎,◎,0.4143,0.6995,0.4926,0.4818,A,72,0,◎-○軸 3着3〜4艇流し（10〜15点）,0.5777,"{'is_target': True, 'verdict': '参加推奨', 'max_combo_prob': 0.0655, 'est_top_odds': 20.4, 'circle_concentration': 60.9, 'eligible_count': 8, 'bet_adj': 2, 'reason': 'rel_win1=47.7%（本命度） / 最有力組み合わせ確率: 0.065（推定実オッズ?20倍） / 2着集中度: 上位2艇 60.9%（補正+0.00） / 総合判定確率: 0.065 / → ヒモ分散。1号艇1着固定で広めのヒモ流し推奨（買い目+2点）', 'tenji_trigger': '展示確認: ヒモ分散レース。1号艇伸び確認後、広めのヒモ流しを採用。穴ヒモ（5・6号艇）を積極的に含める。'}",,,28.4,逃げ狙い,18.94,28.4,4,,,,,,,,,,,
2025-06-09,丸亀,4,5,岡田憲行,A2,29.94,5,,8.396,9,49,35.9,0.19,4.0283,,,0,低,196,0,ま0%,,0,48.9,1.1705,0,0,0.0385,0,0,0.0111,0.0444,0.1978,,,D,,○,0.1489,0.5985,0.0717,0.4818,A,72,0,◎-○軸 3着3〜4艇流し（10〜15点）,0.5777,"{'is_target': True, 'verdict': '参加推奨', 'max_combo_prob': 0.0655, 'est_top_odds': 20.4, 'circle_concentration': 60.9, 'eligible_count': 8, 'bet_adj': 2, 'reason': 'rel_win1=47.7%（本命度） / 最有力組み合わせ確率: 0.065（推定実オッズ?20倍） / 2着集中度: 上位2艇 60.9%（補正+0.00） / 総合判定確率: 0.065 / → ヒモ分散。1号艇1着固定で広めのヒモ流し推奨（買い目+2点）', 'tenji_trigger': '展示確認: ヒモ分散レース。1号艇伸び確認後、広めのヒモ流しを採用。穴ヒモ（5・6号艇）を積極的に含める。'}",,,28.4,逃げ狙い,18.94,28.4,4,,,,,,,,,,,
2025-06-09,丸亀,4,6,西川新太,B1,32.30,6,△,0.9725,1.6,11,12.3,0.16,3.7368,,,0,低,96,0,-,,0,29.2,0.8111,,,,,,0.26,0.24,0.2,,,D,△,,0.2728,0.6235,,0.4818,A,72,0,◎-○軸 3着3〜4艇流し（10〜15点）,0.5777,"{'is_target': True, 'verdict': '参加推奨', 'max_combo_prob': 0.0655, 'est_top_odds': 20.4, 'circle_concentration': 60.9, 'eligible_count': 8, 'bet_adj': 2, 'reason': 'rel_win1=47.7%（本命度） / 最有力組み合わせ確率: 0.065（推定実オッズ?20倍） / 2着集中度: 上位2艇 60.9%（補正+0.00） / 総合判定確率: 0.065 / → ヒモ分散。1号艇1着固定で広めのヒモ流し推奨（買い目+2点）', 'tenji_trigger': '展示確認: ヒモ分散レース。1号艇伸び確認後、広めのヒモ流しを採用。穴ヒモ（5・6号艇）を積極的に含める。'}",,,28.4,逃げ狙い,18.94,28.4,4,,,,,,,,,,,
2025-06-09,丸亀,5,1,菊池峰晴,B1,32.74,1,◎,51.4256,,0,86,0.1665,3.0439,,,0,低,151,0,逃0%,,0,60.9,0.9201,0.2,,,,,0.2,0.2,0.3,○,,C,,,,0.593,,0.4342,A,74,0,◎-○軸 3着3〜4艇流し（10〜15点）,0.5777,"{'is_target': True, 'verdict': '参加推奨', 'max_combo_prob': 0.0506, 'est_top_odds': 26.3, 'circle_concentration': 59.4, 'eligible_count': 8, 'bet_adj': 2, 'reason': 'rel_win1=51.4%（本命度） / 最有力組み合わせ確率: 0.051（推定実オッズ?26倍） / 2着集中度: 上位2艇 59.4%（補正+0.00） / 総合判定確率: 0.051 / → ヒモ分散。1号艇1着固定で広めのヒモ流し推奨（買い目+2点）', 'tenji_trigger': '展示確認: ヒモ分散レース。1号艇伸び確認後、広めのヒモ流しを採用。穴ヒモ（5・6号艇）を積極的に含める。'}",,,29.5,逃げ狙い,11.82,37.7,4,,,,,0,0,0.6155,0,,主役軸流し,B
2025-06-09,丸亀,5,2,山地正樹,B1,40.85,2,▲,12.256,30.6,97,50,0.1675,3.9191,,,0,低,88,0,差0%,,0,23.7,0.74,0,0.0588,0,0,0,0.2091,0.1545,0.1364,,,B,△,,0.302,0.642,,0.4342,A,74,0,◎-○軸 3着3〜4艇流し（10〜15点）,0.5777,"{'is_target': True, 'verdict': '参加推奨', 'max_combo_prob': 0.0506, 'est_top_odds': 26.3, 'circle_concentration': 59.4, 'eligible_count': 8, 'bet_adj': 2, 'reason': 'rel_win1=51.4%（本命度） / 最有力組み合わせ確率: 0.051（推定実オッズ?26倍） / 2着集中度: 上位2艇 59.4%（補正+0.00） / 総合判定確率: 0.051 / → ヒモ分散。1号艇1着固定で広めのヒモ流し推奨（買い目+2点）', 'tenji_trigger': '展示確認: ヒモ分散レース。1号艇伸び確認後、広めのヒモ流しを採用。穴ヒモ（5・6号艇）を積極的に含める。'}",,,29.5,逃げ狙い,11.82,37.7,4,,,,,,,,,,,
2025-06-09,丸亀,5,3,抹香雄三,B1,25.31,3,,9.8897,27.3,80,52.6,0.1583,3.3462,,,0,低,100,0,-,,0,56.8,0.8669,0,0,0.0333,0.0667,0,0.12,0.24,0.16,,,E,◎,,0.333,0.6655,,0.4342,A,74,0,◎-○軸 3着3〜4艇流し（10〜15点）,0.5777,"{'is_target': True, 'verdict': '参加推奨', 'max_combo_prob': 0.0506, 'est_top_odds': 26.3, 'circle_concentration': 59.4, 'eligible_count': 8, 'bet_adj': 2, 'reason': 'rel_win1=51.4%（本命度） / 最有力組み合わせ確率: 0.051（推定実オッズ?26倍） / 2着集中度: 上位2艇 59.4%（補正+0.00） / 総合判定確率: 0.051 / → ヒモ分散。1号艇1着固定で広めのヒモ流し推奨（買い目+2点）', 'tenji_trigger': '展示確認: ヒモ分散レース。1号艇伸び確認後、広めのヒモ流しを採用。穴ヒモ（5・6号艇）を積極的に含める。'}",,,29.5,逃げ狙い,11.82,37.7,4,,,,,,,,,,,
2025-06-09,丸亀,5,4,出畑孝成,B2,30.86,4,△,16.0348,12,100,37.8,0.1681,3.5811,,,0,低,89,0,-,,0,62.7,1.2185,0,0,0.0385,0.0385,0.0385,,,,,,D,,◎,0.281,0.542,0.2673,0.4342,A,74,0,◎-○軸 3着3〜4艇流し（10〜15点）,0.5777,"{'is_target': True, 'verdict': '参加推奨', 'max_combo_prob': 0.0506, 'est_top_odds': 26.3, 'circle_concentration': 59.4, 'eligible_count': 8, 'bet_adj': 2, 'reason': 'rel_win1=51.4%（本命度） / 最有力組み合わせ確率: 0.051（推定実オッズ?26倍） / 2着集中度: 上位2艇 59.4%（補正+0.00） / 総合判定確率: 0.051 / → ヒモ分散。1号艇1着固定で広めのヒモ流し推奨（買い目+2点）', 'tenji_trigger': '展示確認: ヒモ分散レース。1号艇伸び確認後、広めのヒモ流しを採用。穴ヒモ（5・6号艇）を積極的に含める。'}",,,29.5,逃げ狙い,11.82,37.7,4,,,,,,,,,,,
2025-06-09,丸亀,5,5,近江翔吾,A1,40.96,5,○,9.2212,28.7,62,57.8,0.1538,3.3,,,0,低,52,0,差ま0%,,0,31.3,1.1169,0,0,0,0.1154,0,0.0811,0.0541,0.027,,,B,△,,0.3424,0.6415,,0.4342,A,74,0,◎-○軸 3着3〜4艇流し（10〜15点）,0.5777,"{'is_target': True, 'verdict': '参加推奨', 'max_combo_prob': 0.0506, 'est_top_odds': 26.3, 'circle_concentration': 59.4, 'eligible_count': 8, 'bet_adj': 2, 'reason': 'rel_win1=51.4%（本命度） / 最有力組み合わせ確率: 0.051（推定実オッズ?26倍） / 2着集中度: 上位2艇 59.4%（補正+0.00） / 総合判定確率: 0.051 / → ヒモ分散。1号艇1着固定で広めのヒモ流し推奨（買い目+2点）', 'tenji_trigger': '展示確認: ヒモ分散レース。1号艇伸び確認後、広めのヒモ流しを採用。穴ヒモ（5・6号艇）を積極的に含める。'}",,,29.5,逃げ狙い,11.82,37.7,4,,,,,,,,,,,
2025-06-09,丸亀,5,6,藤田浩人,A2,30.11,6,,1.1726,1.3,69,34.2,0.1958,4.5685,,,0,低,147,0,-,,0,89.7,1.7269,,,,,,0.1,0.0273,0.0182,,,D,○,,0.2182,0.653,,0.4342,A,74,0,◎-○軸 3着3〜4艇流し（10〜15点）,0.5777,"{'is_target': True, 'verdict': '参加推奨', 'max_combo_prob': 0.0506, 'est_top_odds': 26.3, 'circle_concentration': 59.4, 'eligible_count': 8, 'bet_adj': 2, 'reason': 'rel_win1=51.4%（本命度） / 最有力組み合わせ確率: 0.051（推定実オッズ?26倍） / 2着集中度: 上位2艇 59.4%（補正+0.00） / 総合判定確率: 0.051 / → ヒモ分散。1号艇1着固定で広めのヒモ流し推奨（買い目+2点）', 'tenji_trigger': '展示確認: ヒモ分散レース。1号艇伸び確認後、広めのヒモ流しを採用。穴ヒモ（5・6号艇）を積極的に含める。'}",,,29.5,逃げ狙い,11.82,37.7,4,,,,,,,,,,,
2025-06-09,丸亀,6,1,西野翔太,A2,33.33,1,◎,58.7999,,0,88.5,0.1571,3.1538,,,0,低,72,0,逃0%,,0,90.7,1.2078,0.6512,,,,,0.1556,0.0918,0.0465,◎,,C,◎,,,0.6405,,0.5333,S,90,0,◎1着固定 2-3着流し（5〜8点）,0.5777,"{'is_target': True, 'verdict': '点数絞り', 'max_combo_prob': 0.096, 'est_top_odds': 13.9, 'circle_concentration': 71.4, 'eligible_count': 6, 'bet_adj': 0, 'reason': 'rel_win1=58.8%（本命度） / 最有力組み合わせ確率: 0.096（推定実オッズ?14倍） / 2着集中度: 上位2艇 71.4%（補正+0.04） / 総合判定確率: 0.136 / → ヒモはやや固め。上位2艇以外を切ること', 'tenji_trigger': '展示確認: 1号艇伸び良→そのまま採用。悪→飛び組に差し替え。circle_pct上位2艇に絞り込むこと。'}",,,28.3,逃げ狙い,16.99,29.9,3,,,,,0,0,0.7559,0,,逃げ軸流し,A
2025-06-09,丸亀,6,2,和合俊介,B1,28.66,2,▲,6.7283,26,63,35.1,0.1537,3.2719,,,0,低,102,0,-,,0,79.9,1.4672,,,,,,0.3333,0.5333,0.08,,◎,D,○,,0.3848,0.6265,,0.5333,S,90,0,◎1着固定 2-3着流し（5〜8点）,0.5777,"{'is_target': True, 'verdict': '点数絞り', 'max_combo_prob': 0.096, 'est_top_odds': 13.9, 'circle_concentration': 71.4, 'eligible_count': 6, 'bet_adj': 0, 'reason': 'rel_win1=58.8%（本命度） / 最有力組み合わせ確率: 0.096（推定実オッズ?14倍） / 2着集中度: 上位2艇 71.4%（補正+0.04） / 総合判定確率: 0.136 / → ヒモはやや固め。上位2艇以外を切ること', 'tenji_trigger': '展示確認: 1号艇伸び良→そのまま採用。悪→飛び組に差し替え。circle_pct上位2艇に絞り込むこと。'}",,,28.3,逃げ狙い,16.99,29.9,3,,,,,,,,,,,
2025-06-09,丸亀,6,3,田中和也,A1,46.58,3,○,24.4656,45.4,82,68.5,0.1654,3.3333,,,0,低,135,0,差ま0% 抜0%,,0,37.3,0.8862,0,0.037,0.037,0.0741,0.1481,0.0455,0.0273,0.1145,,,A,△,,0.268,0.62,,0.5333,S,90,0,◎1着固定 2-3着流し（5〜8点）,0.5777,"{'is_target': True, 'verdict': '点数絞り', 'max_combo_prob': 0.096, 'est_top_odds': 13.9, 'circle_concentration': 71.4, 'eligible_count': 6, 'bet_adj': 0, 'reason': 'rel_win1=58.8%（本命度） / 最有力組み合わせ確率: 0.096（推定実オッズ?14倍） / 2着集中度: 上位2艇 71.4%（補正+0.04） / 総合判定確率: 0.136 / → ヒモはやや固め。上位2艇以外を切ること', 'tenji_trigger': '展示確認: 1号艇伸び良→そのまま採用。悪→飛び組に差し替え。circle_pct上位2艇に絞り込むこと。'}",,,28.3,逃げ狙い,16.99,29.9,3,,,,,,,,,,,
2025-06-09,丸亀,6,4,亀山雅幸,A2,30.99,4,,6.187,21.7,100,51.3,0.1653,3.1351,,,0,低,154,0,-,,0,29,0.4919,0,0,0.0625,0.0312,0,0.0944,0.1222,0.0944,,,D,△,◎,0.2739,0.6195,0.3218,0.5333,S,90,0,◎1着固定 2-3着流し（5〜8点）,0.5777,"{'is_target': True, 'verdict': '点数絞り', 'max_combo_prob': 0.096, 'est_top_odds': 13.9, 'circle_concentration': 71.4, 'eligible_count': 6, 'bet_adj': 0, 'reason': 'rel_win1=58.8%（本命度） / 最有力組み合わせ確率: 0.096（推定実オッズ?14倍） / 2着集中度: 上位2艇 71.4%（補正+0.04） / 総合判定確率: 0.136 / → ヒモはやや固め。上位2艇以外を切ること', 'tenji_trigger': '展示確認: 1号艇伸び良→そのまま採用。悪→飛び組に差し替え。circle_pct上位2艇に絞り込むこと。'}",,,28.3,逃げ狙い,16.99,29.9,3,,,,,,,,,,,
2025-06-09,丸亀,6,5,高木圭大,B1,25.64,5,,2.6905,5.1,29,10.7,0.1589,3.2054,,,0,低,107,0,-,,0,28.9,0.6224,,,,,,0.0632,0.1842,0.2632,,,E,,,0.3206,0.606,,0.5333,S,90,0,◎1着固定 2-3着流し（5〜8点）,0.5777,"{'is_target': True, 'verdict': '点数絞り', 'max_combo_prob': 0.096, 'est_top_odds': 13.9, 'circle_concentration': 71.4, 'eligible_count': 6, 'bet_adj': 0, 'reason': 'rel_win1=58.8%（本命度） / 最有力組み合わせ確率: 0.096（推定実オッズ?14倍） / 2着集中度: 上位2艇 71.4%（補正+0.04） / 総合判定確率: 0.136 / → ヒモはやや固め。上位2艇以外を切ること', 'tenji_trigger': '展示確認: 1号艇伸び良→そのまま採用。悪→飛び組に差し替え。circle_pct上位2艇に絞り込むこと。'}",,,28.3,逃げ狙い,16.99,29.9,3,,,,,,,,,,,
2025-06-09,丸亀,6,6,赤峰和也,B1,38.32,6,△,1.1287,1.8,86,21.9,0.2038,4.4219,,,0,低,121,0,-,,0,23.7,0.7275,,,,,,0.4111,0.1889,0.3111,,,B,,,0.1752,0.5725,,0.5333,S,90,0,◎1着固定 2-3着流し（5〜8点）,0.5777,"{'is_target': True, 'verdict': '点数絞り', 'max_combo_prob': 0.096, 'est_top_odds': 13.9, 'circle_concentration': 71.4, 'eligible_count': 6, 'bet_adj': 0, 'reason': 'rel_win1=58.8%（本命度） / 最有力組み合わせ確率: 0.096（推定実オッズ?14倍） / 2着集中度: 上位2艇 71.4%（補正+0.04） / 総合判定確率: 0.136 / → ヒモはやや固め。上位2艇以外を切ること', 'tenji_trigger': '展示確認: 1号艇伸び良→そのまま採用。悪→飛び組に差し替え。circle_pct上位2艇に絞り込むこと。'}",,,28.3,逃げ狙い,16.99,29.9,3,,,,,,,,,,,
2025-06-09,丸亀,7,1,岡谷健吾,B1,30.18,1,◎,53.2707,,0,83,0.1692,3.2966,,,0,低,180,0,逃1%,,0,75,1.0626,0.5926,,,,,0.1444,0.1296,0.1593,○,,D,◎,,,0.69,,0.3627,S,80,0,◎1着固定 2-3着流し（5〜8点）,0.5777,"{'is_target': True, 'verdict': '点数絞り', 'max_combo_prob': 0.0893, 'est_top_odds': 14.9, 'circle_concentration': 77.3, 'eligible_count': 6, 'bet_adj': 0, 'reason': 'rel_win1=53.3%（本命度） / 最有力組み合わせ確率: 0.089（推定実オッズ?15倍） / 2着集中度: 上位2艇 77.3%（補正+0.04） / 総合判定確率: 0.129 / → ヒモはやや固め。上位2艇以外を切ること', 'tenji_trigger': '展示確認: 1号艇伸び良→そのまま採用。悪→飛び組に差し替え。circle_pct上位2艇に絞り込むこと。'}",,,28.6,逃げ狙い,15.65,31.8,2,,,,,0,0,0.6155,0,,主役軸流し,B
2025-06-09,丸亀,7,2,海野康志,A1,44.91,2,○,20.2901,48.3,90,82.3,0.1403,3.2647,,,0,低,38,0,差0%,,0,90.5,1.6259,0,0.2941,0.0588,0,0.0588,0,0.0387,0.2516,,◎,A,△,,0.637,0.6265,,0.3627,S,80,0,◎1着固定 2-3着流し（5〜8点）,0.5777,"{'is_target': True, 'verdict': '点数絞り', 'max_combo_prob': 0.0893, 'est_top_odds': 14.9, 'circle_concentration': 77.3, 'eligible_count': 6, 'bet_adj': 0, 'reason': 'rel_win1=53.3%（本命度） / 最有力組み合わせ確率: 0.089（推定実オッズ?15倍） / 2着集中度: 上位2艇 77.3%（補正+0.04） / 総合判定確率: 0.129 / → ヒモはやや固め。上位2艇以外を切ること', 'tenji_trigger': '展示確認: 1号艇伸び良→そのまま採用。悪→飛び組に差し替え。circle_pct上位2艇に絞り込むこと。'}",,,28.6,逃げ狙い,15.65,31.8,2,,,,,,,,,,,
2025-06-09,丸亀,7,3,赤羽克也,A2,26.95,3,,9.878,29.1,100,66.1,0.1619,3.1532,,,0,低,137,0,差ま0%,,0,30.9,0.8194,0,0,0.1481,0.0741,0.037,0.2828,0.1885,0.0138,,○,E,○,,0.3623,0.633,,0.3627,S,80,0,◎1着固定 2-3着流し（5〜8点）,0.5777,"{'is_target': True, 'verdict': '点数絞り', 'max_combo_prob': 0.0893, 'est_top_odds': 14.9, 'circle_concentration': 77.3, 'eligible_count': 6, 'bet_adj': 0, 'reason': 'rel_win1=53.3%（本命度） / 最有力組み合わせ確率: 0.089（推定実オッズ?15倍） / 2着集中度: 上位2艇 77.3%（補正+0.04） / 総合判定確率: 0.129 / → ヒモはやや固め。上位2艇以外を切ること', 'tenji_trigger': '展示確認: 1号艇伸び良→そのまま採用。悪→飛び組に差し替え。circle_pct上位2艇に絞り込むこと。'}",,,28.6,逃げ狙い,15.65,31.8,2,,,,,,,,,,,
2025-06-09,丸亀,7,4,石井伸長,B1,44.71,4,▲,8.9622,12.2,86,45,0.169,3.175,,,0,低,79,0,-,,0,54.6,1.086,0,0,0.0323,0.0645,0,0,0.5,0.25,,,B,,,0.3085,0.5655,,0.3627,S,80,0,◎1着固定 2-3着流し（5〜8点）,0.5777,"{'is_target': True, 'verdict': '点数絞り', 'max_combo_prob': 0.0893, 'est_top_odds': 14.9, 'circle_concentration': 77.3, 'eligible_count': 6, 'bet_adj': 0, 'reason': 'rel_win1=53.3%（本命度） / 最有力組み合わせ確率: 0.089（推定実オッズ?15倍） / 2着集中度: 上位2艇 77.3%（補正+0.04） / 総合判定確率: 0.129 / → ヒモはやや固め。上位2艇以外を切ること', 'tenji_trigger': '展示確認: 1号艇伸び良→そのまま採用。悪→飛び組に差し替え。circle_pct上位2艇に絞り込むこと。'}",,,28.6,逃げ狙い,15.65,31.8,2,,,,,,,,,,,
2025-06-09,丸亀,7,5,多羅尾達,B1,34.97,5,△,5.2223,4,74,22.7,0.1695,3.2159,,,0,低,76,0,-,,0,30.2,0.6867,0,0,0.05,0.05,0,0.0941,0,0.4176,,,C,,,0.3102,0.5115,,0.3627,S,80,0,◎1着固定 2-3着流し（5〜8点）,0.5777,"{'is_target': True, 'verdict': '点数絞り', 'max_combo_prob': 0.0893, 'est_top_odds': 14.9, 'circle_concentration': 77.3, 'eligible_count': 6, 'bet_adj': 0, 'reason': 'rel_win1=53.3%（本命度） / 最有力組み合わせ確率: 0.089（推定実オッズ?15倍） / 2着集中度: 上位2艇 77.3%（補正+0.04） / 総合判定確率: 0.129 / → ヒモはやや固め。上位2艇以外を切ること', 'tenji_trigger': '展示確認: 1号艇伸び良→そのまま採用。悪→飛び組に差し替え。circle_pct上位2艇に絞り込むこと。'}",,,28.6,逃げ狙い,15.65,31.8,2,,,,,,,,,,,
2025-06-09,丸亀,7,6,大串重幸,A2,33.97,6,,2.3767,6.5,28,35,0.1897,4.325,,,0,低,132,0,-,,0,25.2,0.5789,,,,,,0.1088,0.0526,0.1193,,,D,△,,0.2668,0.6085,,0.3627,S,80,0,◎1着固定 2-3着流し（5〜8点）,0.5777,"{'is_target': True, 'verdict': '点数絞り', 'max_combo_prob': 0.0893, 'est_top_odds': 14.9, 'circle_concentration': 77.3, 'eligible_count': 6, 'bet_adj': 0, 'reason': 'rel_win1=53.3%（本命度） / 最有力組み合わせ確率: 0.089（推定実オッズ?15倍） / 2着集中度: 上位2艇 77.3%（補正+0.04） / 総合判定確率: 0.129 / → ヒモはやや固め。上位2艇以外を切ること', 'tenji_trigger': '展示確認: 1号艇伸び良→そのまま採用。悪→飛び組に差し替え。circle_pct上位2艇に絞り込むこと。'}",,,28.6,逃げ狙い,15.65,31.8,2,,,,,,,,,,,
2025-06-09,丸亀,8,1,山本寛久,A1,31.29,1,◎,63.5215,,0,98.5,0.1424,2.8561,,,0,低,77,0,逃1%,,0,85.4,1.0691,0.6111,,,,,0.0222,0.0444,0.2056,◎,,D,△,,,0.6225,,0.5665,S,80,0,◎1着固定 2-3着流し（5〜8点）,0.5777,"{'is_target': True, 'verdict': '点数絞り', 'max_combo_prob': 0.1392, 'est_top_odds': 9.6, 'circle_concentration': 80.1, 'eligible_count': 6, 'bet_adj': 0, 'reason': 'rel_win1=63.5%（本命度） / 最有力組み合わせ確率: 0.139（推定実オッズ?10倍） / 2着集中度: 上位2艇 80.1%（補正+0.04） / 総合判定確率: 0.179 / → ヒモはやや固め。上位2艇以外を切ること', 'tenji_trigger': '展示確認: 1号艇伸び良→そのまま採用。悪→飛び組に差し替え。circle_pct上位2艇に絞り込むこと。'}",,,27.7,逃げ狙い,19.93,25.6,4,,,,,0,0,0.7559,0,,逃げ軸流し,A
2025-06-09,丸亀,8,2,山一鉄也,A2,41.25,2,○,15.4223,59.4,72,64.8,0.1665,3.6296,,,0,低,103,0,差0% ま0% 抜0%,,0,55.8,1.0803,0,0.1481,0.0741,0,0.037,0.0129,0.131,0.0978,,,A,○,,0.0939,0.668,,0.5665,S,80,0,◎1着固定 2-3着流し（5〜8点）,0.5777,"{'is_target': True, 'verdict': '点数絞り', 'max_combo_prob': 0.1392, 'est_top_odds': 9.6, 'circle_concentration': 80.1, 'eligible_count': 6, 'bet_adj': 0, 'reason': 'rel_win1=63.5%（本命度） / 最有力組み合わせ確率: 0.139（推定実オッズ?10倍） / 2着集中度: 上位2艇 80.1%（補正+0.04） / 総合判定確率: 0.179 / → ヒモはやや固め。上位2艇以外を切ること', 'tenji_trigger': '展示確認: 1号艇伸び良→そのまま採用。悪→飛び組に差し替え。circle_pct上位2艇に絞り込むこと。'}",,,27.7,逃げ狙い,19.93,25.6,4,,,,,,,,,,,
2025-06-09,丸亀,8,3,近藤稔也,B1,34.64,3,△,4.8542,12.7,63,25.7,0.1819,4.4662,,,0,低,180,0,-,,0,39.6,0.97,,,,,,0.368,0.32,0.064,,,B,△,,0.1396,0.609,,0.5665,S,80,0,◎1着固定 2-3着流し（5〜8点）,0.5777,"{'is_target': True, 'verdict': '点数絞り', 'max_combo_prob': 0.1392, 'est_top_odds': 9.6, 'circle_concentration': 80.1, 'eligible_count': 6, 'bet_adj': 0, 'reason': 'rel_win1=63.5%（本命度） / 最有力組み合わせ確率: 0.139（推定実オッズ?10倍） / 2着集中度: 上位2艇 80.1%（補正+0.04） / 総合判定確率: 0.179 / → ヒモはやや固め。上位2艇以外を切ること', 'tenji_trigger': '展示確認: 1号艇伸び良→そのまま採用。悪→飛び組に差し替え。circle_pct上位2艇に絞り込むこと。'}",,,27.7,逃げ狙い,19.93,25.6,4,,,,,,,,,,,
2025-06-09,丸亀,8,4,馬場　剛,A2,33.90,4,▲,12.5271,20.7,100,58.5,0.1362,2.4846,,,0,低,35,0,ま0% 差ま0%,,0,77.1,1.3296,0,0,0.0938,0.0938,0,0.1535,0.0222,0.1323,,,C,◎,◎,0.3364,0.8035,0.4638,0.5665,S,80,0,◎1着固定 2-3着流し（5〜8点）,0.5777,"{'is_target': True, 'verdict': '点数絞り', 'max_combo_prob': 0.1392, 'est_top_odds': 9.6, 'circle_concentration': 80.1, 'eligible_count': 6, 'bet_adj': 0, 'reason': 'rel_win1=63.5%（本命度） / 最有力組み合わせ確率: 0.139（推定実オッズ?10倍） / 2着集中度: 上位2艇 80.1%（補正+0.04） / 総合判定確率: 0.179 / → ヒモはやや固め。上位2艇以外を切ること', 'tenji_trigger': '展示確認: 1号艇伸び良→そのまま採用。悪→飛び組に差し替え。circle_pct上位2艇に絞り込むこと。'}",,,27.7,逃げ狙い,19.93,25.6,4,,,,,,,,,,,
2025-06-09,丸亀,8,5,貫地谷直,B1,26.99,5,,2.2632,6.7,94,35,0.1967,4.3167,,,0,低,204,0,-,,0,43.7,0.9174,,,,,,0.0571,0.6214,0.2643,,,E,,,0.1444,0.5725,,0.5665,S,80,0,◎1着固定 2-3着流し（5〜8点）,0.5777,"{'is_target': True, 'verdict': '点数絞り', 'max_combo_prob': 0.1392, 'est_top_odds': 9.6, 'circle_concentration': 80.1, 'eligible_count': 6, 'bet_adj': 0, 'reason': 'rel_win1=63.5%（本命度） / 最有力組み合わせ確率: 0.139（推定実オッズ?10倍） / 2着集中度: 上位2艇 80.1%（補正+0.04） / 総合判定確率: 0.179 / → ヒモはやや固め。上位2艇以外を切ること', 'tenji_trigger': '展示確認: 1号艇伸び良→そのまま採用。悪→飛び組に差し替え。circle_pct上位2艇に絞り込むこと。'}",,,27.7,逃げ狙い,19.93,25.6,4,,,,,,,,,,,
2025-06-09,丸亀,8,6,日高龍之,B2,34.34,6,,1.4117,0.5,14,3.3,0.2102,4.5656,,,0,低,49,0,-,,0,26.7,0.6128,0,0,0,0.0164,0,,,,,,C,,,0.1059,0.529,,0.5665,S,80,0,◎1着固定 2-3着流し（5〜8点）,0.5777,"{'is_target': True, 'verdict': '点数絞り', 'max_combo_prob': 0.1392, 'est_top_odds': 9.6, 'circle_concentration': 80.1, 'eligible_count': 6, 'bet_adj': 0, 'reason': 'rel_win1=63.5%（本命度） / 最有力組み合わせ確率: 0.139（推定実オッズ?10倍） / 2着集中度: 上位2艇 80.1%（補正+0.04） / 総合判定確率: 0.179 / → ヒモはやや固め。上位2艇以外を切ること', 'tenji_trigger': '展示確認: 1号艇伸び良→そのまま採用。悪→飛び組に差し替え。circle_pct上位2艇に絞り込むこと。'}",,,27.7,逃げ狙い,19.93,25.6,4,,,,,,,,,,,
2025-06-09,丸亀,9,1,芦澤　望,A2,25.17,1,◎,65.1549,,0,86.6,0.1582,2.9179,,,0,低,106,0,逃1%,,0,80.9,0.9704,0.6571,,,,,0,0.1286,0.1886,◎,,E,,,,0.589,,0.5557,A,74,0,◎-○軸 3着3〜4艇流し（10〜15点）,0.5777,"{'is_target': True, 'verdict': '点数絞り', 'max_combo_prob': 0.1053, 'est_top_odds': 12.7, 'circle_concentration': 80.0, 'eligible_count': 8, 'bet_adj': 0, 'reason': 'rel_win1=65.2%（本命度） / 最有力組み合わせ確率: 0.105（推定実オッズ?13倍） / 2着集中度: 上位2艇 80.0%（補正+0.04） / 総合判定確率: 0.145 / → ヒモはやや固め。上位2艇以外を切ること', 'tenji_trigger': '展示確認: 1号艇伸び良→そのまま採用。悪→飛び組に差し替え。circle_pct上位2艇に絞り込むこと。'}",,,27.2,逃げ狙い,14.62,28.6,4,,,,,0,0,0.7559,0,,逃げ軸流し,A
2025-06-09,丸亀,9,2,吉島祥之,A2,35.47,2,▲,12.4809,47.4,100,59.4,0.1677,3.4531,,,0,低,154,0,差0%,,0,60.2,0.9712,0,0.087,0,0,0,0.0114,0.1676,0.0229,,,C,,,0.224,0.5955,,0.5557,A,74,0,◎-○軸 3着3〜4艇流し（10〜15点）,0.5777,"{'is_target': True, 'verdict': '点数絞り', 'max_combo_prob': 0.1053, 'est_top_odds': 12.7, 'circle_concentration': 80.0, 'eligible_count': 8, 'bet_adj': 0, 'reason': 'rel_win1=65.2%（本命度） / 最有力組み合わせ確率: 0.105（推定実オッズ?13倍） / 2着集中度: 上位2艇 80.0%（補正+0.04） / 総合判定確率: 0.145 / → ヒモはやや固め。上位2艇以外を切ること', 'tenji_trigger': '展示確認: 1号艇伸び良→そのまま採用。悪→飛び組に差し替え。circle_pct上位2艇に絞り込むこと。'}",,,27.2,逃げ狙い,14.62,28.6,4,,,,,,,,,,,
2025-06-09,丸亀,9,3,中里英夫,B1,45.10,3,○,12.2766,32.6,88,54.5,0.1518,3.3909,,,0,低,123,0,差ま0%,,0,52.1,1.0913,0,0,0,0.08,0,0.1292,0.2458,0.1958,,,A,○,,0.3382,0.641,,0.5557,A,74,0,◎-○軸 3着3〜4艇流し（10〜15点）,0.5777,"{'is_target': True, 'verdict': '点数絞り', 'max_combo_prob': 0.1053, 'est_top_odds': 12.7, 'circle_concentration': 80.0, 'eligible_count': 8, 'bet_adj': 0, 'reason': 'rel_win1=65.2%（本命度） / 最有力組み合わせ確率: 0.105（推定実オッズ?13倍） / 2着集中度: 上位2艇 80.0%（補正+0.04） / 総合判定確率: 0.145 / → ヒモはやや固め。上位2艇以外を切ること', 'tenji_trigger': '展示確認: 1号艇伸び良→そのまま採用。悪→飛び組に差し替え。circle_pct上位2艇に絞り込むこと。'}",,,27.2,逃げ狙い,14.62,28.6,4,,,,,,,,,,,
2025-06-09,丸亀,9,4,東　健介,B1,38.75,4,△,6.6775,8.9,79,32.6,0.183,3.3587,,,0,低,99,0,差0%,,0,24.4,0.7347,0,0.0526,0,0,0,0.0667,0.1556,0.5389,,,B,△,,0.2065,0.631,,0.5557,A,74,0,◎-○軸 3着3〜4艇流し（10〜15点）,0.5777,"{'is_target': True, 'verdict': '点数絞り', 'max_combo_prob': 0.1053, 'est_top_odds': 12.7, 'circle_concentration': 80.0, 'eligible_count': 8, 'bet_adj': 0, 'reason': 'rel_win1=65.2%（本命度） / 最有力組み合わせ確率: 0.105（推定実オッズ?13倍） / 2着集中度: 上位2艇 80.0%（補正+0.04） / 総合判定確率: 0.145 / → ヒモはやや固め。上位2艇以外を切ること', 'tenji_trigger': '展示確認: 1号艇伸び良→そのまま採用。悪→飛び組に差し替え。circle_pct上位2艇に絞り込むこと。'}",,,27.2,逃げ狙い,14.62,28.6,4,,,,,,,,,,,
2025-06-09,丸亀,9,5,冨成謙児,B1,27.27,5,,2.2811,3,49,21,0.176,4.2469,,,0,低,112,0,-,,0,63,1.0783,,,,,,0.3043,0.1739,0.1739,,,D,◎,,0.2762,0.6875,,0.5557,A,74,0,◎-○軸 3着3〜4艇流し（10〜15点）,0.5777,"{'is_target': True, 'verdict': '点数絞り', 'max_combo_prob': 0.1053, 'est_top_odds': 12.7, 'circle_concentration': 80.0, 'eligible_count': 8, 'bet_adj': 0, 'reason': 'rel_win1=65.2%（本命度） / 最有力組み合わせ確率: 0.105（推定実オッズ?13倍） / 2着集中度: 上位2艇 80.0%（補正+0.04） / 総合判定確率: 0.145 / → ヒモはやや固め。上位2艇以外を切ること', 'tenji_trigger': '展示確認: 1号艇伸び良→そのまま採用。悪→飛び組に差し替え。circle_pct上位2艇に絞り込むこと。'}",,,27.2,逃げ狙い,14.62,28.6,4,,,,,,,,,,,
2025-06-09,丸亀,9,6,岡田憲行,A2,29.94,6,,1.1289,8.1,42,27.3,0.1889,4.0152,,,0,低,196,0,-,,0,45,1.1228,,,,,,0.0111,0.0444,0.1978,,,D,△,,0.2316,0.5985,,0.5557,A,74,0,◎-○軸 3着3〜4艇流し（10〜15点）,0.5777,"{'is_target': True, 'verdict': '点数絞り', 'max_combo_prob': 0.1053, 'est_top_odds': 12.7, 'circle_concentration': 80.0, 'eligible_count': 8, 'bet_adj': 0, 'reason': 'rel_win1=65.2%（本命度） / 最有力組み合わせ確率: 0.105（推定実オッズ?13倍） / 2着集中度: 上位2艇 80.0%（補正+0.04） / 総合判定確率: 0.145 / → ヒモはやや固め。上位2艇以外を切ること', 'tenji_trigger': '展示確認: 1号艇伸び良→そのまま採用。悪→飛び組に差し替え。circle_pct上位2艇に絞り込むこと。'}",,,27.2,逃げ狙い,14.62,28.6,4,,,,,,,,,,,
2025-06-09,丸亀,10,1,亀山雅幸,A2,30.99,1,◎,60.8598,,0,91.6,0.1593,2.8253,,,0,低,154,0,逃0%,,0,92.2,1.25,0.6389,,,,,0.0944,0.1222,0.0944,◎,,D,△,,,0.6195,,0.5307,S,82,0,◎1着固定 2-3着流し（5〜8点）,0.5777,"{'is_target': True, 'verdict': '点数絞り', 'max_combo_prob': 0.1412, 'est_top_odds': 9.4, 'circle_concentration': 72.9, 'eligible_count': 6, 'bet_adj': 0, 'reason': 'rel_win1=60.9%（本命度） / 最有力組み合わせ確率: 0.141（推定実オッズ?9倍） / 2着集中度: 上位2艇 72.9%（補正+0.04） / 総合判定確率: 0.181 / → ヒモはやや固め。上位2艇以外を切ること', 'tenji_trigger': '展示確認: 1号艇伸び良→そのまま採用。悪→飛び組に差し替え。circle_pct上位2艇に絞り込むこと。'}",,,28,逃げ狙い,16.76,29.3,2,,,,,0,0,0.7559,0,,逃げ軸流し,A
2025-06-09,丸亀,10,2,本多宏和,A1,36.36,2,○,15.0113,51.5,44,60.5,0.155,3.5921,,,0,低,73,0,差1%,,0,37.8,0.8972,0,0.1333,0.0667,0,0,0.1111,0.0556,0.1667,,◎,C,◎,,0.3853,0.6585,,0.5307,S,82,0,◎1着固定 2-3着流し（5〜8点）,0.5777,"{'is_target': True, 'verdict': '点数絞り', 'max_combo_prob': 0.1412, 'est_top_odds': 9.4, 'circle_concentration': 72.9, 'eligible_count': 6, 'bet_adj': 0, 'reason': 'rel_win1=60.9%（本命度） / 最有力組み合わせ確率: 0.141（推定実オッズ?9倍） / 2着集中度: 上位2艇 72.9%（補正+0.04） / 総合判定確率: 0.181 / → ヒモはやや固め。上位2艇以外を切ること', 'tenji_trigger': '展示確認: 1号艇伸び良→そのまま採用。悪→飛び組に差し替え。circle_pct上位2艇に絞り込むこと。'}",,,28,逃げ狙い,16.76,29.3,2,,,,,,,,,,,
2025-06-09,丸亀,10,3,藤田浩人,A2,30.11,3,,12.0069,21.4,100,69.2,0.1635,3.4692,,,0,低,147,0,-,,0,40.1,1.004,0,0,0.0323,0.0968,0,0.1,0.0273,0.0182,,,D,○,,0.2927,0.653,,0.5307,S,82,0,◎1着固定 2-3着流し（5〜8点）,0.5777,"{'is_target': True, 'verdict': '点数絞り', 'max_combo_prob': 0.1412, 'est_top_odds': 9.4, 'circle_concentration': 72.9, 'eligible_count': 6, 'bet_adj': 0, 'reason': 'rel_win1=60.9%（本命度） / 最有力組み合わせ確率: 0.141（推定実オッズ?9倍） / 2着集中度: 上位2艇 72.9%（補正+0.04） / 総合判定確率: 0.181 / → ヒモはやや固め。上位2艇以外を切ること', 'tenji_trigger': '展示確認: 1号艇伸び良→そのまま採用。悪→飛び組に差し替え。circle_pct上位2艇に絞り込むこと。'}",,,28,逃げ狙い,16.76,29.3,2,,,,,,,,,,,
2025-06-09,丸亀,10,4,岡本慎治,B1,29.82,4,,6.9414,19.5,55,48.9,0.1891,3.6556,,,0,低,107,0,-,,0,67.5,1.3985,,,,,,0.4053,0.0421,0.2132,,,E,△,,0.214,0.611,,0.5307,S,82,0,◎1着固定 2-3着流し（5〜8点）,0.5777,"{'is_target': True, 'verdict': '点数絞り', 'max_combo_prob': 0.1412, 'est_top_odds': 9.4, 'circle_concentration': 72.9, 'eligible_count': 6, 'bet_adj': 0, 'reason': 'rel_win1=60.9%（本命度） / 最有力組み合わせ確率: 0.141（推定実オッズ?9倍） / 2着集中度: 上位2艇 72.9%（補正+0.04） / 総合判定確率: 0.181 / → ヒモはやや固め。上位2艇以外を切ること', 'tenji_trigger': '展示確認: 1号艇伸び良→そのまま採用。悪→飛び組に差し替え。circle_pct上位2艇に絞り込むこと。'}",,,28,逃げ狙い,16.76,29.3,2,,,,,,,,,,,
2025-06-09,丸亀,10,5,森作広大,B1,52.20,5,▲,3.9778,5.1,29,11.4,0.1948,4.6477,,,0,低,96,0,差ま0%,,0,24.7,0.6836,0,0,0,0.0385,0,0.5412,0,0.1412,,,A,,,0.185,0.596,,0.5307,S,82,0,◎1着固定 2-3着流し（5〜8点）,0.5777,"{'is_target': True, 'verdict': '点数絞り', 'max_combo_prob': 0.1412, 'est_top_odds': 9.4, 'circle_concentration': 72.9, 'eligible_count': 6, 'bet_adj': 0, 'reason': 'rel_win1=60.9%（本命度） / 最有力組み合わせ確率: 0.141（推定実オッズ?9倍） / 2着集中度: 上位2艇 72.9%（補正+0.04） / 総合判定確率: 0.181 / → ヒモはやや固め。上位2艇以外を切ること', 'tenji_trigger': '展示確認: 1号艇伸び良→そのまま採用。悪→飛び組に差し替え。circle_pct上位2艇に絞り込むこと。'}",,,28,逃げ狙い,16.76,29.3,2,,,,,,,,,,,
2025-06-09,丸亀,10,6,井上尚悟,B1,44.38,6,△,1.2028,2.5,38,18.6,0.1898,4.3023,,,0,低,157,0,-,,0,35.4,0.8531,,,,,,0.1832,0.0842,0.1621,,,B,,,0.2351,0.593,,0.5307,S,82,0,◎1着固定 2-3着流し（5〜8点）,0.5777,"{'is_target': True, 'verdict': '点数絞り', 'max_combo_prob': 0.1412, 'est_top_odds': 9.4, 'circle_concentration': 72.9, 'eligible_count': 6, 'bet_adj': 0, 'reason': 'rel_win1=60.9%（本命度） / 最有力組み合わせ確率: 0.141（推定実オッズ?9倍） / 2着集中度: 上位2艇 72.9%（補正+0.04） / 総合判定確率: 0.181 / → ヒモはやや固め。上位2艇以外を切ること', 'tenji_trigger': '展示確認: 1号艇伸び良→そのまま採用。悪→飛び組に差し替え。circle_pct上位2艇に絞り込むこと。'}",,,28,逃げ狙い,16.76,29.3,2,,,,,,,,,,,
2025-06-09,丸亀,11,1,若林　将,A1,40.24,1,◎,68.5289,,0,98.7,0.1222,2.5443,,,0,低,35,0,逃1%,,0,86.2,1.0872,0.6786,,,,,0.2214,0,0.1036,◎,,A,◎,,,0.6995,,0.7006,S,86,0,◎1着固定 2-3着流し（5〜8点）,0.5777,"{'is_target': True, 'verdict': '点数絞り', 'max_combo_prob': 0.1203, 'est_top_odds': 11.1, 'circle_concentration': 80.2, 'eligible_count': 6, 'bet_adj': 0, 'reason': 'rel_win1=68.5%（本命度） / 最有力組み合わせ確率: 0.120（推定実オッズ?11倍） / 2着集中度: 上位2艇 80.2%（補正+0.04） / 総合判定確率: 0.160 / → ヒモはやや固め。上位2艇以外を切ること', 'tenji_trigger': '展示確認: 1号艇伸び良→そのまま採用。悪→飛び組に差し替え。circle_pct上位2艇に絞り込むこと。\n展示で1号艇スタート超安定(0.122秒)→ヒモ固まり方向に注意'}",,,27.2,逃げ狙い,14.64,28.7,4,,,,,0,0,0.7559,0,,逃げ軸流し,A
2025-06-09,丸亀,11,2,赤羽克也,A2,26.95,2,△,13.5676,46.4,81,59.7,0.1658,3.7708,,,0,低,137,0,-,,0,74.6,1.3574,0,0.0968,0,0,0.0323,0.2828,0.1885,0.0138,,,D,△,,0.0715,0.633,,0.7006,S,86,0,◎1着固定 2-3着流し（5〜8点）,0.5777,"{'is_target': True, 'verdict': '点数絞り', 'max_combo_prob': 0.1203, 'est_top_odds': 11.1, 'circle_concentration': 80.2, 'eligible_count': 6, 'bet_adj': 0, 'reason': 'rel_win1=68.5%（本命度） / 最有力組み合わせ確率: 0.120（推定実オッズ?11倍） / 2着集中度: 上位2艇 80.2%（補正+0.04） / 総合判定確率: 0.160 / → ヒモはやや固め。上位2艇以外を切ること', 'tenji_trigger': '展示確認: 1号艇伸び良→そのまま採用。悪→飛び組に差し替え。circle_pct上位2艇に絞り込むこと。\n展示で1号艇スタート超安定(0.122秒)→ヒモ固まり方向に注意'}",,,27.2,逃げ狙い,14.64,28.7,4,,,,,,,,,,,
2025-06-09,丸亀,11,3,西野翔太,A2,33.33,3,○,6.9295,33.9,100,68,0.1418,2.73,,,0,低,72,0,ま0%,,0,34,0.8688,0,0,0.04,0,0,0.1556,0.0918,0.0465,,,C,△,,0.1838,0.6405,,0.7006,S,86,0,◎1着固定 2-3着流し（5〜8点）,0.5777,"{'is_target': True, 'verdict': '点数絞り', 'max_combo_prob': 0.1203, 'est_top_odds': 11.1, 'circle_concentration': 80.2, 'eligible_count': 6, 'bet_adj': 0, 'reason': 'rel_win1=68.5%（本命度） / 最有力組み合わせ確率: 0.120（推定実オッズ?11倍） / 2着集中度: 上位2艇 80.2%（補正+0.04） / 総合判定確率: 0.160 / → ヒモはやや固め。上位2艇以外を切ること', 'tenji_trigger': '展示確認: 1号艇伸び良→そのまま採用。悪→飛び組に差し替え。circle_pct上位2艇に絞り込むこと。\n展示で1号艇スタート超安定(0.122秒)→ヒモ固まり方向に注意'}",,,27.2,逃げ狙い,14.64,28.7,4,,,,,,,,,,,
2025-06-09,丸亀,11,4,嶋田貴支,B1,39.66,4,▲,7.2594,11.4,76,43.8,0.1808,3.6354,,,0,低,134,0,-,,0,48.1,0.9979,0,0.0476,0,0,0,0.0174,0.0522,0.1174,,,B,,,0.1091,0.6045,,0.7006,S,86,0,◎1着固定 2-3着流し（5〜8点）,0.5777,"{'is_target': True, 'verdict': '点数絞り', 'max_combo_prob': 0.1203, 'est_top_odds': 11.1, 'circle_concentration': 80.2, 'eligible_count': 6, 'bet_adj': 0, 'reason': 'rel_win1=68.5%（本命度） / 最有力組み合わせ確率: 0.120（推定実オッズ?11倍） / 2着集中度: 上位2艇 80.2%（補正+0.04） / 総合判定確率: 0.160 / → ヒモはやや固め。上位2艇以外を切ること', 'tenji_trigger': '展示確認: 1号艇伸び良→そのまま採用。悪→飛び組に差し替え。circle_pct上位2艇に絞り込むこと。\n展示で1号艇スタート超安定(0.122秒)→ヒモ固まり方向に注意'}",,,27.2,逃げ狙い,14.64,28.7,4,,,,,,,,,,,
2025-06-09,丸亀,11,5,木村浩士,B1,26.06,5,,2.2882,8,74,31.6,0.195,4.2566,,,0,低,221,0,-,,0,33.9,0.8217,,,,,,0.1143,0.2714,0.1286,,,E,○,,0.1387,0.6485,,0.7006,S,86,0,◎1着固定 2-3着流し（5〜8点）,0.5777,"{'is_target': True, 'verdict': '点数絞り', 'max_combo_prob': 0.1203, 'est_top_odds': 11.1, 'circle_concentration': 80.2, 'eligible_count': 6, 'bet_adj': 0, 'reason': 'rel_win1=68.5%（本命度） / 最有力組み合わせ確率: 0.120（推定実オッズ?11倍） / 2着集中度: 上位2艇 80.2%（補正+0.04） / 総合判定確率: 0.160 / → ヒモはやや固め。上位2艇以外を切ること', 'tenji_trigger': '展示確認: 1号艇伸び良→そのまま採用。悪→飛び組に差し替え。circle_pct上位2艇に絞り込むこと。\n展示で1号艇スタート超安定(0.122秒)→ヒモ固まり方向に注意'}",,,27.2,逃げ狙い,14.64,28.7,4,,,,,,,,,,,
2025-06-09,丸亀,11,6,出畑孝成,B2,30.86,6,,1.4263,0.4,14,7.4,0.1971,4.4221,,,0,低,89,0,-,,0,24.9,0.6261,0,0,0,0,0.0303,,,,,,D,,,0.135,0.542,,0.7006,S,86,0,◎1着固定 2-3着流し（5〜8点）,0.5777,"{'is_target': True, 'verdict': '点数絞り', 'max_combo_prob': 0.1203, 'est_top_odds': 11.1, 'circle_concentration': 80.2, 'eligible_count': 6, 'bet_adj': 0, 'reason': 'rel_win1=68.5%（本命度） / 最有力組み合わせ確率: 0.120（推定実オッズ?11倍） / 2着集中度: 上位2艇 80.2%（補正+0.04） / 総合判定確率: 0.160 / → ヒモはやや固め。上位2艇以外を切ること', 'tenji_trigger': '展示確認: 1号艇伸び良→そのまま採用。悪→飛び組に差し替え。circle_pct上位2艇に絞り込むこと。\n展示で1号艇スタート超安定(0.122秒)→ヒモ固まり方向に注意'}",,,27.2,逃げ狙い,14.64,28.7,4,,,,,,,,,,,
2025-06-09,丸亀,12,1,近江翔吾,A1,40.96,1,◎,57.0167,,0,92.7,0.1291,2.3015,,,0,低,52,0,逃1%,,0,88.3,1.1396,0.7838,,,,,0.0811,0.0541,0.027,◎,,C,◎,,,0.6415,,0.7288,S,90,0,◎1着固定 2-3着流し（5〜8点）,0.5777,"{'is_target': True, 'verdict': '参加推奨', 'max_combo_prob': 0.07, 'est_top_odds': 19.0, 'circle_concentration': 62.0, 'eligible_count': 6, 'bet_adj': 2, 'reason': 'rel_win1=57.0%（本命度） / 最有力組み合わせ確率: 0.070（推定実オッズ?19倍） / 2着集中度: 上位2艇 62.0%（補正+0.00） / 総合判定確率: 0.070 / → ヒモ分散。1号艇1着固定で広めのヒモ流し推奨（買い目+2点）', 'tenji_trigger': '展示確認: ヒモ分散レース。1号艇伸び確認後、広めのヒモ流しを採用。穴ヒモ（5・6号艇）を積極的に含める。\n展示で1号艇スタート超安定(0.129秒)→ヒモ固まり方向に注意'}",,,28.7,逃げ狙い,24.02,24.8,3,,,,,0,0,0.7559,0,,逃げ軸流し,A
2025-06-09,丸亀,12,2,山本寛久,A1,31.29,2,,10.3177,40.9,53,80.4,0.1547,3.3039,,,0,低,77,0,-,,0,54.5,1.1069,0,0.1379,0.0345,0,0,0.0222,0.0444,0.2056,,,E,,,0.079,0.6225,,0.7288,S,90,0,◎1着固定 2-3着流し（5〜8点）,0.5777,"{'is_target': True, 'verdict': '参加推奨', 'max_combo_prob': 0.07, 'est_top_odds': 19.0, 'circle_concentration': 62.0, 'eligible_count': 6, 'bet_adj': 2, 'reason': 'rel_win1=57.0%（本命度） / 最有力組み合わせ確率: 0.070（推定実オッズ?19倍） / 2着集中度: 上位2艇 62.0%（補正+0.00） / 総合判定確率: 0.070 / → ヒモ分散。1号艇1着固定で広めのヒモ流し推奨（買い目+2点）', 'tenji_trigger': '展示確認: ヒモ分散レース。1号艇伸び確認後、広めのヒモ流しを採用。穴ヒモ（5・6号艇）を積極的に含める。\n展示で1号艇スタート超安定(0.129秒)→ヒモ固まり方向に注意'}",,,28.7,逃げ狙い,24.02,24.8,3,,,,,,,,,,,
2025-06-09,丸亀,12,3,海野康志,A1,44.91,3,○,14.2332,21.1,83,79.5,0.1582,3.2179,,,0,低,38,0,差ま0%,,0,73.2,1.479,0,0,0,0.1176,0,0,0.0387,0.2516,,,B,△,,0.1583,0.6265,,0.7288,S,90,0,◎1着固定 2-3着流し（5〜8点）,0.5777,"{'is_target': True, 'verdict': '参加推奨', 'max_combo_prob': 0.07, 'est_top_odds': 19.0, 'circle_concentration': 62.0, 'eligible_count': 6, 'bet_adj': 2, 'reason': 'rel_win1=57.0%（本命度） / 最有力組み合わせ確率: 0.070（推定実オッズ?19倍） / 2着集中度: 上位2艇 62.0%（補正+0.00） / 総合判定確率: 0.070 / → ヒモ分散。1号艇1着固定で広めのヒモ流し推奨（買い目+2点）', 'tenji_trigger': '展示確認: ヒモ分散レース。1号艇伸び確認後、広めのヒモ流しを採用。穴ヒモ（5・6号艇）を積極的に含める。\n展示で1号艇スタート超安定(0.129秒)→ヒモ固まり方向に注意'}",,,28.7,逃げ狙い,24.02,24.8,3,,,,,,,,,,,
2025-06-09,丸亀,12,4,飯島昌弘,A1,39.77,4,,6.858,18.5,100,73.9,0.1738,3.5385,,,0,低,119,0,-,,0,82.3,0.6534,0,0.0278,0.0556,0,0.0278,0,0.1242,0.0242,,,C,△,○,0.1134,0.6275,0.2673,0.7288,S,90,0,◎1着固定 2-3着流し（5〜8点）,0.5777,"{'is_target': True, 'verdict': '参加推奨', 'max_combo_prob': 0.07, 'est_top_odds': 19.0, 'circle_concentration': 62.0, 'eligible_count': 6, 'bet_adj': 2, 'reason': 'rel_win1=57.0%（本命度） / 最有力組み合わせ確率: 0.070（推定実オッズ?19倍） / 2着集中度: 上位2艇 62.0%（補正+0.00） / 総合判定確率: 0.070 / → ヒモ分散。1号艇1着固定で広めのヒモ流し推奨（買い目+2点）', 'tenji_trigger': '展示確認: ヒモ分散レース。1号艇伸び確認後、広めのヒモ流しを採用。穴ヒモ（5・6号艇）を積極的に含める。\n展示で1号艇スタート超安定(0.129秒)→ヒモ固まり方向に注意'}",,,28.7,逃げ狙い,24.02,24.8,3,,,,,,,,,,,
2025-06-09,丸亀,12,5,田中和也,A1,46.58,5,▲,7.1364,14.2,75,63,0.1715,3.4022,,,0,低,135,0,-,,0,50.6,1.0112,0,0,0.0476,0,0.0952,0.0455,0.0273,0.1145,,,B,,,0.1537,0.62,0.2432,0.7288,S,90,0,◎1着固定 2-3着流し（5〜8点）,0.5777,"{'is_target': True, 'verdict': '参加推奨', 'max_combo_prob': 0.07, 'est_top_odds': 19.0, 'circle_concentration': 62.0, 'eligible_count': 6, 'bet_adj': 2, 'reason': 'rel_win1=57.0%（本命度） / 最有力組み合わせ確率: 0.070（推定実オッズ?19倍） / 2着集中度: 上位2艇 62.0%（補正+0.00） / 総合判定確率: 0.070 / → ヒモ分散。1号艇1着固定で広めのヒモ流し推奨（買い目+2点）', 'tenji_trigger': '展示確認: ヒモ分散レース。1号艇伸び確認後、広めのヒモ流しを採用。穴ヒモ（5・6号艇）を積極的に含める。\n展示で1号艇スタート超安定(0.129秒)→ヒモ固まり方向に注意'}",,,28.7,逃げ狙い,24.02,24.8,3,,,,,,,,,,,
2025-06-09,丸亀,12,6,里岡右貴,A1,36.52,6,△,4.4381,5.3,75,50,0.1495,3.0152,,,0,低,75,0,-,,0,31,1.5753,0,0,0.0323,0,0.0323,0.115,0.139,0.024,,,D,○,◎,0.2185,0.641,0.3272,0.7288,S,90,0,◎1着固定 2-3着流し（5〜8点）,0.5777,"{'is_target': True, 'verdict': '参加推奨', 'max_combo_prob': 0.07, 'est_top_odds': 19.0, 'circle_concentration': 62.0, 'eligible_count': 6, 'bet_adj': 2, 'reason': 'rel_win1=57.0%（本命度） / 最有力組み合わせ確率: 0.070（推定実オッズ?19倍） / 2着集中度: 上位2艇 62.0%（補正+0.00） / 総合判定確率: 0.070 / → ヒモ分散。1号艇1着固定で広めのヒモ流し推奨（買い目+2点）', 'tenji_trigger': '展示確認: ヒモ分散レース。1号艇伸び確認後、広めのヒモ流しを採用。穴ヒモ（5・6号艇）を積極的に含める。\n展示で1号艇スタート超安定(0.129秒)→ヒモ固まり方向に注意'}",,,28.7,逃げ狙い,24.02,24.8,3,,,,,,,,,,,
2025-06-10,丸亀,1,1,抹香雄三,B1,25.31,1,◎,59.7487,,0,83.6,0.1354,2.4851,,,0,低,100,0,逃0%,5,0,85.9,1.081,0.44,,,,,0.12,0.24,0.16,◎,,E,◎,,,0.6655,,0.5894,A,78,0,◎-○軸 3着3〜4艇流し（10〜15点）,0.5777,"{'is_target': True, 'verdict': '参加推奨', 'max_combo_prob': 0.1166, 'est_top_odds': 11.4, 'circle_concentration': 63.4, 'eligible_count': 8, 'bet_adj': 2, 'reason': 'rel_win1=59.7%（本命度） / 最有力組み合わせ確率: 0.117（推定実オッズ?11倍） / 2着集中度: 上位2艇 63.4%（補正+0.00） / 総合判定確率: 0.117 / → ヒモ分散。1号艇1着固定で広めのヒモ流し推奨（買い目+2点）', 'tenji_trigger': '展示確認: ヒモ分散レース。1号艇伸び確認後、広めのヒモ流しを採用。穴ヒモ（5・6号艇）を積極的に含める。\n展示で1号艇スタート超安定(0.135秒)→ヒモ固まり方向に注意'}",,,29.2,逃げ狙い,17,32.4,2,,,,,0,0,0.7559,0,,逃げ軸流し,A
2025-06-10,丸亀,1,2,多羅尾達,B1,34.97,2,▲,16.6315,40.2,46,48.9,0.1498,2.9043,,,0,低,76,0,差0% ま0% 抜0%,6,0,36.2,0.8733,0,0.0455,0.0909,0,0.0455,0.0941,0,0.4176,,,C,,,0.1887,0.5115,,0.5894,A,78,0,◎-○軸 3着3〜4艇流し（10〜15点）,0.5777,"{'is_target': True, 'verdict': '参加推奨', 'max_combo_prob': 0.1166, 'est_top_odds': 11.4, 'circle_concentration': 63.4, 'eligible_count': 8, 'bet_adj': 2, 'reason': 'rel_win1=59.7%（本命度） / 最有力組み合わせ確率: 0.117（推定実オッズ?11倍） / 2着集中度: 上位2艇 63.4%（補正+0.00） / 総合判定確率: 0.117 / → ヒモ分散。1号艇1着固定で広めのヒモ流し推奨（買い目+2点）', 'tenji_trigger': '展示確認: ヒモ分散レース。1号艇伸び確認後、広めのヒモ流しを採用。穴ヒモ（5・6号艇）を積極的に含める。\n展示で1号艇スタート超安定(0.135秒)→ヒモ固まり方向に注意'}",,,29.2,逃げ狙い,17,32.4,2,,,,,,,,,,,
2025-06-10,丸亀,1,3,品川賢次,B1,34.73,3,,8.6835,23.2,100,46.3,0.1694,3.7778,,,0,低,141,0,差0%,3,0,30.6,0.8775,0,0.0526,0,0,0,0.3835,0.1489,0.1278,,,C,△,,0.1436,0.59,,0.5894,A,78,0,◎-○軸 3着3〜4艇流し（10〜15点）,0.5777,"{'is_target': True, 'verdict': '参加推奨', 'max_combo_prob': 0.1166, 'est_top_odds': 11.4, 'circle_concentration': 63.4, 'eligible_count': 8, 'bet_adj': 2, 'reason': 'rel_win1=59.7%（本命度） / 最有力組み合わせ確率: 0.117（推定実オッズ?11倍） / 2着集中度: 上位2艇 63.4%（補正+0.00） / 総合判定確率: 0.117 / → ヒモ分散。1号艇1着固定で広めのヒモ流し推奨（買い目+2点）', 'tenji_trigger': '展示確認: ヒモ分散レース。1号艇伸び確認後、広めのヒモ流しを採用。穴ヒモ（5・6号艇）を積極的に含める。\n展示で1号艇スタート超安定(0.135秒)→ヒモ固まり方向に注意'}",,,29.2,逃げ狙い,17,32.4,2,,,,,,,,,,,
2025-06-10,丸亀,1,4,高木圭大,B1,25.64,4,,6.8599,17,40,27.1,0.1605,3.0169,,,0,低,107,0,-,5,0,24.4,0.6887,0,0,0,0,0.0312,0.0632,0.1842,0.2632,,,D,△,,0.2518,0.606,,0.5894,A,78,0,◎-○軸 3着3〜4艇流し（10〜15点）,0.5777,"{'is_target': True, 'verdict': '参加推奨', 'max_combo_prob': 0.1166, 'est_top_odds': 11.4, 'circle_concentration': 63.4, 'eligible_count': 8, 'bet_adj': 2, 'reason': 'rel_win1=59.7%（本命度） / 最有力組み合わせ確率: 0.117（推定実オッズ?11倍） / 2着集中度: 上位2艇 63.4%（補正+0.00） / 総合判定確率: 0.117 / → ヒモ分散。1号艇1着固定で広めのヒモ流し推奨（買い目+2点）', 'tenji_trigger': '展示確認: ヒモ分散レース。1号艇伸び確認後、広めのヒモ流しを採用。穴ヒモ（5・6号艇）を積極的に含める。\n展示で1号艇スタート超安定(0.135秒)→ヒモ固まり方向に注意'}",,,29.2,逃げ狙い,17,32.4,2,,,,,,,,,,,
2025-06-10,丸亀,1,5,東　健介,B1,38.75,5,△,3.0949,13.8,31,20,0.1633,3.6636,,,0,低,99,0,-,25,0,30,0.7417,,,,,,0.0667,0.1556,0.5389,,,B,○,,0.2572,0.631,,0.5894,A,78,0,◎-○軸 3着3〜4艇流し（10〜15点）,0.5777,"{'is_target': True, 'verdict': '参加推奨', 'max_combo_prob': 0.1166, 'est_top_odds': 11.4, 'circle_concentration': 63.4, 'eligible_count': 8, 'bet_adj': 2, 'reason': 'rel_win1=59.7%（本命度） / 最有力組み合わせ確率: 0.117（推定実オッズ?11倍） / 2着集中度: 上位2艇 63.4%（補正+0.00） / 総合判定確率: 0.117 / → ヒモ分散。1号艇1着固定で広めのヒモ流し推奨（買い目+2点）', 'tenji_trigger': '展示確認: ヒモ分散レース。1号艇伸び確認後、広めのヒモ流しを採用。穴ヒモ（5・6号艇）を積極的に含める。\n展示で1号艇スタート超安定(0.135秒)→ヒモ固まり方向に注意'}",,,29.2,逃げ狙い,17,32.4,2,,,,,,,,,,,
2025-06-10,丸亀,1,6,石井伸長,B1,44.71,6,○,4.9814,5.8,35,23.5,0.1533,3.4847,,,0,低,79,0,差ま0%,3,0,61.8,1.23,0,0.027,0.027,0.0811,0,0,0.5,0.25,,,A,,◎,0.2696,0.5655,0.2797,0.5894,A,78,0,◎-○軸 3着3〜4艇流し（10〜15点）,0.5777,"{'is_target': True, 'verdict': '参加推奨', 'max_combo_prob': 0.1166, 'est_top_odds': 11.4, 'circle_concentration': 63.4, 'eligible_count': 8, 'bet_adj': 2, 'reason': 'rel_win1=59.7%（本命度） / 最有力組み合わせ確率: 0.117（推定実オッズ?11倍） / 2着集中度: 上位2艇 63.4%（補正+0.00） / 総合判定確率: 0.117 / → ヒモ分散。1号艇1着固定で広めのヒモ流し推奨（買い目+2点）', 'tenji_trigger': '展示確認: ヒモ分散レース。1号艇伸び確認後、広めのヒモ流しを採用。穴ヒモ（5・6号艇）を積極的に含める。\n展示で1号艇スタート超安定(0.135秒)→ヒモ固まり方向に注意'}",,,29.2,逃げ狙い,17,32.4,2,,,,,,,,,,,
2025-06-10,丸亀,2,1,西川新太,B1,32.30,1,◎,51.3306,,0,84,0.1546,3.35,,,0,低,96,0,逃0%,5,0,85,1.0654,0.1,,,,,0.26,0.24,0.2,○,,D,○,,,0.6235,,0.366,A,75,0,◎-○軸 3着3〜4艇流し（10〜15点）,0.5777,"{'is_target': True, 'verdict': '点数絞り', 'max_combo_prob': 0.0876, 'est_top_odds': 15.2, 'circle_concentration': 78.0, 'eligible_count': 8, 'bet_adj': 0, 'reason': 'rel_win1=51.3%（本命度） / 最有力組み合わせ確率: 0.088（推定実オッズ?15倍） / 2着集中度: 上位2艇 78.0%（補正+0.04） / 総合判定確率: 0.128 / → ヒモはやや固め。上位2艇以外を切ること', 'tenji_trigger': '展示確認: 1号艇伸び良→そのまま採用。悪→飛び組に差し替え。circle_pct上位2艇に絞り込むこと。'}",,,30.4,逃げ狙い,13.86,38.4,4,,,,,0,0,0.6155,0,,主役軸流し,B
2025-06-10,丸亀,2,2,井上尚悟,B1,44.38,2,○,18.0594,20.8,68,42.6,0.1792,4.0738,,,0,低,157,0,差1%,45,0,78.4,1.4172,0,0.1304,0.0435,0,0,0.1832,0.0842,0.1621,,,A,,,0.1202,0.593,,0.366,A,75,0,◎-○軸 3着3〜4艇流し（10〜15点）,0.5777,"{'is_target': True, 'verdict': '点数絞り', 'max_combo_prob': 0.0876, 'est_top_odds': 15.2, 'circle_concentration': 78.0, 'eligible_count': 8, 'bet_adj': 0, 'reason': 'rel_win1=51.3%（本命度） / 最有力組み合わせ確率: 0.088（推定実オッズ?15倍） / 2着集中度: 上位2艇 78.0%（補正+0.04） / 総合判定確率: 0.128 / → ヒモはやや固め。上位2艇以外を切ること', 'tenji_trigger': '展示確認: 1号艇伸び良→そのまま採用。悪→飛び組に差し替え。circle_pct上位2艇に絞り込むこと。'}",,,30.4,逃げ狙い,13.86,38.4,4,,,,,,,,,,,
2025-06-10,丸亀,2,3,大串重幸,A2,33.97,3,▲,14.2468,57.1,65,70.8,0.1388,3.0615,,,0,低,132,0,-,2,0,38.1,0.86,0,0,0.08,0.04,0,0.1088,0.0526,0.1193,,◎,C,△,,0.4088,0.6085,,0.366,A,75,0,◎-○軸 3着3〜4艇流し（10〜15点）,0.5777,"{'is_target': True, 'verdict': '点数絞り', 'max_combo_prob': 0.0876, 'est_top_odds': 15.2, 'circle_concentration': 78.0, 'eligible_count': 8, 'bet_adj': 0, 'reason': 'rel_win1=51.3%（本命度） / 最有力組み合わせ確率: 0.088（推定実オッズ?15倍） / 2着集中度: 上位2艇 78.0%（補正+0.04） / 総合判定確率: 0.128 / → ヒモはやや固め。上位2艇以外を切ること', 'tenji_trigger': '展示確認: 1号艇伸び良→そのまま採用。悪→飛び組に差し替え。circle_pct上位2艇に絞り込むこと。'}",,,30.4,逃げ狙い,13.86,38.4,4,,,,,,,,,,,
2025-06-10,丸亀,2,4,山地正樹,B1,40.85,4,△,10.4826,10.2,90,30.2,0.1807,4.2907,,,0,低,88,0,-,1,0,26,0.6274,,,,,,0.2091,0.1545,0.1364,,,B,◎,,0.2467,0.642,,0.366,A,75,0,◎-○軸 3着3〜4艇流し（10〜15点）,0.5777,"{'is_target': True, 'verdict': '点数絞り', 'max_combo_prob': 0.0876, 'est_top_odds': 15.2, 'circle_concentration': 78.0, 'eligible_count': 8, 'bet_adj': 0, 'reason': 'rel_win1=51.3%（本命度） / 最有力組み合わせ確率: 0.088（推定実オッズ?15倍） / 2着集中度: 上位2艇 78.0%（補正+0.04） / 総合判定確率: 0.128 / → ヒモはやや固め。上位2艇以外を切ること', 'tenji_trigger': '展示確認: 1号艇伸び良→そのまま採用。悪→飛び組に差し替え。circle_pct上位2艇に絞り込むこと。'}",,,30.4,逃げ狙い,13.86,38.4,4,,,,,,,,,,,
2025-06-10,丸亀,2,5,菊池峰晴,B1,32.74,5,,3.4237,7.6,100,35.6,0.1856,4,,,0,低,151,0,-,2,0,54,0.985,,,,,,0.2,0.2,0.3,,,D,,,0.2474,0.593,,0.366,A,75,0,◎-○軸 3着3〜4艇流し（10〜15点）,0.5777,"{'is_target': True, 'verdict': '点数絞り', 'max_combo_prob': 0.0876, 'est_top_odds': 15.2, 'circle_concentration': 78.0, 'eligible_count': 8, 'bet_adj': 0, 'reason': 'rel_win1=51.3%（本命度） / 最有力組み合わせ確率: 0.088（推定実オッズ?15倍） / 2着集中度: 上位2艇 78.0%（補正+0.04） / 総合判定確率: 0.128 / → ヒモはやや固め。上位2艇以外を切ること', 'tenji_trigger': '展示確認: 1号艇伸び良→そのまま採用。悪→飛び組に差し替え。circle_pct上位2艇に絞り込むこと。'}",,,30.4,逃げ狙い,13.86,38.4,4,,,,,,,,,,,
2025-06-10,丸亀,2,6,興津　藍,B1,30.59,6,,2.4571,4.2,77,34.4,0.1926,4.4754,,,0,低,133,0,-,2,0,25,0.4761,,,,,,0.1562,0.0343,0.179,,,E,△,,0.2251,0.6195,,0.366,A,75,0,◎-○軸 3着3〜4艇流し（10〜15点）,0.5777,"{'is_target': True, 'verdict': '点数絞り', 'max_combo_prob': 0.0876, 'est_top_odds': 15.2, 'circle_concentration': 78.0, 'eligible_count': 8, 'bet_adj': 0, 'reason': 'rel_win1=51.3%（本命度） / 最有力組み合わせ確率: 0.088（推定実オッズ?15倍） / 2着集中度: 上位2艇 78.0%（補正+0.04） / 総合判定確率: 0.128 / → ヒモはやや固め。上位2艇以外を切ること', 'tenji_trigger': '展示確認: 1号艇伸び良→そのまま採用。悪→飛び組に差し替え。circle_pct上位2艇に絞り込むこと。'}",,,30.4,逃げ狙い,13.86,38.4,4,,,,,,,,,,,
2025-06-10,丸亀,3,1,中里英夫,B1,45.10,1,◎,50.1077,,0,83.3,0.1586,3.2652,,,0,低,123,0,逃0%,32,0,72.8,1.0534,0.3438,,,,,0.1292,0.2458,0.1958,○,,B,○,,,0.641,,0.3537,A,67,0,◎-○軸 3着3〜4艇流し（10〜15点）,0.5777,"{'is_target': True, 'verdict': '参加推奨', 'max_combo_prob': 0.0821, 'est_top_odds': 16.2, 'circle_concentration': 66.9, 'eligible_count': 8, 'bet_adj': 2, 'reason': 'rel_win1=50.1%（本命度） / 最有力組み合わせ確率: 0.082（推定実オッズ?16倍） / 2着集中度: 上位2艇 66.9%（補正+0.00） / 総合判定確率: 0.082 / → ヒモ分散。1号艇1着固定で広めのヒモ流し推奨（買い目+2点）', 'tenji_trigger': '展示確認: ヒモ分散レース。1号艇伸び確認後、広めのヒモ流しを採用。穴ヒモ（5・6号艇）を積極的に含める。'}",,,29.7,逃げ狙い,16.23,34.5,4,,,,,0,0,0.6155,0,,逃げ軸流し,A
2025-06-10,丸亀,3,2,近藤稔也,B1,34.64,2,,11.2128,22.8,71,44.4,0.1879,3.9524,,,0,低,180,0,-,34,0,33.7,0.886,,,,,,0.368,0.32,0.064,,,D,,,0.0969,0.609,,0.3537,A,67,0,◎-○軸 3着3〜4艇流し（10〜15点）,0.5777,"{'is_target': True, 'verdict': '参加推奨', 'max_combo_prob': 0.0821, 'est_top_odds': 16.2, 'circle_concentration': 66.9, 'eligible_count': 8, 'bet_adj': 2, 'reason': 'rel_win1=50.1%（本命度） / 最有力組み合わせ確率: 0.082（推定実オッズ?16倍） / 2着集中度: 上位2艇 66.9%（補正+0.00） / 総合判定確率: 0.082 / → ヒモ分散。1号艇1着固定で広めのヒモ流し推奨（買い目+2点）', 'tenji_trigger': '展示確認: ヒモ分散レース。1号艇伸び確認後、広めのヒモ流しを採用。穴ヒモ（5・6号艇）を積極的に含める。'}",,,29.7,逃げ狙い,16.23,34.5,4,,,,,,,,,,,
2025-06-10,丸亀,3,3,木場悠介,B1,38.51,3,△,10.1159,44.1,62,62.5,0.1464,3.0547,,,0,低,101,0,-,6,0,19.5,0.5908,0,0,0.0385,0,0.0385,0.032,0.132,0.244,,○,C,◎,,0.3713,0.652,,0.3537,A,67,0,◎-○軸 3着3〜4艇流し（10〜15点）,0.5777,"{'is_target': True, 'verdict': '参加推奨', 'max_combo_prob': 0.0821, 'est_top_odds': 16.2, 'circle_concentration': 66.9, 'eligible_count': 8, 'bet_adj': 2, 'reason': 'rel_win1=50.1%（本命度） / 最有力組み合わせ確率: 0.082（推定実オッズ?16倍） / 2着集中度: 上位2艇 66.9%（補正+0.00） / 総合判定確率: 0.082 / → ヒモ分散。1号艇1着固定で広めのヒモ流し推奨（買い目+2点）', 'tenji_trigger': '展示確認: ヒモ分散レース。1号艇伸び確認後、広めのヒモ流しを採用。穴ヒモ（5・6号艇）を積極的に含める。'}",,,29.7,逃げ狙い,16.23,34.5,4,,,,,,,,,,,
2025-06-10,丸亀,3,4,田中和也,A1,46.58,4,○,19.7754,19.8,100,69.6,0.172,3.2283,,,0,低,135,0,差0% ま0% 抜0%,14,0,94.2,1.7643,0,0.05,0.1,0,0.1,0.0455,0.0273,0.1145,,,A,△,◎,0.2881,0.62,0.2655,0.3537,A,67,0,◎-○軸 3着3〜4艇流し（10〜15点）,0.5777,"{'is_target': True, 'verdict': '参加推奨', 'max_combo_prob': 0.0821, 'est_top_odds': 16.2, 'circle_concentration': 66.9, 'eligible_count': 8, 'bet_adj': 2, 'reason': 'rel_win1=50.1%（本命度） / 最有力組み合わせ確率: 0.082（推定実オッズ?16倍） / 2着集中度: 上位2艇 66.9%（補正+0.00） / 総合判定確率: 0.082 / → ヒモ分散。1号艇1着固定で広めのヒモ流し推奨（買い目+2点）', 'tenji_trigger': '展示確認: ヒモ分散レース。1号艇伸び確認後、広めのヒモ流しを採用。穴ヒモ（5・6号艇）を積極的に含める。'}",,,29.7,逃げ狙い,16.23,34.5,4,,,,,,,,,,,
2025-06-10,丸亀,3,5,宮本琉正,B2,38.79,5,▲,7.6608,10.4,61,14.3,0.11,1.7143,,,0,低,33,1,-,6,0,38.4,0.8036,,,,,,,,,,◎,C,,,0.5028,0.504,,0.3537,A,67,0,◎-○軸 3着3〜4艇流し（10〜15点）,0.5777,"{'is_target': True, 'verdict': '参加推奨', 'max_combo_prob': 0.0821, 'est_top_odds': 16.2, 'circle_concentration': 66.9, 'eligible_count': 8, 'bet_adj': 2, 'reason': 'rel_win1=50.1%（本命度） / 最有力組み合わせ確率: 0.082（推定実オッズ?16倍） / 2着集中度: 上位2艇 66.9%（補正+0.00） / 総合判定確率: 0.082 / → ヒモ分散。1号艇1着固定で広めのヒモ流し推奨（買い目+2点）', 'tenji_trigger': '展示確認: ヒモ分散レース。1号艇伸び確認後、広めのヒモ流しを採用。穴ヒモ（5・6号艇）を積極的に含める。'}",,,29.7,逃げ狙い,16.23,34.5,4,,,,,,,,,,,
2025-06-10,丸亀,3,6,岡本慎治,B1,29.82,6,,1.1275,2.9,37,24.2,0.2048,4.3636,,,0,低,107,0,-,44,0,27.7,0.7308,,,,,,0.4053,0.0421,0.2132,,,E,△,,0.1999,0.611,,0.3537,A,67,0,◎-○軸 3着3〜4艇流し（10〜15点）,0.5777,"{'is_target': True, 'verdict': '参加推奨', 'max_combo_prob': 0.0821, 'est_top_odds': 16.2, 'circle_concentration': 66.9, 'eligible_count': 8, 'bet_adj': 2, 'reason': 'rel_win1=50.1%（本命度） / 最有力組み合わせ確率: 0.082（推定実オッズ?16倍） / 2着集中度: 上位2艇 66.9%（補正+0.00） / 総合判定確率: 0.082 / → ヒモ分散。1号艇1着固定で広めのヒモ流し推奨（買い目+2点）', 'tenji_trigger': '展示確認: ヒモ分散レース。1号艇伸び確認後、広めのヒモ流しを採用。穴ヒモ（5・6号艇）を積極的に含める。'}",,,29.7,逃げ狙い,16.23,34.5,4,,,,,,,,,,,
2025-06-10,丸亀,4,1,赤峰和也,B1,38.32,1,◎,48.5438,,0,64.1,0.1662,3.5897,,,0,低,121,0,逃0%,6,0,54.3,0.8493,0.2222,,,,,0.4111,0.1889,0.3111,△,,B,,,,0.5725,,0.2618,B,52,0,◎○△フォーメーション（15〜20点）,0.5777,"{'is_target': True, 'verdict': '参加推奨', 'max_combo_prob': 0.0638, 'est_top_odds': 20.9, 'circle_concentration': 70.4, 'eligible_count': 9, 'bet_adj': 2, 'reason': 'rel_win1=48.5%（本命度） / 最有力組み合わせ確率: 0.064（推定実オッズ?21倍） / 2着集中度: 上位2艇 70.4%（補正+0.04） / 総合判定確率: 0.104 / → ヒモ分散。1号艇1着固定で広めのヒモ流し推奨（買い目+2点）', 'tenji_trigger': '展示確認: ヒモ分散レース。1号艇伸び確認後、広めのヒモ流しを採用。穴ヒモ（5・6号艇）を積極的に含める。'}",,,31.8,両建て推奨,12.21,43.9,5,5-1-2|5-1-3|1-2-5|1-3-5|1-2-3|1-3-2|1-5-2,2-1-3|5-1-2|6-1-2|2-1-4|6-1-3|5-1-3|6-1-4|1-2-5|1-3-5|1-2-3|1-3-2|1-5-2,5-1-2:2.29%|5-1-3:2.0%|1-2-5:6.32%|1-3-5:6.22%|1-2-3:4.19%|1-3-2:4.16%|1-5-2:3.44%,5-1-2:B_main|5-1-3:B_main|1-2-5:A|1-3-5:A|1-2-3:A|1-3-2:A|1-5-2:A,7,12,0.4535,1,[!]見送り推奨（主役決まり手「まくり差し」― 逃げ劣勢レースで的中実績なし）,荒れ広め,D
2025-06-10,丸亀,4,2,貫地谷直,B1,26.99,2,,7.2262,37.2,54,28.3,0.2157,4.3774,,,0,低,204,0,-,55,0,100,0.5462,,,,,,0.0571,0.6214,0.2643,,,D,,,0.1392,0.5725,,0.2618,B,52,0,◎○△フォーメーション（15〜20点）,0.5777,"{'is_target': True, 'verdict': '参加推奨', 'max_combo_prob': 0.0638, 'est_top_odds': 20.9, 'circle_concentration': 70.4, 'eligible_count': 9, 'bet_adj': 2, 'reason': 'rel_win1=48.5%（本命度） / 最有力組み合わせ確率: 0.064（推定実オッズ?21倍） / 2着集中度: 上位2艇 70.4%（補正+0.04） / 総合判定確率: 0.104 / → ヒモ分散。1号艇1着固定で広めのヒモ流し推奨（買い目+2点）', 'tenji_trigger': '展示確認: ヒモ分散レース。1号艇伸び確認後、広めのヒモ流しを採用。穴ヒモ（5・6号艇）を積極的に含める。'}",,,31.8,両建て推奨,12.21,43.9,5,,,,,,,,,,,
2025-06-10,丸亀,4,3,岡田憲行,A2,29.94,3,△,13.5303,33.2,79,59.7,0.1811,3.8333,,,0,低,196,0,ま0% 差ま0% 抜0%,34,0,49.3,1.1794,0,0,0.0333,0.0667,0.0333,0.0111,0.0444,0.1978,,,D,△,,0.2566,0.5985,,0.2618,B,52,0,◎○△フォーメーション（15〜20点）,0.5777,"{'is_target': True, 'verdict': '参加推奨', 'max_combo_prob': 0.0638, 'est_top_odds': 20.9, 'circle_concentration': 70.4, 'eligible_count': 9, 'bet_adj': 2, 'reason': 'rel_win1=48.5%（本命度） / 最有力組み合わせ確率: 0.064（推定実オッズ?21倍） / 2着集中度: 上位2艇 70.4%（補正+0.04） / 総合判定確率: 0.104 / → ヒモ分散。1号艇1着固定で広めのヒモ流し推奨（買い目+2点）', 'tenji_trigger': '展示確認: ヒモ分散レース。1号艇伸び確認後、広めのヒモ流しを採用。穴ヒモ（5・6号艇）を積極的に含める。'}",,,31.8,両建て推奨,12.21,43.9,5,,,,,,,,,,,
2025-06-10,丸亀,4,4,木村浩士,B1,26.06,4,,9.816,10.4,73,41,0.1897,4.123,,,0,低,221,0,ま0% 抜0%,56,0,43.2,0.9579,0,0,0.0833,0,0.0417,0.1143,0.2714,0.1286,,,E,○,,0.2362,0.6485,,0.2618,B,52,0,◎○△フォーメーション（15〜20点）,0.5777,"{'is_target': True, 'verdict': '参加推奨', 'max_combo_prob': 0.0638, 'est_top_odds': 20.9, 'circle_concentration': 70.4, 'eligible_count': 9, 'bet_adj': 2, 'reason': 'rel_win1=48.5%（本命度） / 最有力組み合わせ確率: 0.064（推定実オッズ?21倍） / 2着集中度: 上位2艇 70.4%（補正+0.04） / 総合判定確率: 0.104 / → ヒモ分散。1号艇1着固定で広めのヒモ流し推奨（買い目+2点）', 'tenji_trigger': '展示確認: ヒモ分散レース。1号艇伸び確認後、広めのヒモ流しを採用。穴ヒモ（5・6号艇）を積極的に含める。'}",,,31.8,両建て推奨,12.21,43.9,5,,,,,,,,,,,
2025-06-10,丸亀,4,5,若林　将,A1,40.24,5,○,19.2997,17.2,100,69.2,0.129,2.8173,,,0,低,35,0,差ま0%,21,0,24.8,2.1424,0,0,0,0.1364,0,0.2214,0,0.1036,,◎,B,◎,◎,0.4525,0.6995,0.5067,0.2618,B,52,0,◎○△フォーメーション（15〜20点）,0.5777,"{'is_target': True, 'verdict': '参加推奨', 'max_combo_prob': 0.0638, 'est_top_odds': 20.9, 'circle_concentration': 70.4, 'eligible_count': 9, 'bet_adj': 2, 'reason': 'rel_win1=48.5%（本命度） / 最有力組み合わせ確率: 0.064（推定実オッズ?21倍） / 2着集中度: 上位2艇 70.4%（補正+0.04） / 総合判定確率: 0.104 / → ヒモ分散。1号艇1着固定で広めのヒモ流し推奨（買い目+2点）', 'tenji_trigger': '展示確認: ヒモ分散レース。1号艇伸び確認後、広めのヒモ流しを採用。穴ヒモ（5・6号艇）を積極的に含める。'}",,,31.8,両建て推奨,12.21,43.9,5,,,,,,,,,,,
2025-06-10,丸亀,4,6,金子順一,B1,37.57,6,▲,1.5839,2,31,4,0.1804,4.46,,,0,低,148,0,-,6,0,36.8,0.7667,,,,,,0.38,0.18,0.064,,,C,△,,0.2939,0.6315,,0.2618,B,52,0,◎○△フォーメーション（15〜20点）,0.5777,"{'is_target': True, 'verdict': '参加推奨', 'max_combo_prob': 0.0638, 'est_top_odds': 20.9, 'circle_concentration': 70.4, 'eligible_count': 9, 'bet_adj': 2, 'reason': 'rel_win1=48.5%（本命度） / 最有力組み合わせ確率: 0.064（推定実オッズ?21倍） / 2着集中度: 上位2艇 70.4%（補正+0.04） / 総合判定確率: 0.104 / → ヒモ分散。1号艇1着固定で広めのヒモ流し推奨（買い目+2点）', 'tenji_trigger': '展示確認: ヒモ分散レース。1号艇伸び確認後、広めのヒモ流しを採用。穴ヒモ（5・6号艇）を積極的に含める。'}",,,31.8,両建て推奨,12.21,43.9,5,,,,,,,,,,,
2025-06-10,丸亀,5,1,冨成謙児,B1,27.27,1,◎,47.2156,,0,82.7,0.1308,2.4231,,,0,低,112,0,逃0%,43,0,100,3.5101,0.3043,,,,,0.3043,0.1739,0.1739,◎,,D,○,,,0.6875,,0.5472,A,68,0,◎-○軸 3着3〜4艇流し（10〜15点）,0.5777,"{'is_target': True, 'verdict': '参加推奨', 'max_combo_prob': 0.0623, 'est_top_odds': 21.4, 'circle_concentration': 67.7, 'eligible_count': 8, 'bet_adj': 2, 'reason': 'rel_win1=47.2%（本命度） / 最有力組み合わせ確率: 0.062（推定実オッズ?21倍） / 2着集中度: 上位2艇 67.7%（補正+0.00） / 総合判定確率: 0.062 / → ヒモ分散。1号艇1着固定で広めのヒモ流し推奨（買い目+2点）', 'tenji_trigger': '展示確認: ヒモ分散レース。1号艇伸び確認後、広めのヒモ流しを採用。穴ヒモ（5・6号艇）を積極的に含める。\n展示で1号艇スタート超安定(0.131秒)→ヒモ固まり方向に注意'}",,,30.4,逃げ狙い,15.85,36.7,4,,,,,0,0,0.7559,0,,逃げ軸流し,A
2025-06-10,丸亀,5,2,岡谷健吾,B1,30.18,2,,13.4932,39.1,41,54.8,0.187,4.3904,,,0,低,180,0,差0% ま0% 抜0%,44,0,34.1,0.919,0,0.0513,0.0513,0,0.0256,0.1444,0.1296,0.1593,,,C,◎,,0.1066,0.69,,0.5472,A,68,0,◎-○軸 3着3〜4艇流し（10〜15点）,0.5777,"{'is_target': True, 'verdict': '参加推奨', 'max_combo_prob': 0.0623, 'est_top_odds': 21.4, 'circle_concentration': 67.7, 'eligible_count': 8, 'bet_adj': 2, 'reason': 'rel_win1=47.2%（本命度） / 最有力組み合わせ確率: 0.062（推定実オッズ?21倍） / 2着集中度: 上位2艇 67.7%（補正+0.00） / 総合判定確率: 0.062 / → ヒモ分散。1号艇1着固定で広めのヒモ流し推奨（買い目+2点）', 'tenji_trigger': '展示確認: ヒモ分散レース。1号艇伸び確認後、広めのヒモ流しを採用。穴ヒモ（5・6号艇）を積極的に含める。\n展示で1号艇スタート超安定(0.131秒)→ヒモ固まり方向に注意'}",,,30.4,逃げ狙い,15.85,36.7,4,,,,,,,,,,,
2025-06-10,丸亀,5,3,和合俊介,B1,28.66,3,△,7.9706,19.7,63,36.1,0.1495,2.8115,,,0,低,102,0,-,54,0,25.5,0.7194,,,,,,0.3333,0.5333,0.08,,,D,△,,0.2532,0.6265,,0.5472,A,68,0,◎-○軸 3着3〜4艇流し（10〜15点）,0.5777,"{'is_target': True, 'verdict': '参加推奨', 'max_combo_prob': 0.0623, 'est_top_odds': 21.4, 'circle_concentration': 67.7, 'eligible_count': 8, 'bet_adj': 2, 'reason': 'rel_win1=47.2%（本命度） / 最有力組み合わせ確率: 0.062（推定実オッズ?21倍） / 2着集中度: 上位2艇 67.7%（補正+0.00） / 総合判定確率: 0.062 / → ヒモ分散。1号艇1着固定で広めのヒモ流し推奨（買い目+2点）', 'tenji_trigger': '展示確認: ヒモ分散レース。1号艇伸び確認後、広めのヒモ流しを採用。穴ヒモ（5・6号艇）を積極的に含める。\n展示で1号艇スタート超安定(0.131秒)→ヒモ固まり方向に注意'}",,,30.4,逃げ狙い,15.85,36.7,4,,,,,,,,,,,
2025-06-10,丸亀,5,4,海野康志,A1,44.91,4,○,21.7216,28.7,72,72.2,0.155,3.3056,,,0,低,38,0,差0%,13,0,56.7,1.194,0,0.0588,0.0588,0.0588,0,0,0.0387,0.2516,,,A,△,◎,0.2255,0.6265,0.4154,0.5472,A,68,0,◎-○軸 3着3〜4艇流し（10〜15点）,0.5777,"{'is_target': True, 'verdict': '参加推奨', 'max_combo_prob': 0.0623, 'est_top_odds': 21.4, 'circle_concentration': 67.7, 'eligible_count': 8, 'bet_adj': 2, 'reason': 'rel_win1=47.2%（本命度） / 最有力組み合わせ確率: 0.062（推定実オッズ?21倍） / 2着集中度: 上位2艇 67.7%（補正+0.00） / 総合判定確率: 0.062 / → ヒモ分散。1号艇1着固定で広めのヒモ流し推奨（買い目+2点）', 'tenji_trigger': '展示確認: ヒモ分散レース。1号艇伸び確認後、広めのヒモ流しを採用。穴ヒモ（5・6号艇）を積極的に含める。\n展示で1号艇スタート超安定(0.131秒)→ヒモ固まり方向に注意'}",,,30.4,逃げ狙い,15.85,36.7,4,,,,,,,,,,,
2025-06-10,丸亀,5,5,深川和仁,B1,40.72,5,▲,7.2271,12.3,61,40,0.1733,3.3273,,,0,低,130,0,-,1,0,65.6,1.3433,,,,,,0.2,0.0167,0.05,,,B,△,,0.2029,0.606,,0.5472,A,68,0,◎-○軸 3着3〜4艇流し（10〜15点）,0.5777,"{'is_target': True, 'verdict': '参加推奨', 'max_combo_prob': 0.0623, 'est_top_odds': 21.4, 'circle_concentration': 67.7, 'eligible_count': 8, 'bet_adj': 2, 'reason': 'rel_win1=47.2%（本命度） / 最有力組み合わせ確率: 0.062（推定実オッズ?21倍） / 2着集中度: 上位2艇 67.7%（補正+0.00） / 総合判定確率: 0.062 / → ヒモ分散。1号艇1着固定で広めのヒモ流し推奨（買い目+2点）', 'tenji_trigger': '展示確認: ヒモ分散レース。1号艇伸び確認後、広めのヒモ流しを採用。穴ヒモ（5・6号艇）を積極的に含める。\n展示で1号艇スタート超安定(0.131秒)→ヒモ固まり方向に注意'}",,,30.4,逃げ狙い,15.85,36.7,4,,,,,,,,,,,
2025-06-10,丸亀,5,6,芦澤　望,A2,25.17,6,,2.3719,0.3,100,37.9,0.174,3.6638,,,0,低,106,0,-,1,0,25.2,0.5283,0,0,0.0345,0,0,0,0.1286,0.1886,,,E,,,0.1697,0.589,,0.5472,A,68,0,◎-○軸 3着3〜4艇流し（10〜15点）,0.5777,"{'is_target': True, 'verdict': '参加推奨', 'max_combo_prob': 0.0623, 'est_top_odds': 21.4, 'circle_concentration': 67.7, 'eligible_count': 8, 'bet_adj': 2, 'reason': 'rel_win1=47.2%（本命度） / 最有力組み合わせ確率: 0.062（推定実オッズ?21倍） / 2着集中度: 上位2艇 67.7%（補正+0.00） / 総合判定確率: 0.062 / → ヒモ分散。1号艇1着固定で広めのヒモ流し推奨（買い目+2点）', 'tenji_trigger': '展示確認: ヒモ分散レース。1号艇伸び確認後、広めのヒモ流しを採用。穴ヒモ（5・6号艇）を積極的に含める。\n展示で1号艇スタート超安定(0.131秒)→ヒモ固まり方向に注意'}",,,30.4,逃げ狙い,15.85,36.7,4,,,,,,,,,,,
2025-06-10,丸亀,6,1,馬場　剛,A2,33.90,1,◎,51.1092,,0,88.9,0.1128,2.0208,,,0,低,35,0,逃1%,3,0,74.5,1.1151,0.6111,,,,,0.1535,0.0222,0.1323,◎,,D,◎,,,0.8035,,0.6632,S,100,0,◎1着固定 2-3着流し（5〜8点）,0.5777,"{'is_target': True, 'verdict': '点数絞り', 'max_combo_prob': 0.0977, 'est_top_odds': 13.6, 'circle_concentration': 74.6, 'eligible_count': 6, 'bet_adj': 0, 'reason': 'rel_win1=51.1%（本命度） / 最有力組み合わせ確率: 0.098（推定実オッズ?14倍） / 2着集中度: 上位2艇 74.6%（補正+0.04） / 総合判定確率: 0.138 / → ヒモはやや固め。上位2艇以外を切ること', 'tenji_trigger': '展示確認: 1号艇伸び良→そのまま採用。悪→飛び組に差し替え。circle_pct上位2艇に絞り込むこと。\n展示で1号艇スタート超安定(0.113秒)→ヒモ固まり方向に注意'}",,,27.8,逃げ狙い,18.71,27,4,,,,,0,0,0.7559,0,,逃げ軸流し,A
2025-06-10,丸亀,6,2,嶋田貴支,B1,39.66,2,▲,12.1871,20.1,100,47.6,0.1687,3.881,,,0,低,134,0,-,13,0,100,1.0255,0,0.037,0.0741,0,0,0.0174,0.0522,0.1174,,,B,△,,0.0845,0.6045,,0.6632,S,100,0,◎1着固定 2-3着流し（5〜8点）,0.5777,"{'is_target': True, 'verdict': '点数絞り', 'max_combo_prob': 0.0977, 'est_top_odds': 13.6, 'circle_concentration': 74.6, 'eligible_count': 6, 'bet_adj': 0, 'reason': 'rel_win1=51.1%（本命度） / 最有力組み合わせ確率: 0.098（推定実オッズ?14倍） / 2着集中度: 上位2艇 74.6%（補正+0.04） / 総合判定確率: 0.138 / → ヒモはやや固め。上位2艇以外を切ること', 'tenji_trigger': '展示確認: 1号艇伸び良→そのまま採用。悪→飛び組に差し替え。circle_pct上位2艇に絞り込むこと。\n展示で1号艇スタート超安定(0.113秒)→ヒモ固まり方向に注意'}",,,27.8,逃げ狙い,18.71,27,4,,,,,,,,,,,
2025-06-10,丸亀,6,3,吉島祥之,A2,35.47,3,△,15.9203,43.6,75,60.9,0.1575,3.2174,,,0,低,154,0,ま0% 差ま0%,6,0,55.9,1.3073,0,0,0.0435,0.1739,0,0.0114,0.1676,0.0229,,,C,,,0.1571,0.5955,,0.6632,S,100,0,◎1着固定 2-3着流し（5〜8点）,0.5777,"{'is_target': True, 'verdict': '点数絞り', 'max_combo_prob': 0.0977, 'est_top_odds': 13.6, 'circle_concentration': 74.6, 'eligible_count': 6, 'bet_adj': 0, 'reason': 'rel_win1=51.1%（本命度） / 最有力組み合わせ確率: 0.098（推定実オッズ?14倍） / 2着集中度: 上位2艇 74.6%（補正+0.04） / 総合判定確率: 0.138 / → ヒモはやや固め。上位2艇以外を切ること', 'tenji_trigger': '展示確認: 1号艇伸び良→そのまま採用。悪→飛び組に差し替え。circle_pct上位2艇に絞り込むこと。\n展示で1号艇スタート超安定(0.113秒)→ヒモ固まり方向に注意'}",,,27.8,逃げ狙い,18.71,27,4,,,,,,,,,,,
2025-06-10,丸亀,6,4,里岡右貴,A1,36.52,4,○,12.9742,31,67,67.9,0.1317,2.3585,,,0,低,75,0,ま0%,15,0,73.2,1.4923,0,0,0.1053,0,0,0.115,0.139,0.024,,,B,△,◎,0.2325,0.641,0.4358,0.6632,S,100,0,◎1着固定 2-3着流し（5〜8点）,0.5777,"{'is_target': True, 'verdict': '点数絞り', 'max_combo_prob': 0.0977, 'est_top_odds': 13.6, 'circle_concentration': 74.6, 'eligible_count': 6, 'bet_adj': 0, 'reason': 'rel_win1=51.1%（本命度） / 最有力組み合わせ確率: 0.098（推定実オッズ?14倍） / 2着集中度: 上位2艇 74.6%（補正+0.04） / 総合判定確率: 0.138 / → ヒモはやや固め。上位2艇以外を切ること', 'tenji_trigger': '展示確認: 1号艇伸び良→そのまま採用。悪→飛び組に差し替え。circle_pct上位2艇に絞り込むこと。\n展示で1号艇スタート超安定(0.113秒)→ヒモ固まり方向に注意'}",,,27.8,逃げ狙い,18.71,27,4,,,,,,,,,,,
2025-06-10,丸亀,6,5,抹香雄三,B1,25.31,5,,5.7746,4.8,49,34.3,0.1567,3.2571,,,0,低,100,0,-,5,0,43.6,2.3014,0,0,0,0.0357,0,0.12,0.24,0.16,,,E,○,,0.1434,0.6655,,0.6632,S,100,0,◎1着固定 2-3着流し（5〜8点）,0.5777,"{'is_target': True, 'verdict': '点数絞り', 'max_combo_prob': 0.0977, 'est_top_odds': 13.6, 'circle_concentration': 74.6, 'eligible_count': 6, 'bet_adj': 0, 'reason': 'rel_win1=51.1%（本命度） / 最有力組み合わせ確率: 0.098（推定実オッズ?14倍） / 2着集中度: 上位2艇 74.6%（補正+0.04） / 総合判定確率: 0.138 / → ヒモはやや固め。上位2艇以外を切ること', 'tenji_trigger': '展示確認: 1号艇伸び良→そのまま採用。悪→飛び組に差し替え。circle_pct上位2艇に絞り込むこと。\n展示で1号艇スタート超安定(0.113秒)→ヒモ固まり方向に注意'}",,,27.8,逃げ狙い,18.71,27,4,,,,,,,,,,,
2025-06-10,丸亀,6,6,日高龍之,B2,34.34,6,,2.0347,0.5,12,3.3,0.2102,4.5656,,,0,低,49,0,-,66,0,30.6,0.6572,0,0,0,0.0164,0,,,,,,C,,,0.1065,0.529,,0.6632,S,100,0,◎1着固定 2-3着流し（5〜8点）,0.5777,"{'is_target': True, 'verdict': '点数絞り', 'max_combo_prob': 0.0977, 'est_top_odds': 13.6, 'circle_concentration': 74.6, 'eligible_count': 6, 'bet_adj': 0, 'reason': 'rel_win1=51.1%（本命度） / 最有力組み合わせ確率: 0.098（推定実オッズ?14倍） / 2着集中度: 上位2艇 74.6%（補正+0.04） / 総合判定確率: 0.138 / → ヒモはやや固め。上位2艇以外を切ること', 'tenji_trigger': '展示確認: 1号艇伸び良→そのまま採用。悪→飛び組に差し替え。circle_pct上位2艇に絞り込むこと。\n展示で1号艇スタート超安定(0.113秒)→ヒモ固まり方向に注意'}",,,27.8,逃げ狙い,18.71,27,4,,,,,,,,,,,
2025-06-10,丸亀,7,1,山地正樹,B1,40.85,1,◎,50.2715,,0,68.4,0.1779,3.6316,,,0,低,88,0,逃0%,1,0,100,1.5251,0.3636,,,,,0.2091,0.1545,0.1364,△,,C,△,,,0.642,,0.2539,B,55,0,◎○△フォーメーション（15〜20点）,0.5777,"{'is_target': True, 'verdict': '参加推奨', 'max_combo_prob': 0.0711, 'est_top_odds': 18.8, 'circle_concentration': 75.4, 'eligible_count': 9, 'bet_adj': 2, 'reason': 'rel_win1=50.3%（本命度） / 最有力組み合わせ確率: 0.071（推定実オッズ?19倍） / 2着集中度: 上位2艇 75.4%（補正+0.04） / 総合判定確率: 0.111 / → ヒモ分散。1号艇1着固定で広めのヒモ流し推奨（買い目+2点）', 'tenji_trigger': '展示確認: ヒモ分散レース。1号艇伸び確認後、広めのヒモ流しを採用。穴ヒモ（5・6号艇）を積極的に含める。'}",,,31.5,両建て推奨,22.52,34.1,2,2-1-3|1-2-3|1-2-6|1-3-2|1-3-6|1-5-3,5-1-6|2-1-3|5-6-1|5-1-3|4-5-6|4-5-1|4-3-5|1-2-3|1-2-6|1-3-2|1-3-6|1-5-3,2-1-3:3.36%|1-2-3:8.78%|1-2-6:6.64%|1-3-2:5.67%|1-3-6:4.36%|1-5-3:3.77%,2-1-3:B_main|1-2-3:A|1-2-6:A|1-3-2:A|1-3-6:A|1-5-3:A,6,12,0.4535,1,[!]見送り推奨（主役決まり手「差し」― 逃げ劣勢レースで的中実績なし）,荒れ広め,D
2025-06-10,丸亀,7,2,西野翔太,A2,33.33,2,▲,22.2839,45.6,100,73.9,0.1395,3,,,0,低,72,0,-,22,0,46.4,1.0102,0,0.1562,0.0625,0,0,0.1556,0.0918,0.0465,,◎,E,△,,0.6145,0.6405,,0.2539,B,55,0,◎○△フォーメーション（15〜20点）,0.5777,"{'is_target': True, 'verdict': '参加推奨', 'max_combo_prob': 0.0711, 'est_top_odds': 18.8, 'circle_concentration': 75.4, 'eligible_count': 9, 'bet_adj': 2, 'reason': 'rel_win1=50.3%（本命度） / 最有力組み合わせ確率: 0.071（推定実オッズ?19倍） / 2着集中度: 上位2艇 75.4%（補正+0.04） / 総合判定確率: 0.111 / → ヒモ分散。1号艇1着固定で広めのヒモ流し推奨（買い目+2点）', 'tenji_trigger': '展示確認: ヒモ分散レース。1号艇伸び確認後、広めのヒモ流しを採用。穴ヒモ（5・6号艇）を積極的に含める。'}",,,31.5,両建て推奨,22.52,34.1,2,,,,,,,,,,,
2025-06-10,丸亀,7,3,本多宏和,A1,36.36,3,,11.8071,29.9,90,69.7,0.1645,3.5,,,0,低,73,0,-,1,0,100,2.6156,0,0.1111,0,0,0,0.1111,0.0556,0.1667,,○,D,○,,0.3892,0.6585,,0.2539,B,55,0,◎○△フォーメーション（15〜20点）,0.5777,"{'is_target': True, 'verdict': '参加推奨', 'max_combo_prob': 0.0711, 'est_top_odds': 18.8, 'circle_concentration': 75.4, 'eligible_count': 9, 'bet_adj': 2, 'reason': 'rel_win1=50.3%（本命度） / 最有力組み合わせ確率: 0.071（推定実オッズ?19倍） / 2着集中度: 上位2艇 75.4%（補正+0.04） / 総合判定確率: 0.111 / → ヒモ分散。1号艇1着固定で広めのヒモ流し推奨（買い目+2点）', 'tenji_trigger': '展示確認: ヒモ分散レース。1号艇伸び確認後、広めのヒモ流しを採用。穴ヒモ（5・6号艇）を積極的に含める。'}",,,31.5,両建て推奨,22.52,34.1,2,,,,,,,,,,,
2025-06-10,丸亀,7,4,森作広大,B1,52.20,4,○,7.0327,4.5,79,24.4,0.1668,4.0488,,,0,低,96,0,-,16,0,17.9,0.4515,,,,,,0.5412,0,0.1412,,,A,,,0.378,0.596,,0.2539,B,55,0,◎○△フォーメーション（15〜20点）,0.5777,"{'is_target': True, 'verdict': '参加推奨', 'max_combo_prob': 0.0711, 'est_top_odds': 18.8, 'circle_concentration': 75.4, 'eligible_count': 9, 'bet_adj': 2, 'reason': 'rel_win1=50.3%（本命度） / 最有力組み合わせ確率: 0.071（推定実オッズ?19倍） / 2着集中度: 上位2艇 75.4%（補正+0.04） / 総合判定確率: 0.111 / → ヒモ分散。1号艇1着固定で広めのヒモ流し推奨（買い目+2点）', 'tenji_trigger': '展示確認: ヒモ分散レース。1号艇伸び確認後、広めのヒモ流しを採用。穴ヒモ（5・6号艇）を積極的に含める。'}",,,31.5,両建て推奨,22.52,34.1,2,,,,,,,,,,,
2025-06-10,丸亀,7,5,石井伸長,B1,44.71,5,△,7.332,17.6,57,44,0.1714,3.54,,,0,低,79,0,-,3,0,40.9,0.8567,0,0,0.0286,0.0286,0,0,0.5,0.25,,,B,,,0.3247,0.5655,,0.2539,B,55,0,◎○△フォーメーション（15〜20点）,0.5777,"{'is_target': True, 'verdict': '参加推奨', 'max_combo_prob': 0.0711, 'est_top_odds': 18.8, 'circle_concentration': 75.4, 'eligible_count': 9, 'bet_adj': 2, 'reason': 'rel_win1=50.3%（本命度） / 最有力組み合わせ確率: 0.071（推定実オッズ?19倍） / 2着集中度: 上位2艇 75.4%（補正+0.04） / 総合判定確率: 0.111 / → ヒモ分散。1号艇1着固定で広めのヒモ流し推奨（買い目+2点）', 'tenji_trigger': '展示確認: ヒモ分散レース。1号艇伸び確認後、広めのヒモ流しを採用。穴ヒモ（5・6号艇）を積極的に含める。'}",,,31.5,両建て推奨,22.52,34.1,2,,,,,,,,,,,
2025-06-10,丸亀,7,6,山一鉄也,A2,41.25,6,,1.2727,2.5,64,17.9,0.1885,4.1282,,,0,低,103,0,-,2,0,34.2,0.7733,,,,,,0.0129,0.131,0.0978,,,C,◎,,0.3031,0.668,,0.2539,B,55,0,◎○△フォーメーション（15〜20点）,0.5777,"{'is_target': True, 'verdict': '参加推奨', 'max_combo_prob': 0.0711, 'est_top_odds': 18.8, 'circle_concentration': 75.4, 'eligible_count': 9, 'bet_adj': 2, 'reason': 'rel_win1=50.3%（本命度） / 最有力組み合わせ確率: 0.071（推定実オッズ?19倍） / 2着集中度: 上位2艇 75.4%（補正+0.04） / 総合判定確率: 0.111 / → ヒモ分散。1号艇1着固定で広めのヒモ流し推奨（買い目+2点）', 'tenji_trigger': '展示確認: ヒモ分散レース。1号艇伸び確認後、広めのヒモ流しを採用。穴ヒモ（5・6号艇）を積極的に含める。'}",,,31.5,両建て推奨,22.52,34.1,2,,,,,,,,,,,
2025-06-10,丸亀,8,1,飯島昌弘,A1,39.77,1,◎,75.0636,,0,97.3,0.1401,2.7533,,,0,低,119,0,逃1%,22,0,71.9,1.0965,0.8182,,,,,0,0.1242,0.0242,◎,,B,○,,,0.6275,,0.6216,S,80,0,◎1着固定 2-3着流し（5〜8点）,0.5777,"{'is_target': True, 'verdict': '点数絞り', 'max_combo_prob': 0.1699, 'est_top_odds': 7.8, 'circle_concentration': 67.7, 'eligible_count': 6, 'bet_adj': 0, 'reason': 'rel_win1=75.1%（本命度） / 最有力組み合わせ確率: 0.170（推定実オッズ?8倍） / 2着集中度: 上位2艇 67.7%（補正+0.00） / 総合判定確率: 0.170 / → ヒモはやや固め。上位2艇以外を切ること', 'tenji_trigger': '展示確認: 1号艇伸び良→そのまま採用。悪→飛び組に差し替え。circle_pct上位2艇に絞り込むこと。'}",,,25,逃げ狙い,12.19,24.4,2,,,,,0,0,0.7559,0,,逃げ軸流し,A
2025-06-10,丸亀,8,2,亀山雅幸,A2,30.99,2,▲,10.3379,45.5,67,74.7,0.1379,2.7467,,,0,低,154,0,-,32,0,30.2,0.8066,0,0.0345,0,0,0,0.0944,0.1222,0.0944,,◎,D,△,,0.328,0.6195,,0.6216,S,80,0,◎1着固定 2-3着流し（5〜8点）,0.5777,"{'is_target': True, 'verdict': '点数絞り', 'max_combo_prob': 0.1699, 'est_top_odds': 7.8, 'circle_concentration': 67.7, 'eligible_count': 6, 'bet_adj': 0, 'reason': 'rel_win1=75.1%（本命度） / 最有力組み合わせ確率: 0.170（推定実オッズ?8倍） / 2着集中度: 上位2艇 67.7%（補正+0.00） / 総合判定確率: 0.170 / → ヒモはやや固め。上位2艇以外を切ること', 'tenji_trigger': '展示確認: 1号艇伸び良→そのまま採用。悪→飛び組に差し替え。circle_pct上位2艇に絞り込むこと。'}",,,25,逃げ狙い,12.19,24.4,2,,,,,,,,,,,
2025-06-10,丸亀,8,3,多羅尾達,B1,34.97,3,○,4.6842,22.2,51,39.5,0.1388,2.9535,,,0,低,76,0,差ま0%,6,0,23.2,0.7354,0,0,0,0.0588,0,0.0941,0,0.4176,,,C,,,0.2971,0.5115,,0.6216,S,80,0,◎1着固定 2-3着流し（5〜8点）,0.5777,"{'is_target': True, 'verdict': '点数絞り', 'max_combo_prob': 0.1699, 'est_top_odds': 7.8, 'circle_concentration': 67.7, 'eligible_count': 6, 'bet_adj': 0, 'reason': 'rel_win1=75.1%（本命度） / 最有力組み合わせ確率: 0.170（推定実オッズ?8倍） / 2着集中度: 上位2艇 67.7%（補正+0.00） / 総合判定確率: 0.170 / → ヒモはやや固め。上位2艇以外を切ること', 'tenji_trigger': '展示確認: 1号艇伸び良→そのまま採用。悪→飛び組に差し替え。circle_pct上位2艇に絞り込むこと。'}",,,25,逃げ狙い,12.19,24.4,2,,,,,,,,,,,
2025-06-10,丸亀,8,4,藤田浩人,A2,30.11,4,,4.5581,17.1,100,52.3,0.1597,3.4615,,,0,低,147,0,-,43,0,50.2,0.6938,,,,,,0.1,0.0273,0.0182,,,D,◎,,0.2366,0.653,,0.6216,S,80,0,◎1着固定 2-3着流し（5〜8点）,0.5777,"{'is_target': True, 'verdict': '点数絞り', 'max_combo_prob': 0.1699, 'est_top_odds': 7.8, 'circle_concentration': 67.7, 'eligible_count': 6, 'bet_adj': 0, 'reason': 'rel_win1=75.1%（本命度） / 最有力組み合わせ確率: 0.170（推定実オッズ?8倍） / 2着集中度: 上位2艇 67.7%（補正+0.00） / 総合判定確率: 0.170 / → ヒモはやや固め。上位2艇以外を切ること', 'tenji_trigger': '展示確認: 1号艇伸び良→そのまま採用。悪→飛び組に差し替え。circle_pct上位2艇に絞り込むこと。'}",,,25,逃げ狙い,12.19,24.4,2,,,,,,,,,,,
2025-06-10,丸亀,8,5,西川新太,B1,32.30,5,,4.3227,14.9,39,39.3,0.1509,3.3661,,,0,低,96,0,ま0% 差ま0% 抜0%,5,0,26,1.0962,0,0,0.04,0.08,0.04,0.26,0.24,0.2,,,D,△,,0.2582,0.6235,,0.6216,S,80,0,◎1着固定 2-3着流し（5〜8点）,0.5777,"{'is_target': True, 'verdict': '点数絞り', 'max_combo_prob': 0.1699, 'est_top_odds': 7.8, 'circle_concentration': 67.7, 'eligible_count': 6, 'bet_adj': 0, 'reason': 'rel_win1=75.1%（本命度） / 最有力組み合わせ確率: 0.170（推定実オッズ?8倍） / 2着集中度: 上位2艇 67.7%（補正+0.00） / 総合判定確率: 0.170 / → ヒモはやや固め。上位2艇以外を切ること', 'tenji_trigger': '展示確認: 1号艇伸び良→そのまま採用。悪→飛び組に差し替え。circle_pct上位2艇に絞り込むこと。'}",,,25,逃げ狙い,12.19,24.4,2,,,,,,,,,,,
2025-06-10,丸亀,8,6,宮本琉正,B2,38.79,6,△,1.0335,0.3,11,1.4,0.1761,3.1571,,,0,低,33,0,-,6,0,100,2.23,,,,,,,,,,,B,,,0.1976,0.504,,0.6216,S,80,0,◎1着固定 2-3着流し（5〜8点）,0.5777,"{'is_target': True, 'verdict': '点数絞り', 'max_combo_prob': 0.1699, 'est_top_odds': 7.8, 'circle_concentration': 67.7, 'eligible_count': 6, 'bet_adj': 0, 'reason': 'rel_win1=75.1%（本命度） / 最有力組み合わせ確率: 0.170（推定実オッズ?8倍） / 2着集中度: 上位2艇 67.7%（補正+0.00） / 総合判定確率: 0.170 / → ヒモはやや固め。上位2艇以外を切ること', 'tenji_trigger': '展示確認: 1号艇伸び良→そのまま採用。悪→飛び組に差し替え。circle_pct上位2艇に絞り込むこと。'}",,,25,逃げ狙い,12.19,24.4,2,,,,,,,,,,,
2025-06-10,丸亀,9,1,赤羽克也,A2,26.95,1,◎,62.0655,,0,87.3,0.1633,3.2911,,,0,低,137,0,逃1%,54,0,75.1,0.9665,0.6207,,,,,0.2828,0.1885,0.0138,◎,,E,◎,,,0.633,,0.5084,S,89,0,◎1着固定 2-3着流し（5〜8点）,0.5777,"{'is_target': True, 'verdict': '点数絞り', 'max_combo_prob': 0.1338, 'est_top_odds': 10.0, 'circle_concentration': 73.5, 'eligible_count': 6, 'bet_adj': 0, 'reason': 'rel_win1=62.1%（本命度） / 最有力組み合わせ確率: 0.134（推定実オッズ?10倍） / 2着集中度: 上位2艇 73.5%（補正+0.04） / 総合判定確率: 0.174 / → ヒモはやや固め。上位2艇以外を切ること', 'tenji_trigger': '展示確認: 1号艇伸び良→そのまま採用。悪→飛び組に差し替え。circle_pct上位2艇に絞り込むこと。'}",,,29.4,逃げ狙い,14.14,35.5,3,,,,,0,0,0.7559,0,,逃げ軸流し,A
2025-06-10,丸亀,9,2,大串重幸,A2,33.97,2,△,9.3955,44.2,56,48.6,0.1751,4.1357,,,0,低,132,0,-,2,0,39.5,0.8231,,,,,,0.1088,0.0526,0.1193,,,C,△,,0.2519,0.6085,,0.5084,S,89,0,◎1着固定 2-3着流し（5〜8点）,0.5777,"{'is_target': True, 'verdict': '点数絞り', 'max_combo_prob': 0.1338, 'est_top_odds': 10.0, 'circle_concentration': 73.5, 'eligible_count': 6, 'bet_adj': 0, 'reason': 'rel_win1=62.1%（本命度） / 最有力組み合わせ確率: 0.134（推定実オッズ?10倍） / 2着集中度: 上位2艇 73.5%（補正+0.04） / 総合判定確率: 0.174 / → ヒモはやや固め。上位2艇以外を切ること', 'tenji_trigger': '展示確認: 1号艇伸び良→そのまま採用。悪→飛び組に差し替え。circle_pct上位2艇に絞り込むこと。'}",,,29.4,逃げ狙い,14.14,35.5,3,,,,,,,,,,,
2025-06-10,丸亀,9,3,山本寛久,A1,31.29,3,○,17.3276,29.3,100,76.2,0.161,3.2381,,,0,低,77,0,ま0% 抜0%,16,0,84,1.5352,0,0,0.0909,0,0.0909,0.0222,0.0444,0.2056,,,C,△,,0.34,0.6225,,0.5084,S,89,0,◎1着固定 2-3着流し（5〜8点）,0.5777,"{'is_target': True, 'verdict': '点数絞り', 'max_combo_prob': 0.1338, 'est_top_odds': 10.0, 'circle_concentration': 73.5, 'eligible_count': 6, 'bet_adj': 0, 'reason': 'rel_win1=62.1%（本命度） / 最有力組み合わせ確率: 0.134（推定実オッズ?10倍） / 2着集中度: 上位2艇 73.5%（補正+0.04） / 総合判定確率: 0.174 / → ヒモはやや固め。上位2艇以外を切ること', 'tenji_trigger': '展示確認: 1号艇伸び良→そのまま採用。悪→飛び組に差し替え。circle_pct上位2艇に絞り込むこと。'}",,,29.4,逃げ狙い,14.14,35.5,3,,,,,,,,,,,
2025-06-10,丸亀,9,4,金子順一,B1,37.57,4,▲,4.8986,5.2,48,21,0.1985,4.3387,,,0,低,148,0,-,6,0,17.7,0.5794,0,0,0,0.0333,0,0.38,0.18,0.064,,,B,○,,0.172,0.6315,,0.5084,S,89,0,◎1着固定 2-3着流し（5〜8点）,0.5777,"{'is_target': True, 'verdict': '点数絞り', 'max_combo_prob': 0.1338, 'est_top_odds': 10.0, 'circle_concentration': 73.5, 'eligible_count': 6, 'bet_adj': 0, 'reason': 'rel_win1=62.1%（本命度） / 最有力組み合わせ確率: 0.134（推定実オッズ?10倍） / 2着集中度: 上位2艇 73.5%（補正+0.04） / 総合判定確率: 0.174 / → ヒモはやや固め。上位2艇以外を切ること', 'tenji_trigger': '展示確認: 1号艇伸び良→そのまま採用。悪→飛び組に差し替え。circle_pct上位2艇に絞り込むこと。'}",,,29.4,逃げ狙い,14.14,35.5,3,,,,,,,,,,,
2025-06-10,丸亀,9,5,出畑孝成,B2,30.86,5,,5.0968,18.1,33,32.5,0.1663,3.0875,,,0,低,89,0,差ま0%,65,0,57.4,0.995,0,0,0,0.0741,0,,,,,,D,,,0.3112,0.542,,0.5084,S,89,0,◎1着固定 2-3着流し（5〜8点）,0.5777,"{'is_target': True, 'verdict': '点数絞り', 'max_combo_prob': 0.1338, 'est_top_odds': 10.0, 'circle_concentration': 73.5, 'eligible_count': 6, 'bet_adj': 0, 'reason': 'rel_win1=62.1%（本命度） / 最有力組み合わせ確率: 0.134（推定実オッズ?10倍） / 2着集中度: 上位2艇 73.5%（補正+0.04） / 総合判定確率: 0.174 / → ヒモはやや固め。上位2艇以外を切ること', 'tenji_trigger': '展示確認: 1号艇伸び良→そのまま採用。悪→飛び組に差し替え。circle_pct上位2艇に絞り込むこと。'}",,,29.4,逃げ狙い,14.14,35.5,3,,,,,,,,,,,
2025-06-10,丸亀,9,6,品川賢次,B1,34.73,6,,1.2161,3.2,24,17.1,0.2041,4.5,,,0,低,141,0,-,3,0,37.1,0.8489,,,,,,0.3835,0.1489,0.1278,,,B,,,0.2111,0.59,,0.5084,S,89,0,◎1着固定 2-3着流し（5〜8点）,0.5777,"{'is_target': True, 'verdict': '点数絞り', 'max_combo_prob': 0.1338, 'est_top_odds': 10.0, 'circle_concentration': 73.5, 'eligible_count': 6, 'bet_adj': 0, 'reason': 'rel_win1=62.1%（本命度） / 最有力組み合わせ確率: 0.134（推定実オッズ?10倍） / 2着集中度: 上位2艇 73.5%（補正+0.04） / 総合判定確率: 0.174 / → ヒモはやや固め。上位2艇以外を切ること', 'tenji_trigger': '展示確認: 1号艇伸び良→そのまま採用。悪→飛び組に差し替え。circle_pct上位2艇に絞り込むこと。'}",,,29.4,逃げ狙い,14.14,35.5,3,,,,,,,,,,,
2025-06-10,丸亀,10,1,里岡右貴,A1,36.52,1,◎,61.2625,,0,91.4,0.1366,2.5,,,0,低,75,0,逃1%,15,0,89.4,1.1663,0.64,,,,,0.115,0.139,0.024,◎,,C,○,,,0.641,,0.5446,S,81,0,◎1着固定 2-3着流し（5〜8点）,0.5777,"{'is_target': True, 'verdict': '点数絞り', 'max_combo_prob': 0.1439, 'est_top_odds': 9.3, 'circle_concentration': 81.4, 'eligible_count': 6, 'bet_adj': 0, 'reason': 'rel_win1=61.3%（本命度） / 最有力組み合わせ確率: 0.144（推定実オッズ?9倍） / 2着集中度: 上位2艇 81.4%（補正+0.04） / 総合判定確率: 0.184 / → ヒモはやや固め。上位2艇以外を切ること', 'tenji_trigger': '展示確認: 1号艇伸び良→そのまま採用。悪→飛び組に差し替え。circle_pct上位2艇に絞り込むこと。\n展示で1号艇スタート超安定(0.137秒)→ヒモ固まり方向に注意'}",,,28.4,逃げ狙い,18.96,28.3,2,,,,,0,0,0.7559,0,,逃げ軸流し,A
2025-06-10,丸亀,10,2,近江翔吾,A1,40.96,2,○,14.528,60.9,46,80.6,0.1244,2.5833,,,0,低,52,0,差0%,31,0,38.3,0.844,0,0.2222,0,0,0,0.0811,0.0541,0.027,,◎,A,◎,,0.4917,0.6415,,0.5446,S,81,0,◎1着固定 2-3着流し（5〜8点）,0.5777,"{'is_target': True, 'verdict': '点数絞り', 'max_combo_prob': 0.1439, 'est_top_odds': 9.3, 'circle_concentration': 81.4, 'eligible_count': 6, 'bet_adj': 0, 'reason': 'rel_win1=61.3%（本命度） / 最有力組み合わせ確率: 0.144（推定実オッズ?9倍） / 2着集中度: 上位2艇 81.4%（補正+0.04） / 総合判定確率: 0.184 / → ヒモはやや固め。上位2艇以外を切ること', 'tenji_trigger': '展示確認: 1号艇伸び良→そのまま採用。悪→飛び組に差し替え。circle_pct上位2艇に絞り込むこと。\n展示で1号艇スタート超安定(0.137秒)→ヒモ固まり方向に注意'}",,,28.4,逃げ狙い,18.96,28.3,2,,,,,,,,,,,
2025-06-10,丸亀,10,3,興津　藍,B1,30.59,3,▲,14.6582,20.6,100,73.3,0.1689,3.4111,,,0,低,133,0,ま0% 差ま0% 抜0%,2,0,67.7,1.4079,0,0,0.15,0.05,0.05,0.1562,0.0343,0.179,,,D,△,,0.1637,0.6195,,0.5446,S,81,0,◎1着固定 2-3着流し（5〜8点）,0.5777,"{'is_target': True, 'verdict': '点数絞り', 'max_combo_prob': 0.1439, 'est_top_odds': 9.3, 'circle_concentration': 81.4, 'eligible_count': 6, 'bet_adj': 0, 'reason': 'rel_win1=61.3%（本命度） / 最有力組み合わせ確率: 0.144（推定実オッズ?9倍） / 2着集中度: 上位2艇 81.4%（補正+0.04） / 総合判定確率: 0.184 / → ヒモはやや固め。上位2艇以外を切ること', 'tenji_trigger': '展示確認: 1号艇伸び良→そのまま採用。悪→飛び組に差し替え。circle_pct上位2艇に絞り込むこと。\n展示で1号艇スタート超安定(0.137秒)→ヒモ固まり方向に注意'}",,,28.4,逃げ狙い,18.96,28.3,2,,,,,,,,,,,
2025-06-10,丸亀,10,4,赤峰和也,B1,38.32,4,△,3.5812,6.7,42,21.7,0.1807,3.6304,,,0,低,121,0,-,6,0,19.8,0.5579,,,,,,0.4111,0.1889,0.3111,,,B,,,0.1593,0.5725,,0.5446,S,81,0,◎1着固定 2-3着流し（5〜8点）,0.5777,"{'is_target': True, 'verdict': '点数絞り', 'max_combo_prob': 0.1439, 'est_top_odds': 9.3, 'circle_concentration': 81.4, 'eligible_count': 6, 'bet_adj': 0, 'reason': 'rel_win1=61.3%（本命度） / 最有力組み合わせ確率: 0.144（推定実オッズ?9倍） / 2着集中度: 上位2艇 81.4%（補正+0.04） / 総合判定確率: 0.184 / → ヒモはやや固め。上位2艇以外を切ること', 'tenji_trigger': '展示確認: 1号艇伸び良→そのまま採用。悪→飛び組に差し替え。circle_pct上位2艇に絞り込むこと。\n展示で1号艇スタート超安定(0.137秒)→ヒモ固まり方向に注意'}",,,28.4,逃げ狙い,18.96,28.3,2,,,,,,,,,,,
2025-06-10,丸亀,10,5,芦澤　望,A2,25.17,5,,5.0422,11.3,91,50.8,0.1479,2.9262,,,0,低,106,0,-,1,0,39.3,0.7969,0,0,0,0.0741,0,0,0.1286,0.1886,,,E,,,0.2734,0.589,,0.5446,S,81,0,◎1着固定 2-3着流し（5〜8点）,0.5777,"{'is_target': True, 'verdict': '点数絞り', 'max_combo_prob': 0.1439, 'est_top_odds': 9.3, 'circle_concentration': 81.4, 'eligible_count': 6, 'bet_adj': 0, 'reason': 'rel_win1=61.3%（本命度） / 最有力組み合わせ確率: 0.144（推定実オッズ?9倍） / 2着集中度: 上位2艇 81.4%（補正+0.04） / 総合判定確率: 0.184 / → ヒモはやや固め。上位2艇以外を切ること', 'tenji_trigger': '展示確認: 1号艇伸び良→そのまま採用。悪→飛び組に差し替え。circle_pct上位2艇に絞り込むこと。\n展示で1号艇スタート超安定(0.137秒)→ヒモ固まり方向に注意'}",,,28.4,逃げ狙い,18.96,28.3,2,,,,,,,,,,,
2025-06-10,丸亀,10,6,高木圭大,B1,25.64,6,,0.9278,0.6,26,9.3,0.1821,3.6047,,,0,低,107,0,-,5,0,25.8,0.615,,,,,,0.0632,0.1842,0.2632,,,D,△,,0.1888,0.606,,0.5446,S,81,0,◎1着固定 2-3着流し（5〜8点）,0.5777,"{'is_target': True, 'verdict': '点数絞り', 'max_combo_prob': 0.1439, 'est_top_odds': 9.3, 'circle_concentration': 81.4, 'eligible_count': 6, 'bet_adj': 0, 'reason': 'rel_win1=61.3%（本命度） / 最有力組み合わせ確率: 0.144（推定実オッズ?9倍） / 2着集中度: 上位2艇 81.4%（補正+0.04） / 総合判定確率: 0.184 / → ヒモはやや固め。上位2艇以外を切ること', 'tenji_trigger': '展示確認: 1号艇伸び良→そのまま採用。悪→飛び組に差し替え。circle_pct上位2艇に絞り込むこと。\n展示で1号艇スタート超安定(0.137秒)→ヒモ固まり方向に注意'}",,,28.4,逃げ狙い,18.96,28.3,2,,,,,,,,,,,
2025-06-10,丸亀,11,1,田中和也,A1,46.58,1,◎,57.0404,,0,88.8,0.1654,3.4184,,,0,低,135,0,逃0%,14,0,95.9,1.3482,0.5909,,,,,0.0455,0.0273,0.1145,○,,A,△,,,0.62,,0.3966,S,96,0,◎1着固定 2-3着流し（5〜8点）,0.5777,"{'is_target': True, 'verdict': '点数絞り', 'max_combo_prob': 0.1066, 'est_top_odds': 12.5, 'circle_concentration': 75.6, 'eligible_count': 6, 'bet_adj': 0, 'reason': 'rel_win1=57.0%（本命度） / 最有力組み合わせ確率: 0.107（推定実オッズ?12倍） / 2着集中度: 上位2艇 75.6%（補正+0.04） / 総合判定確率: 0.147 / → ヒモはやや固め。上位2艇以外を切ること', 'tenji_trigger': '展示確認: 1号艇伸び良→そのまま採用。悪→飛び組に差し替え。circle_pct上位2艇に絞り込むこと。'}",,,28.8,逃げ狙い,23.11,26,2,,,,,0,0,0.6155,0,,逃げ軸流し,A
2025-06-10,丸亀,11,2,若林　将,A1,40.24,2,○,20.6935,58.3,56,79.2,0.1152,2.2708,,,0,低,35,0,差0% 抜0%,21,0,63.1,1.3419,0,0.1905,0,0,0.1429,0.2214,0,0.1036,,◎,C,◎,,0.6015,0.6995,,0.3966,S,96,0,◎1着固定 2-3着流し（5〜8点）,0.5777,"{'is_target': True, 'verdict': '点数絞り', 'max_combo_prob': 0.1066, 'est_top_odds': 12.5, 'circle_concentration': 75.6, 'eligible_count': 6, 'bet_adj': 0, 'reason': 'rel_win1=57.0%（本命度） / 最有力組み合わせ確率: 0.107（推定実オッズ?12倍） / 2着集中度: 上位2艇 75.6%（補正+0.04） / 総合判定確率: 0.147 / → ヒモはやや固め。上位2艇以外を切ること', 'tenji_trigger': '展示確認: 1号艇伸び良→そのまま採用。悪→飛び組に差し替え。circle_pct上位2艇に絞り込むこと。'}",,,28.8,逃げ狙い,23.11,26,2,,,,,,,,,,,
2025-06-10,丸亀,11,3,菊池峰晴,B1,32.74,3,,7.9099,17.3,100,51.6,0.1739,3.3906,,,0,低,151,0,差0% 差ま0%,2,0,27.3,0.9333,0,0.0455,0,0.0455,0,0.2,0.2,0.3,,,E,,,0.2448,0.593,,0.3966,S,96,0,◎1着固定 2-3着流し（5〜8点）,0.5777,"{'is_target': True, 'verdict': '点数絞り', 'max_combo_prob': 0.1066, 'est_top_odds': 12.5, 'circle_concentration': 75.6, 'eligible_count': 6, 'bet_adj': 0, 'reason': 'rel_win1=57.0%（本命度） / 最有力組み合わせ確率: 0.107（推定実オッズ?12倍） / 2着集中度: 上位2艇 75.6%（補正+0.04） / 総合判定確率: 0.147 / → ヒモはやや固め。上位2艇以外を切ること', 'tenji_trigger': '展示確認: 1号艇伸び良→そのまま採用。悪→飛び組に差し替え。circle_pct上位2艇に絞り込むこと。'}",,,28.8,逃げ狙い,23.11,26,2,,,,,,,,,,,
2025-06-10,丸亀,11,4,深川和仁,B1,40.72,4,▲,7.5893,12.7,74,49.1,0.1643,3.7642,,,0,低,130,0,-,1,0,63.3,1.3347,,,,,,0.2,0.0167,0.05,,,C,△,◎,0.3215,0.606,0.336,0.3966,S,96,0,◎1着固定 2-3着流し（5〜8点）,0.5777,"{'is_target': True, 'verdict': '点数絞り', 'max_combo_prob': 0.1066, 'est_top_odds': 12.5, 'circle_concentration': 75.6, 'eligible_count': 6, 'bet_adj': 0, 'reason': 'rel_win1=57.0%（本命度） / 最有力組み合わせ確率: 0.107（推定実オッズ?12倍） / 2着集中度: 上位2艇 75.6%（補正+0.04） / 総合判定確率: 0.147 / → ヒモはやや固め。上位2艇以外を切ること', 'tenji_trigger': '展示確認: 1号艇伸び良→そのまま採用。悪→飛び組に差し替え。circle_pct上位2艇に絞り込むこと。'}",,,28.8,逃げ狙い,23.11,26,2,,,,,,,,,,,
2025-06-10,丸亀,11,5,山一鉄也,A2,41.25,5,△,5.5873,10.1,78,45.8,0.181,3.7083,,,0,低,103,0,差ま0%,2,0,63.1,1.3207,0,0,0,0.12,0,0.0129,0.131,0.0978,,,B,○,○,0.2545,0.668,0.306,0.3966,S,96,0,◎1着固定 2-3着流し（5〜8点）,0.5777,"{'is_target': True, 'verdict': '点数絞り', 'max_combo_prob': 0.1066, 'est_top_odds': 12.5, 'circle_concentration': 75.6, 'eligible_count': 6, 'bet_adj': 0, 'reason': 'rel_win1=57.0%（本命度） / 最有力組み合わせ確率: 0.107（推定実オッズ?12倍） / 2着集中度: 上位2艇 75.6%（補正+0.04） / 総合判定確率: 0.147 / → ヒモはやや固め。上位2艇以外を切ること', 'tenji_trigger': '展示確認: 1号艇伸び良→そのまま採用。悪→飛び組に差し替え。circle_pct上位2艇に絞り込むこと。'}",,,28.8,逃げ狙い,23.11,26,2,,,,,,,,,,,
2025-06-10,丸亀,11,6,吉島祥之,A2,35.47,6,,1.1796,1.6,60,29.6,0.2003,4.0704,,,0,低,154,0,-,6,0,35.2,0.9889,,,,,,0.0114,0.1676,0.0229,,,D,,,0.2043,0.5955,,0.3966,S,96,0,◎1着固定 2-3着流し（5〜8点）,0.5777,"{'is_target': True, 'verdict': '点数絞り', 'max_combo_prob': 0.1066, 'est_top_odds': 12.5, 'circle_concentration': 75.6, 'eligible_count': 6, 'bet_adj': 0, 'reason': 'rel_win1=57.0%（本命度） / 最有力組み合わせ確率: 0.107（推定実オッズ?12倍） / 2着集中度: 上位2艇 75.6%（補正+0.04） / 総合判定確率: 0.147 / → ヒモはやや固め。上位2艇以外を切ること', 'tenji_trigger': '展示確認: 1号艇伸び良→そのまま採用。悪→飛び組に差し替え。circle_pct上位2艇に絞り込むこと。'}",,,28.8,逃げ狙い,23.11,26,2,,,,,,,,,,,
2025-06-10,丸亀,12,1,海野康志,A1,44.91,1,◎,62.4344,,0,100,0.118,2.413,,,0,低,38,0,逃1%,13,0,85.3,1.0787,0.7097,,,,,0,0.0387,0.2516,◎,,A,,,,0.6265,,0.6589,S,97,0,◎1着固定 2-3着流し（5〜8点）,0.5777,"{'is_target': True, 'verdict': '参加推奨', 'max_combo_prob': 0.0752, 'est_top_odds': 17.7, 'circle_concentration': 67.2, 'eligible_count': 6, 'bet_adj': 2, 'reason': 'rel_win1=62.4%（本命度） / 最有力組み合わせ確率: 0.075（推定実オッズ?18倍） / 2着集中度: 上位2艇 67.2%（補正+0.00） / 総合判定確率: 0.075 / → ヒモ分散。1号艇1着固定で広めのヒモ流し推奨（買い目+2点）', 'tenji_trigger': '展示確認: ヒモ分散レース。1号艇伸び確認後、広めのヒモ流しを採用。穴ヒモ（5・6号艇）を積極的に含める。\n展示で1号艇スタート超安定(0.118秒)→ヒモ固まり方向に注意'}",,,27.8,逃げ狙い,22.07,24.1,2,,,,,0,0,0.7559,0,,逃げ軸流し,A
2025-06-10,丸亀,12,2,馬場　剛,A2,33.90,2,▲,14.2817,39.4,70,68.8,0.1171,2.3542,,,0,低,35,0,ま0%,3,0,59.5,1.1229,0,0,0.1481,0,0,0.1535,0.0222,0.1323,,◎,D,◎,,0.3309,0.8035,,0.6589,S,97,0,◎1着固定 2-3着流し（5〜8点）,0.5777,"{'is_target': True, 'verdict': '参加推奨', 'max_combo_prob': 0.0752, 'est_top_odds': 17.7, 'circle_concentration': 67.2, 'eligible_count': 6, 'bet_adj': 2, 'reason': 'rel_win1=62.4%（本命度） / 最有力組み合わせ確率: 0.075（推定実オッズ?18倍） / 2着集中度: 上位2艇 67.2%（補正+0.00） / 総合判定確率: 0.075 / → ヒモ分散。1号艇1着固定で広めのヒモ流し推奨（買い目+2点）', 'tenji_trigger': '展示確認: ヒモ分散レース。1号艇伸び確認後、広めのヒモ流しを採用。穴ヒモ（5・6号艇）を積極的に含める。\n展示で1号艇スタート超安定(0.118秒)→ヒモ固まり方向に注意'}",,,27.8,逃げ狙い,22.07,24.1,2,,,,,,,,,,,
2025-06-10,丸亀,12,3,飯島昌弘,A1,39.77,3,○,10.1673,27.8,100,74,0.1462,3.23,,,0,低,119,0,ま0%,22,0,63.9,1.2865,0,0,0.0435,0,0,0,0.1242,0.0242,,,B,△,,0.1417,0.6275,,0.6589,S,97,0,◎1着固定 2-3着流し（5〜8点）,0.5777,"{'is_target': True, 'verdict': '参加推奨', 'max_combo_prob': 0.0752, 'est_top_odds': 17.7, 'circle_concentration': 67.2, 'eligible_count': 6, 'bet_adj': 2, 'reason': 'rel_win1=62.4%（本命度） / 最有力組み合わせ確率: 0.075（推定実オッズ?18倍） / 2着集中度: 上位2艇 67.2%（補正+0.00） / 総合判定確率: 0.075 / → ヒモ分散。1号艇1着固定で広めのヒモ流し推奨（買い目+2点）', 'tenji_trigger': '展示確認: ヒモ分散レース。1号艇伸び確認後、広めのヒモ流しを採用。穴ヒモ（5・6号艇）を積極的に含める。\n展示で1号艇スタート超安定(0.118秒)→ヒモ固まり方向に注意'}",,,27.8,逃げ狙い,22.07,24.1,2,,,,,,,,,,,
2025-06-10,丸亀,12,4,岡田憲行,A2,29.94,4,,6.6383,20.7,83,55.7,0.1839,4.0492,,,0,低,196,0,-,34,0,86.1,1.527,0,0,0.1111,0.037,0,0.0111,0.0444,0.1978,,,E,,◎,0.1326,0.5985,0.2606,0.6589,S,97,0,◎1着固定 2-3着流し（5〜8点）,0.5777,"{'is_target': True, 'verdict': '参加推奨', 'max_combo_prob': 0.0752, 'est_top_odds': 17.7, 'circle_concentration': 67.2, 'eligible_count': 6, 'bet_adj': 2, 'reason': 'rel_win1=62.4%（本命度） / 最有力組み合わせ確率: 0.075（推定実オッズ?18倍） / 2着集中度: 上位2艇 67.2%（補正+0.00） / 総合判定確率: 0.075 / → ヒモ分散。1号艇1着固定で広めのヒモ流し推奨（買い目+2点）', 'tenji_trigger': '展示確認: ヒモ分散レース。1号艇伸び確認後、広めのヒモ流しを採用。穴ヒモ（5・6号艇）を積極的に含める。\n展示で1号艇スタート超安定(0.118秒)→ヒモ固まり方向に注意'}",,,27.8,逃げ狙い,22.07,24.1,2,,,,,,,,,,,
2025-06-10,丸亀,12,5,本多宏和,A1,36.36,5,,5.5769,10.5,65,30.3,0.1824,3.5606,,,0,低,73,0,差ま0%,1,0,29.5,0.5321,0,0,0,0.2,0,0.1111,0.0556,0.1667,,,C,○,,0.1457,0.6585,,0.6589,S,97,0,◎1着固定 2-3着流し（5〜8点）,0.5777,"{'is_target': True, 'verdict': '参加推奨', 'max_combo_prob': 0.0752, 'est_top_odds': 17.7, 'circle_concentration': 67.2, 'eligible_count': 6, 'bet_adj': 2, 'reason': 'rel_win1=62.4%（本命度） / 最有力組み合わせ確率: 0.075（推定実オッズ?18倍） / 2着集中度: 上位2艇 67.2%（補正+0.00） / 総合判定確率: 0.075 / → ヒモ分散。1号艇1着固定で広めのヒモ流し推奨（買い目+2点）', 'tenji_trigger': '展示確認: ヒモ分散レース。1号艇伸び確認後、広めのヒモ流しを採用。穴ヒモ（5・6号艇）を積極的に含める。\n展示で1号艇スタート超安定(0.118秒)→ヒモ固まり方向に注意'}",,,27.8,逃げ狙い,22.07,24.1,2,,,,,,,,,,,
2025-06-10,丸亀,12,6,木場悠介,B1,38.51,6,△,0.9013,1.6,79,25.9,0.1738,3.5345,,,0,低,101,0,-,6,0,38.8,0.8378,,,,,,0.032,0.132,0.244,,,C,△,,0.1338,0.652,,0.6589,S,97,0,◎1着固定 2-3着流し（5〜8点）,0.5777,"{'is_target': True, 'verdict': '参加推奨', 'max_combo_prob': 0.0752, 'est_top_odds': 17.7, 'circle_concentration': 67.2, 'eligible_count': 6, 'bet_adj': 2, 'reason': 'rel_win1=62.4%（本命度） / 最有力組み合わせ確率: 0.075（推定実オッズ?18倍） / 2着集中度: 上位2艇 67.2%（補正+0.00） / 総合判定確率: 0.075 / → ヒモ分散。1号艇1着固定で広めのヒモ流し推奨（買い目+2点）', 'tenji_trigger': '展示確認: ヒモ分散レース。1号艇伸び確認後、広めのヒモ流しを採用。穴ヒモ（5・6号艇）を積極的に含める。\n展示で1号艇スタート超安定(0.118秒)→ヒモ固まり方向に注意'}",,,27.8,逃げ狙い,22.07,24.1,2,,,,,,,,,,,
2025-06-11,丸亀,1,1,深川和仁,B1,40.72,1,◎,64.3197,,0,87,0.157,3.0435,,,0,低,130,0,逃1%,1 55,0,81,0.9712,0.7083,,,,,0.2,0.0167,0.05,◎,,B,△,,,0.606,,0.5298,S,81,0,◎1着固定 2-3着流し（5〜8点）,0.5777,"{'is_target': True, 'verdict': '参加推奨', 'max_combo_prob': 0.0875, 'est_top_odds': 15.2, 'circle_concentration': 69.8, 'eligible_count': 6, 'bet_adj': 2, 'reason': 'rel_win1=64.3%（本命度） / 最有力組み合わせ確率: 0.088（推定実オッズ?15倍） / 2着集中度: 上位2艇 69.8%（補正+0.00） / 総合判定確率: 0.088 / → ヒモ分散。1号艇1着固定で広めのヒモ流し推奨（買い目+2点）', 'tenji_trigger': '展示確認: ヒモ分散レース。1号艇伸び確認後、広めのヒモ流しを採用。穴ヒモ（5・6号艇）を積極的に含める。'}",,,26.9,逃げ狙い,12.67,29.6,2,,,,,0,0,0.7559,0,,逃げ軸流し,A
2025-06-11,丸亀,1,2,東　健介,B1,38.75,2,▲,9.3531,30.1,97,41.5,0.1532,3.5,,,0,低,99,0,ま0%,255,0,32.1,0.7119,0,0,0.0455,0,0,0.0667,0.1556,0.5389,,◎,C,◎,,0.343,0.631,,0.5298,S,81,0,◎1着固定 2-3着流し（5〜8点）,0.5777,"{'is_target': True, 'verdict': '参加推奨', 'max_combo_prob': 0.0875, 'est_top_odds': 15.2, 'circle_concentration': 69.8, 'eligible_count': 6, 'bet_adj': 2, 'reason': 'rel_win1=64.3%（本命度） / 最有力組み合わせ確率: 0.088（推定実オッズ?15倍） / 2着集中度: 上位2艇 69.8%（補正+0.00） / 総合判定確率: 0.088 / → ヒモ分散。1号艇1着固定で広めのヒモ流し推奨（買い目+2点）', 'tenji_trigger': '展示確認: ヒモ分散レース。1号艇伸び確認後、広めのヒモ流しを採用。穴ヒモ（5・6号艇）を積極的に含める。'}",,,26.9,逃げ狙い,12.67,29.6,2,,,,,,,,,,,
2025-06-11,丸亀,1,3,井上尚悟,B1,44.38,3,○,8.962,39.7,100,54.5,0.1745,3.5909,,,0,低,157,0,-,451,0,19.6,0.6312,0,0.0333,0,0.0333,0.0333,0.1832,0.0842,0.1621,,,A,,,0.1972,0.593,,0.5298,S,81,0,◎1着固定 2-3着流し（5〜8点）,0.5777,"{'is_target': True, 'verdict': '参加推奨', 'max_combo_prob': 0.0875, 'est_top_odds': 15.2, 'circle_concentration': 69.8, 'eligible_count': 6, 'bet_adj': 2, 'reason': 'rel_win1=64.3%（本命度） / 最有力組み合わせ確率: 0.088（推定実オッズ?15倍） / 2着集中度: 上位2艇 69.8%（補正+0.00） / 総合判定確率: 0.088 / → ヒモ分散。1号艇1着固定で広めのヒモ流し推奨（買い目+2点）', 'tenji_trigger': '展示確認: ヒモ分散レース。1号艇伸び確認後、広めのヒモ流しを採用。穴ヒモ（5・6号艇）を積極的に含める。'}",,,26.9,逃げ狙い,12.67,29.6,2,,,,,,,,,,,
2025-06-11,丸亀,1,4,西川新太,B1,32.30,4,△,12.2369,27.7,89,49.1,0.1478,2.9576,,,0,低,96,0,差ま0%,5 23,0,73.3,1.1909,0,0,0,0.0417,0,0.26,0.24,0.2,,,D,△,◎,0.3202,0.6235,0.3906,0.5298,S,81,0,◎1着固定 2-3着流し（5〜8点）,0.5777,"{'is_target': True, 'verdict': '参加推奨', 'max_combo_prob': 0.0875, 'est_top_odds': 15.2, 'circle_concentration': 69.8, 'eligible_count': 6, 'bet_adj': 2, 'reason': 'rel_win1=64.3%（本命度） / 最有力組み合わせ確率: 0.088（推定実オッズ?15倍） / 2着集中度: 上位2艇 69.8%（補正+0.00） / 総合判定確率: 0.088 / → ヒモ分散。1号艇1着固定で広めのヒモ流し推奨（買い目+2点）', 'tenji_trigger': '展示確認: ヒモ分散レース。1号艇伸び確認後、広めのヒモ流しを採用。穴ヒモ（5・6号艇）を積極的に含める。'}",,,26.9,逃げ狙い,12.67,29.6,2,,,,,,,,,,,
2025-06-11,丸亀,1,5,和合俊介,B1,28.66,5,,3.2838,2,80,20.3,0.1583,4.0169,,,0,低,102,0,-,546,0,40.5,0.7474,0,0,0,0.0323,0,0.3333,0.5333,0.08,,,E,○,,0.2776,0.6265,,0.5298,S,81,0,◎1着固定 2-3着流し（5〜8点）,0.5777,"{'is_target': True, 'verdict': '参加推奨', 'max_combo_prob': 0.0875, 'est_top_odds': 15.2, 'circle_concentration': 69.8, 'eligible_count': 6, 'bet_adj': 2, 'reason': 'rel_win1=64.3%（本命度） / 最有力組み合わせ確率: 0.088（推定実オッズ?15倍） / 2着集中度: 上位2艇 69.8%（補正+0.00） / 総合判定確率: 0.088 / → ヒモ分散。1号艇1着固定で広めのヒモ流し推奨（買い目+2点）', 'tenji_trigger': '展示確認: ヒモ分散レース。1号艇伸び確認後、広めのヒモ流しを採用。穴ヒモ（5・6号艇）を積極的に含める。'}",,,26.9,逃げ狙い,12.67,29.6,2,,,,,,,,,,,
2025-06-11,丸亀,1,6,日高龍之,B2,34.34,6,,1.8446,0.5,17,3.3,0.2102,4.5656,,,0,低,49,0,-,666,0,22.2,0.615,0,0,0,0.0164,0,,,,,,D,,,0.109,0.529,,0.5298,S,81,0,◎1着固定 2-3着流し（5〜8点）,0.5777,"{'is_target': True, 'verdict': '参加推奨', 'max_combo_prob': 0.0875, 'est_top_odds': 15.2, 'circle_concentration': 69.8, 'eligible_count': 6, 'bet_adj': 2, 'reason': 'rel_win1=64.3%（本命度） / 最有力組み合わせ確率: 0.088（推定実オッズ?15倍） / 2着集中度: 上位2艇 69.8%（補正+0.00） / 総合判定確率: 0.088 / → ヒモ分散。1号艇1着固定で広めのヒモ流し推奨（買い目+2点）', 'tenji_trigger': '展示確認: ヒモ分散レース。1号艇伸び確認後、広めのヒモ流しを採用。穴ヒモ（5・6号艇）を積極的に含める。'}",,,26.9,逃げ狙い,12.67,29.6,2,,,,,,,,,,,
2025-06-11,丸亀,2,1,森作広大,B1,52.20,1,◎,45.2501,,0,66.7,0.1513,2.9,,,0,低,96,0,逃0%,165,0,49.4,0.8634,0.1765,,,,,0.5412,0,0.1412,△,,A,,,,0.596,,0.2563,B,51,0,◎○△フォーメーション（15〜20点）,0.5777,"{'is_target': True, 'verdict': '参加推奨', 'max_combo_prob': 0.071, 'est_top_odds': 18.8, 'circle_concentration': 72.8, 'eligible_count': 9, 'bet_adj': 2, 'reason': 'rel_win1=45.3%（本命度） / 最有力組み合わせ確率: 0.071（推定実オッズ?19倍） / 2着集中度: 上位2艇 72.8%（補正+0.04） / 総合判定確率: 0.111 / → ヒモ分散。1号艇1着固定で広めのヒモ流し推奨（買い目+2点）', 'tenji_trigger': '展示確認: ヒモ分散レース。1号艇伸び確認後、広めのヒモ流しを採用。穴ヒモ（5・6号艇）を積極的に含める。'}",,,31.5,両建て推奨,13.77,41.6,2,3-1-4|3-1-5|1-2-3|1-3-2|1-2-4|1-3-4|1-4-2,6-1-2|3-1-4|4-1-6|6-2-1|4-1-5|6-1-4|3-1-5|1-2-3|1-3-2|1-2-4|1-3-4|1-4-2,3-1-4:3.06%|3-1-5:1.71%|1-2-3:8.34%|1-3-2:5.96%|1-2-4:5.94%|1-3-4:4.19%|1-4-2:3.37%,3-1-4:B_main|3-1-5:B_main|1-2-3:A|1-3-2:A|1-2-4:A|1-3-4:A|1-4-2:A,7,12,0.4535,1,[!]見送り推奨（主役決まり手「まくり差し」― 逃げ劣勢レースで的中実績なし）,荒れ広め,D
2025-06-11,丸亀,2,2,冨成謙児,B1,27.27,2,△,12.6851,50.6,99,59.7,0.1504,3.3961,,,0,低,112,0,-,434,0,100,0.806,,,,,,0.3043,0.1739,0.1739,,○,D,○,,0.4177,0.6875,,0.2563,B,51,0,◎○△フォーメーション（15〜20点）,0.5777,"{'is_target': True, 'verdict': '参加推奨', 'max_combo_prob': 0.071, 'est_top_odds': 18.8, 'circle_concentration': 72.8, 'eligible_count': 9, 'bet_adj': 2, 'reason': 'rel_win1=45.3%（本命度） / 最有力組み合わせ確率: 0.071（推定実オッズ?19倍） / 2着集中度: 上位2艇 72.8%（補正+0.04） / 総合判定確率: 0.111 / → ヒモ分散。1号艇1着固定で広めのヒモ流し推奨（買い目+2点）', 'tenji_trigger': '展示確認: ヒモ分散レース。1号艇伸び確認後、広めのヒモ流しを採用。穴ヒモ（5・6号艇）を積極的に含める。'}",,,31.5,両建て推奨,13.77,41.6,2,,,,,,,,,,,
2025-06-11,丸亀,2,3,馬場　剛,A2,33.90,3,○,22.1261,22.1,100,64.5,0.1148,2.1048,,,0,低,35,0,差ま0%,3 12,0,44.9,1.186,0,0.0312,0.0938,0.125,0.0312,0.1535,0.0222,0.1323,,◎,C,◎,,0.5169,0.8035,,0.2563,B,51,0,◎○△フォーメーション（15〜20点）,0.5777,"{'is_target': True, 'verdict': '参加推奨', 'max_combo_prob': 0.071, 'est_top_odds': 18.8, 'circle_concentration': 72.8, 'eligible_count': 9, 'bet_adj': 2, 'reason': 'rel_win1=45.3%（本命度） / 最有力組み合わせ確率: 0.071（推定実オッズ?19倍） / 2着集中度: 上位2艇 72.8%（補正+0.04） / 総合判定確率: 0.111 / → ヒモ分散。1号艇1着固定で広めのヒモ流し推奨（買い目+2点）', 'tenji_trigger': '展示確認: ヒモ分散レース。1号艇伸び確認後、広めのヒモ流しを採用。穴ヒモ（5・6号艇）を積極的に含める。'}",,,31.5,両建て推奨,13.77,41.6,2,,,,,,,,,,,
2025-06-11,丸亀,2,4,石井伸長,B1,44.71,4,▲,14.5441,14.2,78,45,0.169,3.175,,,0,低,79,0,-,3 22,0,59.5,1.3083,0,0,0.0323,0.0645,0,0,0.5,0.25,,,B,,,0.2197,0.5655,,0.2563,B,51,0,◎○△フォーメーション（15〜20点）,0.5777,"{'is_target': True, 'verdict': '参加推奨', 'max_combo_prob': 0.071, 'est_top_odds': 18.8, 'circle_concentration': 72.8, 'eligible_count': 9, 'bet_adj': 2, 'reason': 'rel_win1=45.3%（本命度） / 最有力組み合わせ確率: 0.071（推定実オッズ?19倍） / 2着集中度: 上位2艇 72.8%（補正+0.04） / 総合判定確率: 0.111 / → ヒモ分散。1号艇1着固定で広めのヒモ流し推奨（買い目+2点）', 'tenji_trigger': '展示確認: ヒモ分散レース。1号艇伸び確認後、広めのヒモ流しを採用。穴ヒモ（5・6号艇）を積極的に含める。'}",,,31.5,両建て推奨,13.77,41.6,2,,,,,,,,,,,
2025-06-11,丸亀,2,5,近藤稔也,B1,34.64,5,,3.8939,10.9,80,31.1,0.1813,3.7541,,,0,低,180,0,-,345,0,26.6,2.1945,,,,,,0.368,0.32,0.064,,,C,△,,0.2172,0.609,,0.2563,B,51,0,◎○△フォーメーション（15〜20点）,0.5777,"{'is_target': True, 'verdict': '参加推奨', 'max_combo_prob': 0.071, 'est_top_odds': 18.8, 'circle_concentration': 72.8, 'eligible_count': 9, 'bet_adj': 2, 'reason': 'rel_win1=45.3%（本命度） / 最有力組み合わせ確率: 0.071（推定実オッズ?19倍） / 2着集中度: 上位2艇 72.8%（補正+0.04） / 総合判定確率: 0.111 / → ヒモ分散。1号艇1着固定で広めのヒモ流し推奨（買い目+2点）', 'tenji_trigger': '展示確認: ヒモ分散レース。1号艇伸び確認後、広めのヒモ流しを採用。穴ヒモ（5・6号艇）を積極的に含める。'}",,,31.5,両建て推奨,13.77,41.6,2,,,,,,,,,,,
2025-06-11,丸亀,2,6,赤羽克也,A2,26.95,6,,1.5006,2.1,65,35.1,0.1705,4.0877,,,0,低,137,0,-,541,0,35.6,0.9533,,,,,,0.2828,0.1885,0.0138,,,E,△,,0.2489,0.633,,0.2563,B,51,0,◎○△フォーメーション（15〜20点）,0.5777,"{'is_target': True, 'verdict': '参加推奨', 'max_combo_prob': 0.071, 'est_top_odds': 18.8, 'circle_concentration': 72.8, 'eligible_count': 9, 'bet_adj': 2, 'reason': 'rel_win1=45.3%（本命度） / 最有力組み合わせ確率: 0.071（推定実オッズ?19倍） / 2着集中度: 上位2艇 72.8%（補正+0.04） / 総合判定確率: 0.111 / → ヒモ分散。1号艇1着固定で広めのヒモ流し推奨（買い目+2点）', 'tenji_trigger': '展示確認: ヒモ分散レース。1号艇伸び確認後、広めのヒモ流しを採用。穴ヒモ（5・6号艇）を積極的に含める。'}",,,31.5,両建て推奨,13.77,41.6,2,,,,,,,,,,,
2025-06-11,丸亀,3,1,高木圭大,B1,25.64,1,◎,49.4592,,0,68.6,0.1366,2.5571,,,0,低,107,0,逃0%,5 66,0,66.1,0.8993,0.4211,,,,,0.0632,0.1842,0.2632,◎,,E,△,,,0.606,,0.5679,B,59,0,◎○△フォーメーション（15〜20点）,0.5777,"{'is_target': True, 'verdict': '参加推奨', 'max_combo_prob': 0.0805, 'est_top_odds': 16.6, 'circle_concentration': 69.7, 'eligible_count': 9, 'bet_adj': 2, 'reason': 'rel_win1=49.5%（本命度） / 最有力組み合わせ確率: 0.080（推定実オッズ?17倍） / 2着集中度: 上位2艇 69.7%（補正+0.00） / 総合判定確率: 0.080 / → ヒモ分散。1号艇1着固定で広めのヒモ流し推奨（買い目+2点）', 'tenji_trigger': '展示確認: ヒモ分散レース。1号艇伸び確認後、広めのヒモ流しを採用。穴ヒモ（5・6号艇）を積極的に含める。\n展示で1号艇スタート超安定(0.137秒)→ヒモ固まり方向に注意'}",,,26.7,両建て推奨,10.74,30.7,4,,,,,0,0,0.7559,0,,逃げ軸流し,A
2025-06-11,丸亀,3,2,中里英夫,B1,45.10,2,○,11.7566,50.1,64,62.5,0.1554,3.9018,,,0,低,123,0,差0%,321,0,52.9,1.0059,0,0.0385,0,0,0,0.1292,0.2458,0.1958,,,A,○,,0.1285,0.641,,0.5679,B,59,0,◎○△フォーメーション（15〜20点）,0.5777,"{'is_target': True, 'verdict': '参加推奨', 'max_combo_prob': 0.0805, 'est_top_odds': 16.6, 'circle_concentration': 69.7, 'eligible_count': 9, 'bet_adj': 2, 'reason': 'rel_win1=49.5%（本命度） / 最有力組み合わせ確率: 0.080（推定実オッズ?17倍） / 2着集中度: 上位2艇 69.7%（補正+0.00） / 総合判定確率: 0.080 / → ヒモ分散。1号艇1着固定で広めのヒモ流し推奨（買い目+2点）', 'tenji_trigger': '展示確認: ヒモ分散レース。1号艇伸び確認後、広めのヒモ流しを採用。穴ヒモ（5・6号艇）を積極的に含める。\n展示で1号艇スタート超安定(0.137秒)→ヒモ固まり方向に注意'}",,,26.7,両建て推奨,10.74,30.7,4,,,,,,,,,,,
2025-06-11,丸亀,3,3,岡谷健吾,B1,30.18,3,,10.4015,19.6,100,50.7,0.1865,4.0915,,,0,低,180,0,-,442,0,14.9,0.5119,0,0,0.0345,0.0345,0,0.1444,0.1296,0.1593,,,D,◎,,0.1312,0.69,,0.5679,B,59,0,◎○△フォーメーション（15〜20点）,0.5777,"{'is_target': True, 'verdict': '参加推奨', 'max_combo_prob': 0.0805, 'est_top_odds': 16.6, 'circle_concentration': 69.7, 'eligible_count': 9, 'bet_adj': 2, 'reason': 'rel_win1=49.5%（本命度） / 最有力組み合わせ確率: 0.080（推定実オッズ?17倍） / 2着集中度: 上位2艇 69.7%（補正+0.00） / 総合判定確率: 0.080 / → ヒモ分散。1号艇1着固定で広めのヒモ流し推奨（買い目+2点）', 'tenji_trigger': '展示確認: ヒモ分散レース。1号艇伸び確認後、広めのヒモ流しを採用。穴ヒモ（5・6号艇）を積極的に含める。\n展示で1号艇スタート超安定(0.137秒)→ヒモ固まり方向に注意'}",,,26.7,両建て推奨,10.74,30.7,4,,,,,,,,,,,
2025-06-11,丸亀,3,4,出畑孝成,B2,30.86,4,△,14.5222,10.6,83,37.8,0.1681,3.5811,,,0,低,89,0,-,655,0,62.9,1.1426,0,0,0.0385,0.0385,0.0385,,,,,,D,,◎,0.1932,0.542,0.3321,0.5679,B,59,0,◎○△フォーメーション（15〜20点）,0.5777,"{'is_target': True, 'verdict': '参加推奨', 'max_combo_prob': 0.0805, 'est_top_odds': 16.6, 'circle_concentration': 69.7, 'eligible_count': 9, 'bet_adj': 2, 'reason': 'rel_win1=49.5%（本命度） / 最有力組み合わせ確率: 0.080（推定実オッズ?17倍） / 2着集中度: 上位2艇 69.7%（補正+0.00） / 総合判定確率: 0.080 / → ヒモ分散。1号艇1着固定で広めのヒモ流し推奨（買い目+2点）', 'tenji_trigger': '展示確認: ヒモ分散レース。1号艇伸び確認後、広めのヒモ流しを採用。穴ヒモ（5・6号艇）を積極的に含める。\n展示で1号艇スタート超安定(0.137秒)→ヒモ固まり方向に注意'}",,,26.7,両建て推奨,10.74,30.7,4,,,,,,,,,,,
2025-06-11,丸亀,3,5,吉島祥之,A2,35.47,5,▲,12.5679,16,51,47.7,0.1783,3.5923,,,0,低,154,0,差ま0%,6 46,0,89,1.5736,0,0,0,0.037,0,0.0114,0.1676,0.0229,,,B,,○,0.1774,0.5955,0.3,0.5679,B,59,0,◎○△フォーメーション（15〜20点）,0.5777,"{'is_target': True, 'verdict': '参加推奨', 'max_combo_prob': 0.0805, 'est_top_odds': 16.6, 'circle_concentration': 69.7, 'eligible_count': 9, 'bet_adj': 2, 'reason': 'rel_win1=49.5%（本命度） / 最有力組み合わせ確率: 0.080（推定実オッズ?17倍） / 2着集中度: 上位2艇 69.7%（補正+0.00） / 総合判定確率: 0.080 / → ヒモ分散。1号艇1着固定で広めのヒモ流し推奨（買い目+2点）', 'tenji_trigger': '展示確認: ヒモ分散レース。1号艇伸び確認後、広めのヒモ流しを採用。穴ヒモ（5・6号艇）を積極的に含める。\n展示で1号艇スタート超安定(0.137秒)→ヒモ固まり方向に注意'}",,,26.7,両建て推奨,10.74,30.7,4,,,,,,,,,,,
2025-06-11,丸亀,3,6,亀山雅幸,A2,30.99,6,,1.2926,3.7,74,29.2,0.2102,4.6231,,,0,低,154,0,-,322,0,36.1,0.8314,,,,,,0.0944,0.1222,0.0944,,,C,△,,0.1665,0.6195,,0.5679,B,59,0,◎○△フォーメーション（15〜20点）,0.5777,"{'is_target': True, 'verdict': '参加推奨', 'max_combo_prob': 0.0805, 'est_top_odds': 16.6, 'circle_concentration': 69.7, 'eligible_count': 9, 'bet_adj': 2, 'reason': 'rel_win1=49.5%（本命度） / 最有力組み合わせ確率: 0.080（推定実オッズ?17倍） / 2着集中度: 上位2艇 69.7%（補正+0.00） / 総合判定確率: 0.080 / → ヒモ分散。1号艇1着固定で広めのヒモ流し推奨（買い目+2点）', 'tenji_trigger': '展示確認: ヒモ分散レース。1号艇伸び確認後、広めのヒモ流しを採用。穴ヒモ（5・6号艇）を積極的に含める。\n展示で1号艇スタート超安定(0.137秒)→ヒモ固まり方向に注意'}",,,26.7,両建て推奨,10.74,30.7,4,,,,,,,,,,,
2025-06-11,丸亀,4,1,岡本慎治,B1,29.82,1,◎,47.1042,,0,71.4,0.1693,3.5833,,,0,低,107,0,逃0%,444,0,54.2,0.919,0.3684,,,,,0.4053,0.0421,0.2132,○,,D,△,,,0.611,,0.3352,B,58,0,◎○△フォーメーション（15〜20点）,0.5777,"{'is_target': True, 'verdict': '参加推奨', 'max_combo_prob': 0.0543, 'est_top_odds': 24.6, 'circle_concentration': 61.9, 'eligible_count': 9, 'bet_adj': 2, 'reason': 'rel_win1=47.1%（本命度） / 最有力組み合わせ確率: 0.054（推定実オッズ?25倍） / 2着集中度: 上位2艇 61.9%（補正+0.00） / 総合判定確率: 0.054 / → ヒモ分散。1号艇1着固定で広めのヒモ流し推奨（買い目+2点）', 'tenji_trigger': '展示確認: ヒモ分散レース。1号艇伸び確認後、広めのヒモ流しを採用。穴ヒモ（5・6号艇）を積極的に含める。'}",,,30,両建て推奨,12.41,38.5,2,,,,,0,0,0.6155,0,,主役軸流し,B
2025-06-11,丸亀,4,2,菊池峰晴,B1,32.74,2,,16.3635,34.1,78,43.5,0.1883,3.5326,,,0,低,151,0,差0% ま0%,2 62,0,23.4,0.795,0,0.1538,0.0769,0,0,0.2,0.2,0.3,,,C,,,0.2037,0.593,,0.3352,B,58,0,◎○△フォーメーション（15〜20点）,0.5777,"{'is_target': True, 'verdict': '参加推奨', 'max_combo_prob': 0.0543, 'est_top_odds': 24.6, 'circle_concentration': 61.9, 'eligible_count': 9, 'bet_adj': 2, 'reason': 'rel_win1=47.1%（本命度） / 最有力組み合わせ確率: 0.054（推定実オッズ?25倍） / 2着集中度: 上位2艇 61.9%（補正+0.00） / 総合判定確率: 0.054 / → ヒモ分散。1号艇1着固定で広めのヒモ流し推奨（買い目+2点）', 'tenji_trigger': '展示確認: ヒモ分散レース。1号艇伸び確認後、広めのヒモ流しを採用。穴ヒモ（5・6号艇）を積極的に含める。'}",,,30,両建て推奨,12.41,38.5,2,,,,,,,,,,,
2025-06-11,丸亀,4,3,嶋田貴支,B1,39.66,3,▲,10.4369,27.8,100,54.4,0.1676,3.3162,,,0,低,134,0,-,133,0,97.8,2.1258,0,0.0312,0,0.0312,0,0.0174,0.0522,0.1174,,,B,△,,0.316,0.6045,,0.3352,B,58,0,◎○△フォーメーション（15〜20点）,0.5777,"{'is_target': True, 'verdict': '参加推奨', 'max_combo_prob': 0.0543, 'est_top_odds': 24.6, 'circle_concentration': 61.9, 'eligible_count': 9, 'bet_adj': 2, 'reason': 'rel_win1=47.1%（本命度） / 最有力組み合わせ確率: 0.054（推定実オッズ?25倍） / 2着集中度: 上位2艇 61.9%（補正+0.00） / 総合判定確率: 0.054 / → ヒモ分散。1号艇1着固定で広めのヒモ流し推奨（買い目+2点）', 'tenji_trigger': '展示確認: ヒモ分散レース。1号艇伸び確認後、広めのヒモ流しを採用。穴ヒモ（5・6号艇）を積極的に含める。'}",,,30,両建て推奨,12.41,38.5,2,,,,,,,,,,,
2025-06-11,丸亀,4,4,山一鉄也,A2,41.25,4,○,12.7343,16,99,52.5,0.1551,3.4576,,,0,低,103,0,ま0% 差ま0%,2 33,0,57.3,1.2379,0,0,0.08,0.04,0,0.0129,0.131,0.0978,,,B,◎,◎,0.3606,0.668,0.3169,0.3352,B,58,0,◎○△フォーメーション（15〜20点）,0.5777,"{'is_target': True, 'verdict': '参加推奨', 'max_combo_prob': 0.0543, 'est_top_odds': 24.6, 'circle_concentration': 61.9, 'eligible_count': 9, 'bet_adj': 2, 'reason': 'rel_win1=47.1%（本命度） / 最有力組み合わせ確率: 0.054（推定実オッズ?25倍） / 2着集中度: 上位2艇 61.9%（補正+0.00） / 総合判定確率: 0.054 / → ヒモ分散。1号艇1着固定で広めのヒモ流し推奨（買い目+2点）', 'tenji_trigger': '展示確認: ヒモ分散レース。1号艇伸び確認後、広めのヒモ流しを採用。穴ヒモ（5・6号艇）を積極的に含める。'}",,,30,両建て推奨,12.41,38.5,2,,,,,,,,,,,
2025-06-11,丸亀,4,5,山本寛久,A1,31.29,5,△,11.9884,21.8,83,52.6,0.1592,3.8421,,,0,低,77,0,差ま0%,163,0,81.7,1.6562,0,0,0,0.1667,0,0.0222,0.0444,0.2056,,,D,○,,0.352,0.6225,,0.3352,B,58,0,◎○△フォーメーション（15〜20点）,0.5777,"{'is_target': True, 'verdict': '参加推奨', 'max_combo_prob': 0.0543, 'est_top_odds': 24.6, 'circle_concentration': 61.9, 'eligible_count': 9, 'bet_adj': 2, 'reason': 'rel_win1=47.1%（本命度） / 最有力組み合わせ確率: 0.054（推定実オッズ?25倍） / 2着集中度: 上位2艇 61.9%（補正+0.00） / 総合判定確率: 0.054 / → ヒモ分散。1号艇1着固定で広めのヒモ流し推奨（買い目+2点）', 'tenji_trigger': '展示確認: ヒモ分散レース。1号艇伸び確認後、広めのヒモ流しを採用。穴ヒモ（5・6号艇）を積極的に含める。'}",,,30,両建て推奨,12.41,38.5,2,,,,,,,,,,,
2025-06-11,丸亀,4,6,宮本琉正,B2,38.79,6,,1.3727,0.3,14,1.4,0.1761,3.1571,,,0,低,33,0,-,6 6F,0,100,2.1811,,,,,,,,,,,C,,,0.2945,0.504,,0.3352,B,58,0,◎○△フォーメーション（15〜20点）,0.5777,"{'is_target': True, 'verdict': '参加推奨', 'max_combo_prob': 0.0543, 'est_top_odds': 24.6, 'circle_concentration': 61.9, 'eligible_count': 9, 'bet_adj': 2, 'reason': 'rel_win1=47.1%（本命度） / 最有力組み合わせ確率: 0.054（推定実オッズ?25倍） / 2着集中度: 上位2艇 61.9%（補正+0.00） / 総合判定確率: 0.054 / → ヒモ分散。1号艇1着固定で広めのヒモ流し推奨（買い目+2点）', 'tenji_trigger': '展示確認: ヒモ分散レース。1号艇伸び確認後、広めのヒモ流しを採用。穴ヒモ（5・6号艇）を積極的に含める。'}",,,30,両建て推奨,12.41,38.5,2,,,,,,,,,,,
2025-06-11,丸亀,5,1,興津　藍,B1,30.59,1,◎,60.0661,,0,88.4,0.1561,3.3333,,,0,低,133,0,逃1%,2 34,0,72.6,0.9694,0.7143,,,,,0.1562,0.0343,0.179,◎,,C,△,,,0.6195,,0.5276,S,92,0,◎1着固定 2-3着流し（5〜8点）,0.5777,"{'is_target': True, 'verdict': '点数絞り', 'max_combo_prob': 0.1054, 'est_top_odds': 12.7, 'circle_concentration': 76.6, 'eligible_count': 6, 'bet_adj': 0, 'reason': 'rel_win1=60.1%（本命度） / 最有力組み合わせ確率: 0.105（推定実オッズ?13倍） / 2着集中度: 上位2艇 76.6%（補正+0.04） / 総合判定確率: 0.145 / → ヒモはやや固め。上位2艇以外を切ること', 'tenji_trigger': '展示確認: 1号艇伸び良→そのまま採用。悪→飛び組に差し替え。circle_pct上位2艇に絞り込むこと。'}",,,27.8,逃げ狙い,14.77,30.2,2,,,,,0,0,0.7559,0,,逃げ軸流し,A
2025-06-11,丸亀,5,2,木場悠介,B1,38.51,2,○,16.1882,61.1,99,64.9,0.1551,3.2807,,,0,低,101,0,差0%,6 25,0,71.6,1.2847,0,0.0385,0.0769,0,0.0769,0.032,0.132,0.244,,◎,B,○,,0.322,0.652,,0.5276,S,92,0,◎1着固定 2-3着流し（5〜8点）,0.5777,"{'is_target': True, 'verdict': '点数絞り', 'max_combo_prob': 0.1054, 'est_top_odds': 12.7, 'circle_concentration': 76.6, 'eligible_count': 6, 'bet_adj': 0, 'reason': 'rel_win1=60.1%（本命度） / 最有力組み合わせ確率: 0.105（推定実オッズ?13倍） / 2着集中度: 上位2艇 76.6%（補正+0.04） / 総合判定確率: 0.145 / → ヒモはやや固め。上位2艇以外を切ること', 'tenji_trigger': '展示確認: 1号艇伸び良→そのまま採用。悪→飛び組に差し替え。circle_pct上位2艇に絞り込むこと。'}",,,27.8,逃げ狙い,14.77,30.2,2,,,,,,,,,,,
2025-06-11,丸亀,5,3,貫地谷直,B1,26.99,3,,7.0035,15.6,100,34.8,0.2258,4.4545,,,0,低,204,0,-,555,0,14.9,0.6946,,,,,,0.0571,0.6214,0.2643,,,E,,,0.1376,0.5725,,0.5276,S,92,0,◎1着固定 2-3着流し（5〜8点）,0.5777,"{'is_target': True, 'verdict': '点数絞り', 'max_combo_prob': 0.1054, 'est_top_odds': 12.7, 'circle_concentration': 76.6, 'eligible_count': 6, 'bet_adj': 0, 'reason': 'rel_win1=60.1%（本命度） / 最有力組み合わせ確率: 0.105（推定実オッズ?13倍） / 2着集中度: 上位2艇 76.6%（補正+0.04） / 総合判定確率: 0.145 / → ヒモはやや固め。上位2艇以外を切ること', 'tenji_trigger': '展示確認: 1号艇伸び良→そのまま採用。悪→飛び組に差し替え。circle_pct上位2艇に絞り込むこと。'}",,,27.8,逃げ狙い,14.77,30.2,2,,,,,,,,,,,
2025-06-11,丸亀,5,4,品川賢次,B1,34.73,4,△,5.7482,10.3,92,45.5,0.1711,3.9886,,,0,低,141,0,-,3 46,0,63.2,0.8872,,,,,,0.3835,0.1489,0.1278,,,C,,,0.2517,0.59,,0.5276,S,92,0,◎1着固定 2-3着流し（5〜8点）,0.5777,"{'is_target': True, 'verdict': '点数絞り', 'max_combo_prob': 0.1054, 'est_top_odds': 12.7, 'circle_concentration': 76.6, 'eligible_count': 6, 'bet_adj': 0, 'reason': 'rel_win1=60.1%（本命度） / 最有力組み合わせ確率: 0.105（推定実オッズ?13倍） / 2着集中度: 上位2艇 76.6%（補正+0.04） / 総合判定確率: 0.145 / → ヒモはやや固め。上位2艇以外を切ること', 'tenji_trigger': '展示確認: 1号艇伸び良→そのまま採用。悪→飛び組に差し替え。circle_pct上位2艇に絞り込むこと。'}",,,27.8,逃げ狙い,14.77,30.2,2,,,,,,,,,,,
2025-06-11,丸亀,5,5,藤田浩人,A2,30.11,5,,9.7526,7.4,97,45.5,0.1706,3.9091,,,0,低,147,0,-,434,0,48.1,1.1186,0,0,0,0.1071,0,0.1,0.0273,0.0182,,,D,◎,◎,0.2506,0.653,0.3091,0.5276,S,92,0,◎1着固定 2-3着流し（5〜8点）,0.5777,"{'is_target': True, 'verdict': '点数絞り', 'max_combo_prob': 0.1054, 'est_top_odds': 12.7, 'circle_concentration': 76.6, 'eligible_count': 6, 'bet_adj': 0, 'reason': 'rel_win1=60.1%（本命度） / 最有力組み合わせ確率: 0.105（推定実オッズ?13倍） / 2着集中度: 上位2艇 76.6%（補正+0.04） / 総合判定確率: 0.145 / → ヒモはやや固め。上位2艇以外を切ること', 'tenji_trigger': '展示確認: 1号艇伸び良→そのまま採用。悪→飛び組に差し替え。circle_pct上位2艇に絞り込むこと。'}",,,27.8,逃げ狙い,14.77,30.2,2,,,,,,,,,,,
2025-06-11,丸亀,5,6,飯島昌弘,A1,39.77,6,▲,1.2413,5.7,59,42.2,0.1789,4.1111,,,0,低,119,0,-,2213,0,87.9,1.6547,,,,,,0,0.1242,0.0242,,,B,△,,0.2391,0.6275,,0.5276,S,92,0,◎1着固定 2-3着流し（5〜8点）,0.5777,"{'is_target': True, 'verdict': '点数絞り', 'max_combo_prob': 0.1054, 'est_top_odds': 12.7, 'circle_concentration': 76.6, 'eligible_count': 6, 'bet_adj': 0, 'reason': 'rel_win1=60.1%（本命度） / 最有力組み合わせ確率: 0.105（推定実オッズ?13倍） / 2着集中度: 上位2艇 76.6%（補正+0.04） / 総合判定確率: 0.145 / → ヒモはやや固め。上位2艇以外を切ること', 'tenji_trigger': '展示確認: 1号艇伸び良→そのまま採用。悪→飛び組に差し替え。circle_pct上位2艇に絞り込むこと。'}",,,27.8,逃げ狙い,14.77,30.2,2,,,,,,,,,,,
2025-06-11,丸亀,6,1,大串重幸,A2,33.97,1,◎,52.3425,,0,91.3,0.1413,3.1739,,,0,低,132,0,逃1%,2 52,0,68,0.9696,0.5526,,,,,0.1088,0.0526,0.1193,◎,,D,△,,,0.6085,,0.5008,A,78,0,◎-○軸 3着3〜4艇流し（10〜15点）,0.5777,"{'is_target': True, 'verdict': '参加推奨', 'max_combo_prob': 0.0685, 'est_top_odds': 19.5, 'circle_concentration': 72.1, 'eligible_count': 8, 'bet_adj': 2, 'reason': 'rel_win1=52.3%（本命度） / 最有力組み合わせ確率: 0.069（推定実オッズ?20倍） / 2着集中度: 上位2艇 72.1%（補正+0.04） / 総合判定確率: 0.109 / → ヒモ分散。1号艇1着固定で広めのヒモ流し推奨（買い目+2点）', 'tenji_trigger': '展示確認: ヒモ分散レース。1号艇伸び確認後、広めのヒモ流しを採用。穴ヒモ（5・6号艇）を積極的に含める。'}",,,28.3,逃げ狙い,19.7,27.4,3,,,,,0,0,0.7559,0,,逃げ軸流し,A
2025-06-11,丸亀,6,2,金子順一,B1,37.57,2,▲,8.0287,21.2,78,35.3,0.1729,3.8824,,,0,低,148,0,差0%,6 14,0,35.9,0.6257,0,0.0667,0,0,0,0.38,0.18,0.064,,,B,△,,0.0803,0.6315,,0.5008,A,78,0,◎-○軸 3着3〜4艇流し（10〜15点）,0.5777,"{'is_target': True, 'verdict': '参加推奨', 'max_combo_prob': 0.0685, 'est_top_odds': 19.5, 'circle_concentration': 72.1, 'eligible_count': 8, 'bet_adj': 2, 'reason': 'rel_win1=52.3%（本命度） / 最有力組み合わせ確率: 0.069（推定実オッズ?20倍） / 2着集中度: 上位2艇 72.1%（補正+0.04） / 総合判定確率: 0.109 / → ヒモ分散。1号艇1着固定で広めのヒモ流し推奨（買い目+2点）', 'tenji_trigger': '展示確認: ヒモ分散レース。1号艇伸び確認後、広めのヒモ流しを採用。穴ヒモ（5・6号艇）を積極的に含める。'}",,,28.3,逃げ狙い,19.7,27.4,3,,,,,,,,,,,
2025-06-11,丸亀,6,3,里岡右貴,A1,36.52,3,○,26.1032,34.4,100,80,0.1384,2.7727,,,0,低,75,0,差0% ま0% 差ま0% 抜0%,1521,0,92.2,1.8531,0,0.1071,0.25,0.1786,0.0357,0.115,0.139,0.024,,◎,B,◎,,0.3754,0.641,,0.5008,A,78,0,◎-○軸 3着3〜4艇流し（10〜15点）,0.5777,"{'is_target': True, 'verdict': '参加推奨', 'max_combo_prob': 0.0685, 'est_top_odds': 19.5, 'circle_concentration': 72.1, 'eligible_count': 8, 'bet_adj': 2, 'reason': 'rel_win1=52.3%（本命度） / 最有力組み合わせ確率: 0.069（推定実オッズ?20倍） / 2着集中度: 上位2艇 72.1%（補正+0.04） / 総合判定確率: 0.109 / → ヒモ分散。1号艇1着固定で広めのヒモ流し推奨（買い目+2点）', 'tenji_trigger': '展示確認: ヒモ分散レース。1号艇伸び確認後、広めのヒモ流しを採用。穴ヒモ（5・6号艇）を積極的に含める。'}",,,28.3,逃げ狙い,19.7,27.4,3,,,,,,,,,,,
2025-06-11,丸亀,6,4,西野翔太,A2,33.33,4,,8.3806,37.7,61,58.5,0.1436,2.8396,,,0,低,72,0,ま0% 差ま0%,224,0,59.2,1.1589,0,0,0.0833,0.0833,0,0.1556,0.0918,0.0465,,,D,○,◎,0.2959,0.6405,0.4436,0.5008,A,78,0,◎-○軸 3着3〜4艇流し（10〜15点）,0.5777,"{'is_target': True, 'verdict': '参加推奨', 'max_combo_prob': 0.0685, 'est_top_odds': 19.5, 'circle_concentration': 72.1, 'eligible_count': 8, 'bet_adj': 2, 'reason': 'rel_win1=52.3%（本命度） / 最有力組み合わせ確率: 0.069（推定実オッズ?20倍） / 2着集中度: 上位2艇 72.1%（補正+0.04） / 総合判定確率: 0.109 / → ヒモ分散。1号艇1着固定で広めのヒモ流し推奨（買い目+2点）', 'tenji_trigger': '展示確認: ヒモ分散レース。1号艇伸び確認後、広めのヒモ流しを採用。穴ヒモ（5・6号艇）を積極的に含める。'}",,,28.3,逃げ狙い,19.7,27.4,3,,,,,,,,,,,
2025-06-11,丸亀,6,5,日高龍之,B2,34.34,5,,4.163,5.1,56,11.1,0.1806,4.2222,,,0,低,49,0,-,666,0,25,0.7571,,,,,,,,,,,C,,,0.1939,0.529,,0.5008,A,78,0,◎-○軸 3着3〜4艇流し（10〜15点）,0.5777,"{'is_target': True, 'verdict': '参加推奨', 'max_combo_prob': 0.0685, 'est_top_odds': 19.5, 'circle_concentration': 72.1, 'eligible_count': 8, 'bet_adj': 2, 'reason': 'rel_win1=52.3%（本命度） / 最有力組み合わせ確率: 0.069（推定実オッズ?20倍） / 2着集中度: 上位2艇 72.1%（補正+0.04） / 総合判定確率: 0.109 / → ヒモ分散。1号艇1着固定で広めのヒモ流し推奨（買い目+2点）', 'tenji_trigger': '展示確認: ヒモ分散レース。1号艇伸び確認後、広めのヒモ流しを採用。穴ヒモ（5・6号艇）を積極的に含める。'}",,,28.3,逃げ狙い,19.7,27.4,3,,,,,,,,,,,
2025-06-11,丸亀,6,6,多羅尾達,B1,34.97,6,△,0.982,1.6,54,10.5,0.1876,3.8553,,,0,低,76,0,-,6 35,0,25.1,0.6086,,,,,,0.0941,0,0.4176,,,C,,,0.1706,0.5115,,0.5008,A,78,0,◎-○軸 3着3〜4艇流し（10〜15点）,0.5777,"{'is_target': True, 'verdict': '参加推奨', 'max_combo_prob': 0.0685, 'est_top_odds': 19.5, 'circle_concentration': 72.1, 'eligible_count': 8, 'bet_adj': 2, 'reason': 'rel_win1=52.3%（本命度） / 最有力組み合わせ確率: 0.069（推定実オッズ?20倍） / 2着集中度: 上位2艇 72.1%（補正+0.04） / 総合判定確率: 0.109 / → ヒモ分散。1号艇1着固定で広めのヒモ流し推奨（買い目+2点）', 'tenji_trigger': '展示確認: ヒモ分散レース。1号艇伸び確認後、広めのヒモ流しを採用。穴ヒモ（5・6号艇）を積極的に含める。'}",,,28.3,逃げ狙い,19.7,27.4,3,,,,,,,,,,,
2025-06-11,丸亀,7,1,井上尚悟,B1,44.38,1,◎,45.8792,,0,68.1,0.1645,3.3085,,,0,低,157,0,-,451,0,42.8,0.7456,0.2632,,,,,0.1832,0.0842,0.1621,△,,A,,,,0.593,,0.254,C,44,0,荒れ傾向。高配当狙いか見送り,0.5777,"{'is_target': True, 'verdict': '参加推奨', 'max_combo_prob': 0.0625, 'est_top_odds': 21.3, 'circle_concentration': 74.0, 'eligible_count': 6, 'bet_adj': 2, 'reason': 'rel_win1=45.9%（本命度） / 最有力組み合わせ確率: 0.062（推定実オッズ?21倍） / 2着集中度: 上位2艇 74.0%（補正+0.04） / 総合判定確率: 0.102 / → ヒモ分散。1号艇1着固定で広めのヒモ流し推奨（買い目+2点）', 'tenji_trigger': '展示確認: ヒモ分散レース。1号艇伸び確認後、広めのヒモ流しを採用。穴ヒモ（5・6号艇）を積極的に含める。'}",,,34.8,両建て推奨,18.26,33,3,2-1-3|1-2-6|1-2-3|1-3-6|1-3-2|1-5-6,2-1-3|5-1-6|4-5-6|4-3-6|5-6-1|5-6-3|5-3-6|1-2-6|1-2-3|1-3-6|1-3-2|1-5-6,2-1-3:3.53%|1-2-6:9.52%|1-2-3:7.93%|1-3-6:6.98%|1-3-2:6.68%|1-5-6:3.72%,2-1-3:B_main|1-2-6:A|1-2-3:A|1-3-6:A|1-3-2:A|1-5-6:A,6,12,0.4535,1,[!]見送り推奨（主役決まり手「差し」― 逃げ劣勢レースで的中実績なし）,荒れ広め,D
2025-06-11,丸亀,7,2,抹香雄三,B1,25.31,2,,13.9461,43.8,60,61.3,0.1395,2.96,,,0,低,100,0,-,5 15,0,95.4,1.7928,0,0.1471,0,0,0,0.12,0.24,0.16,,◎,D,○,,0.6114,0.6655,,0.254,C,44,0,荒れ傾向。高配当狙いか見送り,0.5777,"{'is_target': True, 'verdict': '参加推奨', 'max_combo_prob': 0.0625, 'est_top_odds': 21.3, 'circle_concentration': 74.0, 'eligible_count': 6, 'bet_adj': 2, 'reason': 'rel_win1=45.9%（本命度） / 最有力組み合わせ確率: 0.062（推定実オッズ?21倍） / 2着集中度: 上位2艇 74.0%（補正+0.04） / 総合判定確率: 0.102 / → ヒモ分散。1号艇1着固定で広めのヒモ流し推奨（買い目+2点）', 'tenji_trigger': '展示確認: ヒモ分散レース。1号艇伸び確認後、広めのヒモ流しを採用。穴ヒモ（5・6号艇）を積極的に含める。'}",,,34.8,両建て推奨,18.26,33,3,,,,,,,,,,,
2025-06-11,丸亀,7,3,近江翔吾,A1,40.96,3,○,18.8531,30.1,100,76.1,0.1315,2.5,,,0,低,52,0,ま0% 差ま0%,312,0,46.1,1.1071,0,0,0.0909,0.0909,0.0455,0.0811,0.0541,0.027,,○,B,△,,0.4852,0.6415,,0.254,C,44,0,荒れ傾向。高配当狙いか見送り,0.5777,"{'is_target': True, 'verdict': '参加推奨', 'max_combo_prob': 0.0625, 'est_top_odds': 21.3, 'circle_concentration': 74.0, 'eligible_count': 6, 'bet_adj': 2, 'reason': 'rel_win1=45.9%（本命度） / 最有力組み合わせ確率: 0.062（推定実オッズ?21倍） / 2着集中度: 上位2艇 74.0%（補正+0.04） / 総合判定確率: 0.102 / → ヒモ分散。1号艇1着固定で広めのヒモ流し推奨（買い目+2点）', 'tenji_trigger': '展示確認: ヒモ分散レース。1号艇伸び確認後、広めのヒモ流しを採用。穴ヒモ（5・6号艇）を積極的に含める。'}",,,34.8,両建て推奨,18.26,33,3,,,,,,,,,,,
2025-06-11,丸亀,7,4,芦澤　望,A2,25.17,4,,8.8492,11.8,67,48.3,0.1697,3.3167,,,0,低,106,0,ま1%,1 33,0,21.7,0.5887,0,0.0357,0.0357,0.0357,0,0,0.1286,0.1886,,,E,,◎,0.2776,0.589,0.157,0.254,C,44,0,荒れ傾向。高配当狙いか見送り,0.5777,"{'is_target': True, 'verdict': '参加推奨', 'max_combo_prob': 0.0625, 'est_top_odds': 21.3, 'circle_concentration': 74.0, 'eligible_count': 6, 'bet_adj': 2, 'reason': 'rel_win1=45.9%（本命度） / 最有力組み合わせ確率: 0.062（推定実オッズ?21倍） / 2着集中度: 上位2艇 74.0%（補正+0.04） / 総合判定確率: 0.102 / → ヒモ分散。1号艇1着固定で広めのヒモ流し推奨（買い目+2点）', 'tenji_trigger': '展示確認: ヒモ分散レース。1号艇伸び確認後、広めのヒモ流しを採用。穴ヒモ（5・6号艇）を積極的に含める。'}",,,34.8,両建て推奨,18.26,33,3,,,,,,,,,,,
2025-06-11,丸亀,7,5,山地正樹,B1,40.85,5,△,6.8253,9.6,63,33.3,0.1467,3.1667,,,0,低,88,1,-,1 41,0,48.1,1.0081,,,,,,0.2091,0.1545,0.1364,,,B,△,,0.3825,0.642,,0.254,C,44,0,荒れ傾向。高配当狙いか見送り,0.5777,"{'is_target': True, 'verdict': '参加推奨', 'max_combo_prob': 0.0625, 'est_top_odds': 21.3, 'circle_concentration': 74.0, 'eligible_count': 6, 'bet_adj': 2, 'reason': 'rel_win1=45.9%（本命度） / 最有力組み合わせ確率: 0.062（推定実オッズ?21倍） / 2着集中度: 上位2艇 74.0%（補正+0.04） / 総合判定確率: 0.102 / → ヒモ分散。1号艇1着固定で広めのヒモ流し推奨（買い目+2点）', 'tenji_trigger': '展示確認: ヒモ分散レース。1号艇伸び確認後、広めのヒモ流しを採用。穴ヒモ（5・6号艇）を積極的に含める。'}",,,34.8,両建て推奨,18.26,33,3,,,,,,,,,,,
2025-06-11,丸亀,7,6,馬場　剛,A2,33.90,6,▲,5.647,4.6,92,47.3,0.1175,2.5364,,,0,低,35,0,ま0%,3 12,0,92.5,1.9042,0,0,0.0417,0,0,0.1535,0.0222,0.1323,,△,C,◎,,0.4455,0.8035,,0.254,C,44,0,荒れ傾向。高配当狙いか見送り,0.5777,"{'is_target': True, 'verdict': '参加推奨', 'max_combo_prob': 0.0625, 'est_top_odds': 21.3, 'circle_concentration': 74.0, 'eligible_count': 6, 'bet_adj': 2, 'reason': 'rel_win1=45.9%（本命度） / 最有力組み合わせ確率: 0.062（推定実オッズ?21倍） / 2着集中度: 上位2艇 74.0%（補正+0.04） / 総合判定確率: 0.102 / → ヒモ分散。1号艇1着固定で広めのヒモ流し推奨（買い目+2点）', 'tenji_trigger': '展示確認: ヒモ分散レース。1号艇伸び確認後、広めのヒモ流しを採用。穴ヒモ（5・6号艇）を積極的に含める。'}",,,34.8,両建て推奨,18.26,33,3,,,,,,,,,,,
2025-06-11,丸亀,8,1,本多宏和,A1,36.36,1,◎,75.6489,,0,82,0.1452,2.99,,,0,低,73,0,逃1%,1 64,0,94.3,1.2862,0.6667,,,,,0.1111,0.0556,0.1667,◎,,C,○,,,0.6585,,0.5906,A,73,0,◎-○軸 3着3〜4艇流し（10〜15点）,0.5777,"{'is_target': True, 'verdict': '点数絞り', 'max_combo_prob': 0.1419, 'est_top_odds': 9.4, 'circle_concentration': 79.4, 'eligible_count': 8, 'bet_adj': 0, 'reason': 'rel_win1=75.6%（本命度） / 最有力組み合わせ確率: 0.142（推定実オッズ?9倍） / 2着集中度: 上位2艇 79.4%（補正+0.04） / 総合判定確率: 0.182 / → ヒモはやや固め。上位2艇以外を切ること', 'tenji_trigger': '展示確認: 1号艇伸び良→そのまま採用。悪→飛び組に差し替え。circle_pct上位2艇に絞り込むこと。'}",,,24.8,逃げ狙い,7.28,28,4,,,,,0,0,0.7559,0,,逃げ軸流し,A
2025-06-11,丸亀,8,2,岡田憲行,A2,29.94,2,,8.0918,55.3,100,68.4,0.1879,4.3618,,,0,低,196,0,-,3436,0,18.9,0.6397,0,0.0303,0.0303,0,0,0.0111,0.0444,0.1978,,,D,,,0.0554,0.5985,,0.5906,A,73,0,◎-○軸 3着3〜4艇流し（10〜15点）,0.5777,"{'is_target': True, 'verdict': '点数絞り', 'max_combo_prob': 0.1419, 'est_top_odds': 9.4, 'circle_concentration': 79.4, 'eligible_count': 8, 'bet_adj': 0, 'reason': 'rel_win1=75.6%（本命度） / 最有力組み合わせ確率: 0.142（推定実オッズ?9倍） / 2着集中度: 上位2艇 79.4%（補正+0.04） / 総合判定確率: 0.182 / → ヒモはやや固め。上位2艇以外を切ること', 'tenji_trigger': '展示確認: 1号艇伸び良→そのまま採用。悪→飛び組に差し替え。circle_pct上位2艇に絞り込むこと。'}",,,24.8,逃げ狙い,7.28,28,4,,,,,,,,,,,
2025-06-11,丸亀,8,3,赤峰和也,B1,38.32,3,○,5.8272,11.6,82,37,0.1778,3.5833,,,0,低,121,0,-,6 45,0,36.7,0.7027,0,0,0,0.0476,0,0.4111,0.1889,0.3111,,,B,,,0.1245,0.5725,,0.5906,A,73,0,◎-○軸 3着3〜4艇流し（10〜15点）,0.5777,"{'is_target': True, 'verdict': '点数絞り', 'max_combo_prob': 0.1419, 'est_top_odds': 9.4, 'circle_concentration': 79.4, 'eligible_count': 8, 'bet_adj': 0, 'reason': 'rel_win1=75.6%（本命度） / 最有力組み合わせ確率: 0.142（推定実オッズ?9倍） / 2着集中度: 上位2艇 79.4%（補正+0.04） / 総合判定確率: 0.182 / → ヒモはやや固め。上位2艇以外を切ること', 'tenji_trigger': '展示確認: 1号艇伸び良→そのまま採用。悪→飛び組に差し替え。circle_pct上位2艇に絞り込むこと。'}",,,24.8,逃げ狙い,7.28,28,4,,,,,,,,,,,
2025-06-11,丸亀,8,4,赤羽克也,A2,26.95,4,△,6.5576,24,70,58.8,0.1621,3.4926,,,0,低,137,0,ま0%,541,0,82.2,1.563,0,0,0.0667,0,0,0.2828,0.1885,0.0138,,,E,△,◎,0.2289,0.633,0.3598,0.5906,A,73,0,◎-○軸 3着3〜4艇流し（10〜15点）,0.5777,"{'is_target': True, 'verdict': '点数絞り', 'max_combo_prob': 0.1419, 'est_top_odds': 9.4, 'circle_concentration': 79.4, 'eligible_count': 8, 'bet_adj': 0, 'reason': 'rel_win1=75.6%（本命度） / 最有力組み合わせ確率: 0.142（推定実オッズ?9倍） / 2着集中度: 上位2艇 79.4%（補正+0.04） / 総合判定確率: 0.182 / → ヒモはやや固め。上位2艇以外を切ること', 'tenji_trigger': '展示確認: 1号艇伸び良→そのまま採用。悪→飛び組に差し替え。circle_pct上位2艇に絞り込むこと。'}",,,24.8,逃げ狙い,7.28,28,4,,,,,,,,,,,
2025-06-11,丸亀,8,5,岡谷健吾,B1,30.18,5,,2.6434,8.1,70,35.2,0.1897,4.3239,,,0,低,180,0,-,442,0,52.4,1.0812,,,,,,0.1444,0.1296,0.1593,,,D,◎,,0.1707,0.69,,0.5906,A,73,0,◎-○軸 3着3〜4艇流し（10〜15点）,0.5777,"{'is_target': True, 'verdict': '点数絞り', 'max_combo_prob': 0.1419, 'est_top_odds': 9.4, 'circle_concentration': 79.4, 'eligible_count': 8, 'bet_adj': 0, 'reason': 'rel_win1=75.6%（本命度） / 最有力組み合わせ確率: 0.142（推定実オッズ?9倍） / 2着集中度: 上位2艇 79.4%（補正+0.04） / 総合判定確率: 0.182 / → ヒモはやや固め。上位2艇以外を切ること', 'tenji_trigger': '展示確認: 1号艇伸び良→そのまま採用。悪→飛び組に差し替え。circle_pct上位2艇に絞り込むこと。'}",,,24.8,逃げ狙い,7.28,28,4,,,,,,,,,,,
2025-06-11,丸亀,8,6,東　健介,B1,38.75,6,▲,1.231,0.9,20,2.3,0.1898,4.3488,,,0,低,99,0,-,255,0,25.6,0.8133,,,,,,0.0667,0.1556,0.5389,,,B,△,,0.1681,0.631,,0.5906,A,73,0,◎-○軸 3着3〜4艇流し（10〜15点）,0.5777,"{'is_target': True, 'verdict': '点数絞り', 'max_combo_prob': 0.1419, 'est_top_odds': 9.4, 'circle_concentration': 79.4, 'eligible_count': 8, 'bet_adj': 0, 'reason': 'rel_win1=75.6%（本命度） / 最有力組み合わせ確率: 0.142（推定実オッズ?9倍） / 2着集中度: 上位2艇 79.4%（補正+0.04） / 総合判定確率: 0.182 / → ヒモはやや固め。上位2艇以外を切ること', 'tenji_trigger': '展示確認: 1号艇伸び良→そのまま採用。悪→飛び組に差し替え。circle_pct上位2艇に絞り込むこと。'}",,,24.8,逃げ狙い,7.28,28,4,,,,,,,,,,,
2025-06-11,丸亀,9,1,吉島祥之,A2,35.47,1,◎,58.4495,,0,87.8,0.1311,2.7,,,0,低,154,0,逃1%,6 46,0,66.6,0.959,0.7143,,,,,0.0114,0.1676,0.0229,◎,,D,,,,0.5955,,0.6512,A,73,0,◎-○軸 3着3〜4艇流し（10〜15点）,0.5777,"{'is_target': True, 'verdict': '点数絞り', 'max_combo_prob': 0.1028, 'est_top_odds': 13.0, 'circle_concentration': 72.3, 'eligible_count': 8, 'bet_adj': 0, 'reason': 'rel_win1=58.4%（本命度） / 最有力組み合わせ確率: 0.103（推定実オッズ?13倍） / 2着集中度: 上位2艇 72.3%（補正+0.04） / 総合判定確率: 0.143 / → ヒモはやや固め。上位2艇以外を切ること', 'tenji_trigger': '展示確認: 1号艇伸び良→そのまま採用。悪→飛び組に差し替え。circle_pct上位2艇に絞り込むこと。\n展示で1号艇スタート超安定(0.131秒)→ヒモ固まり方向に注意'}",,,26.3,逃げ狙い,14.36,26.5,2,,,,,0,0,0.7559,0,,逃げ軸流し,A
2025-06-11,丸亀,9,2,田中和也,A1,46.58,2,▲,19.3957,52.4,51,70,0.1938,3.84,,,0,低,135,0,差0% ま0%,1434,0,54.6,1.1988,0,0.2083,0.0833,0,0,0.0455,0.0273,0.1145,,,B,○,,0.095,0.62,,0.6512,A,73,0,◎-○軸 3着3〜4艇流し（10〜15点）,0.5777,"{'is_target': True, 'verdict': '点数絞り', 'max_combo_prob': 0.1028, 'est_top_odds': 13.0, 'circle_concentration': 72.3, 'eligible_count': 8, 'bet_adj': 0, 'reason': 'rel_win1=58.4%（本命度） / 最有力組み合わせ確率: 0.103（推定実オッズ?13倍） / 2着集中度: 上位2艇 72.3%（補正+0.04） / 総合判定確率: 0.143 / → ヒモはやや固め。上位2艇以外を切ること', 'tenji_trigger': '展示確認: 1号艇伸び良→そのまま採用。悪→飛び組に差し替え。circle_pct上位2艇に絞り込むこと。\n展示で1号艇スタート超安定(0.131秒)→ヒモ固まり方向に注意'}",,,26.3,逃げ狙い,14.36,26.5,2,,,,,,,,,,,
2025-06-11,丸亀,9,3,森作広大,B1,52.20,3,○,8.1398,19.9,100,48.7,0.16,3.2949,,,0,低,96,0,ま0%,165,0,40,0.8865,0,0,0.0455,0,0,0.5412,0,0.1412,,,A,△,,0.1349,0.596,,0.6512,A,73,0,◎-○軸 3着3〜4艇流し（10〜15点）,0.5777,"{'is_target': True, 'verdict': '点数絞り', 'max_combo_prob': 0.1028, 'est_top_odds': 13.0, 'circle_concentration': 72.3, 'eligible_count': 8, 'bet_adj': 0, 'reason': 'rel_win1=58.4%（本命度） / 最有力組み合わせ確率: 0.103（推定実オッズ?13倍） / 2着集中度: 上位2艇 72.3%（補正+0.04） / 総合判定確率: 0.143 / → ヒモはやや固め。上位2艇以外を切ること', 'tenji_trigger': '展示確認: 1号艇伸び良→そのまま採用。悪→飛び組に差し替え。circle_pct上位2艇に絞り込むこと。\n展示で1号艇スタート超安定(0.131秒)→ヒモ固まり方向に注意'}",,,26.3,逃げ狙い,14.36,26.5,2,,,,,,,,,,,
2025-06-11,丸亀,9,4,和合俊介,B1,28.66,4,,4.0445,6.9,65,27.3,0.1625,3.3636,,,0,低,102,0,ま0%,546,0,21.6,0.4421,0,0,0.0385,0,0,0.3333,0.5333,0.08,,,E,◎,,0.1637,0.6265,,0.6512,A,73,0,◎-○軸 3着3〜4艇流し（10〜15点）,0.5777,"{'is_target': True, 'verdict': '点数絞り', 'max_combo_prob': 0.1028, 'est_top_odds': 13.0, 'circle_concentration': 72.3, 'eligible_count': 8, 'bet_adj': 0, 'reason': 'rel_win1=58.4%（本命度） / 最有力組み合わせ確率: 0.103（推定実オッズ?13倍） / 2着集中度: 上位2艇 72.3%（補正+0.04） / 総合判定確率: 0.143 / → ヒモはやや固め。上位2艇以外を切ること', 'tenji_trigger': '展示確認: 1号艇伸び良→そのまま採用。悪→飛び組に差し替え。circle_pct上位2艇に絞り込むこと。\n展示で1号艇スタート超安定(0.131秒)→ヒモ固まり方向に注意'}",,,26.3,逃げ狙い,14.36,26.5,2,,,,,,,,,,,
2025-06-11,丸亀,9,5,海野康志,A1,44.91,5,△,8.8879,18.6,86,66.7,0.187,3.5455,,,0,低,38,0,ま0% 差ま0%,1311,0,96.4,1.87,0,0,0.1333,0.1333,0,0,0.0387,0.2516,,,C,◎,,0.1491,0.6265,,0.6512,A,73,0,◎-○軸 3着3〜4艇流し（10〜15点）,0.5777,"{'is_target': True, 'verdict': '点数絞り', 'max_combo_prob': 0.1028, 'est_top_odds': 13.0, 'circle_concentration': 72.3, 'eligible_count': 8, 'bet_adj': 0, 'reason': 'rel_win1=58.4%（本命度） / 最有力組み合わせ確率: 0.103（推定実オッズ?13倍） / 2着集中度: 上位2艇 72.3%（補正+0.04） / 総合判定確率: 0.143 / → ヒモはやや固め。上位2艇以外を切ること', 'tenji_trigger': '展示確認: 1号艇伸び良→そのまま採用。悪→飛び組に差し替え。circle_pct上位2艇に絞り込むこと。\n展示で1号艇スタート超安定(0.131秒)→ヒモ固まり方向に注意'}",,,26.3,逃げ狙い,14.36,26.5,2,,,,,,,,,,,
2025-06-11,丸亀,9,6,嶋田貴支,B1,39.66,6,,1.0825,2.2,47,16.3,0.2263,4.9884,,,0,低,134,0,-,133,0,24.4,0.51,,,,,,0.0174,0.0522,0.1174,,,C,△,,0.1337,0.6045,,0.6512,A,73,0,◎-○軸 3着3〜4艇流し（10〜15点）,0.5777,"{'is_target': True, 'verdict': '点数絞り', 'max_combo_prob': 0.1028, 'est_top_odds': 13.0, 'circle_concentration': 72.3, 'eligible_count': 8, 'bet_adj': 0, 'reason': 'rel_win1=58.4%（本命度） / 最有力組み合わせ確率: 0.103（推定実オッズ?13倍） / 2着集中度: 上位2艇 72.3%（補正+0.04） / 総合判定確率: 0.143 / → ヒモはやや固め。上位2艇以外を切ること', 'tenji_trigger': '展示確認: 1号艇伸び良→そのまま採用。悪→飛び組に差し替え。circle_pct上位2艇に絞り込むこと。\n展示で1号艇スタート超安定(0.131秒)→ヒモ固まり方向に注意'}",,,26.3,逃げ狙い,14.36,26.5,2,,,,,,,,,,,
2025-06-11,丸亀,10,1,山一鉄也,A2,41.25,1,◎,59.7658,,0,87.1,0.1407,2.5857,,,0,低,103,0,逃1%,2 33,0,87.9,1.13,0.6452,,,,,0.0129,0.131,0.0978,◎,,B,△,,,0.668,,0.5803,A,76,0,◎-○軸 3着3〜4艇流し（10〜15点）,0.5777,"{'is_target': True, 'verdict': '点数絞り', 'max_combo_prob': 0.1013, 'est_top_odds': 13.2, 'circle_concentration': 73.2, 'eligible_count': 8, 'bet_adj': 0, 'reason': 'rel_win1=59.8%（本命度） / 最有力組み合わせ確率: 0.101（推定実オッズ?13倍） / 2着集中度: 上位2艇 73.2%（補正+0.04） / 総合判定確率: 0.141 / → ヒモはやや固め。上位2艇以外を切ること', 'tenji_trigger': '展示確認: 1号艇伸び良→そのまま採用。悪→飛び組に差し替え。circle_pct上位2艇に絞り込むこと。'}",,,28,逃げ狙い,20.48,25.9,3,,,,,0,0,0.7559,0,,逃げ軸流し,A
2025-06-11,丸亀,10,2,飯島昌弘,A1,39.77,2,▲,11.287,44.5,100,79.6,0.1596,3.6019,,,0,低,119,0,差0% ま0%,2213,0,64.6,1.2421,0,0.0345,0.1034,0,0,0,0.1242,0.0242,,,B,,,0.1283,0.6275,,0.5803,A,76,0,◎-○軸 3着3〜4艇流し（10〜15点）,0.5777,"{'is_target': True, 'verdict': '点数絞り', 'max_combo_prob': 0.1013, 'est_top_odds': 13.2, 'circle_concentration': 73.2, 'eligible_count': 8, 'bet_adj': 0, 'reason': 'rel_win1=59.8%（本命度） / 最有力組み合わせ確率: 0.101（推定実オッズ?13倍） / 2着集中度: 上位2艇 73.2%（補正+0.04） / 総合判定確率: 0.141 / → ヒモはやや固め。上位2艇以外を切ること', 'tenji_trigger': '展示確認: 1号艇伸び良→そのまま採用。悪→飛び組に差し替え。circle_pct上位2艇に絞り込むこと。'}",,,28,逃げ狙い,20.48,25.9,3,,,,,,,,,,,
2025-06-11,丸亀,10,3,若林　将,A1,40.24,3,○,19.1557,28.6,97,72.7,0.1393,2.4636,,,0,低,35,0,-,2121,0,55.5,1.2119,0,0.0476,0.0952,0.1905,0,0.2214,0,0.1036,,,B,◎,,0.3459,0.6995,,0.5803,A,76,0,◎-○軸 3着3〜4艇流し（10〜15点）,0.5777,"{'is_target': True, 'verdict': '点数絞り', 'max_combo_prob': 0.1013, 'est_top_odds': 13.2, 'circle_concentration': 73.2, 'eligible_count': 8, 'bet_adj': 0, 'reason': 'rel_win1=59.8%（本命度） / 最有力組み合わせ確率: 0.101（推定実オッズ?13倍） / 2着集中度: 上位2艇 73.2%（補正+0.04） / 総合判定確率: 0.141 / → ヒモはやや固め。上位2艇以外を切ること', 'tenji_trigger': '展示確認: 1号艇伸び良→そのまま採用。悪→飛び組に差し替え。circle_pct上位2艇に絞り込むこと。'}",,,28,逃げ狙い,20.48,25.9,3,,,,,,,,,,,
2025-06-11,丸亀,10,4,冨成謙児,B1,27.27,4,,4.3378,8.8,70,29.5,0.1561,3.6393,,,0,低,112,0,-,434,0,23.4,0.6521,,,,,,0.3043,0.1739,0.1739,,,E,○,,0.268,0.6875,,0.5803,A,76,0,◎-○軸 3着3〜4艇流し（10〜15点）,0.5777,"{'is_target': True, 'verdict': '点数絞り', 'max_combo_prob': 0.1013, 'est_top_odds': 13.2, 'circle_concentration': 73.2, 'eligible_count': 8, 'bet_adj': 0, 'reason': 'rel_win1=59.8%（本命度） / 最有力組み合わせ確率: 0.101（推定実オッズ?13倍） / 2着集中度: 上位2艇 73.2%（補正+0.04） / 総合判定確率: 0.141 / → ヒモはやや固め。上位2艇以外を切ること', 'tenji_trigger': '展示確認: 1号艇伸び良→そのまま採用。悪→飛び組に差し替え。circle_pct上位2艇に絞り込むこと。'}",,,28,逃げ狙い,20.48,25.9,3,,,,,,,,,,,
2025-06-11,丸亀,10,5,出畑孝成,B2,30.86,5,,4.114,14.8,38,32.5,0.1663,3.0875,,,0,低,89,0,差ま0%,655,0,45.2,0.9305,0,0,0,0.0741,0,,,,,,D,,,0.2267,0.542,,0.5803,A,76,0,◎-○軸 3着3〜4艇流し（10〜15点）,0.5777,"{'is_target': True, 'verdict': '点数絞り', 'max_combo_prob': 0.1013, 'est_top_odds': 13.2, 'circle_concentration': 73.2, 'eligible_count': 8, 'bet_adj': 0, 'reason': 'rel_win1=59.8%（本命度） / 最有力組み合わせ確率: 0.101（推定実オッズ?13倍） / 2着集中度: 上位2艇 73.2%（補正+0.04） / 総合判定確率: 0.141 / → ヒモはやや固め。上位2艇以外を切ること', 'tenji_trigger': '展示確認: 1号艇伸び良→そのまま採用。悪→飛び組に差し替え。circle_pct上位2艇に絞り込むこと。'}",,,28,逃げ狙い,20.48,25.9,3,,,,,,,,,,,
2025-06-11,丸亀,10,6,西野翔太,A2,33.33,6,△,1.3397,3.2,50,16.7,0.1433,3.25,,,0,低,72,1,-,224,0,33.9,0.82,,,,,,0.1556,0.0918,0.0465,,,D,△,,0.3241,0.6405,,0.5803,A,76,0,◎-○軸 3着3〜4艇流し（10〜15点）,0.5777,"{'is_target': True, 'verdict': '点数絞り', 'max_combo_prob': 0.1013, 'est_top_odds': 13.2, 'circle_concentration': 73.2, 'eligible_count': 8, 'bet_adj': 0, 'reason': 'rel_win1=59.8%（本命度） / 最有力組み合わせ確率: 0.101（推定実オッズ?13倍） / 2着集中度: 上位2艇 73.2%（補正+0.04） / 総合判定確率: 0.141 / → ヒモはやや固め。上位2艇以外を切ること', 'tenji_trigger': '展示確認: 1号艇伸び良→そのまま採用。悪→飛び組に差し替え。circle_pct上位2艇に絞り込むこと。'}",,,28,逃げ狙い,20.48,25.9,3,,,,,,,,,,,
2025-06-11,丸亀,11,1,山本寛久,A1,31.29,1,◎,59.2373,,0,98.5,0.1424,2.8561,,,0,低,77,0,逃1%,163,0,84.8,1.055,0.6111,,,,,0.0222,0.0444,0.2056,◎,,C,○,,,0.6225,,0.555,A,79,0,◎-○軸 3着3〜4艇流し（10〜15点）,0.5777,"{'is_target': True, 'verdict': '点数絞り', 'max_combo_prob': 0.1052, 'est_top_odds': 12.7, 'circle_concentration': 83.5, 'eligible_count': 8, 'bet_adj': 0, 'reason': 'rel_win1=59.2%（本命度） / 最有力組み合わせ確率: 0.105（推定実オッズ?13倍） / 2着集中度: 上位2艇 83.5%（補正+0.04） / 総合判定確率: 0.145 / → ヒモはやや固め。上位2艇以外を切ること', 'tenji_trigger': '展示確認: 1号艇伸び良→そのまま採用。悪→飛び組に差し替え。circle_pct上位2艇に絞り込むこと。'}",,,27.1,逃げ狙い,17.85,25.6,2,,,,,0,0,0.7559,0,,逃げ軸流し,A
2025-06-11,丸亀,11,2,里岡右貴,A1,36.52,2,○,22.4698,54.6,100,81.5,0.1409,2.6481,,,0,低,75,0,差1%,1521,0,43.5,0.8212,0,0.2,0.12,0,0,0.115,0.139,0.024,,◎,B,◎,,0.3626,0.641,,0.555,A,79,0,◎-○軸 3着3〜4艇流し（10〜15点）,0.5777,"{'is_target': True, 'verdict': '点数絞り', 'max_combo_prob': 0.1052, 'est_top_odds': 12.7, 'circle_concentration': 83.5, 'eligible_count': 8, 'bet_adj': 0, 'reason': 'rel_win1=59.2%（本命度） / 最有力組み合わせ確率: 0.105（推定実オッズ?13倍） / 2着集中度: 上位2艇 83.5%（補正+0.04） / 総合判定確率: 0.145 / → ヒモはやや固め。上位2艇以外を切ること', 'tenji_trigger': '展示確認: 1号艇伸び良→そのまま採用。悪→飛び組に差し替え。circle_pct上位2艇に絞り込むこと。'}",,,27.1,逃げ狙い,17.85,25.6,2,,,,,,,,,,,
2025-06-11,丸亀,11,3,芦澤　望,A2,25.17,3,,11.224,28.9,88,64.9,0.1446,2.7018,,,0,低,106,0,-,1 33,0,43.9,0.8788,0,0.0625,0.0625,0.0312,0,0,0.1286,0.1886,,,E,,,0.2825,0.589,,0.555,A,79,0,◎-○軸 3着3〜4艇流し（10〜15点）,0.5777,"{'is_target': True, 'verdict': '点数絞り', 'max_combo_prob': 0.1052, 'est_top_odds': 12.7, 'circle_concentration': 83.5, 'eligible_count': 8, 'bet_adj': 0, 'reason': 'rel_win1=59.2%（本命度） / 最有力組み合わせ確率: 0.105（推定実オッズ?13倍） / 2着集中度: 上位2艇 83.5%（補正+0.04） / 総合判定確率: 0.145 / → ヒモはやや固め。上位2艇以外を切ること', 'tenji_trigger': '展示確認: 1号艇伸び良→そのまま採用。悪→飛び組に差し替え。circle_pct上位2艇に絞り込むこと。'}",,,27.1,逃げ狙い,17.85,25.6,2,,,,,,,,,,,
2025-06-11,丸亀,11,4,貫地谷直,B1,26.99,4,,3.0167,3,57,21.3,0.2189,4.8511,,,0,低,204,0,-,555,0,14.4,0.5709,,,,,,0.0571,0.6214,0.2643,,,D,,,0.144,0.5725,,0.555,A,79,0,◎-○軸 3着3〜4艇流し（10〜15点）,0.5777,"{'is_target': True, 'verdict': '点数絞り', 'max_combo_prob': 0.1052, 'est_top_odds': 12.7, 'circle_concentration': 83.5, 'eligible_count': 8, 'bet_adj': 0, 'reason': 'rel_win1=59.2%（本命度） / 最有力組み合わせ確率: 0.105（推定実オッズ?13倍） / 2着集中度: 上位2艇 83.5%（補正+0.04） / 総合判定確率: 0.145 / → ヒモはやや固め。上位2艇以外を切ること', 'tenji_trigger': '展示確認: 1号艇伸び良→そのまま採用。悪→飛び組に差し替え。circle_pct上位2艇に絞り込むこと。'}",,,27.1,逃げ狙い,17.85,25.6,2,,,,,,,,,,,
2025-06-11,丸亀,11,5,亀山雅幸,A2,30.99,5,△,2.3942,7.1,93,45.8,0.1854,3.8611,,,0,低,154,0,-,322,0,43.4,0.7762,0,0,0,0.0345,0,0.0944,0.1222,0.0944,,,C,△,,0.1485,0.6195,,0.555,A,79,0,◎-○軸 3着3〜4艇流し（10〜15点）,0.5777,"{'is_target': True, 'verdict': '点数絞り', 'max_combo_prob': 0.1052, 'est_top_odds': 12.7, 'circle_concentration': 83.5, 'eligible_count': 8, 'bet_adj': 0, 'reason': 'rel_win1=59.2%（本命度） / 最有力組み合わせ確率: 0.105（推定実オッズ?13倍） / 2着集中度: 上位2艇 83.5%（補正+0.04） / 総合判定確率: 0.145 / → ヒモはやや固め。上位2艇以外を切ること', 'tenji_trigger': '展示確認: 1号艇伸び良→そのまま採用。悪→飛び組に差し替え。circle_pct上位2艇に絞り込むこと。'}",,,27.1,逃げ狙い,17.85,25.6,2,,,,,,,,,,,
2025-06-11,丸亀,11,6,近藤稔也,B1,34.64,6,▲,1.658,6.4,48,19.6,0.202,4.4314,,,0,低,180,0,-,345,0,46.3,0.9056,,,,,,0.368,0.32,0.064,,,B,△,,0.1456,0.609,,0.555,A,79,0,◎-○軸 3着3〜4艇流し（10〜15点）,0.5777,"{'is_target': True, 'verdict': '点数絞り', 'max_combo_prob': 0.1052, 'est_top_odds': 12.7, 'circle_concentration': 83.5, 'eligible_count': 8, 'bet_adj': 0, 'reason': 'rel_win1=59.2%（本命度） / 最有力組み合わせ確率: 0.105（推定実オッズ?13倍） / 2着集中度: 上位2艇 83.5%（補正+0.04） / 総合判定確率: 0.145 / → ヒモはやや固め。上位2艇以外を切ること', 'tenji_trigger': '展示確認: 1号艇伸び良→そのまま採用。悪→飛び組に差し替え。circle_pct上位2艇に絞り込むこと。'}",,,27.1,逃げ狙い,17.85,25.6,2,,,,,,,,,,,
2025-06-11,丸亀,12,1,近江翔吾,A1,40.96,1,◎,67.2517,,0,92.7,0.1291,2.3015,,,0,低,52,0,逃1%,312,0,75.6,1.1778,0.7838,,,,,0.0811,0.0541,0.027,◎,,B,△,,,0.6415,,0.7438,S,94,0,◎1着固定 2-3着流し（5〜8点）,0.5777,"{'is_target': True, 'verdict': '点数絞り', 'max_combo_prob': 0.094, 'est_top_odds': 14.2, 'circle_concentration': 76.1, 'eligible_count': 6, 'bet_adj': 0, 'reason': 'rel_win1=67.3%（本命度） / 最有力組み合わせ確率: 0.094（推定実オッズ?14倍） / 2着集中度: 上位2艇 76.1%（補正+0.04） / 総合判定確率: 0.134 / → ヒモはやや固め。上位2艇以外を切ること', 'tenji_trigger': '展示確認: 1号艇伸び良→そのまま採用。悪→飛び組に差し替え。circle_pct上位2艇に絞り込むこと。\n展示で1号艇スタート超安定(0.129秒)→ヒモ固まり方向に注意'}",,,26,逃げ狙い,15.12,24.8,4,,,,,0,0,0.7559,0,,逃げ軸流し,A
2025-06-11,丸亀,12,2,藤田浩人,A2,30.11,2,,9.5233,46.8,84,76.6,0.1679,3.5519,,,0,低,147,0,-,434,0,100,2.1207,0,0.0625,0.0625,0,0.0312,0.1,0.0273,0.0182,,,D,○,,0.0639,0.653,,0.7438,S,94,0,◎1着固定 2-3着流し（5〜8点）,0.5777,"{'is_target': True, 'verdict': '点数絞り', 'max_combo_prob': 0.094, 'est_top_odds': 14.2, 'circle_concentration': 76.1, 'eligible_count': 6, 'bet_adj': 0, 'reason': 'rel_win1=67.3%（本命度） / 最有力組み合わせ確率: 0.094（推定実オッズ?14倍） / 2着集中度: 上位2艇 76.1%（補正+0.04） / 総合判定確率: 0.134 / → ヒモはやや固め。上位2艇以外を切ること', 'tenji_trigger': '展示確認: 1号艇伸び良→そのまま採用。悪→飛び組に差し替え。circle_pct上位2艇に絞り込むこと。\n展示で1号艇スタート超安定(0.129秒)→ヒモ固まり方向に注意'}",,,26,逃げ狙い,15.12,24.8,4,,,,,,,,,,,
2025-06-11,丸亀,12,3,岡本慎治,B1,29.82,3,,8.8789,29.2,75,67.4,0.157,3.2093,,,0,低,107,0,ま0%,444,0,41.2,1.2123,0,0,0.15,0,0,0.4053,0.0421,0.2132,,,E,,,0.1733,0.611,,0.7438,S,94,0,◎1着固定 2-3着流し（5〜8点）,0.5777,"{'is_target': True, 'verdict': '点数絞り', 'max_combo_prob': 0.094, 'est_top_odds': 14.2, 'circle_concentration': 76.1, 'eligible_count': 6, 'bet_adj': 0, 'reason': 'rel_win1=67.3%（本命度） / 最有力組み合わせ確率: 0.094（推定実オッズ?14倍） / 2着集中度: 上位2艇 76.1%（補正+0.04） / 総合判定確率: 0.134 / → ヒモはやや固め。上位2艇以外を切ること', 'tenji_trigger': '展示確認: 1号艇伸び良→そのまま採用。悪→飛び組に差し替え。circle_pct上位2艇に絞り込むこと。\n展示で1号艇スタート超安定(0.129秒)→ヒモ固まり方向に注意'}",,,26,逃げ狙い,15.12,24.8,4,,,,,,,,,,,
2025-06-11,丸亀,12,4,本多宏和,A1,36.36,4,○,10.8009,13.8,100,56.4,0.1623,3.6538,,,0,低,73,0,ま0%,1 64,0,72.6,1.0077,0,0,0.1538,0,0.0769,0.1111,0.0556,0.1667,,,C,◎,◎,0.19,0.6585,0.3188,0.7438,S,94,0,◎1着固定 2-3着流し（5〜8点）,0.5777,"{'is_target': True, 'verdict': '点数絞り', 'max_combo_prob': 0.094, 'est_top_odds': 14.2, 'circle_concentration': 76.1, 'eligible_count': 6, 'bet_adj': 0, 'reason': 'rel_win1=67.3%（本命度） / 最有力組み合わせ確率: 0.094（推定実オッズ?14倍） / 2着集中度: 上位2艇 76.1%（補正+0.04） / 総合判定確率: 0.134 / → ヒモはやや固め。上位2艇以外を切ること', 'tenji_trigger': '展示確認: 1号艇伸び良→そのまま採用。悪→飛び組に差し替え。circle_pct上位2艇に絞り込むこと。\n展示で1号艇スタート超安定(0.129秒)→ヒモ固まり方向に注意'}",,,26,逃げ狙い,15.12,24.8,4,,,,,,,,,,,
2025-06-11,丸亀,12,5,大串重幸,A2,33.97,5,△,2.5656,7.9,65,37.1,0.1653,3.8065,,,0,低,132,0,-,2 52,0,31.6,0.9269,0,0,0,0.0357,0,0.1088,0.0526,0.1193,,,D,,,0.1626,0.6085,,0.7438,S,94,0,◎1着固定 2-3着流し（5〜8点）,0.5777,"{'is_target': True, 'verdict': '点数絞り', 'max_combo_prob': 0.094, 'est_top_odds': 14.2, 'circle_concentration': 76.1, 'eligible_count': 6, 'bet_adj': 0, 'reason': 'rel_win1=67.3%（本命度） / 最有力組み合わせ確率: 0.094（推定実オッズ?14倍） / 2着集中度: 上位2艇 76.1%（補正+0.04） / 総合判定確率: 0.134 / → ヒモはやや固め。上位2艇以外を切ること', 'tenji_trigger': '展示確認: 1号艇伸び良→そのまま採用。悪→飛び組に差し替え。circle_pct上位2艇に絞り込むこと。\n展示で1号艇スタート超安定(0.129秒)→ヒモ固まり方向に注意'}",,,26,逃げ狙い,15.12,24.8,4,,,,,,,,,,,
2025-06-11,丸亀,12,6,中里英夫,B1,45.10,6,▲,0.9796,2.2,95,42.9,0.1929,4.5612,,,0,低,123,0,-,321,0,35.6,1.6825,,,,,,0.1292,0.2458,0.1958,,,A,△,,0.1389,0.641,,0.7438,S,94,0,◎1着固定 2-3着流し（5〜8点）,0.5777,"{'is_target': True, 'verdict': '点数絞り', 'max_combo_prob': 0.094, 'est_top_odds': 14.2, 'circle_concentration': 76.1, 'eligible_count': 6, 'bet_adj': 0, 'reason': 'rel_win1=67.3%（本命度） / 最有力組み合わせ確率: 0.094（推定実オッズ?14倍） / 2着集中度: 上位2艇 76.1%（補正+0.04） / 総合判定確率: 0.134 / → ヒモはやや固め。上位2艇以外を切ること', 'tenji_trigger': '展示確認: 1号艇伸び良→そのまま採用。悪→飛び組に差し替え。circle_pct上位2艇に絞り込むこと。\n展示で1号艇スタート超安定(0.129秒)→ヒモ固まり方向に注意'}",,,26,逃げ狙い,15.12,24.8,4,,,,,,,,,,,
2025-06-12,丸亀,1,1,品川賢次,B1,34.73,1,◎,51.3793,,0,67.4,0.1863,4.0978,,,0,低,141,0,逃0%,3 465,0,51,0.8943,0.2632,,,,,0.3835,0.1489,0.1278,,,C,△,,,0.59,,0.1721,B,52,0,◎○△フォーメーション（15〜20点）,0.5777,"{'is_target': True, 'verdict': '参加推奨', 'max_combo_prob': 0.0652, 'est_top_odds': 20.4, 'circle_concentration': 64.1, 'eligible_count': 9, 'bet_adj': 2, 'reason': 'rel_win1=51.4%（本命度） / 最有力組み合わせ確率: 0.065（推定実オッズ?20倍） / 2着集中度: 上位2艇 64.1%（補正+0.00） / 総合判定確率: 0.065 / → ヒモ分散。1号艇1着固定で広めのヒモ流し推奨（買い目+2点）', 'tenji_trigger': '展示確認: ヒモ分散レース。1号艇伸び確認後、広めのヒモ流しを採用。穴ヒモ（5・6号艇）を積極的に含める。\n展示で1号艇スタート遅め(0.186秒)確認→ヒモが荒れやすい'}",,,37.1,両建て推奨,15.74,41.8,3,2-1-3|2-1-4|2-1-5|2-3-1|2-3-4|2-5-1|2-5-3|1-2-4|1-2-3|1-3-4,2-1-3|2-1-4|2-1-5|2-3-1|2-3-4|2-5-1|2-5-3|1-2-4|5-1-6|1-2-3|1-3-4|5-6-1,2-1-3:3.42%|2-1-4:2.51%|2-1-5:1.24%|2-3-1:1.06%|2-3-4:0.42%|2-5-1:0.42%|2-5-3:0.23%|1-2-4:5.6%|1-2-3:4.92%|1-3-4:3.93%,2-1-3:B_main|2-1-4:B_main|2-1-5:B_main|2-3-1:B_main|2-3-4:B_main|2-5-1:B_main|2-5-3:B_main|1-2-4:A|1-2-3:A|1-3-4:A,10,12,0.2915,1,[!]見送り推奨（主役決まり手「差し」― 逃げ劣勢レースで的中実績なし）,主役軸流し,B
2025-06-12,丸亀,1,2,深川和仁,B1,40.72,2,○,16.7746,39,100,50,0.164,3.76,,,0,低,130,0,-,1 551,0,43.1,1.0484,0,0.0435,0.0435,0,0.0435,0.2,0.0167,0.05,,◎,A,○,,0.5894,0.606,,0.1721,B,52,0,◎○△フォーメーション（15〜20点）,0.5777,"{'is_target': True, 'verdict': '参加推奨', 'max_combo_prob': 0.0652, 'est_top_odds': 20.4, 'circle_concentration': 64.1, 'eligible_count': 9, 'bet_adj': 2, 'reason': 'rel_win1=51.4%（本命度） / 最有力組み合わせ確率: 0.065（推定実オッズ?20倍） / 2着集中度: 上位2艇 64.1%（補正+0.00） / 総合判定確率: 0.065 / → ヒモ分散。1号艇1着固定で広めのヒモ流し推奨（買い目+2点）', 'tenji_trigger': '展示確認: ヒモ分散レース。1号艇伸び確認後、広めのヒモ流しを採用。穴ヒモ（5・6号艇）を積極的に含める。\n展示で1号艇スタート遅め(0.186秒)確認→ヒモが荒れやすい'}",,,37.1,両建て推奨,15.74,41.8,3,,,,,,,,,,,
2025-06-12,丸亀,1,3,高木圭大,B1,25.64,3,,8.1258,25.1,67,36.5,0.1671,3.5673,,,0,低,107,0,-,5 661,0,92.4,1.8725,,,,,,0.0632,0.1842,0.2632,,△,D,○,,0.4455,0.606,,0.1721,B,52,0,◎○△フォーメーション（15〜20点）,0.5777,"{'is_target': True, 'verdict': '参加推奨', 'max_combo_prob': 0.0652, 'est_top_odds': 20.4, 'circle_concentration': 64.1, 'eligible_count': 9, 'bet_adj': 2, 'reason': 'rel_win1=51.4%（本命度） / 最有力組み合わせ確率: 0.065（推定実オッズ?20倍） / 2着集中度: 上位2艇 64.1%（補正+0.00） / 総合判定確率: 0.065 / → ヒモ分散。1号艇1着固定で広めのヒモ流し推奨（買い目+2点）', 'tenji_trigger': '展示確認: ヒモ分散レース。1号艇伸び確認後、広めのヒモ流しを採用。穴ヒモ（5・6号艇）を積極的に含める。\n展示で1号艇スタート遅め(0.186秒)確認→ヒモが荒れやすい'}",,,37.1,両建て推奨,15.74,41.8,3,,,,,,,,,,,
2025-06-12,丸亀,1,4,抹香雄三,B1,25.31,4,△,17.058,19.1,82,42.2,0.1523,3.1831,,,0,低,100,0,ま0%,5 156,0,48.3,1.0728,0,0,0.0968,0,0,0.12,0.24,0.16,,○,E,◎,◎,0.4555,0.6655,0.3483,0.1721,B,52,0,◎○△フォーメーション（15〜20点）,0.5777,"{'is_target': True, 'verdict': '参加推奨', 'max_combo_prob': 0.0652, 'est_top_odds': 20.4, 'circle_concentration': 64.1, 'eligible_count': 9, 'bet_adj': 2, 'reason': 'rel_win1=51.4%（本命度） / 最有力組み合わせ確率: 0.065（推定実オッズ?20倍） / 2着集中度: 上位2艇 64.1%（補正+0.00） / 総合判定確率: 0.065 / → ヒモ分散。1号艇1着固定で広めのヒモ流し推奨（買い目+2点）', 'tenji_trigger': '展示確認: ヒモ分散レース。1号艇伸び確認後、広めのヒモ流しを採用。穴ヒモ（5・6号艇）を積極的に含める。\n展示で1号艇スタート遅め(0.186秒)確認→ヒモが荒れやすい'}",,,37.1,両建て推奨,15.74,41.8,3,,,,,,,,,,,
2025-06-12,丸亀,1,5,赤峰和也,B1,38.32,5,▲,5.1736,12.3,57,28.6,0.1539,3.4464,,,0,低,121,0,-,6 454,0,33.7,0.8417,,,,,,0.4111,0.1889,0.3111,,,B,,,0.4365,0.5725,,0.1721,B,52,0,◎○△フォーメーション（15〜20点）,0.5777,"{'is_target': True, 'verdict': '参加推奨', 'max_combo_prob': 0.0652, 'est_top_odds': 20.4, 'circle_concentration': 64.1, 'eligible_count': 9, 'bet_adj': 2, 'reason': 'rel_win1=51.4%（本命度） / 最有力組み合わせ確率: 0.065（推定実オッズ?20倍） / 2着集中度: 上位2艇 64.1%（補正+0.00） / 総合判定確率: 0.065 / → ヒモ分散。1号艇1着固定で広めのヒモ流し推奨（買い目+2点）', 'tenji_trigger': '展示確認: ヒモ分散レース。1号艇伸び確認後、広めのヒモ流しを採用。穴ヒモ（5・6号艇）を積極的に含める。\n展示で1号艇スタート遅め(0.186秒)確認→ヒモが荒れやすい'}",,,37.1,両建て推奨,15.74,41.8,3,,,,,,,,,,,
2025-06-12,丸亀,1,6,菊池峰晴,B1,32.74,6,,1.4887,4.5,46,24.4,0.219,4.8902,,,0,低,151,0,-,2 623,0,26.4,0.9781,,,,,,0.2,0.2,0.3,,,C,△,,0.2283,0.593,,0.1721,B,52,0,◎○△フォーメーション（15〜20点）,0.5777,"{'is_target': True, 'verdict': '参加推奨', 'max_combo_prob': 0.0652, 'est_top_odds': 20.4, 'circle_concentration': 64.1, 'eligible_count': 9, 'bet_adj': 2, 'reason': 'rel_win1=51.4%（本命度） / 最有力組み合わせ確率: 0.065（推定実オッズ?20倍） / 2着集中度: 上位2艇 64.1%（補正+0.00） / 総合判定確率: 0.065 / → ヒモ分散。1号艇1着固定で広めのヒモ流し推奨（買い目+2点）', 'tenji_trigger': '展示確認: ヒモ分散レース。1号艇伸び確認後、広めのヒモ流しを採用。穴ヒモ（5・6号艇）を積極的に含める。\n展示で1号艇スタート遅め(0.186秒)確認→ヒモが荒れやすい'}",,,37.1,両建て推奨,15.74,41.8,3,,,,,,,,,,,
2025-06-12,丸亀,2,1,貫地谷直,B1,26.99,1,○,42.5455,,0,40.9,0.1943,4.0455,,,0,低,204,0,逃0%,555 65,0,100,1.9876,0.0476,,,,,0.0571,0.6214,0.2643,,,D,,,,0.5725,,0.1087,D,33,1,大荒れ。見送り推奨,0.5777,"{'is_target': False, 'verdict': '対象外', 'max_combo_prob': None, 'est_top_odds': None, 'circle_concentration': None, 'eligible_count': 0, 'bet_adj': 0, 'reason': '1号艇rel_win1 < 45%: 通常判定に委ねる', 'tenji_trigger': ''}",,,37.9,両建て推奨,15.51,44.1,3,3-1-4|3-1-5|3-4-1|3-1-6|3-4-5|3-5-1|3-5-4|1-2-4|1-2-3|1-3-4,3-1-4|3-1-5|3-4-1|3-1-6|3-4-5|3-5-1|3-5-4|6-1-2|1-2-4|1-2-3|6-1-4|1-3-4,3-1-4:3.93%|3-1-5:1.52%|3-4-1:1.42%|3-1-6:0.71%|3-4-5:0.35%|3-5-1:0.33%|3-5-4:0.21%|1-2-4:4.93%|1-2-3:4.72%|1-3-4:4.47%,3-1-4:B_main|3-1-5:B_main|3-4-1:B_main|3-1-6:B_main|3-4-5:B_main|3-5-1:B_main|3-5-4:B_main|1-2-4:A|1-2-3:A|1-3-4:A,10,12,0.2915,1,[!]見送り推奨（主役決まり手「まくり差し」― 逃げ劣勢レースで的中実績なし）,主役軸流し,B
2025-06-12,丸亀,2,2,岡田憲行,A2,29.94,2,▲,14.0223,48.3,100,68.4,0.1879,4.3618,,,0,低,196,0,-,34362,0,40.1,0.6562,0,0.0303,0.0303,0,0,0.0111,0.0444,0.1978,,,C,△,,0.378,0.5985,,0.1087,D,33,1,大荒れ。見送り推奨,0.5777,"{'is_target': False, 'verdict': '対象外', 'max_combo_prob': None, 'est_top_odds': None, 'circle_concentration': None, 'eligible_count': 0, 'bet_adj': 0, 'reason': '1号艇rel_win1 < 45%: 通常判定に委ねる', 'tenji_trigger': ''}",,,37.9,両建て推奨,15.51,44.1,3,,,,,,,,,,,
2025-06-12,丸亀,2,3,西川新太,B1,32.30,3,◎,19.8945,34.2,68,57.6,0.141,2.9153,,,0,低,96,0,-,5 233,0,59.5,1.3537,,,,,,0.26,0.24,0.2,,◎,B,◎,,0.548,0.6235,,0.1087,D,33,1,大荒れ。見送り推奨,0.5777,"{'is_target': False, 'verdict': '対象外', 'max_combo_prob': None, 'est_top_odds': None, 'circle_concentration': None, 'eligible_count': 0, 'bet_adj': 0, 'reason': '1号艇rel_win1 < 45%: 通常判定に委ねる', 'tenji_trigger': ''}",,,37.9,両建て推奨,15.51,44.1,3,,,,,,,,,,,
2025-06-12,丸亀,2,4,芦澤　望,A2,25.17,4,,14.1105,12.5,64,48.3,0.1697,3.3167,,,0,低,106,0,ま1%,1 3343,0,31.8,0.713,0,0.0357,0.0357,0.0357,0,0,0.1286,0.1886,,○,E,△,◎,0.4732,0.589,0.3572,0.1087,D,33,1,大荒れ。見送り推奨,0.5777,"{'is_target': False, 'verdict': '対象外', 'max_combo_prob': None, 'est_top_odds': None, 'circle_concentration': None, 'eligible_count': 0, 'bet_adj': 0, 'reason': '1号艇rel_win1 < 45%: 通常判定に委ねる', 'tenji_trigger': ''}",,,37.9,両建て推奨,15.51,44.1,3,,,,,,,,,,,
2025-06-12,丸亀,2,5,岡本慎治,B1,29.82,5,,6.2373,4.8,66,31.8,0.1741,3.8182,,,0,低,107,0,-,444 16,0,22.5,0.8436,,,,,,0.4053,0.0421,0.2132,,△,C,○,,0.4707,0.611,,0.1087,D,33,1,大荒れ。見送り推奨,0.5777,"{'is_target': False, 'verdict': '対象外', 'max_combo_prob': None, 'est_top_odds': None, 'circle_concentration': None, 'eligible_count': 0, 'bet_adj': 0, 'reason': '1号艇rel_win1 < 45%: 通常判定に委ねる', 'tenji_trigger': ''}",,,37.9,両建て推奨,15.51,44.1,3,,,,,,,,,,,
2025-06-12,丸亀,2,6,日高龍之,B2,34.34,6,△,3.1898,0.3,12,3.3,0.2102,4.5656,,,0,低,49,0,-,666 55,0,22.5,0.5644,0,0,0,0.0164,0,,,,,,B,,,0.3169,0.529,,0.1087,D,33,1,大荒れ。見送り推奨,0.5777,"{'is_target': False, 'verdict': '対象外', 'max_combo_prob': None, 'est_top_odds': None, 'circle_concentration': None, 'eligible_count': 0, 'bet_adj': 0, 'reason': '1号艇rel_win1 < 45%: 通常判定に委ねる', 'tenji_trigger': ''}",,,37.9,両建て推奨,15.51,44.1,3,,,,,,,,,,,
2025-06-12,丸亀,3,1,近藤稔也,B1,34.64,1,○,40.4816,,0,52.7,0.2005,4.4091,,,0,低,180,0,-,345 56,0,100,2.9663,0.2,,,,,0.368,0.32,0.064,,,C,△,,,0.609,,0.1011,D,31,1,大荒れ。見送り推奨,0.5777,"{'is_target': False, 'verdict': '対象外', 'max_combo_prob': None, 'est_top_odds': None, 'circle_concentration': None, 'eligible_count': 0, 'bet_adj': 0, 'reason': '1号艇rel_win1 < 45%: 通常判定に委ねる', 'tenji_trigger': ''}",,,39,両建て推奨,19.93,43.5,2,2-1-3|2-1-4|2-3-1|2-1-5|2-3-4|2-4-1|2-4-3|1-2-3|1-2-4|1-3-2,2-1-3|2-1-4|2-3-1|2-1-5|2-3-4|2-4-1|2-4-3|6-1-3|1-2-3|1-2-4|1-3-2|6-3-1,2-1-3:4.47%|2-1-4:1.85%|2-3-1:1.35%|2-1-5:0.7%|2-3-4:0.39%|2-4-1:0.28%|2-4-3:0.19%|1-2-3:6.31%|1-2-4:5.08%|1-3-2:4.36%,2-1-3:B_main|2-1-4:B_main|2-3-1:B_main|2-1-5:B_main|2-3-4:B_main|2-4-1:B_main|2-4-3:B_main|1-2-3:A|1-2-4:A|1-3-2:A,10,12,0.2915,1,[!]見送り推奨（主役決まり手「差し」― 逃げ劣勢レースで的中実績なし）,主役軸流し,B
2025-06-12,丸亀,3,2,本多宏和,A1,36.36,2,◎,24.49,52.3,62,60.5,0.155,3.5921,,,0,低,73,0,差1%,1 6411,0,43.9,0.9943,0,0.1333,0.0667,0,0,0.1111,0.0556,0.1667,,◎,B,◎,,0.6334,0.6585,,0.1011,D,31,1,大荒れ。見送り推奨,0.5777,"{'is_target': False, 'verdict': '対象外', 'max_combo_prob': None, 'est_top_odds': None, 'circle_concentration': None, 'eligible_count': 0, 'bet_adj': 0, 'reason': '1号艇rel_win1 < 45%: 通常判定に委ねる', 'tenji_trigger': ''}",,,39,両建て推奨,19.93,43.5,2,,,,,,,,,,,
2025-06-12,丸亀,3,3,亀山雅幸,A2,30.99,3,▲,20.8016,34.6,100,70.2,0.1584,2.7105,,,0,低,154,0,差0% ま0% 差ま0%,322 44,0,68,1.5404,0,0.0417,0.0417,0.1667,0,0.0944,0.1222,0.0944,,○,D,△,,0.5404,0.6195,,0.1011,D,31,1,大荒れ。見送り推奨,0.5777,"{'is_target': False, 'verdict': '対象外', 'max_combo_prob': None, 'est_top_odds': None, 'circle_concentration': None, 'eligible_count': 0, 'bet_adj': 0, 'reason': '1号艇rel_win1 < 45%: 通常判定に委ねる', 'tenji_trigger': ''}",,,39,両建て推奨,19.93,43.5,2,,,,,,,,,,,
2025-06-12,丸亀,3,4,多羅尾達,B1,34.97,4,,7.705,11,89,35.9,0.1685,3.4872,,,0,低,76,0,-,6 354,0,34.8,0.8009,,,,,,0.0941,0,0.4176,,△,C,,,0.4819,0.5115,,0.1011,D,31,1,大荒れ。見送り推奨,0.5777,"{'is_target': False, 'verdict': '対象外', 'max_combo_prob': None, 'est_top_odds': None, 'circle_concentration': None, 'eligible_count': 0, 'bet_adj': 0, 'reason': '1号艇rel_win1 < 45%: 通常判定に委ねる', 'tenji_trigger': ''}",,,39,両建て推奨,19.93,43.5,2,,,,,,,,,,,
2025-06-12,丸亀,3,5,金子順一,B1,37.57,5,△,4.3001,1.8,36,6.1,0.198,4.6327,,,0,低,148,0,-,6 146,0,24.1,0.6355,,,,,,0.38,0.18,0.064,,,B,○,,0.3659,0.6315,,0.1011,D,31,1,大荒れ。見送り推奨,0.5777,"{'is_target': False, 'verdict': '対象外', 'max_combo_prob': None, 'est_top_odds': None, 'circle_concentration': None, 'eligible_count': 0, 'bet_adj': 0, 'reason': '1号艇rel_win1 < 45%: 通常判定に委ねる', 'tenji_trigger': ''}",,,39,両建て推奨,19.93,43.5,2,,,,,,,,,,,
2025-06-12,丸亀,3,6,出畑孝成,B2,30.86,6,,2.2217,0.3,14,7.4,0.1971,4.4221,,,0,低,89,0,-,655 5S,0,24.1,0.5461,0,0,0,0,0.0303,,,,,,D,,,0.3688,0.542,,0.1011,D,31,1,大荒れ。見送り推奨,0.5777,"{'is_target': False, 'verdict': '対象外', 'max_combo_prob': None, 'est_top_odds': None, 'circle_concentration': None, 'eligible_count': 0, 'bet_adj': 0, 'reason': '1号艇rel_win1 < 45%: 通常判定に委ねる', 'tenji_trigger': ''}",,,39,両建て推奨,19.93,43.5,2,,,,,,,,,,,
2025-06-12,丸亀,4,1,東　健介,B1,38.75,1,○,35.7336,,0,56.8,0.1668,3.5811,,,0,低,99,0,-,255 46,0,90.9,1.2271,0.1667,,,,,0.0667,0.1556,0.5389,△,,C,△,,,0.631,,0.2406,D,23,1,大荒れ。見送り推奨,0.5777,"{'is_target': False, 'verdict': '対象外', 'max_combo_prob': None, 'est_top_odds': None, 'circle_concentration': None, 'eligible_count': 0, 'bet_adj': 0, 'reason': '1号艇rel_win1 < 45%: 通常判定に委ねる', 'tenji_trigger': ''}",,,31.9,両建て推奨,23.14,34.8,3,2-1-3|1-2-5|1-2-6|1-3-2|1-3-5|1-3-6,6-1-3|2-1-3|6-3-1|6-1-4|3-5-4|3-4-5|6-4-1|1-2-5|1-2-6|1-3-2|1-3-5|1-3-6,2-1-3:4.1%|1-2-5:7.82%|1-2-6:7.47%|1-3-2:5.16%|1-3-5:4.69%|1-3-6:4.49%,2-1-3:B_main|1-2-5:A|1-2-6:A|1-3-2:A|1-3-5:A|1-3-6:A,6,12,0.4535,1,[!]見送り推奨（主役決まり手「差し」― 逃げ劣勢レースで的中実績なし）,荒れ広め,D
2025-06-12,丸亀,4,2,西野翔太,A2,33.33,2,△,19.9261,48.9,98,73.9,0.1395,3,,,0,低,72,0,-,224 34,0,41.4,0.9888,0,0.1562,0.0625,0,0,0.1556,0.0918,0.0465,,◎,E,△,,0.5931,0.6405,,0.2406,D,23,1,大荒れ。見送り推奨,0.5777,"{'is_target': False, 'verdict': '対象外', 'max_combo_prob': None, 'est_top_odds': None, 'circle_concentration': None, 'eligible_count': 0, 'bet_adj': 0, 'reason': '1号艇rel_win1 < 45%: 通常判定に委ねる', 'tenji_trigger': ''}",,,31.9,両建て推奨,23.14,34.8,3,,,,,,,,,,,
2025-06-12,丸亀,4,3,田中和也,A1,46.58,3,◎,23.7609,30,78,68.5,0.1654,3.3333,,,0,低,135,0,差ま0% 抜0%,14341,0,48.9,0.8437,0,0.037,0.037,0.0741,0.1481,0.0455,0.0273,0.1145,,,B,,,0.3159,0.62,,0.2406,D,23,1,大荒れ。見送り推奨,0.5777,"{'is_target': False, 'verdict': '対象外', 'max_combo_prob': None, 'est_top_odds': None, 'circle_concentration': None, 'eligible_count': 0, 'bet_adj': 0, 'reason': '1号艇rel_win1 < 45%: 通常判定に委ねる', 'tenji_trigger': ''}",,,31.9,両建て推奨,23.14,34.8,3,,,,,,,,,,,
2025-06-12,丸亀,4,4,中里英夫,B1,45.10,4,,8.5215,10.8,100,45.3,0.1851,4.4906,,,0,低,123,0,差0% 差ま0%,321 32,0,37.3,0.9617,0,0.0769,0,0.0385,0,0.1292,0.2458,0.1958,,,B,○,,0.2411,0.641,,0.2406,D,23,1,大荒れ。見送り推奨,0.5777,"{'is_target': False, 'verdict': '対象外', 'max_combo_prob': None, 'est_top_odds': None, 'circle_concentration': None, 'eligible_count': 0, 'bet_adj': 0, 'reason': '1号艇rel_win1 < 45%: 通常判定に委ねる', 'tenji_trigger': ''}",,,31.9,両建て推奨,23.14,34.8,3,,,,,,,,,,,
2025-06-12,丸亀,4,5,木場悠介,B1,38.51,5,,7.8179,6.9,61,34.8,0.1633,3.5606,,,0,低,101,0,-,6 253,0,32,0.8052,0,0,0,0.0333,0,0.032,0.132,0.244,,,D,◎,○,0.3157,0.652,0.256,0.2406,D,23,1,大荒れ。見送り推奨,0.5777,"{'is_target': False, 'verdict': '対象外', 'max_combo_prob': None, 'est_top_odds': None, 'circle_concentration': None, 'eligible_count': 0, 'bet_adj': 0, 'reason': '1号艇rel_win1 < 45%: 通常判定に委ねる', 'tenji_trigger': ''}",,,31.9,両建て推奨,23.14,34.8,3,,,,,,,,,,,
2025-06-12,丸亀,4,6,石井伸長,B1,44.71,6,▲,4.24,3.4,46,23.5,0.1533,3.4847,,,0,低,79,0,差ま0%,3 223,0,26,1.1192,0,0.027,0.027,0.0811,0,0,0.5,0.25,,,C,,◎,0.3608,0.5655,0.3207,0.2406,D,23,1,大荒れ。見送り推奨,0.5777,"{'is_target': False, 'verdict': '対象外', 'max_combo_prob': None, 'est_top_odds': None, 'circle_concentration': None, 'eligible_count': 0, 'bet_adj': 0, 'reason': '1号艇rel_win1 < 45%: 通常判定に委ねる', 'tenji_trigger': ''}",,,31.9,両建て推奨,23.14,34.8,3,,,,,,,,,,,
2025-06-12,丸亀,5,1,和合俊介,B1,28.66,1,◎,45.8008,,0,57.9,0.1463,3.0395,,,0,低,102,0,逃0%,546 66,0,58.6,0.7747,0.1333,,,,,0.3333,0.5333,0.08,○,,D,△,,,0.6265,,0.3828,B,46,0,◎○△フォーメーション（15〜20点）,0.5777,"{'is_target': True, 'verdict': '参加推奨', 'max_combo_prob': 0.0643, 'est_top_odds': 20.7, 'circle_concentration': 67.4, 'eligible_count': 9, 'bet_adj': 2, 'reason': 'rel_win1=45.8%（本命度） / 最有力組み合わせ確率: 0.064（推定実オッズ?21倍） / 2着集中度: 上位2艇 67.4%（補正+0.00） / 総合判定確率: 0.064 / → ヒモ分散。1号艇1着固定で広めのヒモ流し推奨（買い目+2点）', 'tenji_trigger': '展示確認: ヒモ分散レース。1号艇伸び確認後、広めのヒモ流しを採用。穴ヒモ（5・6号艇）を積極的に含める。'}",,,31.5,両建て推奨,10.55,44.4,2,,,,,0,0,0.6155,0,,主役軸流し,B
2025-06-12,丸亀,5,2,赤羽克也,A2,26.95,2,,17.6924,40.1,70,59.7,0.1658,3.7708,,,0,低,137,0,-,541 45,0,81.3,1.4231,0,0.0968,0,0,0.0323,0.2828,0.1885,0.0138,,,E,△,,0.1764,0.633,,0.3828,B,46,0,◎○△フォーメーション（15〜20点）,0.5777,"{'is_target': True, 'verdict': '参加推奨', 'max_combo_prob': 0.0643, 'est_top_odds': 20.7, 'circle_concentration': 67.4, 'eligible_count': 9, 'bet_adj': 2, 'reason': 'rel_win1=45.8%（本命度） / 最有力組み合わせ確率: 0.064（推定実オッズ?21倍） / 2着集中度: 上位2艇 67.4%（補正+0.00） / 総合判定確率: 0.064 / → ヒモ分散。1号艇1着固定で広めのヒモ流し推奨（買い目+2点）', 'tenji_trigger': '展示確認: ヒモ分散レース。1号艇伸び確認後、広めのヒモ流しを採用。穴ヒモ（5・6号艇）を積極的に含める。'}",,,31.5,両建て推奨,10.55,44.4,2,,,,,,,,,,,
2025-06-12,丸亀,5,3,山地正樹,B1,40.85,3,▲,10.4921,19.6,59,38.9,0.1653,3.5972,,,0,低,88,0,差ま0%,1 415,0,59.5,1.1446,0,0,0,0.0741,0.037,0.2091,0.1545,0.1364,,,B,◎,,0.2655,0.642,,0.3828,B,46,0,◎○△フォーメーション（15〜20点）,0.5777,"{'is_target': True, 'verdict': '参加推奨', 'max_combo_prob': 0.0643, 'est_top_odds': 20.7, 'circle_concentration': 67.4, 'eligible_count': 9, 'bet_adj': 2, 'reason': 'rel_win1=45.8%（本命度） / 最有力組み合わせ確率: 0.064（推定実オッズ?21倍） / 2着集中度: 上位2艇 67.4%（補正+0.00） / 総合判定確率: 0.064 / → ヒモ分散。1号艇1着固定で広めのヒモ流し推奨（買い目+2点）', 'tenji_trigger': '展示確認: ヒモ分散レース。1号艇伸び確認後、広めのヒモ流しを採用。穴ヒモ（5・6号艇）を積極的に含める。'}",,,31.5,両建て推奨,10.55,44.4,2,,,,,,,,,,,
2025-06-12,丸亀,5,4,近江翔吾,A1,40.96,4,○,18.8273,27.2,100,77.4,0.1394,2.934,,,0,低,52,0,差0%,312 14,0,85.8,1.4628,0,0.037,0.0741,0,0,0.0811,0.0541,0.027,,◎,B,○,◎,0.4011,0.6415,0.4732,0.3828,B,46,0,◎○△フォーメーション（15〜20点）,0.5777,"{'is_target': True, 'verdict': '参加推奨', 'max_combo_prob': 0.0643, 'est_top_odds': 20.7, 'circle_concentration': 67.4, 'eligible_count': 9, 'bet_adj': 2, 'reason': 'rel_win1=45.8%（本命度） / 最有力組み合わせ確率: 0.064（推定実オッズ?21倍） / 2着集中度: 上位2艇 67.4%（補正+0.00） / 総合判定確率: 0.064 / → ヒモ分散。1号艇1着固定で広めのヒモ流し推奨（買い目+2点）', 'tenji_trigger': '展示確認: ヒモ分散レース。1号艇伸び確認後、広めのヒモ流しを採用。穴ヒモ（5・6号艇）を積極的に含める。'}",,,31.5,両建て推奨,10.55,44.4,2,,,,,,,,,,,
2025-06-12,丸亀,5,5,興津　藍,B1,30.59,5,,5.6264,11.7,84,55.8,0.1717,4.0962,,,0,低,133,0,-,2 341,0,47.9,0.8126,0,0,0.0435,0,0,0.1562,0.0343,0.179,,,D,,,0.2858,0.6195,,0.3828,B,46,0,◎○△フォーメーション（15〜20点）,0.5777,"{'is_target': True, 'verdict': '参加推奨', 'max_combo_prob': 0.0643, 'est_top_odds': 20.7, 'circle_concentration': 67.4, 'eligible_count': 9, 'bet_adj': 2, 'reason': 'rel_win1=45.8%（本命度） / 最有力組み合わせ確率: 0.064（推定実オッズ?21倍） / 2着集中度: 上位2艇 67.4%（補正+0.00） / 総合判定確率: 0.064 / → ヒモ分散。1号艇1着固定で広めのヒモ流し推奨（買い目+2点）', 'tenji_trigger': '展示確認: ヒモ分散レース。1号艇伸び確認後、広めのヒモ流しを採用。穴ヒモ（5・6号艇）を積極的に含める。'}",,,31.5,両建て推奨,10.55,44.4,2,,,,,,,,,,,
2025-06-12,丸亀,5,6,森作広大,B1,52.20,6,△,1.561,1.3,43,6.2,0.2359,5.375,,,0,低,96,0,-,165 22,0,28.8,0.5461,,,,,,0.5412,0,0.1412,,,A,,,0.2182,0.596,,0.3828,B,46,0,◎○△フォーメーション（15〜20点）,0.5777,"{'is_target': True, 'verdict': '参加推奨', 'max_combo_prob': 0.0643, 'est_top_odds': 20.7, 'circle_concentration': 67.4, 'eligible_count': 9, 'bet_adj': 2, 'reason': 'rel_win1=45.8%（本命度） / 最有力組み合わせ確率: 0.064（推定実オッズ?21倍） / 2着集中度: 上位2艇 67.4%（補正+0.00） / 総合判定確率: 0.064 / → ヒモ分散。1号艇1着固定で広めのヒモ流し推奨（買い目+2点）', 'tenji_trigger': '展示確認: ヒモ分散レース。1号艇伸び確認後、広めのヒモ流しを採用。穴ヒモ（5・6号艇）を積極的に含める。'}",,,31.5,両建て推奨,10.55,44.4,2,,,,,,,,,,,
2025-06-12,丸亀,6,1,藤田浩人,A2,30.11,1,◎,58.5621,,0,90.3,0.1491,2.9731,,,0,低,147,0,-,434 25,0,75.5,0.9812,0.7273,,,,,0.1,0.0273,0.0182,◎,,D,○,,,0.653,,0.5354,S,92,0,◎1着固定 2-3着流し（5〜8点）,0.5777,"{'is_target': True, 'verdict': '参加推奨', 'max_combo_prob': 0.107, 'est_top_odds': 12.5, 'circle_concentration': 63.4, 'eligible_count': 6, 'bet_adj': 2, 'reason': 'rel_win1=58.6%（本命度） / 最有力組み合わせ確率: 0.107（推定実オッズ?12倍） / 2着集中度: 上位2艇 63.4%（補正+0.00） / 総合判定確率: 0.107 / → ヒモ分散。1号艇1着固定で広めのヒモ流し推奨（買い目+2点）', 'tenji_trigger': '展示確認: ヒモ分散レース。1号艇伸び確認後、広めのヒモ流しを採用。穴ヒモ（5・6号艇）を積極的に含める。'}",,,25.7,逃げ狙い,13.43,25.3,4,,,,,0,0,0.7559,0,,逃げ軸流し,A
2025-06-12,丸亀,6,2,赤峰和也,B1,38.32,2,,9.8837,21.9,100,46.6,0.1886,4.0603,,,0,低,121,0,-,6 454,0,20.3,0.6916,0,0.04,0.04,0,0,0.4111,0.1889,0.3111,,,B,,,0.073,0.5725,,0.5354,S,92,0,◎1着固定 2-3着流し（5〜8点）,0.5777,"{'is_target': True, 'verdict': '参加推奨', 'max_combo_prob': 0.107, 'est_top_odds': 12.5, 'circle_concentration': 63.4, 'eligible_count': 6, 'bet_adj': 2, 'reason': 'rel_win1=58.6%（本命度） / 最有力組み合わせ確率: 0.107（推定実オッズ?12倍） / 2着集中度: 上位2艇 63.4%（補正+0.00） / 総合判定確率: 0.107 / → ヒモ分散。1号艇1着固定で広めのヒモ流し推奨（買い目+2点）', 'tenji_trigger': '展示確認: ヒモ分散レース。1号艇伸び確認後、広めのヒモ流しを採用。穴ヒモ（5・6号艇）を積極的に含める。'}",,,25.7,逃げ狙い,13.43,25.3,4,,,,,,,,,,,
2025-06-12,丸亀,6,3,大串重幸,A2,33.97,3,○,10.525,41.3,64,70.8,0.1388,3.0615,,,0,低,132,0,-,2 5213,0,37.6,0.799,0,0,0.08,0.04,0,0.1088,0.0526,0.1193,,◎,C,△,,0.3557,0.6085,,0.5354,S,92,0,◎1着固定 2-3着流し（5〜8点）,0.5777,"{'is_target': True, 'verdict': '参加推奨', 'max_combo_prob': 0.107, 'est_top_odds': 12.5, 'circle_concentration': 63.4, 'eligible_count': 6, 'bet_adj': 2, 'reason': 'rel_win1=58.6%（本命度） / 最有力組み合わせ確率: 0.107（推定実オッズ?12倍） / 2着集中度: 上位2艇 63.4%（補正+0.00） / 総合判定確率: 0.107 / → ヒモ分散。1号艇1着固定で広めのヒモ流し推奨（買い目+2点）', 'tenji_trigger': '展示確認: ヒモ分散レース。1号艇伸び確認後、広めのヒモ流しを採用。穴ヒモ（5・6号艇）を積極的に含める。'}",,,25.7,逃げ狙い,13.43,25.3,4,,,,,,,,,,,
2025-06-12,丸亀,6,4,山本寛久,A1,31.29,4,△,13.7174,22.1,51,64.1,0.1649,3.2308,,,0,低,77,0,ま0% 差ま0% 抜0%,163 22,0,85.9,1.4643,0,0,0.0455,0.0909,0.0455,0.0222,0.0444,0.2056,,,D,△,◎,0.2409,0.6225,0.357,0.5354,S,92,0,◎1着固定 2-3着流し（5〜8点）,0.5777,"{'is_target': True, 'verdict': '参加推奨', 'max_combo_prob': 0.107, 'est_top_odds': 12.5, 'circle_concentration': 63.4, 'eligible_count': 6, 'bet_adj': 2, 'reason': 'rel_win1=58.6%（本命度） / 最有力組み合わせ確率: 0.107（推定実オッズ?12倍） / 2着集中度: 上位2艇 63.4%（補正+0.00） / 総合判定確率: 0.107 / → ヒモ分散。1号艇1着固定で広めのヒモ流し推奨（買い目+2点）', 'tenji_trigger': '展示確認: ヒモ分散レース。1号艇伸び確認後、広めのヒモ流しを採用。穴ヒモ（5・6号艇）を積極的に含める。'}",,,25.7,逃げ狙い,13.43,25.3,4,,,,,,,,,,,
2025-06-12,丸亀,6,5,井上尚悟,B1,44.38,5,▲,6.2537,10.4,49,30,0.1741,3.9286,,,0,低,157,0,差ま1%,451 22,0,32,0.7595,0,0,0.0385,0.0769,0,0.1832,0.0842,0.1621,,,A,,,0.218,0.593,,0.5354,S,92,0,◎1着固定 2-3着流し（5〜8点）,0.5777,"{'is_target': True, 'verdict': '参加推奨', 'max_combo_prob': 0.107, 'est_top_odds': 12.5, 'circle_concentration': 63.4, 'eligible_count': 6, 'bet_adj': 2, 'reason': 'rel_win1=58.6%（本命度） / 最有力組み合わせ確率: 0.107（推定実オッズ?12倍） / 2着集中度: 上位2艇 63.4%（補正+0.00） / 総合判定確率: 0.107 / → ヒモ分散。1号艇1着固定で広めのヒモ流し推奨（買い目+2点）', 'tenji_trigger': '展示確認: ヒモ分散レース。1号艇伸び確認後、広めのヒモ流しを採用。穴ヒモ（5・6号艇）を積極的に含める。'}",,,25.7,逃げ狙い,13.43,25.3,4,,,,,,,,,,,
2025-06-12,丸亀,6,6,岡谷健吾,B1,30.18,6,,1.0581,4.3,26,17.9,0.1757,4.3304,,,0,低,180,0,-,442 23,0,40.7,0.8556,,,,,,0.1444,0.1296,0.1593,,,D,◎,,0.2318,0.69,,0.5354,S,92,0,◎1着固定 2-3着流し（5〜8点）,0.5777,"{'is_target': True, 'verdict': '参加推奨', 'max_combo_prob': 0.107, 'est_top_odds': 12.5, 'circle_concentration': 63.4, 'eligible_count': 6, 'bet_adj': 2, 'reason': 'rel_win1=58.6%（本命度） / 最有力組み合わせ確率: 0.107（推定実オッズ?12倍） / 2着集中度: 上位2艇 63.4%（補正+0.00） / 総合判定確率: 0.107 / → ヒモ分散。1号艇1着固定で広めのヒモ流し推奨（買い目+2点）', 'tenji_trigger': '展示確認: ヒモ分散レース。1号艇伸び確認後、広めのヒモ流しを採用。穴ヒモ（5・6号艇）を積極的に含める。'}",,,25.7,逃げ狙い,13.43,25.3,4,,,,,,,,,,,
2025-06-12,丸亀,7,1,多羅尾達,B1,34.97,1,◎,52.8377,,0,66.7,0.1474,3.0897,,,0,低,76,0,逃0%,6 354,0,59.1,0.8926,0.2941,,,,,0.0941,0,0.4176,○,,B,,,,0.5115,,0.3819,B,54,0,◎○△フォーメーション（15〜20点）,0.5777,"{'is_target': True, 'verdict': '参加推奨', 'max_combo_prob': 0.0864, 'est_top_odds': 15.4, 'circle_concentration': 68.4, 'eligible_count': 9, 'bet_adj': 2, 'reason': 'rel_win1=52.8%（本命度） / 最有力組み合わせ確率: 0.086（推定実オッズ?15倍） / 2着集中度: 上位2艇 68.4%（補正+0.00） / 総合判定確率: 0.086 / → ヒモ分散。1号艇1着固定で広めのヒモ流し推奨（買い目+2点）', 'tenji_trigger': '展示確認: ヒモ分散レース。1号艇伸び確認後、広めのヒモ流しを採用。穴ヒモ（5・6号艇）を積極的に含める。'}",,,28.1,両建て推奨,15.9,30.3,4,,,,,0,0,0.6155,0,,逃げ軸流し,A
2025-06-12,丸亀,7,2,高木圭大,B1,25.64,2,,9.6737,24.4,64,24.6,0.1854,3.9754,,,0,低,107,0,-,5 661,0,100,2.2171,,,,,,0.0632,0.1842,0.2632,,,E,△,,0.0916,0.606,,0.3819,B,54,0,◎○△フォーメーション（15〜20点）,0.5777,"{'is_target': True, 'verdict': '参加推奨', 'max_combo_prob': 0.0864, 'est_top_odds': 15.4, 'circle_concentration': 68.4, 'eligible_count': 9, 'bet_adj': 2, 'reason': 'rel_win1=52.8%（本命度） / 最有力組み合わせ確率: 0.086（推定実オッズ?15倍） / 2着集中度: 上位2艇 68.4%（補正+0.00） / 総合判定確率: 0.086 / → ヒモ分散。1号艇1着固定で広めのヒモ流し推奨（買い目+2点）', 'tenji_trigger': '展示確認: ヒモ分散レース。1号艇伸び確認後、広めのヒモ流しを採用。穴ヒモ（5・6号艇）を積極的に含める。'}",,,28.1,両建て推奨,15.9,30.3,4,,,,,,,,,,,
2025-06-12,丸亀,7,3,貫地谷直,B1,26.99,3,,7.3827,18.3,100,34.8,0.2258,4.4545,,,0,低,204,0,-,555 65,0,14.4,0.6775,,,,,,0.0571,0.6214,0.2643,,,D,,,0.1406,0.5725,,0.3819,B,54,0,◎○△フォーメーション（15〜20点）,0.5777,"{'is_target': True, 'verdict': '参加推奨', 'max_combo_prob': 0.0864, 'est_top_odds': 15.4, 'circle_concentration': 68.4, 'eligible_count': 9, 'bet_adj': 2, 'reason': 'rel_win1=52.8%（本命度） / 最有力組み合わせ確率: 0.086（推定実オッズ?15倍） / 2着集中度: 上位2艇 68.4%（補正+0.00） / 総合判定確率: 0.086 / → ヒモ分散。1号艇1着固定で広めのヒモ流し推奨（買い目+2点）', 'tenji_trigger': '展示確認: ヒモ分散レース。1号艇伸び確認後、広めのヒモ流しを採用。穴ヒモ（5・6号艇）を積極的に含める。'}",,,28.1,両建て推奨,15.9,30.3,4,,,,,,,,,,,
2025-06-12,丸亀,7,4,海野康志,A1,44.91,4,○,17.7055,44,79,72.2,0.155,3.3056,,,0,低,38,0,差0%,13113,0,54.5,1.0987,0,0.0588,0.0588,0.0588,0,0,0.0387,0.2516,,,A,△,○,0.264,0.6265,0.3832,0.3819,B,54,0,◎○△フォーメーション（15〜20点）,0.5777,"{'is_target': True, 'verdict': '参加推奨', 'max_combo_prob': 0.0864, 'est_top_odds': 15.4, 'circle_concentration': 68.4, 'eligible_count': 9, 'bet_adj': 2, 'reason': 'rel_win1=52.8%（本命度） / 最有力組み合わせ確率: 0.086（推定実オッズ?15倍） / 2着集中度: 上位2艇 68.4%（補正+0.00） / 総合判定確率: 0.086 / → ヒモ分散。1号艇1着固定で広めのヒモ流し推奨（買い目+2点）', 'tenji_trigger': '展示確認: ヒモ分散レース。1号艇伸び確認後、広めのヒモ流しを採用。穴ヒモ（5・6号艇）を積極的に含める。'}",,,28.1,両建て推奨,15.9,30.3,4,,,,,,,,,,,
2025-06-12,丸亀,7,5,馬場　剛,A2,33.90,5,▲,11.1163,12.8,69,47,0.1247,2.3409,,,0,低,35,0,ま0% 差ま0% 抜0%,3 1213,0,75.2,1.4902,0,0,0.0312,0.0312,0.0312,0.1535,0.0222,0.1323,,,C,◎,◎,0.3561,0.8035,0.4095,0.3819,B,54,0,◎○△フォーメーション（15〜20点）,0.5777,"{'is_target': True, 'verdict': '参加推奨', 'max_combo_prob': 0.0864, 'est_top_odds': 15.4, 'circle_concentration': 68.4, 'eligible_count': 9, 'bet_adj': 2, 'reason': 'rel_win1=52.8%（本命度） / 最有力組み合わせ確率: 0.086（推定実オッズ?15倍） / 2着集中度: 上位2艇 68.4%（補正+0.00） / 総合判定確率: 0.086 / → ヒモ分散。1号艇1着固定で広めのヒモ流し推奨（買い目+2点）', 'tenji_trigger': '展示確認: ヒモ分散レース。1号艇伸び確認後、広めのヒモ流しを採用。穴ヒモ（5・6号艇）を積極的に含める。'}",,,28.1,両建て推奨,15.9,30.3,4,,,,,,,,,,,
2025-06-12,丸亀,7,6,冨成謙児,B1,27.27,6,△,1.2841,0.5,36,7.8,0.2033,5.049,,,0,低,112,0,-,434 63,0,27.2,0.555,,,,,,0.3043,0.1739,0.1739,,,D,○,,0.1385,0.6875,,0.3819,B,54,0,◎○△フォーメーション（15〜20点）,0.5777,"{'is_target': True, 'verdict': '参加推奨', 'max_combo_prob': 0.0864, 'est_top_odds': 15.4, 'circle_concentration': 68.4, 'eligible_count': 9, 'bet_adj': 2, 'reason': 'rel_win1=52.8%（本命度） / 最有力組み合わせ確率: 0.086（推定実オッズ?15倍） / 2着集中度: 上位2艇 68.4%（補正+0.00） / 総合判定確率: 0.086 / → ヒモ分散。1号艇1着固定で広めのヒモ流し推奨（買い目+2点）', 'tenji_trigger': '展示確認: ヒモ分散レース。1号艇伸び確認後、広めのヒモ流しを採用。穴ヒモ（5・6号艇）を積極的に含める。'}",,,28.1,両建て推奨,15.9,30.3,4,,,,,,,,,,,
2025-06-12,丸亀,8,1,若林　将,A1,40.24,1,◎,69.3337,,0,98.7,0.1222,2.5443,,,0,低,35,0,逃1%,21211,0,72.3,1.0899,0.6786,,,,,0.2214,0,0.1036,◎,,B,◎,,,0.6995,,0.6989,S,86,0,◎1着固定 2-3着流し（5〜8点）,0.5777,"{'is_target': True, 'verdict': '点数絞り', 'max_combo_prob': 0.1405, 'est_top_odds': 9.5, 'circle_concentration': 77.2, 'eligible_count': 6, 'bet_adj': 0, 'reason': 'rel_win1=69.3%（本命度） / 最有力組み合わせ確率: 0.141（推定実オッズ?10倍） / 2着集中度: 上位2艇 77.2%（補正+0.04） / 総合判定確率: 0.181 / → ヒモはやや固め。上位2艇以外を切ること', 'tenji_trigger': '展示確認: 1号艇伸び良→そのまま採用。悪→飛び組に差し替え。circle_pct上位2艇に絞り込むこと。\n展示で1号艇スタート超安定(0.122秒)→ヒモ固まり方向に注意'}",,,27.7,逃げ狙い,16.29,28.7,2,,,,,0,0,0.7559,0,,逃げ軸流し,A
2025-06-12,丸亀,8,2,芦澤　望,A2,25.17,2,,13.4331,56.4,67,74.1,0.1443,2.9167,,,0,低,106,0,-,1 3343,0,35.1,0.8153,0,0.2308,0.1538,0,0,0,0.1286,0.1886,,,E,,,0.1313,0.589,,0.6989,S,86,0,◎1着固定 2-3着流し（5〜8点）,0.5777,"{'is_target': True, 'verdict': '点数絞り', 'max_combo_prob': 0.1405, 'est_top_odds': 9.5, 'circle_concentration': 77.2, 'eligible_count': 6, 'bet_adj': 0, 'reason': 'rel_win1=69.3%（本命度） / 最有力組み合わせ確率: 0.141（推定実オッズ?10倍） / 2着集中度: 上位2艇 77.2%（補正+0.04） / 総合判定確率: 0.181 / → ヒモはやや固め。上位2艇以外を切ること', 'tenji_trigger': '展示確認: 1号艇伸び良→そのまま採用。悪→飛び組に差し替え。circle_pct上位2艇に絞り込むこと。\n展示で1号艇スタート超安定(0.122秒)→ヒモ固まり方向に注意'}",,,27.7,逃げ狙い,16.29,28.7,2,,,,,,,,,,,
2025-06-12,丸亀,8,3,金子順一,B1,37.57,3,○,5.0795,13.9,85,32.8,0.1747,4.1484,,,0,低,148,0,-,6 146,0,20.8,0.685,0,0,0.0345,0,0,0.38,0.18,0.064,,,C,○,,0.1002,0.6315,,0.6989,S,86,0,◎1着固定 2-3着流し（5〜8点）,0.5777,"{'is_target': True, 'verdict': '点数絞り', 'max_combo_prob': 0.1405, 'est_top_odds': 9.5, 'circle_concentration': 77.2, 'eligible_count': 6, 'bet_adj': 0, 'reason': 'rel_win1=69.3%（本命度） / 最有力組み合わせ確率: 0.141（推定実オッズ?10倍） / 2着集中度: 上位2艇 77.2%（補正+0.04） / 総合判定確率: 0.181 / → ヒモはやや固め。上位2艇以外を切ること', 'tenji_trigger': '展示確認: 1号艇伸び良→そのまま採用。悪→飛び組に差し替え。circle_pct上位2艇に絞り込むこと。\n展示で1号艇スタート超安定(0.122秒)→ヒモ固まり方向に注意'}",,,27.7,逃げ狙い,16.29,28.7,2,,,,,,,,,,,
2025-06-12,丸亀,8,4,吉島祥之,A2,35.47,4,▲,8.1854,20.9,100,58.2,0.1565,3.1203,,,0,低,154,0,-,6 4665,0,100,2.2004,0,0,0.1562,0,0,0.0114,0.1676,0.0229,,,C,△,◎,0.1904,0.5955,0.3581,0.6989,S,86,0,◎1着固定 2-3着流し（5〜8点）,0.5777,"{'is_target': True, 'verdict': '点数絞り', 'max_combo_prob': 0.1405, 'est_top_odds': 9.5, 'circle_concentration': 77.2, 'eligible_count': 6, 'bet_adj': 0, 'reason': 'rel_win1=69.3%（本命度） / 最有力組み合わせ確率: 0.141（推定実オッズ?10倍） / 2着集中度: 上位2艇 77.2%（補正+0.04） / 総合判定確率: 0.181 / → ヒモはやや固め。上位2艇以外を切ること', 'tenji_trigger': '展示確認: 1号艇伸び良→そのまま採用。悪→飛び組に差し替え。circle_pct上位2艇に絞り込むこと。\n展示で1号艇スタート超安定(0.122秒)→ヒモ固まり方向に注意'}",,,27.7,逃げ狙い,16.29,28.7,2,,,,,,,,,,,
2025-06-12,丸亀,8,5,品川賢次,B1,34.73,5,,2.9881,8.6,77,28.3,0.1919,4.0283,,,0,低,141,0,-,3 465,0,33,0.8452,,,,,,0.3835,0.1489,0.1278,,,D,△,,0.1338,0.59,,0.6989,S,86,0,◎1着固定 2-3着流し（5〜8点）,0.5777,"{'is_target': True, 'verdict': '点数絞り', 'max_combo_prob': 0.1405, 'est_top_odds': 9.5, 'circle_concentration': 77.2, 'eligible_count': 6, 'bet_adj': 0, 'reason': 'rel_win1=69.3%（本命度） / 最有力組み合わせ確率: 0.141（推定実オッズ?10倍） / 2着集中度: 上位2艇 77.2%（補正+0.04） / 総合判定確率: 0.181 / → ヒモはやや固め。上位2艇以外を切ること', 'tenji_trigger': '展示確認: 1号艇伸び良→そのまま採用。悪→飛び組に差し替え。circle_pct上位2艇に絞り込むこと。\n展示で1号艇スタート超安定(0.122秒)→ヒモ固まり方向に注意'}",,,27.7,逃げ狙い,16.29,28.7,2,,,,,,,,,,,
2025-06-12,丸亀,8,6,宮本琉正,B2,38.79,6,△,0.9802,0.3,16,1.4,0.1761,3.1571,,,0,低,33,0,-,6 6F6,0,100,2.2433,,,,,,,,,,,B,,,0.1385,0.504,,0.6989,S,86,0,◎1着固定 2-3着流し（5〜8点）,0.5777,"{'is_target': True, 'verdict': '点数絞り', 'max_combo_prob': 0.1405, 'est_top_odds': 9.5, 'circle_concentration': 77.2, 'eligible_count': 6, 'bet_adj': 0, 'reason': 'rel_win1=69.3%（本命度） / 最有力組み合わせ確率: 0.141（推定実オッズ?10倍） / 2着集中度: 上位2艇 77.2%（補正+0.04） / 総合判定確率: 0.181 / → ヒモはやや固め。上位2艇以外を切ること', 'tenji_trigger': '展示確認: 1号艇伸び良→そのまま採用。悪→飛び組に差し替え。circle_pct上位2艇に絞り込むこと。\n展示で1号艇スタート超安定(0.122秒)→ヒモ固まり方向に注意'}",,,27.7,逃げ狙い,16.29,28.7,2,,,,,,,,,,,
2025-06-12,丸亀,9,1,岡田憲行,A2,29.94,1,◎,59.2535,,0,86.9,0.1962,4.0357,,,0,低,196,0,-,34362,0,62,0.9537,0.6389,,,,,0.0111,0.0444,0.1978,△,,D,,,,0.5985,,0.3241,A,72,0,◎-○軸 3着3〜4艇流し（10〜15点）,0.5777,"{'is_target': True, 'verdict': '点数絞り', 'max_combo_prob': 0.1, 'est_top_odds': 13.3, 'circle_concentration': 73.2, 'eligible_count': 8, 'bet_adj': 0, 'reason': 'rel_win1=59.3%（本命度） / 最有力組み合わせ確率: 0.100（推定実オッズ?13倍） / 2着集中度: 上位2艇 73.2%（補正+0.04） / 総合判定確率: 0.140 / → ヒモはやや固め。上位2艇以外を切ること', 'tenji_trigger': '展示確認: 1号艇伸び良→そのまま採用。悪→飛び組に差し替え。circle_pct上位2艇に絞り込むこと。\n展示で1号艇スタート遅め(0.196秒)確認→ヒモが荒れやすい'}",,,33.1,逃げ狙い,17.19,29,2,2-1-3|1-2-3|1-2-4|2-1-5|2-1-4|1-3-2,5-1-3|2-1-3|4-5-1|5-1-6|4-1-5|4-3-5|5-6-1|1-2-3|1-2-4|2-1-5|2-1-4|1-3-2,2-1-3:2.64%|1-2-3:8.66%|1-2-4:7.5%|2-1-5:6.27%|2-1-4:5.36%|1-3-2:5.27%,2-1-3:B_main|1-2-3:A|1-2-4:A|2-1-5:B_sc|2-1-4:B_sc|1-3-2:A,6,12,0.4535,1,[!]見送り推奨（主役決まり手「差し」― 逃げ劣勢レースで的中実績なし）,荒れ広め,D
2025-06-12,丸亀,9,2,里岡右貴,A1,36.52,2,○,19.4988,48.1,95,81.5,0.1409,2.6481,,,0,低,75,0,差1%,152121,0,39.4,0.8009,0,0.2,0.12,0,0,0.115,0.139,0.024,,◎,C,○,,0.596,0.641,,0.3241,A,72,0,◎-○軸 3着3〜4艇流し（10〜15点）,0.5777,"{'is_target': True, 'verdict': '点数絞り', 'max_combo_prob': 0.1, 'est_top_odds': 13.3, 'circle_concentration': 73.2, 'eligible_count': 8, 'bet_adj': 0, 'reason': 'rel_win1=59.3%（本命度） / 最有力組み合わせ確率: 0.100（推定実オッズ?13倍） / 2着集中度: 上位2艇 73.2%（補正+0.04） / 総合判定確率: 0.140 / → ヒモはやや固め。上位2艇以外を切ること', 'tenji_trigger': '展示確認: 1号艇伸び良→そのまま採用。悪→飛び組に差し替え。circle_pct上位2艇に絞り込むこと。\n展示で1号艇スタート遅め(0.196秒)確認→ヒモが荒れやすい'}",,,33.1,逃げ狙い,17.19,29,2,,,,,,,,,,,
2025-06-12,丸亀,9,3,嶋田貴支,B1,39.66,3,▲,7.6756,25.1,89,54.4,0.1676,3.3162,,,0,低,134,0,-,133 44,0,94.5,1.9531,0,0.0312,0,0.0312,0,0.0174,0.0522,0.1174,,△,B,△,,0.4252,0.6045,,0.3241,A,72,0,◎-○軸 3着3〜4艇流し（10〜15点）,0.5777,"{'is_target': True, 'verdict': '点数絞り', 'max_combo_prob': 0.1, 'est_top_odds': 13.3, 'circle_concentration': 73.2, 'eligible_count': 8, 'bet_adj': 0, 'reason': 'rel_win1=59.3%（本命度） / 最有力組み合わせ確率: 0.100（推定実オッズ?13倍） / 2着集中度: 上位2艇 73.2%（補正+0.04） / 総合判定確率: 0.140 / → ヒモはやや固め。上位2艇以外を切ること', 'tenji_trigger': '展示確認: 1号艇伸び良→そのまま採用。悪→飛び組に差し替え。circle_pct上位2艇に絞り込むこと。\n展示で1号艇スタート遅め(0.196秒)確認→ヒモが荒れやすい'}",,,33.1,逃げ狙い,17.19,29,2,,,,,,,,,,,
2025-06-12,丸亀,9,4,菊池峰晴,B1,32.74,4,,4.4512,11,100,41.4,0.1738,4.0345,,,0,低,151,0,-,2 623,0,41.2,0.7932,,,,,,0.2,0.2,0.3,,,D,,,0.4075,0.593,,0.3241,A,72,0,◎-○軸 3着3〜4艇流し（10〜15点）,0.5777,"{'is_target': True, 'verdict': '点数絞り', 'max_combo_prob': 0.1, 'est_top_odds': 13.3, 'circle_concentration': 73.2, 'eligible_count': 8, 'bet_adj': 0, 'reason': 'rel_win1=59.3%（本命度） / 最有力組み合わせ確率: 0.100（推定実オッズ?13倍） / 2着集中度: 上位2艇 73.2%（補正+0.04） / 総合判定確率: 0.140 / → ヒモはやや固め。上位2艇以外を切ること', 'tenji_trigger': '展示確認: 1号艇伸び良→そのまま採用。悪→飛び組に差し替え。circle_pct上位2艇に絞り込むこと。\n展示で1号艇スタート遅め(0.196秒)確認→ヒモが荒れやすい'}",,,33.1,逃げ狙い,17.19,29,2,,,,,,,,,,,
2025-06-12,丸亀,9,5,西野翔太,A2,33.33,5,,6.2451,13,40,38,0.145,2.66,,,0,低,72,0,-,224 34,0,31.3,0.5821,0,0,0.0417,0.0833,0,0.1556,0.0918,0.0465,,○,D,△,,0.463,0.6405,,0.3241,A,72,0,◎-○軸 3着3〜4艇流し（10〜15点）,0.5777,"{'is_target': True, 'verdict': '点数絞り', 'max_combo_prob': 0.1, 'est_top_odds': 13.3, 'circle_concentration': 73.2, 'eligible_count': 8, 'bet_adj': 0, 'reason': 'rel_win1=59.3%（本命度） / 最有力組み合わせ確率: 0.100（推定実オッズ?13倍） / 2着集中度: 上位2艇 73.2%（補正+0.04） / 総合判定確率: 0.140 / → ヒモはやや固め。上位2艇以外を切ること', 'tenji_trigger': '展示確認: 1号艇伸び良→そのまま採用。悪→飛び組に差し替え。circle_pct上位2艇に絞り込むこと。\n展示で1号艇スタート遅め(0.196秒)確認→ヒモが荒れやすい'}",,,33.1,逃げ狙い,17.19,29,2,,,,,,,,,,,
2025-06-12,丸亀,9,6,山地正樹,B1,40.85,6,△,2.8759,2.8,56,0,0.27,5,,,0,低,88,1,-,1 415,0,23.4,0.8175,,,,,,0.2091,0.1545,0.1364,,,B,◎,,0.1437,0.642,,0.3241,A,72,0,◎-○軸 3着3〜4艇流し（10〜15点）,0.5777,"{'is_target': True, 'verdict': '点数絞り', 'max_combo_prob': 0.1, 'est_top_odds': 13.3, 'circle_concentration': 73.2, 'eligible_count': 8, 'bet_adj': 0, 'reason': 'rel_win1=59.3%（本命度） / 最有力組み合わせ確率: 0.100（推定実オッズ?13倍） / 2着集中度: 上位2艇 73.2%（補正+0.04） / 総合判定確率: 0.140 / → ヒモはやや固め。上位2艇以外を切ること', 'tenji_trigger': '展示確認: 1号艇伸び良→そのまま採用。悪→飛び組に差し替え。circle_pct上位2艇に絞り込むこと。\n展示で1号艇スタート遅め(0.196秒)確認→ヒモが荒れやすい'}",,,33.1,逃げ狙い,17.19,29,2,,,,,,,,,,,
2025-06-12,丸亀,10,1,飯島昌弘,A1,39.77,1,◎,64.7026,,0,97.3,0.1401,2.7533,,,0,低,119,0,逃1%,221342,0,85.2,1.0625,0.8182,,,,,0,0.1242,0.0242,◎,,C,△,,,0.6275,,0.6024,S,80,0,◎1着固定 2-3着流し（5〜8点）,0.5777,"{'is_target': True, 'verdict': '参加推奨', 'max_combo_prob': 0.0897, 'est_top_odds': 14.9, 'circle_concentration': 65.3, 'eligible_count': 6, 'bet_adj': 2, 'reason': 'rel_win1=64.7%（本命度） / 最有力組み合わせ確率: 0.090（推定実オッズ?15倍） / 2着集中度: 上位2艇 65.3%（補正+0.00） / 総合判定確率: 0.090 / → ヒモ分散。1号艇1着固定で広めのヒモ流し推奨（買い目+2点）', 'tenji_trigger': '展示確認: ヒモ分散レース。1号艇伸び確認後、広めのヒモ流しを採用。穴ヒモ（5・6号艇）を積極的に含める。'}",,,25.8,逃げ狙い,14.99,24.4,3,,,,,0,0,0.7559,0,,逃げ軸流し,A
2025-06-12,丸亀,10,2,西川新太,B1,32.30,2,,9.124,37.7,80,66.7,0.153,3.4474,,,0,低,96,0,差0%,5 233,0,57.1,1.0626,0,0.0476,0,0,0,0.26,0.24,0.2,,,D,△,,0.1803,0.6235,,0.6024,S,80,0,◎1着固定 2-3着流し（5〜8点）,0.5777,"{'is_target': True, 'verdict': '参加推奨', 'max_combo_prob': 0.0897, 'est_top_odds': 14.9, 'circle_concentration': 65.3, 'eligible_count': 6, 'bet_adj': 2, 'reason': 'rel_win1=64.7%（本命度） / 最有力組み合わせ確率: 0.090（推定実オッズ?15倍） / 2着集中度: 上位2艇 65.3%（補正+0.00） / 総合判定確率: 0.090 / → ヒモ分散。1号艇1着固定で広めのヒモ流し推奨（買い目+2点）', 'tenji_trigger': '展示確認: ヒモ分散レース。1号艇伸び確認後、広めのヒモ流しを採用。穴ヒモ（5・6号艇）を積極的に含める。'}",,,25.8,逃げ狙い,14.99,24.4,3,,,,,,,,,,,
2025-06-12,丸亀,10,3,近江翔吾,A1,40.96,3,○,15.7262,27.6,100,76.1,0.1315,2.5,,,0,低,52,0,ま0% 差ま0%,312 14,0,51,1.0594,0,0,0.0909,0.0909,0.0455,0.0811,0.0541,0.027,,,B,○,,0.3488,0.6415,,0.6024,S,80,0,◎1着固定 2-3着流し（5〜8点）,0.5777,"{'is_target': True, 'verdict': '参加推奨', 'max_combo_prob': 0.0897, 'est_top_odds': 14.9, 'circle_concentration': 65.3, 'eligible_count': 6, 'bet_adj': 2, 'reason': 'rel_win1=64.7%（本命度） / 最有力組み合わせ確率: 0.090（推定実オッズ?15倍） / 2着集中度: 上位2艇 65.3%（補正+0.00） / 総合判定確率: 0.090 / → ヒモ分散。1号艇1着固定で広めのヒモ流し推奨（買い目+2点）', 'tenji_trigger': '展示確認: ヒモ分散レース。1号艇伸び確認後、広めのヒモ流しを採用。穴ヒモ（5・6号艇）を積極的に含める。'}",,,25.8,逃げ狙い,14.99,24.4,3,,,,,,,,,,,
2025-06-12,丸亀,10,4,大串重幸,A2,33.97,4,△,4.5205,16,94,58.6,0.1645,3.4569,,,0,低,132,0,-,2 5213,0,37.5,0.7557,0,0,0.0435,0,0,0.1088,0.0526,0.1193,,,C,,,0.1899,0.6085,,0.6024,S,80,0,◎1着固定 2-3着流し（5〜8点）,0.5777,"{'is_target': True, 'verdict': '参加推奨', 'max_combo_prob': 0.0897, 'est_top_odds': 14.9, 'circle_concentration': 65.3, 'eligible_count': 6, 'bet_adj': 2, 'reason': 'rel_win1=64.7%（本命度） / 最有力組み合わせ確率: 0.090（推定実オッズ?15倍） / 2着集中度: 上位2艇 65.3%（補正+0.00） / 総合判定確率: 0.090 / → ヒモ分散。1号艇1着固定で広めのヒモ流し推奨（買い目+2点）', 'tenji_trigger': '展示確認: ヒモ分散レース。1号艇伸び確認後、広めのヒモ流しを採用。穴ヒモ（5・6号艇）を積極的に含める。'}",,,25.8,逃げ狙い,14.99,24.4,3,,,,,,,,,,,
2025-06-12,丸亀,10,5,石井伸長,B1,44.71,5,▲,5.0571,17.3,48,44,0.1714,3.54,,,0,低,79,0,-,3 223,0,45.2,0.8429,0,0,0.0286,0.0286,0,0,0.5,0.25,,,A,,,0.1845,0.5655,,0.6024,S,80,0,◎1着固定 2-3着流し（5〜8点）,0.5777,"{'is_target': True, 'verdict': '参加推奨', 'max_combo_prob': 0.0897, 'est_top_odds': 14.9, 'circle_concentration': 65.3, 'eligible_count': 6, 'bet_adj': 2, 'reason': 'rel_win1=64.7%（本命度） / 最有力組み合わせ確率: 0.090（推定実オッズ?15倍） / 2着集中度: 上位2艇 65.3%（補正+0.00） / 総合判定確率: 0.090 / → ヒモ分散。1号艇1着固定で広めのヒモ流し推奨（買い目+2点）', 'tenji_trigger': '展示確認: ヒモ分散レース。1号艇伸び確認後、広めのヒモ流しを採用。穴ヒモ（5・6号艇）を積極的に含める。'}",,,25.8,逃げ狙い,14.99,24.4,3,,,,,,,,,,,
2025-06-12,丸亀,10,6,抹香雄三,B1,25.31,6,,0.8697,1.4,30,23.8,0.1475,3.5635,,,0,低,100,0,-,5 156,0,24.6,0.4767,,,,,,0.12,0.24,0.16,,,E,◎,,0.2901,0.6655,,0.6024,S,80,0,◎1着固定 2-3着流し（5〜8点）,0.5777,"{'is_target': True, 'verdict': '参加推奨', 'max_combo_prob': 0.0897, 'est_top_odds': 14.9, 'circle_concentration': 65.3, 'eligible_count': 6, 'bet_adj': 2, 'reason': 'rel_win1=64.7%（本命度） / 最有力組み合わせ確率: 0.090（推定実オッズ?15倍） / 2着集中度: 上位2艇 65.3%（補正+0.00） / 総合判定確率: 0.090 / → ヒモ分散。1号艇1着固定で広めのヒモ流し推奨（買い目+2点）', 'tenji_trigger': '展示確認: ヒモ分散レース。1号艇伸び確認後、広めのヒモ流しを採用。穴ヒモ（5・6号艇）を積極的に含める。'}",,,25.8,逃げ狙い,14.99,24.4,3,,,,,,,,,,,
2025-06-12,丸亀,11,1,田中和也,A1,46.58,1,◎,62.61,,0,88.8,0.1654,3.4184,,,0,低,135,0,逃0%,14341,0,93.8,1.3738,0.5909,,,,,0.0455,0.0273,0.1145,○,,A,△,,,0.62,,0.4065,S,100,0,◎1着固定 2-3着流し（5〜8点）,0.5777,"{'is_target': True, 'verdict': '点数絞り', 'max_combo_prob': 0.1086, 'est_top_odds': 12.3, 'circle_concentration': 71.1, 'eligible_count': 6, 'bet_adj': 0, 'reason': 'rel_win1=62.6%（本命度） / 最有力組み合わせ確率: 0.109（推定実オッズ?12倍） / 2着集中度: 上位2艇 71.1%（補正+0.04） / 総合判定確率: 0.149 / → ヒモはやや固め。上位2艇以外を切ること', 'tenji_trigger': '展示確認: 1号艇伸び良→そのまま採用。悪→飛び組に差し替え。circle_pct上位2艇に絞り込むこと。'}",,,26.5,逃げ狙い,15.38,26,3,,,,,0,0,0.6155,0,,逃げ軸流し,A
2025-06-12,丸亀,11,2,藤田浩人,A2,30.11,2,,13.1284,49.1,83,76.6,0.1679,3.5519,,,0,低,147,0,-,434 25,0,100,2.1521,0,0.0625,0.0625,0,0.0312,0.1,0.0273,0.0182,,,E,△,,0.2957,0.653,,0.4065,S,100,0,◎1着固定 2-3着流し（5〜8点）,0.5777,"{'is_target': True, 'verdict': '点数絞り', 'max_combo_prob': 0.1086, 'est_top_odds': 12.3, 'circle_concentration': 71.1, 'eligible_count': 6, 'bet_adj': 0, 'reason': 'rel_win1=62.6%（本命度） / 最有力組み合わせ確率: 0.109（推定実オッズ?12倍） / 2着集中度: 上位2艇 71.1%（補正+0.04） / 総合判定確率: 0.149 / → ヒモはやや固め。上位2艇以外を切ること', 'tenji_trigger': '展示確認: 1号艇伸び良→そのまま採用。悪→飛び組に差し替え。circle_pct上位2艇に絞り込むこと。'}",,,26.5,逃げ狙い,15.38,26,3,,,,,,,,,,,
2025-06-12,丸亀,11,3,馬場　剛,A2,33.90,3,○,10.5501,22,87,64.5,0.1148,2.1048,,,0,低,35,0,差ま0%,3 1213,0,51.7,0.9354,0,0.0312,0.0938,0.125,0.0312,0.1535,0.0222,0.1323,,◎,C,◎,,0.4918,0.8035,,0.4065,S,100,0,◎1着固定 2-3着流し（5〜8点）,0.5777,"{'is_target': True, 'verdict': '点数絞り', 'max_combo_prob': 0.1086, 'est_top_odds': 12.3, 'circle_concentration': 71.1, 'eligible_count': 6, 'bet_adj': 0, 'reason': 'rel_win1=62.6%（本命度） / 最有力組み合わせ確率: 0.109（推定実オッズ?12倍） / 2着集中度: 上位2艇 71.1%（補正+0.04） / 総合判定確率: 0.149 / → ヒモはやや固め。上位2艇以外を切ること', 'tenji_trigger': '展示確認: 1号艇伸び良→そのまま採用。悪→飛び組に差し替え。circle_pct上位2艇に絞り込むこと。'}",,,26.5,逃げ狙い,15.38,26,3,,,,,,,,,,,
2025-06-12,丸亀,11,4,興津　藍,B1,30.59,4,,7.1733,16.5,100,56.7,0.185,3.8417,,,0,低,133,0,-,2 341,0,74.5,1.5809,0,0,0,0.037,0,0.1562,0.0343,0.179,,,D,,◎,0.2076,0.6195,0.2867,0.4065,S,100,0,◎1着固定 2-3着流し（5〜8点）,0.5777,"{'is_target': True, 'verdict': '点数絞り', 'max_combo_prob': 0.1086, 'est_top_odds': 12.3, 'circle_concentration': 71.1, 'eligible_count': 6, 'bet_adj': 0, 'reason': 'rel_win1=62.6%（本命度） / 最有力組み合わせ確率: 0.109（推定実オッズ?12倍） / 2着集中度: 上位2艇 71.1%（補正+0.04） / 総合判定確率: 0.149 / → ヒモはやや固め。上位2艇以外を切ること', 'tenji_trigger': '展示確認: 1号艇伸び良→そのまま採用。悪→飛び組に差し替え。circle_pct上位2艇に絞り込むこと。'}",,,26.5,逃げ狙い,15.38,26,3,,,,,,,,,,,
2025-06-12,丸亀,11,5,本多宏和,A1,36.36,5,▲,5.4665,10.1,63,30.3,0.1824,3.5606,,,0,低,73,0,差ま0%,1 6411,0,31.4,0.5357,0,0,0,0.2,0,0.1111,0.0556,0.1667,,,C,○,,0.2738,0.6585,,0.4065,S,100,0,◎1着固定 2-3着流し（5〜8点）,0.5777,"{'is_target': True, 'verdict': '点数絞り', 'max_combo_prob': 0.1086, 'est_top_odds': 12.3, 'circle_concentration': 71.1, 'eligible_count': 6, 'bet_adj': 0, 'reason': 'rel_win1=62.6%（本命度） / 最有力組み合わせ確率: 0.109（推定実オッズ?12倍） / 2着集中度: 上位2艇 71.1%（補正+0.04） / 総合判定確率: 0.149 / → ヒモはやや固め。上位2艇以外を切ること', 'tenji_trigger': '展示確認: 1号艇伸び良→そのまま採用。悪→飛び組に差し替え。circle_pct上位2艇に絞り込むこと。'}",,,26.5,逃げ狙い,15.38,26,3,,,,,,,,,,,
2025-06-12,丸亀,11,6,深川和仁,B1,40.72,6,△,1.0717,2.3,33,22.7,0.1905,4.2614,,,0,低,130,0,-,1 551,0,36,1.1764,,,,,,0.2,0.0167,0.05,,,B,,,0.233,0.606,,0.4065,S,100,0,◎1着固定 2-3着流し（5〜8点）,0.5777,"{'is_target': True, 'verdict': '点数絞り', 'max_combo_prob': 0.1086, 'est_top_odds': 12.3, 'circle_concentration': 71.1, 'eligible_count': 6, 'bet_adj': 0, 'reason': 'rel_win1=62.6%（本命度） / 最有力組み合わせ確率: 0.109（推定実オッズ?12倍） / 2着集中度: 上位2艇 71.1%（補正+0.04） / 総合判定確率: 0.149 / → ヒモはやや固め。上位2艇以外を切ること', 'tenji_trigger': '展示確認: 1号艇伸び良→そのまま採用。悪→飛び組に差し替え。circle_pct上位2艇に絞り込むこと。'}",,,26.5,逃げ狙い,15.38,26,3,,,,,,,,,,,
2025-06-12,丸亀,12,1,海野康志,A1,44.91,1,◎,60.4003,,0,100,0.118,2.413,,,0,低,38,0,逃1%,13113,0,68.2,1.0719,0.7097,,,,,0,0.0387,0.2516,◎,,A,△,,,0.6265,,0.7035,S,97,0,◎1着固定 2-3着流し（5〜8点）,0.5777,"{'is_target': True, 'verdict': '参加推奨', 'max_combo_prob': 0.0771, 'est_top_odds': 17.3, 'circle_concentration': 69.5, 'eligible_count': 6, 'bet_adj': 2, 'reason': 'rel_win1=60.4%（本命度） / 最有力組み合わせ確率: 0.077（推定実オッズ?17倍） / 2着集中度: 上位2艇 69.5%（補正+0.00） / 総合判定確率: 0.077 / → ヒモ分散。1号艇1着固定で広めのヒモ流し推奨（買い目+2点）', 'tenji_trigger': '展示確認: ヒモ分散レース。1号艇伸び確認後、広めのヒモ流しを採用。穴ヒモ（5・6号艇）を積極的に含める。\n展示で1号艇スタート超安定(0.118秒)→ヒモ固まり方向に注意'}",,,27.4,逃げ狙い,20.69,24.1,3,,,,,0,0,0.7559,0,,逃げ軸流し,A
2025-06-12,丸亀,12,2,亀山雅幸,A2,30.99,2,△,9.0481,45,81,74.7,0.1379,2.7467,,,0,低,154,0,-,322 44,0,26.6,0.8066,0,0.0345,0,0,0,0.0944,0.1222,0.0944,,,D,,,0.107,0.6195,,0.7035,S,97,0,◎1着固定 2-3着流し（5〜8点）,0.5777,"{'is_target': True, 'verdict': '参加推奨', 'max_combo_prob': 0.0771, 'est_top_odds': 17.3, 'circle_concentration': 69.5, 'eligible_count': 6, 'bet_adj': 2, 'reason': 'rel_win1=60.4%（本命度） / 最有力組み合わせ確率: 0.077（推定実オッズ?17倍） / 2着集中度: 上位2艇 69.5%（補正+0.00） / 総合判定確率: 0.077 / → ヒモ分散。1号艇1着固定で広めのヒモ流し推奨（買い目+2点）', 'tenji_trigger': '展示確認: ヒモ分散レース。1号艇伸び確認後、広めのヒモ流しを採用。穴ヒモ（5・6号艇）を積極的に含める。\n展示で1号艇スタート超安定(0.118秒)→ヒモ固まり方向に注意'}",,,27.4,逃げ狙い,20.69,24.1,3,,,,,,,,,,,
2025-06-12,丸亀,12,3,若林　将,A1,40.24,3,○,15.9278,24.6,99,72.7,0.1393,2.4636,,,0,低,35,0,-,21211,0,81.8,1.1477,0,0.0476,0.0952,0.1905,0,0.2214,0,0.1036,,,B,◎,,0.2214,0.6995,,0.7035,S,97,0,◎1着固定 2-3着流し（5〜8点）,0.5777,"{'is_target': True, 'verdict': '参加推奨', 'max_combo_prob': 0.0771, 'est_top_odds': 17.3, 'circle_concentration': 69.5, 'eligible_count': 6, 'bet_adj': 2, 'reason': 'rel_win1=60.4%（本命度） / 最有力組み合わせ確率: 0.077（推定実オッズ?17倍） / 2着集中度: 上位2艇 69.5%（補正+0.00） / 総合判定確率: 0.077 / → ヒモ分散。1号艇1着固定で広めのヒモ流し推奨（買い目+2点）', 'tenji_trigger': '展示確認: ヒモ分散レース。1号艇伸び確認後、広めのヒモ流しを採用。穴ヒモ（5・6号艇）を積極的に含める。\n展示で1号艇スタート超安定(0.118秒)→ヒモ固まり方向に注意'}",,,27.4,逃げ狙い,20.69,24.1,3,,,,,,,,,,,
2025-06-12,丸亀,12,4,木場悠介,B1,38.51,4,▲,9.2839,9.5,100,52.5,0.1646,3.2458,,,0,低,101,0,-,6 253,0,100,3.1996,0,0.08,0.12,0,0,0.032,0.132,0.244,,,C,○,◎,0.13,0.652,0.2943,0.7035,S,97,0,◎1着固定 2-3着流し（5〜8点）,0.5777,"{'is_target': True, 'verdict': '参加推奨', 'max_combo_prob': 0.0771, 'est_top_odds': 17.3, 'circle_concentration': 69.5, 'eligible_count': 6, 'bet_adj': 2, 'reason': 'rel_win1=60.4%（本命度） / 最有力組み合わせ確率: 0.077（推定実オッズ?17倍） / 2着集中度: 上位2艇 69.5%（補正+0.00） / 総合判定確率: 0.077 / → ヒモ分散。1号艇1着固定で広めのヒモ流し推奨（買い目+2点）', 'tenji_trigger': '展示確認: ヒモ分散レース。1号艇伸び確認後、広めのヒモ流しを採用。穴ヒモ（5・6号艇）を積極的に含める。\n展示で1号艇スタート超安定(0.118秒)→ヒモ固まり方向に注意'}",,,27.4,逃げ狙い,20.69,24.1,3,,,,,,,,,,,
2025-06-12,丸亀,12,5,赤羽克也,A2,26.95,5,,3.4269,14.4,71,49.2,0.1592,3.6077,,,0,低,137,0,抜0%,541 45,0,100,2.8519,0,0,0,0.0357,0.0357,0.2828,0.1885,0.0138,,,E,△,,0.1482,0.633,,0.7035,S,97,0,◎1着固定 2-3着流し（5〜8点）,0.5777,"{'is_target': True, 'verdict': '参加推奨', 'max_combo_prob': 0.0771, 'est_top_odds': 17.3, 'circle_concentration': 69.5, 'eligible_count': 6, 'bet_adj': 2, 'reason': 'rel_win1=60.4%（本命度） / 最有力組み合わせ確率: 0.077（推定実オッズ?17倍） / 2着集中度: 上位2艇 69.5%（補正+0.00） / 総合判定確率: 0.077 / → ヒモ分散。1号艇1着固定で広めのヒモ流し推奨（買い目+2点）', 'tenji_trigger': '展示確認: ヒモ分散レース。1号艇伸び確認後、広めのヒモ流しを採用。穴ヒモ（5・6号艇）を積極的に含める。\n展示で1号艇スタート超安定(0.118秒)→ヒモ固まり方向に注意'}",,,27.4,逃げ狙い,20.69,24.1,3,,,,,,,,,,,
2025-06-12,丸亀,12,6,山本寛久,A1,31.29,6,,1.913,6.6,82,46.5,0.1695,4.2558,,,0,低,77,0,差ま0%,163 22,0,42.7,1.8081,0,0,0,0.0417,0,0.0222,0.0444,0.2056,,,D,,,0.1209,0.6225,,0.7035,S,97,0,◎1着固定 2-3着流し（5〜8点）,0.5777,"{'is_target': True, 'verdict': '参加推奨', 'max_combo_prob': 0.0771, 'est_top_odds': 17.3, 'circle_concentration': 69.5, 'eligible_count': 6, 'bet_adj': 2, 'reason': 'rel_win1=60.4%（本命度） / 最有力組み合わせ確率: 0.077（推定実オッズ?17倍） / 2着集中度: 上位2艇 69.5%（補正+0.00） / 総合判定確率: 0.077 / → ヒモ分散。1号艇1着固定で広めのヒモ流し推奨（買い目+2点）', 'tenji_trigger': '展示確認: ヒモ分散レース。1号艇伸び確認後、広めのヒモ流しを採用。穴ヒモ（5・6号艇）を積極的に含める。\n展示で1号艇スタート超安定(0.118秒)→ヒモ固まり方向に注意'}",,,27.4,逃げ狙い,20.69,24.1,3,,,,,,,,,,,
2025-06-13,丸亀,1,1,菊池峰晴,B1,32.74,1,◎,55.3175,,0,86,0.1665,3.0439,,,0,低,151,0,逃0%,2 623,0,67.3,0.9329,0.2,,,,,0.2,0.2,0.3,○,,D,,,,0.593,,0.4067,A,71,0,◎-○軸 3着3〜4艇流し（10〜15点）,0.5777,"{'is_target': True, 'verdict': '参加推奨', 'max_combo_prob': 0.0712, 'est_top_odds': 18.7, 'circle_concentration': 62.9, 'eligible_count': 8, 'bet_adj': 2, 'reason': 'rel_win1=55.3%（本命度） / 最有力組み合わせ確率: 0.071（推定実オッズ?19倍） / 2着集中度: 上位2艇 62.9%（補正+0.00） / 総合判定確率: 0.071 / → ヒモ分散。1号艇1着固定で広めのヒモ流し推奨（買い目+2点）', 'tenji_trigger': '展示確認: ヒモ分散レース。1号艇伸び確認後、広めのヒモ流しを採用。穴ヒモ（5・6号艇）を積極的に含める。'}",,,30.1,逃げ狙い,13.85,37.7,2,,,,,0,0,0.6155,0,,逃げ軸流し,A
2025-06-13,丸亀,1,2,近藤稔也,B1,34.64,2,,10.5126,42.7,81,44.4,0.1879,3.9524,,,0,低,180,0,-,345 56,0,54.3,0.886,,,,,,0.368,0.32,0.064,,,C,△,,0.1135,0.609,,0.4067,A,71,0,◎-○軸 3着3〜4艇流し（10〜15点）,0.5777,"{'is_target': True, 'verdict': '参加推奨', 'max_combo_prob': 0.0712, 'est_top_odds': 18.7, 'circle_concentration': 62.9, 'eligible_count': 8, 'bet_adj': 2, 'reason': 'rel_win1=55.3%（本命度） / 最有力組み合わせ確率: 0.071（推定実オッズ?19倍） / 2着集中度: 上位2艇 62.9%（補正+0.00） / 総合判定確率: 0.071 / → ヒモ分散。1号艇1着固定で広めのヒモ流し推奨（買い目+2点）', 'tenji_trigger': '展示確認: ヒモ分散レース。1号艇伸び確認後、広めのヒモ流しを採用。穴ヒモ（5・6号艇）を積極的に含める。'}",,,30.1,逃げ狙い,13.85,37.7,2,,,,,,,,,,,
2025-06-13,丸亀,1,3,赤峰和也,B1,38.32,3,▲,7.4132,19.6,100,37,0.1778,3.5833,,,0,低,121,0,-,6 454,0,21.3,0.7192,0,0,0,0.0476,0,0.4111,0.1889,0.3111,,,B,,,0.2273,0.5725,,0.4067,A,71,0,◎-○軸 3着3〜4艇流し（10〜15点）,0.5777,"{'is_target': True, 'verdict': '参加推奨', 'max_combo_prob': 0.0712, 'est_top_odds': 18.7, 'circle_concentration': 62.9, 'eligible_count': 8, 'bet_adj': 2, 'reason': 'rel_win1=55.3%（本命度） / 最有力組み合わせ確率: 0.071（推定実オッズ?19倍） / 2着集中度: 上位2艇 62.9%（補正+0.00） / 総合判定確率: 0.071 / → ヒモ分散。1号艇1着固定で広めのヒモ流し推奨（買い目+2点）', 'tenji_trigger': '展示確認: ヒモ分散レース。1号艇伸び確認後、広めのヒモ流しを採用。穴ヒモ（5・6号艇）を積極的に含める。'}",,,30.1,逃げ狙い,13.85,37.7,2,,,,,,,,,,,
2025-06-13,丸亀,1,4,中里英夫,B1,45.10,4,○,11.3457,20.3,99,45.3,0.1851,4.4906,,,0,低,123,0,差0% 差ま0%,321 32,0,54.5,1.0947,0,0.0769,0,0.0385,0,0.1292,0.2458,0.1958,,,A,△,,0.2176,0.641,,0.4067,A,71,0,◎-○軸 3着3〜4艇流し（10〜15点）,0.5777,"{'is_target': True, 'verdict': '参加推奨', 'max_combo_prob': 0.0712, 'est_top_odds': 18.7, 'circle_concentration': 62.9, 'eligible_count': 8, 'bet_adj': 2, 'reason': 'rel_win1=55.3%（本命度） / 最有力組み合わせ確率: 0.071（推定実オッズ?19倍） / 2着集中度: 上位2艇 62.9%（補正+0.00） / 総合判定確率: 0.071 / → ヒモ分散。1号艇1着固定で広めのヒモ流し推奨（買い目+2点）', 'tenji_trigger': '展示確認: ヒモ分散レース。1号艇伸び確認後、広めのヒモ流しを採用。穴ヒモ（5・6号艇）を積極的に含める。'}",,,30.1,逃げ狙い,13.85,37.7,2,,,,,,,,,,,
2025-06-13,丸亀,1,5,馬場　剛,A2,33.90,5,△,9.6206,15.7,71,47,0.1247,2.3409,,,0,低,35,0,ま0% 差ま0% 抜0%,3 1213,0,86,1.4621,0,0,0.0312,0.0312,0.0312,0.1535,0.0222,0.1323,,◎,D,◎,◎,0.4178,0.8035,0.4095,0.4067,A,71,0,◎-○軸 3着3〜4艇流し（10〜15点）,0.5777,"{'is_target': True, 'verdict': '参加推奨', 'max_combo_prob': 0.0712, 'est_top_odds': 18.7, 'circle_concentration': 62.9, 'eligible_count': 8, 'bet_adj': 2, 'reason': 'rel_win1=55.3%（本命度） / 最有力組み合わせ確率: 0.071（推定実オッズ?19倍） / 2着集中度: 上位2艇 62.9%（補正+0.00） / 総合判定確率: 0.071 / → ヒモ分散。1号艇1着固定で広めのヒモ流し推奨（買い目+2点）', 'tenji_trigger': '展示確認: ヒモ分散レース。1号艇伸び確認後、広めのヒモ流しを採用。穴ヒモ（5・6号艇）を積極的に含める。'}",,,30.1,逃げ狙い,13.85,37.7,2,,,,,,,,,,,
2025-06-13,丸亀,1,6,本多宏和,A1,36.36,6,,5.7904,1.9,61,30,0.1787,4.0167,,,0,低,73,0,-,1 6411,0,33.8,1.085,,,,,,0.1111,0.0556,0.1667,,,C,○,,0.2747,0.6585,,0.4067,A,71,0,◎-○軸 3着3〜4艇流し（10〜15点）,0.5777,"{'is_target': True, 'verdict': '参加推奨', 'max_combo_prob': 0.0712, 'est_top_odds': 18.7, 'circle_concentration': 62.9, 'eligible_count': 8, 'bet_adj': 2, 'reason': 'rel_win1=55.3%（本命度） / 最有力組み合わせ確率: 0.071（推定実オッズ?19倍） / 2着集中度: 上位2艇 62.9%（補正+0.00） / 総合判定確率: 0.071 / → ヒモ分散。1号艇1着固定で広めのヒモ流し推奨（買い目+2点）', 'tenji_trigger': '展示確認: ヒモ分散レース。1号艇伸び確認後、広めのヒモ流しを採用。穴ヒモ（5・6号艇）を積極的に含める。'}",,,30.1,逃げ狙い,13.85,37.7,2,,,,,,,,,,,
2025-06-13,丸亀,2,1,森作広大,B1,52.20,1,◎,43.5473,,0,66.7,0.1513,2.9,,,0,低,96,0,逃0%,165 22,0,56.2,0.8568,0.1765,,,,,0.5412,0,0.1412,○,,A,,,,0.596,,0.3961,C,41,0,荒れ傾向。高配当狙いか見送り,0.5777,"{'is_target': False, 'verdict': '対象外', 'max_combo_prob': None, 'est_top_odds': None, 'circle_concentration': None, 'eligible_count': 0, 'bet_adj': 0, 'reason': '1号艇rel_win1 < 45%: 通常判定に委ねる', 'tenji_trigger': ''}",,,32.7,両建て推奨,18.06,41.6,3,,,,,0,0,0.6155,0,,逃げ軸流し,A
2025-06-13,丸亀,2,2,大串重幸,A2,33.97,2,▲,13.0855,51.2,60,48.6,0.1751,4.1357,,,0,低,132,0,-,2 5213,0,40.9,0.8407,,,,,,0.1088,0.0526,0.1193,,,C,△,,0.1707,0.6085,,0.3961,C,41,0,荒れ傾向。高配当狙いか見送り,0.5777,"{'is_target': False, 'verdict': '対象外', 'max_combo_prob': None, 'est_top_odds': None, 'circle_concentration': None, 'eligible_count': 0, 'bet_adj': 0, 'reason': '1号艇rel_win1 < 45%: 通常判定に委ねる', 'tenji_trigger': ''}",,,32.7,両建て推奨,18.06,41.6,3,,,,,,,,,,,
2025-06-13,丸亀,2,3,興津　藍,B1,30.59,3,○,27.2848,30.3,100,73.3,0.1689,3.4111,,,0,低,133,0,ま0% 差ま0% 抜0%,2 341,0,81.4,1.785,0,0,0.15,0.05,0.05,0.1562,0.0343,0.179,,,D,○,,0.2545,0.6195,,0.3961,C,41,0,荒れ傾向。高配当狙いか見送り,0.5777,"{'is_target': False, 'verdict': '対象外', 'max_combo_prob': None, 'est_top_odds': None, 'circle_concentration': None, 'eligible_count': 0, 'bet_adj': 0, 'reason': '1号艇rel_win1 < 45%: 通常判定に委ねる', 'tenji_trigger': ''}",,,32.7,両建て推奨,18.06,41.6,3,,,,,,,,,,,
2025-06-13,丸亀,2,4,貫地谷直,B1,26.99,4,,6.1645,3.2,53,21.3,0.2189,4.8511,,,0,低,204,0,-,555 65,0,14.8,0.5857,,,,,,0.0571,0.6214,0.2643,,,E,,,0.135,0.5725,,0.3961,C,41,0,荒れ傾向。高配当狙いか見送り,0.5777,"{'is_target': False, 'verdict': '対象外', 'max_combo_prob': None, 'est_top_odds': None, 'circle_concentration': None, 'eligible_count': 0, 'bet_adj': 0, 'reason': '1号艇rel_win1 < 45%: 通常判定に委ねる', 'tenji_trigger': ''}",,,32.7,両建て推奨,18.06,41.6,3,,,,,,,,,,,
2025-06-13,丸亀,2,5,岡本慎治,B1,29.82,5,,5.4693,5.8,68,31.8,0.1741,3.8182,,,0,低,107,0,-,444 16,0,35.8,0.816,,,,,,0.4053,0.0421,0.2132,,,D,△,,0.2374,0.611,,0.3961,C,41,0,荒れ傾向。高配当狙いか見送り,0.5777,"{'is_target': False, 'verdict': '対象外', 'max_combo_prob': None, 'est_top_odds': None, 'circle_concentration': None, 'eligible_count': 0, 'bet_adj': 0, 'reason': '1号艇rel_win1 < 45%: 通常判定に委ねる', 'tenji_trigger': ''}",,,32.7,両建て推奨,18.06,41.6,3,,,,,,,,,,,
2025-06-13,丸亀,2,6,田中和也,A1,46.58,6,△,4.4486,9.5,79,56.2,0.1787,3.7812,,,0,低,135,0,-,14341,0,99.5,2.1256,,,,,,0.0455,0.0273,0.1145,,,B,◎,,0.2228,0.62,,0.3961,C,41,0,荒れ傾向。高配当狙いか見送り,0.5777,"{'is_target': False, 'verdict': '対象外', 'max_combo_prob': None, 'est_top_odds': None, 'circle_concentration': None, 'eligible_count': 0, 'bet_adj': 0, 'reason': '1号艇rel_win1 < 45%: 通常判定に委ねる', 'tenji_trigger': ''}",,,32.7,両建て推奨,18.06,41.6,3,,,,,,,,,,,
2025-06-13,丸亀,3,1,金子順一,B1,37.57,1,◎,44.1657,,0,74.1,0.1565,3.3333,,,0,低,148,0,-,6 146,0,100,2.3774,0.36,,,,,0.38,0.18,0.064,△,,C,○,,,0.6315,,0.3021,B,52,0,◎○△フォーメーション（15〜20点）,0.5777,"{'is_target': False, 'verdict': '対象外', 'max_combo_prob': None, 'est_top_odds': None, 'circle_concentration': None, 'eligible_count': 0, 'bet_adj': 0, 'reason': '1号艇rel_win1 < 45%: 通常判定に委ねる', 'tenji_trigger': ''}",,,31,両建て推奨,15.56,38.9,3,6-1-2|6-1-3|1-2-3|1-3-2|1-3-6|1-2-6|1-4-3,4-1-2|4-1-3|6-1-2|6-1-3|4-2-1|3-1-2|3-1-5|1-2-3|1-3-2|1-3-6|1-2-6|1-4-3,6-1-2:2.25%|6-1-3:1.74%|1-2-3:5.21%|1-3-2:4.96%|1-3-6:4.68%|1-2-6:4.47%|1-4-3:3.4%,6-1-2:B_main|6-1-3:B_main|1-2-3:A|1-3-2:A|1-3-6:A|1-2-6:A|1-4-3:A,7,12,0.4535,1,[!]見送り推奨（主役決まり手「まくり差し」― 逃げ劣勢レースで的中実績なし）,荒れ広め,D
2025-06-13,丸亀,3,2,岡谷健吾,B1,30.18,2,,14.7803,42.2,45,54.8,0.187,4.3904,,,0,低,180,0,差0% ま0% 抜0%,442 23,0,100,0.9338,0,0.0513,0.0513,0,0.0256,0.1444,0.1296,0.1593,,,D,◎,,0.118,0.69,,0.3021,B,52,0,◎○△フォーメーション（15〜20点）,0.5777,"{'is_target': False, 'verdict': '対象外', 'max_combo_prob': None, 'est_top_odds': None, 'circle_concentration': None, 'eligible_count': 0, 'bet_adj': 0, 'reason': '1号艇rel_win1 < 45%: 通常判定に委ねる', 'tenji_trigger': ''}",,,31,両建て推奨,15.56,38.9,3,,,,,,,,,,,
2025-06-13,丸亀,3,3,亀山雅幸,A2,30.99,3,△,19.9196,35.3,100,70.2,0.1584,2.7105,,,0,低,154,0,差0% ま0% 差ま0%,322 44,0,63.3,1.5138,0,0.0417,0.0417,0.1667,0,0.0944,0.1222,0.0944,,,D,△,,0.3468,0.6195,,0.3021,B,52,0,◎○△フォーメーション（15〜20点）,0.5777,"{'is_target': False, 'verdict': '対象外', 'max_combo_prob': None, 'est_top_odds': None, 'circle_concentration': None, 'eligible_count': 0, 'bet_adj': 0, 'reason': '1号艇rel_win1 < 45%: 通常判定に委ねる', 'tenji_trigger': ''}",,,31,両建て推奨,15.56,38.9,3,,,,,,,,,,,
2025-06-13,丸亀,3,4,石井伸長,B1,44.71,4,▲,11.6071,17,72,45,0.169,3.175,,,0,低,79,0,-,3 223,0,51.3,1.1791,0,0,0.0323,0.0645,0,0,0.5,0.25,,,B,,,0.2663,0.5655,,0.3021,B,52,0,◎○△フォーメーション（15〜20点）,0.5777,"{'is_target': False, 'verdict': '対象外', 'max_combo_prob': None, 'est_top_odds': None, 'circle_concentration': None, 'eligible_count': 0, 'bet_adj': 0, 'reason': '1号艇rel_win1 < 45%: 通常判定に委ねる', 'tenji_trigger': ''}",,,31,両建て推奨,15.56,38.9,3,,,,,,,,,,,
2025-06-13,丸亀,3,5,和合俊介,B1,28.66,5,,5.2667,1.5,69,20.3,0.1583,4.0169,,,0,低,102,0,-,546 66,0,30.8,0.7574,0,0,0,0.0323,0,0.3333,0.5333,0.08,,,E,△,,0.302,0.6265,,0.3021,B,52,0,◎○△フォーメーション（15〜20点）,0.5777,"{'is_target': False, 'verdict': '対象外', 'max_combo_prob': None, 'est_top_odds': None, 'circle_concentration': None, 'eligible_count': 0, 'bet_adj': 0, 'reason': '1号艇rel_win1 < 45%: 通常判定に委ねる', 'tenji_trigger': ''}",,,31,両建て推奨,15.56,38.9,3,,,,,,,,,,,
2025-06-13,丸亀,3,6,海野康志,A1,44.91,6,○,4.2606,3.9,53,77.8,0.1333,2.3333,,,0,低,38,1,差ま0%,13113,0,30.8,2.8322,0,0,0,0.1667,0,0,0.0387,0.2516,,◎,A,△,,0.4182,0.6265,,0.3021,B,52,0,◎○△フォーメーション（15〜20点）,0.5777,"{'is_target': False, 'verdict': '対象外', 'max_combo_prob': None, 'est_top_odds': None, 'circle_concentration': None, 'eligible_count': 0, 'bet_adj': 0, 'reason': '1号艇rel_win1 < 45%: 通常判定に委ねる', 'tenji_trigger': ''}",,,31,両建て推奨,15.56,38.9,3,,,,,,,,,,,
2025-06-13,丸亀,4,1,深川和仁,B1,40.72,1,◎,57.2088,,0,87,0.157,3.0435,,,0,低,130,0,逃1%,1 551,0,55.4,0.9479,0.7083,,,,,0.2,0.0167,0.05,◎,,B,△,,,0.606,,0.5217,S,86,0,◎1着固定 2-3着流し（5〜8点）,0.5777,"{'is_target': True, 'verdict': '点数絞り', 'max_combo_prob': 0.1217, 'est_top_odds': 11.0, 'circle_concentration': 79.1, 'eligible_count': 6, 'bet_adj': 0, 'reason': 'rel_win1=57.2%（本命度） / 最有力組み合わせ確率: 0.122（推定実オッズ?11倍） / 2着集中度: 上位2艇 79.1%（補正+0.04） / 総合判定確率: 0.162 / → ヒモはやや固め。上位2艇以外を切ること', 'tenji_trigger': '展示確認: 1号艇伸び良→そのまま採用。悪→飛び組に差し替え。circle_pct上位2艇に絞り込むこと。'}",,,27.1,逃げ狙い,13.34,29.6,2,,,,,0,0,0.7559,0,,逃げ軸流し,A
2025-06-13,丸亀,4,2,山本寛久,A1,31.29,2,▲,16.4831,54.3,87,80.4,0.1547,3.3039,,,0,低,77,0,-,163 22,0,48.1,1.1569,0,0.1379,0.0345,0,0,0.0222,0.0444,0.2056,,◎,E,○,,0.352,0.6225,,0.5217,S,86,0,◎1着固定 2-3着流し（5〜8点）,0.5777,"{'is_target': True, 'verdict': '点数絞り', 'max_combo_prob': 0.1217, 'est_top_odds': 11.0, 'circle_concentration': 79.1, 'eligible_count': 6, 'bet_adj': 0, 'reason': 'rel_win1=57.2%（本命度） / 最有力組み合わせ確率: 0.122（推定実オッズ?11倍） / 2着集中度: 上位2艇 79.1%（補正+0.04） / 総合判定確率: 0.162 / → ヒモはやや固め。上位2艇以外を切ること', 'tenji_trigger': '展示確認: 1号艇伸び良→そのまま採用。悪→飛び組に差し替え。circle_pct上位2艇に絞り込むこと。'}",,,27.1,逃げ狙い,13.34,29.6,2,,,,,,,,,,,
2025-06-13,丸亀,4,3,山地正樹,B1,40.85,3,○,8.1407,17.8,79,38.9,0.1653,3.5972,,,0,低,88,0,差ま0%,1 415,0,100,1.0681,0,0,0,0.0741,0.037,0.2091,0.1545,0.1364,,,B,◎,,0.2497,0.642,,0.5217,S,86,0,◎1着固定 2-3着流し（5〜8点）,0.5777,"{'is_target': True, 'verdict': '点数絞り', 'max_combo_prob': 0.1217, 'est_top_odds': 11.0, 'circle_concentration': 79.1, 'eligible_count': 6, 'bet_adj': 0, 'reason': 'rel_win1=57.2%（本命度） / 最有力組み合わせ確率: 0.122（推定実オッズ?11倍） / 2着集中度: 上位2艇 79.1%（補正+0.04） / 総合判定確率: 0.162 / → ヒモはやや固め。上位2艇以外を切ること', 'tenji_trigger': '展示確認: 1号艇伸び良→そのまま採用。悪→飛び組に差し替え。circle_pct上位2艇に絞り込むこと。'}",,,27.1,逃げ狙い,13.34,29.6,2,,,,,,,,,,,
2025-06-13,丸亀,4,4,吉島祥之,A2,35.47,4,△,11.3531,24.9,100,58.2,0.1565,3.1203,,,0,低,154,0,-,6 4665,0,100,2.4496,0,0,0.1562,0,0,0.0114,0.1676,0.0229,,,D,,◎,0.3242,0.5955,0.3325,0.5217,S,86,0,◎1着固定 2-3着流し（5〜8点）,0.5777,"{'is_target': True, 'verdict': '点数絞り', 'max_combo_prob': 0.1217, 'est_top_odds': 11.0, 'circle_concentration': 79.1, 'eligible_count': 6, 'bet_adj': 0, 'reason': 'rel_win1=57.2%（本命度） / 最有力組み合わせ確率: 0.122（推定実オッズ?11倍） / 2着集中度: 上位2艇 79.1%（補正+0.04） / 総合判定確率: 0.162 / → ヒモはやや固め。上位2艇以外を切ること', 'tenji_trigger': '展示確認: 1号艇伸び良→そのまま採用。悪→飛び組に差し替え。circle_pct上位2艇に絞り込むこと。'}",,,27.1,逃げ狙い,13.34,29.6,2,,,,,,,,,,,
2025-06-13,丸亀,4,5,嶋田貴支,B1,39.66,5,,5.7393,2.8,60,21.1,0.1765,3.7885,,,0,低,134,0,差ま0%,133 44,0,30.7,0.7812,0,0.037,0,0.037,0,0.0174,0.0522,0.1174,,,C,△,,0.2167,0.6045,,0.5217,S,86,0,◎1着固定 2-3着流し（5〜8点）,0.5777,"{'is_target': True, 'verdict': '点数絞り', 'max_combo_prob': 0.1217, 'est_top_odds': 11.0, 'circle_concentration': 79.1, 'eligible_count': 6, 'bet_adj': 0, 'reason': 'rel_win1=57.2%（本命度） / 最有力組み合わせ確率: 0.122（推定実オッズ?11倍） / 2着集中度: 上位2艇 79.1%（補正+0.04） / 総合判定確率: 0.162 / → ヒモはやや固め。上位2艇以外を切ること', 'tenji_trigger': '展示確認: 1号艇伸び良→そのまま採用。悪→飛び組に差し替え。circle_pct上位2艇に絞り込むこと。'}",,,27.1,逃げ狙い,13.34,29.6,2,,,,,,,,,,,
2025-06-13,丸亀,4,6,宮本琉正,B2,38.79,6,,1.075,0.3,16,1.4,0.1761,3.1571,,,0,低,33,0,-,6 6F6,0,37,2.2433,,,,,,,,,,,C,,,0.253,0.504,,0.5217,S,86,0,◎1着固定 2-3着流し（5〜8点）,0.5777,"{'is_target': True, 'verdict': '点数絞り', 'max_combo_prob': 0.1217, 'est_top_odds': 11.0, 'circle_concentration': 79.1, 'eligible_count': 6, 'bet_adj': 0, 'reason': 'rel_win1=57.2%（本命度） / 最有力組み合わせ確率: 0.122（推定実オッズ?11倍） / 2着集中度: 上位2艇 79.1%（補正+0.04） / 総合判定確率: 0.162 / → ヒモはやや固め。上位2艇以外を切ること', 'tenji_trigger': '展示確認: 1号艇伸び良→そのまま採用。悪→飛び組に差し替え。circle_pct上位2艇に絞り込むこと。'}",,,27.1,逃げ狙い,13.34,29.6,2,,,,,,,,,,,
2025-06-13,丸亀,5,1,藤田浩人,A2,30.11,1,◎,56.2672,,0,90.3,0.1491,2.9731,,,0,低,147,0,-,434 25,0,62.8,0.9737,0.7273,,,,,0.1,0.0273,0.0182,◎,,E,◎,,,0.653,,0.5421,S,94,0,◎1着固定 2-3着流し（5〜8点）,0.5777,"{'is_target': True, 'verdict': '参加推奨', 'max_combo_prob': 0.0781, 'est_top_odds': 17.1, 'circle_concentration': 73.4, 'eligible_count': 6, 'bet_adj': 2, 'reason': 'rel_win1=56.3%（本命度） / 最有力組み合わせ確率: 0.078（推定実オッズ?17倍） / 2着集中度: 上位2艇 73.4%（補正+0.04） / 総合判定確率: 0.118 / → ヒモ分散。1号艇1着固定で広めのヒモ流し推奨（買い目+2点）', 'tenji_trigger': '展示確認: ヒモ分散レース。1号艇伸び確認後、広めのヒモ流しを採用。穴ヒモ（5・6号艇）を積極的に含める。'}",,,25.9,逃げ狙い,14.14,25.3,2,,,,,0,0,0.7559,0,,逃げ軸流し,A
2025-06-13,丸亀,5,2,木場悠介,B1,38.51,2,○,15.2742,45.1,96,64.9,0.1551,3.2807,,,0,低,101,0,差0%,6 253,0,59.3,1.2721,0,0.0385,0.0769,0,0.0769,0.032,0.132,0.244,,,C,○,,0.267,0.652,,0.5421,S,94,0,◎1着固定 2-3着流し（5〜8点）,0.5777,"{'is_target': True, 'verdict': '参加推奨', 'max_combo_prob': 0.0781, 'est_top_odds': 17.1, 'circle_concentration': 73.4, 'eligible_count': 6, 'bet_adj': 2, 'reason': 'rel_win1=56.3%（本命度） / 最有力組み合わせ確率: 0.078（推定実オッズ?17倍） / 2着集中度: 上位2艇 73.4%（補正+0.04） / 総合判定確率: 0.118 / → ヒモ分散。1号艇1着固定で広めのヒモ流し推奨（買い目+2点）', 'tenji_trigger': '展示確認: ヒモ分散レース。1号艇伸び確認後、広めのヒモ流しを採用。穴ヒモ（5・6号艇）を積極的に含める。'}",,,25.9,逃げ狙い,14.14,25.3,2,,,,,,,,,,,
2025-06-13,丸亀,5,3,西野翔太,A2,33.33,3,▲,8.5104,28.3,98,68,0.1418,2.73,,,0,低,72,0,ま0%,224 34,0,93.6,0.9144,0,0,0.04,0,0,0.1556,0.0918,0.0465,,,C,△,,0.3283,0.6405,,0.5421,S,94,0,◎1着固定 2-3着流し（5〜8点）,0.5777,"{'is_target': True, 'verdict': '参加推奨', 'max_combo_prob': 0.0781, 'est_top_odds': 17.1, 'circle_concentration': 73.4, 'eligible_count': 6, 'bet_adj': 2, 'reason': 'rel_win1=56.3%（本命度） / 最有力組み合わせ確率: 0.078（推定実オッズ?17倍） / 2着集中度: 上位2艇 73.4%（補正+0.04） / 総合判定確率: 0.118 / → ヒモ分散。1号艇1着固定で広めのヒモ流し推奨（買い目+2点）', 'tenji_trigger': '展示確認: ヒモ分散レース。1号艇伸び確認後、広めのヒモ流しを採用。穴ヒモ（5・6号艇）を積極的に含める。'}",,,25.9,逃げ狙い,14.14,25.3,2,,,,,,,,,,,
2025-06-13,丸亀,5,4,井上尚悟,B1,44.38,4,△,8.0804,7.9,100,36.6,0.1741,3.5986,,,0,低,157,0,-,451 22,0,71.6,1.4334,0,0.0286,0,0,0,0.1832,0.0842,0.1621,,,A,,,0.1868,0.593,,0.5421,S,94,0,◎1着固定 2-3着流し（5〜8点）,0.5777,"{'is_target': True, 'verdict': '参加推奨', 'max_combo_prob': 0.0781, 'est_top_odds': 17.1, 'circle_concentration': 73.4, 'eligible_count': 6, 'bet_adj': 2, 'reason': 'rel_win1=56.3%（本命度） / 最有力組み合わせ確率: 0.078（推定実オッズ?17倍） / 2着集中度: 上位2艇 73.4%（補正+0.04） / 総合判定確率: 0.118 / → ヒモ分散。1号艇1着固定で広めのヒモ流し推奨（買い目+2点）', 'tenji_trigger': '展示確認: ヒモ分散レース。1号艇伸び確認後、広めのヒモ流しを採用。穴ヒモ（5・6号艇）を積極的に含める。'}",,,25.9,逃げ狙い,14.14,25.3,2,,,,,,,,,,,
2025-06-13,丸亀,5,5,出畑孝成,B2,30.86,5,,6.4882,14.4,40,32.5,0.1663,3.0875,,,0,低,89,0,差ま0%,655 5S,0,46.6,1.0607,0,0,0,0.0741,0,,,,,,D,,,0.2421,0.542,,0.5421,S,94,0,◎1着固定 2-3着流し（5〜8点）,0.5777,"{'is_target': True, 'verdict': '参加推奨', 'max_combo_prob': 0.0781, 'est_top_odds': 17.1, 'circle_concentration': 73.4, 'eligible_count': 6, 'bet_adj': 2, 'reason': 'rel_win1=56.3%（本命度） / 最有力組み合わせ確率: 0.078（推定実オッズ?17倍） / 2着集中度: 上位2艇 73.4%（補正+0.04） / 総合判定確率: 0.118 / → ヒモ分散。1号艇1着固定で広めのヒモ流し推奨（買い目+2点）', 'tenji_trigger': '展示確認: ヒモ分散レース。1号艇伸び確認後、広めのヒモ流しを採用。穴ヒモ（5・6号艇）を積極的に含める。'}",,,25.9,逃げ狙い,14.14,25.3,2,,,,,,,,,,,
2025-06-13,丸亀,5,6,近江翔吾,A1,40.96,6,,5.3796,4.3,87,50,0.1671,3.5882,,,0,低,52,0,-,312 14,0,30.1,1.8833,0,0,0.0526,0,0,0.0811,0.0541,0.027,,,B,△,,0.2363,0.6415,,0.5421,S,94,0,◎1着固定 2-3着流し（5〜8点）,0.5777,"{'is_target': True, 'verdict': '参加推奨', 'max_combo_prob': 0.0781, 'est_top_odds': 17.1, 'circle_concentration': 73.4, 'eligible_count': 6, 'bet_adj': 2, 'reason': 'rel_win1=56.3%（本命度） / 最有力組み合わせ確率: 0.078（推定実オッズ?17倍） / 2着集中度: 上位2艇 73.4%（補正+0.04） / 総合判定確率: 0.118 / → ヒモ分散。1号艇1着固定で広めのヒモ流し推奨（買い目+2点）', 'tenji_trigger': '展示確認: ヒモ分散レース。1号艇伸び確認後、広めのヒモ流しを採用。穴ヒモ（5・6号艇）を積極的に含める。'}",,,25.9,逃げ狙い,14.14,25.3,2,,,,,,,,,,,
2025-06-13,丸亀,6,1,里岡右貴,A1,36.52,1,◎,62.6772,,0,91.4,0.1366,2.5,,,0,低,75,0,逃1%,152121,0,89.6,1.1718,0.64,,,,,0.115,0.139,0.024,◎,,B,○,,,0.641,,0.6286,S,89,0,◎1着固定 2-3着流し（5〜8点）,0.5777,"{'is_target': True, 'verdict': '点数絞り', 'max_combo_prob': 0.1593, 'est_top_odds': 8.4, 'circle_concentration': 73.6, 'eligible_count': 6, 'bet_adj': 0, 'reason': 'rel_win1=62.7%（本命度） / 最有力組み合わせ確率: 0.159（推定実オッズ?8倍） / 2着集中度: 上位2艇 73.6%（補正+0.04） / 総合判定確率: 0.199 / → ヒモはやや固め。上位2艇以外を切ること', 'tenji_trigger': '展示確認: 1号艇伸び良→そのまま採用。悪→飛び組に差し替え。circle_pct上位2艇に絞り込むこと。\n展示で1号艇スタート超安定(0.137秒)→ヒモ固まり方向に注意'}",,,27.3,逃げ狙い,15.42,28.3,3,,,,,0,0,0.7559,0,,逃げ軸流し,A
2025-06-13,丸亀,6,2,冨成謙児,B1,27.27,2,▲,8.4462,49.3,64,59.7,0.1504,3.3961,,,0,低,112,0,-,434 63,0,35,0.7957,,,,,,0.3043,0.1739,0.1739,,,D,◎,,0.2067,0.6875,,0.6286,S,89,0,◎1着固定 2-3着流し（5〜8点）,0.5777,"{'is_target': True, 'verdict': '点数絞り', 'max_combo_prob': 0.1593, 'est_top_odds': 8.4, 'circle_concentration': 73.6, 'eligible_count': 6, 'bet_adj': 0, 'reason': 'rel_win1=62.7%（本命度） / 最有力組み合わせ確率: 0.159（推定実オッズ?8倍） / 2着集中度: 上位2艇 73.6%（補正+0.04） / 総合判定確率: 0.199 / → ヒモはやや固め。上位2艇以外を切ること', 'tenji_trigger': '展示確認: 1号艇伸び良→そのまま採用。悪→飛び組に差し替え。circle_pct上位2艇に絞り込むこと。\n展示で1号艇スタート超安定(0.137秒)→ヒモ固まり方向に注意'}",,,27.3,逃げ狙い,15.42,28.3,3,,,,,,,,,,,
2025-06-13,丸亀,6,3,芦澤　望,A2,25.17,3,△,15.1406,24.3,65,64.9,0.1446,2.7018,,,0,低,106,0,-,1 3343,0,42.6,0.9775,0,0.0625,0.0625,0.0312,0,0,0.1286,0.1886,,,E,,,0.2703,0.589,,0.6286,S,89,0,◎1着固定 2-3着流し（5〜8点）,0.5777,"{'is_target': True, 'verdict': '点数絞り', 'max_combo_prob': 0.1593, 'est_top_odds': 8.4, 'circle_concentration': 73.6, 'eligible_count': 6, 'bet_adj': 0, 'reason': 'rel_win1=62.7%（本命度） / 最有力組み合わせ確率: 0.159（推定実オッズ?8倍） / 2着集中度: 上位2艇 73.6%（補正+0.04） / 総合判定確率: 0.199 / → ヒモはやや固め。上位2艇以外を切ること', 'tenji_trigger': '展示確認: 1号艇伸び良→そのまま採用。悪→飛び組に差し替え。circle_pct上位2艇に絞り込むこと。\n展示で1号艇スタート超安定(0.137秒)→ヒモ固まり方向に注意'}",,,27.3,逃げ狙い,15.42,28.3,3,,,,,,,,,,,
2025-06-13,丸亀,6,4,飯島昌弘,A1,39.77,4,○,8.769,22.9,100,73.9,0.1738,3.5385,,,0,低,119,0,-,221342,0,30.8,0.69,0,0.0278,0.0556,0,0.0278,0,0.1242,0.0242,,,A,△,◎,0.1651,0.6275,0.3474,0.6286,S,89,0,◎1着固定 2-3着流し（5〜8点）,0.5777,"{'is_target': True, 'verdict': '点数絞り', 'max_combo_prob': 0.1593, 'est_top_odds': 8.4, 'circle_concentration': 73.6, 'eligible_count': 6, 'bet_adj': 0, 'reason': 'rel_win1=62.7%（本命度） / 最有力組み合わせ確率: 0.159（推定実オッズ?8倍） / 2着集中度: 上位2艇 73.6%（補正+0.04） / 総合判定確率: 0.199 / → ヒモはやや固め。上位2艇以外を切ること', 'tenji_trigger': '展示確認: 1号艇伸び良→そのまま採用。悪→飛び組に差し替え。circle_pct上位2艇に絞り込むこと。\n展示で1号艇スタート超安定(0.137秒)→ヒモ固まり方向に注意'}",,,27.3,逃げ狙い,15.42,28.3,3,,,,,,,,,,,
2025-06-13,丸亀,6,5,高木圭大,B1,25.64,5,,2.705,3.2,19,10.7,0.1589,3.2054,,,0,低,107,0,-,5 661,0,28.1,0.6205,,,,,,0.0632,0.1842,0.2632,,,D,△,,0.2628,0.606,,0.6286,S,89,0,◎1着固定 2-3着流し（5〜8点）,0.5777,"{'is_target': True, 'verdict': '点数絞り', 'max_combo_prob': 0.1593, 'est_top_odds': 8.4, 'circle_concentration': 73.6, 'eligible_count': 6, 'bet_adj': 0, 'reason': 'rel_win1=62.7%（本命度） / 最有力組み合わせ確率: 0.159（推定実オッズ?8倍） / 2着集中度: 上位2艇 73.6%（補正+0.04） / 総合判定確率: 0.199 / → ヒモはやや固め。上位2艇以外を切ること', 'tenji_trigger': '展示確認: 1号艇伸び良→そのまま採用。悪→飛び組に差し替え。circle_pct上位2艇に絞り込むこと。\n展示で1号艇スタート超安定(0.137秒)→ヒモ固まり方向に注意'}",,,27.3,逃げ狙い,15.42,28.3,3,,,,,,,,,,,
2025-06-13,丸亀,6,6,日高龍之,B2,34.34,6,,2.2621,0.3,10,3.3,0.2102,4.5656,,,0,低,49,0,-,666 55,0,20.5,0.6331,0,0,0,0.0164,0,,,,,,C,,,0.1201,0.529,,0.6286,S,89,0,◎1着固定 2-3着流し（5〜8点）,0.5777,"{'is_target': True, 'verdict': '点数絞り', 'max_combo_prob': 0.1593, 'est_top_odds': 8.4, 'circle_concentration': 73.6, 'eligible_count': 6, 'bet_adj': 0, 'reason': 'rel_win1=62.7%（本命度） / 最有力組み合わせ確率: 0.159（推定実オッズ?8倍） / 2着集中度: 上位2艇 73.6%（補正+0.04） / 総合判定確率: 0.199 / → ヒモはやや固め。上位2艇以外を切ること', 'tenji_trigger': '展示確認: 1号艇伸び良→そのまま採用。悪→飛び組に差し替え。circle_pct上位2艇に絞り込むこと。\n展示で1号艇スタート超安定(0.137秒)→ヒモ固まり方向に注意'}",,,27.3,逃げ狙い,15.42,28.3,3,,,,,,,,,,,
2025-06-13,丸亀,7,1,岡田憲行,A2,29.94,1,◎,59.8019,,0,86.9,0.1962,4.0357,,,0,低,196,0,-,34362,0,54.9,0.9554,0.6389,,,,,0.0111,0.0444,0.1978,○,,D,,,,0.5985,,0.3314,S,85,0,◎1着固定 2-3着流し（5〜8点）,0.5777,"{'is_target': True, 'verdict': '参加推奨', 'max_combo_prob': 0.052, 'est_top_odds': 25.6, 'circle_concentration': 50.3, 'eligible_count': 6, 'bet_adj': 2, 'reason': 'rel_win1=59.8%（本命度） / 最有力組み合わせ確率: 0.052（推定実オッズ?26倍） / 2着集中度: 上位2艇 50.3%（補正-0.04） / 総合判定確率: 0.012 / → ヒモ分散。1号艇1着固定で広めのヒモ流し推奨（買い目+2点）', 'tenji_trigger': '展示確認: ヒモ分散レース。1号艇伸び確認後、広めのヒモ流しを採用。穴ヒモ（5・6号艇）を積極的に含める。\n展示で1号艇スタート遅め(0.196秒)確認→ヒモが荒れやすい'}",,,33.7,逃げ狙い,19.25,29,2,,,,,0,0,0.6155,0,,逃げ軸流し,A
2025-06-13,丸亀,7,2,東　健介,B1,38.75,2,▲,10.8045,26.1,66,41.5,0.1532,3.5,,,0,低,99,0,ま0%,255 46,0,100,0.7119,0,0,0.0455,0,0,0.0667,0.1556,0.5389,,◎,B,△,,0.5567,0.631,,0.3314,S,85,0,◎1着固定 2-3着流し（5〜8点）,0.5777,"{'is_target': True, 'verdict': '参加推奨', 'max_combo_prob': 0.052, 'est_top_odds': 25.6, 'circle_concentration': 50.3, 'eligible_count': 6, 'bet_adj': 2, 'reason': 'rel_win1=59.8%（本命度） / 最有力組み合わせ確率: 0.052（推定実オッズ?26倍） / 2着集中度: 上位2艇 50.3%（補正-0.04） / 総合判定確率: 0.012 / → ヒモ分散。1号艇1着固定で広めのヒモ流し推奨（買い目+2点）', 'tenji_trigger': '展示確認: ヒモ分散レース。1号艇伸び確認後、広めのヒモ流しを採用。穴ヒモ（5・6号艇）を積極的に含める。\n展示で1号艇スタート遅め(0.196秒)確認→ヒモが荒れやすい'}",,,33.7,逃げ狙い,19.25,29,2,,,,,,,,,,,
2025-06-13,丸亀,7,3,品川賢次,B1,34.73,3,,7.8223,18.1,100,46.3,0.1694,3.7778,,,0,低,141,0,差0%,3 465,0,29.9,0.8556,0,0.0526,0,0,0,0.3835,0.1489,0.1278,,,C,,,0.425,0.59,,0.3314,S,85,0,◎1着固定 2-3着流し（5〜8点）,0.5777,"{'is_target': True, 'verdict': '参加推奨', 'max_combo_prob': 0.052, 'est_top_odds': 25.6, 'circle_concentration': 50.3, 'eligible_count': 6, 'bet_adj': 2, 'reason': 'rel_win1=59.8%（本命度） / 最有力組み合わせ確率: 0.052（推定実オッズ?26倍） / 2着集中度: 上位2艇 50.3%（補正-0.04） / 総合判定確率: 0.012 / → ヒモ分散。1号艇1着固定で広めのヒモ流し推奨（買い目+2点）', 'tenji_trigger': '展示確認: ヒモ分散レース。1号艇伸び確認後、広めのヒモ流しを採用。穴ヒモ（5・6号艇）を積極的に含める。\n展示で1号艇スタート遅め(0.196秒)確認→ヒモが荒れやすい'}",,,33.7,逃げ狙い,19.25,29,2,,,,,,,,,,,
2025-06-13,丸亀,7,4,西川新太,B1,32.30,4,△,11.9637,24.2,61,49.1,0.1478,2.9576,,,0,低,96,0,差ま0%,5 233,0,55.1,1.1832,0,0,0,0.0417,0,0.26,0.24,0.2,,△,C,△,◎,0.4659,0.6235,0.2591,0.3314,S,85,0,◎1着固定 2-3着流し（5〜8点）,0.5777,"{'is_target': True, 'verdict': '参加推奨', 'max_combo_prob': 0.052, 'est_top_odds': 25.6, 'circle_concentration': 50.3, 'eligible_count': 6, 'bet_adj': 2, 'reason': 'rel_win1=59.8%（本命度） / 最有力組み合わせ確率: 0.052（推定実オッズ?26倍） / 2着集中度: 上位2艇 50.3%（補正-0.04） / 総合判定確率: 0.012 / → ヒモ分散。1号艇1着固定で広めのヒモ流し推奨（買い目+2点）', 'tenji_trigger': '展示確認: ヒモ分散レース。1号艇伸び確認後、広めのヒモ流しを採用。穴ヒモ（5・6号艇）を積極的に含める。\n展示で1号艇スタート遅め(0.196秒)確認→ヒモが荒れやすい'}",,,33.7,逃げ狙い,19.25,29,2,,,,,,,,,,,
2025-06-13,丸亀,7,5,赤羽克也,A2,26.95,5,,5.143,21.7,60,49.2,0.1592,3.6077,,,0,低,137,0,抜0%,541 45,0,25.8,2.9483,0,0,0,0.0357,0.0357,0.2828,0.1885,0.0138,,,E,○,,0.407,0.633,,0.3314,S,85,0,◎1着固定 2-3着流し（5〜8点）,0.5777,"{'is_target': True, 'verdict': '参加推奨', 'max_combo_prob': 0.052, 'est_top_odds': 25.6, 'circle_concentration': 50.3, 'eligible_count': 6, 'bet_adj': 2, 'reason': 'rel_win1=59.8%（本命度） / 最有力組み合わせ確率: 0.052（推定実オッズ?26倍） / 2着集中度: 上位2艇 50.3%（補正-0.04） / 総合判定確率: 0.012 / → ヒモ分散。1号艇1着固定で広めのヒモ流し推奨（買い目+2点）', 'tenji_trigger': '展示確認: ヒモ分散レース。1号艇伸び確認後、広めのヒモ流しを採用。穴ヒモ（5・6号艇）を積極的に含める。\n展示で1号艇スタート遅め(0.196秒)確認→ヒモが荒れやすい'}",,,33.7,逃げ狙い,19.25,29,2,,,,,,,,,,,
2025-06-13,丸亀,7,6,若林　将,A1,40.24,6,○,4.4646,9.9,79,52.8,0.1304,2.5943,,,0,低,35,0,-,21211,0,24,0.5975,,,,,,0.2214,0,0.1036,,○,B,◎,,0.4955,0.6995,,0.3314,S,85,0,◎1着固定 2-3着流し（5〜8点）,0.5777,"{'is_target': True, 'verdict': '参加推奨', 'max_combo_prob': 0.052, 'est_top_odds': 25.6, 'circle_concentration': 50.3, 'eligible_count': 6, 'bet_adj': 2, 'reason': 'rel_win1=59.8%（本命度） / 最有力組み合わせ確率: 0.052（推定実オッズ?26倍） / 2着集中度: 上位2艇 50.3%（補正-0.04） / 総合判定確率: 0.012 / → ヒモ分散。1号艇1着固定で広めのヒモ流し推奨（買い目+2点）', 'tenji_trigger': '展示確認: ヒモ分散レース。1号艇伸び確認後、広めのヒモ流しを採用。穴ヒモ（5・6号艇）を積極的に含める。\n展示で1号艇スタート遅め(0.196秒)確認→ヒモが荒れやすい'}",,,33.7,逃げ狙い,19.25,29,2,,,,,,,,,,,
2025-06-13,丸亀,8,1,田中和也,A1,46.58,1,◎,66.3646,,0,88.8,0.1654,3.4184,,,0,低,135,0,逃0%,14341,0,97.6,1.391,0.5909,,,,,0.0455,0.0273,0.1145,○,,A,△,,,0.62,,0.4023,S,100,0,◎1着固定 2-3着流し（5〜8点）,0.5777,"{'is_target': True, 'verdict': '点数絞り', 'max_combo_prob': 0.0996, 'est_top_odds': 13.4, 'circle_concentration': 77.4, 'eligible_count': 6, 'bet_adj': 0, 'reason': 'rel_win1=66.4%（本命度） / 最有力組み合わせ確率: 0.100（推定実オッズ?13倍） / 2着集中度: 上位2艇 77.4%（補正+0.04） / 総合判定確率: 0.140 / → ヒモはやや固め。上位2艇以外を切ること', 'tenji_trigger': '展示確認: 1号艇伸び良→そのまま採用。悪→飛び組に差し替え。circle_pct上位2艇に絞り込むこと。'}",,,28.2,逃げ狙い,21.23,26,2,,,,,0,0,0.6155,0,,逃げ軸流し,A
2025-06-13,丸亀,8,2,馬場　剛,A2,33.90,2,▲,15.4121,50.4,72,68.8,0.1171,2.3542,,,0,低,35,0,ま0%,3 1213,0,54.6,1.136,0,0,0.1481,0,0,0.1535,0.0222,0.1323,,◎,D,◎,,0.5788,0.8035,,0.4023,S,100,0,◎1着固定 2-3着流し（5〜8点）,0.5777,"{'is_target': True, 'verdict': '点数絞り', 'max_combo_prob': 0.0996, 'est_top_odds': 13.4, 'circle_concentration': 77.4, 'eligible_count': 6, 'bet_adj': 0, 'reason': 'rel_win1=66.4%（本命度） / 最有力組み合わせ確率: 0.100（推定実オッズ?13倍） / 2着集中度: 上位2艇 77.4%（補正+0.04） / 総合判定確率: 0.140 / → ヒモはやや固め。上位2艇以外を切ること', 'tenji_trigger': '展示確認: 1号艇伸び良→そのまま採用。悪→飛び組に差し替え。circle_pct上位2艇に絞り込むこと。'}",,,28.2,逃げ狙い,21.23,26,2,,,,,,,,,,,
2025-06-13,丸亀,8,3,中里英夫,B1,45.10,3,○,8.0286,26.9,98,54.5,0.1518,3.3909,,,0,低,123,0,差ま0%,321 32,0,41.1,0.9765,0,0,0,0.08,0,0.1292,0.2458,0.1958,,○,B,△,,0.3673,0.641,,0.4023,S,100,0,◎1着固定 2-3着流し（5〜8点）,0.5777,"{'is_target': True, 'verdict': '点数絞り', 'max_combo_prob': 0.0996, 'est_top_odds': 13.4, 'circle_concentration': 77.4, 'eligible_count': 6, 'bet_adj': 0, 'reason': 'rel_win1=66.4%（本命度） / 最有力組み合わせ確率: 0.100（推定実オッズ?13倍） / 2着集中度: 上位2艇 77.4%（補正+0.04） / 総合判定確率: 0.140 / → ヒモはやや固め。上位2艇以外を切ること', 'tenji_trigger': '展示確認: 1号艇伸び良→そのまま採用。悪→飛び組に差し替え。circle_pct上位2艇に絞り込むこと。'}",,,28.2,逃げ狙い,21.23,26,2,,,,,,,,,,,
2025-06-13,丸亀,8,4,山地正樹,B1,40.85,4,,4.8983,11.4,93,30.2,0.1807,4.2907,,,0,低,88,0,-,1 415,0,53.4,0.4936,,,,,,0.2091,0.1545,0.1364,,,C,○,,0.2567,0.642,,0.4023,S,100,0,◎1着固定 2-3着流し（5〜8点）,0.5777,"{'is_target': True, 'verdict': '点数絞り', 'max_combo_prob': 0.0996, 'est_top_odds': 13.4, 'circle_concentration': 77.4, 'eligible_count': 6, 'bet_adj': 0, 'reason': 'rel_win1=66.4%（本命度） / 最有力組み合わせ確率: 0.100（推定実オッズ?13倍） / 2着集中度: 上位2艇 77.4%（補正+0.04） / 総合判定確率: 0.140 / → ヒモはやや固め。上位2艇以外を切ること', 'tenji_trigger': '展示確認: 1号艇伸び良→そのまま採用。悪→飛び組に差し替え。circle_pct上位2艇に絞り込むこと。'}",,,28.2,逃げ狙い,21.23,26,2,,,,,,,,,,,
2025-06-13,丸亀,8,5,亀山雅幸,A2,30.99,5,,2.2088,6.9,100,45.8,0.1854,3.8611,,,0,低,154,0,-,322 44,0,38.5,0.8162,0,0,0,0.0345,0,0.0944,0.1222,0.0944,,,E,,,0.2191,0.6195,,0.4023,S,100,0,◎1着固定 2-3着流し（5〜8点）,0.5777,"{'is_target': True, 'verdict': '点数絞り', 'max_combo_prob': 0.0996, 'est_top_odds': 13.4, 'circle_concentration': 77.4, 'eligible_count': 6, 'bet_adj': 0, 'reason': 'rel_win1=66.4%（本命度） / 最有力組み合わせ確率: 0.100（推定実オッズ?13倍） / 2着集中度: 上位2艇 77.4%（補正+0.04） / 総合判定確率: 0.140 / → ヒモはやや固め。上位2艇以外を切ること', 'tenji_trigger': '展示確認: 1号艇伸び良→そのまま採用。悪→飛び組に差し替え。circle_pct上位2艇に絞り込むこと。'}",,,28.2,逃げ狙い,21.23,26,2,,,,,,,,,,,
2025-06-13,丸亀,8,6,石井伸長,B1,44.71,6,△,3.0876,4.3,45,23.5,0.1533,3.4847,,,0,低,79,0,差ま0%,3 223,0,25.3,1.1547,0,0.027,0.027,0.0811,0,0,0.5,0.25,,,C,,◎,0.3371,0.5655,0.3502,0.4023,S,100,0,◎1着固定 2-3着流し（5〜8点）,0.5777,"{'is_target': True, 'verdict': '点数絞り', 'max_combo_prob': 0.0996, 'est_top_odds': 13.4, 'circle_concentration': 77.4, 'eligible_count': 6, 'bet_adj': 0, 'reason': 'rel_win1=66.4%（本命度） / 最有力組み合わせ確率: 0.100（推定実オッズ?13倍） / 2着集中度: 上位2艇 77.4%（補正+0.04） / 総合判定確率: 0.140 / → ヒモはやや固め。上位2艇以外を切ること', 'tenji_trigger': '展示確認: 1号艇伸び良→そのまま採用。悪→飛び組に差し替え。circle_pct上位2艇に絞り込むこと。'}",,,28.2,逃げ狙い,21.23,26,2,,,,,,,,,,,
2025-06-13,丸亀,9,1,海野康志,A1,44.91,1,◎,66.7314,,0,100,0.118,2.413,,,0,低,38,0,逃1%,13113,0,86.4,1.0926,0.7097,,,,,0,0.0387,0.2516,◎,,A,○,,,0.6265,,0.669,S,98,0,◎1着固定 2-3着流し（5〜8点）,0.5777,"{'is_target': True, 'verdict': '点数絞り', 'max_combo_prob': 0.1187, 'est_top_odds': 11.2, 'circle_concentration': 80.1, 'eligible_count': 6, 'bet_adj': 0, 'reason': 'rel_win1=66.7%（本命度） / 最有力組み合わせ確率: 0.119（推定実オッズ?11倍） / 2着集中度: 上位2艇 80.1%（補正+0.04） / 総合判定確率: 0.159 / → ヒモはやや固め。上位2艇以外を切ること', 'tenji_trigger': '展示確認: 1号艇伸び良→そのまま採用。悪→飛び組に差し替え。circle_pct上位2艇に絞り込むこと。\n展示で1号艇スタート超安定(0.118秒)→ヒモ固まり方向に注意'}",,,25.8,逃げ狙い,15.24,24.1,2,,,,,0,0,0.7559,0,,逃げ軸流し,A
2025-06-13,丸亀,9,2,近江翔吾,A1,40.96,2,○,15.0495,55.8,62,80.6,0.1244,2.5833,,,0,低,52,0,差0%,312 14,0,42.8,0.8479,0,0.2222,0,0,0,0.0811,0.0541,0.027,,,C,◎,,0.2885,0.6415,,0.669,S,98,0,◎1着固定 2-3着流し（5〜8点）,0.5777,"{'is_target': True, 'verdict': '点数絞り', 'max_combo_prob': 0.1187, 'est_top_odds': 11.2, 'circle_concentration': 80.1, 'eligible_count': 6, 'bet_adj': 0, 'reason': 'rel_win1=66.7%（本命度） / 最有力組み合わせ確率: 0.119（推定実オッズ?11倍） / 2着集中度: 上位2艇 80.1%（補正+0.04） / 総合判定確率: 0.159 / → ヒモはやや固め。上位2艇以外を切ること', 'tenji_trigger': '展示確認: 1号艇伸び良→そのまま採用。悪→飛び組に差し替え。circle_pct上位2艇に絞り込むこと。\n展示で1号艇スタート超安定(0.118秒)→ヒモ固まり方向に注意'}",,,25.8,逃げ狙い,15.24,24.1,2,,,,,,,,,,,
2025-06-13,丸亀,9,3,井上尚悟,B1,44.38,3,▲,8.6195,24.2,100,54.5,0.1745,3.5909,,,0,低,157,0,-,451 22,0,19.6,0.6375,0,0.0333,0,0.0333,0.0333,0.1832,0.0842,0.1621,,,B,,,0.1018,0.593,,0.669,S,98,0,◎1着固定 2-3着流し（5〜8点）,0.5777,"{'is_target': True, 'verdict': '点数絞り', 'max_combo_prob': 0.1187, 'est_top_odds': 11.2, 'circle_concentration': 80.1, 'eligible_count': 6, 'bet_adj': 0, 'reason': 'rel_win1=66.7%（本命度） / 最有力組み合わせ確率: 0.119（推定実オッズ?11倍） / 2着集中度: 上位2艇 80.1%（補正+0.04） / 総合判定確率: 0.159 / → ヒモはやや固め。上位2艇以外を切ること', 'tenji_trigger': '展示確認: 1号艇伸び良→そのまま採用。悪→飛び組に差し替え。circle_pct上位2艇に絞り込むこと。\n展示で1号艇スタート超安定(0.118秒)→ヒモ固まり方向に注意'}",,,25.8,逃げ狙い,15.24,24.1,2,,,,,,,,,,,
2025-06-13,丸亀,9,4,嶋田貴支,B1,39.66,4,△,6.0186,8.4,90,43.8,0.1808,3.6354,,,0,低,134,0,-,133 44,0,47.4,0.9532,0,0.0476,0,0,0,0.0174,0.0522,0.1174,,,C,△,,0.1091,0.6045,,0.669,S,98,0,◎1着固定 2-3着流し（5〜8点）,0.5777,"{'is_target': True, 'verdict': '点数絞り', 'max_combo_prob': 0.1187, 'est_top_odds': 11.2, 'circle_concentration': 80.1, 'eligible_count': 6, 'bet_adj': 0, 'reason': 'rel_win1=66.7%（本命度） / 最有力組み合わせ確率: 0.119（推定実オッズ?11倍） / 2着集中度: 上位2艇 80.1%（補正+0.04） / 総合判定確率: 0.159 / → ヒモはやや固め。上位2艇以外を切ること', 'tenji_trigger': '展示確認: 1号艇伸び良→そのまま採用。悪→飛び組に差し替え。circle_pct上位2艇に絞り込むこと。\n展示で1号艇スタート超安定(0.118秒)→ヒモ固まり方向に注意'}",,,25.8,逃げ狙い,15.24,24.1,2,,,,,,,,,,,
2025-06-13,丸亀,9,5,大串重幸,A2,33.97,5,,2.6448,8.2,79,37.1,0.1653,3.8065,,,0,低,132,0,-,2 5213,0,50,0.9345,0,0,0,0.0357,0,0.1088,0.0526,0.1193,,,D,△,,0.1321,0.6085,,0.669,S,98,0,◎1着固定 2-3着流し（5〜8点）,0.5777,"{'is_target': True, 'verdict': '点数絞り', 'max_combo_prob': 0.1187, 'est_top_odds': 11.2, 'circle_concentration': 80.1, 'eligible_count': 6, 'bet_adj': 0, 'reason': 'rel_win1=66.7%（本命度） / 最有力組み合わせ確率: 0.119（推定実オッズ?11倍） / 2着集中度: 上位2艇 80.1%（補正+0.04） / 総合判定確率: 0.159 / → ヒモはやや固め。上位2艇以外を切ること', 'tenji_trigger': '展示確認: 1号艇伸び良→そのまま採用。悪→飛び組に差し替え。circle_pct上位2艇に絞り込むこと。\n展示で1号艇スタート超安定(0.118秒)→ヒモ固まり方向に注意'}",,,25.8,逃げ狙い,15.24,24.1,2,,,,,,,,,,,
2025-06-13,丸亀,9,6,菊池峰晴,B1,32.74,6,,0.9361,3.3,45,24.4,0.219,4.8902,,,0,低,151,0,-,2 623,0,40,1.0803,,,,,,0.2,0.2,0.3,,,E,,,0.1389,0.593,,0.669,S,98,0,◎1着固定 2-3着流し（5〜8点）,0.5777,"{'is_target': True, 'verdict': '点数絞り', 'max_combo_prob': 0.1187, 'est_top_odds': 11.2, 'circle_concentration': 80.1, 'eligible_count': 6, 'bet_adj': 0, 'reason': 'rel_win1=66.7%（本命度） / 最有力組み合わせ確率: 0.119（推定実オッズ?11倍） / 2着集中度: 上位2艇 80.1%（補正+0.04） / 総合判定確率: 0.159 / → ヒモはやや固め。上位2艇以外を切ること', 'tenji_trigger': '展示確認: 1号艇伸び良→そのまま採用。悪→飛び組に差し替え。circle_pct上位2艇に絞り込むこと。\n展示で1号艇スタート超安定(0.118秒)→ヒモ固まり方向に注意'}",,,25.8,逃げ狙い,15.24,24.1,2,,,,,,,,,,,
2025-06-13,丸亀,10,1,本多宏和,A1,36.36,1,◎,58.4772,,0,82,0.1452,2.99,,,0,低,73,0,逃1%,1 6411,0,91.2,1.2112,0.6667,,,,,0.1111,0.0556,0.1667,◎,,B,○,,,0.6585,,0.5226,A,71,0,◎-○軸 3着3〜4艇流し（10〜15点）,0.5777,"{'is_target': True, 'verdict': '点数絞り', 'max_combo_prob': 0.093, 'est_top_odds': 14.3, 'circle_concentration': 72.6, 'eligible_count': 8, 'bet_adj': 0, 'reason': 'rel_win1=58.5%（本命度） / 最有力組み合わせ確率: 0.093（推定実オッズ?14倍） / 2着集中度: 上位2艇 72.6%（補正+0.04） / 総合判定確率: 0.133 / → ヒモはやや固め。上位2艇以外を切ること', 'tenji_trigger': '展示確認: 1号艇伸び良→そのまま採用。悪→飛び組に差し替え。circle_pct上位2艇に絞り込むこと。'}",,,28.7,逃げ狙い,20.41,28,2,,,,,0,0,0.7559,0,,逃げ軸流し,A
2025-06-13,丸亀,10,2,里岡右貴,A1,36.52,2,○,16.2939,49,85,81.5,0.1409,2.6481,,,0,低,75,0,差1%,152121,0,86.9,0.779,0,0.2,0.12,0,0,0.115,0.139,0.024,,◎,B,△,,0.3873,0.641,,0.5226,A,71,0,◎-○軸 3着3〜4艇流し（10〜15点）,0.5777,"{'is_target': True, 'verdict': '点数絞り', 'max_combo_prob': 0.093, 'est_top_odds': 14.3, 'circle_concentration': 72.6, 'eligible_count': 8, 'bet_adj': 0, 'reason': 'rel_win1=58.5%（本命度） / 最有力組み合わせ確率: 0.093（推定実オッズ?14倍） / 2着集中度: 上位2艇 72.6%（補正+0.04） / 総合判定確率: 0.133 / → ヒモはやや固め。上位2艇以外を切ること', 'tenji_trigger': '展示確認: 1号艇伸び良→そのまま採用。悪→飛び組に差し替え。circle_pct上位2艇に絞り込むこと。'}",,,28.7,逃げ狙い,20.41,28,2,,,,,,,,,,,
2025-06-13,丸亀,10,3,山本寛久,A1,31.29,3,▲,14.0093,23.6,100,76.2,0.161,3.2381,,,0,低,77,0,ま0% 抜0%,163 22,0,64.6,1.416,0,0,0.0909,0,0.0909,0.0222,0.0444,0.2056,,,C,,,0.2127,0.6225,,0.5226,A,71,0,◎-○軸 3着3〜4艇流し（10〜15点）,0.5777,"{'is_target': True, 'verdict': '点数絞り', 'max_combo_prob': 0.093, 'est_top_odds': 14.3, 'circle_concentration': 72.6, 'eligible_count': 8, 'bet_adj': 0, 'reason': 'rel_win1=58.5%（本命度） / 最有力組み合わせ確率: 0.093（推定実オッズ?14倍） / 2着集中度: 上位2艇 72.6%（補正+0.04） / 総合判定確率: 0.133 / → ヒモはやや固め。上位2艇以外を切ること', 'tenji_trigger': '展示確認: 1号艇伸び良→そのまま採用。悪→飛び組に差し替え。circle_pct上位2艇に絞り込むこと。'}",,,28.7,逃げ狙い,20.41,28,2,,,,,,,,,,,
2025-06-13,丸亀,10,4,興津　藍,B1,30.59,4,△,7.5079,18.4,85,56.7,0.185,3.8417,,,0,低,133,0,-,2 341,0,81.2,1.576,0,0,0,0.037,0,0.1562,0.0343,0.179,,,D,,◎,0.1268,0.6195,0.3077,0.5226,A,71,0,◎-○軸 3着3〜4艇流し（10〜15点）,0.5777,"{'is_target': True, 'verdict': '点数絞り', 'max_combo_prob': 0.093, 'est_top_odds': 14.3, 'circle_concentration': 72.6, 'eligible_count': 8, 'bet_adj': 0, 'reason': 'rel_win1=58.5%（本命度） / 最有力組み合わせ確率: 0.093（推定実オッズ?14倍） / 2着集中度: 上位2艇 72.6%（補正+0.04） / 総合判定確率: 0.133 / → ヒモはやや固め。上位2艇以外を切ること', 'tenji_trigger': '展示確認: 1号艇伸び良→そのまま採用。悪→飛び組に差し替え。circle_pct上位2艇に絞り込むこと。'}",,,28.7,逃げ狙い,20.41,28,2,,,,,,,,,,,
2025-06-13,丸亀,10,5,岡谷健吾,B1,30.18,5,,2.7843,7.6,67,35.2,0.1897,4.3239,,,0,低,180,0,-,442 23,0,48.2,1.0774,,,,,,0.1444,0.1296,0.1593,,,D,◎,,0.1722,0.69,,0.5226,A,71,0,◎-○軸 3着3〜4艇流し（10〜15点）,0.5777,"{'is_target': True, 'verdict': '点数絞り', 'max_combo_prob': 0.093, 'est_top_odds': 14.3, 'circle_concentration': 72.6, 'eligible_count': 8, 'bet_adj': 0, 'reason': 'rel_win1=58.5%（本命度） / 最有力組み合わせ確率: 0.093（推定実オッズ?14倍） / 2着集中度: 上位2艇 72.6%（補正+0.04） / 総合判定確率: 0.133 / → ヒモはやや固め。上位2艇以外を切ること', 'tenji_trigger': '展示確認: 1号艇伸び良→そのまま採用。悪→飛び組に差し替え。circle_pct上位2艇に絞り込むこと。'}",,,28.7,逃げ狙い,20.41,28,2,,,,,,,,,,,
2025-06-13,丸亀,10,6,藤田浩人,A2,30.11,6,,0.9274,1.4,56,34.2,0.1958,4.5685,,,0,低,147,0,-,434 25,0,33.2,1.7203,,,,,,0.1,0.0273,0.0182,,,D,△,,0.149,0.653,,0.5226,A,71,0,◎-○軸 3着3〜4艇流し（10〜15点）,0.5777,"{'is_target': True, 'verdict': '点数絞り', 'max_combo_prob': 0.093, 'est_top_odds': 14.3, 'circle_concentration': 72.6, 'eligible_count': 8, 'bet_adj': 0, 'reason': 'rel_win1=58.5%（本命度） / 最有力組み合わせ確率: 0.093（推定実オッズ?14倍） / 2着集中度: 上位2艇 72.6%（補正+0.04） / 総合判定確率: 0.133 / → ヒモはやや固め。上位2艇以外を切ること', 'tenji_trigger': '展示確認: 1号艇伸び良→そのまま採用。悪→飛び組に差し替え。circle_pct上位2艇に絞り込むこと。'}",,,28.7,逃げ狙い,20.41,28,2,,,,,,,,,,,
2025-06-13,丸亀,11,1,若林　将,A1,40.24,1,◎,60.0716,,0,98.7,0.1222,2.5443,,,0,低,35,0,逃1%,21211,0,85,1.0596,0.6786,,,,,0.2214,0,0.1036,◎,,B,◎,,,0.6995,,0.6797,S,86,0,◎1着固定 2-3着流し（5〜8点）,0.5777,"{'is_target': True, 'verdict': '点数絞り', 'max_combo_prob': 0.1154, 'est_top_odds': 11.6, 'circle_concentration': 70.1, 'eligible_count': 6, 'bet_adj': 0, 'reason': 'rel_win1=60.1%（本命度） / 最有力組み合わせ確率: 0.115（推定実オッズ?12倍） / 2着集中度: 上位2艇 70.1%（補正+0.04） / 総合判定確率: 0.155 / → ヒモはやや固め。上位2艇以外を切ること', 'tenji_trigger': '展示確認: 1号艇伸び良→そのまま採用。悪→飛び組に差し替え。circle_pct上位2艇に絞り込むこと。\n展示で1号艇スタート超安定(0.122秒)→ヒモ固まり方向に注意'}",,,28.7,逃げ狙い,19.67,28.7,2,,,,,0,0,0.7559,0,,逃げ軸流し,A
2025-06-13,丸亀,11,2,芦澤　望,A2,25.17,2,,16.0417,48.8,57,74.1,0.1443,2.9167,,,0,低,106,0,-,1 3343,0,53.5,0.8362,0,0.2308,0.1538,0,0,0,0.1286,0.1886,,,E,,,0.1313,0.589,,0.6797,S,86,0,◎1着固定 2-3着流し（5〜8点）,0.5777,"{'is_target': True, 'verdict': '点数絞り', 'max_combo_prob': 0.1154, 'est_top_odds': 11.6, 'circle_concentration': 70.1, 'eligible_count': 6, 'bet_adj': 0, 'reason': 'rel_win1=60.1%（本命度） / 最有力組み合わせ確率: 0.115（推定実オッズ?12倍） / 2着集中度: 上位2艇 70.1%（補正+0.04） / 総合判定確率: 0.155 / → ヒモはやや固め。上位2艇以外を切ること', 'tenji_trigger': '展示確認: 1号艇伸び良→そのまま採用。悪→飛び組に差し替え。circle_pct上位2艇に絞り込むこと。\n展示で1号艇スタート超安定(0.122秒)→ヒモ固まり方向に注意'}",,,28.7,逃げ狙い,19.67,28.7,2,,,,,,,,,,,
2025-06-13,丸亀,11,3,飯島昌弘,A1,39.77,3,○,10.6363,21.3,100,74,0.1462,3.23,,,0,低,119,0,ま0%,221342,0,61,1.2929,0,0,0.0435,0,0,0,0.1242,0.0242,,,B,△,,0.1576,0.6275,,0.6797,S,86,0,◎1着固定 2-3着流し（5〜8点）,0.5777,"{'is_target': True, 'verdict': '点数絞り', 'max_combo_prob': 0.1154, 'est_top_odds': 11.6, 'circle_concentration': 70.1, 'eligible_count': 6, 'bet_adj': 0, 'reason': 'rel_win1=60.1%（本命度） / 最有力組み合わせ確率: 0.115（推定実オッズ?12倍） / 2着集中度: 上位2艇 70.1%（補正+0.04） / 総合判定確率: 0.155 / → ヒモはやや固め。上位2艇以外を切ること', 'tenji_trigger': '展示確認: 1号艇伸び良→そのまま採用。悪→飛び組に差し替え。circle_pct上位2艇に絞り込むこと。\n展示で1号艇スタート超安定(0.122秒)→ヒモ固まり方向に注意'}",,,28.7,逃げ狙い,19.67,28.7,2,,,,,,,,,,,
2025-06-13,丸亀,11,4,西野翔太,A2,33.33,4,▲,7.7211,20.1,60,58.5,0.1436,2.8396,,,0,低,72,0,ま0% 差ま0%,224 34,0,58.3,1.1389,0,0,0.0833,0.0833,0,0.1556,0.0918,0.0465,,,C,○,◎,0.222,0.6405,0.4586,0.6797,S,86,0,◎1着固定 2-3着流し（5〜8点）,0.5777,"{'is_target': True, 'verdict': '点数絞り', 'max_combo_prob': 0.1154, 'est_top_odds': 11.6, 'circle_concentration': 70.1, 'eligible_count': 6, 'bet_adj': 0, 'reason': 'rel_win1=60.1%（本命度） / 最有力組み合わせ確率: 0.115（推定実オッズ?12倍） / 2着集中度: 上位2艇 70.1%（補正+0.04） / 総合判定確率: 0.155 / → ヒモはやや固め。上位2艇以外を切ること', 'tenji_trigger': '展示確認: 1号艇伸び良→そのまま採用。悪→飛び組に差し替え。circle_pct上位2艇に絞り込むこと。\n展示で1号艇スタート超安定(0.122秒)→ヒモ固まり方向に注意'}",,,28.7,逃げ狙い,19.67,28.7,2,,,,,,,,,,,
2025-06-13,丸亀,11,5,岡田憲行,A2,29.94,5,,4.5897,7.9,60,35.9,0.19,4.0283,,,0,低,196,0,ま0%,34362,0,47.4,1.0436,0,0,0.0385,0,0,0.0111,0.0444,0.1978,,,D,,○,0.1087,0.5985,0.1452,0.6797,S,86,0,◎1着固定 2-3着流し（5〜8点）,0.5777,"{'is_target': True, 'verdict': '点数絞り', 'max_combo_prob': 0.1154, 'est_top_odds': 11.6, 'circle_concentration': 70.1, 'eligible_count': 6, 'bet_adj': 0, 'reason': 'rel_win1=60.1%（本命度） / 最有力組み合わせ確率: 0.115（推定実オッズ?12倍） / 2着集中度: 上位2艇 70.1%（補正+0.04） / 総合判定確率: 0.155 / → ヒモはやや固め。上位2艇以外を切ること', 'tenji_trigger': '展示確認: 1号艇伸び良→そのまま採用。悪→飛び組に差し替え。circle_pct上位2艇に絞り込むこと。\n展示で1号艇スタート超安定(0.122秒)→ヒモ固まり方向に注意'}",,,28.7,逃げ狙い,19.67,28.7,2,,,,,,,,,,,
2025-06-13,丸亀,11,6,深川和仁,B1,40.72,6,△,0.9395,1.9,34,22.7,0.1905,4.2614,,,0,低,130,0,-,1 551,0,27.7,1.1453,,,,,,0.2,0.0167,0.05,,,B,△,,0.1384,0.606,,0.6797,S,86,0,◎1着固定 2-3着流し（5〜8点）,0.5777,"{'is_target': True, 'verdict': '点数絞り', 'max_combo_prob': 0.1154, 'est_top_odds': 11.6, 'circle_concentration': 70.1, 'eligible_count': 6, 'bet_adj': 0, 'reason': 'rel_win1=60.1%（本命度） / 最有力組み合わせ確率: 0.115（推定実オッズ?12倍） / 2着集中度: 上位2艇 70.1%（補正+0.04） / 総合判定確率: 0.155 / → ヒモはやや固め。上位2艇以外を切ること', 'tenji_trigger': '展示確認: 1号艇伸び良→そのまま採用。悪→飛び組に差し替え。circle_pct上位2艇に絞り込むこと。\n展示で1号艇スタート超安定(0.122秒)→ヒモ固まり方向に注意'}",,,28.7,逃げ狙い,19.67,28.7,2,,,,,,,,,,,
2025-06-13,丸亀,12,1,赤羽克也,A2,26.95,1,◎,60.4023,,0,87.3,0.1633,3.2911,,,0,低,137,0,逃1%,541 45,0,59,0.961,0.6207,,,,,0.2828,0.1885,0.0138,◎,,D,△,,,0.633,,0.4768,S,88,0,◎1着固定 2-3着流し（5〜8点）,0.5777,"{'is_target': True, 'verdict': '点数絞り', 'max_combo_prob': 0.0958, 'est_top_odds': 13.9, 'circle_concentration': 80.0, 'eligible_count': 6, 'bet_adj': 0, 'reason': 'rel_win1=60.4%（本命度） / 最有力組み合わせ確率: 0.096（推定実オッズ?14倍） / 2着集中度: 上位2艇 80.0%（補正+0.04） / 総合判定確率: 0.136 / → ヒモはやや固め。上位2艇以外を切ること', 'tenji_trigger': '展示確認: 1号艇伸び良→そのまま採用。悪→飛び組に差し替え。circle_pct上位2艇に絞り込むこと。'}",,,30.4,逃げ狙い,17.2,35.5,3,,,,,0,0,0.7559,0,,逃げ軸流し,A
2025-06-13,丸亀,12,2,岡本慎治,B1,29.82,2,▲,12.2623,46.3,100,73.1,0.1617,3.4712,,,0,低,107,0,-,444 16,0,100,2.0483,0,0.0952,0.1429,0,0,0.4053,0.0421,0.2132,,◎,C,△,,0.3859,0.611,,0.4768,S,88,0,◎1着固定 2-3着流し（5〜8点）,0.5777,"{'is_target': True, 'verdict': '点数絞り', 'max_combo_prob': 0.0958, 'est_top_odds': 13.9, 'circle_concentration': 80.0, 'eligible_count': 6, 'bet_adj': 0, 'reason': 'rel_win1=60.4%（本命度） / 最有力組み合わせ確率: 0.096（推定実オッズ?14倍） / 2着集中度: 上位2艇 80.0%（補正+0.04） / 総合判定確率: 0.136 / → ヒモはやや固め。上位2艇以外を切ること', 'tenji_trigger': '展示確認: 1号艇伸び良→そのまま採用。悪→飛び組に差し替え。circle_pct上位2艇に絞り込むこと。'}",,,30.4,逃げ狙い,17.2,35.5,3,,,,,,,,,,,
2025-06-13,丸亀,12,3,吉島祥之,A2,35.47,3,○,14.0291,33.7,75,60.9,0.1575,3.2174,,,0,低,154,0,ま0% 差ま0%,6 4665,0,50.8,1.2379,0,0,0.0435,0.1739,0,0.0114,0.1676,0.0229,,○,B,,,0.3812,0.5955,,0.4768,S,88,0,◎1着固定 2-3着流し（5〜8点）,0.5777,"{'is_target': True, 'verdict': '点数絞り', 'max_combo_prob': 0.0958, 'est_top_odds': 13.9, 'circle_concentration': 80.0, 'eligible_count': 6, 'bet_adj': 0, 'reason': 'rel_win1=60.4%（本命度） / 最有力組み合わせ確率: 0.096（推定実オッズ?14倍） / 2着集中度: 上位2艇 80.0%（補正+0.04） / 総合判定確率: 0.136 / → ヒモはやや固め。上位2艇以外を切ること', 'tenji_trigger': '展示確認: 1号艇伸び良→そのまま採用。悪→飛び組に差し替え。circle_pct上位2艇に絞り込むこと。'}",,,30.4,逃げ狙い,17.2,35.5,3,,,,,,,,,,,
2025-06-13,丸亀,12,4,抹香雄三,B1,25.31,4,△,10.0224,16,56,42.2,0.1523,3.1831,,,0,低,100,0,ま0%,5 156,0,36.1,0.8613,0,0,0.0968,0,0,0.12,0.24,0.16,,,E,○,◎,0.371,0.6655,0.3328,0.4768,S,88,0,◎1着固定 2-3着流し（5〜8点）,0.5777,"{'is_target': True, 'verdict': '点数絞り', 'max_combo_prob': 0.0958, 'est_top_odds': 13.9, 'circle_concentration': 80.0, 'eligible_count': 6, 'bet_adj': 0, 'reason': 'rel_win1=60.4%（本命度） / 最有力組み合わせ確率: 0.096（推定実オッズ?14倍） / 2着集中度: 上位2艇 80.0%（補正+0.04） / 総合判定確率: 0.136 / → ヒモはやや固め。上位2艇以外を切ること', 'tenji_trigger': '展示確認: 1号艇伸び良→そのまま採用。悪→飛び組に差し替え。circle_pct上位2艇に絞り込むこと。'}",,,30.4,逃げ狙い,17.2,35.5,3,,,,,,,,,,,
2025-06-13,丸亀,12,5,冨成謙児,B1,27.27,5,,2.1478,2.6,44,21,0.176,4.2469,,,0,低,112,0,-,434 63,0,51.1,1.105,,,,,,0.3043,0.1739,0.1739,,,D,◎,,0.299,0.6875,,0.4768,S,88,0,◎1着固定 2-3着流し（5〜8点）,0.5777,"{'is_target': True, 'verdict': '点数絞り', 'max_combo_prob': 0.0958, 'est_top_odds': 13.9, 'circle_concentration': 80.0, 'eligible_count': 6, 'bet_adj': 0, 'reason': 'rel_win1=60.4%（本命度） / 最有力組み合わせ確率: 0.096（推定実オッズ?14倍） / 2着集中度: 上位2艇 80.0%（補正+0.04） / 総合判定確率: 0.136 / → ヒモはやや固め。上位2艇以外を切ること', 'tenji_trigger': '展示確認: 1号艇伸び良→そのまま採用。悪→飛び組に差し替え。circle_pct上位2艇に絞り込むこと。'}",,,30.4,逃げ狙い,17.2,35.5,3,,,,,,,,,,,
2025-06-13,丸亀,12,6,多羅尾達,B1,34.97,6,,1.1361,1.4,44,10.5,0.1876,3.8553,,,0,低,76,0,-,6 354,0,26.6,0.6306,,,,,,0.0941,0,0.4176,,,B,,,0.261,0.5115,,0.4768,S,88,0,◎1着固定 2-3着流し（5〜8点）,0.5777,"{'is_target': True, 'verdict': '点数絞り', 'max_combo_prob': 0.0958, 'est_top_odds': 13.9, 'circle_concentration': 80.0, 'eligible_count': 6, 'bet_adj': 0, 'reason': 'rel_win1=60.4%（本命度） / 最有力組み合わせ確率: 0.096（推定実オッズ?14倍） / 2着集中度: 上位2艇 80.0%（補正+0.04） / 総合判定確率: 0.136 / → ヒモはやや固め。上位2艇以外を切ること', 'tenji_trigger': '展示確認: 1号艇伸び良→そのまま採用。悪→飛び組に差し替え。circle_pct上位2艇に絞り込むこと。'}",,,30.4,逃げ狙い,17.2,35.5,3,,,,,,,,,,,
2025-06-14,丸亀,1,1,嶋田貴支,B1,39.66,1,◎,68.5524,,0,82.2,0.1524,3.2,,,0,低,134,0,逃1%,133 44,0,71.6,1.0778,0.6087,,,,,0.0174,0.0522,0.1174,◎,,B,,,,0.6045,,0.4651,A,77,0,◎-○軸 3着3〜4艇流し（10〜15点）,0.5777,"{'is_target': True, 'verdict': '点数絞り', 'max_combo_prob': 0.1342, 'est_top_odds': 9.9, 'circle_concentration': 74.5, 'eligible_count': 8, 'bet_adj': 0, 'reason': 'rel_win1=68.6%（本命度） / 最有力組み合わせ確率: 0.134（推定実オッズ?10倍） / 2着集中度: 上位2艇 74.5%（補正+0.04） / 総合判定確率: 0.174 / → ヒモはやや固め。上位2艇以外を切ること', 'tenji_trigger': '展示確認: 1号艇伸び良→そのまま採用。悪→飛び組に差し替え。circle_pct上位2艇に絞り込むこと。'}",,,26,逃げ狙い,13.99,25.8,3,,,,,0,0,0.7559,0,,逃げ軸流し,A
2025-06-14,丸亀,1,2,高木圭大,B1,25.64,2,,8.5512,24.4,80,24.6,0.1854,3.9754,,,0,低,107,0,-,5 661,0,100,2.2171,,,,,,0.0632,0.1842,0.2632,,,E,△,,0.0775,0.606,,0.4651,A,77,0,◎-○軸 3着3〜4艇流し（10〜15点）,0.5777,"{'is_target': True, 'verdict': '点数絞り', 'max_combo_prob': 0.1342, 'est_top_odds': 9.9, 'circle_concentration': 74.5, 'eligible_count': 8, 'bet_adj': 0, 'reason': 'rel_win1=68.6%（本命度） / 最有力組み合わせ確率: 0.134（推定実オッズ?10倍） / 2着集中度: 上位2艇 74.5%（補正+0.04） / 総合判定確率: 0.174 / → ヒモはやや固め。上位2艇以外を切ること', 'tenji_trigger': '展示確認: 1号艇伸び良→そのまま採用。悪→飛び組に差し替え。circle_pct上位2艇に絞り込むこと。'}",,,26,逃げ狙い,13.99,25.8,3,,,,,,,,,,,
2025-06-14,丸亀,1,3,西川新太,B1,32.30,3,○,11.3629,50.1,100,57.6,0.141,2.9153,,,0,低,96,0,-,5 233,0,46.1,1.1035,,,,,,0.26,0.24,0.2,,◎,C,△,,0.367,0.6235,,0.4651,A,77,0,◎-○軸 3着3〜4艇流し（10〜15点）,0.5777,"{'is_target': True, 'verdict': '点数絞り', 'max_combo_prob': 0.1342, 'est_top_odds': 9.9, 'circle_concentration': 74.5, 'eligible_count': 8, 'bet_adj': 0, 'reason': 'rel_win1=68.6%（本命度） / 最有力組み合わせ確率: 0.134（推定実オッズ?10倍） / 2着集中度: 上位2艇 74.5%（補正+0.04） / 総合判定確率: 0.174 / → ヒモはやや固め。上位2艇以外を切ること', 'tenji_trigger': '展示確認: 1号艇伸び良→そのまま採用。悪→飛び組に差し替え。circle_pct上位2艇に絞り込むこと。'}",,,26,逃げ狙い,13.99,25.8,3,,,,,,,,,,,
2025-06-14,丸亀,1,4,和合俊介,B1,28.66,4,,7.0087,11.5,93,27.3,0.1625,3.3636,,,0,低,102,0,ま0%,546 66,0,100,0.4981,0,0,0.0385,0,0,0.3333,0.5333,0.08,,,D,○,,0.243,0.6265,,0.4651,A,77,0,◎-○軸 3着3〜4艇流し（10〜15点）,0.5777,"{'is_target': True, 'verdict': '点数絞り', 'max_combo_prob': 0.1342, 'est_top_odds': 9.9, 'circle_concentration': 74.5, 'eligible_count': 8, 'bet_adj': 0, 'reason': 'rel_win1=68.6%（本命度） / 最有力組み合わせ確率: 0.134（推定実オッズ?10倍） / 2着集中度: 上位2艇 74.5%（補正+0.04） / 総合判定確率: 0.174 / → ヒモはやや固め。上位2艇以外を切ること', 'tenji_trigger': '展示確認: 1号艇伸び良→そのまま採用。悪→飛び組に差し替え。circle_pct上位2艇に絞り込むこと。'}",,,26,逃げ狙い,13.99,25.8,3,,,,,,,,,,,
2025-06-14,丸亀,1,5,東　健介,B1,38.75,5,△,3.1639,13.5,48,20,0.1633,3.6636,,,0,低,99,0,-,255 46,0,33.8,0.7398,,,,,,0.0667,0.1556,0.5389,,,C,◎,,0.2788,0.631,,0.4651,A,77,0,◎-○軸 3着3〜4艇流し（10〜15点）,0.5777,"{'is_target': True, 'verdict': '点数絞り', 'max_combo_prob': 0.1342, 'est_top_odds': 9.9, 'circle_concentration': 74.5, 'eligible_count': 8, 'bet_adj': 0, 'reason': 'rel_win1=68.6%（本命度） / 最有力組み合わせ確率: 0.134（推定実オッズ?10倍） / 2着集中度: 上位2艇 74.5%（補正+0.04） / 総合判定確率: 0.174 / → ヒモはやや固め。上位2艇以外を切ること', 'tenji_trigger': '展示確認: 1号艇伸び良→そのまま採用。悪→飛び組に差し替え。circle_pct上位2艇に絞り込むこと。'}",,,26,逃げ狙い,13.99,25.8,3,,,,,,,,,,,
2025-06-14,丸亀,1,6,宮本琉正,B2,38.79,6,▲,1.361,0.5,17,1.4,0.1761,3.1571,,,0,低,33,0,-,6 6F6,0,30.9,2.2233,,,,,,,,,,,B,,,0.2346,0.504,,0.4651,A,77,0,◎-○軸 3着3〜4艇流し（10〜15点）,0.5777,"{'is_target': True, 'verdict': '点数絞り', 'max_combo_prob': 0.1342, 'est_top_odds': 9.9, 'circle_concentration': 74.5, 'eligible_count': 8, 'bet_adj': 0, 'reason': 'rel_win1=68.6%（本命度） / 最有力組み合わせ確率: 0.134（推定実オッズ?10倍） / 2着集中度: 上位2艇 74.5%（補正+0.04） / 総合判定確率: 0.174 / → ヒモはやや固め。上位2艇以外を切ること', 'tenji_trigger': '展示確認: 1号艇伸び良→そのまま採用。悪→飛び組に差し替え。circle_pct上位2艇に絞り込むこと。'}",,,26,逃げ狙い,13.99,25.8,3,,,,,,,,,,,
2025-06-14,丸亀,2,1,多羅尾達,B1,34.97,1,◎,52.5157,,0,66.7,0.1474,3.0897,,,0,低,76,0,逃0%,6 354,0,56.2,0.8915,0.2941,,,,,0.0941,0,0.4176,◎,,C,,,,0.5115,,0.4592,B,59,0,◎○△フォーメーション（15〜20点）,0.5777,"{'is_target': True, 'verdict': '点数絞り', 'max_combo_prob': 0.1019, 'est_top_odds': 13.1, 'circle_concentration': 74.7, 'eligible_count': 9, 'bet_adj': 0, 'reason': 'rel_win1=52.5%（本命度） / 最有力組み合わせ確率: 0.102（推定実オッズ?13倍） / 2着集中度: 上位2艇 74.7%（補正+0.04） / 総合判定確率: 0.142 / → ヒモはやや固め。上位2艇以外を切ること', 'tenji_trigger': '展示確認: 1号艇伸び良→そのまま採用。悪→飛び組に差し替え。circle_pct上位2艇に絞り込むこと。'}",,,27.5,両建て推奨,13.73,30.3,4,,,,,0,0,0.7559,0,,逃げ軸流し,A
2025-06-14,丸亀,2,2,岡谷健吾,B1,30.18,2,,15.9784,61.1,49,54.8,0.187,4.3904,,,0,低,180,0,差0% ま0% 抜0%,442 23,0,36.2,0.9478,0,0.0513,0.0513,0,0.0256,0.1444,0.1296,0.1593,,,E,◎,,0.0751,0.69,,0.4592,B,59,0,◎○△フォーメーション（15〜20点）,0.5777,"{'is_target': True, 'verdict': '点数絞り', 'max_combo_prob': 0.1019, 'est_top_odds': 13.1, 'circle_concentration': 74.7, 'eligible_count': 9, 'bet_adj': 0, 'reason': 'rel_win1=52.5%（本命度） / 最有力組み合わせ確率: 0.102（推定実オッズ?13倍） / 2着集中度: 上位2艇 74.7%（補正+0.04） / 総合判定確率: 0.142 / → ヒモはやや固め。上位2艇以外を切ること', 'tenji_trigger': '展示確認: 1号艇伸び良→そのまま採用。悪→飛び組に差し替え。circle_pct上位2艇に絞り込むこと。'}",,,27.5,両建て推奨,13.73,30.3,4,,,,,,,,,,,
2025-06-14,丸亀,2,3,近藤稔也,B1,34.64,3,△,11.283,13.6,71,25.7,0.1819,4.4662,,,0,低,180,0,-,345 56,0,46.3,1.1996,,,,,,0.368,0.32,0.064,,,D,△,,0.1459,0.609,,0.4592,B,59,0,◎○△フォーメーション（15〜20点）,0.5777,"{'is_target': True, 'verdict': '点数絞り', 'max_combo_prob': 0.1019, 'est_top_odds': 13.1, 'circle_concentration': 74.7, 'eligible_count': 9, 'bet_adj': 0, 'reason': 'rel_win1=52.5%（本命度） / 最有力組み合わせ確率: 0.102（推定実オッズ?13倍） / 2着集中度: 上位2艇 74.7%（補正+0.04） / 総合判定確率: 0.142 / → ヒモはやや固め。上位2艇以外を切ること', 'tenji_trigger': '展示確認: 1号艇伸び良→そのまま採用。悪→飛び組に差し替え。circle_pct上位2艇に絞り込むこと。'}",,,27.5,両建て推奨,13.73,30.3,4,,,,,,,,,,,
2025-06-14,丸亀,2,4,森作広大,B1,52.20,4,○,9.7536,7.6,83,24.4,0.1668,4.0488,,,0,低,96,0,-,165 22,0,20.2,0.5353,,,,,,0.5412,0,0.1412,,,A,△,,0.2346,0.596,,0.4592,B,59,0,◎○△フォーメーション（15〜20点）,0.5777,"{'is_target': True, 'verdict': '点数絞り', 'max_combo_prob': 0.1019, 'est_top_odds': 13.1, 'circle_concentration': 74.7, 'eligible_count': 9, 'bet_adj': 0, 'reason': 'rel_win1=52.5%（本命度） / 最有力組み合わせ確率: 0.102（推定実オッズ?13倍） / 2着集中度: 上位2艇 74.7%（補正+0.04） / 総合判定確率: 0.142 / → ヒモはやや固め。上位2艇以外を切ること', 'tenji_trigger': '展示確認: 1号艇伸び良→そのまま採用。悪→飛び組に差し替え。circle_pct上位2艇に絞り込むこと。'}",,,27.5,両建て推奨,13.73,30.3,4,,,,,,,,,,,
2025-06-14,丸亀,2,5,日高龍之,B2,34.34,5,,5.9299,6.1,61,11.1,0.1806,4.2222,,,0,低,49,0,-,666 55,0,35.8,0.8007,,,,,,,,,,,D,,,0.2044,0.529,,0.4592,B,59,0,◎○△フォーメーション（15〜20点）,0.5777,"{'is_target': True, 'verdict': '点数絞り', 'max_combo_prob': 0.1019, 'est_top_odds': 13.1, 'circle_concentration': 74.7, 'eligible_count': 9, 'bet_adj': 0, 'reason': 'rel_win1=52.5%（本命度） / 最有力組み合わせ確率: 0.102（推定実オッズ?13倍） / 2着集中度: 上位2艇 74.7%（補正+0.04） / 総合判定確率: 0.142 / → ヒモはやや固め。上位2艇以外を切ること', 'tenji_trigger': '展示確認: 1号艇伸び良→そのまま採用。悪→飛び組に差し替え。circle_pct上位2艇に絞り込むこと。'}",,,27.5,両建て推奨,13.73,30.3,4,,,,,,,,,,,
2025-06-14,丸亀,2,6,田中和也,A1,46.58,6,▲,4.5395,11.6,100,56.2,0.1787,3.7812,,,0,低,135,0,-,14341,0,100,2.1511,,,,,,0.0455,0.0273,0.1145,,,B,○,,0.2104,0.62,,0.4592,B,59,0,◎○△フォーメーション（15〜20点）,0.5777,"{'is_target': True, 'verdict': '点数絞り', 'max_combo_prob': 0.1019, 'est_top_odds': 13.1, 'circle_concentration': 74.7, 'eligible_count': 9, 'bet_adj': 0, 'reason': 'rel_win1=52.5%（本命度） / 最有力組み合わせ確率: 0.102（推定実オッズ?13倍） / 2着集中度: 上位2艇 74.7%（補正+0.04） / 総合判定確率: 0.142 / → ヒモはやや固め。上位2艇以外を切ること', 'tenji_trigger': '展示確認: 1号艇伸び良→そのまま採用。悪→飛び組に差し替え。circle_pct上位2艇に絞り込むこと。'}",,,27.5,両建て推奨,13.73,30.3,4,,,,,,,,,,,
2025-06-14,丸亀,3,1,菊池峰晴,B1,32.74,1,◎,47.9973,,0,86,0.1665,3.0439,,,0,低,151,0,逃0%,2 623,0,77.9,0.909,0.2,,,,,0.2,0.2,0.3,○,,D,△,,,0.593,,0.3606,A,69,0,◎-○軸 3着3〜4艇流し（10〜15点）,0.5777,"{'is_target': True, 'verdict': '点数絞り', 'max_combo_prob': 0.0824, 'est_top_odds': 16.2, 'circle_concentration': 76.8, 'eligible_count': 8, 'bet_adj': 0, 'reason': 'rel_win1=48.0%（本命度） / 最有力組み合わせ確率: 0.082（推定実オッズ?16倍） / 2着集中度: 上位2艇 76.8%（補正+0.04） / 総合判定確率: 0.122 / → ヒモはやや固め。上位2艇以外を切ること', 'tenji_trigger': '展示確認: 1号艇伸び良→そのまま採用。悪→飛び組に差し替え。circle_pct上位2艇に絞り込むこと。'}",,,30.3,逃げ狙い,14.61,37.7,2,,,,,0,0,0.6155,0,,主役軸流し,B
2025-06-14,丸亀,3,2,芦澤　望,A2,25.17,2,▲,20.8389,62.4,72,74.1,0.1443,2.9167,,,0,低,106,0,-,1 3343,0,44.6,0.8745,0,0.2308,0.1538,0,0,0,0.1286,0.1886,,◎,E,,,0.5743,0.589,,0.3606,A,69,0,◎-○軸 3着3〜4艇流し（10〜15点）,0.5777,"{'is_target': True, 'verdict': '点数絞り', 'max_combo_prob': 0.0824, 'est_top_odds': 16.2, 'circle_concentration': 76.8, 'eligible_count': 8, 'bet_adj': 0, 'reason': 'rel_win1=48.0%（本命度） / 最有力組み合わせ確率: 0.082（推定実オッズ?16倍） / 2着集中度: 上位2艇 76.8%（補正+0.04） / 総合判定確率: 0.122 / → ヒモはやや固め。上位2艇以外を切ること', 'tenji_trigger': '展示確認: 1号艇伸び良→そのまま採用。悪→飛び組に差し替え。circle_pct上位2艇に絞り込むこと。'}",,,30.3,逃げ狙い,14.61,37.7,2,,,,,,,,,,,
2025-06-14,丸亀,3,3,金子順一,B1,37.57,3,,9.1269,14.5,92,32.8,0.1747,4.1484,,,0,低,148,0,-,6 146,0,36.5,0.7477,0,0,0.0345,0,0,0.38,0.18,0.064,,,C,△,,0.2342,0.6315,,0.3606,A,69,0,◎-○軸 3着3〜4艇流し（10〜15点）,0.5777,"{'is_target': True, 'verdict': '点数絞り', 'max_combo_prob': 0.0824, 'est_top_odds': 16.2, 'circle_concentration': 76.8, 'eligible_count': 8, 'bet_adj': 0, 'reason': 'rel_win1=48.0%（本命度） / 最有力組み合わせ確率: 0.082（推定実オッズ?16倍） / 2着集中度: 上位2艇 76.8%（補正+0.04） / 総合判定確率: 0.122 / → ヒモはやや固め。上位2艇以外を切ること', 'tenji_trigger': '展示確認: 1号艇伸び良→そのまま採用。悪→飛び組に差し替え。circle_pct上位2艇に絞り込むこと。'}",,,30.3,逃げ狙い,14.61,37.7,2,,,,,,,,,,,
2025-06-14,丸亀,3,4,石井伸長,B1,44.71,4,○,10.0311,13,89,45,0.169,3.175,,,0,低,79,0,-,3 223,0,72.8,1.1238,0,0,0.0323,0.0645,0,0,0.5,0.25,,,A,,,0.2826,0.5655,,0.3606,A,69,0,◎-○軸 3着3〜4艇流し（10〜15点）,0.5777,"{'is_target': True, 'verdict': '点数絞り', 'max_combo_prob': 0.0824, 'est_top_odds': 16.2, 'circle_concentration': 76.8, 'eligible_count': 8, 'bet_adj': 0, 'reason': 'rel_win1=48.0%（本命度） / 最有力組み合わせ確率: 0.082（推定実オッズ?16倍） / 2着集中度: 上位2艇 76.8%（補正+0.04） / 総合判定確率: 0.122 / → ヒモはやや固め。上位2艇以外を切ること', 'tenji_trigger': '展示確認: 1号艇伸び良→そのまま採用。悪→飛び組に差し替え。circle_pct上位2艇に絞り込むこと。'}",,,30.3,逃げ狙い,14.61,37.7,2,,,,,,,,,,,
2025-06-14,丸亀,3,5,本多宏和,A1,36.36,5,,10.7922,8.8,82,30.3,0.1824,3.5606,,,0,低,73,0,差ま0%,1 6411,0,23.1,0.5833,0,0,0,0.2,0,0.1111,0.0556,0.1667,,,C,◎,,0.2721,0.6585,,0.3606,A,69,0,◎-○軸 3着3〜4艇流し（10〜15点）,0.5777,"{'is_target': True, 'verdict': '点数絞り', 'max_combo_prob': 0.0824, 'est_top_odds': 16.2, 'circle_concentration': 76.8, 'eligible_count': 8, 'bet_adj': 0, 'reason': 'rel_win1=48.0%（本命度） / 最有力組み合わせ確率: 0.082（推定実オッズ?16倍） / 2着集中度: 上位2艇 76.8%（補正+0.04） / 総合判定確率: 0.122 / → ヒモはやや固め。上位2艇以外を切ること', 'tenji_trigger': '展示確認: 1号艇伸び良→そのまま採用。悪→飛び組に差し替え。circle_pct上位2艇に絞り込むこと。'}",,,30.3,逃げ狙い,14.61,37.7,2,,,,,,,,,,,
2025-06-14,丸亀,3,6,木場悠介,B1,38.51,6,△,1.2136,1.4,100,25.9,0.1738,3.5345,,,0,低,101,0,-,6 253,0,23.1,0.7756,,,,,,0.032,0.132,0.244,,,B,○,,0.2855,0.652,,0.3606,A,69,0,◎-○軸 3着3〜4艇流し（10〜15点）,0.5777,"{'is_target': True, 'verdict': '点数絞り', 'max_combo_prob': 0.0824, 'est_top_odds': 16.2, 'circle_concentration': 76.8, 'eligible_count': 8, 'bet_adj': 0, 'reason': 'rel_win1=48.0%（本命度） / 最有力組み合わせ確率: 0.082（推定実オッズ?16倍） / 2着集中度: 上位2艇 76.8%（補正+0.04） / 総合判定確率: 0.122 / → ヒモはやや固め。上位2艇以外を切ること', 'tenji_trigger': '展示確認: 1号艇伸び良→そのまま採用。悪→飛び組に差し替え。circle_pct上位2艇に絞り込むこと。'}",,,30.3,逃げ狙い,14.61,37.7,2,,,,,,,,,,,
2025-06-14,丸亀,4,1,吉島祥之,A2,35.47,1,◎,58.952,,0,87.8,0.1311,2.7,,,0,低,154,0,逃1%,6 4665,0,78.1,0.9606,0.7143,,,,,0.0114,0.1676,0.0229,◎,,C,,,,0.5955,,0.6001,S,86,0,◎1着固定 2-3着流し（5〜8点）,0.5777,"{'is_target': True, 'verdict': '点数絞り', 'max_combo_prob': 0.0849, 'est_top_odds': 15.7, 'circle_concentration': 70.2, 'eligible_count': 6, 'bet_adj': 0, 'reason': 'rel_win1=59.0%（本命度） / 最有力組み合わせ確率: 0.085（推定実オッズ?16倍） / 2着集中度: 上位2艇 70.2%（補正+0.04） / 総合判定確率: 0.125 / → ヒモはやや固め。上位2艇以外を切ること', 'tenji_trigger': '展示確認: 1号艇伸び良→そのまま採用。悪→飛び組に差し替え。circle_pct上位2艇に絞り込むこと。\n展示で1号艇スタート超安定(0.131秒)→ヒモ固まり方向に注意'}",,,26.4,逃げ狙い,14.58,26.5,2,,,,,0,0,0.7559,0,,逃げ軸流し,A
2025-06-14,丸亀,4,2,興津　藍,B1,30.59,2,,15.8309,45.2,78,65.6,0.1608,3.541,,,0,低,133,0,-,2 341,0,40.6,1.076,0,0.1724,0,0,0,0.1562,0.0343,0.179,,,D,△,,0.0902,0.6195,,0.6001,S,86,0,◎1着固定 2-3着流し（5〜8点）,0.5777,"{'is_target': True, 'verdict': '点数絞り', 'max_combo_prob': 0.0849, 'est_top_odds': 15.7, 'circle_concentration': 70.2, 'eligible_count': 6, 'bet_adj': 0, 'reason': 'rel_win1=59.0%（本命度） / 最有力組み合わせ確率: 0.085（推定実オッズ?16倍） / 2着集中度: 上位2艇 70.2%（補正+0.04） / 総合判定確率: 0.125 / → ヒモはやや固め。上位2艇以外を切ること', 'tenji_trigger': '展示確認: 1号艇伸び良→そのまま採用。悪→飛び組に差し替え。circle_pct上位2艇に絞り込むこと。\n展示で1号艇スタート超安定(0.131秒)→ヒモ固まり方向に注意'}",,,26.4,逃げ狙い,14.58,26.5,2,,,,,,,,,,,
2025-06-14,丸亀,4,3,山地正樹,B1,40.85,3,▲,8.9776,18.6,67,38.9,0.1653,3.5972,,,0,低,88,0,差ま0%,1 415,0,33.6,1.1052,0,0,0,0.0741,0.037,0.2091,0.1545,0.1364,,,B,◎,,0.1184,0.642,,0.6001,S,86,0,◎1着固定 2-3着流し（5〜8点）,0.5777,"{'is_target': True, 'verdict': '点数絞り', 'max_combo_prob': 0.0849, 'est_top_odds': 15.7, 'circle_concentration': 70.2, 'eligible_count': 6, 'bet_adj': 0, 'reason': 'rel_win1=59.0%（本命度） / 最有力組み合わせ確率: 0.085（推定実オッズ?16倍） / 2着集中度: 上位2艇 70.2%（補正+0.04） / 総合判定確率: 0.125 / → ヒモはやや固め。上位2艇以外を切ること', 'tenji_trigger': '展示確認: 1号艇伸び良→そのまま採用。悪→飛び組に差し替え。circle_pct上位2艇に絞り込むこと。\n展示で1号艇スタート超安定(0.131秒)→ヒモ固まり方向に注意'}",,,26.4,逃げ狙い,14.58,26.5,2,,,,,,,,,,,
2025-06-14,丸亀,4,4,井上尚悟,B1,44.38,4,△,6.4198,8.9,100,36.6,0.1741,3.5986,,,0,低,157,0,-,451 22,0,81.7,1.3123,0,0.0286,0,0,0,0.1832,0.0842,0.1621,,,A,,,0.1114,0.593,,0.6001,S,86,0,◎1着固定 2-3着流し（5〜8点）,0.5777,"{'is_target': True, 'verdict': '点数絞り', 'max_combo_prob': 0.0849, 'est_top_odds': 15.7, 'circle_concentration': 70.2, 'eligible_count': 6, 'bet_adj': 0, 'reason': 'rel_win1=59.0%（本命度） / 最有力組み合わせ確率: 0.085（推定実オッズ?16倍） / 2着集中度: 上位2艇 70.2%（補正+0.04） / 総合判定確率: 0.125 / → ヒモはやや固め。上位2艇以外を切ること', 'tenji_trigger': '展示確認: 1号艇伸び良→そのまま採用。悪→飛び組に差し替え。circle_pct上位2艇に絞り込むこと。\n展示で1号艇スタート超安定(0.131秒)→ヒモ固まり方向に注意'}",,,26.4,逃げ狙い,14.58,26.5,2,,,,,,,,,,,
2025-06-14,丸亀,4,5,里岡右貴,A1,36.52,5,○,8.7427,25,89,64.8,0.1331,3.0556,,,0,低,75,0,-,152121,0,46.9,1.0619,0,0,0,0,0,0.115,0.139,0.024,,,C,○,,0.3079,0.641,,0.6001,S,86,0,◎1着固定 2-3着流し（5〜8点）,0.5777,"{'is_target': True, 'verdict': '点数絞り', 'max_combo_prob': 0.0849, 'est_top_odds': 15.7, 'circle_concentration': 70.2, 'eligible_count': 6, 'bet_adj': 0, 'reason': 'rel_win1=59.0%（本命度） / 最有力組み合わせ確率: 0.085（推定実オッズ?16倍） / 2着集中度: 上位2艇 70.2%（補正+0.04） / 総合判定確率: 0.125 / → ヒモはやや固め。上位2艇以外を切ること', 'tenji_trigger': '展示確認: 1号艇伸び良→そのまま採用。悪→飛び組に差し替え。circle_pct上位2艇に絞り込むこと。\n展示で1号艇スタート超安定(0.131秒)→ヒモ固まり方向に注意'}",,,26.4,逃げ狙い,14.58,26.5,2,,,,,,,,,,,
2025-06-14,丸亀,4,6,赤羽克也,A2,26.95,6,,1.077,2.3,58,35.1,0.1705,4.0877,,,0,低,137,0,-,541 45,0,32.6,1.0311,,,,,,0.2828,0.1885,0.0138,,,E,△,,0.1846,0.633,,0.6001,S,86,0,◎1着固定 2-3着流し（5〜8点）,0.5777,"{'is_target': True, 'verdict': '点数絞り', 'max_combo_prob': 0.0849, 'est_top_odds': 15.7, 'circle_concentration': 70.2, 'eligible_count': 6, 'bet_adj': 0, 'reason': 'rel_win1=59.0%（本命度） / 最有力組み合わせ確率: 0.085（推定実オッズ?16倍） / 2着集中度: 上位2艇 70.2%（補正+0.04） / 総合判定確率: 0.125 / → ヒモはやや固め。上位2艇以外を切ること', 'tenji_trigger': '展示確認: 1号艇伸び良→そのまま採用。悪→飛び組に差し替え。circle_pct上位2艇に絞り込むこと。\n展示で1号艇スタート超安定(0.131秒)→ヒモ固まり方向に注意'}",,,26.4,逃げ狙い,14.58,26.5,2,,,,,,,,,,,
2025-06-14,丸亀,5,1,西野翔太,A2,33.33,1,◎,54.503,,0,88.5,0.1571,3.1538,,,0,低,72,0,逃0%,224 34,0,79.7,1.1901,0.6512,,,,,0.1556,0.0918,0.0465,◎,,C,○,,,0.6405,,0.4928,S,82,0,◎1着固定 2-3着流し（5〜8点）,0.5777,"{'is_target': True, 'verdict': '参加推奨', 'max_combo_prob': 0.0616, 'est_top_odds': 21.7, 'circle_concentration': 60.6, 'eligible_count': 6, 'bet_adj': 2, 'reason': 'rel_win1=54.5%（本命度） / 最有力組み合わせ確率: 0.062（推定実オッズ?22倍） / 2着集中度: 上位2艇 60.6%（補正+0.00） / 総合判定確率: 0.062 / → ヒモ分散。1号艇1着固定で広めのヒモ流し推奨（買い目+2点）', 'tenji_trigger': '展示確認: ヒモ分散レース。1号艇伸び確認後、広めのヒモ流しを採用。穴ヒモ（5・6号艇）を積極的に含める。'}",,,28.6,逃げ狙い,17.93,29.9,3,,,,,0,0,0.7559,0,,逃げ軸流し,A
2025-06-14,丸亀,5,2,品川賢次,B1,34.73,2,,8.3946,28.7,73,43.1,0.1976,4.2157,,,0,低,141,0,抜0%,3 465,0,20.8,0.7341,0,0,0,0,0.0588,0.3835,0.1489,0.1278,,,C,,,0.1008,0.59,,0.4928,S,82,0,◎1着固定 2-3着流し（5〜8点）,0.5777,"{'is_target': True, 'verdict': '参加推奨', 'max_combo_prob': 0.0616, 'est_top_odds': 21.7, 'circle_concentration': 60.6, 'eligible_count': 6, 'bet_adj': 2, 'reason': 'rel_win1=54.5%（本命度） / 最有力組み合わせ確率: 0.062（推定実オッズ?22倍） / 2着集中度: 上位2艇 60.6%（補正+0.00） / 総合判定確率: 0.062 / → ヒモ分散。1号艇1着固定で広めのヒモ流し推奨（買い目+2点）', 'tenji_trigger': '展示確認: ヒモ分散レース。1号艇伸び確認後、広めのヒモ流しを採用。穴ヒモ（5・6号艇）を積極的に含める。'}",,,28.6,逃げ狙い,17.93,29.9,3,,,,,,,,,,,
2025-06-14,丸亀,5,3,山本寛久,A1,31.29,3,△,15.876,31.9,100,76.2,0.161,3.2381,,,0,低,77,0,ま0% 抜0%,163 22,0,64.9,1.4838,0,0,0.0909,0,0.0909,0.0222,0.0444,0.2056,,,D,△,,0.2926,0.6225,,0.4928,S,82,0,◎1着固定 2-3着流し（5〜8点）,0.5777,"{'is_target': True, 'verdict': '参加推奨', 'max_combo_prob': 0.0616, 'est_top_odds': 21.7, 'circle_concentration': 60.6, 'eligible_count': 6, 'bet_adj': 2, 'reason': 'rel_win1=54.5%（本命度） / 最有力組み合わせ確率: 0.062（推定実オッズ?22倍） / 2着集中度: 上位2艇 60.6%（補正+0.00） / 総合判定確率: 0.062 / → ヒモ分散。1号艇1着固定で広めのヒモ流し推奨（買い目+2点）', 'tenji_trigger': '展示確認: ヒモ分散レース。1号艇伸び確認後、広めのヒモ流しを採用。穴ヒモ（5・6号艇）を積極的に含める。'}",,,28.6,逃げ狙い,17.93,29.9,3,,,,,,,,,,,
2025-06-14,丸亀,5,4,中里英夫,B1,45.10,4,▲,11.2438,14.5,78,45.3,0.1851,4.4906,,,0,低,123,0,差0% 差ま0%,321 32,0,48,1.0998,0,0.0769,0,0.0385,0,0.1292,0.2458,0.1958,,,A,◎,,0.1935,0.641,,0.4928,S,82,0,◎1着固定 2-3着流し（5〜8点）,0.5777,"{'is_target': True, 'verdict': '参加推奨', 'max_combo_prob': 0.0616, 'est_top_odds': 21.7, 'circle_concentration': 60.6, 'eligible_count': 6, 'bet_adj': 2, 'reason': 'rel_win1=54.5%（本命度） / 最有力組み合わせ確率: 0.062（推定実オッズ?22倍） / 2着集中度: 上位2艇 60.6%（補正+0.00） / 総合判定確率: 0.062 / → ヒモ分散。1号艇1着固定で広めのヒモ流し推奨（買い目+2点）', 'tenji_trigger': '展示確認: ヒモ分散レース。1号艇伸び確認後、広めのヒモ流しを採用。穴ヒモ（5・6号艇）を積極的に含める。'}",,,28.6,逃げ狙い,17.93,29.9,3,,,,,,,,,,,
2025-06-14,丸亀,5,5,出畑孝成,B2,30.86,5,,6.1748,20.3,33,32.5,0.1663,3.0875,,,0,低,89,0,差ま0%,655 5S,0,47.8,1.025,0,0,0,0.0741,0,,,,,,E,,,0.2759,0.542,,0.4928,S,82,0,◎1着固定 2-3着流し（5〜8点）,0.5777,"{'is_target': True, 'verdict': '参加推奨', 'max_combo_prob': 0.0616, 'est_top_odds': 21.7, 'circle_concentration': 60.6, 'eligible_count': 6, 'bet_adj': 2, 'reason': 'rel_win1=54.5%（本命度） / 最有力組み合わせ確率: 0.062（推定実オッズ?22倍） / 2着集中度: 上位2艇 60.6%（補正+0.00） / 総合判定確率: 0.062 / → ヒモ分散。1号艇1着固定で広めのヒモ流し推奨（買い目+2点）', 'tenji_trigger': '展示確認: ヒモ分散レース。1号艇伸び確認後、広めのヒモ流しを採用。穴ヒモ（5・6号艇）を積極的に含める。'}",,,28.6,逃げ狙い,17.93,29.9,3,,,,,,,,,,,
2025-06-14,丸亀,5,6,海野康志,A1,44.91,6,○,3.8078,4.6,43,77.8,0.1333,2.3333,,,0,低,38,1,差ま0%,13113,0,100,2.8714,0,0,0,0.1667,0,0,0.0387,0.2516,,◎,B,△,,0.4055,0.6265,,0.4928,S,82,0,◎1着固定 2-3着流し（5〜8点）,0.5777,"{'is_target': True, 'verdict': '参加推奨', 'max_combo_prob': 0.0616, 'est_top_odds': 21.7, 'circle_concentration': 60.6, 'eligible_count': 6, 'bet_adj': 2, 'reason': 'rel_win1=54.5%（本命度） / 最有力組み合わせ確率: 0.062（推定実オッズ?22倍） / 2着集中度: 上位2艇 60.6%（補正+0.00） / 総合判定確率: 0.062 / → ヒモ分散。1号艇1着固定で広めのヒモ流し推奨（買い目+2点）', 'tenji_trigger': '展示確認: ヒモ分散レース。1号艇伸び確認後、広めのヒモ流しを採用。穴ヒモ（5・6号艇）を積極的に含める。'}",,,28.6,逃げ狙い,17.93,29.9,3,,,,,,,,,,,
2025-06-14,丸亀,6,1,馬場　剛,A2,33.90,1,◎,64.238,,0,88.9,0.1128,2.0208,,,0,低,35,0,逃1%,3 1213,0,89.4,1.1659,0.6111,,,,,0.1535,0.0222,0.1323,◎,,C,◎,,,0.8035,,0.6968,S,100,0,◎1着固定 2-3着流し（5〜8点）,0.5777,"{'is_target': True, 'verdict': '参加推奨', 'max_combo_prob': 0.1071, 'est_top_odds': 12.5, 'circle_concentration': 64.8, 'eligible_count': 6, 'bet_adj': 2, 'reason': 'rel_win1=64.2%（本命度） / 最有力組み合わせ確率: 0.107（推定実オッズ?12倍） / 2着集中度: 上位2艇 64.8%（補正+0.00） / 総合判定確率: 0.107 / → ヒモ分散。1号艇1着固定で広めのヒモ流し推奨（買い目+2点）', 'tenji_trigger': '展示確認: ヒモ分散レース。1号艇伸び確認後、広めのヒモ流しを採用。穴ヒモ（5・6号艇）を積極的に含める。\n展示で1号艇スタート超安定(0.113秒)→ヒモ固まり方向に注意'}",,,25.8,逃げ狙い,11.86,27,2,,,,,0,0,0.7559,0,,逃げ軸流し,A
2025-06-14,丸亀,6,2,和合俊介,B1,28.66,2,△,7.8546,21.9,40,35.1,0.1537,3.2719,,,0,低,102,0,-,546 66,0,81.1,1.4672,,,,,,0.3333,0.5333,0.08,,,D,△,,0.1005,0.6265,,0.6968,S,100,0,◎1着固定 2-3着流し（5〜8点）,0.5777,"{'is_target': True, 'verdict': '参加推奨', 'max_combo_prob': 0.1071, 'est_top_odds': 12.5, 'circle_concentration': 64.8, 'eligible_count': 6, 'bet_adj': 2, 'reason': 'rel_win1=64.2%（本命度） / 最有力組み合わせ確率: 0.107（推定実オッズ?12倍） / 2着集中度: 上位2艇 64.8%（補正+0.00） / 総合判定確率: 0.107 / → ヒモ分散。1号艇1着固定で広めのヒモ流し推奨（買い目+2点）', 'tenji_trigger': '展示確認: ヒモ分散レース。1号艇伸び確認後、広めのヒモ流しを採用。穴ヒモ（5・6号艇）を積極的に含める。\n展示で1号艇スタート超安定(0.113秒)→ヒモ固まり方向に注意'}",,,25.8,逃げ狙い,11.86,27,2,,,,,,,,,,,
2025-06-14,丸亀,6,3,岡田憲行,A2,29.94,3,,11.7742,32.8,66,59.7,0.1811,3.8333,,,0,低,196,0,ま0% 差ま0% 抜0%,34362,0,49.1,1.1606,0,0,0.0333,0.0667,0.0333,0.0111,0.0444,0.1978,,,D,,,0.1257,0.5985,,0.6968,S,100,0,◎1着固定 2-3着流し（5〜8点）,0.5777,"{'is_target': True, 'verdict': '参加推奨', 'max_combo_prob': 0.1071, 'est_top_odds': 12.5, 'circle_concentration': 64.8, 'eligible_count': 6, 'bet_adj': 2, 'reason': 'rel_win1=64.2%（本命度） / 最有力組み合わせ確率: 0.107（推定実オッズ?12倍） / 2着集中度: 上位2艇 64.8%（補正+0.00） / 総合判定確率: 0.107 / → ヒモ分散。1号艇1着固定で広めのヒモ流し推奨（買い目+2点）', 'tenji_trigger': '展示確認: ヒモ分散レース。1号艇伸び確認後、広めのヒモ流しを採用。穴ヒモ（5・6号艇）を積極的に含める。\n展示で1号艇スタート超安定(0.113秒)→ヒモ固まり方向に注意'}",,,25.8,逃げ狙い,11.86,27,2,,,,,,,,,,,
2025-06-14,丸亀,6,4,飯島昌弘,A1,39.77,4,○,10.0524,31.9,100,73.9,0.1738,3.5385,,,0,低,119,0,-,221342,0,32.8,0.7247,0,0.0278,0.0556,0,0.0278,0,0.1242,0.0242,,,B,△,◎,0.1174,0.6275,0.2346,0.6968,S,100,0,◎1着固定 2-3着流し（5〜8点）,0.5777,"{'is_target': True, 'verdict': '参加推奨', 'max_combo_prob': 0.1071, 'est_top_odds': 12.5, 'circle_concentration': 64.8, 'eligible_count': 6, 'bet_adj': 2, 'reason': 'rel_win1=64.2%（本命度） / 最有力組み合わせ確率: 0.107（推定実オッズ?12倍） / 2着集中度: 上位2艇 64.8%（補正+0.00） / 総合判定確率: 0.107 / → ヒモ分散。1号艇1着固定で広めのヒモ流し推奨（買い目+2点）', 'tenji_trigger': '展示確認: ヒモ分散レース。1号艇伸び確認後、広めのヒモ流しを採用。穴ヒモ（5・6号艇）を積極的に含める。\n展示で1号艇スタート超安定(0.113秒)→ヒモ固まり方向に注意'}",,,25.8,逃げ狙い,11.86,27,2,,,,,,,,,,,
2025-06-14,丸亀,6,5,赤峰和也,B1,38.32,5,▲,4.9193,11.3,33,28.6,0.1539,3.4464,,,0,低,121,0,-,6 454,0,47.1,0.9229,,,,,,0.4111,0.1889,0.3111,,,B,,,0.1855,0.5725,,0.6968,S,100,0,◎1着固定 2-3着流し（5〜8点）,0.5777,"{'is_target': True, 'verdict': '参加推奨', 'max_combo_prob': 0.1071, 'est_top_odds': 12.5, 'circle_concentration': 64.8, 'eligible_count': 6, 'bet_adj': 2, 'reason': 'rel_win1=64.2%（本命度） / 最有力組み合わせ確率: 0.107（推定実オッズ?12倍） / 2着集中度: 上位2艇 64.8%（補正+0.00） / 総合判定確率: 0.107 / → ヒモ分散。1号艇1着固定で広めのヒモ流し推奨（買い目+2点）', 'tenji_trigger': '展示確認: ヒモ分散レース。1号艇伸び確認後、広めのヒモ流しを採用。穴ヒモ（5・6号艇）を積極的に含める。\n展示で1号艇スタート超安定(0.113秒)→ヒモ固まり方向に注意'}",,,25.8,逃げ狙い,11.86,27,2,,,,,,,,,,,
2025-06-14,丸亀,6,6,抹香雄三,B1,25.31,6,,1.1615,2,24,23.8,0.1475,3.5635,,,0,低,100,0,-,5 156,0,26.6,0.5211,,,,,,0.12,0.24,0.16,,,E,○,,0.2029,0.6655,,0.6968,S,100,0,◎1着固定 2-3着流し（5〜8点）,0.5777,"{'is_target': True, 'verdict': '参加推奨', 'max_combo_prob': 0.1071, 'est_top_odds': 12.5, 'circle_concentration': 64.8, 'eligible_count': 6, 'bet_adj': 2, 'reason': 'rel_win1=64.2%（本命度） / 最有力組み合わせ確率: 0.107（推定実オッズ?12倍） / 2着集中度: 上位2艇 64.8%（補正+0.00） / 総合判定確率: 0.107 / → ヒモ分散。1号艇1着固定で広めのヒモ流し推奨（買い目+2点）', 'tenji_trigger': '展示確認: ヒモ分散レース。1号艇伸び確認後、広めのヒモ流しを採用。穴ヒモ（5・6号艇）を積極的に含める。\n展示で1号艇スタート超安定(0.113秒)→ヒモ固まり方向に注意'}",,,25.8,逃げ狙い,11.86,27,2,,,,,,,,,,,
2025-06-14,丸亀,7,1,大串重幸,A2,33.97,1,◎,58.8504,,0,91.3,0.1413,3.1739,,,0,低,132,0,逃1%,2 5213,0,82.2,0.9909,0.5526,,,,,0.1088,0.0526,0.1193,◎,,C,,,,0.6085,,0.5046,S,86,0,◎1着固定 2-3着流し（5〜8点）,0.5777,"{'is_target': True, 'verdict': '参加推奨', 'max_combo_prob': 0.0635, 'est_top_odds': 21.0, 'circle_concentration': 64.2, 'eligible_count': 6, 'bet_adj': 2, 'reason': 'rel_win1=58.9%（本命度） / 最有力組み合わせ確率: 0.063（推定実オッズ?21倍） / 2着集中度: 上位2艇 64.2%（補正+0.00） / 総合判定確率: 0.063 / → ヒモ分散。1号艇1着固定で広めのヒモ流し推奨（買い目+2点）', 'tenji_trigger': '展示確認: ヒモ分散レース。1号艇伸び確認後、広めのヒモ流しを採用。穴ヒモ（5・6号艇）を積極的に含める。'}",,,22,逃げ狙い,15.35,27.4,4,,,,,0,0,0.7559,0,,逃げ軸流し,A
2025-06-14,丸亀,7,2,深川和仁,B1,40.72,2,▲,13.1934,37,83,50,0.164,3.76,,,0,低,130,0,-,1 551,0,50.5,0.9995,0,0.0435,0.0435,0,0.0435,0.2,0.0167,0.05,,,B,,,0.0982,0.606,,0.5046,S,86,0,◎1着固定 2-3着流し（5〜8点）,0.5777,"{'is_target': True, 'verdict': '参加推奨', 'max_combo_prob': 0.0635, 'est_top_odds': 21.0, 'circle_concentration': 64.2, 'eligible_count': 6, 'bet_adj': 2, 'reason': 'rel_win1=58.9%（本命度） / 最有力組み合わせ確率: 0.063（推定実オッズ?21倍） / 2着集中度: 上位2艇 64.2%（補正+0.00） / 総合判定確率: 0.063 / → ヒモ分散。1号艇1着固定で広めのヒモ流し推奨（買い目+2点）', 'tenji_trigger': '展示確認: ヒモ分散レース。1号艇伸び確認後、広めのヒモ流しを採用。穴ヒモ（5・6号艇）を積極的に含める。'}",,,22,逃げ狙い,15.35,27.4,4,,,,,,,,,,,
2025-06-14,丸亀,7,3,東　健介,B1,38.75,3,△,10.5395,27.2,69,42.5,0.133,2.8191,,,0,低,99,0,-,255 46,0,58.6,1.1617,0,0,0,0.0769,0,0.0667,0.1556,0.5389,,,C,△,,0.3482,0.631,,0.5046,S,86,0,◎1着固定 2-3着流し（5〜8点）,0.5777,"{'is_target': True, 'verdict': '参加推奨', 'max_combo_prob': 0.0635, 'est_top_odds': 21.0, 'circle_concentration': 64.2, 'eligible_count': 6, 'bet_adj': 2, 'reason': 'rel_win1=58.9%（本命度） / 最有力組み合わせ確率: 0.063（推定実オッズ?21倍） / 2着集中度: 上位2艇 64.2%（補正+0.00） / 総合判定確率: 0.063 / → ヒモ分散。1号艇1着固定で広めのヒモ流し推奨（買い目+2点）', 'tenji_trigger': '展示確認: ヒモ分散レース。1号艇伸び確認後、広めのヒモ流しを採用。穴ヒモ（5・6号艇）を積極的に含める。'}",,,22,逃げ狙い,15.35,27.4,4,,,,,,,,,,,
2025-06-14,丸亀,7,4,冨成謙児,B1,27.27,4,,5.66,14.3,76,29.5,0.1561,3.6393,,,0,低,112,0,-,434 63,0,28.6,0.6789,,,,,,0.3043,0.1739,0.1739,,,E,○,,0.2626,0.6875,,0.5046,S,86,0,◎1着固定 2-3着流し（5〜8点）,0.5777,"{'is_target': True, 'verdict': '参加推奨', 'max_combo_prob': 0.0635, 'est_top_odds': 21.0, 'circle_concentration': 64.2, 'eligible_count': 6, 'bet_adj': 2, 'reason': 'rel_win1=58.9%（本命度） / 最有力組み合わせ確率: 0.063（推定実オッズ?21倍） / 2着集中度: 上位2艇 64.2%（補正+0.00） / 総合判定確率: 0.063 / → ヒモ分散。1号艇1着固定で広めのヒモ流し推奨（買い目+2点）', 'tenji_trigger': '展示確認: ヒモ分散レース。1号艇伸び確認後、広めのヒモ流しを採用。穴ヒモ（5・6号艇）を積極的に含める。'}",,,22,逃げ狙い,15.35,27.4,4,,,,,,,,,,,
2025-06-14,丸亀,7,5,藤田浩人,A2,30.11,5,,7.4388,9.2,98,45.5,0.1706,3.9091,,,0,低,147,0,-,434 25,0,59.5,1.0376,0,0,0,0.1071,0,0.1,0.0273,0.0182,,,D,△,◎,0.2114,0.653,0.2033,0.5046,S,86,0,◎1着固定 2-3着流し（5〜8点）,0.5777,"{'is_target': True, 'verdict': '参加推奨', 'max_combo_prob': 0.0635, 'est_top_odds': 21.0, 'circle_concentration': 64.2, 'eligible_count': 6, 'bet_adj': 2, 'reason': 'rel_win1=58.9%（本命度） / 最有力組み合わせ確率: 0.063（推定実オッズ?21倍） / 2着集中度: 上位2艇 64.2%（補正+0.00） / 総合判定確率: 0.063 / → ヒモ分散。1号艇1着固定で広めのヒモ流し推奨（買い目+2点）', 'tenji_trigger': '展示確認: ヒモ分散レース。1号艇伸び確認後、広めのヒモ流しを採用。穴ヒモ（5・6号艇）を積極的に含める。'}",,,22,逃げ狙い,15.35,27.4,4,,,,,,,,,,,
2025-06-14,丸亀,7,6,若林　将,A1,40.24,6,○,4.3179,12.3,100,52.8,0.1304,2.5943,,,0,低,35,0,-,21211,0,25.1,0.5975,,,,,,0.2214,0,0.1036,,,B,◎,,0.3542,0.6995,,0.5046,S,86,0,◎1着固定 2-3着流し（5〜8点）,0.5777,"{'is_target': True, 'verdict': '参加推奨', 'max_combo_prob': 0.0635, 'est_top_odds': 21.0, 'circle_concentration': 64.2, 'eligible_count': 6, 'bet_adj': 2, 'reason': 'rel_win1=58.9%（本命度） / 最有力組み合わせ確率: 0.063（推定実オッズ?21倍） / 2着集中度: 上位2艇 64.2%（補正+0.00） / 総合判定確率: 0.063 / → ヒモ分散。1号艇1着固定で広めのヒモ流し推奨（買い目+2点）', 'tenji_trigger': '展示確認: ヒモ分散レース。1号艇伸び確認後、広めのヒモ流しを採用。穴ヒモ（5・6号艇）を積極的に含める。'}",,,22,逃げ狙い,15.35,27.4,4,,,,,,,,,,,
2025-06-14,丸亀,8,1,近江翔吾,A1,40.96,1,◎,73.6346,,0,92.7,0.1291,2.3015,,,0,低,52,0,逃1%,312 14,0,82,1.2018,0.7838,,,,,0.0811,0.0541,0.027,◎,,A,◎,,,0.6415,,0.7552,S,94,0,◎1着固定 2-3着流し（5〜8点）,0.5777,"{'is_target': True, 'verdict': '点数絞り', 'max_combo_prob': 0.1013, 'est_top_odds': 13.2, 'circle_concentration': 72.9, 'eligible_count': 6, 'bet_adj': 0, 'reason': 'rel_win1=73.6%（本命度） / 最有力組み合わせ確率: 0.101（推定実オッズ?13倍） / 2着集中度: 上位2艇 72.9%（補正+0.04） / 総合判定確率: 0.141 / → ヒモはやや固め。上位2艇以外を切ること', 'tenji_trigger': '展示確認: 1号艇伸び良→そのまま採用。悪→飛び組に差し替え。circle_pct上位2艇に絞り込むこと。\n展示で1号艇スタート超安定(0.129秒)→ヒモ固まり方向に注意'}",,,25.4,逃げ狙い,13.11,24.8,2,,,,,0,0,0.7559,0,,逃げ軸流し,A
2025-06-14,丸亀,8,2,赤羽克也,A2,26.95,2,,10.008,38.8,90,59.7,0.1658,3.7708,,,0,低,137,0,-,541 45,0,62.5,1.326,0,0.0968,0,0,0.0323,0.2828,0.1885,0.0138,,,E,○,,0.0715,0.633,,0.7552,S,94,0,◎1着固定 2-3着流し（5〜8点）,0.5777,"{'is_target': True, 'verdict': '点数絞り', 'max_combo_prob': 0.1013, 'est_top_odds': 13.2, 'circle_concentration': 72.9, 'eligible_count': 6, 'bet_adj': 0, 'reason': 'rel_win1=73.6%（本命度） / 最有力組み合わせ確率: 0.101（推定実オッズ?13倍） / 2着集中度: 上位2艇 72.9%（補正+0.04） / 総合判定確率: 0.141 / → ヒモはやや固め。上位2艇以外を切ること', 'tenji_trigger': '展示確認: 1号艇伸び良→そのまま採用。悪→飛び組に差し替え。circle_pct上位2艇に絞り込むこと。\n展示で1号艇スタート超安定(0.129秒)→ヒモ固まり方向に注意'}",,,25.4,逃げ狙い,13.11,24.8,2,,,,,,,,,,,
2025-06-14,丸亀,8,3,岡本慎治,B1,29.82,3,△,8.0378,34.1,85,67.4,0.157,3.2093,,,0,低,107,0,ま0%,444 16,0,50.6,1.1844,0,0,0.15,0,0,0.4053,0.0421,0.2132,,,D,△,,0.172,0.611,,0.7552,S,94,0,◎1着固定 2-3着流し（5〜8点）,0.5777,"{'is_target': True, 'verdict': '点数絞り', 'max_combo_prob': 0.1013, 'est_top_odds': 13.2, 'circle_concentration': 72.9, 'eligible_count': 6, 'bet_adj': 0, 'reason': 'rel_win1=73.6%（本命度） / 最有力組み合わせ確率: 0.101（推定実オッズ?13倍） / 2着集中度: 上位2艇 72.9%（補正+0.04） / 総合判定確率: 0.141 / → ヒモはやや固め。上位2艇以外を切ること', 'tenji_trigger': '展示確認: 1号艇伸び良→そのまま採用。悪→飛び組に差し替え。circle_pct上位2艇に絞り込むこと。\n展示で1号艇スタート超安定(0.129秒)→ヒモ固まり方向に注意'}",,,25.4,逃げ狙い,13.11,24.8,2,,,,,,,,,,,
2025-06-14,丸亀,8,4,亀山雅幸,A2,30.99,4,▲,5.327,14.4,100,51.3,0.1653,3.1351,,,0,低,154,0,-,322 44,0,18.6,0.4785,0,0,0.0625,0.0312,0,0.0944,0.1222,0.0944,,,D,△,◎,0.1489,0.6195,0.3698,0.7552,S,94,0,◎1着固定 2-3着流し（5〜8点）,0.5777,"{'is_target': True, 'verdict': '点数絞り', 'max_combo_prob': 0.1013, 'est_top_odds': 13.2, 'circle_concentration': 72.9, 'eligible_count': 6, 'bet_adj': 0, 'reason': 'rel_win1=73.6%（本命度） / 最有力組み合わせ確率: 0.101（推定実オッズ?13倍） / 2着集中度: 上位2艇 72.9%（補正+0.04） / 総合判定確率: 0.141 / → ヒモはやや固め。上位2艇以外を切ること', 'tenji_trigger': '展示確認: 1号艇伸び良→そのまま採用。悪→飛び組に差し替え。circle_pct上位2艇に絞り込むこと。\n展示で1号艇スタート超安定(0.129秒)→ヒモ固まり方向に注意'}",,,25.4,逃げ狙い,13.11,24.8,2,,,,,,,,,,,
2025-06-14,丸亀,8,5,近藤稔也,B1,34.64,5,○,1.6623,12.4,81,31.1,0.1813,3.7541,,,0,低,180,0,-,345 56,0,100,2.2683,,,,,,0.368,0.32,0.064,,,B,,,0.1464,0.609,,0.7552,S,94,0,◎1着固定 2-3着流し（5〜8点）,0.5777,"{'is_target': True, 'verdict': '点数絞り', 'max_combo_prob': 0.1013, 'est_top_odds': 13.2, 'circle_concentration': 72.9, 'eligible_count': 6, 'bet_adj': 0, 'reason': 'rel_win1=73.6%（本命度） / 最有力組み合わせ確率: 0.101（推定実オッズ?13倍） / 2着集中度: 上位2艇 72.9%（補正+0.04） / 総合判定確率: 0.141 / → ヒモはやや固め。上位2艇以外を切ること', 'tenji_trigger': '展示確認: 1号艇伸び良→そのまま採用。悪→飛び組に差し替え。circle_pct上位2艇に絞り込むこと。\n展示で1号艇スタート超安定(0.129秒)→ヒモ固まり方向に注意'}",,,25.4,逃げ狙い,13.11,24.8,2,,,,,,,,,,,
2025-06-14,丸亀,8,6,日高龍之,B2,34.34,6,,1.3302,0.3,16,3.3,0.2102,4.5656,,,0,低,49,0,-,666 55,0,27.9,0.6439,0,0,0,0.0164,0,,,,,,C,,,0.0993,0.529,,0.7552,S,94,0,◎1着固定 2-3着流し（5〜8点）,0.5777,"{'is_target': True, 'verdict': '点数絞り', 'max_combo_prob': 0.1013, 'est_top_odds': 13.2, 'circle_concentration': 72.9, 'eligible_count': 6, 'bet_adj': 0, 'reason': 'rel_win1=73.6%（本命度） / 最有力組み合わせ確率: 0.101（推定実オッズ?13倍） / 2着集中度: 上位2艇 72.9%（補正+0.04） / 総合判定確率: 0.141 / → ヒモはやや固め。上位2艇以外を切ること', 'tenji_trigger': '展示確認: 1号艇伸び良→そのまま採用。悪→飛び組に差し替え。circle_pct上位2艇に絞り込むこと。\n展示で1号艇スタート超安定(0.129秒)→ヒモ固まり方向に注意'}",,,25.4,逃げ狙い,13.11,24.8,2,,,,,,,,,,,
2025-06-14,丸亀,9,1,田中和也,A1,46.58,1,◎,58.4056,,0,88.8,0.1654,3.4184,,,0,低,135,0,逃0%,14341,0,96.1,1.3546,0.5909,,,,,0.0455,0.0273,0.1145,○,,A,△,,,0.62,,0.3997,S,98,0,◎1着固定 2-3着流し（5〜8点）,0.5777,"{'is_target': True, 'verdict': '参加推奨', 'max_combo_prob': 0.0833, 'est_top_odds': 16.0, 'circle_concentration': 60.3, 'eligible_count': 6, 'bet_adj': 2, 'reason': 'rel_win1=58.4%（本命度） / 最有力組み合わせ確率: 0.083（推定実オッズ?16倍） / 2着集中度: 上位2艇 60.3%（補正+0.00） / 総合判定確率: 0.083 / → ヒモ分散。1号艇1着固定で広めのヒモ流し推奨（買い目+2点）', 'tenji_trigger': '展示確認: ヒモ分散レース。1号艇伸び確認後、広めのヒモ流しを採用。穴ヒモ（5・6号艇）を積極的に含める。'}",,,27.9,逃げ狙い,20.09,26,2,,,,,0,0,0.6155,0,,逃げ軸流し,A
2025-06-14,丸亀,9,2,里岡右貴,A1,36.52,2,○,16.4543,38.4,100,81.5,0.1409,2.6481,,,0,低,75,0,差1%,152121,0,39.2,0.7802,0,0.2,0.12,0,0,0.115,0.139,0.024,,◎,C,◎,,0.5961,0.641,,0.3997,S,98,0,◎1着固定 2-3着流し（5〜8点）,0.5777,"{'is_target': True, 'verdict': '参加推奨', 'max_combo_prob': 0.0833, 'est_top_odds': 16.0, 'circle_concentration': 60.3, 'eligible_count': 6, 'bet_adj': 2, 'reason': 'rel_win1=58.4%（本命度） / 最有力組み合わせ確率: 0.083（推定実オッズ?16倍） / 2着集中度: 上位2艇 60.3%（補正+0.00） / 総合判定確率: 0.083 / → ヒモ分散。1号艇1着固定で広めのヒモ流し推奨（買い目+2点）', 'tenji_trigger': '展示確認: ヒモ分散レース。1号艇伸び確認後、広めのヒモ流しを採用。穴ヒモ（5・6号艇）を積極的に含める。'}",,,27.9,逃げ狙い,20.09,26,2,,,,,,,,,,,
2025-06-14,丸亀,9,3,井上尚悟,B1,44.38,3,△,8.482,21.6,81,54.5,0.1745,3.5909,,,0,低,157,0,-,451 22,0,19.5,0.6346,0,0.0333,0,0.0333,0.0333,0.1832,0.0842,0.1621,,,B,△,,0.2379,0.593,,0.3997,S,98,0,◎1着固定 2-3着流し（5〜8点）,0.5777,"{'is_target': True, 'verdict': '参加推奨', 'max_combo_prob': 0.0833, 'est_top_odds': 16.0, 'circle_concentration': 60.3, 'eligible_count': 6, 'bet_adj': 2, 'reason': 'rel_win1=58.4%（本命度） / 最有力組み合わせ確率: 0.083（推定実オッズ?16倍） / 2着集中度: 上位2艇 60.3%（補正+0.00） / 総合判定確率: 0.083 / → ヒモ分散。1号艇1着固定で広めのヒモ流し推奨（買い目+2点）', 'tenji_trigger': '展示確認: ヒモ分散レース。1号艇伸び確認後、広めのヒモ流しを採用。穴ヒモ（5・6号艇）を積極的に含める。'}",,,27.9,逃げ狙い,20.09,26,2,,,,,,,,,,,
2025-06-14,丸亀,9,4,山本寛久,A1,31.29,4,,10.6957,21.9,50,64.1,0.1649,3.2308,,,0,低,77,0,ま0% 差ま0% 抜0%,163 22,0,67.8,1.3462,0,0,0.0455,0.0909,0.0455,0.0222,0.0444,0.2056,,,E,○,◎,0.3057,0.6225,0.4247,0.3997,S,98,0,◎1着固定 2-3着流し（5〜8点）,0.5777,"{'is_target': True, 'verdict': '参加推奨', 'max_combo_prob': 0.0833, 'est_top_odds': 16.0, 'circle_concentration': 60.3, 'eligible_count': 6, 'bet_adj': 2, 'reason': 'rel_win1=58.4%（本命度） / 最有力組み合わせ確率: 0.083（推定実オッズ?16倍） / 2着集中度: 上位2艇 60.3%（補正+0.00） / 総合判定確率: 0.083 / → ヒモ分散。1号艇1着固定で広めのヒモ流し推奨（買い目+2点）', 'tenji_trigger': '展示確認: ヒモ分散レース。1号艇伸び確認後、広めのヒモ流しを採用。穴ヒモ（5・6号艇）を積極的に含める。'}",,,27.9,逃げ狙い,20.09,26,2,,,,,,,,,,,
2025-06-14,丸亀,9,5,石井伸長,B1,44.71,5,▲,5.0418,15.4,51,44,0.1714,3.54,,,0,低,79,0,-,3 223,0,42,0.8767,0,0,0.0286,0.0286,0,0,0.5,0.25,,,B,,,0.2676,0.5655,,0.3997,S,98,0,◎1着固定 2-3着流し（5〜8点）,0.5777,"{'is_target': True, 'verdict': '参加推奨', 'max_combo_prob': 0.0833, 'est_top_odds': 16.0, 'circle_concentration': 60.3, 'eligible_count': 6, 'bet_adj': 2, 'reason': 'rel_win1=58.4%（本命度） / 最有力組み合わせ確率: 0.083（推定実オッズ?16倍） / 2着集中度: 上位2艇 60.3%（補正+0.00） / 総合判定確率: 0.083 / → ヒモ分散。1号艇1着固定で広めのヒモ流し推奨（買い目+2点）', 'tenji_trigger': '展示確認: ヒモ分散レース。1号艇伸び確認後、広めのヒモ流しを採用。穴ヒモ（5・6号艇）を積極的に含める。'}",,,27.9,逃げ狙い,20.09,26,2,,,,,,,,,,,
2025-06-14,丸亀,9,6,菊池峰晴,B1,32.74,6,,0.9206,2.7,36,24.4,0.219,4.8902,,,0,低,151,0,-,2 623,0,32.7,1.0803,,,,,,0.2,0.2,0.3,,,D,△,,0.1472,0.593,,0.3997,S,98,0,◎1着固定 2-3着流し（5〜8点）,0.5777,"{'is_target': True, 'verdict': '参加推奨', 'max_combo_prob': 0.0833, 'est_top_odds': 16.0, 'circle_concentration': 60.3, 'eligible_count': 6, 'bet_adj': 2, 'reason': 'rel_win1=58.4%（本命度） / 最有力組み合わせ確率: 0.083（推定実オッズ?16倍） / 2着集中度: 上位2艇 60.3%（補正+0.00） / 総合判定確率: 0.083 / → ヒモ分散。1号艇1着固定で広めのヒモ流し推奨（買い目+2点）', 'tenji_trigger': '展示確認: ヒモ分散レース。1号艇伸び確認後、広めのヒモ流しを採用。穴ヒモ（5・6号艇）を積極的に含める。'}",,,27.9,逃げ狙い,20.09,26,2,,,,,,,,,,,
2025-06-14,丸亀,10,1,海野康志,A1,44.91,1,◎,66.514,,0,100,0.118,2.413,,,0,低,38,0,逃1%,13113,0,79.1,1.0921,0.7097,,,,,0,0.0387,0.2516,◎,,B,,,,0.6265,,0.6709,S,97,0,◎1着固定 2-3着流し（5〜8点）,0.5777,"{'is_target': True, 'verdict': '参加推奨', 'max_combo_prob': 0.0811, 'est_top_odds': 16.4, 'circle_concentration': 69.1, 'eligible_count': 6, 'bet_adj': 2, 'reason': 'rel_win1=66.5%（本命度） / 最有力組み合わせ確率: 0.081（推定実オッズ?16倍） / 2着集中度: 上位2艇 69.1%（補正+0.00） / 総合判定確率: 0.081 / → ヒモ分散。1号艇1着固定で広めのヒモ流し推奨（買い目+2点）', 'tenji_trigger': '展示確認: ヒモ分散レース。1号艇伸び確認後、広めのヒモ流しを採用。穴ヒモ（5・6号艇）を積極的に含める。\n展示で1号艇スタート超安定(0.118秒)→ヒモ固まり方向に注意'}",,,26,逃げ狙い,16.1,24.1,2,,,,,0,0,0.7559,0,,逃げ軸流し,A
2025-06-14,丸亀,10,2,本多宏和,A1,36.36,2,▲,12.3853,45.7,59,60.5,0.155,3.5921,,,0,低,73,0,差1%,1 6411,0,43.4,0.8703,0,0.1333,0.0667,0,0,0.1111,0.0556,0.1667,,,C,○,,0.0782,0.6585,,0.6709,S,97,0,◎1着固定 2-3着流し（5〜8点）,0.5777,"{'is_target': True, 'verdict': '参加推奨', 'max_combo_prob': 0.0811, 'est_top_odds': 16.4, 'circle_concentration': 69.1, 'eligible_count': 6, 'bet_adj': 2, 'reason': 'rel_win1=66.5%（本命度） / 最有力組み合わせ確率: 0.081（推定実オッズ?16倍） / 2着集中度: 上位2艇 69.1%（補正+0.00） / 総合判定確率: 0.081 / → ヒモ分散。1号艇1着固定で広めのヒモ流し推奨（買い目+2点）', 'tenji_trigger': '展示確認: ヒモ分散レース。1号艇伸び確認後、広めのヒモ流しを採用。穴ヒモ（5・6号艇）を積極的に含める。\n展示で1号艇スタート超安定(0.118秒)→ヒモ固まり方向に注意'}",,,26,逃げ狙い,16.1,24.1,2,,,,,,,,,,,
2025-06-14,丸亀,10,3,中里英夫,B1,45.10,3,○,9.917,23.4,93,54.5,0.1518,3.3909,,,0,低,123,0,差ま0%,321 32,0,45.9,1.034,0,0,0,0.08,0,0.1292,0.2458,0.1958,,,A,△,,0.1241,0.641,,0.6709,S,97,0,◎1着固定 2-3着流し（5〜8点）,0.5777,"{'is_target': True, 'verdict': '参加推奨', 'max_combo_prob': 0.0811, 'est_top_odds': 16.4, 'circle_concentration': 69.1, 'eligible_count': 6, 'bet_adj': 2, 'reason': 'rel_win1=66.5%（本命度） / 最有力組み合わせ確率: 0.081（推定実オッズ?16倍） / 2着集中度: 上位2艇 69.1%（補正+0.00） / 総合判定確率: 0.081 / → ヒモ分散。1号艇1着固定で広めのヒモ流し推奨（買い目+2点）', 'tenji_trigger': '展示確認: ヒモ分散レース。1号艇伸び確認後、広めのヒモ流しを採用。穴ヒモ（5・6号艇）を積極的に含める。\n展示で1号艇スタート超安定(0.118秒)→ヒモ固まり方向に注意'}",,,26,逃げ狙い,16.1,24.1,2,,,,,,,,,,,
2025-06-14,丸亀,10,4,山地正樹,B1,40.85,4,,5.4442,11.1,88,30.2,0.1807,4.2907,,,0,低,88,0,-,1 415,0,18.1,0.4974,,,,,,0.2091,0.1545,0.1364,,,C,△,,0.1371,0.642,,0.6709,S,97,0,◎1着固定 2-3着流し（5〜8点）,0.5777,"{'is_target': True, 'verdict': '参加推奨', 'max_combo_prob': 0.0811, 'est_top_odds': 16.4, 'circle_concentration': 69.1, 'eligible_count': 6, 'bet_adj': 2, 'reason': 'rel_win1=66.5%（本命度） / 最有力組み合わせ確率: 0.081（推定実オッズ?16倍） / 2着集中度: 上位2艇 69.1%（補正+0.00） / 総合判定確率: 0.081 / → ヒモ分散。1号艇1着固定で広めのヒモ流し推奨（買い目+2点）', 'tenji_trigger': '展示確認: ヒモ分散レース。1号艇伸び確認後、広めのヒモ流しを採用。穴ヒモ（5・6号艇）を積極的に含める。\n展示で1号艇スタート超安定(0.118秒)→ヒモ固まり方向に注意'}",,,26,逃げ狙い,16.1,24.1,2,,,,,,,,,,,
2025-06-14,丸亀,10,5,興津　藍,B1,30.59,5,,2.8022,14.7,94,55.8,0.1717,4.0962,,,0,低,133,0,-,2 341,0,40.4,0.8614,0,0,0.0435,0,0,0.1562,0.0343,0.179,,,E,,,0.1135,0.6195,,0.6709,S,97,0,◎1着固定 2-3着流し（5〜8点）,0.5777,"{'is_target': True, 'verdict': '参加推奨', 'max_combo_prob': 0.0811, 'est_top_odds': 16.4, 'circle_concentration': 69.1, 'eligible_count': 6, 'bet_adj': 2, 'reason': 'rel_win1=66.5%（本命度） / 最有力組み合わせ確率: 0.081（推定実オッズ?16倍） / 2着集中度: 上位2艇 69.1%（補正+0.00） / 総合判定確率: 0.081 / → ヒモ分散。1号艇1着固定で広めのヒモ流し推奨（買い目+2点）', 'tenji_trigger': '展示確認: ヒモ分散レース。1号艇伸び確認後、広めのヒモ流しを採用。穴ヒモ（5・6号艇）を積極的に含める。\n展示で1号艇スタート超安定(0.118秒)→ヒモ固まり方向に注意'}",,,26,逃げ狙い,16.1,24.1,2,,,,,,,,,,,
2025-06-14,丸亀,10,6,馬場　剛,A2,33.90,6,△,2.9373,5.1,100,47.3,0.1175,2.5364,,,0,低,35,0,ま0%,3 1213,0,92.6,1.8447,0,0,0.0417,0,0,0.1535,0.0222,0.1323,,,D,◎,,0.2881,0.8035,,0.6709,S,97,0,◎1着固定 2-3着流し（5〜8点）,0.5777,"{'is_target': True, 'verdict': '参加推奨', 'max_combo_prob': 0.0811, 'est_top_odds': 16.4, 'circle_concentration': 69.1, 'eligible_count': 6, 'bet_adj': 2, 'reason': 'rel_win1=66.5%（本命度） / 最有力組み合わせ確率: 0.081（推定実オッズ?16倍） / 2着集中度: 上位2艇 69.1%（補正+0.00） / 総合判定確率: 0.081 / → ヒモ分散。1号艇1着固定で広めのヒモ流し推奨（買い目+2点）', 'tenji_trigger': '展示確認: ヒモ分散レース。1号艇伸び確認後、広めのヒモ流しを採用。穴ヒモ（5・6号艇）を積極的に含める。\n展示で1号艇スタート超安定(0.118秒)→ヒモ固まり方向に注意'}",,,26,逃げ狙い,16.1,24.1,2,,,,,,,,,,,
2025-06-14,丸亀,11,1,若林　将,A1,40.24,1,◎,59.8071,,0,98.7,0.1222,2.5443,,,0,低,35,0,逃1%,21211,0,85,1.0587,0.6786,,,,,0.2214,0,0.1036,◎,,B,◎,,,0.6995,,0.6236,S,85,0,◎1着固定 2-3着流し（5〜8点）,0.5777,"{'is_target': True, 'verdict': '参加推奨', 'max_combo_prob': 0.0991, 'est_top_odds': 13.5, 'circle_concentration': 66.2, 'eligible_count': 6, 'bet_adj': 2, 'reason': 'rel_win1=59.8%（本命度） / 最有力組み合わせ確率: 0.099（推定実オッズ?14倍） / 2着集中度: 上位2艇 66.2%（補正+0.00） / 総合判定確率: 0.099 / → ヒモ分散。1号艇1着固定で広めのヒモ流し推奨（買い目+2点）', 'tenji_trigger': '展示確認: ヒモ分散レース。1号艇伸び確認後、広めのヒモ流しを採用。穴ヒモ（5・6号艇）を積極的に含める。\n展示で1号艇スタート超安定(0.122秒)→ヒモ固まり方向に注意'}",,,28.4,逃げ狙い,18.75,28.7,2,,,,,0,0,0.7559,0,,逃げ軸流し,A
2025-06-14,丸亀,11,2,近江翔吾,A1,40.96,2,○,17.1008,45.9,51,80.6,0.1244,2.5833,,,0,低,52,0,差0%,312 14,0,39.5,0.8636,0,0.2222,0,0,0,0.0811,0.0541,0.027,,◎,B,○,,0.3305,0.6415,,0.6236,S,85,0,◎1着固定 2-3着流し（5〜8点）,0.5777,"{'is_target': True, 'verdict': '参加推奨', 'max_combo_prob': 0.0991, 'est_top_odds': 13.5, 'circle_concentration': 66.2, 'eligible_count': 6, 'bet_adj': 2, 'reason': 'rel_win1=59.8%（本命度） / 最有力組み合わせ確率: 0.099（推定実オッズ?14倍） / 2着集中度: 上位2艇 66.2%（補正+0.00） / 総合判定確率: 0.099 / → ヒモ分散。1号艇1着固定で広めのヒモ流し推奨（買い目+2点）', 'tenji_trigger': '展示確認: ヒモ分散レース。1号艇伸び確認後、広めのヒモ流しを採用。穴ヒモ（5・6号艇）を積極的に含める。\n展示で1号艇スタート超安定(0.122秒)→ヒモ固まり方向に注意'}",,,28.4,逃げ狙い,18.75,28.7,2,,,,,,,,,,,
2025-06-14,丸亀,11,3,飯島昌弘,A1,39.77,3,▲,10.5438,20.3,97,74,0.1462,3.23,,,0,低,119,0,ま0%,221342,0,64.8,1.2892,0,0,0.0435,0,0,0,0.1242,0.0242,,,C,△,,0.1576,0.6275,,0.6236,S,85,0,◎1着固定 2-3着流し（5〜8点）,0.5777,"{'is_target': True, 'verdict': '参加推奨', 'max_combo_prob': 0.0991, 'est_top_odds': 13.5, 'circle_concentration': 66.2, 'eligible_count': 6, 'bet_adj': 2, 'reason': 'rel_win1=59.8%（本命度） / 最有力組み合わせ確率: 0.099（推定実オッズ?14倍） / 2着集中度: 上位2艇 66.2%（補正+0.00） / 総合判定確率: 0.099 / → ヒモ分散。1号艇1着固定で広めのヒモ流し推奨（買い目+2点）', 'tenji_trigger': '展示確認: ヒモ分散レース。1号艇伸び確認後、広めのヒモ流しを採用。穴ヒモ（5・6号艇）を積極的に含める。\n展示で1号艇スタート超安定(0.122秒)→ヒモ固まり方向に注意'}",,,28.4,逃げ狙い,18.75,28.7,2,,,,,,,,,,,
2025-06-14,丸亀,11,4,西野翔太,A2,33.33,4,△,7.6491,19.2,58,58.5,0.1436,2.8396,,,0,低,72,0,ま0% 差ま0%,224 34,0,62.6,1.1351,0,0,0.0833,0.0833,0,0.1556,0.0918,0.0465,,,D,△,◎,0.222,0.6405,0.3926,0.6236,S,85,0,◎1着固定 2-3着流し（5〜8点）,0.5777,"{'is_target': True, 'verdict': '参加推奨', 'max_combo_prob': 0.0991, 'est_top_odds': 13.5, 'circle_concentration': 66.2, 'eligible_count': 6, 'bet_adj': 2, 'reason': 'rel_win1=59.8%（本命度） / 最有力組み合わせ確率: 0.099（推定実オッズ?14倍） / 2着集中度: 上位2艇 66.2%（補正+0.00） / 総合判定確率: 0.099 / → ヒモ分散。1号艇1着固定で広めのヒモ流し推奨（買い目+2点）', 'tenji_trigger': '展示確認: ヒモ分散レース。1号艇伸び確認後、広めのヒモ流しを採用。穴ヒモ（5・6号艇）を積極的に含める。\n展示で1号艇スタート超安定(0.122秒)→ヒモ固まり方向に注意'}",,,28.4,逃げ狙い,18.75,28.7,2,,,,,,,,,,,
2025-06-14,丸亀,11,5,芦澤　望,A2,25.17,5,,3.6314,8.4,100,50.8,0.1479,2.9262,,,0,低,106,0,-,1 3343,0,37.6,0.7771,0,0,0,0.0741,0,0,0.1286,0.1886,,,E,,,0.2078,0.589,,0.6236,S,85,0,◎1着固定 2-3着流し（5〜8点）,0.5777,"{'is_target': True, 'verdict': '参加推奨', 'max_combo_prob': 0.0991, 'est_top_odds': 13.5, 'circle_concentration': 66.2, 'eligible_count': 6, 'bet_adj': 2, 'reason': 'rel_win1=59.8%（本命度） / 最有力組み合わせ確率: 0.099（推定実オッズ?14倍） / 2着集中度: 上位2艇 66.2%（補正+0.00） / 総合判定確率: 0.099 / → ヒモ分散。1号艇1着固定で広めのヒモ流し推奨（買い目+2点）', 'tenji_trigger': '展示確認: ヒモ分散レース。1号艇伸び確認後、広めのヒモ流しを採用。穴ヒモ（5・6号艇）を積極的に含める。\n展示で1号艇スタート超安定(0.122秒)→ヒモ固まり方向に注意'}",,,28.4,逃げ狙い,18.75,28.7,2,,,,,,,,,,,
2025-06-14,丸亀,11,6,大串重幸,A2,33.97,6,,1.2679,6.2,22,35,0.1897,4.325,,,0,低,132,0,-,2 5213,0,25.9,0.59,,,,,,0.1088,0.0526,0.1193,,,D,,,0.1377,0.6085,,0.6236,S,85,0,◎1着固定 2-3着流し（5〜8点）,0.5777,"{'is_target': True, 'verdict': '参加推奨', 'max_combo_prob': 0.0991, 'est_top_odds': 13.5, 'circle_concentration': 66.2, 'eligible_count': 6, 'bet_adj': 2, 'reason': 'rel_win1=59.8%（本命度） / 最有力組み合わせ確率: 0.099（推定実オッズ?14倍） / 2着集中度: 上位2艇 66.2%（補正+0.00） / 総合判定確率: 0.099 / → ヒモ分散。1号艇1着固定で広めのヒモ流し推奨（買い目+2点）', 'tenji_trigger': '展示確認: ヒモ分散レース。1号艇伸び確認後、広めのヒモ流しを採用。穴ヒモ（5・6号艇）を積極的に含める。\n展示で1号艇スタート超安定(0.122秒)→ヒモ固まり方向に注意'}",,,28.4,逃げ狙い,18.75,28.7,2,,,,,,,,,,,
2025-06-14,丸亀,12,1,亀山雅幸,A2,30.99,1,◎,61.9628,,0,91.6,0.1593,2.8253,,,0,低,154,0,逃0%,322 44,0,83.3,1.2546,0.6389,,,,,0.0944,0.1222,0.0944,◎,,C,○,,,0.6195,,0.5553,S,82,0,◎1着固定 2-3着流し（5〜8点）,0.5777,"{'is_target': True, 'verdict': '参加推奨', 'max_combo_prob': 0.1118, 'est_top_odds': 11.9, 'circle_concentration': 67.9, 'eligible_count': 6, 'bet_adj': 2, 'reason': 'rel_win1=62.0%（本命度） / 最有力組み合わせ確率: 0.112（推定実オッズ?12倍） / 2着集中度: 上位2艇 67.9%（補正+0.00） / 総合判定確率: 0.112 / → ヒモ分散。1号艇1着固定で広めのヒモ流し推奨（買い目+2点）', 'tenji_trigger': '展示確認: ヒモ分散レース。1号艇伸び確認後、広めのヒモ流しを採用。穴ヒモ（5・6号艇）を積極的に含める。'}",,,27,逃げ狙い,13.34,29.3,2,,,,,0,0,0.7559,0,,逃げ軸流し,A
2025-06-14,丸亀,12,2,藤田浩人,A2,30.11,2,,11.7036,50.3,76,76.6,0.1679,3.5519,,,0,低,147,0,-,434 25,0,100,2.1229,0,0.0625,0.0625,0,0.0312,0.1,0.0273,0.0182,,,D,◎,,0.2421,0.653,,0.5553,S,82,0,◎1着固定 2-3着流し（5〜8点）,0.5777,"{'is_target': True, 'verdict': '参加推奨', 'max_combo_prob': 0.1118, 'est_top_odds': 11.9, 'circle_concentration': 67.9, 'eligible_count': 6, 'bet_adj': 2, 'reason': 'rel_win1=62.0%（本命度） / 最有力組み合わせ確率: 0.112（推定実オッズ?12倍） / 2着集中度: 上位2艇 67.9%（補正+0.00） / 総合判定確率: 0.112 / → ヒモ分散。1号艇1着固定で広めのヒモ流し推奨（買い目+2点）', 'tenji_trigger': '展示確認: ヒモ分散レース。1号艇伸び確認後、広めのヒモ流しを採用。穴ヒモ（5・6号艇）を積極的に含める。'}",,,27,逃げ狙い,13.34,29.3,2,,,,,,,,,,,
2025-06-14,丸亀,12,3,森作広大,B1,52.20,3,○,7.5558,17.5,100,48.7,0.16,3.2949,,,0,低,96,0,ま0%,165 22,0,26.9,0.8748,0,0,0.0455,0,0,0.5412,0,0.1412,,,A,△,,0.2977,0.596,,0.5553,S,82,0,◎1着固定 2-3着流し（5〜8点）,0.5777,"{'is_target': True, 'verdict': '参加推奨', 'max_combo_prob': 0.1118, 'est_top_odds': 11.9, 'circle_concentration': 67.9, 'eligible_count': 6, 'bet_adj': 2, 'reason': 'rel_win1=62.0%（本命度） / 最有力組み合わせ確率: 0.112（推定実オッズ?12倍） / 2着集中度: 上位2艇 67.9%（補正+0.00） / 総合判定確率: 0.112 / → ヒモ分散。1号艇1着固定で広めのヒモ流し推奨（買い目+2点）', 'tenji_trigger': '展示確認: ヒモ分散レース。1号艇伸び確認後、広めのヒモ流しを採用。穴ヒモ（5・6号艇）を積極的に含める。'}",,,27,逃げ狙い,13.34,29.3,2,,,,,,,,,,,
2025-06-14,丸亀,12,4,出畑孝成,B2,30.86,4,△,10.3968,10.8,87,37.8,0.1681,3.5811,,,0,低,89,0,-,655 5S,0,45.5,0.9894,0,0,0.0385,0.0385,0.0385,,,,,,D,,◎,0.2722,0.542,0.2966,0.5553,S,82,0,◎1着固定 2-3着流し（5〜8点）,0.5777,"{'is_target': True, 'verdict': '参加推奨', 'max_combo_prob': 0.1118, 'est_top_odds': 11.9, 'circle_concentration': 67.9, 'eligible_count': 6, 'bet_adj': 2, 'reason': 'rel_win1=62.0%（本命度） / 最有力組み合わせ確率: 0.112（推定実オッズ?12倍） / 2着集中度: 上位2艇 67.9%（補正+0.00） / 総合判定確率: 0.112 / → ヒモ分散。1号艇1着固定で広めのヒモ流し推奨（買い目+2点）', 'tenji_trigger': '展示確認: ヒモ分散レース。1号艇伸び確認後、広めのヒモ流しを採用。穴ヒモ（5・6号艇）を積極的に含める。'}",,,27,逃げ狙い,13.34,29.3,2,,,,,,,,,,,
2025-06-14,丸亀,12,5,吉島祥之,A2,35.47,5,▲,7.3158,15.7,53,47.7,0.1783,3.5923,,,0,低,154,0,差ま0%,6 4665,0,65.8,1.4055,0,0,0,0.037,0,0.0114,0.1676,0.0229,,,C,,○,0.2403,0.5955,0.2646,0.5553,S,82,0,◎1着固定 2-3着流し（5〜8点）,0.5777,"{'is_target': True, 'verdict': '参加推奨', 'max_combo_prob': 0.1118, 'est_top_odds': 11.9, 'circle_concentration': 67.9, 'eligible_count': 6, 'bet_adj': 2, 'reason': 'rel_win1=62.0%（本命度） / 最有力組み合わせ確率: 0.112（推定実オッズ?12倍） / 2着集中度: 上位2艇 67.9%（補正+0.00） / 総合判定確率: 0.112 / → ヒモ分散。1号艇1着固定で広めのヒモ流し推奨（買い目+2点）', 'tenji_trigger': '展示確認: ヒモ分散レース。1号艇伸び確認後、広めのヒモ流しを採用。穴ヒモ（5・6号艇）を積極的に含める。'}",,,27,逃げ狙い,13.34,29.3,2,,,,,,,,,,,
2025-06-14,丸亀,12,6,岡田憲行,A2,29.94,6,,1.0652,5.6,39,27.3,0.1889,4.0152,,,0,低,196,0,-,34362,0,39.8,1.1406,,,,,,0.0111,0.0444,0.1978,,,E,△,,0.238,0.5985,,0.5553,S,82,0,◎1着固定 2-3着流し（5〜8点）,0.5777,"{'is_target': True, 'verdict': '参加推奨', 'max_combo_prob': 0.1118, 'est_top_odds': 11.9, 'circle_concentration': 67.9, 'eligible_count': 6, 'bet_adj': 2, 'reason': 'rel_win1=62.0%（本命度） / 最有力組み合わせ確率: 0.112（推定実オッズ?12倍） / 2着集中度: 上位2艇 67.9%（補正+0.00） / 総合判定確率: 0.112 / → ヒモ分散。1号艇1着固定で広めのヒモ流し推奨（買い目+2点）', 'tenji_trigger': '展示確認: ヒモ分散レース。1号艇伸び確認後、広めのヒモ流しを採用。穴ヒモ（5・6号艇）を積極的に含める。'}",,,27,逃げ狙い,13.34,29.3,2,,,,,,,,,,,
2025-06-15,丸亀,1,1,木場悠介,B1,38.51,1,◎,67.4355,,0,87.1,0.141,2.7016,,,0,低,101,0,逃1%,6 253,0,74.8,0.9822,0.48,,,,,0.032,0.132,0.244,◎,,B,○,,,0.652,,0.6047,S,81,0,◎1着固定 2-3着流し（5〜8点）,0.5777,"{'is_target': True, 'verdict': '点数絞り', 'max_combo_prob': 0.1078, 'est_top_odds': 12.4, 'circle_concentration': 77.0, 'eligible_count': 6, 'bet_adj': 0, 'reason': 'rel_win1=67.4%（本命度） / 最有力組み合わせ確率: 0.108（推定実オッズ?12倍） / 2着集中度: 上位2艇 77.0%（補正+0.04） / 総合判定確率: 0.148 / → ヒモはやや固め。上位2艇以外を切ること', 'tenji_trigger': '展示確認: 1号艇伸び良→そのまま採用。悪→飛び組に差し替え。circle_pct上位2艇に絞り込むこと。'}",,,26.4,逃げ狙い,12.16,28.4,4,,,,,0,0,0.7559,0,,逃げ軸流し,A
2025-06-15,丸亀,1,2,赤峰和也,B1,38.32,2,○,10.9956,47.1,100,46.6,0.1886,4.0603,,,0,低,121,0,-,6 454,0,60,0.6916,0,0.04,0.04,0,0,0.4111,0.1889,0.3111,,,B,,,0.0628,0.5725,,0.6047,S,81,0,◎1着固定 2-3着流し（5〜8点）,0.5777,"{'is_target': True, 'verdict': '点数絞り', 'max_combo_prob': 0.1078, 'est_top_odds': 12.4, 'circle_concentration': 77.0, 'eligible_count': 6, 'bet_adj': 0, 'reason': 'rel_win1=67.4%（本命度） / 最有力組み合わせ確率: 0.108（推定実オッズ?12倍） / 2着集中度: 上位2艇 77.0%（補正+0.04） / 総合判定確率: 0.148 / → ヒモはやや固め。上位2艇以外を切ること', 'tenji_trigger': '展示確認: 1号艇伸び良→そのまま採用。悪→飛び組に差し替え。circle_pct上位2艇に絞り込むこと。'}",,,26.4,逃げ狙い,12.16,28.4,4,,,,,,,,,,,
2025-06-15,丸亀,1,3,近藤稔也,B1,34.64,3,▲,7.5673,14.5,62,25.7,0.1819,4.4662,,,0,低,180,0,-,345 56,0,40.6,1.0108,,,,,,0.368,0.32,0.064,,,C,△,,0.152,0.609,,0.6047,S,81,0,◎1着固定 2-3着流し（5〜8点）,0.5777,"{'is_target': True, 'verdict': '点数絞り', 'max_combo_prob': 0.1078, 'est_top_odds': 12.4, 'circle_concentration': 77.0, 'eligible_count': 6, 'bet_adj': 0, 'reason': 'rel_win1=67.4%（本命度） / 最有力組み合わせ確率: 0.108（推定実オッズ?12倍） / 2着集中度: 上位2艇 77.0%（補正+0.04） / 総合判定確率: 0.148 / → ヒモはやや固め。上位2艇以外を切ること', 'tenji_trigger': '展示確認: 1号艇伸び良→そのまま採用。悪→飛び組に差し替え。circle_pct上位2艇に絞り込むこと。'}",,,26.4,逃げ狙い,12.16,28.4,4,,,,,,,,,,,
2025-06-15,丸亀,1,4,岡本慎治,B1,29.82,4,,9.8652,29.9,73,48.9,0.1891,3.6556,,,0,低,107,0,-,444 16,0,86.5,1.5702,,,,,,0.4053,0.0421,0.2132,,,D,△,,0.1548,0.611,,0.6047,S,81,0,◎1着固定 2-3着流し（5〜8点）,0.5777,"{'is_target': True, 'verdict': '点数絞り', 'max_combo_prob': 0.1078, 'est_top_odds': 12.4, 'circle_concentration': 77.0, 'eligible_count': 6, 'bet_adj': 0, 'reason': 'rel_win1=67.4%（本命度） / 最有力組み合わせ確率: 0.108（推定実オッズ?12倍） / 2着集中度: 上位2艇 77.0%（補正+0.04） / 総合判定確率: 0.148 / → ヒモはやや固め。上位2艇以外を切ること', 'tenji_trigger': '展示確認: 1号艇伸び良→そのまま採用。悪→飛び組に差し替え。circle_pct上位2艇に絞り込むこと。'}",,,26.4,逃げ狙い,12.16,28.4,4,,,,,,,,,,,
2025-06-15,丸亀,1,5,冨成謙児,B1,27.27,5,,2.8291,3.7,51,21,0.176,4.2469,,,0,低,112,0,-,434 63,0,26.4,1.0917,,,,,,0.3043,0.1739,0.1739,,,E,◎,,0.2184,0.6875,,0.6047,S,81,0,◎1着固定 2-3着流し（5〜8点）,0.5777,"{'is_target': True, 'verdict': '点数絞り', 'max_combo_prob': 0.1078, 'est_top_odds': 12.4, 'circle_concentration': 77.0, 'eligible_count': 6, 'bet_adj': 0, 'reason': 'rel_win1=67.4%（本命度） / 最有力組み合わせ確率: 0.108（推定実オッズ?12倍） / 2着集中度: 上位2艇 77.0%（補正+0.04） / 総合判定確率: 0.148 / → ヒモはやや固め。上位2艇以外を切ること', 'tenji_trigger': '展示確認: 1号艇伸び良→そのまま採用。悪→飛び組に差し替え。circle_pct上位2艇に絞り込むこと。'}",,,26.4,逃げ狙い,12.16,28.4,4,,,,,,,,,,,
2025-06-15,丸亀,1,6,品川賢次,B1,34.73,6,△,1.3073,4.8,29,17.1,0.2041,4.5,,,0,低,141,0,-,3 465,0,34.4,0.8311,,,,,,0.3835,0.1489,0.1278,,,C,,,0.1548,0.59,,0.6047,S,81,0,◎1着固定 2-3着流し（5〜8点）,0.5777,"{'is_target': True, 'verdict': '点数絞り', 'max_combo_prob': 0.1078, 'est_top_odds': 12.4, 'circle_concentration': 77.0, 'eligible_count': 6, 'bet_adj': 0, 'reason': 'rel_win1=67.4%（本命度） / 最有力組み合わせ確率: 0.108（推定実オッズ?12倍） / 2着集中度: 上位2艇 77.0%（補正+0.04） / 総合判定確率: 0.148 / → ヒモはやや固め。上位2艇以外を切ること', 'tenji_trigger': '展示確認: 1号艇伸び良→そのまま採用。悪→飛び組に差し替え。circle_pct上位2艇に絞り込むこと。'}",,,26.4,逃げ狙い,12.16,28.4,4,,,,,,,,,,,
2025-06-15,丸亀,2,1,井上尚悟,B1,44.38,1,◎,47.1253,,0,68.1,0.1645,3.3085,,,0,低,157,0,-,451 22,0,64.5,0.7497,0.2632,,,,,0.1832,0.0842,0.1621,△,,A,△,,,0.593,,0.3216,B,54,0,◎○△フォーメーション（15〜20点）,0.5777,"{'is_target': True, 'verdict': '参加推奨', 'max_combo_prob': 0.0735, 'est_top_odds': 18.1, 'circle_concentration': 79.4, 'eligible_count': 9, 'bet_adj': 2, 'reason': 'rel_win1=47.1%（本命度） / 最有力組み合わせ確率: 0.073（推定実オッズ?18倍） / 2着集中度: 上位2艇 79.4%（補正+0.04） / 総合判定確率: 0.113 / → ヒモ分散。1号艇1着固定で広めのヒモ流し推奨（買い目+2点）', 'tenji_trigger': '展示確認: ヒモ分散レース。1号艇伸び確認後、広めのヒモ流しを採用。穴ヒモ（5・6号艇）を積極的に含める。'}",,,29.1,両建て推奨,16.08,33,4,2-3-5|2-3-4|2-3-6|1-2-5|1-3-5|1-2-3|1-3-2|1-4-5,6-1-3|2-3-5|2-3-4|2-3-6|6-1-4|4-1-5|6-3-1|1-2-5|1-3-5|1-2-3|1-3-2|1-4-5,2-3-5:2.05%|2-3-4:2.02%|2-3-6:1.69%|1-2-5:8.3%|1-3-5:7.23%|1-2-3:6.47%|1-3-2:5.26%|1-4-5:3.3%,2-3-5:B_main|2-3-4:B_main|2-3-6:B_main|1-2-5:A|1-3-5:A|1-2-3:A|1-3-2:A|1-4-5:A,8,12,0.4535,1,[!]見送り推奨（主役決まり手「まくり」― 逃げ劣勢レースで的中実績なし）,荒れ広め,D
2025-06-15,丸亀,2,2,多羅尾達,B1,34.97,2,○,18.0643,38.6,58,48.9,0.1498,2.9043,,,0,低,76,0,差0% ま0% 抜0%,6 354,0,55.9,0.8898,0,0.0455,0.0909,0,0.0455,0.0941,0,0.4176,,◎,C,,,0.4891,0.5115,,0.3216,B,54,0,◎○△フォーメーション（15〜20点）,0.5777,"{'is_target': True, 'verdict': '参加推奨', 'max_combo_prob': 0.0735, 'est_top_odds': 18.1, 'circle_concentration': 79.4, 'eligible_count': 9, 'bet_adj': 2, 'reason': 'rel_win1=47.1%（本命度） / 最有力組み合わせ確率: 0.073（推定実オッズ?18倍） / 2着集中度: 上位2艇 79.4%（補正+0.04） / 総合判定確率: 0.113 / → ヒモ分散。1号艇1着固定で広めのヒモ流し推奨（買い目+2点）', 'tenji_trigger': '展示確認: ヒモ分散レース。1号艇伸び確認後、広めのヒモ流しを採用。穴ヒモ（5・6号艇）を積極的に含める。'}",,,29.1,両建て推奨,16.08,33,4,,,,,,,,,,,
2025-06-15,丸亀,2,3,抹香雄三,B1,25.31,3,△,12.3525,40.9,83,52.6,0.1583,3.3462,,,0,低,100,0,-,5 156,0,52.5,0.9196,0,0,0.0333,0.0667,0,0.12,0.24,0.16,,,E,◎,,0.3412,0.6655,,0.3216,B,54,0,◎○△フォーメーション（15〜20点）,0.5777,"{'is_target': True, 'verdict': '参加推奨', 'max_combo_prob': 0.0735, 'est_top_odds': 18.1, 'circle_concentration': 79.4, 'eligible_count': 9, 'bet_adj': 2, 'reason': 'rel_win1=47.1%（本命度） / 最有力組み合わせ確率: 0.073（推定実オッズ?18倍） / 2着集中度: 上位2艇 79.4%（補正+0.04） / 総合判定確率: 0.113 / → ヒモ分散。1号艇1着固定で広めのヒモ流し推奨（買い目+2点）', 'tenji_trigger': '展示確認: ヒモ分散レース。1号艇伸び確認後、広めのヒモ流しを採用。穴ヒモ（5・6号艇）を積極的に含める。'}",,,29.1,両建て推奨,16.08,33,4,,,,,,,,,,,
2025-06-15,丸亀,2,4,東　健介,B1,38.75,4,▲,10.813,10.7,89,32.6,0.183,3.3587,,,0,低,99,0,差0%,255 46,0,54.3,0.8862,0,0.0526,0,0,0,0.0667,0.1556,0.5389,,,B,△,,0.2248,0.631,,0.3216,B,54,0,◎○△フォーメーション（15〜20点）,0.5777,"{'is_target': True, 'verdict': '参加推奨', 'max_combo_prob': 0.0735, 'est_top_odds': 18.1, 'circle_concentration': 79.4, 'eligible_count': 9, 'bet_adj': 2, 'reason': 'rel_win1=47.1%（本命度） / 最有力組み合わせ確率: 0.073（推定実オッズ?18倍） / 2着集中度: 上位2艇 79.4%（補正+0.04） / 総合判定確率: 0.113 / → ヒモ分散。1号艇1着固定で広めのヒモ流し推奨（買い目+2点）', 'tenji_trigger': '展示確認: ヒモ分散レース。1号艇伸び確認後、広めのヒモ流しを採用。穴ヒモ（5・6号艇）を積極的に含める。'}",,,29.1,両建て推奨,16.08,33,4,,,,,,,,,,,
2025-06-15,丸亀,2,5,藤田浩人,A2,30.11,5,,9.2955,9.4,100,45.5,0.1706,3.9091,,,0,低,147,0,-,434 25,0,74.4,1.0326,0,0,0,0.1071,0,0.1,0.0273,0.0182,,,D,○,◎,0.2935,0.653,0.3811,0.3216,B,54,0,◎○△フォーメーション（15〜20点）,0.5777,"{'is_target': True, 'verdict': '参加推奨', 'max_combo_prob': 0.0735, 'est_top_odds': 18.1, 'circle_concentration': 79.4, 'eligible_count': 9, 'bet_adj': 2, 'reason': 'rel_win1=47.1%（本命度） / 最有力組み合わせ確率: 0.073（推定実オッズ?18倍） / 2着集中度: 上位2艇 79.4%（補正+0.04） / 総合判定確率: 0.113 / → ヒモ分散。1号艇1着固定で広めのヒモ流し推奨（買い目+2点）', 'tenji_trigger': '展示確認: ヒモ分散レース。1号艇伸び確認後、広めのヒモ流しを採用。穴ヒモ（5・6号艇）を積極的に含める。'}",,,29.1,両建て推奨,16.08,33,4,,,,,,,,,,,
2025-06-15,丸亀,2,6,日高龍之,B2,34.34,6,,2.3493,0.5,15,3.3,0.2102,4.5656,,,0,低,49,0,-,666 55,0,26.6,0.555,0,0,0,0.0164,0,,,,,,C,,,0.1431,0.529,,0.3216,B,54,0,◎○△フォーメーション（15〜20点）,0.5777,"{'is_target': True, 'verdict': '参加推奨', 'max_combo_prob': 0.0735, 'est_top_odds': 18.1, 'circle_concentration': 79.4, 'eligible_count': 9, 'bet_adj': 2, 'reason': 'rel_win1=47.1%（本命度） / 最有力組み合わせ確率: 0.073（推定実オッズ?18倍） / 2着集中度: 上位2艇 79.4%（補正+0.04） / 総合判定確率: 0.113 / → ヒモ分散。1号艇1着固定で広めのヒモ流し推奨（買い目+2点）', 'tenji_trigger': '展示確認: ヒモ分散レース。1号艇伸び確認後、広めのヒモ流しを採用。穴ヒモ（5・6号艇）を積極的に含める。'}",,,29.1,両建て推奨,16.08,33,4,,,,,,,,,,,
2025-06-15,丸亀,3,1,山地正樹,B1,40.85,1,◎,50.1096,,0,68.4,0.1779,3.6316,,,0,低,88,0,逃0%,1 415,0,100,1.5241,0.3636,,,,,0.2091,0.1545,0.1364,△,,B,◎,,,0.642,,0.2841,A,60,0,◎-○軸 3着3〜4艇流し（10〜15点）,0.5777,"{'is_target': True, 'verdict': '参加推奨', 'max_combo_prob': 0.0514, 'est_top_odds': 25.9, 'circle_concentration': 63.3, 'eligible_count': 8, 'bet_adj': 2, 'reason': 'rel_win1=50.1%（本命度） / 最有力組み合わせ確率: 0.051（推定実オッズ?26倍） / 2着集中度: 上位2艇 63.3%（補正+0.00） / 総合判定確率: 0.051 / → ヒモ分散。1号艇1着固定で広めのヒモ流し推奨（買い目+2点）', 'tenji_trigger': '展示確認: ヒモ分散レース。1号艇伸び確認後、広めのヒモ流しを採用。穴ヒモ（5・6号艇）を積極的に含める。'}",,,29.1,両建て推奨,14.8,34.1,2,4-5-1|1-3-4|1-4-2|1-3-2|1-4-5|1-2-4,2-1-3|3-1-5|3-5-1|2-1-5|4-5-1|3-2-5|3-1-2|1-3-4|1-4-2|1-3-2|1-4-5|1-2-4,4-5-1:1.56%|1-3-4:6.34%|1-4-2:5.45%|1-3-2:5.21%|1-4-5:5.03%|1-2-4:4.96%,4-5-1:B_main|1-3-4:A|1-4-2:A|1-3-2:A|1-4-5:A|1-2-4:A,6,12,0.4535,1,[!]見送り推奨（主役決まり手「まくり」― 逃げ劣勢レースで的中実績なし）,荒れ広め,D
2025-06-15,丸亀,3,2,高木圭大,B1,25.64,2,,9.6605,17.6,100,24.6,0.1854,3.9754,,,0,低,107,0,-,5 661,0,100,2.2171,,,,,,0.0632,0.1842,0.2632,,,E,,,0.2839,0.606,,0.2841,A,60,0,◎-○軸 3着3〜4艇流し（10〜15点）,0.5777,"{'is_target': True, 'verdict': '参加推奨', 'max_combo_prob': 0.0514, 'est_top_odds': 25.9, 'circle_concentration': 63.3, 'eligible_count': 8, 'bet_adj': 2, 'reason': 'rel_win1=50.1%（本命度） / 最有力組み合わせ確率: 0.051（推定実オッズ?26倍） / 2着集中度: 上位2艇 63.3%（補正+0.00） / 総合判定確率: 0.051 / → ヒモ分散。1号艇1着固定で広めのヒモ流し推奨（買い目+2点）', 'tenji_trigger': '展示確認: ヒモ分散レース。1号艇伸び確認後、広めのヒモ流しを採用。穴ヒモ（5・6号艇）を積極的に含める。'}",,,29.1,両建て推奨,14.8,34.1,2,,,,,,,,,,,
2025-06-15,丸亀,3,3,深川和仁,B1,40.72,3,▲,15.6156,33.9,95,58,0.184,3.99,,,0,低,130,0,差ま0%,1 551,0,41.1,1.2069,0,0,0.0476,0.1429,0,0.2,0.0167,0.05,,,B,,,0.306,0.606,,0.2841,A,60,0,◎-○軸 3着3〜4艇流し（10〜15点）,0.5777,"{'is_target': True, 'verdict': '参加推奨', 'max_combo_prob': 0.0514, 'est_top_odds': 25.9, 'circle_concentration': 63.3, 'eligible_count': 8, 'bet_adj': 2, 'reason': 'rel_win1=50.1%（本命度） / 最有力組み合わせ確率: 0.051（推定実オッズ?26倍） / 2着集中度: 上位2艇 63.3%（補正+0.00） / 総合判定確率: 0.051 / → ヒモ分散。1号艇1着固定で広めのヒモ流し推奨（買い目+2点）', 'tenji_trigger': '展示確認: ヒモ分散レース。1号艇伸び確認後、広めのヒモ流しを採用。穴ヒモ（5・6号艇）を積極的に含める。'}",,,29.1,両建て推奨,14.8,34.1,2,,,,,,,,,,,
2025-06-15,丸亀,3,4,西野翔太,A2,33.33,4,○,13.7576,29.5,95,58.5,0.1436,2.8396,,,0,低,72,0,ま0% 差ま0%,224 34,0,62.8,1.3626,0,0,0.0833,0.0833,0,0.1556,0.0918,0.0465,,◎,C,○,◎,0.4582,0.6405,0.3821,0.2841,A,60,0,◎-○軸 3着3〜4艇流し（10〜15点）,0.5777,"{'is_target': True, 'verdict': '参加推奨', 'max_combo_prob': 0.0514, 'est_top_odds': 25.9, 'circle_concentration': 63.3, 'eligible_count': 8, 'bet_adj': 2, 'reason': 'rel_win1=50.1%（本命度） / 最有力組み合わせ確率: 0.051（推定実オッズ?26倍） / 2着集中度: 上位2艇 63.3%（補正+0.00） / 総合判定確率: 0.051 / → ヒモ分散。1号艇1着固定で広めのヒモ流し推奨（買い目+2点）', 'tenji_trigger': '展示確認: ヒモ分散レース。1号艇伸び確認後、広めのヒモ流しを採用。穴ヒモ（5・6号艇）を積極的に含める。'}",,,29.1,両建て推奨,14.8,34.1,2,,,,,,,,,,,
2025-06-15,丸亀,3,5,西川新太,B1,32.30,5,△,9.5523,17.5,76,39.3,0.1509,3.3661,,,0,低,96,0,ま0% 差ま0% 抜0%,5 233,0,57.9,1.269,0,0,0.04,0.08,0.04,0.26,0.24,0.2,,○,D,△,,0.4027,0.6235,,0.2841,A,60,0,◎-○軸 3着3〜4艇流し（10〜15点）,0.5777,"{'is_target': True, 'verdict': '参加推奨', 'max_combo_prob': 0.0514, 'est_top_odds': 25.9, 'circle_concentration': 63.3, 'eligible_count': 8, 'bet_adj': 2, 'reason': 'rel_win1=50.1%（本命度） / 最有力組み合わせ確率: 0.051（推定実オッズ?26倍） / 2着集中度: 上位2艇 63.3%（補正+0.00） / 総合判定確率: 0.051 / → ヒモ分散。1号艇1着固定で広めのヒモ流し推奨（買い目+2点）', 'tenji_trigger': '展示確認: ヒモ分散レース。1号艇伸び確認後、広めのヒモ流しを採用。穴ヒモ（5・6号艇）を積極的に含める。'}",,,29.1,両建て推奨,14.8,34.1,2,,,,,,,,,,,
2025-06-15,丸亀,3,6,金子順一,B1,37.57,6,,1.3044,1.6,59,4,0.1804,4.46,,,0,低,148,0,-,6 146,0,32.4,0.7844,,,,,,0.38,0.18,0.064,,,C,△,,0.3274,0.6315,,0.2841,A,60,0,◎-○軸 3着3〜4艇流し（10〜15点）,0.5777,"{'is_target': True, 'verdict': '参加推奨', 'max_combo_prob': 0.0514, 'est_top_odds': 25.9, 'circle_concentration': 63.3, 'eligible_count': 8, 'bet_adj': 2, 'reason': 'rel_win1=50.1%（本命度） / 最有力組み合わせ確率: 0.051（推定実オッズ?26倍） / 2着集中度: 上位2艇 63.3%（補正+0.00） / 総合判定確率: 0.051 / → ヒモ分散。1号艇1着固定で広めのヒモ流し推奨（買い目+2点）', 'tenji_trigger': '展示確認: ヒモ分散レース。1号艇伸び確認後、広めのヒモ流しを採用。穴ヒモ（5・6号艇）を積極的に含める。'}",,,29.1,両建て推奨,14.8,34.1,2,,,,,,,,,,,
2025-06-15,丸亀,4,1,興津　藍,B1,30.59,1,◎,59.1969,,0,88.4,0.1561,3.3333,,,0,低,133,0,逃1%,2 341,0,80.9,0.9666,0.7143,,,,,0.1562,0.0343,0.179,◎,,D,△,,,0.6195,,0.5403,S,90,0,◎1着固定 2-3着流し（5〜8点）,0.5777,"{'is_target': True, 'verdict': '参加推奨', 'max_combo_prob': 0.0759, 'est_top_odds': 17.6, 'circle_concentration': 77.7, 'eligible_count': 6, 'bet_adj': 2, 'reason': 'rel_win1=59.2%（本命度） / 最有力組み合わせ確率: 0.076（推定実オッズ?18倍） / 2着集中度: 上位2艇 77.7%（補正+0.04） / 総合判定確率: 0.116 / → ヒモ分散。1号艇1着固定で広めのヒモ流し推奨（買い目+2点）', 'tenji_trigger': '展示確認: ヒモ分散レース。1号艇伸び確認後、広めのヒモ流しを採用。穴ヒモ（5・6号艇）を積極的に含める。'}",,,27.9,逃げ狙い,15.07,30.2,2,,,,,0,0,0.7559,0,,逃げ軸流し,A
2025-06-15,丸亀,4,2,大串重幸,A2,33.97,2,○,10.9415,39.1,69,48.6,0.1751,4.1357,,,0,低,132,0,-,2 5213,0,68.7,0.8231,,,,,,0.1088,0.0526,0.1193,,,B,△,,0.1375,0.6085,,0.5403,S,90,0,◎1着固定 2-3着流し（5〜8点）,0.5777,"{'is_target': True, 'verdict': '参加推奨', 'max_combo_prob': 0.0759, 'est_top_odds': 17.6, 'circle_concentration': 77.7, 'eligible_count': 6, 'bet_adj': 2, 'reason': 'rel_win1=59.2%（本命度） / 最有力組み合わせ確率: 0.076（推定実オッズ?18倍） / 2着集中度: 上位2艇 77.7%（補正+0.04） / 総合判定確率: 0.116 / → ヒモ分散。1号艇1着固定で広めのヒモ流し推奨（買い目+2点）', 'tenji_trigger': '展示確認: ヒモ分散レース。1号艇伸び確認後、広めのヒモ流しを採用。穴ヒモ（5・6号艇）を積極的に含める。'}",,,27.9,逃げ狙い,15.07,30.2,2,,,,,,,,,,,
2025-06-15,丸亀,4,3,赤羽克也,A2,26.95,3,,12.3656,38.6,82,66.1,0.1619,3.1532,,,0,低,137,0,差ま0%,541 45,0,46.2,0.8823,0,0,0.1481,0.0741,0.037,0.2828,0.1885,0.0138,,,E,○,,0.2827,0.633,,0.5403,S,90,0,◎1着固定 2-3着流し（5〜8点）,0.5777,"{'is_target': True, 'verdict': '参加推奨', 'max_combo_prob': 0.0759, 'est_top_odds': 17.6, 'circle_concentration': 77.7, 'eligible_count': 6, 'bet_adj': 2, 'reason': 'rel_win1=59.2%（本命度） / 最有力組み合わせ確率: 0.076（推定実オッズ?18倍） / 2着集中度: 上位2艇 77.7%（補正+0.04） / 総合判定確率: 0.116 / → ヒモ分散。1号艇1着固定で広めのヒモ流し推奨（買い目+2点）', 'tenji_trigger': '展示確認: ヒモ分散レース。1号艇伸び確認後、広めのヒモ流しを採用。穴ヒモ（5・6号艇）を積極的に含める。'}",,,27.9,逃げ狙い,15.07,30.2,2,,,,,,,,,,,
2025-06-15,丸亀,4,4,出畑孝成,B2,30.86,4,▲,11.9961,13,100,37.8,0.1681,3.5811,,,0,低,89,0,-,655 5S,0,65.6,1.0632,0,0,0.0385,0.0385,0.0385,,,,,,C,,◎,0.2377,0.542,0.3939,0.5403,S,90,0,◎1着固定 2-3着流し（5〜8点）,0.5777,"{'is_target': True, 'verdict': '参加推奨', 'max_combo_prob': 0.0759, 'est_top_odds': 17.6, 'circle_concentration': 77.7, 'eligible_count': 6, 'bet_adj': 2, 'reason': 'rel_win1=59.2%（本命度） / 最有力組み合わせ確率: 0.076（推定実オッズ?18倍） / 2着集中度: 上位2艇 77.7%（補正+0.04） / 総合判定確率: 0.116 / → ヒモ分散。1号艇1着固定で広めのヒモ流し推奨（買い目+2点）', 'tenji_trigger': '展示確認: ヒモ分散レース。1号艇伸び確認後、広めのヒモ流しを採用。穴ヒモ（5・6号艇）を積極的に含める。'}",,,27.9,逃げ狙い,15.07,30.2,2,,,,,,,,,,,
2025-06-15,丸亀,4,5,岡谷健吾,B1,30.18,5,,4.2729,7.8,82,35.2,0.1897,4.3239,,,0,低,180,0,-,442 23,0,42,1.134,,,,,,0.1444,0.1296,0.1593,,,D,◎,,0.2063,0.69,,0.5403,S,90,0,◎1着固定 2-3着流し（5〜8点）,0.5777,"{'is_target': True, 'verdict': '参加推奨', 'max_combo_prob': 0.0759, 'est_top_odds': 17.6, 'circle_concentration': 77.7, 'eligible_count': 6, 'bet_adj': 2, 'reason': 'rel_win1=59.2%（本命度） / 最有力組み合わせ確率: 0.076（推定実オッズ?18倍） / 2着集中度: 上位2艇 77.7%（補正+0.04） / 総合判定確率: 0.116 / → ヒモ分散。1号艇1着固定で広めのヒモ流し推奨（買い目+2点）', 'tenji_trigger': '展示確認: ヒモ分散レース。1号艇伸び確認後、広めのヒモ流しを採用。穴ヒモ（5・6号艇）を積極的に含める。'}",,,27.9,逃げ狙い,15.07,30.2,2,,,,,,,,,,,
2025-06-15,丸亀,4,6,森作広大,B1,52.20,6,△,1.2269,1.5,50,6.2,0.2359,5.375,,,0,低,96,0,-,165 22,0,26.5,0.635,,,,,,0.5412,0,0.1412,,,A,,,0.135,0.596,,0.5403,S,90,0,◎1着固定 2-3着流し（5〜8点）,0.5777,"{'is_target': True, 'verdict': '参加推奨', 'max_combo_prob': 0.0759, 'est_top_odds': 17.6, 'circle_concentration': 77.7, 'eligible_count': 6, 'bet_adj': 2, 'reason': 'rel_win1=59.2%（本命度） / 最有力組み合わせ確率: 0.076（推定実オッズ?18倍） / 2着集中度: 上位2艇 77.7%（補正+0.04） / 総合判定確率: 0.116 / → ヒモ分散。1号艇1着固定で広めのヒモ流し推奨（買い目+2点）', 'tenji_trigger': '展示確認: ヒモ分散レース。1号艇伸び確認後、広めのヒモ流しを採用。穴ヒモ（5・6号艇）を積極的に含める。'}",,,27.9,逃げ狙い,15.07,30.2,2,,,,,,,,,,,
2025-06-15,丸亀,5,1,芦澤　望,A2,25.17,1,◎,58.2673,,0,86.6,0.1582,2.9179,,,0,低,106,0,逃1%,1 3343,0,80,0.9478,0.6571,,,,,0,0.1286,0.1886,◎,,E,,,,0.589,,0.5622,S,84,0,◎1着固定 2-3着流し（5〜8点）,0.5777,"{'is_target': True, 'verdict': '参加推奨', 'max_combo_prob': 0.0631, 'est_top_odds': 21.1, 'circle_concentration': 61.6, 'eligible_count': 6, 'bet_adj': 2, 'reason': 'rel_win1=58.3%（本命度） / 最有力組み合わせ確率: 0.063（推定実オッズ?21倍） / 2着集中度: 上位2艇 61.6%（補正+0.00） / 総合判定確率: 0.063 / → ヒモ分散。1号艇1着固定で広めのヒモ流し推奨（買い目+2点）', 'tenji_trigger': '展示確認: ヒモ分散レース。1号艇伸び確認後、広めのヒモ流しを採用。穴ヒモ（5・6号艇）を積極的に含める。'}",,,22.4,逃げ狙い,15.48,28.6,5,,,,,0,0,0.7559,0,,逃げ軸流し,A
2025-06-15,丸亀,5,2,嶋田貴支,B1,39.66,2,▲,14.0728,20.5,100,47.6,0.1687,3.881,,,0,低,134,0,-,133 44,0,57.7,1.0533,0,0.037,0.0741,0,0,0.0174,0.0522,0.1174,,,B,△,,0.2065,0.6045,,0.5622,S,84,0,◎1着固定 2-3着流し（5〜8点）,0.5777,"{'is_target': True, 'verdict': '参加推奨', 'max_combo_prob': 0.0631, 'est_top_odds': 21.1, 'circle_concentration': 61.6, 'eligible_count': 6, 'bet_adj': 2, 'reason': 'rel_win1=58.3%（本命度） / 最有力組み合わせ確率: 0.063（推定実オッズ?21倍） / 2着集中度: 上位2艇 61.6%（補正+0.00） / 総合判定確率: 0.063 / → ヒモ分散。1号艇1着固定で広めのヒモ流し推奨（買い目+2点）', 'tenji_trigger': '展示確認: ヒモ分散レース。1号艇伸び確認後、広めのヒモ流しを採用。穴ヒモ（5・6号艇）を積極的に含める。'}",,,22.4,逃げ狙い,15.48,28.6,5,,,,,,,,,,,
2025-06-15,丸亀,5,3,和合俊介,B1,28.66,3,△,6.9459,32.7,56,36.1,0.1495,2.8115,,,0,低,102,0,-,546 66,0,37.2,0.6992,,,,,,0.3333,0.5333,0.08,,◎,D,◎,,0.3677,0.6265,,0.5622,S,84,0,◎1着固定 2-3着流し（5〜8点）,0.5777,"{'is_target': True, 'verdict': '参加推奨', 'max_combo_prob': 0.0631, 'est_top_odds': 21.1, 'circle_concentration': 61.6, 'eligible_count': 6, 'bet_adj': 2, 'reason': 'rel_win1=58.3%（本命度） / 最有力組み合わせ確率: 0.063（推定実オッズ?21倍） / 2着集中度: 上位2艇 61.6%（補正+0.00） / 総合判定確率: 0.063 / → ヒモ分散。1号艇1着固定で広めのヒモ流し推奨（買い目+2点）', 'tenji_trigger': '展示確認: ヒモ分散レース。1号艇伸び確認後、広めのヒモ流しを採用。穴ヒモ（5・6号艇）を積極的に含める。'}",,,22.4,逃げ狙い,15.48,28.6,5,,,,,,,,,,,
2025-06-15,丸亀,5,4,赤峰和也,B1,38.32,4,,5.8454,11.6,40,21.7,0.1807,3.6304,,,0,低,121,0,-,6 454,0,20.6,0.586,,,,,,0.4111,0.1889,0.3111,,,C,,,0.2418,0.5725,,0.5622,S,84,0,◎1着固定 2-3着流し（5〜8点）,0.5777,"{'is_target': True, 'verdict': '参加推奨', 'max_combo_prob': 0.0631, 'est_top_odds': 21.1, 'circle_concentration': 61.6, 'eligible_count': 6, 'bet_adj': 2, 'reason': 'rel_win1=58.3%（本命度） / 最有力組み合わせ確率: 0.063（推定実オッズ?21倍） / 2着集中度: 上位2艇 61.6%（補正+0.00） / 総合判定確率: 0.063 / → ヒモ分散。1号艇1着固定で広めのヒモ流し推奨（買い目+2点）', 'tenji_trigger': '展示確認: ヒモ分散レース。1号艇伸び確認後、広めのヒモ流しを採用。穴ヒモ（5・6号艇）を積極的に含める。'}",,,22.4,逃げ狙い,15.48,28.6,5,,,,,,,,,,,
2025-06-15,丸亀,5,5,田中和也,A1,46.58,5,○,13.7615,28.9,88,63,0.1715,3.4022,,,0,低,135,0,-,14341,0,72.6,1.149,0,0,0.0476,0,0.0952,0.0455,0.0273,0.1145,,,A,○,◎,0.2627,0.62,0.3559,0.5622,S,84,0,◎1着固定 2-3着流し（5〜8点）,0.5777,"{'is_target': True, 'verdict': '参加推奨', 'max_combo_prob': 0.0631, 'est_top_odds': 21.1, 'circle_concentration': 61.6, 'eligible_count': 6, 'bet_adj': 2, 'reason': 'rel_win1=58.3%（本命度） / 最有力組み合わせ確率: 0.063（推定実オッズ?21倍） / 2着集中度: 上位2艇 61.6%（補正+0.00） / 総合判定確率: 0.063 / → ヒモ分散。1号艇1着固定で広めのヒモ流し推奨（買い目+2点）', 'tenji_trigger': '展示確認: ヒモ分散レース。1号艇伸び確認後、広めのヒモ流しを採用。穴ヒモ（5・6号艇）を積極的に含める。'}",,,22.4,逃げ狙い,15.48,28.6,5,,,,,,,,,,,
2025-06-15,丸亀,5,6,亀山雅幸,A2,30.99,6,,1.107,6.3,74,29.2,0.2102,4.6231,,,0,低,154,0,-,322 44,0,25.9,0.8869,,,,,,0.0944,0.1222,0.0944,,,D,△,,0.1669,0.6195,,0.5622,S,84,0,◎1着固定 2-3着流し（5〜8点）,0.5777,"{'is_target': True, 'verdict': '参加推奨', 'max_combo_prob': 0.0631, 'est_top_odds': 21.1, 'circle_concentration': 61.6, 'eligible_count': 6, 'bet_adj': 2, 'reason': 'rel_win1=58.3%（本命度） / 最有力組み合わせ確率: 0.063（推定実オッズ?21倍） / 2着集中度: 上位2艇 61.6%（補正+0.00） / 総合判定確率: 0.063 / → ヒモ分散。1号艇1着固定で広めのヒモ流し推奨（買い目+2点）', 'tenji_trigger': '展示確認: ヒモ分散レース。1号艇伸び確認後、広めのヒモ流しを採用。穴ヒモ（5・6号艇）を積極的に含める。'}",,,22.4,逃げ狙い,15.48,28.6,5,,,,,,,,,,,
2025-06-15,丸亀,6,1,山本寛久,A1,31.29,1,◎,58.5681,,0,98.5,0.1424,2.8561,,,0,低,77,0,逃1%,163 22,0,84.8,1.0528,0.6111,,,,,0.0222,0.0444,0.2056,◎,,D,△,,,0.6225,,0.549,S,86,0,◎1着固定 2-3着流し（5〜8点）,0.5777,"{'is_target': True, 'verdict': '点数絞り', 'max_combo_prob': 0.1071, 'est_top_odds': 12.5, 'circle_concentration': 74.8, 'eligible_count': 6, 'bet_adj': 0, 'reason': 'rel_win1=58.6%（本命度） / 最有力組み合わせ確率: 0.107（推定実オッズ?12倍） / 2着集中度: 上位2艇 74.8%（補正+0.04） / 総合判定確率: 0.147 / → ヒモはやや固め。上位2艇以外を切ること', 'tenji_trigger': '展示確認: 1号艇伸び良→そのまま採用。悪→飛び組に差し替え。circle_pct上位2艇に絞り込むこと。'}",,,26.4,逃げ狙い,15.71,25.6,4,,,,,0,0,0.7559,0,,逃げ軸流し,A
2025-06-15,丸亀,6,2,冨成謙児,B1,27.27,2,,8.4766,55.7,88,59.7,0.1504,3.3961,,,0,低,112,0,-,434 63,0,38.4,0.7957,,,,,,0.3043,0.1739,0.1739,,,E,◎,,0.2508,0.6875,,0.549,S,86,0,◎1着固定 2-3着流し（5〜8点）,0.5777,"{'is_target': True, 'verdict': '点数絞り', 'max_combo_prob': 0.1071, 'est_top_odds': 12.5, 'circle_concentration': 74.8, 'eligible_count': 6, 'bet_adj': 0, 'reason': 'rel_win1=58.6%（本命度） / 最有力組み合わせ確率: 0.107（推定実オッズ?12倍） / 2着集中度: 上位2艇 74.8%（補正+0.04） / 総合判定確率: 0.147 / → ヒモはやや固め。上位2艇以外を切ること', 'tenji_trigger': '展示確認: 1号艇伸び良→そのまま採用。悪→飛び組に差し替え。circle_pct上位2艇に絞り込むこと。'}",,,26.4,逃げ狙い,15.71,25.6,4,,,,,,,,,,,
2025-06-15,丸亀,6,3,東　健介,B1,38.75,3,○,12.8635,19,67,42.5,0.133,2.8191,,,0,低,99,0,-,255 46,0,59.6,1.2583,0,0,0,0.0769,0,0.0667,0.1556,0.5389,,,B,△,,0.3446,0.631,,0.549,S,86,0,◎1着固定 2-3着流し（5〜8点）,0.5777,"{'is_target': True, 'verdict': '点数絞り', 'max_combo_prob': 0.1071, 'est_top_odds': 12.5, 'circle_concentration': 74.8, 'eligible_count': 6, 'bet_adj': 0, 'reason': 'rel_win1=58.6%（本命度） / 最有力組み合わせ確率: 0.107（推定実オッズ?12倍） / 2着集中度: 上位2艇 74.8%（補正+0.04） / 総合判定確率: 0.147 / → ヒモはやや固め。上位2艇以外を切ること', 'tenji_trigger': '展示確認: 1号艇伸び良→そのまま採用。悪→飛び組に差し替え。circle_pct上位2艇に絞り込むこと。'}",,,26.4,逃げ狙い,15.71,25.6,4,,,,,,,,,,,
2025-06-15,丸亀,6,4,本多宏和,A1,36.36,4,▲,12.0032,18,100,56.4,0.1623,3.6538,,,0,低,73,0,ま0%,1 6411,0,51.3,1.0402,0,0,0.1538,0,0.0769,0.1111,0.0556,0.1667,,,B,○,◎,0.2507,0.6585,0.3382,0.549,S,86,0,◎1着固定 2-3着流し（5〜8点）,0.5777,"{'is_target': True, 'verdict': '点数絞り', 'max_combo_prob': 0.1071, 'est_top_odds': 12.5, 'circle_concentration': 74.8, 'eligible_count': 6, 'bet_adj': 0, 'reason': 'rel_win1=58.6%（本命度） / 最有力組み合わせ確率: 0.107（推定実オッズ?12倍） / 2着集中度: 上位2艇 74.8%（補正+0.04） / 総合判定確率: 0.147 / → ヒモはやや固め。上位2艇以外を切ること', 'tenji_trigger': '展示確認: 1号艇伸び良→そのまま採用。悪→飛び組に差し替え。circle_pct上位2艇に絞り込むこと。'}",,,26.4,逃げ狙い,15.71,25.6,4,,,,,,,,,,,
2025-06-15,丸亀,6,5,多羅尾達,B1,34.97,5,△,6.0036,5.6,59,22.7,0.1695,3.2159,,,0,低,76,0,-,6 354,0,26.2,0.7262,0,0,0.05,0.05,0,0.0941,0,0.4176,,,C,,,0.2083,0.5115,,0.549,S,86,0,◎1着固定 2-3着流し（5〜8点）,0.5777,"{'is_target': True, 'verdict': '点数絞り', 'max_combo_prob': 0.1071, 'est_top_odds': 12.5, 'circle_concentration': 74.8, 'eligible_count': 6, 'bet_adj': 0, 'reason': 'rel_win1=58.6%（本命度） / 最有力組み合わせ確率: 0.107（推定実オッズ?12倍） / 2着集中度: 上位2艇 74.8%（補正+0.04） / 総合判定確率: 0.147 / → ヒモはやや固め。上位2艇以外を切ること', 'tenji_trigger': '展示確認: 1号艇伸び良→そのまま採用。悪→飛び組に差し替え。circle_pct上位2艇に絞り込むこと。'}",,,26.4,逃げ狙い,15.71,25.6,4,,,,,,,,,,,
2025-06-15,丸亀,6,6,吉島祥之,A2,35.47,6,,2.085,1.6,79,29.6,0.2003,4.0704,,,0,低,154,0,-,6 4665,0,26.4,0.9667,,,,,,0.0114,0.1676,0.0229,,,C,,,0.1443,0.5955,,0.549,S,86,0,◎1着固定 2-3着流し（5〜8点）,0.5777,"{'is_target': True, 'verdict': '点数絞り', 'max_combo_prob': 0.1071, 'est_top_odds': 12.5, 'circle_concentration': 74.8, 'eligible_count': 6, 'bet_adj': 0, 'reason': 'rel_win1=58.6%（本命度） / 最有力組み合わせ確率: 0.107（推定実オッズ?12倍） / 2着集中度: 上位2艇 74.8%（補正+0.04） / 総合判定確率: 0.147 / → ヒモはやや固め。上位2艇以外を切ること', 'tenji_trigger': '展示確認: 1号艇伸び良→そのまま採用。悪→飛び組に差し替え。circle_pct上位2艇に絞り込むこと。'}",,,26.4,逃げ狙い,15.71,25.6,4,,,,,,,,,,,
2025-06-15,丸亀,7,1,里岡右貴,A1,36.52,1,◎,62.049,,0,91.4,0.1366,2.5,,,0,低,75,0,逃1%,152121,0,89.5,1.1693,0.64,,,,,0.115,0.139,0.024,◎,,B,○,,,0.641,,0.5513,S,88,0,◎1着固定 2-3着流し（5〜8点）,0.5777,"{'is_target': True, 'verdict': '点数絞り', 'max_combo_prob': 0.0943, 'est_top_odds': 14.1, 'circle_concentration': 74.4, 'eligible_count': 6, 'bet_adj': 0, 'reason': 'rel_win1=62.0%（本命度） / 最有力組み合わせ確率: 0.094（推定実オッズ?14倍） / 2着集中度: 上位2艇 74.4%（補正+0.04） / 総合判定確率: 0.134 / → ヒモはやや固め。上位2艇以外を切ること', 'tenji_trigger': '展示確認: 1号艇伸び良→そのまま採用。悪→飛び組に差し替え。circle_pct上位2艇に絞り込むこと。\n展示で1号艇スタート超安定(0.137秒)→ヒモ固まり方向に注意'}",,,27.5,逃げ狙い,16.02,28.3,3,,,,,0,0,0.7559,0,,逃げ軸流し,A
2025-06-15,丸亀,7,2,西川新太,B1,32.30,2,△,13.2252,47,99,66.7,0.153,3.4474,,,0,低,96,0,差0%,5 233,0,51,1.0814,0,0.0476,0,0,0,0.26,0.24,0.2,,,D,△,,0.1625,0.6235,,0.5513,S,88,0,◎1着固定 2-3着流し（5〜8点）,0.5777,"{'is_target': True, 'verdict': '点数絞り', 'max_combo_prob': 0.0943, 'est_top_odds': 14.1, 'circle_concentration': 74.4, 'eligible_count': 6, 'bet_adj': 0, 'reason': 'rel_win1=62.0%（本命度） / 最有力組み合わせ確率: 0.094（推定実オッズ?14倍） / 2着集中度: 上位2艇 74.4%（補正+0.04） / 総合判定確率: 0.134 / → ヒモはやや固め。上位2艇以外を切ること', 'tenji_trigger': '展示確認: 1号艇伸び良→そのまま採用。悪→飛び組に差し替え。circle_pct上位2艇に絞り込むこと。\n展示で1号艇スタート超安定(0.137秒)→ヒモ固まり方向に注意'}",,,27.5,逃げ狙い,16.02,28.3,3,,,,,,,,,,,
2025-06-15,丸亀,7,3,馬場　剛,A2,33.90,3,▲,11.9547,27.5,100,64.5,0.1148,2.1048,,,0,低,35,0,差ま0%,3 1213,0,53.6,0.9612,0,0.0312,0.0938,0.125,0.0312,0.1535,0.0222,0.1323,,◎,C,◎,,0.4408,0.8035,,0.5513,S,88,0,◎1着固定 2-3着流し（5〜8点）,0.5777,"{'is_target': True, 'verdict': '点数絞り', 'max_combo_prob': 0.0943, 'est_top_odds': 14.1, 'circle_concentration': 74.4, 'eligible_count': 6, 'bet_adj': 0, 'reason': 'rel_win1=62.0%（本命度） / 最有力組み合わせ確率: 0.094（推定実オッズ?14倍） / 2着集中度: 上位2艇 74.4%（補正+0.04） / 総合判定確率: 0.134 / → ヒモはやや固め。上位2艇以外を切ること', 'tenji_trigger': '展示確認: 1号艇伸び良→そのまま採用。悪→飛び組に差し替え。circle_pct上位2艇に絞り込むこと。\n展示で1号艇スタート超安定(0.137秒)→ヒモ固まり方向に注意'}",,,27.5,逃げ狙い,16.02,28.3,3,,,,,,,,,,,
2025-06-15,丸亀,7,4,近藤稔也,B1,34.64,4,,6.7329,3.6,86,37.9,0.1947,4.0985,,,0,低,180,0,抜0%,345 56,0,24.2,0.794,0,0,0,0,0.0323,0.368,0.32,0.064,,,C,△,,0.1559,0.609,,0.5513,S,88,0,◎1着固定 2-3着流し（5〜8点）,0.5777,"{'is_target': True, 'verdict': '点数絞り', 'max_combo_prob': 0.0943, 'est_top_odds': 14.1, 'circle_concentration': 74.4, 'eligible_count': 6, 'bet_adj': 0, 'reason': 'rel_win1=62.0%（本命度） / 最有力組み合わせ確率: 0.094（推定実オッズ?14倍） / 2着集中度: 上位2艇 74.4%（補正+0.04） / 総合判定確率: 0.134 / → ヒモはやや固め。上位2艇以外を切ること', 'tenji_trigger': '展示確認: 1号艇伸び良→そのまま採用。悪→飛び組に差し替え。circle_pct上位2艇に絞り込むこと。\n展示で1号艇スタート超安定(0.137秒)→ヒモ固まり方向に注意'}",,,27.5,逃げ狙い,16.02,28.3,3,,,,,,,,,,,
2025-06-15,丸亀,7,5,深川和仁,B1,40.72,5,○,4.998,14.6,73,40,0.1733,3.3273,,,0,低,130,0,-,1 551,0,67.9,1.281,,,,,,0.2,0.0167,0.05,,,B,,,0.2141,0.606,,0.5513,S,88,0,◎1着固定 2-3着流し（5〜8点）,0.5777,"{'is_target': True, 'verdict': '点数絞り', 'max_combo_prob': 0.0943, 'est_top_odds': 14.1, 'circle_concentration': 74.4, 'eligible_count': 6, 'bet_adj': 0, 'reason': 'rel_win1=62.0%（本命度） / 最有力組み合わせ確率: 0.094（推定実オッズ?14倍） / 2着集中度: 上位2艇 74.4%（補正+0.04） / 総合判定確率: 0.134 / → ヒモはやや固め。上位2艇以外を切ること', 'tenji_trigger': '展示確認: 1号艇伸び良→そのまま採用。悪→飛び組に差し替え。circle_pct上位2艇に絞り込むこと。\n展示で1号艇スタート超安定(0.137秒)→ヒモ固まり方向に注意'}",,,27.5,逃げ狙い,16.02,28.3,3,,,,,,,,,,,
2025-06-15,丸亀,7,6,岡田憲行,A2,29.94,6,,1.0401,7.4,50,27.3,0.1889,4.0152,,,0,低,196,0,-,34362,0,36.8,1.1539,,,,,,0.0111,0.0444,0.1978,,,E,,,0.1644,0.5985,,0.5513,S,88,0,◎1着固定 2-3着流し（5〜8点）,0.5777,"{'is_target': True, 'verdict': '点数絞り', 'max_combo_prob': 0.0943, 'est_top_odds': 14.1, 'circle_concentration': 74.4, 'eligible_count': 6, 'bet_adj': 0, 'reason': 'rel_win1=62.0%（本命度） / 最有力組み合わせ確率: 0.094（推定実オッズ?14倍） / 2着集中度: 上位2艇 74.4%（補正+0.04） / 総合判定確率: 0.134 / → ヒモはやや固め。上位2艇以外を切ること', 'tenji_trigger': '展示確認: 1号艇伸び良→そのまま採用。悪→飛び組に差し替え。circle_pct上位2艇に絞り込むこと。\n展示で1号艇スタート超安定(0.137秒)→ヒモ固まり方向に注意'}",,,27.5,逃げ狙い,16.02,28.3,3,,,,,,,,,,,
2025-06-15,丸亀,8,1,飯島昌弘,A1,39.77,1,◎,75.7838,,0,97.3,0.1401,2.7533,,,0,低,119,0,逃1%,221342,0,75.1,1.0988,0.8182,,,,,0,0.1242,0.0242,◎,,A,△,,,0.6275,,0.6754,S,80,0,◎1着固定 2-3着流し（5〜8点）,0.5777,"{'is_target': True, 'verdict': '点数絞り', 'max_combo_prob': 0.2055, 'est_top_odds': 6.5, 'circle_concentration': 76.2, 'eligible_count': 6, 'bet_adj': 0, 'reason': 'rel_win1=75.8%（本命度） / 最有力組み合わせ確率: 0.205（推定実オッズ?6倍） / 2着集中度: 上位2艇 76.2%（補正+0.04） / 総合判定確率: 0.245 / → ヒモはやや固め。上位2艇以外を切ること', 'tenji_trigger': '展示確認: 1号艇伸び良→そのまま採用。悪→飛び組に差し替え。circle_pct上位2艇に絞り込むこと。'}",,,24.5,逃げ狙い,10.55,24.4,2,,,,,0,0,0.7559,0,,逃げ軸流し,A
2025-06-15,丸亀,8,2,藤田浩人,A2,30.11,2,▲,10.4932,54.5,72,76.6,0.1679,3.5519,,,0,低,147,0,-,434 25,0,100,2.1207,0,0.0625,0.0625,0,0.0312,0.1,0.0273,0.0182,,,C,○,,0.0639,0.653,,0.6754,S,80,0,◎1着固定 2-3着流し（5〜8点）,0.5777,"{'is_target': True, 'verdict': '点数絞り', 'max_combo_prob': 0.2055, 'est_top_odds': 6.5, 'circle_concentration': 76.2, 'eligible_count': 6, 'bet_adj': 0, 'reason': 'rel_win1=75.8%（本命度） / 最有力組み合わせ確率: 0.205（推定実オッズ?6倍） / 2着集中度: 上位2艇 76.2%（補正+0.04） / 総合判定確率: 0.245 / → ヒモはやや固め。上位2艇以外を切ること', 'tenji_trigger': '展示確認: 1号艇伸び良→そのまま採用。悪→飛び組に差し替え。circle_pct上位2艇に絞り込むこと。'}",,,24.5,逃げ狙い,10.55,24.4,2,,,,,,,,,,,
2025-06-15,丸亀,8,3,岡谷健吾,B1,30.18,3,△,5.4592,20.2,100,50.7,0.1865,4.0915,,,0,低,180,0,-,442 23,0,100,0.469,0,0,0.0345,0.0345,0,0.1444,0.1296,0.1593,,,C,◎,,0.1097,0.69,,0.6754,S,80,0,◎1着固定 2-3着流し（5〜8点）,0.5777,"{'is_target': True, 'verdict': '点数絞り', 'max_combo_prob': 0.2055, 'est_top_odds': 6.5, 'circle_concentration': 76.2, 'eligible_count': 6, 'bet_adj': 0, 'reason': 'rel_win1=75.8%（本命度） / 最有力組み合わせ確率: 0.205（推定実オッズ?6倍） / 2着集中度: 上位2艇 76.2%（補正+0.04） / 総合判定確率: 0.245 / → ヒモはやや固め。上位2艇以外を切ること', 'tenji_trigger': '展示確認: 1号艇伸び良→そのまま採用。悪→飛び組に差し替え。circle_pct上位2艇に絞り込むこと。'}",,,24.5,逃げ狙い,10.55,24.4,2,,,,,,,,,,,
2025-06-15,丸亀,8,4,赤羽克也,A2,26.95,4,,5.6057,21.7,68,58.8,0.1621,3.4926,,,0,低,137,0,ま0%,541 45,0,76.1,1.5128,0,0,0.0667,0,0,0.2828,0.1885,0.0138,,,D,△,◎,0.2092,0.633,0.2856,0.6754,S,80,0,◎1着固定 2-3着流し（5〜8点）,0.5777,"{'is_target': True, 'verdict': '点数絞り', 'max_combo_prob': 0.2055, 'est_top_odds': 6.5, 'circle_concentration': 76.2, 'eligible_count': 6, 'bet_adj': 0, 'reason': 'rel_win1=75.8%（本命度） / 最有力組み合わせ確率: 0.205（推定実オッズ?6倍） / 2着集中度: 上位2艇 76.2%（補正+0.04） / 総合判定確率: 0.245 / → ヒモはやや固め。上位2艇以外を切ること', 'tenji_trigger': '展示確認: 1号艇伸び良→そのまま採用。悪→飛び組に差し替え。circle_pct上位2艇に絞り込むこと。'}",,,24.5,逃げ狙い,10.55,24.4,2,,,,,,,,,,,
2025-06-15,丸亀,8,5,高木圭大,B1,25.64,5,,1.6063,3.3,22,10.7,0.1589,3.2054,,,0,低,107,0,-,5 661,0,33,0.6033,,,,,,0.0632,0.1842,0.2632,,,E,,,0.2525,0.606,,0.6754,S,80,0,◎1着固定 2-3着流し（5〜8点）,0.5777,"{'is_target': True, 'verdict': '点数絞り', 'max_combo_prob': 0.2055, 'est_top_odds': 6.5, 'circle_concentration': 76.2, 'eligible_count': 6, 'bet_adj': 0, 'reason': 'rel_win1=75.8%（本命度） / 最有力組み合わせ確率: 0.205（推定実オッズ?6倍） / 2着集中度: 上位2艇 76.2%（補正+0.04） / 総合判定確率: 0.245 / → ヒモはやや固め。上位2艇以外を切ること', 'tenji_trigger': '展示確認: 1号艇伸び良→そのまま採用。悪→飛び組に差し替え。circle_pct上位2艇に絞り込むこと。'}",,,24.5,逃げ狙い,10.55,24.4,2,,,,,,,,,,,
2025-06-15,丸亀,8,6,宮本琉正,B2,38.79,6,○,1.0517,0.3,11,1.4,0.1761,3.1571,,,0,低,33,0,-,6 6F6,0,33,2.23,,,,,,,,,,,B,,,0.1955,0.504,,0.6754,S,80,0,◎1着固定 2-3着流し（5〜8点）,0.5777,"{'is_target': True, 'verdict': '点数絞り', 'max_combo_prob': 0.2055, 'est_top_odds': 6.5, 'circle_concentration': 76.2, 'eligible_count': 6, 'bet_adj': 0, 'reason': 'rel_win1=75.8%（本命度） / 最有力組み合わせ確率: 0.205（推定実オッズ?6倍） / 2着集中度: 上位2艇 76.2%（補正+0.04） / 総合判定確率: 0.245 / → ヒモはやや固め。上位2艇以外を切ること', 'tenji_trigger': '展示確認: 1号艇伸び良→そのまま採用。悪→飛び組に差し替え。circle_pct上位2艇に絞り込むこと。'}",,,24.5,逃げ狙い,10.55,24.4,2,,,,,,,,,,,
2025-06-15,丸亀,9,1,抹香雄三,B1,25.31,1,◎,59.6875,,0,83.6,0.1354,2.4851,,,0,低,100,0,逃0%,5 156,0,85.9,1.0807,0.44,,,,,0.12,0.24,0.16,◎,,E,◎,,,0.6655,,0.575,A,74,0,◎-○軸 3着3〜4艇流し（10〜15点）,0.5777,"{'is_target': True, 'verdict': '点数絞り', 'max_combo_prob': 0.0925, 'est_top_odds': 14.4, 'circle_concentration': 87.3, 'eligible_count': 8, 'bet_adj': 0, 'reason': 'rel_win1=59.7%（本命度） / 最有力組み合わせ確率: 0.092（推定実オッズ?14倍） / 2着集中度: 上位2艇 87.3%（補正+0.04） / 総合判定確率: 0.132 / → ヒモはやや固め。上位2艇以外を切ること', 'tenji_trigger': '展示確認: 1号艇伸び良→そのまま採用。悪→飛び組に差し替え。circle_pct上位2艇に絞り込むこと。\n展示で1号艇スタート超安定(0.135秒)→ヒモ固まり方向に注意'}",,,28.6,逃げ狙い,15.12,32.4,2,,,,,0,0,0.7559,0,,逃げ軸流し,A
2025-06-15,丸亀,9,2,亀山雅幸,A2,30.99,2,▲,13.3572,52.5,100,74.7,0.1379,2.7467,,,0,低,154,0,-,322 44,0,43.7,0.8205,0,0.0345,0,0,0,0.0944,0.1222,0.0944,,,D,△,,0.299,0.6195,,0.575,A,74,0,◎-○軸 3着3〜4艇流し（10〜15点）,0.5777,"{'is_target': True, 'verdict': '点数絞り', 'max_combo_prob': 0.0925, 'est_top_odds': 14.4, 'circle_concentration': 87.3, 'eligible_count': 8, 'bet_adj': 0, 'reason': 'rel_win1=59.7%（本命度） / 最有力組み合わせ確率: 0.092（推定実オッズ?14倍） / 2着集中度: 上位2艇 87.3%（補正+0.04） / 総合判定確率: 0.132 / → ヒモはやや固め。上位2艇以外を切ること', 'tenji_trigger': '展示確認: 1号艇伸び良→そのまま採用。悪→飛び組に差し替え。circle_pct上位2艇に絞り込むこと。\n展示で1号艇スタート超安定(0.135秒)→ヒモ固まり方向に注意'}",,,28.6,逃げ狙い,15.12,32.4,2,,,,,,,,,,,
2025-06-15,丸亀,9,3,岡本慎治,B1,29.82,3,,13.2662,34.7,92,67.4,0.157,3.2093,,,0,低,107,0,ま0%,444 16,0,70.4,1.3427,0,0,0.15,0,0,0.4053,0.0421,0.2132,,,D,△,,0.2349,0.611,,0.575,A,74,0,◎-○軸 3着3〜4艇流し（10〜15点）,0.5777,"{'is_target': True, 'verdict': '点数絞り', 'max_combo_prob': 0.0925, 'est_top_odds': 14.4, 'circle_concentration': 87.3, 'eligible_count': 8, 'bet_adj': 0, 'reason': 'rel_win1=59.7%（本命度） / 最有力組み合わせ確率: 0.092（推定実オッズ?14倍） / 2着集中度: 上位2艇 87.3%（補正+0.04） / 総合判定確率: 0.132 / → ヒモはやや固め。上位2艇以外を切ること', 'tenji_trigger': '展示確認: 1号艇伸び良→そのまま採用。悪→飛び組に差し替え。circle_pct上位2艇に絞り込むこと。\n展示で1号艇スタート超安定(0.135秒)→ヒモ固まり方向に注意'}",,,28.6,逃げ狙い,15.12,32.4,2,,,,,,,,,,,
2025-06-15,丸亀,9,4,森作広大,B1,52.20,4,○,5.1745,4.3,88,24.4,0.1668,4.0488,,,0,低,96,0,-,165 22,0,21.1,0.4143,,,,,,0.5412,0,0.1412,,,A,,,0.2238,0.596,,0.575,A,74,0,◎-○軸 3着3〜4艇流し（10〜15点）,0.5777,"{'is_target': True, 'verdict': '点数絞り', 'max_combo_prob': 0.0925, 'est_top_odds': 14.4, 'circle_concentration': 87.3, 'eligible_count': 8, 'bet_adj': 0, 'reason': 'rel_win1=59.7%（本命度） / 最有力組み合わせ確率: 0.092（推定実オッズ?14倍） / 2着集中度: 上位2艇 87.3%（補正+0.04） / 総合判定確率: 0.132 / → ヒモはやや固め。上位2艇以外を切ること', 'tenji_trigger': '展示確認: 1号艇伸び良→そのまま採用。悪→飛び組に差し替え。circle_pct上位2艇に絞り込むこと。\n展示で1号艇スタート超安定(0.135秒)→ヒモ固まり方向に注意'}",,,28.6,逃げ狙い,15.12,32.4,2,,,,,,,,,,,
2025-06-15,丸亀,9,5,木場悠介,B1,38.51,5,△,7.2088,6.3,69,34.8,0.1633,3.5606,,,0,低,101,0,-,6 253,0,48.3,0.8326,0,0,0,0.0333,0,0.032,0.132,0.244,,,C,○,◎,0.2256,0.652,0.3472,0.575,A,74,0,◎-○軸 3着3〜4艇流し（10〜15点）,0.5777,"{'is_target': True, 'verdict': '点数絞り', 'max_combo_prob': 0.0925, 'est_top_odds': 14.4, 'circle_concentration': 87.3, 'eligible_count': 8, 'bet_adj': 0, 'reason': 'rel_win1=59.7%（本命度） / 最有力組み合わせ確率: 0.092（推定実オッズ?14倍） / 2着集中度: 上位2艇 87.3%（補正+0.04） / 総合判定確率: 0.132 / → ヒモはやや固め。上位2艇以外を切ること', 'tenji_trigger': '展示確認: 1号艇伸び良→そのまま採用。悪→飛び組に差し替え。circle_pct上位2艇に絞り込むこと。\n展示で1号艇スタート超安定(0.135秒)→ヒモ固まり方向に注意'}",,,28.6,逃げ狙い,15.12,32.4,2,,,,,,,,,,,
2025-06-15,丸亀,9,6,嶋田貴支,B1,39.66,6,,1.3058,2.1,63,16.3,0.2263,4.9884,,,0,低,134,0,-,133 44,0,23.6,0.5122,,,,,,0.0174,0.0522,0.1174,,,B,,,0.175,0.6045,,0.575,A,74,0,◎-○軸 3着3〜4艇流し（10〜15点）,0.5777,"{'is_target': True, 'verdict': '点数絞り', 'max_combo_prob': 0.0925, 'est_top_odds': 14.4, 'circle_concentration': 87.3, 'eligible_count': 8, 'bet_adj': 0, 'reason': 'rel_win1=59.7%（本命度） / 最有力組み合わせ確率: 0.092（推定実オッズ?14倍） / 2着集中度: 上位2艇 87.3%（補正+0.04） / 総合判定確率: 0.132 / → ヒモはやや固め。上位2艇以外を切ること', 'tenji_trigger': '展示確認: 1号艇伸び良→そのまま採用。悪→飛び組に差し替え。circle_pct上位2艇に絞り込むこと。\n展示で1号艇スタート超安定(0.135秒)→ヒモ固まり方向に注意'}",,,28.6,逃げ狙い,15.12,32.4,2,,,,,,,,,,,
2025-06-15,丸亀,10,1,本多宏和,A1,36.36,1,◎,67.3818,,0,82,0.1452,2.99,,,0,低,73,0,逃1%,1 6411,0,92.8,1.25,0.6667,,,,,0.1111,0.0556,0.1667,◎,,B,◎,,,0.6585,,0.5448,A,73,0,◎-○軸 3着3〜4艇流し（10〜15点）,0.5777,"{'is_target': True, 'verdict': '点数絞り', 'max_combo_prob': 0.101, 'est_top_odds': 13.2, 'circle_concentration': 79.2, 'eligible_count': 8, 'bet_adj': 0, 'reason': 'rel_win1=67.4%（本命度） / 最有力組み合わせ確率: 0.101（推定実オッズ?13倍） / 2着集中度: 上位2艇 79.2%（補正+0.04） / 総合判定確率: 0.141 / → ヒモはやや固め。上位2艇以外を切ること', 'tenji_trigger': '展示確認: 1号艇伸び良→そのまま採用。悪→飛び組に差し替え。circle_pct上位2艇に絞り込むこと。'}",,,26.6,逃げ狙い,13.47,28,2,,,,,0,0,0.7559,0,,逃げ軸流し,A
2025-06-15,丸亀,10,2,山本寛久,A1,31.29,2,,13.8098,51.1,74,80.4,0.1547,3.3039,,,0,低,77,0,-,163 22,0,56.3,1.1295,0,0.1379,0.0345,0,0,0.0222,0.0444,0.2056,,,D,△,,0.234,0.6225,,0.5448,A,73,0,◎-○軸 3着3〜4艇流し（10〜15点）,0.5777,"{'is_target': True, 'verdict': '点数絞り', 'max_combo_prob': 0.101, 'est_top_odds': 13.2, 'circle_concentration': 79.2, 'eligible_count': 8, 'bet_adj': 0, 'reason': 'rel_win1=67.4%（本命度） / 最有力組み合わせ確率: 0.101（推定実オッズ?13倍） / 2着集中度: 上位2艇 79.2%（補正+0.04） / 総合判定確率: 0.141 / → ヒモはやや固め。上位2艇以外を切ること', 'tenji_trigger': '展示確認: 1号艇伸び良→そのまま採用。悪→飛び組に差し替え。circle_pct上位2艇に絞り込むこと。'}",,,26.6,逃げ狙い,13.47,28,2,,,,,,,,,,,
2025-06-15,丸亀,10,3,西野翔太,A2,33.33,3,▲,8.2201,28.1,98,68,0.1418,2.73,,,0,低,72,0,ま0%,224 34,0,37.2,0.891,0,0,0.04,0,0,0.1556,0.0918,0.0465,,,C,○,,0.2975,0.6405,,0.5448,A,73,0,◎-○軸 3着3〜4艇流し（10〜15点）,0.5777,"{'is_target': True, 'verdict': '点数絞り', 'max_combo_prob': 0.101, 'est_top_odds': 13.2, 'circle_concentration': 79.2, 'eligible_count': 8, 'bet_adj': 0, 'reason': 'rel_win1=67.4%（本命度） / 最有力組み合わせ確率: 0.101（推定実オッズ?13倍） / 2着集中度: 上位2艇 79.2%（補正+0.04） / 総合判定確率: 0.141 / → ヒモはやや固め。上位2艇以外を切ること', 'tenji_trigger': '展示確認: 1号艇伸び良→そのまま採用。悪→飛び組に差し替え。circle_pct上位2艇に絞り込むこと。'}",,,26.6,逃げ狙い,13.47,28,2,,,,,,,,,,,
2025-06-15,丸亀,10,4,井上尚悟,B1,44.38,4,○,5.6744,8.3,100,36.6,0.1741,3.5986,,,0,低,157,0,-,451 22,0,64.8,1.2498,0,0.0286,0,0,0,0.1832,0.0842,0.1621,,,A,,,0.1676,0.593,,0.5448,A,73,0,◎-○軸 3着3〜4艇流し（10〜15点）,0.5777,"{'is_target': True, 'verdict': '点数絞り', 'max_combo_prob': 0.101, 'est_top_odds': 13.2, 'circle_concentration': 79.2, 'eligible_count': 8, 'bet_adj': 0, 'reason': 'rel_win1=67.4%（本命度） / 最有力組み合わせ確率: 0.101（推定実オッズ?13倍） / 2着集中度: 上位2艇 79.2%（補正+0.04） / 総合判定確率: 0.141 / → ヒモはやや固め。上位2艇以外を切ること', 'tenji_trigger': '展示確認: 1号艇伸び良→そのまま採用。悪→飛び組に差し替え。circle_pct上位2艇に絞り込むこと。'}",,,26.6,逃げ狙い,13.47,28,2,,,,,,,,,,,
2025-06-15,丸亀,10,5,大串重幸,A2,33.97,5,△,3.3556,8.7,66,37.1,0.1653,3.8065,,,0,低,132,0,-,2 5213,0,44.3,0.8869,0,0,0,0.0357,0,0.1088,0.0526,0.1193,,,C,,,0.2192,0.6085,,0.5448,A,73,0,◎-○軸 3着3〜4艇流し（10〜15点）,0.5777,"{'is_target': True, 'verdict': '点数絞り', 'max_combo_prob': 0.101, 'est_top_odds': 13.2, 'circle_concentration': 79.2, 'eligible_count': 8, 'bet_adj': 0, 'reason': 'rel_win1=67.4%（本命度） / 最有力組み合わせ確率: 0.101（推定実オッズ?13倍） / 2着集中度: 上位2艇 79.2%（補正+0.04） / 総合判定確率: 0.141 / → ヒモはやや固め。上位2艇以外を切ること', 'tenji_trigger': '展示確認: 1号艇伸び良→そのまま採用。悪→飛び組に差し替え。circle_pct上位2艇に絞り込むこと。'}",,,26.6,逃げ狙い,13.47,28,2,,,,,,,,,,,
2025-06-15,丸亀,10,6,興津　藍,B1,30.59,6,,1.5581,3.8,77,34.4,0.1926,4.4754,,,0,低,133,0,-,2 341,0,26.2,0.4717,,,,,,0.1562,0.0343,0.179,,,E,△,,0.1631,0.6195,,0.5448,A,73,0,◎-○軸 3着3〜4艇流し（10〜15点）,0.5777,"{'is_target': True, 'verdict': '点数絞り', 'max_combo_prob': 0.101, 'est_top_odds': 13.2, 'circle_concentration': 79.2, 'eligible_count': 8, 'bet_adj': 0, 'reason': 'rel_win1=67.4%（本命度） / 最有力組み合わせ確率: 0.101（推定実オッズ?13倍） / 2着集中度: 上位2艇 79.2%（補正+0.04） / 総合判定確率: 0.141 / → ヒモはやや固め。上位2艇以外を切ること', 'tenji_trigger': '展示確認: 1号艇伸び良→そのまま採用。悪→飛び組に差し替え。circle_pct上位2艇に絞り込むこと。'}",,,26.6,逃げ狙い,13.47,28,2,,,,,,,,,,,
2025-06-15,丸亀,11,1,田中和也,A1,46.58,1,◎,60.3593,,0,88.8,0.1654,3.4184,,,0,低,135,0,逃0%,14341,0,96.5,1.3635,0.5909,,,,,0.0455,0.0273,0.1145,○,,A,,,,0.62,,0.4257,S,100,0,◎1着固定 2-3着流し（5〜8点）,0.5777,"{'is_target': True, 'verdict': '参加推奨', 'max_combo_prob': 0.0812, 'est_top_odds': 16.4, 'circle_concentration': 69.5, 'eligible_count': 6, 'bet_adj': 2, 'reason': 'rel_win1=60.4%（本命度） / 最有力組み合わせ確率: 0.081（推定実オッズ?16倍） / 2着集中度: 上位2艇 69.5%（補正+0.00） / 総合判定確率: 0.081 / → ヒモ分散。1号艇1着固定で広めのヒモ流し推奨（買い目+2点）', 'tenji_trigger': '展示確認: ヒモ分散レース。1号艇伸び確認後、広めのヒモ流しを採用。穴ヒモ（5・6号艇）を積極的に含める。'}",,,27.4,逃げ狙い,18.36,26,4,,,,,0,0,0.6155,0,,逃げ軸流し,A
2025-06-15,丸亀,11,2,飯島昌弘,A1,39.77,2,○,15.2642,46,98,79.6,0.1596,3.6019,,,0,低,119,0,差0% ま0%,221342,0,61.5,1.2845,0,0.0345,0.1034,0,0,0,0.1242,0.0242,,△,C,△,,0.3802,0.6275,,0.4257,S,100,0,◎1着固定 2-3着流し（5〜8点）,0.5777,"{'is_target': True, 'verdict': '参加推奨', 'max_combo_prob': 0.0812, 'est_top_odds': 16.4, 'circle_concentration': 69.5, 'eligible_count': 6, 'bet_adj': 2, 'reason': 'rel_win1=60.4%（本命度） / 最有力組み合わせ確率: 0.081（推定実オッズ?16倍） / 2着集中度: 上位2艇 69.5%（補正+0.00） / 総合判定確率: 0.081 / → ヒモ分散。1号艇1着固定で広めのヒモ流し推奨（買い目+2点）', 'tenji_trigger': '展示確認: ヒモ分散レース。1号艇伸び確認後、広めのヒモ流しを採用。穴ヒモ（5・6号艇）を積極的に含める。'}",,,27.4,逃げ狙い,18.36,26,4,,,,,,,,,,,
2025-06-15,丸亀,11,3,山地正樹,B1,40.85,3,▲,6.133,17.3,63,38.9,0.1653,3.5972,,,0,低,88,0,差ま0%,1 415,0,40.6,1.0213,0,0,0,0.0741,0.037,0.2091,0.1545,0.1364,,,B,○,,0.2992,0.642,,0.4257,S,100,0,◎1着固定 2-3着流し（5〜8点）,0.5777,"{'is_target': True, 'verdict': '参加推奨', 'max_combo_prob': 0.0812, 'est_top_odds': 16.4, 'circle_concentration': 69.5, 'eligible_count': 6, 'bet_adj': 2, 'reason': 'rel_win1=60.4%（本命度） / 最有力組み合わせ確率: 0.081（推定実オッズ?16倍） / 2着集中度: 上位2艇 69.5%（補正+0.00） / 総合判定確率: 0.081 / → ヒモ分散。1号艇1着固定で広めのヒモ流し推奨（買い目+2点）', 'tenji_trigger': '展示確認: ヒモ分散レース。1号艇伸び確認後、広めのヒモ流しを採用。穴ヒモ（5・6号艇）を積極的に含める。'}",,,27.4,逃げ狙い,18.36,26,4,,,,,,,,,,,
2025-06-15,丸亀,11,4,馬場　剛,A2,33.90,4,,12.2938,12.9,94,58.5,0.1362,2.4846,,,0,低,35,0,ま0% 差ま0%,3 1213,0,66,1.337,0,0,0.0938,0.0938,0,0.1535,0.0222,0.1323,,◎,D,◎,◎,0.4256,0.8035,0.3716,0.4257,S,100,0,◎1着固定 2-3着流し（5〜8点）,0.5777,"{'is_target': True, 'verdict': '参加推奨', 'max_combo_prob': 0.0812, 'est_top_odds': 16.4, 'circle_concentration': 69.5, 'eligible_count': 6, 'bet_adj': 2, 'reason': 'rel_win1=60.4%（本命度） / 最有力組み合わせ確率: 0.081（推定実オッズ?16倍） / 2着集中度: 上位2艇 69.5%（補正+0.00） / 総合判定確率: 0.081 / → ヒモ分散。1号艇1着固定で広めのヒモ流し推奨（買い目+2点）', 'tenji_trigger': '展示確認: ヒモ分散レース。1号艇伸び確認後、広めのヒモ流しを採用。穴ヒモ（5・6号艇）を積極的に含める。'}",,,27.4,逃げ狙い,18.36,26,4,,,,,,,,,,,
2025-06-15,丸亀,11,5,里岡右貴,A1,36.52,5,△,4.5808,23.5,85,64.8,0.1331,3.0556,,,0,低,75,0,-,152121,0,46.7,0.9948,0,0,0,0,0,0.115,0.139,0.024,,○,C,△,,0.4174,0.641,,0.4257,S,100,0,◎1着固定 2-3着流し（5〜8点）,0.5777,"{'is_target': True, 'verdict': '参加推奨', 'max_combo_prob': 0.0812, 'est_top_odds': 16.4, 'circle_concentration': 69.5, 'eligible_count': 6, 'bet_adj': 2, 'reason': 'rel_win1=60.4%（本命度） / 最有力組み合わせ確率: 0.081（推定実オッズ?16倍） / 2着集中度: 上位2艇 69.5%（補正+0.00） / 総合判定確率: 0.081 / → ヒモ分散。1号艇1着固定で広めのヒモ流し推奨（買い目+2点）', 'tenji_trigger': '展示確認: ヒモ分散レース。1号艇伸び確認後、広めのヒモ流しを採用。穴ヒモ（5・6号艇）を積極的に含める。'}",,,27.4,逃げ狙い,18.36,26,4,,,,,,,,,,,
2025-06-15,丸亀,11,6,芦澤　望,A2,25.17,6,,1.369,0.3,100,37.9,0.174,3.6638,,,0,低,106,0,-,1 3343,0,27.8,0.5994,0,0,0.0345,0,0,0,0.1286,0.1886,,,E,,,0.2578,0.589,,0.4257,S,100,0,◎1着固定 2-3着流し（5〜8点）,0.5777,"{'is_target': True, 'verdict': '参加推奨', 'max_combo_prob': 0.0812, 'est_top_odds': 16.4, 'circle_concentration': 69.5, 'eligible_count': 6, 'bet_adj': 2, 'reason': 'rel_win1=60.4%（本命度） / 最有力組み合わせ確率: 0.081（推定実オッズ?16倍） / 2着集中度: 上位2艇 69.5%（補正+0.00） / 総合判定確率: 0.081 / → ヒモ分散。1号艇1着固定で広めのヒモ流し推奨（買い目+2点）', 'tenji_trigger': '展示確認: ヒモ分散レース。1号艇伸び確認後、広めのヒモ流しを採用。穴ヒモ（5・6号艇）を積極的に含める。'}",,,27.4,逃げ狙い,18.36,26,4,,,,,,,,,,,
2025-06-15,丸亀,12,1,若林　将,A1,40.24,1,◎,61.3172,,0,98.7,0.1222,2.5443,,,0,低,35,0,逃1%,21211,0,78.9,1.0637,0.6786,,,,,0.2214,0,0.1036,◎,,D,◎,,,0.6995,,0.6754,A,79,0,◎-○軸 3着3〜4艇流し（10〜15点）,0.5777,"{'is_target': True, 'verdict': '点数絞り', 'max_combo_prob': 0.1091, 'est_top_odds': 12.2, 'circle_concentration': 74.0, 'eligible_count': 8, 'bet_adj': 0, 'reason': 'rel_win1=61.3%（本命度） / 最有力組み合わせ確率: 0.109（推定実オッズ?12倍） / 2着集中度: 上位2艇 74.0%（補正+0.04） / 総合判定確率: 0.149 / → ヒモはやや固め。上位2艇以外を切ること', 'tenji_trigger': '展示確認: 1号艇伸び良→そのまま採用。悪→飛び組に差し替え。circle_pct上位2艇に絞り込むこと。\n展示で1号艇スタート超安定(0.122秒)→ヒモ固まり方向に注意'}",,,28,逃げ狙い,17.15,28.7,2,,,,,0,0,0.7559,0,,逃げ軸流し,A
2025-06-15,丸亀,12,2,海野康志,A1,44.91,2,○,15.0847,49.1,64,82.3,0.1403,3.2647,,,0,低,38,0,差0%,13113,0,88.4,1.5547,0,0.2941,0.0588,0,0.0588,0,0.0387,0.2516,,,B,△,,0.1843,0.6265,,0.6754,A,79,0,◎-○軸 3着3〜4艇流し（10〜15点）,0.5777,"{'is_target': True, 'verdict': '点数絞り', 'max_combo_prob': 0.1091, 'est_top_odds': 12.2, 'circle_concentration': 74.0, 'eligible_count': 8, 'bet_adj': 0, 'reason': 'rel_win1=61.3%（本命度） / 最有力組み合わせ確率: 0.109（推定実オッズ?12倍） / 2着集中度: 上位2艇 74.0%（補正+0.04） / 総合判定確率: 0.149 / → ヒモはやや固め。上位2艇以外を切ること', 'tenji_trigger': '展示確認: 1号艇伸び良→そのまま採用。悪→飛び組に差し替え。circle_pct上位2艇に絞り込むこと。\n展示で1号艇スタート超安定(0.122秒)→ヒモ固まり方向に注意'}",,,28,逃げ狙い,17.15,28.7,2,,,,,,,,,,,
2025-06-15,丸亀,12,3,石井伸長,B1,44.71,3,,10.0008,17.4,74,85.7,0.1871,3.5,,,0,低,79,1,差ま0%,3 223,0,58.2,1.414,0,0,0,0.1429,0,0,0.5,0.25,,,B,,,0.1301,0.5655,,0.6754,A,79,0,◎-○軸 3着3〜4艇流し（10〜15点）,0.5777,"{'is_target': True, 'verdict': '点数絞り', 'max_combo_prob': 0.1091, 'est_top_odds': 12.2, 'circle_concentration': 74.0, 'eligible_count': 8, 'bet_adj': 0, 'reason': 'rel_win1=61.3%（本命度） / 最有力組み合わせ確率: 0.109（推定実オッズ?12倍） / 2着集中度: 上位2艇 74.0%（補正+0.04） / 総合判定確率: 0.149 / → ヒモはやや固め。上位2艇以外を切ること', 'tenji_trigger': '展示確認: 1号艇伸び良→そのまま採用。悪→飛び組に差し替え。circle_pct上位2艇に絞り込むこと。\n展示で1号艇スタート超安定(0.122秒)→ヒモ固まり方向に注意'}",,,28,逃げ狙い,17.15,28.7,2,,,,,,,,,,,
2025-06-15,丸亀,12,4,近江翔吾,A1,40.96,4,△,8.2065,24.9,100,77.4,0.1394,2.934,,,0,低,52,0,差0%,312 14,0,54.4,1.1391,0,0.037,0.0741,0,0,0.0811,0.0541,0.027,,,C,○,◎,0.2249,0.6415,0.4732,0.6754,A,79,0,◎-○軸 3着3〜4艇流し（10〜15点）,0.5777,"{'is_target': True, 'verdict': '点数絞り', 'max_combo_prob': 0.1091, 'est_top_odds': 12.2, 'circle_concentration': 74.0, 'eligible_count': 8, 'bet_adj': 0, 'reason': 'rel_win1=61.3%（本命度） / 最有力組み合わせ確率: 0.109（推定実オッズ?12倍） / 2着集中度: 上位2艇 74.0%（補正+0.04） / 総合判定確率: 0.149 / → ヒモはやや固め。上位2艇以外を切ること', 'tenji_trigger': '展示確認: 1号艇伸び良→そのまま採用。悪→飛び組に差し替え。circle_pct上位2艇に絞り込むこと。\n展示で1号艇スタート超安定(0.122秒)→ヒモ固まり方向に注意'}",,,28,逃げ狙い,17.15,28.7,2,,,,,,,,,,,
2025-06-15,丸亀,12,5,中里英夫,B1,45.10,5,▲,4.4926,5.4,69,36.2,0.1795,3.8534,,,0,低,123,0,差ま0%,321 32,0,47.2,1.0329,0,0,0,0.0385,0,0.1292,0.2458,0.1958,,,B,△,,0.1069,0.641,,0.6754,A,79,0,◎-○軸 3着3〜4艇流し（10〜15点）,0.5777,"{'is_target': True, 'verdict': '点数絞り', 'max_combo_prob': 0.1091, 'est_top_odds': 12.2, 'circle_concentration': 74.0, 'eligible_count': 8, 'bet_adj': 0, 'reason': 'rel_win1=61.3%（本命度） / 最有力組み合わせ確率: 0.109（推定実オッズ?12倍） / 2着集中度: 上位2艇 74.0%（補正+0.04） / 総合判定確率: 0.149 / → ヒモはやや固め。上位2艇以外を切ること', 'tenji_trigger': '展示確認: 1号艇伸び良→そのまま採用。悪→飛び組に差し替え。circle_pct上位2艇に絞り込むこと。\n展示で1号艇スタート超安定(0.122秒)→ヒモ固まり方向に注意'}",,,28,逃げ狙い,17.15,28.7,2,,,,,,,,,,,
2025-06-15,丸亀,12,6,菊池峰晴,B1,32.74,6,,0.8982,3.2,33,24.4,0.219,4.8902,,,0,低,151,0,-,2 623,0,29.6,1.0381,,,,,,0.2,0.2,0.3,,,E,,,0.1388,0.593,,0.6754,A,79,0,◎-○軸 3着3〜4艇流し（10〜15点）,0.5777,"{'is_target': True, 'verdict': '点数絞り', 'max_combo_prob': 0.1091, 'est_top_odds': 12.2, 'circle_concentration': 74.0, 'eligible_count': 8, 'bet_adj': 0, 'reason': 'rel_win1=61.3%（本命度） / 最有力組み合わせ確率: 0.109（推定実オッズ?12倍） / 2着集中度: 上位2艇 74.0%（補正+0.04） / 総合判定確率: 0.149 / → ヒモはやや固め。上位2艇以外を切ること', 'tenji_trigger': '展示確認: 1号艇伸び良→そのまま採用。悪→飛び組に差し替え。circle_pct上位2艇に絞り込むこと。\n展示で1号艇スタート超安定(0.122秒)→ヒモ固まり方向に注意'}",,,28,逃げ狙い,17.15,28.7,2,,,,,,,,,,,
2025-06-18,丸亀,1,1,長谷川親,B1,30.64,1,◎,50.6202,,0,55.3,0.1703,3.6316,,,0,低,166,0,逃0%,,0,50.3,0.7419,0.2222,,,,,0.1111,0.3778,0.2222,△,,D,△,,,0.605,,0.2927,C,44,0,荒れ傾向。高配当狙いか見送り,0.5777,"{'is_target': True, 'verdict': '参加推奨', 'max_combo_prob': 0.0746, 'est_top_odds': 17.9, 'circle_concentration': 75.2, 'eligible_count': 6, 'bet_adj': 2, 'reason': 'rel_win1=50.6%（本命度） / 最有力組み合わせ確率: 0.075（推定実オッズ?18倍） / 2着集中度: 上位2艇 75.2%（補正+0.04） / 総合判定確率: 0.115 / → ヒモ分散。1号艇1着固定で広めのヒモ流し推奨（買い目+2点）', 'tenji_trigger': '展示確認: ヒモ分散レース。1号艇伸び確認後、広めのヒモ流しを採用。穴ヒモ（5・6号艇）を積極的に含める。'}",,,24.6,両建て推奨,12.75,37.2,2,4-5-6|1-2-4|1-2-3|1-3-4|1-4-2|1-4-3,2-1-3|3-1-2|3-2-1|3-1-5|3-1-6|4-5-6|3-5-1|1-2-4|1-2-3|1-3-4|1-4-2|1-4-3,4-5-6:1.55%|1-2-4:7.05%|1-2-3:5.71%|1-3-4:4.91%|1-4-2:4.28%|1-4-3:4.14%,4-5-6:B_main|1-2-4:A|1-2-3:A|1-3-4:A|1-4-2:A|1-4-3:A,6,12,0.4535,1,[!]見送り推奨（主役決まり手「まくり」― 逃げ劣勢レースで的中実績なし）,荒れ広め,D
2025-06-18,丸亀,1,2,田中宏樹,B1,40.85,2,▲,15.9634,50.4,100,66,0.177,3.717,,,0,低,128,0,-,,0,45.6,0.9747,0,0.0455,0.0455,0,0.0455,0.2,0.02,0.18,,,B,○,,0.2591,0.6195,,0.2927,C,44,0,荒れ傾向。高配当狙いか見送り,0.5777,"{'is_target': True, 'verdict': '参加推奨', 'max_combo_prob': 0.0746, 'est_top_odds': 17.9, 'circle_concentration': 75.2, 'eligible_count': 6, 'bet_adj': 2, 'reason': 'rel_win1=50.6%（本命度） / 最有力組み合わせ確率: 0.075（推定実オッズ?18倍） / 2着集中度: 上位2艇 75.2%（補正+0.04） / 総合判定確率: 0.115 / → ヒモ分散。1号艇1着固定で広めのヒモ流し推奨（買い目+2点）', 'tenji_trigger': '展示確認: ヒモ分散レース。1号艇伸び確認後、広めのヒモ流しを採用。穴ヒモ（5・6号艇）を積極的に含める。'}",,,24.6,両建て推奨,12.75,37.2,2,,,,,,,,,,,
2025-06-18,丸亀,1,3,藤井太雅,B1,32.42,3,○,13.5295,21.6,61,33.3,0.1572,3.375,,,0,低,119,0,ま0% 抜0%,,0,77.9,0.8469,0,0,0.0714,0,0.0714,0.0833,0.4167,0.1667,,○,C,,,0.3985,0.45,,0.2927,C,44,0,荒れ傾向。高配当狙いか見送り,0.5777,"{'is_target': True, 'verdict': '参加推奨', 'max_combo_prob': 0.0746, 'est_top_odds': 17.9, 'circle_concentration': 75.2, 'eligible_count': 6, 'bet_adj': 2, 'reason': 'rel_win1=50.6%（本命度） / 最有力組み合わせ確率: 0.075（推定実オッズ?18倍） / 2着集中度: 上位2艇 75.2%（補正+0.04） / 総合判定確率: 0.115 / → ヒモ分散。1号艇1着固定で広めのヒモ流し推奨（買い目+2点）', 'tenji_trigger': '展示確認: ヒモ分散レース。1号艇伸び確認後、広めのヒモ流しを採用。穴ヒモ（5・6号艇）を積極的に含める。'}",,,24.6,両建て推奨,12.75,37.2,2,,,,,,,,,,,
2025-06-18,丸亀,1,4,齊藤　優,B1,30.77,4,△,13.3966,24.9,46,45.3,0.1525,3.1719,,,0,低,103,0,-,,0,35.4,0.7845,0,0,0.04,0.04,0.04,0.0923,0.3923,0.0462,,◎,D,◎,◎,0.4137,0.6325,0.3913,0.2927,C,44,0,荒れ傾向。高配当狙いか見送り,0.5777,"{'is_target': True, 'verdict': '参加推奨', 'max_combo_prob': 0.0746, 'est_top_odds': 17.9, 'circle_concentration': 75.2, 'eligible_count': 6, 'bet_adj': 2, 'reason': 'rel_win1=50.6%（本命度） / 最有力組み合わせ確率: 0.075（推定実オッズ?18倍） / 2着集中度: 上位2艇 75.2%（補正+0.04） / 総合判定確率: 0.115 / → ヒモ分散。1号艇1着固定で広めのヒモ流し推奨（買い目+2点）', 'tenji_trigger': '展示確認: ヒモ分散レース。1号艇伸び確認後、広めのヒモ流しを採用。穴ヒモ（5・6号艇）を積極的に含める。'}",,,24.6,両建て推奨,12.75,37.2,2,,,,,,,,,,,
2025-06-18,丸亀,1,5,岸本雄貴,B1,43.60,5,,5.0506,1.3,72,19.3,0.1851,3.9035,,,0,低,136,0,-,,0,24.2,0.6657,,,,,,0.0842,0.1621,0.0421,,,A,,,0.3227,0.5525,,0.2927,C,44,0,荒れ傾向。高配当狙いか見送り,0.5777,"{'is_target': True, 'verdict': '参加推奨', 'max_combo_prob': 0.0746, 'est_top_odds': 17.9, 'circle_concentration': 75.2, 'eligible_count': 6, 'bet_adj': 2, 'reason': 'rel_win1=50.6%（本命度） / 最有力組み合わせ確率: 0.075（推定実オッズ?18倍） / 2着集中度: 上位2艇 75.2%（補正+0.04） / 総合判定確率: 0.115 / → ヒモ分散。1号艇1着固定で広めのヒモ流し推奨（買い目+2点）', 'tenji_trigger': '展示確認: ヒモ分散レース。1号艇伸び確認後、広めのヒモ流しを採用。穴ヒモ（5・6号艇）を積極的に含める。'}",,,24.6,両建て推奨,12.75,37.2,2,,,,,,,,,,,
2025-06-18,丸亀,1,6,土屋太朗,B1,28.16,6,,1.4397,1.9,67,33.3,0.1983,4.3333,,,0,低,138,0,-,,0,31.7,1.2675,,,,,,0.2114,0.1657,0.3114,,,E,△,,0.2776,0.5975,,0.2927,C,44,0,荒れ傾向。高配当狙いか見送り,0.5777,"{'is_target': True, 'verdict': '参加推奨', 'max_combo_prob': 0.0746, 'est_top_odds': 17.9, 'circle_concentration': 75.2, 'eligible_count': 6, 'bet_adj': 2, 'reason': 'rel_win1=50.6%（本命度） / 最有力組み合わせ確率: 0.075（推定実オッズ?18倍） / 2着集中度: 上位2艇 75.2%（補正+0.04） / 総合判定確率: 0.115 / → ヒモ分散。1号艇1着固定で広めのヒモ流し推奨（買い目+2点）', 'tenji_trigger': '展示確認: ヒモ分散レース。1号艇伸び確認後、広めのヒモ流しを採用。穴ヒモ（5・6号艇）を積極的に含める。'}",,,24.6,両建て推奨,12.75,37.2,2,,,,,,,,,,,
2025-06-18,丸亀,2,1,武田信一,B2,46.34,1,◎,50.2195,,0,64.3,0.154,3.0714,,,0,低,108,0,逃0%,,0,61.4,0.8578,0.3636,,,,,0.2291,0.0364,0.2291,○,,A,,,,0.5565,,0.3821,B,54,0,◎○△フォーメーション（15〜20点）,0.5777,"{'is_target': True, 'verdict': '参加推奨', 'max_combo_prob': 0.0624, 'est_top_odds': 21.4, 'circle_concentration': 67.3, 'eligible_count': 9, 'bet_adj': 2, 'reason': 'rel_win1=50.2%（本命度） / 最有力組み合わせ確率: 0.062（推定実オッズ?21倍） / 2着集中度: 上位2艇 67.3%（補正+0.00） / 総合判定確率: 0.062 / → ヒモ分散。1号艇1着固定で広めのヒモ流し推奨（買い目+2点）', 'tenji_trigger': '展示確認: ヒモ分散レース。1号艇伸び確認後、広めのヒモ流しを採用。穴ヒモ（5・6号艇）を積極的に含める。'}",,,28.8,両建て推奨,13.69,34,4,,,,,0,0,0.6155,0,,逃げ軸流し,A
2025-06-18,丸亀,2,2,杉山勝匡,B1,41.57,2,○,16.1042,44.6,70,48,0.1614,3.5195,,,0,低,107,0,-,,0,71,1.2581,0,0.0294,0,0,0,0.1889,0.1444,0.1593,,,B,,,0.2651,0.6195,,0.3821,B,54,0,◎○△フォーメーション（15〜20点）,0.5777,"{'is_target': True, 'verdict': '参加推奨', 'max_combo_prob': 0.0624, 'est_top_odds': 21.4, 'circle_concentration': 67.3, 'eligible_count': 9, 'bet_adj': 2, 'reason': 'rel_win1=50.2%（本命度） / 最有力組み合わせ確率: 0.062（推定実オッズ?21倍） / 2着集中度: 上位2艇 67.3%（補正+0.00） / 総合判定確率: 0.062 / → ヒモ分散。1号艇1着固定で広めのヒモ流し推奨（買い目+2点）', 'tenji_trigger': '展示確認: ヒモ分散レース。1号艇伸び確認後、広めのヒモ流しを採用。穴ヒモ（5・6号艇）を積極的に含める。'}",,,28.8,両建て推奨,13.69,34,4,,,,,,,,,,,
2025-06-18,丸亀,2,3,西原明生,B1,30.98,3,,13.4292,22.7,100,40,0.1844,3.6643,,,0,低,192,0,差ま0%,,0,82.8,1.58,0,0,0,0.069,0,0.2571,0.2571,0.2762,,,D,○,,0.1588,0.641,,0.3821,B,54,0,◎○△フォーメーション（15〜20点）,0.5777,"{'is_target': True, 'verdict': '参加推奨', 'max_combo_prob': 0.0624, 'est_top_odds': 21.4, 'circle_concentration': 67.3, 'eligible_count': 9, 'bet_adj': 2, 'reason': 'rel_win1=50.2%（本命度） / 最有力組み合わせ確率: 0.062（推定実オッズ?21倍） / 2着集中度: 上位2艇 67.3%（補正+0.00） / 総合判定確率: 0.062 / → ヒモ分散。1号艇1着固定で広めのヒモ流し推奨（買い目+2点）', 'tenji_trigger': '展示確認: ヒモ分散レース。1号艇伸び確認後、広めのヒモ流しを採用。穴ヒモ（5・6号艇）を積極的に含める。'}",,,28.8,両建て推奨,13.69,34,4,,,,,,,,,,,
2025-06-18,丸亀,2,4,酒井陽祐,B1,34.62,4,▲,9.4668,13.5,96,37.5,0.1729,3.8438,,,0,低,117,0,-,,0,39.6,0.8979,,,,,,0.2222,0,0.3333,,,C,△,,0.2445,0.62,,0.3821,B,54,0,◎○△フォーメーション（15〜20点）,0.5777,"{'is_target': True, 'verdict': '参加推奨', 'max_combo_prob': 0.0624, 'est_top_odds': 21.4, 'circle_concentration': 67.3, 'eligible_count': 9, 'bet_adj': 2, 'reason': 'rel_win1=50.2%（本命度） / 最有力組み合わせ確率: 0.062（推定実オッズ?21倍） / 2着集中度: 上位2艇 67.3%（補正+0.00） / 総合判定確率: 0.062 / → ヒモ分散。1号艇1着固定で広めのヒモ流し推奨（買い目+2点）', 'tenji_trigger': '展示確認: ヒモ分散レース。1号艇伸び確認後、広めのヒモ流しを採用。穴ヒモ（5・6号艇）を積極的に含める。'}",,,28.8,両建て推奨,13.69,34,4,,,,,,,,,,,
2025-06-18,丸亀,2,5,松田竜馬,A2,34.10,5,△,6.1462,8.7,77,32.8,0.162,3.4262,,,0,低,79,0,-,,0,38.8,0.8674,,,,,,0.0143,0.1286,0.2429,,,C,◎,,0.29,0.663,,0.3821,B,54,0,◎○△フォーメーション（15〜20点）,0.5777,"{'is_target': True, 'verdict': '参加推奨', 'max_combo_prob': 0.0624, 'est_top_odds': 21.4, 'circle_concentration': 67.3, 'eligible_count': 9, 'bet_adj': 2, 'reason': 'rel_win1=50.2%（本命度） / 最有力組み合わせ確率: 0.062（推定実オッズ?21倍） / 2着集中度: 上位2艇 67.3%（補正+0.00） / 総合判定確率: 0.062 / → ヒモ分散。1号艇1着固定で広めのヒモ流し推奨（買い目+2点）', 'tenji_trigger': '展示確認: ヒモ分散レース。1号艇伸び確認後、広めのヒモ流しを採用。穴ヒモ（5・6号艇）を積極的に含める。'}",,,28.8,両建て推奨,13.69,34,4,,,,,,,,,,,
2025-06-18,丸亀,2,6,石橋道友,A1,28.00,6,,4.6341,10.5,86,63.8,0.1487,3.3191,,,0,低,72,0,-,,0,26.7,0.7789,0,0,0.04,0,0,0.0516,0.0129,0.0129,,,E,△,,0.3051,0.64,,0.3821,B,54,0,◎○△フォーメーション（15〜20点）,0.5777,"{'is_target': True, 'verdict': '参加推奨', 'max_combo_prob': 0.0624, 'est_top_odds': 21.4, 'circle_concentration': 67.3, 'eligible_count': 9, 'bet_adj': 2, 'reason': 'rel_win1=50.2%（本命度） / 最有力組み合わせ確率: 0.062（推定実オッズ?21倍） / 2着集中度: 上位2艇 67.3%（補正+0.00） / 総合判定確率: 0.062 / → ヒモ分散。1号艇1着固定で広めのヒモ流し推奨（買い目+2点）', 'tenji_trigger': '展示確認: ヒモ分散レース。1号艇伸び確認後、広めのヒモ流しを採用。穴ヒモ（5・6号艇）を積極的に含める。'}",,,28.8,両建て推奨,13.69,34,4,,,,,,,,,,,
2025-06-18,丸亀,3,1,田添康介,B1,30.00,1,◎,56.8347,,0,84.4,0.1366,3.0312,,,0,低,78,0,逃0%,,0,85,1.0909,0.25,,,,,0.375,0.375,0,◎,,E,,,,0.5535,,0.5763,S,80,0,◎1着固定 2-3着流し（5〜8点）,0.5777,"{'is_target': True, 'verdict': '参加推奨', 'max_combo_prob': 0.0745, 'est_top_odds': 17.9, 'circle_concentration': 64.6, 'eligible_count': 6, 'bet_adj': 2, 'reason': 'rel_win1=56.8%（本命度） / 最有力組み合わせ確率: 0.075（推定実オッズ?18倍） / 2着集中度: 上位2艇 64.6%（補正+0.00） / 総合判定確率: 0.075 / → ヒモ分散。1号艇1着固定で広めのヒモ流し推奨（買い目+2点）', 'tenji_trigger': '展示確認: ヒモ分散レース。1号艇伸び確認後、広めのヒモ流しを採用。穴ヒモ（5・6号艇）を積極的に含める。\n展示で1号艇スタート超安定(0.137秒)→ヒモ固まり方向に注意'}",,,31,逃げ狙い,11.79,42,2,,,,,0,0,0.7559,0,,逃げ軸流し,A
2025-06-18,丸亀,3,2,西尾亮輔,B1,40.00,2,○,11.6285,39.2,99,45.5,0.1614,3.3864,,,0,低,145,0,-,,0,22.4,0.6783,,,,,,0.12,0.04,0.72,,,B,,,0.0795,0.545,,0.5763,S,80,0,◎1着固定 2-3着流し（5〜8点）,0.5777,"{'is_target': True, 'verdict': '参加推奨', 'max_combo_prob': 0.0745, 'est_top_odds': 17.9, 'circle_concentration': 64.6, 'eligible_count': 6, 'bet_adj': 2, 'reason': 'rel_win1=56.8%（本命度） / 最有力組み合わせ確率: 0.075（推定実オッズ?18倍） / 2着集中度: 上位2艇 64.6%（補正+0.00） / 総合判定確率: 0.075 / → ヒモ分散。1号艇1着固定で広めのヒモ流し推奨（買い目+2点）', 'tenji_trigger': '展示確認: ヒモ分散レース。1号艇伸び確認後、広めのヒモ流しを採用。穴ヒモ（5・6号艇）を積極的に含める。\n展示で1号艇スタート超安定(0.137秒)→ヒモ固まり方向に注意'}",,,31,逃げ狙い,11.79,42,2,,,,,,,,,,,
2025-06-18,丸亀,3,3,古川　健,B1,30.23,3,△,10.9337,25.4,58,33.3,0.1563,3.0833,,,0,低,95,0,ま0%,,0,28.1,0.7877,0,0,0.037,0,0,0.2889,0.0444,0.2667,,,D,◎,,0.1815,0.6335,,0.5763,S,80,0,◎1着固定 2-3着流し（5〜8点）,0.5777,"{'is_target': True, 'verdict': '参加推奨', 'max_combo_prob': 0.0745, 'est_top_odds': 17.9, 'circle_concentration': 64.6, 'eligible_count': 6, 'bet_adj': 2, 'reason': 'rel_win1=56.8%（本命度） / 最有力組み合わせ確率: 0.075（推定実オッズ?18倍） / 2着集中度: 上位2艇 64.6%（補正+0.00） / 総合判定確率: 0.075 / → ヒモ分散。1号艇1着固定で広めのヒモ流し推奨（買い目+2点）', 'tenji_trigger': '展示確認: ヒモ分散レース。1号艇伸び確認後、広めのヒモ流しを採用。穴ヒモ（5・6号艇）を積極的に含める。\n展示で1号艇スタート超安定(0.137秒)→ヒモ固まり方向に注意'}",,,31,逃げ狙い,11.79,42,2,,,,,,,,,,,
2025-06-18,丸亀,3,4,熊本英一,B1,39.44,4,,7.7162,14,70,29.3,0.1941,4.9397,,,0,低,213,0,差ま0%,,0,24.4,0.7372,0,0,0,0.0312,0,0.3056,0.0444,0.0667,,,C,△,,0.1069,0.585,,0.5763,S,80,0,◎1着固定 2-3着流し（5〜8点）,0.5777,"{'is_target': True, 'verdict': '参加推奨', 'max_combo_prob': 0.0745, 'est_top_odds': 17.9, 'circle_concentration': 64.6, 'eligible_count': 6, 'bet_adj': 2, 'reason': 'rel_win1=56.8%（本命度） / 最有力組み合わせ確率: 0.075（推定実オッズ?18倍） / 2着集中度: 上位2艇 64.6%（補正+0.00） / 総合判定確率: 0.075 / → ヒモ分散。1号艇1着固定で広めのヒモ流し推奨（買い目+2点）', 'tenji_trigger': '展示確認: ヒモ分散レース。1号艇伸び確認後、広めのヒモ流しを採用。穴ヒモ（5・6号艇）を積極的に含める。\n展示で1号艇スタート超安定(0.137秒)→ヒモ固まり方向に注意'}",,,31,逃げ狙い,11.79,42,2,,,,,,,,,,,
2025-06-18,丸亀,3,5,盛本真輔,A2,32.95,5,,9.672,16.7,71,36.8,0.1891,3.8603,,,0,低,190,0,-,,0,23.3,0.6529,0,0,0.0345,0,0,0.1487,0.0211,0.2237,,,D,△,◎,0.1183,0.596,0.1963,0.5763,S,80,0,◎1着固定 2-3着流し（5〜8点）,0.5777,"{'is_target': True, 'verdict': '参加推奨', 'max_combo_prob': 0.0745, 'est_top_odds': 17.9, 'circle_concentration': 64.6, 'eligible_count': 6, 'bet_adj': 2, 'reason': 'rel_win1=56.8%（本命度） / 最有力組み合わせ確率: 0.075（推定実オッズ?18倍） / 2着集中度: 上位2艇 64.6%（補正+0.00） / 総合判定確率: 0.075 / → ヒモ分散。1号艇1着固定で広めのヒモ流し推奨（買い目+2点）', 'tenji_trigger': '展示確認: ヒモ分散レース。1号艇伸び確認後、広めのヒモ流しを採用。穴ヒモ（5・6号艇）を積極的に含める。\n展示で1号艇スタート超安定(0.137秒)→ヒモ固まり方向に注意'}",,,31,逃げ狙い,11.79,42,2,,,,,,,,,,,
2025-06-18,丸亀,3,6,安東幸治,A1,47.70,6,▲,3.2149,4.7,100,41.2,0.1678,4.0368,,,0,低,182,0,-,,0,87.1,1.6222,,,,,,0.1161,0.2354,0.1263,,,A,○,,0.2143,0.633,,0.5763,S,80,0,◎1着固定 2-3着流し（5〜8点）,0.5777,"{'is_target': True, 'verdict': '参加推奨', 'max_combo_prob': 0.0745, 'est_top_odds': 17.9, 'circle_concentration': 64.6, 'eligible_count': 6, 'bet_adj': 2, 'reason': 'rel_win1=56.8%（本命度） / 最有力組み合わせ確率: 0.075（推定実オッズ?18倍） / 2着集中度: 上位2艇 64.6%（補正+0.00） / 総合判定確率: 0.075 / → ヒモ分散。1号艇1着固定で広めのヒモ流し推奨（買い目+2点）', 'tenji_trigger': '展示確認: ヒモ分散レース。1号艇伸び確認後、広めのヒモ流しを採用。穴ヒモ（5・6号艇）を積極的に含める。\n展示で1号艇スタート超安定(0.137秒)→ヒモ固まり方向に注意'}",,,31,逃げ狙い,11.79,42,2,,,,,,,,,,,
2025-06-18,丸亀,4,1,塚田修二,B1,29.35,1,,40.0406,,0,50,0.2025,4.775,,,0,低,121,0,逃0%,,0,30.8,0.6709,0.0526,,,,,0.0211,0.4084,0.3663,,,D,,,,0.5975,,0.0367,D,33,1,大荒れ。見送り推奨,0.5777,"{'is_target': False, 'verdict': '対象外', 'max_combo_prob': None, 'est_top_odds': None, 'circle_concentration': None, 'eligible_count': 0, 'bet_adj': 0, 'reason': '1号艇rel_win1 < 45%: 通常判定に委ねる', 'tenji_trigger': ''}",,,37.3,両建て推奨,18.95,39.6,3,2-1-5|2-1-3|2-1-6|2-5-1|2-3-1|2-5-3|2-3-5|1-2-5|1-2-6|1-3-5|1-3-6,2-1-5|2-1-3|2-1-6|2-5-1|2-3-1|2-5-3|2-3-5|1-2-5|1-2-6|5-1-6|1-3-5|1-3-6,2-1-5:2.22%|2-1-3:2.04%|2-1-6:1.71%|2-5-1:0.71%|2-3-1:0.63%|2-5-3:0.4%|2-3-5:0.38%|1-2-5:6.02%|1-2-6:5.89%|1-3-5:3.92%|1-3-6:3.83%,2-1-5:B_main|2-1-3:B_main|2-1-6:B_main|2-5-1:B_main|2-3-1:B_main|2-5-3:B_main|2-3-5:B_main|1-2-5:A|1-2-6:A|1-3-5:A|1-3-6:A,11,12,0.2915,1,[!]見送り推奨（主役決まり手「差し」― 逃げ劣勢レースで的中実績なし）,主役軸流し,B
2025-06-18,丸亀,4,2,西川拓利,B1,31.84,2,▲,16.6363,43.3,100,61.5,0.165,3.3269,,,0,低,82,0,差0% ま0%,,0,44.8,1.0486,0,0.1154,0.0769,0,0,0.0769,0.0769,0.2308,,◎,C,,,0.5781,0.5875,,0.0367,D,33,1,大荒れ。見送り推奨,0.5777,"{'is_target': False, 'verdict': '対象外', 'max_combo_prob': None, 'est_top_odds': None, 'circle_concentration': None, 'eligible_count': 0, 'bet_adj': 0, 'reason': '1号艇rel_win1 < 45%: 通常判定に委ねる', 'tenji_trigger': ''}",,,37.3,両建て推奨,18.95,39.6,3,,,,,,,,,,,
2025-06-18,丸亀,4,3,加瀬智宏,B1,32.39,3,◎,13.9545,19.6,55,38.1,0.1483,2.6667,,,0,低,63,0,差0%,,0,34.9,0.9206,0,0.0769,0,0,0,0.2727,0.1818,0.1818,,△,C,○,,0.5019,0.651,,0.0367,D,33,1,大荒れ。見送り推奨,0.5777,"{'is_target': False, 'verdict': '対象外', 'max_combo_prob': None, 'est_top_odds': None, 'circle_concentration': None, 'eligible_count': 0, 'bet_adj': 0, 'reason': '1号艇rel_win1 < 45%: 通常判定に委ねる', 'tenji_trigger': ''}",,,37.3,両建て推奨,18.95,39.6,3,,,,,,,,,,,
2025-06-18,丸亀,4,4,森　雄利,B2,51.18,4,○,6.3823,4.7,40,0,0.1768,3.6053,,,0,低,68,0,-,,0,21.4,0.5947,,,,,,0.25,0.25,0,,,A,△,,0.4739,0.61,,0.0367,D,33,1,大荒れ。見送り推奨,0.5777,"{'is_target': False, 'verdict': '対象外', 'max_combo_prob': None, 'est_top_odds': None, 'circle_concentration': None, 'eligible_count': 0, 'bet_adj': 0, 'reason': '1号艇rel_win1 < 45%: 通常判定に委ねる', 'tenji_trigger': ''}",,,37.3,両建て推奨,18.95,39.6,3,,,,,,,,,,,
2025-06-18,丸亀,4,5,山本隆幸,A2,30.22,5,,16.1729,22.1,93,66.7,0.1815,3.5208,,,0,低,130,0,差ま0%,,0,100,2.0836,0,0,0,0.05,0,0,0.0645,0.2258,,,D,△,◎,0.4106,0.631,0.2227,0.0367,D,33,1,大荒れ。見送り推奨,0.5777,"{'is_target': False, 'verdict': '対象外', 'max_combo_prob': None, 'est_top_odds': None, 'circle_concentration': None, 'eligible_count': 0, 'bet_adj': 0, 'reason': '1号艇rel_win1 < 45%: 通常判定に委ねる', 'tenji_trigger': ''}",,,37.3,両建て推奨,18.95,39.6,3,,,,,,,,,,,
2025-06-18,丸亀,4,6,渡辺浩司,A1,30.22,6,△,6.8134,10.4,80,60.4,0.1348,2.8958,,,0,低,46,0,差ま0%,,0,100,2.4075,0,0,0,0.1333,0,0.1467,0,0.0867,,○,D,◎,,0.5444,0.699,,0.0367,D,33,1,大荒れ。見送り推奨,0.5777,"{'is_target': False, 'verdict': '対象外', 'max_combo_prob': None, 'est_top_odds': None, 'circle_concentration': None, 'eligible_count': 0, 'bet_adj': 0, 'reason': '1号艇rel_win1 < 45%: 通常判定に委ねる', 'tenji_trigger': ''}",,,37.3,両建て推奨,18.95,39.6,3,,,,,,,,,,,
2025-06-18,丸亀,5,1,妻鳥晋也,B1,33.52,1,◎,45.0636,,0,71,0.1787,4.3947,,,0,低,151,0,逃0%,,0,47.5,0.8381,0.25,,,,,0.25,0.21,0.23,,,C,△,,,0.601,,0.1663,B,46,0,◎○△フォーメーション（15〜20点）,0.5777,"{'is_target': True, 'verdict': '参加推奨', 'max_combo_prob': 0.0448, 'est_top_odds': 29.8, 'circle_concentration': 56.4, 'eligible_count': 9, 'bet_adj': 2, 'reason': 'rel_win1=45.1%（本命度） / 最有力組み合わせ確率: 0.045（推定実オッズ?30倍） / 2着集中度: 上位2艇 56.4%（補正+0.00） / 総合判定確率: 0.045 / → ヒモ分散。1号艇1着固定で広めのヒモ流し推奨（買い目+2点）', 'tenji_trigger': '展示確認: ヒモ分散レース。1号艇伸び確認後、広めのヒモ流しを採用。穴ヒモ（5・6号艇）を積極的に含める。'}",,,32.2,両建て推奨,20.77,37.8,4,4-5-6|4-5-1|4-6-1|4-1-6|4-6-5|4-1-5|4-5-2|1-2-4|1-2-6|1-4-6|1-3-4,4-5-6|4-5-1|4-6-1|4-1-6|4-6-5|4-1-5|4-5-2|1-2-4|1-2-6|1-4-6|1-3-4|3-1-6,4-5-6:2.61%|4-5-1:1.56%|4-6-1:1.52%|4-1-6:1.34%|4-6-5:1.09%|4-1-5:0.58%|4-5-2:0.36%|1-2-4:4.88%|1-2-6:4.43%|1-4-6:4.4%|1-3-4:3.58%,4-5-6:B_main|4-5-1:B_main|4-6-1:B_main|4-1-6:B_main|4-6-5:B_main|4-1-5:B_main|4-5-2:B_main|1-2-4:A|1-2-6:A|1-4-6:A|1-3-4:A,11,12,0.2915,1,[!]見送り推奨（主役決まり手「まくり」― 逃げ劣勢レースで的中実績なし）,主役軸流し,B
2025-06-18,丸亀,5,2,門間雄大,B1,36.99,2,▲,10.7875,29.1,52,43.6,0.1725,3.6818,,,0,低,97,0,差0% ま0%,,0,38.2,0.7412,0,0.0476,0.0952,0,0,0.0211,0.2632,0.0842,,△,B,△,,0.415,0.629,,0.1663,B,46,0,◎○△フォーメーション（15〜20点）,0.5777,"{'is_target': True, 'verdict': '参加推奨', 'max_combo_prob': 0.0448, 'est_top_odds': 29.8, 'circle_concentration': 56.4, 'eligible_count': 9, 'bet_adj': 2, 'reason': 'rel_win1=45.1%（本命度） / 最有力組み合わせ確率: 0.045（推定実オッズ?30倍） / 2着集中度: 上位2艇 56.4%（補正+0.00） / 総合判定確率: 0.045 / → ヒモ分散。1号艇1着固定で広めのヒモ流し推奨（買い目+2点）', 'tenji_trigger': '展示確認: ヒモ分散レース。1号艇伸び確認後、広めのヒモ流しを採用。穴ヒモ（5・6号艇）を積極的に含める。'}",,,32.2,両建て推奨,20.77,37.8,4,,,,,,,,,,,
2025-06-18,丸亀,5,3,高山秀雄,B1,33.69,3,△,5.6527,22.1,100,45.8,0.189,4.0938,,,0,低,143,0,-,,0,21.8,0.7913,,,,,,0.195,0.22,0.05,,,B,,,0.2944,0.5915,,0.1663,B,46,0,◎○△フォーメーション（15〜20点）,0.5777,"{'is_target': True, 'verdict': '参加推奨', 'max_combo_prob': 0.0448, 'est_top_odds': 29.8, 'circle_concentration': 56.4, 'eligible_count': 9, 'bet_adj': 2, 'reason': 'rel_win1=45.1%（本命度） / 最有力組み合わせ確率: 0.045（推定実オッズ?30倍） / 2着集中度: 上位2艇 56.4%（補正+0.00） / 総合判定確率: 0.045 / → ヒモ分散。1号艇1着固定で広めのヒモ流し推奨（買い目+2点）', 'tenji_trigger': '展示確認: ヒモ分散レース。1号艇伸び確認後、広めのヒモ流しを採用。穴ヒモ（5・6号艇）を積極的に含める。'}",,,32.2,両建て推奨,20.77,37.8,4,,,,,,,,,,,
2025-06-18,丸亀,5,4,古賀繁輝,A1,26.22,4,○,27.573,27.2,72,82.9,0.1206,2.5143,,,0,低,54,0,ま0%,,0,60.5,1.2723,0,0.0625,0.1875,0.125,0,0,0.0308,0.0308,,◎,D,◎,◎,0.5369,0.664,0.5195,0.1663,B,46,0,◎○△フォーメーション（15〜20点）,0.5777,"{'is_target': True, 'verdict': '参加推奨', 'max_combo_prob': 0.0448, 'est_top_odds': 29.8, 'circle_concentration': 56.4, 'eligible_count': 9, 'bet_adj': 2, 'reason': 'rel_win1=45.1%（本命度） / 最有力組み合わせ確率: 0.045（推定実オッズ?30倍） / 2着集中度: 上位2艇 56.4%（補正+0.00） / 総合判定確率: 0.045 / → ヒモ分散。1号艇1着固定で広めのヒモ流し推奨（買い目+2点）', 'tenji_trigger': '展示確認: ヒモ分散レース。1号艇伸び確認後、広めのヒモ流しを採用。穴ヒモ（5・6号艇）を積極的に含める。'}",,,32.2,両建て推奨,20.77,37.8,4,,,,,,,,,,,
2025-06-18,丸亀,5,5,香月大輝,B2,28.11,5,,4.8288,7.1,50,26.1,0.1602,3.087,,,0,低,75,0,-,,0,24.8,0.8593,0,0,0,0,0.0357,,,,,,D,,,0.3978,0.4735,,0.1663,B,46,0,◎○△フォーメーション（15〜20点）,0.5777,"{'is_target': True, 'verdict': '参加推奨', 'max_combo_prob': 0.0448, 'est_top_odds': 29.8, 'circle_concentration': 56.4, 'eligible_count': 9, 'bet_adj': 2, 'reason': 'rel_win1=45.1%（本命度） / 最有力組み合わせ確率: 0.045（推定実オッズ?30倍） / 2着集中度: 上位2艇 56.4%（補正+0.00） / 総合判定確率: 0.045 / → ヒモ分散。1号艇1着固定で広めのヒモ流し推奨（買い目+2点）', 'tenji_trigger': '展示確認: ヒモ分散レース。1号艇伸び確認後、広めのヒモ流しを採用。穴ヒモ（5・6号艇）を積極的に含める。'}",,,32.2,両建て推奨,20.77,37.8,4,,,,,,,,,,,
2025-06-18,丸亀,5,6,濱崎直矢,A1,24.70,6,,6.0944,14.4,72,53,0.147,2.9394,,,0,低,95,0,ま0% 差ま0%,,0,99.4,2.1194,0,0,0.0435,0.0435,0,0.0148,0.1444,0.1148,,○,E,○,○,0.4189,0.632,0.2558,0.1663,B,46,0,◎○△フォーメーション（15〜20点）,0.5777,"{'is_target': True, 'verdict': '参加推奨', 'max_combo_prob': 0.0448, 'est_top_odds': 29.8, 'circle_concentration': 56.4, 'eligible_count': 9, 'bet_adj': 2, 'reason': 'rel_win1=45.1%（本命度） / 最有力組み合わせ確率: 0.045（推定実オッズ?30倍） / 2着集中度: 上位2艇 56.4%（補正+0.00） / 総合判定確率: 0.045 / → ヒモ分散。1号艇1着固定で広めのヒモ流し推奨（買い目+2点）', 'tenji_trigger': '展示確認: ヒモ分散レース。1号艇伸び確認後、広めのヒモ流しを採用。穴ヒモ（5・6号艇）を積極的に含める。'}",,,32.2,両建て推奨,20.77,37.8,4,,,,,,,,,,,
2025-06-18,丸亀,6,1,眞田英二,A2,28.48,1,◎,46.8016,,0,85.7,0.1698,3.9898,,,0,低,137,0,-,,0,95.8,1.3535,0.4444,,,,,0.0667,0.2889,0.0667,△,,C,○,,,0.6555,,0.2786,A,65,0,◎-○軸 3着3〜4艇流し（10〜15点）,0.5777,"{'is_target': True, 'verdict': '参加推奨', 'max_combo_prob': 0.0514, 'est_top_odds': 25.9, 'circle_concentration': 66.1, 'eligible_count': 8, 'bet_adj': 2, 'reason': 'rel_win1=46.8%（本命度） / 最有力組み合わせ確率: 0.051（推定実オッズ?26倍） / 2着集中度: 上位2艇 66.1%（補正+0.00） / 総合判定確率: 0.051 / → ヒモ分散。1号艇1着固定で広めのヒモ流し推奨（買い目+2点）', 'tenji_trigger': '展示確認: ヒモ分散レース。1号艇伸び確認後、広めのヒモ流しを採用。穴ヒモ（5・6号艇）を積極的に含める。'}",,,31,逃げ狙い,23.53,31.9,3,3-5-4|3-4-5|1-3-4|1-2-4|3-1-4|1-2-3|1-3-5,2-1-4|6-1-2|3-5-4|3-4-5|6-1-4|6-2-1|2-1-5|1-3-4|1-2-4|3-1-4|1-2-3|1-3-5,3-5-4:2.4%|3-4-5:2.11%|1-3-4:7.45%|1-2-4:6.29%|3-1-4:5.94%|1-2-3:5.93%|1-3-5:5.27%,3-5-4:B_main|3-4-5:B_main|1-3-4:A|1-2-4:A|3-1-4:B_sc|1-2-3:A|1-3-5:A,7,12,0.4535,1,[!]見送り推奨（主役決まり手「まくり」― 逃げ劣勢レースで的中実績なし）,荒れ広め,D
2025-06-18,丸亀,6,2,安田吉宏,B1,26.62,2,,7.0818,31.9,100,51,0.1733,3.7843,,,0,低,115,0,差0%,,0,34.9,0.8441,0,0.0476,0,0,0,0.2,0.3524,0.2476,,,D,,,0.2843,0.551,,0.2786,A,65,0,◎-○軸 3着3〜4艇流し（10〜15点）,0.5777,"{'is_target': True, 'verdict': '参加推奨', 'max_combo_prob': 0.0514, 'est_top_odds': 25.9, 'circle_concentration': 66.1, 'eligible_count': 8, 'bet_adj': 2, 'reason': 'rel_win1=46.8%（本命度） / 最有力組み合わせ確率: 0.051（推定実オッズ?26倍） / 2着集中度: 上位2艇 66.1%（補正+0.00） / 総合判定確率: 0.051 / → ヒモ分散。1号艇1着固定で広めのヒモ流し推奨（買い目+2点）', 'tenji_trigger': '展示確認: ヒモ分散レース。1号艇伸び確認後、広めのヒモ流しを採用。穴ヒモ（5・6号艇）を積極的に含める。'}",,,31,逃げ狙い,23.53,31.9,3,,,,,,,,,,,
2025-06-18,丸亀,6,3,秋元　哲,A1,25.52,3,○,26.4721,34.3,82,85.3,0.1429,2.4265,,,0,低,70,0,ま0% 差ま0%,,0,92,1.9212,0,0,0.1875,0.1875,0,0.1133,0.0276,0.1271,,◎,E,◎,,0.505,0.6735,,0.2786,A,65,0,◎-○軸 3着3〜4艇流し（10〜15点）,0.5777,"{'is_target': True, 'verdict': '参加推奨', 'max_combo_prob': 0.0514, 'est_top_odds': 25.9, 'circle_concentration': 66.1, 'eligible_count': 8, 'bet_adj': 2, 'reason': 'rel_win1=46.8%（本命度） / 最有力組み合わせ確率: 0.051（推定実オッズ?26倍） / 2着集中度: 上位2艇 66.1%（補正+0.00） / 総合判定確率: 0.051 / → ヒモ分散。1号艇1着固定で広めのヒモ流し推奨（買い目+2点）', 'tenji_trigger': '展示確認: ヒモ分散レース。1号艇伸び確認後、広めのヒモ流しを採用。穴ヒモ（5・6号艇）を積極的に含める。'}",,,31,逃げ狙い,23.53,31.9,3,,,,,,,,,,,
2025-06-18,丸亀,6,4,竹田和哉,A1,25.73,4,△,12.9215,24,80,66.7,0.1619,3.3958,,,0,低,106,0,-,,0,51.8,1.0498,0,0.1364,0.0909,0,0,0.116,0.116,0,,,D,△,◎,0.3779,0.6415,0.5015,0.2786,A,65,0,◎-○軸 3着3〜4艇流し（10〜15点）,0.5777,"{'is_target': True, 'verdict': '参加推奨', 'max_combo_prob': 0.0514, 'est_top_odds': 25.9, 'circle_concentration': 66.1, 'eligible_count': 8, 'bet_adj': 2, 'reason': 'rel_win1=46.8%（本命度） / 最有力組み合わせ確率: 0.051（推定実オッズ?26倍） / 2着集中度: 上位2艇 66.1%（補正+0.00） / 総合判定確率: 0.051 / → ヒモ分散。1号艇1着固定で広めのヒモ流し推奨（買い目+2点）', 'tenji_trigger': '展示確認: ヒモ分散レース。1号艇伸び確認後、広めのヒモ流しを採用。穴ヒモ（5・6号艇）を積極的に含める。'}",,,31,逃げ狙い,23.53,31.9,3,,,,,,,,,,,
2025-06-18,丸亀,6,5,田中宏樹,B1,40.85,5,▲,5.5964,9.6,93,44.4,0.1722,3.8981,,,0,低,128,0,-,,0,27.3,0.5883,,,,,,0.2,0.02,0.18,,,A,△,,0.346,0.6195,,0.2786,A,65,0,◎-○軸 3着3〜4艇流し（10〜15点）,0.5777,"{'is_target': True, 'verdict': '参加推奨', 'max_combo_prob': 0.0514, 'est_top_odds': 25.9, 'circle_concentration': 66.1, 'eligible_count': 8, 'bet_adj': 2, 'reason': 'rel_win1=46.8%（本命度） / 最有力組み合わせ確率: 0.051（推定実オッズ?26倍） / 2着集中度: 上位2艇 66.1%（補正+0.00） / 総合判定確率: 0.051 / → ヒモ分散。1号艇1着固定で広めのヒモ流し推奨（買い目+2点）', 'tenji_trigger': '展示確認: ヒモ分散レース。1号艇伸び確認後、広めのヒモ流しを採用。穴ヒモ（5・6号艇）を積極的に含める。'}",,,31,逃げ狙い,23.53,31.9,3,,,,,,,,,,,
2025-06-18,丸亀,6,6,森林　太,B1,34.32,6,,1.1267,0.3,39,7.5,0.2642,5.4623,,,0,低,204,0,-,,0,26.6,1.0167,,,,,,0.0667,0.3556,0.1222,,,B,,,0.1783,0.555,,0.2786,A,65,0,◎-○軸 3着3〜4艇流し（10〜15点）,0.5777,"{'is_target': True, 'verdict': '参加推奨', 'max_combo_prob': 0.0514, 'est_top_odds': 25.9, 'circle_concentration': 66.1, 'eligible_count': 8, 'bet_adj': 2, 'reason': 'rel_win1=46.8%（本命度） / 最有力組み合わせ確率: 0.051（推定実オッズ?26倍） / 2着集中度: 上位2艇 66.1%（補正+0.00） / 総合判定確率: 0.051 / → ヒモ分散。1号艇1着固定で広めのヒモ流し推奨（買い目+2点）', 'tenji_trigger': '展示確認: ヒモ分散レース。1号艇伸び確認後、広めのヒモ流しを採用。穴ヒモ（5・6号艇）を積極的に含める。'}",,,31,逃げ狙い,23.53,31.9,3,,,,,,,,,,,
2025-06-18,丸亀,7,1,伊藤啓三,A2,26.62,1,◎,57.2564,,0,96,0.1196,2.1959,,,0,低,78,0,逃0%,,0,91.3,1.2122,0.3182,,,,,0.2727,0.3455,0.0364,◎,,E,△,,,0.6695,,0.5524,S,82,0,◎1着固定 2-3着流し（5〜8点）,0.5777,"{'is_target': True, 'verdict': '点数絞り', 'max_combo_prob': 0.0989, 'est_top_odds': 13.5, 'circle_concentration': 84.8, 'eligible_count': 6, 'bet_adj': 0, 'reason': 'rel_win1=57.3%（本命度） / 最有力組み合わせ確率: 0.099（推定実オッズ?14倍） / 2着集中度: 上位2艇 84.8%（補正+0.04） / 総合判定確率: 0.139 / → ヒモはやや固め。上位2艇以外を切ること', 'tenji_trigger': '展示確認: 1号艇伸び良→そのまま採用。悪→飛び組に差し替え。circle_pct上位2艇に絞り込むこと。\n展示で1号艇スタート超安定(0.120秒)→ヒモ固まり方向に注意'}",,,29.2,逃げ狙い,11.41,37.3,3,,,,,0,0,0.7559,0,,逃げ軸流し,A
2025-06-18,丸亀,7,2,藤井太雅,B1,32.42,2,△,11.2211,32.4,84,32.4,0.1862,3.5405,,,0,低,119,0,差0% ま0%,,0,81.7,0.5853,0,0.0667,0.0667,0,0,0.0833,0.4167,0.1667,,,C,,,0.1059,0.45,,0.5524,S,82,0,◎1着固定 2-3着流し（5〜8点）,0.5777,"{'is_target': True, 'verdict': '点数絞り', 'max_combo_prob': 0.0989, 'est_top_odds': 13.5, 'circle_concentration': 84.8, 'eligible_count': 6, 'bet_adj': 0, 'reason': 'rel_win1=57.3%（本命度） / 最有力組み合わせ確率: 0.099（推定実オッズ?14倍） / 2着集中度: 上位2艇 84.8%（補正+0.04） / 総合判定確率: 0.139 / → ヒモはやや固め。上位2艇以外を切ること', 'tenji_trigger': '展示確認: 1号艇伸び良→そのまま採用。悪→飛び組に差し替え。circle_pct上位2艇に絞り込むこと。\n展示で1号艇スタート超安定(0.120秒)→ヒモ固まり方向に注意'}",,,29.2,逃げ狙い,11.41,37.3,3,,,,,,,,,,,
2025-06-18,丸亀,7,3,石丸海渡,A1,26.74,3,▲,13.3977,52.3,90,63.2,0.1024,2,,,0,低,26,0,ま0% 差ま0%,,0,51.6,1.1163,0,0.0455,0.0455,0.0909,0.0455,0.0792,0.0125,0,,◎,D,◎,,0.4324,0.687,,0.5524,S,82,0,◎1着固定 2-3着流し（5〜8点）,0.5777,"{'is_target': True, 'verdict': '点数絞り', 'max_combo_prob': 0.0989, 'est_top_odds': 13.5, 'circle_concentration': 84.8, 'eligible_count': 6, 'bet_adj': 0, 'reason': 'rel_win1=57.3%（本命度） / 最有力組み合わせ確率: 0.099（推定実オッズ?14倍） / 2着集中度: 上位2艇 84.8%（補正+0.04） / 総合判定確率: 0.139 / → ヒモはやや固め。上位2艇以外を切ること', 'tenji_trigger': '展示確認: 1号艇伸び良→そのまま採用。悪→飛び組に差し替え。circle_pct上位2艇に絞り込むこと。\n展示で1号艇スタート超安定(0.120秒)→ヒモ固まり方向に注意'}",,,29.2,逃げ狙い,11.41,37.3,3,,,,,,,,,,,
2025-06-18,丸亀,7,4,武田信一,B2,46.34,4,○,8.9017,5.5,100,39.2,0.1494,3.2059,,,0,低,108,0,ま0%,,0,46.7,0.9217,0,0,0.0357,0,0,0.2291,0.0364,0.2291,,,A,,,0.219,0.5565,,0.5524,S,82,0,◎1着固定 2-3着流し（5〜8点）,0.5777,"{'is_target': True, 'verdict': '点数絞り', 'max_combo_prob': 0.0989, 'est_top_odds': 13.5, 'circle_concentration': 84.8, 'eligible_count': 6, 'bet_adj': 0, 'reason': 'rel_win1=57.3%（本命度） / 最有力組み合わせ確率: 0.099（推定実オッズ?14倍） / 2着集中度: 上位2艇 84.8%（補正+0.04） / 総合判定確率: 0.139 / → ヒモはやや固め。上位2艇以外を切ること', 'tenji_trigger': '展示確認: 1号艇伸び良→そのまま採用。悪→飛び組に差し替え。circle_pct上位2艇に絞り込むこと。\n展示で1号艇スタート超安定(0.120秒)→ヒモ固まり方向に注意'}",,,29.2,逃げ狙い,11.41,37.3,3,,,,,,,,,,,
2025-06-18,丸亀,7,5,熊本英一,B1,39.44,5,,4.3173,4.9,20,10.7,0.2121,4.8482,,,0,低,213,0,差ま0%,,0,26,0.6971,0,0,0,0.0417,0,0.3056,0.0444,0.0667,,,B,△,,0.1608,0.585,,0.5524,S,82,0,◎1着固定 2-3着流し（5〜8点）,0.5777,"{'is_target': True, 'verdict': '点数絞り', 'max_combo_prob': 0.0989, 'est_top_odds': 13.5, 'circle_concentration': 84.8, 'eligible_count': 6, 'bet_adj': 0, 'reason': 'rel_win1=57.3%（本命度） / 最有力組み合わせ確率: 0.099（推定実オッズ?14倍） / 2着集中度: 上位2艇 84.8%（補正+0.04） / 総合判定確率: 0.139 / → ヒモはやや固め。上位2艇以外を切ること', 'tenji_trigger': '展示確認: 1号艇伸び良→そのまま採用。悪→飛び組に差し替え。circle_pct上位2艇に絞り込むこと。\n展示で1号艇スタート超安定(0.120秒)→ヒモ固まり方向に注意'}",,,29.2,逃げ狙い,11.41,37.3,3,,,,,,,,,,,
2025-06-18,丸亀,7,6,坪口竜也,A1,32.39,6,,4.9058,4.8,99,36.2,0.163,4.2979,,,0,低,84,0,-,,0,26,1.6117,0,0,0,0,0.0556,0,0.0667,0.0333,,,D,○,,0.2274,0.6815,,0.5524,S,82,0,◎1着固定 2-3着流し（5〜8点）,0.5777,"{'is_target': True, 'verdict': '点数絞り', 'max_combo_prob': 0.0989, 'est_top_odds': 13.5, 'circle_concentration': 84.8, 'eligible_count': 6, 'bet_adj': 0, 'reason': 'rel_win1=57.3%（本命度） / 最有力組み合わせ確率: 0.099（推定実オッズ?14倍） / 2着集中度: 上位2艇 84.8%（補正+0.04） / 総合判定確率: 0.139 / → ヒモはやや固め。上位2艇以外を切ること', 'tenji_trigger': '展示確認: 1号艇伸び良→そのまま採用。悪→飛び組に差し替え。circle_pct上位2艇に絞り込むこと。\n展示で1号艇スタート超安定(0.120秒)→ヒモ固まり方向に注意'}",,,29.2,逃げ狙い,11.41,37.3,3,,,,,,,,,,,
2025-06-18,丸亀,8,1,安河内将,A1,30.99,1,◎,69.9862,,0,91.5,0.1601,3.4939,,,0,低,99,0,逃1%,,0,83.2,1.0291,0.7941,,,,,0.0781,0.0781,0.0781,◎,,D,○,,,0.6335,,0.4553,S,82,0,◎1着固定 2-3着流し（5〜8点）,0.5777,"{'is_target': True, 'verdict': '点数絞り', 'max_combo_prob': 0.1304, 'est_top_odds': 10.2, 'circle_concentration': 75.0, 'eligible_count': 6, 'bet_adj': 0, 'reason': 'rel_win1=70.0%（本命度） / 最有力組み合わせ確率: 0.130（推定実オッズ?10倍） / 2着集中度: 上位2艇 75.0%（補正+0.04） / 総合判定確率: 0.170 / → ヒモはやや固め。上位2艇以外を切ること', 'tenji_trigger': '展示確認: 1号艇伸び良→そのまま採用。悪→飛び組に差し替え。circle_pct上位2艇に絞り込むこと。'}",,,26,逃げ狙い,11.82,27.6,2,,,,,0,0,0.7559,0,,逃げ軸流し,A
2025-06-18,丸亀,8,2,松田竜馬,A2,34.10,2,○,12.8413,51.5,100,66.1,0.1357,3.0154,,,0,低,79,0,-,,0,73.3,1.2586,0,0.0741,0.037,0,0,0.0143,0.1286,0.2429,,◎,C,◎,,0.5585,0.663,,0.4553,S,82,0,◎1着固定 2-3着流し（5〜8点）,0.5777,"{'is_target': True, 'verdict': '点数絞り', 'max_combo_prob': 0.1304, 'est_top_odds': 10.2, 'circle_concentration': 75.0, 'eligible_count': 6, 'bet_adj': 0, 'reason': 'rel_win1=70.0%（本命度） / 最有力組み合わせ確率: 0.130（推定実オッズ?10倍） / 2着集中度: 上位2艇 75.0%（補正+0.04） / 総合判定確率: 0.170 / → ヒモはやや固め。上位2艇以外を切ること', 'tenji_trigger': '展示確認: 1号艇伸び良→そのまま採用。悪→飛び組に差し替え。circle_pct上位2艇に絞り込むこと。'}",,,26,逃げ狙い,11.82,27.6,2,,,,,,,,,,,
2025-06-18,丸亀,8,3,岸本雄貴,B1,43.60,3,▲,7.4572,23.4,59,44.8,0.1538,3.3707,,,0,低,136,0,ま0%,,0,31.5,0.8229,0,0,0.0435,0,0,0.0842,0.1621,0.0421,,,B,,,0.3154,0.5525,,0.4553,S,82,0,◎1着固定 2-3着流し（5〜8点）,0.5777,"{'is_target': True, 'verdict': '点数絞り', 'max_combo_prob': 0.1304, 'est_top_odds': 10.2, 'circle_concentration': 75.0, 'eligible_count': 6, 'bet_adj': 0, 'reason': 'rel_win1=70.0%（本命度） / 最有力組み合わせ確率: 0.130（推定実オッズ?10倍） / 2着集中度: 上位2艇 75.0%（補正+0.04） / 総合判定確率: 0.170 / → ヒモはやや固め。上位2艇以外を切ること', 'tenji_trigger': '展示確認: 1号艇伸び良→そのまま採用。悪→飛び組に差し替え。circle_pct上位2艇に絞り込むこと。'}",,,26,逃げ狙い,11.82,27.6,2,,,,,,,,,,,
2025-06-18,丸亀,8,4,金児隆太,A2,27.12,4,,4.0465,12.9,79,36.7,0.1812,3.5612,,,0,低,153,0,ま0%,,0,29.2,0.7379,0,0,0.0435,0,0,0.048,0.444,0.032,,,E,△,,0.2054,0.6175,,0.4553,S,82,0,◎1着固定 2-3着流し（5〜8点）,0.5777,"{'is_target': True, 'verdict': '点数絞り', 'max_combo_prob': 0.1304, 'est_top_odds': 10.2, 'circle_concentration': 75.0, 'eligible_count': 6, 'bet_adj': 0, 'reason': 'rel_win1=70.0%（本命度） / 最有力組み合わせ確率: 0.130（推定実オッズ?10倍） / 2着集中度: 上位2艇 75.0%（補正+0.04） / 総合判定確率: 0.170 / → ヒモはやや固め。上位2艇以外を切ること', 'tenji_trigger': '展示確認: 1号艇伸び良→そのまま採用。悪→飛び組に差し替え。circle_pct上位2艇に絞り込むこと。'}",,,26,逃げ狙い,11.82,27.6,2,,,,,,,,,,,
2025-06-18,丸亀,8,5,古川　健,B1,30.23,5,,4.5677,11.7,86,39.6,0.1492,3.0094,,,0,低,95,0,-,,0,43,0.8471,0,0,0.0952,0,0,0.2889,0.0444,0.2667,,,D,○,,0.3394,0.6335,,0.4553,S,82,0,◎1着固定 2-3着流し（5〜8点）,0.5777,"{'is_target': True, 'verdict': '点数絞り', 'max_combo_prob': 0.1304, 'est_top_odds': 10.2, 'circle_concentration': 75.0, 'eligible_count': 6, 'bet_adj': 0, 'reason': 'rel_win1=70.0%（本命度） / 最有力組み合わせ確率: 0.130（推定実オッズ?10倍） / 2着集中度: 上位2艇 75.0%（補正+0.04） / 総合判定確率: 0.170 / → ヒモはやや固め。上位2艇以外を切ること', 'tenji_trigger': '展示確認: 1号艇伸び良→そのまま採用。悪→飛び組に差し替え。circle_pct上位2艇に絞り込むこと。'}",,,26,逃げ狙い,11.82,27.6,2,,,,,,,,,,,
2025-06-18,丸亀,8,6,森　雄利,B2,51.18,6,△,1.1012,0.4,14,1.8,0.1558,3.5973,,,0,低,68,0,-,,0,23.6,0.6172,,,,,,0.25,0.25,0,,,A,△,,0.3247,0.61,,0.4553,S,82,0,◎1着固定 2-3着流し（5〜8点）,0.5777,"{'is_target': True, 'verdict': '点数絞り', 'max_combo_prob': 0.1304, 'est_top_odds': 10.2, 'circle_concentration': 75.0, 'eligible_count': 6, 'bet_adj': 0, 'reason': 'rel_win1=70.0%（本命度） / 最有力組み合わせ確率: 0.130（推定実オッズ?10倍） / 2着集中度: 上位2艇 75.0%（補正+0.04） / 総合判定確率: 0.170 / → ヒモはやや固め。上位2艇以外を切ること', 'tenji_trigger': '展示確認: 1号艇伸び良→そのまま採用。悪→飛び組に差し替え。circle_pct上位2艇に絞り込むこと。'}",,,26,逃げ狙い,11.82,27.6,2,,,,,,,,,,,
2025-06-18,丸亀,9,1,安東幸治,A1,47.70,1,◎,57.7211,,0,87.8,0.158,3.5444,,,0,低,182,0,逃0%,,0,71.6,0.9566,0.4359,,,,,0.1161,0.2354,0.1263,○,,A,△,,,0.633,,0.3552,A,75,0,◎-○軸 3着3〜4艇流し（10〜15点）,0.5777,"{'is_target': True, 'verdict': '点数絞り', 'max_combo_prob': 0.1508, 'est_top_odds': 8.8, 'circle_concentration': 71.9, 'eligible_count': 8, 'bet_adj': 0, 'reason': 'rel_win1=57.7%（本命度） / 最有力組み合わせ確率: 0.151（推定実オッズ?9倍） / 2着集中度: 上位2艇 71.9%（補正+0.04） / 総合判定確率: 0.191 / → ヒモはやや固め。上位2艇以外を切ること', 'tenji_trigger': '展示確認: 1号艇伸び良→そのまま採用。悪→飛び組に差し替え。circle_pct上位2艇に絞り込むこと。'}",,,29.7,逃げ狙い,17.82,33,2,,,,,0,0,0.6155,0,,主役軸流し,B
2025-06-18,丸亀,9,2,四宮与寛,A2,29.63,2,▲,18.9166,53.3,100,82.8,0.1397,2.8707,,,0,低,60,0,差0%,,0,47.1,0.8076,0,0.2273,0.0455,0,0,0.1116,0.1374,0.0258,,◎,E,◎,,0.5503,0.6545,,0.3552,A,75,0,◎-○軸 3着3〜4艇流し（10〜15点）,0.5777,"{'is_target': True, 'verdict': '点数絞り', 'max_combo_prob': 0.1508, 'est_top_odds': 8.8, 'circle_concentration': 71.9, 'eligible_count': 8, 'bet_adj': 0, 'reason': 'rel_win1=57.7%（本命度） / 最有力組み合わせ確率: 0.151（推定実オッズ?9倍） / 2着集中度: 上位2艇 71.9%（補正+0.04） / 総合判定確率: 0.191 / → ヒモはやや固め。上位2艇以外を切ること', 'tenji_trigger': '展示確認: 1号艇伸び良→そのまま採用。悪→飛び組に差し替え。circle_pct上位2艇に絞り込むこと。'}",,,29.7,逃げ狙い,17.82,33,2,,,,,,,,,,,
2025-06-18,丸亀,9,3,門間雄大,B1,36.99,3,△,8.764,10.7,99,51.6,0.1484,3.0391,,,0,低,97,0,-,,0,17.2,0.5031,0,0,0.0833,0.125,0,0.0211,0.2632,0.0842,,○,C,△,,0.3812,0.629,,0.3552,A,75,0,◎-○軸 3着3〜4艇流し（10〜15点）,0.5777,"{'is_target': True, 'verdict': '点数絞り', 'max_combo_prob': 0.1508, 'est_top_odds': 8.8, 'circle_concentration': 71.9, 'eligible_count': 8, 'bet_adj': 0, 'reason': 'rel_win1=57.7%（本命度） / 最有力組み合わせ確率: 0.151（推定実オッズ?9倍） / 2着集中度: 上位2艇 71.9%（補正+0.04） / 総合判定確率: 0.191 / → ヒモはやや固め。上位2艇以外を切ること', 'tenji_trigger': '展示確認: 1号艇伸び良→そのまま採用。悪→飛び組に差し替え。circle_pct上位2艇に絞り込むこと。'}",,,29.7,逃げ狙い,17.82,33,2,,,,,,,,,,,
2025-06-18,丸亀,9,4,半田尚也,B1,37.43,4,,5.5097,18.6,34,28.6,0.1596,3.7143,,,0,低,141,0,-,,0,86.9,1.5004,0,0,0.0435,0.0435,0,0.18,0.54,0.16,,,C,,,0.3158,0.5765,,0.3552,A,75,0,◎-○軸 3着3〜4艇流し（10〜15点）,0.5777,"{'is_target': True, 'verdict': '点数絞り', 'max_combo_prob': 0.1508, 'est_top_odds': 8.8, 'circle_concentration': 71.9, 'eligible_count': 8, 'bet_adj': 0, 'reason': 'rel_win1=57.7%（本命度） / 最有力組み合わせ確率: 0.151（推定実オッズ?9倍） / 2着集中度: 上位2艇 71.9%（補正+0.04） / 総合判定確率: 0.191 / → ヒモはやや固め。上位2艇以外を切ること', 'tenji_trigger': '展示確認: 1号艇伸び良→そのまま採用。悪→飛び組に差し替え。circle_pct上位2艇に絞り込むこと。'}",,,29.7,逃げ狙い,17.82,33,2,,,,,,,,,,,
2025-06-18,丸亀,9,5,杉山勝匡,B1,41.57,5,○,8.0866,13.8,37,36.5,0.154,2.8333,,,0,低,107,0,-,,0,75.2,1.3093,0,0,0.08,0.04,0,0.1889,0.1444,0.1593,,,B,,◎,0.3467,0.6195,0.2815,0.3552,A,75,0,◎-○軸 3着3〜4艇流し（10〜15点）,0.5777,"{'is_target': True, 'verdict': '点数絞り', 'max_combo_prob': 0.1508, 'est_top_odds': 8.8, 'circle_concentration': 71.9, 'eligible_count': 8, 'bet_adj': 0, 'reason': 'rel_win1=57.7%（本命度） / 最有力組み合わせ確率: 0.151（推定実オッズ?9倍） / 2着集中度: 上位2艇 71.9%（補正+0.04） / 総合判定確率: 0.191 / → ヒモはやや固め。上位2艇以外を切ること', 'tenji_trigger': '展示確認: 1号艇伸び良→そのまま採用。悪→飛び組に差し替え。circle_pct上位2艇に絞り込むこと。'}",,,29.7,逃げ狙い,17.82,33,2,,,,,,,,,,,
2025-06-18,丸亀,9,6,加瀬智宏,B1,32.39,6,,1.002,3.6,32,21.2,0.1715,3.8939,,,0,低,63,0,-,,0,39.3,0.9233,,,,,,0.2727,0.1818,0.1818,,,D,○,,0.3041,0.651,,0.3552,A,75,0,◎-○軸 3着3〜4艇流し（10〜15点）,0.5777,"{'is_target': True, 'verdict': '点数絞り', 'max_combo_prob': 0.1508, 'est_top_odds': 8.8, 'circle_concentration': 71.9, 'eligible_count': 8, 'bet_adj': 0, 'reason': 'rel_win1=57.7%（本命度） / 最有力組み合わせ確率: 0.151（推定実オッズ?9倍） / 2着集中度: 上位2艇 71.9%（補正+0.04） / 総合判定確率: 0.191 / → ヒモはやや固め。上位2艇以外を切ること', 'tenji_trigger': '展示確認: 1号艇伸び良→そのまま採用。悪→飛び組に差し替え。circle_pct上位2艇に絞り込むこと。'}",,,29.7,逃げ狙い,17.82,33,2,,,,,,,,,,,
2025-06-18,丸亀,10,1,古賀繁輝,A1,26.22,1,◎,65.5642,,0,94.8,0.1486,2.5776,,,0,低,54,0,逃0% 抜0%,,0,86.1,1.2522,0.7308,,,,,0,0.0308,0.0308,◎,,E,◎,,,0.664,,0.6416,S,100,0,◎1着固定 2-3着流し（5〜8点）,0.5777,"{'is_target': True, 'verdict': '点数絞り', 'max_combo_prob': 0.1384, 'est_top_odds': 9.6, 'circle_concentration': 87.7, 'eligible_count': 6, 'bet_adj': 0, 'reason': 'rel_win1=65.6%（本命度） / 最有力組み合わせ確率: 0.138（推定実オッズ?10倍） / 2着集中度: 上位2艇 87.7%（補正+0.04） / 総合判定確率: 0.178 / → ヒモはやや固め。上位2艇以外を切ること', 'tenji_trigger': '展示確認: 1号艇伸び良→そのまま採用。悪→飛び組に差し替え。circle_pct上位2艇に絞り込むこと。'}",,,25.8,逃げ狙い,17.81,21.9,2,,,,,0,0,0.7559,0,,逃げ軸流し,A
2025-06-18,丸亀,10,2,山本隆幸,A2,30.22,2,△,12.2099,59.1,78,67.8,0.1731,3.7119,,,0,低,130,0,-,,0,95.2,1.9169,0,0,0.0909,0,0.0455,0,0.0645,0.2258,,,C,△,,0.0675,0.631,,0.6416,S,100,0,◎1着固定 2-3着流し（5〜8点）,0.5777,"{'is_target': True, 'verdict': '点数絞り', 'max_combo_prob': 0.1384, 'est_top_odds': 9.6, 'circle_concentration': 87.7, 'eligible_count': 6, 'bet_adj': 0, 'reason': 'rel_win1=65.6%（本命度） / 最有力組み合わせ確率: 0.138（推定実オッズ?10倍） / 2着集中度: 上位2艇 87.7%（補正+0.04） / 総合判定確率: 0.178 / → ヒモはやや固め。上位2艇以外を切ること', 'tenji_trigger': '展示確認: 1号艇伸び良→そのまま採用。悪→飛び組に差し替え。circle_pct上位2艇に絞り込むこと。'}",,,25.8,逃げ狙い,17.81,21.9,2,,,,,,,,,,,
2025-06-18,丸亀,10,3,眞田英二,A2,28.48,3,,9.8363,28.6,98,50,0.1666,3.681,,,0,低,137,0,-,,0,100,2.9844,0,0,0.0435,0.0435,0.0435,0.0667,0.2889,0.0667,,,D,○,,0.1982,0.6555,,0.6416,S,100,0,◎1着固定 2-3着流し（5〜8点）,0.5777,"{'is_target': True, 'verdict': '点数絞り', 'max_combo_prob': 0.1384, 'est_top_odds': 9.6, 'circle_concentration': 87.7, 'eligible_count': 6, 'bet_adj': 0, 'reason': 'rel_win1=65.6%（本命度） / 最有力組み合わせ確率: 0.138（推定実オッズ?10倍） / 2着集中度: 上位2艇 87.7%（補正+0.04） / 総合判定確率: 0.178 / → ヒモはやや固め。上位2艇以外を切ること', 'tenji_trigger': '展示確認: 1号艇伸び良→そのまま採用。悪→飛び組に差し替え。circle_pct上位2艇に絞り込むこと。'}",,,25.8,逃げ狙い,17.81,21.9,2,,,,,,,,,,,
2025-06-18,丸亀,10,4,西尾亮輔,B1,40.00,4,○,5.5851,4.3,100,31.2,0.1652,3.7109,,,0,低,145,0,-,,0,46.5,0.9857,0,0.0294,0,0,0,0.12,0.04,0.72,,,B,,,0.215,0.545,,0.6416,S,100,0,◎1着固定 2-3着流し（5〜8点）,0.5777,"{'is_target': True, 'verdict': '点数絞り', 'max_combo_prob': 0.1384, 'est_top_odds': 9.6, 'circle_concentration': 87.7, 'eligible_count': 6, 'bet_adj': 0, 'reason': 'rel_win1=65.6%（本命度） / 最有力組み合わせ確率: 0.138（推定実オッズ?10倍） / 2着集中度: 上位2艇 87.7%（補正+0.04） / 総合判定確率: 0.178 / → ヒモはやや固め。上位2艇以外を切ること', 'tenji_trigger': '展示確認: 1号艇伸び良→そのまま採用。悪→飛び組に差し替え。circle_pct上位2艇に絞り込むこと。'}",,,25.8,逃げ狙い,17.81,21.9,2,,,,,,,,,,,
2025-06-18,丸亀,10,5,島田一生,B1,39.77,5,▲,5.0139,7.6,58,22.1,0.1522,3.25,,,0,低,101,0,-,,0,32.7,0.7057,0,0,0,0.0769,0,0.1905,0.2857,0.0476,,,B,,,0.282,0.569,,0.6416,S,100,0,◎1着固定 2-3着流し（5〜8点）,0.5777,"{'is_target': True, 'verdict': '点数絞り', 'max_combo_prob': 0.1384, 'est_top_odds': 9.6, 'circle_concentration': 87.7, 'eligible_count': 6, 'bet_adj': 0, 'reason': 'rel_win1=65.6%（本命度） / 最有力組み合わせ確率: 0.138（推定実オッズ?10倍） / 2着集中度: 上位2艇 87.7%（補正+0.04） / 総合判定確率: 0.178 / → ヒモはやや固め。上位2艇以外を切ること', 'tenji_trigger': '展示確認: 1号艇伸び良→そのまま採用。悪→飛び組に差し替え。circle_pct上位2艇に絞り込むこと。'}",,,25.8,逃げ狙い,17.81,21.9,2,,,,,,,,,,,
2025-06-18,丸亀,10,6,西原明生,B1,30.98,6,,1.7906,0.4,24,12.8,0.2204,5.0745,,,0,低,192,0,-,,0,31.6,0.6572,,,,,,0.2571,0.2571,0.2762,,,C,△,,0.1376,0.641,,0.6416,S,100,0,◎1着固定 2-3着流し（5〜8点）,0.5777,"{'is_target': True, 'verdict': '点数絞り', 'max_combo_prob': 0.1384, 'est_top_odds': 9.6, 'circle_concentration': 87.7, 'eligible_count': 6, 'bet_adj': 0, 'reason': 'rel_win1=65.6%（本命度） / 最有力組み合わせ確率: 0.138（推定実オッズ?10倍） / 2着集中度: 上位2艇 87.7%（補正+0.04） / 総合判定確率: 0.178 / → ヒモはやや固め。上位2艇以外を切ること', 'tenji_trigger': '展示確認: 1号艇伸び良→そのまま採用。悪→飛び組に差し替え。circle_pct上位2艇に絞り込むこと。'}",,,25.8,逃げ狙い,17.81,21.9,2,,,,,,,,,,,
2025-06-18,丸亀,11,1,竹田和哉,A1,25.73,1,◎,64.0636,,0,92,0.1376,2.7933,,,0,低,106,0,逃0% 抜0%,,0,90.1,1.1831,0.7692,,,,,0.116,0.116,0,◎,,E,○,,,0.6415,,0.6489,S,88,0,◎1着固定 2-3着流し（5〜8点）,0.5777,"{'is_target': True, 'verdict': '点数絞り', 'max_combo_prob': 0.1258, 'est_top_odds': 10.6, 'circle_concentration': 83.7, 'eligible_count': 6, 'bet_adj': 0, 'reason': 'rel_win1=64.1%（本命度） / 最有力組み合わせ確率: 0.126（推定実オッズ?11倍） / 2着集中度: 上位2艇 83.7%（補正+0.04） / 総合判定確率: 0.166 / → ヒモはやや固め。上位2艇以外を切ること', 'tenji_trigger': '展示確認: 1号艇伸び良→そのまま採用。悪→飛び組に差し替え。circle_pct上位2艇に絞り込むこと。\n展示で1号艇スタート超安定(0.138秒)→ヒモ固まり方向に注意'}",,,26.5,逃げ狙い,13.76,27.4,2,,,,,0,0,0.7559,0,,逃げ軸流し,A
2025-06-18,丸亀,11,2,坪口竜也,A1,32.39,2,○,18.197,62.3,52,68.4,0.1456,3.4123,,,0,低,84,0,差0%,,0,73.8,1.3695,0,0.2,0.04,0,0,0,0.0667,0.0333,,,C,◎,,0.2636,0.6815,,0.6489,S,88,0,◎1着固定 2-3着流し（5〜8点）,0.5777,"{'is_target': True, 'verdict': '点数絞り', 'max_combo_prob': 0.1258, 'est_top_odds': 10.6, 'circle_concentration': 83.7, 'eligible_count': 6, 'bet_adj': 0, 'reason': 'rel_win1=64.1%（本命度） / 最有力組み合わせ確率: 0.126（推定実オッズ?11倍） / 2着集中度: 上位2艇 83.7%（補正+0.04） / 総合判定確率: 0.166 / → ヒモはやや固め。上位2艇以外を切ること', 'tenji_trigger': '展示確認: 1号艇伸び良→そのまま採用。悪→飛び組に差し替え。circle_pct上位2艇に絞り込むこと。\n展示で1号艇スタート超安定(0.138秒)→ヒモ固まり方向に注意'}",,,26.5,逃げ狙い,13.76,27.4,2,,,,,,,,,,,
2025-06-18,丸亀,11,3,盛本真輔,A2,32.95,3,▲,9.72,21.5,100,59,0.1707,3.5656,,,0,低,190,0,-,,0,33.3,0.8513,0,0.037,0.1111,0,0,0.1487,0.0211,0.2237,,,B,,,0.1296,0.596,,0.6489,S,88,0,◎1着固定 2-3着流し（5〜8点）,0.5777,"{'is_target': True, 'verdict': '点数絞り', 'max_combo_prob': 0.1258, 'est_top_odds': 10.6, 'circle_concentration': 83.7, 'eligible_count': 6, 'bet_adj': 0, 'reason': 'rel_win1=64.1%（本命度） / 最有力組み合わせ確率: 0.126（推定実オッズ?11倍） / 2着集中度: 上位2艇 83.7%（補正+0.04） / 総合判定確率: 0.166 / → ヒモはやや固め。上位2艇以外を切ること', 'tenji_trigger': '展示確認: 1号艇伸び良→そのまま採用。悪→飛び組に差し替え。circle_pct上位2艇に絞り込むこと。\n展示で1号艇スタート超安定(0.138秒)→ヒモ固まり方向に注意'}",,,26.5,逃げ狙い,13.76,27.4,2,,,,,,,,,,,
2025-06-18,丸亀,11,4,塚田修二,B1,29.35,4,,5.1864,5,91,25.6,0.1877,4.1744,,,0,低,121,0,ま0%,,0,19.7,0.5923,0,0,0.04,0,0,0.0211,0.4084,0.3663,,,D,△,,0.1093,0.5975,,0.6489,S,88,0,◎1着固定 2-3着流し（5〜8点）,0.5777,"{'is_target': True, 'verdict': '点数絞り', 'max_combo_prob': 0.1258, 'est_top_odds': 10.6, 'circle_concentration': 83.7, 'eligible_count': 6, 'bet_adj': 0, 'reason': 'rel_win1=64.1%（本命度） / 最有力組み合わせ確率: 0.126（推定実オッズ?11倍） / 2着集中度: 上位2艇 83.7%（補正+0.04） / 総合判定確率: 0.166 / → ヒモはやや固め。上位2艇以外を切ること', 'tenji_trigger': '展示確認: 1号艇伸び良→そのまま採用。悪→飛び組に差し替え。circle_pct上位2艇に絞り込むこと。\n展示で1号艇スタート超安定(0.138秒)→ヒモ固まり方向に注意'}",,,26.5,逃げ狙い,13.76,27.4,2,,,,,,,,,,,
2025-06-18,丸亀,11,5,齊藤　優,B1,30.77,5,,1.7805,10.3,65,26.3,0.1467,3.4035,,,0,低,103,0,-,,0,62.1,1.1638,,,,,,0.0923,0.3923,0.0462,,,C,△,,0.2844,0.6325,,0.6489,S,88,0,◎1着固定 2-3着流し（5〜8点）,0.5777,"{'is_target': True, 'verdict': '点数絞り', 'max_combo_prob': 0.1258, 'est_top_odds': 10.6, 'circle_concentration': 83.7, 'eligible_count': 6, 'bet_adj': 0, 'reason': 'rel_win1=64.1%（本命度） / 最有力組み合わせ確率: 0.126（推定実オッズ?11倍） / 2着集中度: 上位2艇 83.7%（補正+0.04） / 総合判定確率: 0.166 / → ヒモはやや固め。上位2艇以外を切ること', 'tenji_trigger': '展示確認: 1号艇伸び良→そのまま採用。悪→飛び組に差し替え。circle_pct上位2艇に絞り込むこと。\n展示で1号艇スタート超安定(0.138秒)→ヒモ固まり方向に注意'}",,,26.5,逃げ狙い,13.76,27.4,2,,,,,,,,,,,
2025-06-18,丸亀,11,6,高山秀雄,B1,33.69,6,△,1.0526,1,61,17.9,0.1962,4.8333,,,0,低,143,0,-,,0,26.5,0.6306,,,,,,0.195,0.22,0.05,,,B,,,0.135,0.5915,,0.6489,S,88,0,◎1着固定 2-3着流し（5〜8点）,0.5777,"{'is_target': True, 'verdict': '点数絞り', 'max_combo_prob': 0.1258, 'est_top_odds': 10.6, 'circle_concentration': 83.7, 'eligible_count': 6, 'bet_adj': 0, 'reason': 'rel_win1=64.1%（本命度） / 最有力組み合わせ確率: 0.126（推定実オッズ?11倍） / 2着集中度: 上位2艇 83.7%（補正+0.04） / 総合判定確率: 0.166 / → ヒモはやや固め。上位2艇以外を切ること', 'tenji_trigger': '展示確認: 1号艇伸び良→そのまま採用。悪→飛び組に差し替え。circle_pct上位2艇に絞り込むこと。\n展示で1号艇スタート超安定(0.138秒)→ヒモ固まり方向に注意'}",,,26.5,逃げ狙い,13.76,27.4,2,,,,,,,,,,,
2025-06-18,丸亀,12,1,石丸海渡,A1,26.74,1,◎,56.8033,,0,95.2,0.1129,1.8651,,,0,低,26,0,逃1%,,0,59.6,1.0182,0.875,,,,,0.0792,0.0125,0,◎,,C,○,,,0.687,,0.7607,S,87,0,◎1着固定 2-3着流し（5〜8点）,0.5777,"{'is_target': True, 'verdict': '参加推奨', 'max_combo_prob': 0.0602, 'est_top_odds': 22.2, 'circle_concentration': 67.3, 'eligible_count': 6, 'bet_adj': 2, 'reason': 'rel_win1=56.8%（本命度） / 最有力組み合わせ確率: 0.060（推定実オッズ?22倍） / 2着集中度: 上位2艇 67.3%（補正+0.00） / 総合判定確率: 0.060 / → ヒモ分散。1号艇1着固定で広めのヒモ流し推奨（買い目+2点）', 'tenji_trigger': '展示確認: ヒモ分散レース。1号艇伸び確認後、広めのヒモ流しを採用。穴ヒモ（5・6号艇）を積極的に含める。\n展示で1号艇スタート超安定(0.113秒)→ヒモ固まり方向に注意'}",,,27.9,逃げ狙い,23.82,22.8,2,,,,,0,0,0.7559,0,,逃げ軸流し,A
2025-06-18,丸亀,12,2,濱崎直矢,A1,24.70,2,,11.8153,35.8,58,65.3,0.1478,3.5204,,,0,低,95,0,差0% 抜0%,,0,79.3,1.0455,0,0.0526,0,0,0.1053,0.0148,0.1444,0.1148,,,D,,,0.0605,0.632,,0.7607,S,87,0,◎1着固定 2-3着流し（5〜8点）,0.5777,"{'is_target': True, 'verdict': '参加推奨', 'max_combo_prob': 0.0602, 'est_top_odds': 22.2, 'circle_concentration': 67.3, 'eligible_count': 6, 'bet_adj': 2, 'reason': 'rel_win1=56.8%（本命度） / 最有力組み合わせ確率: 0.060（推定実オッズ?22倍） / 2着集中度: 上位2艇 67.3%（補正+0.00） / 総合判定確率: 0.060 / → ヒモ分散。1号艇1着固定で広めのヒモ流し推奨（買い目+2点）', 'tenji_trigger': '展示確認: ヒモ分散レース。1号艇伸び確認後、広めのヒモ流しを採用。穴ヒモ（5・6号艇）を積極的に含める。\n展示で1号艇スタート超安定(0.113秒)→ヒモ固まり方向に注意'}",,,27.9,逃げ狙い,23.82,22.8,2,,,,,,,,,,,
2025-06-18,丸亀,12,3,渡辺浩司,A1,30.22,3,○,10.9176,31.5,80,78.4,0.1243,2.4412,,,0,低,46,0,-,,0,31.9,1.0712,0,0.0714,0.0714,0.0714,0,0.1467,0,0.0867,,,B,◎,,0.2444,0.699,,0.7607,S,87,0,◎1着固定 2-3着流し（5〜8点）,0.5777,"{'is_target': True, 'verdict': '参加推奨', 'max_combo_prob': 0.0602, 'est_top_odds': 22.2, 'circle_concentration': 67.3, 'eligible_count': 6, 'bet_adj': 2, 'reason': 'rel_win1=56.8%（本命度） / 最有力組み合わせ確率: 0.060（推定実オッズ?22倍） / 2着集中度: 上位2艇 67.3%（補正+0.00） / 総合判定確率: 0.060 / → ヒモ分散。1号艇1着固定で広めのヒモ流し推奨（買い目+2点）', 'tenji_trigger': '展示確認: ヒモ分散レース。1号艇伸び確認後、広めのヒモ流しを採用。穴ヒモ（5・6号艇）を積極的に含める。\n展示で1号艇スタート超安定(0.113秒)→ヒモ固まり方向に注意'}",,,27.9,逃げ狙い,23.82,22.8,2,,,,,,,,,,,
2025-06-18,丸亀,12,4,石橋道友,A1,28.00,4,△,11.069,19.5,100,69.6,0.1411,3.0714,,,0,低,72,0,差0% ま0% 差ま0%,,0,63.2,1.4268,0,0.1481,0.037,0.037,0,0.0516,0.0129,0.0129,,,C,△,◎,0.1936,0.64,0.4737,0.7607,S,87,0,◎1着固定 2-3着流し（5〜8点）,0.5777,"{'is_target': True, 'verdict': '参加推奨', 'max_combo_prob': 0.0602, 'est_top_odds': 22.2, 'circle_concentration': 67.3, 'eligible_count': 6, 'bet_adj': 2, 'reason': 'rel_win1=56.8%（本命度） / 最有力組み合わせ確率: 0.060（推定実オッズ?22倍） / 2着集中度: 上位2艇 67.3%（補正+0.00） / 総合判定確率: 0.060 / → ヒモ分散。1号艇1着固定で広めのヒモ流し推奨（買い目+2点）', 'tenji_trigger': '展示確認: ヒモ分散レース。1号艇伸び確認後、広めのヒモ流しを採用。穴ヒモ（5・6号艇）を積極的に含める。\n展示で1号艇スタート超安定(0.113秒)→ヒモ固まり方向に注意'}",,,27.9,逃げ狙い,23.82,22.8,2,,,,,,,,,,,
2025-06-18,丸亀,12,5,安河内将,A1,30.99,5,▲,5.0244,9.7,98,63.2,0.1571,3.1184,,,0,低,99,0,差ま0%,,0,35.9,1.6638,0,0,0,0.0714,0,0.0781,0.0781,0.0781,,,B,,,0.1482,0.6335,,0.7607,S,87,0,◎1着固定 2-3着流し（5〜8点）,0.5777,"{'is_target': True, 'verdict': '参加推奨', 'max_combo_prob': 0.0602, 'est_top_odds': 22.2, 'circle_concentration': 67.3, 'eligible_count': 6, 'bet_adj': 2, 'reason': 'rel_win1=56.8%（本命度） / 最有力組み合わせ確率: 0.060（推定実オッズ?22倍） / 2着集中度: 上位2艇 67.3%（補正+0.00） / 総合判定確率: 0.060 / → ヒモ分散。1号艇1着固定で広めのヒモ流し推奨（買い目+2点）', 'tenji_trigger': '展示確認: ヒモ分散レース。1号艇伸び確認後、広めのヒモ流しを採用。穴ヒモ（5・6号艇）を積極的に含める。\n展示で1号艇スタート超安定(0.113秒)→ヒモ固まり方向に注意'}",,,27.9,逃げ狙い,23.82,22.8,2,,,,,,,,,,,
2025-06-18,丸亀,12,6,秋元　哲,A1,25.52,6,,4.3703,3.5,60,40.5,0.1802,3.9048,,,0,低,70,0,-,,0,100,2.1492,0,0,0.0625,0,0.0625,0.1133,0.0276,0.1271,,,D,△,,0.1178,0.6735,,0.7607,S,87,0,◎1着固定 2-3着流し（5〜8点）,0.5777,"{'is_target': True, 'verdict': '参加推奨', 'max_combo_prob': 0.0602, 'est_top_odds': 22.2, 'circle_concentration': 67.3, 'eligible_count': 6, 'bet_adj': 2, 'reason': 'rel_win1=56.8%（本命度） / 最有力組み合わせ確率: 0.060（推定実オッズ?22倍） / 2着集中度: 上位2艇 67.3%（補正+0.00） / 総合判定確率: 0.060 / → ヒモ分散。1号艇1着固定で広めのヒモ流し推奨（買い目+2点）', 'tenji_trigger': '展示確認: ヒモ分散レース。1号艇伸び確認後、広めのヒモ流しを採用。穴ヒモ（5・6号艇）を積極的に含める。\n展示で1号艇スタート超安定(0.113秒)→ヒモ固まり方向に注意'}",,,27.9,逃げ狙い,23.82,22.8,2,,,,,,,,,,,
2025-06-19,丸亀,1,1,西原明生,B1,30.98,1,◎,56.6188,,0,76.6,0.1485,3.5745,,,0,低,192,0,逃1%,15,0,89.8,1.2825,0.4762,,,,,0.2571,0.2571,0.2762,○,,C,◎,,,0.641,,0.333,A,68,0,◎-○軸 3着3〜4艇流し（10〜15点）,0.5777,"{'is_target': True, 'verdict': '参加推奨', 'max_combo_prob': 0.0765, 'est_top_odds': 17.4, 'circle_concentration': 78.5, 'eligible_count': 8, 'bet_adj': 2, 'reason': 'rel_win1=56.6%（本命度） / 最有力組み合わせ確率: 0.077（推定実オッズ?17倍） / 2着集中度: 上位2艇 78.5%（補正+0.04） / 総合判定確率: 0.117 / → ヒモ分散。1号艇1着固定で広めのヒモ流し推奨（買い目+2点）', 'tenji_trigger': '展示確認: ヒモ分散レース。1号艇伸び確認後、広めのヒモ流しを採用。穴ヒモ（5・6号艇）を積極的に含める。'}",,,24.4,逃げ狙い,10.9,38.2,5,,,,,0,0,0.6155,0,,逃げ軸流し,A
2025-06-19,丸亀,1,2,酒井陽祐,B1,34.62,2,△,13.3449,42.3,100,46.4,0.1745,4.0089,,,0,低,117,0,-,5,0,35.1,0.9426,0,0.069,0,0,0,0.2222,0,0.3333,,,B,△,,0.1031,0.62,,0.333,A,68,0,◎-○軸 3着3〜4艇流し（10〜15点）,0.5777,"{'is_target': True, 'verdict': '参加推奨', 'max_combo_prob': 0.0765, 'est_top_odds': 17.4, 'circle_concentration': 78.5, 'eligible_count': 8, 'bet_adj': 2, 'reason': 'rel_win1=56.6%（本命度） / 最有力組み合わせ確率: 0.077（推定実オッズ?17倍） / 2着集中度: 上位2艇 78.5%（補正+0.04） / 総合判定確率: 0.117 / → ヒモ分散。1号艇1着固定で広めのヒモ流し推奨（買い目+2点）', 'tenji_trigger': '展示確認: ヒモ分散レース。1号艇伸び確認後、広めのヒモ流しを採用。穴ヒモ（5・6号艇）を積極的に含める。'}",,,24.4,逃げ狙い,10.9,38.2,5,,,,,,,,,,,
2025-06-19,丸亀,1,3,西川拓利,B1,31.84,3,○,12.308,36.2,83,47.2,0.1315,2.9811,,,0,低,82,0,-,3,0,97.8,2.069,0,0,0.0417,0.0417,0,0.0769,0.0769,0.2308,,◎,C,,,0.4107,0.5875,,0.333,A,68,0,◎-○軸 3着3〜4艇流し（10〜15点）,0.5777,"{'is_target': True, 'verdict': '参加推奨', 'max_combo_prob': 0.0765, 'est_top_odds': 17.4, 'circle_concentration': 78.5, 'eligible_count': 8, 'bet_adj': 2, 'reason': 'rel_win1=56.6%（本命度） / 最有力組み合わせ確率: 0.077（推定実オッズ?17倍） / 2着集中度: 上位2艇 78.5%（補正+0.04） / 総合判定確率: 0.117 / → ヒモ分散。1号艇1着固定で広めのヒモ流し推奨（買い目+2点）', 'tenji_trigger': '展示確認: ヒモ分散レース。1号艇伸び確認後、広めのヒモ流しを採用。穴ヒモ（5・6号艇）を積極的に含める。'}",,,24.4,逃げ狙い,10.9,38.2,5,,,,,,,,,,,
2025-06-19,丸亀,1,4,香月大輝,B2,28.11,4,,10.4023,11.4,79,24.2,0.1588,3,,,0,低,75,0,ま0%,6,0,85.7,0.7672,0,0,0.0625,0,0,,,,,,D,,,0.2916,0.4735,,0.333,A,68,0,◎-○軸 3着3〜4艇流し（10〜15点）,0.5777,"{'is_target': True, 'verdict': '参加推奨', 'max_combo_prob': 0.0765, 'est_top_odds': 17.4, 'circle_concentration': 78.5, 'eligible_count': 8, 'bet_adj': 2, 'reason': 'rel_win1=56.6%（本命度） / 最有力組み合わせ確率: 0.077（推定実オッズ?17倍） / 2着集中度: 上位2艇 78.5%（補正+0.04） / 総合判定確率: 0.117 / → ヒモ分散。1号艇1着固定で広めのヒモ流し推奨（買い目+2点）', 'tenji_trigger': '展示確認: ヒモ分散レース。1号艇伸び確認後、広めのヒモ流しを採用。穴ヒモ（5・6号艇）を積極的に含める。'}",,,24.4,逃げ狙い,10.9,38.2,5,,,,,,,,,,,
2025-06-19,丸亀,1,5,門間雄大,B1,36.99,5,▲,5.9259,9.2,92,37.9,0.1577,3.197,,,0,低,97,0,-,53,0,30.2,0.6336,,,,,,0.0211,0.2632,0.0842,,,B,○,,0.3218,0.629,,0.333,A,68,0,◎-○軸 3着3〜4艇流し（10〜15点）,0.5777,"{'is_target': True, 'verdict': '参加推奨', 'max_combo_prob': 0.0765, 'est_top_odds': 17.4, 'circle_concentration': 78.5, 'eligible_count': 8, 'bet_adj': 2, 'reason': 'rel_win1=56.6%（本命度） / 最有力組み合わせ確率: 0.077（推定実オッズ?17倍） / 2着集中度: 上位2艇 78.5%（補正+0.04） / 総合判定確率: 0.117 / → ヒモ分散。1号艇1着固定で広めのヒモ流し推奨（買い目+2点）', 'tenji_trigger': '展示確認: ヒモ分散レース。1号艇伸び確認後、広めのヒモ流しを採用。穴ヒモ（5・6号艇）を積極的に含める。'}",,,24.4,逃げ狙い,10.9,38.2,5,,,,,,,,,,,
2025-06-19,丸亀,1,6,長谷川親,B1,30.64,6,,1.4002,0.9,34,10,0.2165,5.0875,,,0,低,166,0,-,1,0,30.2,2.0064,,,,,,0.1111,0.3778,0.2222,,,D,△,,0.1736,0.605,,0.333,A,68,0,◎-○軸 3着3〜4艇流し（10〜15点）,0.5777,"{'is_target': True, 'verdict': '参加推奨', 'max_combo_prob': 0.0765, 'est_top_odds': 17.4, 'circle_concentration': 78.5, 'eligible_count': 8, 'bet_adj': 2, 'reason': 'rel_win1=56.6%（本命度） / 最有力組み合わせ確率: 0.077（推定実オッズ?17倍） / 2着集中度: 上位2艇 78.5%（補正+0.04） / 総合判定確率: 0.117 / → ヒモ分散。1号艇1着固定で広めのヒモ流し推奨（買い目+2点）', 'tenji_trigger': '展示確認: ヒモ分散レース。1号艇伸び確認後、広めのヒモ流しを採用。穴ヒモ（5・6号艇）を積極的に含める。'}",,,24.4,逃げ狙い,10.9,38.2,5,,,,,,,,,,,
2025-06-19,丸亀,2,1,土屋太朗,B1,28.16,1,◎,44.0812,,0,58,0.2068,3.82,,,0,低,138,0,逃0%,4,0,33.4,0.7691,0.2,,,,,0.2114,0.1657,0.3114,,,D,△,,,0.5975,,0.1986,C,43,0,荒れ傾向。高配当狙いか見送り,0.5777,"{'is_target': False, 'verdict': '対象外', 'max_combo_prob': None, 'est_top_odds': None, 'circle_concentration': None, 'eligible_count': 0, 'bet_adj': 0, 'reason': '1号艇rel_win1 < 45%: 通常判定に委ねる', 'tenji_trigger': ''}",,,36.3,両建て推奨,16.12,39.2,6,6-1-4|6-4-1|6-1-3|6-4-3|6-1-2|6-2-4|6-2-1|1-3-6|1-3-4,6-1-4|6-4-1|6-1-3|6-4-3|6-1-2|6-2-4|6-2-1|2-1-3|2-1-4|4-1-3|1-3-6|1-3-4,6-1-4:1.24%|6-4-1:1.04%|6-1-3:0.9%|6-4-3:0.76%|6-1-2:0.73%|6-2-4:0.7%|6-2-1:0.7%|1-3-6:4.24%|1-3-4:3.94%,6-1-4:B_main|6-4-1:B_main|6-1-3:B_main|6-4-3:B_main|6-1-2:B_main|6-2-4:B_main|6-2-1:B_main|1-3-6:A|1-3-4:A,9,12,0.2915,1,[!]見送り推奨（主役決まり手「まくり」― 逃げ劣勢レースで的中実績なし）,主役軸流し,B
2025-06-19,丸亀,2,2,半田尚也,B1,37.43,2,○,10.2636,18.1,83,26.8,0.2012,4.3304,,,0,低,141,0,-,5,0,26.8,0.9505,0,0.04,0,0,0,0.18,0.54,0.16,,,B,,,0.3951,0.5765,,0.1986,C,43,0,荒れ傾向。高配当狙いか見送り,0.5777,"{'is_target': False, 'verdict': '対象外', 'max_combo_prob': None, 'est_top_odds': None, 'circle_concentration': None, 'eligible_count': 0, 'bet_adj': 0, 'reason': '1号艇rel_win1 < 45%: 通常判定に委ねる', 'tenji_trigger': ''}",,,36.3,両建て推奨,16.12,39.2,6,,,,,,,,,,,
2025-06-19,丸亀,2,3,妻鳥晋也,B1,33.52,3,△,15.7058,40.3,90,50,0.2058,4.5938,,,0,低,151,0,-,3,0,33.4,1.1771,0,0,0.1176,0,0,0.25,0.21,0.23,,,B,△,,0.3377,0.601,,0.1986,C,43,0,荒れ傾向。高配当狙いか見送り,0.5777,"{'is_target': False, 'verdict': '対象外', 'max_combo_prob': None, 'est_top_odds': None, 'circle_concentration': None, 'eligible_count': 0, 'bet_adj': 0, 'reason': '1号艇rel_win1 < 45%: 通常判定に委ねる', 'tenji_trigger': ''}",,,36.3,両建て推奨,16.12,39.2,6,,,,,,,,,,,
2025-06-19,丸亀,2,4,田添康介,B1,30.00,4,▲,13.6569,20.2,85,34.9,0.1651,3.2558,,,0,低,78,0,-,1,0,100,1.9894,0,0,0.0556,0,0,0.375,0.375,0,,○,C,,,0.4758,0.5535,,0.1986,C,43,0,荒れ傾向。高配当狙いか見送り,0.5777,"{'is_target': False, 'verdict': '対象外', 'max_combo_prob': None, 'est_top_odds': None, 'circle_concentration': None, 'eligible_count': 0, 'bet_adj': 0, 'reason': '1号艇rel_win1 < 45%: 通常判定に委ねる', 'tenji_trigger': ''}",,,36.3,両建て推奨,16.12,39.2,6,,,,,,,,,,,
2025-06-19,丸亀,2,5,金児隆太,A2,27.12,5,,8.2769,8.6,100,37.5,0.1731,3.6979,,,0,低,153,0,-,4,0,51.2,1.159,,,,,,0.048,0.444,0.032,,△,D,○,,0.4449,0.6175,,0.1986,C,43,0,荒れ傾向。高配当狙いか見送り,0.5777,"{'is_target': False, 'verdict': '対象外', 'max_combo_prob': None, 'est_top_odds': None, 'circle_concentration': None, 'eligible_count': 0, 'bet_adj': 0, 'reason': '1号艇rel_win1 < 45%: 通常判定に委ねる', 'tenji_trigger': ''}",,,36.3,両建て推奨,16.12,39.2,6,,,,,,,,,,,
2025-06-19,丸亀,2,6,古賀繁輝,A1,26.22,6,,8.0156,12.8,83,60,0.16,3.75,,,0,低,54,0,-,11,0,35.4,0.9547,0,0,0.1176,0.0588,0,0,0.0308,0.0308,,◎,E,◎,◎,0.481,0.664,0.3297,0.1986,C,43,0,荒れ傾向。高配当狙いか見送り,0.5777,"{'is_target': False, 'verdict': '対象外', 'max_combo_prob': None, 'est_top_odds': None, 'circle_concentration': None, 'eligible_count': 0, 'bet_adj': 0, 'reason': '1号艇rel_win1 < 45%: 通常判定に委ねる', 'tenji_trigger': ''}",,,36.3,両建て推奨,16.12,39.2,6,,,,,,,,,,,
2025-06-19,丸亀,3,1,森林　太,B1,34.32,1,◎,43.4032,,0,63,0.1872,4.1848,,,0,低,204,0,-,5,0,100,2.0788,0.2222,,,,,0.0667,0.3556,0.1222,△,,C,,,,0.555,,0.207,B,46,0,◎○△フォーメーション（15〜20点）,0.5777,"{'is_target': False, 'verdict': '対象外', 'max_combo_prob': None, 'est_top_odds': None, 'circle_concentration': None, 'eligible_count': 0, 'bet_adj': 0, 'reason': '1号艇rel_win1 < 45%: 通常判定に委ねる', 'tenji_trigger': ''}",,,31,両建て推奨,17.74,36.8,4,5-1-6|1-3-4|1-2-4|1-4-3|1-2-3|1-3-5,3-1-4|6-1-4|3-1-6|5-1-6|6-4-1|3-2-1|3-1-2|1-3-4|1-2-4|1-4-3|1-2-3|1-3-5,5-1-6:1.99%|1-3-4:5.42%|1-2-4:5.12%|1-4-3:4.76%|1-2-3:4.7%|1-3-5:4.5%,5-1-6:B_main|1-3-4:A|1-2-4:A|1-4-3:A|1-2-3:A|1-3-5:A,6,12,0.4535,1,[!]見送り推奨（主役決まり手「まくり差し」― 逃げ劣勢レースで的中実績なし）,荒れ広め,D
2025-06-19,丸亀,3,2,熊本英一,B1,39.44,2,△,12.6664,30.5,81,40.3,0.1998,4.9113,,,0,低,213,0,-,56,0,27.4,0.7184,0,0,0.0385,0,0,0.3056,0.0444,0.0667,,,C,△,,0.1879,0.585,,0.207,B,46,0,◎○△フォーメーション（15〜20点）,0.5777,"{'is_target': False, 'verdict': '対象外', 'max_combo_prob': None, 'est_top_odds': None, 'circle_concentration': None, 'eligible_count': 0, 'bet_adj': 0, 'reason': '1号艇rel_win1 < 45%: 通常判定に委ねる', 'tenji_trigger': ''}",,,31,両建て推奨,17.74,36.8,4,,,,,,,,,,,
2025-06-19,丸亀,3,3,島田一生,B1,39.77,3,▲,11.4114,26.2,86,43.9,0.1768,4.0175,,,0,低,101,0,-,6,0,100,2.3863,0,0,0.069,0,0,0.1905,0.2857,0.0476,,△,B,,,0.3806,0.569,,0.207,B,46,0,◎○△フォーメーション（15〜20点）,0.5777,"{'is_target': False, 'verdict': '対象外', 'max_combo_prob': None, 'est_top_odds': None, 'circle_concentration': None, 'eligible_count': 0, 'bet_adj': 0, 'reason': '1号艇rel_win1 < 45%: 通常判定に委ねる', 'tenji_trigger': ''}",,,31,両建て推奨,17.74,36.8,4,,,,,,,,,,,
2025-06-19,丸亀,3,4,田中宏樹,B1,40.85,4,○,18.9993,25.3,100,63.6,0.1775,3.8091,,,0,低,128,0,差0% ま0%,53,0,62.5,1.3174,0,0.0833,0.0417,0,0.0417,0.2,0.02,0.18,,,B,△,◎,0.3843,0.6195,0.2471,0.207,B,46,0,◎○△フォーメーション（15〜20点）,0.5777,"{'is_target': False, 'verdict': '対象外', 'max_combo_prob': None, 'est_top_odds': None, 'circle_concentration': None, 'eligible_count': 0, 'bet_adj': 0, 'reason': '1号艇rel_win1 < 45%: 通常判定に委ねる', 'tenji_trigger': ''}",,,31,両建て推奨,17.74,36.8,4,,,,,,,,,,,
2025-06-19,丸亀,3,5,四宮与寛,A2,29.63,5,,7.3733,15.3,69,47.5,0.1298,2.5593,,,0,低,60,0,-,1,0,27.5,0.5,0,0,0,0.04,0,0.1116,0.1374,0.0258,,◎,E,◎,,0.5108,0.6545,,0.207,B,46,0,◎○△フォーメーション（15〜20点）,0.5777,"{'is_target': False, 'verdict': '対象外', 'max_combo_prob': None, 'est_top_odds': None, 'circle_concentration': None, 'eligible_count': 0, 'bet_adj': 0, 'reason': '1号艇rel_win1 < 45%: 通常判定に委ねる', 'tenji_trigger': ''}",,,31,両建て推奨,17.74,36.8,4,,,,,,,,,,,
2025-06-19,丸亀,3,6,安河内将,A1,30.99,6,,6.1464,2.6,87,47.9,0.1821,4.0104,,,0,低,99,0,-,12,0,27.5,0.6722,0,0,0,0.0476,0,0.0781,0.0781,0.0781,,,D,○,,0.3557,0.6335,,0.207,B,46,0,◎○△フォーメーション（15〜20点）,0.5777,"{'is_target': False, 'verdict': '対象外', 'max_combo_prob': None, 'est_top_odds': None, 'circle_concentration': None, 'eligible_count': 0, 'bet_adj': 0, 'reason': '1号艇rel_win1 < 45%: 通常判定に委ねる', 'tenji_trigger': ''}",,,31,両建て推奨,17.74,36.8,4,,,,,,,,,,,
2025-06-19,丸亀,4,1,高山秀雄,B1,33.69,1,◎,52.8525,,0,67.6,0.1654,3.5541,,,0,低,143,0,逃0%,45,0,77.7,0.9021,0.4375,,,,,0.195,0.22,0.05,△,,C,△,,,0.5915,,0.2977,B,59,0,◎○△フォーメーション（15〜20点）,0.5777,"{'is_target': True, 'verdict': '点数絞り', 'max_combo_prob': 0.0878, 'est_top_odds': 15.2, 'circle_concentration': 70.9, 'eligible_count': 9, 'bet_adj': 0, 'reason': 'rel_win1=52.9%（本命度） / 最有力組み合わせ確率: 0.088（推定実オッズ?15倍） / 2着集中度: 上位2艇 70.9%（補正+0.04） / 総合判定確率: 0.128 / → ヒモはやや固め。上位2艇以外を切ること', 'tenji_trigger': '展示確認: 1号艇伸び良→そのまま採用。悪→飛び組に差し替え。circle_pct上位2艇に絞り込むこと。'}",,,30.3,両建て推奨,17.84,34.9,4,2-1-3|1-2-4|1-2-3|1-3-4|1-3-2|1-4-3,6-1-4|6-1-3|5-1-6|6-4-1|5-1-3|2-1-3|6-3-1|1-2-4|1-2-3|1-3-4|1-3-2|1-4-3,2-1-3:2.66%|1-2-4:9.16%|1-2-3:8.06%|1-3-4:7.0%|1-3-2:5.38%|1-4-3:5.15%,2-1-3:B_main|1-2-4:A|1-2-3:A|1-3-4:A|1-3-2:A|1-4-3:A,6,12,0.4535,1,[!]見送り推奨（主役決まり手「差し」― 逃げ劣勢レースで的中実績なし）,荒れ広め,D
2025-06-19,丸亀,4,2,古川　健,B1,30.23,2,▲,14.5236,43.5,65,53.8,0.1477,3.0385,,,0,低,95,0,差0%,43,0,47.3,0.72,0,0.0833,0,0,0,0.2889,0.0444,0.2667,,◎,C,△,,0.4951,0.6335,,0.2977,B,59,0,◎○△フォーメーション（15〜20点）,0.5777,"{'is_target': True, 'verdict': '点数絞り', 'max_combo_prob': 0.0878, 'est_top_odds': 15.2, 'circle_concentration': 70.9, 'eligible_count': 9, 'bet_adj': 0, 'reason': 'rel_win1=52.9%（本命度） / 最有力組み合わせ確率: 0.088（推定実オッズ?15倍） / 2着集中度: 上位2艇 70.9%（補正+0.04） / 総合判定確率: 0.128 / → ヒモはやや固め。上位2艇以外を切ること', 'tenji_trigger': '展示確認: 1号艇伸び良→そのまま採用。悪→飛び組に差し替え。circle_pct上位2艇に絞り込むこと。'}",,,30.3,両建て推奨,17.84,34.9,4,,,,,,,,,,,
2025-06-19,丸亀,4,3,松田竜馬,A2,34.10,3,○,9.1424,27.4,100,65.3,0.1197,2.5533,,,0,低,79,0,-,42,0,66.5,1.1667,,,,,,0.0143,0.1286,0.2429,,○,B,○,,0.4866,0.663,,0.2977,B,59,0,◎○△フォーメーション（15〜20点）,0.5777,"{'is_target': True, 'verdict': '点数絞り', 'max_combo_prob': 0.0878, 'est_top_odds': 15.2, 'circle_concentration': 70.9, 'eligible_count': 9, 'bet_adj': 0, 'reason': 'rel_win1=52.9%（本命度） / 最有力組み合わせ確率: 0.088（推定実オッズ?15倍） / 2着集中度: 上位2艇 70.9%（補正+0.04） / 総合判定確率: 0.128 / → ヒモはやや固め。上位2艇以外を切ること', 'tenji_trigger': '展示確認: 1号艇伸び良→そのまま採用。悪→飛び組に差し替え。circle_pct上位2艇に絞り込むこと。'}",,,30.3,両建て推奨,17.84,34.9,4,,,,,,,,,,,
2025-06-19,丸亀,4,4,秋元　哲,A1,25.52,4,,17.1337,19.8,94,66.7,0.1404,3.0556,,,0,低,70,0,-,45,0,41.2,0.7819,0,0.0625,0.3125,0,0,0.1133,0.0276,0.1271,,△,E,◎,◎,0.4601,0.6735,0.4401,0.2977,B,59,0,◎○△フォーメーション（15〜20点）,0.5777,"{'is_target': True, 'verdict': '点数絞り', 'max_combo_prob': 0.0878, 'est_top_odds': 15.2, 'circle_concentration': 70.9, 'eligible_count': 9, 'bet_adj': 0, 'reason': 'rel_win1=52.9%（本命度） / 最有力組み合わせ確率: 0.088（推定実オッズ?15倍） / 2着集中度: 上位2艇 70.9%（補正+0.04） / 総合判定確率: 0.128 / → ヒモはやや固め。上位2艇以外を切ること', 'tenji_trigger': '展示確認: 1号艇伸び良→そのまま採用。悪→飛び組に差し替え。circle_pct上位2艇に絞り込むこと。'}",,,30.3,両建て推奨,17.84,34.9,4,,,,,,,,,,,
2025-06-19,丸亀,4,5,安田吉宏,B1,26.62,5,,4.9716,6.9,38,27.5,0.1659,3.7451,,,0,低,115,0,-,6,0,31.1,0.8229,,,,,,0.2,0.3524,0.2476,,,D,,,0.3018,0.551,,0.2977,B,59,0,◎○△フォーメーション（15〜20点）,0.5777,"{'is_target': True, 'verdict': '点数絞り', 'max_combo_prob': 0.0878, 'est_top_odds': 15.2, 'circle_concentration': 70.9, 'eligible_count': 9, 'bet_adj': 0, 'reason': 'rel_win1=52.9%（本命度） / 最有力組み合わせ確率: 0.088（推定実オッズ?15倍） / 2着集中度: 上位2艇 70.9%（補正+0.04） / 総合判定確率: 0.128 / → ヒモはやや固め。上位2艇以外を切ること', 'tenji_trigger': '展示確認: 1号艇伸び良→そのまま採用。悪→飛び組に差し替え。circle_pct上位2艇に絞り込むこと。'}",,,30.3,両建て推奨,17.84,34.9,4,,,,,,,,,,,
2025-06-19,丸亀,4,6,武田信一,B2,46.34,6,△,1.3762,2.4,30,6.7,0.1902,4.3,,,0,低,108,0,-,33,0,23.7,0.5661,,,,,,0.2291,0.0364,0.2291,,,A,,,0.2311,0.5565,,0.2977,B,59,0,◎○△フォーメーション（15〜20点）,0.5777,"{'is_target': True, 'verdict': '点数絞り', 'max_combo_prob': 0.0878, 'est_top_odds': 15.2, 'circle_concentration': 70.9, 'eligible_count': 9, 'bet_adj': 0, 'reason': 'rel_win1=52.9%（本命度） / 最有力組み合わせ確率: 0.088（推定実オッズ?15倍） / 2着集中度: 上位2艇 70.9%（補正+0.04） / 総合判定確率: 0.128 / → ヒモはやや固め。上位2艇以外を切ること', 'tenji_trigger': '展示確認: 1号艇伸び良→そのまま採用。悪→飛び組に差し替え。circle_pct上位2艇に絞り込むこと。'}",,,30.3,両建て推奨,17.84,34.9,4,,,,,,,,,,,
2025-06-19,丸亀,5,1,加瀬智宏,B1,32.39,1,◎,38.1026,,0,73.5,0.1385,2.4559,,,0,低,63,0,逃0%,54,0,48.9,0.9059,0.1818,,,,,0.2727,0.1818,0.1818,◎,,C,○,,,0.651,,0.4611,C,41,0,荒れ傾向。高配当狙いか見送り,0.5777,"{'is_target': False, 'verdict': '対象外', 'max_combo_prob': None, 'est_top_odds': None, 'circle_concentration': None, 'eligible_count': 0, 'bet_adj': 0, 'reason': '1号艇rel_win1 < 45%: 通常判定に委ねる', 'tenji_trigger': ''}",,,31.7,両建て推奨,20.86,36.1,3,,,,,0,0,0.7559,0,,逃げ軸流し,A
2025-06-19,丸亀,5,2,齊藤　優,B1,30.77,2,,14.9476,31.8,94,53.6,0.1668,3.5362,,,0,低,103,0,差0%,34,0,36.8,1.0824,0,0.129,0.0323,0,0,0.0923,0.3923,0.0462,,,D,△,,0.077,0.6325,,0.4611,C,41,0,荒れ傾向。高配当狙いか見送り,0.5777,"{'is_target': False, 'verdict': '対象外', 'max_combo_prob': None, 'est_top_odds': None, 'circle_concentration': None, 'eligible_count': 0, 'bet_adj': 0, 'reason': '1号艇rel_win1 < 45%: 通常判定に委ねる', 'tenji_trigger': ''}",,,31.7,両建て推奨,20.86,36.1,3,,,,,,,,,,,
2025-06-19,丸亀,5,3,竹田和哉,A1,25.73,3,△,18.7191,49.3,100,76.6,0.1462,2.8936,,,0,低,106,0,ま0%,21,0,31.6,1.0569,0,0,0.2174,0.0435,0,0.116,0.116,0,,,E,△,,0.2884,0.6415,,0.4611,C,41,0,荒れ傾向。高配当狙いか見送り,0.5777,"{'is_target': False, 'verdict': '対象外', 'max_combo_prob': None, 'est_top_odds': None, 'circle_concentration': None, 'eligible_count': 0, 'bet_adj': 0, 'reason': '1号艇rel_win1 < 45%: 通常判定に委ねる', 'tenji_trigger': ''}",,,31.7,両建て推奨,20.86,36.1,3,,,,,,,,,,,
2025-06-19,丸亀,5,4,杉山勝匡,B1,41.57,4,○,22.1637,14.4,60,48,0.1443,2.82,,,0,低,107,0,-,66,0,41,1.0881,0,0.0263,0.1579,0.0263,0,0.1889,0.1444,0.1593,,,B,,◎,0.2914,0.6195,0.3275,0.4611,C,41,0,荒れ傾向。高配当狙いか見送り,0.5777,"{'is_target': False, 'verdict': '対象外', 'max_combo_prob': None, 'est_top_odds': None, 'circle_concentration': None, 'eligible_count': 0, 'bet_adj': 0, 'reason': '1号艇rel_win1 < 45%: 通常判定に委ねる', 'tenji_trigger': ''}",,,31.7,両建て推奨,20.86,36.1,3,,,,,,,,,,,
2025-06-19,丸亀,5,5,森　雄利,B2,51.18,5,▲,5.0025,1.7,35,6.2,0.1581,2.9792,,,0,低,68,0,差ま0%,66,0,99.9,1.9776,0,0,0,0.0323,0,0.25,0.25,0,,,A,,,0.215,0.61,,0.4611,C,41,0,荒れ傾向。高配当狙いか見送り,0.5777,"{'is_target': False, 'verdict': '対象外', 'max_combo_prob': None, 'est_top_odds': None, 'circle_concentration': None, 'eligible_count': 0, 'bet_adj': 0, 'reason': '1号艇rel_win1 < 45%: 通常判定に委ねる', 'tenji_trigger': ''}",,,31.7,両建て推奨,20.86,36.1,3,,,,,,,,,,,
2025-06-19,丸亀,5,6,伊藤啓三,A2,26.62,6,,1.0645,2.9,68,26.9,0.1636,3.5672,,,0,低,78,0,-,2,0,35.5,1.0561,,,,,,0.2727,0.3455,0.0364,,,D,◎,,0.2341,0.6695,,0.4611,C,41,0,荒れ傾向。高配当狙いか見送り,0.5777,"{'is_target': False, 'verdict': '対象外', 'max_combo_prob': None, 'est_top_odds': None, 'circle_concentration': None, 'eligible_count': 0, 'bet_adj': 0, 'reason': '1号艇rel_win1 < 45%: 通常判定に委ねる', 'tenji_trigger': ''}",,,31.7,両建て推奨,20.86,36.1,3,,,,,,,,,,,
2025-06-19,丸亀,6,1,坪口竜也,A1,32.39,1,◎,59.1044,,0,92.5,0.1363,2.7388,,,0,低,84,0,逃1%,52,0,78.7,1.1693,0.8333,,,,,0,0.0667,0.0333,◎,,C,○,,,0.6815,,0.6309,S,89,0,◎1着固定 2-3着流し（5〜8点）,0.5777,"{'is_target': True, 'verdict': '参加推奨', 'max_combo_prob': 0.0745, 'est_top_odds': 17.9, 'circle_concentration': 64.5, 'eligible_count': 6, 'bet_adj': 2, 'reason': 'rel_win1=59.1%（本命度） / 最有力組み合わせ確率: 0.074（推定実オッズ?18倍） / 2着集中度: 上位2艇 64.5%（補正+0.00） / 総合判定確率: 0.074 / → ヒモ分散。1号艇1着固定で広めのヒモ流し推奨（買い目+2点）', 'tenji_trigger': '展示確認: ヒモ分散レース。1号艇伸び確認後、広めのヒモ流しを採用。穴ヒモ（5・6号艇）を積極的に含める。\n展示で1号艇スタート超安定(0.136秒)→ヒモ固まり方向に注意'}",,,26.4,逃げ狙い,18.37,23.3,4,,,,,0,0,0.7559,0,,逃げ軸流し,A
2025-06-19,丸亀,6,2,岸本雄貴,B1,43.60,2,○,7.8847,28.8,58,44.1,0.1702,3.8305,,,0,低,136,0,ま0%,65,0,47.6,0.7481,0,0,0.04,0,0,0.0842,0.1621,0.0421,,,A,,,0.0541,0.5525,,0.6309,S,89,0,◎1着固定 2-3着流し（5〜8点）,0.5777,"{'is_target': True, 'verdict': '参加推奨', 'max_combo_prob': 0.0745, 'est_top_odds': 17.9, 'circle_concentration': 64.5, 'eligible_count': 6, 'bet_adj': 2, 'reason': 'rel_win1=59.1%（本命度） / 最有力組み合わせ確率: 0.074（推定実オッズ?18倍） / 2着集中度: 上位2艇 64.5%（補正+0.00） / 総合判定確率: 0.074 / → ヒモ分散。1号艇1着固定で広めのヒモ流し推奨（買い目+2点）', 'tenji_trigger': '展示確認: ヒモ分散レース。1号艇伸び確認後、広めのヒモ流しを採用。穴ヒモ（5・6号艇）を積極的に含める。\n展示で1号艇スタート超安定(0.136秒)→ヒモ固まり方向に注意'}",,,26.4,逃げ狙い,18.37,23.3,4,,,,,,,,,,,
2025-06-19,丸亀,6,3,山本隆幸,A2,30.22,3,△,13.9884,32.6,74,63,0.1661,3.2065,,,0,低,130,0,-,22,0,100,2.611,0,0,0.0952,0.0952,0,0,0.0645,0.2258,,,D,△,,0.1592,0.631,,0.6309,S,89,0,◎1着固定 2-3着流し（5〜8点）,0.5777,"{'is_target': True, 'verdict': '参加推奨', 'max_combo_prob': 0.0745, 'est_top_odds': 17.9, 'circle_concentration': 64.5, 'eligible_count': 6, 'bet_adj': 2, 'reason': 'rel_win1=59.1%（本命度） / 最有力組み合わせ確率: 0.074（推定実オッズ?18倍） / 2着集中度: 上位2艇 64.5%（補正+0.00） / 総合判定確率: 0.074 / → ヒモ分散。1号艇1着固定で広めのヒモ流し推奨（買い目+2点）', 'tenji_trigger': '展示確認: ヒモ分散レース。1号艇伸び確認後、広めのヒモ流しを採用。穴ヒモ（5・6号艇）を積極的に含める。\n展示で1号艇スタート超安定(0.136秒)→ヒモ固まり方向に注意'}",,,26.4,逃げ狙い,18.37,23.3,4,,,,,,,,,,,
2025-06-19,丸亀,6,4,渡辺浩司,A1,30.22,4,▲,11.1678,31.8,100,79.2,0.134,2.7604,,,0,低,46,0,差ま0% 抜0%,14,0,76.8,1.5628,0,0,0,0.0714,0.0714,0.1467,0,0.0867,,,D,◎,◎,0.2982,0.699,0.4699,0.6309,S,89,0,◎1着固定 2-3着流し（5〜8点）,0.5777,"{'is_target': True, 'verdict': '参加推奨', 'max_combo_prob': 0.0745, 'est_top_odds': 17.9, 'circle_concentration': 64.5, 'eligible_count': 6, 'bet_adj': 2, 'reason': 'rel_win1=59.1%（本命度） / 最有力組み合わせ確率: 0.074（推定実オッズ?18倍） / 2着集中度: 上位2艇 64.5%（補正+0.00） / 総合判定確率: 0.074 / → ヒモ分散。1号艇1着固定で広めのヒモ流し推奨（買い目+2点）', 'tenji_trigger': '展示確認: ヒモ分散レース。1号艇伸び確認後、広めのヒモ流しを採用。穴ヒモ（5・6号艇）を積極的に含める。\n展示で1号艇スタート超安定(0.136秒)→ヒモ固まり方向に注意'}",,,26.4,逃げ狙い,18.37,23.3,4,,,,,,,,,,,
2025-06-19,丸亀,6,5,西尾亮輔,B1,40.00,5,,6.916,3.5,65,30.6,0.1837,3.9113,,,0,低,145,0,差ま0%,33,0,29.2,1.0264,0,0,0,0.0714,0,0.12,0.04,0.72,,,B,,,0.1397,0.545,,0.6309,S,89,0,◎1着固定 2-3着流し（5〜8点）,0.5777,"{'is_target': True, 'verdict': '参加推奨', 'max_combo_prob': 0.0745, 'est_top_odds': 17.9, 'circle_concentration': 64.5, 'eligible_count': 6, 'bet_adj': 2, 'reason': 'rel_win1=59.1%（本命度） / 最有力組み合わせ確率: 0.074（推定実オッズ?18倍） / 2着集中度: 上位2艇 64.5%（補正+0.00） / 総合判定確率: 0.074 / → ヒモ分散。1号艇1着固定で広めのヒモ流し推奨（買い目+2点）', 'tenji_trigger': '展示確認: ヒモ分散レース。1号艇伸び確認後、広めのヒモ流しを採用。穴ヒモ（5・6号艇）を積極的に含める。\n展示で1号艇スタート超安定(0.136秒)→ヒモ固まり方向に注意'}",,,26.4,逃げ狙い,18.37,23.3,4,,,,,,,,,,,
2025-06-19,丸亀,6,6,田添康介,B1,30.00,6,,0.9387,3.2,36,19.1,0.1598,3.2738,,,0,低,78,0,-,1,0,29.2,0.5672,,,,,,0.375,0.375,0,,,D,△,,0.238,0.5535,,0.6309,S,89,0,◎1着固定 2-3着流し（5〜8点）,0.5777,"{'is_target': True, 'verdict': '参加推奨', 'max_combo_prob': 0.0745, 'est_top_odds': 17.9, 'circle_concentration': 64.5, 'eligible_count': 6, 'bet_adj': 2, 'reason': 'rel_win1=59.1%（本命度） / 最有力組み合わせ確率: 0.074（推定実オッズ?18倍） / 2着集中度: 上位2艇 64.5%（補正+0.00） / 総合判定確率: 0.074 / → ヒモ分散。1号艇1着固定で広めのヒモ流し推奨（買い目+2点）', 'tenji_trigger': '展示確認: ヒモ分散レース。1号艇伸び確認後、広めのヒモ流しを採用。穴ヒモ（5・6号艇）を積極的に含める。\n展示で1号艇スタート超安定(0.136秒)→ヒモ固まり方向に注意'}",,,26.4,逃げ狙い,18.37,23.3,4,,,,,,,,,,,
2025-06-19,丸亀,7,1,濱崎直矢,A1,24.70,1,◎,62.8318,,0,93.8,0.1501,2.8375,,,0,低,95,0,逃1%,21,0,91.2,1.211,0.8148,,,,,0.0148,0.1444,0.1148,◎,,E,△,,,0.632,,0.565,S,100,0,◎1着固定 2-3着流し（5〜8点）,0.5777,"{'is_target': True, 'verdict': '点数絞り', 'max_combo_prob': 0.102, 'est_top_odds': 13.1, 'circle_concentration': 83.3, 'eligible_count': 6, 'bet_adj': 0, 'reason': 'rel_win1=62.8%（本命度） / 最有力組み合わせ確率: 0.102（推定実オッズ?13倍） / 2着集中度: 上位2艇 83.3%（補正+0.04） / 総合判定確率: 0.142 / → ヒモはやや固め。上位2艇以外を切ること', 'tenji_trigger': '展示確認: 1号艇伸び良→そのまま採用。悪→飛び組に差し替え。circle_pct上位2艇に絞り込むこと。'}",,,27.6,逃げ狙い,17.31,27.6,4,,,,,0,0,0.7559,0,,逃げ軸流し,A
2025-06-19,丸亀,7,2,島田一生,B1,39.77,2,○,9.2482,53.3,79,58.1,0.1627,3.7339,,,0,低,101,0,差0% 抜0%,6,0,30,0.9429,0,0.087,0,0,0.0435,0.1905,0.2857,0.0476,,,A,,,0.193,0.569,,0.565,S,100,0,◎1着固定 2-3着流し（5〜8点）,0.5777,"{'is_target': True, 'verdict': '点数絞り', 'max_combo_prob': 0.102, 'est_top_odds': 13.1, 'circle_concentration': 83.3, 'eligible_count': 6, 'bet_adj': 0, 'reason': 'rel_win1=62.8%（本命度） / 最有力組み合わせ確率: 0.102（推定実オッズ?13倍） / 2着集中度: 上位2艇 83.3%（補正+0.04） / 総合判定確率: 0.142 / → ヒモはやや固め。上位2艇以外を切ること', 'tenji_trigger': '展示確認: 1号艇伸び良→そのまま採用。悪→飛び組に差し替え。circle_pct上位2艇に絞り込むこと。'}",,,27.6,逃げ狙い,17.31,27.6,4,,,,,,,,,,,
2025-06-19,丸亀,7,3,長谷川親,B1,30.64,3,,5.9577,8.9,63,20,0.1822,3.7917,,,0,低,166,0,-,1,0,32.4,1.08,,,,,,0.1111,0.3778,0.2222,,,C,△,,0.1509,0.605,,0.565,S,100,0,◎1着固定 2-3着流し（5〜8点）,0.5777,"{'is_target': True, 'verdict': '点数絞り', 'max_combo_prob': 0.102, 'est_top_odds': 13.1, 'circle_concentration': 83.3, 'eligible_count': 6, 'bet_adj': 0, 'reason': 'rel_win1=62.8%（本命度） / 最有力組み合わせ確率: 0.102（推定実オッズ?13倍） / 2着集中度: 上位2艇 83.3%（補正+0.04） / 総合判定確率: 0.142 / → ヒモはやや固め。上位2艇以外を切ること', 'tenji_trigger': '展示確認: 1号艇伸び良→そのまま採用。悪→飛び組に差し替え。circle_pct上位2艇に絞り込むこと。'}",,,27.6,逃げ狙い,17.31,27.6,4,,,,,,,,,,,
2025-06-19,丸亀,7,4,石丸海渡,A1,26.74,4,▲,17.3324,30.1,100,70,0.1207,2.15,,,0,低,26,0,差0% ま0%,43,0,47.4,1.1087,0,0.05,0.25,0,0,0.0792,0.0125,0,,◎,D,◎,◎,0.4587,0.687,0.465,0.565,S,100,0,◎1着固定 2-3着流し（5〜8点）,0.5777,"{'is_target': True, 'verdict': '点数絞り', 'max_combo_prob': 0.102, 'est_top_odds': 13.1, 'circle_concentration': 83.3, 'eligible_count': 6, 'bet_adj': 0, 'reason': 'rel_win1=62.8%（本命度） / 最有力組み合わせ確率: 0.102（推定実オッズ?13倍） / 2着集中度: 上位2艇 83.3%（補正+0.04） / 総合判定確率: 0.142 / → ヒモはやや固め。上位2艇以外を切ること', 'tenji_trigger': '展示確認: 1号艇伸び良→そのまま採用。悪→飛び組に差し替え。circle_pct上位2艇に絞り込むこと。'}",,,27.6,逃げ狙い,17.31,27.6,4,,,,,,,,,,,
2025-06-19,丸亀,7,5,半田尚也,B1,37.43,5,△,3.6208,4,85,29.8,0.1784,3.5,,,0,低,141,0,-,5,0,87.2,1.6029,,,,,,0.18,0.54,0.16,,,B,,,0.2157,0.5765,,0.565,S,100,0,◎1着固定 2-3着流し（5〜8点）,0.5777,"{'is_target': True, 'verdict': '点数絞り', 'max_combo_prob': 0.102, 'est_top_odds': 13.1, 'circle_concentration': 83.3, 'eligible_count': 6, 'bet_adj': 0, 'reason': 'rel_win1=62.8%（本命度） / 最有力組み合わせ確率: 0.102（推定実オッズ?13倍） / 2着集中度: 上位2艇 83.3%（補正+0.04） / 総合判定確率: 0.142 / → ヒモはやや固め。上位2艇以外を切ること', 'tenji_trigger': '展示確認: 1号艇伸び良→そのまま採用。悪→飛び組に差し替え。circle_pct上位2艇に絞り込むこと。'}",,,27.6,逃げ狙い,17.31,27.6,4,,,,,,,,,,,
2025-06-19,丸亀,7,6,眞田英二,A2,28.48,6,,1.0091,3.8,80,27.5,0.2223,5.1375,,,0,低,137,0,-,14,0,30.3,1.1872,,,,,,0.0667,0.2889,0.0667,,,D,○,,0.135,0.6555,,0.565,S,100,0,◎1着固定 2-3着流し（5〜8点）,0.5777,"{'is_target': True, 'verdict': '点数絞り', 'max_combo_prob': 0.102, 'est_top_odds': 13.1, 'circle_concentration': 83.3, 'eligible_count': 6, 'bet_adj': 0, 'reason': 'rel_win1=62.8%（本命度） / 最有力組み合わせ確率: 0.102（推定実オッズ?13倍） / 2着集中度: 上位2艇 83.3%（補正+0.04） / 総合判定確率: 0.142 / → ヒモはやや固め。上位2艇以外を切ること', 'tenji_trigger': '展示確認: 1号艇伸び良→そのまま採用。悪→飛び組に差し替え。circle_pct上位2艇に絞り込むこと。'}",,,27.6,逃げ狙い,17.31,27.6,4,,,,,,,,,,,
2025-06-19,丸亀,8,1,石橋道友,A1,28.00,1,◎,69.0822,,0,95.1,0.133,2.784,,,0,低,72,0,逃0%,26,0,95.7,1.3221,0.7419,,,,,0.0516,0.0129,0.0129,◎,,D,○,,,0.64,,0.6351,S,91,0,◎1着固定 2-3着流し（5〜8点）,0.5777,"{'is_target': True, 'verdict': '参加推奨', 'max_combo_prob': 0.0957, 'est_top_odds': 13.9, 'circle_concentration': 66.8, 'eligible_count': 6, 'bet_adj': 2, 'reason': 'rel_win1=69.1%（本命度） / 最有力組み合わせ確率: 0.096（推定実オッズ?14倍） / 2着集中度: 上位2艇 66.8%（補正+0.00） / 総合判定確率: 0.096 / → ヒモ分散。1号艇1着固定で広めのヒモ流し推奨（買い目+2点）', 'tenji_trigger': '展示確認: ヒモ分散レース。1号艇伸び確認後、広めのヒモ流しを採用。穴ヒモ（5・6号艇）を積極的に含める。\n展示で1号艇スタート超安定(0.133秒)→ヒモ固まり方向に注意'}",,,24.8,逃げ狙い,12.7,23.4,2,,,,,0,0,0.7559,0,,逃げ軸流し,A
2025-06-19,丸亀,8,2,盛本真輔,A2,32.95,2,○,13.472,37.9,92,64.4,0.1863,3.9178,,,0,低,190,0,-,23,0,38.8,1.0328,0,0.0278,0.1389,0,0,0.1487,0.0211,0.2237,,,B,△,,0.0703,0.596,,0.6351,S,91,0,◎1着固定 2-3着流し（5〜8点）,0.5777,"{'is_target': True, 'verdict': '参加推奨', 'max_combo_prob': 0.0957, 'est_top_odds': 13.9, 'circle_concentration': 66.8, 'eligible_count': 6, 'bet_adj': 2, 'reason': 'rel_win1=69.1%（本命度） / 最有力組み合わせ確率: 0.096（推定実オッズ?14倍） / 2着集中度: 上位2艇 66.8%（補正+0.00） / 総合判定確率: 0.096 / → ヒモ分散。1号艇1着固定で広めのヒモ流し推奨（買い目+2点）', 'tenji_trigger': '展示確認: ヒモ分散レース。1号艇伸び確認後、広めのヒモ流しを採用。穴ヒモ（5・6号艇）を積極的に含める。\n展示で1号艇スタート超安定(0.133秒)→ヒモ固まり方向に注意'}",,,24.8,逃げ狙い,12.7,23.4,2,,,,,,,,,,,
2025-06-19,丸亀,8,3,土屋太朗,B1,28.16,3,,5.7325,28,100,54.2,0.156,3.2083,,,0,低,138,0,差0% 差ま0%,4,0,33.6,0.9281,0,0.05,0,0.05,0,0.2114,0.1657,0.3114,,,D,△,,0.1727,0.5975,,0.6351,S,91,0,◎1着固定 2-3着流し（5〜8点）,0.5777,"{'is_target': True, 'verdict': '参加推奨', 'max_combo_prob': 0.0957, 'est_top_odds': 13.9, 'circle_concentration': 66.8, 'eligible_count': 6, 'bet_adj': 2, 'reason': 'rel_win1=69.1%（本命度） / 最有力組み合わせ確率: 0.096（推定実オッズ?14倍） / 2着集中度: 上位2艇 66.8%（補正+0.00） / 総合判定確率: 0.096 / → ヒモ分散。1号艇1着固定で広めのヒモ流し推奨（買い目+2点）', 'tenji_trigger': '展示確認: ヒモ分散レース。1号艇伸び確認後、広めのヒモ流しを採用。穴ヒモ（5・6号艇）を積極的に含める。\n展示で1号艇スタート超安定(0.133秒)→ヒモ固まり方向に注意'}",,,24.8,逃げ狙い,12.7,23.4,2,,,,,,,,,,,
2025-06-19,丸亀,8,4,四宮与寛,A2,29.63,4,▲,6.9948,28.8,76,57.4,0.1354,2.6311,,,0,低,60,0,-,1,0,32.3,0.8055,0,0.0357,0.0357,0,0,0.1116,0.1374,0.0258,,,C,◎,◎,0.2757,0.6545,0.4326,0.6351,S,91,0,◎1着固定 2-3着流し（5〜8点）,0.5777,"{'is_target': True, 'verdict': '参加推奨', 'max_combo_prob': 0.0957, 'est_top_odds': 13.9, 'circle_concentration': 66.8, 'eligible_count': 6, 'bet_adj': 2, 'reason': 'rel_win1=69.1%（本命度） / 最有力組み合わせ確率: 0.096（推定実オッズ?14倍） / 2着集中度: 上位2艇 66.8%（補正+0.00） / 総合判定確率: 0.096 / → ヒモ分散。1号艇1着固定で広めのヒモ流し推奨（買い目+2点）', 'tenji_trigger': '展示確認: ヒモ分散レース。1号艇伸び確認後、広めのヒモ流しを採用。穴ヒモ（5・6号艇）を積極的に含める。\n展示で1号艇スタート超安定(0.133秒)→ヒモ固まり方向に注意'}",,,24.8,逃げ狙い,12.7,23.4,2,,,,,,,,,,,
2025-06-19,丸亀,8,5,藤井太雅,B1,32.42,5,△,3.7404,4.8,66,21.9,0.1817,3.2195,,,0,低,119,0,差ま0%,21,0,28.2,0.714,0,0,0,0.1333,0,0.0833,0.4167,0.1667,,,B,,,0.1519,0.45,,0.6351,S,91,0,◎1着固定 2-3着流し（5〜8点）,0.5777,"{'is_target': True, 'verdict': '参加推奨', 'max_combo_prob': 0.0957, 'est_top_odds': 13.9, 'circle_concentration': 66.8, 'eligible_count': 6, 'bet_adj': 2, 'reason': 'rel_win1=69.1%（本命度） / 最有力組み合わせ確率: 0.096（推定実オッズ?14倍） / 2着集中度: 上位2艇 66.8%（補正+0.00） / 総合判定確率: 0.096 / → ヒモ分散。1号艇1着固定で広めのヒモ流し推奨（買い目+2点）', 'tenji_trigger': '展示確認: ヒモ分散レース。1号艇伸び確認後、広めのヒモ流しを採用。穴ヒモ（5・6号艇）を積極的に含める。\n展示で1号艇スタート超安定(0.133秒)→ヒモ固まり方向に注意'}",,,24.8,逃げ狙い,12.7,23.4,2,,,,,,,,,,,
2025-06-19,丸亀,8,6,香月大輝,B2,28.11,6,,0.978,0.4,32,10.9,0.1819,3.8318,,,0,低,75,0,-,6,0,24,0.6811,,,,,,,,,,,D,,,0.1552,0.4735,,0.6351,S,91,0,◎1着固定 2-3着流し（5〜8点）,0.5777,"{'is_target': True, 'verdict': '参加推奨', 'max_combo_prob': 0.0957, 'est_top_odds': 13.9, 'circle_concentration': 66.8, 'eligible_count': 6, 'bet_adj': 2, 'reason': 'rel_win1=69.1%（本命度） / 最有力組み合わせ確率: 0.096（推定実オッズ?14倍） / 2着集中度: 上位2艇 66.8%（補正+0.00） / 総合判定確率: 0.096 / → ヒモ分散。1号艇1着固定で広めのヒモ流し推奨（買い目+2点）', 'tenji_trigger': '展示確認: ヒモ分散レース。1号艇伸び確認後、広めのヒモ流しを採用。穴ヒモ（5・6号艇）を積極的に含める。\n展示で1号艇スタート超安定(0.133秒)→ヒモ固まり方向に注意'}",,,24.8,逃げ狙い,12.7,23.4,2,,,,,,,,,,,
2025-06-19,丸亀,9,1,秋元　哲,A1,25.52,1,◎,61.8418,,0,93.1,0.1358,2.625,,,0,低,70,0,逃1%,45,0,83.3,1.1859,0.6897,,,,,0.1133,0.0276,0.1271,◎,,E,◎,,,0.6735,,0.6971,S,89,0,◎1着固定 2-3着流し（5〜8点）,0.5777,"{'is_target': True, 'verdict': '点数絞り', 'max_combo_prob': 0.1001, 'est_top_odds': 13.3, 'circle_concentration': 75.3, 'eligible_count': 6, 'bet_adj': 0, 'reason': 'rel_win1=61.8%（本命度） / 最有力組み合わせ確率: 0.100（推定実オッズ?13倍） / 2着集中度: 上位2艇 75.3%（補正+0.04） / 総合判定確率: 0.140 / → ヒモはやや固め。上位2艇以外を切ること', 'tenji_trigger': '展示確認: 1号艇伸び良→そのまま採用。悪→飛び組に差し替え。circle_pct上位2艇に絞り込むこと。\n展示で1号艇スタート超安定(0.136秒)→ヒモ固まり方向に注意'}",,,26.9,逃げ狙い,15.73,27,2,,,,,0,0,0.7559,0,,逃げ軸流し,A
2025-06-19,丸亀,9,2,金児隆太,A2,27.12,2,,11.9054,47.3,80,65.4,0.1885,4.2596,,,0,低,153,0,-,4,0,42.7,1.0479,,,,,,0.048,0.444,0.032,,,D,△,,0.0775,0.6175,,0.6971,S,89,0,◎1着固定 2-3着流し（5〜8点）,0.5777,"{'is_target': True, 'verdict': '点数絞り', 'max_combo_prob': 0.1001, 'est_top_odds': 13.3, 'circle_concentration': 75.3, 'eligible_count': 6, 'bet_adj': 0, 'reason': 'rel_win1=61.8%（本命度） / 最有力組み合わせ確率: 0.100（推定実オッズ?13倍） / 2着集中度: 上位2艇 75.3%（補正+0.04） / 総合判定確率: 0.140 / → ヒモはやや固め。上位2艇以外を切ること', 'tenji_trigger': '展示確認: 1号艇伸び良→そのまま採用。悪→飛び組に差し替え。circle_pct上位2艇に絞り込むこと。\n展示で1号艇スタート超安定(0.136秒)→ヒモ固まり方向に注意'}",,,26.9,逃げ狙い,15.73,27,2,,,,,,,,,,,
2025-06-19,丸亀,9,3,安東幸治,A1,47.70,3,○,16.7086,28.1,100,68.8,0.1731,3.5455,,,0,低,182,0,ま0% 差ま0% 抜0%,62,0,60.8,1.4229,0,0,0.0625,0.125,0.0625,0.1161,0.2354,0.1263,,,A,○,,0.1315,0.633,,0.6971,S,89,0,◎1着固定 2-3着流し（5〜8点）,0.5777,"{'is_target': True, 'verdict': '点数絞り', 'max_combo_prob': 0.1001, 'est_top_odds': 13.3, 'circle_concentration': 75.3, 'eligible_count': 6, 'bet_adj': 0, 'reason': 'rel_win1=61.8%（本命度） / 最有力組み合わせ確率: 0.100（推定実オッズ?13倍） / 2着集中度: 上位2艇 75.3%（補正+0.04） / 総合判定確率: 0.140 / → ヒモはやや固め。上位2艇以外を切ること', 'tenji_trigger': '展示確認: 1号艇伸び良→そのまま採用。悪→飛び組に差し替え。circle_pct上位2艇に絞り込むこと。\n展示で1号艇スタート超安定(0.136秒)→ヒモ固まり方向に注意'}",,,26.9,逃げ狙い,15.73,27,2,,,,,,,,,,,
2025-06-19,丸亀,9,4,森林　太,B1,34.32,4,△,4.5744,12.4,78,34.5,0.1905,4.1379,,,0,低,204,0,-,5,0,23.2,0.7328,0,0.04,0,0.04,0,0.0667,0.3556,0.1222,,,C,,,0.1066,0.555,,0.6971,S,89,0,◎1着固定 2-3着流し（5〜8点）,0.5777,"{'is_target': True, 'verdict': '点数絞り', 'max_combo_prob': 0.1001, 'est_top_odds': 13.3, 'circle_concentration': 75.3, 'eligible_count': 6, 'bet_adj': 0, 'reason': 'rel_win1=61.8%（本命度） / 最有力組み合わせ確率: 0.100（推定実オッズ?13倍） / 2着集中度: 上位2艇 75.3%（補正+0.04） / 総合判定確率: 0.140 / → ヒモはやや固め。上位2艇以外を切ること', 'tenji_trigger': '展示確認: 1号艇伸び良→そのまま採用。悪→飛び組に差し替え。circle_pct上位2艇に絞り込むこと。\n展示で1号艇スタート超安定(0.136秒)→ヒモ固まり方向に注意'}",,,26.9,逃げ狙い,15.73,27,2,,,,,,,,,,,
2025-06-19,丸亀,9,5,酒井陽祐,B1,34.62,5,▲,3.9343,9.9,77,35.5,0.1752,3.9758,,,0,低,117,0,-,5,0,95.8,1.8243,0,0,0,0.0323,0,0.2222,0,0.3333,,,B,△,,0.1563,0.62,,0.6971,S,89,0,◎1着固定 2-3着流し（5〜8点）,0.5777,"{'is_target': True, 'verdict': '点数絞り', 'max_combo_prob': 0.1001, 'est_top_odds': 13.3, 'circle_concentration': 75.3, 'eligible_count': 6, 'bet_adj': 0, 'reason': 'rel_win1=61.8%（本命度） / 最有力組み合わせ確率: 0.100（推定実オッズ?13倍） / 2着集中度: 上位2艇 75.3%（補正+0.04） / 総合判定確率: 0.140 / → ヒモはやや固め。上位2艇以外を切ること', 'tenji_trigger': '展示確認: 1号艇伸び良→そのまま採用。悪→飛び組に差し替え。circle_pct上位2艇に絞り込むこと。\n展示で1号艇スタート超安定(0.136秒)→ヒモ固まり方向に注意'}",,,26.9,逃げ狙い,15.73,27,2,,,,,,,,,,,
2025-06-19,丸亀,9,6,塚田修二,B1,29.35,6,,1.0356,2.4,37,23.5,0.1988,3.9265,,,0,低,121,0,-,46,0,40.1,1.0306,,,,,,0.0211,0.4084,0.3663,,,D,,,0.139,0.5975,,0.6971,S,89,0,◎1着固定 2-3着流し（5〜8点）,0.5777,"{'is_target': True, 'verdict': '点数絞り', 'max_combo_prob': 0.1001, 'est_top_odds': 13.3, 'circle_concentration': 75.3, 'eligible_count': 6, 'bet_adj': 0, 'reason': 'rel_win1=61.8%（本命度） / 最有力組み合わせ確率: 0.100（推定実オッズ?13倍） / 2着集中度: 上位2艇 75.3%（補正+0.04） / 総合判定確率: 0.140 / → ヒモはやや固め。上位2艇以外を切ること', 'tenji_trigger': '展示確認: 1号艇伸び良→そのまま採用。悪→飛び組に差し替え。circle_pct上位2艇に絞り込むこと。\n展示で1号艇スタート超安定(0.136秒)→ヒモ固まり方向に注意'}",,,26.9,逃げ狙い,15.73,27,2,,,,,,,,,,,
2025-06-19,丸亀,10,1,渡辺浩司,A1,30.22,1,◎,58.7336,,0,98.7,0.1197,2.2949,,,0,低,46,0,逃1%,14,0,84.5,1.2457,0.8,,,,,0.1467,0,0.0867,◎,,C,◎,,,0.699,,0.715,S,84,0,◎1着固定 2-3着流し（5〜8点）,0.5777,"{'is_target': True, 'verdict': '点数絞り', 'max_combo_prob': 0.0958, 'est_top_odds': 13.9, 'circle_concentration': 71.6, 'eligible_count': 6, 'bet_adj': 0, 'reason': 'rel_win1=58.7%（本命度） / 最有力組み合わせ確率: 0.096（推定実オッズ?14倍） / 2着集中度: 上位2艇 71.6%（補正+0.04） / 総合判定確率: 0.136 / → ヒモはやや固め。上位2艇以外を切ること', 'tenji_trigger': '展示確認: 1号艇伸び良→そのまま採用。悪→飛び組に差し替え。circle_pct上位2艇に絞り込むこと。\n展示で1号艇スタート超安定(0.120秒)→ヒモ固まり方向に注意'}",,,29.3,逃げ狙い,25.26,25.6,2,,,,,0,0,0.7559,0,,逃げ軸流し,A
2025-06-19,丸亀,10,2,安河内将,A1,30.99,2,▲,17.7373,53,97,85,0.1638,3.3375,,,0,低,99,0,差0% ま0%,12,0,64.2,1.3883,0,0.3684,0.0526,0,0,0.0781,0.0781,0.0781,,,C,△,,0.1336,0.6335,,0.715,S,84,0,◎1着固定 2-3着流し（5〜8点）,0.5777,"{'is_target': True, 'verdict': '点数絞り', 'max_combo_prob': 0.0958, 'est_top_odds': 13.9, 'circle_concentration': 71.6, 'eligible_count': 6, 'bet_adj': 0, 'reason': 'rel_win1=58.7%（本命度） / 最有力組み合わせ確率: 0.096（推定実オッズ?14倍） / 2着集中度: 上位2艇 71.6%（補正+0.04） / 総合判定確率: 0.136 / → ヒモはやや固め。上位2艇以外を切ること', 'tenji_trigger': '展示確認: 1号艇伸び良→そのまま採用。悪→飛び組に差し替え。circle_pct上位2艇に絞り込むこと。\n展示で1号艇スタート超安定(0.120秒)→ヒモ固まり方向に注意'}",,,29.3,逃げ狙い,25.26,25.6,2,,,,,,,,,,,
2025-06-19,丸亀,10,3,安田吉宏,B1,26.62,3,,6.5149,10.3,100,40.4,0.1632,3.2105,,,0,低,115,0,差0% 差ま0% 抜0%,6,0,100,0.7498,0,0.0385,0,0.0769,0.0385,0.2,0.3524,0.2476,,,D,,,0.1069,0.551,,0.715,S,84,0,◎1着固定 2-3着流し（5〜8点）,0.5777,"{'is_target': True, 'verdict': '点数絞り', 'max_combo_prob': 0.0958, 'est_top_odds': 13.9, 'circle_concentration': 71.6, 'eligible_count': 6, 'bet_adj': 0, 'reason': 'rel_win1=58.7%（本命度） / 最有力組み合わせ確率: 0.096（推定実オッズ?14倍） / 2着集中度: 上位2艇 71.6%（補正+0.04） / 総合判定確率: 0.136 / → ヒモはやや固め。上位2艇以外を切ること', 'tenji_trigger': '展示確認: 1号艇伸び良→そのまま採用。悪→飛び組に差し替え。circle_pct上位2艇に絞り込むこと。\n展示で1号艇スタート超安定(0.120秒)→ヒモ固まり方向に注意'}",,,29.3,逃げ狙い,25.26,25.6,2,,,,,,,,,,,
2025-06-19,丸亀,10,4,伊藤啓三,A2,26.62,4,,7.6668,18.6,92,58.2,0.1273,2.5364,,,0,低,78,0,-,2,0,51,1.1309,,,,,,0.2727,0.3455,0.0364,,,D,○,◎,0.2828,0.6695,0.4072,0.715,S,84,0,◎1着固定 2-3着流し（5〜8点）,0.5777,"{'is_target': True, 'verdict': '点数絞り', 'max_combo_prob': 0.0958, 'est_top_odds': 13.9, 'circle_concentration': 71.6, 'eligible_count': 6, 'bet_adj': 0, 'reason': 'rel_win1=58.7%（本命度） / 最有力組み合わせ確率: 0.096（推定実オッズ?14倍） / 2着集中度: 上位2艇 71.6%（補正+0.04） / 総合判定確率: 0.136 / → ヒモはやや固め。上位2艇以外を切ること', 'tenji_trigger': '展示確認: 1号艇伸び良→そのまま採用。悪→飛び組に差し替え。circle_pct上位2艇に絞り込むこと。\n展示で1号艇スタート超安定(0.120秒)→ヒモ固まり方向に注意'}",,,29.3,逃げ狙い,25.26,25.6,2,,,,,,,,,,,
2025-06-19,丸亀,10,5,西川拓利,B1,31.84,5,○,5.6976,11.5,56,34.8,0.1624,3.2174,,,0,低,82,0,ま0% 差ま0%,3,0,47.9,1.0602,0,0,0.05,0.1,0,0.0769,0.0769,0.2308,,,B,,,0.1623,0.5875,,0.715,S,84,0,◎1着固定 2-3着流し（5〜8点）,0.5777,"{'is_target': True, 'verdict': '点数絞り', 'max_combo_prob': 0.0958, 'est_top_odds': 13.9, 'circle_concentration': 71.6, 'eligible_count': 6, 'bet_adj': 0, 'reason': 'rel_win1=58.7%（本命度） / 最有力組み合わせ確率: 0.096（推定実オッズ?14倍） / 2着集中度: 上位2艇 71.6%（補正+0.04） / 総合判定確率: 0.136 / → ヒモはやや固め。上位2艇以外を切ること', 'tenji_trigger': '展示確認: 1号艇伸び良→そのまま採用。悪→飛び組に差し替え。circle_pct上位2艇に絞り込むこと。\n展示で1号艇スタート超安定(0.120秒)→ヒモ固まり方向に注意'}",,,29.3,逃げ狙い,25.26,25.6,2,,,,,,,,,,,
2025-06-19,丸亀,10,6,妻鳥晋也,B1,33.52,6,△,3.6499,6.6,77,35.7,0.1767,4.1548,,,0,低,151,0,-,3,0,30.9,2.2425,0,0,0,0.0588,0.0588,0.25,0.21,0.23,,,B,△,,0.1118,0.601,,0.715,S,84,0,◎1着固定 2-3着流し（5〜8点）,0.5777,"{'is_target': True, 'verdict': '点数絞り', 'max_combo_prob': 0.0958, 'est_top_odds': 13.9, 'circle_concentration': 71.6, 'eligible_count': 6, 'bet_adj': 0, 'reason': 'rel_win1=58.7%（本命度） / 最有力組み合わせ確率: 0.096（推定実オッズ?14倍） / 2着集中度: 上位2艇 71.6%（補正+0.04） / 総合判定確率: 0.136 / → ヒモはやや固め。上位2艇以外を切ること', 'tenji_trigger': '展示確認: 1号艇伸び良→そのまま採用。悪→飛び組に差し替え。circle_pct上位2艇に絞り込むこと。\n展示で1号艇スタート超安定(0.120秒)→ヒモ固まり方向に注意'}",,,29.3,逃げ狙い,25.26,25.6,2,,,,,,,,,,,
2025-06-19,丸亀,11,1,松田竜馬,A2,34.10,1,◎,64.309,,0,91,0.1496,2.6119,,,0,低,79,0,逃0%,42,0,100,1.5091,0.6429,,,,,0.0143,0.1286,0.2429,◎,,B,△,,,0.663,,0.5893,S,81,0,◎1着固定 2-3着流し（5〜8点）,0.5777,"{'is_target': True, 'verdict': '点数絞り', 'max_combo_prob': 0.0993, 'est_top_odds': 13.4, 'circle_concentration': 71.5, 'eligible_count': 6, 'bet_adj': 0, 'reason': 'rel_win1=64.3%（本命度） / 最有力組み合わせ確率: 0.099（推定実オッズ?13倍） / 2着集中度: 上位2艇 71.5%（補正+0.04） / 総合判定確率: 0.139 / → ヒモはやや固め。上位2艇以外を切ること', 'tenji_trigger': '展示確認: 1号艇伸び良→そのまま採用。悪→飛び組に差し替え。circle_pct上位2艇に絞り込むこと。'}",,,27.9,逃げ狙い,18.1,27.7,2,,,,,0,0,0.7559,0,,逃げ軸流し,A
2025-06-19,丸亀,11,2,古賀繁輝,A1,26.22,2,,14.1556,47.1,79,83.3,0.1622,3.3472,,,0,低,54,0,-,11,0,25.3,0.7791,0,0,0.0952,0,0.0476,0,0.0308,0.0308,,,E,△,,0.1893,0.664,,0.5893,S,81,0,◎1着固定 2-3着流し（5〜8点）,0.5777,"{'is_target': True, 'verdict': '点数絞り', 'max_combo_prob': 0.0993, 'est_top_odds': 13.4, 'circle_concentration': 71.5, 'eligible_count': 6, 'bet_adj': 0, 'reason': 'rel_win1=64.3%（本命度） / 最有力組み合わせ確率: 0.099（推定実オッズ?13倍） / 2着集中度: 上位2艇 71.5%（補正+0.04） / 総合判定確率: 0.139 / → ヒモはやや固め。上位2艇以外を切ること', 'tenji_trigger': '展示確認: 1号艇伸び良→そのまま採用。悪→飛び組に差し替え。circle_pct上位2艇に絞り込むこと。'}",,,27.9,逃げ狙い,18.1,27.7,2,,,,,,,,,,,
2025-06-19,丸亀,11,3,齊藤　優,B1,30.77,3,▲,10.1863,24.4,68,59.3,0.149,3.1186,,,0,低,103,0,-,34,0,33.1,0.9537,0,0.0741,0.1111,0,0,0.0923,0.3923,0.0462,,,C,,,0.3178,0.6325,,0.5893,S,81,0,◎1着固定 2-3着流し（5〜8点）,0.5777,"{'is_target': True, 'verdict': '点数絞り', 'max_combo_prob': 0.0993, 'est_top_odds': 13.4, 'circle_concentration': 71.5, 'eligible_count': 6, 'bet_adj': 0, 'reason': 'rel_win1=64.3%（本命度） / 最有力組み合わせ確率: 0.099（推定実オッズ?13倍） / 2着集中度: 上位2艇 71.5%（補正+0.04） / 総合判定確率: 0.139 / → ヒモはやや固め。上位2艇以外を切ること', 'tenji_trigger': '展示確認: 1号艇伸び良→そのまま採用。悪→飛び組に差し替え。circle_pct上位2艇に絞り込むこと。'}",,,27.9,逃げ狙い,18.1,27.7,2,,,,,,,,,,,
2025-06-19,丸亀,11,4,門間雄大,B1,36.99,4,○,6.1658,7.8,77,32.6,0.1584,3.2245,,,0,低,97,0,-,53,0,29.8,0.7389,0,0,0.0909,0,0,0.0211,0.2632,0.0842,,,B,,,0.2854,0.629,,0.5893,S,81,0,◎1着固定 2-3着流し（5〜8点）,0.5777,"{'is_target': True, 'verdict': '点数絞り', 'max_combo_prob': 0.0993, 'est_top_odds': 13.4, 'circle_concentration': 71.5, 'eligible_count': 6, 'bet_adj': 0, 'reason': 'rel_win1=64.3%（本命度） / 最有力組み合わせ確率: 0.099（推定実オッズ?13倍） / 2着集中度: 上位2艇 71.5%（補正+0.04） / 総合判定確率: 0.139 / → ヒモはやや固め。上位2艇以外を切ること', 'tenji_trigger': '展示確認: 1号艇伸び良→そのまま採用。悪→飛び組に差し替え。circle_pct上位2艇に絞り込むこと。'}",,,27.9,逃げ狙い,18.1,27.7,2,,,,,,,,,,,
2025-06-19,丸亀,11,5,坪口竜也,A1,32.39,5,,2.5084,12.8,100,50.9,0.1584,3.8,,,0,低,84,0,-,52,0,26.5,0.7707,,,,,,0,0.0667,0.0333,,,C,○,,0.3026,0.6815,,0.5893,S,81,0,◎1着固定 2-3着流し（5〜8点）,0.5777,"{'is_target': True, 'verdict': '点数絞り', 'max_combo_prob': 0.0993, 'est_top_odds': 13.4, 'circle_concentration': 71.5, 'eligible_count': 6, 'bet_adj': 0, 'reason': 'rel_win1=64.3%（本命度） / 最有力組み合わせ確率: 0.099（推定実オッズ?13倍） / 2着集中度: 上位2艇 71.5%（補正+0.04） / 総合判定確率: 0.139 / → ヒモはやや固め。上位2艇以外を切ること', 'tenji_trigger': '展示確認: 1号艇伸び良→そのまま採用。悪→飛び組に差し替え。circle_pct上位2艇に絞り込むこと。'}",,,27.9,逃げ狙い,18.1,27.7,2,,,,,,,,,,,
2025-06-19,丸亀,11,6,石丸海渡,A1,26.74,6,△,2.6749,7.9,60,34.1,0.1325,2.9432,,,0,低,26,0,-,43,0,43.1,1.0706,,,,,,0.0792,0.0125,0,,,D,◎,,0.3837,0.687,,0.5893,S,81,0,◎1着固定 2-3着流し（5〜8点）,0.5777,"{'is_target': True, 'verdict': '点数絞り', 'max_combo_prob': 0.0993, 'est_top_odds': 13.4, 'circle_concentration': 71.5, 'eligible_count': 6, 'bet_adj': 0, 'reason': 'rel_win1=64.3%（本命度） / 最有力組み合わせ確率: 0.099（推定実オッズ?13倍） / 2着集中度: 上位2艇 71.5%（補正+0.04） / 総合判定確率: 0.139 / → ヒモはやや固め。上位2艇以外を切ること', 'tenji_trigger': '展示確認: 1号艇伸び良→そのまま採用。悪→飛び組に差し替え。circle_pct上位2艇に絞り込むこと。'}",,,27.9,逃げ狙い,18.1,27.7,2,,,,,,,,,,,
2025-06-19,丸亀,12,1,山本隆幸,A2,30.22,1,◎,54.0358,,0,91.9,0.1758,3.6959,,,0,低,130,0,逃1%,22,0,80.6,1.1574,0.7742,,,,,0,0.0645,0.2258,○,,C,,,,0.631,,0.3812,A,74,0,◎-○軸 3着3〜4艇流し（10〜15点）,0.5777,"{'is_target': True, 'verdict': '点数絞り', 'max_combo_prob': 0.081, 'est_top_odds': 16.5, 'circle_concentration': 70.0, 'eligible_count': 8, 'bet_adj': 0, 'reason': 'rel_win1=54.0%（本命度） / 最有力組み合わせ確率: 0.081（推定実オッズ?16倍） / 2着集中度: 上位2艇 70.0%（補正+0.04） / 総合判定確率: 0.121 / → ヒモはやや固め。上位2艇以外を切ること', 'tenji_trigger': '展示確認: 1号艇伸び良→そのまま採用。悪→飛び組に差し替え。circle_pct上位2艇に絞り込むこと。'}",,,31.2,逃げ狙い,30.36,26.7,2,,,,,0,0,0.6155,0,,逃げ軸流し,A
2025-06-19,丸亀,12,2,石橋道友,A1,28.00,2,△,15.3607,47.4,50,78.3,0.1437,3.2174,,,0,低,72,0,-,26,0,83.8,1.1197,0,0.1579,0.1579,0,0,0.0516,0.0129,0.0129,,◎,D,○,,0.5889,0.64,,0.3812,A,74,0,◎-○軸 3着3〜4艇流し（10〜15点）,0.5777,"{'is_target': True, 'verdict': '点数絞り', 'max_combo_prob': 0.081, 'est_top_odds': 16.5, 'circle_concentration': 70.0, 'eligible_count': 8, 'bet_adj': 0, 'reason': 'rel_win1=54.0%（本命度） / 最有力組み合わせ確率: 0.081（推定実オッズ?16倍） / 2着集中度: 上位2艇 70.0%（補正+0.04） / 総合判定確率: 0.121 / → ヒモはやや固め。上位2艇以外を切ること', 'tenji_trigger': '展示確認: 1号艇伸び良→そのまま採用。悪→飛び組に差し替え。circle_pct上位2艇に絞り込むこと。'}",,,31.2,逃げ狙い,30.36,26.7,2,,,,,,,,,,,
2025-06-19,丸亀,12,3,田中宏樹,B1,40.85,3,▲,9.9728,16.8,88,62.2,0.1682,3.2556,,,0,低,128,0,-,53,0,19.1,0.5917,0,0.0909,0,0,0,0.2,0.02,0.18,,,A,,,0.3279,0.6195,,0.3812,A,74,0,◎-○軸 3着3〜4艇流し（10〜15点）,0.5777,"{'is_target': True, 'verdict': '点数絞り', 'max_combo_prob': 0.081, 'est_top_odds': 16.5, 'circle_concentration': 70.0, 'eligible_count': 8, 'bet_adj': 0, 'reason': 'rel_win1=54.0%（本命度） / 最有力組み合わせ確率: 0.081（推定実オッズ?16倍） / 2着集中度: 上位2艇 70.0%（補正+0.04） / 総合判定確率: 0.121 / → ヒモはやや固め。上位2艇以外を切ること', 'tenji_trigger': '展示確認: 1号艇伸び良→そのまま採用。悪→飛び組に差し替え。circle_pct上位2艇に絞り込むこと。'}",,,31.2,逃げ狙い,30.36,26.7,2,,,,,,,,,,,
2025-06-19,丸亀,12,4,古川　健,B1,30.23,4,○,10.5573,11.8,66,51.9,0.149,2.8269,,,0,低,95,0,ま0% 差ま0% 抜0%,43,0,58.6,1.1547,0,0,0.08,0.08,0.04,0.2889,0.0444,0.2667,,○,C,△,◎,0.4069,0.6335,0.3747,0.3812,A,74,0,◎-○軸 3着3〜4艇流し（10〜15点）,0.5777,"{'is_target': True, 'verdict': '点数絞り', 'max_combo_prob': 0.081, 'est_top_odds': 16.5, 'circle_concentration': 70.0, 'eligible_count': 8, 'bet_adj': 0, 'reason': 'rel_win1=54.0%（本命度） / 最有力組み合わせ確率: 0.081（推定実オッズ?16倍） / 2着集中度: 上位2艇 70.0%（補正+0.04） / 総合判定確率: 0.121 / → ヒモはやや固め。上位2艇以外を切ること', 'tenji_trigger': '展示確認: 1号艇伸び良→そのまま採用。悪→飛び組に差し替え。circle_pct上位2艇に絞り込むこと。'}",,,31.2,逃げ狙い,30.36,26.7,2,,,,,,,,,,,
2025-06-19,丸亀,12,5,濱崎直矢,A1,24.70,5,,8.3458,22.7,62,61.4,0.1598,2.9561,,,0,低,95,0,ま0% 差ま0% 抜0%,21,0,93.3,1.7333,0,0,0.0588,0.0588,0.0588,0.0148,0.1444,0.1148,,,E,△,○,0.3444,0.632,0.329,0.3812,A,74,0,◎-○軸 3着3〜4艇流し（10〜15点）,0.5777,"{'is_target': True, 'verdict': '点数絞り', 'max_combo_prob': 0.081, 'est_top_odds': 16.5, 'circle_concentration': 70.0, 'eligible_count': 8, 'bet_adj': 0, 'reason': 'rel_win1=54.0%（本命度） / 最有力組み合わせ確率: 0.081（推定実オッズ?16倍） / 2着集中度: 上位2艇 70.0%（補正+0.04） / 総合判定確率: 0.121 / → ヒモはやや固め。上位2艇以外を切ること', 'tenji_trigger': '展示確認: 1号艇伸び良→そのまま採用。悪→飛び組に差し替え。circle_pct上位2艇に絞り込むこと。'}",,,31.2,逃げ狙い,30.36,26.7,2,,,,,,,,,,,
2025-06-19,丸亀,12,6,竹田和哉,A1,25.73,6,,1.7275,1.4,100,43.1,0.1867,4.2157,,,0,低,106,0,-,21,0,55.1,1.6956,,,,,,0.116,0.116,0,,,D,◎,,0.2775,0.6415,,0.3812,A,74,0,◎-○軸 3着3〜4艇流し（10〜15点）,0.5777,"{'is_target': True, 'verdict': '点数絞り', 'max_combo_prob': 0.081, 'est_top_odds': 16.5, 'circle_concentration': 70.0, 'eligible_count': 8, 'bet_adj': 0, 'reason': 'rel_win1=54.0%（本命度） / 最有力組み合わせ確率: 0.081（推定実オッズ?16倍） / 2着集中度: 上位2艇 70.0%（補正+0.04） / 総合判定確率: 0.121 / → ヒモはやや固め。上位2艇以外を切ること', 'tenji_trigger': '展示確認: 1号艇伸び良→そのまま採用。悪→飛び組に差し替え。circle_pct上位2艇に絞り込むこと。'}",,,31.2,逃げ狙い,30.36,26.7,2,,,,,,,,,,,
2025-06-20,丸亀,1,1,妻鳥晋也,B1,33.52,1,◎,54.9032,,0,71,0.1787,4.3947,,,0,低,151,0,逃0%,3 24,0,50.3,0.8732,0.25,,,,,0.25,0.21,0.23,,,D,△,,,0.601,,0.1915,A,61,0,◎-○軸 3着3〜4艇流し（10〜15点）,0.5777,"{'is_target': True, 'verdict': '点数絞り', 'max_combo_prob': 0.092, 'est_top_odds': 14.5, 'circle_concentration': 80.5, 'eligible_count': 8, 'bet_adj': 0, 'reason': 'rel_win1=54.9%（本命度） / 最有力組み合わせ確率: 0.092（推定実オッズ?14倍） / 2着集中度: 上位2艇 80.5%（補正+0.04） / 総合判定確率: 0.132 / → ヒモはやや固め。上位2艇以外を切ること', 'tenji_trigger': '展示確認: 1号艇伸び良→そのまま採用。悪→飛び組に差し替え。circle_pct上位2艇に絞り込むこと。'}",,,29.8,両建て推奨,12.67,37.8,3,3-5-6|3-5-4|3-4-5|3-5-1|3-4-6|3-1-5|3-4-1|1-2-3|1-3-5|1-3-2|1-2-5,3-5-6|3-5-4|3-4-5|3-5-1|3-4-6|3-1-5|3-4-1|1-2-3|6-1-2|1-3-5|1-3-2|1-2-5,3-5-6:1.85%|3-5-4:1.61%|3-4-5:1.58%|3-5-1:1.34%|3-4-6:1.11%|3-1-5:1.09%|3-4-1:0.8%|1-2-3:4.33%|1-3-5:3.37%|1-3-2:3.23%|1-2-5:3.15%,3-5-6:B_main|3-5-4:B_main|3-4-5:B_main|3-5-1:B_main|3-4-6:B_main|3-1-5:B_main|3-4-1:B_main|1-2-3:A|1-3-5:A|1-3-2:A|1-2-5:A,11,12,0.2915,1,[!]見送り推奨（主役決まり手「まくり」― 逃げ劣勢レースで的中実績なし）,主役軸流し,B
2025-06-20,丸亀,1,2,塚田修二,B1,29.35,2,,9.4684,45.1,94,57.1,0.1943,4.4167,,,0,低,121,0,差0%,464,0,38.5,0.929,0,0.0526,0,0,0,0.0211,0.4084,0.3663,,,E,△,,0.192,0.5975,,0.1915,A,61,0,◎-○軸 3着3〜4艇流し（10〜15点）,0.5777,"{'is_target': True, 'verdict': '点数絞り', 'max_combo_prob': 0.092, 'est_top_odds': 14.5, 'circle_concentration': 80.5, 'eligible_count': 8, 'bet_adj': 0, 'reason': 'rel_win1=54.9%（本命度） / 最有力組み合わせ確率: 0.092（推定実オッズ?14倍） / 2着集中度: 上位2艇 80.5%（補正+0.04） / 総合判定確率: 0.132 / → ヒモはやや固め。上位2艇以外を切ること', 'tenji_trigger': '展示確認: 1号艇伸び良→そのまま採用。悪→飛び組に差し替え。circle_pct上位2艇に絞り込むこと。'}",,,29.8,両建て推奨,12.67,37.8,3,,,,,,,,,,,
2025-06-20,丸亀,1,3,杉山勝匡,B1,41.57,3,○,19.8826,35.4,92,55.2,0.1376,3.1045,,,0,低,107,0,-,664,0,100,2.7765,0,0,0.0645,0.0645,0.0323,0.1889,0.1444,0.1593,,◎,B,◎,,0.505,0.6195,,0.1915,A,61,0,◎-○軸 3着3〜4艇流し（10〜15点）,0.5777,"{'is_target': True, 'verdict': '点数絞り', 'max_combo_prob': 0.092, 'est_top_odds': 14.5, 'circle_concentration': 80.5, 'eligible_count': 8, 'bet_adj': 0, 'reason': 'rel_win1=54.9%（本命度） / 最有力組み合わせ確率: 0.092（推定実オッズ?14倍） / 2着集中度: 上位2艇 80.5%（補正+0.04） / 総合判定確率: 0.132 / → ヒモはやや固め。上位2艇以外を切ること', 'tenji_trigger': '展示確認: 1号艇伸び良→そのまま採用。悪→飛び組に差し替え。circle_pct上位2艇に絞り込むこと。'}",,,29.8,両建て推奨,12.67,37.8,3,,,,,,,,,,,
2025-06-20,丸亀,1,4,森　雄利,B2,51.18,4,▲,6.4378,7.4,39,0,0.1768,3.6053,,,0,低,68,0,-,666,0,21.7,0.6064,,,,,,0.25,0.25,0,,,A,○,,0.351,0.61,,0.1915,A,61,0,◎-○軸 3着3〜4艇流し（10〜15点）,0.5777,"{'is_target': True, 'verdict': '点数絞り', 'max_combo_prob': 0.092, 'est_top_odds': 14.5, 'circle_concentration': 80.5, 'eligible_count': 8, 'bet_adj': 0, 'reason': 'rel_win1=54.9%（本命度） / 最有力組み合わせ確率: 0.092（推定実オッズ?14倍） / 2着集中度: 上位2艇 80.5%（補正+0.04） / 総合判定確率: 0.132 / → ヒモはやや固め。上位2艇以外を切ること', 'tenji_trigger': '展示確認: 1号艇伸び良→そのまま採用。悪→飛び組に差し替え。circle_pct上位2艇に絞り込むこと。'}",,,29.8,両建て推奨,12.67,37.8,3,,,,,,,,,,,
2025-06-20,丸亀,1,5,高山秀雄,B1,33.69,5,,4.6119,8.5,100,32,0.1902,4.28,,,0,低,143,0,差ま0%,454,0,32,0.911,0,0,0,0.0526,0,0.195,0.22,0.05,,,D,,,0.2781,0.5915,,0.1915,A,61,0,◎-○軸 3着3〜4艇流し（10〜15点）,0.5777,"{'is_target': True, 'verdict': '点数絞り', 'max_combo_prob': 0.092, 'est_top_odds': 14.5, 'circle_concentration': 80.5, 'eligible_count': 8, 'bet_adj': 0, 'reason': 'rel_win1=54.9%（本命度） / 最有力組み合わせ確率: 0.092（推定実オッズ?14倍） / 2着集中度: 上位2艇 80.5%（補正+0.04） / 総合判定確率: 0.132 / → ヒモはやや固め。上位2艇以外を切ること', 'tenji_trigger': '展示確認: 1号艇伸び良→そのまま採用。悪→飛び組に差し替え。circle_pct上位2艇に絞り込むこと。'}",,,29.8,両建て推奨,12.67,37.8,3,,,,,,,,,,,
2025-06-20,丸亀,1,6,島田一生,B1,39.77,6,△,4.6961,3.6,38,16.7,0.1656,3.5104,,,0,低,101,0,-,6 52,0,38.9,0.9314,0,0,0.0556,0,0,0.1905,0.2857,0.0476,,,C,,,0.3643,0.569,,0.1915,A,61,0,◎-○軸 3着3〜4艇流し（10〜15点）,0.5777,"{'is_target': True, 'verdict': '点数絞り', 'max_combo_prob': 0.092, 'est_top_odds': 14.5, 'circle_concentration': 80.5, 'eligible_count': 8, 'bet_adj': 0, 'reason': 'rel_win1=54.9%（本命度） / 最有力組み合わせ確率: 0.092（推定実オッズ?14倍） / 2着集中度: 上位2艇 80.5%（補正+0.04） / 総合判定確率: 0.132 / → ヒモはやや固め。上位2艇以外を切ること', 'tenji_trigger': '展示確認: 1号艇伸び良→そのまま採用。悪→飛び組に差し替え。circle_pct上位2艇に絞り込むこと。'}",,,29.8,両建て推奨,12.67,37.8,3,,,,,,,,,,,
2025-06-20,丸亀,2,1,齊藤　優,B1,30.77,1,◎,53.0291,,0,74,0.1748,3.83,,,0,低,103,0,逃1%,3414,0,46.7,0.8206,0.4231,,,,,0.0923,0.3923,0.0462,△,,C,△,,,0.6325,,0.2902,A,73,0,◎-○軸 3着3〜4艇流し（10〜15点）,0.5777,"{'is_target': True, 'verdict': '参加推奨', 'max_combo_prob': 0.066, 'est_top_odds': 20.2, 'circle_concentration': 65.7, 'eligible_count': 8, 'bet_adj': 2, 'reason': 'rel_win1=53.0%（本命度） / 最有力組み合わせ確率: 0.066（推定実オッズ?20倍） / 2着集中度: 上位2艇 65.7%（補正+0.00） / 総合判定確率: 0.066 / → ヒモ分散。1号艇1着固定で広めのヒモ流し推奨（買い目+2点）', 'tenji_trigger': '展示確認: ヒモ分散レース。1号艇伸び確認後、広めのヒモ流しを採用。穴ヒモ（5・6号艇）を積極的に含める。'}",,,25.7,逃げ狙い,19.15,34.7,4,5-1-6|1-4-5|1-3-5|1-5-4|1-5-3|1-3-4,6-1-2|6-1-3|6-1-4|3-2-1|3-1-6|3-1-2|5-1-6|1-4-5|1-3-5|1-5-4|1-5-3|1-3-4,5-1-6:1.98%|1-4-5:5.84%|1-3-5:5.82%|1-5-4:5.64%|1-5-3:5.02%|1-3-4:4.33%,5-1-6:B_main|1-4-5:A|1-3-5:A|1-5-4:A|1-5-3:A|1-3-4:A,6,12,0.4535,1,[!]見送り推奨（主役決まり手「まくり差し」― 逃げ劣勢レースで的中実績なし）,荒れ広め,D
2025-06-20,丸亀,2,2,西原明生,B1,30.98,2,,9.1242,12,100,39.7,0.1997,4.6164,,,0,低,192,0,-,153,0,21.3,0.7584,,,,,,0.2571,0.2571,0.2762,,,C,○,,0.0924,0.641,,0.2902,A,73,0,◎-○軸 3着3〜4艇流し（10〜15点）,0.5777,"{'is_target': True, 'verdict': '参加推奨', 'max_combo_prob': 0.066, 'est_top_odds': 20.2, 'circle_concentration': 65.7, 'eligible_count': 8, 'bet_adj': 2, 'reason': 'rel_win1=53.0%（本命度） / 最有力組み合わせ確率: 0.066（推定実オッズ?20倍） / 2着集中度: 上位2艇 65.7%（補正+0.00） / 総合判定確率: 0.066 / → ヒモ分散。1号艇1着固定で広めのヒモ流し推奨（買い目+2点）', 'tenji_trigger': '展示確認: ヒモ分散レース。1号艇伸び確認後、広めのヒモ流しを採用。穴ヒモ（5・6号艇）を積極的に含める。'}",,,25.7,逃げ狙い,19.15,34.7,4,,,,,,,,,,,
2025-06-20,丸亀,2,3,半田尚也,B1,37.43,3,▲,7.9053,29.6,96,49,0.1978,3.7347,,,0,低,141,0,-,5 46,0,50.9,1.3752,,,,,,0.18,0.54,0.16,,,B,,,0.2359,0.5765,,0.2902,A,73,0,◎-○軸 3着3〜4艇流し（10〜15点）,0.5777,"{'is_target': True, 'verdict': '参加推奨', 'max_combo_prob': 0.066, 'est_top_odds': 20.2, 'circle_concentration': 65.7, 'eligible_count': 8, 'bet_adj': 2, 'reason': 'rel_win1=53.0%（本命度） / 最有力組み合わせ確率: 0.066（推定実オッズ?20倍） / 2着集中度: 上位2艇 65.7%（補正+0.00） / 総合判定確率: 0.066 / → ヒモ分散。1号艇1着固定で広めのヒモ流し推奨（買い目+2点）', 'tenji_trigger': '展示確認: ヒモ分散レース。1号艇伸び確認後、広めのヒモ流しを採用。穴ヒモ（5・6号艇）を積極的に含める。'}",,,25.7,逃げ狙い,19.15,34.7,4,,,,,,,,,,,
2025-06-20,丸亀,2,4,加瀬智宏,B1,32.39,4,○,10.3279,18.6,59,40,0.1529,3.2429,,,0,低,63,0,-,542,0,55.2,0.983,,,,,,0.2727,0.1818,0.1818,,○,C,◎,,0.454,0.651,,0.2902,A,73,0,◎-○軸 3着3〜4艇流し（10〜15点）,0.5777,"{'is_target': True, 'verdict': '参加推奨', 'max_combo_prob': 0.066, 'est_top_odds': 20.2, 'circle_concentration': 65.7, 'eligible_count': 8, 'bet_adj': 2, 'reason': 'rel_win1=53.0%（本命度） / 最有力組み合わせ確率: 0.066（推定実オッズ?20倍） / 2着集中度: 上位2艇 65.7%（補正+0.00） / 総合判定確率: 0.066 / → ヒモ分散。1号艇1着固定で広めのヒモ流し推奨（買い目+2点）', 'tenji_trigger': '展示確認: ヒモ分散レース。1号艇伸び確認後、広めのヒモ流しを採用。穴ヒモ（5・6号艇）を積極的に含める。'}",,,25.7,逃げ狙い,19.15,34.7,4,,,,,,,,,,,
2025-06-20,丸亀,2,5,石橋道友,A1,28.00,5,△,13.4624,36.1,39,58.1,0.1251,2.4302,,,0,低,72,0,-,2613,0,100,2.7569,0,0,0,0.05,0.05,0.0516,0.0129,0.0129,,◎,D,△,◎,0.4995,0.64,0.4259,0.2902,A,73,0,◎-○軸 3着3〜4艇流し（10〜15点）,0.5777,"{'is_target': True, 'verdict': '参加推奨', 'max_combo_prob': 0.066, 'est_top_odds': 20.2, 'circle_concentration': 65.7, 'eligible_count': 8, 'bet_adj': 2, 'reason': 'rel_win1=53.0%（本命度） / 最有力組み合わせ確率: 0.066（推定実オッズ?20倍） / 2着集中度: 上位2艇 65.7%（補正+0.00） / 総合判定確率: 0.066 / → ヒモ分散。1号艇1着固定で広めのヒモ流し推奨（買い目+2点）', 'tenji_trigger': '展示確認: ヒモ分散レース。1号艇伸び確認後、広めのヒモ流しを採用。穴ヒモ（5・6号艇）を積極的に含める。'}",,,25.7,逃げ狙い,19.15,34.7,4,,,,,,,,,,,
2025-06-20,丸亀,2,6,山本隆幸,A2,30.22,6,,6.1511,3.7,40,25,0.1781,3.7031,,,0,低,130,0,-,2224,0,44.2,1.2494,,,,,,0,0.0645,0.2258,,,D,,,0.3618,0.631,,0.2902,A,73,0,◎-○軸 3着3〜4艇流し（10〜15点）,0.5777,"{'is_target': True, 'verdict': '参加推奨', 'max_combo_prob': 0.066, 'est_top_odds': 20.2, 'circle_concentration': 65.7, 'eligible_count': 8, 'bet_adj': 2, 'reason': 'rel_win1=53.0%（本命度） / 最有力組み合わせ確率: 0.066（推定実オッズ?20倍） / 2着集中度: 上位2艇 65.7%（補正+0.00） / 総合判定確率: 0.066 / → ヒモ分散。1号艇1着固定で広めのヒモ流し推奨（買い目+2点）', 'tenji_trigger': '展示確認: ヒモ分散レース。1号艇伸び確認後、広めのヒモ流しを採用。穴ヒモ（5・6号艇）を積極的に含める。'}",,,25.7,逃げ狙い,19.15,34.7,4,,,,,,,,,,,
2025-06-20,丸亀,3,1,四宮与寛,A2,29.63,1,◎,58.2875,,0,89.2,0.1315,2.7095,,,0,低,60,0,逃0%,1 24,0,88.6,1.146,0.4839,,,,,0.1116,0.1374,0.0258,◎,,D,◎,,,0.6545,,0.6276,S,90,0,◎1着固定 2-3着流し（5〜8点）,0.5777,"{'is_target': True, 'verdict': '参加推奨', 'max_combo_prob': 0.062, 'est_top_odds': 21.5, 'circle_concentration': 60.9, 'eligible_count': 6, 'bet_adj': 2, 'reason': 'rel_win1=58.3%（本命度） / 最有力組み合わせ確率: 0.062（推定実オッズ?22倍） / 2着集中度: 上位2艇 60.9%（補正+0.00） / 総合判定確率: 0.062 / → ヒモ分散。1号艇1着固定で広めのヒモ流し推奨（買い目+2点）', 'tenji_trigger': '展示確認: ヒモ分散レース。1号艇伸び確認後、広めのヒモ流しを採用。穴ヒモ（5・6号艇）を積極的に含める。\n展示で1号艇スタート超安定(0.132秒)→ヒモ固まり方向に注意'}",,,26,逃げ狙い,11.14,28.2,2,,,,,0,0,0.7559,0,,逃げ軸流し,A
2025-06-20,丸亀,3,2,森林　太,B1,34.32,2,△,9.8068,30.9,87,35.9,0.2031,4.5625,,,0,低,204,0,-,5 45,0,63.9,1.3069,,,,,,0.0667,0.3556,0.1222,,,C,△,,0.0942,0.555,,0.6276,S,90,0,◎1着固定 2-3着流し（5〜8点）,0.5777,"{'is_target': True, 'verdict': '参加推奨', 'max_combo_prob': 0.062, 'est_top_odds': 21.5, 'circle_concentration': 60.9, 'eligible_count': 6, 'bet_adj': 2, 'reason': 'rel_win1=58.3%（本命度） / 最有力組み合わせ確率: 0.062（推定実オッズ?22倍） / 2着集中度: 上位2艇 60.9%（補正+0.00） / 総合判定確率: 0.062 / → ヒモ分散。1号艇1着固定で広めのヒモ流し推奨（買い目+2点）', 'tenji_trigger': '展示確認: ヒモ分散レース。1号艇伸び確認後、広めのヒモ流しを採用。穴ヒモ（5・6号艇）を積極的に含める。\n展示で1号艇スタート超安定(0.132秒)→ヒモ固まり方向に注意'}",,,26,逃げ狙い,11.14,28.2,2,,,,,,,,,,,
2025-06-20,丸亀,3,3,西尾亮輔,B1,40.00,3,▲,8.7076,30.1,66,32.8,0.173,3.377,,,0,低,145,0,差ま0%,334,0,13.3,0.3904,0,0,0,0.0385,0,0.12,0.04,0.72,,,A,,,0.1252,0.545,,0.6276,S,90,0,◎1着固定 2-3着流し（5〜8点）,0.5777,"{'is_target': True, 'verdict': '参加推奨', 'max_combo_prob': 0.062, 'est_top_odds': 21.5, 'circle_concentration': 60.9, 'eligible_count': 6, 'bet_adj': 2, 'reason': 'rel_win1=58.3%（本命度） / 最有力組み合わせ確率: 0.062（推定実オッズ?22倍） / 2着集中度: 上位2艇 60.9%（補正+0.00） / 総合判定確率: 0.062 / → ヒモ分散。1号艇1着固定で広めのヒモ流し推奨（買い目+2点）', 'tenji_trigger': '展示確認: ヒモ分散レース。1号艇伸び確認後、広めのヒモ流しを採用。穴ヒモ（5・6号艇）を積極的に含める。\n展示で1号艇スタート超安定(0.132秒)→ヒモ固まり方向に注意'}",,,26,逃げ狙い,11.14,28.2,2,,,,,,,,,,,
2025-06-20,丸亀,3,4,門間雄大,B1,36.99,4,○,9.2508,14.2,73,32.6,0.1584,3.2245,,,0,低,97,0,-,5326,0,48.1,0.8757,0,0,0.0909,0,0,0.0211,0.2632,0.0842,,,B,△,,0.2187,0.629,,0.6276,S,90,0,◎1着固定 2-3着流し（5〜8点）,0.5777,"{'is_target': True, 'verdict': '参加推奨', 'max_combo_prob': 0.062, 'est_top_odds': 21.5, 'circle_concentration': 60.9, 'eligible_count': 6, 'bet_adj': 2, 'reason': 'rel_win1=58.3%（本命度） / 最有力組み合わせ確率: 0.062（推定実オッズ?22倍） / 2着集中度: 上位2艇 60.9%（補正+0.00） / 総合判定確率: 0.062 / → ヒモ分散。1号艇1着固定で広めのヒモ流し推奨（買い目+2点）', 'tenji_trigger': '展示確認: ヒモ分散レース。1号艇伸び確認後、広めのヒモ流しを採用。穴ヒモ（5・6号艇）を積極的に含める。\n展示で1号艇スタート超安定(0.132秒)→ヒモ固まり方向に注意'}",,,26,逃げ狙い,11.14,28.2,2,,,,,,,,,,,
2025-06-20,丸亀,3,5,竹田和哉,A1,25.73,5,,12.821,24,100,64.3,0.1729,4.0357,,,0,低,106,0,差ま0%,2132,0,79.3,1.395,0,0,0.0345,0.1379,0,0.116,0.116,0,,,E,○,◎,0.1951,0.6415,0.3549,0.6276,S,90,0,◎1着固定 2-3着流し（5〜8点）,0.5777,"{'is_target': True, 'verdict': '参加推奨', 'max_combo_prob': 0.062, 'est_top_odds': 21.5, 'circle_concentration': 60.9, 'eligible_count': 6, 'bet_adj': 2, 'reason': 'rel_win1=58.3%（本命度） / 最有力組み合わせ確率: 0.062（推定実オッズ?22倍） / 2着集中度: 上位2艇 60.9%（補正+0.00） / 総合判定確率: 0.062 / → ヒモ分散。1号艇1着固定で広めのヒモ流し推奨（買い目+2点）', 'tenji_trigger': '展示確認: ヒモ分散レース。1号艇伸び確認後、広めのヒモ流しを採用。穴ヒモ（5・6号艇）を積極的に含める。\n展示で1号艇スタート超安定(0.132秒)→ヒモ固まり方向に注意'}",,,26,逃げ狙い,11.14,28.2,2,,,,,,,,,,,
2025-06-20,丸亀,3,6,安田吉宏,B1,26.62,6,,1.1264,0.9,51,6.5,0.1918,4.4597,,,0,低,115,0,-,6 33,0,45,0.8511,,,,,,0.2,0.3524,0.2476,,,D,,,0.1563,0.551,,0.6276,S,90,0,◎1着固定 2-3着流し（5〜8点）,0.5777,"{'is_target': True, 'verdict': '参加推奨', 'max_combo_prob': 0.062, 'est_top_odds': 21.5, 'circle_concentration': 60.9, 'eligible_count': 6, 'bet_adj': 2, 'reason': 'rel_win1=58.3%（本命度） / 最有力組み合わせ確率: 0.062（推定実オッズ?22倍） / 2着集中度: 上位2艇 60.9%（補正+0.00） / 総合判定確率: 0.062 / → ヒモ分散。1号艇1着固定で広めのヒモ流し推奨（買い目+2点）', 'tenji_trigger': '展示確認: ヒモ分散レース。1号艇伸び確認後、広めのヒモ流しを採用。穴ヒモ（5・6号艇）を積極的に含める。\n展示で1号艇スタート超安定(0.132秒)→ヒモ固まり方向に注意'}",,,26,逃げ狙い,11.14,28.2,2,,,,,,,,,,,
2025-06-20,丸亀,4,1,長谷川親,B1,30.64,1,◎,46.6633,,0,55.3,0.1703,3.6316,,,0,低,166,0,逃0%,1 44,0,45.2,0.7272,0.2222,,,,,0.1111,0.3778,0.2222,△,,D,△,,,0.605,,0.2841,C,44,0,荒れ傾向。高配当狙いか見送り,0.5777,"{'is_target': True, 'verdict': '参加推奨', 'max_combo_prob': 0.0505, 'est_top_odds': 26.4, 'circle_concentration': 75.8, 'eligible_count': 6, 'bet_adj': 2, 'reason': 'rel_win1=46.7%（本命度） / 最有力組み合わせ確率: 0.051（推定実オッズ?26倍） / 2着集中度: 上位2艇 75.8%（補正+0.04） / 総合判定確率: 0.091 / → ヒモ分散。1号艇1着固定で広めのヒモ流し推奨（買い目+2点）', 'tenji_trigger': '展示確認: ヒモ分散レース。1号艇伸び確認後、広めのヒモ流しを採用。穴ヒモ（5・6号艇）を積極的に含める。'}",,,30.3,両建て推奨,15.18,37.2,3,2-1-3|1-2-3|1-2-4|1-3-4|1-3-2|1-4-3,4-5-6|6-1-3|6-1-4|2-1-3|6-4-1|4-5-1|6-3-1|1-2-3|1-2-4|1-3-4|1-3-2|1-4-3,2-1-3:2.22%|1-2-3:6.31%|1-2-4:6.15%|1-3-4:5.63%|1-3-2:5.33%|1-4-3:2.76%,2-1-3:B_main|1-2-3:A|1-2-4:A|1-3-4:A|1-3-2:A|1-4-3:A,6,12,0.4535,1,[!]見送り推奨（主役決まり手「差し」― 逃げ劣勢レースで的中実績なし）,荒れ広め,D
2025-06-20,丸亀,4,2,武田信一,B2,46.34,2,○,14.81,39,57,45.6,0.1577,3.2193,,,0,低,108,0,ま0%,336,0,57.1,0.4748,0,0.0333,0.0333,0,0,0.2291,0.0364,0.2291,,◎,A,,,0.4489,0.5565,,0.2841,C,44,0,荒れ傾向。高配当狙いか見送り,0.5777,"{'is_target': True, 'verdict': '参加推奨', 'max_combo_prob': 0.0505, 'est_top_odds': 26.4, 'circle_concentration': 75.8, 'eligible_count': 6, 'bet_adj': 2, 'reason': 'rel_win1=46.7%（本命度） / 最有力組み合わせ確率: 0.051（推定実オッズ?26倍） / 2着集中度: 上位2艇 75.8%（補正+0.04） / 総合判定確率: 0.091 / → ヒモ分散。1号艇1着固定で広めのヒモ流し推奨（買い目+2点）', 'tenji_trigger': '展示確認: ヒモ分散レース。1号艇伸び確認後、広めのヒモ流しを採用。穴ヒモ（5・6号艇）を積極的に含める。'}",,,30.3,両建て推奨,15.18,37.2,3,,,,,,,,,,,
2025-06-20,丸亀,4,3,坪口竜也,A1,32.39,3,▲,14.5549,36.8,86,75,0.1532,3.4432,,,0,低,84,0,-,5213,0,38.3,0.88,,,,,,0,0.0667,0.0333,,○,C,◎,,0.4397,0.6815,,0.2841,C,44,0,荒れ傾向。高配当狙いか見送り,0.5777,"{'is_target': True, 'verdict': '参加推奨', 'max_combo_prob': 0.0505, 'est_top_odds': 26.4, 'circle_concentration': 75.8, 'eligible_count': 6, 'bet_adj': 2, 'reason': 'rel_win1=46.7%（本命度） / 最有力組み合わせ確率: 0.051（推定実オッズ?26倍） / 2着集中度: 上位2艇 75.8%（補正+0.04） / 総合判定確率: 0.091 / → ヒモ分散。1号艇1着固定で広めのヒモ流し推奨（買い目+2点）', 'tenji_trigger': '展示確認: ヒモ分散レース。1号艇伸び確認後、広めのヒモ流しを採用。穴ヒモ（5・6号艇）を積極的に含める。'}",,,30.3,両建て推奨,15.18,37.2,3,,,,,,,,,,,
2025-06-20,丸亀,4,4,岸本雄貴,B1,43.60,4,△,10.1689,9.7,87,37.3,0.1859,4.0932,,,0,低,136,0,-,655,0,92.7,1.7779,0,0,0.0385,0.0385,0,0.0842,0.1621,0.0421,,,B,,,0.2806,0.5525,,0.2841,C,44,0,荒れ傾向。高配当狙いか見送り,0.5777,"{'is_target': True, 'verdict': '参加推奨', 'max_combo_prob': 0.0505, 'est_top_odds': 26.4, 'circle_concentration': 75.8, 'eligible_count': 6, 'bet_adj': 2, 'reason': 'rel_win1=46.7%（本命度） / 最有力組み合わせ確率: 0.051（推定実オッズ?26倍） / 2着集中度: 上位2艇 75.8%（補正+0.04） / 総合判定確率: 0.091 / → ヒモ分散。1号艇1着固定で広めのヒモ流し推奨（買い目+2点）', 'tenji_trigger': '展示確認: ヒモ分散レース。1号艇伸び確認後、広めのヒモ流しを採用。穴ヒモ（5・6号艇）を積極的に含める。'}",,,30.3,両建て推奨,15.18,37.2,3,,,,,,,,,,,
2025-06-20,丸亀,4,5,土屋太朗,B1,28.16,5,,5.6553,12.3,96,42.3,0.1942,4.3558,,,0,低,138,0,-,4 35,0,23.7,1.1588,,,,,,0.2114,0.1657,0.3114,,,E,△,,0.2938,0.5975,,0.2841,C,44,0,荒れ傾向。高配当狙いか見送り,0.5777,"{'is_target': True, 'verdict': '参加推奨', 'max_combo_prob': 0.0505, 'est_top_odds': 26.4, 'circle_concentration': 75.8, 'eligible_count': 6, 'bet_adj': 2, 'reason': 'rel_win1=46.7%（本命度） / 最有力組み合わせ確率: 0.051（推定実オッズ?26倍） / 2着集中度: 上位2艇 75.8%（補正+0.04） / 総合判定確率: 0.091 / → ヒモ分散。1号艇1着固定で広めのヒモ流し推奨（買い目+2点）', 'tenji_trigger': '展示確認: ヒモ分散レース。1号艇伸び確認後、広めのヒモ流しを採用。穴ヒモ（5・6号艇）を積極的に含める。'}",,,30.3,両建て推奨,15.18,37.2,3,,,,,,,,,,,
2025-06-20,丸亀,4,6,安河内将,A1,30.99,6,,8.1476,2.2,100,47.9,0.1821,4.0104,,,0,低,99,0,-,1232,0,33.7,0.7139,0,0,0,0.0476,0,0.0781,0.0781,0.0781,,,D,○,,0.3015,0.6335,,0.2841,C,44,0,荒れ傾向。高配当狙いか見送り,0.5777,"{'is_target': True, 'verdict': '参加推奨', 'max_combo_prob': 0.0505, 'est_top_odds': 26.4, 'circle_concentration': 75.8, 'eligible_count': 6, 'bet_adj': 2, 'reason': 'rel_win1=46.7%（本命度） / 最有力組み合わせ確率: 0.051（推定実オッズ?26倍） / 2着集中度: 上位2艇 75.8%（補正+0.04） / 総合判定確率: 0.091 / → ヒモ分散。1号艇1着固定で広めのヒモ流し推奨（買い目+2点）', 'tenji_trigger': '展示確認: ヒモ分散レース。1号艇伸び確認後、広めのヒモ流しを採用。穴ヒモ（5・6号艇）を積極的に含める。'}",,,30.3,両建て推奨,15.18,37.2,3,,,,,,,,,,,
2025-06-20,丸亀,5,1,古川　健,B1,30.23,1,◎,43.0091,,0,72.5,0.1625,3.075,,,0,低,95,0,逃0%,4316,0,78.4,0.9146,0.4444,,,,,0.2889,0.0444,0.2667,△,,C,△,,,0.6335,,0.3208,B,48,0,◎○△フォーメーション（15〜20点）,0.5777,"{'is_target': False, 'verdict': '対象外', 'max_combo_prob': None, 'est_top_odds': None, 'circle_concentration': None, 'eligible_count': 0, 'bet_adj': 0, 'reason': '1号艇rel_win1 < 45%: 通常判定に委ねる', 'tenji_trigger': ''}",,,30.1,両建て推奨,16.15,35.6,4,4-5-6|4-5-1|4-6-5|1-4-5|1-5-4|1-3-4|1-3-5|1-4-2,4-5-6|2-1-5|4-5-1|3-1-5|2-1-3|4-6-5|3-2-5|1-4-5|1-5-4|1-3-4|1-3-5|1-4-2,4-5-6:2.63%|4-5-1:1.86%|4-6-5:1.39%|1-4-5:5.89%|1-5-4:5.79%|1-3-4:5.31%|1-3-5:4.31%|1-4-2:3.67%,4-5-6:B_main|4-5-1:B_main|4-6-5:B_main|1-4-5:A|1-5-4:A|1-3-4:A|1-3-5:A|1-4-2:A,8,12,0.4535,1,[!]見送り推奨（主役決まり手「まくり」― 逃げ劣勢レースで的中実績なし）,荒れ広め,D
2025-06-20,丸亀,5,2,高山秀雄,B1,33.69,2,,9.9965,20.9,95,46.7,0.1865,4.275,,,0,低,143,0,差0% 抜0%,454,0,32.3,0.7843,0,0.037,0,0,0.037,0.195,0.22,0.05,,,B,△,,0.0667,0.5915,,0.3208,B,48,0,◎○△フォーメーション（15〜20点）,0.5777,"{'is_target': False, 'verdict': '対象外', 'max_combo_prob': None, 'est_top_odds': None, 'circle_concentration': None, 'eligible_count': 0, 'bet_adj': 0, 'reason': '1号艇rel_win1 < 45%: 通常判定に委ねる', 'tenji_trigger': ''}",,,30.1,両建て推奨,16.15,35.6,4,,,,,,,,,,,
2025-06-20,丸亀,5,3,熊本英一,B1,39.44,3,▲,7.8779,29,73,36.4,0.1967,4.3258,,,0,低,213,0,-,566,0,18.8,0.7104,0,0,0.0345,0.0345,0,0.3056,0.0444,0.0667,,,A,,,0.1149,0.585,,0.3208,B,48,0,◎○△フォーメーション（15〜20点）,0.5777,"{'is_target': False, 'verdict': '対象外', 'max_combo_prob': None, 'est_top_odds': None, 'circle_concentration': None, 'eligible_count': 0, 'bet_adj': 0, 'reason': '1号艇rel_win1 < 45%: 通常判定に委ねる', 'tenji_trigger': ''}",,,30.1,両建て推奨,16.15,35.6,4,,,,,,,,,,,
2025-06-20,丸亀,5,4,石丸海渡,A1,26.74,4,○,24.582,24,100,70,0.1207,2.15,,,0,低,26,0,差0% ま0%,4315,0,75.6,1.1596,0,0.05,0.25,0,0,0.0792,0.0125,0,,◎,E,○,◎,0.5103,0.687,0.4558,0.3208,B,48,0,◎○△フォーメーション（15〜20点）,0.5777,"{'is_target': False, 'verdict': '対象外', 'max_combo_prob': None, 'est_top_odds': None, 'circle_concentration': None, 'eligible_count': 0, 'bet_adj': 0, 'reason': '1号艇rel_win1 < 45%: 通常判定に委ねる', 'tenji_trigger': ''}",,,30.1,両建て推奨,16.15,35.6,4,,,,,,,,,,,
2025-06-20,丸亀,5,5,渡辺浩司,A1,30.22,5,△,13.4125,25.7,79,74.1,0.144,2.7931,,,0,低,46,0,-,1431,0,48,0.8086,0,0,0,0.0476,0.0952,0.1467,0,0.0867,,,D,◎,○,0.3365,0.699,0.3464,0.3208,B,48,0,◎○△フォーメーション（15〜20点）,0.5777,"{'is_target': False, 'verdict': '対象外', 'max_combo_prob': None, 'est_top_odds': None, 'circle_concentration': None, 'eligible_count': 0, 'bet_adj': 0, 'reason': '1号艇rel_win1 < 45%: 通常判定に委ねる', 'tenji_trigger': ''}",,,30.1,両建て推奨,16.15,35.6,4,,,,,,,,,,,
2025-06-20,丸亀,5,6,香月大輝,B2,28.11,6,,1.122,0.4,31,10.9,0.1819,3.8318,,,0,低,75,0,-,6 16,0,27.7,0.59,,,,,,,,,,,D,,,0.2518,0.4735,,0.3208,B,48,0,◎○△フォーメーション（15〜20点）,0.5777,"{'is_target': False, 'verdict': '対象外', 'max_combo_prob': None, 'est_top_odds': None, 'circle_concentration': None, 'eligible_count': 0, 'bet_adj': 0, 'reason': '1号艇rel_win1 < 45%: 通常判定に委ねる', 'tenji_trigger': ''}",,,30.1,両建て推奨,16.15,35.6,4,,,,,,,,,,,
2025-06-20,丸亀,6,1,盛本真輔,A2,32.95,1,◎,60.1907,,0,88.2,0.1443,2.7105,,,0,低,190,0,逃0%,232,0,62.3,0.9681,0.5526,,,,,0.1487,0.0211,0.2237,◎,,B,△,,,0.596,,0.5538,S,88,0,◎1着固定 2-3着流し（5〜8点）,0.5777,"{'is_target': True, 'verdict': '参加推奨', 'max_combo_prob': 0.0826, 'est_top_odds': 16.1, 'circle_concentration': 62.6, 'eligible_count': 6, 'bet_adj': 2, 'reason': 'rel_win1=60.2%（本命度） / 最有力組み合わせ確率: 0.083（推定実オッズ?16倍） / 2着集中度: 上位2艇 62.6%（補正+0.00） / 総合判定確率: 0.083 / → ヒモ分散。1号艇1着固定で広めのヒモ流し推奨（買い目+2点）', 'tenji_trigger': '展示確認: ヒモ分散レース。1号艇伸び確認後、広めのヒモ流しを採用。穴ヒモ（5・6号艇）を積極的に含める。'}",,,27.2,逃げ狙い,13.13,29.9,4,,,,,0,0,0.7559,0,,逃げ軸流し,A
2025-06-20,丸亀,6,2,田添康介,B1,30.00,2,▲,9.7931,43.2,62,35.7,0.1517,3.6905,,,0,低,78,0,-,1 66,0,50.8,1.1153,0,0.05,0.05,0,0,0.375,0.375,0,,,C,,,0.2589,0.5535,,0.5538,S,88,0,◎1着固定 2-3着流し（5〜8点）,0.5777,"{'is_target': True, 'verdict': '参加推奨', 'max_combo_prob': 0.0826, 'est_top_odds': 16.1, 'circle_concentration': 62.6, 'eligible_count': 6, 'bet_adj': 2, 'reason': 'rel_win1=60.2%（本命度） / 最有力組み合わせ確率: 0.083（推定実オッズ?16倍） / 2着集中度: 上位2艇 62.6%（補正+0.00） / 総合判定確率: 0.083 / → ヒモ分散。1号艇1着固定で広めのヒモ流し推奨（買い目+2点）', 'tenji_trigger': '展示確認: ヒモ分散レース。1号艇伸び確認後、広めのヒモ流しを採用。穴ヒモ（5・6号艇）を積極的に含める。'}",,,27.2,逃げ狙い,13.13,29.9,4,,,,,,,,,,,
2025-06-20,丸亀,6,3,塚田修二,B1,29.35,3,,7.9292,16.7,57,35.4,0.1846,4.125,,,0,低,121,0,ま0%,464,0,20.6,0.7246,0,0,0.04,0,0,0.0211,0.4084,0.3663,,,D,△,,0.1194,0.5975,,0.5538,S,88,0,◎1着固定 2-3着流し（5〜8点）,0.5777,"{'is_target': True, 'verdict': '参加推奨', 'max_combo_prob': 0.0826, 'est_top_odds': 16.1, 'circle_concentration': 62.6, 'eligible_count': 6, 'bet_adj': 2, 'reason': 'rel_win1=60.2%（本命度） / 最有力組み合わせ確率: 0.083（推定実オッズ?16倍） / 2着集中度: 上位2艇 62.6%（補正+0.00） / 総合判定確率: 0.083 / → ヒモ分散。1号艇1着固定で広めのヒモ流し推奨（買い目+2点）', 'tenji_trigger': '展示確認: ヒモ分散レース。1号艇伸び確認後、広めのヒモ流しを採用。穴ヒモ（5・6号艇）を積極的に含める。'}",,,27.2,逃げ狙い,13.13,29.9,4,,,,,,,,,,,
2025-06-20,丸亀,6,4,松田竜馬,A2,34.10,4,○,9.0183,19.3,100,53.7,0.1434,3.3358,,,0,低,79,0,-,4251,0,37,0.8264,0,0.037,0,0,0,0.0143,0.1286,0.2429,,,B,◎,◎,0.2885,0.663,0.3458,0.5538,S,88,0,◎1着固定 2-3着流し（5〜8点）,0.5777,"{'is_target': True, 'verdict': '参加推奨', 'max_combo_prob': 0.0826, 'est_top_odds': 16.1, 'circle_concentration': 62.6, 'eligible_count': 6, 'bet_adj': 2, 'reason': 'rel_win1=60.2%（本命度） / 最有力組み合わせ確率: 0.083（推定実オッズ?16倍） / 2着集中度: 上位2艇 62.6%（補正+0.00） / 総合判定確率: 0.083 / → ヒモ分散。1号艇1着固定で広めのヒモ流し推奨（買い目+2点）', 'tenji_trigger': '展示確認: ヒモ分散レース。1号艇伸び確認後、広めのヒモ流しを採用。穴ヒモ（5・6号艇）を積極的に含める。'}",,,27.2,逃げ狙い,13.13,29.9,4,,,,,,,,,,,
2025-06-20,丸亀,6,5,藤井太雅,B1,32.42,5,△,6.6046,5.1,67,21.9,0.1817,3.2195,,,0,低,119,0,差ま0%,213,0,36,0.8207,0,0,0,0.1333,0,0.0833,0.4167,0.1667,,,C,,,0.1915,0.45,,0.5538,S,88,0,◎1着固定 2-3着流し（5〜8点）,0.5777,"{'is_target': True, 'verdict': '参加推奨', 'max_combo_prob': 0.0826, 'est_top_odds': 16.1, 'circle_concentration': 62.6, 'eligible_count': 6, 'bet_adj': 2, 'reason': 'rel_win1=60.2%（本命度） / 最有力組み合わせ確率: 0.083（推定実オッズ?16倍） / 2着集中度: 上位2艇 62.6%（補正+0.00） / 総合判定確率: 0.083 / → ヒモ分散。1号艇1着固定で広めのヒモ流し推奨（買い目+2点）', 'tenji_trigger': '展示確認: ヒモ分散レース。1号艇伸び確認後、広めのヒモ流しを採用。穴ヒモ（5・6号艇）を積極的に含める。'}",,,27.2,逃げ狙い,13.13,29.9,4,,,,,,,,,,,
2025-06-20,丸亀,6,6,濱崎直矢,A1,24.70,6,,6.464,15.6,91,53,0.147,2.9394,,,0,低,95,0,ま0% 差ま0%,2131,0,100,2.2264,0,0,0.0435,0.0435,0,0.0148,0.1444,0.1148,,,E,○,○,0.2819,0.632,0.3296,0.5538,S,88,0,◎1着固定 2-3着流し（5〜8点）,0.5777,"{'is_target': True, 'verdict': '参加推奨', 'max_combo_prob': 0.0826, 'est_top_odds': 16.1, 'circle_concentration': 62.6, 'eligible_count': 6, 'bet_adj': 2, 'reason': 'rel_win1=60.2%（本命度） / 最有力組み合わせ確率: 0.083（推定実オッズ?16倍） / 2着集中度: 上位2艇 62.6%（補正+0.00） / 総合判定確率: 0.083 / → ヒモ分散。1号艇1着固定で広めのヒモ流し推奨（買い目+2点）', 'tenji_trigger': '展示確認: ヒモ分散レース。1号艇伸び確認後、広めのヒモ流しを採用。穴ヒモ（5・6号艇）を積極的に含める。'}",,,27.2,逃げ狙い,13.13,29.9,4,,,,,,,,,,,
2025-06-20,丸亀,7,1,田中宏樹,B1,40.85,1,◎,57.6165,,0,82.2,0.1682,3.4,,,0,低,128,0,逃0%,5315,0,90.1,1.2097,0.45,,,,,0.2,0.02,0.18,○,,A,△,,,0.6195,,0.4018,A,76,0,◎-○軸 3着3〜4艇流し（10〜15点）,0.5777,"{'is_target': True, 'verdict': '参加推奨', 'max_combo_prob': 0.0702, 'est_top_odds': 19.0, 'circle_concentration': 78.6, 'eligible_count': 8, 'bet_adj': 2, 'reason': 'rel_win1=57.6%（本命度） / 最有力組み合わせ確率: 0.070（推定実オッズ?19倍） / 2着集中度: 上位2艇 78.6%（補正+0.04） / 総合判定確率: 0.110 / → ヒモ分散。1号艇1着固定で広めのヒモ流し推奨（買い目+2点）', 'tenji_trigger': '展示確認: ヒモ分散レース。1号艇伸び確認後、広めのヒモ流しを採用。穴ヒモ（5・6号艇）を積極的に含める。'}",,,29.6,逃げ狙い,19.38,31.4,2,,,,,0,0,0.6155,0,,逃げ軸流し,A
2025-06-20,丸亀,7,2,加瀬智宏,B1,32.39,2,○,11.5589,42.9,100,55,0.1552,2.7,,,0,低,63,0,ま0%,542,0,38.4,0.8998,0,0,0.1429,0,0,0.2727,0.1818,0.1818,,◎,B,△,,0.4511,0.651,,0.4018,A,76,0,◎-○軸 3着3〜4艇流し（10〜15点）,0.5777,"{'is_target': True, 'verdict': '参加推奨', 'max_combo_prob': 0.0702, 'est_top_odds': 19.0, 'circle_concentration': 78.6, 'eligible_count': 8, 'bet_adj': 2, 'reason': 'rel_win1=57.6%（本命度） / 最有力組み合わせ確率: 0.070（推定実オッズ?19倍） / 2着集中度: 上位2艇 78.6%（補正+0.04） / 総合判定確率: 0.110 / → ヒモ分散。1号艇1着固定で広めのヒモ流し推奨（買い目+2点）', 'tenji_trigger': '展示確認: ヒモ分散レース。1号艇伸び確認後、広めのヒモ流しを採用。穴ヒモ（5・6号艇）を積極的に含める。'}",,,29.6,逃げ狙い,19.38,31.4,2,,,,,,,,,,,
2025-06-20,丸亀,7,3,金児隆太,A2,27.12,3,△,9.9311,35.7,90,50,0.1761,3.8148,,,0,低,153,0,差ま0%,4 53,0,44.5,0.9619,0,0,0,0.1154,0,0.048,0.444,0.032,,,D,,,0.265,0.6175,,0.4018,A,76,0,◎-○軸 3着3〜4艇流し（10〜15点）,0.5777,"{'is_target': True, 'verdict': '参加推奨', 'max_combo_prob': 0.0702, 'est_top_odds': 19.0, 'circle_concentration': 78.6, 'eligible_count': 8, 'bet_adj': 2, 'reason': 'rel_win1=57.6%（本命度） / 最有力組み合わせ確率: 0.070（推定実オッズ?19倍） / 2着集中度: 上位2艇 78.6%（補正+0.04） / 総合判定確率: 0.110 / → ヒモ分散。1号艇1着固定で広めのヒモ流し推奨（買い目+2点）', 'tenji_trigger': '展示確認: ヒモ分散レース。1号艇伸び確認後、広めのヒモ流しを採用。穴ヒモ（5・6号艇）を積極的に含める。'}",,,29.6,逃げ狙い,19.38,31.4,2,,,,,,,,,,,
2025-06-20,丸亀,7,4,西川拓利,B1,31.84,4,▲,7.6814,8.5,96,46,0.1562,2.99,,,0,低,82,0,-,3 55,0,73.8,1.38,0,0.0769,0,0.0385,0,0.0769,0.0769,0.2308,,,C,,,0.3342,0.5875,,0.4018,A,76,0,◎-○軸 3着3〜4艇流し（10〜15点）,0.5777,"{'is_target': True, 'verdict': '参加推奨', 'max_combo_prob': 0.0702, 'est_top_odds': 19.0, 'circle_concentration': 78.6, 'eligible_count': 8, 'bet_adj': 2, 'reason': 'rel_win1=57.6%（本命度） / 最有力組み合わせ確率: 0.070（推定実オッズ?19倍） / 2着集中度: 上位2艇 78.6%（補正+0.04） / 総合判定確率: 0.110 / → ヒモ分散。1号艇1着固定で広めのヒモ流し推奨（買い目+2点）', 'tenji_trigger': '展示確認: ヒモ分散レース。1号艇伸び確認後、広めのヒモ流しを採用。穴ヒモ（5・6号艇）を積極的に含める。'}",,,29.6,逃げ狙い,19.38,31.4,2,,,,,,,,,,,
2025-06-20,丸亀,7,5,眞田英二,A2,28.48,5,,5.8864,3.8,64,29.4,0.1973,4.2451,,,0,低,137,0,-,145,0,25.4,0.7081,0,0,0,0.0556,0,0.0667,0.2889,0.0667,,,D,○,,0.1942,0.6555,,0.4018,A,76,0,◎-○軸 3着3〜4艇流し（10〜15点）,0.5777,"{'is_target': True, 'verdict': '参加推奨', 'max_combo_prob': 0.0702, 'est_top_odds': 19.0, 'circle_concentration': 78.6, 'eligible_count': 8, 'bet_adj': 2, 'reason': 'rel_win1=57.6%（本命度） / 最有力組み合わせ確率: 0.070（推定実オッズ?19倍） / 2着集中度: 上位2艇 78.6%（補正+0.04） / 総合判定確率: 0.110 / → ヒモ分散。1号艇1着固定で広めのヒモ流し推奨（買い目+2点）', 'tenji_trigger': '展示確認: ヒモ分散レース。1号艇伸び確認後、広めのヒモ流しを採用。穴ヒモ（5・6号艇）を積極的に含める。'}",,,29.6,逃げ狙い,19.38,31.4,2,,,,,,,,,,,
2025-06-20,丸亀,7,6,古賀繁輝,A1,26.22,6,,7.3257,9.1,88,60,0.16,3.75,,,0,低,54,0,-,1112,0,34.6,0.9964,0,0,0.1176,0.0588,0,0,0.0308,0.0308,,,E,◎,◎,0.3366,0.664,0.3552,0.4018,A,76,0,◎-○軸 3着3〜4艇流し（10〜15点）,0.5777,"{'is_target': True, 'verdict': '参加推奨', 'max_combo_prob': 0.0702, 'est_top_odds': 19.0, 'circle_concentration': 78.6, 'eligible_count': 8, 'bet_adj': 2, 'reason': 'rel_win1=57.6%（本命度） / 最有力組み合わせ確率: 0.070（推定実オッズ?19倍） / 2着集中度: 上位2艇 78.6%（補正+0.04） / 総合判定確率: 0.110 / → ヒモ分散。1号艇1着固定で広めのヒモ流し推奨（買い目+2点）', 'tenji_trigger': '展示確認: ヒモ分散レース。1号艇伸び確認後、広めのヒモ流しを採用。穴ヒモ（5・6号艇）を積極的に含める。'}",,,29.6,逃げ狙い,19.38,31.4,2,,,,,,,,,,,
2025-06-20,丸亀,8,1,安東幸治,A1,47.70,1,◎,64.3122,,0,87.8,0.158,3.5444,,,0,低,182,0,逃0%,622,0,81.2,0.9781,0.4359,,,,,0.1161,0.2354,0.1263,○,,B,△,,,0.633,,0.3723,A,78,0,◎-○軸 3着3〜4艇流し（10〜15点）,0.5777,"{'is_target': True, 'verdict': '点数絞り', 'max_combo_prob': 0.1335, 'est_top_odds': 10.0, 'circle_concentration': 78.2, 'eligible_count': 8, 'bet_adj': 0, 'reason': 'rel_win1=64.3%（本命度） / 最有力組み合わせ確率: 0.133（推定実オッズ?10倍） / 2着集中度: 上位2艇 78.2%（補正+0.04） / 総合判定確率: 0.173 / → ヒモはやや固め。上位2艇以外を切ること', 'tenji_trigger': '展示確認: 1号艇伸び良→そのまま採用。悪→飛び組に差し替え。circle_pct上位2艇に絞り込むこと。'}",,,31.8,逃げ狙い,24.85,33,2,,,,,0,0,0.6155,0,,逃げ軸流し,A
2025-06-20,丸亀,8,2,石橋道友,A1,28.00,2,▲,18.0301,54.8,70,78.3,0.1437,3.2174,,,0,低,72,0,-,2613,0,66.7,1.1469,0,0.1579,0.1579,0,0,0.0516,0.0129,0.0129,,◎,D,○,,0.4994,0.64,,0.3723,A,78,0,◎-○軸 3着3〜4艇流し（10〜15点）,0.5777,"{'is_target': True, 'verdict': '点数絞り', 'max_combo_prob': 0.1335, 'est_top_odds': 10.0, 'circle_concentration': 78.2, 'eligible_count': 8, 'bet_adj': 0, 'reason': 'rel_win1=64.3%（本命度） / 最有力組み合わせ確率: 0.133（推定実オッズ?10倍） / 2着集中度: 上位2艇 78.2%（補正+0.04） / 総合判定確率: 0.173 / → ヒモはやや固め。上位2艇以外を切ること', 'tenji_trigger': '展示確認: 1号艇伸び良→そのまま採用。悪→飛び組に差し替え。circle_pct上位2艇に絞り込むこと。'}",,,31.8,逃げ狙い,24.85,33,2,,,,,,,,,,,
2025-06-20,丸亀,8,3,酒井陽祐,B1,34.62,3,△,6.3761,23.4,100,50.7,0.149,3.0149,,,0,低,117,0,差0%,5 66,0,36.6,0.8742,0,0.0571,0,0,0,0.2222,0,0.3333,,△,D,△,,0.3549,0.62,,0.3723,A,78,0,◎-○軸 3着3〜4艇流し（10〜15点）,0.5777,"{'is_target': True, 'verdict': '点数絞り', 'max_combo_prob': 0.1335, 'est_top_odds': 10.0, 'circle_concentration': 78.2, 'eligible_count': 8, 'bet_adj': 0, 'reason': 'rel_win1=64.3%（本命度） / 最有力組み合わせ確率: 0.133（推定実オッズ?10倍） / 2着集中度: 上位2艇 78.2%（補正+0.04） / 総合判定確率: 0.173 / → ヒモはやや固め。上位2艇以外を切ること', 'tenji_trigger': '展示確認: 1号艇伸び良→そのまま採用。悪→飛び組に差し替え。circle_pct上位2艇に絞り込むこと。'}",,,31.8,逃げ狙い,24.85,33,2,,,,,,,,,,,
2025-06-20,丸亀,8,4,伊藤啓三,A2,26.62,4,,8.2081,16.2,92,58.2,0.1273,2.5364,,,0,低,78,0,-,2 56,0,68.5,1.1479,,,,,,0.2727,0.3455,0.0364,,○,E,◎,◎,0.468,0.6695,0.3804,0.3723,A,78,0,◎-○軸 3着3〜4艇流し（10〜15点）,0.5777,"{'is_target': True, 'verdict': '点数絞り', 'max_combo_prob': 0.1335, 'est_top_odds': 10.0, 'circle_concentration': 78.2, 'eligible_count': 8, 'bet_adj': 0, 'reason': 'rel_win1=64.3%（本命度） / 最有力組み合わせ確率: 0.133（推定実オッズ?10倍） / 2着集中度: 上位2艇 78.2%（補正+0.04） / 総合判定確率: 0.173 / → ヒモはやや固め。上位2艇以外を切ること', 'tenji_trigger': '展示確認: 1号艇伸び良→そのまま採用。悪→飛び組に差し替え。circle_pct上位2艇に絞り込むこと。'}",,,31.8,逃げ狙い,24.85,33,2,,,,,,,,,,,
2025-06-20,丸亀,8,5,武田信一,B2,46.34,5,,1.9445,5.3,57,25.5,0.1672,3.266,,,0,低,108,0,-,336,0,67.4,1.1186,,,,,,0.2291,0.0364,0.2291,,,B,,,0.316,0.5565,,0.3723,A,78,0,◎-○軸 3着3〜4艇流し（10〜15点）,0.5777,"{'is_target': True, 'verdict': '点数絞り', 'max_combo_prob': 0.1335, 'est_top_odds': 10.0, 'circle_concentration': 78.2, 'eligible_count': 8, 'bet_adj': 0, 'reason': 'rel_win1=64.3%（本命度） / 最有力組み合わせ確率: 0.133（推定実オッズ?10倍） / 2着集中度: 上位2艇 78.2%（補正+0.04） / 総合判定確率: 0.173 / → ヒモはやや固め。上位2艇以外を切ること', 'tenji_trigger': '展示確認: 1号艇伸び良→そのまま採用。悪→飛び組に差し替え。circle_pct上位2艇に絞り込むこと。'}",,,31.8,逃げ狙い,24.85,33,2,,,,,,,,,,,
2025-06-20,丸亀,8,6,森　雄利,B2,51.18,6,○,1.129,0.3,15,1.8,0.1558,3.5973,,,0,低,68,0,-,666,0,28.6,0.6086,,,,,,0.25,0.25,0,,,A,,,0.3523,0.61,,0.3723,A,78,0,◎-○軸 3着3〜4艇流し（10〜15点）,0.5777,"{'is_target': True, 'verdict': '点数絞り', 'max_combo_prob': 0.1335, 'est_top_odds': 10.0, 'circle_concentration': 78.2, 'eligible_count': 8, 'bet_adj': 0, 'reason': 'rel_win1=64.3%（本命度） / 最有力組み合わせ確率: 0.133（推定実オッズ?10倍） / 2着集中度: 上位2艇 78.2%（補正+0.04） / 総合判定確率: 0.173 / → ヒモはやや固め。上位2艇以外を切ること', 'tenji_trigger': '展示確認: 1号艇伸び良→そのまま採用。悪→飛び組に差し替え。circle_pct上位2艇に絞り込むこと。'}",,,31.8,逃げ狙い,24.85,33,2,,,,,,,,,,,
2025-06-20,丸亀,9,1,安河内将,A1,30.99,1,◎,62.9235,,0,91.5,0.1601,3.4939,,,0,低,99,0,逃1%,1232,0,65.7,1.0059,0.7941,,,,,0.0781,0.0781,0.0781,◎,,B,,,,0.6335,,0.4579,S,82,0,◎1着固定 2-3着流し（5〜8点）,0.5777,"{'is_target': True, 'verdict': '点数絞り', 'max_combo_prob': 0.1032, 'est_top_odds': 12.9, 'circle_concentration': 76.9, 'eligible_count': 6, 'bet_adj': 0, 'reason': 'rel_win1=62.9%（本命度） / 最有力組み合わせ確率: 0.103（推定実オッズ?13倍） / 2着集中度: 上位2艇 76.9%（補正+0.04） / 総合判定確率: 0.143 / → ヒモはやや固め。上位2艇以外を切ること', 'tenji_trigger': '展示確認: 1号艇伸び良→そのまま採用。悪→飛び組に差し替え。circle_pct上位2艇に絞り込むこと。'}",,,27.5,逃げ狙い,16.79,27.6,2,,,,,0,0,0.7559,0,,逃げ軸流し,A
2025-06-20,丸亀,9,2,竹田和哉,A1,25.73,2,,15.5428,52.2,78,87.8,0.1616,3.2551,,,0,低,106,0,差0%,2132,0,46.7,1.1007,0,0.16,0.04,0,0.04,0.116,0.116,0,,,D,△,,0.3191,0.6415,,0.4579,S,82,0,◎1着固定 2-3着流し（5〜8点）,0.5777,"{'is_target': True, 'verdict': '点数絞り', 'max_combo_prob': 0.1032, 'est_top_odds': 12.9, 'circle_concentration': 76.9, 'eligible_count': 6, 'bet_adj': 0, 'reason': 'rel_win1=62.9%（本命度） / 最有力組み合わせ確率: 0.103（推定実オッズ?13倍） / 2着集中度: 上位2艇 76.9%（補正+0.04） / 総合判定確率: 0.143 / → ヒモはやや固め。上位2艇以外を切ること', 'tenji_trigger': '展示確認: 1号艇伸び良→そのまま採用。悪→飛び組に差し替え。circle_pct上位2艇に絞り込むこと。'}",,,27.5,逃げ狙い,16.79,27.6,2,,,,,,,,,,,
2025-06-20,丸亀,9,3,石丸海渡,A1,26.74,3,○,11.3707,24.8,100,63.2,0.1024,2,,,0,低,26,0,ま0% 差ま0%,4315,0,44.2,1.0585,0,0.0455,0.0455,0.0909,0.0455,0.0792,0.0125,0,,◎,D,◎,,0.4707,0.687,,0.4579,S,82,0,◎1着固定 2-3着流し（5〜8点）,0.5777,"{'is_target': True, 'verdict': '点数絞り', 'max_combo_prob': 0.1032, 'est_top_odds': 12.9, 'circle_concentration': 76.9, 'eligible_count': 6, 'bet_adj': 0, 'reason': 'rel_win1=62.9%（本命度） / 最有力組み合わせ確率: 0.103（推定実オッズ?13倍） / 2着集中度: 上位2艇 76.9%（補正+0.04） / 総合判定確率: 0.143 / → ヒモはやや固め。上位2艇以外を切ること', 'tenji_trigger': '展示確認: 1号艇伸び良→そのまま採用。悪→飛び組に差し替え。circle_pct上位2艇に絞り込むこと。'}",,,27.5,逃げ狙い,16.79,27.6,2,,,,,,,,,,,
2025-06-20,丸亀,9,4,四宮与寛,A2,29.63,4,▲,6.4009,18.2,92,57.4,0.1354,2.6311,,,0,低,60,0,-,1 24,0,27,0.7804,0,0.0357,0.0357,0,0,0.1116,0.1374,0.0258,,,C,○,◎,0.3798,0.6545,0.4326,0.4579,S,82,0,◎1着固定 2-3着流し（5〜8点）,0.5777,"{'is_target': True, 'verdict': '点数絞り', 'max_combo_prob': 0.1032, 'est_top_odds': 12.9, 'circle_concentration': 76.9, 'eligible_count': 6, 'bet_adj': 0, 'reason': 'rel_win1=62.9%（本命度） / 最有力組み合わせ確率: 0.103（推定実オッズ?13倍） / 2着集中度: 上位2艇 76.9%（補正+0.04） / 総合判定確率: 0.143 / → ヒモはやや固め。上位2艇以外を切ること', 'tenji_trigger': '展示確認: 1号艇伸び良→そのまま採用。悪→飛び組に差し替え。circle_pct上位2艇に絞り込むこと。'}",,,27.5,逃げ狙い,16.79,27.6,2,,,,,,,,,,,
2025-06-20,丸亀,9,5,西原明生,B1,30.98,5,△,2.7816,4.4,92,35.8,0.1886,3.9877,,,0,低,192,0,-,153,0,38.7,1.0431,0,0,0.0286,0,0,0.2571,0.2571,0.2762,,,C,△,,0.1922,0.641,,0.4579,S,82,0,◎1着固定 2-3着流し（5〜8点）,0.5777,"{'is_target': True, 'verdict': '点数絞り', 'max_combo_prob': 0.1032, 'est_top_odds': 12.9, 'circle_concentration': 76.9, 'eligible_count': 6, 'bet_adj': 0, 'reason': 'rel_win1=62.9%（本命度） / 最有力組み合わせ確率: 0.103（推定実オッズ?13倍） / 2着集中度: 上位2艇 76.9%（補正+0.04） / 総合判定確率: 0.143 / → ヒモはやや固め。上位2艇以外を切ること', 'tenji_trigger': '展示確認: 1号艇伸び良→そのまま採用。悪→飛び組に差し替え。circle_pct上位2艇に絞り込むこと。'}",,,27.5,逃げ狙い,16.79,27.6,2,,,,,,,,,,,
2025-06-20,丸亀,9,6,長谷川親,B1,30.64,6,,0.9806,0.5,34,10,0.2165,5.0875,,,0,低,166,0,-,1 44,0,93,2.0375,,,,,,0.1111,0.3778,0.2222,,,C,,,0.1388,0.605,,0.4579,S,82,0,◎1着固定 2-3着流し（5〜8点）,0.5777,"{'is_target': True, 'verdict': '点数絞り', 'max_combo_prob': 0.1032, 'est_top_odds': 12.9, 'circle_concentration': 76.9, 'eligible_count': 6, 'bet_adj': 0, 'reason': 'rel_win1=62.9%（本命度） / 最有力組み合わせ確率: 0.103（推定実オッズ?13倍） / 2着集中度: 上位2艇 76.9%（補正+0.04） / 総合判定確率: 0.143 / → ヒモはやや固め。上位2艇以外を切ること', 'tenji_trigger': '展示確認: 1号艇伸び良→そのまま採用。悪→飛び組に差し替え。circle_pct上位2艇に絞り込むこと。'}",,,27.5,逃げ狙い,16.79,27.6,2,,,,,,,,,,,
2025-06-20,丸亀,10,1,濱崎直矢,A1,24.70,1,◎,61.2344,,0,93.8,0.1501,2.8375,,,0,低,95,0,逃1%,2131,0,81.1,1.2049,0.8148,,,,,0.0148,0.1444,0.1148,◎,,E,△,,,0.632,,0.5638,S,95,0,◎1着固定 2-3着流し（5〜8点）,0.5777,"{'is_target': True, 'verdict': '参加推奨', 'max_combo_prob': 0.112, 'est_top_odds': 11.9, 'circle_concentration': 68.4, 'eligible_count': 6, 'bet_adj': 2, 'reason': 'rel_win1=61.2%（本命度） / 最有力組み合わせ確率: 0.112（推定実オッズ?12倍） / 2着集中度: 上位2艇 68.4%（補正+0.00） / 総合判定確率: 0.112 / → ヒモ分散。1号艇1着固定で広めのヒモ流し推奨（買い目+2点）', 'tenji_trigger': '展示確認: ヒモ分散レース。1号艇伸び確認後、広めのヒモ流しを採用。穴ヒモ（5・6号艇）を積極的に含める。'}",,,28.3,逃げ狙い,19.56,27.6,2,,,,,0,0,0.7559,0,,逃げ軸流し,A
2025-06-20,丸亀,10,2,渡辺浩司,A1,30.22,2,▲,14.2047,49.6,68,84,0.1366,3.11,,,0,低,46,0,差0%,1431,0,62.4,1.3334,0,0.2353,0,0,0,0.1467,0,0.0867,,◎,D,◎,,0.4907,0.699,,0.5638,S,95,0,◎1着固定 2-3着流し（5〜8点）,0.5777,"{'is_target': True, 'verdict': '参加推奨', 'max_combo_prob': 0.112, 'est_top_odds': 11.9, 'circle_concentration': 68.4, 'eligible_count': 6, 'bet_adj': 2, 'reason': 'rel_win1=61.2%（本命度） / 最有力組み合わせ確率: 0.112（推定実オッズ?12倍） / 2着集中度: 上位2艇 68.4%（補正+0.00） / 総合判定確率: 0.112 / → ヒモ分散。1号艇1着固定で広めのヒモ流し推奨（買い目+2点）', 'tenji_trigger': '展示確認: ヒモ分散レース。1号艇伸び確認後、広めのヒモ流しを採用。穴ヒモ（5・6号艇）を積極的に含める。'}",,,28.3,逃げ狙い,19.56,27.6,2,,,,,,,,,,,
2025-06-20,丸亀,10,3,盛本真輔,A2,32.95,3,△,9.5685,18.9,58,59,0.1707,3.5656,,,0,低,190,0,-,232,0,100,0.8531,0,0.037,0.1111,0,0,0.1487,0.0211,0.2237,,,C,,,0.1901,0.596,,0.5638,S,95,0,◎1着固定 2-3着流し（5〜8点）,0.5777,"{'is_target': True, 'verdict': '参加推奨', 'max_combo_prob': 0.112, 'est_top_odds': 11.9, 'circle_concentration': 68.4, 'eligible_count': 6, 'bet_adj': 2, 'reason': 'rel_win1=61.2%（本命度） / 最有力組み合わせ確率: 0.112（推定実オッズ?12倍） / 2着集中度: 上位2艇 68.4%（補正+0.00） / 総合判定確率: 0.112 / → ヒモ分散。1号艇1着固定で広めのヒモ流し推奨（買い目+2点）', 'tenji_trigger': '展示確認: ヒモ分散レース。1号艇伸び確認後、広めのヒモ流しを採用。穴ヒモ（5・6号艇）を積極的に含める。'}",,,28.3,逃げ狙い,19.56,27.6,2,,,,,,,,,,,
2025-06-20,丸亀,10,4,坪口竜也,A1,32.39,4,,7.1003,16.9,100,69.6,0.1623,3.8214,,,0,低,84,0,-,5213,0,57,1.23,0,0,0.0476,0.0952,0,0,0.0667,0.0333,,,C,○,◎,0.2514,0.6815,0.3774,0.5638,S,95,0,◎1着固定 2-3着流し（5〜8点）,0.5777,"{'is_target': True, 'verdict': '参加推奨', 'max_combo_prob': 0.112, 'est_top_odds': 11.9, 'circle_concentration': 68.4, 'eligible_count': 6, 'bet_adj': 2, 'reason': 'rel_win1=61.2%（本命度） / 最有力組み合わせ確率: 0.112（推定実オッズ?12倍） / 2着集中度: 上位2艇 68.4%（補正+0.00） / 総合判定確率: 0.112 / → ヒモ分散。1号艇1着固定で広めのヒモ流し推奨（買い目+2点）', 'tenji_trigger': '展示確認: ヒモ分散レース。1号艇伸び確認後、広めのヒモ流しを採用。穴ヒモ（5・6号艇）を積極的に含める。'}",,,28.3,逃げ狙い,19.56,27.6,2,,,,,,,,,,,
2025-06-20,丸亀,10,5,田中宏樹,B1,40.85,5,○,4.0042,9.2,63,44.4,0.1722,3.8981,,,0,低,128,0,-,5315,0,29.3,0.6157,,,,,,0.2,0.02,0.18,,,B,△,,0.2413,0.6195,,0.5638,S,95,0,◎1着固定 2-3着流し（5〜8点）,0.5777,"{'is_target': True, 'verdict': '参加推奨', 'max_combo_prob': 0.112, 'est_top_odds': 11.9, 'circle_concentration': 68.4, 'eligible_count': 6, 'bet_adj': 2, 'reason': 'rel_win1=61.2%（本命度） / 最有力組み合わせ確率: 0.112（推定実オッズ?12倍） / 2着集中度: 上位2艇 68.4%（補正+0.00） / 総合判定確率: 0.112 / → ヒモ分散。1号艇1着固定で広めのヒモ流し推奨（買い目+2点）', 'tenji_trigger': '展示確認: ヒモ分散レース。1号艇伸び確認後、広めのヒモ流しを採用。穴ヒモ（5・6号艇）を積極的に含める。'}",,,28.3,逃げ狙い,19.56,27.6,2,,,,,,,,,,,
2025-06-20,丸亀,10,6,妻鳥晋也,B1,33.52,6,,3.8879,5.5,50,35.7,0.1767,4.1548,,,0,低,151,0,-,3 24,0,29.3,2.2892,0,0,0,0.0588,0.0588,0.25,0.21,0.23,,,C,,,0.2006,0.601,,0.5638,S,95,0,◎1着固定 2-3着流し（5〜8点）,0.5777,"{'is_target': True, 'verdict': '参加推奨', 'max_combo_prob': 0.112, 'est_top_odds': 11.9, 'circle_concentration': 68.4, 'eligible_count': 6, 'bet_adj': 2, 'reason': 'rel_win1=61.2%（本命度） / 最有力組み合わせ確率: 0.112（推定実オッズ?12倍） / 2着集中度: 上位2艇 68.4%（補正+0.00） / 総合判定確率: 0.112 / → ヒモ分散。1号艇1着固定で広めのヒモ流し推奨（買い目+2点）', 'tenji_trigger': '展示確認: ヒモ分散レース。1号艇伸び確認後、広めのヒモ流しを採用。穴ヒモ（5・6号艇）を積極的に含める。'}",,,28.3,逃げ狙い,19.56,27.6,2,,,,,,,,,,,
2025-06-20,丸亀,11,1,古賀繁輝,A1,26.22,1,◎,62.7555,,0,94.8,0.1486,2.5776,,,0,低,54,0,逃0% 抜0%,1112,0,85.3,1.2412,0.7308,,,,,0,0.0308,0.0308,◎,,E,◎,,,0.664,,0.6244,S,100,0,◎1着固定 2-3着流し（5〜8点）,0.5777,"{'is_target': True, 'verdict': '参加推奨', 'max_combo_prob': 0.0783, 'est_top_odds': 17.0, 'circle_concentration': 62.6, 'eligible_count': 6, 'bet_adj': 2, 'reason': 'rel_win1=62.8%（本命度） / 最有力組み合わせ確率: 0.078（推定実オッズ?17倍） / 2着集中度: 上位2艇 62.6%（補正+0.00） / 総合判定確率: 0.078 / → ヒモ分散。1号艇1着固定で広めのヒモ流し推奨（買い目+2点）', 'tenji_trigger': '展示確認: ヒモ分散レース。1号艇伸び確認後、広めのヒモ流しを採用。穴ヒモ（5・6号艇）を積極的に含める。'}",,,24.8,逃げ狙い,14.53,21.9,3,,,,,0,0,0.7559,0,,逃げ軸流し,A
2025-06-20,丸亀,11,2,藤井太雅,B1,32.42,2,△,10.6081,26.9,74,32.4,0.1862,3.5405,,,0,低,119,0,差0% ま0%,213,0,17.5,0.5853,0,0.0667,0.0667,0,0,0.0833,0.4167,0.1667,,,C,,,0.065,0.45,,0.6244,S,100,0,◎1着固定 2-3着流し（5〜8点）,0.5777,"{'is_target': True, 'verdict': '参加推奨', 'max_combo_prob': 0.0783, 'est_top_odds': 17.0, 'circle_concentration': 62.6, 'eligible_count': 6, 'bet_adj': 2, 'reason': 'rel_win1=62.8%（本命度） / 最有力組み合わせ確率: 0.078（推定実オッズ?17倍） / 2着集中度: 上位2艇 62.6%（補正+0.00） / 総合判定確率: 0.078 / → ヒモ分散。1号艇1着固定で広めのヒモ流し推奨（買い目+2点）', 'tenji_trigger': '展示確認: ヒモ分散レース。1号艇伸び確認後、広めのヒモ流しを採用。穴ヒモ（5・6号艇）を積極的に含める。'}",,,24.8,逃げ狙い,14.53,21.9,3,,,,,,,,,,,
2025-06-20,丸亀,11,3,山本隆幸,A2,30.22,3,,12.1294,35.7,80,63,0.1661,3.2065,,,0,低,130,0,-,2224,0,100,2.496,0,0,0.0952,0.0952,0,0,0.0645,0.2258,,,D,,,0.2188,0.631,,0.6244,S,100,0,◎1着固定 2-3着流し（5〜8点）,0.5777,"{'is_target': True, 'verdict': '参加推奨', 'max_combo_prob': 0.0783, 'est_top_odds': 17.0, 'circle_concentration': 62.6, 'eligible_count': 6, 'bet_adj': 2, 'reason': 'rel_win1=62.8%（本命度） / 最有力組み合わせ確率: 0.078（推定実オッズ?17倍） / 2着集中度: 上位2艇 62.6%（補正+0.00） / 総合判定確率: 0.078 / → ヒモ分散。1号艇1着固定で広めのヒモ流し推奨（買い目+2点）', 'tenji_trigger': '展示確認: ヒモ分散レース。1号艇伸び確認後、広めのヒモ流しを採用。穴ヒモ（5・6号艇）を積極的に含める。'}",,,24.8,逃げ狙い,14.53,21.9,3,,,,,,,,,,,
2025-06-20,丸亀,11,4,齊藤　優,B1,30.77,4,▲,7.3846,23.2,39,45.3,0.1525,3.1719,,,0,低,103,0,-,3414,0,42.9,0.6615,0,0,0.04,0.04,0.04,0.0923,0.3923,0.0462,,,C,△,◎,0.2707,0.6325,0.2806,0.6244,S,100,0,◎1着固定 2-3着流し（5〜8点）,0.5777,"{'is_target': True, 'verdict': '参加推奨', 'max_combo_prob': 0.0783, 'est_top_odds': 17.0, 'circle_concentration': 62.6, 'eligible_count': 6, 'bet_adj': 2, 'reason': 'rel_win1=62.8%（本命度） / 最有力組み合わせ確率: 0.078（推定実オッズ?17倍） / 2着集中度: 上位2艇 62.6%（補正+0.00） / 総合判定確率: 0.078 / → ヒモ分散。1号艇1着固定で広めのヒモ流し推奨（買い目+2点）', 'tenji_trigger': '展示確認: ヒモ分散レース。1号艇伸び確認後、広めのヒモ流しを採用。穴ヒモ（5・6号艇）を積極的に含める。'}",,,24.8,逃げ狙い,14.53,21.9,3,,,,,,,,,,,
2025-06-20,丸亀,11,5,古川　健,B1,30.23,5,,4.8278,11.5,73,39.6,0.1492,3.0094,,,0,低,95,0,-,4316,0,29.5,0.8893,0,0,0.0952,0,0,0.2889,0.0444,0.2667,,,D,○,,0.3026,0.6335,,0.6244,S,100,0,◎1着固定 2-3着流し（5〜8点）,0.5777,"{'is_target': True, 'verdict': '参加推奨', 'max_combo_prob': 0.0783, 'est_top_odds': 17.0, 'circle_concentration': 62.6, 'eligible_count': 6, 'bet_adj': 2, 'reason': 'rel_win1=62.8%（本命度） / 最有力組み合わせ確率: 0.078（推定実オッズ?17倍） / 2着集中度: 上位2艇 62.6%（補正+0.00） / 総合判定確率: 0.078 / → ヒモ分散。1号艇1着固定で広めのヒモ流し推奨（買い目+2点）', 'tenji_trigger': '展示確認: ヒモ分散レース。1号艇伸び確認後、広めのヒモ流しを採用。穴ヒモ（5・6号艇）を積極的に含める。'}",,,24.8,逃げ狙い,14.53,21.9,3,,,,,,,,,,,
2025-06-20,丸亀,11,6,安東幸治,A1,47.70,6,○,2.2946,2.7,100,41.2,0.1678,4.0368,,,0,低,182,0,-,622,0,75.9,1.6397,,,,,,0.1161,0.2354,0.1263,,,A,△,,0.25,0.633,,0.6244,S,100,0,◎1着固定 2-3着流し（5〜8点）,0.5777,"{'is_target': True, 'verdict': '参加推奨', 'max_combo_prob': 0.0783, 'est_top_odds': 17.0, 'circle_concentration': 62.6, 'eligible_count': 6, 'bet_adj': 2, 'reason': 'rel_win1=62.8%（本命度） / 最有力組み合わせ確率: 0.078（推定実オッズ?17倍） / 2着集中度: 上位2艇 62.6%（補正+0.00） / 総合判定確率: 0.078 / → ヒモ分散。1号艇1着固定で広めのヒモ流し推奨（買い目+2点）', 'tenji_trigger': '展示確認: ヒモ分散レース。1号艇伸び確認後、広めのヒモ流しを採用。穴ヒモ（5・6号艇）を積極的に含める。'}",,,24.8,逃げ狙い,14.53,21.9,3,,,,,,,,,,,
2025-06-20,丸亀,12,1,金児隆太,A2,27.12,1,◎,67.3369,,0,77.3,0.1802,3.4394,,,0,低,153,0,逃0%,4 53,0,82.3,1.0582,0.4,,,,,0.048,0.444,0.032,○,,D,△,,,0.6175,,0.3771,A,69,0,◎-○軸 3着3〜4艇流し（10〜15点）,0.5777,"{'is_target': True, 'verdict': '点数絞り', 'max_combo_prob': 0.1044, 'est_top_odds': 12.8, 'circle_concentration': 70.7, 'eligible_count': 8, 'bet_adj': 0, 'reason': 'rel_win1=67.3%（本命度） / 最有力組み合わせ確率: 0.104（推定実オッズ?13倍） / 2着集中度: 上位2艇 70.7%（補正+0.04） / 総合判定確率: 0.144 / → ヒモはやや固め。上位2艇以外を切ること', 'tenji_trigger': '展示確認: 1号艇伸び良→そのまま採用。悪→飛び組に差し替え。circle_pct上位2艇に絞り込むこと。\n展示で1号艇スタート遅め(0.180秒)確認→ヒモが荒れやすい'}",,,30.2,逃げ狙い,15.81,36.2,3,,,,,0,0,0.6155,0,,逃げ軸流し,A
2025-06-20,丸亀,12,2,眞田英二,A2,28.48,2,,10.3539,40.8,100,67.9,0.1716,3.5536,,,0,低,137,0,-,145,0,67.4,1.2712,0,0.125,0,0,0.0417,0.0667,0.2889,0.0667,,△,D,△,,0.4216,0.6555,,0.3771,A,69,0,◎-○軸 3着3〜4艇流し（10〜15点）,0.5777,"{'is_target': True, 'verdict': '点数絞り', 'max_combo_prob': 0.1044, 'est_top_odds': 12.8, 'circle_concentration': 70.7, 'eligible_count': 8, 'bet_adj': 0, 'reason': 'rel_win1=67.3%（本命度） / 最有力組み合わせ確率: 0.104（推定実オッズ?13倍） / 2着集中度: 上位2艇 70.7%（補正+0.04） / 総合判定確率: 0.144 / → ヒモはやや固め。上位2艇以外を切ること', 'tenji_trigger': '展示確認: 1号艇伸び良→そのまま採用。悪→飛び組に差し替え。circle_pct上位2艇に絞り込むこと。\n展示で1号艇スタート遅め(0.180秒)確認→ヒモが荒れやすい'}",,,30.2,逃げ狙い,15.81,36.2,3,,,,,,,,,,,
2025-06-20,丸亀,12,3,松田竜馬,A2,34.10,3,○,7.1889,29.9,98,65.3,0.1197,2.5533,,,0,低,79,0,-,4251,0,47.3,1.1094,,,,,,0.0143,0.1286,0.2429,,◎,C,○,,0.5277,0.663,,0.3771,A,69,0,◎-○軸 3着3〜4艇流し（10〜15点）,0.5777,"{'is_target': True, 'verdict': '点数絞り', 'max_combo_prob': 0.1044, 'est_top_odds': 12.8, 'circle_concentration': 70.7, 'eligible_count': 8, 'bet_adj': 0, 'reason': 'rel_win1=67.3%（本命度） / 最有力組み合わせ確率: 0.104（推定実オッズ?13倍） / 2着集中度: 上位2艇 70.7%（補正+0.04） / 総合判定確率: 0.144 / → ヒモはやや固め。上位2艇以外を切ること', 'tenji_trigger': '展示確認: 1号艇伸び良→そのまま採用。悪→飛び組に差し替え。circle_pct上位2艇に絞り込むこと。\n展示で1号艇スタート遅め(0.180秒)確認→ヒモが荒れやすい'}",,,30.2,逃げ狙い,15.81,36.2,3,,,,,,,,,,,
2025-06-20,丸亀,12,4,西尾亮輔,B1,40.00,4,▲,6.6701,3.9,89,31.2,0.1652,3.7109,,,0,低,145,0,-,334,0,49.9,1.0234,0,0.0294,0,0,0,0.12,0.04,0.72,,,B,,,0.4014,0.545,,0.3771,A,69,0,◎-○軸 3着3〜4艇流し（10〜15点）,0.5777,"{'is_target': True, 'verdict': '点数絞り', 'max_combo_prob': 0.1044, 'est_top_odds': 12.8, 'circle_concentration': 70.7, 'eligible_count': 8, 'bet_adj': 0, 'reason': 'rel_win1=67.3%（本命度） / 最有力組み合わせ確率: 0.104（推定実オッズ?13倍） / 2着集中度: 上位2艇 70.7%（補正+0.04） / 総合判定確率: 0.144 / → ヒモはやや固め。上位2艇以外を切ること', 'tenji_trigger': '展示確認: 1号艇伸び良→そのまま採用。悪→飛び組に差し替え。circle_pct上位2艇に絞り込むこと。\n展示で1号艇スタート遅め(0.180秒)確認→ヒモが荒れやすい'}",,,30.2,逃げ狙い,15.81,36.2,3,,,,,,,,,,,
2025-06-20,丸亀,12,5,伊藤啓三,A2,26.62,5,,7.0763,19.4,50,47.6,0.1289,2.6984,,,0,低,78,0,差ま0%,2 56,0,83.5,1.369,0,0,0,0.05,0,0.2727,0.3455,0.0364,,○,E,◎,◎,0.5165,0.6695,0.4202,0.3771,A,69,0,◎-○軸 3着3〜4艇流し（10〜15点）,0.5777,"{'is_target': True, 'verdict': '点数絞り', 'max_combo_prob': 0.1044, 'est_top_odds': 12.8, 'circle_concentration': 70.7, 'eligible_count': 8, 'bet_adj': 0, 'reason': 'rel_win1=67.3%（本命度） / 最有力組み合わせ確率: 0.104（推定実オッズ?13倍） / 2着集中度: 上位2艇 70.7%（補正+0.04） / 総合判定確率: 0.144 / → ヒモはやや固め。上位2艇以外を切ること', 'tenji_trigger': '展示確認: 1号艇伸び良→そのまま採用。悪→飛び組に差し替え。circle_pct上位2艇に絞り込むこと。\n展示で1号艇スタート遅め(0.180秒)確認→ヒモが荒れやすい'}",,,30.2,逃げ狙い,15.81,36.2,3,,,,,,,,,,,
2025-06-20,丸亀,12,6,岸本雄貴,B1,43.60,6,△,1.374,6,21,13.5,0.1937,4.0962,,,0,低,136,0,-,655,0,29.8,0.8044,,,,,,0.0842,0.1621,0.0421,,,A,,,0.3371,0.5525,,0.3771,A,69,0,◎-○軸 3着3〜4艇流し（10〜15点）,0.5777,"{'is_target': True, 'verdict': '点数絞り', 'max_combo_prob': 0.1044, 'est_top_odds': 12.8, 'circle_concentration': 70.7, 'eligible_count': 8, 'bet_adj': 0, 'reason': 'rel_win1=67.3%（本命度） / 最有力組み合わせ確率: 0.104（推定実オッズ?13倍） / 2着集中度: 上位2艇 70.7%（補正+0.04） / 総合判定確率: 0.144 / → ヒモはやや固め。上位2艇以外を切ること', 'tenji_trigger': '展示確認: 1号艇伸び良→そのまま採用。悪→飛び組に差し替え。circle_pct上位2艇に絞り込むこと。\n展示で1号艇スタート遅め(0.180秒)確認→ヒモが荒れやすい'}",,,30.2,逃げ狙い,15.81,36.2,3,,,,,,,,,,,
2025-06-21,丸亀,1,1,島田一生,B1,39.77,1,◎,61.6488,,0,81.6,0.1484,2.8421,,,0,低,101,0,逃0%,6 522,0,58.6,0.9153,0.381,,,,,0.1905,0.2857,0.0476,◎,,B,,,,0.569,,0.4514,A,73,0,◎-○軸 3着3〜4艇流し（10〜15点）,0.5777,"{'is_target': True, 'verdict': '参加推奨', 'max_combo_prob': 0.0645, 'est_top_odds': 20.7, 'circle_concentration': 62.0, 'eligible_count': 8, 'bet_adj': 2, 'reason': 'rel_win1=61.6%（本命度） / 最有力組み合わせ確率: 0.064（推定実オッズ?21倍） / 2着集中度: 上位2艇 62.0%（補正+0.00） / 総合判定確率: 0.064 / → ヒモ分散。1号艇1着固定で広めのヒモ流し推奨（買い目+2点）', 'tenji_trigger': '展示確認: ヒモ分散レース。1号艇伸び確認後、広めのヒモ流しを採用。穴ヒモ（5・6号艇）を積極的に含める。'}",,,27.7,逃げ狙い,9.01,35,3,,,,,0,0,0.7559,0,,逃げ軸流し,A
2025-06-21,丸亀,1,2,門間雄大,B1,36.99,2,○,10.857,25.9,93,43.6,0.1725,3.6818,,,0,低,97,0,差0% ま0%,53264,0,97.4,0.7412,0,0.0476,0.0952,0,0,0.0211,0.2632,0.0842,,,B,◎,,0.103,0.629,,0.4514,A,73,0,◎-○軸 3着3〜4艇流し（10〜15点）,0.5777,"{'is_target': True, 'verdict': '参加推奨', 'max_combo_prob': 0.0645, 'est_top_odds': 20.7, 'circle_concentration': 62.0, 'eligible_count': 8, 'bet_adj': 2, 'reason': 'rel_win1=61.6%（本命度） / 最有力組み合わせ確率: 0.064（推定実オッズ?21倍） / 2着集中度: 上位2艇 62.0%（補正+0.00） / 総合判定確率: 0.064 / → ヒモ分散。1号艇1着固定で広めのヒモ流し推奨（買い目+2点）', 'tenji_trigger': '展示確認: ヒモ分散レース。1号艇伸び確認後、広めのヒモ流しを採用。穴ヒモ（5・6号艇）を積極的に含める。'}",,,27.7,逃げ狙い,9.01,35,3,,,,,,,,,,,
2025-06-21,丸亀,1,3,西川拓利,B1,31.84,3,▲,10.7169,36,100,47.2,0.1315,2.9811,,,0,低,82,0,-,3 553,0,92.6,1.9671,0,0,0.0417,0.0417,0,0.0769,0.0769,0.2308,,◎,D,△,,0.4087,0.5875,,0.4514,A,73,0,◎-○軸 3着3〜4艇流し（10〜15点）,0.5777,"{'is_target': True, 'verdict': '参加推奨', 'max_combo_prob': 0.0645, 'est_top_odds': 20.7, 'circle_concentration': 62.0, 'eligible_count': 8, 'bet_adj': 2, 'reason': 'rel_win1=61.6%（本命度） / 最有力組み合わせ確率: 0.064（推定実オッズ?21倍） / 2着集中度: 上位2艇 62.0%（補正+0.00） / 総合判定確率: 0.064 / → ヒモ分散。1号艇1着固定で広めのヒモ流し推奨（買い目+2点）', 'tenji_trigger': '展示確認: ヒモ分散レース。1号艇伸び確認後、広めのヒモ流しを採用。穴ヒモ（5・6号艇）を積極的に含める。'}",,,27.7,逃げ狙い,9.01,35,3,,,,,,,,,,,
2025-06-21,丸亀,1,4,安田吉宏,B1,26.62,4,,10.3524,22.2,87,41.2,0.1673,3.598,,,0,低,115,0,ま0% 差ま0%,6 335,0,45.7,1.0002,0,0,0.0455,0.0455,0,0.2,0.3524,0.2476,,,E,,,0.2598,0.551,,0.4514,A,73,0,◎-○軸 3着3〜4艇流し（10〜15点）,0.5777,"{'is_target': True, 'verdict': '参加推奨', 'max_combo_prob': 0.0645, 'est_top_odds': 20.7, 'circle_concentration': 62.0, 'eligible_count': 8, 'bet_adj': 2, 'reason': 'rel_win1=61.6%（本命度） / 最有力組み合わせ確率: 0.064（推定実オッズ?21倍） / 2着集中度: 上位2艇 62.0%（補正+0.00） / 総合判定確率: 0.064 / → ヒモ分散。1号艇1着固定で広めのヒモ流し推奨（買い目+2点）', 'tenji_trigger': '展示確認: ヒモ分散レース。1号艇伸び確認後、広めのヒモ流しを採用。穴ヒモ（5・6号艇）を積極的に含める。'}",,,27.7,逃げ狙い,9.01,35,3,,,,,,,,,,,
2025-06-21,丸亀,1,5,酒井陽祐,B1,34.62,5,△,5.1597,14.5,99,35.5,0.1752,3.9758,,,0,低,117,0,-,5 663,0,28.4,1.8857,0,0,0,0.0323,0,0.2222,0,0.3333,,,C,○,,0.2385,0.62,,0.4514,A,73,0,◎-○軸 3着3〜4艇流し（10〜15点）,0.5777,"{'is_target': True, 'verdict': '参加推奨', 'max_combo_prob': 0.0645, 'est_top_odds': 20.7, 'circle_concentration': 62.0, 'eligible_count': 8, 'bet_adj': 2, 'reason': 'rel_win1=61.6%（本命度） / 最有力組み合わせ確率: 0.064（推定実オッズ?21倍） / 2着集中度: 上位2艇 62.0%（補正+0.00） / 総合判定確率: 0.064 / → ヒモ分散。1号艇1着固定で広めのヒモ流し推奨（買い目+2点）', 'tenji_trigger': '展示確認: ヒモ分散レース。1号艇伸び確認後、広めのヒモ流しを採用。穴ヒモ（5・6号艇）を積極的に含める。'}",,,27.7,逃げ狙い,9.01,35,3,,,,,,,,,,,
2025-06-21,丸亀,1,6,高山秀雄,B1,33.69,6,,1.2652,1.3,62,17.9,0.1962,4.8333,,,0,低,143,0,-,454 35,0,28.4,0.5972,,,,,,0.195,0.22,0.05,,,C,△,,0.2047,0.5915,,0.4514,A,73,0,◎-○軸 3着3〜4艇流し（10〜15点）,0.5777,"{'is_target': True, 'verdict': '参加推奨', 'max_combo_prob': 0.0645, 'est_top_odds': 20.7, 'circle_concentration': 62.0, 'eligible_count': 8, 'bet_adj': 2, 'reason': 'rel_win1=61.6%（本命度） / 最有力組み合わせ確率: 0.064（推定実オッズ?21倍） / 2着集中度: 上位2艇 62.0%（補正+0.00） / 総合判定確率: 0.064 / → ヒモ分散。1号艇1着固定で広めのヒモ流し推奨（買い目+2点）', 'tenji_trigger': '展示確認: ヒモ分散レース。1号艇伸び確認後、広めのヒモ流しを採用。穴ヒモ（5・6号艇）を積極的に含める。'}",,,27.7,逃げ狙い,9.01,35,3,,,,,,,,,,,
2025-06-21,丸亀,2,1,熊本英一,B1,39.44,1,◎,57.7274,,0,61.4,0.2041,4.0568,,,0,低,213,0,-,566 6,0,97.8,1.4516,0.2778,,,,,0.3056,0.0444,0.0667,,,C,△,,,0.585,,0.1859,B,59,0,◎○△フォーメーション（15〜20点）,0.5777,"{'is_target': True, 'verdict': '点数絞り', 'max_combo_prob': 0.1089, 'est_top_odds': 12.2, 'circle_concentration': 77.8, 'eligible_count': 9, 'bet_adj': 0, 'reason': 'rel_win1=57.7%（本命度） / 最有力組み合わせ確率: 0.109（推定実オッズ?12倍） / 2着集中度: 上位2艇 77.8%（補正+0.04） / 総合判定確率: 0.149 / → ヒモはやや固め。上位2艇以外を切ること', 'tenji_trigger': '展示確認: 1号艇伸び良→そのまま採用。悪→飛び組に差し替え。circle_pct上位2艇に絞り込むこと。\n展示で1号艇スタート遅め(0.204秒)確認→ヒモが荒れやすい'}",,,34.7,両建て推奨,13.93,36.4,2,2-1-3|2-1-5|2-3-1|2-1-4|2-5-1|2-5-3|2-3-5|1-2-3|1-3-2|1-2-6,2-1-3|2-1-5|2-3-1|2-1-4|2-5-1|2-5-3|2-3-5|5-1-6|5-6-1|1-2-3|1-3-2|1-2-6,2-1-3:3.28%|2-1-5:1.33%|2-3-1:1.04%|2-1-4:0.98%|2-5-1:0.46%|2-5-3:0.2%|2-3-5:0.18%|1-2-3:4.8%|1-3-2:4.55%|1-2-6:4.09%,2-1-3:B_main|2-1-5:B_main|2-3-1:B_main|2-1-4:B_main|2-5-1:B_main|2-5-3:B_main|2-3-5:B_main|1-2-3:A|1-3-2:A|1-2-6:A,10,12,0.2915,1,[!]見送り推奨（主役決まり手「差し」― 逃げ劣勢レースで的中実績なし）,主役軸流し,B
2025-06-21,丸亀,2,2,西尾亮輔,B1,40.00,2,▲,13.8388,37,100,45.5,0.1614,3.3864,,,0,低,145,0,-,334 36,0,49,0.7009,,,,,,0.12,0.04,0.72,,◎,C,,,0.6233,0.545,,0.1859,B,59,0,◎○△フォーメーション（15〜20点）,0.5777,"{'is_target': True, 'verdict': '点数絞り', 'max_combo_prob': 0.1089, 'est_top_odds': 12.2, 'circle_concentration': 77.8, 'eligible_count': 9, 'bet_adj': 0, 'reason': 'rel_win1=57.7%（本命度） / 最有力組み合わせ確率: 0.109（推定実オッズ?12倍） / 2着集中度: 上位2艇 77.8%（補正+0.04） / 総合判定確率: 0.149 / → ヒモはやや固め。上位2艇以外を切ること', 'tenji_trigger': '展示確認: 1号艇伸び良→そのまま採用。悪→飛び組に差し替え。circle_pct上位2艇に絞り込むこと。\n展示で1号艇スタート遅め(0.204秒)確認→ヒモが荒れやすい'}",,,34.7,両建て推奨,13.93,36.4,2,,,,,,,,,,,
2025-06-21,丸亀,2,3,土屋太朗,B1,28.16,3,,14.7976,40.7,98,54.2,0.156,3.2083,,,0,低,138,0,差0% 差ま0%,4 353,0,46.9,1.1562,0,0.05,0,0.05,0,0.2114,0.1657,0.3114,,○,E,△,,0.4838,0.5975,,0.1859,B,59,0,◎○△フォーメーション（15〜20点）,0.5777,"{'is_target': True, 'verdict': '点数絞り', 'max_combo_prob': 0.1089, 'est_top_odds': 12.2, 'circle_concentration': 77.8, 'eligible_count': 9, 'bet_adj': 0, 'reason': 'rel_win1=57.7%（本命度） / 最有力組み合わせ確率: 0.109（推定実オッズ?12倍） / 2着集中度: 上位2艇 77.8%（補正+0.04） / 総合判定確率: 0.149 / → ヒモはやや固め。上位2艇以外を切ること', 'tenji_trigger': '展示確認: 1号艇伸び良→そのまま採用。悪→飛び組に差し替え。circle_pct上位2艇に絞り込むこと。\n展示で1号艇スタート遅め(0.204秒)確認→ヒモが荒れやすい'}",,,34.7,両建て推奨,13.93,36.4,2,,,,,,,,,,,
2025-06-21,丸亀,2,4,森　雄利,B2,51.18,4,○,7.6052,9.1,33,0,0.1768,3.6053,,,0,低,68,0,-,666 66,0,23,0.6536,,,,,,0.25,0.25,0,,,A,○,,0.4258,0.61,,0.1859,B,59,0,◎○△フォーメーション（15〜20点）,0.5777,"{'is_target': True, 'verdict': '点数絞り', 'max_combo_prob': 0.1089, 'est_top_odds': 12.2, 'circle_concentration': 77.8, 'eligible_count': 9, 'bet_adj': 0, 'reason': 'rel_win1=57.7%（本命度） / 最有力組み合わせ確率: 0.109（推定実オッズ?12倍） / 2着集中度: 上位2艇 77.8%（補正+0.04） / 総合判定確率: 0.149 / → ヒモはやや固め。上位2艇以外を切ること', 'tenji_trigger': '展示確認: 1号艇伸び良→そのまま採用。悪→飛び組に差し替え。circle_pct上位2艇に絞り込むこと。\n展示で1号艇スタート遅め(0.204秒)確認→ヒモが荒れやすい'}",,,34.7,両建て推奨,13.93,36.4,2,,,,,,,,,,,
2025-06-21,丸亀,2,5,武田信一,B2,46.34,5,△,4.4511,12.2,44,25.5,0.1672,3.266,,,0,低,108,0,-,336 14,0,52.7,1.1205,,,,,,0.2291,0.0364,0.2291,,,B,,,0.4341,0.5565,,0.1859,B,59,0,◎○△フォーメーション（15〜20点）,0.5777,"{'is_target': True, 'verdict': '点数絞り', 'max_combo_prob': 0.1089, 'est_top_odds': 12.2, 'circle_concentration': 77.8, 'eligible_count': 9, 'bet_adj': 0, 'reason': 'rel_win1=57.7%（本命度） / 最有力組み合わせ確率: 0.109（推定実オッズ?12倍） / 2着集中度: 上位2艇 77.8%（補正+0.04） / 総合判定確率: 0.149 / → ヒモはやや固め。上位2艇以外を切ること', 'tenji_trigger': '展示確認: 1号艇伸び良→そのまま採用。悪→飛び組に差し替え。circle_pct上位2艇に絞り込むこと。\n展示で1号艇スタート遅め(0.204秒)確認→ヒモが荒れやすい'}",,,34.7,両建て推奨,13.93,36.4,2,,,,,,,,,,,
2025-06-21,丸亀,2,6,松田竜馬,A2,34.10,6,,1.58,0.9,39,27.6,0.154,3.5259,,,0,低,79,0,-,425165,0,24.4,1.1339,,,,,,0.0143,0.1286,0.2429,,△,D,◎,,0.4761,0.663,,0.1859,B,59,0,◎○△フォーメーション（15〜20点）,0.5777,"{'is_target': True, 'verdict': '点数絞り', 'max_combo_prob': 0.1089, 'est_top_odds': 12.2, 'circle_concentration': 77.8, 'eligible_count': 9, 'bet_adj': 0, 'reason': 'rel_win1=57.7%（本命度） / 最有力組み合わせ確率: 0.109（推定実オッズ?12倍） / 2着集中度: 上位2艇 77.8%（補正+0.04） / 総合判定確率: 0.149 / → ヒモはやや固め。上位2艇以外を切ること', 'tenji_trigger': '展示確認: 1号艇伸び良→そのまま採用。悪→飛び組に差し替え。circle_pct上位2艇に絞り込むこと。\n展示で1号艇スタート遅め(0.204秒)確認→ヒモが荒れやすい'}",,,34.7,両建て推奨,13.93,36.4,2,,,,,,,,,,,
2025-06-21,丸亀,3,1,岸本雄貴,B1,43.60,1,◎,55.2107,,0,77.5,0.1506,2.8776,,,0,低,136,0,逃0%,655 53,0,83.1,1.0134,0.4211,,,,,0.0842,0.1621,0.0421,◎,,A,,,,0.5525,,0.5045,A,76,0,◎-○軸 3着3〜4艇流し（10〜15点）,0.5777,"{'is_target': True, 'verdict': '点数絞り', 'max_combo_prob': 0.0919, 'est_top_odds': 14.5, 'circle_concentration': 84.0, 'eligible_count': 8, 'bet_adj': 0, 'reason': 'rel_win1=55.2%（本命度） / 最有力組み合わせ確率: 0.092（推定実オッズ?14倍） / 2着集中度: 上位2艇 84.0%（補正+0.04） / 総合判定確率: 0.132 / → ヒモはやや固め。上位2艇以外を切ること', 'tenji_trigger': '展示確認: 1号艇伸び良→そのまま採用。悪→飛び組に差し替え。circle_pct上位2艇に絞り込むこと。'}",,,27.6,逃げ狙い,14.25,30.2,4,,,,,0,0,0.7559,0,,逃げ軸流し,A
2025-06-21,丸亀,3,2,田中宏樹,B1,40.85,2,○,15.802,58.4,100,66,0.177,3.717,,,0,低,128,0,-,531515,0,50,0.9729,0,0.0455,0.0455,0,0.0455,0.2,0.02,0.18,,,B,◎,,0.0721,0.6195,,0.5045,A,76,0,◎-○軸 3着3〜4艇流し（10〜15点）,0.5777,"{'is_target': True, 'verdict': '点数絞り', 'max_combo_prob': 0.0919, 'est_top_odds': 14.5, 'circle_concentration': 84.0, 'eligible_count': 8, 'bet_adj': 0, 'reason': 'rel_win1=55.2%（本命度） / 最有力組み合わせ確率: 0.092（推定実オッズ?14倍） / 2着集中度: 上位2艇 84.0%（補正+0.04） / 総合判定確率: 0.132 / → ヒモはやや固め。上位2艇以外を切ること', 'tenji_trigger': '展示確認: 1号艇伸び良→そのまま採用。悪→飛び組に差し替え。circle_pct上位2艇に絞り込むこと。'}",,,27.6,逃げ狙い,14.25,30.2,4,,,,,,,,,,,
2025-06-21,丸亀,3,3,森林　太,B1,34.32,3,▲,15.3804,25.5,92,45.7,0.1867,4.0857,,,0,低,204,0,ま0%,5 452,0,58.1,1.2688,0,0,0.1786,0,0.0357,0.0667,0.3556,0.1222,,,C,△,,0.1659,0.555,,0.5045,A,76,0,◎-○軸 3着3〜4艇流し（10〜15点）,0.5777,"{'is_target': True, 'verdict': '点数絞り', 'max_combo_prob': 0.0919, 'est_top_odds': 14.5, 'circle_concentration': 84.0, 'eligible_count': 8, 'bet_adj': 0, 'reason': 'rel_win1=55.2%（本命度） / 最有力組み合わせ確率: 0.092（推定実オッズ?14倍） / 2着集中度: 上位2艇 84.0%（補正+0.04） / 総合判定確率: 0.132 / → ヒモはやや固め。上位2艇以外を切ること', 'tenji_trigger': '展示確認: 1号艇伸び良→そのまま採用。悪→飛び組に差し替え。circle_pct上位2艇に絞り込むこと。'}",,,27.6,逃げ狙い,14.25,30.2,4,,,,,,,,,,,
2025-06-21,丸亀,3,4,長谷川親,B1,30.64,4,,7.1208,5.1,82,24.1,0.1774,3.8966,,,0,低,166,0,-,1 4444,0,22,0.6181,,,,,,0.1111,0.3778,0.2222,,,D,△,,0.2291,0.605,,0.5045,A,76,0,◎-○軸 3着3〜4艇流し（10〜15点）,0.5777,"{'is_target': True, 'verdict': '点数絞り', 'max_combo_prob': 0.0919, 'est_top_odds': 14.5, 'circle_concentration': 84.0, 'eligible_count': 8, 'bet_adj': 0, 'reason': 'rel_win1=55.2%（本命度） / 最有力組み合わせ確率: 0.092（推定実オッズ?14倍） / 2着集中度: 上位2艇 84.0%（補正+0.04） / 総合判定確率: 0.132 / → ヒモはやや固め。上位2艇以外を切ること', 'tenji_trigger': '展示確認: 1号艇伸び良→そのまま採用。悪→飛び組に差し替え。circle_pct上位2艇に絞り込むこと。'}",,,27.6,逃げ狙い,14.25,30.2,4,,,,,,,,,,,
2025-06-21,丸亀,3,5,香月大輝,B2,28.11,5,△,5.2942,7.4,72,26.1,0.1602,3.087,,,0,低,75,0,-,6 164,0,44.1,0.9298,0,0,0,0,0.0357,,,,,,D,,,0.3038,0.4735,,0.5045,A,76,0,◎-○軸 3着3〜4艇流し（10〜15点）,0.5777,"{'is_target': True, 'verdict': '点数絞り', 'max_combo_prob': 0.0919, 'est_top_odds': 14.5, 'circle_concentration': 84.0, 'eligible_count': 8, 'bet_adj': 0, 'reason': 'rel_win1=55.2%（本命度） / 最有力組み合わせ確率: 0.092（推定実オッズ?14倍） / 2着集中度: 上位2艇 84.0%（補正+0.04） / 総合判定確率: 0.132 / → ヒモはやや固め。上位2艇以外を切ること', 'tenji_trigger': '展示確認: 1号艇伸び良→そのまま採用。悪→飛び組に差し替え。circle_pct上位2艇に絞り込むこと。'}",,,27.6,逃げ狙い,14.25,30.2,4,,,,,,,,,,,
2025-06-21,丸亀,3,6,金児隆太,A2,27.12,6,,1.1919,3.5,77,30.8,0.1754,4.4615,,,0,低,153,0,-,4 5351,0,67.8,1.2428,,,,,,0.048,0.444,0.032,,,E,○,,0.2554,0.6175,,0.5045,A,76,0,◎-○軸 3着3〜4艇流し（10〜15点）,0.5777,"{'is_target': True, 'verdict': '点数絞り', 'max_combo_prob': 0.0919, 'est_top_odds': 14.5, 'circle_concentration': 84.0, 'eligible_count': 8, 'bet_adj': 0, 'reason': 'rel_win1=55.2%（本命度） / 最有力組み合わせ確率: 0.092（推定実オッズ?14倍） / 2着集中度: 上位2艇 84.0%（補正+0.04） / 総合判定確率: 0.132 / → ヒモはやや固め。上位2艇以外を切ること', 'tenji_trigger': '展示確認: 1号艇伸び良→そのまま採用。悪→飛び組に差し替え。circle_pct上位2艇に絞り込むこと。'}",,,27.6,逃げ狙い,14.25,30.2,4,,,,,,,,,,,
2025-06-21,丸亀,4,1,妻鳥晋也,B1,33.52,1,◎,49.6585,,0,71,0.1787,4.3947,,,0,低,151,0,逃0%,3 2416,0,52.2,0.8544,0.25,,,,,0.25,0.21,0.23,△,,B,,,,0.601,,0.2138,A,61,0,◎-○軸 3着3〜4艇流し（10〜15点）,0.5777,"{'is_target': True, 'verdict': '参加推奨', 'max_combo_prob': 0.0761, 'est_top_odds': 17.5, 'circle_concentration': 65.9, 'eligible_count': 8, 'bet_adj': 2, 'reason': 'rel_win1=49.7%（本命度） / 最有力組み合わせ確率: 0.076（推定実オッズ?18倍） / 2着集中度: 上位2艇 65.9%（補正+0.00） / 総合判定確率: 0.076 / → ヒモ分散。1号艇1着固定で広めのヒモ流し推奨（買い目+2点）', 'tenji_trigger': '展示確認: ヒモ分散レース。1号艇伸び確認後、広めのヒモ流しを採用。穴ヒモ（5・6号艇）を積極的に含める。'}",,,29.4,両建て推奨,11.47,37.8,5,2-1-3|1-2-5|1-2-3|1-3-5|1-3-2|1-5-3,5-1-6|5-6-1|6-1-5|6-1-3|6-1-4|5-1-3|2-1-3|1-2-5|1-2-3|1-3-5|1-3-2|1-5-3,2-1-3:1.61%|1-2-5:9.21%|1-2-3:7.66%|1-3-5:5.61%|1-3-2:4.59%|1-5-3:3.84%,2-1-3:B_main|1-2-5:A|1-2-3:A|1-3-5:A|1-3-2:A|1-5-3:A,6,12,0.4535,1,[!]見送り推奨（主役決まり手「差し」― 逃げ劣勢レースで的中実績なし）,荒れ広め,D
2025-06-21,丸亀,4,2,杉山勝匡,B1,41.57,2,○,15.7332,46.1,62,48,0.1614,3.5195,,,0,低,107,0,-,664 4,0,63.1,1.2519,0,0.0294,0,0,0,0.1889,0.1444,0.1593,,◎,A,△,,0.5153,0.6195,,0.2138,A,61,0,◎-○軸 3着3〜4艇流し（10〜15点）,0.5777,"{'is_target': True, 'verdict': '参加推奨', 'max_combo_prob': 0.0761, 'est_top_odds': 17.5, 'circle_concentration': 65.9, 'eligible_count': 8, 'bet_adj': 2, 'reason': 'rel_win1=49.7%（本命度） / 最有力組み合わせ確率: 0.076（推定実オッズ?18倍） / 2着集中度: 上位2艇 65.9%（補正+0.00） / 総合判定確率: 0.076 / → ヒモ分散。1号艇1着固定で広めのヒモ流し推奨（買い目+2点）', 'tenji_trigger': '展示確認: ヒモ分散レース。1号艇伸び確認後、広めのヒモ流しを採用。穴ヒモ（5・6号艇）を積極的に含める。'}",,,29.4,両建て推奨,11.47,37.8,5,,,,,,,,,,,
2025-06-21,丸亀,4,3,田添康介,B1,30.00,3,▲,11.4955,19.7,82,37.2,0.1593,3.2674,,,0,低,78,0,-,1 664,0,89.5,1.7475,0,0,0,0.0769,0,0.375,0.375,0,,○,C,,,0.427,0.5535,,0.2138,A,61,0,◎-○軸 3着3〜4艇流し（10〜15点）,0.5777,"{'is_target': True, 'verdict': '参加推奨', 'max_combo_prob': 0.0761, 'est_top_odds': 17.5, 'circle_concentration': 65.9, 'eligible_count': 8, 'bet_adj': 2, 'reason': 'rel_win1=49.7%（本命度） / 最有力組み合わせ確率: 0.076（推定実オッズ?18倍） / 2着集中度: 上位2艇 65.9%（補正+0.00） / 総合判定確率: 0.076 / → ヒモ分散。1号艇1着固定で広めのヒモ流し推奨（買い目+2点）', 'tenji_trigger': '展示確認: ヒモ分散レース。1号艇伸び確認後、広めのヒモ流しを採用。穴ヒモ（5・6号艇）を積極的に含める。'}",,,29.4,両建て推奨,11.47,37.8,5,,,,,,,,,,,
2025-06-21,丸亀,4,4,眞田英二,A2,28.48,4,,8.4882,9.7,82,39.6,0.1781,3.8962,,,0,低,137,0,-,145 42,0,23.9,0.6917,0,0,0,0.0417,0.0417,0.0667,0.2889,0.0667,,,D,◎,,0.3169,0.6555,,0.2138,A,61,0,◎-○軸 3着3〜4艇流し（10〜15点）,0.5777,"{'is_target': True, 'verdict': '参加推奨', 'max_combo_prob': 0.0761, 'est_top_odds': 17.5, 'circle_concentration': 65.9, 'eligible_count': 8, 'bet_adj': 2, 'reason': 'rel_win1=49.7%（本命度） / 最有力組み合わせ確率: 0.076（推定実オッズ?18倍） / 2着集中度: 上位2艇 65.9%（補正+0.00） / 総合判定確率: 0.076 / → ヒモ分散。1号艇1着固定で広めのヒモ流し推奨（買い目+2点）', 'tenji_trigger': '展示確認: ヒモ分散レース。1号艇伸び確認後、広めのヒモ流しを採用。穴ヒモ（5・6号艇）を積極的に含める。'}",,,29.4,両建て推奨,11.47,37.8,5,,,,,,,,,,,
2025-06-21,丸亀,4,5,竹田和哉,A1,25.73,5,,13.3066,19.8,100,64.3,0.1729,4.0357,,,0,低,106,0,差ま0%,213213,0,73.1,1.3531,0,0,0.0345,0.1379,0,0.116,0.116,0,,,E,△,◎,0.3584,0.6415,0.3539,0.2138,A,61,0,◎-○軸 3着3〜4艇流し（10〜15点）,0.5777,"{'is_target': True, 'verdict': '参加推奨', 'max_combo_prob': 0.0761, 'est_top_odds': 17.5, 'circle_concentration': 65.9, 'eligible_count': 8, 'bet_adj': 2, 'reason': 'rel_win1=49.7%（本命度） / 最有力組み合わせ確率: 0.076（推定実オッズ?18倍） / 2着集中度: 上位2艇 65.9%（補正+0.00） / 総合判定確率: 0.076 / → ヒモ分散。1号艇1着固定で広めのヒモ流し推奨（買い目+2点）', 'tenji_trigger': '展示確認: ヒモ分散レース。1号艇伸び確認後、広めのヒモ流しを採用。穴ヒモ（5・6号艇）を積極的に含める。'}",,,29.4,両建て推奨,11.47,37.8,5,,,,,,,,,,,
2025-06-21,丸亀,4,6,加瀬智宏,B1,32.39,6,△,1.3181,4.7,37,21.2,0.1715,3.8939,,,0,低,63,0,-,542 56,0,37.4,0.8922,,,,,,0.2727,0.1818,0.1818,,,C,○,,0.3651,0.651,,0.2138,A,61,0,◎-○軸 3着3〜4艇流し（10〜15点）,0.5777,"{'is_target': True, 'verdict': '参加推奨', 'max_combo_prob': 0.0761, 'est_top_odds': 17.5, 'circle_concentration': 65.9, 'eligible_count': 8, 'bet_adj': 2, 'reason': 'rel_win1=49.7%（本命度） / 最有力組み合わせ確率: 0.076（推定実オッズ?18倍） / 2着集中度: 上位2艇 65.9%（補正+0.00） / 総合判定確率: 0.076 / → ヒモ分散。1号艇1着固定で広めのヒモ流し推奨（買い目+2点）', 'tenji_trigger': '展示確認: ヒモ分散レース。1号艇伸び確認後、広めのヒモ流しを採用。穴ヒモ（5・6号艇）を積極的に含める。'}",,,29.4,両建て推奨,11.47,37.8,5,,,,,,,,,,,
2025-06-21,丸亀,5,1,西原明生,B1,30.98,1,◎,47.7949,,0,76.6,0.1485,3.5745,,,0,低,192,0,逃1%,153 36,0,83.9,1.2391,0.4762,,,,,0.2571,0.2571,0.2762,○,,C,○,,,0.641,,0.3306,A,64,0,◎-○軸 3着3〜4艇流し（10〜15点）,0.5777,"{'is_target': True, 'verdict': '参加推奨', 'max_combo_prob': 0.063, 'est_top_odds': 21.2, 'circle_concentration': 70.5, 'eligible_count': 8, 'bet_adj': 2, 'reason': 'rel_win1=47.8%（本命度） / 最有力組み合わせ確率: 0.063（推定実オッズ?21倍） / 2着集中度: 上位2艇 70.5%（補正+0.04） / 総合判定確率: 0.103 / → ヒモ分散。1号艇1着固定で広めのヒモ流し推奨（買い目+2点）', 'tenji_trigger': '展示確認: ヒモ分散レース。1号艇伸び確認後、広めのヒモ流しを採用。穴ヒモ（5・6号艇）を積極的に含める。'}",,,29.7,両建て推奨,12.04,38.2,5,,,,,0,0,0.6155,0,,主役軸流し,B
2025-06-21,丸亀,5,2,古川　健,B1,30.23,2,△,13.447,41,77,53.8,0.1477,3.0385,,,0,低,95,0,差0%,431636,0,100,0.7102,0,0.0833,0,0,0,0.2889,0.0444,0.2667,,○,C,△,,0.3647,0.6335,,0.3306,A,64,0,◎-○軸 3着3〜4艇流し（10〜15点）,0.5777,"{'is_target': True, 'verdict': '参加推奨', 'max_combo_prob': 0.063, 'est_top_odds': 21.2, 'circle_concentration': 70.5, 'eligible_count': 8, 'bet_adj': 2, 'reason': 'rel_win1=47.8%（本命度） / 最有力組み合わせ確率: 0.063（推定実オッズ?21倍） / 2着集中度: 上位2艇 70.5%（補正+0.04） / 総合判定確率: 0.103 / → ヒモ分散。1号艇1着固定で広めのヒモ流し推奨（買い目+2点）', 'tenji_trigger': '展示確認: ヒモ分散レース。1号艇伸び確認後、広めのヒモ流しを採用。穴ヒモ（5・6号艇）を積極的に含める。'}",,,29.7,両建て推奨,12.04,38.2,5,,,,,,,,,,,
2025-06-21,丸亀,5,3,島田一生,B1,39.77,3,○,11.3876,20.8,100,43.9,0.1768,4.0175,,,0,低,101,0,-,6 522,0,100,2.3952,0,0,0.069,0,0,0.1905,0.2857,0.0476,,,A,,,0.1873,0.569,,0.3306,A,64,0,◎-○軸 3着3〜4艇流し（10〜15点）,0.5777,"{'is_target': True, 'verdict': '参加推奨', 'max_combo_prob': 0.063, 'est_top_odds': 21.2, 'circle_concentration': 70.5, 'eligible_count': 8, 'bet_adj': 2, 'reason': 'rel_win1=47.8%（本命度） / 最有力組み合わせ確率: 0.063（推定実オッズ?21倍） / 2着集中度: 上位2艇 70.5%（補正+0.04） / 総合判定確率: 0.103 / → ヒモ分散。1号艇1着固定で広めのヒモ流し推奨（買い目+2点）', 'tenji_trigger': '展示確認: ヒモ分散レース。1号艇伸び確認後、広めのヒモ流しを採用。穴ヒモ（5・6号艇）を積極的に含める。'}",,,29.7,両建て推奨,12.04,38.2,5,,,,,,,,,,,
2025-06-21,丸亀,5,4,西川拓利,B1,31.84,4,▲,11.4632,6.3,94,46,0.1562,2.99,,,0,低,82,0,-,3 553,0,77.7,1.593,0,0.0769,0,0.0385,0,0.0769,0.0769,0.2308,,,C,,,0.298,0.5875,,0.3306,A,64,0,◎-○軸 3着3〜4艇流し（10〜15点）,0.5777,"{'is_target': True, 'verdict': '参加推奨', 'max_combo_prob': 0.063, 'est_top_odds': 21.2, 'circle_concentration': 70.5, 'eligible_count': 8, 'bet_adj': 2, 'reason': 'rel_win1=47.8%（本命度） / 最有力組み合わせ確率: 0.063（推定実オッズ?21倍） / 2着集中度: 上位2艇 70.5%（補正+0.04） / 総合判定確率: 0.103 / → ヒモ分散。1号艇1着固定で広めのヒモ流し推奨（買い目+2点）', 'tenji_trigger': '展示確認: ヒモ分散レース。1号艇伸び確認後、広めのヒモ流しを採用。穴ヒモ（5・6号艇）を積極的に含める。'}",,,29.7,両建て推奨,12.04,38.2,5,,,,,,,,,,,
2025-06-21,丸亀,5,5,石橋道友,A1,28.00,5,,14.6793,29.5,52,58.1,0.1251,2.4302,,,0,低,72,0,-,261322,0,35.9,2.8129,0,0,0,0.05,0.05,0.0516,0.0129,0.0129,,,D,△,◎,0.3984,0.64,0.4073,0.3306,A,64,0,◎-○軸 3着3〜4艇流し（10〜15点）,0.5777,"{'is_target': True, 'verdict': '参加推奨', 'max_combo_prob': 0.063, 'est_top_odds': 21.2, 'circle_concentration': 70.5, 'eligible_count': 8, 'bet_adj': 2, 'reason': 'rel_win1=47.8%（本命度） / 最有力組み合わせ確率: 0.063（推定実オッズ?21倍） / 2着集中度: 上位2艇 70.5%（補正+0.04） / 総合判定確率: 0.103 / → ヒモ分散。1号艇1着固定で広めのヒモ流し推奨（買い目+2点）', 'tenji_trigger': '展示確認: ヒモ分散レース。1号艇伸び確認後、広めのヒモ流しを採用。穴ヒモ（5・6号艇）を積極的に含める。'}",,,29.7,両建て推奨,12.04,38.2,5,,,,,,,,,,,
2025-06-21,丸亀,5,6,伊藤啓三,A2,26.62,6,,1.228,2.4,65,26.9,0.1636,3.5672,,,0,低,78,0,-,2 5654,0,45.2,1.0872,,,,,,0.2727,0.3455,0.0364,,,E,◎,,0.304,0.6695,,0.3306,A,64,0,◎-○軸 3着3〜4艇流し（10〜15点）,0.5777,"{'is_target': True, 'verdict': '参加推奨', 'max_combo_prob': 0.063, 'est_top_odds': 21.2, 'circle_concentration': 70.5, 'eligible_count': 8, 'bet_adj': 2, 'reason': 'rel_win1=47.8%（本命度） / 最有力組み合わせ確率: 0.063（推定実オッズ?21倍） / 2着集中度: 上位2艇 70.5%（補正+0.04） / 総合判定確率: 0.103 / → ヒモ分散。1号艇1着固定で広めのヒモ流し推奨（買い目+2点）', 'tenji_trigger': '展示確認: ヒモ分散レース。1号艇伸び確認後、広めのヒモ流しを採用。穴ヒモ（5・6号艇）を積極的に含める。'}",,,29.7,両建て推奨,12.04,38.2,5,,,,,,,,,,,
2025-06-21,丸亀,6,1,盛本真輔,A2,32.95,1,◎,60.9021,,0,88.2,0.1443,2.7105,,,0,低,190,0,逃0%,232 13,0,81.4,0.9704,0.5526,,,,,0.1487,0.0211,0.2237,◎,,D,△,,,0.596,,0.5859,S,88,0,◎1着固定 2-3着流し（5〜8点）,0.5777,"{'is_target': True, 'verdict': '参加推奨', 'max_combo_prob': 0.0959, 'est_top_odds': 13.9, 'circle_concentration': 69.0, 'eligible_count': 6, 'bet_adj': 2, 'reason': 'rel_win1=60.9%（本命度） / 最有力組み合わせ確率: 0.096（推定実オッズ?14倍） / 2着集中度: 上位2艇 69.0%（補正+0.00） / 総合判定確率: 0.096 / → ヒモ分散。1号艇1着固定で広めのヒモ流し推奨（買い目+2点）', 'tenji_trigger': '展示確認: ヒモ分散レース。1号艇伸び確認後、広めのヒモ流しを採用。穴ヒモ（5・6号艇）を積極的に含める。'}",,,26.3,逃げ狙い,10.34,29.9,4,,,,,0,0,0.7559,0,,逃げ軸流し,A
2025-06-21,丸亀,6,2,武田信一,B2,46.34,2,○,11.4868,46.6,57,45.6,0.1577,3.2193,,,0,低,108,0,ま0%,336 14,0,40.3,0.4528,0,0.0333,0.0333,0,0,0.2291,0.0364,0.2291,,,B,,,0.1946,0.5565,,0.5859,S,88,0,◎1着固定 2-3着流し（5〜8点）,0.5777,"{'is_target': True, 'verdict': '参加推奨', 'max_combo_prob': 0.0959, 'est_top_odds': 13.9, 'circle_concentration': 69.0, 'eligible_count': 6, 'bet_adj': 2, 'reason': 'rel_win1=60.9%（本命度） / 最有力組み合わせ確率: 0.096（推定実オッズ?14倍） / 2着集中度: 上位2艇 69.0%（補正+0.00） / 総合判定確率: 0.096 / → ヒモ分散。1号艇1着固定で広めのヒモ流し推奨（買い目+2点）', 'tenji_trigger': '展示確認: ヒモ分散レース。1号艇伸び確認後、広めのヒモ流しを採用。穴ヒモ（5・6号艇）を積極的に含める。'}",,,26.3,逃げ狙い,10.34,29.9,4,,,,,,,,,,,
2025-06-21,丸亀,6,3,西尾亮輔,B1,40.00,3,△,9.0282,21,69,32.8,0.173,3.377,,,0,低,145,0,差ま0%,334 36,0,13.5,0.3942,0,0,0,0.0385,0,0.12,0.04,0.72,,,C,,,0.152,0.545,,0.5859,S,88,0,◎1着固定 2-3着流し（5〜8点）,0.5777,"{'is_target': True, 'verdict': '参加推奨', 'max_combo_prob': 0.0959, 'est_top_odds': 13.9, 'circle_concentration': 69.0, 'eligible_count': 6, 'bet_adj': 2, 'reason': 'rel_win1=60.9%（本命度） / 最有力組み合わせ確率: 0.096（推定実オッズ?14倍） / 2着集中度: 上位2艇 69.0%（補正+0.00） / 総合判定確率: 0.096 / → ヒモ分散。1号艇1着固定で広めのヒモ流し推奨（買い目+2点）', 'tenji_trigger': '展示確認: ヒモ分散レース。1号艇伸び確認後、広めのヒモ流しを採用。穴ヒモ（5・6号艇）を積極的に含める。'}",,,26.3,逃げ狙い,10.34,29.9,4,,,,,,,,,,,
2025-06-21,丸亀,6,4,安東幸治,A1,47.70,4,▲,11.7918,22.4,100,65.3,0.1604,3.1733,,,0,低,182,0,-,622 14,0,55.2,0.9123,0,0.0303,0.0303,0.0303,0,0.1161,0.2354,0.1263,,,A,◎,◎,0.2263,0.633,0.3705,0.5859,S,88,0,◎1着固定 2-3着流し（5〜8点）,0.5777,"{'is_target': True, 'verdict': '参加推奨', 'max_combo_prob': 0.0959, 'est_top_odds': 13.9, 'circle_concentration': 69.0, 'eligible_count': 6, 'bet_adj': 2, 'reason': 'rel_win1=60.9%（本命度） / 最有力組み合わせ確率: 0.096（推定実オッズ?14倍） / 2着集中度: 上位2艇 69.0%（補正+0.00） / 総合判定確率: 0.096 / → ヒモ分散。1号艇1着固定で広めのヒモ流し推奨（買い目+2点）', 'tenji_trigger': '展示確認: ヒモ分散レース。1号艇伸び確認後、広めのヒモ流しを採用。穴ヒモ（5・6号艇）を積極的に含める。'}",,,26.3,逃げ狙い,10.34,29.9,4,,,,,,,,,,,
2025-06-21,丸亀,6,5,門間雄大,B1,36.99,5,,5.5969,7.2,89,37.9,0.1577,3.197,,,0,低,97,0,-,53264,0,22.4,0.6643,,,,,,0.0211,0.2632,0.0842,,,C,○,,0.274,0.629,,0.5859,S,88,0,◎1着固定 2-3着流し（5〜8点）,0.5777,"{'is_target': True, 'verdict': '参加推奨', 'max_combo_prob': 0.0959, 'est_top_odds': 13.9, 'circle_concentration': 69.0, 'eligible_count': 6, 'bet_adj': 2, 'reason': 'rel_win1=60.9%（本命度） / 最有力組み合わせ確率: 0.096（推定実オッズ?14倍） / 2着集中度: 上位2艇 69.0%（補正+0.00） / 総合判定確率: 0.096 / → ヒモ分散。1号艇1着固定で広めのヒモ流し推奨（買い目+2点）', 'tenji_trigger': '展示確認: ヒモ分散レース。1号艇伸び確認後、広めのヒモ流しを採用。穴ヒモ（5・6号艇）を積極的に含める。'}",,,26.3,逃げ狙い,10.34,29.9,4,,,,,,,,,,,
2025-06-21,丸亀,6,6,塚田修二,B1,29.35,6,,1.1942,2.8,38,23.5,0.1988,3.9265,,,0,低,121,0,-,464 55,0,58.2,1.0283,,,,,,0.0211,0.4084,0.3663,,,E,△,,0.1398,0.5975,,0.5859,S,88,0,◎1着固定 2-3着流し（5〜8点）,0.5777,"{'is_target': True, 'verdict': '参加推奨', 'max_combo_prob': 0.0959, 'est_top_odds': 13.9, 'circle_concentration': 69.0, 'eligible_count': 6, 'bet_adj': 2, 'reason': 'rel_win1=60.9%（本命度） / 最有力組み合わせ確率: 0.096（推定実オッズ?14倍） / 2着集中度: 上位2艇 69.0%（補正+0.00） / 総合判定確率: 0.096 / → ヒモ分散。1号艇1着固定で広めのヒモ流し推奨（買い目+2点）', 'tenji_trigger': '展示確認: ヒモ分散レース。1号艇伸び確認後、広めのヒモ流しを採用。穴ヒモ（5・6号艇）を積極的に含める。'}",,,26.3,逃げ狙い,10.34,29.9,4,,,,,,,,,,,
2025-06-21,丸亀,7,1,藤井太雅,B1,32.42,1,◎,45.1671,,0,41.7,0.1971,3.8333,,,0,低,119,0,逃0%,213 35,0,23.7,0.605,0.25,,,,,0.0833,0.4167,0.1667,,,D,,,,0.45,,0.183,D,28,1,大荒れ。見送り推奨,0.5777,"{'is_target': True, 'verdict': '参加推奨', 'max_combo_prob': 0.0763, 'est_top_odds': 17.5, 'circle_concentration': 67.0, 'eligible_count': 6, 'bet_adj': 2, 'reason': 'rel_win1=45.2%（本命度） / 最有力組み合わせ確率: 0.076（推定実オッズ?18倍） / 2着集中度: 上位2艇 67.0%（補正+0.00） / 総合判定確率: 0.076 / → ヒモ分散。1号艇1着固定で広めのヒモ流し推奨（買い目+2点）', 'tenji_trigger': '展示確認: ヒモ分散レース。1号艇伸び確認後、広めのヒモ流しを採用。穴ヒモ（5・6号艇）を積極的に含める。\n展示で1号艇スタート遅め(0.197秒)確認→ヒモが荒れやすい'}",,,37.1,両建て推奨,17.74,39.9,4,2-1-4|2-1-3|2-1-5|2-3-4|2-3-1|2-4-1|2-4-3|1-2-4|1-3-4|1-2-5,2-1-4|2-1-3|2-1-5|2-3-4|2-3-1|2-4-1|2-4-3|1-2-4|1-3-4|1-2-5|6-1-4|5-1-6,2-1-4:2.91%|2-1-3:1.93%|2-1-5:1.19%|2-3-4:0.65%|2-3-1:0.58%|2-4-1:0.42%|2-4-3:0.31%|1-2-4:6.42%|1-3-4:4.67%|1-2-5:4.53%,2-1-4:B_main|2-1-3:B_main|2-1-5:B_main|2-3-4:B_main|2-3-1:B_main|2-4-1:B_main|2-4-3:B_main|1-2-4:A|1-3-4:A|1-2-5:A,10,12,0.2915,1,[!]見送り推奨（主役決まり手「差し」― 逃げ劣勢レースで的中実績なし）,主役軸流し,B
2025-06-21,丸亀,7,2,酒井陽祐,B1,34.62,2,,11.4147,41,91,46.4,0.1745,4.0089,,,0,低,117,0,-,5 663,0,33.6,0.9188,0,0.069,0,0,0,0.2222,0,0.3333,,◎,C,△,,0.5406,0.62,,0.183,D,28,1,大荒れ。見送り推奨,0.5777,"{'is_target': True, 'verdict': '参加推奨', 'max_combo_prob': 0.0763, 'est_top_odds': 17.5, 'circle_concentration': 67.0, 'eligible_count': 6, 'bet_adj': 2, 'reason': 'rel_win1=45.2%（本命度） / 最有力組み合わせ確率: 0.076（推定実オッズ?18倍） / 2着集中度: 上位2艇 67.0%（補正+0.00） / 総合判定確率: 0.076 / → ヒモ分散。1号艇1着固定で広めのヒモ流し推奨（買い目+2点）', 'tenji_trigger': '展示確認: ヒモ分散レース。1号艇伸び確認後、広めのヒモ流しを採用。穴ヒモ（5・6号艇）を積極的に含める。\n展示で1号艇スタート遅め(0.197秒)確認→ヒモが荒れやすい'}",,,37.1,両建て推奨,17.74,39.9,4,,,,,,,,,,,
2025-06-21,丸亀,7,3,岸本雄貴,B1,43.60,3,○,10.4804,25.9,57,44.8,0.1538,3.3707,,,0,低,136,0,ま0%,655 53,0,31.7,0.8942,0,0,0.0435,0,0,0.0842,0.1621,0.0421,,,B,,,0.4589,0.5525,,0.183,D,28,1,大荒れ。見送り推奨,0.5777,"{'is_target': True, 'verdict': '参加推奨', 'max_combo_prob': 0.0763, 'est_top_odds': 17.5, 'circle_concentration': 67.0, 'eligible_count': 6, 'bet_adj': 2, 'reason': 'rel_win1=45.2%（本命度） / 最有力組み合わせ確率: 0.076（推定実オッズ?18倍） / 2着集中度: 上位2艇 67.0%（補正+0.00） / 総合判定確率: 0.076 / → ヒモ分散。1号艇1着固定で広めのヒモ流し推奨（買い目+2点）', 'tenji_trigger': '展示確認: ヒモ分散レース。1号艇伸び確認後、広めのヒモ流しを採用。穴ヒモ（5・6号艇）を積極的に含める。\n展示で1号艇スタート遅め(0.197秒)確認→ヒモが荒れやすい'}",,,37.1,両建て推奨,17.74,39.9,4,,,,,,,,,,,
2025-06-21,丸亀,7,4,古賀繁輝,A1,26.22,4,△,22.0218,23.7,100,82.9,0.1206,2.5143,,,0,低,54,0,ま0%,111223,0,60.3,1.2723,0,0.0625,0.1875,0.125,0,0,0.0308,0.0308,,○,E,◎,◎,0.509,0.664,0.4955,0.183,D,28,1,大荒れ。見送り推奨,0.5777,"{'is_target': True, 'verdict': '参加推奨', 'max_combo_prob': 0.0763, 'est_top_odds': 17.5, 'circle_concentration': 67.0, 'eligible_count': 6, 'bet_adj': 2, 'reason': 'rel_win1=45.2%（本命度） / 最有力組み合わせ確率: 0.076（推定実オッズ?18倍） / 2着集中度: 上位2艇 67.0%（補正+0.00） / 総合判定確率: 0.076 / → ヒモ分散。1号艇1着固定で広めのヒモ流し推奨（買い目+2点）', 'tenji_trigger': '展示確認: ヒモ分散レース。1号艇伸び確認後、広めのヒモ流しを採用。穴ヒモ（5・6号艇）を積極的に含める。\n展示で1号艇スタート遅め(0.197秒)確認→ヒモが荒れやすい'}",,,37.1,両建て推奨,17.74,39.9,4,,,,,,,,,,,
2025-06-21,丸亀,7,5,森　雄利,B2,51.18,5,▲,4.3958,1.8,32,6.2,0.1581,2.9792,,,0,低,68,0,差ま0%,666 66,0,98,1.9048,0,0,0,0.0323,0,0.25,0.25,0,,,A,△,,0.3996,0.61,,0.183,D,28,1,大荒れ。見送り推奨,0.5777,"{'is_target': True, 'verdict': '参加推奨', 'max_combo_prob': 0.0763, 'est_top_odds': 17.5, 'circle_concentration': 67.0, 'eligible_count': 6, 'bet_adj': 2, 'reason': 'rel_win1=45.2%（本命度） / 最有力組み合わせ確率: 0.076（推定実オッズ?18倍） / 2着集中度: 上位2艇 67.0%（補正+0.00） / 総合判定確率: 0.076 / → ヒモ分散。1号艇1着固定で広めのヒモ流し推奨（買い目+2点）', 'tenji_trigger': '展示確認: ヒモ分散レース。1号艇伸び確認後、広めのヒモ流しを採用。穴ヒモ（5・6号艇）を積極的に含める。\n展示で1号艇スタート遅め(0.197秒)確認→ヒモが荒れやすい'}",,,37.1,両建て推奨,17.74,39.9,4,,,,,,,,,,,
2025-06-21,丸亀,7,6,四宮与寛,A2,29.63,6,,6.5203,7.5,54,33.3,0.1347,3.3583,,,0,低,60,0,差ま0%,1 2465,0,29.2,0.7714,0,0,0,0.08,0,0.1116,0.1374,0.0258,,△,D,○,,0.4698,0.6545,,0.183,D,28,1,大荒れ。見送り推奨,0.5777,"{'is_target': True, 'verdict': '参加推奨', 'max_combo_prob': 0.0763, 'est_top_odds': 17.5, 'circle_concentration': 67.0, 'eligible_count': 6, 'bet_adj': 2, 'reason': 'rel_win1=45.2%（本命度） / 最有力組み合わせ確率: 0.076（推定実オッズ?18倍） / 2着集中度: 上位2艇 67.0%（補正+0.00） / 総合判定確率: 0.076 / → ヒモ分散。1号艇1着固定で広めのヒモ流し推奨（買い目+2点）', 'tenji_trigger': '展示確認: ヒモ分散レース。1号艇伸び確認後、広めのヒモ流しを採用。穴ヒモ（5・6号艇）を積極的に含める。\n展示で1号艇スタート遅め(0.197秒)確認→ヒモが荒れやすい'}",,,37.1,両建て推奨,17.74,39.9,4,,,,,,,,,,,
2025-06-21,丸亀,8,1,坪口竜也,A1,32.39,1,◎,69.1419,,0,92.5,0.1363,2.7388,,,0,低,84,0,逃1%,521364,0,81.4,1.2076,0.8333,,,,,0,0.0667,0.0333,◎,,C,◎,,,0.6815,,0.6277,S,82,0,◎1着固定 2-3着流し（5〜8点）,0.5777,"{'is_target': True, 'verdict': '点数絞り', 'max_combo_prob': 0.1252, 'est_top_odds': 10.7, 'circle_concentration': 81.6, 'eligible_count': 6, 'bet_adj': 0, 'reason': 'rel_win1=69.1%（本命度） / 最有力組み合わせ確率: 0.125（推定実オッズ?11倍） / 2着集中度: 上位2艇 81.6%（補正+0.04） / 総合判定確率: 0.165 / → ヒモはやや固め。上位2艇以外を切ること', 'tenji_trigger': '展示確認: 1号艇伸び良→そのまま採用。悪→飛び組に差し替え。circle_pct上位2艇に絞り込むこと。\n展示で1号艇スタート超安定(0.136秒)→ヒモ固まり方向に注意'}",,,25.4,逃げ狙い,14.83,23.3,3,,,,,0,0,0.7559,0,,逃げ軸流し,A
2025-06-21,丸亀,8,2,松田竜馬,A2,34.10,2,○,12.5324,55.9,100,66.1,0.1357,3.0154,,,0,低,79,0,-,425165,0,57.7,1.2543,0,0.0741,0.037,0,0,0.0143,0.1286,0.2429,,◎,B,○,,0.3205,0.663,,0.6277,S,82,0,◎1着固定 2-3着流し（5〜8点）,0.5777,"{'is_target': True, 'verdict': '点数絞り', 'max_combo_prob': 0.1252, 'est_top_odds': 10.7, 'circle_concentration': 81.6, 'eligible_count': 6, 'bet_adj': 0, 'reason': 'rel_win1=69.1%（本命度） / 最有力組み合わせ確率: 0.125（推定実オッズ?11倍） / 2着集中度: 上位2艇 81.6%（補正+0.04） / 総合判定確率: 0.165 / → ヒモはやや固め。上位2艇以外を切ること', 'tenji_trigger': '展示確認: 1号艇伸び良→そのまま採用。悪→飛び組に差し替え。circle_pct上位2艇に絞り込むこと。\n展示で1号艇スタート超安定(0.136秒)→ヒモ固まり方向に注意'}",,,25.4,逃げ狙い,14.83,23.3,3,,,,,,,,,,,
2025-06-21,丸亀,8,3,杉山勝匡,B1,41.57,3,▲,11.1644,25.7,91,55.2,0.1376,3.1045,,,0,低,107,0,-,664 4,0,100,2.2135,0,0,0.0645,0.0645,0.0323,0.1889,0.1444,0.1593,,,A,△,,0.2889,0.6195,,0.6277,S,82,0,◎1着固定 2-3着流し（5〜8点）,0.5777,"{'is_target': True, 'verdict': '点数絞り', 'max_combo_prob': 0.1252, 'est_top_odds': 10.7, 'circle_concentration': 81.6, 'eligible_count': 6, 'bet_adj': 0, 'reason': 'rel_win1=69.1%（本命度） / 最有力組み合わせ確率: 0.125（推定実オッズ?11倍） / 2着集中度: 上位2艇 81.6%（補正+0.04） / 総合判定確率: 0.165 / → ヒモはやや固め。上位2艇以外を切ること', 'tenji_trigger': '展示確認: 1号艇伸び良→そのまま採用。悪→飛び組に差し替え。circle_pct上位2艇に絞り込むこと。\n展示で1号艇スタート超安定(0.136秒)→ヒモ固まり方向に注意'}",,,25.4,逃げ狙い,14.83,23.3,3,,,,,,,,,,,
2025-06-21,丸亀,8,4,金児隆太,A2,27.12,4,,3.7643,16,79,36.7,0.1812,3.5612,,,0,低,153,0,ま0%,4 5351,0,26.6,0.7379,0,0,0.0435,0,0,0.048,0.444,0.032,,,E,△,,0.1114,0.6175,,0.6277,S,82,0,◎1着固定 2-3着流し（5〜8点）,0.5777,"{'is_target': True, 'verdict': '点数絞り', 'max_combo_prob': 0.1252, 'est_top_odds': 10.7, 'circle_concentration': 81.6, 'eligible_count': 6, 'bet_adj': 0, 'reason': 'rel_win1=69.1%（本命度） / 最有力組み合わせ確率: 0.125（推定実オッズ?11倍） / 2着集中度: 上位2艇 81.6%（補正+0.04） / 総合判定確率: 0.165 / → ヒモはやや固め。上位2艇以外を切ること', 'tenji_trigger': '展示確認: 1号艇伸び良→そのまま採用。悪→飛び組に差し替え。circle_pct上位2艇に絞り込むこと。\n展示で1号艇スタート超安定(0.136秒)→ヒモ固まり方向に注意'}",,,25.4,逃げ狙い,14.83,23.3,3,,,,,,,,,,,
2025-06-21,丸亀,8,5,田添康介,B1,30.00,5,△,2.4781,2,74,16.3,0.1698,3.7791,,,0,低,78,0,-,1 664,0,26.1,0.6071,,,,,,0.375,0.375,0,,,D,,,0.2067,0.5535,,0.6277,S,82,0,◎1着固定 2-3着流し（5〜8点）,0.5777,"{'is_target': True, 'verdict': '点数絞り', 'max_combo_prob': 0.1252, 'est_top_odds': 10.7, 'circle_concentration': 81.6, 'eligible_count': 6, 'bet_adj': 0, 'reason': 'rel_win1=69.1%（本命度） / 最有力組み合わせ確率: 0.125（推定実オッズ?11倍） / 2着集中度: 上位2艇 81.6%（補正+0.04） / 総合判定確率: 0.165 / → ヒモはやや固め。上位2艇以外を切ること', 'tenji_trigger': '展示確認: 1号艇伸び良→そのまま採用。悪→飛び組に差し替え。circle_pct上位2艇に絞り込むこと。\n展示で1号艇スタート超安定(0.136秒)→ヒモ固まり方向に注意'}",,,25.4,逃げ狙い,14.83,23.3,3,,,,,,,,,,,
2025-06-21,丸亀,8,6,香月大輝,B2,28.11,6,,0.9188,0.4,37,10.9,0.1819,3.8318,,,0,低,75,0,-,6 164,0,26.1,0.6611,,,,,,,,,,,D,,,0.1649,0.4735,,0.6277,S,82,0,◎1着固定 2-3着流し（5〜8点）,0.5777,"{'is_target': True, 'verdict': '点数絞り', 'max_combo_prob': 0.1252, 'est_top_odds': 10.7, 'circle_concentration': 81.6, 'eligible_count': 6, 'bet_adj': 0, 'reason': 'rel_win1=69.1%（本命度） / 最有力組み合わせ確率: 0.125（推定実オッズ?11倍） / 2着集中度: 上位2艇 81.6%（補正+0.04） / 総合判定確率: 0.165 / → ヒモはやや固め。上位2艇以外を切ること', 'tenji_trigger': '展示確認: 1号艇伸び良→そのまま採用。悪→飛び組に差し替え。circle_pct上位2艇に絞り込むこと。\n展示で1号艇スタート超安定(0.136秒)→ヒモ固まり方向に注意'}",,,25.4,逃げ狙い,14.83,23.3,3,,,,,,,,,,,
2025-06-21,丸亀,9,1,安田吉宏,B1,26.62,1,◎,48.7897,,0,61,0.162,2.9146,,,0,低,115,0,逃0%,6 335,0,55.5,0.8182,0.1905,,,,,0.2,0.3524,0.2476,○,,D,,,,0.551,,0.3796,C,43,0,荒れ傾向。高配当狙いか見送り,0.5777,"{'is_target': True, 'verdict': '参加推奨', 'max_combo_prob': 0.0645, 'est_top_odds': 20.7, 'circle_concentration': 67.0, 'eligible_count': 6, 'bet_adj': 2, 'reason': 'rel_win1=48.8%（本命度） / 最有力組み合わせ確率: 0.064（推定実オッズ?21倍） / 2着集中度: 上位2艇 67.0%（補正+0.00） / 総合判定確率: 0.064 / → ヒモ分散。1号艇1着固定で広めのヒモ流し推奨（買い目+2点）', 'tenji_trigger': '展示確認: ヒモ分散レース。1号艇伸び確認後、広めのヒモ流しを採用。穴ヒモ（5・6号艇）を積極的に含める。'}",,,32.8,両建て推奨,19.68,40.4,2,,,,,0,0,0.6155,0,,逃げ軸流し,A
2025-06-21,丸亀,9,2,土屋太朗,B1,28.16,2,,15.9171,39.5,95,72.7,0.1851,4.0273,,,0,低,138,0,-,4 353,0,57.1,1.196,0,0,0,0,0,0.2114,0.1657,0.3114,,,D,△,,0.1265,0.5975,,0.3796,C,43,0,荒れ傾向。高配当狙いか見送り,0.5777,"{'is_target': True, 'verdict': '参加推奨', 'max_combo_prob': 0.0645, 'est_top_odds': 20.7, 'circle_concentration': 67.0, 'eligible_count': 6, 'bet_adj': 2, 'reason': 'rel_win1=48.8%（本命度） / 最有力組み合わせ確率: 0.064（推定実オッズ?21倍） / 2着集中度: 上位2艇 67.0%（補正+0.00） / 総合判定確率: 0.064 / → ヒモ分散。1号艇1着固定で広めのヒモ流し推奨（買い目+2点）', 'tenji_trigger': '展示確認: ヒモ分散レース。1号艇伸び確認後、広めのヒモ流しを採用。穴ヒモ（5・6号艇）を積極的に含める。'}",,,32.8,両建て推奨,19.68,40.4,2,,,,,,,,,,,
2025-06-21,丸亀,9,3,眞田英二,A2,28.48,3,○,12.5519,27.1,80,50,0.1666,3.681,,,0,低,137,0,-,145 42,0,100,3.2165,0,0,0.0435,0.0435,0.0435,0.0667,0.2889,0.0667,,,C,◎,,0.3064,0.6555,,0.3796,C,43,0,荒れ傾向。高配当狙いか見送り,0.5777,"{'is_target': True, 'verdict': '参加推奨', 'max_combo_prob': 0.0645, 'est_top_odds': 20.7, 'circle_concentration': 67.0, 'eligible_count': 6, 'bet_adj': 2, 'reason': 'rel_win1=48.8%（本命度） / 最有力組み合わせ確率: 0.064（推定実オッズ?21倍） / 2着集中度: 上位2艇 67.0%（補正+0.00） / 総合判定確率: 0.064 / → ヒモ分散。1号艇1着固定で広めのヒモ流し推奨（買い目+2点）', 'tenji_trigger': '展示確認: ヒモ分散レース。1号艇伸び確認後、広めのヒモ流しを採用。穴ヒモ（5・6号艇）を積極的に含める。'}",,,32.8,両建て推奨,19.68,40.4,2,,,,,,,,,,,
2025-06-21,丸亀,9,4,石橋道友,A1,28.00,4,▲,14.4073,27.5,100,69.6,0.1411,3.0714,,,0,低,72,0,差0% ま0% 差ま0%,261322,0,78.6,1.5311,0,0.1481,0.037,0.037,0,0.0516,0.0129,0.0129,,◎,D,○,◎,0.439,0.64,0.5318,0.3796,C,43,0,荒れ傾向。高配当狙いか見送り,0.5777,"{'is_target': True, 'verdict': '参加推奨', 'max_combo_prob': 0.0645, 'est_top_odds': 20.7, 'circle_concentration': 67.0, 'eligible_count': 6, 'bet_adj': 2, 'reason': 'rel_win1=48.8%（本命度） / 最有力組み合わせ確率: 0.064（推定実オッズ?21倍） / 2着集中度: 上位2艇 67.0%（補正+0.00） / 総合判定確率: 0.064 / → ヒモ分散。1号艇1着固定で広めのヒモ流し推奨（買い目+2点）', 'tenji_trigger': '展示確認: ヒモ分散レース。1号艇伸び確認後、広めのヒモ流しを採用。穴ヒモ（5・6号艇）を積極的に含める。'}",,,32.8,両建て推奨,19.68,40.4,2,,,,,,,,,,,
2025-06-21,丸亀,9,5,森林　太,B1,34.32,5,△,6.8973,5.3,73,30.3,0.2191,4.5833,,,0,低,204,0,-,5 452,0,53.6,1.2317,0,0,0,0.0385,0,0.0667,0.3556,0.1222,,,B,,,0.1585,0.555,,0.3796,C,43,0,荒れ傾向。高配当狙いか見送り,0.5777,"{'is_target': True, 'verdict': '参加推奨', 'max_combo_prob': 0.0645, 'est_top_odds': 20.7, 'circle_concentration': 67.0, 'eligible_count': 6, 'bet_adj': 2, 'reason': 'rel_win1=48.8%（本命度） / 最有力組み合わせ確率: 0.064（推定実オッズ?21倍） / 2着集中度: 上位2艇 67.0%（補正+0.00） / 総合判定確率: 0.064 / → ヒモ分散。1号艇1着固定で広めのヒモ流し推奨（買い目+2点）', 'tenji_trigger': '展示確認: ヒモ分散レース。1号艇伸び確認後、広めのヒモ流しを採用。穴ヒモ（5・6号艇）を積極的に含める。'}",,,32.8,両建て推奨,19.68,40.4,2,,,,,,,,,,,
2025-06-21,丸亀,9,6,熊本英一,B1,39.44,6,,1.4367,0.6,46,11.5,0.2646,5.4231,,,0,低,213,0,-,566 6,0,29.2,0.5461,,,,,,0.3056,0.0444,0.0667,,,B,△,,0.1917,0.585,,0.3796,C,43,0,荒れ傾向。高配当狙いか見送り,0.5777,"{'is_target': True, 'verdict': '参加推奨', 'max_combo_prob': 0.0645, 'est_top_odds': 20.7, 'circle_concentration': 67.0, 'eligible_count': 6, 'bet_adj': 2, 'reason': 'rel_win1=48.8%（本命度） / 最有力組み合わせ確率: 0.064（推定実オッズ?21倍） / 2着集中度: 上位2艇 67.0%（補正+0.00） / 総合判定確率: 0.064 / → ヒモ分散。1号艇1着固定で広めのヒモ流し推奨（買い目+2点）', 'tenji_trigger': '展示確認: ヒモ分散レース。1号艇伸び確認後、広めのヒモ流しを採用。穴ヒモ（5・6号艇）を積極的に含める。'}",,,32.8,両建て推奨,19.68,40.4,2,,,,,,,,,,,
2025-06-21,丸亀,10,1,竹田和哉,A1,25.73,1,◎,59.3439,,0,92,0.1376,2.7933,,,0,低,106,0,逃0% 抜0%,213213,0,89.3,1.165,0.7692,,,,,0.116,0.116,0,◎,,E,◎,,,0.6415,,0.6966,S,87,0,◎1着固定 2-3着流し（5〜8点）,0.5777,"{'is_target': True, 'verdict': '点数絞り', 'max_combo_prob': 0.0889, 'est_top_odds': 15.0, 'circle_concentration': 76.3, 'eligible_count': 6, 'bet_adj': 0, 'reason': 'rel_win1=59.3%（本命度） / 最有力組み合わせ確率: 0.089（推定実オッズ?15倍） / 2着集中度: 上位2艇 76.3%（補正+0.04） / 総合判定確率: 0.129 / → ヒモはやや固め。上位2艇以外を切ること', 'tenji_trigger': '展示確認: 1号艇伸び良→そのまま採用。悪→飛び組に差し替え。circle_pct上位2艇に絞り込むこと。\n展示で1号艇スタート超安定(0.138秒)→ヒモ固まり方向に注意'}",,,28.6,逃げ狙い,20.68,27.4,3,,,,,0,0,0.7559,0,,逃げ軸流し,A
2025-06-21,丸亀,10,2,盛本真輔,A2,32.95,2,,11.4048,37.5,100,64.4,0.1863,3.9178,,,0,低,190,0,-,232 13,0,45.5,1.0116,0,0.0278,0.1389,0,0,0.1487,0.0211,0.2237,,,C,,,0.0703,0.596,,0.6966,S,87,0,◎1着固定 2-3着流し（5〜8点）,0.5777,"{'is_target': True, 'verdict': '点数絞り', 'max_combo_prob': 0.0889, 'est_top_odds': 15.0, 'circle_concentration': 76.3, 'eligible_count': 6, 'bet_adj': 0, 'reason': 'rel_win1=59.3%（本命度） / 最有力組み合わせ確率: 0.089（推定実オッズ?15倍） / 2着集中度: 上位2艇 76.3%（補正+0.04） / 総合判定確率: 0.129 / → ヒモはやや固め。上位2艇以外を切ること', 'tenji_trigger': '展示確認: 1号艇伸び良→そのまま採用。悪→飛び組に差し替え。circle_pct上位2艇に絞り込むこと。\n展示で1号艇スタート超安定(0.138秒)→ヒモ固まり方向に注意'}",,,28.6,逃げ狙い,20.68,27.4,3,,,,,,,,,,,
2025-06-21,丸亀,10,3,安東幸治,A1,47.70,3,○,14.3868,38.8,95,68.8,0.1731,3.5455,,,0,低,182,0,ま0% 差ま0% 抜0%,622 14,0,64,1.3475,0,0,0.0625,0.125,0.0625,0.1161,0.2354,0.1263,,,A,△,,0.1326,0.633,,0.6966,S,87,0,◎1着固定 2-3着流し（5〜8点）,0.5777,"{'is_target': True, 'verdict': '点数絞り', 'max_combo_prob': 0.0889, 'est_top_odds': 15.0, 'circle_concentration': 76.3, 'eligible_count': 6, 'bet_adj': 0, 'reason': 'rel_win1=59.3%（本命度） / 最有力組み合わせ確率: 0.089（推定実オッズ?15倍） / 2着集中度: 上位2艇 76.3%（補正+0.04） / 総合判定確率: 0.129 / → ヒモはやや固め。上位2艇以外を切ること', 'tenji_trigger': '展示確認: 1号艇伸び良→そのまま採用。悪→飛び組に差し替え。circle_pct上位2艇に絞り込むこと。\n展示で1号艇スタート超安定(0.138秒)→ヒモ固まり方向に注意'}",,,28.6,逃げ狙い,20.68,27.4,3,,,,,,,,,,,
2025-06-21,丸亀,10,4,藤井太雅,B1,32.42,4,△,9.4084,10.5,53,28.3,0.1672,3.5543,,,0,低,119,0,差0% ま0% 差ま0% 抜0%,213 35,0,40,0.7985,0,0.0588,0.0588,0.0588,0.0588,0.0833,0.4167,0.1667,,,D,,◎,0.1789,0.45,0.3623,0.6966,S,87,0,◎1着固定 2-3着流し（5〜8点）,0.5777,"{'is_target': True, 'verdict': '点数絞り', 'max_combo_prob': 0.0889, 'est_top_odds': 15.0, 'circle_concentration': 76.3, 'eligible_count': 6, 'bet_adj': 0, 'reason': 'rel_win1=59.3%（本命度） / 最有力組み合わせ確率: 0.089（推定実オッズ?15倍） / 2着集中度: 上位2艇 76.3%（補正+0.04） / 総合判定確率: 0.129 / → ヒモはやや固め。上位2艇以外を切ること', 'tenji_trigger': '展示確認: 1号艇伸び良→そのまま採用。悪→飛び組に差し替え。circle_pct上位2艇に絞り込むこと。\n展示で1号艇スタート超安定(0.138秒)→ヒモ固まり方向に注意'}",,,28.6,逃げ狙い,20.68,27.4,3,,,,,,,,,,,
2025-06-21,丸亀,10,5,田中宏樹,B1,40.85,5,▲,3.9635,12.8,83,44.4,0.1722,3.8981,,,0,低,128,0,-,531515,0,29.4,0.5998,,,,,,0.2,0.02,0.18,,,B,△,,0.202,0.6195,,0.6966,S,87,0,◎1着固定 2-3着流し（5〜8点）,0.5777,"{'is_target': True, 'verdict': '点数絞り', 'max_combo_prob': 0.0889, 'est_top_odds': 15.0, 'circle_concentration': 76.3, 'eligible_count': 6, 'bet_adj': 0, 'reason': 'rel_win1=59.3%（本命度） / 最有力組み合わせ確率: 0.089（推定実オッズ?15倍） / 2着集中度: 上位2艇 76.3%（補正+0.04） / 総合判定確率: 0.129 / → ヒモはやや固め。上位2艇以外を切ること', 'tenji_trigger': '展示確認: 1号艇伸び良→そのまま採用。悪→飛び組に差し替え。circle_pct上位2艇に絞り込むこと。\n展示で1号艇スタート超安定(0.138秒)→ヒモ固まり方向に注意'}",,,28.6,逃げ狙い,20.68,27.4,3,,,,,,,,,,,
2025-06-21,丸亀,10,6,西原明生,B1,30.98,6,,1.4926,0.4,23,12.8,0.2204,5.0745,,,0,低,192,0,-,153 36,0,23.8,0.6283,,,,,,0.2571,0.2571,0.2762,,,D,○,,0.135,0.641,,0.6966,S,87,0,◎1着固定 2-3着流し（5〜8点）,0.5777,"{'is_target': True, 'verdict': '点数絞り', 'max_combo_prob': 0.0889, 'est_top_odds': 15.0, 'circle_concentration': 76.3, 'eligible_count': 6, 'bet_adj': 0, 'reason': 'rel_win1=59.3%（本命度） / 最有力組み合わせ確率: 0.089（推定実オッズ?15倍） / 2着集中度: 上位2艇 76.3%（補正+0.04） / 総合判定確率: 0.129 / → ヒモはやや固め。上位2艇以外を切ること', 'tenji_trigger': '展示確認: 1号艇伸び良→そのまま採用。悪→飛び組に差し替え。circle_pct上位2艇に絞り込むこと。\n展示で1号艇スタート超安定(0.138秒)→ヒモ固まり方向に注意'}",,,28.6,逃げ狙い,20.68,27.4,3,,,,,,,,,,,
2025-06-21,丸亀,11,1,古賀繁輝,A1,26.22,1,◎,60.2306,,0,94.8,0.1486,2.5776,,,0,低,54,0,逃0% 抜0%,111223,0,82,1.2312,0.7308,,,,,0,0.0308,0.0308,◎,,D,○,,,0.664,,0.5958,S,100,0,◎1着固定 2-3着流し（5〜8点）,0.5777,"{'is_target': True, 'verdict': '点数絞り', 'max_combo_prob': 0.0954, 'est_top_odds': 14.0, 'circle_concentration': 78.7, 'eligible_count': 6, 'bet_adj': 0, 'reason': 'rel_win1=60.2%（本命度） / 最有力組み合わせ確率: 0.095（推定実オッズ?14倍） / 2着集中度: 上位2艇 78.7%（補正+0.04） / 総合判定確率: 0.135 / → ヒモはやや固め。上位2艇以外を切ること', 'tenji_trigger': '展示確認: 1号艇伸び良→そのまま採用。悪→飛び組に差し替え。circle_pct上位2艇に絞り込むこと。'}",,,25.7,逃げ狙い,17.66,21.9,2,,,,,0,0,0.7559,0,,逃げ軸流し,A
2025-06-21,丸亀,11,2,坪口竜也,A1,32.39,2,○,17.9111,57.2,48,68.4,0.1456,3.4123,,,0,低,84,0,差0%,521364,0,61.5,1.3655,0,0.2,0.04,0,0,0,0.0667,0.0333,,◎,B,◎,,0.3736,0.6815,,0.5958,S,100,0,◎1着固定 2-3着流し（5〜8点）,0.5777,"{'is_target': True, 'verdict': '点数絞り', 'max_combo_prob': 0.0954, 'est_top_odds': 14.0, 'circle_concentration': 78.7, 'eligible_count': 6, 'bet_adj': 0, 'reason': 'rel_win1=60.2%（本命度） / 最有力組み合わせ確率: 0.095（推定実オッズ?14倍） / 2着集中度: 上位2艇 78.7%（補正+0.04） / 総合判定確率: 0.135 / → ヒモはやや固め。上位2艇以外を切ること', 'tenji_trigger': '展示確認: 1号艇伸び良→そのまま採用。悪→飛び組に差し替え。circle_pct上位2艇に絞り込むこと。'}",,,25.7,逃げ狙い,17.66,21.9,2,,,,,,,,,,,
2025-06-21,丸亀,11,3,長谷川親,B1,30.64,3,,5.6019,5.6,85,20,0.1822,3.7917,,,0,低,166,0,-,1 4444,0,33.4,1.08,,,,,,0.1111,0.3778,0.2222,,,C,,,0.1393,0.605,,0.5958,S,100,0,◎1着固定 2-3着流し（5〜8点）,0.5777,"{'is_target': True, 'verdict': '点数絞り', 'max_combo_prob': 0.0954, 'est_top_odds': 14.0, 'circle_concentration': 78.7, 'eligible_count': 6, 'bet_adj': 0, 'reason': 'rel_win1=60.2%（本命度） / 最有力組み合わせ確率: 0.095（推定実オッズ?14倍） / 2着集中度: 上位2艇 78.7%（補正+0.04） / 総合判定確率: 0.135 / → ヒモはやや固め。上位2艇以外を切ること', 'tenji_trigger': '展示確認: 1号艇伸び良→そのまま採用。悪→飛び組に差し替え。circle_pct上位2艇に絞り込むこと。'}",,,25.7,逃げ狙い,17.66,21.9,2,,,,,,,,,,,
2025-06-21,丸亀,11,4,四宮与寛,A2,29.63,4,△,7.3296,21.5,100,57.4,0.1354,2.6311,,,0,低,60,0,-,1 2465,0,28.2,0.8232,0,0.0357,0.0357,0,0,0.1116,0.1374,0.0258,,,D,△,◎,0.3335,0.6545,0.3744,0.5958,S,100,0,◎1着固定 2-3着流し（5〜8点）,0.5777,"{'is_target': True, 'verdict': '点数絞り', 'max_combo_prob': 0.0954, 'est_top_odds': 14.0, 'circle_concentration': 78.7, 'eligible_count': 6, 'bet_adj': 0, 'reason': 'rel_win1=60.2%（本命度） / 最有力組み合わせ確率: 0.095（推定実オッズ?14倍） / 2着集中度: 上位2艇 78.7%（補正+0.04） / 総合判定確率: 0.135 / → ヒモはやや固め。上位2艇以外を切ること', 'tenji_trigger': '展示確認: 1号艇伸び良→そのまま採用。悪→飛び組に差し替え。circle_pct上位2艇に絞り込むこと。'}",,,25.7,逃げ狙い,17.66,21.9,2,,,,,,,,,,,
2025-06-21,丸亀,11,5,古川　健,B1,30.23,5,,4.7294,9.7,97,39.6,0.1492,3.0094,,,0,低,95,0,-,431636,0,32.6,0.8862,0,0,0.0952,0,0,0.2889,0.0444,0.2667,,,C,△,,0.303,0.6335,,0.5958,S,100,0,◎1着固定 2-3着流し（5〜8点）,0.5777,"{'is_target': True, 'verdict': '点数絞り', 'max_combo_prob': 0.0954, 'est_top_odds': 14.0, 'circle_concentration': 78.7, 'eligible_count': 6, 'bet_adj': 0, 'reason': 'rel_win1=60.2%（本命度） / 最有力組み合わせ確率: 0.095（推定実オッズ?14倍） / 2着集中度: 上位2艇 78.7%（補正+0.04） / 総合判定確率: 0.135 / → ヒモはやや固め。上位2艇以外を切ること', 'tenji_trigger': '展示確認: 1号艇伸び良→そのまま採用。悪→飛び組に差し替え。circle_pct上位2艇に絞り込むこと。'}",,,25.7,逃げ狙い,17.66,21.9,2,,,,,,,,,,,
2025-06-21,丸亀,11,6,妻鳥晋也,B1,33.52,6,▲,4.1975,6,79,35.7,0.1767,4.1548,,,0,低,151,0,-,3 2416,0,100,2.3294,0,0,0,0.0588,0.0588,0.25,0.21,0.23,,,B,,,0.1969,0.601,,0.5958,S,100,0,◎1着固定 2-3着流し（5〜8点）,0.5777,"{'is_target': True, 'verdict': '点数絞り', 'max_combo_prob': 0.0954, 'est_top_odds': 14.0, 'circle_concentration': 78.7, 'eligible_count': 6, 'bet_adj': 0, 'reason': 'rel_win1=60.2%（本命度） / 最有力組み合わせ確率: 0.095（推定実オッズ?14倍） / 2着集中度: 上位2艇 78.7%（補正+0.04） / 総合判定確率: 0.135 / → ヒモはやや固め。上位2艇以外を切ること', 'tenji_trigger': '展示確認: 1号艇伸び良→そのまま採用。悪→飛び組に差し替え。circle_pct上位2艇に絞り込むこと。'}",,,25.7,逃げ狙い,17.66,21.9,2,,,,,,,,,,,
2025-06-21,丸亀,12,1,安河内将,A1,30.99,1,◎,57.0786,,0,91.5,0.1601,3.4939,,,0,低,99,0,逃1%,123221,0,61.7,0.9868,0.7941,,,,,0.0781,0.0781,0.0781,○,,B,△,,,0.6335,,0.4289,A,78,0,◎-○軸 3着3〜4艇流し（10〜15点）,0.5777,"{'is_target': True, 'verdict': '参加推奨', 'max_combo_prob': 0.0685, 'est_top_odds': 19.5, 'circle_concentration': 61.6, 'eligible_count': 8, 'bet_adj': 2, 'reason': 'rel_win1=57.1%（本命度） / 最有力組み合わせ確率: 0.068（推定実オッズ?20倍） / 2着集中度: 上位2艇 61.6%（補正+0.00） / 総合判定確率: 0.068 / → ヒモ分散。1号艇1着固定で広めのヒモ流し推奨（買い目+2点）', 'tenji_trigger': '展示確認: ヒモ分散レース。1号艇伸び確認後、広めのヒモ流しを採用。穴ヒモ（5・6号艇）を積極的に含める。'}",,,29.9,逃げ狙い,24.91,27.6,2,,,,,0,0,0.6155,0,,逃げ軸流し,A
2025-06-21,丸亀,12,2,渡辺浩司,A1,30.22,2,○,13.722,39.3,100,84,0.1366,3.11,,,0,低,46,0,差0%,143121,0,62.6,1.3279,0,0.2353,0,0,0,0.1467,0,0.0867,,◎,C,◎,,0.5907,0.699,,0.4289,A,78,0,◎-○軸 3着3〜4艇流し（10〜15点）,0.5777,"{'is_target': True, 'verdict': '参加推奨', 'max_combo_prob': 0.0685, 'est_top_odds': 19.5, 'circle_concentration': 61.6, 'eligible_count': 8, 'bet_adj': 2, 'reason': 'rel_win1=57.1%（本命度） / 最有力組み合わせ確率: 0.068（推定実オッズ?20倍） / 2着集中度: 上位2艇 61.6%（補正+0.00） / 総合判定確率: 0.068 / → ヒモ分散。1号艇1着固定で広めのヒモ流し推奨（買い目+2点）', 'tenji_trigger': '展示確認: ヒモ分散レース。1号艇伸び確認後、広めのヒモ流しを採用。穴ヒモ（5・6号艇）を積極的に含める。'}",,,29.9,逃げ狙い,24.91,27.6,2,,,,,,,,,,,
2025-06-21,丸亀,12,3,齊藤　優,B1,30.77,3,▲,8.5305,22.3,70,59.3,0.149,3.1186,,,0,低,103,0,-,341411,0,27.7,0.9056,0,0.0741,0.1111,0,0,0.0923,0.3923,0.0462,,,B,△,,0.3508,0.6325,,0.4289,A,78,0,◎-○軸 3着3〜4艇流し（10〜15点）,0.5777,"{'is_target': True, 'verdict': '参加推奨', 'max_combo_prob': 0.0685, 'est_top_odds': 19.5, 'circle_concentration': 61.6, 'eligible_count': 8, 'bet_adj': 2, 'reason': 'rel_win1=57.1%（本命度） / 最有力組み合わせ確率: 0.068（推定実オッズ?20倍） / 2着集中度: 上位2艇 61.6%（補正+0.00） / 総合判定確率: 0.068 / → ヒモ分散。1号艇1着固定で広めのヒモ流し推奨（買い目+2点）', 'tenji_trigger': '展示確認: ヒモ分散レース。1号艇伸び確認後、広めのヒモ流しを採用。穴ヒモ（5・6号艇）を積極的に含める。'}",,,29.9,逃げ狙い,24.91,27.6,2,,,,,,,,,,,
2025-06-21,丸亀,12,4,濱崎直矢,A1,24.70,4,,10.9361,15.6,82,62.3,0.1433,2.8279,,,0,低,95,0,ま0% 差ま0%,213122,0,62.4,1.3147,0,0,0.0952,0.0476,0,0.0148,0.1444,0.1148,,,D,,◎,0.3667,0.632,0.3441,0.4289,A,78,0,◎-○軸 3着3〜4艇流し（10〜15点）,0.5777,"{'is_target': True, 'verdict': '参加推奨', 'max_combo_prob': 0.0685, 'est_top_odds': 19.5, 'circle_concentration': 61.6, 'eligible_count': 8, 'bet_adj': 2, 'reason': 'rel_win1=57.1%（本命度） / 最有力組み合わせ確率: 0.068（推定実オッズ?20倍） / 2着集中度: 上位2艇 61.6%（補正+0.00） / 総合判定確率: 0.068 / → ヒモ分散。1号艇1着固定で広めのヒモ流し推奨（買い目+2点）', 'tenji_trigger': '展示確認: ヒモ分散レース。1号艇伸び確認後、広めのヒモ流しを採用。穴ヒモ（5・6号艇）を積極的に含める。'}",,,29.9,逃げ狙い,24.91,27.6,2,,,,,,,,,,,
2025-06-21,丸亀,12,5,山本隆幸,A2,30.22,5,,6.7074,15.3,94,66.7,0.1815,3.5208,,,0,低,130,0,差ま0%,222442,0,94.9,1.7914,0,0,0,0.05,0,0,0.0645,0.2258,,,C,,○,0.2156,0.631,0.163,0.4289,A,78,0,◎-○軸 3着3〜4艇流し（10〜15点）,0.5777,"{'is_target': True, 'verdict': '参加推奨', 'max_combo_prob': 0.0685, 'est_top_odds': 19.5, 'circle_concentration': 61.6, 'eligible_count': 8, 'bet_adj': 2, 'reason': 'rel_win1=57.1%（本命度） / 最有力組み合わせ確率: 0.068（推定実オッズ?20倍） / 2着集中度: 上位2艇 61.6%（補正+0.00） / 総合判定確率: 0.068 / → ヒモ分散。1号艇1着固定で広めのヒモ流し推奨（買い目+2点）', 'tenji_trigger': '展示確認: ヒモ分散レース。1号艇伸び確認後、広めのヒモ流しを採用。穴ヒモ（5・6号艇）を積極的に含める。'}",,,29.9,逃げ狙い,24.91,27.6,2,,,,,,,,,,,
2025-06-21,丸亀,12,6,石丸海渡,A1,26.74,6,△,3.0254,7.5,62,34.1,0.1325,2.9432,,,0,低,26,0,-,431512,0,42.5,1.0758,,,,,,0.0792,0.0125,0,,○,D,○,,0.4013,0.687,,0.4289,A,78,0,◎-○軸 3着3〜4艇流し（10〜15点）,0.5777,"{'is_target': True, 'verdict': '参加推奨', 'max_combo_prob': 0.0685, 'est_top_odds': 19.5, 'circle_concentration': 61.6, 'eligible_count': 8, 'bet_adj': 2, 'reason': 'rel_win1=57.1%（本命度） / 最有力組み合わせ確率: 0.068（推定実オッズ?20倍） / 2着集中度: 上位2艇 61.6%（補正+0.00） / 総合判定確率: 0.068 / → ヒモ分散。1号艇1着固定で広めのヒモ流し推奨（買い目+2点）', 'tenji_trigger': '展示確認: ヒモ分散レース。1号艇伸び確認後、広めのヒモ流しを採用。穴ヒモ（5・6号艇）を積極的に含める。'}",,,29.9,逃げ狙い,24.91,27.6,2,,,,,,,,,,,
2025-06-24,丸亀,1,1,古田祐貴,B1,29.44,1,◎,53.1707,,0,88.6,0.137,2.4643,,,0,低,105,0,逃1%,,0,65.6,0.9487,0.4706,,,,,0.2088,0.1971,0.1338,◎,,D,△,,,0.6265,,0.5465,A,73,0,◎-○軸 3着3〜4艇流し（10〜15点）,0.5777,"{'is_target': True, 'verdict': '参加推奨', 'max_combo_prob': 0.06, 'est_top_odds': 22.2, 'circle_concentration': 62.4, 'eligible_count': 8, 'bet_adj': 2, 'reason': 'rel_win1=53.2%（本命度） / 最有力組み合わせ確率: 0.060（推定実オッズ?22倍） / 2着集中度: 上位2艇 62.4%（補正+0.00） / 総合判定確率: 0.060 / → ヒモ分散。1号艇1着固定で広めのヒモ流し推奨（買い目+2点）', 'tenji_trigger': '展示確認: ヒモ分散レース。1号艇伸び確認後、広めのヒモ流しを採用。穴ヒモ（5・6号艇）を積極的に含める。\n展示で1号艇スタート超安定(0.137秒)→ヒモ固まり方向に注意'}",,,30.1,逃げ狙い,18.43,33.8,4,,,,,0,0,0.7559,0,,逃げ軸流し,A
2025-06-24,丸亀,1,2,上之晃弘,B1,36.67,2,,7.1393,28.9,100,54.8,0.1585,3.379,,,0,低,123,0,-,,0,46,1.0564,0,0,0.0385,0,0,0.0545,0.0727,0.2045,,,C,○,,0.1202,0.659,,0.5465,A,73,0,◎-○軸 3着3〜4艇流し（10〜15点）,0.5777,"{'is_target': True, 'verdict': '参加推奨', 'max_combo_prob': 0.06, 'est_top_odds': 22.2, 'circle_concentration': 62.4, 'eligible_count': 8, 'bet_adj': 2, 'reason': 'rel_win1=53.2%（本命度） / 最有力組み合わせ確率: 0.060（推定実オッズ?22倍） / 2着集中度: 上位2艇 62.4%（補正+0.00） / 総合判定確率: 0.060 / → ヒモ分散。1号艇1着固定で広めのヒモ流し推奨（買い目+2点）', 'tenji_trigger': '展示確認: ヒモ分散レース。1号艇伸び確認後、広めのヒモ流しを採用。穴ヒモ（5・6号艇）を積極的に含める。\n展示で1号艇スタート超安定(0.137秒)→ヒモ固まり方向に注意'}",,,30.1,逃げ狙い,18.43,33.8,4,,,,,,,,,,,
2025-06-24,丸亀,1,3,吉川晴人,B1,38.04,3,△,11.3335,33.5,84,58,0.188,3.95,,,0,低,98,0,差0% ま0% 差ま0%,,0,35.4,1.1044,0,0.0556,0.0556,0.0556,0,0.02,0.02,0.1657,,,C,,,0.1515,0.6235,,0.5465,A,73,0,◎-○軸 3着3〜4艇流し（10〜15点）,0.5777,"{'is_target': True, 'verdict': '参加推奨', 'max_combo_prob': 0.06, 'est_top_odds': 22.2, 'circle_concentration': 62.4, 'eligible_count': 8, 'bet_adj': 2, 'reason': 'rel_win1=53.2%（本命度） / 最有力組み合わせ確率: 0.060（推定実オッズ?22倍） / 2着集中度: 上位2艇 62.4%（補正+0.00） / 総合判定確率: 0.060 / → ヒモ分散。1号艇1着固定で広めのヒモ流し推奨（買い目+2点）', 'tenji_trigger': '展示確認: ヒモ分散レース。1号艇伸び確認後、広めのヒモ流しを採用。穴ヒモ（5・6号艇）を積極的に含める。\n展示で1号艇スタート超安定(0.137秒)→ヒモ固まり方向に注意'}",,,30.1,逃げ狙い,18.43,33.8,4,,,,,,,,,,,
2025-06-24,丸亀,1,4,森晋太郎,B1,43.09,4,○,19.9372,18.5,96,53.3,0.1364,2.5667,,,0,低,64,0,ま0% 差ま0%,,0,88.4,1.5547,0,0,0.1818,0.1364,0,0,0.2,0.1333,,,B,△,◎,0.3666,0.6435,0.4749,0.5465,A,73,0,◎-○軸 3着3〜4艇流し（10〜15点）,0.5777,"{'is_target': True, 'verdict': '参加推奨', 'max_combo_prob': 0.06, 'est_top_odds': 22.2, 'circle_concentration': 62.4, 'eligible_count': 8, 'bet_adj': 2, 'reason': 'rel_win1=53.2%（本命度） / 最有力組み合わせ確率: 0.060（推定実オッズ?22倍） / 2着集中度: 上位2艇 62.4%（補正+0.00） / 総合判定確率: 0.060 / → ヒモ分散。1号艇1着固定で広めのヒモ流し推奨（買い目+2点）', 'tenji_trigger': '展示確認: ヒモ分散レース。1号艇伸び確認後、広めのヒモ流しを採用。穴ヒモ（5・6号艇）を積極的に含める。\n展示で1号艇スタート超安定(0.137秒)→ヒモ固まり方向に注意'}",,,30.1,逃げ狙い,18.43,33.8,4,,,,,,,,,,,
2025-06-24,丸亀,1,5,烏野賢太,B1,46.93,5,▲,6.2406,16.5,75,47.3,0.1735,3.8273,,,0,低,135,0,-,,0,64.8,1.2471,0,0.0625,0,0,0,0.1153,0.145,0,,,A,◎,,0.1944,0.663,,0.5465,A,73,0,◎-○軸 3着3〜4艇流し（10〜15点）,0.5777,"{'is_target': True, 'verdict': '参加推奨', 'max_combo_prob': 0.06, 'est_top_odds': 22.2, 'circle_concentration': 62.4, 'eligible_count': 8, 'bet_adj': 2, 'reason': 'rel_win1=53.2%（本命度） / 最有力組み合わせ確率: 0.060（推定実オッズ?22倍） / 2着集中度: 上位2艇 62.4%（補正+0.00） / 総合判定確率: 0.060 / → ヒモ分散。1号艇1着固定で広めのヒモ流し推奨（買い目+2点）', 'tenji_trigger': '展示確認: ヒモ分散レース。1号艇伸び確認後、広めのヒモ流しを採用。穴ヒモ（5・6号艇）を積極的に含める。\n展示で1号艇スタート超安定(0.137秒)→ヒモ固まり方向に注意'}",,,30.1,逃げ狙い,18.43,33.8,4,,,,,,,,,,,
2025-06-24,丸亀,1,6,岡部　哲,B1,26.25,6,,2.1787,2.6,26,15.2,0.193,4.1522,,,0,低,119,0,差ま0%,,0,27.3,0.8133,0,0,0,0.0526,0,0.1762,0.3762,0.2143,,,E,△,,0.1415,0.6265,,0.5465,A,73,0,◎-○軸 3着3〜4艇流し（10〜15点）,0.5777,"{'is_target': True, 'verdict': '参加推奨', 'max_combo_prob': 0.06, 'est_top_odds': 22.2, 'circle_concentration': 62.4, 'eligible_count': 8, 'bet_adj': 2, 'reason': 'rel_win1=53.2%（本命度） / 最有力組み合わせ確率: 0.060（推定実オッズ?22倍） / 2着集中度: 上位2艇 62.4%（補正+0.00） / 総合判定確率: 0.060 / → ヒモ分散。1号艇1着固定で広めのヒモ流し推奨（買い目+2点）', 'tenji_trigger': '展示確認: ヒモ分散レース。1号艇伸び確認後、広めのヒモ流しを採用。穴ヒモ（5・6号艇）を積極的に含める。\n展示で1号艇スタート超安定(0.137秒)→ヒモ固まり方向に注意'}",,,30.1,逃げ狙い,18.43,33.8,4,,,,,,,,,,,
2025-06-24,丸亀,2,1,國崎良春,B1,44.20,1,◎,48.3084,,0,87.3,0.1576,3.6545,,,0,低,93,0,逃1%,,0,71.1,1.0878,0.5556,,,,,0.0444,0.0667,0.2167,○,,A,△,,,0.6245,,0.4107,A,74,0,◎-○軸 3着3〜4艇流し（10〜15点）,0.5777,"{'is_target': True, 'verdict': '参加推奨', 'max_combo_prob': 0.0724, 'est_top_odds': 18.4, 'circle_concentration': 66.8, 'eligible_count': 8, 'bet_adj': 2, 'reason': 'rel_win1=48.3%（本命度） / 最有力組み合わせ確率: 0.072（推定実オッズ?18倍） / 2着集中度: 上位2艇 66.8%（補正+0.00） / 総合判定確率: 0.072 / → ヒモ分散。1号艇1着固定で広めのヒモ流し推奨（買い目+2点）', 'tenji_trigger': '展示確認: ヒモ分散レース。1号艇伸び確認後、広めのヒモ流しを採用。穴ヒモ（5・6号艇）を積極的に含める。'}",,,28.7,逃げ狙い,20.23,28.1,2,,,,,0,0,0.6155,0,,逃げ軸流し,A
2025-06-24,丸亀,2,2,仲　航太,B1,32.58,2,○,17.7377,44.3,85,63.2,0.1545,3.1711,,,0,低,93,0,差0% ま0%,,0,48.8,1.085,0,0.25,0.1,0,0,0.16,0.12,0.12,,◎,C,,,0.3855,0.554,,0.4107,A,74,0,◎-○軸 3着3〜4艇流し（10〜15点）,0.5777,"{'is_target': True, 'verdict': '参加推奨', 'max_combo_prob': 0.0724, 'est_top_odds': 18.4, 'circle_concentration': 66.8, 'eligible_count': 8, 'bet_adj': 2, 'reason': 'rel_win1=48.3%（本命度） / 最有力組み合わせ確率: 0.072（推定実オッズ?18倍） / 2着集中度: 上位2艇 66.8%（補正+0.00） / 総合判定確率: 0.072 / → ヒモ分散。1号艇1着固定で広めのヒモ流し推奨（買い目+2点）', 'tenji_trigger': '展示確認: ヒモ分散レース。1号艇伸び確認後、広めのヒモ流しを採用。穴ヒモ（5・6号艇）を積極的に含める。'}",,,28.7,逃げ狙い,20.23,28.1,2,,,,,,,,,,,
2025-06-24,丸亀,2,3,間嶋仁志,B1,34.29,3,△,10.7223,22.4,95,49.2,0.1914,3.8923,,,0,低,136,0,-,,0,21,0.7692,0,0,0.0323,0.0323,0,0.048,0.048,0.412,,,C,△,,0.1081,0.6285,,0.4107,A,74,0,◎-○軸 3着3〜4艇流し（10〜15点）,0.5777,"{'is_target': True, 'verdict': '参加推奨', 'max_combo_prob': 0.0724, 'est_top_odds': 18.4, 'circle_concentration': 66.8, 'eligible_count': 8, 'bet_adj': 2, 'reason': 'rel_win1=48.3%（本命度） / 最有力組み合わせ確率: 0.072（推定実オッズ?18倍） / 2着集中度: 上位2艇 66.8%（補正+0.00） / 総合判定確率: 0.072 / → ヒモ分散。1号艇1着固定で広めのヒモ流し推奨（買い目+2点）', 'tenji_trigger': '展示確認: ヒモ分散レース。1号艇伸び確認後、広めのヒモ流しを採用。穴ヒモ（5・6号艇）を積極的に含める。'}",,,28.7,逃げ狙い,20.23,28.1,2,,,,,,,,,,,
2025-06-24,丸亀,2,4,藤山雅弘,B1,42.46,4,▲,11.4228,12.5,100,55.2,0.1714,3.75,,,0,低,135,0,-,,0,100,2.9528,0,0.087,0.0435,0,0,0.2371,0,0.0143,,,B,,○,0.2413,0.6125,0.2492,0.4107,A,74,0,◎-○軸 3着3〜4艇流し（10〜15点）,0.5777,"{'is_target': True, 'verdict': '参加推奨', 'max_combo_prob': 0.0724, 'est_top_odds': 18.4, 'circle_concentration': 66.8, 'eligible_count': 8, 'bet_adj': 2, 'reason': 'rel_win1=48.3%（本命度） / 最有力組み合わせ確率: 0.072（推定実オッズ?18倍） / 2着集中度: 上位2艇 66.8%（補正+0.00） / 総合判定確率: 0.072 / → ヒモ分散。1号艇1着固定で広めのヒモ流し推奨（買い目+2点）', 'tenji_trigger': '展示確認: ヒモ分散レース。1号艇伸び確認後、広めのヒモ流しを採用。穴ヒモ（5・6号艇）を積極的に含める。'}",,,28.7,逃げ狙い,20.23,28.1,2,,,,,,,,,,,
2025-06-24,丸亀,2,5,山田祐也,A1,26.17,5,,10.1297,17.7,43,59,0.1395,3.141,,,0,低,53,0,-,,0,37.8,0.8402,0,0,0,0.0667,0,0,0.0455,0.1364,,,E,◎,◎,0.3466,0.663,0.4061,0.4107,A,74,0,◎-○軸 3着3〜4艇流し（10〜15点）,0.5777,"{'is_target': True, 'verdict': '参加推奨', 'max_combo_prob': 0.0724, 'est_top_odds': 18.4, 'circle_concentration': 66.8, 'eligible_count': 8, 'bet_adj': 2, 'reason': 'rel_win1=48.3%（本命度） / 最有力組み合わせ確率: 0.072（推定実オッズ?18倍） / 2着集中度: 上位2艇 66.8%（補正+0.00） / 総合判定確率: 0.072 / → ヒモ分散。1号艇1着固定で広めのヒモ流し推奨（買い目+2点）', 'tenji_trigger': '展示確認: ヒモ分散レース。1号艇伸び確認後、広めのヒモ流しを採用。穴ヒモ（5・6号艇）を積極的に含める。'}",,,28.7,逃げ狙い,20.23,28.1,2,,,,,,,,,,,
2025-06-24,丸亀,2,6,丹下　将,A2,27.37,6,,1.6791,3,58,28.3,0.1705,3.8417,,,0,低,115,0,-,,0,35.2,0.8433,,,,,,0.0588,0.2067,0.1445,,,D,○,,0.2719,0.66,,0.4107,A,74,0,◎-○軸 3着3〜4艇流し（10〜15点）,0.5777,"{'is_target': True, 'verdict': '参加推奨', 'max_combo_prob': 0.0724, 'est_top_odds': 18.4, 'circle_concentration': 66.8, 'eligible_count': 8, 'bet_adj': 2, 'reason': 'rel_win1=48.3%（本命度） / 最有力組み合わせ確率: 0.072（推定実オッズ?18倍） / 2着集中度: 上位2艇 66.8%（補正+0.00） / 総合判定確率: 0.072 / → ヒモ分散。1号艇1着固定で広めのヒモ流し推奨（買い目+2点）', 'tenji_trigger': '展示確認: ヒモ分散レース。1号艇伸び確認後、広めのヒモ流しを採用。穴ヒモ（5・6号艇）を積極的に含める。'}",,,28.7,逃げ狙い,20.23,28.1,2,,,,,,,,,,,
2025-06-24,丸亀,3,1,片岡秀樹,B1,38.74,1,◎,39.5686,,0,66.7,0.1721,3.6429,,,0,低,85,0,逃0%,,0,51.4,0.8413,0.1667,,,,,0.2778,0.3889,0.1111,△,,B,◎,,,0.6405,,0.2121,B,46,0,◎○△フォーメーション（15〜20点）,0.5777,"{'is_target': False, 'verdict': '対象外', 'max_combo_prob': None, 'est_top_odds': None, 'circle_concentration': None, 'eligible_count': 0, 'bet_adj': 0, 'reason': '1号艇rel_win1 < 45%: 通常判定に委ねる', 'tenji_trigger': ''}",,,34.7,両建て推奨,25.08,41.1,2,2-1-3|2-1-4|1-2-4|1-3-4|1-3-2|1-2-3|1-4-2,5-1-6|6-1-4|5-6-1|6-4-1|6-1-3|2-1-3|2-1-4|1-2-4|1-3-4|1-3-2|1-2-3|1-4-2,2-1-3:2.29%|2-1-4:2.11%|1-2-4:8.38%|1-3-4:7.68%|1-3-2:6.4%|1-2-3:6.33%|1-4-2:5.16%,2-1-3:B_main|2-1-4:B_main|1-2-4:A|1-3-4:A|1-3-2:A|1-2-3:A|1-4-2:A,7,12,0.4535,1,[!]見送り推奨（主役決まり手「差し」― 逃げ劣勢レースで的中実績なし）,荒れ広め,D
2025-06-24,丸亀,3,2,岩津徹郎,B1,36.16,2,△,17.8758,32.5,79,55.6,0.1528,3.5556,,,0,低,117,0,-,,0,72.4,0.9809,,,,,,0.0706,0.0941,0.2706,,◎,C,△,,0.5622,0.574,,0.2121,B,46,0,◎○△フォーメーション（15〜20点）,0.5777,"{'is_target': False, 'verdict': '対象外', 'max_combo_prob': None, 'est_top_odds': None, 'circle_concentration': None, 'eligible_count': 0, 'bet_adj': 0, 'reason': '1号艇rel_win1 < 45%: 通常判定に委ねる', 'tenji_trigger': ''}",,,34.7,両建て推奨,25.08,41.1,2,,,,,,,,,,,
2025-06-24,丸亀,3,3,宮村勇哉,B1,30.00,3,,13.5604,31.5,68,55.4,0.1379,2.8661,,,0,低,96,0,-,,0,47.6,1.125,,,,,,0.25,0.0833,0.25,,○,E,△,,0.5327,0.583,,0.2121,B,46,0,◎○△フォーメーション（15〜20点）,0.5777,"{'is_target': False, 'verdict': '対象外', 'max_combo_prob': None, 'est_top_odds': None, 'circle_concentration': None, 'eligible_count': 0, 'bet_adj': 0, 'reason': '1号艇rel_win1 < 45%: 通常判定に委ねる', 'tenji_trigger': ''}",,,34.7,両建て推奨,25.08,41.1,2,,,,,,,,,,,
2025-06-24,丸亀,3,4,島田賢人,A1,36.57,4,○,18.9888,25.1,56,60.6,0.1562,3.0985,,,0,低,92,0,ま0% 差ま0% 抜0%,,0,89.5,1.5955,0,0,0.1333,0.0333,0.0333,0,0.125,0.125,,△,C,○,◎,0.4308,0.634,0.4304,0.2121,B,46,0,◎○△フォーメーション（15〜20点）,0.5777,"{'is_target': False, 'verdict': '対象外', 'max_combo_prob': None, 'est_top_odds': None, 'circle_concentration': None, 'eligible_count': 0, 'bet_adj': 0, 'reason': '1号艇rel_win1 < 45%: 通常判定に委ねる', 'tenji_trigger': ''}",,,34.7,両建て推奨,25.08,41.1,2,,,,,,,,,,,
2025-06-24,丸亀,3,5,金山立樹,B1,47.51,5,▲,8.7386,7.2,100,45.2,0.1594,3.3952,,,0,低,147,0,-,,0,43.3,1.3469,,,,,,0.3513,0.2185,0.0706,,,A,,,0.4087,0.565,,0.2121,B,46,0,◎○△フォーメーション（15〜20点）,0.5777,"{'is_target': False, 'verdict': '対象外', 'max_combo_prob': None, 'est_top_odds': None, 'circle_concentration': None, 'eligible_count': 0, 'bet_adj': 0, 'reason': '1号艇rel_win1 < 45%: 通常判定に委ねる', 'tenji_trigger': ''}",,,34.7,両建て推奨,25.08,41.1,2,,,,,,,,,,,
2025-06-24,丸亀,3,6,清水攻二,A2,33.88,6,,1.2679,3.6,62,27.1,0.2385,5.3854,,,0,低,151,0,-,,0,27.4,1.0628,,,,,,0.0615,0.1473,0.2176,,,D,,,0.1933,0.5585,,0.2121,B,46,0,◎○△フォーメーション（15〜20点）,0.5777,"{'is_target': False, 'verdict': '対象外', 'max_combo_prob': None, 'est_top_odds': None, 'circle_concentration': None, 'eligible_count': 0, 'bet_adj': 0, 'reason': '1号艇rel_win1 < 45%: 通常判定に委ねる', 'tenji_trigger': ''}",,,34.7,両建て推奨,25.08,41.1,2,,,,,,,,,,,
2025-06-24,丸亀,4,1,沖島広和,B1,37.64,1,◎,41.7612,,0,90.2,0.1584,3.0328,,,0,低,143,0,逃1%,,0,60.5,1.1103,0.5,,,,,0.2615,0.0308,0.1769,○,,C,◎,,,0.637,,0.404,A,65,0,◎-○軸 3着3〜4艇流し（10〜15点）,0.5777,"{'is_target': False, 'verdict': '対象外', 'max_combo_prob': None, 'est_top_odds': None, 'circle_concentration': None, 'eligible_count': 0, 'bet_adj': 0, 'reason': '1号艇rel_win1 < 45%: 通常判定に委ねる', 'tenji_trigger': ''}",,,32.5,逃げ狙い,26.91,33.4,2,,,,,0,0,0.6155,0,,主役軸流し,B
2025-06-24,丸亀,4,2,佐々木完,A1,30.81,2,,20.3011,28.1,100,85,0.184,3.95,,,0,低,55,0,差0%,,0,54.9,1.4181,0,0.4444,0,0,0,0.0222,0.0222,0.2667,,,E,○,,0.1967,0.632,,0.404,A,65,0,◎-○軸 3着3〜4艇流し（10〜15点）,0.5777,"{'is_target': False, 'verdict': '対象外', 'max_combo_prob': None, 'est_top_odds': None, 'circle_concentration': None, 'eligible_count': 0, 'bet_adj': 0, 'reason': '1号艇rel_win1 < 45%: 通常判定に委ねる', 'tenji_trigger': ''}",,,32.5,逃げ狙い,26.91,33.4,2,,,,,,,,,,,
2025-06-24,丸亀,4,3,垂水　悠,B1,38.17,3,▲,17.4248,25.1,49,54.5,0.1342,2.6818,,,0,低,36,0,ま0%,,0,91.3,1.9515,0,0,0.2105,0.0526,0,0.3077,0.2308,0.2308,,◎,C,○,,0.4514,0.632,,0.404,A,65,0,◎-○軸 3着3〜4艇流し（10〜15点）,0.5777,"{'is_target': False, 'verdict': '対象外', 'max_combo_prob': None, 'est_top_odds': None, 'circle_concentration': None, 'eligible_count': 0, 'bet_adj': 0, 'reason': '1号艇rel_win1 < 45%: 通常判定に委ねる', 'tenji_trigger': ''}",,,32.5,逃げ狙い,26.91,33.4,2,,,,,,,,,,,
2025-06-24,丸亀,4,4,三好勇人,A2,42.13,4,○,8.5413,18.5,75,50,0.1578,3.2963,,,0,低,88,0,-,,0,96,1.8306,0,0.0385,0.0385,0,0,0.0133,0.16,0.0533,,,B,△,◎,0.2881,0.6185,0.3458,0.404,A,65,0,◎-○軸 3着3〜4艇流し（10〜15点）,0.5777,"{'is_target': False, 'verdict': '対象外', 'max_combo_prob': None, 'est_top_odds': None, 'circle_concentration': None, 'eligible_count': 0, 'bet_adj': 0, 'reason': '1号艇rel_win1 < 45%: 通常判定に委ねる', 'tenji_trigger': ''}",,,32.5,逃げ狙い,26.91,33.4,2,,,,,,,,,,,
2025-06-24,丸亀,4,5,鈴木雅希,B1,40.76,5,△,7.8749,20.3,64,49.2,0.1649,3.1885,,,0,低,98,0,差ま0% 抜0%,,0,43.1,1.4288,0,0,0,0.04,0.04,0.048,0.064,0.296,,,B,△,○,0.2673,0.6285,0.3094,0.404,A,65,0,◎-○軸 3着3〜4艇流し（10〜15点）,0.5777,"{'is_target': False, 'verdict': '対象外', 'max_combo_prob': None, 'est_top_odds': None, 'circle_concentration': None, 'eligible_count': 0, 'bet_adj': 0, 'reason': '1号艇rel_win1 < 45%: 通常判定に委ねる', 'tenji_trigger': ''}",,,32.5,逃げ狙い,26.91,33.4,2,,,,,,,,,,,
2025-06-24,丸亀,4,6,松井友汰,A2,36.81,6,,4.0967,8,26,34,0.1966,4.19,,,0,低,110,0,差ま0%,,0,41.6,1.4044,0,0,0,0.069,0,0.0182,0.2409,0.0182,,,D,,,0.1748,0.558,,0.404,A,65,0,◎-○軸 3着3〜4艇流し（10〜15点）,0.5777,"{'is_target': False, 'verdict': '対象外', 'max_combo_prob': None, 'est_top_odds': None, 'circle_concentration': None, 'eligible_count': 0, 'bet_adj': 0, 'reason': '1号艇rel_win1 < 45%: 通常判定に委ねる', 'tenji_trigger': ''}",,,32.5,逃げ狙い,26.91,33.4,2,,,,,,,,,,,
2025-06-24,丸亀,5,1,上原　崚,B1,45.61,1,◎,51.8659,,0,84.4,0.142,2.8222,,,0,低,42,0,逃1%,,0,70.2,1.0716,0.5714,,,,,0.2381,0.0571,0.119,◎,,A,◎,,,0.663,,0.5402,S,81,0,◎1着固定 2-3着流し（5〜8点）,0.5777,"{'is_target': True, 'verdict': '参加推奨', 'max_combo_prob': 0.0755, 'est_top_odds': 17.7, 'circle_concentration': 70.7, 'eligible_count': 6, 'bet_adj': 2, 'reason': 'rel_win1=51.9%（本命度） / 最有力組み合わせ確率: 0.076（推定実オッズ?18倍） / 2着集中度: 上位2艇 70.7%（補正+0.04） / 総合判定確率: 0.116 / → ヒモ分散。1号艇1着固定で広めのヒモ流し推奨（買い目+2点）', 'tenji_trigger': '展示確認: ヒモ分散レース。1号艇伸び確認後、広めのヒモ流しを採用。穴ヒモ（5・6号艇）を積極的に含める。'}",,,29,逃げ狙い,18.3,30.7,3,,,,,0,0,0.7559,0,,逃げ軸流し,A
2025-06-24,丸亀,5,2,峰重侑治,B1,29.07,2,,11.6126,40.8,61,52.9,0.1921,3.8235,,,0,低,114,0,-,,0,22.3,0.7691,0,0.2,0,0,0,0.2267,0.0533,0,,,D,,,0.097,0.6135,,0.5402,S,81,0,◎1着固定 2-3着流し（5〜8点）,0.5777,"{'is_target': True, 'verdict': '参加推奨', 'max_combo_prob': 0.0755, 'est_top_odds': 17.7, 'circle_concentration': 70.7, 'eligible_count': 6, 'bet_adj': 2, 'reason': 'rel_win1=51.9%（本命度） / 最有力組み合わせ確率: 0.076（推定実オッズ?18倍） / 2着集中度: 上位2艇 70.7%（補正+0.04） / 総合判定確率: 0.116 / → ヒモ分散。1号艇1着固定で広めのヒモ流し推奨（買い目+2点）', 'tenji_trigger': '展示確認: ヒモ分散レース。1号艇伸び確認後、広めのヒモ流しを採用。穴ヒモ（5・6号艇）を積極的に含める。'}",,,29,逃げ狙い,18.3,30.7,3,,,,,,,,,,,
2025-06-24,丸亀,5,3,谷村一哉,A2,33.16,3,○,15.9978,30,100,75,0.1625,3.4038,,,0,低,78,0,差0% ま0% 差ま0%,,0,63.5,1.4717,0,0.05,0.1,0.15,0,0.0542,0.0708,0.1083,,,C,△,,0.2101,0.642,,0.5402,S,81,0,◎1着固定 2-3着流し（5〜8点）,0.5777,"{'is_target': True, 'verdict': '参加推奨', 'max_combo_prob': 0.0755, 'est_top_odds': 17.7, 'circle_concentration': 70.7, 'eligible_count': 6, 'bet_adj': 2, 'reason': 'rel_win1=51.9%（本命度） / 最有力組み合わせ確率: 0.076（推定実オッズ?18倍） / 2着集中度: 上位2艇 70.7%（補正+0.04） / 総合判定確率: 0.116 / → ヒモ分散。1号艇1着固定で広めのヒモ流し推奨（買い目+2点）', 'tenji_trigger': '展示確認: ヒモ分散レース。1号艇伸び確認後、広めのヒモ流しを採用。穴ヒモ（5・6号艇）を積極的に含める。'}",,,29,逃げ狙い,18.3,30.7,3,,,,,,,,,,,
2025-06-24,丸亀,5,4,岡本　猛,B1,28.49,4,△,11.4836,11,68,44.1,0.1441,3.3088,,,0,低,92,0,ま0%,,0,84.5,1.0923,0,0,0.125,0,0,0.125,0.375,0,,,D,△,,0.3011,0.6305,,0.5402,S,81,0,◎1着固定 2-3着流し（5〜8点）,0.5777,"{'is_target': True, 'verdict': '参加推奨', 'max_combo_prob': 0.0755, 'est_top_odds': 17.7, 'circle_concentration': 70.7, 'eligible_count': 6, 'bet_adj': 2, 'reason': 'rel_win1=51.9%（本命度） / 最有力組み合わせ確率: 0.076（推定実オッズ?18倍） / 2着集中度: 上位2艇 70.7%（補正+0.04） / 総合判定確率: 0.116 / → ヒモ分散。1号艇1着固定で広めのヒモ流し推奨（買い目+2点）', 'tenji_trigger': '展示確認: ヒモ分散レース。1号艇伸び確認後、広めのヒモ流しを採用。穴ヒモ（5・6号艇）を積極的に含める。'}",,,29,逃げ狙い,18.3,30.7,3,,,,,,,,,,,
2025-06-24,丸亀,5,5,田川大貴,A2,26.63,5,,5.9798,10.2,43,36.5,0.1335,3.1154,,,0,低,91,0,-,,0,100,2.0036,0,0,0.0345,0.069,0,0.1434,0.0774,0.1003,,,E,,,0.3165,0.616,,0.5402,S,81,0,◎1着固定 2-3着流し（5〜8点）,0.5777,"{'is_target': True, 'verdict': '参加推奨', 'max_combo_prob': 0.0755, 'est_top_odds': 17.7, 'circle_concentration': 70.7, 'eligible_count': 6, 'bet_adj': 2, 'reason': 'rel_win1=51.9%（本命度） / 最有力組み合わせ確率: 0.076（推定実オッズ?18倍） / 2着集中度: 上位2艇 70.7%（補正+0.04） / 総合判定確率: 0.116 / → ヒモ分散。1号艇1着固定で広めのヒモ流し推奨（買い目+2点）', 'tenji_trigger': '展示確認: ヒモ分散レース。1号艇伸び確認後、広めのヒモ流しを採用。穴ヒモ（5・6号艇）を積極的に含める。'}",,,29,逃げ狙い,18.3,30.7,3,,,,,,,,,,,
2025-06-24,丸亀,5,6,豊田健士,A1,33.51,6,▲,3.0603,8.1,69,48,0.1612,3.44,,,0,低,48,0,差ま0%,,0,49.7,1.8397,0,0,0,0.0833,0,0.0952,0.0952,0.0952,,,C,○,,0.2331,0.6615,,0.5402,S,81,0,◎1着固定 2-3着流し（5〜8点）,0.5777,"{'is_target': True, 'verdict': '参加推奨', 'max_combo_prob': 0.0755, 'est_top_odds': 17.7, 'circle_concentration': 70.7, 'eligible_count': 6, 'bet_adj': 2, 'reason': 'rel_win1=51.9%（本命度） / 最有力組み合わせ確率: 0.076（推定実オッズ?18倍） / 2着集中度: 上位2艇 70.7%（補正+0.04） / 総合判定確率: 0.116 / → ヒモ分散。1号艇1着固定で広めのヒモ流し推奨（買い目+2点）', 'tenji_trigger': '展示確認: ヒモ分散レース。1号艇伸び確認後、広めのヒモ流しを採用。穴ヒモ（5・6号艇）を積極的に含める。'}",,,29,逃げ狙い,18.3,30.7,3,,,,,,,,,,,
2025-06-24,丸亀,6,1,樋口　亮,A2,29.51,1,◎,55.5311,,0,91.8,0.1618,3.2877,,,0,低,133,0,-,,0,94.6,1.3125,0.6207,,,,,0.2161,0.0805,0.0276,◎,,C,△,,,0.601,,0.4631,S,83,0,◎1着固定 2-3着流し（5〜8点）,0.5777,"{'is_target': True, 'verdict': '参加推奨', 'max_combo_prob': 0.0763, 'est_top_odds': 17.5, 'circle_concentration': 69.6, 'eligible_count': 6, 'bet_adj': 2, 'reason': 'rel_win1=55.5%（本命度） / 最有力組み合わせ確率: 0.076（推定実オッズ?18倍） / 2着集中度: 上位2艇 69.6%（補正+0.00） / 総合判定確率: 0.076 / → ヒモ分散。1号艇1着固定で広めのヒモ流し推奨（買い目+2点）', 'tenji_trigger': '展示確認: ヒモ分散レース。1号艇伸び確認後、広めのヒモ流しを採用。穴ヒモ（5・6号艇）を積極的に含める。'}",,,24.3,逃げ狙い,18.71,31.3,3,,,,,0,0,0.7559,0,,逃げ軸流し,A
2025-06-24,丸亀,6,2,山崎　祥,B1,31.87,2,△,10.1291,31.6,70,49,0.1973,4.5714,,,0,低,131,0,抜0%,,0,40.6,0.8162,0,0,0,0,0.04,0.3238,0,0.0667,,,B,,,0.0775,0.5955,,0.4631,S,83,0,◎1着固定 2-3着流し（5〜8点）,0.5777,"{'is_target': True, 'verdict': '参加推奨', 'max_combo_prob': 0.0763, 'est_top_odds': 17.5, 'circle_concentration': 69.6, 'eligible_count': 6, 'bet_adj': 2, 'reason': 'rel_win1=55.5%（本命度） / 最有力組み合わせ確率: 0.076（推定実オッズ?18倍） / 2着集中度: 上位2艇 69.6%（補正+0.00） / 総合判定確率: 0.076 / → ヒモ分散。1号艇1着固定で広めのヒモ流し推奨（買い目+2点）', 'tenji_trigger': '展示確認: ヒモ分散レース。1号艇伸び確認後、広めのヒモ流しを採用。穴ヒモ（5・6号艇）を積極的に含める。'}",,,24.3,逃げ狙い,18.71,31.3,3,,,,,,,,,,,
2025-06-24,丸亀,6,3,横澤剛治,A1,38.95,3,○,16.8201,38.1,100,70.4,0.1494,3.1852,,,0,低,96,0,差0% ま0% 差ま0%,,0,64.9,1.4417,0,0.0385,0.0385,0.0769,0,0.0167,0.0667,0.1533,,○,A,◎,,0.3547,0.666,,0.4631,S,83,0,◎1着固定 2-3着流し（5〜8点）,0.5777,"{'is_target': True, 'verdict': '参加推奨', 'max_combo_prob': 0.0763, 'est_top_odds': 17.5, 'circle_concentration': 69.6, 'eligible_count': 6, 'bet_adj': 2, 'reason': 'rel_win1=55.5%（本命度） / 最有力組み合わせ確率: 0.076（推定実オッズ?18倍） / 2着集中度: 上位2艇 69.6%（補正+0.00） / 総合判定確率: 0.076 / → ヒモ分散。1号艇1着固定で広めのヒモ流し推奨（買い目+2点）', 'tenji_trigger': '展示確認: ヒモ分散レース。1号艇伸び確認後、広めのヒモ流しを採用。穴ヒモ（5・6号艇）を積極的に含める。'}",,,24.3,逃げ狙い,18.71,31.3,3,,,,,,,,,,,
2025-06-24,丸亀,6,4,西岡顕心,A1,31.75,4,▲,10.5654,22.1,96,76,0.1544,3.24,,,0,低,55,0,ま0%,,0,42.2,0.946,0,0.1667,0.1667,0,0,0,0.0714,0,,,C,△,,0.3576,0.6245,,0.4631,S,83,0,◎1着固定 2-3着流し（5〜8点）,0.5777,"{'is_target': True, 'verdict': '参加推奨', 'max_combo_prob': 0.0763, 'est_top_odds': 17.5, 'circle_concentration': 69.6, 'eligible_count': 6, 'bet_adj': 2, 'reason': 'rel_win1=55.5%（本命度） / 最有力組み合わせ確率: 0.076（推定実オッズ?18倍） / 2着集中度: 上位2艇 69.6%（補正+0.00） / 総合判定確率: 0.076 / → ヒモ分散。1号艇1着固定で広めのヒモ流し推奨（買い目+2点）', 'tenji_trigger': '展示確認: ヒモ分散レース。1号艇伸び確認後、広めのヒモ流しを採用。穴ヒモ（5・6号艇）を積極的に含める。'}",,,24.3,逃げ狙い,18.71,31.3,3,,,,,,,,,,,
2025-06-24,丸亀,6,5,岡部　哲,B1,26.25,5,,5.9044,3.3,46,28.3,0.1758,3.8083,,,0,低,119,0,-,,0,36.1,0.8262,,,,,,0.1762,0.3762,0.2143,,,E,○,,0.2634,0.6265,,0.4631,S,83,0,◎1着固定 2-3着流し（5〜8点）,0.5777,"{'is_target': True, 'verdict': '参加推奨', 'max_combo_prob': 0.0763, 'est_top_odds': 17.5, 'circle_concentration': 69.6, 'eligible_count': 6, 'bet_adj': 2, 'reason': 'rel_win1=55.5%（本命度） / 最有力組み合わせ確率: 0.076（推定実オッズ?18倍） / 2着集中度: 上位2艇 69.6%（補正+0.00） / 総合判定確率: 0.076 / → ヒモ分散。1号艇1着固定で広めのヒモ流し推奨（買い目+2点）', 'tenji_trigger': '展示確認: ヒモ分散レース。1号艇伸び確認後、広めのヒモ流しを採用。穴ヒモ（5・6号艇）を積極的に含める。'}",,,24.3,逃げ狙い,18.71,31.3,3,,,,,,,,,,,
2025-06-24,丸亀,6,6,澤　大介,B1,27.37,6,,1.05,5,54,29.6,0.1889,3.6204,,,0,低,129,0,-,,0,25.1,0.96,,,,,,0.46,0.28,0.04,,,D,,,0.2238,0.5755,,0.4631,S,83,0,◎1着固定 2-3着流し（5〜8点）,0.5777,"{'is_target': True, 'verdict': '参加推奨', 'max_combo_prob': 0.0763, 'est_top_odds': 17.5, 'circle_concentration': 69.6, 'eligible_count': 6, 'bet_adj': 2, 'reason': 'rel_win1=55.5%（本命度） / 最有力組み合わせ確率: 0.076（推定実オッズ?18倍） / 2着集中度: 上位2艇 69.6%（補正+0.00） / 総合判定確率: 0.076 / → ヒモ分散。1号艇1着固定で広めのヒモ流し推奨（買い目+2点）', 'tenji_trigger': '展示確認: ヒモ分散レース。1号艇伸び確認後、広めのヒモ流しを採用。穴ヒモ（5・6号艇）を積極的に含める。'}",,,24.3,逃げ狙い,18.71,31.3,3,,,,,,,,,,,
2025-06-24,丸亀,7,1,藤山雅弘,B1,42.46,1,◎,57.213,,0,95.5,0.1361,2.3864,,,0,低,135,0,-,,0,63.9,1.0222,0.6786,,,,,0.2371,0,0.0143,◎,,B,,,,0.6125,,0.5559,S,93,0,◎1着固定 2-3着流し（5〜8点）,0.5777,"{'is_target': True, 'verdict': '参加推奨', 'max_combo_prob': 0.0784, 'est_top_odds': 17.0, 'circle_concentration': 66.7, 'eligible_count': 6, 'bet_adj': 2, 'reason': 'rel_win1=57.2%（本命度） / 最有力組み合わせ確率: 0.078（推定実オッズ?17倍） / 2着集中度: 上位2艇 66.7%（補正+0.00） / 総合判定確率: 0.078 / → ヒモ分散。1号艇1着固定で広めのヒモ流し推奨（買い目+2点）', 'tenji_trigger': '展示確認: ヒモ分散レース。1号艇伸び確認後、広めのヒモ流しを採用。穴ヒモ（5・6号艇）を積極的に含める。\n展示で1号艇スタート超安定(0.136秒)→ヒモ固まり方向に注意'}",,,29.2,逃げ狙い,21.39,28.7,5,,,,,0,0,0.7559,0,,逃げ軸流し,A
2025-06-24,丸亀,7,2,木谷賢太,A1,34.25,2,△,14.9109,42.5,100,76.4,0.152,3.5909,,,0,低,107,0,差0%,,0,32.5,0.8957,0,0.25,0.0357,0,0,0.0343,0.0114,0.1957,,,D,△,,0.1969,0.663,,0.5559,S,93,0,◎1着固定 2-3着流し（5〜8点）,0.5777,"{'is_target': True, 'verdict': '参加推奨', 'max_combo_prob': 0.0784, 'est_top_odds': 17.0, 'circle_concentration': 66.7, 'eligible_count': 6, 'bet_adj': 2, 'reason': 'rel_win1=57.2%（本命度） / 最有力組み合わせ確率: 0.078（推定実オッズ?17倍） / 2着集中度: 上位2艇 66.7%（補正+0.00） / 総合判定確率: 0.078 / → ヒモ分散。1号艇1着固定で広めのヒモ流し推奨（買い目+2点）', 'tenji_trigger': '展示確認: ヒモ分散レース。1号艇伸び確認後、広めのヒモ流しを採用。穴ヒモ（5・6号艇）を積極的に含める。\n展示で1号艇スタート超安定(0.136秒)→ヒモ固まり方向に注意'}",,,29.2,逃げ狙い,21.39,28.7,5,,,,,,,,,,,
2025-06-24,丸亀,7,3,白井友晴,A2,40.66,3,▲,8.5723,24.2,69,51.6,0.18,3.7016,,,0,低,164,0,-,,0,30.6,0.9942,0,0,0.0435,0,0.087,0.1091,0.3491,0.0545,,,B,○,,0.102,0.671,,0.5559,S,93,0,◎1着固定 2-3着流し（5〜8点）,0.5777,"{'is_target': True, 'verdict': '参加推奨', 'max_combo_prob': 0.0784, 'est_top_odds': 17.0, 'circle_concentration': 66.7, 'eligible_count': 6, 'bet_adj': 2, 'reason': 'rel_win1=57.2%（本命度） / 最有力組み合わせ確率: 0.078（推定実オッズ?17倍） / 2着集中度: 上位2艇 66.7%（補正+0.00） / 総合判定確率: 0.078 / → ヒモ分散。1号艇1着固定で広めのヒモ流し推奨（買い目+2点）', 'tenji_trigger': '展示確認: ヒモ分散レース。1号艇伸び確認後、広めのヒモ流しを採用。穴ヒモ（5・6号艇）を積極的に含める。\n展示で1号艇スタート超安定(0.136秒)→ヒモ固まり方向に注意'}",,,29.2,逃げ狙い,21.39,28.7,5,,,,,,,,,,,
2025-06-24,丸亀,7,4,宮村勇哉,B1,30.00,4,,6.0262,11.9,58,35.3,0.1704,3.2745,,,0,低,96,0,ま0%,,0,26.4,0.7611,0,0,0.1429,0,0,0.25,0.0833,0.25,,,E,,,0.1859,0.583,,0.5559,S,93,0,◎1着固定 2-3着流し（5〜8点）,0.5777,"{'is_target': True, 'verdict': '参加推奨', 'max_combo_prob': 0.0784, 'est_top_odds': 17.0, 'circle_concentration': 66.7, 'eligible_count': 6, 'bet_adj': 2, 'reason': 'rel_win1=57.2%（本命度） / 最有力組み合わせ確率: 0.078（推定実オッズ?17倍） / 2着集中度: 上位2艇 66.7%（補正+0.00） / 総合判定確率: 0.078 / → ヒモ分散。1号艇1着固定で広めのヒモ流し推奨（買い目+2点）', 'tenji_trigger': '展示確認: ヒモ分散レース。1号艇伸び確認後、広めのヒモ流しを採用。穴ヒモ（5・6号艇）を積極的に含める。\n展示で1号艇スタート超安定(0.136秒)→ヒモ固まり方向に注意'}",,,29.2,逃げ狙い,21.39,28.7,5,,,,,,,,,,,
2025-06-24,丸亀,7,5,菊地孝平,A1,39.06,5,○,12.3389,20.9,79,65,0.109,2.625,,,0,低,10,0,差ま0%,,0,100,2.0098,0,0,0,0.4167,0,0.12,0.04,0.02,,◎,C,◎,◎,0.4597,0.82,0.6383,0.5559,S,93,0,◎1着固定 2-3着流し（5〜8点）,0.5777,"{'is_target': True, 'verdict': '参加推奨', 'max_combo_prob': 0.0784, 'est_top_odds': 17.0, 'circle_concentration': 66.7, 'eligible_count': 6, 'bet_adj': 2, 'reason': 'rel_win1=57.2%（本命度） / 最有力組み合わせ確率: 0.078（推定実オッズ?17倍） / 2着集中度: 上位2艇 66.7%（補正+0.00） / 総合判定確率: 0.078 / → ヒモ分散。1号艇1着固定で広めのヒモ流し推奨（買い目+2点）', 'tenji_trigger': '展示確認: ヒモ分散レース。1号艇伸び確認後、広めのヒモ流しを採用。穴ヒモ（5・6号艇）を積極的に含める。\n展示で1号艇スタート超安定(0.136秒)→ヒモ固まり方向に注意'}",,,29.2,逃げ狙い,21.39,28.7,5,,,,,,,,,,,
2025-06-24,丸亀,7,6,上之晃弘,B1,36.67,6,,0.9387,0.5,39,9.6,0.1625,4.1058,,,0,低,123,0,-,,0,30.2,0.8578,,,,,,0.0545,0.0727,0.2045,,,C,△,,0.218,0.659,,0.5559,S,93,0,◎1着固定 2-3着流し（5〜8点）,0.5777,"{'is_target': True, 'verdict': '参加推奨', 'max_combo_prob': 0.0784, 'est_top_odds': 17.0, 'circle_concentration': 66.7, 'eligible_count': 6, 'bet_adj': 2, 'reason': 'rel_win1=57.2%（本命度） / 最有力組み合わせ確率: 0.078（推定実オッズ?17倍） / 2着集中度: 上位2艇 66.7%（補正+0.00） / 総合判定確率: 0.078 / → ヒモ分散。1号艇1着固定で広めのヒモ流し推奨（買い目+2点）', 'tenji_trigger': '展示確認: ヒモ分散レース。1号艇伸び確認後、広めのヒモ流しを採用。穴ヒモ（5・6号艇）を積極的に含める。\n展示で1号艇スタート超安定(0.136秒)→ヒモ固まり方向に注意'}",,,29.2,逃げ狙い,21.39,28.7,5,,,,,,,,,,,
2025-06-24,丸亀,8,1,杉山裕也,A1,26.25,1,◎,69.4011,,0,96,0.1536,2.9868,,,0,低,84,0,逃1%,,0,93,1.2591,0.6562,,,,,0,0.2625,0.1375,◎,,E,◎,,,0.6625,,0.5677,S,86,0,◎1着固定 2-3着流し（5〜8点）,0.5777,"{'is_target': True, 'verdict': '点数絞り', 'max_combo_prob': 0.1316, 'est_top_odds': 10.1, 'circle_concentration': 77.3, 'eligible_count': 6, 'bet_adj': 0, 'reason': 'rel_win1=69.4%（本命度） / 最有力組み合わせ確率: 0.132（推定実オッズ?10倍） / 2着集中度: 上位2艇 77.3%（補正+0.04） / 総合判定確率: 0.172 / → ヒモはやや固め。上位2艇以外を切ること', 'tenji_trigger': '展示確認: 1号艇伸び良→そのまま採用。悪→飛び組に差し替え。circle_pct上位2艇に絞り込むこと。'}",,,28.4,逃げ狙い,16.91,30.1,2,,,,,0,0,0.7559,0,,逃げ軸流し,A
2025-06-24,丸亀,8,2,後藤盛也,A2,40.12,2,▲,11.768,35.2,52,55.8,0.1394,2.6346,,,0,低,72,0,ま0%,,0,32.7,0.9128,0,0,0.0455,0,0,0.28,0.1307,0,,◎,C,△,,0.447,0.6145,,0.5677,S,86,0,◎1着固定 2-3着流し（5〜8点）,0.5777,"{'is_target': True, 'verdict': '点数絞り', 'max_combo_prob': 0.1316, 'est_top_odds': 10.1, 'circle_concentration': 77.3, 'eligible_count': 6, 'bet_adj': 0, 'reason': 'rel_win1=69.4%（本命度） / 最有力組み合わせ確率: 0.132（推定実オッズ?10倍） / 2着集中度: 上位2艇 77.3%（補正+0.04） / 総合判定確率: 0.172 / → ヒモはやや固め。上位2艇以外を切ること', 'tenji_trigger': '展示確認: 1号艇伸び良→そのまま採用。悪→飛び組に差し替え。circle_pct上位2艇に絞り込むこと。'}",,,28.4,逃げ狙い,16.91,30.1,2,,,,,,,,,,,
2025-06-24,丸亀,8,3,國崎良春,B1,44.20,3,○,6.9992,42.1,56,56,0.1634,3.49,,,0,低,93,0,差ま0%,,0,64.7,0.9517,0,0,0,0.0526,0,0.0444,0.0667,0.2167,,,A,○,,0.24,0.6245,,0.5677,S,86,0,◎1着固定 2-3着流し（5〜8点）,0.5777,"{'is_target': True, 'verdict': '点数絞り', 'max_combo_prob': 0.1316, 'est_top_odds': 10.1, 'circle_concentration': 77.3, 'eligible_count': 6, 'bet_adj': 0, 'reason': 'rel_win1=69.4%（本命度） / 最有力組み合わせ確率: 0.132（推定実オッズ?10倍） / 2着集中度: 上位2艇 77.3%（補正+0.04） / 総合判定確率: 0.172 / → ヒモはやや固め。上位2艇以外を切ること', 'tenji_trigger': '展示確認: 1号艇伸び良→そのまま採用。悪→飛び組に差し替え。circle_pct上位2艇に絞り込むこと。'}",,,28.4,逃げ狙い,16.91,30.1,2,,,,,,,,,,,
2025-06-24,丸亀,8,4,小坂宗司,A2,40.76,4,△,6.2129,11.8,100,55.4,0.1754,3.7946,,,0,低,123,0,ま0% 差ま0%,,0,43.4,1.0355,0,0,0.0385,0.0385,0,0.1467,0.0267,0.08,,,B,,,0.2029,0.612,,0.5677,S,86,0,◎1着固定 2-3着流し（5〜8点）,0.5777,"{'is_target': True, 'verdict': '点数絞り', 'max_combo_prob': 0.1316, 'est_top_odds': 10.1, 'circle_concentration': 77.3, 'eligible_count': 6, 'bet_adj': 0, 'reason': 'rel_win1=69.4%（本命度） / 最有力組み合わせ確率: 0.132（推定実オッズ?10倍） / 2着集中度: 上位2艇 77.3%（補正+0.04） / 総合判定確率: 0.172 / → ヒモはやや固め。上位2艇以外を切ること', 'tenji_trigger': '展示確認: 1号艇伸び良→そのまま採用。悪→飛び組に差し替え。circle_pct上位2艇に絞り込むこと。'}",,,28.4,逃げ狙い,16.91,30.1,2,,,,,,,,,,,
2025-06-24,丸亀,8,5,岩津徹郎,B1,36.16,5,,2.6597,4.2,38,26.8,0.1873,3.8902,,,0,低,117,0,-,,0,27.8,0.8121,,,,,,0.0706,0.0941,0.2706,,,D,,,0.2059,0.574,,0.5677,S,86,0,◎1着固定 2-3着流し（5〜8点）,0.5777,"{'is_target': True, 'verdict': '点数絞り', 'max_combo_prob': 0.1316, 'est_top_odds': 10.1, 'circle_concentration': 77.3, 'eligible_count': 6, 'bet_adj': 0, 'reason': 'rel_win1=69.4%（本命度） / 最有力組み合わせ確率: 0.132（推定実オッズ?10倍） / 2着集中度: 上位2艇 77.3%（補正+0.04） / 総合判定確率: 0.172 / → ヒモはやや固め。上位2艇以外を切ること', 'tenji_trigger': '展示確認: 1号艇伸び良→そのまま採用。悪→飛び組に差し替え。circle_pct上位2艇に絞り込むこと。'}",,,28.4,逃げ狙い,16.91,30.1,2,,,,,,,,,,,
2025-06-24,丸亀,8,6,吉川晴人,B1,38.04,6,,2.959,6.7,32,35,0.1735,3.35,,,0,低,98,0,-,,0,30.5,1.4153,,,,,,0.02,0.02,0.1657,,,C,△,,0.2467,0.6235,,0.5677,S,86,0,◎1着固定 2-3着流し（5〜8点）,0.5777,"{'is_target': True, 'verdict': '点数絞り', 'max_combo_prob': 0.1316, 'est_top_odds': 10.1, 'circle_concentration': 77.3, 'eligible_count': 6, 'bet_adj': 0, 'reason': 'rel_win1=69.4%（本命度） / 最有力組み合わせ確率: 0.132（推定実オッズ?10倍） / 2着集中度: 上位2艇 77.3%（補正+0.04） / 総合判定確率: 0.172 / → ヒモはやや固め。上位2艇以外を切ること', 'tenji_trigger': '展示確認: 1号艇伸び良→そのまま採用。悪→飛び組に差し替え。circle_pct上位2艇に絞り込むこと。'}",,,28.4,逃げ狙い,16.91,30.1,2,,,,,,,,,,,
2025-06-24,丸亀,9,1,三好勇人,A2,42.13,1,◎,59.8318,,0,98.4,0.1275,1.877,,,0,低,88,0,逃1%,,0,79.3,1.0562,0.7333,,,,,0.0133,0.16,0.0533,◎,,B,△,,,0.6185,,0.7369,S,80,0,◎1着固定 2-3着流し（5〜8点）,0.5777,"{'is_target': True, 'verdict': '参加推奨', 'max_combo_prob': 0.0733, 'est_top_odds': 18.2, 'circle_concentration': 63.9, 'eligible_count': 6, 'bet_adj': 2, 'reason': 'rel_win1=59.8%（本命度） / 最有力組み合わせ確率: 0.073（推定実オッズ?18倍） / 2着集中度: 上位2艇 63.9%（補正+0.00） / 総合判定確率: 0.073 / → ヒモ分散。1号艇1着固定で広めのヒモ流し推奨（買い目+2点）', 'tenji_trigger': '展示確認: ヒモ分散レース。1号艇伸び確認後、広めのヒモ流しを採用。穴ヒモ（5・6号艇）を積極的に含める。\n展示で1号艇スタート超安定(0.128秒)→ヒモ固まり方向に注意'}",,,28,逃げ狙い,20.6,26,3,,,,,0,0,0.7559,0,,逃げ軸流し,A
2025-06-24,丸亀,9,2,川島圭司,A2,31.25,2,△,11.3191,39.8,96,71,0.1347,2.2823,,,0,低,79,0,-,,0,22.3,0.661,0,0.0741,0.1111,0,0,0.0353,0.1553,0.1553,,,D,◎,,0.2488,0.665,,0.7369,S,80,0,◎1着固定 2-3着流し（5〜8点）,0.5777,"{'is_target': True, 'verdict': '参加推奨', 'max_combo_prob': 0.0733, 'est_top_odds': 18.2, 'circle_concentration': 63.9, 'eligible_count': 6, 'bet_adj': 2, 'reason': 'rel_win1=59.8%（本命度） / 最有力組み合わせ確率: 0.073（推定実オッズ?18倍） / 2着集中度: 上位2艇 63.9%（補正+0.00） / 総合判定確率: 0.073 / → ヒモ分散。1号艇1着固定で広めのヒモ流し推奨（買い目+2点）', 'tenji_trigger': '展示確認: ヒモ分散レース。1号艇伸び確認後、広めのヒモ流しを採用。穴ヒモ（5・6号艇）を積極的に含める。\n展示で1号艇スタート超安定(0.128秒)→ヒモ固まり方向に注意'}",,,28,逃げ狙い,20.6,26,3,,,,,,,,,,,
2025-06-24,丸亀,9,3,烏野賢太,B1,46.93,3,○,17.0177,24,100,71.9,0.1581,3.6094,,,0,低,135,0,-,,0,83.8,0.7769,0,0,0.0526,0.1053,0,0.1153,0.145,0,,,A,○,,0.1488,0.663,,0.7369,S,80,0,◎1着固定 2-3着流し（5〜8点）,0.5777,"{'is_target': True, 'verdict': '参加推奨', 'max_combo_prob': 0.0733, 'est_top_odds': 18.2, 'circle_concentration': 63.9, 'eligible_count': 6, 'bet_adj': 2, 'reason': 'rel_win1=59.8%（本命度） / 最有力組み合わせ確率: 0.073（推定実オッズ?18倍） / 2着集中度: 上位2艇 63.9%（補正+0.00） / 総合判定確率: 0.073 / → ヒモ分散。1号艇1着固定で広めのヒモ流し推奨（買い目+2点）', 'tenji_trigger': '展示確認: ヒモ分散レース。1号艇伸び確認後、広めのヒモ流しを採用。穴ヒモ（5・6号艇）を積極的に含める。\n展示で1号艇スタート超安定(0.128秒)→ヒモ固まり方向に注意'}",,,28,逃げ狙い,20.6,26,3,,,,,,,,,,,
2025-06-24,丸亀,9,4,清水攻二,A2,33.88,4,,4.9642,22.2,78,53.8,0.1706,3.9308,,,0,低,151,0,-,,0,44.9,0.9362,0,0,0,0.0323,0,0.0615,0.1473,0.2176,,,D,,◎,0.1119,0.5585,0.229,0.7369,S,80,0,◎1着固定 2-3着流し（5〜8点）,0.5777,"{'is_target': True, 'verdict': '参加推奨', 'max_combo_prob': 0.0733, 'est_top_odds': 18.2, 'circle_concentration': 63.9, 'eligible_count': 6, 'bet_adj': 2, 'reason': 'rel_win1=59.8%（本命度） / 最有力組み合わせ確率: 0.073（推定実オッズ?18倍） / 2着集中度: 上位2艇 63.9%（補正+0.00） / 総合判定確率: 0.073 / → ヒモ分散。1号艇1着固定で広めのヒモ流し推奨（買い目+2点）', 'tenji_trigger': '展示確認: ヒモ分散レース。1号艇伸び確認後、広めのヒモ流しを採用。穴ヒモ（5・6号艇）を積極的に含める。\n展示で1号艇スタート超安定(0.128秒)→ヒモ固まり方向に注意'}",,,28,逃げ狙い,20.6,26,3,,,,,,,,,,,
2025-06-24,丸亀,9,5,仲　航太,B1,32.58,5,,5.9994,8.1,79,54,0.1765,4.0541,,,0,低,93,0,ま0% 差ま0%,,0,28.9,1.4874,0,0,0.0625,0.0625,0,0.16,0.12,0.12,,,D,,,0.1418,0.554,,0.7369,S,80,0,◎1着固定 2-3着流し（5〜8点）,0.5777,"{'is_target': True, 'verdict': '参加推奨', 'max_combo_prob': 0.0733, 'est_top_odds': 18.2, 'circle_concentration': 63.9, 'eligible_count': 6, 'bet_adj': 2, 'reason': 'rel_win1=59.8%（本命度） / 最有力組み合わせ確率: 0.073（推定実オッズ?18倍） / 2着集中度: 上位2艇 63.9%（補正+0.00） / 総合判定確率: 0.073 / → ヒモ分散。1号艇1着固定で広めのヒモ流し推奨（買い目+2点）', 'tenji_trigger': '展示確認: ヒモ分散レース。1号艇伸び確認後、広めのヒモ流しを採用。穴ヒモ（5・6号艇）を積極的に含める。\n展示で1号艇スタート超安定(0.128秒)→ヒモ固まり方向に注意'}",,,28,逃げ狙い,20.6,26,3,,,,,,,,,,,
2025-06-24,丸亀,9,6,中野仁照,A1,34.74,6,▲,0.8677,5.8,68,43.8,0.1378,3.0625,,,0,低,35,0,-,,0,88.6,1.6811,,,,,,0,0,0.3636,,,C,△,,0.2793,0.623,,0.7369,S,80,0,◎1着固定 2-3着流し（5〜8点）,0.5777,"{'is_target': True, 'verdict': '参加推奨', 'max_combo_prob': 0.0733, 'est_top_odds': 18.2, 'circle_concentration': 63.9, 'eligible_count': 6, 'bet_adj': 2, 'reason': 'rel_win1=59.8%（本命度） / 最有力組み合わせ確率: 0.073（推定実オッズ?18倍） / 2着集中度: 上位2艇 63.9%（補正+0.00） / 総合判定確率: 0.073 / → ヒモ分散。1号艇1着固定で広めのヒモ流し推奨（買い目+2点）', 'tenji_trigger': '展示確認: ヒモ分散レース。1号艇伸び確認後、広めのヒモ流しを採用。穴ヒモ（5・6号艇）を積極的に含める。\n展示で1号艇スタート超安定(0.128秒)→ヒモ固まり方向に注意'}",,,28,逃げ狙い,20.6,26,3,,,,,,,,,,,
2025-06-24,丸亀,10,1,村岡賢人,A1,34.43,1,◎,60.8734,,0,90.1,0.1132,2.2254,,,0,低,30,0,逃1%,,0,75.6,1.1653,0.5926,,,,,0.0148,0.1644,0.1941,◎,,C,◎,,,0.805,,0.6911,S,89,0,◎1着固定 2-3着流し（5〜8点）,0.5777,"{'is_target': True, 'verdict': '参加推奨', 'max_combo_prob': 0.0826, 'est_top_odds': 16.1, 'circle_concentration': 68.5, 'eligible_count': 6, 'bet_adj': 2, 'reason': 'rel_win1=60.9%（本命度） / 最有力組み合わせ確率: 0.083（推定実オッズ?16倍） / 2着集中度: 上位2艇 68.5%（補正+0.00） / 総合判定確率: 0.083 / → ヒモ分散。1号艇1着固定で広めのヒモ流し推奨（買い目+2点）', 'tenji_trigger': '展示確認: ヒモ分散レース。1号艇伸び確認後、広めのヒモ流しを採用。穴ヒモ（5・6号艇）を積極的に含める。\n展示で1号艇スタート超安定(0.113秒)→ヒモ固まり方向に注意'}",,,26.7,逃げ狙い,15.36,26.7,3,,,,,0,0,0.7559,0,,逃げ軸流し,A
2025-06-24,丸亀,10,2,谷村一哉,A2,33.16,2,,10.6784,35.3,90,66.7,0.1515,3.4744,,,0,低,78,0,-,,0,95.1,1.8774,0,0.1111,0,0,0.0556,0.0542,0.0708,0.1083,,,D,△,,0.0772,0.642,,0.6911,S,89,0,◎1着固定 2-3着流し（5〜8点）,0.5777,"{'is_target': True, 'verdict': '参加推奨', 'max_combo_prob': 0.0826, 'est_top_odds': 16.1, 'circle_concentration': 68.5, 'eligible_count': 6, 'bet_adj': 2, 'reason': 'rel_win1=60.9%（本命度） / 最有力組み合わせ確率: 0.083（推定実オッズ?16倍） / 2着集中度: 上位2艇 68.5%（補正+0.00） / 総合判定確率: 0.083 / → ヒモ分散。1号艇1着固定で広めのヒモ流し推奨（買い目+2点）', 'tenji_trigger': '展示確認: ヒモ分散レース。1号艇伸び確認後、広めのヒモ流しを採用。穴ヒモ（5・6号艇）を積極的に含める。\n展示で1号艇スタート超安定(0.113秒)→ヒモ固まり方向に注意'}",,,26.7,逃げ狙い,15.36,26.7,3,,,,,,,,,,,
2025-06-24,丸亀,10,3,樋口　亮,A2,29.51,3,,12.7339,33.2,84,68.4,0.1614,3.3333,,,0,低,133,0,-,,0,52.2,1.3496,0,0.0455,0.0455,0.0455,0,0.2161,0.0805,0.0276,,,E,,,0.1293,0.601,,0.6911,S,89,0,◎1着固定 2-3着流し（5〜8点）,0.5777,"{'is_target': True, 'verdict': '参加推奨', 'max_combo_prob': 0.0826, 'est_top_odds': 16.1, 'circle_concentration': 68.5, 'eligible_count': 6, 'bet_adj': 2, 'reason': 'rel_win1=60.9%（本命度） / 最有力組み合わせ確率: 0.083（推定実オッズ?16倍） / 2着集中度: 上位2艇 68.5%（補正+0.00） / 総合判定確率: 0.083 / → ヒモ分散。1号艇1着固定で広めのヒモ流し推奨（買い目+2点）', 'tenji_trigger': '展示確認: ヒモ分散レース。1号艇伸び確認後、広めのヒモ流しを採用。穴ヒモ（5・6号艇）を積極的に含める。\n展示で1号艇スタート超安定(0.113秒)→ヒモ固まり方向に注意'}",,,26.7,逃げ狙い,15.36,26.7,3,,,,,,,,,,,
2025-06-24,丸亀,10,4,鈴木雅希,B1,40.76,4,▲,8.4512,14.4,100,51.6,0.136,2.879,,,0,低,98,0,差ま0% 抜0%,,0,43.2,1.0777,0,0,0,0.0968,0.0323,0.048,0.064,0.296,,,C,,◎,0.2339,0.6285,0.3243,0.6911,S,89,0,◎1着固定 2-3着流し（5〜8点）,0.5777,"{'is_target': True, 'verdict': '参加推奨', 'max_combo_prob': 0.0826, 'est_top_odds': 16.1, 'circle_concentration': 68.5, 'eligible_count': 6, 'bet_adj': 2, 'reason': 'rel_win1=60.9%（本命度） / 最有力組み合わせ確率: 0.083（推定実オッズ?16倍） / 2着集中度: 上位2艇 68.5%（補正+0.00） / 総合判定確率: 0.083 / → ヒモ分散。1号艇1着固定で広めのヒモ流し推奨（買い目+2点）', 'tenji_trigger': '展示確認: ヒモ分散レース。1号艇伸び確認後、広めのヒモ流しを採用。穴ヒモ（5・6号艇）を積極的に含める。\n展示で1号艇スタート超安定(0.113秒)→ヒモ固まり方向に注意'}",,,26.7,逃げ狙い,15.36,26.7,3,,,,,,,,,,,
2025-06-24,丸亀,10,5,中村晃朋,A1,49.15,5,○,5.2786,14.5,34,34.2,0.1432,3.4474,,,0,低,56,0,-,,0,100,2.9505,0,0,0,0.0909,0,0.1745,0,0.1564,,,A,○,,0.2238,0.678,,0.6911,S,89,0,◎1着固定 2-3着流し（5〜8点）,0.5777,"{'is_target': True, 'verdict': '参加推奨', 'max_combo_prob': 0.0826, 'est_top_odds': 16.1, 'circle_concentration': 68.5, 'eligible_count': 6, 'bet_adj': 2, 'reason': 'rel_win1=60.9%（本命度） / 最有力組み合わせ確率: 0.083（推定実オッズ?16倍） / 2着集中度: 上位2艇 68.5%（補正+0.00） / 総合判定確率: 0.083 / → ヒモ分散。1号艇1着固定で広めのヒモ流し推奨（買い目+2点）', 'tenji_trigger': '展示確認: ヒモ分散レース。1号艇伸び確認後、広めのヒモ流しを採用。穴ヒモ（5・6号艇）を積極的に含める。\n展示で1号艇スタート超安定(0.113秒)→ヒモ固まり方向に注意'}",,,26.7,逃げ狙い,15.36,26.7,3,,,,,,,,,,,
2025-06-24,丸亀,10,6,森晋太郎,B1,43.09,6,△,1.9846,2.6,42,19.1,0.1424,3.0952,,,0,低,64,0,ま0%,,0,32.9,0.8853,0,0,0.0556,0,0,0,0.2,0.1333,,,B,△,,0.2217,0.6435,,0.6911,S,89,0,◎1着固定 2-3着流し（5〜8点）,0.5777,"{'is_target': True, 'verdict': '参加推奨', 'max_combo_prob': 0.0826, 'est_top_odds': 16.1, 'circle_concentration': 68.5, 'eligible_count': 6, 'bet_adj': 2, 'reason': 'rel_win1=60.9%（本命度） / 最有力組み合わせ確率: 0.083（推定実オッズ?16倍） / 2着集中度: 上位2艇 68.5%（補正+0.00） / 総合判定確率: 0.083 / → ヒモ分散。1号艇1着固定で広めのヒモ流し推奨（買い目+2点）', 'tenji_trigger': '展示確認: ヒモ分散レース。1号艇伸び確認後、広めのヒモ流しを採用。穴ヒモ（5・6号艇）を積極的に含める。\n展示で1号艇スタート超安定(0.113秒)→ヒモ固まり方向に注意'}",,,26.7,逃げ狙い,15.36,26.7,3,,,,,,,,,,,
2025-06-24,丸亀,11,1,木谷賢太,A1,34.25,1,◎,54.4621,,0,90,0.1334,2.6357,,,0,低,107,0,逃1%,,0,76.6,1.0616,0.7429,,,,,0.0343,0.0114,0.1957,◎,,C,○,,,0.663,,0.5994,A,78,0,◎-○軸 3着3〜4艇流し（10〜15点）,0.5777,"{'is_target': True, 'verdict': '参加推奨', 'max_combo_prob': 0.074, 'est_top_odds': 18.0, 'circle_concentration': 66.0, 'eligible_count': 8, 'bet_adj': 2, 'reason': 'rel_win1=54.5%（本命度） / 最有力組み合わせ確率: 0.074（推定実オッズ?18倍） / 2着集中度: 上位2艇 66.0%（補正+0.00） / 総合判定確率: 0.074 / → ヒモ分散。1号艇1着固定で広めのヒモ流し推奨（買い目+2点）', 'tenji_trigger': '展示確認: ヒモ分散レース。1号艇伸び確認後、広めのヒモ流しを採用。穴ヒモ（5・6号艇）を積極的に含める。\n展示で1号艇スタート超安定(0.133秒)→ヒモ固まり方向に注意'}",,,28.2,逃げ狙い,22.3,25.1,4,,,,,0,0,0.7559,0,,逃げ軸流し,A
2025-06-24,丸亀,11,2,横澤剛治,A1,38.95,2,○,16.9438,45.3,53,70.8,0.1498,3.3958,,,0,低,96,0,差0% ま0%,,0,58.6,1.1816,0,0.0952,0.0952,0,0,0.0167,0.0667,0.1533,,,B,◎,,0.1585,0.666,,0.5994,A,78,0,◎-○軸 3着3〜4艇流し（10〜15点）,0.5777,"{'is_target': True, 'verdict': '参加推奨', 'max_combo_prob': 0.074, 'est_top_odds': 18.0, 'circle_concentration': 66.0, 'eligible_count': 8, 'bet_adj': 2, 'reason': 'rel_win1=54.5%（本命度） / 最有力組み合わせ確率: 0.074（推定実オッズ?18倍） / 2着集中度: 上位2艇 66.0%（補正+0.00） / 総合判定確率: 0.074 / → ヒモ分散。1号艇1着固定で広めのヒモ流し推奨（買い目+2点）', 'tenji_trigger': '展示確認: ヒモ分散レース。1号艇伸び確認後、広めのヒモ流しを採用。穴ヒモ（5・6号艇）を積極的に含める。\n展示で1号艇スタート超安定(0.133秒)→ヒモ固まり方向に注意'}",,,28.2,逃げ狙い,22.3,25.1,4,,,,,,,,,,,
2025-06-24,丸亀,11,3,松井友汰,A2,36.81,3,▲,9.967,20.8,100,68,0.1466,3.25,,,0,低,110,0,差0% 差ま0%,,0,52.7,1.1902,0,0.0455,0,0.0909,0,0.0182,0.2409,0.0182,,,B,,,0.23,0.558,,0.5994,A,78,0,◎-○軸 3着3〜4艇流し（10〜15点）,0.5777,"{'is_target': True, 'verdict': '参加推奨', 'max_combo_prob': 0.074, 'est_top_odds': 18.0, 'circle_concentration': 66.0, 'eligible_count': 8, 'bet_adj': 2, 'reason': 'rel_win1=54.5%（本命度） / 最有力組み合わせ確率: 0.074（推定実オッズ?18倍） / 2着集中度: 上位2艇 66.0%（補正+0.00） / 総合判定確率: 0.074 / → ヒモ分散。1号艇1着固定で広めのヒモ流し推奨（買い目+2点）', 'tenji_trigger': '展示確認: ヒモ分散レース。1号艇伸び確認後、広めのヒモ流しを採用。穴ヒモ（5・6号艇）を積極的に含める。\n展示で1号艇スタート超安定(0.133秒)→ヒモ固まり方向に注意'}",,,28.2,逃げ狙い,22.3,25.1,4,,,,,,,,,,,
2025-06-24,丸亀,11,4,丹下　将,A2,27.37,4,,10.4719,16.4,96,61.3,0.1497,2.8871,,,0,低,115,0,-,,0,37.1,0.8343,0,0,0.1923,0.1154,0,0.0588,0.2067,0.1445,,,D,△,◎,0.2712,0.66,0.3286,0.5994,A,78,0,◎-○軸 3着3〜4艇流し（10〜15点）,0.5777,"{'is_target': True, 'verdict': '参加推奨', 'max_combo_prob': 0.074, 'est_top_odds': 18.0, 'circle_concentration': 66.0, 'eligible_count': 8, 'bet_adj': 2, 'reason': 'rel_win1=54.5%（本命度） / 最有力組み合わせ確率: 0.074（推定実オッズ?18倍） / 2着集中度: 上位2艇 66.0%（補正+0.00） / 総合判定確率: 0.074 / → ヒモ分散。1号艇1着固定で広めのヒモ流し推奨（買い目+2点）', 'tenji_trigger': '展示確認: ヒモ分散レース。1号艇伸び確認後、広めのヒモ流しを採用。穴ヒモ（5・6号艇）を積極的に含める。\n展示で1号艇スタート超安定(0.133秒)→ヒモ固まり方向に注意'}",,,28.2,逃げ狙い,22.3,25.1,4,,,,,,,,,,,
2025-06-24,丸亀,11,5,島田賢人,A1,36.57,5,△,6.8888,16.1,97,60.3,0.1467,3.1121,,,0,低,92,0,ま0% 抜0%,,0,91.3,1.6579,0,0,0.04,0,0.04,0,0.125,0.125,,,C,△,○,0.2381,0.634,0.284,0.5994,A,78,0,◎-○軸 3着3〜4艇流し（10〜15点）,0.5777,"{'is_target': True, 'verdict': '参加推奨', 'max_combo_prob': 0.074, 'est_top_odds': 18.0, 'circle_concentration': 66.0, 'eligible_count': 8, 'bet_adj': 2, 'reason': 'rel_win1=54.5%（本命度） / 最有力組み合わせ確率: 0.074（推定実オッズ?18倍） / 2着集中度: 上位2艇 66.0%（補正+0.00） / 総合判定確率: 0.074 / → ヒモ分散。1号艇1着固定で広めのヒモ流し推奨（買い目+2点）', 'tenji_trigger': '展示確認: ヒモ分散レース。1号艇伸び確認後、広めのヒモ流しを採用。穴ヒモ（5・6号艇）を積極的に含める。\n展示で1号艇スタート超安定(0.133秒)→ヒモ固まり方向に注意'}",,,28.2,逃げ狙い,22.3,25.1,4,,,,,,,,,,,
2025-06-24,丸亀,11,6,田川大貴,A2,26.63,6,,1.2664,1.5,40,17,0.1517,3.6356,,,0,低,91,0,-,,0,28.2,0.6086,,,,,,0.1434,0.0774,0.1003,,,E,,,0.2551,0.616,,0.5994,A,78,0,◎-○軸 3着3〜4艇流し（10〜15点）,0.5777,"{'is_target': True, 'verdict': '参加推奨', 'max_combo_prob': 0.074, 'est_top_odds': 18.0, 'circle_concentration': 66.0, 'eligible_count': 8, 'bet_adj': 2, 'reason': 'rel_win1=54.5%（本命度） / 最有力組み合わせ確率: 0.074（推定実オッズ?18倍） / 2着集中度: 上位2艇 66.0%（補正+0.00） / 総合判定確率: 0.074 / → ヒモ分散。1号艇1着固定で広めのヒモ流し推奨（買い目+2点）', 'tenji_trigger': '展示確認: ヒモ分散レース。1号艇伸び確認後、広めのヒモ流しを採用。穴ヒモ（5・6号艇）を積極的に含める。\n展示で1号艇スタート超安定(0.133秒)→ヒモ固まり方向に注意'}",,,28.2,逃げ狙い,22.3,25.1,4,,,,,,,,,,,
2025-06-24,丸亀,12,1,菊地孝平,A1,39.06,1,◎,55.1296,,0,88.9,0.1056,2.1944,,,0,低,10,0,-,,0,70.7,0.9576,0.8,,,,,0.12,0.04,0.02,◎,,A,◎,,,0.82,,0.7119,S,100,0,◎1着固定 2-3着流し（5〜8点）,0.5777,"{'is_target': True, 'verdict': '参加推奨', 'max_combo_prob': 0.0727, 'est_top_odds': 18.4, 'circle_concentration': 58.9, 'eligible_count': 6, 'bet_adj': 2, 'reason': 'rel_win1=55.1%（本命度） / 最有力組み合わせ確率: 0.073（推定実オッズ?18倍） / 2着集中度: 上位2艇 58.9%（補正+0.00） / 総合判定確率: 0.073 / → ヒモ分散。1号艇1着固定で広めのヒモ流し推奨（買い目+2点）', 'tenji_trigger': '展示確認: ヒモ分散レース。1号艇伸び確認後、広めのヒモ流しを採用。穴ヒモ（5・6号艇）を積極的に含める。\n展示で1号艇スタート超安定(0.106秒)→ヒモ固まり方向に注意'}",,,29.8,逃げ狙い,28.29,24.3,3,,,,,0,0,0.7559,0,,逃げ軸流し,A
2025-06-24,丸亀,12,2,山田祐也,A1,26.17,2,,12.7164,39.5,71,82.9,0.1689,3.5,,,0,低,53,0,-,,0,85.9,0.766,0,0.1875,0,0,0,0,0.0455,0.1364,,,E,○,,0.0939,0.663,,0.7119,S,100,0,◎1着固定 2-3着流し（5〜8点）,0.5777,"{'is_target': True, 'verdict': '参加推奨', 'max_combo_prob': 0.0727, 'est_top_odds': 18.4, 'circle_concentration': 58.9, 'eligible_count': 6, 'bet_adj': 2, 'reason': 'rel_win1=55.1%（本命度） / 最有力組み合わせ確率: 0.073（推定実オッズ?18倍） / 2着集中度: 上位2艇 58.9%（補正+0.00） / 総合判定確率: 0.073 / → ヒモ分散。1号艇1着固定で広めのヒモ流し推奨（買い目+2点）', 'tenji_trigger': '展示確認: ヒモ分散レース。1号艇伸び確認後、広めのヒモ流しを採用。穴ヒモ（5・6号艇）を積極的に含める。\n展示で1号艇スタート超安定(0.106秒)→ヒモ固まり方向に注意'}",,,29.8,逃げ狙い,28.29,24.3,3,,,,,,,,,,,
2025-06-24,丸亀,12,3,佐々木完,A1,30.81,3,▲,12.7128,18.6,100,88,0.1524,3.22,,,0,低,55,0,差ま0%,,0,80,1.545,0,0,0,0.1667,0,0.0222,0.0222,0.2667,,,C,,,0.1406,0.632,,0.7119,S,100,0,◎1着固定 2-3着流し（5〜8点）,0.5777,"{'is_target': True, 'verdict': '参加推奨', 'max_combo_prob': 0.0727, 'est_top_odds': 18.4, 'circle_concentration': 58.9, 'eligible_count': 6, 'bet_adj': 2, 'reason': 'rel_win1=55.1%（本命度） / 最有力組み合わせ確率: 0.073（推定実オッズ?18倍） / 2着集中度: 上位2艇 58.9%（補正+0.00） / 総合判定確率: 0.073 / → ヒモ分散。1号艇1着固定で広めのヒモ流し推奨（買い目+2点）', 'tenji_trigger': '展示確認: ヒモ分散レース。1号艇伸び確認後、広めのヒモ流しを採用。穴ヒモ（5・6号艇）を積極的に含める。\n展示で1号艇スタート超安定(0.106秒)→ヒモ固まり方向に注意'}",,,29.8,逃げ狙い,28.29,24.3,3,,,,,,,,,,,
2025-06-24,丸亀,12,4,豊田健士,A1,33.51,4,○,11.5211,19.3,57,72,0.148,2.56,,,0,低,48,0,差ま0%,,0,86.5,1.4887,0,0,0,0.1111,0,0.0952,0.0952,0.0952,,,B,△,◎,0.133,0.6615,0.3919,0.7119,S,100,0,◎1着固定 2-3着流し（5〜8点）,0.5777,"{'is_target': True, 'verdict': '参加推奨', 'max_combo_prob': 0.0727, 'est_top_odds': 18.4, 'circle_concentration': 58.9, 'eligible_count': 6, 'bet_adj': 2, 'reason': 'rel_win1=55.1%（本命度） / 最有力組み合わせ確率: 0.073（推定実オッズ?18倍） / 2着集中度: 上位2艇 58.9%（補正+0.00） / 総合判定確率: 0.073 / → ヒモ分散。1号艇1着固定で広めのヒモ流し推奨（買い目+2点）', 'tenji_trigger': '展示確認: ヒモ分散レース。1号艇伸び確認後、広めのヒモ流しを採用。穴ヒモ（5・6号艇）を積極的に含める。\n展示で1号艇スタート超安定(0.106秒)→ヒモ固まり方向に注意'}",,,29.8,逃げ狙い,28.29,24.3,3,,,,,,,,,,,
2025-06-24,丸亀,12,5,杉山裕也,A1,26.25,5,△,5.6618,17.1,66,52.2,0.1443,2.9891,,,0,低,84,0,差ま0%,,0,31.9,1.4721,0,0,0,0.15,0,0,0.2625,0.1375,,,D,△,○,0.1857,0.6625,0.3902,0.7119,S,100,0,◎1着固定 2-3着流し（5〜8点）,0.5777,"{'is_target': True, 'verdict': '参加推奨', 'max_combo_prob': 0.0727, 'est_top_odds': 18.4, 'circle_concentration': 58.9, 'eligible_count': 6, 'bet_adj': 2, 'reason': 'rel_win1=55.1%（本命度） / 最有力組み合わせ確率: 0.073（推定実オッズ?18倍） / 2着集中度: 上位2艇 58.9%（補正+0.00） / 総合判定確率: 0.073 / → ヒモ分散。1号艇1着固定で広めのヒモ流し推奨（買い目+2点）', 'tenji_trigger': '展示確認: ヒモ分散レース。1号艇伸び確認後、広めのヒモ流しを採用。穴ヒモ（5・6号艇）を積極的に含める。\n展示で1号艇スタート超安定(0.106秒)→ヒモ固まり方向に注意'}",,,29.8,逃げ狙い,28.29,24.3,3,,,,,,,,,,,
2025-06-24,丸亀,12,6,西岡顕心,A1,31.75,6,,2.2584,5.4,77,57.1,0.1771,4.1857,,,0,低,55,0,-,,0,35.2,0.8528,,,,,,0,0.0714,0,,,C,,,0.1353,0.6245,,0.7119,S,100,0,◎1着固定 2-3着流し（5〜8点）,0.5777,"{'is_target': True, 'verdict': '参加推奨', 'max_combo_prob': 0.0727, 'est_top_odds': 18.4, 'circle_concentration': 58.9, 'eligible_count': 6, 'bet_adj': 2, 'reason': 'rel_win1=55.1%（本命度） / 最有力組み合わせ確率: 0.073（推定実オッズ?18倍） / 2着集中度: 上位2艇 58.9%（補正+0.00） / 総合判定確率: 0.073 / → ヒモ分散。1号艇1着固定で広めのヒモ流し推奨（買い目+2点）', 'tenji_trigger': '展示確認: ヒモ分散レース。1号艇伸び確認後、広めのヒモ流しを採用。穴ヒモ（5・6号艇）を積極的に含める。\n展示で1号艇スタート超安定(0.106秒)→ヒモ固まり方向に注意'}",,,29.8,逃げ狙い,28.29,24.3,3,,,,,,,,,,,
2025-06-25,丸亀,1,1,岡本　猛,B1,28.49,1,◎,52.9575,,0,81.1,0.1719,3.8514,,,0,低,92,0,-,5,0,88.5,1.1765,0.5,,,,,0.125,0.375,0,△,,D,△,,,0.6305,,0.3023,A,62,0,◎-○軸 3着3〜4艇流し（10〜15点）,0.5777,"{'is_target': True, 'verdict': '参加推奨', 'max_combo_prob': 0.0613, 'est_top_odds': 21.8, 'circle_concentration': 68.8, 'eligible_count': 8, 'bet_adj': 2, 'reason': 'rel_win1=53.0%（本命度） / 最有力組み合わせ確率: 0.061（推定実オッズ?22倍） / 2着集中度: 上位2艇 68.8%（補正+0.00） / 総合判定確率: 0.061 / → ヒモ分散。1号艇1着固定で広めのヒモ流し推奨（買い目+2点）', 'tenji_trigger': '展示確認: ヒモ分散レース。1号艇伸び確認後、広めのヒモ流しを採用。穴ヒモ（5・6号艇）を積極的に含める。'}",,,29.9,両建て推奨,16.38,34.8,3,2-1-3|2-1-4|1-2-4|1-2-3|1-3-4|1-3-2|1-4-2,2-1-3|2-1-4|5-1-6|5-6-1|4-3-1|4-5-6|4-5-1|1-2-4|1-2-3|1-3-4|1-3-2|1-4-2,2-1-3:2.75%|2-1-4:2.45%|1-2-4:8.31%|1-2-3:6.06%|1-3-4:5.51%|1-3-2:4.56%|1-4-2:4.38%,2-1-3:B_main|2-1-4:B_main|1-2-4:A|1-2-3:A|1-3-4:A|1-3-2:A|1-4-2:A,7,12,0.4535,1,[!]見送り推奨（主役決まり手「差し」― 逃げ劣勢レースで的中実績なし）,荒れ広め,D
2025-06-25,丸亀,1,2,垂水　悠,B1,38.17,2,○,11.1741,39.6,99,53.8,0.1518,2.7949,,,0,低,36,0,-,3,0,41.1,0.78,0,0.0625,0,0,0,0.3077,0.2308,0.2308,,◎,B,○,,0.514,0.632,,0.3023,A,62,0,◎-○軸 3着3〜4艇流し（10〜15点）,0.5777,"{'is_target': True, 'verdict': '参加推奨', 'max_combo_prob': 0.0613, 'est_top_odds': 21.8, 'circle_concentration': 68.8, 'eligible_count': 8, 'bet_adj': 2, 'reason': 'rel_win1=53.0%（本命度） / 最有力組み合わせ確率: 0.061（推定実オッズ?22倍） / 2着集中度: 上位2艇 68.8%（補正+0.00） / 総合判定確率: 0.061 / → ヒモ分散。1号艇1着固定で広めのヒモ流し推奨（買い目+2点）', 'tenji_trigger': '展示確認: ヒモ分散レース。1号艇伸び確認後、広めのヒモ流しを採用。穴ヒモ（5・6号艇）を積極的に含める。'}",,,29.9,両建て推奨,16.38,34.8,3,,,,,,,,,,,
2025-06-25,丸亀,1,3,峰重侑治,B1,29.07,3,,12.6258,29.3,100,52.9,0.1743,3.4804,,,0,低,114,0,差0%,3,0,50.3,1.0731,0,0.0625,0,0,0,0.2267,0.0533,0,,,D,,,0.2754,0.6135,,0.3023,A,62,0,◎-○軸 3着3〜4艇流し（10〜15点）,0.5777,"{'is_target': True, 'verdict': '参加推奨', 'max_combo_prob': 0.0613, 'est_top_odds': 21.8, 'circle_concentration': 68.8, 'eligible_count': 8, 'bet_adj': 2, 'reason': 'rel_win1=53.0%（本命度） / 最有力組み合わせ確率: 0.061（推定実オッズ?22倍） / 2着集中度: 上位2艇 68.8%（補正+0.00） / 総合判定確率: 0.061 / → ヒモ分散。1号艇1着固定で広めのヒモ流し推奨（買い目+2点）', 'tenji_trigger': '展示確認: ヒモ分散レース。1号艇伸び確認後、広めのヒモ流しを採用。穴ヒモ（5・6号艇）を積極的に含める。'}",,,29.9,両建て推奨,16.38,34.8,3,,,,,,,,,,,
2025-06-25,丸亀,1,4,仲　航太,B1,32.58,4,▲,14.7398,22.3,94,59.1,0.1536,3.0227,,,0,低,93,0,ま0%,34,0,79.7,1.4123,0,0,0.1333,0,0,0.16,0.12,0.12,,,C,,◎,0.387,0.554,0.4182,0.3023,A,62,0,◎-○軸 3着3〜4艇流し（10〜15点）,0.5777,"{'is_target': True, 'verdict': '参加推奨', 'max_combo_prob': 0.0613, 'est_top_odds': 21.8, 'circle_concentration': 68.8, 'eligible_count': 8, 'bet_adj': 2, 'reason': 'rel_win1=53.0%（本命度） / 最有力組み合わせ確率: 0.061（推定実オッズ?22倍） / 2着集中度: 上位2艇 68.8%（補正+0.00） / 総合判定確率: 0.061 / → ヒモ分散。1号艇1着固定で広めのヒモ流し推奨（買い目+2点）', 'tenji_trigger': '展示確認: ヒモ分散レース。1号艇伸び確認後、広めのヒモ流しを採用。穴ヒモ（5・6号艇）を積極的に含める。'}",,,29.9,両建て推奨,16.38,34.8,3,,,,,,,,,,,
2025-06-25,丸亀,1,5,間嶋仁志,B1,34.29,5,,7.1907,8.5,88,0,0.27,6,,,0,低,136,1,-,5,0,26.1,0.775,,,,,,0.048,0.048,0.412,,,C,△,,0.1347,0.6285,,0.3023,A,62,0,◎-○軸 3着3〜4艇流し（10〜15点）,0.5777,"{'is_target': True, 'verdict': '参加推奨', 'max_combo_prob': 0.0613, 'est_top_odds': 21.8, 'circle_concentration': 68.8, 'eligible_count': 8, 'bet_adj': 2, 'reason': 'rel_win1=53.0%（本命度） / 最有力組み合わせ確率: 0.061（推定実オッズ?22倍） / 2着集中度: 上位2艇 68.8%（補正+0.00） / 総合判定確率: 0.061 / → ヒモ分散。1号艇1着固定で広めのヒモ流し推奨（買い目+2点）', 'tenji_trigger': '展示確認: ヒモ分散レース。1号艇伸び確認後、広めのヒモ流しを採用。穴ヒモ（5・6号艇）を積極的に含める。'}",,,29.9,両建て推奨,16.38,34.8,3,,,,,,,,,,,
2025-06-25,丸亀,1,6,沖島広和,B1,37.64,6,△,1.3121,0.4,60,13.7,0.1886,4.402,,,0,低,143,0,-,2,0,39.3,0.7889,,,,,,0.2615,0.0308,0.1769,,,B,◎,,0.2569,0.637,,0.3023,A,62,0,◎-○軸 3着3〜4艇流し（10〜15点）,0.5777,"{'is_target': True, 'verdict': '参加推奨', 'max_combo_prob': 0.0613, 'est_top_odds': 21.8, 'circle_concentration': 68.8, 'eligible_count': 8, 'bet_adj': 2, 'reason': 'rel_win1=53.0%（本命度） / 最有力組み合わせ確率: 0.061（推定実オッズ?22倍） / 2着集中度: 上位2艇 68.8%（補正+0.00） / 総合判定確率: 0.061 / → ヒモ分散。1号艇1着固定で広めのヒモ流し推奨（買い目+2点）', 'tenji_trigger': '展示確認: ヒモ分散レース。1号艇伸び確認後、広めのヒモ流しを採用。穴ヒモ（5・6号艇）を積極的に含める。'}",,,29.9,両建て推奨,16.38,34.8,3,,,,,,,,,,,
2025-06-25,丸亀,2,1,山崎　祥,B1,31.87,1,◎,58.0901,,0,85.4,0.1746,3.9634,,,0,低,131,0,逃1%,6,0,69.5,1.106,0.6111,,,,,0.3238,0,0.0667,○,,C,,,,0.5955,,0.3649,S,95,0,◎1着固定 2-3着流し（5〜8点）,0.5777,"{'is_target': True, 'verdict': '参加推奨', 'max_combo_prob': 0.0686, 'est_top_odds': 19.4, 'circle_concentration': 69.1, 'eligible_count': 6, 'bet_adj': 2, 'reason': 'rel_win1=58.1%（本命度） / 最有力組み合わせ確率: 0.069（推定実オッズ?19倍） / 2着集中度: 上位2艇 69.1%（補正+0.00） / 総合判定確率: 0.069 / → ヒモ分散。1号艇1着固定で広めのヒモ流し推奨（買い目+2点）', 'tenji_trigger': '展示確認: ヒモ分散レース。1号艇伸び確認後、広めのヒモ流しを採用。穴ヒモ（5・6号艇）を積極的に含める。'}",,,32.9,逃げ狙い,10.81,34,3,,,,,0,0,0.6155,0,,逃げ軸流し,A
2025-06-25,丸亀,2,2,片岡秀樹,B1,38.74,2,○,8.9024,37.1,83,48.3,0.148,3.2,,,0,低,85,0,差0%,6,0,98,0.8066,0,0.1,0,0,0,0.2778,0.3889,0.1111,,◎,B,△,,0.5723,0.6405,,0.3649,S,95,0,◎1着固定 2-3着流し（5〜8点）,0.5777,"{'is_target': True, 'verdict': '参加推奨', 'max_combo_prob': 0.0686, 'est_top_odds': 19.4, 'circle_concentration': 69.1, 'eligible_count': 6, 'bet_adj': 2, 'reason': 'rel_win1=58.1%（本命度） / 最有力組み合わせ確率: 0.069（推定実オッズ?19倍） / 2着集中度: 上位2艇 69.1%（補正+0.00） / 総合判定確率: 0.069 / → ヒモ分散。1号艇1着固定で広めのヒモ流し推奨（買い目+2点）', 'tenji_trigger': '展示確認: ヒモ分散レース。1号艇伸び確認後、広めのヒモ流しを採用。穴ヒモ（5・6号艇）を積極的に含める。'}",,,32.9,逃げ狙い,10.81,34,3,,,,,,,,,,,
2025-06-25,丸亀,2,3,上之晃弘,B1,36.67,3,▲,14.0846,32.1,56,49.3,0.167,3.5141,,,0,低,123,0,ま0%,54,0,39.9,1.0998,0,0,0.1071,0,0,0.0545,0.0727,0.2045,,,C,△,,0.3378,0.659,,0.3649,S,95,0,◎1着固定 2-3着流し（5〜8点）,0.5777,"{'is_target': True, 'verdict': '参加推奨', 'max_combo_prob': 0.0686, 'est_top_odds': 19.4, 'circle_concentration': 69.1, 'eligible_count': 6, 'bet_adj': 2, 'reason': 'rel_win1=58.1%（本命度） / 最有力組み合わせ確率: 0.069（推定実オッズ?19倍） / 2着集中度: 上位2艇 69.1%（補正+0.00） / 総合判定確率: 0.069 / → ヒモ分散。1号艇1着固定で広めのヒモ流し推奨（買い目+2点）', 'tenji_trigger': '展示確認: ヒモ分散レース。1号艇伸び確認後、広めのヒモ流しを採用。穴ヒモ（5・6号艇）を積極的に含める。'}",,,32.9,逃げ狙い,10.81,34,3,,,,,,,,,,,
2025-06-25,丸亀,2,4,古田祐貴,B1,29.44,4,,8.998,14.5,100,56.1,0.1494,2.9545,,,0,低,105,0,ま0%,2,0,83.6,1.6726,0,0.0333,0.0333,0,0,0.2088,0.1971,0.1338,,,D,,◎,0.3807,0.6265,0.3284,0.3649,S,95,0,◎1着固定 2-3着流し（5〜8点）,0.5777,"{'is_target': True, 'verdict': '参加推奨', 'max_combo_prob': 0.0686, 'est_top_odds': 19.4, 'circle_concentration': 69.1, 'eligible_count': 6, 'bet_adj': 2, 'reason': 'rel_win1=58.1%（本命度） / 最有力組み合わせ確率: 0.069（推定実オッズ?19倍） / 2着集中度: 上位2艇 69.1%（補正+0.00） / 総合判定確率: 0.069 / → ヒモ分散。1号艇1着固定で広めのヒモ流し推奨（買い目+2点）', 'tenji_trigger': '展示確認: ヒモ分散レース。1号艇伸び確認後、広めのヒモ流しを採用。穴ヒモ（5・6号艇）を積極的に含める。'}",,,32.9,逃げ狙い,10.81,34,3,,,,,,,,,,,
2025-06-25,丸亀,2,5,白井友晴,A2,40.66,5,△,7.2609,12.6,60,41,0.1749,3.7787,,,0,低,164,0,-,6,0,31.9,0.8274,0,0,0.0323,0.0323,0,0.1091,0.3491,0.0545,,,B,◎,,0.2849,0.671,,0.3649,S,95,0,◎1着固定 2-3着流し（5〜8点）,0.5777,"{'is_target': True, 'verdict': '参加推奨', 'max_combo_prob': 0.0686, 'est_top_odds': 19.4, 'circle_concentration': 69.1, 'eligible_count': 6, 'bet_adj': 2, 'reason': 'rel_win1=58.1%（本命度） / 最有力組み合わせ確率: 0.069（推定実オッズ?19倍） / 2着集中度: 上位2艇 69.1%（補正+0.00） / 総合判定確率: 0.069 / → ヒモ分散。1号艇1着固定で広めのヒモ流し推奨（買い目+2点）', 'tenji_trigger': '展示確認: ヒモ分散レース。1号艇伸び確認後、広めのヒモ流しを採用。穴ヒモ（5・6号艇）を積極的に含める。'}",,,32.9,逃げ狙い,10.81,34,3,,,,,,,,,,,
2025-06-25,丸亀,2,6,杉山裕也,A1,26.25,6,,2.6639,3.8,98,54.3,0.1537,3.8571,,,0,低,84,0,-,35,0,29.1,2.0611,,,,,,0,0.2625,0.1375,,,E,○,,0.38,0.6625,,0.3649,S,95,0,◎1着固定 2-3着流し（5〜8点）,0.5777,"{'is_target': True, 'verdict': '参加推奨', 'max_combo_prob': 0.0686, 'est_top_odds': 19.4, 'circle_concentration': 69.1, 'eligible_count': 6, 'bet_adj': 2, 'reason': 'rel_win1=58.1%（本命度） / 最有力組み合わせ確率: 0.069（推定実オッズ?19倍） / 2着集中度: 上位2艇 69.1%（補正+0.00） / 総合判定確率: 0.069 / → ヒモ分散。1号艇1着固定で広めのヒモ流し推奨（買い目+2点）', 'tenji_trigger': '展示確認: ヒモ分散レース。1号艇伸び確認後、広めのヒモ流しを採用。穴ヒモ（5・6号艇）を積極的に含める。'}",,,32.9,逃げ狙い,10.81,34,3,,,,,,,,,,,
2025-06-25,丸亀,3,1,吉川晴人,B1,38.04,1,◎,47.5473,,0,87.8,0.1496,3.4694,,,0,低,98,0,逃1%,11,0,72.9,1.09,0.65,,,,,0.02,0.02,0.1657,◎,,C,△,,,0.6235,,0.4821,A,77,0,◎-○軸 3着3〜4艇流し（10〜15点）,0.5777,"{'is_target': True, 'verdict': '参加推奨', 'max_combo_prob': 0.0505, 'est_top_odds': 26.4, 'circle_concentration': 62.1, 'eligible_count': 8, 'bet_adj': 2, 'reason': 'rel_win1=47.5%（本命度） / 最有力組み合わせ確率: 0.050（推定実オッズ?26倍） / 2着集中度: 上位2艇 62.1%（補正+0.00） / 総合判定確率: 0.050 / → ヒモ分散。1号艇1着固定で広めのヒモ流し推奨（買い目+2点）', 'tenji_trigger': '展示確認: ヒモ分散レース。1号艇伸び確認後、広めのヒモ流しを採用。穴ヒモ（5・6号艇）を積極的に含める。'}",,,27.3,逃げ狙い,20.01,24.5,2,,,,,0,0,0.7559,0,,逃げ軸流し,A
2025-06-25,丸亀,3,2,金山立樹,B1,47.51,2,○,18.5587,29.6,100,63.8,0.1796,3.7899,,,0,低,147,0,差0% ま0% 抜0%,2,0,43.7,1.1029,0,0.0714,0.1429,0,0.0714,0.3513,0.2185,0.0706,,,A,,,0.0745,0.565,,0.4821,A,77,0,◎-○軸 3着3〜4艇流し（10〜15点）,0.5777,"{'is_target': True, 'verdict': '参加推奨', 'max_combo_prob': 0.0505, 'est_top_odds': 26.4, 'circle_concentration': 62.1, 'eligible_count': 8, 'bet_adj': 2, 'reason': 'rel_win1=47.5%（本命度） / 最有力組み合わせ確率: 0.050（推定実オッズ?26倍） / 2着集中度: 上位2艇 62.1%（補正+0.00） / 総合判定確率: 0.050 / → ヒモ分散。1号艇1着固定で広めのヒモ流し推奨（買い目+2点）', 'tenji_trigger': '展示確認: ヒモ分散レース。1号艇伸び確認後、広めのヒモ流しを採用。穴ヒモ（5・6号艇）を積極的に含める。'}",,,27.3,逃げ狙い,20.01,24.5,2,,,,,,,,,,,
2025-06-25,丸亀,3,3,丹下　将,A2,27.37,3,△,13.5494,32.5,86,67.7,0.1529,3.3077,,,0,低,115,0,-,64,0,27.8,0.9125,0,0,0.1515,0.0303,0,0.0588,0.2067,0.1445,,,D,○,,0.2936,0.66,,0.4821,A,77,0,◎-○軸 3着3〜4艇流し（10〜15点）,0.5777,"{'is_target': True, 'verdict': '参加推奨', 'max_combo_prob': 0.0505, 'est_top_odds': 26.4, 'circle_concentration': 62.1, 'eligible_count': 8, 'bet_adj': 2, 'reason': 'rel_win1=47.5%（本命度） / 最有力組み合わせ確率: 0.050（推定実オッズ?26倍） / 2着集中度: 上位2艇 62.1%（補正+0.00） / 総合判定確率: 0.050 / → ヒモ分散。1号艇1着固定で広めのヒモ流し推奨（買い目+2点）', 'tenji_trigger': '展示確認: ヒモ分散レース。1号艇伸び確認後、広めのヒモ流しを採用。穴ヒモ（5・6号艇）を積極的に含める。'}",,,27.3,逃げ狙い,20.01,24.5,2,,,,,,,,,,,
2025-06-25,丸亀,3,4,澤　大介,B1,27.37,4,,9.4655,23,64,58.5,0.1673,3.4024,,,0,低,129,0,ま0% 差ま0%,5,0,54.2,1.2023,0,0,0.05,0.05,0,0.46,0.28,0.04,,,D,,◎,0.2202,0.5755,0.3269,0.4821,A,77,0,◎-○軸 3着3〜4艇流し（10〜15点）,0.5777,"{'is_target': True, 'verdict': '参加推奨', 'max_combo_prob': 0.0505, 'est_top_odds': 26.4, 'circle_concentration': 62.1, 'eligible_count': 8, 'bet_adj': 2, 'reason': 'rel_win1=47.5%（本命度） / 最有力組み合わせ確率: 0.050（推定実オッズ?26倍） / 2着集中度: 上位2艇 62.1%（補正+0.00） / 総合判定確率: 0.050 / → ヒモ分散。1号艇1着固定で広めのヒモ流し推奨（買い目+2点）', 'tenji_trigger': '展示確認: ヒモ分散レース。1号艇伸び確認後、広めのヒモ流しを採用。穴ヒモ（5・6号艇）を積極的に含める。'}",,,27.3,逃げ狙い,20.01,24.5,2,,,,,,,,,,,
2025-06-25,丸亀,3,5,藤山雅弘,B1,42.46,5,▲,9.9477,10.2,73,35.6,0.1732,3.4661,,,0,低,135,0,-,41,0,95.6,1.816,0,0,0.04,0.08,0,0.2371,0,0.0143,,,B,△,○,0.2201,0.6125,0.2665,0.4821,A,77,0,◎-○軸 3着3〜4艇流し（10〜15点）,0.5777,"{'is_target': True, 'verdict': '参加推奨', 'max_combo_prob': 0.0505, 'est_top_odds': 26.4, 'circle_concentration': 62.1, 'eligible_count': 8, 'bet_adj': 2, 'reason': 'rel_win1=47.5%（本命度） / 最有力組み合わせ確率: 0.050（推定実オッズ?26倍） / 2着集中度: 上位2艇 62.1%（補正+0.00） / 総合判定確率: 0.050 / → ヒモ分散。1号艇1着固定で広めのヒモ流し推奨（買い目+2点）', 'tenji_trigger': '展示確認: ヒモ分散レース。1号艇伸び確認後、広めのヒモ流しを採用。穴ヒモ（5・6号艇）を積極的に含める。'}",,,27.3,逃げ狙い,20.01,24.5,2,,,,,,,,,,,
2025-06-25,丸亀,3,6,木谷賢太,A1,34.25,6,,0.9314,4.7,69,41.5,0.1823,4.7736,,,0,低,107,0,-,21,0,40.9,1.1017,,,,,,0.0343,0.0114,0.1957,,,D,◎,,0.2081,0.663,,0.4821,A,77,0,◎-○軸 3着3〜4艇流し（10〜15点）,0.5777,"{'is_target': True, 'verdict': '参加推奨', 'max_combo_prob': 0.0505, 'est_top_odds': 26.4, 'circle_concentration': 62.1, 'eligible_count': 8, 'bet_adj': 2, 'reason': 'rel_win1=47.5%（本命度） / 最有力組み合わせ確率: 0.050（推定実オッズ?26倍） / 2着集中度: 上位2艇 62.1%（補正+0.00） / 総合判定確率: 0.050 / → ヒモ分散。1号艇1着固定で広めのヒモ流し推奨（買い目+2点）', 'tenji_trigger': '展示確認: ヒモ分散レース。1号艇伸び確認後、広めのヒモ流しを採用。穴ヒモ（5・6号艇）を積極的に含める。'}",,,27.3,逃げ狙い,20.01,24.5,2,,,,,,,,,,,
2025-06-25,丸亀,4,1,森晋太郎,B1,43.09,1,◎,56.9117,,0,80,0.1346,2.3143,,,0,低,64,0,逃1%,35,0,67.7,1.0457,0.6667,,,,,0,0.2,0.1333,◎,,B,△,,,0.6435,,0.5817,A,79,0,◎-○軸 3着3〜4艇流し（10〜15点）,0.5777,"{'is_target': True, 'verdict': '参加推奨', 'max_combo_prob': 0.06, 'est_top_odds': 22.2, 'circle_concentration': 62.2, 'eligible_count': 8, 'bet_adj': 2, 'reason': 'rel_win1=56.9%（本命度） / 最有力組み合わせ確率: 0.060（推定実オッズ?22倍） / 2着集中度: 上位2艇 62.2%（補正+0.00） / 総合判定確率: 0.060 / → ヒモ分散。1号艇1着固定で広めのヒモ流し推奨（買い目+2点）', 'tenji_trigger': '展示確認: ヒモ分散レース。1号艇伸び確認後、広めのヒモ流しを採用。穴ヒモ（5・6号艇）を積極的に含める。\n展示で1号艇スタート超安定(0.135秒)→ヒモ固まり方向に注意'}",,,26,逃げ狙い,12.09,27.5,4,,,,,0,0,0.7559,0,,逃げ軸流し,A
2025-06-25,丸亀,4,2,宮村勇哉,B1,30.00,2,△,11.3232,27.6,80,39.5,0.1498,3.4651,,,0,低,96,0,差0%,15,0,23,0.6841,0,0.1667,0,0,0,0.25,0.0833,0.25,,,E,,,0.1868,0.583,,0.5817,A,79,0,◎-○軸 3着3〜4艇流し（10〜15点）,0.5777,"{'is_target': True, 'verdict': '参加推奨', 'max_combo_prob': 0.06, 'est_top_odds': 22.2, 'circle_concentration': 62.2, 'eligible_count': 8, 'bet_adj': 2, 'reason': 'rel_win1=56.9%（本命度） / 最有力組み合わせ確率: 0.060（推定実オッズ?22倍） / 2着集中度: 上位2艇 62.2%（補正+0.00） / 総合判定確率: 0.060 / → ヒモ分散。1号艇1着固定で広めのヒモ流し推奨（買い目+2点）', 'tenji_trigger': '展示確認: ヒモ分散レース。1号艇伸び確認後、広めのヒモ流しを採用。穴ヒモ（5・6号艇）を積極的に含める。\n展示で1号艇スタート超安定(0.135秒)→ヒモ固まり方向に注意'}",,,26,逃げ狙い,12.09,27.5,4,,,,,,,,,,,
2025-06-25,丸亀,4,3,清水攻二,A2,33.88,3,,11.4728,32.5,93,53.4,0.164,3.5086,,,0,低,151,0,差0% 差ま0% 抜0%,33,0,72.6,1.056,0,0.0385,0,0.0385,0.0385,0.0615,0.1473,0.2176,,,D,,,0.1338,0.5585,,0.5817,A,79,0,◎-○軸 3着3〜4艇流し（10〜15点）,0.5777,"{'is_target': True, 'verdict': '参加推奨', 'max_combo_prob': 0.06, 'est_top_odds': 22.2, 'circle_concentration': 62.2, 'eligible_count': 8, 'bet_adj': 2, 'reason': 'rel_win1=56.9%（本命度） / 最有力組み合わせ確率: 0.060（推定実オッズ?22倍） / 2着集中度: 上位2艇 62.2%（補正+0.00） / 総合判定確率: 0.060 / → ヒモ分散。1号艇1着固定で広めのヒモ流し推奨（買い目+2点）', 'tenji_trigger': '展示確認: ヒモ分散レース。1号艇伸び確認後、広めのヒモ流しを採用。穴ヒモ（5・6号艇）を積極的に含める。\n展示で1号艇スタート超安定(0.135秒)→ヒモ固まり方向に注意'}",,,26,逃げ狙い,12.09,27.5,4,,,,,,,,,,,
2025-06-25,丸亀,4,4,上原　崚,B1,45.61,4,○,14.5331,29.8,67,53.5,0.1335,2.5465,,,0,低,42,0,差ま0%,1,0,63.6,1.3426,0,0,0,0.1429,0,0.2381,0.0571,0.119,,,A,○,◎,0.3148,0.663,0.4386,0.5817,A,79,0,◎-○軸 3着3〜4艇流し（10〜15点）,0.5777,"{'is_target': True, 'verdict': '参加推奨', 'max_combo_prob': 0.06, 'est_top_odds': 22.2, 'circle_concentration': 62.2, 'eligible_count': 8, 'bet_adj': 2, 'reason': 'rel_win1=56.9%（本命度） / 最有力組み合わせ確率: 0.060（推定実オッズ?22倍） / 2着集中度: 上位2艇 62.2%（補正+0.00） / 総合判定確率: 0.060 / → ヒモ分散。1号艇1着固定で広めのヒモ流し推奨（買い目+2点）', 'tenji_trigger': '展示確認: ヒモ分散レース。1号艇伸び確認後、広めのヒモ流しを採用。穴ヒモ（5・6号艇）を積極的に含める。\n展示で1号艇スタート超安定(0.135秒)→ヒモ固まり方向に注意'}",,,26,逃げ狙い,12.09,27.5,4,,,,,,,,,,,
2025-06-25,丸亀,4,5,三好勇人,A2,42.13,5,▲,4.6334,1.7,61,26.8,0.1598,3.3214,,,0,低,88,0,-,61,0,100,2.3688,0,0,0,0.0333,0,0.0133,0.16,0.0533,,,C,△,,0.1985,0.6185,,0.5817,A,79,0,◎-○軸 3着3〜4艇流し（10〜15点）,0.5777,"{'is_target': True, 'verdict': '参加推奨', 'max_combo_prob': 0.06, 'est_top_odds': 22.2, 'circle_concentration': 62.2, 'eligible_count': 8, 'bet_adj': 2, 'reason': 'rel_win1=56.9%（本命度） / 最有力組み合わせ確率: 0.060（推定実オッズ?22倍） / 2着集中度: 上位2艇 62.2%（補正+0.00） / 総合判定確率: 0.060 / → ヒモ分散。1号艇1着固定で広めのヒモ流し推奨（買い目+2点）', 'tenji_trigger': '展示確認: ヒモ分散レース。1号艇伸び確認後、広めのヒモ流しを採用。穴ヒモ（5・6号艇）を積極的に含める。\n展示で1号艇スタート超安定(0.135秒)→ヒモ固まり方向に注意'}",,,26,逃げ狙い,12.09,27.5,4,,,,,,,,,,,
2025-06-25,丸亀,4,6,横澤剛治,A1,38.95,6,,1.1257,8.5,100,41.7,0.1733,3.8333,,,0,低,96,0,-,12,0,40.8,1.6094,,,,,,0.0167,0.0667,0.1533,,,C,◎,,0.1908,0.666,,0.5817,A,79,0,◎-○軸 3着3〜4艇流し（10〜15点）,0.5777,"{'is_target': True, 'verdict': '参加推奨', 'max_combo_prob': 0.06, 'est_top_odds': 22.2, 'circle_concentration': 62.2, 'eligible_count': 8, 'bet_adj': 2, 'reason': 'rel_win1=56.9%（本命度） / 最有力組み合わせ確率: 0.060（推定実オッズ?22倍） / 2着集中度: 上位2艇 62.2%（補正+0.00） / 総合判定確率: 0.060 / → ヒモ分散。1号艇1着固定で広めのヒモ流し推奨（買い目+2点）', 'tenji_trigger': '展示確認: ヒモ分散レース。1号艇伸び確認後、広めのヒモ流しを採用。穴ヒモ（5・6号艇）を積極的に含める。\n展示で1号艇スタート超安定(0.135秒)→ヒモ固まり方向に注意'}",,,26,逃げ狙い,12.09,27.5,4,,,,,,,,,,,
2025-06-25,丸亀,5,1,鈴木雅希,B1,40.76,1,◎,52.7773,,0,88.7,0.1477,3.5283,,,0,低,98,0,逃0%,12,0,87.5,1.1196,0.4,,,,,0.048,0.064,0.296,○,,C,△,,,0.6285,,0.3857,S,92,0,◎1着固定 2-3着流し（5〜8点）,0.5777,"{'is_target': True, 'verdict': '参加推奨', 'max_combo_prob': 0.0578, 'est_top_odds': 23.1, 'circle_concentration': 63.9, 'eligible_count': 6, 'bet_adj': 2, 'reason': 'rel_win1=52.8%（本命度） / 最有力組み合わせ確率: 0.058（推定実オッズ?23倍） / 2着集中度: 上位2艇 63.9%（補正+0.00） / 総合判定確率: 0.058 / → ヒモ分散。1号艇1着固定で広めのヒモ流し推奨（買い目+2点）', 'tenji_trigger': '展示確認: ヒモ分散レース。1号艇伸び確認後、広めのヒモ流しを採用。穴ヒモ（5・6号艇）を積極的に含める。'}",,,27,逃げ狙い,14.72,28,4,,,,,0,0,0.6155,0,,逃げ軸流し,A
2025-06-25,丸亀,5,2,小坂宗司,A2,40.76,2,△,13.8969,33.3,100,62.1,0.1447,3.2414,,,0,低,123,0,差0% ま0%,5,0,62.8,1.0252,0,0.1071,0.0357,0,0,0.1467,0.0267,0.08,,◎,C,,,0.3591,0.612,,0.3857,S,92,0,◎1着固定 2-3着流し（5〜8点）,0.5777,"{'is_target': True, 'verdict': '参加推奨', 'max_combo_prob': 0.0578, 'est_top_odds': 23.1, 'circle_concentration': 63.9, 'eligible_count': 6, 'bet_adj': 2, 'reason': 'rel_win1=52.8%（本命度） / 最有力組み合わせ確率: 0.058（推定実オッズ?23倍） / 2着集中度: 上位2艇 63.9%（補正+0.00） / 総合判定確率: 0.058 / → ヒモ分散。1号艇1着固定で広めのヒモ流し推奨（買い目+2点）', 'tenji_trigger': '展示確認: ヒモ分散レース。1号艇伸び確認後、広めのヒモ流しを採用。穴ヒモ（5・6号艇）を積極的に含める。'}",,,27,逃げ狙い,14.72,28,4,,,,,,,,,,,
2025-06-25,丸亀,5,3,川島圭司,A2,31.25,3,,9.3489,30.6,95,54,0.1403,2.5541,,,0,低,79,0,-,6,0,18.2,0.5415,0,0,0,0.0938,0,0.0353,0.1553,0.1553,,,D,◎,,0.3438,0.665,,0.3857,S,92,0,◎1着固定 2-3着流し（5〜8点）,0.5777,"{'is_target': True, 'verdict': '参加推奨', 'max_combo_prob': 0.0578, 'est_top_odds': 23.1, 'circle_concentration': 63.9, 'eligible_count': 6, 'bet_adj': 2, 'reason': 'rel_win1=52.8%（本命度） / 最有力組み合わせ確率: 0.058（推定実オッズ?23倍） / 2着集中度: 上位2艇 63.9%（補正+0.00） / 総合判定確率: 0.058 / → ヒモ分散。1号艇1着固定で広めのヒモ流し推奨（買い目+2点）', 'tenji_trigger': '展示確認: ヒモ分散レース。1号艇伸び確認後、広めのヒモ流しを採用。穴ヒモ（5・6号艇）を積極的に含める。'}",,,27,逃げ狙い,14.72,28,4,,,,,,,,,,,
2025-06-25,丸亀,5,4,烏野賢太,B1,46.93,4,▲,13.3078,19.7,77,55,0.1657,3.4333,,,0,低,135,0,差0%,45,0,58,1.0728,0,0.0455,0,0,0.0455,0.1153,0.145,0,,,A,○,◎,0.2212,0.663,0.2236,0.3857,S,92,0,◎1着固定 2-3着流し（5〜8点）,0.5777,"{'is_target': True, 'verdict': '参加推奨', 'max_combo_prob': 0.0578, 'est_top_odds': 23.1, 'circle_concentration': 63.9, 'eligible_count': 6, 'bet_adj': 2, 'reason': 'rel_win1=52.8%（本命度） / 最有力組み合わせ確率: 0.058（推定実オッズ?23倍） / 2着集中度: 上位2艇 63.9%（補正+0.00） / 総合判定確率: 0.058 / → ヒモ分散。1号艇1着固定で広めのヒモ流し推奨（買い目+2点）', 'tenji_trigger': '展示確認: ヒモ分散レース。1号艇伸び確認後、広めのヒモ流しを採用。穴ヒモ（5・6号艇）を積極的に含める。'}",,,27,逃げ狙い,14.72,28,4,,,,,,,,,,,
2025-06-25,丸亀,5,5,佐々木完,A1,30.81,5,,6.3736,13.4,53,46.2,0.1519,3.8269,,,0,低,55,0,差ま0%,56,0,77.1,1.3536,0,0,0,0.1111,0,0.0222,0.0222,0.2667,,,D,△,,0.2978,0.632,,0.3857,S,92,0,◎1着固定 2-3着流し（5〜8点）,0.5777,"{'is_target': True, 'verdict': '参加推奨', 'max_combo_prob': 0.0578, 'est_top_odds': 23.1, 'circle_concentration': 63.9, 'eligible_count': 6, 'bet_adj': 2, 'reason': 'rel_win1=52.8%（本命度） / 最有力組み合わせ確率: 0.058（推定実オッズ?23倍） / 2着集中度: 上位2艇 63.9%（補正+0.00） / 総合判定確率: 0.058 / → ヒモ分散。1号艇1着固定で広めのヒモ流し推奨（買い目+2点）', 'tenji_trigger': '展示確認: ヒモ分散レース。1号艇伸び確認後、広めのヒモ流しを採用。穴ヒモ（5・6号艇）を積極的に含める。'}",,,27,逃げ狙い,14.72,28,4,,,,,,,,,,,
2025-06-25,丸亀,5,6,國崎良春,B1,44.20,6,○,4.2956,3,64,26,0.144,3.31,,,0,低,93,0,-,24,0,53.1,1.2122,,,,,,0.0444,0.0667,0.2167,,,B,,,0.3329,0.6245,,0.3857,S,92,0,◎1着固定 2-3着流し（5〜8点）,0.5777,"{'is_target': True, 'verdict': '参加推奨', 'max_combo_prob': 0.0578, 'est_top_odds': 23.1, 'circle_concentration': 63.9, 'eligible_count': 6, 'bet_adj': 2, 'reason': 'rel_win1=52.8%（本命度） / 最有力組み合わせ確率: 0.058（推定実オッズ?23倍） / 2着集中度: 上位2艇 63.9%（補正+0.00） / 総合判定確率: 0.058 / → ヒモ分散。1号艇1着固定で広めのヒモ流し推奨（買い目+2点）', 'tenji_trigger': '展示確認: ヒモ分散レース。1号艇伸び確認後、広めのヒモ流しを採用。穴ヒモ（5・6号艇）を積極的に含める。'}",,,27,逃げ狙い,14.72,28,4,,,,,,,,,,,
2025-06-25,丸亀,6,1,後藤盛也,A2,40.12,1,◎,61.5771,,0,85.2,0.1354,2.4815,,,0,低,72,0,逃1%,6,0,87.4,1.1175,0.56,,,,,0.28,0.1307,0,◎,,B,,,,0.6145,,0.6254,S,83,0,◎1着固定 2-3着流し（5〜8点）,0.5777,"{'is_target': True, 'verdict': '参加推奨', 'max_combo_prob': 0.077, 'est_top_odds': 17.3, 'circle_concentration': 57.0, 'eligible_count': 6, 'bet_adj': 2, 'reason': 'rel_win1=61.6%（本命度） / 最有力組み合わせ確率: 0.077（推定実オッズ?17倍） / 2着集中度: 上位2艇 57.0%（補正+0.00） / 総合判定確率: 0.077 / → ヒモ分散。1号艇1着固定で広めのヒモ流し推奨（買い目+2点）', 'tenji_trigger': '展示確認: ヒモ分散レース。1号艇伸び確認後、広めのヒモ流しを採用。穴ヒモ（5・6号艇）を積極的に含める。\n展示で1号艇スタート超安定(0.135秒)→ヒモ固まり方向に注意'}",,,29.7,逃げ狙い,18.12,32.8,4,,,,,0,0,0.7559,0,,逃げ軸流し,A
2025-06-25,丸亀,6,2,岡部　哲,B1,26.25,2,,6.4302,23.1,100,40.6,0.1598,3.3984,,,0,低,119,0,-,62,0,57.4,0.7102,0,0.0667,0,0,0,0.1762,0.3762,0.2143,,,D,△,,0.07,0.6265,,0.6254,S,83,0,◎1着固定 2-3着流し（5〜8点）,0.5777,"{'is_target': True, 'verdict': '参加推奨', 'max_combo_prob': 0.077, 'est_top_odds': 17.3, 'circle_concentration': 57.0, 'eligible_count': 6, 'bet_adj': 2, 'reason': 'rel_win1=61.6%（本命度） / 最有力組み合わせ確率: 0.077（推定実オッズ?17倍） / 2着集中度: 上位2艇 57.0%（補正+0.00） / 総合判定確率: 0.077 / → ヒモ分散。1号艇1着固定で広めのヒモ流し推奨（買い目+2点）', 'tenji_trigger': '展示確認: ヒモ分散レース。1号艇伸び確認後、広めのヒモ流しを採用。穴ヒモ（5・6号艇）を積極的に含める。\n展示で1号艇スタート超安定(0.135秒)→ヒモ固まり方向に注意'}",,,29.7,逃げ狙い,18.12,32.8,4,,,,,,,,,,,
2025-06-25,丸亀,6,3,山田祐也,A1,26.17,3,▲,16.0718,31.5,85,69.2,0.1518,3.3205,,,0,低,53,0,差0% ま0% 差ま0%,12,0,69.1,1.4031,0,0.1111,0.0556,0.0556,0,0,0.0455,0.1364,,,E,○,,0.2203,0.663,,0.6254,S,83,0,◎1着固定 2-3着流し（5〜8点）,0.5777,"{'is_target': True, 'verdict': '参加推奨', 'max_combo_prob': 0.077, 'est_top_odds': 17.3, 'circle_concentration': 57.0, 'eligible_count': 6, 'bet_adj': 2, 'reason': 'rel_win1=61.6%（本命度） / 最有力組み合わせ確率: 0.077（推定実オッズ?17倍） / 2着集中度: 上位2艇 57.0%（補正+0.00） / 総合判定確率: 0.077 / → ヒモ分散。1号艇1着固定で広めのヒモ流し推奨（買い目+2点）', 'tenji_trigger': '展示確認: ヒモ分散レース。1号艇伸び確認後、広めのヒモ流しを採用。穴ヒモ（5・6号艇）を積極的に含める。\n展示で1号艇スタート超安定(0.135秒)→ヒモ固まり方向に注意'}",,,29.7,逃げ狙い,18.12,32.8,4,,,,,,,,,,,
2025-06-25,丸亀,6,4,中村晃朋,A1,49.15,4,○,11.102,25.5,84,63.9,0.1389,3.2917,,,0,低,56,0,差0%,4,0,83.1,1.4619,0,0.1429,0,0,0,0.1745,0,0.1564,,,A,◎,◎,0.2891,0.678,0.4907,0.6254,S,83,0,◎1着固定 2-3着流し（5〜8点）,0.5777,"{'is_target': True, 'verdict': '参加推奨', 'max_combo_prob': 0.077, 'est_top_odds': 17.3, 'circle_concentration': 57.0, 'eligible_count': 6, 'bet_adj': 2, 'reason': 'rel_win1=61.6%（本命度） / 最有力組み合わせ確率: 0.077（推定実オッズ?17倍） / 2着集中度: 上位2艇 57.0%（補正+0.00） / 総合判定確率: 0.077 / → ヒモ分散。1号艇1着固定で広めのヒモ流し推奨（買い目+2点）', 'tenji_trigger': '展示確認: ヒモ分散レース。1号艇伸び確認後、広めのヒモ流しを採用。穴ヒモ（5・6号艇）を積極的に含める。\n展示で1号艇スタート超安定(0.135秒)→ヒモ固まり方向に注意'}",,,29.7,逃げ狙い,18.12,32.8,4,,,,,,,,,,,
2025-06-25,丸亀,6,5,岡本　猛,B1,28.49,5,,3.7654,16.1,39,40,0.1684,3.38,,,0,低,92,0,-,5,0,29.8,1.0969,,,,,,0.125,0.375,0,,,D,△,,0.2061,0.6305,,0.6254,S,83,0,◎1着固定 2-3着流し（5〜8点）,0.5777,"{'is_target': True, 'verdict': '参加推奨', 'max_combo_prob': 0.077, 'est_top_odds': 17.3, 'circle_concentration': 57.0, 'eligible_count': 6, 'bet_adj': 2, 'reason': 'rel_win1=61.6%（本命度） / 最有力組み合わせ確率: 0.077（推定実オッズ?17倍） / 2着集中度: 上位2艇 57.0%（補正+0.00） / 総合判定確率: 0.077 / → ヒモ分散。1号艇1着固定で広めのヒモ流し推奨（買い目+2点）', 'tenji_trigger': '展示確認: ヒモ分散レース。1号艇伸び確認後、広めのヒモ流しを採用。穴ヒモ（5・6号艇）を積極的に含める。\n展示で1号艇スタート超安定(0.135秒)→ヒモ固まり方向に注意'}",,,29.7,逃げ狙い,18.12,32.8,4,,,,,,,,,,,
2025-06-25,丸亀,6,6,岩津徹郎,B1,36.16,6,△,1.0535,3.8,29,19.1,0.1943,4.7872,,,0,低,117,0,-,52,0,37.3,0.8719,,,,,,0.0706,0.0941,0.2706,,,C,,,0.135,0.574,,0.6254,S,83,0,◎1着固定 2-3着流し（5〜8点）,0.5777,"{'is_target': True, 'verdict': '参加推奨', 'max_combo_prob': 0.077, 'est_top_odds': 17.3, 'circle_concentration': 57.0, 'eligible_count': 6, 'bet_adj': 2, 'reason': 'rel_win1=61.6%（本命度） / 最有力組み合わせ確率: 0.077（推定実オッズ?17倍） / 2着集中度: 上位2艇 57.0%（補正+0.00） / 総合判定確率: 0.077 / → ヒモ分散。1号艇1着固定で広めのヒモ流し推奨（買い目+2点）', 'tenji_trigger': '展示確認: ヒモ分散レース。1号艇伸び確認後、広めのヒモ流しを採用。穴ヒモ（5・6号艇）を積極的に含める。\n展示で1号艇スタート超安定(0.135秒)→ヒモ固まり方向に注意'}",,,29.7,逃げ狙い,18.12,32.8,4,,,,,,,,,,,
2025-06-25,丸亀,7,1,間嶋仁志,B1,34.29,1,◎,45.3808,,0,84.4,0.1706,3.1406,,,0,低,136,0,逃0%,5,0,59.5,1.0637,0.48,,,,,0.048,0.048,0.412,○,,D,△,,,0.6285,,0.3583,A,61,0,◎-○軸 3着3〜4艇流し（10〜15点）,0.5777,"{'is_target': True, 'verdict': '参加推奨', 'max_combo_prob': 0.0525, 'est_top_odds': 25.4, 'circle_concentration': 64.8, 'eligible_count': 8, 'bet_adj': 2, 'reason': 'rel_win1=45.4%（本命度） / 最有力組み合わせ確率: 0.053（推定実オッズ?25倍） / 2着集中度: 上位2艇 64.8%（補正+0.00） / 総合判定確率: 0.053 / → ヒモ分散。1号艇1着固定で広めのヒモ流し推奨（買い目+2点）', 'tenji_trigger': '展示確認: ヒモ分散レース。1号艇伸び確認後、広めのヒモ流しを採用。穴ヒモ（5・6号艇）を積極的に含める。'}",,,31.2,両建て推奨,26.35,30.2,2,,,,,0,0,0.6155,0,,逃げ軸流し,A
2025-06-25,丸亀,7,2,松井友汰,A2,36.81,2,▲,20.6751,30.9,75,67.3,0.1657,3.2857,,,0,低,110,0,差0% ま0% 抜0%,45,0,40.8,1.176,0,0.16,0.08,0,0.04,0.0182,0.2409,0.0182,,△,C,,,0.3905,0.558,,0.3583,A,61,0,◎-○軸 3着3〜4艇流し（10〜15点）,0.5777,"{'is_target': True, 'verdict': '参加推奨', 'max_combo_prob': 0.0525, 'est_top_odds': 25.4, 'circle_concentration': 64.8, 'eligible_count': 8, 'bet_adj': 2, 'reason': 'rel_win1=45.4%（本命度） / 最有力組み合わせ確率: 0.053（推定実オッズ?25倍） / 2着集中度: 上位2艇 64.8%（補正+0.00） / 総合判定確率: 0.053 / → ヒモ分散。1号艇1着固定で広めのヒモ流し推奨（買い目+2点）', 'tenji_trigger': '展示確認: ヒモ分散レース。1号艇伸び確認後、広めのヒモ流しを採用。穴ヒモ（5・6号艇）を積極的に含める。'}",,,31.2,両建て推奨,26.35,30.2,2,,,,,,,,,,,
2025-06-25,丸亀,7,3,菊地孝平,A1,39.06,3,○,14.9056,33.9,63,79.2,0.1171,2.0625,,,0,低,10,0,差ま0% 抜0%,31,0,55.5,1.4744,0,0,0,0.2,0.1333,0.12,0.04,0.02,,◎,B,◎,,0.5091,0.82,,0.3583,A,61,0,◎-○軸 3着3〜4艇流し（10〜15点）,0.5777,"{'is_target': True, 'verdict': '参加推奨', 'max_combo_prob': 0.0525, 'est_top_odds': 25.4, 'circle_concentration': 64.8, 'eligible_count': 8, 'bet_adj': 2, 'reason': 'rel_win1=45.4%（本命度） / 最有力組み合わせ確率: 0.053（推定実オッズ?25倍） / 2着集中度: 上位2艇 64.8%（補正+0.00） / 総合判定確率: 0.053 / → ヒモ分散。1号艇1着固定で広めのヒモ流し推奨（買い目+2点）', 'tenji_trigger': '展示確認: ヒモ分散レース。1号艇伸び確認後、広めのヒモ流しを採用。穴ヒモ（5・6号艇）を積極的に含める。'}",,,31.2,両建て推奨,26.35,30.2,2,,,,,,,,,,,
2025-06-25,丸亀,7,4,金山立樹,B1,47.51,4,△,9.1847,15.5,100,50.7,0.1738,3.5205,,,0,低,147,0,抜0%,2,0,100,1.0713,0,0,0,0,0.0417,0.3513,0.2185,0.0706,,,A,,◎,0.3025,0.565,0.22,0.3583,A,61,0,◎-○軸 3着3〜4艇流し（10〜15点）,0.5777,"{'is_target': True, 'verdict': '参加推奨', 'max_combo_prob': 0.0525, 'est_top_odds': 25.4, 'circle_concentration': 64.8, 'eligible_count': 8, 'bet_adj': 2, 'reason': 'rel_win1=45.4%（本命度） / 最有力組み合わせ確率: 0.053（推定実オッズ?25倍） / 2着集中度: 上位2艇 64.8%（補正+0.00） / 総合判定確率: 0.053 / → ヒモ分散。1号艇1着固定で広めのヒモ流し推奨（買い目+2点）', 'tenji_trigger': '展示確認: ヒモ分散レース。1号艇伸び確認後、広めのヒモ流しを採用。穴ヒモ（5・6号艇）を積極的に含める。'}",,,31.2,両建て推奨,26.35,30.2,2,,,,,,,,,,,
2025-06-25,丸亀,7,5,山崎　祥,B1,31.87,5,,3.2772,9.4,62,43.5,0.2017,4.0652,,,0,低,131,0,差ま0%,6,0,33.8,1.1321,0,0,0,0.04,0,0.3238,0,0.0667,,,E,△,,0.1883,0.5955,,0.3583,A,61,0,◎-○軸 3着3〜4艇流し（10〜15点）,0.5777,"{'is_target': True, 'verdict': '参加推奨', 'max_combo_prob': 0.0525, 'est_top_odds': 25.4, 'circle_concentration': 64.8, 'eligible_count': 8, 'bet_adj': 2, 'reason': 'rel_win1=45.4%（本命度） / 最有力組み合わせ確率: 0.053（推定実オッズ?25倍） / 2着集中度: 上位2艇 64.8%（補正+0.00） / 総合判定確率: 0.053 / → ヒモ分散。1号艇1着固定で広めのヒモ流し推奨（買い目+2点）', 'tenji_trigger': '展示確認: ヒモ分散レース。1号艇伸び確認後、広めのヒモ流しを採用。穴ヒモ（5・6号艇）を積極的に含める。'}",,,31.2,両建て推奨,26.35,30.2,2,,,,,,,,,,,
2025-06-25,丸亀,7,6,村岡賢人,A1,34.43,6,,6.5766,10.3,56,53.1,0.1271,3.2857,,,0,低,30,0,ま0% 抜0%,1,0,36.8,2.1764,0,0,0.0455,0,0.0455,0.0148,0.1644,0.1941,,○,D,○,,0.4339,0.805,,0.3583,A,61,0,◎-○軸 3着3〜4艇流し（10〜15点）,0.5777,"{'is_target': True, 'verdict': '参加推奨', 'max_combo_prob': 0.0525, 'est_top_odds': 25.4, 'circle_concentration': 64.8, 'eligible_count': 8, 'bet_adj': 2, 'reason': 'rel_win1=45.4%（本命度） / 最有力組み合わせ確率: 0.053（推定実オッズ?25倍） / 2着集中度: 上位2艇 64.8%（補正+0.00） / 総合判定確率: 0.053 / → ヒモ分散。1号艇1着固定で広めのヒモ流し推奨（買い目+2点）', 'tenji_trigger': '展示確認: ヒモ分散レース。1号艇伸び確認後、広めのヒモ流しを採用。穴ヒモ（5・6号艇）を積極的に含める。'}",,,31.2,両建て推奨,26.35,30.2,2,,,,,,,,,,,
2025-06-25,丸亀,8,1,中野仁照,A1,34.74,1,◎,72.6137,,0,90.9,0.1376,2.6515,,,0,低,35,0,逃1%,2,0,91.5,1.219,0.6364,,,,,0,0,0.3636,◎,,B,△,,,0.623,,0.6115,S,87,0,◎1着固定 2-3着流し（5〜8点）,0.5777,"{'is_target': True, 'verdict': '点数絞り', 'max_combo_prob': 0.0966, 'est_top_odds': 13.8, 'circle_concentration': 72.7, 'eligible_count': 6, 'bet_adj': 0, 'reason': 'rel_win1=72.6%（本命度） / 最有力組み合わせ確率: 0.097（推定実オッズ?14倍） / 2着集中度: 上位2艇 72.7%（補正+0.04） / 総合判定確率: 0.137 / → ヒモはやや固め。上位2艇以外を切ること', 'tenji_trigger': '展示確認: 1号艇伸び良→そのまま採用。悪→飛び組に差し替え。circle_pct上位2艇に絞り込むこと。\n展示で1号艇スタート超安定(0.138秒)→ヒモ固まり方向に注意'}",,,25.9,逃げ狙い,14.45,25.2,3,,,,,0,0,0.7559,0,,逃げ軸流し,A
2025-06-25,丸亀,8,2,田川大貴,A2,26.63,2,,10.7134,44.9,66,70,0.141,2.9667,,,0,低,91,0,差1%,66,0,22.1,0.6528,0,0.1562,0.0312,0,0,0.1434,0.0774,0.1003,,,E,,,0.2995,0.616,,0.6115,S,87,0,◎1着固定 2-3着流し（5〜8点）,0.5777,"{'is_target': True, 'verdict': '点数絞り', 'max_combo_prob': 0.0966, 'est_top_odds': 13.8, 'circle_concentration': 72.7, 'eligible_count': 6, 'bet_adj': 0, 'reason': 'rel_win1=72.6%（本命度） / 最有力組み合わせ確率: 0.097（推定実オッズ?14倍） / 2着集中度: 上位2艇 72.7%（補正+0.04） / 総合判定確率: 0.137 / → ヒモはやや固め。上位2艇以外を切ること', 'tenji_trigger': '展示確認: 1号艇伸び良→そのまま採用。悪→飛び組に差し替え。circle_pct上位2艇に絞り込むこと。\n展示で1号艇スタート超安定(0.138秒)→ヒモ固まり方向に注意'}",,,25.9,逃げ狙い,14.45,25.2,3,,,,,,,,,,,
2025-06-25,丸亀,8,3,澤　大介,B1,27.37,3,,6.9558,15.5,100,48.1,0.1669,3.5096,,,0,低,129,0,-,5,0,36.6,0.8521,,,,,,0.46,0.28,0.04,,,D,,,0.1625,0.5755,,0.6115,S,87,0,◎1着固定 2-3着流し（5〜8点）,0.5777,"{'is_target': True, 'verdict': '点数絞り', 'max_combo_prob': 0.0966, 'est_top_odds': 13.8, 'circle_concentration': 72.7, 'eligible_count': 6, 'bet_adj': 0, 'reason': 'rel_win1=72.6%（本命度） / 最有力組み合わせ確率: 0.097（推定実オッズ?14倍） / 2着集中度: 上位2艇 72.7%（補正+0.04） / 総合判定確率: 0.137 / → ヒモはやや固め。上位2艇以外を切ること', 'tenji_trigger': '展示確認: 1号艇伸び良→そのまま採用。悪→飛び組に差し替え。circle_pct上位2艇に絞り込むこと。\n展示で1号艇スタート超安定(0.138秒)→ヒモ固まり方向に注意'}",,,25.9,逃げ狙い,14.45,25.2,3,,,,,,,,,,,
2025-06-25,丸亀,8,4,谷村一哉,A2,33.16,4,▲,5.5681,27.9,79,68.6,0.1391,3.2714,,,0,低,78,0,差ま0%,43,0,60.2,1.1891,0,0,0,0.0714,0,0.0542,0.0708,0.1083,,,C,◎,,0.2827,0.642,,0.6115,S,87,0,◎1着固定 2-3着流し（5〜8点）,0.5777,"{'is_target': True, 'verdict': '点数絞り', 'max_combo_prob': 0.0966, 'est_top_odds': 13.8, 'circle_concentration': 72.7, 'eligible_count': 6, 'bet_adj': 0, 'reason': 'rel_win1=72.6%（本命度） / 最有力組み合わせ確率: 0.097（推定実オッズ?14倍） / 2着集中度: 上位2艇 72.7%（補正+0.04） / 総合判定確率: 0.137 / → ヒモはやや固め。上位2艇以外を切ること', 'tenji_trigger': '展示確認: 1号艇伸び良→そのまま採用。悪→飛び組に差し替え。circle_pct上位2艇に絞り込むこと。\n展示で1号艇スタート超安定(0.138秒)→ヒモ固まり方向に注意'}",,,25.9,逃げ狙い,14.45,25.2,3,,,,,,,,,,,
2025-06-25,丸亀,8,5,古田祐貴,B1,29.44,5,△,3.0641,7,92,46.6,0.156,3.4138,,,0,低,105,0,-,2,0,31.4,0.8024,0,0,0,0.05,0,0.2088,0.1971,0.1338,,,D,△,,0.2266,0.6265,,0.6115,S,87,0,◎1着固定 2-3着流し（5〜8点）,0.5777,"{'is_target': True, 'verdict': '点数絞り', 'max_combo_prob': 0.0966, 'est_top_odds': 13.8, 'circle_concentration': 72.7, 'eligible_count': 6, 'bet_adj': 0, 'reason': 'rel_win1=72.6%（本命度） / 最有力組み合わせ確率: 0.097（推定実オッズ?14倍） / 2着集中度: 上位2艇 72.7%（補正+0.04） / 総合判定確率: 0.137 / → ヒモはやや固め。上位2艇以外を切ること', 'tenji_trigger': '展示確認: 1号艇伸び良→そのまま採用。悪→飛び組に差し替え。circle_pct上位2艇に絞り込むこと。\n展示で1号艇スタート超安定(0.138秒)→ヒモ固まり方向に注意'}",,,25.9,逃げ狙い,14.45,25.2,3,,,,,,,,,,,
2025-06-25,丸亀,8,6,垂水　悠,B1,38.17,6,○,1.0849,4.8,66,27.3,0.1382,2.8788,,,0,低,36,0,-,3,0,53.9,1.1517,,,,,,0.3077,0.2308,0.2308,,,B,○,,0.3115,0.632,,0.6115,S,87,0,◎1着固定 2-3着流し（5〜8点）,0.5777,"{'is_target': True, 'verdict': '点数絞り', 'max_combo_prob': 0.0966, 'est_top_odds': 13.8, 'circle_concentration': 72.7, 'eligible_count': 6, 'bet_adj': 0, 'reason': 'rel_win1=72.6%（本命度） / 最有力組み合わせ確率: 0.097（推定実オッズ?14倍） / 2着集中度: 上位2艇 72.7%（補正+0.04） / 総合判定確率: 0.137 / → ヒモはやや固め。上位2艇以外を切ること', 'tenji_trigger': '展示確認: 1号艇伸び良→そのまま採用。悪→飛び組に差し替え。circle_pct上位2艇に絞り込むこと。\n展示で1号艇スタート超安定(0.138秒)→ヒモ固まり方向に注意'}",,,25.9,逃げ狙い,14.45,25.2,3,,,,,,,,,,,
2025-06-25,丸亀,9,1,丹下　将,A2,27.37,1,◎,49.6928,,0,89.5,0.1487,3.1493,,,0,低,115,0,逃1%,64,0,56.3,0.9451,0.5588,,,,,0.0588,0.2067,0.1445,◎,,E,○,,,0.66,,0.4613,A,75,0,◎-○軸 3着3〜4艇流し（10〜15点）,0.5777,"{'is_target': True, 'verdict': '参加推奨', 'max_combo_prob': 0.0719, 'est_top_odds': 18.5, 'circle_concentration': 68.5, 'eligible_count': 8, 'bet_adj': 2, 'reason': 'rel_win1=49.7%（本命度） / 最有力組み合わせ確率: 0.072（推定実オッズ?18倍） / 2着集中度: 上位2艇 68.5%（補正+0.00） / 総合判定確率: 0.072 / → ヒモ分散。1号艇1着固定で広めのヒモ流し推奨（買い目+2点）', 'tenji_trigger': '展示確認: ヒモ分散レース。1号艇伸び確認後、広めのヒモ流しを採用。穴ヒモ（5・6号艇）を積極的に含める。'}",,,30.8,逃げ狙い,25.56,29.6,3,,,,,0,0,0.7559,0,,逃げ軸流し,A
2025-06-25,丸亀,9,2,西岡顕心,A1,31.75,2,▲,13.965,48.2,83,80,0.1503,3.05,,,0,低,55,0,差0%,43,0,100,0.901,0,0.1,0,0,0,0,0.0714,0,,,C,△,,0.3151,0.6245,,0.4613,A,75,0,◎-○軸 3着3〜4艇流し（10〜15点）,0.5777,"{'is_target': True, 'verdict': '参加推奨', 'max_combo_prob': 0.0719, 'est_top_odds': 18.5, 'circle_concentration': 68.5, 'eligible_count': 8, 'bet_adj': 2, 'reason': 'rel_win1=49.7%（本命度） / 最有力組み合わせ確率: 0.072（推定実オッズ?18倍） / 2着集中度: 上位2艇 68.5%（補正+0.00） / 総合判定確率: 0.072 / → ヒモ分散。1号艇1着固定で広めのヒモ流し推奨（買い目+2点）', 'tenji_trigger': '展示確認: ヒモ分散レース。1号艇伸び確認後、広めのヒモ流しを採用。穴ヒモ（5・6号艇）を積極的に含める。'}",,,30.8,逃げ狙い,25.56,29.6,3,,,,,,,,,,,
2025-06-25,丸亀,9,3,上原　崚,B1,45.61,3,○,17.6075,20.3,63,65.1,0.1251,2.2093,,,0,低,42,0,差0% ま0% 差ま0%,1,0,56.2,1.3942,0,0.0435,0.2174,0.0435,0,0.2381,0.0571,0.119,,◎,A,◎,,0.4654,0.663,,0.4613,A,75,0,◎-○軸 3着3〜4艇流し（10〜15点）,0.5777,"{'is_target': True, 'verdict': '参加推奨', 'max_combo_prob': 0.0719, 'est_top_odds': 18.5, 'circle_concentration': 68.5, 'eligible_count': 8, 'bet_adj': 2, 'reason': 'rel_win1=49.7%（本命度） / 最有力組み合わせ確率: 0.072（推定実オッズ?18倍） / 2着集中度: 上位2艇 68.5%（補正+0.00） / 総合判定確率: 0.072 / → ヒモ分散。1号艇1着固定で広めのヒモ流し推奨（買い目+2点）', 'tenji_trigger': '展示確認: ヒモ分散レース。1号艇伸び確認後、広めのヒモ流しを採用。穴ヒモ（5・6号艇）を積極的に含める。'}",,,30.8,逃げ狙い,25.56,29.6,3,,,,,,,,,,,
2025-06-25,丸亀,9,4,樋口　亮,A2,29.51,4,,7.9326,17,97,58,0.1742,3.44,,,0,低,133,0,ま0% 差ま0%,36,0,48.1,1.1315,0,0,0.1111,0.0556,0,0.2161,0.0805,0.0276,,,D,,◎,0.2352,0.601,0.2848,0.4613,A,75,0,◎-○軸 3着3〜4艇流し（10〜15点）,0.5777,"{'is_target': True, 'verdict': '参加推奨', 'max_combo_prob': 0.0719, 'est_top_odds': 18.5, 'circle_concentration': 68.5, 'eligible_count': 8, 'bet_adj': 2, 'reason': 'rel_win1=49.7%（本命度） / 最有力組み合わせ確率: 0.072（推定実オッズ?18倍） / 2着集中度: 上位2艇 68.5%（補正+0.00） / 総合判定確率: 0.072 / → ヒモ分散。1号艇1着固定で広めのヒモ流し推奨（買い目+2点）', 'tenji_trigger': '展示確認: ヒモ分散レース。1号艇伸び確認後、広めのヒモ流しを採用。穴ヒモ（5・6号艇）を積極的に含める。'}",,,30.8,逃げ狙い,25.56,29.6,3,,,,,,,,,,,
2025-06-25,丸亀,9,5,峰重侑治,B1,29.07,5,,4.5482,7.4,73,35.6,0.1693,3.4889,,,0,低,114,0,-,3,0,27.3,0.7676,0,0,0,0.0667,0,0.2267,0.0533,0,,,D,,,0.2527,0.6135,,0.4613,A,75,0,◎-○軸 3着3〜4艇流し（10〜15点）,0.5777,"{'is_target': True, 'verdict': '参加推奨', 'max_combo_prob': 0.0719, 'est_top_odds': 18.5, 'circle_concentration': 68.5, 'eligible_count': 8, 'bet_adj': 2, 'reason': 'rel_win1=49.7%（本命度） / 最有力組み合わせ確率: 0.072（推定実オッズ?18倍） / 2着集中度: 上位2艇 68.5%（補正+0.00） / 総合判定確率: 0.072 / → ヒモ分散。1号艇1着固定で広めのヒモ流し推奨（買い目+2点）', 'tenji_trigger': '展示確認: ヒモ分散レース。1号艇伸び確認後、広めのヒモ流しを採用。穴ヒモ（5・6号艇）を積極的に含める。'}",,,30.8,逃げ狙い,25.56,29.6,3,,,,,,,,,,,
2025-06-25,丸亀,9,6,島田賢人,A1,36.57,6,△,6.254,7.1,100,53.8,0.1737,3.6154,,,0,低,92,0,-,43,0,31.8,2.2111,,,,,,0,0.125,0.125,,,B,△,,0.2644,0.634,,0.4613,A,75,0,◎-○軸 3着3〜4艇流し（10〜15点）,0.5777,"{'is_target': True, 'verdict': '参加推奨', 'max_combo_prob': 0.0719, 'est_top_odds': 18.5, 'circle_concentration': 68.5, 'eligible_count': 8, 'bet_adj': 2, 'reason': 'rel_win1=49.7%（本命度） / 最有力組み合わせ確率: 0.072（推定実オッズ?18倍） / 2着集中度: 上位2艇 68.5%（補正+0.00） / 総合判定確率: 0.072 / → ヒモ分散。1号艇1着固定で広めのヒモ流し推奨（買い目+2点）', 'tenji_trigger': '展示確認: ヒモ分散レース。1号艇伸び確認後、広めのヒモ流しを採用。穴ヒモ（5・6号艇）を積極的に含める。'}",,,30.8,逃げ狙い,25.56,29.6,3,,,,,,,,,,,
2025-06-25,丸亀,10,1,小坂宗司,A2,40.76,1,◎,55.9753,,0,91.5,0.1246,2.1408,,,0,低,123,0,-,5,0,90,1.3109,0.6333,,,,,0.1467,0.0267,0.08,◎,,B,,,,0.612,,0.6402,A,76,0,◎-○軸 3着3〜4艇流し（10〜15点）,0.5777,"{'is_target': True, 'verdict': '点数絞り', 'max_combo_prob': 0.0833, 'est_top_odds': 16.0, 'circle_concentration': 76.1, 'eligible_count': 8, 'bet_adj': 0, 'reason': 'rel_win1=56.0%（本命度） / 最有力組み合わせ確率: 0.083（推定実オッズ?16倍） / 2着集中度: 上位2艇 76.1%（補正+0.04） / 総合判定確率: 0.123 / → ヒモはやや固め。上位2艇以外を切ること', 'tenji_trigger': '展示確認: 1号艇伸び良→そのまま採用。悪→飛び組に差し替え。circle_pct上位2艇に絞り込むこと。\n展示で1号艇スタート超安定(0.125秒)→ヒモ固まり方向に注意'}",,,29.2,逃げ狙い,22.76,27.4,3,,,,,0,0,0.7559,0,,逃げ軸流し,A
2025-06-25,丸亀,10,2,沖島広和,B1,37.64,2,,9.9087,40.2,78,69,0.1793,4.1207,,,0,低,143,0,-,2,0,100,2.5783,0,0.15,0,0,0.05,0.2615,0.0308,0.1769,,,D,△,,0.1066,0.637,,0.6402,A,76,0,◎-○軸 3着3〜4艇流し（10〜15点）,0.5777,"{'is_target': True, 'verdict': '点数絞り', 'max_combo_prob': 0.0833, 'est_top_odds': 16.0, 'circle_concentration': 76.1, 'eligible_count': 8, 'bet_adj': 0, 'reason': 'rel_win1=56.0%（本命度） / 最有力組み合わせ確率: 0.083（推定実オッズ?16倍） / 2着集中度: 上位2艇 76.1%（補正+0.04） / 総合判定確率: 0.123 / → ヒモはやや固め。上位2艇以外を切ること', 'tenji_trigger': '展示確認: 1号艇伸び良→そのまま採用。悪→飛び組に差し替え。circle_pct上位2艇に絞り込むこと。\n展示で1号艇スタート超安定(0.125秒)→ヒモ固まり方向に注意'}",,,29.2,逃げ狙い,22.76,27.4,3,,,,,,,,,,,
2025-06-25,丸亀,10,3,豊田健士,A1,33.51,3,△,19.7439,35.9,56,80.7,0.1468,3.1613,,,0,低,48,0,差0% ま0%,24,0,72.8,1.6583,0,0.1429,0.0714,0,0,0.0952,0.0952,0.0952,,,D,○,,0.2036,0.6615,,0.6402,A,76,0,◎-○軸 3着3〜4艇流し（10〜15点）,0.5777,"{'is_target': True, 'verdict': '点数絞り', 'max_combo_prob': 0.0833, 'est_top_odds': 16.0, 'circle_concentration': 76.1, 'eligible_count': 8, 'bet_adj': 0, 'reason': 'rel_win1=56.0%（本命度） / 最有力組み合わせ確率: 0.083（推定実オッズ?16倍） / 2着集中度: 上位2艇 76.1%（補正+0.04） / 総合判定確率: 0.123 / → ヒモはやや固め。上位2艇以外を切ること', 'tenji_trigger': '展示確認: 1号艇伸び良→そのまま採用。悪→飛び組に差し替え。circle_pct上位2艇に絞り込むこと。\n展示で1号艇スタート超安定(0.125秒)→ヒモ固まり方向に注意'}",,,29.2,逃げ狙い,22.76,27.4,3,,,,,,,,,,,
2025-06-25,丸亀,10,4,後藤盛也,A2,40.12,4,○,6.9172,13.6,92,45.6,0.1278,2.3804,,,0,低,72,0,-,6,0,24,0.6745,0,0,0.1333,0,0,0.28,0.1307,0,,,B,,,0.3049,0.6145,,0.6402,A,76,0,◎-○軸 3着3〜4艇流し（10〜15点）,0.5777,"{'is_target': True, 'verdict': '点数絞り', 'max_combo_prob': 0.0833, 'est_top_odds': 16.0, 'circle_concentration': 76.1, 'eligible_count': 8, 'bet_adj': 0, 'reason': 'rel_win1=56.0%（本命度） / 最有力組み合わせ確率: 0.083（推定実オッズ?16倍） / 2着集中度: 上位2艇 76.1%（補正+0.04） / 総合判定確率: 0.123 / → ヒモはやや固め。上位2艇以外を切ること', 'tenji_trigger': '展示確認: 1号艇伸び良→そのまま採用。悪→飛び組に差し替え。circle_pct上位2艇に絞り込むこと。\n展示で1号艇スタート超安定(0.125秒)→ヒモ固まり方向に注意'}",,,29.2,逃げ狙い,22.76,27.4,3,,,,,,,,,,,
2025-06-25,丸亀,10,5,横澤剛治,A1,38.95,5,▲,6.5411,8.7,100,52,0.1566,3.38,,,0,低,96,0,差0% ま0% 差ま0%,12,0,70.2,1.4576,0,0.05,0.05,0.05,0,0.0167,0.0667,0.1533,,,C,◎,◎,0.1918,0.666,0.2395,0.6402,A,76,0,◎-○軸 3着3〜4艇流し（10〜15点）,0.5777,"{'is_target': True, 'verdict': '点数絞り', 'max_combo_prob': 0.0833, 'est_top_odds': 16.0, 'circle_concentration': 76.1, 'eligible_count': 8, 'bet_adj': 0, 'reason': 'rel_win1=56.0%（本命度） / 最有力組み合わせ確率: 0.083（推定実オッズ?16倍） / 2着集中度: 上位2艇 76.1%（補正+0.04） / 総合判定確率: 0.123 / → ヒモはやや固め。上位2艇以外を切ること', 'tenji_trigger': '展示確認: 1号艇伸び良→そのまま採用。悪→飛び組に差し替え。circle_pct上位2艇に絞り込むこと。\n展示で1号艇スタート超安定(0.125秒)→ヒモ固まり方向に注意'}",,,29.2,逃げ狙い,22.76,27.4,3,,,,,,,,,,,
2025-06-25,丸亀,10,6,片岡秀樹,B1,38.74,6,,0.9138,1.6,22,11.1,0.1467,3.5926,,,0,低,85,0,-,6,0,32.3,0.82,,,,,,0.2778,0.3889,0.1111,,,C,△,,0.2462,0.6405,,0.6402,A,76,0,◎-○軸 3着3〜4艇流し（10〜15点）,0.5777,"{'is_target': True, 'verdict': '点数絞り', 'max_combo_prob': 0.0833, 'est_top_odds': 16.0, 'circle_concentration': 76.1, 'eligible_count': 8, 'bet_adj': 0, 'reason': 'rel_win1=56.0%（本命度） / 最有力組み合わせ確率: 0.083（推定実オッズ?16倍） / 2着集中度: 上位2艇 76.1%（補正+0.04） / 総合判定確率: 0.123 / → ヒモはやや固め。上位2艇以外を切ること', 'tenji_trigger': '展示確認: 1号艇伸び良→そのまま採用。悪→飛び組に差し替え。circle_pct上位2艇に絞り込むこと。\n展示で1号艇スタート超安定(0.125秒)→ヒモ固まり方向に注意'}",,,29.2,逃げ狙い,22.76,27.4,3,,,,,,,,,,,
2025-06-25,丸亀,11,1,山田祐也,A1,26.17,1,◎,61.3889,,0,98.2,0.1409,2.8611,,,0,低,53,0,逃1%,12,0,85,1.0594,0.7727,,,,,0,0.0455,0.1364,◎,,D,△,,,0.663,,0.5564,S,92,0,◎1着固定 2-3着流し（5〜8点）,0.5777,"{'is_target': True, 'verdict': '点数絞り', 'max_combo_prob': 0.1321, 'est_top_odds': 10.1, 'circle_concentration': 81.9, 'eligible_count': 6, 'bet_adj': 0, 'reason': 'rel_win1=61.4%（本命度） / 最有力組み合わせ確率: 0.132（推定実オッズ?10倍） / 2着集中度: 上位2艇 81.9%（補正+0.04） / 総合判定確率: 0.172 / → ヒモはやや固め。上位2艇以外を切ること', 'tenji_trigger': '展示確認: 1号艇伸び良→そのまま採用。悪→飛び組に差し替え。circle_pct上位2艇に絞り込むこと。'}",,,26,逃げ狙い,16.59,23.5,2,,,,,0,0,0.7559,0,,逃げ軸流し,A
2025-06-25,丸亀,11,2,村岡賢人,A1,34.43,2,○,16.9591,46.7,50,81.4,0.1216,2.3605,,,0,低,30,0,差0% 抜0%,1,0,75.5,1.3284,0,0.2143,0,0,0.0714,0.0148,0.1644,0.1941,,◎,B,◎,,0.5435,0.805,,0.5564,S,92,0,◎1着固定 2-3着流し（5〜8点）,0.5777,"{'is_target': True, 'verdict': '点数絞り', 'max_combo_prob': 0.1321, 'est_top_odds': 10.1, 'circle_concentration': 81.9, 'eligible_count': 6, 'bet_adj': 0, 'reason': 'rel_win1=61.4%（本命度） / 最有力組み合わせ確率: 0.132（推定実オッズ?10倍） / 2着集中度: 上位2艇 81.9%（補正+0.04） / 総合判定確率: 0.172 / → ヒモはやや固め。上位2艇以外を切ること', 'tenji_trigger': '展示確認: 1号艇伸び良→そのまま採用。悪→飛び組に差し替え。circle_pct上位2艇に絞り込むこと。'}",,,26,逃げ狙い,16.59,23.5,2,,,,,,,,,,,
2025-06-25,丸亀,11,3,杉山裕也,A1,26.25,3,△,9.2876,35.2,39,79.6,0.1473,2.7143,,,0,低,84,0,ま0%,35,0,65.7,1.3248,0,0,0.0952,0,0,0,0.2625,0.1375,,,D,△,,0.2599,0.6625,,0.5564,S,92,0,◎1着固定 2-3着流し（5〜8点）,0.5777,"{'is_target': True, 'verdict': '点数絞り', 'max_combo_prob': 0.1321, 'est_top_odds': 10.1, 'circle_concentration': 81.9, 'eligible_count': 6, 'bet_adj': 0, 'reason': 'rel_win1=61.4%（本命度） / 最有力組み合わせ確率: 0.132（推定実オッズ?10倍） / 2着集中度: 上位2艇 81.9%（補正+0.04） / 総合判定確率: 0.172 / → ヒモはやや固め。上位2艇以外を切ること', 'tenji_trigger': '展示確認: 1号艇伸び良→そのまま採用。悪→飛び組に差し替え。circle_pct上位2艇に絞り込むこと。'}",,,26,逃げ狙い,16.59,23.5,2,,,,,,,,,,,
2025-06-25,丸亀,11,4,木谷賢太,A1,34.25,4,▲,5.4013,12.5,100,66.7,0.1559,3.5926,,,0,低,107,0,-,21,0,24.7,0.7,0,0.0385,0,0.0385,0,0.0343,0.0114,0.1957,,,B,△,,0.2242,0.663,,0.5564,S,92,0,◎1着固定 2-3着流し（5〜8点）,0.5777,"{'is_target': True, 'verdict': '点数絞り', 'max_combo_prob': 0.1321, 'est_top_odds': 10.1, 'circle_concentration': 81.9, 'eligible_count': 6, 'bet_adj': 0, 'reason': 'rel_win1=61.4%（本命度） / 最有力組み合わせ確率: 0.132（推定実オッズ?10倍） / 2着集中度: 上位2艇 81.9%（補正+0.04） / 総合判定確率: 0.172 / → ヒモはやや固め。上位2艇以外を切ること', 'tenji_trigger': '展示確認: 1号艇伸び良→そのまま採用。悪→飛び組に差し替え。circle_pct上位2艇に絞り込むこと。'}",,,26,逃げ狙い,16.59,23.5,2,,,,,,,,,,,
2025-06-25,丸亀,11,5,清水攻二,A2,33.88,5,,6.0288,5.4,59,52.8,0.226,4.4906,,,0,低,151,0,差ま0%,33,0,67,1.485,0,0,0,0.1304,0,0.0615,0.1473,0.2176,,,C,,◎,0.1313,0.5585,0.1709,0.5564,S,92,0,◎1着固定 2-3着流し（5〜8点）,0.5777,"{'is_target': True, 'verdict': '点数絞り', 'max_combo_prob': 0.1321, 'est_top_odds': 10.1, 'circle_concentration': 81.9, 'eligible_count': 6, 'bet_adj': 0, 'reason': 'rel_win1=61.4%（本命度） / 最有力組み合わせ確率: 0.132（推定実オッズ?10倍） / 2着集中度: 上位2艇 81.9%（補正+0.04） / 総合判定確率: 0.172 / → ヒモはやや固め。上位2艇以外を切ること', 'tenji_trigger': '展示確認: 1号艇伸び良→そのまま採用。悪→飛び組に差し替え。circle_pct上位2艇に絞り込むこと。'}",,,26,逃げ狙い,16.59,23.5,2,,,,,,,,,,,
2025-06-25,丸亀,11,6,川島圭司,A2,31.25,6,,0.9344,0.2,19,26.3,0.1621,3.7544,,,0,低,79,0,-,6,0,33.8,0.8361,,,,,,0.0353,0.1553,0.1553,,,C,○,,0.2435,0.665,,0.5564,S,92,0,◎1着固定 2-3着流し（5〜8点）,0.5777,"{'is_target': True, 'verdict': '点数絞り', 'max_combo_prob': 0.1321, 'est_top_odds': 10.1, 'circle_concentration': 81.9, 'eligible_count': 6, 'bet_adj': 0, 'reason': 'rel_win1=61.4%（本命度） / 最有力組み合わせ確率: 0.132（推定実オッズ?10倍） / 2着集中度: 上位2艇 81.9%（補正+0.04） / 総合判定確率: 0.172 / → ヒモはやや固め。上位2艇以外を切ること', 'tenji_trigger': '展示確認: 1号艇伸び良→そのまま採用。悪→飛び組に差し替え。circle_pct上位2艇に絞り込むこと。'}",,,26,逃げ狙い,16.59,23.5,2,,,,,,,,,,,
2025-06-25,丸亀,12,1,中村晃朋,A1,49.15,1,◎,59.5118,,0,87.7,0.1656,3.4474,,,0,低,56,0,逃1% 抜0%,4,0,68.9,1.099,0.6818,,,,,0.1745,0,0.1564,○,,A,○,,,0.678,,0.3957,S,94,0,◎1着固定 2-3着流し（5〜8点）,0.5777,"{'is_target': True, 'verdict': '点数絞り', 'max_combo_prob': 0.0978, 'est_top_odds': 13.6, 'circle_concentration': 80.7, 'eligible_count': 6, 'bet_adj': 0, 'reason': 'rel_win1=59.5%（本命度） / 最有力組み合わせ確率: 0.098（推定実オッズ?14倍） / 2着集中度: 上位2艇 80.7%（補正+0.04） / 総合判定確率: 0.138 / → ヒモはやや固め。上位2艇以外を切ること', 'tenji_trigger': '展示確認: 1号艇伸び良→そのまま採用。悪→飛び組に差し替え。circle_pct上位2艇に絞り込むこと。'}",,,36.6,逃げ狙い,28.65,29.2,2,,,,,0,0,0.6155,0,,逃げ軸流し,A
2025-06-25,丸亀,12,2,菊地孝平,A1,39.06,2,▲,13.3674,55.2,74,93.8,0.1119,2.3125,,,0,低,10,0,差0% ま0%,31,0,68.9,1.4602,0,0.2,0.2,0,0,0.12,0.04,0.02,,◎,C,◎,,0.6,0.82,,0.3957,S,94,0,◎1着固定 2-3着流し（5〜8点）,0.5777,"{'is_target': True, 'verdict': '点数絞り', 'max_combo_prob': 0.0978, 'est_top_odds': 13.6, 'circle_concentration': 80.7, 'eligible_count': 6, 'bet_adj': 0, 'reason': 'rel_win1=59.5%（本命度） / 最有力組み合わせ確率: 0.098（推定実オッズ?14倍） / 2着集中度: 上位2艇 80.7%（補正+0.04） / 総合判定確率: 0.138 / → ヒモはやや固め。上位2艇以外を切ること', 'tenji_trigger': '展示確認: 1号艇伸び良→そのまま採用。悪→飛び組に差し替え。circle_pct上位2艇に絞り込むこと。'}",,,36.6,逃げ狙い,28.65,29.2,2,,,,,,,,,,,
2025-06-25,丸亀,12,3,三好勇人,A2,42.13,3,○,9.7124,25.5,83,62.9,0.1374,2.7823,,,0,低,88,0,-,61,0,25.9,0.8369,0,0.0357,0.0357,0.0357,0.0357,0.0133,0.16,0.0533,,△,B,,,0.4215,0.6185,,0.3957,S,94,0,◎1着固定 2-3着流し（5〜8点）,0.5777,"{'is_target': True, 'verdict': '点数絞り', 'max_combo_prob': 0.0978, 'est_top_odds': 13.6, 'circle_concentration': 80.7, 'eligible_count': 6, 'bet_adj': 0, 'reason': 'rel_win1=59.5%（本命度） / 最有力組み合わせ確率: 0.098（推定実オッズ?14倍） / 2着集中度: 上位2艇 80.7%（補正+0.04） / 総合判定確率: 0.138 / → ヒモはやや固め。上位2艇以外を切ること', 'tenji_trigger': '展示確認: 1号艇伸び良→そのまま採用。悪→飛び組に差し替え。circle_pct上位2艇に絞り込むこと。'}",,,36.6,逃げ狙い,28.65,29.2,2,,,,,,,,,,,
2025-06-25,丸亀,12,4,白井友晴,A2,40.66,4,△,6.0168,5.7,86,41.4,0.1662,3.4914,,,0,低,164,0,-,6,0,73.3,1.0117,,,,,,0.1091,0.3491,0.0545,,,C,△,,0.3109,0.671,,0.3957,S,94,0,◎1着固定 2-3着流し（5〜8点）,0.5777,"{'is_target': True, 'verdict': '点数絞り', 'max_combo_prob': 0.0978, 'est_top_odds': 13.6, 'circle_concentration': 80.7, 'eligible_count': 6, 'bet_adj': 0, 'reason': 'rel_win1=59.5%（本命度） / 最有力組み合わせ確率: 0.098（推定実オッズ?14倍） / 2着集中度: 上位2艇 80.7%（補正+0.04） / 総合判定確率: 0.138 / → ヒモはやや固め。上位2艇以外を切ること', 'tenji_trigger': '展示確認: 1号艇伸び良→そのまま採用。悪→飛び組に差し替え。circle_pct上位2艇に絞り込むこと。'}",,,36.6,逃げ狙い,28.65,29.2,2,,,,,,,,,,,
2025-06-25,丸亀,12,5,中野仁照,A1,34.74,5,,6.7446,4.9,100,53.1,0.1147,2.4062,,,0,低,35,0,-,2,0,42.1,1.5243,,,,,,0,0,0.3636,,○,D,,,0.4719,0.623,,0.3957,S,94,0,◎1着固定 2-3着流し（5〜8点）,0.5777,"{'is_target': True, 'verdict': '点数絞り', 'max_combo_prob': 0.0978, 'est_top_odds': 13.6, 'circle_concentration': 80.7, 'eligible_count': 6, 'bet_adj': 0, 'reason': 'rel_win1=59.5%（本命度） / 最有力組み合わせ確率: 0.098（推定実オッズ?14倍） / 2着集中度: 上位2艇 80.7%（補正+0.04） / 総合判定確率: 0.138 / → ヒモはやや固め。上位2艇以外を切ること', 'tenji_trigger': '展示確認: 1号艇伸び良→そのまま採用。悪→飛び組に差し替え。circle_pct上位2艇に絞り込むこと。'}",,,36.6,逃げ狙い,28.65,29.2,2,,,,,,,,,,,
2025-06-25,丸亀,12,6,佐々木完,A1,30.81,6,,4.6471,8.7,67,68,0.17,3.82,,,0,低,55,0,差ま0% 抜0%,56,0,100,2.6253,0,0,0,0.0909,0.0909,0.0222,0.0222,0.2667,,,E,△,,0.2796,0.632,,0.3957,S,94,0,◎1着固定 2-3着流し（5〜8点）,0.5777,"{'is_target': True, 'verdict': '点数絞り', 'max_combo_prob': 0.0978, 'est_top_odds': 13.6, 'circle_concentration': 80.7, 'eligible_count': 6, 'bet_adj': 0, 'reason': 'rel_win1=59.5%（本命度） / 最有力組み合わせ確率: 0.098（推定実オッズ?14倍） / 2着集中度: 上位2艇 80.7%（補正+0.04） / 総合判定確率: 0.138 / → ヒモはやや固め。上位2艇以外を切ること', 'tenji_trigger': '展示確認: 1号艇伸び良→そのまま採用。悪→飛び組に差し替え。circle_pct上位2艇に絞り込むこと。'}",,,36.6,逃げ狙い,28.65,29.2,2,,,,,,,,,,,
2025-06-26,丸亀,1,1,上之晃弘,B1,36.67,1,◎,56.9782,,0,89.2,0.1437,2.6615,,,0,低,123,0,逃0%,546,0,88.3,1.1409,0.4545,,,,,0.0545,0.0727,0.2045,◎,,C,◎,,,0.659,,0.5457,S,85,0,◎1着固定 2-3着流し（5〜8点）,0.5777,"{'is_target': True, 'verdict': '点数絞り', 'max_combo_prob': 0.1056, 'est_top_odds': 12.6, 'circle_concentration': 71.5, 'eligible_count': 6, 'bet_adj': 0, 'reason': 'rel_win1=57.0%（本命度） / 最有力組み合わせ確率: 0.106（推定実オッズ?13倍） / 2着集中度: 上位2艇 71.5%（補正+0.04） / 総合判定確率: 0.146 / → ヒモはやや固め。上位2艇以外を切ること', 'tenji_trigger': '展示確認: 1号艇伸び良→そのまま採用。悪→飛び組に差し替え。circle_pct上位2艇に絞り込むこと。'}",,,27.1,逃げ狙い,15.83,27.3,2,,,,,0,0,0.7559,0,,逃げ軸流し,A
2025-06-26,丸亀,1,2,藤山雅弘,B1,42.46,2,○,17.709,56.4,83,63.5,0.1802,3.7063,,,0,低,135,0,-,413,0,19.6,0.6412,0,0.0952,0.0952,0,0,0.2371,0,0.0143,,,B,,,0.0807,0.6125,,0.5457,S,85,0,◎1着固定 2-3着流し（5〜8点）,0.5777,"{'is_target': True, 'verdict': '点数絞り', 'max_combo_prob': 0.1056, 'est_top_odds': 12.6, 'circle_concentration': 71.5, 'eligible_count': 6, 'bet_adj': 0, 'reason': 'rel_win1=57.0%（本命度） / 最有力組み合わせ確率: 0.106（推定実オッズ?13倍） / 2着集中度: 上位2艇 71.5%（補正+0.04） / 総合判定確率: 0.146 / → ヒモはやや固め。上位2艇以外を切ること', 'tenji_trigger': '展示確認: 1号艇伸び良→そのまま採用。悪→飛び組に差し替え。circle_pct上位2艇に絞り込むこと。'}",,,27.1,逃げ狙い,15.83,27.3,2,,,,,,,,,,,
2025-06-26,丸亀,1,3,岩津徹郎,B1,36.16,3,,10.2304,15.2,83,45.8,0.1723,3.3229,,,0,低,117,0,差0% ま0% 差ま0%,524,0,38,0.9258,0,0.0455,0.0909,0.0455,0,0.0706,0.0941,0.2706,,,D,,,0.1636,0.574,,0.5457,S,85,0,◎1着固定 2-3着流し（5〜8点）,0.5777,"{'is_target': True, 'verdict': '点数絞り', 'max_combo_prob': 0.1056, 'est_top_odds': 12.6, 'circle_concentration': 71.5, 'eligible_count': 6, 'bet_adj': 0, 'reason': 'rel_win1=57.0%（本命度） / 最有力組み合わせ確率: 0.106（推定実オッズ?13倍） / 2着集中度: 上位2艇 71.5%（補正+0.04） / 総合判定確率: 0.146 / → ヒモはやや固め。上位2艇以外を切ること', 'tenji_trigger': '展示確認: 1号艇伸び良→そのまま採用。悪→飛び組に差し替え。circle_pct上位2艇に絞り込むこと。'}",,,27.1,逃げ狙い,15.83,27.3,2,,,,,,,,,,,
2025-06-26,丸亀,1,4,岡部　哲,B1,26.25,4,,9.0297,9.8,100,32.1,0.1821,3.7453,,,0,低,119,0,-,625,0,38.2,0.833,,,,,,0.1762,0.3762,0.2143,,,E,△,,0.1733,0.6265,,0.5457,S,85,0,◎1着固定 2-3着流し（5〜8点）,0.5777,"{'is_target': True, 'verdict': '点数絞り', 'max_combo_prob': 0.1056, 'est_top_odds': 12.6, 'circle_concentration': 71.5, 'eligible_count': 6, 'bet_adj': 0, 'reason': 'rel_win1=57.0%（本命度） / 最有力組み合わせ確率: 0.106（推定実オッズ?13倍） / 2着集中度: 上位2艇 71.5%（補正+0.04） / 総合判定確率: 0.146 / → ヒモはやや固め。上位2艇以外を切ること', 'tenji_trigger': '展示確認: 1号艇伸び良→そのまま採用。悪→飛び組に差し替え。circle_pct上位2艇に絞り込むこと。'}",,,27.1,逃げ狙い,15.83,27.3,2,,,,,,,,,,,
2025-06-26,丸亀,1,5,吉川晴人,B1,38.04,5,▲,4.8699,15,75,41.8,0.1404,2.8091,,,0,低,98,0,差ま0%,111,0,64.8,1.1829,0,0,0,0.0556,0,0.02,0.02,0.1657,,,C,△,,0.3053,0.6235,,0.5457,S,85,0,◎1着固定 2-3着流し（5〜8点）,0.5777,"{'is_target': True, 'verdict': '点数絞り', 'max_combo_prob': 0.1056, 'est_top_odds': 12.6, 'circle_concentration': 71.5, 'eligible_count': 6, 'bet_adj': 0, 'reason': 'rel_win1=57.0%（本命度） / 最有力組み合わせ確率: 0.106（推定実オッズ?13倍） / 2着集中度: 上位2艇 71.5%（補正+0.04） / 総合判定確率: 0.146 / → ヒモはやや固め。上位2艇以外を切ること', 'tenji_trigger': '展示確認: 1号艇伸び良→そのまま採用。悪→飛び組に差し替え。circle_pct上位2艇に絞り込むこと。'}",,,27.1,逃げ狙い,15.83,27.3,2,,,,,,,,,,,
2025-06-26,丸亀,1,6,鈴木雅希,B1,40.76,6,△,1.1828,3.7,46,26.3,0.1761,4.1491,,,0,低,98,0,-,121,0,37.8,0.8206,,,,,,0.048,0.064,0.296,,,B,○,,0.2211,0.6285,,0.5457,S,85,0,◎1着固定 2-3着流し（5〜8点）,0.5777,"{'is_target': True, 'verdict': '点数絞り', 'max_combo_prob': 0.1056, 'est_top_odds': 12.6, 'circle_concentration': 71.5, 'eligible_count': 6, 'bet_adj': 0, 'reason': 'rel_win1=57.0%（本命度） / 最有力組み合わせ確率: 0.106（推定実オッズ?13倍） / 2着集中度: 上位2艇 71.5%（補正+0.04） / 総合判定確率: 0.146 / → ヒモはやや固め。上位2艇以外を切ること', 'tenji_trigger': '展示確認: 1号艇伸び良→そのまま採用。悪→飛び組に差し替え。circle_pct上位2艇に絞り込むこと。'}",,,27.1,逃げ狙い,15.83,27.3,2,,,,,,,,,,,
2025-06-26,丸亀,2,1,澤　大介,B1,27.37,1,◎,45.4354,,0,73.3,0.1703,3.6667,,,0,低,129,0,逃0%,5 63,0,66.7,0.9322,0.45,,,,,0.46,0.28,0.04,○,,E,,,,0.5755,,0.3911,B,56,0,◎○△フォーメーション（15〜20点）,0.5777,"{'is_target': True, 'verdict': '参加推奨', 'max_combo_prob': 0.0533, 'est_top_odds': 25.0, 'circle_concentration': 70.4, 'eligible_count': 9, 'bet_adj': 2, 'reason': 'rel_win1=45.4%（本命度） / 最有力組み合わせ確率: 0.053（推定実オッズ?25倍） / 2着集中度: 上位2艇 70.4%（補正+0.04） / 総合判定確率: 0.093 / → ヒモ分散。1号艇1着固定で広めのヒモ流し推奨（買い目+2点）', 'tenji_trigger': '展示確認: ヒモ分散レース。1号艇伸び確認後、広めのヒモ流しを採用。穴ヒモ（5・6号艇）を積極的に含める。'}",,,33.6,両建て推奨,18,44,3,,,,,0,0,0.6155,0,,逃げ軸流し,A
2025-06-26,丸亀,2,2,白井友晴,A2,40.66,2,,8.4526,40.3,100,58,0.1874,4.3406,,,0,低,164,0,-,6 56,0,85.7,0.7393,,,,,,0.1091,0.3491,0.0545,,,B,◎,,0.2255,0.671,,0.3911,B,56,0,◎○△フォーメーション（15〜20点）,0.5777,"{'is_target': True, 'verdict': '参加推奨', 'max_combo_prob': 0.0533, 'est_top_odds': 25.0, 'circle_concentration': 70.4, 'eligible_count': 9, 'bet_adj': 2, 'reason': 'rel_win1=45.4%（本命度） / 最有力組み合わせ確率: 0.053（推定実オッズ?25倍） / 2着集中度: 上位2艇 70.4%（補正+0.04） / 総合判定確率: 0.093 / → ヒモ分散。1号艇1着固定で広めのヒモ流し推奨（買い目+2点）', 'tenji_trigger': '展示確認: ヒモ分散レース。1号艇伸び確認後、広めのヒモ流しを採用。穴ヒモ（5・6号艇）を積極的に含める。'}",,,33.6,両建て推奨,18,44,3,,,,,,,,,,,
2025-06-26,丸亀,2,3,仲　航太,B1,32.58,3,△,19.8457,30.1,67,58.7,0.183,3.6196,,,0,低,93,0,ま0% 差ま0% 抜0%,345,0,63.8,1.3704,0,0,0.0588,0.1765,0.1176,0.16,0.12,0.12,,,C,,,0.3087,0.554,,0.3911,B,56,0,◎○△フォーメーション（15〜20点）,0.5777,"{'is_target': True, 'verdict': '参加推奨', 'max_combo_prob': 0.0533, 'est_top_odds': 25.0, 'circle_concentration': 70.4, 'eligible_count': 9, 'bet_adj': 2, 'reason': 'rel_win1=45.4%（本命度） / 最有力組み合わせ確率: 0.053（推定実オッズ?25倍） / 2着集中度: 上位2艇 70.4%（補正+0.04） / 総合判定確率: 0.093 / → ヒモ分散。1号艇1着固定で広めのヒモ流し推奨（買い目+2点）', 'tenji_trigger': '展示確認: ヒモ分散レース。1号艇伸び確認後、広めのヒモ流しを採用。穴ヒモ（5・6号艇）を積極的に含める。'}",,,33.6,両建て推奨,18,44,3,,,,,,,,,,,
2025-06-26,丸亀,2,4,國崎良春,B1,44.20,4,○,16.5959,11,72,40.9,0.172,3.4432,,,0,低,93,0,差ま0%,246,0,69.2,1.236,0,0,0,0.1176,0,0.0444,0.0667,0.2167,,,A,△,◎,0.3348,0.6245,0.3091,0.3911,B,56,0,◎○△フォーメーション（15〜20点）,0.5777,"{'is_target': True, 'verdict': '参加推奨', 'max_combo_prob': 0.0533, 'est_top_odds': 25.0, 'circle_concentration': 70.4, 'eligible_count': 9, 'bet_adj': 2, 'reason': 'rel_win1=45.4%（本命度） / 最有力組み合わせ確率: 0.053（推定実オッズ?25倍） / 2着集中度: 上位2艇 70.4%（補正+0.04） / 総合判定確率: 0.093 / → ヒモ分散。1号艇1着固定で広めのヒモ流し推奨（買い目+2点）', 'tenji_trigger': '展示確認: ヒモ分散レース。1号艇伸び確認後、広めのヒモ流しを採用。穴ヒモ（5・6号艇）を積極的に含める。'}",,,33.6,両建て推奨,18,44,3,,,,,,,,,,,
2025-06-26,丸亀,2,5,木谷賢太,A1,34.25,5,▲,8.5672,17.2,85,59.6,0.177,3.9787,,,0,低,107,0,差ま0%,2155,0,29.4,1.4512,0,0,0,0.0476,0,0.0343,0.0114,0.1957,,,C,○,,0.3038,0.663,,0.3911,B,56,0,◎○△フォーメーション（15〜20点）,0.5777,"{'is_target': True, 'verdict': '参加推奨', 'max_combo_prob': 0.0533, 'est_top_odds': 25.0, 'circle_concentration': 70.4, 'eligible_count': 9, 'bet_adj': 2, 'reason': 'rel_win1=45.4%（本命度） / 最有力組み合わせ確率: 0.053（推定実オッズ?25倍） / 2着集中度: 上位2艇 70.4%（補正+0.04） / 総合判定確率: 0.093 / → ヒモ分散。1号艇1着固定で広めのヒモ流し推奨（買い目+2点）', 'tenji_trigger': '展示確認: ヒモ分散レース。1号艇伸び確認後、広めのヒモ流しを採用。穴ヒモ（5・6号艇）を積極的に含める。'}",,,33.6,両建て推奨,18,44,3,,,,,,,,,,,
2025-06-26,丸亀,2,6,岡本　猛,B1,28.49,6,,1.1031,1.4,68,22.6,0.1781,4.0645,,,0,低,92,0,-,5 36,0,45.7,0.9567,,,,,,0.125,0.375,0,,,D,△,,0.3307,0.6305,,0.3911,B,56,0,◎○△フォーメーション（15〜20点）,0.5777,"{'is_target': True, 'verdict': '参加推奨', 'max_combo_prob': 0.0533, 'est_top_odds': 25.0, 'circle_concentration': 70.4, 'eligible_count': 9, 'bet_adj': 2, 'reason': 'rel_win1=45.4%（本命度） / 最有力組み合わせ確率: 0.053（推定実オッズ?25倍） / 2着集中度: 上位2艇 70.4%（補正+0.04） / 総合判定確率: 0.093 / → ヒモ分散。1号艇1着固定で広めのヒモ流し推奨（買い目+2点）', 'tenji_trigger': '展示確認: ヒモ分散レース。1号艇伸び確認後、広めのヒモ流しを採用。穴ヒモ（5・6号艇）を積極的に含める。'}",,,33.6,両建て推奨,18,44,3,,,,,,,,,,,
2025-06-26,丸亀,3,1,峰重侑治,B1,29.07,1,◎,49.3319,,0,86.5,0.1648,3.0962,,,0,低,114,0,逃1%,3 14,0,90.8,1.2235,0.7333,,,,,0.2267,0.0533,0,○,,E,,,,0.6135,,0.4077,A,74,0,◎-○軸 3着3〜4艇流し（10〜15点）,0.5777,"{'is_target': True, 'verdict': '参加推奨', 'max_combo_prob': 0.0541, 'est_top_odds': 24.6, 'circle_concentration': 68.9, 'eligible_count': 8, 'bet_adj': 2, 'reason': 'rel_win1=49.3%（本命度） / 最有力組み合わせ確率: 0.054（推定実オッズ?25倍） / 2着集中度: 上位2艇 68.9%（補正+0.00） / 総合判定確率: 0.054 / → ヒモ分散。1号艇1着固定で広めのヒモ流し推奨（買い目+2点）', 'tenji_trigger': '展示確認: ヒモ分散レース。1号艇伸び確認後、広めのヒモ流しを採用。穴ヒモ（5・6号艇）を積極的に含める。'}",,,29,逃げ狙い,18.28,30.6,2,,,,,0,0,0.6155,0,,逃げ軸流し,A
2025-06-26,丸亀,3,2,森晋太郎,B1,43.09,2,○,17.7375,38,89,65.2,0.1461,3.163,,,0,低,64,0,ま0%,352,0,46.1,1.1128,0,0,0.2143,0,0,0,0.2,0.1333,,◎,B,△,,0.5199,0.6435,,0.4077,A,74,0,◎-○軸 3着3〜4艇流し（10〜15点）,0.5777,"{'is_target': True, 'verdict': '参加推奨', 'max_combo_prob': 0.0541, 'est_top_odds': 24.6, 'circle_concentration': 68.9, 'eligible_count': 8, 'bet_adj': 2, 'reason': 'rel_win1=49.3%（本命度） / 最有力組み合わせ確率: 0.054（推定実オッズ?25倍） / 2着集中度: 上位2艇 68.9%（補正+0.00） / 総合判定確率: 0.054 / → ヒモ分散。1号艇1着固定で広めのヒモ流し推奨（買い目+2点）', 'tenji_trigger': '展示確認: ヒモ分散レース。1号艇伸び確認後、広めのヒモ流しを採用。穴ヒモ（5・6号艇）を積極的に含める。'}",,,29,逃げ狙い,18.28,30.6,2,,,,,,,,,,,
2025-06-26,丸亀,3,3,小坂宗司,A2,40.76,3,▲,15.9442,31,100,63.6,0.1415,3.0364,,,0,低,123,0,差0% ま0% 差ま0% 抜0%,5 56,0,54.6,1.3219,0,0.0417,0.0417,0.125,0.0417,0.1467,0.0267,0.08,,○,C,,,0.4198,0.612,,0.4077,A,74,0,◎-○軸 3着3〜4艇流し（10〜15点）,0.5777,"{'is_target': True, 'verdict': '参加推奨', 'max_combo_prob': 0.0541, 'est_top_odds': 24.6, 'circle_concentration': 68.9, 'eligible_count': 8, 'bet_adj': 2, 'reason': 'rel_win1=49.3%（本命度） / 最有力組み合わせ確率: 0.054（推定実オッズ?25倍） / 2着集中度: 上位2艇 68.9%（補正+0.00） / 総合判定確率: 0.054 / → ヒモ分散。1号艇1着固定で広めのヒモ流し推奨（買い目+2点）', 'tenji_trigger': '展示確認: ヒモ分散レース。1号艇伸び確認後、広めのヒモ流しを採用。穴ヒモ（5・6号艇）を積極的に含める。'}",,,29,逃げ狙い,18.28,30.6,2,,,,,,,,,,,
2025-06-26,丸亀,3,4,片岡秀樹,B1,38.74,4,,7.5555,10.7,95,41.4,0.1597,3.3707,,,0,低,85,0,ま0%,6 44,0,32.5,0.89,0,0,0.0417,0,0,0.2778,0.3889,0.1111,,,C,△,,0.3039,0.6405,,0.4077,A,74,0,◎-○軸 3着3〜4艇流し（10〜15点）,0.5777,"{'is_target': True, 'verdict': '参加推奨', 'max_combo_prob': 0.0541, 'est_top_odds': 24.6, 'circle_concentration': 68.9, 'eligible_count': 8, 'bet_adj': 2, 'reason': 'rel_win1=49.3%（本命度） / 最有力組み合わせ確率: 0.054（推定実オッズ?25倍） / 2着集中度: 上位2艇 68.9%（補正+0.00） / 総合判定確率: 0.054 / → ヒモ分散。1号艇1着固定で広めのヒモ流し推奨（買い目+2点）', 'tenji_trigger': '展示確認: ヒモ分散レース。1号艇伸び確認後、広めのヒモ流しを採用。穴ヒモ（5・6号艇）を積極的に含める。'}",,,29,逃げ狙い,18.28,30.6,2,,,,,,,,,,,
2025-06-26,丸亀,3,5,川島圭司,A2,31.25,5,,6.3752,15.2,64,40,0.1509,2.9923,,,0,低,79,0,-,6 34,0,32,0.8929,0,0,0,0.0435,0,0.0353,0.1553,0.1553,,,D,○,,0.3284,0.665,,0.4077,A,74,0,◎-○軸 3着3〜4艇流し（10〜15点）,0.5777,"{'is_target': True, 'verdict': '参加推奨', 'max_combo_prob': 0.0541, 'est_top_odds': 24.6, 'circle_concentration': 68.9, 'eligible_count': 8, 'bet_adj': 2, 'reason': 'rel_win1=49.3%（本命度） / 最有力組み合わせ確率: 0.054（推定実オッズ?25倍） / 2着集中度: 上位2艇 68.9%（補正+0.00） / 総合判定確率: 0.054 / → ヒモ分散。1号艇1着固定で広めのヒモ流し推奨（買い目+2点）', 'tenji_trigger': '展示確認: ヒモ分散レース。1号艇伸び確認後、広めのヒモ流しを採用。穴ヒモ（5・6号艇）を積極的に含める。'}",,,29,逃げ狙い,18.28,30.6,2,,,,,,,,,,,
2025-06-26,丸亀,3,6,中村晃朋,A1,49.15,6,△,3.0557,5.2,87,40,0.163,3.8333,,,0,低,56,0,-,4 11,0,30,0.96,,,,,,0.1745,0,0.1564,,,A,◎,,0.3194,0.678,,0.4077,A,74,0,◎-○軸 3着3〜4艇流し（10〜15点）,0.5777,"{'is_target': True, 'verdict': '参加推奨', 'max_combo_prob': 0.0541, 'est_top_odds': 24.6, 'circle_concentration': 68.9, 'eligible_count': 8, 'bet_adj': 2, 'reason': 'rel_win1=49.3%（本命度） / 最有力組み合わせ確率: 0.054（推定実オッズ?25倍） / 2着集中度: 上位2艇 68.9%（補正+0.00） / 総合判定確率: 0.054 / → ヒモ分散。1号艇1着固定で広めのヒモ流し推奨（買い目+2点）', 'tenji_trigger': '展示確認: ヒモ分散レース。1号艇伸び確認後、広めのヒモ流しを採用。穴ヒモ（5・6号艇）を積極的に含める。'}",,,29,逃げ狙い,18.28,30.6,2,,,,,,,,,,,
2025-06-26,丸亀,4,1,宮村勇哉,B1,30.00,1,◎,35.2072,,0,65.6,0.1631,2.9375,,,0,低,96,0,逃0%,151,0,38.5,0.8131,0.3333,,,,,0.25,0.0833,0.25,△,,D,,,,0.583,,0.2714,D,32,1,大荒れ。見送り推奨,0.5777,"{'is_target': False, 'verdict': '対象外', 'max_combo_prob': None, 'est_top_odds': None, 'circle_concentration': None, 'eligible_count': 0, 'bet_adj': 0, 'reason': '1号艇rel_win1 < 45%: 通常判定に委ねる', 'tenji_trigger': ''}",,,33.1,両建て推奨,25.75,36,4,4-5-6|4-6-5|1-2-4|1-3-4|1-2-5|1-4-5|1-4-2,4-5-6|2-1-3|3-2-5|3-5-2|6-1-2|3-1-5|4-6-5|1-2-4|1-3-4|1-2-5|1-4-5|1-4-2,4-5-6:2.41%|4-6-5:1.21%|1-2-4:7.97%|1-3-4:6.45%|1-2-5:6.07%|1-4-5:5.8%|1-4-2:5.47%,4-5-6:B_main|4-6-5:B_main|1-2-4:A|1-3-4:A|1-2-5:A|1-4-5:A|1-4-2:A,7,12,0.4535,1,[!]見送り推奨（主役決まり手「まくり」― 逃げ劣勢レースで的中実績なし）,荒れ広め,D
2025-06-26,丸亀,4,2,烏野賢太,B1,46.93,2,△,14.571,37.2,85,62.7,0.1708,4.0169,,,0,低,135,0,-,454,0,100,2.4529,0,0.1905,0,0,0,0.1153,0.145,0,,,B,◎,,0.2676,0.663,,0.2714,D,32,1,大荒れ。見送り推奨,0.5777,"{'is_target': False, 'verdict': '対象外', 'max_combo_prob': None, 'est_top_odds': None, 'circle_concentration': None, 'eligible_count': 0, 'bet_adj': 0, 'reason': '1号艇rel_win1 < 45%: 通常判定に委ねる', 'tenji_trigger': ''}",,,33.1,両建て推奨,25.75,36,4,,,,,,,,,,,
2025-06-26,丸亀,4,3,田川大貴,A2,26.63,3,,14.8285,24.8,100,57.4,0.1567,3.1885,,,0,低,91,0,-,662,0,31.1,1.0375,0,0,0.0714,0.0714,0.0714,0.1434,0.0774,0.1003,,,E,△,,0.3249,0.616,,0.2714,D,32,1,大荒れ。見送り推奨,0.5777,"{'is_target': False, 'verdict': '対象外', 'max_combo_prob': None, 'est_top_odds': None, 'circle_concentration': None, 'eligible_count': 0, 'bet_adj': 0, 'reason': '1号艇rel_win1 < 45%: 通常判定に委ねる', 'tenji_trigger': ''}",,,33.1,両建て推奨,25.75,36,4,,,,,,,,,,,
2025-06-26,丸亀,4,4,中野仁照,A1,34.74,4,○,19.7894,21,93,81.5,0.0911,1.7037,,,0,低,35,0,ま0% 抜0%,2 12,0,95.8,1.9117,0,0,0.4286,0,0.1429,0,0,0.3636,,◎,C,○,◎,0.5839,0.623,0.463,0.2714,D,32,1,大荒れ。見送り推奨,0.5777,"{'is_target': False, 'verdict': '対象外', 'max_combo_prob': None, 'est_top_odds': None, 'circle_concentration': None, 'eligible_count': 0, 'bet_adj': 0, 'reason': '1号艇rel_win1 < 45%: 通常判定に委ねる', 'tenji_trigger': ''}",,,33.1,両建て推奨,25.75,36,4,,,,,,,,,,,
2025-06-26,丸亀,4,5,後藤盛也,A2,40.12,5,▲,12.1345,13.6,59,39.6,0.1236,2.5189,,,0,低,72,0,差ま0%,6 23,0,60.2,1.3607,0,0,0,0.05,0,0.28,0.1307,0,,,C,△,○,0.396,0.6145,0.3277,0.2714,D,32,1,大荒れ。見送り推奨,0.5777,"{'is_target': False, 'verdict': '対象外', 'max_combo_prob': None, 'est_top_odds': None, 'circle_concentration': None, 'eligible_count': 0, 'bet_adj': 0, 'reason': '1号艇rel_win1 < 45%: 通常判定に委ねる', 'tenji_trigger': ''}",,,33.1,両建て推奨,25.75,36,4,,,,,,,,,,,
2025-06-26,丸亀,4,6,金山立樹,B1,47.51,6,,3.4695,3.4,54,25,0.2002,4.3846,,,0,低,147,0,差0%,2 25,0,32.7,1.0358,0,0.05,0,0,0,0.3513,0.2185,0.0706,,,A,,,0.1664,0.565,,0.2714,D,32,1,大荒れ。見送り推奨,0.5777,"{'is_target': False, 'verdict': '対象外', 'max_combo_prob': None, 'est_top_odds': None, 'circle_concentration': None, 'eligible_count': 0, 'bet_adj': 0, 'reason': '1号艇rel_win1 < 45%: 通常判定に委ねる', 'tenji_trigger': ''}",,,33.1,両建て推奨,25.75,36,4,,,,,,,,,,,
2025-06-26,丸亀,5,1,垂水　悠,B1,38.17,1,◎,45.4778,,0,71.4,0.1325,2.7857,,,0,低,36,0,逃0%,3 26,0,66,0.9128,0.2308,,,,,0.3077,0.2308,0.2308,◎,,B,△,,,0.632,,0.5398,A,68,0,◎-○軸 3着3〜4艇流し（10〜15点）,0.5777,"{'is_target': True, 'verdict': '参加推奨', 'max_combo_prob': 0.0732, 'est_top_odds': 18.2, 'circle_concentration': 70.1, 'eligible_count': 8, 'bet_adj': 2, 'reason': 'rel_win1=45.5%（本命度） / 最有力組み合わせ確率: 0.073（推定実オッズ?18倍） / 2着集中度: 上位2艇 70.1%（補正+0.04） / 総合判定確率: 0.113 / → ヒモ分散。1号艇1着固定で広めのヒモ流し推奨（買い目+2点）', 'tenji_trigger': '展示確認: ヒモ分散レース。1号艇伸び確認後、広めのヒモ流しを採用。穴ヒモ（5・6号艇）を積極的に含める。\n展示で1号艇スタート超安定(0.133秒)→ヒモ固まり方向に注意'}",,,32.2,逃げ狙い,20.16,38.2,2,,,,,0,0,0.7559,0,,逃げ軸流し,A
2025-06-26,丸亀,5,2,杉山裕也,A1,26.25,2,△,17.8889,48.9,35,72.7,0.1532,2.9205,,,0,低,84,0,差0% ま0%,3533,0,65,1.219,0,0.1364,0.0909,0,0,0,0.2625,0.1375,,,E,◎,,0.1691,0.6625,,0.5398,A,68,0,◎-○軸 3着3〜4艇流し（10〜15点）,0.5777,"{'is_target': True, 'verdict': '参加推奨', 'max_combo_prob': 0.0732, 'est_top_odds': 18.2, 'circle_concentration': 70.1, 'eligible_count': 8, 'bet_adj': 2, 'reason': 'rel_win1=45.5%（本命度） / 最有力組み合わせ確率: 0.073（推定実オッズ?18倍） / 2着集中度: 上位2艇 70.1%（補正+0.04） / 総合判定確率: 0.113 / → ヒモ分散。1号艇1着固定で広めのヒモ流し推奨（買い目+2点）', 'tenji_trigger': '展示確認: ヒモ分散レース。1号艇伸び確認後、広めのヒモ流しを採用。穴ヒモ（5・6号艇）を積極的に含める。\n展示で1号艇スタート超安定(0.133秒)→ヒモ固まり方向に注意'}",,,32.2,逃げ狙い,20.16,38.2,2,,,,,,,,,,,
2025-06-26,丸亀,5,3,山崎　祥,B1,31.87,3,○,14.4645,21.2,62,58.7,0.1707,3.3043,,,0,低,131,0,ま0% 差ま0%,6 24,0,55.4,1.2088,0,0,0.1364,0.0909,0,0.3238,0,0.0667,,,C,,,0.1752,0.5955,,0.5398,A,68,0,◎-○軸 3着3〜4艇流し（10〜15点）,0.5777,"{'is_target': True, 'verdict': '参加推奨', 'max_combo_prob': 0.0732, 'est_top_odds': 18.2, 'circle_concentration': 70.1, 'eligible_count': 8, 'bet_adj': 2, 'reason': 'rel_win1=45.5%（本命度） / 最有力組み合わせ確率: 0.073（推定実オッズ?18倍） / 2着集中度: 上位2艇 70.1%（補正+0.04） / 総合判定確率: 0.113 / → ヒモ分散。1号艇1着固定で広めのヒモ流し推奨（買い目+2点）', 'tenji_trigger': '展示確認: ヒモ分散レース。1号艇伸び確認後、広めのヒモ流しを採用。穴ヒモ（5・6号艇）を積極的に含める。\n展示で1号艇スタート超安定(0.133秒)→ヒモ固まり方向に注意'}",,,32.2,逃げ狙い,20.16,38.2,2,,,,,,,,,,,
2025-06-26,丸亀,5,4,間嶋仁志,B1,34.29,4,▲,11.0213,10.2,65,46,0.1932,3.9921,,,0,低,136,0,-,5 46,0,47.3,1.0519,0,0.0417,0.0417,0,0,0.048,0.048,0.412,,,B,△,○,0.1436,0.6285,0.1999,0.5398,A,68,0,◎-○軸 3着3〜4艇流し（10〜15点）,0.5777,"{'is_target': True, 'verdict': '参加推奨', 'max_combo_prob': 0.0732, 'est_top_odds': 18.2, 'circle_concentration': 70.1, 'eligible_count': 8, 'bet_adj': 2, 'reason': 'rel_win1=45.5%（本命度） / 最有力組み合わせ確率: 0.073（推定実オッズ?18倍） / 2着集中度: 上位2艇 70.1%（補正+0.04） / 総合判定確率: 0.113 / → ヒモ分散。1号艇1着固定で広めのヒモ流し推奨（買い目+2点）', 'tenji_trigger': '展示確認: ヒモ分散レース。1号艇伸び確認後、広めのヒモ流しを採用。穴ヒモ（5・6号艇）を積極的に含める。\n展示で1号艇スタート超安定(0.133秒)→ヒモ固まり方向に注意'}",,,32.2,逃げ狙い,20.16,38.2,2,,,,,,,,,,,
2025-06-26,丸亀,5,5,樋口　亮,A2,29.51,5,,8.7022,13.5,77,51.7,0.1731,3.7069,,,0,低,133,0,抜0%,365,0,87.7,1.5229,0,0,0,0,0.0909,0.2161,0.0805,0.0276,,,D,,◎,0.2187,0.601,0.2909,0.5398,A,68,0,◎-○軸 3着3〜4艇流し（10〜15点）,0.5777,"{'is_target': True, 'verdict': '参加推奨', 'max_combo_prob': 0.0732, 'est_top_odds': 18.2, 'circle_concentration': 70.1, 'eligible_count': 8, 'bet_adj': 2, 'reason': 'rel_win1=45.5%（本命度） / 最有力組み合わせ確率: 0.073（推定実オッズ?18倍） / 2着集中度: 上位2艇 70.1%（補正+0.04） / 総合判定確率: 0.113 / → ヒモ分散。1号艇1着固定で広めのヒモ流し推奨（買い目+2点）', 'tenji_trigger': '展示確認: ヒモ分散レース。1号艇伸び確認後、広めのヒモ流しを採用。穴ヒモ（5・6号艇）を積極的に含める。\n展示で1号艇スタート超安定(0.133秒)→ヒモ固まり方向に注意'}",,,32.2,逃げ狙い,20.16,38.2,2,,,,,,,,,,,
2025-06-26,丸亀,5,6,谷村一哉,A2,33.16,6,,2.4452,6.2,100,56.8,0.1755,3.7614,,,0,低,78,0,-,434,0,28.6,0.5672,0,0,0,0.0588,0,0.0542,0.0708,0.1083,,,C,○,,0.1831,0.642,,0.5398,A,68,0,◎-○軸 3着3〜4艇流し（10〜15点）,0.5777,"{'is_target': True, 'verdict': '参加推奨', 'max_combo_prob': 0.0732, 'est_top_odds': 18.2, 'circle_concentration': 70.1, 'eligible_count': 8, 'bet_adj': 2, 'reason': 'rel_win1=45.5%（本命度） / 最有力組み合わせ確率: 0.073（推定実オッズ?18倍） / 2着集中度: 上位2艇 70.1%（補正+0.04） / 総合判定確率: 0.113 / → ヒモ分散。1号艇1着固定で広めのヒモ流し推奨（買い目+2点）', 'tenji_trigger': '展示確認: ヒモ分散レース。1号艇伸び確認後、広めのヒモ流しを採用。穴ヒモ（5・6号艇）を積極的に含める。\n展示で1号艇スタート超安定(0.133秒)→ヒモ固まり方向に注意'}",,,32.2,逃げ狙い,20.16,38.2,2,,,,,,,,,,,
2025-06-26,丸亀,6,1,松井友汰,A2,36.81,1,◎,51.0964,,0,97.7,0.1534,2.9886,,,0,低,110,0,逃1%,451,0,78.5,1.2059,0.6364,,,,,0.0182,0.2409,0.0182,◎,,C,,,,0.558,,0.472,S,82,0,◎1着固定 2-3着流し（5〜8点）,0.5777,"{'is_target': True, 'verdict': '参加推奨', 'max_combo_prob': 0.0639, 'est_top_odds': 20.9, 'circle_concentration': 71.1, 'eligible_count': 6, 'bet_adj': 2, 'reason': 'rel_win1=51.1%（本命度） / 最有力組み合わせ確率: 0.064（推定実オッズ?21倍） / 2着集中度: 上位2艇 71.1%（補正+0.04） / 総合判定確率: 0.104 / → ヒモ分散。1号艇1着固定で広めのヒモ流し推奨（買い目+2点）', 'tenji_trigger': '展示確認: ヒモ分散レース。1号艇伸び確認後、広めのヒモ流しを採用。穴ヒモ（5・6号艇）を積極的に含める。'}",,,29.9,逃げ狙い,22.75,29.5,3,,,,,0,0,0.7559,0,,逃げ軸流し,A
2025-06-26,丸亀,6,2,鈴木雅希,B1,40.76,2,○,13.0055,39.7,66,67.8,0.1498,3.3729,,,0,低,98,0,差0% ま0%,121,0,98.1,1.0941,0,0.129,0.0323,0,0,0.048,0.064,0.296,,○,B,△,,0.363,0.6285,,0.472,S,82,0,◎1着固定 2-3着流し（5〜8点）,0.5777,"{'is_target': True, 'verdict': '参加推奨', 'max_combo_prob': 0.0639, 'est_top_odds': 20.9, 'circle_concentration': 71.1, 'eligible_count': 6, 'bet_adj': 2, 'reason': 'rel_win1=51.1%（本命度） / 最有力組み合わせ確率: 0.064（推定実オッズ?21倍） / 2着集中度: 上位2艇 71.1%（補正+0.04） / 総合判定確率: 0.104 / → ヒモ分散。1号艇1着固定で広めのヒモ流し推奨（買い目+2点）', 'tenji_trigger': '展示確認: ヒモ分散レース。1号艇伸び確認後、広めのヒモ流しを採用。穴ヒモ（5・6号艇）を積極的に含める。'}",,,29.9,逃げ狙い,22.75,29.5,3,,,,,,,,,,,
2025-06-26,丸亀,6,3,島田賢人,A1,36.57,3,▲,18.2086,23.1,100,75,0.1487,3.3462,,,0,低,92,0,差0% ま0% 差ま0%,433,0,60.7,1.5427,0,0.04,0.12,0.08,0,0,0.125,0.125,,,C,△,,0.3295,0.634,,0.472,S,82,0,◎1着固定 2-3着流し（5〜8点）,0.5777,"{'is_target': True, 'verdict': '参加推奨', 'max_combo_prob': 0.0639, 'est_top_odds': 20.9, 'circle_concentration': 71.1, 'eligible_count': 6, 'bet_adj': 2, 'reason': 'rel_win1=51.1%（本命度） / 最有力組み合わせ確率: 0.064（推定実オッズ?21倍） / 2着集中度: 上位2艇 71.1%（補正+0.04） / 総合判定確率: 0.104 / → ヒモ分散。1号艇1着固定で広めのヒモ流し推奨（買い目+2点）', 'tenji_trigger': '展示確認: ヒモ分散レース。1号艇伸び確認後、広めのヒモ流しを採用。穴ヒモ（5・6号艇）を積極的に含める。'}",,,29.9,逃げ狙い,22.75,29.5,3,,,,,,,,,,,
2025-06-26,丸亀,6,4,村岡賢人,A1,34.43,4,△,11.8135,31.5,80,89.8,0.1057,2.4184,,,0,低,30,0,差0% 差ま0%,1 31,0,84.8,1.727,0,0.0526,0,0.0526,0,0.0148,0.1644,0.1941,,◎,D,◎,◎,0.4602,0.805,0.5322,0.472,S,82,0,◎1着固定 2-3着流し（5〜8点）,0.5777,"{'is_target': True, 'verdict': '参加推奨', 'max_combo_prob': 0.0639, 'est_top_odds': 20.9, 'circle_concentration': 71.1, 'eligible_count': 6, 'bet_adj': 2, 'reason': 'rel_win1=51.1%（本命度） / 最有力組み合わせ確率: 0.064（推定実オッズ?21倍） / 2着集中度: 上位2艇 71.1%（補正+0.04） / 総合判定確率: 0.104 / → ヒモ分散。1号艇1着固定で広めのヒモ流し推奨（買い目+2点）', 'tenji_trigger': '展示確認: ヒモ分散レース。1号艇伸び確認後、広めのヒモ流しを採用。穴ヒモ（5・6号艇）を積極的に含める。'}",,,29.9,逃げ狙い,22.75,29.5,3,,,,,,,,,,,
2025-06-26,丸亀,6,5,沖島広和,B1,37.64,5,,3.3736,3.7,86,34.4,0.1908,4.3361,,,0,低,143,0,-,2 62,0,34.3,1.0788,0,0,0,0.0357,0,0.2615,0.0308,0.1769,,,B,○,,0.1631,0.637,,0.472,S,82,0,◎1着固定 2-3着流し（5〜8点）,0.5777,"{'is_target': True, 'verdict': '参加推奨', 'max_combo_prob': 0.0639, 'est_top_odds': 20.9, 'circle_concentration': 71.1, 'eligible_count': 6, 'bet_adj': 2, 'reason': 'rel_win1=51.1%（本命度） / 最有力組み合わせ確率: 0.064（推定実オッズ?21倍） / 2着集中度: 上位2艇 71.1%（補正+0.04） / 総合判定確率: 0.104 / → ヒモ分散。1号艇1着固定で広めのヒモ流し推奨（買い目+2点）', 'tenji_trigger': '展示確認: ヒモ分散レース。1号艇伸び確認後、広めのヒモ流しを採用。穴ヒモ（5・6号艇）を積極的に含める。'}",,,29.9,逃げ狙い,22.75,29.5,3,,,,,,,,,,,
2025-06-26,丸亀,6,6,古田祐貴,B1,29.44,6,,2.5024,2.1,51,24.2,0.1742,4.0379,,,0,低,105,0,-,2 15,0,36.1,2.0669,,,,,,0.2088,0.1971,0.1338,,,E,,,0.2477,0.6265,,0.472,S,82,0,◎1着固定 2-3着流し（5〜8点）,0.5777,"{'is_target': True, 'verdict': '参加推奨', 'max_combo_prob': 0.0639, 'est_top_odds': 20.9, 'circle_concentration': 71.1, 'eligible_count': 6, 'bet_adj': 2, 'reason': 'rel_win1=51.1%（本命度） / 最有力組み合わせ確率: 0.064（推定実オッズ?21倍） / 2着集中度: 上位2艇 71.1%（補正+0.04） / 総合判定確率: 0.104 / → ヒモ分散。1号艇1着固定で広めのヒモ流し推奨（買い目+2点）', 'tenji_trigger': '展示確認: ヒモ分散レース。1号艇伸び確認後、広めのヒモ流しを採用。穴ヒモ（5・6号艇）を積極的に含める。'}",,,29.9,逃げ狙い,22.75,29.5,3,,,,,,,,,,,
2025-06-26,丸亀,7,1,白井友晴,A2,40.66,1,◎,48.913,,0,77.2,0.1854,4.4561,,,0,低,164,0,逃1%,6 56,0,83.3,1.1134,0.1818,,,,,0.1091,0.3491,0.0545,,,C,◎,,,0.671,,0.1773,A,60,0,◎-○軸 3着3〜4艇流し（10〜15点）,0.5777,"{'is_target': True, 'verdict': '点数絞り', 'max_combo_prob': 0.1148, 'est_top_odds': 11.6, 'circle_concentration': 76.5, 'eligible_count': 8, 'bet_adj': 0, 'reason': 'rel_win1=48.9%（本命度） / 最有力組み合わせ確率: 0.115（推定実オッズ?12倍） / 2着集中度: 上位2艇 76.5%（補正+0.04） / 総合判定確率: 0.155 / → ヒモはやや固め。上位2艇以外を切ること', 'tenji_trigger': '展示確認: 1号艇伸び良→そのまま採用。悪→飛び組に差し替え。circle_pct上位2艇に絞り込むこと。\n展示で1号艇スタート遅め(0.185秒)確認→ヒモが荒れやすい'}",,,37.1,両建て推奨,21.94,36.3,2,2-1-3|2-1-5|2-1-4|2-3-1|2-5-1|2-5-3|2-3-5|1-2-3|1-2-5|1-3-2,2-1-3|2-1-5|2-1-4|2-3-1|2-5-1|2-5-3|2-3-5|5-1-6|1-2-3|1-2-5|5-6-1|1-3-2,2-1-3:2.65%|2-1-5:1.51%|2-1-4:1.46%|2-3-1:0.85%|2-5-1:0.53%|2-5-3:0.2%|2-3-5:0.18%|1-2-3:6.1%|1-2-5:5.66%|1-3-2:3.58%,2-1-3:B_main|2-1-5:B_main|2-1-4:B_main|2-3-1:B_main|2-5-1:B_main|2-5-3:B_main|2-3-5:B_main|1-2-3:A|1-2-5:A|1-3-2:A,10,12,0.2915,1,[!]見送り推奨（主役決まり手「差し」― 逃げ劣勢レースで的中実績なし）,主役軸流し,B
2025-06-26,丸亀,7,2,豊田健士,A1,33.51,2,△,23.7564,57.5,51,86.2,0.1493,2.931,,,0,低,48,0,差0% ま0%,241,0,86.1,1.4748,0,0.1429,0.1429,0,0,0.0952,0.0952,0.0952,,◎,D,△,,0.6014,0.6615,,0.1773,A,60,0,◎-○軸 3着3〜4艇流し（10〜15点）,0.5777,"{'is_target': True, 'verdict': '点数絞り', 'max_combo_prob': 0.1148, 'est_top_odds': 11.6, 'circle_concentration': 76.5, 'eligible_count': 8, 'bet_adj': 0, 'reason': 'rel_win1=48.9%（本命度） / 最有力組み合わせ確率: 0.115（推定実オッズ?12倍） / 2着集中度: 上位2艇 76.5%（補正+0.04） / 総合判定確率: 0.155 / → ヒモはやや固め。上位2艇以外を切ること', 'tenji_trigger': '展示確認: 1号艇伸び良→そのまま採用。悪→飛び組に差し替え。circle_pct上位2艇に絞り込むこと。\n展示で1号艇スタート遅め(0.185秒)確認→ヒモが荒れやすい'}",,,37.1,両建て推奨,21.94,36.3,2,,,,,,,,,,,
2025-06-26,丸亀,7,3,森晋太郎,B1,43.09,3,○,11.4939,19,52,51,0.141,2.8824,,,0,低,64,0,-,352,0,83.6,1.5835,0,0,0.0476,0.0476,0,0,0.2,0.1333,,○,B,△,,0.4989,0.6435,,0.1773,A,60,0,◎-○軸 3着3〜4艇流し（10〜15点）,0.5777,"{'is_target': True, 'verdict': '点数絞り', 'max_combo_prob': 0.1148, 'est_top_odds': 11.6, 'circle_concentration': 76.5, 'eligible_count': 8, 'bet_adj': 0, 'reason': 'rel_win1=48.9%（本命度） / 最有力組み合わせ確率: 0.115（推定実オッズ?12倍） / 2着集中度: 上位2艇 76.5%（補正+0.04） / 総合判定確率: 0.155 / → ヒモはやや固め。上位2艇以外を切ること', 'tenji_trigger': '展示確認: 1号艇伸び良→そのまま採用。悪→飛び組に差し替え。circle_pct上位2艇に絞り込むこと。\n展示で1号艇スタート遅め(0.185秒)確認→ヒモが荒れやすい'}",,,37.1,両建て推奨,21.94,36.3,2,,,,,,,,,,,
2025-06-26,丸亀,7,4,岩津徹郎,B1,36.16,4,,5.6881,9.6,100,51.1,0.1674,3.4681,,,0,低,117,0,-,524,0,24.2,0.6787,,,,,,0.0706,0.0941,0.2706,,,C,,,0.4352,0.574,,0.1773,A,60,0,◎-○軸 3着3〜4艇流し（10〜15点）,0.5777,"{'is_target': True, 'verdict': '点数絞り', 'max_combo_prob': 0.1148, 'est_top_odds': 11.6, 'circle_concentration': 76.5, 'eligible_count': 8, 'bet_adj': 0, 'reason': 'rel_win1=48.9%（本命度） / 最有力組み合わせ確率: 0.115（推定実オッズ?12倍） / 2着集中度: 上位2艇 76.5%（補正+0.04） / 総合判定確率: 0.155 / → ヒモはやや固め。上位2艇以外を切ること', 'tenji_trigger': '展示確認: 1号艇伸び良→そのまま採用。悪→飛び組に差し替え。circle_pct上位2艇に絞り込むこと。\n展示で1号艇スタート遅め(0.185秒)確認→ヒモが荒れやすい'}",,,37.1,両建て推奨,21.94,36.3,2,,,,,,,,,,,
2025-06-26,丸亀,7,5,西岡顕心,A1,31.75,5,,6.7166,12.8,56,61.5,0.1577,3.4615,,,0,低,55,0,-,431,0,68.1,1.2286,0,0,0,0.125,0,0,0.0714,0,,,E,,,0.4417,0.6245,,0.1773,A,60,0,◎-○軸 3着3〜4艇流し（10〜15点）,0.5777,"{'is_target': True, 'verdict': '点数絞り', 'max_combo_prob': 0.1148, 'est_top_odds': 11.6, 'circle_concentration': 76.5, 'eligible_count': 8, 'bet_adj': 0, 'reason': 'rel_win1=48.9%（本命度） / 最有力組み合わせ確率: 0.115（推定実オッズ?12倍） / 2着集中度: 上位2艇 76.5%（補正+0.04） / 総合判定確率: 0.155 / → ヒモはやや固め。上位2艇以外を切ること', 'tenji_trigger': '展示確認: 1号艇伸び良→そのまま採用。悪→飛び組に差し替え。circle_pct上位2艇に絞り込むこと。\n展示で1号艇スタート遅め(0.185秒)確認→ヒモが荒れやすい'}",,,37.1,両建て推奨,21.94,36.3,2,,,,,,,,,,,
2025-06-26,丸亀,7,6,上原　崚,B1,45.61,6,▲,3.4321,1.1,37,28.9,0.1479,2.7632,,,0,低,42,0,-,1 36,0,58.6,1.1847,,,,,,0.2381,0.0571,0.119,,△,B,○,,0.4828,0.663,,0.1773,A,60,0,◎-○軸 3着3〜4艇流し（10〜15点）,0.5777,"{'is_target': True, 'verdict': '点数絞り', 'max_combo_prob': 0.1148, 'est_top_odds': 11.6, 'circle_concentration': 76.5, 'eligible_count': 8, 'bet_adj': 0, 'reason': 'rel_win1=48.9%（本命度） / 最有力組み合わせ確率: 0.115（推定実オッズ?12倍） / 2着集中度: 上位2艇 76.5%（補正+0.04） / 総合判定確率: 0.155 / → ヒモはやや固め。上位2艇以外を切ること', 'tenji_trigger': '展示確認: 1号艇伸び良→そのまま採用。悪→飛び組に差し替え。circle_pct上位2艇に絞り込むこと。\n展示で1号艇スタート遅め(0.185秒)確認→ヒモが荒れやすい'}",,,37.1,両建て推奨,21.94,36.3,2,,,,,,,,,,,
2025-06-26,丸亀,8,1,横澤剛治,A1,38.95,1,◎,70.0547,,0,94.4,0.1585,3.6389,,,0,低,96,0,逃1%,1255,0,92.1,1.2451,0.7083,,,,,0.0167,0.0667,0.1533,○,,A,◎,,,0.666,,0.4417,S,84,0,◎1着固定 2-3着流し（5〜8点）,0.5777,"{'is_target': True, 'verdict': '参加推奨', 'max_combo_prob': 0.1087, 'est_top_odds': 12.3, 'circle_concentration': 68.1, 'eligible_count': 6, 'bet_adj': 2, 'reason': 'rel_win1=70.1%（本命度） / 最有力組み合わせ確率: 0.109（推定実オッズ?12倍） / 2着集中度: 上位2艇 68.1%（補正+0.00） / 総合判定確率: 0.109 / → ヒモ分散。1号艇1着固定で広めのヒモ流し推奨（買い目+2点）', 'tenji_trigger': '展示確認: ヒモ分散レース。1号艇伸び確認後、広めのヒモ流しを採用。穴ヒモ（5・6号艇）を積極的に含める。'}",,,26.8,逃げ狙い,16,26.5,4,,,,,0,0,0.6155,0,,逃げ軸流し,A
2025-06-26,丸亀,8,2,丹下　将,A2,27.37,2,,7.3336,42.3,100,61.9,0.1743,3.8333,,,0,低,115,0,差0%,6442,0,40.9,0.9957,0,0.0645,0,0,0,0.0588,0.2067,0.1445,,,D,△,,0.1555,0.66,,0.4417,S,84,0,◎1着固定 2-3着流し（5〜8点）,0.5777,"{'is_target': True, 'verdict': '参加推奨', 'max_combo_prob': 0.1087, 'est_top_odds': 12.3, 'circle_concentration': 68.1, 'eligible_count': 6, 'bet_adj': 2, 'reason': 'rel_win1=70.1%（本命度） / 最有力組み合わせ確率: 0.109（推定実オッズ?12倍） / 2着集中度: 上位2艇 68.1%（補正+0.00） / 総合判定確率: 0.109 / → ヒモ分散。1号艇1着固定で広めのヒモ流し推奨（買い目+2点）', 'tenji_trigger': '展示確認: ヒモ分散レース。1号艇伸び確認後、広めのヒモ流しを採用。穴ヒモ（5・6号艇）を積極的に含める。'}",,,26.8,逃げ狙い,16,26.5,4,,,,,,,,,,,
2025-06-26,丸亀,8,3,岡部　哲,B1,26.25,3,△,9.0335,25.9,69,50,0.143,2.7963,,,0,低,119,0,ま0%,625,0,36.2,0.9396,0,0,0.0455,0,0,0.1762,0.3762,0.2143,,○,E,△,,0.3621,0.6265,,0.4417,S,84,0,◎1着固定 2-3着流し（5〜8点）,0.5777,"{'is_target': True, 'verdict': '参加推奨', 'max_combo_prob': 0.1087, 'est_top_odds': 12.3, 'circle_concentration': 68.1, 'eligible_count': 6, 'bet_adj': 2, 'reason': 'rel_win1=70.1%（本命度） / 最有力組み合わせ確率: 0.109（推定実オッズ?12倍） / 2着集中度: 上位2艇 68.1%（補正+0.00） / 総合判定確率: 0.109 / → ヒモ分散。1号艇1着固定で広めのヒモ流し推奨（買い目+2点）', 'tenji_trigger': '展示確認: ヒモ分散レース。1号艇伸び確認後、広めのヒモ流しを採用。穴ヒモ（5・6号艇）を積極的に含める。'}",,,26.8,逃げ狙い,16,26.5,4,,,,,,,,,,,
2025-06-26,丸亀,8,4,川島圭司,A2,31.25,4,○,10.9376,21.9,51,58,0.1228,2.6014,,,0,低,79,0,-,6 34,0,61.3,1.2196,0,0,0.0625,0.0938,0.0312,0.0353,0.1553,0.1553,,◎,C,○,◎,0.4417,0.665,0.4628,0.4417,S,84,0,◎1着固定 2-3着流し（5〜8点）,0.5777,"{'is_target': True, 'verdict': '参加推奨', 'max_combo_prob': 0.1087, 'est_top_odds': 12.3, 'circle_concentration': 68.1, 'eligible_count': 6, 'bet_adj': 2, 'reason': 'rel_win1=70.1%（本命度） / 最有力組み合わせ確率: 0.109（推定実オッズ?12倍） / 2着集中度: 上位2艇 68.1%（補正+0.00） / 総合判定確率: 0.109 / → ヒモ分散。1号艇1着固定で広めのヒモ流し推奨（買い目+2点）', 'tenji_trigger': '展示確認: ヒモ分散レース。1号艇伸び確認後、広めのヒモ流しを採用。穴ヒモ（5・6号艇）を積極的に含める。'}",,,26.8,逃げ狙い,16,26.5,4,,,,,,,,,,,
2025-06-26,丸亀,8,5,宮村勇哉,B1,30.00,5,,1.6515,8,26,15.6,0.1805,3.6875,,,0,低,96,0,-,151,0,27.7,0.6807,,,,,,0.25,0.0833,0.25,,,D,,,0.2413,0.583,,0.4417,S,84,0,◎1着固定 2-3着流し（5〜8点）,0.5777,"{'is_target': True, 'verdict': '参加推奨', 'max_combo_prob': 0.1087, 'est_top_odds': 12.3, 'circle_concentration': 68.1, 'eligible_count': 6, 'bet_adj': 2, 'reason': 'rel_win1=70.1%（本命度） / 最有力組み合わせ確率: 0.109（推定実オッズ?12倍） / 2着集中度: 上位2艇 68.1%（補正+0.00） / 総合判定確率: 0.109 / → ヒモ分散。1号艇1着固定で広めのヒモ流し推奨（買い目+2点）', 'tenji_trigger': '展示確認: ヒモ分散レース。1号艇伸び確認後、広めのヒモ流しを採用。穴ヒモ（5・6号艇）を積極的に含める。'}",,,26.8,逃げ狙い,16,26.5,4,,,,,,,,,,,
2025-06-26,丸亀,8,6,仲　航太,B1,32.58,6,▲,0.989,2,42,18.9,0.2224,4.6622,,,0,低,93,0,-,345,0,23.4,0.8675,,,,,,0.16,0.12,0.12,,,C,,,0.135,0.554,,0.4417,S,84,0,◎1着固定 2-3着流し（5〜8点）,0.5777,"{'is_target': True, 'verdict': '参加推奨', 'max_combo_prob': 0.1087, 'est_top_odds': 12.3, 'circle_concentration': 68.1, 'eligible_count': 6, 'bet_adj': 2, 'reason': 'rel_win1=70.1%（本命度） / 最有力組み合わせ確率: 0.109（推定実オッズ?12倍） / 2着集中度: 上位2艇 68.1%（補正+0.00） / 総合判定確率: 0.109 / → ヒモ分散。1号艇1着固定で広めのヒモ流し推奨（買い目+2点）', 'tenji_trigger': '展示確認: ヒモ分散レース。1号艇伸び確認後、広めのヒモ流しを採用。穴ヒモ（5・6号艇）を積極的に含める。'}",,,26.8,逃げ狙い,16,26.5,4,,,,,,,,,,,
2025-06-26,丸亀,9,1,田川大貴,A2,26.63,1,◎,52.7563,,0,87.3,0.1525,2.9444,,,0,低,91,0,逃0%,662,0,55.3,0.9359,0.6,,,,,0.1434,0.0774,0.1003,○,,D,,,,0.616,,0.4338,A,67,0,◎-○軸 3着3〜4艇流し（10〜15点）,0.5777,"{'is_target': True, 'verdict': '参加推奨', 'max_combo_prob': 0.0649, 'est_top_odds': 20.6, 'circle_concentration': 62.9, 'eligible_count': 8, 'bet_adj': 2, 'reason': 'rel_win1=52.8%（本命度） / 最有力組み合わせ確率: 0.065（推定実オッズ?21倍） / 2着集中度: 上位2艇 62.9%（補正+0.00） / 総合判定確率: 0.065 / → ヒモ分散。1号艇1着固定で広めのヒモ流し推奨（買い目+2点）', 'tenji_trigger': '展示確認: ヒモ分散レース。1号艇伸び確認後、広めのヒモ流しを採用。穴ヒモ（5・6号艇）を積極的に含める。'}",,,29.8,逃げ狙い,22,29.9,3,,,,,0,0,0.6155,0,,逃げ軸流し,A
2025-06-26,丸亀,9,2,三好勇人,A2,42.13,2,○,12.1578,38.6,100,70.3,0.1291,2.4297,,,0,低,88,0,-,6144,0,27.1,0.8238,0,0.0345,0.1379,0,0,0.0133,0.16,0.0533,,◎,B,△,,0.576,0.6185,,0.4338,A,67,0,◎-○軸 3着3〜4艇流し（10〜15点）,0.5777,"{'is_target': True, 'verdict': '参加推奨', 'max_combo_prob': 0.0649, 'est_top_odds': 20.6, 'circle_concentration': 62.9, 'eligible_count': 8, 'bet_adj': 2, 'reason': 'rel_win1=52.8%（本命度） / 最有力組み合わせ確率: 0.065（推定実オッズ?21倍） / 2着集中度: 上位2艇 62.9%（補正+0.00） / 総合判定確率: 0.065 / → ヒモ分散。1号艇1着固定で広めのヒモ流し推奨（買い目+2点）', 'tenji_trigger': '展示確認: ヒモ分散レース。1号艇伸び確認後、広めのヒモ流しを採用。穴ヒモ（5・6号艇）を積極的に含める。'}",,,29.8,逃げ狙い,22,29.9,3,,,,,,,,,,,
2025-06-26,丸亀,9,3,藤山雅弘,B1,42.46,3,▲,15.7553,24.4,88,61.1,0.1569,3.1944,,,0,低,135,0,-,413,0,100,2.6617,0,0.087,0.1739,0,0,0.2371,0,0.0143,,,B,,,0.3094,0.6125,,0.4338,A,67,0,◎-○軸 3着3〜4艇流し（10〜15点）,0.5777,"{'is_target': True, 'verdict': '参加推奨', 'max_combo_prob': 0.0649, 'est_top_odds': 20.6, 'circle_concentration': 62.9, 'eligible_count': 8, 'bet_adj': 2, 'reason': 'rel_win1=52.8%（本命度） / 最有力組み合わせ確率: 0.065（推定実オッズ?21倍） / 2着集中度: 上位2艇 62.9%（補正+0.00） / 総合判定確率: 0.065 / → ヒモ分散。1号艇1着固定で広めのヒモ流し推奨（買い目+2点）', 'tenji_trigger': '展示確認: ヒモ分散レース。1号艇伸び確認後、広めのヒモ流しを採用。穴ヒモ（5・6号艇）を積極的に含める。'}",,,29.8,逃げ狙い,22,29.9,3,,,,,,,,,,,
2025-06-26,丸亀,9,4,山田祐也,A1,26.17,4,,7.5791,23,79,67.7,0.1423,2.9516,,,0,低,53,0,ま0% 差ま0%,1232,0,59.1,1.2419,0,0,0.0714,0.1429,0,0,0.0455,0.1364,,,E,○,,0.3617,0.663,,0.4338,A,67,0,◎-○軸 3着3〜4艇流し（10〜15点）,0.5777,"{'is_target': True, 'verdict': '参加推奨', 'max_combo_prob': 0.0649, 'est_top_odds': 20.6, 'circle_concentration': 62.9, 'eligible_count': 8, 'bet_adj': 2, 'reason': 'rel_win1=52.8%（本命度） / 最有力組み合わせ確率: 0.065（推定実オッズ?21倍） / 2着集中度: 上位2艇 62.9%（補正+0.00） / 総合判定確率: 0.065 / → ヒモ分散。1号艇1着固定で広めのヒモ流し推奨（買い目+2点）', 'tenji_trigger': '展示確認: ヒモ分散レース。1号艇伸び確認後、広めのヒモ流しを採用。穴ヒモ（5・6号艇）を積極的に含める。'}",,,29.8,逃げ狙い,22,29.9,3,,,,,,,,,,,
2025-06-26,丸亀,9,5,國崎良春,B1,44.20,5,△,7.1936,10.9,64,44.2,0.1581,3.3269,,,0,低,93,0,-,246,0,55.1,1.295,,,,,,0.0444,0.0667,0.2167,,,B,△,◎,0.3037,0.6245,0.1625,0.4338,A,67,0,◎-○軸 3着3〜4艇流し（10〜15点）,0.5777,"{'is_target': True, 'verdict': '参加推奨', 'max_combo_prob': 0.0649, 'est_top_odds': 20.6, 'circle_concentration': 62.9, 'eligible_count': 8, 'bet_adj': 2, 'reason': 'rel_win1=52.8%（本命度） / 最有力組み合わせ確率: 0.065（推定実オッズ?21倍） / 2着集中度: 上位2艇 62.9%（補正+0.00） / 総合判定確率: 0.065 / → ヒモ分散。1号艇1着固定で広めのヒモ流し推奨（買い目+2点）', 'tenji_trigger': '展示確認: ヒモ分散レース。1号艇伸び確認後、広めのヒモ流しを採用。穴ヒモ（5・6号艇）を積極的に含める。'}",,,29.8,逃げ狙い,22,29.9,3,,,,,,,,,,,
2025-06-26,丸亀,9,6,菊地孝平,A1,39.06,6,,4.5579,3.2,45,41.7,0.1283,2.875,,,0,低,10,1,ま0%,3123,0,75.3,1.6911,0,0,0.1429,0,0,0.12,0.04,0.02,,○,C,◎,,0.4043,0.82,,0.4338,A,67,0,◎-○軸 3着3〜4艇流し（10〜15点）,0.5777,"{'is_target': True, 'verdict': '参加推奨', 'max_combo_prob': 0.0649, 'est_top_odds': 20.6, 'circle_concentration': 62.9, 'eligible_count': 8, 'bet_adj': 2, 'reason': 'rel_win1=52.8%（本命度） / 最有力組み合わせ確率: 0.065（推定実オッズ?21倍） / 2着集中度: 上位2艇 62.9%（補正+0.00） / 総合判定確率: 0.065 / → ヒモ分散。1号艇1着固定で広めのヒモ流し推奨（買い目+2点）', 'tenji_trigger': '展示確認: ヒモ分散レース。1号艇伸び確認後、広めのヒモ流しを採用。穴ヒモ（5・6号艇）を積極的に含める。'}",,,29.8,逃げ狙い,22,29.9,3,,,,,,,,,,,
2025-06-26,丸亀,10,1,佐々木完,A1,30.81,1,◎,62.1636,,0,92.3,0.1451,2.7179,,,0,低,55,0,逃1%,5625,0,90.5,1.1929,0.7222,,,,,0.0222,0.0222,0.2667,◎,,D,△,,,0.632,,0.6213,S,100,0,◎1着固定 2-3着流し（5〜8点）,0.5777,"{'is_target': True, 'verdict': '点数絞り', 'max_combo_prob': 0.0813, 'est_top_odds': 16.4, 'circle_concentration': 81.1, 'eligible_count': 6, 'bet_adj': 0, 'reason': 'rel_win1=62.2%（本命度） / 最有力組み合わせ確率: 0.081（推定実オッズ?16倍） / 2着集中度: 上位2艇 81.1%（補正+0.04） / 総合判定確率: 0.121 / → ヒモはやや固め。上位2艇以外を切ること', 'tenji_trigger': '展示確認: 1号艇伸び良→そのまま採用。悪→飛び組に差し替え。circle_pct上位2艇に絞り込むこと。'}",,,26.4,逃げ狙い,16.02,25.2,2,,,,,0,0,0.7559,0,,逃げ軸流し,A
2025-06-26,丸亀,10,2,木谷賢太,A1,34.25,2,○,13.4745,44.6,82,76.4,0.152,3.5909,,,0,低,107,0,差0%,2155,0,66.8,0.8836,0,0.25,0.0357,0,0,0.0343,0.0114,0.1957,,,C,◎,,0.2869,0.663,,0.6213,S,100,0,◎1着固定 2-3着流し（5〜8点）,0.5777,"{'is_target': True, 'verdict': '点数絞り', 'max_combo_prob': 0.0813, 'est_top_odds': 16.4, 'circle_concentration': 81.1, 'eligible_count': 6, 'bet_adj': 0, 'reason': 'rel_win1=62.2%（本命度） / 最有力組み合わせ確率: 0.081（推定実オッズ?16倍） / 2着集中度: 上位2艇 81.1%（補正+0.04） / 総合判定確率: 0.121 / → ヒモはやや固め。上位2艇以外を切ること', 'tenji_trigger': '展示確認: 1号艇伸び良→そのまま採用。悪→飛び組に差し替え。circle_pct上位2艇に絞り込むこと。'}",,,26.4,逃げ狙い,16.02,25.2,2,,,,,,,,,,,
2025-06-26,丸亀,10,3,杉山裕也,A1,26.25,3,,10.7267,36.5,70,79.6,0.1473,2.7143,,,0,低,84,0,ま0%,3533,0,66.8,1.3767,0,0,0.0952,0,0,0,0.2625,0.1375,,,E,○,,0.28,0.6625,,0.6213,S,100,0,◎1着固定 2-3着流し（5〜8点）,0.5777,"{'is_target': True, 'verdict': '点数絞り', 'max_combo_prob': 0.0813, 'est_top_odds': 16.4, 'circle_concentration': 81.1, 'eligible_count': 6, 'bet_adj': 0, 'reason': 'rel_win1=62.2%（本命度） / 最有力組み合わせ確率: 0.081（推定実オッズ?16倍） / 2着集中度: 上位2艇 81.1%（補正+0.04） / 総合判定確率: 0.121 / → ヒモはやや固め。上位2艇以外を切ること', 'tenji_trigger': '展示確認: 1号艇伸び良→そのまま採用。悪→飛び組に差し替え。circle_pct上位2艇に絞り込むこと。'}",,,26.4,逃げ狙い,16.02,25.2,2,,,,,,,,,,,
2025-06-26,丸亀,10,4,上之晃弘,B1,36.67,4,,7.4716,8.4,91,38.6,0.1621,3.3786,,,0,低,123,0,-,546,0,66.6,1.2426,0,0,0.08,0.04,0,0.0545,0.0727,0.2045,,,C,△,◎,0.231,0.659,0.2826,0.6213,S,100,0,◎1着固定 2-3着流し（5〜8点）,0.5777,"{'is_target': True, 'verdict': '点数絞り', 'max_combo_prob': 0.0813, 'est_top_odds': 16.4, 'circle_concentration': 81.1, 'eligible_count': 6, 'bet_adj': 0, 'reason': 'rel_win1=62.2%（本命度） / 最有力組み合わせ確率: 0.081（推定実オッズ?16倍） / 2着集中度: 上位2艇 81.1%（補正+0.04） / 総合判定確率: 0.121 / → ヒモはやや固め。上位2艇以外を切ること', 'tenji_trigger': '展示確認: 1号艇伸び良→そのまま採用。悪→飛び組に差し替え。circle_pct上位2艇に絞り込むこと。'}",,,26.4,逃げ狙い,16.02,25.2,2,,,,,,,,,,,
2025-06-26,丸亀,10,5,松井友汰,A2,36.81,5,▲,5.109,10.1,100,42.3,0.1692,3.5577,,,0,低,110,0,差0% ま0%,451,0,42.3,1.2321,0,0.0333,0.0333,0,0,0.0182,0.2409,0.0182,,,B,,,0.2068,0.558,,0.6213,S,100,0,◎1着固定 2-3着流し（5〜8点）,0.5777,"{'is_target': True, 'verdict': '点数絞り', 'max_combo_prob': 0.0813, 'est_top_odds': 16.4, 'circle_concentration': 81.1, 'eligible_count': 6, 'bet_adj': 0, 'reason': 'rel_win1=62.2%（本命度） / 最有力組み合わせ確率: 0.081（推定実オッズ?16倍） / 2着集中度: 上位2艇 81.1%（補正+0.04） / 総合判定確率: 0.121 / → ヒモはやや固め。上位2艇以外を切ること', 'tenji_trigger': '展示確認: 1号艇伸び良→そのまま採用。悪→飛び組に差し替え。circle_pct上位2艇に絞り込むこと。'}",,,26.4,逃げ狙い,16.02,25.2,2,,,,,,,,,,,
2025-06-26,丸亀,10,6,烏野賢太,B1,46.93,6,△,1.0546,0.4,80,32.6,0.1763,4,,,0,低,135,0,-,454,0,29.2,0.4322,,,,,,0.1153,0.145,0,,,A,◎,,0.2143,0.663,,0.6213,S,100,0,◎1着固定 2-3着流し（5〜8点）,0.5777,"{'is_target': True, 'verdict': '点数絞り', 'max_combo_prob': 0.0813, 'est_top_odds': 16.4, 'circle_concentration': 81.1, 'eligible_count': 6, 'bet_adj': 0, 'reason': 'rel_win1=62.2%（本命度） / 最有力組み合わせ確率: 0.081（推定実オッズ?16倍） / 2着集中度: 上位2艇 81.1%（補正+0.04） / 総合判定確率: 0.121 / → ヒモはやや固め。上位2艇以外を切ること', 'tenji_trigger': '展示確認: 1号艇伸び良→そのまま採用。悪→飛び組に差し替え。circle_pct上位2艇に絞り込むこと。'}",,,26.4,逃げ狙い,16.02,25.2,2,,,,,,,,,,,
2025-06-26,丸亀,11,1,豊田健士,A1,33.51,1,◎,50.077,,0,93.8,0.1427,2.625,,,0,低,48,0,逃1%,241,0,79.5,1.1616,0.6667,,,,,0.0952,0.0952,0.0952,◎,,D,△,,,0.6615,,0.5905,S,80,0,◎1着固定 2-3着流し（5〜8点）,0.5777,"{'is_target': True, 'verdict': '点数絞り', 'max_combo_prob': 0.0934, 'est_top_odds': 14.3, 'circle_concentration': 70.8, 'eligible_count': 6, 'bet_adj': 0, 'reason': 'rel_win1=50.1%（本命度） / 最有力組み合わせ確率: 0.093（推定実オッズ?14倍） / 2着集中度: 上位2艇 70.8%（補正+0.04） / 総合判定確率: 0.133 / → ヒモはやや固め。上位2艇以外を切ること', 'tenji_trigger': '展示確認: 1号艇伸び良→そのまま採用。悪→飛び組に差し替え。circle_pct上位2艇に絞り込むこと。'}",,,31.2,逃げ狙い,30.06,27,2,,,,,0,0,0.7559,0,,逃げ軸流し,A
2025-06-26,丸亀,11,2,中村晃朋,A1,49.15,2,○,20.8001,50.2,86,90.9,0.1591,3.1818,,,0,低,56,0,抜0%,4 11,0,42.3,0.9978,0,0.1875,0.125,0,0.0625,0.1745,0,0.1564,,,A,○,,0.178,0.678,,0.5905,S,80,0,◎1着固定 2-3着流し（5〜8点）,0.5777,"{'is_target': True, 'verdict': '点数絞り', 'max_combo_prob': 0.0934, 'est_top_odds': 14.3, 'circle_concentration': 70.8, 'eligible_count': 6, 'bet_adj': 0, 'reason': 'rel_win1=50.1%（本命度） / 最有力組み合わせ確率: 0.093（推定実オッズ?14倍） / 2着集中度: 上位2艇 70.8%（補正+0.04） / 総合判定確率: 0.133 / → ヒモはやや固め。上位2艇以外を切ること', 'tenji_trigger': '展示確認: 1号艇伸び良→そのまま採用。悪→飛び組に差し替え。circle_pct上位2艇に絞り込むこと。'}",,,31.2,逃げ狙い,30.06,27,2,,,,,,,,,,,
2025-06-26,丸亀,11,3,後藤盛也,A2,40.12,3,▲,9.0695,20.7,41,50,0.1484,2.8707,,,0,低,72,0,ま0% 差ま0%,6 23,0,34.8,0.9377,0,0,0.08,0.2,0,0.28,0.1307,0,,,B,,,0.2958,0.6145,,0.5905,S,80,0,◎1着固定 2-3着流し（5〜8点）,0.5777,"{'is_target': True, 'verdict': '点数絞り', 'max_combo_prob': 0.0934, 'est_top_odds': 14.3, 'circle_concentration': 70.8, 'eligible_count': 6, 'bet_adj': 0, 'reason': 'rel_win1=50.1%（本命度） / 最有力組み合わせ確率: 0.093（推定実オッズ?14倍） / 2着集中度: 上位2艇 70.8%（補正+0.04） / 総合判定確率: 0.133 / → ヒモはやや固め。上位2艇以外を切ること', 'tenji_trigger': '展示確認: 1号艇伸び良→そのまま採用。悪→飛び組に差し替え。circle_pct上位2艇に絞り込むこと。'}",,,31.2,逃げ狙い,30.06,27,2,,,,,,,,,,,
2025-06-26,丸亀,11,4,吉川晴人,B1,38.04,4,,9.0023,13.1,86,58.6,0.1552,3.2672,,,0,低,98,0,差0% 差ま0%,111,0,55.8,1.1874,0,0.05,0,0.1,0,0.02,0.02,0.1657,,,C,△,○,0.243,0.6235,0.3669,0.5905,S,80,0,◎1着固定 2-3着流し（5〜8点）,0.5777,"{'is_target': True, 'verdict': '点数絞り', 'max_combo_prob': 0.0934, 'est_top_odds': 14.3, 'circle_concentration': 70.8, 'eligible_count': 6, 'bet_adj': 0, 'reason': 'rel_win1=50.1%（本命度） / 最有力組み合わせ確率: 0.093（推定実オッズ?14倍） / 2着集中度: 上位2艇 70.8%（補正+0.04） / 総合判定確率: 0.133 / → ヒモはやや固め。上位2艇以外を切ること', 'tenji_trigger': '展示確認: 1号艇伸び良→そのまま採用。悪→飛び組に差し替え。circle_pct上位2艇に絞り込むこと。'}",,,31.2,逃げ狙い,30.06,27,2,,,,,,,,,,,
2025-06-26,丸亀,11,5,村岡賢人,A1,34.43,5,△,8.2007,12.6,100,68.2,0.1225,2.6818,,,0,低,30,0,差ま0% 抜0%,1 31,0,97.5,1.8881,0,0,0,0.2667,0.0667,0.0148,0.1644,0.1941,,◎,D,◎,◎,0.403,0.805,0.5697,0.5905,S,80,0,◎1着固定 2-3着流し（5〜8点）,0.5777,"{'is_target': True, 'verdict': '点数絞り', 'max_combo_prob': 0.0934, 'est_top_odds': 14.3, 'circle_concentration': 70.8, 'eligible_count': 6, 'bet_adj': 0, 'reason': 'rel_win1=50.1%（本命度） / 最有力組み合わせ確率: 0.093（推定実オッズ?14倍） / 2着集中度: 上位2艇 70.8%（補正+0.04） / 総合判定確率: 0.133 / → ヒモはやや固め。上位2艇以外を切ること', 'tenji_trigger': '展示確認: 1号艇伸び良→そのまま採用。悪→飛び組に差し替え。circle_pct上位2艇に絞り込むこと。'}",,,31.2,逃げ狙い,30.06,27,2,,,,,,,,,,,
2025-06-26,丸亀,11,6,樋口　亮,A2,29.51,6,,2.8503,3.5,42,21.7,0.2027,4.2333,,,0,低,133,0,-,365,0,27.8,0.7039,0,0,0.0345,0.069,0,0.2161,0.0805,0.0276,,,E,,,0.1114,0.601,,0.5905,S,80,0,◎1着固定 2-3着流し（5〜8点）,0.5777,"{'is_target': True, 'verdict': '点数絞り', 'max_combo_prob': 0.0934, 'est_top_odds': 14.3, 'circle_concentration': 70.8, 'eligible_count': 6, 'bet_adj': 0, 'reason': 'rel_win1=50.1%（本命度） / 最有力組み合わせ確率: 0.093（推定実オッズ?14倍） / 2着集中度: 上位2艇 70.8%（補正+0.04） / 総合判定確率: 0.133 / → ヒモはやや固め。上位2艇以外を切ること', 'tenji_trigger': '展示確認: 1号艇伸び良→そのまま採用。悪→飛び組に差し替え。circle_pct上位2艇に絞り込むこと。'}",,,31.2,逃げ狙い,30.06,27,2,,,,,,,,,,,
2025-06-26,丸亀,12,1,西岡顕心,A1,31.75,1,◎,57.0825,,0,88.2,0.1341,3.1471,,,0,低,55,0,逃1%,431,0,74.8,0.9579,0.8571,,,,,0,0.0714,0,◎,,D,△,,,0.6245,,0.5414,S,80,0,◎1着固定 2-3着流し（5〜8点）,0.5777,"{'is_target': True, 'verdict': '参加推奨', 'max_combo_prob': 0.0574, 'est_top_odds': 23.2, 'circle_concentration': 63.5, 'eligible_count': 6, 'bet_adj': 2, 'reason': 'rel_win1=57.1%（本命度） / 最有力組み合わせ確率: 0.057（推定実オッズ?23倍） / 2着集中度: 上位2艇 63.5%（補正+0.00） / 総合判定確率: 0.057 / → ヒモ分散。1号艇1着固定で広めのヒモ流し推奨（買い目+2点）', 'tenji_trigger': '展示確認: ヒモ分散レース。1号艇伸び確認後、広めのヒモ流しを採用。穴ヒモ（5・6号艇）を積極的に含める。\n展示で1号艇スタート超安定(0.134秒)→ヒモ固まり方向に注意'}",,,27.6,逃げ狙い,22.77,22.9,3,,,,,0,0,0.7559,0,,逃げ軸流し,A
2025-06-26,丸亀,12,2,島田賢人,A1,36.57,2,△,10.1572,34.1,89,68.8,0.156,3.3542,,,0,低,92,0,差0% ま0%,433,0,78.4,1.0917,0,0.2,0.04,0,0,0,0.125,0.125,,,C,△,,0.1246,0.634,,0.5414,S,80,0,◎1着固定 2-3着流し（5〜8点）,0.5777,"{'is_target': True, 'verdict': '参加推奨', 'max_combo_prob': 0.0574, 'est_top_odds': 23.2, 'circle_concentration': 63.5, 'eligible_count': 6, 'bet_adj': 2, 'reason': 'rel_win1=57.1%（本命度） / 最有力組み合わせ確率: 0.057（推定実オッズ?23倍） / 2着集中度: 上位2艇 63.5%（補正+0.00） / 総合判定確率: 0.057 / → ヒモ分散。1号艇1着固定で広めのヒモ流し推奨（買い目+2点）', 'tenji_trigger': '展示確認: ヒモ分散レース。1号艇伸び確認後、広めのヒモ流しを採用。穴ヒモ（5・6号艇）を積極的に含める。\n展示で1号艇スタート超安定(0.134秒)→ヒモ固まり方向に注意'}",,,27.6,逃げ狙い,22.77,22.9,3,,,,,,,,,,,
2025-06-26,丸亀,12,3,中野仁照,A1,34.74,3,○,13.4831,29.5,70,69.2,0.1254,2.3462,,,0,低,35,0,ま0% 差ま0%,2 12,0,67.5,1.3185,0,0,0.2857,0.1429,0,0,0,0.3636,,◎,C,,,0.3913,0.623,,0.5414,S,80,0,◎1着固定 2-3着流し（5〜8点）,0.5777,"{'is_target': True, 'verdict': '参加推奨', 'max_combo_prob': 0.0574, 'est_top_odds': 23.2, 'circle_concentration': 63.5, 'eligible_count': 6, 'bet_adj': 2, 'reason': 'rel_win1=57.1%（本命度） / 最有力組み合わせ確率: 0.057（推定実オッズ?23倍） / 2着集中度: 上位2艇 63.5%（補正+0.00） / 総合判定確率: 0.057 / → ヒモ分散。1号艇1着固定で広めのヒモ流し推奨（買い目+2点）', 'tenji_trigger': '展示確認: ヒモ分散レース。1号艇伸び確認後、広めのヒモ流しを採用。穴ヒモ（5・6号艇）を積極的に含める。\n展示で1号艇スタート超安定(0.134秒)→ヒモ固まり方向に注意'}",,,27.6,逃げ狙い,22.77,22.9,3,,,,,,,,,,,
2025-06-26,丸亀,12,4,横澤剛治,A1,38.95,4,▲,11.8252,19.5,100,66,0.1586,3.59,,,0,低,96,0,差0% ま0%,1255,0,84.2,1.4028,0,0.1176,0.0588,0,0,0.0167,0.0667,0.1533,,,B,◎,◎,0.1987,0.666,0.428,0.5414,S,80,0,◎1着固定 2-3着流し（5〜8点）,0.5777,"{'is_target': True, 'verdict': '参加推奨', 'max_combo_prob': 0.0574, 'est_top_odds': 23.2, 'circle_concentration': 63.5, 'eligible_count': 6, 'bet_adj': 2, 'reason': 'rel_win1=57.1%（本命度） / 最有力組み合わせ確率: 0.057（推定実オッズ?23倍） / 2着集中度: 上位2艇 63.5%（補正+0.00） / 総合判定確率: 0.057 / → ヒモ分散。1号艇1着固定で広めのヒモ流し推奨（買い目+2点）', 'tenji_trigger': '展示確認: ヒモ分散レース。1号艇伸び確認後、広めのヒモ流しを採用。穴ヒモ（5・6号艇）を積極的に含める。\n展示で1号艇スタート超安定(0.134秒)→ヒモ固まり方向に注意'}",,,27.6,逃げ狙い,22.77,22.9,3,,,,,,,,,,,
2025-06-26,丸亀,12,5,谷村一哉,A2,33.16,5,,5.6628,12.9,82,55.8,0.1837,3.8953,,,0,低,78,0,-,434,0,32.1,0.5995,0,0,0,0.0667,0,0.0542,0.0708,0.1083,,,D,○,,0.1302,0.642,,0.5414,S,80,0,◎1着固定 2-3着流し（5〜8点）,0.5777,"{'is_target': True, 'verdict': '参加推奨', 'max_combo_prob': 0.0574, 'est_top_odds': 23.2, 'circle_concentration': 63.5, 'eligible_count': 6, 'bet_adj': 2, 'reason': 'rel_win1=57.1%（本命度） / 最有力組み合わせ確率: 0.057（推定実オッズ?23倍） / 2着集中度: 上位2艇 63.5%（補正+0.00） / 総合判定確率: 0.057 / → ヒモ分散。1号艇1着固定で広めのヒモ流し推奨（買い目+2点）', 'tenji_trigger': '展示確認: ヒモ分散レース。1号艇伸び確認後、広めのヒモ流しを採用。穴ヒモ（5・6号艇）を積極的に含める。\n展示で1号艇スタート超安定(0.134秒)→ヒモ固まり方向に注意'}",,,27.6,逃げ狙い,22.77,22.9,3,,,,,,,,,,,
2025-06-26,丸亀,12,6,小坂宗司,A2,40.76,6,,1.7891,4.1,87,35.9,0.1858,4.0625,,,0,低,123,0,-,5 56,0,57.7,1.42,,,,,,0.1467,0.0267,0.08,,,B,,,0.1484,0.612,,0.5414,S,80,0,◎1着固定 2-3着流し（5〜8点）,0.5777,"{'is_target': True, 'verdict': '参加推奨', 'max_combo_prob': 0.0574, 'est_top_odds': 23.2, 'circle_concentration': 63.5, 'eligible_count': 6, 'bet_adj': 2, 'reason': 'rel_win1=57.1%（本命度） / 最有力組み合わせ確率: 0.057（推定実オッズ?23倍） / 2着集中度: 上位2艇 63.5%（補正+0.00） / 総合判定確率: 0.057 / → ヒモ分散。1号艇1着固定で広めのヒモ流し推奨（買い目+2点）', 'tenji_trigger': '展示確認: ヒモ分散レース。1号艇伸び確認後、広めのヒモ流しを採用。穴ヒモ（5・6号艇）を積極的に含める。\n展示で1号艇スタート超安定(0.134秒)→ヒモ固まり方向に注意'}",,,27.6,逃げ狙い,22.77,22.9,3,,,,,,,,,,,
2025-06-27,丸亀,1,1,烏野賢太,B1,46.93,1,◎,61.9341,,0,92.4,0.1604,3.3608,,,0,低,135,0,逃1%,454 45,0,100,1.5157,0.7778,,,,,0.1153,0.145,0,◎,,A,◎,,,0.663,,0.4645,S,86,0,◎1着固定 2-3着流し（5〜8点）,0.5777,"{'is_target': True, 'verdict': '点数絞り', 'max_combo_prob': 0.1446, 'est_top_odds': 9.2, 'circle_concentration': 70.9, 'eligible_count': 6, 'bet_adj': 0, 'reason': 'rel_win1=61.9%（本命度） / 最有力組み合わせ確率: 0.145（推定実オッズ?9倍） / 2着集中度: 上位2艇 70.9%（補正+0.04） / 総合判定確率: 0.185 / → ヒモはやや固め。上位2艇以外を切ること', 'tenji_trigger': '展示確認: 1号艇伸び良→そのまま採用。悪→飛び組に差し替え。circle_pct上位2艇に絞り込むこと。'}",,,28.5,逃げ狙い,18.25,29.3,4,,,,,0,0,0.7559,0,,逃げ軸流し,A
2025-06-27,丸亀,1,2,上原　崚,B1,45.61,2,▲,4.62,57.5,42,50,0.1476,3.2381,,,0,低,42,0,-,1 366,0,27.3,0.8302,,,,,,0.2381,0.0571,0.119,,○,B,◎,,0.4555,0.663,,0.4645,S,86,0,◎1着固定 2-3着流し（5〜8点）,0.5777,"{'is_target': True, 'verdict': '点数絞り', 'max_combo_prob': 0.1446, 'est_top_odds': 9.2, 'circle_concentration': 70.9, 'eligible_count': 6, 'bet_adj': 0, 'reason': 'rel_win1=61.9%（本命度） / 最有力組み合わせ確率: 0.145（推定実オッズ?9倍） / 2着集中度: 上位2艇 70.9%（補正+0.04） / 総合判定確率: 0.185 / → ヒモはやや固め。上位2艇以外を切ること', 'tenji_trigger': '展示確認: 1号艇伸び良→そのまま採用。悪→飛び組に差し替え。circle_pct上位2艇に絞り込むこと。'}",,,28.5,逃げ狙い,18.25,29.3,4,,,,,,,,,,,
2025-06-27,丸亀,1,3,岡本　猛,B1,28.49,3,,7.1894,13.5,100,59.2,0.1586,3.398,,,0,低,92,0,ま0%,5 366,0,36.9,0.9979,0,0,0.1,0,0,0.125,0.375,0,,,E,△,,0.306,0.6305,,0.4645,S,86,0,◎1着固定 2-3着流し（5〜8点）,0.5777,"{'is_target': True, 'verdict': '点数絞り', 'max_combo_prob': 0.1446, 'est_top_odds': 9.2, 'circle_concentration': 70.9, 'eligible_count': 6, 'bet_adj': 0, 'reason': 'rel_win1=61.9%（本命度） / 最有力組み合わせ確率: 0.145（推定実オッズ?9倍） / 2着集中度: 上位2艇 70.9%（補正+0.04） / 総合判定確率: 0.185 / → ヒモはやや固め。上位2艇以外を切ること', 'tenji_trigger': '展示確認: 1号艇伸び良→そのまま採用。悪→飛び組に差し替え。circle_pct上位2艇に絞り込むこと。'}",,,28.5,逃げ狙い,18.25,29.3,4,,,,,,,,,,,
2025-06-27,丸亀,1,4,山崎　祥,B1,31.87,4,△,13.5367,13.2,92,65.8,0.1851,4.2561,,,0,低,131,0,差0% ま0% 差ま0%,6 243,0,65.5,1.4747,0,0.05,0.1,0.1,0,0.3238,0,0.0667,,,D,,○,0.2126,0.5955,0.2665,0.4645,S,86,0,◎1着固定 2-3着流し（5〜8点）,0.5777,"{'is_target': True, 'verdict': '点数絞り', 'max_combo_prob': 0.1446, 'est_top_odds': 9.2, 'circle_concentration': 70.9, 'eligible_count': 6, 'bet_adj': 0, 'reason': 'rel_win1=61.9%（本命度） / 最有力組み合わせ確率: 0.145（推定実オッズ?9倍） / 2着集中度: 上位2艇 70.9%（補正+0.04） / 総合判定確率: 0.185 / → ヒモはやや固め。上位2艇以外を切ること', 'tenji_trigger': '展示確認: 1号艇伸び良→そのまま採用。悪→飛び組に差し替え。circle_pct上位2艇に絞り込むこと。'}",,,28.5,逃げ狙い,18.25,29.3,4,,,,,,,,,,,
2025-06-27,丸亀,1,5,垂水　悠,B1,38.17,5,○,11.8283,12.1,39,43.2,0.1159,2.3243,,,0,低,36,0,ま0% 差ま0%,3 261,0,71,1.4962,0,0,0.1176,0.1176,0,0.3077,0.2308,0.2308,,◎,C,○,◎,0.4567,0.632,0.4453,0.4645,S,86,0,◎1着固定 2-3着流し（5〜8点）,0.5777,"{'is_target': True, 'verdict': '点数絞り', 'max_combo_prob': 0.1446, 'est_top_odds': 9.2, 'circle_concentration': 70.9, 'eligible_count': 6, 'bet_adj': 0, 'reason': 'rel_win1=61.9%（本命度） / 最有力組み合わせ確率: 0.145（推定実オッズ?9倍） / 2着集中度: 上位2艇 70.9%（補正+0.04） / 総合判定確率: 0.185 / → ヒモはやや固め。上位2艇以外を切ること', 'tenji_trigger': '展示確認: 1号艇伸び良→そのまま採用。悪→飛び組に差し替え。circle_pct上位2艇に絞り込むこと。'}",,,28.5,逃げ狙い,18.25,29.3,4,,,,,,,,,,,
2025-06-27,丸亀,1,6,峰重侑治,B1,29.07,6,,0.8915,3.8,15,22.8,0.2002,4.5439,,,0,低,114,0,-,3 142,0,33.4,1.0303,,,,,,0.2267,0.0533,0,,,D,△,,0.1828,0.6135,,0.4645,S,86,0,◎1着固定 2-3着流し（5〜8点）,0.5777,"{'is_target': True, 'verdict': '点数絞り', 'max_combo_prob': 0.1446, 'est_top_odds': 9.2, 'circle_concentration': 70.9, 'eligible_count': 6, 'bet_adj': 0, 'reason': 'rel_win1=61.9%（本命度） / 最有力組み合わせ確率: 0.145（推定実オッズ?9倍） / 2着集中度: 上位2艇 70.9%（補正+0.04） / 総合判定確率: 0.185 / → ヒモはやや固め。上位2艇以外を切ること', 'tenji_trigger': '展示確認: 1号艇伸び良→そのまま採用。悪→飛び組に差し替え。circle_pct上位2艇に絞り込むこと。'}",,,28.5,逃げ狙い,18.25,29.3,4,,,,,,,,,,,
2025-06-27,丸亀,2,1,金山立樹,B1,47.51,1,◎,49.5056,,0,86,0.166,3.11,,,0,低,147,0,逃0%,2 255,0,66.5,1.079,0.4118,,,,,0.3513,0.2185,0.0706,○,,A,,,,0.565,,0.3647,A,76,0,◎-○軸 3着3〜4艇流し（10〜15点）,0.5777,"{'is_target': True, 'verdict': '参加推奨', 'max_combo_prob': 0.0688, 'est_top_odds': 19.4, 'circle_concentration': 72.3, 'eligible_count': 8, 'bet_adj': 2, 'reason': 'rel_win1=49.5%（本命度） / 最有力組み合わせ確率: 0.069（推定実オッズ?19倍） / 2着集中度: 上位2艇 72.3%（補正+0.04） / 総合判定確率: 0.109 / → ヒモ分散。1号艇1着固定で広めのヒモ流し推奨（買い目+2点）', 'tenji_trigger': '展示確認: ヒモ分散レース。1号艇伸び確認後、広めのヒモ流しを採用。穴ヒモ（5・6号艇）を積極的に含める。'}",,,30.7,逃げ狙い,13.49,39.8,3,,,,,0,0,0.6155,0,,逃げ軸流し,A
2025-06-27,丸亀,2,2,間嶋仁志,B1,34.29,2,,9.9614,40.7,74,64.7,0.2085,4.4118,,,0,低,136,0,-,5 466,0,100,1.0155,0,0.1071,0,0,0,0.048,0.048,0.412,,,D,○,,0.1267,0.6285,,0.3647,A,76,0,◎-○軸 3着3〜4艇流し（10〜15点）,0.5777,"{'is_target': True, 'verdict': '参加推奨', 'max_combo_prob': 0.0688, 'est_top_odds': 19.4, 'circle_concentration': 72.3, 'eligible_count': 8, 'bet_adj': 2, 'reason': 'rel_win1=49.5%（本命度） / 最有力組み合わせ確率: 0.069（推定実オッズ?19倍） / 2着集中度: 上位2艇 72.3%（補正+0.04） / 総合判定確率: 0.109 / → ヒモ分散。1号艇1着固定で広めのヒモ流し推奨（買い目+2点）', 'tenji_trigger': '展示確認: ヒモ分散レース。1号艇伸び確認後、広めのヒモ流しを採用。穴ヒモ（5・6号艇）を積極的に含める。'}",,,30.7,逃げ狙い,13.49,39.8,3,,,,,,,,,,,
2025-06-27,丸亀,2,3,鈴木雅希,B1,40.76,3,○,17.9338,31.6,100,71.2,0.1375,3.3077,,,0,低,98,0,差0% ま0% 差ま0%,121 65,0,61.5,1.4817,0,0.0476,0.0476,0.0476,0,0.048,0.064,0.296,,◎,C,○,,0.4729,0.6285,,0.3647,A,76,0,◎-○軸 3着3〜4艇流し（10〜15点）,0.5777,"{'is_target': True, 'verdict': '参加推奨', 'max_combo_prob': 0.0688, 'est_top_odds': 19.4, 'circle_concentration': 72.3, 'eligible_count': 8, 'bet_adj': 2, 'reason': 'rel_win1=49.5%（本命度） / 最有力組み合わせ確率: 0.069（推定実オッズ?19倍） / 2着集中度: 上位2艇 72.3%（補正+0.04） / 総合判定確率: 0.109 / → ヒモ分散。1号艇1着固定で広めのヒモ流し推奨（買い目+2点）', 'tenji_trigger': '展示確認: ヒモ分散レース。1号艇伸び確認後、広めのヒモ流しを採用。穴ヒモ（5・6号艇）を積極的に含める。'}",,,30.7,逃げ狙い,13.49,39.8,3,,,,,,,,,,,
2025-06-27,丸亀,2,4,藤山雅弘,B1,42.46,4,▲,13.7961,12.6,89,55.2,0.1714,3.75,,,0,低,135,0,-,413 14,0,100,3.1879,0,0.087,0.0435,0,0,0.2371,0,0.0143,,,B,△,◎,0.3059,0.6125,0.299,0.3647,A,76,0,◎-○軸 3着3〜4艇流し（10〜15点）,0.5777,"{'is_target': True, 'verdict': '参加推奨', 'max_combo_prob': 0.0688, 'est_top_odds': 19.4, 'circle_concentration': 72.3, 'eligible_count': 8, 'bet_adj': 2, 'reason': 'rel_win1=49.5%（本命度） / 最有力組み合わせ確率: 0.069（推定実オッズ?19倍） / 2着集中度: 上位2艇 72.3%（補正+0.04） / 総合判定確率: 0.109 / → ヒモ分散。1号艇1着固定で広めのヒモ流し推奨（買い目+2点）', 'tenji_trigger': '展示確認: ヒモ分散レース。1号艇伸び確認後、広めのヒモ流しを採用。穴ヒモ（5・6号艇）を積極的に含める。'}",,,30.7,逃げ狙い,13.49,39.8,3,,,,,,,,,,,
2025-06-27,丸亀,2,5,田川大貴,A2,26.63,5,△,6.403,10.3,41,36.5,0.1335,3.1154,,,0,低,91,0,-,662 31,0,32,2.0257,0,0,0.0345,0.069,0,0.1434,0.0774,0.1003,,○,E,△,,0.4279,0.616,,0.3647,A,76,0,◎-○軸 3着3〜4艇流し（10〜15点）,0.5777,"{'is_target': True, 'verdict': '参加推奨', 'max_combo_prob': 0.0688, 'est_top_odds': 19.4, 'circle_concentration': 72.3, 'eligible_count': 8, 'bet_adj': 2, 'reason': 'rel_win1=49.5%（本命度） / 最有力組み合わせ確率: 0.069（推定実オッズ?19倍） / 2着集中度: 上位2艇 72.3%（補正+0.04） / 総合判定確率: 0.109 / → ヒモ分散。1号艇1着固定で広めのヒモ流し推奨（買い目+2点）', 'tenji_trigger': '展示確認: ヒモ分散レース。1号艇伸び確認後、広めのヒモ流しを採用。穴ヒモ（5・6号艇）を積極的に含める。'}",,,30.7,逃げ狙い,13.49,39.8,3,,,,,,,,,,,
2025-06-27,丸亀,2,6,白井友晴,A2,40.66,6,,2.4001,4.8,63,30.2,0.2064,4.5,,,0,低,164,0,-,6 5622,0,32,0.8928,,,,,,0.1091,0.3491,0.0545,,,C,◎,,0.2168,0.671,,0.3647,A,76,0,◎-○軸 3着3〜4艇流し（10〜15点）,0.5777,"{'is_target': True, 'verdict': '参加推奨', 'max_combo_prob': 0.0688, 'est_top_odds': 19.4, 'circle_concentration': 72.3, 'eligible_count': 8, 'bet_adj': 2, 'reason': 'rel_win1=49.5%（本命度） / 最有力組み合わせ確率: 0.069（推定実オッズ?19倍） / 2着集中度: 上位2艇 72.3%（補正+0.04） / 総合判定確率: 0.109 / → ヒモ分散。1号艇1着固定で広めのヒモ流し推奨（買い目+2点）', 'tenji_trigger': '展示確認: ヒモ分散レース。1号艇伸び確認後、広めのヒモ流しを採用。穴ヒモ（5・6号艇）を積極的に含める。'}",,,30.7,逃げ狙い,13.49,39.8,3,,,,,,,,,,,
2025-06-27,丸亀,3,1,岩津徹郎,B1,36.16,1,◎,44.548,,0,72.5,0.1555,2.825,,,0,低,117,0,逃0%,524 54,0,59.3,0.9204,0.4118,,,,,0.0706,0.0941,0.2706,○,,B,,,,0.574,,0.3338,B,54,0,◎○△フォーメーション（15〜20点）,0.5777,"{'is_target': False, 'verdict': '対象外', 'max_combo_prob': None, 'est_top_odds': None, 'circle_concentration': None, 'eligible_count': 0, 'bet_adj': 0, 'reason': '1号艇rel_win1 < 45%: 通常判定に委ねる', 'tenji_trigger': ''}",,,29,両建て推奨,17.82,31,2,,,,,0,0,0.6155,0,,逃げ軸流し,A
2025-06-27,丸亀,3,2,村岡賢人,A1,34.43,2,○,19.4097,50,100,81.4,0.1216,2.3605,,,0,低,30,0,差0% 抜0%,1 3114,0,68.7,1.3569,0,0.2143,0,0,0.0714,0.0148,0.1644,0.1941,,◎,C,◎,,0.6111,0.805,,0.3338,B,54,0,◎○△フォーメーション（15〜20点）,0.5777,"{'is_target': False, 'verdict': '対象外', 'max_combo_prob': None, 'est_top_odds': None, 'circle_concentration': None, 'eligible_count': 0, 'bet_adj': 0, 'reason': '1号艇rel_win1 < 45%: 通常判定に委ねる', 'tenji_trigger': ''}",,,29,両建て推奨,17.82,31,2,,,,,,,,,,,
2025-06-27,丸亀,3,3,古田祐貴,B1,29.44,3,△,12.0858,22.7,98,60,0.1377,2.65,,,0,低,105,0,-,2 152,0,35.8,0.9931,0,0.0323,0.0323,0.0323,0,0.2088,0.1971,0.1338,,○,D,△,,0.3808,0.6265,,0.3338,B,54,0,◎○△フォーメーション（15〜20点）,0.5777,"{'is_target': False, 'verdict': '対象外', 'max_combo_prob': None, 'est_top_odds': None, 'circle_concentration': None, 'eligible_count': 0, 'bet_adj': 0, 'reason': '1号艇rel_win1 < 45%: 通常判定に委ねる', 'tenji_trigger': ''}",,,29,両建て推奨,17.82,31,2,,,,,,,,,,,
2025-06-27,丸亀,3,4,宮村勇哉,B1,30.00,4,,7.7087,13.2,53,35.3,0.1704,3.2745,,,0,低,96,0,ま0%,151 14,0,29.3,0.7964,0,0,0.1429,0,0,0.25,0.0833,0.25,,,D,,,0.2753,0.583,,0.3338,B,54,0,◎○△フォーメーション（15〜20点）,0.5777,"{'is_target': False, 'verdict': '対象外', 'max_combo_prob': None, 'est_top_odds': None, 'circle_concentration': None, 'eligible_count': 0, 'bet_adj': 0, 'reason': '1号艇rel_win1 < 45%: 通常判定に委ねる', 'tenji_trigger': ''}",,,29,両建て推奨,17.82,31,2,,,,,,,,,,,
2025-06-27,丸亀,3,5,丹下　将,A2,27.37,5,,14.229,11.3,86,49.2,0.1503,3.1587,,,0,低,115,0,差0% ま0% 差ま0% 抜0%,64425,0,91.5,1.664,0,0.0345,0.069,0.1034,0.0345,0.0588,0.2067,0.1445,,,E,○,◎,0.3309,0.66,0.3512,0.3338,B,54,0,◎○△フォーメーション（15〜20点）,0.5777,"{'is_target': False, 'verdict': '対象外', 'max_combo_prob': None, 'est_top_odds': None, 'circle_concentration': None, 'eligible_count': 0, 'bet_adj': 0, 'reason': '1号艇rel_win1 < 45%: 通常判定に委ねる', 'tenji_trigger': ''}",,,29,両建て推奨,17.82,31,2,,,,,,,,,,,
2025-06-27,丸亀,3,6,後藤盛也,A2,40.12,6,▲,2.0188,2.8,35,13.8,0.1505,3.3448,,,0,低,72,0,-,6 2322,0,26.2,0.7711,,,,,,0.28,0.1307,0,,,B,△,,0.3412,0.6145,,0.3338,B,54,0,◎○△フォーメーション（15〜20点）,0.5777,"{'is_target': False, 'verdict': '対象外', 'max_combo_prob': None, 'est_top_odds': None, 'circle_concentration': None, 'eligible_count': 0, 'bet_adj': 0, 'reason': '1号艇rel_win1 < 45%: 通常判定に委ねる', 'tenji_trigger': ''}",,,29,両建て推奨,17.82,31,2,,,,,,,,,,,
2025-06-27,丸亀,4,1,仲　航太,B1,32.58,1,◎,47.2778,,0,79.6,0.1245,2.6429,,,0,低,93,0,逃0%,345 52,0,76.5,1.0043,0.48,,,,,0.16,0.12,0.12,◎,,D,,,,0.554,,0.5512,A,65,0,◎-○軸 3着3〜4艇流し（10〜15点）,0.5777,"{'is_target': True, 'verdict': '参加推奨', 'max_combo_prob': 0.0682, 'est_top_odds': 19.5, 'circle_concentration': 77.0, 'eligible_count': 8, 'bet_adj': 2, 'reason': 'rel_win1=47.3%（本命度） / 最有力組み合わせ確率: 0.068（推定実オッズ?20倍） / 2着集中度: 上位2艇 77.0%（補正+0.04） / 総合判定確率: 0.108 / → ヒモ分散。1号艇1着固定で広めのヒモ流し推奨（買い目+2点）', 'tenji_trigger': '展示確認: ヒモ分散レース。1号艇伸び確認後、広めのヒモ流しを採用。穴ヒモ（5・6号艇）を積極的に含める。\n展示で1号艇スタート超安定(0.124秒)→ヒモ固まり方向に注意'}",,,29.9,逃げ狙い,20.76,31.2,3,,,,,0,0,0.7559,0,,逃げ軸流し,A
2025-06-27,丸亀,4,2,吉川晴人,B1,38.04,2,△,14.2952,42.7,64,50,0.1664,3.84,,,0,低,98,0,差0% ま0%,111 33,0,87.7,0.8614,0,0.15,0.05,0,0,0.02,0.02,0.1657,,,C,△,,0.1056,0.6235,,0.5512,A,65,0,◎-○軸 3着3〜4艇流し（10〜15点）,0.5777,"{'is_target': True, 'verdict': '参加推奨', 'max_combo_prob': 0.0682, 'est_top_odds': 19.5, 'circle_concentration': 77.0, 'eligible_count': 8, 'bet_adj': 2, 'reason': 'rel_win1=47.3%（本命度） / 最有力組み合わせ確率: 0.068（推定実オッズ?20倍） / 2着集中度: 上位2艇 77.0%（補正+0.04） / 総合判定確率: 0.108 / → ヒモ分散。1号艇1着固定で広めのヒモ流し推奨（買い目+2点）', 'tenji_trigger': '展示確認: ヒモ分散レース。1号艇伸び確認後、広めのヒモ流しを採用。穴ヒモ（5・6号艇）を積極的に含める。\n展示で1号艇スタート超安定(0.124秒)→ヒモ固まり方向に注意'}",,,29.9,逃げ狙い,20.76,31.2,3,,,,,,,,,,,
2025-06-27,丸亀,4,3,谷村一哉,A2,33.16,3,,17.9408,34.3,91,75,0.1625,3.4038,,,0,低,78,0,差0% ま0% 差ま0%,434 44,0,78.4,1.5212,0,0.05,0.1,0.15,0,0.0542,0.0708,0.1083,,,D,○,,0.1605,0.642,,0.5512,A,65,0,◎-○軸 3着3〜4艇流し（10〜15点）,0.5777,"{'is_target': True, 'verdict': '参加推奨', 'max_combo_prob': 0.0682, 'est_top_odds': 19.5, 'circle_concentration': 77.0, 'eligible_count': 8, 'bet_adj': 2, 'reason': 'rel_win1=47.3%（本命度） / 最有力組み合わせ確率: 0.068（推定実オッズ?20倍） / 2着集中度: 上位2艇 77.0%（補正+0.04） / 総合判定確率: 0.108 / → ヒモ分散。1号艇1着固定で広めのヒモ流し推奨（買い目+2点）', 'tenji_trigger': '展示確認: ヒモ分散レース。1号艇伸び確認後、広めのヒモ流しを採用。穴ヒモ（5・6号艇）を積極的に含める。\n展示で1号艇スタート超安定(0.124秒)→ヒモ固まり方向に注意'}",,,29.9,逃げ狙い,20.76,31.2,3,,,,,,,,,,,
2025-06-27,丸亀,4,4,松井友汰,A2,36.81,4,,12.4456,11.4,100,62.1,0.1719,3.5948,,,0,低,110,0,差0% 差ま0% 抜0%,451 33,0,77.1,1.3623,0,0.037,0,0.037,0.037,0.0182,0.2409,0.0182,,,C,,◎,0.1226,0.558,0.2191,0.5512,A,65,0,◎-○軸 3着3〜4艇流し（10〜15点）,0.5777,"{'is_target': True, 'verdict': '参加推奨', 'max_combo_prob': 0.0682, 'est_top_odds': 19.5, 'circle_concentration': 77.0, 'eligible_count': 8, 'bet_adj': 2, 'reason': 'rel_win1=47.3%（本命度） / 最有力組み合わせ確率: 0.068（推定実オッズ?20倍） / 2着集中度: 上位2艇 77.0%（補正+0.04） / 総合判定確率: 0.108 / → ヒモ分散。1号艇1着固定で広めのヒモ流し推奨（買い目+2点）', 'tenji_trigger': '展示確認: ヒモ分散レース。1号艇伸び確認後、広めのヒモ流しを採用。穴ヒモ（5・6号艇）を積極的に含める。\n展示で1号艇スタート超安定(0.124秒)→ヒモ固まり方向に注意'}",,,29.9,逃げ狙い,20.76,31.2,3,,,,,,,,,,,
2025-06-27,丸亀,4,5,片岡秀樹,B1,38.74,5,▲,4.1817,7.5,63,32.8,0.1603,3.1885,,,0,低,85,0,-,6 446,0,31.4,0.3602,,,,,,0.2778,0.3889,0.1111,,,B,△,,0.2178,0.6405,,0.5512,A,65,0,◎-○軸 3着3〜4艇流し（10〜15点）,0.5777,"{'is_target': True, 'verdict': '参加推奨', 'max_combo_prob': 0.0682, 'est_top_odds': 19.5, 'circle_concentration': 77.0, 'eligible_count': 8, 'bet_adj': 2, 'reason': 'rel_win1=47.3%（本命度） / 最有力組み合わせ確率: 0.068（推定実オッズ?20倍） / 2着集中度: 上位2艇 77.0%（補正+0.04） / 総合判定確率: 0.108 / → ヒモ分散。1号艇1着固定で広めのヒモ流し推奨（買い目+2点）', 'tenji_trigger': '展示確認: ヒモ分散レース。1号艇伸び確認後、広めのヒモ流しを採用。穴ヒモ（5・6号艇）を積極的に含める。\n展示で1号艇スタート超安定(0.124秒)→ヒモ固まり方向に注意'}",,,29.9,逃げ狙い,20.76,31.2,3,,,,,,,,,,,
2025-06-27,丸亀,4,6,菊地孝平,A1,39.06,6,○,3.8588,4.1,42,41.7,0.1283,2.875,,,0,低,10,1,ま0%,31235,0,41.3,1.6444,0,0,0.1429,0,0,0.12,0.04,0.02,,,B,◎,,0.3216,0.82,,0.5512,A,65,0,◎-○軸 3着3〜4艇流し（10〜15点）,0.5777,"{'is_target': True, 'verdict': '参加推奨', 'max_combo_prob': 0.0682, 'est_top_odds': 19.5, 'circle_concentration': 77.0, 'eligible_count': 8, 'bet_adj': 2, 'reason': 'rel_win1=47.3%（本命度） / 最有力組み合わせ確率: 0.068（推定実オッズ?20倍） / 2着集中度: 上位2艇 77.0%（補正+0.04） / 総合判定確率: 0.108 / → ヒモ分散。1号艇1着固定で広めのヒモ流し推奨（買い目+2点）', 'tenji_trigger': '展示確認: ヒモ分散レース。1号艇伸び確認後、広めのヒモ流しを採用。穴ヒモ（5・6号艇）を積極的に含める。\n展示で1号艇スタート超安定(0.124秒)→ヒモ固まり方向に注意'}",,,29.9,逃げ狙い,20.76,31.2,3,,,,,,,,,,,
2025-06-27,丸亀,5,1,岡部　哲,B1,26.25,1,◎,41.1626,,0,72,0.165,3.39,,,0,低,119,0,逃0%,625 46,0,55.2,0.9022,0.2381,,,,,0.1762,0.3762,0.2143,△,,E,○,,,0.6265,,0.2473,C,43,0,荒れ傾向。高配当狙いか見送り,0.5777,"{'is_target': False, 'verdict': '対象外', 'max_combo_prob': None, 'est_top_odds': None, 'circle_concentration': None, 'eligible_count': 0, 'bet_adj': 0, 'reason': '1号艇rel_win1 < 45%: 通常判定に委ねる', 'tenji_trigger': ''}",,,32.3,両建て推奨,19.56,39,3,3-5-4|3-4-5|3-4-6|1-3-4|1-3-6|1-2-4|1-2-3|1-4-3,5-1-6|2-1-4|2-1-5|3-5-4|3-4-5|3-4-6|2-1-6|1-3-4|1-3-6|1-2-4|1-2-3|1-4-3,3-5-4:2.02%|3-4-5:1.93%|3-4-6:1.72%|1-3-4:8.1%|1-3-6:7.29%|1-2-4:5.16%|1-2-3:4.95%|1-4-3:4.69%,3-5-4:B_main|3-4-5:B_main|3-4-6:B_main|1-3-4:A|1-3-6:A|1-2-4:A|1-2-3:A|1-4-3:A,8,12,0.4535,1,[!]見送り推奨（主役決まり手「まくり」― 逃げ劣勢レースで的中実績なし）,荒れ広め,D
2025-06-27,丸亀,5,2,澤　大介,B1,27.37,2,,9.1338,26.8,61,37,0.1748,3.7407,,,0,低,129,0,-,5 631,0,20.3,0.6493,,,,,,0.46,0.28,0.04,,,D,,,0.2559,0.5755,,0.2473,C,43,0,荒れ傾向。高配当狙いか見送り,0.5777,"{'is_target': False, 'verdict': '対象外', 'max_combo_prob': None, 'est_top_odds': None, 'circle_concentration': None, 'eligible_count': 0, 'bet_adj': 0, 'reason': '1号艇rel_win1 < 45%: 通常判定に委ねる', 'tenji_trigger': ''}",,,32.3,両建て推奨,19.56,39,3,,,,,,,,,,,
2025-06-27,丸亀,5,3,中野仁照,A1,34.74,3,▲,21.7645,44.1,75,69.2,0.1254,2.3462,,,0,低,35,0,ま0% 差ま0%,2 1262,0,69,1.5585,0,0,0.2857,0.1429,0,0,0,0.3636,,◎,C,△,,0.5699,0.623,,0.2473,C,43,0,荒れ傾向。高配当狙いか見送り,0.5777,"{'is_target': False, 'verdict': '対象外', 'max_combo_prob': None, 'est_top_odds': None, 'circle_concentration': None, 'eligible_count': 0, 'bet_adj': 0, 'reason': '1号艇rel_win1 < 45%: 通常判定に委ねる', 'tenji_trigger': ''}",,,32.3,両建て推奨,19.56,39,3,,,,,,,,,,,
2025-06-27,丸亀,5,4,垂水　悠,B1,38.17,4,○,18.13,11.4,100,50,0.1204,2.0893,,,0,低,36,0,ま0%,3 261,0,69,1.4168,0,0,0.2,0,0,0.3077,0.2308,0.2308,,○,C,◎,,0.5588,0.632,,0.2473,C,43,0,荒れ傾向。高配当狙いか見送り,0.5777,"{'is_target': False, 'verdict': '対象外', 'max_combo_prob': None, 'est_top_odds': None, 'circle_concentration': None, 'eligible_count': 0, 'bet_adj': 0, 'reason': '1号艇rel_win1 < 45%: 通常判定に委ねる', 'tenji_trigger': ''}",,,32.3,両建て推奨,19.56,39,3,,,,,,,,,,,
2025-06-27,丸亀,5,5,小坂宗司,A2,40.76,5,,5.192,10.6,67,41.7,0.1765,3.7083,,,0,低,123,0,-,5 5643,0,83.7,1.6788,0,0,0.0345,0,0,0.1467,0.0267,0.08,,,B,,,0.2982,0.612,,0.2473,C,43,0,荒れ傾向。高配当狙いか見送り,0.5777,"{'is_target': False, 'verdict': '対象外', 'max_combo_prob': None, 'est_top_odds': None, 'circle_concentration': None, 'eligible_count': 0, 'bet_adj': 0, 'reason': '1号艇rel_win1 < 45%: 通常判定に委ねる', 'tenji_trigger': ''}",,,32.3,両建て推奨,19.56,39,3,,,,,,,,,,,
2025-06-27,丸亀,5,6,三好勇人,A2,42.13,6,△,4.6171,7.2,84,31.9,0.1966,4.4149,,,0,低,88,0,-,61443,0,100,2.7517,0,0,0,0,0.05,0.0133,0.16,0.0533,,,B,△,,0.2695,0.6185,,0.2473,C,43,0,荒れ傾向。高配当狙いか見送り,0.5777,"{'is_target': False, 'verdict': '対象外', 'max_combo_prob': None, 'est_top_odds': None, 'circle_concentration': None, 'eligible_count': 0, 'bet_adj': 0, 'reason': '1号艇rel_win1 < 45%: 通常判定に委ねる', 'tenji_trigger': ''}",,,32.3,両建て推奨,19.56,39,3,,,,,,,,,,,
2025-06-27,丸亀,6,1,川島圭司,A2,31.25,1,◎,49.0956,,0,93.2,0.1103,1.9247,,,0,低,79,0,逃1%,6 3413,0,82.9,1.1516,0.6765,,,,,0.0353,0.1553,0.1553,◎,,D,◎,,,0.665,,0.7108,A,68,0,◎-○軸 3着3〜4艇流し（10〜15点）,0.5777,"{'is_target': True, 'verdict': '参加推奨', 'max_combo_prob': 0.0518, 'est_top_odds': 25.7, 'circle_concentration': 61.2, 'eligible_count': 8, 'bet_adj': 2, 'reason': 'rel_win1=49.1%（本命度） / 最有力組み合わせ確率: 0.052（推定実オッズ?26倍） / 2着集中度: 上位2艇 61.2%（補正+0.00） / 総合判定確率: 0.052 / → ヒモ分散。1号艇1着固定で広めのヒモ流し推奨（買い目+2点）', 'tenji_trigger': '展示確認: ヒモ分散レース。1号艇伸び確認後、広めのヒモ流しを採用。穴ヒモ（5・6号艇）を積極的に含める。\n展示で1号艇スタート超安定(0.110秒)→ヒモ固まり方向に注意'}",,,29.8,逃げ狙い,24.92,27.2,3,,,,,0,0,0.7559,0,,逃げ軸流し,A
2025-06-27,丸亀,6,2,國崎良春,B1,44.20,2,△,10.3377,31.4,100,69.5,0.1527,3.6271,,,0,低,93,0,差0%,246 46,0,45.2,1.1016,0,0.0435,0,0,0,0.0444,0.0667,0.2167,,,B,,,0.0636,0.6245,,0.7108,A,68,0,◎-○軸 3着3〜4艇流し（10〜15点）,0.5777,"{'is_target': True, 'verdict': '参加推奨', 'max_combo_prob': 0.0518, 'est_top_odds': 25.7, 'circle_concentration': 61.2, 'eligible_count': 8, 'bet_adj': 2, 'reason': 'rel_win1=49.1%（本命度） / 最有力組み合わせ確率: 0.052（推定実オッズ?26倍） / 2着集中度: 上位2艇 61.2%（補正+0.00） / 総合判定確率: 0.052 / → ヒモ分散。1号艇1着固定で広めのヒモ流し推奨（買い目+2点）', 'tenji_trigger': '展示確認: ヒモ分散レース。1号艇伸び確認後、広めのヒモ流しを採用。穴ヒモ（5・6号艇）を積極的に含める。\n展示で1号艇スタート超安定(0.110秒)→ヒモ固まり方向に注意'}",,,29.8,逃げ狙い,24.92,27.2,3,,,,,,,,,,,
2025-06-27,丸亀,6,3,豊田健士,A1,33.51,3,▲,22.4136,29.8,50,80.7,0.1468,3.1613,,,0,低,48,0,差0% ま0%,241 11,0,84,1.7369,0,0.1429,0.0714,0,0,0.0952,0.0952,0.0952,,,C,△,,0.1488,0.6615,,0.7108,A,68,0,◎-○軸 3着3〜4艇流し（10〜15点）,0.5777,"{'is_target': True, 'verdict': '参加推奨', 'max_combo_prob': 0.0518, 'est_top_odds': 25.7, 'circle_concentration': 61.2, 'eligible_count': 8, 'bet_adj': 2, 'reason': 'rel_win1=49.1%（本命度） / 最有力組み合わせ確率: 0.052（推定実オッズ?26倍） / 2着集中度: 上位2艇 61.2%（補正+0.00） / 総合判定確率: 0.052 / → ヒモ分散。1号艇1着固定で広めのヒモ流し推奨（買い目+2点）', 'tenji_trigger': '展示確認: ヒモ分散レース。1号艇伸び確認後、広めのヒモ流しを採用。穴ヒモ（5・6号艇）を積極的に含める。\n展示で1号艇スタート超安定(0.110秒)→ヒモ固まり方向に注意'}",,,29.8,逃げ狙い,24.92,27.2,3,,,,,,,,,,,
2025-06-27,丸亀,6,4,佐々木完,A1,30.81,4,,5.1882,21,80,60.7,0.2064,3.9286,,,0,低,55,0,-,56251,0,29.6,1.0517,,,,,,0.0222,0.0222,0.2667,,,E,△,,0.159,0.632,,0.7108,A,68,0,◎-○軸 3着3〜4艇流し（10〜15点）,0.5777,"{'is_target': True, 'verdict': '参加推奨', 'max_combo_prob': 0.0518, 'est_top_odds': 25.7, 'circle_concentration': 61.2, 'eligible_count': 8, 'bet_adj': 2, 'reason': 'rel_win1=49.1%（本命度） / 最有力組み合わせ確率: 0.052（推定実オッズ?26倍） / 2着集中度: 上位2艇 61.2%（補正+0.00） / 総合判定確率: 0.052 / → ヒモ分散。1号艇1着固定で広めのヒモ流し推奨（買い目+2点）', 'tenji_trigger': '展示確認: ヒモ分散レース。1号艇伸び確認後、広めのヒモ流しを採用。穴ヒモ（5・6号艇）を積極的に含める。\n展示で1号艇スタート超安定(0.110秒)→ヒモ固まり方向に注意'}",,,29.8,逃げ狙い,24.92,27.2,3,,,,,,,,,,,
2025-06-27,丸亀,6,5,上原　崚,B1,45.61,5,○,10.9611,15.2,58,55,0.1247,2.35,,,0,低,42,0,差0% 差ま0% 抜0%,1 366,0,92.1,1.6867,0,0.0556,0,0.0556,0.0556,0.2381,0.0571,0.119,,,A,○,◎,0.2625,0.663,0.4656,0.7108,A,68,0,◎-○軸 3着3〜4艇流し（10〜15点）,0.5777,"{'is_target': True, 'verdict': '参加推奨', 'max_combo_prob': 0.0518, 'est_top_odds': 25.7, 'circle_concentration': 61.2, 'eligible_count': 8, 'bet_adj': 2, 'reason': 'rel_win1=49.1%（本命度） / 最有力組み合わせ確率: 0.052（推定実オッズ?26倍） / 2着集中度: 上位2艇 61.2%（補正+0.00） / 総合判定確率: 0.052 / → ヒモ分散。1号艇1着固定で広めのヒモ流し推奨（買い目+2点）', 'tenji_trigger': '展示確認: ヒモ分散レース。1号艇伸び確認後、広めのヒモ流しを採用。穴ヒモ（5・6号艇）を積極的に含める。\n展示で1号艇スタート超安定(0.110秒)→ヒモ固まり方向に注意'}",,,29.8,逃げ狙い,24.92,27.2,3,,,,,,,,,,,
2025-06-27,丸亀,6,6,間嶋仁志,B1,34.29,6,,2.0038,2.6,50,,,,,,0,低,136,1,-,5 466,0,,,,,,,,,,,,,C,,○,0.3364,0.6285,0.15,0.7108,A,68,0,◎-○軸 3着3〜4艇流し（10〜15点）,0.5777,"{'is_target': True, 'verdict': '参加推奨', 'max_combo_prob': 0.0518, 'est_top_odds': 25.7, 'circle_concentration': 61.2, 'eligible_count': 8, 'bet_adj': 2, 'reason': 'rel_win1=49.1%（本命度） / 最有力組み合わせ確率: 0.052（推定実オッズ?26倍） / 2着集中度: 上位2艇 61.2%（補正+0.00） / 総合判定確率: 0.052 / → ヒモ分散。1号艇1着固定で広めのヒモ流し推奨（買い目+2点）', 'tenji_trigger': '展示確認: ヒモ分散レース。1号艇伸び確認後、広めのヒモ流しを採用。穴ヒモ（5・6号艇）を積極的に含める。\n展示で1号艇スタート超安定(0.110秒)→ヒモ固まり方向に注意'}",,,29.8,逃げ狙い,24.92,27.2,3,,,,,,,,,,,
2025-06-27,丸亀,7,1,西岡顕心,A1,31.75,1,◎,56.5615,,0,88.2,0.1341,3.1471,,,0,低,55,0,逃1%,431 51,0,58.6,0.9562,0.8571,,,,,0,0.0714,0,◎,,D,△,,,0.6245,,0.5623,S,85,0,◎1着固定 2-3着流し（5〜8点）,0.5777,"{'is_target': True, 'verdict': '参加推奨', 'max_combo_prob': 0.0595, 'est_top_odds': 22.4, 'circle_concentration': 64.5, 'eligible_count': 6, 'bet_adj': 2, 'reason': 'rel_win1=56.6%（本命度） / 最有力組み合わせ確率: 0.060（推定実オッズ?22倍） / 2着集中度: 上位2艇 64.5%（補正+0.00） / 総合判定確率: 0.060 / → ヒモ分散。1号艇1着固定で広めのヒモ流し推奨（買い目+2点）', 'tenji_trigger': '展示確認: ヒモ分散レース。1号艇伸び確認後、広めのヒモ流しを採用。穴ヒモ（5・6号艇）を積極的に含める。\n展示で1号艇スタート超安定(0.134秒)→ヒモ固まり方向に注意'}",,,27.4,逃げ狙い,22.07,22.9,6,,,,,0,0,0.7559,0,,逃げ軸流し,A
2025-06-27,丸亀,7,2,岡本　猛,B1,28.49,2,,9.0212,34.3,96,56.4,0.1705,4.1364,,,0,低,92,0,-,5 366,0,25.5,0.8119,,,,,,0.125,0.375,0,,,D,△,,0.0775,0.6305,,0.5623,S,85,0,◎1着固定 2-3着流し（5〜8点）,0.5777,"{'is_target': True, 'verdict': '参加推奨', 'max_combo_prob': 0.0595, 'est_top_odds': 22.4, 'circle_concentration': 64.5, 'eligible_count': 6, 'bet_adj': 2, 'reason': 'rel_win1=56.6%（本命度） / 最有力組み合わせ確率: 0.060（推定実オッズ?22倍） / 2着集中度: 上位2艇 64.5%（補正+0.00） / 総合判定確率: 0.060 / → ヒモ分散。1号艇1着固定で広めのヒモ流し推奨（買い目+2点）', 'tenji_trigger': '展示確認: ヒモ分散レース。1号艇伸び確認後、広めのヒモ流しを採用。穴ヒモ（5・6号艇）を積極的に含める。\n展示で1号艇スタート超安定(0.134秒)→ヒモ固まり方向に注意'}",,,27.4,逃げ狙い,22.07,22.9,6,,,,,,,,,,,
2025-06-27,丸亀,7,3,金山立樹,B1,47.51,3,○,12.794,30.2,100,58.7,0.1678,3.0159,,,0,低,147,0,ま0% 差ま0%,2 255,0,44.2,1.1688,0,0,0.1,0.1,0,0.3513,0.2185,0.0706,,,A,,,0.1375,0.565,,0.5623,S,85,0,◎1着固定 2-3着流し（5〜8点）,0.5777,"{'is_target': True, 'verdict': '参加推奨', 'max_combo_prob': 0.0595, 'est_top_odds': 22.4, 'circle_concentration': 64.5, 'eligible_count': 6, 'bet_adj': 2, 'reason': 'rel_win1=56.6%（本命度） / 最有力組み合わせ確率: 0.060（推定実オッズ?22倍） / 2着集中度: 上位2艇 64.5%（補正+0.00） / 総合判定確率: 0.060 / → ヒモ分散。1号艇1着固定で広めのヒモ流し推奨（買い目+2点）', 'tenji_trigger': '展示確認: ヒモ分散レース。1号艇伸び確認後、広めのヒモ流しを採用。穴ヒモ（5・6号艇）を積極的に含める。\n展示で1号艇スタート超安定(0.134秒)→ヒモ固まり方向に注意'}",,,27.4,逃げ狙い,22.07,22.9,6,,,,,,,,,,,
2025-06-27,丸亀,7,4,後藤盛也,A2,40.12,4,▲,8.4713,19.2,95,45.6,0.1278,2.3804,,,0,低,72,0,-,6 2322,0,49.4,0.7281,0,0,0.1333,0,0,0.28,0.1307,0,,,C,,,0.3377,0.6145,,0.5623,S,85,0,◎1着固定 2-3着流し（5〜8点）,0.5777,"{'is_target': True, 'verdict': '参加推奨', 'max_combo_prob': 0.0595, 'est_top_odds': 22.4, 'circle_concentration': 64.5, 'eligible_count': 6, 'bet_adj': 2, 'reason': 'rel_win1=56.6%（本命度） / 最有力組み合わせ確率: 0.060（推定実オッズ?22倍） / 2着集中度: 上位2艇 64.5%（補正+0.00） / 総合判定確率: 0.060 / → ヒモ分散。1号艇1着固定で広めのヒモ流し推奨（買い目+2点）', 'tenji_trigger': '展示確認: ヒモ分散レース。1号艇伸び確認後、広めのヒモ流しを採用。穴ヒモ（5・6号艇）を積極的に含める。\n展示で1号艇スタート超安定(0.134秒)→ヒモ固まり方向に注意'}",,,27.4,逃げ狙い,22.07,22.9,6,,,,,,,,,,,
2025-06-27,丸亀,7,5,森晋太郎,B1,43.09,5,△,6.9606,6.2,72,34.7,0.149,2.7959,,,0,低,64,0,ま0% 差ま0%,352 53,0,25.6,1.111,0,0,0.0417,0.0833,0,0,0.2,0.1333,,,B,○,,0.2457,0.6435,,0.5623,S,85,0,◎1着固定 2-3着流し（5〜8点）,0.5777,"{'is_target': True, 'verdict': '参加推奨', 'max_combo_prob': 0.0595, 'est_top_odds': 22.4, 'circle_concentration': 64.5, 'eligible_count': 6, 'bet_adj': 2, 'reason': 'rel_win1=56.6%（本命度） / 最有力組み合わせ確率: 0.060（推定実オッズ?22倍） / 2着集中度: 上位2艇 64.5%（補正+0.00） / 総合判定確率: 0.060 / → ヒモ分散。1号艇1着固定で広めのヒモ流し推奨（買い目+2点）', 'tenji_trigger': '展示確認: ヒモ分散レース。1号艇伸び確認後、広めのヒモ流しを採用。穴ヒモ（5・6号艇）を積極的に含める。\n展示で1号艇スタート超安定(0.134秒)→ヒモ固まり方向に注意'}",,,27.4,逃げ狙い,22.07,22.9,6,,,,,,,,,,,
2025-06-27,丸亀,7,6,山田祐也,A1,26.17,6,,6.1914,10.1,59,57.1,0.1457,3.4286,,,0,低,53,0,差ま0% 抜0%,12322,0,100,2.3386,0,0,0,0.0714,0.0714,0,0.0455,0.1364,,,E,◎,◎,0.2537,0.663,0.2757,0.5623,S,85,0,◎1着固定 2-3着流し（5〜8点）,0.5777,"{'is_target': True, 'verdict': '参加推奨', 'max_combo_prob': 0.0595, 'est_top_odds': 22.4, 'circle_concentration': 64.5, 'eligible_count': 6, 'bet_adj': 2, 'reason': 'rel_win1=56.6%（本命度） / 最有力組み合わせ確率: 0.060（推定実オッズ?22倍） / 2着集中度: 上位2艇 64.5%（補正+0.00） / 総合判定確率: 0.060 / → ヒモ分散。1号艇1着固定で広めのヒモ流し推奨（買い目+2点）', 'tenji_trigger': '展示確認: ヒモ分散レース。1号艇伸び確認後、広めのヒモ流しを採用。穴ヒモ（5・6号艇）を積極的に含める。\n展示で1号艇スタート超安定(0.134秒)→ヒモ固まり方向に注意'}",,,27.4,逃げ狙い,22.07,22.9,6,,,,,,,,,,,
2025-06-27,丸亀,8,1,中村晃朋,A1,49.15,1,◎,68.1665,,0,87.7,0.1656,3.4474,,,0,低,56,0,逃1% 抜0%,4 1135,0,87,1.1313,0.6818,,,,,0.1745,0,0.1564,○,,A,◎,,,0.678,,0.4097,S,95,0,◎1着固定 2-3着流し（5〜8点）,0.5777,"{'is_target': True, 'verdict': '点数絞り', 'max_combo_prob': 0.1237, 'est_top_odds': 10.8, 'circle_concentration': 74.8, 'eligible_count': 6, 'bet_adj': 0, 'reason': 'rel_win1=68.2%（本命度） / 最有力組み合わせ確率: 0.124（推定実オッズ?11倍） / 2着集中度: 上位2艇 74.8%（補正+0.04） / 総合判定確率: 0.164 / → ヒモはやや固め。上位2艇以外を切ること', 'tenji_trigger': '展示確認: 1号艇伸び良→そのまま採用。悪→飛び組に差し替え。circle_pct上位2艇に絞り込むこと。'}",,,27.8,逃げ狙い,16.07,29.2,4,,,,,0,0,0.6155,0,,逃げ軸流し,A
2025-06-27,丸亀,8,2,田川大貴,A2,26.63,2,,10.0756,50.5,62,70,0.141,2.9667,,,0,低,91,0,差1%,662 31,0,22.1,0.6528,0,0.1562,0.0312,0,0,0.1434,0.0774,0.1003,,◎,E,,,0.5795,0.616,,0.4097,S,95,0,◎1着固定 2-3着流し（5〜8点）,0.5777,"{'is_target': True, 'verdict': '点数絞り', 'max_combo_prob': 0.1237, 'est_top_odds': 10.8, 'circle_concentration': 74.8, 'eligible_count': 6, 'bet_adj': 0, 'reason': 'rel_win1=68.2%（本命度） / 最有力組み合わせ確率: 0.124（推定実オッズ?11倍） / 2着集中度: 上位2艇 74.8%（補正+0.04） / 総合判定確率: 0.164 / → ヒモはやや固め。上位2艇以外を切ること', 'tenji_trigger': '展示確認: 1号艇伸び良→そのまま採用。悪→飛び組に差し替え。circle_pct上位2艇に絞り込むこと。'}",,,27.8,逃げ狙い,16.07,29.2,4,,,,,,,,,,,
2025-06-27,丸亀,8,3,片岡秀樹,B1,38.74,3,○,6.189,24.4,81,50.9,0.1319,3.2018,,,0,低,85,0,差ま0%,6 446,0,38.6,0.8898,0,0,0,0.0455,0,0.2778,0.3889,0.1111,,○,B,△,,0.4507,0.6405,,0.4097,S,95,0,◎1着固定 2-3着流し（5〜8点）,0.5777,"{'is_target': True, 'verdict': '点数絞り', 'max_combo_prob': 0.1237, 'est_top_odds': 10.8, 'circle_concentration': 74.8, 'eligible_count': 6, 'bet_adj': 0, 'reason': 'rel_win1=68.2%（本命度） / 最有力組み合わせ確率: 0.124（推定実オッズ?11倍） / 2着集中度: 上位2艇 74.8%（補正+0.04） / 総合判定確率: 0.164 / → ヒモはやや固め。上位2艇以外を切ること', 'tenji_trigger': '展示確認: 1号艇伸び良→そのまま採用。悪→飛び組に差し替え。circle_pct上位2艇に絞り込むこと。'}",,,27.8,逃げ狙い,16.07,29.2,4,,,,,,,,,,,
2025-06-27,丸亀,8,4,丹下　将,A2,27.37,4,△,10.416,16.7,100,61.3,0.1497,2.8871,,,0,低,115,0,-,64425,0,39.6,0.8472,0,0,0.1923,0.1154,0,0.0588,0.2067,0.1445,,,D,○,◎,0.3979,0.66,0.4243,0.4097,S,95,0,◎1着固定 2-3着流し（5〜8点）,0.5777,"{'is_target': True, 'verdict': '点数絞り', 'max_combo_prob': 0.1237, 'est_top_odds': 10.8, 'circle_concentration': 74.8, 'eligible_count': 6, 'bet_adj': 0, 'reason': 'rel_win1=68.2%（本命度） / 最有力組み合わせ確率: 0.124（推定実オッズ?11倍） / 2着集中度: 上位2艇 74.8%（補正+0.04） / 総合判定確率: 0.164 / → ヒモはやや固め。上位2艇以外を切ること', 'tenji_trigger': '展示確認: 1号艇伸び良→そのまま採用。悪→飛び組に差し替え。circle_pct上位2艇に絞り込むこと。'}",,,27.8,逃げ狙い,16.07,29.2,4,,,,,,,,,,,
2025-06-27,丸亀,8,5,上之晃弘,B1,36.67,5,▲,3.5811,8,65,26.2,0.1625,3.582,,,0,低,123,0,-,546 26,0,45.1,0.9019,0,0,0,0.0833,0,0.0545,0.0727,0.2045,,,C,△,,0.2979,0.659,,0.4097,S,95,0,◎1着固定 2-3着流し（5〜8点）,0.5777,"{'is_target': True, 'verdict': '点数絞り', 'max_combo_prob': 0.1237, 'est_top_odds': 10.8, 'circle_concentration': 74.8, 'eligible_count': 6, 'bet_adj': 0, 'reason': 'rel_win1=68.2%（本命度） / 最有力組み合わせ確率: 0.124（推定実オッズ?11倍） / 2着集中度: 上位2艇 74.8%（補正+0.04） / 総合判定確率: 0.164 / → ヒモはやや固め。上位2艇以外を切ること', 'tenji_trigger': '展示確認: 1号艇伸び良→そのまま採用。悪→飛び組に差し替え。circle_pct上位2艇に絞り込むこと。'}",,,27.8,逃げ狙い,16.07,29.2,4,,,,,,,,,,,
2025-06-27,丸亀,8,6,山崎　祥,B1,31.87,6,,1.5717,0.5,32,16.3,0.1933,4.4651,,,0,低,131,0,-,6 243,0,35.5,0.8622,,,,,,0.3238,0,0.0667,,,D,,,0.2243,0.5955,,0.4097,S,95,0,◎1着固定 2-3着流し（5〜8点）,0.5777,"{'is_target': True, 'verdict': '点数絞り', 'max_combo_prob': 0.1237, 'est_top_odds': 10.8, 'circle_concentration': 74.8, 'eligible_count': 6, 'bet_adj': 0, 'reason': 'rel_win1=68.2%（本命度） / 最有力組み合わせ確率: 0.124（推定実オッズ?11倍） / 2着集中度: 上位2艇 74.8%（補正+0.04） / 総合判定確率: 0.164 / → ヒモはやや固め。上位2艇以外を切ること', 'tenji_trigger': '展示確認: 1号艇伸び良→そのまま採用。悪→飛び組に差し替え。circle_pct上位2艇に絞り込むこと。'}",,,27.8,逃げ狙い,16.07,29.2,4,,,,,,,,,,,
2025-06-27,丸亀,9,1,谷村一哉,A2,33.16,1,◎,60.4518,,0,93.8,0.1546,3.0538,,,0,低,78,0,-,434 44,0,81.6,1.0179,0.7083,,,,,0.0542,0.0708,0.1083,◎,,C,△,,,0.642,,0.5669,S,84,0,◎1着固定 2-3着流し（5〜8点）,0.5777,"{'is_target': True, 'verdict': '参加推奨', 'max_combo_prob': 0.0674, 'est_top_odds': 19.8, 'circle_concentration': 59.4, 'eligible_count': 6, 'bet_adj': 2, 'reason': 'rel_win1=60.5%（本命度） / 最有力組み合わせ確率: 0.067（推定実オッズ?20倍） / 2着集中度: 上位2艇 59.4%（補正+0.00） / 総合判定確率: 0.067 / → ヒモ分散。1号艇1着固定で広めのヒモ流し推奨（買い目+2点）', 'tenji_trigger': '展示確認: ヒモ分散レース。1号艇伸び確認後、広めのヒモ流しを採用。穴ヒモ（5・6号艇）を積極的に含める。'}",,,28,逃げ狙い,19.23,27.1,4,,,,,0,0,0.7559,0,,逃げ軸流し,A
2025-06-27,丸亀,9,2,古田祐貴,B1,29.44,2,▲,11.2068,30.5,100,75,0.152,3.1917,,,0,低,105,0,差0%,2 152,0,61.5,0.7805,0,0.125,0,0,0,0.2088,0.1971,0.1338,,◎,D,△,,0.3544,0.6265,,0.5669,S,84,0,◎1着固定 2-3着流し（5〜8点）,0.5777,"{'is_target': True, 'verdict': '参加推奨', 'max_combo_prob': 0.0674, 'est_top_odds': 19.8, 'circle_concentration': 59.4, 'eligible_count': 6, 'bet_adj': 2, 'reason': 'rel_win1=60.5%（本命度） / 最有力組み合わせ確率: 0.067（推定実オッズ?20倍） / 2着集中度: 上位2艇 59.4%（補正+0.00） / 総合判定確率: 0.067 / → ヒモ分散。1号艇1着固定で広めのヒモ流し推奨（買い目+2点）', 'tenji_trigger': '展示確認: ヒモ分散レース。1号艇伸び確認後、広めのヒモ流しを採用。穴ヒモ（5・6号艇）を積極的に含める。'}",,,28,逃げ狙い,19.23,27.1,4,,,,,,,,,,,
2025-06-27,丸亀,9,3,横澤剛治,A1,38.95,3,○,12.7005,29,76,70.4,0.1494,3.1852,,,0,低,96,0,差0% ま0% 差ま0%,125515,0,67,1.3117,0,0.0385,0.0385,0.0769,0,0.0167,0.0667,0.1533,,,B,◎,,0.3185,0.666,,0.5669,S,84,0,◎1着固定 2-3着流し（5〜8点）,0.5777,"{'is_target': True, 'verdict': '参加推奨', 'max_combo_prob': 0.0674, 'est_top_odds': 19.8, 'circle_concentration': 59.4, 'eligible_count': 6, 'bet_adj': 2, 'reason': 'rel_win1=60.5%（本命度） / 最有力組み合わせ確率: 0.067（推定実オッズ?20倍） / 2着集中度: 上位2艇 59.4%（補正+0.00） / 総合判定確率: 0.067 / → ヒモ分散。1号艇1着固定で広めのヒモ流し推奨（買い目+2点）', 'tenji_trigger': '展示確認: ヒモ分散レース。1号艇伸び確認後、広めのヒモ流しを採用。穴ヒモ（5・6号艇）を積極的に含める。'}",,,28,逃げ狙い,19.23,27.1,4,,,,,,,,,,,
2025-06-27,丸亀,9,4,杉山裕也,A1,26.25,4,,9.2479,22.4,69,72.5,0.1457,3.0588,,,0,低,84,0,ま0% 差ま0%,353322,0,83.8,1.3894,0,0,0.0526,0.0526,0,0,0.2625,0.1375,,,E,○,◎,0.3268,0.6625,0.4564,0.5669,S,84,0,◎1着固定 2-3着流し（5〜8点）,0.5777,"{'is_target': True, 'verdict': '参加推奨', 'max_combo_prob': 0.0674, 'est_top_odds': 19.8, 'circle_concentration': 59.4, 'eligible_count': 6, 'bet_adj': 2, 'reason': 'rel_win1=60.5%（本命度） / 最有力組み合わせ確率: 0.067（推定実オッズ?20倍） / 2着集中度: 上位2艇 59.4%（補正+0.00） / 総合判定確率: 0.067 / → ヒモ分散。1号艇1着固定で広めのヒモ流し推奨（買い目+2点）', 'tenji_trigger': '展示確認: ヒモ分散レース。1号艇伸び確認後、広めのヒモ流しを採用。穴ヒモ（5・6号艇）を積極的に含める。'}",,,28,逃げ狙い,19.23,27.1,4,,,,,,,,,,,
2025-06-27,丸亀,9,5,澤　大介,B1,27.37,5,,5.383,16.8,33,37.3,0.1636,3.2797,,,0,低,129,0,差ま0%,5 631,0,30.2,1.1026,0,0,0,0.0417,0,0.46,0.28,0.04,,,D,,○,0.2543,0.5755,0.2909,0.5669,S,84,0,◎1着固定 2-3着流し（5〜8点）,0.5777,"{'is_target': True, 'verdict': '参加推奨', 'max_combo_prob': 0.0674, 'est_top_odds': 19.8, 'circle_concentration': 59.4, 'eligible_count': 6, 'bet_adj': 2, 'reason': 'rel_win1=60.5%（本命度） / 最有力組み合わせ確率: 0.067（推定実オッズ?20倍） / 2着集中度: 上位2艇 59.4%（補正+0.00） / 総合判定確率: 0.067 / → ヒモ分散。1号艇1着固定で広めのヒモ流し推奨（買い目+2点）', 'tenji_trigger': '展示確認: ヒモ分散レース。1号艇伸び確認後、広めのヒモ流しを採用。穴ヒモ（5・6号艇）を積極的に含める。'}",,,28,逃げ狙い,19.23,27.1,4,,,,,,,,,,,
2025-06-27,丸亀,9,6,藤山雅弘,B1,42.46,6,△,1.01,1.4,58,24.6,0.2088,4.614,,,0,低,135,0,-,413 14,0,29,0.7781,,,,,,0.2371,0,0.0143,,,A,,,0.1412,0.6125,,0.5669,S,84,0,◎1着固定 2-3着流し（5〜8点）,0.5777,"{'is_target': True, 'verdict': '参加推奨', 'max_combo_prob': 0.0674, 'est_top_odds': 19.8, 'circle_concentration': 59.4, 'eligible_count': 6, 'bet_adj': 2, 'reason': 'rel_win1=60.5%（本命度） / 最有力組み合わせ確率: 0.067（推定実オッズ?20倍） / 2着集中度: 上位2艇 59.4%（補正+0.00） / 総合判定確率: 0.067 / → ヒモ分散。1号艇1着固定で広めのヒモ流し推奨（買い目+2点）', 'tenji_trigger': '展示確認: ヒモ分散レース。1号艇伸び確認後、広めのヒモ流しを採用。穴ヒモ（5・6号艇）を積極的に含める。'}",,,28,逃げ狙い,19.23,27.1,4,,,,,,,,,,,
2025-06-27,丸亀,10,1,菊地孝平,A1,39.06,1,◎,63.2628,,0,88.9,0.1056,2.1944,,,0,低,10,0,-,31235,0,76.5,0.9843,0.8,,,,,0.12,0.04,0.02,◎,,B,◎,,,0.82,,0.7251,S,100,0,◎1着固定 2-3着流し（5〜8点）,0.5777,"{'is_target': True, 'verdict': '参加推奨', 'max_combo_prob': 0.0784, 'est_top_odds': 17.0, 'circle_concentration': 64.7, 'eligible_count': 6, 'bet_adj': 2, 'reason': 'rel_win1=63.3%（本命度） / 最有力組み合わせ確率: 0.078（推定実オッズ?17倍） / 2着集中度: 上位2艇 64.7%（補正+0.00） / 総合判定確率: 0.078 / → ヒモ分散。1号艇1着固定で広めのヒモ流し推奨（買い目+2点）', 'tenji_trigger': '展示確認: ヒモ分散レース。1号艇伸び確認後、広めのヒモ流しを採用。穴ヒモ（5・6号艇）を積極的に含める。\n展示で1号艇スタート超安定(0.106秒)→ヒモ固まり方向に注意'}",,,27.3,逃げ狙い,20.26,24.3,4,,,,,0,0,0.7559,0,,逃げ軸流し,A
2025-06-27,丸亀,10,2,中野仁照,A1,34.74,2,○,10.2978,38.6,61,57.1,0.1646,3.6786,,,0,低,35,0,ま0%,2 1262,0,46.3,0.929,0,0,0.3333,0,0,0,0,0.3636,,,B,△,,0.1025,0.623,,0.7251,S,100,0,◎1着固定 2-3着流し（5〜8点）,0.5777,"{'is_target': True, 'verdict': '参加推奨', 'max_combo_prob': 0.0784, 'est_top_odds': 17.0, 'circle_concentration': 64.7, 'eligible_count': 6, 'bet_adj': 2, 'reason': 'rel_win1=63.3%（本命度） / 最有力組み合わせ確率: 0.078（推定実オッズ?17倍） / 2着集中度: 上位2艇 64.7%（補正+0.00） / 総合判定確率: 0.078 / → ヒモ分散。1号艇1着固定で広めのヒモ流し推奨（買い目+2点）', 'tenji_trigger': '展示確認: ヒモ分散レース。1号艇伸び確認後、広めのヒモ流しを採用。穴ヒモ（5・6号艇）を積極的に含める。\n展示で1号艇スタート超安定(0.106秒)→ヒモ固まり方向に注意'}",,,27.3,逃げ狙い,20.26,24.3,4,,,,,,,,,,,
2025-06-27,丸亀,10,3,川島圭司,A2,31.25,3,▲,7.3659,26.2,100,54,0.1403,2.5541,,,0,低,79,0,-,6 3413,0,17.5,0.5148,0,0,0,0.0938,0,0.0353,0.1553,0.1553,,,C,○,,0.1195,0.665,,0.7251,S,100,0,◎1着固定 2-3着流し（5〜8点）,0.5777,"{'is_target': True, 'verdict': '参加推奨', 'max_combo_prob': 0.0784, 'est_top_odds': 17.0, 'circle_concentration': 64.7, 'eligible_count': 6, 'bet_adj': 2, 'reason': 'rel_win1=63.3%（本命度） / 最有力組み合わせ確率: 0.078（推定実オッズ?17倍） / 2着集中度: 上位2艇 64.7%（補正+0.00） / 総合判定確率: 0.078 / → ヒモ分散。1号艇1着固定で広めのヒモ流し推奨（買い目+2点）', 'tenji_trigger': '展示確認: ヒモ分散レース。1号艇伸び確認後、広めのヒモ流しを採用。穴ヒモ（5・6号艇）を積極的に含める。\n展示で1号艇スタート超安定(0.106秒)→ヒモ固まり方向に注意'}",,,27.3,逃げ狙い,20.26,24.3,4,,,,,,,,,,,
2025-06-27,丸亀,10,4,峰重侑治,B1,29.07,4,,9.9424,18,95,60,0.1612,2.96,,,0,低,114,0,-,3 142,0,74.6,1.2953,,,,,,0.2267,0.0533,0,,,D,,◎,0.1366,0.6135,0.338,0.7251,S,100,0,◎1着固定 2-3着流し（5〜8点）,0.5777,"{'is_target': True, 'verdict': '参加推奨', 'max_combo_prob': 0.0784, 'est_top_odds': 17.0, 'circle_concentration': 64.7, 'eligible_count': 6, 'bet_adj': 2, 'reason': 'rel_win1=63.3%（本命度） / 最有力組み合わせ確率: 0.078（推定実オッズ?17倍） / 2着集中度: 上位2艇 64.7%（補正+0.00） / 総合判定確率: 0.078 / → ヒモ分散。1号艇1着固定で広めのヒモ流し推奨（買い目+2点）', 'tenji_trigger': '展示確認: ヒモ分散レース。1号艇伸び確認後、広めのヒモ流しを採用。穴ヒモ（5・6号艇）を積極的に含める。\n展示で1号艇スタート超安定(0.106秒)→ヒモ固まり方向に注意'}",,,27.3,逃げ狙い,20.26,24.3,4,,,,,,,,,,,
2025-06-27,丸亀,10,5,木谷賢太,A1,34.25,5,△,6.2812,16.6,78,59.6,0.177,3.9787,,,0,低,107,0,差ま0%,215534,0,85.8,1.4548,0,0,0,0.0476,0,0.0343,0.0114,0.1957,,,C,△,,0.1069,0.663,,0.7251,S,100,0,◎1着固定 2-3着流し（5〜8点）,0.5777,"{'is_target': True, 'verdict': '参加推奨', 'max_combo_prob': 0.0784, 'est_top_odds': 17.0, 'circle_concentration': 64.7, 'eligible_count': 6, 'bet_adj': 2, 'reason': 'rel_win1=63.3%（本命度） / 最有力組み合わせ確率: 0.078（推定実オッズ?17倍） / 2着集中度: 上位2艇 64.7%（補正+0.00） / 総合判定確率: 0.078 / → ヒモ分散。1号艇1着固定で広めのヒモ流し推奨（買い目+2点）', 'tenji_trigger': '展示確認: ヒモ分散レース。1号艇伸び確認後、広めのヒモ流しを採用。穴ヒモ（5・6号艇）を積極的に含める。\n展示で1号艇スタート超安定(0.106秒)→ヒモ固まり方向に注意'}",,,27.3,逃げ狙い,20.26,24.3,4,,,,,,,,,,,
2025-06-27,丸亀,10,6,宮村勇哉,B1,30.00,6,,2.8498,0.7,38,10,0.1862,4.1625,,,0,低,96,0,ま0%,151 14,0,44.8,0.8783,0,0,0.05,0,0,0.25,0.0833,0.25,,,D,,,0.1145,0.583,,0.7251,S,100,0,◎1着固定 2-3着流し（5〜8点）,0.5777,"{'is_target': True, 'verdict': '参加推奨', 'max_combo_prob': 0.0784, 'est_top_odds': 17.0, 'circle_concentration': 64.7, 'eligible_count': 6, 'bet_adj': 2, 'reason': 'rel_win1=63.3%（本命度） / 最有力組み合わせ確率: 0.078（推定実オッズ?17倍） / 2着集中度: 上位2艇 64.7%（補正+0.00） / 総合判定確率: 0.078 / → ヒモ分散。1号艇1着固定で広めのヒモ流し推奨（買い目+2点）', 'tenji_trigger': '展示確認: ヒモ分散レース。1号艇伸び確認後、広めのヒモ流しを採用。穴ヒモ（5・6号艇）を積極的に含める。\n展示で1号艇スタート超安定(0.106秒)→ヒモ固まり方向に注意'}",,,27.3,逃げ狙い,20.26,24.3,4,,,,,,,,,,,
2025-06-27,丸亀,11,1,佐々木完,A1,30.81,1,◎,58.7148,,0,92.3,0.1451,2.7179,,,0,低,55,0,逃1%,56251,0,79.4,1.1796,0.7222,,,,,0.0222,0.0222,0.2667,◎,,D,△,,,0.632,,0.5692,S,100,0,◎1着固定 2-3着流し（5〜8点）,0.5777,"{'is_target': True, 'verdict': '参加推奨', 'max_combo_prob': 0.0532, 'est_top_odds': 25.0, 'circle_concentration': 62.9, 'eligible_count': 6, 'bet_adj': 2, 'reason': 'rel_win1=58.7%（本命度） / 最有力組み合わせ確率: 0.053（推定実オッズ?25倍） / 2着集中度: 上位2艇 62.9%（補正+0.00） / 総合判定確率: 0.053 / → ヒモ分散。1号艇1着固定で広めのヒモ流し推奨（買い目+2点）', 'tenji_trigger': '展示確認: ヒモ分散レース。1号艇伸び確認後、広めのヒモ流しを採用。穴ヒモ（5・6号艇）を積極的に含める。'}",,,28.2,逃げ狙い,22,25.2,5,,,,,0,0,0.7559,0,,逃げ軸流し,A
2025-06-27,丸亀,11,2,白井友晴,A2,40.66,2,,7.4765,32.1,85,58,0.1874,4.3406,,,0,低,164,0,-,6 5622,0,21.8,0.7393,,,,,,0.1091,0.3491,0.0545,,,B,○,,0.0775,0.671,,0.5692,S,100,0,◎1着固定 2-3着流し（5〜8点）,0.5777,"{'is_target': True, 'verdict': '参加推奨', 'max_combo_prob': 0.0532, 'est_top_odds': 25.0, 'circle_concentration': 62.9, 'eligible_count': 6, 'bet_adj': 2, 'reason': 'rel_win1=58.7%（本命度） / 最有力組み合わせ確率: 0.053（推定実オッズ?25倍） / 2着集中度: 上位2艇 62.9%（補正+0.00） / 総合判定確率: 0.053 / → ヒモ分散。1号艇1着固定で広めのヒモ流し推奨（買い目+2点）', 'tenji_trigger': '展示確認: ヒモ分散レース。1号艇伸び確認後、広めのヒモ流しを採用。穴ヒモ（5・6号艇）を積極的に含める。'}",,,28.2,逃げ狙い,22,25.2,5,,,,,,,,,,,
2025-06-27,丸亀,11,3,三好勇人,A2,42.13,3,○,10.8371,30.8,83,62.9,0.1374,2.7823,,,0,低,88,0,-,61443,0,34.9,0.8677,0,0.0357,0.0357,0.0357,0.0357,0.0133,0.16,0.0533,,,B,,,0.3228,0.6185,,0.5692,S,100,0,◎1着固定 2-3着流し（5〜8点）,0.5777,"{'is_target': True, 'verdict': '参加推奨', 'max_combo_prob': 0.0532, 'est_top_odds': 25.0, 'circle_concentration': 62.9, 'eligible_count': 6, 'bet_adj': 2, 'reason': 'rel_win1=58.7%（本命度） / 最有力組み合わせ確率: 0.053（推定実オッズ?25倍） / 2着集中度: 上位2艇 62.9%（補正+0.00） / 総合判定確率: 0.053 / → ヒモ分散。1号艇1着固定で広めのヒモ流し推奨（買い目+2点）', 'tenji_trigger': '展示確認: ヒモ分散レース。1号艇伸び確認後、広めのヒモ流しを採用。穴ヒモ（5・6号艇）を積極的に含める。'}",,,28.2,逃げ狙い,22,25.2,5,,,,,,,,,,,
2025-06-27,丸亀,11,4,吉川晴人,B1,38.04,4,△,11.0583,15.5,86,58.6,0.1552,3.2672,,,0,低,98,0,差0% 差ま0%,111 33,0,61.1,1.2881,0,0.05,0,0.1,0,0.02,0.02,0.1657,,,C,,○,0.2576,0.6235,0.3242,0.5692,S,100,0,◎1着固定 2-3着流し（5〜8点）,0.5777,"{'is_target': True, 'verdict': '参加推奨', 'max_combo_prob': 0.0532, 'est_top_odds': 25.0, 'circle_concentration': 62.9, 'eligible_count': 6, 'bet_adj': 2, 'reason': 'rel_win1=58.7%（本命度） / 最有力組み合わせ確率: 0.053（推定実オッズ?25倍） / 2着集中度: 上位2艇 62.9%（補正+0.00） / 総合判定確率: 0.053 / → ヒモ分散。1号艇1着固定で広めのヒモ流し推奨（買い目+2点）', 'tenji_trigger': '展示確認: ヒモ分散レース。1号艇伸び確認後、広めのヒモ流しを採用。穴ヒモ（5・6号艇）を積極的に含める。'}",,,28.2,逃げ狙い,22,25.2,5,,,,,,,,,,,
2025-06-27,丸亀,11,5,村岡賢人,A1,34.43,5,▲,10.0798,14.8,100,68.2,0.1225,2.6818,,,0,低,30,0,差ま0% 抜0%,1 3114,0,100,2.0019,0,0,0,0.2667,0.0667,0.0148,0.1644,0.1941,,◎,C,◎,◎,0.4106,0.805,0.5652,0.5692,S,100,0,◎1着固定 2-3着流し（5〜8点）,0.5777,"{'is_target': True, 'verdict': '参加推奨', 'max_combo_prob': 0.0532, 'est_top_odds': 25.0, 'circle_concentration': 62.9, 'eligible_count': 6, 'bet_adj': 2, 'reason': 'rel_win1=58.7%（本命度） / 最有力組み合わせ確率: 0.053（推定実オッズ?25倍） / 2着集中度: 上位2艇 62.9%（補正+0.00） / 総合判定確率: 0.053 / → ヒモ分散。1号艇1着固定で広めのヒモ流し推奨（買い目+2点）', 'tenji_trigger': '展示確認: ヒモ分散レース。1号艇伸び確認後、広めのヒモ流しを採用。穴ヒモ（5・6号艇）を積極的に含める。'}",,,28.2,逃げ狙い,22,25.2,5,,,,,,,,,,,
2025-06-27,丸亀,11,6,西岡顕心,A1,31.75,6,,1.8335,6.8,85,57.1,0.1771,4.1857,,,0,低,55,0,-,431 51,0,31.7,0.8528,,,,,,0,0.0714,0,,,D,△,,0.2049,0.6245,,0.5692,S,100,0,◎1着固定 2-3着流し（5〜8点）,0.5777,"{'is_target': True, 'verdict': '参加推奨', 'max_combo_prob': 0.0532, 'est_top_odds': 25.0, 'circle_concentration': 62.9, 'eligible_count': 6, 'bet_adj': 2, 'reason': 'rel_win1=58.7%（本命度） / 最有力組み合わせ確率: 0.053（推定実オッズ?25倍） / 2着集中度: 上位2艇 62.9%（補正+0.00） / 総合判定確率: 0.053 / → ヒモ分散。1号艇1着固定で広めのヒモ流し推奨（買い目+2点）', 'tenji_trigger': '展示確認: ヒモ分散レース。1号艇伸び確認後、広めのヒモ流しを採用。穴ヒモ（5・6号艇）を積極的に含める。'}",,,28.2,逃げ狙い,22,25.2,5,,,,,,,,,,,
2025-06-27,丸亀,12,1,山田祐也,A1,26.17,1,◎,62.4648,,0,98.2,0.1409,2.8611,,,0,低,53,0,逃1%,12322,0,66,1.0629,0.7727,,,,,0,0.0455,0.1364,◎,,D,○,,,0.663,,0.6216,S,92,0,◎1着固定 2-3着流し（5〜8点）,0.5777,"{'is_target': True, 'verdict': '参加推奨', 'max_combo_prob': 0.0551, 'est_top_odds': 24.2, 'circle_concentration': 56.4, 'eligible_count': 6, 'bet_adj': 2, 'reason': 'rel_win1=62.5%（本命度） / 最有力組み合わせ確率: 0.055（推定実オッズ?24倍） / 2着集中度: 上位2艇 56.4%（補正+0.00） / 総合判定確率: 0.055 / → ヒモ分散。1号艇1着固定で広めのヒモ流し推奨（買い目+2点）', 'tenji_trigger': '展示確認: ヒモ分散レース。1号艇伸び確認後、広めのヒモ流しを採用。穴ヒモ（5・6号艇）を積極的に含める。'}",,,21.1,逃げ狙い,17.02,23.5,5,,,,,0,0,0.7559,0,,逃げ軸流し,A
2025-06-27,丸亀,12,2,小坂宗司,A2,40.76,2,○,9.6002,29.7,100,62.1,0.1447,3.2414,,,0,低,123,0,差0% ま0%,5 5643,0,97.6,0.9986,0,0.1071,0.0357,0,0,0.1467,0.0267,0.08,,,B,,,0.2839,0.612,,0.6216,S,92,0,◎1着固定 2-3着流し（5〜8点）,0.5777,"{'is_target': True, 'verdict': '参加推奨', 'max_combo_prob': 0.0551, 'est_top_odds': 24.2, 'circle_concentration': 56.4, 'eligible_count': 6, 'bet_adj': 2, 'reason': 'rel_win1=62.5%（本命度） / 最有力組み合わせ確率: 0.055（推定実オッズ?24倍） / 2着集中度: 上位2艇 56.4%（補正+0.00） / 総合判定確率: 0.055 / → ヒモ分散。1号艇1着固定で広めのヒモ流し推奨（買い目+2点）', 'tenji_trigger': '展示確認: ヒモ分散レース。1号艇伸び確認後、広めのヒモ流しを採用。穴ヒモ（5・6号艇）を積極的に含める。'}",,,21.1,逃げ狙い,17.02,23.5,5,,,,,,,,,,,
2025-06-27,丸亀,12,3,松井友汰,A2,36.81,3,,9.4343,24.9,86,68,0.1466,3.25,,,0,低,110,0,差0% 差ま0%,451 33,0,39.7,1.1842,0,0.0455,0,0.0909,0,0.0182,0.2409,0.0182,,,C,,,0.2676,0.558,,0.6216,S,92,0,◎1着固定 2-3着流し（5〜8点）,0.5777,"{'is_target': True, 'verdict': '参加推奨', 'max_combo_prob': 0.0551, 'est_top_odds': 24.2, 'circle_concentration': 56.4, 'eligible_count': 6, 'bet_adj': 2, 'reason': 'rel_win1=62.5%（本命度） / 最有力組み合わせ確率: 0.055（推定実オッズ?24倍） / 2着集中度: 上位2艇 56.4%（補正+0.00） / 総合判定確率: 0.055 / → ヒモ分散。1号艇1着固定で広めのヒモ流し推奨（買い目+2点）', 'tenji_trigger': '展示確認: ヒモ分散レース。1号艇伸び確認後、広めのヒモ流しを採用。穴ヒモ（5・6号艇）を積極的に含める。'}",,,21.1,逃げ狙い,17.02,23.5,5,,,,,,,,,,,
2025-06-27,丸亀,12,4,鈴木雅希,B1,40.76,4,▲,7.608,14.5,90,51.6,0.136,2.879,,,0,低,98,0,差ま0% 抜0%,121 65,0,38.3,1.0457,0,0,0,0.0968,0.0323,0.048,0.064,0.296,,,B,△,○,0.3161,0.6285,0.3381,0.6216,S,92,0,◎1着固定 2-3着流し（5〜8点）,0.5777,"{'is_target': True, 'verdict': '参加推奨', 'max_combo_prob': 0.0551, 'est_top_odds': 24.2, 'circle_concentration': 56.4, 'eligible_count': 6, 'bet_adj': 2, 'reason': 'rel_win1=62.5%（本命度） / 最有力組み合わせ確率: 0.055（推定実オッズ?24倍） / 2着集中度: 上位2艇 56.4%（補正+0.00） / 総合判定確率: 0.055 / → ヒモ分散。1号艇1着固定で広めのヒモ流し推奨（買い目+2点）', 'tenji_trigger': '展示確認: ヒモ分散レース。1号艇伸び確認後、広めのヒモ流しを採用。穴ヒモ（5・6号艇）を積極的に含める。'}",,,21.1,逃げ狙い,17.02,23.5,5,,,,,,,,,,,
2025-06-27,丸亀,12,5,豊田健士,A1,33.51,5,,7.9517,26.7,58,67.7,0.1309,3.1618,,,0,低,48,0,差ま0% 抜0%,241 11,0,32.9,1.8902,0,0,0,0.0588,0.0588,0.0952,0.0952,0.0952,,,D,△,◎,0.3184,0.6615,0.3767,0.6216,S,92,0,◎1着固定 2-3着流し（5〜8点）,0.5777,"{'is_target': True, 'verdict': '参加推奨', 'max_combo_prob': 0.0551, 'est_top_odds': 24.2, 'circle_concentration': 56.4, 'eligible_count': 6, 'bet_adj': 2, 'reason': 'rel_win1=62.5%（本命度） / 最有力組み合わせ確率: 0.055（推定実オッズ?24倍） / 2着集中度: 上位2艇 56.4%（補正+0.00） / 総合判定確率: 0.055 / → ヒモ分散。1号艇1着固定で広めのヒモ流し推奨（買い目+2点）', 'tenji_trigger': '展示確認: ヒモ分散レース。1号艇伸び確認後、広めのヒモ流しを採用。穴ヒモ（5・6号艇）を積極的に含める。'}",,,21.1,逃げ狙い,17.02,23.5,5,,,,,,,,,,,
2025-06-27,丸亀,12,6,中村晃朋,A1,49.15,6,△,2.941,4.2,69,40,0.163,3.8333,,,0,低,56,0,-,4 1135,0,31.7,0.9958,,,,,,0.1745,0,0.1564,,,A,◎,,0.2428,0.678,,0.6216,S,92,0,◎1着固定 2-3着流し（5〜8点）,0.5777,"{'is_target': True, 'verdict': '参加推奨', 'max_combo_prob': 0.0551, 'est_top_odds': 24.2, 'circle_concentration': 56.4, 'eligible_count': 6, 'bet_adj': 2, 'reason': 'rel_win1=62.5%（本命度） / 最有力組み合わせ確率: 0.055（推定実オッズ?24倍） / 2着集中度: 上位2艇 56.4%（補正+0.00） / 総合判定確率: 0.055 / → ヒモ分散。1号艇1着固定で広めのヒモ流し推奨（買い目+2点）', 'tenji_trigger': '展示確認: ヒモ分散レース。1号艇伸び確認後、広めのヒモ流しを採用。穴ヒモ（5・6号艇）を積極的に含める。'}",,,21.1,逃げ狙い,17.02,23.5,5,,,,,,,,,,,
2025-06-28,丸亀,1,1,岩津徹郎,B1,36.16,1,◎,54.3571,,0,72.5,0.1555,2.825,,,0,低,117,0,逃0%,524 54,0,80.6,0.9584,0.4118,,,,,0.0706,0.0941,0.2706,○,,C,△,,,0.574,,0.4464,B,59,0,◎○△フォーメーション（15〜20点）,0.5777,"{'is_target': True, 'verdict': '点数絞り', 'max_combo_prob': 0.0929, 'est_top_odds': 14.4, 'circle_concentration': 73.6, 'eligible_count': 9, 'bet_adj': 0, 'reason': 'rel_win1=54.4%（本命度） / 最有力組み合わせ確率: 0.093（推定実オッズ?14倍） / 2着集中度: 上位2艇 73.6%（補正+0.04） / 総合判定確率: 0.133 / → ヒモはやや固め。上位2艇以外を切ること', 'tenji_trigger': '展示確認: 1号艇伸び良→そのまま採用。悪→飛び組に差し替え。circle_pct上位2艇に絞り込むこと。'}",,,27.8,両建て推奨,14.06,31,3,,,,,0,0,0.6155,0,,逃げ軸流し,A
2025-06-28,丸亀,1,2,國崎良春,B1,44.20,2,○,14.3103,46.7,100,69.5,0.1527,3.6271,,,0,低,93,0,差0%,246 46,0,67,1.1329,0,0.0435,0,0,0,0.0444,0.0667,0.2167,,◎,A,△,,0.3469,0.6245,,0.4464,B,59,0,◎○△フォーメーション（15〜20点）,0.5777,"{'is_target': True, 'verdict': '点数絞り', 'max_combo_prob': 0.0929, 'est_top_odds': 14.4, 'circle_concentration': 73.6, 'eligible_count': 9, 'bet_adj': 0, 'reason': 'rel_win1=54.4%（本命度） / 最有力組み合わせ確率: 0.093（推定実オッズ?14倍） / 2着集中度: 上位2艇 73.6%（補正+0.04） / 総合判定確率: 0.133 / → ヒモはやや固め。上位2艇以外を切ること', 'tenji_trigger': '展示確認: 1号艇伸び良→そのまま採用。悪→飛び組に差し替え。circle_pct上位2艇に絞り込むこと。'}",,,27.8,両建て推奨,14.06,31,3,,,,,,,,,,,
2025-06-28,丸亀,1,3,仲　航太,B1,32.58,3,△,16.4912,27,61,58.7,0.183,3.6196,,,0,低,93,0,ま0% 差ま0% 抜0%,345 52,0,63,1.2663,0,0,0.0588,0.1765,0.1176,0.16,0.12,0.12,,,D,,,0.1978,0.554,,0.4464,B,59,0,◎○△フォーメーション（15〜20点）,0.5777,"{'is_target': True, 'verdict': '点数絞り', 'max_combo_prob': 0.0929, 'est_top_odds': 14.4, 'circle_concentration': 73.6, 'eligible_count': 9, 'bet_adj': 0, 'reason': 'rel_win1=54.4%（本命度） / 最有力組み合わせ確率: 0.093（推定実オッズ?14倍） / 2着集中度: 上位2艇 73.6%（補正+0.04） / 総合判定確率: 0.133 / → ヒモはやや固め。上位2艇以外を切ること', 'tenji_trigger': '展示確認: 1号艇伸び良→そのまま採用。悪→飛び組に差し替え。circle_pct上位2艇に絞り込むこと。'}",,,27.8,両建て推奨,14.06,31,3,,,,,,,,,,,
2025-06-28,丸亀,1,4,片岡秀樹,B1,38.74,4,▲,9.5312,10.3,78,41.4,0.1597,3.3707,,,0,低,85,0,ま0%,6 446,0,53.9,0.9577,0,0,0.0417,0,0,0.2778,0.3889,0.1111,,,B,◎,,0.2799,0.6405,,0.4464,B,59,0,◎○△フォーメーション（15〜20点）,0.5777,"{'is_target': True, 'verdict': '点数絞り', 'max_combo_prob': 0.0929, 'est_top_odds': 14.4, 'circle_concentration': 73.6, 'eligible_count': 9, 'bet_adj': 0, 'reason': 'rel_win1=54.4%（本命度） / 最有力組み合わせ確率: 0.093（推定実オッズ?14倍） / 2着集中度: 上位2艇 73.6%（補正+0.04） / 総合判定確率: 0.133 / → ヒモはやや固め。上位2艇以外を切ること', 'tenji_trigger': '展示確認: 1号艇伸び良→そのまま採用。悪→飛び組に差し替え。circle_pct上位2艇に絞り込むこと。'}",,,27.8,両建て推奨,14.06,31,3,,,,,,,,,,,
2025-06-28,丸亀,1,5,岡本　猛,B1,28.49,5,,4.0731,14.5,41,40,0.1684,3.38,,,0,低,92,0,-,5 366,0,64.2,1.0614,,,,,,0.125,0.375,0,,,E,○,,0.2864,0.6305,,0.4464,B,59,0,◎○△フォーメーション（15〜20点）,0.5777,"{'is_target': True, 'verdict': '点数絞り', 'max_combo_prob': 0.0929, 'est_top_odds': 14.4, 'circle_concentration': 73.6, 'eligible_count': 9, 'bet_adj': 0, 'reason': 'rel_win1=54.4%（本命度） / 最有力組み合わせ確率: 0.093（推定実オッズ?14倍） / 2着集中度: 上位2艇 73.6%（補正+0.04） / 総合判定確率: 0.133 / → ヒモはやや固め。上位2艇以外を切ること', 'tenji_trigger': '展示確認: 1号艇伸び良→そのまま採用。悪→飛び組に差し替え。circle_pct上位2艇に絞り込むこと。'}",,,27.8,両建て推奨,14.06,31,3,,,,,,,,,,,
2025-06-28,丸亀,1,6,佐野優都,B2,32.61,6,,1.237,1.6,33,11.7,0.1694,3.5519,,,0,低,41,0,-,,0,29.2,0.5661,,,,,,,,,,,D,,,0.2799,0.5165,,0.4464,B,59,0,◎○△フォーメーション（15〜20点）,0.5777,"{'is_target': True, 'verdict': '点数絞り', 'max_combo_prob': 0.0929, 'est_top_odds': 14.4, 'circle_concentration': 73.6, 'eligible_count': 9, 'bet_adj': 0, 'reason': 'rel_win1=54.4%（本命度） / 最有力組み合わせ確率: 0.093（推定実オッズ?14倍） / 2着集中度: 上位2艇 73.6%（補正+0.04） / 総合判定確率: 0.133 / → ヒモはやや固め。上位2艇以外を切ること', 'tenji_trigger': '展示確認: 1号艇伸び良→そのまま採用。悪→飛び組に差し替え。circle_pct上位2艇に絞り込むこと。'}",,,27.8,両建て推奨,14.06,31,3,,,,,,,,,,,
2025-06-28,丸亀,2,1,峰重侑治,B1,29.07,1,◎,46.8628,,0,86.5,0.1648,3.0962,,,0,低,114,0,逃1%,3 142,0,90.4,1.2128,0.7333,,,,,0.2267,0.0533,0,○,,D,,,,0.6135,,0.3813,A,71,0,◎-○軸 3着3〜4艇流し（10〜15点）,0.5777,"{'is_target': True, 'verdict': '参加推奨', 'max_combo_prob': 0.0692, 'est_top_odds': 19.3, 'circle_concentration': 75.8, 'eligible_count': 8, 'bet_adj': 2, 'reason': 'rel_win1=46.9%（本命度） / 最有力組み合わせ確率: 0.069（推定実オッズ?19倍） / 2着集中度: 上位2艇 75.8%（補正+0.04） / 総合判定確率: 0.109 / → ヒモ分散。1号艇1着固定で広めのヒモ流し推奨（買い目+2点）', 'tenji_trigger': '展示確認: ヒモ分散レース。1号艇伸び確認後、広めのヒモ流しを採用。穴ヒモ（5・6号艇）を積極的に含める。'}",,,29,逃げ狙い,18.26,30.6,3,,,,,0,0,0.6155,0,,主役軸流し,B
2025-06-28,丸亀,2,2,鈴木雅希,B1,40.76,2,○,15.3779,49.2,71,67.8,0.1498,3.3729,,,0,低,98,0,差0% ま0%,121 65,0,48.1,1.1217,0,0.129,0.0323,0,0,0.048,0.064,0.296,,○,A,△,,0.477,0.6285,,0.3813,A,71,0,◎-○軸 3着3〜4艇流し（10〜15点）,0.5777,"{'is_target': True, 'verdict': '参加推奨', 'max_combo_prob': 0.0692, 'est_top_odds': 19.3, 'circle_concentration': 75.8, 'eligible_count': 8, 'bet_adj': 2, 'reason': 'rel_win1=46.9%（本命度） / 最有力組み合わせ確率: 0.069（推定実オッズ?19倍） / 2着集中度: 上位2艇 75.8%（補正+0.04） / 総合判定確率: 0.109 / → ヒモ分散。1号艇1着固定で広めのヒモ流し推奨（買い目+2点）', 'tenji_trigger': '展示確認: ヒモ分散レース。1号艇伸び確認後、広めのヒモ流しを採用。穴ヒモ（5・6号艇）を積極的に含める。'}",,,29,逃げ狙い,18.26,30.6,3,,,,,,,,,,,
2025-06-28,丸亀,2,3,丹下　将,A2,27.37,3,,16.258,26.7,100,67.7,0.1529,3.3077,,,0,低,115,0,-,64425,0,29.3,0.9679,0,0,0.1515,0.0303,0,0.0588,0.2067,0.1445,,△,D,◎,,0.3692,0.66,,0.3813,A,71,0,◎-○軸 3着3〜4艇流し（10〜15点）,0.5777,"{'is_target': True, 'verdict': '参加推奨', 'max_combo_prob': 0.0692, 'est_top_odds': 19.3, 'circle_concentration': 75.8, 'eligible_count': 8, 'bet_adj': 2, 'reason': 'rel_win1=46.9%（本命度） / 最有力組み合わせ確率: 0.069（推定実オッズ?19倍） / 2着集中度: 上位2艇 75.8%（補正+0.04） / 総合判定確率: 0.109 / → ヒモ分散。1号艇1着固定で広めのヒモ流し推奨（買い目+2点）', 'tenji_trigger': '展示確認: ヒモ分散レース。1号艇伸び確認後、広めのヒモ流しを採用。穴ヒモ（5・6号艇）を積極的に含める。'}",,,29,逃げ狙い,18.26,30.6,3,,,,,,,,,,,
2025-06-28,丸亀,2,4,垂水　悠,B1,38.17,4,▲,13.5462,8.6,91,50,0.1204,2.0893,,,0,低,36,0,ま0%,3 261,0,60,1.2479,0,0,0.2,0,0,0.3077,0.2308,0.2308,,◎,B,○,,0.5067,0.632,,0.3813,A,71,0,◎-○軸 3着3〜4艇流し（10〜15点）,0.5777,"{'is_target': True, 'verdict': '参加推奨', 'max_combo_prob': 0.0692, 'est_top_odds': 19.3, 'circle_concentration': 75.8, 'eligible_count': 8, 'bet_adj': 2, 'reason': 'rel_win1=46.9%（本命度） / 最有力組み合わせ確率: 0.069（推定実オッズ?19倍） / 2着集中度: 上位2艇 75.8%（補正+0.04） / 総合判定確率: 0.109 / → ヒモ分散。1号艇1着固定で広めのヒモ流し推奨（買い目+2点）', 'tenji_trigger': '展示確認: ヒモ分散レース。1号艇伸び確認後、広めのヒモ流しを採用。穴ヒモ（5・6号艇）を積極的に含める。'}",,,29,逃げ狙い,18.26,30.6,3,,,,,,,,,,,
2025-06-28,丸亀,2,5,西岡顕心,A1,31.75,5,△,6.9799,11.5,87,61.5,0.1577,3.4615,,,0,低,55,0,-,431 51,0,61.8,1.2576,0,0,0,0.125,0,0,0.0714,0,,,C,△,,0.3208,0.6245,,0.3813,A,71,0,◎-○軸 3着3〜4艇流し（10〜15点）,0.5777,"{'is_target': True, 'verdict': '参加推奨', 'max_combo_prob': 0.0692, 'est_top_odds': 19.3, 'circle_concentration': 75.8, 'eligible_count': 8, 'bet_adj': 2, 'reason': 'rel_win1=46.9%（本命度） / 最有力組み合わせ確率: 0.069（推定実オッズ?19倍） / 2着集中度: 上位2艇 75.8%（補正+0.04） / 総合判定確率: 0.109 / → ヒモ分散。1号艇1着固定で広めのヒモ流し推奨（買い目+2点）', 'tenji_trigger': '展示確認: ヒモ分散レース。1号艇伸び確認後、広めのヒモ流しを採用。穴ヒモ（5・6号艇）を積極的に含める。'}",,,29,逃げ狙い,18.26,30.6,3,,,,,,,,,,,
2025-06-28,丸亀,2,6,澤　大介,B1,27.37,6,,0.9752,4.1,55,29.6,0.1889,3.6204,,,0,低,129,0,-,5 631,0,31.9,0.9333,,,,,,0.46,0.28,0.04,,,D,,,0.2344,0.5755,,0.3813,A,71,0,◎-○軸 3着3〜4艇流し（10〜15点）,0.5777,"{'is_target': True, 'verdict': '参加推奨', 'max_combo_prob': 0.0692, 'est_top_odds': 19.3, 'circle_concentration': 75.8, 'eligible_count': 8, 'bet_adj': 2, 'reason': 'rel_win1=46.9%（本命度） / 最有力組み合わせ確率: 0.069（推定実オッズ?19倍） / 2着集中度: 上位2艇 75.8%（補正+0.04） / 総合判定確率: 0.109 / → ヒモ分散。1号艇1着固定で広めのヒモ流し推奨（買い目+2点）', 'tenji_trigger': '展示確認: ヒモ分散レース。1号艇伸び確認後、広めのヒモ流しを採用。穴ヒモ（5・6号艇）を積極的に含める。'}",,,29,逃げ狙い,18.26,30.6,3,,,,,,,,,,,
2025-06-28,丸亀,3,1,上原　崚,B1,45.61,1,◎,55.4598,,0,84.4,0.142,2.8222,,,0,低,42,0,逃1%,1 366,0,72.9,1.0854,0.5714,,,,,0.2381,0.0571,0.119,◎,,A,○,,,0.663,,0.5542,S,87,0,◎1着固定 2-3着流し（5〜8点）,0.5777,"{'is_target': True, 'verdict': '点数絞り', 'max_combo_prob': 0.0825, 'est_top_odds': 16.2, 'circle_concentration': 73.9, 'eligible_count': 6, 'bet_adj': 0, 'reason': 'rel_win1=55.5%（本命度） / 最有力組み合わせ確率: 0.083（推定実オッズ?16倍） / 2着集中度: 上位2艇 73.9%（補正+0.04） / 総合判定確率: 0.123 / → ヒモはやや固め。上位2艇以外を切ること', 'tenji_trigger': '展示確認: 1号艇伸び良→そのまま採用。悪→飛び組に差し替え。circle_pct上位2艇に絞り込むこと。'}",,,28.5,逃げ狙い,16.68,30.7,2,,,,,0,0,0.7559,0,,逃げ軸流し,A
2025-06-28,丸亀,3,2,中野仁照,A1,34.74,2,▲,13.4648,42.7,60,57.1,0.1646,3.6786,,,0,低,35,0,ま0%,2 1262,0,41.7,0.9505,0,0,0.3333,0,0,0,0,0.3636,,,C,△,,0.1265,0.623,,0.5542,S,87,0,◎1着固定 2-3着流し（5〜8点）,0.5777,"{'is_target': True, 'verdict': '点数絞り', 'max_combo_prob': 0.0825, 'est_top_odds': 16.2, 'circle_concentration': 73.9, 'eligible_count': 6, 'bet_adj': 0, 'reason': 'rel_win1=55.5%（本命度） / 最有力組み合わせ確率: 0.083（推定実オッズ?16倍） / 2着集中度: 上位2艇 73.9%（補正+0.04） / 総合判定確率: 0.123 / → ヒモはやや固め。上位2艇以外を切ること', 'tenji_trigger': '展示確認: 1号艇伸び良→そのまま採用。悪→飛び組に差し替え。circle_pct上位2艇に絞り込むこと。'}",,,28.5,逃げ狙い,16.68,30.7,2,,,,,,,,,,,
2025-06-28,丸亀,3,3,川島圭司,A2,31.25,3,△,8.576,31.2,98,54,0.1403,2.5541,,,0,低,79,0,-,6 3413,0,67.2,0.5248,0,0,0,0.0938,0,0.0353,0.1553,0.1553,,,E,◎,,0.3015,0.665,,0.5542,S,87,0,◎1着固定 2-3着流し（5〜8点）,0.5777,"{'is_target': True, 'verdict': '点数絞り', 'max_combo_prob': 0.0825, 'est_top_odds': 16.2, 'circle_concentration': 73.9, 'eligible_count': 6, 'bet_adj': 0, 'reason': 'rel_win1=55.5%（本命度） / 最有力組み合わせ確率: 0.083（推定実オッズ?16倍） / 2着集中度: 上位2艇 73.9%（補正+0.04） / 総合判定確率: 0.123 / → ヒモはやや固め。上位2艇以外を切ること', 'tenji_trigger': '展示確認: 1号艇伸び良→そのまま採用。悪→飛び組に差し替え。circle_pct上位2艇に絞り込むこと。'}",,,28.5,逃げ狙い,16.68,30.7,2,,,,,,,,,,,
2025-06-28,丸亀,3,4,藤山雅弘,B1,42.46,4,○,11.5607,13,100,55.2,0.1714,3.75,,,0,低,135,0,-,413 14,0,100,2.9774,0,0.087,0.0435,0,0,0.2371,0,0.0143,,,B,,◎,0.1787,0.6125,0.329,0.5542,S,87,0,◎1着固定 2-3着流し（5〜8点）,0.5777,"{'is_target': True, 'verdict': '点数絞り', 'max_combo_prob': 0.0825, 'est_top_odds': 16.2, 'circle_concentration': 73.9, 'eligible_count': 6, 'bet_adj': 0, 'reason': 'rel_win1=55.5%（本命度） / 最有力組み合わせ確率: 0.083（推定実オッズ?16倍） / 2着集中度: 上位2艇 73.9%（補正+0.04） / 総合判定確率: 0.123 / → ヒモはやや固め。上位2艇以外を切ること', 'tenji_trigger': '展示確認: 1号艇伸び良→そのまま採用。悪→飛び組に差し替え。circle_pct上位2艇に絞り込むこと。'}",,,28.5,逃げ狙い,16.68,30.7,2,,,,,,,,,,,
2025-06-28,丸亀,3,5,庄島潤成,B2,33.87,5,,7.2687,5.7,52,12.5,0.1844,4.0625,,,0,低,60,0,差ま0%,,0,39,0.8257,0,0,0,0.0625,0,,,,,,D,,,0.153,0.5315,,0.5542,S,87,0,◎1着固定 2-3着流し（5〜8点）,0.5777,"{'is_target': True, 'verdict': '点数絞り', 'max_combo_prob': 0.0825, 'est_top_odds': 16.2, 'circle_concentration': 73.9, 'eligible_count': 6, 'bet_adj': 0, 'reason': 'rel_win1=55.5%（本命度） / 最有力組み合わせ確率: 0.083（推定実オッズ?16倍） / 2着集中度: 上位2艇 73.9%（補正+0.04） / 総合判定確率: 0.123 / → ヒモはやや固め。上位2艇以外を切ること', 'tenji_trigger': '展示確認: 1号艇伸び良→そのまま採用。悪→飛び組に差し替え。circle_pct上位2艇に絞り込むこと。'}",,,28.5,逃げ狙い,16.68,30.7,2,,,,,,,,,,,
2025-06-28,丸亀,3,6,吉川晴人,B1,38.04,6,,3.6699,7.4,37,35,0.1735,3.35,,,0,低,98,0,-,111 33,0,28.2,1.4606,,,,,,0.02,0.02,0.1657,,,C,△,,0.2128,0.6235,,0.5542,S,87,0,◎1着固定 2-3着流し（5〜8点）,0.5777,"{'is_target': True, 'verdict': '点数絞り', 'max_combo_prob': 0.0825, 'est_top_odds': 16.2, 'circle_concentration': 73.9, 'eligible_count': 6, 'bet_adj': 0, 'reason': 'rel_win1=55.5%（本命度） / 最有力組み合わせ確率: 0.083（推定実オッズ?16倍） / 2着集中度: 上位2艇 73.9%（補正+0.04） / 総合判定確率: 0.123 / → ヒモはやや固め。上位2艇以外を切ること', 'tenji_trigger': '展示確認: 1号艇伸び良→そのまま採用。悪→飛び組に差し替え。circle_pct上位2艇に絞り込むこと。'}",,,28.5,逃げ狙い,16.68,30.7,2,,,,,,,,,,,
2025-06-28,丸亀,4,1,宮村勇哉,B1,30.00,1,◎,41.6633,,0,65.6,0.1631,2.9375,,,0,低,96,0,逃0%,151 14,0,60.7,0.8381,0.3333,,,,,0.25,0.0833,0.25,○,,E,△,,,0.583,,0.4286,C,38,0,荒れ傾向。高配当狙いか見送り,0.5777,"{'is_target': False, 'verdict': '対象外', 'max_combo_prob': None, 'est_top_odds': None, 'circle_concentration': None, 'eligible_count': 0, 'bet_adj': 0, 'reason': '1号艇rel_win1 < 45%: 通常判定に委ねる', 'tenji_trigger': ''}",,,30.8,両建て推奨,18.25,36,2,,,,,0,0,0.6155,0,,主役軸流し,B
2025-06-28,丸亀,4,2,金山立樹,B1,47.51,2,○,24.3372,31.3,100,63.8,0.1796,3.7899,,,0,低,147,0,差0% ま0% 抜0%,2 255,0,60.5,1.1698,0,0.0714,0.1429,0,0.0714,0.3513,0.2185,0.0706,,,A,,,0.1595,0.565,,0.4286,C,38,0,荒れ傾向。高配当狙いか見送り,0.5777,"{'is_target': False, 'verdict': '対象外', 'max_combo_prob': None, 'est_top_odds': None, 'circle_concentration': None, 'eligible_count': 0, 'bet_adj': 0, 'reason': '1号艇rel_win1 < 45%: 通常判定に委ねる', 'tenji_trigger': ''}",,,30.8,両建て推奨,18.25,36,2,,,,,,,,,,,
2025-06-28,丸亀,4,3,上之晃弘,B1,36.67,3,▲,13.9162,28.9,54,49.3,0.167,3.5141,,,0,低,123,0,ま0%,546 26,0,52.1,1.0598,0,0,0.1071,0,0,0.0545,0.0727,0.2045,,,C,○,,0.2799,0.659,,0.4286,C,38,0,荒れ傾向。高配当狙いか見送り,0.5777,"{'is_target': False, 'verdict': '対象外', 'max_combo_prob': None, 'est_top_odds': None, 'circle_concentration': None, 'eligible_count': 0, 'bet_adj': 0, 'reason': '1号艇rel_win1 < 45%: 通常判定に委ねる', 'tenji_trigger': ''}",,,30.8,両建て推奨,18.25,36,2,,,,,,,,,,,
2025-06-28,丸亀,4,4,佐々木完,A1,30.81,4,,8.9312,24.6,74,60.7,0.2064,3.9286,,,0,低,55,0,-,56251,0,56.5,1.1874,,,,,,0.0222,0.0222,0.2667,,,D,△,,0.143,0.632,,0.4286,C,38,0,荒れ傾向。高配当狙いか見送り,0.5777,"{'is_target': False, 'verdict': '対象外', 'max_combo_prob': None, 'est_top_odds': None, 'circle_concentration': None, 'eligible_count': 0, 'bet_adj': 0, 'reason': '1号艇rel_win1 < 45%: 通常判定に委ねる', 'tenji_trigger': ''}",,,30.8,両建て推奨,18.25,36,2,,,,,,,,,,,
2025-06-28,丸亀,4,5,木谷賢太,A1,34.25,5,,9.8368,14.8,70,59.6,0.177,3.9787,,,0,低,107,0,差ま0%,215534,0,86.6,1.4843,0,0,0,0.0476,0,0.0343,0.0114,0.1957,,,D,◎,,0.2377,0.663,,0.4286,C,38,0,荒れ傾向。高配当狙いか見送り,0.5777,"{'is_target': False, 'verdict': '対象外', 'max_combo_prob': None, 'est_top_odds': None, 'circle_concentration': None, 'eligible_count': 0, 'bet_adj': 0, 'reason': '1号艇rel_win1 < 45%: 通常判定に委ねる', 'tenji_trigger': ''}",,,30.8,両建て推奨,18.25,36,2,,,,,,,,,,,
2025-06-28,丸亀,4,6,烏野賢太,B1,46.93,6,△,1.3153,0.5,65,32.6,0.1763,4,,,0,低,135,0,-,454 45,0,27.6,0.3211,,,,,,0.1153,0.145,0,,,B,◎,,0.2715,0.663,,0.4286,C,38,0,荒れ傾向。高配当狙いか見送り,0.5777,"{'is_target': False, 'verdict': '対象外', 'max_combo_prob': None, 'est_top_odds': None, 'circle_concentration': None, 'eligible_count': 0, 'bet_adj': 0, 'reason': '1号艇rel_win1 < 45%: 通常判定に委ねる', 'tenji_trigger': ''}",,,30.8,両建て推奨,18.25,36,2,,,,,,,,,,,
2025-06-28,丸亀,5,1,田川大貴,A2,26.63,1,◎,42.7423,,0,87.3,0.1525,2.9444,,,0,低,91,0,逃0%,662 31,0,53.3,0.9031,0.6,,,,,0.1434,0.0774,0.1003,○,,D,△,,,0.616,,0.4224,A,69,0,◎-○軸 3着3〜4艇流し（10〜15点）,0.5777,"{'is_target': False, 'verdict': '対象外', 'max_combo_prob': None, 'est_top_odds': None, 'circle_concentration': None, 'eligible_count': 0, 'bet_adj': 0, 'reason': '1号艇rel_win1 < 45%: 通常判定に委ねる', 'tenji_trigger': ''}",,,31.3,逃げ狙い,26.73,29.9,5,,,,,0,0,0.6155,0,,逃げ軸流し,A
2025-06-28,丸亀,5,2,古田祐貴,B1,29.44,2,▲,12.0873,36.7,89,75,0.152,3.1917,,,0,低,105,0,差0%,2 152,0,25.9,0.7841,0,0.125,0,0,0,0.2088,0.1971,0.1338,,○,C,△,,0.3549,0.6265,,0.4224,A,69,0,◎-○軸 3着3〜4艇流し（10〜15点）,0.5777,"{'is_target': False, 'verdict': '対象外', 'max_combo_prob': None, 'est_top_odds': None, 'circle_concentration': None, 'eligible_count': 0, 'bet_adj': 0, 'reason': '1号艇rel_win1 < 45%: 通常判定に委ねる', 'tenji_trigger': ''}",,,31.3,逃げ狙い,26.73,29.9,5,,,,,,,,,,,
2025-06-28,丸亀,5,3,岡部　哲,B1,26.25,3,,11.3338,14.5,60,50,0.143,2.7963,,,0,低,119,0,ま0%,625 46,0,81.9,1.0012,0,0,0.0455,0,0,0.1762,0.3762,0.2143,,,E,△,,0.3452,0.6265,,0.4224,A,69,0,◎-○軸 3着3〜4艇流し（10〜15点）,0.5777,"{'is_target': False, 'verdict': '対象外', 'max_combo_prob': None, 'est_top_odds': None, 'circle_concentration': None, 'eligible_count': 0, 'bet_adj': 0, 'reason': '1号艇rel_win1 < 45%: 通常判定に委ねる', 'tenji_trigger': ''}",,,31.3,逃げ狙い,26.73,29.9,5,,,,,,,,,,,
2025-06-28,丸亀,5,4,山崎　祥,B1,31.87,4,△,15.9875,12.1,100,65.8,0.1851,4.2561,,,0,低,131,0,差0% ま0% 差ま0%,6 243,0,71.4,1.56,0,0.05,0.1,0.1,0,0.3238,0,0.0667,,,C,,○,0.1953,0.5955,0.2067,0.4224,A,69,0,◎-○軸 3着3〜4艇流し（10〜15点）,0.5777,"{'is_target': False, 'verdict': '対象外', 'max_combo_prob': None, 'est_top_odds': None, 'circle_concentration': None, 'eligible_count': 0, 'bet_adj': 0, 'reason': '1号艇rel_win1 < 45%: 通常判定に委ねる', 'tenji_trigger': ''}",,,31.3,逃げ狙い,26.73,29.9,5,,,,,,,,,,,
2025-06-28,丸亀,5,5,菊地孝平,A1,39.06,5,○,14.916,28.4,41,65,0.109,2.625,,,0,低,10,0,差ま0%,31235,0,100,2.0681,0,0,0,0.4167,0,0.12,0.04,0.02,,◎,B,◎,◎,0.5246,0.82,0.6383,0.4224,A,69,0,◎-○軸 3着3〜4艇流し（10〜15点）,0.5777,"{'is_target': False, 'verdict': '対象外', 'max_combo_prob': None, 'est_top_odds': None, 'circle_concentration': None, 'eligible_count': 0, 'bet_adj': 0, 'reason': '1号艇rel_win1 < 45%: 通常判定に委ねる', 'tenji_trigger': ''}",,,31.3,逃げ狙い,26.73,29.9,5,,,,,,,,,,,
2025-06-28,丸亀,5,6,豊田健士,A1,33.51,6,,2.9331,8.4,52,48,0.1612,3.44,,,0,低,48,0,差ま0%,241 11,0,35.1,1.8053,0,0,0,0.0833,0,0.0952,0.0952,0.0952,,,B,○,,0.2676,0.6615,,0.4224,A,69,0,◎-○軸 3着3〜4艇流し（10〜15点）,0.5777,"{'is_target': False, 'verdict': '対象外', 'max_combo_prob': None, 'est_top_odds': None, 'circle_concentration': None, 'eligible_count': 0, 'bet_adj': 0, 'reason': '1号艇rel_win1 < 45%: 通常判定に委ねる', 'tenji_trigger': ''}",,,31.3,逃げ狙い,26.73,29.9,5,,,,,,,,,,,
2025-06-28,丸亀,6,1,後藤盛也,A2,40.12,1,◎,52.9345,,0,85.2,0.1354,2.4815,,,0,低,72,0,逃1%,6 2322,0,86,1.084,0.56,,,,,0.28,0.1307,0,◎,,C,△,,,0.6145,,0.6132,A,73,0,◎-○軸 3着3〜4艇流し（10〜15点）,0.5777,"{'is_target': True, 'verdict': '参加推奨', 'max_combo_prob': 0.0673, 'est_top_odds': 19.8, 'circle_concentration': 72.0, 'eligible_count': 8, 'bet_adj': 2, 'reason': 'rel_win1=52.9%（本命度） / 最有力組み合わせ確率: 0.067（推定実オッズ?20倍） / 2着集中度: 上位2艇 72.0%（補正+0.04） / 総合判定確率: 0.107 / → ヒモ分散。1号艇1着固定で広めのヒモ流し推奨（買い目+2点）', 'tenji_trigger': '展示確認: ヒモ分散レース。1号艇伸び確認後、広めのヒモ流しを採用。穴ヒモ（5・6号艇）を積極的に含める。\n展示で1号艇スタート超安定(0.135秒)→ヒモ固まり方向に注意'}",,,31.3,逃げ狙い,23.65,32.8,4,,,,,0,0,0.7559,0,,逃げ軸流し,A
2025-06-28,丸亀,6,2,仲　航太,B1,32.58,2,,16.1245,40.4,90,63.2,0.1545,3.1711,,,0,低,93,0,差0% ま0%,345 52,0,47.7,1.0664,0,0.25,0.1,0,0,0.16,0.12,0.12,,,E,,,0.1635,0.554,,0.6132,A,73,0,◎-○軸 3着3〜4艇流し（10〜15点）,0.5777,"{'is_target': True, 'verdict': '参加推奨', 'max_combo_prob': 0.0673, 'est_top_odds': 19.8, 'circle_concentration': 72.0, 'eligible_count': 8, 'bet_adj': 2, 'reason': 'rel_win1=52.9%（本命度） / 最有力組み合わせ確率: 0.067（推定実オッズ?20倍） / 2着集中度: 上位2艇 72.0%（補正+0.04） / 総合判定確率: 0.107 / → ヒモ分散。1号艇1着固定で広めのヒモ流し推奨（買い目+2点）', 'tenji_trigger': '展示確認: ヒモ分散レース。1号艇伸び確認後、広めのヒモ流しを採用。穴ヒモ（5・6号艇）を積極的に含める。\n展示で1号艇スタート超安定(0.135秒)→ヒモ固まり方向に注意'}",,,31.3,逃げ狙い,23.65,32.8,4,,,,,,,,,,,
2025-06-28,丸亀,6,3,横澤剛治,A1,38.95,3,△,13.4061,31.6,100,70.4,0.1494,3.1852,,,0,低,96,0,差0% ま0% 差ま0%,125515,0,61.8,1.3258,0,0.0385,0.0385,0.0769,0,0.0167,0.0667,0.1533,,,C,○,,0.2182,0.666,,0.6132,A,73,0,◎-○軸 3着3〜4艇流し（10〜15点）,0.5777,"{'is_target': True, 'verdict': '参加推奨', 'max_combo_prob': 0.0673, 'est_top_odds': 19.8, 'circle_concentration': 72.0, 'eligible_count': 8, 'bet_adj': 2, 'reason': 'rel_win1=52.9%（本命度） / 最有力組み合わせ確率: 0.067（推定実オッズ?20倍） / 2着集中度: 上位2艇 72.0%（補正+0.04） / 総合判定確率: 0.107 / → ヒモ分散。1号艇1着固定で広めのヒモ流し推奨（買い目+2点）', 'tenji_trigger': '展示確認: ヒモ分散レース。1号艇伸び確認後、広めのヒモ流しを採用。穴ヒモ（5・6号艇）を積極的に含める。\n展示で1号艇スタート超安定(0.135秒)→ヒモ固まり方向に注意'}",,,31.3,逃げ狙い,23.65,32.8,4,,,,,,,,,,,
2025-06-28,丸亀,6,4,中村晃朋,A1,49.15,4,○,10.0318,20.7,94,63.9,0.1389,3.2917,,,0,低,56,0,差0%,4 1135,0,80.3,1.406,0,0.1429,0,0,0,0.1745,0,0.1564,,,A,◎,◎,0.29,0.678,0.3789,0.6132,A,73,0,◎-○軸 3着3〜4艇流し（10〜15点）,0.5777,"{'is_target': True, 'verdict': '参加推奨', 'max_combo_prob': 0.0673, 'est_top_odds': 19.8, 'circle_concentration': 72.0, 'eligible_count': 8, 'bet_adj': 2, 'reason': 'rel_win1=52.9%（本命度） / 最有力組み合わせ確率: 0.067（推定実オッズ?20倍） / 2着集中度: 上位2艇 72.0%（補正+0.04） / 総合判定確率: 0.107 / → ヒモ分散。1号艇1着固定で広めのヒモ流し推奨（買い目+2点）', 'tenji_trigger': '展示確認: ヒモ分散レース。1号艇伸び確認後、広めのヒモ流しを採用。穴ヒモ（5・6号艇）を積極的に含める。\n展示で1号艇スタート超安定(0.135秒)→ヒモ固まり方向に注意'}",,,31.3,逃げ狙い,23.65,32.8,4,,,,,,,,,,,
2025-06-28,丸亀,6,5,佐野優都,B2,32.61,5,,5.0487,4.7,83,27.3,0.1532,3.0682,,,0,低,41,0,差ま0%,,0,32.5,0.8481,0,0,0,0.0455,0,,,,,,D,,,0.2258,0.5165,,0.6132,A,73,0,◎-○軸 3着3〜4艇流し（10〜15点）,0.5777,"{'is_target': True, 'verdict': '参加推奨', 'max_combo_prob': 0.0673, 'est_top_odds': 19.8, 'circle_concentration': 72.0, 'eligible_count': 8, 'bet_adj': 2, 'reason': 'rel_win1=52.9%（本命度） / 最有力組み合わせ確率: 0.067（推定実オッズ?20倍） / 2着集中度: 上位2艇 72.0%（補正+0.04） / 総合判定確率: 0.107 / → ヒモ分散。1号艇1着固定で広めのヒモ流し推奨（買い目+2点）', 'tenji_trigger': '展示確認: ヒモ分散レース。1号艇伸び確認後、広めのヒモ流しを採用。穴ヒモ（5・6号艇）を積極的に含める。\n展示で1号艇スタート超安定(0.135秒)→ヒモ固まり方向に注意'}",,,31.3,逃げ狙い,23.65,32.8,4,,,,,,,,,,,
2025-06-28,丸亀,6,6,森晋太郎,B1,43.09,6,▲,2.4545,2.6,41,19.1,0.1424,3.0952,,,0,低,64,0,ま0%,352 53,0,28.1,0.8497,0,0,0.0556,0,0,0,0.2,0.1333,,,B,△,,0.2691,0.6435,,0.6132,A,73,0,◎-○軸 3着3〜4艇流し（10〜15点）,0.5777,"{'is_target': True, 'verdict': '参加推奨', 'max_combo_prob': 0.0673, 'est_top_odds': 19.8, 'circle_concentration': 72.0, 'eligible_count': 8, 'bet_adj': 2, 'reason': 'rel_win1=52.9%（本命度） / 最有力組み合わせ確率: 0.067（推定実オッズ?20倍） / 2着集中度: 上位2艇 72.0%（補正+0.04） / 総合判定確率: 0.107 / → ヒモ分散。1号艇1着固定で広めのヒモ流し推奨（買い目+2点）', 'tenji_trigger': '展示確認: ヒモ分散レース。1号艇伸び確認後、広めのヒモ流しを採用。穴ヒモ（5・6号艇）を積極的に含める。\n展示で1号艇スタート超安定(0.135秒)→ヒモ固まり方向に注意'}",,,31.3,逃げ狙い,23.65,32.8,4,,,,,,,,,,,
2025-06-28,丸亀,7,1,村岡賢人,A1,34.43,1,◎,57.1405,,0,90.1,0.1132,2.2254,,,0,低,30,0,逃1%,1 3114,0,75.3,1.1509,0.5926,,,,,0.0148,0.1644,0.1941,◎,,C,◎,,,0.805,,0.7078,S,91,0,◎1着固定 2-3着流し（5〜8点）,0.5777,"{'is_target': True, 'verdict': '参加推奨', 'max_combo_prob': 0.1056, 'est_top_odds': 12.6, 'circle_concentration': 66.9, 'eligible_count': 6, 'bet_adj': 2, 'reason': 'rel_win1=57.1%（本命度） / 最有力組み合わせ確率: 0.106（推定実オッズ?13倍） / 2着集中度: 上位2艇 66.9%（補正+0.00） / 総合判定確率: 0.106 / → ヒモ分散。1号艇1着固定で広めのヒモ流し推奨（買い目+2点）', 'tenji_trigger': '展示確認: ヒモ分散レース。1号艇伸び確認後、広めのヒモ流しを採用。穴ヒモ（5・6号艇）を積極的に含める。\n展示で1号艇スタート超安定(0.113秒)→ヒモ固まり方向に注意'}",,,27.7,逃げ狙い,18.64,26.7,6,,,,,0,0,0.7559,0,,逃げ軸流し,A
2025-06-28,丸亀,7,2,間嶋仁志,B1,34.29,2,,8.878,48.8,72,64.7,0.2085,4.4118,,,0,低,136,0,-,5 466,0,29.7,1.0155,0,0.1071,0,0,0,0.048,0.048,0.412,,,D,△,,0.0762,0.6285,,0.7078,S,91,0,◎1着固定 2-3着流し（5〜8点）,0.5777,"{'is_target': True, 'verdict': '参加推奨', 'max_combo_prob': 0.1056, 'est_top_odds': 12.6, 'circle_concentration': 66.9, 'eligible_count': 6, 'bet_adj': 2, 'reason': 'rel_win1=57.1%（本命度） / 最有力組み合わせ確率: 0.106（推定実オッズ?13倍） / 2着集中度: 上位2艇 66.9%（補正+0.00） / 総合判定確率: 0.106 / → ヒモ分散。1号艇1着固定で広めのヒモ流し推奨（買い目+2点）', 'tenji_trigger': '展示確認: ヒモ分散レース。1号艇伸び確認後、広めのヒモ流しを採用。穴ヒモ（5・6号艇）を積極的に含める。\n展示で1号艇スタート超安定(0.113秒)→ヒモ固まり方向に注意'}",,,27.7,逃げ狙い,18.64,26.7,6,,,,,,,,,,,
2025-06-28,丸亀,7,3,岩津徹郎,B1,36.16,3,△,9.3069,18.1,65,45.8,0.1723,3.3229,,,0,低,117,0,差0% ま0% 差ま0%,524 54,0,26.7,0.9012,0,0.0455,0.0909,0.0455,0,0.0706,0.0941,0.2706,,,C,,,0.1372,0.574,,0.7078,S,91,0,◎1着固定 2-3着流し（5〜8点）,0.5777,"{'is_target': True, 'verdict': '参加推奨', 'max_combo_prob': 0.1056, 'est_top_odds': 12.6, 'circle_concentration': 66.9, 'eligible_count': 6, 'bet_adj': 2, 'reason': 'rel_win1=57.1%（本命度） / 最有力組み合わせ確率: 0.106（推定実オッズ?13倍） / 2着集中度: 上位2艇 66.9%（補正+0.00） / 総合判定確率: 0.106 / → ヒモ分散。1号艇1着固定で広めのヒモ流し推奨（買い目+2点）', 'tenji_trigger': '展示確認: ヒモ分散レース。1号艇伸び確認後、広めのヒモ流しを採用。穴ヒモ（5・6号艇）を積極的に含める。\n展示で1号艇スタート超安定(0.113秒)→ヒモ固まり方向に注意'}",,,27.7,逃げ狙い,18.64,26.7,6,,,,,,,,,,,
2025-06-28,丸亀,7,4,松井友汰,A2,36.81,4,○,12.0692,10.9,100,62.1,0.1719,3.5948,,,0,低,110,0,差0% 差ま0% 抜0%,451 33,0,63.1,1.3691,0,0.037,0,0.037,0.037,0.0182,0.2409,0.0182,,,B,,○,0.1318,0.558,0.2725,0.7078,S,91,0,◎1着固定 2-3着流し（5〜8点）,0.5777,"{'is_target': True, 'verdict': '参加推奨', 'max_combo_prob': 0.1056, 'est_top_odds': 12.6, 'circle_concentration': 66.9, 'eligible_count': 6, 'bet_adj': 2, 'reason': 'rel_win1=57.1%（本命度） / 最有力組み合わせ確率: 0.106（推定実オッズ?13倍） / 2着集中度: 上位2艇 66.9%（補正+0.00） / 総合判定確率: 0.106 / → ヒモ分散。1号艇1着固定で広めのヒモ流し推奨（買い目+2点）', 'tenji_trigger': '展示確認: ヒモ分散レース。1号艇伸び確認後、広めのヒモ流しを採用。穴ヒモ（5・6号艇）を積極的に含める。\n展示で1号艇スタート超安定(0.113秒)→ヒモ固まり方向に注意'}",,,27.7,逃げ狙い,18.64,26.7,6,,,,,,,,,,,
2025-06-28,丸亀,7,5,白井友晴,A2,40.66,5,▲,6.2422,13,55,41,0.1749,3.7787,,,0,低,164,0,-,6 5622,0,29.7,0.7943,0,0,0.0323,0.0323,0,0.1091,0.3491,0.0545,,,B,○,,0.1356,0.671,,0.7078,S,91,0,◎1着固定 2-3着流し（5〜8点）,0.5777,"{'is_target': True, 'verdict': '参加推奨', 'max_combo_prob': 0.1056, 'est_top_odds': 12.6, 'circle_concentration': 66.9, 'eligible_count': 6, 'bet_adj': 2, 'reason': 'rel_win1=57.1%（本命度） / 最有力組み合わせ確率: 0.106（推定実オッズ?13倍） / 2着集中度: 上位2艇 66.9%（補正+0.00） / 総合判定確率: 0.106 / → ヒモ分散。1号艇1着固定で広めのヒモ流し推奨（買い目+2点）', 'tenji_trigger': '展示確認: ヒモ分散レース。1号艇伸び確認後、広めのヒモ流しを採用。穴ヒモ（5・6号艇）を積極的に含める。\n展示で1号艇スタート超安定(0.113秒)→ヒモ固まり方向に注意'}",,,27.7,逃げ狙い,18.64,26.7,6,,,,,,,,,,,
2025-06-28,丸亀,7,6,山田祐也,A1,26.17,6,,6.363,9.2,44,57.1,0.1457,3.4286,,,0,低,53,0,差ま0% 抜0%,12322,0,100,2.3625,0,0,0,0.0714,0.0714,0,0.0455,0.1364,,,E,△,◎,0.2133,0.663,0.3923,0.7078,S,91,0,◎1着固定 2-3着流し（5〜8点）,0.5777,"{'is_target': True, 'verdict': '参加推奨', 'max_combo_prob': 0.1056, 'est_top_odds': 12.6, 'circle_concentration': 66.9, 'eligible_count': 6, 'bet_adj': 2, 'reason': 'rel_win1=57.1%（本命度） / 最有力組み合わせ確率: 0.106（推定実オッズ?13倍） / 2着集中度: 上位2艇 66.9%（補正+0.00） / 総合判定確率: 0.106 / → ヒモ分散。1号艇1着固定で広めのヒモ流し推奨（買い目+2点）', 'tenji_trigger': '展示確認: ヒモ分散レース。1号艇伸び確認後、広めのヒモ流しを採用。穴ヒモ（5・6号艇）を積極的に含める。\n展示で1号艇スタート超安定(0.113秒)→ヒモ固まり方向に注意'}",,,27.7,逃げ狙い,18.64,26.7,6,,,,,,,,,,,
2025-06-28,丸亀,8,1,杉山裕也,A1,26.25,1,◎,63.8312,,0,96,0.1536,2.9868,,,0,低,84,0,逃1%,353322,0,92.1,1.2376,0.6562,,,,,0,0.2625,0.1375,◎,,E,○,,,0.6625,,0.5221,S,86,0,◎1着固定 2-3着流し（5〜8点）,0.5777,"{'is_target': True, 'verdict': '点数絞り', 'max_combo_prob': 0.1082, 'est_top_odds': 12.3, 'circle_concentration': 72.6, 'eligible_count': 6, 'bet_adj': 0, 'reason': 'rel_win1=63.8%（本命度） / 最有力組み合わせ確率: 0.108（推定実オッズ?12倍） / 2着集中度: 上位2艇 72.6%（補正+0.04） / 総合判定確率: 0.148 / → ヒモはやや固め。上位2艇以外を切ること', 'tenji_trigger': '展示確認: 1号艇伸び良→そのまま採用。悪→飛び組に差し替え。circle_pct上位2艇に絞り込むこと。'}",,,29.4,逃げ狙い,20.35,30.1,3,,,,,0,0,0.7559,0,,逃げ軸流し,A
2025-06-28,丸亀,8,2,三好勇人,A2,42.13,2,▲,10.3226,46.1,90,70.3,0.1291,2.4297,,,0,低,88,0,-,61443,0,32.2,0.819,0,0.0345,0.1379,0,0,0.0133,0.16,0.0533,,◎,C,△,,0.5655,0.6185,,0.5221,S,86,0,◎1着固定 2-3着流し（5〜8点）,0.5777,"{'is_target': True, 'verdict': '点数絞り', 'max_combo_prob': 0.1082, 'est_top_odds': 12.3, 'circle_concentration': 72.6, 'eligible_count': 6, 'bet_adj': 0, 'reason': 'rel_win1=63.8%（本命度） / 最有力組み合わせ確率: 0.108（推定実オッズ?12倍） / 2着集中度: 上位2艇 72.6%（補正+0.04） / 総合判定確率: 0.148 / → ヒモはやや固め。上位2艇以外を切ること', 'tenji_trigger': '展示確認: 1号艇伸び良→そのまま採用。悪→飛び組に差し替え。circle_pct上位2艇に絞り込むこと。'}",,,29.4,逃げ狙い,20.35,30.1,3,,,,,,,,,,,
2025-06-28,丸亀,8,3,烏野賢太,B1,46.93,3,○,13.9453,26.5,100,71.9,0.1581,3.6094,,,0,低,135,0,-,454 45,0,23.1,0.7306,0,0,0.0526,0.1053,0,0.1153,0.145,0,,,A,◎,,0.2794,0.663,,0.5221,S,86,0,◎1着固定 2-3着流し（5〜8点）,0.5777,"{'is_target': True, 'verdict': '点数絞り', 'max_combo_prob': 0.1082, 'est_top_odds': 12.3, 'circle_concentration': 72.6, 'eligible_count': 6, 'bet_adj': 0, 'reason': 'rel_win1=63.8%（本命度） / 最有力組み合わせ確率: 0.108（推定実オッズ?12倍） / 2着集中度: 上位2艇 72.6%（補正+0.04） / 総合判定確率: 0.148 / → ヒモはやや固め。上位2艇以外を切ること', 'tenji_trigger': '展示確認: 1号艇伸び良→そのまま採用。悪→飛び組に差し替え。circle_pct上位2艇に絞り込むこと。'}",,,29.4,逃げ狙い,20.35,30.1,3,,,,,,,,,,,
2025-06-28,丸亀,8,4,小坂宗司,A2,40.76,4,,5.6195,12.8,98,55.4,0.1754,3.7946,,,0,低,123,0,ま0% 差ま0%,5 5643,0,47,1.0113,0,0,0.0385,0.0385,0,0.1467,0.0267,0.08,,,C,,,0.201,0.612,,0.5221,S,86,0,◎1着固定 2-3着流し（5〜8点）,0.5777,"{'is_target': True, 'verdict': '点数絞り', 'max_combo_prob': 0.1082, 'est_top_odds': 12.3, 'circle_concentration': 72.6, 'eligible_count': 6, 'bet_adj': 0, 'reason': 'rel_win1=63.8%（本命度） / 最有力組み合わせ確率: 0.108（推定実オッズ?12倍） / 2着集中度: 上位2艇 72.6%（補正+0.04） / 総合判定確率: 0.148 / → ヒモはやや固め。上位2艇以外を切ること', 'tenji_trigger': '展示確認: 1号艇伸び良→そのまま採用。悪→飛び組に差し替え。circle_pct上位2艇に絞り込むこと。'}",,,29.4,逃げ狙い,20.35,30.1,3,,,,,,,,,,,
2025-06-28,丸亀,8,5,國崎良春,B1,44.20,5,△,5.4077,13.3,58,44.2,0.1581,3.3269,,,0,低,93,0,-,246 46,0,64.6,1.2593,,,,,,0.0444,0.0667,0.2167,,,B,△,◎,0.2989,0.6245,0.3406,0.5221,S,86,0,◎1着固定 2-3着流し（5〜8点）,0.5777,"{'is_target': True, 'verdict': '点数絞り', 'max_combo_prob': 0.1082, 'est_top_odds': 12.3, 'circle_concentration': 72.6, 'eligible_count': 6, 'bet_adj': 0, 'reason': 'rel_win1=63.8%（本命度） / 最有力組み合わせ確率: 0.108（推定実オッズ?12倍） / 2着集中度: 上位2艇 72.6%（補正+0.04） / 総合判定確率: 0.148 / → ヒモはやや固め。上位2艇以外を切ること', 'tenji_trigger': '展示確認: 1号艇伸び良→そのまま採用。悪→飛び組に差し替え。circle_pct上位2艇に絞り込むこと。'}",,,29.4,逃げ狙い,20.35,30.1,3,,,,,,,,,,,
2025-06-28,丸亀,8,6,庄島潤成,B2,33.87,6,,0.8738,1.3,16,4.9,0.2021,4.5366,,,0,低,60,0,-,,0,31.4,0.8422,,,,,,,,,,,D,,,0.1557,0.5315,,0.5221,S,86,0,◎1着固定 2-3着流し（5〜8点）,0.5777,"{'is_target': True, 'verdict': '点数絞り', 'max_combo_prob': 0.1082, 'est_top_odds': 12.3, 'circle_concentration': 72.6, 'eligible_count': 6, 'bet_adj': 0, 'reason': 'rel_win1=63.8%（本命度） / 最有力組み合わせ確率: 0.108（推定実オッズ?12倍） / 2着集中度: 上位2艇 72.6%（補正+0.04） / 総合判定確率: 0.148 / → ヒモはやや固め。上位2艇以外を切ること', 'tenji_trigger': '展示確認: 1号艇伸び良→そのまま採用。悪→飛び組に差し替え。circle_pct上位2艇に絞り込むこと。'}",,,29.4,逃げ狙い,20.35,30.1,3,,,,,,,,,,,
2025-06-28,丸亀,9,1,吉川晴人,B1,38.04,1,◎,50.1683,,0,87.8,0.1496,3.4694,,,0,低,98,0,逃1%,111 33,0,63.7,1.1001,0.65,,,,,0.02,0.02,0.1657,○,,C,,,,0.6235,,0.3553,A,70,0,◎-○軸 3着3〜4艇流し（10〜15点）,0.5777,"{'is_target': True, 'verdict': '参加推奨', 'max_combo_prob': 0.0711, 'est_top_odds': 18.8, 'circle_concentration': 66.5, 'eligible_count': 8, 'bet_adj': 2, 'reason': 'rel_win1=50.2%（本命度） / 最有力組み合わせ確率: 0.071（推定実オッズ?19倍） / 2着集中度: 上位2艇 66.5%（補正+0.00） / 総合判定確率: 0.071 / → ヒモ分散。1号艇1着固定で広めのヒモ流し推奨（買い目+2点）', 'tenji_trigger': '展示確認: ヒモ分散レース。1号艇伸び確認後、広めのヒモ流しを採用。穴ヒモ（5・6号艇）を積極的に含める。'}",,,30.2,逃げ狙い,29.38,24.5,2,,,,,0,0,0.6155,0,,逃げ軸流し,A
2025-06-28,丸亀,9,2,菊地孝平,A1,39.06,2,○,14.4366,49,100,93.8,0.1119,2.3125,,,0,低,10,0,差0% ま0%,31235,0,62,1.4724,0,0.2,0.2,0,0,0.12,0.04,0.02,,◎,B,◎,,0.6,0.82,,0.3553,A,70,0,◎-○軸 3着3〜4艇流し（10〜15点）,0.5777,"{'is_target': True, 'verdict': '参加推奨', 'max_combo_prob': 0.0711, 'est_top_odds': 18.8, 'circle_concentration': 66.5, 'eligible_count': 8, 'bet_adj': 2, 'reason': 'rel_win1=50.2%（本命度） / 最有力組み合わせ確率: 0.071（推定実オッズ?19倍） / 2着集中度: 上位2艇 66.5%（補正+0.00） / 総合判定確率: 0.071 / → ヒモ分散。1号艇1着固定で広めのヒモ流し推奨（買い目+2点）', 'tenji_trigger': '展示確認: ヒモ分散レース。1号艇伸び確認後、広めのヒモ流しを採用。穴ヒモ（5・6号艇）を積極的に含める。'}",,,30.2,逃げ狙い,29.38,24.5,2,,,,,,,,,,,
2025-06-28,丸亀,9,3,垂水　悠,B1,38.17,3,▲,15.1824,17.6,76,54.5,0.1342,2.6818,,,0,低,36,0,ま0%,3 261,0,78,1.8437,0,0,0.2105,0.0526,0,0.3077,0.2308,0.2308,,△,C,△,,0.3985,0.632,,0.3553,A,70,0,◎-○軸 3着3〜4艇流し（10〜15点）,0.5777,"{'is_target': True, 'verdict': '参加推奨', 'max_combo_prob': 0.0711, 'est_top_odds': 18.8, 'circle_concentration': 66.5, 'eligible_count': 8, 'bet_adj': 2, 'reason': 'rel_win1=50.2%（本命度） / 最有力組み合わせ確率: 0.071（推定実オッズ?19倍） / 2着集中度: 上位2艇 66.5%（補正+0.00） / 総合判定確率: 0.071 / → ヒモ分散。1号艇1着固定で広めのヒモ流し推奨（買い目+2点）', 'tenji_trigger': '展示確認: ヒモ分散レース。1号艇伸び確認後、広めのヒモ流しを採用。穴ヒモ（5・6号艇）を積極的に含める。'}",,,30.2,逃げ狙い,29.38,24.5,2,,,,,,,,,,,
2025-06-28,丸亀,9,4,川島圭司,A2,31.25,4,,9.1304,10.2,78,58,0.1228,2.6014,,,0,低,79,0,-,6 3413,0,100,1.1366,0,0,0.0625,0.0938,0.0312,0.0353,0.1553,0.1553,,○,D,○,◎,0.4017,0.665,0.4617,0.3553,A,70,0,◎-○軸 3着3〜4艇流し（10〜15点）,0.5777,"{'is_target': True, 'verdict': '参加推奨', 'max_combo_prob': 0.0711, 'est_top_odds': 18.8, 'circle_concentration': 66.5, 'eligible_count': 8, 'bet_adj': 2, 'reason': 'rel_win1=50.2%（本命度） / 最有力組み合わせ確率: 0.071（推定実オッズ?19倍） / 2着集中度: 上位2艇 66.5%（補正+0.00） / 総合判定確率: 0.071 / → ヒモ分散。1号艇1着固定で広めのヒモ流し推奨（買い目+2点）', 'tenji_trigger': '展示確認: ヒモ分散レース。1号艇伸び確認後、広めのヒモ流しを採用。穴ヒモ（5・6号艇）を積極的に含める。'}",,,30.2,逃げ狙い,29.38,24.5,2,,,,,,,,,,,
2025-06-28,丸亀,9,5,鈴木雅希,B1,40.76,5,△,5.6884,15.8,99,49.2,0.1649,3.1885,,,0,低,98,0,差ま0% 抜0%,121 65,0,53.7,1.35,0,0,0,0.04,0.04,0.048,0.064,0.296,,,B,△,○,0.2326,0.6285,0.2067,0.3553,A,70,0,◎-○軸 3着3〜4艇流し（10〜15点）,0.5777,"{'is_target': True, 'verdict': '参加推奨', 'max_combo_prob': 0.0711, 'est_top_odds': 18.8, 'circle_concentration': 66.5, 'eligible_count': 8, 'bet_adj': 2, 'reason': 'rel_win1=50.2%（本命度） / 最有力組み合わせ確率: 0.071（推定実オッズ?19倍） / 2着集中度: 上位2艇 66.5%（補正+0.00） / 総合判定確率: 0.071 / → ヒモ分散。1号艇1着固定で広めのヒモ流し推奨（買い目+2点）', 'tenji_trigger': '展示確認: ヒモ分散レース。1号艇伸び確認後、広めのヒモ流しを採用。穴ヒモ（5・6号艇）を積極的に含める。'}",,,30.2,逃げ狙い,29.38,24.5,2,,,,,,,,,,,
2025-06-28,丸亀,9,6,佐々木完,A1,30.81,6,,5.3939,7.5,89,68,0.17,3.82,,,0,低,55,0,差ま0% 抜0%,56251,0,36.8,2.6169,0,0,0,0.0909,0.0909,0.0222,0.0222,0.2667,,,E,△,,0.2325,0.632,,0.3553,A,70,0,◎-○軸 3着3〜4艇流し（10〜15点）,0.5777,"{'is_target': True, 'verdict': '参加推奨', 'max_combo_prob': 0.0711, 'est_top_odds': 18.8, 'circle_concentration': 66.5, 'eligible_count': 8, 'bet_adj': 2, 'reason': 'rel_win1=50.2%（本命度） / 最有力組み合わせ確率: 0.071（推定実オッズ?19倍） / 2着集中度: 上位2艇 66.5%（補正+0.00） / 総合判定確率: 0.071 / → ヒモ分散。1号艇1着固定で広めのヒモ流し推奨（買い目+2点）', 'tenji_trigger': '展示確認: ヒモ分散レース。1号艇伸び確認後、広めのヒモ流しを採用。穴ヒモ（5・6号艇）を積極的に含める。'}",,,30.2,逃げ狙い,29.38,24.5,2,,,,,,,,,,,
2025-06-28,丸亀,10,1,豊田健士,A1,33.51,1,◎,56.4205,,0,93.8,0.1427,2.625,,,0,低,48,0,逃1%,241 11,0,76.3,1.1862,0.6667,,,,,0.0952,0.0952,0.0952,◎,,D,△,,,0.6615,,0.5452,S,90,0,◎1着固定 2-3着流し（5〜8点）,0.5777,"{'is_target': True, 'verdict': '点数絞り', 'max_combo_prob': 0.0983, 'est_top_odds': 13.6, 'circle_concentration': 73.3, 'eligible_count': 6, 'bet_adj': 0, 'reason': 'rel_win1=56.4%（本命度） / 最有力組み合わせ確率: 0.098（推定実オッズ?14倍） / 2着集中度: 上位2艇 73.3%（補正+0.04） / 総合判定確率: 0.138 / → ヒモはやや固め。上位2艇以外を切ること', 'tenji_trigger': '展示確認: 1号艇伸び良→そのまま採用。悪→飛び組に差し替え。circle_pct上位2艇に絞り込むこと。'}",,,24.7,逃げ狙い,24.94,27,2,,,,,0,0,0.7559,0,,逃げ軸流し,A
2025-06-28,丸亀,10,2,村岡賢人,A1,34.43,2,,11.2969,52.1,76,81.4,0.1216,2.3605,,,0,低,30,0,差0% 抜0%,1 3114,0,70.7,1.2664,0,0.2143,0,0,0.0714,0.0148,0.1644,0.1941,,◎,C,◎,,0.5615,0.805,,0.5452,S,90,0,◎1着固定 2-3着流し（5〜8点）,0.5777,"{'is_target': True, 'verdict': '点数絞り', 'max_combo_prob': 0.0983, 'est_top_odds': 13.6, 'circle_concentration': 73.3, 'eligible_count': 6, 'bet_adj': 0, 'reason': 'rel_win1=56.4%（本命度） / 最有力組み合わせ確率: 0.098（推定実オッズ?14倍） / 2着集中度: 上位2艇 73.3%（補正+0.04） / 総合判定確率: 0.138 / → ヒモはやや固め。上位2艇以外を切ること', 'tenji_trigger': '展示確認: 1号艇伸び良→そのまま採用。悪→飛び組に差し替え。circle_pct上位2艇に絞り込むこと。'}",,,24.7,逃げ狙い,24.94,27,2,,,,,,,,,,,
2025-06-28,丸亀,10,3,藤山雅弘,B1,42.46,3,○,13.0915,21.2,91,61.1,0.1569,3.1944,,,0,低,135,0,-,413 14,0,100,2.5023,0,0.087,0.1739,0,0,0.2371,0,0.0143,,,A,,,0.2398,0.6125,,0.5452,S,90,0,◎1着固定 2-3着流し（5〜8点）,0.5777,"{'is_target': True, 'verdict': '点数絞り', 'max_combo_prob': 0.0983, 'est_top_odds': 13.6, 'circle_concentration': 73.3, 'eligible_count': 6, 'bet_adj': 0, 'reason': 'rel_win1=56.4%（本命度） / 最有力組み合わせ確率: 0.098（推定実オッズ?14倍） / 2着集中度: 上位2艇 73.3%（補正+0.04） / 総合判定確率: 0.138 / → ヒモはやや固め。上位2艇以外を切ること', 'tenji_trigger': '展示確認: 1号艇伸び良→そのまま採用。悪→飛び組に差し替え。circle_pct上位2艇に絞り込むこと。'}",,,24.7,逃げ狙い,24.94,27,2,,,,,,,,,,,
2025-06-28,丸亀,10,4,横澤剛治,A1,38.95,4,△,11.2558,19,87,66,0.1586,3.59,,,0,低,96,0,差0% ま0%,125515,0,60.7,1.3881,0,0.1176,0.0588,0,0,0.0167,0.0667,0.1533,,,B,○,◎,0.2366,0.666,0.337,0.5452,S,90,0,◎1着固定 2-3着流し（5〜8点）,0.5777,"{'is_target': True, 'verdict': '点数絞り', 'max_combo_prob': 0.0983, 'est_top_odds': 13.6, 'circle_concentration': 73.3, 'eligible_count': 6, 'bet_adj': 0, 'reason': 'rel_win1=56.4%（本命度） / 最有力組み合わせ確率: 0.098（推定実オッズ?14倍） / 2着集中度: 上位2艇 73.3%（補正+0.04） / 総合判定確率: 0.138 / → ヒモはやや固め。上位2艇以外を切ること', 'tenji_trigger': '展示確認: 1号艇伸び良→そのまま採用。悪→飛び組に差し替え。circle_pct上位2艇に絞り込むこと。'}",,,24.7,逃げ狙い,24.94,27,2,,,,,,,,,,,
2025-06-28,丸亀,10,5,中野仁照,A1,34.74,5,▲,7.1282,4.8,100,53.1,0.1147,2.4062,,,0,低,35,0,-,2 1262,0,51.6,1.5321,,,,,,0,0,0.3636,,○,C,△,,0.4005,0.623,,0.5452,S,90,0,◎1着固定 2-3着流し（5〜8点）,0.5777,"{'is_target': True, 'verdict': '点数絞り', 'max_combo_prob': 0.0983, 'est_top_odds': 13.6, 'circle_concentration': 73.3, 'eligible_count': 6, 'bet_adj': 0, 'reason': 'rel_win1=56.4%（本命度） / 最有力組み合わせ確率: 0.098（推定実オッズ?14倍） / 2着集中度: 上位2艇 73.3%（補正+0.04） / 総合判定確率: 0.138 / → ヒモはやや固め。上位2艇以外を切ること', 'tenji_trigger': '展示確認: 1号艇伸び良→そのまま採用。悪→飛び組に差し替え。circle_pct上位2艇に絞り込むこと。'}",,,24.7,逃げ狙い,24.94,27,2,,,,,,,,,,,
2025-06-28,丸亀,10,6,峰重侑治,B1,29.07,6,,0.8072,2.9,21,22.8,0.2002,4.5439,,,0,低,114,0,-,3 142,0,32.6,1.0392,,,,,,0.2267,0.0533,0,,,E,,,0.135,0.6135,,0.5452,S,90,0,◎1着固定 2-3着流し（5〜8点）,0.5777,"{'is_target': True, 'verdict': '点数絞り', 'max_combo_prob': 0.0983, 'est_top_odds': 13.6, 'circle_concentration': 73.3, 'eligible_count': 6, 'bet_adj': 0, 'reason': 'rel_win1=56.4%（本命度） / 最有力組み合わせ確率: 0.098（推定実オッズ?14倍） / 2着集中度: 上位2艇 73.3%（補正+0.04） / 総合判定確率: 0.138 / → ヒモはやや固め。上位2艇以外を切ること', 'tenji_trigger': '展示確認: 1号艇伸び良→そのまま採用。悪→飛び組に差し替え。circle_pct上位2艇に絞り込むこと。'}",,,24.7,逃げ狙い,24.94,27,2,,,,,,,,,,,
2025-06-28,丸亀,11,1,山田祐也,A1,26.17,1,◎,55.7598,,0,98.2,0.1409,2.8611,,,0,低,53,0,逃1%,12322,0,84.3,1.041,0.7727,,,,,0,0.0455,0.1364,◎,,E,○,,,0.663,,0.6159,S,85,0,◎1着固定 2-3着流し（5〜8点）,0.5777,"{'is_target': True, 'verdict': '参加推奨', 'max_combo_prob': 0.0723, 'est_top_odds': 18.4, 'circle_concentration': 74.3, 'eligible_count': 6, 'bet_adj': 2, 'reason': 'rel_win1=55.8%（本命度） / 最有力組み合わせ確率: 0.072（推定実オッズ?18倍） / 2着集中度: 上位2艇 74.3%（補正+0.04） / 総合判定確率: 0.112 / → ヒモ分散。1号艇1着固定で広めのヒモ流し推奨（買い目+2点）', 'tenji_trigger': '展示確認: ヒモ分散レース。1号艇伸び確認後、広めのヒモ流しを採用。穴ヒモ（5・6号艇）を積極的に含める。'}",,,28,逃げ狙い,23.51,23.5,3,,,,,0,0,0.7559,0,,逃げ軸流し,A
2025-06-28,丸亀,11,2,西岡顕心,A1,31.75,2,▲,15.9016,42,89,80,0.1503,3.05,,,0,低,55,0,差0%,431 51,0,34.5,0.9169,0,0.1,0,0,0,0,0.0714,0,,,C,,,0.2283,0.6245,,0.6159,S,85,0,◎1着固定 2-3着流し（5〜8点）,0.5777,"{'is_target': True, 'verdict': '参加推奨', 'max_combo_prob': 0.0723, 'est_top_odds': 18.4, 'circle_concentration': 74.3, 'eligible_count': 6, 'bet_adj': 2, 'reason': 'rel_win1=55.8%（本命度） / 最有力組み合わせ確率: 0.072（推定実オッズ?18倍） / 2着集中度: 上位2艇 74.3%（補正+0.04） / 総合判定確率: 0.112 / → ヒモ分散。1号艇1着固定で広めのヒモ流し推奨（買い目+2点）', 'tenji_trigger': '展示確認: ヒモ分散レース。1号艇伸び確認後、広めのヒモ流しを採用。穴ヒモ（5・6号艇）を積極的に含める。'}",,,28,逃げ狙い,23.51,23.5,3,,,,,,,,,,,
2025-06-28,丸亀,11,3,中村晃朋,A1,49.15,3,○,14.0322,32.3,96,85.7,0.1346,2.7143,,,0,低,56,0,差0% ま0% 差ま0%,4 1135,0,43.2,1.0865,0,0.0769,0.1538,0.0769,0.0769,0.1745,0,0.1564,,,A,◎,,0.3462,0.678,,0.6159,S,85,0,◎1着固定 2-3着流し（5〜8点）,0.5777,"{'is_target': True, 'verdict': '参加推奨', 'max_combo_prob': 0.0723, 'est_top_odds': 18.4, 'circle_concentration': 74.3, 'eligible_count': 6, 'bet_adj': 2, 'reason': 'rel_win1=55.8%（本命度） / 最有力組み合わせ確率: 0.072（推定実オッズ?18倍） / 2着集中度: 上位2艇 74.3%（補正+0.04） / 総合判定確率: 0.112 / → ヒモ分散。1号艇1着固定で広めのヒモ流し推奨（買い目+2点）', 'tenji_trigger': '展示確認: ヒモ分散レース。1号艇伸び確認後、広めのヒモ流しを採用。穴ヒモ（5・6号艇）を積極的に含める。'}",,,28,逃げ狙い,23.51,23.5,3,,,,,,,,,,,
2025-06-28,丸亀,11,4,杉山裕也,A1,26.25,4,△,9.229,18.5,100,72.5,0.1457,3.0588,,,0,低,84,0,ま0% 差ま0%,353322,0,82.6,1.3896,0,0,0.0526,0.0526,0,0,0.2625,0.1375,,,D,△,◎,0.2708,0.6625,0.4061,0.6159,S,85,0,◎1着固定 2-3着流し（5〜8点）,0.5777,"{'is_target': True, 'verdict': '参加推奨', 'max_combo_prob': 0.0723, 'est_top_odds': 18.4, 'circle_concentration': 74.3, 'eligible_count': 6, 'bet_adj': 2, 'reason': 'rel_win1=55.8%（本命度） / 最有力組み合わせ確率: 0.072（推定実オッズ?18倍） / 2着集中度: 上位2艇 74.3%（補正+0.04） / 総合判定確率: 0.112 / → ヒモ分散。1号艇1着固定で広めのヒモ流し推奨（買い目+2点）', 'tenji_trigger': '展示確認: ヒモ分散レース。1号艇伸び確認後、広めのヒモ流しを採用。穴ヒモ（5・6号艇）を積極的に含める。'}",,,28,逃げ狙い,23.51,23.5,3,,,,,,,,,,,
2025-06-28,丸亀,11,5,古田祐貴,B1,29.44,5,,2.5634,6.7,85,46.6,0.156,3.4138,,,0,低,105,0,-,2 152,0,28.7,0.7986,0,0,0,0.05,0,0.2088,0.1971,0.1338,,,D,△,,0.237,0.6265,,0.6159,S,85,0,◎1着固定 2-3着流し（5〜8点）,0.5777,"{'is_target': True, 'verdict': '参加推奨', 'max_combo_prob': 0.0723, 'est_top_odds': 18.4, 'circle_concentration': 74.3, 'eligible_count': 6, 'bet_adj': 2, 'reason': 'rel_win1=55.8%（本命度） / 最有力組み合わせ確率: 0.072（推定実オッズ?18倍） / 2着集中度: 上位2艇 74.3%（補正+0.04） / 総合判定確率: 0.112 / → ヒモ分散。1号艇1着固定で広めのヒモ流し推奨（買い目+2点）', 'tenji_trigger': '展示確認: ヒモ分散レース。1号艇伸び確認後、広めのヒモ流しを採用。穴ヒモ（5・6号艇）を積極的に含める。'}",,,28,逃げ狙い,23.51,23.5,3,,,,,,,,,,,
2025-06-28,丸亀,11,6,宮村勇哉,B1,30.00,6,,2.514,0.5,43,10,0.1862,4.1625,,,0,低,96,0,ま0%,151 14,0,27.9,0.84,0,0,0.05,0,0,0.25,0.0833,0.25,,,C,,,0.1453,0.583,,0.6159,S,85,0,◎1着固定 2-3着流し（5〜8点）,0.5777,"{'is_target': True, 'verdict': '参加推奨', 'max_combo_prob': 0.0723, 'est_top_odds': 18.4, 'circle_concentration': 74.3, 'eligible_count': 6, 'bet_adj': 2, 'reason': 'rel_win1=55.8%（本命度） / 最有力組み合わせ確率: 0.072（推定実オッズ?18倍） / 2着集中度: 上位2艇 74.3%（補正+0.04） / 総合判定確率: 0.112 / → ヒモ分散。1号艇1着固定で広めのヒモ流し推奨（買い目+2点）', 'tenji_trigger': '展示確認: ヒモ分散レース。1号艇伸び確認後、広めのヒモ流しを採用。穴ヒモ（5・6号艇）を積極的に含める。'}",,,28,逃げ狙い,23.51,23.5,3,,,,,,,,,,,
2025-06-28,丸亀,12,1,木谷賢太,A1,34.25,1,◎,60.258,,0,90,0.1334,2.6357,,,0,低,107,0,逃1%,215534,0,86,1.0825,0.7429,,,,,0.0343,0.0114,0.1957,◎,,C,◎,,,0.663,,0.5779,S,86,0,◎1着固定 2-3着流し（5〜8点）,0.5777,"{'is_target': True, 'verdict': '参加推奨', 'max_combo_prob': 0.0759, 'est_top_odds': 17.6, 'circle_concentration': 54.4, 'eligible_count': 6, 'bet_adj': 2, 'reason': 'rel_win1=60.3%（本命度） / 最有力組み合わせ確率: 0.076（推定実オッズ?18倍） / 2着集中度: 上位2艇 54.4%（補正-0.04） / 総合判定確率: 0.036 / → ヒモ分散。1号艇1着固定で広めのヒモ流し推奨（買い目+2点）', 'tenji_trigger': '展示確認: ヒモ分散レース。1号艇伸び確認後、広めのヒモ流しを採用。穴ヒモ（5・6号艇）を積極的に含める。\n展示で1号艇スタート超安定(0.133秒)→ヒモ固まり方向に注意'}",,,26.2,逃げ狙い,15.45,25.1,3,,,,,0,0,0.7559,0,,逃げ軸流し,A
2025-06-28,丸亀,12,2,丹下　将,A2,27.37,2,,7.6096,24.8,100,61.9,0.1743,3.8333,,,0,低,115,0,差0%,64425,0,38.6,0.9957,0,0.0645,0,0,0,0.0588,0.2067,0.1445,,,D,○,,0.0635,0.66,,0.5779,S,86,0,◎1着固定 2-3着流し（5〜8点）,0.5777,"{'is_target': True, 'verdict': '参加推奨', 'max_combo_prob': 0.0759, 'est_top_odds': 17.6, 'circle_concentration': 54.4, 'eligible_count': 6, 'bet_adj': 2, 'reason': 'rel_win1=60.3%（本命度） / 最有力組み合わせ確率: 0.076（推定実オッズ?18倍） / 2着集中度: 上位2艇 54.4%（補正-0.04） / 総合判定確率: 0.036 / → ヒモ分散。1号艇1着固定で広めのヒモ流し推奨（買い目+2点）', 'tenji_trigger': '展示確認: ヒモ分散レース。1号艇伸び確認後、広めのヒモ流しを採用。穴ヒモ（5・6号艇）を積極的に含める。\n展示で1号艇スタート超安定(0.133秒)→ヒモ固まり方向に注意'}",,,26.2,逃げ狙い,15.45,25.1,3,,,,,,,,,,,
2025-06-28,丸亀,12,3,三好勇人,A2,42.13,3,▲,11.2086,29.6,73,62.9,0.1374,2.7823,,,0,低,88,0,-,61443,0,26.6,0.8656,0,0.0357,0.0357,0.0357,0.0357,0.0133,0.16,0.0533,,,A,△,,0.2666,0.6185,,0.5779,S,86,0,◎1着固定 2-3着流し（5〜8点）,0.5777,"{'is_target': True, 'verdict': '参加推奨', 'max_combo_prob': 0.0759, 'est_top_odds': 17.6, 'circle_concentration': 54.4, 'eligible_count': 6, 'bet_adj': 2, 'reason': 'rel_win1=60.3%（本命度） / 最有力組み合わせ確率: 0.076（推定実オッズ?18倍） / 2着集中度: 上位2艇 54.4%（補正-0.04） / 総合判定確率: 0.036 / → ヒモ分散。1号艇1着固定で広めのヒモ流し推奨（買い目+2点）', 'tenji_trigger': '展示確認: ヒモ分散レース。1号艇伸び確認後、広めのヒモ流しを採用。穴ヒモ（5・6号艇）を積極的に含める。\n展示で1号艇スタート超安定(0.133秒)→ヒモ固まり方向に注意'}",,,26.2,逃げ狙い,15.45,25.1,3,,,,,,,,,,,
2025-06-28,丸亀,12,4,田川大貴,A2,26.63,4,,7.2241,21.9,65,56.4,0.1316,2.6727,,,0,低,91,0,-,662 31,0,72.6,0.8836,0,0,0.0385,0.0385,0.0385,0.1434,0.0774,0.1003,,,E,△,○,0.2948,0.616,0.377,0.5779,S,86,0,◎1着固定 2-3着流し（5〜8点）,0.5777,"{'is_target': True, 'verdict': '参加推奨', 'max_combo_prob': 0.0759, 'est_top_odds': 17.6, 'circle_concentration': 54.4, 'eligible_count': 6, 'bet_adj': 2, 'reason': 'rel_win1=60.3%（本命度） / 最有力組み合わせ確率: 0.076（推定実オッズ?18倍） / 2着集中度: 上位2艇 54.4%（補正-0.04） / 総合判定確率: 0.036 / → ヒモ分散。1号艇1着固定で広めのヒモ流し推奨（買い目+2点）', 'tenji_trigger': '展示確認: ヒモ分散レース。1号艇伸び確認後、広めのヒモ流しを採用。穴ヒモ（5・6号艇）を積極的に含める。\n展示で1号艇スタート超安定(0.133秒)→ヒモ固まり方向に注意'}",,,26.2,逃げ狙い,15.45,25.1,3,,,,,,,,,,,
2025-06-28,丸亀,12,5,後藤盛也,A2,40.12,5,○,8.8727,15.3,44,39.6,0.1236,2.5189,,,0,低,72,0,差ま0%,6 2322,0,36.4,1.2979,0,0,0,0.05,0,0.28,0.1307,0,,,B,,◎,0.3169,0.6145,0.3892,0.5779,S,86,0,◎1着固定 2-3着流し（5〜8点）,0.5777,"{'is_target': True, 'verdict': '参加推奨', 'max_combo_prob': 0.0759, 'est_top_odds': 17.6, 'circle_concentration': 54.4, 'eligible_count': 6, 'bet_adj': 2, 'reason': 'rel_win1=60.3%（本命度） / 最有力組み合わせ確率: 0.076（推定実オッズ?18倍） / 2着集中度: 上位2艇 54.4%（補正-0.04） / 総合判定確率: 0.036 / → ヒモ分散。1号艇1着固定で広めのヒモ流し推奨（買い目+2点）', 'tenji_trigger': '展示確認: ヒモ分散レース。1号艇伸び確認後、広めのヒモ流しを採用。穴ヒモ（5・6号艇）を積極的に含める。\n展示で1号艇スタート超安定(0.133秒)→ヒモ固まり方向に注意'}",,,26.2,逃げ狙い,15.45,25.1,3,,,,,,,,,,,
2025-06-28,丸亀,12,6,松井友汰,A2,36.81,6,△,4.827,8.4,26,34,0.1966,4.19,,,0,低,110,0,差ま0%,451 33,0,79.4,1.4953,0,0,0,0.069,0,0.0182,0.2409,0.0182,,,C,,,0.1164,0.558,,0.5779,S,86,0,◎1着固定 2-3着流し（5〜8点）,0.5777,"{'is_target': True, 'verdict': '参加推奨', 'max_combo_prob': 0.0759, 'est_top_odds': 17.6, 'circle_concentration': 54.4, 'eligible_count': 6, 'bet_adj': 2, 'reason': 'rel_win1=60.3%（本命度） / 最有力組み合わせ確率: 0.076（推定実オッズ?18倍） / 2着集中度: 上位2艇 54.4%（補正-0.04） / 総合判定確率: 0.036 / → ヒモ分散。1号艇1着固定で広めのヒモ流し推奨（買い目+2点）', 'tenji_trigger': '展示確認: ヒモ分散レース。1号艇伸び確認後、広めのヒモ流しを採用。穴ヒモ（5・6号艇）を積極的に含める。\n展示で1号艇スタート超安定(0.133秒)→ヒモ固まり方向に注意'}",,,26.2,逃げ狙い,15.45,25.1,3,,,,,,,,,,,
2025-06-29,丸亀,1,1,森晋太郎,B1,43.09,1,◎,57.5039,,0,80,0.1346,2.3143,,,0,低,64,0,逃1%,352 53,0,84.6,1.0481,0.6667,,,,,0,0.2,0.1333,◎,,B,○,,,0.6435,,0.5577,A,66,0,◎-○軸 3着3〜4艇流し（10〜15点）,0.5777,"{'is_target': True, 'verdict': '参加推奨', 'max_combo_prob': 0.0849, 'est_top_odds': 15.7, 'circle_concentration': 66.5, 'eligible_count': 8, 'bet_adj': 2, 'reason': 'rel_win1=57.5%（本命度） / 最有力組み合わせ確率: 0.085（推定実オッズ?16倍） / 2着集中度: 上位2艇 66.5%（補正+0.00） / 総合判定確率: 0.085 / → ヒモ分散。1号艇1着固定で広めのヒモ流し推奨（買い目+2点）', 'tenji_trigger': '展示確認: ヒモ分散レース。1号艇伸び確認後、広めのヒモ流しを採用。穴ヒモ（5・6号艇）を積極的に含める。\n展示で1号艇スタート超安定(0.135秒)→ヒモ固まり方向に注意'}",,,27,逃げ狙い,15.2,27.5,3,,,,,0,0,0.7559,0,,逃げ軸流し,A
2025-06-29,丸亀,1,2,岡部　哲,B1,26.25,2,,6.1664,28.8,100,40.6,0.1598,3.3984,,,0,低,119,0,-,625 46,0,41.3,0.7102,0,0.0667,0,0,0,0.1762,0.3762,0.2143,,,E,,,0.064,0.6265,,0.5577,A,66,0,◎-○軸 3着3〜4艇流し（10〜15点）,0.5777,"{'is_target': True, 'verdict': '参加推奨', 'max_combo_prob': 0.0849, 'est_top_odds': 15.7, 'circle_concentration': 66.5, 'eligible_count': 8, 'bet_adj': 2, 'reason': 'rel_win1=57.5%（本命度） / 最有力組み合わせ確率: 0.085（推定実オッズ?16倍） / 2着集中度: 上位2艇 66.5%（補正+0.00） / 総合判定確率: 0.085 / → ヒモ分散。1号艇1着固定で広めのヒモ流し推奨（買い目+2点）', 'tenji_trigger': '展示確認: ヒモ分散レース。1号艇伸び確認後、広めのヒモ流しを採用。穴ヒモ（5・6号艇）を積極的に含める。\n展示で1号艇スタート超安定(0.135秒)→ヒモ固まり方向に注意'}",,,27,逃げ狙い,15.2,27.5,3,,,,,,,,,,,
2025-06-29,丸亀,1,3,上原　崚,B1,45.61,3,○,18.8436,37.6,55,65.1,0.1251,2.2093,,,0,低,42,0,差0% ま0% 差ま0%,1 366,0,76.8,1.4265,0,0.0435,0.2174,0.0435,0,0.2381,0.0571,0.119,,◎,A,◎,,0.3742,0.663,,0.5577,A,66,0,◎-○軸 3着3〜4艇流し（10〜15点）,0.5777,"{'is_target': True, 'verdict': '参加推奨', 'max_combo_prob': 0.0849, 'est_top_odds': 15.7, 'circle_concentration': 66.5, 'eligible_count': 8, 'bet_adj': 2, 'reason': 'rel_win1=57.5%（本命度） / 最有力組み合わせ確率: 0.085（推定実オッズ?16倍） / 2着集中度: 上位2艇 66.5%（補正+0.00） / 総合判定確率: 0.085 / → ヒモ分散。1号艇1着固定で広めのヒモ流し推奨（買い目+2点）', 'tenji_trigger': '展示確認: ヒモ分散レース。1号艇伸び確認後、広めのヒモ流しを採用。穴ヒモ（5・6号艇）を積極的に含める。\n展示で1号艇スタート超安定(0.135秒)→ヒモ固まり方向に注意'}",,,27,逃げ狙い,15.2,27.5,3,,,,,,,,,,,
2025-06-29,丸亀,1,4,岡本　猛,B1,28.49,4,▲,10.619,17.1,67,44.1,0.1441,3.3088,,,0,低,92,0,ま0%,5 366,0,61.2,1.0445,0,0,0.125,0,0,0.125,0.375,0,,,D,△,,0.2712,0.6305,,0.5577,A,66,0,◎-○軸 3着3〜4艇流し（10〜15点）,0.5777,"{'is_target': True, 'verdict': '参加推奨', 'max_combo_prob': 0.0849, 'est_top_odds': 15.7, 'circle_concentration': 66.5, 'eligible_count': 8, 'bet_adj': 2, 'reason': 'rel_win1=57.5%（本命度） / 最有力組み合わせ確率: 0.085（推定実オッズ?16倍） / 2着集中度: 上位2艇 66.5%（補正+0.00） / 総合判定確率: 0.085 / → ヒモ分散。1号艇1着固定で広めのヒモ流し推奨（買い目+2点）', 'tenji_trigger': '展示確認: ヒモ分散レース。1号艇伸び確認後、広めのヒモ流しを採用。穴ヒモ（5・6号艇）を積極的に含める。\n展示で1号艇スタート超安定(0.135秒)→ヒモ固まり方向に注意'}",,,27,逃げ狙い,15.2,27.5,3,,,,,,,,,,,
2025-06-29,丸亀,1,5,間嶋仁志,B1,34.29,5,△,5.8463,14.4,70,0,0.27,6,,,0,低,136,1,-,5 466,0,26.1,0.7283,,,,,,0.048,0.048,0.412,,,C,△,,0.135,0.6285,,0.5577,A,66,0,◎-○軸 3着3〜4艇流し（10〜15点）,0.5777,"{'is_target': True, 'verdict': '参加推奨', 'max_combo_prob': 0.0849, 'est_top_odds': 15.7, 'circle_concentration': 66.5, 'eligible_count': 8, 'bet_adj': 2, 'reason': 'rel_win1=57.5%（本命度） / 最有力組み合わせ確率: 0.085（推定実オッズ?16倍） / 2着集中度: 上位2艇 66.5%（補正+0.00） / 総合判定確率: 0.085 / → ヒモ分散。1号艇1着固定で広めのヒモ流し推奨（買い目+2点）', 'tenji_trigger': '展示確認: ヒモ分散レース。1号艇伸び確認後、広めのヒモ流しを採用。穴ヒモ（5・6号艇）を積極的に含める。\n展示で1号艇スタート超安定(0.135秒)→ヒモ固まり方向に注意'}",,,27,逃げ狙い,15.2,27.5,3,,,,,,,,,,,
2025-06-29,丸亀,1,6,庄島潤成,B2,33.87,6,,1.0208,2,18,4.9,0.2021,4.5366,,,0,低,60,0,-,,0,36.7,0.7978,,,,,,,,,,,D,,,0.135,0.5315,,0.5577,A,66,0,◎-○軸 3着3〜4艇流し（10〜15点）,0.5777,"{'is_target': True, 'verdict': '参加推奨', 'max_combo_prob': 0.0849, 'est_top_odds': 15.7, 'circle_concentration': 66.5, 'eligible_count': 8, 'bet_adj': 2, 'reason': 'rel_win1=57.5%（本命度） / 最有力組み合わせ確率: 0.085（推定実オッズ?16倍） / 2着集中度: 上位2艇 66.5%（補正+0.00） / 総合判定確率: 0.085 / → ヒモ分散。1号艇1着固定で広めのヒモ流し推奨（買い目+2点）', 'tenji_trigger': '展示確認: ヒモ分散レース。1号艇伸び確認後、広めのヒモ流しを採用。穴ヒモ（5・6号艇）を積極的に含める。\n展示で1号艇スタート超安定(0.135秒)→ヒモ固まり方向に注意'}",,,27,逃げ狙い,15.2,27.5,3,,,,,,,,,,,
2025-06-29,丸亀,2,1,烏野賢太,B1,46.93,1,◎,56.63,,0,92.4,0.1604,3.3608,,,0,低,135,0,逃1%,454 45,0,100,1.4897,0.7778,,,,,0.1153,0.145,0,◎,,B,◎,,,0.663,,0.4949,S,91,0,◎1着固定 2-3着流し（5〜8点）,0.5777,"{'is_target': True, 'verdict': '参加推奨', 'max_combo_prob': 0.0749, 'est_top_odds': 17.8, 'circle_concentration': 66.6, 'eligible_count': 6, 'bet_adj': 2, 'reason': 'rel_win1=56.6%（本命度） / 最有力組み合わせ確率: 0.075（推定実オッズ?18倍） / 2着集中度: 上位2艇 66.6%（補正+0.00） / 総合判定確率: 0.075 / → ヒモ分散。1号艇1着固定で広めのヒモ流し推奨（買い目+2点）', 'tenji_trigger': '展示確認: ヒモ分散レース。1号艇伸び確認後、広めのヒモ流しを採用。穴ヒモ（5・6号艇）を積極的に含める。'}",,,28.9,逃げ狙い,19.55,29.3,4,,,,,0,0,0.7559,0,,逃げ軸流し,A
2025-06-29,丸亀,2,2,山崎　祥,B1,31.87,2,,8.395,32,59,49,0.1973,4.5714,,,0,低,131,0,抜0%,6 243,0,23.2,0.8162,0,0,0,0,0.04,0.3238,0,0.0667,,,D,△,,0.0775,0.5955,,0.4949,S,91,0,◎1着固定 2-3着流し（5〜8点）,0.5777,"{'is_target': True, 'verdict': '参加推奨', 'max_combo_prob': 0.0749, 'est_top_odds': 17.8, 'circle_concentration': 66.6, 'eligible_count': 6, 'bet_adj': 2, 'reason': 'rel_win1=56.6%（本命度） / 最有力組み合わせ確率: 0.075（推定実オッズ?18倍） / 2着集中度: 上位2艇 66.6%（補正+0.00） / 総合判定確率: 0.075 / → ヒモ分散。1号艇1着固定で広めのヒモ流し推奨（買い目+2点）', 'tenji_trigger': '展示確認: ヒモ分散レース。1号艇伸び確認後、広めのヒモ流しを採用。穴ヒモ（5・6号艇）を積極的に含める。'}",,,28.9,逃げ狙い,19.55,29.3,4,,,,,,,,,,,
2025-06-29,丸亀,2,3,三好勇人,A2,42.13,3,○,14.2431,34.7,78,62.9,0.1374,2.7823,,,0,低,88,0,-,61443,0,35.5,0.9398,0,0.0357,0.0357,0.0357,0.0357,0.0133,0.16,0.0533,,◎,C,△,,0.3993,0.6185,,0.4949,S,91,0,◎1着固定 2-3着流し（5〜8点）,0.5777,"{'is_target': True, 'verdict': '参加推奨', 'max_combo_prob': 0.0749, 'est_top_odds': 17.8, 'circle_concentration': 66.6, 'eligible_count': 6, 'bet_adj': 2, 'reason': 'rel_win1=56.6%（本命度） / 最有力組み合わせ確率: 0.075（推定実オッズ?18倍） / 2着集中度: 上位2艇 66.6%（補正+0.00） / 総合判定確率: 0.075 / → ヒモ分散。1号艇1着固定で広めのヒモ流し推奨（買い目+2点）', 'tenji_trigger': '展示確認: ヒモ分散レース。1号艇伸び確認後、広めのヒモ流しを採用。穴ヒモ（5・6号艇）を積極的に含める。'}",,,28.9,逃げ狙い,19.55,29.3,4,,,,,,,,,,,
2025-06-29,丸亀,2,4,丹下　将,A2,27.37,4,△,14.498,22.1,76,61.3,0.1497,2.8871,,,0,低,115,0,-,64425,0,40.9,0.9509,0,0,0.1923,0.1154,0,0.0588,0.2067,0.1445,,,E,○,◎,0.3775,0.66,0.4208,0.4949,S,91,0,◎1着固定 2-3着流し（5〜8点）,0.5777,"{'is_target': True, 'verdict': '参加推奨', 'max_combo_prob': 0.0749, 'est_top_odds': 17.8, 'circle_concentration': 66.6, 'eligible_count': 6, 'bet_adj': 2, 'reason': 'rel_win1=56.6%（本命度） / 最有力組み合わせ確率: 0.075（推定実オッズ?18倍） / 2着集中度: 上位2艇 66.6%（補正+0.00） / 総合判定確率: 0.075 / → ヒモ分散。1号艇1着固定で広めのヒモ流し推奨（買い目+2点）', 'tenji_trigger': '展示確認: ヒモ分散レース。1号艇伸び確認後、広めのヒモ流しを採用。穴ヒモ（5・6号艇）を積極的に含める。'}",,,28.9,逃げ狙い,19.55,29.3,4,,,,,,,,,,,
2025-06-29,丸亀,2,5,金山立樹,B1,47.51,5,▲,5.308,7.9,100,45.2,0.1594,3.3952,,,0,低,147,0,-,2 255,0,61,1.2867,,,,,,0.3513,0.2185,0.0706,,,A,,,0.3104,0.565,,0.4949,S,91,0,◎1着固定 2-3着流し（5〜8点）,0.5777,"{'is_target': True, 'verdict': '参加推奨', 'max_combo_prob': 0.0749, 'est_top_odds': 17.8, 'circle_concentration': 66.6, 'eligible_count': 6, 'bet_adj': 2, 'reason': 'rel_win1=56.6%（本命度） / 最有力組み合わせ確率: 0.075（推定実オッズ?18倍） / 2着集中度: 上位2艇 66.6%（補正+0.00） / 総合判定確率: 0.075 / → ヒモ分散。1号艇1着固定で広めのヒモ流し推奨（買い目+2点）', 'tenji_trigger': '展示確認: ヒモ分散レース。1号艇伸び確認後、広めのヒモ流しを採用。穴ヒモ（5・6号艇）を積極的に含める。'}",,,28.9,逃げ狙い,19.55,29.3,4,,,,,,,,,,,
2025-06-29,丸亀,2,6,岩津徹郎,B1,36.16,6,,0.9258,3.4,27,19.1,0.1943,4.7872,,,0,低,117,0,-,524 54,0,34.3,0.8897,,,,,,0.0706,0.0941,0.2706,,,D,,,0.2021,0.574,,0.4949,S,91,0,◎1着固定 2-3着流し（5〜8点）,0.5777,"{'is_target': True, 'verdict': '参加推奨', 'max_combo_prob': 0.0749, 'est_top_odds': 17.8, 'circle_concentration': 66.6, 'eligible_count': 6, 'bet_adj': 2, 'reason': 'rel_win1=56.6%（本命度） / 最有力組み合わせ確率: 0.075（推定実オッズ?18倍） / 2着集中度: 上位2艇 66.6%（補正+0.00） / 総合判定確率: 0.075 / → ヒモ分散。1号艇1着固定で広めのヒモ流し推奨（買い目+2点）', 'tenji_trigger': '展示確認: ヒモ分散レース。1号艇伸び確認後、広めのヒモ流しを採用。穴ヒモ（5・6号艇）を積極的に含める。'}",,,28.9,逃げ狙い,19.55,29.3,4,,,,,,,,,,,
2025-06-29,丸亀,3,1,澤　大介,B1,27.37,1,◎,48.0354,,0,73.3,0.1703,3.6667,,,0,低,129,0,逃0%,5 631,0,69.6,0.9422,0.45,,,,,0.46,0.28,0.04,△,,D,,,,0.5755,,0.2764,B,59,0,◎○△フォーメーション（15〜20点）,0.5777,"{'is_target': True, 'verdict': '点数絞り', 'max_combo_prob': 0.0878, 'est_top_odds': 15.2, 'circle_concentration': 76.7, 'eligible_count': 9, 'bet_adj': 0, 'reason': 'rel_win1=48.0%（本命度） / 最有力組み合わせ確率: 0.088（推定実オッズ?15倍） / 2着集中度: 上位2艇 76.7%（補正+0.04） / 総合判定確率: 0.128 / → ヒモはやや固め。上位2艇以外を切ること', 'tenji_trigger': '展示確認: 1号艇伸び良→そのまま採用。悪→飛び組に差し替え。circle_pct上位2艇に絞り込むこと。'}",,,34.1,両建て推奨,19.76,44,4,2-1-3|2-1-4|1-2-4|1-2-3|1-3-4|1-3-2|1-4-3,6-1-4|6-1-3|6-4-1|2-1-3|4-5-6|2-1-4|4-5-1|1-2-4|1-2-3|1-3-4|1-3-2|1-4-3,2-1-3:2.61%|2-1-4:2.26%|1-2-4:10.64%|1-2-3:8.9%|1-3-4:6.33%|1-3-2:5.26%|1-4-3:3.92%,2-1-3:B_main|2-1-4:B_main|1-2-4:A|1-2-3:A|1-3-4:A|1-3-2:A|1-4-3:A,7,12,0.4535,1,[!]見送り推奨（主役決まり手「差し」― 逃げ劣勢レースで的中実績なし）,荒れ広め,D
2025-06-29,丸亀,3,2,田川大貴,A2,26.63,2,,15.968,53.4,57,70,0.141,2.9667,,,0,低,91,0,差1%,662 31,0,40,0.6826,0,0.1562,0.0312,0,0,0.1434,0.0774,0.1003,,◎,E,△,,0.6525,0.616,,0.2764,B,59,0,◎○△フォーメーション（15〜20点）,0.5777,"{'is_target': True, 'verdict': '点数絞り', 'max_combo_prob': 0.0878, 'est_top_odds': 15.2, 'circle_concentration': 76.7, 'eligible_count': 9, 'bet_adj': 0, 'reason': 'rel_win1=48.0%（本命度） / 最有力組み合わせ確率: 0.088（推定実オッズ?15倍） / 2着集中度: 上位2艇 76.7%（補正+0.04） / 総合判定確率: 0.128 / → ヒモはやや固め。上位2艇以外を切ること', 'tenji_trigger': '展示確認: 1号艇伸び良→そのまま採用。悪→飛び組に差し替え。circle_pct上位2艇に絞り込むこと。'}",,,34.1,両建て推奨,19.76,44,4,,,,,,,,,,,
2025-06-29,丸亀,3,3,古田祐貴,B1,29.44,3,○,13.5147,23.3,84,60,0.1377,2.65,,,0,低,105,0,-,2 152,0,50.8,1.0365,0,0.0323,0.0323,0.0323,0,0.2088,0.1971,0.1338,,○,C,○,,0.4977,0.6265,,0.2764,B,59,0,◎○△フォーメーション（15〜20点）,0.5777,"{'is_target': True, 'verdict': '点数絞り', 'max_combo_prob': 0.0878, 'est_top_odds': 15.2, 'circle_concentration': 76.7, 'eligible_count': 9, 'bet_adj': 0, 'reason': 'rel_win1=48.0%（本命度） / 最有力組み合わせ確率: 0.088（推定実オッズ?15倍） / 2着集中度: 上位2艇 76.7%（補正+0.04） / 総合判定確率: 0.128 / → ヒモはやや固め。上位2艇以外を切ること', 'tenji_trigger': '展示確認: 1号艇伸び良→そのまま採用。悪→飛び組に差し替え。circle_pct上位2艇に絞り込むこと。'}",,,34.1,両建て推奨,19.76,44,4,,,,,,,,,,,
2025-06-29,丸亀,3,4,峰重侑治,B1,29.07,4,,14.9211,15.2,100,60,0.1612,2.96,,,0,低,114,0,-,3 142,0,86,1.4687,,,,,,0.2267,0.0533,0,,,D,,◎,0.3908,0.6135,0.2507,0.2764,B,59,0,◎○△フォーメーション（15〜20点）,0.5777,"{'is_target': True, 'verdict': '点数絞り', 'max_combo_prob': 0.0878, 'est_top_odds': 15.2, 'circle_concentration': 76.7, 'eligible_count': 9, 'bet_adj': 0, 'reason': 'rel_win1=48.0%（本命度） / 最有力組み合わせ確率: 0.088（推定実オッズ?15倍） / 2着集中度: 上位2艇 76.7%（補正+0.04） / 総合判定確率: 0.128 / → ヒモはやや固め。上位2艇以外を切ること', 'tenji_trigger': '展示確認: 1号艇伸び良→そのまま採用。悪→飛び組に差し替え。circle_pct上位2艇に絞り込むこと。'}",,,34.1,両建て推奨,19.76,44,4,,,,,,,,,,,
2025-06-29,丸亀,3,5,片岡秀樹,B1,38.74,5,△,5.332,5.3,78,32.8,0.1603,3.1885,,,0,低,85,0,-,6 446,0,24.5,0.366,,,,,,0.2778,0.3889,0.1111,,,B,◎,,0.3838,0.6405,,0.2764,B,59,0,◎○△フォーメーション（15〜20点）,0.5777,"{'is_target': True, 'verdict': '点数絞り', 'max_combo_prob': 0.0878, 'est_top_odds': 15.2, 'circle_concentration': 76.7, 'eligible_count': 9, 'bet_adj': 0, 'reason': 'rel_win1=48.0%（本命度） / 最有力組み合わせ確率: 0.088（推定実オッズ?15倍） / 2着集中度: 上位2艇 76.7%（補正+0.04） / 総合判定確率: 0.128 / → ヒモはやや固め。上位2艇以外を切ること', 'tenji_trigger': '展示確認: 1号艇伸び良→そのまま採用。悪→飛び組に差し替え。circle_pct上位2艇に絞り込むこと。'}",,,34.1,両建て推奨,19.76,44,4,,,,,,,,,,,
2025-06-29,丸亀,3,6,後藤盛也,A2,40.12,6,▲,2.2288,2.8,30,13.8,0.1505,3.3448,,,0,低,72,0,-,6 2322,0,31.7,0.7822,,,,,,0.28,0.1307,0,,△,B,△,,0.415,0.6145,,0.2764,B,59,0,◎○△フォーメーション（15〜20点）,0.5777,"{'is_target': True, 'verdict': '点数絞り', 'max_combo_prob': 0.0878, 'est_top_odds': 15.2, 'circle_concentration': 76.7, 'eligible_count': 9, 'bet_adj': 0, 'reason': 'rel_win1=48.0%（本命度） / 最有力組み合わせ確率: 0.088（推定実オッズ?15倍） / 2着集中度: 上位2艇 76.7%（補正+0.04） / 総合判定確率: 0.128 / → ヒモはやや固め。上位2艇以外を切ること', 'tenji_trigger': '展示確認: 1号艇伸び良→そのまま採用。悪→飛び組に差し替え。circle_pct上位2艇に絞り込むこと。'}",,,34.1,両建て推奨,19.76,44,4,,,,,,,,,,,
2025-06-29,丸亀,4,1,宮村勇哉,B1,30.00,1,○,42.0472,,0,65.6,0.1631,2.9375,,,0,低,96,0,逃0%,151 14,0,54.2,0.8396,0.3333,,,,,0.25,0.0833,0.25,△,,D,△,,,0.583,,0.3092,B,46,0,◎○△フォーメーション（15〜20点）,0.5777,"{'is_target': False, 'verdict': '対象外', 'max_combo_prob': None, 'est_top_odds': None, 'circle_concentration': None, 'eligible_count': 0, 'bet_adj': 0, 'reason': '1号艇rel_win1 < 45%: 通常判定に委ねる', 'tenji_trigger': ''}",,,30,両建て推奨,15.61,36,3,2-1-3|2-1-4|1-3-4|1-2-3|1-3-2|1-2-4|1-4-3,2-1-3|5-1-3|5-1-6|6-1-3|6-1-4|2-1-4|6-4-1|1-3-4|1-2-3|1-3-2|1-2-4|1-4-3,2-1-3:3.16%|2-1-4:2.09%|1-3-4:7.97%|1-2-3:7.66%|1-3-2:7.34%|1-2-4:7.26%|1-4-3:3.18%,2-1-3:B_main|2-1-4:B_main|1-3-4:A|1-2-3:A|1-3-2:A|1-2-4:A|1-4-3:A,7,12,0.4535,1,[!]見送り推奨（主役決まり手「差し」― 逃げ劣勢レースで的中実績なし）,荒れ広め,D
2025-06-29,丸亀,4,2,小坂宗司,A2,40.76,2,◎,16.2878,35.4,89,62.1,0.1447,3.2414,,,0,低,123,0,差0% ま0%,5 5643,0,49.7,1.0529,0,0.1071,0.0357,0,0,0.1467,0.0267,0.08,,◎,B,△,,0.5059,0.612,,0.3092,B,46,0,◎○△フォーメーション（15〜20点）,0.5777,"{'is_target': False, 'verdict': '対象外', 'max_combo_prob': None, 'est_top_odds': None, 'circle_concentration': None, 'eligible_count': 0, 'bet_adj': 0, 'reason': '1号艇rel_win1 < 45%: 通常判定に委ねる', 'tenji_trigger': ''}",,,30,両建て推奨,15.61,36,3,,,,,,,,,,,
2025-06-29,丸亀,4,3,村岡賢人,A1,34.43,3,▲,17.9521,48.3,61,75.5,0.1213,2.5189,,,0,低,30,0,差0% 差ま0%,1 3114,0,78.8,1.5135,0,0.05,0,0.15,0,0.0148,0.1644,0.1941,,○,C,◎,,0.4864,0.805,,0.3092,B,46,0,◎○△フォーメーション（15〜20点）,0.5777,"{'is_target': False, 'verdict': '対象外', 'max_combo_prob': None, 'est_top_odds': None, 'circle_concentration': None, 'eligible_count': 0, 'bet_adj': 0, 'reason': '1号艇rel_win1 < 45%: 通常判定に委ねる', 'tenji_trigger': ''}",,,30,両建て推奨,15.61,36,3,,,,,,,,,,,
2025-06-29,丸亀,4,4,松井友汰,A2,36.81,4,△,15.0592,10,100,62.1,0.1719,3.5948,,,0,低,110,0,差0% 差ま0% 抜0%,451 33,0,85.6,1.456,0,0.037,0,0.037,0.037,0.0182,0.2409,0.0182,,,B,,◎,0.2461,0.558,0.2643,0.3092,B,46,0,◎○△フォーメーション（15〜20点）,0.5777,"{'is_target': False, 'verdict': '対象外', 'max_combo_prob': None, 'est_top_odds': None, 'circle_concentration': None, 'eligible_count': 0, 'bet_adj': 0, 'reason': '1号艇rel_win1 < 45%: 通常判定に委ねる', 'tenji_trigger': ''}",,,30,両建て推奨,15.61,36,3,,,,,,,,,,,
2025-06-29,丸亀,4,5,佐野優都,B2,32.61,5,,7.3796,5.5,68,27.3,0.1532,3.0682,,,0,低,41,0,差ま0%,,0,40.7,0.8983,0,0,0,0.0455,0,,,,,,D,,,0.3166,0.5165,,0.3092,B,46,0,◎○△フォーメーション（15〜20点）,0.5777,"{'is_target': False, 'verdict': '対象外', 'max_combo_prob': None, 'est_top_odds': None, 'circle_concentration': None, 'eligible_count': 0, 'bet_adj': 0, 'reason': '1号艇rel_win1 < 45%: 通常判定に委ねる', 'tenji_trigger': ''}",,,30,両建て推奨,15.61,36,3,,,,,,,,,,,
2025-06-29,丸亀,4,6,上之晃弘,B1,36.67,6,,1.2742,0.8,25,9.6,0.1625,4.1058,,,0,低,123,0,-,546 26,0,27.9,0.7622,,,,,,0.0545,0.0727,0.2045,,,C,○,,0.3155,0.659,,0.3092,B,46,0,◎○△フォーメーション（15〜20点）,0.5777,"{'is_target': False, 'verdict': '対象外', 'max_combo_prob': None, 'est_top_odds': None, 'circle_concentration': None, 'eligible_count': 0, 'bet_adj': 0, 'reason': '1号艇rel_win1 < 45%: 通常判定に委ねる', 'tenji_trigger': ''}",,,30,両建て推奨,15.61,36,3,,,,,,,,,,,
2025-06-29,丸亀,5,1,横澤剛治,A1,38.95,1,◎,55.6639,,0,94.4,0.1585,3.6389,,,0,低,96,0,逃1%,125515,0,89.8,1.1896,0.7083,,,,,0.0167,0.0667,0.1533,◎,,C,○,,,0.666,,0.4731,S,91,0,◎1着固定 2-3着流し（5〜8点）,0.5777,"{'is_target': True, 'verdict': '点数絞り', 'max_combo_prob': 0.0823, 'est_top_odds': 16.2, 'circle_concentration': 73.9, 'eligible_count': 6, 'bet_adj': 0, 'reason': 'rel_win1=55.7%（本命度） / 最有力組み合わせ確率: 0.082（推定実オッズ?16倍） / 2着集中度: 上位2艇 73.9%（補正+0.04） / 総合判定確率: 0.122 / → ヒモはやや固め。上位2艇以外を切ること', 'tenji_trigger': '展示確認: 1号艇伸び良→そのまま採用。悪→飛び組に差し替え。circle_pct上位2艇に絞り込むこと。'}",,,26.5,逃げ狙い,14.78,26.5,2,,,,,0,0,0.7559,0,,逃げ軸流し,A
2025-06-29,丸亀,5,2,鈴木雅希,B1,40.76,2,○,14.0742,47,82,67.8,0.1498,3.3729,,,0,低,98,0,差0% ま0%,121 65,0,48.6,1.1066,0,0.129,0.0323,0,0,0.048,0.064,0.296,,◎,B,△,,0.414,0.6285,,0.4731,S,91,0,◎1着固定 2-3着流し（5〜8点）,0.5777,"{'is_target': True, 'verdict': '点数絞り', 'max_combo_prob': 0.0823, 'est_top_odds': 16.2, 'circle_concentration': 73.9, 'eligible_count': 6, 'bet_adj': 0, 'reason': 'rel_win1=55.7%（本命度） / 最有力組み合わせ確率: 0.082（推定実オッズ?16倍） / 2着集中度: 上位2艇 73.9%（補正+0.04） / 総合判定確率: 0.122 / → ヒモはやや固め。上位2艇以外を切ること', 'tenji_trigger': '展示確認: 1号艇伸び良→そのまま採用。悪→飛び組に差し替え。circle_pct上位2艇に絞り込むこと。'}",,,26.5,逃げ狙い,14.78,26.5,2,,,,,,,,,,,
2025-06-29,丸亀,5,3,白井友晴,A2,40.66,3,▲,9.9405,26.9,62,51.6,0.18,3.7016,,,0,低,164,0,-,6 5622,0,47.9,1.0381,0,0,0.0435,0,0.087,0.1091,0.3491,0.0545,,,B,◎,,0.1743,0.671,,0.4731,S,91,0,◎1着固定 2-3着流し（5〜8点）,0.5777,"{'is_target': True, 'verdict': '点数絞り', 'max_combo_prob': 0.0823, 'est_top_odds': 16.2, 'circle_concentration': 73.9, 'eligible_count': 6, 'bet_adj': 0, 'reason': 'rel_win1=55.7%（本命度） / 最有力組み合わせ確率: 0.082（推定実オッズ?16倍） / 2着集中度: 上位2艇 73.9%（補正+0.04） / 総合判定確率: 0.122 / → ヒモはやや固め。上位2艇以外を切ること', 'tenji_trigger': '展示確認: 1号艇伸び良→そのまま採用。悪→飛び組に差し替え。circle_pct上位2艇に絞り込むこと。'}",,,26.5,逃げ狙い,14.78,26.5,2,,,,,,,,,,,
2025-06-29,丸亀,5,4,仲　航太,B1,32.58,4,△,12.7527,17.9,100,59.1,0.1536,3.0227,,,0,低,93,0,ま0%,345 52,0,70.1,1.3562,0,0,0.1333,0,0,0.16,0.12,0.12,,,D,,◎,0.3352,0.554,0.3674,0.4731,S,91,0,◎1着固定 2-3着流し（5〜8点）,0.5777,"{'is_target': True, 'verdict': '点数絞り', 'max_combo_prob': 0.0823, 'est_top_odds': 16.2, 'circle_concentration': 73.9, 'eligible_count': 6, 'bet_adj': 0, 'reason': 'rel_win1=55.7%（本命度） / 最有力組み合わせ確率: 0.082（推定実オッズ?16倍） / 2着集中度: 上位2艇 73.9%（補正+0.04） / 総合判定確率: 0.122 / → ヒモはやや固め。上位2艇以外を切ること', 'tenji_trigger': '展示確認: 1号艇伸び良→そのまま採用。悪→飛び組に差し替え。circle_pct上位2艇に絞り込むこと。'}",,,26.5,逃げ狙い,14.78,26.5,2,,,,,,,,,,,
2025-06-29,丸亀,5,5,庄島潤成,B2,33.87,5,,6.6133,4.3,64,12.5,0.1844,4.0625,,,0,低,60,0,差ま0%,,0,28.2,0.8069,0,0,0,0.0625,0,,,,,,D,,,0.2029,0.5315,,0.4731,S,91,0,◎1着固定 2-3着流し（5〜8点）,0.5777,"{'is_target': True, 'verdict': '点数絞り', 'max_combo_prob': 0.0823, 'est_top_odds': 16.2, 'circle_concentration': 73.9, 'eligible_count': 6, 'bet_adj': 0, 'reason': 'rel_win1=55.7%（本命度） / 最有力組み合わせ確率: 0.082（推定実オッズ?16倍） / 2着集中度: 上位2艇 73.9%（補正+0.04） / 総合判定確率: 0.122 / → ヒモはやや固め。上位2艇以外を切ること', 'tenji_trigger': '展示確認: 1号艇伸び良→そのまま採用。悪→飛び組に差し替え。circle_pct上位2艇に絞り込むこと。'}",,,26.5,逃げ狙い,14.78,26.5,2,,,,,,,,,,,
2025-06-29,丸亀,5,6,木谷賢太,A1,34.25,6,,0.9555,3.9,92,41.5,0.1823,4.7736,,,0,低,107,0,-,215534,0,31.3,1.1328,,,,,,0.0343,0.0114,0.1957,,,D,△,,0.2373,0.663,,0.4731,S,91,0,◎1着固定 2-3着流し（5〜8点）,0.5777,"{'is_target': True, 'verdict': '点数絞り', 'max_combo_prob': 0.0823, 'est_top_odds': 16.2, 'circle_concentration': 73.9, 'eligible_count': 6, 'bet_adj': 0, 'reason': 'rel_win1=55.7%（本命度） / 最有力組み合わせ確率: 0.082（推定実オッズ?16倍） / 2着集中度: 上位2艇 73.9%（補正+0.04） / 総合判定確率: 0.122 / → ヒモはやや固め。上位2艇以外を切ること', 'tenji_trigger': '展示確認: 1号艇伸び良→そのまま採用。悪→飛び組に差し替え。circle_pct上位2艇に絞り込むこと。'}",,,26.5,逃げ狙い,14.78,26.5,2,,,,,,,,,,,
2025-06-29,丸亀,6,1,西岡顕心,A1,31.75,1,◎,61.6577,,0,88.2,0.1341,3.1471,,,0,低,55,0,逃1%,431 51,0,60,0.9729,0.8571,,,,,0,0.0714,0,◎,,C,△,,,0.6245,,0.6291,S,92,0,◎1着固定 2-3着流し（5〜8点）,0.5777,"{'is_target': True, 'verdict': '点数絞り', 'max_combo_prob': 0.0836, 'est_top_odds': 15.9, 'circle_concentration': 71.0, 'eligible_count': 6, 'bet_adj': 0, 'reason': 'rel_win1=61.7%（本命度） / 最有力組み合わせ確率: 0.084（推定実オッズ?16倍） / 2着集中度: 上位2艇 71.0%（補正+0.04） / 総合判定確率: 0.124 / → ヒモはやや固め。上位2艇以外を切ること', 'tenji_trigger': '展示確認: 1号艇伸び良→そのまま採用。悪→飛び組に差し替え。circle_pct上位2艇に絞り込むこと。\n展示で1号艇スタート超安定(0.134秒)→ヒモ固まり方向に注意'}",,,25.5,逃げ狙い,15.59,22.9,3,,,,,0,0,0.7559,0,,逃げ軸流し,A
2025-06-29,丸亀,6,2,岡本　猛,B1,28.49,2,,9.4183,33.3,83,56.4,0.1705,4.1364,,,0,低,92,0,-,5 366,0,47.5,0.8119,,,,,,0.125,0.375,0,,,D,△,,0.0775,0.6305,,0.6291,S,92,0,◎1着固定 2-3着流し（5〜8点）,0.5777,"{'is_target': True, 'verdict': '点数絞り', 'max_combo_prob': 0.0836, 'est_top_odds': 15.9, 'circle_concentration': 71.0, 'eligible_count': 6, 'bet_adj': 0, 'reason': 'rel_win1=61.7%（本命度） / 最有力組み合わせ確率: 0.084（推定実オッズ?16倍） / 2着集中度: 上位2艇 71.0%（補正+0.04） / 総合判定確率: 0.124 / → ヒモはやや固め。上位2艇以外を切ること', 'tenji_trigger': '展示確認: 1号艇伸び良→そのまま採用。悪→飛び組に差し替え。circle_pct上位2艇に絞り込むこと。\n展示で1号艇スタート超安定(0.134秒)→ヒモ固まり方向に注意'}",,,25.5,逃げ狙い,15.59,22.9,3,,,,,,,,,,,
2025-06-29,丸亀,6,3,丹下　将,A2,27.37,3,△,14.9116,37.7,93,67.7,0.1529,3.3077,,,0,低,115,0,-,64425,0,32.9,0.9542,0,0,0.1515,0.0303,0,0.0588,0.2067,0.1445,,,E,○,,0.2156,0.66,,0.6291,S,92,0,◎1着固定 2-3着流し（5〜8点）,0.5777,"{'is_target': True, 'verdict': '点数絞り', 'max_combo_prob': 0.0836, 'est_top_odds': 15.9, 'circle_concentration': 71.0, 'eligible_count': 6, 'bet_adj': 0, 'reason': 'rel_win1=61.7%（本命度） / 最有力組み合わせ確率: 0.084（推定実オッズ?16倍） / 2着集中度: 上位2艇 71.0%（補正+0.04） / 総合判定確率: 0.124 / → ヒモはやや固め。上位2艇以外を切ること', 'tenji_trigger': '展示確認: 1号艇伸び良→そのまま採用。悪→飛び組に差し替え。circle_pct上位2艇に絞り込むこと。\n展示で1号艇スタート超安定(0.134秒)→ヒモ固まり方向に注意'}",,,25.5,逃げ狙い,15.59,22.9,3,,,,,,,,,,,
2025-06-29,丸亀,6,4,藤山雅弘,B1,42.46,4,○,8.9314,14.7,100,55.2,0.1714,3.75,,,0,低,135,0,-,413 14,0,100,2.7232,0,0.087,0.0435,0,0,0.2371,0,0.0143,,,A,,◎,0.1465,0.6125,0.3388,0.6291,S,92,0,◎1着固定 2-3着流し（5〜8点）,0.5777,"{'is_target': True, 'verdict': '点数絞り', 'max_combo_prob': 0.0836, 'est_top_odds': 15.9, 'circle_concentration': 71.0, 'eligible_count': 6, 'bet_adj': 0, 'reason': 'rel_win1=61.7%（本命度） / 最有力組み合わせ確率: 0.084（推定実オッズ?16倍） / 2着集中度: 上位2艇 71.0%（補正+0.04） / 総合判定確率: 0.124 / → ヒモはやや固め。上位2艇以外を切ること', 'tenji_trigger': '展示確認: 1号艇伸び良→そのまま採用。悪→飛び組に差し替え。circle_pct上位2艇に絞り込むこと。\n展示で1号艇スタート超安定(0.134秒)→ヒモ固まり方向に注意'}",,,25.5,逃げ狙い,15.59,22.9,3,,,,,,,,,,,
2025-06-29,丸亀,6,5,山崎　祥,B1,31.87,5,▲,4.0681,13.9,65,43.5,0.2017,4.0652,,,0,低,131,0,差ま0%,6 243,0,25.5,1.2012,0,0,0,0.04,0,0.3238,0,0.0667,,,C,,,0.1073,0.5955,,0.6291,S,92,0,◎1着固定 2-3着流し（5〜8点）,0.5777,"{'is_target': True, 'verdict': '点数絞り', 'max_combo_prob': 0.0836, 'est_top_odds': 15.9, 'circle_concentration': 71.0, 'eligible_count': 6, 'bet_adj': 0, 'reason': 'rel_win1=61.7%（本命度） / 最有力組み合わせ確率: 0.084（推定実オッズ?16倍） / 2着集中度: 上位2艇 71.0%（補正+0.04） / 総合判定確率: 0.124 / → ヒモはやや固め。上位2艇以外を切ること', 'tenji_trigger': '展示確認: 1号艇伸び良→そのまま採用。悪→飛び組に差し替え。circle_pct上位2艇に絞り込むこと。\n展示で1号艇スタート超安定(0.134秒)→ヒモ固まり方向に注意'}",,,25.5,逃げ狙い,15.59,22.9,3,,,,,,,,,,,
2025-06-29,丸亀,6,6,川島圭司,A2,31.25,6,,1.0129,0.4,30,26.3,0.1621,3.7544,,,0,低,79,0,-,6 3413,0,30.4,0.8361,,,,,,0.0353,0.1553,0.1553,,,D,◎,,0.2247,0.665,,0.6291,S,92,0,◎1着固定 2-3着流し（5〜8点）,0.5777,"{'is_target': True, 'verdict': '点数絞り', 'max_combo_prob': 0.0836, 'est_top_odds': 15.9, 'circle_concentration': 71.0, 'eligible_count': 6, 'bet_adj': 0, 'reason': 'rel_win1=61.7%（本命度） / 最有力組み合わせ確率: 0.084（推定実オッズ?16倍） / 2着集中度: 上位2艇 71.0%（補正+0.04） / 総合判定確率: 0.124 / → ヒモはやや固め。上位2艇以外を切ること', 'tenji_trigger': '展示確認: 1号艇伸び良→そのまま採用。悪→飛び組に差し替え。circle_pct上位2艇に絞り込むこと。\n展示で1号艇スタート超安定(0.134秒)→ヒモ固まり方向に注意'}",,,25.5,逃げ狙い,15.59,22.9,3,,,,,,,,,,,
2025-06-29,丸亀,7,1,菊地孝平,A1,39.06,1,◎,60.4223,,0,88.9,0.1056,2.1944,,,0,低,10,0,-,31235,0,59.5,0.975,0.8,,,,,0.12,0.04,0.02,◎,,C,◎,,,0.82,,0.7043,S,100,0,◎1着固定 2-3着流し（5〜8点）,0.5777,"{'is_target': True, 'verdict': '参加推奨', 'max_combo_prob': 0.0908, 'est_top_odds': 14.7, 'circle_concentration': 67.2, 'eligible_count': 6, 'bet_adj': 2, 'reason': 'rel_win1=60.4%（本命度） / 最有力組み合わせ確率: 0.091（推定実オッズ?15倍） / 2着集中度: 上位2艇 67.2%（補正+0.00） / 総合判定確率: 0.091 / → ヒモ分散。1号艇1着固定で広めのヒモ流し推奨（買い目+2点）', 'tenji_trigger': '展示確認: ヒモ分散レース。1号艇伸び確認後、広めのヒモ流しを採用。穴ヒモ（5・6号艇）を積極的に含める。\n展示で1号艇スタート超安定(0.106秒)→ヒモ固まり方向に注意'}",,,25.2,逃げ狙い,13.12,24.3,4,,,,,0,0,0.7559,0,,逃げ軸流し,A
2025-06-29,丸亀,7,2,片岡秀樹,B1,38.74,2,△,8.0007,41.8,84,48.3,0.148,3.2,,,0,低,85,0,差0%,6 446,0,26.6,0.8066,0,0.1,0,0,0,0.2778,0.3889,0.1111,,,C,△,,0.0722,0.6405,,0.7043,S,100,0,◎1着固定 2-3着流し（5〜8点）,0.5777,"{'is_target': True, 'verdict': '参加推奨', 'max_combo_prob': 0.0908, 'est_top_odds': 14.7, 'circle_concentration': 67.2, 'eligible_count': 6, 'bet_adj': 2, 'reason': 'rel_win1=60.4%（本命度） / 最有力組み合わせ確率: 0.091（推定実オッズ?15倍） / 2着集中度: 上位2艇 67.2%（補正+0.00） / 総合判定確率: 0.091 / → ヒモ分散。1号艇1着固定で広めのヒモ流し推奨（買い目+2点）', 'tenji_trigger': '展示確認: ヒモ分散レース。1号艇伸び確認後、広めのヒモ流しを採用。穴ヒモ（5・6号艇）を積極的に含める。\n展示で1号艇スタート超安定(0.106秒)→ヒモ固まり方向に注意'}",,,25.2,逃げ狙い,13.12,24.3,4,,,,,,,,,,,
2025-06-29,丸亀,7,3,森晋太郎,B1,43.09,3,○,10.5314,25.5,72,51,0.141,2.8824,,,0,低,64,0,-,352 53,0,66.5,1.5662,0,0,0.0476,0.0476,0,0,0.2,0.1333,,,B,△,,0.113,0.6435,,0.7043,S,100,0,◎1着固定 2-3着流し（5〜8点）,0.5777,"{'is_target': True, 'verdict': '参加推奨', 'max_combo_prob': 0.0908, 'est_top_odds': 14.7, 'circle_concentration': 67.2, 'eligible_count': 6, 'bet_adj': 2, 'reason': 'rel_win1=60.4%（本命度） / 最有力組み合わせ確率: 0.091（推定実オッズ?15倍） / 2着集中度: 上位2艇 67.2%（補正+0.00） / 総合判定確率: 0.091 / → ヒモ分散。1号艇1着固定で広めのヒモ流し推奨（買い目+2点）', 'tenji_trigger': '展示確認: ヒモ分散レース。1号艇伸び確認後、広めのヒモ流しを採用。穴ヒモ（5・6号艇）を積極的に含める。\n展示で1号艇スタート超安定(0.106秒)→ヒモ固まり方向に注意'}",,,25.2,逃げ狙い,13.12,24.3,4,,,,,,,,,,,
2025-06-29,丸亀,7,4,國崎良春,B1,44.20,4,▲,12.8926,15.1,62,40.9,0.172,3.4432,,,0,低,93,0,差ま0%,246 46,0,96.6,1.1226,0,0,0,0.1176,0,0.0444,0.0667,0.2167,,,A,,◎,0.1284,0.6245,0.196,0.7043,S,100,0,◎1着固定 2-3着流し（5〜8点）,0.5777,"{'is_target': True, 'verdict': '参加推奨', 'max_combo_prob': 0.0908, 'est_top_odds': 14.7, 'circle_concentration': 67.2, 'eligible_count': 6, 'bet_adj': 2, 'reason': 'rel_win1=60.4%（本命度） / 最有力組み合わせ確率: 0.091（推定実オッズ?15倍） / 2着集中度: 上位2艇 67.2%（補正+0.00） / 総合判定確率: 0.091 / → ヒモ分散。1号艇1着固定で広めのヒモ流し推奨（買い目+2点）', 'tenji_trigger': '展示確認: ヒモ分散レース。1号艇伸び確認後、広めのヒモ流しを採用。穴ヒモ（5・6号艇）を積極的に含める。\n展示で1号艇スタート超安定(0.106秒)→ヒモ固まり方向に注意'}",,,25.2,逃げ狙い,13.12,24.3,4,,,,,,,,,,,
2025-06-29,丸亀,7,5,田川大貴,A2,26.63,5,,5.2176,13.1,44,36.5,0.1335,3.1154,,,0,低,91,0,-,662 31,0,100,1.9824,0,0,0.0345,0.069,0,0.1434,0.0774,0.1003,,,D,,,0.2018,0.616,,0.7043,S,100,0,◎1着固定 2-3着流し（5〜8点）,0.5777,"{'is_target': True, 'verdict': '参加推奨', 'max_combo_prob': 0.0908, 'est_top_odds': 14.7, 'circle_concentration': 67.2, 'eligible_count': 6, 'bet_adj': 2, 'reason': 'rel_win1=60.4%（本命度） / 最有力組み合わせ確率: 0.091（推定実オッズ?15倍） / 2着集中度: 上位2艇 67.2%（補正+0.00） / 総合判定確率: 0.091 / → ヒモ分散。1号艇1着固定で広めのヒモ流し推奨（買い目+2点）', 'tenji_trigger': '展示確認: ヒモ分散レース。1号艇伸び確認後、広めのヒモ流しを採用。穴ヒモ（5・6号艇）を積極的に含める。\n展示で1号艇スタート超安定(0.106秒)→ヒモ固まり方向に注意'}",,,25.2,逃げ狙い,13.12,24.3,4,,,,,,,,,,,
2025-06-29,丸亀,7,6,杉山裕也,A1,26.25,6,,2.9354,4.6,100,54.3,0.1537,3.8571,,,0,低,84,0,-,353322,0,48.2,2.0822,,,,,,0,0.2625,0.1375,,,E,○,,0.1595,0.6625,,0.7043,S,100,0,◎1着固定 2-3着流し（5〜8点）,0.5777,"{'is_target': True, 'verdict': '参加推奨', 'max_combo_prob': 0.0908, 'est_top_odds': 14.7, 'circle_concentration': 67.2, 'eligible_count': 6, 'bet_adj': 2, 'reason': 'rel_win1=60.4%（本命度） / 最有力組み合わせ確率: 0.091（推定実オッズ?15倍） / 2着集中度: 上位2艇 67.2%（補正+0.00） / 総合判定確率: 0.091 / → ヒモ分散。1号艇1着固定で広めのヒモ流し推奨（買い目+2点）', 'tenji_trigger': '展示確認: ヒモ分散レース。1号艇伸び確認後、広めのヒモ流しを採用。穴ヒモ（5・6号艇）を積極的に含める。\n展示で1号艇スタート超安定(0.106秒)→ヒモ固まり方向に注意'}",,,25.2,逃げ狙い,13.12,24.3,4,,,,,,,,,,,
2025-06-29,丸亀,8,1,佐々木完,A1,30.81,1,◎,66.1323,,0,92.3,0.1451,2.7179,,,0,低,55,0,逃1%,56251,0,87.3,1.2084,0.7222,,,,,0.0222,0.0222,0.2667,◎,,D,◎,,,0.632,,0.611,S,100,0,◎1着固定 2-3着流し（5〜8点）,0.5777,"{'is_target': True, 'verdict': '点数絞り', 'max_combo_prob': 0.0977, 'est_top_odds': 13.7, 'circle_concentration': 72.5, 'eligible_count': 6, 'bet_adj': 0, 'reason': 'rel_win1=66.1%（本命度） / 最有力組み合わせ確率: 0.098（推定実オッズ?14倍） / 2着集中度: 上位2艇 72.5%（補正+0.04） / 総合判定確率: 0.138 / → ヒモはやや固め。上位2艇以外を切ること', 'tenji_trigger': '展示確認: 1号艇伸び良→そのまま採用。悪→飛び組に差し替え。circle_pct上位2艇に絞り込むこと。'}",,,27.4,逃げ狙い,19.35,25.2,2,,,,,0,0,0.7559,0,,逃げ軸流し,A
2025-06-29,丸亀,8,2,後藤盛也,A2,40.12,2,▲,11.6792,41.1,66,55.8,0.1394,2.6346,,,0,低,72,0,ま0%,6 2322,0,37.8,0.9117,0,0,0.0455,0,0,0.28,0.1307,0,,◎,C,△,,0.362,0.6145,,0.611,S,100,0,◎1着固定 2-3着流し（5〜8点）,0.5777,"{'is_target': True, 'verdict': '点数絞り', 'max_combo_prob': 0.0977, 'est_top_odds': 13.7, 'circle_concentration': 72.5, 'eligible_count': 6, 'bet_adj': 0, 'reason': 'rel_win1=66.1%（本命度） / 最有力組み合わせ確率: 0.098（推定実オッズ?14倍） / 2着集中度: 上位2艇 72.5%（補正+0.04） / 総合判定確率: 0.138 / → ヒモはやや固め。上位2艇以外を切ること', 'tenji_trigger': '展示確認: 1号艇伸び良→そのまま採用。悪→飛び組に差し替え。circle_pct上位2艇に絞り込むこと。'}",,,27.4,逃げ狙い,19.35,25.2,2,,,,,,,,,,,
2025-06-29,丸亀,8,3,金山立樹,B1,47.51,3,○,10.6855,31.5,95,58.7,0.1678,3.0159,,,0,低,147,0,ま0% 差ま0%,2 255,0,44.9,1.1135,0,0,0.1,0.1,0,0.3513,0.2185,0.0706,,,A,,,0.1963,0.565,,0.611,S,100,0,◎1着固定 2-3着流し（5〜8点）,0.5777,"{'is_target': True, 'verdict': '点数絞り', 'max_combo_prob': 0.0977, 'est_top_odds': 13.7, 'circle_concentration': 72.5, 'eligible_count': 6, 'bet_adj': 0, 'reason': 'rel_win1=66.1%（本命度） / 最有力組み合わせ確率: 0.098（推定実オッズ?14倍） / 2着集中度: 上位2艇 72.5%（補正+0.04） / 総合判定確率: 0.138 / → ヒモはやや固め。上位2艇以外を切ること', 'tenji_trigger': '展示確認: 1号艇伸び良→そのまま採用。悪→飛び組に差し替え。circle_pct上位2艇に絞り込むこと。'}",,,27.4,逃げ狙い,19.35,25.2,2,,,,,,,,,,,
2025-06-29,丸亀,8,4,三好勇人,A2,42.13,4,△,7.1299,21.8,100,50,0.1578,3.2963,,,0,低,88,0,-,61443,0,94,1.7585,0,0.0385,0.0385,0,0,0.0133,0.16,0.0533,,,B,△,◎,0.2342,0.6185,0.3186,0.611,S,100,0,◎1着固定 2-3着流し（5〜8点）,0.5777,"{'is_target': True, 'verdict': '点数絞り', 'max_combo_prob': 0.0977, 'est_top_odds': 13.7, 'circle_concentration': 72.5, 'eligible_count': 6, 'bet_adj': 0, 'reason': 'rel_win1=66.1%（本命度） / 最有力組み合わせ確率: 0.098（推定実オッズ?14倍） / 2着集中度: 上位2艇 72.5%（補正+0.04） / 総合判定確率: 0.138 / → ヒモはやや固め。上位2艇以外を切ること', 'tenji_trigger': '展示確認: 1号艇伸び良→そのまま採用。悪→飛び組に差し替え。circle_pct上位2艇に絞り込むこと。'}",,,27.4,逃げ狙い,19.35,25.2,2,,,,,,,,,,,
2025-06-29,丸亀,8,5,岡部　哲,B1,26.25,5,,3.4288,3.9,47,28.3,0.1758,3.8083,,,0,低,119,0,-,625 46,0,33.4,0.7838,,,,,,0.1762,0.3762,0.2143,,,E,○,,0.2157,0.6265,,0.611,S,100,0,◎1着固定 2-3着流し（5〜8点）,0.5777,"{'is_target': True, 'verdict': '点数絞り', 'max_combo_prob': 0.0977, 'est_top_odds': 13.7, 'circle_concentration': 72.5, 'eligible_count': 6, 'bet_adj': 0, 'reason': 'rel_win1=66.1%（本命度） / 最有力組み合わせ確率: 0.098（推定実オッズ?14倍） / 2着集中度: 上位2艇 72.5%（補正+0.04） / 総合判定確率: 0.138 / → ヒモはやや固め。上位2艇以外を切ること', 'tenji_trigger': '展示確認: 1号艇伸び良→そのまま採用。悪→飛び組に差し替え。circle_pct上位2艇に絞り込むこと。'}",,,27.4,逃げ狙い,19.35,25.2,2,,,,,,,,,,,
2025-06-29,丸亀,8,6,佐野優都,B2,32.61,6,,0.9442,1.8,36,11.7,0.1694,3.5519,,,0,低,41,0,-,,0,26.7,0.6572,,,,,,,,,,,D,,,0.2327,0.5165,,0.611,S,100,0,◎1着固定 2-3着流し（5〜8点）,0.5777,"{'is_target': True, 'verdict': '点数絞り', 'max_combo_prob': 0.0977, 'est_top_odds': 13.7, 'circle_concentration': 72.5, 'eligible_count': 6, 'bet_adj': 0, 'reason': 'rel_win1=66.1%（本命度） / 最有力組み合わせ確率: 0.098（推定実オッズ?14倍） / 2着集中度: 上位2艇 72.5%（補正+0.04） / 総合判定確率: 0.138 / → ヒモはやや固め。上位2艇以外を切ること', 'tenji_trigger': '展示確認: 1号艇伸び良→そのまま採用。悪→飛び組に差し替え。circle_pct上位2艇に絞り込むこと。'}",,,27.4,逃げ狙い,19.35,25.2,2,,,,,,,,,,,
2025-06-29,丸亀,9,1,松井友汰,A2,36.81,1,◎,62.7399,,0,97.7,0.1534,2.9886,,,0,低,110,0,逃1%,451 33,0,92.6,1.2509,0.6364,,,,,0.0182,0.2409,0.0182,◎,,C,,,,0.558,,0.5296,S,88,0,◎1着固定 2-3着流し（5〜8点）,0.5777,"{'is_target': True, 'verdict': '点数絞り', 'max_combo_prob': 0.1213, 'est_top_odds': 11.0, 'circle_concentration': 82.6, 'eligible_count': 6, 'bet_adj': 0, 'reason': 'rel_win1=62.7%（本命度） / 最有力組み合わせ確率: 0.121（推定実オッズ?11倍） / 2着集中度: 上位2艇 82.6%（補正+0.04） / 総合判定確率: 0.161 / → ヒモはやや固め。上位2艇以外を切ること', 'tenji_trigger': '展示確認: 1号艇伸び良→そのまま採用。悪→飛び組に差し替え。circle_pct上位2艇に絞り込むこと。'}",,,29.2,逃げ狙い,20.33,29.5,2,,,,,0,0,0.7559,0,,逃げ軸流し,A
2025-06-29,丸亀,9,2,木谷賢太,A1,34.25,2,▲,15.2512,60.3,80,76.4,0.152,3.5909,,,0,低,107,0,差0%,215534,0,53.5,0.8986,0,0.25,0.0357,0,0,0.0343,0.0114,0.1957,,◎,D,○,,0.3699,0.663,,0.5296,S,88,0,◎1着固定 2-3着流し（5〜8点）,0.5777,"{'is_target': True, 'verdict': '点数絞り', 'max_combo_prob': 0.1213, 'est_top_odds': 11.0, 'circle_concentration': 82.6, 'eligible_count': 6, 'bet_adj': 0, 'reason': 'rel_win1=62.7%（本命度） / 最有力組み合わせ確率: 0.121（推定実オッズ?11倍） / 2着集中度: 上位2艇 82.6%（補正+0.04） / 総合判定確率: 0.161 / → ヒモはやや固め。上位2艇以外を切ること', 'tenji_trigger': '展示確認: 1号艇伸び良→そのまま採用。悪→飛び組に差し替え。circle_pct上位2艇に絞り込むこと。'}",,,29.2,逃げ狙い,20.33,29.5,2,,,,,,,,,,,
2025-06-29,丸亀,9,3,澤　大介,B1,27.37,3,,9.353,22.3,89,48.1,0.1669,3.5096,,,0,低,129,0,-,5 631,0,28,0.929,,,,,,0.46,0.28,0.04,,,E,△,,0.2378,0.5755,,0.5296,S,88,0,◎1着固定 2-3着流し（5〜8点）,0.5777,"{'is_target': True, 'verdict': '点数絞り', 'max_combo_prob': 0.1213, 'est_top_odds': 11.0, 'circle_concentration': 82.6, 'eligible_count': 6, 'bet_adj': 0, 'reason': 'rel_win1=62.7%（本命度） / 最有力組み合わせ確率: 0.121（推定実オッズ?11倍） / 2着集中度: 上位2艇 82.6%（補正+0.04） / 総合判定確率: 0.161 / → ヒモはやや固め。上位2艇以外を切ること', 'tenji_trigger': '展示確認: 1号艇伸び良→そのまま採用。悪→飛び組に差し替え。circle_pct上位2艇に絞り込むこと。'}",,,29.2,逃げ狙い,20.33,29.5,2,,,,,,,,,,,
2025-06-29,丸亀,9,4,白井友晴,A2,40.66,4,△,6.1589,6.3,100,41.4,0.1662,3.4914,,,0,低,164,0,-,6 5622,0,42.2,1.0136,,,,,,0.1091,0.3491,0.0545,,,C,◎,,0.2602,0.671,,0.5296,S,88,0,◎1着固定 2-3着流し（5〜8点）,0.5777,"{'is_target': True, 'verdict': '点数絞り', 'max_combo_prob': 0.1213, 'est_top_odds': 11.0, 'circle_concentration': 82.6, 'eligible_count': 6, 'bet_adj': 0, 'reason': 'rel_win1=62.7%（本命度） / 最有力組み合わせ確率: 0.121（推定実オッズ?11倍） / 2着集中度: 上位2艇 82.6%（補正+0.04） / 総合判定確率: 0.161 / → ヒモはやや固め。上位2艇以外を切ること', 'tenji_trigger': '展示確認: 1号艇伸び良→そのまま採用。悪→飛び組に差し替え。circle_pct上位2艇に絞り込むこと。'}",,,29.2,逃げ狙い,20.33,29.5,2,,,,,,,,,,,
2025-06-29,丸亀,9,5,小坂宗司,A2,40.76,5,,3.1898,9.8,64,41.7,0.1765,3.7083,,,0,低,123,0,-,5 5643,0,89.9,1.6686,0,0,0.0345,0,0,0.1467,0.0267,0.08,,,B,△,,0.2079,0.612,,0.5296,S,88,0,◎1着固定 2-3着流し（5〜8点）,0.5777,"{'is_target': True, 'verdict': '点数絞り', 'max_combo_prob': 0.1213, 'est_top_odds': 11.0, 'circle_concentration': 82.6, 'eligible_count': 6, 'bet_adj': 0, 'reason': 'rel_win1=62.7%（本命度） / 最有力組み合わせ確率: 0.121（推定実オッズ?11倍） / 2着集中度: 上位2艇 82.6%（補正+0.04） / 総合判定確率: 0.161 / → ヒモはやや固め。上位2艇以外を切ること', 'tenji_trigger': '展示確認: 1号艇伸び良→そのまま採用。悪→飛び組に差し替え。circle_pct上位2艇に絞り込むこと。'}",,,29.2,逃げ狙い,20.33,29.5,2,,,,,,,,,,,
2025-06-29,丸亀,9,6,上原　崚,B1,45.61,6,○,3.3072,1.3,59,28.9,0.1479,2.7632,,,0,低,42,0,-,1 366,0,31.3,1.2392,,,,,,0.2381,0.0571,0.119,,,B,○,,0.3311,0.663,,0.5296,S,88,0,◎1着固定 2-3着流し（5〜8点）,0.5777,"{'is_target': True, 'verdict': '点数絞り', 'max_combo_prob': 0.1213, 'est_top_odds': 11.0, 'circle_concentration': 82.6, 'eligible_count': 6, 'bet_adj': 0, 'reason': 'rel_win1=62.7%（本命度） / 最有力組み合わせ確率: 0.121（推定実オッズ?11倍） / 2着集中度: 上位2艇 82.6%（補正+0.04） / 総合判定確率: 0.161 / → ヒモはやや固め。上位2艇以外を切ること', 'tenji_trigger': '展示確認: 1号艇伸び良→そのまま採用。悪→飛び組に差し替え。circle_pct上位2艇に絞り込むこと。'}",,,29.2,逃げ狙い,20.33,29.5,2,,,,,,,,,,,
2025-06-29,丸亀,10,1,川島圭司,A2,31.25,1,◎,58.4937,,0,93.2,0.1103,1.9247,,,0,低,79,0,逃1%,6 3413,0,90.3,1.1881,0.6765,,,,,0.0353,0.1553,0.1553,◎,,C,○,,,0.665,,0.7683,S,81,0,◎1着固定 2-3着流し（5〜8点）,0.5777,"{'is_target': True, 'verdict': '参加推奨', 'max_combo_prob': 0.0643, 'est_top_odds': 20.8, 'circle_concentration': 61.0, 'eligible_count': 6, 'bet_adj': 2, 'reason': 'rel_win1=58.5%（本命度） / 最有力組み合わせ確率: 0.064（推定実オッズ?21倍） / 2着集中度: 上位2艇 61.0%（補正+0.00） / 総合判定確率: 0.064 / → ヒモ分散。1号艇1着固定で広めのヒモ流し推奨（買い目+2点）', 'tenji_trigger': '展示確認: ヒモ分散レース。1号艇伸び確認後、広めのヒモ流しを採用。穴ヒモ（5・6号艇）を積極的に含める。\n展示で1号艇スタート超安定(0.110秒)→ヒモ固まり方向に注意'}",,,28,逃げ狙い,19.17,27.2,4,,,,,0,0,0.7559,0,,逃げ軸流し,A
2025-06-29,丸亀,10,2,峰重侑治,B1,29.07,2,,9.4115,35.7,70,52.9,0.1921,3.8235,,,0,低,114,0,-,3 142,0,22.3,0.769,0,0.2,0,0,0,0.2267,0.0533,0,,,D,,,0.1023,0.6135,,0.7683,S,81,0,◎1着固定 2-3着流し（5〜8点）,0.5777,"{'is_target': True, 'verdict': '参加推奨', 'max_combo_prob': 0.0643, 'est_top_odds': 20.8, 'circle_concentration': 61.0, 'eligible_count': 6, 'bet_adj': 2, 'reason': 'rel_win1=58.5%（本命度） / 最有力組み合わせ確率: 0.064（推定実オッズ?21倍） / 2着集中度: 上位2艇 61.0%（補正+0.00） / 総合判定確率: 0.064 / → ヒモ分散。1号艇1着固定で広めのヒモ流し推奨（買い目+2点）', 'tenji_trigger': '展示確認: ヒモ分散レース。1号艇伸び確認後、広めのヒモ流しを採用。穴ヒモ（5・6号艇）を積極的に含める。\n展示で1号艇スタート超安定(0.110秒)→ヒモ固まり方向に注意'}",,,28,逃げ狙い,19.17,27.2,4,,,,,,,,,,,
2025-06-29,丸亀,10,3,西岡顕心,A1,31.75,3,△,10.6625,25.3,99,70.4,0.1567,2.8519,,,0,低,55,0,-,431 51,0,35.4,0.854,0,0,0,0.25,0,0,0.0714,0,,,C,△,,0.1803,0.6245,,0.7683,S,81,0,◎1着固定 2-3着流し（5〜8点）,0.5777,"{'is_target': True, 'verdict': '参加推奨', 'max_combo_prob': 0.0643, 'est_top_odds': 20.8, 'circle_concentration': 61.0, 'eligible_count': 6, 'bet_adj': 2, 'reason': 'rel_win1=58.5%（本命度） / 最有力組み合わせ確率: 0.064（推定実オッズ?21倍） / 2着集中度: 上位2艇 61.0%（補正+0.00） / 総合判定確率: 0.064 / → ヒモ分散。1号艇1着固定で広めのヒモ流し推奨（買い目+2点）', 'tenji_trigger': '展示確認: ヒモ分散レース。1号艇伸び確認後、広めのヒモ流しを採用。穴ヒモ（5・6号艇）を積極的に含める。\n展示で1号艇スタート超安定(0.110秒)→ヒモ固まり方向に注意'}",,,28,逃げ狙い,19.17,27.2,4,,,,,,,,,,,
2025-06-29,丸亀,10,4,横澤剛治,A1,38.95,4,○,12.494,20.4,100,66,0.1586,3.59,,,0,低,96,0,差0% ま0%,125515,0,77.3,1.4309,0,0.1176,0.0588,0,0,0.0167,0.0667,0.1533,,,B,◎,◎,0.1432,0.666,0.3973,0.7683,S,81,0,◎1着固定 2-3着流し（5〜8点）,0.5777,"{'is_target': True, 'verdict': '参加推奨', 'max_combo_prob': 0.0643, 'est_top_odds': 20.8, 'circle_concentration': 61.0, 'eligible_count': 6, 'bet_adj': 2, 'reason': 'rel_win1=58.5%（本命度） / 最有力組み合わせ確率: 0.064（推定実オッズ?21倍） / 2着集中度: 上位2艇 61.0%（補正+0.00） / 総合判定確率: 0.064 / → ヒモ分散。1号艇1着固定で広めのヒモ流し推奨（買い目+2点）', 'tenji_trigger': '展示確認: ヒモ分散レース。1号艇伸び確認後、広めのヒモ流しを採用。穴ヒモ（5・6号艇）を積極的に含める。\n展示で1号艇スタート超安定(0.110秒)→ヒモ固まり方向に注意'}",,,28,逃げ狙い,19.17,27.2,4,,,,,,,,,,,
2025-06-29,丸亀,10,5,鈴木雅希,B1,40.76,5,▲,6.2,18,85,49.2,0.1649,3.1885,,,0,低,98,0,差ま0% 抜0%,121 65,0,75.3,1.3917,0,0,0,0.04,0.04,0.048,0.064,0.296,,,B,△,○,0.1309,0.6285,0.2934,0.7683,S,81,0,◎1着固定 2-3着流し（5〜8点）,0.5777,"{'is_target': True, 'verdict': '参加推奨', 'max_combo_prob': 0.0643, 'est_top_odds': 20.8, 'circle_concentration': 61.0, 'eligible_count': 6, 'bet_adj': 2, 'reason': 'rel_win1=58.5%（本命度） / 最有力組み合わせ確率: 0.064（推定実オッズ?21倍） / 2着集中度: 上位2艇 61.0%（補正+0.00） / 総合判定確率: 0.064 / → ヒモ分散。1号艇1着固定で広めのヒモ流し推奨（買い目+2点）', 'tenji_trigger': '展示確認: ヒモ分散レース。1号艇伸び確認後、広めのヒモ流しを採用。穴ヒモ（5・6号艇）を積極的に含める。\n展示で1号艇スタート超安定(0.110秒)→ヒモ固まり方向に注意'}",,,28,逃げ狙い,19.17,27.2,4,,,,,,,,,,,
2025-06-29,丸亀,10,6,宮村勇哉,B1,30.00,6,,2.7383,0.6,41,10,0.1862,4.1625,,,0,低,96,0,ま0%,151 14,0,32.1,0.8311,0,0,0.05,0,0,0.25,0.0833,0.25,,,D,,,0.1381,0.583,,0.7683,S,81,0,◎1着固定 2-3着流し（5〜8点）,0.5777,"{'is_target': True, 'verdict': '参加推奨', 'max_combo_prob': 0.0643, 'est_top_odds': 20.8, 'circle_concentration': 61.0, 'eligible_count': 6, 'bet_adj': 2, 'reason': 'rel_win1=58.5%（本命度） / 最有力組み合わせ確率: 0.064（推定実オッズ?21倍） / 2着集中度: 上位2艇 61.0%（補正+0.00） / 総合判定確率: 0.064 / → ヒモ分散。1号艇1着固定で広めのヒモ流し推奨（買い目+2点）', 'tenji_trigger': '展示確認: ヒモ分散レース。1号艇伸び確認後、広めのヒモ流しを採用。穴ヒモ（5・6号艇）を積極的に含める。\n展示で1号艇スタート超安定(0.110秒)→ヒモ固まり方向に注意'}",,,28,逃げ狙い,19.17,27.2,4,,,,,,,,,,,
2025-06-29,丸亀,11,1,杉山裕也,A1,26.25,1,◎,53.4982,,0,96,0.1536,2.9868,,,0,低,84,0,逃1%,353322,0,64.9,1.1976,0.6562,,,,,0,0.2625,0.1375,◎,,E,△,,,0.6625,,0.4877,A,76,0,◎-○軸 3着3〜4艇流し（10〜15点）,0.5777,"{'is_target': True, 'verdict': '参加推奨', 'max_combo_prob': 0.0744, 'est_top_odds': 17.9, 'circle_concentration': 71.0, 'eligible_count': 8, 'bet_adj': 2, 'reason': 'rel_win1=53.5%（本命度） / 最有力組み合わせ確率: 0.074（推定実オッズ?18倍） / 2着集中度: 上位2艇 71.0%（補正+0.04） / 総合判定確率: 0.114 / → ヒモ分散。1号艇1着固定で広めのヒモ流し推奨（買い目+2点）', 'tenji_trigger': '展示確認: ヒモ分散レース。1号艇伸び確認後、広めのヒモ流しを採用。穴ヒモ（5・6号艇）を積極的に含める。'}",,,31.9,逃げ狙い,28.81,30.1,2,,,,,0,0,0.7559,0,,逃げ軸流し,A
2025-06-29,丸亀,11,2,菊地孝平,A1,39.06,2,○,16.792,49.4,74,93.8,0.1119,2.3125,,,0,低,10,0,差0% ま0%,31235,0,94.1,1.4998,0,0.2,0.2,0,0,0.12,0.04,0.02,,◎,B,◎,,0.6,0.82,,0.4877,A,76,0,◎-○軸 3着3〜4艇流し（10〜15点）,0.5777,"{'is_target': True, 'verdict': '参加推奨', 'max_combo_prob': 0.0744, 'est_top_odds': 17.9, 'circle_concentration': 71.0, 'eligible_count': 8, 'bet_adj': 2, 'reason': 'rel_win1=53.5%（本命度） / 最有力組み合わせ確率: 0.074（推定実オッズ?18倍） / 2着集中度: 上位2艇 71.0%（補正+0.04） / 総合判定確率: 0.114 / → ヒモ分散。1号艇1着固定で広めのヒモ流し推奨（買い目+2点）', 'tenji_trigger': '展示確認: ヒモ分散レース。1号艇伸び確認後、広めのヒモ流しを採用。穴ヒモ（5・6号艇）を積極的に含める。'}",,,31.9,逃げ狙い,28.81,30.1,2,,,,,,,,,,,
2025-06-29,丸亀,11,3,藤山雅弘,B1,42.46,3,▲,11.9185,21.6,90,61.1,0.1569,3.1944,,,0,低,135,0,-,413 14,0,100,2.4137,0,0.087,0.1739,0,0,0.2371,0,0.0143,,,A,,,0.2944,0.6125,,0.4877,A,76,0,◎-○軸 3着3〜4艇流し（10〜15点）,0.5777,"{'is_target': True, 'verdict': '参加推奨', 'max_combo_prob': 0.0744, 'est_top_odds': 17.9, 'circle_concentration': 71.0, 'eligible_count': 8, 'bet_adj': 2, 'reason': 'rel_win1=53.5%（本命度） / 最有力組み合わせ確率: 0.074（推定実オッズ?18倍） / 2着集中度: 上位2艇 71.0%（補正+0.04） / 総合判定確率: 0.114 / → ヒモ分散。1号艇1着固定で広めのヒモ流し推奨（買い目+2点）', 'tenji_trigger': '展示確認: ヒモ分散レース。1号艇伸び確認後、広めのヒモ流しを採用。穴ヒモ（5・6号艇）を積極的に含める。'}",,,31.9,逃げ狙い,28.81,30.1,2,,,,,,,,,,,
2025-06-29,丸亀,11,4,古田祐貴,B1,29.44,4,,5.1859,9.9,100,56.1,0.1494,2.9545,,,0,低,105,0,ま0%,2 152,0,45,1.4336,0,0.0333,0.0333,0,0,0.2088,0.1971,0.1338,,,D,,○,0.2971,0.6265,0.2683,0.4877,A,76,0,◎-○軸 3着3〜4艇流し（10〜15点）,0.5777,"{'is_target': True, 'verdict': '参加推奨', 'max_combo_prob': 0.0744, 'est_top_odds': 17.9, 'circle_concentration': 71.0, 'eligible_count': 8, 'bet_adj': 2, 'reason': 'rel_win1=53.5%（本命度） / 最有力組み合わせ確率: 0.074（推定実オッズ?18倍） / 2着集中度: 上位2艇 71.0%（補正+0.04） / 総合判定確率: 0.114 / → ヒモ分散。1号艇1着固定で広めのヒモ流し推奨（買い目+2点）', 'tenji_trigger': '展示確認: ヒモ分散レース。1号艇伸び確認後、広めのヒモ流しを採用。穴ヒモ（5・6号艇）を積極的に含める。'}",,,31.9,逃げ狙い,28.81,30.1,2,,,,,,,,,,,
2025-06-29,丸亀,11,5,村岡賢人,A1,34.43,5,△,9.2032,11.8,99,68.2,0.1225,2.6818,,,0,低,30,0,差ま0% 抜0%,1 3114,0,51.7,1.921,0,0,0,0.2667,0.0667,0.0148,0.1644,0.1941,,○,C,○,◎,0.4392,0.805,0.5437,0.4877,A,76,0,◎-○軸 3着3〜4艇流し（10〜15点）,0.5777,"{'is_target': True, 'verdict': '参加推奨', 'max_combo_prob': 0.0744, 'est_top_odds': 17.9, 'circle_concentration': 71.0, 'eligible_count': 8, 'bet_adj': 2, 'reason': 'rel_win1=53.5%（本命度） / 最有力組み合わせ確率: 0.074（推定実オッズ?18倍） / 2着集中度: 上位2艇 71.0%（補正+0.04） / 総合判定確率: 0.114 / → ヒモ分散。1号艇1着固定で広めのヒモ流し推奨（買い目+2点）', 'tenji_trigger': '展示確認: ヒモ分散レース。1号艇伸び確認後、広めのヒモ流しを採用。穴ヒモ（5・6号艇）を積極的に含める。'}",,,31.9,逃げ狙い,28.81,30.1,2,,,,,,,,,,,
2025-06-29,丸亀,11,6,佐々木完,A1,30.81,6,,3.4023,7.3,66,68,0.17,3.82,,,0,低,55,0,差ま0% 抜0%,56251,0,100,2.5097,0,0,0,0.0909,0.0909,0.0222,0.0222,0.2667,,,D,△,,0.2381,0.632,,0.4877,A,76,0,◎-○軸 3着3〜4艇流し（10〜15点）,0.5777,"{'is_target': True, 'verdict': '参加推奨', 'max_combo_prob': 0.0744, 'est_top_odds': 17.9, 'circle_concentration': 71.0, 'eligible_count': 8, 'bet_adj': 2, 'reason': 'rel_win1=53.5%（本命度） / 最有力組み合わせ確率: 0.074（推定実オッズ?18倍） / 2着集中度: 上位2艇 71.0%（補正+0.04） / 総合判定確率: 0.114 / → ヒモ分散。1号艇1着固定で広めのヒモ流し推奨（買い目+2点）', 'tenji_trigger': '展示確認: ヒモ分散レース。1号艇伸び確認後、広めのヒモ流しを採用。穴ヒモ（5・6号艇）を積極的に含める。'}",,,31.9,逃げ狙い,28.81,30.1,2,,,,,,,,,,,
2025-06-29,丸亀,12,1,山田祐也,A1,26.17,1,◎,54.9266,,0,98.2,0.1409,2.8611,,,0,低,53,0,逃1%,12322,0,75.9,1.0382,0.7727,,,,,0,0.0455,0.1364,◎,,E,○,,,0.663,,0.5876,S,84,0,◎1着固定 2-3着流し（5〜8点）,0.5777,"{'is_target': True, 'verdict': '参加推奨', 'max_combo_prob': 0.0612, 'est_top_odds': 21.8, 'circle_concentration': 67.8, 'eligible_count': 6, 'bet_adj': 2, 'reason': 'rel_win1=54.9%（本命度） / 最有力組み合わせ確率: 0.061（推定実オッズ?22倍） / 2着集中度: 上位2艇 67.8%（補正+0.00） / 総合判定確率: 0.061 / → ヒモ分散。1号艇1着固定で広めのヒモ流し推奨（買い目+2点）', 'tenji_trigger': '展示確認: ヒモ分散レース。1号艇伸び確認後、広めのヒモ流しを採用。穴ヒモ（5・6号艇）を積極的に含める。'}",,,30.2,逃げ狙い,30.76,23.5,3,,,,,0,0,0.7559,0,,逃げ軸流し,A
2025-06-29,丸亀,12,2,吉川晴人,B1,38.04,2,,9.0337,29.9,83,50,0.1664,3.84,,,0,低,98,0,差0% ま0%,111 33,0,88.8,0.8302,0,0.15,0.05,0,0,0.02,0.02,0.1657,,,C,,,0.0816,0.6235,,0.5876,S,84,0,◎1着固定 2-3着流し（5〜8点）,0.5777,"{'is_target': True, 'verdict': '参加推奨', 'max_combo_prob': 0.0612, 'est_top_odds': 21.8, 'circle_concentration': 67.8, 'eligible_count': 6, 'bet_adj': 2, 'reason': 'rel_win1=54.9%（本命度） / 最有力組み合わせ確率: 0.061（推定実オッズ?22倍） / 2着集中度: 上位2艇 67.8%（補正+0.00） / 総合判定確率: 0.061 / → ヒモ分散。1号艇1着固定で広めのヒモ流し推奨（買い目+2点）', 'tenji_trigger': '展示確認: ヒモ分散レース。1号艇伸び確認後、広めのヒモ流しを採用。穴ヒモ（5・6号艇）を積極的に含める。'}",,,30.2,逃げ狙い,30.76,23.5,3,,,,,,,,,,,
2025-06-29,丸亀,12,3,豊田健士,A1,33.51,3,,16.4721,37.9,55,80.7,0.1468,3.1613,,,0,低,48,0,差0% ま0%,241 11,0,77.1,1.5606,0,0.1429,0.0714,0,0,0.0952,0.0952,0.0952,,,D,△,,0.2743,0.6615,,0.5876,S,84,0,◎1着固定 2-3着流し（5〜8点）,0.5777,"{'is_target': True, 'verdict': '参加推奨', 'max_combo_prob': 0.0612, 'est_top_odds': 21.8, 'circle_concentration': 67.8, 'eligible_count': 6, 'bet_adj': 2, 'reason': 'rel_win1=54.9%（本命度） / 最有力組み合わせ確率: 0.061（推定実オッズ?22倍） / 2着集中度: 上位2艇 67.8%（補正+0.00） / 総合判定確率: 0.061 / → ヒモ分散。1号艇1着固定で広めのヒモ流し推奨（買い目+2点）', 'tenji_trigger': '展示確認: ヒモ分散レース。1号艇伸び確認後、広めのヒモ流しを採用。穴ヒモ（5・6号艇）を積極的に含める。'}",,,30.2,逃げ狙い,30.76,23.5,3,,,,,,,,,,,
2025-06-29,丸亀,12,4,中村晃朋,A1,49.15,4,▲,9.6252,18.5,100,63.9,0.1389,3.2917,,,0,低,56,0,差0%,4 1135,0,75.5,1.3974,0,0.1429,0,0,0,0.1745,0,0.1564,,,A,◎,○,0.3099,0.678,0.3091,0.5876,S,84,0,◎1着固定 2-3着流し（5〜8点）,0.5777,"{'is_target': True, 'verdict': '参加推奨', 'max_combo_prob': 0.0612, 'est_top_odds': 21.8, 'circle_concentration': 67.8, 'eligible_count': 6, 'bet_adj': 2, 'reason': 'rel_win1=54.9%（本命度） / 最有力組み合わせ確率: 0.061（推定実オッズ?22倍） / 2着集中度: 上位2艇 67.8%（補正+0.00） / 総合判定確率: 0.061 / → ヒモ分散。1号艇1着固定で広めのヒモ流し推奨（買い目+2点）', 'tenji_trigger': '展示確認: ヒモ分散レース。1号艇伸び確認後、広めのヒモ流しを採用。穴ヒモ（5・6号艇）を積極的に含める。'}",,,30.2,逃げ狙い,30.76,23.5,3,,,,,,,,,,,
2025-06-29,丸亀,12,5,垂水　悠,B1,38.17,5,○,9.1408,9.2,67,43.2,0.1159,2.3243,,,0,低,36,0,ま0% 差ま0%,3 261,0,75.2,1.384,0,0,0.1176,0.1176,0,0.3077,0.2308,0.2308,,,B,△,◎,0.3953,0.632,0.3701,0.5876,S,84,0,◎1着固定 2-3着流し（5〜8点）,0.5777,"{'is_target': True, 'verdict': '参加推奨', 'max_combo_prob': 0.0612, 'est_top_odds': 21.8, 'circle_concentration': 67.8, 'eligible_count': 6, 'bet_adj': 2, 'reason': 'rel_win1=54.9%（本命度） / 最有力組み合わせ確率: 0.061（推定実オッズ?22倍） / 2着集中度: 上位2艇 67.8%（補正+0.00） / 総合判定確率: 0.061 / → ヒモ分散。1号艇1着固定で広めのヒモ流し推奨（買い目+2点）', 'tenji_trigger': '展示確認: ヒモ分散レース。1号艇伸び確認後、広めのヒモ流しを採用。穴ヒモ（5・6号艇）を積極的に含める。'}",,,30.2,逃げ狙い,30.76,23.5,3,,,,,,,,,,,
2025-06-29,丸亀,12,6,中野仁照,A1,34.74,6,△,0.8016,4.5,90,43.8,0.1378,3.0625,,,0,低,35,0,-,2 1262,0,34.9,1.69,,,,,,0,0,0.3636,,,D,,,0.3193,0.623,,0.5876,S,84,0,◎1着固定 2-3着流し（5〜8点）,0.5777,"{'is_target': True, 'verdict': '参加推奨', 'max_combo_prob': 0.0612, 'est_top_odds': 21.8, 'circle_concentration': 67.8, 'eligible_count': 6, 'bet_adj': 2, 'reason': 'rel_win1=54.9%（本命度） / 最有力組み合わせ確率: 0.061（推定実オッズ?22倍） / 2着集中度: 上位2艇 67.8%（補正+0.00） / 総合判定確率: 0.061 / → ヒモ分散。1号艇1着固定で広めのヒモ流し推奨（買い目+2点）', 'tenji_trigger': '展示確認: ヒモ分散レース。1号艇伸び確認後、広めのヒモ流しを採用。穴ヒモ（5・6号艇）を積極的に含める。'}",,,30.2,逃げ狙い,30.76,23.5,3,,,,,,,,,,,
2025-07-12,丸亀,1,1,木村光宏,B1,42.11,1,◎,57.1225,,0,71.7,0.1528,3.2283,,,0,低,99,0,逃0%,,0,61.9,0.9391,0.3333,,,,,0.3952,0.3571,0.0571,○,,B,△,,,0.6335,,0.4459,A,64,0,◎-○軸 3着3〜4艇流し（10〜15点）,0.5777,"{'is_target': True, 'verdict': '参加推奨', 'max_combo_prob': 0.09, 'est_top_odds': 14.8, 'circle_concentration': 69.9, 'eligible_count': 8, 'bet_adj': 2, 'reason': 'rel_win1=57.1%（本命度） / 最有力組み合わせ確率: 0.090（推定実オッズ?15倍） / 2着集中度: 上位2艇 69.9%（補正+0.00） / 総合判定確率: 0.090 / → ヒモ分散。1号艇1着固定で広めのヒモ流し推奨（買い目+2点）', 'tenji_trigger': '展示確認: ヒモ分散レース。1号艇伸び確認後、広めのヒモ流しを採用。穴ヒモ（5・6号艇）を積極的に含める。'}",,,32.5,両建て推奨,15.23,43.2,3,,,,,0,0,0.6155,0,,主役軸流し,B
2025-07-12,丸亀,1,2,佃　來紀,B1,35.75,2,○,12.588,47.6,74,44,0.1544,3.5,,,0,低,88,0,差0%,,0,69.6,0.7581,0,0.0588,0,0,0,0.0308,0.0615,0.0308,,◎,C,△,,0.3553,0.6245,,0.4459,A,64,0,◎-○軸 3着3〜4艇流し（10〜15点）,0.5777,"{'is_target': True, 'verdict': '参加推奨', 'max_combo_prob': 0.09, 'est_top_odds': 14.8, 'circle_concentration': 69.9, 'eligible_count': 8, 'bet_adj': 2, 'reason': 'rel_win1=57.1%（本命度） / 最有力組み合わせ確率: 0.090（推定実オッズ?15倍） / 2着集中度: 上位2艇 69.9%（補正+0.00） / 総合判定確率: 0.090 / → ヒモ分散。1号艇1着固定で広めのヒモ流し推奨（買い目+2点）', 'tenji_trigger': '展示確認: ヒモ分散レース。1号艇伸び確認後、広めのヒモ流しを採用。穴ヒモ（5・6号艇）を積極的に含める。'}",,,32.5,両建て推奨,15.23,43.2,3,,,,,,,,,,,
2025-07-12,丸亀,1,3,前原　哉,B1,32.09,3,,8.6654,22.3,53,30.9,0.1979,4.119,,,0,低,107,0,-,,0,53.1,1.3965,0,0.0833,0,0,0,0,0.4286,0.1429,,,D,,,0.1734,0.5705,,0.4459,A,64,0,◎-○軸 3着3〜4艇流し（10〜15点）,0.5777,"{'is_target': True, 'verdict': '参加推奨', 'max_combo_prob': 0.09, 'est_top_odds': 14.8, 'circle_concentration': 69.9, 'eligible_count': 8, 'bet_adj': 2, 'reason': 'rel_win1=57.1%（本命度） / 最有力組み合わせ確率: 0.090（推定実オッズ?15倍） / 2着集中度: 上位2艇 69.9%（補正+0.00） / 総合判定確率: 0.090 / → ヒモ分散。1号艇1着固定で広めのヒモ流し推奨（買い目+2点）', 'tenji_trigger': '展示確認: ヒモ分散レース。1号艇伸び確認後、広めのヒモ流しを採用。穴ヒモ（5・6号艇）を積極的に含める。'}",,,32.5,両建て推奨,15.23,43.2,3,,,,,,,,,,,
2025-07-12,丸亀,1,4,北川幸典,B1,33.88,4,,12.2383,18.5,100,48.6,0.1646,2.8,,,0,低,79,0,-,,0,92.1,1.6898,0,0,0.0769,0,0,0.3125,0.125,0.1875,,,D,,,0.3048,0.5995,,0.4459,A,64,0,◎-○軸 3着3〜4艇流し（10〜15点）,0.5777,"{'is_target': True, 'verdict': '参加推奨', 'max_combo_prob': 0.09, 'est_top_odds': 14.8, 'circle_concentration': 69.9, 'eligible_count': 8, 'bet_adj': 2, 'reason': 'rel_win1=57.1%（本命度） / 最有力組み合わせ確率: 0.090（推定実オッズ?15倍） / 2着集中度: 上位2艇 69.9%（補正+0.00） / 総合判定確率: 0.090 / → ヒモ分散。1号艇1着固定で広めのヒモ流し推奨（買い目+2点）', 'tenji_trigger': '展示確認: ヒモ分散レース。1号艇伸び確認後、広めのヒモ流しを採用。穴ヒモ（5・6号艇）を積極的に含める。'}",,,32.5,両建て推奨,15.23,43.2,3,,,,,,,,,,,
2025-07-12,丸亀,1,5,尾崎雄二,B1,42.11,5,△,5.8862,5.1,64,26.5,0.1674,3.8824,,,0,低,133,0,-,,0,27.4,0.7143,0,0,0,0.1111,0,0.1667,0.1667,0.0556,,,B,○,,0.3068,0.6365,,0.4459,A,64,0,◎-○軸 3着3〜4艇流し（10〜15点）,0.5777,"{'is_target': True, 'verdict': '参加推奨', 'max_combo_prob': 0.09, 'est_top_odds': 14.8, 'circle_concentration': 69.9, 'eligible_count': 8, 'bet_adj': 2, 'reason': 'rel_win1=57.1%（本命度） / 最有力組み合わせ確率: 0.090（推定実オッズ?15倍） / 2着集中度: 上位2艇 69.9%（補正+0.00） / 総合判定確率: 0.090 / → ヒモ分散。1号艇1着固定で広めのヒモ流し推奨（買い目+2点）', 'tenji_trigger': '展示確認: ヒモ分散レース。1号艇伸び確認後、広めのヒモ流しを採用。穴ヒモ（5・6号艇）を積極的に含める。'}",,,32.5,両建て推奨,15.23,43.2,3,,,,,,,,,,,
2025-07-12,丸亀,1,6,鈴木裕隆,B1,46.84,6,▲,3.4996,6.5,85,36.7,0.1712,3.4417,,,0,低,149,0,-,,0,27.4,1.4553,,,,,,0.2903,0.2274,0.0887,,,A,◎,,0.3065,0.661,,0.4459,A,64,0,◎-○軸 3着3〜4艇流し（10〜15点）,0.5777,"{'is_target': True, 'verdict': '参加推奨', 'max_combo_prob': 0.09, 'est_top_odds': 14.8, 'circle_concentration': 69.9, 'eligible_count': 8, 'bet_adj': 2, 'reason': 'rel_win1=57.1%（本命度） / 最有力組み合わせ確率: 0.090（推定実オッズ?15倍） / 2着集中度: 上位2艇 69.9%（補正+0.00） / 総合判定確率: 0.090 / → ヒモ分散。1号艇1着固定で広めのヒモ流し推奨（買い目+2点）', 'tenji_trigger': '展示確認: ヒモ分散レース。1号艇伸び確認後、広めのヒモ流しを採用。穴ヒモ（5・6号艇）を積極的に含める。'}",,,32.5,両建て推奨,15.23,43.2,3,,,,,,,,,,,
2025-07-12,丸亀,2,1,鈴木賢一,B1,27.78,1,◎,56.5757,,0,92.9,0.138,2.75,,,0,低,131,0,逃0%,,0,88.7,1.1775,0.4091,,,,,0.3091,0.0364,0.0727,◎,,D,△,,,0.6275,,0.5295,S,92,0,◎1着固定 2-3着流し（5〜8点）,0.5777,"{'is_target': True, 'verdict': '参加推奨', 'max_combo_prob': 0.0781, 'est_top_odds': 17.1, 'circle_concentration': 68.3, 'eligible_count': 6, 'bet_adj': 2, 'reason': 'rel_win1=56.6%（本命度） / 最有力組み合わせ確率: 0.078（推定実オッズ?17倍） / 2着集中度: 上位2艇 68.3%（補正+0.00） / 総合判定確率: 0.078 / → ヒモ分散。1号艇1着固定で広めのヒモ流し推奨（買い目+2点）', 'tenji_trigger': '展示確認: ヒモ分散レース。1号艇伸び確認後、広めのヒモ流しを採用。穴ヒモ（5・6号艇）を積極的に含める。\n展示で1号艇スタート超安定(0.138秒)→ヒモ固まり方向に注意'}",,,27.5,逃げ狙い,11.33,32.5,5,,,,,0,0,0.7559,0,,逃げ軸流し,A
2025-07-12,丸亀,2,2,野相弘司,B1,25.44,2,,12.8291,43.5,73,50.9,0.1715,3.7182,,,0,低,120,0,-,,0,79.7,1.5141,0,0.0435,0.0435,0,0,0.1896,0.1548,0.087,,,E,△,,0.1053,0.6095,,0.5295,S,92,0,◎1着固定 2-3着流し（5〜8点）,0.5777,"{'is_target': True, 'verdict': '参加推奨', 'max_combo_prob': 0.0781, 'est_top_odds': 17.1, 'circle_concentration': 68.3, 'eligible_count': 6, 'bet_adj': 2, 'reason': 'rel_win1=56.6%（本命度） / 最有力組み合わせ確率: 0.078（推定実オッズ?17倍） / 2着集中度: 上位2艇 68.3%（補正+0.00） / 総合判定確率: 0.078 / → ヒモ分散。1号艇1着固定で広めのヒモ流し推奨（買い目+2点）', 'tenji_trigger': '展示確認: ヒモ分散レース。1号艇伸び確認後、広めのヒモ流しを採用。穴ヒモ（5・6号艇）を積極的に含める。\n展示で1号艇スタート超安定(0.138秒)→ヒモ固まり方向に注意'}",,,27.5,逃げ狙い,11.33,32.5,5,,,,,,,,,,,
2025-07-12,丸亀,2,3,塩田雄一,B1,45.74,3,○,11.182,24.8,96,50.8,0.1792,3.8077,,,0,低,147,0,-,,0,55.9,1.2771,0,0,0.0455,0,0,0.4143,0.0952,0.2071,,,A,,,0.1322,0.5565,,0.5295,S,92,0,◎1着固定 2-3着流し（5〜8点）,0.5777,"{'is_target': True, 'verdict': '参加推奨', 'max_combo_prob': 0.0781, 'est_top_odds': 17.1, 'circle_concentration': 68.3, 'eligible_count': 6, 'bet_adj': 2, 'reason': 'rel_win1=56.6%（本命度） / 最有力組み合わせ確率: 0.078（推定実オッズ?17倍） / 2着集中度: 上位2艇 68.3%（補正+0.00） / 総合判定確率: 0.078 / → ヒモ分散。1号艇1着固定で広めのヒモ流し推奨（買い目+2点）', 'tenji_trigger': '展示確認: ヒモ分散レース。1号艇伸び確認後、広めのヒモ流しを採用。穴ヒモ（5・6号艇）を積極的に含める。\n展示で1号艇スタート超安定(0.138秒)→ヒモ固まり方向に注意'}",,,27.5,逃げ狙い,11.33,32.5,5,,,,,,,,,,,
2025-07-12,丸亀,2,4,増本杏珠,B1,31.22,4,,7.2819,7.4,100,9.1,0.1973,4.4091,,,0,低,74,0,-,,0,19.9,0.6511,,,,,,0.1667,0.5,0.1667,,,C,,,0.1439,0.5195,,0.5295,S,92,0,◎1着固定 2-3着流し（5〜8点）,0.5777,"{'is_target': True, 'verdict': '参加推奨', 'max_combo_prob': 0.0781, 'est_top_odds': 17.1, 'circle_concentration': 68.3, 'eligible_count': 6, 'bet_adj': 2, 'reason': 'rel_win1=56.6%（本命度） / 最有力組み合わせ確率: 0.078（推定実オッズ?17倍） / 2着集中度: 上位2艇 68.3%（補正+0.00） / 総合判定確率: 0.078 / → ヒモ分散。1号艇1着固定で広めのヒモ流し推奨（買い目+2点）', 'tenji_trigger': '展示確認: ヒモ分散レース。1号艇伸び確認後、広めのヒモ流しを採用。穴ヒモ（5・6号艇）を積極的に含める。\n展示で1号艇スタート超安定(0.138秒)→ヒモ固まり方向に注意'}",,,27.5,逃げ狙い,11.33,32.5,5,,,,,,,,,,,
2025-07-12,丸亀,2,5,吉村　誠,A2,30.61,5,▲,10.7938,19.8,90,50.9,0.1302,2.7358,,,0,低,86,0,差ま0% 抜0%,,0,90.7,1.6352,0,0,0,0.2353,0.0588,0.0098,0.0195,0.1735,,,D,◎,◎,0.3591,0.675,0.5195,0.5295,S,92,0,◎1着固定 2-3着流し（5〜8点）,0.5777,"{'is_target': True, 'verdict': '参加推奨', 'max_combo_prob': 0.0781, 'est_top_odds': 17.1, 'circle_concentration': 68.3, 'eligible_count': 6, 'bet_adj': 2, 'reason': 'rel_win1=56.6%（本命度） / 最有力組み合わせ確率: 0.078（推定実オッズ?17倍） / 2着集中度: 上位2艇 68.3%（補正+0.00） / 総合判定確率: 0.078 / → ヒモ分散。1号艇1着固定で広めのヒモ流し推奨（買い目+2点）', 'tenji_trigger': '展示確認: ヒモ分散レース。1号艇伸び確認後、広めのヒモ流しを採用。穴ヒモ（5・6号艇）を積極的に含める。\n展示で1号艇スタート超安定(0.138秒)→ヒモ固まり方向に注意'}",,,27.5,逃げ狙い,11.33,32.5,5,,,,,,,,,,,
2025-07-12,丸亀,2,6,武重雄介,A1,43.68,6,△,1.3375,4.5,29,18.2,0.19,4.7545,,,0,低,119,0,-,,0,40.9,0.8867,,,,,,0.1657,0,0.0343,,,B,○,,0.1477,0.6375,,0.5295,S,92,0,◎1着固定 2-3着流し（5〜8点）,0.5777,"{'is_target': True, 'verdict': '参加推奨', 'max_combo_prob': 0.0781, 'est_top_odds': 17.1, 'circle_concentration': 68.3, 'eligible_count': 6, 'bet_adj': 2, 'reason': 'rel_win1=56.6%（本命度） / 最有力組み合わせ確率: 0.078（推定実オッズ?17倍） / 2着集中度: 上位2艇 68.3%（補正+0.00） / 総合判定確率: 0.078 / → ヒモ分散。1号艇1着固定で広めのヒモ流し推奨（買い目+2点）', 'tenji_trigger': '展示確認: ヒモ分散レース。1号艇伸び確認後、広めのヒモ流しを採用。穴ヒモ（5・6号艇）を積極的に含める。\n展示で1号艇スタート超安定(0.138秒)→ヒモ固まり方向に注意'}",,,27.5,逃げ狙い,11.33,32.5,5,,,,,,,,,,,
2025-07-12,丸亀,3,1,大町利克,B1,30.89,1,◎,43.7365,,0,70.2,0.167,3.5213,,,0,低,176,0,-,,0,100,2.2709,0.3684,,,,,0.3453,0.0842,0.1621,○,,D,,,,0.5545,,0.3496,B,47,0,◎○△フォーメーション（15〜20点）,0.5777,"{'is_target': False, 'verdict': '対象外', 'max_combo_prob': None, 'est_top_odds': None, 'circle_concentration': None, 'eligible_count': 0, 'bet_adj': 0, 'reason': '1号艇rel_win1 < 45%: 通常判定に委ねる', 'tenji_trigger': ''}",,,35.1,両建て推奨,30.36,37.8,6,,,,,0,0,0.6155,0,,主役軸流し,B
2025-07-12,丸亀,3,2,坂口貴彦,B1,29.56,2,,11.3367,33.4,100,61.3,0.1842,3.9758,,,0,低,134,0,-,,0,23.2,0.7753,0,0.125,0,0,0,0.0471,0.1235,0.1471,,,D,△,,0.2082,0.591,,0.3496,B,47,0,◎○△フォーメーション（15〜20点）,0.5777,"{'is_target': False, 'verdict': '対象外', 'max_combo_prob': None, 'est_top_odds': None, 'circle_concentration': None, 'eligible_count': 0, 'bet_adj': 0, 'reason': '1号艇rel_win1 < 45%: 通常判定に委ねる', 'tenji_trigger': ''}",,,35.1,両建て推奨,30.36,37.8,6,,,,,,,,,,,
2025-07-12,丸亀,3,3,山下友貴,B1,28.88,3,,9.5625,23.1,94,63.6,0.1906,4,,,0,低,98,0,差0% 差ま0%,,0,69.3,1.1008,0,0.0556,0,0.0556,0,0.0308,0.1615,0.1615,,,E,,,0.1985,0.5825,,0.3496,B,47,0,◎○△フォーメーション（15〜20点）,0.5777,"{'is_target': False, 'verdict': '対象外', 'max_combo_prob': None, 'est_top_odds': None, 'circle_concentration': None, 'eligible_count': 0, 'bet_adj': 0, 'reason': '1号艇rel_win1 < 45%: 通常判定に委ねる', 'tenji_trigger': ''}",,,35.1,両建て推奨,30.36,37.8,6,,,,,,,,,,,
2025-07-12,丸亀,3,4,川原祐明,A1,37.91,4,○,20.5261,33.6,58,66.1,0.1564,3.2768,,,0,低,110,0,-,,0,64.5,1.36,0,0.037,0.037,0.1481,0.037,0.0276,0.1014,0.0138,,,B,△,◎,0.3628,0.6185,0.4005,0.3496,B,47,0,◎○△フォーメーション（15〜20点）,0.5777,"{'is_target': False, 'verdict': '対象外', 'max_combo_prob': None, 'est_top_odds': None, 'circle_concentration': None, 'eligible_count': 0, 'bet_adj': 0, 'reason': '1号艇rel_win1 < 45%: 通常判定に委ねる', 'tenji_trigger': ''}",,,35.1,両建て推奨,30.36,37.8,6,,,,,,,,,,,
2025-07-12,丸亀,3,5,松江秀徳,A2,33.16,5,▲,12.0699,6.5,61,36.2,0.1483,3.1277,,,0,低,115,0,-,,0,36.6,1.4338,0,0,0.0455,0.0455,0,0.0353,0.0471,0.1456,,,C,○,○,0.3599,0.6255,0.3114,0.3496,B,47,0,◎○△フォーメーション（15〜20点）,0.5777,"{'is_target': False, 'verdict': '対象外', 'max_combo_prob': None, 'est_top_odds': None, 'circle_concentration': None, 'eligible_count': 0, 'bet_adj': 0, 'reason': '1号艇rel_win1 < 45%: 通常判定に委ねる', 'tenji_trigger': ''}",,,35.1,両建て推奨,30.36,37.8,6,,,,,,,,,,,
2025-07-12,丸亀,3,6,藤丸光一,B1,49.73,6,△,2.7683,3.4,43,100,0.18,1,,,0,低,102,1,-,,0,100,3.4706,,,,,,0.2706,0.2941,0.1941,,,A,◎,,0.2841,0.6295,,0.3496,B,47,0,◎○△フォーメーション（15〜20点）,0.5777,"{'is_target': False, 'verdict': '対象外', 'max_combo_prob': None, 'est_top_odds': None, 'circle_concentration': None, 'eligible_count': 0, 'bet_adj': 0, 'reason': '1号艇rel_win1 < 45%: 通常判定に委ねる', 'tenji_trigger': ''}",,,35.1,両建て推奨,30.36,37.8,6,,,,,,,,,,,
2025-07-12,丸亀,4,1,塩崎優司,B1,38.97,1,◎,56.2423,,0,71.4,0.1321,2.869,,,0,低,128,0,逃0%,,0,62.1,0.9544,0.4667,,,,,0.0533,0.1657,0.0533,◎,,D,,,,0.591,,0.5536,A,67,0,◎-○軸 3着3〜4艇流し（10〜15点）,0.5777,"{'is_target': True, 'verdict': '参加推奨', 'max_combo_prob': 0.0919, 'est_top_odds': 14.5, 'circle_concentration': 63.8, 'eligible_count': 8, 'bet_adj': 2, 'reason': 'rel_win1=56.2%（本命度） / 最有力組み合わせ確率: 0.092（推定実オッズ?14倍） / 2着集中度: 上位2艇 63.8%（補正+0.00） / 総合判定確率: 0.092 / → ヒモ分散。1号艇1着固定で広めのヒモ流し推奨（買い目+2点）', 'tenji_trigger': '展示確認: ヒモ分散レース。1号艇伸び確認後、広めのヒモ流しを採用。穴ヒモ（5・6号艇）を積極的に含める。\n展示で1号艇スタート超安定(0.132秒)→ヒモ固まり方向に注意'}",,,26.2,逃げ狙い,11.66,28.3,2,,,,,0,0,0.7559,0,,逃げ軸流し,A
2025-07-12,丸亀,4,2,大場広孝,B1,40.21,2,▲,15.8628,42,95,67.6,0.1542,3.3169,,,0,低,117,0,差0%,,0,52.5,1.1245,0,0.0909,0,0,0,0,0.4615,0.1538,,,C,△,,0.099,0.6415,,0.5536,A,67,0,◎-○軸 3着3〜4艇流し（10〜15点）,0.5777,"{'is_target': True, 'verdict': '参加推奨', 'max_combo_prob': 0.0919, 'est_top_odds': 14.5, 'circle_concentration': 63.8, 'eligible_count': 8, 'bet_adj': 2, 'reason': 'rel_win1=56.2%（本命度） / 最有力組み合わせ確率: 0.092（推定実オッズ?14倍） / 2着集中度: 上位2艇 63.8%（補正+0.00） / 総合判定確率: 0.092 / → ヒモ分散。1号艇1着固定で広めのヒモ流し推奨（買い目+2点）', 'tenji_trigger': '展示確認: ヒモ分散レース。1号艇伸び確認後、広めのヒモ流しを採用。穴ヒモ（5・6号艇）を積極的に含める。\n展示で1号艇スタート超安定(0.132秒)→ヒモ固まり方向に注意'}",,,26.2,逃げ狙い,11.66,28.3,2,,,,,,,,,,,
2025-07-12,丸亀,4,3,草場康幸,B1,41.03,3,○,13.0643,21.8,100,61.2,0.1633,3,,,0,低,98,0,-,,0,100,3.1037,0,0,0,0.0435,0,0.21,0.02,0,,,B,○,,0.1279,0.6715,,0.5536,A,67,0,◎-○軸 3着3〜4艇流し（10〜15点）,0.5777,"{'is_target': True, 'verdict': '参加推奨', 'max_combo_prob': 0.0919, 'est_top_odds': 14.5, 'circle_concentration': 63.8, 'eligible_count': 8, 'bet_adj': 2, 'reason': 'rel_win1=56.2%（本命度） / 最有力組み合わせ確率: 0.092（推定実オッズ?14倍） / 2着集中度: 上位2艇 63.8%（補正+0.00） / 総合判定確率: 0.092 / → ヒモ分散。1号艇1着固定で広めのヒモ流し推奨（買い目+2点）', 'tenji_trigger': '展示確認: ヒモ分散レース。1号艇伸び確認後、広めのヒモ流しを採用。穴ヒモ（5・6号艇）を積極的に含める。\n展示で1号艇スタート超安定(0.132秒)→ヒモ固まり方向に注意'}",,,26.2,逃げ狙い,11.66,28.3,2,,,,,,,,,,,
2025-07-12,丸亀,4,4,高木茉白,B2,28.42,4,,6.5982,8,44,0,0.1968,4.4318,,,0,低,70,0,-,,0,100,0.6021,,,,,,0,1,0,,,E,,,0.1384,0.48,,0.5536,A,67,0,◎-○軸 3着3〜4艇流し（10〜15点）,0.5777,"{'is_target': True, 'verdict': '参加推奨', 'max_combo_prob': 0.0919, 'est_top_odds': 14.5, 'circle_concentration': 63.8, 'eligible_count': 8, 'bet_adj': 2, 'reason': 'rel_win1=56.2%（本命度） / 最有力組み合わせ確率: 0.092（推定実オッズ?14倍） / 2着集中度: 上位2艇 63.8%（補正+0.00） / 総合判定確率: 0.092 / → ヒモ分散。1号艇1着固定で広めのヒモ流し推奨（買い目+2点）', 'tenji_trigger': '展示確認: ヒモ分散レース。1号艇伸び確認後、広めのヒモ流しを採用。穴ヒモ（5・6号艇）を積極的に含める。\n展示で1号艇スタート超安定(0.132秒)→ヒモ固まり方向に注意'}",,,26.2,逃げ狙い,11.66,28.3,2,,,,,,,,,,,
2025-07-12,丸亀,4,5,向井美鈴,A2,39.58,5,,3.7549,15.6,62,38.3,0.1787,4.0426,,,0,低,136,0,-,,0,36.1,0.7748,,,,,,0.264,0.048,0.116,,,C,△,,0.1617,0.604,,0.5536,A,67,0,◎-○軸 3着3〜4艇流し（10〜15点）,0.5777,"{'is_target': True, 'verdict': '参加推奨', 'max_combo_prob': 0.0919, 'est_top_odds': 14.5, 'circle_concentration': 63.8, 'eligible_count': 8, 'bet_adj': 2, 'reason': 'rel_win1=56.2%（本命度） / 最有力組み合わせ確率: 0.092（推定実オッズ?14倍） / 2着集中度: 上位2艇 63.8%（補正+0.00） / 総合判定確率: 0.092 / → ヒモ分散。1号艇1着固定で広めのヒモ流し推奨（買い目+2点）', 'tenji_trigger': '展示確認: ヒモ分散レース。1号艇伸び確認後、広めのヒモ流しを採用。穴ヒモ（5・6号艇）を積極的に含める。\n展示で1号艇スタート超安定(0.132秒)→ヒモ固まり方向に注意'}",,,26.2,逃げ狙い,11.66,28.3,2,,,,,,,,,,,
2025-07-12,丸亀,4,6,辻　栄蔵,A1,40.74,6,△,4.4775,12.6,51,66.7,0.1661,3.7222,,,0,低,45,0,差ま0%,,0,30.8,2.5119,0,0,0,0.0345,0,0,0.1699,0.1278,,,B,◎,,0.1708,0.672,,0.5536,A,67,0,◎-○軸 3着3〜4艇流し（10〜15点）,0.5777,"{'is_target': True, 'verdict': '参加推奨', 'max_combo_prob': 0.0919, 'est_top_odds': 14.5, 'circle_concentration': 63.8, 'eligible_count': 8, 'bet_adj': 2, 'reason': 'rel_win1=56.2%（本命度） / 最有力組み合わせ確率: 0.092（推定実オッズ?14倍） / 2着集中度: 上位2艇 63.8%（補正+0.00） / 総合判定確率: 0.092 / → ヒモ分散。1号艇1着固定で広めのヒモ流し推奨（買い目+2点）', 'tenji_trigger': '展示確認: ヒモ分散レース。1号艇伸び確認後、広めのヒモ流しを採用。穴ヒモ（5・6号艇）を積極的に含める。\n展示で1号艇スタート超安定(0.132秒)→ヒモ固まり方向に注意'}",,,26.2,逃げ狙い,11.66,28.3,2,,,,,,,,,,,
2025-07-12,丸亀,5,1,大久保信,B1,27.13,1,◎,52.7075,,0,90.6,0.1372,2.5312,,,0,低,100,0,逃1%,,0,76.8,1.1388,0.6667,,,,,0.2381,0,0.0952,◎,,E,△,,,0.6015,,0.5798,S,83,0,◎1着固定 2-3着流し（5〜8点）,0.5777,"{'is_target': True, 'verdict': '参加推奨', 'max_combo_prob': 0.0601, 'est_top_odds': 22.2, 'circle_concentration': 58.2, 'eligible_count': 6, 'bet_adj': 2, 'reason': 'rel_win1=52.7%（本命度） / 最有力組み合わせ確率: 0.060（推定実オッズ?22倍） / 2着集中度: 上位2艇 58.2%（補正+0.00） / 総合判定確率: 0.060 / → ヒモ分散。1号艇1着固定で広めのヒモ流し推奨（買い目+2点）', 'tenji_trigger': '展示確認: ヒモ分散レース。1号艇伸び確認後、広めのヒモ流しを採用。穴ヒモ（5・6号艇）を積極的に含める。\n展示で1号艇スタート超安定(0.137秒)→ヒモ固まり方向に注意'}",,,27.5,逃げ狙い,14.48,29.8,3,,,,,0,0,0.7559,0,,逃げ軸流し,A
2025-07-12,丸亀,5,2,國弘翔平,B1,35.48,2,,7.678,20.9,75,33.9,0.1758,3.8462,,,0,低,162,0,-,,0,100,0.6062,,,,,,0.1889,0.1741,0.3889,,,B,,,0.0775,0.57,,0.5798,S,83,0,◎1着固定 2-3着流し（5〜8点）,0.5777,"{'is_target': True, 'verdict': '参加推奨', 'max_combo_prob': 0.0601, 'est_top_odds': 22.2, 'circle_concentration': 58.2, 'eligible_count': 6, 'bet_adj': 2, 'reason': 'rel_win1=52.7%（本命度） / 最有力組み合わせ確率: 0.060（推定実オッズ?22倍） / 2着集中度: 上位2艇 58.2%（補正+0.00） / 総合判定確率: 0.060 / → ヒモ分散。1号艇1着固定で広めのヒモ流し推奨（買い目+2点）', 'tenji_trigger': '展示確認: ヒモ分散レース。1号艇伸び確認後、広めのヒモ流しを採用。穴ヒモ（5・6号艇）を積極的に含める。\n展示で1号艇スタート超安定(0.137秒)→ヒモ固まり方向に注意'}",,,27.5,逃げ狙い,14.48,29.8,3,,,,,,,,,,,
2025-07-12,丸亀,5,3,井上大輔,B1,32.28,3,,14.1025,22.3,100,60.9,0.1534,3.0469,,,0,低,121,0,-,,0,39.7,0.9754,0,0.0357,0.1071,0.0357,0,0.22,0.14,0.06,,,D,△,,0.2168,0.6275,,0.5798,S,83,0,◎1着固定 2-3着流し（5〜8点）,0.5777,"{'is_target': True, 'verdict': '参加推奨', 'max_combo_prob': 0.0601, 'est_top_odds': 22.2, 'circle_concentration': 58.2, 'eligible_count': 6, 'bet_adj': 2, 'reason': 'rel_win1=52.7%（本命度） / 最有力組み合わせ確率: 0.060（推定実オッズ?22倍） / 2着集中度: 上位2艇 58.2%（補正+0.00） / 総合判定確率: 0.060 / → ヒモ分散。1号艇1着固定で広めのヒモ流し推奨（買い目+2点）', 'tenji_trigger': '展示確認: ヒモ分散レース。1号艇伸び確認後、広めのヒモ流しを採用。穴ヒモ（5・6号艇）を積極的に含める。\n展示で1号艇スタート超安定(0.137秒)→ヒモ固まり方向に注意'}",,,27.5,逃げ狙い,14.48,29.8,3,,,,,,,,,,,
2025-07-12,丸亀,5,4,前田紗希,A2,45.00,4,○,14.0349,35.9,58,60,0.175,3.025,,,0,低,38,0,差ま0%,,0,69,1.4138,0,0,0,0.125,0,0,0.0909,0.0909,,,A,,,0.157,0.5515,,0.5798,S,83,0,◎1着固定 2-3着流し（5〜8点）,0.5777,"{'is_target': True, 'verdict': '参加推奨', 'max_combo_prob': 0.0601, 'est_top_odds': 22.2, 'circle_concentration': 58.2, 'eligible_count': 6, 'bet_adj': 2, 'reason': 'rel_win1=52.7%（本命度） / 最有力組み合わせ確率: 0.060（推定実オッズ?22倍） / 2着集中度: 上位2艇 58.2%（補正+0.00） / 総合判定確率: 0.060 / → ヒモ分散。1号艇1着固定で広めのヒモ流し推奨（買い目+2点）', 'tenji_trigger': '展示確認: ヒモ分散レース。1号艇伸び確認後、広めのヒモ流しを採用。穴ヒモ（5・6号艇）を積極的に含める。\n展示で1号艇スタート超安定(0.137秒)→ヒモ固まり方向に注意'}",,,27.5,逃げ狙い,14.48,29.8,3,,,,,,,,,,,
2025-07-12,丸亀,5,5,藤田竜弘,A2,34.03,5,△,6.9875,10.1,68,42.3,0.1612,3.3782,,,0,低,145,0,差ま0%,,0,29.9,0.665,0,0.0286,0,0.0286,0,0.3516,0.3161,0.0774,,,C,○,,0.2023,0.6755,,0.5798,S,83,0,◎1着固定 2-3着流し（5〜8点）,0.5777,"{'is_target': True, 'verdict': '参加推奨', 'max_combo_prob': 0.0601, 'est_top_odds': 22.2, 'circle_concentration': 58.2, 'eligible_count': 6, 'bet_adj': 2, 'reason': 'rel_win1=52.7%（本命度） / 最有力組み合わせ確率: 0.060（推定実オッズ?22倍） / 2着集中度: 上位2艇 58.2%（補正+0.00） / 総合判定確率: 0.060 / → ヒモ分散。1号艇1着固定で広めのヒモ流し推奨（買い目+2点）', 'tenji_trigger': '展示確認: ヒモ分散レース。1号艇伸び確認後、広めのヒモ流しを採用。穴ヒモ（5・6号艇）を積極的に含める。\n展示で1号艇スタート超安定(0.137秒)→ヒモ固まり方向に注意'}",,,27.5,逃げ狙い,14.48,29.8,3,,,,,,,,,,,
2025-07-12,丸亀,5,6,柳沢　一,A1,32.64,6,▲,4.4896,10.8,72,61.5,0.1349,2.8205,,,0,低,43,0,差0%,,0,27.9,2.3764,0,0.05,0,0,0,0.0432,0.1074,0.1074,,,D,◎,,0.2923,0.698,,0.5798,S,83,0,◎1着固定 2-3着流し（5〜8点）,0.5777,"{'is_target': True, 'verdict': '参加推奨', 'max_combo_prob': 0.0601, 'est_top_odds': 22.2, 'circle_concentration': 58.2, 'eligible_count': 6, 'bet_adj': 2, 'reason': 'rel_win1=52.7%（本命度） / 最有力組み合わせ確率: 0.060（推定実オッズ?22倍） / 2着集中度: 上位2艇 58.2%（補正+0.00） / 総合判定確率: 0.060 / → ヒモ分散。1号艇1着固定で広めのヒモ流し推奨（買い目+2点）', 'tenji_trigger': '展示確認: ヒモ分散レース。1号艇伸び確認後、広めのヒモ流しを採用。穴ヒモ（5・6号艇）を積極的に含める。\n展示で1号艇スタート超安定(0.137秒)→ヒモ固まり方向に注意'}",,,27.5,逃げ狙い,14.48,29.8,3,,,,,,,,,,,
2025-07-12,丸亀,6,1,秋山広一,A2,29.57,1,◎,65.4284,,0,93.7,0.1343,2.5476,,,0,低,90,0,逃0%,,0,84,1.0334,0.72,,,,,0,0.168,0.168,◎,,D,△,,,0.651,,0.6589,S,97,0,◎1着固定 2-3着流し（5〜8点）,0.5777,"{'is_target': True, 'verdict': '参加推奨', 'max_combo_prob': 0.0807, 'est_top_odds': 16.5, 'circle_concentration': 54.9, 'eligible_count': 6, 'bet_adj': 2, 'reason': 'rel_win1=65.4%（本命度） / 最有力組み合わせ確率: 0.081（推定実オッズ?16倍） / 2着集中度: 上位2艇 54.9%（補正-0.04） / 総合判定確率: 0.041 / → ヒモ分散。1号艇1着固定で広めのヒモ流し推奨（買い目+2点）', 'tenji_trigger': '展示確認: ヒモ分散レース。1号艇伸び確認後、広めのヒモ流しを採用。穴ヒモ（5・6号艇）を積極的に含める。\n展示で1号艇スタート超安定(0.134秒)→ヒモ固まり方向に注意'}",,,25.9,逃げ狙い,11.98,27.2,2,,,,,0,0,0.7559,0,,逃げ軸流し,A
2025-07-12,丸亀,6,2,中村駿平,B1,30.00,2,,7.5444,33.1,41,29.5,0.1541,3.0114,,,0,低,91,0,-,,0,71.7,1.2836,,,,,,0.1815,0.3631,0.0923,,,D,,,0.1295,0.618,,0.6589,S,97,0,◎1着固定 2-3着流し（5〜8点）,0.5777,"{'is_target': True, 'verdict': '参加推奨', 'max_combo_prob': 0.0807, 'est_top_odds': 16.5, 'circle_concentration': 54.9, 'eligible_count': 6, 'bet_adj': 2, 'reason': 'rel_win1=65.4%（本命度） / 最有力組み合わせ確率: 0.081（推定実オッズ?16倍） / 2着集中度: 上位2艇 54.9%（補正-0.04） / 総合判定確率: 0.041 / → ヒモ分散。1号艇1着固定で広めのヒモ流し推奨（買い目+2点）', 'tenji_trigger': '展示確認: ヒモ分散レース。1号艇伸び確認後、広めのヒモ流しを採用。穴ヒモ（5・6号艇）を積極的に含める。\n展示で1号艇スタート超安定(0.134秒)→ヒモ固まり方向に注意'}",,,25.9,逃げ狙い,11.98,27.2,2,,,,,,,,,,,
2025-07-12,丸亀,6,3,佃　來紀,B1,35.75,3,△,11.1677,19.8,72,48.3,0.1783,3.7414,,,0,低,88,0,ま0% 差ま0%,,0,28.4,0.9962,0,0,0.0476,0.0476,0,0.0308,0.0615,0.0308,,,B,,,0.1121,0.6245,,0.6589,S,97,0,◎1着固定 2-3着流し（5〜8点）,0.5777,"{'is_target': True, 'verdict': '参加推奨', 'max_combo_prob': 0.0807, 'est_top_odds': 16.5, 'circle_concentration': 54.9, 'eligible_count': 6, 'bet_adj': 2, 'reason': 'rel_win1=65.4%（本命度） / 最有力組み合わせ確率: 0.081（推定実オッズ?16倍） / 2着集中度: 上位2艇 54.9%（補正-0.04） / 総合判定確率: 0.041 / → ヒモ分散。1号艇1着固定で広めのヒモ流し推奨（買い目+2点）', 'tenji_trigger': '展示確認: ヒモ分散レース。1号艇伸び確認後、広めのヒモ流しを採用。穴ヒモ（5・6号艇）を積極的に含める。\n展示で1号艇スタート超安定(0.134秒)→ヒモ固まり方向に注意'}",,,25.9,逃げ狙い,11.98,27.2,2,,,,,,,,,,,
2025-07-12,丸亀,6,4,小山　勉,A1,31.55,4,▲,8.9678,21.9,100,69.1,0.1478,3.4364,,,0,低,113,0,-,,0,43.4,0.9838,0,0.0556,0,0.0556,0,0.1302,0.0138,0.0888,,,C,○,◎,0.2359,0.654,0.4336,0.6589,S,97,0,◎1着固定 2-3着流し（5〜8点）,0.5777,"{'is_target': True, 'verdict': '参加推奨', 'max_combo_prob': 0.0807, 'est_top_odds': 16.5, 'circle_concentration': 54.9, 'eligible_count': 6, 'bet_adj': 2, 'reason': 'rel_win1=65.4%（本命度） / 最有力組み合わせ確率: 0.081（推定実オッズ?16倍） / 2着集中度: 上位2艇 54.9%（補正-0.04） / 総合判定確率: 0.041 / → ヒモ分散。1号艇1着固定で広めのヒモ流し推奨（買い目+2点）', 'tenji_trigger': '展示確認: ヒモ分散レース。1号艇伸び確認後、広めのヒモ流しを採用。穴ヒモ（5・6号艇）を積極的に含める。\n展示で1号艇スタート超安定(0.134秒)→ヒモ固まり方向に注意'}",,,25.9,逃げ狙い,11.98,27.2,2,,,,,,,,,,,
2025-07-12,丸亀,6,5,真庭明志,B1,39.89,5,○,5.6829,13.4,41,31.2,0.1684,3.5469,,,0,低,95,0,-,,0,37.4,0.9014,0,0,0,0,0.0323,0.1444,0.0235,0.1679,,,B,◎,,0.2046,0.678,,0.6589,S,97,0,◎1着固定 2-3着流し（5〜8点）,0.5777,"{'is_target': True, 'verdict': '参加推奨', 'max_combo_prob': 0.0807, 'est_top_odds': 16.5, 'circle_concentration': 54.9, 'eligible_count': 6, 'bet_adj': 2, 'reason': 'rel_win1=65.4%（本命度） / 最有力組み合わせ確率: 0.081（推定実オッズ?16倍） / 2着集中度: 上位2艇 54.9%（補正-0.04） / 総合判定確率: 0.041 / → ヒモ分散。1号艇1着固定で広めのヒモ流し推奨（買い目+2点）', 'tenji_trigger': '展示確認: ヒモ分散レース。1号艇伸び確認後、広めのヒモ流しを採用。穴ヒモ（5・6号艇）を積極的に含める。\n展示で1号艇スタート超安定(0.134秒)→ヒモ固まり方向に注意'}",,,25.9,逃げ狙い,11.98,27.2,2,,,,,,,,,,,
2025-07-12,丸亀,6,6,渡邉優美,A1,29.12,6,,1.2088,11.9,55,59.3,0.1811,4.1296,,,0,低,44,0,-,,0,34.2,0.9272,,,,,,0.2078,0.1584,0.0182,,,E,△,,0.1611,0.6535,,0.6589,S,97,0,◎1着固定 2-3着流し（5〜8点）,0.5777,"{'is_target': True, 'verdict': '参加推奨', 'max_combo_prob': 0.0807, 'est_top_odds': 16.5, 'circle_concentration': 54.9, 'eligible_count': 6, 'bet_adj': 2, 'reason': 'rel_win1=65.4%（本命度） / 最有力組み合わせ確率: 0.081（推定実オッズ?16倍） / 2着集中度: 上位2艇 54.9%（補正-0.04） / 総合判定確率: 0.041 / → ヒモ分散。1号艇1着固定で広めのヒモ流し推奨（買い目+2点）', 'tenji_trigger': '展示確認: ヒモ分散レース。1号艇伸び確認後、広めのヒモ流しを採用。穴ヒモ（5・6号艇）を積極的に含める。\n展示で1号艇スタート超安定(0.134秒)→ヒモ固まり方向に注意'}",,,25.9,逃げ狙い,11.98,27.2,2,,,,,,,,,,,
2025-07-12,丸亀,7,1,天野晶夫,A2,33.16,1,◎,58.3659,,0,92.1,0.1471,3.0397,,,0,低,109,0,逃0%,,0,89.8,1.1762,0.44,,,,,0.448,0.112,0.048,◎,,B,△,,,0.615,,0.5356,S,86,0,◎1着固定 2-3着流し（5〜8点）,0.5777,"{'is_target': True, 'verdict': '点数絞り', 'max_combo_prob': 0.0831, 'est_top_odds': 16.0, 'circle_concentration': 72.2, 'eligible_count': 6, 'bet_adj': 0, 'reason': 'rel_win1=58.4%（本命度） / 最有力組み合わせ確率: 0.083（推定実オッズ?16倍） / 2着集中度: 上位2艇 72.2%（補正+0.04） / 総合判定確率: 0.123 / → ヒモはやや固め。上位2艇以外を切ること', 'tenji_trigger': '展示確認: 1号艇伸び良→そのまま採用。悪→飛び組に差し替え。circle_pct上位2艇に絞り込むこと。'}",,,32,逃げ狙い,19.62,38.1,2,,,,,0,0,0.7559,0,,逃げ軸流し,A
2025-07-12,丸亀,7,2,浜田亜理,A1,26.32,2,,18.0113,45.9,87,64.7,0.1829,3.3529,,,0,低,41,0,差0%,,0,31.3,0.9797,0,0.125,0,0,0,0.2857,0,0.1429,,,D,◎,,0.1456,0.6285,,0.5356,S,86,0,◎1着固定 2-3着流し（5〜8点）,0.5777,"{'is_target': True, 'verdict': '点数絞り', 'max_combo_prob': 0.0831, 'est_top_odds': 16.0, 'circle_concentration': 72.2, 'eligible_count': 6, 'bet_adj': 0, 'reason': 'rel_win1=58.4%（本命度） / 最有力組み合わせ確率: 0.083（推定実オッズ?16倍） / 2着集中度: 上位2艇 72.2%（補正+0.04） / 総合判定確率: 0.123 / → ヒモはやや固め。上位2艇以外を切ること', 'tenji_trigger': '展示確認: 1号艇伸び良→そのまま採用。悪→飛び組に差し替え。circle_pct上位2艇に絞り込むこと。'}",,,32,逃げ狙い,19.62,38.1,2,,,,,,,,,,,
2025-07-12,丸亀,7,3,佐藤駿介,B1,32.45,3,○,10.6772,18.6,100,44.6,0.1543,3.3462,,,0,低,113,0,差ま0% 抜0%,,0,32.6,0.9258,0,0,0,0.0357,0.0357,0.0333,0.25,0.2833,,,C,○,,0.2812,0.6255,,0.5356,S,86,0,◎1着固定 2-3着流し（5〜8点）,0.5777,"{'is_target': True, 'verdict': '点数絞り', 'max_combo_prob': 0.0831, 'est_top_odds': 16.0, 'circle_concentration': 72.2, 'eligible_count': 6, 'bet_adj': 0, 'reason': 'rel_win1=58.4%（本命度） / 最有力組み合わせ確率: 0.083（推定実オッズ?16倍） / 2着集中度: 上位2艇 72.2%（補正+0.04） / 総合判定確率: 0.123 / → ヒモはやや固め。上位2艇以外を切ること', 'tenji_trigger': '展示確認: 1号艇伸び良→そのまま採用。悪→飛び組に差し替え。circle_pct上位2艇に絞り込むこと。'}",,,32,逃げ狙い,19.62,38.1,2,,,,,,,,,,,
2025-07-12,丸亀,7,4,山本修一,A1,27.07,4,△,8.4311,26.4,88,60.9,0.1675,3.7188,,,0,低,146,0,-,,0,39.9,0.9723,0,0,0,0,0.04,0.0976,0.1667,0.1976,,,D,,◎,0.2512,0.5625,0.3159,0.5356,S,86,0,◎1着固定 2-3着流し（5〜8点）,0.5777,"{'is_target': True, 'verdict': '点数絞り', 'max_combo_prob': 0.0831, 'est_top_odds': 16.0, 'circle_concentration': 72.2, 'eligible_count': 6, 'bet_adj': 0, 'reason': 'rel_win1=58.4%（本命度） / 最有力組み合わせ確率: 0.083（推定実オッズ?16倍） / 2着集中度: 上位2艇 72.2%（補正+0.04） / 総合判定確率: 0.123 / → ヒモはやや固め。上位2艇以外を切ること', 'tenji_trigger': '展示確認: 1号艇伸び良→そのまま採用。悪→飛び組に差し替え。circle_pct上位2艇に絞り込むこと。'}",,,32,逃げ狙い,19.62,38.1,2,,,,,,,,,,,
2025-07-12,丸亀,7,5,増本杏珠,B1,31.22,5,,3.3373,4.1,75,28,0.188,4.12,,,0,低,74,0,-,,0,28.7,0.8386,,,,,,0.1667,0.5,0.1667,,,C,,,0.1967,0.5195,,0.5356,S,86,0,◎1着固定 2-3着流し（5〜8点）,0.5777,"{'is_target': True, 'verdict': '点数絞り', 'max_combo_prob': 0.0831, 'est_top_odds': 16.0, 'circle_concentration': 72.2, 'eligible_count': 6, 'bet_adj': 0, 'reason': 'rel_win1=58.4%（本命度） / 最有力組み合わせ確率: 0.083（推定実オッズ?16倍） / 2着集中度: 上位2艇 72.2%（補正+0.04） / 総合判定確率: 0.123 / → ヒモはやや固め。上位2艇以外を切ること', 'tenji_trigger': '展示確認: 1号艇伸び良→そのまま採用。悪→飛び組に差し替え。circle_pct上位2艇に絞り込むこと。'}",,,32,逃げ狙い,19.62,38.1,2,,,,,,,,,,,
2025-07-12,丸亀,7,6,北川幸典,B1,33.88,6,▲,1.1772,5.1,59,22.9,0.1734,3.6857,,,0,低,79,0,-,,0,28.2,0.9144,,,,,,0.3125,0.125,0.1875,,,B,△,,0.2431,0.5995,,0.5356,S,86,0,◎1着固定 2-3着流し（5〜8点）,0.5777,"{'is_target': True, 'verdict': '点数絞り', 'max_combo_prob': 0.0831, 'est_top_odds': 16.0, 'circle_concentration': 72.2, 'eligible_count': 6, 'bet_adj': 0, 'reason': 'rel_win1=58.4%（本命度） / 最有力組み合わせ確率: 0.083（推定実オッズ?16倍） / 2着集中度: 上位2艇 72.2%（補正+0.04） / 総合判定確率: 0.123 / → ヒモはやや固め。上位2艇以外を切ること', 'tenji_trigger': '展示確認: 1号艇伸び良→そのまま採用。悪→飛び組に差し替え。circle_pct上位2艇に絞り込むこと。'}",,,32,逃げ狙い,19.62,38.1,2,,,,,,,,,,,
2025-07-12,丸亀,8,1,新開　航,A1,35.64,1,◎,71.6865,,0,97.1,0.1421,3,,,0,低,38,0,逃1%,,0,94,1.2794,0.8889,,,,,0,0.0556,0.0556,◎,,B,◎,,,0.682,,0.64,S,100,0,◎1着固定 2-3着流し（5〜8点）,0.5777,"{'is_target': True, 'verdict': '点数絞り', 'max_combo_prob': 0.1116, 'est_top_odds': 11.9, 'circle_concentration': 73.0, 'eligible_count': 6, 'bet_adj': 0, 'reason': 'rel_win1=71.7%（本命度） / 最有力組み合わせ確率: 0.112（推定実オッズ?12倍） / 2着集中度: 上位2艇 73.0%（補正+0.04） / 総合判定確率: 0.152 / → ヒモはやや固め。上位2艇以外を切ること', 'tenji_trigger': '展示確認: 1号艇伸び良→そのまま採用。悪→飛び組に差し替え。circle_pct上位2艇に絞り込むこと。'}",,,25.4,逃げ狙い,15.78,22.6,3,,,,,0,0,0.7559,0,,逃げ軸流し,A
2025-07-12,丸亀,8,2,松江秀徳,A2,33.16,2,○,9.6154,36.6,92,59.1,0.1705,3.8485,,,0,低,115,0,-,,0,50.9,1.1269,0,0.0606,0.0909,0,0,0.0353,0.0471,0.1456,,,B,△,,0.0666,0.6255,,0.64,S,100,0,◎1着固定 2-3着流し（5〜8点）,0.5777,"{'is_target': True, 'verdict': '点数絞り', 'max_combo_prob': 0.1116, 'est_top_odds': 11.9, 'circle_concentration': 73.0, 'eligible_count': 6, 'bet_adj': 0, 'reason': 'rel_win1=71.7%（本命度） / 最有力組み合わせ確率: 0.112（推定実オッズ?12倍） / 2着集中度: 上位2艇 73.0%（補正+0.04） / 総合判定確率: 0.152 / → ヒモはやや固め。上位2艇以外を切ること', 'tenji_trigger': '展示確認: 1号艇伸び良→そのまま採用。悪→飛び組に差し替え。circle_pct上位2艇に絞り込むこと。'}",,,25.4,逃げ狙い,15.78,22.6,3,,,,,,,,,,,
2025-07-12,丸亀,8,3,山田真聖,B1,27.75,3,,9.5261,36.4,65,52.7,0.1615,3.1636,,,0,低,94,0,-,,0,21.5,0.6681,0,0.0323,0.1613,0,0.0323,0.0952,0.1771,0.019,,,D,△,,0.2154,0.619,,0.64,S,100,0,◎1着固定 2-3着流し（5〜8点）,0.5777,"{'is_target': True, 'verdict': '点数絞り', 'max_combo_prob': 0.1116, 'est_top_odds': 11.9, 'circle_concentration': 73.0, 'eligible_count': 6, 'bet_adj': 0, 'reason': 'rel_win1=71.7%（本命度） / 最有力組み合わせ確率: 0.112（推定実オッズ?12倍） / 2着集中度: 上位2艇 73.0%（補正+0.04） / 総合判定確率: 0.152 / → ヒモはやや固め。上位2艇以外を切ること', 'tenji_trigger': '展示確認: 1号艇伸び良→そのまま採用。悪→飛び組に差し替え。circle_pct上位2艇に絞り込むこと。'}",,,25.4,逃げ狙い,15.78,22.6,3,,,,,,,,,,,
2025-07-12,丸亀,8,4,吉村　誠,A2,30.61,4,▲,5.6825,18.8,100,58.3,0.14,2.8958,,,0,低,86,0,ま0% 差ま0%,,0,51.3,1.0651,0,0,0.0385,0.0385,0,0.0098,0.0195,0.1735,,,C,○,◎,0.2927,0.675,0.4359,0.64,S,100,0,◎1着固定 2-3着流し（5〜8点）,0.5777,"{'is_target': True, 'verdict': '点数絞り', 'max_combo_prob': 0.1116, 'est_top_odds': 11.9, 'circle_concentration': 73.0, 'eligible_count': 6, 'bet_adj': 0, 'reason': 'rel_win1=71.7%（本命度） / 最有力組み合わせ確率: 0.112（推定実オッズ?12倍） / 2着集中度: 上位2艇 73.0%（補正+0.04） / 総合判定確率: 0.152 / → ヒモはやや固め。上位2艇以外を切ること', 'tenji_trigger': '展示確認: 1号艇伸び良→そのまま採用。悪→飛び組に差し替え。circle_pct上位2艇に絞り込むこと。'}",,,25.4,逃げ狙い,15.78,22.6,3,,,,,,,,,,,
2025-07-12,丸亀,8,5,前原　哉,B1,32.09,5,△,2.626,7.8,51,18.2,0.2203,4.7121,,,0,低,107,0,-,,0,34.3,1.0129,,,,,,0,0.4286,0.1429,,,C,,,0.1382,0.5705,,0.64,S,100,0,◎1着固定 2-3着流し（5〜8点）,0.5777,"{'is_target': True, 'verdict': '点数絞り', 'max_combo_prob': 0.1116, 'est_top_odds': 11.9, 'circle_concentration': 73.0, 'eligible_count': 6, 'bet_adj': 0, 'reason': 'rel_win1=71.7%（本命度） / 最有力組み合わせ確率: 0.112（推定実オッズ?12倍） / 2着集中度: 上位2艇 73.0%（補正+0.04） / 総合判定確率: 0.152 / → ヒモはやや固め。上位2艇以外を切ること', 'tenji_trigger': '展示確認: 1号艇伸び良→そのまま採用。悪→飛び組に差し替え。circle_pct上位2艇に絞り込むこと。'}",,,25.4,逃げ狙い,15.78,22.6,3,,,,,,,,,,,
2025-07-12,丸亀,8,6,高木茉白,B2,28.42,6,,0.8635,0.4,19,2.8,0.1956,4.3451,,,0,低,70,0,-,,0,25.7,0.6572,,,,,,0,1,0,,,D,,,0.1398,0.48,,0.64,S,100,0,◎1着固定 2-3着流し（5〜8点）,0.5777,"{'is_target': True, 'verdict': '点数絞り', 'max_combo_prob': 0.1116, 'est_top_odds': 11.9, 'circle_concentration': 73.0, 'eligible_count': 6, 'bet_adj': 0, 'reason': 'rel_win1=71.7%（本命度） / 最有力組み合わせ確率: 0.112（推定実オッズ?12倍） / 2着集中度: 上位2艇 73.0%（補正+0.04） / 総合判定確率: 0.152 / → ヒモはやや固め。上位2艇以外を切ること', 'tenji_trigger': '展示確認: 1号艇伸び良→そのまま採用。悪→飛び組に差し替え。circle_pct上位2艇に絞り込むこと。'}",,,25.4,逃げ狙い,15.78,22.6,3,,,,,,,,,,,
2025-07-12,丸亀,9,1,武重雄介,A1,43.68,1,◎,66.9419,,0,92.9,0.1443,2.4821,,,0,低,119,0,逃1%,,0,89.9,1.1787,0.7143,,,,,0.1657,0,0.0343,◎,,A,○,,,0.6375,,0.5938,S,83,0,◎1着固定 2-3着流し（5〜8点）,0.5777,"{'is_target': True, 'verdict': '参加推奨', 'max_combo_prob': 0.072, 'est_top_odds': 18.5, 'circle_concentration': 70.2, 'eligible_count': 6, 'bet_adj': 2, 'reason': 'rel_win1=66.9%（本命度） / 最有力組み合わせ確率: 0.072（推定実オッズ?18倍） / 2着集中度: 上位2艇 70.2%（補正+0.04） / 総合判定確率: 0.112 / → ヒモ分散。1号艇1着固定で広めのヒモ流し推奨（買い目+2点）', 'tenji_trigger': '展示確認: ヒモ分散レース。1号艇伸び確認後、広めのヒモ流しを採用。穴ヒモ（5・6号艇）を積極的に含める。'}",,,25.8,逃げ狙い,12.12,26.8,4,,,,,0,0,0.7559,0,,逃げ軸流し,A
2025-07-12,丸亀,9,2,尾崎雄二,B1,42.11,2,○,10.2279,34.7,80,50,0.1644,3.6912,,,0,低,133,0,-,,0,36.2,0.88,0,0.0714,0,0,0,0.1667,0.1667,0.0556,,,B,△,,0.1142,0.6365,,0.5938,S,83,0,◎1着固定 2-3着流し（5〜8点）,0.5777,"{'is_target': True, 'verdict': '参加推奨', 'max_combo_prob': 0.072, 'est_top_odds': 18.5, 'circle_concentration': 70.2, 'eligible_count': 6, 'bet_adj': 2, 'reason': 'rel_win1=66.9%（本命度） / 最有力組み合わせ確率: 0.072（推定実オッズ?18倍） / 2着集中度: 上位2艇 70.2%（補正+0.04） / 総合判定確率: 0.112 / → ヒモ分散。1号艇1着固定で広めのヒモ流し推奨（買い目+2点）', 'tenji_trigger': '展示確認: ヒモ分散レース。1号艇伸び確認後、広めのヒモ流しを採用。穴ヒモ（5・6号艇）を積極的に含める。'}",,,25.8,逃げ狙い,12.12,26.8,4,,,,,,,,,,,
2025-07-12,丸亀,9,3,塩崎優司,B1,38.97,3,▲,10.6379,18.2,99,53.5,0.1654,3.3732,,,0,低,128,0,ま0% 差ま0% 抜0%,,0,43.3,1.0337,0,0,0.0714,0.0357,0.0357,0.0533,0.1657,0.0533,,,C,,,0.1867,0.591,,0.5938,S,83,0,◎1着固定 2-3着流し（5〜8点）,0.5777,"{'is_target': True, 'verdict': '参加推奨', 'max_combo_prob': 0.072, 'est_top_odds': 18.5, 'circle_concentration': 70.2, 'eligible_count': 6, 'bet_adj': 2, 'reason': 'rel_win1=66.9%（本命度） / 最有力組み合わせ確率: 0.072（推定実オッズ?18倍） / 2着集中度: 上位2艇 70.2%（補正+0.04） / 総合判定確率: 0.112 / → ヒモ分散。1号艇1着固定で広めのヒモ流し推奨（買い目+2点）', 'tenji_trigger': '展示確認: ヒモ分散レース。1号艇伸び確認後、広めのヒモ流しを採用。穴ヒモ（5・6号艇）を積極的に含める。'}",,,25.8,逃げ狙い,12.12,26.8,4,,,,,,,,,,,
2025-07-12,丸亀,9,4,中村　尊,A2,27.17,4,△,7.7819,35.4,70,65.7,0.1225,2.6269,,,0,低,55,0,ま0%,,0,35.3,0.8064,0,0.12,0.08,0,0,0.24,0.04,0.0667,,,E,◎,◎,0.3901,0.6655,0.4913,0.5938,S,83,0,◎1着固定 2-3着流し（5〜8点）,0.5777,"{'is_target': True, 'verdict': '参加推奨', 'max_combo_prob': 0.072, 'est_top_odds': 18.5, 'circle_concentration': 70.2, 'eligible_count': 6, 'bet_adj': 2, 'reason': 'rel_win1=66.9%（本命度） / 最有力組み合わせ確率: 0.072（推定実オッズ?18倍） / 2着集中度: 上位2艇 70.2%（補正+0.04） / 総合判定確率: 0.112 / → ヒモ分散。1号艇1着固定で広めのヒモ流し推奨（買い目+2点）', 'tenji_trigger': '展示確認: ヒモ分散レース。1号艇伸び確認後、広めのヒモ流しを採用。穴ヒモ（5・6号艇）を積極的に含める。'}",,,25.8,逃げ狙い,12.12,26.8,4,,,,,,,,,,,
2025-07-12,丸亀,9,5,山下友貴,B1,28.88,5,,3.3419,10.4,100,52.9,0.2035,4.3824,,,0,低,98,0,差ま0%,,0,66.1,1.3807,0,0,0,0.0588,0,0.0308,0.1615,0.1615,,,D,,,0.1106,0.5825,,0.5938,S,83,0,◎1着固定 2-3着流し（5〜8点）,0.5777,"{'is_target': True, 'verdict': '参加推奨', 'max_combo_prob': 0.072, 'est_top_odds': 18.5, 'circle_concentration': 70.2, 'eligible_count': 6, 'bet_adj': 2, 'reason': 'rel_win1=66.9%（本命度） / 最有力組み合わせ確率: 0.072（推定実オッズ?18倍） / 2着集中度: 上位2艇 70.2%（補正+0.04） / 総合判定確率: 0.112 / → ヒモ分散。1号艇1着固定で広めのヒモ流し推奨（買い目+2点）', 'tenji_trigger': '展示確認: ヒモ分散レース。1号艇伸び確認後、広めのヒモ流しを採用。穴ヒモ（5・6号艇）を積極的に含める。'}",,,25.8,逃げ狙い,12.12,26.8,4,,,,,,,,,,,
2025-07-12,丸亀,9,6,岸本　隆,A2,39.18,6,,1.0685,1.2,54,9.8,0.1868,4.3902,,,0,低,91,0,-,,0,24.4,0.6194,,,,,,0.0769,0.1538,0.1923,,,C,△,,0.1779,0.6225,,0.5938,S,83,0,◎1着固定 2-3着流し（5〜8点）,0.5777,"{'is_target': True, 'verdict': '参加推奨', 'max_combo_prob': 0.072, 'est_top_odds': 18.5, 'circle_concentration': 70.2, 'eligible_count': 6, 'bet_adj': 2, 'reason': 'rel_win1=66.9%（本命度） / 最有力組み合わせ確率: 0.072（推定実オッズ?18倍） / 2着集中度: 上位2艇 70.2%（補正+0.04） / 総合判定確率: 0.112 / → ヒモ分散。1号艇1着固定で広めのヒモ流し推奨（買い目+2点）', 'tenji_trigger': '展示確認: ヒモ分散レース。1号艇伸び確認後、広めのヒモ流しを採用。穴ヒモ（5・6号艇）を積極的に含める。'}",,,25.8,逃げ狙い,12.12,26.8,4,,,,,,,,,,,
2025-07-12,丸亀,10,1,小山　勉,A1,31.55,1,◎,64.8361,,0,95.5,0.1581,3.097,,,0,低,113,0,逃1%,,0,68.2,1.0472,0.7586,,,,,0.1302,0.0138,0.0888,◎,,D,△,,,0.654,,0.5898,S,86,0,◎1着固定 2-3着流し（5〜8点）,0.5777,"{'is_target': True, 'verdict': '点数絞り', 'max_combo_prob': 0.1263, 'est_top_odds': 10.6, 'circle_concentration': 73.0, 'eligible_count': 6, 'bet_adj': 0, 'reason': 'rel_win1=64.8%（本命度） / 最有力組み合わせ確率: 0.126（推定実オッズ?11倍） / 2着集中度: 上位2艇 73.0%（補正+0.04） / 総合判定確率: 0.166 / → ヒモはやや固め。上位2艇以外を切ること', 'tenji_trigger': '展示確認: 1号艇伸び良→そのまま採用。悪→飛び組に差し替え。circle_pct上位2艇に絞り込むこと。'}",,,26.6,逃げ狙い,13.67,27.9,4,,,,,0,0,0.7559,0,,逃げ軸流し,A
2025-07-12,丸亀,10,2,藤田竜弘,A2,34.03,2,,6.7068,46.4,95,64,0.1685,3.6236,,,0,低,145,0,-,,0,19.6,0.6036,0,0.0588,0,0,0.0294,0.3516,0.3161,0.0774,,,D,◎,,0.2081,0.6755,,0.5898,S,86,0,◎1着固定 2-3着流し（5〜8点）,0.5777,"{'is_target': True, 'verdict': '点数絞り', 'max_combo_prob': 0.1263, 'est_top_odds': 10.6, 'circle_concentration': 73.0, 'eligible_count': 6, 'bet_adj': 0, 'reason': 'rel_win1=64.8%（本命度） / 最有力組み合わせ確率: 0.126（推定実オッズ?11倍） / 2着集中度: 上位2艇 73.0%（補正+0.04） / 総合判定確率: 0.166 / → ヒモはやや固め。上位2艇以外を切ること', 'tenji_trigger': '展示確認: 1号艇伸び良→そのまま採用。悪→飛び組に差し替え。circle_pct上位2艇に絞り込むこと。'}",,,26.6,逃げ狙い,13.67,27.9,4,,,,,,,,,,,
2025-07-12,丸亀,10,3,向井美鈴,A2,39.58,3,△,10.306,26.7,68,54.2,0.1664,3.4237,,,0,低,136,0,-,,0,100,3.1856,0,0.0645,0.0323,0.0323,0,0.264,0.048,0.116,,,C,△,,0.2485,0.604,,0.5898,S,86,0,◎1着固定 2-3着流し（5〜8点）,0.5777,"{'is_target': True, 'verdict': '点数絞り', 'max_combo_prob': 0.1263, 'est_top_odds': 10.6, 'circle_concentration': 73.0, 'eligible_count': 6, 'bet_adj': 0, 'reason': 'rel_win1=64.8%（本命度） / 最有力組み合わせ確率: 0.126（推定実オッズ?11倍） / 2着集中度: 上位2艇 73.0%（補正+0.04） / 総合判定確率: 0.166 / → ヒモはやや固め。上位2艇以外を切ること', 'tenji_trigger': '展示確認: 1号艇伸び良→そのまま採用。悪→飛び組に差し替え。circle_pct上位2艇に絞り込むこと。'}",,,26.6,逃げ狙い,13.67,27.9,4,,,,,,,,,,,
2025-07-12,丸亀,10,4,鈴木裕隆,B1,46.84,4,○,12.5389,18.6,100,54.2,0.169,3.3472,,,0,低,149,0,-,,0,56.7,0.9334,0,0.0625,0.0625,0.0938,0,0.2903,0.2274,0.0887,,,A,○,◎,0.26,0.661,0.3308,0.5898,S,86,0,◎1着固定 2-3着流し（5〜8点）,0.5777,"{'is_target': True, 'verdict': '点数絞り', 'max_combo_prob': 0.1263, 'est_top_odds': 10.6, 'circle_concentration': 73.0, 'eligible_count': 6, 'bet_adj': 0, 'reason': 'rel_win1=64.8%（本命度） / 最有力組み合わせ確率: 0.126（推定実オッズ?11倍） / 2着集中度: 上位2艇 73.0%（補正+0.04） / 総合判定確率: 0.166 / → ヒモはやや固め。上位2艇以外を切ること', 'tenji_trigger': '展示確認: 1号艇伸び良→そのまま採用。悪→飛び組に差し替え。circle_pct上位2艇に絞り込むこと。'}",,,26.6,逃げ狙い,13.67,27.9,4,,,,,,,,,,,
2025-07-12,丸亀,10,5,坂口貴彦,B1,29.56,5,,4.482,8,36,27.7,0.1706,3.8077,,,0,低,134,0,-,,0,76.4,1.54,,,,,,0.0471,0.1235,0.1471,,,E,,,0.2715,0.591,,0.5898,S,86,0,◎1着固定 2-3着流し（5〜8点）,0.5777,"{'is_target': True, 'verdict': '点数絞り', 'max_combo_prob': 0.1263, 'est_top_odds': 10.6, 'circle_concentration': 73.0, 'eligible_count': 6, 'bet_adj': 0, 'reason': 'rel_win1=64.8%（本命度） / 最有力組み合わせ確率: 0.126（推定実オッズ?11倍） / 2着集中度: 上位2艇 73.0%（補正+0.04） / 総合判定確率: 0.166 / → ヒモはやや固め。上位2艇以外を切ること', 'tenji_trigger': '展示確認: 1号艇伸び良→そのまま採用。悪→飛び組に差し替え。circle_pct上位2艇に絞り込むこと。'}",,,26.6,逃げ狙い,13.67,27.9,4,,,,,,,,,,,
2025-07-12,丸亀,10,6,塩田雄一,B1,45.74,6,▲,1.1301,0.4,34,10.9,0.164,3.8727,,,0,低,147,0,-,,0,42.7,1.2597,,,,,,0.4143,0.0952,0.2071,,,B,,,0.2912,0.5565,,0.5898,S,86,0,◎1着固定 2-3着流し（5〜8点）,0.5777,"{'is_target': True, 'verdict': '点数絞り', 'max_combo_prob': 0.1263, 'est_top_odds': 10.6, 'circle_concentration': 73.0, 'eligible_count': 6, 'bet_adj': 0, 'reason': 'rel_win1=64.8%（本命度） / 最有力組み合わせ確率: 0.126（推定実オッズ?11倍） / 2着集中度: 上位2艇 73.0%（補正+0.04） / 総合判定確率: 0.166 / → ヒモはやや固め。上位2艇以外を切ること', 'tenji_trigger': '展示確認: 1号艇伸び良→そのまま採用。悪→飛び組に差し替え。circle_pct上位2艇に絞り込むこと。'}",,,26.6,逃げ狙い,13.67,27.9,4,,,,,,,,,,,
2025-07-12,丸亀,11,1,山本修一,A1,27.07,1,◎,55.593,,0,93.6,0.1521,2.9468,,,0,低,146,0,逃0%,,0,96.1,1.3337,0.5714,,,,,0.0976,0.1667,0.1976,◎,,D,△,,,0.5625,,0.4803,S,84,0,◎1着固定 2-3着流し（5〜8点）,0.5777,"{'is_target': True, 'verdict': '点数絞り', 'max_combo_prob': 0.1023, 'est_top_odds': 13.0, 'circle_concentration': 70.7, 'eligible_count': 6, 'bet_adj': 0, 'reason': 'rel_win1=55.6%（本命度） / 最有力組み合わせ確率: 0.102（推定実オッズ?13倍） / 2着集中度: 上位2艇 70.7%（補正+0.04） / 総合判定確率: 0.142 / → ヒモはやや固め。上位2艇以外を切ること', 'tenji_trigger': '展示確認: 1号艇伸び良→そのまま採用。悪→飛び組に差し替え。circle_pct上位2艇に絞り込むこと。'}",,,30.9,逃げ狙い,22.43,32.5,2,,,,,0,0,0.7559,0,,逃げ軸流し,A
2025-07-12,丸亀,11,2,前田紗希,A2,45.00,2,○,24.1458,48.8,54,62.5,0.1421,2.5208,,,0,低,38,0,差0% ま0%,,0,55.2,1.1495,0,0.1429,0.4286,0,0,0,0.0909,0.0909,,◎,A,,,0.4861,0.5515,,0.4803,S,84,0,◎1着固定 2-3着流し（5〜8点）,0.5777,"{'is_target': True, 'verdict': '点数絞り', 'max_combo_prob': 0.1023, 'est_top_odds': 13.0, 'circle_concentration': 70.7, 'eligible_count': 6, 'bet_adj': 0, 'reason': 'rel_win1=55.6%（本命度） / 最有力組み合わせ確率: 0.102（推定実オッズ?13倍） / 2着集中度: 上位2艇 70.7%（補正+0.04） / 総合判定確率: 0.142 / → ヒモはやや固め。上位2艇以外を切ること', 'tenji_trigger': '展示確認: 1号艇伸び良→そのまま採用。悪→飛び組に差し替え。circle_pct上位2艇に絞り込むこと。'}",,,30.9,逃げ狙い,22.43,32.5,2,,,,,,,,,,,
2025-07-12,丸亀,11,3,大町利克,B1,30.89,3,△,10.212,22,47,45.8,0.1686,3.3729,,,0,低,176,0,-,,0,19.7,0.6135,0,0.0357,0.0357,0,0.0357,0.3453,0.0842,0.1621,,,C,,,0.2121,0.5545,,0.4803,S,84,0,◎1着固定 2-3着流し（5〜8点）,0.5777,"{'is_target': True, 'verdict': '点数絞り', 'max_combo_prob': 0.1023, 'est_top_odds': 13.0, 'circle_concentration': 70.7, 'eligible_count': 6, 'bet_adj': 0, 'reason': 'rel_win1=55.6%（本命度） / 最有力組み合わせ確率: 0.102（推定実オッズ?13倍） / 2着集中度: 上位2艇 70.7%（補正+0.04） / 総合判定確率: 0.142 / → ヒモはやや固め。上位2艇以外を切ること', 'tenji_trigger': '展示確認: 1号艇伸び良→そのまま採用。悪→飛び組に差し替え。circle_pct上位2艇に絞り込むこと。'}",,,30.9,逃げ狙い,22.43,32.5,2,,,,,,,,,,,
2025-07-12,丸亀,11,4,秋山広一,A2,29.57,4,,7.277,17.9,85,50.8,0.1559,3.2131,,,0,低,90,0,-,,0,36.3,0.8026,0,0,0,0,0.0357,0,0.168,0.168,,,D,○,◎,0.3238,0.651,0.3085,0.4803,S,84,0,◎1着固定 2-3着流し（5〜8点）,0.5777,"{'is_target': True, 'verdict': '点数絞り', 'max_combo_prob': 0.1023, 'est_top_odds': 13.0, 'circle_concentration': 70.7, 'eligible_count': 6, 'bet_adj': 0, 'reason': 'rel_win1=55.6%（本命度） / 最有力組み合わせ確率: 0.102（推定実オッズ?13倍） / 2着集中度: 上位2艇 70.7%（補正+0.04） / 総合判定確率: 0.142 / → ヒモはやや固め。上位2艇以外を切ること', 'tenji_trigger': '展示確認: 1号艇伸び良→そのまま採用。悪→飛び組に差し替え。circle_pct上位2艇に絞り込むこと。'}",,,30.9,逃げ狙い,22.43,32.5,2,,,,,,,,,,,
2025-07-12,丸亀,11,5,野相弘司,B1,25.44,5,,1.6862,7.9,100,33.9,0.1774,4.1532,,,0,低,120,0,-,,0,52.8,1.0702,,,,,,0.1896,0.1548,0.087,,,E,△,,0.2545,0.6095,,0.4803,S,84,0,◎1着固定 2-3着流し（5〜8点）,0.5777,"{'is_target': True, 'verdict': '点数絞り', 'max_combo_prob': 0.1023, 'est_top_odds': 13.0, 'circle_concentration': 70.7, 'eligible_count': 6, 'bet_adj': 0, 'reason': 'rel_win1=55.6%（本命度） / 最有力組み合わせ確率: 0.102（推定実オッズ?13倍） / 2着集中度: 上位2艇 70.7%（補正+0.04） / 総合判定確率: 0.142 / → ヒモはやや固め。上位2艇以外を切ること', 'tenji_trigger': '展示確認: 1号艇伸び良→そのまま採用。悪→飛び組に差し替え。circle_pct上位2艇に絞り込むこと。'}",,,30.9,逃げ狙い,22.43,32.5,2,,,,,,,,,,,
2025-07-12,丸亀,11,6,草場康幸,B1,41.03,6,▲,1.086,3.5,33,23.1,0.1685,3.6154,,,0,低,98,0,-,,0,34.6,0.7958,,,,,,0.21,0.02,0,,,B,◎,,0.2828,0.6715,,0.4803,S,84,0,◎1着固定 2-3着流し（5〜8点）,0.5777,"{'is_target': True, 'verdict': '点数絞り', 'max_combo_prob': 0.1023, 'est_top_odds': 13.0, 'circle_concentration': 70.7, 'eligible_count': 6, 'bet_adj': 0, 'reason': 'rel_win1=55.6%（本命度） / 最有力組み合わせ確率: 0.102（推定実オッズ?13倍） / 2着集中度: 上位2艇 70.7%（補正+0.04） / 総合判定確率: 0.142 / → ヒモはやや固め。上位2艇以外を切ること', 'tenji_trigger': '展示確認: 1号艇伸び良→そのまま採用。悪→飛び組に差し替え。circle_pct上位2艇に絞り込むこと。'}",,,30.9,逃げ狙い,22.43,32.5,2,,,,,,,,,,,
2025-07-12,丸亀,12,1,浜田亜理,A1,26.32,1,◎,50.2072,,0,80,0.1633,3.0167,,,0,低,41,0,逃1%,,0,74.6,1.1516,0.5714,,,,,0.2857,0,0.1429,○,,E,,,,0.6285,,0.4374,A,64,0,◎-○軸 3着3〜4艇流し（10〜15点）,0.5777,"{'is_target': True, 'verdict': '参加推奨', 'max_combo_prob': 0.0702, 'est_top_odds': 19.0, 'circle_concentration': 71.9, 'eligible_count': 8, 'bet_adj': 2, 'reason': 'rel_win1=50.2%（本命度） / 最有力組み合わせ確率: 0.070（推定実オッズ?19倍） / 2着集中度: 上位2艇 71.9%（補正+0.04） / 総合判定確率: 0.110 / → ヒモ分散。1号艇1着固定で広めのヒモ流し推奨（買い目+2点）', 'tenji_trigger': '展示確認: ヒモ分散レース。1号艇伸び確認後、広めのヒモ流しを採用。穴ヒモ（5・6号艇）を積極的に含める。'}",,,34.8,両建て推奨,35.74,32.4,5,,,,,0,0,0.6155,0,,主役軸流し,B
2025-07-12,丸亀,12,2,柳沢　一,A1,32.64,2,▲,15.8502,47.9,89,74.4,0.1353,2.8953,,,0,低,43,0,差1%,,0,100,0.7178,0,0.1818,0.0909,0,0.0455,0.0432,0.1074,0.1074,,◎,C,◎,,0.5893,0.698,,0.4374,A,64,0,◎-○軸 3着3〜4艇流し（10〜15点）,0.5777,"{'is_target': True, 'verdict': '参加推奨', 'max_combo_prob': 0.0702, 'est_top_odds': 19.0, 'circle_concentration': 71.9, 'eligible_count': 8, 'bet_adj': 2, 'reason': 'rel_win1=50.2%（本命度） / 最有力組み合わせ確率: 0.070（推定実オッズ?19倍） / 2着集中度: 上位2艇 71.9%（補正+0.04） / 総合判定確率: 0.110 / → ヒモ分散。1号艇1着固定で広めのヒモ流し推奨（買い目+2点）', 'tenji_trigger': '展示確認: ヒモ分散レース。1号艇伸び確認後、広めのヒモ流しを採用。穴ヒモ（5・6号艇）を積極的に含める。'}",,,34.8,両建て推奨,35.74,32.4,5,,,,,,,,,,,
2025-07-12,丸亀,12,3,辻　栄蔵,A1,40.74,3,○,12.4948,24.1,100,90,0.1515,3.125,,,0,低,45,0,ま0% 差ま0%,,0,66.2,1.5356,0,0,0.0769,0.0769,0,0,0.1699,0.1278,,○,B,△,,0.3547,0.672,,0.4374,A,64,0,◎-○軸 3着3〜4艇流し（10〜15点）,0.5777,"{'is_target': True, 'verdict': '参加推奨', 'max_combo_prob': 0.0702, 'est_top_odds': 19.0, 'circle_concentration': 71.9, 'eligible_count': 8, 'bet_adj': 2, 'reason': 'rel_win1=50.2%（本命度） / 最有力組み合わせ確率: 0.070（推定実オッズ?19倍） / 2着集中度: 上位2艇 71.9%（補正+0.04） / 総合判定確率: 0.110 / → ヒモ分散。1号艇1着固定で広めのヒモ流し推奨（買い目+2点）', 'tenji_trigger': '展示確認: ヒモ分散レース。1号艇伸び確認後、広めのヒモ流しを採用。穴ヒモ（5・6号艇）を積極的に含める。'}",,,34.8,両建て推奨,35.74,32.4,5,,,,,,,,,,,
2025-07-12,丸亀,12,4,渡邉優美,A1,29.12,4,,7.1305,17.1,74,63,0.1522,3.2778,,,0,低,44,0,差0%,,0,52.3,1.1572,0,0.0833,0,0,0,0.2078,0.1584,0.0182,,,D,△,,0.333,0.6535,,0.4374,A,64,0,◎-○軸 3着3〜4艇流し（10〜15点）,0.5777,"{'is_target': True, 'verdict': '参加推奨', 'max_combo_prob': 0.0702, 'est_top_odds': 19.0, 'circle_concentration': 71.9, 'eligible_count': 8, 'bet_adj': 2, 'reason': 'rel_win1=50.2%（本命度） / 最有力組み合わせ確率: 0.070（推定実オッズ?19倍） / 2着集中度: 上位2艇 71.9%（補正+0.04） / 総合判定確率: 0.110 / → ヒモ分散。1号艇1着固定で広めのヒモ流し推奨（買い目+2点）', 'tenji_trigger': '展示確認: ヒモ分散レース。1号艇伸び確認後、広めのヒモ流しを採用。穴ヒモ（5・6号艇）を積極的に含める。'}",,,34.8,両建て推奨,35.74,32.4,5,,,,,,,,,,,
2025-07-12,丸亀,12,5,新開　航,A1,35.64,5,△,10.2555,7.3,88,70,0.1635,3.95,,,0,低,38,0,差ま0%,,0,28.6,1.9805,0,0,0,0.2727,0,0,0.0556,0.0556,,,C,○,◎,0.3402,0.682,0.4387,0.4374,A,64,0,◎-○軸 3着3〜4艇流し（10〜15点）,0.5777,"{'is_target': True, 'verdict': '参加推奨', 'max_combo_prob': 0.0702, 'est_top_odds': 19.0, 'circle_concentration': 71.9, 'eligible_count': 8, 'bet_adj': 2, 'reason': 'rel_win1=50.2%（本命度） / 最有力組み合わせ確率: 0.070（推定実オッズ?19倍） / 2着集中度: 上位2艇 71.9%（補正+0.04） / 総合判定確率: 0.110 / → ヒモ分散。1号艇1着固定で広めのヒモ流し推奨（買い目+2点）', 'tenji_trigger': '展示確認: ヒモ分散レース。1号艇伸び確認後、広めのヒモ流しを採用。穴ヒモ（5・6号艇）を積極的に含める。'}",,,34.8,両建て推奨,35.74,32.4,5,,,,,,,,,,,
2025-07-12,丸亀,12,6,川原祐明,A1,37.91,6,,4.0618,3.7,80,40.7,0.1822,4.037,,,0,低,110,0,-,,0,28.6,0.715,0,0,0,0.037,0,0.0276,0.1014,0.0138,,,B,,,0.216,0.6185,,0.4374,A,64,0,◎-○軸 3着3〜4艇流し（10〜15点）,0.5777,"{'is_target': True, 'verdict': '参加推奨', 'max_combo_prob': 0.0702, 'est_top_odds': 19.0, 'circle_concentration': 71.9, 'eligible_count': 8, 'bet_adj': 2, 'reason': 'rel_win1=50.2%（本命度） / 最有力組み合わせ確率: 0.070（推定実オッズ?19倍） / 2着集中度: 上位2艇 71.9%（補正+0.04） / 総合判定確率: 0.110 / → ヒモ分散。1号艇1着固定で広めのヒモ流し推奨（買い目+2点）', 'tenji_trigger': '展示確認: ヒモ分散レース。1号艇伸び確認後、広めのヒモ流しを採用。穴ヒモ（5・6号艇）を積極的に含める。'}",,,34.8,両建て推奨,35.74,32.4,5,,,,,,,,,,,
2025-07-13,丸亀,1,1,塩田雄一,B1,45.74,1,◎,53.8459,,0,62,0.1856,3.79,,,0,低,147,0,逃0%,34,0,75.1,0.8979,0.2381,,,,,0.4143,0.0952,0.2071,,,A,,,,0.5565,,0.1957,B,50,0,◎○△フォーメーション（15〜20点）,0.5777,"{'is_target': True, 'verdict': '点数絞り', 'max_combo_prob': 0.1046, 'est_top_odds': 12.8, 'circle_concentration': 72.4, 'eligible_count': 9, 'bet_adj': 0, 'reason': 'rel_win1=53.8%（本命度） / 最有力組み合わせ確率: 0.105（推定実オッズ?13倍） / 2着集中度: 上位2艇 72.4%（補正+0.04） / 総合判定確率: 0.145 / → ヒモはやや固め。上位2艇以外を切ること', 'tenji_trigger': '展示確認: 1号艇伸び良→そのまま採用。悪→飛び組に差し替え。circle_pct上位2艇に絞り込むこと。\n展示で1号艇スタート遅め(0.186秒)確認→ヒモが荒れやすい'}",,,31.1,両建て推奨,11.61,42.5,2,2-1-3|2-1-4|2-1-5|2-3-1|2-5-1|2-3-4|2-5-3|1-2-4|1-2-3,2-1-3|2-1-4|2-1-5|2-3-1|2-5-1|2-3-4|2-5-3|1-2-4|1-2-3|5-1-6|5-6-1|6-1-4,2-1-3:2.97%|2-1-4:2.4%|2-1-5:1.15%|2-3-1:0.96%|2-5-1:0.41%|2-3-4:0.23%|2-5-3:0.12%|1-2-4:5.58%|1-2-3:5.23%,2-1-3:B_main|2-1-4:B_main|2-1-5:B_main|2-3-1:B_main|2-5-1:B_main|2-3-4:B_main|2-5-3:B_main|1-2-4:A|1-2-3:A,9,12,0.2915,1,[!]見送り推奨（主役決まり手「差し」― 逃げ劣勢レースで的中実績なし）,主役軸流し,B
2025-07-13,丸亀,1,2,佐藤駿介,B1,32.45,2,○,18.6122,51.5,100,67.2,0.1492,3.1311,,,0,低,113,0,差0%,6,0,76.6,1.1509,0,0.0455,0,0,0,0.0333,0.25,0.2833,,◎,C,△,,0.6209,0.6255,,0.1957,B,50,0,◎○△フォーメーション（15〜20点）,0.5777,"{'is_target': True, 'verdict': '点数絞り', 'max_combo_prob': 0.1046, 'est_top_odds': 12.8, 'circle_concentration': 72.4, 'eligible_count': 9, 'bet_adj': 0, 'reason': 'rel_win1=53.8%（本命度） / 最有力組み合わせ確率: 0.105（推定実オッズ?13倍） / 2着集中度: 上位2艇 72.4%（補正+0.04） / 総合判定確率: 0.145 / → ヒモはやや固め。上位2艇以外を切ること', 'tenji_trigger': '展示確認: 1号艇伸び良→そのまま採用。悪→飛び組に差し替え。circle_pct上位2艇に絞り込むこと。\n展示で1号艇スタート遅め(0.186秒)確認→ヒモが荒れやすい'}",,,31.1,両建て推奨,11.61,42.5,2,,,,,,,,,,,
2025-07-13,丸亀,1,3,鈴木賢一,B1,27.78,3,△,13.1137,20.9,67,50.8,0.1597,3.0385,,,0,低,131,0,ま0%,1,0,53.3,1.0531,0,0,0.0385,0,0,0.3091,0.0364,0.0727,,○,D,○,,0.4464,0.6275,,0.1957,B,50,0,◎○△フォーメーション（15〜20点）,0.5777,"{'is_target': True, 'verdict': '点数絞り', 'max_combo_prob': 0.1046, 'est_top_odds': 12.8, 'circle_concentration': 72.4, 'eligible_count': 9, 'bet_adj': 0, 'reason': 'rel_win1=53.8%（本命度） / 最有力組み合わせ確率: 0.105（推定実オッズ?13倍） / 2着集中度: 上位2艇 72.4%（補正+0.04） / 総合判定確率: 0.145 / → ヒモはやや固め。上位2艇以外を切ること', 'tenji_trigger': '展示確認: 1号艇伸び良→そのまま採用。悪→飛び組に差し替え。circle_pct上位2艇に絞り込むこと。\n展示で1号艇スタート遅め(0.186秒)確認→ヒモが荒れやすい'}",,,31.1,両建て推奨,11.61,42.5,2,,,,,,,,,,,
2025-07-13,丸亀,1,4,真庭明志,B1,39.89,4,▲,9.4961,11.3,92,44.6,0.1662,3.4077,,,0,低,95,0,差1%,5,0,59.7,0.7185,0,0.0357,0.0357,0,0,0.1444,0.0235,0.1679,,,B,◎,,0.3756,0.678,,0.1957,B,50,0,◎○△フォーメーション（15〜20点）,0.5777,"{'is_target': True, 'verdict': '点数絞り', 'max_combo_prob': 0.1046, 'est_top_odds': 12.8, 'circle_concentration': 72.4, 'eligible_count': 9, 'bet_adj': 0, 'reason': 'rel_win1=53.8%（本命度） / 最有力組み合わせ確率: 0.105（推定実オッズ?13倍） / 2着集中度: 上位2艇 72.4%（補正+0.04） / 総合判定確率: 0.145 / → ヒモはやや固め。上位2艇以外を切ること', 'tenji_trigger': '展示確認: 1号艇伸び良→そのまま採用。悪→飛び組に差し替え。circle_pct上位2艇に絞り込むこと。\n展示で1号艇スタート遅め(0.186秒)確認→ヒモが荒れやすい'}",,,31.1,両建て推奨,11.61,42.5,2,,,,,,,,,,,
2025-07-13,丸亀,1,5,國弘翔平,B1,35.48,5,,3.5213,10.5,53,30.3,0.1848,4.0606,,,0,低,162,0,-,5,0,39.7,0.8207,,,,,,0.1889,0.1741,0.3889,,,C,,,0.3303,0.57,,0.1957,B,50,0,◎○△フォーメーション（15〜20点）,0.5777,"{'is_target': True, 'verdict': '点数絞り', 'max_combo_prob': 0.1046, 'est_top_odds': 12.8, 'circle_concentration': 72.4, 'eligible_count': 9, 'bet_adj': 0, 'reason': 'rel_win1=53.8%（本命度） / 最有力組み合わせ確率: 0.105（推定実オッズ?13倍） / 2着集中度: 上位2艇 72.4%（補正+0.04） / 総合判定確率: 0.145 / → ヒモはやや固め。上位2艇以外を切ること', 'tenji_trigger': '展示確認: 1号艇伸び良→そのまま採用。悪→飛び組に差し替え。circle_pct上位2艇に絞り込むこと。\n展示で1号艇スタート遅め(0.186秒)確認→ヒモが荒れやすい'}",,,31.1,両建て推奨,11.61,42.5,2,,,,,,,,,,,
2025-07-13,丸亀,1,6,大久保信,B1,27.13,6,,1.4108,5.8,32,26.5,0.185,4.6618,,,0,低,100,0,-,1,0,27.5,1.0431,,,,,,0.2381,0,0.0952,,,E,△,,0.3262,0.6015,,0.1957,B,50,0,◎○△フォーメーション（15〜20点）,0.5777,"{'is_target': True, 'verdict': '点数絞り', 'max_combo_prob': 0.1046, 'est_top_odds': 12.8, 'circle_concentration': 72.4, 'eligible_count': 9, 'bet_adj': 0, 'reason': 'rel_win1=53.8%（本命度） / 最有力組み合わせ確率: 0.105（推定実オッズ?13倍） / 2着集中度: 上位2艇 72.4%（補正+0.04） / 総合判定確率: 0.145 / → ヒモはやや固め。上位2艇以外を切ること', 'tenji_trigger': '展示確認: 1号艇伸び良→そのまま採用。悪→飛び組に差し替え。circle_pct上位2艇に絞り込むこと。\n展示で1号艇スタート遅め(0.186秒)確認→ヒモが荒れやすい'}",,,31.1,両建て推奨,11.61,42.5,2,,,,,,,,,,,
2025-07-13,丸亀,2,1,藤丸光一,B1,49.73,1,◎,47.6745,,0,73.9,0.1778,3.7609,,,0,低,102,0,-,6,0,37.8,0.8022,0.2941,,,,,0.2706,0.2941,0.1941,△,,A,△,,,0.6295,,0.251,A,61,0,◎-○軸 3着3〜4艇流し（10〜15点）,0.5777,"{'is_target': True, 'verdict': '参加推奨', 'max_combo_prob': 0.0497, 'est_top_odds': 26.8, 'circle_concentration': 59.0, 'eligible_count': 8, 'bet_adj': 2, 'reason': 'rel_win1=47.7%（本命度） / 最有力組み合わせ確率: 0.050（推定実オッズ?27倍） / 2着集中度: 上位2艇 59.0%（補正+0.00） / 総合判定確率: 0.050 / → ヒモ分散。1号艇1着固定で広めのヒモ流し推奨（買い目+2点）', 'tenji_trigger': '展示確認: ヒモ分散レース。1号艇伸び確認後、広めのヒモ流しを採用。穴ヒモ（5・6号艇）を積極的に含める。'}",,,32,両建て推奨,17.76,39.8,2,5-1-6|1-2-5|1-3-5|1-2-4|1-5-4|1-3-4,3-1-6|3-1-2|6-1-2|3-2-1|3-2-6|5-1-6|6-1-3|1-2-5|1-3-5|1-2-4|1-5-4|1-3-4,5-1-6:1.95%|1-2-5:6.67%|1-3-5:6.62%|1-2-4:4.79%|1-5-4:4.76%|1-3-4:4.75%,5-1-6:B_main|1-2-5:A|1-3-5:A|1-2-4:A|1-5-4:A|1-3-4:A,6,12,0.4535,1,[!]見送り推奨（主役決まり手「まくり差し」― 逃げ劣勢レースで的中実績なし）,荒れ広め,D
2025-07-13,丸亀,2,2,前原　哉,B1,32.09,2,▲,14.981,32.2,77,47.2,0.1886,3.5556,,,0,低,107,0,-,56,0,70.3,1.4672,,,,,,0,0.4286,0.1429,,,C,,,0.2601,0.5705,,0.251,A,61,0,◎-○軸 3着3〜4艇流し（10〜15点）,0.5777,"{'is_target': True, 'verdict': '参加推奨', 'max_combo_prob': 0.0497, 'est_top_odds': 26.8, 'circle_concentration': 59.0, 'eligible_count': 8, 'bet_adj': 2, 'reason': 'rel_win1=47.7%（本命度） / 最有力組み合わせ確率: 0.050（推定実オッズ?27倍） / 2着集中度: 上位2艇 59.0%（補正+0.00） / 総合判定確率: 0.050 / → ヒモ分散。1号艇1着固定で広めのヒモ流し推奨（買い目+2点）', 'tenji_trigger': '展示確認: ヒモ分散レース。1号艇伸び確認後、広めのヒモ流しを採用。穴ヒモ（5・6号艇）を積極的に含める。'}",,,32,両建て推奨,17.76,39.8,2,,,,,,,,,,,
2025-07-13,丸亀,2,3,野相弘司,B1,25.44,3,,11.8901,26,100,52,0.162,3.07,,,0,低,120,0,ま0%,54,0,32,1.0377,0,0,0.1111,0,0,0.1896,0.1548,0.087,,△,E,,,0.4217,0.6095,,0.251,A,61,0,◎-○軸 3着3〜4艇流し（10〜15点）,0.5777,"{'is_target': True, 'verdict': '参加推奨', 'max_combo_prob': 0.0497, 'est_top_odds': 26.8, 'circle_concentration': 59.0, 'eligible_count': 8, 'bet_adj': 2, 'reason': 'rel_win1=47.7%（本命度） / 最有力組み合わせ確率: 0.050（推定実オッズ?27倍） / 2着集中度: 上位2艇 59.0%（補正+0.00） / 総合判定確率: 0.050 / → ヒモ分散。1号艇1着固定で広めのヒモ流し推奨（買い目+2点）', 'tenji_trigger': '展示確認: ヒモ分散レース。1号艇伸び確認後、広めのヒモ流しを採用。穴ヒモ（5・6号艇）を積極的に含める。'}",,,32,両建て推奨,17.76,39.8,2,,,,,,,,,,,
2025-07-13,丸亀,2,4,中村駿平,B1,30.00,4,○,10.8632,10.3,92,37.1,0.1534,2.9286,,,0,低,91,0,ま0%,6,0,34.3,0.9551,0,0,0.15,0,0,0.1815,0.3631,0.0923,,○,C,△,,0.4582,0.618,,0.251,A,61,0,◎-○軸 3着3〜4艇流し（10〜15点）,0.5777,"{'is_target': True, 'verdict': '参加推奨', 'max_combo_prob': 0.0497, 'est_top_odds': 26.8, 'circle_concentration': 59.0, 'eligible_count': 8, 'bet_adj': 2, 'reason': 'rel_win1=47.7%（本命度） / 最有力組み合わせ確率: 0.050（推定実オッズ?27倍） / 2着集中度: 上位2艇 59.0%（補正+0.00） / 総合判定確率: 0.050 / → ヒモ分散。1号艇1着固定で広めのヒモ流し推奨（買い目+2点）', 'tenji_trigger': '展示確認: ヒモ分散レース。1号艇伸び確認後、広めのヒモ流しを採用。穴ヒモ（5・6号艇）を積極的に含める。'}",,,32,両建て推奨,17.76,39.8,2,,,,,,,,,,,
2025-07-13,丸亀,2,5,中村　尊,A2,27.17,5,△,11.1955,26.8,42,54.8,0.1266,2.7742,,,0,低,55,0,-,4,0,88.8,1.564,0,0,0.04,0.12,0,0.24,0.04,0.0667,,◎,D,◎,◎,0.5072,0.6655,0.4477,0.251,A,61,0,◎-○軸 3着3〜4艇流し（10〜15点）,0.5777,"{'is_target': True, 'verdict': '参加推奨', 'max_combo_prob': 0.0497, 'est_top_odds': 26.8, 'circle_concentration': 59.0, 'eligible_count': 8, 'bet_adj': 2, 'reason': 'rel_win1=47.7%（本命度） / 最有力組み合わせ確率: 0.050（推定実オッズ?27倍） / 2着集中度: 上位2艇 59.0%（補正+0.00） / 総合判定確率: 0.050 / → ヒモ分散。1号艇1着固定で広めのヒモ流し推奨（買い目+2点）', 'tenji_trigger': '展示確認: ヒモ分散レース。1号艇伸び確認後、広めのヒモ流しを採用。穴ヒモ（5・6号艇）を積極的に含める。'}",,,32,両建て推奨,17.76,39.8,2,,,,,,,,,,,
2025-07-13,丸亀,2,6,秋山広一,A2,29.57,6,,3.3956,4.7,75,37.3,0.1766,4.0932,,,0,低,90,0,-,33,0,30.6,0.9517,0,0,0,0,0,0,0.168,0.168,,,D,○,,0.359,0.651,,0.251,A,61,0,◎-○軸 3着3〜4艇流し（10〜15点）,0.5777,"{'is_target': True, 'verdict': '参加推奨', 'max_combo_prob': 0.0497, 'est_top_odds': 26.8, 'circle_concentration': 59.0, 'eligible_count': 8, 'bet_adj': 2, 'reason': 'rel_win1=47.7%（本命度） / 最有力組み合わせ確率: 0.050（推定実オッズ?27倍） / 2着集中度: 上位2艇 59.0%（補正+0.00） / 総合判定確率: 0.050 / → ヒモ分散。1号艇1着固定で広めのヒモ流し推奨（買い目+2点）', 'tenji_trigger': '展示確認: ヒモ分散レース。1号艇伸び確認後、広めのヒモ流しを採用。穴ヒモ（5・6号艇）を積極的に含める。'}",,,32,両建て推奨,17.76,39.8,2,,,,,,,,,,,
2025-07-13,丸亀,3,1,草場康幸,B1,41.03,1,◎,56.5926,,0,89.8,0.1557,3.1327,,,0,低,98,0,-,52,0,99.7,1.4269,0.55,,,,,0.21,0.02,0,◎,,C,◎,,,0.6715,,0.5109,S,88,0,◎1着固定 2-3着流し（5〜8点）,0.5777,"{'is_target': True, 'verdict': '参加推奨', 'max_combo_prob': 0.0801, 'est_top_odds': 16.6, 'circle_concentration': 63.8, 'eligible_count': 6, 'bet_adj': 2, 'reason': 'rel_win1=56.6%（本命度） / 最有力組み合わせ確率: 0.080（推定実オッズ?17倍） / 2着集中度: 上位2艇 63.8%（補正+0.00） / 総合判定確率: 0.080 / → ヒモ分散。1号艇1着固定で広めのヒモ流し推奨（買い目+2点）', 'tenji_trigger': '展示確認: ヒモ分散レース。1号艇伸び確認後、広めのヒモ流しを採用。穴ヒモ（5・6号艇）を積極的に含める。'}",,,26.5,逃げ狙い,11.28,29.5,3,,,,,0,0,0.7559,0,,逃げ軸流し,A
2025-07-13,丸亀,3,2,井上大輔,B1,32.28,2,,12.0564,24.5,100,59.1,0.1721,3.697,,,0,低,121,0,差0%,3,0,47.3,0.8498,0,0.1154,0,0,0,0.22,0.14,0.06,,,E,,,0.1621,0.6275,,0.5109,S,88,0,◎1着固定 2-3着流し（5〜8点）,0.5777,"{'is_target': True, 'verdict': '参加推奨', 'max_combo_prob': 0.0801, 'est_top_odds': 16.6, 'circle_concentration': 63.8, 'eligible_count': 6, 'bet_adj': 2, 'reason': 'rel_win1=56.6%（本命度） / 最有力組み合わせ確率: 0.080（推定実オッズ?17倍） / 2着集中度: 上位2艇 63.8%（補正+0.00） / 総合判定確率: 0.080 / → ヒモ分散。1号艇1着固定で広めのヒモ流し推奨（買い目+2点）', 'tenji_trigger': '展示確認: ヒモ分散レース。1号艇伸び確認後、広めのヒモ流しを採用。穴ヒモ（5・6号艇）を積極的に含める。'}",,,26.5,逃げ狙い,11.28,29.5,3,,,,,,,,,,,
2025-07-13,丸亀,3,3,武重雄介,A1,43.68,3,○,16.9289,39.4,71,63,0.1565,3.2222,,,0,低,119,0,差0% ま0%,41,0,22.9,0.7233,0,0.0741,0.037,0.1111,0,0.1657,0,0.0343,,,B,△,,0.2991,0.6375,,0.5109,S,88,0,◎1着固定 2-3着流し（5〜8点）,0.5777,"{'is_target': True, 'verdict': '参加推奨', 'max_combo_prob': 0.0801, 'est_top_odds': 16.6, 'circle_concentration': 63.8, 'eligible_count': 6, 'bet_adj': 2, 'reason': 'rel_win1=56.6%（本命度） / 最有力組み合わせ確率: 0.080（推定実オッズ?17倍） / 2着集中度: 上位2艇 63.8%（補正+0.00） / 総合判定確率: 0.080 / → ヒモ分散。1号艇1着固定で広めのヒモ流し推奨（買い目+2点）', 'tenji_trigger': '展示確認: ヒモ分散レース。1号艇伸び確認後、広めのヒモ流しを採用。穴ヒモ（5・6号艇）を積極的に含める。'}",,,26.5,逃げ狙い,11.28,29.5,3,,,,,,,,,,,
2025-07-13,丸亀,3,4,木村光宏,B1,42.11,4,▲,8.6606,18.4,52,37.5,0.1783,3.7604,,,0,低,99,0,ま0%,1,0,34.9,0.8647,0,0,0.0769,0.0385,0,0.3952,0.3571,0.0571,,,B,△,,0.2074,0.6335,,0.5109,S,88,0,◎1着固定 2-3着流し（5〜8点）,0.5777,"{'is_target': True, 'verdict': '参加推奨', 'max_combo_prob': 0.0801, 'est_top_odds': 16.6, 'circle_concentration': 63.8, 'eligible_count': 6, 'bet_adj': 2, 'reason': 'rel_win1=56.6%（本命度） / 最有力組み合わせ確率: 0.080（推定実オッズ?17倍） / 2着集中度: 上位2艇 63.8%（補正+0.00） / 総合判定確率: 0.080 / → ヒモ分散。1号艇1着固定で広めのヒモ流し推奨（買い目+2点）', 'tenji_trigger': '展示確認: ヒモ分散レース。1号艇伸び確認後、広めのヒモ流しを採用。穴ヒモ（5・6号艇）を積極的に含める。'}",,,26.5,逃げ狙い,11.28,29.5,3,,,,,,,,,,,
2025-07-13,丸亀,3,5,大場広孝,B1,40.21,5,△,4.7001,11.3,58,35.3,0.1554,3.5368,,,0,低,117,0,差ま0%,1,0,30.3,1.0386,0,0,0,0.05,0,0,0.4615,0.1538,,,C,○,,0.2854,0.6415,,0.5109,S,88,0,◎1着固定 2-3着流し（5〜8点）,0.5777,"{'is_target': True, 'verdict': '参加推奨', 'max_combo_prob': 0.0801, 'est_top_odds': 16.6, 'circle_concentration': 63.8, 'eligible_count': 6, 'bet_adj': 2, 'reason': 'rel_win1=56.6%（本命度） / 最有力組み合わせ確率: 0.080（推定実オッズ?17倍） / 2着集中度: 上位2艇 63.8%（補正+0.00） / 総合判定確率: 0.080 / → ヒモ分散。1号艇1着固定で広めのヒモ流し推奨（買い目+2点）', 'tenji_trigger': '展示確認: ヒモ分散レース。1号艇伸び確認後、広めのヒモ流しを採用。穴ヒモ（5・6号艇）を積極的に含める。'}",,,26.5,逃げ狙い,11.28,29.5,3,,,,,,,,,,,
2025-07-13,丸亀,3,6,天野晶夫,A2,33.16,6,,1.0614,6.5,68,37.8,0.2129,4.9556,,,0,低,109,0,-,3,0,59.7,1.5006,,,,,,0.448,0.112,0.048,,,D,,,0.1384,0.615,,0.5109,S,88,0,◎1着固定 2-3着流し（5〜8点）,0.5777,"{'is_target': True, 'verdict': '参加推奨', 'max_combo_prob': 0.0801, 'est_top_odds': 16.6, 'circle_concentration': 63.8, 'eligible_count': 6, 'bet_adj': 2, 'reason': 'rel_win1=56.6%（本命度） / 最有力組み合わせ確率: 0.080（推定実オッズ?17倍） / 2着集中度: 上位2艇 63.8%（補正+0.00） / 総合判定確率: 0.080 / → ヒモ分散。1号艇1着固定で広めのヒモ流し推奨（買い目+2点）', 'tenji_trigger': '展示確認: ヒモ分散レース。1号艇伸び確認後、広めのヒモ流しを採用。穴ヒモ（5・6号艇）を積極的に含める。'}",,,26.5,逃げ狙い,11.28,29.5,3,,,,,,,,,,,
2025-07-13,丸亀,4,1,北川幸典,B1,33.88,1,◎,49.9475,,0,80.5,0.1644,3.3049,,,0,低,79,0,逃0%,64,0,82.7,1.024,0.375,,,,,0.3125,0.125,0.1875,○,,D,△,,,0.5995,,0.3775,A,76,0,◎-○軸 3着3〜4艇流し（10〜15点）,0.5777,"{'is_target': True, 'verdict': '参加推奨', 'max_combo_prob': 0.0706, 'est_top_odds': 18.9, 'circle_concentration': 66.6, 'eligible_count': 8, 'bet_adj': 2, 'reason': 'rel_win1=49.9%（本命度） / 最有力組み合わせ確率: 0.071（推定実オッズ?19倍） / 2着集中度: 上位2艇 66.6%（補正+0.00） / 総合判定確率: 0.071 / → ヒモ分散。1号艇1着固定で広めのヒモ流し推奨（買い目+2点）', 'tenji_trigger': '展示確認: ヒモ分散レース。1号艇伸び確認後、広めのヒモ流しを採用。穴ヒモ（5・6号艇）を積極的に含める。'}",,,31.6,逃げ狙い,18.6,38,3,,,,,0,0,0.6155,0,,逃げ軸流し,A
2025-07-13,丸亀,4,2,山田真聖,B1,27.75,2,,11.2699,28.6,73,39.2,0.1539,3.451,,,0,低,94,0,差0% ま0%,2,0,76.3,0.68,0,0.04,0.04,0,0,0.0952,0.1771,0.019,,◎,E,○,,0.4599,0.619,,0.3775,A,76,0,◎-○軸 3着3〜4艇流し（10〜15点）,0.5777,"{'is_target': True, 'verdict': '参加推奨', 'max_combo_prob': 0.0706, 'est_top_odds': 18.9, 'circle_concentration': 66.6, 'eligible_count': 8, 'bet_adj': 2, 'reason': 'rel_win1=49.9%（本命度） / 最有力組み合わせ確率: 0.071（推定実オッズ?19倍） / 2着集中度: 上位2艇 66.6%（補正+0.00） / 総合判定確率: 0.071 / → ヒモ分散。1号艇1着固定で広めのヒモ流し推奨（買い目+2点）', 'tenji_trigger': '展示確認: ヒモ分散レース。1号艇伸び確認後、広めのヒモ流しを採用。穴ヒモ（5・6号艇）を積極的に含める。'}",,,31.6,逃げ狙い,18.6,38,3,,,,,,,,,,,
2025-07-13,丸亀,4,3,川原祐明,A1,37.91,3,▲,22.2847,38,67,74,0.153,3.17,,,0,低,110,0,差ま0%,15,0,48.3,1.0462,0,0,0,0.2593,0,0.0276,0.1014,0.0138,,△,C,△,,0.4355,0.6185,,0.3775,A,76,0,◎-○軸 3着3〜4艇流し（10〜15点）,0.5777,"{'is_target': True, 'verdict': '参加推奨', 'max_combo_prob': 0.0706, 'est_top_odds': 18.9, 'circle_concentration': 66.6, 'eligible_count': 8, 'bet_adj': 2, 'reason': 'rel_win1=49.9%（本命度） / 最有力組み合わせ確率: 0.071（推定実オッズ?19倍） / 2着集中度: 上位2艇 66.6%（補正+0.00） / 総合判定確率: 0.071 / → ヒモ分散。1号艇1着固定で広めのヒモ流し推奨（買い目+2点）', 'tenji_trigger': '展示確認: ヒモ分散レース。1号艇伸び確認後、広めのヒモ流しを採用。穴ヒモ（5・6号艇）を積極的に含める。'}",,,31.6,逃げ狙い,18.6,38,3,,,,,,,,,,,
2025-07-13,丸亀,4,4,尾崎雄二,B1,42.11,4,△,7.072,16.9,100,49.2,0.1669,3.5902,,,0,低,133,0,-,23,0,68.2,1.1762,0,0.0345,0,0,0,0.1667,0.1667,0.0556,,,B,◎,,0.2822,0.6365,,0.3775,A,76,0,◎-○軸 3着3〜4艇流し（10〜15点）,0.5777,"{'is_target': True, 'verdict': '参加推奨', 'max_combo_prob': 0.0706, 'est_top_odds': 18.9, 'circle_concentration': 66.6, 'eligible_count': 8, 'bet_adj': 2, 'reason': 'rel_win1=49.9%（本命度） / 最有力組み合わせ確率: 0.071（推定実オッズ?19倍） / 2着集中度: 上位2艇 66.6%（補正+0.00） / 総合判定確率: 0.071 / → ヒモ分散。1号艇1着固定で広めのヒモ流し推奨（買い目+2点）', 'tenji_trigger': '展示確認: ヒモ分散レース。1号艇伸び確認後、広めのヒモ流しを採用。穴ヒモ（5・6号艇）を積極的に含める。'}",,,31.6,逃げ狙い,18.6,38,3,,,,,,,,,,,
2025-07-13,丸亀,4,5,前田紗希,A2,45.00,5,○,8.1914,13.6,66,40,0.1285,3.025,,,0,低,38,0,-,21,0,27.9,1.26,,,,,,0,0.0909,0.0909,,○,B,,,0.447,0.5515,,0.3775,A,76,0,◎-○軸 3着3〜4艇流し（10〜15点）,0.5777,"{'is_target': True, 'verdict': '参加推奨', 'max_combo_prob': 0.0706, 'est_top_odds': 18.9, 'circle_concentration': 66.6, 'eligible_count': 8, 'bet_adj': 2, 'reason': 'rel_win1=49.9%（本命度） / 最有力組み合わせ確率: 0.071（推定実オッズ?19倍） / 2着集中度: 上位2艇 66.6%（補正+0.00） / 総合判定確率: 0.071 / → ヒモ分散。1号艇1着固定で広めのヒモ流し推奨（買い目+2点）', 'tenji_trigger': '展示確認: ヒモ分散レース。1号艇伸び確認後、広めのヒモ流しを採用。穴ヒモ（5・6号艇）を積極的に含める。'}",,,31.6,逃げ狙い,18.6,38,3,,,,,,,,,,,
2025-07-13,丸亀,4,6,塩崎優司,B1,38.97,6,,1.2345,2.9,30,14.6,0.1867,4.0938,,,0,低,128,0,-,26,0,36.5,0.82,,,,,,0.0533,0.1657,0.0533,,,C,,,0.2578,0.591,,0.3775,A,76,0,◎-○軸 3着3〜4艇流し（10〜15点）,0.5777,"{'is_target': True, 'verdict': '参加推奨', 'max_combo_prob': 0.0706, 'est_top_odds': 18.9, 'circle_concentration': 66.6, 'eligible_count': 8, 'bet_adj': 2, 'reason': 'rel_win1=49.9%（本命度） / 最有力組み合わせ確率: 0.071（推定実オッズ?19倍） / 2着集中度: 上位2艇 66.6%（補正+0.00） / 総合判定確率: 0.071 / → ヒモ分散。1号艇1着固定で広めのヒモ流し推奨（買い目+2点）', 'tenji_trigger': '展示確認: ヒモ分散レース。1号艇伸び確認後、広めのヒモ流しを採用。穴ヒモ（5・6号艇）を積極的に含める。'}",,,31.6,逃げ狙い,18.6,38,3,,,,,,,,,,,
2025-07-13,丸亀,5,1,鈴木裕隆,B1,46.84,1,◎,48.4047,,0,88.1,0.1531,2.9328,,,0,低,149,0,-,32,0,83,1.2382,0.3548,,,,,0.2903,0.2274,0.0887,◎,,A,△,,,0.661,,0.4932,A,74,0,◎-○軸 3着3〜4艇流し（10〜15点）,0.5777,"{'is_target': True, 'verdict': '参加推奨', 'max_combo_prob': 0.0583, 'est_top_odds': 22.9, 'circle_concentration': 65.1, 'eligible_count': 8, 'bet_adj': 2, 'reason': 'rel_win1=48.4%（本命度） / 最有力組み合わせ確率: 0.058（推定実オッズ?23倍） / 2着集中度: 上位2艇 65.1%（補正+0.00） / 総合判定確率: 0.058 / → ヒモ分散。1号艇1着固定で広めのヒモ流し推奨（買い目+2点）', 'tenji_trigger': '展示確認: ヒモ分散レース。1号艇伸び確認後、広めのヒモ流しを採用。穴ヒモ（5・6号艇）を積極的に含める。'}",,,31.8,逃げ狙い,19.64,37.6,4,,,,,0,0,0.7559,0,,逃げ軸流し,A
2025-07-13,丸亀,5,2,山下友貴,B1,28.88,2,,8.6635,38.8,65,50,0.1769,4.1389,,,0,低,98,0,差0%,52,0,100,0.8302,0,0.1579,0,0,0,0.0308,0.1615,0.1615,,,E,,,0.1421,0.5825,,0.4932,A,74,0,◎-○軸 3着3〜4艇流し（10〜15点）,0.5777,"{'is_target': True, 'verdict': '参加推奨', 'max_combo_prob': 0.0583, 'est_top_odds': 22.9, 'circle_concentration': 65.1, 'eligible_count': 8, 'bet_adj': 2, 'reason': 'rel_win1=48.4%（本命度） / 最有力組み合わせ確率: 0.058（推定実オッズ?23倍） / 2着集中度: 上位2艇 65.1%（補正+0.00） / 総合判定確率: 0.058 / → ヒモ分散。1号艇1着固定で広めのヒモ流し推奨（買い目+2点）', 'tenji_trigger': '展示確認: ヒモ分散レース。1号艇伸び確認後、広めのヒモ流しを採用。穴ヒモ（5・6号艇）を積極的に含める。'}",,,31.8,逃げ狙い,19.64,37.6,4,,,,,,,,,,,
2025-07-13,丸亀,5,3,松江秀徳,A2,33.16,3,,9.6388,25.3,100,64.9,0.16,3.2368,,,0,低,115,0,-,44,0,78.8,1.775,0,0,0,0.0385,0,0.0353,0.0471,0.1456,,,D,△,,0.283,0.6255,,0.4932,A,74,0,◎-○軸 3着3〜4艇流し（10〜15点）,0.5777,"{'is_target': True, 'verdict': '参加推奨', 'max_combo_prob': 0.0583, 'est_top_odds': 22.9, 'circle_concentration': 65.1, 'eligible_count': 8, 'bet_adj': 2, 'reason': 'rel_win1=48.4%（本命度） / 最有力組み合わせ確率: 0.058（推定実オッズ?23倍） / 2着集中度: 上位2艇 65.1%（補正+0.00） / 総合判定確率: 0.058 / → ヒモ分散。1号艇1着固定で広めのヒモ流し推奨（買い目+2点）', 'tenji_trigger': '展示確認: ヒモ分散レース。1号艇伸び確認後、広めのヒモ流しを採用。穴ヒモ（5・6号艇）を積極的に含める。'}",,,31.8,逃げ狙い,19.64,37.6,4,,,,,,,,,,,
2025-07-13,丸亀,5,4,辻　栄蔵,A1,40.74,4,○,24.0236,26.4,80,76,0.1704,2.94,,,0,低,45,0,差ま0% 抜0%,33,0,95.6,1.9023,0,0,0,0.3333,0.1111,0,0.1699,0.1278,,,B,○,◎,0.3271,0.672,0.4361,0.4932,A,74,0,◎-○軸 3着3〜4艇流し（10〜15点）,0.5777,"{'is_target': True, 'verdict': '参加推奨', 'max_combo_prob': 0.0583, 'est_top_odds': 22.9, 'circle_concentration': 65.1, 'eligible_count': 8, 'bet_adj': 2, 'reason': 'rel_win1=48.4%（本命度） / 最有力組み合わせ確率: 0.058（推定実オッズ?23倍） / 2着集中度: 上位2艇 65.1%（補正+0.00） / 総合判定確率: 0.058 / → ヒモ分散。1号艇1着固定で広めのヒモ流し推奨（買い目+2点）', 'tenji_trigger': '展示確認: ヒモ分散レース。1号艇伸び確認後、広めのヒモ流しを採用。穴ヒモ（5・6号艇）を積極的に含める。'}",,,31.8,逃げ狙い,19.64,37.6,4,,,,,,,,,,,
2025-07-13,丸亀,5,5,佃　來紀,B1,35.75,5,△,3.8454,1,82,39.7,0.1713,3.5735,,,0,低,88,0,差ま0%,41,0,47.3,1.0743,0,0,0,0.0435,0,0.0308,0.0615,0.0308,,,C,,,0.2512,0.6245,,0.4932,A,74,0,◎-○軸 3着3〜4艇流し（10〜15点）,0.5777,"{'is_target': True, 'verdict': '参加推奨', 'max_combo_prob': 0.0583, 'est_top_odds': 22.9, 'circle_concentration': 65.1, 'eligible_count': 8, 'bet_adj': 2, 'reason': 'rel_win1=48.4%（本命度） / 最有力組み合わせ確率: 0.058（推定実オッズ?23倍） / 2着集中度: 上位2艇 65.1%（補正+0.00） / 総合判定確率: 0.058 / → ヒモ分散。1号艇1着固定で広めのヒモ流し推奨（買い目+2点）', 'tenji_trigger': '展示確認: ヒモ分散レース。1号艇伸び確認後、広めのヒモ流しを採用。穴ヒモ（5・6号艇）を積極的に含める。'}",,,31.8,逃げ狙い,19.64,37.6,4,,,,,,,,,,,
2025-07-13,丸亀,5,6,新開　航,A1,35.64,6,▲,5.424,8.6,60,65.4,0.15,3.6923,,,0,低,38,0,差ま0% 抜0%,16,0,35.9,2.5419,0,0,0,0.1111,0.2222,0,0.0556,0.0556,,,C,◎,,0.3465,0.682,,0.4932,A,74,0,◎-○軸 3着3〜4艇流し（10〜15点）,0.5777,"{'is_target': True, 'verdict': '参加推奨', 'max_combo_prob': 0.0583, 'est_top_odds': 22.9, 'circle_concentration': 65.1, 'eligible_count': 8, 'bet_adj': 2, 'reason': 'rel_win1=48.4%（本命度） / 最有力組み合わせ確率: 0.058（推定実オッズ?23倍） / 2着集中度: 上位2艇 65.1%（補正+0.00） / 総合判定確率: 0.058 / → ヒモ分散。1号艇1着固定で広めのヒモ流し推奨（買い目+2点）', 'tenji_trigger': '展示確認: ヒモ分散レース。1号艇伸び確認後、広めのヒモ流しを採用。穴ヒモ（5・6号艇）を積極的に含める。'}",,,31.8,逃げ狙い,19.64,37.6,4,,,,,,,,,,,
2025-07-13,丸亀,6,1,岸本　隆,A2,39.18,1,◎,53.2446,,0,82.7,0.139,2.7308,,,0,低,91,0,逃1%,5,0,90.6,1.1965,0.5,,,,,0.0769,0.1538,0.1923,◎,,B,○,,,0.6225,,0.5483,A,71,0,◎-○軸 3着3〜4艇流し（10〜15点）,0.5777,"{'is_target': True, 'verdict': '点数絞り', 'max_combo_prob': 0.0832, 'est_top_odds': 16.0, 'circle_concentration': 85.2, 'eligible_count': 8, 'bet_adj': 0, 'reason': 'rel_win1=53.2%（本命度） / 最有力組み合わせ確率: 0.083（推定実オッズ?16倍） / 2着集中度: 上位2艇 85.2%（補正+0.04） / 総合判定確率: 0.123 / → ヒモはやや固め。上位2艇以外を切ること', 'tenji_trigger': '展示確認: 1号艇伸び良→そのまま採用。悪→飛び組に差し替え。circle_pct上位2艇に絞り込むこと。\n展示で1号艇スタート超安定(0.139秒)→ヒモ固まり方向に注意'}",,,29.3,逃げ狙い,20.86,29.5,2,,,,,0,0,0.7559,0,,逃げ軸流し,A
2025-07-13,丸亀,6,2,向井美鈴,A2,39.58,2,○,18.3084,46.5,100,64.3,0.1709,3.4643,,,0,低,136,0,ま0%,45,0,58.4,1.1409,0,0,0.12,0,0.04,0.264,0.048,0.116,,,B,△,,0.0788,0.604,,0.5483,A,71,0,◎-○軸 3着3〜4艇流し（10〜15点）,0.5777,"{'is_target': True, 'verdict': '点数絞り', 'max_combo_prob': 0.0832, 'est_top_odds': 16.0, 'circle_concentration': 85.2, 'eligible_count': 8, 'bet_adj': 0, 'reason': 'rel_win1=53.2%（本命度） / 最有力組み合わせ確率: 0.083（推定実オッズ?16倍） / 2着集中度: 上位2艇 85.2%（補正+0.04） / 総合判定確率: 0.123 / → ヒモはやや固め。上位2艇以外を切ること', 'tenji_trigger': '展示確認: 1号艇伸び良→そのまま採用。悪→飛び組に差し替え。circle_pct上位2艇に絞り込むこと。\n展示で1号艇スタート超安定(0.139秒)→ヒモ固まり方向に注意'}",,,29.3,逃げ狙い,20.86,29.5,2,,,,,,,,,,,
2025-07-13,丸亀,6,3,小山　勉,A1,31.55,3,▲,18.6011,38.6,80,75.6,0.1498,2.9778,,,0,低,113,0,-,21,0,60.1,1.2227,0,0,0.25,0.125,0.0625,0.1302,0.0138,0.0888,,,D,◎,,0.3066,0.654,,0.5483,A,71,0,◎-○軸 3着3〜4艇流し（10〜15点）,0.5777,"{'is_target': True, 'verdict': '点数絞り', 'max_combo_prob': 0.0832, 'est_top_odds': 16.0, 'circle_concentration': 85.2, 'eligible_count': 8, 'bet_adj': 0, 'reason': 'rel_win1=53.2%（本命度） / 最有力組み合わせ確率: 0.083（推定実オッズ?16倍） / 2着集中度: 上位2艇 85.2%（補正+0.04） / 総合判定確率: 0.123 / → ヒモはやや固め。上位2艇以外を切ること', 'tenji_trigger': '展示確認: 1号艇伸び良→そのまま採用。悪→飛び組に差し替え。circle_pct上位2艇に絞り込むこと。\n展示で1号艇スタート超安定(0.139秒)→ヒモ固まり方向に注意'}",,,29.3,逃げ狙い,20.86,29.5,2,,,,,,,,,,,
2025-07-13,丸亀,6,4,國弘翔平,B1,35.48,4,△,5.7704,10.4,87,44.3,0.1667,3.6286,,,0,低,162,0,ま0%,5,0,45.9,0.854,0,0,0.069,0,0,0.1889,0.1741,0.3889,,,C,△,,0.2036,0.57,,0.5483,A,71,0,◎-○軸 3着3〜4艇流し（10〜15点）,0.5777,"{'is_target': True, 'verdict': '点数絞り', 'max_combo_prob': 0.0832, 'est_top_odds': 16.0, 'circle_concentration': 85.2, 'eligible_count': 8, 'bet_adj': 0, 'reason': 'rel_win1=53.2%（本命度） / 最有力組み合わせ確率: 0.083（推定実オッズ?16倍） / 2着集中度: 上位2艇 85.2%（補正+0.04） / 総合判定確率: 0.123 / → ヒモはやや固め。上位2艇以外を切ること', 'tenji_trigger': '展示確認: 1号艇伸び良→そのまま採用。悪→飛び組に差し替え。circle_pct上位2艇に絞り込むこと。\n展示で1号艇スタート超安定(0.139秒)→ヒモ固まり方向に注意'}",,,29.3,逃げ狙い,20.86,29.5,2,,,,,,,,,,,
2025-07-13,丸亀,6,5,高木茉白,B2,28.42,5,,3.09,4.1,46,3.9,0.1896,4.1731,,,0,低,70,0,-,65,0,33.8,0.656,,,,,,0,1,0,,,E,,,0.1743,0.48,,0.5483,A,71,0,◎-○軸 3着3〜4艇流し（10〜15点）,0.5777,"{'is_target': True, 'verdict': '点数絞り', 'max_combo_prob': 0.0832, 'est_top_odds': 16.0, 'circle_concentration': 85.2, 'eligible_count': 8, 'bet_adj': 0, 'reason': 'rel_win1=53.2%（本命度） / 最有力組み合わせ確率: 0.083（推定実オッズ?16倍） / 2着集中度: 上位2艇 85.2%（補正+0.04） / 総合判定確率: 0.123 / → ヒモはやや固め。上位2艇以外を切ること', 'tenji_trigger': '展示確認: 1号艇伸び良→そのまま採用。悪→飛び組に差し替え。circle_pct上位2艇に絞り込むこと。\n展示で1号艇スタート超安定(0.139秒)→ヒモ固まり方向に注意'}",,,29.3,逃げ狙い,20.86,29.5,2,,,,,,,,,,,
2025-07-13,丸亀,6,6,大町利克,B1,30.89,6,,0.9855,0.3,46,14.3,0.2365,4.7381,,,0,低,176,0,-,35,0,25.2,0.5928,,,,,,0.3453,0.0842,0.1621,,,D,,,0.1581,0.5545,,0.5483,A,71,0,◎-○軸 3着3〜4艇流し（10〜15点）,0.5777,"{'is_target': True, 'verdict': '点数絞り', 'max_combo_prob': 0.0832, 'est_top_odds': 16.0, 'circle_concentration': 85.2, 'eligible_count': 8, 'bet_adj': 0, 'reason': 'rel_win1=53.2%（本命度） / 最有力組み合わせ確率: 0.083（推定実オッズ?16倍） / 2着集中度: 上位2艇 85.2%（補正+0.04） / 総合判定確率: 0.123 / → ヒモはやや固め。上位2艇以外を切ること', 'tenji_trigger': '展示確認: 1号艇伸び良→そのまま採用。悪→飛び組に差し替え。circle_pct上位2艇に絞り込むこと。\n展示で1号艇スタート超安定(0.139秒)→ヒモ固まり方向に注意'}",,,29.3,逃げ狙い,20.86,29.5,2,,,,,,,,,,,
2025-07-13,丸亀,7,1,柳沢　一,A1,32.64,1,◎,58.1641,,0,88.8,0.1227,2.3062,,,0,低,43,0,逃1%,42,0,59.3,0.9668,0.7027,,,,,0.0432,0.1074,0.1074,◎,,B,◎,,,0.698,,0.6862,S,88,0,◎1着固定 2-3着流し（5〜8点）,0.5777,"{'is_target': True, 'verdict': '点数絞り', 'max_combo_prob': 0.102, 'est_top_odds': 13.1, 'circle_concentration': 82.4, 'eligible_count': 6, 'bet_adj': 0, 'reason': 'rel_win1=58.2%（本命度） / 最有力組み合わせ確率: 0.102（推定実オッズ?13倍） / 2着集中度: 上位2艇 82.4%（補正+0.04） / 総合判定確率: 0.142 / → ヒモはやや固め。上位2艇以外を切ること', 'tenji_trigger': '展示確認: 1号艇伸び良→そのまま採用。悪→飛び組に差し替え。circle_pct上位2艇に絞り込むこと。\n展示で1号艇スタート超安定(0.123秒)→ヒモ固まり方向に注意'}",,,26.1,逃げ狙い,14.38,25.8,2,,,,,0,0,0.7559,0,,逃げ軸流し,A
2025-07-13,丸亀,7,2,吉村　誠,A2,30.61,2,○,16.0387,49.1,98,69.7,0.1486,3.1053,,,0,低,86,0,-,23,0,27.9,0.8507,0,0.25,0,0,0.0357,0.0098,0.0195,0.1735,,,C,○,,0.1158,0.675,,0.6862,S,88,0,◎1着固定 2-3着流し（5〜8点）,0.5777,"{'is_target': True, 'verdict': '点数絞り', 'max_combo_prob': 0.102, 'est_top_odds': 13.1, 'circle_concentration': 82.4, 'eligible_count': 6, 'bet_adj': 0, 'reason': 'rel_win1=58.2%（本命度） / 最有力組み合わせ確率: 0.102（推定実オッズ?13倍） / 2着集中度: 上位2艇 82.4%（補正+0.04） / 総合判定確率: 0.142 / → ヒモはやや固め。上位2艇以外を切ること', 'tenji_trigger': '展示確認: 1号艇伸び良→そのまま採用。悪→飛び組に差し替え。circle_pct上位2艇に絞り込むこと。\n展示で1号艇スタート超安定(0.123秒)→ヒモ固まり方向に注意'}",,,26.1,逃げ狙い,14.38,25.8,2,,,,,,,,,,,
2025-07-13,丸亀,7,3,大久保信,B1,27.13,3,△,7.3387,33.3,100,62.2,0.1618,3.6556,,,0,低,100,0,差0% 差ま0%,1,0,35.6,1.0417,0,0.0357,0,0.0714,0,0.2381,0,0.0952,,,D,,,0.1217,0.6015,,0.6862,S,88,0,◎1着固定 2-3着流し（5〜8点）,0.5777,"{'is_target': True, 'verdict': '点数絞り', 'max_combo_prob': 0.102, 'est_top_odds': 13.1, 'circle_concentration': 82.4, 'eligible_count': 6, 'bet_adj': 0, 'reason': 'rel_win1=58.2%（本命度） / 最有力組み合わせ確率: 0.102（推定実オッズ?13倍） / 2着集中度: 上位2艇 82.4%（補正+0.04） / 総合判定確率: 0.142 / → ヒモはやや固め。上位2艇以外を切ること', 'tenji_trigger': '展示確認: 1号艇伸び良→そのまま採用。悪→飛び組に差し替え。circle_pct上位2艇に絞り込むこと。\n展示で1号艇スタート超安定(0.123秒)→ヒモ固まり方向に注意'}",,,26.1,逃げ狙い,14.38,25.8,2,,,,,,,,,,,
2025-07-13,丸亀,7,4,大場広孝,B1,40.21,4,▲,8.2596,6.3,97,39.4,0.1656,3.7254,,,0,低,117,0,差0% 差ま0%,1,0,37.8,0.9034,0,0.0417,0,0.0417,0,0,0.4615,0.1538,,,A,△,◎,0.1335,0.6415,0.3166,0.6862,S,88,0,◎1着固定 2-3着流し（5〜8点）,0.5777,"{'is_target': True, 'verdict': '点数絞り', 'max_combo_prob': 0.102, 'est_top_odds': 13.1, 'circle_concentration': 82.4, 'eligible_count': 6, 'bet_adj': 0, 'reason': 'rel_win1=58.2%（本命度） / 最有力組み合わせ確率: 0.102（推定実オッズ?13倍） / 2着集中度: 上位2艇 82.4%（補正+0.04） / 総合判定確率: 0.142 / → ヒモはやや固め。上位2艇以外を切ること', 'tenji_trigger': '展示確認: 1号艇伸び良→そのまま採用。悪→飛び組に差し替え。circle_pct上位2艇に絞り込むこと。\n展示で1号艇スタート超安定(0.123秒)→ヒモ固まり方向に注意'}",,,26.1,逃げ狙い,14.38,25.8,2,,,,,,,,,,,
2025-07-13,丸亀,7,5,中村駿平,B1,30.00,5,,6.3898,5.8,36,23.8,0.1717,2.9762,,,0,低,91,0,-,6,0,33.7,0.9455,0,0,0.0741,0.037,0,0.1815,0.3631,0.0923,,,D,,,0.1576,0.618,,0.6862,S,88,0,◎1着固定 2-3着流し（5〜8点）,0.5777,"{'is_target': True, 'verdict': '点数絞り', 'max_combo_prob': 0.102, 'est_top_odds': 13.1, 'circle_concentration': 82.4, 'eligible_count': 6, 'bet_adj': 0, 'reason': 'rel_win1=58.2%（本命度） / 最有力組み合わせ確率: 0.102（推定実オッズ?13倍） / 2着集中度: 上位2艇 82.4%（補正+0.04） / 総合判定確率: 0.142 / → ヒモはやや固め。上位2艇以外を切ること', 'tenji_trigger': '展示確認: 1号艇伸び良→そのまま採用。悪→飛び組に差し替え。circle_pct上位2艇に絞り込むこと。\n展示で1号艇スタート超安定(0.123秒)→ヒモ固まり方向に注意'}",,,26.1,逃げ狙い,14.38,25.8,2,,,,,,,,,,,
2025-07-13,丸亀,7,6,浜田亜理,A1,26.32,6,,3.8091,5.5,47,52.4,0.1871,3.6667,,,0,低,41,0,抜0%,11,0,97.6,2.0458,0,0,0,0,0.1,0.2857,0,0.1429,,,E,△,,0.1531,0.6285,,0.6862,S,88,0,◎1着固定 2-3着流し（5〜8点）,0.5777,"{'is_target': True, 'verdict': '点数絞り', 'max_combo_prob': 0.102, 'est_top_odds': 13.1, 'circle_concentration': 82.4, 'eligible_count': 6, 'bet_adj': 0, 'reason': 'rel_win1=58.2%（本命度） / 最有力組み合わせ確率: 0.102（推定実オッズ?13倍） / 2着集中度: 上位2艇 82.4%（補正+0.04） / 総合判定確率: 0.142 / → ヒモはやや固め。上位2艇以外を切ること', 'tenji_trigger': '展示確認: 1号艇伸び良→そのまま採用。悪→飛び組に差し替え。circle_pct上位2艇に絞り込むこと。\n展示で1号艇スタート超安定(0.123秒)→ヒモ固まり方向に注意'}",,,26.1,逃げ狙い,14.38,25.8,2,,,,,,,,,,,
2025-07-13,丸亀,8,1,渡邉優美,A1,29.12,1,◎,69.7093,,0,90.9,0.1407,3.3523,,,0,低,44,0,逃1%,44,0,66.8,1.0229,0.6818,,,,,0.2078,0.1584,0.0182,◎,,D,△,,,0.6535,,0.5276,S,87,0,◎1着固定 2-3着流し（5〜8点）,0.5777,"{'is_target': True, 'verdict': '点数絞り', 'max_combo_prob': 0.1311, 'est_top_odds': 10.2, 'circle_concentration': 73.5, 'eligible_count': 6, 'bet_adj': 0, 'reason': 'rel_win1=69.7%（本命度） / 最有力組み合わせ確率: 0.131（推定実オッズ?10倍） / 2着集中度: 上位2艇 73.5%（補正+0.04） / 総合判定確率: 0.171 / → ヒモはやや固め。上位2艇以外を切ること', 'tenji_trigger': '展示確認: 1号艇伸び良→そのまま採用。悪→飛び組に差し替え。circle_pct上位2艇に絞り込むこと。'}",,,28.2,逃げ狙い,15.41,30.8,3,,,,,0,0,0.7559,0,,逃げ軸流し,A
2025-07-13,丸亀,8,2,中村　尊,A2,27.17,2,,12.6848,51.6,94,63.3,0.143,2.8417,,,0,低,55,0,-,4,0,30.1,0.7264,0,0.0909,0.0909,0,0,0.24,0.04,0.0667,,,E,○,,0.2984,0.6655,,0.5276,S,87,0,◎1着固定 2-3着流し（5〜8点）,0.5777,"{'is_target': True, 'verdict': '点数絞り', 'max_combo_prob': 0.1311, 'est_top_odds': 10.2, 'circle_concentration': 73.5, 'eligible_count': 6, 'bet_adj': 0, 'reason': 'rel_win1=69.7%（本命度） / 最有力組み合わせ確率: 0.131（推定実オッズ?10倍） / 2着集中度: 上位2艇 73.5%（補正+0.04） / 総合判定確率: 0.171 / → ヒモはやや固め。上位2艇以外を切ること', 'tenji_trigger': '展示確認: 1号艇伸び良→そのまま採用。悪→飛び組に差し替え。circle_pct上位2艇に絞り込むこと。'}",,,28.2,逃げ狙い,15.41,30.8,3,,,,,,,,,,,
2025-07-13,丸亀,8,3,増本杏珠,B1,31.22,3,△,8.8331,15.4,66,26.3,0.1595,3.6842,,,0,低,74,0,-,62,0,20.7,0.6385,,,,,,0.1667,0.5,0.1667,,,C,,,0.217,0.5195,,0.5276,S,87,0,◎1着固定 2-3着流し（5〜8点）,0.5777,"{'is_target': True, 'verdict': '点数絞り', 'max_combo_prob': 0.1311, 'est_top_odds': 10.2, 'circle_concentration': 73.5, 'eligible_count': 6, 'bet_adj': 0, 'reason': 'rel_win1=69.7%（本命度） / 最有力組み合わせ確率: 0.131（推定実オッズ?10倍） / 2着集中度: 上位2艇 73.5%（補正+0.04） / 総合判定確率: 0.171 / → ヒモはやや固め。上位2艇以外を切ること', 'tenji_trigger': '展示確認: 1号艇伸び良→そのまま採用。悪→飛び組に差し替え。circle_pct上位2艇に絞り込むこと。'}",,,28.2,逃げ狙い,15.41,30.8,3,,,,,,,,,,,
2025-07-13,丸亀,8,4,藤田竜弘,A2,34.03,4,○,5.6177,22,100,50,0.1676,3.3636,,,0,低,145,0,-,63,0,100,2.2226,0,0,0,0.037,0,0.3516,0.3161,0.0774,,,B,◎,,0.175,0.6755,,0.5276,S,87,0,◎1着固定 2-3着流し（5〜8点）,0.5777,"{'is_target': True, 'verdict': '点数絞り', 'max_combo_prob': 0.1311, 'est_top_odds': 10.2, 'circle_concentration': 73.5, 'eligible_count': 6, 'bet_adj': 0, 'reason': 'rel_win1=69.7%（本命度） / 最有力組み合わせ確率: 0.131（推定実オッズ?10倍） / 2着集中度: 上位2艇 73.5%（補正+0.04） / 総合判定確率: 0.171 / → ヒモはやや固め。上位2艇以外を切ること', 'tenji_trigger': '展示確認: 1号艇伸び良→そのまま採用。悪→飛び組に差し替え。circle_pct上位2艇に絞り込むこと。'}",,,28.2,逃げ狙い,15.41,30.8,3,,,,,,,,,,,
2025-07-13,丸亀,8,5,佐藤駿介,B1,32.45,5,,1.951,8.8,56,24.2,0.1761,3.5455,,,0,低,113,0,-,6,0,33.4,0.7569,,,,,,0.0333,0.25,0.2833,,,C,,,0.2012,0.6255,,0.5276,S,87,0,◎1着固定 2-3着流し（5〜8点）,0.5777,"{'is_target': True, 'verdict': '点数絞り', 'max_combo_prob': 0.1311, 'est_top_odds': 10.2, 'circle_concentration': 73.5, 'eligible_count': 6, 'bet_adj': 0, 'reason': 'rel_win1=69.7%（本命度） / 最有力組み合わせ確率: 0.131（推定実オッズ?10倍） / 2着集中度: 上位2艇 73.5%（補正+0.04） / 総合判定確率: 0.171 / → ヒモはやや固め。上位2艇以外を切ること', 'tenji_trigger': '展示確認: 1号艇伸び良→そのまま採用。悪→飛び組に差し替え。circle_pct上位2艇に絞り込むこと。'}",,,28.2,逃げ狙い,15.41,30.8,3,,,,,,,,,,,
2025-07-13,丸亀,8,6,木村光宏,B1,42.11,6,▲,1.2041,2.3,52,23.8,0.1876,4.2619,,,0,低,99,0,-,1,0,27.8,0.7383,,,,,,0.3952,0.3571,0.0571,,,A,△,,0.1608,0.6335,,0.5276,S,87,0,◎1着固定 2-3着流し（5〜8点）,0.5777,"{'is_target': True, 'verdict': '点数絞り', 'max_combo_prob': 0.1311, 'est_top_odds': 10.2, 'circle_concentration': 73.5, 'eligible_count': 6, 'bet_adj': 0, 'reason': 'rel_win1=69.7%（本命度） / 最有力組み合わせ確率: 0.131（推定実オッズ?10倍） / 2着集中度: 上位2艇 73.5%（補正+0.04） / 総合判定確率: 0.171 / → ヒモはやや固め。上位2艇以外を切ること', 'tenji_trigger': '展示確認: 1号艇伸び良→そのまま採用。悪→飛び組に差し替え。circle_pct上位2艇に絞り込むこと。'}",,,28.2,逃げ狙い,15.41,30.8,3,,,,,,,,,,,
2025-07-13,丸亀,9,1,辻　栄蔵,A1,40.74,1,◎,63.4398,,0,94.7,0.1658,3.2105,,,0,低,45,0,逃1%,33,0,100,1.5534,0.6316,,,,,0,0.1699,0.1278,○,,A,○,,,0.672,,0.4029,S,100,0,◎1着固定 2-3着流し（5〜8点）,0.5777,"{'is_target': True, 'verdict': '点数絞り', 'max_combo_prob': 0.1133, 'est_top_odds': 11.8, 'circle_concentration': 74.0, 'eligible_count': 6, 'bet_adj': 0, 'reason': 'rel_win1=63.4%（本命度） / 最有力組み合わせ確率: 0.113（推定実オッズ?12倍） / 2着集中度: 上位2艇 74.0%（補正+0.04） / 総合判定確率: 0.153 / → ヒモはやや固め。上位2艇以外を切ること', 'tenji_trigger': '展示確認: 1号艇伸び良→そのまま採用。悪→飛び組に差し替え。circle_pct上位2艇に絞り込むこと。'}",,,26,逃げ狙い,12.2,27.4,2,,,,,0,0,0.6155,0,,逃げ軸流し,A
2025-07-13,丸亀,9,2,真庭明志,B1,39.89,2,○,14.8553,50,69,63.4,0.1413,3.2394,,,0,低,95,0,-,5,0,99.9,1.0348,0,0.1176,0,0,0.0294,0.1444,0.0235,0.1679,,◎,B,◎,,0.5716,0.678,,0.4029,S,100,0,◎1着固定 2-3着流し（5〜8点）,0.5777,"{'is_target': True, 'verdict': '点数絞り', 'max_combo_prob': 0.1133, 'est_top_odds': 11.8, 'circle_concentration': 74.0, 'eligible_count': 6, 'bet_adj': 0, 'reason': 'rel_win1=63.4%（本命度） / 最有力組み合わせ確率: 0.113（推定実オッズ?12倍） / 2着集中度: 上位2艇 74.0%（補正+0.04） / 総合判定確率: 0.153 / → ヒモはやや固め。上位2艇以外を切ること', 'tenji_trigger': '展示確認: 1号艇伸び良→そのまま採用。悪→飛び組に差し替え。circle_pct上位2艇に絞り込むこと。'}",,,26,逃げ狙い,12.2,27.4,2,,,,,,,,,,,
2025-07-13,丸亀,9,3,坂口貴彦,B1,29.56,3,△,8.5904,24,62,54.4,0.1784,3.693,,,0,低,134,0,-,26,0,100,2.5346,0,0,0,0.0741,0,0.0471,0.1235,0.1471,,,D,,,0.2286,0.591,,0.4029,S,100,0,◎1着固定 2-3着流し（5〜8点）,0.5777,"{'is_target': True, 'verdict': '点数絞り', 'max_combo_prob': 0.1133, 'est_top_odds': 11.8, 'circle_concentration': 74.0, 'eligible_count': 6, 'bet_adj': 0, 'reason': 'rel_win1=63.4%（本命度） / 最有力組み合わせ確率: 0.113（推定実オッズ?12倍） / 2着集中度: 上位2艇 74.0%（補正+0.04） / 総合判定確率: 0.153 / → ヒモはやや固め。上位2艇以外を切ること', 'tenji_trigger': '展示確認: 1号艇伸び良→そのまま採用。悪→飛び組に差し替え。circle_pct上位2艇に絞り込むこと。'}",,,26,逃げ狙い,12.2,27.4,2,,,,,,,,,,,
2025-07-13,丸亀,9,4,天野晶夫,A2,33.16,4,▲,6.8543,19.7,100,60.4,0.1544,2.9583,,,0,低,109,0,ま0% 差ま0%,3,0,42.5,1.1413,0,0,0.0417,0.0417,0,0.448,0.112,0.048,,,C,△,,0.3325,0.615,,0.4029,S,100,0,◎1着固定 2-3着流し（5〜8点）,0.5777,"{'is_target': True, 'verdict': '点数絞り', 'max_combo_prob': 0.1133, 'est_top_odds': 11.8, 'circle_concentration': 74.0, 'eligible_count': 6, 'bet_adj': 0, 'reason': 'rel_win1=63.4%（本命度） / 最有力組み合わせ確率: 0.113（推定実オッズ?12倍） / 2着集中度: 上位2艇 74.0%（補正+0.04） / 総合判定確率: 0.153 / → ヒモはやや固め。上位2艇以外を切ること', 'tenji_trigger': '展示確認: 1号艇伸び良→そのまま採用。悪→飛び組に差し替え。circle_pct上位2艇に絞り込むこと。'}",,,26,逃げ狙い,12.2,27.4,2,,,,,,,,,,,
2025-07-13,丸亀,9,5,山田真聖,B1,27.75,5,,5.1963,4.3,68,28.8,0.1606,3.5606,,,0,低,94,0,-,2,0,34.2,1.979,0,0,0.027,0.027,0,0.0952,0.1771,0.019,,,D,△,,0.2998,0.619,,0.4029,S,100,0,◎1着固定 2-3着流し（5〜8点）,0.5777,"{'is_target': True, 'verdict': '点数絞り', 'max_combo_prob': 0.1133, 'est_top_odds': 11.8, 'circle_concentration': 74.0, 'eligible_count': 6, 'bet_adj': 0, 'reason': 'rel_win1=63.4%（本命度） / 最有力組み合わせ確率: 0.113（推定実オッズ?12倍） / 2着集中度: 上位2艇 74.0%（補正+0.04） / 総合判定確率: 0.153 / → ヒモはやや固め。上位2艇以外を切ること', 'tenji_trigger': '展示確認: 1号艇伸び良→そのまま採用。悪→飛び組に差し替え。circle_pct上位2艇に絞り込むこと。'}",,,26,逃げ狙い,12.2,27.4,2,,,,,,,,,,,
2025-07-13,丸亀,9,6,野相弘司,B1,25.44,6,,1.0638,2,50,14.6,0.2208,4.6667,,,0,低,120,0,-,54,0,34.4,1.2908,,,,,,0.1896,0.1548,0.087,,,E,,,0.1387,0.6095,,0.4029,S,100,0,◎1着固定 2-3着流し（5〜8点）,0.5777,"{'is_target': True, 'verdict': '点数絞り', 'max_combo_prob': 0.1133, 'est_top_odds': 11.8, 'circle_concentration': 74.0, 'eligible_count': 6, 'bet_adj': 0, 'reason': 'rel_win1=63.4%（本命度） / 最有力組み合わせ確率: 0.113（推定実オッズ?12倍） / 2着集中度: 上位2艇 74.0%（補正+0.04） / 総合判定確率: 0.153 / → ヒモはやや固め。上位2艇以外を切ること', 'tenji_trigger': '展示確認: 1号艇伸び良→そのまま採用。悪→飛び組に差し替え。circle_pct上位2艇に絞り込むこと。'}",,,26,逃げ狙い,12.2,27.4,2,,,,,,,,,,,
2025-07-13,丸亀,10,1,川原祐明,A1,37.91,1,◎,59.3908,,0,90.3,0.1744,3.5565,,,0,低,110,0,逃0% 抜0%,15,0,84.1,1.2299,0.6897,,,,,0.0276,0.1014,0.0138,○,,C,,,,0.6185,,0.4344,S,91,0,◎1着固定 2-3着流し（5〜8点）,0.5777,"{'is_target': True, 'verdict': '点数絞り', 'max_combo_prob': 0.0998, 'est_top_odds': 13.4, 'circle_concentration': 77.3, 'eligible_count': 6, 'bet_adj': 0, 'reason': 'rel_win1=59.4%（本命度） / 最有力組み合わせ確率: 0.100（推定実オッズ?13倍） / 2着集中度: 上位2艇 77.3%（補正+0.04） / 総合判定確率: 0.140 / → ヒモはやや固め。上位2艇以外を切ること', 'tenji_trigger': '展示確認: 1号艇伸び良→そのまま採用。悪→飛び組に差し替え。circle_pct上位2艇に絞り込むこと。'}",,,29,逃げ狙い,23.98,25.9,2,,,,,0,0,0.6155,0,,逃げ軸流し,A
2025-07-13,丸亀,10,2,新開　航,A1,35.64,2,△,13.5967,55,94,81.8,0.1723,3.5909,,,0,低,38,0,差0%,16,0,59.6,1.2959,0,0.1667,0,0,0,0,0.0556,0.0556,,○,C,◎,,0.3598,0.682,,0.4344,S,91,0,◎1着固定 2-3着流し（5〜8点）,0.5777,"{'is_target': True, 'verdict': '点数絞り', 'max_combo_prob': 0.0998, 'est_top_odds': 13.4, 'circle_concentration': 77.3, 'eligible_count': 6, 'bet_adj': 0, 'reason': 'rel_win1=59.4%（本命度） / 最有力組み合わせ確率: 0.100（推定実オッズ?13倍） / 2着集中度: 上位2艇 77.3%（補正+0.04） / 総合判定確率: 0.140 / → ヒモはやや固め。上位2艇以外を切ること', 'tenji_trigger': '展示確認: 1号艇伸び良→そのまま採用。悪→飛び組に差し替え。circle_pct上位2艇に絞り込むこと。'}",,,29,逃げ狙い,23.98,25.9,2,,,,,,,,,,,
2025-07-13,丸亀,10,3,藤丸光一,B1,49.73,3,▲,7.4902,22.4,100,48,0.1972,4.08,,,0,低,102,0,差0%,6,0,22.9,0.871,0,0.0526,0,0,0,0.2706,0.2941,0.1941,,,A,○,,0.1668,0.6295,,0.4344,S,91,0,◎1着固定 2-3着流し（5〜8点）,0.5777,"{'is_target': True, 'verdict': '点数絞り', 'max_combo_prob': 0.0998, 'est_top_odds': 13.4, 'circle_concentration': 77.3, 'eligible_count': 6, 'bet_adj': 0, 'reason': 'rel_win1=59.4%（本命度） / 最有力組み合わせ確率: 0.100（推定実オッズ?13倍） / 2着集中度: 上位2艇 77.3%（補正+0.04） / 総合判定確率: 0.140 / → ヒモはやや固め。上位2艇以外を切ること', 'tenji_trigger': '展示確認: 1号艇伸び良→そのまま採用。悪→飛び組に差し替え。circle_pct上位2艇に絞り込むこと。'}",,,29,逃げ狙い,23.98,25.9,2,,,,,,,,,,,
2025-07-13,丸亀,10,4,岸本　隆,A2,39.18,4,○,13.94,15,87,49.1,0.141,2.9407,,,0,低,91,0,-,5,0,95.8,1.823,0,0,0.1379,0.0345,0,0.0769,0.1538,0.1923,,◎,B,△,◎,0.4454,0.6225,0.4155,0.4344,S,91,0,◎1着固定 2-3着流し（5〜8点）,0.5777,"{'is_target': True, 'verdict': '点数絞り', 'max_combo_prob': 0.0998, 'est_top_odds': 13.4, 'circle_concentration': 77.3, 'eligible_count': 6, 'bet_adj': 0, 'reason': 'rel_win1=59.4%（本命度） / 最有力組み合わせ確率: 0.100（推定実オッズ?13倍） / 2着集中度: 上位2艇 77.3%（補正+0.04） / 総合判定確率: 0.140 / → ヒモはやや固め。上位2艇以外を切ること', 'tenji_trigger': '展示確認: 1号艇伸び良→そのまま採用。悪→飛び組に差し替え。circle_pct上位2艇に絞り込むこと。'}",,,29,逃げ狙い,23.98,25.9,2,,,,,,,,,,,
2025-07-13,丸亀,10,5,井上大輔,B1,32.28,5,,4.0523,5.1,97,32.8,0.1797,3.7266,,,0,低,121,0,ま0%,3,0,44.4,0.9633,0,0,0.0385,0,0,0.22,0.14,0.06,,,D,△,,0.2656,0.6275,,0.4344,S,91,0,◎1着固定 2-3着流し（5〜8点）,0.5777,"{'is_target': True, 'verdict': '点数絞り', 'max_combo_prob': 0.0998, 'est_top_odds': 13.4, 'circle_concentration': 77.3, 'eligible_count': 6, 'bet_adj': 0, 'reason': 'rel_win1=59.4%（本命度） / 最有力組み合わせ確率: 0.100（推定実オッズ?13倍） / 2着集中度: 上位2艇 77.3%（補正+0.04） / 総合判定確率: 0.140 / → ヒモはやや固め。上位2艇以外を切ること', 'tenji_trigger': '展示確認: 1号艇伸び良→そのまま採用。悪→飛び組に差し替え。circle_pct上位2艇に絞り込むこと。'}",,,29,逃げ狙い,23.98,25.9,2,,,,,,,,,,,
2025-07-13,丸亀,10,6,鈴木賢一,B1,27.78,6,,1.5299,2.6,43,8.7,0.2133,4.8696,,,0,低,131,0,-,1,0,27.8,0.8533,,,,,,0.3091,0.0364,0.0727,,,E,△,,0.1896,0.6275,,0.4344,S,91,0,◎1着固定 2-3着流し（5〜8点）,0.5777,"{'is_target': True, 'verdict': '点数絞り', 'max_combo_prob': 0.0998, 'est_top_odds': 13.4, 'circle_concentration': 77.3, 'eligible_count': 6, 'bet_adj': 0, 'reason': 'rel_win1=59.4%（本命度） / 最有力組み合わせ確率: 0.100（推定実オッズ?13倍） / 2着集中度: 上位2艇 77.3%（補正+0.04） / 総合判定確率: 0.140 / → ヒモはやや固め。上位2艇以外を切ること', 'tenji_trigger': '展示確認: 1号艇伸び良→そのまま採用。悪→飛び組に差し替え。circle_pct上位2艇に絞り込むこと。'}",,,29,逃げ狙い,23.98,25.9,2,,,,,,,,,,,
2025-07-13,丸亀,11,1,松江秀徳,A2,33.16,1,◎,54.8478,,0,81.1,0.1605,3.223,,,0,低,115,0,-,44,0,100,1.7772,0.5588,,,,,0.0353,0.0471,0.1456,○,,C,,,,0.6255,,0.4142,A,75,0,◎-○軸 3着3〜4艇流し（10〜15点）,0.5777,"{'is_target': True, 'verdict': '参加推奨', 'max_combo_prob': 0.0851, 'est_top_odds': 15.7, 'circle_concentration': 65.8, 'eligible_count': 8, 'bet_adj': 2, 'reason': 'rel_win1=54.8%（本命度） / 最有力組み合わせ確率: 0.085（推定実オッズ?16倍） / 2着集中度: 上位2艇 65.8%（補正+0.00） / 総合判定確率: 0.085 / → ヒモ分散。1号艇1着固定で広めのヒモ流し推奨（買い目+2点）', 'tenji_trigger': '展示確認: ヒモ分散レース。1号艇伸び確認後、広めのヒモ流しを採用。穴ヒモ（5・6号艇）を積極的に含める。'}",,,28,逃げ狙い,19.79,26.6,2,,,,,0,0,0.6155,0,,逃げ軸流し,A
2025-07-13,丸亀,11,2,秋山広一,A2,29.57,2,,19.7175,47.2,73,76.8,0.1448,2.9464,,,0,低,90,0,差0%,33,0,64,0.764,0,0.1364,0.0455,0,0,0,0.168,0.168,,◎,E,△,,0.4908,0.651,,0.4142,A,75,0,◎-○軸 3着3〜4艇流し（10〜15点）,0.5777,"{'is_target': True, 'verdict': '参加推奨', 'max_combo_prob': 0.0851, 'est_top_odds': 15.7, 'circle_concentration': 65.8, 'eligible_count': 8, 'bet_adj': 2, 'reason': 'rel_win1=54.8%（本命度） / 最有力組み合わせ確率: 0.085（推定実オッズ?16倍） / 2着集中度: 上位2艇 65.8%（補正+0.00） / 総合判定確率: 0.085 / → ヒモ分散。1号艇1着固定で広めのヒモ流し推奨（買い目+2点）', 'tenji_trigger': '展示確認: ヒモ分散レース。1号艇伸び確認後、広めのヒモ流しを採用。穴ヒモ（5・6号艇）を積極的に含める。'}",,,28,逃げ狙い,19.79,26.6,2,,,,,,,,,,,
2025-07-13,丸亀,11,3,尾崎雄二,B1,42.11,3,▲,7.4714,18.7,82,53.5,0.1583,3.3592,,,0,低,133,0,-,23,0,33.9,0.9688,0,0,0,0.0882,0,0.1667,0.1667,0.0556,,,B,,,0.3128,0.6365,,0.4142,A,75,0,◎-○軸 3着3〜4艇流し（10〜15点）,0.5777,"{'is_target': True, 'verdict': '参加推奨', 'max_combo_prob': 0.0851, 'est_top_odds': 15.7, 'circle_concentration': 65.8, 'eligible_count': 8, 'bet_adj': 2, 'reason': 'rel_win1=54.8%（本命度） / 最有力組み合わせ確率: 0.085（推定実オッズ?16倍） / 2着集中度: 上位2艇 65.8%（補正+0.00） / 総合判定確率: 0.085 / → ヒモ分散。1号艇1着固定で広めのヒモ流し推奨（買い目+2点）', 'tenji_trigger': '展示確認: ヒモ分散レース。1号艇伸び確認後、広めのヒモ流しを採用。穴ヒモ（5・6号艇）を積極的に含める。'}",,,28,逃げ狙い,19.79,26.6,2,,,,,,,,,,,
2025-07-13,丸亀,11,4,武重雄介,A1,43.68,4,○,8.5883,11.8,86,50,0.1566,3.2069,,,0,低,119,0,-,41,0,42.8,1.0145,0,0,0.04,0,0,0.1657,0,0.0343,,,A,△,○,0.3068,0.6375,0.2815,0.4142,A,75,0,◎-○軸 3着3〜4艇流し（10〜15点）,0.5777,"{'is_target': True, 'verdict': '参加推奨', 'max_combo_prob': 0.0851, 'est_top_odds': 15.7, 'circle_concentration': 65.8, 'eligible_count': 8, 'bet_adj': 2, 'reason': 'rel_win1=54.8%（本命度） / 最有力組み合わせ確率: 0.085（推定実オッズ?16倍） / 2着集中度: 上位2艇 65.8%（補正+0.00） / 総合判定確率: 0.085 / → ヒモ分散。1号艇1着固定で広めのヒモ流し推奨（買い目+2点）', 'tenji_trigger': '展示確認: ヒモ分散レース。1号艇伸び確認後、広めのヒモ流しを採用。穴ヒモ（5・6号艇）を積極的に含める。'}",,,28,逃げ狙い,19.79,26.6,2,,,,,,,,,,,
2025-07-13,丸亀,11,5,柳沢　一,A1,32.64,5,△,6.9862,15.5,100,67.3,0.1371,2.9818,,,0,低,43,0,-,42,0,25.3,1.3605,0,0.0385,0,0,0,0.0432,0.1074,0.1074,,,D,◎,◎,0.3634,0.698,0.4328,0.4142,A,75,0,◎-○軸 3着3〜4艇流し（10〜15点）,0.5777,"{'is_target': True, 'verdict': '参加推奨', 'max_combo_prob': 0.0851, 'est_top_odds': 15.7, 'circle_concentration': 65.8, 'eligible_count': 8, 'bet_adj': 2, 'reason': 'rel_win1=54.8%（本命度） / 最有力組み合わせ確率: 0.085（推定実オッズ?16倍） / 2着集中度: 上位2艇 65.8%（補正+0.00） / 総合判定確率: 0.085 / → ヒモ分散。1号艇1着固定で広めのヒモ流し推奨（買い目+2点）', 'tenji_trigger': '展示確認: ヒモ分散レース。1号艇伸び確認後、広めのヒモ流しを採用。穴ヒモ（5・6号艇）を積極的に含める。'}",,,28,逃げ狙い,19.79,26.6,2,,,,,,,,,,,
2025-07-13,丸亀,11,6,小山　勉,A1,31.55,6,,2.3887,6.9,36,30.4,0.195,4.8125,,,0,低,113,0,-,21,0,29.3,0.8114,,,,,,0.1302,0.0138,0.0888,,,D,○,,0.2112,0.654,,0.4142,A,75,0,◎-○軸 3着3〜4艇流し（10〜15点）,0.5777,"{'is_target': True, 'verdict': '参加推奨', 'max_combo_prob': 0.0851, 'est_top_odds': 15.7, 'circle_concentration': 65.8, 'eligible_count': 8, 'bet_adj': 2, 'reason': 'rel_win1=54.8%（本命度） / 最有力組み合わせ確率: 0.085（推定実オッズ?16倍） / 2着集中度: 上位2艇 65.8%（補正+0.00） / 総合判定確率: 0.085 / → ヒモ分散。1号艇1着固定で広めのヒモ流し推奨（買い目+2点）', 'tenji_trigger': '展示確認: ヒモ分散レース。1号艇伸び確認後、広めのヒモ流しを採用。穴ヒモ（5・6号艇）を積極的に含める。'}",,,28,逃げ狙い,19.79,26.6,2,,,,,,,,,,,
2025-07-13,丸亀,12,1,向井美鈴,A2,39.58,1,◎,58.8975,,0,90.6,0.1578,3.0391,,,0,低,136,0,逃1%,45,0,70.6,0.9849,0.68,,,,,0.264,0.048,0.116,◎,,B,△,,,0.604,,0.4657,A,79,0,◎-○軸 3着3〜4艇流し（10〜15点）,0.5777,"{'is_target': True, 'verdict': '参加推奨', 'max_combo_prob': 0.0661, 'est_top_odds': 20.2, 'circle_concentration': 60.4, 'eligible_count': 8, 'bet_adj': 2, 'reason': 'rel_win1=58.9%（本命度） / 最有力組み合わせ確率: 0.066（推定実オッズ?20倍） / 2着集中度: 上位2艇 60.4%（補正+0.00） / 総合判定確率: 0.066 / → ヒモ分散。1号艇1着固定で広めのヒモ流し推奨（買い目+2点）', 'tenji_trigger': '展示確認: ヒモ分散レース。1号艇伸び確認後、広めのヒモ流しを採用。穴ヒモ（5・6号艇）を積極的に含める。'}",,,33.5,逃げ狙い,30.67,33,2,,,,,0,0,0.7559,0,,逃げ軸流し,A
2025-07-13,丸亀,12,2,渡邉優美,A1,29.12,2,○,22.1613,33.2,96,79.2,0.1512,3.3542,,,0,低,44,0,差0% 抜0%,44,0,73.7,1.359,0,0.5,0,0,0.0833,0.2078,0.1584,0.0182,,◎,D,◎,,0.4873,0.6535,,0.4657,A,79,0,◎-○軸 3着3〜4艇流し（10〜15点）,0.5777,"{'is_target': True, 'verdict': '参加推奨', 'max_combo_prob': 0.0661, 'est_top_odds': 20.2, 'circle_concentration': 60.4, 'eligible_count': 8, 'bet_adj': 2, 'reason': 'rel_win1=58.9%（本命度） / 最有力組み合わせ確率: 0.066（推定実オッズ?20倍） / 2着集中度: 上位2艇 60.4%（補正+0.00） / 総合判定確率: 0.066 / → ヒモ分散。1号艇1着固定で広めのヒモ流し推奨（買い目+2点）', 'tenji_trigger': '展示確認: ヒモ分散レース。1号艇伸び確認後、広めのヒモ流しを採用。穴ヒモ（5・6号艇）を積極的に含める。'}",,,33.5,逃げ狙い,30.67,33,2,,,,,,,,,,,
2025-07-13,丸亀,12,3,前田紗希,A2,45.00,3,▲,8.443,27.2,100,68.2,0.1645,2.6136,,,0,低,38,0,-,21,0,51.1,1.1452,,,,,,0,0.0909,0.0909,,,A,,,0.2609,0.5515,,0.4657,A,79,0,◎-○軸 3着3〜4艇流し（10〜15点）,0.5777,"{'is_target': True, 'verdict': '参加推奨', 'max_combo_prob': 0.0661, 'est_top_odds': 20.2, 'circle_concentration': 60.4, 'eligible_count': 8, 'bet_adj': 2, 'reason': 'rel_win1=58.9%（本命度） / 最有力組み合わせ確率: 0.066（推定実オッズ?20倍） / 2着集中度: 上位2艇 60.4%（補正+0.00） / 総合判定確率: 0.066 / → ヒモ分散。1号艇1着固定で広めのヒモ流し推奨（買い目+2点）', 'tenji_trigger': '展示確認: ヒモ分散レース。1号艇伸び確認後、広めのヒモ流しを採用。穴ヒモ（5・6号艇）を積極的に含める。'}",,,33.5,逃げ狙い,30.67,33,2,,,,,,,,,,,
2025-07-13,丸亀,12,4,前原　哉,B1,32.09,4,△,6.7285,12.7,94,37.1,0.2057,4.3,,,0,低,107,0,抜0%,56,0,22.8,0.8021,0,0,0,0,0.1111,0,0.4286,0.1429,,,C,,,0.135,0.5705,,0.4657,A,79,0,◎-○軸 3着3〜4艇流し（10〜15点）,0.5777,"{'is_target': True, 'verdict': '参加推奨', 'max_combo_prob': 0.0661, 'est_top_odds': 20.2, 'circle_concentration': 60.4, 'eligible_count': 8, 'bet_adj': 2, 'reason': 'rel_win1=58.9%（本命度） / 最有力組み合わせ確率: 0.066（推定実オッズ?20倍） / 2着集中度: 上位2艇 60.4%（補正+0.00） / 総合判定確率: 0.066 / → ヒモ分散。1号艇1着固定で広めのヒモ流し推奨（買い目+2点）', 'tenji_trigger': '展示確認: ヒモ分散レース。1号艇伸び確認後、広めのヒモ流しを採用。穴ヒモ（5・6号艇）を積極的に含める。'}",,,33.5,逃げ狙い,30.67,33,2,,,,,,,,,,,
2025-07-13,丸亀,12,5,浜田亜理,A1,26.32,5,,2.8925,25.8,65,61.1,0.1572,3.3333,,,0,低,41,0,-,11,0,88.5,1.5536,,,,,,0.2857,0,0.1429,,,E,○,,0.3119,0.6285,,0.4657,A,79,0,◎-○軸 3着3〜4艇流し（10〜15点）,0.5777,"{'is_target': True, 'verdict': '参加推奨', 'max_combo_prob': 0.0661, 'est_top_odds': 20.2, 'circle_concentration': 60.4, 'eligible_count': 8, 'bet_adj': 2, 'reason': 'rel_win1=58.9%（本命度） / 最有力組み合わせ確率: 0.066（推定実オッズ?20倍） / 2着集中度: 上位2艇 60.4%（補正+0.00） / 総合判定確率: 0.066 / → ヒモ分散。1号艇1着固定で広めのヒモ流し推奨（買い目+2点）', 'tenji_trigger': '展示確認: ヒモ分散レース。1号艇伸び確認後、広めのヒモ流しを採用。穴ヒモ（5・6号艇）を積極的に含める。'}",,,33.5,逃げ狙い,30.67,33,2,,,,,,,,,,,
2025-07-13,丸亀,12,6,山下友貴,B1,28.88,6,,0.8772,1.1,37,21.4,0.1964,4.6429,,,0,低,98,0,-,52,0,41.6,0.9389,,,,,,0.0308,0.1615,0.1615,,,D,△,,0.1872,0.5825,,0.4657,A,79,0,◎-○軸 3着3〜4艇流し（10〜15点）,0.5777,"{'is_target': True, 'verdict': '参加推奨', 'max_combo_prob': 0.0661, 'est_top_odds': 20.2, 'circle_concentration': 60.4, 'eligible_count': 8, 'bet_adj': 2, 'reason': 'rel_win1=58.9%（本命度） / 最有力組み合わせ確率: 0.066（推定実オッズ?20倍） / 2着集中度: 上位2艇 60.4%（補正+0.00） / 総合判定確率: 0.066 / → ヒモ分散。1号艇1着固定で広めのヒモ流し推奨（買い目+2点）', 'tenji_trigger': '展示確認: ヒモ分散レース。1号艇伸び確認後、広めのヒモ流しを採用。穴ヒモ（5・6号艇）を積極的に含める。'}",,,33.5,逃げ狙い,30.67,33,2,,,,,,,,,,,
2025-07-14,丸亀,1,1,真庭明志,B1,39.89,1,◎,66.0625,,0,91,0.1258,2.5449,,,0,低,95,0,逃1%,5 12,0,82.9,1.0119,0.6176,,,,,0.1444,0.0235,0.1679,◎,,B,◎,,,0.678,,0.6533,S,85,0,◎1着固定 2-3着流し（5〜8点）,0.5777,"{'is_target': True, 'verdict': '点数絞り', 'max_combo_prob': 0.1422, 'est_top_odds': 9.4, 'circle_concentration': 79.5, 'eligible_count': 6, 'bet_adj': 0, 'reason': 'rel_win1=66.1%（本命度） / 最有力組み合わせ確率: 0.142（推定実オッズ?9倍） / 2着集中度: 上位2艇 79.5%（補正+0.04） / 総合判定確率: 0.182 / → ヒモはやや固め。上位2艇以外を切ること', 'tenji_trigger': '展示確認: 1号艇伸び良→そのまま採用。悪→飛び組に差し替え。circle_pct上位2艇に絞り込むこと。\n展示で1号艇スタート超安定(0.126秒)→ヒモ固まり方向に注意'}",,,26.8,逃げ狙い,13.7,28.4,2,,,,,0,0,0.7559,0,,逃げ軸流し,A
2025-07-14,丸亀,1,2,塩崎優司,B1,38.97,2,▲,10.1309,57.7,58,46.8,0.1769,3.7661,,,0,低,128,0,ま0% 抜0%,265,0,31,0.7857,0,0,0.0741,0,0.037,0.0533,0.1657,0.0533,,,C,△,,0.0814,0.591,,0.6533,S,85,0,◎1着固定 2-3着流し（5〜8点）,0.5777,"{'is_target': True, 'verdict': '点数絞り', 'max_combo_prob': 0.1422, 'est_top_odds': 9.4, 'circle_concentration': 79.5, 'eligible_count': 6, 'bet_adj': 0, 'reason': 'rel_win1=66.1%（本命度） / 最有力組み合わせ確率: 0.142（推定実オッズ?9倍） / 2着集中度: 上位2艇 79.5%（補正+0.04） / 総合判定確率: 0.182 / → ヒモはやや固め。上位2艇以外を切ること', 'tenji_trigger': '展示確認: 1号艇伸び良→そのまま採用。悪→飛び組に差し替え。circle_pct上位2艇に絞り込むこと。\n展示で1号艇スタート超安定(0.126秒)→ヒモ固まり方向に注意'}",,,26.8,逃げ狙い,13.7,28.4,2,,,,,,,,,,,
2025-07-14,丸亀,1,3,大町利克,B1,30.89,3,,11.2451,21.8,61,45.8,0.1686,3.3729,,,0,低,176,0,-,356,0,20.2,0.6356,0,0.0357,0.0357,0,0.0357,0.3453,0.0842,0.1621,,,D,,,0.1198,0.5545,,0.6533,S,85,0,◎1着固定 2-3着流し（5〜8点）,0.5777,"{'is_target': True, 'verdict': '点数絞り', 'max_combo_prob': 0.1422, 'est_top_odds': 9.4, 'circle_concentration': 79.5, 'eligible_count': 6, 'bet_adj': 0, 'reason': 'rel_win1=66.1%（本命度） / 最有力組み合わせ確率: 0.142（推定実オッズ?9倍） / 2着集中度: 上位2艇 79.5%（補正+0.04） / 総合判定確率: 0.182 / → ヒモはやや固め。上位2艇以外を切ること', 'tenji_trigger': '展示確認: 1号艇伸び良→そのまま採用。悪→飛び組に差し替え。circle_pct上位2艇に絞り込むこと。\n展示で1号艇スタート超安定(0.126秒)→ヒモ固まり方向に注意'}",,,26.8,逃げ狙い,13.7,28.4,2,,,,,,,,,,,
2025-07-14,丸亀,1,4,佐藤駿介,B1,32.45,4,△,6.4902,6.9,53,18.8,0.167,3.4922,,,0,低,113,0,ま0%,6 46,0,26,0.613,0,0,0.0606,0,0,0.0333,0.25,0.2833,,,D,△,,0.1363,0.6255,,0.6533,S,85,0,◎1着固定 2-3着流し（5〜8点）,0.5777,"{'is_target': True, 'verdict': '点数絞り', 'max_combo_prob': 0.1422, 'est_top_odds': 9.4, 'circle_concentration': 79.5, 'eligible_count': 6, 'bet_adj': 0, 'reason': 'rel_win1=66.1%（本命度） / 最有力組み合わせ確率: 0.142（推定実オッズ?9倍） / 2着集中度: 上位2艇 79.5%（補正+0.04） / 総合判定確率: 0.182 / → ヒモはやや固め。上位2艇以外を切ること', 'tenji_trigger': '展示確認: 1号艇伸び良→そのまま採用。悪→飛び組に差し替え。circle_pct上位2艇に絞り込むこと。\n展示で1号艇スタート超安定(0.126秒)→ヒモ固まり方向に注意'}",,,26.8,逃げ狙い,13.7,28.4,2,,,,,,,,,,,
2025-07-14,丸亀,1,5,草場康幸,B1,41.03,5,○,3.9606,7.9,100,32.1,0.1511,3.3019,,,0,低,98,0,-,526,0,83.2,1.3567,,,,,,0.21,0.02,0,,,B,○,,0.2356,0.6715,,0.6533,S,85,0,◎1着固定 2-3着流し（5〜8点）,0.5777,"{'is_target': True, 'verdict': '点数絞り', 'max_combo_prob': 0.1422, 'est_top_odds': 9.4, 'circle_concentration': 79.5, 'eligible_count': 6, 'bet_adj': 0, 'reason': 'rel_win1=66.1%（本命度） / 最有力組み合わせ確率: 0.142（推定実オッズ?9倍） / 2着集中度: 上位2艇 79.5%（補正+0.04） / 総合判定確率: 0.182 / → ヒモはやや固め。上位2艇以外を切ること', 'tenji_trigger': '展示確認: 1号艇伸び良→そのまま採用。悪→飛び組に差し替え。circle_pct上位2艇に絞り込むこと。\n展示で1号艇スタート超安定(0.126秒)→ヒモ固まり方向に注意'}",,,26.8,逃げ狙い,13.7,28.4,2,,,,,,,,,,,
2025-07-14,丸亀,1,6,坂口貴彦,B1,29.56,6,,2.1107,5.7,54,16.7,0.2019,4.2188,,,0,低,134,0,-,264,0,23.1,0.6239,,,,,,0.0471,0.1235,0.1471,,,E,△,,0.1385,0.591,,0.6533,S,85,0,◎1着固定 2-3着流し（5〜8点）,0.5777,"{'is_target': True, 'verdict': '点数絞り', 'max_combo_prob': 0.1422, 'est_top_odds': 9.4, 'circle_concentration': 79.5, 'eligible_count': 6, 'bet_adj': 0, 'reason': 'rel_win1=66.1%（本命度） / 最有力組み合わせ確率: 0.142（推定実オッズ?9倍） / 2着集中度: 上位2艇 79.5%（補正+0.04） / 総合判定確率: 0.182 / → ヒモはやや固め。上位2艇以外を切ること', 'tenji_trigger': '展示確認: 1号艇伸び良→そのまま採用。悪→飛び組に差し替え。circle_pct上位2艇に絞り込むこと。\n展示で1号艇スタート超安定(0.126秒)→ヒモ固まり方向に注意'}",,,26.8,逃げ狙い,13.7,28.4,2,,,,,,,,,,,
2025-07-14,丸亀,2,1,井上大輔,B1,32.28,1,◎,52.3021,,0,90.7,0.1467,2.8704,,,0,低,121,0,逃1%,3 22,0,57.6,0.9641,0.5,,,,,0.22,0.14,0.06,◎,,D,○,,,0.6275,,0.5321,S,83,0,◎1着固定 2-3着流し（5〜8点）,0.5777,"{'is_target': True, 'verdict': '参加推奨', 'max_combo_prob': 0.0796, 'est_top_odds': 16.7, 'circle_concentration': 71.0, 'eligible_count': 6, 'bet_adj': 2, 'reason': 'rel_win1=52.3%（本命度） / 最有力組み合わせ確率: 0.080（推定実オッズ?17倍） / 2着集中度: 上位2艇 71.0%（補正+0.04） / 総合判定確率: 0.120 / → ヒモ分散。1号艇1着固定で広めのヒモ流し推奨（買い目+2点）', 'tenji_trigger': '展示確認: ヒモ分散レース。1号艇伸び確認後、広めのヒモ流しを採用。穴ヒモ（5・6号艇）を積極的に含める。'}",,,28.4,逃げ狙い,14.77,31.9,2,,,,,0,0,0.7559,0,,逃げ軸流し,A
2025-07-14,丸亀,2,2,北川幸典,B1,33.88,2,△,16.6199,40.6,61,66.7,0.1652,3.4697,,,0,低,79,0,抜0%,642,0,100,1.9802,0,0.1176,0.0588,0,0.0588,0.3125,0.125,0.1875,,,C,,,0.1726,0.5995,,0.5321,S,83,0,◎1着固定 2-3着流し（5〜8点）,0.5777,"{'is_target': True, 'verdict': '参加推奨', 'max_combo_prob': 0.0796, 'est_top_odds': 16.7, 'circle_concentration': 71.0, 'eligible_count': 6, 'bet_adj': 2, 'reason': 'rel_win1=52.3%（本命度） / 最有力組み合わせ確率: 0.080（推定実オッズ?17倍） / 2着集中度: 上位2艇 71.0%（補正+0.04） / 総合判定確率: 0.120 / → ヒモ分散。1号艇1着固定で広めのヒモ流し推奨（買い目+2点）', 'tenji_trigger': '展示確認: ヒモ分散レース。1号艇伸び確認後、広めのヒモ流しを採用。穴ヒモ（5・6号艇）を積極的に含める。'}",,,28.4,逃げ狙い,14.77,31.9,2,,,,,,,,,,,
2025-07-14,丸亀,2,3,大場広孝,B1,40.21,3,○,14.6967,30.3,81,60.6,0.1479,2.9848,,,0,低,117,0,ま0% 差ま0%,1 54,0,47.5,1.2515,0,0,0.0455,0.0909,0,0,0.4615,0.1538,,,B,◎,,0.3168,0.6415,,0.5321,S,83,0,◎1着固定 2-3着流し（5〜8点）,0.5777,"{'is_target': True, 'verdict': '参加推奨', 'max_combo_prob': 0.0796, 'est_top_odds': 16.7, 'circle_concentration': 71.0, 'eligible_count': 6, 'bet_adj': 2, 'reason': 'rel_win1=52.3%（本命度） / 最有力組み合わせ確率: 0.080（推定実オッズ?17倍） / 2着集中度: 上位2艇 71.0%（補正+0.04） / 総合判定確率: 0.120 / → ヒモ分散。1号艇1着固定で広めのヒモ流し推奨（買い目+2点）', 'tenji_trigger': '展示確認: ヒモ分散レース。1号艇伸び確認後、広めのヒモ流しを採用。穴ヒモ（5・6号艇）を積極的に含める。'}",,,28.4,逃げ狙い,14.77,31.9,2,,,,,,,,,,,
2025-07-14,丸亀,2,4,大久保信,B1,27.13,4,,9.7221,17.5,100,60.5,0.1861,3.8158,,,0,低,100,0,差0% 差ま0%,1 33,0,50.6,1.2449,0,0.08,0,0.04,0,0.2381,0,0.0952,,,E,△,,0.1568,0.6015,,0.5321,S,83,0,◎1着固定 2-3着流し（5〜8点）,0.5777,"{'is_target': True, 'verdict': '参加推奨', 'max_combo_prob': 0.0796, 'est_top_odds': 16.7, 'circle_concentration': 71.0, 'eligible_count': 6, 'bet_adj': 2, 'reason': 'rel_win1=52.3%（本命度） / 最有力組み合わせ確率: 0.080（推定実オッズ?17倍） / 2着集中度: 上位2艇 71.0%（補正+0.04） / 総合判定確率: 0.120 / → ヒモ分散。1号艇1着固定で広めのヒモ流し推奨（買い目+2点）', 'tenji_trigger': '展示確認: ヒモ分散レース。1号艇伸び確認後、広めのヒモ流しを採用。穴ヒモ（5・6号艇）を積極的に含める。'}",,,28.4,逃げ狙い,14.77,31.9,2,,,,,,,,,,,
2025-07-14,丸亀,2,5,塩田雄一,B1,45.74,5,▲,4.27,9.1,34,27.9,0.1693,3.9262,,,0,低,147,0,-,342,0,48.9,1.1364,,,,,,0.4143,0.0952,0.2071,,,A,,,0.2619,0.5565,,0.5321,S,83,0,◎1着固定 2-3着流し（5〜8点）,0.5777,"{'is_target': True, 'verdict': '参加推奨', 'max_combo_prob': 0.0796, 'est_top_odds': 16.7, 'circle_concentration': 71.0, 'eligible_count': 6, 'bet_adj': 2, 'reason': 'rel_win1=52.3%（本命度） / 最有力組み合わせ確率: 0.080（推定実オッズ?17倍） / 2着集中度: 上位2艇 71.0%（補正+0.04） / 総合判定確率: 0.120 / → ヒモ分散。1号艇1着固定で広めのヒモ流し推奨（買い目+2点）', 'tenji_trigger': '展示確認: ヒモ分散レース。1号艇伸び確認後、広めのヒモ流しを採用。穴ヒモ（5・6号艇）を積極的に含める。'}",,,28.4,逃げ狙い,14.77,31.9,2,,,,,,,,,,,
2025-07-14,丸亀,2,6,向井美鈴,A2,39.58,6,,2.3892,2.4,52,16.7,0.1981,4.2037,,,0,低,136,0,-,4522,0,27.9,0.86,0,0.0476,0,0,0,0.264,0.048,0.116,,,C,△,,0.1379,0.604,,0.5321,S,83,0,◎1着固定 2-3着流し（5〜8点）,0.5777,"{'is_target': True, 'verdict': '参加推奨', 'max_combo_prob': 0.0796, 'est_top_odds': 16.7, 'circle_concentration': 71.0, 'eligible_count': 6, 'bet_adj': 2, 'reason': 'rel_win1=52.3%（本命度） / 最有力組み合わせ確率: 0.080（推定実オッズ?17倍） / 2着集中度: 上位2艇 71.0%（補正+0.04） / 総合判定確率: 0.120 / → ヒモ分散。1号艇1着固定で広めのヒモ流し推奨（買い目+2点）', 'tenji_trigger': '展示確認: ヒモ分散レース。1号艇伸び確認後、広めのヒモ流しを採用。穴ヒモ（5・6号艇）を積極的に含める。'}",,,28.4,逃げ狙い,14.77,31.9,2,,,,,,,,,,,
2025-07-14,丸亀,3,1,山下友貴,B1,28.88,1,◎,50.732,,0,73.3,0.1687,3.35,,,0,低,98,0,逃1%,5234,0,62.1,0.9526,0.6154,,,,,0.0308,0.1615,0.1615,○,,D,△,,,0.5825,,0.3976,B,57,0,◎○△フォーメーション（15〜20点）,0.5777,"{'is_target': True, 'verdict': '参加推奨', 'max_combo_prob': 0.0636, 'est_top_odds': 21.0, 'circle_concentration': 64.0, 'eligible_count': 9, 'bet_adj': 2, 'reason': 'rel_win1=50.7%（本命度） / 最有力組み合わせ確率: 0.064（推定実オッズ?21倍） / 2着集中度: 上位2艇 64.0%（補正+0.00） / 総合判定確率: 0.064 / → ヒモ分散。1号艇1着固定で広めのヒモ流し推奨（買い目+2点）', 'tenji_trigger': '展示確認: ヒモ分散レース。1号艇伸び確認後、広めのヒモ流しを採用。穴ヒモ（5・6号艇）を積極的に含める。'}",,,22,両建て推奨,12.6,29.9,4,,,,,0,0,0.6155,0,,逃げ軸流し,A
2025-07-14,丸亀,3,2,増本杏珠,B1,31.22,2,△,12.5006,33.1,75,9.1,0.2336,4.5,,,0,低,74,1,-,624,0,13,0.5484,,,,,,0.1667,0.5,0.1667,,,C,,,0.0775,0.5195,,0.3976,B,57,0,◎○△フォーメーション（15〜20点）,0.5777,"{'is_target': True, 'verdict': '参加推奨', 'max_combo_prob': 0.0636, 'est_top_odds': 21.0, 'circle_concentration': 64.0, 'eligible_count': 9, 'bet_adj': 2, 'reason': 'rel_win1=50.7%（本命度） / 最有力組み合わせ確率: 0.064（推定実オッズ?21倍） / 2着集中度: 上位2艇 64.0%（補正+0.00） / 総合判定確率: 0.064 / → ヒモ分散。1号艇1着固定で広めのヒモ流し推奨（買い目+2点）', 'tenji_trigger': '展示確認: ヒモ分散レース。1号艇伸び確認後、広めのヒモ流しを採用。穴ヒモ（5・6号艇）を積極的に含める。'}",,,22,両建て推奨,12.6,29.9,4,,,,,,,,,,,
2025-07-14,丸亀,3,3,中村駿平,B1,30.00,3,,12.6459,22.1,48,32.5,0.1712,3.4125,,,0,低,91,0,ま0%,6 26,0,68.2,0.8142,0,0,0.0435,0,0,0.1815,0.3631,0.0923,,,D,△,,0.2692,0.618,,0.3976,B,57,0,◎○△フォーメーション（15〜20点）,0.5777,"{'is_target': True, 'verdict': '参加推奨', 'max_combo_prob': 0.0636, 'est_top_odds': 21.0, 'circle_concentration': 64.0, 'eligible_count': 9, 'bet_adj': 2, 'reason': 'rel_win1=50.7%（本命度） / 最有力組み合わせ確率: 0.064（推定実オッズ?21倍） / 2着集中度: 上位2艇 64.0%（補正+0.00） / 総合判定確率: 0.064 / → ヒモ分散。1号艇1着固定で広めのヒモ流し推奨（買い目+2点）', 'tenji_trigger': '展示確認: ヒモ分散レース。1号艇伸び確認後、広めのヒモ流しを採用。穴ヒモ（5・6号艇）を積極的に含める。'}",,,22,両建て推奨,12.6,29.9,4,,,,,,,,,,,
2025-07-14,丸亀,3,4,小山　勉,A1,31.55,4,○,12.0771,30.9,100,69.1,0.1478,3.4364,,,0,低,113,0,-,2146,0,52.2,1.0415,0,0.0556,0,0.0556,0,0.1302,0.0138,0.0888,,,C,◎,◎,0.3704,0.654,0.3991,0.3976,B,57,0,◎○△フォーメーション（15〜20点）,0.5777,"{'is_target': True, 'verdict': '参加推奨', 'max_combo_prob': 0.0636, 'est_top_odds': 21.0, 'circle_concentration': 64.0, 'eligible_count': 9, 'bet_adj': 2, 'reason': 'rel_win1=50.7%（本命度） / 最有力組み合わせ確率: 0.064（推定実オッズ?21倍） / 2着集中度: 上位2艇 64.0%（補正+0.00） / 総合判定確率: 0.064 / → ヒモ分散。1号艇1着固定で広めのヒモ流し推奨（買い目+2点）', 'tenji_trigger': '展示確認: ヒモ分散レース。1号艇伸び確認後、広めのヒモ流しを採用。穴ヒモ（5・6号艇）を積極的に含める。'}",,,22,両建て推奨,12.6,29.9,4,,,,,,,,,,,
2025-07-14,丸亀,3,5,山田真聖,B1,27.75,5,,8.2451,7.8,61,28.8,0.1606,3.5606,,,0,低,94,0,-,2 65,0,100,2.1719,0,0,0.027,0.027,0,0.0952,0.1771,0.019,,,E,○,,0.3091,0.619,,0.3976,B,57,0,◎○△フォーメーション（15〜20点）,0.5777,"{'is_target': True, 'verdict': '参加推奨', 'max_combo_prob': 0.0636, 'est_top_odds': 21.0, 'circle_concentration': 64.0, 'eligible_count': 9, 'bet_adj': 2, 'reason': 'rel_win1=50.7%（本命度） / 最有力組み合わせ確率: 0.064（推定実オッズ?21倍） / 2着集中度: 上位2艇 64.0%（補正+0.00） / 総合判定確率: 0.064 / → ヒモ分散。1号艇1着固定で広めのヒモ流し推奨（買い目+2点）', 'tenji_trigger': '展示確認: ヒモ分散レース。1号艇伸び確認後、広めのヒモ流しを採用。穴ヒモ（5・6号艇）を積極的に含める。'}",,,22,両建て推奨,12.6,29.9,4,,,,,,,,,,,
2025-07-14,丸亀,3,6,前田紗希,A2,45.00,6,▲,3.7993,6.1,55,36.4,0.1682,3.7727,,,0,低,38,0,差0%,2135,0,34.3,1.4478,0,0.0909,0,0,0,0,0.0909,0.0909,,,A,,,0.2953,0.5515,,0.3976,B,57,0,◎○△フォーメーション（15〜20点）,0.5777,"{'is_target': True, 'verdict': '参加推奨', 'max_combo_prob': 0.0636, 'est_top_odds': 21.0, 'circle_concentration': 64.0, 'eligible_count': 9, 'bet_adj': 2, 'reason': 'rel_win1=50.7%（本命度） / 最有力組み合わせ確率: 0.064（推定実オッズ?21倍） / 2着集中度: 上位2艇 64.0%（補正+0.00） / 総合判定確率: 0.064 / → ヒモ分散。1号艇1着固定で広めのヒモ流し推奨（買い目+2点）', 'tenji_trigger': '展示確認: ヒモ分散レース。1号艇伸び確認後、広めのヒモ流しを採用。穴ヒモ（5・6号艇）を積極的に含める。'}",,,22,両建て推奨,12.6,29.9,4,,,,,,,,,,,
2025-07-14,丸亀,4,1,吉村　誠,A2,30.61,1,◎,50.9986,,0,90.8,0.1324,2.4655,,,0,低,86,0,逃0%,232,0,87,1.281,0.6098,,,,,0.0098,0.0195,0.1735,◎,,C,◎,,,0.675,,0.6519,S,100,0,◎1着固定 2-3着流し（5〜8点）,0.5777,"{'is_target': True, 'verdict': '参加推奨', 'max_combo_prob': 0.0828, 'est_top_odds': 16.1, 'circle_concentration': 66.7, 'eligible_count': 6, 'bet_adj': 2, 'reason': 'rel_win1=51.0%（本命度） / 最有力組み合わせ確率: 0.083（推定実オッズ?16倍） / 2着集中度: 上位2艇 66.7%（補正+0.00） / 総合判定確率: 0.083 / → ヒモ分散。1号艇1着固定で広めのヒモ流し推奨（買い目+2点）', 'tenji_trigger': '展示確認: ヒモ分散レース。1号艇伸び確認後、広めのヒモ流しを採用。穴ヒモ（5・6号艇）を積極的に含める。\n展示で1号艇スタート超安定(0.132秒)→ヒモ固まり方向に注意'}",,,27,逃げ狙い,19.02,24.3,4,,,,,0,0,0.7559,0,,逃げ軸流し,A
2025-07-14,丸亀,4,2,野相弘司,B1,25.44,2,,10.6587,44.7,55,50.9,0.1715,3.7182,,,0,低,120,0,-,54S6,0,67.4,1.489,0,0.0435,0.0435,0,0,0.1896,0.1548,0.087,,,E,,,0.0604,0.6095,,0.6519,S,100,0,◎1着固定 2-3着流し（5〜8点）,0.5777,"{'is_target': True, 'verdict': '参加推奨', 'max_combo_prob': 0.0828, 'est_top_odds': 16.1, 'circle_concentration': 66.7, 'eligible_count': 6, 'bet_adj': 2, 'reason': 'rel_win1=51.0%（本命度） / 最有力組み合わせ確率: 0.083（推定実オッズ?16倍） / 2着集中度: 上位2艇 66.7%（補正+0.00） / 総合判定確率: 0.083 / → ヒモ分散。1号艇1着固定で広めのヒモ流し推奨（買い目+2点）', 'tenji_trigger': '展示確認: ヒモ分散レース。1号艇伸び確認後、広めのヒモ流しを採用。穴ヒモ（5・6号艇）を積極的に含める。\n展示で1号艇スタート超安定(0.132秒)→ヒモ固まり方向に注意'}",,,27,逃げ狙い,19.02,24.3,4,,,,,,,,,,,
2025-07-14,丸亀,4,3,木村光宏,B1,42.11,3,▲,12.3007,19.4,100,53.1,0.1851,3.602,,,0,低,99,0,差0% ま0%,1 33,0,26.6,0.959,0,0.0385,0.0385,0,0,0.3952,0.3571,0.0571,,,A,△,,0.1124,0.6335,,0.6519,S,100,0,◎1着固定 2-3着流し（5〜8点）,0.5777,"{'is_target': True, 'verdict': '参加推奨', 'max_combo_prob': 0.0828, 'est_top_odds': 16.1, 'circle_concentration': 66.7, 'eligible_count': 6, 'bet_adj': 2, 'reason': 'rel_win1=51.0%（本命度） / 最有力組み合わせ確率: 0.083（推定実オッズ?16倍） / 2着集中度: 上位2艇 66.7%（補正+0.00） / 総合判定確率: 0.083 / → ヒモ分散。1号艇1着固定で広めのヒモ流し推奨（買い目+2点）', 'tenji_trigger': '展示確認: ヒモ分散レース。1号艇伸び確認後、広めのヒモ流しを採用。穴ヒモ（5・6号艇）を積極的に含める。\n展示で1号艇スタート超安定(0.132秒)→ヒモ固まり方向に注意'}",,,27,逃げ狙い,19.02,24.3,4,,,,,,,,,,,
2025-07-14,丸亀,4,4,鈴木賢一,B1,27.78,4,,12.1979,8.9,72,39.3,0.1734,3.6393,,,0,低,131,0,-,1 55,0,34.8,0.7887,0,0,0.087,0.0435,0,0.3091,0.0364,0.0727,,,D,△,◎,0.1445,0.6275,0.2003,0.6519,S,100,0,◎1着固定 2-3着流し（5〜8点）,0.5777,"{'is_target': True, 'verdict': '参加推奨', 'max_combo_prob': 0.0828, 'est_top_odds': 16.1, 'circle_concentration': 66.7, 'eligible_count': 6, 'bet_adj': 2, 'reason': 'rel_win1=51.0%（本命度） / 最有力組み合わせ確率: 0.083（推定実オッズ?16倍） / 2着集中度: 上位2艇 66.7%（補正+0.00） / 総合判定確率: 0.083 / → ヒモ分散。1号艇1着固定で広めのヒモ流し推奨（買い目+2点）', 'tenji_trigger': '展示確認: ヒモ分散レース。1号艇伸び確認後、広めのヒモ流しを採用。穴ヒモ（5・6号艇）を積極的に含める。\n展示で1号艇スタート超安定(0.132秒)→ヒモ固まり方向に注意'}",,,27,逃げ狙い,19.02,24.3,4,,,,,,,,,,,
2025-07-14,丸亀,4,5,渡邉優美,A1,29.12,5,△,11.5318,22.1,71,70.8,0.1617,3.2708,,,0,低,44,0,ま0% 差ま0%,4411,0,100,2.1181,0,0,0.0909,0.1818,0,0.2078,0.1584,0.0182,,,D,○,,0.2325,0.6535,,0.6519,S,100,0,◎1着固定 2-3着流し（5〜8点）,0.5777,"{'is_target': True, 'verdict': '参加推奨', 'max_combo_prob': 0.0828, 'est_top_odds': 16.1, 'circle_concentration': 66.7, 'eligible_count': 6, 'bet_adj': 2, 'reason': 'rel_win1=51.0%（本命度） / 最有力組み合わせ確率: 0.083（推定実オッズ?16倍） / 2着集中度: 上位2艇 66.7%（補正+0.00） / 総合判定確率: 0.083 / → ヒモ分散。1号艇1着固定で広めのヒモ流し推奨（買い目+2点）', 'tenji_trigger': '展示確認: ヒモ分散レース。1号艇伸び確認後、広めのヒモ流しを採用。穴ヒモ（5・6号艇）を積極的に含める。\n展示で1号艇スタート超安定(0.132秒)→ヒモ固まり方向に注意'}",,,27,逃げ狙い,19.02,24.3,4,,,,,,,,,,,
2025-07-14,丸亀,4,6,松江秀徳,A2,33.16,6,○,2.3124,5,32,20,0.155,3.2625,,,0,低,115,0,-,4465,0,28.6,0.9394,,,,,,0.0353,0.0471,0.1456,,,C,,,0.2396,0.6255,,0.6519,S,100,0,◎1着固定 2-3着流し（5〜8点）,0.5777,"{'is_target': True, 'verdict': '参加推奨', 'max_combo_prob': 0.0828, 'est_top_odds': 16.1, 'circle_concentration': 66.7, 'eligible_count': 6, 'bet_adj': 2, 'reason': 'rel_win1=51.0%（本命度） / 最有力組み合わせ確率: 0.083（推定実オッズ?16倍） / 2着集中度: 上位2艇 66.7%（補正+0.00） / 総合判定確率: 0.083 / → ヒモ分散。1号艇1着固定で広めのヒモ流し推奨（買い目+2点）', 'tenji_trigger': '展示確認: ヒモ分散レース。1号艇伸び確認後、広めのヒモ流しを採用。穴ヒモ（5・6号艇）を積極的に含める。\n展示で1号艇スタート超安定(0.132秒)→ヒモ固まり方向に注意'}",,,27,逃げ狙い,19.02,24.3,4,,,,,,,,,,,
2025-07-14,丸亀,5,1,岸本　隆,A2,39.18,1,◎,57.7507,,0,82.7,0.139,2.7308,,,0,低,91,0,逃1%,5 13,0,83.3,1.216,0.5,,,,,0.0769,0.1538,0.1923,◎,,C,,,,0.6225,,0.573,S,83,0,◎1着固定 2-3着流し（5〜8点）,0.5777,"{'is_target': True, 'verdict': '参加推奨', 'max_combo_prob': 0.0543, 'est_top_odds': 24.6, 'circle_concentration': 51.0, 'eligible_count': 6, 'bet_adj': 2, 'reason': 'rel_win1=57.8%（本命度） / 最有力組み合わせ確率: 0.054（推定実オッズ?25倍） / 2着集中度: 上位2艇 51.0%（補正-0.04） / 総合判定確率: 0.014 / → ヒモ分散。1号艇1着固定で広めのヒモ流し推奨（買い目+2点）', 'tenji_trigger': '展示確認: ヒモ分散レース。1号艇伸び確認後、広めのヒモ流しを採用。穴ヒモ（5・6号艇）を積極的に含める。\n展示で1号艇スタート超安定(0.139秒)→ヒモ固まり方向に注意'}",,,26.8,逃げ狙い,12.5,29.5,2,,,,,0,0,0.7559,0,,逃げ軸流し,A
2025-07-14,丸亀,5,2,大町利克,B1,30.89,2,,8.2491,27.8,100,46,0.1924,4.4127,,,0,低,176,0,抜1%,356,0,17.6,0.6081,0,0,0,0,0.0714,0.3453,0.0842,0.1621,,,D,,,0.089,0.5545,,0.573,S,83,0,◎1着固定 2-3着流し（5〜8点）,0.5777,"{'is_target': True, 'verdict': '参加推奨', 'max_combo_prob': 0.0543, 'est_top_odds': 24.6, 'circle_concentration': 51.0, 'eligible_count': 6, 'bet_adj': 2, 'reason': 'rel_win1=57.8%（本命度） / 最有力組み合わせ確率: 0.054（推定実オッズ?25倍） / 2着集中度: 上位2艇 51.0%（補正-0.04） / 総合判定確率: 0.014 / → ヒモ分散。1号艇1着固定で広めのヒモ流し推奨（買い目+2点）', 'tenji_trigger': '展示確認: ヒモ分散レース。1号艇伸び確認後、広めのヒモ流しを採用。穴ヒモ（5・6号艇）を積極的に含める。\n展示で1号艇スタート超安定(0.139秒)→ヒモ固まり方向に注意'}",,,26.8,逃げ狙い,12.5,29.5,2,,,,,,,,,,,
2025-07-14,丸亀,5,3,尾崎雄二,B1,42.11,3,○,9.5753,22.4,83,53.5,0.1583,3.3592,,,0,低,133,0,-,2343,0,80.7,1.0448,0,0,0,0.0882,0,0.1667,0.1667,0.0556,,,B,○,,0.2175,0.6365,,0.573,S,83,0,◎1着固定 2-3着流し（5〜8点）,0.5777,"{'is_target': True, 'verdict': '参加推奨', 'max_combo_prob': 0.0543, 'est_top_odds': 24.6, 'circle_concentration': 51.0, 'eligible_count': 6, 'bet_adj': 2, 'reason': 'rel_win1=57.8%（本命度） / 最有力組み合わせ確率: 0.054（推定実オッズ?25倍） / 2着集中度: 上位2艇 51.0%（補正-0.04） / 総合判定確率: 0.014 / → ヒモ分散。1号艇1着固定で広めのヒモ流し推奨（買い目+2点）', 'tenji_trigger': '展示確認: ヒモ分散レース。1号艇伸び確認後、広めのヒモ流しを採用。穴ヒモ（5・6号艇）を積極的に含める。\n展示で1号艇スタート超安定(0.139秒)→ヒモ固まり方向に注意'}",,,26.8,逃げ狙い,12.5,29.5,2,,,,,,,,,,,
2025-07-14,丸亀,5,4,佃　來紀,B1,35.75,4,▲,14.9914,16.6,98,57.1,0.1614,3.2381,,,0,低,88,0,ま0% 差ま0%,415,0,69.8,1.4134,0,0,0.1,0.05,0,0.0308,0.0615,0.0308,,,C,△,◎,0.2394,0.6245,0.2901,0.573,S,83,0,◎1着固定 2-3着流し（5〜8点）,0.5777,"{'is_target': True, 'verdict': '参加推奨', 'max_combo_prob': 0.0543, 'est_top_odds': 24.6, 'circle_concentration': 51.0, 'eligible_count': 6, 'bet_adj': 2, 'reason': 'rel_win1=57.8%（本命度） / 最有力組み合わせ確率: 0.054（推定実オッズ?25倍） / 2着集中度: 上位2艇 51.0%（補正-0.04） / 総合判定確率: 0.014 / → ヒモ分散。1号艇1着固定で広めのヒモ流し推奨（買い目+2点）', 'tenji_trigger': '展示確認: ヒモ分散レース。1号艇伸び確認後、広めのヒモ流しを採用。穴ヒモ（5・6号艇）を積極的に含める。\n展示で1号艇スタート超安定(0.139秒)→ヒモ固まり方向に注意'}",,,26.8,逃げ狙い,12.5,29.5,2,,,,,,,,,,,
2025-07-14,丸亀,5,5,浜田亜理,A1,26.32,5,,5.0967,23.1,51,61.1,0.1572,3.3333,,,0,低,41,0,-,1153,0,44.2,1.6129,,,,,,0.2857,0,0.1429,,,E,△,,0.2762,0.6285,,0.573,S,83,0,◎1着固定 2-3着流し（5〜8点）,0.5777,"{'is_target': True, 'verdict': '参加推奨', 'max_combo_prob': 0.0543, 'est_top_odds': 24.6, 'circle_concentration': 51.0, 'eligible_count': 6, 'bet_adj': 2, 'reason': 'rel_win1=57.8%（本命度） / 最有力組み合わせ確率: 0.054（推定実オッズ?25倍） / 2着集中度: 上位2艇 51.0%（補正-0.04） / 総合判定確率: 0.014 / → ヒモ分散。1号艇1着固定で広めのヒモ流し推奨（買い目+2点）', 'tenji_trigger': '展示確認: ヒモ分散レース。1号艇伸び確認後、広めのヒモ流しを採用。穴ヒモ（5・6号艇）を積極的に含める。\n展示で1号艇スタート超安定(0.139秒)→ヒモ固まり方向に注意'}",,,26.8,逃げ狙い,12.5,29.5,2,,,,,,,,,,,
2025-07-14,丸亀,5,6,辻　栄蔵,A1,40.74,6,△,4.3368,10,58,66.7,0.1661,3.7222,,,0,低,45,0,差ま0%,3311,0,100,2.5389,0,0,0,0.0345,0,0,0.1699,0.1278,,,B,◎,,0.2158,0.672,,0.573,S,83,0,◎1着固定 2-3着流し（5〜8点）,0.5777,"{'is_target': True, 'verdict': '参加推奨', 'max_combo_prob': 0.0543, 'est_top_odds': 24.6, 'circle_concentration': 51.0, 'eligible_count': 6, 'bet_adj': 2, 'reason': 'rel_win1=57.8%（本命度） / 最有力組み合わせ確率: 0.054（推定実オッズ?25倍） / 2着集中度: 上位2艇 51.0%（補正-0.04） / 総合判定確率: 0.014 / → ヒモ分散。1号艇1着固定で広めのヒモ流し推奨（買い目+2点）', 'tenji_trigger': '展示確認: ヒモ分散レース。1号艇伸び確認後、広めのヒモ流しを採用。穴ヒモ（5・6号艇）を積極的に含める。\n展示で1号艇スタート超安定(0.139秒)→ヒモ固まり方向に注意'}",,,26.8,逃げ狙い,12.5,29.5,2,,,,,,,,,,,
2025-07-14,丸亀,6,1,新開　航,A1,35.64,1,◎,57.5368,,0,97.1,0.1421,3,,,0,低,38,0,逃1%,1644,0,91.8,1.2246,0.8889,,,,,0,0.0556,0.0556,◎,,C,○,,,0.682,,0.632,S,100,0,◎1着固定 2-3着流し（5〜8点）,0.5777,"{'is_target': True, 'verdict': '参加推奨', 'max_combo_prob': 0.0716, 'est_top_odds': 18.6, 'circle_concentration': 60.5, 'eligible_count': 6, 'bet_adj': 2, 'reason': 'rel_win1=57.5%（本命度） / 最有力組み合わせ確率: 0.072（推定実オッズ?19倍） / 2着集中度: 上位2艇 60.5%（補正+0.00） / 総合判定確率: 0.072 / → ヒモ分散。1号艇1着固定で広めのヒモ流し推奨（買い目+2点）', 'tenji_trigger': '展示確認: ヒモ分散レース。1号艇伸び確認後、広めのヒモ流しを採用。穴ヒモ（5・6号艇）を積極的に含める。'}",,,22.4,逃げ狙い,22.35,22.6,4,,,,,0,0,0.7559,0,,逃げ軸流し,A
2025-07-14,丸亀,6,2,草場康幸,B1,41.03,2,▲,12.5082,36.9,100,68.8,0.1533,3.2705,,,0,低,98,0,ま0%,526,0,65.7,1.2983,0,0.069,0.069,0,0,0.21,0.02,0,,,B,△,,0.2036,0.6715,,0.632,S,100,0,◎1着固定 2-3着流し（5〜8点）,0.5777,"{'is_target': True, 'verdict': '参加推奨', 'max_combo_prob': 0.0716, 'est_top_odds': 18.6, 'circle_concentration': 60.5, 'eligible_count': 6, 'bet_adj': 2, 'reason': 'rel_win1=57.5%（本命度） / 最有力組み合わせ確率: 0.072（推定実オッズ?19倍） / 2着集中度: 上位2艇 60.5%（補正+0.00） / 総合判定確率: 0.072 / → ヒモ分散。1号艇1着固定で広めのヒモ流し推奨（買い目+2点）', 'tenji_trigger': '展示確認: ヒモ分散レース。1号艇伸び確認後、広めのヒモ流しを採用。穴ヒモ（5・6号艇）を積極的に含める。'}",,,22.4,逃げ狙い,22.35,22.6,4,,,,,,,,,,,
2025-07-14,丸亀,6,3,鈴木裕隆,B1,46.84,3,○,14.2576,23.6,78,55.4,0.1667,3.753,,,0,低,149,0,-,322,0,72.7,1.5383,0,0,0.0833,0.0556,0,0.2903,0.2274,0.0887,,,A,△,,0.1743,0.661,,0.632,S,100,0,◎1着固定 2-3着流し（5〜8点）,0.5777,"{'is_target': True, 'verdict': '参加推奨', 'max_combo_prob': 0.0716, 'est_top_odds': 18.6, 'circle_concentration': 60.5, 'eligible_count': 6, 'bet_adj': 2, 'reason': 'rel_win1=57.5%（本命度） / 最有力組み合わせ確率: 0.072（推定実オッズ?19倍） / 2着集中度: 上位2艇 60.5%（補正+0.00） / 総合判定確率: 0.072 / → ヒモ分散。1号艇1着固定で広めのヒモ流し推奨（買い目+2点）', 'tenji_trigger': '展示確認: ヒモ分散レース。1号艇伸び確認後、広めのヒモ流しを採用。穴ヒモ（5・6号艇）を積極的に含める。'}",,,22.4,逃げ狙い,22.35,22.6,4,,,,,,,,,,,
2025-07-14,丸亀,6,4,秋山広一,A2,29.57,4,,6.0434,16.7,80,50.8,0.1559,3.2131,,,0,低,90,0,-,3311,0,31.8,0.7768,0,0,0,0,0.0357,0,0.168,0.168,,,D,,○,0.2582,0.651,0.2865,0.632,S,100,0,◎1着固定 2-3着流し（5〜8点）,0.5777,"{'is_target': True, 'verdict': '参加推奨', 'max_combo_prob': 0.0716, 'est_top_odds': 18.6, 'circle_concentration': 60.5, 'eligible_count': 6, 'bet_adj': 2, 'reason': 'rel_win1=57.5%（本命度） / 最有力組み合わせ確率: 0.072（推定実オッズ?19倍） / 2着集中度: 上位2艇 60.5%（補正+0.00） / 総合判定確率: 0.072 / → ヒモ分散。1号艇1着固定で広めのヒモ流し推奨（買い目+2点）', 'tenji_trigger': '展示確認: ヒモ分散レース。1号艇伸び確認後、広めのヒモ流しを採用。穴ヒモ（5・6号艇）を積極的に含める。'}",,,22.4,逃げ狙い,22.35,22.6,4,,,,,,,,,,,
2025-07-14,丸亀,6,5,柳沢　一,A1,32.64,5,△,8.8243,22.4,90,67.3,0.1371,2.9818,,,0,低,43,0,-,4212,0,78,1.4633,0,0.0385,0,0,0,0.0432,0.1074,0.1074,,,D,◎,◎,0.2944,0.698,0.4326,0.632,S,100,0,◎1着固定 2-3着流し（5〜8点）,0.5777,"{'is_target': True, 'verdict': '参加推奨', 'max_combo_prob': 0.0716, 'est_top_odds': 18.6, 'circle_concentration': 60.5, 'eligible_count': 6, 'bet_adj': 2, 'reason': 'rel_win1=57.5%（本命度） / 最有力組み合わせ確率: 0.072（推定実オッズ?19倍） / 2着集中度: 上位2艇 60.5%（補正+0.00） / 総合判定確率: 0.072 / → ヒモ分散。1号艇1着固定で広めのヒモ流し推奨（買い目+2点）', 'tenji_trigger': '展示確認: ヒモ分散レース。1号艇伸び確認後、広めのヒモ流しを採用。穴ヒモ（5・6号艇）を積極的に含める。'}",,,22.4,逃げ狙い,22.35,22.6,4,,,,,,,,,,,
2025-07-14,丸亀,6,6,高木茉白,B2,28.42,6,,0.8299,0.4,19,2.8,0.1956,4.3451,,,0,低,70,0,-,655,0,30.3,0.6572,,,,,,0,1,0,,,E,,,0.1437,0.48,,0.632,S,100,0,◎1着固定 2-3着流し（5〜8点）,0.5777,"{'is_target': True, 'verdict': '参加推奨', 'max_combo_prob': 0.0716, 'est_top_odds': 18.6, 'circle_concentration': 60.5, 'eligible_count': 6, 'bet_adj': 2, 'reason': 'rel_win1=57.5%（本命度） / 最有力組み合わせ確率: 0.072（推定実オッズ?19倍） / 2着集中度: 上位2艇 60.5%（補正+0.00） / 総合判定確率: 0.072 / → ヒモ分散。1号艇1着固定で広めのヒモ流し推奨（買い目+2点）', 'tenji_trigger': '展示確認: ヒモ分散レース。1号艇伸び確認後、広めのヒモ流しを採用。穴ヒモ（5・6号艇）を積極的に含める。'}",,,22.4,逃げ狙い,22.35,22.6,4,,,,,,,,,,,
2025-07-14,丸亀,7,1,中村　尊,A2,27.17,1,◎,64.1615,,0,93.5,0.1089,1.9185,,,0,低,55,0,逃0%,4 32,0,78.4,1.0275,0.5333,,,,,0.24,0.04,0.0667,◎,,E,○,,,0.6655,,0.8087,S,96,0,◎1着固定 2-3着流し（5〜8点）,0.5777,"{'is_target': True, 'verdict': '点数絞り', 'max_combo_prob': 0.0817, 'est_top_odds': 16.3, 'circle_concentration': 72.6, 'eligible_count': 6, 'bet_adj': 0, 'reason': 'rel_win1=64.2%（本命度） / 最有力組み合わせ確率: 0.082（推定実オッズ?16倍） / 2着集中度: 上位2艇 72.6%（補正+0.04） / 総合判定確率: 0.122 / → ヒモはやや固め。上位2艇以外を切ること', 'tenji_trigger': '展示確認: 1号艇伸び良→そのまま採用。悪→飛び組に差し替え。circle_pct上位2艇に絞り込むこと。\n展示で1号艇スタート超安定(0.109秒)→ヒモ固まり方向に注意'}",,,26.5,逃げ狙い,11.7,29.2,2,,,,,0,0,0.7559,0,,逃げ軸流し,A
2025-07-14,丸亀,7,2,塩田雄一,B1,45.74,2,○,8.9305,30.3,59,39,0.1837,3.8814,,,0,低,147,0,-,342,0,87.2,1.595,0,0,0.08,0,0,0.4143,0.0952,0.2071,,,A,,,0.0967,0.5565,,0.8087,S,96,0,◎1着固定 2-3着流し（5〜8点）,0.5777,"{'is_target': True, 'verdict': '点数絞り', 'max_combo_prob': 0.0817, 'est_top_odds': 16.3, 'circle_concentration': 72.6, 'eligible_count': 6, 'bet_adj': 0, 'reason': 'rel_win1=64.2%（本命度） / 最有力組み合わせ確率: 0.082（推定実オッズ?16倍） / 2着集中度: 上位2艇 72.6%（補正+0.04） / 総合判定確率: 0.122 / → ヒモはやや固め。上位2艇以外を切ること', 'tenji_trigger': '展示確認: 1号艇伸び良→そのまま採用。悪→飛び組に差し替え。circle_pct上位2艇に絞り込むこと。\n展示で1号艇スタート超安定(0.109秒)→ヒモ固まり方向に注意'}",,,26.5,逃げ狙い,11.7,29.2,2,,,,,,,,,,,
2025-07-14,丸亀,7,3,藤田竜弘,A2,34.03,3,,10.3463,42.3,100,68.8,0.1499,3.3117,,,0,低,145,0,-,635,0,21.2,0.6583,0,0,0.087,0.0435,0.0435,0.3516,0.3161,0.0774,,,D,◎,,0.1403,0.6755,,0.8087,S,96,0,◎1着固定 2-3着流し（5〜8点）,0.5777,"{'is_target': True, 'verdict': '点数絞り', 'max_combo_prob': 0.0817, 'est_top_odds': 16.3, 'circle_concentration': 72.6, 'eligible_count': 6, 'bet_adj': 0, 'reason': 'rel_win1=64.2%（本命度） / 最有力組み合わせ確率: 0.082（推定実オッズ?16倍） / 2着集中度: 上位2艇 72.6%（補正+0.04） / 総合判定確率: 0.122 / → ヒモはやや固め。上位2艇以外を切ること', 'tenji_trigger': '展示確認: 1号艇伸び良→そのまま採用。悪→飛び組に差し替え。circle_pct上位2艇に絞り込むこと。\n展示で1号艇スタート超安定(0.109秒)→ヒモ固まり方向に注意'}",,,26.5,逃げ狙い,11.7,29.2,2,,,,,,,,,,,
2025-07-14,丸亀,7,4,國弘翔平,B1,35.48,4,△,7.314,11.9,90,44.3,0.1667,3.6286,,,0,低,162,0,ま0%,5 63,0,46.9,0.9381,0,0,0.069,0,0,0.1889,0.1741,0.3889,,,C,,,0.125,0.57,,0.8087,S,96,0,◎1着固定 2-3着流し（5〜8点）,0.5777,"{'is_target': True, 'verdict': '点数絞り', 'max_combo_prob': 0.0817, 'est_top_odds': 16.3, 'circle_concentration': 72.6, 'eligible_count': 6, 'bet_adj': 0, 'reason': 'rel_win1=64.2%（本命度） / 最有力組み合わせ確率: 0.082（推定実オッズ?16倍） / 2着集中度: 上位2艇 72.6%（補正+0.04） / 総合判定確率: 0.122 / → ヒモはやや固め。上位2艇以外を切ること', 'tenji_trigger': '展示確認: 1号艇伸び良→そのまま採用。悪→飛び組に差し替え。circle_pct上位2艇に絞り込むこと。\n展示で1号艇スタート超安定(0.109秒)→ヒモ固まり方向に注意'}",,,26.5,逃げ狙い,11.7,29.2,2,,,,,,,,,,,
2025-07-14,丸亀,7,5,塩崎優司,B1,38.97,5,▲,3.661,9.5,61,25.8,0.1806,3.5968,,,0,低,128,0,差ま0%,265,0,39.5,0.8093,0,0,0,0.0435,0,0.0533,0.1657,0.0533,,,B,△,,0.1141,0.591,,0.8087,S,96,0,◎1着固定 2-3着流し（5〜8点）,0.5777,"{'is_target': True, 'verdict': '点数絞り', 'max_combo_prob': 0.0817, 'est_top_odds': 16.3, 'circle_concentration': 72.6, 'eligible_count': 6, 'bet_adj': 0, 'reason': 'rel_win1=64.2%（本命度） / 最有力組み合わせ確率: 0.082（推定実オッズ?16倍） / 2着集中度: 上位2艇 72.6%（補正+0.04） / 総合判定確率: 0.122 / → ヒモはやや固め。上位2艇以外を切ること', 'tenji_trigger': '展示確認: 1号艇伸び良→そのまま採用。悪→飛び組に差し替え。circle_pct上位2艇に絞り込むこと。\n展示で1号艇スタート超安定(0.109秒)→ヒモ固まり方向に注意'}",,,26.5,逃げ狙い,11.7,29.2,2,,,,,,,,,,,
2025-07-14,丸亀,7,6,川原祐明,A1,37.91,6,,5.5867,6,89,40.7,0.1822,4.037,,,0,低,110,0,-,1511,0,37.2,0.8258,0,0,0,0.037,0,0.0276,0.1014,0.0138,,,C,△,,0.1143,0.6185,,0.8087,S,96,0,◎1着固定 2-3着流し（5〜8点）,0.5777,"{'is_target': True, 'verdict': '点数絞り', 'max_combo_prob': 0.0817, 'est_top_odds': 16.3, 'circle_concentration': 72.6, 'eligible_count': 6, 'bet_adj': 0, 'reason': 'rel_win1=64.2%（本命度） / 最有力組み合わせ確率: 0.082（推定実オッズ?16倍） / 2着集中度: 上位2艇 72.6%（補正+0.04） / 総合判定確率: 0.122 / → ヒモはやや固め。上位2艇以外を切ること', 'tenji_trigger': '展示確認: 1号艇伸び良→そのまま採用。悪→飛び組に差し替え。circle_pct上位2艇に絞り込むこと。\n展示で1号艇スタート超安定(0.109秒)→ヒモ固まり方向に注意'}",,,26.5,逃げ狙い,11.7,29.2,2,,,,,,,,,,,
2025-07-14,丸亀,8,1,武重雄介,A1,43.68,1,◎,75.8774,,0,92.9,0.1443,2.4821,,,0,低,119,0,逃1%,4114,0,82.7,1.2122,0.7143,,,,,0.1657,0,0.0343,◎,,A,◎,,,0.6375,,0.6681,S,83,0,◎1着固定 2-3着流し（5〜8点）,0.5777,"{'is_target': True, 'verdict': '点数絞り', 'max_combo_prob': 0.1179, 'est_top_odds': 11.3, 'circle_concentration': 71.1, 'eligible_count': 6, 'bet_adj': 0, 'reason': 'rel_win1=75.9%（本命度） / 最有力組み合わせ確率: 0.118（推定実オッズ?11倍） / 2着集中度: 上位2艇 71.1%（補正+0.04） / 総合判定確率: 0.158 / → ヒモはやや固め。上位2艇以外を切ること', 'tenji_trigger': '展示確認: 1号艇伸び良→そのまま採用。悪→飛び組に差し替え。circle_pct上位2艇に絞り込むこと。'}",,,26.4,逃げ狙い,14.02,26.8,4,,,,,0,0,0.7559,0,,逃げ軸流し,A
2025-07-14,丸亀,8,2,天野晶夫,A2,33.16,2,△,6.1072,38,100,62.3,0.1692,3.8679,,,0,低,109,0,-,3 43,0,38.7,0.5897,0,0,0,0,0.0357,0.448,0.112,0.048,,,C,○,,0.0785,0.615,,0.6681,S,83,0,◎1着固定 2-3着流し（5〜8点）,0.5777,"{'is_target': True, 'verdict': '点数絞り', 'max_combo_prob': 0.1179, 'est_top_odds': 11.3, 'circle_concentration': 71.1, 'eligible_count': 6, 'bet_adj': 0, 'reason': 'rel_win1=75.9%（本命度） / 最有力組み合わせ確率: 0.118（推定実オッズ?11倍） / 2着集中度: 上位2艇 71.1%（補正+0.04） / 総合判定確率: 0.158 / → ヒモはやや固め。上位2艇以外を切ること', 'tenji_trigger': '展示確認: 1号艇伸び良→そのまま採用。悪→飛び組に差し替え。circle_pct上位2艇に絞り込むこと。'}",,,26.4,逃げ狙い,14.02,26.8,4,,,,,,,,,,,
2025-07-14,丸亀,8,3,坂口貴彦,B1,29.56,3,,6.0647,33.1,50,54.4,0.1784,3.693,,,0,低,134,0,-,264,0,100,2.3765,0,0,0,0.0741,0,0.0471,0.1235,0.1471,,,E,,,0.121,0.591,,0.6681,S,83,0,◎1着固定 2-3着流し（5〜8点）,0.5777,"{'is_target': True, 'verdict': '点数絞り', 'max_combo_prob': 0.1179, 'est_top_odds': 11.3, 'circle_concentration': 71.1, 'eligible_count': 6, 'bet_adj': 0, 'reason': 'rel_win1=75.9%（本命度） / 最有力組み合わせ確率: 0.118（推定実オッズ?11倍） / 2着集中度: 上位2艇 71.1%（補正+0.04） / 総合判定確率: 0.158 / → ヒモはやや固め。上位2艇以外を切ること', 'tenji_trigger': '展示確認: 1号艇伸び良→そのまま採用。悪→飛び組に差し替え。circle_pct上位2艇に絞り込むこと。'}",,,26.4,逃げ狙い,14.02,26.8,4,,,,,,,,,,,
2025-07-14,丸亀,8,4,向井美鈴,A2,39.58,4,○,6.4811,18.8,52,42.1,0.1733,3.5439,,,0,低,136,0,-,4522,0,100,2.0451,,,,,,0.264,0.048,0.116,,,B,△,,0.1995,0.604,,0.6681,S,83,0,◎1着固定 2-3着流し（5〜8点）,0.5777,"{'is_target': True, 'verdict': '点数絞り', 'max_combo_prob': 0.1179, 'est_top_odds': 11.3, 'circle_concentration': 71.1, 'eligible_count': 6, 'bet_adj': 0, 'reason': 'rel_win1=75.9%（本命度） / 最有力組み合わせ確率: 0.118（推定実オッズ?11倍） / 2着集中度: 上位2艇 71.1%（補正+0.04） / 総合判定確率: 0.158 / → ヒモはやや固め。上位2艇以外を切ること', 'tenji_trigger': '展示確認: 1号艇伸び良→そのまま採用。悪→飛び組に差し替え。circle_pct上位2艇に絞り込むこと。'}",,,26.4,逃げ狙い,14.02,26.8,4,,,,,,,,,,,
2025-07-14,丸亀,8,5,北川幸典,B1,33.88,5,▲,4.4713,8.3,51,26.7,0.1607,3.3833,,,0,低,79,0,ま0%,642,0,31.2,0.8307,0,0,0.0769,0,0,0.3125,0.125,0.1875,,,C,△,,0.2432,0.5995,,0.6681,S,83,0,◎1着固定 2-3着流し（5〜8点）,0.5777,"{'is_target': True, 'verdict': '点数絞り', 'max_combo_prob': 0.1179, 'est_top_odds': 11.3, 'circle_concentration': 71.1, 'eligible_count': 6, 'bet_adj': 0, 'reason': 'rel_win1=75.9%（本命度） / 最有力組み合わせ確率: 0.118（推定実オッズ?11倍） / 2着集中度: 上位2艇 71.1%（補正+0.04） / 総合判定確率: 0.158 / → ヒモはやや固め。上位2艇以外を切ること', 'tenji_trigger': '展示確認: 1号艇伸び良→そのまま採用。悪→飛び組に差し替え。circle_pct上位2艇に絞り込むこと。'}",,,26.4,逃げ狙い,14.02,26.8,4,,,,,,,,,,,
2025-07-14,丸亀,8,6,増本杏珠,B1,31.22,6,,0.9984,1.8,10,2.6,0.2022,4.3158,,,0,低,74,0,-,624,0,33.6,0.8356,,,,,,0.1667,0.5,0.1667,,,D,,,0.1368,0.5195,,0.6681,S,83,0,◎1着固定 2-3着流し（5〜8点）,0.5777,"{'is_target': True, 'verdict': '点数絞り', 'max_combo_prob': 0.1179, 'est_top_odds': 11.3, 'circle_concentration': 71.1, 'eligible_count': 6, 'bet_adj': 0, 'reason': 'rel_win1=75.9%（本命度） / 最有力組み合わせ確率: 0.118（推定実オッズ?11倍） / 2着集中度: 上位2艇 71.1%（補正+0.04） / 総合判定確率: 0.158 / → ヒモはやや固め。上位2艇以外を切ること', 'tenji_trigger': '展示確認: 1号艇伸び良→そのまま採用。悪→飛び組に差し替え。circle_pct上位2艇に絞り込むこと。'}",,,26.4,逃げ狙い,14.02,26.8,4,,,,,,,,,,,
2025-07-14,丸亀,9,1,前田紗希,A2,45.00,1,◎,66.5164,,0,91.3,0.1517,2.587,,,0,低,38,0,逃1%,2135,0,90.6,1.1996,0.6364,,,,,0,0.0909,0.0909,◎,,A,,,,0.5515,,0.6555,S,84,0,◎1着固定 2-3着流し（5〜8点）,0.5777,"{'is_target': True, 'verdict': '点数絞り', 'max_combo_prob': 0.0972, 'est_top_odds': 13.7, 'circle_concentration': 72.8, 'eligible_count': 6, 'bet_adj': 0, 'reason': 'rel_win1=66.5%（本命度） / 最有力組み合わせ確率: 0.097（推定実オッズ?14倍） / 2着集中度: 上位2艇 72.8%（補正+0.04） / 総合判定確率: 0.137 / → ヒモはやや固め。上位2艇以外を切ること', 'tenji_trigger': '展示確認: 1号艇伸び良→そのまま採用。悪→飛び組に差し替え。circle_pct上位2艇に絞り込むこと。'}",,,26.8,逃げ狙い,16.3,26,2,,,,,0,0,0.7559,0,,逃げ軸流し,A
2025-07-14,丸亀,9,2,浜田亜理,A1,26.32,2,,14.9582,39.6,97,64.7,0.1829,3.3529,,,0,低,41,0,差0%,1153,0,36.7,0.9483,0,0.125,0,0,0,0.2857,0,0.1429,,,E,△,,0.0784,0.6285,,0.6555,S,84,0,◎1着固定 2-3着流し（5〜8点）,0.5777,"{'is_target': True, 'verdict': '点数絞り', 'max_combo_prob': 0.0972, 'est_top_odds': 13.7, 'circle_concentration': 72.8, 'eligible_count': 6, 'bet_adj': 0, 'reason': 'rel_win1=66.5%（本命度） / 最有力組み合わせ確率: 0.097（推定実オッズ?14倍） / 2着集中度: 上位2艇 72.8%（補正+0.04） / 総合判定確率: 0.137 / → ヒモはやや固め。上位2艇以外を切ること', 'tenji_trigger': '展示確認: 1号艇伸び良→そのまま採用。悪→飛び組に差し替え。circle_pct上位2艇に絞り込むこと。'}",,,26.8,逃げ狙い,16.3,26,2,,,,,,,,,,,
2025-07-14,丸亀,9,3,大久保信,B1,27.13,3,△,7.6901,33.2,100,62.2,0.1618,3.6556,,,0,低,100,0,差0% 差ま0%,1 33,0,44,1.05,0,0.0357,0,0.0714,0,0.2381,0,0.0952,,,D,,,0.2391,0.6015,,0.6555,S,84,0,◎1着固定 2-3着流し（5〜8点）,0.5777,"{'is_target': True, 'verdict': '点数絞り', 'max_combo_prob': 0.0972, 'est_top_odds': 13.7, 'circle_concentration': 72.8, 'eligible_count': 6, 'bet_adj': 0, 'reason': 'rel_win1=66.5%（本命度） / 最有力組み合わせ確率: 0.097（推定実オッズ?14倍） / 2着集中度: 上位2艇 72.8%（補正+0.04） / 総合判定確率: 0.137 / → ヒモはやや固め。上位2艇以外を切ること', 'tenji_trigger': '展示確認: 1号艇伸び良→そのまま採用。悪→飛び組に差し替え。circle_pct上位2艇に絞り込むこと。'}",,,26.8,逃げ狙い,16.3,26,2,,,,,,,,,,,
2025-07-14,丸亀,9,4,木村光宏,B1,42.11,4,○,5.875,15.3,70,37.5,0.1783,3.7604,,,0,低,99,0,ま0%,1 33,0,29.8,0.7517,0,0,0.0769,0.0385,0,0.3952,0.3571,0.0571,,,B,○,,0.1934,0.6335,,0.6555,S,84,0,◎1着固定 2-3着流し（5〜8点）,0.5777,"{'is_target': True, 'verdict': '点数絞り', 'max_combo_prob': 0.0972, 'est_top_odds': 13.7, 'circle_concentration': 72.8, 'eligible_count': 6, 'bet_adj': 0, 'reason': 'rel_win1=66.5%（本命度） / 最有力組み合わせ確率: 0.097（推定実オッズ?14倍） / 2着集中度: 上位2艇 72.8%（補正+0.04） / 総合判定確率: 0.137 / → ヒモはやや固め。上位2艇以外を切ること', 'tenji_trigger': '展示確認: 1号艇伸び良→そのまま採用。悪→飛び組に差し替え。circle_pct上位2艇に絞り込むこと。'}",,,26.8,逃げ狙い,16.3,26,2,,,,,,,,,,,
2025-07-14,丸亀,9,5,真庭明志,B1,39.89,5,▲,3.8679,10.6,53,31.2,0.1684,3.5469,,,0,低,95,0,-,5 12,0,37,0.8117,0,0,0,0,0.0323,0.1444,0.0235,0.1679,,,C,◎,,0.2588,0.678,,0.6555,S,84,0,◎1着固定 2-3着流し（5〜8点）,0.5777,"{'is_target': True, 'verdict': '点数絞り', 'max_combo_prob': 0.0972, 'est_top_odds': 13.7, 'circle_concentration': 72.8, 'eligible_count': 6, 'bet_adj': 0, 'reason': 'rel_win1=66.5%（本命度） / 最有力組み合わせ確率: 0.097（推定実オッズ?14倍） / 2着集中度: 上位2艇 72.8%（補正+0.04） / 総合判定確率: 0.137 / → ヒモはやや固め。上位2艇以外を切ること', 'tenji_trigger': '展示確認: 1号艇伸び良→そのまま採用。悪→飛び組に差し替え。circle_pct上位2艇に絞り込むこと。'}",,,26.8,逃げ狙い,16.3,26,2,,,,,,,,,,,
2025-07-14,丸亀,9,6,岸本　隆,A2,39.18,6,,1.0924,1.3,48,9.8,0.1868,4.3902,,,0,低,91,0,-,5 13,0,22.5,0.6217,,,,,,0.0769,0.1538,0.1923,,,C,△,,0.1983,0.6225,,0.6555,S,84,0,◎1着固定 2-3着流し（5〜8点）,0.5777,"{'is_target': True, 'verdict': '点数絞り', 'max_combo_prob': 0.0972, 'est_top_odds': 13.7, 'circle_concentration': 72.8, 'eligible_count': 6, 'bet_adj': 0, 'reason': 'rel_win1=66.5%（本命度） / 最有力組み合わせ確率: 0.097（推定実オッズ?14倍） / 2着集中度: 上位2艇 72.8%（補正+0.04） / 総合判定確率: 0.137 / → ヒモはやや固め。上位2艇以外を切ること', 'tenji_trigger': '展示確認: 1号艇伸び良→そのまま採用。悪→飛び組に差し替え。circle_pct上位2艇に絞り込むこと。'}",,,26.8,逃げ狙い,16.3,26,2,,,,,,,,,,,
2025-07-14,丸亀,10,1,辻　栄蔵,A1,40.74,1,◎,53.9195,,0,94.7,0.1658,3.2105,,,0,低,45,0,逃1%,3311,0,100,1.5065,0.6316,,,,,0,0.1699,0.1278,○,,A,△,,,0.672,,0.3789,S,100,0,◎1着固定 2-3着流し（5〜8点）,0.5777,"{'is_target': True, 'verdict': '参加推奨', 'max_combo_prob': 0.0636, 'est_top_odds': 20.9, 'circle_concentration': 72.3, 'eligible_count': 6, 'bet_adj': 2, 'reason': 'rel_win1=53.9%（本命度） / 最有力組み合わせ確率: 0.064（推定実オッズ?21倍） / 2着集中度: 上位2艇 72.3%（補正+0.04） / 総合判定確率: 0.104 / → ヒモ分散。1号艇1着固定で広めのヒモ流し推奨（買い目+2点）', 'tenji_trigger': '展示確認: ヒモ分散レース。1号艇伸び確認後、広めのヒモ流しを採用。穴ヒモ（5・6号艇）を積極的に含める。'}",,,30.8,逃げ狙い,28.31,27.4,2,,,,,0,0,0.6155,0,,逃げ軸流し,A
2025-07-14,丸亀,10,2,柳沢　一,A1,32.64,2,○,15.7951,44,100,74.4,0.1353,2.8953,,,0,低,43,0,差1%,4212,0,100,0.7174,0,0.1818,0.0909,0,0.0455,0.0432,0.1074,0.1074,,◎,C,◎,,0.5893,0.698,,0.3789,S,100,0,◎1着固定 2-3着流し（5〜8点）,0.5777,"{'is_target': True, 'verdict': '参加推奨', 'max_combo_prob': 0.0636, 'est_top_odds': 20.9, 'circle_concentration': 72.3, 'eligible_count': 6, 'bet_adj': 2, 'reason': 'rel_win1=53.9%（本命度） / 最有力組み合わせ確率: 0.064（推定実オッズ?21倍） / 2着集中度: 上位2艇 72.3%（補正+0.04） / 総合判定確率: 0.104 / → ヒモ分散。1号艇1着固定で広めのヒモ流し推奨（買い目+2点）', 'tenji_trigger': '展示確認: ヒモ分散レース。1号艇伸び確認後、広めのヒモ流しを採用。穴ヒモ（5・6号艇）を積極的に含める。'}",,,30.8,逃げ狙い,28.31,27.4,2,,,,,,,,,,,
2025-07-14,丸亀,10,3,小山　勉,A1,31.55,3,△,14.6828,28.2,84,75.6,0.1498,2.9778,,,0,低,113,0,-,2146,0,45,1.1475,0,0,0.25,0.125,0.0625,0.1302,0.0138,0.0888,,○,D,△,,0.4184,0.654,,0.3789,S,100,0,◎1着固定 2-3着流し（5〜8点）,0.5777,"{'is_target': True, 'verdict': '参加推奨', 'max_combo_prob': 0.0636, 'est_top_odds': 20.9, 'circle_concentration': 72.3, 'eligible_count': 6, 'bet_adj': 2, 'reason': 'rel_win1=53.9%（本命度） / 最有力組み合わせ確率: 0.064（推定実オッズ?21倍） / 2着集中度: 上位2艇 72.3%（補正+0.04） / 総合判定確率: 0.104 / → ヒモ分散。1号艇1着固定で広めのヒモ流し推奨（買い目+2点）', 'tenji_trigger': '展示確認: ヒモ分散レース。1号艇伸び確認後、広めのヒモ流しを採用。穴ヒモ（5・6号艇）を積極的に含める。'}",,,30.8,逃げ狙い,28.31,27.4,2,,,,,,,,,,,
2025-07-14,丸亀,10,4,渡邉優美,A1,29.12,4,,7.4688,17.5,83,63,0.1522,3.2778,,,0,低,44,0,差0%,4411,0,54.9,1.2017,0,0.0833,0,0,0,0.2078,0.1584,0.0182,,,D,,,0.3374,0.6535,,0.3789,S,100,0,◎1着固定 2-3着流し（5〜8点）,0.5777,"{'is_target': True, 'verdict': '参加推奨', 'max_combo_prob': 0.0636, 'est_top_odds': 20.9, 'circle_concentration': 72.3, 'eligible_count': 6, 'bet_adj': 2, 'reason': 'rel_win1=53.9%（本命度） / 最有力組み合わせ確率: 0.064（推定実オッズ?21倍） / 2着集中度: 上位2艇 72.3%（補正+0.04） / 総合判定確率: 0.104 / → ヒモ分散。1号艇1着固定で広めのヒモ流し推奨（買い目+2点）', 'tenji_trigger': '展示確認: ヒモ分散レース。1号艇伸び確認後、広めのヒモ流しを採用。穴ヒモ（5・6号艇）を積極的に含める。'}",,,30.8,逃げ狙い,28.31,27.4,2,,,,,,,,,,,
2025-07-14,丸亀,10,5,井上大輔,B1,32.28,5,,4.0898,3.8,93,32.8,0.1797,3.7266,,,0,低,121,0,ま0%,3 22,0,43.2,0.9819,0,0,0.0385,0,0,0.22,0.14,0.06,,,C,,,0.2412,0.6275,,0.3789,S,100,0,◎1着固定 2-3着流し（5〜8点）,0.5777,"{'is_target': True, 'verdict': '参加推奨', 'max_combo_prob': 0.0636, 'est_top_odds': 20.9, 'circle_concentration': 72.3, 'eligible_count': 6, 'bet_adj': 2, 'reason': 'rel_win1=53.9%（本命度） / 最有力組み合わせ確率: 0.064（推定実オッズ?21倍） / 2着集中度: 上位2艇 72.3%（補正+0.04） / 総合判定確率: 0.104 / → ヒモ分散。1号艇1着固定で広めのヒモ流し推奨（買い目+2点）', 'tenji_trigger': '展示確認: ヒモ分散レース。1号艇伸び確認後、広めのヒモ流しを採用。穴ヒモ（5・6号艇）を積極的に含める。'}",,,30.8,逃げ狙い,28.31,27.4,2,,,,,,,,,,,
2025-07-14,丸亀,10,6,新開　航,A1,35.64,6,▲,4.044,6.4,87,65.4,0.15,3.6923,,,0,低,38,0,差ま0% 抜0%,1644,0,30.6,2.5161,0,0,0,0.1111,0.2222,0,0.0556,0.0556,,,B,○,,0.3526,0.682,,0.3789,S,100,0,◎1着固定 2-3着流し（5〜8点）,0.5777,"{'is_target': True, 'verdict': '参加推奨', 'max_combo_prob': 0.0636, 'est_top_odds': 20.9, 'circle_concentration': 72.3, 'eligible_count': 6, 'bet_adj': 2, 'reason': 'rel_win1=53.9%（本命度） / 最有力組み合わせ確率: 0.064（推定実オッズ?21倍） / 2着集中度: 上位2艇 72.3%（補正+0.04） / 総合判定確率: 0.104 / → ヒモ分散。1号艇1着固定で広めのヒモ流し推奨（買い目+2点）', 'tenji_trigger': '展示確認: ヒモ分散レース。1号艇伸び確認後、広めのヒモ流しを採用。穴ヒモ（5・6号艇）を積極的に含める。'}",,,30.8,逃げ狙い,28.31,27.4,2,,,,,,,,,,,
2025-07-14,丸亀,11,1,川原祐明,A1,37.91,1,◎,57.0244,,0,90.3,0.1744,3.5565,,,0,低,110,0,逃0% 抜0%,1511,0,90.1,1.2201,0.6897,,,,,0.0276,0.1014,0.0138,○,,C,,,,0.6185,,0.4018,S,87,0,◎1着固定 2-3着流し（5〜8点）,0.5777,"{'is_target': True, 'verdict': '参加推奨', 'max_combo_prob': 0.0753, 'est_top_odds': 17.7, 'circle_concentration': 69.1, 'eligible_count': 6, 'bet_adj': 2, 'reason': 'rel_win1=57.0%（本命度） / 最有力組み合わせ確率: 0.075（推定実オッズ?18倍） / 2着集中度: 上位2艇 69.1%（補正+0.00） / 総合判定確率: 0.075 / → ヒモ分散。1号艇1着固定で広めのヒモ流し推奨（買い目+2点）', 'tenji_trigger': '展示確認: ヒモ分散レース。1号艇伸び確認後、広めのヒモ流しを採用。穴ヒモ（5・6号艇）を積極的に含める。'}",,,28.1,逃げ狙い,20.78,25.9,2,,,,,0,0,0.6155,0,,逃げ軸流し,A
2025-07-14,丸亀,11,2,武重雄介,A1,43.68,2,○,16.0947,39.2,86,79,0.1615,3.0484,,,0,低,119,0,-,4114,0,81.5,1.5145,0,0.087,0.087,0,0,0.1657,0,0.0343,,○,B,,,0.4493,0.6375,,0.4018,S,87,0,◎1着固定 2-3着流し（5〜8点）,0.5777,"{'is_target': True, 'verdict': '参加推奨', 'max_combo_prob': 0.0753, 'est_top_odds': 17.7, 'circle_concentration': 69.1, 'eligible_count': 6, 'bet_adj': 2, 'reason': 'rel_win1=57.0%（本命度） / 最有力組み合わせ確率: 0.075（推定実オッズ?18倍） / 2着集中度: 上位2艇 69.1%（補正+0.00） / 総合判定確率: 0.075 / → ヒモ分散。1号艇1着固定で広めのヒモ流し推奨（買い目+2点）', 'tenji_trigger': '展示確認: ヒモ分散レース。1号艇伸び確認後、広めのヒモ流しを採用。穴ヒモ（5・6号艇）を積極的に含める。'}",,,28.1,逃げ狙い,20.78,25.9,2,,,,,,,,,,,
2025-07-14,丸亀,11,3,秋山広一,A2,29.57,3,,9.6309,29.9,55,64.7,0.1445,2.8529,,,0,低,90,0,差0%,3311,0,25.7,0.8315,0,0.0455,0,0.0455,0,0,0.168,0.168,,△,D,△,,0.4357,0.651,,0.4018,S,87,0,◎1着固定 2-3着流し（5〜8点）,0.5777,"{'is_target': True, 'verdict': '参加推奨', 'max_combo_prob': 0.0753, 'est_top_odds': 17.7, 'circle_concentration': 69.1, 'eligible_count': 6, 'bet_adj': 2, 'reason': 'rel_win1=57.0%（本命度） / 最有力組み合わせ確率: 0.075（推定実オッズ?18倍） / 2着集中度: 上位2艇 69.1%（補正+0.00） / 総合判定確率: 0.075 / → ヒモ分散。1号艇1着固定で広めのヒモ流し推奨（買い目+2点）', 'tenji_trigger': '展示確認: ヒモ分散レース。1号艇伸び確認後、広めのヒモ流しを採用。穴ヒモ（5・6号艇）を積極的に含める。'}",,,28.1,逃げ狙い,20.78,25.9,2,,,,,,,,,,,
2025-07-14,丸亀,11,4,鈴木裕隆,B1,46.84,4,▲,10.0365,12.6,100,54.2,0.169,3.3472,,,0,低,149,0,-,322,0,42.5,0.8604,0,0.0625,0.0625,0.0938,0,0.2903,0.2274,0.0887,,,A,△,○,0.3237,0.661,0.2668,0.4018,S,87,0,◎1着固定 2-3着流し（5〜8点）,0.5777,"{'is_target': True, 'verdict': '参加推奨', 'max_combo_prob': 0.0753, 'est_top_odds': 17.7, 'circle_concentration': 69.1, 'eligible_count': 6, 'bet_adj': 2, 'reason': 'rel_win1=57.0%（本命度） / 最有力組み合わせ確率: 0.075（推定実オッズ?18倍） / 2着集中度: 上位2艇 69.1%（補正+0.00） / 総合判定確率: 0.075 / → ヒモ分散。1号艇1着固定で広めのヒモ流し推奨（買い目+2点）', 'tenji_trigger': '展示確認: ヒモ分散レース。1号艇伸び確認後、広めのヒモ流しを採用。穴ヒモ（5・6号艇）を積極的に含める。'}",,,28.1,逃げ狙い,20.78,25.9,2,,,,,,,,,,,
2025-07-14,丸亀,11,5,吉村　誠,A2,30.61,5,△,5.3814,14.6,61,50.9,0.1302,2.7358,,,0,低,86,0,差ま0% 抜0%,232,0,75.4,1.4074,0,0,0,0.2353,0.0588,0.0098,0.0195,0.1735,,◎,D,◎,◎,0.4708,0.675,0.4939,0.4018,S,87,0,◎1着固定 2-3着流し（5〜8点）,0.5777,"{'is_target': True, 'verdict': '参加推奨', 'max_combo_prob': 0.0753, 'est_top_odds': 17.7, 'circle_concentration': 69.1, 'eligible_count': 6, 'bet_adj': 2, 'reason': 'rel_win1=57.0%（本命度） / 最有力組み合わせ確率: 0.075（推定実オッズ?18倍） / 2着集中度: 上位2艇 69.1%（補正+0.00） / 総合判定確率: 0.075 / → ヒモ分散。1号艇1着固定で広めのヒモ流し推奨（買い目+2点）', 'tenji_trigger': '展示確認: ヒモ分散レース。1号艇伸び確認後、広めのヒモ流しを採用。穴ヒモ（5・6号艇）を積極的に含める。'}",,,28.1,逃げ狙い,20.78,25.9,2,,,,,,,,,,,
2025-07-14,丸亀,11,6,中村　尊,A2,27.17,6,,1.8321,3.7,81,38.5,0.166,3.6923,,,0,低,55,0,-,4 32,0,34.8,1.0106,0,0,0,0,0.0357,0.24,0.04,0.0667,,,E,○,,0.3344,0.6655,,0.4018,S,87,0,◎1着固定 2-3着流し（5〜8点）,0.5777,"{'is_target': True, 'verdict': '参加推奨', 'max_combo_prob': 0.0753, 'est_top_odds': 17.7, 'circle_concentration': 69.1, 'eligible_count': 6, 'bet_adj': 2, 'reason': 'rel_win1=57.0%（本命度） / 最有力組み合わせ確率: 0.075（推定実オッズ?18倍） / 2着集中度: 上位2艇 69.1%（補正+0.00） / 総合判定確率: 0.075 / → ヒモ分散。1号艇1着固定で広めのヒモ流し推奨（買い目+2点）', 'tenji_trigger': '展示確認: ヒモ分散レース。1号艇伸び確認後、広めのヒモ流しを採用。穴ヒモ（5・6号艇）を積極的に含める。'}",,,28.1,逃げ狙い,20.78,25.9,2,,,,,,,,,,,
2025-07-14,丸亀,12,1,藤田竜弘,A2,34.03,1,◎,57.7533,,0,76.9,0.1699,3.859,,,0,低,145,0,逃0%,635,0,82.1,1.0171,0.3548,,,,,0.3516,0.3161,0.0774,△,,C,◎,,,0.6755,,0.2877,A,66,0,◎-○軸 3着3〜4艇流し（10〜15点）,0.5777,"{'is_target': True, 'verdict': '点数絞り', 'max_combo_prob': 0.1138, 'est_top_odds': 11.7, 'circle_concentration': 84.3, 'eligible_count': 8, 'bet_adj': 0, 'reason': 'rel_win1=57.8%（本命度） / 最有力組み合わせ確率: 0.114（推定実オッズ?12倍） / 2着集中度: 上位2艇 84.3%（補正+0.04） / 総合判定確率: 0.154 / → ヒモはやや固め。上位2艇以外を切ること', 'tenji_trigger': '展示確認: 1号艇伸び良→そのまま採用。悪→飛び組に差し替え。circle_pct上位2艇に絞り込むこと。'}",,,31.6,逃げ狙い,14.62,41.3,4,4-5-6|1-2-4|1-2-5|1-2-3|1-3-4|1-3-5,2-1-3|3-1-5|4-5-6|3-2-5|2-1-5|3-5-1|3-5-2|1-2-4|1-2-5|1-2-3|1-3-4|1-3-5,4-5-6:1.86%|1-2-4:8.25%|1-2-5:6.81%|1-2-3:6.68%|1-3-4:5.4%|1-3-5:4.46%,4-5-6:B_main|1-2-4:A|1-2-5:A|1-2-3:A|1-3-4:A|1-3-5:A,6,12,0.4535,1,[!]見送り推奨（主役決まり手「まくり」― 逃げ劣勢レースで的中実績なし）,荒れ広め,D
2025-07-14,丸亀,12,2,鈴木賢一,B1,27.78,2,,11.9467,55.6,82,55.9,0.1763,3.9746,,,0,低,131,0,-,1 55,0,46.9,1.0791,0,0.1154,0.0385,0,0.0385,0.3091,0.0364,0.0727,,,D,△,,0.3125,0.6275,,0.2877,A,66,0,◎-○軸 3着3〜4艇流し（10〜15点）,0.5777,"{'is_target': True, 'verdict': '点数絞り', 'max_combo_prob': 0.1138, 'est_top_odds': 11.7, 'circle_concentration': 84.3, 'eligible_count': 8, 'bet_adj': 0, 'reason': 'rel_win1=57.8%（本命度） / 最有力組み合わせ確率: 0.114（推定実オッズ?12倍） / 2着集中度: 上位2艇 84.3%（補正+0.04） / 総合判定確率: 0.154 / → ヒモはやや固め。上位2艇以外を切ること', 'tenji_trigger': '展示確認: 1号艇伸び良→そのまま採用。悪→飛び組に差し替え。circle_pct上位2艇に絞り込むこと。'}",,,31.6,逃げ狙い,14.62,41.3,4,,,,,,,,,,,
2025-07-14,丸亀,12,3,天野晶夫,A2,33.16,3,,11.6251,28.8,100,60.9,0.1735,3.4239,,,0,低,109,0,差ま0%,3 43,0,47.1,1.1446,0,0,0,0.04,0,0.448,0.112,0.048,,,C,,,0.3138,0.615,,0.2877,A,66,0,◎-○軸 3着3〜4艇流し（10〜15点）,0.5777,"{'is_target': True, 'verdict': '点数絞り', 'max_combo_prob': 0.1138, 'est_top_odds': 11.7, 'circle_concentration': 84.3, 'eligible_count': 8, 'bet_adj': 0, 'reason': 'rel_win1=57.8%（本命度） / 最有力組み合わせ確率: 0.114（推定実オッズ?12倍） / 2着集中度: 上位2艇 84.3%（補正+0.04） / 総合判定確率: 0.154 / → ヒモはやや固め。上位2艇以外を切ること', 'tenji_trigger': '展示確認: 1号艇伸び良→そのまま採用。悪→飛び組に差し替え。circle_pct上位2艇に絞り込むこと。'}",,,31.6,逃げ狙い,14.62,41.3,4,,,,,,,,,,,
2025-07-14,丸亀,12,4,松江秀徳,A2,33.16,4,△,12.4894,10.8,58,43.1,0.1297,2.8793,,,0,低,115,0,ま1%,4465,0,27.7,0.8057,0,0,0.125,0.0833,0,0.0353,0.0471,0.1456,,◎,C,△,◎,0.519,0.6255,0.416,0.2877,A,66,0,◎-○軸 3着3〜4艇流し（10〜15点）,0.5777,"{'is_target': True, 'verdict': '点数絞り', 'max_combo_prob': 0.1138, 'est_top_odds': 11.7, 'circle_concentration': 84.3, 'eligible_count': 8, 'bet_adj': 0, 'reason': 'rel_win1=57.8%（本命度） / 最有力組み合わせ確率: 0.114（推定実オッズ?12倍） / 2着集中度: 上位2艇 84.3%（補正+0.04） / 総合判定確率: 0.154 / → ヒモはやや固め。上位2艇以外を切ること', 'tenji_trigger': '展示確認: 1号艇伸び良→そのまま採用。悪→飛び組に差し替え。circle_pct上位2艇に絞り込むこと。'}",,,31.6,逃げ狙い,14.62,41.3,4,,,,,,,,,,,
2025-07-14,丸亀,12,5,佃　來紀,B1,35.75,5,▲,3.4756,1.4,91,39.7,0.1713,3.5735,,,0,低,88,0,差ま0%,415,0,55.8,1.0581,0,0,0,0.0435,0,0.0308,0.0615,0.0308,,,B,,,0.3236,0.6245,,0.2877,A,66,0,◎-○軸 3着3〜4艇流し（10〜15点）,0.5777,"{'is_target': True, 'verdict': '点数絞り', 'max_combo_prob': 0.1138, 'est_top_odds': 11.7, 'circle_concentration': 84.3, 'eligible_count': 8, 'bet_adj': 0, 'reason': 'rel_win1=57.8%（本命度） / 最有力組み合わせ確率: 0.114（推定実オッズ?12倍） / 2着集中度: 上位2艇 84.3%（補正+0.04） / 総合判定確率: 0.154 / → ヒモはやや固め。上位2艇以外を切ること', 'tenji_trigger': '展示確認: 1号艇伸び良→そのまま採用。悪→飛び組に差し替え。circle_pct上位2艇に絞り込むこと。'}",,,31.6,逃げ狙い,14.62,41.3,4,,,,,,,,,,,
2025-07-14,丸亀,12,6,大場広孝,B1,40.21,6,○,2.7099,3.5,33,20,0.171,4,,,0,低,117,0,-,1 54,0,30.7,0.8639,,,,,,0,0.4615,0.1538,,,B,○,,0.3576,0.6415,,0.2877,A,66,0,◎-○軸 3着3〜4艇流し（10〜15点）,0.5777,"{'is_target': True, 'verdict': '点数絞り', 'max_combo_prob': 0.1138, 'est_top_odds': 11.7, 'circle_concentration': 84.3, 'eligible_count': 8, 'bet_adj': 0, 'reason': 'rel_win1=57.8%（本命度） / 最有力組み合わせ確率: 0.114（推定実オッズ?12倍） / 2着集中度: 上位2艇 84.3%（補正+0.04） / 総合判定確率: 0.154 / → ヒモはやや固め。上位2艇以外を切ること', 'tenji_trigger': '展示確認: 1号艇伸び良→そのまま採用。悪→飛び組に差し替え。circle_pct上位2艇に絞り込むこと。'}",,,31.6,逃げ狙い,14.62,41.3,4,,,,,,,,,,,
2025-07-15,丸亀,1,1,坂口貴彦,B1,29.56,1,◎,59.991,,0,90.9,0.1414,2.9205,,,0,低,134,0,逃0%,264 54,0,92.3,1.2388,0.6471,,,,,0.0471,0.1235,0.1471,◎,,D,△,,,0.591,,0.5856,A,75,0,◎-○軸 3着3〜4艇流し（10〜15点）,0.5777,"{'is_target': True, 'verdict': '参加推奨', 'max_combo_prob': 0.077, 'est_top_odds': 17.3, 'circle_concentration': 73.5, 'eligible_count': 8, 'bet_adj': 2, 'reason': 'rel_win1=60.0%（本命度） / 最有力組み合わせ確率: 0.077（推定実オッズ?17倍） / 2着集中度: 上位2艇 73.5%（補正+0.04） / 総合判定確率: 0.117 / → ヒモ分散。1号艇1着固定で広めのヒモ流し推奨（買い目+2点）', 'tenji_trigger': '展示確認: ヒモ分散レース。1号艇伸び確認後、広めのヒモ流しを採用。穴ヒモ（5・6号艇）を積極的に含める。'}",,,26.7,逃げ狙い,13.44,28.2,3,,,,,0,0,0.7559,0,,逃げ軸流し,A
2025-07-15,丸亀,1,2,増本杏珠,B1,31.22,2,,10.269,40.2,100,9.1,0.2336,4.5,,,0,低,74,1,-,624 45,0,44.6,0.5379,,,,,,0.1667,0.5,0.1667,,,D,,,0.0775,0.5195,,0.5856,A,75,0,◎-○軸 3着3〜4艇流し（10〜15点）,0.5777,"{'is_target': True, 'verdict': '参加推奨', 'max_combo_prob': 0.077, 'est_top_odds': 17.3, 'circle_concentration': 73.5, 'eligible_count': 8, 'bet_adj': 2, 'reason': 'rel_win1=60.0%（本命度） / 最有力組み合わせ確率: 0.077（推定実オッズ?17倍） / 2着集中度: 上位2艇 73.5%（補正+0.04） / 総合判定確率: 0.117 / → ヒモ分散。1号艇1着固定で広めのヒモ流し推奨（買い目+2点）', 'tenji_trigger': '展示確認: ヒモ分散レース。1号艇伸び確認後、広めのヒモ流しを採用。穴ヒモ（5・6号艇）を積極的に含める。'}",,,26.7,逃げ狙い,13.44,28.2,3,,,,,,,,,,,
2025-07-15,丸亀,1,3,大熊辰弥,B2,31.63,3,△,7.2672,13.2,88,20,0.2242,4.6333,,,0,低,139,0,-,,0,37.9,1.0867,,,,,,0.2,0.4,0.2,,,C,,,0.135,0.5275,,0.5856,A,75,0,◎-○軸 3着3〜4艇流し（10〜15点）,0.5777,"{'is_target': True, 'verdict': '参加推奨', 'max_combo_prob': 0.077, 'est_top_odds': 17.3, 'circle_concentration': 73.5, 'eligible_count': 8, 'bet_adj': 2, 'reason': 'rel_win1=60.0%（本命度） / 最有力組み合わせ確率: 0.077（推定実オッズ?17倍） / 2着集中度: 上位2艇 73.5%（補正+0.04） / 総合判定確率: 0.117 / → ヒモ分散。1号艇1着固定で広めのヒモ流し推奨（買い目+2点）', 'tenji_trigger': '展示確認: ヒモ分散レース。1号艇伸び確認後、広めのヒモ流しを採用。穴ヒモ（5・6号艇）を積極的に含める。'}",,,26.7,逃げ狙い,13.44,28.2,3,,,,,,,,,,,
2025-07-15,丸亀,1,4,山田真聖,B1,27.75,4,,12.1178,10.4,56,30.8,0.1621,3.3558,,,0,低,94,0,-,2 656,0,72.5,1.3419,0,0,0.037,0.0741,0,0.0952,0.1771,0.019,,,E,△,◎,0.2107,0.619,0.3278,0.5856,A,75,0,◎-○軸 3着3〜4艇流し（10〜15点）,0.5777,"{'is_target': True, 'verdict': '参加推奨', 'max_combo_prob': 0.077, 'est_top_odds': 17.3, 'circle_concentration': 73.5, 'eligible_count': 8, 'bet_adj': 2, 'reason': 'rel_win1=60.0%（本命度） / 最有力組み合わせ確率: 0.077（推定実オッズ?17倍） / 2着集中度: 上位2艇 73.5%（補正+0.04） / 総合判定確率: 0.117 / → ヒモ分散。1号艇1着固定で広めのヒモ流し推奨（買い目+2点）', 'tenji_trigger': '展示確認: ヒモ分散レース。1号艇伸び確認後、広めのヒモ流しを採用。穴ヒモ（5・6号艇）を積極的に含める。'}",,,26.7,逃げ狙い,13.44,28.2,3,,,,,,,,,,,
2025-07-15,丸亀,1,5,鈴木裕隆,B1,46.84,5,○,8.8748,33.2,95,54.4,0.1841,3.9338,,,0,低,149,0,差ま1%,322 43,0,24.7,0.8198,0,0,0,0.1034,0,0.2903,0.2274,0.0887,,,A,◎,○,0.1623,0.661,0.2797,0.5856,A,75,0,◎-○軸 3着3〜4艇流し（10〜15点）,0.5777,"{'is_target': True, 'verdict': '参加推奨', 'max_combo_prob': 0.077, 'est_top_odds': 17.3, 'circle_concentration': 73.5, 'eligible_count': 8, 'bet_adj': 2, 'reason': 'rel_win1=60.0%（本命度） / 最有力組み合わせ確率: 0.077（推定実オッズ?17倍） / 2着集中度: 上位2艇 73.5%（補正+0.04） / 総合判定確率: 0.117 / → ヒモ分散。1号艇1着固定で広めのヒモ流し推奨（買い目+2点）', 'tenji_trigger': '展示確認: ヒモ分散レース。1号艇伸び確認後、広めのヒモ流しを採用。穴ヒモ（5・6号艇）を積極的に含める。'}",,,26.7,逃げ狙い,13.44,28.2,3,,,,,,,,,,,
2025-07-15,丸亀,1,6,木村光宏,B1,42.11,6,▲,1.4803,2.9,59,23.8,0.1876,4.2619,,,0,低,99,0,-,1 3333,0,36.8,0.7117,,,,,,0.3952,0.3571,0.0571,,,B,○,,0.1648,0.6335,,0.5856,A,75,0,◎-○軸 3着3〜4艇流し（10〜15点）,0.5777,"{'is_target': True, 'verdict': '参加推奨', 'max_combo_prob': 0.077, 'est_top_odds': 17.3, 'circle_concentration': 73.5, 'eligible_count': 8, 'bet_adj': 2, 'reason': 'rel_win1=60.0%（本命度） / 最有力組み合わせ確率: 0.077（推定実オッズ?17倍） / 2着集中度: 上位2艇 73.5%（補正+0.04） / 総合判定確率: 0.117 / → ヒモ分散。1号艇1着固定で広めのヒモ流し推奨（買い目+2点）', 'tenji_trigger': '展示確認: ヒモ分散レース。1号艇伸び確認後、広めのヒモ流しを採用。穴ヒモ（5・6号艇）を積極的に含める。'}",,,26.7,逃げ狙い,13.44,28.2,3,,,,,,,,,,,
2025-07-15,丸亀,2,1,佐藤駿介,B1,32.45,1,◎,49.8133,,0,68.4,0.1492,3.2105,,,0,低,113,0,逃0%,6 466,0,74.2,0.8985,0.25,,,,,0.0333,0.25,0.2833,◎,,C,○,,,0.6255,,0.4542,A,64,0,◎-○軸 3着3〜4艇流し（10〜15点）,0.5777,"{'is_target': True, 'verdict': '参加推奨', 'max_combo_prob': 0.077, 'est_top_odds': 17.3, 'circle_concentration': 72.7, 'eligible_count': 8, 'bet_adj': 2, 'reason': 'rel_win1=49.8%（本命度） / 最有力組み合わせ確率: 0.077（推定実オッズ?17倍） / 2着集中度: 上位2艇 72.7%（補正+0.04） / 総合判定確率: 0.117 / → ヒモ分散。1号艇1着固定で広めのヒモ流し推奨（買い目+2点）', 'tenji_trigger': '展示確認: ヒモ分散レース。1号艇伸び確認後、広めのヒモ流しを採用。穴ヒモ（5・6号艇）を積極的に含める。'}",,,29.3,両建て推奨,18.14,31.6,5,,,,,0,0,0.7559,0,,逃げ軸流し,A
2025-07-15,丸亀,2,2,中村駿平,B1,30.00,2,△,7.6192,36.2,42,29.5,0.1541,3.0114,,,0,低,91,0,-,6 265,0,80.5,1.2836,,,,,,0.1815,0.3631,0.0923,,,D,△,,0.2785,0.618,,0.4542,A,64,0,◎-○軸 3着3〜4艇流し（10〜15点）,0.5777,"{'is_target': True, 'verdict': '参加推奨', 'max_combo_prob': 0.077, 'est_top_odds': 17.3, 'circle_concentration': 72.7, 'eligible_count': 8, 'bet_adj': 2, 'reason': 'rel_win1=49.8%（本命度） / 最有力組み合わせ確率: 0.077（推定実オッズ?17倍） / 2着集中度: 上位2艇 72.7%（補正+0.04） / 総合判定確率: 0.117 / → ヒモ分散。1号艇1着固定で広めのヒモ流し推奨（買い目+2点）', 'tenji_trigger': '展示確認: ヒモ分散レース。1号艇伸び確認後、広めのヒモ流しを採用。穴ヒモ（5・6号艇）を積極的に含める。'}",,,29.3,両建て推奨,18.14,31.6,5,,,,,,,,,,,
2025-07-15,丸亀,2,3,大場広孝,B1,40.21,3,○,14.7851,36.5,80,60.6,0.1479,2.9848,,,0,低,117,0,ま0% 差ま0%,1 5423,0,67.5,1.2398,0,0,0.0455,0.0909,0,0,0.4615,0.1538,,,B,◎,,0.303,0.6415,,0.4542,A,64,0,◎-○軸 3着3〜4艇流し（10〜15点）,0.5777,"{'is_target': True, 'verdict': '参加推奨', 'max_combo_prob': 0.077, 'est_top_odds': 17.3, 'circle_concentration': 72.7, 'eligible_count': 8, 'bet_adj': 2, 'reason': 'rel_win1=49.8%（本命度） / 最有力組み合わせ確率: 0.077（推定実オッズ?17倍） / 2着集中度: 上位2艇 72.7%（補正+0.04） / 総合判定確率: 0.117 / → ヒモ分散。1号艇1着固定で広めのヒモ流し推奨（買い目+2点）', 'tenji_trigger': '展示確認: ヒモ分散レース。1号艇伸び確認後、広めのヒモ流しを採用。穴ヒモ（5・6号艇）を積極的に含める。'}",,,29.3,両建て推奨,18.14,31.6,5,,,,,,,,,,,
2025-07-15,丸亀,2,4,山下友貴,B1,28.88,4,,8.2659,16.4,75,33.3,0.2156,4.8333,,,0,低,98,0,差0%,52341,0,21.3,0.8004,0,0.0588,0,0,0,0.0308,0.1615,0.1615,,,D,,,0.1096,0.5825,,0.4542,A,64,0,◎-○軸 3着3〜4艇流し（10〜15点）,0.5777,"{'is_target': True, 'verdict': '参加推奨', 'max_combo_prob': 0.077, 'est_top_odds': 17.3, 'circle_concentration': 72.7, 'eligible_count': 8, 'bet_adj': 2, 'reason': 'rel_win1=49.8%（本命度） / 最有力組み合わせ確率: 0.077（推定実オッズ?17倍） / 2着集中度: 上位2艇 72.7%（補正+0.04） / 総合判定確率: 0.117 / → ヒモ分散。1号艇1着固定で広めのヒモ流し推奨（買い目+2点）', 'tenji_trigger': '展示確認: ヒモ分散レース。1号艇伸び確認後、広めのヒモ流しを採用。穴ヒモ（5・6号艇）を積極的に含める。'}",,,29.3,両建て推奨,18.14,31.6,5,,,,,,,,,,,
2025-07-15,丸亀,2,5,川原祐明,A1,37.91,5,▲,18.4173,10.5,100,64.8,0.1587,3.5741,,,0,低,110,0,差ま0%,15112S,0,67.7,1.1038,0,0.0357,0,0.2143,0,0.0276,0.1014,0.0138,,,B,△,◎,0.2923,0.6185,0.5546,0.4542,A,64,0,◎-○軸 3着3〜4艇流し（10〜15点）,0.5777,"{'is_target': True, 'verdict': '参加推奨', 'max_combo_prob': 0.077, 'est_top_odds': 17.3, 'circle_concentration': 72.7, 'eligible_count': 8, 'bet_adj': 2, 'reason': 'rel_win1=49.8%（本命度） / 最有力組み合わせ確率: 0.077（推定実オッズ?17倍） / 2着集中度: 上位2艇 72.7%（補正+0.04） / 総合判定確率: 0.117 / → ヒモ分散。1号艇1着固定で広めのヒモ流し推奨（買い目+2点）', 'tenji_trigger': '展示確認: ヒモ分散レース。1号艇伸び確認後、広めのヒモ流しを採用。穴ヒモ（5・6号艇）を積極的に含める。'}",,,29.3,両建て推奨,18.14,31.6,5,,,,,,,,,,,
2025-07-15,丸亀,2,6,高木茉白,B2,28.42,6,,1.0993,0.4,19,2.8,0.1956,4.3451,,,0,低,70,0,-,655 6,0,27.7,0.5775,,,,,,0,1,0,,,E,,,0.1612,0.48,,0.4542,A,64,0,◎-○軸 3着3〜4艇流し（10〜15点）,0.5777,"{'is_target': True, 'verdict': '参加推奨', 'max_combo_prob': 0.077, 'est_top_odds': 17.3, 'circle_concentration': 72.7, 'eligible_count': 8, 'bet_adj': 2, 'reason': 'rel_win1=49.8%（本命度） / 最有力組み合わせ確率: 0.077（推定実オッズ?17倍） / 2着集中度: 上位2艇 72.7%（補正+0.04） / 総合判定確率: 0.117 / → ヒモ分散。1号艇1着固定で広めのヒモ流し推奨（買い目+2点）', 'tenji_trigger': '展示確認: ヒモ分散レース。1号艇伸び確認後、広めのヒモ流しを採用。穴ヒモ（5・6号艇）を積極的に含める。'}",,,29.3,両建て推奨,18.14,31.6,5,,,,,,,,,,,
2025-07-15,丸亀,3,1,野相弘司,B1,25.44,1,◎,46.1368,,0,84.3,0.1369,2.6176,,,0,低,120,0,-,54S64,0,100,1.776,0.4348,,,,,0.1896,0.1548,0.087,◎,,E,△,,,0.6095,,0.4733,A,68,0,◎-○軸 3着3〜4艇流し（10〜15点）,0.5777,"{'is_target': True, 'verdict': '参加推奨', 'max_combo_prob': 0.0561, 'est_top_odds': 23.8, 'circle_concentration': 70.2, 'eligible_count': 8, 'bet_adj': 2, 'reason': 'rel_win1=46.1%（本命度） / 最有力組み合わせ確率: 0.056（推定実オッズ?24倍） / 2着集中度: 上位2艇 70.2%（補正+0.04） / 総合判定確率: 0.096 / → ヒモ分散。1号艇1着固定で広めのヒモ流し推奨（買い目+2点）', 'tenji_trigger': '展示確認: ヒモ分散レース。1号艇伸び確認後、広めのヒモ流しを採用。穴ヒモ（5・6号艇）を積極的に含める。\n展示で1号艇スタート超安定(0.137秒)→ヒモ固まり方向に注意'}",,,24,逃げ狙い,17.05,31.7,2,,,,,0,0,0.7559,0,,逃げ軸流し,A
2025-07-15,丸亀,3,2,妻鳥晋也,B1,31.98,2,,16.2223,37.7,60,58.3,0.1983,4.725,,,0,低,151,0,差0%,,0,60,1.4712,0,0.12,0,0,0,0.25,0.21,0.23,,,C,,,0.1056,0.601,,0.4733,A,68,0,◎-○軸 3着3〜4艇流し（10〜15点）,0.5777,"{'is_target': True, 'verdict': '参加推奨', 'max_combo_prob': 0.0561, 'est_top_odds': 23.8, 'circle_concentration': 70.2, 'eligible_count': 8, 'bet_adj': 2, 'reason': 'rel_win1=46.1%（本命度） / 最有力組み合わせ確率: 0.056（推定実オッズ?24倍） / 2着集中度: 上位2艇 70.2%（補正+0.04） / 総合判定確率: 0.096 / → ヒモ分散。1号艇1着固定で広めのヒモ流し推奨（買い目+2点）', 'tenji_trigger': '展示確認: ヒモ分散レース。1号艇伸び確認後、広めのヒモ流しを採用。穴ヒモ（5・6号艇）を積極的に含める。\n展示で1号艇スタート超安定(0.137秒)→ヒモ固まり方向に注意'}",,,24,逃げ狙い,17.05,31.7,2,,,,,,,,,,,
2025-07-15,丸亀,3,3,塩崎優司,B1,38.97,3,○,14.1847,19.9,73,53.5,0.1654,3.3732,,,0,低,128,0,ま0% 差ま0% 抜0%,265 45,0,40.4,1.1348,0,0,0.0714,0.0357,0.0357,0.0533,0.1657,0.0533,,,B,,,0.173,0.591,,0.4733,A,68,0,◎-○軸 3着3〜4艇流し（10〜15点）,0.5777,"{'is_target': True, 'verdict': '参加推奨', 'max_combo_prob': 0.0561, 'est_top_odds': 23.8, 'circle_concentration': 70.2, 'eligible_count': 8, 'bet_adj': 2, 'reason': 'rel_win1=46.1%（本命度） / 最有力組み合わせ確率: 0.056（推定実オッズ?24倍） / 2着集中度: 上位2艇 70.2%（補正+0.04） / 総合判定確率: 0.096 / → ヒモ分散。1号艇1着固定で広めのヒモ流し推奨（買い目+2点）', 'tenji_trigger': '展示確認: ヒモ分散レース。1号艇伸び確認後、広めのヒモ流しを採用。穴ヒモ（5・6号艇）を積極的に含める。\n展示で1号艇スタート超安定(0.137秒)→ヒモ固まり方向に注意'}",,,24,逃げ狙い,17.05,31.7,2,,,,,,,,,,,
2025-07-15,丸亀,3,4,中村　尊,A2,27.17,4,,12.5504,32.6,52,65.7,0.1225,2.6269,,,0,低,55,0,ま0%,4 3214,0,34.1,0.9185,0,0.12,0.08,0,0,0.24,0.04,0.0667,,,D,◎,◎,0.3845,0.6655,0.4782,0.4733,A,68,0,◎-○軸 3着3〜4艇流し（10〜15点）,0.5777,"{'is_target': True, 'verdict': '参加推奨', 'max_combo_prob': 0.0561, 'est_top_odds': 23.8, 'circle_concentration': 70.2, 'eligible_count': 8, 'bet_adj': 2, 'reason': 'rel_win1=46.1%（本命度） / 最有力組み合わせ確率: 0.056（推定実オッズ?24倍） / 2着集中度: 上位2艇 70.2%（補正+0.04） / 総合判定確率: 0.096 / → ヒモ分散。1号艇1着固定で広めのヒモ流し推奨（買い目+2点）', 'tenji_trigger': '展示確認: ヒモ分散レース。1号艇伸び確認後、広めのヒモ流しを採用。穴ヒモ（5・6号艇）を積極的に含める。\n展示で1号艇スタート超安定(0.137秒)→ヒモ固まり方向に注意'}",,,24,逃げ狙い,17.05,31.7,2,,,,,,,,,,,
2025-07-15,丸亀,3,5,天野晶夫,A2,33.16,5,△,7.3774,8.1,100,45.2,0.1545,2.9524,,,0,低,109,0,-,3 4336,0,60.3,1.3264,,,,,,0.448,0.112,0.048,,,C,△,,0.2781,0.615,,0.4733,A,68,0,◎-○軸 3着3〜4艇流し（10〜15点）,0.5777,"{'is_target': True, 'verdict': '参加推奨', 'max_combo_prob': 0.0561, 'est_top_odds': 23.8, 'circle_concentration': 70.2, 'eligible_count': 8, 'bet_adj': 2, 'reason': 'rel_win1=46.1%（本命度） / 最有力組み合わせ確率: 0.056（推定実オッズ?24倍） / 2着集中度: 上位2艇 70.2%（補正+0.04） / 総合判定確率: 0.096 / → ヒモ分散。1号艇1着固定で広めのヒモ流し推奨（買い目+2点）', 'tenji_trigger': '展示確認: ヒモ分散レース。1号艇伸び確認後、広めのヒモ流しを採用。穴ヒモ（5・6号艇）を積極的に含める。\n展示で1号艇スタート超安定(0.137秒)→ヒモ固まり方向に注意'}",,,24,逃げ狙い,17.05,31.7,2,,,,,,,,,,,
2025-07-15,丸亀,3,6,尾崎雄二,B1,42.11,6,▲,3.5283,1.8,85,31.5,0.1726,3.7222,,,0,低,133,0,抜0%,23435,0,28.1,0.8489,0,0.0455,0,0,0.0455,0.1667,0.1667,0.0556,,,B,○,,0.1896,0.6365,,0.4733,A,68,0,◎-○軸 3着3〜4艇流し（10〜15点）,0.5777,"{'is_target': True, 'verdict': '参加推奨', 'max_combo_prob': 0.0561, 'est_top_odds': 23.8, 'circle_concentration': 70.2, 'eligible_count': 8, 'bet_adj': 2, 'reason': 'rel_win1=46.1%（本命度） / 最有力組み合わせ確率: 0.056（推定実オッズ?24倍） / 2着集中度: 上位2艇 70.2%（補正+0.04） / 総合判定確率: 0.096 / → ヒモ分散。1号艇1着固定で広めのヒモ流し推奨（買い目+2点）', 'tenji_trigger': '展示確認: ヒモ分散レース。1号艇伸び確認後、広めのヒモ流しを採用。穴ヒモ（5・6号艇）を積極的に含める。\n展示で1号艇スタート超安定(0.137秒)→ヒモ固まり方向に注意'}",,,24,逃げ狙い,17.05,31.7,2,,,,,,,,,,,
2025-07-15,丸亀,4,1,國弘翔平,B1,35.48,1,◎,42.5496,,0,57.1,0.1657,3.4694,,,0,低,162,0,逃0%,5 636,0,38,0.7538,0.2963,,,,,0.1889,0.1741,0.3889,△,,B,,,,0.57,,0.3047,C,40,0,荒れ傾向。高配当狙いか見送り,0.5777,"{'is_target': False, 'verdict': '対象外', 'max_combo_prob': None, 'est_top_odds': None, 'circle_concentration': None, 'eligible_count': 0, 'bet_adj': 0, 'reason': '1号艇rel_win1 < 45%: 通常判定に委ねる', 'tenji_trigger': ''}",,,31.4,両建て推奨,17.98,37.8,3,2-1-3|1-2-5|1-3-5|1-2-4|1-3-4|1-2-3,5-1-6|3-5-4|3-4-5|5-6-1|3-4-6|2-1-3|5-1-3|1-2-5|1-3-5|1-2-4|1-3-4|1-2-3,2-1-3:1.7%|1-2-5:6.38%|1-3-5:6.13%|1-2-4:6.12%|1-3-4:5.88%|1-2-3:5.51%,2-1-3:B_main|1-2-5:A|1-3-5:A|1-2-4:A|1-3-4:A|1-2-3:A,6,12,0.4535,1,[!]見送り推奨（主役決まり手「差し」― 逃げ劣勢レースで的中実績なし）,荒れ広め,D
2025-07-15,丸亀,4,2,井上大輔,B1,32.28,2,,14.47,36.8,90,59.1,0.1721,3.697,,,0,低,121,0,差0%,3 2216,0,27.2,0.8745,0,0.1154,0,0,0,0.22,0.14,0.06,,,D,△,,0.2904,0.6275,,0.3047,C,40,0,荒れ傾向。高配当狙いか見送り,0.5777,"{'is_target': False, 'verdict': '対象外', 'max_combo_prob': None, 'est_top_odds': None, 'circle_concentration': None, 'eligible_count': 0, 'bet_adj': 0, 'reason': '1号艇rel_win1 < 45%: 通常判定に委ねる', 'tenji_trigger': ''}",,,31.4,両建て推奨,17.98,37.8,3,,,,,,,,,,,
2025-07-15,丸亀,4,3,北川幸典,B1,33.88,3,▲,20.0229,34.7,54,48.6,0.1646,3.2297,,,0,低,79,0,-,642 56,0,94.8,1.9535,0,0,0.1667,0.0556,0.0556,0.3125,0.125,0.1875,,,C,,,0.3472,0.5995,,0.3047,C,40,0,荒れ傾向。高配当狙いか見送り,0.5777,"{'is_target': False, 'verdict': '対象外', 'max_combo_prob': None, 'est_top_odds': None, 'circle_concentration': None, 'eligible_count': 0, 'bet_adj': 0, 'reason': '1号艇rel_win1 < 45%: 通常判定に委ねる', 'tenji_trigger': ''}",,,31.4,両建て推奨,17.98,37.8,3,,,,,,,,,,,
2025-07-15,丸亀,4,4,草場康幸,B1,41.03,4,○,9.3556,13.9,100,54.7,0.1657,3.6509,,,0,低,98,0,-,526 33,0,84,1.6279,,,,,,0.21,0.02,0,,,B,○,,0.3356,0.6715,,0.3047,C,40,0,荒れ傾向。高配当狙いか見送り,0.5777,"{'is_target': False, 'verdict': '対象外', 'max_combo_prob': None, 'est_top_odds': None, 'circle_concentration': None, 'eligible_count': 0, 'bet_adj': 0, 'reason': '1号艇rel_win1 < 45%: 通常判定に委ねる', 'tenji_trigger': ''}",,,31.4,両建て推奨,17.98,37.8,3,,,,,,,,,,,
2025-07-15,丸亀,4,5,松江秀徳,A2,33.16,5,△,12.3101,9.8,57,36.2,0.1483,3.1277,,,0,低,115,0,-,446561,0,72.2,1.4448,0,0,0.0455,0.0455,0,0.0353,0.0471,0.1456,,,D,△,◎,0.3688,0.6255,0.3283,0.3047,C,40,0,荒れ傾向。高配当狙いか見送り,0.5777,"{'is_target': False, 'verdict': '対象外', 'max_combo_prob': None, 'est_top_odds': None, 'circle_concentration': None, 'eligible_count': 0, 'bet_adj': 0, 'reason': '1号艇rel_win1 < 45%: 通常判定に委ねる', 'tenji_trigger': ''}",,,31.4,両建て推奨,17.98,37.8,3,,,,,,,,,,,
2025-07-15,丸亀,4,6,藤田竜弘,A2,34.03,6,,1.2918,4.8,33,25.4,0.1808,4.2119,,,0,低,145,0,-,635 34,0,39,1.0067,,,,,,0.3516,0.3161,0.0774,,,C,◎,,0.2909,0.6755,,0.3047,C,40,0,荒れ傾向。高配当狙いか見送り,0.5777,"{'is_target': False, 'verdict': '対象外', 'max_combo_prob': None, 'est_top_odds': None, 'circle_concentration': None, 'eligible_count': 0, 'bet_adj': 0, 'reason': '1号艇rel_win1 < 45%: 通常判定に委ねる', 'tenji_trigger': ''}",,,31.4,両建て推奨,17.98,37.8,3,,,,,,,,,,,
2025-07-15,丸亀,5,1,佃　來紀,B1,35.75,1,◎,47.1832,,0,88.2,0.1388,3.1765,,,0,低,88,0,逃1%,415 22,0,71.6,1.0926,0.6154,,,,,0.0308,0.0615,0.0308,◎⚠️,,C,△,,,0.6245,,0.5359,S,82,0,◎1着固定 2-3着流し（5〜8点）,0.5777,"{'is_target': True, 'verdict': '参加推奨', 'max_combo_prob': 0.0508, 'est_top_odds': 26.3, 'circle_concentration': 65.5, 'eligible_count': 6, 'bet_adj': 2, 'reason': 'rel_win1=47.2%（本命度） / 最有力組み合わせ確率: 0.051（推定実オッズ?26倍） / 2着集中度: 上位2艇 65.5%（補正+0.00） / 総合判定確率: 0.051 / → ヒモ分散。1号艇1着固定で広めのヒモ流し推奨（買い目+2点）', 'tenji_trigger': '展示確認: ヒモ分散レース。1号艇伸び確認後、広めのヒモ流しを採用。穴ヒモ（5・6号艇）を積極的に含める。\n展示で1号艇スタート超安定(0.139秒)→ヒモ固まり方向に注意'}",,,29.1,逃げ狙い,26.4,24.1,2,3-5-4|3-4-5|3-4-6|3-2-4|3-4-2|3-5-6|3-5-2|3-1-4|3-1-2|3-1-5|1-2-4|1-3-4,3-5-4|3-4-5|3-4-6|3-2-4|3-4-2|3-5-6|3-5-2|3-1-4|3-1-2|3-1-5|1-2-4|1-3-4,3-5-4:1.35%|3-4-5:1.04%|3-4-6:0.87%|3-2-4:0.48%|3-4-2:0.43%|3-5-6:0.32%|3-5-2:0.16%|3-1-4:20.81%|3-1-2:10.55%|3-1-5:7.06%|1-2-4:5.59%|1-3-4:4.65%,3-5-4:B_main|3-4-5:B_main|3-4-6:B_main|3-2-4:B_main|3-4-2:B_main|3-5-6:B_main|3-5-2:B_main|3-1-4:B_sc|3-1-2:B_sc|3-1-5:B_sc|1-2-4:A|1-3-4:A,12,12,0.4535,1,[!]見送り推奨（主役決まり手「まくり」― 逃げ劣勢レースで的中実績なし）,主役軸流し,B
2025-07-15,丸亀,5,2,向井美鈴,A2,39.58,2,△,16.7258,35,100,64.3,0.1709,3.4643,,,0,低,136,0,ま0%,452232,0,46.9,1.1219,0,0,0.12,0,0.04,0.264,0.048,0.116,,,B,,,0.0673,0.604,,0.5359,S,82,0,◎1着固定 2-3着流し（5〜8点）,0.5777,"{'is_target': True, 'verdict': '参加推奨', 'max_combo_prob': 0.0508, 'est_top_odds': 26.3, 'circle_concentration': 65.5, 'eligible_count': 6, 'bet_adj': 2, 'reason': 'rel_win1=47.2%（本命度） / 最有力組み合わせ確率: 0.051（推定実オッズ?26倍） / 2着集中度: 上位2艇 65.5%（補正+0.00） / 総合判定確率: 0.051 / → ヒモ分散。1号艇1着固定で広めのヒモ流し推奨（買い目+2点）', 'tenji_trigger': '展示確認: ヒモ分散レース。1号艇伸び確認後、広めのヒモ流しを採用。穴ヒモ（5・6号艇）を積極的に含める。\n展示で1号艇スタート超安定(0.139秒)→ヒモ固まり方向に注意'}",,,29.1,逃げ狙い,26.4,24.1,2,,,,,,,,,,,
2025-07-15,丸亀,5,3,山田真聖,B1,27.75,3,,13.1304,22.1,82,52.7,0.1615,3.1636,,,0,低,94,0,-,2 656,0,33.1,0.729,0,0.0323,0.1613,0,0.0323,0.0952,0.1771,0.019,,,E,△,,0.1987,0.619,,0.5359,S,82,0,◎1着固定 2-3着流し（5〜8点）,0.5777,"{'is_target': True, 'verdict': '参加推奨', 'max_combo_prob': 0.0508, 'est_top_odds': 26.3, 'circle_concentration': 65.5, 'eligible_count': 6, 'bet_adj': 2, 'reason': 'rel_win1=47.2%（本命度） / 最有力組み合わせ確率: 0.051（推定実オッズ?26倍） / 2着集中度: 上位2艇 65.5%（補正+0.00） / 総合判定確率: 0.051 / → ヒモ分散。1号艇1着固定で広めのヒモ流し推奨（買い目+2点）', 'tenji_trigger': '展示確認: ヒモ分散レース。1号艇伸び確認後、広めのヒモ流しを採用。穴ヒモ（5・6号艇）を積極的に含める。\n展示で1号艇スタート超安定(0.139秒)→ヒモ固まり方向に注意'}",,,29.1,逃げ狙い,26.4,24.1,2,,,,,,,,,,,
2025-07-15,丸亀,5,4,新開　航,A1,35.64,4,▲,18.2929,30.6,84,91.3,0.1504,2.5652,,,0,低,38,0,ま0%,164414,0,100,2.0111,0,0,0.2222,0,0,0,0.0556,0.0556,,,C,◎,◎,0.2959,0.682,0.3844,0.5359,S,82,0,◎1着固定 2-3着流し（5〜8点）,0.5777,"{'is_target': True, 'verdict': '参加推奨', 'max_combo_prob': 0.0508, 'est_top_odds': 26.3, 'circle_concentration': 65.5, 'eligible_count': 6, 'bet_adj': 2, 'reason': 'rel_win1=47.2%（本命度） / 最有力組み合わせ確率: 0.051（推定実オッズ?26倍） / 2着集中度: 上位2艇 65.5%（補正+0.00） / 総合判定確率: 0.051 / → ヒモ分散。1号艇1着固定で広めのヒモ流し推奨（買い目+2点）', 'tenji_trigger': '展示確認: ヒモ分散レース。1号艇伸び確認後、広めのヒモ流しを採用。穴ヒモ（5・6号艇）を積極的に含める。\n展示で1号艇スタート超安定(0.139秒)→ヒモ固まり方向に注意'}",,,29.1,逃げ狙い,26.4,24.1,2,,,,,,,,,,,
2025-07-15,丸亀,5,5,大町利克,B1,30.89,5,,2.537,7.8,57,26.7,0.1738,3.7583,,,0,低,176,0,-,356 21,0,29.1,0.7183,,,,,,0.3453,0.0842,0.1621,,,D,,,0.1948,0.5545,,0.5359,S,82,0,◎1着固定 2-3着流し（5〜8点）,0.5777,"{'is_target': True, 'verdict': '参加推奨', 'max_combo_prob': 0.0508, 'est_top_odds': 26.3, 'circle_concentration': 65.5, 'eligible_count': 6, 'bet_adj': 2, 'reason': 'rel_win1=47.2%（本命度） / 最有力組み合わせ確率: 0.051（推定実オッズ?26倍） / 2着集中度: 上位2艇 65.5%（補正+0.00） / 総合判定確率: 0.051 / → ヒモ分散。1号艇1着固定で広めのヒモ流し推奨（買い目+2点）', 'tenji_trigger': '展示確認: ヒモ分散レース。1号艇伸び確認後、広めのヒモ流しを採用。穴ヒモ（5・6号艇）を積極的に含める。\n展示で1号艇スタート超安定(0.139秒)→ヒモ固まり方向に注意'}",,,29.1,逃げ狙い,26.4,24.1,2,,,,,,,,,,,
2025-07-15,丸亀,5,6,真庭明志,B1,39.89,6,○,2.1307,4.6,50,25,0.1581,3.5208,,,0,低,95,0,-,5 1214,0,25.3,0.84,0,0,0,0,0.0526,0.1444,0.0235,0.1679,,,B,○,,0.2486,0.678,,0.5359,S,82,0,◎1着固定 2-3着流し（5〜8点）,0.5777,"{'is_target': True, 'verdict': '参加推奨', 'max_combo_prob': 0.0508, 'est_top_odds': 26.3, 'circle_concentration': 65.5, 'eligible_count': 6, 'bet_adj': 2, 'reason': 'rel_win1=47.2%（本命度） / 最有力組み合わせ確率: 0.051（推定実オッズ?26倍） / 2着集中度: 上位2艇 65.5%（補正+0.00） / 総合判定確率: 0.051 / → ヒモ分散。1号艇1着固定で広めのヒモ流し推奨（買い目+2点）', 'tenji_trigger': '展示確認: ヒモ分散レース。1号艇伸び確認後、広めのヒモ流しを採用。穴ヒモ（5・6号艇）を積極的に含める。\n展示で1号艇スタート超安定(0.139秒)→ヒモ固まり方向に注意'}",,,29.1,逃げ狙い,26.4,24.1,2,,,,,,,,,,,
2025-07-15,丸亀,6,1,塩田雄一,B1,45.74,1,◎,46.8405,,0,62,0.1856,3.79,,,0,低,147,0,逃0%,342 64,0,46.4,0.8693,0.2381,,,,,0.4143,0.0952,0.2071,△,,A,,,,0.5565,,0.265,B,45,0,◎○△フォーメーション（15〜20点）,0.5777,"{'is_target': True, 'verdict': '点数絞り', 'max_combo_prob': 0.1064, 'est_top_odds': 12.5, 'circle_concentration': 78.8, 'eligible_count': 9, 'bet_adj': 0, 'reason': 'rel_win1=46.8%（本命度） / 最有力組み合わせ確率: 0.106（推定実オッズ?12倍） / 2着集中度: 上位2艇 78.8%（補正+0.04） / 総合判定確率: 0.146 / → ヒモはやや固め。上位2艇以外を切ること', 'tenji_trigger': '展示確認: 1号艇伸び良→そのまま採用。悪→飛び組に差し替え。circle_pct上位2艇に絞り込むこと。\n展示で1号艇スタート遅め(0.186秒)確認→ヒモが荒れやすい'}",,,33.5,両建て推奨,19.39,42.5,2,2-1-3|1-2-3|1-2-5|1-3-2|1-3-5|1-5-3,5-1-6|5-6-1|2-1-3|4-5-6|4-5-1|5-1-3|4-3-5|1-2-3|1-2-5|1-3-2|1-3-5|1-5-3,2-1-3:2.4%|1-2-3:7.42%|1-2-5:5.88%|1-3-2:4.75%|1-3-5:4.05%|1-5-3:2.64%,2-1-3:B_main|1-2-3:A|1-2-5:A|1-3-2:A|1-3-5:A|1-5-3:A,6,12,0.4535,1,[!]見送り推奨（主役決まり手「差し」― 逃げ劣勢レースで的中実績なし）,荒れ広め,D
2025-07-15,丸亀,6,2,浜田亜理,A1,26.32,2,▲,20.9388,49.5,77,64.7,0.1829,3.3529,,,0,低,41,0,差0%,115345,0,35.7,1.0097,0,0.125,0,0,0,0.2857,0,0.1429,,◎,E,○,,0.4176,0.6285,,0.265,B,45,0,◎○△フォーメーション（15〜20点）,0.5777,"{'is_target': True, 'verdict': '点数絞り', 'max_combo_prob': 0.1064, 'est_top_odds': 12.5, 'circle_concentration': 78.8, 'eligible_count': 9, 'bet_adj': 0, 'reason': 'rel_win1=46.8%（本命度） / 最有力組み合わせ確率: 0.106（推定実オッズ?12倍） / 2着集中度: 上位2艇 78.8%（補正+0.04） / 総合判定確率: 0.146 / → ヒモはやや固め。上位2艇以外を切ること', 'tenji_trigger': '展示確認: 1号艇伸び良→そのまま採用。悪→飛び組に差し替え。circle_pct上位2艇に絞り込むこと。\n展示で1号艇スタート遅め(0.186秒)確認→ヒモが荒れやすい'}",,,33.5,両建て推奨,19.39,42.5,2,,,,,,,,,,,
2025-07-15,丸亀,6,3,坂口貴彦,B1,29.56,3,,11.849,29.3,57,54.4,0.1784,3.693,,,0,低,134,0,-,264 54,0,100,2.7667,0,0,0,0.0741,0,0.0471,0.1235,0.1471,,○,D,△,,0.3608,0.591,,0.265,B,45,0,◎○△フォーメーション（15〜20点）,0.5777,"{'is_target': True, 'verdict': '点数絞り', 'max_combo_prob': 0.1064, 'est_top_odds': 12.5, 'circle_concentration': 78.8, 'eligible_count': 9, 'bet_adj': 0, 'reason': 'rel_win1=46.8%（本命度） / 最有力組み合わせ確率: 0.106（推定実オッズ?12倍） / 2着集中度: 上位2艇 78.8%（補正+0.04） / 総合判定確率: 0.146 / → ヒモはやや固め。上位2艇以外を切ること', 'tenji_trigger': '展示確認: 1号艇伸び良→そのまま採用。悪→飛び組に差し替え。circle_pct上位2艇に絞り込むこと。\n展示で1号艇スタート遅め(0.186秒)確認→ヒモが荒れやすい'}",,,33.5,両建て推奨,19.39,42.5,2,,,,,,,,,,,
2025-07-15,丸亀,6,4,大熊辰弥,B2,31.63,4,△,6.792,5.7,100,34.9,0.2081,4.3372,,,0,低,139,0,-,,0,25.3,0.9057,,,,,,0.2,0.4,0.2,,,C,,,0.2391,0.5275,,0.265,B,45,0,◎○△フォーメーション（15〜20点）,0.5777,"{'is_target': True, 'verdict': '点数絞り', 'max_combo_prob': 0.1064, 'est_top_odds': 12.5, 'circle_concentration': 78.8, 'eligible_count': 9, 'bet_adj': 0, 'reason': 'rel_win1=46.8%（本命度） / 最有力組み合わせ確率: 0.106（推定実オッズ?12倍） / 2着集中度: 上位2艇 78.8%（補正+0.04） / 総合判定確率: 0.146 / → ヒモはやや固め。上位2艇以外を切ること', 'tenji_trigger': '展示確認: 1号艇伸び良→そのまま採用。悪→飛び組に差し替え。circle_pct上位2艇に絞り込むこと。\n展示で1号艇スタート遅め(0.186秒)確認→ヒモが荒れやすい'}",,,33.5,両建て推奨,19.39,42.5,2,,,,,,,,,,,
2025-07-15,丸亀,6,5,中村駿平,B1,30.00,5,○,9.1589,6,28,23.8,0.1717,2.9762,,,0,低,91,0,-,6 265,0,42.9,0.9979,0,0,0.0741,0.037,0,0.1815,0.3631,0.0923,,,D,△,,0.3523,0.618,,0.265,B,45,0,◎○△フォーメーション（15〜20点）,0.5777,"{'is_target': True, 'verdict': '点数絞り', 'max_combo_prob': 0.1064, 'est_top_odds': 12.5, 'circle_concentration': 78.8, 'eligible_count': 9, 'bet_adj': 0, 'reason': 'rel_win1=46.8%（本命度） / 最有力組み合わせ確率: 0.106（推定実オッズ?12倍） / 2着集中度: 上位2艇 78.8%（補正+0.04） / 総合判定確率: 0.146 / → ヒモはやや固め。上位2艇以外を切ること', 'tenji_trigger': '展示確認: 1号艇伸び良→そのまま採用。悪→飛び組に差し替え。circle_pct上位2艇に絞り込むこと。\n展示で1号艇スタート遅め(0.186秒)確認→ヒモが荒れやすい'}",,,33.5,両建て推奨,19.39,42.5,2,,,,,,,,,,,
2025-07-15,丸亀,6,6,小山　勉,A1,31.55,6,,4.4207,9.5,33,30.4,0.195,4.8125,,,0,低,113,0,-,214623,0,29.8,0.8203,,,,,,0.1302,0.0138,0.0888,,,C,◎,,0.2964,0.654,,0.265,B,45,0,◎○△フォーメーション（15〜20点）,0.5777,"{'is_target': True, 'verdict': '点数絞り', 'max_combo_prob': 0.1064, 'est_top_odds': 12.5, 'circle_concentration': 78.8, 'eligible_count': 9, 'bet_adj': 0, 'reason': 'rel_win1=46.8%（本命度） / 最有力組み合わせ確率: 0.106（推定実オッズ?12倍） / 2着集中度: 上位2艇 78.8%（補正+0.04） / 総合判定確率: 0.146 / → ヒモはやや固め。上位2艇以外を切ること', 'tenji_trigger': '展示確認: 1号艇伸び良→そのまま採用。悪→飛び組に差し替え。circle_pct上位2艇に絞り込むこと。\n展示で1号艇スタート遅め(0.186秒)確認→ヒモが荒れやすい'}",,,33.5,両建て推奨,19.39,42.5,2,,,,,,,,,,,
2025-07-15,丸亀,7,1,尾崎雄二,B1,42.11,1,◎,58.1998,,0,86.4,0.1663,3.4153,,,0,低,133,0,逃1%,23435,0,79.4,0.9459,0.5556,,,,,0.1667,0.1667,0.0556,○,,A,◎,,,0.6365,,0.4393,S,86,0,◎1着固定 2-3着流し（5〜8点）,0.5777,"{'is_target': True, 'verdict': '点数絞り', 'max_combo_prob': 0.1026, 'est_top_odds': 13.0, 'circle_concentration': 88.8, 'eligible_count': 6, 'bet_adj': 0, 'reason': 'rel_win1=58.2%（本命度） / 最有力組み合わせ確率: 0.103（推定実オッズ?13倍） / 2着集中度: 上位2艇 88.8%（補正+0.04） / 総合判定確率: 0.143 / → ヒモはやや固め。上位2艇以外を切ること', 'tenji_trigger': '展示確認: 1号艇伸び良→そのまま採用。悪→飛び組に差し替え。circle_pct上位2艇に絞り込むこと。'}",,,29.6,逃げ狙い,18.52,32.1,3,,,,,0,0,0.6155,0,,主役軸流し,B
2025-07-15,丸亀,7,2,岸本　隆,A2,39.18,2,○,14.5672,49.9,87,63.9,0.1611,3.2705,,,0,低,91,0,-,5 1366,0,78.3,1.246,0,0.1724,0.0345,0,0,0.0769,0.1538,0.1923,,○,B,△,,0.3892,0.6225,,0.4393,S,86,0,◎1着固定 2-3着流し（5〜8点）,0.5777,"{'is_target': True, 'verdict': '点数絞り', 'max_combo_prob': 0.1026, 'est_top_odds': 13.0, 'circle_concentration': 88.8, 'eligible_count': 6, 'bet_adj': 0, 'reason': 'rel_win1=58.2%（本命度） / 最有力組み合わせ確率: 0.103（推定実オッズ?13倍） / 2着集中度: 上位2艇 88.8%（補正+0.04） / 総合判定確率: 0.143 / → ヒモはやや固め。上位2艇以外を切ること', 'tenji_trigger': '展示確認: 1号艇伸び良→そのまま採用。悪→飛び組に差し替え。circle_pct上位2艇に絞り込むこと。'}",,,29.6,逃げ狙い,18.52,32.1,3,,,,,,,,,,,
2025-07-15,丸亀,7,3,川原祐明,A1,37.91,3,▲,16.1245,38.9,91,74,0.153,3.17,,,0,低,110,0,差ま0%,15112S,0,48.1,0.9312,0,0,0,0.2593,0,0.0276,0.1014,0.0138,,◎,C,,,0.4101,0.6185,,0.4393,S,86,0,◎1着固定 2-3着流し（5〜8点）,0.5777,"{'is_target': True, 'verdict': '点数絞り', 'max_combo_prob': 0.1026, 'est_top_odds': 13.0, 'circle_concentration': 88.8, 'eligible_count': 6, 'bet_adj': 0, 'reason': 'rel_win1=58.2%（本命度） / 最有力組み合わせ確率: 0.103（推定実オッズ?13倍） / 2着集中度: 上位2艇 88.8%（補正+0.04） / 総合判定確率: 0.143 / → ヒモはやや固め。上位2艇以外を切ること', 'tenji_trigger': '展示確認: 1号艇伸び良→そのまま採用。悪→飛び組に差し替え。circle_pct上位2艇に絞り込むこと。'}",,,29.6,逃げ狙い,18.52,32.1,3,,,,,,,,,,,
2025-07-15,丸亀,7,4,増本杏珠,B1,31.22,4,,5.1706,6.8,100,9.1,0.1973,4.4091,,,0,低,74,0,-,624 45,0,47,0.5621,,,,,,0.1667,0.5,0.1667,,,D,,,0.185,0.5195,,0.4393,S,86,0,◎1着固定 2-3着流し（5〜8点）,0.5777,"{'is_target': True, 'verdict': '点数絞り', 'max_combo_prob': 0.1026, 'est_top_odds': 13.0, 'circle_concentration': 88.8, 'eligible_count': 6, 'bet_adj': 0, 'reason': 'rel_win1=58.2%（本命度） / 最有力組み合わせ確率: 0.103（推定実オッズ?13倍） / 2着集中度: 上位2艇 88.8%（補正+0.04） / 総合判定確率: 0.143 / → ヒモはやや固め。上位2艇以外を切ること', 'tenji_trigger': '展示確認: 1号艇伸び良→そのまま採用。悪→飛び組に差し替え。circle_pct上位2艇に絞り込むこと。'}",,,29.6,逃げ狙い,18.52,32.1,3,,,,,,,,,,,
2025-07-15,丸亀,7,5,鈴木賢一,B1,27.78,5,,4.9464,4.1,75,24.6,0.2011,4.1053,,,0,低,131,0,-,1 5555,0,46,0.8962,,,,,,0.3091,0.0364,0.0727,,,E,○,,0.1993,0.6275,,0.4393,S,86,0,◎1着固定 2-3着流し（5〜8点）,0.5777,"{'is_target': True, 'verdict': '点数絞り', 'max_combo_prob': 0.1026, 'est_top_odds': 13.0, 'circle_concentration': 88.8, 'eligible_count': 6, 'bet_adj': 0, 'reason': 'rel_win1=58.2%（本命度） / 最有力組み合わせ確率: 0.103（推定実オッズ?13倍） / 2着集中度: 上位2艇 88.8%（補正+0.04） / 総合判定確率: 0.143 / → ヒモはやや固め。上位2艇以外を切ること', 'tenji_trigger': '展示確認: 1号艇伸び良→そのまま採用。悪→飛び組に差し替え。circle_pct上位2艇に絞り込むこと。'}",,,29.6,逃げ狙い,18.52,32.1,3,,,,,,,,,,,
2025-07-15,丸亀,7,6,佐藤駿介,B1,32.45,6,△,0.9916,0.3,17,6.7,0.1776,4.2889,,,0,低,113,0,-,6 466,0,26.3,0.8422,,,,,,0.0333,0.25,0.2833,,,D,△,,0.2741,0.6255,,0.4393,S,86,0,◎1着固定 2-3着流し（5〜8点）,0.5777,"{'is_target': True, 'verdict': '点数絞り', 'max_combo_prob': 0.1026, 'est_top_odds': 13.0, 'circle_concentration': 88.8, 'eligible_count': 6, 'bet_adj': 0, 'reason': 'rel_win1=58.2%（本命度） / 最有力組み合わせ確率: 0.103（推定実オッズ?13倍） / 2着集中度: 上位2艇 88.8%（補正+0.04） / 総合判定確率: 0.143 / → ヒモはやや固め。上位2艇以外を切ること', 'tenji_trigger': '展示確認: 1号艇伸び良→そのまま採用。悪→飛び組に差し替え。circle_pct上位2艇に絞り込むこと。'}",,,29.6,逃げ狙い,18.52,32.1,3,,,,,,,,,,,
2025-07-15,丸亀,8,1,渡邉優美,A1,29.12,1,◎,76.0482,,0,90.9,0.1407,3.3523,,,0,低,44,0,逃1%,441125,0,69.1,1.0437,0.6818,,,,,0.2078,0.1584,0.0182,◎,,C,○,,,0.6535,,0.5885,S,87,0,◎1着固定 2-3着流し（5〜8点）,0.5777,"{'is_target': True, 'verdict': '参加推奨', 'max_combo_prob': 0.1134, 'est_top_odds': 11.8, 'circle_concentration': 68.5, 'eligible_count': 6, 'bet_adj': 2, 'reason': 'rel_win1=76.0%（本命度） / 最有力組み合わせ確率: 0.113（推定実オッズ?12倍） / 2着集中度: 上位2艇 68.5%（補正+0.00） / 総合判定確率: 0.113 / → ヒモ分散。1号艇1着固定で広めのヒモ流し推奨（買い目+2点）', 'tenji_trigger': '展示確認: ヒモ分散レース。1号艇伸び確認後、広めのヒモ流しを採用。穴ヒモ（5・6号艇）を積極的に含める。'}",,,26.4,逃げ狙い,9.4,30.8,2,,,,,0,0,0.7559,0,,逃げ軸流し,A
2025-07-15,丸亀,8,2,天野晶夫,A2,33.16,2,▲,7.4293,39.8,100,62.3,0.1692,3.8679,,,0,低,109,0,-,3 4336,0,46.6,0.5897,0,0,0,0,0.0357,0.448,0.112,0.048,,,B,△,,0.0775,0.615,,0.5885,S,87,0,◎1着固定 2-3着流し（5〜8点）,0.5777,"{'is_target': True, 'verdict': '参加推奨', 'max_combo_prob': 0.1134, 'est_top_odds': 11.8, 'circle_concentration': 68.5, 'eligible_count': 6, 'bet_adj': 2, 'reason': 'rel_win1=76.0%（本命度） / 最有力組み合わせ確率: 0.113（推定実オッズ?12倍） / 2着集中度: 上位2艇 68.5%（補正+0.00） / 総合判定確率: 0.113 / → ヒモ分散。1号艇1着固定で広めのヒモ流し推奨（買い目+2点）', 'tenji_trigger': '展示確認: ヒモ分散レース。1号艇伸び確認後、広めのヒモ流しを採用。穴ヒモ（5・6号艇）を積極的に含める。'}",,,26.4,逃げ狙い,9.4,30.8,2,,,,,,,,,,,
2025-07-15,丸亀,8,3,山下友貴,B1,28.88,3,△,6.8419,28.8,90,63.6,0.1906,4,,,0,低,98,0,差0% 差ま0%,52341,0,37,1.0429,0,0.0556,0,0.0556,0,0.0308,0.1615,0.1615,,,C,,,0.1134,0.5825,,0.5885,S,87,0,◎1着固定 2-3着流し（5〜8点）,0.5777,"{'is_target': True, 'verdict': '参加推奨', 'max_combo_prob': 0.1134, 'est_top_odds': 11.8, 'circle_concentration': 68.5, 'eligible_count': 6, 'bet_adj': 2, 'reason': 'rel_win1=76.0%（本命度） / 最有力組み合わせ確率: 0.113（推定実オッズ?12倍） / 2着集中度: 上位2艇 68.5%（補正+0.00） / 総合判定確率: 0.113 / → ヒモ分散。1号艇1着固定で広めのヒモ流し推奨（買い目+2点）', 'tenji_trigger': '展示確認: ヒモ分散レース。1号艇伸び確認後、広めのヒモ流しを採用。穴ヒモ（5・6号艇）を積極的に含める。'}",,,26.4,逃げ狙い,9.4,30.8,2,,,,,,,,,,,
2025-07-15,丸亀,8,4,藤田竜弘,A2,34.03,4,○,6.1163,23.3,78,50,0.1676,3.3636,,,0,低,145,0,-,635 34,0,100,2.2717,0,0,0,0.037,0,0.3516,0.3161,0.0774,,,B,◎,,0.1777,0.6755,,0.5885,S,87,0,◎1着固定 2-3着流し（5〜8点）,0.5777,"{'is_target': True, 'verdict': '参加推奨', 'max_combo_prob': 0.1134, 'est_top_odds': 11.8, 'circle_concentration': 68.5, 'eligible_count': 6, 'bet_adj': 2, 'reason': 'rel_win1=76.0%（本命度） / 最有力組み合わせ確率: 0.113（推定実オッズ?12倍） / 2着集中度: 上位2艇 68.5%（補正+0.00） / 総合判定確率: 0.113 / → ヒモ分散。1号艇1着固定で広めのヒモ流し推奨（買い目+2点）', 'tenji_trigger': '展示確認: ヒモ分散レース。1号艇伸び確認後、広めのヒモ流しを採用。穴ヒモ（5・6号艇）を積極的に含める。'}",,,26.4,逃げ狙い,9.4,30.8,2,,,,,,,,,,,
2025-07-15,丸亀,8,5,高木茉白,B2,28.42,5,,2.4309,5,32,3.9,0.1896,4.1731,,,0,低,70,0,-,655 6,0,28.8,0.6867,,,,,,0,1,0,,,D,,,0.1582,0.48,,0.5885,S,87,0,◎1着固定 2-3着流し（5〜8点）,0.5777,"{'is_target': True, 'verdict': '参加推奨', 'max_combo_prob': 0.1134, 'est_top_odds': 11.8, 'circle_concentration': 68.5, 'eligible_count': 6, 'bet_adj': 2, 'reason': 'rel_win1=76.0%（本命度） / 最有力組み合わせ確率: 0.113（推定実オッズ?12倍） / 2着集中度: 上位2艇 68.5%（補正+0.00） / 総合判定確率: 0.113 / → ヒモ分散。1号艇1着固定で広めのヒモ流し推奨（買い目+2点）', 'tenji_trigger': '展示確認: ヒモ分散レース。1号艇伸び確認後、広めのヒモ流しを採用。穴ヒモ（5・6号艇）を積極的に含める。'}",,,26.4,逃げ狙い,9.4,30.8,2,,,,,,,,,,,
2025-07-15,丸亀,8,6,野相弘司,B1,25.44,6,,1.1334,3.2,40,14.6,0.2208,4.6667,,,0,低,120,0,-,54S64,0,25.1,1.2619,,,,,,0.1896,0.1548,0.087,,,E,△,,0.135,0.6095,,0.5885,S,87,0,◎1着固定 2-3着流し（5〜8点）,0.5777,"{'is_target': True, 'verdict': '参加推奨', 'max_combo_prob': 0.1134, 'est_top_odds': 11.8, 'circle_concentration': 68.5, 'eligible_count': 6, 'bet_adj': 2, 'reason': 'rel_win1=76.0%（本命度） / 最有力組み合わせ確率: 0.113（推定実オッズ?12倍） / 2着集中度: 上位2艇 68.5%（補正+0.00） / 総合判定確率: 0.113 / → ヒモ分散。1号艇1着固定で広めのヒモ流し推奨（買い目+2点）', 'tenji_trigger': '展示確認: ヒモ分散レース。1号艇伸び確認後、広めのヒモ流しを採用。穴ヒモ（5・6号艇）を積極的に含める。'}",,,26.4,逃げ狙い,9.4,30.8,2,,,,,,,,,,,
2025-07-15,丸亀,9,1,大場広孝,B1,40.21,1,◎,60.3733,,0,81.6,0.1402,2.4082,,,0,低,117,0,逃0%,1 5423,0,71.1,1.0756,0.3077,,,,,0,0.4615,0.1538,◎,,B,◎,,,0.6415,,0.6024,A,73,0,◎-○軸 3着3〜4艇流し（10〜15点）,0.5777,"{'is_target': True, 'verdict': '参加推奨', 'max_combo_prob': 0.0799, 'est_top_odds': 16.7, 'circle_concentration': 61.1, 'eligible_count': 8, 'bet_adj': 2, 'reason': 'rel_win1=60.4%（本命度） / 最有力組み合わせ確率: 0.080（推定実オッズ?17倍） / 2着集中度: 上位2艇 61.1%（補正+0.00） / 総合判定確率: 0.080 / → ヒモ分散。1号艇1着固定で広めのヒモ流し推奨（買い目+2点）', 'tenji_trigger': '展示確認: ヒモ分散レース。1号艇伸び確認後、広めのヒモ流しを採用。穴ヒモ（5・6号艇）を積極的に含める。'}",,,28.2,逃げ狙い,12.21,33.6,2,,,,,0,0,0.7559,0,,逃げ軸流し,A
2025-07-15,丸亀,9,2,松江秀徳,A2,33.16,2,△,12.7901,32.4,100,59.1,0.1705,3.8485,,,0,低,115,0,-,446561,0,49.9,1.1431,0,0.0606,0.0909,0,0,0.0353,0.0471,0.1456,,,D,○,,0.0666,0.6255,,0.6024,A,73,0,◎-○軸 3着3〜4艇流し（10〜15点）,0.5777,"{'is_target': True, 'verdict': '参加推奨', 'max_combo_prob': 0.0799, 'est_top_odds': 16.7, 'circle_concentration': 61.1, 'eligible_count': 8, 'bet_adj': 2, 'reason': 'rel_win1=60.4%（本命度） / 最有力組み合わせ確率: 0.080（推定実オッズ?17倍） / 2着集中度: 上位2艇 61.1%（補正+0.00） / 総合判定確率: 0.080 / → ヒモ分散。1号艇1着固定で広めのヒモ流し推奨（買い目+2点）', 'tenji_trigger': '展示確認: ヒモ分散レース。1号艇伸び確認後、広めのヒモ流しを採用。穴ヒモ（5・6号艇）を積極的に含める。'}",,,28.2,逃げ狙い,12.21,33.6,2,,,,,,,,,,,
2025-07-15,丸亀,9,3,向井美鈴,A2,39.58,3,○,12.0103,28.6,74,54.2,0.1664,3.4237,,,0,低,136,0,-,452232,0,100,3.3454,0,0.0645,0.0323,0.0323,0,0.264,0.048,0.116,,,B,△,,0.1582,0.604,,0.6024,A,73,0,◎-○軸 3着3〜4艇流し（10〜15点）,0.5777,"{'is_target': True, 'verdict': '参加推奨', 'max_combo_prob': 0.0799, 'est_top_odds': 16.7, 'circle_concentration': 61.1, 'eligible_count': 8, 'bet_adj': 2, 'reason': 'rel_win1=60.4%（本命度） / 最有力組み合わせ確率: 0.080（推定実オッズ?17倍） / 2着集中度: 上位2艇 61.1%（補正+0.00） / 総合判定確率: 0.080 / → ヒモ分散。1号艇1着固定で広めのヒモ流し推奨（買い目+2点）', 'tenji_trigger': '展示確認: ヒモ分散レース。1号艇伸び確認後、広めのヒモ流しを採用。穴ヒモ（5・6号艇）を積極的に含める。'}",,,28.2,逃げ狙い,12.21,33.6,2,,,,,,,,,,,
2025-07-15,丸亀,9,4,塩崎優司,B1,38.97,4,▲,6.0795,15.4,35,29.3,0.1728,3.2328,,,0,低,128,0,ま0%,265 45,0,26.9,0.6647,0,0,0.1,0,0,0.0533,0.1657,0.0533,,,C,,,0.178,0.591,,0.6024,A,73,0,◎-○軸 3着3〜4艇流し（10〜15点）,0.5777,"{'is_target': True, 'verdict': '参加推奨', 'max_combo_prob': 0.0799, 'est_top_odds': 16.7, 'circle_concentration': 61.1, 'eligible_count': 8, 'bet_adj': 2, 'reason': 'rel_win1=60.4%（本命度） / 最有力組み合わせ確率: 0.080（推定実オッズ?17倍） / 2着集中度: 上位2艇 61.1%（補正+0.00） / 総合判定確率: 0.080 / → ヒモ分散。1号艇1着固定で広めのヒモ流し推奨（買い目+2点）', 'tenji_trigger': '展示確認: ヒモ分散レース。1号艇伸び確認後、広めのヒモ流しを採用。穴ヒモ（5・6号艇）を積極的に含める。'}",,,28.2,逃げ狙い,12.21,33.6,2,,,,,,,,,,,
2025-07-15,丸亀,9,5,妻鳥晋也,B1,31.98,5,,7.536,21.4,91,55.6,0.1729,3.7619,,,0,低,151,0,差ま0%,,0,56.5,1.1814,0,0,0,0.0357,0.0357,0.25,0.21,0.23,,,D,△,◎,0.1759,0.601,0.3686,0.6024,A,73,0,◎-○軸 3着3〜4艇流し（10〜15点）,0.5777,"{'is_target': True, 'verdict': '参加推奨', 'max_combo_prob': 0.0799, 'est_top_odds': 16.7, 'circle_concentration': 61.1, 'eligible_count': 8, 'bet_adj': 2, 'reason': 'rel_win1=60.4%（本命度） / 最有力組み合わせ確率: 0.080（推定実オッズ?17倍） / 2着集中度: 上位2艇 61.1%（補正+0.00） / 総合判定確率: 0.080 / → ヒモ分散。1号艇1着固定で広めのヒモ流し推奨（買い目+2点）', 'tenji_trigger': '展示確認: ヒモ分散レース。1号艇伸び確認後、広めのヒモ流しを採用。穴ヒモ（5・6号艇）を積極的に含める。'}",,,28.2,逃げ狙い,12.21,33.6,2,,,,,,,,,,,
2025-07-15,丸亀,9,6,國弘翔平,B1,35.48,6,,1.2108,2.1,23,8.8,0.2268,4.5965,,,0,低,162,0,-,5 636,0,27.1,0.8133,,,,,,0.1889,0.1741,0.3889,,,C,,,0.1389,0.57,,0.6024,A,73,0,◎-○軸 3着3〜4艇流し（10〜15点）,0.5777,"{'is_target': True, 'verdict': '参加推奨', 'max_combo_prob': 0.0799, 'est_top_odds': 16.7, 'circle_concentration': 61.1, 'eligible_count': 8, 'bet_adj': 2, 'reason': 'rel_win1=60.4%（本命度） / 最有力組み合わせ確率: 0.080（推定実オッズ?17倍） / 2着集中度: 上位2艇 61.1%（補正+0.00） / 総合判定確率: 0.080 / → ヒモ分散。1号艇1着固定で広めのヒモ流し推奨（買い目+2点）', 'tenji_trigger': '展示確認: ヒモ分散レース。1号艇伸び確認後、広めのヒモ流しを採用。穴ヒモ（5・6号艇）を積極的に含める。'}",,,28.2,逃げ狙い,12.21,33.6,2,,,,,,,,,,,
2025-07-15,丸亀,10,1,木村光宏,B1,42.11,1,◎,48.7464,,0,71.7,0.1528,3.2283,,,0,低,99,0,逃0%,1 3333,0,58.8,0.9074,0.3333,,,,,0.3952,0.3571,0.0571,○,,B,△,,,0.6335,,0.4127,B,52,0,◎○△フォーメーション（15〜20点）,0.5777,"{'is_target': True, 'verdict': '参加推奨', 'max_combo_prob': 0.0712, 'est_top_odds': 18.7, 'circle_concentration': 74.1, 'eligible_count': 9, 'bet_adj': 2, 'reason': 'rel_win1=48.7%（本命度） / 最有力組み合わせ確率: 0.071（推定実オッズ?19倍） / 2着集中度: 上位2艇 74.1%（補正+0.04） / 総合判定確率: 0.111 / → ヒモ分散。1号艇1着固定で広めのヒモ流し推奨（買い目+2点）', 'tenji_trigger': '展示確認: ヒモ分散レース。1号艇伸び確認後、広めのヒモ流しを採用。穴ヒモ（5・6号艇）を積極的に含める。'}",,,38.1,両建て推奨,33.98,43.2,3,,,,,0,0,0.6155,0,,主役軸流し,B
2025-07-15,丸亀,10,2,鈴木裕隆,B1,46.84,2,○,14.9214,47.2,94,69.6,0.1543,3.7391,,,0,低,149,0,-,322 43,0,51.6,0.8962,0,0.0357,0.1429,0,0.0357,0.2903,0.2274,0.0887,,△,A,○,,0.3656,0.661,,0.4127,B,52,0,◎○△フォーメーション（15〜20点）,0.5777,"{'is_target': True, 'verdict': '参加推奨', 'max_combo_prob': 0.0712, 'est_top_odds': 18.7, 'circle_concentration': 74.1, 'eligible_count': 9, 'bet_adj': 2, 'reason': 'rel_win1=48.7%（本命度） / 最有力組み合わせ確率: 0.071（推定実オッズ?19倍） / 2着集中度: 上位2艇 74.1%（補正+0.04） / 総合判定確率: 0.111 / → ヒモ分散。1号艇1着固定で広めのヒモ流し推奨（買い目+2点）', 'tenji_trigger': '展示確認: ヒモ分散レース。1号艇伸び確認後、広めのヒモ流しを採用。穴ヒモ（5・6号艇）を積極的に含める。'}",,,38.1,両建て推奨,33.98,43.2,3,,,,,,,,,,,
2025-07-15,丸亀,10,3,新開　航,A1,35.64,3,▲,20.7029,26.9,85,82.3,0.1541,3.0588,,,0,低,38,0,差0% ま0% 抜0%,164414,0,88,1.6904,0,0.1429,0.2857,0,0.2857,0,0.0556,0.0556,,◎,C,◎,,0.3937,0.682,,0.4127,B,52,0,◎○△フォーメーション（15〜20点）,0.5777,"{'is_target': True, 'verdict': '参加推奨', 'max_combo_prob': 0.0712, 'est_top_odds': 18.7, 'circle_concentration': 74.1, 'eligible_count': 9, 'bet_adj': 2, 'reason': 'rel_win1=48.7%（本命度） / 最有力組み合わせ確率: 0.071（推定実オッズ?19倍） / 2着集中度: 上位2艇 74.1%（補正+0.04） / 総合判定確率: 0.111 / → ヒモ分散。1号艇1着固定で広めのヒモ流し推奨（買い目+2点）', 'tenji_trigger': '展示確認: ヒモ分散レース。1号艇伸び確認後、広めのヒモ流しを採用。穴ヒモ（5・6号艇）を積極的に含める。'}",,,38.1,両建て推奨,33.98,43.2,3,,,,,,,,,,,
2025-07-15,丸亀,10,4,浜田亜理,A1,26.32,4,,10.4163,21.4,100,75,0.144,3.125,,,0,低,41,0,-,115345,0,79.6,1.4436,,,,,,0.2857,0,0.1429,,,E,△,,0.3936,0.6285,,0.4127,B,52,0,◎○△フォーメーション（15〜20点）,0.5777,"{'is_target': True, 'verdict': '参加推奨', 'max_combo_prob': 0.0712, 'est_top_odds': 18.7, 'circle_concentration': 74.1, 'eligible_count': 9, 'bet_adj': 2, 'reason': 'rel_win1=48.7%（本命度） / 最有力組み合わせ確率: 0.071（推定実オッズ?19倍） / 2着集中度: 上位2艇 74.1%（補正+0.04） / 総合判定確率: 0.111 / → ヒモ分散。1号艇1着固定で広めのヒモ流し推奨（買い目+2点）', 'tenji_trigger': '展示確認: ヒモ分散レース。1号艇伸び確認後、広めのヒモ流しを採用。穴ヒモ（5・6号艇）を積極的に含める。'}",,,38.1,両建て推奨,33.98,43.2,3,,,,,,,,,,,
2025-07-15,丸亀,10,5,井上大輔,B1,32.28,5,,4.1697,4.2,92,32.8,0.1797,3.7266,,,0,低,121,0,ま0%,3 2216,0,33.9,0.8938,0,0,0.0385,0,0,0.22,0.14,0.06,,,D,,,0.2507,0.6275,,0.4127,B,52,0,◎○△フォーメーション（15〜20点）,0.5777,"{'is_target': True, 'verdict': '参加推奨', 'max_combo_prob': 0.0712, 'est_top_odds': 18.7, 'circle_concentration': 74.1, 'eligible_count': 9, 'bet_adj': 2, 'reason': 'rel_win1=48.7%（本命度） / 最有力組み合わせ確率: 0.071（推定実オッズ?19倍） / 2着集中度: 上位2艇 74.1%（補正+0.04） / 総合判定確率: 0.111 / → ヒモ分散。1号艇1着固定で広めのヒモ流し推奨（買い目+2点）', 'tenji_trigger': '展示確認: ヒモ分散レース。1号艇伸び確認後、広めのヒモ流しを採用。穴ヒモ（5・6号艇）を積極的に含める。'}",,,38.1,両建て推奨,33.98,43.2,3,,,,,,,,,,,
2025-07-15,丸亀,10,6,塩田雄一,B1,45.74,6,△,1.0432,0.3,46,10.9,0.164,3.8727,,,0,低,147,0,-,342 64,0,29.2,1.1842,,,,,,0.4143,0.0952,0.2071,,,B,,,0.3313,0.5565,,0.4127,B,52,0,◎○△フォーメーション（15〜20点）,0.5777,"{'is_target': True, 'verdict': '参加推奨', 'max_combo_prob': 0.0712, 'est_top_odds': 18.7, 'circle_concentration': 74.1, 'eligible_count': 9, 'bet_adj': 2, 'reason': 'rel_win1=48.7%（本命度） / 最有力組み合わせ確率: 0.071（推定実オッズ?19倍） / 2着集中度: 上位2艇 74.1%（補正+0.04） / 総合判定確率: 0.111 / → ヒモ分散。1号艇1着固定で広めのヒモ流し推奨（買い目+2点）', 'tenji_trigger': '展示確認: ヒモ分散レース。1号艇伸び確認後、広めのヒモ流しを採用。穴ヒモ（5・6号艇）を積極的に含める。'}",,,38.1,両建て推奨,33.98,43.2,3,,,,,,,,,,,
2025-07-15,丸亀,11,1,小山　勉,A1,31.55,1,◎,60.0913,,0,95.5,0.1581,3.097,,,0,低,113,0,逃1%,214623,0,83.4,1.0316,0.7586,,,,,0.1302,0.0138,0.0888,◎,,C,△,,,0.654,,0.4712,S,86,0,◎1着固定 2-3着流し（5〜8点）,0.5777,"{'is_target': True, 'verdict': '点数絞り', 'max_combo_prob': 0.1444, 'est_top_odds': 9.2, 'circle_concentration': 67.7, 'eligible_count': 6, 'bet_adj': 0, 'reason': 'rel_win1=60.1%（本命度） / 最有力組み合わせ確率: 0.144（推定実オッズ?9倍） / 2着集中度: 上位2艇 67.7%（補正+0.00） / 総合判定確率: 0.144 / → ヒモはやや固め。上位2艇以外を切ること', 'tenji_trigger': '展示確認: 1号艇伸び良→そのまま採用。悪→飛び組に差し替え。circle_pct上位2艇に絞り込むこと。'}",,,29.1,逃げ狙い,22.06,27.9,3,,,,,0,0,0.7559,0,,逃げ軸流し,A
2025-07-15,丸亀,11,2,真庭明志,B1,39.89,2,○,15.5641,48.3,52,63.4,0.1413,3.2394,,,0,低,95,0,-,5 1214,0,47.2,1.0429,0,0.1176,0,0,0.0294,0.1444,0.0235,0.1679,,◎,B,◎,,0.4946,0.678,,0.4712,S,86,0,◎1着固定 2-3着流し（5〜8点）,0.5777,"{'is_target': True, 'verdict': '点数絞り', 'max_combo_prob': 0.1444, 'est_top_odds': 9.2, 'circle_concentration': 67.7, 'eligible_count': 6, 'bet_adj': 0, 'reason': 'rel_win1=60.1%（本命度） / 最有力組み合わせ確率: 0.144（推定実オッズ?9倍） / 2着集中度: 上位2艇 67.7%（補正+0.00） / 総合判定確率: 0.144 / → ヒモはやや固め。上位2艇以外を切ること', 'tenji_trigger': '展示確認: 1号艇伸び良→そのまま採用。悪→飛び組に差し替え。circle_pct上位2艇に絞り込むこと。'}",,,29.1,逃げ狙い,22.06,27.9,3,,,,,,,,,,,
2025-07-15,丸亀,11,3,中村　尊,A2,27.17,3,△,12.5427,19.1,100,71.6,0.1215,2.4122,,,0,低,55,0,-,4 3214,0,40,0.9312,0,0.0714,0.0714,0.1071,0,0.24,0.04,0.0667,,○,E,○,,0.48,0.6655,,0.4712,S,86,0,◎1着固定 2-3着流し（5〜8点）,0.5777,"{'is_target': True, 'verdict': '点数絞り', 'max_combo_prob': 0.1444, 'est_top_odds': 9.2, 'circle_concentration': 67.7, 'eligible_count': 6, 'bet_adj': 0, 'reason': 'rel_win1=60.1%（本命度） / 最有力組み合わせ確率: 0.144（推定実オッズ?9倍） / 2着集中度: 上位2艇 67.7%（補正+0.00） / 総合判定確率: 0.144 / → ヒモはやや固め。上位2艇以外を切ること', 'tenji_trigger': '展示確認: 1号艇伸び良→そのまま採用。悪→飛び組に差し替え。circle_pct上位2艇に絞り込むこと。'}",,,29.1,逃げ狙い,22.06,27.9,3,,,,,,,,,,,
2025-07-15,丸亀,11,4,渡邉優美,A1,29.12,4,,7.269,19.4,51,63,0.1522,3.2778,,,0,低,44,0,差0%,441125,0,63.9,1.1815,0,0.0833,0,0,0,0.2078,0.1584,0.0182,,,D,△,,0.3119,0.6535,,0.4712,S,86,0,◎1着固定 2-3着流し（5〜8点）,0.5777,"{'is_target': True, 'verdict': '点数絞り', 'max_combo_prob': 0.1444, 'est_top_odds': 9.2, 'circle_concentration': 67.7, 'eligible_count': 6, 'bet_adj': 0, 'reason': 'rel_win1=60.1%（本命度） / 最有力組み合わせ確率: 0.144（推定実オッズ?9倍） / 2着集中度: 上位2艇 67.7%（補正+0.00） / 総合判定確率: 0.144 / → ヒモはやや固め。上位2艇以外を切ること', 'tenji_trigger': '展示確認: 1号艇伸び良→そのまま採用。悪→飛び組に差し替え。circle_pct上位2艇に絞り込むこと。'}",,,29.1,逃げ狙い,22.06,27.9,3,,,,,,,,,,,
2025-07-15,丸亀,11,5,岸本　隆,A2,39.18,5,▲,3.1743,8.3,24,28.8,0.1673,3.5339,,,0,低,91,0,-,5 1366,0,33.3,0.8562,,,,,,0.0769,0.1538,0.1923,,,B,,,0.2834,0.6225,,0.4712,S,86,0,◎1着固定 2-3着流し（5〜8点）,0.5777,"{'is_target': True, 'verdict': '点数絞り', 'max_combo_prob': 0.1444, 'est_top_odds': 9.2, 'circle_concentration': 67.7, 'eligible_count': 6, 'bet_adj': 0, 'reason': 'rel_win1=60.1%（本命度） / 最有力組み合わせ確率: 0.144（推定実オッズ?9倍） / 2着集中度: 上位2艇 67.7%（補正+0.00） / 総合判定確率: 0.144 / → ヒモはやや固め。上位2艇以外を切ること', 'tenji_trigger': '展示確認: 1号艇伸び良→そのまま採用。悪→飛び組に差し替え。circle_pct上位2艇に絞り込むこと。'}",,,29.1,逃げ狙い,22.06,27.9,3,,,,,,,,,,,
2025-07-15,丸亀,11,6,佃　來紀,B1,35.75,6,,1.3587,4.9,26,22.4,0.1703,3.6567,,,0,低,88,0,-,415 22,0,28.3,0.9875,,,,,,0.0308,0.0615,0.0308,,,C,,,0.2712,0.6245,,0.4712,S,86,0,◎1着固定 2-3着流し（5〜8点）,0.5777,"{'is_target': True, 'verdict': '点数絞り', 'max_combo_prob': 0.1444, 'est_top_odds': 9.2, 'circle_concentration': 67.7, 'eligible_count': 6, 'bet_adj': 0, 'reason': 'rel_win1=60.1%（本命度） / 最有力組み合わせ確率: 0.144（推定実オッズ?9倍） / 2着集中度: 上位2艇 67.7%（補正+0.00） / 総合判定確率: 0.144 / → ヒモはやや固め。上位2艇以外を切ること', 'tenji_trigger': '展示確認: 1号艇伸び良→そのまま採用。悪→飛び組に差し替え。circle_pct上位2艇に絞り込むこと。'}",,,29.1,逃げ狙い,22.06,27.9,3,,,,,,,,,,,
2025-07-15,丸亀,12,1,前田紗希,A2,45.00,1,◎,56.7964,,0,91.3,0.1517,2.587,,,0,低,38,0,逃1%,213531,0,85.8,1.1619,0.6364,,,,,0,0.0909,0.0909,◎,,A,,,,0.5515,,0.5446,A,79,0,◎-○軸 3着3〜4艇流し（10〜15点）,0.5777,"{'is_target': True, 'verdict': '参加推奨', 'max_combo_prob': 0.078, 'est_top_odds': 17.1, 'circle_concentration': 69.7, 'eligible_count': 8, 'bet_adj': 2, 'reason': 'rel_win1=56.8%（本命度） / 最有力組み合わせ確率: 0.078（推定実オッズ?17倍） / 2着集中度: 上位2艇 69.7%（補正+0.00） / 総合判定確率: 0.078 / → ヒモ分散。1号艇1着固定で広めのヒモ流し推奨（買い目+2点）', 'tenji_trigger': '展示確認: ヒモ分散レース。1号艇伸び確認後、広めのヒモ流しを採用。穴ヒモ（5・6号艇）を積極的に含める。'}",,,29.5,逃げ狙い,25.51,26,4,,,,,0,0,0.7559,0,,逃げ軸流し,A
2025-07-15,丸亀,12,2,柳沢　一,A1,32.64,2,○,15.3574,40.6,79,74.4,0.1353,2.8953,,,0,低,43,0,差1%,421251,0,23.9,0.7145,0,0.1818,0.0909,0,0.0455,0.0432,0.1074,0.1074,,◎,C,◎,,0.5033,0.698,,0.5446,A,79,0,◎-○軸 3着3〜4艇流し（10〜15点）,0.5777,"{'is_target': True, 'verdict': '参加推奨', 'max_combo_prob': 0.078, 'est_top_odds': 17.1, 'circle_concentration': 69.7, 'eligible_count': 8, 'bet_adj': 2, 'reason': 'rel_win1=56.8%（本命度） / 最有力組み合わせ確率: 0.078（推定実オッズ?17倍） / 2着集中度: 上位2艇 69.7%（補正+0.00） / 総合判定確率: 0.078 / → ヒモ分散。1号艇1着固定で広めのヒモ流し推奨（買い目+2点）', 'tenji_trigger': '展示確認: ヒモ分散レース。1号艇伸び確認後、広めのヒモ流しを採用。穴ヒモ（5・6号艇）を積極的に含める。'}",,,29.5,逃げ狙い,25.51,26,4,,,,,,,,,,,
2025-07-15,丸亀,12,3,秋山広一,A2,29.57,3,,8.9301,29,59,64.7,0.1445,2.8529,,,0,低,90,0,差0%,331121,0,56.8,0.8094,0,0.0455,0,0.0455,0,0,0.168,0.168,,,D,△,,0.3191,0.651,,0.5446,A,79,0,◎-○軸 3着3〜4艇流し（10〜15点）,0.5777,"{'is_target': True, 'verdict': '参加推奨', 'max_combo_prob': 0.078, 'est_top_odds': 17.1, 'circle_concentration': 69.7, 'eligible_count': 8, 'bet_adj': 2, 'reason': 'rel_win1=56.8%（本命度） / 最有力組み合わせ確率: 0.078（推定実オッズ?17倍） / 2着集中度: 上位2艇 69.7%（補正+0.00） / 総合判定確率: 0.078 / → ヒモ分散。1号艇1着固定で広めのヒモ流し推奨（買い目+2点）', 'tenji_trigger': '展示確認: ヒモ分散レース。1号艇伸び確認後、広めのヒモ流しを採用。穴ヒモ（5・6号艇）を積極的に含める。'}",,,29.5,逃げ狙い,25.51,26,4,,,,,,,,,,,
2025-07-15,丸亀,12,4,辻　栄蔵,A1,40.74,4,▲,14.9386,17.8,92,76,0.1704,2.94,,,0,低,45,0,差ま0% 抜0%,331132,0,91.4,1.6643,0,0,0,0.3333,0.1111,0,0.1699,0.1278,,,B,△,◎,0.2871,0.672,0.4393,0.5446,A,79,0,◎-○軸 3着3〜4艇流し（10〜15点）,0.5777,"{'is_target': True, 'verdict': '参加推奨', 'max_combo_prob': 0.078, 'est_top_odds': 17.1, 'circle_concentration': 69.7, 'eligible_count': 8, 'bet_adj': 2, 'reason': 'rel_win1=56.8%（本命度） / 最有力組み合わせ確率: 0.078（推定実オッズ?17倍） / 2着集中度: 上位2艇 69.7%（補正+0.00） / 総合判定確率: 0.078 / → ヒモ分散。1号艇1着固定で広めのヒモ流し推奨（買い目+2点）', 'tenji_trigger': '展示確認: ヒモ分散レース。1号艇伸び確認後、広めのヒモ流しを採用。穴ヒモ（5・6号艇）を積極的に含める。'}",,,29.5,逃げ狙い,25.51,26,4,,,,,,,,,,,
2025-07-15,丸亀,12,5,大久保信,B1,27.13,5,,2.4903,9.4,100,46.8,0.1985,4.2979,,,0,低,100,0,差ま0%,1 3342,0,29.3,1.239,0,0,0,0.0345,0,0.2381,0,0.0952,,,E,,,0.1239,0.6015,,0.5446,A,79,0,◎-○軸 3着3〜4艇流し（10〜15点）,0.5777,"{'is_target': True, 'verdict': '参加推奨', 'max_combo_prob': 0.078, 'est_top_odds': 17.1, 'circle_concentration': 69.7, 'eligible_count': 8, 'bet_adj': 2, 'reason': 'rel_win1=56.8%（本命度） / 最有力組み合わせ確率: 0.078（推定実オッズ?17倍） / 2着集中度: 上位2艇 69.7%（補正+0.00） / 総合判定確率: 0.078 / → ヒモ分散。1号艇1着固定で広めのヒモ流し推奨（買い目+2点）', 'tenji_trigger': '展示確認: ヒモ分散レース。1号艇伸び確認後、広めのヒモ流しを採用。穴ヒモ（5・6号艇）を積極的に含める。'}",,,29.5,逃げ狙い,25.51,26,4,,,,,,,,,,,
2025-07-15,丸亀,12,6,吉村　誠,A2,30.61,6,△,1.4872,3.1,45,33.8,0.1247,2.9118,,,0,低,86,0,-,232 12,0,66.9,1.3897,,,,,,0.0098,0.0195,0.1735,,,D,○,,0.3998,0.675,,0.5446,A,79,0,◎-○軸 3着3〜4艇流し（10〜15点）,0.5777,"{'is_target': True, 'verdict': '参加推奨', 'max_combo_prob': 0.078, 'est_top_odds': 17.1, 'circle_concentration': 69.7, 'eligible_count': 8, 'bet_adj': 2, 'reason': 'rel_win1=56.8%（本命度） / 最有力組み合わせ確率: 0.078（推定実オッズ?17倍） / 2着集中度: 上位2艇 69.7%（補正+0.00） / 総合判定確率: 0.078 / → ヒモ分散。1号艇1着固定で広めのヒモ流し推奨（買い目+2点）', 'tenji_trigger': '展示確認: ヒモ分散レース。1号艇伸び確認後、広めのヒモ流しを採用。穴ヒモ（5・6号艇）を積極的に含める。'}",,,29.5,逃げ狙い,25.51,26,4,,,,,,,,,,,
2025-07-18,丸亀,1,1,中岡健人,B2,30.89,1,◎,57.1124,,0,70.5,0.147,2.8409,,,0,低,104,0,逃0%,,0,80,0.9374,0.32,,,,,0.28,0.164,0.196,◎,,D,◎,,,0.635,,0.473,A,67,0,◎-○軸 3着3〜4艇流し（10〜15点）,0.5777,"{'is_target': True, 'verdict': '点数絞り', 'max_combo_prob': 0.1053, 'est_top_odds': 12.7, 'circle_concentration': 72.8, 'eligible_count': 8, 'bet_adj': 0, 'reason': 'rel_win1=57.1%（本命度） / 最有力組み合わせ確率: 0.105（推定実オッズ?13倍） / 2着集中度: 上位2艇 72.8%（補正+0.04） / 総合判定確率: 0.145 / → ヒモはやや固め。上位2艇以外を切ること', 'tenji_trigger': '展示確認: 1号艇伸び良→そのまま採用。悪→飛び組に差し替え。circle_pct上位2艇に絞り込むこと。'}",,,28.7,逃げ狙い,11.27,36,4,,,,,0,0,0.7559,0,,逃げ軸流し,A
2025-07-18,丸亀,1,2,東口　晃,B1,32.83,2,,9.9685,41.1,62,35,0.1928,4.2,,,0,低,156,0,差0%,,0,43.3,0.6216,0,0.0417,0,0,0,0.4333,0.2567,0.0533,,,D,,,0.0998,0.529,,0.473,A,67,0,◎-○軸 3着3〜4艇流し（10〜15点）,0.5777,"{'is_target': True, 'verdict': '点数絞り', 'max_combo_prob': 0.1053, 'est_top_odds': 12.7, 'circle_concentration': 72.8, 'eligible_count': 8, 'bet_adj': 0, 'reason': 'rel_win1=57.1%（本命度） / 最有力組み合わせ確率: 0.105（推定実オッズ?13倍） / 2着集中度: 上位2艇 72.8%（補正+0.04） / 総合判定確率: 0.145 / → ヒモはやや固め。上位2艇以外を切ること', 'tenji_trigger': '展示確認: 1号艇伸び良→そのまま採用。悪→飛び組に差し替え。circle_pct上位2艇に絞り込むこと。'}",,,28.7,逃げ狙い,11.27,36,4,,,,,,,,,,,
2025-07-18,丸亀,1,3,服部達哉,B1,36.00,3,△,11.6435,31.7,100,48,0.1702,3.14,,,0,低,142,0,-,,0,49.6,0.99,0,0.0476,0.0476,0.0952,0,0.1364,0.2727,0.1364,,,C,○,,0.2169,0.6025,,0.473,A,67,0,◎-○軸 3着3〜4艇流し（10〜15点）,0.5777,"{'is_target': True, 'verdict': '点数絞り', 'max_combo_prob': 0.1053, 'est_top_odds': 12.7, 'circle_concentration': 72.8, 'eligible_count': 8, 'bet_adj': 0, 'reason': 'rel_win1=57.1%（本命度） / 最有力組み合わせ確率: 0.105（推定実オッズ?13倍） / 2着集中度: 上位2艇 72.8%（補正+0.04） / 総合判定確率: 0.145 / → ヒモはやや固め。上位2艇以外を切ること', 'tenji_trigger': '展示確認: 1号艇伸び良→そのまま採用。悪→飛び組に差し替え。circle_pct上位2艇に絞り込むこと。'}",,,28.7,逃げ狙い,11.27,36,4,,,,,,,,,,,
2025-07-18,丸亀,1,4,浜崎準也,B1,36.02,4,▲,13.427,24.7,59,35.1,0.1719,3.1667,,,0,低,122,0,-,,0,79.8,1.2498,,,,,,0.3,0.3,0,,,C,△,◎,0.2393,0.5915,0.2417,0.473,A,67,0,◎-○軸 3着3〜4艇流し（10〜15点）,0.5777,"{'is_target': True, 'verdict': '点数絞り', 'max_combo_prob': 0.1053, 'est_top_odds': 12.7, 'circle_concentration': 72.8, 'eligible_count': 8, 'bet_adj': 0, 'reason': 'rel_win1=57.1%（本命度） / 最有力組み合わせ確率: 0.105（推定実オッズ?13倍） / 2着集中度: 上位2艇 72.8%（補正+0.04） / 総合判定確率: 0.145 / → ヒモはやや固め。上位2艇以外を切ること', 'tenji_trigger': '展示確認: 1号艇伸び良→そのまま採用。悪→飛び組に差し替え。circle_pct上位2艇に絞り込むこと。'}",,,28.7,逃げ狙い,11.27,36,4,,,,,,,,,,,
2025-07-18,丸亀,1,5,香月大介,B1,49.47,5,○,6.441,1.9,50,20.7,0.1521,2.9914,,,0,低,79,0,差ま0%,,0,24.5,0.7543,0,0,0,0.0385,0,0.2655,0.1927,0.1564,,,A,△,,0.288,0.601,,0.473,A,67,0,◎-○軸 3着3〜4艇流し（10〜15点）,0.5777,"{'is_target': True, 'verdict': '点数絞り', 'max_combo_prob': 0.1053, 'est_top_odds': 12.7, 'circle_concentration': 72.8, 'eligible_count': 8, 'bet_adj': 0, 'reason': 'rel_win1=57.1%（本命度） / 最有力組み合わせ確率: 0.105（推定実オッズ?13倍） / 2着集中度: 上位2艇 72.8%（補正+0.04） / 総合判定確率: 0.145 / → ヒモはやや固め。上位2艇以外を切ること', 'tenji_trigger': '展示確認: 1号艇伸び良→そのまま採用。悪→飛び組に差し替え。circle_pct上位2艇に絞り込むこと。'}",,,28.7,逃げ狙い,11.27,36,4,,,,,,,,,,,
2025-07-18,丸亀,1,6,山本凱立,B2,33.16,6,,1.4076,0.6,14,0,0.2046,4.37,,,0,低,56,0,-,,0,24.5,0.5839,,,,,,,,,,,D,,,0.1634,0.4725,,0.473,A,67,0,◎-○軸 3着3〜4艇流し（10〜15点）,0.5777,"{'is_target': True, 'verdict': '点数絞り', 'max_combo_prob': 0.1053, 'est_top_odds': 12.7, 'circle_concentration': 72.8, 'eligible_count': 8, 'bet_adj': 0, 'reason': 'rel_win1=57.1%（本命度） / 最有力組み合わせ確率: 0.105（推定実オッズ?13倍） / 2着集中度: 上位2艇 72.8%（補正+0.04） / 総合判定確率: 0.145 / → ヒモはやや固め。上位2艇以外を切ること', 'tenji_trigger': '展示確認: 1号艇伸び良→そのまま採用。悪→飛び組に差し替え。circle_pct上位2艇に絞り込むこと。'}",,,28.7,逃げ狙い,11.27,36,4,,,,,,,,,,,
2025-07-18,丸亀,2,1,山崎聖司,B1,44.10,1,◎,57.0714,,0,72.9,0.1656,3.1695,,,0,低,152,0,逃0%,,0,70.6,0.9731,0.2667,,,,,0.3771,0.1924,0.0667,○,,A,△,,,0.5985,,0.3563,A,79,0,◎-○軸 3着3〜4艇流し（10〜15点）,0.5777,"{'is_target': True, 'verdict': '点数絞り', 'max_combo_prob': 0.1034, 'est_top_odds': 12.9, 'circle_concentration': 75.2, 'eligible_count': 8, 'bet_adj': 0, 'reason': 'rel_win1=57.1%（本命度） / 最有力組み合わせ確率: 0.103（推定実オッズ?13倍） / 2着集中度: 上位2艇 75.2%（補正+0.04） / 総合判定確率: 0.143 / → ヒモはやや固め。上位2艇以外を切ること', 'tenji_trigger': '展示確認: 1号艇伸び良→そのまま採用。悪→飛び組に差し替え。circle_pct上位2艇に絞り込むこと。'}",,,30.2,逃げ狙い,11.28,40,2,,,,,0,0,0.6155,0,,逃げ軸流し,A
2025-07-18,丸亀,2,2,宮武英司,B1,28.43,2,▲,11.0832,61,100,67.3,0.1471,3.1455,,,0,低,89,0,-,,0,39.1,0.7359,,,,,,0.4889,0.0222,0.0222,,◎,D,○,,0.5691,0.658,,0.3563,A,79,0,◎-○軸 3着3〜4艇流し（10〜15点）,0.5777,"{'is_target': True, 'verdict': '点数絞り', 'max_combo_prob': 0.1034, 'est_top_odds': 12.9, 'circle_concentration': 75.2, 'eligible_count': 8, 'bet_adj': 0, 'reason': 'rel_win1=57.1%（本命度） / 最有力組み合わせ確率: 0.103（推定実オッズ?13倍） / 2着集中度: 上位2艇 75.2%（補正+0.04） / 総合判定確率: 0.143 / → ヒモはやや固め。上位2艇以外を切ること', 'tenji_trigger': '展示確認: 1号艇伸び良→そのまま採用。悪→飛び組に差し替え。circle_pct上位2艇に絞り込むこと。'}",,,30.2,逃げ狙い,11.28,40,2,,,,,,,,,,,
2025-07-18,丸亀,2,3,加藤雅之,B1,30.96,3,△,10.9807,9.3,87,20.4,0.2094,4.4259,,,0,低,169,0,差ま0%,,0,70.2,0.6969,0,0,0,0.04,0,0.3529,0.2353,0.1765,,,C,,,0.1465,0.5715,,0.3563,A,79,0,◎-○軸 3着3〜4艇流し（10〜15点）,0.5777,"{'is_target': True, 'verdict': '点数絞り', 'max_combo_prob': 0.1034, 'est_top_odds': 12.9, 'circle_concentration': 75.2, 'eligible_count': 8, 'bet_adj': 0, 'reason': 'rel_win1=57.1%（本命度） / 最有力組み合わせ確率: 0.103（推定実オッズ?13倍） / 2着集中度: 上位2艇 75.2%（補正+0.04） / 総合判定確率: 0.143 / → ヒモはやや固め。上位2艇以外を切ること', 'tenji_trigger': '展示確認: 1号艇伸び良→そのまま採用。悪→飛び組に差し替え。circle_pct上位2艇に絞り込むこと。'}",,,30.2,逃げ狙い,11.28,40,2,,,,,,,,,,,
2025-07-18,丸亀,2,4,小川広大,B1,26.82,4,,5.8954,13.1,67,23.9,0.202,4.2887,,,0,低,185,0,-,,0,9.4,0.2972,,,,,,0.2545,0.0545,0.2909,,,E,,,0.2009,0.5845,,0.3563,A,79,0,◎-○軸 3着3〜4艇流し（10〜15点）,0.5777,"{'is_target': True, 'verdict': '点数絞り', 'max_combo_prob': 0.1034, 'est_top_odds': 12.9, 'circle_concentration': 75.2, 'eligible_count': 8, 'bet_adj': 0, 'reason': 'rel_win1=57.1%（本命度） / 最有力組み合わせ確率: 0.103（推定実オッズ?13倍） / 2着集中度: 上位2艇 75.2%（補正+0.04） / 総合判定確率: 0.143 / → ヒモはやや固め。上位2艇以外を切ること', 'tenji_trigger': '展示確認: 1号艇伸び良→そのまま採用。悪→飛び組に差し替え。circle_pct上位2艇に絞り込むこと。'}",,,30.2,逃げ狙い,11.28,40,2,,,,,,,,,,,
2025-07-18,丸亀,2,5,吉川喜継,A1,31.66,5,○,10.0331,14.2,82,53.8,0.1691,3.6077,,,0,低,101,0,差ま0% 抜0%,,0,90.9,1.6438,0,0,0,0.0312,0.0312,0.0865,0.2196,0.024,,,C,◎,◎,0.2955,0.6615,0.3513,0.3563,A,79,0,◎-○軸 3着3〜4艇流し（10〜15点）,0.5777,"{'is_target': True, 'verdict': '点数絞り', 'max_combo_prob': 0.1034, 'est_top_odds': 12.9, 'circle_concentration': 75.2, 'eligible_count': 8, 'bet_adj': 0, 'reason': 'rel_win1=57.1%（本命度） / 最有力組み合わせ確率: 0.103（推定実オッズ?13倍） / 2着集中度: 上位2艇 75.2%（補正+0.04） / 総合判定確率: 0.143 / → ヒモはやや固め。上位2艇以外を切ること', 'tenji_trigger': '展示確認: 1号艇伸び良→そのまま採用。悪→飛び組に差し替え。circle_pct上位2艇に絞り込むこと。'}",,,30.2,逃げ狙い,11.28,40,2,,,,,,,,,,,
2025-07-18,丸亀,2,6,山下昂大,A2,30.61,6,,4.9362,2.4,57,29.8,0.183,4.3723,,,0,低,104,0,差ま0%,,0,25.4,1.3475,0,0,0,0.0833,0,0.1624,0.1079,0.0812,,,D,△,,0.2692,0.644,,0.3563,A,79,0,◎-○軸 3着3〜4艇流し（10〜15点）,0.5777,"{'is_target': True, 'verdict': '点数絞り', 'max_combo_prob': 0.1034, 'est_top_odds': 12.9, 'circle_concentration': 75.2, 'eligible_count': 8, 'bet_adj': 0, 'reason': 'rel_win1=57.1%（本命度） / 最有力組み合わせ確率: 0.103（推定実オッズ?13倍） / 2着集中度: 上位2艇 75.2%（補正+0.04） / 総合判定確率: 0.143 / → ヒモはやや固め。上位2艇以外を切ること', 'tenji_trigger': '展示確認: 1号艇伸び良→そのまま採用。悪→飛び組に差し替え。circle_pct上位2艇に絞り込むこと。'}",,,30.2,逃げ狙い,11.28,40,2,,,,,,,,,,,
2025-07-18,丸亀,3,1,畑　和宏,B1,38.42,1,◎,51.7914,,0,85.4,0.1408,2.7917,,,0,低,117,0,逃0%,,0,85.9,1.0816,0.381,,,,,0.019,0.2971,0.3924,◎,,B,,,,0.597,,0.502,A,79,0,◎-○軸 3着3〜4艇流し（10〜15点）,0.5777,"{'is_target': True, 'verdict': '参加推奨', 'max_combo_prob': 0.0705, 'est_top_odds': 18.9, 'circle_concentration': 62.7, 'eligible_count': 8, 'bet_adj': 2, 'reason': 'rel_win1=51.8%（本命度） / 最有力組み合わせ確率: 0.070（推定実オッズ?19倍） / 2着集中度: 上位2艇 62.7%（補正+0.00） / 総合判定確率: 0.070 / → ヒモ分散。1号艇1着固定で広めのヒモ流し推奨（買い目+2点）', 'tenji_trigger': '展示確認: ヒモ分散レース。1号艇伸び確認後、広めのヒモ流しを採用。穴ヒモ（5・6号艇）を積極的に含める。'}",,,29.4,逃げ狙い,15.63,34.2,2,,,,,0,0,0.7559,0,,逃げ軸流し,A
2025-07-18,丸亀,3,2,吉村正明,B2,31.96,2,▲,16.9821,45.3,79,61.9,0.1462,2.9167,,,0,低,52,0,差0% ま0%,,0,49.4,1.0581,0,0.12,0.04,0,0,0.08,0,0.04,,,C,◎,,0.2737,0.6725,,0.502,A,79,0,◎-○軸 3着3〜4艇流し（10〜15点）,0.5777,"{'is_target': True, 'verdict': '参加推奨', 'max_combo_prob': 0.0705, 'est_top_odds': 18.9, 'circle_concentration': 62.7, 'eligible_count': 8, 'bet_adj': 2, 'reason': 'rel_win1=51.8%（本命度） / 最有力組み合わせ確率: 0.070（推定実オッズ?19倍） / 2着集中度: 上位2艇 62.7%（補正+0.00） / 総合判定確率: 0.070 / → ヒモ分散。1号艇1着固定で広めのヒモ流し推奨（買い目+2点）', 'tenji_trigger': '展示確認: ヒモ分散レース。1号艇伸び確認後、広めのヒモ流しを採用。穴ヒモ（5・6号艇）を積極的に含める。'}",,,29.4,逃げ狙い,15.63,34.2,2,,,,,,,,,,,
2025-07-18,丸亀,3,3,谷口知優,B1,27.42,3,,15.1241,17.4,100,50,0.1627,3.2955,,,0,低,83,0,差0% ま0% 差ま0%,,0,34.8,0.9631,0,0.125,0.0417,0.0833,0,0,0.3481,0.1039,,,E,△,,0.2237,0.6165,,0.502,A,79,0,◎-○軸 3着3〜4艇流し（10〜15点）,0.5777,"{'is_target': True, 'verdict': '参加推奨', 'max_combo_prob': 0.0705, 'est_top_odds': 18.9, 'circle_concentration': 62.7, 'eligible_count': 8, 'bet_adj': 2, 'reason': 'rel_win1=51.8%（本命度） / 最有力組み合わせ確率: 0.070（推定実オッズ?19倍） / 2着集中度: 上位2艇 62.7%（補正+0.00） / 総合判定確率: 0.070 / → ヒモ分散。1号艇1着固定で広めのヒモ流し推奨（買い目+2点）', 'tenji_trigger': '展示確認: ヒモ分散レース。1号艇伸び確認後、広めのヒモ流しを採用。穴ヒモ（5・6号艇）を積極的に含める。'}",,,29.4,逃げ狙い,15.63,34.2,2,,,,,,,,,,,
2025-07-18,丸亀,3,4,柴田大輔,B2,31.44,4,,7.8932,14.7,93,41.3,0.1917,4.1522,,,0,低,176,0,ま0%,,0,30.8,0.9066,0,0,0.0385,0,0,0.2769,0.2923,0.2769,,,D,,,0.1525,0.4955,,0.502,A,79,0,◎-○軸 3着3〜4艇流し（10〜15点）,0.5777,"{'is_target': True, 'verdict': '参加推奨', 'max_combo_prob': 0.0705, 'est_top_odds': 18.9, 'circle_concentration': 62.7, 'eligible_count': 8, 'bet_adj': 2, 'reason': 'rel_win1=51.8%（本命度） / 最有力組み合わせ確率: 0.070（推定実オッズ?19倍） / 2着集中度: 上位2艇 62.7%（補正+0.00） / 総合判定確率: 0.070 / → ヒモ分散。1号艇1着固定で広めのヒモ流し推奨（買い目+2点）', 'tenji_trigger': '展示確認: ヒモ分散レース。1号艇伸び確認後、広めのヒモ流しを採用。穴ヒモ（5・6号艇）を積極的に含める。'}",,,29.4,逃げ狙い,15.63,34.2,2,,,,,,,,,,,
2025-07-18,丸亀,3,5,関口智久,A2,39.30,5,○,6.2932,11.9,45,30.2,0.1274,2.9528,,,0,低,75,0,差ま0%,,0,46.1,0.9736,0,0,0,0.0435,0,0.0833,0.2,0.05,,,B,△,,0.3715,0.6495,,0.502,A,79,0,◎-○軸 3着3〜4艇流し（10〜15点）,0.5777,"{'is_target': True, 'verdict': '参加推奨', 'max_combo_prob': 0.0705, 'est_top_odds': 18.9, 'circle_concentration': 62.7, 'eligible_count': 8, 'bet_adj': 2, 'reason': 'rel_win1=51.8%（本命度） / 最有力組み合わせ確率: 0.070（推定実オッズ?19倍） / 2着集中度: 上位2艇 62.7%（補正+0.00） / 総合判定確率: 0.070 / → ヒモ分散。1号艇1着固定で広めのヒモ流し推奨（買い目+2点）', 'tenji_trigger': '展示確認: ヒモ分散レース。1号艇伸び確認後、広めのヒモ流しを採用。穴ヒモ（5・6号艇）を積極的に含める。'}",,,29.4,逃げ狙い,15.63,34.2,2,,,,,,,,,,,
2025-07-18,丸亀,3,6,小坂尚哉,A1,31.68,6,△,1.9159,10.7,95,57.7,0.151,3.3462,,,0,低,81,0,-,,0,26.4,0.7778,,,,,,0.0488,0.0488,0.0976,,,D,○,,0.3257,0.657,,0.502,A,79,0,◎-○軸 3着3〜4艇流し（10〜15点）,0.5777,"{'is_target': True, 'verdict': '参加推奨', 'max_combo_prob': 0.0705, 'est_top_odds': 18.9, 'circle_concentration': 62.7, 'eligible_count': 8, 'bet_adj': 2, 'reason': 'rel_win1=51.8%（本命度） / 最有力組み合わせ確率: 0.070（推定実オッズ?19倍） / 2着集中度: 上位2艇 62.7%（補正+0.00） / 総合判定確率: 0.070 / → ヒモ分散。1号艇1着固定で広めのヒモ流し推奨（買い目+2点）', 'tenji_trigger': '展示確認: ヒモ分散レース。1号艇伸び確認後、広めのヒモ流しを採用。穴ヒモ（5・6号艇）を積極的に含める。'}",,,29.4,逃げ狙い,15.63,34.2,2,,,,,,,,,,,
2025-07-18,丸亀,4,1,寳田亮治,B1,33.33,1,◎,51.5078,,0,78.6,0.1817,3.5476,,,0,低,118,0,-,,0,53.2,0.8557,0.1667,,,,,0.3056,0.0444,0.0444,△,,C,,,,0.5335,,0.3072,A,67,0,◎-○軸 3着3〜4艇流し（10〜15点）,0.5777,"{'is_target': True, 'verdict': '参加推奨', 'max_combo_prob': 0.0731, 'est_top_odds': 18.3, 'circle_concentration': 63.5, 'eligible_count': 8, 'bet_adj': 2, 'reason': 'rel_win1=51.5%（本命度） / 最有力組み合わせ確率: 0.073（推定実オッズ?18倍） / 2着集中度: 上位2艇 63.5%（補正+0.00） / 総合判定確率: 0.073 / → ヒモ分散。1号艇1着固定で広めのヒモ流し推奨（買い目+2点）', 'tenji_trigger': '展示確認: ヒモ分散レース。1号艇伸び確認後、広めのヒモ流しを採用。穴ヒモ（5・6号艇）を積極的に含める。\n展示で1号艇スタート遅め(0.182秒)確認→ヒモが荒れやすい'}",,,28.5,逃げ狙い,10.19,36.2,5,6-1-2|1-2-6|1-2-5|1-2-3|1-3-6|1-4-6,2-1-3|2-1-5|4-1-2|4-1-3|2-1-4|6-1-2|4-2-1|1-2-6|1-2-5|1-2-3|1-3-6|1-4-6,6-1-2:1.41%|1-2-6:6.77%|1-2-5:5.92%|1-2-3:5.24%|1-3-6:4.45%|1-4-6:4.23%,6-1-2:B_main|1-2-6:A|1-2-5:A|1-2-3:A|1-3-6:A|1-4-6:A,6,12,0.4535,1,[!]見送り推奨（主役決まり手「まくり差し」― 逃げ劣勢レースで的中実績なし）,荒れ広め,D
2025-07-18,丸亀,4,2,渡邊哲也,B1,40.39,2,▲,13.4712,43.4,78,39,0.1871,4.0122,,,0,低,114,0,差0% ま0%,,0,20.7,0.6988,0,0.0952,0.0476,0,0,0.04,0.28,0.32,,,B,,,0.3112,0.4815,,0.3072,A,67,0,◎-○軸 3着3〜4艇流し（10〜15点）,0.5777,"{'is_target': True, 'verdict': '参加推奨', 'max_combo_prob': 0.0731, 'est_top_odds': 18.3, 'circle_concentration': 63.5, 'eligible_count': 8, 'bet_adj': 2, 'reason': 'rel_win1=51.5%（本命度） / 最有力組み合わせ確率: 0.073（推定実オッズ?18倍） / 2着集中度: 上位2艇 63.5%（補正+0.00） / 総合判定確率: 0.073 / → ヒモ分散。1号艇1着固定で広めのヒモ流し推奨（買い目+2点）', 'tenji_trigger': '展示確認: ヒモ分散レース。1号艇伸び確認後、広めのヒモ流しを採用。穴ヒモ（5・6号艇）を積極的に含める。\n展示で1号艇スタート遅め(0.182秒)確認→ヒモが荒れやすい'}",,,28.5,逃げ狙い,10.19,36.2,5,,,,,,,,,,,
2025-07-18,丸亀,4,3,寺嶋　雄,B1,35.05,3,△,10.3424,20.1,70,32.8,0.177,3.7656,,,0,低,115,0,差0% 差ま0%,,0,35.2,0.7525,0,0.0333,0,0.0333,0,0.2769,0.4231,0.0308,,,C,◎,,0.3282,0.6255,,0.3072,A,67,0,◎-○軸 3着3〜4艇流し（10〜15点）,0.5777,"{'is_target': True, 'verdict': '参加推奨', 'max_combo_prob': 0.0731, 'est_top_odds': 18.3, 'circle_concentration': 63.5, 'eligible_count': 8, 'bet_adj': 2, 'reason': 'rel_win1=51.5%（本命度） / 最有力組み合わせ確率: 0.073（推定実オッズ?18倍） / 2着集中度: 上位2艇 63.5%（補正+0.00） / 総合判定確率: 0.073 / → ヒモ分散。1号艇1着固定で広めのヒモ流し推奨（買い目+2点）', 'tenji_trigger': '展示確認: ヒモ分散レース。1号艇伸び確認後、広めのヒモ流しを採用。穴ヒモ（5・6号艇）を積極的に含める。\n展示で1号艇スタート遅め(0.182秒)確認→ヒモが荒れやすい'}",,,28.5,逃げ狙い,10.19,36.2,5,,,,,,,,,,,
2025-07-18,丸亀,4,4,亀本勇樹,B1,35.75,4,○,8.7935,14.3,56,25.6,0.1554,3.3333,,,0,低,75,0,-,,0,32.5,0.7394,0,0,0.1,0,0,0.2083,0.05,0.125,,○,B,△,,0.4146,0.5815,,0.3072,A,67,0,◎-○軸 3着3〜4艇流し（10〜15点）,0.5777,"{'is_target': True, 'verdict': '参加推奨', 'max_combo_prob': 0.0731, 'est_top_odds': 18.3, 'circle_concentration': 63.5, 'eligible_count': 8, 'bet_adj': 2, 'reason': 'rel_win1=51.5%（本命度） / 最有力組み合わせ確率: 0.073（推定実オッズ?18倍） / 2着集中度: 上位2艇 63.5%（補正+0.00） / 総合判定確率: 0.073 / → ヒモ分散。1号艇1着固定で広めのヒモ流し推奨（買い目+2点）', 'tenji_trigger': '展示確認: ヒモ分散レース。1号艇伸び確認後、広めのヒモ流しを採用。穴ヒモ（5・6号艇）を積極的に含める。\n展示で1号艇スタート遅め(0.182秒)確認→ヒモが荒れやすい'}",,,28.5,逃げ狙い,10.19,36.2,5,,,,,,,,,,,
2025-07-18,丸亀,4,5,松下直也,A2,31.31,5,,12.1016,14.2,100,44.1,0.1716,3.6029,,,0,低,177,0,抜0%,,0,24.3,0.7567,0,0,0,0.0323,0.0645,0.0286,0.3714,0.2381,,,D,○,◎,0.3179,0.621,0.1686,0.3072,A,67,0,◎-○軸 3着3〜4艇流し（10〜15点）,0.5777,"{'is_target': True, 'verdict': '参加推奨', 'max_combo_prob': 0.0731, 'est_top_odds': 18.3, 'circle_concentration': 63.5, 'eligible_count': 8, 'bet_adj': 2, 'reason': 'rel_win1=51.5%（本命度） / 最有力組み合わせ確率: 0.073（推定実オッズ?18倍） / 2着集中度: 上位2艇 63.5%（補正+0.00） / 総合判定確率: 0.073 / → ヒモ分散。1号艇1着固定で広めのヒモ流し推奨（買い目+2点）', 'tenji_trigger': '展示確認: ヒモ分散レース。1号艇伸び確認後、広めのヒモ流しを採用。穴ヒモ（5・6号艇）を積極的に含める。\n展示で1号艇スタート遅め(0.182秒)確認→ヒモが荒れやすい'}",,,28.5,逃げ狙い,10.19,36.2,5,,,,,,,,,,,
2025-07-18,丸亀,4,6,金子和之,A1,27.55,6,,3.7833,8,80,46.3,0.1363,2.9352,,,0,低,99,0,-,,0,91.4,1.7961,,,,,,0.0444,0.1778,0,,◎,E,△,,0.4651,0.6185,,0.3072,A,67,0,◎-○軸 3着3〜4艇流し（10〜15点）,0.5777,"{'is_target': True, 'verdict': '参加推奨', 'max_combo_prob': 0.0731, 'est_top_odds': 18.3, 'circle_concentration': 63.5, 'eligible_count': 8, 'bet_adj': 2, 'reason': 'rel_win1=51.5%（本命度） / 最有力組み合わせ確率: 0.073（推定実オッズ?18倍） / 2着集中度: 上位2艇 63.5%（補正+0.00） / 総合判定確率: 0.073 / → ヒモ分散。1号艇1着固定で広めのヒモ流し推奨（買い目+2点）', 'tenji_trigger': '展示確認: ヒモ分散レース。1号艇伸び確認後、広めのヒモ流しを採用。穴ヒモ（5・6号艇）を積極的に含める。\n展示で1号艇スタート遅め(0.182秒)確認→ヒモが荒れやすい'}",,,28.5,逃げ狙い,10.19,36.2,5,,,,,,,,,,,
2025-07-18,丸亀,5,1,梶原　正,B1,30.53,1,◎,44.8008,,0,74.1,0.1644,3.1852,,,0,低,90,0,逃0%,,0,44.1,0.7944,0.36,,,,,0.23,0.305,0.139,○,,C,○,,,0.6495,,0.375,B,58,0,◎○△フォーメーション（15〜20点）,0.5777,"{'is_target': False, 'verdict': '対象外', 'max_combo_prob': None, 'est_top_odds': None, 'circle_concentration': None, 'eligible_count': 0, 'bet_adj': 0, 'reason': '1号艇rel_win1 < 45%: 通常判定に委ねる', 'tenji_trigger': ''}",,,26.1,両建て推奨,16.75,38.1,2,,,,,0,0,0.6155,0,,主役軸流し,B
2025-07-18,丸亀,5,2,高橋直哉,B1,38.50,2,▲,14.948,36.1,95,56.2,0.1917,4.3125,,,0,低,172,0,差0% 抜0%,,0,70.7,0.9553,0,0.12,0,0,0.04,0.05,0.2833,0.05,,,B,,,0.1117,0.606,,0.375,B,58,0,◎○△フォーメーション（15〜20点）,0.5777,"{'is_target': False, 'verdict': '対象外', 'max_combo_prob': None, 'est_top_odds': None, 'circle_concentration': None, 'eligible_count': 0, 'bet_adj': 0, 'reason': '1号艇rel_win1 < 45%: 通常判定に委ねる', 'tenji_trigger': ''}",,,26.1,両建て推奨,16.75,38.1,2,,,,,,,,,,,
2025-07-18,丸亀,5,3,山本浩次,B1,27.18,3,,11.5902,18.7,100,50,0.1644,3.3173,,,0,低,84,0,-,,0,24.6,0.7863,0,0,0,0.0435,0,0.23,0.2033,0,,,E,,,0.3239,0.5845,,0.375,B,58,0,◎○△フォーメーション（15〜20点）,0.5777,"{'is_target': False, 'verdict': '対象外', 'max_combo_prob': None, 'est_top_odds': None, 'circle_concentration': None, 'eligible_count': 0, 'bet_adj': 0, 'reason': '1号艇rel_win1 < 45%: 通常判定に委ねる', 'tenji_trigger': ''}",,,26.1,両建て推奨,16.75,38.1,2,,,,,,,,,,,
2025-07-18,丸亀,5,4,高濱芳久,A2,27.37,4,,11.5255,14,58,34.8,0.1676,3.6739,,,0,低,114,0,ま0%,,0,40.3,0.9483,0,0,0.1176,0,0,0.0485,0.1485,0.1485,,,D,△,,0.3444,0.6335,,0.375,B,58,0,◎○△フォーメーション（15〜20点）,0.5777,"{'is_target': False, 'verdict': '対象外', 'max_combo_prob': None, 'est_top_odds': None, 'circle_concentration': None, 'eligible_count': 0, 'bet_adj': 0, 'reason': '1号艇rel_win1 < 45%: 通常判定に委ねる', 'tenji_trigger': ''}",,,26.1,両建て推奨,16.75,38.1,2,,,,,,,,,,,
2025-07-18,丸亀,5,5,竹田辰也,A1,40.00,5,○,10.54,21,53,50,0.1573,3.2857,,,0,低,94,0,差ま0%,,0,31.7,1.4352,0,0,0,0.0714,0,0.019,0.0476,0.2071,,,B,△,○,0.3565,0.6225,0.2644,0.375,B,58,0,◎○△フォーメーション（15〜20点）,0.5777,"{'is_target': False, 'verdict': '対象外', 'max_combo_prob': None, 'est_top_odds': None, 'circle_concentration': None, 'eligible_count': 0, 'bet_adj': 0, 'reason': '1号艇rel_win1 < 45%: 通常判定に委ねる', 'tenji_trigger': ''}",,,26.1,両建て推奨,16.75,38.1,2,,,,,,,,,,,
2025-07-18,丸亀,5,6,野中一平,A2,27.32,6,△,6.5955,10.2,34,48.8,0.1342,2.2442,,,0,低,26,0,差ま0%,,0,97.2,2.0289,0,0,0,0.0476,0,0,0.04,0.04,,◎,D,◎,◎,0.427,0.66,0.3656,0.375,B,58,0,◎○△フォーメーション（15〜20点）,0.5777,"{'is_target': False, 'verdict': '対象外', 'max_combo_prob': None, 'est_top_odds': None, 'circle_concentration': None, 'eligible_count': 0, 'bet_adj': 0, 'reason': '1号艇rel_win1 < 45%: 通常判定に委ねる', 'tenji_trigger': ''}",,,26.1,両建て推奨,16.75,38.1,2,,,,,,,,,,,
2025-07-18,丸亀,6,1,谷川祐一,A2,24.43,1,◎,62.1354,,0,91.1,0.1373,2.7215,,,0,低,96,0,-,,0,82.6,0.9999,0.6071,,,,,0.0286,0.3257,0.0286,◎,,E,○,,,0.6465,,0.6498,S,89,0,◎1着固定 2-3着流し（5〜8点）,0.5777,"{'is_target': True, 'verdict': '点数絞り', 'max_combo_prob': 0.0829, 'est_top_odds': 16.1, 'circle_concentration': 76.3, 'eligible_count': 6, 'bet_adj': 0, 'reason': 'rel_win1=62.1%（本命度） / 最有力組み合わせ確率: 0.083（推定実オッズ?16倍） / 2着集中度: 上位2艇 76.3%（補正+0.04） / 総合判定確率: 0.123 / → ヒモはやや固め。上位2艇以外を切ること', 'tenji_trigger': '展示確認: 1号艇伸び良→そのまま採用。悪→飛び組に差し替え。circle_pct上位2艇に絞り込むこと。\n展示で1号艇スタート超安定(0.137秒)→ヒモ固まり方向に注意'}",,,27.3,逃げ狙い,13.53,29.9,4,,,,,0,0,0.7559,0,,逃げ軸流し,A
2025-07-18,丸亀,6,2,牧原　崇,A2,29.90,2,,9.9758,49.9,100,65.1,0.1826,4.0152,,,0,低,174,0,差1%,,0,31.1,0.7657,0,0.0345,0,0,0.0345,0.0258,0.2016,0.2274,,,D,◎,,0.0603,0.6775,,0.6498,S,89,0,◎1着固定 2-3着流し（5〜8点）,0.5777,"{'is_target': True, 'verdict': '点数絞り', 'max_combo_prob': 0.0829, 'est_top_odds': 16.1, 'circle_concentration': 76.3, 'eligible_count': 6, 'bet_adj': 0, 'reason': 'rel_win1=62.1%（本命度） / 最有力組み合わせ確率: 0.083（推定実オッズ?16倍） / 2着集中度: 上位2艇 76.3%（補正+0.04） / 総合判定確率: 0.123 / → ヒモはやや固め。上位2艇以外を切ること', 'tenji_trigger': '展示確認: 1号艇伸び良→そのまま採用。悪→飛び組に差し替え。circle_pct上位2艇に絞り込むこと。\n展示で1号艇スタート超安定(0.137秒)→ヒモ固まり方向に注意'}",,,27.3,逃げ狙い,13.53,29.9,4,,,,,,,,,,,
2025-07-18,丸亀,6,3,天野　誠,B1,34.34,3,,8.3612,18.1,54,29.5,0.2068,4.3295,,,0,低,126,0,-,,0,21.5,0.8606,,,,,,0.2667,0.0667,0.6,,,C,,,0.1696,0.582,,0.6498,S,89,0,◎1着固定 2-3着流し（5〜8点）,0.5777,"{'is_target': True, 'verdict': '点数絞り', 'max_combo_prob': 0.0829, 'est_top_odds': 16.1, 'circle_concentration': 76.3, 'eligible_count': 6, 'bet_adj': 0, 'reason': 'rel_win1=62.1%（本命度） / 最有力組み合わせ確率: 0.083（推定実オッズ?16倍） / 2着集中度: 上位2艇 76.3%（補正+0.04） / 総合判定確率: 0.123 / → ヒモはやや固め。上位2艇以外を切ること', 'tenji_trigger': '展示確認: 1号艇伸び良→そのまま採用。悪→飛び組に差し替え。circle_pct上位2艇に絞り込むこと。\n展示で1号艇スタート超安定(0.137秒)→ヒモ固まり方向に注意'}",,,27.3,逃げ狙い,13.53,29.9,4,,,,,,,,,,,
2025-07-18,丸亀,6,4,武田光史,A1,31.58,4,▲,12.4328,26.4,54,56.8,0.1634,3.0682,,,0,低,118,0,差0% ま0% 差ま0%,,0,79.7,1.3102,0,0.1,0.15,0.05,0,0.1394,0.1511,0.0697,,,C,△,◎,0.2637,0.5965,0.4375,0.6498,S,89,0,◎1着固定 2-3着流し（5〜8点）,0.5777,"{'is_target': True, 'verdict': '点数絞り', 'max_combo_prob': 0.0829, 'est_top_odds': 16.1, 'circle_concentration': 76.3, 'eligible_count': 6, 'bet_adj': 0, 'reason': 'rel_win1=62.1%（本命度） / 最有力組み合わせ確率: 0.083（推定実オッズ?16倍） / 2着集中度: 上位2艇 76.3%（補正+0.04） / 総合判定確率: 0.123 / → ヒモはやや固め。上位2艇以外を切ること', 'tenji_trigger': '展示確認: 1号艇伸び良→そのまま採用。悪→飛び組に差し替え。circle_pct上位2艇に絞り込むこと。\n展示で1号艇スタート超安定(0.137秒)→ヒモ固まり方向に注意'}",,,27.3,逃げ狙い,13.53,29.9,4,,,,,,,,,,,
2025-07-18,丸亀,6,5,花本　剛,B1,34.38,5,△,5.8624,4,48,24.1,0.1952,4.25,,,0,低,176,0,-,,0,26,0.754,0,0.0333,0,0.0333,0,0.2077,0.1615,0.1769,,,B,,,0.152,0.5575,,0.6498,S,89,0,◎1着固定 2-3着流し（5〜8点）,0.5777,"{'is_target': True, 'verdict': '点数絞り', 'max_combo_prob': 0.0829, 'est_top_odds': 16.1, 'circle_concentration': 76.3, 'eligible_count': 6, 'bet_adj': 0, 'reason': 'rel_win1=62.1%（本命度） / 最有力組み合わせ確率: 0.083（推定実オッズ?16倍） / 2着集中度: 上位2艇 76.3%（補正+0.04） / 総合判定確率: 0.123 / → ヒモはやや固め。上位2艇以外を切ること', 'tenji_trigger': '展示確認: 1号艇伸び良→そのまま採用。悪→飛び組に差し替え。circle_pct上位2艇に絞り込むこと。\n展示で1号艇スタート超安定(0.137秒)→ヒモ固まり方向に注意'}",,,27.3,逃げ狙い,13.53,29.9,4,,,,,,,,,,,
2025-07-18,丸亀,6,6,宮地秀祈,B1,38.61,6,○,1.2323,1.6,46,20.4,0.1909,4.3182,,,0,低,145,0,-,,0,63.7,1.1722,,,,,,0.2914,0.2714,0.06,,,B,△,,0.1922,0.6005,,0.6498,S,89,0,◎1着固定 2-3着流し（5〜8点）,0.5777,"{'is_target': True, 'verdict': '点数絞り', 'max_combo_prob': 0.0829, 'est_top_odds': 16.1, 'circle_concentration': 76.3, 'eligible_count': 6, 'bet_adj': 0, 'reason': 'rel_win1=62.1%（本命度） / 最有力組み合わせ確率: 0.083（推定実オッズ?16倍） / 2着集中度: 上位2艇 76.3%（補正+0.04） / 総合判定確率: 0.123 / → ヒモはやや固め。上位2艇以外を切ること', 'tenji_trigger': '展示確認: 1号艇伸び良→そのまま採用。悪→飛び組に差し替え。circle_pct上位2艇に絞り込むこと。\n展示で1号艇スタート超安定(0.137秒)→ヒモ固まり方向に注意'}",,,27.3,逃げ狙い,13.53,29.9,4,,,,,,,,,,,
2025-07-18,丸亀,7,1,折下寛法,B1,29.59,1,◎,57.5856,,0,90.2,0.1359,2.1393,,,0,低,60,0,逃1%,,0,81.7,0.9771,0.4783,,,,,0.0522,0.1848,0.0522,◎,,D,○,,,0.6595,,0.5821,S,94,0,◎1着固定 2-3着流し（5〜8点）,0.5777,"{'is_target': True, 'verdict': '点数絞り', 'max_combo_prob': 0.0814, 'est_top_odds': 16.4, 'circle_concentration': 73.5, 'eligible_count': 6, 'bet_adj': 0, 'reason': 'rel_win1=57.6%（本命度） / 最有力組み合わせ確率: 0.081（推定実オッズ?16倍） / 2着集中度: 上位2艇 73.5%（補正+0.04） / 総合判定確率: 0.121 / → ヒモはやや固め。上位2艇以外を切ること', 'tenji_trigger': '展示確認: 1号艇伸び良→そのまま採用。悪→飛び組に差し替え。circle_pct上位2艇に絞り込むこと。\n展示で1号艇スタート超安定(0.136秒)→ヒモ固まり方向に注意'}",,,27,逃げ狙い,14.95,27.8,3,,,,,0,0,0.7559,0,,逃げ軸流し,A
2025-07-18,丸亀,7,2,河野真也,A2,35.71,2,▲,12.7932,38,100,59.2,0.1751,3.7237,,,0,低,156,0,-,,0,26.1,0.7633,0,0.0357,0.0714,0,0,0.0645,0.0258,0.1774,,,B,△,,0.0688,0.6315,,0.5821,S,94,0,◎1着固定 2-3着流し（5〜8点）,0.5777,"{'is_target': True, 'verdict': '点数絞り', 'max_combo_prob': 0.0814, 'est_top_odds': 16.4, 'circle_concentration': 73.5, 'eligible_count': 6, 'bet_adj': 0, 'reason': 'rel_win1=57.6%（本命度） / 最有力組み合わせ確率: 0.081（推定実オッズ?16倍） / 2着集中度: 上位2艇 73.5%（補正+0.04） / 総合判定確率: 0.121 / → ヒモはやや固め。上位2艇以外を切ること', 'tenji_trigger': '展示確認: 1号艇伸び良→そのまま採用。悪→飛び組に差し替え。circle_pct上位2艇に絞り込むこと。\n展示で1号艇スタート超安定(0.136秒)→ヒモ固まり方向に注意'}",,,27,逃げ狙い,14.95,27.8,3,,,,,,,,,,,
2025-07-18,丸亀,7,3,中村日向,A1,32.31,3,○,17.9229,35.5,67,67.9,0.1311,2.6786,,,0,低,40,0,-,,0,57.8,1.1479,0,0,0.1429,0.2143,0,0.1538,0.0769,0,,◎,C,△,,0.383,0.645,,0.5821,S,94,0,◎1着固定 2-3着流し（5〜8点）,0.5777,"{'is_target': True, 'verdict': '点数絞り', 'max_combo_prob': 0.0814, 'est_top_odds': 16.4, 'circle_concentration': 73.5, 'eligible_count': 6, 'bet_adj': 0, 'reason': 'rel_win1=57.6%（本命度） / 最有力組み合わせ確率: 0.081（推定実オッズ?16倍） / 2着集中度: 上位2艇 73.5%（補正+0.04） / 総合判定確率: 0.121 / → ヒモはやや固め。上位2艇以外を切ること', 'tenji_trigger': '展示確認: 1号艇伸び良→そのまま採用。悪→飛び組に差し替え。circle_pct上位2艇に絞り込むこと。\n展示で1号艇スタート超安定(0.136秒)→ヒモ固まり方向に注意'}",,,27,逃げ狙い,14.95,27.8,3,,,,,,,,,,,
2025-07-18,丸亀,7,4,大塚浩二,B1,32.83,4,△,6.6371,4.1,67,29.1,0.182,3.5545,,,0,低,138,0,ま0%,,0,25.9,0.7026,0,0,0.0435,0,0,0.1333,0.2,0.3333,,,C,,,0.1333,0.5665,,0.5821,S,94,0,◎1着固定 2-3着流し（5〜8点）,0.5777,"{'is_target': True, 'verdict': '点数絞り', 'max_combo_prob': 0.0814, 'est_top_odds': 16.4, 'circle_concentration': 73.5, 'eligible_count': 6, 'bet_adj': 0, 'reason': 'rel_win1=57.6%（本命度） / 最有力組み合わせ確率: 0.081（推定実オッズ?16倍） / 2着集中度: 上位2艇 73.5%（補正+0.04） / 総合判定確率: 0.121 / → ヒモはやや固め。上位2艇以外を切ること', 'tenji_trigger': '展示確認: 1号艇伸び良→そのまま採用。悪→飛び組に差し替え。circle_pct上位2艇に絞り込むこと。\n展示で1号艇スタート超安定(0.136秒)→ヒモ固まり方向に注意'}",,,27,逃げ狙い,14.95,27.8,3,,,,,,,,,,,
2025-07-18,丸亀,7,5,中辻博訓,A1,30.89,5,,3.9111,17.5,50,42,0.1354,2.73,,,0,低,53,0,-,,0,36.3,0.7552,,,,,,0.1205,0.0174,0.1981,,,D,◎,,0.3426,0.6875,,0.5821,S,94,0,◎1着固定 2-3着流し（5〜8点）,0.5777,"{'is_target': True, 'verdict': '点数絞り', 'max_combo_prob': 0.0814, 'est_top_odds': 16.4, 'circle_concentration': 73.5, 'eligible_count': 6, 'bet_adj': 0, 'reason': 'rel_win1=57.6%（本命度） / 最有力組み合わせ確率: 0.081（推定実オッズ?16倍） / 2着集中度: 上位2艇 73.5%（補正+0.04） / 総合判定確率: 0.121 / → ヒモはやや固め。上位2艇以外を切ること', 'tenji_trigger': '展示確認: 1号艇伸び良→そのまま採用。悪→飛び組に差し替え。circle_pct上位2艇に絞り込むこと。\n展示で1号艇スタート超安定(0.136秒)→ヒモ固まり方向に注意'}",,,27,逃げ狙い,14.95,27.8,3,,,,,,,,,,,
2025-07-18,丸亀,7,6,加藤雅之,B1,30.96,6,,1.1501,4.9,34,14,0.2237,4.7326,,,0,低,169,0,-,,0,22.5,0.86,,,,,,0.3529,0.2353,0.1765,,,D,,,0.1627,0.5715,,0.5821,S,94,0,◎1着固定 2-3着流し（5〜8点）,0.5777,"{'is_target': True, 'verdict': '点数絞り', 'max_combo_prob': 0.0814, 'est_top_odds': 16.4, 'circle_concentration': 73.5, 'eligible_count': 6, 'bet_adj': 0, 'reason': 'rel_win1=57.6%（本命度） / 最有力組み合わせ確率: 0.081（推定実オッズ?16倍） / 2着集中度: 上位2艇 73.5%（補正+0.04） / 総合判定確率: 0.121 / → ヒモはやや固め。上位2艇以外を切ること', 'tenji_trigger': '展示確認: 1号艇伸び良→そのまま採用。悪→飛び組に差し替え。circle_pct上位2艇に絞り込むこと。\n展示で1号艇スタート超安定(0.136秒)→ヒモ固まり方向に注意'}",,,27,逃げ狙い,14.95,27.8,3,,,,,,,,,,,
2025-07-18,丸亀,8,1,松山将吾,A1,27.22,1,◎,65.808,,0,90.9,0.1268,2.2652,,,0,低,66,0,逃1%,,0,90.5,1.1926,0.6207,,,,,0.0138,0.1614,0.189,◎,,E,◎,,,0.664,,0.7192,S,92,0,◎1着固定 2-3着流し（5〜8点）,0.5777,"{'is_target': True, 'verdict': '点数絞り', 'max_combo_prob': 0.105, 'est_top_odds': 12.7, 'circle_concentration': 72.5, 'eligible_count': 6, 'bet_adj': 0, 'reason': 'rel_win1=65.8%（本命度） / 最有力組み合わせ確率: 0.105（推定実オッズ?13倍） / 2着集中度: 上位2艇 72.5%（補正+0.04） / 総合判定確率: 0.145 / → ヒモはやや固め。上位2艇以外を切ること', 'tenji_trigger': '展示確認: 1号艇伸び良→そのまま採用。悪→飛び組に差し替え。circle_pct上位2艇に絞り込むこと。\n展示で1号艇スタート超安定(0.127秒)→ヒモ固まり方向に注意'}",,,28,逃げ狙い,18.52,27.7,2,,,,,0,0,0.7559,0,,逃げ軸流し,A
2025-07-18,丸亀,8,2,関口智久,A2,39.30,2,○,15.4668,48,86,63.8,0.1588,3.3621,,,0,低,75,0,ま0%,,0,51.1,1.0671,0,0,0.1071,0,0,0.0833,0.2,0.05,,,B,○,,0.0672,0.6495,,0.7192,S,92,0,◎1着固定 2-3着流し（5〜8点）,0.5777,"{'is_target': True, 'verdict': '点数絞り', 'max_combo_prob': 0.105, 'est_top_odds': 12.7, 'circle_concentration': 72.5, 'eligible_count': 6, 'bet_adj': 0, 'reason': 'rel_win1=65.8%（本命度） / 最有力組み合わせ確率: 0.105（推定実オッズ?13倍） / 2着集中度: 上位2艇 72.5%（補正+0.04） / 総合判定確率: 0.145 / → ヒモはやや固め。上位2艇以外を切ること', 'tenji_trigger': '展示確認: 1号艇伸び良→そのまま採用。悪→飛び組に差し替え。circle_pct上位2艇に絞り込むこと。\n展示で1号艇スタート超安定(0.127秒)→ヒモ固まり方向に注意'}",,,28,逃げ狙い,18.52,27.7,2,,,,,,,,,,,
2025-07-18,丸亀,8,3,山口隆史,B1,32.50,3,△,7.2621,24.4,87,47.2,0.1643,3.1111,,,0,低,153,0,-,,0,21.7,0.6773,0,0,0.0333,0,0,0.1467,0.1067,0.2,,,C,,,0.1214,0.603,,0.7192,S,92,0,◎1着固定 2-3着流し（5〜8点）,0.5777,"{'is_target': True, 'verdict': '点数絞り', 'max_combo_prob': 0.105, 'est_top_odds': 12.7, 'circle_concentration': 72.5, 'eligible_count': 6, 'bet_adj': 0, 'reason': 'rel_win1=65.8%（本命度） / 最有力組み合わせ確率: 0.105（推定実オッズ?13倍） / 2着集中度: 上位2艇 72.5%（補正+0.04） / 総合判定確率: 0.145 / → ヒモはやや固め。上位2艇以外を切ること', 'tenji_trigger': '展示確認: 1号艇伸び良→そのまま採用。悪→飛び組に差し替え。circle_pct上位2艇に絞り込むこと。\n展示で1号艇スタート超安定(0.127秒)→ヒモ固まり方向に注意'}",,,28,逃げ狙い,18.52,27.7,2,,,,,,,,,,,
2025-07-18,丸亀,8,4,山下昂大,A2,30.61,4,,5.6069,22.1,100,57.4,0.1613,3.3033,,,0,低,104,0,-,,0,37.5,0.7655,0,0,0,0.0556,0.0278,0.1624,0.1079,0.0812,,,D,△,,0.1784,0.644,,0.7192,S,92,0,◎1着固定 2-3着流し（5〜8点）,0.5777,"{'is_target': True, 'verdict': '点数絞り', 'max_combo_prob': 0.105, 'est_top_odds': 12.7, 'circle_concentration': 72.5, 'eligible_count': 6, 'bet_adj': 0, 'reason': 'rel_win1=65.8%（本命度） / 最有力組み合わせ確率: 0.105（推定実オッズ?13倍） / 2着集中度: 上位2艇 72.5%（補正+0.04） / 総合判定確率: 0.145 / → ヒモはやや固め。上位2艇以外を切ること', 'tenji_trigger': '展示確認: 1号艇伸び良→そのまま採用。悪→飛び組に差し替え。circle_pct上位2艇に絞り込むこと。\n展示で1号艇スタート超安定(0.127秒)→ヒモ固まり方向に注意'}",,,28,逃げ狙い,18.52,27.7,2,,,,,,,,,,,
2025-07-18,丸亀,8,5,中岡健人,B2,30.89,5,▲,3.0408,3.8,77,37.9,0.1524,3.3879,,,0,低,104,0,-,,0,85.6,1.5517,,,,,,0.28,0.164,0.196,,,D,△,,0.256,0.635,,0.7192,S,92,0,◎1着固定 2-3着流し（5〜8点）,0.5777,"{'is_target': True, 'verdict': '点数絞り', 'max_combo_prob': 0.105, 'est_top_odds': 12.7, 'circle_concentration': 72.5, 'eligible_count': 6, 'bet_adj': 0, 'reason': 'rel_win1=65.8%（本命度） / 最有力組み合わせ確率: 0.105（推定実オッズ?13倍） / 2着集中度: 上位2艇 72.5%（補正+0.04） / 総合判定確率: 0.145 / → ヒモはやや固め。上位2艇以外を切ること', 'tenji_trigger': '展示確認: 1号艇伸び良→そのまま採用。悪→飛び組に差し替え。circle_pct上位2艇に絞り込むこと。\n展示で1号艇スタート超安定(0.127秒)→ヒモ固まり方向に注意'}",,,28,逃げ狙い,18.52,27.7,2,,,,,,,,,,,
2025-07-18,丸亀,8,6,寺嶋　雄,B1,35.05,6,,2.8154,1.6,37,11.4,0.1659,3.6023,,,0,低,115,0,差ま0%,,0,33.3,0.8583,0,0,0,0.0455,0,0.2769,0.4231,0.0308,,,B,,,0.1816,0.6255,,0.7192,S,92,0,◎1着固定 2-3着流し（5〜8点）,0.5777,"{'is_target': True, 'verdict': '点数絞り', 'max_combo_prob': 0.105, 'est_top_odds': 12.7, 'circle_concentration': 72.5, 'eligible_count': 6, 'bet_adj': 0, 'reason': 'rel_win1=65.8%（本命度） / 最有力組み合わせ確率: 0.105（推定実オッズ?13倍） / 2着集中度: 上位2艇 72.5%（補正+0.04） / 総合判定確率: 0.145 / → ヒモはやや固め。上位2艇以外を切ること', 'tenji_trigger': '展示確認: 1号艇伸び良→そのまま採用。悪→飛び組に差し替え。circle_pct上位2艇に絞り込むこと。\n展示で1号艇スタート超安定(0.127秒)→ヒモ固まり方向に注意'}",,,28,逃げ狙い,18.52,27.7,2,,,,,,,,,,,
2025-07-18,丸亀,9,1,高濱芳久,A2,27.37,1,◎,57.498,,0,84.2,0.1733,3.8421,,,0,低,114,0,逃0%,,0,70.8,1.0913,0.4848,,,,,0.0485,0.1485,0.1485,△,,D,△,,,0.6335,,0.3168,A,72,0,◎-○軸 3着3〜4艇流し（10〜15点）,0.5777,"{'is_target': True, 'verdict': '参加推奨', 'max_combo_prob': 0.0923, 'est_top_odds': 14.4, 'circle_concentration': 63.5, 'eligible_count': 8, 'bet_adj': 2, 'reason': 'rel_win1=57.5%（本命度） / 最有力組み合わせ確率: 0.092（推定実オッズ?14倍） / 2着集中度: 上位2艇 63.5%（補正+0.00） / 総合判定確率: 0.092 / → ヒモ分散。1号艇1着固定で広めのヒモ流し推奨（買い目+2点）', 'tenji_trigger': '展示確認: ヒモ分散レース。1号艇伸び確認後、広めのヒモ流しを採用。穴ヒモ（5・6号艇）を積極的に含める。'}",,,28.2,逃げ狙い,17.15,29.3,4,2-1-3|2-1-4|1-2-6|1-2-4|1-3-2|1-5-2|1-3-6,4-5-6|6-1-4|2-1-3|6-1-3|6-4-1|2-1-4|6-3-1|1-2-6|1-2-4|1-3-2|1-5-2|1-3-6,2-1-3:2.53%|2-1-4:1.94%|1-2-6:7.33%|1-2-4:6.86%|1-3-2:4.09%|1-5-2:4.04%|1-3-6:3.73%,2-1-3:B_main|2-1-4:B_main|1-2-6:A|1-2-4:A|1-3-2:A|1-5-2:A|1-3-6:A,7,12,0.4535,1,[!]見送り推奨（主役決まり手「差し」― 逃げ劣勢レースで的中実績なし）,荒れ広め,D
2025-07-18,丸亀,9,2,峰重力也,B1,40.00,2,○,14.459,43.5,53,54.1,0.1211,2.3934,,,0,低,41,0,差1%,,0,57.1,0.9033,0,0.1111,0.037,0,0,0.0211,0.1699,0.1699,,◎,A,◎,,0.58,0.677,,0.3168,A,72,0,◎-○軸 3着3〜4艇流し（10〜15点）,0.5777,"{'is_target': True, 'verdict': '参加推奨', 'max_combo_prob': 0.0923, 'est_top_odds': 14.4, 'circle_concentration': 63.5, 'eligible_count': 8, 'bet_adj': 2, 'reason': 'rel_win1=57.5%（本命度） / 最有力組み合わせ確率: 0.092（推定実オッズ?14倍） / 2着集中度: 上位2艇 63.5%（補正+0.00） / 総合判定確率: 0.092 / → ヒモ分散。1号艇1着固定で広めのヒモ流し推奨（買い目+2点）', 'tenji_trigger': '展示確認: ヒモ分散レース。1号艇伸び確認後、広めのヒモ流しを採用。穴ヒモ（5・6号艇）を積極的に含める。'}",,,28.2,逃げ狙い,17.15,29.3,4,,,,,,,,,,,
2025-07-18,丸亀,9,3,松下直也,A2,31.31,3,△,13.0987,18,100,65.4,0.1727,3.4815,,,0,低,177,0,-,,0,24.6,0.8246,0,0.0541,0.0811,0,0,0.0286,0.3714,0.2381,,,C,,,0.312,0.621,,0.3168,A,72,0,◎-○軸 3着3〜4艇流し（10〜15点）,0.5777,"{'is_target': True, 'verdict': '参加推奨', 'max_combo_prob': 0.0923, 'est_top_odds': 14.4, 'circle_concentration': 63.5, 'eligible_count': 8, 'bet_adj': 2, 'reason': 'rel_win1=57.5%（本命度） / 最有力組み合わせ確率: 0.092（推定実オッズ?14倍） / 2着集中度: 上位2艇 63.5%（補正+0.00） / 総合判定確率: 0.092 / → ヒモ分散。1号艇1着固定で広めのヒモ流し推奨（買い目+2点）', 'tenji_trigger': '展示確認: ヒモ分散レース。1号艇伸び確認後、広めのヒモ流しを採用。穴ヒモ（5・6号艇）を積極的に含める。'}",,,28.2,逃げ狙い,17.15,29.3,4,,,,,,,,,,,
2025-07-18,丸亀,9,4,服部達哉,B1,36.00,4,,7.8865,20,88,59.1,0.1802,3.4318,,,0,低,142,0,差0%,,0,50.5,1.1419,0,0.0952,0,0,0,0.1364,0.2727,0.1364,,,B,,,0.2887,0.6025,,0.3168,A,72,0,◎-○軸 3着3〜4艇流し（10〜15点）,0.5777,"{'is_target': True, 'verdict': '参加推奨', 'max_combo_prob': 0.0923, 'est_top_odds': 14.4, 'circle_concentration': 63.5, 'eligible_count': 8, 'bet_adj': 2, 'reason': 'rel_win1=57.5%（本命度） / 最有力組み合わせ確率: 0.092（推定実オッズ?14倍） / 2着集中度: 上位2艇 63.5%（補正+0.00） / 総合判定確率: 0.092 / → ヒモ分散。1号艇1着固定で広めのヒモ流し推奨（買い目+2点）', 'tenji_trigger': '展示確認: ヒモ分散レース。1号艇伸び確認後、広めのヒモ流しを採用。穴ヒモ（5・6号艇）を積極的に含める。'}",,,28.2,逃げ狙い,17.15,29.3,4,,,,,,,,,,,
2025-07-18,丸亀,9,5,吉村正明,B2,31.96,5,▲,5.9186,17.7,51,41.7,0.1423,3.1042,,,0,低,52,0,ま0% 差ま0%,,0,35.5,1.1981,0,0,0.0333,0.0333,0,0.08,0,0.04,,○,C,○,,0.4059,0.6725,,0.3168,A,72,0,◎-○軸 3着3〜4艇流し（10〜15点）,0.5777,"{'is_target': True, 'verdict': '参加推奨', 'max_combo_prob': 0.0923, 'est_top_odds': 14.4, 'circle_concentration': 63.5, 'eligible_count': 8, 'bet_adj': 2, 'reason': 'rel_win1=57.5%（本命度） / 最有力組み合わせ確率: 0.092（推定実オッズ?14倍） / 2着集中度: 上位2艇 63.5%（補正+0.00） / 総合判定確率: 0.092 / → ヒモ分散。1号艇1着固定で広めのヒモ流し推奨（買い目+2点）', 'tenji_trigger': '展示確認: ヒモ分散レース。1号艇伸び確認後、広めのヒモ流しを採用。穴ヒモ（5・6号艇）を積極的に含める。'}",,,28.2,逃げ狙い,17.15,29.3,4,,,,,,,,,,,
2025-07-18,丸亀,9,6,宮武英司,B1,28.43,6,,1.1393,0.8,32,23.3,0.1781,4.1628,,,0,低,89,0,-,,0,96,1.9833,,,,,,0.4889,0.0222,0.0222,,,D,△,,0.3204,0.658,,0.3168,A,72,0,◎-○軸 3着3〜4艇流し（10〜15点）,0.5777,"{'is_target': True, 'verdict': '参加推奨', 'max_combo_prob': 0.0923, 'est_top_odds': 14.4, 'circle_concentration': 63.5, 'eligible_count': 8, 'bet_adj': 2, 'reason': 'rel_win1=57.5%（本命度） / 最有力組み合わせ確率: 0.092（推定実オッズ?14倍） / 2着集中度: 上位2艇 63.5%（補正+0.00） / 総合判定確率: 0.092 / → ヒモ分散。1号艇1着固定で広めのヒモ流し推奨（買い目+2点）', 'tenji_trigger': '展示確認: ヒモ分散レース。1号艇伸び確認後、広めのヒモ流しを採用。穴ヒモ（5・6号艇）を積極的に含める。'}",,,28.2,逃げ狙い,17.15,29.3,4,,,,,,,,,,,
2025-07-18,丸亀,10,1,牧原　崇,A2,29.90,1,◎,63.3044,,0,86.6,0.1627,3.1194,,,0,低,174,0,逃1%,,0,90.2,1.2054,0.4516,,,,,0.0258,0.2016,0.2274,◎,,E,◎,,,0.6775,,0.4737,A,77,0,◎-○軸 3着3〜4艇流し（10〜15点）,0.5777,"{'is_target': True, 'verdict': '点数絞り', 'max_combo_prob': 0.1035, 'est_top_odds': 12.9, 'circle_concentration': 75.3, 'eligible_count': 8, 'bet_adj': 0, 'reason': 'rel_win1=63.3%（本命度） / 最有力組み合わせ確率: 0.104（推定実オッズ?13倍） / 2着集中度: 上位2艇 75.3%（補正+0.04） / 総合判定確率: 0.144 / → ヒモはやや固め。上位2艇以外を切ること', 'tenji_trigger': '展示確認: 1号艇伸び良→そのまま採用。悪→飛び組に差し替え。circle_pct上位2艇に絞り込むこと。'}",,,27.1,逃げ狙い,11.87,30.7,4,,,,,0,0,0.7559,0,,逃げ軸流し,A
2025-07-18,丸亀,10,2,香月大介,B1,49.47,2,○,7.6994,14.6,53,17,0.1711,3.7264,,,0,低,79,0,-,,0,61.3,0.5379,,,,,,0.2655,0.1927,0.1564,,,A,△,,0.2474,0.601,,0.4737,A,77,0,◎-○軸 3着3〜4艇流し（10〜15点）,0.5777,"{'is_target': True, 'verdict': '点数絞り', 'max_combo_prob': 0.1035, 'est_top_odds': 12.9, 'circle_concentration': 75.3, 'eligible_count': 8, 'bet_adj': 0, 'reason': 'rel_win1=63.3%（本命度） / 最有力組み合わせ確率: 0.104（推定実オッズ?13倍） / 2着集中度: 上位2艇 75.3%（補正+0.04） / 総合判定確率: 0.144 / → ヒモはやや固め。上位2艇以外を切ること', 'tenji_trigger': '展示確認: 1号艇伸び良→そのまま採用。悪→飛び組に差し替え。circle_pct上位2艇に絞り込むこと。'}",,,27.1,逃げ狙い,11.87,30.7,4,,,,,,,,,,,
2025-07-18,丸亀,10,3,高橋直哉,B1,38.50,3,△,9.3934,33.6,100,47.9,0.1811,3.4789,,,0,低,172,0,-,,0,23.3,0.6083,0,0,0.0345,0.0345,0,0.05,0.2833,0.05,,,C,△,,0.2101,0.606,,0.4737,A,77,0,◎-○軸 3着3〜4艇流し（10〜15点）,0.5777,"{'is_target': True, 'verdict': '点数絞り', 'max_combo_prob': 0.1035, 'est_top_odds': 12.9, 'circle_concentration': 75.3, 'eligible_count': 8, 'bet_adj': 0, 'reason': 'rel_win1=63.3%（本命度） / 最有力組み合わせ確率: 0.104（推定実オッズ?13倍） / 2着集中度: 上位2艇 75.3%（補正+0.04） / 総合判定確率: 0.144 / → ヒモはやや固め。上位2艇以外を切ること', 'tenji_trigger': '展示確認: 1号艇伸び良→そのまま採用。悪→飛び組に差し替え。circle_pct上位2艇に絞り込むこと。'}",,,27.1,逃げ狙い,11.87,30.7,4,,,,,,,,,,,
2025-07-18,丸亀,10,4,吉川喜継,A1,31.66,4,▲,13.0932,41.7,69,63.8,0.1541,3.2246,,,0,低,101,0,差0% ま0% 差ま0%,,0,78.7,1.4219,0,0.0625,0.0312,0.0312,0,0.0865,0.2196,0.024,,,D,○,◎,0.3534,0.6615,0.4744,0.4737,A,77,0,◎-○軸 3着3〜4艇流し（10〜15点）,0.5777,"{'is_target': True, 'verdict': '点数絞り', 'max_combo_prob': 0.1035, 'est_top_odds': 12.9, 'circle_concentration': 75.3, 'eligible_count': 8, 'bet_adj': 0, 'reason': 'rel_win1=63.3%（本命度） / 最有力組み合わせ確率: 0.104（推定実オッズ?13倍） / 2着集中度: 上位2艇 75.3%（補正+0.04） / 総合判定確率: 0.144 / → ヒモはやや固め。上位2艇以外を切ること', 'tenji_trigger': '展示確認: 1号艇伸び良→そのまま採用。悪→飛び組に差し替え。circle_pct上位2艇に絞り込むこと。'}",,,27.1,逃げ狙い,11.87,30.7,4,,,,,,,,,,,
2025-07-18,丸亀,10,5,畑　和宏,B1,38.42,5,,5.1798,8.4,71,38.2,0.1687,3.3545,,,0,低,117,0,ま0%,,0,24.1,1.101,0,0,0.0357,0,0,0.019,0.2971,0.3924,,,C,,,0.2959,0.597,,0.4737,A,77,0,◎-○軸 3着3〜4艇流し（10〜15点）,0.5777,"{'is_target': True, 'verdict': '点数絞り', 'max_combo_prob': 0.1035, 'est_top_odds': 12.9, 'circle_concentration': 75.3, 'eligible_count': 8, 'bet_adj': 0, 'reason': 'rel_win1=63.3%（本命度） / 最有力組み合わせ確率: 0.104（推定実オッズ?13倍） / 2着集中度: 上位2艇 75.3%（補正+0.04） / 総合判定確率: 0.144 / → ヒモはやや固め。上位2艇以外を切ること', 'tenji_trigger': '展示確認: 1号艇伸び良→そのまま採用。悪→飛び組に差し替え。circle_pct上位2艇に絞り込むこと。'}",,,27.1,逃げ狙い,11.87,30.7,4,,,,,,,,,,,
2025-07-18,丸亀,10,6,渡邊哲也,B1,40.39,6,,1.3299,1.7,31,9.3,0.2388,4.6163,,,0,低,114,0,-,,0,24.1,0.6061,,,,,,0.04,0.28,0.32,,,B,,,0.1688,0.4815,,0.4737,A,77,0,◎-○軸 3着3〜4艇流し（10〜15点）,0.5777,"{'is_target': True, 'verdict': '点数絞り', 'max_combo_prob': 0.1035, 'est_top_odds': 12.9, 'circle_concentration': 75.3, 'eligible_count': 8, 'bet_adj': 0, 'reason': 'rel_win1=63.3%（本命度） / 最有力組み合わせ確率: 0.104（推定実オッズ?13倍） / 2着集中度: 上位2艇 75.3%（補正+0.04） / 総合判定確率: 0.144 / → ヒモはやや固め。上位2艇以外を切ること', 'tenji_trigger': '展示確認: 1号艇伸び良→そのまま採用。悪→飛び組に差し替え。circle_pct上位2艇に絞り込むこと。'}",,,27.1,逃げ狙い,11.87,30.7,4,,,,,,,,,,,
2025-07-18,丸亀,11,1,中辻博訓,A1,30.89,1,◎,57.508,,0,91.7,0.128,2.1667,,,0,低,53,0,逃1%,,0,70.3,0.99,0.6304,,,,,0.1205,0.0174,0.1981,◎,,C,◎,,,0.6875,,0.5829,S,84,0,◎1着固定 2-3着流し（5〜8点）,0.5777,"{'is_target': True, 'verdict': '点数絞り', 'max_combo_prob': 0.0968, 'est_top_odds': 13.8, 'circle_concentration': 76.9, 'eligible_count': 6, 'bet_adj': 0, 'reason': 'rel_win1=57.5%（本命度） / 最有力組み合わせ確率: 0.097（推定実オッズ?14倍） / 2着集中度: 上位2艇 76.9%（補正+0.04） / 総合判定確率: 0.137 / → ヒモはやや固め。上位2艇以外を切ること', 'tenji_trigger': '展示確認: 1号艇伸び良→そのまま採用。悪→飛び組に差し替え。circle_pct上位2艇に絞り込むこと。\n展示で1号艇スタート超安定(0.128秒)→ヒモ固まり方向に注意'}",,,29.6,逃げ狙い,24.17,27.3,2,,,,,0,0,0.7559,0,,逃げ軸流し,A
2025-07-18,丸亀,11,2,野中一平,A2,27.32,2,○,25.9155,48.4,100,77.1,0.1226,2.6571,,,0,低,26,0,差1%,,0,72.3,1.3733,0,0.6,0,0,0,0,0.04,0.04,,◎,D,○,,0.5181,0.66,,0.5829,S,84,0,◎1着固定 2-3着流し（5〜8点）,0.5777,"{'is_target': True, 'verdict': '点数絞り', 'max_combo_prob': 0.0968, 'est_top_odds': 13.8, 'circle_concentration': 76.9, 'eligible_count': 6, 'bet_adj': 0, 'reason': 'rel_win1=57.5%（本命度） / 最有力組み合わせ確率: 0.097（推定実オッズ?14倍） / 2着集中度: 上位2艇 76.9%（補正+0.04） / 総合判定確率: 0.137 / → ヒモはやや固め。上位2艇以外を切ること', 'tenji_trigger': '展示確認: 1号艇伸び良→そのまま採用。悪→飛び組に差し替え。circle_pct上位2艇に絞り込むこと。\n展示で1号艇スタート超安定(0.128秒)→ヒモ固まり方向に注意'}",,,29.6,逃げ狙い,24.17,27.3,2,,,,,,,,,,,
2025-07-18,丸亀,11,3,谷川祐一,A2,24.43,3,,6.5361,28.5,89,60.3,0.1598,2.9921,,,0,低,96,0,-,,0,38.7,0.535,0,0,0,0.0345,0,0.0286,0.3257,0.0286,,,E,△,,0.11,0.6465,,0.5829,S,84,0,◎1着固定 2-3着流し（5〜8点）,0.5777,"{'is_target': True, 'verdict': '点数絞り', 'max_combo_prob': 0.0968, 'est_top_odds': 13.8, 'circle_concentration': 76.9, 'eligible_count': 6, 'bet_adj': 0, 'reason': 'rel_win1=57.5%（本命度） / 最有力組み合わせ確率: 0.097（推定実オッズ?14倍） / 2着集中度: 上位2艇 76.9%（補正+0.04） / 総合判定確率: 0.137 / → ヒモはやや固め。上位2艇以外を切ること', 'tenji_trigger': '展示確認: 1号艇伸び良→そのまま採用。悪→飛び組に差し替え。circle_pct上位2艇に絞り込むこと。\n展示で1号艇スタート超安定(0.128秒)→ヒモ固まり方向に注意'}",,,29.6,逃げ狙い,24.17,27.3,2,,,,,,,,,,,
2025-07-18,丸亀,11,4,寳田亮治,B1,33.33,4,▲,6.1094,11.9,67,32.7,0.171,3.6346,,,0,低,118,0,-,,0,92.4,1.7015,0,0,0,0,0.0385,0.3056,0.0444,0.0444,,,B,,,0.1491,0.5335,,0.5829,S,84,0,◎1着固定 2-3着流し（5〜8点）,0.5777,"{'is_target': True, 'verdict': '点数絞り', 'max_combo_prob': 0.0968, 'est_top_odds': 13.8, 'circle_concentration': 76.9, 'eligible_count': 6, 'bet_adj': 0, 'reason': 'rel_win1=57.5%（本命度） / 最有力組み合わせ確率: 0.097（推定実オッズ?14倍） / 2着集中度: 上位2艇 76.9%（補正+0.04） / 総合判定確率: 0.137 / → ヒモはやや固め。上位2艇以外を切ること', 'tenji_trigger': '展示確認: 1号艇伸び良→そのまま採用。悪→飛び組に差し替え。circle_pct上位2艇に絞り込むこと。\n展示で1号艇スタート超安定(0.128秒)→ヒモ固まり方向に注意'}",,,29.6,逃げ狙い,24.17,27.3,2,,,,,,,,,,,
2025-07-18,丸亀,11,5,浜崎準也,B1,36.02,5,△,2.3313,8.8,40,22.4,0.1791,3.8276,,,0,低,122,0,-,,0,30.5,0.6383,,,,,,0.3,0.3,0,,,B,,,0.15,0.5915,,0.5829,S,84,0,◎1着固定 2-3着流し（5〜8点）,0.5777,"{'is_target': True, 'verdict': '点数絞り', 'max_combo_prob': 0.0968, 'est_top_odds': 13.8, 'circle_concentration': 76.9, 'eligible_count': 6, 'bet_adj': 0, 'reason': 'rel_win1=57.5%（本命度） / 最有力組み合わせ確率: 0.097（推定実オッズ?14倍） / 2着集中度: 上位2艇 76.9%（補正+0.04） / 総合判定確率: 0.137 / → ヒモはやや固め。上位2艇以外を切ること', 'tenji_trigger': '展示確認: 1号艇伸び良→そのまま採用。悪→飛び組に差し替え。circle_pct上位2艇に絞り込むこと。\n展示で1号艇スタート超安定(0.128秒)→ヒモ固まり方向に注意'}",,,29.6,逃げ狙い,24.17,27.3,2,,,,,,,,,,,
2025-07-18,丸亀,11,6,谷口知優,B1,27.42,6,,1.5995,2.4,60,24.4,0.1683,3.9512,,,0,低,83,0,-,,0,26.9,0.8292,,,,,,0,0.3481,0.1039,,,D,△,,0.1844,0.6165,,0.5829,S,84,0,◎1着固定 2-3着流し（5〜8点）,0.5777,"{'is_target': True, 'verdict': '点数絞り', 'max_combo_prob': 0.0968, 'est_top_odds': 13.8, 'circle_concentration': 76.9, 'eligible_count': 6, 'bet_adj': 0, 'reason': 'rel_win1=57.5%（本命度） / 最有力組み合わせ確率: 0.097（推定実オッズ?14倍） / 2着集中度: 上位2艇 76.9%（補正+0.04） / 総合判定確率: 0.137 / → ヒモはやや固め。上位2艇以外を切ること', 'tenji_trigger': '展示確認: 1号艇伸び良→そのまま採用。悪→飛び組に差し替え。circle_pct上位2艇に絞り込むこと。\n展示で1号艇スタート超安定(0.128秒)→ヒモ固まり方向に注意'}",,,29.6,逃げ狙い,24.17,27.3,2,,,,,,,,,,,
2025-07-18,丸亀,12,1,中村日向,A1,32.31,1,◎,58.8664,,0,91.4,0.1454,2.5714,,,0,低,40,0,逃0%,,0,62.1,0.9918,0.7692,,,,,0.1538,0.0769,0,◎,,B,△,,,0.645,,0.6521,S,100,0,◎1着固定 2-3着流し（5〜8点）,0.5777,"{'is_target': True, 'verdict': '参加推奨', 'max_combo_prob': 0.071, 'est_top_odds': 18.8, 'circle_concentration': 66.9, 'eligible_count': 6, 'bet_adj': 2, 'reason': 'rel_win1=58.9%（本命度） / 最有力組み合わせ確率: 0.071（推定実オッズ?19倍） / 2着集中度: 上位2艇 66.9%（補正+0.00） / 総合判定確率: 0.071 / → ヒモ分散。1号艇1着固定で広めのヒモ流し推奨（買い目+2点）', 'tenji_trigger': '展示確認: ヒモ分散レース。1号艇伸び確認後、広めのヒモ流しを採用。穴ヒモ（5・6号艇）を積極的に含める。'}",,,29.9,逃げ狙い,25.61,27.1,2,,,,,0,0,0.7559,0,,逃げ軸流し,A
2025-07-18,丸亀,12,2,武田光史,A1,31.58,2,△,14.8691,37.2,69,76.5,0.1735,3.4412,,,0,低,118,0,差0% ま0%,,0,49.7,1.2367,0,0.2,0.04,0,0,0.1394,0.1511,0.0697,,,C,,,0.0936,0.5965,,0.6521,S,100,0,◎1着固定 2-3着流し（5〜8点）,0.5777,"{'is_target': True, 'verdict': '参加推奨', 'max_combo_prob': 0.071, 'est_top_odds': 18.8, 'circle_concentration': 66.9, 'eligible_count': 6, 'bet_adj': 2, 'reason': 'rel_win1=58.9%（本命度） / 最有力組み合わせ確率: 0.071（推定実オッズ?19倍） / 2着集中度: 上位2艇 66.9%（補正+0.00） / 総合判定確率: 0.071 / → ヒモ分散。1号艇1着固定で広めのヒモ流し推奨（買い目+2点）', 'tenji_trigger': '展示確認: ヒモ分散レース。1号艇伸び確認後、広めのヒモ流しを採用。穴ヒモ（5・6号艇）を積極的に含める。'}",,,29.9,逃げ狙い,25.61,27.1,2,,,,,,,,,,,
2025-07-18,丸亀,12,3,金子和之,A1,27.55,3,,6.2394,29.8,43,63.8,0.1597,3.1638,,,0,低,99,0,ま0%,,0,45,1.0554,0,0,0.0417,0,0,0.0444,0.1778,0,,,D,,,0.2071,0.6185,,0.6521,S,100,0,◎1着固定 2-3着流し（5〜8点）,0.5777,"{'is_target': True, 'verdict': '参加推奨', 'max_combo_prob': 0.071, 'est_top_odds': 18.8, 'circle_concentration': 66.9, 'eligible_count': 6, 'bet_adj': 2, 'reason': 'rel_win1=58.9%（本命度） / 最有力組み合わせ確率: 0.071（推定実オッズ?19倍） / 2着集中度: 上位2艇 66.9%（補正+0.00） / 総合判定確率: 0.071 / → ヒモ分散。1号艇1着固定で広めのヒモ流し推奨（買い目+2点）', 'tenji_trigger': '展示確認: ヒモ分散レース。1号艇伸び確認後、広めのヒモ流しを採用。穴ヒモ（5・6号艇）を積極的に含める。'}",,,29.9,逃げ狙い,25.61,27.1,2,,,,,,,,,,,
2025-07-18,丸亀,12,4,小坂尚哉,A1,31.68,4,○,8.7706,18.2,85,61.5,0.1398,2.7596,,,0,低,81,0,-,,0,30.4,0.906,0,0.0526,0,0,0,0.0488,0.0488,0.0976,,,C,○,○,0.3069,0.657,0.3637,0.6521,S,100,0,◎1着固定 2-3着流し（5〜8点）,0.5777,"{'is_target': True, 'verdict': '参加推奨', 'max_combo_prob': 0.071, 'est_top_odds': 18.8, 'circle_concentration': 66.9, 'eligible_count': 6, 'bet_adj': 2, 'reason': 'rel_win1=58.9%（本命度） / 最有力組み合わせ確率: 0.071（推定実オッズ?19倍） / 2着集中度: 上位2艇 66.9%（補正+0.00） / 総合判定確率: 0.071 / → ヒモ分散。1号艇1着固定で広めのヒモ流し推奨（買い目+2点）', 'tenji_trigger': '展示確認: ヒモ分散レース。1号艇伸び確認後、広めのヒモ流しを採用。穴ヒモ（5・6号艇）を積極的に含める。'}",,,29.9,逃げ狙い,25.61,27.1,2,,,,,,,,,,,
2025-07-18,丸亀,12,5,松山将吾,A1,27.22,5,,7.318,14.4,80,62.7,0.1354,3.0932,,,0,低,66,0,差0% 差ま0%,,0,94.3,1.77,0,0.037,0,0.037,0,0.0138,0.1614,0.189,,,E,◎,◎,0.3154,0.664,0.3987,0.6521,S,100,0,◎1着固定 2-3着流し（5〜8点）,0.5777,"{'is_target': True, 'verdict': '参加推奨', 'max_combo_prob': 0.071, 'est_top_odds': 18.8, 'circle_concentration': 66.9, 'eligible_count': 6, 'bet_adj': 2, 'reason': 'rel_win1=58.9%（本命度） / 最有力組み合わせ確率: 0.071（推定実オッズ?19倍） / 2着集中度: 上位2艇 66.9%（補正+0.00） / 総合判定確率: 0.071 / → ヒモ分散。1号艇1着固定で広めのヒモ流し推奨（買い目+2点）', 'tenji_trigger': '展示確認: ヒモ分散レース。1号艇伸び確認後、広めのヒモ流しを採用。穴ヒモ（5・6号艇）を積極的に含める。'}",,,29.9,逃げ狙い,25.61,27.1,2,,,,,,,,,,,
2025-07-18,丸亀,12,6,竹田辰也,A1,40.00,6,▲,3.9365,0.5,100,34,0.1828,3.9528,,,0,低,94,0,-,,0,33.4,1.165,0,0,0,0.04,0,0.019,0.0476,0.2071,,,B,△,,0.1651,0.6225,,0.6521,S,100,0,◎1着固定 2-3着流し（5〜8点）,0.5777,"{'is_target': True, 'verdict': '参加推奨', 'max_combo_prob': 0.071, 'est_top_odds': 18.8, 'circle_concentration': 66.9, 'eligible_count': 6, 'bet_adj': 2, 'reason': 'rel_win1=58.9%（本命度） / 最有力組み合わせ確率: 0.071（推定実オッズ?19倍） / 2着集中度: 上位2艇 66.9%（補正+0.00） / 総合判定確率: 0.071 / → ヒモ分散。1号艇1着固定で広めのヒモ流し推奨（買い目+2点）', 'tenji_trigger': '展示確認: ヒモ分散レース。1号艇伸び確認後、広めのヒモ流しを採用。穴ヒモ（5・6号艇）を積極的に含める。'}",,,29.9,逃げ狙い,25.61,27.1,2,,,,,,,,,,,
2025-07-19,丸亀,1,1,谷口知優,B1,27.42,1,◎,68.331,,0,80,0.1429,2.5143,,,0,低,83,0,逃1%,35,0,84.2,1.0385,0.5909,,,,,0,0.3481,0.1039,◎,,D,△,,,0.6165,,0.5862,A,75,0,◎-○軸 3着3〜4艇流し（10〜15点）,0.5777,"{'is_target': True, 'verdict': '参加推奨', 'max_combo_prob': 0.0856, 'est_top_odds': 15.6, 'circle_concentration': 67.3, 'eligible_count': 8, 'bet_adj': 2, 'reason': 'rel_win1=68.3%（本命度） / 最有力組み合わせ確率: 0.086（推定実オッズ?16倍） / 2着集中度: 上位2艇 67.3%（補正+0.00） / 総合判定確率: 0.086 / → ヒモ分散。1号艇1着固定で広めのヒモ流し推奨（買い目+2点）', 'tenji_trigger': '展示確認: ヒモ分散レース。1号艇伸び確認後、広めのヒモ流しを採用。穴ヒモ（5・6号艇）を積極的に含める。'}",,,25.4,逃げ狙い,6.7,30.4,2,,,,,0,0,0.7559,0,,逃げ軸流し,A
2025-07-19,丸亀,1,2,小川広大,B1,26.82,2,,7.7614,34.8,58,20,0.1936,4.1071,,,0,低,185,0,-,3,0,68.2,0.5379,,,,,,0.2545,0.0545,0.2909,,,D,△,,0.0775,0.5845,,0.5862,A,75,0,◎-○軸 3着3〜4艇流し（10〜15点）,0.5777,"{'is_target': True, 'verdict': '参加推奨', 'max_combo_prob': 0.0856, 'est_top_odds': 15.6, 'circle_concentration': 67.3, 'eligible_count': 8, 'bet_adj': 2, 'reason': 'rel_win1=68.3%（本命度） / 最有力組み合わせ確率: 0.086（推定実オッズ?16倍） / 2着集中度: 上位2艇 67.3%（補正+0.00） / 総合判定確率: 0.086 / → ヒモ分散。1号艇1着固定で広めのヒモ流し推奨（買い目+2点）', 'tenji_trigger': '展示確認: ヒモ分散レース。1号艇伸び確認後、広めのヒモ流しを採用。穴ヒモ（5・6号艇）を積極的に含める。'}",,,25.4,逃げ狙い,6.7,30.4,2,,,,,,,,,,,
2025-07-19,丸亀,1,3,亀本勇樹,B1,35.75,3,○,7.9183,32.6,76,31.9,0.1594,3.3617,,,0,低,75,0,-,2,0,53.1,1.0412,0,0,0.04,0,0,0.2083,0.05,0.125,,,B,,,0.1983,0.5815,,0.5862,A,75,0,◎-○軸 3着3〜4艇流し（10〜15点）,0.5777,"{'is_target': True, 'verdict': '参加推奨', 'max_combo_prob': 0.0856, 'est_top_odds': 15.6, 'circle_concentration': 67.3, 'eligible_count': 8, 'bet_adj': 2, 'reason': 'rel_win1=68.3%（本命度） / 最有力組み合わせ確率: 0.086（推定実オッズ?16倍） / 2着集中度: 上位2艇 67.3%（補正+0.00） / 総合判定確率: 0.086 / → ヒモ分散。1号艇1着固定で広めのヒモ流し推奨（買い目+2点）', 'tenji_trigger': '展示確認: ヒモ分散レース。1号艇伸び確認後、広めのヒモ流しを採用。穴ヒモ（5・6号艇）を積極的に含める。'}",,,25.4,逃げ狙い,6.7,30.4,2,,,,,,,,,,,
2025-07-19,丸亀,1,4,花本　剛,B1,34.38,4,△,7.7964,18.4,100,41.1,0.1766,3.5268,,,0,低,176,0,-,5,0,75.8,1.2896,0,0,0.0357,0,0,0.2077,0.1615,0.1769,,,B,,,0.154,0.5575,,0.5862,A,75,0,◎-○軸 3着3〜4艇流し（10〜15点）,0.5777,"{'is_target': True, 'verdict': '参加推奨', 'max_combo_prob': 0.0856, 'est_top_odds': 15.6, 'circle_concentration': 67.3, 'eligible_count': 8, 'bet_adj': 2, 'reason': 'rel_win1=68.3%（本命度） / 最有力組み合わせ確率: 0.086（推定実オッズ?16倍） / 2着集中度: 上位2艇 67.3%（補正+0.00） / 総合判定確率: 0.086 / → ヒモ分散。1号艇1着固定で広めのヒモ流し推奨（買い目+2点）', 'tenji_trigger': '展示確認: ヒモ分散レース。1号艇伸び確認後、広めのヒモ流しを採用。穴ヒモ（5・6号艇）を積極的に含める。'}",,,25.4,逃げ狙い,6.7,30.4,2,,,,,,,,,,,
2025-07-19,丸亀,1,5,折下寛法,B1,29.59,5,▲,6.9072,12.7,80,37.2,0.1349,2.6275,,,0,低,60,0,差0% 差ま0%,1,0,27.3,1.1448,0,0.037,0,0.0741,0,0.0522,0.1848,0.0522,,,D,◎,,0.3158,0.6595,,0.5862,A,75,0,◎-○軸 3着3〜4艇流し（10〜15点）,0.5777,"{'is_target': True, 'verdict': '参加推奨', 'max_combo_prob': 0.0856, 'est_top_odds': 15.6, 'circle_concentration': 67.3, 'eligible_count': 8, 'bet_adj': 2, 'reason': 'rel_win1=68.3%（本命度） / 最有力組み合わせ確率: 0.086（推定実オッズ?16倍） / 2着集中度: 上位2艇 67.3%（補正+0.00） / 総合判定確率: 0.086 / → ヒモ分散。1号艇1着固定で広めのヒモ流し推奨（買い目+2点）', 'tenji_trigger': '展示確認: ヒモ分散レース。1号艇伸び確認後、広めのヒモ流しを採用。穴ヒモ（5・6号艇）を積極的に含める。'}",,,25.4,逃げ狙い,6.7,30.4,2,,,,,,,,,,,
2025-07-19,丸亀,1,6,梶原　正,B1,30.53,6,,1.2857,1.6,22,12.5,0.1762,3.65,,,0,低,90,0,-,2,0,31.2,0.6017,,,,,,0.23,0.305,0.139,,,C,○,,0.2069,0.6495,,0.5862,A,75,0,◎-○軸 3着3〜4艇流し（10〜15点）,0.5777,"{'is_target': True, 'verdict': '参加推奨', 'max_combo_prob': 0.0856, 'est_top_odds': 15.6, 'circle_concentration': 67.3, 'eligible_count': 8, 'bet_adj': 2, 'reason': 'rel_win1=68.3%（本命度） / 最有力組み合わせ確率: 0.086（推定実オッズ?16倍） / 2着集中度: 上位2艇 67.3%（補正+0.00） / 総合判定確率: 0.086 / → ヒモ分散。1号艇1着固定で広めのヒモ流し推奨（買い目+2点）', 'tenji_trigger': '展示確認: ヒモ分散レース。1号艇伸び確認後、広めのヒモ流しを採用。穴ヒモ（5・6号艇）を積極的に含める。'}",,,25.4,逃げ狙い,6.7,30.4,2,,,,,,,,,,,
2025-07-19,丸亀,2,1,加藤雅之,B1,30.96,1,○,42.6246,,0,51.3,0.2087,4.2436,,,0,低,169,0,逃0%,66,0,32.9,0.6943,0.1176,,,,,0.3529,0.2353,0.1765,,,D,,,,0.5715,,0.122,C,42,0,荒れ傾向。高配当狙いか見送り,0.5777,"{'is_target': False, 'verdict': '対象外', 'max_combo_prob': None, 'est_top_odds': None, 'circle_concentration': None, 'eligible_count': 0, 'bet_adj': 0, 'reason': '1号艇rel_win1 < 45%: 通常判定に委ねる', 'tenji_trigger': ''}",,,37.1,両建て推奨,13.8,43.4,4,2-1-4|2-1-3|2-1-5|2-3-1|2-6-1|2-3-4|2-6-4|1-2-4|1-2-6|1-4-2|1-4-6,2-1-4|2-1-3|2-1-5|2-3-1|2-6-1|2-3-4|2-6-4|1-2-4|1-2-6|6-1-4|1-4-2|1-4-6,2-1-4:2.94%|2-1-3:1.75%|2-1-5:1.32%|2-3-1:0.56%|2-6-1:0.49%|2-3-4:0.38%|2-6-4:0.33%|1-2-4:5.62%|1-2-6:5.37%|1-4-2:4.19%|1-4-6:4.04%,2-1-4:B_main|2-1-3:B_main|2-1-5:B_main|2-3-1:B_main|2-6-1:B_main|2-3-4:B_main|2-6-4:B_main|1-2-4:A|1-2-6:A|1-4-2:A|1-4-6:A,11,12,0.2915,1,[!]見送り推奨（主役決まり手「差し」― 逃げ劣勢レースで的中実績なし）,主役軸流し,B
2025-07-19,丸亀,2,2,山口隆史,B1,32.50,2,△,11.0556,42.3,87,41.2,0.1734,3.8382,,,0,低,153,0,-,3,0,77,1.2505,0,0.0294,0,0,0,0.1467,0.1067,0.2,,◎,C,△,,0.6077,0.603,,0.122,C,42,0,荒れ傾向。高配当狙いか見送り,0.5777,"{'is_target': False, 'verdict': '対象外', 'max_combo_prob': None, 'est_top_odds': None, 'circle_concentration': None, 'eligible_count': 0, 'bet_adj': 0, 'reason': '1号艇rel_win1 < 45%: 通常判定に委ねる', 'tenji_trigger': ''}",,,37.1,両建て推奨,13.8,43.4,4,,,,,,,,,,,
2025-07-19,丸亀,2,3,東口　晃,B1,32.83,3,▲,16.6406,10,60,28.6,0.188,3.9107,,,0,低,156,0,ま0%,3,0,24.4,0.8867,0,0,0.1429,0,0,0.4333,0.2567,0.0533,,,B,,,0.4582,0.529,,0.122,C,42,0,荒れ傾向。高配当狙いか見送り,0.5777,"{'is_target': False, 'verdict': '対象外', 'max_combo_prob': None, 'est_top_odds': None, 'circle_concentration': None, 'eligible_count': 0, 'bet_adj': 0, 'reason': '1号艇rel_win1 < 45%: 通常判定に委ねる', 'tenji_trigger': ''}",,,37.1,両建て推奨,13.8,43.4,4,,,,,,,,,,,
2025-07-19,丸亀,2,4,金子和之,A1,27.55,4,,19.1452,32.7,75,57.4,0.1687,3.4853,,,0,低,99,0,抜0%,35,0,71.4,1.1291,0,0.0357,0.0714,0,0.0357,0.0444,0.1778,0,,△,E,△,◎,0.4822,0.6185,0.1977,0.122,C,42,0,荒れ傾向。高配当狙いか見送り,0.5777,"{'is_target': False, 'verdict': '対象外', 'max_combo_prob': None, 'est_top_odds': None, 'circle_concentration': None, 'eligible_count': 0, 'bet_adj': 0, 'reason': '1号艇rel_win1 < 45%: 通常判定に委ねる', 'tenji_trigger': ''}",,,37.1,両建て推奨,13.8,43.4,4,,,,,,,,,,,
2025-07-19,丸亀,2,5,峰重力也,B1,40.00,5,◎,9.0468,6.7,36,25.9,0.1144,2.7407,,,0,低,41,0,-,3,0,64.3,1.0445,,,,,,0.0211,0.1699,0.1699,,○,B,◎,,0.5226,0.677,,0.122,C,42,0,荒れ傾向。高配当狙いか見送り,0.5777,"{'is_target': False, 'verdict': '対象外', 'max_combo_prob': None, 'est_top_odds': None, 'circle_concentration': None, 'eligible_count': 0, 'bet_adj': 0, 'reason': '1号艇rel_win1 < 45%: 通常判定に委ねる', 'tenji_trigger': ''}",,,37.1,両建て推奨,13.8,43.4,4,,,,,,,,,,,
2025-07-19,丸亀,2,6,松下直也,A2,31.31,6,,1.4872,8.3,100,33.3,0.1721,3.9603,,,0,低,177,0,-,12,0,78.4,1.2675,,,,,,0.0286,0.3714,0.2381,,,D,○,,0.4617,0.621,,0.122,C,42,0,荒れ傾向。高配当狙いか見送り,0.5777,"{'is_target': False, 'verdict': '対象外', 'max_combo_prob': None, 'est_top_odds': None, 'circle_concentration': None, 'eligible_count': 0, 'bet_adj': 0, 'reason': '1号艇rel_win1 < 45%: 通常判定に委ねる', 'tenji_trigger': ''}",,,37.1,両建て推奨,13.8,43.4,4,,,,,,,,,,,
2025-07-19,丸亀,3,1,香月大介,B1,49.47,1,◎,50.4212,,0,75.8,0.1485,2.7879,,,0,低,79,0,逃0%,14,0,70.7,0.9772,0.3636,,,,,0.2655,0.1927,0.1564,◎,,A,○,,,0.601,,0.4958,A,61,0,◎-○軸 3着3〜4艇流し（10〜15点）,0.5777,"{'is_target': True, 'verdict': '参加推奨', 'max_combo_prob': 0.061, 'est_top_odds': 21.9, 'circle_concentration': 64.1, 'eligible_count': 8, 'bet_adj': 2, 'reason': 'rel_win1=50.4%（本命度） / 最有力組み合わせ確率: 0.061（推定実オッズ?22倍） / 2着集中度: 上位2艇 64.1%（補正+0.00） / 総合判定確率: 0.061 / → ヒモ分散。1号艇1着固定で広めのヒモ流し推奨（買い目+2点）', 'tenji_trigger': '展示確認: ヒモ分散レース。1号艇伸び確認後、広めのヒモ流しを採用。穴ヒモ（5・6号艇）を積極的に含める。'}",,,28.9,両建て推奨,12.21,35.7,2,,,,,0,0,0.7559,0,,逃げ軸流し,A
2025-07-19,丸亀,3,2,浜崎準也,B1,36.02,2,○,24.3114,38,93,60.9,0.1589,3.2717,,,0,低,122,0,差0%,54,0,57.2,1.1293,0,0.1818,0,0,0,0.3,0.3,0,,,B,△,,0.2385,0.5915,,0.4958,A,61,0,◎-○軸 3着3〜4艇流し（10〜15点）,0.5777,"{'is_target': True, 'verdict': '参加推奨', 'max_combo_prob': 0.061, 'est_top_odds': 21.9, 'circle_concentration': 64.1, 'eligible_count': 8, 'bet_adj': 2, 'reason': 'rel_win1=50.4%（本命度） / 最有力組み合わせ確率: 0.061（推定実オッズ?22倍） / 2着集中度: 上位2艇 64.1%（補正+0.00） / 総合判定確率: 0.061 / → ヒモ分散。1号艇1着固定で広めのヒモ流し推奨（買い目+2点）', 'tenji_trigger': '展示確認: ヒモ分散レース。1号艇伸び確認後、広めのヒモ流しを採用。穴ヒモ（5・6号艇）を積極的に含める。'}",,,28.9,両建て推奨,12.21,35.7,2,,,,,,,,,,,
2025-07-19,丸亀,3,3,大塚浩二,B1,32.83,3,▲,8.0322,25.9,71,36.5,0.1759,3.381,,,0,低,138,0,ま0%,5,0,82.5,0.721,0,0,0.04,0,0,0.1333,0.2,0.3333,,,C,,,0.1413,0.5665,,0.4958,A,61,0,◎-○軸 3着3〜4艇流し（10〜15点）,0.5777,"{'is_target': True, 'verdict': '参加推奨', 'max_combo_prob': 0.061, 'est_top_odds': 21.9, 'circle_concentration': 64.1, 'eligible_count': 8, 'bet_adj': 2, 'reason': 'rel_win1=50.4%（本命度） / 最有力組み合わせ確率: 0.061（推定実オッズ?22倍） / 2着集中度: 上位2艇 64.1%（補正+0.00） / 総合判定確率: 0.061 / → ヒモ分散。1号艇1着固定で広めのヒモ流し推奨（買い目+2点）', 'tenji_trigger': '展示確認: ヒモ分散レース。1号艇伸び確認後、広めのヒモ流しを採用。穴ヒモ（5・6号艇）を積極的に含める。'}",,,28.9,両建て推奨,12.21,35.7,2,,,,,,,,,,,
2025-07-19,丸亀,3,4,天野　誠,B1,34.34,4,△,6.5586,6.5,75,15.6,0.1902,4.2889,,,0,低,126,0,ま0%,6,0,19.4,0.5953,0,0,0.0556,0,0,0.2667,0.0667,0.6,,,C,,,0.1293,0.582,,0.4958,A,61,0,◎-○軸 3着3〜4艇流し（10〜15点）,0.5777,"{'is_target': True, 'verdict': '参加推奨', 'max_combo_prob': 0.061, 'est_top_odds': 21.9, 'circle_concentration': 64.1, 'eligible_count': 8, 'bet_adj': 2, 'reason': 'rel_win1=50.4%（本命度） / 最有力組み合わせ確率: 0.061（推定実オッズ?22倍） / 2着集中度: 上位2艇 64.1%（補正+0.00） / 総合判定確率: 0.061 / → ヒモ分散。1号艇1着固定で広めのヒモ流し推奨（買い目+2点）', 'tenji_trigger': '展示確認: ヒモ分散レース。1号艇伸び確認後、広めのヒモ流しを採用。穴ヒモ（5・6号艇）を積極的に含める。'}",,,28.9,両建て推奨,12.21,35.7,2,,,,,,,,,,,
2025-07-19,丸亀,3,5,武田光史,A1,31.58,5,,8.8051,26.1,100,58.6,0.191,3.8621,,,0,低,118,0,差ま0% 抜0%,21,0,90.1,1.6655,0,0,0,0.0667,0.0667,0.1394,0.1511,0.0697,,,D,△,,0.1542,0.5965,,0.4958,A,61,0,◎-○軸 3着3〜4艇流し（10〜15点）,0.5777,"{'is_target': True, 'verdict': '参加推奨', 'max_combo_prob': 0.061, 'est_top_odds': 21.9, 'circle_concentration': 64.1, 'eligible_count': 8, 'bet_adj': 2, 'reason': 'rel_win1=50.4%（本命度） / 最有力組み合わせ確率: 0.061（推定実オッズ?22倍） / 2着集中度: 上位2艇 64.1%（補正+0.00） / 総合判定確率: 0.061 / → ヒモ分散。1号艇1着固定で広めのヒモ流し推奨（買い目+2点）', 'tenji_trigger': '展示確認: ヒモ分散レース。1号艇伸び確認後、広めのヒモ流しを採用。穴ヒモ（5・6号艇）を積極的に含める。'}",,,28.9,両建て推奨,12.21,35.7,2,,,,,,,,,,,
2025-07-19,丸亀,3,6,高濱芳久,A2,27.37,6,,1.8715,3.5,68,42.9,0.1843,2.8571,,,0,低,114,1,-,41,0,28.7,1.6092,,,,,,0.0485,0.1485,0.1485,,,E,◎,,0.199,0.6335,,0.4958,A,61,0,◎-○軸 3着3〜4艇流し（10〜15点）,0.5777,"{'is_target': True, 'verdict': '参加推奨', 'max_combo_prob': 0.061, 'est_top_odds': 21.9, 'circle_concentration': 64.1, 'eligible_count': 8, 'bet_adj': 2, 'reason': 'rel_win1=50.4%（本命度） / 最有力組み合わせ確率: 0.061（推定実オッズ?22倍） / 2着集中度: 上位2艇 64.1%（補正+0.00） / 総合判定確率: 0.061 / → ヒモ分散。1号艇1着固定で広めのヒモ流し推奨（買い目+2点）', 'tenji_trigger': '展示確認: ヒモ分散レース。1号艇伸び確認後、広めのヒモ流しを採用。穴ヒモ（5・6号艇）を積極的に含める。'}",,,28.9,両建て推奨,12.21,35.7,2,,,,,,,,,,,
2025-07-19,丸亀,4,1,寺嶋　雄,B1,35.05,1,◎,57.1137,,0,76.4,0.158,3.4727,,,0,低,115,0,逃0%,64,0,80.2,1.0094,0.3462,,,,,0.2769,0.4231,0.0308,○,,C,△,,,0.6255,,0.3925,A,75,0,◎-○軸 3着3〜4艇流し（10〜15点）,0.5777,"{'is_target': True, 'verdict': '点数絞り', 'max_combo_prob': 0.1122, 'est_top_odds': 11.9, 'circle_concentration': 76.0, 'eligible_count': 8, 'bet_adj': 0, 'reason': 'rel_win1=57.1%（本命度） / 最有力組み合わせ確率: 0.112（推定実オッズ?12倍） / 2着集中度: 上位2艇 76.0%（補正+0.04） / 総合判定確率: 0.152 / → ヒモはやや固め。上位2艇以外を切ること', 'tenji_trigger': '展示確認: 1号艇伸び良→そのまま採用。悪→飛び組に差し替え。circle_pct上位2艇に絞り込むこと。'}",,,30.7,逃げ狙い,12.11,40.8,3,,,,,0,0,0.6155,0,,逃げ軸流し,A
2025-07-19,丸亀,4,2,畑　和宏,B1,38.42,2,○,13.7646,56.4,82,62.3,0.1475,3.1721,,,0,低,117,0,差0% ま0%,66,0,56,1.0264,0,0.0357,0.0357,0,0,0.019,0.2971,0.3924,,◎,B,,,0.4534,0.597,,0.3925,A,75,0,◎-○軸 3着3〜4艇流し（10〜15点）,0.5777,"{'is_target': True, 'verdict': '点数絞り', 'max_combo_prob': 0.1122, 'est_top_odds': 11.9, 'circle_concentration': 76.0, 'eligible_count': 8, 'bet_adj': 0, 'reason': 'rel_win1=57.1%（本命度） / 最有力組み合わせ確率: 0.112（推定実オッズ?12倍） / 2着集中度: 上位2艇 76.0%（補正+0.04） / 総合判定確率: 0.152 / → ヒモはやや固め。上位2艇以外を切ること', 'tenji_trigger': '展示確認: 1号艇伸び良→そのまま採用。悪→飛び組に差し替え。circle_pct上位2艇に絞り込むこと。'}",,,30.7,逃げ狙い,12.11,40.8,3,,,,,,,,,,,
2025-07-19,丸亀,4,3,山崎聖司,B1,44.10,3,▲,9.5956,19.6,73,35.7,0.1507,3.1143,,,0,低,152,0,-,1,0,84,0.7713,,,,,,0.3771,0.1924,0.0667,,○,A,△,,0.4046,0.5985,,0.3925,A,75,0,◎-○軸 3着3〜4艇流し（10〜15点）,0.5777,"{'is_target': True, 'verdict': '点数絞り', 'max_combo_prob': 0.1122, 'est_top_odds': 11.9, 'circle_concentration': 76.0, 'eligible_count': 8, 'bet_adj': 0, 'reason': 'rel_win1=57.1%（本命度） / 最有力組み合わせ確率: 0.112（推定実オッズ?12倍） / 2着集中度: 上位2艇 76.0%（補正+0.04） / 総合判定確率: 0.152 / → ヒモはやや固め。上位2艇以外を切ること', 'tenji_trigger': '展示確認: 1号艇伸び良→そのまま採用。悪→飛び組に差し替え。circle_pct上位2艇に絞り込むこと。'}",,,30.7,逃げ狙い,12.11,40.8,3,,,,,,,,,,,
2025-07-19,丸亀,4,4,山本浩次,B1,27.18,4,,8.9364,7.4,55,28.9,0.1656,3.1,,,0,低,84,0,ま0% 差ま0%,5,0,47.2,0.8732,0,0,0.0476,0.0476,0,0.23,0.2033,0,,,E,,,0.322,0.5845,,0.3925,A,75,0,◎-○軸 3着3〜4艇流し（10〜15点）,0.5777,"{'is_target': True, 'verdict': '点数絞り', 'max_combo_prob': 0.1122, 'est_top_odds': 11.9, 'circle_concentration': 76.0, 'eligible_count': 8, 'bet_adj': 0, 'reason': 'rel_win1=57.1%（本命度） / 最有力組み合わせ確率: 0.112（推定実オッズ?12倍） / 2着集中度: 上位2艇 76.0%（補正+0.04） / 総合判定確率: 0.152 / → ヒモはやや固め。上位2艇以外を切ること', 'tenji_trigger': '展示確認: 1号艇伸び良→そのまま採用。悪→飛び組に差し替え。circle_pct上位2艇に絞り込むこと。'}",,,30.7,逃げ狙い,12.11,40.8,3,,,,,,,,,,,
2025-07-19,丸亀,4,5,河野真也,A2,35.71,5,△,6.7567,14.6,59,39.3,0.19,3.9911,,,0,低,156,0,差ま0%,3,0,26.6,0.4712,0,0,0,0.04,0,0.0645,0.0258,0.1774,,,C,○,,0.2444,0.6315,,0.3925,A,75,0,◎-○軸 3着3〜4艇流し（10〜15点）,0.5777,"{'is_target': True, 'verdict': '点数絞り', 'max_combo_prob': 0.1122, 'est_top_odds': 11.9, 'circle_concentration': 76.0, 'eligible_count': 8, 'bet_adj': 0, 'reason': 'rel_win1=57.1%（本命度） / 最有力組み合わせ確率: 0.112（推定実オッズ?12倍） / 2着集中度: 上位2艇 76.0%（補正+0.04） / 総合判定確率: 0.152 / → ヒモはやや固め。上位2艇以外を切ること', 'tenji_trigger': '展示確認: 1号艇伸び良→そのまま採用。悪→飛び組に差し替え。circle_pct上位2艇に絞り込むこと。'}",,,30.7,逃げ狙い,12.11,40.8,3,,,,,,,,,,,
2025-07-19,丸亀,4,6,松山将吾,A1,27.22,6,,3.8331,2,100,36.5,0.1719,4.5769,,,0,低,66,0,抜0%,12,0,33.6,1.4933,0,0,0,0,0.0909,0.0138,0.1614,0.189,,,D,◎,,0.333,0.664,,0.3925,A,75,0,◎-○軸 3着3〜4艇流し（10〜15点）,0.5777,"{'is_target': True, 'verdict': '点数絞り', 'max_combo_prob': 0.1122, 'est_top_odds': 11.9, 'circle_concentration': 76.0, 'eligible_count': 8, 'bet_adj': 0, 'reason': 'rel_win1=57.1%（本命度） / 最有力組み合わせ確率: 0.112（推定実オッズ?12倍） / 2着集中度: 上位2艇 76.0%（補正+0.04） / 総合判定確率: 0.152 / → ヒモはやや固め。上位2艇以外を切ること', 'tenji_trigger': '展示確認: 1号艇伸び良→そのまま採用。悪→飛び組に差し替え。circle_pct上位2艇に絞り込むこと。'}",,,30.7,逃げ狙い,12.11,40.8,3,,,,,,,,,,,
2025-07-19,丸亀,5,1,宮地秀祈,B1,38.61,1,◎,47.1064,,0,67.4,0.1635,3.1977,,,0,低,145,0,-,4,0,42.6,0.7435,0.2,,,,,0.2914,0.2714,0.06,○,,B,,,,0.6005,,0.3435,B,55,0,◎○△フォーメーション（15〜20点）,0.5777,"{'is_target': True, 'verdict': '点数絞り', 'max_combo_prob': 0.0801, 'est_top_odds': 16.6, 'circle_concentration': 71.8, 'eligible_count': 9, 'bet_adj': 0, 'reason': 'rel_win1=47.1%（本命度） / 最有力組み合わせ確率: 0.080（推定実オッズ?17倍） / 2着集中度: 上位2艇 71.8%（補正+0.04） / 総合判定確率: 0.120 / → ヒモはやや固め。上位2艇以外を切ること', 'tenji_trigger': '展示確認: 1号艇伸び良→そのまま採用。悪→飛び組に差し替え。circle_pct上位2艇に絞り込むこと。'}",,,30.2,両建て推奨,13.38,38.3,2,,,,,0,0,0.6155,0,,主役軸流し,B
2025-07-19,丸亀,5,2,柴田大輔,B2,31.44,2,▲,19.4124,48.7,96,70.2,0.1777,4.0175,,,0,低,176,0,-,4,0,21.8,0.7078,0,0.1562,0.0312,0,0.0625,0.2769,0.2923,0.2769,,,D,,,0.2352,0.4955,,0.3435,B,55,0,◎○△フォーメーション（15〜20点）,0.5777,"{'is_target': True, 'verdict': '点数絞り', 'max_combo_prob': 0.0801, 'est_top_odds': 16.6, 'circle_concentration': 71.8, 'eligible_count': 9, 'bet_adj': 0, 'reason': 'rel_win1=47.1%（本命度） / 最有力組み合わせ確率: 0.080（推定実オッズ?17倍） / 2着集中度: 上位2艇 71.8%（補正+0.04） / 総合判定確率: 0.120 / → ヒモはやや固め。上位2艇以外を切ること', 'tenji_trigger': '展示確認: 1号艇伸び良→そのまま採用。悪→飛び組に差し替え。circle_pct上位2艇に絞り込むこと。'}",,,30.2,両建て推奨,13.38,38.3,2,,,,,,,,,,,
2025-07-19,丸亀,5,3,関口智久,A2,39.30,3,○,13.5243,23.2,65,44.8,0.1464,2.8448,,,0,低,75,0,ま0% 差ま0%,12,0,39.6,0.9948,0,0,0.037,0.037,0,0.0833,0.2,0.05,,◎,B,△,,0.4097,0.6495,,0.3435,B,55,0,◎○△フォーメーション（15〜20点）,0.5777,"{'is_target': True, 'verdict': '点数絞り', 'max_combo_prob': 0.0801, 'est_top_odds': 16.6, 'circle_concentration': 71.8, 'eligible_count': 9, 'bet_adj': 0, 'reason': 'rel_win1=47.1%（本命度） / 最有力組み合わせ確率: 0.080（推定実オッズ?17倍） / 2着集中度: 上位2艇 71.8%（補正+0.04） / 総合判定確率: 0.120 / → ヒモはやや固め。上位2艇以外を切ること', 'tenji_trigger': '展示確認: 1号艇伸び良→そのまま採用。悪→飛び組に差し替え。circle_pct上位2艇に絞り込むこと。'}",,,30.2,両建て推奨,13.38,38.3,2,,,,,,,,,,,
2025-07-19,丸亀,5,4,高橋直哉,B1,38.50,4,△,13.9075,10.7,100,49.1,0.1941,4.1356,,,0,低,172,0,差0% ま0%,12,0,57.7,0.9966,0,0.0385,0.0385,0.0769,0,0.05,0.2833,0.05,,,C,△,◎,0.2166,0.606,0.1585,0.3435,B,55,0,◎○△フォーメーション（15〜20点）,0.5777,"{'is_target': True, 'verdict': '点数絞り', 'max_combo_prob': 0.0801, 'est_top_odds': 16.6, 'circle_concentration': 71.8, 'eligible_count': 9, 'bet_adj': 0, 'reason': 'rel_win1=47.1%（本命度） / 最有力組み合わせ確率: 0.080（推定実オッズ?17倍） / 2着集中度: 上位2艇 71.8%（補正+0.04） / 総合判定確率: 0.120 / → ヒモはやや固め。上位2艇以外を切ること', 'tenji_trigger': '展示確認: 1号艇伸び良→そのまま採用。悪→飛び組に差し替え。circle_pct上位2艇に絞り込むこと。'}",,,30.2,両建て推奨,13.38,38.3,2,,,,,,,,,,,
2025-07-19,丸亀,5,5,宮武英司,B1,28.43,5,,4.8227,11.6,46,29.1,0.1531,3.2545,,,0,低,89,0,差ま0%,25,0,39.5,1.1752,0,0,0,0.0476,0,0.4889,0.0222,0.0222,,,E,○,,0.358,0.658,,0.3435,B,55,0,◎○△フォーメーション（15〜20点）,0.5777,"{'is_target': True, 'verdict': '点数絞り', 'max_combo_prob': 0.0801, 'est_top_odds': 16.6, 'circle_concentration': 71.8, 'eligible_count': 9, 'bet_adj': 0, 'reason': 'rel_win1=47.1%（本命度） / 最有力組み合わせ確率: 0.080（推定実オッズ?17倍） / 2着集中度: 上位2艇 71.8%（補正+0.04） / 総合判定確率: 0.120 / → ヒモはやや固め。上位2艇以外を切ること', 'tenji_trigger': '展示確認: 1号艇伸び良→そのまま採用。悪→飛び組に差し替え。circle_pct上位2艇に絞り込むこと。'}",,,30.2,両建て推奨,13.38,38.3,2,,,,,,,,,,,
2025-07-19,丸亀,5,6,中辻博訓,A1,30.89,6,,1.2266,5.9,75,40.9,0.1466,3.0795,,,0,低,53,0,-,41,0,95.7,1.97,,,,,,0.1205,0.0174,0.1981,,○,D,◎,,0.408,0.6875,,0.3435,B,55,0,◎○△フォーメーション（15〜20点）,0.5777,"{'is_target': True, 'verdict': '点数絞り', 'max_combo_prob': 0.0801, 'est_top_odds': 16.6, 'circle_concentration': 71.8, 'eligible_count': 9, 'bet_adj': 0, 'reason': 'rel_win1=47.1%（本命度） / 最有力組み合わせ確率: 0.080（推定実オッズ?17倍） / 2着集中度: 上位2艇 71.8%（補正+0.04） / 総合判定確率: 0.120 / → ヒモはやや固め。上位2艇以外を切ること', 'tenji_trigger': '展示確認: 1号艇伸び良→そのまま採用。悪→飛び組に差し替え。circle_pct上位2艇に絞り込むこと。'}",,,30.2,両建て推奨,13.38,38.3,2,,,,,,,,,,,
2025-07-19,丸亀,6,1,山下昂大,A2,30.61,1,◎,57.6339,,0,90.6,0.1477,2.9717,,,0,低,104,0,逃1%,45,0,89,1.1579,0.6,,,,,0.1624,0.1079,0.0812,◎,,D,○,,,0.644,,0.5342,S,90,0,◎1着固定 2-3着流し（5〜8点）,0.5777,"{'is_target': True, 'verdict': '参加推奨', 'max_combo_prob': 0.0701, 'est_top_odds': 19.0, 'circle_concentration': 61.4, 'eligible_count': 6, 'bet_adj': 2, 'reason': 'rel_win1=57.6%（本命度） / 最有力組み合わせ確率: 0.070（推定実オッズ?19倍） / 2着集中度: 上位2艇 61.4%（補正+0.00） / 総合判定確率: 0.070 / → ヒモ分散。1号艇1着固定で広めのヒモ流し推奨（買い目+2点）', 'tenji_trigger': '展示確認: ヒモ分散レース。1号艇伸び確認後、広めのヒモ流しを採用。穴ヒモ（5・6号艇）を積極的に含める。'}",,,27.7,逃げ狙い,15.23,29.7,2,,,,,0,0,0.7559,0,,逃げ軸流し,A
2025-07-19,丸亀,6,2,寳田亮治,B1,33.33,2,▲,11.5048,30.9,98,45,0.1792,4.2375,,,0,低,118,0,-,56,0,44.5,0.7466,,,,,,0.3056,0.0444,0.0444,,,B,,,0.1019,0.5335,,0.5342,S,90,0,◎1着固定 2-3着流し（5〜8点）,0.5777,"{'is_target': True, 'verdict': '参加推奨', 'max_combo_prob': 0.0701, 'est_top_odds': 19.0, 'circle_concentration': 61.4, 'eligible_count': 6, 'bet_adj': 2, 'reason': 'rel_win1=57.6%（本命度） / 最有力組み合わせ確率: 0.070（推定実オッズ?19倍） / 2着集中度: 上位2艇 61.4%（補正+0.00） / 総合判定確率: 0.070 / → ヒモ分散。1号艇1着固定で広めのヒモ流し推奨（買い目+2点）', 'tenji_trigger': '展示確認: ヒモ分散レース。1号艇伸び確認後、広めのヒモ流しを採用。穴ヒモ（5・6号艇）を積極的に含める。'}",,,27.7,逃げ狙い,15.23,29.7,2,,,,,,,,,,,
2025-07-19,丸亀,6,3,中岡健人,B2,30.89,3,△,11.8088,30.5,52,41.2,0.1435,2.8137,,,0,低,104,0,-,26,0,50.5,1.1185,0,0,0.0667,0,0,0.28,0.164,0.196,,,C,△,,0.3285,0.635,,0.5342,S,90,0,◎1着固定 2-3着流し（5〜8点）,0.5777,"{'is_target': True, 'verdict': '参加推奨', 'max_combo_prob': 0.0701, 'est_top_odds': 19.0, 'circle_concentration': 61.4, 'eligible_count': 6, 'bet_adj': 2, 'reason': 'rel_win1=57.6%（本命度） / 最有力組み合わせ確率: 0.070（推定実オッズ?19倍） / 2着集中度: 上位2艇 61.4%（補正+0.00） / 総合判定確率: 0.070 / → ヒモ分散。1号艇1着固定で広めのヒモ流し推奨（買い目+2点）', 'tenji_trigger': '展示確認: ヒモ分散レース。1号艇伸び確認後、広めのヒモ流しを採用。穴ヒモ（5・6号艇）を積極的に含める。'}",,,27.7,逃げ狙い,15.23,29.7,2,,,,,,,,,,,
2025-07-19,丸亀,6,4,竹田辰也,A1,40.00,4,○,11.7319,29.1,100,60.8,0.1688,3.4608,,,0,低,94,0,-,66,0,41.7,0.873,0,0.0455,0.0909,0,0,0.019,0.0476,0.2071,,,B,△,◎,0.2339,0.6225,0.3851,0.5342,S,90,0,◎1着固定 2-3着流し（5〜8点）,0.5777,"{'is_target': True, 'verdict': '参加推奨', 'max_combo_prob': 0.0701, 'est_top_odds': 19.0, 'circle_concentration': 61.4, 'eligible_count': 6, 'bet_adj': 2, 'reason': 'rel_win1=57.6%（本命度） / 最有力組み合わせ確率: 0.070（推定実オッズ?19倍） / 2着集中度: 上位2艇 61.4%（補正+0.00） / 総合判定確率: 0.070 / → ヒモ分散。1号艇1着固定で広めのヒモ流し推奨（買い目+2点）', 'tenji_trigger': '展示確認: ヒモ分散レース。1号艇伸び確認後、広めのヒモ流しを採用。穴ヒモ（5・6号艇）を積極的に含める。'}",,,27.7,逃げ狙い,15.23,29.7,2,,,,,,,,,,,
2025-07-19,丸亀,6,5,牧原　崇,A2,29.90,5,,6.1829,9.1,85,32.8,0.1875,4.1311,,,0,低,174,0,-,11,0,25.4,0.92,0,0,0,0.0385,0.0385,0.0258,0.2016,0.2274,,,D,◎,,0.1708,0.6775,,0.5342,S,90,0,◎1着固定 2-3着流し（5〜8点）,0.5777,"{'is_target': True, 'verdict': '参加推奨', 'max_combo_prob': 0.0701, 'est_top_odds': 19.0, 'circle_concentration': 61.4, 'eligible_count': 6, 'bet_adj': 2, 'reason': 'rel_win1=57.6%（本命度） / 最有力組み合わせ確率: 0.070（推定実オッズ?19倍） / 2着集中度: 上位2艇 61.4%（補正+0.00） / 総合判定確率: 0.070 / → ヒモ分散。1号艇1着固定で広めのヒモ流し推奨（買い目+2点）', 'tenji_trigger': '展示確認: ヒモ分散レース。1号艇伸び確認後、広めのヒモ流しを採用。穴ヒモ（5・6号艇）を積極的に含める。'}",,,27.7,逃げ狙い,15.23,29.7,2,,,,,,,,,,,
2025-07-19,丸亀,6,6,山本凱立,B2,33.16,6,,1.1378,0.4,17,0,0.2046,4.37,,,0,低,56,0,-,6,0,22.7,0.635,,,,,,,,,,,C,,,0.155,0.4725,,0.5342,S,90,0,◎1着固定 2-3着流し（5〜8点）,0.5777,"{'is_target': True, 'verdict': '参加推奨', 'max_combo_prob': 0.0701, 'est_top_odds': 19.0, 'circle_concentration': 61.4, 'eligible_count': 6, 'bet_adj': 2, 'reason': 'rel_win1=57.6%（本命度） / 最有力組み合わせ確率: 0.070（推定実オッズ?19倍） / 2着集中度: 上位2艇 61.4%（補正+0.00） / 総合判定確率: 0.070 / → ヒモ分散。1号艇1着固定で広めのヒモ流し推奨（買い目+2点）', 'tenji_trigger': '展示確認: ヒモ分散レース。1号艇伸び確認後、広めのヒモ流しを採用。穴ヒモ（5・6号艇）を積極的に含める。'}",,,27.7,逃げ狙い,15.23,29.7,2,,,,,,,,,,,
2025-07-19,丸亀,7,1,吉村正明,B2,31.96,1,◎,60.5724,,0,93.2,0.1308,2.1525,,,0,低,52,0,-,56,0,81.5,1.0131,0.84,,,,,0.08,0,0.04,◎,,C,◎,,,0.6725,,0.7179,S,95,0,◎1着固定 2-3着流し（5〜8点）,0.5777,"{'is_target': True, 'verdict': '点数絞り', 'max_combo_prob': 0.0996, 'est_top_odds': 13.4, 'circle_concentration': 74.7, 'eligible_count': 6, 'bet_adj': 0, 'reason': 'rel_win1=60.6%（本命度） / 最有力組み合わせ確率: 0.100（推定実オッズ?13倍） / 2着集中度: 上位2艇 74.7%（補正+0.04） / 総合判定確率: 0.140 / → ヒモはやや固め。上位2艇以外を切ること', 'tenji_trigger': '展示確認: 1号艇伸び良→そのまま採用。悪→飛び組に差し替え。circle_pct上位2艇に絞り込むこと。\n展示で1号艇スタート超安定(0.131秒)→ヒモ固まり方向に注意'}",,,25.6,逃げ狙い,14.41,24.3,2,,,,,0,0,0.7559,0,,逃げ軸流し,A
2025-07-19,丸亀,7,2,小坂尚哉,A1,31.68,2,▲,13.4785,54.4,100,85.5,0.1493,2.7364,,,0,低,81,0,差0% ま0%,24,0,63,1.1888,0,0.0833,0.125,0,0,0.0488,0.0488,0.0976,,,C,○,,0.1388,0.657,,0.7179,S,95,0,◎1着固定 2-3着流し（5〜8点）,0.5777,"{'is_target': True, 'verdict': '点数絞り', 'max_combo_prob': 0.0996, 'est_top_odds': 13.4, 'circle_concentration': 74.7, 'eligible_count': 6, 'bet_adj': 0, 'reason': 'rel_win1=60.6%（本命度） / 最有力組み合わせ確率: 0.100（推定実オッズ?13倍） / 2着集中度: 上位2艇 74.7%（補正+0.04） / 総合判定確率: 0.140 / → ヒモはやや固め。上位2艇以外を切ること', 'tenji_trigger': '展示確認: 1号艇伸び良→そのまま採用。悪→飛び組に差し替え。circle_pct上位2艇に絞り込むこと。\n展示で1号艇スタート超安定(0.131秒)→ヒモ固まり方向に注意'}",,,25.6,逃げ狙い,14.41,24.3,2,,,,,,,,,,,
2025-07-19,丸亀,7,3,梶原　正,B1,30.53,3,,9.6648,20.3,91,51.5,0.1568,3.6212,,,0,低,90,0,抜0%,2,0,83.8,1.529,0,0,0.0667,0.0333,0.0333,0.23,0.305,0.139,,,D,△,,0.1594,0.6495,,0.7179,S,95,0,◎1着固定 2-3着流し（5〜8点）,0.5777,"{'is_target': True, 'verdict': '点数絞り', 'max_combo_prob': 0.0996, 'est_top_odds': 13.4, 'circle_concentration': 74.7, 'eligible_count': 6, 'bet_adj': 0, 'reason': 'rel_win1=60.6%（本命度） / 最有力組み合わせ確率: 0.100（推定実オッズ?13倍） / 2着集中度: 上位2艇 74.7%（補正+0.04） / 総合判定確率: 0.140 / → ヒモはやや固め。上位2艇以外を切ること', 'tenji_trigger': '展示確認: 1号艇伸び良→そのまま採用。悪→飛び組に差し替え。circle_pct上位2艇に絞り込むこと。\n展示で1号艇スタート超安定(0.131秒)→ヒモ固まり方向に注意'}",,,25.6,逃げ狙い,14.41,24.3,2,,,,,,,,,,,
2025-07-19,丸亀,7,4,東口　晃,B1,32.83,4,○,7.2542,5.6,94,35,0.1805,3.9417,,,0,低,156,0,-,3,0,27.4,0.83,0,0,0.0833,0,0,0.4333,0.2567,0.0533,,,B,,,0.1243,0.529,,0.7179,S,95,0,◎1着固定 2-3着流し（5〜8点）,0.5777,"{'is_target': True, 'verdict': '点数絞り', 'max_combo_prob': 0.0996, 'est_top_odds': 13.4, 'circle_concentration': 74.7, 'eligible_count': 6, 'bet_adj': 0, 'reason': 'rel_win1=60.6%（本命度） / 最有力組み合わせ確率: 0.100（推定実オッズ?13倍） / 2着集中度: 上位2艇 74.7%（補正+0.04） / 総合判定確率: 0.140 / → ヒモはやや固め。上位2艇以外を切ること', 'tenji_trigger': '展示確認: 1号艇伸び良→そのまま採用。悪→飛び組に差し替え。circle_pct上位2艇に絞り込むこと。\n展示で1号艇スタート超安定(0.131秒)→ヒモ固まり方向に注意'}",,,25.6,逃げ狙い,14.41,24.3,2,,,,,,,,,,,
2025-07-19,丸亀,7,5,谷川祐一,A2,24.43,5,,5.4923,11.1,70,42.4,0.1483,3.1441,,,0,低,96,0,-,32,0,58.8,1.1093,0,0,0,0.0417,0,0.0286,0.3257,0.0286,,,E,△,,0.2264,0.6465,,0.7179,S,95,0,◎1着固定 2-3着流し（5〜8点）,0.5777,"{'is_target': True, 'verdict': '点数絞り', 'max_combo_prob': 0.0996, 'est_top_odds': 13.4, 'circle_concentration': 74.7, 'eligible_count': 6, 'bet_adj': 0, 'reason': 'rel_win1=60.6%（本命度） / 最有力組み合わせ確率: 0.100（推定実オッズ?13倍） / 2着集中度: 上位2艇 74.7%（補正+0.04） / 総合判定確率: 0.140 / → ヒモはやや固め。上位2艇以外を切ること', 'tenji_trigger': '展示確認: 1号艇伸び良→そのまま採用。悪→飛び組に差し替え。circle_pct上位2艇に絞り込むこと。\n展示で1号艇スタート超安定(0.131秒)→ヒモ固まり方向に注意'}",,,25.6,逃げ狙い,14.41,24.3,2,,,,,,,,,,,
2025-07-19,丸亀,7,6,中村日向,A1,32.31,6,△,3.5377,8.6,56,48.1,0.1619,3.6296,,,0,低,40,0,-,23,0,35.4,0.9142,,,,,,0.1538,0.0769,0,,,C,,,0.2147,0.645,,0.7179,S,95,0,◎1着固定 2-3着流し（5〜8点）,0.5777,"{'is_target': True, 'verdict': '点数絞り', 'max_combo_prob': 0.0996, 'est_top_odds': 13.4, 'circle_concentration': 74.7, 'eligible_count': 6, 'bet_adj': 0, 'reason': 'rel_win1=60.6%（本命度） / 最有力組み合わせ確率: 0.100（推定実オッズ?13倍） / 2着集中度: 上位2艇 74.7%（補正+0.04） / 総合判定確率: 0.140 / → ヒモはやや固め。上位2艇以外を切ること', 'tenji_trigger': '展示確認: 1号艇伸び良→そのまま採用。悪→飛び組に差し替え。circle_pct上位2艇に絞り込むこと。\n展示で1号艇スタート超安定(0.131秒)→ヒモ固まり方向に注意'}",,,25.6,逃げ狙い,14.41,24.3,2,,,,,,,,,,,
2025-07-19,丸亀,8,1,吉川喜継,A1,31.66,1,◎,67.3258,,0,96.9,0.1402,2.7396,,,0,低,101,0,逃1%,53,0,68.4,1.0675,0.7,,,,,0.0865,0.2196,0.024,◎,,C,◎,,,0.6615,,0.5317,S,86,0,◎1着固定 2-3着流し（5〜8点）,0.5777,"{'is_target': True, 'verdict': '点数絞り', 'max_combo_prob': 0.123, 'est_top_odds': 10.8, 'circle_concentration': 79.1, 'eligible_count': 6, 'bet_adj': 0, 'reason': 'rel_win1=67.3%（本命度） / 最有力組み合わせ確率: 0.123（推定実オッズ?11倍） / 2着集中度: 上位2艇 79.1%（補正+0.04） / 総合判定確率: 0.163 / → ヒモはやや固め。上位2艇以外を切ること', 'tenji_trigger': '展示確認: 1号艇伸び良→そのまま採用。悪→飛び組に差し替え。circle_pct上位2艇に絞り込むこと。'}",,,27.9,逃げ狙い,16.43,29.2,4,,,,,0,0,0.7559,0,,逃げ軸流し,A
2025-07-19,丸亀,8,2,松下直也,A2,31.31,2,,9.614,54.2,63,66.2,0.1664,3.513,,,0,低,177,0,-,12,0,100,2.4866,0,0.0882,0,0,0,0.0286,0.3714,0.2381,,,D,△,,0.0823,0.621,,0.5317,S,86,0,◎1着固定 2-3着流し（5〜8点）,0.5777,"{'is_target': True, 'verdict': '点数絞り', 'max_combo_prob': 0.123, 'est_top_odds': 10.8, 'circle_concentration': 79.1, 'eligible_count': 6, 'bet_adj': 0, 'reason': 'rel_win1=67.3%（本命度） / 最有力組み合わせ確率: 0.123（推定実オッズ?11倍） / 2着集中度: 上位2艇 79.1%（補正+0.04） / 総合判定確率: 0.163 / → ヒモはやや固め。上位2艇以外を切ること', 'tenji_trigger': '展示確認: 1号艇伸び良→そのまま採用。悪→飛び組に差し替え。circle_pct上位2艇に絞り込むこと。'}",,,27.9,逃げ狙い,16.43,29.2,4,,,,,,,,,,,
2025-07-19,丸亀,8,3,花本　剛,B1,34.38,3,○,6.8975,24.8,100,54.2,0.176,3.6181,,,0,低,176,0,-,5,0,57.1,1.4373,0,0,0.0278,0,0.0278,0.2077,0.1615,0.1769,,,B,,,0.1288,0.5575,,0.5317,S,86,0,◎1着固定 2-3着流し（5〜8点）,0.5777,"{'is_target': True, 'verdict': '点数絞り', 'max_combo_prob': 0.123, 'est_top_odds': 10.8, 'circle_concentration': 79.1, 'eligible_count': 6, 'bet_adj': 0, 'reason': 'rel_win1=67.3%（本命度） / 最有力組み合わせ確率: 0.123（推定実オッズ?11倍） / 2着集中度: 上位2艇 79.1%（補正+0.04） / 総合判定確率: 0.163 / → ヒモはやや固め。上位2艇以外を切ること', 'tenji_trigger': '展示確認: 1号艇伸び良→そのまま採用。悪→飛び組に差し替え。circle_pct上位2艇に絞り込むこと。'}",,,27.9,逃げ狙い,16.43,29.2,4,,,,,,,,,,,
2025-07-19,丸亀,8,4,野中一平,A2,27.32,4,△,13.2625,15.2,97,65.8,0.099,1.9268,,,0,低,26,0,差0% ま0%,33,0,69.5,1.4636,0,0.05,0.1,0,0,0,0.04,0.04,,◎,E,○,◎,0.4969,0.66,0.4567,0.5317,S,86,0,◎1着固定 2-3着流し（5〜8点）,0.5777,"{'is_target': True, 'verdict': '点数絞り', 'max_combo_prob': 0.123, 'est_top_odds': 10.8, 'circle_concentration': 79.1, 'eligible_count': 6, 'bet_adj': 0, 'reason': 'rel_win1=67.3%（本命度） / 最有力組み合わせ確率: 0.123（推定実オッズ?11倍） / 2着集中度: 上位2艇 79.1%（補正+0.04） / 総合判定確率: 0.163 / → ヒモはやや固め。上位2艇以外を切ること', 'tenji_trigger': '展示確認: 1号艇伸び良→そのまま採用。悪→飛び組に差し替え。circle_pct上位2艇に絞り込むこと。'}",,,27.9,逃げ狙い,16.43,29.2,4,,,,,,,,,,,
2025-07-19,丸亀,8,5,渡邊哲也,B1,40.39,5,▲,1.865,3.3,72,22.2,0.1964,3.6528,,,0,低,114,0,-,45,0,30.1,0.7864,,,,,,0.04,0.28,0.32,,,B,,,0.1692,0.4815,,0.5317,S,86,0,◎1着固定 2-3着流し（5〜8点）,0.5777,"{'is_target': True, 'verdict': '点数絞り', 'max_combo_prob': 0.123, 'est_top_odds': 10.8, 'circle_concentration': 79.1, 'eligible_count': 6, 'bet_adj': 0, 'reason': 'rel_win1=67.3%（本命度） / 最有力組み合わせ確率: 0.123（推定実オッズ?11倍） / 2着集中度: 上位2艇 79.1%（補正+0.04） / 総合判定確率: 0.163 / → ヒモはやや固め。上位2艇以外を切ること', 'tenji_trigger': '展示確認: 1号艇伸び良→そのまま採用。悪→飛び組に差し替え。circle_pct上位2艇に絞り込むこと。'}",,,27.9,逃げ狙い,16.43,29.2,4,,,,,,,,,,,
2025-07-19,丸亀,8,6,天野　誠,B1,34.34,6,,1.0351,2.4,28,7.3,0.2,4.561,,,0,低,126,0,-,6,0,40.6,1.0633,,,,,,0.2667,0.0667,0.6,,,C,△,,0.1679,0.582,,0.5317,S,86,0,◎1着固定 2-3着流し（5〜8点）,0.5777,"{'is_target': True, 'verdict': '点数絞り', 'max_combo_prob': 0.123, 'est_top_odds': 10.8, 'circle_concentration': 79.1, 'eligible_count': 6, 'bet_adj': 0, 'reason': 'rel_win1=67.3%（本命度） / 最有力組み合わせ確率: 0.123（推定実オッズ?11倍） / 2着集中度: 上位2艇 79.1%（補正+0.04） / 総合判定確率: 0.163 / → ヒモはやや固め。上位2艇以外を切ること', 'tenji_trigger': '展示確認: 1号艇伸び良→そのまま採用。悪→飛び組に差し替え。circle_pct上位2艇に絞り込むこと。'}",,,27.9,逃げ狙い,16.43,29.2,4,,,,,,,,,,,
2025-07-19,丸亀,9,1,河野真也,A2,35.71,1,◎,64.7983,,0,89,0.1723,3.7123,,,0,低,156,0,-,3,0,94.3,1.3203,0.4839,,,,,0.0645,0.0258,0.1774,○,,C,△,,,0.6315,,0.4227,S,85,0,◎1着固定 2-3着流し（5〜8点）,0.5777,"{'is_target': True, 'verdict': '点数絞り', 'max_combo_prob': 0.1231, 'est_top_odds': 10.8, 'circle_concentration': 80.8, 'eligible_count': 6, 'bet_adj': 0, 'reason': 'rel_win1=64.8%（本命度） / 最有力組み合わせ確率: 0.123（推定実オッズ?11倍） / 2着集中度: 上位2艇 80.8%（補正+0.04） / 総合判定確率: 0.163 / → ヒモはやや固め。上位2艇以外を切ること', 'tenji_trigger': '展示確認: 1号艇伸び良→そのまま採用。悪→飛び組に差し替え。circle_pct上位2艇に絞り込むこと。'}",,,25.7,逃げ狙い,11.05,27.4,2,,,,,0,0,0.6155,0,,逃げ軸流し,A
2025-07-19,丸亀,9,2,金子和之,A1,27.55,2,△,14.8053,53.9,85,66,0.1713,3.7547,,,0,低,99,0,-,35,0,63.8,1.2838,0,0.15,0,0,0.05,0.0444,0.1778,0,,◎,D,△,,0.3543,0.6185,,0.4227,S,85,0,◎1着固定 2-3着流し（5〜8点）,0.5777,"{'is_target': True, 'verdict': '点数絞り', 'max_combo_prob': 0.1231, 'est_top_odds': 10.8, 'circle_concentration': 80.8, 'eligible_count': 6, 'bet_adj': 0, 'reason': 'rel_win1=64.8%（本命度） / 最有力組み合わせ確率: 0.123（推定実オッズ?11倍） / 2着集中度: 上位2艇 80.8%（補正+0.04） / 総合判定確率: 0.163 / → ヒモはやや固め。上位2艇以外を切ること', 'tenji_trigger': '展示確認: 1号艇伸び良→そのまま採用。悪→飛び組に差し替え。circle_pct上位2艇に絞り込むこと。'}",,,25.7,逃げ狙い,11.05,27.4,2,,,,,,,,,,,
2025-07-19,丸亀,9,3,高濱芳久,A2,27.37,3,,8.6504,26.8,76,40.7,0.1744,3.8983,,,0,低,114,0,差ま0%,41,0,37.1,0.6425,0,0,0,0.0588,0,0.0485,0.1485,0.1485,,,E,○,,0.2816,0.6335,,0.4227,S,85,0,◎1着固定 2-3着流し（5〜8点）,0.5777,"{'is_target': True, 'verdict': '点数絞り', 'max_combo_prob': 0.1231, 'est_top_odds': 10.8, 'circle_concentration': 80.8, 'eligible_count': 6, 'bet_adj': 0, 'reason': 'rel_win1=64.8%（本命度） / 最有力組み合わせ確率: 0.123（推定実オッズ?11倍） / 2着集中度: 上位2艇 80.8%（補正+0.04） / 総合判定確率: 0.163 / → ヒモはやや固め。上位2艇以外を切ること', 'tenji_trigger': '展示確認: 1号艇伸び良→そのまま採用。悪→飛び組に差し替え。circle_pct上位2艇に絞り込むこと。'}",,,25.7,逃げ狙い,11.05,27.4,2,,,,,,,,,,,
2025-07-19,丸亀,9,4,宮地秀祈,B1,38.61,4,▲,5.1875,6.4,44,27.1,0.1868,4.0085,,,0,低,145,0,-,4,0,15.1,0.4223,0,0,0,0.0435,0,0.2914,0.2714,0.06,,,B,,,0.2317,0.6005,,0.4227,S,85,0,◎1着固定 2-3着流し（5〜8点）,0.5777,"{'is_target': True, 'verdict': '点数絞り', 'max_combo_prob': 0.1231, 'est_top_odds': 10.8, 'circle_concentration': 80.8, 'eligible_count': 6, 'bet_adj': 0, 'reason': 'rel_win1=64.8%（本命度） / 最有力組み合わせ確率: 0.123（推定実オッズ?11倍） / 2着集中度: 上位2艇 80.8%（補正+0.04） / 総合判定確率: 0.163 / → ヒモはやや固め。上位2艇以外を切ること', 'tenji_trigger': '展示確認: 1号艇伸び良→そのまま採用。悪→飛び組に差し替え。circle_pct上位2艇に絞り込むこと。'}",,,25.7,逃げ狙い,11.05,27.4,2,,,,,,,,,,,
2025-07-19,丸亀,9,5,服部達哉,B1,36.00,5,○,5.4158,11.9,100,50,0.1727,3.7333,,,0,低,142,0,-,44,0,65.2,1.2357,0,0,0.0455,0.0455,0,0.1364,0.2727,0.1364,,,B,,,0.2935,0.6025,,0.4227,S,85,0,◎1着固定 2-3着流し（5〜8点）,0.5777,"{'is_target': True, 'verdict': '点数絞り', 'max_combo_prob': 0.1231, 'est_top_odds': 10.8, 'circle_concentration': 80.8, 'eligible_count': 6, 'bet_adj': 0, 'reason': 'rel_win1=64.8%（本命度） / 最有力組み合わせ確率: 0.123（推定実オッズ?11倍） / 2着集中度: 上位2艇 80.8%（補正+0.04） / 総合判定確率: 0.163 / → ヒモはやや固め。上位2艇以外を切ること', 'tenji_trigger': '展示確認: 1号艇伸び良→そのまま採用。悪→飛び組に差し替え。circle_pct上位2艇に絞り込むこと。'}",,,25.7,逃げ狙い,11.05,27.4,2,,,,,,,,,,,
2025-07-19,丸亀,9,6,折下寛法,B1,29.59,6,,1.1427,0.9,64,23.9,0.1707,4.0109,,,0,低,60,0,-,1,0,25,0.7636,,,,,,0.0522,0.1848,0.0522,,,D,◎,,0.3218,0.6595,,0.4227,S,85,0,◎1着固定 2-3着流し（5〜8点）,0.5777,"{'is_target': True, 'verdict': '点数絞り', 'max_combo_prob': 0.1231, 'est_top_odds': 10.8, 'circle_concentration': 80.8, 'eligible_count': 6, 'bet_adj': 0, 'reason': 'rel_win1=64.8%（本命度） / 最有力組み合わせ確率: 0.123（推定実オッズ?11倍） / 2着集中度: 上位2艇 80.8%（補正+0.04） / 総合判定確率: 0.163 / → ヒモはやや固め。上位2艇以外を切ること', 'tenji_trigger': '展示確認: 1号艇伸び良→そのまま採用。悪→飛び組に差し替え。circle_pct上位2艇に絞り込むこと。'}",,,25.7,逃げ狙い,11.05,27.4,2,,,,,,,,,,,
2025-07-19,丸亀,10,1,関口智久,A2,39.30,1,◎,55.1747,,0,73.1,0.1517,3.0288,,,0,低,75,0,逃0%,12,0,81.2,0.9678,0.4167,,,,,0.0833,0.2,0.05,○,,B,△,,,0.6495,,0.4117,A,64,0,◎-○軸 3着3〜4艇流し（10〜15点）,0.5777,"{'is_target': True, 'verdict': '参加推奨', 'max_combo_prob': 0.0746, 'est_top_odds': 17.9, 'circle_concentration': 72.1, 'eligible_count': 8, 'bet_adj': 2, 'reason': 'rel_win1=55.2%（本命度） / 最有力組み合わせ確率: 0.075（推定実オッズ?18倍） / 2着集中度: 上位2艇 72.1%（補正+0.04） / 総合判定確率: 0.115 / → ヒモ分散。1号艇1着固定で広めのヒモ流し推奨（買い目+2点）', 'tenji_trigger': '展示確認: ヒモ分散レース。1号艇伸び確認後、広めのヒモ流しを採用。穴ヒモ（5・6号艇）を積極的に含める。'}",,,29.7,両建て推奨,21.13,30.3,2,,,,,0,0,0.6155,0,,主役軸流し,B
2025-07-19,丸亀,10,2,竹田辰也,A1,40.00,2,○,20.7979,43,100,79.2,0.139,2.7812,,,0,低,94,0,差1%,66,0,39.9,0.791,0,0.1852,0.1111,0,0.037,0.019,0.0476,0.2071,,◎,B,△,,0.4803,0.6225,,0.4117,A,64,0,◎-○軸 3着3〜4艇流し（10〜15点）,0.5777,"{'is_target': True, 'verdict': '参加推奨', 'max_combo_prob': 0.0746, 'est_top_odds': 17.9, 'circle_concentration': 72.1, 'eligible_count': 8, 'bet_adj': 2, 'reason': 'rel_win1=55.2%（本命度） / 最有力組み合わせ確率: 0.075（推定実オッズ?18倍） / 2着集中度: 上位2艇 72.1%（補正+0.04） / 総合判定確率: 0.115 / → ヒモ分散。1号艇1着固定で広めのヒモ流し推奨（買い目+2点）', 'tenji_trigger': '展示確認: ヒモ分散レース。1号艇伸び確認後、広めのヒモ流しを採用。穴ヒモ（5・6号艇）を積極的に含める。'}",,,29.7,両建て推奨,21.13,30.3,2,,,,,,,,,,,
2025-07-19,丸亀,10,3,峰重力也,B1,40.00,3,▲,10.6777,29.2,74,58.5,0.1236,2.4906,,,0,低,41,0,-,3,0,60.2,1.1323,0,0.0417,0.125,0.0833,0,0.0211,0.1699,0.1699,,○,B,◎,,0.4686,0.677,,0.4117,A,64,0,◎-○軸 3着3〜4艇流し（10〜15点）,0.5777,"{'is_target': True, 'verdict': '参加推奨', 'max_combo_prob': 0.0746, 'est_top_odds': 17.9, 'circle_concentration': 72.1, 'eligible_count': 8, 'bet_adj': 2, 'reason': 'rel_win1=55.2%（本命度） / 最有力組み合わせ確率: 0.075（推定実オッズ?18倍） / 2着集中度: 上位2艇 72.1%（補正+0.04） / 総合判定確率: 0.115 / → ヒモ分散。1号艇1着固定で広めのヒモ流し推奨（買い目+2点）', 'tenji_trigger': '展示確認: ヒモ分散レース。1号艇伸び確認後、広めのヒモ流しを採用。穴ヒモ（5・6号艇）を積極的に含める。'}",,,29.7,両建て推奨,21.13,30.3,2,,,,,,,,,,,
2025-07-19,丸亀,10,4,松山将吾,A1,27.22,4,△,8.8874,23.1,70,64.8,0.13,2.8426,,,0,低,66,0,差0% ま0% 差ま0%,12,0,78,1.2532,0,0.04,0.04,0.04,0,0.0138,0.1614,0.189,,△,D,○,◎,0.4007,0.664,0.4696,0.4117,A,64,0,◎-○軸 3着3〜4艇流し（10〜15点）,0.5777,"{'is_target': True, 'verdict': '参加推奨', 'max_combo_prob': 0.0746, 'est_top_odds': 17.9, 'circle_concentration': 72.1, 'eligible_count': 8, 'bet_adj': 2, 'reason': 'rel_win1=55.2%（本命度） / 最有力組み合わせ確率: 0.075（推定実オッズ?18倍） / 2着集中度: 上位2艇 72.1%（補正+0.04） / 総合判定確率: 0.115 / → ヒモ分散。1号艇1着固定で広めのヒモ流し推奨（買い目+2点）', 'tenji_trigger': '展示確認: ヒモ分散レース。1号艇伸び確認後、広めのヒモ流しを採用。穴ヒモ（5・6号艇）を積極的に含める。'}",,,29.7,両建て推奨,21.13,30.3,2,,,,,,,,,,,
2025-07-19,丸亀,10,5,小川広大,B1,26.82,5,,3.4768,4.2,37,12.1,0.2045,4.2045,,,0,低,185,0,-,3,0,26,0.5729,,,,,,0.2545,0.0545,0.2909,,,D,,,0.175,0.5845,,0.4117,A,64,0,◎-○軸 3着3〜4艇流し（10〜15点）,0.5777,"{'is_target': True, 'verdict': '参加推奨', 'max_combo_prob': 0.0746, 'est_top_odds': 17.9, 'circle_concentration': 72.1, 'eligible_count': 8, 'bet_adj': 2, 'reason': 'rel_win1=55.2%（本命度） / 最有力組み合わせ確率: 0.075（推定実オッズ?18倍） / 2着集中度: 上位2艇 72.1%（補正+0.04） / 総合判定確率: 0.115 / → ヒモ分散。1号艇1着固定で広めのヒモ流し推奨（買い目+2点）', 'tenji_trigger': '展示確認: ヒモ分散レース。1号艇伸び確認後、広めのヒモ流しを採用。穴ヒモ（5・6号艇）を積極的に含める。'}",,,29.7,両建て推奨,21.13,30.3,2,,,,,,,,,,,
2025-07-19,丸亀,10,6,大塚浩二,B1,32.83,6,,0.9855,0.6,54,15.9,0.2075,4.3182,,,0,低,138,0,-,5,0,34.8,0.7933,,,,,,0.1333,0.2,0.3333,,,C,,,0.165,0.5665,,0.4117,A,64,0,◎-○軸 3着3〜4艇流し（10〜15点）,0.5777,"{'is_target': True, 'verdict': '参加推奨', 'max_combo_prob': 0.0746, 'est_top_odds': 17.9, 'circle_concentration': 72.1, 'eligible_count': 8, 'bet_adj': 2, 'reason': 'rel_win1=55.2%（本命度） / 最有力組み合わせ確率: 0.075（推定実オッズ?18倍） / 2着集中度: 上位2艇 72.1%（補正+0.04） / 総合判定確率: 0.115 / → ヒモ分散。1号艇1着固定で広めのヒモ流し推奨（買い目+2点）', 'tenji_trigger': '展示確認: ヒモ分散レース。1号艇伸び確認後、広めのヒモ流しを採用。穴ヒモ（5・6号艇）を積極的に含める。'}",,,29.7,両建て推奨,21.13,30.3,2,,,,,,,,,,,
2025-07-19,丸亀,11,1,武田光史,A1,31.58,1,◎,58.0252,,0,84.2,0.1745,3.4868,,,0,低,118,0,-,21,0,65.5,0.926,0.6765,,,,,0.1394,0.1511,0.0697,○,,C,△,,,0.5965,,0.3843,S,82,0,◎1着固定 2-3着流し（5〜8点）,0.5777,"{'is_target': True, 'verdict': '点数絞り', 'max_combo_prob': 0.1016, 'est_top_odds': 13.1, 'circle_concentration': 82.0, 'eligible_count': 6, 'bet_adj': 0, 'reason': 'rel_win1=58.0%（本命度） / 最有力組み合わせ確率: 0.102（推定実オッズ?13倍） / 2着集中度: 上位2艇 82.0%（補正+0.04） / 総合判定確率: 0.142 / → ヒモはやや固め。上位2艇以外を切ること', 'tenji_trigger': '展示確認: 1号艇伸び良→そのまま採用。悪→飛び組に差し替え。circle_pct上位2艇に絞り込むこと。'}",,,28.8,逃げ狙い,16.26,31.8,2,,,,,0,0,0.6155,0,,逃げ軸流し,A
2025-07-19,丸亀,11,2,中村日向,A1,32.31,2,○,22.78,48.5,39,67.7,0.1487,3.2097,,,0,低,40,0,-,23,0,54,1.0653,0,0.1667,0.0833,0,0,0.1538,0.0769,0,,◎,C,◎,,0.6068,0.645,,0.3843,S,82,0,◎1着固定 2-3着流し（5〜8点）,0.5777,"{'is_target': True, 'verdict': '点数絞り', 'max_combo_prob': 0.1016, 'est_top_odds': 13.1, 'circle_concentration': 82.0, 'eligible_count': 6, 'bet_adj': 0, 'reason': 'rel_win1=58.0%（本命度） / 最有力組み合わせ確率: 0.102（推定実オッズ?13倍） / 2着集中度: 上位2艇 82.0%（補正+0.04） / 総合判定確率: 0.142 / → ヒモはやや固め。上位2艇以外を切ること', 'tenji_trigger': '展示確認: 1号艇伸び良→そのまま採用。悪→飛び組に差し替え。circle_pct上位2艇に絞り込むこと。'}",,,28.8,逃げ狙い,16.26,31.8,2,,,,,,,,,,,
2025-07-19,丸亀,11,3,山下昂大,A2,30.61,3,,7.2095,33.5,91,71.7,0.1635,3.2,,,0,低,104,0,ま0% 差ま0%,45,0,53.7,1.1521,0,0,0.0345,0.0345,0,0.1624,0.1079,0.0812,,○,D,○,,0.358,0.644,,0.3843,S,82,0,◎1着固定 2-3着流し（5〜8点）,0.5777,"{'is_target': True, 'verdict': '点数絞り', 'max_combo_prob': 0.1016, 'est_top_odds': 13.1, 'circle_concentration': 82.0, 'eligible_count': 6, 'bet_adj': 0, 'reason': 'rel_win1=58.0%（本命度） / 最有力組み合わせ確率: 0.102（推定実オッズ?13倍） / 2着集中度: 上位2艇 82.0%（補正+0.04） / 総合判定確率: 0.142 / → ヒモはやや固め。上位2艇以外を切ること', 'tenji_trigger': '展示確認: 1号艇伸び良→そのまま採用。悪→飛び組に差し替え。circle_pct上位2艇に絞り込むこと。'}",,,28.8,逃げ狙い,16.26,31.8,2,,,,,,,,,,,
2025-07-19,丸亀,11,4,山崎聖司,B1,44.10,4,▲,5.624,9.2,100,40.8,0.1941,4.0352,,,0,低,152,0,差0% 差ま0%,1,0,84.8,0.81,0,0.0286,0,0.0286,0,0.3771,0.1924,0.0667,,,A,△,,0.2279,0.5985,,0.3843,S,82,0,◎1着固定 2-3着流し（5〜8点）,0.5777,"{'is_target': True, 'verdict': '点数絞り', 'max_combo_prob': 0.1016, 'est_top_odds': 13.1, 'circle_concentration': 82.0, 'eligible_count': 6, 'bet_adj': 0, 'reason': 'rel_win1=58.0%（本命度） / 最有力組み合わせ確率: 0.102（推定実オッズ?13倍） / 2着集中度: 上位2艇 82.0%（補正+0.04） / 総合判定確率: 0.142 / → ヒモはやや固め。上位2艇以外を切ること', 'tenji_trigger': '展示確認: 1号艇伸び良→そのまま採用。悪→飛び組に差し替え。circle_pct上位2艇に絞り込むこと。'}",,,28.8,逃げ狙い,16.26,31.8,2,,,,,,,,,,,
2025-07-19,丸亀,11,5,柴田大輔,B2,31.44,5,,3.3264,7,34,26.4,0.2077,3.9906,,,0,低,176,0,ま0% 差ま0%,4,0,25.7,0.796,0,0,0.0417,0.0417,0,0.2769,0.2923,0.2769,,,D,,,0.2069,0.4955,,0.3843,S,82,0,◎1着固定 2-3着流し（5〜8点）,0.5777,"{'is_target': True, 'verdict': '点数絞り', 'max_combo_prob': 0.1016, 'est_top_odds': 13.1, 'circle_concentration': 82.0, 'eligible_count': 6, 'bet_adj': 0, 'reason': 'rel_win1=58.0%（本命度） / 最有力組み合わせ確率: 0.102（推定実オッズ?13倍） / 2着集中度: 上位2艇 82.0%（補正+0.04） / 総合判定確率: 0.142 / → ヒモはやや固め。上位2艇以外を切ること', 'tenji_trigger': '展示確認: 1号艇伸び良→そのまま採用。悪→飛び組に差し替え。circle_pct上位2艇に絞り込むこと。'}",,,28.8,逃げ狙い,16.26,31.8,2,,,,,,,,,,,
2025-07-19,丸亀,11,6,亀本勇樹,B1,35.75,6,△,3.0348,1.8,52,38.5,0.1892,4.4231,,,0,低,75,1,-,2,0,26.8,1.5264,,,,,,0.2083,0.05,0.125,,,B,,,0.2889,0.5815,,0.3843,S,82,0,◎1着固定 2-3着流し（5〜8点）,0.5777,"{'is_target': True, 'verdict': '点数絞り', 'max_combo_prob': 0.1016, 'est_top_odds': 13.1, 'circle_concentration': 82.0, 'eligible_count': 6, 'bet_adj': 0, 'reason': 'rel_win1=58.0%（本命度） / 最有力組み合わせ確率: 0.102（推定実オッズ?13倍） / 2着集中度: 上位2艇 82.0%（補正+0.04） / 総合判定確率: 0.142 / → ヒモはやや固め。上位2艇以外を切ること', 'tenji_trigger': '展示確認: 1号艇伸び良→そのまま採用。悪→飛び組に差し替え。circle_pct上位2艇に絞り込むこと。'}",,,28.8,逃げ狙い,16.26,31.8,2,,,,,,,,,,,
2025-07-19,丸亀,12,1,小坂尚哉,A1,31.68,1,◎,60.7413,,0,97.8,0.1389,2.4239,,,0,低,81,0,逃1%,24,0,65.7,1.0538,0.7317,,,,,0.0488,0.0488,0.0976,◎,,B,△,,,0.657,,0.6591,S,91,0,◎1着固定 2-3着流し（5〜8点）,0.5777,"{'is_target': True, 'verdict': '点数絞り', 'max_combo_prob': 0.1007, 'est_top_odds': 13.2, 'circle_concentration': 80.2, 'eligible_count': 6, 'bet_adj': 0, 'reason': 'rel_win1=60.7%（本命度） / 最有力組み合わせ確率: 0.101（推定実オッズ?13倍） / 2着集中度: 上位2艇 80.2%（補正+0.04） / 総合判定確率: 0.141 / → ヒモはやや固め。上位2艇以外を切ること', 'tenji_trigger': '展示確認: 1号艇伸び良→そのまま採用。悪→飛び組に差し替え。circle_pct上位2艇に絞り込むこと。\n展示で1号艇スタート超安定(0.139秒)→ヒモ固まり方向に注意'}",,,29,逃げ狙い,24.8,25.1,3,,,,,0,0,0.7559,0,,逃げ軸流し,A
2025-07-19,丸亀,12,2,吉川喜継,A1,31.66,2,▲,11.5607,47.4,90,73.9,0.1613,3.7609,,,0,低,101,0,差0% ま0%,53,0,47.1,1.1628,0,0.0714,0.1071,0,0,0.0865,0.2196,0.024,,,C,△,,0.1033,0.6615,,0.6591,S,91,0,◎1着固定 2-3着流し（5〜8点）,0.5777,"{'is_target': True, 'verdict': '点数絞り', 'max_combo_prob': 0.1007, 'est_top_odds': 13.2, 'circle_concentration': 80.2, 'eligible_count': 6, 'bet_adj': 0, 'reason': 'rel_win1=60.7%（本命度） / 最有力組み合わせ確率: 0.101（推定実オッズ?13倍） / 2着集中度: 上位2艇 80.2%（補正+0.04） / 総合判定確率: 0.141 / → ヒモはやや固め。上位2艇以外を切ること', 'tenji_trigger': '展示確認: 1号艇伸び良→そのまま採用。悪→飛び組に差し替え。circle_pct上位2艇に絞り込むこと。\n展示で1号艇スタート超安定(0.139秒)→ヒモ固まり方向に注意'}",,,29,逃げ狙い,24.8,25.1,3,,,,,,,,,,,
2025-07-19,丸亀,12,3,中辻博訓,A1,30.89,3,○,13.189,32.8,58,65.4,0.1319,2.5865,,,0,低,53,0,-,41,0,100,2.6223,0,0,0,0.08,0.04,0.1205,0.0174,0.1981,,,C,◎,,0.3368,0.6875,,0.6591,S,91,0,◎1着固定 2-3着流し（5〜8点）,0.5777,"{'is_target': True, 'verdict': '点数絞り', 'max_combo_prob': 0.1007, 'est_top_odds': 13.2, 'circle_concentration': 80.2, 'eligible_count': 6, 'bet_adj': 0, 'reason': 'rel_win1=60.7%（本命度） / 最有力組み合わせ確率: 0.101（推定実オッズ?13倍） / 2着集中度: 上位2艇 80.2%（補正+0.04） / 総合判定確率: 0.141 / → ヒモはやや固め。上位2艇以外を切ること', 'tenji_trigger': '展示確認: 1号艇伸び良→そのまま採用。悪→飛び組に差し替え。circle_pct上位2艇に絞り込むこと。\n展示で1号艇スタート超安定(0.139秒)→ヒモ固まり方向に注意'}",,,29,逃げ狙い,24.8,25.1,3,,,,,,,,,,,
2025-07-19,丸亀,12,4,牧原　崇,A2,29.90,4,,7.751,17.2,100,58.2,0.1658,3.5522,,,0,低,174,0,差0%,11,0,47.9,1.1404,0,0.0741,0,0,0,0.0258,0.2016,0.2274,,,D,○,◎,0.1911,0.6775,0.3598,0.6591,S,91,0,◎1着固定 2-3着流し（5〜8点）,0.5777,"{'is_target': True, 'verdict': '点数絞り', 'max_combo_prob': 0.1007, 'est_top_odds': 13.2, 'circle_concentration': 80.2, 'eligible_count': 6, 'bet_adj': 0, 'reason': 'rel_win1=60.7%（本命度） / 最有力組み合わせ確率: 0.101（推定実オッズ?13倍） / 2着集中度: 上位2艇 80.2%（補正+0.04） / 総合判定確率: 0.141 / → ヒモはやや固め。上位2艇以外を切ること', 'tenji_trigger': '展示確認: 1号艇伸び良→そのまま採用。悪→飛び組に差し替え。circle_pct上位2艇に絞り込むこと。\n展示で1号艇スタート超安定(0.139秒)→ヒモ固まり方向に注意'}",,,29,逃げ狙い,24.8,25.1,3,,,,,,,,,,,
2025-07-19,丸亀,12,5,山口隆史,B1,32.50,5,△,4.0349,1,90,32.8,0.1871,3.8362,,,0,低,153,0,-,3,0,42.8,1.0662,,,,,,0.1467,0.1067,0.2,,,B,,,0.1669,0.603,,0.6591,S,91,0,◎1着固定 2-3着流し（5〜8点）,0.5777,"{'is_target': True, 'verdict': '点数絞り', 'max_combo_prob': 0.1007, 'est_top_odds': 13.2, 'circle_concentration': 80.2, 'eligible_count': 6, 'bet_adj': 0, 'reason': 'rel_win1=60.7%（本命度） / 最有力組み合わせ確率: 0.101（推定実オッズ?13倍） / 2着集中度: 上位2艇 80.2%（補正+0.04） / 総合判定確率: 0.141 / → ヒモはやや固め。上位2艇以外を切ること', 'tenji_trigger': '展示確認: 1号艇伸び良→そのまま採用。悪→飛び組に差し替え。circle_pct上位2艇に絞り込むこと。\n展示で1号艇スタート超安定(0.139秒)→ヒモ固まり方向に注意'}",,,29,逃げ狙い,24.8,25.1,3,,,,,,,,,,,
2025-07-19,丸亀,12,6,山本浩次,B1,27.18,6,,2.7232,1.6,38,16.7,0.1783,3.6667,,,0,低,84,0,-,5,0,28.2,0.8533,,,,,,0.23,0.2033,0,,,E,,,0.192,0.5845,,0.6591,S,91,0,◎1着固定 2-3着流し（5〜8点）,0.5777,"{'is_target': True, 'verdict': '点数絞り', 'max_combo_prob': 0.1007, 'est_top_odds': 13.2, 'circle_concentration': 80.2, 'eligible_count': 6, 'bet_adj': 0, 'reason': 'rel_win1=60.7%（本命度） / 最有力組み合わせ確率: 0.101（推定実オッズ?13倍） / 2着集中度: 上位2艇 80.2%（補正+0.04） / 総合判定確率: 0.141 / → ヒモはやや固め。上位2艇以外を切ること', 'tenji_trigger': '展示確認: 1号艇伸び良→そのまま採用。悪→飛び組に差し替え。circle_pct上位2艇に絞り込むこと。\n展示で1号艇スタート超安定(0.139秒)→ヒモ固まり方向に注意'}",,,29,逃げ狙い,24.8,25.1,3,,,,,,,,,,,
2025-07-20,丸亀,1,1,宮武英司,B1,28.43,1,◎,53.4543,,0,87.3,0.1587,3.2818,,,0,低,89,0,逃0%,254,0,61.8,1.0163,0.6111,,,,,0.4889,0.0222,0.0222,○,,D,○,,,0.658,,0.3865,A,73,0,◎-○軸 3着3〜4艇流し（10〜15点）,0.5777,"{'is_target': True, 'verdict': '参加推奨', 'max_combo_prob': 0.0713, 'est_top_odds': 18.7, 'circle_concentration': 62.9, 'eligible_count': 8, 'bet_adj': 2, 'reason': 'rel_win1=53.5%（本命度） / 最有力組み合わせ確率: 0.071（推定実オッズ?19倍） / 2着集中度: 上位2艇 62.9%（補正+0.00） / 総合判定確率: 0.071 / → ヒモ分散。1号艇1着固定で広めのヒモ流し推奨（買い目+2点）', 'tenji_trigger': '展示確認: ヒモ分散レース。1号艇伸び確認後、広めのヒモ流しを採用。穴ヒモ（5・6号艇）を積極的に含める。'}",,,30.8,逃げ狙い,15.5,38.1,4,,,,,0,0,0.6155,0,,主役軸流し,B
2025-07-20,丸亀,1,2,谷口知優,B1,27.42,2,,13.3014,24.4,100,53.2,0.1496,2.9149,,,0,低,83,0,-,351,0,32.1,0.8428,0,0.12,0,0,0,0,0.3481,0.1039,,○,E,△,,0.4182,0.6165,,0.3865,A,73,0,◎-○軸 3着3〜4艇流し（10〜15点）,0.5777,"{'is_target': True, 'verdict': '参加推奨', 'max_combo_prob': 0.0713, 'est_top_odds': 18.7, 'circle_concentration': 62.9, 'eligible_count': 8, 'bet_adj': 2, 'reason': 'rel_win1=53.5%（本命度） / 最有力組み合わせ確率: 0.071（推定実オッズ?19倍） / 2着集中度: 上位2艇 62.9%（補正+0.00） / 総合判定確率: 0.071 / → ヒモ分散。1号艇1着固定で広めのヒモ流し推奨（買い目+2点）', 'tenji_trigger': '展示確認: ヒモ分散レース。1号艇伸び確認後、広めのヒモ流しを採用。穴ヒモ（5・6号艇）を積極的に含める。'}",,,30.8,逃げ狙い,15.5,38.1,4,,,,,,,,,,,
2025-07-20,丸亀,1,3,宮地秀祈,B1,38.61,3,▲,8.6544,35.9,67,48.1,0.1767,3.7115,,,0,低,145,0,-,4 23,0,27,0.9358,0,0,0.0333,0,0.0333,0.2914,0.2714,0.06,,,B,△,,0.189,0.6005,,0.3865,A,73,0,◎-○軸 3着3〜4艇流し（10〜15点）,0.5777,"{'is_target': True, 'verdict': '参加推奨', 'max_combo_prob': 0.0713, 'est_top_odds': 18.7, 'circle_concentration': 62.9, 'eligible_count': 8, 'bet_adj': 2, 'reason': 'rel_win1=53.5%（本命度） / 最有力組み合わせ確率: 0.071（推定実オッズ?19倍） / 2着集中度: 上位2艇 62.9%（補正+0.00） / 総合判定確率: 0.071 / → ヒモ分散。1号艇1着固定で広めのヒモ流し推奨（買い目+2点）', 'tenji_trigger': '展示確認: ヒモ分散レース。1号艇伸び確認後、広めのヒモ流しを採用。穴ヒモ（5・6号艇）を積極的に含める。'}",,,30.8,逃げ狙い,15.5,38.1,4,,,,,,,,,,,
2025-07-20,丸亀,1,4,吉村正明,B2,31.96,4,○,15.3052,27,58,50,0.1245,2.2841,,,0,低,52,0,-,562,0,95.7,1.906,0,0.0435,0.0435,0.0435,0,0.08,0,0.04,,◎,C,◎,◎,0.4243,0.6725,0.4435,0.3865,A,73,0,◎-○軸 3着3〜4艇流し（10〜15点）,0.5777,"{'is_target': True, 'verdict': '参加推奨', 'max_combo_prob': 0.0713, 'est_top_odds': 18.7, 'circle_concentration': 62.9, 'eligible_count': 8, 'bet_adj': 2, 'reason': 'rel_win1=53.5%（本命度） / 最有力組み合わせ確率: 0.071（推定実オッズ?19倍） / 2着集中度: 上位2艇 62.9%（補正+0.00） / 総合判定確率: 0.071 / → ヒモ分散。1号艇1着固定で広めのヒモ流し推奨（買い目+2点）', 'tenji_trigger': '展示確認: ヒモ分散レース。1号艇伸び確認後、広めのヒモ流しを採用。穴ヒモ（5・6号艇）を積極的に含める。'}",,,30.8,逃げ狙い,15.5,38.1,4,,,,,,,,,,,
2025-07-20,丸亀,1,5,寳田亮治,B1,33.33,5,△,5.1013,10.6,71,43.4,0.16,3.5849,,,0,低,118,0,-,565,0,100,2.205,,,,,,0.3056,0.0444,0.0444,,,C,,,0.3087,0.5335,,0.3865,A,73,0,◎-○軸 3着3〜4艇流し（10〜15点）,0.5777,"{'is_target': True, 'verdict': '参加推奨', 'max_combo_prob': 0.0713, 'est_top_odds': 18.7, 'circle_concentration': 62.9, 'eligible_count': 8, 'bet_adj': 2, 'reason': 'rel_win1=53.5%（本命度） / 最有力組み合わせ確率: 0.071（推定実オッズ?19倍） / 2着集中度: 上位2艇 62.9%（補正+0.00） / 総合判定確率: 0.071 / → ヒモ分散。1号艇1着固定で広めのヒモ流し推奨（買い目+2点）', 'tenji_trigger': '展示確認: ヒモ分散レース。1号艇伸び確認後、広めのヒモ流しを採用。穴ヒモ（5・6号艇）を積極的に含める。'}",,,30.8,逃げ狙い,15.5,38.1,4,,,,,,,,,,,
2025-07-20,丸亀,1,6,畑　和宏,B1,38.42,6,,4.1834,2.1,40,15.6,0.1936,4.2778,,,0,低,117,0,差ま0%,665,0,28.8,0.8989,0,0,0,0.0625,0,0.019,0.2971,0.3924,,,B,,,0.1752,0.597,,0.3865,A,73,0,◎-○軸 3着3〜4艇流し（10〜15点）,0.5777,"{'is_target': True, 'verdict': '参加推奨', 'max_combo_prob': 0.0713, 'est_top_odds': 18.7, 'circle_concentration': 62.9, 'eligible_count': 8, 'bet_adj': 2, 'reason': 'rel_win1=53.5%（本命度） / 最有力組み合わせ確率: 0.071（推定実オッズ?19倍） / 2着集中度: 上位2艇 62.9%（補正+0.00） / 総合判定確率: 0.071 / → ヒモ分散。1号艇1着固定で広めのヒモ流し推奨（買い目+2点）', 'tenji_trigger': '展示確認: ヒモ分散レース。1号艇伸び確認後、広めのヒモ流しを採用。穴ヒモ（5・6号艇）を積極的に含める。'}",,,30.8,逃げ狙い,15.5,38.1,4,,,,,,,,,,,
2025-07-20,丸亀,2,1,柴田大輔,B2,31.44,1,◎,40.5077,,0,72.7,0.1857,3.7955,,,0,低,176,0,逃0%,4 34,0,61.4,0.9069,0.2692,,,,,0.2769,0.2923,0.2769,△,,D,,,,0.4955,,0.2197,B,45,0,◎○△フォーメーション（15〜20点）,0.5777,"{'is_target': False, 'verdict': '対象外', 'max_combo_prob': None, 'est_top_odds': None, 'circle_concentration': None, 'eligible_count': 0, 'bet_adj': 0, 'reason': '1号艇rel_win1 < 45%: 通常判定に委ねる', 'tenji_trigger': ''}",,,34,両建て推奨,19.13,44.3,2,3-1-4|1-3-4|1-2-4|1-2-3|1-3-2|1-4-3,6-1-2|6-2-1|5-1-2|3-1-4|6-1-4|5-1-6|6-4-1|1-3-4|1-2-4|1-2-3|1-3-2|1-4-3,3-1-4:2.54%|1-3-4:8.06%|1-2-4:7.55%|1-2-3:7.25%|1-3-2:6.39%|1-4-3:4.17%,3-1-4:B_main|1-3-4:A|1-2-4:A|1-2-3:A|1-3-2:A|1-4-3:A,6,12,0.4535,1,[!]見送り推奨（主役決まり手「まくり差し」― 逃げ劣勢レースで的中実績なし）,荒れ広め,D
2025-07-20,丸亀,2,2,高濱芳久,A2,27.37,2,,17.8794,40.6,88,62.9,0.1859,4.4714,,,0,低,114,0,-,4131,0,54.6,0.7969,0,0.1667,0,0,0,0.0485,0.1485,0.1485,,△,E,○,,0.3783,0.6335,,0.2197,B,45,0,◎○△フォーメーション（15〜20点）,0.5777,"{'is_target': False, 'verdict': '対象外', 'max_combo_prob': None, 'est_top_odds': None, 'circle_concentration': None, 'eligible_count': 0, 'bet_adj': 0, 'reason': '1号艇rel_win1 < 45%: 通常判定に委ねる', 'tenji_trigger': ''}",,,34,両建て推奨,19.13,44.3,2,,,,,,,,,,,
2025-07-20,丸亀,2,3,吉川喜継,A1,31.66,3,○,19.9361,41.1,98,74.3,0.1445,2.9797,,,0,低,101,0,差0% ま0% 差ま0% 抜0%,5312,0,84.7,1.5642,0,0.0789,0.0263,0.1316,0.0263,0.0865,0.2196,0.024,,◎,D,◎,,0.5233,0.6615,,0.2197,B,45,0,◎○△フォーメーション（15〜20点）,0.5777,"{'is_target': False, 'verdict': '対象外', 'max_combo_prob': None, 'est_top_odds': None, 'circle_concentration': None, 'eligible_count': 0, 'bet_adj': 0, 'reason': '1号艇rel_win1 < 45%: 通常判定に委ねる', 'tenji_trigger': ''}",,,34,両建て推奨,19.13,44.3,2,,,,,,,,,,,
2025-07-20,丸亀,2,4,寺嶋　雄,B1,35.05,4,▲,13.7251,10.4,100,43.1,0.1679,3.431,,,0,低,115,0,ま0% 差ま0%,646,0,62.4,1.1438,0,0,0.1481,0.037,0,0.2769,0.4231,0.0308,,○,C,△,◎,0.4286,0.6255,0.3317,0.2197,B,45,0,◎○△フォーメーション（15〜20点）,0.5777,"{'is_target': False, 'verdict': '対象外', 'max_combo_prob': None, 'est_top_odds': None, 'circle_concentration': None, 'eligible_count': 0, 'bet_adj': 0, 'reason': '1号艇rel_win1 < 45%: 通常判定に委ねる', 'tenji_trigger': ''}",,,34,両建て推奨,19.13,44.3,2,,,,,,,,,,,
2025-07-20,丸亀,2,5,高橋直哉,B1,38.50,5,,5.4879,7.2,86,38.1,0.1881,4.0159,,,0,低,172,0,-,121,0,27.4,1.0598,,,,,,0.05,0.2833,0.05,,,B,△,,0.3456,0.606,,0.2197,B,45,0,◎○△フォーメーション（15〜20点）,0.5777,"{'is_target': False, 'verdict': '対象外', 'max_combo_prob': None, 'est_top_odds': None, 'circle_concentration': None, 'eligible_count': 0, 'bet_adj': 0, 'reason': '1号艇rel_win1 < 45%: 通常判定に委ねる', 'tenji_trigger': ''}",,,34,両建て推奨,19.13,44.3,2,,,,,,,,,,,
2025-07-20,丸亀,2,6,山崎聖司,B1,44.10,6,△,2.4637,0.6,57,22.8,0.1939,4.4649,,,0,低,152,0,差ま0%,1 42,0,41.7,0.9208,0,0,0,0.0385,0,0.3771,0.1924,0.0667,,,A,,,0.2978,0.5985,,0.2197,B,45,0,◎○△フォーメーション（15〜20点）,0.5777,"{'is_target': False, 'verdict': '対象外', 'max_combo_prob': None, 'est_top_odds': None, 'circle_concentration': None, 'eligible_count': 0, 'bet_adj': 0, 'reason': '1号艇rel_win1 < 45%: 通常判定に委ねる', 'tenji_trigger': ''}",,,34,両建て推奨,19.13,44.3,2,,,,,,,,,,,
2025-07-20,丸亀,3,1,渡邊哲也,B1,40.39,1,◎,39.5826,,0,62.5,0.1697,3.1094,,,0,低,114,0,逃0%,455,0,57.3,0.7981,0.4,,,,,0.04,0.28,0.32,△,,B,,,,0.4815,,0.2833,D,25,1,大荒れ。見送り推奨,0.5777,"{'is_target': False, 'verdict': '対象外', 'max_combo_prob': None, 'est_top_odds': None, 'circle_concentration': None, 'eligible_count': 0, 'bet_adj': 0, 'reason': '1号艇rel_win1 < 45%: 通常判定に委ねる', 'tenji_trigger': ''}",,,34.7,両建て推奨,31.43,35.6,5,2-1-3|1-3-4|1-3-2|1-2-4|1-2-3|1-4-2,5-1-6|6-1-3|2-1-3|5-1-3|5-6-1|6-3-1|6-1-4|1-3-4|1-3-2|1-2-4|1-2-3|1-4-2,2-1-3:3.07%|1-3-4:9.4%|1-3-2:8.26%|1-2-4:6.65%|1-2-3:5.7%|1-4-2:4.28%,2-1-3:B_main|1-3-4:A|1-3-2:A|1-2-4:A|1-2-3:A|1-4-2:A,6,12,0.4535,1,[!]見送り推奨（主役決まり手「差し」― 逃げ劣勢レースで的中実績なし）,荒れ広め,D
2025-07-20,丸亀,3,2,折下寛法,B1,29.59,2,△,13.5621,20.7,100,49,0.1504,2.8039,,,0,低,60,0,差0% ま0%,1 36,0,67.6,0.839,0,0.0769,0.0769,0,0,0.0522,0.1848,0.0522,,◎,D,○,,0.5107,0.6595,,0.2833,D,25,1,大荒れ。見送り推奨,0.5777,"{'is_target': False, 'verdict': '対象外', 'max_combo_prob': None, 'est_top_odds': None, 'circle_concentration': None, 'eligible_count': 0, 'bet_adj': 0, 'reason': '1号艇rel_win1 < 45%: 通常判定に委ねる', 'tenji_trigger': ''}",,,34.7,両建て推奨,31.43,35.6,5,,,,,,,,,,,
2025-07-20,丸亀,3,3,竹田辰也,A1,40.00,3,○,25.0977,54.6,91,82.6,0.1393,2.8587,,,0,低,94,0,-,6641,0,81.4,1.4373,0,0.0385,0.1154,0.1154,0.1538,0.019,0.0476,0.2071,,△,B,△,,0.4645,0.6225,,0.2833,D,25,1,大荒れ。見送り推奨,0.5777,"{'is_target': False, 'verdict': '対象外', 'max_combo_prob': None, 'est_top_odds': None, 'circle_concentration': None, 'eligible_count': 0, 'bet_adj': 0, 'reason': '1号艇rel_win1 < 45%: 通常判定に委ねる', 'tenji_trigger': ''}",,,34.7,両建て推奨,31.43,35.6,5,,,,,,,,,,,
2025-07-20,丸亀,3,4,峰重力也,B1,40.00,4,▲,11.2282,11.7,95,37.5,0.1296,2.75,,,0,低,41,0,抜0%,3 52,0,54.2,0.9662,0,0,0,0,0.0625,0.0211,0.1699,0.1699,,○,B,◎,◎,0.4658,0.677,0.375,0.2833,D,25,1,大荒れ。見送り推奨,0.5777,"{'is_target': False, 'verdict': '対象外', 'max_combo_prob': None, 'est_top_odds': None, 'circle_concentration': None, 'eligible_count': 0, 'bet_adj': 0, 'reason': '1号艇rel_win1 < 45%: 通常判定に委ねる', 'tenji_trigger': ''}",,,34.7,両建て推奨,31.43,35.6,5,,,,,,,,,,,
2025-07-20,丸亀,3,5,山本凱立,B2,33.16,5,,9.4945,11.6,73,33.3,0.17,3.3333,,,0,低,56,1,ま0%,6 6,0,40.8,1.1157,0,0,0.3333,0,0,,,,,,C,,,0.379,0.4725,,0.2833,D,25,1,大荒れ。見送り推奨,0.5777,"{'is_target': False, 'verdict': '対象外', 'max_combo_prob': None, 'est_top_odds': None, 'circle_concentration': None, 'eligible_count': 0, 'bet_adj': 0, 'reason': '1号艇rel_win1 < 45%: 通常判定に委ねる', 'tenji_trigger': ''}",,,34.7,両建て推奨,31.43,35.6,5,,,,,,,,,,,
2025-07-20,丸亀,3,6,谷川祐一,A2,24.43,6,,1.0348,1.4,72,17.2,0.1848,3.8966,,,0,低,96,0,-,324,0,26.8,0.5461,,,,,,0.0286,0.3257,0.0286,,,E,△,,0.2532,0.6465,,0.2833,D,25,1,大荒れ。見送り推奨,0.5777,"{'is_target': False, 'verdict': '対象外', 'max_combo_prob': None, 'est_top_odds': None, 'circle_concentration': None, 'eligible_count': 0, 'bet_adj': 0, 'reason': '1号艇rel_win1 < 45%: 通常判定に委ねる', 'tenji_trigger': ''}",,,34.7,両建て推奨,31.43,35.6,5,,,,,,,,,,,
2025-07-20,丸亀,4,1,亀本勇樹,B1,35.75,1,◎,50.016,,0,78.6,0.1524,2.869,,,0,低,75,0,逃1%,2 26,0,76.2,1.1346,0.375,,,,,0.2083,0.05,0.125,○,,B,,,,0.5815,,0.3945,A,70,0,◎-○軸 3着3〜4艇流し（10〜15点）,0.5777,"{'is_target': True, 'verdict': '参加推奨', 'max_combo_prob': 0.055, 'est_top_odds': 24.2, 'circle_concentration': 69.6, 'eligible_count': 8, 'bet_adj': 2, 'reason': 'rel_win1=50.0%（本命度） / 最有力組み合わせ確率: 0.055（推定実オッズ?24倍） / 2着集中度: 上位2艇 69.6%（補正+0.00） / 総合判定確率: 0.055 / → ヒモ分散。1号艇1着固定で広めのヒモ流し推奨（買い目+2点）', 'tenji_trigger': '展示確認: ヒモ分散レース。1号艇伸び確認後、広めのヒモ流しを採用。穴ヒモ（5・6号艇）を積極的に含める。'}",,,29.2,逃げ狙い,16.75,32.5,3,,,,,0,0,0.6155,0,,逃げ軸流し,A
2025-07-20,丸亀,4,2,梶原　正,B1,30.53,2,,11.0069,37.8,50,34,0.1694,3.2547,,,0,低,90,0,差0%,2 45,0,83.4,0.6076,0,0.0769,0,0,0,0.23,0.305,0.139,,,D,○,,0.1778,0.6495,,0.3945,A,70,0,◎-○軸 3着3〜4艇流し（10〜15点）,0.5777,"{'is_target': True, 'verdict': '参加推奨', 'max_combo_prob': 0.055, 'est_top_odds': 24.2, 'circle_concentration': 69.6, 'eligible_count': 8, 'bet_adj': 2, 'reason': 'rel_win1=50.0%（本命度） / 最有力組み合わせ確率: 0.055（推定実オッズ?24倍） / 2着集中度: 上位2艇 69.6%（補正+0.00） / 総合判定確率: 0.055 / → ヒモ分散。1号艇1着固定で広めのヒモ流し推奨（買い目+2点）', 'tenji_trigger': '展示確認: ヒモ分散レース。1号艇伸び確認後、広めのヒモ流しを採用。穴ヒモ（5・6号艇）を積極的に含める。'}",,,29.2,逃げ狙い,16.75,32.5,3,,,,,,,,,,,
2025-07-20,丸亀,4,3,浜崎準也,B1,36.02,3,○,14.0853,23.9,61,46.9,0.1516,3.2656,,,0,低,122,0,差0%,545,0,100,2.1808,0,0.05,0,0,0,0.3,0.3,0,,,B,,,0.3048,0.5915,,0.3945,A,70,0,◎-○軸 3着3〜4艇流し（10〜15点）,0.5777,"{'is_target': True, 'verdict': '参加推奨', 'max_combo_prob': 0.055, 'est_top_odds': 24.2, 'circle_concentration': 69.6, 'eligible_count': 8, 'bet_adj': 2, 'reason': 'rel_win1=50.0%（本命度） / 最有力組み合わせ確率: 0.055（推定実オッズ?24倍） / 2着集中度: 上位2艇 69.6%（補正+0.00） / 総合判定確率: 0.055 / → ヒモ分散。1号艇1着固定で広めのヒモ流し推奨（買い目+2点）', 'tenji_trigger': '展示確認: ヒモ分散レース。1号艇伸び確認後、広めのヒモ流しを採用。穴ヒモ（5・6号艇）を積極的に含める。'}",,,29.2,逃げ狙い,16.75,32.5,3,,,,,,,,,,,
2025-07-20,丸亀,4,4,中辻博訓,A1,30.89,4,▲,14.3575,31.9,100,69.6,0.1314,2.6339,,,0,低,53,0,差0% ま0% 差ま0%,4163,0,76.5,1.5462,0,0.037,0.037,0.037,0,0.1205,0.0174,0.1981,,,D,◎,◎,0.3775,0.6875,0.4511,0.3945,A,70,0,◎-○軸 3着3〜4艇流し（10〜15点）,0.5777,"{'is_target': True, 'verdict': '参加推奨', 'max_combo_prob': 0.055, 'est_top_odds': 24.2, 'circle_concentration': 69.6, 'eligible_count': 8, 'bet_adj': 2, 'reason': 'rel_win1=50.0%（本命度） / 最有力組み合わせ確率: 0.055（推定実オッズ?24倍） / 2着集中度: 上位2艇 69.6%（補正+0.00） / 総合判定確率: 0.055 / → ヒモ分散。1号艇1着固定で広めのヒモ流し推奨（買い目+2点）', 'tenji_trigger': '展示確認: ヒモ分散レース。1号艇伸び確認後、広めのヒモ流しを採用。穴ヒモ（5・6号艇）を積極的に含める。'}",,,29.2,逃げ狙い,16.75,32.5,3,,,,,,,,,,,
2025-07-20,丸亀,4,5,中岡健人,B2,30.89,5,,6.457,4.2,83,37.9,0.1524,3.3879,,,0,低,104,0,-,262,0,31.3,1.6683,,,,,,0.28,0.164,0.196,,,D,△,,0.3206,0.635,,0.3945,A,70,0,◎-○軸 3着3〜4艇流し（10〜15点）,0.5777,"{'is_target': True, 'verdict': '参加推奨', 'max_combo_prob': 0.055, 'est_top_odds': 24.2, 'circle_concentration': 69.6, 'eligible_count': 8, 'bet_adj': 2, 'reason': 'rel_win1=50.0%（本命度） / 最有力組み合わせ確率: 0.055（推定実オッズ?24倍） / 2着集中度: 上位2艇 69.6%（補正+0.00） / 総合判定確率: 0.055 / → ヒモ分散。1号艇1着固定で広めのヒモ流し推奨（買い目+2点）', 'tenji_trigger': '展示確認: ヒモ分散レース。1号艇伸び確認後、広めのヒモ流しを採用。穴ヒモ（5・6号艇）を積極的に含める。'}",,,29.2,逃げ狙い,16.75,32.5,3,,,,,,,,,,,
2025-07-20,丸亀,4,6,河野真也,A2,35.71,6,△,4.0774,2.4,99,30.9,0.1853,4.2636,,,0,低,156,0,-,3 32,0,31.3,0.4806,0,0,0,0.0417,0,0.0645,0.0258,0.1774,,,C,△,,0.1837,0.6315,,0.3945,A,70,0,◎-○軸 3着3〜4艇流し（10〜15点）,0.5777,"{'is_target': True, 'verdict': '参加推奨', 'max_combo_prob': 0.055, 'est_top_odds': 24.2, 'circle_concentration': 69.6, 'eligible_count': 8, 'bet_adj': 2, 'reason': 'rel_win1=50.0%（本命度） / 最有力組み合わせ確率: 0.055（推定実オッズ?24倍） / 2着集中度: 上位2艇 69.6%（補正+0.00） / 総合判定確率: 0.055 / → ヒモ分散。1号艇1着固定で広めのヒモ流し推奨（買い目+2点）', 'tenji_trigger': '展示確認: ヒモ分散レース。1号艇伸び確認後、広めのヒモ流しを採用。穴ヒモ（5・6号艇）を積極的に含める。'}",,,29.2,逃げ狙い,16.75,32.5,3,,,,,,,,,,,
2025-07-20,丸亀,5,1,天野　誠,B1,34.34,1,▲,38.1684,,0,65.6,0.1903,3.7656,,,0,低,126,0,-,6 26,0,59.9,1.0271,0.0833,,,,,0.2667,0.0667,0.6,,,C,,,,0.582,,0.1744,C,35,0,荒れ傾向。高配当狙いか見送り,0.5777,"{'is_target': False, 'verdict': '対象外', 'max_combo_prob': None, 'est_top_odds': None, 'circle_concentration': None, 'eligible_count': 0, 'bet_adj': 0, 'reason': '1号艇rel_win1 < 45%: 通常判定に委ねる', 'tenji_trigger': ''}",,,37.3,両建て推奨,16.04,42.2,5,6-1-2|6-2-1|6-1-3|6-1-4|6-4-1|6-4-2|6-2-3|1-2-5|1-3-5|1-2-4|1-4-5,6-1-2|6-2-1|6-1-3|6-1-4|6-4-1|6-4-2|6-2-3|1-2-5|3-2-5|1-3-5|1-2-4|1-4-5,6-1-2:2.2%|6-2-1:1.11%|6-1-3:1.01%|6-1-4:0.97%|6-4-1:0.55%|6-4-2:0.53%|6-2-3:0.5%|1-2-5:5.42%|1-3-5:4.32%|1-2-4:4.13%|1-4-5:3.77%,6-1-2:B_main|6-2-1:B_main|6-1-3:B_main|6-1-4:B_main|6-4-1:B_main|6-4-2:B_main|6-2-3:B_main|1-2-5:A|1-3-5:A|1-2-4:A|1-4-5:A,11,12,0.2915,1,[!]見送り推奨（主役決まり手「まくり差し」― 逃げ劣勢レースで的中実績なし）,主役軸流し,B
2025-07-20,丸亀,5,2,服部達哉,B1,36.00,2,,15.0921,40.8,73,53.6,0.1838,3.8661,,,0,低,142,0,-,445,0,100,2.169,0,0.1,0,0,0,0.1364,0.2727,0.1364,,,C,△,,0.4273,0.6025,,0.1744,C,35,0,荒れ傾向。高配当狙いか見送り,0.5777,"{'is_target': False, 'verdict': '対象外', 'max_combo_prob': None, 'est_top_odds': None, 'circle_concentration': None, 'eligible_count': 0, 'bet_adj': 0, 'reason': '1号艇rel_win1 < 45%: 通常判定に委ねる', 'tenji_trigger': ''}",,,37.3,両建て推奨,16.04,42.2,5,,,,,,,,,,,
2025-07-20,丸亀,5,3,香月大介,B1,49.47,3,◎,13.972,25.4,68,38.3,0.1562,3.0167,,,0,低,79,0,-,144,0,25.1,0.8052,0,0,0.0417,0.0417,0.0417,0.2655,0.1927,0.1564,,○,A,,,0.4784,0.601,,0.1744,C,35,0,荒れ傾向。高配当狙いか見送り,0.5777,"{'is_target': False, 'verdict': '対象外', 'max_combo_prob': None, 'est_top_odds': None, 'circle_concentration': None, 'eligible_count': 0, 'bet_adj': 0, 'reason': '1号艇rel_win1 < 45%: 通常判定に委ねる', 'tenji_trigger': ''}",,,37.3,両建て推奨,16.04,42.2,5,,,,,,,,,,,
2025-07-20,丸亀,5,4,山下昂大,A2,30.61,4,,11.529,23.1,100,57.4,0.1613,3.3033,,,0,低,104,0,-,4515,0,39.2,0.9045,0,0,0,0.0556,0.0278,0.1624,0.1079,0.0812,,,E,△,,0.4104,0.644,,0.1744,C,35,0,荒れ傾向。高配当狙いか見送り,0.5777,"{'is_target': False, 'verdict': '対象外', 'max_combo_prob': None, 'est_top_odds': None, 'circle_concentration': None, 'eligible_count': 0, 'bet_adj': 0, 'reason': '1号艇rel_win1 < 45%: 通常判定に委ねる', 'tenji_trigger': ''}",,,37.3,両建て推奨,16.04,42.2,5,,,,,,,,,,,
2025-07-20,丸亀,5,5,中村日向,A1,32.31,5,△,19.8566,5.8,71,55.2,0.1493,3.3966,,,0,低,40,0,差ま0%,2333,0,77.5,1.5905,0,0,0,0.25,0.0833,0.1538,0.0769,0,,△,D,○,◎,0.4762,0.645,0.3888,0.1744,C,35,0,荒れ傾向。高配当狙いか見送り,0.5777,"{'is_target': False, 'verdict': '対象外', 'max_combo_prob': None, 'est_top_odds': None, 'circle_concentration': None, 'eligible_count': 0, 'bet_adj': 0, 'reason': '1号艇rel_win1 < 45%: 通常判定に委ねる', 'tenji_trigger': ''}",,,37.3,両建て推奨,16.04,42.2,5,,,,,,,,,,,
2025-07-20,丸亀,5,6,関口智久,A2,39.30,6,○,1.3819,4.8,55,25,0.1394,2.9135,,,0,低,75,0,-,1254,0,36.5,0.9933,,,,,,0.0833,0.2,0.05,,◎,B,◎,,0.4792,0.6495,,0.1744,C,35,0,荒れ傾向。高配当狙いか見送り,0.5777,"{'is_target': False, 'verdict': '対象外', 'max_combo_prob': None, 'est_top_odds': None, 'circle_concentration': None, 'eligible_count': 0, 'bet_adj': 0, 'reason': '1号艇rel_win1 < 45%: 通常判定に委ねる', 'tenji_trigger': ''}",,,37.3,両建て推奨,16.04,42.2,5,,,,,,,,,,,
2025-07-20,丸亀,6,1,野中一平,A2,27.32,1,◎,59.8967,,0,91.1,0.132,1.9889,,,0,低,26,0,逃1%,333,0,85.5,1.1718,0.75,,,,,0,0.04,0.04,◎,,D,○,,,0.66,,0.7082,S,100,0,◎1着固定 2-3着流し（5〜8点）,0.5777,"{'is_target': True, 'verdict': '参加推奨', 'max_combo_prob': 0.0699, 'est_top_odds': 19.1, 'circle_concentration': 55.0, 'eligible_count': 6, 'bet_adj': 2, 'reason': 'rel_win1=59.9%（本命度） / 最有力組み合わせ確率: 0.070（推定実オッズ?19倍） / 2着集中度: 上位2艇 55.0%（補正+0.00） / 総合判定確率: 0.070 / → ヒモ分散。1号艇1着固定で広めのヒモ流し推奨（買い目+2点）', 'tenji_trigger': '展示確認: ヒモ分散レース。1号艇伸び確認後、広めのヒモ流しを採用。穴ヒモ（5・6号艇）を積極的に含める。\n展示で1号艇スタート超安定(0.132秒)→ヒモ固まり方向に注意'}",,,19.4,逃げ狙い,12.83,22.2,3,,,,,0,0,0.7559,0,,逃げ軸流し,A
2025-07-20,丸亀,6,2,花本　剛,B1,34.38,2,○,11.0068,17.4,100,30,0.1957,4.2429,,,0,低,176,0,差0%,5 62,0,43.2,0.65,0,0.0312,0.0312,0,0.0312,0.2077,0.1615,0.1769,,,B,,,0.0557,0.5575,,0.7082,S,100,0,◎1着固定 2-3着流し（5〜8点）,0.5777,"{'is_target': True, 'verdict': '参加推奨', 'max_combo_prob': 0.0699, 'est_top_odds': 19.1, 'circle_concentration': 55.0, 'eligible_count': 6, 'bet_adj': 2, 'reason': 'rel_win1=59.9%（本命度） / 最有力組み合わせ確率: 0.070（推定実オッズ?19倍） / 2着集中度: 上位2艇 55.0%（補正+0.00） / 総合判定確率: 0.070 / → ヒモ分散。1号艇1着固定で広めのヒモ流し推奨（買い目+2点）', 'tenji_trigger': '展示確認: ヒモ分散レース。1号艇伸び確認後、広めのヒモ流しを採用。穴ヒモ（5・6号艇）を積極的に含める。\n展示で1号艇スタート超安定(0.132秒)→ヒモ固まり方向に注意'}",,,19.4,逃げ狙い,12.83,22.2,3,,,,,,,,,,,
2025-07-20,丸亀,6,3,牧原　崇,A2,29.90,3,,12.5377,24.9,90,50,0.1665,3.5676,,,0,低,174,0,ま0%,1135,0,50.5,1.1104,0,0,0.0323,0.129,0,0.0258,0.2016,0.2274,,,D,◎,,0.1369,0.6775,,0.7082,S,100,0,◎1着固定 2-3着流し（5〜8点）,0.5777,"{'is_target': True, 'verdict': '参加推奨', 'max_combo_prob': 0.0699, 'est_top_odds': 19.1, 'circle_concentration': 55.0, 'eligible_count': 6, 'bet_adj': 2, 'reason': 'rel_win1=59.9%（本命度） / 最有力組み合わせ確率: 0.070（推定実オッズ?19倍） / 2着集中度: 上位2艇 55.0%（補正+0.00） / 総合判定確率: 0.070 / → ヒモ分散。1号艇1着固定で広めのヒモ流し推奨（買い目+2点）', 'tenji_trigger': '展示確認: ヒモ分散レース。1号艇伸び確認後、広めのヒモ流しを採用。穴ヒモ（5・6号艇）を積極的に含める。\n展示で1号艇スタート超安定(0.132秒)→ヒモ固まり方向に注意'}",,,19.4,逃げ狙い,12.83,22.2,3,,,,,,,,,,,
2025-07-20,丸亀,6,4,加藤雅之,B1,30.96,4,,3.5347,20,42,27.5,0.2202,4.7157,,,0,低,169,0,-,662,0,16.3,0.6447,,,,,,0.3529,0.2353,0.1765,,,C,△,,0.1355,0.5715,,0.7082,S,100,0,◎1着固定 2-3着流し（5〜8点）,0.5777,"{'is_target': True, 'verdict': '参加推奨', 'max_combo_prob': 0.0699, 'est_top_odds': 19.1, 'circle_concentration': 55.0, 'eligible_count': 6, 'bet_adj': 2, 'reason': 'rel_win1=59.9%（本命度） / 最有力組み合わせ確率: 0.070（推定実オッズ?19倍） / 2着集中度: 上位2艇 55.0%（補正+0.00） / 総合判定確率: 0.070 / → ヒモ分散。1号艇1着固定で広めのヒモ流し推奨（買い目+2点）', 'tenji_trigger': '展示確認: ヒモ分散レース。1号艇伸び確認後、広めのヒモ流しを採用。穴ヒモ（5・6号艇）を積極的に含める。\n展示で1号艇スタート超安定(0.132秒)→ヒモ固まり方向に注意'}",,,19.4,逃げ狙い,12.83,22.2,3,,,,,,,,,,,
2025-07-20,丸亀,6,5,小坂尚哉,A1,31.68,5,▲,9.0664,30.1,85,58,0.1523,2.9638,,,0,低,81,0,差ま0%,2411,0,93.4,1.7371,0,0,0,0.037,0,0.0488,0.0488,0.0976,,,C,△,◎,0.2147,0.657,0.4344,0.7082,S,100,0,◎1着固定 2-3着流し（5〜8点）,0.5777,"{'is_target': True, 'verdict': '参加推奨', 'max_combo_prob': 0.0699, 'est_top_odds': 19.1, 'circle_concentration': 55.0, 'eligible_count': 6, 'bet_adj': 2, 'reason': 'rel_win1=59.9%（本命度） / 最有力組み合わせ確率: 0.070（推定実オッズ?19倍） / 2着集中度: 上位2艇 55.0%（補正+0.00） / 総合判定確率: 0.070 / → ヒモ分散。1号艇1着固定で広めのヒモ流し推奨（買い目+2点）', 'tenji_trigger': '展示確認: ヒモ分散レース。1号艇伸び確認後、広めのヒモ流しを採用。穴ヒモ（5・6号艇）を積極的に含める。\n展示で1号艇スタート超安定(0.132秒)→ヒモ固まり方向に注意'}",,,19.4,逃げ狙い,12.83,22.2,3,,,,,,,,,,,
2025-07-20,丸亀,6,6,寳田亮治,B1,33.33,6,△,3.9578,7.6,26,25.9,0.1935,4.2407,,,0,低,118,0,-,565,0,25.8,0.8958,,,,,,0.3056,0.0444,0.0444,,,B,,,0.1388,0.5335,,0.7082,S,100,0,◎1着固定 2-3着流し（5〜8点）,0.5777,"{'is_target': True, 'verdict': '参加推奨', 'max_combo_prob': 0.0699, 'est_top_odds': 19.1, 'circle_concentration': 55.0, 'eligible_count': 6, 'bet_adj': 2, 'reason': 'rel_win1=59.9%（本命度） / 最有力組み合わせ確率: 0.070（推定実オッズ?19倍） / 2着集中度: 上位2艇 55.0%（補正+0.00） / 総合判定確率: 0.070 / → ヒモ分散。1号艇1着固定で広めのヒモ流し推奨（買い目+2点）', 'tenji_trigger': '展示確認: ヒモ分散レース。1号艇伸び確認後、広めのヒモ流しを採用。穴ヒモ（5・6号艇）を積極的に含める。\n展示で1号艇スタート超安定(0.132秒)→ヒモ固まり方向に注意'}",,,19.4,逃げ狙い,12.83,22.2,3,,,,,,,,,,,
2025-07-20,丸亀,7,1,山本浩次,B1,27.18,1,◎,53.0888,,0,78,0.1524,2.9878,,,0,低,84,0,逃1%,5 14,0,85.3,1.0697,0.6,,,,,0.23,0.2033,0,○,,D,,,,0.5845,,0.446,A,64,0,◎-○軸 3着3〜4艇流し（10〜15点）,0.5777,"{'is_target': True, 'verdict': '点数絞り', 'max_combo_prob': 0.108, 'est_top_odds': 12.3, 'circle_concentration': 80.6, 'eligible_count': 8, 'bet_adj': 0, 'reason': 'rel_win1=53.1%（本命度） / 最有力組み合わせ確率: 0.108（推定実オッズ?12倍） / 2着集中度: 上位2艇 80.6%（補正+0.04） / 総合判定確率: 0.148 / → ヒモはやや固め。上位2艇以外を切ること', 'tenji_trigger': '展示確認: 1号艇伸び良→そのまま採用。悪→飛び組に差し替え。circle_pct上位2艇に絞り込むこと。'}",,,30.6,両建て推奨,18.8,34.9,3,,,,,0,0,0.6155,0,,逃げ軸流し,A
2025-07-20,丸亀,7,2,松山将吾,A1,27.22,2,○,18.6881,55.6,27,64.9,0.1456,3.0439,,,0,低,66,0,差0% ま0% 抜0%,1223,0,60.6,1.1197,0,0.1429,0.0714,0,0.0357,0.0138,0.1614,0.189,,◎,D,○,,0.3984,0.664,,0.446,A,64,0,◎-○軸 3着3〜4艇流し（10〜15点）,0.5777,"{'is_target': True, 'verdict': '点数絞り', 'max_combo_prob': 0.108, 'est_top_odds': 12.3, 'circle_concentration': 80.6, 'eligible_count': 8, 'bet_adj': 0, 'reason': 'rel_win1=53.1%（本命度） / 最有力組み合わせ確率: 0.108（推定実オッズ?12倍） / 2着集中度: 上位2艇 80.6%（補正+0.04） / 総合判定確率: 0.148 / → ヒモはやや固め。上位2艇以外を切ること', 'tenji_trigger': '展示確認: 1号艇伸び良→そのまま採用。悪→飛び組に差し替え。circle_pct上位2艇に絞り込むこと。'}",,,30.6,両建て推奨,18.8,34.9,3,,,,,,,,,,,
2025-07-20,丸亀,7,3,武田光史,A1,31.58,3,▲,17.1984,25.1,100,76.9,0.1692,3.5,,,0,低,118,0,-,2111,0,38.7,0.8004,0,0,0.1053,0,0,0.1394,0.1511,0.0697,,,C,,,0.214,0.5965,,0.446,A,64,0,◎-○軸 3着3〜4艇流し（10〜15点）,0.5777,"{'is_target': True, 'verdict': '点数絞り', 'max_combo_prob': 0.108, 'est_top_odds': 12.3, 'circle_concentration': 80.6, 'eligible_count': 8, 'bet_adj': 0, 'reason': 'rel_win1=53.1%（本命度） / 最有力組み合わせ確率: 0.108（推定実オッズ?12倍） / 2着集中度: 上位2艇 80.6%（補正+0.04） / 総合判定確率: 0.148 / → ヒモはやや固め。上位2艇以外を切ること', 'tenji_trigger': '展示確認: 1号艇伸び良→そのまま採用。悪→飛び組に差し替え。circle_pct上位2艇に絞り込むこと。'}",,,30.6,両建て推奨,18.8,34.9,3,,,,,,,,,,,
2025-07-20,丸亀,7,4,山口隆史,B1,32.50,4,,6.4842,9.8,50,30.1,0.2033,3.9247,,,0,低,153,0,-,3 66,0,19.9,0.6845,,,,,,0.1467,0.1067,0.2,,,B,△,,0.1364,0.603,,0.446,A,64,0,◎-○軸 3着3〜4艇流し（10〜15点）,0.5777,"{'is_target': True, 'verdict': '点数絞り', 'max_combo_prob': 0.108, 'est_top_odds': 12.3, 'circle_concentration': 80.6, 'eligible_count': 8, 'bet_adj': 0, 'reason': 'rel_win1=53.1%（本命度） / 最有力組み合わせ確率: 0.108（推定実オッズ?12倍） / 2着集中度: 上位2艇 80.6%（補正+0.04） / 総合判定確率: 0.148 / → ヒモはやや固め。上位2艇以外を切ること', 'tenji_trigger': '展示確認: 1号艇伸び良→そのまま採用。悪→飛び組に差し替え。circle_pct上位2艇に絞り込むこと。'}",,,30.6,両建て推奨,18.8,34.9,3,,,,,,,,,,,
2025-07-20,丸亀,7,5,高濱芳久,A2,27.37,5,,2.7439,7.9,53,26.5,0.1771,3.9853,,,0,低,114,0,-,4131,0,31.5,0.7638,,,,,,0.0485,0.1485,0.1485,,,D,△,,0.2314,0.6335,,0.446,A,64,0,◎-○軸 3着3〜4艇流し（10〜15点）,0.5777,"{'is_target': True, 'verdict': '点数絞り', 'max_combo_prob': 0.108, 'est_top_odds': 12.3, 'circle_concentration': 80.6, 'eligible_count': 8, 'bet_adj': 0, 'reason': 'rel_win1=53.1%（本命度） / 最有力組み合わせ確率: 0.108（推定実オッズ?12倍） / 2着集中度: 上位2艇 80.6%（補正+0.04） / 総合判定確率: 0.148 / → ヒモはやや固め。上位2艇以外を切ること', 'tenji_trigger': '展示確認: 1号艇伸び良→そのまま採用。悪→飛び組に差し替え。circle_pct上位2艇に絞り込むこと。'}",,,30.6,両建て推奨,18.8,34.9,3,,,,,,,,,,,
2025-07-20,丸亀,7,6,吉村正明,B2,31.96,6,△,1.7966,1.7,70,23.8,0.1671,3.1667,,,0,低,52,0,-,562,0,49.6,0.985,,,,,,0.08,0,0.04,,,B,◎,,0.2632,0.6725,,0.446,A,64,0,◎-○軸 3着3〜4艇流し（10〜15点）,0.5777,"{'is_target': True, 'verdict': '点数絞り', 'max_combo_prob': 0.108, 'est_top_odds': 12.3, 'circle_concentration': 80.6, 'eligible_count': 8, 'bet_adj': 0, 'reason': 'rel_win1=53.1%（本命度） / 最有力組み合わせ確率: 0.108（推定実オッズ?12倍） / 2着集中度: 上位2艇 80.6%（補正+0.04） / 総合判定確率: 0.148 / → ヒモはやや固め。上位2艇以外を切ること', 'tenji_trigger': '展示確認: 1号艇伸び良→そのまま採用。悪→飛び組に差し替え。circle_pct上位2艇に絞り込むこと。'}",,,30.6,両建て推奨,18.8,34.9,3,,,,,,,,,,,
2025-07-20,丸亀,8,1,金子和之,A1,27.55,1,◎,66.6118,,0,93.9,0.1429,2.2576,,,0,低,99,0,逃0%,3514,0,94.8,1.2988,0.7407,,,,,0.0444,0.1778,0,◎,,D,△,,,0.6185,,0.6954,S,84,0,◎1着固定 2-3着流し（5〜8点）,0.5777,"{'is_target': True, 'verdict': '点数絞り', 'max_combo_prob': 0.1511, 'est_top_odds': 8.8, 'circle_concentration': 86.0, 'eligible_count': 6, 'bet_adj': 0, 'reason': 'rel_win1=66.6%（本命度） / 最有力組み合わせ確率: 0.151（推定実オッズ?9倍） / 2着集中度: 上位2艇 86.0%（補正+0.04） / 総合判定確率: 0.191 / → ヒモはやや固め。上位2艇以外を切ること', 'tenji_trigger': '展示確認: 1号艇伸び良→そのまま採用。悪→飛び組に差し替え。circle_pct上位2艇に絞り込むこと。'}",,,26.1,逃げ狙い,13.35,26.7,2,,,,,0,0,0.7559,0,,逃げ軸流し,A
2025-07-20,丸亀,8,2,谷川祐一,A2,24.43,2,,16.3137,61.7,43,72.3,0.1615,3.2385,,,0,低,96,0,抜0%,324,0,55.1,1.0557,0,0.1538,0.0385,0,0.1154,0.0286,0.3257,0.0286,,,E,○,,0.1467,0.6465,,0.6954,S,84,0,◎1着固定 2-3着流し（5〜8点）,0.5777,"{'is_target': True, 'verdict': '点数絞り', 'max_combo_prob': 0.1511, 'est_top_odds': 8.8, 'circle_concentration': 86.0, 'eligible_count': 6, 'bet_adj': 0, 'reason': 'rel_win1=66.6%（本命度） / 最有力組み合わせ確率: 0.151（推定実オッズ?9倍） / 2着集中度: 上位2艇 86.0%（補正+0.04） / 総合判定確率: 0.191 / → ヒモはやや固め。上位2艇以外を切ること', 'tenji_trigger': '展示確認: 1号艇伸び良→そのまま採用。悪→飛び組に差し替え。circle_pct上位2艇に絞り込むこと。'}",,,26.1,逃げ狙い,13.35,26.7,2,,,,,,,,,,,
2025-07-20,丸亀,8,3,宮武英司,B1,28.43,3,△,4.8008,24.3,90,50,0.1588,3.4833,,,0,低,89,0,-,254,0,61.5,1.2621,0,0,0.0357,0,0,0.4889,0.0222,0.0222,,,C,◎,,0.1993,0.658,,0.6954,S,84,0,◎1着固定 2-3着流し（5〜8点）,0.5777,"{'is_target': True, 'verdict': '点数絞り', 'max_combo_prob': 0.1511, 'est_top_odds': 8.8, 'circle_concentration': 86.0, 'eligible_count': 6, 'bet_adj': 0, 'reason': 'rel_win1=66.6%（本命度） / 最有力組み合わせ確率: 0.151（推定実オッズ?9倍） / 2着集中度: 上位2艇 86.0%（補正+0.04） / 総合判定確率: 0.191 / → ヒモはやや固め。上位2艇以外を切ること', 'tenji_trigger': '展示確認: 1号艇伸び良→そのまま採用。悪→飛び組に差し替え。circle_pct上位2艇に絞り込むこと。'}",,,26.1,逃げ狙い,13.35,26.7,2,,,,,,,,,,,
2025-07-20,丸亀,8,4,河野真也,A2,35.71,4,○,6.2274,8.3,100,47.5,0.1723,3.8443,,,0,低,156,0,ま0% 抜0%,3 32,0,50.6,0.927,0,0,0.04,0,0.04,0.0645,0.0258,0.1774,,,B,△,,0.1723,0.6315,,0.6954,S,84,0,◎1着固定 2-3着流し（5〜8点）,0.5777,"{'is_target': True, 'verdict': '点数絞り', 'max_combo_prob': 0.1511, 'est_top_odds': 8.8, 'circle_concentration': 86.0, 'eligible_count': 6, 'bet_adj': 0, 'reason': 'rel_win1=66.6%（本命度） / 最有力組み合わせ確率: 0.151（推定実オッズ?9倍） / 2着集中度: 上位2艇 86.0%（補正+0.04） / 総合判定確率: 0.191 / → ヒモはやや固め。上位2艇以外を切ること', 'tenji_trigger': '展示確認: 1号艇伸び良→そのまま採用。悪→飛び組に差し替え。circle_pct上位2艇に絞り込むこと。'}",,,26.1,逃げ狙い,13.35,26.7,2,,,,,,,,,,,
2025-07-20,丸亀,8,5,東口　晃,B1,32.83,5,▲,3.2554,1,61,20.3,0.2183,4.4153,,,0,低,156,0,差ま0%,3 46,0,27.7,0.6807,0,0,0,0.0476,0,0.4333,0.2567,0.0533,,,B,,,0.1103,0.529,,0.6954,S,84,0,◎1着固定 2-3着流し（5〜8点）,0.5777,"{'is_target': True, 'verdict': '点数絞り', 'max_combo_prob': 0.1511, 'est_top_odds': 8.8, 'circle_concentration': 86.0, 'eligible_count': 6, 'bet_adj': 0, 'reason': 'rel_win1=66.6%（本命度） / 最有力組み合わせ確率: 0.151（推定実オッズ?9倍） / 2着集中度: 上位2艇 86.0%（補正+0.04） / 総合判定確率: 0.191 / → ヒモはやや固め。上位2艇以外を切ること', 'tenji_trigger': '展示確認: 1号艇伸び良→そのまま採用。悪→飛び組に差し替え。circle_pct上位2艇に絞り込むこと。'}",,,26.1,逃げ狙い,13.35,26.7,2,,,,,,,,,,,
2025-07-20,丸亀,8,6,柴田大輔,B2,31.44,6,,2.7909,4.7,21,15.6,0.2702,4.9222,,,0,低,176,0,-,4 34,0,24.8,0.6228,0,0,0,0.0455,0,0.2769,0.2923,0.2769,,,C,,,0.1103,0.4955,,0.6954,S,84,0,◎1着固定 2-3着流し（5〜8点）,0.5777,"{'is_target': True, 'verdict': '点数絞り', 'max_combo_prob': 0.1511, 'est_top_odds': 8.8, 'circle_concentration': 86.0, 'eligible_count': 6, 'bet_adj': 0, 'reason': 'rel_win1=66.6%（本命度） / 最有力組み合わせ確率: 0.151（推定実オッズ?9倍） / 2着集中度: 上位2艇 86.0%（補正+0.04） / 総合判定確率: 0.191 / → ヒモはやや固め。上位2艇以外を切ること', 'tenji_trigger': '展示確認: 1号艇伸び良→そのまま採用。悪→飛び組に差し替え。circle_pct上位2艇に絞り込むこと。'}",,,26.1,逃げ狙い,13.35,26.7,2,,,,,,,,,,,
2025-07-20,丸亀,9,1,松下直也,A2,31.31,1,◎,54.8359,,0,75,0.1788,4.125,,,0,低,177,0,逃1%,1234,0,85.5,1.1137,0.3333,,,,,0.0286,0.3714,0.2381,△,,C,△,,,0.621,,0.2512,A,61,0,◎-○軸 3着3〜4艇流し（10〜15点）,0.5777,"{'is_target': True, 'verdict': '点数絞り', 'max_combo_prob': 0.132, 'est_top_odds': 10.1, 'circle_concentration': 81.7, 'eligible_count': 8, 'bet_adj': 0, 'reason': 'rel_win1=54.8%（本命度） / 最有力組み合わせ確率: 0.132（推定実オッズ?10倍） / 2着集中度: 上位2艇 81.7%（補正+0.04） / 総合判定確率: 0.172 / → ヒモはやや固め。上位2艇以外を切ること', 'tenji_trigger': '展示確認: 1号艇伸び良→そのまま採用。悪→飛び組に差し替え。circle_pct上位2艇に絞り込むこと。'}",,,30.9,両建て推奨,20.07,34.7,2,2-1-4|1-2-4|1-2-5|1-4-2|1-3-4|1-4-5,6-1-4|5-1-6|6-4-1|5-6-1|6-1-5|2-1-4|6-1-3|1-2-4|1-2-5|1-4-2|1-3-4|1-4-5,2-1-4:1.92%|1-2-4:12.45%|1-2-5:9.57%|1-4-2:4.83%|1-3-4:4.77%|1-4-5:4.47%,2-1-4:B_main|1-2-4:A|1-2-5:A|1-4-2:A|1-3-4:A|1-4-5:A,6,12,0.4535,1,[!]見送り推奨（主役決まり手「差し」― 逃げ劣勢レースで的中実績なし）,荒れ広め,D
2025-07-20,丸亀,9,2,中辻博訓,A1,30.89,2,▲,19.4158,64.2,85,80.3,0.1356,2.4672,,,0,低,53,0,-,4163,0,51.2,0.9486,0,0.1154,0.1538,0,0,0.1205,0.0174,0.1981,,◎,C,◎,,0.5859,0.6875,,0.2512,A,61,0,◎-○軸 3着3〜4艇流し（10〜15点）,0.5777,"{'is_target': True, 'verdict': '点数絞り', 'max_combo_prob': 0.132, 'est_top_odds': 10.1, 'circle_concentration': 81.7, 'eligible_count': 8, 'bet_adj': 0, 'reason': 'rel_win1=54.8%（本命度） / 最有力組み合わせ確率: 0.132（推定実オッズ?10倍） / 2着集中度: 上位2艇 81.7%（補正+0.04） / 総合判定確率: 0.172 / → ヒモはやや固め。上位2艇以外を切ること', 'tenji_trigger': '展示確認: 1号艇伸び良→そのまま採用。悪→飛び組に差し替え。circle_pct上位2艇に絞り込むこと。'}",,,30.9,両建て推奨,20.07,34.7,2,,,,,,,,,,,
2025-07-20,丸亀,9,3,小川広大,B1,26.82,3,,6.724,17.4,66,27,0.1949,4.4206,,,0,低,185,0,-,3 55,0,15.2,0.564,,,,,,0.2545,0.0545,0.2909,,,E,,,0.264,0.5845,,0.2512,A,61,0,◎-○軸 3着3〜4艇流し（10〜15点）,0.5777,"{'is_target': True, 'verdict': '点数絞り', 'max_combo_prob': 0.132, 'est_top_odds': 10.1, 'circle_concentration': 81.7, 'eligible_count': 8, 'bet_adj': 0, 'reason': 'rel_win1=54.8%（本命度） / 最有力組み合わせ確率: 0.132（推定実オッズ?10倍） / 2着集中度: 上位2艇 81.7%（補正+0.04） / 総合判定確率: 0.172 / → ヒモはやや固め。上位2艇以外を切ること', 'tenji_trigger': '展示確認: 1号艇伸び良→そのまま採用。悪→飛び組に差し替え。circle_pct上位2艇に絞り込むこと。'}",,,30.9,両建て推奨,20.07,34.7,2,,,,,,,,,,,
2025-07-20,丸亀,9,4,関口智久,A2,39.30,4,○,10.9101,12.5,88,51.7,0.1355,2.8534,,,0,低,75,0,ま0% 差ま0%,1254,0,66.5,1.1551,0,0,0.1379,0.0345,0,0.0833,0.2,0.05,,○,B,○,◎,0.5362,0.6495,0.4207,0.2512,A,61,0,◎-○軸 3着3〜4艇流し（10〜15点）,0.5777,"{'is_target': True, 'verdict': '点数絞り', 'max_combo_prob': 0.132, 'est_top_odds': 10.1, 'circle_concentration': 81.7, 'eligible_count': 8, 'bet_adj': 0, 'reason': 'rel_win1=54.8%（本命度） / 最有力組み合わせ確率: 0.132（推定実オッズ?10倍） / 2着集中度: 上位2艇 81.7%（補正+0.04） / 総合判定確率: 0.172 / → ヒモはやや固め。上位2艇以外を切ること', 'tenji_trigger': '展示確認: 1号艇伸び良→そのまま採用。悪→飛び組に差し替え。circle_pct上位2艇に絞り込むこと。'}",,,30.9,両建て推奨,20.07,34.7,2,,,,,,,,,,,
2025-07-20,丸亀,9,5,谷口知優,B1,27.42,5,,6.9187,5.5,100,46.7,0.1598,3.3444,,,0,低,83,0,-,351,0,65,1.116,0,0,0.0476,0.0476,0,0,0.3481,0.1039,,△,D,△,,0.404,0.6165,,0.2512,A,61,0,◎-○軸 3着3〜4艇流し（10〜15点）,0.5777,"{'is_target': True, 'verdict': '点数絞り', 'max_combo_prob': 0.132, 'est_top_odds': 10.1, 'circle_concentration': 81.7, 'eligible_count': 8, 'bet_adj': 0, 'reason': 'rel_win1=54.8%（本命度） / 最有力組み合わせ確率: 0.132（推定実オッズ?10倍） / 2着集中度: 上位2艇 81.7%（補正+0.04） / 総合判定確率: 0.172 / → ヒモはやや固め。上位2艇以外を切ること', 'tenji_trigger': '展示確認: 1号艇伸び良→そのまま採用。悪→飛び組に差し替え。circle_pct上位2艇に絞り込むこと。'}",,,30.9,両建て推奨,20.07,34.7,2,,,,,,,,,,,
2025-07-20,丸亀,9,6,山本凱立,B2,33.16,6,△,1.1955,0.3,13,0,0.2046,4.37,,,0,低,56,0,-,6 6,0,25.7,0.5706,,,,,,,,,,,C,,,0.2864,0.4725,,0.2512,A,61,0,◎-○軸 3着3〜4艇流し（10〜15点）,0.5777,"{'is_target': True, 'verdict': '点数絞り', 'max_combo_prob': 0.132, 'est_top_odds': 10.1, 'circle_concentration': 81.7, 'eligible_count': 8, 'bet_adj': 0, 'reason': 'rel_win1=54.8%（本命度） / 最有力組み合わせ確率: 0.132（推定実オッズ?10倍） / 2着集中度: 上位2艇 81.7%（補正+0.04） / 総合判定確率: 0.172 / → ヒモはやや固め。上位2艇以外を切ること', 'tenji_trigger': '展示確認: 1号艇伸び良→そのまま採用。悪→飛び組に差し替え。circle_pct上位2艇に絞り込むこと。'}",,,30.9,両建て推奨,20.07,34.7,2,,,,,,,,,,,
2025-07-20,丸亀,10,1,竹田辰也,A1,40.00,1,◎,69.3266,,0,93,0.134,2.6395,,,0,低,94,0,逃1%,6641,0,84.1,1.1887,0.6429,,,,,0.019,0.0476,0.2071,◎,,B,△,,,0.6225,,0.5924,S,94,0,◎1着固定 2-3着流し（5〜8点）,0.5777,"{'is_target': True, 'verdict': '参加推奨', 'max_combo_prob': 0.082, 'est_top_odds': 16.3, 'circle_concentration': 60.0, 'eligible_count': 6, 'bet_adj': 2, 'reason': 'rel_win1=69.3%（本命度） / 最有力組み合わせ確率: 0.082（推定実オッズ?16倍） / 2着集中度: 上位2艇 60.0%（補正+0.00） / 総合判定確率: 0.082 / → ヒモ分散。1号艇1着固定で広めのヒモ流し推奨（買い目+2点）', 'tenji_trigger': '展示確認: ヒモ分散レース。1号艇伸び確認後、広めのヒモ流しを採用。穴ヒモ（5・6号艇）を積極的に含める。\n展示で1号艇スタート超安定(0.134秒)→ヒモ固まり方向に注意'}",,,26.3,逃げ狙い,15.3,25.6,4,,,,,0,0,0.7559,0,,逃げ軸流し,A
2025-07-20,丸亀,10,2,中岡健人,B2,30.89,2,,5.4247,32.2,100,53.4,0.1702,3.5172,,,0,低,104,0,-,262,0,95.3,0.7383,,,,,,0.28,0.164,0.196,,,D,△,,0.0804,0.635,,0.5924,S,94,0,◎1着固定 2-3着流し（5〜8点）,0.5777,"{'is_target': True, 'verdict': '参加推奨', 'max_combo_prob': 0.082, 'est_top_odds': 16.3, 'circle_concentration': 60.0, 'eligible_count': 6, 'bet_adj': 2, 'reason': 'rel_win1=69.3%（本命度） / 最有力組み合わせ確率: 0.082（推定実オッズ?16倍） / 2着集中度: 上位2艇 60.0%（補正+0.00） / 総合判定確率: 0.082 / → ヒモ分散。1号艇1着固定で広めのヒモ流し推奨（買い目+2点）', 'tenji_trigger': '展示確認: ヒモ分散レース。1号艇伸び確認後、広めのヒモ流しを採用。穴ヒモ（5・6号艇）を積極的に含める。\n展示で1号艇スタート超安定(0.134秒)→ヒモ固まり方向に注意'}",,,26.3,逃げ狙い,15.3,25.6,4,,,,,,,,,,,
2025-07-20,丸亀,10,3,畑　和宏,B1,38.42,3,△,6.4212,17.7,83,47.8,0.1652,3.0597,,,0,低,117,0,-,665,0,30.1,0.8502,,,,,,0.019,0.2971,0.3924,,,C,,,0.1594,0.597,,0.5924,S,94,0,◎1着固定 2-3着流し（5〜8点）,0.5777,"{'is_target': True, 'verdict': '参加推奨', 'max_combo_prob': 0.082, 'est_top_odds': 16.3, 'circle_concentration': 60.0, 'eligible_count': 6, 'bet_adj': 2, 'reason': 'rel_win1=69.3%（本命度） / 最有力組み合わせ確率: 0.082（推定実オッズ?16倍） / 2着集中度: 上位2艇 60.0%（補正+0.00） / 総合判定確率: 0.082 / → ヒモ分散。1号艇1着固定で広めのヒモ流し推奨（買い目+2点）', 'tenji_trigger': '展示確認: ヒモ分散レース。1号艇伸び確認後、広めのヒモ流しを採用。穴ヒモ（5・6号艇）を積極的に含める。\n展示で1号艇スタート超安定(0.134秒)→ヒモ固まり方向に注意'}",,,26.3,逃げ狙い,15.3,25.6,4,,,,,,,,,,,
2025-07-20,丸亀,10,4,吉川喜継,A1,31.66,4,▲,10.4514,27.8,60,63.8,0.1541,3.2246,,,0,低,101,0,差0% ま0% 差ま0%,5312,0,65.8,1.3287,0,0.0625,0.0312,0.0312,0,0.0865,0.2196,0.024,,,D,◎,◎,0.2152,0.6615,0.2491,0.5924,S,94,0,◎1着固定 2-3着流し（5〜8点）,0.5777,"{'is_target': True, 'verdict': '参加推奨', 'max_combo_prob': 0.082, 'est_top_odds': 16.3, 'circle_concentration': 60.0, 'eligible_count': 6, 'bet_adj': 2, 'reason': 'rel_win1=69.3%（本命度） / 最有力組み合わせ確率: 0.082（推定実オッズ?16倍） / 2着集中度: 上位2艇 60.0%（補正+0.00） / 総合判定確率: 0.082 / → ヒモ分散。1号艇1着固定で広めのヒモ流し推奨（買い目+2点）', 'tenji_trigger': '展示確認: ヒモ分散レース。1号艇伸び確認後、広めのヒモ流しを採用。穴ヒモ（5・6号艇）を積極的に含める。\n展示で1号艇スタート超安定(0.134秒)→ヒモ固まり方向に注意'}",,,26.3,逃げ狙い,15.3,25.6,4,,,,,,,,,,,
2025-07-20,丸亀,10,5,野中一平,A2,27.32,5,,7.2866,21.4,94,64.9,0.1103,2.0541,,,0,低,26,0,ま0% 差ま0%,333,0,26.8,1.8057,0,0,0.0588,0.0588,0,0,0.04,0.04,,,E,○,,0.3779,0.66,,0.5924,S,94,0,◎1着固定 2-3着流し（5〜8点）,0.5777,"{'is_target': True, 'verdict': '参加推奨', 'max_combo_prob': 0.082, 'est_top_odds': 16.3, 'circle_concentration': 60.0, 'eligible_count': 6, 'bet_adj': 2, 'reason': 'rel_win1=69.3%（本命度） / 最有力組み合わせ確率: 0.082（推定実オッズ?16倍） / 2着集中度: 上位2艇 60.0%（補正+0.00） / 総合判定確率: 0.082 / → ヒモ分散。1号艇1着固定で広めのヒモ流し推奨（買い目+2点）', 'tenji_trigger': '展示確認: ヒモ分散レース。1号艇伸び確認後、広めのヒモ流しを採用。穴ヒモ（5・6号艇）を積極的に含める。\n展示で1号艇スタート超安定(0.134秒)→ヒモ固まり方向に注意'}",,,26.3,逃げ狙い,15.3,25.6,4,,,,,,,,,,,
2025-07-20,丸亀,10,6,香月大介,B1,49.47,6,○,1.0895,0.9,19,2.5,0.1527,2.8,,,0,低,79,0,-,144,0,26.8,0.6439,,,,,,0.2655,0.1927,0.1564,,,A,,,0.2599,0.601,,0.5924,S,94,0,◎1着固定 2-3着流し（5〜8点）,0.5777,"{'is_target': True, 'verdict': '参加推奨', 'max_combo_prob': 0.082, 'est_top_odds': 16.3, 'circle_concentration': 60.0, 'eligible_count': 6, 'bet_adj': 2, 'reason': 'rel_win1=69.3%（本命度） / 最有力組み合わせ確率: 0.082（推定実オッズ?16倍） / 2着集中度: 上位2艇 60.0%（補正+0.00） / 総合判定確率: 0.082 / → ヒモ分散。1号艇1着固定で広めのヒモ流し推奨（買い目+2点）', 'tenji_trigger': '展示確認: ヒモ分散レース。1号艇伸び確認後、広めのヒモ流しを採用。穴ヒモ（5・6号艇）を積極的に含める。\n展示で1号艇スタート超安定(0.134秒)→ヒモ固まり方向に注意'}",,,26.3,逃げ狙い,15.3,25.6,4,,,,,,,,,,,
2025-07-20,丸亀,11,1,小坂尚哉,A1,31.68,1,◎,65.3286,,0,97.8,0.1389,2.4239,,,0,低,81,0,逃1%,2411,0,78.1,1.0688,0.7317,,,,,0.0488,0.0488,0.0976,◎,,C,○,,,0.657,,0.6303,S,91,0,◎1着固定 2-3着流し（5〜8点）,0.5777,"{'is_target': True, 'verdict': '点数絞り', 'max_combo_prob': 0.0885, 'est_top_odds': 15.1, 'circle_concentration': 82.2, 'eligible_count': 6, 'bet_adj': 0, 'reason': 'rel_win1=65.3%（本命度） / 最有力組み合わせ確率: 0.089（推定実オッズ?15倍） / 2着集中度: 上位2艇 82.2%（補正+0.04） / 総合判定確率: 0.129 / → ヒモはやや固め。上位2艇以外を切ること', 'tenji_trigger': '展示確認: 1号艇伸び良→そのまま採用。悪→飛び組に差し替え。circle_pct上位2艇に絞り込むこと。\n展示で1号艇スタート超安定(0.139秒)→ヒモ固まり方向に注意'}",,,25.3,逃げ狙い,12.34,25.1,2,,,,,0,0,0.7559,0,,逃げ軸流し,A
2025-07-20,丸亀,11,2,山下昂大,A2,30.61,2,△,12.4225,37.3,91,64.8,0.1698,4,,,0,低,104,0,差0%,4515,0,44.5,1.0457,0,0.1304,0,0,0,0.1624,0.1079,0.0812,,,D,△,,0.0871,0.644,,0.6303,S,91,0,◎1着固定 2-3着流し（5〜8点）,0.5777,"{'is_target': True, 'verdict': '点数絞り', 'max_combo_prob': 0.0885, 'est_top_odds': 15.1, 'circle_concentration': 82.2, 'eligible_count': 6, 'bet_adj': 0, 'reason': 'rel_win1=65.3%（本命度） / 最有力組み合わせ確率: 0.089（推定実オッズ?15倍） / 2着集中度: 上位2艇 82.2%（補正+0.04） / 総合判定確率: 0.129 / → ヒモはやや固め。上位2艇以外を切ること', 'tenji_trigger': '展示確認: 1号艇伸び良→そのまま採用。悪→飛び組に差し替え。circle_pct上位2艇に絞り込むこと。\n展示で1号艇スタート超安定(0.139秒)→ヒモ固まり方向に注意'}",,,25.3,逃げ狙い,12.34,25.1,2,,,,,,,,,,,
2025-07-20,丸亀,11,3,峰重力也,B1,40.00,3,○,9.7694,44.8,67,58.5,0.1236,2.4906,,,0,低,41,0,-,3 52,0,46.8,1.1229,0,0.0417,0.125,0.0833,0,0.0211,0.1699,0.1699,,◎,B,◎,,0.3908,0.677,,0.6303,S,91,0,◎1着固定 2-3着流し（5〜8点）,0.5777,"{'is_target': True, 'verdict': '点数絞り', 'max_combo_prob': 0.0885, 'est_top_odds': 15.1, 'circle_concentration': 82.2, 'eligible_count': 6, 'bet_adj': 0, 'reason': 'rel_win1=65.3%（本命度） / 最有力組み合わせ確率: 0.089（推定実オッズ?15倍） / 2着集中度: 上位2艇 82.2%（補正+0.04） / 総合判定確率: 0.129 / → ヒモはやや固め。上位2艇以外を切ること', 'tenji_trigger': '展示確認: 1号艇伸び良→そのまま採用。悪→飛び組に差し替え。circle_pct上位2艇に絞り込むこと。\n展示で1号艇スタート超安定(0.139秒)→ヒモ固まり方向に注意'}",,,25.3,逃げ狙い,12.34,25.1,2,,,,,,,,,,,
2025-07-20,丸亀,11,4,高橋直哉,B1,38.50,4,▲,7.1978,11.7,100,49.1,0.1941,4.1356,,,0,低,172,0,差0% ま0%,121,0,90,0.8072,0,0.0385,0.0385,0.0769,0,0.05,0.2833,0.05,,,B,,◎,0.1242,0.606,0.2123,0.6303,S,91,0,◎1着固定 2-3着流し（5〜8点）,0.5777,"{'is_target': True, 'verdict': '点数絞り', 'max_combo_prob': 0.0885, 'est_top_odds': 15.1, 'circle_concentration': 82.2, 'eligible_count': 6, 'bet_adj': 0, 'reason': 'rel_win1=65.3%（本命度） / 最有力組み合わせ確率: 0.089（推定実オッズ?15倍） / 2着集中度: 上位2艇 82.2%（補正+0.04） / 総合判定確率: 0.129 / → ヒモはやや固め。上位2艇以外を切ること', 'tenji_trigger': '展示確認: 1号艇伸び良→そのまま採用。悪→飛び組に差し替え。circle_pct上位2艇に絞り込むこと。\n展示で1号艇スタート超安定(0.139秒)→ヒモ固まり方向に注意'}",,,25.3,逃げ狙い,12.34,25.1,2,,,,,,,,,,,
2025-07-20,丸亀,11,5,梶原　正,B1,30.53,5,,3.0648,1.2,73,23.6,0.152,3.4364,,,0,低,90,0,差ま0%,2 45,0,30.3,0.7514,0,0,0,0.0357,0,0.23,0.305,0.139,,,D,△,,0.2469,0.6495,,0.6303,S,91,0,◎1着固定 2-3着流し（5〜8点）,0.5777,"{'is_target': True, 'verdict': '点数絞り', 'max_combo_prob': 0.0885, 'est_top_odds': 15.1, 'circle_concentration': 82.2, 'eligible_count': 6, 'bet_adj': 0, 'reason': 'rel_win1=65.3%（本命度） / 最有力組み合わせ確率: 0.089（推定実オッズ?15倍） / 2着集中度: 上位2艇 82.2%（補正+0.04） / 総合判定確率: 0.129 / → ヒモはやや固め。上位2艇以外を切ること', 'tenji_trigger': '展示確認: 1号艇伸び良→そのまま採用。悪→飛び組に差し替え。circle_pct上位2艇に絞り込むこと。\n展示で1号艇スタート超安定(0.139秒)→ヒモ固まり方向に注意'}",,,25.3,逃げ狙い,12.34,25.1,2,,,,,,,,,,,
2025-07-20,丸亀,11,6,武田光史,A1,31.58,6,,2.2169,4.9,67,44.8,0.18,3.5345,,,0,低,118,0,ま0%,2111,0,26.2,1.7386,0,0,0.0769,0,0,0.1394,0.1511,0.0697,,,D,,,0.175,0.5965,,0.6303,S,91,0,◎1着固定 2-3着流し（5〜8点）,0.5777,"{'is_target': True, 'verdict': '点数絞り', 'max_combo_prob': 0.0885, 'est_top_odds': 15.1, 'circle_concentration': 82.2, 'eligible_count': 6, 'bet_adj': 0, 'reason': 'rel_win1=65.3%（本命度） / 最有力組み合わせ確率: 0.089（推定実オッズ?15倍） / 2着集中度: 上位2艇 82.2%（補正+0.04） / 総合判定確率: 0.129 / → ヒモはやや固め。上位2艇以外を切ること', 'tenji_trigger': '展示確認: 1号艇伸び良→そのまま採用。悪→飛び組に差し替え。circle_pct上位2艇に絞り込むこと。\n展示で1号艇スタート超安定(0.139秒)→ヒモ固まり方向に注意'}",,,25.3,逃げ狙い,12.34,25.1,2,,,,,,,,,,,
2025-07-20,丸亀,12,1,松山将吾,A1,27.22,1,◎,60.5734,,0,90.9,0.1268,2.2652,,,0,低,66,0,逃1%,1223,0,89.6,1.1724,0.6207,,,,,0.0138,0.1614,0.189,◎,,D,○,,,0.664,,0.6906,S,92,0,◎1着固定 2-3着流し（5〜8点）,0.5777,"{'is_target': True, 'verdict': '点数絞り', 'max_combo_prob': 0.0882, 'est_top_odds': 15.1, 'circle_concentration': 75.1, 'eligible_count': 6, 'bet_adj': 0, 'reason': 'rel_win1=60.6%（本命度） / 最有力組み合わせ確率: 0.088（推定実オッズ?15倍） / 2着集中度: 上位2艇 75.1%（補正+0.04） / 総合判定確率: 0.128 / → ヒモはやや固め。上位2艇以外を切ること', 'tenji_trigger': '展示確認: 1号艇伸び良→そのまま採用。悪→飛び組に差し替え。circle_pct上位2艇に絞り込むこと。\n展示で1号艇スタート超安定(0.127秒)→ヒモ固まり方向に注意'}",,,28.5,逃げ狙い,20.03,27.7,2,,,,,0,0,0.7559,0,,逃げ軸流し,A
2025-07-20,丸亀,12,2,中村日向,A1,32.31,2,○,17.5176,48.8,44,67.7,0.1487,3.2097,,,0,低,40,0,-,2333,0,47.7,1.0114,0,0.1667,0.0833,0,0,0.1538,0.0769,0,,,B,△,,0.1189,0.645,,0.6906,S,92,0,◎1着固定 2-3着流し（5〜8点）,0.5777,"{'is_target': True, 'verdict': '点数絞り', 'max_combo_prob': 0.0882, 'est_top_odds': 15.1, 'circle_concentration': 75.1, 'eligible_count': 6, 'bet_adj': 0, 'reason': 'rel_win1=60.6%（本命度） / 最有力組み合わせ確率: 0.088（推定実オッズ?15倍） / 2着集中度: 上位2艇 75.1%（補正+0.04） / 総合判定確率: 0.128 / → ヒモはやや固め。上位2艇以外を切ること', 'tenji_trigger': '展示確認: 1号艇伸び良→そのまま採用。悪→飛び組に差し替え。circle_pct上位2艇に絞り込むこと。\n展示で1号艇スタート超安定(0.127秒)→ヒモ固まり方向に注意'}",,,28.5,逃げ狙い,20.03,27.7,2,,,,,,,,,,,
2025-07-20,丸亀,12,3,折下寛法,B1,29.59,3,△,5.5978,26.3,84,46.9,0.1337,2.9694,,,0,低,60,0,差ま0%,1 36,0,31.3,0.8373,0,0,0,0.0417,0,0.0522,0.1848,0.0522,,,C,△,,0.2616,0.6595,,0.6906,S,92,0,◎1着固定 2-3着流し（5〜8点）,0.5777,"{'is_target': True, 'verdict': '点数絞り', 'max_combo_prob': 0.0882, 'est_top_odds': 15.1, 'circle_concentration': 75.1, 'eligible_count': 6, 'bet_adj': 0, 'reason': 'rel_win1=60.6%（本命度） / 最有力組み合わせ確率: 0.088（推定実オッズ?15倍） / 2着集中度: 上位2艇 75.1%（補正+0.04） / 総合判定確率: 0.128 / → ヒモはやや固め。上位2艇以外を切ること', 'tenji_trigger': '展示確認: 1号艇伸び良→そのまま採用。悪→飛び組に差し替え。circle_pct上位2艇に絞り込むこと。\n展示で1号艇スタート超安定(0.127秒)→ヒモ固まり方向に注意'}",,,28.5,逃げ狙い,20.03,27.7,2,,,,,,,,,,,
2025-07-20,丸亀,12,4,浜崎準也,B1,36.02,4,▲,7.6835,13.9,59,35.1,0.1719,3.1667,,,0,低,122,0,-,545,0,48.1,0.9887,,,,,,0.3,0.3,0,,,B,,○,0.1627,0.5915,0.2572,0.6906,S,92,0,◎1着固定 2-3着流し（5〜8点）,0.5777,"{'is_target': True, 'verdict': '点数絞り', 'max_combo_prob': 0.0882, 'est_top_odds': 15.1, 'circle_concentration': 75.1, 'eligible_count': 6, 'bet_adj': 0, 'reason': 'rel_win1=60.6%（本命度） / 最有力組み合わせ確率: 0.088（推定実オッズ?15倍） / 2着集中度: 上位2艇 75.1%（補正+0.04） / 総合判定確率: 0.128 / → ヒモはやや固め。上位2艇以外を切ること', 'tenji_trigger': '展示確認: 1号艇伸び良→そのまま採用。悪→飛び組に差し替え。circle_pct上位2艇に絞り込むこと。\n展示で1号艇スタート超安定(0.127秒)→ヒモ固まり方向に注意'}",,,28.5,逃げ狙い,20.03,27.7,2,,,,,,,,,,,
2025-07-20,丸亀,12,5,金子和之,A1,27.55,5,,7.6625,7.4,92,53.7,0.162,3.4537,,,0,低,99,0,-,3514,0,44.4,0.9126,0,0,0.0909,0.0455,0.0455,0.0444,0.1778,0,,,D,,◎,0.2114,0.6185,0.3666,0.6906,S,92,0,◎1着固定 2-3着流し（5〜8点）,0.5777,"{'is_target': True, 'verdict': '点数絞り', 'max_combo_prob': 0.0882, 'est_top_odds': 15.1, 'circle_concentration': 75.1, 'eligible_count': 6, 'bet_adj': 0, 'reason': 'rel_win1=60.6%（本命度） / 最有力組み合わせ確率: 0.088（推定実オッズ?15倍） / 2着集中度: 上位2艇 75.1%（補正+0.04） / 総合判定確率: 0.128 / → ヒモはやや固め。上位2艇以外を切ること', 'tenji_trigger': '展示確認: 1号艇伸び良→そのまま採用。悪→飛び組に差し替え。circle_pct上位2艇に絞り込むこと。\n展示で1号艇スタート超安定(0.127秒)→ヒモ固まり方向に注意'}",,,28.5,逃げ狙い,20.03,27.7,2,,,,,,,,,,,
2025-07-20,丸亀,12,6,牧原　崇,A2,29.90,6,,0.9652,3.6,100,29.3,0.204,4.7414,,,0,低,174,0,-,1135,0,23.6,0.6792,,,,,,0.0258,0.2016,0.2274,,,C,◎,,0.1605,0.6775,,0.6906,S,92,0,◎1着固定 2-3着流し（5〜8点）,0.5777,"{'is_target': True, 'verdict': '点数絞り', 'max_combo_prob': 0.0882, 'est_top_odds': 15.1, 'circle_concentration': 75.1, 'eligible_count': 6, 'bet_adj': 0, 'reason': 'rel_win1=60.6%（本命度） / 最有力組み合わせ確率: 0.088（推定実オッズ?15倍） / 2着集中度: 上位2艇 75.1%（補正+0.04） / 総合判定確率: 0.128 / → ヒモはやや固め。上位2艇以外を切ること', 'tenji_trigger': '展示確認: 1号艇伸び良→そのまま採用。悪→飛び組に差し替え。circle_pct上位2艇に絞り込むこと。\n展示で1号艇スタート超安定(0.127秒)→ヒモ固まり方向に注意'}",,,28.5,逃げ狙い,20.03,27.7,2,,,,,,,,,,,
2025-07-21,丸亀,1,1,山口隆史,B1,32.50,1,◎,64.174,,0,80.5,0.1554,3.0366,,,0,低,153,0,逃0%,3 662,0,85.5,1.079,0.4,,,,,0.1467,0.1067,0.2,◎,,D,△,,,0.603,,0.4743,A,75,0,◎-○軸 3着3〜4艇流し（10〜15点）,0.5777,"{'is_target': True, 'verdict': '点数絞り', 'max_combo_prob': 0.1183, 'est_top_odds': 11.3, 'circle_concentration': 79.0, 'eligible_count': 8, 'bet_adj': 0, 'reason': 'rel_win1=64.2%（本命度） / 最有力組み合わせ確率: 0.118（推定実オッズ?11倍） / 2着集中度: 上位2艇 79.0%（補正+0.04） / 総合判定確率: 0.158 / → ヒモはやや固め。上位2艇以外を切ること', 'tenji_trigger': '展示確認: 1号艇伸び良→そのまま採用。悪→飛び組に差し替え。circle_pct上位2艇に絞り込むこと。'}",,,26.7,逃げ狙い,9.07,31.9,2,,,,,0,0,0.7559,0,,逃げ軸流し,A
2025-07-21,丸亀,1,2,中岡健人,B2,30.89,2,,8.7521,40.6,100,53.4,0.1702,3.5172,,,0,低,104,0,-,262 63,0,34.7,0.7383,,,,,,0.28,0.164,0.196,,,D,◎,,0.1795,0.635,,0.4743,A,75,0,◎-○軸 3着3〜4艇流し（10〜15点）,0.5777,"{'is_target': True, 'verdict': '点数絞り', 'max_combo_prob': 0.1183, 'est_top_odds': 11.3, 'circle_concentration': 79.0, 'eligible_count': 8, 'bet_adj': 0, 'reason': 'rel_win1=64.2%（本命度） / 最有力組み合わせ確率: 0.118（推定実オッズ?11倍） / 2着集中度: 上位2艇 79.0%（補正+0.04） / 総合判定確率: 0.158 / → ヒモはやや固め。上位2艇以外を切ること', 'tenji_trigger': '展示確認: 1号艇伸び良→そのまま採用。悪→飛び組に差し替え。circle_pct上位2艇に絞り込むこと。'}",,,26.7,逃げ狙い,9.07,31.9,2,,,,,,,,,,,
2025-07-21,丸亀,1,3,宮地秀祈,B1,38.61,3,▲,10.5454,38.3,59,48.1,0.1767,3.7115,,,0,低,145,0,-,4 232,0,46.9,1,0,0,0.0333,0,0.0333,0.2914,0.2714,0.06,,,B,△,,0.1725,0.6005,,0.4743,A,75,0,◎-○軸 3着3〜4艇流し（10〜15点）,0.5777,"{'is_target': True, 'verdict': '点数絞り', 'max_combo_prob': 0.1183, 'est_top_odds': 11.3, 'circle_concentration': 79.0, 'eligible_count': 8, 'bet_adj': 0, 'reason': 'rel_win1=64.2%（本命度） / 最有力組み合わせ確率: 0.118（推定実オッズ?11倍） / 2着集中度: 上位2艇 79.0%（補正+0.04） / 総合判定確率: 0.158 / → ヒモはやや固め。上位2艇以外を切ること', 'tenji_trigger': '展示確認: 1号艇伸び良→そのまま採用。悪→飛び組に差し替え。circle_pct上位2艇に絞り込むこと。'}",,,26.7,逃げ狙い,9.07,31.9,2,,,,,,,,,,,
2025-07-21,丸亀,1,4,渡邊哲也,B1,40.39,4,△,8.9617,7.2,38,13.6,0.2427,4.2614,,,0,低,114,0,ま0%,455 1,0,14.6,0.7051,0,0,0.0455,0,0,0.04,0.28,0.32,,,B,,,0.1134,0.4815,,0.4743,A,75,0,◎-○軸 3着3〜4艇流し（10〜15点）,0.5777,"{'is_target': True, 'verdict': '点数絞り', 'max_combo_prob': 0.1183, 'est_top_odds': 11.3, 'circle_concentration': 79.0, 'eligible_count': 8, 'bet_adj': 0, 'reason': 'rel_win1=64.2%（本命度） / 最有力組み合わせ確率: 0.118（推定実オッズ?11倍） / 2着集中度: 上位2艇 79.0%（補正+0.04） / 総合判定確率: 0.158 / → ヒモはやや固め。上位2艇以外を切ること', 'tenji_trigger': '展示確認: 1号艇伸び良→そのまま採用。悪→飛び組に差し替え。circle_pct上位2艇に絞り込むこと。'}",,,26.7,逃げ狙い,9.07,31.9,2,,,,,,,,,,,
2025-07-21,丸亀,1,5,寺嶋　雄,B1,35.05,5,○,6.1419,13.4,58,32.1,0.152,3.1339,,,0,低,115,0,-,646 2,0,58.2,1.0017,,,,,,0.2769,0.4231,0.0308,,,C,○,,0.324,0.6255,,0.4743,A,75,0,◎-○軸 3着3〜4艇流し（10〜15点）,0.5777,"{'is_target': True, 'verdict': '点数絞り', 'max_combo_prob': 0.1183, 'est_top_odds': 11.3, 'circle_concentration': 79.0, 'eligible_count': 8, 'bet_adj': 0, 'reason': 'rel_win1=64.2%（本命度） / 最有力組み合わせ確率: 0.118（推定実オッズ?11倍） / 2着集中度: 上位2艇 79.0%（補正+0.04） / 総合判定確率: 0.158 / → ヒモはやや固め。上位2艇以外を切ること', 'tenji_trigger': '展示確認: 1号艇伸び良→そのまま採用。悪→飛び組に差し替え。circle_pct上位2艇に絞り込むこと。'}",,,26.7,逃げ狙い,9.07,31.9,2,,,,,,,,,,,
2025-07-21,丸亀,1,6,山本凱立,B2,33.16,6,,1.4249,0.4,12,0,0.2046,4.37,,,0,低,56,0,-,6 6 66,0,27.4,0.6017,,,,,,,,,,,D,,,0.1535,0.4725,,0.4743,A,75,0,◎-○軸 3着3〜4艇流し（10〜15点）,0.5777,"{'is_target': True, 'verdict': '点数絞り', 'max_combo_prob': 0.1183, 'est_top_odds': 11.3, 'circle_concentration': 79.0, 'eligible_count': 8, 'bet_adj': 0, 'reason': 'rel_win1=64.2%（本命度） / 最有力組み合わせ確率: 0.118（推定実オッズ?11倍） / 2着集中度: 上位2艇 79.0%（補正+0.04） / 総合判定確率: 0.158 / → ヒモはやや固め。上位2艇以外を切ること', 'tenji_trigger': '展示確認: 1号艇伸び良→そのまま採用。悪→飛び組に差し替え。circle_pct上位2艇に絞り込むこと。'}",,,26.7,逃げ狙い,9.07,31.9,2,,,,,,,,,,,
2025-07-21,丸亀,2,1,折下寛法,B1,29.59,1,◎,56.1139,,0,90.2,0.1359,2.1393,,,0,低,60,0,逃1%,1 3634,0,64.5,0.9722,0.4783,,,,,0.0522,0.1848,0.0522,◎,,C,○,,,0.6595,,0.5583,S,100,0,◎1着固定 2-3着流し（5〜8点）,0.5777,"{'is_target': True, 'verdict': '点数絞り', 'max_combo_prob': 0.0916, 'est_top_odds': 14.6, 'circle_concentration': 76.7, 'eligible_count': 6, 'bet_adj': 0, 'reason': 'rel_win1=56.1%（本命度） / 最有力組み合わせ確率: 0.092（推定実オッズ?15倍） / 2着集中度: 上位2艇 76.7%（補正+0.04） / 総合判定確率: 0.132 / → ヒモはやや固め。上位2艇以外を切ること', 'tenji_trigger': '展示確認: 1号艇伸び良→そのまま採用。悪→飛び組に差し替え。circle_pct上位2艇に絞り込むこと。\n展示で1号艇スタート超安定(0.136秒)→ヒモ固まり方向に注意'}",,,27,逃げ狙い,14.87,27.8,3,,,,,0,0,0.7559,0,,逃げ軸流し,A
2025-07-21,丸亀,2,2,亀本勇樹,B1,35.75,2,○,10.1556,32.2,100,44.2,0.1688,3.6538,,,0,低,75,0,-,2 264,0,100,3.531,0,0.04,0,0,0,0.2083,0.05,0.125,,,B,△,,0.0652,0.5815,,0.5583,S,100,0,◎1着固定 2-3着流し（5〜8点）,0.5777,"{'is_target': True, 'verdict': '点数絞り', 'max_combo_prob': 0.0916, 'est_top_odds': 14.6, 'circle_concentration': 76.7, 'eligible_count': 6, 'bet_adj': 0, 'reason': 'rel_win1=56.1%（本命度） / 最有力組み合わせ確率: 0.092（推定実オッズ?15倍） / 2着集中度: 上位2艇 76.7%（補正+0.04） / 総合判定確率: 0.132 / → ヒモはやや固め。上位2艇以外を切ること', 'tenji_trigger': '展示確認: 1号艇伸び良→そのまま採用。悪→飛び組に差し替え。circle_pct上位2艇に絞り込むこと。\n展示で1号艇スタート超安定(0.136秒)→ヒモ固まり方向に注意'}",,,27,逃げ狙い,14.87,27.8,3,,,,,,,,,,,
2025-07-21,丸亀,2,3,野中一平,A2,27.32,3,▲,21.563,44.6,79,72.2,0.1142,2.2778,,,0,低,26,0,ま0% 差ま0%,333 14,0,73.9,1.6281,0,0,0.0556,0.1111,0,0,0.04,0.04,,◎,D,◎,,0.434,0.66,,0.5583,S,100,0,◎1着固定 2-3着流し（5〜8点）,0.5777,"{'is_target': True, 'verdict': '点数絞り', 'max_combo_prob': 0.0916, 'est_top_odds': 14.6, 'circle_concentration': 76.7, 'eligible_count': 6, 'bet_adj': 0, 'reason': 'rel_win1=56.1%（本命度） / 最有力組み合わせ確率: 0.092（推定実オッズ?15倍） / 2着集中度: 上位2艇 76.7%（補正+0.04） / 総合判定確率: 0.132 / → ヒモはやや固め。上位2艇以外を切ること', 'tenji_trigger': '展示確認: 1号艇伸び良→そのまま採用。悪→飛び組に差し替え。circle_pct上位2艇に絞り込むこと。\n展示で1号艇スタート超安定(0.136秒)→ヒモ固まり方向に注意'}",,,27,逃げ狙い,14.87,27.8,3,,,,,,,,,,,
2025-07-21,丸亀,2,4,加藤雅之,B1,30.96,4,,5.0933,15.9,43,27.5,0.2202,4.7157,,,0,低,169,0,-,662 6,0,37.7,0.6447,,,,,,0.3529,0.2353,0.1765,,,C,,,0.1637,0.5715,,0.5583,S,100,0,◎1着固定 2-3着流し（5〜8点）,0.5777,"{'is_target': True, 'verdict': '点数絞り', 'max_combo_prob': 0.0916, 'est_top_odds': 14.6, 'circle_concentration': 76.7, 'eligible_count': 6, 'bet_adj': 0, 'reason': 'rel_win1=56.1%（本命度） / 最有力組み合わせ確率: 0.092（推定実オッズ?15倍） / 2着集中度: 上位2艇 76.7%（補正+0.04） / 総合判定確率: 0.132 / → ヒモはやや固め。上位2艇以外を切ること', 'tenji_trigger': '展示確認: 1号艇伸び良→そのまま採用。悪→飛び組に差し替え。circle_pct上位2艇に絞り込むこと。\n展示で1号艇スタート超安定(0.136秒)→ヒモ固まり方向に注意'}",,,27,逃げ狙い,14.87,27.8,3,,,,,,,,,,,
2025-07-21,丸亀,2,5,山本浩次,B1,27.18,5,,5.8544,6.7,88,34.9,0.1547,3.2558,,,0,低,84,0,-,5 144,0,31.6,0.656,,,,,,0.23,0.2033,0,,,D,△,,0.2779,0.5845,,0.5583,S,100,0,◎1着固定 2-3着流し（5〜8点）,0.5777,"{'is_target': True, 'verdict': '点数絞り', 'max_combo_prob': 0.0916, 'est_top_odds': 14.6, 'circle_concentration': 76.7, 'eligible_count': 6, 'bet_adj': 0, 'reason': 'rel_win1=56.1%（本命度） / 最有力組み合わせ確率: 0.092（推定実オッズ?15倍） / 2着集中度: 上位2艇 76.7%（補正+0.04） / 総合判定確率: 0.132 / → ヒモはやや固め。上位2艇以外を切ること', 'tenji_trigger': '展示確認: 1号艇伸び良→そのまま採用。悪→飛び組に差し替え。circle_pct上位2艇に絞り込むこと。\n展示で1号艇スタート超安定(0.136秒)→ヒモ固まり方向に注意'}",,,27,逃げ狙い,14.87,27.8,3,,,,,,,,,,,
2025-07-21,丸亀,2,6,東口　晃,B1,32.83,6,△,1.2199,0.7,42,14.9,0.2017,4.5319,,,0,低,156,0,-,3 465,0,27,0.8733,,,,,,0.4333,0.2567,0.0533,,,B,,,0.1627,0.529,,0.5583,S,100,0,◎1着固定 2-3着流し（5〜8点）,0.5777,"{'is_target': True, 'verdict': '点数絞り', 'max_combo_prob': 0.0916, 'est_top_odds': 14.6, 'circle_concentration': 76.7, 'eligible_count': 6, 'bet_adj': 0, 'reason': 'rel_win1=56.1%（本命度） / 最有力組み合わせ確率: 0.092（推定実オッズ?15倍） / 2着集中度: 上位2艇 76.7%（補正+0.04） / 総合判定確率: 0.132 / → ヒモはやや固め。上位2艇以外を切ること', 'tenji_trigger': '展示確認: 1号艇伸び良→そのまま採用。悪→飛び組に差し替え。circle_pct上位2艇に絞り込むこと。\n展示で1号艇スタート超安定(0.136秒)→ヒモ固まり方向に注意'}",,,27,逃げ狙い,14.87,27.8,3,,,,,,,,,,,
2025-07-21,丸亀,3,1,服部達哉,B1,36.00,1,◎,56.7495,,0,73.2,0.1591,3.2946,,,0,低,142,0,-,445 5,0,59.2,0.8257,0.2727,,,,,0.1364,0.2727,0.1364,◎,,B,△,,,0.6025,,0.4735,S,82,0,◎1着固定 2-3着流し（5〜8点）,0.5777,"{'is_target': True, 'verdict': '参加推奨', 'max_combo_prob': 0.071, 'est_top_odds': 18.8, 'circle_concentration': 72.1, 'eligible_count': 6, 'bet_adj': 2, 'reason': 'rel_win1=56.7%（本命度） / 最有力組み合わせ確率: 0.071（推定実オッズ?19倍） / 2着集中度: 上位2艇 72.1%（補正+0.04） / 総合判定確率: 0.111 / → ヒモ分散。1号艇1着固定で広めのヒモ流し推奨（買い目+2点）', 'tenji_trigger': '展示確認: ヒモ分散レース。1号艇伸び確認後、広めのヒモ流しを採用。穴ヒモ（5・6号艇）を積極的に含める。'}",,,28.3,逃げ狙い,11.41,34.6,4,,,,,0,0,0.7559,0,,逃げ軸流し,A
2025-07-21,丸亀,3,2,梶原　正,B1,30.53,2,,10.6186,39.4,57,34,0.1694,3.2547,,,0,低,90,0,差0%,2 4515,0,62.4,0.6076,0,0.0769,0,0,0,0.23,0.305,0.139,,,D,◎,,0.234,0.6495,,0.4735,S,82,0,◎1着固定 2-3着流し（5〜8点）,0.5777,"{'is_target': True, 'verdict': '参加推奨', 'max_combo_prob': 0.071, 'est_top_odds': 18.8, 'circle_concentration': 72.1, 'eligible_count': 6, 'bet_adj': 2, 'reason': 'rel_win1=56.7%（本命度） / 最有力組み合わせ確率: 0.071（推定実オッズ?19倍） / 2着集中度: 上位2艇 72.1%（補正+0.04） / 総合判定確率: 0.111 / → ヒモ分散。1号艇1着固定で広めのヒモ流し推奨（買い目+2点）', 'tenji_trigger': '展示確認: ヒモ分散レース。1号艇伸び確認後、広めのヒモ流しを採用。穴ヒモ（5・6号艇）を積極的に含める。'}",,,28.3,逃げ狙い,11.41,34.6,4,,,,,,,,,,,
2025-07-21,丸亀,3,3,柴田大輔,B2,31.44,3,,12.3067,25.2,100,41.4,0.2198,4.1638,,,0,低,176,0,ま0%,4 3416,0,87.5,1.9275,0,0,0.0286,0.0286,0,0.2769,0.2923,0.2769,,,C,,,0.1399,0.4955,,0.4735,S,82,0,◎1着固定 2-3着流し（5〜8点）,0.5777,"{'is_target': True, 'verdict': '参加推奨', 'max_combo_prob': 0.071, 'est_top_odds': 18.8, 'circle_concentration': 72.1, 'eligible_count': 6, 'bet_adj': 2, 'reason': 'rel_win1=56.7%（本命度） / 最有力組み合わせ確率: 0.071（推定実オッズ?19倍） / 2着集中度: 上位2艇 72.1%（補正+0.04） / 総合判定確率: 0.111 / → ヒモ分散。1号艇1着固定で広めのヒモ流し推奨（買い目+2点）', 'tenji_trigger': '展示確認: ヒモ分散レース。1号艇伸び確認後、広めのヒモ流しを採用。穴ヒモ（5・6号艇）を積極的に含める。'}",,,28.3,逃げ狙い,11.41,34.6,4,,,,,,,,,,,
2025-07-21,丸亀,3,4,金子和之,A1,27.55,4,▲,15.1528,32.7,74,57.4,0.1687,3.4853,,,0,低,99,0,抜0%,351416,0,57.3,1.0385,0,0.0357,0.0714,0,0.0357,0.0444,0.1778,0,,,E,○,◎,0.2985,0.6185,0.4325,0.4735,S,82,0,◎1着固定 2-3着流し（5〜8点）,0.5777,"{'is_target': True, 'verdict': '参加推奨', 'max_combo_prob': 0.071, 'est_top_odds': 18.8, 'circle_concentration': 72.1, 'eligible_count': 6, 'bet_adj': 2, 'reason': 'rel_win1=56.7%（本命度） / 最有力組み合わせ確率: 0.071（推定実オッズ?19倍） / 2着集中度: 上位2艇 72.1%（補正+0.04） / 総合判定確率: 0.111 / → ヒモ分散。1号艇1着固定で広めのヒモ流し推奨（買い目+2点）', 'tenji_trigger': '展示確認: ヒモ分散レース。1号艇伸び確認後、広めのヒモ流しを採用。穴ヒモ（5・6号艇）を積極的に含める。'}",,,28.3,逃げ狙い,11.41,34.6,4,,,,,,,,,,,
2025-07-21,丸亀,3,5,天野　誠,B1,34.34,5,○,3.8706,2,95,21.7,0.2039,3.9457,,,0,低,126,0,-,6 264,0,25.6,1.2407,,,,,,0.2667,0.0667,0.6,,,C,△,,0.2107,0.582,,0.4735,S,82,0,◎1着固定 2-3着流し（5〜8点）,0.5777,"{'is_target': True, 'verdict': '参加推奨', 'max_combo_prob': 0.071, 'est_top_odds': 18.8, 'circle_concentration': 72.1, 'eligible_count': 6, 'bet_adj': 2, 'reason': 'rel_win1=56.7%（本命度） / 最有力組み合わせ確率: 0.071（推定実オッズ?19倍） / 2着集中度: 上位2艇 72.1%（補正+0.04） / 総合判定確率: 0.111 / → ヒモ分散。1号艇1着固定で広めのヒモ流し推奨（買い目+2点）', 'tenji_trigger': '展示確認: ヒモ分散レース。1号艇伸び確認後、広めのヒモ流しを採用。穴ヒモ（5・6号艇）を積極的に含める。'}",,,28.3,逃げ狙い,11.41,34.6,4,,,,,,,,,,,
2025-07-21,丸亀,3,6,花本　剛,B1,34.38,6,△,1.3017,0.7,46,13.5,0.2338,5.1154,,,0,低,176,0,-,5 623,0,25.6,0.6611,,,,,,0.2077,0.1615,0.1769,,,B,,,0.1759,0.5575,,0.4735,S,82,0,◎1着固定 2-3着流し（5〜8点）,0.5777,"{'is_target': True, 'verdict': '参加推奨', 'max_combo_prob': 0.071, 'est_top_odds': 18.8, 'circle_concentration': 72.1, 'eligible_count': 6, 'bet_adj': 2, 'reason': 'rel_win1=56.7%（本命度） / 最有力組み合わせ確率: 0.071（推定実オッズ?19倍） / 2着集中度: 上位2艇 72.1%（補正+0.04） / 総合判定確率: 0.111 / → ヒモ分散。1号艇1着固定で広めのヒモ流し推奨（買い目+2点）', 'tenji_trigger': '展示確認: ヒモ分散レース。1号艇伸び確認後、広めのヒモ流しを採用。穴ヒモ（5・6号艇）を積極的に含める。'}",,,28.3,逃げ狙い,11.41,34.6,4,,,,,,,,,,,
2025-07-21,丸亀,4,1,高橋直哉,B1,38.50,1,◎,53.9048,,0,78.2,0.1664,3.1182,,,0,低,172,0,逃0%,121 56,0,70.6,1.0156,0.4167,,,,,0.05,0.2833,0.05,○,,B,△,,,0.606,,0.3837,A,73,0,◎-○軸 3着3〜4艇流し（10〜15点）,0.5777,"{'is_target': True, 'verdict': '点数絞り', 'max_combo_prob': 0.1126, 'est_top_odds': 11.8, 'circle_concentration': 83.2, 'eligible_count': 8, 'bet_adj': 0, 'reason': 'rel_win1=53.9%（本命度） / 最有力組み合わせ確率: 0.113（推定実オッズ?12倍） / 2着集中度: 上位2艇 83.2%（補正+0.04） / 総合判定確率: 0.153 / → ヒモはやや固め。上位2艇以外を切ること', 'tenji_trigger': '展示確認: 1号艇伸び良→そのまま採用。悪→飛び組に差し替え。circle_pct上位2艇に絞り込むこと。'}",,,28.7,逃げ狙い,16.92,31.1,5,,,,,0,0,0.6155,0,,逃げ軸流し,A
2025-07-21,丸亀,4,2,宮武英司,B1,28.43,2,△,10.1499,65.4,64,67.3,0.1471,3.1455,,,0,低,89,0,-,254 12,0,90.7,0.7359,,,,,,0.4889,0.0222,0.0222,,◎,E,◎,,0.528,0.658,,0.3837,A,73,0,◎-○軸 3着3〜4艇流し（10〜15点）,0.5777,"{'is_target': True, 'verdict': '点数絞り', 'max_combo_prob': 0.1126, 'est_top_odds': 11.8, 'circle_concentration': 83.2, 'eligible_count': 8, 'bet_adj': 0, 'reason': 'rel_win1=53.9%（本命度） / 最有力組み合わせ確率: 0.113（推定実オッズ?12倍） / 2着集中度: 上位2艇 83.2%（補正+0.04） / 総合判定確率: 0.153 / → ヒモはやや固め。上位2艇以外を切ること', 'tenji_trigger': '展示確認: 1号艇伸び良→そのまま採用。悪→飛び組に差し替え。circle_pct上位2艇に絞り込むこと。'}",,,28.7,逃げ狙い,16.92,31.1,5,,,,,,,,,,,
2025-07-21,丸亀,4,3,寳田亮治,B1,33.33,3,,6.2486,17.8,100,45.1,0.1822,4.0784,,,0,低,118,0,-,565 45,0,77.1,1.6546,,,,,,0.3056,0.0444,0.0444,,,C,,,0.2595,0.5335,,0.3837,A,73,0,◎-○軸 3着3〜4艇流し（10〜15点）,0.5777,"{'is_target': True, 'verdict': '点数絞り', 'max_combo_prob': 0.1126, 'est_top_odds': 11.8, 'circle_concentration': 83.2, 'eligible_count': 8, 'bet_adj': 0, 'reason': 'rel_win1=53.9%（本命度） / 最有力組み合わせ確率: 0.113（推定実オッズ?12倍） / 2着集中度: 上位2艇 83.2%（補正+0.04） / 総合判定確率: 0.153 / → ヒモはやや固め。上位2艇以外を切ること', 'tenji_trigger': '展示確認: 1号艇伸び良→そのまま採用。悪→飛び組に差し替え。circle_pct上位2艇に絞り込むこと。'}",,,28.7,逃げ狙い,16.92,31.1,5,,,,,,,,,,,
2025-07-21,丸亀,4,4,山崎聖司,B1,44.10,4,○,8.112,10.8,97,40.8,0.1941,4.0352,,,0,低,152,0,差0% 差ま0%,1 424,0,35.1,0.9036,0,0.0286,0,0.0286,0,0.3771,0.1924,0.0667,,,A,△,,0.2128,0.5985,,0.3837,A,73,0,◎-○軸 3着3〜4艇流し（10〜15点）,0.5777,"{'is_target': True, 'verdict': '点数絞り', 'max_combo_prob': 0.1126, 'est_top_odds': 11.8, 'circle_concentration': 83.2, 'eligible_count': 8, 'bet_adj': 0, 'reason': 'rel_win1=53.9%（本命度） / 最有力組み合わせ確率: 0.113（推定実オッズ?12倍） / 2着集中度: 上位2艇 83.2%（補正+0.04） / 総合判定確率: 0.153 / → ヒモはやや固め。上位2艇以外を切ること', 'tenji_trigger': '展示確認: 1号艇伸び良→そのまま採用。悪→飛び組に差し替え。circle_pct上位2艇に絞り込むこと。'}",,,28.7,逃げ狙い,16.92,31.1,5,,,,,,,,,,,
2025-07-21,丸亀,4,5,中村日向,A1,32.31,5,▲,19.079,5.7,69,55.2,0.1493,3.3966,,,0,低,40,0,差ま0%,233315,0,28.4,1.6343,0,0,0,0.25,0.0833,0.1538,0.0769,0,,○,D,○,◎,0.4334,0.645,0.5353,0.3837,A,73,0,◎-○軸 3着3〜4艇流し（10〜15点）,0.5777,"{'is_target': True, 'verdict': '点数絞り', 'max_combo_prob': 0.1126, 'est_top_odds': 11.8, 'circle_concentration': 83.2, 'eligible_count': 8, 'bet_adj': 0, 'reason': 'rel_win1=53.9%（本命度） / 最有力組み合わせ確率: 0.113（推定実オッズ?12倍） / 2着集中度: 上位2艇 83.2%（補正+0.04） / 総合判定確率: 0.153 / → ヒモはやや固め。上位2艇以外を切ること', 'tenji_trigger': '展示確認: 1号艇伸び良→そのまま採用。悪→飛び組に差し替え。circle_pct上位2艇に絞り込むこと。'}",,,28.7,逃げ狙い,16.92,31.1,5,,,,,,,,,,,
2025-07-21,丸亀,4,6,浜崎準也,B1,36.02,6,,2.5057,0.3,47,18.9,0.1991,4.717,,,0,低,122,0,-,545 22,0,27,0.6186,,,,,,0.3,0.3,0,,,C,,,0.2456,0.5915,,0.3837,A,73,0,◎-○軸 3着3〜4艇流し（10〜15点）,0.5777,"{'is_target': True, 'verdict': '点数絞り', 'max_combo_prob': 0.1126, 'est_top_odds': 11.8, 'circle_concentration': 83.2, 'eligible_count': 8, 'bet_adj': 0, 'reason': 'rel_win1=53.9%（本命度） / 最有力組み合わせ確率: 0.113（推定実オッズ?12倍） / 2着集中度: 上位2艇 83.2%（補正+0.04） / 総合判定確率: 0.153 / → ヒモはやや固め。上位2艇以外を切ること', 'tenji_trigger': '展示確認: 1号艇伸び良→そのまま採用。悪→飛び組に差し替え。circle_pct上位2艇に絞り込むこと。'}",,,28.7,逃げ狙い,16.92,31.1,5,,,,,,,,,,,
2025-07-21,丸亀,5,1,峰重力也,B1,40.00,1,◎,51.874,,0,73.7,0.1387,2.8158,,,0,低,41,0,逃0%,3 5224,0,66.3,0.9612,0.4737,,,,,0.0211,0.1699,0.1699,◎,,B,○,,,0.677,,0.5341,A,71,0,◎-○軸 3着3〜4艇流し（10〜15点）,0.5777,"{'is_target': True, 'verdict': '参加推奨', 'max_combo_prob': 0.0653, 'est_top_odds': 20.4, 'circle_concentration': 66.0, 'eligible_count': 8, 'bet_adj': 2, 'reason': 'rel_win1=51.9%（本命度） / 最有力組み合わせ確率: 0.065（推定実オッズ?20倍） / 2着集中度: 上位2艇 66.0%（補正+0.00） / 総合判定確率: 0.065 / → ヒモ分散。1号艇1着固定で広めのヒモ流し推奨（買い目+2点）', 'tenji_trigger': '展示確認: ヒモ分散レース。1号艇伸び確認後、広めのヒモ流しを採用。穴ヒモ（5・6号艇）を積極的に含める。\n展示で1号艇スタート超安定(0.139秒)→ヒモ固まり方向に注意'}",,,27.7,逃げ狙い,17.74,27.4,4,,,,,0,0,0.7559,0,,逃げ軸流し,A
2025-07-21,丸亀,5,2,谷口知優,B1,27.42,2,△,13.0015,27.2,100,53.2,0.1496,2.9149,,,0,低,83,0,-,351 33,0,89.4,0.8395,0,0.12,0,0,0,0,0.3481,0.1039,,,E,△,,0.2214,0.6165,,0.5341,A,71,0,◎-○軸 3着3〜4艇流し（10〜15点）,0.5777,"{'is_target': True, 'verdict': '参加推奨', 'max_combo_prob': 0.0653, 'est_top_odds': 20.4, 'circle_concentration': 66.0, 'eligible_count': 8, 'bet_adj': 2, 'reason': 'rel_win1=51.9%（本命度） / 最有力組み合わせ確率: 0.065（推定実オッズ?20倍） / 2着集中度: 上位2艇 66.0%（補正+0.00） / 総合判定確率: 0.065 / → ヒモ分散。1号艇1着固定で広めのヒモ流し推奨（買い目+2点）', 'tenji_trigger': '展示確認: ヒモ分散レース。1号艇伸び確認後、広めのヒモ流しを採用。穴ヒモ（5・6号艇）を積極的に含める。\n展示で1号艇スタート超安定(0.139秒)→ヒモ固まり方向に注意'}",,,27.7,逃げ狙い,17.74,27.4,4,,,,,,,,,,,
2025-07-21,丸亀,5,3,吉村正明,B2,31.96,3,▲,13.1627,38.8,47,58.7,0.152,2.8587,,,0,低,52,0,ま0% 差ま0% 抜0%,562 65,0,48.4,1.1698,0,0,0.04,0.04,0.08,0.08,0,0.04,,,C,△,,0.2345,0.6725,,0.5341,A,71,0,◎-○軸 3着3〜4艇流し（10〜15点）,0.5777,"{'is_target': True, 'verdict': '参加推奨', 'max_combo_prob': 0.0653, 'est_top_odds': 20.4, 'circle_concentration': 66.0, 'eligible_count': 8, 'bet_adj': 2, 'reason': 'rel_win1=51.9%（本命度） / 最有力組み合わせ確率: 0.065（推定実オッズ?20倍） / 2着集中度: 上位2艇 66.0%（補正+0.00） / 総合判定確率: 0.065 / → ヒモ分散。1号艇1着固定で広めのヒモ流し推奨（買い目+2点）', 'tenji_trigger': '展示確認: ヒモ分散レース。1号艇伸び確認後、広めのヒモ流しを採用。穴ヒモ（5・6号艇）を積極的に含める。\n展示で1号艇スタート超安定(0.139秒)→ヒモ固まり方向に注意'}",,,27.7,逃げ狙い,17.74,27.4,4,,,,,,,,,,,
2025-07-21,丸亀,5,4,牧原　崇,A2,29.90,4,,12.9745,26.8,93,58.2,0.1658,3.5522,,,0,低,174,0,差0%,113543,0,69.9,1.336,0,0.0741,0,0,0,0.0258,0.2016,0.2274,,,D,◎,◎,0.2096,0.6775,0.3043,0.5341,A,71,0,◎-○軸 3着3〜4艇流し（10〜15点）,0.5777,"{'is_target': True, 'verdict': '参加推奨', 'max_combo_prob': 0.0653, 'est_top_odds': 20.4, 'circle_concentration': 66.0, 'eligible_count': 8, 'bet_adj': 2, 'reason': 'rel_win1=51.9%（本命度） / 最有力組み合わせ確率: 0.065（推定実オッズ?20倍） / 2着集中度: 上位2艇 66.0%（補正+0.00） / 総合判定確率: 0.065 / → ヒモ分散。1号艇1着固定で広めのヒモ流し推奨（買い目+2点）', 'tenji_trigger': '展示確認: ヒモ分散レース。1号艇伸び確認後、広めのヒモ流しを採用。穴ヒモ（5・6号艇）を積極的に含める。\n展示で1号艇スタート超安定(0.139秒)→ヒモ固まり方向に注意'}",,,27.7,逃げ狙い,17.74,27.4,4,,,,,,,,,,,
2025-07-21,丸亀,5,5,香月大介,B1,49.47,5,○,5.8828,1.4,47,20.7,0.1521,2.9914,,,0,低,79,0,差ま0%,144 25,0,27.5,0.7393,0,0,0,0.0385,0,0.2655,0.1927,0.1564,,,A,,,0.2654,0.601,,0.5341,A,71,0,◎-○軸 3着3〜4艇流し（10〜15点）,0.5777,"{'is_target': True, 'verdict': '参加推奨', 'max_combo_prob': 0.0653, 'est_top_odds': 20.4, 'circle_concentration': 66.0, 'eligible_count': 8, 'bet_adj': 2, 'reason': 'rel_win1=51.9%（本命度） / 最有力組み合わせ確率: 0.065（推定実オッズ?20倍） / 2着集中度: 上位2艇 66.0%（補正+0.00） / 総合判定確率: 0.065 / → ヒモ分散。1号艇1着固定で広めのヒモ流し推奨（買い目+2点）', 'tenji_trigger': '展示確認: ヒモ分散レース。1号艇伸び確認後、広めのヒモ流しを採用。穴ヒモ（5・6号艇）を積極的に含める。\n展示で1号艇スタート超安定(0.139秒)→ヒモ固まり方向に注意'}",,,27.7,逃げ狙い,17.74,27.4,4,,,,,,,,,,,
2025-07-21,丸亀,5,6,武田光史,A1,31.58,6,,3.1046,5.8,68,44.8,0.18,3.5345,,,0,低,118,0,ま0%,211133,0,29.3,1.7144,0,0,0.0769,0,0,0.1394,0.1511,0.0697,,,D,,,0.1925,0.5965,,0.5341,A,71,0,◎-○軸 3着3〜4艇流し（10〜15点）,0.5777,"{'is_target': True, 'verdict': '参加推奨', 'max_combo_prob': 0.0653, 'est_top_odds': 20.4, 'circle_concentration': 66.0, 'eligible_count': 8, 'bet_adj': 2, 'reason': 'rel_win1=51.9%（本命度） / 最有力組み合わせ確率: 0.065（推定実オッズ?20倍） / 2着集中度: 上位2艇 66.0%（補正+0.00） / 総合判定確率: 0.065 / → ヒモ分散。1号艇1着固定で広めのヒモ流し推奨（買い目+2点）', 'tenji_trigger': '展示確認: ヒモ分散レース。1号艇伸び確認後、広めのヒモ流しを採用。穴ヒモ（5・6号艇）を積極的に含める。\n展示で1号艇スタート超安定(0.139秒)→ヒモ固まり方向に注意'}",,,27.7,逃げ狙い,17.74,27.4,4,,,,,,,,,,,
2025-07-21,丸亀,6,1,吉川喜継,A1,31.66,1,◎,58.8715,,0,96.9,0.1402,2.7396,,,0,低,101,0,逃1%,531236,0,81.8,1.0399,0.7,,,,,0.0865,0.2196,0.024,◎,,D,○,,,0.6615,,0.6183,S,92,0,◎1着固定 2-3着流し（5〜8点）,0.5777,"{'is_target': True, 'verdict': '参加推奨', 'max_combo_prob': 0.0709, 'est_top_odds': 18.8, 'circle_concentration': 63.6, 'eligible_count': 6, 'bet_adj': 2, 'reason': 'rel_win1=58.9%（本命度） / 最有力組み合わせ確率: 0.071（推定実オッズ?19倍） / 2着集中度: 上位2艇 63.6%（補正+0.00） / 総合判定確率: 0.071 / → ヒモ分散。1号艇1着固定で広めのヒモ流し推奨（買い目+2点）', 'tenji_trigger': '展示確認: ヒモ分散レース。1号艇伸び確認後、広めのヒモ流しを採用。穴ヒモ（5・6号艇）を積極的に含める。'}",,,28.1,逃げ狙い,16.91,29.2,2,,,,,0,0,0.7559,0,,逃げ軸流し,A
2025-07-21,丸亀,6,2,寺嶋　雄,B1,35.05,2,,10.6872,26.1,63,36.6,0.1659,3.6972,,,0,低,115,0,ま0%,646 2,0,21,0.6438,0,0,0.0303,0,0,0.2769,0.4231,0.0308,,,C,△,,0.0655,0.6255,,0.6183,S,92,0,◎1着固定 2-3着流し（5〜8点）,0.5777,"{'is_target': True, 'verdict': '参加推奨', 'max_combo_prob': 0.0709, 'est_top_odds': 18.8, 'circle_concentration': 63.6, 'eligible_count': 6, 'bet_adj': 2, 'reason': 'rel_win1=58.9%（本命度） / 最有力組み合わせ確率: 0.071（推定実オッズ?19倍） / 2着集中度: 上位2艇 63.6%（補正+0.00） / 総合判定確率: 0.071 / → ヒモ分散。1号艇1着固定で広めのヒモ流し推奨（買い目+2点）', 'tenji_trigger': '展示確認: ヒモ分散レース。1号艇伸び確認後、広めのヒモ流しを採用。穴ヒモ（5・6号艇）を積極的に含める。'}",,,28.1,逃げ狙い,16.91,29.2,2,,,,,,,,,,,
2025-07-21,丸亀,6,3,河野真也,A2,35.71,3,△,14.0176,37.4,100,66.2,0.1641,3.331,,,0,低,156,0,-,3 3253,0,47,1.0323,0,0,0.125,0.0833,0.0417,0.0645,0.0258,0.1774,,,C,△,,0.2175,0.6315,,0.6183,S,92,0,◎1着固定 2-3着流し（5〜8点）,0.5777,"{'is_target': True, 'verdict': '参加推奨', 'max_combo_prob': 0.0709, 'est_top_odds': 18.8, 'circle_concentration': 63.6, 'eligible_count': 6, 'bet_adj': 2, 'reason': 'rel_win1=58.9%（本命度） / 最有力組み合わせ確率: 0.071（推定実オッズ?19倍） / 2着集中度: 上位2艇 63.6%（補正+0.00） / 総合判定確率: 0.071 / → ヒモ分散。1号艇1着固定で広めのヒモ流し推奨（買い目+2点）', 'tenji_trigger': '展示確認: ヒモ分散レース。1号艇伸び確認後、広めのヒモ流しを採用。穴ヒモ（5・6号艇）を積極的に含める。'}",,,28.1,逃げ狙い,16.91,29.2,2,,,,,,,,,,,
2025-07-21,丸亀,6,4,畑　和宏,B1,38.42,4,○,8.2185,12.8,75,39.1,0.1513,2.9493,,,0,低,117,0,ま0% 差ま0%,665 52,0,82.1,0.9011,0,0,0.1071,0.0357,0,0.019,0.2971,0.3924,,,B,,◎,0.2929,0.597,0.2714,0.6183,S,92,0,◎1着固定 2-3着流し（5〜8点）,0.5777,"{'is_target': True, 'verdict': '参加推奨', 'max_combo_prob': 0.0709, 'est_top_odds': 18.8, 'circle_concentration': 63.6, 'eligible_count': 6, 'bet_adj': 2, 'reason': 'rel_win1=58.9%（本命度） / 最有力組み合わせ確率: 0.071（推定実オッズ?19倍） / 2着集中度: 上位2艇 63.6%（補正+0.00） / 総合判定確率: 0.071 / → ヒモ分散。1号艇1着固定で広めのヒモ流し推奨（買い目+2点）', 'tenji_trigger': '展示確認: ヒモ分散レース。1号艇伸び確認後、広めのヒモ流しを採用。穴ヒモ（5・6号艇）を積極的に含める。'}",,,28.1,逃げ狙い,16.91,29.2,2,,,,,,,,,,,
2025-07-21,丸亀,6,5,亀本勇樹,B1,35.75,5,▲,4.7379,20.6,54,47.1,0.1459,3.5882,,,0,低,75,0,-,2 264,0,85.7,1.4514,,,,,,0.2083,0.05,0.125,,,B,,,0.3257,0.5815,,0.6183,S,92,0,◎1着固定 2-3着流し（5〜8点）,0.5777,"{'is_target': True, 'verdict': '参加推奨', 'max_combo_prob': 0.0709, 'est_top_odds': 18.8, 'circle_concentration': 63.6, 'eligible_count': 6, 'bet_adj': 2, 'reason': 'rel_win1=58.9%（本命度） / 最有力組み合わせ確率: 0.071（推定実オッズ?19倍） / 2着集中度: 上位2艇 63.6%（補正+0.00） / 総合判定確率: 0.071 / → ヒモ分散。1号艇1着固定で広めのヒモ流し推奨（買い目+2点）', 'tenji_trigger': '展示確認: ヒモ分散レース。1号艇伸び確認後、広めのヒモ流しを採用。穴ヒモ（5・6号艇）を積極的に含める。'}",,,28.1,逃げ狙い,16.91,29.2,2,,,,,,,,,,,
2025-07-21,丸亀,6,6,松山将吾,A1,27.22,6,,3.4673,3,91,36.5,0.1719,4.5769,,,0,低,66,0,抜0%,122311,0,45.3,1.5089,0,0,0,0,0.0909,0.0138,0.1614,0.189,,,E,◎,,0.2421,0.664,,0.6183,S,92,0,◎1着固定 2-3着流し（5〜8点）,0.5777,"{'is_target': True, 'verdict': '参加推奨', 'max_combo_prob': 0.0709, 'est_top_odds': 18.8, 'circle_concentration': 63.6, 'eligible_count': 6, 'bet_adj': 2, 'reason': 'rel_win1=58.9%（本命度） / 最有力組み合わせ確率: 0.071（推定実オッズ?19倍） / 2着集中度: 上位2艇 63.6%（補正+0.00） / 総合判定確率: 0.071 / → ヒモ分散。1号艇1着固定で広めのヒモ流し推奨（買い目+2点）', 'tenji_trigger': '展示確認: ヒモ分散レース。1号艇伸び確認後、広めのヒモ流しを採用。穴ヒモ（5・6号艇）を積極的に含める。'}",,,28.1,逃げ狙い,16.91,29.2,2,,,,,,,,,,,
2025-07-21,丸亀,7,1,小川広大,B1,26.82,1,◎,53.4796,,0,65.4,0.1373,2.8077,,,0,低,185,0,逃0%,3 555,0,100,2.2409,0.4091,,,,,0.2545,0.0545,0.2909,◎,,D,△,,,0.5845,,0.4779,B,54,0,◎○△フォーメーション（15〜20点）,0.5777,"{'is_target': True, 'verdict': '参加推奨', 'max_combo_prob': 0.0689, 'est_top_odds': 19.4, 'circle_concentration': 56.8, 'eligible_count': 9, 'bet_adj': 2, 'reason': 'rel_win1=53.5%（本命度） / 最有力組み合わせ確率: 0.069（推定実オッズ?19倍） / 2着集中度: 上位2艇 56.8%（補正+0.00） / 総合判定確率: 0.069 / → ヒモ分散。1号艇1着固定で広めのヒモ流し推奨（買い目+2点）', 'tenji_trigger': '展示確認: ヒモ分散レース。1号艇伸び確認後、広めのヒモ流しを採用。穴ヒモ（5・6号艇）を積極的に含める。\n展示で1号艇スタート超安定(0.137秒)→ヒモ固まり方向に注意'}",,,29.5,両建て推奨,15.45,34.7,4,,,,,0,0,0.7559,0,,逃げ軸流し,A
2025-07-21,丸亀,7,2,山本浩次,B1,27.18,2,,10.6361,38.9,99,60.9,0.1637,3.2826,,,0,低,84,0,差0% ま0%,5 144,0,31.5,0.7228,0,0.0385,0.0385,0,0,0.23,0.2033,0,,,D,△,,0.0958,0.5845,,0.4779,B,54,0,◎○△フォーメーション（15〜20点）,0.5777,"{'is_target': True, 'verdict': '参加推奨', 'max_combo_prob': 0.0689, 'est_top_odds': 19.4, 'circle_concentration': 56.8, 'eligible_count': 9, 'bet_adj': 2, 'reason': 'rel_win1=53.5%（本命度） / 最有力組み合わせ確率: 0.069（推定実オッズ?19倍） / 2着集中度: 上位2艇 56.8%（補正+0.00） / 総合判定確率: 0.069 / → ヒモ分散。1号艇1着固定で広めのヒモ流し推奨（買い目+2点）', 'tenji_trigger': '展示確認: ヒモ分散レース。1号艇伸び確認後、広めのヒモ流しを採用。穴ヒモ（5・6号艇）を積極的に含める。\n展示で1号艇スタート超安定(0.137秒)→ヒモ固まり方向に注意'}",,,29.5,両建て推奨,15.45,34.7,4,,,,,,,,,,,
2025-07-21,丸亀,7,3,渡邊哲也,B1,40.39,3,▲,5.8367,17.9,64,31.7,0.1773,4.2805,,,0,低,114,0,-,455 1,0,18.7,0.6177,,,,,,0.04,0.28,0.32,,,A,,,0.1585,0.4815,,0.4779,B,54,0,◎○△フォーメーション（15〜20点）,0.5777,"{'is_target': True, 'verdict': '参加推奨', 'max_combo_prob': 0.0689, 'est_top_odds': 19.4, 'circle_concentration': 56.8, 'eligible_count': 9, 'bet_adj': 2, 'reason': 'rel_win1=53.5%（本命度） / 最有力組み合わせ確率: 0.069（推定実オッズ?19倍） / 2着集中度: 上位2艇 56.8%（補正+0.00） / 総合判定確率: 0.069 / → ヒモ分散。1号艇1着固定で広めのヒモ流し推奨（買い目+2点）', 'tenji_trigger': '展示確認: ヒモ分散レース。1号艇伸び確認後、広めのヒモ流しを採用。穴ヒモ（5・6号艇）を積極的に含める。\n展示で1号艇スタート超安定(0.137秒)→ヒモ固まり方向に注意'}",,,29.5,両建て推奨,15.45,34.7,4,,,,,,,,,,,
2025-07-21,丸亀,7,4,谷川祐一,A2,24.43,4,,16.4611,16.3,100,60.9,0.1414,3.3261,,,0,低,96,0,-,324 54,0,100,2.8951,0,0.0333,0.1333,0,0,0.0286,0.3257,0.0286,,,E,○,◎,0.3015,0.6465,0.3547,0.4779,B,54,0,◎○△フォーメーション（15〜20点）,0.5777,"{'is_target': True, 'verdict': '参加推奨', 'max_combo_prob': 0.0689, 'est_top_odds': 19.4, 'circle_concentration': 56.8, 'eligible_count': 9, 'bet_adj': 2, 'reason': 'rel_win1=53.5%（本命度） / 最有力組み合わせ確率: 0.069（推定実オッズ?19倍） / 2着集中度: 上位2艇 56.8%（補正+0.00） / 総合判定確率: 0.069 / → ヒモ分散。1号艇1着固定で広めのヒモ流し推奨（買い目+2点）', 'tenji_trigger': '展示確認: ヒモ分散レース。1号艇伸び確認後、広めのヒモ流しを採用。穴ヒモ（5・6号艇）を積極的に含める。\n展示で1号艇スタート超安定(0.137秒)→ヒモ固まり方向に注意'}",,,29.5,両建て推奨,15.45,34.7,4,,,,,,,,,,,
2025-07-21,丸亀,7,5,松下直也,A2,31.31,5,△,10.412,13.3,71,44.1,0.1716,3.6029,,,0,低,177,0,抜0%,12341,0,31.9,0.6979,0,0,0,0.0323,0.0645,0.0286,0.3714,0.2381,,,C,△,○,0.1772,0.621,0.1697,0.4779,B,54,0,◎○△フォーメーション（15〜20点）,0.5777,"{'is_target': True, 'verdict': '参加推奨', 'max_combo_prob': 0.0689, 'est_top_odds': 19.4, 'circle_concentration': 56.8, 'eligible_count': 9, 'bet_adj': 2, 'reason': 'rel_win1=53.5%（本命度） / 最有力組み合わせ確率: 0.069（推定実オッズ?19倍） / 2着集中度: 上位2艇 56.8%（補正+0.00） / 総合判定確率: 0.069 / → ヒモ分散。1号艇1着固定で広めのヒモ流し推奨（買い目+2点）', 'tenji_trigger': '展示確認: ヒモ分散レース。1号艇伸び確認後、広めのヒモ流しを採用。穴ヒモ（5・6号艇）を積極的に含める。\n展示で1号艇スタート超安定(0.137秒)→ヒモ固まり方向に注意'}",,,29.5,両建て推奨,15.45,34.7,4,,,,,,,,,,,
2025-07-21,丸亀,7,6,小坂尚哉,A1,31.68,6,○,3.1744,13.6,67,57.7,0.151,3.3462,,,0,低,81,0,-,241121,0,28.1,0.7306,,,,,,0.0488,0.0488,0.0976,,,C,◎,,0.2786,0.657,,0.4779,B,54,0,◎○△フォーメーション（15〜20点）,0.5777,"{'is_target': True, 'verdict': '参加推奨', 'max_combo_prob': 0.0689, 'est_top_odds': 19.4, 'circle_concentration': 56.8, 'eligible_count': 9, 'bet_adj': 2, 'reason': 'rel_win1=53.5%（本命度） / 最有力組み合わせ確率: 0.069（推定実オッズ?19倍） / 2着集中度: 上位2艇 56.8%（補正+0.00） / 総合判定確率: 0.069 / → ヒモ分散。1号艇1着固定で広めのヒモ流し推奨（買い目+2点）', 'tenji_trigger': '展示確認: ヒモ分散レース。1号艇伸び確認後、広めのヒモ流しを採用。穴ヒモ（5・6号艇）を積極的に含める。\n展示で1号艇スタート超安定(0.137秒)→ヒモ固まり方向に注意'}",,,29.5,両建て推奨,15.45,34.7,4,,,,,,,,,,,
2025-07-21,丸亀,8,1,中辻博訓,A1,30.89,1,◎,70.5463,,0,91.7,0.128,2.1667,,,0,低,53,0,逃1%,416332,0,83.9,1.0326,0.6304,,,,,0.1205,0.0174,0.1981,◎,,C,◎,,,0.6875,,0.7444,S,87,0,◎1着固定 2-3着流し（5〜8点）,0.5777,"{'is_target': True, 'verdict': '点数絞り', 'max_combo_prob': 0.1214, 'est_top_odds': 11.0, 'circle_concentration': 72.0, 'eligible_count': 6, 'bet_adj': 0, 'reason': 'rel_win1=70.5%（本命度） / 最有力組み合わせ確率: 0.121（推定実オッズ?11倍） / 2着集中度: 上位2艇 72.0%（補正+0.04） / 総合判定確率: 0.161 / → ヒモはやや固め。上位2艇以外を切ること', 'tenji_trigger': '展示確認: 1号艇伸び良→そのまま採用。悪→飛び組に差し替え。circle_pct上位2艇に絞り込むこと。\n展示で1号艇スタート超安定(0.128秒)→ヒモ固まり方向に注意'}",,,26.3,逃げ狙い,13.13,27.3,2,,,,,0,0,0.7559,0,,逃げ軸流し,A
2025-07-21,丸亀,8,2,高濱芳久,A2,27.37,2,,13.1881,50.6,71,62.9,0.1859,4.4714,,,0,低,114,0,-,413166,0,26.3,0.7567,0,0.1667,0,0,0,0.0485,0.1485,0.1485,,,D,△,,0.1068,0.6335,,0.7444,S,87,0,◎1着固定 2-3着流し（5〜8点）,0.5777,"{'is_target': True, 'verdict': '点数絞り', 'max_combo_prob': 0.1214, 'est_top_odds': 11.0, 'circle_concentration': 72.0, 'eligible_count': 6, 'bet_adj': 0, 'reason': 'rel_win1=70.5%（本命度） / 最有力組み合わせ確率: 0.121（推定実オッズ?11倍） / 2着集中度: 上位2艇 72.0%（補正+0.04） / 総合判定確率: 0.161 / → ヒモはやや固め。上位2艇以外を切ること', 'tenji_trigger': '展示確認: 1号艇伸び良→そのまま採用。悪→飛び組に差し替え。circle_pct上位2艇に絞り込むこと。\n展示で1号艇スタート超安定(0.128秒)→ヒモ固まり方向に注意'}",,,26.3,逃げ狙い,13.13,27.3,2,,,,,,,,,,,
2025-07-21,丸亀,8,3,山口隆史,B1,32.50,3,○,7.5583,21.4,87,47.2,0.1643,3.1111,,,0,低,153,0,-,3 662,0,40.6,0.6808,0,0,0.0333,0,0,0.1467,0.1067,0.2,,,B,△,,0.1109,0.603,,0.7444,S,87,0,◎1着固定 2-3着流し（5〜8点）,0.5777,"{'is_target': True, 'verdict': '点数絞り', 'max_combo_prob': 0.1214, 'est_top_odds': 11.0, 'circle_concentration': 72.0, 'eligible_count': 6, 'bet_adj': 0, 'reason': 'rel_win1=70.5%（本命度） / 最有力組み合わせ確率: 0.121（推定実オッズ?11倍） / 2着集中度: 上位2艇 72.0%（補正+0.04） / 総合判定確率: 0.161 / → ヒモはやや固め。上位2艇以外を切ること', 'tenji_trigger': '展示確認: 1号艇伸び良→そのまま採用。悪→飛び組に差し替え。circle_pct上位2艇に絞り込むこと。\n展示で1号艇スタート超安定(0.128秒)→ヒモ固まり方向に注意'}",,,26.3,逃げ狙い,13.13,27.3,2,,,,,,,,,,,
2025-07-21,丸亀,8,4,山下昂大,A2,30.61,4,△,5.8376,20,100,57.4,0.1613,3.3033,,,0,低,104,0,-,451532,0,37.5,0.7681,0,0,0,0.0556,0.0278,0.1624,0.1079,0.0812,,,D,○,,0.1614,0.644,,0.7444,S,87,0,◎1着固定 2-3着流し（5〜8点）,0.5777,"{'is_target': True, 'verdict': '点数絞り', 'max_combo_prob': 0.1214, 'est_top_odds': 11.0, 'circle_concentration': 72.0, 'eligible_count': 6, 'bet_adj': 0, 'reason': 'rel_win1=70.5%（本命度） / 最有力組み合わせ確率: 0.121（推定実オッズ?11倍） / 2着集中度: 上位2艇 72.0%（補正+0.04） / 総合判定確率: 0.161 / → ヒモはやや固め。上位2艇以外を切ること', 'tenji_trigger': '展示確認: 1号艇伸び良→そのまま採用。悪→飛び組に差し替え。circle_pct上位2艇に絞り込むこと。\n展示で1号艇スタート超安定(0.128秒)→ヒモ固まり方向に注意'}",,,26.3,逃げ狙い,13.13,27.3,2,,,,,,,,,,,
2025-07-21,丸亀,8,5,加藤雅之,B1,30.96,5,,1.7759,5.9,49,18.2,0.2106,4.7424,,,0,低,169,0,-,662 6,0,20.2,0.6867,,,,,,0.3529,0.2353,0.1765,,,C,,,0.1408,0.5715,,0.7444,S,87,0,◎1着固定 2-3着流し（5〜8点）,0.5777,"{'is_target': True, 'verdict': '点数絞り', 'max_combo_prob': 0.1214, 'est_top_odds': 11.0, 'circle_concentration': 72.0, 'eligible_count': 6, 'bet_adj': 0, 'reason': 'rel_win1=70.5%（本命度） / 最有力組み合わせ確率: 0.121（推定実オッズ?11倍） / 2着集中度: 上位2艇 72.0%（補正+0.04） / 総合判定確率: 0.161 / → ヒモはやや固め。上位2艇以外を切ること', 'tenji_trigger': '展示確認: 1号艇伸び良→そのまま採用。悪→飛び組に差し替え。circle_pct上位2艇に絞り込むこと。\n展示で1号艇スタート超安定(0.128秒)→ヒモ固まり方向に注意'}",,,26.3,逃げ狙い,13.13,27.3,2,,,,,,,,,,,
2025-07-21,丸亀,8,6,服部達哉,B1,36.00,6,▲,1.0938,2.1,58,22,0.2122,4.7881,,,0,低,142,0,-,445 5,0,24.6,0.9767,,,,,,0.1364,0.2727,0.1364,,,B,,,0.1376,0.6025,,0.7444,S,87,0,◎1着固定 2-3着流し（5〜8点）,0.5777,"{'is_target': True, 'verdict': '点数絞り', 'max_combo_prob': 0.1214, 'est_top_odds': 11.0, 'circle_concentration': 72.0, 'eligible_count': 6, 'bet_adj': 0, 'reason': 'rel_win1=70.5%（本命度） / 最有力組み合わせ確率: 0.121（推定実オッズ?11倍） / 2着集中度: 上位2艇 72.0%（補正+0.04） / 総合判定確率: 0.161 / → ヒモはやや固め。上位2艇以外を切ること', 'tenji_trigger': '展示確認: 1号艇伸び良→そのまま採用。悪→飛び組に差し替え。circle_pct上位2艇に絞り込むこと。\n展示で1号艇スタート超安定(0.128秒)→ヒモ固まり方向に注意'}",,,26.3,逃げ狙い,13.13,27.3,2,,,,,,,,,,,
2025-07-21,丸亀,9,1,武田光史,A1,31.58,1,◎,66,,0,84.2,0.1745,3.4868,,,0,低,118,0,-,211133,0,79.2,0.9522,0.6765,,,,,0.1394,0.1511,0.0697,○,,C,,,,0.5965,,0.4465,S,92,0,◎1着固定 2-3着流し（5〜8点）,0.5777,"{'is_target': True, 'verdict': '点数絞り', 'max_combo_prob': 0.111, 'est_top_odds': 12.0, 'circle_concentration': 84.6, 'eligible_count': 6, 'bet_adj': 0, 'reason': 'rel_win1=66.0%（本命度） / 最有力組み合わせ確率: 0.111（推定実オッズ?12倍） / 2着集中度: 上位2艇 84.6%（補正+0.04） / 総合判定確率: 0.151 / → ヒモはやや固め。上位2艇以外を切ること', 'tenji_trigger': '展示確認: 1号艇伸び良→そのまま採用。悪→飛び組に差し替え。circle_pct上位2艇に絞り込むこと。'}",,,26.6,逃げ狙い,9.12,31.8,2,,,,,0,0,0.6155,0,,逃げ軸流し,A
2025-07-21,丸亀,9,2,高橋直哉,B1,38.50,2,▲,14.2286,40.2,100,56.2,0.1917,4.3125,,,0,低,172,0,差0% 抜0%,121 56,0,47.9,0.9469,0,0.12,0,0,0.04,0.05,0.2833,0.05,,,B,△,,0.1761,0.606,,0.4465,S,92,0,◎1着固定 2-3着流し（5〜8点）,0.5777,"{'is_target': True, 'verdict': '点数絞り', 'max_combo_prob': 0.111, 'est_top_odds': 12.0, 'circle_concentration': 84.6, 'eligible_count': 6, 'bet_adj': 0, 'reason': 'rel_win1=66.0%（本命度） / 最有力組み合わせ確率: 0.111（推定実オッズ?12倍） / 2着集中度: 上位2艇 84.6%（補正+0.04） / 総合判定確率: 0.151 / → ヒモはやや固め。上位2艇以外を切ること', 'tenji_trigger': '展示確認: 1号艇伸び良→そのまま採用。悪→飛び組に差し替え。circle_pct上位2艇に絞り込むこと。'}",,,26.6,逃げ狙い,9.12,31.8,2,,,,,,,,,,,
2025-07-21,丸亀,9,3,金子和之,A1,27.55,3,,9.9257,44.4,38,63.8,0.1597,3.1638,,,0,低,99,0,ま0%,351416,0,65,1.1471,0,0,0.0417,0,0,0.0444,0.1778,0,,◎,E,△,,0.3773,0.6185,,0.4465,S,92,0,◎1着固定 2-3着流し（5〜8点）,0.5777,"{'is_target': True, 'verdict': '点数絞り', 'max_combo_prob': 0.111, 'est_top_odds': 12.0, 'circle_concentration': 84.6, 'eligible_count': 6, 'bet_adj': 0, 'reason': 'rel_win1=66.0%（本命度） / 最有力組み合わせ確率: 0.111（推定実オッズ?12倍） / 2着集中度: 上位2艇 84.6%（補正+0.04） / 総合判定確率: 0.151 / → ヒモはやや固め。上位2艇以外を切ること', 'tenji_trigger': '展示確認: 1号艇伸び良→そのまま採用。悪→飛び組に差し替え。circle_pct上位2艇に絞り込むこと。'}",,,26.6,逃げ狙い,9.12,31.8,2,,,,,,,,,,,
2025-07-21,丸亀,9,4,宮地秀祈,B1,38.61,4,○,5.3165,5,47,27.1,0.1868,4.0085,,,0,低,145,0,-,4 232,0,15.4,0.4309,0,0,0,0.0435,0,0.2914,0.2714,0.06,,,B,,,0.2597,0.6005,,0.4465,S,92,0,◎1着固定 2-3着流し（5〜8点）,0.5777,"{'is_target': True, 'verdict': '点数絞り', 'max_combo_prob': 0.111, 'est_top_odds': 12.0, 'circle_concentration': 84.6, 'eligible_count': 6, 'bet_adj': 0, 'reason': 'rel_win1=66.0%（本命度） / 最有力組み合わせ確率: 0.111（推定実オッズ?12倍） / 2着集中度: 上位2艇 84.6%（補正+0.04） / 総合判定確率: 0.151 / → ヒモはやや固め。上位2艇以外を切ること', 'tenji_trigger': '展示確認: 1号艇伸び良→そのまま採用。悪→飛び組に差し替え。circle_pct上位2艇に絞り込むこと。'}",,,26.6,逃げ狙い,9.12,31.8,2,,,,,,,,,,,
2025-07-21,丸亀,9,5,宮武英司,B1,28.43,5,△,3.3567,9.7,49,29.1,0.1531,3.2545,,,0,低,89,0,差ま0%,254 12,0,77.8,1.189,0,0,0,0.0476,0,0.4889,0.0222,0.0222,,,D,○,,0.3762,0.658,,0.4465,S,92,0,◎1着固定 2-3着流し（5〜8点）,0.5777,"{'is_target': True, 'verdict': '点数絞り', 'max_combo_prob': 0.111, 'est_top_odds': 12.0, 'circle_concentration': 84.6, 'eligible_count': 6, 'bet_adj': 0, 'reason': 'rel_win1=66.0%（本命度） / 最有力組み合わせ確率: 0.111（推定実オッズ?12倍） / 2着集中度: 上位2艇 84.6%（補正+0.04） / 総合判定確率: 0.151 / → ヒモはやや固め。上位2艇以外を切ること', 'tenji_trigger': '展示確認: 1号艇伸び良→そのまま採用。悪→飛び組に差し替え。circle_pct上位2艇に絞り込むこと。'}",,,26.6,逃げ狙い,9.12,31.8,2,,,,,,,,,,,
2025-07-21,丸亀,9,6,折下寛法,B1,29.59,6,,1.1725,0.7,68,23.9,0.1707,4.0109,,,0,低,60,0,-,1 3634,0,44.9,0.7792,,,,,,0.0522,0.1848,0.0522,,,D,◎,,0.3483,0.6595,,0.4465,S,92,0,◎1着固定 2-3着流し（5〜8点）,0.5777,"{'is_target': True, 'verdict': '点数絞り', 'max_combo_prob': 0.111, 'est_top_odds': 12.0, 'circle_concentration': 84.6, 'eligible_count': 6, 'bet_adj': 0, 'reason': 'rel_win1=66.0%（本命度） / 最有力組み合わせ確率: 0.111（推定実オッズ?12倍） / 2着集中度: 上位2艇 84.6%（補正+0.04） / 総合判定確率: 0.151 / → ヒモはやや固め。上位2艇以外を切ること', 'tenji_trigger': '展示確認: 1号艇伸び良→そのまま採用。悪→飛び組に差し替え。circle_pct上位2艇に絞り込むこと。'}",,,26.6,逃げ狙い,9.12,31.8,2,,,,,,,,,,,
2025-07-21,丸亀,10,1,松山将吾,A1,27.22,1,◎,56.8505,,0,90.9,0.1268,2.2652,,,0,低,66,0,逃1%,122311,0,89,1.1579,0.6207,,,,,0.0138,0.1614,0.189,◎,,D,△,,,0.664,,0.6048,S,87,0,◎1着固定 2-3着流し（5〜8点）,0.5777,"{'is_target': True, 'verdict': '点数絞り', 'max_combo_prob': 0.1061, 'est_top_odds': 12.6, 'circle_concentration': 76.8, 'eligible_count': 6, 'bet_adj': 0, 'reason': 'rel_win1=56.9%（本命度） / 最有力組み合わせ確率: 0.106（推定実オッズ?13倍） / 2着集中度: 上位2艇 76.8%（補正+0.04） / 総合判定確率: 0.146 / → ヒモはやや固め。上位2艇以外を切ること', 'tenji_trigger': '展示確認: 1号艇伸び良→そのまま採用。悪→飛び組に差し替え。circle_pct上位2艇に絞り込むこと。\n展示で1号艇スタート超安定(0.127秒)→ヒモ固まり方向に注意'}",,,29.1,逃げ狙い,22.05,27.7,2,,,,,0,0,0.7559,0,,逃げ軸流し,A
2025-07-21,丸亀,10,2,中村日向,A1,32.31,2,▲,15.7803,56.2,41,67.7,0.1487,3.2097,,,0,低,40,0,-,233315,0,41.7,0.9936,0,0.1667,0.0833,0,0,0.1538,0.0769,0,,,B,,,0.1189,0.645,,0.6048,S,87,0,◎1着固定 2-3着流し（5〜8点）,0.5777,"{'is_target': True, 'verdict': '点数絞り', 'max_combo_prob': 0.1061, 'est_top_odds': 12.6, 'circle_concentration': 76.8, 'eligible_count': 6, 'bet_adj': 0, 'reason': 'rel_win1=56.9%（本命度） / 最有力組み合わせ確率: 0.106（推定実オッズ?13倍） / 2着集中度: 上位2艇 76.8%（補正+0.04） / 総合判定確率: 0.146 / → ヒモはやや固め。上位2艇以外を切ること', 'tenji_trigger': '展示確認: 1号艇伸び良→そのまま採用。悪→飛び組に差し替え。circle_pct上位2艇に絞り込むこと。\n展示で1号艇スタート超安定(0.127秒)→ヒモ固まり方向に注意'}",,,29.1,逃げ狙い,22.05,27.7,2,,,,,,,,,,,
2025-07-21,丸亀,10,3,牧原　崇,A2,29.90,3,,8.9207,20.6,81,50,0.1665,3.5676,,,0,低,174,0,ま0%,113543,0,42.6,0.9802,0,0,0.0323,0.129,0,0.0258,0.2016,0.2274,,,C,◎,,0.1448,0.6775,,0.6048,S,87,0,◎1着固定 2-3着流し（5〜8点）,0.5777,"{'is_target': True, 'verdict': '点数絞り', 'max_combo_prob': 0.1061, 'est_top_odds': 12.6, 'circle_concentration': 76.8, 'eligible_count': 6, 'bet_adj': 0, 'reason': 'rel_win1=56.9%（本命度） / 最有力組み合わせ確率: 0.106（推定実オッズ?13倍） / 2着集中度: 上位2艇 76.8%（補正+0.04） / 総合判定確率: 0.146 / → ヒモはやや固め。上位2艇以外を切ること', 'tenji_trigger': '展示確認: 1号艇伸び良→そのまま採用。悪→飛び組に差し替え。circle_pct上位2艇に絞り込むこと。\n展示で1号艇スタート超安定(0.127秒)→ヒモ固まり方向に注意'}",,,29.1,逃げ狙い,22.05,27.7,2,,,,,,,,,,,
2025-07-21,丸亀,10,4,野中一平,A2,27.32,4,△,13.8049,18.7,100,65.8,0.099,1.9268,,,0,低,26,0,差0% ま0%,333 14,0,81.9,1.4866,0,0.05,0.1,0,0,0,0.04,0.04,,◎,D,△,◎,0.4325,0.66,0.4392,0.6048,S,87,0,◎1着固定 2-3着流し（5〜8点）,0.5777,"{'is_target': True, 'verdict': '点数絞り', 'max_combo_prob': 0.1061, 'est_top_odds': 12.6, 'circle_concentration': 76.8, 'eligible_count': 6, 'bet_adj': 0, 'reason': 'rel_win1=56.9%（本命度） / 最有力組み合わせ確率: 0.106（推定実オッズ?13倍） / 2着集中度: 上位2艇 76.8%（補正+0.04） / 総合判定確率: 0.146 / → ヒモはやや固め。上位2艇以外を切ること', 'tenji_trigger': '展示確認: 1号艇伸び良→そのまま採用。悪→飛び組に差し替え。circle_pct上位2艇に絞り込むこと。\n展示で1号艇スタート超安定(0.127秒)→ヒモ固まり方向に注意'}",,,29.1,逃げ狙い,22.05,27.7,2,,,,,,,,,,,
2025-07-21,丸亀,10,5,梶原　正,B1,30.53,5,,3.6619,1.1,75,23.6,0.152,3.4364,,,0,低,90,0,差ま0%,2 4515,0,26.7,0.7438,0,0,0,0.0357,0,0.23,0.305,0.139,,,C,,,0.2242,0.6495,,0.6048,S,87,0,◎1着固定 2-3着流し（5〜8点）,0.5777,"{'is_target': True, 'verdict': '点数絞り', 'max_combo_prob': 0.1061, 'est_top_odds': 12.6, 'circle_concentration': 76.8, 'eligible_count': 6, 'bet_adj': 0, 'reason': 'rel_win1=56.9%（本命度） / 最有力組み合わせ確率: 0.106（推定実オッズ?13倍） / 2着集中度: 上位2艇 76.8%（補正+0.04） / 総合判定確率: 0.146 / → ヒモはやや固め。上位2艇以外を切ること', 'tenji_trigger': '展示確認: 1号艇伸び良→そのまま採用。悪→飛び組に差し替え。circle_pct上位2艇に絞り込むこと。\n展示で1号艇スタート超安定(0.127秒)→ヒモ固まり方向に注意'}",,,29.1,逃げ狙い,22.05,27.7,2,,,,,,,,,,,
2025-07-21,丸亀,10,6,峰重力也,B1,40.00,6,○,0.9817,3.4,45,23.4,0.1255,2.9362,,,0,低,41,0,-,3 5224,0,34.3,1.0228,,,,,,0.0211,0.1699,0.1699,,,B,○,,0.3422,0.677,,0.6048,S,87,0,◎1着固定 2-3着流し（5〜8点）,0.5777,"{'is_target': True, 'verdict': '点数絞り', 'max_combo_prob': 0.1061, 'est_top_odds': 12.6, 'circle_concentration': 76.8, 'eligible_count': 6, 'bet_adj': 0, 'reason': 'rel_win1=56.9%（本命度） / 最有力組み合わせ確率: 0.106（推定実オッズ?13倍） / 2着集中度: 上位2艇 76.8%（補正+0.04） / 総合判定確率: 0.146 / → ヒモはやや固め。上位2艇以外を切ること', 'tenji_trigger': '展示確認: 1号艇伸び良→そのまま採用。悪→飛び組に差し替え。circle_pct上位2艇に絞り込むこと。\n展示で1号艇スタート超安定(0.127秒)→ヒモ固まり方向に注意'}",,,29.1,逃げ狙い,22.05,27.7,2,,,,,,,,,,,
2025-07-21,丸亀,11,1,小坂尚哉,A1,31.68,1,◎,66.5524,,0,97.8,0.1389,2.4239,,,0,低,81,0,逃1%,241121,0,70.4,1.0729,0.7317,,,,,0.0488,0.0488,0.0976,◎,,C,△,,,0.657,,0.663,S,84,0,◎1着固定 2-3着流し（5〜8点）,0.5777,"{'is_target': True, 'verdict': '点数絞り', 'max_combo_prob': 0.0937, 'est_top_odds': 14.2, 'circle_concentration': 75.1, 'eligible_count': 6, 'bet_adj': 0, 'reason': 'rel_win1=66.6%（本命度） / 最有力組み合わせ確率: 0.094（推定実オッズ?14倍） / 2着集中度: 上位2艇 75.1%（補正+0.04） / 総合判定確率: 0.134 / → ヒモはやや固め。上位2艇以外を切ること', 'tenji_trigger': '展示確認: 1号艇伸び良→そのまま採用。悪→飛び組に差し替え。circle_pct上位2艇に絞り込むこと。\n展示で1号艇スタート超安定(0.139秒)→ヒモ固まり方向に注意'}",,,26.2,逃げ狙い,15.61,25.1,3,,,,,0,0,0.7559,0,,逃げ軸流し,A
2025-07-21,丸亀,11,2,松下直也,A2,31.31,2,△,12.0517,50.4,67,66.2,0.1664,3.513,,,0,低,177,0,-,12341,0,100,2.4988,0,0.0882,0,0,0,0.0286,0.3714,0.2381,,,C,△,,0.0766,0.621,,0.663,S,84,0,◎1着固定 2-3着流し（5〜8点）,0.5777,"{'is_target': True, 'verdict': '点数絞り', 'max_combo_prob': 0.0937, 'est_top_odds': 14.2, 'circle_concentration': 75.1, 'eligible_count': 6, 'bet_adj': 0, 'reason': 'rel_win1=66.6%（本命度） / 最有力組み合わせ確率: 0.094（推定実オッズ?14倍） / 2着集中度: 上位2艇 75.1%（補正+0.04） / 総合判定確率: 0.134 / → ヒモはやや固め。上位2艇以外を切ること', 'tenji_trigger': '展示確認: 1号艇伸び良→そのまま採用。悪→飛び組に差し替え。circle_pct上位2艇に絞り込むこと。\n展示で1号艇スタート超安定(0.139秒)→ヒモ固まり方向に注意'}",,,26.2,逃げ狙い,15.61,25.1,3,,,,,,,,,,,
2025-07-21,丸亀,11,3,山崎聖司,B1,44.10,3,○,5.9645,18.4,72,35.7,0.1507,3.1143,,,0,低,152,0,-,1 424,0,75.6,0.6908,,,,,,0.3771,0.1924,0.0667,,,A,,,0.2597,0.5985,,0.663,S,84,0,◎1着固定 2-3着流し（5〜8点）,0.5777,"{'is_target': True, 'verdict': '点数絞り', 'max_combo_prob': 0.0937, 'est_top_odds': 14.2, 'circle_concentration': 75.1, 'eligible_count': 6, 'bet_adj': 0, 'reason': 'rel_win1=66.6%（本命度） / 最有力組み合わせ確率: 0.094（推定実オッズ?14倍） / 2着集中度: 上位2艇 75.1%（補正+0.04） / 総合判定確率: 0.134 / → ヒモはやや固め。上位2艇以外を切ること', 'tenji_trigger': '展示確認: 1号艇伸び良→そのまま採用。悪→飛び組に差し替え。circle_pct上位2艇に絞り込むこと。\n展示で1号艇スタート超安定(0.139秒)→ヒモ固まり方向に注意'}",,,26.2,逃げ狙い,15.61,25.1,3,,,,,,,,,,,
2025-07-21,丸亀,11,4,中辻博訓,A1,30.89,4,▲,9.1563,24.7,99,69.6,0.1314,2.6339,,,0,低,53,0,差0% ま0% 差ま0%,416332,0,64.3,1.3464,0,0.037,0.037,0.037,0,0.1205,0.0174,0.1981,,,D,◎,◎,0.3213,0.6875,0.4763,0.663,S,84,0,◎1着固定 2-3着流し（5〜8点）,0.5777,"{'is_target': True, 'verdict': '点数絞り', 'max_combo_prob': 0.0937, 'est_top_odds': 14.2, 'circle_concentration': 75.1, 'eligible_count': 6, 'bet_adj': 0, 'reason': 'rel_win1=66.6%（本命度） / 最有力組み合わせ確率: 0.094（推定実オッズ?14倍） / 2着集中度: 上位2艇 75.1%（補正+0.04） / 総合判定確率: 0.134 / → ヒモはやや固め。上位2艇以外を切ること', 'tenji_trigger': '展示確認: 1号艇伸び良→そのまま採用。悪→飛び組に差し替え。circle_pct上位2艇に絞り込むこと。\n展示で1号艇スタート超安定(0.139秒)→ヒモ固まり方向に注意'}",,,26.2,逃げ狙い,15.61,25.1,3,,,,,,,,,,,
2025-07-21,丸亀,11,5,谷口知優,B1,27.42,5,,4.9907,4.6,100,46.7,0.1598,3.3444,,,0,低,83,0,-,351 33,0,50.9,1.0945,0,0,0.0476,0.0476,0,0,0.3481,0.1039,,,E,,,0.2321,0.6165,,0.663,S,84,0,◎1着固定 2-3着流し（5〜8点）,0.5777,"{'is_target': True, 'verdict': '点数絞り', 'max_combo_prob': 0.0937, 'est_top_odds': 14.2, 'circle_concentration': 75.1, 'eligible_count': 6, 'bet_adj': 0, 'reason': 'rel_win1=66.6%（本命度） / 最有力組み合わせ確率: 0.094（推定実オッズ?14倍） / 2着集中度: 上位2艇 75.1%（補正+0.04） / 総合判定確率: 0.134 / → ヒモはやや固め。上位2艇以外を切ること', 'tenji_trigger': '展示確認: 1号艇伸び良→そのまま採用。悪→飛び組に差し替え。circle_pct上位2艇に絞り込むこと。\n展示で1号艇スタート超安定(0.139秒)→ヒモ固まり方向に注意'}",,,26.2,逃げ狙い,15.61,25.1,3,,,,,,,,,,,
2025-07-21,丸亀,11,6,吉川喜継,A1,31.66,6,,1.2844,1.9,87,45.5,0.2055,4.8182,,,0,低,101,1,-,531236,0,31.9,1.7461,,,,,,0.0865,0.2196,0.024,,,C,○,,0.1451,0.6615,,0.663,S,84,0,◎1着固定 2-3着流し（5〜8点）,0.5777,"{'is_target': True, 'verdict': '点数絞り', 'max_combo_prob': 0.0937, 'est_top_odds': 14.2, 'circle_concentration': 75.1, 'eligible_count': 6, 'bet_adj': 0, 'reason': 'rel_win1=66.6%（本命度） / 最有力組み合わせ確率: 0.094（推定実オッズ?14倍） / 2着集中度: 上位2艇 75.1%（補正+0.04） / 総合判定確率: 0.134 / → ヒモはやや固め。上位2艇以外を切ること', 'tenji_trigger': '展示確認: 1号艇伸び良→そのまま採用。悪→飛び組に差し替え。circle_pct上位2艇に絞り込むこと。\n展示で1号艇スタート超安定(0.139秒)→ヒモ固まり方向に注意'}",,,26.2,逃げ狙い,15.61,25.1,3,,,,,,,,,,,
2025-07-21,丸亀,12,1,河野真也,A2,35.71,1,◎,63.2063,,0,89,0.1723,3.7123,,,0,低,156,0,-,3 3253,0,94,1.3134,0.4839,,,,,0.0645,0.0258,0.1774,○,,B,,,,0.6315,,0.3741,S,85,0,◎1着固定 2-3着流し（5〜8点）,0.5777,"{'is_target': True, 'verdict': '点数絞り', 'max_combo_prob': 0.1022, 'est_top_odds': 13.0, 'circle_concentration': 76.1, 'eligible_count': 6, 'bet_adj': 0, 'reason': 'rel_win1=63.2%（本命度） / 最有力組み合わせ確率: 0.102（推定実オッズ?13倍） / 2着集中度: 上位2艇 76.1%（補正+0.04） / 総合判定確率: 0.142 / → ヒモはやや固め。上位2艇以外を切ること', 'tenji_trigger': '展示確認: 1号艇伸び良→そのまま採用。悪→飛び組に差し替え。circle_pct上位2艇に絞り込むこと。'}",,,26.5,逃げ狙い,13.86,27.4,2,,,,,0,0,0.6155,0,,逃げ軸流し,A
2025-07-21,丸亀,12,2,谷川祐一,A2,24.43,2,△,17.5334,56,52,72.3,0.1615,3.2385,,,0,低,96,0,抜0%,324 54,0,50.8,1.0681,0,0.1538,0.0385,0,0.1154,0.0286,0.3257,0.0286,,◎,E,○,,0.4504,0.6465,,0.3741,S,85,0,◎1着固定 2-3着流し（5〜8点）,0.5777,"{'is_target': True, 'verdict': '点数絞り', 'max_combo_prob': 0.1022, 'est_top_odds': 13.0, 'circle_concentration': 76.1, 'eligible_count': 6, 'bet_adj': 0, 'reason': 'rel_win1=63.2%（本命度） / 最有力組み合わせ確率: 0.102（推定実オッズ?13倍） / 2着集中度: 上位2艇 76.1%（補正+0.04） / 総合判定確率: 0.142 / → ヒモはやや固め。上位2艇以外を切ること', 'tenji_trigger': '展示確認: 1号艇伸び良→そのまま採用。悪→飛び組に差し替え。circle_pct上位2艇に絞り込むこと。'}",,,26.5,逃げ狙い,13.86,27.4,2,,,,,,,,,,,
2025-07-21,丸亀,12,3,高濱芳久,A2,27.37,3,,7.2726,20.2,87,40.7,0.1744,3.8983,,,0,低,114,0,差ま0%,413166,0,18.8,0.6083,0,0,0,0.0588,0,0.0485,0.1485,0.1485,,,D,△,,0.2819,0.6335,,0.3741,S,85,0,◎1着固定 2-3着流し（5〜8点）,0.5777,"{'is_target': True, 'verdict': '点数絞り', 'max_combo_prob': 0.1022, 'est_top_odds': 13.0, 'circle_concentration': 76.1, 'eligible_count': 6, 'bet_adj': 0, 'reason': 'rel_win1=63.2%（本命度） / 最有力組み合わせ確率: 0.102（推定実オッズ?13倍） / 2着集中度: 上位2艇 76.1%（補正+0.04） / 総合判定確率: 0.142 / → ヒモはやや固め。上位2艇以外を切ること', 'tenji_trigger': '展示確認: 1号艇伸び良→そのまま採用。悪→飛び組に差し替え。circle_pct上位2艇に絞り込むこと。'}",,,26.5,逃げ狙い,13.86,27.4,2,,,,,,,,,,,
2025-07-21,丸亀,12,4,花本　剛,B1,34.38,4,,5.2906,8.1,100,41.1,0.1766,3.5268,,,0,低,176,0,-,5 623,0,57.2,1.1502,0,0,0.0357,0,0,0.2077,0.1615,0.1769,,,C,,,0.2714,0.5575,,0.3741,S,85,0,◎1着固定 2-3着流し（5〜8点）,0.5777,"{'is_target': True, 'verdict': '点数絞り', 'max_combo_prob': 0.1022, 'est_top_odds': 13.0, 'circle_concentration': 76.1, 'eligible_count': 6, 'bet_adj': 0, 'reason': 'rel_win1=63.2%（本命度） / 最有力組み合わせ確率: 0.102（推定実オッズ?13倍） / 2着集中度: 上位2艇 76.1%（補正+0.04） / 総合判定確率: 0.142 / → ヒモはやや固め。上位2艇以外を切ること', 'tenji_trigger': '展示確認: 1号艇伸び良→そのまま採用。悪→飛び組に差し替え。circle_pct上位2艇に絞り込むこと。'}",,,26.5,逃げ狙い,13.86,27.4,2,,,,,,,,,,,
2025-07-21,丸亀,12,5,山下昂大,A2,30.61,5,▲,5.5364,11.8,94,52.2,0.1389,2.8696,,,0,低,104,0,差ま0%,451532,0,75.6,1.4386,0,0,0,0.1111,0,0.1624,0.1079,0.0812,,△,D,△,,0.4115,0.644,,0.3741,S,85,0,◎1着固定 2-3着流し（5〜8点）,0.5777,"{'is_target': True, 'verdict': '点数絞り', 'max_combo_prob': 0.1022, 'est_top_odds': 13.0, 'circle_concentration': 76.1, 'eligible_count': 6, 'bet_adj': 0, 'reason': 'rel_win1=63.2%（本命度） / 最有力組み合わせ確率: 0.102（推定実オッズ?13倍） / 2着集中度: 上位2艇 76.1%（補正+0.04） / 総合判定確率: 0.142 / → ヒモはやや固め。上位2艇以外を切ること', 'tenji_trigger': '展示確認: 1号艇伸び良→そのまま採用。悪→飛び組に差し替え。circle_pct上位2艇に絞り込むこと。'}",,,26.5,逃げ狙い,13.86,27.4,2,,,,,,,,,,,
2025-07-21,丸亀,12,6,関口智久,A2,39.30,6,○,1.1607,4,65,25,0.1394,2.9135,,,0,低,75,0,-,1254F4,0,50.3,1.0711,,,,,,0.0833,0.2,0.05,,○,B,◎,,0.4201,0.6495,,0.3741,S,85,0,◎1着固定 2-3着流し（5〜8点）,0.5777,"{'is_target': True, 'verdict': '点数絞り', 'max_combo_prob': 0.1022, 'est_top_odds': 13.0, 'circle_concentration': 76.1, 'eligible_count': 6, 'bet_adj': 0, 'reason': 'rel_win1=63.2%（本命度） / 最有力組み合わせ確率: 0.102（推定実オッズ?13倍） / 2着集中度: 上位2艇 76.1%（補正+0.04） / 総合判定確率: 0.142 / → ヒモはやや固め。上位2艇以外を切ること', 'tenji_trigger': '展示確認: 1号艇伸び良→そのまま採用。悪→飛び組に差し替え。circle_pct上位2艇に絞り込むこと。'}",,,26.5,逃げ狙い,13.86,27.4,2,,,,,,,,,,,
2025-07-22,丸亀,1,1,山本浩次,B1,27.18,1,◎,61.5345,,0,78,0.1524,2.9878,,,0,低,84,0,逃1%,5 144,0,86.7,1.1043,0.6,,,,,0.23,0.2033,0,◎,,E,△,,,0.5845,,0.4635,A,65,0,◎-○軸 3着3〜4艇流し（10〜15点）,0.5777,"{'is_target': True, 'verdict': '参加推奨', 'max_combo_prob': 0.0784, 'est_top_odds': 17.0, 'circle_concentration': 69.5, 'eligible_count': 8, 'bet_adj': 2, 'reason': 'rel_win1=61.5%（本命度） / 最有力組み合わせ確率: 0.078（推定実オッズ?17倍） / 2着集中度: 上位2艇 69.5%（補正+0.00） / 総合判定確率: 0.078 / → ヒモ分散。1号艇1着固定で広めのヒモ流し推奨（買い目+2点）', 'tenji_trigger': '展示確認: ヒモ分散レース。1号艇伸び確認後、広めのヒモ流しを採用。穴ヒモ（5・6号艇）を積極的に含める。'}",,,31.1,逃げ狙い,20.48,34.9,5,,,,,0,0,0.7559,0,,逃げ軸流し,A
2025-07-22,丸亀,1,2,天野　誠,B1,34.34,2,△,8.8471,37.4,100,43.2,0.1684,4.1622,,,0,低,126,0,-,6 264,0,18.8,0.5776,,,,,,0.2667,0.0667,0.6,,,C,△,,0.1675,0.582,,0.4635,A,65,0,◎-○軸 3着3〜4艇流し（10〜15点）,0.5777,"{'is_target': True, 'verdict': '参加推奨', 'max_combo_prob': 0.0784, 'est_top_odds': 17.0, 'circle_concentration': 69.5, 'eligible_count': 8, 'bet_adj': 2, 'reason': 'rel_win1=61.5%（本命度） / 最有力組み合わせ確率: 0.078（推定実オッズ?17倍） / 2着集中度: 上位2艇 69.5%（補正+0.00） / 総合判定確率: 0.078 / → ヒモ分散。1号艇1着固定で広めのヒモ流し推奨（買い目+2点）', 'tenji_trigger': '展示確認: ヒモ分散レース。1号艇伸び確認後、広めのヒモ流しを採用。穴ヒモ（5・6号艇）を積極的に含める。'}",,,31.1,逃げ狙い,20.48,34.9,5,,,,,,,,,,,
2025-07-22,丸亀,1,3,山崎聖司,B1,44.10,3,○,8.6175,32.1,72,35.7,0.1507,3.1143,,,0,低,152,0,-,1 424,0,36.5,0.7327,,,,,,0.3771,0.1924,0.0667,,,A,○,,0.3185,0.5985,,0.4635,A,65,0,◎-○軸 3着3〜4艇流し（10〜15点）,0.5777,"{'is_target': True, 'verdict': '参加推奨', 'max_combo_prob': 0.0784, 'est_top_odds': 17.0, 'circle_concentration': 69.5, 'eligible_count': 8, 'bet_adj': 2, 'reason': 'rel_win1=61.5%（本命度） / 最有力組み合わせ確率: 0.078（推定実オッズ?17倍） / 2着集中度: 上位2艇 69.5%（補正+0.00） / 総合判定確率: 0.078 / → ヒモ分散。1号艇1着固定で広めのヒモ流し推奨（買い目+2点）', 'tenji_trigger': '展示確認: ヒモ分散レース。1号艇伸び確認後、広めのヒモ流しを採用。穴ヒモ（5・6号艇）を積極的に含める。'}",,,31.1,逃げ狙い,20.48,34.9,5,,,,,,,,,,,
2025-07-22,丸亀,1,4,亀本勇樹,B1,35.75,4,▲,10.1619,14.1,50,25.6,0.1554,3.3333,,,0,低,75,0,-,2 264,0,39.6,0.7949,0,0,0.1,0,0,0.2083,0.05,0.125,,,B,,,0.2903,0.5815,,0.4635,A,65,0,◎-○軸 3着3〜4艇流し（10〜15点）,0.5777,"{'is_target': True, 'verdict': '参加推奨', 'max_combo_prob': 0.0784, 'est_top_odds': 17.0, 'circle_concentration': 69.5, 'eligible_count': 8, 'bet_adj': 2, 'reason': 'rel_win1=61.5%（本命度） / 最有力組み合わせ確率: 0.078（推定実オッズ?17倍） / 2着集中度: 上位2艇 69.5%（補正+0.00） / 総合判定確率: 0.078 / → ヒモ分散。1号艇1着固定で広めのヒモ流し推奨（買い目+2点）', 'tenji_trigger': '展示確認: ヒモ分散レース。1号艇伸び確認後、広めのヒモ流しを採用。穴ヒモ（5・6号艇）を積極的に含める。'}",,,31.1,逃げ狙い,20.48,34.9,5,,,,,,,,,,,
2025-07-22,丸亀,1,5,山本凱立,B2,33.16,5,,9.4699,13.7,70,33.3,0.17,3.3333,,,0,低,56,1,ま0%,6 6 66,0,64.1,1.1433,0,0,0.3333,0,0,,,,,,C,,,0.325,0.4725,,0.4635,A,65,0,◎-○軸 3着3〜4艇流し（10〜15点）,0.5777,"{'is_target': True, 'verdict': '参加推奨', 'max_combo_prob': 0.0784, 'est_top_odds': 17.0, 'circle_concentration': 69.5, 'eligible_count': 8, 'bet_adj': 2, 'reason': 'rel_win1=61.5%（本命度） / 最有力組み合わせ確率: 0.078（推定実オッズ?17倍） / 2着集中度: 上位2艇 69.5%（補正+0.00） / 総合判定確率: 0.078 / → ヒモ分散。1号艇1着固定で広めのヒモ流し推奨（買い目+2点）', 'tenji_trigger': '展示確認: ヒモ分散レース。1号艇伸び確認後、広めのヒモ流しを採用。穴ヒモ（5・6号艇）を積極的に含める。'}",,,31.1,逃げ狙い,20.48,34.9,5,,,,,,,,,,,
2025-07-22,丸亀,1,6,山口隆史,B1,32.50,6,,1.3692,2.7,32,14.8,0.1991,4.6296,,,0,低,153,0,-,3 662,0,29.4,0.7956,,,,,,0.1467,0.1067,0.2,,,D,◎,,0.1527,0.603,,0.4635,A,65,0,◎-○軸 3着3〜4艇流し（10〜15点）,0.5777,"{'is_target': True, 'verdict': '参加推奨', 'max_combo_prob': 0.0784, 'est_top_odds': 17.0, 'circle_concentration': 69.5, 'eligible_count': 8, 'bet_adj': 2, 'reason': 'rel_win1=61.5%（本命度） / 最有力組み合わせ確率: 0.078（推定実オッズ?17倍） / 2着集中度: 上位2艇 69.5%（補正+0.00） / 総合判定確率: 0.078 / → ヒモ分散。1号艇1着固定で広めのヒモ流し推奨（買い目+2点）', 'tenji_trigger': '展示確認: ヒモ分散レース。1号艇伸び確認後、広めのヒモ流しを採用。穴ヒモ（5・6号艇）を積極的に含める。'}",,,31.1,逃げ狙い,20.48,34.9,5,,,,,,,,,,,
2025-07-22,丸亀,2,1,花本　剛,B1,34.38,1,◎,47.8037,,0,66,0.1787,3.8723,,,0,低,176,0,逃1%,5 623,0,85,1.1001,0.3462,,,,,0.2077,0.1615,0.1769,△,,D,,,,0.5575,,0.2241,B,53,0,◎○△フォーメーション（15〜20点）,0.5777,"{'is_target': True, 'verdict': '点数絞り', 'max_combo_prob': 0.0982, 'est_top_odds': 13.6, 'circle_concentration': 75.0, 'eligible_count': 9, 'bet_adj': 0, 'reason': 'rel_win1=47.8%（本命度） / 最有力組み合わせ確率: 0.098（推定実オッズ?14倍） / 2着集中度: 上位2艇 75.0%（補正+0.04） / 総合判定確率: 0.138 / → ヒモはやや固め。上位2艇以外を切ること', 'tenji_trigger': '展示確認: 1号艇伸び良→そのまま採用。悪→飛び組に差し替え。circle_pct上位2艇に絞り込むこと。'}",,,33.6,両建て推奨,11.52,35.5,4,2-1-3|1-2-4|1-2-5|1-3-4|1-3-2|1-3-5,6-1-4|6-1-3|6-4-1|2-1-3|5-1-6|6-3-1|6-1-5|1-2-4|1-2-5|1-3-4|1-3-2|1-3-5,2-1-3:2.13%|1-2-4:9.94%|1-2-5:8.8%|1-3-4:4.37%|1-3-2:4.1%|1-3-5:3.87%,2-1-3:B_main|1-2-4:A|1-2-5:A|1-3-4:A|1-3-2:A|1-3-5:A,6,12,0.4535,1,[!]見送り推奨（主役決まり手「差し」― 逃げ劣勢レースで的中実績なし）,荒れ広め,D
2025-07-22,丸亀,2,2,畑　和宏,B1,38.42,2,○,13.1901,59.6,86,62.3,0.1475,3.1721,,,0,低,117,0,差0% ま0%,665 52,0,52.7,1.0198,0,0.0357,0.0357,0,0,0.019,0.2971,0.3924,,◎,B,,,0.588,0.597,,0.2241,B,53,0,◎○△フォーメーション（15〜20点）,0.5777,"{'is_target': True, 'verdict': '点数絞り', 'max_combo_prob': 0.0982, 'est_top_odds': 13.6, 'circle_concentration': 75.0, 'eligible_count': 9, 'bet_adj': 0, 'reason': 'rel_win1=47.8%（本命度） / 最有力組み合わせ確率: 0.098（推定実オッズ?14倍） / 2着集中度: 上位2艇 75.0%（補正+0.04） / 総合判定確率: 0.138 / → ヒモはやや固め。上位2艇以外を切ること', 'tenji_trigger': '展示確認: 1号艇伸び良→そのまま採用。悪→飛び組に差し替え。circle_pct上位2艇に絞り込むこと。'}",,,33.6,両建て推奨,11.52,35.5,4,,,,,,,,,,,
2025-07-22,丸亀,2,3,服部達哉,B1,36.00,3,△,14.2483,15.4,100,48,0.1702,3.14,,,0,低,142,0,-,445 5,0,48.1,1.0623,0,0.0476,0.0476,0.0952,0,0.1364,0.2727,0.1364,,,C,△,,0.371,0.6025,,0.2241,B,53,0,◎○△フォーメーション（15〜20点）,0.5777,"{'is_target': True, 'verdict': '点数絞り', 'max_combo_prob': 0.0982, 'est_top_odds': 13.6, 'circle_concentration': 75.0, 'eligible_count': 9, 'bet_adj': 0, 'reason': 'rel_win1=47.8%（本命度） / 最有力組み合わせ確率: 0.098（推定実オッズ?14倍） / 2着集中度: 上位2艇 75.0%（補正+0.04） / 総合判定確率: 0.138 / → ヒモはやや固め。上位2艇以外を切ること', 'tenji_trigger': '展示確認: 1号艇伸び良→そのまま採用。悪→飛び組に差し替え。circle_pct上位2艇に絞り込むこと。'}",,,33.6,両建て推奨,11.52,35.5,4,,,,,,,,,,,
2025-07-22,丸亀,2,4,寺嶋　雄,B1,35.05,4,,15.1211,12,92,43.1,0.1679,3.431,,,0,低,115,0,ま0% 差ま0%,646 2,0,68.2,1.2032,0,0,0.1481,0.037,0,0.2769,0.4231,0.0308,,,C,○,◎,0.3829,0.6255,0.1967,0.2241,B,53,0,◎○△フォーメーション（15〜20点）,0.5777,"{'is_target': True, 'verdict': '点数絞り', 'max_combo_prob': 0.0982, 'est_top_odds': 13.6, 'circle_concentration': 75.0, 'eligible_count': 9, 'bet_adj': 0, 'reason': 'rel_win1=47.8%（本命度） / 最有力組み合わせ確率: 0.098（推定実オッズ?14倍） / 2着集中度: 上位2艇 75.0%（補正+0.04） / 総合判定確率: 0.138 / → ヒモはやや固め。上位2艇以外を切ること', 'tenji_trigger': '展示確認: 1号艇伸び良→そのまま採用。悪→飛び組に差し替え。circle_pct上位2艇に絞り込むこと。'}",,,33.6,両建て推奨,11.52,35.5,4,,,,,,,,,,,
2025-07-22,丸亀,2,5,谷川祐一,A2,24.43,5,,8.1832,12,75,42.4,0.1483,3.1441,,,0,低,96,0,-,324 54,0,63.7,1.1255,0,0,0,0.0417,0,0.0286,0.3257,0.0286,,△,E,◎,,0.4007,0.6465,,0.2241,B,53,0,◎○△フォーメーション（15〜20点）,0.5777,"{'is_target': True, 'verdict': '点数絞り', 'max_combo_prob': 0.0982, 'est_top_odds': 13.6, 'circle_concentration': 75.0, 'eligible_count': 9, 'bet_adj': 0, 'reason': 'rel_win1=47.8%（本命度） / 最有力組み合わせ確率: 0.098（推定実オッズ?14倍） / 2着集中度: 上位2艇 75.0%（補正+0.04） / 総合判定確率: 0.138 / → ヒモはやや固め。上位2艇以外を切ること', 'tenji_trigger': '展示確認: 1号艇伸び良→そのまま採用。悪→飛び組に差し替え。circle_pct上位2艇に絞り込むこと。'}",,,33.6,両建て推奨,11.52,35.5,4,,,,,,,,,,,
2025-07-22,丸亀,2,6,香月大介,B1,49.47,6,▲,1.4537,1,23,2.5,0.1527,2.8,,,0,低,79,0,-,144 25,0,28.2,0.5531,,,,,,0.2655,0.1927,0.1564,,○,A,△,,0.4207,0.601,,0.2241,B,53,0,◎○△フォーメーション（15〜20点）,0.5777,"{'is_target': True, 'verdict': '点数絞り', 'max_combo_prob': 0.0982, 'est_top_odds': 13.6, 'circle_concentration': 75.0, 'eligible_count': 9, 'bet_adj': 0, 'reason': 'rel_win1=47.8%（本命度） / 最有力組み合わせ確率: 0.098（推定実オッズ?14倍） / 2着集中度: 上位2艇 75.0%（補正+0.04） / 総合判定確率: 0.138 / → ヒモはやや固め。上位2艇以外を切ること', 'tenji_trigger': '展示確認: 1号艇伸び良→そのまま採用。悪→飛び組に差し替え。circle_pct上位2艇に絞り込むこと。'}",,,33.6,両建て推奨,11.52,35.5,4,,,,,,,,,,,
2025-07-22,丸亀,3,1,東口　晃,B1,32.83,1,◎,43.5905,,0,55.8,0.156,3.3837,,,0,低,156,0,逃0%,3 465,0,50.1,0.7444,0.1333,,,,,0.4333,0.2567,0.0533,△,,B,,,,0.529,,0.2269,C,41,0,荒れ傾向。高配当狙いか見送り,0.5777,"{'is_target': False, 'verdict': '対象外', 'max_combo_prob': None, 'est_top_odds': None, 'circle_concentration': None, 'eligible_count': 0, 'bet_adj': 0, 'reason': '1号艇rel_win1 < 45%: 通常判定に委ねる', 'tenji_trigger': ''}",,,31.9,両建て推奨,13.54,43,2,2-1-4|2-1-5|2-1-3|1-2-5|1-2-4|1-4-2|1-4-5|1-5-2,5-1-6|5-6-1|2-1-4|2-1-5|6-1-4|6-4-1|2-1-3|1-2-5|1-2-4|1-4-2|1-4-5|1-5-2,2-1-4:2.47%|2-1-5:2.44%|2-1-3:1.9%|1-2-5:8.65%|1-2-4:7.97%|1-4-2:5.36%|1-4-5:4.85%|1-5-2:4.33%,2-1-4:B_main|2-1-5:B_main|2-1-3:B_main|1-2-5:A|1-2-4:A|1-4-2:A|1-4-5:A|1-5-2:A,8,12,0.4535,1,[!]見送り推奨（主役決まり手「差し」― 逃げ劣勢レースで的中実績なし）,荒れ広め,D
2025-07-22,丸亀,3,2,峰重力也,B1,40.00,2,○,21.3748,44.3,87,54.1,0.1211,2.3934,,,0,低,41,0,差1%,3 5224,0,81.9,0.9821,0,0.1111,0.037,0,0,0.0211,0.1699,0.1699,,◎,A,◎,,0.6378,0.677,,0.2269,C,41,0,荒れ傾向。高配当狙いか見送り,0.5777,"{'is_target': False, 'verdict': '対象外', 'max_combo_prob': None, 'est_top_odds': None, 'circle_concentration': None, 'eligible_count': 0, 'bet_adj': 0, 'reason': '1号艇rel_win1 < 45%: 通常判定に委ねる', 'tenji_trigger': ''}",,,31.9,両建て推奨,13.54,43,2,,,,,,,,,,,
2025-07-22,丸亀,3,3,小川広大,B1,26.82,3,,9.5066,20.1,76,27,0.1949,4.4206,,,0,低,185,0,-,3 555,0,17.2,0.6402,,,,,,0.2545,0.0545,0.2909,,,E,,,0.1849,0.5845,,0.2269,C,41,0,荒れ傾向。高配当狙いか見送り,0.5777,"{'is_target': False, 'verdict': '対象外', 'max_combo_prob': None, 'est_top_odds': None, 'circle_concentration': None, 'eligible_count': 0, 'bet_adj': 0, 'reason': '1号艇rel_win1 < 45%: 通常判定に委ねる', 'tenji_trigger': ''}",,,31.9,両建て推奨,13.54,43,2,,,,,,,,,,,
2025-07-22,丸亀,3,4,折下寛法,B1,29.59,4,△,10.1266,19.2,82,47.2,0.1245,2.7075,,,0,低,60,0,差0% 差ま0%,1 3634,0,56.1,1.0528,0,0.0476,0,0.0476,0,0.0522,0.1848,0.0522,,○,D,○,,0.4443,0.6595,,0.2269,C,41,0,荒れ傾向。高配当狙いか見送り,0.5777,"{'is_target': False, 'verdict': '対象外', 'max_combo_prob': None, 'est_top_odds': None, 'circle_concentration': None, 'eligible_count': 0, 'bet_adj': 0, 'reason': '1号艇rel_win1 < 45%: 通常判定に委ねる', 'tenji_trigger': ''}",,,31.9,両建て推奨,13.54,43,2,,,,,,,,,,,
2025-07-22,丸亀,3,5,山下昂大,A2,30.61,5,▲,10.7331,15.8,100,52.2,0.1389,2.8696,,,0,低,104,0,差ま0%,451532,0,89.2,1.5814,0,0,0,0.1111,0,0.1624,0.1079,0.0812,,,D,△,,0.394,0.644,,0.2269,C,41,0,荒れ傾向。高配当狙いか見送り,0.5777,"{'is_target': False, 'verdict': '対象外', 'max_combo_prob': None, 'est_top_odds': None, 'circle_concentration': None, 'eligible_count': 0, 'bet_adj': 0, 'reason': '1号艇rel_win1 < 45%: 通常判定に委ねる', 'tenji_trigger': ''}",,,31.9,両建て推奨,13.54,43,2,,,,,,,,,,,
2025-07-22,丸亀,3,6,中岡健人,B2,30.89,6,,4.6685,0.6,42,11.1,0.1969,4.7778,,,0,低,104,0,-,262 63,0,49.8,1.5839,0,0.04,0,0,0,0.28,0.164,0.196,,,C,△,,0.1887,0.635,,0.2269,C,41,0,荒れ傾向。高配当狙いか見送り,0.5777,"{'is_target': False, 'verdict': '対象外', 'max_combo_prob': None, 'est_top_odds': None, 'circle_concentration': None, 'eligible_count': 0, 'bet_adj': 0, 'reason': '1号艇rel_win1 < 45%: 通常判定に委ねる', 'tenji_trigger': ''}",,,31.9,両建て推奨,13.54,43,2,,,,,,,,,,,
2025-07-22,丸亀,4,1,浜崎準也,B1,36.02,1,◎,59.1285,,0,75,0.16,3.1146,,,0,低,122,0,逃0%,545 22,0,100,1.6985,0.4167,,,,,0.3,0.3,0,◎,,B,△,,,0.5915,,0.5193,A,68,0,◎-○軸 3着3〜4艇流し（10〜15点）,0.5777,"{'is_target': True, 'verdict': '参加推奨', 'max_combo_prob': 0.0776, 'est_top_odds': 17.2, 'circle_concentration': 76.0, 'eligible_count': 8, 'bet_adj': 2, 'reason': 'rel_win1=59.1%（本命度） / 最有力組み合わせ確率: 0.078（推定実オッズ?17倍） / 2着集中度: 上位2艇 76.0%（補正+0.04） / 総合判定確率: 0.118 / → ヒモ分散。1号艇1着固定で広めのヒモ流し推奨（買い目+2点）', 'tenji_trigger': '展示確認: ヒモ分散レース。1号艇伸び確認後、広めのヒモ流しを採用。穴ヒモ（5・6号艇）を積極的に含める。'}",,,30.2,逃げ狙い,12.35,39.2,2,,,,,0,0,0.7559,0,,逃げ軸流し,A
2025-07-22,丸亀,4,2,寳田亮治,B1,33.33,2,▲,12.7875,36.5,84,45,0.1792,4.2375,,,0,低,118,0,-,565 45,0,45.1,0.76,,,,,,0.3056,0.0444,0.0444,,,C,,,0.1355,0.5335,,0.5193,A,68,0,◎-○軸 3着3〜4艇流し（10〜15点）,0.5777,"{'is_target': True, 'verdict': '参加推奨', 'max_combo_prob': 0.0776, 'est_top_odds': 17.2, 'circle_concentration': 76.0, 'eligible_count': 8, 'bet_adj': 2, 'reason': 'rel_win1=59.1%（本命度） / 最有力組み合わせ確率: 0.078（推定実オッズ?17倍） / 2着集中度: 上位2艇 76.0%（補正+0.04） / 総合判定確率: 0.118 / → ヒモ分散。1号艇1着固定で広めのヒモ流し推奨（買い目+2点）', 'tenji_trigger': '展示確認: ヒモ分散レース。1号艇伸び確認後、広めのヒモ流しを採用。穴ヒモ（5・6号艇）を積極的に含める。'}",,,30.2,逃げ狙い,12.35,39.2,2,,,,,,,,,,,
2025-07-22,丸亀,4,3,梶原　正,B1,30.53,3,○,13.1634,39.5,100,51.5,0.1568,3.6212,,,0,低,90,0,抜0%,2 4515,0,77.7,1.6825,0,0,0.0667,0.0333,0.0333,0.23,0.305,0.139,,,D,○,,0.3048,0.6495,,0.5193,A,68,0,◎-○軸 3着3〜4艇流し（10〜15点）,0.5777,"{'is_target': True, 'verdict': '参加推奨', 'max_combo_prob': 0.0776, 'est_top_odds': 17.2, 'circle_concentration': 76.0, 'eligible_count': 8, 'bet_adj': 2, 'reason': 'rel_win1=59.1%（本命度） / 最有力組み合わせ確率: 0.078（推定実オッズ?17倍） / 2着集中度: 上位2艇 76.0%（補正+0.04） / 総合判定確率: 0.118 / → ヒモ分散。1号艇1着固定で広めのヒモ流し推奨（買い目+2点）', 'tenji_trigger': '展示確認: ヒモ分散レース。1号艇伸び確認後、広めのヒモ流しを採用。穴ヒモ（5・6号艇）を積極的に含める。'}",,,30.2,逃げ狙い,12.35,39.2,2,,,,,,,,,,,
2025-07-22,丸亀,4,4,渡邊哲也,B1,40.39,4,△,6.3958,9.2,47,13.6,0.2427,4.2614,,,0,低,114,0,ま0%,455 1,0,11.5,0.5947,0,0,0.0455,0,0,0.04,0.28,0.32,,,B,,,0.1122,0.4815,,0.5193,A,68,0,◎-○軸 3着3〜4艇流し（10〜15点）,0.5777,"{'is_target': True, 'verdict': '参加推奨', 'max_combo_prob': 0.0776, 'est_top_odds': 17.2, 'circle_concentration': 76.0, 'eligible_count': 8, 'bet_adj': 2, 'reason': 'rel_win1=59.1%（本命度） / 最有力組み合わせ確率: 0.078（推定実オッズ?17倍） / 2着集中度: 上位2艇 76.0%（補正+0.04） / 総合判定確率: 0.118 / → ヒモ分散。1号艇1着固定で広めのヒモ流し推奨（買い目+2点）', 'tenji_trigger': '展示確認: ヒモ分散レース。1号艇伸び確認後、広めのヒモ流しを採用。穴ヒモ（5・6号艇）を積極的に含める。'}",,,30.2,逃げ狙い,12.35,39.2,2,,,,,,,,,,,
2025-07-22,丸亀,4,5,牧原　崇,A2,29.90,5,,6.596,9.9,73,32.8,0.1875,4.1311,,,0,低,174,0,-,113543,0,32.8,0.8926,0,0,0,0.0385,0.0385,0.0258,0.2016,0.2274,,,D,◎,,0.1953,0.6775,,0.5193,A,68,0,◎-○軸 3着3〜4艇流し（10〜15点）,0.5777,"{'is_target': True, 'verdict': '参加推奨', 'max_combo_prob': 0.0776, 'est_top_odds': 17.2, 'circle_concentration': 76.0, 'eligible_count': 8, 'bet_adj': 2, 'reason': 'rel_win1=59.1%（本命度） / 最有力組み合わせ確率: 0.078（推定実オッズ?17倍） / 2着集中度: 上位2艇 76.0%（補正+0.04） / 総合判定確率: 0.118 / → ヒモ分散。1号艇1着固定で広めのヒモ流し推奨（買い目+2点）', 'tenji_trigger': '展示確認: ヒモ分散レース。1号艇伸び確認後、広めのヒモ流しを採用。穴ヒモ（5・6号艇）を積極的に含める。'}",,,30.2,逃げ狙い,12.35,39.2,2,,,,,,,,,,,
2025-07-22,丸亀,4,6,高濱芳久,A2,27.37,6,,1.9287,4.9,58,42.9,0.1843,2.8571,,,0,低,114,1,-,413166,0,76.7,1.6247,,,,,,0.0485,0.1485,0.1485,,,E,△,,0.2365,0.6335,,0.5193,A,68,0,◎-○軸 3着3〜4艇流し（10〜15点）,0.5777,"{'is_target': True, 'verdict': '参加推奨', 'max_combo_prob': 0.0776, 'est_top_odds': 17.2, 'circle_concentration': 76.0, 'eligible_count': 8, 'bet_adj': 2, 'reason': 'rel_win1=59.1%（本命度） / 最有力組み合わせ確率: 0.078（推定実オッズ?17倍） / 2着集中度: 上位2艇 76.0%（補正+0.04） / 総合判定確率: 0.118 / → ヒモ分散。1号艇1着固定で広めのヒモ流し推奨（買い目+2点）', 'tenji_trigger': '展示確認: ヒモ分散レース。1号艇伸び確認後、広めのヒモ流しを採用。穴ヒモ（5・6号艇）を積極的に含める。'}",,,30.2,逃げ狙い,12.35,39.2,2,,,,,,,,,,,
2025-07-22,丸亀,5,1,野中一平,A2,27.32,1,◎,54.0352,,0,91.1,0.132,1.9889,,,0,低,26,0,逃1%,333 14,0,88.7,1.1491,0.75,,,,,0,0.04,0.04,◎,,D,○,,,0.66,,0.7113,S,97,0,◎1着固定 2-3着流し（5〜8点）,0.5777,"{'is_target': True, 'verdict': '点数絞り', 'max_combo_prob': 0.1175, 'est_top_odds': 11.3, 'circle_concentration': 79.9, 'eligible_count': 6, 'bet_adj': 0, 'reason': 'rel_win1=54.0%（本命度） / 最有力組み合わせ確率: 0.117（推定実オッズ?11倍） / 2着集中度: 上位2艇 79.9%（補正+0.04） / 総合判定確率: 0.157 / → ヒモはやや固め。上位2艇以外を切ること', 'tenji_trigger': '展示確認: 1号艇伸び良→そのまま採用。悪→飛び組に差し替え。circle_pct上位2艇に絞り込むこと。\n展示で1号艇スタート超安定(0.132秒)→ヒモ固まり方向に注意'}",,,24.7,逃げ狙い,13.76,22.2,2,,,,,0,0,0.7559,0,,逃げ軸流し,A
2025-07-22,丸亀,5,2,吉村正明,B2,31.96,2,▲,16.0372,48.7,63,61.9,0.1462,2.9167,,,0,低,52,0,差0% ま0%,562 65,0,51.6,1.0472,0,0.12,0.04,0,0,0.08,0,0.04,,,C,◎,,0.1828,0.6725,,0.7113,S,97,0,◎1着固定 2-3着流し（5〜8点）,0.5777,"{'is_target': True, 'verdict': '点数絞り', 'max_combo_prob': 0.1175, 'est_top_odds': 11.3, 'circle_concentration': 79.9, 'eligible_count': 6, 'bet_adj': 0, 'reason': 'rel_win1=54.0%（本命度） / 最有力組み合わせ確率: 0.117（推定実オッズ?11倍） / 2着集中度: 上位2艇 79.9%（補正+0.04） / 総合判定確率: 0.157 / → ヒモはやや固め。上位2艇以外を切ること', 'tenji_trigger': '展示確認: 1号艇伸び良→そのまま採用。悪→飛び組に差し替え。circle_pct上位2艇に絞り込むこと。\n展示で1号艇スタート超安定(0.132秒)→ヒモ固まり方向に注意'}",,,24.7,逃げ狙い,13.76,22.2,2,,,,,,,,,,,
2025-07-22,丸亀,5,3,河野真也,A2,35.71,3,○,13.5199,31.2,100,66.2,0.1641,3.331,,,0,低,156,0,-,3 3253,0,44.5,1.0238,0,0,0.125,0.0833,0.0417,0.0645,0.0258,0.1774,,,B,△,,0.1479,0.6315,,0.7113,S,97,0,◎1着固定 2-3着流し（5〜8点）,0.5777,"{'is_target': True, 'verdict': '点数絞り', 'max_combo_prob': 0.1175, 'est_top_odds': 11.3, 'circle_concentration': 79.9, 'eligible_count': 6, 'bet_adj': 0, 'reason': 'rel_win1=54.0%（本命度） / 最有力組み合わせ確率: 0.117（推定実オッズ?11倍） / 2着集中度: 上位2艇 79.9%（補正+0.04） / 総合判定確率: 0.157 / → ヒモはやや固め。上位2艇以外を切ること', 'tenji_trigger': '展示確認: 1号艇伸び良→そのまま採用。悪→飛び組に差し替え。circle_pct上位2艇に絞り込むこと。\n展示で1号艇スタート超安定(0.132秒)→ヒモ固まり方向に注意'}",,,24.7,逃げ狙い,13.76,22.2,2,,,,,,,,,,,
2025-07-22,丸亀,5,4,天野　誠,B1,34.34,4,△,7.4574,7.7,56,15.6,0.1902,4.2889,,,0,低,126,0,ま0%,6 264,0,40.9,0.6626,0,0,0.0556,0,0,0.2667,0.0667,0.6,,,B,,,0.113,0.582,,0.7113,S,97,0,◎1着固定 2-3着流し（5〜8点）,0.5777,"{'is_target': True, 'verdict': '点数絞り', 'max_combo_prob': 0.1175, 'est_top_odds': 11.3, 'circle_concentration': 79.9, 'eligible_count': 6, 'bet_adj': 0, 'reason': 'rel_win1=54.0%（本命度） / 最有力組み合わせ確率: 0.117（推定実オッズ?11倍） / 2着集中度: 上位2艇 79.9%（補正+0.04） / 総合判定確率: 0.157 / → ヒモはやや固め。上位2艇以外を切ること', 'tenji_trigger': '展示確認: 1号艇伸び良→そのまま採用。悪→飛び組に差し替え。circle_pct上位2艇に絞り込むこと。\n展示で1号艇スタート超安定(0.132秒)→ヒモ固まり方向に注意'}",,,24.7,逃げ狙い,13.76,22.2,2,,,,,,,,,,,
2025-07-22,丸亀,5,5,柴田大輔,B2,31.44,5,,5.6968,10.2,34,26.4,0.2077,3.9906,,,0,低,176,0,ま0% 差ま0%,4 3416,0,34.1,0.9002,0,0,0.0417,0.0417,0,0.2769,0.2923,0.2769,,,C,,,0.1136,0.4955,,0.7113,S,97,0,◎1着固定 2-3着流し（5〜8点）,0.5777,"{'is_target': True, 'verdict': '点数絞り', 'max_combo_prob': 0.1175, 'est_top_odds': 11.3, 'circle_concentration': 79.9, 'eligible_count': 6, 'bet_adj': 0, 'reason': 'rel_win1=54.0%（本命度） / 最有力組み合わせ確率: 0.117（推定実オッズ?11倍） / 2着集中度: 上位2艇 79.9%（補正+0.04） / 総合判定確率: 0.157 / → ヒモはやや固め。上位2艇以外を切ること', 'tenji_trigger': '展示確認: 1号艇伸び良→そのまま採用。悪→飛び組に差し替え。circle_pct上位2艇に絞り込むこと。\n展示で1号艇スタート超安定(0.132秒)→ヒモ固まり方向に注意'}",,,24.7,逃げ狙い,13.76,22.2,2,,,,,,,,,,,
2025-07-22,丸亀,5,6,山本浩次,B1,27.18,6,,3.2536,2.2,34,16.7,0.1783,3.6667,,,0,低,84,0,-,5 144,0,23.4,0.8961,,,,,,0.23,0.2033,0,,,E,△,,0.1657,0.5845,,0.7113,S,97,0,◎1着固定 2-3着流し（5〜8点）,0.5777,"{'is_target': True, 'verdict': '点数絞り', 'max_combo_prob': 0.1175, 'est_top_odds': 11.3, 'circle_concentration': 79.9, 'eligible_count': 6, 'bet_adj': 0, 'reason': 'rel_win1=54.0%（本命度） / 最有力組み合わせ確率: 0.117（推定実オッズ?11倍） / 2着集中度: 上位2艇 79.9%（補正+0.04） / 総合判定確率: 0.157 / → ヒモはやや固め。上位2艇以外を切ること', 'tenji_trigger': '展示確認: 1号艇伸び良→そのまま採用。悪→飛び組に差し替え。circle_pct上位2艇に絞り込むこと。\n展示で1号艇スタート超安定(0.132秒)→ヒモ固まり方向に注意'}",,,24.7,逃げ狙い,13.76,22.2,2,,,,,,,,,,,
2025-07-22,丸亀,6,1,中辻博訓,A1,30.89,1,◎,65.5563,,0,91.7,0.128,2.1667,,,0,低,53,0,逃1%,416332,0,73.1,1.0163,0.6304,,,,,0.1205,0.0174,0.1981,◎,,D,◎,,,0.6875,,0.7458,S,95,0,◎1着固定 2-3着流し（5〜8点）,0.5777,"{'is_target': True, 'verdict': '参加推奨', 'max_combo_prob': 0.0821, 'est_top_odds': 16.2, 'circle_concentration': 67.3, 'eligible_count': 6, 'bet_adj': 2, 'reason': 'rel_win1=65.6%（本命度） / 最有力組み合わせ確率: 0.082（推定実オッズ?16倍） / 2着集中度: 上位2艇 67.3%（補正+0.00） / 総合判定確率: 0.082 / → ヒモ分散。1号艇1着固定で広めのヒモ流し推奨（買い目+2点）', 'tenji_trigger': '展示確認: ヒモ分散レース。1号艇伸び確認後、広めのヒモ流しを採用。穴ヒモ（5・6号艇）を積極的に含める。\n展示で1号艇スタート超安定(0.128秒)→ヒモ固まり方向に注意'}",,,25.1,逃げ狙い,9.3,27.3,4,,,,,0,0,0.7559,0,,逃げ軸流し,A
2025-07-22,丸亀,6,2,宮地秀祈,B1,38.61,2,▲,8.4549,26.5,81,41.2,0.1947,4.6471,,,0,低,145,0,-,4 232,0,61.4,1.2505,0,0.0476,0,0,0,0.2914,0.2714,0.06,,,B,△,,0.0774,0.6005,,0.7458,S,95,0,◎1着固定 2-3着流し（5〜8点）,0.5777,"{'is_target': True, 'verdict': '参加推奨', 'max_combo_prob': 0.0821, 'est_top_odds': 16.2, 'circle_concentration': 67.3, 'eligible_count': 6, 'bet_adj': 2, 'reason': 'rel_win1=65.6%（本命度） / 最有力組み合わせ確率: 0.082（推定実オッズ?16倍） / 2着集中度: 上位2艇 67.3%（補正+0.00） / 総合判定確率: 0.082 / → ヒモ分散。1号艇1着固定で広めのヒモ流し推奨（買い目+2点）', 'tenji_trigger': '展示確認: ヒモ分散レース。1号艇伸び確認後、広めのヒモ流しを採用。穴ヒモ（5・6号艇）を積極的に含める。\n展示で1号艇スタート超安定(0.128秒)→ヒモ固まり方向に注意'}",,,25.1,逃げ狙い,9.3,27.3,4,,,,,,,,,,,
2025-07-22,丸亀,6,3,花本　剛,B1,34.38,3,△,11.4973,40.8,100,54.2,0.176,3.6181,,,0,低,176,0,-,5 623,0,79.7,1.6735,0,0,0.0278,0,0.0278,0.2077,0.1615,0.1769,,,C,,,0.1143,0.5575,,0.7458,S,95,0,◎1着固定 2-3着流し（5〜8点）,0.5777,"{'is_target': True, 'verdict': '参加推奨', 'max_combo_prob': 0.0821, 'est_top_odds': 16.2, 'circle_concentration': 67.3, 'eligible_count': 6, 'bet_adj': 2, 'reason': 'rel_win1=65.6%（本命度） / 最有力組み合わせ確率: 0.082（推定実オッズ?16倍） / 2着集中度: 上位2艇 67.3%（補正+0.00） / 総合判定確率: 0.082 / → ヒモ分散。1号艇1着固定で広めのヒモ流し推奨（買い目+2点）', 'tenji_trigger': '展示確認: ヒモ分散レース。1号艇伸び確認後、広めのヒモ流しを採用。穴ヒモ（5・6号艇）を積極的に含める。\n展示で1号艇スタート超安定(0.128秒)→ヒモ固まり方向に注意'}",,,25.1,逃げ狙い,9.3,27.3,4,,,,,,,,,,,
2025-07-22,丸亀,6,4,山口隆史,B1,32.50,4,,4.9039,17,54,30.1,0.2033,3.9247,,,0,低,153,0,-,3 662,0,19.2,0.6594,,,,,,0.1467,0.1067,0.2,,,C,○,,0.1417,0.603,,0.7458,S,95,0,◎1着固定 2-3着流し（5〜8点）,0.5777,"{'is_target': True, 'verdict': '参加推奨', 'max_combo_prob': 0.0821, 'est_top_odds': 16.2, 'circle_concentration': 67.3, 'eligible_count': 6, 'bet_adj': 2, 'reason': 'rel_win1=65.6%（本命度） / 最有力組み合わせ確率: 0.082（推定実オッズ?16倍） / 2着集中度: 上位2艇 67.3%（補正+0.00） / 総合判定確率: 0.082 / → ヒモ分散。1号艇1着固定で広めのヒモ流し推奨（買い目+2点）', 'tenji_trigger': '展示確認: ヒモ分散レース。1号艇伸び確認後、広めのヒモ流しを採用。穴ヒモ（5・6号艇）を積極的に含める。\n展示で1号艇スタート超安定(0.128秒)→ヒモ固まり方向に注意'}",,,25.1,逃げ狙い,9.3,27.3,4,,,,,,,,,,,
2025-07-22,丸亀,6,5,畑　和宏,B1,38.42,5,○,5.9708,9.2,65,38.2,0.1687,3.3545,,,0,低,117,0,ま0%,665 52,0,57.1,1.1671,0,0,0.0357,0,0,0.019,0.2971,0.3924,,,B,△,,0.1549,0.597,,0.7458,S,95,0,◎1着固定 2-3着流し（5〜8点）,0.5777,"{'is_target': True, 'verdict': '参加推奨', 'max_combo_prob': 0.0821, 'est_top_odds': 16.2, 'circle_concentration': 67.3, 'eligible_count': 6, 'bet_adj': 2, 'reason': 'rel_win1=65.6%（本命度） / 最有力組み合わせ確率: 0.082（推定実オッズ?16倍） / 2着集中度: 上位2艇 67.3%（補正+0.00） / 総合判定確率: 0.082 / → ヒモ分散。1号艇1着固定で広めのヒモ流し推奨（買い目+2点）', 'tenji_trigger': '展示確認: ヒモ分散レース。1号艇伸び確認後、広めのヒモ流しを採用。穴ヒモ（5・6号艇）を積極的に含める。\n展示で1号艇スタート超安定(0.128秒)→ヒモ固まり方向に注意'}",,,25.1,逃げ狙い,9.3,27.3,4,,,,,,,,,,,
2025-07-22,丸亀,6,6,武田光史,A1,31.58,6,,3.6167,6.5,64,44.8,0.18,3.5345,,,0,低,118,0,ま0%,211133,0,91.5,1.7986,0,0,0.0769,0,0,0.1394,0.1511,0.0697,,,D,,,0.1353,0.5965,,0.7458,S,95,0,◎1着固定 2-3着流し（5〜8点）,0.5777,"{'is_target': True, 'verdict': '参加推奨', 'max_combo_prob': 0.0821, 'est_top_odds': 16.2, 'circle_concentration': 67.3, 'eligible_count': 6, 'bet_adj': 2, 'reason': 'rel_win1=65.6%（本命度） / 最有力組み合わせ確率: 0.082（推定実オッズ?16倍） / 2着集中度: 上位2艇 67.3%（補正+0.00） / 総合判定確率: 0.082 / → ヒモ分散。1号艇1着固定で広めのヒモ流し推奨（買い目+2点）', 'tenji_trigger': '展示確認: ヒモ分散レース。1号艇伸び確認後、広めのヒモ流しを採用。穴ヒモ（5・6号艇）を積極的に含める。\n展示で1号艇スタート超安定(0.128秒)→ヒモ固まり方向に注意'}",,,25.1,逃げ狙い,9.3,27.3,4,,,,,,,,,,,
2025-07-22,丸亀,7,1,金子和之,A1,27.55,1,◎,66.3418,,0,93.9,0.1429,2.2576,,,0,低,99,0,逃0%,351416,0,94.7,1.2976,0.7407,,,,,0.0444,0.1778,0,◎,,D,△,,,0.6185,,0.656,S,90,0,◎1着固定 2-3着流し（5〜8点）,0.5777,"{'is_target': True, 'verdict': '参加推奨', 'max_combo_prob': 0.0871, 'est_top_odds': 15.3, 'circle_concentration': 66.5, 'eligible_count': 6, 'bet_adj': 2, 'reason': 'rel_win1=66.3%（本命度） / 最有力組み合わせ確率: 0.087（推定実オッズ?15倍） / 2着集中度: 上位2艇 66.5%（補正+0.00） / 総合判定確率: 0.087 / → ヒモ分散。1号艇1着固定で広めのヒモ流し推奨（買い目+2点）', 'tenji_trigger': '展示確認: ヒモ分散レース。1号艇伸び確認後、広めのヒモ流しを採用。穴ヒモ（5・6号艇）を積極的に含める。'}",,,25,逃げ狙い,9.6,26.7,5,,,,,0,0,0.7559,0,,逃げ軸流し,A
2025-07-22,丸亀,7,2,加藤雅之,B1,30.96,2,,5.911,41.6,55,21.7,0.2059,4.9565,,,0,低,169,0,-,662 6,0,14.3,0.5379,,,,,,0.3529,0.2353,0.1765,,,D,,,0.0775,0.5715,,0.656,S,90,0,◎1着固定 2-3着流し（5〜8点）,0.5777,"{'is_target': True, 'verdict': '参加推奨', 'max_combo_prob': 0.0871, 'est_top_odds': 15.3, 'circle_concentration': 66.5, 'eligible_count': 6, 'bet_adj': 2, 'reason': 'rel_win1=66.3%（本命度） / 最有力組み合わせ確率: 0.087（推定実オッズ?15倍） / 2着集中度: 上位2艇 66.5%（補正+0.00） / 総合判定確率: 0.087 / → ヒモ分散。1号艇1着固定で広めのヒモ流し推奨（買い目+2点）', 'tenji_trigger': '展示確認: ヒモ分散レース。1号艇伸び確認後、広めのヒモ流しを採用。穴ヒモ（5・6号艇）を積極的に含める。'}",,,25,逃げ狙い,9.6,26.7,5,,,,,,,,,,,
2025-07-22,丸亀,7,3,寺嶋　雄,B1,35.05,3,▲,8.0849,24.8,64,32.8,0.177,3.7656,,,0,低,115,0,差0% 差ま0%,646 2,0,39.1,0.6987,0,0.0333,0,0.0333,0,0.2769,0.4231,0.0308,,,B,○,,0.1105,0.6255,,0.656,S,90,0,◎1着固定 2-3着流し（5〜8点）,0.5777,"{'is_target': True, 'verdict': '参加推奨', 'max_combo_prob': 0.0871, 'est_top_odds': 15.3, 'circle_concentration': 66.5, 'eligible_count': 6, 'bet_adj': 2, 'reason': 'rel_win1=66.3%（本命度） / 最有力組み合わせ確率: 0.087（推定実オッズ?15倍） / 2着集中度: 上位2艇 66.5%（補正+0.00） / 総合判定確率: 0.087 / → ヒモ分散。1号艇1着固定で広めのヒモ流し推奨（買い目+2点）', 'tenji_trigger': '展示確認: ヒモ分散レース。1号艇伸び確認後、広めのヒモ流しを採用。穴ヒモ（5・6号艇）を積極的に含める。'}",,,25,逃げ狙い,9.6,26.7,5,,,,,,,,,,,
2025-07-22,丸亀,7,4,東口　晃,B1,32.83,4,,8.8811,9.9,100,35,0.1805,3.9417,,,0,低,156,0,-,3 465,0,43.8,0.8938,0,0,0.0833,0,0,0.4333,0.2567,0.0533,,,C,,,0.1541,0.529,,0.656,S,90,0,◎1着固定 2-3着流し（5〜8点）,0.5777,"{'is_target': True, 'verdict': '参加推奨', 'max_combo_prob': 0.0871, 'est_top_odds': 15.3, 'circle_concentration': 66.5, 'eligible_count': 6, 'bet_adj': 2, 'reason': 'rel_win1=66.3%（本命度） / 最有力組み合わせ確率: 0.087（推定実オッズ?15倍） / 2着集中度: 上位2艇 66.5%（補正+0.00） / 総合判定確率: 0.087 / → ヒモ分散。1号艇1着固定で広めのヒモ流し推奨（買い目+2点）', 'tenji_trigger': '展示確認: ヒモ分散レース。1号艇伸び確認後、広めのヒモ流しを採用。穴ヒモ（5・6号艇）を積極的に含める。'}",,,25,逃げ狙い,9.6,26.7,5,,,,,,,,,,,
2025-07-22,丸亀,7,5,松下直也,A2,31.31,5,△,9.472,16.2,91,44.1,0.1716,3.6029,,,0,低,177,0,抜0%,12341,0,27.3,0.7476,0,0,0,0.0323,0.0645,0.0286,0.3714,0.2381,,,D,△,◎,0.1884,0.621,0.2156,0.656,S,90,0,◎1着固定 2-3着流し（5〜8点）,0.5777,"{'is_target': True, 'verdict': '参加推奨', 'max_combo_prob': 0.0871, 'est_top_odds': 15.3, 'circle_concentration': 66.5, 'eligible_count': 6, 'bet_adj': 2, 'reason': 'rel_win1=66.3%（本命度） / 最有力組み合わせ確率: 0.087（推定実オッズ?15倍） / 2着集中度: 上位2艇 66.5%（補正+0.00） / 総合判定確率: 0.087 / → ヒモ分散。1号艇1着固定で広めのヒモ流し推奨（買い目+2点）', 'tenji_trigger': '展示確認: ヒモ分散レース。1号艇伸び確認後、広めのヒモ流しを採用。穴ヒモ（5・6号艇）を積極的に含める。'}",,,25,逃げ狙い,9.6,26.7,5,,,,,,,,,,,
2025-07-22,丸亀,7,6,関口智久,A2,39.30,6,○,1.3091,7.4,62,25,0.1394,2.9135,,,0,低,75,0,-,1254F4,0,53.2,1.0822,,,,,,0.0833,0.2,0.05,,,B,◎,,0.3251,0.6495,,0.656,S,90,0,◎1着固定 2-3着流し（5〜8点）,0.5777,"{'is_target': True, 'verdict': '参加推奨', 'max_combo_prob': 0.0871, 'est_top_odds': 15.3, 'circle_concentration': 66.5, 'eligible_count': 6, 'bet_adj': 2, 'reason': 'rel_win1=66.3%（本命度） / 最有力組み合わせ確率: 0.087（推定実オッズ?15倍） / 2着集中度: 上位2艇 66.5%（補正+0.00） / 総合判定確率: 0.087 / → ヒモ分散。1号艇1着固定で広めのヒモ流し推奨（買い目+2点）', 'tenji_trigger': '展示確認: ヒモ分散レース。1号艇伸び確認後、広めのヒモ流しを採用。穴ヒモ（5・6号艇）を積極的に含める。'}",,,25,逃げ狙い,9.6,26.7,5,,,,,,,,,,,
2025-07-22,丸亀,8,1,吉川喜継,A1,31.66,1,◎,69.6061,,0,96.9,0.1402,2.7396,,,0,低,101,0,逃1%,531236,0,71,1.075,0.7,,,,,0.0865,0.2196,0.024,◎,,C,◎,,,0.6615,,0.6001,S,86,0,◎1着固定 2-3着流し（5〜8点）,0.5777,"{'is_target': True, 'verdict': '点数絞り', 'max_combo_prob': 0.1489, 'est_top_odds': 9.0, 'circle_concentration': 69.3, 'eligible_count': 6, 'bet_adj': 0, 'reason': 'rel_win1=69.6%（本命度） / 最有力組み合わせ確率: 0.149（推定実オッズ?9倍） / 2着集中度: 上位2艇 69.3%（補正+0.00） / 総合判定確率: 0.149 / → ヒモはやや固め。上位2艇以外を切ること', 'tenji_trigger': '展示確認: 1号艇伸び良→そのまま採用。悪→飛び組に差し替え。circle_pct上位2艇に絞り込むこと。'}",,,27.2,逃げ狙い,13.93,29.2,4,,,,,0,0,0.7559,0,,逃げ軸流し,A
2025-07-22,丸亀,8,2,山下昂大,A2,30.61,2,,10.4451,48.6,77,64.8,0.1698,4,,,0,低,104,0,差0%,451532,0,43.7,1.036,0,0.1304,0,0,0,0.1624,0.1079,0.0812,,,D,△,,0.0927,0.644,,0.6001,S,86,0,◎1着固定 2-3着流し（5〜8点）,0.5777,"{'is_target': True, 'verdict': '点数絞り', 'max_combo_prob': 0.1489, 'est_top_odds': 9.0, 'circle_concentration': 69.3, 'eligible_count': 6, 'bet_adj': 0, 'reason': 'rel_win1=69.6%（本命度） / 最有力組み合わせ確率: 0.149（推定実オッズ?9倍） / 2着集中度: 上位2艇 69.3%（補正+0.00） / 総合判定確率: 0.149 / → ヒモはやや固め。上位2艇以外を切ること', 'tenji_trigger': '展示確認: 1号艇伸び良→そのまま採用。悪→飛び組に差し替え。circle_pct上位2艇に絞り込むこと。'}",,,27.2,逃げ狙い,13.93,29.2,4,,,,,,,,,,,
2025-07-22,丸亀,8,3,亀本勇樹,B1,35.75,3,○,5.1511,20.8,57,31.9,0.1594,3.3617,,,0,低,75,0,-,2 264,0,39.4,0.996,0,0,0.04,0,0,0.2083,0.05,0.125,,,B,△,,0.2094,0.5815,,0.6001,S,86,0,◎1着固定 2-3着流し（5〜8点）,0.5777,"{'is_target': True, 'verdict': '点数絞り', 'max_combo_prob': 0.1489, 'est_top_odds': 9.0, 'circle_concentration': 69.3, 'eligible_count': 6, 'bet_adj': 0, 'reason': 'rel_win1=69.6%（本命度） / 最有力組み合わせ確率: 0.149（推定実オッズ?9倍） / 2着集中度: 上位2艇 69.3%（補正+0.00） / 総合判定確率: 0.149 / → ヒモはやや固め。上位2艇以外を切ること', 'tenji_trigger': '展示確認: 1号艇伸び良→そのまま採用。悪→飛び組に差し替え。circle_pct上位2艇に絞り込むこと。'}",,,27.2,逃げ狙い,13.93,29.2,4,,,,,,,,,,,
2025-07-22,丸亀,8,4,谷川祐一,A2,24.43,4,△,10.3627,17.2,100,60.9,0.1414,3.3261,,,0,低,96,0,-,324 54,0,100,2.4426,0,0.0333,0.1333,0,0,0.0286,0.3257,0.0286,,,E,○,◎,0.3412,0.6465,0.4247,0.6001,S,86,0,◎1着固定 2-3着流し（5〜8点）,0.5777,"{'is_target': True, 'verdict': '点数絞り', 'max_combo_prob': 0.1489, 'est_top_odds': 9.0, 'circle_concentration': 69.3, 'eligible_count': 6, 'bet_adj': 0, 'reason': 'rel_win1=69.6%（本命度） / 最有力組み合わせ確率: 0.149（推定実オッズ?9倍） / 2着集中度: 上位2艇 69.3%（補正+0.00） / 総合判定確率: 0.149 / → ヒモはやや固め。上位2艇以外を切ること', 'tenji_trigger': '展示確認: 1号艇伸び良→そのまま採用。悪→飛び組に差し替え。circle_pct上位2艇に絞り込むこと。'}",,,27.2,逃げ狙い,13.93,29.2,4,,,,,,,,,,,
2025-07-22,丸亀,8,5,寳田亮治,B1,33.33,5,▲,3.3801,13,59,43.4,0.16,3.5849,,,0,低,118,0,-,565 45,0,100,2.1333,,,,,,0.3056,0.0444,0.0444,,,B,,,0.28,0.5335,,0.6001,S,86,0,◎1着固定 2-3着流し（5〜8点）,0.5777,"{'is_target': True, 'verdict': '点数絞り', 'max_combo_prob': 0.1489, 'est_top_odds': 9.0, 'circle_concentration': 69.3, 'eligible_count': 6, 'bet_adj': 0, 'reason': 'rel_win1=69.6%（本命度） / 最有力組み合わせ確率: 0.149（推定実オッズ?9倍） / 2着集中度: 上位2艇 69.3%（補正+0.00） / 総合判定確率: 0.149 / → ヒモはやや固め。上位2艇以外を切ること', 'tenji_trigger': '展示確認: 1号艇伸び良→そのまま採用。悪→飛び組に差し替え。circle_pct上位2艇に絞り込むこと。'}",,,27.2,逃げ狙い,13.93,29.2,4,,,,,,,,,,,
2025-07-22,丸亀,8,6,山本凱立,B2,33.16,6,,1.0548,0.5,11,0,0.2046,4.37,,,0,低,56,0,-,6 6 66,0,31.2,0.6261,,,,,,,,,,,C,,,0.1679,0.4725,,0.6001,S,86,0,◎1着固定 2-3着流し（5〜8点）,0.5777,"{'is_target': True, 'verdict': '点数絞り', 'max_combo_prob': 0.1489, 'est_top_odds': 9.0, 'circle_concentration': 69.3, 'eligible_count': 6, 'bet_adj': 0, 'reason': 'rel_win1=69.6%（本命度） / 最有力組み合わせ確率: 0.149（推定実オッズ?9倍） / 2着集中度: 上位2艇 69.3%（補正+0.00） / 総合判定確率: 0.149 / → ヒモはやや固め。上位2艇以外を切ること', 'tenji_trigger': '展示確認: 1号艇伸び良→そのまま採用。悪→飛び組に差し替え。circle_pct上位2艇に絞り込むこと。'}",,,27.2,逃げ狙い,13.93,29.2,4,,,,,,,,,,,
2025-07-22,丸亀,9,1,高濱芳久,A2,27.37,1,◎,58.0498,,0,84.2,0.1733,3.8421,,,0,低,114,0,逃0%,413166,0,72.3,1.0935,0.4848,,,,,0.0485,0.1485,0.1485,○,,D,△,,,0.6335,,0.3628,A,73,0,◎-○軸 3着3〜4艇流し（10〜15点）,0.5777,"{'is_target': True, 'verdict': '参加推奨', 'max_combo_prob': 0.074, 'est_top_odds': 18.0, 'circle_concentration': 69.4, 'eligible_count': 8, 'bet_adj': 2, 'reason': 'rel_win1=58.0%（本命度） / 最有力組み合わせ確率: 0.074（推定実オッズ?18倍） / 2着集中度: 上位2艇 69.4%（補正+0.00） / 総合判定確率: 0.074 / → ヒモ分散。1号艇1着固定で広めのヒモ流し推奨（買い目+2点）', 'tenji_trigger': '展示確認: ヒモ分散レース。1号艇伸び確認後、広めのヒモ流しを採用。穴ヒモ（5・6号艇）を積極的に含める。'}",,,28.3,逃げ狙い,17.68,29.3,3,,,,,0,0,0.6155,0,,逃げ軸流し,A
2025-07-22,丸亀,9,2,柴田大輔,B2,31.44,2,△,17.0854,45.6,100,70.2,0.1777,4.0175,,,0,低,176,0,-,4 3416,0,59.4,0.6919,0,0.1562,0.0312,0,0.0625,0.2769,0.2923,0.2769,,,C,,,0.2968,0.4955,,0.3628,A,73,0,◎-○軸 3着3〜4艇流し（10〜15点）,0.5777,"{'is_target': True, 'verdict': '参加推奨', 'max_combo_prob': 0.074, 'est_top_odds': 18.0, 'circle_concentration': 69.4, 'eligible_count': 8, 'bet_adj': 2, 'reason': 'rel_win1=58.0%（本命度） / 最有力組み合わせ確率: 0.074（推定実オッズ?18倍） / 2着集中度: 上位2艇 69.4%（補正+0.00） / 総合判定確率: 0.074 / → ヒモ分散。1号艇1着固定で広めのヒモ流し推奨（買い目+2点）', 'tenji_trigger': '展示確認: ヒモ分散レース。1号艇伸び確認後、広めのヒモ流しを採用。穴ヒモ（5・6号艇）を積極的に含める。'}",,,28.3,逃げ狙い,17.68,29.3,3,,,,,,,,,,,
2025-07-22,丸亀,9,3,浜崎準也,B1,36.02,3,○,11.3815,23.8,60,46.9,0.1516,3.2656,,,0,低,122,0,差0%,545 22,0,96.1,2.0035,0,0.05,0,0,0,0.3,0.3,0,,○,B,△,,0.4058,0.5915,,0.3628,A,73,0,◎-○軸 3着3〜4艇流し（10〜15点）,0.5777,"{'is_target': True, 'verdict': '参加推奨', 'max_combo_prob': 0.074, 'est_top_odds': 18.0, 'circle_concentration': 69.4, 'eligible_count': 8, 'bet_adj': 2, 'reason': 'rel_win1=58.0%（本命度） / 最有力組み合わせ確率: 0.074（推定実オッズ?18倍） / 2着集中度: 上位2艇 69.4%（補正+0.00） / 総合判定確率: 0.074 / → ヒモ分散。1号艇1着固定で広めのヒモ流し推奨（買い目+2点）', 'tenji_trigger': '展示確認: ヒモ分散レース。1号艇伸び確認後、広めのヒモ流しを採用。穴ヒモ（5・6号艇）を積極的に含める。'}",,,28.3,逃げ狙い,17.68,29.3,3,,,,,,,,,,,
2025-07-22,丸亀,9,4,中岡健人,B2,30.89,4,,4.9075,14.5,64,35.6,0.1754,3.5932,,,0,低,104,0,-,262 63,0,77.7,1.5319,0,0,0.0312,0,0,0.28,0.164,0.196,,,C,○,,0.2976,0.635,,0.3628,A,73,0,◎-○軸 3着3〜4艇流し（10〜15点）,0.5777,"{'is_target': True, 'verdict': '参加推奨', 'max_combo_prob': 0.074, 'est_top_odds': 18.0, 'circle_concentration': 69.4, 'eligible_count': 8, 'bet_adj': 2, 'reason': 'rel_win1=58.0%（本命度） / 最有力組み合わせ確率: 0.074（推定実オッズ?18倍） / 2着集中度: 上位2艇 69.4%（補正+0.00） / 総合判定確率: 0.074 / → ヒモ分散。1号艇1着固定で広めのヒモ流し推奨（買い目+2点）', 'tenji_trigger': '展示確認: ヒモ分散レース。1号艇伸び確認後、広めのヒモ流しを採用。穴ヒモ（5・6号艇）を積極的に含める。'}",,,28.3,逃げ狙い,17.68,29.3,3,,,,,,,,,,,
2025-07-22,丸亀,9,5,吉村正明,B2,31.96,5,▲,5.9789,15.4,71,41.7,0.1423,3.1042,,,0,低,52,0,ま0% 差ま0%,562 65,0,29.5,1.2024,0,0,0.0333,0.0333,0,0.08,0,0.04,,◎,C,◎,,0.4073,0.6725,,0.3628,A,73,0,◎-○軸 3着3〜4艇流し（10〜15点）,0.5777,"{'is_target': True, 'verdict': '参加推奨', 'max_combo_prob': 0.074, 'est_top_odds': 18.0, 'circle_concentration': 69.4, 'eligible_count': 8, 'bet_adj': 2, 'reason': 'rel_win1=58.0%（本命度） / 最有力組み合わせ確率: 0.074（推定実オッズ?18倍） / 2着集中度: 上位2艇 69.4%（補正+0.00） / 総合判定確率: 0.074 / → ヒモ分散。1号艇1着固定で広めのヒモ流し推奨（買い目+2点）', 'tenji_trigger': '展示確認: ヒモ分散レース。1号艇伸び確認後、広めのヒモ流しを採用。穴ヒモ（5・6号艇）を積極的に含める。'}",,,28.3,逃げ狙い,17.68,29.3,3,,,,,,,,,,,
2025-07-22,丸亀,9,6,小川広大,B1,26.82,6,,2.5968,0.7,59,18.2,0.2125,4.9182,,,0,低,185,0,-,3 555,0,29.5,0.82,,,,,,0.2545,0.0545,0.2909,,,E,,,0.211,0.5845,,0.3628,A,73,0,◎-○軸 3着3〜4艇流し（10〜15点）,0.5777,"{'is_target': True, 'verdict': '参加推奨', 'max_combo_prob': 0.074, 'est_top_odds': 18.0, 'circle_concentration': 69.4, 'eligible_count': 8, 'bet_adj': 2, 'reason': 'rel_win1=58.0%（本命度） / 最有力組み合わせ確率: 0.074（推定実オッズ?18倍） / 2着集中度: 上位2艇 69.4%（補正+0.00） / 総合判定確率: 0.074 / → ヒモ分散。1号艇1着固定で広めのヒモ流し推奨（買い目+2点）', 'tenji_trigger': '展示確認: ヒモ分散レース。1号艇伸び確認後、広めのヒモ流しを採用。穴ヒモ（5・6号艇）を積極的に含める。'}",,,28.3,逃げ狙い,17.68,29.3,3,,,,,,,,,,,
2025-07-22,丸亀,10,1,牧原　崇,A2,29.90,1,◎,55.8223,,0,86.6,0.1627,3.1194,,,0,低,174,0,逃1%,113543,0,78.3,1.1749,0.4516,,,,,0.0258,0.2016,0.2274,○,,D,○,,,0.6775,,0.3961,A,72,0,◎-○軸 3着3〜4艇流し（10〜15点）,0.5777,"{'is_target': True, 'verdict': '点数絞り', 'max_combo_prob': 0.0955, 'est_top_odds': 14.0, 'circle_concentration': 75.8, 'eligible_count': 8, 'bet_adj': 0, 'reason': 'rel_win1=55.8%（本命度） / 最有力組み合わせ確率: 0.096（推定実オッズ?14倍） / 2着集中度: 上位2艇 75.8%（補正+0.04） / 総合判定確率: 0.136 / → ヒモはやや固め。上位2艇以外を切ること', 'tenji_trigger': '展示確認: 1号艇伸び良→そのまま採用。悪→飛び組に差し替え。circle_pct上位2艇に絞り込むこと。'}",,,29,逃げ狙い,18.2,30.7,3,,,,,0,0,0.6155,0,,逃げ軸流し,A
2025-07-22,丸亀,10,2,折下寛法,B1,29.59,2,,10.9451,23.4,87,49,0.1504,2.8039,,,0,低,60,0,差0% ま0%,1 3634,0,34.9,0.8162,0,0.0769,0.0769,0,0,0.0522,0.1848,0.0522,,△,D,△,,0.4446,0.6595,,0.3961,A,72,0,◎-○軸 3着3〜4艇流し（10〜15点）,0.5777,"{'is_target': True, 'verdict': '点数絞り', 'max_combo_prob': 0.0955, 'est_top_odds': 14.0, 'circle_concentration': 75.8, 'eligible_count': 8, 'bet_adj': 0, 'reason': 'rel_win1=55.8%（本命度） / 最有力組み合わせ確率: 0.096（推定実オッズ?14倍） / 2着集中度: 上位2艇 75.8%（補正+0.04） / 総合判定確率: 0.136 / → ヒモはやや固め。上位2艇以外を切ること', 'tenji_trigger': '展示確認: 1号艇伸び良→そのまま採用。悪→飛び組に差し替え。circle_pct上位2艇に絞り込むこと。'}",,,29,逃げ狙い,18.2,30.7,3,,,,,,,,,,,
2025-07-22,丸亀,10,3,中辻博訓,A1,30.89,3,▲,17.9885,52.3,50,65.4,0.1319,2.5865,,,0,低,53,0,-,416332,0,100,2.9265,0,0,0,0.08,0.04,0.1205,0.0174,0.1981,,○,D,◎,,0.4685,0.6875,,0.3961,A,72,0,◎-○軸 3着3〜4艇流し（10〜15点）,0.5777,"{'is_target': True, 'verdict': '点数絞り', 'max_combo_prob': 0.0955, 'est_top_odds': 14.0, 'circle_concentration': 75.8, 'eligible_count': 8, 'bet_adj': 0, 'reason': 'rel_win1=55.8%（本命度） / 最有力組み合わせ確率: 0.096（推定実オッズ?14倍） / 2着集中度: 上位2艇 75.8%（補正+0.04） / 総合判定確率: 0.136 / → ヒモはやや固め。上位2艇以外を切ること', 'tenji_trigger': '展示確認: 1号艇伸び良→そのまま採用。悪→飛び組に差し替え。circle_pct上位2艇に絞り込むこと。'}",,,29,逃げ狙い,18.2,30.7,3,,,,,,,,,,,
2025-07-22,丸亀,10,4,山崎聖司,B1,44.10,4,△,6.5049,13.3,100,40.8,0.1941,4.0352,,,0,低,152,0,差0% 差ま0%,1 424,0,32.3,0.8372,0,0.0286,0,0.0286,0,0.3771,0.1924,0.0667,,,A,,,0.1882,0.5985,,0.3961,A,72,0,◎-○軸 3着3〜4艇流し（10〜15点）,0.5777,"{'is_target': True, 'verdict': '点数絞り', 'max_combo_prob': 0.0955, 'est_top_odds': 14.0, 'circle_concentration': 75.8, 'eligible_count': 8, 'bet_adj': 0, 'reason': 'rel_win1=55.8%（本命度） / 最有力組み合わせ確率: 0.096（推定実オッズ?14倍） / 2着集中度: 上位2艇 75.8%（補正+0.04） / 総合判定確率: 0.136 / → ヒモはやや固め。上位2艇以外を切ること', 'tenji_trigger': '展示確認: 1号艇伸び良→そのまま採用。悪→飛び組に差し替え。circle_pct上位2艇に絞り込むこと。'}",,,29,逃げ狙い,18.2,30.7,3,,,,,,,,,,,
2025-07-22,丸亀,10,5,峰重力也,B1,40.00,5,○,5.9697,8.3,28,25.9,0.1144,2.7407,,,0,低,41,0,-,3 5224,0,45.3,0.9476,,,,,,0.0211,0.1699,0.1699,,◎,B,△,,0.4979,0.677,,0.3961,A,72,0,◎-○軸 3着3〜4艇流し（10〜15点）,0.5777,"{'is_target': True, 'verdict': '点数絞り', 'max_combo_prob': 0.0955, 'est_top_odds': 14.0, 'circle_concentration': 75.8, 'eligible_count': 8, 'bet_adj': 0, 'reason': 'rel_win1=55.8%（本命度） / 最有力組み合わせ確率: 0.096（推定実オッズ?14倍） / 2着集中度: 上位2艇 75.8%（補正+0.04） / 総合判定確率: 0.136 / → ヒモはやや固め。上位2艇以外を切ること', 'tenji_trigger': '展示確認: 1号艇伸び良→そのまま採用。悪→飛び組に差し替え。circle_pct上位2艇に絞り込むこと。'}",,,29,逃げ狙い,18.2,30.7,3,,,,,,,,,,,
2025-07-22,丸亀,10,6,河野真也,A2,35.71,6,,2.7696,2.6,91,30.9,0.1853,4.2636,,,0,低,156,0,-,3 3253,0,25.8,0.4578,0,0,0,0.0417,0,0.0645,0.0258,0.1774,,,C,,,0.2392,0.6315,,0.3961,A,72,0,◎-○軸 3着3〜4艇流し（10〜15点）,0.5777,"{'is_target': True, 'verdict': '点数絞り', 'max_combo_prob': 0.0955, 'est_top_odds': 14.0, 'circle_concentration': 75.8, 'eligible_count': 8, 'bet_adj': 0, 'reason': 'rel_win1=55.8%（本命度） / 最有力組み合わせ確率: 0.096（推定実オッズ?14倍） / 2着集中度: 上位2艇 75.8%（補正+0.04） / 総合判定確率: 0.136 / → ヒモはやや固め。上位2艇以外を切ること', 'tenji_trigger': '展示確認: 1号艇伸び良→そのまま採用。悪→飛び組に差し替え。circle_pct上位2艇に絞り込むこと。'}",,,29,逃げ狙い,18.2,30.7,3,,,,,,,,,,,
2025-07-22,丸亀,11,1,松下直也,A2,31.31,1,◎,55.6856,,0,75,0.1788,4.125,,,0,低,177,0,逃1%,12341,0,83.6,1.1174,0.3333,,,,,0.0286,0.3714,0.2381,△,,C,△,,,0.621,,0.2565,B,57,0,◎○△フォーメーション（15〜20点）,0.5777,"{'is_target': True, 'verdict': '参加推奨', 'max_combo_prob': 0.0639, 'est_top_odds': 20.9, 'circle_concentration': 76.7, 'eligible_count': 9, 'bet_adj': 2, 'reason': 'rel_win1=55.7%（本命度） / 最有力組み合わせ確率: 0.064（推定実オッズ?21倍） / 2着集中度: 上位2艇 76.7%（補正+0.04） / 総合判定確率: 0.104 / → ヒモ分散。1号艇1着固定で広めのヒモ流し推奨（買い目+2点）', 'tenji_trigger': '展示確認: ヒモ分散レース。1号艇伸び確認後、広めのヒモ流しを採用。穴ヒモ（5・6号艇）を積極的に含める。'}",,,30.1,両建て推奨,17.41,34.7,3,3-1-4|1-2-4|1-3-4|1-2-3|1-3-2|1-4-3,5-1-6|5-1-2|3-1-4|4-1-6|5-6-1|5-2-1|4-1-5|1-2-4|1-3-4|1-2-3|1-3-2|1-4-3,3-1-4:2.21%|1-2-4:7.1%|1-3-4:7.09%|1-2-3:6.77%|1-3-2:6.42%|1-4-3:4.23%,3-1-4:B_main|1-2-4:A|1-3-4:A|1-2-3:A|1-3-2:A|1-4-3:A,6,12,0.4535,1,[!]見送り推奨（主役決まり手「まくり差し」― 逃げ劣勢レースで的中実績なし）,荒れ広め,D
2025-07-22,丸亀,11,2,金子和之,A1,27.55,2,△,17.9584,39.3,99,66,0.1713,3.7547,,,0,低,99,0,-,351416,0,67.8,1.3269,0,0.15,0,0,0.05,0.0444,0.1778,0,,△,D,,,0.4139,0.6185,,0.2565,B,57,0,◎○△フォーメーション（15〜20点）,0.5777,"{'is_target': True, 'verdict': '参加推奨', 'max_combo_prob': 0.0639, 'est_top_odds': 20.9, 'circle_concentration': 76.7, 'eligible_count': 9, 'bet_adj': 2, 'reason': 'rel_win1=55.7%（本命度） / 最有力組み合わせ確率: 0.064（推定実オッズ?21倍） / 2着集中度: 上位2艇 76.7%（補正+0.04） / 総合判定確率: 0.104 / → ヒモ分散。1号艇1着固定で広めのヒモ流し推奨（買い目+2点）', 'tenji_trigger': '展示確認: ヒモ分散レース。1号艇伸び確認後、広めのヒモ流しを採用。穴ヒモ（5・6号艇）を積極的に含める。'}",,,30.1,両建て推奨,17.41,34.7,3,,,,,,,,,,,
2025-07-22,丸亀,11,3,野中一平,A2,27.32,3,,15.4447,37.3,80,72.2,0.1142,2.2778,,,0,低,26,0,ま0% 差ま0%,333 14,0,67.8,1.4008,0,0,0.0556,0.1111,0,0,0.04,0.04,,◎,D,○,,0.5114,0.66,,0.2565,B,57,0,◎○△フォーメーション（15〜20点）,0.5777,"{'is_target': True, 'verdict': '参加推奨', 'max_combo_prob': 0.0639, 'est_top_odds': 20.9, 'circle_concentration': 76.7, 'eligible_count': 9, 'bet_adj': 2, 'reason': 'rel_win1=55.7%（本命度） / 最有力組み合わせ確率: 0.064（推定実オッズ?21倍） / 2着集中度: 上位2艇 76.7%（補正+0.04） / 総合判定確率: 0.104 / → ヒモ分散。1号艇1着固定で広めのヒモ流し推奨（買い目+2点）', 'tenji_trigger': '展示確認: ヒモ分散レース。1号艇伸び確認後、広めのヒモ流しを採用。穴ヒモ（5・6号艇）を積極的に含める。'}",,,30.1,両建て推奨,17.41,34.7,3,,,,,,,,,,,
2025-07-22,丸亀,11,4,梶原　正,B1,30.53,4,▲,6.4739,12.5,100,38.5,0.1463,2.8942,,,0,低,90,0,差ま0%,2 4515,0,86.7,0.7921,0,0,0,0.0526,0,0.23,0.305,0.139,,○,C,△,,0.4667,0.6495,,0.2565,B,57,0,◎○△フォーメーション（15〜20点）,0.5777,"{'is_target': True, 'verdict': '参加推奨', 'max_combo_prob': 0.0639, 'est_top_odds': 20.9, 'circle_concentration': 76.7, 'eligible_count': 9, 'bet_adj': 2, 'reason': 'rel_win1=55.7%（本命度） / 最有力組み合わせ確率: 0.064（推定実オッズ?21倍） / 2着集中度: 上位2艇 76.7%（補正+0.04） / 総合判定確率: 0.104 / → ヒモ分散。1号艇1着固定で広めのヒモ流し推奨（買い目+2点）', 'tenji_trigger': '展示確認: ヒモ分散レース。1号艇伸び確認後、広めのヒモ流しを採用。穴ヒモ（5・6号艇）を積極的に含める。'}",,,30.1,両建て推奨,17.41,34.7,3,,,,,,,,,,,
2025-07-22,丸亀,11,5,宮地秀祈,B1,38.61,5,○,2.9356,9,65,27.9,0.1861,3.9016,,,0,低,145,0,-,4 232,0,30.1,0.7812,,,,,,0.2914,0.2714,0.06,,,B,,,0.3458,0.6005,,0.2565,B,57,0,◎○△フォーメーション（15〜20点）,0.5777,"{'is_target': True, 'verdict': '参加推奨', 'max_combo_prob': 0.0639, 'est_top_odds': 20.9, 'circle_concentration': 76.7, 'eligible_count': 9, 'bet_adj': 2, 'reason': 'rel_win1=55.7%（本命度） / 最有力組み合わせ確率: 0.064（推定実オッズ?21倍） / 2着集中度: 上位2艇 76.7%（補正+0.04） / 総合判定確率: 0.104 / → ヒモ分散。1号艇1着固定で広めのヒモ流し推奨（買い目+2点）', 'tenji_trigger': '展示確認: ヒモ分散レース。1号艇伸び確認後、広めのヒモ流しを採用。穴ヒモ（5・6号艇）を積極的に含める。'}",,,30.1,両建て推奨,17.41,34.7,3,,,,,,,,,,,
2025-07-22,丸亀,11,6,吉川喜継,A1,31.66,6,,1.5018,1.8,98,45.5,0.2055,4.8182,,,0,低,101,1,-,531236,0,30.1,1.6861,,,,,,0.0865,0.2196,0.024,,,C,◎,,0.2808,0.6615,,0.2565,B,57,0,◎○△フォーメーション（15〜20点）,0.5777,"{'is_target': True, 'verdict': '参加推奨', 'max_combo_prob': 0.0639, 'est_top_odds': 20.9, 'circle_concentration': 76.7, 'eligible_count': 9, 'bet_adj': 2, 'reason': 'rel_win1=55.7%（本命度） / 最有力組み合わせ確率: 0.064（推定実オッズ?21倍） / 2着集中度: 上位2艇 76.7%（補正+0.04） / 総合判定確率: 0.104 / → ヒモ分散。1号艇1着固定で広めのヒモ流し推奨（買い目+2点）', 'tenji_trigger': '展示確認: ヒモ分散レース。1号艇伸び確認後、広めのヒモ流しを採用。穴ヒモ（5・6号艇）を積極的に含める。'}",,,30.1,両建て推奨,17.41,34.7,3,,,,,,,,,,,
2025-07-22,丸亀,12,1,松山将吾,A1,27.22,1,◎,57.2113,,0,90.9,0.1268,2.2652,,,0,低,66,0,逃1%,122311,0,78.9,1.1594,0.6207,,,,,0.0138,0.1614,0.189,◎,,D,◎,,,0.664,,0.685,S,88,0,◎1着固定 2-3着流し（5〜8点）,0.5777,"{'is_target': True, 'verdict': '点数絞り', 'max_combo_prob': 0.0845, 'est_top_odds': 15.8, 'circle_concentration': 76.0, 'eligible_count': 6, 'bet_adj': 0, 'reason': 'rel_win1=57.2%（本命度） / 最有力組み合わせ確率: 0.084（推定実オッズ?16倍） / 2着集中度: 上位2艇 76.0%（補正+0.04） / 総合判定確率: 0.124 / → ヒモはやや固め。上位2艇以外を切ること', 'tenji_trigger': '展示確認: 1号艇伸び良→そのまま採用。悪→飛び組に差し替え。circle_pct上位2艇に絞り込むこと。\n展示で1号艇スタート超安定(0.127秒)→ヒモ固まり方向に注意'}",,,29.8,逃げ狙い,24.45,27.7,4,,,,,0,0,0.7559,0,,逃げ軸流し,A
2025-07-22,丸亀,12,2,高橋直哉,B1,38.50,2,△,10.6254,48.7,100,56.2,0.1917,4.3125,,,0,低,172,0,差0% 抜0%,121 56,0,74.6,0.9164,0,0.12,0,0,0.04,0.05,0.2833,0.05,,,A,,,0.0793,0.606,,0.685,S,88,0,◎1着固定 2-3着流し（5〜8点）,0.5777,"{'is_target': True, 'verdict': '点数絞り', 'max_combo_prob': 0.0845, 'est_top_odds': 15.8, 'circle_concentration': 76.0, 'eligible_count': 6, 'bet_adj': 0, 'reason': 'rel_win1=57.2%（本命度） / 最有力組み合わせ確率: 0.084（推定実オッズ?16倍） / 2着集中度: 上位2艇 76.0%（補正+0.04） / 総合判定確率: 0.124 / → ヒモはやや固め。上位2艇以外を切ること', 'tenji_trigger': '展示確認: 1号艇伸び良→そのまま採用。悪→飛び組に差し替え。circle_pct上位2艇に絞り込むこと。\n展示で1号艇スタート超安定(0.127秒)→ヒモ固まり方向に注意'}",,,29.8,逃げ狙い,24.45,27.7,4,,,,,,,,,,,
2025-07-22,丸亀,12,3,谷口知優,B1,27.42,3,,10.6674,18,87,50,0.1627,3.2955,,,0,低,83,0,差0% ま0% 差ま0%,351 33,0,26.2,0.8496,0,0.125,0.0417,0.0833,0,0,0.3481,0.1039,,,D,,,0.1453,0.6165,,0.685,S,88,0,◎1着固定 2-3着流し（5〜8点）,0.5777,"{'is_target': True, 'verdict': '点数絞り', 'max_combo_prob': 0.0845, 'est_top_odds': 15.8, 'circle_concentration': 76.0, 'eligible_count': 6, 'bet_adj': 0, 'reason': 'rel_win1=57.2%（本命度） / 最有力組み合わせ確率: 0.084（推定実オッズ?16倍） / 2着集中度: 上位2艇 76.0%（補正+0.04） / 総合判定確率: 0.124 / → ヒモはやや固め。上位2艇以外を切ること', 'tenji_trigger': '展示確認: 1号艇伸び良→そのまま採用。悪→飛び組に差し替え。circle_pct上位2艇に絞り込むこと。\n展示で1号艇スタート超安定(0.127秒)→ヒモ固まり方向に注意'}",,,29.8,逃げ狙い,24.45,27.7,4,,,,,,,,,,,
2025-07-22,丸亀,12,4,小坂尚哉,A1,31.68,4,▲,9.7723,27.3,75,61.5,0.1398,2.7596,,,0,低,81,0,-,241121,0,37.2,0.9253,0,0.0526,0,0,0,0.0488,0.0488,0.0976,,,C,△,○,0.2559,0.657,0.379,0.685,S,88,0,◎1着固定 2-3着流し（5〜8点）,0.5777,"{'is_target': True, 'verdict': '点数絞り', 'max_combo_prob': 0.0845, 'est_top_odds': 15.8, 'circle_concentration': 76.0, 'eligible_count': 6, 'bet_adj': 0, 'reason': 'rel_win1=57.2%（本命度） / 最有力組み合わせ確率: 0.084（推定実オッズ?16倍） / 2着集中度: 上位2艇 76.0%（補正+0.04） / 総合判定確率: 0.124 / → ヒモはやや固め。上位2艇以外を切ること', 'tenji_trigger': '展示確認: 1号艇伸び良→そのまま採用。悪→飛び組に差し替え。circle_pct上位2艇に絞り込むこと。\n展示で1号艇スタート超安定(0.127秒)→ヒモ固まり方向に注意'}",,,29.8,逃げ狙い,24.45,27.7,4,,,,,,,,,,,
2025-07-22,丸亀,12,5,中村日向,A1,32.31,5,○,10.8281,5.3,78,55.2,0.1493,3.3966,,,0,低,40,0,差ま0%,233315,0,28.4,1.5071,0,0,0,0.25,0.0833,0.1538,0.0769,0,,,C,△,◎,0.2887,0.645,0.4175,0.685,S,88,0,◎1着固定 2-3着流し（5〜8点）,0.5777,"{'is_target': True, 'verdict': '点数絞り', 'max_combo_prob': 0.0845, 'est_top_odds': 15.8, 'circle_concentration': 76.0, 'eligible_count': 6, 'bet_adj': 0, 'reason': 'rel_win1=57.2%（本命度） / 最有力組み合わせ確率: 0.084（推定実オッズ?16倍） / 2着集中度: 上位2艇 76.0%（補正+0.04） / 総合判定確率: 0.124 / → ヒモはやや固め。上位2艇以外を切ること', 'tenji_trigger': '展示確認: 1号艇伸び良→そのまま採用。悪→飛び組に差し替え。circle_pct上位2艇に絞り込むこと。\n展示で1号艇スタート超安定(0.127秒)→ヒモ固まり方向に注意'}",,,29.8,逃げ狙い,24.45,27.7,4,,,,,,,,,,,
2025-07-22,丸亀,12,6,宮武英司,B1,28.43,6,,0.8955,0.7,47,23.3,0.1781,4.1628,,,0,低,89,0,-,254 12,0,96.9,2.0189,,,,,,0.4889,0.0222,0.0222,,,D,○,,0.1682,0.658,,0.685,S,88,0,◎1着固定 2-3着流し（5〜8点）,0.5777,"{'is_target': True, 'verdict': '点数絞り', 'max_combo_prob': 0.0845, 'est_top_odds': 15.8, 'circle_concentration': 76.0, 'eligible_count': 6, 'bet_adj': 0, 'reason': 'rel_win1=57.2%（本命度） / 最有力組み合わせ確率: 0.084（推定実オッズ?16倍） / 2着集中度: 上位2艇 76.0%（補正+0.04） / 総合判定確率: 0.124 / → ヒモはやや固め。上位2艇以外を切ること', 'tenji_trigger': '展示確認: 1号艇伸び良→そのまま採用。悪→飛び組に差し替え。circle_pct上位2艇に絞り込むこと。\n展示で1号艇スタート超安定(0.127秒)→ヒモ固まり方向に注意'}",,,29.8,逃げ狙い,24.45,27.7,4,,,,,,,,,,,
2025-07-25,丸亀,1,1,三嶌ここ,B1,28.00,1,◎,61.9888,,0,71.4,0.1786,3.7143,,,0,低,114,1,逃0%,,0,58.4,0.9766,0.2857,,,,,0.0571,0.0571,0.3143,△⚠️,,E,△,,,0.553,,0.2333,B,54,0,◎○△フォーメーション（15〜20点）,0.5777,"{'is_target': True, 'verdict': '点数絞り', 'max_combo_prob': 0.1477, 'est_top_odds': 9.0, 'circle_concentration': 78.0, 'eligible_count': 9, 'bet_adj': 0, 'reason': 'rel_win1=62.0%（本命度） / 最有力組み合わせ確率: 0.148（推定実オッズ?9倍） / 2着集中度: 上位2艇 78.0%（補正+0.04） / 総合判定確率: 0.188 / → ヒモはやや固め。上位2艇以外を切ること', 'tenji_trigger': '展示確認: 1号艇伸び良→そのまま採用。悪→飛び組に差し替え。circle_pct上位2艇に絞り込むこと。'}",,,32.2,両建て推奨,12.8,30.4,3,2-1-3|2-1-4|2-3-1|2-1-5|2-4-1|2-3-4|2-4-3|1-2-4|1-2-3|1-3-2|1-3-4,2-1-3|2-1-4|2-3-1|2-1-5|2-4-1|2-3-4|2-4-3|1-2-4|1-2-3|1-3-2|1-3-4|5-1-6,2-1-3:2.36%|2-1-4:2.0%|2-3-1:0.75%|2-1-5:0.69%|2-4-1:0.32%|2-3-4:0.24%|2-4-3:0.12%|1-2-4:8.15%|1-2-3:7.95%|1-3-2:4.39%|1-3-4:4.36%,2-1-3:B_main|2-1-4:B_main|2-3-1:B_main|2-1-5:B_main|2-4-1:B_main|2-3-4:B_main|2-4-3:B_main|1-2-4:A|1-2-3:A|1-3-2:A|1-3-4:A,11,12,0.4535,1,[!]見送り推奨（主役決まり手「差し」― 逃げ劣勢レースで的中実績なし）,主役軸流し,B
2025-07-25,丸亀,1,2,村上奈穂,B1,28.08,2,,12.9725,57.9,82,46.4,0.1557,3.5,,,0,低,64,0,差0%,,0,30.1,0.796,0,0.0588,0,0,0,0.1818,0.3636,0.0909,,◎,D,◎,,0.5411,0.578,,0.2333,B,54,0,◎○△フォーメーション（15〜20点）,0.5777,"{'is_target': True, 'verdict': '点数絞り', 'max_combo_prob': 0.1477, 'est_top_odds': 9.0, 'circle_concentration': 78.0, 'eligible_count': 9, 'bet_adj': 0, 'reason': 'rel_win1=62.0%（本命度） / 最有力組み合わせ確率: 0.148（推定実オッズ?9倍） / 2着集中度: 上位2艇 78.0%（補正+0.04） / 総合判定確率: 0.188 / → ヒモはやや固め。上位2艇以外を切ること', 'tenji_trigger': '展示確認: 1号艇伸び良→そのまま採用。悪→飛び組に差し替え。circle_pct上位2艇に絞り込むこと。'}",,,32.2,両建て推奨,12.8,30.4,3,,,,,,,,,,,
2025-07-25,丸亀,1,3,小林愛実,B1,48.72,3,○,6.1207,20.1,100,39.5,0.1558,3.4868,,,0,低,95,0,-,,0,29.9,0.7154,,,,,,0.3333,0.3333,0,,△,A,△,,0.4266,0.5715,,0.2333,B,54,0,◎○△フォーメーション（15〜20点）,0.5777,"{'is_target': True, 'verdict': '点数絞り', 'max_combo_prob': 0.1477, 'est_top_odds': 9.0, 'circle_concentration': 78.0, 'eligible_count': 9, 'bet_adj': 0, 'reason': 'rel_win1=62.0%（本命度） / 最有力組み合わせ確率: 0.148（推定実オッズ?9倍） / 2着集中度: 上位2艇 78.0%（補正+0.04） / 総合判定確率: 0.188 / → ヒモはやや固め。上位2艇以外を切ること', 'tenji_trigger': '展示確認: 1号艇伸び良→そのまま採用。悪→飛び組に差し替え。circle_pct上位2艇に絞り込むこと。'}",,,32.2,両建て推奨,12.8,30.4,3,,,,,,,,,,,
2025-07-25,丸亀,1,4,大廣咲季,B1,32.84,4,▲,11.5576,10.5,50,17.3,0.1679,3.5481,,,0,低,81,0,-,,0,100,3.4357,0,0,0.1053,0,0,0.3333,0.3333,0,,,C,,,0.3453,0.543,,0.2333,B,54,0,◎○△フォーメーション（15〜20点）,0.5777,"{'is_target': True, 'verdict': '点数絞り', 'max_combo_prob': 0.1477, 'est_top_odds': 9.0, 'circle_concentration': 78.0, 'eligible_count': 9, 'bet_adj': 0, 'reason': 'rel_win1=62.0%（本命度） / 最有力組み合わせ確率: 0.148（推定実オッズ?9倍） / 2着集中度: 上位2艇 78.0%（補正+0.04） / 総合判定確率: 0.188 / → ヒモはやや固め。上位2艇以外を切ること', 'tenji_trigger': '展示確認: 1号艇伸び良→そのまま採用。悪→飛び組に差し替え。circle_pct上位2艇に絞り込むこと。'}",,,32.2,両建て推奨,12.8,30.4,3,,,,,,,,,,,
2025-07-25,丸亀,1,5,濱崎寿里,B2,30.57,5,△,5.9292,11,68,9.1,0.1409,3.1818,,,0,低,23,1,-,,0,28.9,0.7088,,,,,,0.6667,0,0,,○,D,,,0.4307,0.533,,0.2333,B,54,0,◎○△フォーメーション（15〜20点）,0.5777,"{'is_target': True, 'verdict': '点数絞り', 'max_combo_prob': 0.1477, 'est_top_odds': 9.0, 'circle_concentration': 78.0, 'eligible_count': 9, 'bet_adj': 0, 'reason': 'rel_win1=62.0%（本命度） / 最有力組み合わせ確率: 0.148（推定実オッズ?9倍） / 2着集中度: 上位2艇 78.0%（補正+0.04） / 総合判定確率: 0.188 / → ヒモはやや固め。上位2艇以外を切ること', 'tenji_trigger': '展示確認: 1号艇伸び良→そのまま採用。悪→飛び組に差し替え。circle_pct上位2艇に絞り込むこと。'}",,,32.2,両建て推奨,12.8,30.4,3,,,,,,,,,,,
2025-07-25,丸亀,1,6,恵良琴美,B2,38.10,6,,1.4312,0.5,25,3.9,0.1892,3.9471,,,0,低,64,0,-,,0,22.7,0.7711,,,,,,,,,,,B,○,,0.2763,0.5755,,0.2333,B,54,0,◎○△フォーメーション（15〜20点）,0.5777,"{'is_target': True, 'verdict': '点数絞り', 'max_combo_prob': 0.1477, 'est_top_odds': 9.0, 'circle_concentration': 78.0, 'eligible_count': 9, 'bet_adj': 0, 'reason': 'rel_win1=62.0%（本命度） / 最有力組み合わせ確率: 0.148（推定実オッズ?9倍） / 2着集中度: 上位2艇 78.0%（補正+0.04） / 総合判定確率: 0.188 / → ヒモはやや固め。上位2艇以外を切ること', 'tenji_trigger': '展示確認: 1号艇伸び良→そのまま採用。悪→飛び組に差し替え。circle_pct上位2艇に絞り込むこと。'}",,,32.2,両建て推奨,12.8,30.4,3,,,,,,,,,,,
2025-07-25,丸亀,2,1,佐藤ほの,B1,31.34,1,◎,47.0643,,0,28.6,0.185,3.25,,,0,低,65,1,-,,0,29.5,0.5329,,,,,,0.3333,0.4444,0.1111,,,D,△,,,0.5605,,0.1901,D,17,1,大荒れ。見送り推奨,0.5777,"{'is_target': True, 'verdict': '点数絞り', 'max_combo_prob': 0.0892, 'est_top_odds': 14.9, 'circle_concentration': 78.1, 'eligible_count': 6, 'bet_adj': 0, 'reason': 'rel_win1=47.1%（本命度） / 最有力組み合わせ確率: 0.089（推定実オッズ?15倍） / 2着集中度: 上位2艇 78.1%（補正+0.04） / 総合判定確率: 0.129 / → ヒモはやや固め。上位2艇以外を切ること', 'tenji_trigger': '展示確認: 1号艇伸び良→そのまま採用。悪→飛び組に差し替え。circle_pct上位2艇に絞り込むこと。\n展示で1号艇スタート遅め(0.185秒)確認→ヒモが荒れやすい'}",,,34.7,両建て推奨,18.47,46.7,2,3-5-4|3-4-5|3-4-6|3-5-6|3-6-4|3-4-2|3-6-5|1-3-4|1-3-5,3-5-4|3-4-5|3-4-6|3-5-6|3-6-4|3-4-2|3-6-5|2-1-4|1-3-4|1-3-5|6-1-4|2-1-5,3-5-4:3.05%|3-4-5:2.84%|3-4-6:1.36%|3-5-6:1.12%|3-6-4:0.55%|3-4-2:0.43%|3-6-5:0.42%|1-3-4:4.87%|1-3-5:4.11%,3-5-4:B_main|3-4-5:B_main|3-4-6:B_main|3-5-6:B_main|3-6-4:B_main|3-4-2:B_main|3-6-5:B_main|1-3-4:A|1-3-5:A,9,12,0.2915,1,[!]見送り推奨（主役決まり手「まくり」― 逃げ劣勢レースで的中実績なし）,主役軸流し,B
2025-07-25,丸亀,2,2,飯塚　響,B1,29.27,2,,15.8805,30.7,68,25,0.2,4.25,,,0,低,45,1,ま0%,,0,16.3,0.5876,0,0,0.25,0,0,0,0,0,,,E,,,0.1888,0.5145,,0.1901,D,17,1,大荒れ。見送り推奨,0.5777,"{'is_target': True, 'verdict': '点数絞り', 'max_combo_prob': 0.0892, 'est_top_odds': 14.9, 'circle_concentration': 78.1, 'eligible_count': 6, 'bet_adj': 0, 'reason': 'rel_win1=47.1%（本命度） / 最有力組み合わせ確率: 0.089（推定実オッズ?15倍） / 2着集中度: 上位2艇 78.1%（補正+0.04） / 総合判定確率: 0.129 / → ヒモはやや固め。上位2艇以外を切ること', 'tenji_trigger': '展示確認: 1号艇伸び良→そのまま採用。悪→飛び組に差し替え。circle_pct上位2艇に絞り込むこと。\n展示で1号艇スタート遅め(0.185秒)確認→ヒモが荒れやすい'}",,,34.7,両建て推奨,18.47,46.7,2,,,,,,,,,,,
2025-07-25,丸亀,2,3,大瀧明日,A1,31.19,3,△,19.048,47.4,62,67.7,0.1458,2.9194,,,0,低,56,0,差0% ま0%,,0,81.8,1.4533,0,0.0667,0.0667,0,0,0.05,0.3333,0.1167,,◎,D,○,,0.4638,0.6145,,0.1901,D,17,1,大荒れ。見送り推奨,0.5777,"{'is_target': True, 'verdict': '点数絞り', 'max_combo_prob': 0.0892, 'est_top_odds': 14.9, 'circle_concentration': 78.1, 'eligible_count': 6, 'bet_adj': 0, 'reason': 'rel_win1=47.1%（本命度） / 最有力組み合わせ確率: 0.089（推定実オッズ?15倍） / 2着集中度: 上位2艇 78.1%（補正+0.04） / 総合判定確率: 0.129 / → ヒモはやや固め。上位2艇以外を切ること', 'tenji_trigger': '展示確認: 1号艇伸び良→そのまま採用。悪→飛び組に差し替え。circle_pct上位2艇に絞り込むこと。\n展示で1号艇スタート遅め(0.185秒)確認→ヒモが荒れやすい'}",,,34.7,両建て推奨,18.47,46.7,2,,,,,,,,,,,
2025-07-25,丸亀,2,4,片岡恵里,A2,39.71,4,▲,8.8392,7.8,100,34.5,0.1603,3.9138,,,0,低,68,0,-,,0,73.4,1.2,,,,,,0,0.1429,0.1429,,○,B,◎,,0.4085,0.62,,0.1901,D,17,1,大荒れ。見送り推奨,0.5777,"{'is_target': True, 'verdict': '点数絞り', 'max_combo_prob': 0.0892, 'est_top_odds': 14.9, 'circle_concentration': 78.1, 'eligible_count': 6, 'bet_adj': 0, 'reason': 'rel_win1=47.1%（本命度） / 最有力組み合わせ確率: 0.089（推定実オッズ?15倍） / 2着集中度: 上位2艇 78.1%（補正+0.04） / 総合判定確率: 0.129 / → ヒモはやや固め。上位2艇以外を切ること', 'tenji_trigger': '展示確認: 1号艇伸び良→そのまま採用。悪→飛び組に差し替え。circle_pct上位2艇に絞り込むこと。\n展示で1号艇スタート遅め(0.185秒)確認→ヒモが荒れやすい'}",,,34.7,両建て推奨,18.47,46.7,2,,,,,,,,,,,
2025-07-25,丸亀,2,5,山川美由,B1,45.13,5,○,6.9323,10.3,69,30,0.165,3.8,,,0,低,16,1,-,,0,49.1,0.8331,0,0,0,0.25,0,0,0,0.3333,,,A,△,,0.3961,0.584,,0.1901,D,17,1,大荒れ。見送り推奨,0.5777,"{'is_target': True, 'verdict': '点数絞り', 'max_combo_prob': 0.0892, 'est_top_odds': 14.9, 'circle_concentration': 78.1, 'eligible_count': 6, 'bet_adj': 0, 'reason': 'rel_win1=47.1%（本命度） / 最有力組み合わせ確率: 0.089（推定実オッズ?15倍） / 2着集中度: 上位2艇 78.1%（補正+0.04） / 総合判定確率: 0.129 / → ヒモはやや固め。上位2艇以外を切ること', 'tenji_trigger': '展示確認: 1号艇伸び良→そのまま採用。悪→飛び組に差し替え。circle_pct上位2艇に絞り込むこと。\n展示で1号艇スタート遅め(0.185秒)確認→ヒモが荒れやすい'}",,,34.7,両建て推奨,18.47,46.7,2,,,,,,,,,,,
2025-07-25,丸亀,2,6,森　陽多,B1,34.50,6,,2.2358,3.8,13,7.2,0.1807,4.2971,,,0,低,64,0,抜0%,,0,41.1,0.7622,0,0,0,0,0.05,0,0.4,0.2,,,C,,,0.3209,0.472,,0.1901,D,17,1,大荒れ。見送り推奨,0.5777,"{'is_target': True, 'verdict': '点数絞り', 'max_combo_prob': 0.0892, 'est_top_odds': 14.9, 'circle_concentration': 78.1, 'eligible_count': 6, 'bet_adj': 0, 'reason': 'rel_win1=47.1%（本命度） / 最有力組み合わせ確率: 0.089（推定実オッズ?15倍） / 2着集中度: 上位2艇 78.1%（補正+0.04） / 総合判定確率: 0.129 / → ヒモはやや固め。上位2艇以外を切ること', 'tenji_trigger': '展示確認: 1号艇伸び良→そのまま採用。悪→飛び組に差し替え。circle_pct上位2艇に絞り込むこと。\n展示で1号艇スタート遅め(0.185秒)確認→ヒモが荒れやすい'}",,,34.7,両建て推奨,18.47,46.7,2,,,,,,,,,,,
2025-07-25,丸亀,3,1,赤井　睦,B1,32.16,1,◎,51.5031,,0,75,0.1469,2.6562,,,0,低,24,0,逃0%,,0,64.8,0.9732,0.3333,,,,,0.1944,0.0444,0.4333,◎⚠️,,B,△,,,0.596,,0.5282,A,69,0,◎-○軸 3着3〜4艇流し（10〜15点）,0.5777,"{'is_target': True, 'verdict': '参加推奨', 'max_combo_prob': 0.0676, 'est_top_odds': 19.7, 'circle_concentration': 58.3, 'eligible_count': 8, 'bet_adj': 2, 'reason': 'rel_win1=51.5%（本命度） / 最有力組み合わせ確率: 0.068（推定実オッズ?20倍） / 2着集中度: 上位2艇 58.3%（補正+0.00） / 総合判定確率: 0.068 / → ヒモ分散。1号艇1着固定で広めのヒモ流し推奨（買い目+2点）', 'tenji_trigger': '展示確認: ヒモ分散レース。1号艇伸び確認後、広めのヒモ流しを採用。穴ヒモ（5・6号艇）を積極的に含める。'}",,,29.9,逃げ狙い,17.65,33.8,5,4-5-1|4-3-5|4-5-6|4-5-3|4-6-5|4-3-1|4-3-6|1-2-5|1-2-4|1-2-3|1-3-5,4-5-1|4-3-5|4-5-6|4-5-3|4-6-5|4-3-1|4-3-6|1-2-5|1-2-4|1-2-3|2-1-3|1-3-5,4-5-1:0.75%|4-3-5:0.7%|4-5-6:0.67%|4-5-3:0.46%|4-6-5:0.36%|4-3-1:0.19%|4-3-6:0.17%|1-2-5:4.05%|1-2-4:4.02%|1-2-3:4.01%|1-3-5:3.48%,4-5-1:B_main|4-3-5:B_main|4-5-6:B_main|4-5-3:B_main|4-6-5:B_main|4-3-1:B_main|4-3-6:B_main|1-2-5:A|1-2-4:A|1-2-3:A|1-3-5:A,11,12,0.4535,1,[!]見送り推奨（主役決まり手「まくり」― 逃げ劣勢レースで的中実績なし）,主役軸流し,B
2025-07-25,丸亀,3,2,深尾巴恵,B1,31.68,2,△,6.7981,36.9,80,33.3,0.1859,4.2222,,,0,低,70,0,-,,0,100,0.5281,,,,,,0.25,0,0.5,,,C,,,0.0775,0.5515,,0.5282,A,69,0,◎-○軸 3着3〜4艇流し（10〜15点）,0.5777,"{'is_target': True, 'verdict': '参加推奨', 'max_combo_prob': 0.0676, 'est_top_odds': 19.7, 'circle_concentration': 58.3, 'eligible_count': 8, 'bet_adj': 2, 'reason': 'rel_win1=51.5%（本命度） / 最有力組み合わせ確率: 0.068（推定実オッズ?20倍） / 2着集中度: 上位2艇 58.3%（補正+0.00） / 総合判定確率: 0.068 / → ヒモ分散。1号艇1着固定で広めのヒモ流し推奨（買い目+2点）', 'tenji_trigger': '展示確認: ヒモ分散レース。1号艇伸び確認後、広めのヒモ流しを採用。穴ヒモ（5・6号艇）を積極的に含める。'}",,,29.9,逃げ狙い,17.65,33.8,5,,,,,,,,,,,
2025-07-25,丸亀,3,3,谷口佳蓮,B1,39.42,3,○,15.1911,20,73,33.3,0.1462,3,,,0,低,45,0,-,,0,64.1,1.4263,0,0,0.0625,0.0625,0,0.1091,0,0.2727,,,B,△,,0.296,0.5715,,0.5282,A,69,0,◎-○軸 3着3〜4艇流し（10〜15点）,0.5777,"{'is_target': True, 'verdict': '参加推奨', 'max_combo_prob': 0.0676, 'est_top_odds': 19.7, 'circle_concentration': 58.3, 'eligible_count': 8, 'bet_adj': 2, 'reason': 'rel_win1=51.5%（本命度） / 最有力組み合わせ確率: 0.068（推定実オッズ?20倍） / 2着集中度: 上位2艇 58.3%（補正+0.00） / 総合判定確率: 0.068 / → ヒモ分散。1号艇1着固定で広めのヒモ流し推奨（買い目+2点）', 'tenji_trigger': '展示確認: ヒモ分散レース。1号艇伸び確認後、広めのヒモ流しを採用。穴ヒモ（5・6号艇）を積極的に含める。'}",,,29.9,逃げ狙い,17.65,33.8,5,,,,,,,,,,,
2025-07-25,丸亀,3,4,魚谷香織,A2,29.63,4,,11.5551,20.9,100,60,0.1927,3.6,,,0,低,49,0,ま0%,,0,59.1,1.3009,0,0,0.1667,0,0,0.1382,0,0.2342,,,D,○,,0.1505,0.637,,0.5282,A,69,0,◎-○軸 3着3〜4艇流し（10〜15点）,0.5777,"{'is_target': True, 'verdict': '参加推奨', 'max_combo_prob': 0.0676, 'est_top_odds': 19.7, 'circle_concentration': 58.3, 'eligible_count': 8, 'bet_adj': 2, 'reason': 'rel_win1=51.5%（本命度） / 最有力組み合わせ確率: 0.068（推定実オッズ?20倍） / 2着集中度: 上位2艇 58.3%（補正+0.00） / 総合判定確率: 0.068 / → ヒモ分散。1号艇1着固定で広めのヒモ流し推奨（買い目+2点）', 'tenji_trigger': '展示確認: ヒモ分散レース。1号艇伸び確認後、広めのヒモ流しを採用。穴ヒモ（5・6号艇）を積極的に含める。'}",,,29.9,逃げ狙い,17.65,33.8,5,,,,,,,,,,,
2025-07-25,丸亀,3,5,松尾夏海,A1,31.88,5,▲,13.8871,21.4,80,66.7,0.1407,2.9259,,,0,低,45,0,-,,0,27.5,2.3019,,,,,,,,,,,C,◎,,0.3281,0.684,,0.5282,A,69,0,◎-○軸 3着3〜4艇流し（10〜15点）,0.5777,"{'is_target': True, 'verdict': '参加推奨', 'max_combo_prob': 0.0676, 'est_top_odds': 19.7, 'circle_concentration': 58.3, 'eligible_count': 8, 'bet_adj': 2, 'reason': 'rel_win1=51.5%（本命度） / 最有力組み合わせ確率: 0.068（推定実オッズ?20倍） / 2着集中度: 上位2艇 58.3%（補正+0.00） / 総合判定確率: 0.068 / → ヒモ分散。1号艇1着固定で広めのヒモ流し推奨（買い目+2点）', 'tenji_trigger': '展示確認: ヒモ分散レース。1号艇伸び確認後、広めのヒモ流しを採用。穴ヒモ（5・6号艇）を積極的に含める。'}",,,29.9,逃げ狙い,17.65,33.8,5,,,,,,,,,,,
2025-07-25,丸亀,3,6,石村日奈,B2,27.59,6,,1.0655,0.8,28,3.4,0.2225,4.6186,,,0,低,58,0,-,,0,27.5,0.8044,,,,,,,,,,,E,,,0.135,0.5105,,0.5282,A,69,0,◎-○軸 3着3〜4艇流し（10〜15点）,0.5777,"{'is_target': True, 'verdict': '参加推奨', 'max_combo_prob': 0.0676, 'est_top_odds': 19.7, 'circle_concentration': 58.3, 'eligible_count': 8, 'bet_adj': 2, 'reason': 'rel_win1=51.5%（本命度） / 最有力組み合わせ確率: 0.068（推定実オッズ?20倍） / 2着集中度: 上位2艇 58.3%（補正+0.00） / 総合判定確率: 0.068 / → ヒモ分散。1号艇1着固定で広めのヒモ流し推奨（買い目+2点）', 'tenji_trigger': '展示確認: ヒモ分散レース。1号艇伸び確認後、広めのヒモ流しを採用。穴ヒモ（5・6号艇）を積極的に含める。'}",,,29.9,逃げ狙い,17.65,33.8,5,,,,,,,,,,,
2025-07-25,丸亀,4,1,野田部宏,B1,32.66,1,◎,43.1765,,0,64,0.1264,2.74,,,0,低,35,0,-,,0,82,1.0513,0.4,,,,,0.1,0.2,0.2,◎,,C,△,,,0.616,,0.519,B,51,0,◎○△フォーメーション（15〜20点）,0.5777,"{'is_target': False, 'verdict': '対象外', 'max_combo_prob': None, 'est_top_odds': None, 'circle_concentration': None, 'eligible_count': 0, 'bet_adj': 0, 'reason': '1号艇rel_win1 < 45%: 通常判定に委ねる', 'tenji_trigger': ''}",,,29.5,両建て推奨,19.69,30.8,2,,,,,0,0,0.7559,0,,逃げ軸流し,A
2025-07-25,丸亀,4,2,中村桃佳,B1,36.08,2,○,22.2052,50,85,72.7,0.1514,2.7273,,,0,低,41,0,差1%,,0,86.7,1.4947,0,0.2353,0.0588,0,0.0588,0.0471,0.0706,0.2706,,,C,○,,0.1013,0.6205,,0.519,B,51,0,◎○△フォーメーション（15〜20点）,0.5777,"{'is_target': False, 'verdict': '対象外', 'max_combo_prob': None, 'est_top_odds': None, 'circle_concentration': None, 'eligible_count': 0, 'bet_adj': 0, 'reason': '1号艇rel_win1 < 45%: 通常判定に委ねる', 'tenji_trigger': ''}",,,29.5,両建て推奨,19.69,30.8,2,,,,,,,,,,,
2025-07-25,丸亀,4,3,清水愛海,A1,37.88,3,▲,18.7579,33.9,100,64,0.1604,3.66,,,0,低,73,0,ま0% 差ま0%,,0,71.9,1.3985,0,0,0.1111,0.1111,0,0.0909,0.1818,0,,,B,◎,,0.136,0.634,,0.519,B,51,0,◎○△フォーメーション（15〜20点）,0.5777,"{'is_target': False, 'verdict': '対象外', 'max_combo_prob': None, 'est_top_odds': None, 'circle_concentration': None, 'eligible_count': 0, 'bet_adj': 0, 'reason': '1号艇rel_win1 < 45%: 通常判定に委ねる', 'tenji_trigger': ''}",,,29.5,両建て推奨,19.69,30.8,2,,,,,,,,,,,
2025-07-25,丸亀,4,4,植竹玲奈,B2,38.76,4,△,7.9451,12,79,12.5,0.2137,4.1875,,,0,低,67,0,-,,0,47.6,0.6432,,,,,,,,,,,B,,,0.135,0.5055,,0.519,B,51,0,◎○△フォーメーション（15〜20点）,0.5777,"{'is_target': False, 'verdict': '対象外', 'max_combo_prob': None, 'est_top_odds': None, 'circle_concentration': None, 'eligible_count': 0, 'bet_adj': 0, 'reason': '1号艇rel_win1 < 45%: 通常判定に委ねる', 'tenji_trigger': ''}",,,29.5,両建て推奨,19.69,30.8,2,,,,,,,,,,,
2025-07-25,丸亀,4,5,樫葉新心,B1,29.76,5,,4.4139,2.2,42,9.4,0.1977,4.4811,,,0,低,136,0,差ま0%,,0,27.7,0.6419,0,0,0,0.0588,0,0.1864,0.3318,0.2591,,,E,,,0.1097,0.5565,,0.519,B,51,0,◎○△フォーメーション（15〜20点）,0.5777,"{'is_target': False, 'verdict': '対象外', 'max_combo_prob': None, 'est_top_odds': None, 'circle_concentration': None, 'eligible_count': 0, 'bet_adj': 0, 'reason': '1号艇rel_win1 < 45%: 通常判定に委ねる', 'tenji_trigger': ''}",,,29.5,両建て推奨,19.69,30.8,2,,,,,,,,,,,
2025-07-25,丸亀,4,6,関野　文,A2,32.02,6,,3.5014,1.8,52,21.7,0.1683,4.0217,,,0,低,58,0,差0%,,0,27.7,0.9311,0,0.0909,0,0,0,0.0932,0.0727,0.2409,,,D,△,,0.1598,0.6135,,0.519,B,51,0,◎○△フォーメーション（15〜20点）,0.5777,"{'is_target': False, 'verdict': '対象外', 'max_combo_prob': None, 'est_top_odds': None, 'circle_concentration': None, 'eligible_count': 0, 'bet_adj': 0, 'reason': '1号艇rel_win1 < 45%: 通常判定に委ねる', 'tenji_trigger': ''}",,,29.5,両建て推奨,19.69,30.8,2,,,,,,,,,,,
2025-07-25,丸亀,5,1,吉田彩乃,B1,45.45,1,◎,49.3748,,0,40,0.18,3.7,,,0,低,47,0,逃0%,,0,41.3,0.6038,0.2,,,,,0.23,0.69,0,△⚠️,,B,△,,,0.5885,,0.2252,D,33,1,大荒れ。見送り推奨,0.5777,"{'is_target': True, 'verdict': '点数絞り', 'max_combo_prob': 0.0801, 'est_top_odds': 16.7, 'circle_concentration': 76.6, 'eligible_count': 6, 'bet_adj': 0, 'reason': 'rel_win1=49.4%（本命度） / 最有力組み合わせ確率: 0.080（推定実オッズ?17倍） / 2着集中度: 上位2艇 76.6%（補正+0.04） / 総合判定確率: 0.120 / → ヒモはやや固め。上位2艇以外を切ること', 'tenji_trigger': '展示確認: 1号艇伸び良→そのまま採用。悪→飛び組に差し替え。circle_pct上位2艇に絞り込むこと。'}",,,34.8,両建て推奨,19.92,45.8,2,3-1-4|3-1-5|3-4-1|3-1-2|3-4-5|3-5-4|3-5-1|1-2-4|1-2-5|1-4-2|1-4-5,3-1-4|3-1-5|3-4-1|3-1-2|3-4-5|3-5-4|3-5-1|1-2-4|1-2-5|1-4-2|1-4-5|6-1-2,3-1-4:1.67%|3-1-5:0.71%|3-4-1:0.56%|3-1-2:0.31%|3-4-5:0.29%|3-5-4:0.17%|3-5-1:0.14%|1-2-4:7.09%|1-2-5:5.78%|1-4-2:4.97%|1-4-5:4.49%,3-1-4:B_main|3-1-5:B_main|3-4-1:B_main|3-1-2:B_main|3-4-5:B_main|3-5-4:B_main|3-5-1:B_main|1-2-4:A|1-2-5:A|1-4-2:A|1-4-5:A,11,12,0.4535,1,[!]見送り推奨（主役決まり手「まくり差し」― 逃げ劣勢レースで的中実績なし）,主役軸流し,B
2025-07-25,丸亀,5,2,川野芽唯,A1,35.27,2,▲,19.8775,45,100,60.9,0.1765,4.1522,,,0,低,72,0,-,,0,49.7,0.9521,0,0.1,0.1,0,0.1,0,0.0556,0.0556,,△,D,◎,,0.3588,0.625,,0.2252,D,33,1,大荒れ。見送り推奨,0.5777,"{'is_target': True, 'verdict': '点数絞り', 'max_combo_prob': 0.0801, 'est_top_odds': 16.7, 'circle_concentration': 76.6, 'eligible_count': 6, 'bet_adj': 0, 'reason': 'rel_win1=49.4%（本命度） / 最有力組み合わせ確率: 0.080（推定実オッズ?17倍） / 2着集中度: 上位2艇 76.6%（補正+0.04） / 総合判定確率: 0.120 / → ヒモはやや固め。上位2艇以外を切ること', 'tenji_trigger': '展示確認: 1号艇伸び良→そのまま採用。悪→飛び組に差し替え。circle_pct上位2艇に絞り込むこと。'}",,,34.8,両建て推奨,19.92,45.8,2,,,,,,,,,,,
2025-07-25,丸亀,5,3,田上　凜,B1,43.84,3,△,8.7438,10.6,85,19.1,0.2057,4.1905,,,0,低,114,0,-,,0,22.8,0.6035,,,,,,0,0.6667,0,,,C,,,0.1821,0.504,,0.2252,D,33,1,大荒れ。見送り推奨,0.5777,"{'is_target': True, 'verdict': '点数絞り', 'max_combo_prob': 0.0801, 'est_top_odds': 16.7, 'circle_concentration': 76.6, 'eligible_count': 6, 'bet_adj': 0, 'reason': 'rel_win1=49.4%（本命度） / 最有力組み合わせ確率: 0.080（推定実オッズ?17倍） / 2着集中度: 上位2艇 76.6%（補正+0.04） / 総合判定確率: 0.120 / → ヒモはやや固め。上位2艇以外を切ること', 'tenji_trigger': '展示確認: 1号艇伸び良→そのまま採用。悪→飛び組に差し替え。circle_pct上位2艇に絞り込むこと。'}",,,34.8,両建て推奨,19.92,45.8,2,,,,,,,,,,,
2025-07-25,丸亀,5,4,細川裕子,A1,31.71,4,,14.4999,31.5,90,76.5,0.1612,3.5588,,,0,低,59,0,差0%,,0,90.4,1.6285,0,0.1667,0,0,0,0,0,0.0833,,,E,○,,0.3798,0.6235,,0.2252,D,33,1,大荒れ。見送り推奨,0.5777,"{'is_target': True, 'verdict': '点数絞り', 'max_combo_prob': 0.0801, 'est_top_odds': 16.7, 'circle_concentration': 76.6, 'eligible_count': 6, 'bet_adj': 0, 'reason': 'rel_win1=49.4%（本命度） / 最有力組み合わせ確率: 0.080（推定実オッズ?17倍） / 2着集中度: 上位2艇 76.6%（補正+0.04） / 総合判定確率: 0.120 / → ヒモはやや固め。上位2艇以外を切ること', 'tenji_trigger': '展示確認: 1号艇伸び良→そのまま採用。悪→飛び組に差し替え。circle_pct上位2艇に絞り込むこと。'}",,,34.8,両建て推奨,19.92,45.8,2,,,,,,,,,,,
2025-07-25,丸亀,5,5,門田　栞,B1,46.70,5,○,6.2266,12.5,60,25.7,0.1537,3.1143,,,0,低,76,0,差ま0%,,0,69.4,1.2164,0,0,0,0.0714,0,0.2308,0.3077,0,,,B,△,,0.372,0.5145,,0.2252,D,33,1,大荒れ。見送り推奨,0.5777,"{'is_target': True, 'verdict': '点数絞り', 'max_combo_prob': 0.0801, 'est_top_odds': 16.7, 'circle_concentration': 76.6, 'eligible_count': 6, 'bet_adj': 0, 'reason': 'rel_win1=49.4%（本命度） / 最有力組み合わせ確率: 0.080（推定実オッズ?17倍） / 2着集中度: 上位2艇 76.6%（補正+0.04） / 総合判定確率: 0.120 / → ヒモはやや固め。上位2艇以外を切ること', 'tenji_trigger': '展示確認: 1号艇伸び良→そのまま採用。悪→飛び組に差し替え。circle_pct上位2艇に絞り込むこと。'}",,,34.8,両建て推奨,19.92,45.8,2,,,,,,,,,,,
2025-07-25,丸亀,5,6,野田亜湖,B2,42.13,6,,1.2774,0.3,15,0,0.2688,5.3898,,,0,低,57,0,-,,0,23.3,0.5461,,,,,,,,,,,C,,,0.1378,0.4055,,0.2252,D,33,1,大荒れ。見送り推奨,0.5777,"{'is_target': True, 'verdict': '点数絞り', 'max_combo_prob': 0.0801, 'est_top_odds': 16.7, 'circle_concentration': 76.6, 'eligible_count': 6, 'bet_adj': 0, 'reason': 'rel_win1=49.4%（本命度） / 最有力組み合わせ確率: 0.080（推定実オッズ?17倍） / 2着集中度: 上位2艇 76.6%（補正+0.04） / 総合判定確率: 0.120 / → ヒモはやや固め。上位2艇以外を切ること', 'tenji_trigger': '展示確認: 1号艇伸び良→そのまま採用。悪→飛び組に差し替え。circle_pct上位2艇に絞り込むこと。'}",,,34.8,両建て推奨,19.92,45.8,2,,,,,,,,,,,
2025-07-25,丸亀,6,1,北村寧々,B1,30.39,1,◎,53.8528,,0,76.5,0.1741,3.1765,,,0,低,40,0,逃1%,,0,78.9,0.9978,0.5556,,,,,0,0.3333,0,○⚠️,,D,◎,,,0.6365,,0.4207,A,76,0,◎-○軸 3着3〜4艇流し（10〜15点）,0.5777,"{'is_target': True, 'verdict': '点数絞り', 'max_combo_prob': 0.0942, 'est_top_odds': 14.2, 'circle_concentration': 75.9, 'eligible_count': 8, 'bet_adj': 0, 'reason': 'rel_win1=53.9%（本命度） / 最有力組み合わせ確率: 0.094（推定実オッズ?14倍） / 2着集中度: 上位2艇 75.9%（補正+0.04） / 総合判定確率: 0.134 / → ヒモはやや固め。上位2艇以外を切ること', 'tenji_trigger': '展示確認: 1号艇伸び良→そのまま採用。悪→飛び組に差し替え。circle_pct上位2艇に絞り込むこと。'}",,,29.4,逃げ狙い,21.14,29.5,2,2-1-4|2-1-3|2-1-5|2-3-1|2-5-1|2-3-4|2-5-4|2-1-6|1-2-4|1-2-6|1-3-2,2-1-4|2-1-3|2-1-5|2-3-1|2-5-1|2-3-4|2-5-4|2-1-6|1-2-4|1-2-6|1-3-2|5-1-6,2-1-4:2.15%|2-1-3:1.99%|2-1-5:1.55%|2-3-1:0.65%|2-5-1:0.56%|2-3-4:0.16%|2-5-4:0.14%|2-1-6:6.86%|1-2-4:6.05%|1-2-6:5.75%|1-3-2:4.16%,2-1-4:B_main|2-1-3:B_main|2-1-5:B_main|2-3-1:B_main|2-5-1:B_main|2-3-4:B_main|2-5-4:B_main|2-1-6:B_sc|1-2-4:A|1-2-6:A|1-3-2:A,11,12,0.4535,1,[!]見送り推奨（主役決まり手「差し」― 逃げ劣勢レースで的中実績なし）,主役軸流し,B
2025-07-25,丸亀,6,2,小野生奈,A1,31.16,2,○,22.8782,48,100,71.4,0.1676,3.2143,,,0,低,35,0,差0%,,0,73.2,1.2586,0,0.3636,0,0,0,0.0714,0,0.1429,,◎,D,△,,0.4525,0.625,,0.4207,A,76,0,◎-○軸 3着3〜4艇流し（10〜15点）,0.5777,"{'is_target': True, 'verdict': '点数絞り', 'max_combo_prob': 0.0942, 'est_top_odds': 14.2, 'circle_concentration': 75.9, 'eligible_count': 8, 'bet_adj': 0, 'reason': 'rel_win1=53.9%（本命度） / 最有力組み合わせ確率: 0.094（推定実オッズ?14倍） / 2着集中度: 上位2艇 75.9%（補正+0.04） / 総合判定確率: 0.134 / → ヒモはやや固め。上位2艇以外を切ること', 'tenji_trigger': '展示確認: 1号艇伸び良→そのまま採用。悪→飛び組に差し替え。circle_pct上位2艇に絞り込むこと。'}",,,29.4,逃げ狙い,21.14,29.5,2,,,,,,,,,,,
2025-07-25,丸亀,6,3,加藤奈月,B1,35.82,3,△,9.11,27.9,65,25.9,0.2048,3.7407,,,0,低,68,0,ま0%,,0,15.9,0.6352,0,0,0.1,0,0,0,0.2591,0.1455,,,B,○,,0.1335,0.627,,0.4207,A,76,0,◎-○軸 3着3〜4艇流し（10〜15点）,0.5777,"{'is_target': True, 'verdict': '点数絞り', 'max_combo_prob': 0.0942, 'est_top_odds': 14.2, 'circle_concentration': 75.9, 'eligible_count': 8, 'bet_adj': 0, 'reason': 'rel_win1=53.9%（本命度） / 最有力組み合わせ確率: 0.094（推定実オッズ?14倍） / 2着集中度: 上位2艇 75.9%（補正+0.04） / 総合判定確率: 0.134 / → ヒモはやや固め。上位2艇以外を切ること', 'tenji_trigger': '展示確認: 1号艇伸び良→そのまま採用。悪→飛び組に差し替え。circle_pct上位2艇に絞り込むこと。'}",,,29.4,逃げ狙い,21.14,29.5,2,,,,,,,,,,,
2025-07-25,丸亀,6,4,三嶌さら,B1,41.62,4,▲,5.3922,13.3,66,24.2,0.1927,4.2424,,,0,低,82,0,差0%,,0,61.8,0.75,0,0.0455,0,0,0,0,0.25,0,,,B,△,,0.2093,0.576,,0.4207,A,76,0,◎-○軸 3着3〜4艇流し（10〜15点）,0.5777,"{'is_target': True, 'verdict': '点数絞り', 'max_combo_prob': 0.0942, 'est_top_odds': 14.2, 'circle_concentration': 75.9, 'eligible_count': 8, 'bet_adj': 0, 'reason': 'rel_win1=53.9%（本命度） / 最有力組み合わせ確率: 0.094（推定実オッズ?14倍） / 2着集中度: 上位2艇 75.9%（補正+0.04） / 総合判定確率: 0.134 / → ヒモはやや固め。上位2艇以外を切ること', 'tenji_trigger': '展示確認: 1号艇伸び良→そのまま採用。悪→飛び組に差し替え。circle_pct上位2艇に絞り込むこと。'}",,,29.4,逃げ狙い,21.14,29.5,2,,,,,,,,,,,
2025-07-25,丸亀,6,5,鎌倉　涼,A1,35.15,5,,7.6352,10.2,82,37.5,0.2069,4.875,,,0,低,56,0,-,,0,34.5,1.1826,,,,,,0.1667,0.1667,0,,,C,,,0.2094,0.5705,,0.4207,A,76,0,◎-○軸 3着3〜4艇流し（10〜15点）,0.5777,"{'is_target': True, 'verdict': '点数絞り', 'max_combo_prob': 0.0942, 'est_top_odds': 14.2, 'circle_concentration': 75.9, 'eligible_count': 8, 'bet_adj': 0, 'reason': 'rel_win1=53.9%（本命度） / 最有力組み合わせ確率: 0.094（推定実オッズ?14倍） / 2着集中度: 上位2艇 75.9%（補正+0.04） / 総合判定確率: 0.134 / → ヒモはやや固め。上位2艇以外を切ること', 'tenji_trigger': '展示確認: 1号艇伸び良→そのまま採用。悪→飛び組に差し替え。circle_pct上位2艇に絞り込むこと。'}",,,29.4,逃げ狙い,21.14,29.5,2,,,,,,,,,,,
2025-07-25,丸亀,6,6,大廣咲季,B1,32.84,6,,1.1317,0.6,12,6.6,0.1836,3.7377,,,0,低,81,0,-,,0,82.5,1.4339,,,,,,0.3333,0.3333,0,,,D,,,0.2798,0.543,,0.4207,A,76,0,◎-○軸 3着3〜4艇流し（10〜15点）,0.5777,"{'is_target': True, 'verdict': '点数絞り', 'max_combo_prob': 0.0942, 'est_top_odds': 14.2, 'circle_concentration': 75.9, 'eligible_count': 8, 'bet_adj': 0, 'reason': 'rel_win1=53.9%（本命度） / 最有力組み合わせ確率: 0.094（推定実オッズ?14倍） / 2着集中度: 上位2艇 75.9%（補正+0.04） / 総合判定確率: 0.134 / → ヒモはやや固め。上位2艇以外を切ること', 'tenji_trigger': '展示確認: 1号艇伸び良→そのまま採用。悪→飛び組に差し替え。circle_pct上位2艇に絞り込むこと。'}",,,29.4,逃げ狙い,21.14,29.5,2,,,,,,,,,,,
2025-07-25,丸亀,7,1,片岡恵里,A2,39.71,1,◎,60.3388,,0,82.1,0.1475,3.6786,,,0,低,68,0,-,,0,79.1,0.9153,0.7143,,,,,0,0.1429,0.1429,○,,C,○,,,0.62,,0.4291,A,72,0,◎-○軸 3着3〜4艇流し（10〜15点）,0.5777,"{'is_target': True, 'verdict': '参加推奨', 'max_combo_prob': 0.1094, 'est_top_odds': 12.2, 'circle_concentration': 68.0, 'eligible_count': 8, 'bet_adj': 2, 'reason': 'rel_win1=60.3%（本命度） / 最有力組み合わせ確率: 0.109（推定実オッズ?12倍） / 2着集中度: 上位2艇 68.0%（補正+0.00） / 総合判定確率: 0.109 / → ヒモ分散。1号艇1着固定で広めのヒモ流し推奨（買い目+2点）', 'tenji_trigger': '展示確認: ヒモ分散レース。1号艇伸び確認後、広めのヒモ流しを採用。穴ヒモ（5・6号艇）を積極的に含める。'}",,,26.8,逃げ狙い,15.95,26.3,4,,,,,0,0,0.6155,0,,逃げ軸流し,A
2025-07-25,丸亀,7,2,濱崎寿里,B2,30.57,2,,11.7142,43.5,96,50,0.1683,4.5833,,,0,低,23,1,-,,0,34.8,0.8316,,,,,,0.6667,0,0,,,D,,,0.1195,0.533,,0.4291,A,72,0,◎-○軸 3着3〜4艇流し（10〜15点）,0.5777,"{'is_target': True, 'verdict': '参加推奨', 'max_combo_prob': 0.1094, 'est_top_odds': 12.2, 'circle_concentration': 68.0, 'eligible_count': 8, 'bet_adj': 2, 'reason': 'rel_win1=60.3%（本命度） / 最有力組み合わせ確率: 0.109（推定実オッズ?12倍） / 2着集中度: 上位2艇 68.0%（補正+0.00） / 総合判定確率: 0.109 / → ヒモ分散。1号艇1着固定で広めのヒモ流し推奨（買い目+2点）', 'tenji_trigger': '展示確認: ヒモ分散レース。1号艇伸び確認後、広めのヒモ流しを採用。穴ヒモ（5・6号艇）を積極的に含める。'}",,,26.8,逃げ狙い,15.95,26.3,4,,,,,,,,,,,
2025-07-25,丸亀,7,3,前原　哉,B1,40.80,3,▲,9.0606,22.6,57,30.9,0.1979,4.119,,,0,低,107,0,-,,0,72.2,1.429,0,0.0833,0,0,0,0,0.4286,0.1429,,,B,△,,0.115,0.5705,,0.4291,A,72,0,◎-○軸 3着3〜4艇流し（10〜15点）,0.5777,"{'is_target': True, 'verdict': '参加推奨', 'max_combo_prob': 0.1094, 'est_top_odds': 12.2, 'circle_concentration': 68.0, 'eligible_count': 8, 'bet_adj': 2, 'reason': 'rel_win1=60.3%（本命度） / 最有力組み合わせ確率: 0.109（推定実オッズ?12倍） / 2着集中度: 上位2艇 68.0%（補正+0.00） / 総合判定確率: 0.109 / → ヒモ分散。1号艇1着固定で広めのヒモ流し推奨（買い目+2点）', 'tenji_trigger': '展示確認: ヒモ分散レース。1号艇伸び確認後、広めのヒモ流しを採用。穴ヒモ（5・6号艇）を積極的に含める。'}",,,26.8,逃げ狙い,15.95,26.3,4,,,,,,,,,,,
2025-07-25,丸亀,7,4,平山智加,A1,40.80,4,○,14.5005,24.5,100,72.7,0.1382,3.1136,,,0,低,46,0,-,,0,60,1.0343,0,0.125,0.125,0,0,0,0.1818,0.1818,,,B,◎,,0.3512,0.651,,0.4291,A,72,0,◎-○軸 3着3〜4艇流し（10〜15点）,0.5777,"{'is_target': True, 'verdict': '参加推奨', 'max_combo_prob': 0.1094, 'est_top_odds': 12.2, 'circle_concentration': 68.0, 'eligible_count': 8, 'bet_adj': 2, 'reason': 'rel_win1=60.3%（本命度） / 最有力組み合わせ確率: 0.109（推定実オッズ?12倍） / 2着集中度: 上位2艇 68.0%（補正+0.00） / 総合判定確率: 0.109 / → ヒモ分散。1号艇1着固定で広めのヒモ流し推奨（買い目+2点）', 'tenji_trigger': '展示確認: ヒモ分散レース。1号艇伸び確認後、広めのヒモ流しを採用。穴ヒモ（5・6号艇）を積極的に含める。'}",,,26.8,逃げ狙い,15.95,26.3,4,,,,,,,,,,,
2025-07-25,丸亀,7,5,石原凪紗,B2,34.12,5,,2.6004,7.5,40,9.7,0.1565,3.6129,,,0,低,62,0,-,,0,25.2,0.6579,,,,,,0.2643,0.0571,0.0571,,,D,,,0.2811,0.537,,0.4291,A,72,0,◎-○軸 3着3〜4艇流し（10〜15点）,0.5777,"{'is_target': True, 'verdict': '参加推奨', 'max_combo_prob': 0.1094, 'est_top_odds': 12.2, 'circle_concentration': 68.0, 'eligible_count': 8, 'bet_adj': 2, 'reason': 'rel_win1=60.3%（本命度） / 最有力組み合わせ確率: 0.109（推定実オッズ?12倍） / 2着集中度: 上位2艇 68.0%（補正+0.00） / 総合判定確率: 0.109 / → ヒモ分散。1号艇1着固定で広めのヒモ流し推奨（買い目+2点）', 'tenji_trigger': '展示確認: ヒモ分散レース。1号艇伸び確認後、広めのヒモ流しを採用。穴ヒモ（5・6号艇）を積極的に含める。'}",,,26.8,逃げ狙い,15.95,26.3,4,,,,,,,,,,,
2025-07-25,丸亀,7,6,松本　怜,B1,39.80,6,△,1.7855,1.9,43,5,0.18,3.725,,,0,低,54,0,-,,0,31.4,0.8111,,,,,,0,0.5,0.25,,,B,△,,0.2066,0.572,,0.4291,A,72,0,◎-○軸 3着3〜4艇流し（10〜15点）,0.5777,"{'is_target': True, 'verdict': '参加推奨', 'max_combo_prob': 0.1094, 'est_top_odds': 12.2, 'circle_concentration': 68.0, 'eligible_count': 8, 'bet_adj': 2, 'reason': 'rel_win1=60.3%（本命度） / 最有力組み合わせ確率: 0.109（推定実オッズ?12倍） / 2着集中度: 上位2艇 68.0%（補正+0.00） / 総合判定確率: 0.109 / → ヒモ分散。1号艇1着固定で広めのヒモ流し推奨（買い目+2点）', 'tenji_trigger': '展示確認: ヒモ分散レース。1号艇伸び確認後、広めのヒモ流しを採用。穴ヒモ（5・6号艇）を積極的に含める。'}",,,26.8,逃げ狙い,15.95,26.3,4,,,,,,,,,,,
2025-07-25,丸亀,8,1,廣中智紗,A2,34.63,1,◎,65.4635,,0,84.9,0.1988,3.5758,,,0,低,82,0,逃1%,,0,85,1.1294,0.5789,,,,,0.0421,0.1632,0.2632,○,,C,△,,,0.5755,,0.3363,A,76,0,◎-○軸 3着3〜4艇流し（10〜15点）,0.5777,"{'is_target': True, 'verdict': '点数絞り', 'max_combo_prob': 0.1188, 'est_top_odds': 11.2, 'circle_concentration': 77.5, 'eligible_count': 8, 'bet_adj': 0, 'reason': 'rel_win1=65.5%（本命度） / 最有力組み合わせ確率: 0.119（推定実オッズ?11倍） / 2着集中度: 上位2艇 77.5%（補正+0.04） / 総合判定確率: 0.159 / → ヒモはやや固め。上位2艇以外を切ること', 'tenji_trigger': '展示確認: 1号艇伸び良→そのまま採用。悪→飛び組に差し替え。circle_pct上位2艇に絞り込むこと。\n展示で1号艇スタート遅め(0.199秒)確認→ヒモが荒れやすい'}",,,34.9,逃げ狙い,18.39,33.3,3,,,,,0,0,0.6155,0,,逃げ軸流し,A
2025-07-25,丸亀,8,2,松尾夏海,A1,31.88,2,△,11.2942,54.8,100,64.5,0.1616,3.2903,,,0,低,45,0,-,,0,47.3,1.0128,0,0.1,0,0,0,,,,,◎,D,◎,,0.5723,0.684,,0.3363,A,76,0,◎-○軸 3着3〜4艇流し（10〜15点）,0.5777,"{'is_target': True, 'verdict': '点数絞り', 'max_combo_prob': 0.1188, 'est_top_odds': 11.2, 'circle_concentration': 77.5, 'eligible_count': 8, 'bet_adj': 0, 'reason': 'rel_win1=65.5%（本命度） / 最有力組み合わせ確率: 0.119（推定実オッズ?11倍） / 2着集中度: 上位2艇 77.5%（補正+0.04） / 総合判定確率: 0.159 / → ヒモはやや固め。上位2艇以外を切ること', 'tenji_trigger': '展示確認: 1号艇伸び良→そのまま採用。悪→飛び組に差し替え。circle_pct上位2艇に絞り込むこと。\n展示で1号艇スタート遅め(0.199秒)確認→ヒモが荒れやすい'}",,,34.9,逃げ狙い,18.39,33.3,3,,,,,,,,,,,
2025-07-25,丸亀,8,3,井上遥妃,B1,39.52,3,○,10.5632,22.7,99,54.5,0.1395,3.3864,,,0,低,34,0,-,,0,44.2,1.0385,,,,,,0,0.1944,0.2389,,○,B,○,,0.4859,0.634,,0.3363,A,76,0,◎-○軸 3着3〜4艇流し（10〜15点）,0.5777,"{'is_target': True, 'verdict': '点数絞り', 'max_combo_prob': 0.1188, 'est_top_odds': 11.2, 'circle_concentration': 77.5, 'eligible_count': 8, 'bet_adj': 0, 'reason': 'rel_win1=65.5%（本命度） / 最有力組み合わせ確率: 0.119（推定実オッズ?11倍） / 2着集中度: 上位2艇 77.5%（補正+0.04） / 総合判定確率: 0.159 / → ヒモはやや固め。上位2艇以外を切ること', 'tenji_trigger': '展示確認: 1号艇伸び良→そのまま採用。悪→飛び組に差し替え。circle_pct上位2艇に絞り込むこと。\n展示で1号艇スタート遅め(0.199秒)確認→ヒモが荒れやすい'}",,,34.9,逃げ狙い,18.39,33.3,3,,,,,,,,,,,
2025-07-25,丸亀,8,4,佐藤ほの,B1,31.34,4,,7.5292,13.9,81,28.1,0.1775,3.5469,,,0,低,65,0,ま0%,,0,30.2,0.71,0,0,0.0769,0,0,0.3333,0.4444,0.1111,,,D,△,,0.3774,0.5605,,0.3363,A,76,0,◎-○軸 3着3〜4艇流し（10〜15点）,0.5777,"{'is_target': True, 'verdict': '点数絞り', 'max_combo_prob': 0.1188, 'est_top_odds': 11.2, 'circle_concentration': 77.5, 'eligible_count': 8, 'bet_adj': 0, 'reason': 'rel_win1=65.5%（本命度） / 最有力組み合わせ確率: 0.119（推定実オッズ?11倍） / 2着集中度: 上位2艇 77.5%（補正+0.04） / 総合判定確率: 0.159 / → ヒモはやや固め。上位2艇以外を切ること', 'tenji_trigger': '展示確認: 1号艇伸び良→そのまま採用。悪→飛び組に差し替え。circle_pct上位2艇に絞り込むこと。\n展示で1号艇スタート遅め(0.199秒)確認→ヒモが荒れやすい'}",,,34.9,逃げ狙い,18.39,33.3,3,,,,,,,,,,,
2025-07-25,丸亀,8,5,恵良琴美,B2,38.10,5,,3.9153,7,60,8.3,0.185,3.6667,,,0,低,64,1,-,,0,24.4,0.6695,,,,,,,,,,,C,△,,0.3558,0.5755,,0.3363,A,76,0,◎-○軸 3着3〜4艇流し（10〜15点）,0.5777,"{'is_target': True, 'verdict': '点数絞り', 'max_combo_prob': 0.1188, 'est_top_odds': 11.2, 'circle_concentration': 77.5, 'eligible_count': 8, 'bet_adj': 0, 'reason': 'rel_win1=65.5%（本命度） / 最有力組み合わせ確率: 0.119（推定実オッズ?11倍） / 2着集中度: 上位2艇 77.5%（補正+0.04） / 総合判定確率: 0.159 / → ヒモはやや固め。上位2艇以外を切ること', 'tenji_trigger': '展示確認: 1号艇伸び良→そのまま採用。悪→飛び組に差し替え。circle_pct上位2艇に絞り込むこと。\n展示で1号艇スタート遅め(0.199秒)確認→ヒモが荒れやすい'}",,,34.9,逃げ狙い,18.39,33.3,3,,,,,,,,,,,
2025-07-25,丸亀,8,6,中尾彩香,B1,40.82,6,▲,1.2346,1.6,59,11.1,0.2007,3.963,,,0,低,58,0,-,,0,24.8,0.82,,,,,,0.1667,0.1667,0,,,B,,,0.3039,0.529,,0.3363,A,76,0,◎-○軸 3着3〜4艇流し（10〜15点）,0.5777,"{'is_target': True, 'verdict': '点数絞り', 'max_combo_prob': 0.1188, 'est_top_odds': 11.2, 'circle_concentration': 77.5, 'eligible_count': 8, 'bet_adj': 0, 'reason': 'rel_win1=65.5%（本命度） / 最有力組み合わせ確率: 0.119（推定実オッズ?11倍） / 2着集中度: 上位2艇 77.5%（補正+0.04） / 総合判定確率: 0.159 / → ヒモはやや固め。上位2艇以外を切ること', 'tenji_trigger': '展示確認: 1号艇伸び良→そのまま採用。悪→飛び組に差し替え。circle_pct上位2艇に絞り込むこと。\n展示で1号艇スタート遅め(0.199秒)確認→ヒモが荒れやすい'}",,,34.9,逃げ狙い,18.39,33.3,3,,,,,,,,,,,
2025-07-25,丸亀,9,1,高憧四季,A1,30.65,1,◎,71.0667,,0,90.9,0.1523,2.5795,,,0,低,59,0,逃1%,,0,91.2,1.2129,0.7692,,,,,0,0.0769,0.0769,◎,,D,○,,,0.62,,0.6743,S,95,0,◎1着固定 2-3着流し（5〜8点）,0.5777,"{'is_target': True, 'verdict': '点数絞り', 'max_combo_prob': 0.1358, 'est_top_odds': 9.8, 'circle_concentration': 85.7, 'eligible_count': 6, 'bet_adj': 0, 'reason': 'rel_win1=71.1%（本命度） / 最有力組み合わせ確率: 0.136（推定実オッズ?10倍） / 2着集中度: 上位2艇 85.7%（補正+0.04） / 総合判定確率: 0.176 / → ヒモはやや固め。上位2艇以外を切ること', 'tenji_trigger': '展示確認: 1号艇伸び良→そのまま採用。悪→飛び組に差し替え。circle_pct上位2艇に絞り込むこと。'}",,,25.1,逃げ狙い,11.85,25.2,2,,,,,0,0,0.7559,0,,逃げ軸流し,A
2025-07-25,丸亀,9,2,山川美由,B1,45.13,2,○,12.2231,52.3,79,46.2,0.1577,3.6923,,,0,低,16,1,-,,0,39.2,0.7845,,,,,,0,0,0.3333,,,B,△,,0.2735,0.584,,0.6743,S,95,0,◎1着固定 2-3着流し（5〜8点）,0.5777,"{'is_target': True, 'verdict': '点数絞り', 'max_combo_prob': 0.1358, 'est_top_odds': 9.8, 'circle_concentration': 85.7, 'eligible_count': 6, 'bet_adj': 0, 'reason': 'rel_win1=71.1%（本命度） / 最有力組み合わせ確率: 0.136（推定実オッズ?10倍） / 2着集中度: 上位2艇 85.7%（補正+0.04） / 総合判定確率: 0.176 / → ヒモはやや固め。上位2艇以外を切ること', 'tenji_trigger': '展示確認: 1号艇伸び良→そのまま採用。悪→飛び組に差し替え。circle_pct上位2艇に絞り込むこと。'}",,,25.1,逃げ狙い,11.85,25.2,2,,,,,,,,,,,
2025-07-25,丸亀,9,3,中川りな,A2,38.81,3,△,9.1669,33.3,69,46.9,0.1659,3.6406,,,0,低,61,0,-,,0,32.9,0.6475,0,0,0.0667,0,0,0,0.1429,0.0714,,,C,◎,,0.22,0.6205,,0.6743,S,95,0,◎1着固定 2-3着流し（5〜8点）,0.5777,"{'is_target': True, 'verdict': '点数絞り', 'max_combo_prob': 0.1358, 'est_top_odds': 9.8, 'circle_concentration': 85.7, 'eligible_count': 6, 'bet_adj': 0, 'reason': 'rel_win1=71.1%（本命度） / 最有力組み合わせ確率: 0.136（推定実オッズ?10倍） / 2着集中度: 上位2艇 85.7%（補正+0.04） / 総合判定確率: 0.176 / → ヒモはやや固め。上位2艇以外を切ること', 'tenji_trigger': '展示確認: 1号艇伸び良→そのまま採用。悪→飛び組に差し替え。circle_pct上位2艇に絞り込むこと。'}",,,25.1,逃げ狙い,11.85,25.2,2,,,,,,,,,,,
2025-07-25,丸亀,9,4,樫葉新心,B1,29.76,4,,3.1749,8.1,52,5.7,0.2271,4.6714,,,0,低,136,0,-,,0,13.2,0.5698,,,,,,0.1864,0.3318,0.2591,,,D,,,0.1378,0.5565,,0.6743,S,95,0,◎1着固定 2-3着流し（5〜8点）,0.5777,"{'is_target': True, 'verdict': '点数絞り', 'max_combo_prob': 0.1358, 'est_top_odds': 9.8, 'circle_concentration': 85.7, 'eligible_count': 6, 'bet_adj': 0, 'reason': 'rel_win1=71.1%（本命度） / 最有力組み合わせ確率: 0.136（推定実オッズ?10倍） / 2着集中度: 上位2艇 85.7%（補正+0.04） / 総合判定確率: 0.176 / → ヒモはやや固め。上位2艇以外を切ること', 'tenji_trigger': '展示確認: 1号艇伸び良→そのまま採用。悪→飛び組に差し替え。circle_pct上位2艇に絞り込むこと。'}",,,25.1,逃げ狙い,11.85,25.2,2,,,,,,,,,,,
2025-07-25,丸亀,9,5,石村日奈,B2,27.59,5,,3.1059,4.1,53,0,0.1987,4.2826,,,0,低,58,0,-,,0,29,0.7019,,,,,,,,,,,E,,,0.1624,0.5105,,0.6743,S,95,0,◎1着固定 2-3着流し（5〜8点）,0.5777,"{'is_target': True, 'verdict': '点数絞り', 'max_combo_prob': 0.1358, 'est_top_odds': 9.8, 'circle_concentration': 85.7, 'eligible_count': 6, 'bet_adj': 0, 'reason': 'rel_win1=71.1%（本命度） / 最有力組み合わせ確率: 0.136（推定実オッズ?10倍） / 2着集中度: 上位2艇 85.7%（補正+0.04） / 総合判定確率: 0.176 / → ヒモはやや固め。上位2艇以外を切ること', 'tenji_trigger': '展示確認: 1号艇伸び良→そのまま採用。悪→飛び組に差し替え。circle_pct上位2艇に絞り込むこと。'}",,,25.1,逃げ狙い,11.85,25.2,2,,,,,,,,,,,
2025-07-25,丸亀,9,6,小林愛実,B1,48.72,6,▲,1.2626,2.1,100,23.1,0.1749,4.3846,,,0,低,95,0,-,,0,53,1.0306,,,,,,0.3333,0.3333,0,,,A,△,,0.2381,0.5715,,0.6743,S,95,0,◎1着固定 2-3着流し（5〜8点）,0.5777,"{'is_target': True, 'verdict': '点数絞り', 'max_combo_prob': 0.1358, 'est_top_odds': 9.8, 'circle_concentration': 85.7, 'eligible_count': 6, 'bet_adj': 0, 'reason': 'rel_win1=71.1%（本命度） / 最有力組み合わせ確率: 0.136（推定実オッズ?10倍） / 2着集中度: 上位2艇 85.7%（補正+0.04） / 総合判定確率: 0.176 / → ヒモはやや固め。上位2艇以外を切ること', 'tenji_trigger': '展示確認: 1号艇伸び良→そのまま採用。悪→飛び組に差し替え。circle_pct上位2艇に絞り込むこと。'}",,,25.1,逃げ狙い,11.85,25.2,2,,,,,,,,,,,
2025-07-25,丸亀,10,1,寺田千恵,A1,31.98,1,◎,66.3375,,0,90.2,0.1568,3.0366,,,0,低,54,0,逃1%,,0,89.8,1.1875,0.6364,,,,,0.1818,0.0909,0.0909,◎,,D,◎,,,0.6385,,0.499,S,84,0,◎1着固定 2-3着流し（5〜8点）,0.5777,"{'is_target': True, 'verdict': '点数絞り', 'max_combo_prob': 0.1231, 'est_top_odds': 10.8, 'circle_concentration': 79.8, 'eligible_count': 6, 'bet_adj': 0, 'reason': 'rel_win1=66.3%（本命度） / 最有力組み合わせ確率: 0.123（推定実オッズ?11倍） / 2着集中度: 上位2艇 79.8%（補正+0.04） / 総合判定確率: 0.163 / → ヒモはやや固め。上位2艇以外を切ること', 'tenji_trigger': '展示確認: 1号艇伸び良→そのまま採用。悪→飛び組に差し替え。circle_pct上位2艇に絞り込むこと。'}",,,27.1,逃げ狙い,12.11,30.6,2,,,,,0,0,0.7559,0,,逃げ軸流し,A
2025-07-25,丸亀,10,2,山田理央,A2,34.00,2,○,11.6345,48.6,59,55.3,0.1476,3.2632,,,0,低,62,0,-,,0,63.1,1.1984,0,0.0833,0,0,0,0.0444,0.1444,0.0222,,◎,C,△,,0.4101,0.6,,0.499,S,84,0,◎1着固定 2-3着流し（5〜8点）,0.5777,"{'is_target': True, 'verdict': '点数絞り', 'max_combo_prob': 0.1231, 'est_top_odds': 10.8, 'circle_concentration': 79.8, 'eligible_count': 6, 'bet_adj': 0, 'reason': 'rel_win1=66.3%（本命度） / 最有力組み合わせ確率: 0.123（推定実オッズ?11倍） / 2着集中度: 上位2艇 79.8%（補正+0.04） / 総合判定確率: 0.163 / → ヒモはやや固め。上位2艇以外を切ること', 'tenji_trigger': '展示確認: 1号艇伸び良→そのまま採用。悪→飛び組に差し替え。circle_pct上位2艇に絞り込むこと。'}",,,27.1,逃げ狙い,12.11,30.6,2,,,,,,,,,,,
2025-07-25,丸亀,10,3,野田部宏,B1,32.66,3,▲,11.2491,31.2,100,70.3,0.1392,2.8243,,,0,低,35,0,-,,0,29.6,0.6738,0,0,0.0769,0,0,0.1,0.2,0.2,,○,C,○,,0.3803,0.616,,0.499,S,84,0,◎1着固定 2-3着流し（5〜8点）,0.5777,"{'is_target': True, 'verdict': '点数絞り', 'max_combo_prob': 0.1231, 'est_top_odds': 10.8, 'circle_concentration': 79.8, 'eligible_count': 6, 'bet_adj': 0, 'reason': 'rel_win1=66.3%（本命度） / 最有力組み合わせ確率: 0.123（推定実オッズ?11倍） / 2着集中度: 上位2艇 79.8%（補正+0.04） / 総合判定確率: 0.163 / → ヒモはやや固め。上位2艇以外を切ること', 'tenji_trigger': '展示確認: 1号艇伸び良→そのまま採用。悪→飛び組に差し替え。circle_pct上位2艇に絞り込むこと。'}",,,27.1,逃げ狙い,12.11,30.6,2,,,,,,,,,,,
2025-07-25,丸亀,10,4,森　陽多,B1,34.50,4,,5.0291,6.1,53,4,0.192,4.12,,,0,低,64,0,-,,0,18.2,0.5604,,,,,,0,0.4,0.2,,,C,,,0.1755,0.472,,0.499,S,84,0,◎1着固定 2-3着流し（5〜8点）,0.5777,"{'is_target': True, 'verdict': '点数絞り', 'max_combo_prob': 0.1231, 'est_top_odds': 10.8, 'circle_concentration': 79.8, 'eligible_count': 6, 'bet_adj': 0, 'reason': 'rel_win1=66.3%（本命度） / 最有力組み合わせ確率: 0.123（推定実オッズ?11倍） / 2着集中度: 上位2艇 79.8%（補正+0.04） / 総合判定確率: 0.163 / → ヒモはやや固め。上位2艇以外を切ること', 'tenji_trigger': '展示確認: 1号艇伸び良→そのまま採用。悪→飛び組に差し替え。circle_pct上位2艇に絞り込むこと。'}",,,27.1,逃げ狙い,12.11,30.6,2,,,,,,,,,,,
2025-07-25,丸亀,10,5,吉田彩乃,B1,45.45,5,△,4.3464,10.9,54,11.1,0.1961,4.0278,,,0,低,47,0,-,,0,26,0.7021,,,,,,0.23,0.69,0,,,A,△,,0.185,0.5885,,0.499,S,84,0,◎1着固定 2-3着流し（5〜8点）,0.5777,"{'is_target': True, 'verdict': '点数絞り', 'max_combo_prob': 0.1231, 'est_top_odds': 10.8, 'circle_concentration': 79.8, 'eligible_count': 6, 'bet_adj': 0, 'reason': 'rel_win1=66.3%（本命度） / 最有力組み合わせ確率: 0.123（推定実オッズ?11倍） / 2着集中度: 上位2艇 79.8%（補正+0.04） / 総合判定確率: 0.163 / → ヒモはやや固め。上位2艇以外を切ること', 'tenji_trigger': '展示確認: 1号艇伸び良→そのまま採用。悪→飛び組に差し替え。circle_pct上位2艇に絞り込むこと。'}",,,27.1,逃げ狙い,12.11,30.6,2,,,,,,,,,,,
2025-07-25,丸亀,10,6,村上奈穂,B1,28.08,6,,1.4034,3.2,55,8.3,0.2133,4.375,,,0,低,64,1,-,,0,31.7,0.8378,,,,,,0.1818,0.3636,0.0909,,,E,,,0.135,0.578,,0.499,S,84,0,◎1着固定 2-3着流し（5〜8点）,0.5777,"{'is_target': True, 'verdict': '点数絞り', 'max_combo_prob': 0.1231, 'est_top_odds': 10.8, 'circle_concentration': 79.8, 'eligible_count': 6, 'bet_adj': 0, 'reason': 'rel_win1=66.3%（本命度） / 最有力組み合わせ確率: 0.123（推定実オッズ?11倍） / 2着集中度: 上位2艇 79.8%（補正+0.04） / 総合判定確率: 0.163 / → ヒモはやや固め。上位2艇以外を切ること', 'tenji_trigger': '展示確認: 1号艇伸び良→そのまま採用。悪→飛び組に差し替え。circle_pct上位2艇に絞り込むこと。'}",,,27.1,逃げ狙い,12.11,30.6,2,,,,,,,,,,,
2025-07-25,丸亀,11,1,小野生奈,A1,31.16,1,◎,63.872,,0,96.3,0.0993,1.963,,,0,低,35,0,逃1%,,0,92.4,1.2409,0.7857,,,,,0.0714,0,0.1429,◎,,C,◎,,,0.625,,0.7722,S,84,0,◎1着固定 2-3着流し（5〜8点）,0.5777,"{'is_target': True, 'verdict': '参加推奨', 'max_combo_prob': 0.0908, 'est_top_odds': 14.7, 'circle_concentration': 68.4, 'eligible_count': 6, 'bet_adj': 2, 'reason': 'rel_win1=63.9%（本命度） / 最有力組み合わせ確率: 0.091（推定実オッズ?15倍） / 2着集中度: 上位2艇 68.4%（補正+0.00） / 総合判定確率: 0.091 / → ヒモ分散。1号艇1着固定で広めのヒモ流し推奨（買い目+2点）', 'tenji_trigger': '展示確認: ヒモ分散レース。1号艇伸び確認後、広めのヒモ流しを採用。穴ヒモ（5・6号艇）を積極的に含める。\n展示で1号艇スタート超安定(0.099秒)→ヒモ固まり方向に注意'}",,,25.5,逃げ狙い,14.46,24.1,2,,,,,0,0,0.7559,0,,逃げ軸流し,A
2025-07-25,丸亀,11,2,関野　文,A2,32.02,2,▲,15.0084,37.3,76,56.5,0.1609,4.2174,,,0,低,58,0,差0%,,0,44.1,0.9602,0,0.1538,0,0,0,0.0932,0.0727,0.2409,,,B,△,,0.0856,0.6135,,0.7722,S,84,0,◎1着固定 2-3着流し（5〜8点）,0.5777,"{'is_target': True, 'verdict': '参加推奨', 'max_combo_prob': 0.0908, 'est_top_odds': 14.7, 'circle_concentration': 68.4, 'eligible_count': 6, 'bet_adj': 2, 'reason': 'rel_win1=63.9%（本命度） / 最有力組み合わせ確率: 0.091（推定実オッズ?15倍） / 2着集中度: 上位2艇 68.4%（補正+0.00） / 総合判定確率: 0.091 / → ヒモ分散。1号艇1着固定で広めのヒモ流し推奨（買い目+2点）', 'tenji_trigger': '展示確認: ヒモ分散レース。1号艇伸び確認後、広めのヒモ流しを採用。穴ヒモ（5・6号艇）を積極的に含める。\n展示で1号艇スタート超安定(0.099秒)→ヒモ固まり方向に注意'}",,,25.5,逃げ狙い,14.46,24.1,2,,,,,,,,,,,
2025-07-25,丸亀,11,3,細川裕子,A1,31.71,3,△,9.041,31.2,100,61.5,0.1785,3.5385,,,0,低,59,1,ま0%,,0,44,1.084,0,0,0.1111,0,0,0,0,0.0833,,,C,○,,0.1236,0.6235,,0.7722,S,84,0,◎1着固定 2-3着流し（5〜8点）,0.5777,"{'is_target': True, 'verdict': '参加推奨', 'max_combo_prob': 0.0908, 'est_top_odds': 14.7, 'circle_concentration': 68.4, 'eligible_count': 6, 'bet_adj': 2, 'reason': 'rel_win1=63.9%（本命度） / 最有力組み合わせ確率: 0.091（推定実オッズ?15倍） / 2着集中度: 上位2艇 68.4%（補正+0.00） / 総合判定確率: 0.091 / → ヒモ分散。1号艇1着固定で広めのヒモ流し推奨（買い目+2点）', 'tenji_trigger': '展示確認: ヒモ分散レース。1号艇伸び確認後、広めのヒモ流しを採用。穴ヒモ（5・6号艇）を積極的に含める。\n展示で1号艇スタート超安定(0.099秒)→ヒモ固まり方向に注意'}",,,25.5,逃げ狙い,14.46,24.1,2,,,,,,,,,,,
2025-07-25,丸亀,11,4,赤井　睦,B1,32.16,4,○,8.4717,27.5,79,53.3,0.1413,3.4,,,0,低,24,0,ま0%,,0,55.3,1.0972,0,0,0.25,0,0,0.1944,0.0444,0.4333,,,B,△,,0.1879,0.596,,0.7722,S,84,0,◎1着固定 2-3着流し（5〜8点）,0.5777,"{'is_target': True, 'verdict': '参加推奨', 'max_combo_prob': 0.0908, 'est_top_odds': 14.7, 'circle_concentration': 68.4, 'eligible_count': 6, 'bet_adj': 2, 'reason': 'rel_win1=63.9%（本命度） / 最有力組み合わせ確率: 0.091（推定実オッズ?15倍） / 2着集中度: 上位2艇 68.4%（補正+0.00） / 総合判定確率: 0.091 / → ヒモ分散。1号艇1着固定で広めのヒモ流し推奨（買い目+2点）', 'tenji_trigger': '展示確認: ヒモ分散レース。1号艇伸び確認後、広めのヒモ流しを採用。穴ヒモ（5・6号艇）を積極的に含める。\n展示で1号艇スタート超安定(0.099秒)→ヒモ固まり方向に注意'}",,,25.5,逃げ狙い,14.46,24.1,2,,,,,,,,,,,
2025-07-25,丸亀,11,5,三嶌ここ,B1,28.00,5,,2.4785,1.9,34,8.5,0.2019,4.5638,,,0,低,114,0,-,,0,24.4,0.611,,,,,,0.0571,0.0571,0.3143,,,D,,,0.13,0.553,,0.7722,S,84,0,◎1着固定 2-3着流し（5〜8点）,0.5777,"{'is_target': True, 'verdict': '参加推奨', 'max_combo_prob': 0.0908, 'est_top_odds': 14.7, 'circle_concentration': 68.4, 'eligible_count': 6, 'bet_adj': 2, 'reason': 'rel_win1=63.9%（本命度） / 最有力組み合わせ確率: 0.091（推定実オッズ?15倍） / 2着集中度: 上位2艇 68.4%（補正+0.00） / 総合判定確率: 0.091 / → ヒモ分散。1号艇1着固定で広めのヒモ流し推奨（買い目+2点）', 'tenji_trigger': '展示確認: ヒモ分散レース。1号艇伸び確認後、広めのヒモ流しを採用。穴ヒモ（5・6号艇）を積極的に含める。\n展示で1号艇スタート超安定(0.099秒)→ヒモ固まり方向に注意'}",,,25.5,逃げ狙い,14.46,24.1,2,,,,,,,,,,,
2025-07-25,丸亀,11,6,飯塚　響,B1,29.27,6,,1.1284,2.2,49,6.7,0.174,3.8667,,,0,低,45,0,-,,0,37.7,0.8378,,,,,,0,0,0,,,D,,,0.135,0.5145,,0.7722,S,84,0,◎1着固定 2-3着流し（5〜8点）,0.5777,"{'is_target': True, 'verdict': '参加推奨', 'max_combo_prob': 0.0908, 'est_top_odds': 14.7, 'circle_concentration': 68.4, 'eligible_count': 6, 'bet_adj': 2, 'reason': 'rel_win1=63.9%（本命度） / 最有力組み合わせ確率: 0.091（推定実オッズ?15倍） / 2着集中度: 上位2艇 68.4%（補正+0.00） / 総合判定確率: 0.091 / → ヒモ分散。1号艇1着固定で広めのヒモ流し推奨（買い目+2点）', 'tenji_trigger': '展示確認: ヒモ分散レース。1号艇伸び確認後、広めのヒモ流しを採用。穴ヒモ（5・6号艇）を積極的に含める。\n展示で1号艇スタート超安定(0.099秒)→ヒモ固まり方向に注意'}",,,25.5,逃げ狙い,14.46,24.1,2,,,,,,,,,,,
2025-07-25,丸亀,12,1,平山智加,A1,40.80,1,◎,62.1501,,0,91.4,0.1529,3.5286,,,0,低,46,0,逃0%,,0,98.9,1.4035,0.6364,,,,,0,0.1818,0.1818,◎,,B,◎,,,0.651,,0.5253,S,99,0,◎1着固定 2-3着流し（5〜8点）,0.5777,"{'is_target': True, 'verdict': '参加推奨', 'max_combo_prob': 0.0713, 'est_top_odds': 18.7, 'circle_concentration': 62.5, 'eligible_count': 6, 'bet_adj': 2, 'reason': 'rel_win1=62.2%（本命度） / 最有力組み合わせ確率: 0.071（推定実オッズ?19倍） / 2着集中度: 上位2艇 62.5%（補正+0.00） / 総合判定確率: 0.071 / → ヒモ分散。1号艇1着固定で広めのヒモ流し推奨（買い目+2点）', 'tenji_trigger': '展示確認: ヒモ分散レース。1号艇伸び確認後、広めのヒモ流しを採用。穴ヒモ（5・6号艇）を積極的に含める。'}",,,30.6,逃げ狙い,26.59,28.3,3,,,,,0,0,0.7559,0,,逃げ軸流し,A
2025-07-25,丸亀,12,2,鎌倉　涼,A1,35.15,2,,10.5845,36.5,71,45,0.178,3.925,,,0,低,56,0,-,,0,23.3,0.7607,,,,,,0.1667,0.1667,0,,,C,,,0.0775,0.5705,,0.5253,S,99,0,◎1着固定 2-3着流し（5〜8点）,0.5777,"{'is_target': True, 'verdict': '参加推奨', 'max_combo_prob': 0.0713, 'est_top_odds': 18.7, 'circle_concentration': 62.5, 'eligible_count': 6, 'bet_adj': 2, 'reason': 'rel_win1=62.2%（本命度） / 最有力組み合わせ確率: 0.071（推定実オッズ?19倍） / 2着集中度: 上位2艇 62.5%（補正+0.00） / 総合判定確率: 0.071 / → ヒモ分散。1号艇1着固定で広めのヒモ流し推奨（買い目+2点）', 'tenji_trigger': '展示確認: ヒモ分散レース。1号艇伸び確認後、広めのヒモ流しを採用。穴ヒモ（5・6号艇）を積極的に含める。'}",,,30.6,逃げ狙い,26.59,28.3,3,,,,,,,,,,,
2025-07-25,丸亀,12,3,川野芽唯,A1,35.27,3,△,10.172,26.1,91,73.7,0.1895,4.0263,,,0,低,72,0,抜0%,,0,79.4,1.2844,0,0,0,0,0.1111,0,0.0556,0.0556,,,C,△,,0.135,0.625,,0.5253,S,99,0,◎1着固定 2-3着流し（5〜8点）,0.5777,"{'is_target': True, 'verdict': '参加推奨', 'max_combo_prob': 0.0713, 'est_top_odds': 18.7, 'circle_concentration': 62.5, 'eligible_count': 6, 'bet_adj': 2, 'reason': 'rel_win1=62.2%（本命度） / 最有力組み合わせ確率: 0.071（推定実オッズ?19倍） / 2着集中度: 上位2艇 62.5%（補正+0.00） / 総合判定確率: 0.071 / → ヒモ分散。1号艇1着固定で広めのヒモ流し推奨（買い目+2点）', 'tenji_trigger': '展示確認: ヒモ分散レース。1号艇伸び確認後、広めのヒモ流しを採用。穴ヒモ（5・6号艇）を積極的に含める。'}",,,30.6,逃げ狙い,26.59,28.3,3,,,,,,,,,,,
2025-07-25,丸亀,12,4,大瀧明日,A1,31.19,4,▲,9.0038,18.2,100,75,0.1664,3.2143,,,0,低,56,0,-,,0,69,1.4262,,,,,,0.05,0.3333,0.1167,,,D,,,0.2575,0.6145,,0.5253,S,99,0,◎1着固定 2-3着流し（5〜8点）,0.5777,"{'is_target': True, 'verdict': '参加推奨', 'max_combo_prob': 0.0713, 'est_top_odds': 18.7, 'circle_concentration': 62.5, 'eligible_count': 6, 'bet_adj': 2, 'reason': 'rel_win1=62.2%（本命度） / 最有力組み合わせ確率: 0.071（推定実オッズ?19倍） / 2着集中度: 上位2艇 62.5%（補正+0.00） / 総合判定確率: 0.071 / → ヒモ分散。1号艇1着固定で広めのヒモ流し推奨（買い目+2点）', 'tenji_trigger': '展示確認: ヒモ分散レース。1号艇伸び確認後、広めのヒモ流しを採用。穴ヒモ（5・6号艇）を積極的に含める。'}",,,30.6,逃げ狙い,26.59,28.3,3,,,,,,,,,,,
2025-07-25,丸亀,12,5,清水愛海,A1,37.88,5,○,6.986,17.7,72,55.6,0.1696,3.6852,,,0,低,73,0,差ま0%,,0,47.1,1.5986,0,0,0,0.25,0,0.0909,0.1818,0,,,B,△,,0.2794,0.634,,0.5253,S,99,0,◎1着固定 2-3着流し（5〜8点）,0.5777,"{'is_target': True, 'verdict': '参加推奨', 'max_combo_prob': 0.0713, 'est_top_odds': 18.7, 'circle_concentration': 62.5, 'eligible_count': 6, 'bet_adj': 2, 'reason': 'rel_win1=62.2%（本命度） / 最有力組み合わせ確率: 0.071（推定実オッズ?19倍） / 2着集中度: 上位2艇 62.5%（補正+0.00） / 総合判定確率: 0.071 / → ヒモ分散。1号艇1着固定で広めのヒモ流し推奨（買い目+2点）', 'tenji_trigger': '展示確認: ヒモ分散レース。1号艇伸び確認後、広めのヒモ流しを採用。穴ヒモ（5・6号艇）を積極的に含める。'}",,,30.6,逃げ狙い,26.59,28.3,3,,,,,,,,,,,
2025-07-25,丸亀,12,6,魚谷香織,A2,29.63,6,,1.1037,1.6,55,50,0.1664,3.3636,,,0,低,49,0,-,,0,89.9,1.9281,,,,,,0.1382,0,0.2342,,,E,○,,0.2642,0.637,,0.5253,S,99,0,◎1着固定 2-3着流し（5〜8点）,0.5777,"{'is_target': True, 'verdict': '参加推奨', 'max_combo_prob': 0.0713, 'est_top_odds': 18.7, 'circle_concentration': 62.5, 'eligible_count': 6, 'bet_adj': 2, 'reason': 'rel_win1=62.2%（本命度） / 最有力組み合わせ確率: 0.071（推定実オッズ?19倍） / 2着集中度: 上位2艇 62.5%（補正+0.00） / 総合判定確率: 0.071 / → ヒモ分散。1号艇1着固定で広めのヒモ流し推奨（買い目+2点）', 'tenji_trigger': '展示確認: ヒモ分散レース。1号艇伸び確認後、広めのヒモ流しを採用。穴ヒモ（5・6号艇）を積極的に含める。'}",,,30.6,逃げ狙い,26.59,28.3,3,,,,,,,,,,,
2025-07-26,丸亀,1,1,門田　栞,B1,46.70,1,◎,59.4603,,0,67.7,0.1648,3.371,,,0,低,76,0,逃0%,5,0,94.4,1.311,0.4615,,,,,0.2308,0.3077,0,○,,A,,,,0.5145,,0.429,A,64,0,◎-○軸 3着3〜4艇流し（10〜15点）,0.5777,"{'is_target': True, 'verdict': '参加推奨', 'max_combo_prob': 0.092, 'est_top_odds': 14.5, 'circle_concentration': 69.4, 'eligible_count': 8, 'bet_adj': 2, 'reason': 'rel_win1=59.5%（本命度） / 最有力組み合わせ確率: 0.092（推定実オッズ?14倍） / 2着集中度: 上位2艇 69.4%（補正+0.00） / 総合判定確率: 0.092 / → ヒモ分散。1号艇1着固定で広めのヒモ流し推奨（買い目+2点）', 'tenji_trigger': '展示確認: ヒモ分散レース。1号艇伸び確認後、広めのヒモ流しを採用。穴ヒモ（5・6号艇）を積極的に含める。'}",,,30.2,両建て推奨,14.59,37.3,4,,,,,0,0,0.6155,0,,主役軸流し,B
2025-07-26,丸亀,1,2,吉田彩乃,B1,45.45,2,○,15.6055,32.9,100,57.9,0.1916,4.5789,,,0,低,47,0,差0% ま0%,34,0,38,0.9866,0,0.1,0.1,0,0,0.23,0.69,0,,,B,○,,0.0737,0.5885,,0.429,A,64,0,◎-○軸 3着3〜4艇流し（10〜15点）,0.5777,"{'is_target': True, 'verdict': '参加推奨', 'max_combo_prob': 0.092, 'est_top_odds': 14.5, 'circle_concentration': 69.4, 'eligible_count': 8, 'bet_adj': 2, 'reason': 'rel_win1=59.5%（本命度） / 最有力組み合わせ確率: 0.092（推定実オッズ?14倍） / 2着集中度: 上位2艇 69.4%（補正+0.00） / 総合判定確率: 0.092 / → ヒモ分散。1号艇1着固定で広めのヒモ流し推奨（買い目+2点）', 'tenji_trigger': '展示確認: ヒモ分散レース。1号艇伸び確認後、広めのヒモ流しを採用。穴ヒモ（5・6号艇）を積極的に含める。'}",,,30.2,両建て推奨,14.59,37.3,4,,,,,,,,,,,
2025-07-26,丸亀,1,3,石原凪紗,B2,34.12,3,△,8.0745,36.5,55,33.3,0.1737,3.75,,,0,低,62,0,差ま0%,4,0,33.7,0.6844,0,0,0,0.1,0,0.2643,0.0571,0.0571,,,D,,,0.2551,0.537,,0.429,A,64,0,◎-○軸 3着3〜4艇流し（10〜15点）,0.5777,"{'is_target': True, 'verdict': '参加推奨', 'max_combo_prob': 0.092, 'est_top_odds': 14.5, 'circle_concentration': 69.4, 'eligible_count': 8, 'bet_adj': 2, 'reason': 'rel_win1=59.5%（本命度） / 最有力組み合わせ確率: 0.092（推定実オッズ?14倍） / 2着集中度: 上位2艇 69.4%（補正+0.00） / 総合判定確率: 0.092 / → ヒモ分散。1号艇1着固定で広めのヒモ流し推奨（買い目+2点）', 'tenji_trigger': '展示確認: ヒモ分散レース。1号艇伸び確認後、広めのヒモ流しを採用。穴ヒモ（5・6号艇）を積極的に含める。'}",,,30.2,両建て推奨,14.59,37.3,4,,,,,,,,,,,
2025-07-26,丸亀,1,4,前原　哉,B1,40.80,4,,11.2056,18.3,71,37.1,0.2057,4.3,,,0,低,107,0,抜0%,5,0,35.4,0.9717,0,0,0,0,0.1111,0,0.4286,0.1429,,,C,△,,0.1523,0.5705,,0.429,A,64,0,◎-○軸 3着3〜4艇流し（10〜15点）,0.5777,"{'is_target': True, 'verdict': '参加推奨', 'max_combo_prob': 0.092, 'est_top_odds': 14.5, 'circle_concentration': 69.4, 'eligible_count': 8, 'bet_adj': 2, 'reason': 'rel_win1=59.5%（本命度） / 最有力組み合わせ確率: 0.092（推定実オッズ?14倍） / 2着集中度: 上位2艇 69.4%（補正+0.00） / 総合判定確率: 0.092 / → ヒモ分散。1号艇1着固定で広めのヒモ流し推奨（買い目+2点）', 'tenji_trigger': '展示確認: ヒモ分散レース。1号艇伸び確認後、広めのヒモ流しを採用。穴ヒモ（5・6号艇）を積極的に含める。'}",,,30.2,両建て推奨,14.59,37.3,4,,,,,,,,,,,
2025-07-26,丸亀,1,5,三嶌さら,B1,41.62,5,▲,4.4577,10.1,35,16.7,0.1812,4.381,,,0,低,82,0,-,2,0,24.8,0.5957,,,,,,0,0.25,0,,,C,△,,0.2578,0.576,,0.429,A,64,0,◎-○軸 3着3〜4艇流し（10〜15点）,0.5777,"{'is_target': True, 'verdict': '参加推奨', 'max_combo_prob': 0.092, 'est_top_odds': 14.5, 'circle_concentration': 69.4, 'eligible_count': 8, 'bet_adj': 2, 'reason': 'rel_win1=59.5%（本命度） / 最有力組み合わせ確率: 0.092（推定実オッズ?14倍） / 2着集中度: 上位2艇 69.4%（補正+0.00） / 総合判定確率: 0.092 / → ヒモ分散。1号艇1着固定で広めのヒモ流し推奨（買い目+2点）', 'tenji_trigger': '展示確認: ヒモ分散レース。1号艇伸び確認後、広めのヒモ流しを採用。穴ヒモ（5・6号艇）を積極的に含める。'}",,,30.2,両建て推奨,14.59,37.3,4,,,,,,,,,,,
2025-07-26,丸亀,1,6,北村寧々,B1,30.39,6,,1.1964,2.2,30,8.3,0.1542,3.5417,,,0,低,40,0,-,5,0,20.9,0.7933,,,,,,0,0.3333,0,,,E,◎,,0.3437,0.6365,,0.429,A,64,0,◎-○軸 3着3〜4艇流し（10〜15点）,0.5777,"{'is_target': True, 'verdict': '参加推奨', 'max_combo_prob': 0.092, 'est_top_odds': 14.5, 'circle_concentration': 69.4, 'eligible_count': 8, 'bet_adj': 2, 'reason': 'rel_win1=59.5%（本命度） / 最有力組み合わせ確率: 0.092（推定実オッズ?14倍） / 2着集中度: 上位2艇 69.4%（補正+0.00） / 総合判定確率: 0.092 / → ヒモ分散。1号艇1着固定で広めのヒモ流し推奨（買い目+2点）', 'tenji_trigger': '展示確認: ヒモ分散レース。1号艇伸び確認後、広めのヒモ流しを採用。穴ヒモ（5・6号艇）を積極的に含める。'}",,,30.2,両建て推奨,14.59,37.3,4,,,,,,,,,,,
2025-07-26,丸亀,2,1,田上　凜,B1,43.84,1,◎,57.5971,,0,14.3,0.2686,4.6429,,,0,低,114,1,-,4,0,30.1,0.5737,,,,,,0,0.6667,0,,,A,,,,0.504,,-0.0007,D,14,1,大荒れ。見送り推奨,0.5777,"{'is_target': True, 'verdict': '参加推奨', 'max_combo_prob': 0.0669, 'est_top_odds': 19.9, 'circle_concentration': 60.8, 'eligible_count': 6, 'bet_adj': 2, 'reason': 'rel_win1=57.6%（本命度） / 最有力組み合わせ確率: 0.067（推定実オッズ?20倍） / 2着集中度: 上位2艇 60.8%（補正+0.00） / 総合判定確率: 0.067 / → ヒモ分散。1号艇1着固定で広めのヒモ流し推奨（買い目+2点）', 'tenji_trigger': '展示確認: ヒモ分散レース。1号艇伸び確認後、広めのヒモ流しを採用。穴ヒモ（5・6号艇）を積極的に含める。\n展示で1号艇スタート遅め(0.269秒)確認→ヒモが荒れやすい'}",,,35.5,両建て推奨,11.96,40.3,4,2-1-5|2-1-3|2-1-4|2-3-5|2-5-3|2-5-4|2-3-4|1-2-4|1-2-5|1-3-4|1-3-5,2-1-5|2-1-3|2-1-4|2-3-5|2-5-3|2-5-4|2-3-4|1-2-4|1-2-5|1-3-4|6-4-5|1-3-5,2-1-5:2.23%|2-1-3:2.03%|2-1-4:2.01%|2-3-5:0.76%|2-5-3:0.74%|2-5-4:0.73%|2-3-4:0.69%|1-2-4:5.76%|1-2-5:4.92%|1-3-4:4.45%|1-3-5:3.8%,2-1-5:B_main|2-1-3:B_main|2-1-4:B_main|2-3-5:B_main|2-5-3:B_main|2-5-4:B_main|2-3-4:B_main|1-2-4:A|1-2-5:A|1-3-4:A|1-3-5:A,11,12,0.2915,1,[!]見送り推奨（主役決まり手「差し」― 逃げ劣勢レースで的中実績なし）,主役軸流し,B
2025-07-26,丸亀,2,2,加藤奈月,B1,35.82,2,△,8.7127,34.6,66,26.1,0.21,4.3913,,,0,低,68,0,-,4,0,13.9,0.5379,,,,,,0,0.2591,0.1455,,◎,C,◎,,0.5775,0.627,,-0.0007,D,14,1,大荒れ。見送り推奨,0.5777,"{'is_target': True, 'verdict': '参加推奨', 'max_combo_prob': 0.0669, 'est_top_odds': 19.9, 'circle_concentration': 60.8, 'eligible_count': 6, 'bet_adj': 2, 'reason': 'rel_win1=57.6%（本命度） / 最有力組み合わせ確率: 0.067（推定実オッズ?20倍） / 2着集中度: 上位2艇 60.8%（補正+0.00） / 総合判定確率: 0.067 / → ヒモ分散。1号艇1着固定で広めのヒモ流し推奨（買い目+2点）', 'tenji_trigger': '展示確認: ヒモ分散レース。1号艇伸び確認後、広めのヒモ流しを採用。穴ヒモ（5・6号艇）を積極的に含める。\n展示で1号艇スタート遅め(0.269秒)確認→ヒモが荒れやすい'}",,,35.5,両建て推奨,11.96,40.3,4,,,,,,,,,,,
2025-07-26,丸亀,2,3,中尾彩香,B1,40.82,3,○,12.8174,26.2,77,39.4,0.18,3.5455,,,0,低,58,0,ま0%,5,0,38.7,0.9008,0,0,0.0833,0,0,0.1667,0.1667,0,,,B,△,,0.4675,0.529,,-0.0007,D,14,1,大荒れ。見送り推奨,0.5777,"{'is_target': True, 'verdict': '参加推奨', 'max_combo_prob': 0.0669, 'est_top_odds': 19.9, 'circle_concentration': 60.8, 'eligible_count': 6, 'bet_adj': 2, 'reason': 'rel_win1=57.6%（本命度） / 最有力組み合わせ確率: 0.067（推定実オッズ?20倍） / 2着集中度: 上位2艇 60.8%（補正+0.00） / 総合判定確率: 0.067 / → ヒモ分散。1号艇1着固定で広めのヒモ流し推奨（買い目+2点）', 'tenji_trigger': '展示確認: ヒモ分散レース。1号艇伸び確認後、広めのヒモ流しを採用。穴ヒモ（5・6号艇）を積極的に含める。\n展示で1号艇スタート遅め(0.269秒)確認→ヒモが荒れやすい'}",,,35.5,両建て推奨,11.96,40.3,4,,,,,,,,,,,
2025-07-26,丸亀,2,4,山田理央,A2,34.00,4,▲,14.8301,23.1,100,53.8,0.1582,3.1923,,,0,低,62,0,-,2,0,70.8,1.2885,0,0.0625,0.0625,0.0625,0,0.0444,0.1444,0.0222,,,D,△,◎,0.4722,0.6,0.445,-0.0007,D,14,1,大荒れ。見送り推奨,0.5777,"{'is_target': True, 'verdict': '参加推奨', 'max_combo_prob': 0.0669, 'est_top_odds': 19.9, 'circle_concentration': 60.8, 'eligible_count': 6, 'bet_adj': 2, 'reason': 'rel_win1=57.6%（本命度） / 最有力組み合わせ確率: 0.067（推定実オッズ?20倍） / 2着集中度: 上位2艇 60.8%（補正+0.00） / 総合判定確率: 0.067 / → ヒモ分散。1号艇1着固定で広めのヒモ流し推奨（買い目+2点）', 'tenji_trigger': '展示確認: ヒモ分散レース。1号艇伸び確認後、広めのヒモ流しを採用。穴ヒモ（5・6号艇）を積極的に含める。\n展示で1号艇スタート遅め(0.269秒)確認→ヒモが荒れやすい'}",,,35.5,両建て推奨,11.96,40.3,4,,,,,,,,,,,
2025-07-26,丸亀,2,5,大瀧明日,A1,31.19,5,,4.6897,15.7,91,65,0.1795,3.725,,,0,低,56,0,-,13,0,90.3,1.6193,,,,,,0.05,0.3333,0.1167,,○,E,○,,0.4869,0.6145,,-0.0007,D,14,1,大荒れ。見送り推奨,0.5777,"{'is_target': True, 'verdict': '参加推奨', 'max_combo_prob': 0.0669, 'est_top_odds': 19.9, 'circle_concentration': 60.8, 'eligible_count': 6, 'bet_adj': 2, 'reason': 'rel_win1=57.6%（本命度） / 最有力組み合わせ確率: 0.067（推定実オッズ?20倍） / 2着集中度: 上位2艇 60.8%（補正+0.00） / 総合判定確率: 0.067 / → ヒモ分散。1号艇1着固定で広めのヒモ流し推奨（買い目+2点）', 'tenji_trigger': '展示確認: ヒモ分散レース。1号艇伸び確認後、広めのヒモ流しを採用。穴ヒモ（5・6号艇）を積極的に含める。\n展示で1号艇スタート遅め(0.269秒)確認→ヒモが荒れやすい'}",,,35.5,両建て推奨,11.96,40.3,4,,,,,,,,,,,
2025-07-26,丸亀,2,6,植竹玲奈,B2,38.76,6,,1.353,0.4,30,1.4,0.2118,4.6233,,,0,低,67,0,-,3,0,32.1,0.7622,,,,,,,,,,△,C,,,0.485,0.5055,,-0.0007,D,14,1,大荒れ。見送り推奨,0.5777,"{'is_target': True, 'verdict': '参加推奨', 'max_combo_prob': 0.0669, 'est_top_odds': 19.9, 'circle_concentration': 60.8, 'eligible_count': 6, 'bet_adj': 2, 'reason': 'rel_win1=57.6%（本命度） / 最有力組み合わせ確率: 0.067（推定実オッズ?20倍） / 2着集中度: 上位2艇 60.8%（補正+0.00） / 総合判定確率: 0.067 / → ヒモ分散。1号艇1着固定で広めのヒモ流し推奨（買い目+2点）', 'tenji_trigger': '展示確認: ヒモ分散レース。1号艇伸び確認後、広めのヒモ流しを採用。穴ヒモ（5・6号艇）を積極的に含める。\n展示で1号艇スタート遅め(0.269秒)確認→ヒモが荒れやすい'}",,,35.5,両建て推奨,11.96,40.3,4,,,,,,,,,,,
2025-07-26,丸亀,3,1,濱崎寿里,B2,30.57,1,◎,55.6756,,0,50,0.2112,4.9375,,,0,低,23,1,逃0%,23,0,44.9,0.7313,0.3333,,,,,0.6667,0,0,,,D,,,,0.533,,0.0901,C,43,0,荒れ傾向。高配当狙いか見送り,0.5777,"{'is_target': True, 'verdict': '点数絞り', 'max_combo_prob': 0.0985, 'est_top_odds': 13.5, 'circle_concentration': 83.4, 'eligible_count': 6, 'bet_adj': 0, 'reason': 'rel_win1=55.7%（本命度） / 最有力組み合わせ確率: 0.099（推定実オッズ?14倍） / 2着集中度: 上位2艇 83.4%（補正+0.04） / 総合判定確率: 0.139 / → ヒモはやや固め。上位2艇以外を切ること', 'tenji_trigger': '展示確認: 1号艇伸び良→そのまま採用。悪→飛び組に差し替え。circle_pct上位2艇に絞り込むこと。\n展示で1号艇スタート遅め(0.211秒)確認→ヒモが荒れやすい'}",,,38.3,両建て推奨,15.5,45.4,3,2-1-3|2-1-4|2-1-5|2-3-1|2-3-4|2-5-3|2-5-1|1-2-3|1-2-5|1-3-2|1-3-5,2-1-3|2-1-4|2-1-5|2-3-1|2-3-4|2-5-3|2-5-1|1-2-3|1-2-5|1-3-2|6-1-3|1-3-5,2-1-3:4.67%|2-1-4:2.11%|2-1-5:1.64%|2-3-1:1.35%|2-3-4:0.64%|2-5-3:0.54%|2-5-1:0.51%|1-2-3:5.23%|1-2-5:4.93%|1-3-2:4.44%|1-3-5:3.87%,2-1-3:B_main|2-1-4:B_main|2-1-5:B_main|2-3-1:B_main|2-3-4:B_main|2-5-3:B_main|2-5-1:B_main|1-2-3:A|1-2-5:A|1-3-2:A|1-3-5:A,11,12,0.2915,1,[!]見送り推奨（主役決まり手「差し」― 逃げ劣勢レースで的中実績なし）,主役軸流し,B
2025-07-26,丸亀,3,2,松本　怜,B1,39.80,2,○,9.8533,46.9,64,45.8,0.1842,4.25,,,0,低,54,0,-,6,0,97.8,0.6817,,,,,,0,0.5,0.25,,◎,B,△,,0.5775,0.572,,0.0901,C,43,0,荒れ傾向。高配当狙いか見送り,0.5777,"{'is_target': True, 'verdict': '点数絞り', 'max_combo_prob': 0.0985, 'est_top_odds': 13.5, 'circle_concentration': 83.4, 'eligible_count': 6, 'bet_adj': 0, 'reason': 'rel_win1=55.7%（本命度） / 最有力組み合わせ確率: 0.099（推定実オッズ?14倍） / 2着集中度: 上位2艇 83.4%（補正+0.04） / 総合判定確率: 0.139 / → ヒモはやや固め。上位2艇以外を切ること', 'tenji_trigger': '展示確認: 1号艇伸び良→そのまま採用。悪→飛び組に差し替え。circle_pct上位2艇に絞り込むこと。\n展示で1号艇スタート遅め(0.211秒)確認→ヒモが荒れやすい'}",,,38.3,両建て推奨,15.5,45.4,3,,,,,,,,,,,
2025-07-26,丸亀,3,3,小野生奈,A1,31.16,3,▲,20.1981,36.5,60,79.2,0.14,2.5,,,0,低,35,0,差0% 差ま0%,11,0,77.8,1.634,0,0.0833,0,0.0833,0,0.0714,0,0.1429,,△,D,◎,,0.4725,0.625,,0.0901,C,43,0,荒れ傾向。高配当狙いか見送り,0.5777,"{'is_target': True, 'verdict': '点数絞り', 'max_combo_prob': 0.0985, 'est_top_odds': 13.5, 'circle_concentration': 83.4, 'eligible_count': 6, 'bet_adj': 0, 'reason': 'rel_win1=55.7%（本命度） / 最有力組み合わせ確率: 0.099（推定実オッズ?14倍） / 2着集中度: 上位2艇 83.4%（補正+0.04） / 総合判定確率: 0.139 / → ヒモはやや固め。上位2艇以外を切ること', 'tenji_trigger': '展示確認: 1号艇伸び良→そのまま採用。悪→飛び組に差し替え。circle_pct上位2艇に絞り込むこと。\n展示で1号艇スタート遅め(0.211秒)確認→ヒモが荒れやすい'}",,,38.3,両建て推奨,15.5,45.4,3,,,,,,,,,,,
2025-07-26,丸亀,3,4,廣中智紗,A2,34.63,4,,7.2949,12.3,100,47.8,0.2139,4.0652,,,0,低,82,0,-,2,0,40.5,0.9457,,,,,,0.0421,0.1632,0.2632,,,C,△,,0.3011,0.5755,,0.0901,C,43,0,荒れ傾向。高配当狙いか見送り,0.5777,"{'is_target': True, 'verdict': '点数絞り', 'max_combo_prob': 0.0985, 'est_top_odds': 13.5, 'circle_concentration': 83.4, 'eligible_count': 6, 'bet_adj': 0, 'reason': 'rel_win1=55.7%（本命度） / 最有力組み合わせ確率: 0.099（推定実オッズ?14倍） / 2着集中度: 上位2艇 83.4%（補正+0.04） / 総合判定確率: 0.139 / → ヒモはやや固め。上位2艇以外を切ること', 'tenji_trigger': '展示確認: 1号艇伸び良→そのまま採用。悪→飛び組に差し替え。circle_pct上位2艇に絞り込むこと。\n展示で1号艇スタート遅め(0.211秒)確認→ヒモが荒れやすい'}",,,38.3,両建て推奨,15.5,45.4,3,,,,,,,,,,,
2025-07-26,丸亀,3,5,中村桃佳,B1,36.08,5,△,5.5257,4,91,47.8,0.147,3.1957,,,0,低,41,0,-,6,0,31.5,1.8986,,,,,,0.0471,0.0706,0.2706,,○,C,○,,0.485,0.6205,,0.0901,C,43,0,荒れ傾向。高配当狙いか見送り,0.5777,"{'is_target': True, 'verdict': '点数絞り', 'max_combo_prob': 0.0985, 'est_top_odds': 13.5, 'circle_concentration': 83.4, 'eligible_count': 6, 'bet_adj': 0, 'reason': 'rel_win1=55.7%（本命度） / 最有力組み合わせ確率: 0.099（推定実オッズ?14倍） / 2着集中度: 上位2艇 83.4%（補正+0.04） / 総合判定確率: 0.139 / → ヒモはやや固め。上位2艇以外を切ること', 'tenji_trigger': '展示確認: 1号艇伸び良→そのまま採用。悪→飛び組に差し替え。circle_pct上位2艇に絞り込むこと。\n展示で1号艇スタート遅め(0.211秒)確認→ヒモが荒れやすい'}",,,38.3,両建て推奨,15.5,45.4,3,,,,,,,,,,,
2025-07-26,丸亀,3,6,野田亜湖,B2,42.13,6,,1.4523,0.3,14,0,0.2688,5.3898,,,0,低,57,0,-,6,0,24.9,0.5461,,,,,,,,,,,B,,,0.135,0.4055,,0.0901,C,43,0,荒れ傾向。高配当狙いか見送り,0.5777,"{'is_target': True, 'verdict': '点数絞り', 'max_combo_prob': 0.0985, 'est_top_odds': 13.5, 'circle_concentration': 83.4, 'eligible_count': 6, 'bet_adj': 0, 'reason': 'rel_win1=55.7%（本命度） / 最有力組み合わせ確率: 0.099（推定実オッズ?14倍） / 2着集中度: 上位2艇 83.4%（補正+0.04） / 総合判定確率: 0.139 / → ヒモはやや固め。上位2艇以外を切ること', 'tenji_trigger': '展示確認: 1号艇伸び良→そのまま採用。悪→飛び組に差し替え。circle_pct上位2艇に絞り込むこと。\n展示で1号艇スタート遅め(0.211秒)確認→ヒモが荒れやすい'}",,,38.3,両建て推奨,15.5,45.4,3,,,,,,,,,,,
2025-07-26,丸亀,4,1,樫葉新心,B1,29.76,1,◎,47.7285,,0,27.3,0.1445,3.2273,,,0,低,136,1,-,55,0,31.8,0.5356,0,,,,,0.1864,0.3318,0.2591,○⚠️,,D,,,,0.5565,,0.3461,D,20,1,大荒れ。見送り推奨,0.5777,"{'is_target': True, 'verdict': '参加推奨', 'max_combo_prob': 0.0512, 'est_top_odds': 26.1, 'circle_concentration': 66.0, 'eligible_count': 6, 'bet_adj': 2, 'reason': 'rel_win1=47.7%（本命度） / 最有力組み合わせ確率: 0.051（推定実オッズ?26倍） / 2着集中度: 上位2艇 66.0%（補正+0.00） / 総合判定確率: 0.051 / → ヒモ分散。1号艇1着固定で広めのヒモ流し推奨（買い目+2点）', 'tenji_trigger': '展示確認: ヒモ分散レース。1号艇伸び確認後、広めのヒモ流しを採用。穴ヒモ（5・6号艇）を積極的に含める。'}",,,26.1,両建て推奨,16.02,38.6,3,4-5-6|4-6-5|4-5-2|4-5-1|4-3-5|4-3-6|4-6-2|1-2-6|1-2-4|1-2-5|1-5-6|1-5-4,4-5-6|4-6-5|4-5-2|4-5-1|4-3-5|4-3-6|4-6-2|1-2-6|1-2-4|1-2-5|1-5-6|1-5-4,4-5-6:2.86%|4-6-5:1.36%|4-5-2:0.52%|4-5-1:0.43%|4-3-5:0.37%|4-3-6:0.29%|4-6-2:0.19%|1-2-6:5.31%|1-2-4:5.05%|1-2-5:4.74%|1-5-6:3.44%|1-5-4:3.28%,4-5-6:B_main|4-6-5:B_main|4-5-2:B_main|4-5-1:B_main|4-3-5:B_main|4-3-6:B_main|4-6-2:B_main|1-2-6:A|1-2-4:A|1-2-5:A|1-5-6:A|1-5-4:A,12,12,0.4535,1,[!]見送り推奨（主役決まり手「まくり」― 逃げ劣勢レースで的中実績なし）,主役軸流し,B
2025-07-26,丸亀,4,2,谷口佳蓮,B1,39.42,2,○,17.204,40.9,100,50,0.158,3.8,,,0,低,45,0,-,3,0,42.9,0.8786,0,0.1176,0,0,0,0.1091,0,0.2727,,,B,△,,0.2196,0.5715,,0.3461,D,20,1,大荒れ。見送り推奨,0.5777,"{'is_target': True, 'verdict': '参加推奨', 'max_combo_prob': 0.0512, 'est_top_odds': 26.1, 'circle_concentration': 66.0, 'eligible_count': 6, 'bet_adj': 2, 'reason': 'rel_win1=47.7%（本命度） / 最有力組み合わせ確率: 0.051（推定実オッズ?26倍） / 2着集中度: 上位2艇 66.0%（補正+0.00） / 総合判定確率: 0.051 / → ヒモ分散。1号艇1着固定で広めのヒモ流し推奨（買い目+2点）', 'tenji_trigger': '展示確認: ヒモ分散レース。1号艇伸び確認後、広めのヒモ流しを採用。穴ヒモ（5・6号艇）を積極的に含める。'}",,,26.1,両建て推奨,16.02,38.6,3,,,,,,,,,,,
2025-07-26,丸亀,4,3,佐藤ほの,B1,31.34,3,,9.0097,11.9,79,21.4,0.1893,3.4821,,,0,低,65,0,-,34,0,17.1,0.6119,,,,,,0.3333,0.4444,0.1111,,,D,△,,0.1762,0.5605,,0.3461,D,20,1,大荒れ。見送り推奨,0.5777,"{'is_target': True, 'verdict': '参加推奨', 'max_combo_prob': 0.0512, 'est_top_odds': 26.1, 'circle_concentration': 66.0, 'eligible_count': 6, 'bet_adj': 2, 'reason': 'rel_win1=47.7%（本命度） / 最有力組み合わせ確率: 0.051（推定実オッズ?26倍） / 2着集中度: 上位2艇 66.0%（補正+0.00） / 総合判定確率: 0.051 / → ヒモ分散。1号艇1着固定で広めのヒモ流し推奨（買い目+2点）', 'tenji_trigger': '展示確認: ヒモ分散レース。1号艇伸び確認後、広めのヒモ流しを採用。穴ヒモ（5・6号艇）を積極的に含める。'}",,,26.1,両建て推奨,16.02,38.6,3,,,,,,,,,,,
2025-07-26,丸亀,4,4,深尾巴恵,B1,31.68,4,△,11.8651,17.4,79,45.7,0.1777,3.5286,,,0,低,70,0,-,2,0,89,1.5989,0,0,0.2222,0,0,0.25,0,0.5,,,D,,,0.2618,0.5515,,0.3461,D,20,1,大荒れ。見送り推奨,0.5777,"{'is_target': True, 'verdict': '参加推奨', 'max_combo_prob': 0.0512, 'est_top_odds': 26.1, 'circle_concentration': 66.0, 'eligible_count': 6, 'bet_adj': 2, 'reason': 'rel_win1=47.7%（本命度） / 最有力組み合わせ確率: 0.051（推定実オッズ?26倍） / 2着集中度: 上位2艇 66.0%（補正+0.00） / 総合判定確率: 0.051 / → ヒモ分散。1号艇1着固定で広めのヒモ流し推奨（買い目+2点）', 'tenji_trigger': '展示確認: ヒモ分散レース。1号艇伸び確認後、広めのヒモ流しを採用。穴ヒモ（5・6号艇）を積極的に含める。'}",,,26.1,両建て推奨,16.02,38.6,3,,,,,,,,,,,
2025-07-26,丸亀,4,5,細川裕子,A1,31.71,5,,10.1868,25.2,81,61.9,0.1843,3.9762,,,0,低,59,0,差ま0%,23,0,53.2,0.9902,0,0,0,0.2222,0,0,0,0.0833,,,C,◎,,0.2448,0.6235,,0.3461,D,20,1,大荒れ。見送り推奨,0.5777,"{'is_target': True, 'verdict': '参加推奨', 'max_combo_prob': 0.0512, 'est_top_odds': 26.1, 'circle_concentration': 66.0, 'eligible_count': 6, 'bet_adj': 2, 'reason': 'rel_win1=47.7%（本命度） / 最有力組み合わせ確率: 0.051（推定実オッズ?26倍） / 2着集中度: 上位2艇 66.0%（補正+0.00） / 総合判定確率: 0.051 / → ヒモ分散。1号艇1着固定で広めのヒモ流し推奨（買い目+2点）', 'tenji_trigger': '展示確認: ヒモ分散レース。1号艇伸び確認後、広めのヒモ流しを採用。穴ヒモ（5・6号艇）を積極的に含める。'}",,,26.1,両建て推奨,16.02,38.6,3,,,,,,,,,,,
2025-07-26,丸亀,4,6,中川りな,A2,38.81,6,▲,4.0059,4.7,85,44,0.1768,4.06,,,0,低,61,0,ま0%,2,0,88.9,1.6958,0,0,0.0833,0,0,0,0.1429,0.0714,,,B,○,,0.2417,0.6205,,0.3461,D,20,1,大荒れ。見送り推奨,0.5777,"{'is_target': True, 'verdict': '参加推奨', 'max_combo_prob': 0.0512, 'est_top_odds': 26.1, 'circle_concentration': 66.0, 'eligible_count': 6, 'bet_adj': 2, 'reason': 'rel_win1=47.7%（本命度） / 最有力組み合わせ確率: 0.051（推定実オッズ?26倍） / 2着集中度: 上位2艇 66.0%（補正+0.00） / 総合判定確率: 0.051 / → ヒモ分散。1号艇1着固定で広めのヒモ流し推奨（買い目+2点）', 'tenji_trigger': '展示確認: ヒモ分散レース。1号艇伸び確認後、広めのヒモ流しを採用。穴ヒモ（5・6号艇）を積極的に含める。'}",,,26.1,両建て推奨,16.02,38.6,3,,,,,,,,,,,
2025-07-26,丸亀,5,1,小林愛実,B1,48.72,1,◎,46.6169,,0,60,0.191,3.95,,,0,低,95,0,逃0%,34,0,43.7,0.7996,0.1667,,,,,0.3333,0.3333,0,,,A,△,,,0.5715,,0.1236,B,47,0,◎○△フォーメーション（15〜20点）,0.5777,"{'is_target': True, 'verdict': '参加推奨', 'max_combo_prob': 0.0718, 'est_top_odds': 18.6, 'circle_concentration': 74.5, 'eligible_count': 9, 'bet_adj': 2, 'reason': 'rel_win1=46.6%（本命度） / 最有力組み合わせ確率: 0.072（推定実オッズ?19倍） / 2着集中度: 上位2艇 74.5%（補正+0.04） / 総合判定確率: 0.112 / → ヒモ分散。1号艇1着固定で広めのヒモ流し推奨（買い目+2点）', 'tenji_trigger': '展示確認: ヒモ分散レース。1号艇伸び確認後、広めのヒモ流しを採用。穴ヒモ（5・6号艇）を積極的に含める。\n展示で1号艇スタート遅め(0.191秒)確認→ヒモが荒れやすい'}",,,38.1,両建て推奨,17.89,42.8,4,2-1-3|2-1-4|2-3-1|2-1-5|2-3-4|2-5-1|2-5-3|1-2-3|1-2-5|1-3-2,2-1-3|2-1-4|2-3-1|2-1-5|2-3-4|2-5-1|2-5-3|1-2-3|1-2-5|6-1-3|1-3-2|6-1-4,2-1-3:4.69%|2-1-4:2.73%|2-3-1:1.41%|2-1-5:1.4%|2-3-4:0.62%|2-5-1:0.46%|2-5-3:0.35%|1-2-3:6.06%|1-2-5:4.85%|1-3-2:3.7%,2-1-3:B_main|2-1-4:B_main|2-3-1:B_main|2-1-5:B_main|2-3-4:B_main|2-5-1:B_main|2-5-3:B_main|1-2-3:A|1-2-5:A|1-3-2:A,10,12,0.2915,1,[!]見送り推奨（主役決まり手「差し」― 逃げ劣勢レースで的中実績なし）,主役軸流し,B
2025-07-26,丸亀,5,2,井上遥妃,B1,39.52,2,○,15.5341,46.9,100,47.6,0.1552,2.9048,,,0,低,34,0,差0% ま0%,3,0,35,0.8424,0,0.4,0.2,0,0,0,0.1944,0.2389,,◎,B,○,,0.6395,0.634,,0.1236,B,47,0,◎○△フォーメーション（15〜20点）,0.5777,"{'is_target': True, 'verdict': '参加推奨', 'max_combo_prob': 0.0718, 'est_top_odds': 18.6, 'circle_concentration': 74.5, 'eligible_count': 9, 'bet_adj': 2, 'reason': 'rel_win1=46.6%（本命度） / 最有力組み合わせ確率: 0.072（推定実オッズ?19倍） / 2着集中度: 上位2艇 74.5%（補正+0.04） / 総合判定確率: 0.112 / → ヒモ分散。1号艇1着固定で広めのヒモ流し推奨（買い目+2点）', 'tenji_trigger': '展示確認: ヒモ分散レース。1号艇伸び確認後、広めのヒモ流しを採用。穴ヒモ（5・6号艇）を積極的に含める。\n展示で1号艇スタート遅め(0.191秒)確認→ヒモが荒れやすい'}",,,38.1,両建て推奨,17.89,42.8,4,,,,,,,,,,,
2025-07-26,丸亀,5,3,松尾夏海,A1,31.88,3,,14.1312,27.6,83,51.8,0.1526,2.9444,,,0,低,45,0,-,51,0,100,2.2969,0,0,0.0909,0,0,,,,,△,D,◎,,0.4592,0.684,,0.1236,B,47,0,◎○△フォーメーション（15〜20点）,0.5777,"{'is_target': True, 'verdict': '参加推奨', 'max_combo_prob': 0.0718, 'est_top_odds': 18.6, 'circle_concentration': 74.5, 'eligible_count': 9, 'bet_adj': 2, 'reason': 'rel_win1=46.6%（本命度） / 最有力組み合わせ確率: 0.072（推定実オッズ?19倍） / 2着集中度: 上位2艇 74.5%（補正+0.04） / 総合判定確率: 0.112 / → ヒモ分散。1号艇1着固定で広めのヒモ流し推奨（買い目+2点）', 'tenji_trigger': '展示確認: ヒモ分散レース。1号艇伸び確認後、広めのヒモ流しを採用。穴ヒモ（5・6号艇）を積極的に含める。\n展示で1号艇スタート遅め(0.191秒)確認→ヒモが荒れやすい'}",,,38.1,両建て推奨,17.89,42.8,4,,,,,,,,,,,
2025-07-26,丸亀,5,4,清水愛海,A1,37.88,4,△,15.0449,18.4,92,48.1,0.1967,4.2963,,,0,低,73,0,-,14,0,53.7,1.2653,,,,,,0.0909,0.1818,0,,,C,○,,0.2898,0.634,,0.1236,B,47,0,◎○△フォーメーション（15〜20点）,0.5777,"{'is_target': True, 'verdict': '参加推奨', 'max_combo_prob': 0.0718, 'est_top_odds': 18.6, 'circle_concentration': 74.5, 'eligible_count': 9, 'bet_adj': 2, 'reason': 'rel_win1=46.6%（本命度） / 最有力組み合わせ確率: 0.072（推定実オッズ?19倍） / 2着集中度: 上位2艇 74.5%（補正+0.04） / 総合判定確率: 0.112 / → ヒモ分散。1号艇1着固定で広めのヒモ流し推奨（買い目+2点）', 'tenji_trigger': '展示確認: ヒモ分散レース。1号艇伸び確認後、広めのヒモ流しを採用。穴ヒモ（5・6号艇）を積極的に含める。\n展示で1号艇スタート遅め(0.191秒)確認→ヒモが荒れやすい'}",,,38.1,両建て推奨,17.89,42.8,4,,,,,,,,,,,
2025-07-26,丸亀,5,5,野田部宏,B1,32.66,5,▲,7.5182,6.4,76,25,0.1256,2.5139,,,0,低,35,0,-,23,0,33.7,0.7567,0,0,0.1176,0,0,0.1,0.2,0.2,,○,D,△,,0.4838,0.616,,0.1236,B,47,0,◎○△フォーメーション（15〜20点）,0.5777,"{'is_target': True, 'verdict': '参加推奨', 'max_combo_prob': 0.0718, 'est_top_odds': 18.6, 'circle_concentration': 74.5, 'eligible_count': 9, 'bet_adj': 2, 'reason': 'rel_win1=46.6%（本命度） / 最有力組み合わせ確率: 0.072（推定実オッズ?19倍） / 2着集中度: 上位2艇 74.5%（補正+0.04） / 総合判定確率: 0.112 / → ヒモ分散。1号艇1着固定で広めのヒモ流し推奨（買い目+2点）', 'tenji_trigger': '展示確認: ヒモ分散レース。1号艇伸び確認後、広めのヒモ流しを採用。穴ヒモ（5・6号艇）を積極的に含める。\n展示で1号艇スタート遅め(0.191秒)確認→ヒモが荒れやすい'}",,,38.1,両建て推奨,17.89,42.8,4,,,,,,,,,,,
2025-07-26,丸亀,5,6,石村日奈,B2,27.59,6,,1.1548,0.7,29,3.4,0.2225,4.6186,,,0,低,58,0,-,66,0,23.9,0.7622,,,,,,,,,,,E,,,0.2099,0.5105,,0.1236,B,47,0,◎○△フォーメーション（15〜20点）,0.5777,"{'is_target': True, 'verdict': '参加推奨', 'max_combo_prob': 0.0718, 'est_top_odds': 18.6, 'circle_concentration': 74.5, 'eligible_count': 9, 'bet_adj': 2, 'reason': 'rel_win1=46.6%（本命度） / 最有力組み合わせ確率: 0.072（推定実オッズ?19倍） / 2着集中度: 上位2艇 74.5%（補正+0.04） / 総合判定確率: 0.112 / → ヒモ分散。1号艇1着固定で広めのヒモ流し推奨（買い目+2点）', 'tenji_trigger': '展示確認: ヒモ分散レース。1号艇伸び確認後、広めのヒモ流しを採用。穴ヒモ（5・6号艇）を積極的に含める。\n展示で1号艇スタート遅め(0.191秒)確認→ヒモが荒れやすい'}",,,38.1,両建て推奨,17.89,42.8,4,,,,,,,,,,,
2025-07-26,丸亀,6,1,山川美由,B1,45.13,1,◎,52.2994,,0,92.3,0.1223,2.1923,,,0,低,16,1,-,23,0,100,1.4671,0.6667,,,,,0,0,0.3333,◎⚠️,,A,△,,,0.584,,0.6262,A,79,0,◎-○軸 3着3〜4艇流し（10〜15点）,0.5777,"{'is_target': True, 'verdict': '点数絞り', 'max_combo_prob': 0.0852, 'est_top_odds': 15.6, 'circle_concentration': 71.2, 'eligible_count': 8, 'bet_adj': 0, 'reason': 'rel_win1=52.3%（本命度） / 最有力組み合わせ確率: 0.085（推定実オッズ?16倍） / 2着集中度: 上位2艇 71.2%（補正+0.04） / 総合判定確率: 0.125 / → ヒモはやや固め。上位2艇以外を切ること', 'tenji_trigger': '展示確認: 1号艇伸び良→そのまま採用。悪→飛び組に差し替え。circle_pct上位2艇に絞り込むこと。\n展示で1号艇スタート超安定(0.122秒)→ヒモ固まり方向に注意'}",,,28,逃げ狙い,21.45,25.1,2,3-1-5|3-1-4|3-1-2|3-4-1|3-2-1|3-4-5|3-2-5|1-2-3|1-3-2|1-2-5,3-1-5|3-1-4|3-1-2|3-4-1|3-2-1|3-4-5|3-2-5|6-1-2|1-2-3|5-1-2|1-3-2|1-2-5,3-1-5:0.84%|3-1-4:0.83%|3-1-2:0.56%|3-4-1:0.33%|3-2-1:0.24%|3-4-5:0.04%|3-2-5:0.03%|1-2-3:4.02%|1-3-2:3.58%|1-2-5:3.28%,3-1-5:B_main|3-1-4:B_main|3-1-2:B_main|3-4-1:B_main|3-2-1:B_main|3-4-5:B_main|3-2-5:B_main|1-2-3:A|1-3-2:A|1-2-5:A,10,12,0.4535,1,[!]見送り推奨（主役決まり手「まくり差し」― 逃げ劣勢レースで的中実績なし）,主役軸流し,B
2025-07-26,丸亀,6,2,高憧四季,A1,30.65,2,△,19.8814,39.6,100,72.4,0.169,3.6207,,,0,低,59,0,差0% ま0%,1,0,55.7,1.2379,0,0.25,0.125,0,0,0,0.0769,0.0769,,,D,○,,0.105,0.62,,0.6262,A,79,0,◎-○軸 3着3〜4艇流し（10〜15点）,0.5777,"{'is_target': True, 'verdict': '点数絞り', 'max_combo_prob': 0.0852, 'est_top_odds': 15.6, 'circle_concentration': 71.2, 'eligible_count': 8, 'bet_adj': 0, 'reason': 'rel_win1=52.3%（本命度） / 最有力組み合わせ確率: 0.085（推定実オッズ?16倍） / 2着集中度: 上位2艇 71.2%（補正+0.04） / 総合判定確率: 0.125 / → ヒモはやや固め。上位2艇以外を切ること', 'tenji_trigger': '展示確認: 1号艇伸び良→そのまま採用。悪→飛び組に差し替え。circle_pct上位2艇に絞り込むこと。\n展示で1号艇スタート超安定(0.122秒)→ヒモ固まり方向に注意'}",,,28,逃げ狙い,21.45,25.1,2,,,,,,,,,,,
2025-07-26,丸亀,6,3,平山智加,A1,40.80,3,○,17.8759,31.6,93,68.2,0.1609,3.2727,,,0,低,46,0,差ま0%,21,0,29.3,0.7662,0,0,0.1111,0.2222,0,0,0.1818,0.1818,,,B,◎,,0.1552,0.651,,0.6262,A,79,0,◎-○軸 3着3〜4艇流し（10〜15点）,0.5777,"{'is_target': True, 'verdict': '点数絞り', 'max_combo_prob': 0.0852, 'est_top_odds': 15.6, 'circle_concentration': 71.2, 'eligible_count': 8, 'bet_adj': 0, 'reason': 'rel_win1=52.3%（本命度） / 最有力組み合わせ確率: 0.085（推定実オッズ?16倍） / 2着集中度: 上位2艇 71.2%（補正+0.04） / 総合判定確率: 0.125 / → ヒモはやや固め。上位2艇以外を切ること', 'tenji_trigger': '展示確認: 1号艇伸び良→そのまま採用。悪→飛び組に差し替え。circle_pct上位2艇に絞り込むこと。\n展示で1号艇スタート超安定(0.122秒)→ヒモ固まり方向に注意'}",,,28,逃げ狙い,21.45,25.1,2,,,,,,,,,,,
2025-07-26,丸亀,6,4,石原凪紗,B2,34.12,4,▲,4.8707,19.1,50,10.5,0.1505,3.6842,,,0,低,62,0,-,4,0,20.8,0.5562,,,,,,0.2643,0.0571,0.0571,,,C,,,0.1972,0.537,,0.6262,A,79,0,◎-○軸 3着3〜4艇流し（10〜15点）,0.5777,"{'is_target': True, 'verdict': '点数絞り', 'max_combo_prob': 0.0852, 'est_top_odds': 15.6, 'circle_concentration': 71.2, 'eligible_count': 8, 'bet_adj': 0, 'reason': 'rel_win1=52.3%（本命度） / 最有力組み合わせ確率: 0.085（推定実オッズ?16倍） / 2着集中度: 上位2艇 71.2%（補正+0.04） / 総合判定確率: 0.125 / → ヒモはやや固め。上位2艇以外を切ること', 'tenji_trigger': '展示確認: 1号艇伸び良→そのまま採用。悪→飛び組に差し替え。circle_pct上位2艇に絞り込むこと。\n展示で1号艇スタート超安定(0.122秒)→ヒモ固まり方向に注意'}",,,28,逃げ狙い,21.45,25.1,2,,,,,,,,,,,
2025-07-26,丸亀,6,5,飯塚　響,B1,29.27,5,,4.0178,9.1,63,21.1,0.1637,3.3421,,,0,低,45,0,-,54,0,27.4,0.6817,,,,,,0,0,0,,,E,,,0.1783,0.5145,,0.6262,A,79,0,◎-○軸 3着3〜4艇流し（10〜15点）,0.5777,"{'is_target': True, 'verdict': '点数絞り', 'max_combo_prob': 0.0852, 'est_top_odds': 15.6, 'circle_concentration': 71.2, 'eligible_count': 8, 'bet_adj': 0, 'reason': 'rel_win1=52.3%（本命度） / 最有力組み合わせ確率: 0.085（推定実オッズ?16倍） / 2着集中度: 上位2艇 71.2%（補正+0.04） / 総合判定確率: 0.125 / → ヒモはやや固め。上位2艇以外を切ること', 'tenji_trigger': '展示確認: 1号艇伸び良→そのまま採用。悪→飛び組に差し替え。circle_pct上位2艇に絞り込むこと。\n展示で1号艇スタート超安定(0.122秒)→ヒモ固まり方向に注意'}",,,28,逃げ狙い,21.45,25.1,2,,,,,,,,,,,
2025-07-26,丸亀,6,6,恵良琴美,B2,38.10,6,,1.0547,0.6,20,3.9,0.1892,3.9471,,,0,低,64,0,-,66,0,34.5,0.8267,,,,,,,,,,,C,△,,0.135,0.5755,,0.6262,A,79,0,◎-○軸 3着3〜4艇流し（10〜15点）,0.5777,"{'is_target': True, 'verdict': '点数絞り', 'max_combo_prob': 0.0852, 'est_top_odds': 15.6, 'circle_concentration': 71.2, 'eligible_count': 8, 'bet_adj': 0, 'reason': 'rel_win1=52.3%（本命度） / 最有力組み合わせ確率: 0.085（推定実オッズ?16倍） / 2着集中度: 上位2艇 71.2%（補正+0.04） / 総合判定確率: 0.125 / → ヒモはやや固め。上位2艇以外を切ること', 'tenji_trigger': '展示確認: 1号艇伸び良→そのまま採用。悪→飛び組に差し替え。circle_pct上位2艇に絞り込むこと。\n展示で1号艇スタート超安定(0.122秒)→ヒモ固まり方向に注意'}",,,28,逃げ狙い,21.45,25.1,2,,,,,,,,,,,
2025-07-26,丸亀,7,1,魚谷香織,A2,29.63,1,◎,60.0294,,0,85.3,0.1635,3.5294,,,0,低,49,0,逃1%,46,0,86.4,1.1125,0.5789,,,,,0.1382,0,0.2342,○,,D,○,,,0.637,,0.396,S,82,0,◎1着固定 2-3着流し（5〜8点）,0.5777,"{'is_target': True, 'verdict': '点数絞り', 'max_combo_prob': 0.1282, 'est_top_odds': 10.4, 'circle_concentration': 86.5, 'eligible_count': 6, 'bet_adj': 0, 'reason': 'rel_win1=60.0%（本命度） / 最有力組み合わせ確率: 0.128（推定実オッズ?10倍） / 2着集中度: 上位2艇 86.5%（補正+0.04） / 総合判定確率: 0.168 / → ヒモはやや固め。上位2艇以外を切ること', 'tenji_trigger': '展示確認: 1号艇伸び良→そのまま採用。悪→飛び組に差し替え。circle_pct上位2艇に絞り込むこと。'}",,,27,逃げ狙い,12.68,29.7,2,,,,,0,0,0.6155,0,,主役軸流し,B
2025-07-26,丸亀,7,2,寺田千恵,A1,31.98,2,△,18.7787,56.4,100,81,0.1748,3.5238,,,0,低,54,0,差0%,1,0,71.2,1.3447,0,0.5,0,0,0,0.1818,0.0909,0.0909,,,D,◎,,0.3083,0.6385,,0.396,S,82,0,◎1着固定 2-3着流し（5〜8点）,0.5777,"{'is_target': True, 'verdict': '点数絞り', 'max_combo_prob': 0.1282, 'est_top_odds': 10.4, 'circle_concentration': 86.5, 'eligible_count': 6, 'bet_adj': 0, 'reason': 'rel_win1=60.0%（本命度） / 最有力組み合わせ確率: 0.128（推定実オッズ?10倍） / 2着集中度: 上位2艇 86.5%（補正+0.04） / 総合判定確率: 0.168 / → ヒモはやや固め。上位2艇以外を切ること', 'tenji_trigger': '展示確認: 1号艇伸び良→そのまま採用。悪→飛び組に差し替え。circle_pct上位2艇に絞り込むこと。'}",,,27,逃げ狙い,12.68,29.7,2,,,,,,,,,,,
2025-07-26,丸亀,7,3,大廣咲季,B1,32.84,3,○,6.8956,30.1,78,30.3,0.1361,3.0909,,,0,低,81,0,-,16,0,83.7,1.5902,0,0,0.0455,0,0,0.3333,0.3333,0,,◎,C,,,0.4037,0.543,,0.396,S,82,0,◎1着固定 2-3着流し（5〜8点）,0.5777,"{'is_target': True, 'verdict': '点数絞り', 'max_combo_prob': 0.1282, 'est_top_odds': 10.4, 'circle_concentration': 86.5, 'eligible_count': 6, 'bet_adj': 0, 'reason': 'rel_win1=60.0%（本命度） / 最有力組み合わせ確率: 0.128（推定実オッズ?10倍） / 2着集中度: 上位2艇 86.5%（補正+0.04） / 総合判定確率: 0.168 / → ヒモはやや固め。上位2艇以外を切ること', 'tenji_trigger': '展示確認: 1号艇伸び良→そのまま採用。悪→飛び組に差し替え。circle_pct上位2艇に絞り込むこと。'}",,,27,逃げ狙い,12.68,29.7,2,,,,,,,,,,,
2025-07-26,丸亀,7,4,田上　凜,B1,43.84,4,▲,8.394,4,40,17.9,0.1846,3.8718,,,0,低,114,0,ま0%,4,0,23.5,0.6879,0,0,0.1667,0,0,0,0.6667,0,,,A,,,0.2447,0.504,,0.396,S,82,0,◎1着固定 2-3着流し（5〜8点）,0.5777,"{'is_target': True, 'verdict': '点数絞り', 'max_combo_prob': 0.1282, 'est_top_odds': 10.4, 'circle_concentration': 86.5, 'eligible_count': 6, 'bet_adj': 0, 'reason': 'rel_win1=60.0%（本命度） / 最有力組み合わせ確率: 0.128（推定実オッズ?10倍） / 2着集中度: 上位2艇 86.5%（補正+0.04） / 総合判定確率: 0.168 / → ヒモはやや固め。上位2艇以外を切ること', 'tenji_trigger': '展示確認: 1号艇伸び良→そのまま採用。悪→飛び組に差し替え。circle_pct上位2艇に絞り込むこと。'}",,,27,逃げ狙い,12.68,29.7,2,,,,,,,,,,,
2025-07-26,丸亀,7,5,赤井　睦,B1,32.16,5,,4.5916,7.7,77,29.4,0.1365,2.8529,,,0,低,24,0,-,12,0,44.5,0.8931,,,,,,0.1944,0.0444,0.4333,,,D,△,,0.3942,0.596,,0.396,S,82,0,◎1着固定 2-3着流し（5〜8点）,0.5777,"{'is_target': True, 'verdict': '点数絞り', 'max_combo_prob': 0.1282, 'est_top_odds': 10.4, 'circle_concentration': 86.5, 'eligible_count': 6, 'bet_adj': 0, 'reason': 'rel_win1=60.0%（本命度） / 最有力組み合わせ確率: 0.128（推定実オッズ?10倍） / 2着集中度: 上位2艇 86.5%（補正+0.04） / 総合判定確率: 0.168 / → ヒモはやや固め。上位2艇以外を切ること', 'tenji_trigger': '展示確認: 1号艇伸び良→そのまま採用。悪→飛び組に差し替え。circle_pct上位2艇に絞り込むこと。'}",,,27,逃げ狙い,12.68,29.7,2,,,,,,,,,,,
2025-07-26,丸亀,7,6,三嶌さら,B1,41.62,6,,1.3107,1.8,11,3,0.1863,4.0152,,,0,低,82,0,-,2,0,27.6,0.6172,,,,,,0,0.25,0,,,B,△,,0.2374,0.576,,0.396,S,82,0,◎1着固定 2-3着流し（5〜8点）,0.5777,"{'is_target': True, 'verdict': '点数絞り', 'max_combo_prob': 0.1282, 'est_top_odds': 10.4, 'circle_concentration': 86.5, 'eligible_count': 6, 'bet_adj': 0, 'reason': 'rel_win1=60.0%（本命度） / 最有力組み合わせ確率: 0.128（推定実オッズ?10倍） / 2着集中度: 上位2艇 86.5%（補正+0.04） / 総合判定確率: 0.168 / → ヒモはやや固め。上位2艇以外を切ること', 'tenji_trigger': '展示確認: 1号艇伸び良→そのまま採用。悪→飛び組に差し替え。circle_pct上位2艇に絞り込むこと。'}",,,27,逃げ狙い,12.68,29.7,2,,,,,,,,,,,
2025-07-26,丸亀,8,1,川野芽唯,A1,35.27,1,◎,75.5243,,0,88.9,0.1722,3.8472,,,0,低,72,0,逃0%,15,0,76.9,1.0246,0.8333,,,,,0,0.0556,0.0556,◎,,C,○,,,0.625,,0.4992,S,83,0,◎1着固定 2-3着流し（5〜8点）,0.5777,"{'is_target': True, 'verdict': '点数絞り', 'max_combo_prob': 0.1067, 'est_top_odds': 12.5, 'circle_concentration': 74.7, 'eligible_count': 6, 'bet_adj': 0, 'reason': 'rel_win1=75.5%（本命度） / 最有力組み合わせ確率: 0.107（推定実オッズ?12倍） / 2着集中度: 上位2艇 74.7%（補正+0.04） / 総合判定確率: 0.147 / → ヒモはやや固め。上位2艇以外を切ること', 'tenji_trigger': '展示確認: 1号艇伸び良→そのまま採用。悪→飛び組に差し替え。circle_pct上位2艇に絞り込むこと。'}",,,24.1,逃げ狙い,9.05,24.5,3,,,,,0,0,0.7559,0,,逃げ軸流し,A
2025-07-26,丸亀,8,2,三嶌ここ,B1,28.00,2,,6.9895,30.9,100,37.5,0.1694,4.3125,,,0,低,114,0,-,46,0,87,1.5459,,,,,,0.0571,0.0571,0.3143,,◎,E,,,0.3555,0.553,,0.4992,S,83,0,◎1着固定 2-3着流し（5〜8点）,0.5777,"{'is_target': True, 'verdict': '点数絞り', 'max_combo_prob': 0.1067, 'est_top_odds': 12.5, 'circle_concentration': 74.7, 'eligible_count': 6, 'bet_adj': 0, 'reason': 'rel_win1=75.5%（本命度） / 最有力組み合わせ確率: 0.107（推定実オッズ?12倍） / 2着集中度: 上位2艇 74.7%（補正+0.04） / 総合判定確率: 0.147 / → ヒモはやや固め。上位2艇以外を切ること', 'tenji_trigger': '展示確認: 1号艇伸び良→そのまま採用。悪→飛び組に差し替え。circle_pct上位2艇に絞り込むこと。'}",,,24.1,逃げ狙い,9.05,24.5,3,,,,,,,,,,,
2025-07-26,丸亀,8,3,関野　文,A2,32.02,3,○,6.9581,43.8,69,67.7,0.165,2.9706,,,0,低,58,0,-,45,0,43.4,0.8642,0,0,0.0526,0,0,0.0932,0.0727,0.2409,,,C,△,,0.3202,0.6135,,0.4992,S,83,0,◎1着固定 2-3着流し（5〜8点）,0.5777,"{'is_target': True, 'verdict': '点数絞り', 'max_combo_prob': 0.1067, 'est_top_odds': 12.5, 'circle_concentration': 74.7, 'eligible_count': 6, 'bet_adj': 0, 'reason': 'rel_win1=75.5%（本命度） / 最有力組み合わせ確率: 0.107（推定実オッズ?12倍） / 2着集中度: 上位2艇 74.7%（補正+0.04） / 総合判定確率: 0.147 / → ヒモはやや固め。上位2艇以外を切ること', 'tenji_trigger': '展示確認: 1号艇伸び良→そのまま採用。悪→飛び組に差し替え。circle_pct上位2艇に絞り込むこと。'}",,,24.1,逃げ狙い,9.05,24.5,3,,,,,,,,,,,
2025-07-26,丸亀,8,4,村上奈穂,B1,28.08,4,,5.5713,14.3,81,33.3,0.1743,3.9048,,,0,低,64,0,ま0%,55,0,59.3,0.7068,0,0,0.1111,0,0,0.1818,0.3636,0.0909,,,D,△,,0.3006,0.578,,0.4992,S,83,0,◎1着固定 2-3着流し（5〜8点）,0.5777,"{'is_target': True, 'verdict': '点数絞り', 'max_combo_prob': 0.1067, 'est_top_odds': 12.5, 'circle_concentration': 74.7, 'eligible_count': 6, 'bet_adj': 0, 'reason': 'rel_win1=75.5%（本命度） / 最有力組み合わせ確率: 0.107（推定実オッズ?12倍） / 2着集中度: 上位2艇 74.7%（補正+0.04） / 総合判定確率: 0.147 / → ヒモはやや固め。上位2艇以外を切ること', 'tenji_trigger': '展示確認: 1号艇伸び良→そのまま採用。悪→飛び組に差し替え。circle_pct上位2艇に絞り込むこと。'}",,,24.1,逃げ狙い,9.05,24.5,3,,,,,,,,,,,
2025-07-26,丸亀,8,5,野田亜湖,B2,42.13,5,▲,3.8733,6.7,60,0,0.2856,5.8889,,,0,低,57,1,-,6,0,26.5,0.6812,,,,,,,,,,,A,,,0.1356,0.4055,,0.4992,S,83,0,◎1着固定 2-3着流し（5〜8点）,0.5777,"{'is_target': True, 'verdict': '点数絞り', 'max_combo_prob': 0.1067, 'est_top_odds': 12.5, 'circle_concentration': 74.7, 'eligible_count': 6, 'bet_adj': 0, 'reason': 'rel_win1=75.5%（本命度） / 最有力組み合わせ確率: 0.107（推定実オッズ?12倍） / 2着集中度: 上位2艇 74.7%（補正+0.04） / 総合判定確率: 0.147 / → ヒモはやや固め。上位2艇以外を切ること', 'tenji_trigger': '展示確認: 1号艇伸び良→そのまま採用。悪→飛び組に差し替え。circle_pct上位2艇に絞り込むこと。'}",,,24.1,逃げ狙い,9.05,24.5,3,,,,,,,,,,,
2025-07-26,丸亀,8,6,加藤奈月,B1,35.82,6,△,1.0834,4.3,69,27.8,0.2039,4.9722,,,0,低,68,0,-,4,0,39.8,1.1592,,,,,,0,0.2591,0.1455,,,B,◎,,0.2091,0.627,,0.4992,S,83,0,◎1着固定 2-3着流し（5〜8点）,0.5777,"{'is_target': True, 'verdict': '点数絞り', 'max_combo_prob': 0.1067, 'est_top_odds': 12.5, 'circle_concentration': 74.7, 'eligible_count': 6, 'bet_adj': 0, 'reason': 'rel_win1=75.5%（本命度） / 最有力組み合わせ確率: 0.107（推定実オッズ?12倍） / 2着集中度: 上位2艇 74.7%（補正+0.04） / 総合判定確率: 0.147 / → ヒモはやや固め。上位2艇以外を切ること', 'tenji_trigger': '展示確認: 1号艇伸び良→そのまま採用。悪→飛び組に差し替え。circle_pct上位2艇に絞り込むこと。'}",,,24.1,逃げ狙い,9.05,24.5,3,,,,,,,,,,,
2025-07-26,丸亀,9,1,鎌倉　涼,A1,35.15,1,◎,63.3125,,0,86.2,0.1562,2.9483,,,0,低,56,0,逃1%,32,0,77.6,1.1344,0.6667,,,,,0.1667,0.1667,0,◎,,D,△,,,0.5705,,0.6016,A,79,0,◎-○軸 3着3〜4艇流し（10〜15点）,0.5777,"{'is_target': True, 'verdict': '参加推奨', 'max_combo_prob': 0.0874, 'est_top_odds': 15.3, 'circle_concentration': 66.9, 'eligible_count': 8, 'bet_adj': 2, 'reason': 'rel_win1=63.3%（本命度） / 最有力組み合わせ確率: 0.087（推定実オッズ?15倍） / 2着集中度: 上位2艇 66.9%（補正+0.00） / 総合判定確率: 0.087 / → ヒモ分散。1号艇1着固定で広めのヒモ流し推奨（買い目+2点）', 'tenji_trigger': '展示確認: ヒモ分散レース。1号艇伸び確認後、広めのヒモ流しを採用。穴ヒモ（5・6号艇）を積極的に含める。'}",,,29.7,逃げ狙い,19.02,32.1,4,,,,,0,0,0.7559,0,,逃げ軸流し,A
2025-07-26,丸亀,9,2,門田　栞,B1,46.70,2,○,8.3311,43.5,84,44.1,0.1668,3.6765,,,0,低,76,0,-,5,0,97.9,1.9088,,,,,,0.2308,0.3077,0,,,A,,,0.2215,0.5145,,0.6016,A,79,0,◎-○軸 3着3〜4艇流し（10〜15点）,0.5777,"{'is_target': True, 'verdict': '参加推奨', 'max_combo_prob': 0.0874, 'est_top_odds': 15.3, 'circle_concentration': 66.9, 'eligible_count': 8, 'bet_adj': 2, 'reason': 'rel_win1=63.3%（本命度） / 最有力組み合わせ確率: 0.087（推定実オッズ?15倍） / 2着集中度: 上位2艇 66.9%（補正+0.00） / 総合判定確率: 0.087 / → ヒモ分散。1号艇1着固定で広めのヒモ流し推奨（買い目+2点）', 'tenji_trigger': '展示確認: ヒモ分散レース。1号艇伸び確認後、広めのヒモ流しを採用。穴ヒモ（5・6号艇）を積極的に含める。'}",,,29.7,逃げ狙い,19.02,32.1,4,,,,,,,,,,,
2025-07-26,丸亀,9,3,片岡恵里,A2,39.71,3,△,9.0325,21.4,100,46.4,0.1825,3.75,,,0,低,68,0,ま0%,41,0,32.7,0.8906,0,0,0.1429,0,0,0,0.1429,0.1429,,,C,◎,,0.1771,0.62,,0.6016,A,79,0,◎-○軸 3着3〜4艇流し（10〜15点）,0.5777,"{'is_target': True, 'verdict': '参加推奨', 'max_combo_prob': 0.0874, 'est_top_odds': 15.3, 'circle_concentration': 66.9, 'eligible_count': 8, 'bet_adj': 2, 'reason': 'rel_win1=63.3%（本命度） / 最有力組み合わせ確率: 0.087（推定実オッズ?15倍） / 2着集中度: 上位2艇 66.9%（補正+0.00） / 総合判定確率: 0.087 / → ヒモ分散。1号艇1着固定で広めのヒモ流し推奨（買い目+2点）', 'tenji_trigger': '展示確認: ヒモ分散レース。1号艇伸び確認後、広めのヒモ流しを採用。穴ヒモ（5・6号艇）を積極的に含める。'}",,,29.7,逃げ狙い,19.02,32.1,4,,,,,,,,,,,
2025-07-26,丸亀,9,4,松本　怜,B1,39.80,4,▲,8.6468,23.4,86,45.5,0.1841,4.0909,,,0,低,54,0,-,6,0,58.4,0.493,,,,,,0,0.5,0.25,,,B,○,,0.2017,0.572,,0.6016,A,79,0,◎-○軸 3着3〜4艇流し（10〜15点）,0.5777,"{'is_target': True, 'verdict': '参加推奨', 'max_combo_prob': 0.0874, 'est_top_odds': 15.3, 'circle_concentration': 66.9, 'eligible_count': 8, 'bet_adj': 2, 'reason': 'rel_win1=63.3%（本命度） / 最有力組み合わせ確率: 0.087（推定実オッズ?15倍） / 2着集中度: 上位2艇 66.9%（補正+0.00） / 総合判定確率: 0.087 / → ヒモ分散。1号艇1着固定で広めのヒモ流し推奨（買い目+2点）', 'tenji_trigger': '展示確認: ヒモ分散レース。1号艇伸び確認後、広めのヒモ流しを採用。穴ヒモ（5・6号艇）を積極的に含める。'}",,,29.7,逃げ狙い,19.02,32.1,4,,,,,,,,,,,
2025-07-26,丸亀,9,5,植竹玲奈,B2,38.76,5,,3.486,6.7,72,10.5,0.2232,4.0526,,,0,低,67,0,-,3,0,25.1,0.6714,,,,,,,,,,,C,,,0.135,0.5055,,0.6016,A,79,0,◎-○軸 3着3〜4艇流し（10〜15点）,0.5777,"{'is_target': True, 'verdict': '参加推奨', 'max_combo_prob': 0.0874, 'est_top_odds': 15.3, 'circle_concentration': 66.9, 'eligible_count': 8, 'bet_adj': 2, 'reason': 'rel_win1=63.3%（本命度） / 最有力組み合わせ確率: 0.087（推定実オッズ?15倍） / 2着集中度: 上位2艇 66.9%（補正+0.00） / 総合判定確率: 0.087 / → ヒモ分散。1号艇1着固定で広めのヒモ流し推奨（買い目+2点）', 'tenji_trigger': '展示確認: ヒモ分散レース。1号艇伸び確認後、広めのヒモ流しを採用。穴ヒモ（5・6号艇）を積極的に含める。'}",,,29.7,逃げ狙い,19.02,32.1,4,,,,,,,,,,,
2025-07-26,丸亀,9,6,深尾巴恵,B1,31.68,6,,7.1911,5,57,33.3,0.1683,3.4,,,0,低,70,0,-,2,0,25.1,1.2528,0,0,0.125,0,0,0.25,0,0.5,,,E,△,,0.2715,0.5515,,0.6016,A,79,0,◎-○軸 3着3〜4艇流し（10〜15点）,0.5777,"{'is_target': True, 'verdict': '参加推奨', 'max_combo_prob': 0.0874, 'est_top_odds': 15.3, 'circle_concentration': 66.9, 'eligible_count': 8, 'bet_adj': 2, 'reason': 'rel_win1=63.3%（本命度） / 最有力組み合わせ確率: 0.087（推定実オッズ?15倍） / 2着集中度: 上位2艇 66.9%（補正+0.00） / 総合判定確率: 0.087 / → ヒモ分散。1号艇1着固定で広めのヒモ流し推奨（買い目+2点）', 'tenji_trigger': '展示確認: ヒモ分散レース。1号艇伸び確認後、広めのヒモ流しを採用。穴ヒモ（5・6号艇）を積極的に含める。'}",,,29.7,逃げ狙い,19.02,32.1,4,,,,,,,,,,,
2025-07-26,丸亀,10,1,清水愛海,A1,37.88,1,◎,67.888,,0,89.3,0.1714,3.4107,,,0,低,73,0,逃1%,14,0,88.8,1.1841,0.7273,,,,,0.0909,0.1818,0,◎,,C,◎,,,0.634,,0.5099,S,80,0,◎1着固定 2-3着流し（5〜8点）,0.5777,"{'is_target': True, 'verdict': '点数絞り', 'max_combo_prob': 0.1163, 'est_top_odds': 11.5, 'circle_concentration': 71.8, 'eligible_count': 6, 'bet_adj': 0, 'reason': 'rel_win1=67.9%（本命度） / 最有力組み合わせ確率: 0.116（推定実オッズ?12倍） / 2着集中度: 上位2艇 71.8%（補正+0.04） / 総合判定確率: 0.156 / → ヒモはやや固め。上位2艇以外を切ること', 'tenji_trigger': '展示確認: 1号艇伸び良→そのまま採用。悪→飛び組に差し替え。circle_pct上位2艇に絞り込むこと。'}",,,26.7,逃げ狙い,12.29,29.4,2,,,,,0,0,0.7559,0,,逃げ軸流し,A
2025-07-26,丸亀,10,2,中尾彩香,B1,40.82,2,○,9.8166,44.9,94,46.4,0.1686,3.4643,,,0,低,58,0,-,5,0,73.6,1.3783,0,0,0.0769,0,0,0.1667,0.1667,0,,△,B,,,0.3382,0.529,,0.5099,S,80,0,◎1着固定 2-3着流し（5〜8点）,0.5777,"{'is_target': True, 'verdict': '点数絞り', 'max_combo_prob': 0.1163, 'est_top_odds': 11.5, 'circle_concentration': 71.8, 'eligible_count': 6, 'bet_adj': 0, 'reason': 'rel_win1=67.9%（本命度） / 最有力組み合わせ確率: 0.116（推定実オッズ?12倍） / 2着集中度: 上位2艇 71.8%（補正+0.04） / 総合判定確率: 0.156 / → ヒモはやや固め。上位2艇以外を切ること', 'tenji_trigger': '展示確認: 1号艇伸び良→そのまま採用。悪→飛び組に差し替え。circle_pct上位2艇に絞り込むこと。'}",,,26.7,逃げ狙い,12.29,29.4,2,,,,,,,,,,,
2025-07-26,丸亀,10,3,廣中智紗,A2,34.63,3,,9.6682,26.9,100,59.1,0.1959,4.1136,,,0,低,82,0,ま0%,2,0,41.5,1.0708,0,0,0.0833,0,0,0.0421,0.1632,0.2632,,,D,○,,0.1729,0.5755,,0.5099,S,80,0,◎1着固定 2-3着流し（5〜8点）,0.5777,"{'is_target': True, 'verdict': '点数絞り', 'max_combo_prob': 0.1163, 'est_top_odds': 11.5, 'circle_concentration': 71.8, 'eligible_count': 6, 'bet_adj': 0, 'reason': 'rel_win1=67.9%（本命度） / 最有力組み合わせ確率: 0.116（推定実オッズ?12倍） / 2着集中度: 上位2艇 71.8%（補正+0.04） / 総合判定確率: 0.156 / → ヒモはやや固め。上位2艇以外を切ること', 'tenji_trigger': '展示確認: 1号艇伸び良→そのまま採用。悪→飛び組に差し替え。circle_pct上位2艇に絞り込むこと。'}",,,26.7,逃げ狙い,12.29,29.4,2,,,,,,,,,,,
2025-07-26,丸亀,10,4,谷口佳蓮,B1,39.42,4,▲,7.1948,15.7,60,10,0.1585,3.1,,,0,低,45,0,-,3,0,30.6,0.6543,0,0,0,0.0769,0,0.1091,0,0.2727,,,C,△,,0.3423,0.5715,,0.5099,S,80,0,◎1着固定 2-3着流し（5〜8点）,0.5777,"{'is_target': True, 'verdict': '点数絞り', 'max_combo_prob': 0.1163, 'est_top_odds': 11.5, 'circle_concentration': 71.8, 'eligible_count': 6, 'bet_adj': 0, 'reason': 'rel_win1=67.9%（本命度） / 最有力組み合わせ確率: 0.116（推定実オッズ?12倍） / 2着集中度: 上位2艇 71.8%（補正+0.04） / 総合判定確率: 0.156 / → ヒモはやや固め。上位2艇以外を切ること', 'tenji_trigger': '展示確認: 1号艇伸び良→そのまま採用。悪→飛び組に差し替え。circle_pct上位2艇に絞り込むこと。'}",,,26.7,逃げ狙い,12.29,29.4,2,,,,,,,,,,,
2025-07-26,丸亀,10,5,森　陽多,B1,34.50,5,,4.3371,10.8,61,23.1,0.1488,3.4423,,,0,低,64,0,差ま0%,66,0,37.7,0.7402,0,0,0,0.0769,0,0,0.4,0.2,,,D,,,0.3636,0.472,,0.5099,S,80,0,◎1着固定 2-3着流し（5〜8点）,0.5777,"{'is_target': True, 'verdict': '点数絞り', 'max_combo_prob': 0.1163, 'est_top_odds': 11.5, 'circle_concentration': 71.8, 'eligible_count': 6, 'bet_adj': 0, 'reason': 'rel_win1=67.9%（本命度） / 最有力組み合わせ確率: 0.116（推定実オッズ?12倍） / 2着集中度: 上位2艇 71.8%（補正+0.04） / 総合判定確率: 0.156 / → ヒモはやや固め。上位2艇以外を切ること', 'tenji_trigger': '展示確認: 1号艇伸び良→そのまま採用。悪→飛び組に差し替え。circle_pct上位2艇に絞り込むこと。'}",,,26.7,逃げ狙い,12.29,29.4,2,,,,,,,,,,,
2025-07-26,丸亀,10,6,前原　哉,B1,40.80,6,△,1.0952,1.7,41,6.9,0.2414,4.7759,,,0,低,107,0,-,5,0,24.2,0.8289,,,,,,0,0.4286,0.1429,,,B,△,,0.1376,0.5705,,0.5099,S,80,0,◎1着固定 2-3着流し（5〜8点）,0.5777,"{'is_target': True, 'verdict': '点数絞り', 'max_combo_prob': 0.1163, 'est_top_odds': 11.5, 'circle_concentration': 71.8, 'eligible_count': 6, 'bet_adj': 0, 'reason': 'rel_win1=67.9%（本命度） / 最有力組み合わせ確率: 0.116（推定実オッズ?12倍） / 2着集中度: 上位2艇 71.8%（補正+0.04） / 総合判定確率: 0.156 / → ヒモはやや固め。上位2艇以外を切ること', 'tenji_trigger': '展示確認: 1号艇伸び良→そのまま採用。悪→飛び組に差し替え。circle_pct上位2艇に絞り込むこと。'}",,,26.7,逃げ狙い,12.29,29.4,2,,,,,,,,,,,
2025-07-26,丸亀,11,1,大瀧明日,A1,31.19,1,◎,51.9266,,0,79.5,0.1521,3.0128,,,0,低,56,0,逃0%,13,0,83.3,1.0213,0.375,,,,,0.05,0.3333,0.1167,○,,D,,,,0.6145,,0.4384,A,65,0,◎-○軸 3着3〜4艇流し（10〜15点）,0.5777,"{'is_target': True, 'verdict': '参加推奨', 'max_combo_prob': 0.0715, 'est_top_odds': 18.6, 'circle_concentration': 71.1, 'eligible_count': 8, 'bet_adj': 2, 'reason': 'rel_win1=51.9%（本命度） / 最有力組み合わせ確率: 0.072（推定実オッズ?19倍） / 2着集中度: 上位2艇 71.1%（補正+0.04） / 総合判定確率: 0.112 / → ヒモ分散。1号艇1着固定で広めのヒモ流し推奨（買い目+2点）', 'tenji_trigger': '展示確認: ヒモ分散レース。1号艇伸び確認後、広めのヒモ流しを採用。穴ヒモ（5・6号艇）を積極的に含める。'}",,,30.5,逃げ狙い,21.25,32.4,2,,,,,0,0,0.6155,0,,主役軸流し,B
2025-07-26,丸亀,11,2,平山智加,A1,40.80,2,○,21.7576,42.6,57,65,0.1745,3.6,,,0,低,46,0,-,21,0,42,1.0217,0,0.25,0,0,0,0,0.1818,0.1818,,,B,◎,,0.1429,0.651,,0.4384,A,65,0,◎-○軸 3着3〜4艇流し（10〜15点）,0.5777,"{'is_target': True, 'verdict': '参加推奨', 'max_combo_prob': 0.0715, 'est_top_odds': 18.6, 'circle_concentration': 71.1, 'eligible_count': 8, 'bet_adj': 2, 'reason': 'rel_win1=51.9%（本命度） / 最有力組み合わせ確率: 0.072（推定実オッズ?19倍） / 2着集中度: 上位2艇 71.1%（補正+0.04） / 総合判定確率: 0.112 / → ヒモ分散。1号艇1着固定で広めのヒモ流し推奨（買い目+2点）', 'tenji_trigger': '展示確認: ヒモ分散レース。1号艇伸び確認後、広めのヒモ流しを採用。穴ヒモ（5・6号艇）を積極的に含める。'}",,,30.5,逃げ狙い,21.25,32.4,2,,,,,,,,,,,
2025-07-26,丸亀,11,3,北村寧々,B1,30.39,3,,6.7834,28.6,100,51.5,0.1352,2.4848,,,0,低,40,0,ま0%,5,0,26.8,0.8742,0,0,0.1667,0,0,0,0.3333,0,,◎,E,○,,0.4272,0.6365,,0.4384,A,65,0,◎-○軸 3着3〜4艇流し（10〜15点）,0.5777,"{'is_target': True, 'verdict': '参加推奨', 'max_combo_prob': 0.0715, 'est_top_odds': 18.6, 'circle_concentration': 71.1, 'eligible_count': 8, 'bet_adj': 2, 'reason': 'rel_win1=51.9%（本命度） / 最有力組み合わせ確率: 0.072（推定実オッズ?19倍） / 2着集中度: 上位2艇 71.1%（補正+0.04） / 総合判定確率: 0.112 / → ヒモ分散。1号艇1着固定で広めのヒモ流し推奨（買い目+2点）', 'tenji_trigger': '展示確認: ヒモ分散レース。1号艇伸び確認後、広めのヒモ流しを採用。穴ヒモ（5・6号艇）を積極的に含める。'}",,,30.5,逃げ狙い,21.25,32.4,2,,,,,,,,,,,
2025-07-26,丸亀,11,4,中川りな,A2,38.81,4,△,10.2391,19.1,92,55.6,0.1511,2.8056,,,0,低,61,0,ま0%,2,0,65.5,1.1843,0,0,0.1111,0,0,0,0.1429,0.0714,,,C,△,,0.3588,0.6205,,0.4384,A,65,0,◎-○軸 3着3〜4艇流し（10〜15点）,0.5777,"{'is_target': True, 'verdict': '参加推奨', 'max_combo_prob': 0.0715, 'est_top_odds': 18.6, 'circle_concentration': 71.1, 'eligible_count': 8, 'bet_adj': 2, 'reason': 'rel_win1=51.9%（本命度） / 最有力組み合わせ確率: 0.072（推定実オッズ?19倍） / 2着集中度: 上位2艇 71.1%（補正+0.04） / 総合判定確率: 0.112 / → ヒモ分散。1号艇1着固定で広めのヒモ流し推奨（買い目+2点）', 'tenji_trigger': '展示確認: ヒモ分散レース。1号艇伸び確認後、広めのヒモ流しを採用。穴ヒモ（5・6号艇）を積極的に含める。'}",,,30.5,逃げ狙い,21.25,32.4,2,,,,,,,,,,,
2025-07-26,丸亀,11,5,井上遥妃,B1,39.52,5,▲,6.6749,7.5,61,42.3,0.1419,2.5385,,,0,低,34,0,差ま0%,3,0,71,1.2286,0,0,0,0.2857,0,0,0.1944,0.2389,,○,B,△,,0.4244,0.634,,0.4384,A,65,0,◎-○軸 3着3〜4艇流し（10〜15点）,0.5777,"{'is_target': True, 'verdict': '参加推奨', 'max_combo_prob': 0.0715, 'est_top_odds': 18.6, 'circle_concentration': 71.1, 'eligible_count': 8, 'bet_adj': 2, 'reason': 'rel_win1=51.9%（本命度） / 最有力組み合わせ確率: 0.072（推定実オッズ?19倍） / 2着集中度: 上位2艇 71.1%（補正+0.04） / 総合判定確率: 0.112 / → ヒモ分散。1号艇1着固定で広めのヒモ流し推奨（買い目+2点）', 'tenji_trigger': '展示確認: ヒモ分散レース。1号艇伸び確認後、広めのヒモ流しを採用。穴ヒモ（5・6号艇）を積極的に含める。'}",,,30.5,逃げ狙い,21.25,32.4,2,,,,,,,,,,,
2025-07-26,丸亀,11,6,中村桃佳,B1,36.08,6,,2.6184,2.3,56,26.1,0.1491,3.5435,,,0,低,41,0,-,6,0,29.6,0.8306,0,0,0,0.0667,0,0.0471,0.0706,0.2706,,,C,△,,0.3429,0.6205,,0.4384,A,65,0,◎-○軸 3着3〜4艇流し（10〜15点）,0.5777,"{'is_target': True, 'verdict': '参加推奨', 'max_combo_prob': 0.0715, 'est_top_odds': 18.6, 'circle_concentration': 71.1, 'eligible_count': 8, 'bet_adj': 2, 'reason': 'rel_win1=51.9%（本命度） / 最有力組み合わせ確率: 0.072（推定実オッズ?19倍） / 2着集中度: 上位2艇 71.1%（補正+0.04） / 総合判定確率: 0.112 / → ヒモ分散。1号艇1着固定で広めのヒモ流し推奨（買い目+2点）', 'tenji_trigger': '展示確認: ヒモ分散レース。1号艇伸び確認後、広めのヒモ流しを採用。穴ヒモ（5・6号艇）を積極的に含める。'}",,,30.5,逃げ狙い,21.25,32.4,2,,,,,,,,,,,
2025-07-26,丸亀,12,1,松尾夏海,A1,31.88,1,◎,64.5328,,0,88.2,0.1676,3.0441,,,0,低,45,0,逃1%,51,0,85.7,1.1599,1,,,,,,,,◎,,C,◎,,,0.684,,0.5431,S,100,0,◎1着固定 2-3着流し（5〜8点）,0.5777,"{'is_target': True, 'verdict': '点数絞り', 'max_combo_prob': 0.0958, 'est_top_odds': 13.9, 'circle_concentration': 75.9, 'eligible_count': 6, 'bet_adj': 0, 'reason': 'rel_win1=64.5%（本命度） / 最有力組み合わせ確率: 0.096（推定実オッズ?14倍） / 2着集中度: 上位2艇 75.9%（補正+0.04） / 総合判定確率: 0.136 / → ヒモはやや固め。上位2艇以外を切ること', 'tenji_trigger': '展示確認: 1号艇伸び良→そのまま採用。悪→飛び組に差し替え。circle_pct上位2艇に絞り込むこと。'}",,,26.5,逃げ狙い,20.2,21.9,3,,,,,0,0,0.7559,0,,逃げ軸流し,A
2025-07-26,丸亀,12,2,細川裕子,A1,31.71,2,,5.0091,43.5,74,61.5,0.1865,4.4615,,,0,低,59,0,-,23,0,75.4,0.9902,,,,,,0,0,0.0833,,,C,△,,0.1385,0.6235,,0.5431,S,100,0,◎1着固定 2-3着流し（5〜8点）,0.5777,"{'is_target': True, 'verdict': '点数絞り', 'max_combo_prob': 0.0958, 'est_top_odds': 13.9, 'circle_concentration': 75.9, 'eligible_count': 6, 'bet_adj': 0, 'reason': 'rel_win1=64.5%（本命度） / 最有力組み合わせ確率: 0.096（推定実オッズ?14倍） / 2着集中度: 上位2艇 75.9%（補正+0.04） / 総合判定確率: 0.136 / → ヒモはやや固め。上位2艇以外を切ること', 'tenji_trigger': '展示確認: 1号艇伸び良→そのまま採用。悪→飛び組に差し替え。circle_pct上位2艇に絞り込むこと。'}",,,26.5,逃げ狙い,20.2,21.9,3,,,,,,,,,,,
2025-07-26,丸亀,12,3,寺田千恵,A1,31.98,3,○,14.9971,32.4,100,83.9,0.1626,3.1613,,,0,低,54,0,ま0%,1,0,77,1.5662,0,0,0.3,0,0,0.1818,0.0909,0.0909,,◎,C,○,,0.376,0.6385,,0.5431,S,100,0,◎1着固定 2-3着流し（5〜8点）,0.5777,"{'is_target': True, 'verdict': '点数絞り', 'max_combo_prob': 0.0958, 'est_top_odds': 13.9, 'circle_concentration': 75.9, 'eligible_count': 6, 'bet_adj': 0, 'reason': 'rel_win1=64.5%（本命度） / 最有力組み合わせ確率: 0.096（推定実オッズ?14倍） / 2着集中度: 上位2艇 75.9%（補正+0.04） / 総合判定確率: 0.136 / → ヒモはやや固め。上位2艇以外を切ること', 'tenji_trigger': '展示確認: 1号艇伸び良→そのまま採用。悪→飛び組に差し替え。circle_pct上位2艇に絞り込むこと。'}",,,26.5,逃げ狙い,20.2,21.9,3,,,,,,,,,,,
2025-07-26,丸亀,12,4,小野生奈,A1,31.16,4,△,6.441,12.5,70,30,0.159,3.225,,,0,低,35,0,-,11,0,25.1,0.7119,,,,,,0.0714,0,0.1429,,,D,△,,0.3383,0.625,,0.5431,S,100,0,◎1着固定 2-3着流し（5〜8点）,0.5777,"{'is_target': True, 'verdict': '点数絞り', 'max_combo_prob': 0.0958, 'est_top_odds': 13.9, 'circle_concentration': 75.9, 'eligible_count': 6, 'bet_adj': 0, 'reason': 'rel_win1=64.5%（本命度） / 最有力組み合わせ確率: 0.096（推定実オッズ?14倍） / 2着集中度: 上位2艇 75.9%（補正+0.04） / 総合判定確率: 0.136 / → ヒモはやや固め。上位2艇以外を切ること', 'tenji_trigger': '展示確認: 1号艇伸び良→そのまま採用。悪→飛び組に差し替え。circle_pct上位2艇に絞り込むこと。'}",,,26.5,逃げ狙い,20.2,21.9,3,,,,,,,,,,,
2025-07-26,丸亀,12,5,高憧四季,A1,30.65,5,,8.0198,8.4,69,53.3,0.1533,2.6333,,,0,低,59,0,ま0% 差ま0%,1,0,89.5,1.5914,0,0,0.1111,0.1111,0,0,0.0769,0.0769,,,D,,,0.3577,0.62,,0.5431,S,100,0,◎1着固定 2-3着流し（5〜8点）,0.5777,"{'is_target': True, 'verdict': '点数絞り', 'max_combo_prob': 0.0958, 'est_top_odds': 13.9, 'circle_concentration': 75.9, 'eligible_count': 6, 'bet_adj': 0, 'reason': 'rel_win1=64.5%（本命度） / 最有力組み合わせ確率: 0.096（推定実オッズ?14倍） / 2着集中度: 上位2艇 75.9%（補正+0.04） / 総合判定確率: 0.136 / → ヒモはやや固め。上位2艇以外を切ること', 'tenji_trigger': '展示確認: 1号艇伸び良→そのまま採用。悪→飛び組に差し替え。circle_pct上位2艇に絞り込むこと。'}",,,26.5,逃げ狙い,20.2,21.9,3,,,,,,,,,,,
2025-07-26,丸亀,12,6,山田理央,A2,34.00,6,▲,1.0003,3.2,54,39.4,0.17,4.0606,,,0,低,62,0,-,2,0,36.1,1.5008,,,,,,0.0444,0.1444,0.0222,,,B,,,0.3021,0.6,,0.5431,S,100,0,◎1着固定 2-3着流し（5〜8点）,0.5777,"{'is_target': True, 'verdict': '点数絞り', 'max_combo_prob': 0.0958, 'est_top_odds': 13.9, 'circle_concentration': 75.9, 'eligible_count': 6, 'bet_adj': 0, 'reason': 'rel_win1=64.5%（本命度） / 最有力組み合わせ確率: 0.096（推定実オッズ?14倍） / 2着集中度: 上位2艇 75.9%（補正+0.04） / 総合判定確率: 0.136 / → ヒモはやや固め。上位2艇以外を切ること', 'tenji_trigger': '展示確認: 1号艇伸び良→そのまま採用。悪→飛び組に差し替え。circle_pct上位2艇に絞り込むこと。'}",,,26.5,逃げ狙い,20.2,21.9,3,,,,,,,,,,,
2025-07-27,丸亀,1,1,大廣咲季,B1,32.84,1,◎,63.3621,,0,25,0.1888,3.5625,,,0,低,81,1,逃0%,163,0,56.9,0.596,0.3333,,,,,0.3333,0.3333,0,△⚠️,,B,△,,,0.543,,0.2808,D,16,1,大荒れ。見送り推奨,0.5777,"{'is_target': True, 'verdict': '点数絞り', 'max_combo_prob': 0.1117, 'est_top_odds': 11.9, 'circle_concentration': 76.5, 'eligible_count': 6, 'bet_adj': 0, 'reason': 'rel_win1=63.4%（本命度） / 最有力組み合わせ確率: 0.112（推定実オッズ?12倍） / 2着集中度: 上位2艇 76.5%（補正+0.04） / 総合判定確率: 0.152 / → ヒモはやや固め。上位2艇以外を切ること', 'tenji_trigger': '展示確認: 1号艇伸び良→そのまま採用。悪→飛び組に差し替え。circle_pct上位2艇に絞り込むこと。\n展示で1号艇スタート遅め(0.189秒)確認→ヒモが荒れやすい'}",,,25.9,両建て推奨,10.49,42.8,2,3-4-6|3-5-4|3-5-6|3-4-5|3-4-2|3-6-4|3-5-2|1-2-6|1-2-3|1-3-2|1-3-6,3-4-6|3-5-4|3-5-6|3-4-5|3-4-2|3-6-4|3-5-2|6-1-2|1-2-6|1-2-3|1-3-2|1-3-6,3-4-6:0.92%|3-5-4:0.83%|3-5-6:0.78%|3-4-5:0.77%|3-4-2:0.39%|3-6-4:0.35%|3-5-2:0.33%|1-2-6:5.19%|1-2-3:4.85%|1-3-2:3.59%|1-3-6:3.43%,3-4-6:B_main|3-5-4:B_main|3-5-6:B_main|3-4-5:B_main|3-4-2:B_main|3-6-4:B_main|3-5-2:B_main|1-2-6:A|1-2-3:A|1-3-2:A|1-3-6:A,11,12,0.4535,1,[!]見送り推奨（主役決まり手「まくり」― 逃げ劣勢レースで的中実績なし）,主役軸流し,B
2025-07-27,丸亀,1,2,樫葉新心,B1,29.76,2,△,9.8314,48.5,91,27.8,0.1983,4.0278,,,0,低,136,0,-,551,0,64.9,0.5379,,,,,,0.1864,0.3318,0.2591,,,C,○,,0.2325,0.5565,,0.2808,D,16,1,大荒れ。見送り推奨,0.5777,"{'is_target': True, 'verdict': '点数絞り', 'max_combo_prob': 0.1117, 'est_top_odds': 11.9, 'circle_concentration': 76.5, 'eligible_count': 6, 'bet_adj': 0, 'reason': 'rel_win1=63.4%（本命度） / 最有力組み合わせ確率: 0.112（推定実オッズ?12倍） / 2着集中度: 上位2艇 76.5%（補正+0.04） / 総合判定確率: 0.152 / → ヒモはやや固め。上位2艇以外を切ること', 'tenji_trigger': '展示確認: 1号艇伸び良→そのまま採用。悪→飛び組に差し替え。circle_pct上位2艇に絞り込むこと。\n展示で1号艇スタート遅め(0.189秒)確認→ヒモが荒れやすい'}",,,25.9,両建て推奨,10.49,42.8,2,,,,,,,,,,,
2025-07-27,丸亀,1,3,飯塚　響,B1,29.27,3,,12.7306,28,100,33.3,0.2108,4.0833,,,0,低,45,1,ま0%,545,0,41,0.8215,0,0,0.1667,0,0,0,0,0,,,D,,,0.205,0.5145,,0.2808,D,16,1,大荒れ。見送り推奨,0.5777,"{'is_target': True, 'verdict': '点数絞り', 'max_combo_prob': 0.1117, 'est_top_odds': 11.9, 'circle_concentration': 76.5, 'eligible_count': 6, 'bet_adj': 0, 'reason': 'rel_win1=63.4%（本命度） / 最有力組み合わせ確率: 0.112（推定実オッズ?12倍） / 2着集中度: 上位2艇 76.5%（補正+0.04） / 総合判定確率: 0.152 / → ヒモはやや固め。上位2艇以外を切ること', 'tenji_trigger': '展示確認: 1号艇伸び良→そのまま採用。悪→飛び組に差し替え。circle_pct上位2艇に絞り込むこと。\n展示で1号艇スタート遅め(0.189秒)確認→ヒモが荒れやすい'}",,,25.9,両建て推奨,10.49,42.8,2,,,,,,,,,,,
2025-07-27,丸亀,1,4,三嶌ここ,B1,28.00,4,,5.5143,13.8,59,10,0.224,4.8,,,0,低,114,0,-,464,0,13.3,0.5585,,,,,,0.0571,0.0571,0.3143,,,D,△,,0.1725,0.553,,0.2808,D,16,1,大荒れ。見送り推奨,0.5777,"{'is_target': True, 'verdict': '点数絞り', 'max_combo_prob': 0.1117, 'est_top_odds': 11.9, 'circle_concentration': 76.5, 'eligible_count': 6, 'bet_adj': 0, 'reason': 'rel_win1=63.4%（本命度） / 最有力組み合わせ確率: 0.112（推定実オッズ?12倍） / 2着集中度: 上位2艇 76.5%（補正+0.04） / 総合判定確率: 0.152 / → ヒモはやや固め。上位2艇以外を切ること', 'tenji_trigger': '展示確認: 1号艇伸び良→そのまま採用。悪→飛び組に差し替え。circle_pct上位2艇に絞り込むこと。\n展示で1号艇スタート遅め(0.189秒)確認→ヒモが荒れやすい'}",,,25.9,両建て推奨,10.49,42.8,2,,,,,,,,,,,
2025-07-27,丸亀,1,5,恵良琴美,B2,38.10,5,○,6.3906,7.3,68,8.3,0.185,3.6667,,,0,低,64,1,-,666,0,21.9,0.7198,,,,,,,,,,,B,◎,,0.3221,0.5755,,0.2808,D,16,1,大荒れ。見送り推奨,0.5777,"{'is_target': True, 'verdict': '点数絞り', 'max_combo_prob': 0.1117, 'est_top_odds': 11.9, 'circle_concentration': 76.5, 'eligible_count': 6, 'bet_adj': 0, 'reason': 'rel_win1=63.4%（本命度） / 最有力組み合わせ確率: 0.112（推定実オッズ?12倍） / 2着集中度: 上位2艇 76.5%（補正+0.04） / 総合判定確率: 0.152 / → ヒモはやや固め。上位2艇以外を切ること', 'tenji_trigger': '展示確認: 1号艇伸び良→そのまま採用。悪→飛び組に差し替え。circle_pct上位2艇に絞り込むこと。\n展示で1号艇スタート遅め(0.189秒)確認→ヒモが荒れやすい'}",,,25.9,両建て推奨,10.49,42.8,2,,,,,,,,,,,
2025-07-27,丸亀,1,6,濱崎寿里,B2,30.57,6,▲,2.1709,2.4,48,0,0.182,4.1,,,0,低,23,1,-,233,0,66,0.7622,,,,,,0.6667,0,0,,,C,,,0.3316,0.533,,0.2808,D,16,1,大荒れ。見送り推奨,0.5777,"{'is_target': True, 'verdict': '点数絞り', 'max_combo_prob': 0.1117, 'est_top_odds': 11.9, 'circle_concentration': 76.5, 'eligible_count': 6, 'bet_adj': 0, 'reason': 'rel_win1=63.4%（本命度） / 最有力組み合わせ確率: 0.112（推定実オッズ?12倍） / 2着集中度: 上位2艇 76.5%（補正+0.04） / 総合判定確率: 0.152 / → ヒモはやや固め。上位2艇以外を切ること', 'tenji_trigger': '展示確認: 1号艇伸び良→そのまま採用。悪→飛び組に差し替え。circle_pct上位2艇に絞り込むこと。\n展示で1号艇スタート遅め(0.189秒)確認→ヒモが荒れやすい'}",,,25.9,両建て推奨,10.49,42.8,2,,,,,,,,,,,
2025-07-27,丸亀,2,1,村上奈穂,B1,28.08,1,◎,56.5831,,0,73.3,0.1853,3.6667,,,0,低,64,0,逃0%,553,0,72.3,0.9753,0.3636,,,,,0.1818,0.3636,0.0909,△⚠️,,E,○,,,0.578,,0.242,A,70,0,◎-○軸 3着3〜4艇流し（10〜15点）,0.5777,"{'is_target': True, 'verdict': '参加推奨', 'max_combo_prob': 0.0848, 'est_top_odds': 15.7, 'circle_concentration': 69.8, 'eligible_count': 8, 'bet_adj': 2, 'reason': 'rel_win1=56.6%（本命度） / 最有力組み合わせ確率: 0.085（推定実オッズ?16倍） / 2着集中度: 上位2艇 69.8%（補正+0.00） / 総合判定確率: 0.085 / → ヒモ分散。1号艇1着固定で広めのヒモ流し推奨（買い目+2点）', 'tenji_trigger': '展示確認: ヒモ分散レース。1号艇伸び確認後、広めのヒモ流しを採用。穴ヒモ（5・6号艇）を積極的に含める。\n展示で1号艇スタート遅め(0.185秒)確認→ヒモが荒れやすい'}",,,31.2,逃げ狙い,14.67,40,3,3-1-4|3-4-1|3-1-5|3-1-2|3-5-1|3-4-5|3-5-4|1-3-4|1-2-3|1-3-2|1-2-4|1-4-3,3-1-4|3-4-1|3-1-5|3-1-2|3-5-1|3-4-5|3-5-4|1-3-4|1-2-3|1-3-2|1-2-4|1-4-3,3-1-4:3.31%|3-4-1:1.23%|3-1-5:1.14%|3-1-2:0.47%|3-5-1:0.26%|3-4-5:0.2%|3-5-4:0.12%|1-3-4:5.96%|1-2-3:5.35%|1-3-2:5.34%|1-2-4:4.46%|1-4-3:4.13%,3-1-4:B_main|3-4-1:B_main|3-1-5:B_main|3-1-2:B_main|3-5-1:B_main|3-4-5:B_main|3-5-4:B_main|1-3-4:A|1-2-3:A|1-3-2:A|1-2-4:A|1-4-3:A,12,12,0.4535,1,[!]見送り推奨（主役決まり手「まくり差し」― 逃げ劣勢レースで的中実績なし）,主役軸流し,B
2025-07-27,丸亀,2,2,小林愛実,B1,48.72,2,○,12.164,29.7,84,32.5,0.1905,4.075,,,0,低,95,0,差0%,342,0,41.5,0.5933,0,0.0667,0,0,0,0.3333,0.3333,0,,,A,△,,0.262,0.5715,,0.242,A,70,0,◎-○軸 3着3〜4艇流し（10〜15点）,0.5777,"{'is_target': True, 'verdict': '参加推奨', 'max_combo_prob': 0.0848, 'est_top_odds': 15.7, 'circle_concentration': 69.8, 'eligible_count': 8, 'bet_adj': 2, 'reason': 'rel_win1=56.6%（本命度） / 最有力組み合わせ確率: 0.085（推定実オッズ?16倍） / 2着集中度: 上位2艇 69.8%（補正+0.00） / 総合判定確率: 0.085 / → ヒモ分散。1号艇1着固定で広めのヒモ流し推奨（買い目+2点）', 'tenji_trigger': '展示確認: ヒモ分散レース。1号艇伸び確認後、広めのヒモ流しを採用。穴ヒモ（5・6号艇）を積極的に含める。\n展示で1号艇スタート遅め(0.185秒)確認→ヒモが荒れやすい'}",,,31.2,逃げ狙い,14.67,40,3,,,,,,,,,,,
2025-07-27,丸亀,2,3,山田理央,A2,34.00,3,▲,11.1931,40.2,91,56.8,0.1295,2.4054,,,0,低,62,0,-,2 52,0,84.4,1.5506,,,,,,0.0444,0.1444,0.0222,,◎,C,◎,,0.4873,0.6,,0.242,A,70,0,◎-○軸 3着3〜4艇流し（10〜15点）,0.5777,"{'is_target': True, 'verdict': '参加推奨', 'max_combo_prob': 0.0848, 'est_top_odds': 15.7, 'circle_concentration': 69.8, 'eligible_count': 8, 'bet_adj': 2, 'reason': 'rel_win1=56.6%（本命度） / 最有力組み合わせ確率: 0.085（推定実オッズ?16倍） / 2着集中度: 上位2艇 69.8%（補正+0.00） / 総合判定確率: 0.085 / → ヒモ分散。1号艇1着固定で広めのヒモ流し推奨（買い目+2点）', 'tenji_trigger': '展示確認: ヒモ分散レース。1号艇伸び確認後、広めのヒモ流しを採用。穴ヒモ（5・6号艇）を積極的に含める。\n展示で1号艇スタート遅め(0.185秒)確認→ヒモが荒れやすい'}",,,31.2,逃げ狙い,14.67,40,3,,,,,,,,,,,
2025-07-27,丸亀,2,4,鎌倉　涼,A1,35.15,4,△,13.7504,21.9,100,50,0.1975,4.4062,,,0,低,56,0,-,321,0,65.1,1.2555,,,,,,0.1667,0.1667,0,,,C,△,,0.2626,0.5705,,0.242,A,70,0,◎-○軸 3着3〜4艇流し（10〜15点）,0.5777,"{'is_target': True, 'verdict': '参加推奨', 'max_combo_prob': 0.0848, 'est_top_odds': 15.7, 'circle_concentration': 69.8, 'eligible_count': 8, 'bet_adj': 2, 'reason': 'rel_win1=56.6%（本命度） / 最有力組み合わせ確率: 0.085（推定実オッズ?16倍） / 2着集中度: 上位2艇 69.8%（補正+0.00） / 総合判定確率: 0.085 / → ヒモ分散。1号艇1着固定で広めのヒモ流し推奨（買い目+2点）', 'tenji_trigger': '展示確認: ヒモ分散レース。1号艇伸び確認後、広めのヒモ流しを採用。穴ヒモ（5・6号艇）を積極的に含める。\n展示で1号艇スタート遅め(0.185秒)確認→ヒモが荒れやすい'}",,,31.2,逃げ狙い,14.67,40,3,,,,,,,,,,,
2025-07-27,丸亀,2,5,佐藤ほの,B1,31.34,5,,3.7495,4.2,66,13.8,0.1693,3.069,,,0,低,65,0,-,344,0,34.5,0.6543,,,,,,0.3333,0.4444,0.1111,,,D,,,0.3609,0.5605,,0.242,A,70,0,◎-○軸 3着3〜4艇流し（10〜15点）,0.5777,"{'is_target': True, 'verdict': '参加推奨', 'max_combo_prob': 0.0848, 'est_top_odds': 15.7, 'circle_concentration': 69.8, 'eligible_count': 8, 'bet_adj': 2, 'reason': 'rel_win1=56.6%（本命度） / 最有力組み合わせ確率: 0.085（推定実オッズ?16倍） / 2着集中度: 上位2艇 69.8%（補正+0.00） / 総合判定確率: 0.085 / → ヒモ分散。1号艇1着固定で広めのヒモ流し推奨（買い目+2点）', 'tenji_trigger': '展示確認: ヒモ分散レース。1号艇伸び確認後、広めのヒモ流しを採用。穴ヒモ（5・6号艇）を積極的に含める。\n展示で1号艇スタート遅め(0.185秒)確認→ヒモが荒れやすい'}",,,31.2,逃げ狙い,14.67,40,3,,,,,,,,,,,
2025-07-27,丸亀,2,6,森　陽多,B1,34.50,6,,2.56,4.1,18,7.2,0.1807,4.2971,,,0,低,64,0,抜0%,666,0,26.3,0.8067,0,0,0,0,0.05,0,0.4,0.2,,,C,,,0.3246,0.472,,0.242,A,70,0,◎-○軸 3着3〜4艇流し（10〜15点）,0.5777,"{'is_target': True, 'verdict': '参加推奨', 'max_combo_prob': 0.0848, 'est_top_odds': 15.7, 'circle_concentration': 69.8, 'eligible_count': 8, 'bet_adj': 2, 'reason': 'rel_win1=56.6%（本命度） / 最有力組み合わせ確率: 0.085（推定実オッズ?16倍） / 2着集中度: 上位2艇 69.8%（補正+0.00） / 総合判定確率: 0.085 / → ヒモ分散。1号艇1着固定で広めのヒモ流し推奨（買い目+2点）', 'tenji_trigger': '展示確認: ヒモ分散レース。1号艇伸び確認後、広めのヒモ流しを採用。穴ヒモ（5・6号艇）を積極的に含める。\n展示で1号艇スタート遅め(0.185秒)確認→ヒモが荒れやすい'}",,,31.2,逃げ狙い,14.67,40,3,,,,,,,,,,,
2025-07-27,丸亀,3,1,石原凪紗,B2,34.12,1,◎,51.7729,,0,71.4,0.1664,3.25,,,0,低,62,1,逃0%,4 34,0,73.6,0.9371,0.4286,,,,,0.2643,0.0571,0.0571,○⚠️,,B,,,,0.537,,0.3498,B,52,0,◎○△フォーメーション（15〜20点）,0.5777,"{'is_target': True, 'verdict': '参加推奨', 'max_combo_prob': 0.065, 'est_top_odds': 20.5, 'circle_concentration': 64.4, 'eligible_count': 9, 'bet_adj': 2, 'reason': 'rel_win1=51.8%（本命度） / 最有力組み合わせ確率: 0.065（推定実オッズ?20倍） / 2着集中度: 上位2艇 64.4%（補正+0.00） / 総合判定確率: 0.065 / → ヒモ分散。1号艇1着固定で広めのヒモ流し推奨（買い目+2点）', 'tenji_trigger': '展示確認: ヒモ分散レース。1号艇伸び確認後、広めのヒモ流しを採用。穴ヒモ（5・6号艇）を積極的に含める。'}",,,35.4,両建て推奨,19.72,33.5,4,3-1-4|3-4-1|3-1-6|3-1-2|3-2-1|3-4-6|3-2-4|1-3-4|1-4-3|1-2-4|1-2-3|1-3-2,3-1-4|3-4-1|3-1-6|3-1-2|3-2-1|3-4-6|3-2-4|1-3-4|1-4-3|1-2-4|1-2-3|1-3-2,3-1-4:3.77%|3-4-1:1.34%|3-1-6:0.72%|3-1-2:0.62%|3-2-1:0.24%|3-4-6:0.16%|3-2-4:0.15%|1-3-4:5.69%|1-4-3:4.87%|1-2-4:4.78%|1-2-3:4.55%|1-3-2:4.46%,3-1-4:B_main|3-4-1:B_main|3-1-6:B_main|3-1-2:B_main|3-2-1:B_main|3-4-6:B_main|3-2-4:B_main|1-3-4:A|1-4-3:A|1-2-4:A|1-2-3:A|1-3-2:A,12,12,0.4535,1,[!]見送り推奨（主役決まり手「まくり差し」― 逃げ劣勢レースで的中実績なし）,主役軸流し,B
2025-07-27,丸亀,3,2,魚谷香織,A2,29.63,2,,15.2987,35.8,100,57.9,0.1889,3.6579,,,0,低,49,0,差0% ま0%,461,0,43.6,0.9829,0,0.0833,0.0833,0,0,0.1382,0,0.2342,,,D,○,,0.0944,0.637,,0.3498,B,52,0,◎○△フォーメーション（15〜20点）,0.5777,"{'is_target': True, 'verdict': '参加推奨', 'max_combo_prob': 0.065, 'est_top_odds': 20.5, 'circle_concentration': 64.4, 'eligible_count': 9, 'bet_adj': 2, 'reason': 'rel_win1=51.8%（本命度） / 最有力組み合わせ確率: 0.065（推定実オッズ?20倍） / 2着集中度: 上位2艇 64.4%（補正+0.00） / 総合判定確率: 0.065 / → ヒモ分散。1号艇1着固定で広めのヒモ流し推奨（買い目+2点）', 'tenji_trigger': '展示確認: ヒモ分散レース。1号艇伸び確認後、広めのヒモ流しを採用。穴ヒモ（5・6号艇）を積極的に含める。'}",,,35.4,両建て推奨,19.72,33.5,4,,,,,,,,,,,
2025-07-27,丸亀,3,3,山川美由,B1,45.13,3,○,11.6543,28.5,83,25,0.1367,3.375,,,0,低,16,1,-,231,0,60.4,0.7015,,,,,,0,0,0.3333,,◎,A,△,,0.4599,0.584,,0.3498,B,52,0,◎○△フォーメーション（15〜20点）,0.5777,"{'is_target': True, 'verdict': '参加推奨', 'max_combo_prob': 0.065, 'est_top_odds': 20.5, 'circle_concentration': 64.4, 'eligible_count': 9, 'bet_adj': 2, 'reason': 'rel_win1=51.8%（本命度） / 最有力組み合わせ確率: 0.065（推定実オッズ?20倍） / 2着集中度: 上位2艇 64.4%（補正+0.00） / 総合判定確率: 0.065 / → ヒモ分散。1号艇1着固定で広めのヒモ流し推奨（買い目+2点）', 'tenji_trigger': '展示確認: ヒモ分散レース。1号艇伸び確認後、広めのヒモ流しを採用。穴ヒモ（5・6号艇）を積極的に含める。'}",,,35.4,両建て推奨,19.72,33.5,4,,,,,,,,,,,
2025-07-27,丸亀,3,4,寺田千恵,A1,31.98,4,△,11.7687,26.5,73,61.8,0.1406,3.0735,,,0,低,54,0,-,1 23,0,81.9,1.3196,0,0,0,0,0,0.1818,0.0909,0.0909,,△,C,◎,,0.4103,0.6385,,0.3498,B,52,0,◎○△フォーメーション（15〜20点）,0.5777,"{'is_target': True, 'verdict': '参加推奨', 'max_combo_prob': 0.065, 'est_top_odds': 20.5, 'circle_concentration': 64.4, 'eligible_count': 9, 'bet_adj': 2, 'reason': 'rel_win1=51.8%（本命度） / 最有力組み合わせ確率: 0.065（推定実オッズ?20倍） / 2着集中度: 上位2艇 64.4%（補正+0.00） / 総合判定確率: 0.065 / → ヒモ分散。1号艇1着固定で広めのヒモ流し推奨（買い目+2点）', 'tenji_trigger': '展示確認: ヒモ分散レース。1号艇伸び確認後、広めのヒモ流しを採用。穴ヒモ（5・6号艇）を積極的に含める。'}",,,35.4,両建て推奨,19.72,33.5,4,,,,,,,,,,,
2025-07-27,丸亀,3,5,石村日奈,B2,27.59,5,,4.3814,4.1,46,0,0.1987,4.2826,,,0,低,58,0,-,665,0,25.4,0.6426,,,,,,,,,,,E,,,0.2072,0.5105,,0.3498,B,52,0,◎○△フォーメーション（15〜20点）,0.5777,"{'is_target': True, 'verdict': '参加推奨', 'max_combo_prob': 0.065, 'est_top_odds': 20.5, 'circle_concentration': 64.4, 'eligible_count': 9, 'bet_adj': 2, 'reason': 'rel_win1=51.8%（本命度） / 最有力組み合わせ確率: 0.065（推定実オッズ?20倍） / 2着集中度: 上位2艇 64.4%（補正+0.00） / 総合判定確率: 0.065 / → ヒモ分散。1号艇1着固定で広めのヒモ流し推奨（買い目+2点）', 'tenji_trigger': '展示確認: ヒモ分散レース。1号艇伸び確認後、広めのヒモ流しを採用。穴ヒモ（5・6号艇）を積極的に含める。'}",,,35.4,両建て推奨,19.72,33.5,4,,,,,,,,,,,
2025-07-27,丸亀,3,6,野田部宏,B1,32.66,6,▲,5.1241,5,35,24.1,0.1224,2.8448,,,0,低,35,0,ま0%,233,0,25.4,1.1108,0,0,0.1111,0,0,0.1,0.2,0.2,,○,C,△,,0.4456,0.616,,0.3498,B,52,0,◎○△フォーメーション（15〜20点）,0.5777,"{'is_target': True, 'verdict': '参加推奨', 'max_combo_prob': 0.065, 'est_top_odds': 20.5, 'circle_concentration': 64.4, 'eligible_count': 9, 'bet_adj': 2, 'reason': 'rel_win1=51.8%（本命度） / 最有力組み合わせ確率: 0.065（推定実オッズ?20倍） / 2着集中度: 上位2艇 64.4%（補正+0.00） / 総合判定確率: 0.065 / → ヒモ分散。1号艇1着固定で広めのヒモ流し推奨（買い目+2点）', 'tenji_trigger': '展示確認: ヒモ分散レース。1号艇伸び確認後、広めのヒモ流しを採用。穴ヒモ（5・6号艇）を積極的に含める。'}",,,35.4,両建て推奨,19.72,33.5,4,,,,,,,,,,,
2025-07-27,丸亀,4,1,中尾彩香,B1,40.82,1,◎,59.1988,,0,66.7,0.1627,3.1333,,,0,低,58,0,逃0%,5 25,0,78.5,0.9174,0.5,,,,,0.1667,0.1667,0,○⚠️,,B,,,,0.529,,0.3359,A,65,0,◎-○軸 3着3〜4艇流し（10〜15点）,0.5777,"{'is_target': True, 'verdict': '参加推奨', 'max_combo_prob': 0.0667, 'est_top_odds': 20.0, 'circle_concentration': 53.6, 'eligible_count': 8, 'bet_adj': 2, 'reason': 'rel_win1=59.2%（本命度） / 最有力組み合わせ確率: 0.067（推定実オッズ?20倍） / 2着集中度: 上位2艇 53.6%（補正-0.04） / 総合判定確率: 0.027 / → ヒモ分散。1号艇1着固定で広めのヒモ流し推奨（買い目+2点）', 'tenji_trigger': '展示確認: ヒモ分散レース。1号艇伸び確認後、広めのヒモ流しを採用。穴ヒモ（5・6号艇）を積極的に含める。'}",,,28.7,逃げ狙い,15.5,32.2,4,2-3-4|2-3-5|2-3-6|2-4-5|2-4-3|2-4-6|2-6-4|1-2-4|2-1-4|1-2-3|1-3-2|1-4-2,2-3-4|2-3-5|2-3-6|2-4-5|2-4-3|2-4-6|2-6-4|1-2-4|2-1-4|1-2-3|1-3-2|1-4-2,2-3-4:2.59%|2-3-5:1.37%|2-3-6:1.35%|2-4-5:1.22%|2-4-3:1.21%|2-4-6:1.2%|2-6-4:1.11%|1-2-4:6.01%|2-1-4:4.97%|1-2-3:4.76%|1-3-2:4.24%|1-4-2:4.15%,2-3-4:B_main|2-3-5:B_main|2-3-6:B_main|2-4-5:B_main|2-4-3:B_main|2-4-6:B_main|2-6-4:B_main|1-2-4:A|2-1-4:B_sc|1-2-3:A|1-3-2:A|1-4-2:A,12,12,0.4535,1,[!]見送り推奨（主役決まり手「まくり」― 逃げ劣勢レースで的中実績なし）,主役軸流し,B
2025-07-27,丸亀,4,2,北村寧々,B1,30.39,2,△,10.6811,28.5,89,50,0.1414,2.75,,,0,低,40,0,ま0% 抜0%,5 64,0,41.2,0.8302,0,0,0.0667,0,0.0667,0,0.3333,0,,◎,D,◎,,0.5215,0.6365,,0.3359,A,65,0,◎-○軸 3着3〜4艇流し（10〜15点）,0.5777,"{'is_target': True, 'verdict': '参加推奨', 'max_combo_prob': 0.0667, 'est_top_odds': 20.0, 'circle_concentration': 53.6, 'eligible_count': 8, 'bet_adj': 2, 'reason': 'rel_win1=59.2%（本命度） / 最有力組み合わせ確率: 0.067（推定実オッズ?20倍） / 2着集中度: 上位2艇 53.6%（補正-0.04） / 総合判定確率: 0.027 / → ヒモ分散。1号艇1着固定で広めのヒモ流し推奨（買い目+2点）', 'tenji_trigger': '展示確認: ヒモ分散レース。1号艇伸び確認後、広めのヒモ流しを採用。穴ヒモ（5・6号艇）を積極的に含める。'}",,,28.7,逃げ狙い,15.5,32.2,4,,,,,,,,,,,
2025-07-27,丸亀,4,3,吉田彩乃,B1,45.45,3,○,11.0026,24.1,51,26.3,0.1716,3.2632,,,0,低,47,0,-,342,0,45,0.6906,,,,,,0.23,0.69,0,,,A,,,0.2687,0.5885,,0.3359,A,65,0,◎-○軸 3着3〜4艇流し（10〜15点）,0.5777,"{'is_target': True, 'verdict': '参加推奨', 'max_combo_prob': 0.0667, 'est_top_odds': 20.0, 'circle_concentration': 53.6, 'eligible_count': 8, 'bet_adj': 2, 'reason': 'rel_win1=59.2%（本命度） / 最有力組み合わせ確率: 0.067（推定実オッズ?20倍） / 2着集中度: 上位2艇 53.6%（補正-0.04） / 総合判定確率: 0.027 / → ヒモ分散。1号艇1着固定で広めのヒモ流し推奨（買い目+2点）', 'tenji_trigger': '展示確認: ヒモ分散レース。1号艇伸び確認後、広めのヒモ流しを採用。穴ヒモ（5・6号艇）を積極的に含める。'}",,,28.7,逃げ狙い,15.5,32.2,4,,,,,,,,,,,
2025-07-27,丸亀,4,4,関野　文,A2,32.02,4,,9.4482,25.1,100,58.6,0.1741,3.1034,,,0,低,58,0,-,451,0,78.1,1.1928,,,,,,0.0932,0.0727,0.2409,,,D,△,,0.2657,0.6135,,0.3359,A,65,0,◎-○軸 3着3〜4艇流し（10〜15点）,0.5777,"{'is_target': True, 'verdict': '参加推奨', 'max_combo_prob': 0.0667, 'est_top_odds': 20.0, 'circle_concentration': 53.6, 'eligible_count': 8, 'bet_adj': 2, 'reason': 'rel_win1=59.2%（本命度） / 最有力組み合わせ確率: 0.067（推定実オッズ?20倍） / 2着集中度: 上位2艇 53.6%（補正-0.04） / 総合判定確率: 0.027 / → ヒモ分散。1号艇1着固定で広めのヒモ流し推奨（買い目+2点）', 'tenji_trigger': '展示確認: ヒモ分散レース。1号艇伸び確認後、広めのヒモ流しを採用。穴ヒモ（5・6号艇）を積極的に含める。'}",,,28.7,逃げ狙い,15.5,32.2,4,,,,,,,,,,,
2025-07-27,丸亀,4,5,川野芽唯,A1,35.27,5,,7.8233,19.7,56,43.5,0.2017,4.587,,,0,低,72,0,-,152,0,27.7,0.7395,0,0,0,0.0667,0,0,0.0556,0.0556,,,C,○,,0.1626,0.625,,0.3359,A,65,0,◎-○軸 3着3〜4艇流し（10〜15点）,0.5777,"{'is_target': True, 'verdict': '参加推奨', 'max_combo_prob': 0.0667, 'est_top_odds': 20.0, 'circle_concentration': 53.6, 'eligible_count': 8, 'bet_adj': 2, 'reason': 'rel_win1=59.2%（本命度） / 最有力組み合わせ確率: 0.067（推定実オッズ?20倍） / 2着集中度: 上位2艇 53.6%（補正-0.04） / 総合判定確率: 0.027 / → ヒモ分散。1号艇1着固定で広めのヒモ流し推奨（買い目+2点）', 'tenji_trigger': '展示確認: ヒモ分散レース。1号艇伸び確認後、広めのヒモ流しを採用。穴ヒモ（5・6号艇）を積極的に含める。'}",,,28.7,逃げ狙い,15.5,32.2,4,,,,,,,,,,,
2025-07-27,丸亀,4,6,赤井　睦,B1,32.16,6,▲,1.846,2.6,46,20,0.162,2.8667,,,0,低,24,0,-,126,0,24.3,0.8617,,,,,,0.1944,0.0444,0.4333,,,D,△,,0.3151,0.596,,0.3359,A,65,0,◎-○軸 3着3〜4艇流し（10〜15点）,0.5777,"{'is_target': True, 'verdict': '参加推奨', 'max_combo_prob': 0.0667, 'est_top_odds': 20.0, 'circle_concentration': 53.6, 'eligible_count': 8, 'bet_adj': 2, 'reason': 'rel_win1=59.2%（本命度） / 最有力組み合わせ確率: 0.067（推定実オッズ?20倍） / 2着集中度: 上位2艇 53.6%（補正-0.04） / 総合判定確率: 0.027 / → ヒモ分散。1号艇1着固定で広めのヒモ流し推奨（買い目+2点）', 'tenji_trigger': '展示確認: ヒモ分散レース。1号艇伸び確認後、広めのヒモ流しを採用。穴ヒモ（5・6号艇）を積極的に含める。'}",,,28.7,逃げ狙い,15.5,32.2,4,,,,,,,,,,,
2025-07-27,丸亀,5,1,前原　哉,B1,40.80,1,◎,51.0916,,0,66.7,0.1662,3.2857,,,0,低,107,0,逃0%,5 54,0,61.1,0.886,0.4286,,,,,0,0.4286,0.1429,○,,B,△,,,0.5705,,0.3403,B,57,0,◎○△フォーメーション（15〜20点）,0.5777,"{'is_target': True, 'verdict': '参加推奨', 'max_combo_prob': 0.0695, 'est_top_odds': 19.2, 'circle_concentration': 69.2, 'eligible_count': 9, 'bet_adj': 2, 'reason': 'rel_win1=51.1%（本命度） / 最有力組み合わせ確率: 0.069（推定実オッズ?19倍） / 2着集中度: 上位2艇 69.2%（補正+0.00） / 総合判定確率: 0.069 / → ヒモ分散。1号艇1着固定で広めのヒモ流し推奨（買い目+2点）', 'tenji_trigger': '展示確認: ヒモ分散レース。1号艇伸び確認後、広めのヒモ流しを採用。穴ヒモ（5・6号艇）を積極的に含める。'}",,,30.7,両建て推奨,19.35,34.7,3,,,,,0,0,0.6155,0,,逃げ軸流し,A
2025-07-27,丸亀,5,2,片岡恵里,A2,39.71,2,△,11.2771,38.9,96,54.5,0.1794,3.8485,,,0,低,68,0,-,412,0,43.7,0.8928,,,,,,0,0.1429,0.1429,,,C,△,,0.1955,0.62,,0.3403,B,57,0,◎○△フォーメーション（15〜20点）,0.5777,"{'is_target': True, 'verdict': '参加推奨', 'max_combo_prob': 0.0695, 'est_top_odds': 19.2, 'circle_concentration': 69.2, 'eligible_count': 9, 'bet_adj': 2, 'reason': 'rel_win1=51.1%（本命度） / 最有力組み合わせ確率: 0.069（推定実オッズ?19倍） / 2着集中度: 上位2艇 69.2%（補正+0.00） / 総合判定確率: 0.069 / → ヒモ分散。1号艇1着固定で広めのヒモ流し推奨（買い目+2点）', 'tenji_trigger': '展示確認: ヒモ分散レース。1号艇伸び確認後、広めのヒモ流しを採用。穴ヒモ（5・6号艇）を積極的に含める。'}",,,30.7,両建て推奨,19.35,34.7,3,,,,,,,,,,,
2025-07-27,丸亀,5,3,中村桃佳,B1,36.08,3,○,17.9222,30.3,88,56,0.1196,2.24,,,0,低,41,0,ま0%,6 25,0,45.8,0.936,0,0.05,0.1,0,0.05,0.0471,0.0706,0.2706,,◎,D,○,,0.4707,0.6205,,0.3403,B,57,0,◎○△フォーメーション（15〜20点）,0.5777,"{'is_target': True, 'verdict': '参加推奨', 'max_combo_prob': 0.0695, 'est_top_odds': 19.2, 'circle_concentration': 69.2, 'eligible_count': 9, 'bet_adj': 2, 'reason': 'rel_win1=51.1%（本命度） / 最有力組み合わせ確率: 0.069（推定実オッズ?19倍） / 2着集中度: 上位2艇 69.2%（補正+0.00） / 総合判定確率: 0.069 / → ヒモ分散。1号艇1着固定で広めのヒモ流し推奨（買い目+2点）', 'tenji_trigger': '展示確認: ヒモ分散レース。1号艇伸び確認後、広めのヒモ流しを採用。穴ヒモ（5・6号艇）を積極的に含める。'}",,,30.7,両建て推奨,19.35,34.7,3,,,,,,,,,,,
2025-07-27,丸亀,5,4,松尾夏海,A1,31.88,4,,14.0628,16.7,100,52.2,0.1513,2.5435,,,0,低,45,0,差ま0%,5111,0,96.9,1.8623,0,0,0,0.125,0,,,,,,E,◎,,0.3622,0.684,,0.3403,B,57,0,◎○△フォーメーション（15〜20点）,0.5777,"{'is_target': True, 'verdict': '参加推奨', 'max_combo_prob': 0.0695, 'est_top_odds': 19.2, 'circle_concentration': 69.2, 'eligible_count': 9, 'bet_adj': 2, 'reason': 'rel_win1=51.1%（本命度） / 最有力組み合わせ確率: 0.069（推定実オッズ?19倍） / 2着集中度: 上位2艇 69.2%（補正+0.00） / 総合判定確率: 0.069 / → ヒモ分散。1号艇1着固定で広めのヒモ流し推奨（買い目+2点）', 'tenji_trigger': '展示確認: ヒモ分散レース。1号艇伸び確認後、広めのヒモ流しを採用。穴ヒモ（5・6号艇）を積極的に含める。'}",,,30.7,両建て推奨,19.35,34.7,3,,,,,,,,,,,
2025-07-27,丸亀,5,5,中川りな,A2,38.81,5,,4.4384,13.8,80,26.1,0.1613,3.3913,,,0,低,61,0,-,2 52,0,43.3,0.7667,,,,,,0,0.1429,0.0714,,,C,○,,0.3265,0.6205,,0.3403,B,57,0,◎○△フォーメーション（15〜20点）,0.5777,"{'is_target': True, 'verdict': '参加推奨', 'max_combo_prob': 0.0695, 'est_top_odds': 19.2, 'circle_concentration': 69.2, 'eligible_count': 9, 'bet_adj': 2, 'reason': 'rel_win1=51.1%（本命度） / 最有力組み合わせ確率: 0.069（推定実オッズ?19倍） / 2着集中度: 上位2艇 69.2%（補正+0.00） / 総合判定確率: 0.069 / → ヒモ分散。1号艇1着固定で広めのヒモ流し推奨（買い目+2点）', 'tenji_trigger': '展示確認: ヒモ分散レース。1号艇伸び確認後、広めのヒモ流しを採用。穴ヒモ（5・6号艇）を積極的に含める。'}",,,30.7,両建て推奨,19.35,34.7,3,,,,,,,,,,,
2025-07-27,丸亀,5,6,野田亜湖,B2,42.13,6,▲,1.2078,0.3,18,0,0.2688,5.3898,,,0,低,57,0,-,6 66,0,24.8,0.5617,,,,,,,,,,,B,,,0.135,0.4055,,0.3403,B,57,0,◎○△フォーメーション（15〜20点）,0.5777,"{'is_target': True, 'verdict': '参加推奨', 'max_combo_prob': 0.0695, 'est_top_odds': 19.2, 'circle_concentration': 69.2, 'eligible_count': 9, 'bet_adj': 2, 'reason': 'rel_win1=51.1%（本命度） / 最有力組み合わせ確率: 0.069（推定実オッズ?19倍） / 2着集中度: 上位2艇 69.2%（補正+0.00） / 総合判定確率: 0.069 / → ヒモ分散。1号艇1着固定で広めのヒモ流し推奨（買い目+2点）', 'tenji_trigger': '展示確認: ヒモ分散レース。1号艇伸び確認後、広めのヒモ流しを採用。穴ヒモ（5・6号艇）を積極的に含める。'}",,,30.7,両建て推奨,19.35,34.7,3,,,,,,,,,,,
2025-07-27,丸亀,6,1,井上遥妃,B1,39.52,1,◎,51.9461,,0,61.1,0.15,3.5556,,,0,低,34,0,逃1%,3 63,0,57.9,0.8315,0.5556,,,,,0,0.1944,0.2389,○⚠️,,B,◎,,,0.634,,0.4253,B,55,0,◎○△フォーメーション（15〜20点）,0.5777,"{'is_target': True, 'verdict': '点数絞り', 'max_combo_prob': 0.0867, 'est_top_odds': 15.4, 'circle_concentration': 73.3, 'eligible_count': 9, 'bet_adj': 0, 'reason': 'rel_win1=51.9%（本命度） / 最有力組み合わせ確率: 0.087（推定実オッズ?15倍） / 2着集中度: 上位2艇 73.3%（補正+0.04） / 総合判定確率: 0.127 / → ヒモはやや固め。上位2艇以外を切ること', 'tenji_trigger': '展示確認: 1号艇伸び良→そのまま採用。悪→飛び組に差し替え。circle_pct上位2艇に絞り込むこと。'}",,,29,両建て推奨,21.35,28.1,4,4-5-6|4-3-6|4-3-5|4-5-1|4-5-3|4-6-5|4-3-1|4-1-3|4-1-2|1-2-4|1-3-4|1-2-3,4-5-6|4-3-6|4-3-5|4-5-1|4-5-3|4-6-5|4-3-1|4-1-3|4-1-2|1-2-4|1-3-4|1-2-3,4-5-6:2.26%|4-3-6:1.85%|4-3-5:1.34%|4-5-1:1.17%|4-5-3:1.09%|4-6-5:1.06%|4-3-1:0.96%|4-1-3:11.24%|4-1-2:9.8%|1-2-4:6.73%|1-3-4:4.94%|1-2-3:4.28%,4-5-6:B_main|4-3-6:B_main|4-3-5:B_main|4-5-1:B_main|4-5-3:B_main|4-6-5:B_main|4-3-1:B_main|4-1-3:B_sc|4-1-2:B_sc|1-2-4:A|1-3-4:A|1-2-3:A,12,12,0.4535,1,[!]見送り推奨（主役決まり手「まくり」― 逃げ劣勢レースで的中実績なし）,主役軸流し,B
2025-07-27,丸亀,6,2,廣中智紗,A2,34.63,2,▲,15.8943,43.9,84,81,0.1886,4.2619,,,0,低,82,0,差0% 抜0%,2 51,0,63.9,1.3114,0,0.1429,0,0,0.0714,0.0421,0.1632,0.2632,,,C,△,,0.0829,0.5755,,0.4253,B,55,0,◎○△フォーメーション（15〜20点）,0.5777,"{'is_target': True, 'verdict': '点数絞り', 'max_combo_prob': 0.0867, 'est_top_odds': 15.4, 'circle_concentration': 73.3, 'eligible_count': 9, 'bet_adj': 0, 'reason': 'rel_win1=51.9%（本命度） / 最有力組み合わせ確率: 0.087（推定実オッズ?15倍） / 2着集中度: 上位2艇 73.3%（補正+0.04） / 総合判定確率: 0.127 / → ヒモはやや固め。上位2艇以外を切ること', 'tenji_trigger': '展示確認: 1号艇伸び良→そのまま採用。悪→飛び組に差し替え。circle_pct上位2艇に絞り込むこと。'}",,,29,両建て推奨,21.35,28.1,4,,,,,,,,,,,
2025-07-27,丸亀,6,3,三嶌ここ,B1,28.00,3,,9.9295,29.4,66,41.2,0.1953,4.4412,,,0,低,114,0,ま0%,464,0,90.8,1.0912,0,0,0.0588,0,0,0.0571,0.0571,0.3143,,,E,,,0.11,0.553,,0.4253,B,55,0,◎○△フォーメーション（15〜20点）,0.5777,"{'is_target': True, 'verdict': '点数絞り', 'max_combo_prob': 0.0867, 'est_top_odds': 15.4, 'circle_concentration': 73.3, 'eligible_count': 9, 'bet_adj': 0, 'reason': 'rel_win1=51.9%（本命度） / 最有力組み合わせ確率: 0.087（推定実オッズ?15倍） / 2着集中度: 上位2艇 73.3%（補正+0.04） / 総合判定確率: 0.127 / → ヒモはやや固め。上位2艇以外を切ること', 'tenji_trigger': '展示確認: 1号艇伸び良→そのまま採用。悪→飛び組に差し替え。circle_pct上位2艇に絞り込むこと。'}",,,29,両建て推奨,21.35,28.1,4,,,,,,,,,,,
2025-07-27,丸亀,6,4,高憧四季,A1,30.65,4,○,16.444,19.9,100,66.7,0.1478,3.0972,,,0,低,59,0,ま0% 抜0%,1 26,0,87,1.5789,0,0,0.2,0,0.2,0,0.0769,0.0769,,,D,○,◎,0.3456,0.62,0.4333,0.4253,B,55,0,◎○△フォーメーション（15〜20点）,0.5777,"{'is_target': True, 'verdict': '点数絞り', 'max_combo_prob': 0.0867, 'est_top_odds': 15.4, 'circle_concentration': 73.3, 'eligible_count': 9, 'bet_adj': 0, 'reason': 'rel_win1=51.9%（本命度） / 最有力組み合わせ確率: 0.087（推定実オッズ?15倍） / 2着集中度: 上位2艇 73.3%（補正+0.04） / 総合判定確率: 0.127 / → ヒモはやや固め。上位2艇以外を切ること', 'tenji_trigger': '展示確認: 1号艇伸び良→そのまま採用。悪→飛び組に差し替え。circle_pct上位2艇に絞り込むこと。'}",,,29,両建て推奨,21.35,28.1,4,,,,,,,,,,,
2025-07-27,丸亀,6,5,植竹玲奈,B2,38.76,5,,4.4268,5.4,54,10.5,0.2232,4.0526,,,0,低,67,0,-,3 46,0,29.9,0.6502,,,,,,,,,,,C,,,0.132,0.5055,,0.4253,B,55,0,◎○△フォーメーション（15〜20点）,0.5777,"{'is_target': True, 'verdict': '点数絞り', 'max_combo_prob': 0.0867, 'est_top_odds': 15.4, 'circle_concentration': 73.3, 'eligible_count': 9, 'bet_adj': 0, 'reason': 'rel_win1=51.9%（本命度） / 最有力組み合わせ確率: 0.087（推定実オッズ?15倍） / 2着集中度: 上位2艇 73.3%（補正+0.04） / 総合判定確率: 0.127 / → ヒモはやや固め。上位2艇以外を切ること', 'tenji_trigger': '展示確認: 1号艇伸び良→そのまま採用。悪→飛び組に差し替え。circle_pct上位2艇に絞り込むこと。'}",,,29,両建て推奨,21.35,28.1,4,,,,,,,,,,,
2025-07-27,丸亀,6,6,谷口佳蓮,B1,39.42,6,△,1.3593,1.4,43,8.7,0.22,4.5435,,,0,低,45,0,-,3 23,0,42.8,1.9775,,,,,,0.1091,0,0.2727,,,B,△,,0.135,0.5715,,0.4253,B,55,0,◎○△フォーメーション（15〜20点）,0.5777,"{'is_target': True, 'verdict': '点数絞り', 'max_combo_prob': 0.0867, 'est_top_odds': 15.4, 'circle_concentration': 73.3, 'eligible_count': 9, 'bet_adj': 0, 'reason': 'rel_win1=51.9%（本命度） / 最有力組み合わせ確率: 0.087（推定実オッズ?15倍） / 2着集中度: 上位2艇 73.3%（補正+0.04） / 総合判定確率: 0.127 / → ヒモはやや固め。上位2艇以外を切ること', 'tenji_trigger': '展示確認: 1号艇伸び良→そのまま採用。悪→飛び組に差し替え。circle_pct上位2艇に絞り込むこと。'}",,,29,両建て推奨,21.35,28.1,4,,,,,,,,,,,
2025-07-27,丸亀,7,1,山田理央,A2,34.00,1,◎,55.9447,,0,88.6,0.134,2.4857,,,0,低,62,0,逃0%,2 52,0,90.6,1.1972,0.6667,,,,,0.0444,0.1444,0.0222,◎,,D,△,,,0.6,,0.6359,S,90,0,◎1着固定 2-3着流し（5〜8点）,0.5777,"{'is_target': True, 'verdict': '参加推奨', 'max_combo_prob': 0.0962, 'est_top_odds': 13.9, 'circle_concentration': 68.1, 'eligible_count': 6, 'bet_adj': 2, 'reason': 'rel_win1=55.9%（本命度） / 最有力組み合わせ確率: 0.096（推定実オッズ?14倍） / 2着集中度: 上位2艇 68.1%（補正+0.00） / 総合判定確率: 0.096 / → ヒモ分散。1号艇1着固定で広めのヒモ流し推奨（買い目+2点）', 'tenji_trigger': '展示確認: ヒモ分散レース。1号艇伸び確認後、広めのヒモ流しを採用。穴ヒモ（5・6号艇）を積極的に含める。\n展示で1号艇スタート超安定(0.134秒)→ヒモ固まり方向に注意'}",,,28.3,逃げ狙い,21.26,26.2,2,,,,,0,0,0.7559,0,,逃げ軸流し,A
2025-07-27,丸亀,7,2,清水愛海,A1,37.88,2,○,18.2632,49.3,100,71.4,0.1729,3.6905,,,0,低,73,0,差0%,1442,0,57.1,1.2052,0,0.2857,0,0,0,0.0909,0.1818,0,,,C,◎,,0.1182,0.634,,0.6359,S,90,0,◎1着固定 2-3着流し（5〜8点）,0.5777,"{'is_target': True, 'verdict': '参加推奨', 'max_combo_prob': 0.0962, 'est_top_odds': 13.9, 'circle_concentration': 68.1, 'eligible_count': 6, 'bet_adj': 2, 'reason': 'rel_win1=55.9%（本命度） / 最有力組み合わせ確率: 0.096（推定実オッズ?14倍） / 2着集中度: 上位2艇 68.1%（補正+0.00） / 総合判定確率: 0.096 / → ヒモ分散。1号艇1着固定で広めのヒモ流し推奨（買い目+2点）', 'tenji_trigger': '展示確認: ヒモ分散レース。1号艇伸び確認後、広めのヒモ流しを採用。穴ヒモ（5・6号艇）を積極的に含める。\n展示で1号艇スタート超安定(0.134秒)→ヒモ固まり方向に注意'}",,,28.3,逃げ狙い,21.26,26.2,2,,,,,,,,,,,
2025-07-27,丸亀,7,3,松本　怜,B1,39.80,3,▲,9.6026,18.7,90,38.5,0.1896,3.3269,,,0,低,54,0,-,6 14,0,22.4,0.8183,,,,,,0,0.5,0.25,,,B,,,0.1282,0.572,,0.6359,S,90,0,◎1着固定 2-3着流し（5〜8点）,0.5777,"{'is_target': True, 'verdict': '参加推奨', 'max_combo_prob': 0.0962, 'est_top_odds': 13.9, 'circle_concentration': 68.1, 'eligible_count': 6, 'bet_adj': 2, 'reason': 'rel_win1=55.9%（本命度） / 最有力組み合わせ確率: 0.096（推定実オッズ?14倍） / 2着集中度: 上位2艇 68.1%（補正+0.00） / 総合判定確率: 0.096 / → ヒモ分散。1号艇1着固定で広めのヒモ流し推奨（買い目+2点）', 'tenji_trigger': '展示確認: ヒモ分散レース。1号艇伸び確認後、広めのヒモ流しを採用。穴ヒモ（5・6号艇）を積極的に含める。\n展示で1号艇スタート超安定(0.134秒)→ヒモ固まり方向に注意'}",,,28.3,逃げ狙い,21.26,26.2,2,,,,,,,,,,,
2025-07-27,丸亀,7,4,加藤奈月,B1,35.82,4,,8.7342,12.8,69,22.2,0.1733,3.75,,,0,低,68,0,-,4 35,0,36.3,0.7085,,,,,,0,0.2591,0.1455,,,C,○,,0.1572,0.627,,0.6359,S,90,0,◎1着固定 2-3着流し（5〜8点）,0.5777,"{'is_target': True, 'verdict': '参加推奨', 'max_combo_prob': 0.0962, 'est_top_odds': 13.9, 'circle_concentration': 68.1, 'eligible_count': 6, 'bet_adj': 2, 'reason': 'rel_win1=55.9%（本命度） / 最有力組み合わせ確率: 0.096（推定実オッズ?14倍） / 2着集中度: 上位2艇 68.1%（補正+0.00） / 総合判定確率: 0.096 / → ヒモ分散。1号艇1着固定で広めのヒモ流し推奨（買い目+2点）', 'tenji_trigger': '展示確認: ヒモ分散レース。1号艇伸び確認後、広めのヒモ流しを採用。穴ヒモ（5・6号艇）を積極的に含める。\n展示で1号艇スタート超安定(0.134秒)→ヒモ固まり方向に注意'}",,,28.3,逃げ狙い,21.26,26.2,2,,,,,,,,,,,
2025-07-27,丸亀,7,5,深尾巴恵,B1,31.68,5,,6.2983,18.8,71,43.3,0.165,3.3833,,,0,低,70,0,-,2 33,0,67.8,1.2829,,,,,,0.25,0,0.5,,,D,,,0.2114,0.5515,,0.6359,S,90,0,◎1着固定 2-3着流し（5〜8点）,0.5777,"{'is_target': True, 'verdict': '参加推奨', 'max_combo_prob': 0.0962, 'est_top_odds': 13.9, 'circle_concentration': 68.1, 'eligible_count': 6, 'bet_adj': 2, 'reason': 'rel_win1=55.9%（本命度） / 最有力組み合わせ確率: 0.096（推定実オッズ?14倍） / 2着集中度: 上位2艇 68.1%（補正+0.00） / 総合判定確率: 0.096 / → ヒモ分散。1号艇1着固定で広めのヒモ流し推奨（買い目+2点）', 'tenji_trigger': '展示確認: ヒモ分散レース。1号艇伸び確認後、広めのヒモ流しを採用。穴ヒモ（5・6号艇）を積極的に含める。\n展示で1号艇スタート超安定(0.134秒)→ヒモ固まり方向に注意'}",,,28.3,逃げ狙い,21.26,26.2,2,,,,,,,,,,,
2025-07-27,丸亀,7,6,恵良琴美,B2,38.10,6,△,1.157,0.4,28,3.9,0.1892,3.9471,,,0,低,64,0,-,666,0,28.6,0.8511,,,,,,,,,,,B,△,,0.135,0.5755,,0.6359,S,90,0,◎1着固定 2-3着流し（5〜8点）,0.5777,"{'is_target': True, 'verdict': '参加推奨', 'max_combo_prob': 0.0962, 'est_top_odds': 13.9, 'circle_concentration': 68.1, 'eligible_count': 6, 'bet_adj': 2, 'reason': 'rel_win1=55.9%（本命度） / 最有力組み合わせ確率: 0.096（推定実オッズ?14倍） / 2着集中度: 上位2艇 68.1%（補正+0.00） / 総合判定確率: 0.096 / → ヒモ分散。1号艇1着固定で広めのヒモ流し推奨（買い目+2点）', 'tenji_trigger': '展示確認: ヒモ分散レース。1号艇伸び確認後、広めのヒモ流しを採用。穴ヒモ（5・6号艇）を積極的に含める。\n展示で1号艇スタート超安定(0.134秒)→ヒモ固まり方向に注意'}",,,28.3,逃げ狙い,21.26,26.2,2,,,,,,,,,,,
2025-07-27,丸亀,8,1,細川裕子,A1,31.71,1,◎,71.2084,,0,96.4,0.1732,3.6786,,,0,低,59,0,逃1%,2364,0,84.3,1.0759,0.8333,,,,,0,0,0.0833,◎,,D,○,,,0.6235,,0.5026,S,92,0,◎1着固定 2-3着流し（5〜8点）,0.5777,"{'is_target': True, 'verdict': '点数絞り', 'max_combo_prob': 0.1153, 'est_top_odds': 11.6, 'circle_concentration': 71.9, 'eligible_count': 6, 'bet_adj': 0, 'reason': 'rel_win1=71.2%（本命度） / 最有力組み合わせ確率: 0.115（推定実オッズ?12倍） / 2着集中度: 上位2艇 71.9%（補正+0.04） / 総合判定確率: 0.155 / → ヒモはやや固め。上位2艇以外を切ること', 'tenji_trigger': '展示確認: 1号艇伸び良→そのまま採用。悪→飛び組に差し替え。circle_pct上位2艇に絞り込むこと。'}",,,24.4,逃げ狙い,12,23,3,,,,,0,0,0.7559,0,,逃げ軸流し,A
2025-07-27,丸亀,8,2,田上　凜,B1,43.84,2,△,8.0525,29,65,20,0.224,4.6333,,,0,低,114,0,-,4 14,0,44.2,0.5379,,,,,,0,0.6667,0,,,B,,,0.0775,0.504,,0.5026,S,92,0,◎1着固定 2-3着流し（5〜8点）,0.5777,"{'is_target': True, 'verdict': '点数絞り', 'max_combo_prob': 0.1153, 'est_top_odds': 11.6, 'circle_concentration': 71.9, 'eligible_count': 6, 'bet_adj': 0, 'reason': 'rel_win1=71.2%（本命度） / 最有力組み合わせ確率: 0.115（推定実オッズ?12倍） / 2着集中度: 上位2艇 71.9%（補正+0.04） / 総合判定確率: 0.155 / → ヒモはやや固め。上位2艇以外を切ること', 'tenji_trigger': '展示確認: 1号艇伸び良→そのまま採用。悪→飛び組に差し替え。circle_pct上位2艇に絞り込むこと。'}",,,24.4,逃げ狙い,12,23,3,,,,,,,,,,,
2025-07-27,丸亀,8,3,魚谷香織,A2,29.63,3,,9.2914,42.9,100,66.7,0.1633,3.2917,,,0,低,49,0,ま0%,461,0,61.7,1.1633,0,0,0.0909,0,0,0.1382,0,0.2342,,,E,◎,,0.344,0.637,,0.5026,S,92,0,◎1着固定 2-3着流し（5〜8点）,0.5777,"{'is_target': True, 'verdict': '点数絞り', 'max_combo_prob': 0.1153, 'est_top_odds': 11.6, 'circle_concentration': 71.9, 'eligible_count': 6, 'bet_adj': 0, 'reason': 'rel_win1=71.2%（本命度） / 最有力組み合わせ確率: 0.115（推定実オッズ?12倍） / 2着集中度: 上位2艇 71.9%（補正+0.04） / 総合判定確率: 0.155 / → ヒモはやや固め。上位2艇以外を切ること', 'tenji_trigger': '展示確認: 1号艇伸び良→そのまま採用。悪→飛び組に差し替え。circle_pct上位2艇に絞り込むこと。'}",,,24.4,逃げ狙い,12,23,3,,,,,,,,,,,
2025-07-27,丸亀,8,4,門田　栞,B1,46.70,4,○,7.0812,16.4,80,42.9,0.15,3.5714,,,0,低,76,0,差ま0%,5 15,0,42.3,0.7366,0,0,0,0.0667,0,0.2308,0.3077,0,,,A,△,,0.3795,0.5145,,0.5026,S,92,0,◎1着固定 2-3着流し（5〜8点）,0.5777,"{'is_target': True, 'verdict': '点数絞り', 'max_combo_prob': 0.1153, 'est_top_odds': 11.6, 'circle_concentration': 71.9, 'eligible_count': 6, 'bet_adj': 0, 'reason': 'rel_win1=71.2%（本命度） / 最有力組み合わせ確率: 0.115（推定実オッズ?12倍） / 2着集中度: 上位2艇 71.9%（補正+0.04） / 総合判定確率: 0.155 / → ヒモはやや固め。上位2艇以外を切ること', 'tenji_trigger': '展示確認: 1号艇伸び良→そのまま採用。悪→飛び組に差し替え。circle_pct上位2艇に絞り込むこと。'}",,,24.4,逃げ狙い,12,23,3,,,,,,,,,,,
2025-07-27,丸亀,8,5,森　陽多,B1,34.50,5,▲,3.401,11.3,53,23.1,0.1488,3.4423,,,0,低,64,0,差ま0%,666,0,23.5,0.7424,0,0,0,0.0769,0,0,0.4,0.2,,,C,,,0.3697,0.472,,0.5026,S,92,0,◎1着固定 2-3着流し（5〜8点）,0.5777,"{'is_target': True, 'verdict': '点数絞り', 'max_combo_prob': 0.1153, 'est_top_odds': 11.6, 'circle_concentration': 71.9, 'eligible_count': 6, 'bet_adj': 0, 'reason': 'rel_win1=71.2%（本命度） / 最有力組み合わせ確率: 0.115（推定実オッズ?12倍） / 2着集中度: 上位2艇 71.9%（補正+0.04） / 総合判定確率: 0.155 / → ヒモはやや固め。上位2艇以外を切ること', 'tenji_trigger': '展示確認: 1号艇伸び良→そのまま採用。悪→飛び組に差し替え。circle_pct上位2艇に絞り込むこと。'}",,,24.4,逃げ狙い,12,23,3,,,,,,,,,,,
2025-07-27,丸亀,8,6,樫葉新心,B1,29.76,6,,0.9655,0.4,14,3.1,0.218,4.7371,,,0,低,136,0,-,551,0,37.3,0.8556,,,,,,0.1864,0.3318,0.2591,,,D,△,,0.1701,0.5565,,0.5026,S,92,0,◎1着固定 2-3着流し（5〜8点）,0.5777,"{'is_target': True, 'verdict': '点数絞り', 'max_combo_prob': 0.1153, 'est_top_odds': 11.6, 'circle_concentration': 71.9, 'eligible_count': 6, 'bet_adj': 0, 'reason': 'rel_win1=71.2%（本命度） / 最有力組み合わせ確率: 0.115（推定実オッズ?12倍） / 2着集中度: 上位2艇 71.9%（補正+0.04） / 総合判定確率: 0.155 / → ヒモはやや固め。上位2艇以外を切ること', 'tenji_trigger': '展示確認: 1号艇伸び良→そのまま採用。悪→飛び組に差し替え。circle_pct上位2艇に絞り込むこと。'}",,,24.4,逃げ狙い,12,23,3,,,,,,,,,,,
2025-07-27,丸亀,9,1,平山智加,A1,40.80,1,◎,66.7906,,0,91.4,0.1529,3.5286,,,0,低,46,0,逃0%,2131,0,99.8,1.4249,0.6364,,,,,0,0.1818,0.1818,◎,,C,◎,,,0.651,,0.5021,S,91,0,◎1着固定 2-3着流し（5〜8点）,0.5777,"{'is_target': True, 'verdict': '参加推奨', 'max_combo_prob': 0.1163, 'est_top_odds': 11.5, 'circle_concentration': 66.9, 'eligible_count': 6, 'bet_adj': 2, 'reason': 'rel_win1=66.8%（本命度） / 最有力組み合わせ確率: 0.116（推定実オッズ?12倍） / 2着集中度: 上位2艇 66.9%（補正+0.00） / 総合判定確率: 0.116 / → ヒモ分散。1号艇1着固定で広めのヒモ流し推奨（買い目+2点）', 'tenji_trigger': '展示確認: ヒモ分散レース。1号艇伸び確認後、広めのヒモ流しを採用。穴ヒモ（5・6号艇）を積極的に含める。'}",,,26.2,逃げ狙い,11.75,28.3,5,,,,,0,0,0.7559,0,,逃げ軸流し,A
2025-07-27,丸亀,9,2,野田部宏,B1,32.66,2,○,8.4943,45.3,86,40.7,0.15,2.7407,,,0,低,35,0,-,233,0,28.9,0.7116,0,0.0909,0,0,0,0.1,0.2,0.2,,◎,D,○,,0.349,0.616,,0.5021,S,91,0,◎1着固定 2-3着流し（5〜8点）,0.5777,"{'is_target': True, 'verdict': '参加推奨', 'max_combo_prob': 0.1163, 'est_top_odds': 11.5, 'circle_concentration': 66.9, 'eligible_count': 6, 'bet_adj': 2, 'reason': 'rel_win1=66.8%（本命度） / 最有力組み合わせ確率: 0.116（推定実オッズ?12倍） / 2着集中度: 上位2艇 66.9%（補正+0.00） / 総合判定確率: 0.116 / → ヒモ分散。1号艇1着固定で広めのヒモ流し推奨（買い目+2点）', 'tenji_trigger': '展示確認: ヒモ分散レース。1号艇伸び確認後、広めのヒモ流しを採用。穴ヒモ（5・6号艇）を積極的に含める。'}",,,26.2,逃げ狙い,11.75,28.3,5,,,,,,,,,,,
2025-07-27,丸亀,9,3,濱崎寿里,B2,30.57,3,,9.3572,21.7,70,0,0.1867,4.2222,,,0,低,23,1,-,233,0,18.5,0.6544,,,,,,0.6667,0,0,,,E,,,0.1422,0.533,,0.5021,S,91,0,◎1着固定 2-3着流し（5〜8点）,0.5777,"{'is_target': True, 'verdict': '参加推奨', 'max_combo_prob': 0.1163, 'est_top_odds': 11.5, 'circle_concentration': 66.9, 'eligible_count': 6, 'bet_adj': 2, 'reason': 'rel_win1=66.8%（本命度） / 最有力組み合わせ確率: 0.116（推定実オッズ?12倍） / 2着集中度: 上位2艇 66.9%（補正+0.00） / 総合判定確率: 0.116 / → ヒモ分散。1号艇1着固定で広めのヒモ流し推奨（買い目+2点）', 'tenji_trigger': '展示確認: ヒモ分散レース。1号艇伸び確認後、広めのヒモ流しを採用。穴ヒモ（5・6号艇）を積極的に含める。'}",,,26.2,逃げ狙い,11.75,28.3,5,,,,,,,,,,,
2025-07-27,丸亀,9,4,小林愛実,B1,48.72,4,▲,6.7333,13.1,100,33.3,0.1933,4.0897,,,0,低,95,0,差ま0%,342,0,28.4,0.7611,0,0,0,0.0769,0,0.3333,0.3333,0,,,A,,,0.1329,0.5715,,0.5021,S,91,0,◎1着固定 2-3着流し（5〜8点）,0.5777,"{'is_target': True, 'verdict': '参加推奨', 'max_combo_prob': 0.1163, 'est_top_odds': 11.5, 'circle_concentration': 66.9, 'eligible_count': 6, 'bet_adj': 2, 'reason': 'rel_win1=66.8%（本命度） / 最有力組み合わせ確率: 0.116（推定実オッズ?12倍） / 2着集中度: 上位2艇 66.9%（補正+0.00） / 総合判定確率: 0.116 / → ヒモ分散。1号艇1着固定で広めのヒモ流し推奨（買い目+2点）', 'tenji_trigger': '展示確認: ヒモ分散レース。1号艇伸び確認後、広めのヒモ流しを採用。穴ヒモ（5・6号艇）を積極的に含める。'}",,,26.2,逃げ狙い,11.75,28.3,5,,,,,,,,,,,
2025-07-27,丸亀,9,5,関野　文,A2,32.02,5,,7.4747,17.8,76,36,0.1596,3.34,,,0,低,58,0,差0% ま0%,451,0,57.3,1.1717,0,0.0769,0.0769,0,0,0.0932,0.0727,0.2409,,,D,△,,0.2781,0.6135,,0.5021,S,91,0,◎1着固定 2-3着流し（5〜8点）,0.5777,"{'is_target': True, 'verdict': '参加推奨', 'max_combo_prob': 0.1163, 'est_top_odds': 11.5, 'circle_concentration': 66.9, 'eligible_count': 6, 'bet_adj': 2, 'reason': 'rel_win1=66.8%（本命度） / 最有力組み合わせ確率: 0.116（推定実オッズ?12倍） / 2着集中度: 上位2艇 66.9%（補正+0.00） / 総合判定確率: 0.116 / → ヒモ分散。1号艇1着固定で広めのヒモ流し推奨（買い目+2点）', 'tenji_trigger': '展示確認: ヒモ分散レース。1号艇伸び確認後、広めのヒモ流しを採用。穴ヒモ（5・6号艇）を積極的に含める。'}",,,26.2,逃げ狙い,11.75,28.3,5,,,,,,,,,,,
2025-07-27,丸亀,9,6,三嶌さら,B1,41.62,6,△,1.1498,2.2,14,3,0.1863,4.0152,,,0,低,82,0,-,2 45,0,27.1,0.6375,,,,,,0,0.25,0,,,B,△,,0.2054,0.576,,0.5021,S,91,0,◎1着固定 2-3着流し（5〜8点）,0.5777,"{'is_target': True, 'verdict': '参加推奨', 'max_combo_prob': 0.1163, 'est_top_odds': 11.5, 'circle_concentration': 66.9, 'eligible_count': 6, 'bet_adj': 2, 'reason': 'rel_win1=66.8%（本命度） / 最有力組み合わせ確率: 0.116（推定実オッズ?12倍） / 2着集中度: 上位2艇 66.9%（補正+0.00） / 総合判定確率: 0.116 / → ヒモ分散。1号艇1着固定で広めのヒモ流し推奨（買い目+2点）', 'tenji_trigger': '展示確認: ヒモ分散レース。1号艇伸び確認後、広めのヒモ流しを採用。穴ヒモ（5・6号艇）を積極的に含める。'}",,,26.2,逃げ狙い,11.75,28.3,5,,,,,,,,,,,
2025-07-27,丸亀,10,1,小野生奈,A1,31.16,1,◎,71.2122,,0,96.3,0.0993,1.963,,,0,低,35,0,逃1%,1145,0,93.6,1.2693,0.7857,,,,,0.0714,0,0.1429,◎,,C,◎,,,0.625,,0.7974,S,92,0,◎1着固定 2-3着流し（5〜8点）,0.5777,"{'is_target': True, 'verdict': '点数絞り', 'max_combo_prob': 0.1357, 'est_top_odds': 9.8, 'circle_concentration': 82.3, 'eligible_count': 6, 'bet_adj': 0, 'reason': 'rel_win1=71.2%（本命度） / 最有力組み合わせ確率: 0.136（推定実オッズ?10倍） / 2着集中度: 上位2艇 82.3%（補正+0.04） / 総合判定確率: 0.176 / → ヒモはやや固め。上位2艇以外を切ること', 'tenji_trigger': '展示確認: 1号艇伸び良→そのまま採用。悪→飛び組に差し替え。circle_pct上位2艇に絞り込むこと。\n展示で1号艇スタート超安定(0.099秒)→ヒモ固まり方向に注意'}",,,23.9,逃げ狙い,9.1,24.1,3,,,,,0,0,0.7559,0,,逃げ軸流し,A
2025-07-27,丸亀,10,2,中川りな,A2,38.81,2,▲,7.1583,50.5,86,59.3,0.1685,3.7593,,,0,低,61,0,差0%,2 52,0,43.5,0.9597,0,0.0833,0,0,0,0,0.1429,0.0714,,,A,○,,0.0681,0.6205,,0.7974,S,92,0,◎1着固定 2-3着流し（5〜8点）,0.5777,"{'is_target': True, 'verdict': '点数絞り', 'max_combo_prob': 0.1357, 'est_top_odds': 9.8, 'circle_concentration': 82.3, 'eligible_count': 6, 'bet_adj': 0, 'reason': 'rel_win1=71.2%（本命度） / 最有力組み合わせ確率: 0.136（推定実オッズ?10倍） / 2着集中度: 上位2艇 82.3%（補正+0.04） / 総合判定確率: 0.176 / → ヒモはやや固め。上位2艇以外を切ること', 'tenji_trigger': '展示確認: 1号艇伸び良→そのまま採用。悪→飛び組に差し替え。circle_pct上位2艇に絞り込むこと。\n展示で1号艇スタート超安定(0.099秒)→ヒモ固まり方向に注意'}",,,23.9,逃げ狙い,9.1,24.1,3,,,,,,,,,,,
2025-07-27,丸亀,10,3,赤井　睦,B1,32.16,3,○,11.4627,31.8,100,66.7,0.1556,2.9722,,,0,低,24,0,ま0%,126,0,56.5,1.2323,0,0,0.1429,0,0,0.1944,0.0444,0.4333,,,B,△,,0.1351,0.596,,0.7974,S,92,0,◎1着固定 2-3着流し（5〜8点）,0.5777,"{'is_target': True, 'verdict': '点数絞り', 'max_combo_prob': 0.1357, 'est_top_odds': 9.8, 'circle_concentration': 82.3, 'eligible_count': 6, 'bet_adj': 0, 'reason': 'rel_win1=71.2%（本命度） / 最有力組み合わせ確率: 0.136（推定実オッズ?10倍） / 2着集中度: 上位2艇 82.3%（補正+0.04） / 総合判定確率: 0.176 / → ヒモはやや固め。上位2艇以外を切ること', 'tenji_trigger': '展示確認: 1号艇伸び良→そのまま採用。悪→飛び組に差し替え。circle_pct上位2艇に絞り込むこと。\n展示で1号艇スタート超安定(0.099秒)→ヒモ固まり方向に注意'}",,,23.9,逃げ狙い,9.1,24.1,3,,,,,,,,,,,
2025-07-27,丸亀,10,4,飯塚　響,B1,29.27,4,△,6.0255,11.5,61,17.6,0.2012,3.5882,,,0,低,45,0,-,545,0,28,0.6,,,,,,0,0,0,,,D,,,0.1352,0.5145,,0.7974,S,92,0,◎1着固定 2-3着流し（5〜8点）,0.5777,"{'is_target': True, 'verdict': '点数絞り', 'max_combo_prob': 0.1357, 'est_top_odds': 9.8, 'circle_concentration': 82.3, 'eligible_count': 6, 'bet_adj': 0, 'reason': 'rel_win1=71.2%（本命度） / 最有力組み合わせ確率: 0.136（推定実オッズ?10倍） / 2着集中度: 上位2艇 82.3%（補正+0.04） / 総合判定確率: 0.176 / → ヒモはやや固め。上位2艇以外を切ること', 'tenji_trigger': '展示確認: 1号艇伸び良→そのまま採用。悪→飛び組に差し替え。circle_pct上位2艇に絞り込むこと。\n展示で1号艇スタート超安定(0.099秒)→ヒモ固まり方向に注意'}",,,23.9,逃げ狙い,9.1,24.1,3,,,,,,,,,,,
2025-07-27,丸亀,10,5,村上奈穂,B1,28.08,5,,3.0964,5.1,80,17.4,0.2222,4.6304,,,0,低,64,0,-,553,0,21.5,0.696,,,,,,0.1818,0.3636,0.0909,,,D,△,,0.135,0.578,,0.7974,S,92,0,◎1着固定 2-3着流し（5〜8点）,0.5777,"{'is_target': True, 'verdict': '点数絞り', 'max_combo_prob': 0.1357, 'est_top_odds': 9.8, 'circle_concentration': 82.3, 'eligible_count': 6, 'bet_adj': 0, 'reason': 'rel_win1=71.2%（本命度） / 最有力組み合わせ確率: 0.136（推定実オッズ?10倍） / 2着集中度: 上位2艇 82.3%（補正+0.04） / 総合判定確率: 0.176 / → ヒモはやや固め。上位2艇以外を切ること', 'tenji_trigger': '展示確認: 1号艇伸び良→そのまま採用。悪→飛び組に差し替え。circle_pct上位2艇に絞り込むこと。\n展示で1号艇スタート超安定(0.099秒)→ヒモ固まり方向に注意'}",,,23.9,逃げ狙い,9.1,24.1,3,,,,,,,,,,,
2025-07-27,丸亀,10,6,石村日奈,B2,27.59,6,,1.0449,1.1,24,3.4,0.2225,4.6186,,,0,低,58,0,-,665,0,21.5,0.8556,,,,,,,,,,,E,,,0.135,0.5105,,0.7974,S,92,0,◎1着固定 2-3着流し（5〜8点）,0.5777,"{'is_target': True, 'verdict': '点数絞り', 'max_combo_prob': 0.1357, 'est_top_odds': 9.8, 'circle_concentration': 82.3, 'eligible_count': 6, 'bet_adj': 0, 'reason': 'rel_win1=71.2%（本命度） / 最有力組み合わせ確率: 0.136（推定実オッズ?10倍） / 2着集中度: 上位2艇 82.3%（補正+0.04） / 総合判定確率: 0.176 / → ヒモはやや固め。上位2艇以外を切ること', 'tenji_trigger': '展示確認: 1号艇伸び良→そのまま採用。悪→飛び組に差し替え。circle_pct上位2艇に絞り込むこと。\n展示で1号艇スタート超安定(0.099秒)→ヒモ固まり方向に注意'}",,,23.9,逃げ狙い,9.1,24.1,3,,,,,,,,,,,
2025-07-27,丸亀,11,1,寺田千恵,A1,31.98,1,◎,61.1106,,0,90.2,0.1568,3.0366,,,0,低,54,0,逃1%,1 23,0,89,1.1672,0.6364,,,,,0.1818,0.0909,0.0909,◎,,C,◎,,,0.6385,,0.5243,S,92,0,◎1着固定 2-3着流し（5〜8点）,0.5777,"{'is_target': True, 'verdict': '参加推奨', 'max_combo_prob': 0.0745, 'est_top_odds': 17.9, 'circle_concentration': 64.4, 'eligible_count': 6, 'bet_adj': 2, 'reason': 'rel_win1=61.1%（本命度） / 最有力組み合わせ確率: 0.074（推定実オッズ?18倍） / 2着集中度: 上位2艇 64.4%（補正+0.00） / 総合判定確率: 0.074 / → ヒモ分散。1号艇1着固定で広めのヒモ流し推奨（買い目+2点）', 'tenji_trigger': '展示確認: ヒモ分散レース。1号艇伸び確認後、広めのヒモ流しを採用。穴ヒモ（5・6号艇）を積極的に含める。'}",,,28.4,逃げ狙い,16.39,30.6,3,,,,,0,0,0.7559,0,,逃げ軸流し,A
2025-07-27,丸亀,11,2,佐藤ほの,B1,31.34,2,,11.1608,34,70,38.2,0.1844,3.6765,,,0,低,65,0,差0% ま0%,344,0,33.7,0.666,0,0.1053,0.0526,0,0,0.3333,0.4444,0.1111,,,D,△,,0.0717,0.5605,,0.5243,S,92,0,◎1着固定 2-3着流し（5〜8点）,0.5777,"{'is_target': True, 'verdict': '参加推奨', 'max_combo_prob': 0.0745, 'est_top_odds': 17.9, 'circle_concentration': 64.4, 'eligible_count': 6, 'bet_adj': 2, 'reason': 'rel_win1=61.1%（本命度） / 最有力組み合わせ確率: 0.074（推定実オッズ?18倍） / 2着集中度: 上位2艇 64.4%（補正+0.00） / 総合判定確率: 0.074 / → ヒモ分散。1号艇1着固定で広めのヒモ流し推奨（買い目+2点）', 'tenji_trigger': '展示確認: ヒモ分散レース。1号艇伸び確認後、広めのヒモ流しを採用。穴ヒモ（5・6号艇）を積極的に含める。'}",,,28.4,逃げ狙い,16.39,30.6,3,,,,,,,,,,,
2025-07-27,丸亀,11,3,高憧四季,A1,30.65,3,,13.9708,30.4,84,64.7,0.1526,2.75,,,0,低,59,0,ま0% 差ま0%,1 26,0,61.7,1.2867,0,0,0.1429,0.1429,0,0,0.0769,0.0769,,,D,△,,0.3434,0.62,,0.5243,S,92,0,◎1着固定 2-3着流し（5〜8点）,0.5777,"{'is_target': True, 'verdict': '参加推奨', 'max_combo_prob': 0.0745, 'est_top_odds': 17.9, 'circle_concentration': 64.4, 'eligible_count': 6, 'bet_adj': 2, 'reason': 'rel_win1=61.1%（本命度） / 最有力組み合わせ確率: 0.074（推定実オッズ?18倍） / 2着集中度: 上位2艇 64.4%（補正+0.00） / 総合判定確率: 0.074 / → ヒモ分散。1号艇1着固定で広めのヒモ流し推奨（買い目+2点）', 'tenji_trigger': '展示確認: ヒモ分散レース。1号艇伸び確認後、広めのヒモ流しを採用。穴ヒモ（5・6号艇）を積極的に含める。'}",,,28.4,逃げ狙い,16.39,30.6,3,,,,,,,,,,,
2025-07-27,丸亀,11,4,川野芽唯,A1,35.27,4,○,9.8724,26.4,100,66.7,0.1914,4.1905,,,0,低,72,0,ま0%,152,0,67.4,1.343,0,0,0.0909,0,0,0,0.0556,0.0556,,,B,○,,0.1631,0.625,,0.5243,S,92,0,◎1着固定 2-3着流し（5〜8点）,0.5777,"{'is_target': True, 'verdict': '参加推奨', 'max_combo_prob': 0.0745, 'est_top_odds': 17.9, 'circle_concentration': 64.4, 'eligible_count': 6, 'bet_adj': 2, 'reason': 'rel_win1=61.1%（本命度） / 最有力組み合わせ確率: 0.074（推定実オッズ?18倍） / 2着集中度: 上位2艇 64.4%（補正+0.00） / 総合判定確率: 0.074 / → ヒモ分散。1号艇1着固定で広めのヒモ流し推奨（買い目+2点）', 'tenji_trigger': '展示確認: ヒモ分散レース。1号艇伸び確認後、広めのヒモ流しを採用。穴ヒモ（5・6号艇）を積極的に含める。'}",,,28.4,逃げ狙い,16.39,30.6,3,,,,,,,,,,,
2025-07-27,丸亀,11,5,大廣咲季,B1,32.84,5,▲,2.7358,6.9,36,8,0.1836,4.02,,,0,低,81,0,-,163,0,28.2,0.6262,0,0.0526,0,0,0,0.3333,0.3333,0,,,C,,,0.1977,0.543,,0.5243,S,92,0,◎1着固定 2-3着流し（5〜8点）,0.5777,"{'is_target': True, 'verdict': '参加推奨', 'max_combo_prob': 0.0745, 'est_top_odds': 17.9, 'circle_concentration': 64.4, 'eligible_count': 6, 'bet_adj': 2, 'reason': 'rel_win1=61.1%（本命度） / 最有力組み合わせ確率: 0.074（推定実オッズ?18倍） / 2着集中度: 上位2艇 64.4%（補正+0.00） / 総合判定確率: 0.074 / → ヒモ分散。1号艇1着固定で広めのヒモ流し推奨（買い目+2点）', 'tenji_trigger': '展示確認: ヒモ分散レース。1号艇伸び確認後、広めのヒモ流しを採用。穴ヒモ（5・6号艇）を積極的に含める。'}",,,28.4,逃げ狙い,16.39,30.6,3,,,,,,,,,,,
2025-07-27,丸亀,11,6,片岡恵里,A2,39.71,6,△,1.1496,2.3,59,18.2,0.2086,4.2273,,,0,低,68,0,-,412,0,25,0.8622,,,,,,0,0.1429,0.1429,,,B,△,,0.1487,0.62,,0.5243,S,92,0,◎1着固定 2-3着流し（5〜8点）,0.5777,"{'is_target': True, 'verdict': '参加推奨', 'max_combo_prob': 0.0745, 'est_top_odds': 17.9, 'circle_concentration': 64.4, 'eligible_count': 6, 'bet_adj': 2, 'reason': 'rel_win1=61.1%（本命度） / 最有力組み合わせ確率: 0.074（推定実オッズ?18倍） / 2着集中度: 上位2艇 64.4%（補正+0.00） / 総合判定確率: 0.074 / → ヒモ分散。1号艇1着固定で広めのヒモ流し推奨（買い目+2点）', 'tenji_trigger': '展示確認: ヒモ分散レース。1号艇伸び確認後、広めのヒモ流しを採用。穴ヒモ（5・6号艇）を積極的に含める。'}",,,28.4,逃げ狙い,16.39,30.6,3,,,,,,,,,,,
2025-07-27,丸亀,12,1,清水愛海,A1,37.88,1,◎,65.2849,,0,89.3,0.1714,3.4107,,,0,低,73,0,逃1%,1442,0,78.1,1.1741,0.7273,,,,,0.0909,0.1818,0,◎,,C,○,,,0.634,,0.4796,A,73,0,◎-○軸 3着3〜4艇流し（10〜15点）,0.5777,"{'is_target': True, 'verdict': '参加推奨', 'max_combo_prob': 0.0719, 'est_top_odds': 18.5, 'circle_concentration': 66.7, 'eligible_count': 8, 'bet_adj': 2, 'reason': 'rel_win1=65.3%（本命度） / 最有力組み合わせ確率: 0.072（推定実オッズ?18倍） / 2着集中度: 上位2艇 66.7%（補正+0.00） / 総合判定確率: 0.072 / → ヒモ分散。1号艇1着固定で広めのヒモ流し推奨（買い目+2点）', 'tenji_trigger': '展示確認: ヒモ分散レース。1号艇伸び確認後、広めのヒモ流しを採用。穴ヒモ（5・6号艇）を積極的に含める。'}",,,28.4,逃げ狙い,17.66,29.4,2,,,,,0,0,0.7559,0,,逃げ軸流し,A
2025-07-27,丸亀,12,2,鎌倉　涼,A1,35.15,2,,10.8477,36.8,98,45,0.178,3.925,,,0,低,56,0,-,321,0,61.6,0.7607,,,,,,0.1667,0.1667,0,,,C,,,0.2615,0.5705,,0.4796,A,73,0,◎-○軸 3着3〜4艇流し（10〜15点）,0.5777,"{'is_target': True, 'verdict': '参加推奨', 'max_combo_prob': 0.0719, 'est_top_odds': 18.5, 'circle_concentration': 66.7, 'eligible_count': 8, 'bet_adj': 2, 'reason': 'rel_win1=65.3%（本命度） / 最有力組み合わせ確率: 0.072（推定実オッズ?18倍） / 2着集中度: 上位2艇 66.7%（補正+0.00） / 総合判定確率: 0.072 / → ヒモ分散。1号艇1着固定で広めのヒモ流し推奨（買い目+2点）', 'tenji_trigger': '展示確認: ヒモ分散レース。1号艇伸び確認後、広めのヒモ流しを採用。穴ヒモ（5・6号艇）を積極的に含める。'}",,,28.4,逃げ狙い,17.66,29.4,2,,,,,,,,,,,
2025-07-27,丸亀,12,3,松尾夏海,A1,31.88,3,△,10.0745,29.9,78,51.8,0.1526,2.9444,,,0,低,45,0,-,5111,0,97.2,2.045,0,0,0.0909,0,0,,,,,○,E,◎,,0.3885,0.684,,0.4796,A,73,0,◎-○軸 3着3〜4艇流し（10〜15点）,0.5777,"{'is_target': True, 'verdict': '参加推奨', 'max_combo_prob': 0.0719, 'est_top_odds': 18.5, 'circle_concentration': 66.7, 'eligible_count': 8, 'bet_adj': 2, 'reason': 'rel_win1=65.3%（本命度） / 最有力組み合わせ確率: 0.072（推定実オッズ?18倍） / 2着集中度: 上位2艇 66.7%（補正+0.00） / 総合判定確率: 0.072 / → ヒモ分散。1号艇1着固定で広めのヒモ流し推奨（買い目+2点）', 'tenji_trigger': '展示確認: ヒモ分散レース。1号艇伸び確認後、広めのヒモ流しを採用。穴ヒモ（5・6号艇）を積極的に含める。'}",,,28.4,逃げ狙い,17.66,29.4,2,,,,,,,,,,,
2025-07-27,丸亀,12,4,山川美由,B1,45.13,4,○,9.2075,18.8,94,77.8,0.1544,2.8333,,,0,低,16,1,-,231,0,47.9,1.0562,0,0,0.25,0,0,0,0,0.3333,,◎,B,△,,0.418,0.584,,0.4796,A,73,0,◎-○軸 3着3〜4艇流し（10〜15点）,0.5777,"{'is_target': True, 'verdict': '参加推奨', 'max_combo_prob': 0.0719, 'est_top_odds': 18.5, 'circle_concentration': 66.7, 'eligible_count': 8, 'bet_adj': 2, 'reason': 'rel_win1=65.3%（本命度） / 最有力組み合わせ確率: 0.072（推定実オッズ?18倍） / 2着集中度: 上位2艇 66.7%（補正+0.00） / 総合判定確率: 0.072 / → ヒモ分散。1号艇1着固定で広めのヒモ流し推奨（買い目+2点）', 'tenji_trigger': '展示確認: ヒモ分散レース。1号艇伸び確認後、広めのヒモ流しを採用。穴ヒモ（5・6号艇）を積極的に含める。'}",,,28.4,逃げ狙い,17.66,29.4,2,,,,,,,,,,,
2025-07-27,丸亀,12,5,廣中智紗,A2,34.63,5,,3.0189,12.5,100,50,0.1875,4.3,,,0,低,82,0,-,2 51,0,28.3,1.2979,,,,,,0.0421,0.1632,0.2632,,,D,,,0.2538,0.5755,,0.4796,A,73,0,◎-○軸 3着3〜4艇流し（10〜15点）,0.5777,"{'is_target': True, 'verdict': '参加推奨', 'max_combo_prob': 0.0719, 'est_top_odds': 18.5, 'circle_concentration': 66.7, 'eligible_count': 8, 'bet_adj': 2, 'reason': 'rel_win1=65.3%（本命度） / 最有力組み合わせ確率: 0.072（推定実オッズ?18倍） / 2着集中度: 上位2艇 66.7%（補正+0.00） / 総合判定確率: 0.072 / → ヒモ分散。1号艇1着固定で広めのヒモ流し推奨（買い目+2点）', 'tenji_trigger': '展示確認: ヒモ分散レース。1号艇伸び確認後、広めのヒモ流しを採用。穴ヒモ（5・6号艇）を積極的に含める。'}",,,28.4,逃げ狙い,17.66,29.4,2,,,,,,,,,,,
2025-07-27,丸亀,12,6,吉田彩乃,B1,45.45,6,▲,1.5664,2,62,17.6,0.1741,4.4412,,,0,低,47,0,-,342,0,31.9,0.8133,,,,,,0.23,0.69,0,,,B,△,,0.3014,0.5885,,0.4796,A,73,0,◎-○軸 3着3〜4艇流し（10〜15点）,0.5777,"{'is_target': True, 'verdict': '参加推奨', 'max_combo_prob': 0.0719, 'est_top_odds': 18.5, 'circle_concentration': 66.7, 'eligible_count': 8, 'bet_adj': 2, 'reason': 'rel_win1=65.3%（本命度） / 最有力組み合わせ確率: 0.072（推定実オッズ?18倍） / 2着集中度: 上位2艇 66.7%（補正+0.00） / 総合判定確率: 0.072 / → ヒモ分散。1号艇1着固定で広めのヒモ流し推奨（買い目+2点）', 'tenji_trigger': '展示確認: ヒモ分散レース。1号艇伸び確認後、広めのヒモ流しを採用。穴ヒモ（5・6号艇）を積極的に含める。'}",,,28.4,逃げ狙い,17.66,29.4,2,,,,,,,,,,,
2025-07-28,丸亀,1,1,谷口佳蓮,B1,39.42,1,◎,62.9441,,0,80,0.1367,2.7,,,0,低,45,0,逃1%,3 235,0,91.1,1.2074,0.5455,,,,,0.1091,0,0.2727,◎⚠️,,C,△,,,0.5715,,0.5333,A,77,0,◎-○軸 3着3〜4艇流し（10〜15点）,0.5777,"{'is_target': True, 'verdict': '点数絞り', 'max_combo_prob': 0.0804, 'est_top_odds': 16.6, 'circle_concentration': 75.2, 'eligible_count': 8, 'bet_adj': 0, 'reason': 'rel_win1=62.9%（本命度） / 最有力組み合わせ確率: 0.080（推定実オッズ?17倍） / 2着集中度: 上位2艇 75.2%（補正+0.04） / 総合判定確率: 0.120 / → ヒモはやや固め。上位2艇以外を切ること', 'tenji_trigger': '展示確認: 1号艇伸び良→そのまま採用。悪→飛び組に差し替え。circle_pct上位2艇に絞り込むこと。\n展示で1号艇スタート超安定(0.137秒)→ヒモ固まり方向に注意'}",,,28.4,逃げ狙い,18.48,28.9,2,4-5-1|4-3-5|4-3-1|4-5-6|4-5-3|4-1-5|4-3-6|4-1-3|4-1-2|1-3-2|1-3-5|1-2-3,4-5-1|4-3-5|4-3-1|4-5-6|4-5-3|4-1-5|4-3-6|4-1-3|4-1-2|1-3-2|1-3-5|1-2-3,4-5-1:1.01%|4-3-5:0.77%|4-3-1:0.58%|4-5-6:0.56%|4-5-3:0.55%|4-1-5:0.52%|4-3-6:0.32%|4-1-3:11.44%|4-1-2:7.86%|1-3-2:4.61%|1-3-5:4.51%|1-2-3:4.28%,4-5-1:B_main|4-3-5:B_main|4-3-1:B_main|4-5-6:B_main|4-5-3:B_main|4-1-5:B_main|4-3-6:B_main|4-1-3:B_sc|4-1-2:B_sc|1-3-2:A|1-3-5:A|1-2-3:A,12,12,0.4535,1,[!]見送り推奨（主役決まり手「まくり」― 逃げ劣勢レースで的中実績なし）,主役軸流し,B
2025-07-28,丸亀,1,2,前原　哉,B1,40.80,2,▲,14.5124,37.2,100,47.2,0.1886,3.5556,,,0,低,107,0,-,5 545,0,70.4,1.4576,,,,,,0,0.4286,0.1429,,,B,△,,0.0775,0.5705,,0.5333,A,77,0,◎-○軸 3着3〜4艇流し（10〜15点）,0.5777,"{'is_target': True, 'verdict': '点数絞り', 'max_combo_prob': 0.0804, 'est_top_odds': 16.6, 'circle_concentration': 75.2, 'eligible_count': 8, 'bet_adj': 0, 'reason': 'rel_win1=62.9%（本命度） / 最有力組み合わせ確率: 0.080（推定実オッズ?17倍） / 2着集中度: 上位2艇 75.2%（補正+0.04） / 総合判定確率: 0.120 / → ヒモはやや固め。上位2艇以外を切ること', 'tenji_trigger': '展示確認: 1号艇伸び良→そのまま採用。悪→飛び組に差し替え。circle_pct上位2艇に絞り込むこと。\n展示で1号艇スタート超安定(0.137秒)→ヒモ固まり方向に注意'}",,,28.4,逃げ狙い,18.48,28.9,2,,,,,,,,,,,
2025-07-28,丸亀,1,3,山田理央,A2,34.00,3,△,6.7199,38.1,85,56.8,0.1295,2.4054,,,0,低,62,0,-,2 5221,0,62,1.3573,,,,,,0.0444,0.1444,0.0222,,,D,○,,0.346,0.6,,0.5333,A,77,0,◎-○軸 3着3〜4艇流し（10〜15点）,0.5777,"{'is_target': True, 'verdict': '点数絞り', 'max_combo_prob': 0.0804, 'est_top_odds': 16.6, 'circle_concentration': 75.2, 'eligible_count': 8, 'bet_adj': 0, 'reason': 'rel_win1=62.9%（本命度） / 最有力組み合わせ確率: 0.080（推定実オッズ?17倍） / 2着集中度: 上位2艇 75.2%（補正+0.04） / 総合判定確率: 0.120 / → ヒモはやや固め。上位2艇以外を切ること', 'tenji_trigger': '展示確認: 1号艇伸び良→そのまま採用。悪→飛び組に差し替え。circle_pct上位2艇に絞り込むこと。\n展示で1号艇スタート超安定(0.137秒)→ヒモ固まり方向に注意'}",,,28.4,逃げ狙い,18.48,28.9,2,,,,,,,,,,,
2025-07-28,丸亀,1,4,中尾彩香,B1,40.82,4,○,10.0799,16.2,93,28.6,0.171,3.4286,,,0,低,58,0,-,5 255,0,34.1,0.8215,,,,,,0.1667,0.1667,0,,,B,,,0.1766,0.529,,0.5333,A,77,0,◎-○軸 3着3〜4艇流し（10〜15点）,0.5777,"{'is_target': True, 'verdict': '点数絞り', 'max_combo_prob': 0.0804, 'est_top_odds': 16.6, 'circle_concentration': 75.2, 'eligible_count': 8, 'bet_adj': 0, 'reason': 'rel_win1=62.9%（本命度） / 最有力組み合わせ確率: 0.080（推定実オッズ?17倍） / 2着集中度: 上位2艇 75.2%（補正+0.04） / 総合判定確率: 0.120 / → ヒモはやや固め。上位2艇以外を切ること', 'tenji_trigger': '展示確認: 1号艇伸び良→そのまま採用。悪→飛び組に差し替え。circle_pct上位2艇に絞り込むこと。\n展示で1号艇スタート超安定(0.137秒)→ヒモ固まり方向に注意'}",,,28.4,逃げ狙い,18.48,28.9,2,,,,,,,,,,,
2025-07-28,丸亀,1,5,北村寧々,B1,30.39,5,,4.5151,8.1,72,18.8,0.1487,3.4219,,,0,低,40,0,-,5 641,0,27.3,0.6957,,,,,,0,0.3333,0,,,E,◎,,0.2718,0.6365,,0.5333,A,77,0,◎-○軸 3着3〜4艇流し（10〜15点）,0.5777,"{'is_target': True, 'verdict': '点数絞り', 'max_combo_prob': 0.0804, 'est_top_odds': 16.6, 'circle_concentration': 75.2, 'eligible_count': 8, 'bet_adj': 0, 'reason': 'rel_win1=62.9%（本命度） / 最有力組み合わせ確率: 0.080（推定実オッズ?17倍） / 2着集中度: 上位2艇 75.2%（補正+0.04） / 総合判定確率: 0.120 / → ヒモはやや固め。上位2艇以外を切ること', 'tenji_trigger': '展示確認: 1号艇伸び良→そのまま採用。悪→飛び組に差し替え。circle_pct上位2艇に絞り込むこと。\n展示で1号艇スタート超安定(0.137秒)→ヒモ固まり方向に注意'}",,,28.4,逃げ狙い,18.48,28.9,2,,,,,,,,,,,
2025-07-28,丸亀,1,6,植竹玲奈,B2,38.76,6,,1.2286,0.5,33,1.4,0.2118,4.6233,,,0,低,67,0,-,3 463,0,25.8,0.8222,,,,,,,,,,,C,,,0.135,0.5055,,0.5333,A,77,0,◎-○軸 3着3〜4艇流し（10〜15点）,0.5777,"{'is_target': True, 'verdict': '点数絞り', 'max_combo_prob': 0.0804, 'est_top_odds': 16.6, 'circle_concentration': 75.2, 'eligible_count': 8, 'bet_adj': 0, 'reason': 'rel_win1=62.9%（本命度） / 最有力組み合わせ確率: 0.080（推定実オッズ?17倍） / 2着集中度: 上位2艇 75.2%（補正+0.04） / 総合判定確率: 0.120 / → ヒモはやや固め。上位2艇以外を切ること', 'tenji_trigger': '展示確認: 1号艇伸び良→そのまま採用。悪→飛び組に差し替え。circle_pct上位2艇に絞り込むこと。\n展示で1号艇スタート超安定(0.137秒)→ヒモ固まり方向に注意'}",,,28.4,逃げ狙い,18.48,28.9,2,,,,,,,,,,,
2025-07-28,丸亀,2,1,松本　怜,B1,39.80,1,◎,51.9353,,0,63.6,0.2018,3.9091,,,0,低,54,1,逃0%,6 143,0,46.5,0.8572,0.25,,,,,0,0.5,0.25,,,C,△,,,0.572,,0.1738,B,51,0,◎○△フォーメーション（15〜20点）,0.5777,"{'is_target': True, 'verdict': '点数絞り', 'max_combo_prob': 0.1029, 'est_top_odds': 13.0, 'circle_concentration': 81.2, 'eligible_count': 9, 'bet_adj': 0, 'reason': 'rel_win1=51.9%（本命度） / 最有力組み合わせ確率: 0.103（推定実オッズ?13倍） / 2着集中度: 上位2艇 81.2%（補正+0.04） / 総合判定確率: 0.143 / → ヒモはやや固め。上位2艇以外を切ること', 'tenji_trigger': '展示確認: 1号艇伸び良→そのまま採用。悪→飛び組に差し替え。circle_pct上位2艇に絞り込むこと。\n展示で1号艇スタート遅め(0.202秒)確認→ヒモが荒れやすい'}",,,37.1,両建て推奨,18.23,39.5,2,2-1-3|2-1-4|2-1-6|2-3-1|2-6-1|2-3-4|2-6-3|1-3-2|1-2-6,2-1-3|2-1-4|2-1-6|2-3-1|2-6-1|2-3-4|2-6-3|5-1-6|1-3-2|6-1-3|6-1-4|1-2-6,2-1-3:3.22%|2-1-4:2.16%|2-1-6:1.6%|2-3-1:1.01%|2-6-1:0.62%|2-3-4:0.31%|2-6-3:0.28%|1-3-2:5.21%|1-2-6:4.4%,2-1-3:B_main|2-1-4:B_main|2-1-6:B_main|2-3-1:B_main|2-6-1:B_main|2-3-4:B_main|2-6-3:B_main|1-3-2:A|1-2-6:A,9,12,0.2915,1,[!]見送り推奨（主役決まり手「差し」― 逃げ劣勢レースで的中実績なし）,主役軸流し,B
2025-07-28,丸亀,2,2,高憧四季,A1,30.65,2,▲,24.4918,34.7,100,72.4,0.169,3.6207,,,0,低,59,0,差0% ま0%,1 2612,0,58.6,1.2914,0,0.25,0.125,0,0,0,0.0769,0.0769,,◎,E,○,,0.605,0.62,,0.1738,B,51,0,◎○△フォーメーション（15〜20点）,0.5777,"{'is_target': True, 'verdict': '点数絞り', 'max_combo_prob': 0.1029, 'est_top_odds': 13.0, 'circle_concentration': 81.2, 'eligible_count': 9, 'bet_adj': 0, 'reason': 'rel_win1=51.9%（本命度） / 最有力組み合わせ確率: 0.103（推定実オッズ?13倍） / 2着集中度: 上位2艇 81.2%（補正+0.04） / 総合判定確率: 0.143 / → ヒモはやや固め。上位2艇以外を切ること', 'tenji_trigger': '展示確認: 1号艇伸び良→そのまま採用。悪→飛び組に差し替え。circle_pct上位2艇に絞り込むこと。\n展示で1号艇スタート遅め(0.202秒)確認→ヒモが荒れやすい'}",,,37.1,両建て推奨,18.23,39.5,2,,,,,,,,,,,
2025-07-28,丸亀,2,3,中川りな,A2,38.81,3,,11.4282,46.6,45,46.9,0.1659,3.6406,,,0,低,61,0,-,2 5232,0,21.3,0.6637,0,0,0.0667,0,0,0,0.1429,0.0714,,○,D,◎,,0.4584,0.6205,,0.1738,B,51,0,◎○△フォーメーション（15〜20点）,0.5777,"{'is_target': True, 'verdict': '点数絞り', 'max_combo_prob': 0.1029, 'est_top_odds': 13.0, 'circle_concentration': 81.2, 'eligible_count': 9, 'bet_adj': 0, 'reason': 'rel_win1=51.9%（本命度） / 最有力組み合わせ確率: 0.103（推定実オッズ?13倍） / 2着集中度: 上位2艇 81.2%（補正+0.04） / 総合判定確率: 0.143 / → ヒモはやや固め。上位2艇以外を切ること', 'tenji_trigger': '展示確認: 1号艇伸び良→そのまま採用。悪→飛び組に差し替え。circle_pct上位2艇に絞り込むこと。\n展示で1号艇スタート遅め(0.202秒)確認→ヒモが荒れやすい'}",,,37.1,両建て推奨,18.23,39.5,2,,,,,,,,,,,
2025-07-28,丸亀,2,4,三嶌さら,B1,41.62,4,△,7.5931,10.4,62,24.2,0.1927,4.2424,,,0,低,82,0,差0%,2 455,0,46.2,0.8479,0,0.0455,0,0,0,0,0.25,0,,,C,△,,0.3181,0.576,,0.1738,B,51,0,◎○△フォーメーション（15〜20点）,0.5777,"{'is_target': True, 'verdict': '点数絞り', 'max_combo_prob': 0.1029, 'est_top_odds': 13.0, 'circle_concentration': 81.2, 'eligible_count': 9, 'bet_adj': 0, 'reason': 'rel_win1=51.9%（本命度） / 最有力組み合わせ確率: 0.103（推定実オッズ?13倍） / 2着集中度: 上位2艇 81.2%（補正+0.04） / 総合判定確率: 0.143 / → ヒモはやや固め。上位2艇以外を切ること', 'tenji_trigger': '展示確認: 1号艇伸び良→そのまま採用。悪→飛び組に差し替え。circle_pct上位2艇に絞り込むこと。\n展示で1号艇スタート遅め(0.202秒)確認→ヒモが荒れやすい'}",,,37.1,両建て推奨,18.23,39.5,2,,,,,,,,,,,
2025-07-28,丸亀,2,5,田上　凜,B1,43.84,5,,3.2356,4.5,31,15.1,0.2057,4.3962,,,0,低,114,0,-,4 145,0,30.9,1.149,,,,,,0,0.6667,0,,,B,,,0.3013,0.504,,0.1738,B,51,0,◎○△フォーメーション（15〜20点）,0.5777,"{'is_target': True, 'verdict': '点数絞り', 'max_combo_prob': 0.1029, 'est_top_odds': 13.0, 'circle_concentration': 81.2, 'eligible_count': 9, 'bet_adj': 0, 'reason': 'rel_win1=51.9%（本命度） / 最有力組み合わせ確率: 0.103（推定実オッズ?13倍） / 2着集中度: 上位2艇 81.2%（補正+0.04） / 総合判定確率: 0.143 / → ヒモはやや固め。上位2艇以外を切ること', 'tenji_trigger': '展示確認: 1号艇伸び良→そのまま採用。悪→飛び組に差し替え。circle_pct上位2艇に絞り込むこと。\n展示で1号艇スタート遅め(0.202秒)確認→ヒモが荒れやすい'}",,,37.1,両建て推奨,18.23,39.5,2,,,,,,,,,,,
2025-07-28,丸亀,2,6,門田　栞,B1,46.70,6,○,1.316,3.9,42,22.2,0.1606,2.9722,,,0,低,76,0,-,5 153,0,100,2.3267,,,,,,0.2308,0.3077,0,,△,B,,,0.4411,0.5145,,0.1738,B,51,0,◎○△フォーメーション（15〜20点）,0.5777,"{'is_target': True, 'verdict': '点数絞り', 'max_combo_prob': 0.1029, 'est_top_odds': 13.0, 'circle_concentration': 81.2, 'eligible_count': 9, 'bet_adj': 0, 'reason': 'rel_win1=51.9%（本命度） / 最有力組み合わせ確率: 0.103（推定実オッズ?13倍） / 2着集中度: 上位2艇 81.2%（補正+0.04） / 総合判定確率: 0.143 / → ヒモはやや固め。上位2艇以外を切ること', 'tenji_trigger': '展示確認: 1号艇伸び良→そのまま採用。悪→飛び組に差し替え。circle_pct上位2艇に絞り込むこと。\n展示で1号艇スタート遅め(0.202秒)確認→ヒモが荒れやすい'}",,,37.1,両建て推奨,18.23,39.5,2,,,,,,,,,,,
2025-07-28,丸亀,3,1,加藤奈月,B1,35.82,1,◎,51.7936,,0,45,0.192,3.8,,,0,低,68,0,逃0%,4 354,0,33.9,0.5631,0.0909,,,,,0,0.2591,0.1455,,,C,○,,,0.627,,0.1647,C,39,0,荒れ傾向。高配当狙いか見送り,0.5777,"{'is_target': True, 'verdict': '参加推奨', 'max_combo_prob': 0.0681, 'est_top_odds': 19.6, 'circle_concentration': 71.9, 'eligible_count': 6, 'bet_adj': 2, 'reason': 'rel_win1=51.8%（本命度） / 最有力組み合わせ確率: 0.068（推定実オッズ?20倍） / 2着集中度: 上位2艇 71.9%（補正+0.04） / 総合判定確率: 0.108 / → ヒモ分散。1号艇1着固定で広めのヒモ流し推奨（買い目+2点）', 'tenji_trigger': '展示確認: ヒモ分散レース。1号艇伸び確認後、広めのヒモ流しを採用。穴ヒモ（5・6号艇）を積極的に含める。\n展示で1号艇スタート遅め(0.192秒)確認→ヒモが荒れやすい'}",,,22.6,両建て推奨,12.02,32.2,2,2-1-3|2-1-4|2-3-1|2-1-6|2-3-4|2-4-1|2-4-3|1-2-3|1-3-2|1-2-6,2-1-3|2-1-4|2-3-1|2-1-6|2-3-4|2-4-1|2-4-3|1-2-3|1-3-2|5-1-6|1-2-6|6-1-3,2-1-3:4.99%|2-1-4:2.83%|2-3-1:1.5%|2-1-6:1.08%|2-3-4:0.64%|2-4-1:0.42%|2-4-3:0.32%|1-2-3:4.3%|1-3-2:4.07%|1-2-6:3.65%,2-1-3:B_main|2-1-4:B_main|2-3-1:B_main|2-1-6:B_main|2-3-4:B_main|2-4-1:B_main|2-4-3:B_main|1-2-3:A|1-3-2:A|1-2-6:A,10,12,0.2915,1,[!]見送り推奨（主役決まり手「差し」― 逃げ劣勢レースで的中実績なし）,主役軸流し,B
2025-07-28,丸亀,3,2,大廣咲季,B1,32.84,2,△,10.148,31.9,87,25,0.1567,3.6875,,,0,低,81,0,-,163 45,0,71.6,0.5462,,,,,,0.3333,0.3333,0,,◎,D,,,0.5775,0.543,,0.1647,C,39,0,荒れ傾向。高配当狙いか見送り,0.5777,"{'is_target': True, 'verdict': '参加推奨', 'max_combo_prob': 0.0681, 'est_top_odds': 19.6, 'circle_concentration': 71.9, 'eligible_count': 6, 'bet_adj': 2, 'reason': 'rel_win1=51.8%（本命度） / 最有力組み合わせ確率: 0.068（推定実オッズ?20倍） / 2着集中度: 上位2艇 71.9%（補正+0.04） / 総合判定確率: 0.108 / → ヒモ分散。1号艇1着固定で広めのヒモ流し推奨（買い目+2点）', 'tenji_trigger': '展示確認: ヒモ分散レース。1号艇伸び確認後、広めのヒモ流しを採用。穴ヒモ（5・6号艇）を積極的に含める。\n展示で1号艇スタート遅め(0.192秒)確認→ヒモが荒れやすい'}",,,22.6,両建て推奨,12.02,32.2,2,,,,,,,,,,,
2025-07-28,丸亀,3,3,細川裕子,A1,31.71,3,,16.1225,40,86,61.5,0.1785,3.5385,,,0,低,59,1,ま0%,23641,0,75.8,1.2827,0,0,0.1111,0,0,0,0,0.0833,,△,D,△,,0.3908,0.6235,,0.1647,C,39,0,荒れ傾向。高配当狙いか見送り,0.5777,"{'is_target': True, 'verdict': '参加推奨', 'max_combo_prob': 0.0681, 'est_top_odds': 19.6, 'circle_concentration': 71.9, 'eligible_count': 6, 'bet_adj': 2, 'reason': 'rel_win1=51.8%（本命度） / 最有力組み合わせ確率: 0.068（推定実オッズ?20倍） / 2着集中度: 上位2艇 71.9%（補正+0.04） / 総合判定確率: 0.108 / → ヒモ分散。1号艇1着固定で広めのヒモ流し推奨（買い目+2点）', 'tenji_trigger': '展示確認: ヒモ分散レース。1号艇伸び確認後、広めのヒモ流しを採用。穴ヒモ（5・6号艇）を積極的に含める。\n展示で1号艇スタート遅め(0.192秒)確認→ヒモが荒れやすい'}",,,22.6,両建て推奨,12.02,32.2,2,,,,,,,,,,,
2025-07-28,丸亀,3,4,廣中智紗,A2,34.63,4,,8.1639,18.2,100,47.8,0.2139,4.0652,,,0,低,82,0,-,2 5125,0,47.1,0.9811,,,,,,0.0421,0.1632,0.2632,,,C,△,,0.265,0.5755,,0.1647,C,39,0,荒れ傾向。高配当狙いか見送り,0.5777,"{'is_target': True, 'verdict': '参加推奨', 'max_combo_prob': 0.0681, 'est_top_odds': 19.6, 'circle_concentration': 71.9, 'eligible_count': 6, 'bet_adj': 2, 'reason': 'rel_win1=51.8%（本命度） / 最有力組み合わせ確率: 0.068（推定実オッズ?20倍） / 2着集中度: 上位2艇 71.9%（補正+0.04） / 総合判定確率: 0.108 / → ヒモ分散。1号艇1着固定で広めのヒモ流し推奨（買い目+2点）', 'tenji_trigger': '展示確認: ヒモ分散レース。1号艇伸び確認後、広めのヒモ流しを採用。穴ヒモ（5・6号艇）を積極的に含める。\n展示で1号艇スタート遅め(0.192秒)確認→ヒモが荒れやすい'}",,,22.6,両建て推奨,12.02,32.2,2,,,,,,,,,,,
2025-07-28,丸亀,3,5,野田亜湖,B2,42.13,5,▲,9.9581,8.1,57,0,0.2856,5.8889,,,0,低,57,1,-,6 666,0,22.4,0.8638,,,,,,,,,,,B,,,0.1739,0.4055,,0.1647,C,39,0,荒れ傾向。高配当狙いか見送り,0.5777,"{'is_target': True, 'verdict': '参加推奨', 'max_combo_prob': 0.0681, 'est_top_odds': 19.6, 'circle_concentration': 71.9, 'eligible_count': 6, 'bet_adj': 2, 'reason': 'rel_win1=51.8%（本命度） / 最有力組み合わせ確率: 0.068（推定実オッズ?20倍） / 2着集中度: 上位2艇 71.9%（補正+0.04） / 総合判定確率: 0.108 / → ヒモ分散。1号艇1着固定で広めのヒモ流し推奨（買い目+2点）', 'tenji_trigger': '展示確認: ヒモ分散レース。1号艇伸び確認後、広めのヒモ流しを採用。穴ヒモ（5・6号艇）を積極的に含める。\n展示で1号艇スタート遅め(0.192秒)確認→ヒモが荒れやすい'}",,,22.6,両建て推奨,12.02,32.2,2,,,,,,,,,,,
2025-07-28,丸亀,3,6,井上遥妃,B1,39.52,6,○,3.8139,1.8,60,26.5,0.1618,3.1618,,,0,低,34,0,-,3 634,0,23.7,1.1061,,,,,,0,0.1944,0.2389,,○,B,◎,,0.445,0.634,,0.1647,C,39,0,荒れ傾向。高配当狙いか見送り,0.5777,"{'is_target': True, 'verdict': '参加推奨', 'max_combo_prob': 0.0681, 'est_top_odds': 19.6, 'circle_concentration': 71.9, 'eligible_count': 6, 'bet_adj': 2, 'reason': 'rel_win1=51.8%（本命度） / 最有力組み合わせ確率: 0.068（推定実オッズ?20倍） / 2着集中度: 上位2艇 71.9%（補正+0.04） / 総合判定確率: 0.108 / → ヒモ分散。1号艇1着固定で広めのヒモ流し推奨（買い目+2点）', 'tenji_trigger': '展示確認: ヒモ分散レース。1号艇伸び確認後、広めのヒモ流しを採用。穴ヒモ（5・6号艇）を積極的に含める。\n展示で1号艇スタート遅め(0.192秒)確認→ヒモが荒れやすい'}",,,22.6,両建て推奨,12.02,32.2,2,,,,,,,,,,,
2025-07-28,丸亀,4,1,深尾巴恵,B1,31.68,1,◎,51.5429,,0,46.2,0.2235,4.3654,,,0,低,70,0,-,2 335,0,62,0.8422,0.25,,,,,0.25,0,0.5,,,C,,,,0.5515,,0.1868,C,39,0,荒れ傾向。高配当狙いか見送り,0.5777,"{'is_target': True, 'verdict': '参加推奨', 'max_combo_prob': 0.0658, 'est_top_odds': 20.3, 'circle_concentration': 67.9, 'eligible_count': 6, 'bet_adj': 2, 'reason': 'rel_win1=51.5%（本命度） / 最有力組み合わせ確率: 0.066（推定実オッズ?20倍） / 2着集中度: 上位2艇 67.9%（補正+0.00） / 総合判定確率: 0.066 / → ヒモ分散。1号艇1着固定で広めのヒモ流し推奨（買い目+2点）', 'tenji_trigger': '展示確認: ヒモ分散レース。1号艇伸び確認後、広めのヒモ流しを採用。穴ヒモ（5・6号艇）を積極的に含める。\n展示で1号艇スタート遅め(0.224秒)確認→ヒモが荒れやすい'}",,,37.7,両建て推奨,20.87,39,3,2-1-3|2-1-4|2-3-1|2-1-5|2-3-4|2-4-1|2-4-3|1-2-4|1-2-3|1-3-4|1-3-2,2-1-3|2-1-4|2-3-1|2-1-5|2-3-4|2-4-1|2-4-3|1-2-4|1-2-3|1-3-4|6-1-4|1-3-2,2-1-3:3.6%|2-1-4:2.79%|2-3-1:1.07%|2-1-5:0.98%|2-3-4:0.68%|2-4-1:0.41%|2-4-3:0.34%|1-2-4:4.54%|1-2-3:4.46%|1-3-4:4.17%|1-3-2:3.75%,2-1-3:B_main|2-1-4:B_main|2-3-1:B_main|2-1-5:B_main|2-3-4:B_main|2-4-1:B_main|2-4-3:B_main|1-2-4:A|1-2-3:A|1-3-4:A|1-3-2:A,11,12,0.2915,1,[!]見送り推奨（主役決まり手「差し」― 逃げ劣勢レースで的中実績なし）,主役軸流し,B
2025-07-28,丸亀,4,2,石原凪紗,B2,34.12,2,△,11.0384,32.9,71,25.9,0.1996,3.7963,,,0,低,62,0,-,4 346,0,48.4,0.5379,,,,,,0.2643,0.0571,0.0571,,◎,C,,,0.5665,0.537,,0.1868,C,39,0,荒れ傾向。高配当狙いか見送り,0.5777,"{'is_target': True, 'verdict': '参加推奨', 'max_combo_prob': 0.0658, 'est_top_odds': 20.3, 'circle_concentration': 67.9, 'eligible_count': 6, 'bet_adj': 2, 'reason': 'rel_win1=51.5%（本命度） / 最有力組み合わせ確率: 0.066（推定実オッズ?20倍） / 2着集中度: 上位2艇 67.9%（補正+0.00） / 総合判定確率: 0.066 / → ヒモ分散。1号艇1着固定で広めのヒモ流し推奨（買い目+2点）', 'tenji_trigger': '展示確認: ヒモ分散レース。1号艇伸び確認後、広めのヒモ流しを採用。穴ヒモ（5・6号艇）を積極的に含める。\n展示で1号艇スタート遅め(0.224秒)確認→ヒモが荒れやすい'}",,,37.7,両建て推奨,20.87,39,3,,,,,,,,,,,
2025-07-28,丸亀,4,3,鎌倉　涼,A1,35.15,3,○,18.8655,35,86,61.1,0.1694,3.5833,,,0,低,56,0,抜0%,321 42,0,77.8,1.3648,0,0,0,0,0.1111,0.1667,0.1667,0,,○,B,△,,0.485,0.5705,,0.1868,C,39,0,荒れ傾向。高配当狙いか見送り,0.5777,"{'is_target': True, 'verdict': '参加推奨', 'max_combo_prob': 0.0658, 'est_top_odds': 20.3, 'circle_concentration': 67.9, 'eligible_count': 6, 'bet_adj': 2, 'reason': 'rel_win1=51.5%（本命度） / 最有力組み合わせ確率: 0.066（推定実オッズ?20倍） / 2着集中度: 上位2艇 67.9%（補正+0.00） / 総合判定確率: 0.066 / → ヒモ分散。1号艇1着固定で広めのヒモ流し推奨（買い目+2点）', 'tenji_trigger': '展示確認: ヒモ分散レース。1号艇伸び確認後、広めのヒモ流しを採用。穴ヒモ（5・6号艇）を積極的に含める。\n展示で1号艇スタート遅め(0.224秒)確認→ヒモが荒れやすい'}",,,37.7,両建て推奨,20.87,39,3,,,,,,,,,,,
2025-07-28,丸亀,4,4,魚谷香織,A2,29.63,4,,13.1404,28.1,81,60,0.1927,3.6,,,0,低,49,0,ま0%,461 22,0,79.9,1.3494,0,0,0.1667,0,0,0.1382,0,0.2342,,,D,◎,,0.4431,0.637,,0.1868,C,39,0,荒れ傾向。高配当狙いか見送り,0.5777,"{'is_target': True, 'verdict': '参加推奨', 'max_combo_prob': 0.0658, 'est_top_odds': 20.3, 'circle_concentration': 67.9, 'eligible_count': 6, 'bet_adj': 2, 'reason': 'rel_win1=51.5%（本命度） / 最有力組み合わせ確率: 0.066（推定実オッズ?20倍） / 2着集中度: 上位2艇 67.9%（補正+0.00） / 総合判定確率: 0.066 / → ヒモ分散。1号艇1着固定で広めのヒモ流し推奨（買い目+2点）', 'tenji_trigger': '展示確認: ヒモ分散レース。1号艇伸び確認後、広めのヒモ流しを採用。穴ヒモ（5・6号艇）を積極的に含める。\n展示で1号艇スタート遅め(0.224秒)確認→ヒモが荒れやすい'}",,,37.7,両建て推奨,20.87,39,3,,,,,,,,,,,
2025-07-28,丸亀,4,5,小林愛実,B1,48.72,5,▲,4.1173,3.6,100,26.8,0.1759,4.2195,,,0,低,95,0,-,342 12,0,24.9,0.7557,,,,,,0.3333,0.3333,0,,△,A,○,,0.4598,0.5715,,0.1868,C,39,0,荒れ傾向。高配当狙いか見送り,0.5777,"{'is_target': True, 'verdict': '参加推奨', 'max_combo_prob': 0.0658, 'est_top_odds': 20.3, 'circle_concentration': 67.9, 'eligible_count': 6, 'bet_adj': 2, 'reason': 'rel_win1=51.5%（本命度） / 最有力組み合わせ確率: 0.066（推定実オッズ?20倍） / 2着集中度: 上位2艇 67.9%（補正+0.00） / 総合判定確率: 0.066 / → ヒモ分散。1号艇1着固定で広めのヒモ流し推奨（買い目+2点）', 'tenji_trigger': '展示確認: ヒモ分散レース。1号艇伸び確認後、広めのヒモ流しを採用。穴ヒモ（5・6号艇）を積極的に含める。\n展示で1号艇スタート遅め(0.224秒)確認→ヒモが荒れやすい'}",,,37.7,両建て推奨,20.87,39,3,,,,,,,,,,,
2025-07-28,丸亀,4,6,三嶌ここ,B1,28.00,6,,1.2955,0.4,22,3.1,0.2364,5.2344,,,0,低,114,0,-,464 16,0,24.9,0.5461,,,,,,0.0571,0.0571,0.3143,,,E,△,,0.269,0.553,,0.1868,C,39,0,荒れ傾向。高配当狙いか見送り,0.5777,"{'is_target': True, 'verdict': '参加推奨', 'max_combo_prob': 0.0658, 'est_top_odds': 20.3, 'circle_concentration': 67.9, 'eligible_count': 6, 'bet_adj': 2, 'reason': 'rel_win1=51.5%（本命度） / 最有力組み合わせ確率: 0.066（推定実オッズ?20倍） / 2着集中度: 上位2艇 67.9%（補正+0.00） / 総合判定確率: 0.066 / → ヒモ分散。1号艇1着固定で広めのヒモ流し推奨（買い目+2点）', 'tenji_trigger': '展示確認: ヒモ分散レース。1号艇伸び確認後、広めのヒモ流しを採用。穴ヒモ（5・6号艇）を積極的に含める。\n展示で1号艇スタート遅め(0.224秒)確認→ヒモが荒れやすい'}",,,37.7,両建て推奨,20.87,39,3,,,,,,,,,,,
2025-07-28,丸亀,5,1,中村桃佳,B1,36.08,1,◎,58.1954,,0,91.3,0.1557,2.7391,,,0,低,41,0,逃1%,6 252,0,84.4,1.1535,0.4706,,,,,0.0471,0.0706,0.2706,◎,,C,○,,,0.6205,,0.4808,S,100,0,◎1着固定 2-3着流し（5〜8点）,0.5777,"{'is_target': True, 'verdict': '参加推奨', 'max_combo_prob': 0.0899, 'est_top_odds': 14.8, 'circle_concentration': 67.3, 'eligible_count': 6, 'bet_adj': 2, 'reason': 'rel_win1=58.2%（本命度） / 最有力組み合わせ確率: 0.090（推定実オッズ?15倍） / 2着集中度: 上位2艇 67.3%（補正+0.00） / 総合判定確率: 0.090 / → ヒモ分散。1号艇1着固定で広めのヒモ流し推奨（買い目+2点）', 'tenji_trigger': '展示確認: ヒモ分散レース。1号艇伸び確認後、広めのヒモ流しを採用。穴ヒモ（5・6号艇）を積極的に含める。'}",,,20.6,逃げ狙い,8.93,29,4,,,,,0,0,0.7559,0,,逃げ軸流し,A
2025-07-28,丸亀,5,2,赤井　睦,B1,32.16,2,,9.8852,43.2,75,25,0.19,3.3438,,,0,低,24,0,-,126 24,0,15.7,0.5379,,,,,,0.1944,0.0444,0.4333,,,D,,,0.0775,0.596,,0.4808,S,100,0,◎1着固定 2-3着流し（5〜8点）,0.5777,"{'is_target': True, 'verdict': '参加推奨', 'max_combo_prob': 0.0899, 'est_top_odds': 14.8, 'circle_concentration': 67.3, 'eligible_count': 6, 'bet_adj': 2, 'reason': 'rel_win1=58.2%（本命度） / 最有力組み合わせ確率: 0.090（推定実オッズ?15倍） / 2着集中度: 上位2艇 67.3%（補正+0.00） / 総合判定確率: 0.090 / → ヒモ分散。1号艇1着固定で広めのヒモ流し推奨（買い目+2点）', 'tenji_trigger': '展示確認: ヒモ分散レース。1号艇伸び確認後、広めのヒモ流しを採用。穴ヒモ（5・6号艇）を積極的に含める。'}",,,20.6,逃げ狙い,8.93,29,4,,,,,,,,,,,
2025-07-28,丸亀,5,3,片岡恵里,A2,39.71,3,○,11.2869,24,97,46.4,0.1825,3.75,,,0,低,68,0,ま0%,412 16,0,42.9,0.9785,0,0,0.1429,0,0,0,0.1429,0.1429,,,B,△,,0.1746,0.62,,0.4808,S,100,0,◎1着固定 2-3着流し（5〜8点）,0.5777,"{'is_target': True, 'verdict': '参加推奨', 'max_combo_prob': 0.0899, 'est_top_odds': 14.8, 'circle_concentration': 67.3, 'eligible_count': 6, 'bet_adj': 2, 'reason': 'rel_win1=58.2%（本命度） / 最有力組み合わせ確率: 0.090（推定実オッズ?15倍） / 2着集中度: 上位2艇 67.3%（補正+0.00） / 総合判定確率: 0.090 / → ヒモ分散。1号艇1着固定で広めのヒモ流し推奨（買い目+2点）', 'tenji_trigger': '展示確認: ヒモ分散レース。1号艇伸び確認後、広めのヒモ流しを採用。穴ヒモ（5・6号艇）を積極的に含める。'}",,,20.6,逃げ狙い,8.93,29,4,,,,,,,,,,,
2025-07-28,丸亀,5,4,野田部宏,B1,32.66,4,▲,11.9742,16.1,53,28.2,0.1351,2.6795,,,0,低,35,0,ま0%,233 43,0,46.9,0.9128,0,0,0.1176,0,0,0.1,0.2,0.2,,,D,△,,0.3879,0.616,,0.4808,S,100,0,◎1着固定 2-3着流し（5〜8点）,0.5777,"{'is_target': True, 'verdict': '参加推奨', 'max_combo_prob': 0.0899, 'est_top_odds': 14.8, 'circle_concentration': 67.3, 'eligible_count': 6, 'bet_adj': 2, 'reason': 'rel_win1=58.2%（本命度） / 最有力組み合わせ確率: 0.090（推定実オッズ?15倍） / 2着集中度: 上位2艇 67.3%（補正+0.00） / 総合判定確率: 0.090 / → ヒモ分散。1号艇1着固定で広めのヒモ流し推奨（買い目+2点）', 'tenji_trigger': '展示確認: ヒモ分散レース。1号艇伸び確認後、広めのヒモ流しを採用。穴ヒモ（5・6号艇）を積極的に含める。'}",,,20.6,逃げ狙い,8.93,29,4,,,,,,,,,,,
2025-07-28,丸亀,5,5,寺田千恵,A1,31.98,5,,7.3611,16.2,100,59.1,0.155,3.3864,,,0,低,54,0,差ま0%,1 2331,0,92.2,1.6926,0,0,0,0.1111,0,0.1818,0.0909,0.0909,,,D,◎,,0.3003,0.6385,,0.4808,S,100,0,◎1着固定 2-3着流し（5〜8点）,0.5777,"{'is_target': True, 'verdict': '参加推奨', 'max_combo_prob': 0.0899, 'est_top_odds': 14.8, 'circle_concentration': 67.3, 'eligible_count': 6, 'bet_adj': 2, 'reason': 'rel_win1=58.2%（本命度） / 最有力組み合わせ確率: 0.090（推定実オッズ?15倍） / 2着集中度: 上位2艇 67.3%（補正+0.00） / 総合判定確率: 0.090 / → ヒモ分散。1号艇1着固定で広めのヒモ流し推奨（買い目+2点）', 'tenji_trigger': '展示確認: ヒモ分散レース。1号艇伸び確認後、広めのヒモ流しを採用。穴ヒモ（5・6号艇）を積極的に含める。'}",,,20.6,逃げ狙い,8.93,29,4,,,,,,,,,,,
2025-07-28,丸亀,5,6,恵良琴美,B2,38.10,6,△,1.2972,0.4,30,3.9,0.1892,3.9471,,,0,低,64,0,-,666 66,0,40.3,0.8733,,,,,,,,,,,B,,,0.2049,0.5755,,0.4808,S,100,0,◎1着固定 2-3着流し（5〜8点）,0.5777,"{'is_target': True, 'verdict': '参加推奨', 'max_combo_prob': 0.0899, 'est_top_odds': 14.8, 'circle_concentration': 67.3, 'eligible_count': 6, 'bet_adj': 2, 'reason': 'rel_win1=58.2%（本命度） / 最有力組み合わせ確率: 0.090（推定実オッズ?15倍） / 2着集中度: 上位2艇 67.3%（補正+0.00） / 総合判定確率: 0.090 / → ヒモ分散。1号艇1着固定で広めのヒモ流し推奨（買い目+2点）', 'tenji_trigger': '展示確認: ヒモ分散レース。1号艇伸び確認後、広めのヒモ流しを採用。穴ヒモ（5・6号艇）を積極的に含める。'}",,,20.6,逃げ狙い,8.93,29,4,,,,,,,,,,,
2025-07-28,丸亀,6,1,川野芽唯,A1,35.27,1,◎,60.3522,,0,88.9,0.1722,3.8472,,,0,低,72,0,逃0%,152 33,0,75,0.9749,0.8333,,,,,0,0.0556,0.0556,○,,B,◎,,,0.625,,0.4117,S,90,0,◎1着固定 2-3着流し（5〜8点）,0.5777,"{'is_target': True, 'verdict': '参加推奨', 'max_combo_prob': 0.0792, 'est_top_odds': 16.8, 'circle_concentration': 68.3, 'eligible_count': 6, 'bet_adj': 2, 'reason': 'rel_win1=60.4%（本命度） / 最有力組み合わせ確率: 0.079（推定実オッズ?17倍） / 2着集中度: 上位2艇 68.3%（補正+0.00） / 総合判定確率: 0.079 / → ヒモ分散。1号艇1着固定で広めのヒモ流し推奨（買い目+2点）', 'tenji_trigger': '展示確認: ヒモ分散レース。1号艇伸び確認後、広めのヒモ流しを採用。穴ヒモ（5・6号艇）を積極的に含める。'}",,,30.9,逃げ狙い,15.2,24.5,3,,,,,0,0,0.6155,0,,逃げ軸流し,A
2025-07-28,丸亀,6,2,谷口佳蓮,B1,39.42,2,○,12.1107,32.2,100,50,0.158,3.8,,,0,低,45,0,-,3 235,0,39.1,0.8207,0,0.1176,0,0,0,0.1091,0,0.2727,,◎,B,○,,0.4686,0.5715,,0.4117,S,90,0,◎1着固定 2-3着流し（5〜8点）,0.5777,"{'is_target': True, 'verdict': '参加推奨', 'max_combo_prob': 0.0792, 'est_top_odds': 16.8, 'circle_concentration': 68.3, 'eligible_count': 6, 'bet_adj': 2, 'reason': 'rel_win1=60.4%（本命度） / 最有力組み合わせ確率: 0.079（推定実オッズ?17倍） / 2着集中度: 上位2艇 68.3%（補正+0.00） / 総合判定確率: 0.079 / → ヒモ分散。1号艇1着固定で広めのヒモ流し推奨（買い目+2点）', 'tenji_trigger': '展示確認: ヒモ分散レース。1号艇伸び確認後、広めのヒモ流しを採用。穴ヒモ（5・6号艇）を積極的に含める。'}",,,30.9,逃げ狙い,15.2,24.5,3,,,,,,,,,,,
2025-07-28,丸亀,6,3,小野生奈,A1,31.16,3,▲,14.9526,36.1,63,79.2,0.14,2.5,,,0,低,35,0,差0% 差ま0%,11451,0,83,1.4983,0,0.0833,0,0.0833,0,0.0714,0,0.1429,,○,D,◎,,0.4586,0.625,,0.4117,S,90,0,◎1着固定 2-3着流し（5〜8点）,0.5777,"{'is_target': True, 'verdict': '参加推奨', 'max_combo_prob': 0.0792, 'est_top_odds': 16.8, 'circle_concentration': 68.3, 'eligible_count': 6, 'bet_adj': 2, 'reason': 'rel_win1=60.4%（本命度） / 最有力組み合わせ確率: 0.079（推定実オッズ?17倍） / 2着集中度: 上位2艇 68.3%（補正+0.00） / 総合判定確率: 0.079 / → ヒモ分散。1号艇1着固定で広めのヒモ流し推奨（買い目+2点）', 'tenji_trigger': '展示確認: ヒモ分散レース。1号艇伸び確認後、広めのヒモ流しを採用。穴ヒモ（5・6号艇）を積極的に含める。'}",,,30.9,逃げ狙い,15.2,24.5,3,,,,,,,,,,,
2025-07-28,丸亀,6,4,濱崎寿里,B2,30.57,4,,6.1142,17.8,80,12.5,0.1713,3.6875,,,0,低,23,1,-,233 26,0,22,0.6019,,,,,,0.6667,0,0,,,D,△,,0.3151,0.533,,0.4117,S,90,0,◎1着固定 2-3着流し（5〜8点）,0.5777,"{'is_target': True, 'verdict': '参加推奨', 'max_combo_prob': 0.0792, 'est_top_odds': 16.8, 'circle_concentration': 68.3, 'eligible_count': 6, 'bet_adj': 2, 'reason': 'rel_win1=60.4%（本命度） / 最有力組み合わせ確率: 0.079（推定実オッズ?17倍） / 2着集中度: 上位2艇 68.3%（補正+0.00） / 総合判定確率: 0.079 / → ヒモ分散。1号艇1着固定で広めのヒモ流し推奨（買い目+2点）', 'tenji_trigger': '展示確認: ヒモ分散レース。1号艇伸び確認後、広めのヒモ流しを採用。穴ヒモ（5・6号艇）を積極的に含める。'}",,,30.9,逃げ狙い,15.2,24.5,3,,,,,,,,,,,
2025-07-28,丸亀,6,5,森　陽多,B1,34.50,5,△,5.1086,9.2,52,23.1,0.1488,3.4423,,,0,低,64,0,差ま0%,666 64,0,36.1,0.7905,0,0,0,0.0769,0,0,0.4,0.2,,,C,,,0.3637,0.472,,0.4117,S,90,0,◎1着固定 2-3着流し（5〜8点）,0.5777,"{'is_target': True, 'verdict': '参加推奨', 'max_combo_prob': 0.0792, 'est_top_odds': 16.8, 'circle_concentration': 68.3, 'eligible_count': 6, 'bet_adj': 2, 'reason': 'rel_win1=60.4%（本命度） / 最有力組み合わせ確率: 0.079（推定実オッズ?17倍） / 2着集中度: 上位2艇 68.3%（補正+0.00） / 総合判定確率: 0.079 / → ヒモ分散。1号艇1着固定で広めのヒモ流し推奨（買い目+2点）', 'tenji_trigger': '展示確認: ヒモ分散レース。1号艇伸び確認後、広めのヒモ流しを採用。穴ヒモ（5・6号艇）を積極的に含める。'}",,,30.9,逃げ狙い,15.2,24.5,3,,,,,,,,,,,
2025-07-28,丸亀,6,6,佐藤ほの,B1,31.34,6,,1.3616,4.7,43,15.8,0.1474,3.1316,,,0,低,65,0,-,344 54,0,39.8,0.8511,,,,,,0.3333,0.4444,0.1111,,,D,△,,0.3915,0.5605,,0.4117,S,90,0,◎1着固定 2-3着流し（5〜8点）,0.5777,"{'is_target': True, 'verdict': '参加推奨', 'max_combo_prob': 0.0792, 'est_top_odds': 16.8, 'circle_concentration': 68.3, 'eligible_count': 6, 'bet_adj': 2, 'reason': 'rel_win1=60.4%（本命度） / 最有力組み合わせ確率: 0.079（推定実オッズ?17倍） / 2着集中度: 上位2艇 68.3%（補正+0.00） / 総合判定確率: 0.079 / → ヒモ分散。1号艇1着固定で広めのヒモ流し推奨（買い目+2点）', 'tenji_trigger': '展示確認: ヒモ分散レース。1号艇伸び確認後、広めのヒモ流しを採用。穴ヒモ（5・6号艇）を積極的に含める。'}",,,30.9,逃げ狙い,15.2,24.5,3,,,,,,,,,,,
2025-07-28,丸亀,7,1,中川りな,A2,38.81,1,◎,59.4736,,0,82.8,0.1759,3.4655,,,0,低,61,0,逃1%,2 5232,0,84.5,1.0846,0.7143,,,,,0,0.1429,0.0714,○,,C,○,,,0.6205,,0.4228,A,77,0,◎-○軸 3着3〜4艇流し（10〜15点）,0.5777,"{'is_target': True, 'verdict': '点数絞り', 'max_combo_prob': 0.1067, 'est_top_odds': 12.5, 'circle_concentration': 73.0, 'eligible_count': 8, 'bet_adj': 0, 'reason': 'rel_win1=59.5%（本命度） / 最有力組み合わせ確率: 0.107（推定実オッズ?12倍） / 2着集中度: 上位2艇 73.0%（補正+0.04） / 総合判定確率: 0.147 / → ヒモはやや固め。上位2艇以外を切ること', 'tenji_trigger': '展示確認: 1号艇伸び良→そのまま採用。悪→飛び組に差し替え。circle_pct上位2艇に絞り込むこと。'}",,,27.1,逃げ狙い,17.52,26,2,,,,,0,0,0.6155,0,,逃げ軸流し,A
2025-07-28,丸亀,7,2,山川美由,B1,45.13,2,○,12.1851,50.4,73,46.2,0.1577,3.6923,,,0,低,16,1,-,231 13,0,36.3,0.7841,,,,,,0,0,0.3333,,◎,A,△,,0.5095,0.584,,0.4228,A,77,0,◎-○軸 3着3〜4艇流し（10〜15点）,0.5777,"{'is_target': True, 'verdict': '点数絞り', 'max_combo_prob': 0.1067, 'est_top_odds': 12.5, 'circle_concentration': 73.0, 'eligible_count': 8, 'bet_adj': 0, 'reason': 'rel_win1=59.5%（本命度） / 最有力組み合わせ確率: 0.107（推定実オッズ?12倍） / 2着集中度: 上位2艇 73.0%（補正+0.04） / 総合判定確率: 0.147 / → ヒモはやや固め。上位2艇以外を切ること', 'tenji_trigger': '展示確認: 1号艇伸び良→そのまま採用。悪→飛び組に差し替え。circle_pct上位2艇に絞り込むこと。'}",,,27.1,逃げ狙い,17.52,26,2,,,,,,,,,,,
2025-07-28,丸亀,7,3,樫葉新心,B1,29.76,3,,9.5939,20.3,86,31.6,0.1958,4.1053,,,0,低,136,0,ま0%,551 36,0,19.2,0.7215,0,0,0.0588,0,0,0.1864,0.3318,0.2591,,,D,,,0.1864,0.5565,,0.4228,A,77,0,◎-○軸 3着3〜4艇流し（10〜15点）,0.5777,"{'is_target': True, 'verdict': '点数絞り', 'max_combo_prob': 0.1067, 'est_top_odds': 12.5, 'circle_concentration': 73.0, 'eligible_count': 8, 'bet_adj': 0, 'reason': 'rel_win1=59.5%（本命度） / 最有力組み合わせ確率: 0.107（推定実オッズ?12倍） / 2着集中度: 上位2艇 73.0%（補正+0.04） / 総合判定確率: 0.147 / → ヒモはやや固め。上位2艇以外を切ること', 'tenji_trigger': '展示確認: 1号艇伸び良→そのまま採用。悪→飛び組に差し替え。circle_pct上位2艇に絞り込むこと。'}",,,27.1,逃げ狙い,17.52,26,2,,,,,,,,,,,
2025-07-28,丸亀,7,4,平山智加,A1,40.80,4,▲,13.3627,22.6,100,72.7,0.1382,3.1136,,,0,低,46,0,-,21311,0,55.5,1.0087,0,0.125,0.125,0,0,0,0.1818,0.1818,,○,B,◎,,0.4621,0.651,,0.4228,A,77,0,◎-○軸 3着3〜4艇流し（10〜15点）,0.5777,"{'is_target': True, 'verdict': '点数絞り', 'max_combo_prob': 0.1067, 'est_top_odds': 12.5, 'circle_concentration': 73.0, 'eligible_count': 8, 'bet_adj': 0, 'reason': 'rel_win1=59.5%（本命度） / 最有力組み合わせ確率: 0.107（推定実オッズ?12倍） / 2着集中度: 上位2艇 73.0%（補正+0.04） / 総合判定確率: 0.147 / → ヒモはやや固め。上位2艇以外を切ること', 'tenji_trigger': '展示確認: 1号艇伸び良→そのまま採用。悪→飛び組に差し替え。circle_pct上位2艇に絞り込むこと。'}",,,27.1,逃げ狙い,17.52,26,2,,,,,,,,,,,
2025-07-28,丸亀,7,5,前原　哉,B1,40.80,5,△,4.3853,5.9,68,18.2,0.2203,4.7121,,,0,低,107,0,-,5 545,0,39.3,1.0031,,,,,,0,0.4286,0.1429,,,B,△,,0.1684,0.5705,,0.4228,A,77,0,◎-○軸 3着3〜4艇流し（10〜15点）,0.5777,"{'is_target': True, 'verdict': '点数絞り', 'max_combo_prob': 0.1067, 'est_top_odds': 12.5, 'circle_concentration': 73.0, 'eligible_count': 8, 'bet_adj': 0, 'reason': 'rel_win1=59.5%（本命度） / 最有力組み合わせ確率: 0.107（推定実オッズ?12倍） / 2着集中度: 上位2艇 73.0%（補正+0.04） / 総合判定確率: 0.147 / → ヒモはやや固め。上位2艇以外を切ること', 'tenji_trigger': '展示確認: 1号艇伸び良→そのまま採用。悪→飛び組に差し替え。circle_pct上位2艇に絞り込むこと。'}",,,27.1,逃げ狙い,17.52,26,2,,,,,,,,,,,
2025-07-28,丸亀,7,6,石村日奈,B2,27.59,6,,0.9994,0.8,27,3.4,0.2225,4.6186,,,0,低,58,0,-,665 56,0,26,0.8222,,,,,,,,,,,D,,,0.1617,0.5105,,0.4228,A,77,0,◎-○軸 3着3〜4艇流し（10〜15点）,0.5777,"{'is_target': True, 'verdict': '点数絞り', 'max_combo_prob': 0.1067, 'est_top_odds': 12.5, 'circle_concentration': 73.0, 'eligible_count': 8, 'bet_adj': 0, 'reason': 'rel_win1=59.5%（本命度） / 最有力組み合わせ確率: 0.107（推定実オッズ?12倍） / 2着集中度: 上位2艇 73.0%（補正+0.04） / 総合判定確率: 0.147 / → ヒモはやや固め。上位2艇以外を切ること', 'tenji_trigger': '展示確認: 1号艇伸び良→そのまま採用。悪→飛び組に差し替え。circle_pct上位2艇に絞り込むこと。'}",,,27.1,逃げ狙い,17.52,26,2,,,,,,,,,,,
2025-07-28,丸亀,8,1,関野　文,A2,32.02,1,◎,65.7497,,0,77.5,0.1624,3.2959,,,0,低,58,0,逃0%,451 64,0,75.4,1.0541,0.4091,,,,,0.0932,0.0727,0.2409,◎,,D,△,,,0.6135,,0.4863,A,69,0,◎-○軸 3着3〜4艇流し（10〜15点）,0.5777,"{'is_target': True, 'verdict': '点数絞り', 'max_combo_prob': 0.1045, 'est_top_odds': 12.8, 'circle_concentration': 74.5, 'eligible_count': 8, 'bet_adj': 0, 'reason': 'rel_win1=65.7%（本命度） / 最有力組み合わせ確率: 0.105（推定実オッズ?13倍） / 2着集中度: 上位2艇 74.5%（補正+0.04） / 総合判定確率: 0.145 / → ヒモはやや固め。上位2艇以外を切ること', 'tenji_trigger': '展示確認: 1号艇伸び良→そのまま採用。悪→飛び組に差し替え。circle_pct上位2艇に絞り込むこと。'}",,,28.6,逃げ狙い,17.64,30.1,2,,,,,0,0,0.7559,0,,逃げ軸流し,A
2025-07-28,丸亀,8,2,清水愛海,A1,37.88,2,○,16.879,51.3,100,71.4,0.1729,3.6905,,,0,低,73,0,差0%,144221,0,59,1.1891,0,0.2857,0,0,0,0.0909,0.1818,0,,,C,◎,,0.2772,0.634,,0.4863,A,69,0,◎-○軸 3着3〜4艇流し（10〜15点）,0.5777,"{'is_target': True, 'verdict': '点数絞り', 'max_combo_prob': 0.1045, 'est_top_odds': 12.8, 'circle_concentration': 74.5, 'eligible_count': 8, 'bet_adj': 0, 'reason': 'rel_win1=65.7%（本命度） / 最有力組み合わせ確率: 0.105（推定実オッズ?13倍） / 2着集中度: 上位2艇 74.5%（補正+0.04） / 総合判定確率: 0.145 / → ヒモはやや固め。上位2艇以外を切ること', 'tenji_trigger': '展示確認: 1号艇伸び良→そのまま採用。悪→飛び組に差し替え。circle_pct上位2艇に絞り込むこと。'}",,,28.6,逃げ狙い,17.64,30.1,2,,,,,,,,,,,
2025-07-28,丸亀,8,3,村上奈穂,B1,28.08,3,,6.53,23.3,69,25,0.165,3.5208,,,0,低,64,0,-,553 35,0,33.4,0.5577,,,,,,0.1818,0.3636,0.0909,,,E,△,,0.3024,0.578,,0.4863,A,69,0,◎-○軸 3着3〜4艇流し（10〜15点）,0.5777,"{'is_target': True, 'verdict': '点数絞り', 'max_combo_prob': 0.1045, 'est_top_odds': 12.8, 'circle_concentration': 74.5, 'eligible_count': 8, 'bet_adj': 0, 'reason': 'rel_win1=65.7%（本命度） / 最有力組み合わせ確率: 0.105（推定実オッズ?13倍） / 2着集中度: 上位2艇 74.5%（補正+0.04） / 総合判定確率: 0.145 / → ヒモはやや固め。上位2艇以外を切ること', 'tenji_trigger': '展示確認: 1号艇伸び良→そのまま採用。悪→飛び組に差し替え。circle_pct上位2艇に絞り込むこと。'}",,,28.6,逃げ狙い,17.64,30.1,2,,,,,,,,,,,
2025-07-28,丸亀,8,4,植竹玲奈,B2,38.76,4,△,6.3704,13.3,78,12.5,0.2137,4.1875,,,0,低,67,0,-,3 463,0,15.9,0.5945,,,,,,,,,,,B,,,0.1459,0.5055,,0.4863,A,69,0,◎-○軸 3着3〜4艇流し（10〜15点）,0.5777,"{'is_target': True, 'verdict': '点数絞り', 'max_combo_prob': 0.1045, 'est_top_odds': 12.8, 'circle_concentration': 74.5, 'eligible_count': 8, 'bet_adj': 0, 'reason': 'rel_win1=65.7%（本命度） / 最有力組み合わせ確率: 0.105（推定実オッズ?13倍） / 2着集中度: 上位2艇 74.5%（補正+0.04） / 総合判定確率: 0.145 / → ヒモはやや固め。上位2艇以外を切ること', 'tenji_trigger': '展示確認: 1号艇伸び良→そのまま採用。悪→飛び組に差し替え。circle_pct上位2艇に絞り込むこと。'}",,,28.6,逃げ狙い,17.64,30.1,2,,,,,,,,,,,
2025-07-28,丸亀,8,5,加藤奈月,B1,35.82,5,,2.7922,10.1,85,17.4,0.1709,3.7174,,,0,低,68,0,-,4 354,0,24.8,0.6521,,,,,,0,0.2591,0.1455,,,C,○,,0.2939,0.627,,0.4863,A,69,0,◎-○軸 3着3〜4艇流し（10〜15点）,0.5777,"{'is_target': True, 'verdict': '点数絞り', 'max_combo_prob': 0.1045, 'est_top_odds': 12.8, 'circle_concentration': 74.5, 'eligible_count': 8, 'bet_adj': 0, 'reason': 'rel_win1=65.7%（本命度） / 最有力組み合わせ確率: 0.105（推定実オッズ?13倍） / 2着集中度: 上位2艇 74.5%（補正+0.04） / 総合判定確率: 0.145 / → ヒモはやや固め。上位2艇以外を切ること', 'tenji_trigger': '展示確認: 1号艇伸び良→そのまま採用。悪→飛び組に差し替え。circle_pct上位2艇に絞り込むこと。'}",,,28.6,逃げ狙い,17.64,30.1,2,,,,,,,,,,,
2025-07-28,丸亀,8,6,田上　凜,B1,43.84,6,▲,1.6787,2.1,42,9,0.1954,4.0448,,,0,低,114,0,-,4 145,0,91.8,1.8122,,,,,,0,0.6667,0,,,B,,,0.2159,0.504,,0.4863,A,69,0,◎-○軸 3着3〜4艇流し（10〜15点）,0.5777,"{'is_target': True, 'verdict': '点数絞り', 'max_combo_prob': 0.1045, 'est_top_odds': 12.8, 'circle_concentration': 74.5, 'eligible_count': 8, 'bet_adj': 0, 'reason': 'rel_win1=65.7%（本命度） / 最有力組み合わせ確率: 0.105（推定実オッズ?13倍） / 2着集中度: 上位2艇 74.5%（補正+0.04） / 総合判定確率: 0.145 / → ヒモはやや固め。上位2艇以外を切ること', 'tenji_trigger': '展示確認: 1号艇伸び良→そのまま採用。悪→飛び組に差し替え。circle_pct上位2艇に絞り込むこと。'}",,,28.6,逃げ狙い,17.64,30.1,2,,,,,,,,,,,
2025-07-28,丸亀,9,1,松尾夏海,A1,31.88,1,◎,66.9791,,0,88.2,0.1676,3.0441,,,0,低,45,0,逃1%,511144,0,88.4,1.1693,1,,,,,,,,◎,,D,◎,,,0.684,,0.5733,S,100,0,◎1着固定 2-3着流し（5〜8点）,0.5777,"{'is_target': True, 'verdict': '点数絞り', 'max_combo_prob': 0.106, 'est_top_odds': 12.6, 'circle_concentration': 74.0, 'eligible_count': 6, 'bet_adj': 0, 'reason': 'rel_win1=67.0%（本命度） / 最有力組み合わせ確率: 0.106（推定実オッズ?13倍） / 2着集中度: 上位2艇 74.0%（補正+0.04） / 総合判定確率: 0.146 / → ヒモはやや固め。上位2艇以外を切ること', 'tenji_trigger': '展示確認: 1号艇伸び良→そのまま採用。悪→飛び組に差し替え。circle_pct上位2艇に絞り込むこと。'}",,,24.8,逃げ狙い,14.6,21.9,4,,,,,0,0,0.7559,0,,逃げ軸流し,A
2025-07-28,丸亀,9,2,魚谷香織,A2,29.63,2,,12.2355,38.9,100,57.9,0.1889,3.6579,,,0,低,49,0,差0% ま0%,461 22,0,46.9,0.9474,0,0.0833,0.0833,0,0,0.1382,0,0.2342,,,E,○,,0.1064,0.637,,0.5733,S,100,0,◎1着固定 2-3着流し（5〜8点）,0.5777,"{'is_target': True, 'verdict': '点数絞り', 'max_combo_prob': 0.106, 'est_top_odds': 12.6, 'circle_concentration': 74.0, 'eligible_count': 6, 'bet_adj': 0, 'reason': 'rel_win1=67.0%（本命度） / 最有力組み合わせ確率: 0.106（推定実オッズ?13倍） / 2着集中度: 上位2艇 74.0%（補正+0.04） / 総合判定確率: 0.146 / → ヒモはやや固め。上位2艇以外を切ること', 'tenji_trigger': '展示確認: 1号艇伸び良→そのまま採用。悪→飛び組に差し替え。circle_pct上位2艇に絞り込むこと。'}",,,24.8,逃げ狙い,14.6,21.9,4,,,,,,,,,,,
2025-07-28,丸亀,9,3,門田　栞,B1,46.70,3,○,10.1057,35.1,96,59.5,0.1586,3.5946,,,0,低,76,0,-,5 153,0,47.9,0.931,0,0.0526,0,0.0526,0,0.2308,0.3077,0,,,A,,,0.3337,0.5145,,0.5733,S,100,0,◎1着固定 2-3着流し（5〜8点）,0.5777,"{'is_target': True, 'verdict': '点数絞り', 'max_combo_prob': 0.106, 'est_top_odds': 12.6, 'circle_concentration': 74.0, 'eligible_count': 6, 'bet_adj': 0, 'reason': 'rel_win1=67.0%（本命度） / 最有力組み合わせ確率: 0.106（推定実オッズ?13倍） / 2着集中度: 上位2艇 74.0%（補正+0.04） / 総合判定確率: 0.146 / → ヒモはやや固め。上位2艇以外を切ること', 'tenji_trigger': '展示確認: 1号艇伸び良→そのまま採用。悪→飛び組に差し替え。circle_pct上位2艇に絞り込むこと。'}",,,24.8,逃げ狙い,14.6,21.9,4,,,,,,,,,,,
2025-07-28,丸亀,9,4,吉田彩乃,B1,45.45,4,▲,6.7967,17.2,68,31.6,0.1747,4.2632,,,0,低,47,0,-,342 46,0,43.2,0.7481,,,,,,0.23,0.69,0,,,B,△,,0.2852,0.5885,,0.5733,S,100,0,◎1着固定 2-3着流し（5〜8点）,0.5777,"{'is_target': True, 'verdict': '点数絞り', 'max_combo_prob': 0.106, 'est_top_odds': 12.6, 'circle_concentration': 74.0, 'eligible_count': 6, 'bet_adj': 0, 'reason': 'rel_win1=67.0%（本命度） / 最有力組み合わせ確率: 0.106（推定実オッズ?13倍） / 2着集中度: 上位2艇 74.0%（補正+0.04） / 総合判定確率: 0.146 / → ヒモはやや固め。上位2艇以外を切ること', 'tenji_trigger': '展示確認: 1号艇伸び良→そのまま採用。悪→飛び組に差し替え。circle_pct上位2艇に絞り込むこと。'}",,,24.8,逃げ狙い,14.6,21.9,4,,,,,,,,,,,
2025-07-28,丸亀,9,5,中尾彩香,B1,40.82,5,△,2.7158,8.4,56,18.5,0.1767,3.6667,,,0,低,58,0,-,5 255,0,39,0.6414,,,,,,0.1667,0.1667,0,,,C,△,,0.2811,0.529,,0.5733,S,100,0,◎1着固定 2-3着流し（5〜8点）,0.5777,"{'is_target': True, 'verdict': '点数絞り', 'max_combo_prob': 0.106, 'est_top_odds': 12.6, 'circle_concentration': 74.0, 'eligible_count': 6, 'bet_adj': 0, 'reason': 'rel_win1=67.0%（本命度） / 最有力組み合わせ確率: 0.106（推定実オッズ?13倍） / 2着集中度: 上位2艇 74.0%（補正+0.04） / 総合判定確率: 0.146 / → ヒモはやや固め。上位2艇以外を切ること', 'tenji_trigger': '展示確認: 1号艇伸び良→そのまま採用。悪→飛び組に差し替え。circle_pct上位2艇に絞り込むこと。'}",,,24.8,逃げ狙い,14.6,21.9,4,,,,,,,,,,,
2025-07-28,丸亀,9,6,野田亜湖,B2,42.13,6,,1.1671,0.4,16,0,0.2688,5.3898,,,0,低,57,0,-,6 666,0,22.9,0.6572,,,,,,,,,,,C,,,0.135,0.4055,,0.5733,S,100,0,◎1着固定 2-3着流し（5〜8点）,0.5777,"{'is_target': True, 'verdict': '点数絞り', 'max_combo_prob': 0.106, 'est_top_odds': 12.6, 'circle_concentration': 74.0, 'eligible_count': 6, 'bet_adj': 0, 'reason': 'rel_win1=67.0%（本命度） / 最有力組み合わせ確率: 0.106（推定実オッズ?13倍） / 2着集中度: 上位2艇 74.0%（補正+0.04） / 総合判定確率: 0.146 / → ヒモはやや固め。上位2艇以外を切ること', 'tenji_trigger': '展示確認: 1号艇伸び良→そのまま採用。悪→飛び組に差し替え。circle_pct上位2艇に絞り込むこと。'}",,,24.8,逃げ狙い,14.6,21.9,4,,,,,,,,,,,
2025-07-28,丸亀,10,1,細川裕子,A1,31.71,1,◎,67.097,,0,96.4,0.1732,3.6786,,,0,低,59,0,逃1%,23641,0,76.4,1.0625,0.8333,,,,,0,0,0.0833,○,,D,◎,,,0.6235,,0.4447,S,92,0,◎1着固定 2-3着流し（5〜8点）,0.5777,"{'is_target': True, 'verdict': '点数絞り', 'max_combo_prob': 0.1111, 'est_top_odds': 12.0, 'circle_concentration': 71.2, 'eligible_count': 6, 'bet_adj': 0, 'reason': 'rel_win1=67.1%（本命度） / 最有力組み合わせ確率: 0.111（推定実オッズ?12倍） / 2着集中度: 上位2艇 71.2%（補正+0.04） / 総合判定確率: 0.151 / → ヒモはやや固め。上位2艇以外を切ること', 'tenji_trigger': '展示確認: 1号艇伸び良→そのまま採用。悪→飛び組に差し替え。circle_pct上位2艇に絞り込むこと。'}",,,25.5,逃げ狙い,15.45,23,4,,,,,0,0,0.6155,0,,逃げ軸流し,A
2025-07-28,丸亀,10,2,山田理央,A2,34.00,2,,10.1035,50.1,63,55.3,0.1476,3.2632,,,0,低,62,0,-,2 5221,0,62.2,1.1978,0,0.0833,0,0,0,0.0444,0.1444,0.0222,,◎,D,△,,0.5681,0.6,,0.4447,S,92,0,◎1着固定 2-3着流し（5〜8点）,0.5777,"{'is_target': True, 'verdict': '点数絞り', 'max_combo_prob': 0.1111, 'est_top_odds': 12.0, 'circle_concentration': 71.2, 'eligible_count': 6, 'bet_adj': 0, 'reason': 'rel_win1=67.1%（本命度） / 最有力組み合わせ確率: 0.111（推定実オッズ?12倍） / 2着集中度: 上位2艇 71.2%（補正+0.04） / 総合判定確率: 0.151 / → ヒモはやや固め。上位2艇以外を切ること', 'tenji_trigger': '展示確認: 1号艇伸び良→そのまま採用。悪→飛び組に差し替え。circle_pct上位2艇に絞り込むこと。'}",,,25.5,逃げ狙い,15.45,23,4,,,,,,,,,,,
2025-07-28,丸亀,10,3,森　陽多,B1,34.50,3,△,7.9146,17.2,86,33.3,0.172,3.6,,,0,低,64,0,-,666 64,0,38.2,0.701,,,,,,0,0.4,0.2,,,C,,,0.3176,0.472,,0.4447,S,92,0,◎1着固定 2-3着流し（5〜8点）,0.5777,"{'is_target': True, 'verdict': '点数絞り', 'max_combo_prob': 0.1111, 'est_top_odds': 12.0, 'circle_concentration': 71.2, 'eligible_count': 6, 'bet_adj': 0, 'reason': 'rel_win1=67.1%（本命度） / 最有力組み合わせ確率: 0.111（推定実オッズ?12倍） / 2着集中度: 上位2艇 71.2%（補正+0.04） / 総合判定確率: 0.151 / → ヒモはやや固め。上位2艇以外を切ること', 'tenji_trigger': '展示確認: 1号艇伸び良→そのまま採用。悪→飛び組に差し替え。circle_pct上位2艇に絞り込むこと。'}",,,25.5,逃げ狙い,15.45,23,4,,,,,,,,,,,
2025-07-28,丸亀,10,4,中村桃佳,B1,36.08,4,▲,10.6698,21,100,61.5,0.1638,3.1731,,,0,低,41,0,-,6 252,0,88.7,1.5681,0,0,0.1905,0,0,0.0471,0.0706,0.2706,,,B,○,,0.3675,0.6205,,0.4447,S,92,0,◎1着固定 2-3着流し（5〜8点）,0.5777,"{'is_target': True, 'verdict': '点数絞り', 'max_combo_prob': 0.1111, 'est_top_odds': 12.0, 'circle_concentration': 71.2, 'eligible_count': 6, 'bet_adj': 0, 'reason': 'rel_win1=67.1%（本命度） / 最有力組み合わせ確率: 0.111（推定実オッズ?12倍） / 2着集中度: 上位2艇 71.2%（補正+0.04） / 総合判定確率: 0.151 / → ヒモはやや固め。上位2艇以外を切ること', 'tenji_trigger': '展示確認: 1号艇伸び良→そのまま採用。悪→飛び組に差し替え。circle_pct上位2艇に絞り込むこと。'}",,,25.5,逃げ狙い,15.45,23,4,,,,,,,,,,,
2025-07-28,丸亀,10,5,松本　怜,B1,39.80,5,○,3.199,10.5,81,39.1,0.1413,3.087,,,0,低,54,0,-,6 143,0,27.7,0.6467,,,,,,0,0.5,0.25,,○,B,△,,0.4089,0.572,,0.4447,S,92,0,◎1着固定 2-3着流し（5〜8点）,0.5777,"{'is_target': True, 'verdict': '点数絞り', 'max_combo_prob': 0.1111, 'est_top_odds': 12.0, 'circle_concentration': 71.2, 'eligible_count': 6, 'bet_adj': 0, 'reason': 'rel_win1=67.1%（本命度） / 最有力組み合わせ確率: 0.111（推定実オッズ?12倍） / 2着集中度: 上位2艇 71.2%（補正+0.04） / 総合判定確率: 0.151 / → ヒモはやや固め。上位2艇以外を切ること', 'tenji_trigger': '展示確認: 1号艇伸び良→そのまま採用。悪→飛び組に差し替え。circle_pct上位2艇に絞り込むこと。'}",,,25.5,逃げ狙い,15.45,23,4,,,,,,,,,,,
2025-07-28,丸亀,10,6,石原凪紗,B2,34.12,6,,1.0161,1.1,36,6.7,0.1847,4.0667,,,0,低,62,0,-,4 346,0,26.2,0.8556,,,,,,0.2643,0.0571,0.0571,,,C,,,0.2734,0.537,,0.4447,S,92,0,◎1着固定 2-3着流し（5〜8点）,0.5777,"{'is_target': True, 'verdict': '点数絞り', 'max_combo_prob': 0.1111, 'est_top_odds': 12.0, 'circle_concentration': 71.2, 'eligible_count': 6, 'bet_adj': 0, 'reason': 'rel_win1=67.1%（本命度） / 最有力組み合わせ確率: 0.111（推定実オッズ?12倍） / 2着集中度: 上位2艇 71.2%（補正+0.04） / 総合判定確率: 0.151 / → ヒモはやや固め。上位2艇以外を切ること', 'tenji_trigger': '展示確認: 1号艇伸び良→そのまま採用。悪→飛び組に差し替え。circle_pct上位2艇に絞り込むこと。'}",,,25.5,逃げ狙い,15.45,23,4,,,,,,,,,,,
2025-07-28,丸亀,11,1,鎌倉　涼,A1,35.15,1,◎,63.0058,,0,86.2,0.1562,2.9483,,,0,低,56,0,逃1%,321 42,0,83.9,1.1332,0.6667,,,,,0.1667,0.1667,0,◎,,C,,,,0.5705,,0.5779,A,79,0,◎-○軸 3着3〜4艇流し（10〜15点）,0.5777,"{'is_target': True, 'verdict': '点数絞り', 'max_combo_prob': 0.0977, 'est_top_odds': 13.6, 'circle_concentration': 72.6, 'eligible_count': 8, 'bet_adj': 0, 'reason': 'rel_win1=63.0%（本命度） / 最有力組み合わせ確率: 0.098（推定実オッズ?14倍） / 2着集中度: 上位2艇 72.6%（補正+0.04） / 総合判定確率: 0.138 / → ヒモはやや固め。上位2艇以外を切ること', 'tenji_trigger': '展示確認: 1号艇伸び良→そのまま採用。悪→飛び組に差し替え。circle_pct上位2艇に絞り込むこと。'}",,,30,逃げ狙い,19.89,32.1,3,,,,,0,0,0.7559,0,,逃げ軸流し,A
2025-07-28,丸亀,11,2,寺田千恵,A1,31.98,2,△,16.9245,45.7,100,81,0.1748,3.5238,,,0,低,54,0,差0%,1 2331,0,65.2,1.3233,0,0.5,0,0,0,0.1818,0.0909,0.0909,,,D,◎,,0.2352,0.6385,,0.5779,A,79,0,◎-○軸 3着3〜4艇流し（10〜15点）,0.5777,"{'is_target': True, 'verdict': '点数絞り', 'max_combo_prob': 0.0977, 'est_top_odds': 13.6, 'circle_concentration': 72.6, 'eligible_count': 8, 'bet_adj': 0, 'reason': 'rel_win1=63.0%（本命度） / 最有力組み合わせ確率: 0.098（推定実オッズ?14倍） / 2着集中度: 上位2艇 72.6%（補正+0.04） / 総合判定確率: 0.138 / → ヒモはやや固め。上位2艇以外を切ること', 'tenji_trigger': '展示確認: 1号艇伸び良→そのまま採用。悪→飛び組に差し替え。circle_pct上位2艇に絞り込むこと。'}",,,30,逃げ狙い,19.89,32.1,3,,,,,,,,,,,
2025-07-28,丸亀,11,3,川野芽唯,A1,35.27,3,▲,10.9861,27,89,73.7,0.1895,4.0263,,,0,低,72,0,抜0%,152 33,0,52.2,1.2948,0,0,0,0,0.1111,0,0.0556,0.0556,,,B,△,,0.1279,0.625,,0.5779,A,79,0,◎-○軸 3着3〜4艇流し（10〜15点）,0.5777,"{'is_target': True, 'verdict': '点数絞り', 'max_combo_prob': 0.0977, 'est_top_odds': 13.6, 'circle_concentration': 72.6, 'eligible_count': 8, 'bet_adj': 0, 'reason': 'rel_win1=63.0%（本命度） / 最有力組み合わせ確率: 0.098（推定実オッズ?14倍） / 2着集中度: 上位2艇 72.6%（補正+0.04） / 総合判定確率: 0.138 / → ヒモはやや固め。上位2艇以外を切ること', 'tenji_trigger': '展示確認: 1号艇伸び良→そのまま採用。悪→飛び組に差し替え。circle_pct上位2艇に絞り込むこと。'}",,,30,逃げ狙い,19.89,32.1,3,,,,,,,,,,,
2025-07-28,丸亀,11,4,北村寧々,B1,30.39,4,,5.1664,14,69,40,0.1516,3.58,,,0,低,40,0,ま0%,5 641,0,90.3,0.7802,0,0,0.0833,0,0,0,0.3333,0,,,D,○,,0.3145,0.6365,,0.5779,A,79,0,◎-○軸 3着3〜4艇流し（10〜15点）,0.5777,"{'is_target': True, 'verdict': '点数絞り', 'max_combo_prob': 0.0977, 'est_top_odds': 13.6, 'circle_concentration': 72.6, 'eligible_count': 8, 'bet_adj': 0, 'reason': 'rel_win1=63.0%（本命度） / 最有力組み合わせ確率: 0.098（推定実オッズ?14倍） / 2着集中度: 上位2艇 72.6%（補正+0.04） / 総合判定確率: 0.138 / → ヒモはやや固め。上位2艇以外を切ること', 'tenji_trigger': '展示確認: 1号艇伸び良→そのまま採用。悪→飛び組に差し替え。circle_pct上位2艇に絞り込むこと。'}",,,30,逃げ狙い,19.89,32.1,3,,,,,,,,,,,
2025-07-28,丸亀,11,5,三嶌さら,B1,41.62,5,○,2.8808,8.3,33,16.7,0.1812,4.381,,,0,低,82,0,-,2 455,0,29,0.6014,,,,,,0,0.25,0,,,B,△,,0.2321,0.576,,0.5779,A,79,0,◎-○軸 3着3〜4艇流し（10〜15点）,0.5777,"{'is_target': True, 'verdict': '点数絞り', 'max_combo_prob': 0.0977, 'est_top_odds': 13.6, 'circle_concentration': 72.6, 'eligible_count': 8, 'bet_adj': 0, 'reason': 'rel_win1=63.0%（本命度） / 最有力組み合わせ確率: 0.098（推定実オッズ?14倍） / 2着集中度: 上位2艇 72.6%（補正+0.04） / 総合判定確率: 0.138 / → ヒモはやや固め。上位2艇以外を切ること', 'tenji_trigger': '展示確認: 1号艇伸び良→そのまま採用。悪→飛び組に差し替え。circle_pct上位2艇に絞り込むこと。'}",,,30,逃げ狙い,19.89,32.1,3,,,,,,,,,,,
2025-07-28,丸亀,11,6,廣中智紗,A2,34.63,6,,1.0365,5.1,71,52.6,0.2216,4.6842,,,0,低,82,0,-,2 5125,0,33,1.9694,,,,,,0.0421,0.1632,0.2632,,,C,,,0.135,0.5755,,0.5779,A,79,0,◎-○軸 3着3〜4艇流し（10〜15点）,0.5777,"{'is_target': True, 'verdict': '点数絞り', 'max_combo_prob': 0.0977, 'est_top_odds': 13.6, 'circle_concentration': 72.6, 'eligible_count': 8, 'bet_adj': 0, 'reason': 'rel_win1=63.0%（本命度） / 最有力組み合わせ確率: 0.098（推定実オッズ?14倍） / 2着集中度: 上位2艇 72.6%（補正+0.04） / 総合判定確率: 0.138 / → ヒモはやや固め。上位2艇以外を切ること', 'tenji_trigger': '展示確認: 1号艇伸び良→そのまま採用。悪→飛び組に差し替え。circle_pct上位2艇に絞り込むこと。'}",,,30,逃げ狙い,19.89,32.1,3,,,,,,,,,,,
2025-07-28,丸亀,12,1,高憧四季,A1,30.65,1,◎,60.8434,,0,90.9,0.1523,2.5795,,,0,低,59,0,逃1%,1 2612,0,76.8,1.1734,0.7692,,,,,0,0.0769,0.0769,◎,,D,△,,,0.62,,0.5756,S,100,0,◎1着固定 2-3着流し（5〜8点）,0.5777,"{'is_target': True, 'verdict': '参加推奨', 'max_combo_prob': 0.0776, 'est_top_odds': 17.2, 'circle_concentration': 66.7, 'eligible_count': 6, 'bet_adj': 2, 'reason': 'rel_win1=60.8%（本命度） / 最有力組み合わせ確率: 0.078（推定実オッズ?17倍） / 2着集中度: 上位2艇 66.7%（補正+0.00） / 総合判定確率: 0.078 / → ヒモ分散。1号艇1着固定で広めのヒモ流し推奨（買い目+2点）', 'tenji_trigger': '展示確認: ヒモ分散レース。1号艇伸び確認後、広めのヒモ流しを採用。穴ヒモ（5・6号艇）を積極的に含める。'}",,,28.1,逃げ狙い,21.6,25.2,5,,,,,0,0,0.7559,0,,逃げ軸流し,A
2025-07-28,丸亀,12,2,片岡恵里,A2,39.71,2,▲,8.7166,43,90,54.5,0.1794,3.8485,,,0,低,68,0,-,412 16,0,27,0.8928,,,,,,0,0.1429,0.1429,,,B,△,,0.0775,0.62,,0.5756,S,100,0,◎1着固定 2-3着流し（5〜8点）,0.5777,"{'is_target': True, 'verdict': '参加推奨', 'max_combo_prob': 0.0776, 'est_top_odds': 17.2, 'circle_concentration': 66.7, 'eligible_count': 6, 'bet_adj': 2, 'reason': 'rel_win1=60.8%（本命度） / 最有力組み合わせ確率: 0.078（推定実オッズ?17倍） / 2着集中度: 上位2艇 66.7%（補正+0.00） / 総合判定確率: 0.078 / → ヒモ分散。1号艇1着固定で広めのヒモ流し推奨（買い目+2点）', 'tenji_trigger': '展示確認: ヒモ分散レース。1号艇伸び確認後、広めのヒモ流しを採用。穴ヒモ（5・6号艇）を積極的に含める。'}",,,28.1,逃げ狙い,21.6,25.2,5,,,,,,,,,,,
2025-07-28,丸亀,12,3,深尾巴恵,B1,31.68,3,,10.5543,23.7,100,60,0.132,2.5,,,0,低,70,0,-,2 335,0,41.4,1.1319,0,0,0.125,0,0,0.25,0,0.5,,○,D,,,0.4052,0.5515,,0.5756,S,100,0,◎1着固定 2-3着流し（5〜8点）,0.5777,"{'is_target': True, 'verdict': '参加推奨', 'max_combo_prob': 0.0776, 'est_top_odds': 17.2, 'circle_concentration': 66.7, 'eligible_count': 6, 'bet_adj': 2, 'reason': 'rel_win1=60.8%（本命度） / 最有力組み合わせ確率: 0.078（推定実オッズ?17倍） / 2着集中度: 上位2艇 66.7%（補正+0.00） / 総合判定確率: 0.078 / → ヒモ分散。1号艇1着固定で広めのヒモ流し推奨（買い目+2点）', 'tenji_trigger': '展示確認: ヒモ分散レース。1号艇伸び確認後、広めのヒモ流しを採用。穴ヒモ（5・6号艇）を積極的に含める。'}",,,28.1,逃げ狙い,21.6,25.2,5,,,,,,,,,,,
2025-07-28,丸亀,12,4,井上遥妃,B1,39.52,4,○,7.1208,9.8,82,37,0.1226,3.0185,,,0,低,34,0,差ま0%,3 634,0,68.1,0.8347,0,0,0,0.1429,0,0,0.1944,0.2389,,◎,C,○,,0.4234,0.634,,0.5756,S,100,0,◎1着固定 2-3着流し（5〜8点）,0.5777,"{'is_target': True, 'verdict': '参加推奨', 'max_combo_prob': 0.0776, 'est_top_odds': 17.2, 'circle_concentration': 66.7, 'eligible_count': 6, 'bet_adj': 2, 'reason': 'rel_win1=60.8%（本命度） / 最有力組み合わせ確率: 0.078（推定実オッズ?17倍） / 2着集中度: 上位2艇 66.7%（補正+0.00） / 総合判定確率: 0.078 / → ヒモ分散。1号艇1着固定で広めのヒモ流し推奨（買い目+2点）', 'tenji_trigger': '展示確認: ヒモ分散レース。1号艇伸び確認後、広めのヒモ流しを採用。穴ヒモ（5・6号艇）を積極的に含める。'}",,,28.1,逃げ狙い,21.6,25.2,5,,,,,,,,,,,
2025-07-28,丸亀,12,5,平山智加,A1,40.80,5,△,9.865,13.2,89,66.7,0.19,3.2778,,,0,低,46,0,-,21311,0,100,2.874,0,0,0,0.1429,0.1429,0,0.1818,0.1818,,,B,◎,,0.1861,0.651,,0.5756,S,100,0,◎1着固定 2-3着流し（5〜8点）,0.5777,"{'is_target': True, 'verdict': '参加推奨', 'max_combo_prob': 0.0776, 'est_top_odds': 17.2, 'circle_concentration': 66.7, 'eligible_count': 6, 'bet_adj': 2, 'reason': 'rel_win1=60.8%（本命度） / 最有力組み合わせ確率: 0.078（推定実オッズ?17倍） / 2着集中度: 上位2艇 66.7%（補正+0.00） / 総合判定確率: 0.078 / → ヒモ分散。1号艇1着固定で広めのヒモ流し推奨（買い目+2点）', 'tenji_trigger': '展示確認: ヒモ分散レース。1号艇伸び確認後、広めのヒモ流しを採用。穴ヒモ（5・6号艇）を積極的に含める。'}",,,28.1,逃げ狙い,21.6,25.2,5,,,,,,,,,,,
2025-07-28,丸亀,12,6,小野生奈,A1,31.16,6,,2.8998,10.3,66,38.5,0.1865,3.9808,,,0,低,35,0,-,11451,0,30.2,1.5583,,,,,,0.0714,0,0.1429,,,D,△,,0.2017,0.625,,0.5756,S,100,0,◎1着固定 2-3着流し（5〜8点）,0.5777,"{'is_target': True, 'verdict': '参加推奨', 'max_combo_prob': 0.0776, 'est_top_odds': 17.2, 'circle_concentration': 66.7, 'eligible_count': 6, 'bet_adj': 2, 'reason': 'rel_win1=60.8%（本命度） / 最有力組み合わせ確率: 0.078（推定実オッズ?17倍） / 2着集中度: 上位2艇 66.7%（補正+0.00） / 総合判定確率: 0.078 / → ヒモ分散。1号艇1着固定で広めのヒモ流し推奨（買い目+2点）', 'tenji_trigger': '展示確認: ヒモ分散レース。1号艇伸び確認後、広めのヒモ流しを採用。穴ヒモ（5・6号艇）を積極的に含める。'}",,,28.1,逃げ狙い,21.6,25.2,5,,,,,,,,,,,
2025-07-29,丸亀,1,1,赤井　睦,B1,32.16,1,◎,66.2471,,0,75,0.1469,2.6562,,,0,低,24,0,逃0%,126 24,0,83.8,1.0303,0.3333,,,,,0.1944,0.0444,0.4333,◎⚠️,,C,◎,,,0.596,,0.5657,A,72,0,◎-○軸 3着3〜4艇流し（10〜15点）,0.5777,"{'is_target': True, 'verdict': '点数絞り', 'max_combo_prob': 0.1264, 'est_top_odds': 10.5, 'circle_concentration': 72.8, 'eligible_count': 8, 'bet_adj': 0, 'reason': 'rel_win1=66.2%（本命度） / 最有力組み合わせ確率: 0.126（推定実オッズ?10倍） / 2着集中度: 上位2艇 72.8%（補正+0.04） / 総合判定確率: 0.166 / → ヒモはやや固め。上位2艇以外を切ること', 'tenji_trigger': '展示確認: 1号艇伸び良→そのまま採用。悪→飛び組に差し替え。circle_pct上位2艇に絞り込むこと。'}",,,28.1,逃げ狙い,11.67,33.8,3,3-1-4|3-1-5|3-4-1|3-1-2|3-2-1|3-4-5|3-2-4|1-2-3|1-2-4|1-3-2,3-1-4|3-1-5|3-4-1|3-1-2|3-2-1|3-4-5|3-2-4|1-2-3|1-2-4|5-1-2|6-1-2|1-3-2,3-1-4:1.55%|3-1-5:0.61%|3-4-1:0.6%|3-1-2:0.5%|3-2-1:0.21%|3-4-5:0.05%|3-2-4:0.05%|1-2-3:4.51%|1-2-4:4.32%|1-3-2:3.16%,3-1-4:B_main|3-1-5:B_main|3-4-1:B_main|3-1-2:B_main|3-2-1:B_main|3-4-5:B_main|3-2-4:B_main|1-2-3:A|1-2-4:A|1-3-2:A,10,12,0.4535,1,[!]見送り推奨（主役決まり手「まくり差し」― 逃げ劣勢レースで的中実績なし）,主役軸流し,B
2025-07-29,丸亀,1,2,村上奈穂,B1,28.08,2,△,12.7291,47.9,93,46.4,0.1557,3.5,,,0,低,64,0,差0%,553 35,0,42.8,0.7931,0,0.0588,0,0,0,0.1818,0.3636,0.0909,,,D,○,,0.224,0.578,,0.5657,A,72,0,◎-○軸 3着3〜4艇流し（10〜15点）,0.5777,"{'is_target': True, 'verdict': '点数絞り', 'max_combo_prob': 0.1264, 'est_top_odds': 10.5, 'circle_concentration': 72.8, 'eligible_count': 8, 'bet_adj': 0, 'reason': 'rel_win1=66.2%（本命度） / 最有力組み合わせ確率: 0.126（推定実オッズ?10倍） / 2着集中度: 上位2艇 72.8%（補正+0.04） / 総合判定確率: 0.166 / → ヒモはやや固め。上位2艇以外を切ること', 'tenji_trigger': '展示確認: 1号艇伸び良→そのまま採用。悪→飛び組に差し替え。circle_pct上位2艇に絞り込むこと。'}",,,28.1,逃げ狙い,11.67,33.8,3,,,,,,,,,,,
2025-07-29,丸亀,1,3,森　陽多,B1,34.50,3,○,10.0711,24.9,100,33.3,0.172,3.6,,,0,低,64,0,-,666 64,0,35.1,0.754,,,,,,0,0.4,0.2,,,B,,,0.1871,0.472,,0.5657,A,72,0,◎-○軸 3着3〜4艇流し（10〜15点）,0.5777,"{'is_target': True, 'verdict': '点数絞り', 'max_combo_prob': 0.1264, 'est_top_odds': 10.5, 'circle_concentration': 72.8, 'eligible_count': 8, 'bet_adj': 0, 'reason': 'rel_win1=66.2%（本命度） / 最有力組み合わせ確率: 0.126（推定実オッズ?10倍） / 2着集中度: 上位2艇 72.8%（補正+0.04） / 総合判定確率: 0.166 / → ヒモはやや固め。上位2艇以外を切ること', 'tenji_trigger': '展示確認: 1号艇伸び良→そのまま採用。悪→飛び組に差し替え。circle_pct上位2艇に絞り込むこと。'}",,,28.1,逃げ狙い,11.67,33.8,3,,,,,,,,,,,
2025-07-29,丸亀,1,4,三嶌ここ,B1,28.00,4,,5.3211,18.6,57,10,0.224,4.8,,,0,低,114,0,-,464 16,0,45.1,0.5691,,,,,,0.0571,0.0571,0.3143,,,D,△,,0.135,0.553,,0.5657,A,72,0,◎-○軸 3着3〜4艇流し（10〜15点）,0.5777,"{'is_target': True, 'verdict': '点数絞り', 'max_combo_prob': 0.1264, 'est_top_odds': 10.5, 'circle_concentration': 72.8, 'eligible_count': 8, 'bet_adj': 0, 'reason': 'rel_win1=66.2%（本命度） / 最有力組み合わせ確率: 0.126（推定実オッズ?10倍） / 2着集中度: 上位2艇 72.8%（補正+0.04） / 総合判定確率: 0.166 / → ヒモはやや固め。上位2艇以外を切ること', 'tenji_trigger': '展示確認: 1号艇伸び良→そのまま採用。悪→飛び組に差し替え。circle_pct上位2艇に絞り込むこと。'}",,,28.1,逃げ狙い,11.67,33.8,3,,,,,,,,,,,
2025-07-29,丸亀,1,5,石村日奈,B2,27.59,5,,3.9434,6,50,0,0.1987,4.2826,,,0,低,58,0,-,665 56,0,32.4,0.6631,,,,,,,,,,,E,,,0.1452,0.5105,,0.5657,A,72,0,◎-○軸 3着3〜4艇流し（10〜15点）,0.5777,"{'is_target': True, 'verdict': '点数絞り', 'max_combo_prob': 0.1264, 'est_top_odds': 10.5, 'circle_concentration': 72.8, 'eligible_count': 8, 'bet_adj': 0, 'reason': 'rel_win1=66.2%（本命度） / 最有力組み合わせ確率: 0.126（推定実オッズ?10倍） / 2着集中度: 上位2艇 72.8%（補正+0.04） / 総合判定確率: 0.166 / → ヒモはやや固め。上位2艇以外を切ること', 'tenji_trigger': '展示確認: 1号艇伸び良→そのまま採用。悪→飛び組に差し替え。circle_pct上位2艇に絞り込むこと。'}",,,28.1,逃げ狙い,11.67,33.8,3,,,,,,,,,,,
2025-07-29,丸亀,1,6,松本　怜,B1,39.80,6,▲,1.6882,2.6,44,5,0.18,3.725,,,0,低,54,0,-,6 143,0,21.1,0.8111,,,,,,0,0.5,0.25,,,B,△,,0.2047,0.572,,0.5657,A,72,0,◎-○軸 3着3〜4艇流し（10〜15点）,0.5777,"{'is_target': True, 'verdict': '点数絞り', 'max_combo_prob': 0.1264, 'est_top_odds': 10.5, 'circle_concentration': 72.8, 'eligible_count': 8, 'bet_adj': 0, 'reason': 'rel_win1=66.2%（本命度） / 最有力組み合わせ確率: 0.126（推定実オッズ?10倍） / 2着集中度: 上位2艇 72.8%（補正+0.04） / 総合判定確率: 0.166 / → ヒモはやや固め。上位2艇以外を切ること', 'tenji_trigger': '展示確認: 1号艇伸び良→そのまま採用。悪→飛び組に差し替え。circle_pct上位2艇に絞り込むこと。'}",,,28.1,逃げ狙い,11.67,33.8,3,,,,,,,,,,,
2025-07-29,丸亀,2,1,濱崎寿里,B2,30.57,1,◎,54.9967,,0,50,0.2112,4.9375,,,0,低,23,1,逃0%,233 26,0,47.2,0.7288,0.3333,,,,,0.6667,0,0,,,D,,,,0.533,,0.0696,C,39,0,荒れ傾向。高配当狙いか見送り,0.5777,"{'is_target': True, 'verdict': '点数絞り', 'max_combo_prob': 0.0872, 'est_top_odds': 15.3, 'circle_concentration': 72.9, 'eligible_count': 6, 'bet_adj': 0, 'reason': 'rel_win1=55.0%（本命度） / 最有力組み合わせ確率: 0.087（推定実オッズ?15倍） / 2着集中度: 上位2艇 72.9%（補正+0.04） / 総合判定確率: 0.127 / → ヒモはやや固め。上位2艇以外を切ること', 'tenji_trigger': '展示確認: 1号艇伸び良→そのまま採用。悪→飛び組に差し替え。circle_pct上位2艇に絞り込むこと。\n展示で1号艇スタート遅め(0.211秒)確認→ヒモが荒れやすい'}",,,32.2,両建て推奨,11.66,45.4,5,4-5-6|4-3-5|4-5-1|4-6-5|4-5-3|4-3-6|4-3-1|1-2-3|1-2-4|1-3-4|1-4-3,4-5-6|4-3-5|4-5-1|4-6-5|4-5-3|4-3-6|4-3-1|2-1-3|1-2-3|1-2-4|1-3-4|1-4-3,4-5-6:2.33%|4-3-5:1.66%|4-5-1:1.42%|4-6-5:1.19%|4-5-3:1.17%|4-3-6:0.85%|4-3-1:0.52%|1-2-3:5.0%|1-2-4:4.89%|1-3-4:3.46%|1-4-3:3.37%,4-5-6:B_main|4-3-5:B_main|4-5-1:B_main|4-6-5:B_main|4-5-3:B_main|4-3-6:B_main|4-3-1:B_main|1-2-3:A|1-2-4:A|1-3-4:A|1-4-3:A,11,12,0.2915,1,[!]見送り推奨（主役決まり手「まくり」― 逃げ劣勢レースで的中実績なし）,主役軸流し,B
2025-07-29,丸亀,2,2,樫葉新心,B1,29.76,2,,10.0874,47.5,80,27.8,0.1983,4.0278,,,0,低,136,0,-,551 36,0,57.9,0.5379,,,,,,0.1864,0.3318,0.2591,,△,E,△,,0.4565,0.5565,,0.0696,C,39,0,荒れ傾向。高配当狙いか見送り,0.5777,"{'is_target': True, 'verdict': '点数絞り', 'max_combo_prob': 0.0872, 'est_top_odds': 15.3, 'circle_concentration': 72.9, 'eligible_count': 6, 'bet_adj': 0, 'reason': 'rel_win1=55.0%（本命度） / 最有力組み合わせ確率: 0.087（推定実オッズ?15倍） / 2着集中度: 上位2艇 72.9%（補正+0.04） / 総合判定確率: 0.127 / → ヒモはやや固め。上位2艇以外を切ること', 'tenji_trigger': '展示確認: 1号艇伸び良→そのまま採用。悪→飛び組に差し替え。circle_pct上位2艇に絞り込むこと。\n展示で1号艇スタート遅め(0.211秒)確認→ヒモが荒れやすい'}",,,32.2,両建て推奨,11.66,45.4,5,,,,,,,,,,,
2025-07-29,丸亀,2,3,大廣咲季,B1,32.84,3,▲,9.9023,25.3,100,30.3,0.1361,3.0909,,,0,低,81,0,-,163 45,0,91.2,1.8152,0,0,0.0455,0,0,0.3333,0.3333,0,,○,D,△,,0.4573,0.543,,0.0696,C,39,0,荒れ傾向。高配当狙いか見送り,0.5777,"{'is_target': True, 'verdict': '点数絞り', 'max_combo_prob': 0.0872, 'est_top_odds': 15.3, 'circle_concentration': 72.9, 'eligible_count': 6, 'bet_adj': 0, 'reason': 'rel_win1=55.0%（本命度） / 最有力組み合わせ確率: 0.087（推定実オッズ?15倍） / 2着集中度: 上位2艇 72.9%（補正+0.04） / 総合判定確率: 0.127 / → ヒモはやや固め。上位2艇以外を切ること', 'tenji_trigger': '展示確認: 1号艇伸び良→そのまま採用。悪→飛び組に差し替え。circle_pct上位2艇に絞り込むこと。\n展示で1号艇スタート遅め(0.211秒)確認→ヒモが荒れやすい'}",,,32.2,両建て推奨,11.66,45.4,5,,,,,,,,,,,
2025-07-29,丸亀,2,4,山川美由,B1,45.13,4,○,15.32,20,85,77.8,0.1544,2.8333,,,0,低,16,1,-,231 13,0,68.2,1.2168,0,0,0.25,0,0,0,0,0.3333,,◎,A,◎,,0.5285,0.584,,0.0696,C,39,0,荒れ傾向。高配当狙いか見送り,0.5777,"{'is_target': True, 'verdict': '点数絞り', 'max_combo_prob': 0.0872, 'est_top_odds': 15.3, 'circle_concentration': 72.9, 'eligible_count': 6, 'bet_adj': 0, 'reason': 'rel_win1=55.0%（本命度） / 最有力組み合わせ確率: 0.087（推定実オッズ?15倍） / 2着集中度: 上位2艇 72.9%（補正+0.04） / 総合判定確率: 0.127 / → ヒモはやや固め。上位2艇以外を切ること', 'tenji_trigger': '展示確認: 1号艇伸び良→そのまま採用。悪→飛び組に差し替え。circle_pct上位2艇に絞り込むこと。\n展示で1号艇スタート遅め(0.211秒)確認→ヒモが荒れやすい'}",,,32.2,両建て推奨,11.66,45.4,5,,,,,,,,,,,
2025-07-29,丸亀,2,5,鎌倉　涼,A1,35.15,5,△,8.255,6.8,99,37.5,0.2069,4.875,,,0,低,56,0,-,321 42,0,24.5,1.1581,,,,,,0.1667,0.1667,0,,,C,○,,0.3187,0.5705,,0.0696,C,39,0,荒れ傾向。高配当狙いか見送り,0.5777,"{'is_target': True, 'verdict': '点数絞り', 'max_combo_prob': 0.0872, 'est_top_odds': 15.3, 'circle_concentration': 72.9, 'eligible_count': 6, 'bet_adj': 0, 'reason': 'rel_win1=55.0%（本命度） / 最有力組み合わせ確率: 0.087（推定実オッズ?15倍） / 2着集中度: 上位2艇 72.9%（補正+0.04） / 総合判定確率: 0.127 / → ヒモはやや固め。上位2艇以外を切ること', 'tenji_trigger': '展示確認: 1号艇伸び良→そのまま採用。悪→飛び組に差し替え。circle_pct上位2艇に絞り込むこと。\n展示で1号艇スタート遅め(0.211秒)確認→ヒモが荒れやすい'}",,,32.2,両建て推奨,11.66,45.4,5,,,,,,,,,,,
2025-07-29,丸亀,2,6,野田亜湖,B2,42.13,6,,1.4387,0.3,16,0,0.2688,5.3898,,,0,低,57,0,-,6 666,0,24.5,0.5461,,,,,,,,,,,B,,,0.135,0.4055,,0.0696,C,39,0,荒れ傾向。高配当狙いか見送り,0.5777,"{'is_target': True, 'verdict': '点数絞り', 'max_combo_prob': 0.0872, 'est_top_odds': 15.3, 'circle_concentration': 72.9, 'eligible_count': 6, 'bet_adj': 0, 'reason': 'rel_win1=55.0%（本命度） / 最有力組み合わせ確率: 0.087（推定実オッズ?15倍） / 2着集中度: 上位2艇 72.9%（補正+0.04） / 総合判定確率: 0.127 / → ヒモはやや固め。上位2艇以外を切ること', 'tenji_trigger': '展示確認: 1号艇伸び良→そのまま採用。悪→飛び組に差し替え。circle_pct上位2艇に絞り込むこと。\n展示で1号艇スタート遅め(0.211秒)確認→ヒモが荒れやすい'}",,,32.2,両建て推奨,11.66,45.4,5,,,,,,,,,,,
2025-07-29,丸亀,3,1,井上遥妃,B1,39.52,1,◎,57.1629,,0,61.1,0.15,3.5556,,,0,低,34,0,逃1%,3 634,0,60,0.8516,0.5556,,,,,0,0.1944,0.2389,○⚠️,,B,○,,,0.634,,0.4434,A,65,0,◎-○軸 3着3〜4艇流し（10〜15点）,0.5777,"{'is_target': True, 'verdict': '参加推奨', 'max_combo_prob': 0.0841, 'est_top_odds': 15.9, 'circle_concentration': 68.2, 'eligible_count': 8, 'bet_adj': 2, 'reason': 'rel_win1=57.2%（本命度） / 最有力組み合わせ確率: 0.084（推定実オッズ?16倍） / 2着集中度: 上位2艇 68.2%（補正+0.00） / 総合判定確率: 0.084 / → ヒモ分散。1号艇1着固定で広めのヒモ流し推奨（買い目+2点）', 'tenji_trigger': '展示確認: ヒモ分散レース。1号艇伸び確認後、広めのヒモ流しを採用。穴ヒモ（5・6号艇）を積極的に含める。'}",,,27,逃げ狙い,14.77,28.1,4,4-5-6|4-5-1|4-6-5|4-5-2|4-3-5|4-6-1|4-3-6|4-1-5|4-1-2|1-2-5|1-2-4|4-1-3,4-5-6|4-5-1|4-6-5|4-5-2|4-3-5|4-6-1|4-3-6|4-1-5|4-1-2|1-2-5|1-2-4|4-1-3,4-5-6:1.25%|4-5-1:0.98%|4-6-5:0.66%|4-5-2:0.64%|4-3-5:0.5%|4-6-1:0.13%|4-3-6:0.13%|4-1-5:10.85%|4-1-2:6.84%|1-2-5:6.26%|1-2-4:4.63%|4-1-3:3.92%,4-5-6:B_main|4-5-1:B_main|4-6-5:B_main|4-5-2:B_main|4-3-5:B_main|4-6-1:B_main|4-3-6:B_main|4-1-5:B_sc|4-1-2:B_sc|1-2-5:A|1-2-4:A|4-1-3:B_sc,12,12,0.4535,1,[!]見送り推奨（主役決まり手「まくり」― 逃げ劣勢レースで的中実績なし）,主役軸流し,B
2025-07-29,丸亀,3,2,谷口佳蓮,B1,39.42,2,▲,16.1607,47.1,100,50,0.158,3.8,,,0,低,45,0,-,3 235,0,41.7,0.8667,0,0.1176,0,0,0,0.1091,0,0.2727,,,C,△,,0.2466,0.5715,,0.4434,A,65,0,◎-○軸 3着3〜4艇流し（10〜15点）,0.5777,"{'is_target': True, 'verdict': '参加推奨', 'max_combo_prob': 0.0841, 'est_top_odds': 15.9, 'circle_concentration': 68.2, 'eligible_count': 8, 'bet_adj': 2, 'reason': 'rel_win1=57.2%（本命度） / 最有力組み合わせ確率: 0.084（推定実オッズ?16倍） / 2着集中度: 上位2艇 68.2%（補正+0.00） / 総合判定確率: 0.084 / → ヒモ分散。1号艇1着固定で広めのヒモ流し推奨（買い目+2点）', 'tenji_trigger': '展示確認: ヒモ分散レース。1号艇伸び確認後、広めのヒモ流しを採用。穴ヒモ（5・6号艇）を積極的に含める。'}",,,27,逃げ狙い,14.77,28.1,4,,,,,,,,,,,
2025-07-29,丸亀,3,3,佐藤ほの,B1,31.34,3,,8.4023,13.5,79,21.4,0.1893,3.4821,,,0,低,65,0,-,344 54,0,16.9,0.6042,,,,,,0.3333,0.4444,0.1111,,,D,,,0.1351,0.5605,,0.4434,A,65,0,◎-○軸 3着3〜4艇流し（10〜15点）,0.5777,"{'is_target': True, 'verdict': '参加推奨', 'max_combo_prob': 0.0841, 'est_top_odds': 15.9, 'circle_concentration': 68.2, 'eligible_count': 8, 'bet_adj': 2, 'reason': 'rel_win1=57.2%（本命度） / 最有力組み合わせ確率: 0.084（推定実オッズ?16倍） / 2着集中度: 上位2艇 68.2%（補正+0.00） / 総合判定確率: 0.084 / → ヒモ分散。1号艇1着固定で広めのヒモ流し推奨（買い目+2点）', 'tenji_trigger': '展示確認: ヒモ分散レース。1号艇伸び確認後、広めのヒモ流しを採用。穴ヒモ（5・6号艇）を積極的に含める。'}",,,27,逃げ狙い,14.77,28.1,4,,,,,,,,,,,
2025-07-29,丸亀,3,4,中尾彩香,B1,40.82,4,○,9.6822,21.1,71,28.6,0.171,3.4286,,,0,低,58,0,-,5 255,0,39.8,0.7951,,,,,,0.1667,0.1667,0,,,B,,,0.2283,0.529,,0.4434,A,65,0,◎-○軸 3着3〜4艇流し（10〜15点）,0.5777,"{'is_target': True, 'verdict': '参加推奨', 'max_combo_prob': 0.0841, 'est_top_odds': 15.9, 'circle_concentration': 68.2, 'eligible_count': 8, 'bet_adj': 2, 'reason': 'rel_win1=57.2%（本命度） / 最有力組み合わせ確率: 0.084（推定実オッズ?16倍） / 2着集中度: 上位2艇 68.2%（補正+0.00） / 総合判定確率: 0.084 / → ヒモ分散。1号艇1着固定で広めのヒモ流し推奨（買い目+2点）', 'tenji_trigger': '展示確認: ヒモ分散レース。1号艇伸び確認後、広めのヒモ流しを採用。穴ヒモ（5・6号艇）を積極的に含める。'}",,,27,逃げ狙い,14.77,28.1,4,,,,,,,,,,,
2025-07-29,丸亀,3,5,寺田千恵,A1,31.98,5,△,7.3567,17.8,79,59.1,0.155,3.3864,,,0,低,54,0,差ま0%,1 2331,0,90.4,1.6257,0,0,0,0.1111,0,0.1818,0.0909,0.0909,,,D,◎,,0.2819,0.6385,,0.4434,A,65,0,◎-○軸 3着3〜4艇流し（10〜15点）,0.5777,"{'is_target': True, 'verdict': '参加推奨', 'max_combo_prob': 0.0841, 'est_top_odds': 15.9, 'circle_concentration': 68.2, 'eligible_count': 8, 'bet_adj': 2, 'reason': 'rel_win1=57.2%（本命度） / 最有力組み合わせ確率: 0.084（推定実オッズ?16倍） / 2着集中度: 上位2艇 68.2%（補正+0.00） / 総合判定確率: 0.084 / → ヒモ分散。1号艇1着固定で広めのヒモ流し推奨（買い目+2点）', 'tenji_trigger': '展示確認: ヒモ分散レース。1号艇伸び確認後、広めのヒモ流しを採用。穴ヒモ（5・6号艇）を積極的に含める。'}",,,27,逃げ狙い,14.77,28.1,4,,,,,,,,,,,
2025-07-29,丸亀,3,6,恵良琴美,B2,38.10,6,,1.2352,0.5,24,3.9,0.1892,3.9471,,,0,低,64,0,-,666 66,0,38.6,0.7956,,,,,,,,,,,C,△,,0.1868,0.5755,,0.4434,A,65,0,◎-○軸 3着3〜4艇流し（10〜15点）,0.5777,"{'is_target': True, 'verdict': '参加推奨', 'max_combo_prob': 0.0841, 'est_top_odds': 15.9, 'circle_concentration': 68.2, 'eligible_count': 8, 'bet_adj': 2, 'reason': 'rel_win1=57.2%（本命度） / 最有力組み合わせ確率: 0.084（推定実オッズ?16倍） / 2着集中度: 上位2艇 68.2%（補正+0.00） / 総合判定確率: 0.084 / → ヒモ分散。1号艇1着固定で広めのヒモ流し推奨（買い目+2点）', 'tenji_trigger': '展示確認: ヒモ分散レース。1号艇伸び確認後、広めのヒモ流しを採用。穴ヒモ（5・6号艇）を積極的に含める。'}",,,27,逃げ狙い,14.77,28.1,4,,,,,,,,,,,
2025-07-29,丸亀,4,1,中川りな,A2,38.81,1,◎,54.8756,,0,82.8,0.1759,3.4655,,,0,低,61,0,逃1%,2 5232,0,80.9,1.0668,0.7143,,,,,0,0.1429,0.0714,○,,C,○,,,0.6205,,0.3949,S,84,0,◎1着固定 2-3着流し（5〜8点）,0.5777,"{'is_target': True, 'verdict': '点数絞り', 'max_combo_prob': 0.0975, 'est_top_odds': 13.7, 'circle_concentration': 74.1, 'eligible_count': 6, 'bet_adj': 0, 'reason': 'rel_win1=54.9%（本命度） / 最有力組み合わせ確率: 0.097（推定実オッズ?14倍） / 2着集中度: 上位2艇 74.1%（補正+0.04） / 総合判定確率: 0.137 / → ヒモはやや固め。上位2艇以外を切ること', 'tenji_trigger': '展示確認: 1号艇伸び良→そのまま採用。悪→飛び組に差し替え。circle_pct上位2艇に絞り込むこと。'}",,,26.8,逃げ狙い,16.51,26,2,,,,,0,0,0.6155,0,,逃げ軸流し,A
2025-07-29,丸亀,4,2,中村桃佳,B1,36.08,2,○,19.148,50.5,85,72.7,0.1514,2.7273,,,0,低,41,0,差1%,6 252,0,85.5,1.4529,0,0.2353,0.0588,0,0.0588,0.0471,0.0706,0.2706,,◎,C,○,,0.5963,0.6205,,0.3949,S,84,0,◎1着固定 2-3着流し（5〜8点）,0.5777,"{'is_target': True, 'verdict': '点数絞り', 'max_combo_prob': 0.0975, 'est_top_odds': 13.7, 'circle_concentration': 74.1, 'eligible_count': 6, 'bet_adj': 0, 'reason': 'rel_win1=54.9%（本命度） / 最有力組み合わせ確率: 0.097（推定実オッズ?14倍） / 2着集中度: 上位2艇 74.1%（補正+0.04） / 総合判定確率: 0.137 / → ヒモはやや固め。上位2艇以外を切ること', 'tenji_trigger': '展示確認: 1号艇伸び良→そのまま採用。悪→飛び組に差し替え。circle_pct上位2艇に絞り込むこと。'}",,,26.8,逃げ狙い,16.51,26,2,,,,,,,,,,,
2025-07-29,丸亀,4,3,廣中智紗,A2,34.63,3,,10.8146,23.7,100,59.1,0.1959,4.1136,,,0,低,82,0,ま0%,2 5125,0,42.1,1.1102,0,0,0.0833,0,0,0.0421,0.1632,0.2632,,,D,△,,0.1885,0.5755,,0.3949,S,84,0,◎1着固定 2-3着流し（5〜8点）,0.5777,"{'is_target': True, 'verdict': '点数絞り', 'max_combo_prob': 0.0975, 'est_top_odds': 13.7, 'circle_concentration': 74.1, 'eligible_count': 6, 'bet_adj': 0, 'reason': 'rel_win1=54.9%（本命度） / 最有力組み合わせ確率: 0.097（推定実オッズ?14倍） / 2着集中度: 上位2艇 74.1%（補正+0.04） / 総合判定確率: 0.137 / → ヒモはやや固め。上位2艇以外を切ること', 'tenji_trigger': '展示確認: 1号艇伸び良→そのまま採用。悪→飛び組に差し替え。circle_pct上位2艇に絞り込むこと。'}",,,26.8,逃げ狙い,16.51,26,2,,,,,,,,,,,
2025-07-29,丸亀,4,4,田上　凜,B1,43.84,4,▲,7.2065,3.3,54,17.9,0.1846,3.8718,,,0,低,114,0,ま0%,4 145,0,83.6,0.6413,0,0,0.1667,0,0,0,0.6667,0,,,B,,,0.2917,0.504,,0.3949,S,84,0,◎1着固定 2-3着流し（5〜8点）,0.5777,"{'is_target': True, 'verdict': '点数絞り', 'max_combo_prob': 0.0975, 'est_top_odds': 13.7, 'circle_concentration': 74.1, 'eligible_count': 6, 'bet_adj': 0, 'reason': 'rel_win1=54.9%（本命度） / 最有力組み合わせ確率: 0.097（推定実オッズ?14倍） / 2着集中度: 上位2艇 74.1%（補正+0.04） / 総合判定確率: 0.137 / → ヒモはやや固め。上位2艇以外を切ること', 'tenji_trigger': '展示確認: 1号艇伸び良→そのまま採用。悪→飛び組に差し替え。circle_pct上位2艇に絞り込むこと。'}",,,26.8,逃げ狙い,16.51,26,2,,,,,,,,,,,
2025-07-29,丸亀,4,5,吉田彩乃,B1,45.45,5,△,5.0142,11.4,65,11.1,0.1961,4.0278,,,0,低,47,0,-,342 46,0,28.5,0.729,,,,,,0.23,0.69,0,,,B,△,,0.2441,0.5885,,0.3949,S,84,0,◎1着固定 2-3着流し（5〜8点）,0.5777,"{'is_target': True, 'verdict': '点数絞り', 'max_combo_prob': 0.0975, 'est_top_odds': 13.7, 'circle_concentration': 74.1, 'eligible_count': 6, 'bet_adj': 0, 'reason': 'rel_win1=54.9%（本命度） / 最有力組み合わせ確率: 0.097（推定実オッズ?14倍） / 2着集中度: 上位2艇 74.1%（補正+0.04） / 総合判定確率: 0.137 / → ヒモはやや固め。上位2艇以外を切ること', 'tenji_trigger': '展示確認: 1号艇伸び良→そのまま採用。悪→飛び組に差し替え。circle_pct上位2艇に絞り込むこと。'}",,,26.8,逃げ狙い,16.51,26,2,,,,,,,,,,,
2025-07-29,丸亀,4,6,小野生奈,A1,31.16,6,,2.9412,11.2,65,38.5,0.1865,3.9808,,,0,低,35,0,-,11451,0,28.5,1.5253,,,,,,0.0714,0,0.1429,,,E,◎,,0.2763,0.625,,0.3949,S,84,0,◎1着固定 2-3着流し（5〜8点）,0.5777,"{'is_target': True, 'verdict': '点数絞り', 'max_combo_prob': 0.0975, 'est_top_odds': 13.7, 'circle_concentration': 74.1, 'eligible_count': 6, 'bet_adj': 0, 'reason': 'rel_win1=54.9%（本命度） / 最有力組み合わせ確率: 0.097（推定実オッズ?14倍） / 2着集中度: 上位2艇 74.1%（補正+0.04） / 総合判定確率: 0.137 / → ヒモはやや固め。上位2艇以外を切ること', 'tenji_trigger': '展示確認: 1号艇伸び良→そのまま採用。悪→飛び組に差し替え。circle_pct上位2艇に絞り込むこと。'}",,,26.8,逃げ狙い,16.51,26,2,,,,,,,,,,,
2025-07-29,丸亀,5,1,片岡恵里,A2,39.71,1,◎,62.0686,,0,82.1,0.1475,3.6786,,,0,低,68,0,-,412 16,0,60.7,0.921,0.7143,,,,,0,0.1429,0.1429,◎,,B,△,,,0.62,,0.4625,S,86,0,◎1着固定 2-3着流し（5〜8点）,0.5777,"{'is_target': True, 'verdict': '点数絞り', 'max_combo_prob': 0.0992, 'est_top_odds': 13.4, 'circle_concentration': 72.8, 'eligible_count': 6, 'bet_adj': 0, 'reason': 'rel_win1=62.1%（本命度） / 最有力組み合わせ確率: 0.099（推定実オッズ?13倍） / 2着集中度: 上位2艇 72.8%（補正+0.04） / 総合判定確率: 0.139 / → ヒモはやや固め。上位2艇以外を切ること', 'tenji_trigger': '展示確認: 1号艇伸び良→そのまま採用。悪→飛び組に差し替え。circle_pct上位2艇に絞り込むこと。'}",,,24.9,逃げ狙い,9.65,26.3,4,,,,,0,0,0.7559,0,,逃げ軸流し,A
2025-07-29,丸亀,5,2,細川裕子,A1,31.71,2,,6.8556,52,96,61.5,0.1865,4.4615,,,0,低,59,0,-,23641,0,41.5,0.9902,,,,,,0,0,0.0833,,,D,△,,0.0775,0.6235,,0.4625,S,86,0,◎1着固定 2-3着流し（5〜8点）,0.5777,"{'is_target': True, 'verdict': '点数絞り', 'max_combo_prob': 0.0992, 'est_top_odds': 13.4, 'circle_concentration': 72.8, 'eligible_count': 6, 'bet_adj': 0, 'reason': 'rel_win1=62.1%（本命度） / 最有力組み合わせ確率: 0.099（推定実オッズ?13倍） / 2着集中度: 上位2艇 72.8%（補正+0.04） / 総合判定確率: 0.139 / → ヒモはやや固め。上位2艇以外を切ること', 'tenji_trigger': '展示確認: 1号艇伸び良→そのまま採用。悪→飛び組に差し替え。circle_pct上位2艇に絞り込むこと。'}",,,24.9,逃げ狙い,9.65,26.3,4,,,,,,,,,,,
2025-07-29,丸亀,5,3,加藤奈月,B1,35.82,3,△,8.7241,17.7,91,25.9,0.2048,3.7407,,,0,低,68,0,ま0%,4 354,0,100,0.6306,0,0,0.1,0,0,0,0.2591,0.1455,,,C,○,,0.122,0.627,,0.4625,S,86,0,◎1着固定 2-3着流し（5〜8点）,0.5777,"{'is_target': True, 'verdict': '点数絞り', 'max_combo_prob': 0.0992, 'est_top_odds': 13.4, 'circle_concentration': 72.8, 'eligible_count': 6, 'bet_adj': 0, 'reason': 'rel_win1=62.1%（本命度） / 最有力組み合わせ確率: 0.099（推定実オッズ?13倍） / 2着集中度: 上位2艇 72.8%（補正+0.04） / 総合判定確率: 0.139 / → ヒモはやや固め。上位2艇以外を切ること', 'tenji_trigger': '展示確認: 1号艇伸び良→そのまま採用。悪→飛び組に差し替え。circle_pct上位2艇に絞り込むこと。'}",,,24.9,逃げ狙い,9.65,26.3,4,,,,,,,,,,,
2025-07-29,丸亀,5,4,松尾夏海,A1,31.88,4,▲,15.3872,20.9,100,52.2,0.1513,2.5435,,,0,低,45,0,差ま0%,511144,0,99.4,1.9651,0,0,0,0.125,0,,,,,,D,◎,,0.2893,0.684,,0.4625,S,86,0,◎1着固定 2-3着流し（5〜8点）,0.5777,"{'is_target': True, 'verdict': '点数絞り', 'max_combo_prob': 0.0992, 'est_top_odds': 13.4, 'circle_concentration': 72.8, 'eligible_count': 6, 'bet_adj': 0, 'reason': 'rel_win1=62.1%（本命度） / 最有力組み合わせ確率: 0.099（推定実オッズ?13倍） / 2着集中度: 上位2艇 72.8%（補正+0.04） / 総合判定確率: 0.139 / → ヒモはやや固め。上位2艇以外を切ること', 'tenji_trigger': '展示確認: 1号艇伸び良→そのまま採用。悪→飛び組に差し替え。circle_pct上位2艇に絞り込むこと。'}",,,24.9,逃げ狙い,9.65,26.3,4,,,,,,,,,,,
2025-07-29,丸亀,5,5,植竹玲奈,B2,38.76,5,,5.6261,6.3,71,10.5,0.2232,4.0526,,,0,低,67,0,-,3 463,0,28.4,0.7576,,,,,,,,,,,C,,,0.1359,0.5055,,0.4625,S,86,0,◎1着固定 2-3着流し（5〜8点）,0.5777,"{'is_target': True, 'verdict': '点数絞り', 'max_combo_prob': 0.0992, 'est_top_odds': 13.4, 'circle_concentration': 72.8, 'eligible_count': 6, 'bet_adj': 0, 'reason': 'rel_win1=62.1%（本命度） / 最有力組み合わせ確率: 0.099（推定実オッズ?13倍） / 2着集中度: 上位2艇 72.8%（補正+0.04） / 総合判定確率: 0.139 / → ヒモはやや固め。上位2艇以外を切ること', 'tenji_trigger': '展示確認: 1号艇伸び良→そのまま採用。悪→飛び組に差し替え。circle_pct上位2艇に絞り込むこと。'}",,,24.9,逃げ狙い,9.65,26.3,4,,,,,,,,,,,
2025-07-29,丸亀,5,6,門田　栞,B1,46.70,6,○,1.3383,3.2,63,22.2,0.1606,2.9722,,,0,低,76,0,-,5 153,0,28.4,2.4044,,,,,,0.2308,0.3077,0,,,A,,,0.2683,0.5145,,0.4625,S,86,0,◎1着固定 2-3着流し（5〜8点）,0.5777,"{'is_target': True, 'verdict': '点数絞り', 'max_combo_prob': 0.0992, 'est_top_odds': 13.4, 'circle_concentration': 72.8, 'eligible_count': 6, 'bet_adj': 0, 'reason': 'rel_win1=62.1%（本命度） / 最有力組み合わせ確率: 0.099（推定実オッズ?13倍） / 2着集中度: 上位2艇 72.8%（補正+0.04） / 総合判定確率: 0.139 / → ヒモはやや固め。上位2艇以外を切ること', 'tenji_trigger': '展示確認: 1号艇伸び良→そのまま採用。悪→飛び組に差し替え。circle_pct上位2艇に絞り込むこと。'}",,,24.9,逃げ狙い,9.65,26.3,4,,,,,,,,,,,
2025-07-29,丸亀,6,1,関野　文,A2,32.02,1,◎,60.2509,,0,77.5,0.1624,3.2959,,,0,低,58,0,逃0%,451 64,0,80.1,1.0328,0.4091,,,,,0.0932,0.0727,0.2409,○,,C,△,,,0.6135,,0.4282,A,75,0,◎-○軸 3着3〜4艇流し（10〜15点）,0.5777,"{'is_target': True, 'verdict': '参加推奨', 'max_combo_prob': 0.0572, 'est_top_odds': 23.3, 'circle_concentration': 56.9, 'eligible_count': 8, 'bet_adj': 2, 'reason': 'rel_win1=60.3%（本命度） / 最有力組み合わせ確率: 0.057（推定実オッズ?23倍） / 2着集中度: 上位2艇 56.9%（補正+0.00） / 総合判定確率: 0.057 / → ヒモ分散。1号艇1着固定で広めのヒモ流し推奨（買い目+2点）', 'tenji_trigger': '展示確認: ヒモ分散レース。1号艇伸び確認後、広めのヒモ流しを採用。穴ヒモ（5・6号艇）を積極的に含める。'}",,,28.3,逃げ狙い,16.56,30.1,3,,,,,0,0,0.6155,0,,逃げ軸流し,A
2025-07-29,丸亀,6,2,石原凪紗,B2,34.12,2,,9.1033,31.6,97,25.9,0.1996,3.7963,,,0,低,62,0,-,4 346,0,14.9,0.5379,,,,,,0.2643,0.0571,0.0571,,,C,,,0.0915,0.537,,0.4282,A,75,0,◎-○軸 3着3〜4艇流し（10〜15点）,0.5777,"{'is_target': True, 'verdict': '参加推奨', 'max_combo_prob': 0.0572, 'est_top_odds': 23.3, 'circle_concentration': 56.9, 'eligible_count': 8, 'bet_adj': 2, 'reason': 'rel_win1=60.3%（本命度） / 最有力組み合わせ確率: 0.057（推定実オッズ?23倍） / 2着集中度: 上位2艇 56.9%（補正+0.00） / 総合判定確率: 0.057 / → ヒモ分散。1号艇1着固定で広めのヒモ流し推奨（買い目+2点）', 'tenji_trigger': '展示確認: ヒモ分散レース。1号艇伸び確認後、広めのヒモ流しを採用。穴ヒモ（5・6号艇）を積極的に含める。'}",,,28.3,逃げ狙い,16.56,30.1,3,,,,,,,,,,,
2025-07-29,丸亀,6,3,村上奈穂,B1,28.08,3,,9.9393,25.2,81,25,0.165,3.5208,,,0,低,64,0,-,553 35,0,34.3,0.6608,,,,,,0.1818,0.3636,0.0909,,,E,△,,0.3091,0.578,,0.4282,A,75,0,◎-○軸 3着3〜4艇流し（10〜15点）,0.5777,"{'is_target': True, 'verdict': '参加推奨', 'max_combo_prob': 0.0572, 'est_top_odds': 23.3, 'circle_concentration': 56.9, 'eligible_count': 8, 'bet_adj': 2, 'reason': 'rel_win1=60.3%（本命度） / 最有力組み合わせ確率: 0.057（推定実オッズ?23倍） / 2着集中度: 上位2艇 56.9%（補正+0.00） / 総合判定確率: 0.057 / → ヒモ分散。1号艇1着固定で広めのヒモ流し推奨（買い目+2点）', 'tenji_trigger': '展示確認: ヒモ分散レース。1号艇伸び確認後、広めのヒモ流しを採用。穴ヒモ（5・6号艇）を積極的に含める。'}",,,28.3,逃げ狙い,16.56,30.1,3,,,,,,,,,,,
2025-07-29,丸亀,6,4,三嶌さら,B1,41.62,4,○,5.7855,10,100,24.2,0.1927,4.2424,,,0,低,82,0,差0%,2 455,0,35.6,0.7704,0,0.0455,0,0,0,0,0.25,0,,,A,,,0.1731,0.576,,0.4282,A,75,0,◎-○軸 3着3〜4艇流し（10〜15点）,0.5777,"{'is_target': True, 'verdict': '参加推奨', 'max_combo_prob': 0.0572, 'est_top_odds': 23.3, 'circle_concentration': 56.9, 'eligible_count': 8, 'bet_adj': 2, 'reason': 'rel_win1=60.3%（本命度） / 最有力組み合わせ確率: 0.057（推定実オッズ?23倍） / 2着集中度: 上位2艇 56.9%（補正+0.00） / 総合判定確率: 0.057 / → ヒモ分散。1号艇1着固定で広めのヒモ流し推奨（買い目+2点）', 'tenji_trigger': '展示確認: ヒモ分散レース。1号艇伸び確認後、広めのヒモ流しを採用。穴ヒモ（5・6号艇）を積極的に含める。'}",,,28.3,逃げ狙い,16.56,30.1,3,,,,,,,,,,,
2025-07-29,丸亀,6,5,川野芽唯,A1,35.27,5,△,7.1096,21.9,87,43.5,0.2017,4.587,,,0,低,72,0,-,152 33,0,29.7,0.7424,0,0,0,0.0667,0,0,0.0556,0.0556,,,B,◎,,0.1763,0.625,,0.4282,A,75,0,◎-○軸 3着3〜4艇流し（10〜15点）,0.5777,"{'is_target': True, 'verdict': '参加推奨', 'max_combo_prob': 0.0572, 'est_top_odds': 23.3, 'circle_concentration': 56.9, 'eligible_count': 8, 'bet_adj': 2, 'reason': 'rel_win1=60.3%（本命度） / 最有力組み合わせ確率: 0.057（推定実オッズ?23倍） / 2着集中度: 上位2艇 56.9%（補正+0.00） / 総合判定確率: 0.057 / → ヒモ分散。1号艇1着固定で広めのヒモ流し推奨（買い目+2点）', 'tenji_trigger': '展示確認: ヒモ分散レース。1号艇伸び確認後、広めのヒモ流しを採用。穴ヒモ（5・6号艇）を積極的に含める。'}",,,28.3,逃げ狙い,16.56,30.1,3,,,,,,,,,,,
2025-07-29,丸亀,6,6,高憧四季,A1,30.65,6,▲,7.8114,11.2,65,31.2,0.1491,3.2969,,,0,低,59,0,ま0% 差ま0%,1 2612,0,85.6,1.5592,0,0,0.3333,0.1667,0,0,0.0769,0.0769,,◎,D,○,,0.4317,0.62,,0.4282,A,75,0,◎-○軸 3着3〜4艇流し（10〜15点）,0.5777,"{'is_target': True, 'verdict': '参加推奨', 'max_combo_prob': 0.0572, 'est_top_odds': 23.3, 'circle_concentration': 56.9, 'eligible_count': 8, 'bet_adj': 2, 'reason': 'rel_win1=60.3%（本命度） / 最有力組み合わせ確率: 0.057（推定実オッズ?23倍） / 2着集中度: 上位2艇 56.9%（補正+0.00） / 総合判定確率: 0.057 / → ヒモ分散。1号艇1着固定で広めのヒモ流し推奨（買い目+2点）', 'tenji_trigger': '展示確認: ヒモ分散レース。1号艇伸び確認後、広めのヒモ流しを採用。穴ヒモ（5・6号艇）を積極的に含める。'}",,,28.3,逃げ狙い,16.56,30.1,3,,,,,,,,,,,
2025-07-29,丸亀,7,1,小林愛実,B1,48.72,1,◎,55.1054,,0,60,0.191,3.95,,,0,低,95,0,逃0%,342 12,0,47.9,0.8324,0.1667,,,,,0.3333,0.3333,0,,,A,,,,0.5715,,0.1655,B,47,0,◎○△フォーメーション（15〜20点）,0.5777,"{'is_target': True, 'verdict': '参加推奨', 'max_combo_prob': 0.0697, 'est_top_odds': 19.1, 'circle_concentration': 71.7, 'eligible_count': 9, 'bet_adj': 2, 'reason': 'rel_win1=55.1%（本命度） / 最有力組み合わせ確率: 0.070（推定実オッズ?19倍） / 2着集中度: 上位2艇 71.7%（補正+0.04） / 総合判定確率: 0.110 / → ヒモ分散。1号艇1着固定で広めのヒモ流し推奨（買い目+2点）', 'tenji_trigger': '展示確認: ヒモ分散レース。1号艇伸び確認後、広めのヒモ流しを採用。穴ヒモ（5・6号艇）を積極的に含める。\n展示で1号艇スタート遅め(0.191秒)確認→ヒモが荒れやすい'}",,,36.6,両建て推奨,12.91,42.8,3,2-1-3|2-1-4|2-1-6|2-3-1|2-3-4|2-6-1|2-6-3|1-3-2|1-2-3|1-2-4|1-3-4,2-1-3|2-1-4|2-1-6|2-3-1|2-3-4|2-6-1|2-6-3|1-3-2|5-1-6|1-2-3|1-2-4|1-3-4,2-1-3:3.75%|2-1-4:2.02%|2-1-6:1.19%|2-3-1:1.13%|2-3-4:0.45%|2-6-1:0.44%|2-6-3:0.33%|1-3-2:4.47%|1-2-3:4.31%|1-2-4:4.13%|1-3-4:4.0%,2-1-3:B_main|2-1-4:B_main|2-1-6:B_main|2-3-1:B_main|2-3-4:B_main|2-6-1:B_main|2-6-3:B_main|1-3-2:A|1-2-3:A|1-2-4:A|1-3-4:A,11,12,0.2915,1,[!]見送り推奨（主役決まり手「差し」― 逃げ劣勢レースで的中実績なし）,主役軸流し,B
2025-07-29,丸亀,7,2,三嶌ここ,B1,28.00,2,,10.6985,32.8,100,37.5,0.1694,4.3125,,,0,低,114,0,-,464 16,0,87,1.5459,,,,,,0.0571,0.0571,0.3143,,◎,E,,,0.5435,0.553,,0.1655,B,47,0,◎○△フォーメーション（15〜20点）,0.5777,"{'is_target': True, 'verdict': '参加推奨', 'max_combo_prob': 0.0697, 'est_top_odds': 19.1, 'circle_concentration': 71.7, 'eligible_count': 9, 'bet_adj': 2, 'reason': 'rel_win1=55.1%（本命度） / 最有力組み合わせ確率: 0.070（推定実オッズ?19倍） / 2着集中度: 上位2艇 71.7%（補正+0.04） / 総合判定確率: 0.110 / → ヒモ分散。1号艇1着固定で広めのヒモ流し推奨（買い目+2点）', 'tenji_trigger': '展示確認: ヒモ分散レース。1号艇伸び確認後、広めのヒモ流しを採用。穴ヒモ（5・6号艇）を積極的に含める。\n展示で1号艇スタート遅め(0.191秒)確認→ヒモが荒れやすい'}",,,36.6,両建て推奨,12.91,42.8,3,,,,,,,,,,,
2025-07-29,丸亀,7,3,清水愛海,A1,37.88,3,○,17.7985,39,85,64,0.1604,3.66,,,0,低,73,0,ま0% 差ま0%,144221,0,65.8,1.3673,0,0,0.1111,0.1111,0,0.0909,0.1818,0,,○,C,△,,0.463,0.634,,0.1655,B,47,0,◎○△フォーメーション（15〜20点）,0.5777,"{'is_target': True, 'verdict': '参加推奨', 'max_combo_prob': 0.0697, 'est_top_odds': 19.1, 'circle_concentration': 71.7, 'eligible_count': 9, 'bet_adj': 2, 'reason': 'rel_win1=55.1%（本命度） / 最有力組み合わせ確率: 0.070（推定実オッズ?19倍） / 2着集中度: 上位2艇 71.7%（補正+0.04） / 総合判定確率: 0.110 / → ヒモ分散。1号艇1着固定で広めのヒモ流し推奨（買い目+2点）', 'tenji_trigger': '展示確認: ヒモ分散レース。1号艇伸び確認後、広めのヒモ流しを採用。穴ヒモ（5・6号艇）を積極的に含める。\n展示で1号艇スタート遅め(0.191秒)確認→ヒモが荒れやすい'}",,,36.6,両建て推奨,12.91,42.8,3,,,,,,,,,,,
2025-07-29,丸亀,7,4,北村寧々,B1,30.39,4,△,8.2666,14.8,80,40,0.1516,3.58,,,0,低,40,0,ま0%,5 641,0,56,0.8794,0,0,0.0833,0,0,0,0.3333,0,,△,D,○,,0.4499,0.6365,,0.1655,B,47,0,◎○△フォーメーション（15〜20点）,0.5777,"{'is_target': True, 'verdict': '参加推奨', 'max_combo_prob': 0.0697, 'est_top_odds': 19.1, 'circle_concentration': 71.7, 'eligible_count': 9, 'bet_adj': 2, 'reason': 'rel_win1=55.1%（本命度） / 最有力組み合わせ確率: 0.070（推定実オッズ?19倍） / 2着集中度: 上位2艇 71.7%（補正+0.04） / 総合判定確率: 0.110 / → ヒモ分散。1号艇1着固定で広めのヒモ流し推奨（買い目+2点）', 'tenji_trigger': '展示確認: ヒモ分散レース。1号艇伸び確認後、広めのヒモ流しを採用。穴ヒモ（5・6号艇）を積極的に含める。\n展示で1号艇スタート遅め(0.191秒)確認→ヒモが荒れやすい'}",,,36.6,両建て推奨,12.91,42.8,3,,,,,,,,,,,
2025-07-29,丸亀,7,5,恵良琴美,B2,38.10,5,,6.1366,6.8,55,8.3,0.185,3.6667,,,0,低,64,1,-,666 66,0,26.6,0.7095,,,,,,,,,,,C,△,,0.3308,0.5755,,0.1655,B,47,0,◎○△フォーメーション（15〜20点）,0.5777,"{'is_target': True, 'verdict': '参加推奨', 'max_combo_prob': 0.0697, 'est_top_odds': 19.1, 'circle_concentration': 71.7, 'eligible_count': 9, 'bet_adj': 2, 'reason': 'rel_win1=55.1%（本命度） / 最有力組み合わせ確率: 0.070（推定実オッズ?19倍） / 2着集中度: 上位2艇 71.7%（補正+0.04） / 総合判定確率: 0.110 / → ヒモ分散。1号艇1着固定で広めのヒモ流し推奨（買い目+2点）', 'tenji_trigger': '展示確認: ヒモ分散レース。1号艇伸び確認後、広めのヒモ流しを採用。穴ヒモ（5・6号艇）を積極的に含める。\n展示で1号艇スタート遅め(0.191秒)確認→ヒモが荒れやすい'}",,,36.6,両建て推奨,12.91,42.8,3,,,,,,,,,,,
2025-07-29,丸亀,7,6,平山智加,A1,40.80,6,▲,1.9944,6.7,73,40.9,0.1764,4.2727,,,0,低,46,0,-,21311,0,37.6,1.1756,,,,,,0,0.1818,0.1818,,,B,◎,,0.3564,0.651,,0.1655,B,47,0,◎○△フォーメーション（15〜20点）,0.5777,"{'is_target': True, 'verdict': '参加推奨', 'max_combo_prob': 0.0697, 'est_top_odds': 19.1, 'circle_concentration': 71.7, 'eligible_count': 9, 'bet_adj': 2, 'reason': 'rel_win1=55.1%（本命度） / 最有力組み合わせ確率: 0.070（推定実オッズ?19倍） / 2着集中度: 上位2艇 71.7%（補正+0.04） / 総合判定確率: 0.110 / → ヒモ分散。1号艇1着固定で広めのヒモ流し推奨（買い目+2点）', 'tenji_trigger': '展示確認: ヒモ分散レース。1号艇伸び確認後、広めのヒモ流しを採用。穴ヒモ（5・6号艇）を積極的に含める。\n展示で1号艇スタート遅め(0.191秒)確認→ヒモが荒れやすい'}",,,36.6,両建て推奨,12.91,42.8,3,,,,,,,,,,,
2025-07-29,丸亀,8,1,野田部宏,B1,32.66,1,◎,59.7148,,0,64,0.1264,2.74,,,0,低,35,0,-,233 43,0,88,1.1325,0.4,,,,,0.1,0.2,0.2,◎,,B,○,,,0.616,,0.5369,A,61,0,◎-○軸 3着3〜4艇流し（10〜15点）,0.5777,"{'is_target': True, 'verdict': '点数絞り', 'max_combo_prob': 0.1182, 'est_top_odds': 11.3, 'circle_concentration': 80.1, 'eligible_count': 8, 'bet_adj': 0, 'reason': 'rel_win1=59.7%（本命度） / 最有力組み合わせ確率: 0.118（推定実オッズ?11倍） / 2着集中度: 上位2艇 80.1%（補正+0.04） / 総合判定確率: 0.158 / → ヒモはやや固め。上位2艇以外を切ること', 'tenji_trigger': '展示確認: 1号艇伸び良→そのまま採用。悪→飛び組に差し替え。circle_pct上位2艇に絞り込むこと。\n展示で1号艇スタート超安定(0.126秒)→ヒモ固まり方向に注意'}",,,27.7,両建て推奨,13.77,30.8,3,,,,,0,0,0.7559,0,,逃げ軸流し,A
2025-07-29,丸亀,8,2,吉田彩乃,B1,45.45,2,○,15.2924,36,100,57.9,0.1916,4.5789,,,0,低,47,0,差0% ま0%,342 46,0,39.9,0.9829,0,0.1,0.1,0,0,0.23,0.69,0,,,A,△,,0.0737,0.5885,,0.5369,A,61,0,◎-○軸 3着3〜4艇流し（10〜15点）,0.5777,"{'is_target': True, 'verdict': '点数絞り', 'max_combo_prob': 0.1182, 'est_top_odds': 11.3, 'circle_concentration': 80.1, 'eligible_count': 8, 'bet_adj': 0, 'reason': 'rel_win1=59.7%（本命度） / 最有力組み合わせ確率: 0.118（推定実オッズ?11倍） / 2着集中度: 上位2艇 80.1%（補正+0.04） / 総合判定確率: 0.158 / → ヒモはやや固め。上位2艇以外を切ること', 'tenji_trigger': '展示確認: 1号艇伸び良→そのまま採用。悪→飛び組に差し替え。circle_pct上位2艇に絞り込むこと。\n展示で1号艇スタート超安定(0.126秒)→ヒモ固まり方向に注意'}",,,27.7,両建て推奨,13.77,30.8,3,,,,,,,,,,,
2025-07-29,丸亀,8,3,魚谷香織,A2,29.63,3,△,11.9986,44.2,90,66.7,0.1633,3.2917,,,0,低,49,0,ま0%,461 22,0,58.1,1.2254,0,0,0.0909,0,0,0.1382,0,0.2342,,,D,◎,,0.1202,0.637,,0.5369,A,61,0,◎-○軸 3着3〜4艇流し（10〜15点）,0.5777,"{'is_target': True, 'verdict': '点数絞り', 'max_combo_prob': 0.1182, 'est_top_odds': 11.3, 'circle_concentration': 80.1, 'eligible_count': 8, 'bet_adj': 0, 'reason': 'rel_win1=59.7%（本命度） / 最有力組み合わせ確率: 0.118（推定実オッズ?11倍） / 2着集中度: 上位2艇 80.1%（補正+0.04） / 総合判定確率: 0.158 / → ヒモはやや固め。上位2艇以外を切ること', 'tenji_trigger': '展示確認: 1号艇伸び良→そのまま採用。悪→飛び組に差し替え。circle_pct上位2艇に絞り込むこと。\n展示で1号艇スタート超安定(0.126秒)→ヒモ固まり方向に注意'}",,,27.7,両建て推奨,13.77,30.8,3,,,,,,,,,,,
2025-07-29,丸亀,8,4,佐藤ほの,B1,31.34,4,▲,8.7021,15.9,69,28.1,0.1775,3.5469,,,0,低,65,0,ま0%,344 54,0,32.1,0.7451,0,0,0.0769,0,0,0.3333,0.4444,0.1111,,,C,△,,0.1215,0.5605,,0.5369,A,61,0,◎-○軸 3着3〜4艇流し（10〜15点）,0.5777,"{'is_target': True, 'verdict': '点数絞り', 'max_combo_prob': 0.1182, 'est_top_odds': 11.3, 'circle_concentration': 80.1, 'eligible_count': 8, 'bet_adj': 0, 'reason': 'rel_win1=59.7%（本命度） / 最有力組み合わせ確率: 0.118（推定実オッズ?11倍） / 2着集中度: 上位2艇 80.1%（補正+0.04） / 総合判定確率: 0.158 / → ヒモはやや固め。上位2艇以外を切ること', 'tenji_trigger': '展示確認: 1号艇伸び良→そのまま採用。悪→飛び組に差し替え。circle_pct上位2艇に絞り込むこと。\n展示で1号艇スタート超安定(0.126秒)→ヒモ固まり方向に注意'}",,,27.7,両建て推奨,13.77,30.8,3,,,,,,,,,,,
2025-07-29,丸亀,8,5,樫葉新心,B1,29.76,5,,3.0747,2.8,33,9.4,0.1977,4.4811,,,0,低,136,0,差ま0%,551 36,0,21.7,0.6369,0,0,0,0.0588,0,0.1864,0.3318,0.2591,,,D,,,0.1116,0.5565,,0.5369,A,61,0,◎-○軸 3着3〜4艇流し（10〜15点）,0.5777,"{'is_target': True, 'verdict': '点数絞り', 'max_combo_prob': 0.1182, 'est_top_odds': 11.3, 'circle_concentration': 80.1, 'eligible_count': 8, 'bet_adj': 0, 'reason': 'rel_win1=59.7%（本命度） / 最有力組み合わせ確率: 0.118（推定実オッズ?11倍） / 2着集中度: 上位2艇 80.1%（補正+0.04） / 総合判定確率: 0.158 / → ヒモはやや固め。上位2艇以外を切ること', 'tenji_trigger': '展示確認: 1号艇伸び良→そのまま採用。悪→飛び組に差し替え。circle_pct上位2艇に絞り込むこと。\n展示で1号艇スタート超安定(0.126秒)→ヒモ固まり方向に注意'}",,,27.7,両建て推奨,13.77,30.8,3,,,,,,,,,,,
2025-07-29,丸亀,8,6,石村日奈,B2,27.59,6,,1.2174,1.2,21,3.4,0.2225,4.6186,,,0,低,58,0,-,665 56,0,21.7,0.7867,,,,,,,,,,,E,,,0.1382,0.5105,,0.5369,A,61,0,◎-○軸 3着3〜4艇流し（10〜15点）,0.5777,"{'is_target': True, 'verdict': '点数絞り', 'max_combo_prob': 0.1182, 'est_top_odds': 11.3, 'circle_concentration': 80.1, 'eligible_count': 8, 'bet_adj': 0, 'reason': 'rel_win1=59.7%（本命度） / 最有力組み合わせ確率: 0.118（推定実オッズ?11倍） / 2着集中度: 上位2艇 80.1%（補正+0.04） / 総合判定確率: 0.158 / → ヒモはやや固め。上位2艇以外を切ること', 'tenji_trigger': '展示確認: 1号艇伸び良→そのまま採用。悪→飛び組に差し替え。circle_pct上位2艇に絞り込むこと。\n展示で1号艇スタート超安定(0.126秒)→ヒモ固まり方向に注意'}",,,27.7,両建て推奨,13.77,30.8,3,,,,,,,,,,,
2025-07-29,丸亀,9,1,小野生奈,A1,31.16,1,◎,68.1445,,0,96.3,0.0993,1.963,,,0,低,35,0,逃1%,11451,0,93.1,1.2574,0.7857,,,,,0.0714,0,0.1429,◎,,D,◎,,,0.625,,0.8071,S,92,0,◎1着固定 2-3着流し（5〜8点）,0.5777,"{'is_target': True, 'verdict': '点数絞り', 'max_combo_prob': 0.1096, 'est_top_odds': 12.2, 'circle_concentration': 82.9, 'eligible_count': 6, 'bet_adj': 0, 'reason': 'rel_win1=68.1%（本命度） / 最有力組み合わせ確率: 0.110（推定実オッズ?12倍） / 2着集中度: 上位2艇 82.9%（補正+0.04） / 総合判定確率: 0.150 / → ヒモはやや固め。上位2艇以外を切ること', 'tenji_trigger': '展示確認: 1号艇伸び良→そのまま採用。悪→飛び組に差し替え。circle_pct上位2艇に絞り込むこと。\n展示で1号艇スタート超安定(0.099秒)→ヒモ固まり方向に注意'}",,,25.6,逃げ狙い,14.79,24.1,2,,,,,0,0,0.7559,0,,逃げ軸流し,A
2025-07-29,丸亀,9,2,鎌倉　涼,A1,35.15,2,,12.9451,45.2,81,45,0.178,3.925,,,0,低,56,0,-,321 42,0,41.2,0.7762,,,,,,0.1667,0.1667,0,,,C,,,0.0775,0.5705,,0.8071,S,92,0,◎1着固定 2-3着流し（5〜8点）,0.5777,"{'is_target': True, 'verdict': '点数絞り', 'max_combo_prob': 0.1096, 'est_top_odds': 12.2, 'circle_concentration': 82.9, 'eligible_count': 6, 'bet_adj': 0, 'reason': 'rel_win1=68.1%（本命度） / 最有力組み合わせ確率: 0.110（推定実オッズ?12倍） / 2着集中度: 上位2艇 82.9%（補正+0.04） / 総合判定確率: 0.150 / → ヒモはやや固め。上位2艇以外を切ること', 'tenji_trigger': '展示確認: 1号艇伸び良→そのまま採用。悪→飛び組に差し替え。circle_pct上位2艇に絞り込むこと。\n展示で1号艇スタート超安定(0.099秒)→ヒモ固まり方向に注意'}",,,25.6,逃げ狙い,14.79,24.1,2,,,,,,,,,,,
2025-07-29,丸亀,9,3,中川りな,A2,38.81,3,△,8.9876,37.7,54,46.9,0.1659,3.6406,,,0,低,61,0,-,2 5232,0,20.7,0.6412,0,0,0.0667,0,0,0,0.1429,0.0714,,,C,○,,0.113,0.6205,,0.8071,S,92,0,◎1着固定 2-3着流し（5〜8点）,0.5777,"{'is_target': True, 'verdict': '点数絞り', 'max_combo_prob': 0.1096, 'est_top_odds': 12.2, 'circle_concentration': 82.9, 'eligible_count': 6, 'bet_adj': 0, 'reason': 'rel_win1=68.1%（本命度） / 最有力組み合わせ確率: 0.110（推定実オッズ?12倍） / 2着集中度: 上位2艇 82.9%（補正+0.04） / 総合判定確率: 0.150 / → ヒモはやや固め。上位2艇以外を切ること', 'tenji_trigger': '展示確認: 1号艇伸び良→そのまま採用。悪→飛び組に差し替え。circle_pct上位2艇に絞り込むこと。\n展示で1号艇スタート超安定(0.099秒)→ヒモ固まり方向に注意'}",,,25.6,逃げ狙い,14.79,24.1,2,,,,,,,,,,,
2025-07-29,丸亀,9,4,片岡恵里,A2,39.71,4,○,5.144,9,100,34.5,0.1603,3.9138,,,0,低,68,0,-,412 16,0,49.7,1.0223,,,,,,0,0.1429,0.1429,,,B,△,,0.1378,0.62,,0.8071,S,92,0,◎1着固定 2-3着流し（5〜8点）,0.5777,"{'is_target': True, 'verdict': '点数絞り', 'max_combo_prob': 0.1096, 'est_top_odds': 12.2, 'circle_concentration': 82.9, 'eligible_count': 6, 'bet_adj': 0, 'reason': 'rel_win1=68.1%（本命度） / 最有力組み合わせ確率: 0.110（推定実オッズ?12倍） / 2着集中度: 上位2艇 82.9%（補正+0.04） / 総合判定確率: 0.150 / → ヒモはやや固め。上位2艇以外を切ること', 'tenji_trigger': '展示確認: 1号艇伸び良→そのまま採用。悪→飛び組に差し替え。circle_pct上位2艇に絞り込むこと。\n展示で1号艇スタート超安定(0.099秒)→ヒモ固まり方向に注意'}",,,25.6,逃げ狙い,14.79,24.1,2,,,,,,,,,,,
2025-07-29,丸亀,9,5,谷口佳蓮,B1,39.42,5,▲,2.847,5.6,75,25.9,0.1656,3.3889,,,0,低,45,0,-,3 235,0,83.4,1.5629,,,,,,0.1091,0,0.2727,,,B,,,0.135,0.5715,,0.8071,S,92,0,◎1着固定 2-3着流し（5〜8点）,0.5777,"{'is_target': True, 'verdict': '点数絞り', 'max_combo_prob': 0.1096, 'est_top_odds': 12.2, 'circle_concentration': 82.9, 'eligible_count': 6, 'bet_adj': 0, 'reason': 'rel_win1=68.1%（本命度） / 最有力組み合わせ確率: 0.110（推定実オッズ?12倍） / 2着集中度: 上位2艇 82.9%（補正+0.04） / 総合判定確率: 0.150 / → ヒモはやや固め。上位2艇以外を切ること', 'tenji_trigger': '展示確認: 1号艇伸び良→そのまま採用。悪→飛び組に差し替え。circle_pct上位2艇に絞り込むこと。\n展示で1号艇スタート超安定(0.099秒)→ヒモ固まり方向に注意'}",,,25.6,逃げ狙い,14.79,24.1,2,,,,,,,,,,,
2025-07-29,丸亀,9,6,赤井　睦,B1,32.16,6,,1.9318,2.5,52,20,0.162,2.8667,,,0,低,24,0,-,126 24,0,27.6,0.9217,,,,,,0.1944,0.0444,0.4333,,,D,△,,0.135,0.596,,0.8071,S,92,0,◎1着固定 2-3着流し（5〜8点）,0.5777,"{'is_target': True, 'verdict': '点数絞り', 'max_combo_prob': 0.1096, 'est_top_odds': 12.2, 'circle_concentration': 82.9, 'eligible_count': 6, 'bet_adj': 0, 'reason': 'rel_win1=68.1%（本命度） / 最有力組み合わせ確率: 0.110（推定実オッズ?12倍） / 2着集中度: 上位2艇 82.9%（補正+0.04） / 総合判定確率: 0.150 / → ヒモはやや固め。上位2艇以外を切ること', 'tenji_trigger': '展示確認: 1号艇伸び良→そのまま採用。悪→飛び組に差し替え。circle_pct上位2艇に絞り込むこと。\n展示で1号艇スタート超安定(0.099秒)→ヒモ固まり方向に注意'}",,,25.6,逃げ狙い,14.79,24.1,2,,,,,,,,,,,
2025-07-29,丸亀,10,1,高憧四季,A1,30.65,1,◎,62.7931,,0,90.9,0.1523,2.5795,,,0,低,59,0,逃1%,1 2612,0,78.7,1.181,0.7692,,,,,0,0.0769,0.0769,◎,,D,△,,,0.62,,0.6395,S,100,0,◎1着固定 2-3着流し（5〜8点）,0.5777,"{'is_target': True, 'verdict': '参加推奨', 'max_combo_prob': 0.087, 'est_top_odds': 15.3, 'circle_concentration': 66.3, 'eligible_count': 6, 'bet_adj': 2, 'reason': 'rel_win1=62.8%（本命度） / 最有力組み合わせ確率: 0.087（推定実オッズ?15倍） / 2着集中度: 上位2艇 66.3%（補正+0.00） / 総合判定確率: 0.087 / → ヒモ分散。1号艇1着固定で広めのヒモ流し推奨（買い目+2点）', 'tenji_trigger': '展示確認: ヒモ分散レース。1号艇伸び確認後、広めのヒモ流しを採用。穴ヒモ（5・6号艇）を積極的に含める。'}",,,27.5,逃げ狙い,19.63,25.2,2,,,,,0,0,0.7559,0,,逃げ軸流し,A
2025-07-29,丸亀,10,2,寺田千恵,A1,31.98,2,▲,12.7808,39.1,100,81,0.1748,3.5238,,,0,低,54,0,差0%,1 2331,0,54.8,1.2752,0,0.5,0,0,0,0.1818,0.0909,0.0909,,,C,○,,0.1963,0.6385,,0.6395,S,100,0,◎1着固定 2-3着流し（5〜8点）,0.5777,"{'is_target': True, 'verdict': '参加推奨', 'max_combo_prob': 0.087, 'est_top_odds': 15.3, 'circle_concentration': 66.3, 'eligible_count': 6, 'bet_adj': 2, 'reason': 'rel_win1=62.8%（本命度） / 最有力組み合わせ確率: 0.087（推定実オッズ?15倍） / 2着集中度: 上位2艇 66.3%（補正+0.00） / 総合判定確率: 0.087 / → ヒモ分散。1号艇1着固定で広めのヒモ流し推奨（買い目+2点）', 'tenji_trigger': '展示確認: ヒモ分散レース。1号艇伸び確認後、広めのヒモ流しを採用。穴ヒモ（5・6号艇）を積極的に含める。'}",,,27.5,逃げ狙い,19.63,25.2,2,,,,,,,,,,,
2025-07-29,丸亀,10,3,松尾夏海,A1,31.88,3,△,11.2135,27.2,56,51.8,0.1526,2.9444,,,0,低,45,0,-,511144,0,99.7,2.1415,0,0,0.0909,0,0,,,,,,C,◎,,0.2774,0.684,,0.6395,S,100,0,◎1着固定 2-3着流し（5〜8点）,0.5777,"{'is_target': True, 'verdict': '参加推奨', 'max_combo_prob': 0.087, 'est_top_odds': 15.3, 'circle_concentration': 66.3, 'eligible_count': 6, 'bet_adj': 2, 'reason': 'rel_win1=62.8%（本命度） / 最有力組み合わせ確率: 0.087（推定実オッズ?15倍） / 2着集中度: 上位2艇 66.3%（補正+0.00） / 総合判定確率: 0.087 / → ヒモ分散。1号艇1着固定で広めのヒモ流し推奨（買い目+2点）', 'tenji_trigger': '展示確認: ヒモ分散レース。1号艇伸び確認後、広めのヒモ流しを採用。穴ヒモ（5・6号艇）を積極的に含める。'}",,,27.5,逃げ狙い,19.63,25.2,2,,,,,,,,,,,
2025-07-29,丸亀,10,4,廣中智紗,A2,34.63,4,,4.5942,12.7,90,47.8,0.2139,4.0652,,,0,低,82,0,-,2 5125,0,24.4,0.9038,,,,,,0.0421,0.1632,0.2632,,,B,,,0.1369,0.5755,,0.6395,S,100,0,◎1着固定 2-3着流し（5〜8点）,0.5777,"{'is_target': True, 'verdict': '参加推奨', 'max_combo_prob': 0.087, 'est_top_odds': 15.3, 'circle_concentration': 66.3, 'eligible_count': 6, 'bet_adj': 2, 'reason': 'rel_win1=62.8%（本命度） / 最有力組み合わせ確率: 0.087（推定実オッズ?15倍） / 2着集中度: 上位2艇 66.3%（補正+0.00） / 総合判定確率: 0.087 / → ヒモ分散。1号艇1着固定で広めのヒモ流し推奨（買い目+2点）', 'tenji_trigger': '展示確認: ヒモ分散レース。1号艇伸び確認後、広めのヒモ流しを採用。穴ヒモ（5・6号艇）を積極的に含める。'}",,,27.5,逃げ狙い,19.63,25.2,2,,,,,,,,,,,
2025-07-29,丸亀,10,5,細川裕子,A1,31.71,5,,6.2117,19.4,70,61.9,0.1843,3.9762,,,0,低,59,0,差ま0%,23641,0,43.4,0.996,0,0,0,0.2222,0,0,0,0.0833,,,D,△,,0.2237,0.6235,,0.6395,S,100,0,◎1着固定 2-3着流し（5〜8点）,0.5777,"{'is_target': True, 'verdict': '参加推奨', 'max_combo_prob': 0.087, 'est_top_odds': 15.3, 'circle_concentration': 66.3, 'eligible_count': 6, 'bet_adj': 2, 'reason': 'rel_win1=62.8%（本命度） / 最有力組み合わせ確率: 0.087（推定実オッズ?15倍） / 2着集中度: 上位2艇 66.3%（補正+0.00） / 総合判定確率: 0.087 / → ヒモ分散。1号艇1着固定で広めのヒモ流し推奨（買い目+2点）', 'tenji_trigger': '展示確認: ヒモ分散レース。1号艇伸び確認後、広めのヒモ流しを採用。穴ヒモ（5・6号艇）を積極的に含める。'}",,,27.5,逃げ狙い,19.63,25.2,2,,,,,,,,,,,
2025-07-29,丸亀,10,6,関野　文,A2,32.02,6,○,2.4067,1.6,38,21.7,0.1683,4.0217,,,0,低,58,0,差0%,451 64,0,40,0.9956,0,0.0909,0,0,0,0.0932,0.0727,0.2409,,,C,,,0.2371,0.6135,,0.6395,S,100,0,◎1着固定 2-3着流し（5〜8点）,0.5777,"{'is_target': True, 'verdict': '参加推奨', 'max_combo_prob': 0.087, 'est_top_odds': 15.3, 'circle_concentration': 66.3, 'eligible_count': 6, 'bet_adj': 2, 'reason': 'rel_win1=62.8%（本命度） / 最有力組み合わせ確率: 0.087（推定実オッズ?15倍） / 2着集中度: 上位2艇 66.3%（補正+0.00） / 総合判定確率: 0.087 / → ヒモ分散。1号艇1着固定で広めのヒモ流し推奨（買い目+2点）', 'tenji_trigger': '展示確認: ヒモ分散レース。1号艇伸び確認後、広めのヒモ流しを採用。穴ヒモ（5・6号艇）を積極的に含める。'}",,,27.5,逃げ狙い,19.63,25.2,2,,,,,,,,,,,
2025-07-29,丸亀,11,1,平山智加,A1,40.80,1,◎,62.275,,0,91.4,0.1529,3.5286,,,0,低,46,0,逃0%,21311,0,98.9,1.4041,0.6364,,,,,0,0.1818,0.1818,◎,,B,◎,,,0.651,,0.4839,S,83,0,◎1着固定 2-3着流し（5〜8点）,0.5777,"{'is_target': True, 'verdict': '点数絞り', 'max_combo_prob': 0.0856, 'est_top_odds': 15.6, 'circle_concentration': 70.8, 'eligible_count': 6, 'bet_adj': 0, 'reason': 'rel_win1=62.3%（本命度） / 最有力組み合わせ確率: 0.086（推定実オッズ?16倍） / 2着集中度: 上位2艇 70.8%（補正+0.04） / 総合判定確率: 0.126 / → ヒモはやや固め。上位2艇以外を切ること', 'tenji_trigger': '展示確認: 1号艇伸び良→そのまま採用。悪→飛び組に差し替え。circle_pct上位2艇に絞り込むこと。'}",,,28.9,逃げ狙い,20.68,28.3,2,,,,,0,0,0.7559,0,,逃げ軸流し,A
2025-07-29,丸亀,11,2,川野芽唯,A1,35.27,2,△,18.0981,40.4,100,60.9,0.1765,4.1522,,,0,低,72,0,-,152 33,0,37.2,0.9338,0,0.1,0.1,0,0.1,0,0.0556,0.0556,,,D,△,,0.0877,0.625,,0.4839,S,83,0,◎1着固定 2-3着流し（5〜8点）,0.5777,"{'is_target': True, 'verdict': '点数絞り', 'max_combo_prob': 0.0856, 'est_top_odds': 15.6, 'circle_concentration': 70.8, 'eligible_count': 6, 'bet_adj': 0, 'reason': 'rel_win1=62.3%（本命度） / 最有力組み合わせ確率: 0.086（推定実オッズ?16倍） / 2着集中度: 上位2艇 70.8%（補正+0.04） / 総合判定確率: 0.126 / → ヒモはやや固め。上位2艇以外を切ること', 'tenji_trigger': '展示確認: 1号艇伸び良→そのまま採用。悪→飛び組に差し替え。circle_pct上位2艇に絞り込むこと。'}",,,28.9,逃げ狙い,20.68,28.3,2,,,,,,,,,,,
2025-07-29,丸亀,11,3,山川美由,B1,45.13,3,○,8.148,30.4,77,25,0.1367,3.375,,,0,低,16,1,-,231 13,0,20.1,0.6133,,,,,,0,0,0.3333,,◎,A,,,0.3916,0.584,,0.4839,S,83,0,◎1着固定 2-3着流し（5〜8点）,0.5777,"{'is_target': True, 'verdict': '点数絞り', 'max_combo_prob': 0.0856, 'est_top_odds': 15.6, 'circle_concentration': 70.8, 'eligible_count': 6, 'bet_adj': 0, 'reason': 'rel_win1=62.3%（本命度） / 最有力組み合わせ確率: 0.086（推定実オッズ?16倍） / 2着集中度: 上位2艇 70.8%（補正+0.04） / 総合判定確率: 0.126 / → ヒモはやや固め。上位2艇以外を切ること', 'tenji_trigger': '展示確認: 1号艇伸び良→そのまま採用。悪→飛び組に差し替え。circle_pct上位2艇に絞り込むこと。'}",,,28.9,逃げ狙い,20.68,28.3,2,,,,,,,,,,,
2025-07-29,丸亀,11,4,清水愛海,A1,37.88,4,,7.9344,22.2,73,48.1,0.1967,4.2963,,,0,低,73,0,-,144221,0,39.7,1.0038,,,,,,0.0909,0.1818,0,,,C,○,,0.1397,0.634,,0.4839,S,83,0,◎1着固定 2-3着流し（5〜8点）,0.5777,"{'is_target': True, 'verdict': '点数絞り', 'max_combo_prob': 0.0856, 'est_top_odds': 15.6, 'circle_concentration': 70.8, 'eligible_count': 6, 'bet_adj': 0, 'reason': 'rel_win1=62.3%（本命度） / 最有力組み合わせ確率: 0.086（推定実オッズ?16倍） / 2着集中度: 上位2艇 70.8%（補正+0.04） / 総合判定確率: 0.126 / → ヒモはやや固め。上位2艇以外を切ること', 'tenji_trigger': '展示確認: 1号艇伸び良→そのまま採用。悪→飛び組に差し替え。circle_pct上位2艇に絞り込むこと。'}",,,28.9,逃げ狙い,20.68,28.3,2,,,,,,,,,,,
2025-07-29,丸亀,11,5,中村桃佳,B1,36.08,5,▲,2.3026,4.8,98,47.8,0.147,3.1957,,,0,低,41,0,-,6 252,0,94.5,1.8588,,,,,,0.0471,0.0706,0.2706,,,C,△,,0.3288,0.6205,,0.4839,S,83,0,◎1着固定 2-3着流し（5〜8点）,0.5777,"{'is_target': True, 'verdict': '点数絞り', 'max_combo_prob': 0.0856, 'est_top_odds': 15.6, 'circle_concentration': 70.8, 'eligible_count': 6, 'bet_adj': 0, 'reason': 'rel_win1=62.3%（本命度） / 最有力組み合わせ確率: 0.086（推定実オッズ?16倍） / 2着集中度: 上位2艇 70.8%（補正+0.04） / 総合判定確率: 0.126 / → ヒモはやや固め。上位2艇以外を切ること', 'tenji_trigger': '展示確認: 1号艇伸び良→そのまま採用。悪→飛び組に差し替え。circle_pct上位2艇に絞り込むこと。'}",,,28.9,逃げ狙い,20.68,28.3,2,,,,,,,,,,,
2025-07-29,丸亀,11,6,濱崎寿里,B2,30.57,6,,1.2418,2.2,40,0,0.182,4.1,,,0,低,23,1,-,233 26,0,35.7,0.8356,,,,,,0.6667,0,0,,,E,,,0.2174,0.533,,0.4839,S,83,0,◎1着固定 2-3着流し（5〜8点）,0.5777,"{'is_target': True, 'verdict': '点数絞り', 'max_combo_prob': 0.0856, 'est_top_odds': 15.6, 'circle_concentration': 70.8, 'eligible_count': 6, 'bet_adj': 0, 'reason': 'rel_win1=62.3%（本命度） / 最有力組み合わせ確率: 0.086（推定実オッズ?16倍） / 2着集中度: 上位2艇 70.8%（補正+0.04） / 総合判定確率: 0.126 / → ヒモはやや固め。上位2艇以外を切ること', 'tenji_trigger': '展示確認: 1号艇伸び良→そのまま採用。悪→飛び組に差し替え。circle_pct上位2艇に絞り込むこと。'}",,,28.9,逃げ狙い,20.68,28.3,2,,,,,,,,,,,
2025-07-29,丸亀,12,1,魚谷香織,A2,29.63,1,◎,63.0036,,0,85.3,0.1635,3.5294,,,0,低,49,0,逃1%,461 22,0,86.8,1.124,0.5789,,,,,0.1382,0,0.2342,○,,E,◎,,,0.637,,0.3838,A,76,0,◎-○軸 3着3〜4艇流し（10〜15点）,0.5777,"{'is_target': True, 'verdict': '点数絞り', 'max_combo_prob': 0.1044, 'est_top_odds': 12.8, 'circle_concentration': 79.6, 'eligible_count': 8, 'bet_adj': 0, 'reason': 'rel_win1=63.0%（本命度） / 最有力組み合わせ確率: 0.104（推定実オッズ?13倍） / 2着集中度: 上位2艇 79.6%（補正+0.04） / 総合判定確率: 0.144 / → ヒモはやや固め。上位2艇以外を切ること', 'tenji_trigger': '展示確認: 1号艇伸び良→そのまま採用。悪→飛び組に差し替え。circle_pct上位2艇に絞り込むこと。'}",,,32.5,逃げ狙い,14.51,29.7,2,,,,,0,0,0.6155,0,,逃げ軸流し,A
2025-07-29,丸亀,12,2,北村寧々,B1,30.39,2,,7.7693,34.3,99,50,0.1414,2.75,,,0,低,40,0,ま0% 抜0%,5 641,0,36.9,0.8302,0,0,0.0667,0,0.0667,0,0.3333,0,,◎,D,○,,0.5295,0.6365,,0.3838,A,76,0,◎-○軸 3着3〜4艇流し（10〜15点）,0.5777,"{'is_target': True, 'verdict': '点数絞り', 'max_combo_prob': 0.1044, 'est_top_odds': 12.8, 'circle_concentration': 79.6, 'eligible_count': 8, 'bet_adj': 0, 'reason': 'rel_win1=63.0%（本命度） / 最有力組み合わせ確率: 0.104（推定実オッズ?13倍） / 2着集中度: 上位2艇 79.6%（補正+0.04） / 総合判定確率: 0.144 / → ヒモはやや固め。上位2艇以外を切ること', 'tenji_trigger': '展示確認: 1号艇伸び良→そのまま採用。悪→飛び組に差し替え。circle_pct上位2艇に絞り込むこと。'}",,,32.5,逃げ狙い,14.51,29.7,2,,,,,,,,,,,
2025-07-29,丸亀,12,3,野田部宏,B1,32.66,3,△,10.2052,45.4,100,70.3,0.1392,2.8243,,,0,低,35,0,-,233 43,0,21,0.6502,0,0,0.0769,0,0,0.1,0.2,0.2,,○,C,△,,0.4154,0.616,,0.3838,A,76,0,◎-○軸 3着3〜4艇流し（10〜15点）,0.5777,"{'is_target': True, 'verdict': '点数絞り', 'max_combo_prob': 0.1044, 'est_top_odds': 12.8, 'circle_concentration': 79.6, 'eligible_count': 8, 'bet_adj': 0, 'reason': 'rel_win1=63.0%（本命度） / 最有力組み合わせ確率: 0.104（推定実オッズ?13倍） / 2着集中度: 上位2艇 79.6%（補正+0.04） / 総合判定確率: 0.144 / → ヒモはやや固め。上位2艇以外を切ること', 'tenji_trigger': '展示確認: 1号艇伸び良→そのまま採用。悪→飛び組に差し替え。circle_pct上位2艇に絞り込むこと。'}",,,32.5,逃げ狙い,14.51,29.7,2,,,,,,,,,,,
2025-07-29,丸亀,12,4,小林愛実,B1,48.72,4,▲,8.844,11.2,89,33.3,0.1933,4.0897,,,0,低,95,0,差ま0%,342 12,0,75.8,0.834,0,0,0,0.0769,0,0.3333,0.3333,0,,,A,,,0.1765,0.5715,,0.3838,A,76,0,◎-○軸 3着3〜4艇流し（10〜15点）,0.5777,"{'is_target': True, 'verdict': '点数絞り', 'max_combo_prob': 0.1044, 'est_top_odds': 12.8, 'circle_concentration': 79.6, 'eligible_count': 8, 'bet_adj': 0, 'reason': 'rel_win1=63.0%（本命度） / 最有力組み合わせ確率: 0.104（推定実オッズ?13倍） / 2着集中度: 上位2艇 79.6%（補正+0.04） / 総合判定確率: 0.144 / → ヒモはやや固め。上位2艇以外を切ること', 'tenji_trigger': '展示確認: 1号艇伸び良→そのまま採用。悪→飛び組に差し替え。circle_pct上位2艇に絞り込むこと。'}",,,32.5,逃げ狙い,14.51,29.7,2,,,,,,,,,,,
2025-07-29,丸亀,12,5,井上遥妃,B1,39.52,5,○,9.0199,8.7,70,42.3,0.1419,2.5385,,,0,低,34,0,差ま0%,3 634,0,76.6,1.344,0,0,0,0.2857,0,0,0.1944,0.2389,,△,B,△,,0.4127,0.634,,0.3838,A,76,0,◎-○軸 3着3〜4艇流し（10〜15点）,0.5777,"{'is_target': True, 'verdict': '点数絞り', 'max_combo_prob': 0.1044, 'est_top_odds': 12.8, 'circle_concentration': 79.6, 'eligible_count': 8, 'bet_adj': 0, 'reason': 'rel_win1=63.0%（本命度） / 最有力組み合わせ確率: 0.104（推定実オッズ?13倍） / 2着集中度: 上位2艇 79.6%（補正+0.04） / 総合判定確率: 0.144 / → ヒモはやや固め。上位2艇以外を切ること', 'tenji_trigger': '展示確認: 1号艇伸び良→そのまま採用。悪→飛び組に差し替え。circle_pct上位2艇に絞り込むこと。'}",,,32.5,逃げ狙い,14.51,29.7,2,,,,,,,,,,,
2025-07-29,丸亀,12,6,大廣咲季,B1,32.84,6,,1.1581,0.5,13,6.6,0.1836,3.7377,,,0,低,81,0,-,163 45,0,32.6,1.4339,,,,,,0.3333,0.3333,0,,,C,,,0.2421,0.543,,0.3838,A,76,0,◎-○軸 3着3〜4艇流し（10〜15点）,0.5777,"{'is_target': True, 'verdict': '点数絞り', 'max_combo_prob': 0.1044, 'est_top_odds': 12.8, 'circle_concentration': 79.6, 'eligible_count': 8, 'bet_adj': 0, 'reason': 'rel_win1=63.0%（本命度） / 最有力組み合わせ確率: 0.104（推定実オッズ?13倍） / 2着集中度: 上位2艇 79.6%（補正+0.04） / 総合判定確率: 0.144 / → ヒモはやや固め。上位2艇以外を切ること', 'tenji_trigger': '展示確認: 1号艇伸び良→そのまま採用。悪→飛び組に差し替え。circle_pct上位2艇に絞り込むこと。'}",,,32.5,逃げ狙い,14.51,29.7,2,,,,,,,,,,,
2025-07-30,丸亀,1,1,門田　栞,B1,46.70,1,◎,64.9436,,0,67.7,0.1648,3.371,,,0,低,76,0,逃0%,5 153,0,95.6,1.3409,0.4615,,,,,0.2308,0.3077,0,○,,B,△,,,0.5145,,0.4174,A,65,0,◎-○軸 3着3〜4艇流し（10〜15点）,0.5777,"{'is_target': True, 'verdict': '点数絞り', 'max_combo_prob': 0.1166, 'est_top_odds': 11.4, 'circle_concentration': 78.4, 'eligible_count': 8, 'bet_adj': 0, 'reason': 'rel_win1=64.9%（本命度） / 最有力組み合わせ確率: 0.117（推定実オッズ?11倍） / 2着集中度: 上位2艇 78.4%（補正+0.04） / 総合判定確率: 0.157 / → ヒモはやや固め。上位2艇以外を切ること', 'tenji_trigger': '展示確認: 1号艇伸び良→そのまま採用。悪→飛び組に差し替え。circle_pct上位2艇に絞り込むこと。'}",,,30.4,逃げ狙い,15.24,37.3,2,,,,,0,0,0.6155,0,,逃げ軸流し,A
2025-07-30,丸亀,1,2,中尾彩香,B1,40.82,2,▲,13.2528,50.9,100,46.4,0.1686,3.4643,,,0,低,58,0,-,5 255,0,73,1.4122,0,0,0.0769,0,0,0.1667,0.1667,0,,,D,△,,0.2722,0.529,,0.4174,A,65,0,◎-○軸 3着3〜4艇流し（10〜15点）,0.5777,"{'is_target': True, 'verdict': '点数絞り', 'max_combo_prob': 0.1166, 'est_top_odds': 11.4, 'circle_concentration': 78.4, 'eligible_count': 8, 'bet_adj': 0, 'reason': 'rel_win1=64.9%（本命度） / 最有力組み合わせ確率: 0.117（推定実オッズ?11倍） / 2着集中度: 上位2艇 78.4%（補正+0.04） / 総合判定確率: 0.157 / → ヒモはやや固め。上位2艇以外を切ること', 'tenji_trigger': '展示確認: 1号艇伸び良→そのまま採用。悪→飛び組に差し替え。circle_pct上位2艇に絞り込むこと。'}",,,30.4,逃げ狙い,15.24,37.3,2,,,,,,,,,,,
2025-07-30,丸亀,1,3,吉田彩乃,B1,45.45,3,○,9.0804,27.4,72,26.3,0.1716,3.2632,,,0,低,47,0,-,342 46,0,30.1,0.6294,,,,,,0.23,0.69,0,,,B,◎,,0.2789,0.5885,,0.4174,A,65,0,◎-○軸 3着3〜4艇流し（10〜15点）,0.5777,"{'is_target': True, 'verdict': '点数絞り', 'max_combo_prob': 0.1166, 'est_top_odds': 11.4, 'circle_concentration': 78.4, 'eligible_count': 8, 'bet_adj': 0, 'reason': 'rel_win1=64.9%（本命度） / 最有力組み合わせ確率: 0.117（推定実オッズ?11倍） / 2着集中度: 上位2艇 78.4%（補正+0.04） / 総合判定確率: 0.157 / → ヒモはやや固め。上位2艇以外を切ること', 'tenji_trigger': '展示確認: 1号艇伸び良→そのまま採用。悪→飛び組に差し替え。circle_pct上位2艇に絞り込むこと。'}",,,30.4,逃げ狙い,15.24,37.3,2,,,,,,,,,,,
2025-07-30,丸亀,1,4,石原凪紗,B2,34.12,4,,8.2137,16.8,74,10.5,0.1505,3.6842,,,0,低,62,0,-,4 346,0,37.6,0.6662,,,,,,0.2643,0.0571,0.0571,,,E,○,,0.3656,0.537,,0.4174,A,65,0,◎-○軸 3着3〜4艇流し（10〜15点）,0.5777,"{'is_target': True, 'verdict': '点数絞り', 'max_combo_prob': 0.1166, 'est_top_odds': 11.4, 'circle_concentration': 78.4, 'eligible_count': 8, 'bet_adj': 0, 'reason': 'rel_win1=64.9%（本命度） / 最有力組み合わせ確率: 0.117（推定実オッズ?11倍） / 2着集中度: 上位2艇 78.4%（補正+0.04） / 総合判定確率: 0.157 / → ヒモはやや固め。上位2艇以外を切ること', 'tenji_trigger': '展示確認: 1号艇伸び良→そのまま採用。悪→飛び組に差し替え。circle_pct上位2艇に絞り込むこと。'}",,,30.4,逃げ狙い,15.24,37.3,2,,,,,,,,,,,
2025-07-30,丸亀,1,5,田上　凜,B1,43.84,5,△,3.1727,4.4,46,15.1,0.2057,4.3962,,,0,低,114,0,-,4 145,0,56.7,1.1757,,,,,,0,0.6667,0,,,C,,,0.1799,0.504,,0.4174,A,65,0,◎-○軸 3着3〜4艇流し（10〜15点）,0.5777,"{'is_target': True, 'verdict': '点数絞り', 'max_combo_prob': 0.1166, 'est_top_odds': 11.4, 'circle_concentration': 78.4, 'eligible_count': 8, 'bet_adj': 0, 'reason': 'rel_win1=64.9%（本命度） / 最有力組み合わせ確率: 0.117（推定実オッズ?11倍） / 2着集中度: 上位2艇 78.4%（補正+0.04） / 総合判定確率: 0.157 / → ヒモはやや固め。上位2艇以外を切ること', 'tenji_trigger': '展示確認: 1号艇伸び良→そのまま採用。悪→飛び組に差し替え。circle_pct上位2艇に絞り込むこと。'}",,,30.4,逃げ狙い,15.24,37.3,2,,,,,,,,,,,
2025-07-30,丸亀,1,6,野田亜湖,B2,42.13,6,,1.3368,0.4,18,0,0.2688,5.3898,,,0,低,57,0,-,6 666,0,25,0.5794,,,,,,,,,,,C,,,0.135,0.4055,,0.4174,A,65,0,◎-○軸 3着3〜4艇流し（10〜15点）,0.5777,"{'is_target': True, 'verdict': '点数絞り', 'max_combo_prob': 0.1166, 'est_top_odds': 11.4, 'circle_concentration': 78.4, 'eligible_count': 8, 'bet_adj': 0, 'reason': 'rel_win1=64.9%（本命度） / 最有力組み合わせ確率: 0.117（推定実オッズ?11倍） / 2着集中度: 上位2艇 78.4%（補正+0.04） / 総合判定確率: 0.157 / → ヒモはやや固め。上位2艇以外を切ること', 'tenji_trigger': '展示確認: 1号艇伸び良→そのまま採用。悪→飛び組に差し替え。circle_pct上位2艇に絞り込むこと。'}",,,30.4,逃げ狙い,15.24,37.3,2,,,,,,,,,,,
2025-07-30,丸亀,2,1,濱崎寿里,B2,30.57,1,◎,62.4408,,0,50,0.2112,4.9375,,,0,低,23,1,逃0%,233 26,0,45.5,0.7575,0.3333,,,,,0.6667,0,0,,,C,,,,0.533,,0.0819,B,46,0,◎○△フォーメーション（15〜20点）,0.5777,"{'is_target': True, 'verdict': '点数絞り', 'max_combo_prob': 0.1294, 'est_top_odds': 10.3, 'circle_concentration': 76.0, 'eligible_count': 9, 'bet_adj': 0, 'reason': 'rel_win1=62.4%（本命度） / 最有力組み合わせ確率: 0.129（推定実オッズ?10倍） / 2着集中度: 上位2艇 76.0%（補正+0.04） / 総合判定確率: 0.169 / → ヒモはやや固め。上位2艇以外を切ること', 'tenji_trigger': '展示確認: 1号艇伸び良→そのまま採用。悪→飛び組に差し替え。circle_pct上位2艇に絞り込むこと。\n展示で1号艇スタート遅め(0.211秒)確認→ヒモが荒れやすい'}",,,32.1,両建て推奨,11.49,45.4,2,3-5-6|3-4-6|3-6-5|3-4-5|3-5-4|3-5-2|3-6-4|1-2-3|1-2-6|1-3-6,3-5-6|3-4-6|3-6-5|3-4-5|3-5-4|3-5-2|3-6-4|4-1-6|1-2-3|1-2-6|1-3-6|2-1-6,3-5-6:3.83%|3-4-6:1.68%|3-6-5:1.21%|3-4-5:0.88%|3-5-4:0.77%|3-5-2:0.52%|3-6-4:0.47%|1-2-3:4.7%|1-2-6:4.57%|1-3-6:4.01%,3-5-6:B_main|3-4-6:B_main|3-6-5:B_main|3-4-5:B_main|3-5-4:B_main|3-5-2:B_main|3-6-4:B_main|1-2-3:A|1-2-6:A|1-3-6:A,10,12,0.2915,1,[!]見送り推奨（主役決まり手「まくり」― 逃げ劣勢レースで的中実績なし）,主役軸流し,B
2025-07-30,丸亀,2,2,加藤奈月,B1,35.82,2,▲,10.2901,45.4,47,26.1,0.21,4.3913,,,0,低,68,0,-,4 354,0,34.2,0.5379,,,,,,0,0.2591,0.1455,,,B,△,,0.3395,0.627,,0.0819,B,46,0,◎○△フォーメーション（15〜20点）,0.5777,"{'is_target': True, 'verdict': '点数絞り', 'max_combo_prob': 0.1294, 'est_top_odds': 10.3, 'circle_concentration': 76.0, 'eligible_count': 9, 'bet_adj': 0, 'reason': 'rel_win1=62.4%（本命度） / 最有力組み合わせ確率: 0.129（推定実オッズ?10倍） / 2着集中度: 上位2艇 76.0%（補正+0.04） / 総合判定確率: 0.169 / → ヒモはやや固め。上位2艇以外を切ること', 'tenji_trigger': '展示確認: 1号艇伸び良→そのまま採用。悪→飛び組に差し替え。circle_pct上位2艇に絞り込むこと。\n展示で1号艇スタート遅め(0.211秒)確認→ヒモが荒れやすい'}",,,32.1,両建て推奨,11.49,45.4,2,,,,,,,,,,,
2025-07-30,丸亀,2,3,北村寧々,B1,30.39,3,△,13.3666,30.6,100,51.5,0.1352,2.4848,,,0,低,40,0,ま0%,5 641,0,51.2,1.0698,0,0,0.1667,0,0,0,0.3333,0,,◎,D,○,,0.49,0.6365,,0.0819,B,46,0,◎○△フォーメーション（15〜20点）,0.5777,"{'is_target': True, 'verdict': '点数絞り', 'max_combo_prob': 0.1294, 'est_top_odds': 10.3, 'circle_concentration': 76.0, 'eligible_count': 9, 'bet_adj': 0, 'reason': 'rel_win1=62.4%（本命度） / 最有力組み合わせ確率: 0.129（推定実オッズ?10倍） / 2着集中度: 上位2艇 76.0%（補正+0.04） / 総合判定確率: 0.169 / → ヒモはやや固め。上位2艇以外を切ること', 'tenji_trigger': '展示確認: 1号艇伸び良→そのまま採用。悪→飛び組に差し替え。circle_pct上位2艇に絞り込むこと。\n展示で1号艇スタート遅め(0.211秒)確認→ヒモが荒れやすい'}",,,32.1,両建て推奨,11.49,45.4,2,,,,,,,,,,,
2025-07-30,丸亀,2,4,樫葉新心,B1,29.76,4,,6.1211,10.1,34,5.7,0.2271,4.6714,,,0,低,136,0,-,551 36,0,13.1,0.5681,,,,,,0.1864,0.3318,0.2591,,,D,,,0.2475,0.5565,,0.0819,B,46,0,◎○△フォーメーション（15〜20点）,0.5777,"{'is_target': True, 'verdict': '点数絞り', 'max_combo_prob': 0.1294, 'est_top_odds': 10.3, 'circle_concentration': 76.0, 'eligible_count': 9, 'bet_adj': 0, 'reason': 'rel_win1=62.4%（本命度） / 最有力組み合わせ確率: 0.129（推定実オッズ?10倍） / 2着集中度: 上位2艇 76.0%（補正+0.04） / 総合判定確率: 0.169 / → ヒモはやや固め。上位2艇以外を切ること', 'tenji_trigger': '展示確認: 1号艇伸び良→そのまま採用。悪→飛び組に差し替え。circle_pct上位2艇に絞り込むこと。\n展示で1号艇スタート遅め(0.211秒)確認→ヒモが荒れやすい'}",,,32.1,両建て推奨,11.49,45.4,2,,,,,,,,,,,
2025-07-30,丸亀,2,5,三嶌さら,B1,41.62,5,○,6.0856,11.7,32,16.7,0.1812,4.381,,,0,低,82,0,-,2 455,0,20.9,0.6274,,,,,,0,0.25,0,,△,A,△,,0.4054,0.576,,0.0819,B,46,0,◎○△フォーメーション（15〜20点）,0.5777,"{'is_target': True, 'verdict': '点数絞り', 'max_combo_prob': 0.1294, 'est_top_odds': 10.3, 'circle_concentration': 76.0, 'eligible_count': 9, 'bet_adj': 0, 'reason': 'rel_win1=62.4%（本命度） / 最有力組み合わせ確率: 0.129（推定実オッズ?10倍） / 2着集中度: 上位2艇 76.0%（補正+0.04） / 総合判定確率: 0.169 / → ヒモはやや固め。上位2艇以外を切ること', 'tenji_trigger': '展示確認: 1号艇伸び良→そのまま採用。悪→飛び組に差し替え。circle_pct上位2艇に絞り込むこと。\n展示で1号艇スタート遅め(0.211秒)確認→ヒモが荒れやすい'}",,,32.1,両建て推奨,11.49,45.4,2,,,,,,,,,,,
2025-07-30,丸亀,2,6,魚谷香織,A2,29.63,6,,1.6958,2.2,53,50,0.1664,3.3636,,,0,低,49,0,-,461 22,0,92,1.8192,,,,,,0.1382,0,0.2342,,○,D,◎,,0.4526,0.637,,0.0819,B,46,0,◎○△フォーメーション（15〜20点）,0.5777,"{'is_target': True, 'verdict': '点数絞り', 'max_combo_prob': 0.1294, 'est_top_odds': 10.3, 'circle_concentration': 76.0, 'eligible_count': 9, 'bet_adj': 0, 'reason': 'rel_win1=62.4%（本命度） / 最有力組み合わせ確率: 0.129（推定実オッズ?10倍） / 2着集中度: 上位2艇 76.0%（補正+0.04） / 総合判定確率: 0.169 / → ヒモはやや固め。上位2艇以外を切ること', 'tenji_trigger': '展示確認: 1号艇伸び良→そのまま採用。悪→飛び組に差し替え。circle_pct上位2艇に絞り込むこと。\n展示で1号艇スタート遅め(0.211秒)確認→ヒモが荒れやすい'}",,,32.1,両建て推奨,11.49,45.4,2,,,,,,,,,,,
2025-07-30,丸亀,3,1,谷口佳蓮,B1,39.42,1,◎,66.3391,,0,80,0.1367,2.7,,,0,低,45,0,逃1%,3 235,0,91.7,1.2222,0.5455,,,,,0.1091,0,0.2727,◎⚠️,,B,△,,,0.5715,,0.6045,S,86,0,◎1着固定 2-3着流し（5〜8点）,0.5777,"{'is_target': True, 'verdict': '点数絞り', 'max_combo_prob': 0.1122, 'est_top_odds': 11.9, 'circle_concentration': 73.0, 'eligible_count': 6, 'bet_adj': 0, 'reason': 'rel_win1=66.3%（本命度） / 最有力組み合わせ確率: 0.112（推定実オッズ?12倍） / 2着集中度: 上位2艇 73.0%（補正+0.04） / 総合判定確率: 0.152 / → ヒモはやや固め。上位2艇以外を切ること', 'tenji_trigger': '展示確認: 1号艇伸び良→そのまま採用。悪→飛び組に差し替え。circle_pct上位2艇に絞り込むこと。\n展示で1号艇スタート超安定(0.137秒)→ヒモ固まり方向に注意'}",,,26.1,逃げ狙い,10.8,28.9,3,3-1-6|3-1-5|3-1-4|3-6-1|3-4-1|3-4-6|3-6-5|3-1-2|1-2-3|1-2-6|1-3-2,3-1-6|3-1-5|3-1-4|3-6-1|3-4-1|3-4-6|3-6-5|3-1-2|1-2-3|1-2-6|5-1-6|1-3-2,3-1-6:1.23%|3-1-5:1.01%|3-1-4:0.96%|3-6-1:0.42%|3-4-1:0.39%|3-4-6:0.04%|3-6-5:0.04%|3-1-2:4.76%|1-2-3:4.71%|1-2-6:4.16%|1-3-2:2.8%,3-1-6:B_main|3-1-5:B_main|3-1-4:B_main|3-6-1:B_main|3-4-1:B_main|3-4-6:B_main|3-6-5:B_main|3-1-2:B_sc|1-2-3:A|1-2-6:A|1-3-2:A,11,12,0.4535,1,[!]見送り推奨（主役決まり手「まくり差し」― 逃げ劣勢レースで的中実績なし）,主役軸流し,B
2025-07-30,丸亀,3,2,赤井　睦,B1,32.16,2,▲,11.6992,54.3,63,25,0.19,3.3438,,,0,低,24,0,-,126 24,0,89.5,0.5391,,,,,,0.1944,0.0444,0.4333,,,D,◎,,0.0775,0.596,,0.6045,S,86,0,◎1着固定 2-3着流し（5〜8点）,0.5777,"{'is_target': True, 'verdict': '点数絞り', 'max_combo_prob': 0.1122, 'est_top_odds': 11.9, 'circle_concentration': 73.0, 'eligible_count': 6, 'bet_adj': 0, 'reason': 'rel_win1=66.3%（本命度） / 最有力組み合わせ確率: 0.112（推定実オッズ?12倍） / 2着集中度: 上位2艇 73.0%（補正+0.04） / 総合判定確率: 0.152 / → ヒモはやや固め。上位2艇以外を切ること', 'tenji_trigger': '展示確認: 1号艇伸び良→そのまま採用。悪→飛び組に差し替え。circle_pct上位2艇に絞り込むこと。\n展示で1号艇スタート超安定(0.137秒)→ヒモ固まり方向に注意'}",,,26.1,逃げ狙い,10.8,28.9,3,,,,,,,,,,,
2025-07-30,丸亀,3,3,小林愛実,B1,48.72,3,○,7.2874,18.7,100,39.5,0.1558,3.4868,,,0,低,95,0,-,342 12,0,32.6,0.7542,,,,,,0.3333,0.3333,0,,,A,△,,0.2145,0.5715,,0.6045,S,86,0,◎1着固定 2-3着流し（5〜8点）,0.5777,"{'is_target': True, 'verdict': '点数絞り', 'max_combo_prob': 0.1122, 'est_top_odds': 11.9, 'circle_concentration': 73.0, 'eligible_count': 6, 'bet_adj': 0, 'reason': 'rel_win1=66.3%（本命度） / 最有力組み合わせ確率: 0.112（推定実オッズ?12倍） / 2着集中度: 上位2艇 73.0%（補正+0.04） / 総合判定確率: 0.152 / → ヒモはやや固め。上位2艇以外を切ること', 'tenji_trigger': '展示確認: 1号艇伸び良→そのまま採用。悪→飛び組に差し替え。circle_pct上位2艇に絞り込むこと。\n展示で1号艇スタート超安定(0.137秒)→ヒモ固まり方向に注意'}",,,26.1,逃げ狙い,10.8,28.9,3,,,,,,,,,,,
2025-07-30,丸亀,3,4,森　陽多,B1,34.50,4,△,6.7118,10.8,57,4,0.192,4.12,,,0,低,64,0,-,666 64,0,24.5,0.6228,,,,,,0,0.4,0.2,,,C,△,,0.135,0.472,,0.6045,S,86,0,◎1着固定 2-3着流し（5〜8点）,0.5777,"{'is_target': True, 'verdict': '点数絞り', 'max_combo_prob': 0.1122, 'est_top_odds': 11.9, 'circle_concentration': 73.0, 'eligible_count': 6, 'bet_adj': 0, 'reason': 'rel_win1=66.3%（本命度） / 最有力組み合わせ確率: 0.112（推定実オッズ?12倍） / 2着集中度: 上位2艇 73.0%（補正+0.04） / 総合判定確率: 0.152 / → ヒモはやや固め。上位2艇以外を切ること', 'tenji_trigger': '展示確認: 1号艇伸び良→そのまま採用。悪→飛び組に差し替え。circle_pct上位2艇に絞り込むこと。\n展示で1号艇スタート超安定(0.137秒)→ヒモ固まり方向に注意'}",,,26.1,逃げ狙い,10.8,28.9,3,,,,,,,,,,,
2025-07-30,丸亀,3,5,諏訪玲奈,B2,30.39,5,,6.3621,7.9,77,17.6,0.2324,4.7353,,,0,低,49,0,-,,0,23.1,0.7871,,,,,,,,,,,E,,,0.135,0.4185,,0.6045,S,86,0,◎1着固定 2-3着流し（5〜8点）,0.5777,"{'is_target': True, 'verdict': '点数絞り', 'max_combo_prob': 0.1122, 'est_top_odds': 11.9, 'circle_concentration': 73.0, 'eligible_count': 6, 'bet_adj': 0, 'reason': 'rel_win1=66.3%（本命度） / 最有力組み合わせ確率: 0.112（推定実オッズ?12倍） / 2着集中度: 上位2艇 73.0%（補正+0.04） / 総合判定確率: 0.152 / → ヒモはやや固め。上位2艇以外を切ること', 'tenji_trigger': '展示確認: 1号艇伸び良→そのまま採用。悪→飛び組に差し替え。circle_pct上位2艇に絞り込むこと。\n展示で1号艇スタート超安定(0.137秒)→ヒモ固まり方向に注意'}",,,26.1,逃げ狙い,10.8,28.9,3,,,,,,,,,,,
2025-07-30,丸亀,3,6,廣中智紗,A2,34.63,6,,1.6003,8.3,87,52.6,0.2216,4.6842,,,0,低,82,0,-,2 5125,0,23.1,1.985,,,,,,0.0421,0.1632,0.2632,,,C,○,,0.135,0.5755,,0.6045,S,86,0,◎1着固定 2-3着流し（5〜8点）,0.5777,"{'is_target': True, 'verdict': '点数絞り', 'max_combo_prob': 0.1122, 'est_top_odds': 11.9, 'circle_concentration': 73.0, 'eligible_count': 6, 'bet_adj': 0, 'reason': 'rel_win1=66.3%（本命度） / 最有力組み合わせ確率: 0.112（推定実オッズ?12倍） / 2着集中度: 上位2艇 73.0%（補正+0.04） / 総合判定確率: 0.152 / → ヒモはやや固め。上位2艇以外を切ること', 'tenji_trigger': '展示確認: 1号艇伸び良→そのまま採用。悪→飛び組に差し替え。circle_pct上位2艇に絞り込むこと。\n展示で1号艇スタート超安定(0.137秒)→ヒモ固まり方向に注意'}",,,26.1,逃げ狙い,10.8,28.9,3,,,,,,,,,,,
2025-07-30,丸亀,4,1,寺田千恵,A1,31.98,1,◎,60.2143,,0,90.2,0.1568,3.0366,,,0,低,54,0,逃1%,1 2331,0,88.9,1.1638,0.6364,,,,,0.1818,0.0909,0.0909,◎,,C,◎,,,0.6385,,0.484,S,100,0,◎1着固定 2-3着流し（5〜8点）,0.5777,"{'is_target': True, 'verdict': '点数絞り', 'max_combo_prob': 0.0852, 'est_top_odds': 15.7, 'circle_concentration': 71.2, 'eligible_count': 6, 'bet_adj': 0, 'reason': 'rel_win1=60.2%（本命度） / 最有力組み合わせ確率: 0.085（推定実オッズ?16倍） / 2着集中度: 上位2艇 71.2%（補正+0.04） / 総合判定確率: 0.125 / → ヒモはやや固め。上位2艇以外を切ること', 'tenji_trigger': '展示確認: 1号艇伸び良→そのまま採用。悪→飛び組に差し替え。circle_pct上位2艇に絞り込むこと。'}",,,21.9,逃げ狙い,11.31,30.6,2,,,,,0,0,0.7559,0,,逃げ軸流し,A
2025-07-30,丸亀,4,2,大廣咲季,B1,32.84,2,○,8.2158,29.1,100,25,0.1567,3.6875,,,0,低,81,0,-,163 45,0,63.7,0.5462,,,,,,0.3333,0.3333,0,,○,B,,,0.3285,0.543,,0.484,S,100,0,◎1着固定 2-3着流し（5〜8点）,0.5777,"{'is_target': True, 'verdict': '点数絞り', 'max_combo_prob': 0.0852, 'est_top_odds': 15.7, 'circle_concentration': 71.2, 'eligible_count': 6, 'bet_adj': 0, 'reason': 'rel_win1=60.2%（本命度） / 最有力組み合わせ確率: 0.085（推定実オッズ?16倍） / 2着集中度: 上位2艇 71.2%（補正+0.04） / 総合判定確率: 0.125 / → ヒモはやや固め。上位2艇以外を切ること', 'tenji_trigger': '展示確認: 1号艇伸び良→そのまま採用。悪→飛び組に差し替え。circle_pct上位2艇に絞り込むこと。'}",,,21.9,逃げ狙い,11.31,30.6,2,,,,,,,,,,,
2025-07-30,丸亀,4,3,三嶌ここ,B1,28.00,3,,11.4188,42.2,74,41.2,0.1953,4.4412,,,0,低,114,0,ま0%,464 16,0,47.8,1.1877,0,0,0.0588,0,0,0.0571,0.0571,0.3143,,,D,,,0.1109,0.553,,0.484,S,100,0,◎1着固定 2-3着流し（5〜8点）,0.5777,"{'is_target': True, 'verdict': '点数絞り', 'max_combo_prob': 0.0852, 'est_top_odds': 15.7, 'circle_concentration': 71.2, 'eligible_count': 6, 'bet_adj': 0, 'reason': 'rel_win1=60.2%（本命度） / 最有力組み合わせ確率: 0.085（推定実オッズ?16倍） / 2着集中度: 上位2艇 71.2%（補正+0.04） / 総合判定確率: 0.125 / → ヒモはやや固め。上位2艇以外を切ること', 'tenji_trigger': '展示確認: 1号艇伸び良→そのまま採用。悪→飛び組に差し替え。circle_pct上位2艇に絞り込むこと。'}",,,21.9,逃げ狙い,11.31,30.6,2,,,,,,,,,,,
2025-07-30,丸亀,4,4,佐藤ほの,B1,31.34,4,△,10.1376,16.2,80,28.1,0.1775,3.5469,,,0,低,65,0,ま0%,344 54,0,40.1,0.8366,0,0,0.0769,0,0,0.3333,0.4444,0.1111,,,C,△,,0.2171,0.5605,,0.484,S,100,0,◎1着固定 2-3着流し（5〜8点）,0.5777,"{'is_target': True, 'verdict': '点数絞り', 'max_combo_prob': 0.0852, 'est_top_odds': 15.7, 'circle_concentration': 71.2, 'eligible_count': 6, 'bet_adj': 0, 'reason': 'rel_win1=60.2%（本命度） / 最有力組み合わせ確率: 0.085（推定実オッズ?16倍） / 2着集中度: 上位2艇 71.2%（補正+0.04） / 総合判定確率: 0.125 / → ヒモはやや固め。上位2艇以外を切ること', 'tenji_trigger': '展示確認: 1号艇伸び良→そのまま採用。悪→飛び組に差し替え。circle_pct上位2艇に絞り込むこと。'}",,,21.9,逃げ狙い,11.31,30.6,2,,,,,,,,,,,
2025-07-30,丸亀,4,5,村上奈穂,B1,28.08,5,,4.2714,5.6,83,17.4,0.2222,4.6304,,,0,低,64,0,-,553 35,0,23.3,0.7295,,,,,,0.1818,0.3636,0.0909,,,D,△,,0.1369,0.578,,0.484,S,100,0,◎1着固定 2-3着流し（5〜8点）,0.5777,"{'is_target': True, 'verdict': '点数絞り', 'max_combo_prob': 0.0852, 'est_top_odds': 15.7, 'circle_concentration': 71.2, 'eligible_count': 6, 'bet_adj': 0, 'reason': 'rel_win1=60.2%（本命度） / 最有力組み合わせ確率: 0.085（推定実オッズ?16倍） / 2着集中度: 上位2艇 71.2%（補正+0.04） / 総合判定確率: 0.125 / → ヒモはやや固め。上位2艇以外を切ること', 'tenji_trigger': '展示確認: 1号艇伸び良→そのまま採用。悪→飛び組に差し替え。circle_pct上位2艇に絞り込むこと。'}",,,21.9,逃げ狙い,11.31,30.6,2,,,,,,,,,,,
2025-07-30,丸亀,4,6,野田部宏,B1,32.66,6,▲,5.7421,7,35,24.1,0.1224,2.8448,,,0,低,35,0,ま0%,233 43,0,23.3,1.2547,0,0,0.1111,0,0,0.1,0.2,0.2,,◎,C,○,,0.415,0.616,,0.484,S,100,0,◎1着固定 2-3着流し（5〜8点）,0.5777,"{'is_target': True, 'verdict': '点数絞り', 'max_combo_prob': 0.0852, 'est_top_odds': 15.7, 'circle_concentration': 71.2, 'eligible_count': 6, 'bet_adj': 0, 'reason': 'rel_win1=60.2%（本命度） / 最有力組み合わせ確率: 0.085（推定実オッズ?16倍） / 2着集中度: 上位2艇 71.2%（補正+0.04） / 総合判定確率: 0.125 / → ヒモはやや固め。上位2艇以外を切ること', 'tenji_trigger': '展示確認: 1号艇伸び良→そのまま採用。悪→飛び組に差し替え。circle_pct上位2艇に絞り込むこと。'}",,,21.9,逃げ狙い,11.31,30.6,2,,,,,,,,,,,
2025-07-30,丸亀,5,1,清水愛海,A1,37.88,1,◎,57.9706,,0,89.3,0.1714,3.4107,,,0,低,73,0,逃1%,144221,0,87.3,1.1457,0.7273,,,,,0.0909,0.1818,0,◎,,C,◎,,,0.634,,0.451,S,90,0,◎1着固定 2-3着流し（5〜8点）,0.5777,"{'is_target': True, 'verdict': '参加推奨', 'max_combo_prob': 0.0772, 'est_top_odds': 17.3, 'circle_concentration': 75.8, 'eligible_count': 6, 'bet_adj': 2, 'reason': 'rel_win1=58.0%（本命度） / 最有力組み合わせ確率: 0.077（推定実オッズ?17倍） / 2着集中度: 上位2艇 75.8%（補正+0.04） / 総合判定確率: 0.117 / → ヒモ分散。1号艇1着固定で広めのヒモ流し推奨（買い目+2点）', 'tenji_trigger': '展示確認: ヒモ分散レース。1号艇伸び確認後、広めのヒモ流しを採用。穴ヒモ（5・6号艇）を積極的に含める。'}",,,28.4,逃げ狙い,17.93,29.4,3,,,,,0,0,0.7559,0,,逃げ軸流し,A
2025-07-30,丸亀,5,2,関野　文,A2,32.02,2,,12.9868,35.6,99,56.5,0.1609,4.2174,,,0,低,58,0,差0%,451 64,0,45.7,0.9367,0,0.1538,0,0,0,0.0932,0.0727,0.2409,,○,D,△,,0.4406,0.6135,,0.451,S,90,0,◎1着固定 2-3着流し（5〜8点）,0.5777,"{'is_target': True, 'verdict': '参加推奨', 'max_combo_prob': 0.0772, 'est_top_odds': 17.3, 'circle_concentration': 75.8, 'eligible_count': 6, 'bet_adj': 2, 'reason': 'rel_win1=58.0%（本命度） / 最有力組み合わせ確率: 0.077（推定実オッズ?17倍） / 2着集中度: 上位2艇 75.8%（補正+0.04） / 総合判定確率: 0.117 / → ヒモ分散。1号艇1着固定で広めのヒモ流し推奨（買い目+2点）', 'tenji_trigger': '展示確認: ヒモ分散レース。1号艇伸び確認後、広めのヒモ流しを採用。穴ヒモ（5・6号艇）を積極的に含める。'}",,,28.4,逃げ狙い,17.93,29.4,3,,,,,,,,,,,
2025-07-30,丸亀,5,3,中村桃佳,B1,36.08,3,○,16.2269,40.2,100,56,0.1196,2.24,,,0,低,41,0,ま0%,6 252,0,41,0.9219,0,0.05,0.1,0,0.05,0.0471,0.0706,0.2706,,◎,C,○,,0.4693,0.6205,,0.451,S,90,0,◎1着固定 2-3着流し（5〜8点）,0.5777,"{'is_target': True, 'verdict': '参加推奨', 'max_combo_prob': 0.0772, 'est_top_odds': 17.3, 'circle_concentration': 75.8, 'eligible_count': 6, 'bet_adj': 2, 'reason': 'rel_win1=58.0%（本命度） / 最有力組み合わせ確率: 0.077（推定実オッズ?17倍） / 2着集中度: 上位2艇 75.8%（補正+0.04） / 総合判定確率: 0.117 / → ヒモ分散。1号艇1着固定で広めのヒモ流し推奨（買い目+2点）', 'tenji_trigger': '展示確認: ヒモ分散レース。1号艇伸び確認後、広めのヒモ流しを採用。穴ヒモ（5・6号艇）を積極的に含める。'}",,,28.4,逃げ狙い,17.93,29.4,3,,,,,,,,,,,
2025-07-30,丸亀,5,4,植竹玲奈,B2,38.76,4,△,8.6342,12.9,97,12.5,0.2137,4.1875,,,0,低,67,0,-,3 463,0,41.2,0.7045,,,,,,,,,,,B,,,0.1473,0.5055,,0.451,S,90,0,◎1着固定 2-3着流し（5〜8点）,0.5777,"{'is_target': True, 'verdict': '参加推奨', 'max_combo_prob': 0.0772, 'est_top_odds': 17.3, 'circle_concentration': 75.8, 'eligible_count': 6, 'bet_adj': 2, 'reason': 'rel_win1=58.0%（本命度） / 最有力組み合わせ確率: 0.077（推定実オッズ?17倍） / 2着集中度: 上位2艇 75.8%（補正+0.04） / 総合判定確率: 0.117 / → ヒモ分散。1号艇1着固定で広めのヒモ流し推奨（買い目+2点）', 'tenji_trigger': '展示確認: ヒモ分散レース。1号艇伸び確認後、広めのヒモ流しを採用。穴ヒモ（5・6号艇）を積極的に含める。'}",,,28.4,逃げ狙い,17.93,29.4,3,,,,,,,,,,,
2025-07-30,丸亀,5,5,石原凪紗,B2,34.12,5,,2.8119,9,50,9.7,0.1565,3.6129,,,0,低,62,0,-,4 346,0,34.2,0.6921,,,,,,0.2643,0.0571,0.0571,,,D,,,0.3574,0.537,,0.451,S,90,0,◎1着固定 2-3着流し（5〜8点）,0.5777,"{'is_target': True, 'verdict': '参加推奨', 'max_combo_prob': 0.0772, 'est_top_odds': 17.3, 'circle_concentration': 75.8, 'eligible_count': 6, 'bet_adj': 2, 'reason': 'rel_win1=58.0%（本命度） / 最有力組み合わせ確率: 0.077（推定実オッズ?17倍） / 2着集中度: 上位2艇 75.8%（補正+0.04） / 総合判定確率: 0.117 / → ヒモ分散。1号艇1着固定で広めのヒモ流し推奨（買い目+2点）', 'tenji_trigger': '展示確認: ヒモ分散レース。1号艇伸び確認後、広めのヒモ流しを採用。穴ヒモ（5・6号艇）を積極的に含める。'}",,,28.4,逃げ狙い,17.93,29.4,3,,,,,,,,,,,
2025-07-30,丸亀,5,6,松本　怜,B1,39.80,6,▲,1.3696,2.3,53,5,0.18,3.725,,,0,低,54,0,-,6 143,0,22.4,0.8511,,,,,,0,0.5,0.25,,,B,△,,0.2826,0.572,,0.451,S,90,0,◎1着固定 2-3着流し（5〜8点）,0.5777,"{'is_target': True, 'verdict': '参加推奨', 'max_combo_prob': 0.0772, 'est_top_odds': 17.3, 'circle_concentration': 75.8, 'eligible_count': 6, 'bet_adj': 2, 'reason': 'rel_win1=58.0%（本命度） / 最有力組み合わせ確率: 0.077（推定実オッズ?17倍） / 2着集中度: 上位2艇 75.8%（補正+0.04） / 総合判定確率: 0.117 / → ヒモ分散。1号艇1着固定で広めのヒモ流し推奨（買い目+2点）', 'tenji_trigger': '展示確認: ヒモ分散レース。1号艇伸び確認後、広めのヒモ流しを採用。穴ヒモ（5・6号艇）を積極的に含める。'}",,,28.4,逃げ狙い,17.93,29.4,3,,,,,,,,,,,
2025-07-30,丸亀,6,1,川野芽唯,A1,35.27,1,◎,64.3822,,0,88.9,0.1722,3.8472,,,0,低,72,0,逃0%,152 33,0,80.8,0.9879,0.8333,,,,,0,0.0556,0.0556,○,,C,△,,,0.625,,0.4052,S,98,0,◎1着固定 2-3着流し（5〜8点）,0.5777,"{'is_target': True, 'verdict': '点数絞り', 'max_combo_prob': 0.0936, 'est_top_odds': 14.2, 'circle_concentration': 76.4, 'eligible_count': 6, 'bet_adj': 0, 'reason': 'rel_win1=64.4%（本命度） / 最有力組み合わせ確率: 0.094（推定実オッズ?14倍） / 2着集中度: 上位2艇 76.4%（補正+0.04） / 総合判定確率: 0.134 / → ヒモはやや固め。上位2艇以外を切ること', 'tenji_trigger': '展示確認: 1号艇伸び良→そのまま採用。悪→飛び組に差し替え。circle_pct上位2艇に絞り込むこと。'}",,,25.8,逃げ狙い,14.73,24.5,4,,,,,0,0,0.6155,0,,逃げ軸流し,A
2025-07-30,丸亀,6,2,井上遥妃,B1,39.52,2,○,13.4998,45.3,100,47.6,0.1552,2.9048,,,0,低,34,0,差0% ま0%,3 634,0,38.8,0.8188,0,0.4,0.2,0,0,0,0.1944,0.2389,,◎,B,○,,0.5595,0.634,,0.4052,S,98,0,◎1着固定 2-3着流し（5〜8点）,0.5777,"{'is_target': True, 'verdict': '点数絞り', 'max_combo_prob': 0.0936, 'est_top_odds': 14.2, 'circle_concentration': 76.4, 'eligible_count': 6, 'bet_adj': 0, 'reason': 'rel_win1=64.4%（本命度） / 最有力組み合わせ確率: 0.094（推定実オッズ?14倍） / 2着集中度: 上位2艇 76.4%（補正+0.04） / 総合判定確率: 0.134 / → ヒモはやや固め。上位2艇以外を切ること', 'tenji_trigger': '展示確認: 1号艇伸び良→そのまま採用。悪→飛び組に差し替え。circle_pct上位2艇に絞り込むこと。'}",,,25.8,逃げ狙い,14.73,24.5,4,,,,,,,,,,,
2025-07-30,丸亀,6,3,中川りな,A2,38.81,3,△,9.51,31.2,69,46.9,0.1659,3.6406,,,0,低,61,0,-,2 5232,0,21.1,0.6573,0,0,0.0667,0,0,0,0.1429,0.0714,,,C,△,,0.3092,0.6205,,0.4052,S,98,0,◎1着固定 2-3着流し（5〜8点）,0.5777,"{'is_target': True, 'verdict': '点数絞り', 'max_combo_prob': 0.0936, 'est_top_odds': 14.2, 'circle_concentration': 76.4, 'eligible_count': 6, 'bet_adj': 0, 'reason': 'rel_win1=64.4%（本命度） / 最有力組み合わせ確率: 0.094（推定実オッズ?14倍） / 2着集中度: 上位2艇 76.4%（補正+0.04） / 総合判定確率: 0.134 / → ヒモはやや固め。上位2艇以外を切ること', 'tenji_trigger': '展示確認: 1号艇伸び良→そのまま採用。悪→飛び組に差し替え。circle_pct上位2艇に絞り込むこと。'}",,,25.8,逃げ狙い,14.73,24.5,4,,,,,,,,,,,
2025-07-30,丸亀,6,4,吉田彩乃,B1,45.45,4,▲,7.0474,15.2,80,31.6,0.1747,4.2632,,,0,低,47,0,-,342 46,0,36.6,0.7566,,,,,,0.23,0.69,0,,,A,,,0.303,0.5885,,0.4052,S,98,0,◎1着固定 2-3着流し（5〜8点）,0.5777,"{'is_target': True, 'verdict': '点数絞り', 'max_combo_prob': 0.0936, 'est_top_odds': 14.2, 'circle_concentration': 76.4, 'eligible_count': 6, 'bet_adj': 0, 'reason': 'rel_win1=64.4%（本命度） / 最有力組み合わせ確率: 0.094（推定実オッズ?14倍） / 2着集中度: 上位2艇 76.4%（補正+0.04） / 総合判定確率: 0.134 / → ヒモはやや固め。上位2艇以外を切ること', 'tenji_trigger': '展示確認: 1号艇伸び良→そのまま採用。悪→飛び組に差し替え。circle_pct上位2艇に絞り込むこと。'}",,,25.8,逃げ狙い,14.73,24.5,4,,,,,,,,,,,
2025-07-30,丸亀,6,5,北村寧々,B1,30.39,5,,4.561,7.6,71,18.8,0.1487,3.4219,,,0,低,40,0,-,5 641,0,37.4,0.7374,,,,,,0,0.3333,0,,,D,◎,,0.3848,0.6365,,0.4052,S,98,0,◎1着固定 2-3着流し（5〜8点）,0.5777,"{'is_target': True, 'verdict': '点数絞り', 'max_combo_prob': 0.0936, 'est_top_odds': 14.2, 'circle_concentration': 76.4, 'eligible_count': 6, 'bet_adj': 0, 'reason': 'rel_win1=64.4%（本命度） / 最有力組み合わせ確率: 0.094（推定実オッズ?14倍） / 2着集中度: 上位2艇 76.4%（補正+0.04） / 総合判定確率: 0.134 / → ヒモはやや固め。上位2艇以外を切ること', 'tenji_trigger': '展示確認: 1号艇伸び良→そのまま採用。悪→飛び組に差し替え。circle_pct上位2艇に絞り込むこと。'}",,,25.8,逃げ狙い,14.73,24.5,4,,,,,,,,,,,
2025-07-30,丸亀,6,6,石村日奈,B2,27.59,6,,0.9996,0.8,29,3.4,0.2225,4.6186,,,0,低,58,0,-,665 56,0,26.8,0.8689,,,,,,,,,,,E,,,0.1499,0.5105,,0.4052,S,98,0,◎1着固定 2-3着流し（5〜8点）,0.5777,"{'is_target': True, 'verdict': '点数絞り', 'max_combo_prob': 0.0936, 'est_top_odds': 14.2, 'circle_concentration': 76.4, 'eligible_count': 6, 'bet_adj': 0, 'reason': 'rel_win1=64.4%（本命度） / 最有力組み合わせ確率: 0.094（推定実オッズ?14倍） / 2着集中度: 上位2艇 76.4%（補正+0.04） / 総合判定確率: 0.134 / → ヒモはやや固め。上位2艇以外を切ること', 'tenji_trigger': '展示確認: 1号艇伸び良→そのまま採用。悪→飛び組に差し替え。circle_pct上位2艇に絞り込むこと。'}",,,25.8,逃げ狙い,14.73,24.5,4,,,,,,,,,,,
2025-07-30,丸亀,7,1,細川裕子,A1,31.71,1,◎,65.8644,,0,96.4,0.1732,3.6786,,,0,低,59,0,逃1%,23641,0,83.6,1.0584,0.8333,,,,,0,0,0.0833,◎,,D,◎,,,0.6235,,0.559,S,98,0,◎1着固定 2-3着流し（5〜8点）,0.5777,"{'is_target': True, 'verdict': '点数絞り', 'max_combo_prob': 0.0942, 'est_top_odds': 14.2, 'circle_concentration': 77.5, 'eligible_count': 6, 'bet_adj': 0, 'reason': 'rel_win1=65.9%（本命度） / 最有力組み合わせ確率: 0.094（推定実オッズ?14倍） / 2着集中度: 上位2艇 77.5%（補正+0.04） / 総合判定確率: 0.134 / → ヒモはやや固め。上位2艇以外を切ること', 'tenji_trigger': '展示確認: 1号艇伸び良→そのまま採用。悪→飛び組に差し替え。circle_pct上位2艇に絞り込むこと。'}",,,26,逃げ狙い,17.22,23,2,,,,,0,0,0.7559,0,,逃げ軸流し,A
2025-07-30,丸亀,7,2,鎌倉　涼,A1,35.15,2,,13.5896,50.8,100,45,0.178,3.925,,,0,低,56,0,-,321 42,0,30.8,0.7836,,,,,,0.1667,0.1667,0,,,C,△,,0.2795,0.5705,,0.559,S,98,0,◎1着固定 2-3着流し（5〜8点）,0.5777,"{'is_target': True, 'verdict': '点数絞り', 'max_combo_prob': 0.0942, 'est_top_odds': 14.2, 'circle_concentration': 77.5, 'eligible_count': 6, 'bet_adj': 0, 'reason': 'rel_win1=65.9%（本命度） / 最有力組み合わせ確率: 0.094（推定実オッズ?14倍） / 2着集中度: 上位2艇 77.5%（補正+0.04） / 総合判定確率: 0.134 / → ヒモはやや固め。上位2艇以外を切ること', 'tenji_trigger': '展示確認: 1号艇伸び良→そのまま採用。悪→飛び組に差し替え。circle_pct上位2艇に絞り込むこと。'}",,,26,逃げ狙い,17.22,23,2,,,,,,,,,,,
2025-07-30,丸亀,7,3,樫葉新心,B1,29.76,3,,10.0587,26.7,91,31.6,0.1958,4.1053,,,0,低,136,0,ま0%,551 36,0,54.4,0.7523,0,0,0.0588,0,0,0.1864,0.3318,0.2591,,,E,,,0.1729,0.5565,,0.559,S,98,0,◎1着固定 2-3着流し（5〜8点）,0.5777,"{'is_target': True, 'verdict': '点数絞り', 'max_combo_prob': 0.0942, 'est_top_odds': 14.2, 'circle_concentration': 77.5, 'eligible_count': 6, 'bet_adj': 0, 'reason': 'rel_win1=65.9%（本命度） / 最有力組み合わせ確率: 0.094（推定実オッズ?14倍） / 2着集中度: 上位2艇 77.5%（補正+0.04） / 総合判定確率: 0.134 / → ヒモはやや固め。上位2艇以外を切ること', 'tenji_trigger': '展示確認: 1号艇伸び良→そのまま採用。悪→飛び組に差し替え。circle_pct上位2艇に絞り込むこと。'}",,,26,逃げ狙い,17.22,23,2,,,,,,,,,,,
2025-07-30,丸亀,7,4,三嶌さら,B1,41.62,4,▲,6.2032,9.9,91,24.2,0.1927,4.2424,,,0,低,82,0,差0%,2 455,0,33.6,0.8126,0,0.0455,0,0,0,0,0.25,0,,,B,○,,0.2072,0.576,,0.559,S,98,0,◎1着固定 2-3着流し（5〜8点）,0.5777,"{'is_target': True, 'verdict': '点数絞り', 'max_combo_prob': 0.0942, 'est_top_odds': 14.2, 'circle_concentration': 77.5, 'eligible_count': 6, 'bet_adj': 0, 'reason': 'rel_win1=65.9%（本命度） / 最有力組み合わせ確率: 0.094（推定実オッズ?14倍） / 2着集中度: 上位2艇 77.5%（補正+0.04） / 総合判定確率: 0.134 / → ヒモはやや固め。上位2艇以外を切ること', 'tenji_trigger': '展示確認: 1号艇伸び良→そのまま採用。悪→飛び組に差し替え。circle_pct上位2艇に絞り込むこと。'}",,,26,逃げ狙い,17.22,23,2,,,,,,,,,,,
2025-07-30,丸亀,7,5,中尾彩香,B1,40.82,5,△,3.1025,9.9,63,18.5,0.1767,3.6667,,,0,低,58,0,-,5 255,0,30.2,0.6376,,,,,,0.1667,0.1667,0,,,C,,,0.3026,0.529,,0.559,S,98,0,◎1着固定 2-3着流し（5〜8点）,0.5777,"{'is_target': True, 'verdict': '点数絞り', 'max_combo_prob': 0.0942, 'est_top_odds': 14.2, 'circle_concentration': 77.5, 'eligible_count': 6, 'bet_adj': 0, 'reason': 'rel_win1=65.9%（本命度） / 最有力組み合わせ確率: 0.094（推定実オッズ?14倍） / 2着集中度: 上位2艇 77.5%（補正+0.04） / 総合判定確率: 0.134 / → ヒモはやや固め。上位2艇以外を切ること', 'tenji_trigger': '展示確認: 1号艇伸び良→そのまま採用。悪→飛び組に差し替え。circle_pct上位2艇に絞り込むこと。'}",,,26,逃げ狙い,17.22,23,2,,,,,,,,,,,
2025-07-30,丸亀,7,6,小林愛実,B1,48.72,6,○,1.1816,2.7,96,23.1,0.1749,4.3846,,,0,低,95,0,-,342 12,0,21.1,1.0372,,,,,,0.3333,0.3333,0,,,A,△,,0.3046,0.5715,,0.559,S,98,0,◎1着固定 2-3着流し（5〜8点）,0.5777,"{'is_target': True, 'verdict': '点数絞り', 'max_combo_prob': 0.0942, 'est_top_odds': 14.2, 'circle_concentration': 77.5, 'eligible_count': 6, 'bet_adj': 0, 'reason': 'rel_win1=65.9%（本命度） / 最有力組み合わせ確率: 0.094（推定実オッズ?14倍） / 2着集中度: 上位2艇 77.5%（補正+0.04） / 総合判定確率: 0.134 / → ヒモはやや固め。上位2艇以外を切ること', 'tenji_trigger': '展示確認: 1号艇伸び良→そのまま採用。悪→飛び組に差し替え。circle_pct上位2艇に絞り込むこと。'}",,,26,逃げ狙い,17.22,23,2,,,,,,,,,,,
2025-07-30,丸亀,8,1,廣中智紗,A2,34.63,1,◎,71.2561,,0,84.9,0.1988,3.5758,,,0,低,82,0,逃1%,2 5125,0,72.8,1.1518,0.5789,,,,,0.0421,0.1632,0.2632,○,,C,△,,,0.5755,,0.33,S,83,0,◎1着固定 2-3着流し（5〜8点）,0.5777,"{'is_target': True, 'verdict': '点数絞り', 'max_combo_prob': 0.1313, 'est_top_odds': 10.2, 'circle_concentration': 73.6, 'eligible_count': 6, 'bet_adj': 0, 'reason': 'rel_win1=71.3%（本命度） / 最有力組み合わせ確率: 0.131（推定実オッズ?10倍） / 2着集中度: 上位2艇 73.6%（補正+0.04） / 総合判定確率: 0.171 / → ヒモはやや固め。上位2艇以外を切ること', 'tenji_trigger': '展示確認: 1号艇伸び良→そのまま採用。悪→飛び組に差し替え。circle_pct上位2艇に絞り込むこと。\n展示で1号艇スタート遅め(0.199秒)確認→ヒモが荒れやすい'}",,,33.8,逃げ狙い,14.44,33.3,2,,,,,0,0,0.6155,0,,逃げ軸流し,A
2025-07-30,丸亀,8,2,門田　栞,B1,46.70,2,○,9.4781,49.4,78,44.1,0.1668,3.6765,,,0,低,76,0,-,5 153,0,97.9,1.9088,,,,,,0.2308,0.3077,0,,◎,A,△,,0.5775,0.5145,,0.33,S,83,0,◎1着固定 2-3着流し（5〜8点）,0.5777,"{'is_target': True, 'verdict': '点数絞り', 'max_combo_prob': 0.1313, 'est_top_odds': 10.2, 'circle_concentration': 73.6, 'eligible_count': 6, 'bet_adj': 0, 'reason': 'rel_win1=71.3%（本命度） / 最有力組み合わせ確率: 0.131（推定実オッズ?10倍） / 2着集中度: 上位2艇 73.6%（補正+0.04） / 総合判定確率: 0.171 / → ヒモはやや固め。上位2艇以外を切ること', 'tenji_trigger': '展示確認: 1号艇伸び良→そのまま採用。悪→飛び組に差し替え。circle_pct上位2艇に絞り込むこと。\n展示で1号艇スタート遅め(0.199秒)確認→ヒモが荒れやすい'}",,,33.8,逃げ狙い,14.44,33.3,2,,,,,,,,,,,
2025-07-30,丸亀,8,3,森　陽多,B1,34.50,3,,7.5236,24.2,100,33.3,0.172,3.6,,,0,低,64,0,-,666 64,0,35.1,0.6815,,,,,,0,0.4,0.2,,△,D,,,0.444,0.472,,0.33,S,83,0,◎1着固定 2-3着流し（5〜8点）,0.5777,"{'is_target': True, 'verdict': '点数絞り', 'max_combo_prob': 0.1313, 'est_top_odds': 10.2, 'circle_concentration': 73.6, 'eligible_count': 6, 'bet_adj': 0, 'reason': 'rel_win1=71.3%（本命度） / 最有力組み合わせ確率: 0.131（推定実オッズ?10倍） / 2着集中度: 上位2艇 73.6%（補正+0.04） / 総合判定確率: 0.171 / → ヒモはやや固め。上位2艇以外を切ること', 'tenji_trigger': '展示確認: 1号艇伸び良→そのまま採用。悪→飛び組に差し替え。circle_pct上位2艇に絞り込むこと。\n展示で1号艇スタート遅め(0.199秒)確認→ヒモが荒れやすい'}",,,33.8,逃げ狙い,14.44,33.3,2,,,,,,,,,,,
2025-07-30,丸亀,8,4,野田部宏,B1,32.66,4,,7.4914,15,51,28.2,0.1351,2.6795,,,0,低,35,0,ま0%,233 43,0,29.7,0.7157,0,0,0.1176,0,0,0.1,0.2,0.2,,○,D,○,,0.4826,0.616,,0.33,S,83,0,◎1着固定 2-3着流し（5〜8点）,0.5777,"{'is_target': True, 'verdict': '点数絞り', 'max_combo_prob': 0.1313, 'est_top_odds': 10.2, 'circle_concentration': 73.6, 'eligible_count': 6, 'bet_adj': 0, 'reason': 'rel_win1=71.3%（本命度） / 最有力組み合わせ確率: 0.131（推定実オッズ?10倍） / 2着集中度: 上位2艇 73.6%（補正+0.04） / 総合判定確率: 0.171 / → ヒモはやや固め。上位2艇以外を切ること', 'tenji_trigger': '展示確認: 1号艇伸び良→そのまま採用。悪→飛び組に差し替え。circle_pct上位2艇に絞り込むこと。\n展示で1号艇スタート遅め(0.199秒)確認→ヒモが荒れやすい'}",,,33.8,逃げ狙い,14.44,33.3,2,,,,,,,,,,,
2025-07-30,丸亀,8,5,加藤奈月,B1,35.82,5,▲,2.9478,10.9,88,17.4,0.1709,3.7174,,,0,低,68,0,-,4 354,0,29.1,0.679,,,,,,0,0.2591,0.1455,,,C,◎,,0.3991,0.627,,0.33,S,83,0,◎1着固定 2-3着流し（5〜8点）,0.5777,"{'is_target': True, 'verdict': '点数絞り', 'max_combo_prob': 0.1313, 'est_top_odds': 10.2, 'circle_concentration': 73.6, 'eligible_count': 6, 'bet_adj': 0, 'reason': 'rel_win1=71.3%（本命度） / 最有力組み合わせ確率: 0.131（推定実オッズ?10倍） / 2着集中度: 上位2艇 73.6%（補正+0.04） / 総合判定確率: 0.171 / → ヒモはやや固め。上位2艇以外を切ること', 'tenji_trigger': '展示確認: 1号艇伸び良→そのまま採用。悪→飛び組に差し替え。circle_pct上位2艇に絞り込むこと。\n展示で1号艇スタート遅め(0.199秒)確認→ヒモが荒れやすい'}",,,33.8,逃げ狙い,14.44,33.3,2,,,,,,,,,,,
2025-07-30,丸亀,8,6,恵良琴美,B2,38.10,6,△,1.303,0.5,29,3.9,0.1892,3.9471,,,0,低,64,0,-,666 66,0,23.8,0.8356,,,,,,,,,,,B,△,,0.3406,0.5755,,0.33,S,83,0,◎1着固定 2-3着流し（5〜8点）,0.5777,"{'is_target': True, 'verdict': '点数絞り', 'max_combo_prob': 0.1313, 'est_top_odds': 10.2, 'circle_concentration': 73.6, 'eligible_count': 6, 'bet_adj': 0, 'reason': 'rel_win1=71.3%（本命度） / 最有力組み合わせ確率: 0.131（推定実オッズ?10倍） / 2着集中度: 上位2艇 73.6%（補正+0.04） / 総合判定確率: 0.171 / → ヒモはやや固め。上位2艇以外を切ること', 'tenji_trigger': '展示確認: 1号艇伸び良→そのまま採用。悪→飛び組に差し替え。circle_pct上位2艇に絞り込むこと。\n展示で1号艇スタート遅め(0.199秒)確認→ヒモが荒れやすい'}",,,33.8,逃げ狙い,14.44,33.3,2,,,,,,,,,,,
2025-07-30,丸亀,9,1,大廣咲季,B1,32.84,1,◎,62.8581,,0,25,0.1888,3.5625,,,0,低,81,1,逃0%,163 45,0,40.3,0.5941,0.3333,,,,,0.3333,0.3333,0,△⚠️,,C,△,,,0.543,,0.229,D,20,1,大荒れ。見送り推奨,0.5777,"{'is_target': True, 'verdict': '点数絞り', 'max_combo_prob': 0.0915, 'est_top_odds': 14.6, 'circle_concentration': 78.4, 'eligible_count': 6, 'bet_adj': 0, 'reason': 'rel_win1=62.9%（本命度） / 最有力組み合わせ確率: 0.091（推定実オッズ?15倍） / 2着集中度: 上位2艇 78.4%（補正+0.04） / 総合判定確率: 0.131 / → ヒモはやや固め。上位2艇以外を切ること', 'tenji_trigger': '展示確認: 1号艇伸び良→そのまま採用。悪→飛び組に差し替え。circle_pct上位2艇に絞り込むこと。\n展示で1号艇スタート遅め(0.189秒)確認→ヒモが荒れやすい'}",,,31.4,両建て推奨,12.3,42.8,3,3-5-4|3-4-5|3-4-6|3-5-6|3-6-4|3-4-2|3-6-5|1-2-3|1-3-4|1-3-5|1-4-3|1-2-4,3-5-4|3-4-5|3-4-6|3-5-6|3-6-4|3-4-2|3-6-5|1-2-3|1-3-4|1-3-5|1-4-3|1-2-4,3-5-4:2.72%|3-4-5:2.45%|3-4-6:2.03%|3-5-6:1.49%|3-6-4:0.83%|3-4-2:0.71%|3-6-5:0.55%|1-2-3:4.53%|1-3-4:4.46%|1-3-5:4.34%|1-4-3:3.05%|1-2-4:2.65%,3-5-4:B_main|3-4-5:B_main|3-4-6:B_main|3-5-6:B_main|3-6-4:B_main|3-4-2:B_main|3-6-5:B_main|1-2-3:A|1-3-4:A|1-3-5:A|1-4-3:A|1-2-4:A,12,12,0.4535,1,[!]見送り推奨（主役決まり手「まくり」― 逃げ劣勢レースで的中実績なし）,主役軸流し,B
2025-07-30,丸亀,9,2,田上　凜,B1,43.84,2,○,11.2719,30.7,65,20,0.224,4.6333,,,0,低,114,0,-,4 145,0,12.7,0.5379,,,,,,0,0.6667,0,,,A,,,0.0775,0.504,,0.229,D,20,1,大荒れ。見送り推奨,0.5777,"{'is_target': True, 'verdict': '点数絞り', 'max_combo_prob': 0.0915, 'est_top_odds': 14.6, 'circle_concentration': 78.4, 'eligible_count': 6, 'bet_adj': 0, 'reason': 'rel_win1=62.9%（本命度） / 最有力組み合わせ確率: 0.091（推定実オッズ?15倍） / 2着集中度: 上位2艇 78.4%（補正+0.04） / 総合判定確率: 0.131 / → ヒモはやや固め。上位2艇以外を切ること', 'tenji_trigger': '展示確認: 1号艇伸び良→そのまま採用。悪→飛び組に差し替え。circle_pct上位2艇に絞り込むこと。\n展示で1号艇スタート遅め(0.189秒)確認→ヒモが荒れやすい'}",,,31.4,両建て推奨,12.3,42.8,3,,,,,,,,,,,
2025-07-30,丸亀,9,3,魚谷香織,A2,29.63,3,△,16.1567,47.7,100,66.7,0.1633,3.2917,,,0,低,49,0,ま0%,461 22,0,79.1,1.349,0,0,0.0909,0,0,0.1382,0,0.2342,,◎,D,◎,,0.422,0.637,,0.229,D,20,1,大荒れ。見送り推奨,0.5777,"{'is_target': True, 'verdict': '点数絞り', 'max_combo_prob': 0.0915, 'est_top_odds': 14.6, 'circle_concentration': 78.4, 'eligible_count': 6, 'bet_adj': 0, 'reason': 'rel_win1=62.9%（本命度） / 最有力組み合わせ確率: 0.091（推定実オッズ?15倍） / 2着集中度: 上位2艇 78.4%（補正+0.04） / 総合判定確率: 0.131 / → ヒモはやや固め。上位2艇以外を切ること', 'tenji_trigger': '展示確認: 1号艇伸び良→そのまま採用。悪→飛び組に差し替え。circle_pct上位2艇に絞り込むこと。\n展示で1号艇スタート遅め(0.189秒)確認→ヒモが荒れやすい'}",,,31.4,両建て推奨,12.3,42.8,3,,,,,,,,,,,
2025-07-30,丸亀,9,4,三嶌ここ,B1,28.00,4,,3.7021,14.4,49,10,0.224,4.8,,,0,低,114,0,-,464 16,0,23.4,0.5462,,,,,,0.0571,0.0571,0.3143,,,E,○,,0.175,0.553,,0.229,D,20,1,大荒れ。見送り推奨,0.5777,"{'is_target': True, 'verdict': '点数絞り', 'max_combo_prob': 0.0915, 'est_top_odds': 14.6, 'circle_concentration': 78.4, 'eligible_count': 6, 'bet_adj': 0, 'reason': 'rel_win1=62.9%（本命度） / 最有力組み合わせ確率: 0.091（推定実オッズ?15倍） / 2着集中度: 上位2艇 78.4%（補正+0.04） / 総合判定確率: 0.131 / → ヒモはやや固め。上位2艇以外を切ること', 'tenji_trigger': '展示確認: 1号艇伸び良→そのまま採用。悪→飛び組に差し替え。circle_pct上位2艇に絞り込むこと。\n展示で1号艇スタート遅め(0.189秒)確認→ヒモが荒れやすい'}",,,31.4,両建て推奨,12.3,42.8,3,,,,,,,,,,,
2025-07-30,丸亀,9,5,植竹玲奈,B2,38.76,5,▲,4.681,6.5,58,10.5,0.2232,4.0526,,,0,低,67,0,-,3 463,0,16.7,0.651,,,,,,,,,,,B,△,,0.2006,0.5055,,0.229,D,20,1,大荒れ。見送り推奨,0.5777,"{'is_target': True, 'verdict': '点数絞り', 'max_combo_prob': 0.0915, 'est_top_odds': 14.6, 'circle_concentration': 78.4, 'eligible_count': 6, 'bet_adj': 0, 'reason': 'rel_win1=62.9%（本命度） / 最有力組み合わせ確率: 0.091（推定実オッズ?15倍） / 2着集中度: 上位2艇 78.4%（補正+0.04） / 総合判定確率: 0.131 / → ヒモはやや固め。上位2艇以外を切ること', 'tenji_trigger': '展示確認: 1号艇伸び良→そのまま採用。悪→飛び組に差し替え。circle_pct上位2艇に絞り込むこと。\n展示で1号艇スタート遅め(0.189秒)確認→ヒモが荒れやすい'}",,,31.4,両建て推奨,12.3,42.8,3,,,,,,,,,,,
2025-07-30,丸亀,9,6,諏訪玲奈,B2,30.39,6,,1.3302,0.7,41,4.1,0.2235,4.8265,,,0,低,49,0,-,,0,31.4,0.7622,,,,,,,,,,,D,,,0.1996,0.4185,,0.229,D,20,1,大荒れ。見送り推奨,0.5777,"{'is_target': True, 'verdict': '点数絞り', 'max_combo_prob': 0.0915, 'est_top_odds': 14.6, 'circle_concentration': 78.4, 'eligible_count': 6, 'bet_adj': 0, 'reason': 'rel_win1=62.9%（本命度） / 最有力組み合わせ確率: 0.091（推定実オッズ?15倍） / 2着集中度: 上位2艇 78.4%（補正+0.04） / 総合判定確率: 0.131 / → ヒモはやや固め。上位2艇以外を切ること', 'tenji_trigger': '展示確認: 1号艇伸び良→そのまま採用。悪→飛び組に差し替え。circle_pct上位2艇に絞り込むこと。\n展示で1号艇スタート遅め(0.189秒)確認→ヒモが荒れやすい'}",,,31.4,両建て推奨,12.3,42.8,3,,,,,,,,,,,
2025-07-30,丸亀,10,1,中村桃佳,B1,36.08,1,◎,65.9652,,0,91.3,0.1557,2.7391,,,0,低,41,0,逃1%,6 252,0,89.7,1.1832,0.4706,,,,,0.0471,0.0706,0.2706,◎,,C,○,,,0.6205,,0.5019,S,95,0,◎1着固定 2-3着流し（5〜8点）,0.5777,"{'is_target': True, 'verdict': '参加推奨', 'max_combo_prob': 0.0764, 'est_top_odds': 17.5, 'circle_concentration': 71.6, 'eligible_count': 6, 'bet_adj': 2, 'reason': 'rel_win1=66.0%（本命度） / 最有力組み合わせ確率: 0.076（推定実オッズ?18倍） / 2着集中度: 上位2艇 71.6%（補正+0.04） / 総合判定確率: 0.116 / → ヒモ分散。1号艇1着固定で広めのヒモ流し推奨（買い目+2点）', 'tenji_trigger': '展示確認: ヒモ分散レース。1号艇伸び確認後、広めのヒモ流しを採用。穴ヒモ（5・6号艇）を積極的に含める。'}",,,26.9,逃げ狙い,13.17,29,4,,,,,0,0,0.7559,0,,逃げ軸流し,A
2025-07-30,丸亀,10,2,中川りな,A2,38.81,2,▲,8.0304,38.6,100,59.3,0.1685,3.7593,,,0,低,61,0,差0%,2 5232,0,32.9,0.9597,0,0.0833,0,0,0,0,0.1429,0.0714,,,B,○,,0.1901,0.6205,,0.5019,S,95,0,◎1着固定 2-3着流し（5〜8点）,0.5777,"{'is_target': True, 'verdict': '参加推奨', 'max_combo_prob': 0.0764, 'est_top_odds': 17.5, 'circle_concentration': 71.6, 'eligible_count': 6, 'bet_adj': 2, 'reason': 'rel_win1=66.0%（本命度） / 最有力組み合わせ確率: 0.076（推定実オッズ?18倍） / 2着集中度: 上位2艇 71.6%（補正+0.04） / 総合判定確率: 0.116 / → ヒモ分散。1号艇1着固定で広めのヒモ流し推奨（買い目+2点）', 'tenji_trigger': '展示確認: ヒモ分散レース。1号艇伸び確認後、広めのヒモ流しを採用。穴ヒモ（5・6号艇）を積極的に含める。'}",,,26.9,逃げ狙い,13.17,29,4,,,,,,,,,,,
2025-07-30,丸亀,10,3,関野　文,A2,32.02,3,,10.5434,33,83,67.7,0.165,2.9706,,,0,低,58,0,-,451 64,0,30.5,0.9629,0,0,0.0526,0,0,0.0932,0.0727,0.2409,,,D,△,,0.2393,0.6135,,0.5019,S,95,0,◎1着固定 2-3着流し（5〜8点）,0.5777,"{'is_target': True, 'verdict': '参加推奨', 'max_combo_prob': 0.0764, 'est_top_odds': 17.5, 'circle_concentration': 71.6, 'eligible_count': 6, 'bet_adj': 2, 'reason': 'rel_win1=66.0%（本命度） / 最有力組み合わせ確率: 0.076（推定実オッズ?18倍） / 2着集中度: 上位2艇 71.6%（補正+0.04） / 総合判定確率: 0.116 / → ヒモ分散。1号艇1着固定で広めのヒモ流し推奨（買い目+2点）', 'tenji_trigger': '展示確認: ヒモ分散レース。1号艇伸び確認後、広めのヒモ流しを採用。穴ヒモ（5・6号艇）を積極的に含める。'}",,,26.9,逃げ狙い,13.17,29,4,,,,,,,,,,,
2025-07-30,丸亀,10,4,寺田千恵,A1,31.98,4,△,10.6072,22.5,80,61.8,0.1406,3.0735,,,0,低,54,0,-,1 2331,0,66.3,1.3089,0,0,0,0,0,0.1818,0.0909,0.0909,,,D,◎,,0.372,0.6385,,0.5019,S,95,0,◎1着固定 2-3着流し（5〜8点）,0.5777,"{'is_target': True, 'verdict': '参加推奨', 'max_combo_prob': 0.0764, 'est_top_odds': 17.5, 'circle_concentration': 71.6, 'eligible_count': 6, 'bet_adj': 2, 'reason': 'rel_win1=66.0%（本命度） / 最有力組み合わせ確率: 0.076（推定実オッズ?18倍） / 2着集中度: 上位2艇 71.6%（補正+0.04） / 総合判定確率: 0.116 / → ヒモ分散。1号艇1着固定で広めのヒモ流し推奨（買い目+2点）', 'tenji_trigger': '展示確認: ヒモ分散レース。1号艇伸び確認後、広めのヒモ流しを採用。穴ヒモ（5・6号艇）を積極的に含める。'}",,,26.9,逃げ狙い,13.17,29,4,,,,,,,,,,,
2025-07-30,丸亀,10,5,谷口佳蓮,B1,39.42,5,○,3.2805,4.2,90,25.9,0.1656,3.3889,,,0,低,45,0,-,3 235,0,87.3,1.5686,,,,,,0.1091,0,0.2727,,,B,△,,0.2785,0.5715,,0.5019,S,95,0,◎1着固定 2-3着流し（5〜8点）,0.5777,"{'is_target': True, 'verdict': '参加推奨', 'max_combo_prob': 0.0764, 'est_top_odds': 17.5, 'circle_concentration': 71.6, 'eligible_count': 6, 'bet_adj': 2, 'reason': 'rel_win1=66.0%（本命度） / 最有力組み合わせ確率: 0.076（推定実オッズ?18倍） / 2着集中度: 上位2艇 71.6%（補正+0.04） / 総合判定確率: 0.116 / → ヒモ分散。1号艇1着固定で広めのヒモ流し推奨（買い目+2点）', 'tenji_trigger': '展示確認: ヒモ分散レース。1号艇伸び確認後、広めのヒモ流しを採用。穴ヒモ（5・6号艇）を積極的に含める。'}",,,26.9,逃げ狙い,13.17,29,4,,,,,,,,,,,
2025-07-30,丸亀,10,6,濱崎寿里,B2,30.57,6,,1.5733,1.7,47,0,0.182,4.1,,,0,低,23,1,-,233 26,0,28.4,0.8622,,,,,,0.6667,0,0,,,E,,,0.2263,0.533,,0.5019,S,95,0,◎1着固定 2-3着流し（5〜8点）,0.5777,"{'is_target': True, 'verdict': '参加推奨', 'max_combo_prob': 0.0764, 'est_top_odds': 17.5, 'circle_concentration': 71.6, 'eligible_count': 6, 'bet_adj': 2, 'reason': 'rel_win1=66.0%（本命度） / 最有力組み合わせ確率: 0.076（推定実オッズ?18倍） / 2着集中度: 上位2艇 71.6%（補正+0.04） / 総合判定確率: 0.116 / → ヒモ分散。1号艇1着固定で広めのヒモ流し推奨（買い目+2点）', 'tenji_trigger': '展示確認: ヒモ分散レース。1号艇伸び確認後、広めのヒモ流しを採用。穴ヒモ（5・6号艇）を積極的に含める。'}",,,26.9,逃げ狙い,13.17,29,4,,,,,,,,,,,
2025-07-30,丸亀,11,1,鎌倉　涼,A1,35.15,1,◎,65.2871,,0,86.2,0.1562,2.9483,,,0,低,56,0,逃1%,321 42,0,88,1.1421,0.6667,,,,,0.1667,0.1667,0,◎,,C,,,,0.5705,,0.5629,A,79,0,◎-○軸 3着3〜4艇流し（10〜15点）,0.5777,"{'is_target': True, 'verdict': '点数絞り', 'max_combo_prob': 0.0868, 'est_top_odds': 15.4, 'circle_concentration': 74.8, 'eligible_count': 8, 'bet_adj': 0, 'reason': 'rel_win1=65.3%（本命度） / 最有力組み合わせ確率: 0.087（推定実オッズ?15倍） / 2着集中度: 上位2艇 74.8%（補正+0.04） / 総合判定確率: 0.127 / → ヒモはやや固め。上位2艇以外を切ること', 'tenji_trigger': '展示確認: 1号艇伸び良→そのまま採用。悪→飛び組に差し替え。circle_pct上位2艇に絞り込むこと。'}",,,28.9,逃げ狙い,16.25,32.1,3,,,,,0,0,0.7559,0,,逃げ軸流し,A
2025-07-30,丸亀,11,2,細川裕子,A1,31.71,2,,6.5028,43.5,73,61.5,0.1865,4.4615,,,0,低,59,0,-,23641,0,45.6,0.9902,,,,,,0,0,0.0833,,,D,△,,0.0775,0.6235,,0.5629,A,79,0,◎-○軸 3着3〜4艇流し（10〜15点）,0.5777,"{'is_target': True, 'verdict': '点数絞り', 'max_combo_prob': 0.0868, 'est_top_odds': 15.4, 'circle_concentration': 74.8, 'eligible_count': 8, 'bet_adj': 0, 'reason': 'rel_win1=65.3%（本命度） / 最有力組み合わせ確率: 0.087（推定実オッズ?15倍） / 2着集中度: 上位2艇 74.8%（補正+0.04） / 総合判定確率: 0.127 / → ヒモはやや固め。上位2艇以外を切ること', 'tenji_trigger': '展示確認: 1号艇伸び良→そのまま採用。悪→飛び組に差し替え。circle_pct上位2艇に絞り込むこと。'}",,,28.9,逃げ狙い,16.25,32.1,3,,,,,,,,,,,
2025-07-30,丸亀,11,3,清水愛海,A1,37.88,3,○,13.6507,31.3,82,64,0.1604,3.66,,,0,低,73,0,ま0% 差ま0%,144221,0,52.8,1.2579,0,0,0.1111,0.1111,0,0.0909,0.1818,0,,,B,◎,,0.289,0.634,,0.5629,A,79,0,◎-○軸 3着3〜4艇流し（10〜15点）,0.5777,"{'is_target': True, 'verdict': '点数絞り', 'max_combo_prob': 0.0868, 'est_top_odds': 15.4, 'circle_concentration': 74.8, 'eligible_count': 8, 'bet_adj': 0, 'reason': 'rel_win1=65.3%（本命度） / 最有力組み合わせ確率: 0.087（推定実オッズ?15倍） / 2着集中度: 上位2艇 74.8%（補正+0.04） / 総合判定確率: 0.127 / → ヒモはやや固め。上位2艇以外を切ること', 'tenji_trigger': '展示確認: 1号艇伸び良→そのまま採用。悪→飛び組に差し替え。circle_pct上位2艇に絞り込むこと。'}",,,28.9,逃げ狙い,16.25,32.1,3,,,,,,,,,,,
2025-07-30,丸亀,11,4,川野芽唯,A1,35.27,4,,9.3664,18.5,100,66.7,0.1914,4.1905,,,0,低,72,0,ま0%,152 33,0,59.9,1.3113,0,0,0.0909,0,0,0,0.0556,0.0556,,,C,○,,0.1622,0.625,,0.5629,A,79,0,◎-○軸 3着3〜4艇流し（10〜15点）,0.5777,"{'is_target': True, 'verdict': '点数絞り', 'max_combo_prob': 0.0868, 'est_top_odds': 15.4, 'circle_concentration': 74.8, 'eligible_count': 8, 'bet_adj': 0, 'reason': 'rel_win1=65.3%（本命度） / 最有力組み合わせ確率: 0.087（推定実オッズ?15倍） / 2着集中度: 上位2艇 74.8%（補正+0.04） / 総合判定確率: 0.127 / → ヒモはやや固め。上位2艇以外を切ること', 'tenji_trigger': '展示確認: 1号艇伸び良→そのまま採用。悪→飛び組に差し替え。circle_pct上位2艇に絞り込むこと。'}",,,28.9,逃げ狙い,16.25,32.1,3,,,,,,,,,,,
2025-07-30,丸亀,11,5,赤井　睦,B1,32.16,5,△,2.9179,5.6,85,29.4,0.1365,2.8529,,,0,低,24,0,-,126 24,0,30.6,0.8562,,,,,,0.1944,0.0444,0.4333,,,D,△,,0.374,0.596,,0.5629,A,79,0,◎-○軸 3着3〜4艇流し（10〜15点）,0.5777,"{'is_target': True, 'verdict': '点数絞り', 'max_combo_prob': 0.0868, 'est_top_odds': 15.4, 'circle_concentration': 74.8, 'eligible_count': 8, 'bet_adj': 0, 'reason': 'rel_win1=65.3%（本命度） / 最有力組み合わせ確率: 0.087（推定実オッズ?15倍） / 2着集中度: 上位2艇 74.8%（補正+0.04） / 総合判定確率: 0.127 / → ヒモはやや固め。上位2艇以外を切ること', 'tenji_trigger': '展示確認: 1号艇伸び良→そのまま採用。悪→飛び組に差し替え。circle_pct上位2艇に絞り込むこと。'}",,,28.9,逃げ狙い,16.25,32.1,3,,,,,,,,,,,
2025-07-30,丸亀,11,6,井上遥妃,B1,39.52,6,▲,2.275,1.1,60,26.5,0.1618,3.1618,,,0,低,34,0,-,3 634,0,29.3,1.1075,,,,,,0,0.1944,0.2389,,,B,◎,,0.2922,0.634,,0.5629,A,79,0,◎-○軸 3着3〜4艇流し（10〜15点）,0.5777,"{'is_target': True, 'verdict': '点数絞り', 'max_combo_prob': 0.0868, 'est_top_odds': 15.4, 'circle_concentration': 74.8, 'eligible_count': 8, 'bet_adj': 0, 'reason': 'rel_win1=65.3%（本命度） / 最有力組み合わせ確率: 0.087（推定実オッズ?15倍） / 2着集中度: 上位2艇 74.8%（補正+0.04） / 総合判定確率: 0.127 / → ヒモはやや固め。上位2艇以外を切ること', 'tenji_trigger': '展示確認: 1号艇伸び良→そのまま採用。悪→飛び組に差し替え。circle_pct上位2艇に絞り込むこと。'}",,,28.9,逃げ狙い,16.25,32.1,3,,,,,,,,,,,
2025-07-30,丸亀,12,1,平山智加,A1,40.80,1,◎,57.665,,0,91.4,0.1529,3.5286,,,0,低,46,0,逃0%,21311,0,95.8,1.3829,0.6364,,,,,0,0.1818,0.1818,◎,,B,○,,,0.651,,0.4702,S,87,0,◎1着固定 2-3着流し（5〜8点）,0.5777,"{'is_target': True, 'verdict': '参加推奨', 'max_combo_prob': 0.0769, 'est_top_odds': 17.3, 'circle_concentration': 59.0, 'eligible_count': 6, 'bet_adj': 2, 'reason': 'rel_win1=57.7%（本命度） / 最有力組み合わせ確率: 0.077（推定実オッズ?17倍） / 2着集中度: 上位2艇 59.0%（補正+0.00） / 総合判定確率: 0.077 / → ヒモ分散。1号艇1着固定で広めのヒモ流し推奨（買い目+2点）', 'tenji_trigger': '展示確認: ヒモ分散レース。1号艇伸び確認後、広めのヒモ流しを採用。穴ヒモ（5・6号艇）を積極的に含める。'}",,,30.5,逃げ狙い,26.15,28.3,2,,,,,0,0,0.7559,0,,逃げ軸流し,A
2025-07-30,丸亀,12,2,高憧四季,A1,30.65,2,,15.3128,22.8,100,72.4,0.169,3.6207,,,0,低,59,0,差0% ま0%,1 2612,0,49.3,1.1848,0,0.25,0.125,0,0,0,0.0769,0.0769,,,D,△,,0.194,0.62,,0.4702,S,87,0,◎1着固定 2-3着流し（5〜8点）,0.5777,"{'is_target': True, 'verdict': '参加推奨', 'max_combo_prob': 0.0769, 'est_top_odds': 17.3, 'circle_concentration': 59.0, 'eligible_count': 6, 'bet_adj': 2, 'reason': 'rel_win1=57.7%（本命度） / 最有力組み合わせ確率: 0.077（推定実オッズ?17倍） / 2着集中度: 上位2艇 59.0%（補正+0.00） / 総合判定確率: 0.077 / → ヒモ分散。1号艇1着固定で広めのヒモ流し推奨（買い目+2点）', 'tenji_trigger': '展示確認: ヒモ分散レース。1号艇伸び確認後、広めのヒモ流しを採用。穴ヒモ（5・6号艇）を積極的に含める。'}",,,30.5,逃げ狙い,26.15,28.3,2,,,,,,,,,,,
2025-07-30,丸亀,12,3,小野生奈,A1,31.16,3,▲,10.5305,36.1,53,79.2,0.14,2.5,,,0,低,35,0,差0% 差ま0%,11451,0,55.3,1.3554,0,0.0833,0,0.0833,0,0.0714,0,0.1429,,◎,D,△,,0.3574,0.625,,0.4702,S,87,0,◎1着固定 2-3着流し（5〜8点）,0.5777,"{'is_target': True, 'verdict': '参加推奨', 'max_combo_prob': 0.0769, 'est_top_odds': 17.3, 'circle_concentration': 59.0, 'eligible_count': 6, 'bet_adj': 2, 'reason': 'rel_win1=57.7%（本命度） / 最有力組み合わせ確率: 0.077（推定実オッズ?17倍） / 2着集中度: 上位2艇 59.0%（補正+0.00） / 総合判定確率: 0.077 / → ヒモ分散。1号艇1着固定で広めのヒモ流し推奨（買い目+2点）', 'tenji_trigger': '展示確認: ヒモ分散レース。1号艇伸び確認後、広めのヒモ流しを採用。穴ヒモ（5・6号艇）を積極的に含める。'}",,,30.5,逃げ狙い,26.15,28.3,2,,,,,,,,,,,
2025-07-30,丸亀,12,4,山川美由,B1,45.13,4,○,8.0686,17.4,65,77.8,0.1544,2.8333,,,0,低,16,1,-,231 13,0,43.9,1.0345,0,0,0.25,0,0,0,0,0.3333,,,A,,,0.3457,0.584,,0.4702,S,87,0,◎1着固定 2-3着流し（5〜8点）,0.5777,"{'is_target': True, 'verdict': '参加推奨', 'max_combo_prob': 0.0769, 'est_top_odds': 17.3, 'circle_concentration': 59.0, 'eligible_count': 6, 'bet_adj': 2, 'reason': 'rel_win1=57.7%（本命度） / 最有力組み合わせ確率: 0.077（推定実オッズ?17倍） / 2着集中度: 上位2艇 59.0%（補正+0.00） / 総合判定確率: 0.077 / → ヒモ分散。1号艇1着固定で広めのヒモ流し推奨（買い目+2点）', 'tenji_trigger': '展示確認: ヒモ分散レース。1号艇伸び確認後、広めのヒモ流しを採用。穴ヒモ（5・6号艇）を積極的に含める。'}",,,30.5,逃げ狙い,26.15,28.3,2,,,,,,,,,,,
2025-07-30,丸亀,12,5,松尾夏海,A1,31.88,5,△,7.2827,22,55,66.7,0.1407,2.9259,,,0,低,45,0,-,511144,0,100,2.0383,,,,,,,,,,,D,◎,,0.3438,0.684,,0.4702,S,87,0,◎1着固定 2-3着流し（5〜8点）,0.5777,"{'is_target': True, 'verdict': '参加推奨', 'max_combo_prob': 0.0769, 'est_top_odds': 17.3, 'circle_concentration': 59.0, 'eligible_count': 6, 'bet_adj': 2, 'reason': 'rel_win1=57.7%（本命度） / 最有力組み合わせ確率: 0.077（推定実オッズ?17倍） / 2着集中度: 上位2艇 59.0%（補正+0.00） / 総合判定確率: 0.077 / → ヒモ分散。1号艇1着固定で広めのヒモ流し推奨（買い目+2点）', 'tenji_trigger': '展示確認: ヒモ分散レース。1号艇伸び確認後、広めのヒモ流しを採用。穴ヒモ（5・6号艇）を積極的に含める。'}",,,30.5,逃げ狙い,26.15,28.3,2,,,,,,,,,,,
2025-07-30,丸亀,12,6,片岡恵里,A2,39.71,6,,1.1404,1.6,51,18.2,0.2086,4.2273,,,0,低,68,0,-,412 16,0,30.8,0.8511,,,,,,0,0.1429,0.1429,,,C,△,,0.135,0.62,,0.4702,S,87,0,◎1着固定 2-3着流し（5〜8点）,0.5777,"{'is_target': True, 'verdict': '参加推奨', 'max_combo_prob': 0.0769, 'est_top_odds': 17.3, 'circle_concentration': 59.0, 'eligible_count': 6, 'bet_adj': 2, 'reason': 'rel_win1=57.7%（本命度） / 最有力組み合わせ確率: 0.077（推定実オッズ?17倍） / 2着集中度: 上位2艇 59.0%（補正+0.00） / 総合判定確率: 0.077 / → ヒモ分散。1号艇1着固定で広めのヒモ流し推奨（買い目+2点）', 'tenji_trigger': '展示確認: ヒモ分散レース。1号艇伸び確認後、広めのヒモ流しを採用。穴ヒモ（5・6号艇）を積極的に含める。'}",,,30.5,逃げ狙い,26.15,28.3,2,,,,,,,,,,,
2025-08-04,丸亀,1,1,西丸敦基,B1,30.05,1,◎,63.286,,0,87.5,0.1806,3.1562,,,0,低,113,0,逃0%,,0,86.2,1.1343,0.5,,,,,0.0333,0.0667,0.3,○⚠️,,C,◎,,,0.6165,,0.4469,S,82,0,◎1着固定 2-3着流し（5〜8点）,0.5777,"{'is_target': True, 'verdict': '点数絞り', 'max_combo_prob': 0.1247, 'est_top_odds': 10.7, 'circle_concentration': 67.3, 'eligible_count': 6, 'bet_adj': 0, 'reason': 'rel_win1=63.3%（本命度） / 最有力組み合わせ確率: 0.125（推定実オッズ?11倍） / 2着集中度: 上位2艇 67.3%（補正+0.00） / 総合判定確率: 0.125 / → ヒモはやや固め。上位2艇以外を切ること', 'tenji_trigger': '展示確認: 1号艇伸び良→そのまま採用。悪→飛び組に差し替え。circle_pct上位2艇に絞り込むこと。\n展示で1号艇スタート遅め(0.181秒)確認→ヒモが荒れやすい'}",,,26.6,逃げ狙い,10.37,30.6,4,5-1-2|5-1-3|5-2-1|5-1-6|5-3-1|5-2-3|5-3-2|1-3-5|5-1-4|1-3-2|1-2-5|1-2-3,5-1-2|5-1-3|5-2-1|5-1-6|5-3-1|5-2-3|5-3-2|1-3-5|5-1-4|1-3-2|1-2-5|1-2-3,5-1-2:1.99%|5-1-3:1.65%|5-2-1:1.23%|5-1-6:1.06%|5-3-1:0.67%|5-2-3:0.32%|5-3-2:0.21%|1-3-5:5.51%|5-1-4:4.6%|1-3-2:4.45%|1-2-5:3.38%|1-2-3:3.18%,5-1-2:B_main|5-1-3:B_main|5-2-1:B_main|5-1-6:B_main|5-3-1:B_main|5-2-3:B_main|5-3-2:B_main|1-3-5:A|5-1-4:B_sc|1-3-2:A|1-2-5:A|1-2-3:A,12,12,0.4535,1,[!]見送り推奨（主役決まり手「まくり差し」― 逃げ劣勢レースで的中実績なし）,主役軸流し,B
2025-08-04,丸亀,1,2,山口修路,B1,27.14,2,,10.0244,25.2,100,44.6,0.2036,4.3304,,,0,低,181,0,差0%,,0,26.9,0.755,0,0.0952,0,0,0,0.1538,0.3077,0.1538,,,D,,,0.0911,0.527,,0.4469,S,82,0,◎1着固定 2-3着流し（5〜8点）,0.5777,"{'is_target': True, 'verdict': '点数絞り', 'max_combo_prob': 0.1247, 'est_top_odds': 10.7, 'circle_concentration': 67.3, 'eligible_count': 6, 'bet_adj': 0, 'reason': 'rel_win1=63.3%（本命度） / 最有力組み合わせ確率: 0.125（推定実オッズ?11倍） / 2着集中度: 上位2艇 67.3%（補正+0.00） / 総合判定確率: 0.125 / → ヒモはやや固め。上位2艇以外を切ること', 'tenji_trigger': '展示確認: 1号艇伸び良→そのまま採用。悪→飛び組に差し替え。circle_pct上位2艇に絞り込むこと。\n展示で1号艇スタート遅め(0.181秒)確認→ヒモが荒れやすい'}",,,26.6,逃げ狙い,10.37,30.6,4,,,,,,,,,,,
2025-08-04,丸亀,1,3,土井祥伍,B1,36.62,3,○,10.8127,42.2,60,44.4,0.1676,3.4683,,,0,低,170,0,-,,0,43.5,0.9296,0,0,0.037,0,0.0741,0,0.3556,0.1667,,,B,△,,0.3461,0.578,,0.4469,S,82,0,◎1着固定 2-3着流し（5〜8点）,0.5777,"{'is_target': True, 'verdict': '点数絞り', 'max_combo_prob': 0.1247, 'est_top_odds': 10.7, 'circle_concentration': 67.3, 'eligible_count': 6, 'bet_adj': 0, 'reason': 'rel_win1=63.3%（本命度） / 最有力組み合わせ確率: 0.125（推定実オッズ?11倍） / 2着集中度: 上位2艇 67.3%（補正+0.00） / 総合判定確率: 0.125 / → ヒモはやや固め。上位2艇以外を切ること', 'tenji_trigger': '展示確認: 1号艇伸び良→そのまま採用。悪→飛び組に差し替え。circle_pct上位2艇に絞り込むこと。\n展示で1号艇スタート遅め(0.181秒)確認→ヒモが荒れやすい'}",,,26.6,逃げ狙い,10.37,30.6,4,,,,,,,,,,,
2025-08-04,丸亀,1,4,山川波乙,B1,31.55,4,▲,7.3521,15.5,50,17.4,0.2022,4.087,,,0,低,59,0,-,,0,22.6,0.6455,,,,,,0.0714,0.2857,0.0714,,,C,△,,0.2298,0.5385,,0.4469,S,82,0,◎1着固定 2-3着流し（5〜8点）,0.5777,"{'is_target': True, 'verdict': '点数絞り', 'max_combo_prob': 0.1247, 'est_top_odds': 10.7, 'circle_concentration': 67.3, 'eligible_count': 6, 'bet_adj': 0, 'reason': 'rel_win1=63.3%（本命度） / 最有力組み合わせ確率: 0.125（推定実オッズ?11倍） / 2着集中度: 上位2艇 67.3%（補正+0.00） / 総合判定確率: 0.125 / → ヒモはやや固め。上位2艇以外を切ること', 'tenji_trigger': '展示確認: 1号艇伸び良→そのまま採用。悪→飛び組に差し替え。circle_pct上位2艇に絞り込むこと。\n展示で1号艇スタート遅め(0.181秒)確認→ヒモが荒れやすい'}",,,26.6,逃げ狙い,10.37,30.6,4,,,,,,,,,,,
2025-08-04,丸亀,1,5,堤　啓輔,B1,27.84,5,△,7.2266,16.8,51,33.3,0.1676,3.6333,,,0,低,112,0,差ま0%,,0,62,1.0852,0,0,0,0.1429,0,0.1867,0.1867,0.2089,,,D,○,,0.3471,0.616,,0.4469,S,82,0,◎1着固定 2-3着流し（5〜8点）,0.5777,"{'is_target': True, 'verdict': '点数絞り', 'max_combo_prob': 0.1247, 'est_top_odds': 10.7, 'circle_concentration': 67.3, 'eligible_count': 6, 'bet_adj': 0, 'reason': 'rel_win1=63.3%（本命度） / 最有力組み合わせ確率: 0.125（推定実オッズ?11倍） / 2着集中度: 上位2艇 67.3%（補正+0.00） / 総合判定確率: 0.125 / → ヒモはやや固め。上位2艇以外を切ること', 'tenji_trigger': '展示確認: 1号艇伸び良→そのまま採用。悪→飛び組に差し替え。circle_pct上位2艇に絞り込むこと。\n展示で1号艇スタート遅め(0.181秒)確認→ヒモが荒れやすい'}",,,26.6,逃げ狙い,10.37,30.6,4,,,,,,,,,,,
2025-08-04,丸亀,1,6,西田和加,B2,31.94,6,,1.2981,0.4,13,0,0.2248,4.9516,,,0,低,88,0,-,,0,21.5,0.6172,,,,,,0.4,0.4,0.2,,,C,,,0.1699,0.431,,0.4469,S,82,0,◎1着固定 2-3着流し（5〜8点）,0.5777,"{'is_target': True, 'verdict': '点数絞り', 'max_combo_prob': 0.1247, 'est_top_odds': 10.7, 'circle_concentration': 67.3, 'eligible_count': 6, 'bet_adj': 0, 'reason': 'rel_win1=63.3%（本命度） / 最有力組み合わせ確率: 0.125（推定実オッズ?11倍） / 2着集中度: 上位2艇 67.3%（補正+0.00） / 総合判定確率: 0.125 / → ヒモはやや固め。上位2艇以外を切ること', 'tenji_trigger': '展示確認: 1号艇伸び良→そのまま採用。悪→飛び組に差し替え。circle_pct上位2艇に絞り込むこと。\n展示で1号艇スタート遅め(0.181秒)確認→ヒモが荒れやすい'}",,,26.6,逃げ狙い,10.37,30.6,4,,,,,,,,,,,
2025-08-04,丸亀,2,1,加藤　綾,B1,44.16,1,◎,57.0884,,0,87,0.1552,2.3913,,,0,低,80,0,逃0%,,0,79,1.1187,0.4286,,,,,0.0857,0.2571,0.4571,◎,,B,,,,0.5595,,0.5507,S,83,0,◎1着固定 2-3着流し（5〜8点）,0.5777,"{'is_target': True, 'verdict': '参加推奨', 'max_combo_prob': 0.0599, 'est_top_odds': 22.3, 'circle_concentration': 65.0, 'eligible_count': 6, 'bet_adj': 2, 'reason': 'rel_win1=57.1%（本命度） / 最有力組み合わせ確率: 0.060（推定実オッズ?22倍） / 2着集中度: 上位2艇 65.0%（補正+0.00） / 総合判定確率: 0.060 / → ヒモ分散。1号艇1着固定で広めのヒモ流し推奨（買い目+2点）', 'tenji_trigger': '展示確認: ヒモ分散レース。1号艇伸び確認後、広めのヒモ流しを採用。穴ヒモ（5・6号艇）を積極的に含める。'}",,,25.3,逃げ狙い,14.79,37.3,4,,,,,0,0,0.7559,0,,逃げ軸流し,A
2025-08-04,丸亀,2,2,伊藤喜智,B1,33.01,2,,11.7963,29.7,91,54.5,0.2002,4.5,,,0,低,184,0,-,,0,40.1,1.0541,0,0.0741,0.037,0,0.037,0.2075,0.1379,0.0174,,,D,◎,,0.0645,0.646,,0.5507,S,83,0,◎1着固定 2-3着流し（5〜8点）,0.5777,"{'is_target': True, 'verdict': '参加推奨', 'max_combo_prob': 0.0599, 'est_top_odds': 22.3, 'circle_concentration': 65.0, 'eligible_count': 6, 'bet_adj': 2, 'reason': 'rel_win1=57.1%（本命度） / 最有力組み合わせ確率: 0.060（推定実オッズ?22倍） / 2着集中度: 上位2艇 65.0%（補正+0.00） / 総合判定確率: 0.060 / → ヒモ分散。1号艇1着固定で広めのヒモ流し推奨（買い目+2点）', 'tenji_trigger': '展示確認: ヒモ分散レース。1号艇伸び確認後、広めのヒモ流しを採用。穴ヒモ（5・6号艇）を積極的に含める。'}",,,25.3,逃げ狙い,14.79,37.3,4,,,,,,,,,,,
2025-08-04,丸亀,2,3,山崎義明,B1,34.15,3,▲,14.1804,35.4,92,63.2,0.1516,3.0515,,,0,低,95,0,ま0%,,0,27.3,0.8917,0,0,0.08,0,0,0.0833,0.3571,0.2714,,,D,○,,0.3118,0.6385,,0.5507,S,83,0,◎1着固定 2-3着流し（5〜8点）,0.5777,"{'is_target': True, 'verdict': '参加推奨', 'max_combo_prob': 0.0599, 'est_top_odds': 22.3, 'circle_concentration': 65.0, 'eligible_count': 6, 'bet_adj': 2, 'reason': 'rel_win1=57.1%（本命度） / 最有力組み合わせ確率: 0.060（推定実オッズ?22倍） / 2着集中度: 上位2艇 65.0%（補正+0.00） / 総合判定確率: 0.060 / → ヒモ分散。1号艇1着固定で広めのヒモ流し推奨（買い目+2点）', 'tenji_trigger': '展示確認: ヒモ分散レース。1号艇伸び確認後、広めのヒモ流しを採用。穴ヒモ（5・6号艇）を積極的に含める。'}",,,25.3,逃げ狙い,14.79,37.3,4,,,,,,,,,,,
2025-08-04,丸亀,2,4,國分将太,B1,48.29,4,○,7.3256,11.8,100,41.3,0.1728,3.6413,,,0,低,111,0,-,,0,35.8,0.9106,,,,,,0,0.6154,0,,,A,,,0.2439,0.585,,0.5507,S,83,0,◎1着固定 2-3着流し（5〜8点）,0.5777,"{'is_target': True, 'verdict': '参加推奨', 'max_combo_prob': 0.0599, 'est_top_odds': 22.3, 'circle_concentration': 65.0, 'eligible_count': 6, 'bet_adj': 2, 'reason': 'rel_win1=57.1%（本命度） / 最有力組み合わせ確率: 0.060（推定実オッズ?22倍） / 2着集中度: 上位2艇 65.0%（補正+0.00） / 総合判定確率: 0.060 / → ヒモ分散。1号艇1着固定で広めのヒモ流し推奨（買い目+2点）', 'tenji_trigger': '展示確認: ヒモ分散レース。1号艇伸び確認後、広めのヒモ流しを採用。穴ヒモ（5・6号艇）を積極的に含める。'}",,,25.3,逃げ狙い,14.79,37.3,4,,,,,,,,,,,
2025-08-04,丸亀,2,5,小池礼乃,A2,33.33,5,,2.9034,14.7,80,34.5,0.1872,3.4138,,,0,低,61,0,-,,0,34.1,0.976,,,,,,0.29,0.22,0,,,D,△,,0.2082,0.612,,0.5507,S,83,0,◎1着固定 2-3着流し（5〜8点）,0.5777,"{'is_target': True, 'verdict': '参加推奨', 'max_combo_prob': 0.0599, 'est_top_odds': 22.3, 'circle_concentration': 65.0, 'eligible_count': 6, 'bet_adj': 2, 'reason': 'rel_win1=57.1%（本命度） / 最有力組み合わせ確率: 0.060（推定実オッズ?22倍） / 2着集中度: 上位2艇 65.0%（補正+0.00） / 総合判定確率: 0.060 / → ヒモ分散。1号艇1着固定で広めのヒモ流し推奨（買い目+2点）', 'tenji_trigger': '展示確認: ヒモ分散レース。1号艇伸び確認後、広めのヒモ流しを採用。穴ヒモ（5・6号艇）を積極的に含める。'}",,,25.3,逃げ狙い,14.79,37.3,4,,,,,,,,,,,
2025-08-04,丸亀,2,6,吉田凌太,A1,37.16,6,△,6.7059,8.5,66,40.8,0.1571,3.1837,,,0,低,100,0,差ま0%,,0,92.2,1.8269,0,0,0,0.125,0,0,0.0526,0.0316,,,C,△,,0.2964,0.6095,,0.5507,S,83,0,◎1着固定 2-3着流し（5〜8点）,0.5777,"{'is_target': True, 'verdict': '参加推奨', 'max_combo_prob': 0.0599, 'est_top_odds': 22.3, 'circle_concentration': 65.0, 'eligible_count': 6, 'bet_adj': 2, 'reason': 'rel_win1=57.1%（本命度） / 最有力組み合わせ確率: 0.060（推定実オッズ?22倍） / 2着集中度: 上位2艇 65.0%（補正+0.00） / 総合判定確率: 0.060 / → ヒモ分散。1号艇1着固定で広めのヒモ流し推奨（買い目+2点）', 'tenji_trigger': '展示確認: ヒモ分散レース。1号艇伸び確認後、広めのヒモ流しを採用。穴ヒモ（5・6号艇）を積極的に含める。'}",,,25.3,逃げ狙い,14.79,37.3,4,,,,,,,,,,,
2025-08-04,丸亀,3,1,楠原正剛,B1,32.69,1,◎,53.3115,,0,79.4,0.1406,2.2794,,,0,低,109,0,逃0%,,0,77.1,1.0256,0.2353,,,,,0.2206,0.0706,0.3706,◎,,D,,,,0.6025,,0.5524,A,74,0,◎-○軸 3着3〜4艇流し（10〜15点）,0.5777,"{'is_target': True, 'verdict': '参加推奨', 'max_combo_prob': 0.0612, 'est_top_odds': 21.8, 'circle_concentration': 67.7, 'eligible_count': 8, 'bet_adj': 2, 'reason': 'rel_win1=53.3%（本命度） / 最有力組み合わせ確率: 0.061（推定実オッズ?22倍） / 2着集中度: 上位2艇 67.7%（補正+0.00） / 総合判定確率: 0.061 / → ヒモ分散。1号艇1着固定で広めのヒモ流し推奨（買い目+2点）', 'tenji_trigger': '展示確認: ヒモ分散レース。1号艇伸び確認後、広めのヒモ流しを採用。穴ヒモ（5・6号艇）を積極的に含める。'}",,,28.7,逃げ狙い,13.06,34.3,4,,,,,0,0,0.7559,0,,逃げ軸流し,A
2025-08-04,丸亀,3,2,小野信樹,B1,28.57,2,,8.203,21.5,84,26.7,0.1718,3.7417,,,0,低,119,0,-,,0,76.1,0.5462,0,0.0385,0,0,0,0.1533,0.3067,0.1867,,,E,◎,,0.0901,0.676,,0.5524,A,74,0,◎-○軸 3着3〜4艇流し（10〜15点）,0.5777,"{'is_target': True, 'verdict': '参加推奨', 'max_combo_prob': 0.0612, 'est_top_odds': 21.8, 'circle_concentration': 67.7, 'eligible_count': 8, 'bet_adj': 2, 'reason': 'rel_win1=53.3%（本命度） / 最有力組み合わせ確率: 0.061（推定実オッズ?22倍） / 2着集中度: 上位2艇 67.7%（補正+0.00） / 総合判定確率: 0.061 / → ヒモ分散。1号艇1着固定で広めのヒモ流し推奨（買い目+2点）', 'tenji_trigger': '展示確認: ヒモ分散レース。1号艇伸び確認後、広めのヒモ流しを採用。穴ヒモ（5・6号艇）を積極的に含める。'}",,,28.7,逃げ狙い,13.06,34.3,4,,,,,,,,,,,
2025-08-04,丸亀,3,3,村越　篤,B1,39.15,3,▲,15.5324,31.9,90,53.6,0.1667,3.2681,,,0,低,142,0,ま0% 抜0%,,0,47.4,1.0085,0,0,0.0417,0.0417,0.0417,0.2516,0.0129,0.0774,,,B,○,,0.1775,0.667,,0.5524,A,74,0,◎-○軸 3着3〜4艇流し（10〜15点）,0.5777,"{'is_target': True, 'verdict': '参加推奨', 'max_combo_prob': 0.0612, 'est_top_odds': 21.8, 'circle_concentration': 67.7, 'eligible_count': 8, 'bet_adj': 2, 'reason': 'rel_win1=53.3%（本命度） / 最有力組み合わせ確率: 0.061（推定実オッズ?22倍） / 2着集中度: 上位2艇 67.7%（補正+0.00） / 総合判定確率: 0.061 / → ヒモ分散。1号艇1着固定で広めのヒモ流し推奨（買い目+2点）', 'tenji_trigger': '展示確認: ヒモ分散レース。1号艇伸び確認後、広めのヒモ流しを採用。穴ヒモ（5・6号艇）を積極的に含める。'}",,,28.7,逃げ狙い,13.06,34.3,4,,,,,,,,,,,
2025-08-04,丸亀,3,4,谷津幸宏,A1,39.61,4,○,17.3907,35.8,75,59.7,0.1286,2.5208,,,0,低,52,0,-,,0,89.1,1.5806,0,0.0312,0.0938,0.0312,0,0.0476,0.0714,0.119,,,B,△,◎,0.3579,0.6535,0.4506,0.5524,A,74,0,◎-○軸 3着3〜4艇流し（10〜15点）,0.5777,"{'is_target': True, 'verdict': '参加推奨', 'max_combo_prob': 0.0612, 'est_top_odds': 21.8, 'circle_concentration': 67.7, 'eligible_count': 8, 'bet_adj': 2, 'reason': 'rel_win1=53.3%（本命度） / 最有力組み合わせ確率: 0.061（推定実オッズ?22倍） / 2着集中度: 上位2艇 67.7%（補正+0.00） / 総合判定確率: 0.061 / → ヒモ分散。1号艇1着固定で広めのヒモ流し推奨（買い目+2点）', 'tenji_trigger': '展示確認: ヒモ分散レース。1号艇伸び確認後、広めのヒモ流しを採用。穴ヒモ（5・6号艇）を積極的に含める。'}",,,28.7,逃げ狙い,13.06,34.3,4,,,,,,,,,,,
2025-08-04,丸亀,3,5,水野望美,B1,33.01,5,△,3.5247,5.5,100,25,0.1728,3.5781,,,0,低,63,0,-,,0,27.1,1.3567,,,,,,0,0.1,0,,,C,,,0.2197,0.6245,,0.5524,A,74,0,◎-○軸 3着3〜4艇流し（10〜15点）,0.5777,"{'is_target': True, 'verdict': '参加推奨', 'max_combo_prob': 0.0612, 'est_top_odds': 21.8, 'circle_concentration': 67.7, 'eligible_count': 8, 'bet_adj': 2, 'reason': 'rel_win1=53.3%（本命度） / 最有力組み合わせ確率: 0.061（推定実オッズ?22倍） / 2着集中度: 上位2艇 67.7%（補正+0.00） / 総合判定確率: 0.061 / → ヒモ分散。1号艇1着固定で広めのヒモ流し推奨（買い目+2点）', 'tenji_trigger': '展示確認: ヒモ分散レース。1号艇伸び確認後、広めのヒモ流しを採用。穴ヒモ（5・6号艇）を積極的に含める。'}",,,28.7,逃げ狙い,13.06,34.3,4,,,,,,,,,,,
2025-08-04,丸亀,3,6,南　佑典,A2,32.71,6,,2.0379,5.3,38,24.6,0.2063,4.5439,,,0,低,162,0,-,,0,27.1,0.4328,,,,,,0.0138,0.2161,0.0552,,,D,△,,0.1456,0.6305,,0.5524,A,74,0,◎-○軸 3着3〜4艇流し（10〜15点）,0.5777,"{'is_target': True, 'verdict': '参加推奨', 'max_combo_prob': 0.0612, 'est_top_odds': 21.8, 'circle_concentration': 67.7, 'eligible_count': 8, 'bet_adj': 2, 'reason': 'rel_win1=53.3%（本命度） / 最有力組み合わせ確率: 0.061（推定実オッズ?22倍） / 2着集中度: 上位2艇 67.7%（補正+0.00） / 総合判定確率: 0.061 / → ヒモ分散。1号艇1着固定で広めのヒモ流し推奨（買い目+2点）', 'tenji_trigger': '展示確認: ヒモ分散レース。1号艇伸び確認後、広めのヒモ流しを採用。穴ヒモ（5・6号艇）を積極的に含める。'}",,,28.7,逃げ狙い,13.06,34.3,4,,,,,,,,,,,
2025-08-04,丸亀,4,1,横井健太,B1,32.54,1,○,43.4168,,0,48.9,0.164,3.4574,,,0,低,172,0,逃0%,,0,28.4,0.6726,0.0526,,,,,0.0842,0.5553,0.3184,△,,D,,,,0.6205,,0.2028,C,37,0,荒れ傾向。高配当狙いか見送り,0.5777,"{'is_target': False, 'verdict': '対象外', 'max_combo_prob': None, 'est_top_odds': None, 'circle_concentration': None, 'eligible_count': 0, 'bet_adj': 0, 'reason': '1号艇rel_win1 < 45%: 通常判定に委ねる', 'tenji_trigger': ''}",,,36.4,両建て推奨,13.54,41.5,3,2-1-3|1-2-6|1-2-5|1-3-6|1-3-5|1-3-2,4-5-6|6-1-4|6-1-3|6-1-5|4-6-5|2-1-3|6-4-1|1-2-6|1-2-5|1-3-6|1-3-5|1-3-2,2-1-3:2.01%|1-2-6:9.56%|1-2-5:9.1%|1-3-6:4.86%|1-3-5:4.62%|1-3-2:4.61%,2-1-3:B_main|1-2-6:A|1-2-5:A|1-3-6:A|1-3-5:A|1-3-2:A,6,12,0.4535,1,[!]見送り推奨（主役決まり手「差し」― 逃げ劣勢レースで的中実績なし）,荒れ広め,D
2025-08-04,丸亀,4,2,小原聡将,A2,46.12,2,◎,22.8453,56.1,54,70.2,0.1296,2.7979,,,0,低,70,0,差0%,,0,54.9,1.2416,0,0.1667,0,0,0,0.0705,0.2051,0.016,,◎,A,◎,,0.6014,0.67,,0.2028,C,37,0,荒れ傾向。高配当狙いか見送り,0.5777,"{'is_target': False, 'verdict': '対象外', 'max_combo_prob': None, 'est_top_odds': None, 'circle_concentration': None, 'eligible_count': 0, 'bet_adj': 0, 'reason': '1号艇rel_win1 < 45%: 通常判定に委ねる', 'tenji_trigger': ''}",,,36.4,両建て推奨,13.54,41.5,3,,,,,,,,,,,
2025-08-04,丸亀,4,3,梶山涼斗,B1,30.58,3,,11.9548,15.1,88,46.3,0.1411,2.6481,,,0,低,51,0,-,,0,30,0.9598,,,,,,0,0.0941,0.1671,,△,E,△,,0.4777,0.624,,0.2028,C,37,0,荒れ傾向。高配当狙いか見送り,0.5777,"{'is_target': False, 'verdict': '対象外', 'max_combo_prob': None, 'est_top_odds': None, 'circle_concentration': None, 'eligible_count': 0, 'bet_adj': 0, 'reason': '1号艇rel_win1 < 45%: 通常判定に委ねる', 'tenji_trigger': ''}",,,36.4,両建て推奨,13.54,41.5,3,,,,,,,,,,,
2025-08-04,丸亀,4,4,山田和佐,B1,38.99,4,△,10.848,9.5,94,41.2,0.1904,3.9216,,,0,低,130,0,-,,0,35.6,1.0285,0,0,0.0333,0,0.0333,0.1769,0.0308,0.1923,,,C,,,0.2613,0.5895,,0.2028,C,37,0,荒れ傾向。高配当狙いか見送り,0.5777,"{'is_target': False, 'verdict': '対象外', 'max_combo_prob': None, 'est_top_odds': None, 'circle_concentration': None, 'eligible_count': 0, 'bet_adj': 0, 'reason': '1号艇rel_win1 < 45%: 通常判定に委ねる', 'tenji_trigger': ''}",,,36.4,両建て推奨,13.54,41.5,3,,,,,,,,,,,
2025-08-04,丸亀,4,5,妹尾忠幸,A2,37.75,5,,7.6552,11.8,100,54.1,0.1585,3.4672,,,0,低,119,0,差ま0%,,0,73.7,1.499,0,0,0,0.0435,0,0.0108,0.3328,0.1398,,,C,○,,0.3853,0.659,,0.2028,C,37,0,荒れ傾向。高配当狙いか見送り,0.5777,"{'is_target': False, 'verdict': '対象外', 'max_combo_prob': None, 'est_top_odds': None, 'circle_concentration': None, 'eligible_count': 0, 'bet_adj': 0, 'reason': '1号艇rel_win1 < 45%: 通常判定に委ねる', 'tenji_trigger': ''}",,,36.4,両建て推奨,13.54,41.5,3,,,,,,,,,,,
2025-08-04,丸亀,4,6,石倉洋行,A1,40.29,6,▲,3.2798,7.4,73,40.8,0.13,2.6429,,,0,低,50,0,-,,0,96.3,1.9947,0,0,0.0455,0,0,0.0125,0.2,0.0125,,○,B,△,,0.4797,0.636,,0.2028,C,37,0,荒れ傾向。高配当狙いか見送り,0.5777,"{'is_target': False, 'verdict': '対象外', 'max_combo_prob': None, 'est_top_odds': None, 'circle_concentration': None, 'eligible_count': 0, 'bet_adj': 0, 'reason': '1号艇rel_win1 < 45%: 通常判定に委ねる', 'tenji_trigger': ''}",,,36.4,両建て推奨,13.54,41.5,3,,,,,,,,,,,
2025-08-04,丸亀,5,1,新田智彰,B1,39.71,1,◎,49.3022,,0,82.3,0.1381,2.6618,,,0,低,135,0,逃0%,,0,67.2,1.0278,0.4815,,,,,0.0593,0.3437,0.1644,◎,,B,○,,,0.625,,0.5542,A,70,0,◎-○軸 3着3〜4艇流し（10〜15点）,0.5777,"{'is_target': True, 'verdict': '参加推奨', 'max_combo_prob': 0.0573, 'est_top_odds': 23.3, 'circle_concentration': 58.5, 'eligible_count': 8, 'bet_adj': 2, 'reason': 'rel_win1=49.3%（本命度） / 最有力組み合わせ確率: 0.057（推定実オッズ?23倍） / 2着集中度: 上位2艇 58.5%（補正+0.00） / 総合判定確率: 0.057 / → ヒモ分散。1号艇1着固定で広めのヒモ流し推奨（買い目+2点）', 'tenji_trigger': '展示確認: ヒモ分散レース。1号艇伸び確認後、広めのヒモ流しを採用。穴ヒモ（5・6号艇）を積極的に含める。\n展示で1号艇スタート超安定(0.138秒)→ヒモ固まり方向に注意'}",,,29.5,逃げ狙い,17.31,32.9,3,,,,,0,0,0.7559,0,,逃げ軸流し,A
2025-08-04,丸亀,5,2,荒牧凪沙,B1,40.64,2,○,12.5299,24.2,67,44.7,0.1536,3.0106,,,0,低,117,0,-,,0,100,0.6024,0,0.0526,0,0,0,0.0571,0.2857,0.2571,,,B,,,0.1644,0.5875,,0.5542,A,70,0,◎-○軸 3着3〜4艇流し（10〜15点）,0.5777,"{'is_target': True, 'verdict': '参加推奨', 'max_combo_prob': 0.0573, 'est_top_odds': 23.3, 'circle_concentration': 58.5, 'eligible_count': 8, 'bet_adj': 2, 'reason': 'rel_win1=49.3%（本命度） / 最有力組み合わせ確率: 0.057（推定実オッズ?23倍） / 2着集中度: 上位2艇 58.5%（補正+0.00） / 総合判定確率: 0.057 / → ヒモ分散。1号艇1着固定で広めのヒモ流し推奨（買い目+2点）', 'tenji_trigger': '展示確認: ヒモ分散レース。1号艇伸び確認後、広めのヒモ流しを採用。穴ヒモ（5・6号艇）を積極的に含める。\n展示で1号艇スタート超安定(0.138秒)→ヒモ固まり方向に注意'}",,,29.5,逃げ狙い,17.31,32.9,3,,,,,,,,,,,
2025-08-04,丸亀,5,3,天野友和,A2,35.24,3,▲,13.5116,29.4,79,67.7,0.1471,2.7868,,,0,低,104,0,ま0% 差ま0%,,0,55,1.2929,0,0,0.0909,0.0303,0,0.2341,0.1416,0.0216,,,C,◎,,0.2866,0.6795,,0.5542,A,70,0,◎-○軸 3着3〜4艇流し（10〜15点）,0.5777,"{'is_target': True, 'verdict': '参加推奨', 'max_combo_prob': 0.0573, 'est_top_odds': 23.3, 'circle_concentration': 58.5, 'eligible_count': 8, 'bet_adj': 2, 'reason': 'rel_win1=49.3%（本命度） / 最有力組み合わせ確率: 0.057（推定実オッズ?23倍） / 2着集中度: 上位2艇 58.5%（補正+0.00） / 総合判定確率: 0.057 / → ヒモ分散。1号艇1着固定で広めのヒモ流し推奨（買い目+2点）', 'tenji_trigger': '展示確認: ヒモ分散レース。1号艇伸び確認後、広めのヒモ流しを採用。穴ヒモ（5・6号艇）を積極的に含める。\n展示で1号艇スタート超安定(0.138秒)→ヒモ固まり方向に注意'}",,,29.5,逃げ狙い,17.31,32.9,3,,,,,,,,,,,
2025-08-04,丸亀,5,4,平田健之,A2,31.22,4,△,11.9873,29.1,44,63.9,0.1493,2.8542,,,0,低,124,0,差0% ま0% 差ま0%,,0,66.4,1.3723,0,0.0345,0.0345,0.0345,0,0.1375,0.025,0.125,,,D,△,◎,0.2938,0.6155,0.4465,0.5542,A,70,0,◎-○軸 3着3〜4艇流し（10〜15点）,0.5777,"{'is_target': True, 'verdict': '参加推奨', 'max_combo_prob': 0.0573, 'est_top_odds': 23.3, 'circle_concentration': 58.5, 'eligible_count': 8, 'bet_adj': 2, 'reason': 'rel_win1=49.3%（本命度） / 最有力組み合わせ確率: 0.057（推定実オッズ?23倍） / 2着集中度: 上位2艇 58.5%（補正+0.00） / 総合判定確率: 0.057 / → ヒモ分散。1号艇1着固定で広めのヒモ流し推奨（買い目+2点）', 'tenji_trigger': '展示確認: ヒモ分散レース。1号艇伸び確認後、広めのヒモ流しを採用。穴ヒモ（5・6号艇）を積極的に含める。\n展示で1号艇スタート超安定(0.138秒)→ヒモ固まり方向に注意'}",,,29.5,逃げ狙い,17.31,32.9,3,,,,,,,,,,,
2025-08-04,丸亀,5,5,上平真二,A1,30.10,5,,11.7026,16.5,100,84.6,0.1746,4.0962,,,0,低,81,0,差0% 差ま0%,,0,29.2,2.3717,0,0.0769,0,0.0769,0,0.1533,0.0333,0,,,D,△,,0.2295,0.6155,,0.5542,A,70,0,◎-○軸 3着3〜4艇流し（10〜15点）,0.5777,"{'is_target': True, 'verdict': '参加推奨', 'max_combo_prob': 0.0573, 'est_top_odds': 23.3, 'circle_concentration': 58.5, 'eligible_count': 8, 'bet_adj': 2, 'reason': 'rel_win1=49.3%（本命度） / 最有力組み合わせ確率: 0.057（推定実オッズ?23倍） / 2着集中度: 上位2艇 58.5%（補正+0.00） / 総合判定確率: 0.057 / → ヒモ分散。1号艇1着固定で広めのヒモ流し推奨（買い目+2点）', 'tenji_trigger': '展示確認: ヒモ分散レース。1号艇伸び確認後、広めのヒモ流しを採用。穴ヒモ（5・6号艇）を積極的に含める。\n展示で1号艇スタート超安定(0.138秒)→ヒモ固まり方向に注意'}",,,29.5,逃げ狙い,17.31,32.9,3,,,,,,,,,,,
2025-08-04,丸亀,5,6,坂井康嗣,B1,25.81,6,,0.9664,0.8,42,12.5,0.2045,4.6625,,,0,低,168,0,-,,0,40.9,1.0278,,,,,,0.28,0.32,0.32,,,E,△,,0.189,0.607,,0.5542,A,70,0,◎-○軸 3着3〜4艇流し（10〜15点）,0.5777,"{'is_target': True, 'verdict': '参加推奨', 'max_combo_prob': 0.0573, 'est_top_odds': 23.3, 'circle_concentration': 58.5, 'eligible_count': 8, 'bet_adj': 2, 'reason': 'rel_win1=49.3%（本命度） / 最有力組み合わせ確率: 0.057（推定実オッズ?23倍） / 2着集中度: 上位2艇 58.5%（補正+0.00） / 総合判定確率: 0.057 / → ヒモ分散。1号艇1着固定で広めのヒモ流し推奨（買い目+2点）', 'tenji_trigger': '展示確認: ヒモ分散レース。1号艇伸び確認後、広めのヒモ流しを採用。穴ヒモ（5・6号艇）を積極的に含める。\n展示で1号艇スタート超安定(0.138秒)→ヒモ固まり方向に注意'}",,,29.5,逃げ狙い,17.31,32.9,3,,,,,,,,,,,
2025-08-04,丸亀,6,1,森安弘雅,A2,42.45,1,◎,51.696,,0,78.2,0.1765,3.4727,,,0,低,178,0,抜0%,,0,68.5,1.1088,0.3333,,,,,0.0167,0.1833,0.2,△,,B,△,,,0.6065,,0.3066,A,66,0,◎-○軸 3着3〜4艇流し（10〜15点）,0.5777,"{'is_target': True, 'verdict': '参加推奨', 'max_combo_prob': 0.0624, 'est_top_odds': 21.4, 'circle_concentration': 68.1, 'eligible_count': 8, 'bet_adj': 2, 'reason': 'rel_win1=51.7%（本命度） / 最有力組み合わせ確率: 0.062（推定実オッズ?21倍） / 2着集中度: 上位2艇 68.1%（補正+0.00） / 総合判定確率: 0.062 / → ヒモ分散。1号艇1着固定で広めのヒモ流し推奨（買い目+2点）', 'tenji_trigger': '展示確認: ヒモ分散レース。1号艇伸び確認後、広めのヒモ流しを採用。穴ヒモ（5・6号艇）を積極的に含める。'}",,,27.7,逃げ狙い,15.14,29.8,2,5-1-6|1-2-5|1-2-6|1-3-5|1-2-4|1-3-6,3-1-6|6-1-2|5-1-6|3-2-6|3-1-2|3-2-1|6-1-4|1-2-5|1-2-6|1-3-5|1-2-4|1-3-6,5-1-6:2.64%|1-2-5:8.08%|1-2-6:7.12%|1-3-5:6.48%|1-2-4:6.04%|1-3-6:5.71%,5-1-6:B_main|1-2-5:A|1-2-6:A|1-3-5:A|1-2-4:A|1-3-6:A,6,12,0.4535,1,[!]見送り推奨（主役決まり手「まくり差し」― 逃げ劣勢レースで的中実績なし）,荒れ広め,D
2025-08-04,丸亀,6,2,堤　啓輔,B1,27.84,2,,12.776,39.5,70,59.7,0.1672,3.5,,,0,低,112,0,差0% ま0%,,0,38.2,0.9788,0,0.087,0.0435,0,0,0.1867,0.1867,0.2089,,○,D,○,,0.413,0.616,,0.3066,A,66,0,◎-○軸 3着3〜4艇流し（10〜15点）,0.5777,"{'is_target': True, 'verdict': '参加推奨', 'max_combo_prob': 0.0624, 'est_top_odds': 21.4, 'circle_concentration': 68.1, 'eligible_count': 8, 'bet_adj': 2, 'reason': 'rel_win1=51.7%（本命度） / 最有力組み合わせ確率: 0.062（推定実オッズ?21倍） / 2着集中度: 上位2艇 68.1%（補正+0.00） / 総合判定確率: 0.062 / → ヒモ分散。1号艇1着固定で広めのヒモ流し推奨（買い目+2点）', 'tenji_trigger': '展示確認: ヒモ分散レース。1号艇伸び確認後、広めのヒモ流しを採用。穴ヒモ（5・6号艇）を積極的に含める。'}",,,27.7,逃げ狙い,15.14,29.8,2,,,,,,,,,,,
2025-08-04,丸亀,6,3,内山七海,B1,33.49,3,△,12.1917,28.6,60,51.8,0.1596,3.0556,,,0,低,46,0,-,,0,25.6,0.8252,0,0,0,0.0952,0.0476,0.195,0.195,0.05,,△,D,,,0.4013,0.5395,,0.3066,A,66,0,◎-○軸 3着3〜4艇流し（10〜15点）,0.5777,"{'is_target': True, 'verdict': '参加推奨', 'max_combo_prob': 0.0624, 'est_top_odds': 21.4, 'circle_concentration': 68.1, 'eligible_count': 8, 'bet_adj': 2, 'reason': 'rel_win1=51.7%（本命度） / 最有力組み合わせ確率: 0.062（推定実オッズ?21倍） / 2着集中度: 上位2艇 68.1%（補正+0.00） / 総合判定確率: 0.062 / → ヒモ分散。1号艇1着固定で広めのヒモ流し推奨（買い目+2点）', 'tenji_trigger': '展示確認: ヒモ分散レース。1号艇伸び確認後、広めのヒモ流しを採用。穴ヒモ（5・6号艇）を積極的に含める。'}",,,27.7,逃げ狙い,15.14,29.8,2,,,,,,,,,,,
2025-08-04,丸亀,6,4,樋江井舞,B1,40.49,4,▲,5.0304,8.4,83,44.1,0.1588,3.6324,,,0,低,76,0,-,,0,76.4,1.5806,0,0,0,0.0345,0,,,,,,C,,,0.3769,0.539,,0.3066,A,66,0,◎-○軸 3着3〜4艇流し（10〜15点）,0.5777,"{'is_target': True, 'verdict': '参加推奨', 'max_combo_prob': 0.0624, 'est_top_odds': 21.4, 'circle_concentration': 68.1, 'eligible_count': 8, 'bet_adj': 2, 'reason': 'rel_win1=51.7%（本命度） / 最有力組み合わせ確率: 0.062（推定実オッズ?21倍） / 2着集中度: 上位2艇 68.1%（補正+0.00） / 総合判定確率: 0.062 / → ヒモ分散。1号艇1着固定で広めのヒモ流し推奨（買い目+2点）', 'tenji_trigger': '展示確認: ヒモ分散レース。1号艇伸び確認後、広めのヒモ流しを採用。穴ヒモ（5・6号艇）を積極的に含める。'}",,,27.7,逃げ狙い,15.14,29.8,2,,,,,,,,,,,
2025-08-04,丸亀,6,5,麻生慎介,A2,42.65,5,○,10.7748,16.5,84,61.7,0.1179,2.4362,,,0,低,66,0,差ま0%,,0,36.6,0.9205,0,0,0,0.125,0.0833,0.0381,0.4362,0.0381,,◎,B,◎,◎,0.5076,0.661,0.4859,0.3066,A,66,0,◎-○軸 3着3〜4艇流し（10〜15点）,0.5777,"{'is_target': True, 'verdict': '参加推奨', 'max_combo_prob': 0.0624, 'est_top_odds': 21.4, 'circle_concentration': 68.1, 'eligible_count': 8, 'bet_adj': 2, 'reason': 'rel_win1=51.7%（本命度） / 最有力組み合わせ確率: 0.062（推定実オッズ?21倍） / 2着集中度: 上位2艇 68.1%（補正+0.00） / 総合判定確率: 0.062 / → ヒモ分散。1号艇1着固定で広めのヒモ流し推奨（買い目+2点）', 'tenji_trigger': '展示確認: ヒモ分散レース。1号艇伸び確認後、広めのヒモ流しを採用。穴ヒモ（5・6号艇）を積極的に含める。'}",,,27.7,逃げ狙い,15.14,29.8,2,,,,,,,,,,,
2025-08-04,丸亀,6,6,清水敦揮,A1,40.49,6,,7.5311,7,100,66,0.1919,4.1489,,,0,低,120,0,ま0% 差ま0% 抜0%,,0,100,2.6714,0,0,0.05,0.05,0.05,0.0308,0.2115,0.1808,,,C,△,○,0.2686,0.607,0.1569,0.3066,A,66,0,◎-○軸 3着3〜4艇流し（10〜15点）,0.5777,"{'is_target': True, 'verdict': '参加推奨', 'max_combo_prob': 0.0624, 'est_top_odds': 21.4, 'circle_concentration': 68.1, 'eligible_count': 8, 'bet_adj': 2, 'reason': 'rel_win1=51.7%（本命度） / 最有力組み合わせ確率: 0.062（推定実オッズ?21倍） / 2着集中度: 上位2艇 68.1%（補正+0.00） / 総合判定確率: 0.062 / → ヒモ分散。1号艇1着固定で広めのヒモ流し推奨（買い目+2点）', 'tenji_trigger': '展示確認: ヒモ分散レース。1号艇伸び確認後、広めのヒモ流しを採用。穴ヒモ（5・6号艇）を積極的に含める。'}",,,27.7,逃げ狙い,15.14,29.8,2,,,,,,,,,,,
2025-08-04,丸亀,7,1,山崎義明,B1,34.15,1,◎,48.5895,,0,77.1,0.1559,3.15,,,0,低,95,0,逃0%,,0,53.3,0.8331,0.2917,,,,,0.0833,0.3571,0.2714,○,,C,△,,,0.6385,,0.388,A,60,0,◎-○軸 3着3〜4艇流し（10〜15点）,0.5777,"{'is_target': True, 'verdict': '参加推奨', 'max_combo_prob': 0.0797, 'est_top_odds': 16.7, 'circle_concentration': 75.7, 'eligible_count': 8, 'bet_adj': 2, 'reason': 'rel_win1=48.6%（本命度） / 最有力組み合わせ確率: 0.080（推定実オッズ?17倍） / 2着集中度: 上位2艇 75.7%（補正+0.04） / 総合判定確率: 0.120 / → ヒモ分散。1号艇1着固定で広めのヒモ流し推奨（買い目+2点）', 'tenji_trigger': '展示確認: ヒモ分散レース。1号艇伸び確認後、広めのヒモ流しを採用。穴ヒモ（5・6号艇）を積極的に含める。'}",,,31.1,両建て推奨,18.38,36.5,2,,,,,0,0,0.6155,0,,主役軸流し,B
2025-08-04,丸亀,7,2,丸岡正典,A1,38.73,2,○,27.5609,52.8,99,84.2,0.1468,3.3289,,,0,低,100,0,差0%,,0,68.6,0.8781,0,0.2632,0,0,0,0.0118,0.3042,0.1681,,◎,B,◎,,0.4661,0.667,,0.388,A,60,0,◎-○軸 3着3〜4艇流し（10〜15点）,0.5777,"{'is_target': True, 'verdict': '参加推奨', 'max_combo_prob': 0.0797, 'est_top_odds': 16.7, 'circle_concentration': 75.7, 'eligible_count': 8, 'bet_adj': 2, 'reason': 'rel_win1=48.6%（本命度） / 最有力組み合わせ確率: 0.080（推定実オッズ?17倍） / 2着集中度: 上位2艇 75.7%（補正+0.04） / 総合判定確率: 0.120 / → ヒモ分散。1号艇1着固定で広めのヒモ流し推奨（買い目+2点）', 'tenji_trigger': '展示確認: ヒモ分散レース。1号艇伸び確認後、広めのヒモ流しを採用。穴ヒモ（5・6号艇）を積極的に含める。'}",,,31.1,両建て推奨,18.38,36.5,2,,,,,,,,,,,
2025-08-04,丸亀,7,3,西丸敦基,B1,30.05,3,,10.0891,22.9,94,52.9,0.1818,3.7941,,,0,低,113,0,-,,0,25.7,0.9077,0,0,0.0455,0.0455,0,0.0333,0.0667,0.3,,,D,,,0.1882,0.6165,,0.388,A,60,0,◎-○軸 3着3〜4艇流し（10〜15点）,0.5777,"{'is_target': True, 'verdict': '参加推奨', 'max_combo_prob': 0.0797, 'est_top_odds': 16.7, 'circle_concentration': 75.7, 'eligible_count': 8, 'bet_adj': 2, 'reason': 'rel_win1=48.6%（本命度） / 最有力組み合わせ確率: 0.080（推定実オッズ?17倍） / 2着集中度: 上位2艇 75.7%（補正+0.04） / 総合判定確率: 0.120 / → ヒモ分散。1号艇1着固定で広めのヒモ流し推奨（買い目+2点）', 'tenji_trigger': '展示確認: ヒモ分散レース。1号艇伸び確認後、広めのヒモ流しを採用。穴ヒモ（5・6号艇）を積極的に含める。'}",,,31.1,両建て推奨,18.38,36.5,2,,,,,,,,,,,
2025-08-04,丸亀,7,4,長尾萌加,B1,32.21,4,△,6.1541,4.3,74,28.8,0.18,4.0962,,,0,低,104,0,-,,0,87.5,1.5574,0,0,0,0.037,0,0.28,0.6,0,,,C,,,0.2424,0.563,,0.388,A,60,0,◎-○軸 3着3〜4艇流し（10〜15点）,0.5777,"{'is_target': True, 'verdict': '参加推奨', 'max_combo_prob': 0.0797, 'est_top_odds': 16.7, 'circle_concentration': 75.7, 'eligible_count': 8, 'bet_adj': 2, 'reason': 'rel_win1=48.6%（本命度） / 最有力組み合わせ確率: 0.080（推定実オッズ?17倍） / 2着集中度: 上位2艇 75.7%（補正+0.04） / 総合判定確率: 0.120 / → ヒモ分散。1号艇1着固定で広めのヒモ流し推奨（買い目+2点）', 'tenji_trigger': '展示確認: ヒモ分散レース。1号艇伸び確認後、広めのヒモ流しを採用。穴ヒモ（5・6号艇）を積極的に含める。'}",,,31.1,両建て推奨,18.38,36.5,2,,,,,,,,,,,
2025-08-04,丸亀,7,5,田中辰彦,A1,35.12,5,▲,3.6243,16.6,100,43.9,0.1635,3.7632,,,0,低,117,0,-,,0,34.1,1.2705,0,0,0,0.0385,0,0.0114,0.2229,0.0571,,,B,○,,0.3128,0.662,,0.388,A,60,0,◎-○軸 3着3〜4艇流し（10〜15点）,0.5777,"{'is_target': True, 'verdict': '参加推奨', 'max_combo_prob': 0.0797, 'est_top_odds': 16.7, 'circle_concentration': 75.7, 'eligible_count': 8, 'bet_adj': 2, 'reason': 'rel_win1=48.6%（本命度） / 最有力組み合わせ確率: 0.080（推定実オッズ?17倍） / 2着集中度: 上位2艇 75.7%（補正+0.04） / 総合判定確率: 0.120 / → ヒモ分散。1号艇1着固定で広めのヒモ流し推奨（買い目+2点）', 'tenji_trigger': '展示確認: ヒモ分散レース。1号艇伸び確認後、広めのヒモ流しを採用。穴ヒモ（5・6号艇）を積極的に含める。'}",,,31.1,両建て推奨,18.38,36.5,2,,,,,,,,,,,
2025-08-04,丸亀,7,6,加倉侑征,A2,29.30,6,,3.9822,3.4,54,36,0.1416,3.36,,,0,低,56,0,抜0%,,0,74.6,1.4525,0,0,0,0,0.0385,0.2933,0.1333,0.16,,○,E,△,,0.4129,0.6175,,0.388,A,60,0,◎-○軸 3着3〜4艇流し（10〜15点）,0.5777,"{'is_target': True, 'verdict': '参加推奨', 'max_combo_prob': 0.0797, 'est_top_odds': 16.7, 'circle_concentration': 75.7, 'eligible_count': 8, 'bet_adj': 2, 'reason': 'rel_win1=48.6%（本命度） / 最有力組み合わせ確率: 0.080（推定実オッズ?17倍） / 2着集中度: 上位2艇 75.7%（補正+0.04） / 総合判定確率: 0.120 / → ヒモ分散。1号艇1着固定で広めのヒモ流し推奨（買い目+2点）', 'tenji_trigger': '展示確認: ヒモ分散レース。1号艇伸び確認後、広めのヒモ流しを採用。穴ヒモ（5・6号艇）を積極的に含める。'}",,,31.1,両建て推奨,18.38,36.5,2,,,,,,,,,,,
2025-08-04,丸亀,8,1,船岡洋一,A1,45.59,1,◎,76.3953,,0,94.3,0.1276,2.2071,,,0,低,67,0,逃1%,,0,85.6,1.0746,0.6757,,,,,0.0811,0.027,0.1081,◎,,B,◎,,,0.6315,,0.797,S,90,0,◎1着固定 2-3着流し（5〜8点）,0.5777,"{'is_target': True, 'verdict': '点数絞り', 'max_combo_prob': 0.1732, 'est_top_odds': 7.7, 'circle_concentration': 74.9, 'eligible_count': 6, 'bet_adj': 0, 'reason': 'rel_win1=76.4%（本命度） / 最有力組み合わせ確率: 0.173（推定実オッズ?8倍） / 2着集中度: 上位2艇 74.9%（補正+0.04） / 総合判定確率: 0.213 / → ヒモはやや固め。上位2艇以外を切ること', 'tenji_trigger': '展示確認: 1号艇伸び良→そのまま採用。悪→飛び組に差し替え。circle_pct上位2艇に絞り込むこと。\n展示で1号艇スタート超安定(0.128秒)→ヒモ固まり方向に注意'}",,,25.1,逃げ狙い,10.92,25.8,3,,,,,0,0,0.7559,0,,逃げ軸流し,A
2025-08-04,丸亀,8,2,安田政彦,A2,39.09,2,▲,9.0577,53.5,77,61.8,0.1902,4.0273,,,0,低,147,0,ま0%,,0,58.2,1.1712,0,0.0303,0.0606,0,0,0.2188,0.3285,0.1918,,,C,,,0.0711,0.5665,,0.797,S,90,0,◎1着固定 2-3着流し（5〜8点）,0.5777,"{'is_target': True, 'verdict': '点数絞り', 'max_combo_prob': 0.1732, 'est_top_odds': 7.7, 'circle_concentration': 74.9, 'eligible_count': 6, 'bet_adj': 0, 'reason': 'rel_win1=76.4%（本命度） / 最有力組み合わせ確率: 0.173（推定実オッズ?8倍） / 2着集中度: 上位2艇 74.9%（補正+0.04） / 総合判定確率: 0.213 / → ヒモはやや固め。上位2艇以外を切ること', 'tenji_trigger': '展示確認: 1号艇伸び良→そのまま採用。悪→飛び組に差し替え。circle_pct上位2艇に絞り込むこと。\n展示で1号艇スタート超安定(0.128秒)→ヒモ固まり方向に注意'}",,,25.1,逃げ狙い,10.92,25.8,3,,,,,,,,,,,
2025-08-04,丸亀,8,3,長谷川親,B1,32.39,3,,4.3516,8.3,49,20,0.1822,3.7917,,,0,低,166,0,-,,0,47.8,1.0723,,,,,,0.1111,0.3778,0.2222,,,E,△,,0.1454,0.605,,0.797,S,90,0,◎1着固定 2-3着流し（5〜8点）,0.5777,"{'is_target': True, 'verdict': '点数絞り', 'max_combo_prob': 0.1732, 'est_top_odds': 7.7, 'circle_concentration': 74.9, 'eligible_count': 6, 'bet_adj': 0, 'reason': 'rel_win1=76.4%（本命度） / 最有力組み合わせ確率: 0.173（推定実オッズ?8倍） / 2着集中度: 上位2艇 74.9%（補正+0.04） / 総合判定確率: 0.213 / → ヒモはやや固め。上位2艇以外を切ること', 'tenji_trigger': '展示確認: 1号艇伸び良→そのまま採用。悪→飛び組に差し替え。circle_pct上位2艇に絞り込むこと。\n展示で1号艇スタート超安定(0.128秒)→ヒモ固まり方向に注意'}",,,25.1,逃げ狙い,10.92,25.8,3,,,,,,,,,,,
2025-08-04,丸亀,8,4,南　佑典,A2,32.71,4,△,5.4863,21.4,100,61.8,0.1855,3.5,,,0,低,162,0,差0% 差ま0%,,0,57.6,1.0962,0,0.0588,0,0.0588,0,0.0138,0.2161,0.0552,,,D,○,,0.1155,0.6305,,0.797,S,90,0,◎1着固定 2-3着流し（5〜8点）,0.5777,"{'is_target': True, 'verdict': '点数絞り', 'max_combo_prob': 0.1732, 'est_top_odds': 7.7, 'circle_concentration': 74.9, 'eligible_count': 6, 'bet_adj': 0, 'reason': 'rel_win1=76.4%（本命度） / 最有力組み合わせ確率: 0.173（推定実オッズ?8倍） / 2着集中度: 上位2艇 74.9%（補正+0.04） / 総合判定確率: 0.213 / → ヒモはやや固め。上位2艇以外を切ること', 'tenji_trigger': '展示確認: 1号艇伸び良→そのまま採用。悪→飛び組に差し替え。circle_pct上位2艇に絞り込むこと。\n展示で1号艇スタート超安定(0.128秒)→ヒモ固まり方向に注意'}",,,25.1,逃げ狙い,10.92,25.8,3,,,,,,,,,,,
2025-08-04,丸亀,8,5,國分将太,B1,48.29,5,○,3.7614,15.6,70,36.6,0.2039,4.0122,,,0,低,111,0,差ま0%,,0,50,1.0355,0,0,0,0.0588,0,0,0.6154,0,,,A,△,,0.1167,0.585,,0.797,S,90,0,◎1着固定 2-3着流し（5〜8点）,0.5777,"{'is_target': True, 'verdict': '点数絞り', 'max_combo_prob': 0.1732, 'est_top_odds': 7.7, 'circle_concentration': 74.9, 'eligible_count': 6, 'bet_adj': 0, 'reason': 'rel_win1=76.4%（本命度） / 最有力組み合わせ確率: 0.173（推定実オッズ?8倍） / 2着集中度: 上位2艇 74.9%（補正+0.04） / 総合判定確率: 0.213 / → ヒモはやや固め。上位2艇以外を切ること', 'tenji_trigger': '展示確認: 1号艇伸び良→そのまま採用。悪→飛び組に差し替え。circle_pct上位2艇に絞り込むこと。\n展示で1号艇スタート超安定(0.128秒)→ヒモ固まり方向に注意'}",,,25.1,逃げ狙い,10.92,25.8,3,,,,,,,,,,,
2025-08-04,丸亀,8,6,土井祥伍,B1,36.62,6,,0.9476,1.2,17,14.9,0.223,4.7766,,,0,低,170,0,-,,0,26.4,0.635,,,,,,0,0.3556,0.1667,,,D,,,0.1422,0.578,,0.797,S,90,0,◎1着固定 2-3着流し（5〜8点）,0.5777,"{'is_target': True, 'verdict': '点数絞り', 'max_combo_prob': 0.1732, 'est_top_odds': 7.7, 'circle_concentration': 74.9, 'eligible_count': 6, 'bet_adj': 0, 'reason': 'rel_win1=76.4%（本命度） / 最有力組み合わせ確率: 0.173（推定実オッズ?8倍） / 2着集中度: 上位2艇 74.9%（補正+0.04） / 総合判定確率: 0.213 / → ヒモはやや固め。上位2艇以外を切ること', 'tenji_trigger': '展示確認: 1号艇伸び良→そのまま採用。悪→飛び組に差し替え。circle_pct上位2艇に絞り込むこと。\n展示で1号艇スタート超安定(0.128秒)→ヒモ固まり方向に注意'}",,,25.1,逃げ狙い,10.92,25.8,3,,,,,,,,,,,
2025-08-04,丸亀,9,1,小池礼乃,A2,33.33,1,◎,64.4348,,0,84,0.1492,3.04,,,0,低,61,0,逃1%,,0,87.3,1.1162,0.5625,,,,,0.29,0.22,0,◎,,C,△,,,0.612,,0.4595,A,75,0,◎-○軸 3着3〜4艇流し（10〜15点）,0.5777,"{'is_target': True, 'verdict': '参加推奨', 'max_combo_prob': 0.1175, 'est_top_odds': 11.4, 'circle_concentration': 69.9, 'eligible_count': 8, 'bet_adj': 2, 'reason': 'rel_win1=64.4%（本命度） / 最有力組み合わせ確率: 0.117（推定実オッズ?11倍） / 2着集中度: 上位2艇 69.9%（補正+0.00） / 総合判定確率: 0.117 / → ヒモ分散。1号艇1着固定で広めのヒモ流し推奨（買い目+2点）', 'tenji_trigger': '展示確認: ヒモ分散レース。1号艇伸び確認後、広めのヒモ流しを採用。穴ヒモ（5・6号艇）を積極的に含める。'}",,,28.8,逃げ狙い,12.63,35.1,4,,,,,0,0,0.7559,0,,逃げ軸流し,A
2025-08-04,丸亀,9,2,山川波乙,B1,31.55,2,,12.1447,42.7,61,45.5,0.1645,3.0227,,,0,低,59,0,差0% ま0%,,0,53.5,0.774,0,0.05,0.05,0,0,0.0714,0.2857,0.0714,,,D,,,0.1576,0.5385,,0.4595,A,75,0,◎-○軸 3着3〜4艇流し（10〜15点）,0.5777,"{'is_target': True, 'verdict': '参加推奨', 'max_combo_prob': 0.1175, 'est_top_odds': 11.4, 'circle_concentration': 69.9, 'eligible_count': 8, 'bet_adj': 2, 'reason': 'rel_win1=64.4%（本命度） / 最有力組み合わせ確率: 0.117（推定実オッズ?11倍） / 2着集中度: 上位2艇 69.9%（補正+0.00） / 総合判定確率: 0.117 / → ヒモ分散。1号艇1着固定で広めのヒモ流し推奨（買い目+2点）', 'tenji_trigger': '展示確認: ヒモ分散レース。1号艇伸び確認後、広めのヒモ流しを採用。穴ヒモ（5・6号艇）を積極的に含める。'}",,,28.8,逃げ狙い,12.63,35.1,4,,,,,,,,,,,
2025-08-04,丸亀,9,3,水野望美,B1,33.01,3,▲,11.1254,27.3,51,44.4,0.1415,2.6852,,,0,低,63,0,-,,0,44.2,0.9708,0,0,0,0.0909,0,0,0.1,0,,,C,△,,0.3377,0.6245,,0.4595,A,75,0,◎-○軸 3着3〜4艇流し（10〜15点）,0.5777,"{'is_target': True, 'verdict': '参加推奨', 'max_combo_prob': 0.1175, 'est_top_odds': 11.4, 'circle_concentration': 69.9, 'eligible_count': 8, 'bet_adj': 2, 'reason': 'rel_win1=64.4%（本命度） / 最有力組み合わせ確率: 0.117（推定実オッズ?11倍） / 2着集中度: 上位2艇 69.9%（補正+0.00） / 総合判定確率: 0.117 / → ヒモ分散。1号艇1着固定で広めのヒモ流し推奨（買い目+2点）', 'tenji_trigger': '展示確認: ヒモ分散レース。1号艇伸び確認後、広めのヒモ流しを採用。穴ヒモ（5・6号艇）を積極的に含める。'}",,,28.8,逃げ狙い,12.63,35.1,4,,,,,,,,,,,
2025-08-04,丸亀,9,4,妹尾忠幸,A2,37.75,4,○,6.9715,23.3,100,69.4,0.1512,3.1111,,,0,低,119,0,差0% 抜0%,,0,69.4,1.247,0,0.0312,0,0,0.0312,0.0108,0.3328,0.1398,,,B,◎,,0.2708,0.659,,0.4595,A,75,0,◎-○軸 3着3〜4艇流し（10〜15点）,0.5777,"{'is_target': True, 'verdict': '参加推奨', 'max_combo_prob': 0.1175, 'est_top_odds': 11.4, 'circle_concentration': 69.9, 'eligible_count': 8, 'bet_adj': 2, 'reason': 'rel_win1=64.4%（本命度） / 最有力組み合わせ確率: 0.117（推定実オッズ?11倍） / 2着集中度: 上位2艇 69.9%（補正+0.00） / 総合判定確率: 0.117 / → ヒモ分散。1号艇1着固定で広めのヒモ流し推奨（買い目+2点）', 'tenji_trigger': '展示確認: ヒモ分散レース。1号艇伸び確認後、広めのヒモ流しを採用。穴ヒモ（5・6号艇）を積極的に含める。'}",,,28.8,逃げ狙い,12.63,35.1,4,,,,,,,,,,,
2025-08-04,丸亀,9,5,新田智彰,B1,39.71,5,△,4.0373,6.1,58,30.8,0.1797,3.8769,,,0,低,135,0,-,,0,33.6,0.9867,,,,,,0.0593,0.3437,0.1644,,,B,○,,0.2171,0.625,,0.4595,A,75,0,◎-○軸 3着3〜4艇流し（10〜15点）,0.5777,"{'is_target': True, 'verdict': '参加推奨', 'max_combo_prob': 0.1175, 'est_top_odds': 11.4, 'circle_concentration': 69.9, 'eligible_count': 8, 'bet_adj': 2, 'reason': 'rel_win1=64.4%（本命度） / 最有力組み合わせ確率: 0.117（推定実オッズ?11倍） / 2着集中度: 上位2艇 69.9%（補正+0.00） / 総合判定確率: 0.117 / → ヒモ分散。1号艇1着固定で広めのヒモ流し推奨（買い目+2点）', 'tenji_trigger': '展示確認: ヒモ分散レース。1号艇伸び確認後、広めのヒモ流しを採用。穴ヒモ（5・6号艇）を積極的に含める。'}",,,28.8,逃げ狙い,12.63,35.1,4,,,,,,,,,,,
2025-08-04,丸亀,9,6,渡　修平,B1,30.48,6,,1.2862,0.7,25,2.3,0.2116,4.9186,,,0,低,148,0,-,,0,25.6,0.6017,,,,,,0.0235,0.1906,0.1906,,,E,,,0.135,0.6,,0.4595,A,75,0,◎-○軸 3着3〜4艇流し（10〜15点）,0.5777,"{'is_target': True, 'verdict': '参加推奨', 'max_combo_prob': 0.1175, 'est_top_odds': 11.4, 'circle_concentration': 69.9, 'eligible_count': 8, 'bet_adj': 2, 'reason': 'rel_win1=64.4%（本命度） / 最有力組み合わせ確率: 0.117（推定実オッズ?11倍） / 2着集中度: 上位2艇 69.9%（補正+0.00） / 総合判定確率: 0.117 / → ヒモ分散。1号艇1着固定で広めのヒモ流し推奨（買い目+2点）', 'tenji_trigger': '展示確認: ヒモ分散レース。1号艇伸び確認後、広めのヒモ流しを採用。穴ヒモ（5・6号艇）を積極的に含める。'}",,,28.8,逃げ狙い,12.63,35.1,4,,,,,,,,,,,
2025-08-04,丸亀,10,1,平田健之,A2,31.22,1,◎,53.0111,,0,90,0.1514,2.675,,,0,低,124,0,逃0% 抜0%,,0,90.7,1.2004,0.7188,,,,,0.1375,0.025,0.125,◎,,C,△,,,0.6155,,0.507,A,71,0,◎-○軸 3着3〜4艇流し（10〜15点）,0.5777,"{'is_target': True, 'verdict': '参加推奨', 'max_combo_prob': 0.079, 'est_top_odds': 16.9, 'circle_concentration': 78.9, 'eligible_count': 8, 'bet_adj': 2, 'reason': 'rel_win1=53.0%（本命度） / 最有力組み合わせ確率: 0.079（推定実オッズ?17倍） / 2着集中度: 上位2艇 78.9%（補正+0.04） / 総合判定確率: 0.119 / → ヒモ分散。1号艇1着固定で広めのヒモ流し推奨（買い目+2点）', 'tenji_trigger': '展示確認: ヒモ分散レース。1号艇伸び確認後、広めのヒモ流しを採用。穴ヒモ（5・6号艇）を積極的に含める。'}",,,31,逃げ狙い,27.09,28.8,2,,,,,0,0,0.7559,0,,逃げ軸流し,A
2025-08-04,丸亀,10,2,吉田凌太,A1,37.16,2,▲,17.1283,47.1,61,76.3,0.1692,3.4915,,,0,低,100,0,差0% ま0%,,0,62.1,1.2602,0,0.2,0.16,0,0,0,0.0526,0.0316,,,B,,,0.1687,0.6095,,0.507,A,71,0,◎-○軸 3着3〜4艇流し（10〜15点）,0.5777,"{'is_target': True, 'verdict': '参加推奨', 'max_combo_prob': 0.079, 'est_top_odds': 16.9, 'circle_concentration': 78.9, 'eligible_count': 8, 'bet_adj': 2, 'reason': 'rel_win1=53.0%（本命度） / 最有力組み合わせ確率: 0.079（推定実オッズ?17倍） / 2着集中度: 上位2艇 78.9%（補正+0.04） / 総合判定確率: 0.119 / → ヒモ分散。1号艇1着固定で広めのヒモ流し推奨（買い目+2点）', 'tenji_trigger': '展示確認: ヒモ分散レース。1号艇伸び確認後、広めのヒモ流しを採用。穴ヒモ（5・6号艇）を積極的に含める。'}",,,31,逃げ狙い,27.09,28.8,2,,,,,,,,,,,
2025-08-04,丸亀,10,3,麻生慎介,A2,42.65,3,○,17.3305,31.8,100,74,0.1206,2.61,,,0,低,66,0,-,,0,44.5,1.0465,0,0,0,0.24,0.04,0.0381,0.4362,0.0381,,◎,A,○,,0.4904,0.661,,0.507,A,71,0,◎-○軸 3着3〜4艇流し（10〜15点）,0.5777,"{'is_target': True, 'verdict': '参加推奨', 'max_combo_prob': 0.079, 'est_top_odds': 16.9, 'circle_concentration': 78.9, 'eligible_count': 8, 'bet_adj': 2, 'reason': 'rel_win1=53.0%（本命度） / 最有力組み合わせ確率: 0.079（推定実オッズ?17倍） / 2着集中度: 上位2艇 78.9%（補正+0.04） / 総合判定確率: 0.119 / → ヒモ分散。1号艇1着固定で広めのヒモ流し推奨（買い目+2点）', 'tenji_trigger': '展示確認: ヒモ分散レース。1号艇伸び確認後、広めのヒモ流しを採用。穴ヒモ（5・6号艇）を積極的に含める。'}",,,31,逃げ狙い,27.09,28.8,2,,,,,,,,,,,
2025-08-04,丸亀,10,4,梶山涼斗,B1,30.58,4,△,8.6705,6.5,96,46.7,0.1287,2.4083,,,0,低,51,0,-,,0,25.8,0.6534,0,0.0323,0.0968,0.0323,0,0,0.0941,0.1671,,,D,△,◎,0.383,0.624,0.4256,0.507,A,71,0,◎-○軸 3着3〜4艇流し（10〜15点）,0.5777,"{'is_target': True, 'verdict': '参加推奨', 'max_combo_prob': 0.079, 'est_top_odds': 16.9, 'circle_concentration': 78.9, 'eligible_count': 8, 'bet_adj': 2, 'reason': 'rel_win1=53.0%（本命度） / 最有力組み合わせ確率: 0.079（推定実オッズ?17倍） / 2着集中度: 上位2艇 78.9%（補正+0.04） / 総合判定確率: 0.119 / → ヒモ分散。1号艇1着固定で広めのヒモ流し推奨（買い目+2点）', 'tenji_trigger': '展示確認: ヒモ分散レース。1号艇伸び確認後、広めのヒモ流しを採用。穴ヒモ（5・6号艇）を積極的に含める。'}",,,31,逃げ狙い,27.09,28.8,2,,,,,,,,,,,
2025-08-04,丸亀,10,5,山口修路,B1,27.14,5,,3.042,13.5,93,44.4,0.2168,4.2063,,,0,低,181,0,差0%,,0,46.5,1.171,0,0.0417,0,0,0,0.1538,0.3077,0.1538,,,E,,,0.1056,0.527,,0.507,A,71,0,◎-○軸 3着3〜4艇流し（10〜15点）,0.5777,"{'is_target': True, 'verdict': '参加推奨', 'max_combo_prob': 0.079, 'est_top_odds': 16.9, 'circle_concentration': 78.9, 'eligible_count': 8, 'bet_adj': 2, 'reason': 'rel_win1=53.0%（本命度） / 最有力組み合わせ確率: 0.079（推定実オッズ?17倍） / 2着集中度: 上位2艇 78.9%（補正+0.04） / 総合判定確率: 0.119 / → ヒモ分散。1号艇1着固定で広めのヒモ流し推奨（買い目+2点）', 'tenji_trigger': '展示確認: ヒモ分散レース。1号艇伸び確認後、広めのヒモ流しを採用。穴ヒモ（5・6号艇）を積極的に含める。'}",,,31,逃げ狙い,27.09,28.8,2,,,,,,,,,,,
2025-08-04,丸亀,10,6,小野信樹,B1,28.57,6,,0.8175,1.1,27,2.4,0.1707,4.0595,,,0,低,119,0,-,,0,24.3,0.5928,,,,,,0.1533,0.3067,0.1867,,,D,◎,,0.2524,0.676,,0.507,A,71,0,◎-○軸 3着3〜4艇流し（10〜15点）,0.5777,"{'is_target': True, 'verdict': '参加推奨', 'max_combo_prob': 0.079, 'est_top_odds': 16.9, 'circle_concentration': 78.9, 'eligible_count': 8, 'bet_adj': 2, 'reason': 'rel_win1=53.0%（本命度） / 最有力組み合わせ確率: 0.079（推定実オッズ?17倍） / 2着集中度: 上位2艇 78.9%（補正+0.04） / 総合判定確率: 0.119 / → ヒモ分散。1号艇1着固定で広めのヒモ流し推奨（買い目+2点）', 'tenji_trigger': '展示確認: ヒモ分散レース。1号艇伸び確認後、広めのヒモ流しを採用。穴ヒモ（5・6号艇）を積極的に含める。'}",,,31,逃げ狙い,27.09,28.8,2,,,,,,,,,,,
2025-08-04,丸亀,11,1,田中辰彦,A1,35.12,1,◎,64.3415,,0,92.8,0.1523,2.8976,,,0,低,117,0,逃1%,,0,83.4,1.0219,0.7429,,,,,0.0114,0.2229,0.0571,◎,,C,△,,,0.662,,0.5717,S,88,0,◎1着固定 2-3着流し（5〜8点）,0.5777,"{'is_target': True, 'verdict': '参加推奨', 'max_combo_prob': 0.1066, 'est_top_odds': 12.5, 'circle_concentration': 66.3, 'eligible_count': 6, 'bet_adj': 2, 'reason': 'rel_win1=64.3%（本命度） / 最有力組み合わせ確率: 0.107（推定実オッズ?12倍） / 2着集中度: 上位2艇 66.3%（補正+0.00） / 総合判定確率: 0.107 / → ヒモ分散。1号艇1着固定で広めのヒモ流し推奨（買い目+2点）', 'tenji_trigger': '展示確認: ヒモ分散レース。1号艇伸び確認後、広めのヒモ流しを採用。穴ヒモ（5・6号艇）を積極的に含める。'}",,,27.2,逃げ狙い,14.88,28.6,4,,,,,0,0,0.7559,0,,逃げ軸流し,A
2025-08-04,丸亀,11,2,天野友和,A2,35.24,2,▲,10.8039,43.7,96,69.3,0.1508,3.121,,,0,低,104,0,差0% ま0%,,0,57.2,1.0988,0,0.0345,0.0345,0,0,0.2341,0.1416,0.0216,,◎,C,◎,,0.3216,0.6795,,0.5717,S,88,0,◎1着固定 2-3着流し（5〜8点）,0.5777,"{'is_target': True, 'verdict': '参加推奨', 'max_combo_prob': 0.1066, 'est_top_odds': 12.5, 'circle_concentration': 66.3, 'eligible_count': 6, 'bet_adj': 2, 'reason': 'rel_win1=64.3%（本命度） / 最有力組み合わせ確率: 0.107（推定実オッズ?12倍） / 2着集中度: 上位2艇 66.3%（補正+0.00） / 総合判定確率: 0.107 / → ヒモ分散。1号艇1着固定で広めのヒモ流し推奨（買い目+2点）', 'tenji_trigger': '展示確認: ヒモ分散レース。1号艇伸び確認後、広めのヒモ流しを採用。穴ヒモ（5・6号艇）を積極的に含める。'}",,,27.2,逃げ狙い,14.88,28.6,4,,,,,,,,,,,
2025-08-04,丸亀,11,3,小原聡将,A2,46.12,3,○,12.2604,22.5,100,64.3,0.1579,3.3214,,,0,低,70,0,差ま0% 抜0%,,0,59.7,1.2244,0,0,0,0.1905,0.0476,0.0705,0.2051,0.016,,,A,○,,0.3007,0.67,,0.5717,S,88,0,◎1着固定 2-3着流し（5〜8点）,0.5777,"{'is_target': True, 'verdict': '参加推奨', 'max_combo_prob': 0.1066, 'est_top_odds': 12.5, 'circle_concentration': 66.3, 'eligible_count': 6, 'bet_adj': 2, 'reason': 'rel_win1=64.3%（本命度） / 最有力組み合わせ確率: 0.107（推定実オッズ?12倍） / 2着集中度: 上位2艇 66.3%（補正+0.00） / 総合判定確率: 0.107 / → ヒモ分散。1号艇1着固定で広めのヒモ流し推奨（買い目+2点）', 'tenji_trigger': '展示確認: ヒモ分散レース。1号艇伸び確認後、広めのヒモ流しを採用。穴ヒモ（5・6号艇）を積極的に含める。'}",,,27.2,逃げ狙い,14.88,28.6,4,,,,,,,,,,,
2025-08-04,丸亀,11,4,森安弘雅,A2,42.45,4,△,6.8156,13.5,85,48.4,0.1778,4,,,0,低,178,0,差0%,,0,47,0.98,0,0.0345,0,0,0,0.0167,0.1833,0.2,,,B,,,0.1765,0.6065,,0.5717,S,88,0,◎1着固定 2-3着流し（5〜8点）,0.5777,"{'is_target': True, 'verdict': '参加推奨', 'max_combo_prob': 0.1066, 'est_top_odds': 12.5, 'circle_concentration': 66.3, 'eligible_count': 6, 'bet_adj': 2, 'reason': 'rel_win1=64.3%（本命度） / 最有力組み合わせ確率: 0.107（推定実オッズ?12倍） / 2着集中度: 上位2艇 66.3%（補正+0.00） / 総合判定確率: 0.107 / → ヒモ分散。1号艇1着固定で広めのヒモ流し推奨（買い目+2点）', 'tenji_trigger': '展示確認: ヒモ分散レース。1号艇伸び確認後、広めのヒモ流しを採用。穴ヒモ（5・6号艇）を積極的に含める。'}",,,27.2,逃げ狙い,14.88,28.6,4,,,,,,,,,,,
2025-08-04,丸亀,11,5,楠原正剛,B1,32.69,5,,4.2571,19.9,50,46.3,0.1652,3.2687,,,0,低,109,0,-,,0,63.2,1.1279,0,0,0,0.0333,0,0.2206,0.0706,0.3706,,,D,,,0.2413,0.6025,,0.5717,S,88,0,◎1着固定 2-3着流し（5〜8点）,0.5777,"{'is_target': True, 'verdict': '参加推奨', 'max_combo_prob': 0.1066, 'est_top_odds': 12.5, 'circle_concentration': 66.3, 'eligible_count': 6, 'bet_adj': 2, 'reason': 'rel_win1=64.3%（本命度） / 最有力組み合わせ確率: 0.107（推定実オッズ?12倍） / 2着集中度: 上位2艇 66.3%（補正+0.00） / 総合判定確率: 0.107 / → ヒモ分散。1号艇1着固定で広めのヒモ流し推奨（買い目+2点）', 'tenji_trigger': '展示確認: ヒモ分散レース。1号艇伸び確認後、広めのヒモ流しを採用。穴ヒモ（5・6号艇）を積極的に含める。'}",,,27.2,逃げ狙い,14.88,28.6,4,,,,,,,,,,,
2025-08-04,丸亀,11,6,伊藤喜智,B1,33.01,6,,1.5216,0.3,29,20.3,0.1969,4.339,,,0,低,184,0,-,,0,28,0.7333,,,,,,0.2075,0.1379,0.0174,,,D,△,,0.1721,0.646,,0.5717,S,88,0,◎1着固定 2-3着流し（5〜8点）,0.5777,"{'is_target': True, 'verdict': '参加推奨', 'max_combo_prob': 0.1066, 'est_top_odds': 12.5, 'circle_concentration': 66.3, 'eligible_count': 6, 'bet_adj': 2, 'reason': 'rel_win1=64.3%（本命度） / 最有力組み合わせ確率: 0.107（推定実オッズ?12倍） / 2着集中度: 上位2艇 66.3%（補正+0.00） / 総合判定確率: 0.107 / → ヒモ分散。1号艇1着固定で広めのヒモ流し推奨（買い目+2点）', 'tenji_trigger': '展示確認: ヒモ分散レース。1号艇伸び確認後、広めのヒモ流しを採用。穴ヒモ（5・6号艇）を積極的に含める。'}",,,27.2,逃げ狙い,14.88,28.6,4,,,,,,,,,,,
2025-08-04,丸亀,12,1,丸岡正典,A1,38.73,1,◎,49.6889,,0,90.2,0.1626,3.2213,,,0,低,100,0,逃1%,,0,55,0.9512,0.6471,,,,,0.0118,0.3042,0.1681,◎,,D,◎,,,0.667,,0.451,A,67,0,◎-○軸 3着3〜4艇流し（10〜15点）,0.5777,"{'is_target': True, 'verdict': '参加推奨', 'max_combo_prob': 0.0578, 'est_top_odds': 23.1, 'circle_concentration': 62.8, 'eligible_count': 8, 'bet_adj': 2, 'reason': 'rel_win1=49.7%（本命度） / 最有力組み合わせ確率: 0.058（推定実オッズ?23倍） / 2着集中度: 上位2艇 62.8%（補正+0.00） / 総合判定確率: 0.058 / → ヒモ分散。1号艇1着固定で広めのヒモ流し推奨（買い目+2点）', 'tenji_trigger': '展示確認: ヒモ分散レース。1号艇伸び確認後、広めのヒモ流しを採用。穴ヒモ（5・6号艇）を積極的に含める。'}",,,33,逃げ狙い,30.43,31.7,2,,,,,0,0,0.7559,0,,逃げ軸流し,A
2025-08-04,丸亀,12,2,上平真二,A1,30.10,2,,14.5512,34.9,86,87.8,0.1778,3.7439,,,0,低,81,0,差0% ま0%,,0,59.2,1.3903,0,0.2381,0.0476,0,0,0.1533,0.0333,0,,,E,,,0.2021,0.6155,,0.451,A,67,0,◎-○軸 3着3〜4艇流し（10〜15点）,0.5777,"{'is_target': True, 'verdict': '参加推奨', 'max_combo_prob': 0.0578, 'est_top_odds': 23.1, 'circle_concentration': 62.8, 'eligible_count': 8, 'bet_adj': 2, 'reason': 'rel_win1=49.7%（本命度） / 最有力組み合わせ確率: 0.058（推定実オッズ?23倍） / 2着集中度: 上位2艇 62.8%（補正+0.00） / 総合判定確率: 0.058 / → ヒモ分散。1号艇1着固定で広めのヒモ流し推奨（買い目+2点）', 'tenji_trigger': '展示確認: ヒモ分散レース。1号艇伸び確認後、広めのヒモ流しを採用。穴ヒモ（5・6号艇）を積極的に含める。'}",,,33,逃げ狙い,30.43,31.7,2,,,,,,,,,,,
2025-08-04,丸亀,12,3,石倉洋行,A1,40.29,3,▲,12.6653,27.9,78,78.2,0.138,2.6182,,,0,低,50,0,差ま0%,,0,100,0.9769,0,0.15,0,0.1,0,0.0125,0.2,0.0125,,◎,C,△,,0.4579,0.636,,0.451,A,67,0,◎-○軸 3着3〜4艇流し（10〜15点）,0.5777,"{'is_target': True, 'verdict': '参加推奨', 'max_combo_prob': 0.0578, 'est_top_odds': 23.1, 'circle_concentration': 62.8, 'eligible_count': 8, 'bet_adj': 2, 'reason': 'rel_win1=49.7%（本命度） / 最有力組み合わせ確率: 0.058（推定実オッズ?23倍） / 2着集中度: 上位2艇 62.8%（補正+0.00） / 総合判定確率: 0.058 / → ヒモ分散。1号艇1着固定で広めのヒモ流し推奨（買い目+2点）', 'tenji_trigger': '展示確認: ヒモ分散レース。1号艇伸び確認後、広めのヒモ流しを採用。穴ヒモ（5・6号艇）を積極的に含める。'}",,,33,逃げ狙い,30.43,31.7,2,,,,,,,,,,,
2025-08-04,丸亀,12,4,清水敦揮,A1,40.49,4,△,9.351,15.7,100,66.1,0.1619,3.6949,,,0,低,120,0,差ま0% 抜0%,,0,57.8,1.2923,0,0,0,0.1034,0.1034,0.0308,0.2115,0.1808,,,B,,○,0.3451,0.607,0.2737,0.451,A,67,0,◎-○軸 3着3〜4艇流し（10〜15点）,0.5777,"{'is_target': True, 'verdict': '参加推奨', 'max_combo_prob': 0.0578, 'est_top_odds': 23.1, 'circle_concentration': 62.8, 'eligible_count': 8, 'bet_adj': 2, 'reason': 'rel_win1=49.7%（本命度） / 最有力組み合わせ確率: 0.058（推定実オッズ?23倍） / 2着集中度: 上位2艇 62.8%（補正+0.00） / 総合判定確率: 0.058 / → ヒモ分散。1号艇1着固定で広めのヒモ流し推奨（買い目+2点）', 'tenji_trigger': '展示確認: ヒモ分散レース。1号艇伸び確認後、広めのヒモ流しを採用。穴ヒモ（5・6号艇）を積極的に含める。'}",,,33,逃げ狙い,30.43,31.7,2,,,,,,,,,,,
2025-08-04,丸亀,12,5,船岡洋一,A1,45.59,5,○,9.7675,20.1,50,73.2,0.1461,3.1585,,,0,低,67,0,差ま1%,,0,27.6,0.7788,0,0.05,0,0.15,0.05,0.0811,0.027,0.1081,,○,B,△,◎,0.4033,0.6315,0.4152,0.451,A,67,0,◎-○軸 3着3〜4艇流し（10〜15点）,0.5777,"{'is_target': True, 'verdict': '参加推奨', 'max_combo_prob': 0.0578, 'est_top_odds': 23.1, 'circle_concentration': 62.8, 'eligible_count': 8, 'bet_adj': 2, 'reason': 'rel_win1=49.7%（本命度） / 最有力組み合わせ確率: 0.058（推定実オッズ?23倍） / 2着集中度: 上位2艇 62.8%（補正+0.00） / 総合判定確率: 0.058 / → ヒモ分散。1号艇1着固定で広めのヒモ流し推奨（買い目+2点）', 'tenji_trigger': '展示確認: ヒモ分散レース。1号艇伸び確認後、広めのヒモ流しを採用。穴ヒモ（5・6号艇）を積極的に含める。'}",,,33,逃げ狙い,30.43,31.7,2,,,,,,,,,,,
2025-08-04,丸亀,12,6,谷津幸宏,A1,39.61,6,,3.9761,1.4,72,42.2,0.1416,3.0469,,,0,低,52,0,-,,0,31.8,2.1464,0,0.04,0.04,0,0,0.0476,0.0714,0.119,,,C,○,,0.3969,0.6535,,0.451,A,67,0,◎-○軸 3着3〜4艇流し（10〜15点）,0.5777,"{'is_target': True, 'verdict': '参加推奨', 'max_combo_prob': 0.0578, 'est_top_odds': 23.1, 'circle_concentration': 62.8, 'eligible_count': 8, 'bet_adj': 2, 'reason': 'rel_win1=49.7%（本命度） / 最有力組み合わせ確率: 0.058（推定実オッズ?23倍） / 2着集中度: 上位2艇 62.8%（補正+0.00） / 総合判定確率: 0.058 / → ヒモ分散。1号艇1着固定で広めのヒモ流し推奨（買い目+2点）', 'tenji_trigger': '展示確認: ヒモ分散レース。1号艇伸び確認後、広めのヒモ流しを採用。穴ヒモ（5・6号艇）を積極的に含める。'}",,,33,逃げ狙い,30.43,31.7,2,,,,,,,,,,,
2025-08-05,丸亀,1,1,長谷川親,B1,32.39,1,◎,48.853,,0,55.3,0.1703,3.6316,,,0,低,166,0,逃0%,5,0,41.7,0.7353,0.2222,,,,,0.1111,0.3778,0.2222,△,,D,△,,,0.605,,0.2917,C,42,0,荒れ傾向。高配当狙いか見送り,0.5777,"{'is_target': True, 'verdict': '点数絞り', 'max_combo_prob': 0.0999, 'est_top_odds': 13.3, 'circle_concentration': 77.1, 'eligible_count': 6, 'bet_adj': 0, 'reason': 'rel_win1=48.9%（本命度） / 最有力組み合わせ確率: 0.100（推定実オッズ?13倍） / 2着集中度: 上位2艇 77.1%（補正+0.04） / 総合判定確率: 0.140 / → ヒモはやや固め。上位2艇以外を切ること', 'tenji_trigger': '展示確認: 1号艇伸び良→そのまま採用。悪→飛び組に差し替え。circle_pct上位2艇に絞り込むこと。'}",,,29.6,両建て推奨,12.85,37.2,4,4-5-6|4-5-1|4-6-5|4-3-5|4-6-1|4-3-6|4-3-1|1-2-4|1-2-3|1-3-4|1-4-3|1-4-2,4-5-6|4-5-1|4-6-5|4-3-5|4-6-1|4-3-6|4-3-1|1-2-4|1-2-3|1-3-4|1-4-3|1-4-2,4-5-6:1.65%|4-5-1:1.41%|4-6-5:0.79%|4-3-5:0.67%|4-6-1:0.61%|4-3-6:0.61%|4-3-1:0.52%|1-2-4:10.17%|1-2-3:7.24%|1-3-4:3.96%|1-4-3:3.38%|1-4-2:3.23%,4-5-6:B_main|4-5-1:B_main|4-6-5:B_main|4-3-5:B_main|4-6-1:B_main|4-3-6:B_main|4-3-1:B_main|1-2-4:A|1-2-3:A|1-3-4:A|1-4-3:A|1-4-2:A,12,12,0.4535,1,[!]見送り推奨（主役決まり手「まくり」― 逃げ劣勢レースで的中実績なし）,主役軸流し,B
2025-08-05,丸亀,1,2,長尾萌加,B1,32.21,2,△,13.093,62.5,62,40,0.164,3.8333,,,0,低,104,0,差0%,4,0,42.8,0.7083,0,0.0667,0,0,0,0.28,0.6,0,,○,D,,,0.3937,0.563,,0.2917,C,42,0,荒れ傾向。高配当狙いか見送り,0.5777,"{'is_target': True, 'verdict': '点数絞り', 'max_combo_prob': 0.0999, 'est_top_odds': 13.3, 'circle_concentration': 77.1, 'eligible_count': 6, 'bet_adj': 0, 'reason': 'rel_win1=48.9%（本命度） / 最有力組み合わせ確率: 0.100（推定実オッズ?13倍） / 2着集中度: 上位2艇 77.1%（補正+0.04） / 総合判定確率: 0.140 / → ヒモはやや固め。上位2艇以外を切ること', 'tenji_trigger': '展示確認: 1号艇伸び良→そのまま採用。悪→飛び組に差し替え。circle_pct上位2艇に絞り込むこと。'}",,,29.6,両建て推奨,12.85,37.2,4,,,,,,,,,,,
2025-08-05,丸亀,1,3,横井健太,B1,32.54,3,,7.8671,14.5,85,32.2,0.1873,4.1864,,,0,低,172,0,-,2,0,57.5,1.3669,0,0,0.037,0,0,0.0842,0.5553,0.3184,,,D,○,,0.2379,0.6205,,0.2917,C,42,0,荒れ傾向。高配当狙いか見送り,0.5777,"{'is_target': True, 'verdict': '点数絞り', 'max_combo_prob': 0.0999, 'est_top_odds': 13.3, 'circle_concentration': 77.1, 'eligible_count': 6, 'bet_adj': 0, 'reason': 'rel_win1=48.9%（本命度） / 最有力組み合わせ確率: 0.100（推定実オッズ?13倍） / 2着集中度: 上位2艇 77.1%（補正+0.04） / 総合判定確率: 0.140 / → ヒモはやや固め。上位2艇以外を切ること', 'tenji_trigger': '展示確認: 1号艇伸び良→そのまま採用。悪→飛び組に差し替え。circle_pct上位2艇に絞り込むこと。'}",,,29.6,両建て推奨,12.85,37.2,4,,,,,,,,,,,
2025-08-05,丸亀,1,4,荒牧凪沙,B1,40.64,4,○,22.2919,12.8,100,53.2,0.1717,3.234,,,0,低,117,0,-,4,0,90.1,1.616,0,0,0.3158,0,0,0.0571,0.2857,0.2571,,◎,B,△,◎,0.426,0.5875,0.2804,0.2917,C,42,0,荒れ傾向。高配当狙いか見送り,0.5777,"{'is_target': True, 'verdict': '点数絞り', 'max_combo_prob': 0.0999, 'est_top_odds': 13.3, 'circle_concentration': 77.1, 'eligible_count': 6, 'bet_adj': 0, 'reason': 'rel_win1=48.9%（本命度） / 最有力組み合わせ確率: 0.100（推定実オッズ?13倍） / 2着集中度: 上位2艇 77.1%（補正+0.04） / 総合判定確率: 0.140 / → ヒモはやや固め。上位2艇以外を切ること', 'tenji_trigger': '展示確認: 1号艇伸び良→そのまま採用。悪→飛び組に差し替え。circle_pct上位2艇に絞り込むこと。'}",,,29.6,両建て推奨,12.85,37.2,4,,,,,,,,,,,
2025-08-05,丸亀,1,5,樋江井舞,B1,40.49,5,▲,5.2948,9.7,68,23.3,0.1835,4.0349,,,0,低,76,0,-,6,0,36.5,0.8114,,,,,,,,,,,B,,,0.317,0.539,,0.2917,C,42,0,荒れ傾向。高配当狙いか見送り,0.5777,"{'is_target': True, 'verdict': '点数絞り', 'max_combo_prob': 0.0999, 'est_top_odds': 13.3, 'circle_concentration': 77.1, 'eligible_count': 6, 'bet_adj': 0, 'reason': 'rel_win1=48.9%（本命度） / 最有力組み合わせ確率: 0.100（推定実オッズ?13倍） / 2着集中度: 上位2艇 77.1%（補正+0.04） / 総合判定確率: 0.140 / → ヒモはやや固め。上位2艇以外を切ること', 'tenji_trigger': '展示確認: 1号艇伸び良→そのまま採用。悪→飛び組に差し替え。circle_pct上位2艇に絞り込むこと。'}",,,29.6,両建て推奨,12.85,37.2,4,,,,,,,,,,,
2025-08-05,丸亀,1,6,新田智彰,B1,39.71,6,,2.6002,0.4,53,23.3,0.1743,4.2083,,,0,低,135,0,-,54,0,24.3,0.9672,,,,,,0.0593,0.3437,0.1644,,,C,◎,,0.3539,0.625,,0.2917,C,42,0,荒れ傾向。高配当狙いか見送り,0.5777,"{'is_target': True, 'verdict': '点数絞り', 'max_combo_prob': 0.0999, 'est_top_odds': 13.3, 'circle_concentration': 77.1, 'eligible_count': 6, 'bet_adj': 0, 'reason': 'rel_win1=48.9%（本命度） / 最有力組み合わせ確率: 0.100（推定実オッズ?13倍） / 2着集中度: 上位2艇 77.1%（補正+0.04） / 総合判定確率: 0.140 / → ヒモはやや固め。上位2艇以外を切ること', 'tenji_trigger': '展示確認: 1号艇伸び良→そのまま採用。悪→飛び組に差し替え。circle_pct上位2艇に絞り込むこと。'}",,,29.6,両建て推奨,12.85,37.2,4,,,,,,,,,,,
2025-08-05,丸亀,2,1,坂井康嗣,B1,25.81,1,△,39.7542,,0,57.9,0.1892,4.5789,,,0,低,168,0,逃1%,6,0,49,0.8484,0.1333,,,,,0.28,0.32,0.32,,,E,△,,,0.607,,0.0754,D,33,1,大荒れ。見送り推奨,0.5777,"{'is_target': False, 'verdict': '対象外', 'max_combo_prob': None, 'est_top_odds': None, 'circle_concentration': None, 'eligible_count': 0, 'bet_adj': 0, 'reason': '1号艇rel_win1 < 45%: 通常判定に委ねる', 'tenji_trigger': ''}",,,37.3,両建て推奨,13.68,44,2,2-1-4|2-1-3|2-1-5|2-3-1|2-5-1|2-3-4|2-5-4|1-2-4|1-2-6|1-4-2,2-1-4|2-1-3|2-1-5|2-3-1|2-5-1|2-3-4|2-5-4|1-2-4|5-1-6|1-2-6|5-6-1|1-4-2,2-1-4:2.6%|2-1-3:2.41%|2-1-5:1.52%|2-3-1:0.77%|2-5-1:0.53%|2-3-4:0.31%|2-5-4:0.21%|1-2-4:6.4%|1-2-6:5.13%|1-4-2:3.77%,2-1-4:B_main|2-1-3:B_main|2-1-5:B_main|2-3-1:B_main|2-5-1:B_main|2-3-4:B_main|2-5-4:B_main|1-2-4:A|1-2-6:A|1-4-2:A,10,12,0.2915,1,[!]見送り推奨（主役決まり手「差し」― 逃げ劣勢レースで的中実績なし）,主役軸流し,B
2025-08-05,丸亀,2,2,村越　篤,B1,39.15,2,◎,20.9652,50.3,65,68.7,0.1593,3.2836,,,0,低,142,0,差0%,1,0,92.3,1.6945,0,0.1875,0,0,0,0.2516,0.0129,0.0774,,◎,B,○,,0.6359,0.667,,0.0754,D,33,1,大荒れ。見送り推奨,0.5777,"{'is_target': False, 'verdict': '対象外', 'max_combo_prob': None, 'est_top_odds': None, 'circle_concentration': None, 'eligible_count': 0, 'bet_adj': 0, 'reason': '1号艇rel_win1 < 45%: 通常判定に委ねる', 'tenji_trigger': ''}",,,37.3,両建て推奨,13.68,44,2,,,,,,,,,,,
2025-08-05,丸亀,2,3,渡　修平,B1,30.48,3,,10.7371,13.9,100,42.6,0.1952,4.1296,,,0,低,148,0,差ま0%,6,0,23.2,0.8748,0,0,0,0.0417,0,0.0235,0.1906,0.1906,,,D,,,0.295,0.6,,0.0754,D,33,1,大荒れ。見送り推奨,0.5777,"{'is_target': False, 'verdict': '対象外', 'max_combo_prob': None, 'est_top_odds': None, 'circle_concentration': None, 'eligible_count': 0, 'bet_adj': 0, 'reason': '1号艇rel_win1 < 45%: 通常判定に委ねる', 'tenji_trigger': ''}",,,37.3,両建て推奨,13.68,44,2,,,,,,,,,,,
2025-08-05,丸亀,2,4,田中辰彦,A1,35.12,4,○,16.2234,20.6,68,68.7,0.1439,3.1493,,,0,低,117,0,-,53,0,41.5,0.9232,0,0,0,0.069,0,0.0114,0.2229,0.0571,,○,C,△,◎,0.5144,0.662,0.3542,0.0754,D,33,1,大荒れ。見送り推奨,0.5777,"{'is_target': False, 'verdict': '対象外', 'max_combo_prob': None, 'est_top_odds': None, 'circle_concentration': None, 'eligible_count': 0, 'bet_adj': 0, 'reason': '1号艇rel_win1 < 45%: 通常判定に委ねる', 'tenji_trigger': ''}",,,37.3,両建て推奨,13.68,44,2,,,,,,,,,,,
2025-08-05,丸亀,2,5,内山七海,B1,33.49,5,,10.7753,10.2,55,35,0.16,3.1,,,0,低,46,0,差ま0% 抜0%,2,0,60.9,1.2048,0,0,0,0.0714,0.0714,0.195,0.195,0.05,,,C,,,0.4315,0.5395,,0.0754,D,33,1,大荒れ。見送り推奨,0.5777,"{'is_target': False, 'verdict': '対象外', 'max_combo_prob': None, 'est_top_odds': None, 'circle_concentration': None, 'eligible_count': 0, 'bet_adj': 0, 'reason': '1号艇rel_win1 < 45%: 通常判定に委ねる', 'tenji_trigger': ''}",,,37.3,両建て推奨,13.68,44,2,,,,,,,,,,,
2025-08-05,丸亀,2,6,小原聡将,A2,46.12,6,▲,1.5448,5,75,46.3,0.1472,3.2778,,,0,低,70,0,-,11,0,24.2,0.6567,,,,,,0.0705,0.2051,0.016,,△,A,◎,,0.4944,0.67,,0.0754,D,33,1,大荒れ。見送り推奨,0.5777,"{'is_target': False, 'verdict': '対象外', 'max_combo_prob': None, 'est_top_odds': None, 'circle_concentration': None, 'eligible_count': 0, 'bet_adj': 0, 'reason': '1号艇rel_win1 < 45%: 通常判定に委ねる', 'tenji_trigger': ''}",,,37.3,両建て推奨,13.68,44,2,,,,,,,,,,,
2025-08-05,丸亀,3,1,水野望美,B1,33.01,1,◎,57.7998,,0,83.3,0.1671,3.3542,,,0,低,63,0,逃1%,53,0,67.2,0.9175,0.9,,,,,0,0.1,0,◎,,D,△,,,0.6245,,0.5028,S,84,0,◎1着固定 2-3着流し（5〜8点）,0.5777,"{'is_target': True, 'verdict': '点数絞り', 'max_combo_prob': 0.1115, 'est_top_odds': 12.0, 'circle_concentration': 73.3, 'eligible_count': 6, 'bet_adj': 0, 'reason': 'rel_win1=57.8%（本命度） / 最有力組み合わせ確率: 0.111（推定実オッズ?12倍） / 2着集中度: 上位2艇 73.3%（補正+0.04） / 総合判定確率: 0.151 / → ヒモはやや固め。上位2艇以外を切ること', 'tenji_trigger': '展示確認: 1号艇伸び良→そのまま採用。悪→飛び組に差し替え。circle_pct上位2艇に絞り込むこと。'}",,,26.4,逃げ狙い,16.55,24.8,3,,,,,0,0,0.7559,0,,逃げ軸流し,A
2025-08-05,丸亀,3,2,森安弘雅,A2,42.45,2,▲,14.235,48.4,62,67.2,0.1793,4.0448,,,0,低,178,0,抜0%,54,0,86.4,1.5547,0,0.0938,0.0312,0,0.0312,0.0167,0.1833,0.2,,,B,,,0.1968,0.6065,,0.5028,S,84,0,◎1着固定 2-3着流し（5〜8点）,0.5777,"{'is_target': True, 'verdict': '点数絞り', 'max_combo_prob': 0.1115, 'est_top_odds': 12.0, 'circle_concentration': 73.3, 'eligible_count': 6, 'bet_adj': 0, 'reason': 'rel_win1=57.8%（本命度） / 最有力組み合わせ確率: 0.111（推定実オッズ?12倍） / 2着集中度: 上位2艇 73.3%（補正+0.04） / 総合判定確率: 0.151 / → ヒモはやや固め。上位2艇以外を切ること', 'tenji_trigger': '展示確認: 1号艇伸び良→そのまま採用。悪→飛び組に差し替え。circle_pct上位2艇に絞り込むこと。'}",,,26.4,逃げ狙い,16.55,24.8,3,,,,,,,,,,,
2025-08-05,丸亀,3,3,小野信樹,B1,28.57,3,,8.063,21.4,63,41,0.1846,3.7705,,,0,低,119,0,-,64,0,56.9,1.2342,,,,,,0.1533,0.3067,0.1867,,,E,◎,,0.2239,0.676,,0.5028,S,84,0,◎1着固定 2-3着流し（5〜8点）,0.5777,"{'is_target': True, 'verdict': '点数絞り', 'max_combo_prob': 0.1115, 'est_top_odds': 12.0, 'circle_concentration': 73.3, 'eligible_count': 6, 'bet_adj': 0, 'reason': 'rel_win1=57.8%（本命度） / 最有力組み合わせ確率: 0.111（推定実オッズ?12倍） / 2着集中度: 上位2艇 73.3%（補正+0.04） / 総合判定確率: 0.151 / → ヒモはやや固め。上位2艇以外を切ること', 'tenji_trigger': '展示確認: 1号艇伸び良→そのまま採用。悪→飛び組に差し替え。circle_pct上位2艇に絞り込むこと。'}",,,26.4,逃げ狙い,16.55,24.8,3,,,,,,,,,,,
2025-08-05,丸亀,3,4,船岡洋一,A1,45.59,4,○,13.7152,24.9,100,67.3,0.1439,3.0612,,,0,低,67,0,差ま0%,12,0,61.3,1.0951,0,0,0.05,0.15,0,0.0811,0.027,0.1081,,◎,A,○,◎,0.4002,0.6315,0.5097,0.5028,S,84,0,◎1着固定 2-3着流し（5〜8点）,0.5777,"{'is_target': True, 'verdict': '点数絞り', 'max_combo_prob': 0.1115, 'est_top_odds': 12.0, 'circle_concentration': 73.3, 'eligible_count': 6, 'bet_adj': 0, 'reason': 'rel_win1=57.8%（本命度） / 最有力組み合わせ確率: 0.111（推定実オッズ?12倍） / 2着集中度: 上位2艇 73.3%（補正+0.04） / 総合判定確率: 0.151 / → ヒモはやや固め。上位2艇以外を切ること', 'tenji_trigger': '展示確認: 1号艇伸び良→そのまま採用。悪→飛び組に差し替え。circle_pct上位2艇に絞り込むこと。'}",,,26.4,逃げ狙い,16.55,24.8,3,,,,,,,,,,,
2025-08-05,丸亀,3,5,土井祥伍,B1,36.62,5,△,3.3013,4.1,55,23.9,0.1946,4.3732,,,0,低,170,0,-,56,0,27.7,0.4445,,,,,,0,0.3556,0.1667,,,C,,,0.2225,0.578,,0.5028,S,84,0,◎1着固定 2-3着流し（5〜8点）,0.5777,"{'is_target': True, 'verdict': '点数絞り', 'max_combo_prob': 0.1115, 'est_top_odds': 12.0, 'circle_concentration': 73.3, 'eligible_count': 6, 'bet_adj': 0, 'reason': 'rel_win1=57.8%（本命度） / 最有力組み合わせ確率: 0.111（推定実オッズ?12倍） / 2着集中度: 上位2艇 73.3%（補正+0.04） / 総合判定確率: 0.151 / → ヒモはやや固め。上位2艇以外を切ること', 'tenji_trigger': '展示確認: 1号艇伸び良→そのまま採用。悪→飛び組に差し替え。circle_pct上位2艇に絞り込むこと。'}",,,26.4,逃げ狙い,16.55,24.8,3,,,,,,,,,,,
2025-08-05,丸亀,3,6,小池礼乃,A2,33.33,6,,2.8857,1.2,33,18.5,0.19,4.3333,,,0,低,61,0,-,21,0,44.3,0.8614,,,,,,0.29,0.22,0,,,D,△,,0.2371,0.612,,0.5028,S,84,0,◎1着固定 2-3着流し（5〜8点）,0.5777,"{'is_target': True, 'verdict': '点数絞り', 'max_combo_prob': 0.1115, 'est_top_odds': 12.0, 'circle_concentration': 73.3, 'eligible_count': 6, 'bet_adj': 0, 'reason': 'rel_win1=57.8%（本命度） / 最有力組み合わせ確率: 0.111（推定実オッズ?12倍） / 2着集中度: 上位2艇 73.3%（補正+0.04） / 総合判定確率: 0.151 / → ヒモはやや固め。上位2艇以外を切ること', 'tenji_trigger': '展示確認: 1号艇伸び良→そのまま採用。悪→飛び組に差し替え。circle_pct上位2艇に絞り込むこと。'}",,,26.4,逃げ狙い,16.55,24.8,3,,,,,,,,,,,
2025-08-05,丸亀,4,1,堤　啓輔,B1,27.84,1,◎,49.5504,,0,82.8,0.1491,2.9655,,,0,低,112,0,逃0%,11,0,66.5,1.0462,0.3889,,,,,0.1867,0.1867,0.2089,◎,,E,△,,,0.616,,0.4589,A,71,0,◎-○軸 3着3〜4艇流し（10〜15点）,0.5777,"{'is_target': True, 'verdict': '参加推奨', 'max_combo_prob': 0.0586, 'est_top_odds': 22.8, 'circle_concentration': 61.3, 'eligible_count': 8, 'bet_adj': 2, 'reason': 'rel_win1=49.6%（本命度） / 最有力組み合わせ確率: 0.059（推定実オッズ?23倍） / 2着集中度: 上位2艇 61.3%（補正+0.00） / 総合判定確率: 0.059 / → ヒモ分散。1号艇1着固定で広めのヒモ流し推奨（買い目+2点）', 'tenji_trigger': '展示確認: ヒモ分散レース。1号艇伸び確認後、広めのヒモ流しを採用。穴ヒモ（5・6号艇）を積極的に含める。'}",,,29,逃げ狙い,14.81,33.8,4,,,,,0,0,0.7559,0,,逃げ軸流し,A
2025-08-05,丸亀,4,2,山田和佐,B1,38.99,2,▲,11.834,30,87,45.2,0.164,3.6774,,,0,低,130,0,ま0%,5,0,34.6,0.9022,0,0.0294,0.0294,0,0,0.1769,0.0308,0.1923,,,C,,,0.1842,0.5895,,0.4589,A,71,0,◎-○軸 3着3〜4艇流し（10〜15点）,0.5777,"{'is_target': True, 'verdict': '参加推奨', 'max_combo_prob': 0.0586, 'est_top_odds': 22.8, 'circle_concentration': 61.3, 'eligible_count': 8, 'bet_adj': 2, 'reason': 'rel_win1=49.6%（本命度） / 最有力組み合わせ確率: 0.059（推定実オッズ?23倍） / 2着集中度: 上位2艇 61.3%（補正+0.00） / 総合判定確率: 0.059 / → ヒモ分散。1号艇1着固定で広めのヒモ流し推奨（買い目+2点）', 'tenji_trigger': '展示確認: ヒモ分散レース。1号艇伸び確認後、広めのヒモ流しを採用。穴ヒモ（5・6号艇）を積極的に含める。'}",,,29,逃げ狙い,14.81,33.8,4,,,,,,,,,,,
2025-08-05,丸亀,4,3,南　佑典,A2,32.71,3,,12.47,25.6,100,62,0.1677,3.5211,,,0,低,162,0,-,33,0,25.5,0.8342,0,0.0385,0,0.1538,0,0.0138,0.2161,0.0552,,,C,○,,0.2502,0.6305,,0.4589,A,71,0,◎-○軸 3着3〜4艇流し（10〜15点）,0.5777,"{'is_target': True, 'verdict': '参加推奨', 'max_combo_prob': 0.0586, 'est_top_odds': 22.8, 'circle_concentration': 61.3, 'eligible_count': 8, 'bet_adj': 2, 'reason': 'rel_win1=49.6%（本命度） / 最有力組み合わせ確率: 0.059（推定実オッズ?23倍） / 2着集中度: 上位2艇 61.3%（補正+0.00） / 総合判定確率: 0.059 / → ヒモ分散。1号艇1着固定で広めのヒモ流し推奨（買い目+2点）', 'tenji_trigger': '展示確認: ヒモ分散レース。1号艇伸び確認後、広めのヒモ流しを採用。穴ヒモ（5・6号艇）を積極的に含める。'}",,,29,逃げ狙い,14.81,33.8,4,,,,,,,,,,,
2025-08-05,丸亀,4,4,加倉侑征,A2,29.30,4,△,12.2116,31.2,45,55.6,0.1267,2.5741,,,0,低,56,0,-,S,0,100,2.4362,0,0,0.0417,0.0833,0.0417,0.2933,0.1333,0.16,,◎,D,△,◎,0.4088,0.6175,0.4051,0.4589,A,71,0,◎-○軸 3着3〜4艇流し（10〜15点）,0.5777,"{'is_target': True, 'verdict': '参加推奨', 'max_combo_prob': 0.0586, 'est_top_odds': 22.8, 'circle_concentration': 61.3, 'eligible_count': 8, 'bet_adj': 2, 'reason': 'rel_win1=49.6%（本命度） / 最有力組み合わせ確率: 0.059（推定実オッズ?23倍） / 2着集中度: 上位2艇 61.3%（補正+0.00） / 総合判定確率: 0.059 / → ヒモ分散。1号艇1着固定で広めのヒモ流し推奨（買い目+2点）', 'tenji_trigger': '展示確認: ヒモ分散レース。1号艇伸び確認後、広めのヒモ流しを採用。穴ヒモ（5・6号艇）を積極的に含める。'}",,,29,逃げ狙い,14.81,33.8,4,,,,,,,,,,,
2025-08-05,丸亀,4,5,谷津幸宏,A1,39.61,5,○,12.7306,11.5,56,41.5,0.1278,2.6846,,,0,低,52,0,差0%,46,0,95.3,1.8995,0,0.0312,0.0625,0.0938,0,0.0476,0.0714,0.119,,,B,◎,○,0.3958,0.6535,0.3924,0.4589,A,71,0,◎-○軸 3着3〜4艇流し（10〜15点）,0.5777,"{'is_target': True, 'verdict': '参加推奨', 'max_combo_prob': 0.0586, 'est_top_odds': 22.8, 'circle_concentration': 61.3, 'eligible_count': 8, 'bet_adj': 2, 'reason': 'rel_win1=49.6%（本命度） / 最有力組み合わせ確率: 0.059（推定実オッズ?23倍） / 2着集中度: 上位2艇 61.3%（補正+0.00） / 総合判定確率: 0.059 / → ヒモ分散。1号艇1着固定で広めのヒモ流し推奨（買い目+2点）', 'tenji_trigger': '展示確認: ヒモ分散レース。1号艇伸び確認後、広めのヒモ流しを採用。穴ヒモ（5・6号艇）を積極的に含める。'}",,,29,逃げ狙い,14.81,33.8,4,,,,,,,,,,,
2025-08-05,丸亀,4,6,加藤　綾,B1,44.16,6,,1.2035,1.6,53,21.2,0.187,4.1515,,,0,低,80,0,-,4,0,32.5,0.9144,,,,,,0.0857,0.2571,0.4571,,,A,,,0.2189,0.5595,,0.4589,A,71,0,◎-○軸 3着3〜4艇流し（10〜15点）,0.5777,"{'is_target': True, 'verdict': '参加推奨', 'max_combo_prob': 0.0586, 'est_top_odds': 22.8, 'circle_concentration': 61.3, 'eligible_count': 8, 'bet_adj': 2, 'reason': 'rel_win1=49.6%（本命度） / 最有力組み合わせ確率: 0.059（推定実オッズ?23倍） / 2着集中度: 上位2艇 61.3%（補正+0.00） / 総合判定確率: 0.059 / → ヒモ分散。1号艇1着固定で広めのヒモ流し推奨（買い目+2点）', 'tenji_trigger': '展示確認: ヒモ分散レース。1号艇伸び確認後、広めのヒモ流しを採用。穴ヒモ（5・6号艇）を積極的に含める。'}",,,29,逃げ狙い,14.81,33.8,4,,,,,,,,,,,
2025-08-05,丸亀,5,1,伊藤喜智,B1,33.01,1,◎,40.1305,,0,78.7,0.1862,4.4836,,,0,低,184,0,逃0%,66,0,79.1,0.9674,0.3478,,,,,0.2075,0.1379,0.0174,,,C,◎,,,0.646,,0.1431,C,37,0,荒れ傾向。高配当狙いか見送り,0.5777,"{'is_target': False, 'verdict': '対象外', 'max_combo_prob': None, 'est_top_odds': None, 'circle_concentration': None, 'eligible_count': 0, 'bet_adj': 0, 'reason': '1号艇rel_win1 < 45%: 通常判定に委ねる', 'tenji_trigger': ''}",,,31.3,両建て推奨,22.12,34.1,4,2-1-3|2-1-4|2-3-1|2-1-6|2-3-4|2-4-1|2-4-3|1-2-4|1-3-4|1-2-3,2-1-3|2-1-4|2-3-1|2-1-6|2-3-4|2-4-1|2-4-3|1-2-4|1-3-4|6-1-4|1-2-3|6-1-3,2-1-3:3.8%|2-1-4:3.14%|2-3-1:1.16%|2-1-6:0.61%|2-3-4:0.6%|2-4-1:0.47%|2-4-3:0.3%|1-2-4:5.91%|1-3-4:5.24%|1-2-3:4.53%,2-1-3:B_main|2-1-4:B_main|2-3-1:B_main|2-1-6:B_main|2-3-4:B_main|2-4-1:B_main|2-4-3:B_main|1-2-4:A|1-3-4:A|1-2-3:A,10,12,0.2915,1,[!]見送り推奨（主役決まり手「差し」― 逃げ劣勢レースで的中実績なし）,主役軸流し,B
2025-08-05,丸亀,5,2,西丸敦基,B1,30.05,2,,10.5609,34.3,67,44.1,0.1691,4.2794,,,0,低,113,0,-,33,0,43.7,0.881,0,0,0,0,0.0556,0.0333,0.0667,0.3,,◎,D,△,,0.5296,0.6165,,0.1431,C,37,0,荒れ傾向。高配当狙いか見送り,0.5777,"{'is_target': False, 'verdict': '対象外', 'max_combo_prob': None, 'est_top_odds': None, 'circle_concentration': None, 'eligible_count': 0, 'bet_adj': 0, 'reason': '1号艇rel_win1 < 45%: 通常判定に委ねる', 'tenji_trigger': ''}",,,31.3,両建て推奨,22.12,34.1,4,,,,,,,,,,,
2025-08-05,丸亀,5,3,平田健之,A2,31.22,3,▲,14.7773,32,78,64.4,0.1307,2.5,,,0,低,124,0,-,31,0,78.1,1.335,0,0.0333,0.0333,0.0333,0,0.1375,0.025,0.125,,△,D,△,,0.4832,0.6155,,0.1431,C,37,0,荒れ傾向。高配当狙いか見送り,0.5777,"{'is_target': False, 'verdict': '対象外', 'max_combo_prob': None, 'est_top_odds': None, 'circle_concentration': None, 'eligible_count': 0, 'bet_adj': 0, 'reason': '1号艇rel_win1 < 45%: 通常判定に委ねる', 'tenji_trigger': ''}",,,31.3,両建て推奨,22.12,34.1,4,,,,,,,,,,,
2025-08-05,丸亀,5,4,石倉洋行,A1,40.29,4,○,29.6929,29.7,100,82,0.1148,1.92,,,0,低,50,0,-,44,0,56,0.9483,0,0.1176,0.1765,0.0588,0,0.0125,0.2,0.0125,,○,B,○,◎,0.5235,0.636,0.5522,0.1431,C,37,0,荒れ傾向。高配当狙いか見送り,0.5777,"{'is_target': False, 'verdict': '対象外', 'max_combo_prob': None, 'est_top_odds': None, 'circle_concentration': None, 'eligible_count': 0, 'bet_adj': 0, 'reason': '1号艇rel_win1 < 45%: 通常判定に委ねる', 'tenji_trigger': ''}",,,31.3,両建て推奨,22.12,34.1,4,,,,,,,,,,,
2025-08-05,丸亀,5,5,西田和加,B2,31.94,5,,3.5571,3.2,41,0,0.1986,3.8929,,,0,低,88,0,-,6,0,24.9,0.6162,,,,,,0.4,0.4,0.2,,,D,,,0.2894,0.431,,0.1431,C,37,0,荒れ傾向。高配当狙いか見送り,0.5777,"{'is_target': False, 'verdict': '対象外', 'max_combo_prob': None, 'est_top_odds': None, 'circle_concentration': None, 'eligible_count': 0, 'bet_adj': 0, 'reason': '1号艇rel_win1 < 45%: 通常判定に委ねる', 'tenji_trigger': ''}",,,31.3,両建て推奨,22.12,34.1,4,,,,,,,,,,,
2025-08-05,丸亀,5,6,安田政彦,A2,39.09,6,△,1.2814,0.9,50,15.4,0.2273,4.9038,,,0,低,147,0,-,2,0,24.9,0.7867,,,,,,0.2188,0.3285,0.1918,,,B,,,0.1999,0.5665,,0.1431,C,37,0,荒れ傾向。高配当狙いか見送り,0.5777,"{'is_target': False, 'verdict': '対象外', 'max_combo_prob': None, 'est_top_odds': None, 'circle_concentration': None, 'eligible_count': 0, 'bet_adj': 0, 'reason': '1号艇rel_win1 < 45%: 通常判定に委ねる', 'tenji_trigger': ''}",,,31.3,両建て推奨,22.12,34.1,4,,,,,,,,,,,
2025-08-05,丸亀,6,1,妹尾忠幸,A2,37.75,1,◎,60.2361,,0,91.8,0.1565,3.1907,,,0,低,119,0,逃1%,62,0,89.6,1.1803,0.6486,,,,,0.0108,0.3328,0.1398,◎,,B,○,,,0.659,,0.5407,S,89,0,◎1着固定 2-3着流し（5〜8点）,0.5777,"{'is_target': True, 'verdict': '参加推奨', 'max_combo_prob': 0.0773, 'est_top_odds': 17.2, 'circle_concentration': 68.5, 'eligible_count': 6, 'bet_adj': 2, 'reason': 'rel_win1=60.2%（本命度） / 最有力組み合わせ確率: 0.077（推定実オッズ?17倍） / 2着集中度: 上位2艇 68.5%（補正+0.00） / 総合判定確率: 0.077 / → ヒモ分散。1号艇1着固定で広めのヒモ流し推奨（買い目+2点）', 'tenji_trigger': '展示確認: ヒモ分散レース。1号艇伸び確認後、広めのヒモ流しを採用。穴ヒモ（5・6号艇）を積極的に含める。'}",,,28.7,逃げ狙い,15.67,32,3,,,,,0,0,0.7559,0,,逃げ軸流し,A
2025-08-05,丸亀,6,2,山崎義明,B1,34.15,2,△,8.2068,37.1,90,53.7,0.159,3.0149,,,0,低,95,0,-,12,0,52.7,1.0384,0,0,0,0,0.0526,0.0833,0.3571,0.2714,,,C,△,,0.3041,0.6385,,0.5407,S,89,0,◎1着固定 2-3着流し（5〜8点）,0.5777,"{'is_target': True, 'verdict': '参加推奨', 'max_combo_prob': 0.0773, 'est_top_odds': 17.2, 'circle_concentration': 68.5, 'eligible_count': 6, 'bet_adj': 2, 'reason': 'rel_win1=60.2%（本命度） / 最有力組み合わせ確率: 0.077（推定実オッズ?17倍） / 2着集中度: 上位2艇 68.5%（補正+0.00） / 総合判定確率: 0.077 / → ヒモ分散。1号艇1着固定で広めのヒモ流し推奨（買い目+2点）', 'tenji_trigger': '展示確認: ヒモ分散レース。1号艇伸び確認後、広めのヒモ流しを採用。穴ヒモ（5・6号艇）を積極的に含める。'}",,,28.7,逃げ狙い,15.67,32,3,,,,,,,,,,,
2025-08-05,丸亀,6,3,國分将太,B1,48.29,3,○,15.3485,31.4,64,62.2,0.1624,3.4444,,,0,低,111,0,-,54,0,47.3,1.0238,0,0,0,0.125,0,0,0.6154,0,,,A,,,0.3074,0.585,,0.5407,S,89,0,◎1着固定 2-3着流し（5〜8点）,0.5777,"{'is_target': True, 'verdict': '参加推奨', 'max_combo_prob': 0.0773, 'est_top_odds': 17.2, 'circle_concentration': 68.5, 'eligible_count': 6, 'bet_adj': 2, 'reason': 'rel_win1=60.2%（本命度） / 最有力組み合わせ確率: 0.077（推定実オッズ?17倍） / 2着集中度: 上位2艇 68.5%（補正+0.00） / 総合判定確率: 0.077 / → ヒモ分散。1号艇1着固定で広めのヒモ流し推奨（買い目+2点）', 'tenji_trigger': '展示確認: ヒモ分散レース。1号艇伸び確認後、広めのヒモ流しを採用。穴ヒモ（5・6号艇）を積極的に含める。'}",,,28.7,逃げ狙い,15.67,32,3,,,,,,,,,,,
2025-08-05,丸亀,6,4,上平真二,A1,30.10,4,,8.425,19,100,77.4,0.17,3.8387,,,0,低,81,0,差ま0%,23,0,78.9,1.4266,0,0,0,0.0667,0,0.1533,0.0333,0,,,D,△,,0.2852,0.6155,,0.5407,S,89,0,◎1着固定 2-3着流し（5〜8点）,0.5777,"{'is_target': True, 'verdict': '参加推奨', 'max_combo_prob': 0.0773, 'est_top_odds': 17.2, 'circle_concentration': 68.5, 'eligible_count': 6, 'bet_adj': 2, 'reason': 'rel_win1=60.2%（本命度） / 最有力組み合わせ確率: 0.077（推定実オッズ?17倍） / 2着集中度: 上位2艇 68.5%（補正+0.00） / 総合判定確率: 0.077 / → ヒモ分散。1号艇1着固定で広めのヒモ流し推奨（買い目+2点）', 'tenji_trigger': '展示確認: ヒモ分散レース。1号艇伸び確認後、広めのヒモ流しを採用。穴ヒモ（5・6号艇）を積極的に含める。'}",,,28.7,逃げ狙い,15.67,32,3,,,,,,,,,,,
2025-08-05,丸亀,6,5,天野友和,A2,35.24,5,▲,6.8011,12.2,63,46,0.1537,3.0476,,,0,低,104,0,ま0%,12,0,75.5,1.3607,0,0,0.0303,0,0,0.2341,0.1416,0.0216,,,C,◎,,0.3417,0.6795,,0.5407,S,89,0,◎1着固定 2-3着流し（5〜8点）,0.5777,"{'is_target': True, 'verdict': '参加推奨', 'max_combo_prob': 0.0773, 'est_top_odds': 17.2, 'circle_concentration': 68.5, 'eligible_count': 6, 'bet_adj': 2, 'reason': 'rel_win1=60.2%（本命度） / 最有力組み合わせ確率: 0.077（推定実オッズ?17倍） / 2着集中度: 上位2艇 68.5%（補正+0.00） / 総合判定確率: 0.077 / → ヒモ分散。1号艇1着固定で広めのヒモ流し推奨（買い目+2点）', 'tenji_trigger': '展示確認: ヒモ分散レース。1号艇伸び確認後、広めのヒモ流しを採用。穴ヒモ（5・6号艇）を積極的に含める。'}",,,28.7,逃げ狙い,15.67,32,3,,,,,,,,,,,
2025-08-05,丸亀,6,6,山口修路,B1,27.14,6,,0.9826,0.3,62,14.9,0.2468,4.9894,,,0,低,181,0,-,26,0,30.1,0.8489,,,,,,0.1538,0.3077,0.1538,,,E,,,0.1887,0.527,,0.5407,S,89,0,◎1着固定 2-3着流し（5〜8点）,0.5777,"{'is_target': True, 'verdict': '参加推奨', 'max_combo_prob': 0.0773, 'est_top_odds': 17.2, 'circle_concentration': 68.5, 'eligible_count': 6, 'bet_adj': 2, 'reason': 'rel_win1=60.2%（本命度） / 最有力組み合わせ確率: 0.077（推定実オッズ?17倍） / 2着集中度: 上位2艇 68.5%（補正+0.00） / 総合判定確率: 0.077 / → ヒモ分散。1号艇1着固定で広めのヒモ流し推奨（買い目+2点）', 'tenji_trigger': '展示確認: ヒモ分散レース。1号艇伸び確認後、広めのヒモ流しを採用。穴ヒモ（5・6号艇）を積極的に含める。'}",,,28.7,逃げ狙い,15.67,32,3,,,,,,,,,,,
2025-08-05,丸亀,7,1,麻生慎介,A2,42.65,1,◎,56.5152,,0,86.1,0.1578,2.8198,,,0,低,66,0,逃0%,42,0,94.9,1.3128,0.5952,,,,,0.0381,0.4362,0.0381,◎,,A,○,,,0.661,,0.5161,S,99,0,◎1着固定 2-3着流し（5〜8点）,0.5777,"{'is_target': True, 'verdict': '点数絞り', 'max_combo_prob': 0.1253, 'est_top_odds': 10.6, 'circle_concentration': 80.4, 'eligible_count': 6, 'bet_adj': 0, 'reason': 'rel_win1=56.5%（本命度） / 最有力組み合わせ確率: 0.125（推定実オッズ?11倍） / 2着集中度: 上位2艇 80.4%（補正+0.04） / 総合判定確率: 0.165 / → ヒモはやや固め。上位2艇以外を切ること', 'tenji_trigger': '展示確認: 1号艇伸び良→そのまま採用。悪→飛び組に差し替え。circle_pct上位2艇に絞り込むこと。'}",,,30.1,逃げ狙い,18.21,33.9,3,,,,,0,0,0.7559,0,,逃げ軸流し,A
2025-08-05,丸亀,7,2,楠原正剛,B1,32.69,2,▲,12.2478,47.9,37,65.6,0.1414,3.0859,,,0,低,109,0,-,25,0,57.8,0.8281,0,0.1,0.0667,0,0,0.2206,0.0706,0.3706,,◎,C,,,0.491,0.6025,,0.5161,S,99,0,◎1着固定 2-3着流し（5〜8点）,0.5777,"{'is_target': True, 'verdict': '点数絞り', 'max_combo_prob': 0.1253, 'est_top_odds': 10.6, 'circle_concentration': 80.4, 'eligible_count': 6, 'bet_adj': 0, 'reason': 'rel_win1=56.5%（本命度） / 最有力組み合わせ確率: 0.125（推定実オッズ?11倍） / 2着集中度: 上位2艇 80.4%（補正+0.04） / 総合判定確率: 0.165 / → ヒモはやや固め。上位2艇以外を切ること', 'tenji_trigger': '展示確認: 1号艇伸び良→そのまま採用。悪→飛び組に差し替え。circle_pct上位2艇に絞り込むこと。'}",,,30.1,逃げ狙い,18.21,33.9,3,,,,,,,,,,,
2025-08-05,丸亀,7,3,清水敦揮,A1,40.49,3,○,17.5114,32.5,100,90.6,0.1626,3.4434,,,0,低,120,0,ま0% 差ま0% 抜0%,35,0,82,1.7292,0,0,0.1429,0.0952,0.0476,0.0308,0.2115,0.1808,,,B,△,,0.3319,0.607,,0.5161,S,99,0,◎1着固定 2-3着流し（5〜8点）,0.5777,"{'is_target': True, 'verdict': '点数絞り', 'max_combo_prob': 0.1253, 'est_top_odds': 10.6, 'circle_concentration': 80.4, 'eligible_count': 6, 'bet_adj': 0, 'reason': 'rel_win1=56.5%（本命度） / 最有力組み合わせ確率: 0.125（推定実オッズ?11倍） / 2着集中度: 上位2艇 80.4%（補正+0.04） / 総合判定確率: 0.165 / → ヒモはやや固め。上位2艇以外を切ること', 'tenji_trigger': '展示確認: 1号艇伸び良→そのまま採用。悪→飛び組に差し替え。circle_pct上位2艇に絞り込むこと。'}",,,30.1,逃げ狙い,18.21,33.9,3,,,,,,,,,,,
2025-08-05,丸亀,7,4,坂井康嗣,B1,25.81,4,,7.3391,11.3,31,30.5,0.1917,3.9237,,,0,低,168,0,-,6,0,66.7,1.4187,0,0.0357,0.0357,0,0,0.28,0.32,0.32,,,E,△,◎,0.2153,0.607,0.2684,0.5161,S,99,0,◎1着固定 2-3着流し（5〜8点）,0.5777,"{'is_target': True, 'verdict': '点数絞り', 'max_combo_prob': 0.1253, 'est_top_odds': 10.6, 'circle_concentration': 80.4, 'eligible_count': 6, 'bet_adj': 0, 'reason': 'rel_win1=56.5%（本命度） / 最有力組み合わせ確率: 0.125（推定実オッズ?11倍） / 2着集中度: 上位2艇 80.4%（補正+0.04） / 総合判定確率: 0.165 / → ヒモはやや固め。上位2艇以外を切ること', 'tenji_trigger': '展示確認: 1号艇伸び良→そのまま採用。悪→飛び組に差し替え。circle_pct上位2艇に絞り込むこと。'}",,,30.1,逃げ狙い,18.21,33.9,3,,,,,,,,,,,
2025-08-05,丸亀,7,5,長谷川親,B1,32.39,5,,3.8999,4.6,30,17.5,0.1996,4.5965,,,0,低,166,0,-,5,0,29.7,0.6426,0,0,0,0.037,0,0.1111,0.3778,0.2222,,,D,△,,0.2152,0.605,,0.5161,S,99,0,◎1着固定 2-3着流し（5〜8点）,0.5777,"{'is_target': True, 'verdict': '点数絞り', 'max_combo_prob': 0.1253, 'est_top_odds': 10.6, 'circle_concentration': 80.4, 'eligible_count': 6, 'bet_adj': 0, 'reason': 'rel_win1=56.5%（本命度） / 最有力組み合わせ確率: 0.125（推定実オッズ?11倍） / 2着集中度: 上位2艇 80.4%（補正+0.04） / 総合判定確率: 0.165 / → ヒモはやや固め。上位2艇以外を切ること', 'tenji_trigger': '展示確認: 1号艇伸び良→そのまま採用。悪→飛び組に差し替え。circle_pct上位2艇に絞り込むこと。'}",,,30.1,逃げ狙い,18.21,33.9,3,,,,,,,,,,,
2025-08-05,丸亀,7,6,丸岡正典,A1,38.73,6,△,2.4865,3.7,55,31.2,0.2075,4.5833,,,0,低,100,0,-,11,0,34.5,1.3456,,,,,,0.0118,0.3042,0.1681,,,C,◎,,0.2211,0.667,,0.5161,S,99,0,◎1着固定 2-3着流し（5〜8点）,0.5777,"{'is_target': True, 'verdict': '点数絞り', 'max_combo_prob': 0.1253, 'est_top_odds': 10.6, 'circle_concentration': 80.4, 'eligible_count': 6, 'bet_adj': 0, 'reason': 'rel_win1=56.5%（本命度） / 最有力組み合わせ確率: 0.125（推定実オッズ?11倍） / 2着集中度: 上位2艇 80.4%（補正+0.04） / 総合判定確率: 0.165 / → ヒモはやや固め。上位2艇以外を切ること', 'tenji_trigger': '展示確認: 1号艇伸び良→そのまま採用。悪→飛び組に差し替え。circle_pct上位2艇に絞り込むこと。'}",,,30.1,逃げ狙い,18.21,33.9,3,,,,,,,,,,,
2025-08-05,丸亀,8,1,吉田凌太,A1,37.16,1,◎,72.3258,,0,88.4,0.1423,2.2464,,,0,低,100,0,逃1%,35,0,90.4,1.1921,0.7632,,,,,0,0.0526,0.0316,◎,,C,△,,,0.6095,,0.6858,S,90,0,◎1着固定 2-3着流し（5〜8点）,0.5777,"{'is_target': True, 'verdict': '参加推奨', 'max_combo_prob': 0.084, 'est_top_odds': 15.9, 'circle_concentration': 62.0, 'eligible_count': 6, 'bet_adj': 2, 'reason': 'rel_win1=72.3%（本命度） / 最有力組み合わせ確率: 0.084（推定実オッズ?16倍） / 2着集中度: 上位2艇 62.0%（補正+0.00） / 総合判定確率: 0.084 / → ヒモ分散。1号艇1着固定で広めのヒモ流し推奨（買い目+2点）', 'tenji_trigger': '展示確認: ヒモ分散レース。1号艇伸び確認後、広めのヒモ流しを採用。穴ヒモ（5・6号艇）を積極的に含める。'}",,,24.2,逃げ狙い,11.43,23,2,,,,,0,0,0.7559,0,,逃げ軸流し,A
2025-08-05,丸亀,8,2,小池礼乃,A2,33.33,2,,9.4705,34.5,93,40.7,0.1756,3.9259,,,0,低,61,0,ま0% 抜0%,21,0,24.6,0.7009,0,0,0.0833,0,0.0833,0.29,0.22,0,,,D,○,,0.0612,0.612,,0.6858,S,90,0,◎1着固定 2-3着流し（5〜8点）,0.5777,"{'is_target': True, 'verdict': '参加推奨', 'max_combo_prob': 0.084, 'est_top_odds': 15.9, 'circle_concentration': 62.0, 'eligible_count': 6, 'bet_adj': 2, 'reason': 'rel_win1=72.3%（本命度） / 最有力組み合わせ確率: 0.084（推定実オッズ?16倍） / 2着集中度: 上位2艇 62.0%（補正+0.00） / 総合判定確率: 0.084 / → ヒモ分散。1号艇1着固定で広めのヒモ流し推奨（買い目+2点）', 'tenji_trigger': '展示確認: ヒモ分散レース。1号艇伸び確認後、広めのヒモ流しを採用。穴ヒモ（5・6号艇）を積極的に含める。'}",,,24.2,逃げ狙い,11.43,23,2,,,,,,,,,,,
2025-08-05,丸亀,8,3,山川波乙,B1,31.55,3,,5.8996,27.5,86,39.1,0.1735,3.413,,,0,低,59,0,ま0%,45,0,23.3,0.7381,0,0,0.0526,0,0,0.0714,0.2857,0.0714,,,E,,,0.1309,0.5385,,0.6858,S,90,0,◎1着固定 2-3着流し（5〜8点）,0.5777,"{'is_target': True, 'verdict': '参加推奨', 'max_combo_prob': 0.084, 'est_top_odds': 15.9, 'circle_concentration': 62.0, 'eligible_count': 6, 'bet_adj': 2, 'reason': 'rel_win1=72.3%（本命度） / 最有力組み合わせ確率: 0.084（推定実オッズ?16倍） / 2着集中度: 上位2艇 62.0%（補正+0.00） / 総合判定確率: 0.084 / → ヒモ分散。1号艇1着固定で広めのヒモ流し推奨（買い目+2点）', 'tenji_trigger': '展示確認: ヒモ分散レース。1号艇伸び確認後、広めのヒモ流しを採用。穴ヒモ（5・6号艇）を積極的に含める。'}",,,24.2,逃げ狙い,11.43,23,2,,,,,,,,,,,
2025-08-05,丸亀,8,4,小原聡将,A2,46.12,4,○,8.681,27.2,93,58.1,0.1509,3.0698,,,0,低,70,0,-,11,0,21.6,0.5855,0,0.1,0.05,0,0,0.0705,0.2051,0.016,,,A,◎,◎,0.2645,0.67,0.4244,0.6858,S,90,0,◎1着固定 2-3着流し（5〜8点）,0.5777,"{'is_target': True, 'verdict': '参加推奨', 'max_combo_prob': 0.084, 'est_top_odds': 15.9, 'circle_concentration': 62.0, 'eligible_count': 6, 'bet_adj': 2, 'reason': 'rel_win1=72.3%（本命度） / 最有力組み合わせ確率: 0.084（推定実オッズ?16倍） / 2着集中度: 上位2艇 62.0%（補正+0.00） / 総合判定確率: 0.084 / → ヒモ分散。1号艇1着固定で広めのヒモ流し推奨（買い目+2点）', 'tenji_trigger': '展示確認: ヒモ分散レース。1号艇伸び確認後、広めのヒモ流しを採用。穴ヒモ（5・6号艇）を積極的に含める。'}",,,24.2,逃げ狙い,11.43,23,2,,,,,,,,,,,
2025-08-05,丸亀,8,5,山田和佐,B1,38.99,5,▲,2.534,7.4,100,31.9,0.1719,3.9348,,,0,低,130,0,-,5,0,26.6,0.634,0,0,0,0.0256,0,0.1769,0.0308,0.1923,,,C,△,,0.1841,0.5895,,0.6858,S,90,0,◎1着固定 2-3着流し（5〜8点）,0.5777,"{'is_target': True, 'verdict': '参加推奨', 'max_combo_prob': 0.084, 'est_top_odds': 15.9, 'circle_concentration': 62.0, 'eligible_count': 6, 'bet_adj': 2, 'reason': 'rel_win1=72.3%（本命度） / 最有力組み合わせ確率: 0.084（推定実オッズ?16倍） / 2着集中度: 上位2艇 62.0%（補正+0.00） / 総合判定確率: 0.084 / → ヒモ分散。1号艇1着固定で広めのヒモ流し推奨（買い目+2点）', 'tenji_trigger': '展示確認: ヒモ分散レース。1号艇伸び確認後、広めのヒモ流しを採用。穴ヒモ（5・6号艇）を積極的に含める。'}",,,24.2,逃げ狙い,11.43,23,2,,,,,,,,,,,
2025-08-05,丸亀,8,6,樋江井舞,B1,40.49,6,△,1.089,3.4,18,4.3,0.1948,4.0924,,,0,低,76,0,-,6,0,22.1,0.635,,,,,,,,,,,B,,,0.1472,0.539,,0.6858,S,90,0,◎1着固定 2-3着流し（5〜8点）,0.5777,"{'is_target': True, 'verdict': '参加推奨', 'max_combo_prob': 0.084, 'est_top_odds': 15.9, 'circle_concentration': 62.0, 'eligible_count': 6, 'bet_adj': 2, 'reason': 'rel_win1=72.3%（本命度） / 最有力組み合わせ確率: 0.084（推定実オッズ?16倍） / 2着集中度: 上位2艇 62.0%（補正+0.00） / 総合判定確率: 0.084 / → ヒモ分散。1号艇1着固定で広めのヒモ流し推奨（買い目+2点）', 'tenji_trigger': '展示確認: ヒモ分散レース。1号艇伸び確認後、広めのヒモ流しを採用。穴ヒモ（5・6号艇）を積極的に含める。'}",,,24.2,逃げ狙い,11.43,23,2,,,,,,,,,,,
2025-08-05,丸亀,9,1,南　佑典,A2,32.71,1,◎,60.446,,0,93.7,0.1627,3.254,,,0,低,162,0,逃1%,33,0,82.5,1.0171,0.6207,,,,,0.0138,0.2161,0.0552,◎,,C,○,,,0.6305,,0.4701,S,89,0,◎1着固定 2-3着流し（5〜8点）,0.5777,"{'is_target': True, 'verdict': '点数絞り', 'max_combo_prob': 0.1235, 'est_top_odds': 10.8, 'circle_concentration': 74.6, 'eligible_count': 6, 'bet_adj': 0, 'reason': 'rel_win1=60.4%（本命度） / 最有力組み合わせ確率: 0.124（推定実オッズ?11倍） / 2着集中度: 上位2艇 74.6%（補正+0.04） / 総合判定確率: 0.164 / → ヒモはやや固め。上位2艇以外を切ること', 'tenji_trigger': '展示確認: 1号艇伸び良→そのまま採用。悪→飛び組に差し替え。circle_pct上位2艇に絞り込むこと。'}",,,27.6,逃げ狙い,16.05,28.5,2,,,,,0,0,0.7559,0,,逃げ軸流し,A
2025-08-05,丸亀,9,2,田中辰彦,A1,35.12,2,○,19.6485,51.3,92,70.8,0.168,3.5077,,,0,低,117,0,差0% ま0% 抜0%,53,0,70.9,1.2129,0,0.25,0.0556,0,0.0278,0.0114,0.2229,0.0571,,,B,◎,,0.304,0.662,,0.4701,S,89,0,◎1着固定 2-3着流し（5〜8点）,0.5777,"{'is_target': True, 'verdict': '点数絞り', 'max_combo_prob': 0.1235, 'est_top_odds': 10.8, 'circle_concentration': 74.6, 'eligible_count': 6, 'bet_adj': 0, 'reason': 'rel_win1=60.4%（本命度） / 最有力組み合わせ確率: 0.124（推定実オッズ?11倍） / 2着集中度: 上位2艇 74.6%（補正+0.04） / 総合判定確率: 0.164 / → ヒモはやや固め。上位2艇以外を切ること', 'tenji_trigger': '展示確認: 1号艇伸び良→そのまま採用。悪→飛び組に差し替え。circle_pct上位2艇に絞り込むこと。'}",,,27.6,逃げ狙い,16.05,28.5,2,,,,,,,,,,,
2025-08-05,丸亀,9,3,森安弘雅,A2,42.45,3,▲,12.6577,23.3,100,50.7,0.1718,3.7183,,,0,低,178,0,ま0%,54,0,77.4,1.425,0,0,0.0968,0.0323,0,0.0167,0.1833,0.2,,,A,,,0.266,0.6065,,0.4701,S,89,0,◎1着固定 2-3着流し（5〜8点）,0.5777,"{'is_target': True, 'verdict': '点数絞り', 'max_combo_prob': 0.1235, 'est_top_odds': 10.8, 'circle_concentration': 74.6, 'eligible_count': 6, 'bet_adj': 0, 'reason': 'rel_win1=60.4%（本命度） / 最有力組み合わせ確率: 0.124（推定実オッズ?11倍） / 2着集中度: 上位2艇 74.6%（補正+0.04） / 総合判定確率: 0.164 / → ヒモはやや固め。上位2艇以外を切ること', 'tenji_trigger': '展示確認: 1号艇伸び良→そのまま採用。悪→飛び組に差し替え。circle_pct上位2艇に絞り込むこと。'}",,,27.6,逃げ狙い,16.05,28.5,2,,,,,,,,,,,
2025-08-05,丸亀,9,4,西田和加,B2,31.94,4,,3.0891,6.8,65,3.3,0.2397,4.6333,,,0,低,88,0,-,6,0,11.1,0.5647,,,,,,0.4,0.4,0.2,,,D,,,0.1692,0.431,,0.4701,S,89,0,◎1着固定 2-3着流し（5〜8点）,0.5777,"{'is_target': True, 'verdict': '点数絞り', 'max_combo_prob': 0.1235, 'est_top_odds': 10.8, 'circle_concentration': 74.6, 'eligible_count': 6, 'bet_adj': 0, 'reason': 'rel_win1=60.4%（本命度） / 最有力組み合わせ確率: 0.124（推定実オッズ?11倍） / 2着集中度: 上位2艇 74.6%（補正+0.04） / 総合判定確率: 0.164 / → ヒモはやや固め。上位2艇以外を切ること', 'tenji_trigger': '展示確認: 1号艇伸び良→そのまま採用。悪→飛び組に差し替え。circle_pct上位2艇に絞り込むこと。'}",,,27.6,逃げ狙い,16.05,28.5,2,,,,,,,,,,,
2025-08-05,丸亀,9,5,梶山涼斗,B1,30.58,5,△,3.0613,18.3,68,36.2,0.1338,2.5431,,,0,低,51,0,差ま0%,33,0,63.6,1.0248,0,0,0,0.0435,0,0,0.0941,0.1671,,◎,D,△,,0.4052,0.624,,0.4701,S,89,0,◎1着固定 2-3着流し（5〜8点）,0.5777,"{'is_target': True, 'verdict': '点数絞り', 'max_combo_prob': 0.1235, 'est_top_odds': 10.8, 'circle_concentration': 74.6, 'eligible_count': 6, 'bet_adj': 0, 'reason': 'rel_win1=60.4%（本命度） / 最有力組み合わせ確率: 0.124（推定実オッズ?11倍） / 2着集中度: 上位2艇 74.6%（補正+0.04） / 総合判定確率: 0.164 / → ヒモはやや固め。上位2艇以外を切ること', 'tenji_trigger': '展示確認: 1号艇伸び良→そのまま採用。悪→飛び組に差し替え。circle_pct上位2艇に絞り込むこと。'}",,,27.6,逃げ狙い,16.05,28.5,2,,,,,,,,,,,
2025-08-05,丸亀,9,6,横井健太,B1,32.54,6,,1.0975,0.3,18,4.6,0.1909,4.7462,,,0,低,172,0,-,2,0,51.1,0.8733,,,,,,0.0842,0.5553,0.3184,,,D,△,,0.2563,0.6205,,0.4701,S,89,0,◎1着固定 2-3着流し（5〜8点）,0.5777,"{'is_target': True, 'verdict': '点数絞り', 'max_combo_prob': 0.1235, 'est_top_odds': 10.8, 'circle_concentration': 74.6, 'eligible_count': 6, 'bet_adj': 0, 'reason': 'rel_win1=60.4%（本命度） / 最有力組み合わせ確率: 0.124（推定実オッズ?11倍） / 2着集中度: 上位2艇 74.6%（補正+0.04） / 総合判定確率: 0.164 / → ヒモはやや固め。上位2艇以外を切ること', 'tenji_trigger': '展示確認: 1号艇伸び良→そのまま採用。悪→飛び組に差し替え。circle_pct上位2艇に絞り込むこと。'}",,,27.6,逃げ狙い,16.05,28.5,2,,,,,,,,,,,
2025-08-05,丸亀,10,1,天野友和,A2,35.24,1,◎,63.4426,,0,96.4,0.1664,3.494,,,0,低,104,0,逃1%,12,0,82.9,1.2403,0.7027,,,,,0.2341,0.1416,0.0216,○,,C,◎,,,0.6795,,0.4349,S,80,0,◎1着固定 2-3着流し（5〜8点）,0.5777,"{'is_target': True, 'verdict': '点数絞り', 'max_combo_prob': 0.1176, 'est_top_odds': 11.3, 'circle_concentration': 80.4, 'eligible_count': 6, 'bet_adj': 0, 'reason': 'rel_win1=63.4%（本命度） / 最有力組み合わせ確率: 0.118（推定実オッズ?11倍） / 2着集中度: 上位2艇 80.4%（補正+0.04） / 総合判定確率: 0.158 / → ヒモはやや固め。上位2艇以外を切ること', 'tenji_trigger': '展示確認: 1号艇伸び良→そのまま採用。悪→飛び組に差し替え。circle_pct上位2艇に絞り込むこと。'}",,,30.1,逃げ狙い,19.29,33,2,,,,,0,0,0.6155,0,,主役軸流し,B
2025-08-05,丸亀,10,2,石倉洋行,A1,40.29,2,○,16.9236,63.2,49,73.3,0.1529,3.2667,,,0,低,50,0,-,44,0,49,1.0741,0,0.1905,0,0,0,0.0125,0.2,0.0125,,◎,C,○,,0.5148,0.636,,0.4349,S,80,0,◎1着固定 2-3着流し（5〜8点）,0.5777,"{'is_target': True, 'verdict': '点数絞り', 'max_combo_prob': 0.1176, 'est_top_odds': 11.3, 'circle_concentration': 80.4, 'eligible_count': 6, 'bet_adj': 0, 'reason': 'rel_win1=63.4%（本命度） / 最有力組み合わせ確率: 0.118（推定実オッズ?11倍） / 2着集中度: 上位2艇 80.4%（補正+0.04） / 総合判定確率: 0.158 / → ヒモはやや固め。上位2艇以外を切ること', 'tenji_trigger': '展示確認: 1号艇伸び良→そのまま採用。悪→飛び組に差し替え。circle_pct上位2艇に絞り込むこと。'}",,,30.1,逃げ狙い,19.29,33,2,,,,,,,,,,,
2025-08-05,丸亀,10,3,加藤　綾,B1,44.16,3,△,7.2074,10.5,100,41.2,0.2026,3.8971,,,0,低,80,0,-,4,0,100,0.7727,,,,,,0.0857,0.2571,0.4571,,,B,,,0.1589,0.5595,,0.4349,S,80,0,◎1着固定 2-3着流し（5〜8点）,0.5777,"{'is_target': True, 'verdict': '点数絞り', 'max_combo_prob': 0.1176, 'est_top_odds': 11.3, 'circle_concentration': 80.4, 'eligible_count': 6, 'bet_adj': 0, 'reason': 'rel_win1=63.4%（本命度） / 最有力組み合わせ確率: 0.118（推定実オッズ?11倍） / 2着集中度: 上位2艇 80.4%（補正+0.04） / 総合判定確率: 0.158 / → ヒモはやや固め。上位2艇以外を切ること', 'tenji_trigger': '展示確認: 1号艇伸び良→そのまま採用。悪→飛び組に差し替え。circle_pct上位2艇に絞り込むこと。'}",,,30.1,逃げ狙い,19.29,33,2,,,,,,,,,,,
2025-08-05,丸亀,10,4,内山七海,B1,33.49,4,,6.2875,17.2,74,37.5,0.1642,3.7708,,,0,低,46,0,-,2,0,35.9,0.8117,0,0.0526,0,0,0,0.195,0.195,0.05,,,D,,,0.3114,0.5395,,0.4349,S,80,0,◎1着固定 2-3着流し（5〜8点）,0.5777,"{'is_target': True, 'verdict': '点数絞り', 'max_combo_prob': 0.1176, 'est_top_odds': 11.3, 'circle_concentration': 80.4, 'eligible_count': 6, 'bet_adj': 0, 'reason': 'rel_win1=63.4%（本命度） / 最有力組み合わせ確率: 0.118（推定実オッズ?11倍） / 2着集中度: 上位2艇 80.4%（補正+0.04） / 総合判定確率: 0.158 / → ヒモはやや固め。上位2艇以外を切ること', 'tenji_trigger': '展示確認: 1号艇伸び良→そのまま採用。悪→飛び組に差し替え。circle_pct上位2艇に絞り込むこと。'}",,,30.1,逃げ狙い,19.29,33,2,,,,,,,,,,,
2025-08-05,丸亀,10,5,長尾萌加,B1,32.21,5,,2.289,1.3,79,25,0.1771,3.9792,,,0,低,104,0,-,4,0,25.6,0.494,,,,,,0.28,0.6,0,,,E,△,,0.3008,0.563,,0.4349,S,80,0,◎1着固定 2-3着流し（5〜8点）,0.5777,"{'is_target': True, 'verdict': '点数絞り', 'max_combo_prob': 0.1176, 'est_top_odds': 11.3, 'circle_concentration': 80.4, 'eligible_count': 6, 'bet_adj': 0, 'reason': 'rel_win1=63.4%（本命度） / 最有力組み合わせ確率: 0.118（推定実オッズ?11倍） / 2着集中度: 上位2艇 80.4%（補正+0.04） / 総合判定確率: 0.158 / → ヒモはやや固め。上位2艇以外を切ること', 'tenji_trigger': '展示確認: 1号艇伸び良→そのまま採用。悪→飛び組に差し替え。circle_pct上位2艇に絞り込むこと。'}",,,30.1,逃げ狙い,19.29,33,2,,,,,,,,,,,
2025-08-05,丸亀,10,6,船岡洋一,A1,45.59,6,▲,3.8498,7.8,88,59.5,0.1889,4.0946,,,0,低,67,0,差ま0%,12,0,25.6,2.265,0,0,0,0.0556,0,0.0811,0.027,0.1081,,,B,△,,0.2341,0.6315,,0.4349,S,80,0,◎1着固定 2-3着流し（5〜8点）,0.5777,"{'is_target': True, 'verdict': '点数絞り', 'max_combo_prob': 0.1176, 'est_top_odds': 11.3, 'circle_concentration': 80.4, 'eligible_count': 6, 'bet_adj': 0, 'reason': 'rel_win1=63.4%（本命度） / 最有力組み合わせ確率: 0.118（推定実オッズ?11倍） / 2着集中度: 上位2艇 80.4%（補正+0.04） / 総合判定確率: 0.158 / → ヒモはやや固め。上位2艇以外を切ること', 'tenji_trigger': '展示確認: 1号艇伸び良→そのまま採用。悪→飛び組に差し替え。circle_pct上位2艇に絞り込むこと。'}",,,30.1,逃げ狙い,19.29,33,2,,,,,,,,,,,
2025-08-05,丸亀,11,1,谷津幸宏,A1,39.61,1,◎,61.2091,,0,87.2,0.1251,2.1221,,,0,低,52,0,逃0% 抜0%,46,0,86.7,1.1003,0.6905,,,,,0.0476,0.0714,0.119,◎,,B,△,,,0.6535,,0.7203,S,83,0,◎1着固定 2-3着流し（5〜8点）,0.5777,"{'is_target': True, 'verdict': '点数絞り', 'max_combo_prob': 0.1161, 'est_top_odds': 11.5, 'circle_concentration': 71.0, 'eligible_count': 6, 'bet_adj': 0, 'reason': 'rel_win1=61.2%（本命度） / 最有力組み合わせ確率: 0.116（推定実オッズ?12倍） / 2着集中度: 上位2艇 71.0%（補正+0.04） / 総合判定確率: 0.156 / → ヒモはやや固め。上位2艇以外を切ること', 'tenji_trigger': '展示確認: 1号艇伸び良→そのまま採用。悪→飛び組に差し替え。circle_pct上位2艇に絞り込むこと。\n展示で1号艇スタート超安定(0.125秒)→ヒモ固まり方向に注意'}",,,26.9,逃げ狙い,17.59,25.3,2,,,,,0,0,0.7559,0,,逃げ軸流し,A
2025-08-05,丸亀,11,2,妹尾忠幸,A2,37.75,2,△,11.4945,49.7,98,77.8,0.145,3.1181,,,0,低,119,0,抜0%,62,0,65.2,1.2169,0,0,0,0,0.0323,0.0108,0.3328,0.1398,,,D,○,,0.1356,0.659,,0.7203,S,83,0,◎1着固定 2-3着流し（5〜8点）,0.5777,"{'is_target': True, 'verdict': '点数絞り', 'max_combo_prob': 0.1161, 'est_top_odds': 11.5, 'circle_concentration': 71.0, 'eligible_count': 6, 'bet_adj': 0, 'reason': 'rel_win1=61.2%（本命度） / 最有力組み合わせ確率: 0.116（推定実オッズ?12倍） / 2着集中度: 上位2艇 71.0%（補正+0.04） / 総合判定確率: 0.156 / → ヒモはやや固め。上位2艇以外を切ること', 'tenji_trigger': '展示確認: 1号艇伸び良→そのまま採用。悪→飛び組に差し替え。circle_pct上位2艇に絞り込むこと。\n展示で1号艇スタート超安定(0.125秒)→ヒモ固まり方向に注意'}",,,26.9,逃げ狙い,17.59,25.3,2,,,,,,,,,,,
2025-08-05,丸亀,11,3,荒牧凪沙,B1,40.64,3,○,10.8191,21.3,64,54.7,0.174,3.6604,,,0,低,117,0,-,4,0,22.4,0.7431,0,0.04,0.12,0,0,0.0571,0.2857,0.2571,,,B,△,,0.1343,0.5875,,0.7203,S,83,0,◎1着固定 2-3着流し（5〜8点）,0.5777,"{'is_target': True, 'verdict': '点数絞り', 'max_combo_prob': 0.1161, 'est_top_odds': 11.5, 'circle_concentration': 71.0, 'eligible_count': 6, 'bet_adj': 0, 'reason': 'rel_win1=61.2%（本命度） / 最有力組み合わせ確率: 0.116（推定実オッズ?12倍） / 2着集中度: 上位2艇 71.0%（補正+0.04） / 総合判定確率: 0.156 / → ヒモはやや固め。上位2艇以外を切ること', 'tenji_trigger': '展示確認: 1号艇伸び良→そのまま採用。悪→飛び組に差し替え。circle_pct上位2艇に絞り込むこと。\n展示で1号艇スタート超安定(0.125秒)→ヒモ固まり方向に注意'}",,,26.9,逃げ狙い,17.59,25.3,2,,,,,,,,,,,
2025-08-05,丸亀,11,4,安田政彦,A2,39.09,4,,6.9066,6.6,100,54.9,0.21,4.2451,,,0,低,147,0,-,2,0,55.8,1.2672,0,0,0.0625,0,0,0.2188,0.3285,0.1918,,,C,,,0.127,0.5665,,0.7203,S,83,0,◎1着固定 2-3着流し（5〜8点）,0.5777,"{'is_target': True, 'verdict': '点数絞り', 'max_combo_prob': 0.1161, 'est_top_odds': 11.5, 'circle_concentration': 71.0, 'eligible_count': 6, 'bet_adj': 0, 'reason': 'rel_win1=61.2%（本命度） / 最有力組み合わせ確率: 0.116（推定実オッズ?12倍） / 2着集中度: 上位2艇 71.0%（補正+0.04） / 総合判定確率: 0.156 / → ヒモはやや固め。上位2艇以外を切ること', 'tenji_trigger': '展示確認: 1号艇伸び良→そのまま採用。悪→飛び組に差し替え。circle_pct上位2艇に絞り込むこと。\n展示で1号艇スタート超安定(0.125秒)→ヒモ固まり方向に注意'}",,,26.9,逃げ狙い,17.59,25.3,2,,,,,,,,,,,
2025-08-05,丸亀,11,5,丸岡正典,A1,38.73,5,,7.0474,20,62,57.5,0.173,3.45,,,0,低,100,0,-,11,0,67.4,1.2169,0,0,0,0.0833,0,0.0118,0.3042,0.1681,,,D,◎,◎,0.1516,0.667,0.3866,0.7203,S,83,0,◎1着固定 2-3着流し（5〜8点）,0.5777,"{'is_target': True, 'verdict': '点数絞り', 'max_combo_prob': 0.1161, 'est_top_odds': 11.5, 'circle_concentration': 71.0, 'eligible_count': 6, 'bet_adj': 0, 'reason': 'rel_win1=61.2%（本命度） / 最有力組み合わせ確率: 0.116（推定実オッズ?12倍） / 2着集中度: 上位2艇 71.0%（補正+0.04） / 総合判定確率: 0.156 / → ヒモはやや固め。上位2艇以外を切ること', 'tenji_trigger': '展示確認: 1号艇伸び良→そのまま採用。悪→飛び組に差し替え。circle_pct上位2艇に絞り込むこと。\n展示で1号艇スタート超安定(0.125秒)→ヒモ固まり方向に注意'}",,,26.9,逃げ狙い,17.59,25.3,2,,,,,,,,,,,
2025-08-05,丸亀,11,6,村越　篤,B1,39.15,6,▲,2.5235,2.4,36,21.8,0.184,4.4364,,,0,低,142,0,-,1,0,36.8,0.8367,0,0.04,0,0,0,0.2516,0.0129,0.0774,,,C,◎,,0.1169,0.667,,0.7203,S,83,0,◎1着固定 2-3着流し（5〜8点）,0.5777,"{'is_target': True, 'verdict': '点数絞り', 'max_combo_prob': 0.1161, 'est_top_odds': 11.5, 'circle_concentration': 71.0, 'eligible_count': 6, 'bet_adj': 0, 'reason': 'rel_win1=61.2%（本命度） / 最有力組み合わせ確率: 0.116（推定実オッズ?12倍） / 2着集中度: 上位2艇 71.0%（補正+0.04） / 総合判定確率: 0.156 / → ヒモはやや固め。上位2艇以外を切ること', 'tenji_trigger': '展示確認: 1号艇伸び良→そのまま採用。悪→飛び組に差し替え。circle_pct上位2艇に絞り込むこと。\n展示で1号艇スタート超安定(0.125秒)→ヒモ固まり方向に注意'}",,,26.9,逃げ狙い,17.59,25.3,2,,,,,,,,,,,
2025-08-05,丸亀,12,1,上平真二,A1,30.10,1,◎,55.4921,,0,96.1,0.1575,3.6275,,,0,低,81,0,逃1%,23,0,90.6,1.2063,0.7083,,,,,0.1533,0.0333,0,◎,,D,○,,,0.6155,,0.4599,S,84,0,◎1着固定 2-3着流し（5〜8点）,0.5777,"{'is_target': True, 'verdict': '参加推奨', 'max_combo_prob': 0.0785, 'est_top_odds': 17.0, 'circle_concentration': 72.9, 'eligible_count': 6, 'bet_adj': 2, 'reason': 'rel_win1=55.5%（本命度） / 最有力組み合わせ確率: 0.079（推定実オッズ?17倍） / 2着集中度: 上位2艇 72.9%（補正+0.04） / 総合判定確率: 0.119 / → ヒモ分散。1号艇1着固定で広めのヒモ流し推奨（買い目+2点）', 'tenji_trigger': '展示確認: ヒモ分散レース。1号艇伸び確認後、広めのヒモ流しを採用。穴ヒモ（5・6号艇）を積極的に含める。'}",,,29.5,逃げ狙い,23.14,28,3,,,,,0,0,0.7559,0,,逃げ軸流し,A
2025-08-05,丸亀,12,2,清水敦揮,A1,40.49,2,○,14.0989,44.3,97,73.6,0.1519,3.2264,,,0,低,120,0,-,35,0,49.9,1.049,0,0.24,0,0,0,0.0308,0.2115,0.1808,,◎,A,△,,0.4129,0.607,,0.4599,S,84,0,◎1着固定 2-3着流し（5〜8点）,0.5777,"{'is_target': True, 'verdict': '参加推奨', 'max_combo_prob': 0.0785, 'est_top_odds': 17.0, 'circle_concentration': 72.9, 'eligible_count': 6, 'bet_adj': 2, 'reason': 'rel_win1=55.5%（本命度） / 最有力組み合わせ確率: 0.079（推定実オッズ?17倍） / 2着集中度: 上位2艇 72.9%（補正+0.04） / 総合判定確率: 0.119 / → ヒモ分散。1号艇1着固定で広めのヒモ流し推奨（買い目+2点）', 'tenji_trigger': '展示確認: ヒモ分散レース。1号艇伸び確認後、広めのヒモ流しを採用。穴ヒモ（5・6号艇）を積極的に含める。'}",,,29.5,逃げ狙い,23.14,28,3,,,,,,,,,,,
2025-08-05,丸亀,12,3,吉田凌太,A1,37.16,3,▲,14.3677,28.6,73,70.9,0.1749,3.4273,,,0,低,100,0,差0% ま0% 差ま0%,35,0,61.5,1.371,0,0.0345,0.069,0.1379,0,0,0.0526,0.0316,,,B,△,,0.2174,0.6095,,0.4599,S,84,0,◎1着固定 2-3着流し（5〜8点）,0.5777,"{'is_target': True, 'verdict': '参加推奨', 'max_combo_prob': 0.0785, 'est_top_odds': 17.0, 'circle_concentration': 72.9, 'eligible_count': 6, 'bet_adj': 2, 'reason': 'rel_win1=55.5%（本命度） / 最有力組み合わせ確率: 0.079（推定実オッズ?17倍） / 2着集中度: 上位2艇 72.9%（補正+0.04） / 総合判定確率: 0.119 / → ヒモ分散。1号艇1着固定で広めのヒモ流し推奨（買い目+2点）', 'tenji_trigger': '展示確認: ヒモ分散レース。1号艇伸び確認後、広めのヒモ流しを採用。穴ヒモ（5・6号艇）を積極的に含める。'}",,,29.5,逃げ狙い,23.14,28,3,,,,,,,,,,,
2025-08-05,丸亀,12,4,渡　修平,B1,30.48,4,,6.8562,8.1,50,26.9,0.1862,4.0673,,,0,低,148,0,ま0% 差ま0%,6,0,22.2,0.6732,0,0,0.0741,0.037,0,0.0235,0.1906,0.1906,,,D,,○,0.1819,0.6,0.119,0.4599,S,84,0,◎1着固定 2-3着流し（5〜8点）,0.5777,"{'is_target': True, 'verdict': '参加推奨', 'max_combo_prob': 0.0785, 'est_top_odds': 17.0, 'circle_concentration': 72.9, 'eligible_count': 6, 'bet_adj': 2, 'reason': 'rel_win1=55.5%（本命度） / 最有力組み合わせ確率: 0.079（推定実オッズ?17倍） / 2着集中度: 上位2艇 72.9%（補正+0.04） / 総合判定確率: 0.119 / → ヒモ分散。1号艇1着固定で広めのヒモ流し推奨（買い目+2点）', 'tenji_trigger': '展示確認: ヒモ分散レース。1号艇伸び確認後、広めのヒモ流しを採用。穴ヒモ（5・6号艇）を積極的に含める。'}",,,29.5,逃げ狙い,23.14,28,3,,,,,,,,,,,
2025-08-05,丸亀,12,5,加倉侑征,A2,29.30,5,△,7.4733,15.4,90,53.1,0.1289,2.7188,,,0,低,56,0,-,S,0,42.2,0.8857,0,0,0.0345,0.1379,0,0.2933,0.1333,0.16,,,D,◎,◎,0.3979,0.6175,0.4752,0.4599,S,84,0,◎1着固定 2-3着流し（5〜8点）,0.5777,"{'is_target': True, 'verdict': '参加推奨', 'max_combo_prob': 0.0785, 'est_top_odds': 17.0, 'circle_concentration': 72.9, 'eligible_count': 6, 'bet_adj': 2, 'reason': 'rel_win1=55.5%（本命度） / 最有力組み合わせ確率: 0.079（推定実オッズ?17倍） / 2着集中度: 上位2艇 72.9%（補正+0.04） / 総合判定確率: 0.119 / → ヒモ分散。1号艇1着固定で広めのヒモ流し推奨（買い目+2点）', 'tenji_trigger': '展示確認: ヒモ分散レース。1号艇伸び確認後、広めのヒモ流しを採用。穴ヒモ（5・6号艇）を積極的に含める。'}",,,29.5,逃げ狙い,23.14,28,3,,,,,,,,,,,
2025-08-05,丸亀,12,6,平田健之,A2,31.22,6,,1.7118,3.6,100,35.6,0.1815,3.8644,,,0,低,124,0,-,31,0,42,0.9422,,,,,,0.1375,0.025,0.125,,,C,○,,0.2343,0.6155,,0.4599,S,84,0,◎1着固定 2-3着流し（5〜8点）,0.5777,"{'is_target': True, 'verdict': '参加推奨', 'max_combo_prob': 0.0785, 'est_top_odds': 17.0, 'circle_concentration': 72.9, 'eligible_count': 6, 'bet_adj': 2, 'reason': 'rel_win1=55.5%（本命度） / 最有力組み合わせ確率: 0.079（推定実オッズ?17倍） / 2着集中度: 上位2艇 72.9%（補正+0.04） / 総合判定確率: 0.119 / → ヒモ分散。1号艇1着固定で広めのヒモ流し推奨（買い目+2点）', 'tenji_trigger': '展示確認: ヒモ分散レース。1号艇伸び確認後、広めのヒモ流しを採用。穴ヒモ（5・6号艇）を積極的に含める。'}",,,29.5,逃げ狙い,23.14,28,3,,,,,,,,,,,
2025-08-06,丸亀,1,1,村越　篤,B1,39.15,1,◎,64.8856,,0,94.7,0.1692,3.625,,,0,低,142,0,逃1%,1 56,0,70.4,1.1016,0.6452,,,,,0.2516,0.0129,0.0774,○,,B,◎,,,0.667,,0.4399,S,89,0,◎1着固定 2-3着流し（5〜8点）,0.5777,"{'is_target': True, 'verdict': '点数絞り', 'max_combo_prob': 0.1037, 'est_top_odds': 12.9, 'circle_concentration': 70.9, 'eligible_count': 6, 'bet_adj': 0, 'reason': 'rel_win1=64.9%（本命度） / 最有力組み合わせ確率: 0.104（推定実オッズ?13倍） / 2着集中度: 上位2艇 70.9%（補正+0.04） / 総合判定確率: 0.144 / → ヒモはやや固め。上位2艇以外を切ること', 'tenji_trigger': '展示確認: 1号艇伸び良→そのまま採用。悪→飛び組に差し替え。circle_pct上位2艇に絞り込むこと。'}",,,28.1,逃げ狙い,14.4,31.4,4,,,,,0,0,0.6155,0,,逃げ軸流し,A
2025-08-06,丸亀,1,2,水野望美,B1,33.01,2,○,9.0489,48.6,75,50,0.1533,3.3472,,,0,低,63,0,-,531,0,100,1.9555,0,0.0588,0,0,0,0,0.1,0,,◎,C,△,,0.5088,0.6245,,0.4399,S,89,0,◎1着固定 2-3着流し（5〜8点）,0.5777,"{'is_target': True, 'verdict': '点数絞り', 'max_combo_prob': 0.1037, 'est_top_odds': 12.9, 'circle_concentration': 70.9, 'eligible_count': 6, 'bet_adj': 0, 'reason': 'rel_win1=64.9%（本命度） / 最有力組み合わせ確率: 0.104（推定実オッズ?13倍） / 2着集中度: 上位2艇 70.9%（補正+0.04） / 総合判定確率: 0.144 / → ヒモはやや固め。上位2艇以外を切ること', 'tenji_trigger': '展示確認: 1号艇伸び良→そのまま採用。悪→飛び組に差し替え。circle_pct上位2艇に絞り込むこと。'}",,,28.1,逃げ狙い,14.4,31.4,4,,,,,,,,,,,
2025-08-06,丸亀,1,3,長尾萌加,B1,32.21,3,,6.6622,21.7,81,36.8,0.1684,4,,,0,低,104,0,-,4 23,0,52.2,0.7085,,,,,,0.28,0.6,0,,,D,,,0.3328,0.563,,0.4399,S,89,0,◎1着固定 2-3着流し（5〜8点）,0.5777,"{'is_target': True, 'verdict': '点数絞り', 'max_combo_prob': 0.1037, 'est_top_odds': 12.9, 'circle_concentration': 70.9, 'eligible_count': 6, 'bet_adj': 0, 'reason': 'rel_win1=64.9%（本命度） / 最有力組み合わせ確率: 0.104（推定実オッズ?13倍） / 2着集中度: 上位2艇 70.9%（補正+0.04） / 総合判定確率: 0.144 / → ヒモはやや固め。上位2艇以外を切ること', 'tenji_trigger': '展示確認: 1号艇伸び良→そのまま採用。悪→飛び組に差し替え。circle_pct上位2艇に絞り込むこと。'}",,,28.1,逃げ狙い,14.4,31.4,4,,,,,,,,,,,
2025-08-06,丸亀,1,4,楠原正剛,B1,32.69,4,▲,12.9204,22.3,66,54,0.148,3.1959,,,0,低,109,0,-,253,0,100,2.4653,0,0.037,0.1111,0.1481,0,0.2206,0.0706,0.3706,,○,C,△,◎,0.4014,0.6025,0.4758,0.4399,S,89,0,◎1着固定 2-3着流し（5〜8点）,0.5777,"{'is_target': True, 'verdict': '点数絞り', 'max_combo_prob': 0.1037, 'est_top_odds': 12.9, 'circle_concentration': 70.9, 'eligible_count': 6, 'bet_adj': 0, 'reason': 'rel_win1=64.9%（本命度） / 最有力組み合わせ確率: 0.104（推定実オッズ?13倍） / 2着集中度: 上位2艇 70.9%（補正+0.04） / 総合判定確率: 0.144 / → ヒモはやや固め。上位2艇以外を切ること', 'tenji_trigger': '展示確認: 1号艇伸び良→そのまま採用。悪→飛び組に差し替え。circle_pct上位2艇に絞り込むこと。'}",,,28.1,逃げ狙い,14.4,31.4,4,,,,,,,,,,,
2025-08-06,丸亀,1,5,山川波乙,B1,31.55,5,,3.2939,7.1,57,27.3,0.1909,3.6818,,,0,低,59,0,-,455,0,33.4,0.829,,,,,,0.0714,0.2857,0.0714,,,D,,,0.242,0.5385,,0.4399,S,89,0,◎1着固定 2-3着流し（5〜8点）,0.5777,"{'is_target': True, 'verdict': '点数絞り', 'max_combo_prob': 0.1037, 'est_top_odds': 12.9, 'circle_concentration': 70.9, 'eligible_count': 6, 'bet_adj': 0, 'reason': 'rel_win1=64.9%（本命度） / 最有力組み合わせ確率: 0.104（推定実オッズ?13倍） / 2着集中度: 上位2艇 70.9%（補正+0.04） / 総合判定確率: 0.144 / → ヒモはやや固め。上位2艇以外を切ること', 'tenji_trigger': '展示確認: 1号艇伸び良→そのまま採用。悪→飛び組に差し替え。circle_pct上位2艇に絞り込むこと。'}",,,28.1,逃げ狙い,14.4,31.4,4,,,,,,,,,,,
2025-08-06,丸亀,1,6,山崎義明,B1,34.15,6,△,3.1891,0.3,100,41.2,0.1802,4.1569,,,0,低,95,0,-,125,0,31.5,1.2003,0,0.0625,0,0,0,0.0833,0.3571,0.2714,,,C,○,,0.2507,0.6385,,0.4399,S,89,0,◎1着固定 2-3着流し（5〜8点）,0.5777,"{'is_target': True, 'verdict': '点数絞り', 'max_combo_prob': 0.1037, 'est_top_odds': 12.9, 'circle_concentration': 70.9, 'eligible_count': 6, 'bet_adj': 0, 'reason': 'rel_win1=64.9%（本命度） / 最有力組み合わせ確率: 0.104（推定実オッズ?13倍） / 2着集中度: 上位2艇 70.9%（補正+0.04） / 総合判定確率: 0.144 / → ヒモはやや固め。上位2艇以外を切ること', 'tenji_trigger': '展示確認: 1号艇伸び良→そのまま採用。悪→飛び組に差し替え。circle_pct上位2艇に絞り込むこと。'}",,,28.1,逃げ狙い,14.4,31.4,4,,,,,,,,,,,
2025-08-06,丸亀,2,1,山口修路,B1,27.14,1,◎,47.8396,,0,88.2,0.1562,3.0147,,,0,低,181,0,逃0%,266,0,71.8,1.0953,0.3077,,,,,0.1538,0.3077,0.1538,○,,E,,,,0.527,,0.3476,A,71,0,◎-○軸 3着3〜4艇流し（10〜15点）,0.5777,"{'is_target': True, 'verdict': '参加推奨', 'max_combo_prob': 0.0793, 'est_top_odds': 16.8, 'circle_concentration': 72.2, 'eligible_count': 8, 'bet_adj': 2, 'reason': 'rel_win1=47.8%（本命度） / 最有力組み合わせ確率: 0.079（推定実オッズ?17倍） / 2着集中度: 上位2艇 72.2%（補正+0.04） / 総合判定確率: 0.119 / → ヒモ分散。1号艇1着固定で広めのヒモ流し推奨（買い目+2点）', 'tenji_trigger': '展示確認: ヒモ分散レース。1号艇伸び確認後、広めのヒモ流しを採用。穴ヒモ（5・6号艇）を積極的に含める。'}",,,30.6,逃げ狙い,16.51,36.9,5,,,,,0,0,0.6155,0,,逃げ軸流し,A
2025-08-06,丸亀,2,2,梶山涼斗,B1,30.58,2,△,13.3129,51.9,94,59.3,0.1289,2.5278,,,0,低,51,0,差0%,332,0,42.3,0.9795,0,0.1579,0,0,0,0,0.0941,0.1671,,◎,D,△,,0.5866,0.624,,0.3476,A,71,0,◎-○軸 3着3〜4艇流し（10〜15点）,0.5777,"{'is_target': True, 'verdict': '参加推奨', 'max_combo_prob': 0.0793, 'est_top_odds': 16.8, 'circle_concentration': 72.2, 'eligible_count': 8, 'bet_adj': 2, 'reason': 'rel_win1=47.8%（本命度） / 最有力組み合わせ確率: 0.079（推定実オッズ?17倍） / 2着集中度: 上位2艇 72.2%（補正+0.04） / 総合判定確率: 0.119 / → ヒモ分散。1号艇1着固定で広めのヒモ流し推奨（買い目+2点）', 'tenji_trigger': '展示確認: ヒモ分散レース。1号艇伸び確認後、広めのヒモ流しを採用。穴ヒモ（5・6号艇）を積極的に含める。'}",,,30.6,逃げ狙い,16.51,36.9,5,,,,,,,,,,,
2025-08-06,丸亀,2,3,新田智彰,B1,39.71,3,▲,15.2911,20.3,97,53.4,0.1726,3.2603,,,0,低,135,0,-,543,0,49.1,1.224,0,0,0,0.0938,0,0.0593,0.3437,0.1644,,,B,○,,0.2137,0.625,,0.3476,A,71,0,◎-○軸 3着3〜4艇流し（10〜15点）,0.5777,"{'is_target': True, 'verdict': '参加推奨', 'max_combo_prob': 0.0793, 'est_top_odds': 16.8, 'circle_concentration': 72.2, 'eligible_count': 8, 'bet_adj': 2, 'reason': 'rel_win1=47.8%（本命度） / 最有力組み合わせ確率: 0.079（推定実オッズ?17倍） / 2着集中度: 上位2艇 72.2%（補正+0.04） / 総合判定確率: 0.119 / → ヒモ分散。1号艇1着固定で広めのヒモ流し推奨（買い目+2点）', 'tenji_trigger': '展示確認: ヒモ分散レース。1号艇伸び確認後、広めのヒモ流しを採用。穴ヒモ（5・6号艇）を積極的に含める。'}",,,30.6,逃げ狙い,16.51,36.9,5,,,,,,,,,,,
2025-08-06,丸亀,2,4,長谷川親,B1,32.39,4,,7.8011,3.7,73,24.1,0.1774,3.8966,,,0,低,166,0,-,5 15,0,23.9,0.6406,,,,,,0.1111,0.3778,0.2222,,,C,,,0.2292,0.605,,0.3476,A,71,0,◎-○軸 3着3〜4艇流し（10〜15点）,0.5777,"{'is_target': True, 'verdict': '参加推奨', 'max_combo_prob': 0.0793, 'est_top_odds': 16.8, 'circle_concentration': 72.2, 'eligible_count': 8, 'bet_adj': 2, 'reason': 'rel_win1=47.8%（本命度） / 最有力組み合わせ確率: 0.079（推定実オッズ?17倍） / 2着集中度: 上位2艇 72.2%（補正+0.04） / 総合判定確率: 0.119 / → ヒモ分散。1号艇1着固定で広めのヒモ流し推奨（買い目+2点）', 'tenji_trigger': '展示確認: ヒモ分散レース。1号艇伸び確認後、広めのヒモ流しを採用。穴ヒモ（5・6号艇）を積極的に含める。'}",,,30.6,逃げ狙い,16.51,36.9,5,,,,,,,,,,,
2025-08-06,丸亀,2,5,上平真二,A1,30.10,5,,12.7758,18.6,100,84.6,0.1746,4.0962,,,0,低,81,0,差0% 差ま0%,2331,0,100,2.4167,0,0.0769,0,0.0769,0,0.1533,0.0333,0,,,D,△,,0.2322,0.6155,,0.3476,A,71,0,◎-○軸 3着3〜4艇流し（10〜15点）,0.5777,"{'is_target': True, 'verdict': '参加推奨', 'max_combo_prob': 0.0793, 'est_top_odds': 16.8, 'circle_concentration': 72.2, 'eligible_count': 8, 'bet_adj': 2, 'reason': 'rel_win1=47.8%（本命度） / 最有力組み合わせ確率: 0.079（推定実オッズ?17倍） / 2着集中度: 上位2艇 72.2%（補正+0.04） / 総合判定確率: 0.119 / → ヒモ分散。1号艇1着固定で広めのヒモ流し推奨（買い目+2点）', 'tenji_trigger': '展示確認: ヒモ分散レース。1号艇伸び確認後、広めのヒモ流しを採用。穴ヒモ（5・6号艇）を積極的に含める。'}",,,30.6,逃げ狙い,16.51,36.9,5,,,,,,,,,,,
2025-08-06,丸亀,2,6,麻生慎介,A2,42.65,6,○,2.9795,5.5,43,40.9,0.1366,2.7614,,,0,低,66,0,-,421,0,25.7,0.5733,,,,,,0.0381,0.4362,0.0381,,,B,◎,,0.3748,0.661,,0.3476,A,71,0,◎-○軸 3着3〜4艇流し（10〜15点）,0.5777,"{'is_target': True, 'verdict': '参加推奨', 'max_combo_prob': 0.0793, 'est_top_odds': 16.8, 'circle_concentration': 72.2, 'eligible_count': 8, 'bet_adj': 2, 'reason': 'rel_win1=47.8%（本命度） / 最有力組み合わせ確率: 0.079（推定実オッズ?17倍） / 2着集中度: 上位2艇 72.2%（補正+0.04） / 総合判定確率: 0.119 / → ヒモ分散。1号艇1着固定で広めのヒモ流し推奨（買い目+2点）', 'tenji_trigger': '展示確認: ヒモ分散レース。1号艇伸び確認後、広めのヒモ流しを採用。穴ヒモ（5・6号艇）を積極的に含める。'}",,,30.6,逃げ狙い,16.51,36.9,5,,,,,,,,,,,
2025-08-06,丸亀,3,1,小野信樹,B1,28.57,1,○,42.1526,,0,64.7,0.178,3.7941,,,0,低,119,0,-,642,0,97.5,1.4072,0.5,,,,,0.1533,0.3067,0.1867,△,,E,○,,,0.676,,0.2663,D,32,1,大荒れ。見送り推奨,0.5777,"{'is_target': False, 'verdict': '対象外', 'max_combo_prob': None, 'est_top_odds': None, 'circle_concentration': None, 'eligible_count': 0, 'bet_adj': 0, 'reason': '1号艇rel_win1 < 45%: 通常判定に委ねる', 'tenji_trigger': ''}",,,31.2,両建て推奨,19.15,36.3,2,2-1-4|2-1-3|1-2-4|1-2-3|1-3-4|1-4-2|1-3-2,5-1-6|5-6-1|2-1-4|2-1-3|3-5-4|3-4-6|3-4-5|1-2-4|1-2-3|1-3-4|1-4-2|1-3-2,2-1-4:2.71%|2-1-3:2.4%|1-2-4:9.7%|1-2-3:7.67%|1-3-4:4.73%|1-4-2:4.7%|1-3-2:4.58%,2-1-4:B_main|2-1-3:B_main|1-2-4:A|1-2-3:A|1-3-4:A|1-4-2:A|1-3-2:A,7,12,0.4535,1,[!]見送り推奨（主役決まり手「差し」― 逃げ劣勢レースで的中実績なし）,荒れ広め,D
2025-08-06,丸亀,3,2,船岡洋一,A1,45.59,2,◎,32.7401,52.3,100,81,0.1481,3.1071,,,0,低,67,0,ま0%,1232,0,46.3,1.1829,0,0.2727,0.1364,0,0,0.0811,0.027,0.1081,,◎,A,△,,0.6332,0.6315,,0.2663,D,32,1,大荒れ。見送り推奨,0.5777,"{'is_target': False, 'verdict': '対象外', 'max_combo_prob': None, 'est_top_odds': None, 'circle_concentration': None, 'eligible_count': 0, 'bet_adj': 0, 'reason': '1号艇rel_win1 < 45%: 通常判定に委ねる', 'tenji_trigger': ''}",,,31.2,両建て推奨,19.15,36.3,2,,,,,,,,,,,
2025-08-06,丸亀,3,3,山田和佐,B1,38.99,3,▲,8.3548,20.5,88,37.5,0.1727,3.5078,,,0,低,130,0,-,5 53,0,51.1,1.1538,0,0,0.0278,0,0,0.1769,0.0308,0.1923,,,C,,,0.3353,0.5895,,0.2663,D,32,1,大荒れ。見送り推奨,0.5777,"{'is_target': False, 'verdict': '対象外', 'max_combo_prob': None, 'est_top_odds': None, 'circle_concentration': None, 'eligible_count': 0, 'bet_adj': 0, 'reason': '1号艇rel_win1 < 45%: 通常判定に委ねる', 'tenji_trigger': ''}",,,31.2,両建て推奨,19.15,36.3,2,,,,,,,,,,,
2025-08-06,丸亀,3,4,西丸敦基,B1,30.05,4,,8.9982,21.9,69,46.3,0.1715,3.6852,,,0,低,113,0,-,335,0,66,1.4415,0,0.0476,0.0476,0.0476,0,0.0333,0.0667,0.3,,,D,△,◎,0.3644,0.6165,0.3535,0.2663,D,32,1,大荒れ。見送り推奨,0.5777,"{'is_target': False, 'verdict': '対象外', 'max_combo_prob': None, 'est_top_odds': None, 'circle_concentration': None, 'eligible_count': 0, 'bet_adj': 0, 'reason': '1号艇rel_win1 < 45%: 通常判定に委ねる', 'tenji_trigger': ''}",,,31.2,両建て推奨,19.15,36.3,2,,,,,,,,,,,
2025-08-06,丸亀,3,5,安田政彦,A2,39.09,5,△,4.961,1.1,57,18.2,0.2086,4.4659,,,0,低,147,0,-,2 33,0,32,1.1098,0,0,0,0.04,0,0.2188,0.3285,0.1918,,,B,,,0.2313,0.5665,,0.2663,D,32,1,大荒れ。見送り推奨,0.5777,"{'is_target': False, 'verdict': '対象外', 'max_combo_prob': None, 'est_top_odds': None, 'circle_concentration': None, 'eligible_count': 0, 'bet_adj': 0, 'reason': '1号艇rel_win1 < 45%: 通常判定に委ねる', 'tenji_trigger': ''}",,,31.2,両建て推奨,19.15,36.3,2,,,,,,,,,,,
2025-08-06,丸亀,3,6,天野友和,A2,35.24,6,,2.7933,4.2,67,34.5,0.1724,3.7241,,,0,低,104,0,差ま0%,1241,0,35,1.3086,0,0,0,0.087,0,0.2341,0.1416,0.0216,,,C,◎,,0.3602,0.6795,,0.2663,D,32,1,大荒れ。見送り推奨,0.5777,"{'is_target': False, 'verdict': '対象外', 'max_combo_prob': None, 'est_top_odds': None, 'circle_concentration': None, 'eligible_count': 0, 'bet_adj': 0, 'reason': '1号艇rel_win1 < 45%: 通常判定に委ねる', 'tenji_trigger': ''}",,,31.2,両建て推奨,19.15,36.3,2,,,,,,,,,,,
2025-08-06,丸亀,4,1,渡　修平,B1,30.48,1,◎,50.1129,,0,74.4,0.1544,3.6667,,,0,低,148,0,逃1%,6 44,0,81.4,1.2216,0.5882,,,,,0.0235,0.1906,0.1906,○,,D,,,,0.6,,0.3389,A,64,0,◎-○軸 3着3〜4艇流し（10〜15点）,0.5777,"{'is_target': True, 'verdict': '参加推奨', 'max_combo_prob': 0.0669, 'est_top_odds': 19.9, 'circle_concentration': 71.4, 'eligible_count': 8, 'bet_adj': 2, 'reason': 'rel_win1=50.1%（本命度） / 最有力組み合わせ確率: 0.067（推定実オッズ?20倍） / 2着集中度: 上位2艇 71.4%（補正+0.04） / 総合判定確率: 0.107 / → ヒモ分散。1号艇1着固定で広めのヒモ流し推奨（買い目+2点）', 'tenji_trigger': '展示確認: ヒモ分散レース。1号艇伸び確認後、広めのヒモ流しを採用。穴ヒモ（5・6号艇）を積極的に含める。'}",,,27.7,両建て推奨,14.87,29.9,2,,,,,0,0,0.6155,0,,逃げ軸流し,A
2025-08-06,丸亀,4,2,加倉侑征,A2,29.30,2,△,16.1574,43.4,72,62.1,0.1094,2.3409,,,0,低,56,0,-,S 46,0,35.5,0.9286,0,0.0606,0.0606,0,0,0.2933,0.1333,0.16,,◎,D,△,,0.5634,0.6175,,0.3389,A,64,0,◎-○軸 3着3〜4艇流し（10〜15点）,0.5777,"{'is_target': True, 'verdict': '参加推奨', 'max_combo_prob': 0.0669, 'est_top_odds': 19.9, 'circle_concentration': 71.4, 'eligible_count': 8, 'bet_adj': 2, 'reason': 'rel_win1=50.1%（本命度） / 最有力組み合わせ確率: 0.067（推定実オッズ?20倍） / 2着集中度: 上位2艇 71.4%（補正+0.04） / 総合判定確率: 0.107 / → ヒモ分散。1号艇1着固定で広めのヒモ流し推奨（買い目+2点）', 'tenji_trigger': '展示確認: ヒモ分散レース。1号艇伸び確認後、広めのヒモ流しを採用。穴ヒモ（5・6号艇）を積極的に含める。'}",,,27.7,両建て推奨,14.87,29.9,2,,,,,,,,,,,
2025-08-06,丸亀,4,3,南　佑典,A2,32.71,3,,12.8811,28,100,62,0.1677,3.5211,,,0,低,162,0,-,3311,0,67.5,0.8379,0,0.0385,0,0.1538,0,0.0138,0.2161,0.0552,,,C,△,,0.2474,0.6305,,0.3389,A,64,0,◎-○軸 3着3〜4艇流し（10〜15点）,0.5777,"{'is_target': True, 'verdict': '参加推奨', 'max_combo_prob': 0.0669, 'est_top_odds': 19.9, 'circle_concentration': 71.4, 'eligible_count': 8, 'bet_adj': 2, 'reason': 'rel_win1=50.1%（本命度） / 最有力組み合わせ確率: 0.067（推定実オッズ?20倍） / 2着集中度: 上位2艇 71.4%（補正+0.04） / 総合判定確率: 0.107 / → ヒモ分散。1号艇1着固定で広めのヒモ流し推奨（買い目+2点）', 'tenji_trigger': '展示確認: ヒモ分散レース。1号艇伸び確認後、広めのヒモ流しを採用。穴ヒモ（5・6号艇）を積極的に含める。'}",,,27.7,両建て推奨,14.87,29.9,2,,,,,,,,,,,
2025-08-06,丸亀,4,4,伊藤喜智,B1,33.01,4,▲,11.7009,13.2,81,52.8,0.1625,3.5556,,,0,低,184,0,-,664,0,100,2.893,0,0,0.0323,0,0,0.2075,0.1379,0.0174,,,C,○,◎,0.2487,0.646,0.3079,0.3389,A,64,0,◎-○軸 3着3〜4艇流し（10〜15点）,0.5777,"{'is_target': True, 'verdict': '参加推奨', 'max_combo_prob': 0.0669, 'est_top_odds': 19.9, 'circle_concentration': 71.4, 'eligible_count': 8, 'bet_adj': 2, 'reason': 'rel_win1=50.1%（本命度） / 最有力組み合わせ確率: 0.067（推定実オッズ?20倍） / 2着集中度: 上位2艇 71.4%（補正+0.04） / 総合判定確率: 0.107 / → ヒモ分散。1号艇1着固定で広めのヒモ流し推奨（買い目+2点）', 'tenji_trigger': '展示確認: ヒモ分散レース。1号艇伸び確認後、広めのヒモ流しを採用。穴ヒモ（5・6号艇）を積極的に含める。'}",,,27.7,両建て推奨,14.87,29.9,2,,,,,,,,,,,
2025-08-06,丸亀,4,5,荒牧凪沙,B1,40.64,5,○,5.9752,6.9,67,29.5,0.1748,3.5164,,,0,低,117,0,-,4 65,0,32.1,0.816,0,0,0,0.0357,0,0.0571,0.2857,0.2571,,,B,,,0.2177,0.5875,,0.3389,A,64,0,◎-○軸 3着3〜4艇流し（10〜15点）,0.5777,"{'is_target': True, 'verdict': '参加推奨', 'max_combo_prob': 0.0669, 'est_top_odds': 19.9, 'circle_concentration': 71.4, 'eligible_count': 8, 'bet_adj': 2, 'reason': 'rel_win1=50.1%（本命度） / 最有力組み合わせ確率: 0.067（推定実オッズ?20倍） / 2着集中度: 上位2艇 71.4%（補正+0.04） / 総合判定確率: 0.107 / → ヒモ分散。1号艇1着固定で広めのヒモ流し推奨（買い目+2点）', 'tenji_trigger': '展示確認: ヒモ分散レース。1号艇伸び確認後、広めのヒモ流しを採用。穴ヒモ（5・6号艇）を積極的に含める。'}",,,27.7,両建て推奨,14.87,29.9,2,,,,,,,,,,,
2025-08-06,丸亀,4,6,田中辰彦,A1,35.12,6,,3.1725,8.5,77,39.7,0.1816,4.5238,,,0,低,117,0,-,5323,0,28.5,1.5344,,,,,,0.0114,0.2229,0.0571,,,B,◎,,0.2273,0.662,,0.3389,A,64,0,◎-○軸 3着3〜4艇流し（10〜15点）,0.5777,"{'is_target': True, 'verdict': '参加推奨', 'max_combo_prob': 0.0669, 'est_top_odds': 19.9, 'circle_concentration': 71.4, 'eligible_count': 8, 'bet_adj': 2, 'reason': 'rel_win1=50.1%（本命度） / 最有力組み合わせ確率: 0.067（推定実オッズ?20倍） / 2着集中度: 上位2艇 71.4%（補正+0.04） / 総合判定確率: 0.107 / → ヒモ分散。1号艇1着固定で広めのヒモ流し推奨（買い目+2点）', 'tenji_trigger': '展示確認: ヒモ分散レース。1号艇伸び確認後、広めのヒモ流しを採用。穴ヒモ（5・6号艇）を積極的に含める。'}",,,27.7,両建て推奨,14.87,29.9,2,,,,,,,,,,,
2025-08-06,丸亀,5,1,土井祥伍,B1,36.62,1,◎,50.2493,,0,79.6,0.1712,3.6735,,,0,低,170,0,逃1%,565,0,51,0.8604,0.4444,,,,,0,0.3556,0.1667,△,,C,,,,0.578,,0.3178,A,67,0,◎-○軸 3着3〜4艇流し（10〜15点）,0.5777,"{'is_target': True, 'verdict': '参加推奨', 'max_combo_prob': 0.0786, 'est_top_odds': 17.0, 'circle_concentration': 73.9, 'eligible_count': 8, 'bet_adj': 2, 'reason': 'rel_win1=50.2%（本命度） / 最有力組み合わせ確率: 0.079（推定実オッズ?17倍） / 2着集中度: 上位2艇 73.9%（補正+0.04） / 総合判定確率: 0.119 / → ヒモ分散。1号艇1着固定で広めのヒモ流し推奨（買い目+2点）', 'tenji_trigger': '展示確認: ヒモ分散レース。1号艇伸び確認後、広めのヒモ流しを採用。穴ヒモ（5・6号艇）を積極的に含める。'}",,,29.1,逃げ狙い,15.32,33.4,2,2-1-3|1-2-3|1-2-4|1-3-2|1-3-4|1-5-3,2-1-3|5-1-6|6-1-3|5-6-1|5-1-3|6-1-4|6-3-1|1-2-3|1-2-4|1-3-2|1-3-4|1-5-3,2-1-3:3.01%|1-2-3:7.05%|1-2-4:6.65%|1-3-2:5.56%|1-3-4:5.53%|1-5-3:3.25%,2-1-3:B_main|1-2-3:A|1-2-4:A|1-3-2:A|1-3-4:A|1-5-3:A,6,12,0.4535,1,[!]見送り推奨（主役決まり手「差し」― 逃げ劣勢レースで的中実績なし）,荒れ広め,D
2025-08-06,丸亀,5,2,内山七海,B1,33.49,2,○,18.3468,41,63,64,0.1548,2.52,,,0,低,46,0,差0%,2 65,0,50.2,1.1033,0,0.2632,0,0,0,0.195,0.195,0.05,,◎,C,,,0.5266,0.5395,,0.3178,A,67,0,◎-○軸 3着3〜4艇流し（10〜15点）,0.5777,"{'is_target': True, 'verdict': '参加推奨', 'max_combo_prob': 0.0786, 'est_top_odds': 17.0, 'circle_concentration': 73.9, 'eligible_count': 8, 'bet_adj': 2, 'reason': 'rel_win1=50.2%（本命度） / 最有力組み合わせ確率: 0.079（推定実オッズ?17倍） / 2着集中度: 上位2艇 73.9%（補正+0.04） / 総合判定確率: 0.119 / → ヒモ分散。1号艇1着固定で広めのヒモ流し推奨（買い目+2点）', 'tenji_trigger': '展示確認: ヒモ分散レース。1号艇伸び確認後、広めのヒモ流しを採用。穴ヒモ（5・6号艇）を積極的に含める。'}",,,29.1,逃げ狙い,15.32,33.4,2,,,,,,,,,,,
2025-08-06,丸亀,5,3,平田健之,A2,31.22,3,,14.2339,32.9,65,64.4,0.1307,2.5,,,0,低,124,0,-,3115,0,57.2,1.33,0,0.0333,0.0333,0.0333,0,0.1375,0.025,0.125,,○,D,○,,0.4845,0.6155,,0.3178,A,67,0,◎-○軸 3着3〜4艇流し（10〜15点）,0.5777,"{'is_target': True, 'verdict': '参加推奨', 'max_combo_prob': 0.0786, 'est_top_odds': 17.0, 'circle_concentration': 73.9, 'eligible_count': 8, 'bet_adj': 2, 'reason': 'rel_win1=50.2%（本命度） / 最有力組み合わせ確率: 0.079（推定実オッズ?17倍） / 2着集中度: 上位2艇 73.9%（補正+0.04） / 総合判定確率: 0.119 / → ヒモ分散。1号艇1着固定で広めのヒモ流し推奨（買い目+2点）', 'tenji_trigger': '展示確認: ヒモ分散レース。1号艇伸び確認後、広めのヒモ流しを採用。穴ヒモ（5・6号艇）を積極的に含める。'}",,,29.1,逃げ狙い,15.32,33.4,2,,,,,,,,,,,
2025-08-06,丸亀,5,4,横井健太,B1,32.54,4,,7.3738,6,35,18.7,0.1845,3.96,,,0,低,172,0,差ま0%,2 45,0,98.6,0.6336,0,0,0,0.0312,0,0.0842,0.5553,0.3184,,,D,◎,,0.2831,0.6205,,0.3178,A,67,0,◎-○軸 3着3〜4艇流し（10〜15点）,0.5777,"{'is_target': True, 'verdict': '参加推奨', 'max_combo_prob': 0.0786, 'est_top_odds': 17.0, 'circle_concentration': 73.9, 'eligible_count': 8, 'bet_adj': 2, 'reason': 'rel_win1=50.2%（本命度） / 最有力組み合わせ確率: 0.079（推定実オッズ?17倍） / 2着集中度: 上位2艇 73.9%（補正+0.04） / 総合判定確率: 0.119 / → ヒモ分散。1号艇1着固定で広めのヒモ流し推奨（買い目+2点）', 'tenji_trigger': '展示確認: ヒモ分散レース。1号艇伸び確認後、広めのヒモ流しを採用。穴ヒモ（5・6号艇）を積極的に含める。'}",,,29.1,逃げ狙い,15.32,33.4,2,,,,,,,,,,,
2025-08-06,丸亀,5,5,清水敦揮,A1,40.49,5,▲,8.5673,18.7,100,56.5,0.1893,3.4565,,,0,低,120,0,-,3523,0,40,0.9198,0,0,0,0.0455,0,0.0308,0.2115,0.1808,,,B,△,,0.2811,0.607,,0.3178,A,67,0,◎-○軸 3着3〜4艇流し（10〜15点）,0.5777,"{'is_target': True, 'verdict': '参加推奨', 'max_combo_prob': 0.0786, 'est_top_odds': 17.0, 'circle_concentration': 73.9, 'eligible_count': 8, 'bet_adj': 2, 'reason': 'rel_win1=50.2%（本命度） / 最有力組み合わせ確率: 0.079（推定実オッズ?17倍） / 2着集中度: 上位2艇 73.9%（補正+0.04） / 総合判定確率: 0.119 / → ヒモ分散。1号艇1着固定で広めのヒモ流し推奨（買い目+2点）', 'tenji_trigger': '展示確認: ヒモ分散レース。1号艇伸び確認後、広めのヒモ流しを採用。穴ヒモ（5・6号艇）を積極的に含める。'}",,,29.1,逃げ狙い,15.32,33.4,2,,,,,,,,,,,
2025-08-06,丸亀,5,6,森安弘雅,A2,42.45,6,△,1.2289,1.4,62,13.6,0.232,5.0254,,,0,低,178,0,-,5444,0,26.5,2.3986,,,,,,0.0167,0.1833,0.2,,,B,△,,0.1919,0.6065,,0.3178,A,67,0,◎-○軸 3着3〜4艇流し（10〜15点）,0.5777,"{'is_target': True, 'verdict': '参加推奨', 'max_combo_prob': 0.0786, 'est_top_odds': 17.0, 'circle_concentration': 73.9, 'eligible_count': 8, 'bet_adj': 2, 'reason': 'rel_win1=50.2%（本命度） / 最有力組み合わせ確率: 0.079（推定実オッズ?17倍） / 2着集中度: 上位2艇 73.9%（補正+0.04） / 総合判定確率: 0.119 / → ヒモ分散。1号艇1着固定で広めのヒモ流し推奨（買い目+2点）', 'tenji_trigger': '展示確認: ヒモ分散レース。1号艇伸び確認後、広めのヒモ流しを採用。穴ヒモ（5・6号艇）を積極的に含める。'}",,,29.1,逃げ狙い,15.32,33.4,2,,,,,,,,,,,
2025-08-06,丸亀,6,1,小原聡将,A2,46.12,1,◎,57.8786,,0,83.9,0.1452,2.4018,,,0,低,70,0,逃1%,1132,0,86.3,1.0897,0.64,,,,,0.0705,0.2051,0.016,◎,,B,◎,,,0.67,,0.646,A,79,0,◎-○軸 3着3〜4艇流し（10〜15点）,0.5777,"{'is_target': True, 'verdict': '参加推奨', 'max_combo_prob': 0.0952, 'est_top_odds': 14.0, 'circle_concentration': 69.8, 'eligible_count': 8, 'bet_adj': 2, 'reason': 'rel_win1=57.9%（本命度） / 最有力組み合わせ確率: 0.095（推定実オッズ?14倍） / 2着集中度: 上位2艇 69.8%（補正+0.00） / 総合判定確率: 0.095 / → ヒモ分散。1号艇1着固定で広めのヒモ流し推奨（買い目+2点）', 'tenji_trigger': '展示確認: ヒモ分散レース。1号艇伸び確認後、広めのヒモ流しを採用。穴ヒモ（5・6号艇）を積極的に含める。'}",,,28.7,逃げ狙い,20.14,28.3,2,,,,,0,0,0.7559,0,,逃げ軸流し,A
2025-08-06,丸亀,6,2,國分将太,B1,48.29,2,○,14.8131,38.5,61,56.5,0.1602,3.337,,,0,低,111,0,ま0%,542,0,48,0.9579,0,0,0.0625,0,0,0,0.6154,0,,,A,,,0.1578,0.585,,0.646,A,79,0,◎-○軸 3着3〜4艇流し（10〜15点）,0.5777,"{'is_target': True, 'verdict': '参加推奨', 'max_combo_prob': 0.0952, 'est_top_odds': 14.0, 'circle_concentration': 69.8, 'eligible_count': 8, 'bet_adj': 2, 'reason': 'rel_win1=57.9%（本命度） / 最有力組み合わせ確率: 0.095（推定実オッズ?14倍） / 2着集中度: 上位2艇 69.8%（補正+0.00） / 総合判定確率: 0.095 / → ヒモ分散。1号艇1着固定で広めのヒモ流し推奨（買い目+2点）', 'tenji_trigger': '展示確認: ヒモ分散レース。1号艇伸び確認後、広めのヒモ流しを採用。穴ヒモ（5・6号艇）を積極的に含める。'}",,,28.7,逃げ狙い,20.14,28.3,2,,,,,,,,,,,
2025-08-06,丸亀,6,3,小池礼乃,A2,33.33,3,△,10.9113,31.3,63,66.7,0.1659,3.1852,,,0,低,61,0,ま0% 抜0%,2164,0,57.2,1.2048,0,0,0.0909,0,0.0909,0.29,0.22,0,,,D,△,,0.1943,0.612,,0.646,A,79,0,◎-○軸 3着3〜4艇流し（10〜15点）,0.5777,"{'is_target': True, 'verdict': '参加推奨', 'max_combo_prob': 0.0952, 'est_top_odds': 14.0, 'circle_concentration': 69.8, 'eligible_count': 8, 'bet_adj': 2, 'reason': 'rel_win1=57.9%（本命度） / 最有力組み合わせ確率: 0.095（推定実オッズ?14倍） / 2着集中度: 上位2艇 69.8%（補正+0.00） / 総合判定確率: 0.095 / → ヒモ分散。1号艇1着固定で広めのヒモ流し推奨（買い目+2点）', 'tenji_trigger': '展示確認: ヒモ分散レース。1号艇伸び確認後、広めのヒモ流しを採用。穴ヒモ（5・6号艇）を積極的に含める。'}",,,28.7,逃げ狙い,20.14,28.3,2,,,,,,,,,,,
2025-08-06,丸亀,6,4,丸岡正典,A1,38.73,4,▲,10.7862,23.9,100,74.4,0.1669,3.6026,,,0,低,100,0,-,1144,0,56.7,1.0743,0,0,0.0952,0.0952,0,0.0118,0.3042,0.1681,,,C,○,◎,0.2237,0.667,0.3962,0.646,A,79,0,◎-○軸 3着3〜4艇流し（10〜15点）,0.5777,"{'is_target': True, 'verdict': '参加推奨', 'max_combo_prob': 0.0952, 'est_top_odds': 14.0, 'circle_concentration': 69.8, 'eligible_count': 8, 'bet_adj': 2, 'reason': 'rel_win1=57.9%（本命度） / 最有力組み合わせ確率: 0.095（推定実オッズ?14倍） / 2着集中度: 上位2艇 69.8%（補正+0.00） / 総合判定確率: 0.095 / → ヒモ分散。1号艇1着固定で広めのヒモ流し推奨（買い目+2点）', 'tenji_trigger': '展示確認: ヒモ分散レース。1号艇伸び確認後、広めのヒモ流しを採用。穴ヒモ（5・6号艇）を積極的に含める。'}",,,28.7,逃げ狙い,20.14,28.3,2,,,,,,,,,,,
2025-08-06,丸亀,6,5,西田和加,B2,31.94,5,,2.7805,4,31,0,0.1986,3.8929,,,0,低,88,0,-,6 66,0,26.3,0.6714,,,,,,0.4,0.4,0.2,,,E,,,0.1406,0.431,,0.646,A,79,0,◎-○軸 3着3〜4艇流し（10〜15点）,0.5777,"{'is_target': True, 'verdict': '参加推奨', 'max_combo_prob': 0.0952, 'est_top_odds': 14.0, 'circle_concentration': 69.8, 'eligible_count': 8, 'bet_adj': 2, 'reason': 'rel_win1=57.9%（本命度） / 最有力組み合わせ確率: 0.095（推定実オッズ?14倍） / 2着集中度: 上位2艇 69.8%（補正+0.00） / 総合判定確率: 0.095 / → ヒモ分散。1号艇1着固定で広めのヒモ流し推奨（買い目+2点）', 'tenji_trigger': '展示確認: ヒモ分散レース。1号艇伸び確認後、広めのヒモ流しを採用。穴ヒモ（5・6号艇）を積極的に含める。'}",,,28.7,逃げ狙い,20.14,28.3,2,,,,,,,,,,,
2025-08-06,丸亀,6,6,楠原正剛,B1,32.69,6,,2.8302,2.3,40,23.1,0.1651,3.5231,,,0,低,109,0,-,253,0,45.1,0.9989,,,,,,0.2206,0.0706,0.3706,,,D,△,,0.2467,0.6025,,0.646,A,79,0,◎-○軸 3着3〜4艇流し（10〜15点）,0.5777,"{'is_target': True, 'verdict': '参加推奨', 'max_combo_prob': 0.0952, 'est_top_odds': 14.0, 'circle_concentration': 69.8, 'eligible_count': 8, 'bet_adj': 2, 'reason': 'rel_win1=57.9%（本命度） / 最有力組み合わせ確率: 0.095（推定実オッズ?14倍） / 2着集中度: 上位2艇 69.8%（補正+0.00） / 総合判定確率: 0.095 / → ヒモ分散。1号艇1着固定で広めのヒモ流し推奨（買い目+2点）', 'tenji_trigger': '展示確認: ヒモ分散レース。1号艇伸び確認後、広めのヒモ流しを採用。穴ヒモ（5・6号艇）を積極的に含める。'}",,,28.7,逃げ狙い,20.14,28.3,2,,,,,,,,,,,
2025-08-06,丸亀,7,1,安田政彦,A2,39.09,1,◎,52.9846,,0,86,0.1748,3.57,,,0,低,147,0,逃0%,2 33,0,93.7,1.3879,0.3793,,,,,0.2188,0.3285,0.1918,○,,C,△,,,0.5665,,0.33,A,70,0,◎-○軸 3着3〜4艇流し（10〜15点）,0.5777,"{'is_target': True, 'verdict': '参加推奨', 'max_combo_prob': 0.0623, 'est_top_odds': 21.4, 'circle_concentration': 62.9, 'eligible_count': 8, 'bet_adj': 2, 'reason': 'rel_win1=53.0%（本命度） / 最有力組み合わせ確率: 0.062（推定実オッズ?21倍） / 2着集中度: 上位2艇 62.9%（補正+0.00） / 総合判定確率: 0.062 / → ヒモ分散。1号艇1着固定で広めのヒモ流し推奨（買い目+2点）', 'tenji_trigger': '展示確認: ヒモ分散レース。1号艇伸び確認後、広めのヒモ流しを採用。穴ヒモ（5・6号艇）を積極的に含める。'}",,,36.8,逃げ狙い,17,39.7,5,,,,,0,0,0.6155,0,,逃げ軸流し,A
2025-08-06,丸亀,7,2,谷津幸宏,A1,39.61,2,○,17.2276,32.4,100,68.1,0.117,2.5942,,,0,低,52,0,ま0%,4631,0,40,0.9459,0,0.0323,0.1613,0,0,0.0476,0.0714,0.119,,◎,B,◎,,0.6069,0.6535,,0.33,A,70,0,◎-○軸 3着3〜4艇流し（10〜15点）,0.5777,"{'is_target': True, 'verdict': '参加推奨', 'max_combo_prob': 0.0623, 'est_top_odds': 21.4, 'circle_concentration': 62.9, 'eligible_count': 8, 'bet_adj': 2, 'reason': 'rel_win1=53.0%（本命度） / 最有力組み合わせ確率: 0.062（推定実オッズ?21倍） / 2着集中度: 上位2艇 62.9%（補正+0.00） / 総合判定確率: 0.062 / → ヒモ分散。1号艇1着固定で広めのヒモ流し推奨（買い目+2点）', 'tenji_trigger': '展示確認: ヒモ分散レース。1号艇伸び確認後、広めのヒモ流しを採用。穴ヒモ（5・6号艇）を積極的に含める。'}",,,36.8,逃げ狙い,17,39.7,5,,,,,,,,,,,
2025-08-06,丸亀,7,3,山口修路,B1,27.14,3,,5.7479,30.6,71,51.7,0.1885,3.9083,,,0,低,181,0,-,266,0,52.8,1.3731,0,0,0.0385,0,0,0.1538,0.3077,0.1538,,,E,,,0.2552,0.527,,0.33,A,70,0,◎-○軸 3着3〜4艇流し（10〜15点）,0.5777,"{'is_target': True, 'verdict': '参加推奨', 'max_combo_prob': 0.0623, 'est_top_odds': 21.4, 'circle_concentration': 62.9, 'eligible_count': 8, 'bet_adj': 2, 'reason': 'rel_win1=53.0%（本命度） / 最有力組み合わせ確率: 0.062（推定実オッズ?21倍） / 2着集中度: 上位2艇 62.9%（補正+0.00） / 総合判定確率: 0.062 / → ヒモ分散。1号艇1着固定で広めのヒモ流し推奨（買い目+2点）', 'tenji_trigger': '展示確認: ヒモ分散レース。1号艇伸び確認後、広めのヒモ流しを採用。穴ヒモ（5・6号艇）を積極的に含める。'}",,,36.8,逃げ狙い,17,39.7,5,,,,,,,,,,,
2025-08-06,丸亀,7,4,山崎義明,B1,34.15,4,,8.6665,10.1,74,44.8,0.1376,2.791,,,0,低,95,0,差ま0%,125,0,22.1,0.5972,0,0,0.0417,0.0833,0,0.0833,0.3571,0.2714,,○,D,○,○,0.4915,0.6385,0.3827,0.33,A,70,0,◎-○軸 3着3〜4艇流し（10〜15点）,0.5777,"{'is_target': True, 'verdict': '参加推奨', 'max_combo_prob': 0.0623, 'est_top_odds': 21.4, 'circle_concentration': 62.9, 'eligible_count': 8, 'bet_adj': 2, 'reason': 'rel_win1=53.0%（本命度） / 最有力組み合わせ確率: 0.062（推定実オッズ?21倍） / 2着集中度: 上位2艇 62.9%（補正+0.00） / 総合判定確率: 0.062 / → ヒモ分散。1号艇1着固定で広めのヒモ流し推奨（買い目+2点）', 'tenji_trigger': '展示確認: ヒモ分散レース。1号艇伸び確認後、広めのヒモ流しを採用。穴ヒモ（5・6号艇）を積極的に含める。'}",,,36.8,逃げ狙い,17,39.7,5,,,,,,,,,,,
2025-08-06,丸亀,7,5,吉田凌太,A1,37.16,5,▲,14.2561,25,69,66,0.1413,2.8113,,,0,低,100,0,差ま0%,3512,0,100,2.0652,0,0,0,0.25,0,0,0.0526,0.0316,,△,C,△,◎,0.4904,0.6095,0.4901,0.33,A,70,0,◎-○軸 3着3〜4艇流し（10〜15点）,0.5777,"{'is_target': True, 'verdict': '参加推奨', 'max_combo_prob': 0.0623, 'est_top_odds': 21.4, 'circle_concentration': 62.9, 'eligible_count': 8, 'bet_adj': 2, 'reason': 'rel_win1=53.0%（本命度） / 最有力組み合わせ確率: 0.062（推定実オッズ?21倍） / 2着集中度: 上位2艇 62.9%（補正+0.00） / 総合判定確率: 0.062 / → ヒモ分散。1号艇1着固定で広めのヒモ流し推奨（買い目+2点）', 'tenji_trigger': '展示確認: ヒモ分散レース。1号艇伸び確認後、広めのヒモ流しを採用。穴ヒモ（5・6号艇）を積極的に含める。'}",,,36.8,逃げ狙い,17,39.7,5,,,,,,,,,,,
2025-08-06,丸亀,7,6,樋江井舞,B1,40.49,6,△,1.1173,2,17,4.3,0.1948,4.0924,,,0,低,76,0,-,6 56,0,27.5,0.5908,,,,,,,,,,,B,,,0.2928,0.539,,0.33,A,70,0,◎-○軸 3着3〜4艇流し（10〜15点）,0.5777,"{'is_target': True, 'verdict': '参加推奨', 'max_combo_prob': 0.0623, 'est_top_odds': 21.4, 'circle_concentration': 62.9, 'eligible_count': 8, 'bet_adj': 2, 'reason': 'rel_win1=53.0%（本命度） / 最有力組み合わせ確率: 0.062（推定実オッズ?21倍） / 2着集中度: 上位2艇 62.9%（補正+0.00） / 総合判定確率: 0.062 / → ヒモ分散。1号艇1着固定で広めのヒモ流し推奨（買い目+2点）', 'tenji_trigger': '展示確認: ヒモ分散レース。1号艇伸び確認後、広めのヒモ流しを採用。穴ヒモ（5・6号艇）を積極的に含める。'}",,,36.8,逃げ狙い,17,39.7,5,,,,,,,,,,,
2025-08-06,丸亀,8,1,石倉洋行,A1,40.29,1,◎,71.2406,,0,90.5,0.1333,2.5556,,,0,低,50,0,逃1%,4424,0,97.5,1.3659,0.75,,,,,0.0125,0.2,0.0125,◎,,B,△,,,0.636,,0.6573,S,86,0,◎1着固定 2-3着流し（5〜8点）,0.5777,"{'is_target': True, 'verdict': '点数絞り', 'max_combo_prob': 0.1319, 'est_top_odds': 10.1, 'circle_concentration': 72.5, 'eligible_count': 6, 'bet_adj': 0, 'reason': 'rel_win1=71.2%（本命度） / 最有力組み合わせ確率: 0.132（推定実オッズ?10倍） / 2着集中度: 上位2艇 72.5%（補正+0.04） / 総合判定確率: 0.172 / → ヒモはやや固め。上位2艇以外を切ること', 'tenji_trigger': '展示確認: 1号艇伸び良→そのまま採用。悪→飛び組に差し替え。circle_pct上位2艇に絞り込むこと。\n展示で1号艇スタート超安定(0.133秒)→ヒモ固まり方向に注意'}",,,26.4,逃げ狙い,14.69,26.4,2,,,,,0,0,0.7559,0,,逃げ軸流し,A
2025-08-06,丸亀,8,2,麻生慎介,A2,42.65,2,○,12.2923,46.3,53,63.5,0.1377,3.0288,,,0,低,66,0,-,421,0,94.4,1.8129,0,0.125,0.0417,0,0,0.0381,0.4362,0.0381,,,A,○,,0.2819,0.661,,0.6573,S,86,0,◎1着固定 2-3着流し（5〜8点）,0.5777,"{'is_target': True, 'verdict': '点数絞り', 'max_combo_prob': 0.1319, 'est_top_odds': 10.1, 'circle_concentration': 72.5, 'eligible_count': 6, 'bet_adj': 0, 'reason': 'rel_win1=71.2%（本命度） / 最有力組み合わせ確率: 0.132（推定実オッズ?10倍） / 2着集中度: 上位2艇 72.5%（補正+0.04） / 総合判定確率: 0.172 / → ヒモはやや固め。上位2艇以外を切ること', 'tenji_trigger': '展示確認: 1号艇伸び良→そのまま採用。悪→飛び組に差し替え。circle_pct上位2艇に絞り込むこと。\n展示で1号艇スタート超安定(0.133秒)→ヒモ固まり方向に注意'}",,,26.4,逃げ狙い,14.69,26.4,2,,,,,,,,,,,
2025-08-06,丸亀,8,3,坂井康嗣,B1,25.81,3,,4.2459,14,58,29.6,0.1794,3.8889,,,0,低,168,0,-,6 16,0,18.5,0.6192,,,,,,0.28,0.32,0.32,,,D,,,0.1353,0.607,,0.6573,S,86,0,◎1着固定 2-3着流し（5〜8点）,0.5777,"{'is_target': True, 'verdict': '点数絞り', 'max_combo_prob': 0.1319, 'est_top_odds': 10.1, 'circle_concentration': 72.5, 'eligible_count': 6, 'bet_adj': 0, 'reason': 'rel_win1=71.2%（本命度） / 最有力組み合わせ確率: 0.132（推定実オッズ?10倍） / 2着集中度: 上位2艇 72.5%（補正+0.04） / 総合判定確率: 0.172 / → ヒモはやや固め。上位2艇以外を切ること', 'tenji_trigger': '展示確認: 1号艇伸び良→そのまま採用。悪→飛び組に差し替え。circle_pct上位2艇に絞り込むこと。\n展示で1号艇スタート超安定(0.133秒)→ヒモ固まり方向に注意'}",,,26.4,逃げ狙い,14.69,26.4,2,,,,,,,,,,,
2025-08-06,丸亀,8,4,天野友和,A2,35.24,4,▲,7.9259,26.2,100,77.8,0.1557,2.7685,,,0,低,104,0,ま0%,1241,0,70.8,1.4091,0,0,0.0417,0,0,0.2341,0.1416,0.0216,,,C,◎,◎,0.1962,0.6795,0.4062,0.6573,S,86,0,◎1着固定 2-3着流し（5〜8点）,0.5777,"{'is_target': True, 'verdict': '点数絞り', 'max_combo_prob': 0.1319, 'est_top_odds': 10.1, 'circle_concentration': 72.5, 'eligible_count': 6, 'bet_adj': 0, 'reason': 'rel_win1=71.2%（本命度） / 最有力組み合わせ確率: 0.132（推定実オッズ?10倍） / 2着集中度: 上位2艇 72.5%（補正+0.04） / 総合判定確率: 0.172 / → ヒモはやや固め。上位2艇以外を切ること', 'tenji_trigger': '展示確認: 1号艇伸び良→そのまま採用。悪→飛び組に差し替え。circle_pct上位2艇に絞り込むこと。\n展示で1号艇スタート超安定(0.133秒)→ヒモ固まり方向に注意'}",,,26.4,逃げ狙い,14.69,26.4,2,,,,,,,,,,,
2025-08-06,丸亀,8,5,伊藤喜智,B1,33.01,5,△,3.365,11.3,62,46.8,0.1848,3.7984,,,0,低,184,0,-,664,0,57.8,1.1707,0,0,0,0.0952,0,0.2075,0.1379,0.0174,,,D,△,,0.1333,0.646,,0.6573,S,86,0,◎1着固定 2-3着流し（5〜8点）,0.5777,"{'is_target': True, 'verdict': '点数絞り', 'max_combo_prob': 0.1319, 'est_top_odds': 10.1, 'circle_concentration': 72.5, 'eligible_count': 6, 'bet_adj': 0, 'reason': 'rel_win1=71.2%（本命度） / 最有力組み合わせ確率: 0.132（推定実オッズ?10倍） / 2着集中度: 上位2艇 72.5%（補正+0.04） / 総合判定確率: 0.172 / → ヒモはやや固め。上位2艇以外を切ること', 'tenji_trigger': '展示確認: 1号艇伸び良→そのまま採用。悪→飛び組に差し替え。circle_pct上位2艇に絞り込むこと。\n展示で1号艇スタート超安定(0.133秒)→ヒモ固まり方向に注意'}",,,26.4,逃げ狙い,14.69,26.4,2,,,,,,,,,,,
2025-08-06,丸亀,8,6,水野望美,B1,33.01,6,,0.9304,2.2,30,13,0.187,4.087,,,0,低,63,0,-,531,0,37.6,0.8422,,,,,,0,0.1,0,,,D,,,0.1412,0.6245,,0.6573,S,86,0,◎1着固定 2-3着流し（5〜8点）,0.5777,"{'is_target': True, 'verdict': '点数絞り', 'max_combo_prob': 0.1319, 'est_top_odds': 10.1, 'circle_concentration': 72.5, 'eligible_count': 6, 'bet_adj': 0, 'reason': 'rel_win1=71.2%（本命度） / 最有力組み合わせ確率: 0.132（推定実オッズ?10倍） / 2着集中度: 上位2艇 72.5%（補正+0.04） / 総合判定確率: 0.172 / → ヒモはやや固め。上位2艇以外を切ること', 'tenji_trigger': '展示確認: 1号艇伸び良→そのまま採用。悪→飛び組に差し替え。circle_pct上位2艇に絞り込むこと。\n展示で1号艇スタート超安定(0.133秒)→ヒモ固まり方向に注意'}",,,26.4,逃げ狙い,14.69,26.4,2,,,,,,,,,,,
2025-08-06,丸亀,9,1,加倉侑征,A2,29.30,1,◎,56.1231,,0,81.8,0.1293,2.9273,,,0,低,56,0,逃1%,S 46,0,65.2,0.8988,0.4667,,,,,0.2933,0.1333,0.16,◎,,D,○,,,0.6175,,0.5621,A,73,0,◎-○軸 3着3〜4艇流し（10〜15点）,0.5777,"{'is_target': True, 'verdict': '参加推奨', 'max_combo_prob': 0.0682, 'est_top_odds': 19.6, 'circle_concentration': 70.0, 'eligible_count': 8, 'bet_adj': 2, 'reason': 'rel_win1=56.1%（本命度） / 最有力組み合わせ確率: 0.068（推定実オッズ?20倍） / 2着集中度: 上位2艇 70.0%（補正+0.04） / 総合判定確率: 0.108 / → ヒモ分散。1号艇1着固定で広めのヒモ流し推奨（買い目+2点）', 'tenji_trigger': '展示確認: ヒモ分散レース。1号艇伸び確認後、広めのヒモ流しを採用。穴ヒモ（5・6号艇）を積極的に含める。\n展示で1号艇スタート超安定(0.129秒)→ヒモ固まり方向に注意'}",,,31.1,逃げ狙い,20.21,35.2,3,,,,,0,0,0.7559,0,,逃げ軸流し,A
2025-08-06,丸亀,9,2,土井祥伍,B1,36.62,2,▲,9.4905,42.4,64,44.3,0.1559,3.7786,,,0,低,170,0,-,565,0,54.9,0.8843,0,0.08,0,0,0,0,0.3556,0.1667,,,C,,,0.1113,0.578,,0.5621,A,73,0,◎-○軸 3着3〜4艇流し（10〜15点）,0.5777,"{'is_target': True, 'verdict': '参加推奨', 'max_combo_prob': 0.0682, 'est_top_odds': 19.6, 'circle_concentration': 70.0, 'eligible_count': 8, 'bet_adj': 2, 'reason': 'rel_win1=56.1%（本命度） / 最有力組み合わせ確率: 0.068（推定実オッズ?20倍） / 2着集中度: 上位2艇 70.0%（補正+0.04） / 総合判定確率: 0.108 / → ヒモ分散。1号艇1着固定で広めのヒモ流し推奨（買い目+2点）', 'tenji_trigger': '展示確認: ヒモ分散レース。1号艇伸び確認後、広めのヒモ流しを採用。穴ヒモ（5・6号艇）を積極的に含める。\n展示で1号艇スタート超安定(0.129秒)→ヒモ固まり方向に注意'}",,,31.1,逃げ狙い,20.21,35.2,3,,,,,,,,,,,
2025-08-06,丸亀,9,3,上平真二,A1,30.10,3,○,20.6733,27.6,82,72,0.1508,3.48,,,0,低,81,0,ま0% 差ま0%,2331,0,79.5,1.5765,0,0,0.0667,0.1333,0,0.1533,0.0333,0,,,D,△,,0.2327,0.6155,,0.5621,A,73,0,◎-○軸 3着3〜4艇流し（10〜15点）,0.5777,"{'is_target': True, 'verdict': '参加推奨', 'max_combo_prob': 0.0682, 'est_top_odds': 19.6, 'circle_concentration': 70.0, 'eligible_count': 8, 'bet_adj': 2, 'reason': 'rel_win1=56.1%（本命度） / 最有力組み合わせ確率: 0.068（推定実オッズ?20倍） / 2着集中度: 上位2艇 70.0%（補正+0.04） / 総合判定確率: 0.108 / → ヒモ分散。1号艇1着固定で広めのヒモ流し推奨（買い目+2点）', 'tenji_trigger': '展示確認: ヒモ分散レース。1号艇伸び確認後、広めのヒモ流しを採用。穴ヒモ（5・6号艇）を積極的に含める。\n展示で1号艇スタート超安定(0.129秒)→ヒモ固まり方向に注意'}",,,31.1,逃げ狙い,20.21,35.2,3,,,,,,,,,,,
2025-08-06,丸亀,9,4,加藤　綾,B1,44.16,4,△,7.6905,12.6,72,32,0.2076,3.76,,,0,低,80,0,差0%,4 26,0,15.9,0.5611,0,0.0714,0,0,0,0.0857,0.2571,0.4571,,,A,,,0.1308,0.5595,,0.5621,A,73,0,◎-○軸 3着3〜4艇流し（10〜15点）,0.5777,"{'is_target': True, 'verdict': '参加推奨', 'max_combo_prob': 0.0682, 'est_top_odds': 19.6, 'circle_concentration': 70.0, 'eligible_count': 8, 'bet_adj': 2, 'reason': 'rel_win1=56.1%（本命度） / 最有力組み合わせ確率: 0.068（推定実オッズ?20倍） / 2着集中度: 上位2艇 70.0%（補正+0.04） / 総合判定確率: 0.108 / → ヒモ分散。1号艇1着固定で広めのヒモ流し推奨（買い目+2点）', 'tenji_trigger': '展示確認: ヒモ分散レース。1号艇伸び確認後、広めのヒモ流しを採用。穴ヒモ（5・6号艇）を積極的に含める。\n展示で1号艇スタート超安定(0.129秒)→ヒモ固まり方向に注意'}",,,31.1,逃げ狙い,20.21,35.2,3,,,,,,,,,,,
2025-08-06,丸亀,9,5,西丸敦基,B1,30.05,5,,3.1853,11.8,95,35,0.1668,3.6667,,,0,低,113,0,-,335,0,44.2,1.0076,,,,,,0.0333,0.0667,0.3,,,D,△,,0.2137,0.6165,,0.5621,A,73,0,◎-○軸 3着3〜4艇流し（10〜15点）,0.5777,"{'is_target': True, 'verdict': '参加推奨', 'max_combo_prob': 0.0682, 'est_top_odds': 19.6, 'circle_concentration': 70.0, 'eligible_count': 8, 'bet_adj': 2, 'reason': 'rel_win1=56.1%（本命度） / 最有力組み合わせ確率: 0.068（推定実オッズ?20倍） / 2着集中度: 上位2艇 70.0%（補正+0.04） / 総合判定確率: 0.108 / → ヒモ分散。1号艇1着固定で広めのヒモ流し推奨（買い目+2点）', 'tenji_trigger': '展示確認: ヒモ分散レース。1号艇伸び確認後、広めのヒモ流しを採用。穴ヒモ（5・6号艇）を積極的に含める。\n展示で1号艇スタート超安定(0.129秒)→ヒモ固まり方向に注意'}",,,31.1,逃げ狙い,20.21,35.2,3,,,,,,,,,,,
2025-08-06,丸亀,9,6,妹尾忠幸,A2,37.75,6,,2.8373,5.6,100,45.5,0.1607,4.2,,,0,低,119,0,-,6212,0,89.7,1.7258,,,,,,0.0108,0.3328,0.1398,,,B,◎,,0.2301,0.659,,0.5621,A,73,0,◎-○軸 3着3〜4艇流し（10〜15点）,0.5777,"{'is_target': True, 'verdict': '参加推奨', 'max_combo_prob': 0.0682, 'est_top_odds': 19.6, 'circle_concentration': 70.0, 'eligible_count': 8, 'bet_adj': 2, 'reason': 'rel_win1=56.1%（本命度） / 最有力組み合わせ確率: 0.068（推定実オッズ?20倍） / 2着集中度: 上位2艇 70.0%（補正+0.04） / 総合判定確率: 0.108 / → ヒモ分散。1号艇1着固定で広めのヒモ流し推奨（買い目+2点）', 'tenji_trigger': '展示確認: ヒモ分散レース。1号艇伸び確認後、広めのヒモ流しを採用。穴ヒモ（5・6号艇）を積極的に含める。\n展示で1号艇スタート超安定(0.129秒)→ヒモ固まり方向に注意'}",,,31.1,逃げ狙い,20.21,35.2,3,,,,,,,,,,,
2025-08-06,丸亀,10,1,清水敦揮,A1,40.49,1,◎,69.2438,,0,97.6,0.1414,2.6726,,,0,低,120,0,逃1%,3523,0,85.9,1.08,0.6667,,,,,0.0308,0.2115,0.1808,◎,,B,,,,0.607,,0.6154,S,86,0,◎1着固定 2-3着流し（5〜8点）,0.5777,"{'is_target': True, 'verdict': '参加推奨', 'max_combo_prob': 0.1057, 'est_top_odds': 12.6, 'circle_concentration': 69.0, 'eligible_count': 6, 'bet_adj': 2, 'reason': 'rel_win1=69.2%（本命度） / 最有力組み合わせ確率: 0.106（推定実オッズ?13倍） / 2着集中度: 上位2艇 69.0%（補正+0.00） / 総合判定確率: 0.106 / → ヒモ分散。1号艇1着固定で広めのヒモ流し推奨（買い目+2点）', 'tenji_trigger': '展示確認: ヒモ分散レース。1号艇伸び確認後、広めのヒモ流しを採用。穴ヒモ（5・6号艇）を積極的に含める。'}",,,25.9,逃げ狙い,9.66,29.2,3,,,,,0,0,0.7559,0,,逃げ軸流し,A
2025-08-06,丸亀,10,2,新田智彰,B1,39.71,2,▲,7.5446,28.3,100,61.9,0.1719,3.8333,,,0,低,135,0,-,543,0,37.8,0.8795,0,0.0645,0,0,0,0.0593,0.3437,0.1644,,,B,△,,0.0681,0.625,,0.6154,S,86,0,◎1着固定 2-3着流し（5〜8点）,0.5777,"{'is_target': True, 'verdict': '参加推奨', 'max_combo_prob': 0.1057, 'est_top_odds': 12.6, 'circle_concentration': 69.0, 'eligible_count': 6, 'bet_adj': 2, 'reason': 'rel_win1=69.2%（本命度） / 最有力組み合わせ確率: 0.106（推定実オッズ?13倍） / 2着集中度: 上位2艇 69.0%（補正+0.00） / 総合判定確率: 0.106 / → ヒモ分散。1号艇1着固定で広めのヒモ流し推奨（買い目+2点）', 'tenji_trigger': '展示確認: ヒモ分散レース。1号艇伸び確認後、広めのヒモ流しを採用。穴ヒモ（5・6号艇）を積極的に含める。'}",,,25.9,逃げ狙い,9.66,29.2,3,,,,,,,,,,,
2025-08-06,丸亀,10,3,田中辰彦,A1,35.12,3,○,11.9261,40.8,98,63.5,0.1435,3.0794,,,0,低,117,0,差ま0%,5323,0,20.8,0.6419,0,0.0333,0.0667,0.1667,0,0.0114,0.2229,0.0571,,,C,○,,0.3287,0.662,,0.6154,S,86,0,◎1着固定 2-3着流し（5〜8点）,0.5777,"{'is_target': True, 'verdict': '参加推奨', 'max_combo_prob': 0.1057, 'est_top_odds': 12.6, 'circle_concentration': 69.0, 'eligible_count': 6, 'bet_adj': 2, 'reason': 'rel_win1=69.2%（本命度） / 最有力組み合わせ確率: 0.106（推定実オッズ?13倍） / 2着集中度: 上位2艇 69.0%（補正+0.00） / 総合判定確率: 0.106 / → ヒモ分散。1号艇1着固定で広めのヒモ流し推奨（買い目+2点）', 'tenji_trigger': '展示確認: ヒモ分散レース。1号艇伸び確認後、広めのヒモ流しを採用。穴ヒモ（5・6号艇）を積極的に含める。'}",,,25.9,逃げ狙い,9.66,29.2,3,,,,,,,,,,,
2025-08-06,丸亀,10,4,小池礼乃,A2,33.33,4,△,6.7976,16.8,85,41.4,0.1793,3.3103,,,0,低,61,0,差ま0%,2164,0,41.1,0.8694,0,0,0,0.0625,0,0.29,0.22,0,,,C,,,0.1698,0.612,,0.6154,S,86,0,◎1着固定 2-3着流し（5〜8点）,0.5777,"{'is_target': True, 'verdict': '参加推奨', 'max_combo_prob': 0.1057, 'est_top_odds': 12.6, 'circle_concentration': 69.0, 'eligible_count': 6, 'bet_adj': 2, 'reason': 'rel_win1=69.2%（本命度） / 最有力組み合わせ確率: 0.106（推定実オッズ?13倍） / 2着集中度: 上位2艇 69.0%（補正+0.00） / 総合判定確率: 0.106 / → ヒモ分散。1号艇1着固定で広めのヒモ流し推奨（買い目+2点）', 'tenji_trigger': '展示確認: ヒモ分散レース。1号艇伸び確認後、広めのヒモ流しを採用。穴ヒモ（5・6号艇）を積極的に含める。'}",,,25.9,逃げ狙い,9.66,29.2,3,,,,,,,,,,,
2025-08-06,丸亀,10,5,小野信樹,B1,28.57,5,,2.8993,11.9,45,19.4,0.1679,3.371,,,0,低,119,0,-,642,0,53,0.9862,0,0,0,0.0385,0,0.1533,0.3067,0.1867,,,D,◎,,0.23,0.676,,0.6154,S,86,0,◎1着固定 2-3着流し（5〜8点）,0.5777,"{'is_target': True, 'verdict': '参加推奨', 'max_combo_prob': 0.1057, 'est_top_odds': 12.6, 'circle_concentration': 69.0, 'eligible_count': 6, 'bet_adj': 2, 'reason': 'rel_win1=69.2%（本命度） / 最有力組み合わせ確率: 0.106（推定実オッズ?13倍） / 2着集中度: 上位2艇 69.0%（補正+0.00） / 総合判定確率: 0.106 / → ヒモ分散。1号艇1着固定で広めのヒモ流し推奨（買い目+2点）', 'tenji_trigger': '展示確認: ヒモ分散レース。1号艇伸び確認後、広めのヒモ流しを採用。穴ヒモ（5・6号艇）を積極的に含める。'}",,,25.9,逃げ狙い,9.66,29.2,3,,,,,,,,,,,
2025-08-06,丸亀,10,6,堤　啓輔,B1,27.84,6,,1.5886,2.3,37,20.4,0.1863,4.4286,,,0,低,112,0,-,11F,0,32.2,0.7314,0,0,0,0.0435,0,0.1867,0.1867,0.2089,,,E,△,,0.174,0.616,,0.6154,S,86,0,◎1着固定 2-3着流し（5〜8点）,0.5777,"{'is_target': True, 'verdict': '参加推奨', 'max_combo_prob': 0.1057, 'est_top_odds': 12.6, 'circle_concentration': 69.0, 'eligible_count': 6, 'bet_adj': 2, 'reason': 'rel_win1=69.2%（本命度） / 最有力組み合わせ確率: 0.106（推定実オッズ?13倍） / 2着集中度: 上位2艇 69.0%（補正+0.00） / 総合判定確率: 0.106 / → ヒモ分散。1号艇1着固定で広めのヒモ流し推奨（買い目+2点）', 'tenji_trigger': '展示確認: ヒモ分散レース。1号艇伸び確認後、広めのヒモ流しを採用。穴ヒモ（5・6号艇）を積極的に含める。'}",,,25.9,逃げ狙い,9.66,29.2,3,,,,,,,,,,,
2025-08-06,丸亀,11,1,船岡洋一,A1,45.59,1,◎,64.0129,,0,94.3,0.1276,2.2071,,,0,低,67,0,逃1%,1232,0,80.4,1.034,0.6757,,,,,0.0811,0.027,0.1081,◎,,B,△,,,0.6315,,0.6718,S,90,0,◎1着固定 2-3着流し（5〜8点）,0.5777,"{'is_target': True, 'verdict': '点数絞り', 'max_combo_prob': 0.1195, 'est_top_odds': 11.2, 'circle_concentration': 78.5, 'eligible_count': 6, 'bet_adj': 0, 'reason': 'rel_win1=64.0%（本命度） / 最有力組み合わせ確率: 0.120（推定実オッズ?11倍） / 2着集中度: 上位2艇 78.5%（補正+0.04） / 総合判定確率: 0.160 / → ヒモはやや固め。上位2艇以外を切ること', 'tenji_trigger': '展示確認: 1号艇伸び良→そのまま採用。悪→飛び組に差し替え。circle_pct上位2艇に絞り込むこと。\n展示で1号艇スタート超安定(0.128秒)→ヒモ固まり方向に注意'}",,,27.4,逃げ狙い,18.63,25.8,3,,,,,0,0,0.7559,0,,逃げ軸流し,A
2025-08-06,丸亀,11,2,平田健之,A2,31.22,2,△,10.8175,56.2,84,72.6,0.1524,3,,,0,低,124,0,-,3115,0,46,0.8988,0,0.087,0.0435,0,0,0.1375,0.025,0.125,,,D,,,0.0817,0.6155,,0.6718,S,90,0,◎1着固定 2-3着流し（5〜8点）,0.5777,"{'is_target': True, 'verdict': '点数絞り', 'max_combo_prob': 0.1195, 'est_top_odds': 11.2, 'circle_concentration': 78.5, 'eligible_count': 6, 'bet_adj': 0, 'reason': 'rel_win1=64.0%（本命度） / 最有力組み合わせ確率: 0.120（推定実オッズ?11倍） / 2着集中度: 上位2艇 78.5%（補正+0.04） / 総合判定確率: 0.160 / → ヒモはやや固め。上位2艇以外を切ること', 'tenji_trigger': '展示確認: 1号艇伸び良→そのまま採用。悪→飛び組に差し替え。circle_pct上位2艇に絞り込むこと。\n展示で1号艇スタート超安定(0.128秒)→ヒモ固まり方向に注意'}",,,27.4,逃げ狙い,18.63,25.8,3,,,,,,,,,,,
2025-08-06,丸亀,11,3,谷津幸宏,A1,39.61,3,○,13.0671,22.3,100,62.1,0.1167,1.9848,,,0,低,52,0,-,4631,0,45.9,0.9667,0,0.0323,0,0.0968,0,0.0476,0.0714,0.119,,◎,C,○,,0.3596,0.6535,,0.6718,S,90,0,◎1着固定 2-3着流し（5〜8点）,0.5777,"{'is_target': True, 'verdict': '点数絞り', 'max_combo_prob': 0.1195, 'est_top_odds': 11.2, 'circle_concentration': 78.5, 'eligible_count': 6, 'bet_adj': 0, 'reason': 'rel_win1=64.0%（本命度） / 最有力組み合わせ確率: 0.120（推定実オッズ?11倍） / 2着集中度: 上位2艇 78.5%（補正+0.04） / 総合判定確率: 0.160 / → ヒモはやや固め。上位2艇以外を切ること', 'tenji_trigger': '展示確認: 1号艇伸び良→そのまま採用。悪→飛び組に差し替え。circle_pct上位2艇に絞り込むこと。\n展示で1号艇スタート超安定(0.128秒)→ヒモ固まり方向に注意'}",,,27.4,逃げ狙い,18.63,25.8,3,,,,,,,,,,,
2025-08-06,丸亀,11,4,山川波乙,B1,31.55,4,,3.6013,11.1,62,17.4,0.2022,4.087,,,0,低,59,0,-,455,0,16.8,0.5655,,,,,,0.0714,0.2857,0.0714,,,D,,,0.1408,0.5385,,0.6718,S,90,0,◎1着固定 2-3着流し（5〜8点）,0.5777,"{'is_target': True, 'verdict': '点数絞り', 'max_combo_prob': 0.1195, 'est_top_odds': 11.2, 'circle_concentration': 78.5, 'eligible_count': 6, 'bet_adj': 0, 'reason': 'rel_win1=64.0%（本命度） / 最有力組み合わせ確率: 0.120（推定実オッズ?11倍） / 2着集中度: 上位2艇 78.5%（補正+0.04） / 総合判定確率: 0.160 / → ヒモはやや固め。上位2艇以外を切ること', 'tenji_trigger': '展示確認: 1号艇伸び良→そのまま採用。悪→飛び組に差し替え。circle_pct上位2艇に絞り込むこと。\n展示で1号艇スタート超安定(0.128秒)→ヒモ固まり方向に注意'}",,,27.4,逃げ狙い,18.63,25.8,3,,,,,,,,,,,
2025-08-06,丸亀,11,5,小原聡将,A2,46.12,5,▲,7.664,8.2,90,50,0.1504,3.14,,,0,低,70,0,差0% 差ま0%,1132,0,86.7,1.4855,0,0.04,0,0.04,0,0.0705,0.2051,0.016,,,A,◎,◎,0.2123,0.67,0.3675,0.6718,S,90,0,◎1着固定 2-3着流し（5〜8点）,0.5777,"{'is_target': True, 'verdict': '点数絞り', 'max_combo_prob': 0.1195, 'est_top_odds': 11.2, 'circle_concentration': 78.5, 'eligible_count': 6, 'bet_adj': 0, 'reason': 'rel_win1=64.0%（本命度） / 最有力組み合わせ確率: 0.120（推定実オッズ?11倍） / 2着集中度: 上位2艇 78.5%（補正+0.04） / 総合判定確率: 0.160 / → ヒモはやや固め。上位2艇以外を切ること', 'tenji_trigger': '展示確認: 1号艇伸び良→そのまま採用。悪→飛び組に差し替え。circle_pct上位2艇に絞り込むこと。\n展示で1号艇スタート超安定(0.128秒)→ヒモ固まり方向に注意'}",,,27.4,逃げ狙い,18.63,25.8,3,,,,,,,,,,,
2025-08-06,丸亀,11,6,梶山涼斗,B1,30.58,6,,0.8372,2.2,49,15.6,0.1451,3.5111,,,0,低,51,0,-,332,0,43.4,0.8511,,,,,,0,0.0941,0.1671,,,E,△,,0.262,0.624,,0.6718,S,90,0,◎1着固定 2-3着流し（5〜8点）,0.5777,"{'is_target': True, 'verdict': '点数絞り', 'max_combo_prob': 0.1195, 'est_top_odds': 11.2, 'circle_concentration': 78.5, 'eligible_count': 6, 'bet_adj': 0, 'reason': 'rel_win1=64.0%（本命度） / 最有力組み合わせ確率: 0.120（推定実オッズ?11倍） / 2着集中度: 上位2艇 78.5%（補正+0.04） / 総合判定確率: 0.160 / → ヒモはやや固め。上位2艇以外を切ること', 'tenji_trigger': '展示確認: 1号艇伸び良→そのまま採用。悪→飛び組に差し替え。circle_pct上位2艇に絞り込むこと。\n展示で1号艇スタート超安定(0.128秒)→ヒモ固まり方向に注意'}",,,27.4,逃げ狙い,18.63,25.8,3,,,,,,,,,,,
2025-08-06,丸亀,12,1,丸岡正典,A1,38.73,1,◎,58.3362,,0,90.2,0.1626,3.2213,,,0,低,100,0,逃1%,1144,0,66.9,0.9796,0.6471,,,,,0.0118,0.3042,0.1681,◎,,C,◎,,,0.667,,0.4525,A,78,0,◎-○軸 3着3〜4艇流し（10〜15点）,0.5777,"{'is_target': True, 'verdict': '点数絞り', 'max_combo_prob': 0.1472, 'est_top_odds': 9.1, 'circle_concentration': 73.3, 'eligible_count': 8, 'bet_adj': 0, 'reason': 'rel_win1=58.3%（本命度） / 最有力組み合わせ確率: 0.147（推定実オッズ?9倍） / 2着集中度: 上位2艇 73.3%（補正+0.04） / 総合判定確率: 0.187 / → ヒモはやや固め。上位2艇以外を切ること', 'tenji_trigger': '展示確認: 1号艇伸び良→そのまま採用。悪→飛び組に差し替え。circle_pct上位2艇に絞り込むこと。'}",,,29.8,逃げ狙い,19.82,31.7,4,,,,,0,0,0.7559,0,,逃げ軸流し,A
2025-08-06,丸亀,12,2,南　佑典,A2,32.71,2,,6.7156,54.7,49,69.5,0.1537,3.5593,,,0,低,162,0,差0%,3311,0,91.3,1.1016,0,0.0385,0,0,0,0.0138,0.2161,0.0552,,△,D,△,,0.3978,0.6305,,0.4525,A,78,0,◎-○軸 3着3〜4艇流し（10〜15点）,0.5777,"{'is_target': True, 'verdict': '点数絞り', 'max_combo_prob': 0.1472, 'est_top_odds': 9.1, 'circle_concentration': 73.3, 'eligible_count': 8, 'bet_adj': 0, 'reason': 'rel_win1=58.3%（本命度） / 最有力組み合わせ確率: 0.147（推定実オッズ?9倍） / 2着集中度: 上位2艇 73.3%（補正+0.04） / 総合判定確率: 0.187 / → ヒモはやや固め。上位2艇以外を切ること', 'tenji_trigger': '展示確認: 1号艇伸び良→そのまま採用。悪→飛び組に差し替え。circle_pct上位2艇に絞り込むこと。'}",,,29.8,逃げ狙い,19.82,31.7,4,,,,,,,,,,,
2025-08-06,丸亀,12,3,森安弘雅,A2,42.45,3,▲,9.693,18.5,57,50.7,0.1718,3.7183,,,0,低,178,0,ま0%,5444,0,56.9,1.29,0,0,0.0968,0.0323,0,0.0167,0.1833,0.2,,,B,,,0.2813,0.6065,,0.4525,A,78,0,◎-○軸 3着3〜4艇流し（10〜15点）,0.5777,"{'is_target': True, 'verdict': '点数絞り', 'max_combo_prob': 0.1472, 'est_top_odds': 9.1, 'circle_concentration': 73.3, 'eligible_count': 8, 'bet_adj': 0, 'reason': 'rel_win1=58.3%（本命度） / 最有力組み合わせ確率: 0.147（推定実オッズ?9倍） / 2着集中度: 上位2艇 73.3%（補正+0.04） / 総合判定確率: 0.187 / → ヒモはやや固め。上位2艇以外を切ること', 'tenji_trigger': '展示確認: 1号艇伸び良→そのまま採用。悪→飛び組に差し替え。circle_pct上位2艇に絞り込むこと。'}",,,29.8,逃げ狙い,19.82,31.7,4,,,,,,,,,,,
2025-08-06,丸亀,12,4,吉田凌太,A1,37.16,4,△,13.7335,14.9,100,75.5,0.1474,2.8585,,,0,低,100,0,ま0% 差ま0%,3512,0,87.9,1.6077,0,0,0.1379,0.1034,0,0,0.0526,0.0316,,○,D,△,○,0.4239,0.6095,0.3763,0.4525,A,78,0,◎-○軸 3着3〜4艇流し（10〜15点）,0.5777,"{'is_target': True, 'verdict': '点数絞り', 'max_combo_prob': 0.1472, 'est_top_odds': 9.1, 'circle_concentration': 73.3, 'eligible_count': 8, 'bet_adj': 0, 'reason': 'rel_win1=58.3%（本命度） / 最有力組み合わせ確率: 0.147（推定実オッズ?9倍） / 2着集中度: 上位2艇 73.3%（補正+0.04） / 総合判定確率: 0.187 / → ヒモはやや固め。上位2艇以外を切ること', 'tenji_trigger': '展示確認: 1号艇伸び良→そのまま採用。悪→飛び組に差し替え。circle_pct上位2艇に絞り込むこと。'}",,,29.8,逃げ狙い,19.82,31.7,4,,,,,,,,,,,
2025-08-06,丸亀,12,5,石倉洋行,A1,40.29,5,○,10.5585,11.3,38,53.5,0.1223,2.6512,,,0,低,50,0,ま0% 差ま0%,4424,0,53.1,1.6564,0,0,0.1176,0.0588,0,0.0125,0.2,0.0125,,◎,B,○,◎,0.4808,0.636,0.4355,0.4525,A,78,0,◎-○軸 3着3〜4艇流し（10〜15点）,0.5777,"{'is_target': True, 'verdict': '点数絞り', 'max_combo_prob': 0.1472, 'est_top_odds': 9.1, 'circle_concentration': 73.3, 'eligible_count': 8, 'bet_adj': 0, 'reason': 'rel_win1=58.3%（本命度） / 最有力組み合わせ確率: 0.147（推定実オッズ?9倍） / 2着集中度: 上位2艇 73.3%（補正+0.04） / 総合判定確率: 0.187 / → ヒモはやや固め。上位2艇以外を切ること', 'tenji_trigger': '展示確認: 1号艇伸び良→そのまま採用。悪→飛び組に差し替え。circle_pct上位2艇に絞り込むこと。'}",,,29.8,逃げ狙い,19.82,31.7,4,,,,,,,,,,,
2025-08-06,丸亀,12,6,山田和佐,B1,38.99,6,,0.9631,0.5,22,16.7,0.1867,4.0714,,,0,低,130,0,-,5 53,0,31.5,0.6086,,,,,,0.1769,0.0308,0.1923,,,C,,,0.2792,0.5895,,0.4525,A,78,0,◎-○軸 3着3〜4艇流し（10〜15点）,0.5777,"{'is_target': True, 'verdict': '点数絞り', 'max_combo_prob': 0.1472, 'est_top_odds': 9.1, 'circle_concentration': 73.3, 'eligible_count': 8, 'bet_adj': 0, 'reason': 'rel_win1=58.3%（本命度） / 最有力組み合わせ確率: 0.147（推定実オッズ?9倍） / 2着集中度: 上位2艇 73.3%（補正+0.04） / 総合判定確率: 0.187 / → ヒモはやや固め。上位2艇以外を切ること', 'tenji_trigger': '展示確認: 1号艇伸び良→そのまま採用。悪→飛び組に差し替え。circle_pct上位2艇に絞り込むこと。'}",,,29.8,逃げ狙い,19.82,31.7,4,,,,,,,,,,,
2025-08-07,丸亀,1,1,國分将太,B1,48.29,1,◎,66.276,,0,76.2,0.1681,3.0595,,,0,低,111,0,逃0%,542 3,0,76.4,1.0428,0.2308,,,,,0,0.6154,0,◎,,A,,,,0.585,,0.4983,A,73,0,◎-○軸 3着3〜4艇流し（10〜15点）,0.5777,"{'is_target': True, 'verdict': '参加推奨', 'max_combo_prob': 0.0818, 'est_top_odds': 16.3, 'circle_concentration': 59.8, 'eligible_count': 8, 'bet_adj': 2, 'reason': 'rel_win1=66.3%（本命度） / 最有力組み合わせ確率: 0.082（推定実オッズ?16倍） / 2着集中度: 上位2艇 59.8%（補正+0.00） / 総合判定確率: 0.082 / → ヒモ分散。1号艇1着固定で広めのヒモ流し推奨（買い目+2点）', 'tenji_trigger': '展示確認: ヒモ分散レース。1号艇伸び確認後、広めのヒモ流しを採用。穴ヒモ（5・6号艇）を積極的に含める。'}",,,28.5,逃げ狙い,9.09,37.2,4,,,,,0,0,0.7559,0,,逃げ軸流し,A
2025-08-07,丸亀,1,2,小野信樹,B1,28.57,2,▲,7.5442,21.6,64,26.7,0.1718,3.7417,,,0,低,119,0,-,642 44,0,65.3,0.5462,0,0.0385,0,0,0,0.1533,0.3067,0.1867,,,D,◎,,0.27,0.676,,0.4983,A,73,0,◎-○軸 3着3〜4艇流し（10〜15点）,0.5777,"{'is_target': True, 'verdict': '参加推奨', 'max_combo_prob': 0.0818, 'est_top_odds': 16.3, 'circle_concentration': 59.8, 'eligible_count': 8, 'bet_adj': 2, 'reason': 'rel_win1=66.3%（本命度） / 最有力組み合わせ確率: 0.082（推定実オッズ?16倍） / 2着集中度: 上位2艇 59.8%（補正+0.00） / 総合判定確率: 0.082 / → ヒモ分散。1号艇1着固定で広めのヒモ流し推奨（買い目+2点）', 'tenji_trigger': '展示確認: ヒモ分散レース。1号艇伸び確認後、広めのヒモ流しを採用。穴ヒモ（5・6号艇）を積極的に含める。'}",,,28.5,逃げ狙い,9.09,37.2,4,,,,,,,,,,,
2025-08-07,丸亀,1,3,伊藤喜智,B1,33.01,3,○,9.9596,38.2,100,62.5,0.1722,4.1562,,,0,低,184,0,差ま0%,664 65,0,28.6,0.7365,0,0,0.0417,0.0833,0,0.2075,0.1379,0.0174,,,B,○,,0.2772,0.646,,0.4983,A,73,0,◎-○軸 3着3〜4艇流し（10〜15点）,0.5777,"{'is_target': True, 'verdict': '参加推奨', 'max_combo_prob': 0.0818, 'est_top_odds': 16.3, 'circle_concentration': 59.8, 'eligible_count': 8, 'bet_adj': 2, 'reason': 'rel_win1=66.3%（本命度） / 最有力組み合わせ確率: 0.082（推定実オッズ?16倍） / 2着集中度: 上位2艇 59.8%（補正+0.00） / 総合判定確率: 0.082 / → ヒモ分散。1号艇1着固定で広めのヒモ流し推奨（買い目+2点）', 'tenji_trigger': '展示確認: ヒモ分散レース。1号艇伸び確認後、広めのヒモ流しを採用。穴ヒモ（5・6号艇）を積極的に含める。'}",,,28.5,逃げ狙い,9.09,37.2,4,,,,,,,,,,,
2025-08-07,丸亀,1,4,坂井康嗣,B1,25.81,4,,10.6739,17.7,38,30.5,0.1917,3.9237,,,0,低,168,0,-,6 164,0,88.6,1.6589,0,0.0357,0.0357,0,0,0.28,0.32,0.32,,,E,△,◎,0.1923,0.607,0.2037,0.4983,A,73,0,◎-○軸 3着3〜4艇流し（10〜15点）,0.5777,"{'is_target': True, 'verdict': '参加推奨', 'max_combo_prob': 0.0818, 'est_top_odds': 16.3, 'circle_concentration': 59.8, 'eligible_count': 8, 'bet_adj': 2, 'reason': 'rel_win1=66.3%（本命度） / 最有力組み合わせ確率: 0.082（推定実オッズ?16倍） / 2着集中度: 上位2艇 59.8%（補正+0.00） / 総合判定確率: 0.082 / → ヒモ分散。1号艇1着固定で広めのヒモ流し推奨（買い目+2点）', 'tenji_trigger': '展示確認: ヒモ分散レース。1号艇伸び確認後、広めのヒモ流しを採用。穴ヒモ（5・6号艇）を積極的に含める。'}",,,28.5,逃げ狙い,9.09,37.2,4,,,,,,,,,,,
2025-08-07,丸亀,1,5,渡　修平,B1,30.48,5,,2.8437,16.6,59,30.2,0.1964,4.4245,,,0,低,148,0,-,6 441,0,27.4,0.6533,,,,,,0.0235,0.1906,0.1906,,,C,,,0.2234,0.6,,0.4983,A,73,0,◎-○軸 3着3〜4艇流し（10〜15点）,0.5777,"{'is_target': True, 'verdict': '参加推奨', 'max_combo_prob': 0.0818, 'est_top_odds': 16.3, 'circle_concentration': 59.8, 'eligible_count': 8, 'bet_adj': 2, 'reason': 'rel_win1=66.3%（本命度） / 最有力組み合わせ確率: 0.082（推定実オッズ?16倍） / 2着集中度: 上位2艇 59.8%（補正+0.00） / 総合判定確率: 0.082 / → ヒモ分散。1号艇1着固定で広めのヒモ流し推奨（買い目+2点）', 'tenji_trigger': '展示確認: ヒモ分散レース。1号艇伸び確認後、広めのヒモ流しを採用。穴ヒモ（5・6号艇）を積極的に含める。'}",,,28.5,逃げ狙い,9.09,37.2,4,,,,,,,,,,,
2025-08-07,丸亀,1,6,西丸敦基,B1,30.05,6,△,2.7025,5.9,37,23.5,0.1719,3.537,,,0,低,113,0,-,335 35,0,25.3,1.2686,,,,,,0.0333,0.0667,0.3,,,D,△,,0.2979,0.6165,,0.4983,A,73,0,◎-○軸 3着3〜4艇流し（10〜15点）,0.5777,"{'is_target': True, 'verdict': '参加推奨', 'max_combo_prob': 0.0818, 'est_top_odds': 16.3, 'circle_concentration': 59.8, 'eligible_count': 8, 'bet_adj': 2, 'reason': 'rel_win1=66.3%（本命度） / 最有力組み合わせ確率: 0.082（推定実オッズ?16倍） / 2着集中度: 上位2艇 59.8%（補正+0.00） / 総合判定確率: 0.082 / → ヒモ分散。1号艇1着固定で広めのヒモ流し推奨（買い目+2点）', 'tenji_trigger': '展示確認: ヒモ分散レース。1号艇伸び確認後、広めのヒモ流しを採用。穴ヒモ（5・6号艇）を積極的に含める。'}",,,28.5,逃げ狙い,9.09,37.2,4,,,,,,,,,,,
2025-08-07,丸亀,2,1,荒牧凪沙,B1,40.64,1,◎,56.8515,,0,85.3,0.1576,3.1176,,,0,低,117,0,逃0%,4 655,0,86.2,1.1001,0.5,,,,,0.0571,0.2857,0.2571,○,,B,△,,,0.5875,,0.4391,S,100,0,◎1着固定 2-3着流し（5〜8点）,0.5777,"{'is_target': True, 'verdict': '参加推奨', 'max_combo_prob': 0.0736, 'est_top_odds': 18.1, 'circle_concentration': 70.5, 'eligible_count': 6, 'bet_adj': 2, 'reason': 'rel_win1=56.9%（本命度） / 最有力組み合わせ確率: 0.074（推定実オッズ?18倍） / 2着集中度: 上位2艇 70.5%（補正+0.04） / 総合判定確率: 0.114 / → ヒモ分散。1号艇1着固定で広めのヒモ流し推奨（買い目+2点）', 'tenji_trigger': '展示確認: ヒモ分散レース。1号艇伸び確認後、広めのヒモ流しを採用。穴ヒモ（5・6号艇）を積極的に含める。'}",,,29.5,逃げ狙い,15.49,34.6,2,,,,,0,0,0.6155,0,,逃げ軸流し,A
2025-08-07,丸亀,2,2,山崎義明,B1,34.15,2,▲,9.4783,43.2,100,53.7,0.159,3.0149,,,0,低,95,0,-,125 43,0,58.1,1.0384,0,0,0,0,0.0526,0.0833,0.3571,0.2714,,,C,○,,0.3135,0.6385,,0.4391,S,100,0,◎1着固定 2-3着流し（5〜8点）,0.5777,"{'is_target': True, 'verdict': '参加推奨', 'max_combo_prob': 0.0736, 'est_top_odds': 18.1, 'circle_concentration': 70.5, 'eligible_count': 6, 'bet_adj': 2, 'reason': 'rel_win1=56.9%（本命度） / 最有力組み合わせ確率: 0.074（推定実オッズ?18倍） / 2着集中度: 上位2艇 70.5%（補正+0.04） / 総合判定確率: 0.114 / → ヒモ分散。1号艇1着固定で広めのヒモ流し推奨（買い目+2点）', 'tenji_trigger': '展示確認: ヒモ分散レース。1号艇伸び確認後、広めのヒモ流しを採用。穴ヒモ（5・6号艇）を積極的に含める。'}",,,29.5,逃げ狙い,15.49,34.6,2,,,,,,,,,,,
2025-08-07,丸亀,2,3,安田政彦,A2,39.09,3,○,13.8756,27.3,76,58.5,0.1766,3.4528,,,0,低,147,0,-,2 3355,0,59.5,1.0615,0,0.0357,0.0357,0.0714,0,0.2188,0.3285,0.1918,,,B,,,0.1961,0.5665,,0.4391,S,100,0,◎1着固定 2-3着流し（5〜8点）,0.5777,"{'is_target': True, 'verdict': '参加推奨', 'max_combo_prob': 0.0736, 'est_top_odds': 18.1, 'circle_concentration': 70.5, 'eligible_count': 6, 'bet_adj': 2, 'reason': 'rel_win1=56.9%（本命度） / 最有力組み合わせ確率: 0.074（推定実オッズ?18倍） / 2着集中度: 上位2艇 70.5%（補正+0.04） / 総合判定確率: 0.114 / → ヒモ分散。1号艇1着固定で広めのヒモ流し推奨（買い目+2点）', 'tenji_trigger': '展示確認: ヒモ分散レース。1号艇伸び確認後、広めのヒモ流しを採用。穴ヒモ（5・6号艇）を積極的に含める。'}",,,29.5,逃げ狙い,15.49,34.6,2,,,,,,,,,,,
2025-08-07,丸亀,2,4,西田和加,B2,31.94,4,,4.8182,6.8,52,3.3,0.2397,4.6333,,,0,低,88,0,-,6 666,0,11.4,0.574,,,,,,0.4,0.4,0.2,,,D,,,0.1374,0.431,,0.4391,S,100,0,◎1着固定 2-3着流し（5〜8点）,0.5777,"{'is_target': True, 'verdict': '参加推奨', 'max_combo_prob': 0.0736, 'est_top_odds': 18.1, 'circle_concentration': 70.5, 'eligible_count': 6, 'bet_adj': 2, 'reason': 'rel_win1=56.9%（本命度） / 最有力組み合わせ確率: 0.074（推定実オッズ?18倍） / 2着集中度: 上位2艇 70.5%（補正+0.04） / 総合判定確率: 0.114 / → ヒモ分散。1号艇1着固定で広めのヒモ流し推奨（買い目+2点）', 'tenji_trigger': '展示確認: ヒモ分散レース。1号艇伸び確認後、広めのヒモ流しを採用。穴ヒモ（5・6号艇）を積極的に含める。'}",,,29.5,逃げ狙い,15.49,34.6,2,,,,,,,,,,,
2025-08-07,丸亀,2,5,加倉侑征,A2,29.30,5,,11.5318,18.9,86,53.1,0.1289,2.7188,,,0,低,56,0,-,S 4621,0,52,1.0076,0,0,0.0345,0.1379,0,0.2933,0.1333,0.16,,,E,△,◎,0.3961,0.6175,0.4752,0.4391,S,100,0,◎1着固定 2-3着流し（5〜8点）,0.5777,"{'is_target': True, 'verdict': '参加推奨', 'max_combo_prob': 0.0736, 'est_top_odds': 18.1, 'circle_concentration': 70.5, 'eligible_count': 6, 'bet_adj': 2, 'reason': 'rel_win1=56.9%（本命度） / 最有力組み合わせ確率: 0.074（推定実オッズ?18倍） / 2着集中度: 上位2艇 70.5%（補正+0.04） / 総合判定確率: 0.114 / → ヒモ分散。1号艇1着固定で広めのヒモ流し推奨（買い目+2点）', 'tenji_trigger': '展示確認: ヒモ分散レース。1号艇伸び確認後、広めのヒモ流しを採用。穴ヒモ（5・6号艇）を積極的に含める。'}",,,29.5,逃げ狙い,15.49,34.6,2,,,,,,,,,,,
2025-08-07,丸亀,2,6,天野友和,A2,35.24,6,△,3.4447,3.8,73,34.5,0.1724,3.7241,,,0,低,104,0,差ま0%,124123,0,79.6,1.4592,0,0,0,0.087,0,0.2341,0.1416,0.0216,,,C,◎,,0.2462,0.6795,,0.4391,S,100,0,◎1着固定 2-3着流し（5〜8点）,0.5777,"{'is_target': True, 'verdict': '参加推奨', 'max_combo_prob': 0.0736, 'est_top_odds': 18.1, 'circle_concentration': 70.5, 'eligible_count': 6, 'bet_adj': 2, 'reason': 'rel_win1=56.9%（本命度） / 最有力組み合わせ確率: 0.074（推定実オッズ?18倍） / 2着集中度: 上位2艇 70.5%（補正+0.04） / 総合判定確率: 0.114 / → ヒモ分散。1号艇1着固定で広めのヒモ流し推奨（買い目+2点）', 'tenji_trigger': '展示確認: ヒモ分散レース。1号艇伸び確認後、広めのヒモ流しを採用。穴ヒモ（5・6号艇）を積極的に含める。'}",,,29.5,逃げ狙い,15.49,34.6,2,,,,,,,,,,,
2025-08-07,丸亀,3,1,梶山涼斗,B1,30.58,1,◎,45.074,,0,80,0.1213,2.2333,,,0,低,51,0,逃0%,332 25,0,55.2,0.9999,0.4706,,,,,0,0.0941,0.1671,◎,,E,,,,0.624,,0.569,A,67,0,◎-○軸 3着3〜4艇流し（10〜15点）,0.5777,"{'is_target': True, 'verdict': '参加推奨', 'max_combo_prob': 0.0588, 'est_top_odds': 22.7, 'circle_concentration': 79.2, 'eligible_count': 8, 'bet_adj': 2, 'reason': 'rel_win1=45.1%（本命度） / 最有力組み合わせ確率: 0.059（推定実オッズ?23倍） / 2着集中度: 上位2艇 79.2%（補正+0.04） / 総合判定確率: 0.099 / → ヒモ分散。1号艇1着固定で広めのヒモ流し推奨（買い目+2点）', 'tenji_trigger': '展示確認: ヒモ分散レース。1号艇伸び確認後、広めのヒモ流しを採用。穴ヒモ（5・6号艇）を積極的に含める。\n展示で1号艇スタート超安定(0.121秒)→ヒモ固まり方向に注意'}",,,27.7,逃げ狙い,19.75,25.6,3,,,,,0,0,0.7559,0,,逃げ軸流し,A
2025-08-07,丸亀,3,2,村越　篤,B1,39.15,2,,15.3232,47.8,78,68.7,0.1593,3.2836,,,0,低,142,0,差0%,1 561,0,73.2,1.6019,0,0.1875,0,0,0,0.2516,0.0129,0.0774,,,C,◎,,0.0939,0.667,,0.569,A,67,0,◎-○軸 3着3〜4艇流し（10〜15点）,0.5777,"{'is_target': True, 'verdict': '参加推奨', 'max_combo_prob': 0.0588, 'est_top_odds': 22.7, 'circle_concentration': 79.2, 'eligible_count': 8, 'bet_adj': 2, 'reason': 'rel_win1=45.1%（本命度） / 最有力組み合わせ確率: 0.059（推定実オッズ?23倍） / 2着集中度: 上位2艇 79.2%（補正+0.04） / 総合判定確率: 0.099 / → ヒモ分散。1号艇1着固定で広めのヒモ流し推奨（買い目+2点）', 'tenji_trigger': '展示確認: ヒモ分散レース。1号艇伸び確認後、広めのヒモ流しを採用。穴ヒモ（5・6号艇）を積極的に含める。\n展示で1号艇スタート超安定(0.121秒)→ヒモ固まり方向に注意'}",,,27.7,逃げ狙い,19.75,25.6,3,,,,,,,,,,,
2025-08-07,丸亀,3,3,麻生慎介,A2,42.65,3,○,23.2569,31.5,100,74,0.1206,2.61,,,0,低,66,0,-,421 32,0,100,1.1748,0,0,0,0.24,0.04,0.0381,0.4362,0.0381,,,B,○,,0.3404,0.661,,0.569,A,67,0,◎-○軸 3着3〜4艇流し（10〜15点）,0.5777,"{'is_target': True, 'verdict': '参加推奨', 'max_combo_prob': 0.0588, 'est_top_odds': 22.7, 'circle_concentration': 79.2, 'eligible_count': 8, 'bet_adj': 2, 'reason': 'rel_win1=45.1%（本命度） / 最有力組み合わせ確率: 0.059（推定実オッズ?23倍） / 2着集中度: 上位2艇 79.2%（補正+0.04） / 総合判定確率: 0.099 / → ヒモ分散。1号艇1着固定で広めのヒモ流し推奨（買い目+2点）', 'tenji_trigger': '展示確認: ヒモ分散レース。1号艇伸び確認後、広めのヒモ流しを採用。穴ヒモ（5・6号艇）を積極的に含める。\n展示で1号艇スタート超安定(0.121秒)→ヒモ固まり方向に注意'}",,,27.7,逃げ狙い,19.75,25.6,3,,,,,,,,,,,
2025-08-07,丸亀,3,4,樋江井舞,B1,40.49,4,▲,5.9522,9,83,44.1,0.1588,3.6324,,,0,低,76,0,-,6 566,0,76,1.6389,0,0,0,0.0345,0,,,,,,C,,,0.1294,0.539,,0.569,A,67,0,◎-○軸 3着3〜4艇流し（10〜15点）,0.5777,"{'is_target': True, 'verdict': '参加推奨', 'max_combo_prob': 0.0588, 'est_top_odds': 22.7, 'circle_concentration': 79.2, 'eligible_count': 8, 'bet_adj': 2, 'reason': 'rel_win1=45.1%（本命度） / 最有力組み合わせ確率: 0.059（推定実オッズ?23倍） / 2着集中度: 上位2艇 79.2%（補正+0.04） / 総合判定確率: 0.099 / → ヒモ分散。1号艇1着固定で広めのヒモ流し推奨（買い目+2点）', 'tenji_trigger': '展示確認: ヒモ分散レース。1号艇伸び確認後、広めのヒモ流しを採用。穴ヒモ（5・6号艇）を積極的に含める。\n展示で1号艇スタート超安定(0.121秒)→ヒモ固まり方向に注意'}",,,27.7,逃げ狙い,19.75,25.6,3,,,,,,,,,,,
2025-08-07,丸亀,3,5,南　佑典,A2,32.71,5,,6.274,3.7,87,42.4,0.1871,3.8898,,,0,低,162,0,-,331132,0,45.3,1.2183,,,,,,0.0138,0.2161,0.0552,,,D,△,,0.1389,0.6305,,0.569,A,67,0,◎-○軸 3着3〜4艇流し（10〜15点）,0.5777,"{'is_target': True, 'verdict': '参加推奨', 'max_combo_prob': 0.0588, 'est_top_odds': 22.7, 'circle_concentration': 79.2, 'eligible_count': 8, 'bet_adj': 2, 'reason': 'rel_win1=45.1%（本命度） / 最有力組み合わせ確率: 0.059（推定実オッズ?23倍） / 2着集中度: 上位2艇 79.2%（補正+0.04） / 総合判定確率: 0.099 / → ヒモ分散。1号艇1着固定で広めのヒモ流し推奨（買い目+2点）', 'tenji_trigger': '展示確認: ヒモ分散レース。1号艇伸び確認後、広めのヒモ流しを採用。穴ヒモ（5・6号艇）を積極的に含める。\n展示で1号艇スタート超安定(0.121秒)→ヒモ固まり方向に注意'}",,,27.7,逃げ狙い,19.75,25.6,3,,,,,,,,,,,
2025-08-07,丸亀,3,6,船岡洋一,A1,45.59,6,△,4.1196,8.1,96,59.5,0.1889,4.0946,,,0,低,67,0,差ま0%,123211,0,34.6,2.2525,0,0,0,0.0556,0,0.0811,0.027,0.1081,,,B,△,,0.1095,0.6315,,0.569,A,67,0,◎-○軸 3着3〜4艇流し（10〜15点）,0.5777,"{'is_target': True, 'verdict': '参加推奨', 'max_combo_prob': 0.0588, 'est_top_odds': 22.7, 'circle_concentration': 79.2, 'eligible_count': 8, 'bet_adj': 2, 'reason': 'rel_win1=45.1%（本命度） / 最有力組み合わせ確率: 0.059（推定実オッズ?23倍） / 2着集中度: 上位2艇 79.2%（補正+0.04） / 総合判定確率: 0.099 / → ヒモ分散。1号艇1着固定で広めのヒモ流し推奨（買い目+2点）', 'tenji_trigger': '展示確認: ヒモ分散レース。1号艇伸び確認後、広めのヒモ流しを採用。穴ヒモ（5・6号艇）を積極的に含める。\n展示で1号艇スタート超安定(0.121秒)→ヒモ固まり方向に注意'}",,,27.7,逃げ狙い,19.75,25.6,3,,,,,,,,,,,
2025-08-07,丸亀,4,1,山田和佐,B1,38.99,1,◎,53.2084,,0,77.3,0.1509,2.9545,,,0,低,130,0,逃0%,5 5366,0,55.3,0.85,0.5,,,,,0.1769,0.0308,0.1923,○,,C,,,,0.5895,,0.4214,A,68,0,◎-○軸 3着3〜4艇流し（10〜15点）,0.5777,"{'is_target': True, 'verdict': '参加推奨', 'max_combo_prob': 0.0765, 'est_top_odds': 17.4, 'circle_concentration': 73.4, 'eligible_count': 8, 'bet_adj': 2, 'reason': 'rel_win1=53.2%（本命度） / 最有力組み合わせ確率: 0.077（推定実オッズ?17倍） / 2着集中度: 上位2艇 73.4%（補正+0.04） / 総合判定確率: 0.117 / → ヒモ分散。1号艇1着固定で広めのヒモ流し推奨（買い目+2点）', 'tenji_trigger': '展示確認: ヒモ分散レース。1号艇伸び確認後、広めのヒモ流しを採用。穴ヒモ（5・6号艇）を積極的に含める。'}",,,27.9,逃げ狙い,13.19,31.8,5,,,,,0,0,0.6155,0,,逃げ軸流し,A
2025-08-07,丸亀,4,2,水野望美,B1,33.01,2,,12.0922,45.6,65,50,0.1533,3.3472,,,0,低,63,0,-,531 26,0,100,1.969,0,0.0588,0,0,0,0,0.1,0,,,D,△,,0.3146,0.6245,,0.4214,A,68,0,◎-○軸 3着3〜4艇流し（10〜15点）,0.5777,"{'is_target': True, 'verdict': '参加推奨', 'max_combo_prob': 0.0765, 'est_top_odds': 17.4, 'circle_concentration': 73.4, 'eligible_count': 8, 'bet_adj': 2, 'reason': 'rel_win1=53.2%（本命度） / 最有力組み合わせ確率: 0.077（推定実オッズ?17倍） / 2着集中度: 上位2艇 73.4%（補正+0.04） / 総合判定確率: 0.117 / → ヒモ分散。1号艇1着固定で広めのヒモ流し推奨（買い目+2点）', 'tenji_trigger': '展示確認: ヒモ分散レース。1号艇伸び確認後、広めのヒモ流しを採用。穴ヒモ（5・6号艇）を積極的に含める。'}",,,27.9,逃げ狙い,13.19,31.8,5,,,,,,,,,,,
2025-08-07,丸亀,4,3,妹尾忠幸,A2,37.75,3,△,15.0837,27.8,100,74.1,0.1443,3.0679,,,0,低,119,0,差0% ま0% 差ま0%,62123,0,64,1.4215,0,0.0278,0.0556,0.0278,0,0.0108,0.3328,0.1398,,,C,○,,0.3348,0.659,,0.4214,A,68,0,◎-○軸 3着3〜4艇流し（10〜15点）,0.5777,"{'is_target': True, 'verdict': '参加推奨', 'max_combo_prob': 0.0765, 'est_top_odds': 17.4, 'circle_concentration': 73.4, 'eligible_count': 8, 'bet_adj': 2, 'reason': 'rel_win1=53.2%（本命度） / 最有力組み合わせ確率: 0.077（推定実オッズ?17倍） / 2着集中度: 上位2艇 73.4%（補正+0.04） / 総合判定確率: 0.117 / → ヒモ分散。1号艇1着固定で広めのヒモ流し推奨（買い目+2点）', 'tenji_trigger': '展示確認: ヒモ分散レース。1号艇伸び確認後、広めのヒモ流しを採用。穴ヒモ（5・6号艇）を積極的に含める。'}",,,27.9,逃げ狙い,13.19,31.8,5,,,,,,,,,,,
2025-08-07,丸亀,4,4,山口修路,B1,27.14,4,,4.5075,11.1,77,30.9,0.2303,5.0221,,,0,低,181,0,-,266 14,0,15.3,0.6647,,,,,,0.1538,0.3077,0.1538,,,E,,,0.1426,0.527,,0.4214,A,68,0,◎-○軸 3着3〜4艇流し（10〜15点）,0.5777,"{'is_target': True, 'verdict': '参加推奨', 'max_combo_prob': 0.0765, 'est_top_odds': 17.4, 'circle_concentration': 73.4, 'eligible_count': 8, 'bet_adj': 2, 'reason': 'rel_win1=53.2%（本命度） / 最有力組み合わせ確率: 0.077（推定実オッズ?17倍） / 2着集中度: 上位2艇 73.4%（補正+0.04） / 総合判定確率: 0.117 / → ヒモ分散。1号艇1着固定で広めのヒモ流し推奨（買い目+2点）', 'tenji_trigger': '展示確認: ヒモ分散レース。1号艇伸び確認後、広めのヒモ流しを採用。穴ヒモ（5・6号艇）を積極的に含める。'}",,,27.9,逃げ狙い,13.19,31.8,5,,,,,,,,,,,
2025-08-07,丸亀,4,5,谷津幸宏,A1,39.61,5,○,13.7801,9.6,61,41.5,0.1278,2.6846,,,0,低,52,0,差0%,463114,0,98.4,1.949,0,0.0312,0.0625,0.0938,0,0.0476,0.0714,0.119,,,B,△,◎,0.3761,0.6535,0.4456,0.4214,A,68,0,◎-○軸 3着3〜4艇流し（10〜15点）,0.5777,"{'is_target': True, 'verdict': '参加推奨', 'max_combo_prob': 0.0765, 'est_top_odds': 17.4, 'circle_concentration': 73.4, 'eligible_count': 8, 'bet_adj': 2, 'reason': 'rel_win1=53.2%（本命度） / 最有力組み合わせ確率: 0.077（推定実オッズ?17倍） / 2着集中度: 上位2艇 73.4%（補正+0.04） / 総合判定確率: 0.117 / → ヒモ分散。1号艇1着固定で広めのヒモ流し推奨（買い目+2点）', 'tenji_trigger': '展示確認: ヒモ分散レース。1号艇伸び確認後、広めのヒモ流しを採用。穴ヒモ（5・6号艇）を積極的に含める。'}",,,27.9,逃げ狙い,13.19,31.8,5,,,,,,,,,,,
2025-08-07,丸亀,4,6,小原聡将,A2,46.12,6,▲,1.328,5.9,79,46.3,0.1472,3.2778,,,0,低,70,0,-,113213,0,32.4,0.6967,,,,,,0.0705,0.2051,0.016,,,A,◎,,0.3279,0.67,,0.4214,A,68,0,◎-○軸 3着3〜4艇流し（10〜15点）,0.5777,"{'is_target': True, 'verdict': '参加推奨', 'max_combo_prob': 0.0765, 'est_top_odds': 17.4, 'circle_concentration': 73.4, 'eligible_count': 8, 'bet_adj': 2, 'reason': 'rel_win1=53.2%（本命度） / 最有力組み合わせ確率: 0.077（推定実オッズ?17倍） / 2着集中度: 上位2艇 73.4%（補正+0.04） / 総合判定確率: 0.117 / → ヒモ分散。1号艇1着固定で広めのヒモ流し推奨（買い目+2点）', 'tenji_trigger': '展示確認: ヒモ分散レース。1号艇伸び確認後、広めのヒモ流しを採用。穴ヒモ（5・6号艇）を積極的に含める。'}",,,27.9,逃げ狙い,13.19,31.8,5,,,,,,,,,,,
2025-08-07,丸亀,5,1,長尾萌加,B1,32.21,1,◎,44.612,,0,80,0.185,3.4,,,0,低,104,1,逃0%,4 233,0,49.9,0.9981,0.3,,,,,0.28,0.6,0,△⚠️,,C,,,,0.563,,0.2409,B,48,0,◎○△フォーメーション（15〜20点）,0.5777,"{'is_target': False, 'verdict': '対象外', 'max_combo_prob': None, 'est_top_odds': None, 'circle_concentration': None, 'eligible_count': 0, 'bet_adj': 0, 'reason': '1号艇rel_win1 < 45%: 通常判定に委ねる', 'tenji_trigger': ''}",,,40,両建て推奨,19.28,47.1,2,2-1-3|2-1-4|2-1-6|2-3-1|2-6-1|2-3-4|2-6-3|1-2-4|1-2-6|1-3-4|1-3-6|1-3-2,2-1-3|2-1-4|2-1-6|2-3-1|2-6-1|2-3-4|2-6-3|1-2-4|1-2-6|1-3-4|1-3-6|1-3-2,2-1-3:2.66%|2-1-4:1.66%|2-1-6:1.18%|2-3-1:0.81%|2-6-1:0.44%|2-3-4:0.32%|2-6-3:0.27%|1-2-4:9.48%|1-2-6:7.94%|1-3-4:6.36%|1-3-6:5.33%|1-3-2:5.11%,2-1-3:B_main|2-1-4:B_main|2-1-6:B_main|2-3-1:B_main|2-6-1:B_main|2-3-4:B_main|2-6-3:B_main|1-2-4:A|1-2-6:A|1-3-4:A|1-3-6:A|1-3-2:A,12,12,0.4535,1,[!]見送り推奨（主役決まり手「差し」― 逃げ劣勢レースで的中実績なし）,主役軸流し,B
2025-08-07,丸亀,5,2,石倉洋行,A1,40.29,2,○,19.6299,45.2,67,73.3,0.1529,3.2667,,,0,低,50,0,-,442414,0,35.2,1.1019,0,0.1905,0,0,0,0.0125,0.2,0.0125,,◎,B,◎,,0.5947,0.636,,0.2409,B,48,0,◎○△フォーメーション（15〜20点）,0.5777,"{'is_target': False, 'verdict': '対象外', 'max_combo_prob': None, 'est_top_odds': None, 'circle_concentration': None, 'eligible_count': 0, 'bet_adj': 0, 'reason': '1号艇rel_win1 < 45%: 通常判定に委ねる', 'tenji_trigger': ''}",,,40,両建て推奨,19.28,47.1,2,,,,,,,,,,,
2025-08-07,丸亀,5,3,平田健之,A2,31.22,3,△,13.3336,26.2,95,64.4,0.1307,2.5,,,0,低,124,0,-,311542,0,42.1,1.2871,0,0.0333,0.0333,0.0333,0,0.1375,0.025,0.125,,○,D,△,,0.4555,0.6155,,0.2409,B,48,0,◎○△フォーメーション（15〜20点）,0.5777,"{'is_target': False, 'verdict': '対象外', 'max_combo_prob': None, 'est_top_odds': None, 'circle_concentration': None, 'eligible_count': 0, 'bet_adj': 0, 'reason': '1号艇rel_win1 < 45%: 通常判定に委ねる', 'tenji_trigger': ''}",,,40,両建て推奨,19.28,47.1,2,,,,,,,,,,,
2025-08-07,丸亀,5,4,新田智彰,B1,39.71,4,▲,10.2821,14.2,100,51.3,0.157,3.2961,,,0,低,135,0,-,543 52,0,77,1.6155,0,0.027,0.027,0.027,0,0.0593,0.3437,0.1644,,,B,○,◎,0.393,0.625,0.3436,0.2409,B,48,0,◎○△フォーメーション（15〜20点）,0.5777,"{'is_target': False, 'verdict': '対象外', 'max_combo_prob': None, 'est_top_odds': None, 'circle_concentration': None, 'eligible_count': 0, 'bet_adj': 0, 'reason': '1号艇rel_win1 < 45%: 通常判定に委ねる', 'tenji_trigger': ''}",,,40,両建て推奨,19.28,47.1,2,,,,,,,,,,,
2025-08-07,丸亀,5,5,楠原正剛,B1,32.69,5,,6.9405,13.4,69,46.3,0.1652,3.2687,,,0,低,109,0,-,253 55,0,41.7,1.1514,0,0,0,0.0333,0,0.2206,0.0706,0.3706,,,C,△,,0.345,0.6025,,0.2409,B,48,0,◎○△フォーメーション（15〜20点）,0.5777,"{'is_target': False, 'verdict': '対象外', 'max_combo_prob': None, 'est_top_odds': None, 'circle_concentration': None, 'eligible_count': 0, 'bet_adj': 0, 'reason': '1号艇rel_win1 < 45%: 通常判定に委ねる', 'tenji_trigger': ''}",,,40,両建て推奨,19.28,47.1,2,,,,,,,,,,,
2025-08-07,丸亀,5,6,上平真二,A1,30.10,6,,5.2019,1,94,52,0.1872,4.68,,,0,低,81,0,-,233142,0,97.2,2.0325,,,,,,0.1533,0.0333,0,,,E,△,,0.307,0.6155,,0.2409,B,48,0,◎○△フォーメーション（15〜20点）,0.5777,"{'is_target': False, 'verdict': '対象外', 'max_combo_prob': None, 'est_top_odds': None, 'circle_concentration': None, 'eligible_count': 0, 'bet_adj': 0, 'reason': '1号艇rel_win1 < 45%: 通常判定に委ねる', 'tenji_trigger': ''}",,,40,両建て推奨,19.28,47.1,2,,,,,,,,,,,
2025-08-07,丸亀,6,1,小池礼乃,A2,33.33,1,◎,50.2663,,0,84,0.1492,3.04,,,0,低,61,0,逃1%,216425,0,75.8,1.0613,0.5625,,,,,0.29,0.22,0,◎,,D,◎,,,0.612,,0.4683,A,69,0,◎-○軸 3着3〜4艇流し（10〜15点）,0.5777,"{'is_target': True, 'verdict': '参加推奨', 'max_combo_prob': 0.0703, 'est_top_odds': 19.0, 'circle_concentration': 72.7, 'eligible_count': 8, 'bet_adj': 2, 'reason': 'rel_win1=50.3%（本命度） / 最有力組み合わせ確率: 0.070（推定実オッズ?19倍） / 2着集中度: 上位2艇 72.7%（補正+0.04） / 総合判定確率: 0.110 / → ヒモ分散。1号艇1着固定で広めのヒモ流し推奨（買い目+2点）', 'tenji_trigger': '展示確認: ヒモ分散レース。1号艇伸び確認後、広めのヒモ流しを採用。穴ヒモ（5・6号艇）を積極的に含める。'}",,,30.9,逃げ狙い,19.36,35.1,4,,,,,0,0,0.7559,0,,逃げ軸流し,A
2025-08-07,丸亀,6,2,渡　修平,B1,30.48,2,,7.3477,35.1,51,49,0.1937,4.2157,,,0,低,148,0,-,6 441,0,23.5,0.8162,,,,,,0.0235,0.1906,0.1906,,,E,△,,0.0775,0.6,,0.4683,A,69,0,◎-○軸 3着3〜4艇流し（10〜15点）,0.5777,"{'is_target': True, 'verdict': '参加推奨', 'max_combo_prob': 0.0703, 'est_top_odds': 19.0, 'circle_concentration': 72.7, 'eligible_count': 8, 'bet_adj': 2, 'reason': 'rel_win1=50.3%（本命度） / 最有力組み合わせ確率: 0.070（推定実オッズ?19倍） / 2着集中度: 上位2艇 72.7%（補正+0.04） / 総合判定確率: 0.110 / → ヒモ分散。1号艇1着固定で広めのヒモ流し推奨（買い目+2点）', 'tenji_trigger': '展示確認: ヒモ分散レース。1号艇伸び確認後、広めのヒモ流しを採用。穴ヒモ（5・6号艇）を積極的に含める。'}",,,30.9,逃げ狙い,19.36,35.1,4,,,,,,,,,,,
2025-08-07,丸亀,6,3,國分将太,B1,48.29,3,○,16.652,37.6,51,62.2,0.1624,3.4444,,,0,低,111,0,-,542 3,0,82.3,1.041,0,0,0,0.125,0,0,0.6154,0,,,A,,,0.2402,0.585,,0.4683,A,69,0,◎-○軸 3着3〜4艇流し（10〜15点）,0.5777,"{'is_target': True, 'verdict': '参加推奨', 'max_combo_prob': 0.0703, 'est_top_odds': 19.0, 'circle_concentration': 72.7, 'eligible_count': 8, 'bet_adj': 2, 'reason': 'rel_win1=50.3%（本命度） / 最有力組み合わせ確率: 0.070（推定実オッズ?19倍） / 2着集中度: 上位2艇 72.7%（補正+0.04） / 総合判定確率: 0.110 / → ヒモ分散。1号艇1着固定で広めのヒモ流し推奨（買い目+2点）', 'tenji_trigger': '展示確認: ヒモ分散レース。1号艇伸び確認後、広めのヒモ流しを採用。穴ヒモ（5・6号艇）を積極的に含める。'}",,,30.9,逃げ狙い,19.36,35.1,4,,,,,,,,,,,
2025-08-07,丸亀,6,4,吉田凌太,A1,37.16,4,▲,15.0995,18.7,100,75.5,0.1474,2.8585,,,0,低,100,0,ま0% 差ま0%,351223,0,90.4,1.6555,0,0,0.1379,0.1034,0,0,0.0526,0.0316,,,C,○,◎,0.3248,0.6095,0.4865,0.4683,A,69,0,◎-○軸 3着3〜4艇流し（10〜15点）,0.5777,"{'is_target': True, 'verdict': '参加推奨', 'max_combo_prob': 0.0703, 'est_top_odds': 19.0, 'circle_concentration': 72.7, 'eligible_count': 8, 'bet_adj': 2, 'reason': 'rel_win1=50.3%（本命度） / 最有力組み合わせ確率: 0.070（推定実オッズ?19倍） / 2着集中度: 上位2艇 72.7%（補正+0.04） / 総合判定確率: 0.110 / → ヒモ分散。1号艇1着固定で広めのヒモ流し推奨（買い目+2点）', 'tenji_trigger': '展示確認: ヒモ分散レース。1号艇伸び確認後、広めのヒモ流しを採用。穴ヒモ（5・6号艇）を積極的に含める。'}",,,30.9,逃げ狙い,19.36,35.1,4,,,,,,,,,,,
2025-08-07,丸亀,6,5,森安弘雅,A2,42.45,5,△,6.5727,6.7,62,33.9,0.1922,4.1462,,,0,低,178,0,-,544455,0,91.7,1.7307,0,0,0,0.0435,0,0.0167,0.1833,0.2,,,B,△,,0.1431,0.6065,,0.4683,A,69,0,◎-○軸 3着3〜4艇流し（10〜15点）,0.5777,"{'is_target': True, 'verdict': '参加推奨', 'max_combo_prob': 0.0703, 'est_top_odds': 19.0, 'circle_concentration': 72.7, 'eligible_count': 8, 'bet_adj': 2, 'reason': 'rel_win1=50.3%（本命度） / 最有力組み合わせ確率: 0.070（推定実オッズ?19倍） / 2着集中度: 上位2艇 72.7%（補正+0.04） / 総合判定確率: 0.110 / → ヒモ分散。1号艇1着固定で広めのヒモ流し推奨（買い目+2点）', 'tenji_trigger': '展示確認: ヒモ分散レース。1号艇伸び確認後、広めのヒモ流しを採用。穴ヒモ（5・6号艇）を積極的に含める。'}",,,30.9,逃げ狙い,19.36,35.1,4,,,,,,,,,,,
2025-08-07,丸亀,6,6,内山七海,B1,33.49,6,,4.0618,1.9,56,41.2,0.1829,3.4412,,,0,低,46,0,差0%,2 652,0,42,1.6489,0,0.0833,0,0,0,0.195,0.195,0.05,,,D,,,0.1847,0.5395,,0.4683,A,69,0,◎-○軸 3着3〜4艇流し（10〜15点）,0.5777,"{'is_target': True, 'verdict': '参加推奨', 'max_combo_prob': 0.0703, 'est_top_odds': 19.0, 'circle_concentration': 72.7, 'eligible_count': 8, 'bet_adj': 2, 'reason': 'rel_win1=50.3%（本命度） / 最有力組み合わせ確率: 0.070（推定実オッズ?19倍） / 2着集中度: 上位2艇 72.7%（補正+0.04） / 総合判定確率: 0.110 / → ヒモ分散。1号艇1着固定で広めのヒモ流し推奨（買い目+2点）', 'tenji_trigger': '展示確認: ヒモ分散レース。1号艇伸び確認後、広めのヒモ流しを採用。穴ヒモ（5・6号艇）を積極的に含める。'}",,,30.9,逃げ狙い,19.36,35.1,4,,,,,,,,,,,
2025-08-07,丸亀,7,1,田中辰彦,A1,35.12,1,◎,61.2717,,0,92.8,0.1523,2.8976,,,0,低,117,0,逃1%,532343,0,67.4,1.0119,0.7429,,,,,0.0114,0.2229,0.0571,◎,,C,○,,,0.662,,0.5296,S,95,0,◎1着固定 2-3着流し（5〜8点）,0.5777,"{'is_target': True, 'verdict': '参加推奨', 'max_combo_prob': 0.1137, 'est_top_odds': 11.7, 'circle_concentration': 68.0, 'eligible_count': 6, 'bet_adj': 2, 'reason': 'rel_win1=61.3%（本命度） / 最有力組み合わせ確率: 0.114（推定実オッズ?12倍） / 2着集中度: 上位2艇 68.0%（補正+0.00） / 総合判定確率: 0.114 / → ヒモ分散。1号艇1着固定で広めのヒモ流し推奨（買い目+2点）', 'tenji_trigger': '展示確認: ヒモ分散レース。1号艇伸び確認後、広めのヒモ流しを採用。穴ヒモ（5・6号艇）を積極的に含める。'}",,,27.1,逃げ狙い,14.42,28.6,4,,,,,0,0,0.7559,0,,逃げ軸流し,A
2025-08-07,丸亀,7,2,横井健太,B1,32.54,2,△,9.9592,26,49,38.6,0.1826,4.1714,,,0,低,172,0,-,2 456,0,88,0.5272,0,0.037,0,0,0,0.0842,0.5553,0.3184,,,C,△,,0.0567,0.6205,,0.5296,S,95,0,◎1着固定 2-3着流し（5〜8点）,0.5777,"{'is_target': True, 'verdict': '参加推奨', 'max_combo_prob': 0.1137, 'est_top_odds': 11.7, 'circle_concentration': 68.0, 'eligible_count': 6, 'bet_adj': 2, 'reason': 'rel_win1=61.3%（本命度） / 最有力組み合わせ確率: 0.114（推定実オッズ?12倍） / 2着集中度: 上位2艇 68.0%（補正+0.00） / 総合判定確率: 0.114 / → ヒモ分散。1号艇1着固定で広めのヒモ流し推奨（買い目+2点）', 'tenji_trigger': '展示確認: ヒモ分散レース。1号艇伸び確認後、広めのヒモ流しを採用。穴ヒモ（5・6号艇）を積極的に含める。'}",,,27.1,逃げ狙い,14.42,28.6,4,,,,,,,,,,,
2025-08-07,丸亀,7,3,加倉侑征,A2,29.30,3,,10.6243,41.2,54,56.1,0.1314,2.5606,,,0,低,56,0,抜0%,S 4621,0,100,2.2113,0,0.0312,0.0312,0.0938,0.0312,0.2933,0.1333,0.16,,◎,D,△,,0.4036,0.6175,,0.5296,S,95,0,◎1着固定 2-3着流し（5〜8点）,0.5777,"{'is_target': True, 'verdict': '参加推奨', 'max_combo_prob': 0.1137, 'est_top_odds': 11.7, 'circle_concentration': 68.0, 'eligible_count': 6, 'bet_adj': 2, 'reason': 'rel_win1=61.3%（本命度） / 最有力組み合わせ確率: 0.114（推定実オッズ?12倍） / 2着集中度: 上位2艇 68.0%（補正+0.00） / 総合判定確率: 0.114 / → ヒモ分散。1号艇1着固定で広めのヒモ流し推奨（買い目+2点）', 'tenji_trigger': '展示確認: ヒモ分散レース。1号艇伸び確認後、広めのヒモ流しを採用。穴ヒモ（5・6号艇）を積極的に含める。'}",,,27.1,逃げ狙い,14.42,28.6,4,,,,,,,,,,,
2025-08-07,丸亀,7,4,丸岡正典,A1,38.73,4,○,14.5188,26.8,100,74.4,0.1669,3.6026,,,0,低,100,0,-,114441,0,58.9,1.1981,0,0,0.0952,0.0952,0,0.0118,0.3042,0.1681,,,B,◎,◎,0.2512,0.667,0.4752,0.5296,S,95,0,◎1着固定 2-3着流し（5〜8点）,0.5777,"{'is_target': True, 'verdict': '参加推奨', 'max_combo_prob': 0.1137, 'est_top_odds': 11.7, 'circle_concentration': 68.0, 'eligible_count': 6, 'bet_adj': 2, 'reason': 'rel_win1=61.3%（本命度） / 最有力組み合わせ確率: 0.114（推定実オッズ?12倍） / 2着集中度: 上位2艇 68.0%（補正+0.00） / 総合判定確率: 0.114 / → ヒモ分散。1号艇1着固定で広めのヒモ流し推奨（買い目+2点）', 'tenji_trigger': '展示確認: ヒモ分散レース。1号艇伸び確認後、広めのヒモ流しを採用。穴ヒモ（5・6号艇）を積極的に含める。'}",,,27.1,逃げ狙い,14.42,28.6,4,,,,,,,,,,,
2025-08-07,丸亀,7,5,土井祥伍,B1,36.62,5,▲,2.5784,5.2,50,23.9,0.1946,4.3732,,,0,低,170,0,-,565 16,0,29,0.4655,,,,,,0,0.3556,0.1667,,,B,,,0.1759,0.578,,0.5296,S,95,0,◎1着固定 2-3着流し（5〜8点）,0.5777,"{'is_target': True, 'verdict': '参加推奨', 'max_combo_prob': 0.1137, 'est_top_odds': 11.7, 'circle_concentration': 68.0, 'eligible_count': 6, 'bet_adj': 2, 'reason': 'rel_win1=61.3%（本命度） / 最有力組み合わせ確率: 0.114（推定実オッズ?12倍） / 2着集中度: 上位2艇 68.0%（補正+0.00） / 総合判定確率: 0.114 / → ヒモ分散。1号艇1着固定で広めのヒモ流し推奨（買い目+2点）', 'tenji_trigger': '展示確認: ヒモ分散レース。1号艇伸び確認後、広めのヒモ流しを採用。穴ヒモ（5・6号艇）を積極的に含める。'}",,,27.1,逃げ狙い,14.42,28.6,4,,,,,,,,,,,
2025-08-07,丸亀,7,6,長谷川親,B1,32.39,6,,1.0476,0.8,23,10,0.2165,5.0875,,,0,低,166,0,-,5 156,0,29,2.0664,,,,,,0.1111,0.3778,0.2222,,,D,,,0.135,0.605,,0.5296,S,95,0,◎1着固定 2-3着流し（5〜8点）,0.5777,"{'is_target': True, 'verdict': '参加推奨', 'max_combo_prob': 0.1137, 'est_top_odds': 11.7, 'circle_concentration': 68.0, 'eligible_count': 6, 'bet_adj': 2, 'reason': 'rel_win1=61.3%（本命度） / 最有力組み合わせ確率: 0.114（推定実オッズ?12倍） / 2着集中度: 上位2艇 68.0%（補正+0.00） / 総合判定確率: 0.114 / → ヒモ分散。1号艇1着固定で広めのヒモ流し推奨（買い目+2点）', 'tenji_trigger': '展示確認: ヒモ分散レース。1号艇伸び確認後、広めのヒモ流しを採用。穴ヒモ（5・6号艇）を積極的に含める。'}",,,27.1,逃げ狙い,14.42,28.6,4,,,,,,,,,,,
2025-08-07,丸亀,8,1,清水敦揮,A1,40.49,1,◎,70.6453,,0,97.6,0.1414,2.6726,,,0,低,120,0,逃1%,352331,0,74,1.0846,0.6667,,,,,0.0308,0.2115,0.1808,◎,,C,△,,,0.607,,0.6034,S,86,0,◎1着固定 2-3着流し（5〜8点）,0.5777,"{'is_target': True, 'verdict': '点数絞り', 'max_combo_prob': 0.1367, 'est_top_odds': 9.8, 'circle_concentration': 72.6, 'eligible_count': 6, 'bet_adj': 0, 'reason': 'rel_win1=70.6%（本命度） / 最有力組み合わせ確率: 0.137（推定実オッズ?10倍） / 2着集中度: 上位2艇 72.6%（補正+0.04） / 総合判定確率: 0.177 / → ヒモはやや固め。上位2艇以外を切ること', 'tenji_trigger': '展示確認: 1号艇伸び良→そのまま採用。悪→飛び組に差し替え。circle_pct上位2艇に絞り込むこと。'}",,,26.2,逃げ狙い,10.59,29.2,2,,,,,0,0,0.7559,0,,逃げ軸流し,A
2025-08-07,丸亀,8,2,麻生慎介,A2,42.65,2,○,12.899,48,62,63.5,0.1377,3.0288,,,0,低,66,0,-,421 32,0,96.4,1.8253,0,0.125,0.0417,0,0,0.0381,0.4362,0.0381,,◎,B,◎,,0.3676,0.661,,0.6034,S,86,0,◎1着固定 2-3着流し（5〜8点）,0.5777,"{'is_target': True, 'verdict': '点数絞り', 'max_combo_prob': 0.1367, 'est_top_odds': 9.8, 'circle_concentration': 72.6, 'eligible_count': 6, 'bet_adj': 0, 'reason': 'rel_win1=70.6%（本命度） / 最有力組み合わせ確率: 0.137（推定実オッズ?10倍） / 2着集中度: 上位2艇 72.6%（補正+0.04） / 総合判定確率: 0.177 / → ヒモはやや固め。上位2艇以外を切ること', 'tenji_trigger': '展示確認: 1号艇伸び良→そのまま採用。悪→飛び組に差し替え。circle_pct上位2艇に絞り込むこと。'}",,,26.2,逃げ狙い,10.59,29.2,2,,,,,,,,,,,
2025-08-07,丸亀,8,3,山川波乙,B1,31.55,3,△,5.5841,24.6,67,39.1,0.1735,3.413,,,0,低,59,0,ま0%,455 66,0,22.2,0.735,0,0,0.0526,0,0,0.0714,0.2857,0.0714,,,D,,,0.1449,0.5385,,0.6034,S,86,0,◎1着固定 2-3着流し（5〜8点）,0.5777,"{'is_target': True, 'verdict': '点数絞り', 'max_combo_prob': 0.1367, 'est_top_odds': 9.8, 'circle_concentration': 72.6, 'eligible_count': 6, 'bet_adj': 0, 'reason': 'rel_win1=70.6%（本命度） / 最有力組み合わせ確率: 0.137（推定実オッズ?10倍） / 2着集中度: 上位2艇 72.6%（補正+0.04） / 総合判定確率: 0.177 / → ヒモはやや固め。上位2艇以外を切ること', 'tenji_trigger': '展示確認: 1号艇伸び良→そのまま採用。悪→飛び組に差し替え。circle_pct上位2艇に絞り込むこと。'}",,,26.2,逃げ狙い,10.59,29.2,2,,,,,,,,,,,
2025-08-07,丸亀,8,4,安田政彦,A2,39.09,4,,6.3166,8.9,100,54.9,0.21,4.2451,,,0,低,147,0,-,2 3355,0,48.4,1.2409,0,0,0.0625,0,0,0.2188,0.3285,0.1918,,,C,△,,0.1499,0.5665,,0.6034,S,86,0,◎1着固定 2-3着流し（5〜8点）,0.5777,"{'is_target': True, 'verdict': '点数絞り', 'max_combo_prob': 0.1367, 'est_top_odds': 9.8, 'circle_concentration': 72.6, 'eligible_count': 6, 'bet_adj': 0, 'reason': 'rel_win1=70.6%（本命度） / 最有力組み合わせ確率: 0.137（推定実オッズ?10倍） / 2着集中度: 上位2艇 72.6%（補正+0.04） / 総合判定確率: 0.177 / → ヒモはやや固め。上位2艇以外を切ること', 'tenji_trigger': '展示確認: 1号艇伸び良→そのまま採用。悪→飛び組に差し替え。circle_pct上位2艇に絞り込むこと。'}",,,26.2,逃げ狙い,10.59,29.2,2,,,,,,,,,,,
2025-08-07,丸亀,8,5,加藤　綾,B1,44.16,5,▲,3.0834,15.9,49,36.4,0.1833,3.9545,,,0,低,80,0,差ま0%,4 264,0,48.2,1.0236,0,0,0,0.0556,0,0.0857,0.2571,0.4571,,,B,,,0.1848,0.5595,,0.6034,S,86,0,◎1着固定 2-3着流し（5〜8点）,0.5777,"{'is_target': True, 'verdict': '点数絞り', 'max_combo_prob': 0.1367, 'est_top_odds': 9.8, 'circle_concentration': 72.6, 'eligible_count': 6, 'bet_adj': 0, 'reason': 'rel_win1=70.6%（本命度） / 最有力組み合わせ確率: 0.137（推定実オッズ?10倍） / 2着集中度: 上位2艇 72.6%（補正+0.04） / 総合判定確率: 0.177 / → ヒモはやや固め。上位2艇以外を切ること', 'tenji_trigger': '展示確認: 1号艇伸び良→そのまま採用。悪→飛び組に差し替え。circle_pct上位2艇に絞り込むこと。'}",,,26.2,逃げ狙い,10.59,29.2,2,,,,,,,,,,,
2025-08-07,丸亀,8,6,堤　啓輔,B1,27.84,6,,1.4715,2.6,32,20.4,0.1863,4.4286,,,0,低,112,0,-,11F 6,0,28.7,0.7314,0,0,0,0.0435,0,0.1867,0.1867,0.2089,,,E,○,,0.1734,0.616,,0.6034,S,86,0,◎1着固定 2-3着流し（5〜8点）,0.5777,"{'is_target': True, 'verdict': '点数絞り', 'max_combo_prob': 0.1367, 'est_top_odds': 9.8, 'circle_concentration': 72.6, 'eligible_count': 6, 'bet_adj': 0, 'reason': 'rel_win1=70.6%（本命度） / 最有力組み合わせ確率: 0.137（推定実オッズ?10倍） / 2着集中度: 上位2艇 72.6%（補正+0.04） / 総合判定確率: 0.177 / → ヒモはやや固め。上位2艇以外を切ること', 'tenji_trigger': '展示確認: 1号艇伸び良→そのまま採用。悪→飛び組に差し替え。circle_pct上位2艇に絞り込むこと。'}",,,26.2,逃げ狙い,10.59,29.2,2,,,,,,,,,,,
2025-08-07,丸亀,9,1,上平真二,A1,30.10,1,◎,62.2697,,0,96.1,0.1575,3.6275,,,0,低,81,0,逃1%,233142,0,91.1,1.2326,0.7083,,,,,0.1533,0.0333,0,○,,D,,,,0.6155,,0.4345,S,91,0,◎1着固定 2-3着流し（5〜8点）,0.5777,"{'is_target': True, 'verdict': '参加推奨', 'max_combo_prob': 0.0787, 'est_top_odds': 16.9, 'circle_concentration': 69.6, 'eligible_count': 6, 'bet_adj': 2, 'reason': 'rel_win1=62.3%（本命度） / 最有力組み合わせ確率: 0.079（推定実オッズ?17倍） / 2着集中度: 上位2艇 69.6%（補正+0.00） / 総合判定確率: 0.079 / → ヒモ分散。1号艇1着固定で広めのヒモ流し推奨（買い目+2点）', 'tenji_trigger': '展示確認: ヒモ分散レース。1号艇伸び確認後、広めのヒモ流しを採用。穴ヒモ（5・6号艇）を積極的に含める。'}",,,28,逃げ狙い,18.03,28,3,,,,,0,0,0.6155,0,,逃げ軸流し,A
2025-08-07,丸亀,9,2,南　佑典,A2,32.71,2,,8.0288,43.4,53,69.5,0.1537,3.5593,,,0,低,162,0,差0%,331132,0,48.3,1.1016,0,0.0385,0,0,0,0.0138,0.2161,0.0552,,△,C,△,,0.345,0.6305,,0.4345,S,91,0,◎1着固定 2-3着流し（5〜8点）,0.5777,"{'is_target': True, 'verdict': '参加推奨', 'max_combo_prob': 0.0787, 'est_top_odds': 16.9, 'circle_concentration': 69.6, 'eligible_count': 6, 'bet_adj': 2, 'reason': 'rel_win1=62.3%（本命度） / 最有力組み合わせ確率: 0.079（推定実オッズ?17倍） / 2着集中度: 上位2艇 69.6%（補正+0.00） / 総合判定確率: 0.079 / → ヒモ分散。1号艇1着固定で広めのヒモ流し推奨（買い目+2点）', 'tenji_trigger': '展示確認: ヒモ分散レース。1号艇伸び確認後、広めのヒモ流しを採用。穴ヒモ（5・6号艇）を積極的に含める。'}",,,28,逃げ狙い,18.03,28,3,,,,,,,,,,,
2025-08-07,丸亀,9,3,船岡洋一,A1,45.59,3,○,18.7837,26.3,100,82.2,0.134,2.7556,,,0,低,67,0,-,123211,0,27,0.8823,0,0,0.0769,0.1923,0,0.0811,0.027,0.1081,,◎,A,△,,0.4455,0.6315,,0.4345,S,91,0,◎1着固定 2-3着流し（5〜8点）,0.5777,"{'is_target': True, 'verdict': '参加推奨', 'max_combo_prob': 0.0787, 'est_top_odds': 16.9, 'circle_concentration': 69.6, 'eligible_count': 6, 'bet_adj': 2, 'reason': 'rel_win1=62.3%（本命度） / 最有力組み合わせ確率: 0.079（推定実オッズ?17倍） / 2着集中度: 上位2艇 69.6%（補正+0.00） / 総合判定確率: 0.079 / → ヒモ分散。1号艇1着固定で広めのヒモ流し推奨（買い目+2点）', 'tenji_trigger': '展示確認: ヒモ分散レース。1号艇伸び確認後、広めのヒモ流しを採用。穴ヒモ（5・6号艇）を積極的に含める。'}",,,28,逃げ狙い,18.03,28,3,,,,,,,,,,,
2025-08-07,丸亀,9,4,妹尾忠幸,A2,37.75,4,▲,5.5576,15,98,69.4,0.1512,3.1111,,,0,低,119,0,差0% 抜0%,62123,0,57.2,1.203,0,0.0312,0,0,0.0312,0.0108,0.3328,0.1398,,,B,◎,,0.2995,0.659,,0.4345,S,91,0,◎1着固定 2-3着流し（5〜8点）,0.5777,"{'is_target': True, 'verdict': '参加推奨', 'max_combo_prob': 0.0787, 'est_top_odds': 16.9, 'circle_concentration': 69.6, 'eligible_count': 6, 'bet_adj': 2, 'reason': 'rel_win1=62.3%（本命度） / 最有力組み合わせ確率: 0.079（推定実オッズ?17倍） / 2着集中度: 上位2艇 69.6%（補正+0.00） / 総合判定確率: 0.079 / → ヒモ分散。1号艇1着固定で広めのヒモ流し推奨（買い目+2点）', 'tenji_trigger': '展示確認: ヒモ分散レース。1号艇伸び確認後、広めのヒモ流しを採用。穴ヒモ（5・6号艇）を積極的に含める。'}",,,28,逃げ狙い,18.03,28,3,,,,,,,,,,,
2025-08-07,丸亀,9,5,山崎義明,B1,34.15,5,△,3.2442,14.4,96,58.3,0.1281,2.6771,,,0,低,95,0,-,125 43,0,92,1.6833,,,,,,0.0833,0.3571,0.2714,,○,C,○,,0.4077,0.6385,,0.4345,S,91,0,◎1着固定 2-3着流し（5〜8点）,0.5777,"{'is_target': True, 'verdict': '参加推奨', 'max_combo_prob': 0.0787, 'est_top_odds': 16.9, 'circle_concentration': 69.6, 'eligible_count': 6, 'bet_adj': 2, 'reason': 'rel_win1=62.3%（本命度） / 最有力組み合わせ確率: 0.079（推定実オッズ?17倍） / 2着集中度: 上位2艇 69.6%（補正+0.00） / 総合判定確率: 0.079 / → ヒモ分散。1号艇1着固定で広めのヒモ流し推奨（買い目+2点）', 'tenji_trigger': '展示確認: ヒモ分散レース。1号艇伸び確認後、広めのヒモ流しを採用。穴ヒモ（5・6号艇）を積極的に含める。'}",,,28,逃げ狙い,18.03,28,3,,,,,,,,,,,
2025-08-07,丸亀,9,6,長尾萌加,B1,32.21,6,,2.1159,1,49,15.7,0.2106,4.8643,,,0,低,104,0,-,4 233,0,36.1,1.0744,,,,,,0.28,0.6,0,,,D,,,0.1411,0.563,,0.4345,S,91,0,◎1着固定 2-3着流し（5〜8点）,0.5777,"{'is_target': True, 'verdict': '参加推奨', 'max_combo_prob': 0.0787, 'est_top_odds': 16.9, 'circle_concentration': 69.6, 'eligible_count': 6, 'bet_adj': 2, 'reason': 'rel_win1=62.3%（本命度） / 最有力組み合わせ確率: 0.079（推定実オッズ?17倍） / 2着集中度: 上位2艇 69.6%（補正+0.00） / 総合判定確率: 0.079 / → ヒモ分散。1号艇1着固定で広めのヒモ流し推奨（買い目+2点）', 'tenji_trigger': '展示確認: ヒモ分散レース。1号艇伸び確認後、広めのヒモ流しを採用。穴ヒモ（5・6号艇）を積極的に含める。'}",,,28,逃げ狙い,18.03,28,3,,,,,,,,,,,
2025-08-07,丸亀,10,1,天野友和,A2,35.24,1,◎,55.331,,0,96.4,0.1664,3.494,,,0,低,104,0,逃1%,124123,0,90.1,1.2088,0.7027,,,,,0.2341,0.1416,0.0216,○,,C,◎,,,0.6795,,0.3935,A,74,0,◎-○軸 3着3〜4艇流し（10〜15点）,0.5777,"{'is_target': True, 'verdict': '参加推奨', 'max_combo_prob': 0.0677, 'est_top_odds': 19.7, 'circle_concentration': 74.3, 'eligible_count': 8, 'bet_adj': 2, 'reason': 'rel_win1=55.3%（本命度） / 最有力組み合わせ確率: 0.068（推定実オッズ?20倍） / 2着集中度: 上位2艇 74.3%（補正+0.04） / 総合判定確率: 0.108 / → ヒモ分散。1号艇1着固定で広めのヒモ流し推奨（買い目+2点）', 'tenji_trigger': '展示確認: ヒモ分散レース。1号艇伸び確認後、広めのヒモ流しを採用。穴ヒモ（5・6号艇）を積極的に含める。'}",,,31.3,逃げ狙い,23.42,33,3,,,,,0,0,0.6155,0,,逃げ軸流し,A
2025-08-07,丸亀,10,2,谷津幸宏,A1,39.61,2,○,12.8586,36,100,68.1,0.117,2.5942,,,0,低,52,0,ま0%,463114,0,59.2,0.9041,0,0.0323,0.1613,0,0,0.0476,0.0714,0.119,,◎,B,△,,0.6091,0.6535,,0.3935,A,74,0,◎-○軸 3着3〜4艇流し（10〜15点）,0.5777,"{'is_target': True, 'verdict': '参加推奨', 'max_combo_prob': 0.0677, 'est_top_odds': 19.7, 'circle_concentration': 74.3, 'eligible_count': 8, 'bet_adj': 2, 'reason': 'rel_win1=55.3%（本命度） / 最有力組み合わせ確率: 0.068（推定実オッズ?20倍） / 2着集中度: 上位2艇 74.3%（補正+0.04） / 総合判定確率: 0.108 / → ヒモ分散。1号艇1着固定で広めのヒモ流し推奨（買い目+2点）', 'tenji_trigger': '展示確認: ヒモ分散レース。1号艇伸び確認後、広めのヒモ流しを採用。穴ヒモ（5・6号艇）を積極的に含める。'}",,,31.3,逃げ狙い,23.42,33,3,,,,,,,,,,,
2025-08-07,丸亀,10,3,吉田凌太,A1,37.16,3,△,16.088,38.3,58,70.9,0.1749,3.4273,,,0,低,100,0,差0% ま0% 差ま0%,351223,0,63.9,1.4179,0,0.0345,0.069,0.1379,0,0,0.0526,0.0316,,,C,,,0.2942,0.6095,,0.3935,A,74,0,◎-○軸 3着3〜4艇流し（10〜15点）,0.5777,"{'is_target': True, 'verdict': '参加推奨', 'max_combo_prob': 0.0677, 'est_top_odds': 19.7, 'circle_concentration': 74.3, 'eligible_count': 8, 'bet_adj': 2, 'reason': 'rel_win1=55.3%（本命度） / 最有力組み合わせ確率: 0.068（推定実オッズ?20倍） / 2着集中度: 上位2艇 74.3%（補正+0.04） / 総合判定確率: 0.108 / → ヒモ分散。1号艇1着固定で広めのヒモ流し推奨（買い目+2点）', 'tenji_trigger': '展示確認: ヒモ分散レース。1号艇伸び確認後、広めのヒモ流しを採用。穴ヒモ（5・6号艇）を積極的に含める。'}",,,31.3,逃げ狙い,23.42,33,3,,,,,,,,,,,
2025-08-07,丸亀,10,4,梶山涼斗,B1,30.58,4,,9.1939,7.1,85,46.7,0.1287,2.4083,,,0,低,51,0,-,332 25,0,23.9,0.6696,0,0.0323,0.0968,0.0323,0,0,0.0941,0.1671,,○,E,,◎,0.4663,0.624,0.4256,0.3935,A,74,0,◎-○軸 3着3〜4艇流し（10〜15点）,0.5777,"{'is_target': True, 'verdict': '参加推奨', 'max_combo_prob': 0.0677, 'est_top_odds': 19.7, 'circle_concentration': 74.3, 'eligible_count': 8, 'bet_adj': 2, 'reason': 'rel_win1=55.3%（本命度） / 最有力組み合わせ確率: 0.068（推定実オッズ?20倍） / 2着集中度: 上位2艇 74.3%（補正+0.04） / 総合判定確率: 0.108 / → ヒモ分散。1号艇1着固定で広めのヒモ流し推奨（買い目+2点）', 'tenji_trigger': '展示確認: ヒモ分散レース。1号艇伸び確認後、広めのヒモ流しを採用。穴ヒモ（5・6号艇）を積極的に含める。'}",,,31.3,逃げ狙い,23.42,33,3,,,,,,,,,,,
2025-08-07,丸亀,10,5,村越　篤,B1,39.15,5,▲,4.4889,11.5,45,37.1,0.1685,3.9032,,,0,低,142,0,-,1 561,0,37.9,1.16,,,,,,0.2516,0.0129,0.0774,,,B,○,,0.326,0.667,,0.3935,A,74,0,◎-○軸 3着3〜4艇流し（10〜15点）,0.5777,"{'is_target': True, 'verdict': '参加推奨', 'max_combo_prob': 0.0677, 'est_top_odds': 19.7, 'circle_concentration': 74.3, 'eligible_count': 8, 'bet_adj': 2, 'reason': 'rel_win1=55.3%（本命度） / 最有力組み合わせ確率: 0.068（推定実オッズ?20倍） / 2着集中度: 上位2艇 74.3%（補正+0.04） / 総合判定確率: 0.108 / → ヒモ分散。1号艇1着固定で広めのヒモ流し推奨（買い目+2点）', 'tenji_trigger': '展示確認: ヒモ分散レース。1号艇伸び確認後、広めのヒモ流しを採用。穴ヒモ（5・6号艇）を積極的に含める。'}",,,31.3,逃げ狙い,23.42,33,3,,,,,,,,,,,
2025-08-07,丸亀,10,6,田中辰彦,A1,35.12,6,,2.0396,7.1,83,39.7,0.1816,4.5238,,,0,低,117,0,-,532343,0,77,1.5322,,,,,,0.0114,0.2229,0.0571,,,D,△,,0.2829,0.662,,0.3935,A,74,0,◎-○軸 3着3〜4艇流し（10〜15点）,0.5777,"{'is_target': True, 'verdict': '参加推奨', 'max_combo_prob': 0.0677, 'est_top_odds': 19.7, 'circle_concentration': 74.3, 'eligible_count': 8, 'bet_adj': 2, 'reason': 'rel_win1=55.3%（本命度） / 最有力組み合わせ確率: 0.068（推定実オッズ?20倍） / 2着集中度: 上位2艇 74.3%（補正+0.04） / 総合判定確率: 0.108 / → ヒモ分散。1号艇1着固定で広めのヒモ流し推奨（買い目+2点）', 'tenji_trigger': '展示確認: ヒモ分散レース。1号艇伸び確認後、広めのヒモ流しを採用。穴ヒモ（5・6号艇）を積極的に含める。'}",,,31.3,逃げ狙い,23.42,33,3,,,,,,,,,,,
2025-08-07,丸亀,11,1,小原聡将,A2,46.12,1,◎,52.1949,,0,83.9,0.1452,2.4018,,,0,低,70,0,逃1%,113213,0,67.5,1.0676,0.64,,,,,0.0705,0.2051,0.016,◎,,A,◎,,,0.67,,0.5601,A,65,0,◎-○軸 3着3〜4艇流し（10〜15点）,0.5777,"{'is_target': True, 'verdict': '参加推奨', 'max_combo_prob': 0.0894, 'est_top_odds': 14.9, 'circle_concentration': 65.6, 'eligible_count': 8, 'bet_adj': 2, 'reason': 'rel_win1=52.2%（本命度） / 最有力組み合わせ確率: 0.089（推定実オッズ?15倍） / 2着集中度: 上位2艇 65.6%（補正+0.00） / 総合判定確率: 0.089 / → ヒモ分散。1号艇1着固定で広めのヒモ流し推奨（買い目+2点）', 'tenji_trigger': '展示確認: ヒモ分散レース。1号艇伸び確認後、広めのヒモ流しを採用。穴ヒモ（5・6号艇）を積極的に含める。'}",,,30.9,逃げ狙い,27.32,28.3,3,,,,,0,0,0.7559,0,,逃げ軸流し,A
2025-08-07,丸亀,11,2,清水敦揮,A1,40.49,2,○,16.0658,39,84,73.6,0.1519,3.2264,,,0,低,120,0,-,352331,0,72.8,1.0691,0,0.24,0,0,0,0.0308,0.2115,0.1808,,,B,,,0.2899,0.607,,0.5601,A,65,0,◎-○軸 3着3〜4艇流し（10〜15点）,0.5777,"{'is_target': True, 'verdict': '参加推奨', 'max_combo_prob': 0.0894, 'est_top_odds': 14.9, 'circle_concentration': 65.6, 'eligible_count': 8, 'bet_adj': 2, 'reason': 'rel_win1=52.2%（本命度） / 最有力組み合わせ確率: 0.089（推定実オッズ?15倍） / 2着集中度: 上位2艇 65.6%（補正+0.00） / 総合判定確率: 0.089 / → ヒモ分散。1号艇1着固定で広めのヒモ流し推奨（買い目+2点）', 'tenji_trigger': '展示確認: ヒモ分散レース。1号艇伸び確認後、広めのヒモ流しを採用。穴ヒモ（5・6号艇）を積極的に含める。'}",,,30.9,逃げ狙い,27.32,28.3,3,,,,,,,,,,,
2025-08-07,丸亀,11,3,丸岡正典,A1,38.73,3,△,15.5523,22.6,100,78,0.1678,3.2195,,,0,低,100,0,-,114441,0,100,3.0898,0,0,0.0476,0.1905,0,0.0118,0.3042,0.1681,,,C,○,,0.205,0.667,,0.5601,A,65,0,◎-○軸 3着3〜4艇流し（10〜15点）,0.5777,"{'is_target': True, 'verdict': '参加推奨', 'max_combo_prob': 0.0894, 'est_top_odds': 14.9, 'circle_concentration': 65.6, 'eligible_count': 8, 'bet_adj': 2, 'reason': 'rel_win1=52.2%（本命度） / 最有力組み合わせ確率: 0.089（推定実オッズ?15倍） / 2着集中度: 上位2艇 65.6%（補正+0.00） / 総合判定確率: 0.089 / → ヒモ分散。1号艇1着固定で広めのヒモ流し推奨（買い目+2点）', 'tenji_trigger': '展示確認: ヒモ分散レース。1号艇伸び確認後、広めのヒモ流しを採用。穴ヒモ（5・6号艇）を積極的に含める。'}",,,30.9,逃げ狙い,27.32,28.3,3,,,,,,,,,,,
2025-08-07,丸亀,11,4,平田健之,A2,31.22,4,,6.3615,26.5,43,63.9,0.1493,2.8542,,,0,低,124,0,差0% ま0% 差ま0%,311542,0,48.7,1.1389,0,0.0345,0.0345,0.0345,0,0.1375,0.025,0.125,,,E,△,○,0.2662,0.6155,0.3351,0.5601,A,65,0,◎-○軸 3着3〜4艇流し（10〜15点）,0.5777,"{'is_target': True, 'verdict': '参加推奨', 'max_combo_prob': 0.0894, 'est_top_odds': 14.9, 'circle_concentration': 65.6, 'eligible_count': 8, 'bet_adj': 2, 'reason': 'rel_win1=52.2%（本命度） / 最有力組み合わせ確率: 0.089（推定実オッズ?15倍） / 2着集中度: 上位2艇 65.6%（補正+0.00） / 総合判定確率: 0.089 / → ヒモ分散。1号艇1着固定で広めのヒモ流し推奨（買い目+2点）', 'tenji_trigger': '展示確認: ヒモ分散レース。1号艇伸び確認後、広めのヒモ流しを採用。穴ヒモ（5・6号艇）を積極的に含める。'}",,,30.9,逃げ狙い,27.32,28.3,3,,,,,,,,,,,
2025-08-07,丸亀,11,5,石倉洋行,A1,40.29,5,▲,7.9511,10.9,48,53.5,0.1223,2.6512,,,0,低,50,0,ま0% 差ま0%,442414,0,42.9,1.5264,0,0,0.1176,0.0588,0,0.0125,0.2,0.0125,,,C,△,◎,0.384,0.636,0.4364,0.5601,A,65,0,◎-○軸 3着3〜4艇流し（10〜15点）,0.5777,"{'is_target': True, 'verdict': '参加推奨', 'max_combo_prob': 0.0894, 'est_top_odds': 14.9, 'circle_concentration': 65.6, 'eligible_count': 8, 'bet_adj': 2, 'reason': 'rel_win1=52.2%（本命度） / 最有力組み合わせ確率: 0.089（推定実オッズ?15倍） / 2着集中度: 上位2艇 65.6%（補正+0.00） / 総合判定確率: 0.089 / → ヒモ分散。1号艇1着固定で広めのヒモ流し推奨（買い目+2点）', 'tenji_trigger': '展示確認: ヒモ分散レース。1号艇伸び確認後、広めのヒモ流しを採用。穴ヒモ（5・6号艇）を積極的に含める。'}",,,30.9,逃げ狙い,27.32,28.3,3,,,,,,,,,,,
2025-08-07,丸亀,11,6,小池礼乃,A2,33.33,6,,1.8744,0.9,37,18.5,0.19,4.3333,,,0,低,61,0,-,216425,0,29.9,0.8119,,,,,,0.29,0.22,0,,,D,,,0.1677,0.612,,0.5601,A,65,0,◎-○軸 3着3〜4艇流し（10〜15点）,0.5777,"{'is_target': True, 'verdict': '参加推奨', 'max_combo_prob': 0.0894, 'est_top_odds': 14.9, 'circle_concentration': 65.6, 'eligible_count': 8, 'bet_adj': 2, 'reason': 'rel_win1=52.2%（本命度） / 最有力組み合わせ確率: 0.089（推定実オッズ?15倍） / 2着集中度: 上位2艇 65.6%（補正+0.00） / 総合判定確率: 0.089 / → ヒモ分散。1号艇1着固定で広めのヒモ流し推奨（買い目+2点）', 'tenji_trigger': '展示確認: ヒモ分散レース。1号艇伸び確認後、広めのヒモ流しを採用。穴ヒモ（5・6号艇）を積極的に含める。'}",,,30.9,逃げ狙い,27.32,28.3,3,,,,,,,,,,,
2025-08-07,丸亀,12,1,山川波乙,B1,31.55,1,◎,63.3487,,0,63.2,0.1737,3.2105,,,0,低,59,0,逃1%,455 66,0,77,0.8972,0.5714,,,,,0.0714,0.2857,0.0714,○⚠️,,D,,,,0.5385,,0.4369,B,54,0,◎○△フォーメーション（15〜20点）,0.5777,"{'is_target': True, 'verdict': '点数絞り', 'max_combo_prob': 0.1038, 'est_top_odds': 12.8, 'circle_concentration': 77.5, 'eligible_count': 9, 'bet_adj': 0, 'reason': 'rel_win1=63.3%（本命度） / 最有力組み合わせ確率: 0.104（推定実オッズ?13倍） / 2着集中度: 上位2艇 77.5%（補正+0.04） / 総合判定確率: 0.144 / → ヒモはやや固め。上位2艇以外を切ること', 'tenji_trigger': '展示確認: 1号艇伸び良→そのまま採用。悪→飛び組に差し替え。circle_pct上位2艇に絞り込むこと。'}",,,28.6,両建て推奨,14.52,32.8,4,3-1-4|3-1-5|3-4-1|3-1-2|3-5-1|3-4-5|3-5-4|1-3-4|1-3-2|1-3-5|1-2-4|1-2-5,3-1-4|3-1-5|3-4-1|3-1-2|3-5-1|3-4-5|3-5-4|1-3-4|1-3-2|1-3-5|1-2-4|1-2-5,3-1-4:2.37%|3-1-5:1.55%|3-4-1:0.9%|3-1-2:0.58%|3-5-1:0.36%|3-4-5:0.22%|3-5-4:0.13%|1-3-4:5.74%|1-3-2:5.41%|1-3-5:5.27%|1-2-4:4.74%|1-2-5:4.36%,3-1-4:B_main|3-1-5:B_main|3-4-1:B_main|3-1-2:B_main|3-5-1:B_main|3-4-5:B_main|3-5-4:B_main|1-3-4:A|1-3-2:A|1-3-5:A|1-2-4:A|1-2-5:A,12,12,0.4535,1,[!]見送り推奨（主役決まり手「まくり差し」― 逃げ劣勢レースで的中実績なし）,主役軸流し,B
2025-08-07,丸亀,12,2,加藤　綾,B1,44.16,2,○,13.7463,32.1,83,48.4,0.1752,3.6452,,,0,低,80,0,差0% ま0%,4 264,0,45.3,0.8328,0,0.0667,0.0667,0,0,0.0857,0.2571,0.4571,,,A,○,,0.3,0.5595,,0.4369,B,54,0,◎○△フォーメーション（15〜20点）,0.5777,"{'is_target': True, 'verdict': '点数絞り', 'max_combo_prob': 0.1038, 'est_top_odds': 12.8, 'circle_concentration': 77.5, 'eligible_count': 9, 'bet_adj': 0, 'reason': 'rel_win1=63.3%（本命度） / 最有力組み合わせ確率: 0.104（推定実オッズ?13倍） / 2着集中度: 上位2艇 77.5%（補正+0.04） / 総合判定確率: 0.144 / → ヒモはやや固め。上位2艇以外を切ること', 'tenji_trigger': '展示確認: 1号艇伸び良→そのまま採用。悪→飛び組に差し替え。circle_pct上位2艇に絞り込むこと。'}",,,28.6,両建て推奨,14.52,32.8,4,,,,,,,,,,,
2025-08-07,丸亀,12,3,内山七海,B1,33.49,3,▲,11.0763,45.4,64,51.8,0.1596,3.0556,,,0,低,46,0,-,2 652,0,42.3,0.7883,0,0,0,0.0952,0.0476,0.195,0.195,0.05,,◎,C,△,,0.3702,0.5395,,0.4369,B,54,0,◎○△フォーメーション（15〜20点）,0.5777,"{'is_target': True, 'verdict': '点数絞り', 'max_combo_prob': 0.1038, 'est_top_odds': 12.8, 'circle_concentration': 77.5, 'eligible_count': 9, 'bet_adj': 0, 'reason': 'rel_win1=63.3%（本命度） / 最有力組み合わせ確率: 0.104（推定実オッズ?13倍） / 2着集中度: 上位2艇 77.5%（補正+0.04） / 総合判定確率: 0.144 / → ヒモはやや固め。上位2艇以外を切ること', 'tenji_trigger': '展示確認: 1号艇伸び良→そのまま採用。悪→飛び組に差し替え。circle_pct上位2艇に絞り込むこと。'}",,,28.6,両建て推奨,14.52,32.8,4,,,,,,,,,,,
2025-08-07,丸亀,12,4,水野望美,B1,33.01,4,△,6.4277,12.6,100,39.3,0.1679,3.5893,,,0,低,63,0,-,531 26,0,28.4,0.5153,,,,,,0,0.1,0,,,D,◎,,0.3341,0.6245,,0.4369,B,54,0,◎○△フォーメーション（15〜20点）,0.5777,"{'is_target': True, 'verdict': '点数絞り', 'max_combo_prob': 0.1038, 'est_top_odds': 12.8, 'circle_concentration': 77.5, 'eligible_count': 9, 'bet_adj': 0, 'reason': 'rel_win1=63.3%（本命度） / 最有力組み合わせ確率: 0.104（推定実オッズ?13倍） / 2着集中度: 上位2艇 77.5%（補正+0.04） / 総合判定確率: 0.144 / → ヒモはやや固め。上位2艇以外を切ること', 'tenji_trigger': '展示確認: 1号艇伸び良→そのまま採用。悪→飛び組に差し替え。circle_pct上位2艇に絞り込むこと。'}",,,28.6,両建て推奨,14.52,32.8,4,,,,,,,,,,,
2025-08-07,丸亀,12,5,樋江井舞,B1,40.49,5,,4.2029,9.5,79,23.3,0.1835,4.0349,,,0,低,76,0,-,6 566,0,49.9,0.7698,,,,,,,,,,,B,△,,0.2788,0.539,,0.4369,B,54,0,◎○△フォーメーション（15〜20点）,0.5777,"{'is_target': True, 'verdict': '点数絞り', 'max_combo_prob': 0.1038, 'est_top_odds': 12.8, 'circle_concentration': 77.5, 'eligible_count': 9, 'bet_adj': 0, 'reason': 'rel_win1=63.3%（本命度） / 最有力組み合わせ確率: 0.104（推定実オッズ?13倍） / 2着集中度: 上位2艇 77.5%（補正+0.04） / 総合判定確率: 0.144 / → ヒモはやや固め。上位2艇以外を切ること', 'tenji_trigger': '展示確認: 1号艇伸び良→そのまま採用。悪→飛び組に差し替え。circle_pct上位2艇に絞り込むこと。'}",,,28.6,両建て推奨,14.52,32.8,4,,,,,,,,,,,
2025-08-07,丸亀,12,6,西田和加,B2,31.94,6,,1.198,0.4,15,0,0.2248,4.9516,,,0,低,88,0,-,6 666,0,21.5,0.555,,,,,,0.4,0.4,0.2,,,D,,,0.1474,0.431,,0.4369,B,54,0,◎○△フォーメーション（15〜20点）,0.5777,"{'is_target': True, 'verdict': '点数絞り', 'max_combo_prob': 0.1038, 'est_top_odds': 12.8, 'circle_concentration': 77.5, 'eligible_count': 9, 'bet_adj': 0, 'reason': 'rel_win1=63.3%（本命度） / 最有力組み合わせ確率: 0.104（推定実オッズ?13倍） / 2着集中度: 上位2艇 77.5%（補正+0.04） / 総合判定確率: 0.144 / → ヒモはやや固め。上位2艇以外を切ること', 'tenji_trigger': '展示確認: 1号艇伸び良→そのまま採用。悪→飛び組に差し替え。circle_pct上位2艇に絞り込むこと。'}",,,28.6,両建て推奨,14.52,32.8,4,,,,,,,,,,,
2025-08-08,丸亀,1,1,村越　篤,B1,39.15,1,◎,68.7744,,0,94.7,0.1692,3.625,,,0,低,142,0,逃1%,1 561,0,76.7,1.1151,0.6452,,,,,0.2516,0.0129,0.0774,○,,B,◎,,,0.667,,0.4064,S,89,0,◎1着固定 2-3着流し（5〜8点）,0.5777,"{'is_target': True, 'verdict': '点数絞り', 'max_combo_prob': 0.1335, 'est_top_odds': 10.0, 'circle_concentration': 73.0, 'eligible_count': 6, 'bet_adj': 0, 'reason': 'rel_win1=68.8%（本命度） / 最有力組み合わせ確率: 0.134（推定実オッズ?10倍） / 2着集中度: 上位2艇 73.0%（補正+0.04） / 総合判定確率: 0.174 / → ヒモはやや固め。上位2艇以外を切ること', 'tenji_trigger': '展示確認: 1号艇伸び良→そのまま採用。悪→飛び組に差し替え。circle_pct上位2艇に絞り込むこと。'}",,,27.7,逃げ狙い,13.14,31.4,2,,,,,0,0,0.6155,0,,逃げ軸流し,A
2025-08-08,丸亀,1,2,楠原正剛,B1,32.69,2,△,13.3823,49.7,38,65.6,0.1414,3.0859,,,0,低,109,0,-,253 55,0,91.9,0.8384,0,0.1,0.0667,0,0,0.2206,0.0706,0.3706,,◎,C,△,,0.609,0.6025,,0.4064,S,89,0,◎1着固定 2-3着流し（5〜8点）,0.5777,"{'is_target': True, 'verdict': '点数絞り', 'max_combo_prob': 0.1335, 'est_top_odds': 10.0, 'circle_concentration': 73.0, 'eligible_count': 6, 'bet_adj': 0, 'reason': 'rel_win1=68.8%（本命度） / 最有力組み合わせ確率: 0.134（推定実オッズ?10倍） / 2着集中度: 上位2艇 73.0%（補正+0.04） / 総合判定確率: 0.174 / → ヒモはやや固め。上位2艇以外を切ること', 'tenji_trigger': '展示確認: 1号艇伸び良→そのまま採用。悪→飛び組に差し替え。circle_pct上位2艇に絞り込むこと。'}",,,27.7,逃げ狙い,13.14,31.4,2,,,,,,,,,,,
2025-08-08,丸亀,1,3,山口修路,B1,27.14,3,,6.1068,23.3,68,51.7,0.1885,3.9083,,,0,低,181,0,-,266 14,0,53.4,1.3877,0,0,0.0385,0,0,0.1538,0.3077,0.1538,,,E,,,0.2012,0.527,,0.4064,S,89,0,◎1着固定 2-3着流し（5〜8点）,0.5777,"{'is_target': True, 'verdict': '点数絞り', 'max_combo_prob': 0.1335, 'est_top_odds': 10.0, 'circle_concentration': 73.0, 'eligible_count': 6, 'bet_adj': 0, 'reason': 'rel_win1=68.8%（本命度） / 最有力組み合わせ確率: 0.134（推定実オッズ?10倍） / 2着集中度: 上位2艇 73.0%（補正+0.04） / 総合判定確率: 0.174 / → ヒモはやや固め。上位2艇以外を切ること', 'tenji_trigger': '展示確認: 1号艇伸び良→そのまま採用。悪→飛び組に差し替え。circle_pct上位2艇に絞り込むこと。'}",,,27.7,逃げ狙い,13.14,31.4,2,,,,,,,,,,,
2025-08-08,丸亀,1,4,國分将太,B1,48.29,4,○,6.887,8.6,77,41.3,0.1728,3.6413,,,0,低,111,0,-,542 3,0,34.6,0.8974,,,,,,0,0.6154,0,,,A,,,0.3016,0.585,,0.4064,S,89,0,◎1着固定 2-3着流し（5〜8点）,0.5777,"{'is_target': True, 'verdict': '点数絞り', 'max_combo_prob': 0.1335, 'est_top_odds': 10.0, 'circle_concentration': 73.0, 'eligible_count': 6, 'bet_adj': 0, 'reason': 'rel_win1=68.8%（本命度） / 最有力組み合わせ確率: 0.134（推定実オッズ?10倍） / 2着集中度: 上位2艇 73.0%（補正+0.04） / 総合判定確率: 0.174 / → ヒモはやや固め。上位2艇以外を切ること', 'tenji_trigger': '展示確認: 1号艇伸び良→そのまま採用。悪→飛び組に差し替え。circle_pct上位2艇に絞り込むこと。'}",,,27.7,逃げ狙い,13.14,31.4,2,,,,,,,,,,,
2025-08-08,丸亀,1,5,山崎義明,B1,34.15,5,▲,3.7703,18.1,100,58.3,0.1281,2.6771,,,0,低,95,0,-,125 43,0,27.5,1.6795,,,,,,0.0833,0.3571,0.2714,,○,C,○,,0.4427,0.6385,,0.4064,S,89,0,◎1着固定 2-3着流し（5〜8点）,0.5777,"{'is_target': True, 'verdict': '点数絞り', 'max_combo_prob': 0.1335, 'est_top_odds': 10.0, 'circle_concentration': 73.0, 'eligible_count': 6, 'bet_adj': 0, 'reason': 'rel_win1=68.8%（本命度） / 最有力組み合わせ確率: 0.134（推定実オッズ?10倍） / 2着集中度: 上位2艇 73.0%（補正+0.04） / 総合判定確率: 0.174 / → ヒモはやや固め。上位2艇以外を切ること', 'tenji_trigger': '展示確認: 1号艇伸び良→そのまま採用。悪→飛び組に差し替え。circle_pct上位2艇に絞り込むこと。'}",,,27.7,逃げ狙い,13.14,31.4,2,,,,,,,,,,,
2025-08-08,丸亀,1,6,横井健太,B1,32.54,6,,1.0791,0.3,11,4.6,0.1909,4.7462,,,0,低,172,0,-,2 456,0,30.7,0.8733,,,,,,0.0842,0.5553,0.3184,,,D,△,,0.2429,0.6205,,0.4064,S,89,0,◎1着固定 2-3着流し（5〜8点）,0.5777,"{'is_target': True, 'verdict': '点数絞り', 'max_combo_prob': 0.1335, 'est_top_odds': 10.0, 'circle_concentration': 73.0, 'eligible_count': 6, 'bet_adj': 0, 'reason': 'rel_win1=68.8%（本命度） / 最有力組み合わせ確率: 0.134（推定実オッズ?10倍） / 2着集中度: 上位2艇 73.0%（補正+0.04） / 総合判定確率: 0.174 / → ヒモはやや固め。上位2艇以外を切ること', 'tenji_trigger': '展示確認: 1号艇伸び良→そのまま採用。悪→飛び組に差し替え。circle_pct上位2艇に絞り込むこと。'}",,,27.7,逃げ狙い,13.14,31.4,2,,,,,,,,,,,
2025-08-08,丸亀,2,1,内山七海,B1,33.49,1,◎,53.5781,,0,79,0.1716,3.4211,,,0,低,46,0,逃0%,2 652,0,82.2,1.0225,0.4375,,,,,0.195,0.195,0.05,○⚠️,,C,,,,0.5395,,0.4192,A,76,0,◎-○軸 3着3〜4艇流し（10〜15点）,0.5777,"{'is_target': True, 'verdict': '参加推奨', 'max_combo_prob': 0.0924, 'est_top_odds': 14.4, 'circle_concentration': 68.9, 'eligible_count': 8, 'bet_adj': 2, 'reason': 'rel_win1=53.6%（本命度） / 最有力組み合わせ確率: 0.092（推定実オッズ?14倍） / 2着集中度: 上位2艇 68.9%（補正+0.00） / 総合判定確率: 0.092 / → ヒモ分散。1号艇1着固定で広めのヒモ流し推奨（買い目+2点）', 'tenji_trigger': '展示確認: ヒモ分散レース。1号艇伸び確認後、広めのヒモ流しを採用。穴ヒモ（5・6号艇）を積極的に含める。'}",,,28.8,逃げ狙い,13.55,34.3,4,3-5-4|3-4-5|3-4-6|3-5-6|3-6-4|3-4-1|3-5-1|1-3-5|3-1-4|1-3-2|3-1-5|3-1-2,3-5-4|3-4-5|3-4-6|3-5-6|3-6-4|3-4-1|3-5-1|1-3-5|3-1-4|1-3-2|3-1-5|3-1-2,3-5-4:2.01%|3-4-5:1.84%|3-4-6:1.23%|3-5-6:0.97%|3-6-4:0.5%|3-4-1:0.48%|3-5-1:0.38%|1-3-5:5.13%|3-1-4:5.05%|1-3-2:4.37%|3-1-5:3.89%|3-1-2:3.05%,3-5-4:B_main|3-4-5:B_main|3-4-6:B_main|3-5-6:B_main|3-6-4:B_main|3-4-1:B_main|3-5-1:B_main|1-3-5:A|3-1-4:B_sc|1-3-2:A|3-1-5:B_sc|3-1-2:B_sc,12,12,0.4535,1,[!]見送り推奨（主役決まり手「まくり」― 逃げ劣勢レースで的中実績なし）,主役軸流し,B
2025-08-08,丸亀,2,2,長谷川親,B1,32.39,2,,8.3619,17.5,66,27.7,0.1945,4.2846,,,0,低,166,0,-,5 156,0,40.8,0.9505,,,,,,0.1111,0.3778,0.2222,,,D,○,,0.0985,0.605,,0.4192,A,76,0,◎-○軸 3着3〜4艇流し（10〜15点）,0.5777,"{'is_target': True, 'verdict': '参加推奨', 'max_combo_prob': 0.0924, 'est_top_odds': 14.4, 'circle_concentration': 68.9, 'eligible_count': 8, 'bet_adj': 2, 'reason': 'rel_win1=53.6%（本命度） / 最有力組み合わせ確率: 0.092（推定実オッズ?14倍） / 2着集中度: 上位2艇 68.9%（補正+0.00） / 総合判定確率: 0.092 / → ヒモ分散。1号艇1着固定で広めのヒモ流し推奨（買い目+2点）', 'tenji_trigger': '展示確認: ヒモ分散レース。1号艇伸び確認後、広めのヒモ流しを採用。穴ヒモ（5・6号艇）を積極的に含める。'}",,,28.8,逃げ狙い,13.55,34.3,4,,,,,,,,,,,
2025-08-08,丸亀,2,3,荒牧凪沙,B1,40.64,3,○,18.4013,46.9,82,54.7,0.174,3.6604,,,0,低,117,0,-,4 655,0,38.5,0.9056,0,0.04,0.12,0,0,0.0571,0.2857,0.2571,,,B,△,,0.288,0.5875,,0.4192,A,76,0,◎-○軸 3着3〜4艇流し（10〜15点）,0.5777,"{'is_target': True, 'verdict': '参加推奨', 'max_combo_prob': 0.0924, 'est_top_odds': 14.4, 'circle_concentration': 68.9, 'eligible_count': 8, 'bet_adj': 2, 'reason': 'rel_win1=53.6%（本命度） / 最有力組み合わせ確率: 0.092（推定実オッズ?14倍） / 2着集中度: 上位2艇 68.9%（補正+0.00） / 総合判定確率: 0.092 / → ヒモ分散。1号艇1着固定で広めのヒモ流し推奨（買い目+2点）', 'tenji_trigger': '展示確認: ヒモ分散レース。1号艇伸び確認後、広めのヒモ流しを採用。穴ヒモ（5・6号艇）を積極的に含める。'}",,,28.8,逃げ狙い,13.55,34.3,4,,,,,,,,,,,
2025-08-08,丸亀,2,4,加藤　綾,B1,44.16,4,▲,12.5585,22,66,32,0.2076,3.76,,,0,低,80,0,差0%,4 264,0,33.2,0.7072,0,0.0714,0,0,0,0.0857,0.2571,0.4571,,,A,,,0.147,0.5595,,0.4192,A,76,0,◎-○軸 3着3〜4艇流し（10〜15点）,0.5777,"{'is_target': True, 'verdict': '参加推奨', 'max_combo_prob': 0.0924, 'est_top_odds': 14.4, 'circle_concentration': 68.9, 'eligible_count': 8, 'bet_adj': 2, 'reason': 'rel_win1=53.6%（本命度） / 最有力組み合わせ確率: 0.092（推定実オッズ?14倍） / 2着集中度: 上位2艇 68.9%（補正+0.00） / 総合判定確率: 0.092 / → ヒモ分散。1号艇1着固定で広めのヒモ流し推奨（買い目+2点）', 'tenji_trigger': '展示確認: ヒモ分散レース。1号艇伸び確認後、広めのヒモ流しを採用。穴ヒモ（5・6号艇）を積極的に含める。'}",,,28.8,逃げ狙い,13.55,34.3,4,,,,,,,,,,,
2025-08-08,丸亀,2,5,山田和佐,B1,38.99,5,△,4.5784,9.8,100,31.9,0.1719,3.9348,,,0,低,130,0,-,5 5366,0,30,0.6274,0,0,0,0.0256,0,0.1769,0.0308,0.1923,,,C,△,,0.2785,0.5895,,0.4192,A,76,0,◎-○軸 3着3〜4艇流し（10〜15点）,0.5777,"{'is_target': True, 'verdict': '参加推奨', 'max_combo_prob': 0.0924, 'est_top_odds': 14.4, 'circle_concentration': 68.9, 'eligible_count': 8, 'bet_adj': 2, 'reason': 'rel_win1=53.6%（本命度） / 最有力組み合わせ確率: 0.092（推定実オッズ?14倍） / 2着集中度: 上位2艇 68.9%（補正+0.00） / 総合判定確率: 0.092 / → ヒモ分散。1号艇1着固定で広めのヒモ流し推奨（買い目+2点）', 'tenji_trigger': '展示確認: ヒモ分散レース。1号艇伸び確認後、広めのヒモ流しを採用。穴ヒモ（5・6号艇）を積極的に含める。'}",,,28.8,逃げ狙い,13.55,34.3,4,,,,,,,,,,,
2025-08-08,丸亀,2,6,堤　啓輔,B1,27.84,6,,2.5218,3.8,40,20.4,0.1863,4.4286,,,0,低,112,0,-,11F 6,0,20.4,0.7092,0,0,0,0.0435,0,0.1867,0.1867,0.2089,,,E,◎,,0.2387,0.616,,0.4192,A,76,0,◎-○軸 3着3〜4艇流し（10〜15点）,0.5777,"{'is_target': True, 'verdict': '参加推奨', 'max_combo_prob': 0.0924, 'est_top_odds': 14.4, 'circle_concentration': 68.9, 'eligible_count': 8, 'bet_adj': 2, 'reason': 'rel_win1=53.6%（本命度） / 最有力組み合わせ確率: 0.092（推定実オッズ?14倍） / 2着集中度: 上位2艇 68.9%（補正+0.00） / 総合判定確率: 0.092 / → ヒモ分散。1号艇1着固定で広めのヒモ流し推奨（買い目+2点）', 'tenji_trigger': '展示確認: ヒモ分散レース。1号艇伸び確認後、広めのヒモ流しを採用。穴ヒモ（5・6号艇）を積極的に含める。'}",,,28.8,逃げ狙い,13.55,34.3,4,,,,,,,,,,,
2025-08-08,丸亀,3,1,渡　修平,B1,30.48,1,◎,55.6883,,0,74.4,0.1544,3.6667,,,0,低,148,0,逃1%,6 441,0,92.5,1.2491,0.5882,,,,,0.0235,0.1906,0.1906,○,,E,△,,,0.6,,0.43,A,72,0,◎-○軸 3着3〜4艇流し（10〜15点）,0.5777,"{'is_target': True, 'verdict': '点数絞り', 'max_combo_prob': 0.0847, 'est_top_odds': 15.7, 'circle_concentration': 73.0, 'eligible_count': 8, 'bet_adj': 0, 'reason': 'rel_win1=55.7%（本命度） / 最有力組み合わせ確率: 0.085（推定実オッズ?16倍） / 2着集中度: 上位2艇 73.0%（補正+0.04） / 総合判定確率: 0.125 / → ヒモはやや固め。上位2艇以外を切ること', 'tenji_trigger': '展示確認: 1号艇伸び良→そのまま採用。悪→飛び組に差し替え。circle_pct上位2艇に絞り込むこと。'}",,,26.3,逃げ狙い,10.35,29.9,3,,,,,0,0,0.6155,0,,逃げ軸流し,A
2025-08-08,丸亀,3,2,土井祥伍,B1,36.62,2,△,12.2941,46.1,70,44.3,0.1559,3.7786,,,0,低,170,0,-,565 16,0,40.8,0.8938,0,0.08,0,0,0,0,0.3556,0.1667,,,C,△,,0.3023,0.578,,0.43,A,72,0,◎-○軸 3着3〜4艇流し（10〜15点）,0.5777,"{'is_target': True, 'verdict': '点数絞り', 'max_combo_prob': 0.0847, 'est_top_odds': 15.7, 'circle_concentration': 73.0, 'eligible_count': 8, 'bet_adj': 0, 'reason': 'rel_win1=55.7%（本命度） / 最有力組み合わせ確率: 0.085（推定実オッズ?16倍） / 2着集中度: 上位2艇 73.0%（補正+0.04） / 総合判定確率: 0.125 / → ヒモはやや固め。上位2艇以外を切ること', 'tenji_trigger': '展示確認: 1号艇伸び良→そのまま採用。悪→飛び組に差し替え。circle_pct上位2艇に絞り込むこと。'}",,,26.3,逃げ狙い,10.35,29.9,3,,,,,,,,,,,
2025-08-08,丸亀,3,3,森安弘雅,A2,42.45,3,○,16.718,26.9,88,50.7,0.1718,3.7183,,,0,低,178,0,ま0%,544455,0,74.7,1.5854,0,0,0.0968,0.0323,0,0.0167,0.1833,0.2,,,B,○,,0.2105,0.6065,,0.43,A,72,0,◎-○軸 3着3〜4艇流し（10〜15点）,0.5777,"{'is_target': True, 'verdict': '点数絞り', 'max_combo_prob': 0.0847, 'est_top_odds': 15.7, 'circle_concentration': 73.0, 'eligible_count': 8, 'bet_adj': 0, 'reason': 'rel_win1=55.7%（本命度） / 最有力組み合わせ確率: 0.085（推定実オッズ?16倍） / 2着集中度: 上位2艇 73.0%（補正+0.04） / 総合判定確率: 0.125 / → ヒモはやや固め。上位2艇以外を切ること', 'tenji_trigger': '展示確認: 1号艇伸び良→そのまま採用。悪→飛び組に差し替え。circle_pct上位2艇に絞り込むこと。'}",,,26.3,逃げ狙い,10.35,29.9,3,,,,,,,,,,,
2025-08-08,丸亀,3,4,新田智彰,B1,39.71,4,▲,10.2454,23,93,51.3,0.157,3.2961,,,0,低,135,0,-,543 52,0,88.1,1.6321,0,0.027,0.027,0.027,0,0.0593,0.3437,0.1644,,,C,◎,◎,0.2725,0.625,0.3761,0.43,A,72,0,◎-○軸 3着3〜4艇流し（10〜15点）,0.5777,"{'is_target': True, 'verdict': '点数絞り', 'max_combo_prob': 0.0847, 'est_top_odds': 15.7, 'circle_concentration': 73.0, 'eligible_count': 8, 'bet_adj': 0, 'reason': 'rel_win1=55.7%（本命度） / 最有力組み合わせ確率: 0.085（推定実オッズ?16倍） / 2着集中度: 上位2艇 73.0%（補正+0.04） / 総合判定確率: 0.125 / → ヒモはやや固め。上位2艇以外を切ること', 'tenji_trigger': '展示確認: 1号艇伸び良→そのまま採用。悪→飛び組に差し替え。circle_pct上位2艇に絞り込むこと。'}",,,26.3,逃げ狙い,10.35,29.9,3,,,,,,,,,,,
2025-08-08,丸亀,3,5,長尾萌加,B1,32.21,5,,3.6849,1.5,100,25,0.1771,3.9792,,,0,低,104,0,-,4 233,0,28.4,0.4788,,,,,,0.28,0.6,0,,,D,,,0.2414,0.563,,0.43,A,72,0,◎-○軸 3着3〜4艇流し（10〜15点）,0.5777,"{'is_target': True, 'verdict': '点数絞り', 'max_combo_prob': 0.0847, 'est_top_odds': 15.7, 'circle_concentration': 73.0, 'eligible_count': 8, 'bet_adj': 0, 'reason': 'rel_win1=55.7%（本命度） / 最有力組み合わせ確率: 0.085（推定実オッズ?16倍） / 2着集中度: 上位2艇 73.0%（補正+0.04） / 総合判定確率: 0.125 / → ヒモはやや固め。上位2艇以外を切ること', 'tenji_trigger': '展示確認: 1号艇伸び良→そのまま採用。悪→飛び組に差し替え。circle_pct上位2艇に絞り込むこと。'}",,,26.3,逃げ狙い,10.35,29.9,3,,,,,,,,,,,
2025-08-08,丸亀,3,6,樋江井舞,B1,40.49,6,,1.3693,2.5,22,4.3,0.1948,4.0924,,,0,低,76,0,-,6 566,0,28.4,0.595,,,,,,,,,,,B,,,0.1815,0.539,,0.43,A,72,0,◎-○軸 3着3〜4艇流し（10〜15点）,0.5777,"{'is_target': True, 'verdict': '点数絞り', 'max_combo_prob': 0.0847, 'est_top_odds': 15.7, 'circle_concentration': 73.0, 'eligible_count': 8, 'bet_adj': 0, 'reason': 'rel_win1=55.7%（本命度） / 最有力組み合わせ確率: 0.085（推定実オッズ?16倍） / 2着集中度: 上位2艇 73.0%（補正+0.04） / 総合判定確率: 0.125 / → ヒモはやや固め。上位2艇以外を切ること', 'tenji_trigger': '展示確認: 1号艇伸び良→そのまま採用。悪→飛び組に差し替え。circle_pct上位2艇に絞り込むこと。'}",,,26.3,逃げ狙い,10.35,29.9,3,,,,,,,,,,,
2025-08-08,丸亀,4,1,平田健之,A2,31.22,1,◎,60.6926,,0,90,0.1514,2.675,,,0,低,124,0,逃0% 抜0%,311542,0,85.3,1.2319,0.7188,,,,,0.1375,0.025,0.125,◎,,C,△,,,0.6155,,0.5658,S,93,0,◎1着固定 2-3着流し（5〜8点）,0.5777,"{'is_target': True, 'verdict': '点数絞り', 'max_combo_prob': 0.1204, 'est_top_odds': 11.1, 'circle_concentration': 73.3, 'eligible_count': 6, 'bet_adj': 0, 'reason': 'rel_win1=60.7%（本命度） / 最有力組み合わせ確率: 0.120（推定実オッズ?11倍） / 2着集中度: 上位2艇 73.3%（補正+0.04） / 総合判定確率: 0.160 / → ヒモはやや固め。上位2艇以外を切ること', 'tenji_trigger': '展示確認: 1号艇伸び良→そのまま採用。悪→飛び組に差し替え。circle_pct上位2艇に絞り込むこと。'}",,,26,逃げ狙い,10.39,28.8,3,,,,,0,0,0.7559,0,,逃げ軸流し,A
2025-08-08,丸亀,4,2,坂井康嗣,B1,25.81,2,,11.0409,23.7,71,43.1,0.2008,4.4846,,,0,低,168,0,-,6 164,0,52.6,0.4324,0,0.0645,0.0323,0,0,0.28,0.32,0.32,,,E,△,,0.0623,0.607,,0.5658,S,93,0,◎1着固定 2-3着流し（5〜8点）,0.5777,"{'is_target': True, 'verdict': '点数絞り', 'max_combo_prob': 0.1204, 'est_top_odds': 11.1, 'circle_concentration': 73.3, 'eligible_count': 6, 'bet_adj': 0, 'reason': 'rel_win1=60.7%（本命度） / 最有力組み合わせ確率: 0.120（推定実オッズ?11倍） / 2着集中度: 上位2艇 73.3%（補正+0.04） / 総合判定確率: 0.160 / → ヒモはやや固め。上位2艇以外を切ること', 'tenji_trigger': '展示確認: 1号艇伸び良→そのまま採用。悪→飛び組に差し替え。circle_pct上位2艇に絞り込むこと。'}",,,26,逃げ狙い,10.39,28.8,3,,,,,,,,,,,
2025-08-08,丸亀,4,3,加倉侑征,A2,29.30,3,▲,13.6664,49.6,53,56.1,0.1314,2.5606,,,0,低,56,0,抜0%,S 4621,0,100,2.4117,0,0.0312,0.0312,0.0938,0.0312,0.2933,0.1333,0.16,,◎,C,○,,0.3982,0.6175,,0.5658,S,93,0,◎1着固定 2-3着流し（5〜8点）,0.5777,"{'is_target': True, 'verdict': '点数絞り', 'max_combo_prob': 0.1204, 'est_top_odds': 11.1, 'circle_concentration': 73.3, 'eligible_count': 6, 'bet_adj': 0, 'reason': 'rel_win1=60.7%（本命度） / 最有力組み合わせ確率: 0.120（推定実オッズ?11倍） / 2着集中度: 上位2艇 73.3%（補正+0.04） / 総合判定確率: 0.160 / → ヒモはやや固め。上位2艇以外を切ること', 'tenji_trigger': '展示確認: 1号艇伸び良→そのまま採用。悪→飛び組に差し替え。circle_pct上位2艇に絞り込むこと。'}",,,26,逃げ狙い,10.39,28.8,3,,,,,,,,,,,
2025-08-08,丸亀,4,4,安田政彦,A2,39.09,4,○,9.2045,9.3,100,54.9,0.21,4.2451,,,0,低,147,0,-,2 3355,0,60.5,1.3887,0,0,0.0625,0,0,0.2188,0.3285,0.1918,,,B,,,0.1168,0.5665,,0.5658,S,93,0,◎1着固定 2-3着流し（5〜8点）,0.5777,"{'is_target': True, 'verdict': '点数絞り', 'max_combo_prob': 0.1204, 'est_top_odds': 11.1, 'circle_concentration': 73.3, 'eligible_count': 6, 'bet_adj': 0, 'reason': 'rel_win1=60.7%（本命度） / 最有力組み合わせ確率: 0.120（推定実オッズ?11倍） / 2着集中度: 上位2艇 73.3%（補正+0.04） / 総合判定確率: 0.160 / → ヒモはやや固め。上位2艇以外を切ること', 'tenji_trigger': '展示確認: 1号艇伸び良→そのまま採用。悪→飛び組に差し替え。circle_pct上位2艇に絞り込むこと。'}",,,26,逃げ狙い,10.39,28.8,3,,,,,,,,,,,
2025-08-08,丸亀,4,5,小野信樹,B1,28.57,5,,4.1484,14.9,39,19.4,0.1679,3.371,,,0,低,119,0,-,642 44,0,28.7,1.0195,0,0,0,0.0385,0,0.1533,0.3067,0.1867,,,D,◎,,0.2296,0.676,,0.5658,S,93,0,◎1着固定 2-3着流し（5〜8点）,0.5777,"{'is_target': True, 'verdict': '点数絞り', 'max_combo_prob': 0.1204, 'est_top_odds': 11.1, 'circle_concentration': 73.3, 'eligible_count': 6, 'bet_adj': 0, 'reason': 'rel_win1=60.7%（本命度） / 最有力組み合わせ確率: 0.120（推定実オッズ?11倍） / 2着集中度: 上位2艇 73.3%（補正+0.04） / 総合判定確率: 0.160 / → ヒモはやや固め。上位2艇以外を切ること', 'tenji_trigger': '展示確認: 1号艇伸び良→そのまま採用。悪→飛び組に差し替え。circle_pct上位2艇に絞り込むこと。'}",,,26,逃げ狙い,10.39,28.8,3,,,,,,,,,,,
2025-08-08,丸亀,4,6,山川波乙,B1,31.55,6,△,1.2472,2.5,40,8.7,0.2152,4.5435,,,0,低,59,0,-,455 66,0,34.6,0.8578,,,,,,0.0714,0.2857,0.0714,,,C,,,0.1388,0.5385,,0.5658,S,93,0,◎1着固定 2-3着流し（5〜8点）,0.5777,"{'is_target': True, 'verdict': '点数絞り', 'max_combo_prob': 0.1204, 'est_top_odds': 11.1, 'circle_concentration': 73.3, 'eligible_count': 6, 'bet_adj': 0, 'reason': 'rel_win1=60.7%（本命度） / 最有力組み合わせ確率: 0.120（推定実オッズ?11倍） / 2着集中度: 上位2艇 73.3%（補正+0.04） / 総合判定確率: 0.160 / → ヒモはやや固め。上位2艇以外を切ること', 'tenji_trigger': '展示確認: 1号艇伸び良→そのまま採用。悪→飛び組に差し替え。circle_pct上位2艇に絞り込むこと。'}",,,26,逃げ狙い,10.39,28.8,3,,,,,,,,,,,
2025-08-08,丸亀,5,1,南　佑典,A2,32.71,1,◎,53.9,,0,93.7,0.1627,3.254,,,0,低,162,0,逃1%,331132,0,65,0.9956,0.6207,,,,,0.0138,0.2161,0.0552,○,,C,○,,,0.6305,,0.4433,S,94,0,◎1着固定 2-3着流し（5〜8点）,0.5777,"{'is_target': True, 'verdict': '参加推奨', 'max_combo_prob': 0.051, 'est_top_odds': 26.1, 'circle_concentration': 61.7, 'eligible_count': 6, 'bet_adj': 2, 'reason': 'rel_win1=53.9%（本命度） / 最有力組み合わせ確率: 0.051（推定実オッズ?26倍） / 2着集中度: 上位2艇 61.7%（補正+0.00） / 総合判定確率: 0.051 / → ヒモ分散。1号艇1着固定で広めのヒモ流し推奨（買い目+2点）', 'tenji_trigger': '展示確認: ヒモ分散レース。1号艇伸び確認後、広めのヒモ流しを採用。穴ヒモ（5・6号艇）を積極的に含める。'}",,,34.6,逃げ狙い,22.7,28.5,3,,,,,0,0,0.6155,0,,逃げ軸流し,A
2025-08-08,丸亀,5,2,西丸敦基,B1,30.05,2,,9.8404,31.8,75,44.1,0.1691,4.2794,,,0,低,113,0,-,335 35,0,38.3,0.881,0,0,0,0,0.0556,0.0333,0.0667,0.3,,,D,△,,0.2656,0.6165,,0.4433,S,94,0,◎1着固定 2-3着流し（5〜8点）,0.5777,"{'is_target': True, 'verdict': '参加推奨', 'max_combo_prob': 0.051, 'est_top_odds': 26.1, 'circle_concentration': 61.7, 'eligible_count': 6, 'bet_adj': 2, 'reason': 'rel_win1=53.9%（本命度） / 最有力組み合わせ確率: 0.051（推定実オッズ?26倍） / 2着集中度: 上位2艇 61.7%（補正+0.00） / 総合判定確率: 0.051 / → ヒモ分散。1号艇1着固定で広めのヒモ流し推奨（買い目+2点）', 'tenji_trigger': '展示確認: ヒモ分散レース。1号艇伸び確認後、広めのヒモ流しを採用。穴ヒモ（5・6号艇）を積極的に含める。'}",,,34.6,逃げ狙い,22.7,28.5,3,,,,,,,,,,,
2025-08-08,丸亀,5,3,楠原正剛,B1,32.69,3,△,10.6232,29.8,98,69.5,0.1353,2.5508,,,0,低,109,0,-,253 55,0,54.9,1.2423,,,,,,0.2206,0.0706,0.3706,,◎,C,,,0.4673,0.6025,,0.4433,S,94,0,◎1着固定 2-3着流し（5〜8点）,0.5777,"{'is_target': True, 'verdict': '参加推奨', 'max_combo_prob': 0.051, 'est_top_odds': 26.1, 'circle_concentration': 61.7, 'eligible_count': 6, 'bet_adj': 2, 'reason': 'rel_win1=53.9%（本命度） / 最有力組み合わせ確率: 0.051（推定実オッズ?26倍） / 2着集中度: 上位2艇 61.7%（補正+0.00） / 総合判定確率: 0.051 / → ヒモ分散。1号艇1着固定で広めのヒモ流し推奨（買い目+2点）', 'tenji_trigger': '展示確認: ヒモ分散レース。1号艇伸び確認後、広めのヒモ流しを採用。穴ヒモ（5・6号艇）を積極的に含める。'}",,,34.6,逃げ狙い,22.7,28.5,3,,,,,,,,,,,
2025-08-08,丸亀,5,4,山口修路,B1,27.14,4,,4.9444,10.1,100,30.9,0.2303,5.0221,,,0,低,181,0,-,266 14,0,15.9,0.6868,,,,,,0.1538,0.3077,0.1538,,,E,,,0.1674,0.527,,0.4433,S,94,0,◎1着固定 2-3着流し（5〜8点）,0.5777,"{'is_target': True, 'verdict': '参加推奨', 'max_combo_prob': 0.051, 'est_top_odds': 26.1, 'circle_concentration': 61.7, 'eligible_count': 6, 'bet_adj': 2, 'reason': 'rel_win1=53.9%（本命度） / 最有力組み合わせ確率: 0.051（推定実オッズ?26倍） / 2着集中度: 上位2艇 61.7%（補正+0.00） / 総合判定確率: 0.051 / → ヒモ分散。1号艇1着固定で広めのヒモ流し推奨（買い目+2点）', 'tenji_trigger': '展示確認: ヒモ分散レース。1号艇伸び確認後、広めのヒモ流しを採用。穴ヒモ（5・6号艇）を積極的に含める。'}",,,34.6,逃げ狙い,22.7,28.5,3,,,,,,,,,,,
2025-08-08,丸亀,5,5,吉田凌太,A1,37.16,5,○,18.0959,23.1,89,66,0.1413,2.8113,,,0,低,100,0,差ま0%,351223,0,100,2.1521,0,0,0,0.25,0,0,0.0526,0.0316,,○,B,△,◎,0.433,0.6095,0.5476,0.4433,S,94,0,◎1着固定 2-3着流し（5〜8点）,0.5777,"{'is_target': True, 'verdict': '参加推奨', 'max_combo_prob': 0.051, 'est_top_odds': 26.1, 'circle_concentration': 61.7, 'eligible_count': 6, 'bet_adj': 2, 'reason': 'rel_win1=53.9%（本命度） / 最有力組み合わせ確率: 0.051（推定実オッズ?26倍） / 2着集中度: 上位2艇 61.7%（補正+0.00） / 総合判定確率: 0.051 / → ヒモ分散。1号艇1着固定で広めのヒモ流し推奨（買い目+2点）', 'tenji_trigger': '展示確認: ヒモ分散レース。1号艇伸び確認後、広めのヒモ流しを採用。穴ヒモ（5・6号艇）を積極的に含める。'}",,,34.6,逃げ狙い,22.7,28.5,3,,,,,,,,,,,
2025-08-08,丸亀,5,6,麻生慎介,A2,42.65,6,▲,2.5961,5.1,51,40.9,0.1366,2.7614,,,0,低,66,0,-,421 32,0,28.4,0.6203,,,,,,0.0381,0.4362,0.0381,,△,B,◎,,0.4227,0.661,,0.4433,S,94,0,◎1着固定 2-3着流し（5〜8点）,0.5777,"{'is_target': True, 'verdict': '参加推奨', 'max_combo_prob': 0.051, 'est_top_odds': 26.1, 'circle_concentration': 61.7, 'eligible_count': 6, 'bet_adj': 2, 'reason': 'rel_win1=53.9%（本命度） / 最有力組み合わせ確率: 0.051（推定実オッズ?26倍） / 2着集中度: 上位2艇 61.7%（補正+0.00） / 総合判定確率: 0.051 / → ヒモ分散。1号艇1着固定で広めのヒモ流し推奨（買い目+2点）', 'tenji_trigger': '展示確認: ヒモ分散レース。1号艇伸び確認後、広めのヒモ流しを採用。穴ヒモ（5・6号艇）を積極的に含める。'}",,,34.6,逃げ狙い,22.7,28.5,3,,,,,,,,,,,
2025-08-08,丸亀,6,1,妹尾忠幸,A2,37.75,1,◎,59.895,,0,91.8,0.1565,3.1907,,,0,低,119,0,逃1%,62123,0,78.6,1.179,0.6486,,,,,0.0108,0.3328,0.1398,◎,,B,○,,,0.659,,0.5015,S,89,0,◎1着固定 2-3着流し（5〜8点）,0.5777,"{'is_target': True, 'verdict': '点数絞り', 'max_combo_prob': 0.0915, 'est_top_odds': 14.6, 'circle_concentration': 73.8, 'eligible_count': 6, 'bet_adj': 0, 'reason': 'rel_win1=59.9%（本命度） / 最有力組み合わせ確率: 0.091（推定実オッズ?15倍） / 2着集中度: 上位2艇 73.8%（補正+0.04） / 総合判定確率: 0.131 / → ヒモはやや固め。上位2艇以外を切ること', 'tenji_trigger': '展示確認: 1号艇伸び良→そのまま採用。悪→飛び組に差し替え。circle_pct上位2艇に絞り込むこと。'}",,,29.4,逃げ狙い,18.03,32,2,,,,,0,0,0.7559,0,,逃げ軸流し,A
2025-08-08,丸亀,6,2,小池礼乃,A2,33.33,2,△,10.9364,26.9,85,40.7,0.1756,3.9259,,,0,低,61,0,ま0% 抜0%,216425,0,42.4,0.7009,0,0,0.0833,0,0.0833,0.29,0.22,0,,,C,,,0.1219,0.612,,0.5015,S,89,0,◎1着固定 2-3着流し（5〜8点）,0.5777,"{'is_target': True, 'verdict': '点数絞り', 'max_combo_prob': 0.0915, 'est_top_odds': 14.6, 'circle_concentration': 73.8, 'eligible_count': 6, 'bet_adj': 0, 'reason': 'rel_win1=59.9%（本命度） / 最有力組み合わせ確率: 0.091（推定実オッズ?15倍） / 2着集中度: 上位2艇 73.8%（補正+0.04） / 総合判定確率: 0.131 / → ヒモはやや固め。上位2艇以外を切ること', 'tenji_trigger': '展示確認: 1号艇伸び良→そのまま採用。悪→飛び組に差し替え。circle_pct上位2艇に絞り込むこと。'}",,,29.4,逃げ狙い,18.03,32,2,,,,,,,,,,,
2025-08-08,丸亀,6,3,田中辰彦,A1,35.12,3,○,13.6187,46.8,100,63.5,0.1435,3.0794,,,0,低,117,0,差ま0%,532343,0,21.6,0.6723,0,0.0333,0.0667,0.1667,0,0.0114,0.2229,0.0571,,◎,C,◎,,0.4143,0.662,,0.5015,S,89,0,◎1着固定 2-3着流し（5〜8点）,0.5777,"{'is_target': True, 'verdict': '点数絞り', 'max_combo_prob': 0.0915, 'est_top_odds': 14.6, 'circle_concentration': 73.8, 'eligible_count': 6, 'bet_adj': 0, 'reason': 'rel_win1=59.9%（本命度） / 最有力組み合わせ確率: 0.091（推定実オッズ?15倍） / 2着集中度: 上位2艇 73.8%（補正+0.04） / 総合判定確率: 0.131 / → ヒモはやや固め。上位2艇以外を切ること', 'tenji_trigger': '展示確認: 1号艇伸び良→そのまま採用。悪→飛び組に差し替え。circle_pct上位2艇に絞り込むこと。'}",,,29.4,逃げ狙い,18.03,32,2,,,,,,,,,,,
2025-08-08,丸亀,6,4,伊藤喜智,B1,33.01,4,,8.4809,12.8,89,52.8,0.1625,3.5556,,,0,低,184,0,-,664 65,0,100,2.5977,0,0,0.0323,0,0,0.2075,0.1379,0.0174,,,D,△,◎,0.3062,0.646,0.3334,0.5015,S,89,0,◎1着固定 2-3着流し（5〜8点）,0.5777,"{'is_target': True, 'verdict': '点数絞り', 'max_combo_prob': 0.0915, 'est_top_odds': 14.6, 'circle_concentration': 73.8, 'eligible_count': 6, 'bet_adj': 0, 'reason': 'rel_win1=59.9%（本命度） / 最有力組み合わせ確率: 0.091（推定実オッズ?15倍） / 2着集中度: 上位2艇 73.8%（補正+0.04） / 総合判定確率: 0.131 / → ヒモはやや固め。上位2艇以外を切ること', 'tenji_trigger': '展示確認: 1号艇伸び良→そのまま採用。悪→飛び組に差し替え。circle_pct上位2艇に絞り込むこと。'}",,,29.4,逃げ狙い,18.03,32,2,,,,,,,,,,,
2025-08-08,丸亀,6,5,水野望美,B1,33.01,5,,2.6936,5.5,68,25,0.1728,3.5781,,,0,低,63,0,-,531 26,0,67.2,1.3852,,,,,,0,0.1,0,,,D,△,,0.3118,0.6245,,0.5015,S,89,0,◎1着固定 2-3着流し（5〜8点）,0.5777,"{'is_target': True, 'verdict': '点数絞り', 'max_combo_prob': 0.0915, 'est_top_odds': 14.6, 'circle_concentration': 73.8, 'eligible_count': 6, 'bet_adj': 0, 'reason': 'rel_win1=59.9%（本命度） / 最有力組み合わせ確率: 0.091（推定実オッズ?15倍） / 2着集中度: 上位2艇 73.8%（補正+0.04） / 総合判定確率: 0.131 / → ヒモはやや固め。上位2艇以外を切ること', 'tenji_trigger': '展示確認: 1号艇伸び良→そのまま採用。悪→飛び組に差し替え。circle_pct上位2艇に絞り込むこと。'}",,,29.4,逃げ狙い,18.03,32,2,,,,,,,,,,,
2025-08-08,丸亀,6,6,荒牧凪沙,B1,40.64,6,▲,4.3753,7.9,31,20.4,0.1989,4.2273,,,0,低,117,0,-,4 655,0,27.7,1.0253,,,,,,0.0571,0.2857,0.2571,,,B,,,0.225,0.5875,,0.5015,S,89,0,◎1着固定 2-3着流し（5〜8点）,0.5777,"{'is_target': True, 'verdict': '点数絞り', 'max_combo_prob': 0.0915, 'est_top_odds': 14.6, 'circle_concentration': 73.8, 'eligible_count': 6, 'bet_adj': 0, 'reason': 'rel_win1=59.9%（本命度） / 最有力組み合わせ確率: 0.091（推定実オッズ?15倍） / 2着集中度: 上位2艇 73.8%（補正+0.04） / 総合判定確率: 0.131 / → ヒモはやや固め。上位2艇以外を切ること', 'tenji_trigger': '展示確認: 1号艇伸び良→そのまま採用。悪→飛び組に差し替え。circle_pct上位2艇に絞り込むこと。'}",,,29.4,逃げ狙い,18.03,32,2,,,,,,,,,,,
2025-08-08,丸亀,7,1,谷津幸宏,A1,39.61,1,◎,65.4678,,0,87.2,0.1251,2.1221,,,0,低,52,0,逃0% 抜0%,463114,0,87.3,1.1162,0.6905,,,,,0.0476,0.0714,0.119,◎,,B,○,,,0.6535,,0.7233,S,89,0,◎1着固定 2-3着流し（5〜8点）,0.5777,"{'is_target': True, 'verdict': '参加推奨', 'max_combo_prob': 0.0863, 'est_top_odds': 15.5, 'circle_concentration': 61.4, 'eligible_count': 6, 'bet_adj': 2, 'reason': 'rel_win1=65.5%（本命度） / 最有力組み合わせ確率: 0.086（推定実オッズ?16倍） / 2着集中度: 上位2艇 61.4%（補正+0.00） / 総合判定確率: 0.086 / → ヒモ分散。1号艇1着固定で広めのヒモ流し推奨（買い目+2点）', 'tenji_trigger': '展示確認: ヒモ分散レース。1号艇伸び確認後、広めのヒモ流しを採用。穴ヒモ（5・6号艇）を積極的に含める。\n展示で1号艇スタート超安定(0.125秒)→ヒモ固まり方向に注意'}",,,25.7,逃げ狙い,13.61,25.3,3,,,,,0,0,0.7559,0,,逃げ軸流し,A
2025-08-08,丸亀,7,2,山田和佐,B1,38.99,2,○,11.0466,33.2,97,45.2,0.164,3.6774,,,0,低,130,0,ま0%,5 5366,0,41.8,0.8991,0,0.0294,0.0294,0,0,0.1769,0.0308,0.1923,,,C,△,,0.0624,0.5895,,0.7233,S,89,0,◎1着固定 2-3着流し（5〜8点）,0.5777,"{'is_target': True, 'verdict': '参加推奨', 'max_combo_prob': 0.0863, 'est_top_odds': 15.5, 'circle_concentration': 61.4, 'eligible_count': 6, 'bet_adj': 2, 'reason': 'rel_win1=65.5%（本命度） / 最有力組み合わせ確率: 0.086（推定実オッズ?16倍） / 2着集中度: 上位2艇 61.4%（補正+0.00） / 総合判定確率: 0.086 / → ヒモ分散。1号艇1着固定で広めのヒモ流し推奨（買い目+2点）', 'tenji_trigger': '展示確認: ヒモ分散レース。1号艇伸び確認後、広めのヒモ流しを採用。穴ヒモ（5・6号艇）を積極的に含める。\n展示で1号艇スタート超安定(0.125秒)→ヒモ固まり方向に注意'}",,,25.7,逃げ狙い,13.61,25.3,3,,,,,,,,,,,
2025-08-08,丸亀,7,3,加藤　綾,B1,44.16,3,▲,7.227,16.2,100,41.2,0.2026,3.8971,,,0,低,80,0,-,4 264,0,20.5,0.7802,,,,,,0.0857,0.2571,0.4571,,,B,,,0.148,0.5595,,0.7233,S,89,0,◎1着固定 2-3着流し（5〜8点）,0.5777,"{'is_target': True, 'verdict': '参加推奨', 'max_combo_prob': 0.0863, 'est_top_odds': 15.5, 'circle_concentration': 61.4, 'eligible_count': 6, 'bet_adj': 2, 'reason': 'rel_win1=65.5%（本命度） / 最有力組み合わせ確率: 0.086（推定実オッズ?16倍） / 2着集中度: 上位2艇 61.4%（補正+0.00） / 総合判定確率: 0.086 / → ヒモ分散。1号艇1着固定で広めのヒモ流し推奨（買い目+2点）', 'tenji_trigger': '展示確認: ヒモ分散レース。1号艇伸び確認後、広めのヒモ流しを採用。穴ヒモ（5・6号艇）を積極的に含める。\n展示で1号艇スタート超安定(0.125秒)→ヒモ固まり方向に注意'}",,,25.7,逃げ狙い,13.61,25.3,3,,,,,,,,,,,
2025-08-08,丸亀,7,4,土井祥伍,B1,36.62,4,,4.4055,21.4,50,35.8,0.1827,4.0224,,,0,低,170,0,-,565 16,0,22.1,0.5955,,,,,,0,0.3556,0.1667,,,D,,,0.1457,0.578,,0.7233,S,89,0,◎1着固定 2-3着流し（5〜8点）,0.5777,"{'is_target': True, 'verdict': '参加推奨', 'max_combo_prob': 0.0863, 'est_top_odds': 15.5, 'circle_concentration': 61.4, 'eligible_count': 6, 'bet_adj': 2, 'reason': 'rel_win1=65.5%（本命度） / 最有力組み合わせ確率: 0.086（推定実オッズ?16倍） / 2着集中度: 上位2艇 61.4%（補正+0.00） / 総合判定確率: 0.086 / → ヒモ分散。1号艇1着固定で広めのヒモ流し推奨（買い目+2点）', 'tenji_trigger': '展示確認: ヒモ分散レース。1号艇伸び確認後、広めのヒモ流しを採用。穴ヒモ（5・6号艇）を積極的に含める。\n展示で1号艇スタート超安定(0.125秒)→ヒモ固まり方向に注意'}",,,25.7,逃げ狙い,13.61,25.3,3,,,,,,,,,,,
2025-08-08,丸亀,7,5,丸岡正典,A1,38.73,5,△,10.7385,28.2,75,57.5,0.173,3.45,,,0,低,100,0,-,114441,0,76.1,1.3393,0,0,0,0.0833,0,0.0118,0.3042,0.1681,,,C,◎,◎,0.1491,0.667,0.3871,0.7233,S,89,0,◎1着固定 2-3着流し（5〜8点）,0.5777,"{'is_target': True, 'verdict': '参加推奨', 'max_combo_prob': 0.0863, 'est_top_odds': 15.5, 'circle_concentration': 61.4, 'eligible_count': 6, 'bet_adj': 2, 'reason': 'rel_win1=65.5%（本命度） / 最有力組み合わせ確率: 0.086（推定実オッズ?16倍） / 2着集中度: 上位2艇 61.4%（補正+0.00） / 総合判定確率: 0.086 / → ヒモ分散。1号艇1着固定で広めのヒモ流し推奨（買い目+2点）', 'tenji_trigger': '展示確認: ヒモ分散レース。1号艇伸び確認後、広めのヒモ流しを採用。穴ヒモ（5・6号艇）を積極的に含める。\n展示で1号艇スタート超安定(0.125秒)→ヒモ固まり方向に注意'}",,,25.7,逃げ狙い,13.61,25.3,3,,,,,,,,,,,
2025-08-08,丸亀,7,6,渡　修平,B1,30.48,6,,1.1147,1,27,2.3,0.2116,4.9186,,,0,低,148,0,-,6 441,0,22.3,0.6331,,,,,,0.0235,0.1906,0.1906,,,E,△,,0.1481,0.6,,0.7233,S,89,0,◎1着固定 2-3着流し（5〜8点）,0.5777,"{'is_target': True, 'verdict': '参加推奨', 'max_combo_prob': 0.0863, 'est_top_odds': 15.5, 'circle_concentration': 61.4, 'eligible_count': 6, 'bet_adj': 2, 'reason': 'rel_win1=65.5%（本命度） / 最有力組み合わせ確率: 0.086（推定実オッズ?16倍） / 2着集中度: 上位2艇 61.4%（補正+0.00） / 総合判定確率: 0.086 / → ヒモ分散。1号艇1着固定で広めのヒモ流し推奨（買い目+2点）', 'tenji_trigger': '展示確認: ヒモ分散レース。1号艇伸び確認後、広めのヒモ流しを採用。穴ヒモ（5・6号艇）を積極的に含める。\n展示で1号艇スタート超安定(0.125秒)→ヒモ固まり方向に注意'}",,,25.7,逃げ狙い,13.61,25.3,3,,,,,,,,,,,
2025-08-08,丸亀,8,1,石倉洋行,A1,40.29,1,◎,73.8886,,0,90.5,0.1333,2.5556,,,0,低,50,0,逃1%,442414,0,98,1.3775,0.75,,,,,0.0125,0.2,0.0125,◎,,B,◎,,,0.636,,0.5722,S,86,0,◎1着固定 2-3着流し（5〜8点）,0.5777,"{'is_target': True, 'verdict': '点数絞り', 'max_combo_prob': 0.1715, 'est_top_odds': 7.8, 'circle_concentration': 83.1, 'eligible_count': 6, 'bet_adj': 0, 'reason': 'rel_win1=73.9%（本命度） / 最有力組み合わせ確率: 0.171（推定実オッズ?8倍） / 2着集中度: 上位2艇 83.1%（補正+0.04） / 総合判定確率: 0.211 / → ヒモはやや固め。上位2艇以外を切ること', 'tenji_trigger': '展示確認: 1号艇伸び良→そのまま採用。悪→飛び組に差し替え。circle_pct上位2艇に絞り込むこと。\n展示で1号艇スタート超安定(0.133秒)→ヒモ固まり方向に注意'}",,,26.7,逃げ狙い,15.54,26.4,2,,,,,0,0,0.7559,0,,逃げ軸流し,A
2025-08-08,丸亀,8,2,加倉侑征,A2,29.30,2,▲,11.1242,60.1,94,62.1,0.1094,2.3409,,,0,低,56,0,-,S 4621,0,40.6,0.8821,0,0.0606,0.0606,0,0,0.2933,0.1333,0.16,,◎,D,○,,0.5524,0.6175,,0.5722,S,86,0,◎1着固定 2-3着流し（5〜8点）,0.5777,"{'is_target': True, 'verdict': '点数絞り', 'max_combo_prob': 0.1715, 'est_top_odds': 7.8, 'circle_concentration': 83.1, 'eligible_count': 6, 'bet_adj': 0, 'reason': 'rel_win1=73.9%（本命度） / 最有力組み合わせ確率: 0.171（推定実オッズ?8倍） / 2着集中度: 上位2艇 83.1%（補正+0.04） / 総合判定確率: 0.211 / → ヒモはやや固め。上位2艇以外を切ること', 'tenji_trigger': '展示確認: 1号艇伸び良→そのまま採用。悪→飛び組に差し替え。circle_pct上位2艇に絞り込むこと。\n展示で1号艇スタート超安定(0.133秒)→ヒモ固まり方向に注意'}",,,26.7,逃げ狙い,15.54,26.4,2,,,,,,,,,,,
2025-08-08,丸亀,8,3,長谷川親,B1,32.39,3,△,4.6113,11.4,73,20,0.1822,3.7917,,,0,低,166,0,-,5 156,0,42.7,1.0692,,,,,,0.1111,0.3778,0.2222,,,C,,,0.1373,0.605,,0.5722,S,86,0,◎1着固定 2-3着流し（5〜8点）,0.5777,"{'is_target': True, 'verdict': '点数絞り', 'max_combo_prob': 0.1715, 'est_top_odds': 7.8, 'circle_concentration': 83.1, 'eligible_count': 6, 'bet_adj': 0, 'reason': 'rel_win1=73.9%（本命度） / 最有力組み合わせ確率: 0.171（推定実オッズ?8倍） / 2着集中度: 上位2艇 83.1%（補正+0.04） / 総合判定確率: 0.211 / → ヒモはやや固め。上位2艇以外を切ること', 'tenji_trigger': '展示確認: 1号艇伸び良→そのまま採用。悪→飛び組に差し替え。circle_pct上位2艇に絞り込むこと。\n展示で1号艇スタート超安定(0.133秒)→ヒモ固まり方向に注意'}",,,26.7,逃げ狙い,15.54,26.4,2,,,,,,,,,,,
2025-08-08,丸亀,8,4,森安弘雅,A2,42.45,4,○,5.8253,23,100,48.4,0.1778,4,,,0,低,178,0,差0%,544455,0,44.5,0.9374,0,0.0345,0,0,0,0.0167,0.1833,0.2,,,A,△,,0.1045,0.6065,,0.5722,S,86,0,◎1着固定 2-3着流し（5〜8点）,0.5777,"{'is_target': True, 'verdict': '点数絞り', 'max_combo_prob': 0.1715, 'est_top_odds': 7.8, 'circle_concentration': 83.1, 'eligible_count': 6, 'bet_adj': 0, 'reason': 'rel_win1=73.9%（本命度） / 最有力組み合わせ確率: 0.171（推定実オッズ?8倍） / 2着集中度: 上位2艇 83.1%（補正+0.04） / 総合判定確率: 0.211 / → ヒモはやや固め。上位2艇以外を切ること', 'tenji_trigger': '展示確認: 1号艇伸び良→そのまま採用。悪→飛び組に差し替え。circle_pct上位2艇に絞り込むこと。\n展示で1号艇スタート超安定(0.133秒)→ヒモ固まり方向に注意'}",,,26.7,逃げ狙い,15.54,26.4,2,,,,,,,,,,,
2025-08-08,丸亀,8,5,坂井康嗣,B1,25.81,5,,3.5828,4.9,71,21.8,0.2065,4.3091,,,0,低,168,0,-,6 164,0,22.2,0.6305,0,0,0,0.04,0,0.28,0.32,0.32,,,E,△,,0.109,0.607,,0.5722,S,86,0,◎1着固定 2-3着流し（5〜8点）,0.5777,"{'is_target': True, 'verdict': '点数絞り', 'max_combo_prob': 0.1715, 'est_top_odds': 7.8, 'circle_concentration': 83.1, 'eligible_count': 6, 'bet_adj': 0, 'reason': 'rel_win1=73.9%（本命度） / 最有力組み合わせ確率: 0.171（推定実オッズ?8倍） / 2着集中度: 上位2艇 83.1%（補正+0.04） / 総合判定確率: 0.211 / → ヒモはやや固め。上位2艇以外を切ること', 'tenji_trigger': '展示確認: 1号艇伸び良→そのまま採用。悪→飛び組に差し替え。circle_pct上位2艇に絞り込むこと。\n展示で1号艇スタート超安定(0.133秒)→ヒモ固まり方向に注意'}",,,26.7,逃げ狙い,15.54,26.4,2,,,,,,,,,,,
2025-08-08,丸亀,8,6,西田和加,B2,31.94,6,,0.9677,0.6,15,0,0.2248,4.9516,,,0,低,88,0,-,6 666,0,22,0.6261,,,,,,0.4,0.4,0.2,,,D,,,0.1388,0.431,,0.5722,S,86,0,◎1着固定 2-3着流し（5〜8点）,0.5777,"{'is_target': True, 'verdict': '点数絞り', 'max_combo_prob': 0.1715, 'est_top_odds': 7.8, 'circle_concentration': 83.1, 'eligible_count': 6, 'bet_adj': 0, 'reason': 'rel_win1=73.9%（本命度） / 最有力組み合わせ確率: 0.171（推定実オッズ?8倍） / 2着集中度: 上位2艇 83.1%（補正+0.04） / 総合判定確率: 0.211 / → ヒモはやや固め。上位2艇以外を切ること', 'tenji_trigger': '展示確認: 1号艇伸び良→そのまま採用。悪→飛び組に差し替え。circle_pct上位2艇に絞り込むこと。\n展示で1号艇スタート超安定(0.133秒)→ヒモ固まり方向に注意'}",,,26.7,逃げ狙い,15.54,26.4,2,,,,,,,,,,,
2025-08-08,丸亀,9,1,麻生慎介,A2,42.65,1,◎,67.3507,,0,86.1,0.1578,2.8198,,,0,低,66,0,逃0%,421 32,0,96.9,1.3625,0.5952,,,,,0.0381,0.4362,0.0381,◎,,B,◎,,,0.661,,0.5936,S,98,0,◎1着固定 2-3着流し（5〜8点）,0.5777,"{'is_target': True, 'verdict': '参加推奨', 'max_combo_prob': 0.0962, 'est_top_odds': 13.9, 'circle_concentration': 66.7, 'eligible_count': 6, 'bet_adj': 2, 'reason': 'rel_win1=67.4%（本命度） / 最有力組み合わせ確率: 0.096（推定実オッズ?14倍） / 2着集中度: 上位2艇 66.7%（補正+0.00） / 総合判定確率: 0.096 / → ヒモ分散。1号艇1着固定で広めのヒモ流し推奨（買い目+2点）', 'tenji_trigger': '展示確認: ヒモ分散レース。1号艇伸び確認後、広めのヒモ流しを採用。穴ヒモ（5・6号艇）を積極的に含める。'}",,,28.8,逃げ狙い,13.79,33.9,4,,,,,0,0,0.7559,0,,逃げ軸流し,A
2025-08-08,丸亀,9,2,安田政彦,A2,39.09,2,△,10.8031,43.2,100,61.8,0.1902,4.0273,,,0,低,147,0,ま0%,2 3355,0,43.8,1.1712,0,0.0303,0.0606,0,0,0.2188,0.3285,0.1918,,,C,,,0.0646,0.5665,,0.5936,S,98,0,◎1着固定 2-3着流し（5〜8点）,0.5777,"{'is_target': True, 'verdict': '参加推奨', 'max_combo_prob': 0.0962, 'est_top_odds': 13.9, 'circle_concentration': 66.7, 'eligible_count': 6, 'bet_adj': 2, 'reason': 'rel_win1=67.4%（本命度） / 最有力組み合わせ確率: 0.096（推定実オッズ?14倍） / 2着集中度: 上位2艇 66.7%（補正+0.00） / 総合判定確率: 0.096 / → ヒモ分散。1号艇1着固定で広めのヒモ流し推奨（買い目+2点）', 'tenji_trigger': '展示確認: ヒモ分散レース。1号艇伸び確認後、広めのヒモ流しを採用。穴ヒモ（5・6号艇）を積極的に含める。'}",,,28.8,逃げ狙い,13.79,33.9,4,,,,,,,,,,,
2025-08-08,丸亀,9,3,新田智彰,B1,39.71,3,▲,10.3971,23.6,93,53.4,0.1726,3.2603,,,0,低,135,0,-,543 52,0,40.5,1.0823,0,0,0,0.0938,0,0.0593,0.3437,0.1644,,,C,○,,0.2678,0.625,,0.5936,S,98,0,◎1着固定 2-3着流し（5〜8点）,0.5777,"{'is_target': True, 'verdict': '参加推奨', 'max_combo_prob': 0.0962, 'est_top_odds': 13.9, 'circle_concentration': 66.7, 'eligible_count': 6, 'bet_adj': 2, 'reason': 'rel_win1=67.4%（本命度） / 最有力組み合わせ確率: 0.096（推定実オッズ?14倍） / 2着集中度: 上位2艇 66.7%（補正+0.00） / 総合判定確率: 0.096 / → ヒモ分散。1号艇1着固定で広めのヒモ流し推奨（買い目+2点）', 'tenji_trigger': '展示確認: ヒモ分散レース。1号艇伸び確認後、広めのヒモ流しを採用。穴ヒモ（5・6号艇）を積極的に含める。'}",,,28.8,逃げ狙い,13.79,33.9,4,,,,,,,,,,,
2025-08-08,丸亀,9,4,内山七海,B1,33.49,4,,5.2417,19.7,74,37.5,0.1642,3.7708,,,0,低,46,0,-,2 652,0,27,0.7832,0,0.0526,0,0,0,0.195,0.195,0.05,,,D,,,0.3237,0.5395,,0.5936,S,98,0,◎1着固定 2-3着流し（5〜8点）,0.5777,"{'is_target': True, 'verdict': '参加推奨', 'max_combo_prob': 0.0962, 'est_top_odds': 13.9, 'circle_concentration': 66.7, 'eligible_count': 6, 'bet_adj': 2, 'reason': 'rel_win1=67.4%（本命度） / 最有力組み合わせ確率: 0.096（推定実オッズ?14倍） / 2着集中度: 上位2艇 66.7%（補正+0.00） / 総合判定確率: 0.096 / → ヒモ分散。1号艇1着固定で広めのヒモ流し推奨（買い目+2点）', 'tenji_trigger': '展示確認: ヒモ分散レース。1号艇伸び確認後、広めのヒモ流しを採用。穴ヒモ（5・6号艇）を積極的に含める。'}",,,28.8,逃げ狙い,13.79,33.9,4,,,,,,,,,,,
2025-08-08,丸亀,9,5,西丸敦基,B1,30.05,5,,2.9929,12.6,83,35,0.1668,3.6667,,,0,低,113,0,-,335 35,0,45.8,1.0552,,,,,,0.0333,0.0667,0.3,,,E,△,,0.3503,0.6165,,0.5936,S,98,0,◎1着固定 2-3着流し（5〜8点）,0.5777,"{'is_target': True, 'verdict': '参加推奨', 'max_combo_prob': 0.0962, 'est_top_odds': 13.9, 'circle_concentration': 66.7, 'eligible_count': 6, 'bet_adj': 2, 'reason': 'rel_win1=67.4%（本命度） / 最有力組み合わせ確率: 0.096（推定実オッズ?14倍） / 2着集中度: 上位2艇 66.7%（補正+0.00） / 総合判定確率: 0.096 / → ヒモ分散。1号艇1着固定で広めのヒモ流し推奨（買い目+2点）', 'tenji_trigger': '展示確認: ヒモ分散レース。1号艇伸び確認後、広めのヒモ流しを採用。穴ヒモ（5・6号艇）を積極的に含める。'}",,,28.8,逃げ狙い,13.79,33.9,4,,,,,,,,,,,
2025-08-08,丸亀,9,6,國分将太,B1,48.29,6,○,3.2146,1,31,26.2,0.2107,4.8929,,,0,低,111,0,-,542 3,0,37,1.1667,,,,,,0,0.6154,0,,,A,△,,0.2071,0.585,,0.5936,S,98,0,◎1着固定 2-3着流し（5〜8点）,0.5777,"{'is_target': True, 'verdict': '参加推奨', 'max_combo_prob': 0.0962, 'est_top_odds': 13.9, 'circle_concentration': 66.7, 'eligible_count': 6, 'bet_adj': 2, 'reason': 'rel_win1=67.4%（本命度） / 最有力組み合わせ確率: 0.096（推定実オッズ?14倍） / 2着集中度: 上位2艇 66.7%（補正+0.00） / 総合判定確率: 0.096 / → ヒモ分散。1号艇1着固定で広めのヒモ流し推奨（買い目+2点）', 'tenji_trigger': '展示確認: ヒモ分散レース。1号艇伸び確認後、広めのヒモ流しを採用。穴ヒモ（5・6号艇）を積極的に含める。'}",,,28.8,逃げ狙い,13.79,33.9,4,,,,,,,,,,,
2025-08-08,丸亀,10,1,吉田凌太,A1,37.16,1,◎,64.7741,,0,88.4,0.1423,2.2464,,,0,低,100,0,逃1%,351223,0,89.2,1.1628,0.7632,,,,,0,0.0526,0.0316,◎,,B,,,,0.6095,,0.5987,S,90,0,◎1着固定 2-3着流し（5〜8点）,0.5777,"{'is_target': True, 'verdict': '参加推奨', 'max_combo_prob': 0.0752, 'est_top_odds': 17.7, 'circle_concentration': 69.7, 'eligible_count': 6, 'bet_adj': 2, 'reason': 'rel_win1=64.8%（本命度） / 最有力組み合わせ確率: 0.075（推定実オッズ?18倍） / 2着集中度: 上位2艇 69.7%（補正+0.00） / 総合判定確率: 0.075 / → ヒモ分散。1号艇1着固定で広めのヒモ流し推奨（買い目+2点）', 'tenji_trigger': '展示確認: ヒモ分散レース。1号艇伸び確認後、広めのヒモ流しを採用。穴ヒモ（5・6号艇）を積極的に含める。'}",,,25.1,逃げ狙い,14.24,23,3,,,,,0,0,0.7559,0,,逃げ軸流し,A
2025-08-08,丸亀,10,2,長尾萌加,B1,32.21,2,△,8.2016,42.6,76,40,0.164,3.8333,,,0,低,104,0,差0%,4 233,0,44.1,0.691,0,0.0667,0,0,0,0.28,0.6,0,,,D,,,0.097,0.563,,0.5987,S,90,0,◎1着固定 2-3着流し（5〜8点）,0.5777,"{'is_target': True, 'verdict': '参加推奨', 'max_combo_prob': 0.0752, 'est_top_odds': 17.7, 'circle_concentration': 69.7, 'eligible_count': 6, 'bet_adj': 2, 'reason': 'rel_win1=64.8%（本命度） / 最有力組み合わせ確率: 0.075（推定実オッズ?18倍） / 2着集中度: 上位2艇 69.7%（補正+0.00） / 総合判定確率: 0.075 / → ヒモ分散。1号艇1着固定で広めのヒモ流し推奨（買い目+2点）', 'tenji_trigger': '展示確認: ヒモ分散レース。1号艇伸び確認後、広めのヒモ流しを採用。穴ヒモ（5・6号艇）を積極的に含める。'}",,,25.1,逃げ狙い,14.24,23,3,,,,,,,,,,,
2025-08-08,丸亀,10,3,谷津幸宏,A1,39.61,3,○,16.076,27.1,95,62.1,0.1167,1.9848,,,0,低,52,0,-,463114,0,45.1,1.0417,0,0.0323,0,0.0968,0,0.0476,0.0714,0.119,,◎,B,◎,,0.4264,0.6535,,0.5987,S,90,0,◎1着固定 2-3着流し（5〜8点）,0.5777,"{'is_target': True, 'verdict': '参加推奨', 'max_combo_prob': 0.0752, 'est_top_odds': 17.7, 'circle_concentration': 69.7, 'eligible_count': 6, 'bet_adj': 2, 'reason': 'rel_win1=64.8%（本命度） / 最有力組み合わせ確率: 0.075（推定実オッズ?18倍） / 2着集中度: 上位2艇 69.7%（補正+0.00） / 総合判定確率: 0.075 / → ヒモ分散。1号艇1着固定で広めのヒモ流し推奨（買い目+2点）', 'tenji_trigger': '展示確認: ヒモ分散レース。1号艇伸び確認後、広めのヒモ流しを採用。穴ヒモ（5・6号艇）を積極的に含める。'}",,,25.1,逃げ狙い,14.24,23,3,,,,,,,,,,,
2025-08-08,丸亀,10,4,山崎義明,B1,34.15,4,▲,7.358,11.1,92,44.8,0.1376,2.791,,,0,低,95,0,差ま0%,125 43,0,21.5,0.5819,0,0,0.0417,0.0833,0,0.0833,0.3571,0.2714,,,C,○,◎,0.3139,0.6385,0.4312,0.5987,S,90,0,◎1着固定 2-3着流し（5〜8点）,0.5777,"{'is_target': True, 'verdict': '参加推奨', 'max_combo_prob': 0.0752, 'est_top_odds': 17.7, 'circle_concentration': 69.7, 'eligible_count': 6, 'bet_adj': 2, 'reason': 'rel_win1=64.8%（本命度） / 最有力組み合わせ確率: 0.075（推定実オッズ?18倍） / 2着集中度: 上位2艇 69.7%（補正+0.00） / 総合判定確率: 0.075 / → ヒモ分散。1号艇1着固定で広めのヒモ流し推奨（買い目+2点）', 'tenji_trigger': '展示確認: ヒモ分散レース。1号艇伸び確認後、広めのヒモ流しを採用。穴ヒモ（5・6号艇）を積極的に含める。'}",,,25.1,逃げ狙い,14.24,23,3,,,,,,,,,,,
2025-08-08,丸亀,10,5,小池礼乃,A2,33.33,5,,2.2054,14.5,80,34.5,0.1872,3.4138,,,0,低,61,0,-,216425,0,48.6,0.9893,,,,,,0.29,0.22,0,,,C,△,,0.1691,0.612,,0.5987,S,90,0,◎1着固定 2-3着流し（5〜8点）,0.5777,"{'is_target': True, 'verdict': '参加推奨', 'max_combo_prob': 0.0752, 'est_top_odds': 17.7, 'circle_concentration': 69.7, 'eligible_count': 6, 'bet_adj': 2, 'reason': 'rel_win1=64.8%（本命度） / 最有力組み合わせ確率: 0.075（推定実オッズ?18倍） / 2着集中度: 上位2艇 69.7%（補正+0.00） / 総合判定確率: 0.075 / → ヒモ分散。1号艇1着固定で広めのヒモ流し推奨（買い目+2点）', 'tenji_trigger': '展示確認: ヒモ分散レース。1号艇伸び確認後、広めのヒモ流しを採用。穴ヒモ（5・6号艇）を積極的に含める。'}",,,25.1,逃げ狙い,14.24,23,3,,,,,,,,,,,
2025-08-08,丸亀,10,6,平田健之,A2,31.22,6,,1.3849,4.7,100,35.6,0.1815,3.8644,,,0,低,124,0,-,311542,0,24.1,0.9556,,,,,,0.1375,0.025,0.125,,,D,△,,0.1853,0.6155,,0.5987,S,90,0,◎1着固定 2-3着流し（5〜8点）,0.5777,"{'is_target': True, 'verdict': '参加推奨', 'max_combo_prob': 0.0752, 'est_top_odds': 17.7, 'circle_concentration': 69.7, 'eligible_count': 6, 'bet_adj': 2, 'reason': 'rel_win1=64.8%（本命度） / 最有力組み合わせ確率: 0.075（推定実オッズ?18倍） / 2着集中度: 上位2艇 69.7%（補正+0.00） / 総合判定確率: 0.075 / → ヒモ分散。1号艇1着固定で広めのヒモ流し推奨（買い目+2点）', 'tenji_trigger': '展示確認: ヒモ分散レース。1号艇伸び確認後、広めのヒモ流しを採用。穴ヒモ（5・6号艇）を積極的に含める。'}",,,25.1,逃げ狙い,14.24,23,3,,,,,,,,,,,
2025-08-08,丸亀,11,1,丸岡正典,A1,38.73,1,◎,61.142,,0,90.2,0.1626,3.2213,,,0,低,100,0,逃1%,114441,0,74.7,0.9887,0.6471,,,,,0.0118,0.3042,0.1681,◎,,C,◎,,,0.667,,0.4518,S,80,0,◎1着固定 2-3着流し（5〜8点）,0.5777,"{'is_target': True, 'verdict': '点数絞り', 'max_combo_prob': 0.0937, 'est_top_odds': 14.2, 'circle_concentration': 71.7, 'eligible_count': 6, 'bet_adj': 0, 'reason': 'rel_win1=61.1%（本命度） / 最有力組み合わせ確率: 0.094（推定実オッズ?14倍） / 2着集中度: 上位2艇 71.7%（補正+0.04） / 総合判定確率: 0.134 / → ヒモはやや固め。上位2艇以外を切ること', 'tenji_trigger': '展示確認: 1号艇伸び良→そのまま採用。悪→飛び組に差し替え。circle_pct上位2艇に絞り込むこと。'}",,,28.7,逃げ狙い,16.12,31.7,3,,,,,0,0,0.7559,0,,逃げ軸流し,A
2025-08-08,丸亀,11,2,南　佑典,A2,32.71,2,,8.9499,45.2,58,69.5,0.1537,3.5593,,,0,低,162,0,差0%,331132,0,54.8,1.1016,0,0.0385,0,0,0,0.0138,0.2161,0.0552,,△,D,,,0.3978,0.6305,,0.4518,S,80,0,◎1着固定 2-3着流し（5〜8点）,0.5777,"{'is_target': True, 'verdict': '点数絞り', 'max_combo_prob': 0.0937, 'est_top_odds': 14.2, 'circle_concentration': 71.7, 'eligible_count': 6, 'bet_adj': 0, 'reason': 'rel_win1=61.1%（本命度） / 最有力組み合わせ確率: 0.094（推定実オッズ?14倍） / 2着集中度: 上位2艇 71.7%（補正+0.04） / 総合判定確率: 0.134 / → ヒモはやや固め。上位2艇以外を切ること', 'tenji_trigger': '展示確認: 1号艇伸び良→そのまま採用。悪→飛び組に差し替え。circle_pct上位2艇に絞り込むこと。'}",,,28.7,逃げ狙い,16.12,31.7,3,,,,,,,,,,,
2025-08-08,丸亀,11,3,石倉洋行,A1,40.29,3,○,16.1742,26.5,80,78.2,0.138,2.6182,,,0,低,50,0,差ま0%,442414,0,43.8,1.0646,0,0.15,0,0.1,0,0.0125,0.2,0.0125,,◎,B,△,,0.4655,0.636,,0.4518,S,80,0,◎1着固定 2-3着流し（5〜8点）,0.5777,"{'is_target': True, 'verdict': '点数絞り', 'max_combo_prob': 0.0937, 'est_top_odds': 14.2, 'circle_concentration': 71.7, 'eligible_count': 6, 'bet_adj': 0, 'reason': 'rel_win1=61.1%（本命度） / 最有力組み合わせ確率: 0.094（推定実オッズ?14倍） / 2着集中度: 上位2艇 71.7%（補正+0.04） / 総合判定確率: 0.134 / → ヒモはやや固め。上位2艇以外を切ること', 'tenji_trigger': '展示確認: 1号艇伸び良→そのまま採用。悪→飛び組に差し替え。circle_pct上位2艇に絞り込むこと。'}",,,28.7,逃げ狙い,16.12,31.7,3,,,,,,,,,,,
2025-08-08,丸亀,11,4,田中辰彦,A1,35.12,4,▲,8.1707,18,72,68.7,0.1439,3.1493,,,0,低,117,0,-,532343,0,26.4,0.7587,0,0,0,0.069,0,0.0114,0.2229,0.0571,,○,D,○,◎,0.4062,0.662,0.413,0.4518,S,80,0,◎1着固定 2-3着流し（5〜8点）,0.5777,"{'is_target': True, 'verdict': '点数絞り', 'max_combo_prob': 0.0937, 'est_top_odds': 14.2, 'circle_concentration': 71.7, 'eligible_count': 6, 'bet_adj': 0, 'reason': 'rel_win1=61.1%（本命度） / 最有力組み合わせ確率: 0.094（推定実オッズ?14倍） / 2着集中度: 上位2艇 71.7%（補正+0.04） / 総合判定確率: 0.134 / → ヒモはやや固め。上位2艇以外を切ること', 'tenji_trigger': '展示確認: 1号艇伸び良→そのまま採用。悪→飛び組に差し替え。circle_pct上位2艇に絞り込むこと。'}",,,28.7,逃げ狙い,16.12,31.7,3,,,,,,,,,,,
2025-08-08,丸亀,11,5,妹尾忠幸,A2,37.75,5,,3.0957,8.7,100,54.1,0.1585,3.4672,,,0,低,119,0,差ま0%,62123,0,84.4,1.4014,0,0,0,0.0435,0,0.0108,0.3328,0.1398,,,C,△,,0.3423,0.659,,0.4518,S,80,0,◎1着固定 2-3着流し（5〜8点）,0.5777,"{'is_target': True, 'verdict': '点数絞り', 'max_combo_prob': 0.0937, 'est_top_odds': 14.2, 'circle_concentration': 71.7, 'eligible_count': 6, 'bet_adj': 0, 'reason': 'rel_win1=61.1%（本命度） / 最有力組み合わせ確率: 0.094（推定実オッズ?14倍） / 2着集中度: 上位2艇 71.7%（補正+0.04） / 総合判定確率: 0.134 / → ヒモはやや固め。上位2艇以外を切ること', 'tenji_trigger': '展示確認: 1号艇伸び良→そのまま採用。悪→飛び組に差し替え。circle_pct上位2艇に絞り込むこと。'}",,,28.7,逃げ狙い,16.12,31.7,3,,,,,,,,,,,
2025-08-08,丸亀,11,6,村越　篤,B1,39.15,6,△,2.4675,1.6,43,21.8,0.184,4.4364,,,0,低,142,0,-,1 561,0,30.4,0.83,0,0.04,0,0,0,0.2516,0.0129,0.0774,,,B,◎,,0.26,0.667,,0.4518,S,80,0,◎1着固定 2-3着流し（5〜8点）,0.5777,"{'is_target': True, 'verdict': '点数絞り', 'max_combo_prob': 0.0937, 'est_top_odds': 14.2, 'circle_concentration': 71.7, 'eligible_count': 6, 'bet_adj': 0, 'reason': 'rel_win1=61.1%（本命度） / 最有力組み合わせ確率: 0.094（推定実オッズ?14倍） / 2着集中度: 上位2艇 71.7%（補正+0.04） / 総合判定確率: 0.134 / → ヒモはやや固め。上位2艇以外を切ること', 'tenji_trigger': '展示確認: 1号艇伸び良→そのまま採用。悪→飛び組に差し替え。circle_pct上位2艇に絞り込むこと。'}",,,28.7,逃げ狙い,16.12,31.7,3,,,,,,,,,,,
2025-08-08,丸亀,12,1,小原聡将,A2,46.12,1,◎,56.6816,,0,83.9,0.1452,2.4018,,,0,低,70,0,逃1%,113213,0,86.1,1.0851,0.64,,,,,0.0705,0.2051,0.016,◎,,A,○,,,0.67,,0.594,A,71,0,◎-○軸 3着3〜4艇流し（10〜15点）,0.5777,"{'is_target': True, 'verdict': '参加推奨', 'max_combo_prob': 0.0762, 'est_top_odds': 17.5, 'circle_concentration': 58.1, 'eligible_count': 8, 'bet_adj': 2, 'reason': 'rel_win1=56.7%（本命度） / 最有力組み合わせ確率: 0.076（推定実オッズ?18倍） / 2着集中度: 上位2艇 58.1%（補正+0.00） / 総合判定確率: 0.076 / → ヒモ分散。1号艇1着固定で広めのヒモ流し推奨（買い目+2点）', 'tenji_trigger': '展示確認: ヒモ分散レース。1号艇伸び確認後、広めのヒモ流しを採用。穴ヒモ（5・6号艇）を積極的に含める。'}",,,29.8,逃げ狙い,23.84,28.3,3,,,,,0,0,0.7559,0,,逃げ軸流し,A
2025-08-08,丸亀,12,2,天野友和,A2,35.24,2,,7.0654,34.1,92,69.3,0.1508,3.121,,,0,低,104,0,差0% ま0%,124123,0,52,1.0988,0,0.0345,0.0345,0,0,0.2341,0.1416,0.0216,,,C,◎,,0.2506,0.6795,,0.594,A,71,0,◎-○軸 3着3〜4艇流し（10〜15点）,0.5777,"{'is_target': True, 'verdict': '参加推奨', 'max_combo_prob': 0.0762, 'est_top_odds': 17.5, 'circle_concentration': 58.1, 'eligible_count': 8, 'bet_adj': 2, 'reason': 'rel_win1=56.7%（本命度） / 最有力組み合わせ確率: 0.076（推定実オッズ?18倍） / 2着集中度: 上位2艇 58.1%（補正+0.00） / 総合判定確率: 0.076 / → ヒモ分散。1号艇1着固定で広めのヒモ流し推奨（買い目+2点）', 'tenji_trigger': '展示確認: ヒモ分散レース。1号艇伸び確認後、広めのヒモ流しを採用。穴ヒモ（5・6号艇）を積極的に含める。'}",,,29.8,逃げ狙い,23.84,28.3,3,,,,,,,,,,,
2025-08-08,丸亀,12,3,上平真二,A1,30.10,3,,14.2013,21.3,67,72,0.1508,3.48,,,0,低,81,0,ま0% 差ま0%,233142,0,66.1,1.3694,0,0,0.0667,0.1333,0,0.1533,0.0333,0,,,E,,,0.2844,0.6155,,0.594,A,71,0,◎-○軸 3着3〜4艇流し（10〜15点）,0.5777,"{'is_target': True, 'verdict': '参加推奨', 'max_combo_prob': 0.0762, 'est_top_odds': 17.5, 'circle_concentration': 58.1, 'eligible_count': 8, 'bet_adj': 2, 'reason': 'rel_win1=56.7%（本命度） / 最有力組み合わせ確率: 0.076（推定実オッズ?18倍） / 2着集中度: 上位2艇 58.1%（補正+0.00） / 総合判定確率: 0.076 / → ヒモ分散。1号艇1着固定で広めのヒモ流し推奨（買い目+2点）', 'tenji_trigger': '展示確認: ヒモ分散レース。1号艇伸び確認後、広めのヒモ流しを採用。穴ヒモ（5・6号艇）を積極的に含める。'}",,,29.8,逃げ狙い,23.84,28.3,3,,,,,,,,,,,
2025-08-08,丸亀,12,4,清水敦揮,A1,40.49,4,▲,10.4387,18.6,100,66.1,0.1619,3.6949,,,0,低,120,0,差ま0% 抜0%,352331,0,74.7,1.34,0,0,0,0.1034,0.1034,0.0308,0.2115,0.1808,,,C,,○,0.2321,0.607,0.2796,0.594,A,71,0,◎-○軸 3着3〜4艇流し（10〜15点）,0.5777,"{'is_target': True, 'verdict': '参加推奨', 'max_combo_prob': 0.0762, 'est_top_odds': 17.5, 'circle_concentration': 58.1, 'eligible_count': 8, 'bet_adj': 2, 'reason': 'rel_win1=56.7%（本命度） / 最有力組み合わせ確率: 0.076（推定実オッズ?18倍） / 2着集中度: 上位2艇 58.1%（補正+0.00） / 総合判定確率: 0.076 / → ヒモ分散。1号艇1着固定で広めのヒモ流し推奨（買い目+2点）', 'tenji_trigger': '展示確認: ヒモ分散レース。1号艇伸び確認後、広めのヒモ流しを採用。穴ヒモ（5・6号艇）を積極的に含める。'}",,,29.8,逃げ狙い,23.84,28.3,3,,,,,,,,,,,
2025-08-08,丸亀,12,5,船岡洋一,A1,45.59,5,○,10.7619,23.9,50,73.2,0.1461,3.1585,,,0,低,67,0,差ま1%,123211,0,30.5,0.8014,0,0.05,0,0.15,0.05,0.0811,0.027,0.1081,,,B,△,◎,0.3023,0.6315,0.421,0.594,A,71,0,◎-○軸 3着3〜4艇流し（10〜15点）,0.5777,"{'is_target': True, 'verdict': '参加推奨', 'max_combo_prob': 0.0762, 'est_top_odds': 17.5, 'circle_concentration': 58.1, 'eligible_count': 8, 'bet_adj': 2, 'reason': 'rel_win1=56.7%（本命度） / 最有力組み合わせ確率: 0.076（推定実オッズ?18倍） / 2着集中度: 上位2艇 58.1%（補正+0.00） / 総合判定確率: 0.076 / → ヒモ分散。1号艇1着固定で広めのヒモ流し推奨（買い目+2点）', 'tenji_trigger': '展示確認: ヒモ分散レース。1号艇伸び確認後、広めのヒモ流しを採用。穴ヒモ（5・6号艇）を積極的に含める。'}",,,29.8,逃げ狙い,23.84,28.3,3,,,,,,,,,,,
2025-08-08,丸亀,12,6,梶山涼斗,B1,30.58,6,△,0.8512,2,37,15.6,0.1451,3.5111,,,0,低,51,0,-,332 25,0,28,0.8089,,,,,,0,0.0941,0.1671,,,D,△,,0.3111,0.624,,0.594,A,71,0,◎-○軸 3着3〜4艇流し（10〜15点）,0.5777,"{'is_target': True, 'verdict': '参加推奨', 'max_combo_prob': 0.0762, 'est_top_odds': 17.5, 'circle_concentration': 58.1, 'eligible_count': 8, 'bet_adj': 2, 'reason': 'rel_win1=56.7%（本命度） / 最有力組み合わせ確率: 0.076（推定実オッズ?18倍） / 2着集中度: 上位2艇 58.1%（補正+0.00） / 総合判定確率: 0.076 / → ヒモ分散。1号艇1着固定で広めのヒモ流し推奨（買い目+2点）', 'tenji_trigger': '展示確認: ヒモ分散レース。1号艇伸び確認後、広めのヒモ流しを採用。穴ヒモ（5・6号艇）を積極的に含める。'}",,,29.8,逃げ狙い,23.84,28.3,3,,,,,,,,,,,
2025-08-10,丸亀,1,1,星野政彦,B1,26.89,1,◎,52.9895,,0,65.8,0.1745,3.2763,,,0,低,79,0,逃0%,,0,76.4,0.884,0.3077,,,,,0.2308,0.0923,0.3231,○,,E,○,,,0.5745,,0.3768,B,52,0,◎○△フォーメーション（15〜20点）,0.5777,"{'is_target': True, 'verdict': '点数絞り', 'max_combo_prob': 0.1232, 'est_top_odds': 10.8, 'circle_concentration': 73.6, 'eligible_count': 9, 'bet_adj': 0, 'reason': 'rel_win1=53.0%（本命度） / 最有力組み合わせ確率: 0.123（推定実オッズ?11倍） / 2着集中度: 上位2艇 73.6%（補正+0.04） / 総合判定確率: 0.163 / → ヒモはやや固め。上位2艇以外を切ること', 'tenji_trigger': '展示確認: 1号艇伸び良→そのまま採用。悪→飛び組に差し替え。circle_pct上位2艇に絞り込むこと。'}",,,30.2,両建て推奨,15.43,36.5,3,,,,,0,0,0.6155,0,,逃げ軸流し,A
2025-08-10,丸亀,1,2,奥村明日,B1,31.94,2,,9.972,51.6,87,51.5,0.1894,3.4545,,,0,低,83,0,-,,0,48.5,0.6266,0,0,0.0909,0,0,0.6,0.1,0,,,C,,,0.1635,0.5175,,0.3768,B,52,0,◎○△フォーメーション（15〜20点）,0.5777,"{'is_target': True, 'verdict': '点数絞り', 'max_combo_prob': 0.1232, 'est_top_odds': 10.8, 'circle_concentration': 73.6, 'eligible_count': 9, 'bet_adj': 0, 'reason': 'rel_win1=53.0%（本命度） / 最有力組み合わせ確率: 0.123（推定実オッズ?11倍） / 2着集中度: 上位2艇 73.6%（補正+0.04） / 総合判定確率: 0.163 / → ヒモはやや固め。上位2艇以外を切ること', 'tenji_trigger': '展示確認: 1号艇伸び良→そのまま採用。悪→飛び組に差し替え。circle_pct上位2艇に絞り込むこと。'}",,,30.2,両建て推奨,15.43,36.5,3,,,,,,,,,,,
2025-08-10,丸亀,1,3,倉富大誠,B1,28.50,3,△,16.6427,22,100,51.2,0.1598,3.3659,,,0,低,133,0,ま0% 差ま0% 抜0%,,0,71.2,1.1717,0,0,0.12,0.04,0.04,0.25,0.225,0.05,,◎,D,△,,0.378,0.5365,,0.3768,B,52,0,◎○△フォーメーション（15〜20点）,0.5777,"{'is_target': True, 'verdict': '点数絞り', 'max_combo_prob': 0.1232, 'est_top_odds': 10.8, 'circle_concentration': 73.6, 'eligible_count': 9, 'bet_adj': 0, 'reason': 'rel_win1=53.0%（本命度） / 最有力組み合わせ確率: 0.123（推定実オッズ?11倍） / 2着集中度: 上位2艇 73.6%（補正+0.04） / 総合判定確率: 0.163 / → ヒモはやや固め。上位2艇以外を切ること', 'tenji_trigger': '展示確認: 1号艇伸び良→そのまま採用。悪→飛び組に差し替え。circle_pct上位2艇に絞り込むこと。'}",,,30.2,両建て推奨,15.43,36.5,3,,,,,,,,,,,
2025-08-10,丸亀,1,4,浅井　翼,B1,32.41,4,○,11.7533,10.1,50,11.1,0.1617,2.7361,,,0,低,93,0,ま0%,,0,51.3,0.7991,0,0,0.0588,0,0,0.3077,0.3077,0.1538,,,C,,,0.3396,0.4745,,0.3768,B,52,0,◎○△フォーメーション（15〜20点）,0.5777,"{'is_target': True, 'verdict': '点数絞り', 'max_combo_prob': 0.1232, 'est_top_odds': 10.8, 'circle_concentration': 73.6, 'eligible_count': 9, 'bet_adj': 0, 'reason': 'rel_win1=53.0%（本命度） / 最有力組み合わせ確率: 0.123（推定実オッズ?11倍） / 2着集中度: 上位2艇 73.6%（補正+0.04） / 総合判定確率: 0.163 / → ヒモはやや固め。上位2艇以外を切ること', 'tenji_trigger': '展示確認: 1号艇伸び良→そのまま採用。悪→飛び組に差し替え。circle_pct上位2艇に絞り込むこと。'}",,,30.2,両建て推奨,15.43,36.5,3,,,,,,,,,,,
2025-08-10,丸亀,1,5,孫崎百世,B2,38.50,5,▲,7.2967,13.7,43,22.2,0.1906,4.25,,,0,低,108,0,差ま0% 抜0%,,0,25.7,0.7867,0,0,0,0.0526,0.0526,0.1714,0.2571,0.3143,,,B,△,,0.2346,0.557,,0.3768,B,52,0,◎○△フォーメーション（15〜20点）,0.5777,"{'is_target': True, 'verdict': '点数絞り', 'max_combo_prob': 0.1232, 'est_top_odds': 10.8, 'circle_concentration': 73.6, 'eligible_count': 9, 'bet_adj': 0, 'reason': 'rel_win1=53.0%（本命度） / 最有力組み合わせ確率: 0.123（推定実オッズ?11倍） / 2着集中度: 上位2艇 73.6%（補正+0.04） / 総合判定確率: 0.163 / → ヒモはやや固め。上位2艇以外を切ること', 'tenji_trigger': '展示確認: 1号艇伸び良→そのまま採用。悪→飛び組に差し替え。circle_pct上位2艇に絞り込むこと。'}",,,30.2,両建て推奨,15.43,36.5,3,,,,,,,,,,,
2025-08-10,丸亀,1,6,増田　進,B1,34.58,6,,1.3459,2.6,29,13.9,0.2262,5.2692,,,0,低,192,0,-,,0,24,0.5506,,,,,,0.28,0.3333,0.14,,,B,◎,,0.1489,0.6315,,0.3768,B,52,0,◎○△フォーメーション（15〜20点）,0.5777,"{'is_target': True, 'verdict': '点数絞り', 'max_combo_prob': 0.1232, 'est_top_odds': 10.8, 'circle_concentration': 73.6, 'eligible_count': 9, 'bet_adj': 0, 'reason': 'rel_win1=53.0%（本命度） / 最有力組み合わせ確率: 0.123（推定実オッズ?11倍） / 2着集中度: 上位2艇 73.6%（補正+0.04） / 総合判定確率: 0.163 / → ヒモはやや固め。上位2艇以外を切ること', 'tenji_trigger': '展示確認: 1号艇伸び良→そのまま採用。悪→飛び組に差し替え。circle_pct上位2艇に絞り込むこと。'}",,,30.2,両建て推奨,15.43,36.5,3,,,,,,,,,,,
2025-08-10,丸亀,2,1,金子猛志,B1,29.86,1,◎,48.5185,,0,80,0.15,2.8846,,,0,低,109,0,-,,0,94.3,1.2872,0.3667,,,,,0.14,0.1,0.2,◎,,D,○,,,0.6455,,0.4953,A,68,0,◎-○軸 3着3〜4艇流し（10〜15点）,0.5777,"{'is_target': True, 'verdict': '参加推奨', 'max_combo_prob': 0.0734, 'est_top_odds': 18.2, 'circle_concentration': 68.6, 'eligible_count': 8, 'bet_adj': 2, 'reason': 'rel_win1=48.5%（本命度） / 最有力組み合わせ確率: 0.073（推定実オッズ?18倍） / 2着集中度: 上位2艇 68.6%（補正+0.00） / 総合判定確率: 0.073 / → ヒモ分散。1号艇1着固定で広めのヒモ流し推奨（買い目+2点）', 'tenji_trigger': '展示確認: ヒモ分散レース。1号艇伸び確認後、広めのヒモ流しを採用。穴ヒモ（5・6号艇）を積極的に含める。'}",,,28.1,逃げ狙い,15.55,30.4,2,,,,,0,0,0.7559,0,,逃げ軸流し,A
2025-08-10,丸亀,2,2,高田　綾,B1,38.86,2,○,21.149,29.8,100,61.9,0.189,4.4762,,,0,低,47,0,差0%,,0,39,0.9774,0,0.1333,0.0667,0,0,0,0.1538,0.2308,,,B,,,0.0992,0.5525,,0.4953,A,68,0,◎-○軸 3着3〜4艇流し（10〜15点）,0.5777,"{'is_target': True, 'verdict': '参加推奨', 'max_combo_prob': 0.0734, 'est_top_odds': 18.2, 'circle_concentration': 68.6, 'eligible_count': 8, 'bet_adj': 2, 'reason': 'rel_win1=48.5%（本命度） / 最有力組み合わせ確率: 0.073（推定実オッズ?18倍） / 2着集中度: 上位2艇 68.6%（補正+0.00） / 総合判定確率: 0.073 / → ヒモ分散。1号艇1着固定で広めのヒモ流し推奨（買い目+2点）', 'tenji_trigger': '展示確認: ヒモ分散レース。1号艇伸び確認後、広めのヒモ流しを採用。穴ヒモ（5・6号艇）を積極的に含める。'}",,,28.1,逃げ狙い,15.55,30.4,2,,,,,,,,,,,
2025-08-10,丸亀,2,3,奥田　誠,B1,29.02,3,,11.1493,38.9,73,54.7,0.172,3.6094,,,0,低,163,0,差0% ま0%,,0,43.3,1.0535,0,0.0323,0.0645,0,0,0.1771,0.0571,0.139,,,D,△,,0.1938,0.6205,,0.4953,A,68,0,◎-○軸 3着3〜4艇流し（10〜15点）,0.5777,"{'is_target': True, 'verdict': '参加推奨', 'max_combo_prob': 0.0734, 'est_top_odds': 18.2, 'circle_concentration': 68.6, 'eligible_count': 8, 'bet_adj': 2, 'reason': 'rel_win1=48.5%（本命度） / 最有力組み合わせ確率: 0.073（推定実オッズ?18倍） / 2着集中度: 上位2艇 68.6%（補正+0.00） / 総合判定確率: 0.073 / → ヒモ分散。1号艇1着固定で広めのヒモ流し推奨（買い目+2点）', 'tenji_trigger': '展示確認: ヒモ分散レース。1号艇伸び確認後、広めのヒモ流しを採用。穴ヒモ（5・6号艇）を積極的に含める。'}",,,28.1,逃げ狙い,15.55,30.4,2,,,,,,,,,,,
2025-08-10,丸亀,2,4,守屋大地,B1,30.28,4,△,7.743,9.7,85,37,0.1786,4.2037,,,0,低,180,0,差0%,,0,19.7,0.5417,0,0.0312,0,0.0312,0,0.5236,0.1927,0.0727,,,D,◎,,0.1854,0.654,,0.4953,A,68,0,◎-○軸 3着3〜4艇流し（10〜15点）,0.5777,"{'is_target': True, 'verdict': '参加推奨', 'max_combo_prob': 0.0734, 'est_top_odds': 18.2, 'circle_concentration': 68.6, 'eligible_count': 8, 'bet_adj': 2, 'reason': 'rel_win1=48.5%（本命度） / 最有力組み合わせ確率: 0.073（推定実オッズ?18倍） / 2着集中度: 上位2艇 68.6%（補正+0.00） / 総合判定確率: 0.073 / → ヒモ分散。1号艇1着固定で広めのヒモ流し推奨（買い目+2点）', 'tenji_trigger': '展示確認: ヒモ分散レース。1号艇伸び確認後、広めのヒモ流しを採用。穴ヒモ（5・6号艇）を積極的に含める。'}",,,28.1,逃げ狙い,15.55,30.4,2,,,,,,,,,,,
2025-08-10,丸亀,2,5,藤田俊祐,A2,36.53,5,▲,10.1943,18.8,55,50,0.1566,3.1562,,,0,低,73,0,-,,0,81.3,1.5457,,,,,,0.0211,0.0421,0.2632,,,B,,,0.3079,0.5695,,0.4953,A,68,0,◎-○軸 3着3〜4艇流し（10〜15点）,0.5777,"{'is_target': True, 'verdict': '参加推奨', 'max_combo_prob': 0.0734, 'est_top_odds': 18.2, 'circle_concentration': 68.6, 'eligible_count': 8, 'bet_adj': 2, 'reason': 'rel_win1=48.5%（本命度） / 最有力組み合わせ確率: 0.073（推定実オッズ?18倍） / 2着集中度: 上位2艇 68.6%（補正+0.00） / 総合判定確率: 0.073 / → ヒモ分散。1号艇1着固定で広めのヒモ流し推奨（買い目+2点）', 'tenji_trigger': '展示確認: ヒモ分散レース。1号艇伸び確認後、広めのヒモ流しを採用。穴ヒモ（5・6号艇）を積極的に含める。'}",,,28.1,逃げ狙い,15.55,30.4,2,,,,,,,,,,,
2025-08-10,丸亀,2,6,宮迫暢彦,B1,32.72,6,,1.2459,2.9,17,14,0.2222,4.91,,,0,低,138,0,-,,0,25.1,0.8022,,,,,,0.25,0.2,0.1,,,C,△,,0.15,0.594,,0.4953,A,68,0,◎-○軸 3着3〜4艇流し（10〜15点）,0.5777,"{'is_target': True, 'verdict': '参加推奨', 'max_combo_prob': 0.0734, 'est_top_odds': 18.2, 'circle_concentration': 68.6, 'eligible_count': 8, 'bet_adj': 2, 'reason': 'rel_win1=48.5%（本命度） / 最有力組み合わせ確率: 0.073（推定実オッズ?18倍） / 2着集中度: 上位2艇 68.6%（補正+0.00） / 総合判定確率: 0.073 / → ヒモ分散。1号艇1着固定で広めのヒモ流し推奨（買い目+2点）', 'tenji_trigger': '展示確認: ヒモ分散レース。1号艇伸び確認後、広めのヒモ流しを採用。穴ヒモ（5・6号艇）を積極的に含める。'}",,,28.1,逃げ狙い,15.55,30.4,2,,,,,,,,,,,
2025-08-10,丸亀,3,1,長谷川充,B1,28.11,1,◎,56.0739,,0,78.1,0.1739,3.6094,,,0,低,187,0,逃0%,,0,100,2.5994,0.4074,,,,,0.1941,0.3289,0.0444,△,,D,△,,,0.6205,,0.3203,A,76,0,◎-○軸 3着3〜4艇流し（10〜15点）,0.5777,"{'is_target': True, 'verdict': '参加推奨', 'max_combo_prob': 0.066, 'est_top_odds': 20.2, 'circle_concentration': 61.5, 'eligible_count': 8, 'bet_adj': 2, 'reason': 'rel_win1=56.1%（本命度） / 最有力組み合わせ確率: 0.066（推定実オッズ?20倍） / 2着集中度: 上位2艇 61.5%（補正+0.00） / 総合判定確率: 0.066 / → ヒモ分散。1号艇1着固定で広めのヒモ流し推奨（買い目+2点）', 'tenji_trigger': '展示確認: ヒモ分散レース。1号艇伸び確認後、広めのヒモ流しを採用。穴ヒモ（5・6号艇）を積極的に含める。'}",,,29,逃げ狙い,11.73,36.4,4,3-1-4|1-2-3|1-3-2|1-2-6|1-3-6|1-4-3,5-1-6|4-1-5|4-1-6|5-1-2|3-1-4|5-6-1|5-2-1|1-2-3|1-3-2|1-2-6|1-3-6|1-4-3,3-1-4:2.03%|1-2-3:6.54%|1-3-2:5.51%|1-2-6:5.4%|1-3-6:4.73%|1-4-3:4.61%,3-1-4:B_main|1-2-3:A|1-3-2:A|1-2-6:A|1-3-6:A|1-4-3:A,6,12,0.4535,1,[!]見送り推奨（主役決まり手「まくり差し」― 逃げ劣勢レースで的中実績なし）,荒れ広め,D
2025-08-10,丸亀,3,2,大島隆乃,B1,31.82,2,,9.575,37.1,100,51.3,0.1674,4.1026,,,0,低,77,0,差0%,,0,59.7,0.8483,0,0.0556,0,0,0,0,0.3333,0,,△,C,△,,0.4054,0.6445,,0.3203,A,76,0,◎-○軸 3着3〜4艇流し（10〜15点）,0.5777,"{'is_target': True, 'verdict': '参加推奨', 'max_combo_prob': 0.066, 'est_top_odds': 20.2, 'circle_concentration': 61.5, 'eligible_count': 8, 'bet_adj': 2, 'reason': 'rel_win1=56.1%（本命度） / 最有力組み合わせ確率: 0.066（推定実オッズ?20倍） / 2着集中度: 上位2艇 61.5%（補正+0.00） / 総合判定確率: 0.066 / → ヒモ分散。1号艇1着固定で広めのヒモ流し推奨（買い目+2点）', 'tenji_trigger': '展示確認: ヒモ分散レース。1号艇伸び確認後、広めのヒモ流しを採用。穴ヒモ（5・6号艇）を積極的に含める。'}",,,29,逃げ狙い,11.73,36.4,4,,,,,,,,,,,
2025-08-10,丸亀,3,3,井手良太,B1,34.42,3,○,16.2142,24.4,92,58.3,0.1385,2.9375,,,0,低,50,0,-,,0,49.6,1.2727,0,0.0667,0.0667,0.1333,0,0.0421,0.2632,0.2053,,◎,C,◎,,0.5283,0.667,,0.3203,A,76,0,◎-○軸 3着3〜4艇流し（10〜15点）,0.5777,"{'is_target': True, 'verdict': '参加推奨', 'max_combo_prob': 0.066, 'est_top_odds': 20.2, 'circle_concentration': 61.5, 'eligible_count': 8, 'bet_adj': 2, 'reason': 'rel_win1=56.1%（本命度） / 最有力組み合わせ確率: 0.066（推定実オッズ?20倍） / 2着集中度: 上位2艇 61.5%（補正+0.00） / 総合判定確率: 0.066 / → ヒモ分散。1号艇1着固定で広めのヒモ流し推奨（買い目+2点）', 'tenji_trigger': '展示確認: ヒモ分散レース。1号艇伸び確認後、広めのヒモ流しを採用。穴ヒモ（5・6号艇）を積極的に含める。'}",,,29,逃げ狙い,11.73,36.4,4,,,,,,,,,,,
2025-08-10,丸亀,3,4,中田夕貴,A2,36.20,4,△,10.2519,22.4,66,43.8,0.17,3.625,,,0,低,68,0,-,,0,42.6,1.034,,,,,,0.1927,0.3127,0,,,B,,,0.3746,0.5955,,0.3203,A,76,0,◎-○軸 3着3〜4艇流し（10〜15点）,0.5777,"{'is_target': True, 'verdict': '参加推奨', 'max_combo_prob': 0.066, 'est_top_odds': 20.2, 'circle_concentration': 61.5, 'eligible_count': 8, 'bet_adj': 2, 'reason': 'rel_win1=56.1%（本命度） / 最有力組み合わせ確率: 0.066（推定実オッズ?20倍） / 2着集中度: 上位2艇 61.5%（補正+0.00） / 総合判定確率: 0.066 / → ヒモ分散。1号艇1着固定で広めのヒモ流し推奨（買い目+2点）', 'tenji_trigger': '展示確認: ヒモ分散レース。1号艇伸び確認後、広めのヒモ流しを採用。穴ヒモ（5・6号艇）を積極的に含める。'}",,,29,逃げ狙い,11.73,36.4,4,,,,,,,,,,,
2025-08-10,丸亀,3,5,栗原直也,B1,26.42,5,,5.1796,15.2,88,47.5,0.1831,3.7458,,,0,低,181,0,差ま0%,,0,26.8,1.3036,0,0,0,0.0357,0,0.0952,0.2333,0.0571,,,E,,,0.299,0.6005,,0.3203,A,76,0,◎-○軸 3着3〜4艇流し（10〜15点）,0.5777,"{'is_target': True, 'verdict': '参加推奨', 'max_combo_prob': 0.066, 'est_top_odds': 20.2, 'circle_concentration': 61.5, 'eligible_count': 8, 'bet_adj': 2, 'reason': 'rel_win1=56.1%（本命度） / 最有力組み合わせ確率: 0.066（推定実オッズ?20倍） / 2着集中度: 上位2艇 61.5%（補正+0.00） / 総合判定確率: 0.066 / → ヒモ分散。1号艇1着固定で広めのヒモ流し推奨（買い目+2点）', 'tenji_trigger': '展示確認: ヒモ分散レース。1号艇伸び確認後、広めのヒモ流しを採用。穴ヒモ（5・6号艇）を積極的に含める。'}",,,29,逃げ狙い,11.73,36.4,4,,,,,,,,,,,
2025-08-10,丸亀,3,6,梶野学志,A1,40.65,6,▲,2.7053,0.9,44,33.3,0.1592,3.7604,,,0,低,97,0,-,,0,40,1.0389,0,0,0,0,0.0526,0.0138,0.1164,0.0276,,○,B,○,,0.41,0.656,,0.3203,A,76,0,◎-○軸 3着3〜4艇流し（10〜15点）,0.5777,"{'is_target': True, 'verdict': '参加推奨', 'max_combo_prob': 0.066, 'est_top_odds': 20.2, 'circle_concentration': 61.5, 'eligible_count': 8, 'bet_adj': 2, 'reason': 'rel_win1=56.1%（本命度） / 最有力組み合わせ確率: 0.066（推定実オッズ?20倍） / 2着集中度: 上位2艇 61.5%（補正+0.00） / 総合判定確率: 0.066 / → ヒモ分散。1号艇1着固定で広めのヒモ流し推奨（買い目+2点）', 'tenji_trigger': '展示確認: ヒモ分散レース。1号艇伸び確認後、広めのヒモ流しを採用。穴ヒモ（5・6号艇）を積極的に含める。'}",,,29,逃げ狙い,11.73,36.4,4,,,,,,,,,,,
2025-08-10,丸亀,4,1,笠野友紀,B1,33.64,1,◎,42.5095,,0,55,0.2105,4.05,,,0,低,82,0,逃0%,,0,47.1,0.7321,0.2308,,,,,0.3631,0.3631,0.1508,,,B,,,,0.5555,,0.1175,D,34,1,大荒れ。見送り推奨,0.5777,"{'is_target': False, 'verdict': '対象外', 'max_combo_prob': None, 'est_top_odds': None, 'circle_concentration': None, 'eligible_count': 0, 'bet_adj': 0, 'reason': '1号艇rel_win1 < 45%: 通常判定に委ねる', 'tenji_trigger': ''}",,,40.1,両建て推奨,20.57,46.2,3,2-1-3|2-1-4|2-3-1|2-1-5|2-3-4|2-4-1|2-4-3|1-2-4|1-2-3|1-3-4|1-3-2,2-1-3|2-1-4|2-3-1|2-1-5|2-3-4|2-4-1|2-4-3|1-2-4|1-2-3|1-3-4|1-3-2|5-1-6,2-1-3:3.64%|2-1-4:3.37%|2-3-1:1.09%|2-1-5:1.08%|2-3-4:0.82%|2-4-1:0.49%|2-4-3:0.4%|1-2-4:5.6%|1-2-3:5.31%|1-3-4:4.62%|1-3-2:4.37%,2-1-3:B_main|2-1-4:B_main|2-3-1:B_main|2-1-5:B_main|2-3-4:B_main|2-4-1:B_main|2-4-3:B_main|1-2-4:A|1-2-3:A|1-3-4:A|1-3-2:A,11,12,0.2915,1,[!]見送り推奨（主役決まり手「差し」― 逃げ劣勢レースで的中実績なし）,主役軸流し,B
2025-08-10,丸亀,4,2,石渡翔一,B1,30.84,2,△,16.1304,33.6,100,57.7,0.1675,3.4423,,,0,低,77,0,差0% ま0%,,0,58.7,0.9898,0,0.3529,0.0588,0,0,0.1538,0.0769,0.1538,,◎,D,△,,0.6839,0.6015,,0.1175,D,34,1,大荒れ。見送り推奨,0.5777,"{'is_target': False, 'verdict': '対象外', 'max_combo_prob': None, 'est_top_odds': None, 'circle_concentration': None, 'eligible_count': 0, 'bet_adj': 0, 'reason': '1号艇rel_win1 < 45%: 通常判定に委ねる', 'tenji_trigger': ''}",,,40.1,両建て推奨,20.57,46.2,3,,,,,,,,,,,
2025-08-10,丸亀,4,3,中村日向,A1,30.94,3,▲,21.0334,29.6,98,67.9,0.1311,2.6786,,,0,低,40,0,-,,0,75.1,1.1915,0,0,0.1429,0.2143,0,0.1538,0.0769,0,,○,C,◎,,0.5573,0.645,,0.1175,D,34,1,大荒れ。見送り推奨,0.5777,"{'is_target': False, 'verdict': '対象外', 'max_combo_prob': None, 'est_top_odds': None, 'circle_concentration': None, 'eligible_count': 0, 'bet_adj': 0, 'reason': '1号艇rel_win1 < 45%: 通常判定に委ねる', 'tenji_trigger': ''}",,,40.1,両建て推奨,20.57,46.2,3,,,,,,,,,,,
2025-08-10,丸亀,4,4,石田貴洋,B1,36.07,4,○,13.8967,21.4,64,55.6,0.1294,2.6852,,,0,低,85,0,-,,0,50.4,0.8502,0,0,0.0909,0,0,0.0364,0.1745,0.0909,,△,B,△,◎,0.5252,0.616,0.4111,0.1175,D,34,1,大荒れ。見送り推奨,0.5777,"{'is_target': False, 'verdict': '対象外', 'max_combo_prob': None, 'est_top_odds': None, 'circle_concentration': None, 'eligible_count': 0, 'bet_adj': 0, 'reason': '1号艇rel_win1 < 45%: 通常判定に委ねる', 'tenji_trigger': ''}",,,40.1,両建て推奨,20.57,46.2,3,,,,,,,,,,,
2025-08-10,丸亀,4,5,丸山祐也,B1,29.91,5,,3.1807,8.2,86,20,0.238,4.5429,,,0,低,130,0,-,,0,45.6,1.1471,,,,,,0.125,0.25,0.25,,,D,,,0.2783,0.558,,0.1175,D,34,1,大荒れ。見送り推奨,0.5777,"{'is_target': False, 'verdict': '対象外', 'max_combo_prob': None, 'est_top_odds': None, 'circle_concentration': None, 'eligible_count': 0, 'bet_adj': 0, 'reason': '1号艇rel_win1 < 45%: 通常判定に委ねる', 'tenji_trigger': ''}",,,40.1,両建て推奨,20.57,46.2,3,,,,,,,,,,,
2025-08-10,丸亀,4,6,三宅　潤,A2,32.72,6,,3.2494,7.3,48,29.5,0.2152,5.2377,,,0,低,174,0,-,,0,24.9,0.7553,,,,,,0.0222,0.0444,0.2111,,,C,○,,0.3495,0.6355,,0.1175,D,34,1,大荒れ。見送り推奨,0.5777,"{'is_target': False, 'verdict': '対象外', 'max_combo_prob': None, 'est_top_odds': None, 'circle_concentration': None, 'eligible_count': 0, 'bet_adj': 0, 'reason': '1号艇rel_win1 < 45%: 通常判定に委ねる', 'tenji_trigger': ''}",,,40.1,両建て推奨,20.57,46.2,3,,,,,,,,,,,
2025-08-10,丸亀,5,1,齋藤　勇,B1,38.71,1,◎,46.5986,,0,63.3,0.1525,3.1583,,,0,低,151,0,-,,0,69.4,1.059,0.2593,,,,,0.2741,0.4148,0.0444,○,,C,,,,0.5935,,0.3565,B,49,0,◎○△フォーメーション（15〜20点）,0.5777,"{'is_target': True, 'verdict': '参加推奨', 'max_combo_prob': 0.0637, 'est_top_odds': 20.9, 'circle_concentration': 65.1, 'eligible_count': 9, 'bet_adj': 2, 'reason': 'rel_win1=46.6%（本命度） / 最有力組み合わせ確率: 0.064（推定実オッズ?21倍） / 2着集中度: 上位2艇 65.1%（補正+0.00） / 総合判定確率: 0.064 / → ヒモ分散。1号艇1着固定で広めのヒモ流し推奨（買い目+2点）', 'tenji_trigger': '展示確認: ヒモ分散レース。1号艇伸び確認後、広めのヒモ流しを採用。穴ヒモ（5・6号艇）を積極的に含める。'}",,,32.8,両建て推奨,18.38,41.6,4,,,,,0,0,0.6155,0,,主役軸流し,B
2025-08-10,丸亀,5,2,黒田　剛,B1,30.50,2,,8.3534,22,100,34,0.1374,2.8191,,,0,低,91,0,-,,0,48.2,0.6076,,,,,,0.4667,0.2,0,,◎,E,,,0.5196,0.56,,0.3565,B,49,0,◎○△フォーメーション（15〜20点）,0.5777,"{'is_target': True, 'verdict': '参加推奨', 'max_combo_prob': 0.0637, 'est_top_odds': 20.9, 'circle_concentration': 65.1, 'eligible_count': 9, 'bet_adj': 2, 'reason': 'rel_win1=46.6%（本命度） / 最有力組み合わせ確率: 0.064（推定実オッズ?21倍） / 2着集中度: 上位2艇 65.1%（補正+0.00） / 総合判定確率: 0.064 / → ヒモ分散。1号艇1着固定で広めのヒモ流し推奨（買い目+2点）', 'tenji_trigger': '展示確認: ヒモ分散レース。1号艇伸び確認後、広めのヒモ流しを採用。穴ヒモ（5・6号艇）を積極的に含める。'}",,,32.8,両建て推奨,18.38,41.6,4,,,,,,,,,,,
2025-08-10,丸亀,5,3,赤澤文香,B1,31.16,3,,12.9364,36.5,71,52,0.196,4.14,,,0,低,80,0,差ま0%,,0,35.4,1.0625,0,0,0,0.0909,0,0.3077,0.2308,0.0769,,,D,△,,0.1751,0.5955,,0.3565,B,49,0,◎○△フォーメーション（15〜20点）,0.5777,"{'is_target': True, 'verdict': '参加推奨', 'max_combo_prob': 0.0637, 'est_top_odds': 20.9, 'circle_concentration': 65.1, 'eligible_count': 9, 'bet_adj': 2, 'reason': 'rel_win1=46.6%（本命度） / 最有力組み合わせ確率: 0.064（推定実オッズ?21倍） / 2着集中度: 上位2艇 65.1%（補正+0.00） / 総合判定確率: 0.064 / → ヒモ分散。1号艇1着固定で広めのヒモ流し推奨（買い目+2点）', 'tenji_trigger': '展示確認: ヒモ分散レース。1号艇伸び確認後、広めのヒモ流しを採用。穴ヒモ（5・6号艇）を積極的に含める。'}",,,32.8,両建て推奨,18.38,41.6,4,,,,,,,,,,,
2025-08-10,丸亀,5,4,田中駿兵,A2,39.15,4,▲,20.2504,28.6,52,43.9,0.1595,3.3902,,,0,低,67,0,-,,0,100,2.0581,0,0,0.1333,0,0,0,0.1176,0,,,C,△,◎,0.3494,0.6065,0.188,0.3565,B,49,0,◎○△フォーメーション（15〜20点）,0.5777,"{'is_target': True, 'verdict': '参加推奨', 'max_combo_prob': 0.0637, 'est_top_odds': 20.9, 'circle_concentration': 65.1, 'eligible_count': 9, 'bet_adj': 2, 'reason': 'rel_win1=46.6%（本命度） / 最有力組み合わせ確率: 0.064（推定実オッズ?21倍） / 2着集中度: 上位2艇 65.1%（補正+0.00） / 総合判定確率: 0.064 / → ヒモ分散。1号艇1着固定で広めのヒモ流し推奨（買い目+2点）', 'tenji_trigger': '展示確認: ヒモ分散レース。1号艇伸び確認後、広めのヒモ流しを採用。穴ヒモ（5・6号艇）を積極的に含める。'}",,,32.8,両建て推奨,18.38,41.6,4,,,,,,,,,,,
2025-08-10,丸亀,5,5,村田　敦,B1,39.63,5,○,5.1334,1.7,41,17.9,0.1291,2.8036,,,0,低,81,0,-,,0,28.6,0.669,,,,,,0.22,0.02,0.42,,○,B,○,,0.4463,0.6445,,0.3565,B,49,0,◎○△フォーメーション（15〜20点）,0.5777,"{'is_target': True, 'verdict': '参加推奨', 'max_combo_prob': 0.0637, 'est_top_odds': 20.9, 'circle_concentration': 65.1, 'eligible_count': 9, 'bet_adj': 2, 'reason': 'rel_win1=46.6%（本命度） / 最有力組み合わせ確率: 0.064（推定実オッズ?21倍） / 2着集中度: 上位2艇 65.1%（補正+0.00） / 総合判定確率: 0.064 / → ヒモ分散。1号艇1着固定で広めのヒモ流し推奨（買い目+2点）', 'tenji_trigger': '展示確認: ヒモ分散レース。1号艇伸び確認後、広めのヒモ流しを採用。穴ヒモ（5・6号艇）を積極的に含める。'}",,,32.8,両建て推奨,18.38,41.6,4,,,,,,,,,,,
2025-08-10,丸亀,5,6,高橋竜矢,A1,46.48,6,△,6.7278,11.2,74,52.3,0.16,3.6477,,,0,低,31,0,差0%,,0,25.2,1.1017,0,0.0455,0,0,0.0455,0,0.0417,0.0833,,,A,◎,,0.3184,0.6585,,0.3565,B,49,0,◎○△フォーメーション（15〜20点）,0.5777,"{'is_target': True, 'verdict': '参加推奨', 'max_combo_prob': 0.0637, 'est_top_odds': 20.9, 'circle_concentration': 65.1, 'eligible_count': 9, 'bet_adj': 2, 'reason': 'rel_win1=46.6%（本命度） / 最有力組み合わせ確率: 0.064（推定実オッズ?21倍） / 2着集中度: 上位2艇 65.1%（補正+0.00） / 総合判定確率: 0.064 / → ヒモ分散。1号艇1着固定で広めのヒモ流し推奨（買い目+2点）', 'tenji_trigger': '展示確認: ヒモ分散レース。1号艇伸び確認後、広めのヒモ流しを採用。穴ヒモ（5・6号艇）を積極的に含める。'}",,,32.8,両建て推奨,18.38,41.6,4,,,,,,,,,,,
2025-08-10,丸亀,6,1,浦野　海,A2,30.84,1,◎,50.6191,,0,82.3,0.1265,2.2353,,,0,低,75,0,逃1%,,0,68.2,1.0451,0.5556,,,,,0,0.1111,0.1422,◎,,C,△,,,0.579,,0.6263,A,65,0,◎-○軸 3着3〜4艇流し（10〜15点）,0.5777,"{'is_target': True, 'verdict': '点数絞り', 'max_combo_prob': 0.1054, 'est_top_odds': 12.7, 'circle_concentration': 80.5, 'eligible_count': 8, 'bet_adj': 0, 'reason': 'rel_win1=50.6%（本命度） / 最有力組み合わせ確率: 0.105（推定実オッズ?13倍） / 2着集中度: 上位2艇 80.5%（補正+0.04） / 総合判定確率: 0.145 / → ヒモはやや固め。上位2艇以外を切ること', 'tenji_trigger': '展示確認: 1号艇伸び良→そのまま採用。悪→飛び組に差し替え。circle_pct上位2艇に絞り込むこと。\n展示で1号艇スタート超安定(0.127秒)→ヒモ固まり方向に注意'}",,,29,逃げ狙い,23.32,26.5,3,,,,,0,0,0.7559,0,,逃げ軸流し,A
2025-08-10,丸亀,6,2,倉富大誠,B1,28.50,2,,11.882,31,100,55.6,0.1942,4.1944,,,0,低,133,0,差0% ま0%,,0,26.3,0.9114,0,0.0476,0.1429,0,0,0.25,0.225,0.05,,,D,△,,0.0722,0.5365,,0.6263,A,65,0,◎-○軸 3着3〜4艇流し（10〜15点）,0.5777,"{'is_target': True, 'verdict': '点数絞り', 'max_combo_prob': 0.1054, 'est_top_odds': 12.7, 'circle_concentration': 80.5, 'eligible_count': 8, 'bet_adj': 0, 'reason': 'rel_win1=50.6%（本命度） / 最有力組み合わせ確率: 0.105（推定実オッズ?13倍） / 2着集中度: 上位2艇 80.5%（補正+0.04） / 総合判定確率: 0.145 / → ヒモはやや固め。上位2艇以外を切ること', 'tenji_trigger': '展示確認: 1号艇伸び良→そのまま採用。悪→飛び組に差し替え。circle_pct上位2艇に絞り込むこと。\n展示で1号艇スタート超安定(0.127秒)→ヒモ固まり方向に注意'}",,,29,逃げ狙い,23.32,26.5,3,,,,,,,,,,,
2025-08-10,丸亀,6,3,佐藤隆太,A1,27.06,3,△,22.3797,49.6,66,89.7,0.1307,2.5,,,0,低,32,0,ま0% 抜0%,,0,85.7,1.8463,0,0,0.3,0,0.1,0.0833,0.0833,0,,,E,◎,,0.3309,0.6665,,0.6263,A,65,0,◎-○軸 3着3〜4艇流し（10〜15点）,0.5777,"{'is_target': True, 'verdict': '点数絞り', 'max_combo_prob': 0.1054, 'est_top_odds': 12.7, 'circle_concentration': 80.5, 'eligible_count': 8, 'bet_adj': 0, 'reason': 'rel_win1=50.6%（本命度） / 最有力組み合わせ確率: 0.105（推定実オッズ?13倍） / 2着集中度: 上位2艇 80.5%（補正+0.04） / 総合判定確率: 0.145 / → ヒモはやや固め。上位2艇以外を切ること', 'tenji_trigger': '展示確認: 1号艇伸び良→そのまま採用。悪→飛び組に差し替え。circle_pct上位2艇に絞り込むこと。\n展示で1号艇スタート超安定(0.127秒)→ヒモ固まり方向に注意'}",,,29,逃げ狙い,23.32,26.5,3,,,,,,,,,,,
2025-08-10,丸亀,6,4,上田紗奈,B1,47.89,4,○,6.4305,11.3,70,42,0.164,2.99,,,0,低,90,0,差ま0%,,0,34.3,0.8447,0,0,0,0.0952,0,0,0.1771,0.2971,,,A,○,,0.1438,0.6315,,0.6263,A,65,0,◎-○軸 3着3〜4艇流し（10〜15点）,0.5777,"{'is_target': True, 'verdict': '点数絞り', 'max_combo_prob': 0.1054, 'est_top_odds': 12.7, 'circle_concentration': 80.5, 'eligible_count': 8, 'bet_adj': 0, 'reason': 'rel_win1=50.6%（本命度） / 最有力組み合わせ確率: 0.105（推定実オッズ?13倍） / 2着集中度: 上位2艇 80.5%（補正+0.04） / 総合判定確率: 0.145 / → ヒモはやや固め。上位2艇以外を切ること', 'tenji_trigger': '展示確認: 1号艇伸び良→そのまま採用。悪→飛び組に差し替え。circle_pct上位2艇に絞り込むこと。\n展示で1号艇スタート超安定(0.127秒)→ヒモ固まり方向に注意'}",,,29,逃げ狙い,23.32,26.5,3,,,,,,,,,,,
2025-08-10,丸亀,6,5,清水未唯,B2,31.94,5,▲,7.7567,6.4,47,23.5,0.1353,3.1176,,,0,低,32,0,ま0% 差ま0%,,0,32,0.8586,0,0,0.1667,0.1667,0,0,0.3333,0,,,C,,,0.3073,0.525,,0.6263,A,65,0,◎-○軸 3着3〜4艇流し（10〜15点）,0.5777,"{'is_target': True, 'verdict': '点数絞り', 'max_combo_prob': 0.1054, 'est_top_odds': 12.7, 'circle_concentration': 80.5, 'eligible_count': 8, 'bet_adj': 0, 'reason': 'rel_win1=50.6%（本命度） / 最有力組み合わせ確率: 0.105（推定実オッズ?13倍） / 2着集中度: 上位2艇 80.5%（補正+0.04） / 総合判定確率: 0.145 / → ヒモはやや固め。上位2艇以外を切ること', 'tenji_trigger': '展示確認: 1号艇伸び良→そのまま採用。悪→飛び組に差し替え。circle_pct上位2艇に絞り込むこと。\n展示で1号艇スタート超安定(0.127秒)→ヒモ固まり方向に注意'}",,,29,逃げ狙い,23.32,26.5,3,,,,,,,,,,,
2025-08-10,丸亀,6,6,中岡　駿,B2,33.18,6,,0.932,1.8,21,6.2,0.2055,4.3615,,,0,低,40,0,-,,0,96.8,2.0989,,,,,,,,,,,C,,,0.1321,0.482,,0.6263,A,65,0,◎-○軸 3着3〜4艇流し（10〜15点）,0.5777,"{'is_target': True, 'verdict': '点数絞り', 'max_combo_prob': 0.1054, 'est_top_odds': 12.7, 'circle_concentration': 80.5, 'eligible_count': 8, 'bet_adj': 0, 'reason': 'rel_win1=50.6%（本命度） / 最有力組み合わせ確率: 0.105（推定実オッズ?13倍） / 2着集中度: 上位2艇 80.5%（補正+0.04） / 総合判定確率: 0.145 / → ヒモはやや固め。上位2艇以外を切ること', 'tenji_trigger': '展示確認: 1号艇伸び良→そのまま採用。悪→飛び組に差し替え。circle_pct上位2艇に絞り込むこと。\n展示で1号艇スタート超安定(0.127秒)→ヒモ固まり方向に注意'}",,,29,逃げ狙い,23.32,26.5,3,,,,,,,,,,,
2025-08-10,丸亀,7,1,桑島和宏,A1,32.54,1,◎,65.9832,,0,90.5,0.1513,3.5952,,,0,低,131,0,逃1%,,0,78.4,1.0072,0.6579,,,,,0.0526,0.0105,0.1276,◎,,C,◎,,,0.6545,,0.5088,S,93,0,◎1着固定 2-3着流し（5〜8点）,0.5777,"{'is_target': True, 'verdict': '参加推奨', 'max_combo_prob': 0.086, 'est_top_odds': 15.5, 'circle_concentration': 64.9, 'eligible_count': 6, 'bet_adj': 2, 'reason': 'rel_win1=66.0%（本命度） / 最有力組み合わせ確率: 0.086（推定実オッズ?16倍） / 2着集中度: 上位2艇 64.9%（補正+0.00） / 総合判定確率: 0.086 / → ヒモ分散。1号艇1着固定で広めのヒモ流し推奨（買い目+2点）', 'tenji_trigger': '展示確認: ヒモ分散レース。1号艇伸び確認後、広めのヒモ流しを採用。穴ヒモ（5・6号艇）を積極的に含める。'}",,,25.7,逃げ狙い,12.74,26,4,,,,,0,0,0.7559,0,,逃げ軸流し,A
2025-08-10,丸亀,7,2,栗原直也,B1,26.42,2,,11.4675,37.6,100,47.1,0.2016,4.0515,,,0,低,181,0,差0% ま0%,,0,44.1,0.7898,0,0.0588,0.0294,0,0,0.0952,0.2333,0.0571,,,E,△,,0.0689,0.6005,,0.5088,S,93,0,◎1着固定 2-3着流し（5〜8点）,0.5777,"{'is_target': True, 'verdict': '参加推奨', 'max_combo_prob': 0.086, 'est_top_odds': 15.5, 'circle_concentration': 64.9, 'eligible_count': 6, 'bet_adj': 2, 'reason': 'rel_win1=66.0%（本命度） / 最有力組み合わせ確率: 0.086（推定実オッズ?16倍） / 2着集中度: 上位2艇 64.9%（補正+0.00） / 総合判定確率: 0.086 / → ヒモ分散。1号艇1着固定で広めのヒモ流し推奨（買い目+2点）', 'tenji_trigger': '展示確認: ヒモ分散レース。1号艇伸び確認後、広めのヒモ流しを採用。穴ヒモ（5・6号艇）を積極的に含める。'}",,,25.7,逃げ狙い,12.74,26,4,,,,,,,,,,,
2025-08-10,丸亀,7,3,水原　慎,B1,39.09,3,○,9.6194,27.3,96,53,0.1571,3.1591,,,0,低,126,0,-,,0,18.2,0.5402,0,0,0.1538,0,0.0385,0.05,0.2,0.2,,,B,,,0.2894,0.598,,0.5088,S,93,0,◎1着固定 2-3着流し（5〜8点）,0.5777,"{'is_target': True, 'verdict': '参加推奨', 'max_combo_prob': 0.086, 'est_top_odds': 15.5, 'circle_concentration': 64.9, 'eligible_count': 6, 'bet_adj': 2, 'reason': 'rel_win1=66.0%（本命度） / 最有力組み合わせ確率: 0.086（推定実オッズ?16倍） / 2着集中度: 上位2艇 64.9%（補正+0.00） / 総合判定確率: 0.086 / → ヒモ分散。1号艇1着固定で広めのヒモ流し推奨（買い目+2点）', 'tenji_trigger': '展示確認: ヒモ分散レース。1号艇伸び確認後、広めのヒモ流しを採用。穴ヒモ（5・6号艇）を積極的に含める。'}",,,25.7,逃げ狙い,12.74,26,4,,,,,,,,,,,
2025-08-10,丸亀,7,4,金子猛志,B1,29.86,4,△,7.0245,20.4,58,42.2,0.1553,3.3906,,,0,低,109,0,-,,0,59.5,1.0734,0,0.0345,0,0,0,0.14,0.1,0.2,,,D,○,,0.2634,0.6455,,0.5088,S,93,0,◎1着固定 2-3着流し（5〜8点）,0.5777,"{'is_target': True, 'verdict': '参加推奨', 'max_combo_prob': 0.086, 'est_top_odds': 15.5, 'circle_concentration': 64.9, 'eligible_count': 6, 'bet_adj': 2, 'reason': 'rel_win1=66.0%（本命度） / 最有力組み合わせ確率: 0.086（推定実オッズ?16倍） / 2着集中度: 上位2艇 64.9%（補正+0.00） / 総合判定確率: 0.086 / → ヒモ分散。1号艇1着固定で広めのヒモ流し推奨（買い目+2点）', 'tenji_trigger': '展示確認: ヒモ分散レース。1号艇伸び確認後、広めのヒモ流しを採用。穴ヒモ（5・6号艇）を積極的に含める。'}",,,25.7,逃げ狙い,12.74,26,4,,,,,,,,,,,
2025-08-10,丸亀,7,5,奥村明日,B1,31.94,5,,2.7286,9.2,71,32.3,0.1929,3.6774,,,0,低,83,0,-,,0,27.6,0.8869,,,,,,0.6,0.1,0,,,C,,,0.1833,0.5175,,0.5088,S,93,0,◎1着固定 2-3着流し（5〜8点）,0.5777,"{'is_target': True, 'verdict': '参加推奨', 'max_combo_prob': 0.086, 'est_top_odds': 15.5, 'circle_concentration': 64.9, 'eligible_count': 6, 'bet_adj': 2, 'reason': 'rel_win1=66.0%（本命度） / 最有力組み合わせ確率: 0.086（推定実オッズ?16倍） / 2着集中度: 上位2艇 64.9%（補正+0.00） / 総合判定確率: 0.086 / → ヒモ分散。1号艇1着固定で広めのヒモ流し推奨（買い目+2点）', 'tenji_trigger': '展示確認: ヒモ分散レース。1号艇伸び確認後、広めのヒモ流しを採用。穴ヒモ（5・6号艇）を積極的に含める。'}",,,25.7,逃げ狙い,12.74,26,4,,,,,,,,,,,
2025-08-10,丸亀,7,6,西丸侑太,A2,35.19,6,▲,3.1768,5.5,52,34.1,0.1627,4.0114,,,0,低,100,0,-,,0,85.9,1.5697,,,,,,0,0.1314,0.0429,,,B,△,,0.2753,0.6105,,0.5088,S,93,0,◎1着固定 2-3着流し（5〜8点）,0.5777,"{'is_target': True, 'verdict': '参加推奨', 'max_combo_prob': 0.086, 'est_top_odds': 15.5, 'circle_concentration': 64.9, 'eligible_count': 6, 'bet_adj': 2, 'reason': 'rel_win1=66.0%（本命度） / 最有力組み合わせ確率: 0.086（推定実オッズ?16倍） / 2着集中度: 上位2艇 64.9%（補正+0.00） / 総合判定確率: 0.086 / → ヒモ分散。1号艇1着固定で広めのヒモ流し推奨（買い目+2点）', 'tenji_trigger': '展示確認: ヒモ分散レース。1号艇伸び確認後、広めのヒモ流しを採用。穴ヒモ（5・6号艇）を積極的に含める。'}",,,25.7,逃げ狙い,12.74,26,4,,,,,,,,,,,
2025-08-10,丸亀,8,1,木下翔太,A1,32.09,1,◎,71.881,,0,95.2,0.1577,3.3548,,,0,低,63,0,逃1%,,0,99.4,1.4235,0.8148,,,,,0.0148,0.1148,0.1148,◎,,C,◎,,,0.688,,0.613,S,80,0,◎1着固定 2-3着流し（5〜8点）,0.5777,"{'is_target': True, 'verdict': '点数絞り', 'max_combo_prob': 0.148, 'est_top_odds': 9.0, 'circle_concentration': 80.4, 'eligible_count': 6, 'bet_adj': 0, 'reason': 'rel_win1=71.9%（本命度） / 最有力組み合わせ確率: 0.148（推定実オッズ?9倍） / 2着集中度: 上位2艇 80.4%（補正+0.04） / 総合判定確率: 0.188 / → ヒモはやや固め。上位2艇以外を切ること', 'tenji_trigger': '展示確認: 1号艇伸び良→そのまま採用。悪→飛び組に差し替え。circle_pct上位2艇に絞り込むこと。'}",,,25.7,逃げ狙い,11.75,26.9,2,,,,,0,0,0.7559,0,,逃げ軸流し,A
2025-08-10,丸亀,8,2,藤田俊祐,A2,36.53,2,○,11.3392,52.7,77,67.5,0.1688,3.25,,,0,低,73,0,差0% ま0%,,0,49.8,1.0736,0,0.1765,0.0588,0,0,0.0211,0.0421,0.2632,,,B,△,,0.2266,0.5695,,0.613,S,80,0,◎1着固定 2-3着流し（5〜8点）,0.5777,"{'is_target': True, 'verdict': '点数絞り', 'max_combo_prob': 0.148, 'est_top_odds': 9.0, 'circle_concentration': 80.4, 'eligible_count': 6, 'bet_adj': 0, 'reason': 'rel_win1=71.9%（本命度） / 最有力組み合わせ確率: 0.148（推定実オッズ?9倍） / 2着集中度: 上位2艇 80.4%（補正+0.04） / 総合判定確率: 0.188 / → ヒモはやや固め。上位2艇以外を切ること', 'tenji_trigger': '展示確認: 1号艇伸び良→そのまま採用。悪→飛び組に差し替え。circle_pct上位2艇に絞り込むこと。'}",,,25.7,逃げ狙い,11.75,26.9,2,,,,,,,,,,,
2025-08-10,丸亀,8,3,長谷川充,B1,28.11,3,,6.7914,27.7,100,50.8,0.1842,4.0678,,,0,低,187,0,-,,0,24.3,0.6929,0,0,0.0909,0.0455,0,0.1941,0.3289,0.0444,,,D,○,,0.1614,0.6205,,0.613,S,80,0,◎1着固定 2-3着流し（5〜8点）,0.5777,"{'is_target': True, 'verdict': '点数絞り', 'max_combo_prob': 0.148, 'est_top_odds': 9.0, 'circle_concentration': 80.4, 'eligible_count': 6, 'bet_adj': 0, 'reason': 'rel_win1=71.9%（本命度） / 最有力組み合わせ確率: 0.148（推定実オッズ?9倍） / 2着集中度: 上位2艇 80.4%（補正+0.04） / 総合判定確率: 0.188 / → ヒモはやや固め。上位2艇以外を切ること', 'tenji_trigger': '展示確認: 1号艇伸び良→そのまま採用。悪→飛び組に差し替え。circle_pct上位2艇に絞り込むこと。'}",,,25.7,逃げ狙い,11.75,26.9,2,,,,,,,,,,,
2025-08-10,丸亀,8,4,渡辺空依,B1,35.78,4,▲,5.0523,11.4,78,31.7,0.192,3.6707,,,0,低,103,0,-,,0,29.7,0.4396,0,0,0,0.0476,0,0.0286,0.1143,0.0286,,,B,,,0.1508,0.54,,0.613,S,80,0,◎1着固定 2-3着流し（5〜8点）,0.5777,"{'is_target': True, 'verdict': '点数絞り', 'max_combo_prob': 0.148, 'est_top_odds': 9.0, 'circle_concentration': 80.4, 'eligible_count': 6, 'bet_adj': 0, 'reason': 'rel_win1=71.9%（本命度） / 最有力組み合わせ確率: 0.148（推定実オッズ?9倍） / 2着集中度: 上位2艇 80.4%（補正+0.04） / 総合判定確率: 0.188 / → ヒモはやや固め。上位2艇以外を切ること', 'tenji_trigger': '展示確認: 1号艇伸び良→そのまま採用。悪→飛び組に差し替え。circle_pct上位2艇に絞り込むこと。'}",,,25.7,逃げ狙い,11.75,26.9,2,,,,,,,,,,,
2025-08-10,丸亀,8,5,浅井　翼,B1,32.41,5,△,2.4825,4.9,51,12.8,0.1717,3.266,,,0,低,93,0,-,,0,19.8,0.4012,0,0,0.0476,0,0,0.3077,0.3077,0.1538,,,C,,,0.2446,0.4745,,0.613,S,80,0,◎1着固定 2-3着流し（5〜8点）,0.5777,"{'is_target': True, 'verdict': '点数絞り', 'max_combo_prob': 0.148, 'est_top_odds': 9.0, 'circle_concentration': 80.4, 'eligible_count': 6, 'bet_adj': 0, 'reason': 'rel_win1=71.9%（本命度） / 最有力組み合わせ確率: 0.148（推定実オッズ?9倍） / 2着集中度: 上位2艇 80.4%（補正+0.04） / 総合判定確率: 0.188 / → ヒモはやや固め。上位2艇以外を切ること', 'tenji_trigger': '展示確認: 1号艇伸び良→そのまま採用。悪→飛び組に差し替え。circle_pct上位2艇に絞り込むこと。'}",,,25.7,逃げ狙い,11.75,26.9,2,,,,,,,,,,,
2025-08-10,丸亀,8,6,細川明人,B1,25.91,6,,2.4536,3.3,27,15.9,0.2193,4.7273,,,0,低,154,0,-,,0,19.8,0.8289,,,,,,0.0211,0.5684,0.1632,,,E,△,,0.138,0.572,,0.613,S,80,0,◎1着固定 2-3着流し（5〜8点）,0.5777,"{'is_target': True, 'verdict': '点数絞り', 'max_combo_prob': 0.148, 'est_top_odds': 9.0, 'circle_concentration': 80.4, 'eligible_count': 6, 'bet_adj': 0, 'reason': 'rel_win1=71.9%（本命度） / 最有力組み合わせ確率: 0.148（推定実オッズ?9倍） / 2着集中度: 上位2艇 80.4%（補正+0.04） / 総合判定確率: 0.188 / → ヒモはやや固め。上位2艇以外を切ること', 'tenji_trigger': '展示確認: 1号艇伸び良→そのまま採用。悪→飛び組に差し替え。circle_pct上位2艇に絞り込むこと。'}",,,25.7,逃げ狙い,11.75,26.9,2,,,,,,,,,,,
2025-08-10,丸亀,9,1,高橋正男,A2,31.63,1,◎,60.3704,,0,90.7,0.1551,3,,,0,低,124,0,逃1%,,0,100,1.4857,0.5152,,,,,0.0364,0.2727,0.0848,◎,,D,,,,0.635,,0.5317,S,87,0,◎1着固定 2-3着流し（5〜8点）,0.5777,"{'is_target': True, 'verdict': '参加推奨', 'max_combo_prob': 0.0809, 'est_top_odds': 16.5, 'circle_concentration': 62.5, 'eligible_count': 6, 'bet_adj': 2, 'reason': 'rel_win1=60.4%（本命度） / 最有力組み合わせ確率: 0.081（推定実オッズ?16倍） / 2着集中度: 上位2艇 62.5%（補正+0.00） / 総合判定確率: 0.081 / → ヒモ分散。1号艇1着固定で広めのヒモ流し推奨（買い目+2点）', 'tenji_trigger': '展示確認: ヒモ分散レース。1号艇伸び確認後、広めのヒモ流しを採用。穴ヒモ（5・6号艇）を積極的に含める。'}",,,28.2,逃げ狙い,15.28,30.9,4,,,,,0,0,0.7559,0,,逃げ軸流し,A
2025-08-10,丸亀,9,2,守屋大地,B1,30.28,2,,8.2771,36.7,93,54.2,0.1881,4.3814,,,0,低,180,0,-,,0,41.3,0.785,,,,,,0.5236,0.1927,0.0727,,,D,○,,0.083,0.654,,0.5317,S,87,0,◎1着固定 2-3着流し（5〜8点）,0.5777,"{'is_target': True, 'verdict': '参加推奨', 'max_combo_prob': 0.0809, 'est_top_odds': 16.5, 'circle_concentration': 62.5, 'eligible_count': 6, 'bet_adj': 2, 'reason': 'rel_win1=60.4%（本命度） / 最有力組み合わせ確率: 0.081（推定実オッズ?16倍） / 2着集中度: 上位2艇 62.5%（補正+0.00） / 総合判定確率: 0.081 / → ヒモ分散。1号艇1着固定で広めのヒモ流し推奨（買い目+2点）', 'tenji_trigger': '展示確認: ヒモ分散レース。1号艇伸び確認後、広めのヒモ流しを採用。穴ヒモ（5・6号艇）を積極的に含める。'}",,,28.2,逃げ狙い,15.28,30.9,4,,,,,,,,,,,
2025-08-10,丸亀,9,3,増田　進,B1,34.58,3,△,7.1039,25.8,80,38.6,0.1739,3.6506,,,0,低,192,0,ま0% 差ま0%,,0,22.2,0.7379,0,0,0.0303,0.0303,0,0.28,0.3333,0.14,,,B,,,0.2136,0.6315,,0.5317,S,87,0,◎1着固定 2-3着流し（5〜8点）,0.5777,"{'is_target': True, 'verdict': '参加推奨', 'max_combo_prob': 0.0809, 'est_top_odds': 16.5, 'circle_concentration': 62.5, 'eligible_count': 6, 'bet_adj': 2, 'reason': 'rel_win1=60.4%（本命度） / 最有力組み合わせ確率: 0.081（推定実オッズ?16倍） / 2着集中度: 上位2艇 62.5%（補正+0.00） / 総合判定確率: 0.081 / → ヒモ分散。1号艇1着固定で広めのヒモ流し推奨（買い目+2点）', 'tenji_trigger': '展示確認: ヒモ分散レース。1号艇伸び確認後、広めのヒモ流しを採用。穴ヒモ（5・6号艇）を積極的に含める。'}",,,28.2,逃げ狙い,15.28,30.9,4,,,,,,,,,,,
2025-08-10,丸亀,9,4,三宅　潤,A2,32.72,4,▲,11.1207,22.2,100,60,0.1633,3.4071,,,0,低,174,0,差ま0%,,0,31.2,0.766,0,0.0625,0.0938,0.0312,0.0312,0.0222,0.0444,0.2111,,,C,△,◎,0.3116,0.6355,0.3004,0.5317,S,87,0,◎1着固定 2-3着流し（5〜8点）,0.5777,"{'is_target': True, 'verdict': '参加推奨', 'max_combo_prob': 0.0809, 'est_top_odds': 16.5, 'circle_concentration': 62.5, 'eligible_count': 6, 'bet_adj': 2, 'reason': 'rel_win1=60.4%（本命度） / 最有力組み合わせ確率: 0.081（推定実オッズ?16倍） / 2着集中度: 上位2艇 62.5%（補正+0.00） / 総合判定確率: 0.081 / → ヒモ分散。1号艇1着固定で広めのヒモ流し推奨（買い目+2点）', 'tenji_trigger': '展示確認: ヒモ分散レース。1号艇伸び確認後、広めのヒモ流しを採用。穴ヒモ（5・6号艇）を積極的に含める。'}",,,28.2,逃げ狙い,15.28,30.9,4,,,,,,,,,,,
2025-08-10,丸亀,9,5,大島隆乃,B1,31.82,5,,4.678,10.3,67,30.2,0.1649,3.3372,,,0,低,77,0,差ま0%,,0,24.1,0.9236,0,0,0,0.1053,0,0,0.3333,0,,,D,△,,0.3074,0.6445,,0.5317,S,87,0,◎1着固定 2-3着流し（5〜8点）,0.5777,"{'is_target': True, 'verdict': '参加推奨', 'max_combo_prob': 0.0809, 'est_top_odds': 16.5, 'circle_concentration': 62.5, 'eligible_count': 6, 'bet_adj': 2, 'reason': 'rel_win1=60.4%（本命度） / 最有力組み合わせ確率: 0.081（推定実オッズ?16倍） / 2着集中度: 上位2艇 62.5%（補正+0.00） / 総合判定確率: 0.081 / → ヒモ分散。1号艇1着固定で広めのヒモ流し推奨（買い目+2点）', 'tenji_trigger': '展示確認: ヒモ分散レース。1号艇伸び確認後、広めのヒモ流しを採用。穴ヒモ（5・6号艇）を積極的に含める。'}",,,28.2,逃げ狙い,15.28,30.9,4,,,,,,,,,,,
2025-08-10,丸亀,9,6,新田洋一,A2,43.90,6,○,8.4498,5,27,23.5,0.1518,3.5294,,,0,低,48,0,差ま0%,,0,60.7,1.37,0,0,0,0.0588,0,0.0211,0.3203,0.0842,,,A,◎,,0.3384,0.658,,0.5317,S,87,0,◎1着固定 2-3着流し（5〜8点）,0.5777,"{'is_target': True, 'verdict': '参加推奨', 'max_combo_prob': 0.0809, 'est_top_odds': 16.5, 'circle_concentration': 62.5, 'eligible_count': 6, 'bet_adj': 2, 'reason': 'rel_win1=60.4%（本命度） / 最有力組み合わせ確率: 0.081（推定実オッズ?16倍） / 2着集中度: 上位2艇 62.5%（補正+0.00） / 総合判定確率: 0.081 / → ヒモ分散。1号艇1着固定で広めのヒモ流し推奨（買い目+2点）', 'tenji_trigger': '展示確認: ヒモ分散レース。1号艇伸び確認後、広めのヒモ流しを採用。穴ヒモ（5・6号艇）を積極的に含める。'}",,,28.2,逃げ狙い,15.28,30.9,4,,,,,,,,,,,
2025-08-10,丸亀,10,1,中田夕貴,A2,36.20,1,◎,68.9471,,0,89.3,0.1718,3,,,0,低,68,0,逃1%,,0,89,1.1882,0.6364,,,,,0.1927,0.3127,0,◎,,C,○,,,0.5955,,0.5407,A,77,0,◎-○軸 3着3〜4艇流し（10〜15点）,0.5777,"{'is_target': True, 'verdict': '点数絞り', 'max_combo_prob': 0.1315, 'est_top_odds': 10.1, 'circle_concentration': 75.1, 'eligible_count': 8, 'bet_adj': 0, 'reason': 'rel_win1=68.9%（本命度） / 最有力組み合わせ確率: 0.132（推定実オッズ?10倍） / 2着集中度: 上位2艇 75.1%（補正+0.04） / 総合判定確率: 0.172 / → ヒモはやや固め。上位2艇以外を切ること', 'tenji_trigger': '展示確認: 1号艇伸び良→そのまま採用。悪→飛び組に差し替え。circle_pct上位2艇に絞り込むこと。'}",,,28.8,逃げ狙い,11.19,36.1,2,,,,,0,0,0.7559,0,,逃げ軸流し,A
2025-08-10,丸亀,10,2,上田紗奈,B1,47.89,2,○,8.7023,58,72,50,0.1657,3.1429,,,0,低,90,0,-,,0,41.5,0.8302,,,,,,0,0.1771,0.2971,,◎,A,◎,,0.3885,0.6315,,0.5407,A,77,0,◎-○軸 3着3〜4艇流し（10〜15点）,0.5777,"{'is_target': True, 'verdict': '点数絞り', 'max_combo_prob': 0.1315, 'est_top_odds': 10.1, 'circle_concentration': 75.1, 'eligible_count': 8, 'bet_adj': 0, 'reason': 'rel_win1=68.9%（本命度） / 最有力組み合わせ確率: 0.132（推定実オッズ?10倍） / 2着集中度: 上位2艇 75.1%（補正+0.04） / 総合判定確率: 0.172 / → ヒモはやや固め。上位2艇以外を切ること', 'tenji_trigger': '展示確認: 1号艇伸び良→そのまま採用。悪→飛び組に差し替え。circle_pct上位2艇に絞り込むこと。'}",,,28.8,逃げ狙い,11.19,36.1,2,,,,,,,,,,,
2025-08-10,丸亀,10,3,笠野友紀,B1,33.64,3,,8.5434,17.1,100,20.7,0.2259,5.0517,,,0,低,82,0,差ま0% 抜0%,,0,12.9,0.6179,0,0,0,0.0667,0.0667,0.3631,0.3631,0.1508,,,D,△,,0.1143,0.5555,,0.5407,A,77,0,◎-○軸 3着3〜4艇流し（10〜15点）,0.5777,"{'is_target': True, 'verdict': '点数絞り', 'max_combo_prob': 0.1315, 'est_top_odds': 10.1, 'circle_concentration': 75.1, 'eligible_count': 8, 'bet_adj': 0, 'reason': 'rel_win1=68.9%（本命度） / 最有力組み合わせ確率: 0.132（推定実オッズ?10倍） / 2着集中度: 上位2艇 75.1%（補正+0.04） / 総合判定確率: 0.172 / → ヒモはやや固め。上位2艇以外を切ること', 'tenji_trigger': '展示確認: 1号艇伸び良→そのまま採用。悪→飛び組に差し替え。circle_pct上位2艇に絞り込むこと。'}",,,28.8,逃げ狙い,11.19,36.1,2,,,,,,,,,,,
2025-08-10,丸亀,10,4,孫崎百世,B2,38.50,4,△,7.092,12.4,99,33.3,0.2233,4.6364,,,0,低,108,0,-,,0,33.7,0.7385,0,0,0.0556,0.0556,0,0.1714,0.2571,0.3143,,,C,△,,0.1187,0.557,,0.5407,A,77,0,◎-○軸 3着3〜4艇流し（10〜15点）,0.5777,"{'is_target': True, 'verdict': '点数絞り', 'max_combo_prob': 0.1315, 'est_top_odds': 10.1, 'circle_concentration': 75.1, 'eligible_count': 8, 'bet_adj': 0, 'reason': 'rel_win1=68.9%（本命度） / 最有力組み合わせ確率: 0.132（推定実オッズ?10倍） / 2着集中度: 上位2艇 75.1%（補正+0.04） / 総合判定確率: 0.172 / → ヒモはやや固め。上位2艇以外を切ること', 'tenji_trigger': '展示確認: 1号艇伸び良→そのまま採用。悪→飛び組に差し替え。circle_pct上位2艇に絞り込むこと。'}",,,28.8,逃げ狙い,11.19,36.1,2,,,,,,,,,,,
2025-08-10,丸亀,10,5,高田　綾,B1,38.86,5,▲,5.509,10.8,50,28.6,0.1448,3.0952,,,0,低,47,0,-,,0,45.5,0.8064,0,0,0,0.0625,0,0,0.1538,0.2308,,,B,,,0.3739,0.5525,,0.5407,A,77,0,◎-○軸 3着3〜4艇流し（10〜15点）,0.5777,"{'is_target': True, 'verdict': '点数絞り', 'max_combo_prob': 0.1315, 'est_top_odds': 10.1, 'circle_concentration': 75.1, 'eligible_count': 8, 'bet_adj': 0, 'reason': 'rel_win1=68.9%（本命度） / 最有力組み合わせ確率: 0.132（推定実オッズ?10倍） / 2着集中度: 上位2艇 75.1%（補正+0.04） / 総合判定確率: 0.172 / → ヒモはやや固め。上位2艇以外を切ること', 'tenji_trigger': '展示確認: 1号艇伸び良→そのまま採用。悪→飛び組に差し替え。circle_pct上位2艇に絞り込むこと。'}",,,28.8,逃げ狙い,11.19,36.1,2,,,,,,,,,,,
2025-08-10,丸亀,10,6,赤澤文香,B1,31.16,6,,1.2062,1.7,55,6.2,0.2181,5.3438,,,0,低,80,0,-,,0,24.5,0.8222,,,,,,0.3077,0.2308,0.0769,,,E,○,,0.1657,0.5955,,0.5407,A,77,0,◎-○軸 3着3〜4艇流し（10〜15点）,0.5777,"{'is_target': True, 'verdict': '点数絞り', 'max_combo_prob': 0.1315, 'est_top_odds': 10.1, 'circle_concentration': 75.1, 'eligible_count': 8, 'bet_adj': 0, 'reason': 'rel_win1=68.9%（本命度） / 最有力組み合わせ確率: 0.132（推定実オッズ?10倍） / 2着集中度: 上位2艇 75.1%（補正+0.04） / 総合判定確率: 0.172 / → ヒモはやや固め。上位2艇以外を切ること', 'tenji_trigger': '展示確認: 1号艇伸び良→そのまま採用。悪→飛び組に差し替え。circle_pct上位2艇に絞り込むこと。'}",,,28.8,逃げ狙い,11.19,36.1,2,,,,,,,,,,,
2025-08-10,丸亀,11,1,西丸侑太,A2,35.19,1,◎,59.5168,,0,87.5,0.15,3.125,,,0,低,100,0,逃1%,,0,86.6,1.0969,0.6786,,,,,0,0.1314,0.0429,◎,,B,△,,,0.6105,,0.4694,S,88,0,◎1着固定 2-3着流し（5〜8点）,0.5777,"{'is_target': True, 'verdict': '参加推奨', 'max_combo_prob': 0.0633, 'est_top_odds': 21.1, 'circle_concentration': 63.9, 'eligible_count': 6, 'bet_adj': 2, 'reason': 'rel_win1=59.5%（本命度） / 最有力組み合わせ確率: 0.063（推定実オッズ?21倍） / 2着集中度: 上位2艇 63.9%（補正+0.00） / 総合判定確率: 0.063 / → ヒモ分散。1号艇1着固定で広めのヒモ流し推奨（買い目+2点）', 'tenji_trigger': '展示確認: ヒモ分散レース。1号艇伸び確認後、広めのヒモ流しを採用。穴ヒモ（5・6号艇）を積極的に含める。'}",,,27.1,逃げ狙い,18.81,24.9,2,,,,,0,0,0.7559,0,,逃げ軸流し,A
2025-08-10,丸亀,11,2,田中駿兵,A2,39.15,2,○,15.2753,33.3,100,60,0.1588,3.675,,,0,低,67,0,-,,0,65.9,1.1919,0,0,0.1667,0,0,0,0.1176,0,,,B,△,,0.237,0.6065,,0.4694,S,88,0,◎1着固定 2-3着流し（5〜8点）,0.5777,"{'is_target': True, 'verdict': '参加推奨', 'max_combo_prob': 0.0633, 'est_top_odds': 21.1, 'circle_concentration': 63.9, 'eligible_count': 6, 'bet_adj': 2, 'reason': 'rel_win1=59.5%（本命度） / 最有力組み合わせ確率: 0.063（推定実オッズ?21倍） / 2着集中度: 上位2艇 63.9%（補正+0.00） / 総合判定確率: 0.063 / → ヒモ分散。1号艇1着固定で広めのヒモ流し推奨（買い目+2点）', 'tenji_trigger': '展示確認: ヒモ分散レース。1号艇伸び確認後、広めのヒモ流しを採用。穴ヒモ（5・6号艇）を積極的に含める。'}",,,27.1,逃げ狙い,18.81,24.9,2,,,,,,,,,,,
2025-08-10,丸亀,11,3,浦野　海,A2,30.84,3,△,11.1968,30.7,92,56.8,0.1493,2.9432,,,0,低,75,0,ま0% 差ま0%,,0,54.2,1.0967,0,0,0.0556,0.1111,0,0,0.1111,0.1422,,,D,,,0.3063,0.579,,0.4694,S,88,0,◎1着固定 2-3着流し（5〜8点）,0.5777,"{'is_target': True, 'verdict': '参加推奨', 'max_combo_prob': 0.0633, 'est_top_odds': 21.1, 'circle_concentration': 63.9, 'eligible_count': 6, 'bet_adj': 2, 'reason': 'rel_win1=59.5%（本命度） / 最有力組み合わせ確率: 0.063（推定実オッズ?21倍） / 2着集中度: 上位2艇 63.9%（補正+0.00） / 総合判定確率: 0.063 / → ヒモ分散。1号艇1着固定で広めのヒモ流し推奨（買い目+2点）', 'tenji_trigger': '展示確認: ヒモ分散レース。1号艇伸び確認後、広めのヒモ流しを採用。穴ヒモ（5・6号艇）を積極的に含める。'}",,,27.1,逃げ狙い,18.81,24.9,2,,,,,,,,,,,
2025-08-10,丸亀,11,4,石渡翔一,B1,30.84,4,,9.0209,15.9,93,49,0.1435,2.7647,,,0,低,77,0,差0% 差ま0%,,0,59.4,1.0647,0,0.0588,0,0.0588,0,0.1538,0.0769,0.1538,,,D,,◎,0.3127,0.6015,0.3508,0.4694,S,88,0,◎1着固定 2-3着流し（5〜8点）,0.5777,"{'is_target': True, 'verdict': '参加推奨', 'max_combo_prob': 0.0633, 'est_top_odds': 21.1, 'circle_concentration': 63.9, 'eligible_count': 6, 'bet_adj': 2, 'reason': 'rel_win1=59.5%（本命度） / 最有力組み合わせ確率: 0.063（推定実オッズ?21倍） / 2着集中度: 上位2艇 63.9%（補正+0.00） / 総合判定確率: 0.063 / → ヒモ分散。1号艇1着固定で広めのヒモ流し推奨（買い目+2点）', 'tenji_trigger': '展示確認: ヒモ分散レース。1号艇伸び確認後、広めのヒモ流しを採用。穴ヒモ（5・6号艇）を積極的に含める。'}",,,27.1,逃げ狙い,18.81,24.9,2,,,,,,,,,,,
2025-08-10,丸亀,11,5,井手良太,B1,34.42,5,▲,4.0211,17.1,65,42.9,0.1159,2.1161,,,0,低,50,0,ま0% 差ま0%,,0,67.6,1.1786,0,0,0.0417,0.0417,0,0.0421,0.2632,0.2053,,,C,◎,,0.3973,0.667,,0.4694,S,88,0,◎1着固定 2-3着流し（5〜8点）,0.5777,"{'is_target': True, 'verdict': '参加推奨', 'max_combo_prob': 0.0633, 'est_top_odds': 21.1, 'circle_concentration': 63.9, 'eligible_count': 6, 'bet_adj': 2, 'reason': 'rel_win1=59.5%（本命度） / 最有力組み合わせ確率: 0.063（推定実オッズ?21倍） / 2着集中度: 上位2艇 63.9%（補正+0.00） / 総合判定確率: 0.063 / → ヒモ分散。1号艇1着固定で広めのヒモ流し推奨（買い目+2点）', 'tenji_trigger': '展示確認: ヒモ分散レース。1号艇伸び確認後、広めのヒモ流しを採用。穴ヒモ（5・6号艇）を積極的に含める。'}",,,27.1,逃げ狙い,18.81,24.9,2,,,,,,,,,,,
2025-08-10,丸亀,11,6,奥田　誠,B1,29.02,6,,0.9692,3.1,41,15.9,0.1975,4.9205,,,0,低,163,0,-,,0,29.2,0.3794,,,,,,0.1771,0.0571,0.139,,,D,○,,0.1619,0.6205,,0.4694,S,88,0,◎1着固定 2-3着流し（5〜8点）,0.5777,"{'is_target': True, 'verdict': '参加推奨', 'max_combo_prob': 0.0633, 'est_top_odds': 21.1, 'circle_concentration': 63.9, 'eligible_count': 6, 'bet_adj': 2, 'reason': 'rel_win1=59.5%（本命度） / 最有力組み合わせ確率: 0.063（推定実オッズ?21倍） / 2着集中度: 上位2艇 63.9%（補正+0.00） / 総合判定確率: 0.063 / → ヒモ分散。1号艇1着固定で広めのヒモ流し推奨（買い目+2点）', 'tenji_trigger': '展示確認: ヒモ分散レース。1号艇伸び確認後、広めのヒモ流しを採用。穴ヒモ（5・6号艇）を積極的に含める。'}",,,27.1,逃げ狙い,18.81,24.9,2,,,,,,,,,,,
2025-08-10,丸亀,12,1,佐藤隆太,A1,27.06,1,◎,56.0616,,0,95,0.1477,2.7375,,,0,低,32,0,逃1%,,0,82.4,1.1972,0.75,,,,,0.0833,0.0833,0,◎,,E,○,,,0.6665,,0.5892,S,91,0,◎1着固定 2-3着流し（5〜8点）,0.5777,"{'is_target': True, 'verdict': '参加推奨', 'max_combo_prob': 0.0646, 'est_top_odds': 20.6, 'circle_concentration': 57.2, 'eligible_count': 6, 'bet_adj': 2, 'reason': 'rel_win1=56.1%（本命度） / 最有力組み合わせ確率: 0.065（推定実オッズ?21倍） / 2着集中度: 上位2艇 57.2%（補正+0.00） / 総合判定確率: 0.065 / → ヒモ分散。1号艇1着固定で広めのヒモ流し推奨（買い目+2点）', 'tenji_trigger': '展示確認: ヒモ分散レース。1号艇伸び確認後、広めのヒモ流しを採用。穴ヒモ（5・6号艇）を積極的に含める。'}",,,31.3,逃げ狙い,32.31,25.2,2,,,,,0,0,0.7559,0,,逃げ軸流し,A
2025-08-10,丸亀,12,2,木下翔太,A1,32.09,2,△,15.6749,28.1,100,80,0.1493,3.3556,,,0,低,63,0,-,,0,74.8,1.525,0,0,0.3,0,0,0.0148,0.1148,0.1148,,○,C,◎,,0.331,0.688,,0.5892,S,91,0,◎1着固定 2-3着流し（5〜8点）,0.5777,"{'is_target': True, 'verdict': '参加推奨', 'max_combo_prob': 0.0646, 'est_top_odds': 20.6, 'circle_concentration': 57.2, 'eligible_count': 6, 'bet_adj': 2, 'reason': 'rel_win1=56.1%（本命度） / 最有力組み合わせ確率: 0.065（推定実オッズ?21倍） / 2着集中度: 上位2艇 57.2%（補正+0.00） / 総合判定確率: 0.065 / → ヒモ分散。1号艇1着固定で広めのヒモ流し推奨（買い目+2点）', 'tenji_trigger': '展示確認: ヒモ分散レース。1号艇伸び確認後、広めのヒモ流しを採用。穴ヒモ（5・6号艇）を積極的に含める。'}",,,31.3,逃げ狙い,32.31,25.2,2,,,,,,,,,,,
2025-08-10,丸亀,12,3,桑島和宏,A1,32.54,3,▲,11.1615,29.2,79,72.4,0.1452,2.8966,,,0,低,131,0,-,,0,96.3,2.0115,0,0,0.037,0.0741,0.0741,0.0526,0.0105,0.1276,,,C,,,0.3009,0.6545,,0.5892,S,91,0,◎1着固定 2-3着流し（5〜8点）,0.5777,"{'is_target': True, 'verdict': '参加推奨', 'max_combo_prob': 0.0646, 'est_top_odds': 20.6, 'circle_concentration': 57.2, 'eligible_count': 6, 'bet_adj': 2, 'reason': 'rel_win1=56.1%（本命度） / 最有力組み合わせ確率: 0.065（推定実オッズ?21倍） / 2着集中度: 上位2艇 57.2%（補正+0.00） / 総合判定確率: 0.065 / → ヒモ分散。1号艇1着固定で広めのヒモ流し推奨（買い目+2点）', 'tenji_trigger': '展示確認: ヒモ分散レース。1号艇伸び確認後、広めのヒモ流しを採用。穴ヒモ（5・6号艇）を積極的に含める。'}",,,31.3,逃げ狙い,32.31,25.2,2,,,,,,,,,,,
2025-08-10,丸亀,12,4,高橋竜矢,A1,46.48,4,○,10.2599,21.1,60,58.3,0.1264,3.2639,,,0,低,31,0,-,,0,52.8,1.2028,0,0.0417,0,0,0.0417,0,0.0417,0.0833,,,A,△,◎,0.3643,0.6585,0.397,0.5892,S,91,0,◎1着固定 2-3着流し（5〜8点）,0.5777,"{'is_target': True, 'verdict': '参加推奨', 'max_combo_prob': 0.0646, 'est_top_odds': 20.6, 'circle_concentration': 57.2, 'eligible_count': 6, 'bet_adj': 2, 'reason': 'rel_win1=56.1%（本命度） / 最有力組み合わせ確率: 0.065（推定実オッズ?21倍） / 2着集中度: 上位2艇 57.2%（補正+0.00） / 総合判定確率: 0.065 / → ヒモ分散。1号艇1着固定で広めのヒモ流し推奨（買い目+2点）', 'tenji_trigger': '展示確認: ヒモ分散レース。1号艇伸び確認後、広めのヒモ流しを採用。穴ヒモ（5・6号艇）を積極的に含める。'}",,,31.3,逃げ狙い,32.31,25.2,2,,,,,,,,,,,
2025-08-10,丸亀,12,5,梶野学志,A1,40.65,5,,4.2572,14.3,47,46.4,0.1566,3.2411,,,0,低,97,0,-,,0,58.3,1.2707,,,,,,0.0138,0.1164,0.0276,,,B,△,,0.2855,0.656,,0.5892,S,91,0,◎1着固定 2-3着流し（5〜8点）,0.5777,"{'is_target': True, 'verdict': '参加推奨', 'max_combo_prob': 0.0646, 'est_top_odds': 20.6, 'circle_concentration': 57.2, 'eligible_count': 6, 'bet_adj': 2, 'reason': 'rel_win1=56.1%（本命度） / 最有力組み合わせ確率: 0.065（推定実オッズ?21倍） / 2着集中度: 上位2艇 57.2%（補正+0.00） / 総合判定確率: 0.065 / → ヒモ分散。1号艇1着固定で広めのヒモ流し推奨（買い目+2点）', 'tenji_trigger': '展示確認: ヒモ分散レース。1号艇伸び確認後、広めのヒモ流しを採用。穴ヒモ（5・6号艇）を積極的に含める。'}",,,31.3,逃げ狙い,32.31,25.2,2,,,,,,,,,,,
2025-08-10,丸亀,12,6,中村日向,A1,30.94,6,,2.585,7.4,46,48.1,0.1619,3.6296,,,0,低,40,0,-,,0,32.8,0.8842,,,,,,0.1538,0.0769,0,,,D,,,0.2648,0.645,,0.5892,S,91,0,◎1着固定 2-3着流し（5〜8点）,0.5777,"{'is_target': True, 'verdict': '参加推奨', 'max_combo_prob': 0.0646, 'est_top_odds': 20.6, 'circle_concentration': 57.2, 'eligible_count': 6, 'bet_adj': 2, 'reason': 'rel_win1=56.1%（本命度） / 最有力組み合わせ確率: 0.065（推定実オッズ?21倍） / 2着集中度: 上位2艇 57.2%（補正+0.00） / 総合判定確率: 0.065 / → ヒモ分散。1号艇1着固定で広めのヒモ流し推奨（買い目+2点）', 'tenji_trigger': '展示確認: ヒモ分散レース。1号艇伸び確認後、広めのヒモ流しを採用。穴ヒモ（5・6号艇）を積極的に含める。'}",,,31.3,逃げ狙い,32.31,25.2,2,,,,,,,,,,,
2025-08-11,丸亀,1,1,宮迫暢彦,B1,32.72,1,◎,61.9709,,0,69.7,0.1592,3.1053,,,0,低,138,0,逃0%,5,0,65.2,0.959,0.4,,,,,0.25,0.2,0.1,◎,,C,◎,,,0.594,,0.4805,B,58,0,◎○△フォーメーション（15〜20点）,0.5777,"{'is_target': True, 'verdict': '点数絞り', 'max_combo_prob': 0.0921, 'est_top_odds': 14.5, 'circle_concentration': 76.7, 'eligible_count': 9, 'bet_adj': 0, 'reason': 'rel_win1=62.0%（本命度） / 最有力組み合わせ確率: 0.092（推定実オッズ?14倍） / 2着集中度: 上位2艇 76.7%（補正+0.04） / 総合判定確率: 0.132 / → ヒモはやや固め。上位2艇以外を切ること', 'tenji_trigger': '展示確認: 1号艇伸び良→そのまま採用。悪→飛び組に差し替え。circle_pct上位2艇に絞り込むこと。'}",,,28.7,両建て推奨,10.31,36.7,4,,,,,0,0,0.7559,0,,逃げ軸流し,A
2025-08-11,丸亀,1,2,渡辺空依,B1,35.78,2,○,10.7778,52.3,100,51.1,0.184,3.8191,,,0,低,103,0,-,3,0,91.5,1.7428,0,0.0385,0,0,0,0.0286,0.1143,0.0286,,,B,△,,0.0965,0.54,,0.4805,B,58,0,◎○△フォーメーション（15〜20点）,0.5777,"{'is_target': True, 'verdict': '点数絞り', 'max_combo_prob': 0.0921, 'est_top_odds': 14.5, 'circle_concentration': 76.7, 'eligible_count': 9, 'bet_adj': 0, 'reason': 'rel_win1=62.0%（本命度） / 最有力組み合わせ確率: 0.092（推定実オッズ?14倍） / 2着集中度: 上位2艇 76.7%（補正+0.04） / 総合判定確率: 0.132 / → ヒモはやや固め。上位2艇以外を切ること', 'tenji_trigger': '展示確認: 1号艇伸び良→そのまま採用。悪→飛び組に差し替え。circle_pct上位2艇に絞り込むこと。'}",,,28.7,両建て推奨,10.31,36.7,4,,,,,,,,,,,
2025-08-11,丸亀,1,3,浅井　翼,B1,32.41,3,▲,11.446,24.5,59,25,0.1646,3.125,,,0,低,93,0,差ま0%,22,0,32.1,0.6954,0,0,0,0.0667,0,0.3077,0.3077,0.1538,,,C,,,0.2988,0.4745,,0.4805,B,58,0,◎○△フォーメーション（15〜20点）,0.5777,"{'is_target': True, 'verdict': '点数絞り', 'max_combo_prob': 0.0921, 'est_top_odds': 14.5, 'circle_concentration': 76.7, 'eligible_count': 9, 'bet_adj': 0, 'reason': 'rel_win1=62.0%（本命度） / 最有力組み合わせ確率: 0.092（推定実オッズ?14倍） / 2着集中度: 上位2艇 76.7%（補正+0.04） / 総合判定確率: 0.132 / → ヒモはやや固め。上位2艇以外を切ること', 'tenji_trigger': '展示確認: 1号艇伸び良→そのまま採用。悪→飛び組に差し替え。circle_pct上位2艇に絞り込むこと。'}",,,28.7,両建て推奨,10.31,36.7,4,,,,,,,,,,,
2025-08-11,丸亀,1,4,黒田　剛,B1,30.50,4,,7.5177,6.5,65,25.5,0.1687,3.2979,,,0,低,91,0,差0%,2,0,25.5,0.6589,0,0.0357,0,0,0,0.4667,0.2,0,,,D,△,,0.2735,0.56,,0.4805,B,58,0,◎○△フォーメーション（15〜20点）,0.5777,"{'is_target': True, 'verdict': '点数絞り', 'max_combo_prob': 0.0921, 'est_top_odds': 14.5, 'circle_concentration': 76.7, 'eligible_count': 9, 'bet_adj': 0, 'reason': 'rel_win1=62.0%（本命度） / 最有力組み合わせ確率: 0.092（推定実オッズ?14倍） / 2着集中度: 上位2艇 76.7%（補正+0.04） / 総合判定確率: 0.132 / → ヒモはやや固め。上位2艇以外を切ること', 'tenji_trigger': '展示確認: 1号艇伸び良→そのまま採用。悪→飛び組に差し替え。circle_pct上位2艇に絞り込むこと。'}",,,28.7,両建て推奨,10.31,36.7,4,,,,,,,,,,,
2025-08-11,丸亀,1,5,中岡　駿,B2,33.18,5,△,6.5427,13.8,68,0,0.2075,4.0625,,,0,低,40,1,-,6,0,22.3,0.7412,,,,,,,,,,,C,,,0.1903,0.482,,0.4805,B,58,0,◎○△フォーメーション（15〜20点）,0.5777,"{'is_target': True, 'verdict': '点数絞り', 'max_combo_prob': 0.0921, 'est_top_odds': 14.5, 'circle_concentration': 76.7, 'eligible_count': 9, 'bet_adj': 0, 'reason': 'rel_win1=62.0%（本命度） / 最有力組み合わせ確率: 0.092（推定実オッズ?14倍） / 2着集中度: 上位2艇 76.7%（補正+0.04） / 総合判定確率: 0.132 / → ヒモはやや固め。上位2艇以外を切ること', 'tenji_trigger': '展示確認: 1号艇伸び良→そのまま採用。悪→飛び組に差し替え。circle_pct上位2艇に絞り込むこと。'}",,,28.7,両建て推奨,10.31,36.7,4,,,,,,,,,,,
2025-08-11,丸亀,1,6,星野政彦,B1,26.89,6,,1.7448,3,47,13.3,0.168,3.8667,,,0,低,79,0,-,5,0,22.2,0.78,,,,,,0.2308,0.0923,0.3231,,,E,○,,0.312,0.5745,,0.4805,B,58,0,◎○△フォーメーション（15〜20点）,0.5777,"{'is_target': True, 'verdict': '点数絞り', 'max_combo_prob': 0.0921, 'est_top_odds': 14.5, 'circle_concentration': 76.7, 'eligible_count': 9, 'bet_adj': 0, 'reason': 'rel_win1=62.0%（本命度） / 最有力組み合わせ確率: 0.092（推定実オッズ?14倍） / 2着集中度: 上位2艇 76.7%（補正+0.04） / 総合判定確率: 0.132 / → ヒモはやや固め。上位2艇以外を切ること', 'tenji_trigger': '展示確認: 1号艇伸び良→そのまま採用。悪→飛び組に差し替え。circle_pct上位2艇に絞り込むこと。'}",,,28.7,両建て推奨,10.31,36.7,4,,,,,,,,,,,
2025-08-11,丸亀,2,1,赤澤文香,B1,31.16,1,○,45.8325,,0,61.9,0.181,3.8571,,,0,低,80,0,逃0%,13,0,82.2,1.0368,0.3077,,,,,0.3077,0.2308,0.0769,△,,D,,,,0.5955,,0.2014,B,48,0,◎○△フォーメーション（15〜20点）,0.5777,"{'is_target': True, 'verdict': '参加推奨', 'max_combo_prob': 0.0659, 'est_top_odds': 20.2, 'circle_concentration': 72.4, 'eligible_count': 9, 'bet_adj': 2, 'reason': 'rel_win1=45.8%（本命度） / 最有力組み合わせ確率: 0.066（推定実オッズ?20倍） / 2着集中度: 上位2艇 72.4%（補正+0.04） / 総合判定確率: 0.106 / → ヒモ分散。1号艇1着固定で広めのヒモ流し推奨（買い目+2点）', 'tenji_trigger': '展示確認: ヒモ分散レース。1号艇伸び確認後、広めのヒモ流しを採用。穴ヒモ（5・6号艇）を積極的に含める。\n展示で1号艇スタート遅め(0.181秒)確認→ヒモが荒れやすい'}",,,32.1,両建て推奨,16.97,40.7,3,1-2-5|1-2-3|1-3-5|1-3-2|1-5-3,2-1-3|4-1-3|4-1-2|4-1-6|2-1-4|4-2-1|4-3-1|1-2-5|1-2-3|1-3-5|1-3-2|1-5-3,1-2-5:7.21%|1-2-3:6.87%|1-3-5:5.79%|1-3-2:4.98%|1-5-3:3.61%,1-2-5:A|1-2-3:A|1-3-5:A|1-3-2:A|1-5-3:A,5,12,0.4535,1,[!]見送り推奨（主役決まり手「まくり」― 逃げ劣勢レースで的中実績なし）,荒れ広め,D
2025-08-11,丸亀,2,2,水原　慎,B1,39.09,2,◎,15.1143,39.1,82,52,0.1649,3.6267,,,0,低,126,0,差0%,3,0,28.3,0.5293,0,0.1071,0.0357,0,0,0.05,0.2,0.2,,○,B,△,,0.4829,0.598,,0.2014,B,48,0,◎○△フォーメーション（15〜20点）,0.5777,"{'is_target': True, 'verdict': '参加推奨', 'max_combo_prob': 0.0659, 'est_top_odds': 20.2, 'circle_concentration': 72.4, 'eligible_count': 9, 'bet_adj': 2, 'reason': 'rel_win1=45.8%（本命度） / 最有力組み合わせ確率: 0.066（推定実オッズ?20倍） / 2着集中度: 上位2艇 72.4%（補正+0.04） / 総合判定確率: 0.106 / → ヒモ分散。1号艇1着固定で広めのヒモ流し推奨（買い目+2点）', 'tenji_trigger': '展示確認: ヒモ分散レース。1号艇伸び確認後、広めのヒモ流しを採用。穴ヒモ（5・6号艇）を積極的に含める。\n展示で1号艇スタート遅め(0.181秒)確認→ヒモが荒れやすい'}",,,32.1,両建て推奨,16.97,40.7,3,,,,,,,,,,,
2025-08-11,丸亀,2,3,大島隆乃,B1,31.82,3,,12.9289,33.3,100,61.1,0.1683,3.4583,,,0,低,77,0,-,23,0,61.2,1.1763,,,,,,0,0.3333,0,,△,D,◎,,0.3744,0.6445,,0.2014,B,48,0,◎○△フォーメーション（15〜20点）,0.5777,"{'is_target': True, 'verdict': '参加推奨', 'max_combo_prob': 0.0659, 'est_top_odds': 20.2, 'circle_concentration': 72.4, 'eligible_count': 9, 'bet_adj': 2, 'reason': 'rel_win1=45.8%（本命度） / 最有力組み合わせ確率: 0.066（推定実オッズ?20倍） / 2着集中度: 上位2艇 72.4%（補正+0.04） / 総合判定確率: 0.106 / → ヒモ分散。1号艇1着固定で広めのヒモ流し推奨（買い目+2点）', 'tenji_trigger': '展示確認: ヒモ分散レース。1号艇伸び確認後、広めのヒモ流しを採用。穴ヒモ（5・6号艇）を積極的に含める。\n展示で1号艇スタート遅め(0.181秒)確認→ヒモが荒れやすい'}",,,32.1,両建て推奨,16.97,40.7,3,,,,,,,,,,,
2025-08-11,丸亀,2,4,齋藤　勇,B1,38.71,4,△,10.8061,12.7,59,28.8,0.1781,3.8475,,,0,低,151,0,ま0%,6,0,44.1,0.8309,0,0,0.1333,0,0,0.2741,0.4148,0.0444,,,B,,,0.3239,0.5935,,0.2014,B,48,0,◎○△フォーメーション（15〜20点）,0.5777,"{'is_target': True, 'verdict': '参加推奨', 'max_combo_prob': 0.0659, 'est_top_odds': 20.2, 'circle_concentration': 72.4, 'eligible_count': 9, 'bet_adj': 2, 'reason': 'rel_win1=45.8%（本命度） / 最有力組み合わせ確率: 0.066（推定実オッズ?20倍） / 2着集中度: 上位2艇 72.4%（補正+0.04） / 総合判定確率: 0.106 / → ヒモ分散。1号艇1着固定で広めのヒモ流し推奨（買い目+2点）', 'tenji_trigger': '展示確認: ヒモ分散レース。1号艇伸び確認後、広めのヒモ流しを採用。穴ヒモ（5・6号艇）を積極的に含める。\n展示で1号艇スタート遅め(0.181秒)確認→ヒモが荒れやすい'}",,,32.1,両建て推奨,16.97,40.7,3,,,,,,,,,,,
2025-08-11,丸亀,2,5,石田貴洋,B1,36.07,5,▲,10.3586,9.8,48,42.6,0.123,2.5984,,,0,低,85,0,-,2,0,24.2,0.5048,0,0,0.12,0,0,0.0364,0.1745,0.0909,,◎,C,△,◎,0.4843,0.616,0.3852,0.2014,B,48,0,◎○△フォーメーション（15〜20点）,0.5777,"{'is_target': True, 'verdict': '参加推奨', 'max_combo_prob': 0.0659, 'est_top_odds': 20.2, 'circle_concentration': 72.4, 'eligible_count': 9, 'bet_adj': 2, 'reason': 'rel_win1=45.8%（本命度） / 最有力組み合わせ確率: 0.066（推定実オッズ?20倍） / 2着集中度: 上位2艇 72.4%（補正+0.04） / 総合判定確率: 0.106 / → ヒモ分散。1号艇1着固定で広めのヒモ流し推奨（買い目+2点）', 'tenji_trigger': '展示確認: ヒモ分散レース。1号艇伸び確認後、広めのヒモ流しを採用。穴ヒモ（5・6号艇）を積極的に含める。\n展示で1号艇スタート遅め(0.181秒)確認→ヒモが荒れやすい'}",,,32.1,両建て推奨,16.97,40.7,3,,,,,,,,,,,
2025-08-11,丸亀,2,6,高橋正男,A2,31.63,6,,4.9596,5.1,65,42.9,0.165,3.7054,,,0,低,124,0,-,1,0,21.5,0.5908,0,0.0385,0.0385,0.0385,0,0.0364,0.2727,0.0848,,,D,○,,0.3364,0.635,,0.2014,B,48,0,◎○△フォーメーション（15〜20点）,0.5777,"{'is_target': True, 'verdict': '参加推奨', 'max_combo_prob': 0.0659, 'est_top_odds': 20.2, 'circle_concentration': 72.4, 'eligible_count': 9, 'bet_adj': 2, 'reason': 'rel_win1=45.8%（本命度） / 最有力組み合わせ確率: 0.066（推定実オッズ?20倍） / 2着集中度: 上位2艇 72.4%（補正+0.04） / 総合判定確率: 0.106 / → ヒモ分散。1号艇1着固定で広めのヒモ流し推奨（買い目+2点）', 'tenji_trigger': '展示確認: ヒモ分散レース。1号艇伸び確認後、広めのヒモ流しを採用。穴ヒモ（5・6号艇）を積極的に含める。\n展示で1号艇スタート遅め(0.181秒)確認→ヒモが荒れやすい'}",,,32.1,両建て推奨,16.97,40.7,3,,,,,,,,,,,
2025-08-11,丸亀,3,1,細川明人,B1,25.91,1,○,39.4243,,0,70.5,0.1952,4.1023,,,0,低,154,0,逃0%,5,0,49.8,0.88,0.3684,,,,,0.0211,0.5684,0.1632,,,E,,,,0.572,,0.1779,C,35,0,荒れ傾向。高配当狙いか見送り,0.5777,"{'is_target': False, 'verdict': '対象外', 'max_combo_prob': None, 'est_top_odds': None, 'circle_concentration': None, 'eligible_count': 0, 'bet_adj': 0, 'reason': '1号艇rel_win1 < 45%: 通常判定に委ねる', 'tenji_trigger': ''}",,,38.7,両建て推奨,22.44,40.5,4,4-1-5|4-1-6|4-1-2|4-2-1|4-5-1|4-2-5|4-2-6|1-2-4|1-3-4|1-4-2,4-1-5|4-1-6|4-1-2|4-2-1|4-5-1|4-2-5|4-2-6|1-2-4|5-1-2|1-3-4|1-4-2|5-1-6,4-1-5:2.82%|4-1-6:1.79%|4-1-2:1.56%|4-2-1:0.83%|4-5-1:0.77%|4-2-5:0.41%|4-2-6:0.26%|1-2-4:6.36%|1-3-4:4.77%|1-4-2:4.3%,4-1-5:B_main|4-1-6:B_main|4-1-2:B_main|4-2-1:B_main|4-5-1:B_main|4-2-5:B_main|4-2-6:B_main|1-2-4:A|1-3-4:A|1-4-2:A,10,12,0.2915,1,[!]見送り推奨（主役決まり手「まくり差し」― 逃げ劣勢レースで的中実績なし）,主役軸流し,B
2025-08-11,丸亀,3,2,村田　敦,B1,39.63,2,▲,9.022,27.7,61,40.7,0.1629,3.2203,,,0,低,81,0,-,5,0,76.7,0.7009,,,,,,0.22,0.02,0.42,,○,A,△,,0.5807,0.6445,,0.1779,C,35,0,荒れ傾向。高配当狙いか見送り,0.5777,"{'is_target': False, 'verdict': '対象外', 'max_combo_prob': None, 'est_top_odds': None, 'circle_concentration': None, 'eligible_count': 0, 'bet_adj': 0, 'reason': '1号艇rel_win1 < 45%: 通常判定に委ねる', 'tenji_trigger': ''}",,,38.7,両建て推奨,22.44,40.5,4,,,,,,,,,,,
2025-08-11,丸亀,3,3,守屋大地,B1,30.28,3,,12.6632,26.9,100,45.5,0.1941,4.4242,,,0,低,180,0,ま0%,34,0,30.9,0.9723,0,0,0.0435,0,0,0.5236,0.1927,0.0727,,,C,◎,,0.3397,0.654,,0.1779,C,35,0,荒れ傾向。高配当狙いか見送り,0.5777,"{'is_target': False, 'verdict': '対象外', 'max_combo_prob': None, 'est_top_odds': None, 'circle_concentration': None, 'eligible_count': 0, 'bet_adj': 0, 'reason': '1号艇rel_win1 < 45%: 通常判定に委ねる', 'tenji_trigger': ''}",,,38.7,両建て推奨,22.44,40.5,4,,,,,,,,,,,
2025-08-11,丸亀,3,4,中村日向,A1,30.94,4,◎,25.4918,29.9,96,79.3,0.1483,2.8103,,,0,低,40,0,差0% ま0% 差ま0% 抜0%,35,0,98.6,1.9266,0,0.0909,0.0909,0.2727,0.1818,0.1538,0.0769,0,,◎,C,○,◎,0.6029,0.645,0.6051,0.1779,C,35,0,荒れ傾向。高配当狙いか見送り,0.5777,"{'is_target': False, 'verdict': '対象外', 'max_combo_prob': None, 'est_top_odds': None, 'circle_concentration': None, 'eligible_count': 0, 'bet_adj': 0, 'reason': '1号艇rel_win1 < 45%: 通常判定に委ねる', 'tenji_trigger': ''}",,,38.7,両建て推奨,22.44,40.5,4,,,,,,,,,,,
2025-08-11,丸亀,3,5,石渡翔一,B1,30.84,5,△,10.2303,13.7,82,51.1,0.1419,3.0532,,,0,低,77,0,ま0% 差ま0%,66,0,25.2,1.5369,0,0,0.0714,0.0714,0,0.1538,0.0769,0.1538,,△,C,,,0.5484,0.6015,,0.1779,C,35,0,荒れ傾向。高配当狙いか見送り,0.5777,"{'is_target': False, 'verdict': '対象外', 'max_combo_prob': None, 'est_top_odds': None, 'circle_concentration': None, 'eligible_count': 0, 'bet_adj': 0, 'reason': '1号艇rel_win1 < 45%: 通常判定に委ねる', 'tenji_trigger': ''}",,,38.7,両建て推奨,22.44,40.5,4,,,,,,,,,,,
2025-08-11,丸亀,3,6,長谷川充,B1,28.11,6,,3.1684,1.9,22,18.5,0.2235,5.1852,,,0,低,187,0,差0%,14,0,25.2,0.8028,0,0.04,0,0,0,0.1941,0.3289,0.0444,,,D,△,,0.2756,0.6205,,0.1779,C,35,0,荒れ傾向。高配当狙いか見送り,0.5777,"{'is_target': False, 'verdict': '対象外', 'max_combo_prob': None, 'est_top_odds': None, 'circle_concentration': None, 'eligible_count': 0, 'bet_adj': 0, 'reason': '1号艇rel_win1 < 45%: 通常判定に委ねる', 'tenji_trigger': ''}",,,38.7,両建て推奨,22.44,40.5,4,,,,,,,,,,,
2025-08-11,丸亀,4,1,増田　進,B1,34.58,1,◎,49.5971,,0,78.9,0.1592,3.0704,,,0,低,192,0,逃0%,65,0,82.3,1.006,0.2333,,,,,0.28,0.3333,0.14,◎,,C,○,,,0.6315,,0.4591,A,67,0,◎-○軸 3着3〜4艇流し（10〜15点）,0.5777,"{'is_target': True, 'verdict': '点数絞り', 'max_combo_prob': 0.0954, 'est_top_odds': 14.0, 'circle_concentration': 70.0, 'eligible_count': 8, 'bet_adj': 0, 'reason': 'rel_win1=49.6%（本命度） / 最有力組み合わせ確率: 0.095（推定実オッズ?14倍） / 2着集中度: 上位2艇 70.0%（補正+0.04） / 総合判定確率: 0.135 / → ヒモはやや固め。上位2艇以外を切ること', 'tenji_trigger': '展示確認: 1号艇伸び良→そのまま採用。悪→飛び組に差し替え。circle_pct上位2艇に絞り込むこと。'}",,,32.3,逃げ狙い,18.07,40.3,3,,,,,0,0,0.7559,0,,逃げ軸流し,A
2025-08-11,丸亀,4,2,梶野学志,A1,40.65,2,○,15.515,52.5,78,62.3,0.16,3.5283,,,0,低,97,0,-,52,0,51.5,0.9245,0,0.0345,0.0345,0,0,0.0138,0.1164,0.0276,,◎,B,◎,,0.3406,0.656,,0.4591,A,67,0,◎-○軸 3着3〜4艇流し（10〜15点）,0.5777,"{'is_target': True, 'verdict': '点数絞り', 'max_combo_prob': 0.0954, 'est_top_odds': 14.0, 'circle_concentration': 70.0, 'eligible_count': 8, 'bet_adj': 0, 'reason': 'rel_win1=49.6%（本命度） / 最有力組み合わせ確率: 0.095（推定実オッズ?14倍） / 2着集中度: 上位2艇 70.0%（補正+0.04） / 総合判定確率: 0.135 / → ヒモはやや固め。上位2艇以外を切ること', 'tenji_trigger': '展示確認: 1号艇伸び良→そのまま採用。悪→飛び組に差し替え。circle_pct上位2艇に絞り込むこと。'}",,,32.3,逃げ狙い,18.07,40.3,3,,,,,,,,,,,
2025-08-11,丸亀,4,3,清水未唯,B2,31.94,3,△,14.2756,17.5,70,23.5,0.1865,3.2059,,,0,低,32,0,-,4,0,63.7,0.7923,,,,,,0,0.3333,0,,,D,,,0.2238,0.525,,0.4591,A,67,0,◎-○軸 3着3〜4艇流し（10〜15点）,0.5777,"{'is_target': True, 'verdict': '点数絞り', 'max_combo_prob': 0.0954, 'est_top_odds': 14.0, 'circle_concentration': 70.0, 'eligible_count': 8, 'bet_adj': 0, 'reason': 'rel_win1=49.6%（本命度） / 最有力組み合わせ確率: 0.095（推定実オッズ?14倍） / 2着集中度: 上位2艇 70.0%（補正+0.04） / 総合判定確率: 0.135 / → ヒモはやや固め。上位2艇以外を切ること', 'tenji_trigger': '展示確認: 1号艇伸び良→そのまま採用。悪→飛び組に差し替え。circle_pct上位2艇に絞り込むこと。'}",,,32.3,逃げ狙い,18.07,40.3,3,,,,,,,,,,,
2025-08-11,丸亀,4,4,高田　綾,B1,38.86,4,▲,9.3894,11.9,100,42.9,0.2,3.6429,,,0,低,47,0,-,14,0,14.8,0.4804,,,,,,0,0.1538,0.2308,,,B,△,,0.2013,0.5525,,0.4591,A,67,0,◎-○軸 3着3〜4艇流し（10〜15点）,0.5777,"{'is_target': True, 'verdict': '点数絞り', 'max_combo_prob': 0.0954, 'est_top_odds': 14.0, 'circle_concentration': 70.0, 'eligible_count': 8, 'bet_adj': 0, 'reason': 'rel_win1=49.6%（本命度） / 最有力組み合わせ確率: 0.095（推定実オッズ?14倍） / 2着集中度: 上位2艇 70.0%（補正+0.04） / 総合判定確率: 0.135 / → ヒモはやや固め。上位2艇以外を切ること', 'tenji_trigger': '展示確認: 1号艇伸び良→そのまま採用。悪→飛び組に差し替え。circle_pct上位2艇に絞り込むこと。'}",,,32.3,逃げ狙い,18.07,40.3,3,,,,,,,,,,,
2025-08-11,丸亀,4,5,倉富大誠,B1,28.50,5,,7.6474,13.9,44,35.3,0.1712,3.402,,,0,低,133,0,差ま0% 抜0%,12,0,68.7,1.1176,0,0,0,0.04,0.04,0.25,0.225,0.05,,,E,,,0.2918,0.5365,,0.4591,A,67,0,◎-○軸 3着3〜4艇流し（10〜15点）,0.5777,"{'is_target': True, 'verdict': '点数絞り', 'max_combo_prob': 0.0954, 'est_top_odds': 14.0, 'circle_concentration': 70.0, 'eligible_count': 8, 'bet_adj': 0, 'reason': 'rel_win1=49.6%（本命度） / 最有力組み合わせ確率: 0.095（推定実オッズ?14倍） / 2着集中度: 上位2艇 70.0%（補正+0.04） / 総合判定確率: 0.135 / → ヒモはやや固め。上位2艇以外を切ること', 'tenji_trigger': '展示確認: 1号艇伸び良→そのまま採用。悪→飛び組に差し替え。circle_pct上位2艇に絞り込むこと。'}",,,32.3,逃げ狙い,18.07,40.3,3,,,,,,,,,,,
2025-08-11,丸亀,4,6,中田夕貴,A2,36.20,6,,3.5754,4.2,59,27.6,0.2014,4.3448,,,0,低,68,0,-,61,0,32.8,1.1658,,,,,,0.1927,0.3127,0,,,C,△,,0.2295,0.5955,,0.4591,A,67,0,◎-○軸 3着3〜4艇流し（10〜15点）,0.5777,"{'is_target': True, 'verdict': '点数絞り', 'max_combo_prob': 0.0954, 'est_top_odds': 14.0, 'circle_concentration': 70.0, 'eligible_count': 8, 'bet_adj': 0, 'reason': 'rel_win1=49.6%（本命度） / 最有力組み合わせ確率: 0.095（推定実オッズ?14倍） / 2着集中度: 上位2艇 70.0%（補正+0.04） / 総合判定確率: 0.135 / → ヒモはやや固め。上位2艇以外を切ること', 'tenji_trigger': '展示確認: 1号艇伸び良→そのまま採用。悪→飛び組に差し替え。circle_pct上位2艇に絞り込むこと。'}",,,32.3,逃げ狙い,18.07,40.3,3,,,,,,,,,,,
2025-08-11,丸亀,5,1,奥田　誠,B1,29.02,1,◎,48.4693,,0,75,0.165,3.7083,,,0,低,163,0,-,64,0,100,2.4434,0.619,,,,,0.1771,0.0571,0.139,○,,E,△,,,0.6205,,0.4396,A,63,0,◎-○軸 3着3〜4艇流し（10〜15点）,0.5777,"{'is_target': True, 'verdict': '参加推奨', 'max_combo_prob': 0.0554, 'est_top_odds': 24.1, 'circle_concentration': 58.7, 'eligible_count': 8, 'bet_adj': 2, 'reason': 'rel_win1=48.5%（本命度） / 最有力組み合わせ確率: 0.055（推定実オッズ?24倍） / 2着集中度: 上位2艇 58.7%（補正+0.00） / 総合判定確率: 0.055 / → ヒモ分散。1号艇1着固定で広めのヒモ流し推奨（買い目+2点）', 'tenji_trigger': '展示確認: ヒモ分散レース。1号艇伸び確認後、広めのヒモ流しを採用。穴ヒモ（5・6号艇）を積極的に含める。'}",,,29.1,両建て推奨,18.43,30.9,4,,,,,0,0,0.6155,0,,逃げ軸流し,A
2025-08-11,丸亀,5,2,孫崎百世,B2,38.50,2,△,11.1714,34.8,100,59.4,0.2103,4.2812,,,0,低,108,0,差0%,45,0,30.4,0.961,0,0.1,0,0,0,0.1714,0.2571,0.3143,,,B,,,0.0722,0.557,,0.4396,A,63,0,◎-○軸 3着3〜4艇流し（10〜15点）,0.5777,"{'is_target': True, 'verdict': '参加推奨', 'max_combo_prob': 0.0554, 'est_top_odds': 24.1, 'circle_concentration': 58.7, 'eligible_count': 8, 'bet_adj': 2, 'reason': 'rel_win1=48.5%（本命度） / 最有力組み合わせ確率: 0.055（推定実オッズ?24倍） / 2着集中度: 上位2艇 58.7%（補正+0.00） / 総合判定確率: 0.055 / → ヒモ分散。1号艇1着固定で広めのヒモ流し推奨（買い目+2点）', 'tenji_trigger': '展示確認: ヒモ分散レース。1号艇伸び確認後、広めのヒモ流しを採用。穴ヒモ（5・6号艇）を積極的に含める。'}",,,29.1,両建て推奨,18.43,30.9,4,,,,,,,,,,,
2025-08-11,丸亀,5,3,丸山祐也,B1,29.91,3,,8.6757,17.1,73,38.1,0.1852,4.2024,,,0,低,130,0,-,5,0,22.4,0.7977,,,,,,0.125,0.25,0.25,,,D,,,0.2099,0.558,,0.4396,A,63,0,◎-○軸 3着3〜4艇流し（10〜15点）,0.5777,"{'is_target': True, 'verdict': '参加推奨', 'max_combo_prob': 0.0554, 'est_top_odds': 24.1, 'circle_concentration': 58.7, 'eligible_count': 8, 'bet_adj': 2, 'reason': 'rel_win1=48.5%（本命度） / 最有力組み合わせ確率: 0.055（推定実オッズ?24倍） / 2着集中度: 上位2艇 58.7%（補正+0.00） / 総合判定確率: 0.055 / → ヒモ分散。1号艇1着固定で広めのヒモ流し推奨（買い目+2点）', 'tenji_trigger': '展示確認: ヒモ分散レース。1号艇伸び確認後、広めのヒモ流しを採用。穴ヒモ（5・6号艇）を積極的に含める。'}",,,29.1,両建て推奨,18.43,30.9,4,,,,,,,,,,,
2025-08-11,丸亀,5,4,藤田俊祐,A2,36.53,4,▲,18.6261,24,56,55.3,0.1729,3.3026,,,0,低,73,0,ま0%,46,0,57.2,1.2257,0,0,0.1538,0.0769,0,0.0211,0.0421,0.2632,,,C,△,◎,0.288,0.5695,0.3165,0.4396,A,63,0,◎-○軸 3着3〜4艇流し（10〜15点）,0.5777,"{'is_target': True, 'verdict': '参加推奨', 'max_combo_prob': 0.0554, 'est_top_odds': 24.1, 'circle_concentration': 58.7, 'eligible_count': 8, 'bet_adj': 2, 'reason': 'rel_win1=48.5%（本命度） / 最有力組み合わせ確率: 0.055（推定実オッズ?24倍） / 2着集中度: 上位2艇 58.7%（補正+0.00） / 総合判定確率: 0.055 / → ヒモ分散。1号艇1着固定で広めのヒモ流し推奨（買い目+2点）', 'tenji_trigger': '展示確認: ヒモ分散レース。1号艇伸び確認後、広めのヒモ流しを採用。穴ヒモ（5・6号艇）を積極的に含める。'}",,,29.1,両建て推奨,18.43,30.9,4,,,,,,,,,,,
2025-08-11,丸亀,5,5,上田紗奈,B1,47.89,5,○,9.4544,19.6,24,37.8,0.1738,3.5946,,,0,低,90,0,ま0%,52,0,58.7,1.2379,0,0,0.0625,0,0,0,0.1771,0.2971,,,A,○,,0.2615,0.6315,,0.4396,A,63,0,◎-○軸 3着3〜4艇流し（10〜15点）,0.5777,"{'is_target': True, 'verdict': '参加推奨', 'max_combo_prob': 0.0554, 'est_top_odds': 24.1, 'circle_concentration': 58.7, 'eligible_count': 8, 'bet_adj': 2, 'reason': 'rel_win1=48.5%（本命度） / 最有力組み合わせ確率: 0.055（推定実オッズ?24倍） / 2着集中度: 上位2艇 58.7%（補正+0.00） / 総合判定確率: 0.055 / → ヒモ分散。1号艇1着固定で広めのヒモ流し推奨（買い目+2点）', 'tenji_trigger': '展示確認: ヒモ分散レース。1号艇伸び確認後、広めのヒモ流しを採用。穴ヒモ（5・6号艇）を積極的に含める。'}",,,29.1,両建て推奨,18.43,30.9,4,,,,,,,,,,,
2025-08-11,丸亀,5,6,桑島和宏,A1,32.54,6,,3.603,4.6,69,45.2,0.1825,4.1575,,,0,低,131,0,-,14,0,26.1,0.6911,,,,,,0.0526,0.0105,0.1276,,,D,◎,,0.2567,0.6545,,0.4396,A,63,0,◎-○軸 3着3〜4艇流し（10〜15点）,0.5777,"{'is_target': True, 'verdict': '参加推奨', 'max_combo_prob': 0.0554, 'est_top_odds': 24.1, 'circle_concentration': 58.7, 'eligible_count': 8, 'bet_adj': 2, 'reason': 'rel_win1=48.5%（本命度） / 最有力組み合わせ確率: 0.055（推定実オッズ?24倍） / 2着集中度: 上位2艇 58.7%（補正+0.00） / 総合判定確率: 0.055 / → ヒモ分散。1号艇1着固定で広めのヒモ流し推奨（買い目+2点）', 'tenji_trigger': '展示確認: ヒモ分散レース。1号艇伸び確認後、広めのヒモ流しを採用。穴ヒモ（5・6号艇）を積極的に含める。'}",,,29.1,両建て推奨,18.43,30.9,4,,,,,,,,,,,
2025-08-11,丸亀,6,1,新田洋一,A2,43.90,1,◎,46.919,,0,82.9,0.152,3.1857,,,0,低,48,0,-,6,0,90.6,1.3174,0.5789,,,,,0.0211,0.3203,0.0842,◎,,A,○,,,0.658,,0.4762,A,63,0,◎-○軸 3着3〜4艇流し（10〜15点）,0.5777,"{'is_target': True, 'verdict': '点数絞り', 'max_combo_prob': 0.1036, 'est_top_odds': 12.9, 'circle_concentration': 78.8, 'eligible_count': 8, 'bet_adj': 0, 'reason': 'rel_win1=46.9%（本命度） / 最有力組み合わせ確率: 0.104（推定実オッズ?13倍） / 2着集中度: 上位2艇 78.8%（補正+0.04） / 総合判定確率: 0.144 / → ヒモはやや固め。上位2艇以外を切ること', 'tenji_trigger': '展示確認: 1号艇伸び良→そのまま採用。悪→飛び組に差し替え。circle_pct上位2艇に絞り込むこと。'}",,,30.9,両建て推奨,23.75,31.4,2,,,,,0,0,0.7559,0,,逃げ軸流し,A
2025-08-11,丸亀,6,2,西丸侑太,A2,35.19,2,○,18.5757,60.9,67,76.2,0.1864,3.75,,,0,低,100,0,差0% ま0%,61,0,31.7,0.8764,0,0.2,0.16,0,0,0,0.1314,0.0429,,,B,△,,0.0967,0.6105,,0.4762,A,63,0,◎-○軸 3着3〜4艇流し（10〜15点）,0.5777,"{'is_target': True, 'verdict': '点数絞り', 'max_combo_prob': 0.1036, 'est_top_odds': 12.9, 'circle_concentration': 78.8, 'eligible_count': 8, 'bet_adj': 0, 'reason': 'rel_win1=46.9%（本命度） / 最有力組み合わせ確率: 0.104（推定実オッズ?13倍） / 2着集中度: 上位2艇 78.8%（補正+0.04） / 総合判定確率: 0.144 / → ヒモはやや固め。上位2艇以外を切ること', 'tenji_trigger': '展示確認: 1号艇伸び良→そのまま採用。悪→飛び組に差し替え。circle_pct上位2艇に絞り込むこと。'}",,,30.9,両建て推奨,23.75,31.4,2,,,,,,,,,,,
2025-08-11,丸亀,6,3,星野政彦,B1,26.89,3,△,10.9996,9.6,55,20,0.164,3.0556,,,0,低,79,0,ま0%,5,0,21.9,0.6852,0,0,0.0556,0,0,0.2308,0.0923,0.3231,,,D,,,0.2218,0.5745,,0.4762,A,63,0,◎-○軸 3着3〜4艇流し（10〜15点）,0.5777,"{'is_target': True, 'verdict': '点数絞り', 'max_combo_prob': 0.1036, 'est_top_odds': 12.9, 'circle_concentration': 78.8, 'eligible_count': 8, 'bet_adj': 0, 'reason': 'rel_win1=46.9%（本命度） / 最有力組み合わせ確率: 0.104（推定実オッズ?13倍） / 2着集中度: 上位2艇 78.8%（補正+0.04） / 総合判定確率: 0.144 / → ヒモはやや固め。上位2艇以外を切ること', 'tenji_trigger': '展示確認: 1号艇伸び良→そのまま採用。悪→飛び組に差し替え。circle_pct上位2艇に絞り込むこと。'}",,,30.9,両建て推奨,23.75,31.4,2,,,,,,,,,,,
2025-08-11,丸亀,6,4,栗原直也,B1,26.42,4,,6.4657,8.6,100,47.5,0.1761,3.4237,,,0,低,181,0,ま0% 差ま0%,32,0,39.5,0.9189,0,0,0.0357,0.0357,0,0.0952,0.2333,0.0571,,,E,△,○,0.193,0.6005,0.2438,0.4762,A,63,0,◎-○軸 3着3〜4艇流し（10〜15点）,0.5777,"{'is_target': True, 'verdict': '点数絞り', 'max_combo_prob': 0.1036, 'est_top_odds': 12.9, 'circle_concentration': 78.8, 'eligible_count': 8, 'bet_adj': 0, 'reason': 'rel_win1=46.9%（本命度） / 最有力組み合わせ確率: 0.104（推定実オッズ?13倍） / 2着集中度: 上位2艇 78.8%（補正+0.04） / 総合判定確率: 0.144 / → ヒモはやや固め。上位2艇以外を切ること', 'tenji_trigger': '展示確認: 1号艇伸び良→そのまま採用。悪→飛び組に差し替え。circle_pct上位2艇に絞り込むこと。'}",,,30.9,両建て推奨,23.75,31.4,2,,,,,,,,,,,
2025-08-11,丸亀,6,5,木下翔太,A1,32.09,5,▲,15.7317,17.8,84,59.5,0.1573,3.3108,,,0,低,63,0,差ま1%,13,0,100,2.176,0,0,0,0.1875,0,0.0148,0.1148,0.1148,,,C,◎,◎,0.3033,0.688,0.4377,0.4762,A,63,0,◎-○軸 3着3〜4艇流し（10〜15点）,0.5777,"{'is_target': True, 'verdict': '点数絞り', 'max_combo_prob': 0.1036, 'est_top_odds': 12.9, 'circle_concentration': 78.8, 'eligible_count': 8, 'bet_adj': 0, 'reason': 'rel_win1=46.9%（本命度） / 最有力組み合わせ確率: 0.104（推定実オッズ?13倍） / 2着集中度: 上位2艇 78.8%（補正+0.04） / 総合判定確率: 0.144 / → ヒモはやや固め。上位2艇以外を切ること', 'tenji_trigger': '展示確認: 1号艇伸び良→そのまま採用。悪→飛び組に差し替え。circle_pct上位2艇に絞り込むこと。'}",,,30.9,両建て推奨,23.75,31.4,2,,,,,,,,,,,
2025-08-11,丸亀,6,6,笠野友紀,B1,33.64,6,,1.3083,3,37,10,0.1835,4.075,,,0,低,82,0,-,16,0,30.2,0.7911,,,,,,0.3631,0.3631,0.1508,,,C,,,0.2089,0.5555,,0.4762,A,63,0,◎-○軸 3着3〜4艇流し（10〜15点）,0.5777,"{'is_target': True, 'verdict': '点数絞り', 'max_combo_prob': 0.1036, 'est_top_odds': 12.9, 'circle_concentration': 78.8, 'eligible_count': 8, 'bet_adj': 0, 'reason': 'rel_win1=46.9%（本命度） / 最有力組み合わせ確率: 0.104（推定実オッズ?13倍） / 2着集中度: 上位2艇 78.8%（補正+0.04） / 総合判定確率: 0.144 / → ヒモはやや固め。上位2艇以外を切ること', 'tenji_trigger': '展示確認: 1号艇伸び良→そのまま採用。悪→飛び組に差し替え。circle_pct上位2艇に絞り込むこと。'}",,,30.9,両建て推奨,23.75,31.4,2,,,,,,,,,,,
2025-08-11,丸亀,7,1,三宅　潤,A2,32.72,1,◎,57.1448,,0,89.9,0.161,3.0633,,,0,低,174,0,-,42,0,61.8,0.9731,0.6111,,,,,0.0222,0.0444,0.2111,◎,,C,○,,,0.6355,,0.5038,S,82,0,◎1着固定 2-3着流し（5〜8点）,0.5777,"{'is_target': True, 'verdict': '参加推奨', 'max_combo_prob': 0.0957, 'est_top_odds': 13.9, 'circle_concentration': 61.9, 'eligible_count': 6, 'bet_adj': 2, 'reason': 'rel_win1=57.1%（本命度） / 最有力組み合わせ確率: 0.096（推定実オッズ?14倍） / 2着集中度: 上位2艇 61.9%（補正+0.00） / 総合判定確率: 0.096 / → ヒモ分散。1号艇1着固定で広めのヒモ流し推奨（買い目+2点）', 'tenji_trigger': '展示確認: ヒモ分散レース。1号艇伸び確認後、広めのヒモ流しを採用。穴ヒモ（5・6号艇）を積極的に含める。'}",,,28.5,逃げ狙い,21.08,26.9,4,,,,,0,0,0.7559,0,,逃げ軸流し,A
2025-08-11,丸亀,7,2,石田貴洋,B1,36.07,2,▲,10.6616,38.7,100,60,0.1537,3.1833,,,0,低,85,0,-,2,0,95.5,0.8562,0,0,0.15,0,0,0.0364,0.1745,0.0909,,○,B,△,,0.3986,0.616,,0.5038,S,82,0,◎1着固定 2-3着流し（5〜8点）,0.5777,"{'is_target': True, 'verdict': '参加推奨', 'max_combo_prob': 0.0957, 'est_top_odds': 13.9, 'circle_concentration': 61.9, 'eligible_count': 6, 'bet_adj': 2, 'reason': 'rel_win1=57.1%（本命度） / 最有力組み合わせ確率: 0.096（推定実オッズ?14倍） / 2着集中度: 上位2艇 61.9%（補正+0.00） / 総合判定確率: 0.096 / → ヒモ分散。1号艇1着固定で広めのヒモ流し推奨（買い目+2点）', 'tenji_trigger': '展示確認: ヒモ分散レース。1号艇伸び確認後、広めのヒモ流しを採用。穴ヒモ（5・6号艇）を積極的に含める。'}",,,28.5,逃げ狙い,21.08,26.9,4,,,,,,,,,,,
2025-08-11,丸亀,7,3,奥村明日,B1,31.94,3,,5.6995,16.7,97,43.8,0.1853,4,,,0,低,83,0,ま0%,35,0,19.7,0.6925,0,0,0.0714,0,0,0.6,0.1,0,,,D,,,0.174,0.5175,,0.5038,S,82,0,◎1着固定 2-3着流し（5〜8点）,0.5777,"{'is_target': True, 'verdict': '参加推奨', 'max_combo_prob': 0.0957, 'est_top_odds': 13.9, 'circle_concentration': 61.9, 'eligible_count': 6, 'bet_adj': 2, 'reason': 'rel_win1=57.1%（本命度） / 最有力組み合わせ確率: 0.096（推定実オッズ?14倍） / 2着集中度: 上位2艇 61.9%（補正+0.00） / 総合判定確率: 0.096 / → ヒモ分散。1号艇1着固定で広めのヒモ流し推奨（買い目+2点）', 'tenji_trigger': '展示確認: ヒモ分散レース。1号艇伸び確認後、広めのヒモ流しを採用。穴ヒモ（5・6号艇）を積極的に含める。'}",,,28.5,逃げ狙い,21.08,26.9,4,,,,,,,,,,,
2025-08-11,丸亀,7,4,佐藤隆太,A1,27.06,4,△,14.8748,23.3,68,75,0.145,2.425,,,0,低,32,0,差ま0%,31,0,82.1,1.6506,0,0,0,0.1667,0,0.0833,0.0833,0,,,E,◎,○,0.3848,0.6665,0.4747,0.5038,S,82,0,◎1着固定 2-3着流し（5〜8点）,0.5777,"{'is_target': True, 'verdict': '参加推奨', 'max_combo_prob': 0.0957, 'est_top_odds': 13.9, 'circle_concentration': 61.9, 'eligible_count': 6, 'bet_adj': 2, 'reason': 'rel_win1=57.1%（本命度） / 最有力組み合わせ確率: 0.096（推定実オッズ?14倍） / 2着集中度: 上位2艇 61.9%（補正+0.00） / 総合判定確率: 0.096 / → ヒモ分散。1号艇1着固定で広めのヒモ流し推奨（買い目+2点）', 'tenji_trigger': '展示確認: ヒモ分散レース。1号艇伸び確認後、広めのヒモ流しを採用。穴ヒモ（5・6号艇）を積極的に含める。'}",,,28.5,逃げ狙い,21.08,26.9,4,,,,,,,,,,,
2025-08-11,丸亀,7,5,田中駿兵,A2,39.15,5,○,10.613,19.3,40,47.6,0.1393,2.9286,,,0,低,67,0,差ま1%,45,0,100,2.2588,0,0,0,0.2308,0,0,0.1176,0,,◎,B,△,◎,0.403,0.6065,0.4805,0.5038,S,82,0,◎1着固定 2-3着流し（5〜8点）,0.5777,"{'is_target': True, 'verdict': '参加推奨', 'max_combo_prob': 0.0957, 'est_top_odds': 13.9, 'circle_concentration': 61.9, 'eligible_count': 6, 'bet_adj': 2, 'reason': 'rel_win1=57.1%（本命度） / 最有力組み合わせ確率: 0.096（推定実オッズ?14倍） / 2着集中度: 上位2艇 61.9%（補正+0.00） / 総合判定確率: 0.096 / → ヒモ分散。1号艇1着固定で広めのヒモ流し推奨（買い目+2点）', 'tenji_trigger': '展示確認: ヒモ分散レース。1号艇伸び確認後、広めのヒモ流しを採用。穴ヒモ（5・6号艇）を積極的に含める。'}",,,28.5,逃げ狙い,21.08,26.9,4,,,,,,,,,,,
2025-08-11,丸亀,7,6,中岡　駿,B2,33.18,6,,1.0063,2.1,19,6.2,0.2055,4.3615,,,0,低,40,0,-,6,0,36.3,2.1367,,,,,,,,,,,C,,,0.1729,0.482,,0.5038,S,82,0,◎1着固定 2-3着流し（5〜8点）,0.5777,"{'is_target': True, 'verdict': '参加推奨', 'max_combo_prob': 0.0957, 'est_top_odds': 13.9, 'circle_concentration': 61.9, 'eligible_count': 6, 'bet_adj': 2, 'reason': 'rel_win1=57.1%（本命度） / 最有力組み合わせ確率: 0.096（推定実オッズ?14倍） / 2着集中度: 上位2艇 61.9%（補正+0.00） / 総合判定確率: 0.096 / → ヒモ分散。1号艇1着固定で広めのヒモ流し推奨（買い目+2点）', 'tenji_trigger': '展示確認: ヒモ分散レース。1号艇伸び確認後、広めのヒモ流しを採用。穴ヒモ（5・6号艇）を積極的に含める。'}",,,28.5,逃げ狙い,21.08,26.9,4,,,,,,,,,,,
2025-08-11,丸亀,8,1,高橋竜矢,A1,46.48,1,◎,80.6536,,0,94.9,0.1208,2.2821,,,0,低,31,0,逃1%,36,0,94.5,1.2913,0.875,,,,,0,0.0417,0.0833,◎,,A,◎,,,0.6585,,0.7437,S,90,0,◎1着固定 2-3着流し（5〜8点）,0.5777,"{'is_target': True, 'verdict': '点数絞り', 'max_combo_prob': 0.108, 'est_top_odds': 12.3, 'circle_concentration': 74.0, 'eligible_count': 6, 'bet_adj': 0, 'reason': 'rel_win1=80.7%（本命度） / 最有力組み合わせ確率: 0.108（推定実オッズ?12倍） / 2着集中度: 上位2艇 74.0%（補正+0.04） / 総合判定確率: 0.148 / → ヒモはやや固め。上位2艇以外を切ること', 'tenji_trigger': '展示確認: 1号艇伸び良→そのまま採用。悪→飛び組に差し替え。circle_pct上位2艇に絞り込むこと。\n展示で1号艇スタート超安定(0.121秒)→ヒモ固まり方向に注意'}",,,24.6,逃げ狙い,13.07,22.7,3,,,,,0,0,0.7559,0,,逃げ軸流し,A
2025-08-11,丸亀,8,2,清水未唯,B2,31.94,2,,6.7387,43.4,70,17.6,0.1647,2.8235,,,0,低,32,0,-,4,0,18,0.5379,,,,,,0,0.3333,0,,,D,,,0.0775,0.525,,0.7437,S,90,0,◎1着固定 2-3着流し（5〜8点）,0.5777,"{'is_target': True, 'verdict': '点数絞り', 'max_combo_prob': 0.108, 'est_top_odds': 12.3, 'circle_concentration': 74.0, 'eligible_count': 6, 'bet_adj': 0, 'reason': 'rel_win1=80.7%（本命度） / 最有力組み合わせ確率: 0.108（推定実オッズ?12倍） / 2着集中度: 上位2艇 74.0%（補正+0.04） / 総合判定確率: 0.148 / → ヒモはやや固め。上位2艇以外を切ること', 'tenji_trigger': '展示確認: 1号艇伸び良→そのまま採用。悪→飛び組に差し替え。circle_pct上位2艇に絞り込むこと。\n展示で1号艇スタート超安定(0.121秒)→ヒモ固まり方向に注意'}",,,24.6,逃げ狙い,13.07,22.7,3,,,,,,,,,,,
2025-08-11,丸亀,8,3,宮迫暢彦,B1,32.72,3,▲,4.9789,30.6,84,45.7,0.157,3.2071,,,0,低,138,0,-,5,0,33.6,0.8208,,,,,,0.25,0.2,0.1,,,D,△,,0.135,0.594,,0.7437,S,90,0,◎1着固定 2-3着流し（5〜8点）,0.5777,"{'is_target': True, 'verdict': '点数絞り', 'max_combo_prob': 0.108, 'est_top_odds': 12.3, 'circle_concentration': 74.0, 'eligible_count': 6, 'bet_adj': 0, 'reason': 'rel_win1=80.7%（本命度） / 最有力組み合わせ確率: 0.108（推定実オッズ?12倍） / 2着集中度: 上位2艇 74.0%（補正+0.04） / 総合判定確率: 0.148 / → ヒモはやや固め。上位2艇以外を切ること', 'tenji_trigger': '展示確認: 1号艇伸び良→そのまま採用。悪→飛び組に差し替え。circle_pct上位2艇に絞り込むこと。\n展示で1号艇スタート超安定(0.121秒)→ヒモ固まり方向に注意'}",,,24.6,逃げ狙い,13.07,22.7,3,,,,,,,,,,,
2025-08-11,丸亀,8,4,村田　敦,B1,39.63,4,○,3.1976,10.7,60,27.1,0.1367,2.8125,,,0,低,81,0,-,5,0,50.3,0.6145,,,,,,0.22,0.02,0.42,,,B,○,,0.2482,0.6445,,0.7437,S,90,0,◎1着固定 2-3着流し（5〜8点）,0.5777,"{'is_target': True, 'verdict': '点数絞り', 'max_combo_prob': 0.108, 'est_top_odds': 12.3, 'circle_concentration': 74.0, 'eligible_count': 6, 'bet_adj': 0, 'reason': 'rel_win1=80.7%（本命度） / 最有力組み合わせ確率: 0.108（推定実オッズ?12倍） / 2着集中度: 上位2艇 74.0%（補正+0.04） / 総合判定確率: 0.148 / → ヒモはやや固め。上位2艇以外を切ること', 'tenji_trigger': '展示確認: 1号艇伸び良→そのまま採用。悪→飛び組に差し替え。circle_pct上位2艇に絞り込むこと。\n展示で1号艇スタート超安定(0.121秒)→ヒモ固まり方向に注意'}",,,24.6,逃げ狙い,13.07,22.7,3,,,,,,,,,,,
2025-08-11,丸亀,8,5,水原　慎,B1,39.09,5,△,3.4668,8.7,100,34.7,0.1677,3.34,,,0,低,126,0,-,3,0,27.2,0.9938,,,,,,0.05,0.2,0.2,,,C,△,,0.1608,0.598,,0.7437,S,90,0,◎1着固定 2-3着流し（5〜8点）,0.5777,"{'is_target': True, 'verdict': '点数絞り', 'max_combo_prob': 0.108, 'est_top_odds': 12.3, 'circle_concentration': 74.0, 'eligible_count': 6, 'bet_adj': 0, 'reason': 'rel_win1=80.7%（本命度） / 最有力組み合わせ確率: 0.108（推定実オッズ?12倍） / 2着集中度: 上位2艇 74.0%（補正+0.04） / 総合判定確率: 0.148 / → ヒモはやや固め。上位2艇以外を切ること', 'tenji_trigger': '展示確認: 1号艇伸び良→そのまま採用。悪→飛び組に差し替え。circle_pct上位2艇に絞り込むこと。\n展示で1号艇スタート超安定(0.121秒)→ヒモ固まり方向に注意'}",,,24.6,逃げ狙い,13.07,22.7,3,,,,,,,,,,,
2025-08-11,丸亀,8,6,浦野　海,A2,30.84,6,,0.9644,6.6,80,38.2,0.1935,4.2353,,,0,低,75,0,-,13,0,73.7,1.5183,,,,,,0,0.1111,0.1422,,,E,,,0.135,0.579,,0.7437,S,90,0,◎1着固定 2-3着流し（5〜8点）,0.5777,"{'is_target': True, 'verdict': '点数絞り', 'max_combo_prob': 0.108, 'est_top_odds': 12.3, 'circle_concentration': 74.0, 'eligible_count': 6, 'bet_adj': 0, 'reason': 'rel_win1=80.7%（本命度） / 最有力組み合わせ確率: 0.108（推定実オッズ?12倍） / 2着集中度: 上位2艇 74.0%（補正+0.04） / 総合判定確率: 0.148 / → ヒモはやや固め。上位2艇以外を切ること', 'tenji_trigger': '展示確認: 1号艇伸び良→そのまま採用。悪→飛び組に差し替え。circle_pct上位2艇に絞り込むこと。\n展示で1号艇スタート超安定(0.121秒)→ヒモ固まり方向に注意'}",,,24.6,逃げ狙い,13.07,22.7,3,,,,,,,,,,,
2025-08-11,丸亀,9,1,梶野学志,A1,40.65,1,◎,66.824,,0,92.9,0.1329,2.3643,,,0,低,97,0,逃0%,52,0,83.9,1.031,0.7931,,,,,0.0138,0.1164,0.0276,◎,,A,○,,,0.656,,0.7131,S,83,0,◎1着固定 2-3着流し（5〜8点）,0.5777,"{'is_target': True, 'verdict': '点数絞り', 'max_combo_prob': 0.0877, 'est_top_odds': 15.2, 'circle_concentration': 86.1, 'eligible_count': 6, 'bet_adj': 0, 'reason': 'rel_win1=66.8%（本命度） / 最有力組み合わせ確率: 0.088（推定実オッズ?15倍） / 2着集中度: 上位2艇 86.1%（補正+0.04） / 総合判定確率: 0.128 / → ヒモはやや固め。上位2艇以外を切ること', 'tenji_trigger': '展示確認: 1号艇伸び良→そのまま採用。悪→飛び組に差し替え。circle_pct上位2艇に絞り込むこと。\n展示で1号艇スタート超安定(0.133秒)→ヒモ固まり方向に注意'}",,,25.5,逃げ狙い,13.69,24.7,3,,,,,0,0,0.7559,0,,逃げ軸流し,A
2025-08-11,丸亀,9,2,井手良太,B1,34.42,2,○,10.0573,46,45,55,0.1442,2.6917,,,0,低,50,0,-,42,0,42.8,0.9136,0,0.0435,0.0435,0,0,0.0421,0.2632,0.2053,,,C,◎,,0.1959,0.667,,0.7131,S,83,0,◎1着固定 2-3着流し（5〜8点）,0.5777,"{'is_target': True, 'verdict': '点数絞り', 'max_combo_prob': 0.0877, 'est_top_odds': 15.2, 'circle_concentration': 86.1, 'eligible_count': 6, 'bet_adj': 0, 'reason': 'rel_win1=66.8%（本命度） / 最有力組み合わせ確率: 0.088（推定実オッズ?15倍） / 2着集中度: 上位2艇 86.1%（補正+0.04） / 総合判定確率: 0.128 / → ヒモはやや固め。上位2艇以外を切ること', 'tenji_trigger': '展示確認: 1号艇伸び良→そのまま採用。悪→飛び組に差し替え。circle_pct上位2艇に絞り込むこと。\n展示で1号艇スタート超安定(0.133秒)→ヒモ固まり方向に注意'}",,,25.5,逃げ狙い,13.69,24.7,3,,,,,,,,,,,
2025-08-11,丸亀,9,3,高橋正男,A2,31.63,3,▲,14.7214,40,100,76.6,0.1611,3.0781,,,0,低,124,0,-,1,0,40.1,0.7719,0,0.0333,0.0667,0.1,0.0333,0.0364,0.2727,0.0848,,,C,△,,0.1627,0.635,,0.7131,S,83,0,◎1着固定 2-3着流し（5〜8点）,0.5777,"{'is_target': True, 'verdict': '点数絞り', 'max_combo_prob': 0.0877, 'est_top_odds': 15.2, 'circle_concentration': 86.1, 'eligible_count': 6, 'bet_adj': 0, 'reason': 'rel_win1=66.8%（本命度） / 最有力組み合わせ確率: 0.088（推定実オッズ?15倍） / 2着集中度: 上位2艇 86.1%（補正+0.04） / 総合判定確率: 0.128 / → ヒモはやや固め。上位2艇以外を切ること', 'tenji_trigger': '展示確認: 1号艇伸び良→そのまま採用。悪→飛び組に差し替え。circle_pct上位2艇に絞り込むこと。\n展示で1号艇スタート超安定(0.133秒)→ヒモ固まり方向に注意'}",,,25.5,逃げ狙い,13.69,24.7,3,,,,,,,,,,,
2025-08-11,丸亀,9,4,細川明人,B1,25.91,4,,4.1762,8.2,88,31.9,0.1821,3.7553,,,0,低,154,0,ま0%,5,0,22.8,0.6736,0,0,0.0417,0,0,0.0211,0.5684,0.1632,,,E,,,0.1095,0.572,,0.7131,S,83,0,◎1着固定 2-3着流し（5〜8点）,0.5777,"{'is_target': True, 'verdict': '点数絞り', 'max_combo_prob': 0.0877, 'est_top_odds': 15.2, 'circle_concentration': 86.1, 'eligible_count': 6, 'bet_adj': 0, 'reason': 'rel_win1=66.8%（本命度） / 最有力組み合わせ確率: 0.088（推定実オッズ?15倍） / 2着集中度: 上位2艇 86.1%（補正+0.04） / 総合判定確率: 0.128 / → ヒモはやや固め。上位2艇以外を切ること', 'tenji_trigger': '展示確認: 1号艇伸び良→そのまま採用。悪→飛び組に差し替え。circle_pct上位2艇に絞り込むこと。\n展示で1号艇スタート超安定(0.133秒)→ヒモ固まり方向に注意'}",,,25.5,逃げ狙い,13.69,24.7,3,,,,,,,,,,,
2025-08-11,丸亀,9,5,渡辺空依,B1,35.78,5,△,2.1103,3,84,32.6,0.1819,3.907,,,0,低,103,0,-,3,0,48.4,0.9281,,,,,,0.0286,0.1143,0.0286,,,B,,,0.1574,0.54,,0.7131,S,83,0,◎1着固定 2-3着流し（5〜8点）,0.5777,"{'is_target': True, 'verdict': '点数絞り', 'max_combo_prob': 0.0877, 'est_top_odds': 15.2, 'circle_concentration': 86.1, 'eligible_count': 6, 'bet_adj': 0, 'reason': 'rel_win1=66.8%（本命度） / 最有力組み合わせ確率: 0.088（推定実オッズ?15倍） / 2着集中度: 上位2艇 86.1%（補正+0.04） / 総合判定確率: 0.128 / → ヒモはやや固め。上位2艇以外を切ること', 'tenji_trigger': '展示確認: 1号艇伸び良→そのまま採用。悪→飛び組に差し替え。circle_pct上位2艇に絞り込むこと。\n展示で1号艇スタート超安定(0.133秒)→ヒモ固まり方向に注意'}",,,25.5,逃げ狙い,13.69,24.7,3,,,,,,,,,,,
2025-08-11,丸亀,9,6,金子猛志,B1,29.86,6,,2.1109,2.7,79,28.8,0.1732,3.7797,,,0,低,109,0,-,24,0,26.8,0.8753,0,0,0,0.0385,0,0.14,0.1,0.2,,,D,△,,0.1518,0.6455,,0.7131,S,83,0,◎1着固定 2-3着流し（5〜8点）,0.5777,"{'is_target': True, 'verdict': '点数絞り', 'max_combo_prob': 0.0877, 'est_top_odds': 15.2, 'circle_concentration': 86.1, 'eligible_count': 6, 'bet_adj': 0, 'reason': 'rel_win1=66.8%（本命度） / 最有力組み合わせ確率: 0.088（推定実オッズ?15倍） / 2着集中度: 上位2艇 86.1%（補正+0.04） / 総合判定確率: 0.128 / → ヒモはやや固め。上位2艇以外を切ること', 'tenji_trigger': '展示確認: 1号艇伸び良→そのまま採用。悪→飛び組に差し替え。circle_pct上位2艇に絞り込むこと。\n展示で1号艇スタート超安定(0.133秒)→ヒモ固まり方向に注意'}",,,25.5,逃げ狙い,13.69,24.7,3,,,,,,,,,,,
2025-08-11,丸亀,10,1,中村日向,A1,30.94,1,◎,75.2472,,0,91.4,0.1454,2.5714,,,0,低,40,0,逃0%,35,0,84.5,1.0454,0.7692,,,,,0.1538,0.0769,0,◎,,D,○,,,0.645,,0.6321,S,100,0,◎1着固定 2-3着流し（5〜8点）,0.5777,"{'is_target': True, 'verdict': '点数絞り', 'max_combo_prob': 0.1286, 'est_top_odds': 10.4, 'circle_concentration': 73.1, 'eligible_count': 6, 'bet_adj': 0, 'reason': 'rel_win1=75.2%（本命度） / 最有力組み合わせ確率: 0.129（推定実オッズ?10倍） / 2着集中度: 上位2艇 73.1%（補正+0.04） / 総合判定確率: 0.169 / → ヒモはやや固め。上位2艇以外を切ること', 'tenji_trigger': '展示確認: 1号艇伸び良→そのまま採用。悪→飛び組に差し替え。circle_pct上位2艇に絞り込むこと。'}",,,26.4,逃げ狙い,13.68,27.1,3,,,,,0,0,0.7559,0,,逃げ軸流し,A
2025-08-11,丸亀,10,2,丸山祐也,B1,29.91,2,,6.9619,23.1,100,43.2,0.2014,4.3243,,,0,低,130,0,-,5,0,46.7,0.5776,0,0.0625,0,0,0,0.125,0.25,0.25,,,D,,,0.063,0.558,,0.6321,S,100,0,◎1着固定 2-3着流し（5〜8点）,0.5777,"{'is_target': True, 'verdict': '点数絞り', 'max_combo_prob': 0.1286, 'est_top_odds': 10.4, 'circle_concentration': 73.1, 'eligible_count': 6, 'bet_adj': 0, 'reason': 'rel_win1=75.2%（本命度） / 最有力組み合わせ確率: 0.129（推定実オッズ?10倍） / 2着集中度: 上位2艇 73.1%（補正+0.04） / 総合判定確率: 0.169 / → ヒモはやや固め。上位2艇以外を切ること', 'tenji_trigger': '展示確認: 1号艇伸び良→そのまま採用。悪→飛び組に差し替え。circle_pct上位2艇に絞り込むこと。'}",,,26.4,逃げ狙い,13.68,27.1,3,,,,,,,,,,,
2025-08-11,丸亀,10,3,中田夕貴,A2,36.20,3,▲,8.0525,47.5,49,57.7,0.1681,3.75,,,0,低,68,0,-,61,0,50.2,1.0173,,,,,,0.1927,0.3127,0,,,C,△,,0.1989,0.5955,,0.6321,S,100,0,◎1着固定 2-3着流し（5〜8点）,0.5777,"{'is_target': True, 'verdict': '点数絞り', 'max_combo_prob': 0.1286, 'est_top_odds': 10.4, 'circle_concentration': 73.1, 'eligible_count': 6, 'bet_adj': 0, 'reason': 'rel_win1=75.2%（本命度） / 最有力組み合わせ確率: 0.129（推定実オッズ?10倍） / 2着集中度: 上位2艇 73.1%（補正+0.04） / 総合判定確率: 0.169 / → ヒモはやや固め。上位2艇以外を切ること', 'tenji_trigger': '展示確認: 1号艇伸び良→そのまま採用。悪→飛び組に差し替え。circle_pct上位2艇に絞り込むこと。'}",,,26.4,逃げ狙い,13.68,27.1,3,,,,,,,,,,,
2025-08-11,丸亀,10,4,新田洋一,A2,43.90,4,○,6.199,25.6,98,57.4,0.122,2.4537,,,0,低,48,0,差0%,6,0,59.6,1.0389,0,0.04,0,0,0,0.0211,0.3203,0.0842,,,A,◎,,0.3698,0.658,,0.6321,S,100,0,◎1着固定 2-3着流し（5〜8点）,0.5777,"{'is_target': True, 'verdict': '点数絞り', 'max_combo_prob': 0.1286, 'est_top_odds': 10.4, 'circle_concentration': 73.1, 'eligible_count': 6, 'bet_adj': 0, 'reason': 'rel_win1=75.2%（本命度） / 最有力組み合わせ確率: 0.129（推定実オッズ?10倍） / 2着集中度: 上位2艇 73.1%（補正+0.04） / 総合判定確率: 0.169 / → ヒモはやや固め。上位2艇以外を切ること', 'tenji_trigger': '展示確認: 1号艇伸び良→そのまま採用。悪→飛び組に差し替え。circle_pct上位2艇に絞り込むこと。'}",,,26.4,逃げ狙い,13.68,27.1,3,,,,,,,,,,,
2025-08-11,丸亀,10,5,黒田　剛,B1,30.50,5,,2.3501,3.1,36,5.9,0.1659,3.3039,,,0,低,91,0,-,2,0,39.7,0.7114,,,,,,0.4667,0.2,0,,,D,,,0.2487,0.56,,0.6321,S,100,0,◎1着固定 2-3着流し（5〜8点）,0.5777,"{'is_target': True, 'verdict': '点数絞り', 'max_combo_prob': 0.1286, 'est_top_odds': 10.4, 'circle_concentration': 73.1, 'eligible_count': 6, 'bet_adj': 0, 'reason': 'rel_win1=75.2%（本命度） / 最有力組み合わせ確率: 0.129（推定実オッズ?10倍） / 2着集中度: 上位2艇 73.1%（補正+0.04） / 総合判定確率: 0.169 / → ヒモはやや固め。上位2艇以外を切ること', 'tenji_trigger': '展示確認: 1号艇伸び良→そのまま採用。悪→飛び組に差し替え。circle_pct上位2艇に絞り込むこと。'}",,,26.4,逃げ狙い,13.68,27.1,3,,,,,,,,,,,
2025-08-11,丸亀,10,6,齋藤　勇,B1,38.71,6,△,1.1894,0.7,44,16.7,0.1907,4.2407,,,0,低,151,0,-,6,0,24.7,0.8733,,,,,,0.2741,0.4148,0.0444,,,B,△,,0.1659,0.5935,,0.6321,S,100,0,◎1着固定 2-3着流し（5〜8点）,0.5777,"{'is_target': True, 'verdict': '点数絞り', 'max_combo_prob': 0.1286, 'est_top_odds': 10.4, 'circle_concentration': 73.1, 'eligible_count': 6, 'bet_adj': 0, 'reason': 'rel_win1=75.2%（本命度） / 最有力組み合わせ確率: 0.129（推定実オッズ?10倍） / 2着集中度: 上位2艇 73.1%（補正+0.04） / 総合判定確率: 0.169 / → ヒモはやや固め。上位2艇以外を切ること', 'tenji_trigger': '展示確認: 1号艇伸び良→そのまま採用。悪→飛び組に差し替え。circle_pct上位2艇に絞り込むこと。'}",,,26.4,逃げ狙い,13.68,27.1,3,,,,,,,,,,,
2025-08-11,丸亀,11,1,田中駿兵,A2,39.15,1,◎,69.0075,,0,90.9,0.1445,2.8788,,,0,低,67,0,逃1%,45,0,91,1.205,0.7647,,,,,0,0.1176,0,◎,,B,△,,,0.6065,,0.6269,S,87,0,◎1着固定 2-3着流し（5〜8点）,0.5777,"{'is_target': True, 'verdict': '参加推奨', 'max_combo_prob': 0.0702, 'est_top_odds': 19.0, 'circle_concentration': 56.1, 'eligible_count': 6, 'bet_adj': 2, 'reason': 'rel_win1=69.0%（本命度） / 最有力組み合わせ確率: 0.070（推定実オッズ?19倍） / 2着集中度: 上位2艇 56.1%（補正+0.00） / 総合判定確率: 0.070 / → ヒモ分散。1号艇1着固定で広めのヒモ流し推奨（買い目+2点）', 'tenji_trigger': '展示確認: ヒモ分散レース。1号艇伸び確認後、広めのヒモ流しを採用。穴ヒモ（5・6号艇）を積極的に含める。'}",,,25.7,逃げ狙い,15.22,24,4,,,,,0,0,0.7559,0,,逃げ軸流し,A
2025-08-11,丸亀,11,2,浅井　翼,B1,32.41,2,△,8.3386,29.8,69,15.4,0.1954,4.5962,,,0,低,93,0,ま0%,22,0,15.2,0.5379,0,0,0.0526,0,0,0.3077,0.3077,0.1538,,,C,,,0.0562,0.4745,,0.6269,S,87,0,◎1着固定 2-3着流し（5〜8点）,0.5777,"{'is_target': True, 'verdict': '参加推奨', 'max_combo_prob': 0.0702, 'est_top_odds': 19.0, 'circle_concentration': 56.1, 'eligible_count': 6, 'bet_adj': 2, 'reason': 'rel_win1=69.0%（本命度） / 最有力組み合わせ確率: 0.070（推定実オッズ?19倍） / 2着集中度: 上位2艇 56.1%（補正+0.00） / 総合判定確率: 0.070 / → ヒモ分散。1号艇1着固定で広めのヒモ流し推奨（買い目+2点）', 'tenji_trigger': '展示確認: ヒモ分散レース。1号艇伸び確認後、広めのヒモ流しを採用。穴ヒモ（5・6号艇）を積極的に含める。'}",,,25.7,逃げ狙い,15.22,24,4,,,,,,,,,,,
2025-08-11,丸亀,11,3,高田　綾,B1,38.86,3,○,11.3484,26.3,77,45,0.1615,3.2,,,0,低,47,0,-,14,0,73,1.4788,0,0,0.1333,0,0,0,0.1538,0.2308,,,B,,,0.2245,0.5525,,0.6269,S,87,0,◎1着固定 2-3着流し（5〜8点）,0.5777,"{'is_target': True, 'verdict': '参加推奨', 'max_combo_prob': 0.0702, 'est_top_odds': 19.0, 'circle_concentration': 56.1, 'eligible_count': 6, 'bet_adj': 2, 'reason': 'rel_win1=69.0%（本命度） / 最有力組み合わせ確率: 0.070（推定実オッズ?19倍） / 2着集中度: 上位2艇 56.1%（補正+0.00） / 総合判定確率: 0.070 / → ヒモ分散。1号艇1着固定で広めのヒモ流し推奨（買い目+2点）', 'tenji_trigger': '展示確認: ヒモ分散レース。1号艇伸び確認後、広めのヒモ流しを採用。穴ヒモ（5・6号艇）を積極的に含める。'}",,,25.7,逃げ狙い,15.22,24,4,,,,,,,,,,,
2025-08-11,丸亀,11,4,桑島和宏,A1,32.54,4,▲,5.991,22.4,100,46.7,0.1527,3.35,,,0,低,131,0,-,14,0,47.6,0.6674,0,0.0645,0,0,0.0323,0.0526,0.0105,0.1276,,,C,○,,0.2528,0.6545,,0.6269,S,87,0,◎1着固定 2-3着流し（5〜8点）,0.5777,"{'is_target': True, 'verdict': '参加推奨', 'max_combo_prob': 0.0702, 'est_top_odds': 19.0, 'circle_concentration': 56.1, 'eligible_count': 6, 'bet_adj': 2, 'reason': 'rel_win1=69.0%（本命度） / 最有力組み合わせ確率: 0.070（推定実オッズ?19倍） / 2着集中度: 上位2艇 56.1%（補正+0.00） / 総合判定確率: 0.070 / → ヒモ分散。1号艇1着固定で広めのヒモ流し推奨（買い目+2点）', 'tenji_trigger': '展示確認: ヒモ分散レース。1号艇伸び確認後、広めのヒモ流しを採用。穴ヒモ（5・6号艇）を積極的に含める。'}",,,25.7,逃げ狙い,15.22,24,4,,,,,,,,,,,
2025-08-11,丸亀,11,5,守屋大地,B1,30.28,5,,2.3225,6.7,61,26.7,0.1852,3.7833,,,0,低,180,0,-,34,0,33.5,0.899,0,0,0,0.037,0,0.5236,0.1927,0.0727,,,D,△,,0.153,0.654,,0.6269,S,87,0,◎1着固定 2-3着流し（5〜8点）,0.5777,"{'is_target': True, 'verdict': '参加推奨', 'max_combo_prob': 0.0702, 'est_top_odds': 19.0, 'circle_concentration': 56.1, 'eligible_count': 6, 'bet_adj': 2, 'reason': 'rel_win1=69.0%（本命度） / 最有力組み合わせ確率: 0.070（推定実オッズ?19倍） / 2着集中度: 上位2艇 56.1%（補正+0.00） / 総合判定確率: 0.070 / → ヒモ分散。1号艇1着固定で広めのヒモ流し推奨（買い目+2点）', 'tenji_trigger': '展示確認: ヒモ分散レース。1号艇伸び確認後、広めのヒモ流しを採用。穴ヒモ（5・6号艇）を積極的に含める。'}",,,25.7,逃げ狙い,15.22,24,4,,,,,,,,,,,
2025-08-11,丸亀,11,6,木下翔太,A1,32.09,6,,2.992,14.8,55,47.5,0.162,3.5375,,,0,低,63,0,-,13,0,61.4,1.2111,0,0,0,0.0556,0,0.0148,0.1148,0.1148,,,D,◎,,0.2326,0.688,,0.6269,S,87,0,◎1着固定 2-3着流し（5〜8点）,0.5777,"{'is_target': True, 'verdict': '参加推奨', 'max_combo_prob': 0.0702, 'est_top_odds': 19.0, 'circle_concentration': 56.1, 'eligible_count': 6, 'bet_adj': 2, 'reason': 'rel_win1=69.0%（本命度） / 最有力組み合わせ確率: 0.070（推定実オッズ?19倍） / 2着集中度: 上位2艇 56.1%（補正+0.00） / 総合判定確率: 0.070 / → ヒモ分散。1号艇1着固定で広めのヒモ流し推奨（買い目+2点）', 'tenji_trigger': '展示確認: ヒモ分散レース。1号艇伸び確認後、広めのヒモ流しを採用。穴ヒモ（5・6号艇）を積極的に含める。'}",,,25.7,逃げ狙い,15.22,24,4,,,,,,,,,,,
2025-08-11,丸亀,12,1,藤田俊祐,A2,36.53,1,◎,58.6226,,0,88.6,0.1493,3.4091,,,0,低,73,0,逃1%,46,0,64.1,0.9665,0.6842,,,,,0.0211,0.0421,0.2632,◎,,B,,,,0.5695,,0.4762,S,84,0,◎1着固定 2-3着流し（5〜8点）,0.5777,"{'is_target': True, 'verdict': '参加推奨', 'max_combo_prob': 0.0776, 'est_top_odds': 17.2, 'circle_concentration': 72.4, 'eligible_count': 6, 'bet_adj': 2, 'reason': 'rel_win1=58.6%（本命度） / 最有力組み合わせ確率: 0.078（推定実オッズ?17倍） / 2着集中度: 上位2艇 72.4%（補正+0.04） / 総合判定確率: 0.118 / → ヒモ分散。1号艇1着固定で広めのヒモ流し推奨（買い目+2点）', 'tenji_trigger': '展示確認: ヒモ分散レース。1号艇伸び確認後、広めのヒモ流しを採用。穴ヒモ（5・6号艇）を積極的に含める。'}",,,28.7,逃げ狙い,21.72,27,3,,,,,0,0,0.7559,0,,逃げ軸流し,A
2025-08-11,丸亀,12,2,長谷川充,B1,28.11,2,,9.6891,29.9,66,58.1,0.1902,4.1452,,,0,低,187,0,-,14,0,16.2,0.5553,0,0.1071,0.0357,0,0,0.1941,0.3289,0.0444,,,D,△,,0.0719,0.6205,,0.4762,S,84,0,◎1着固定 2-3着流し（5〜8点）,0.5777,"{'is_target': True, 'verdict': '参加推奨', 'max_combo_prob': 0.0776, 'est_top_odds': 17.2, 'circle_concentration': 72.4, 'eligible_count': 6, 'bet_adj': 2, 'reason': 'rel_win1=58.6%（本命度） / 最有力組み合わせ確率: 0.078（推定実オッズ?17倍） / 2着集中度: 上位2艇 72.4%（補正+0.04） / 総合判定確率: 0.118 / → ヒモ分散。1号艇1着固定で広めのヒモ流し推奨（買い目+2点）', 'tenji_trigger': '展示確認: ヒモ分散レース。1号艇伸び確認後、広めのヒモ流しを採用。穴ヒモ（5・6号艇）を積極的に含める。'}",,,28.7,逃げ狙い,21.72,27,3,,,,,,,,,,,
2025-08-11,丸亀,12,3,高橋竜矢,A1,46.48,3,○,14.2152,42.5,97,90.3,0.121,2.4839,,,0,低,31,0,-,36,0,35.5,0.854,0,0.0556,0.0556,0.0556,0.0556,0,0.0417,0.0833,,◎,A,○,,0.4347,0.6585,,0.4762,S,84,0,◎1着固定 2-3着流し（5〜8点）,0.5777,"{'is_target': True, 'verdict': '参加推奨', 'max_combo_prob': 0.0776, 'est_top_odds': 17.2, 'circle_concentration': 72.4, 'eligible_count': 6, 'bet_adj': 2, 'reason': 'rel_win1=58.6%（本命度） / 最有力組み合わせ確率: 0.078（推定実オッズ?17倍） / 2着集中度: 上位2艇 72.4%（補正+0.04） / 総合判定確率: 0.118 / → ヒモ分散。1号艇1着固定で広めのヒモ流し推奨（買い目+2点）', 'tenji_trigger': '展示確認: ヒモ分散レース。1号艇伸び確認後、広めのヒモ流しを採用。穴ヒモ（5・6号艇）を積極的に含める。'}",,,28.7,逃げ狙い,21.72,27,3,,,,,,,,,,,
2025-08-11,丸亀,12,4,大島隆乃,B1,31.82,4,△,6.1585,7.5,64,29.2,0.164,3.3021,,,0,低,77,0,ま0% 差ま0%,23,0,56.6,0.676,0,0,0.125,0.0417,0,0,0.3333,0,,,D,△,,0.2534,0.6445,,0.4762,S,84,0,◎1着固定 2-3着流し（5〜8点）,0.5777,"{'is_target': True, 'verdict': '参加推奨', 'max_combo_prob': 0.0776, 'est_top_odds': 17.2, 'circle_concentration': 72.4, 'eligible_count': 6, 'bet_adj': 2, 'reason': 'rel_win1=58.6%（本命度） / 最有力組み合わせ確率: 0.078（推定実オッズ?17倍） / 2着集中度: 上位2艇 72.4%（補正+0.04） / 総合判定確率: 0.118 / → ヒモ分散。1号艇1着固定で広めのヒモ流し推奨（買い目+2点）', 'tenji_trigger': '展示確認: ヒモ分散レース。1号艇伸び確認後、広めのヒモ流しを採用。穴ヒモ（5・6号艇）を積極的に含める。'}",,,28.7,逃げ狙い,21.72,27,3,,,,,,,,,,,
2025-08-11,丸亀,12,5,西丸侑太,A2,35.19,5,▲,6.2555,11.6,91,44.7,0.1598,3.5745,,,0,低,100,0,-,61,0,31.3,1.1386,0,0,0,0.0909,0,0,0.1314,0.0429,,,C,,◎,0.2595,0.6105,0.2898,0.4762,S,84,0,◎1着固定 2-3着流し（5〜8点）,0.5777,"{'is_target': True, 'verdict': '参加推奨', 'max_combo_prob': 0.0776, 'est_top_odds': 17.2, 'circle_concentration': 72.4, 'eligible_count': 6, 'bet_adj': 2, 'reason': 'rel_win1=58.6%（本命度） / 最有力組み合わせ確率: 0.078（推定実オッズ?17倍） / 2着集中度: 上位2艇 72.4%（補正+0.04） / 総合判定確率: 0.118 / → ヒモ分散。1号艇1着固定で広めのヒモ流し推奨（買い目+2点）', 'tenji_trigger': '展示確認: ヒモ分散レース。1号艇伸び確認後、広めのヒモ流しを採用。穴ヒモ（5・6号艇）を積極的に含める。'}",,,28.7,逃げ狙い,21.72,27,3,,,,,,,,,,,
2025-08-11,丸亀,12,6,佐藤隆太,A1,27.06,6,,5.0591,8.5,100,54.3,0.1586,3.6429,,,0,低,32,0,-,31,0,100,2.1753,,,,,,0.0833,0.0833,0,,,E,◎,,0.2826,0.6665,,0.4762,S,84,0,◎1着固定 2-3着流し（5〜8点）,0.5777,"{'is_target': True, 'verdict': '参加推奨', 'max_combo_prob': 0.0776, 'est_top_odds': 17.2, 'circle_concentration': 72.4, 'eligible_count': 6, 'bet_adj': 2, 'reason': 'rel_win1=58.6%（本命度） / 最有力組み合わせ確率: 0.078（推定実オッズ?17倍） / 2着集中度: 上位2艇 72.4%（補正+0.04） / 総合判定確率: 0.118 / → ヒモ分散。1号艇1着固定で広めのヒモ流し推奨（買い目+2点）', 'tenji_trigger': '展示確認: ヒモ分散レース。1号艇伸び確認後、広めのヒモ流しを採用。穴ヒモ（5・6号艇）を積極的に含める。'}",,,28.7,逃げ狙い,21.72,27,3,,,,,,,,,,,
2025-08-12,丸亀,1,1,石田貴洋,B1,36.07,1,◎,63.3193,,0,78,0.1669,3.6525,,,0,低,85,0,-,2 33,0,63.3,0.8893,0.5455,,,,,0.0364,0.1745,0.0909,○,,B,◎,,,0.616,,0.4169,S,83,0,◎1着固定 2-3着流し（5〜8点）,0.5777,"{'is_target': True, 'verdict': '参加推奨', 'max_combo_prob': 0.0658, 'est_top_odds': 20.3, 'circle_concentration': 58.4, 'eligible_count': 6, 'bet_adj': 2, 'reason': 'rel_win1=63.3%（本命度） / 最有力組み合わせ確率: 0.066（推定実オッズ?20倍） / 2着集中度: 上位2艇 58.4%（補正+0.00） / 総合判定確率: 0.066 / → ヒモ分散。1号艇1着固定で広めのヒモ流し推奨（買い目+2点）', 'tenji_trigger': '展示確認: ヒモ分散レース。1号艇伸び確認後、広めのヒモ流しを採用。穴ヒモ（5・6号艇）を積極的に含める。'}",,,27.9,逃げ狙い,16.96,28.7,4,,,,,0,0,0.6155,0,,逃げ軸流し,A
2025-08-12,丸亀,1,2,細川明人,B1,25.91,2,,10.0642,36.5,76,34.6,0.1858,3.7596,,,0,低,154,0,差0% ま0%,5 65,0,18.4,0.6159,0,0.0357,0.0714,0,0,0.0211,0.5684,0.1632,,,E,△,,0.1274,0.572,,0.4169,S,83,0,◎1着固定 2-3着流し（5〜8点）,0.5777,"{'is_target': True, 'verdict': '参加推奨', 'max_combo_prob': 0.0658, 'est_top_odds': 20.3, 'circle_concentration': 58.4, 'eligible_count': 6, 'bet_adj': 2, 'reason': 'rel_win1=63.3%（本命度） / 最有力組み合わせ確率: 0.066（推定実オッズ?20倍） / 2着集中度: 上位2艇 58.4%（補正+0.00） / 総合判定確率: 0.066 / → ヒモ分散。1号艇1着固定で広めのヒモ流し推奨（買い目+2点）', 'tenji_trigger': '展示確認: ヒモ分散レース。1号艇伸び確認後、広めのヒモ流しを採用。穴ヒモ（5・6号艇）を積極的に含める。'}",,,27.9,逃げ狙い,16.96,28.7,4,,,,,,,,,,,
2025-08-12,丸亀,1,3,黒田　剛,B1,30.50,3,,6.6172,15.6,83,33.3,0.1509,2.4444,,,0,低,91,0,-,2 55,0,47.6,0.66,,,,,,0.4667,0.2,0,,◎,D,△,,0.4106,0.56,,0.4169,S,83,0,◎1着固定 2-3着流し（5〜8点）,0.5777,"{'is_target': True, 'verdict': '参加推奨', 'max_combo_prob': 0.0658, 'est_top_odds': 20.3, 'circle_concentration': 58.4, 'eligible_count': 6, 'bet_adj': 2, 'reason': 'rel_win1=63.3%（本命度） / 最有力組み合わせ確率: 0.066（推定実オッズ?20倍） / 2着集中度: 上位2艇 58.4%（補正+0.00） / 総合判定確率: 0.066 / → ヒモ分散。1号艇1着固定で広めのヒモ流し推奨（買い目+2点）', 'tenji_trigger': '展示確認: ヒモ分散レース。1号艇伸び確認後、広めのヒモ流しを採用。穴ヒモ（5・6号艇）を積極的に含める。'}",,,27.9,逃げ狙い,16.96,28.7,4,,,,,,,,,,,
2025-08-12,丸亀,1,4,奥村明日,B1,31.94,4,△,11.1887,18.8,100,33.3,0.2033,4.15,,,0,低,83,0,-,354,0,51.3,1.1238,0,0.0667,0,0,0,0.6,0.1,0,,,C,,,0.1693,0.5175,,0.4169,S,83,0,◎1着固定 2-3着流し（5〜8点）,0.5777,"{'is_target': True, 'verdict': '参加推奨', 'max_combo_prob': 0.0658, 'est_top_odds': 20.3, 'circle_concentration': 58.4, 'eligible_count': 6, 'bet_adj': 2, 'reason': 'rel_win1=63.3%（本命度） / 最有力組み合わせ確率: 0.066（推定実オッズ?20倍） / 2着集中度: 上位2艇 58.4%（補正+0.00） / 総合判定確率: 0.066 / → ヒモ分散。1号艇1着固定で広めのヒモ流し推奨（買い目+2点）', 'tenji_trigger': '展示確認: ヒモ分散レース。1号艇伸び確認後、広めのヒモ流しを採用。穴ヒモ（5・6号艇）を積極的に含める。'}",,,27.9,逃げ狙い,16.96,28.7,4,,,,,,,,,,,
2025-08-12,丸亀,1,5,石渡翔一,B1,30.84,5,▲,7.6079,22,91,51.1,0.1419,3.0532,,,0,低,77,0,ま0% 差ま0%,665,0,86.9,1.494,0,0,0.0714,0.0714,0,0.1538,0.0769,0.1538,,○,D,○,,0.406,0.6015,,0.4169,S,83,0,◎1着固定 2-3着流し（5〜8点）,0.5777,"{'is_target': True, 'verdict': '参加推奨', 'max_combo_prob': 0.0658, 'est_top_odds': 20.3, 'circle_concentration': 58.4, 'eligible_count': 6, 'bet_adj': 2, 'reason': 'rel_win1=63.3%（本命度） / 最有力組み合わせ確率: 0.066（推定実オッズ?20倍） / 2着集中度: 上位2艇 58.4%（補正+0.00） / 総合判定確率: 0.066 / → ヒモ分散。1号艇1着固定で広めのヒモ流し推奨（買い目+2点）', 'tenji_trigger': '展示確認: ヒモ分散レース。1号艇伸び確認後、広めのヒモ流しを採用。穴ヒモ（5・6号艇）を積極的に含める。'}",,,27.9,逃げ狙い,16.96,28.7,4,,,,,,,,,,,
2025-08-12,丸亀,1,6,孫崎百世,B2,38.50,6,○,1.2028,7.2,77,21.4,0.1789,4.1429,,,0,低,108,0,-,454,0,25.4,0.9478,,,,,,0.1714,0.2571,0.3143,,,B,,,0.2996,0.557,,0.4169,S,83,0,◎1着固定 2-3着流し（5〜8点）,0.5777,"{'is_target': True, 'verdict': '参加推奨', 'max_combo_prob': 0.0658, 'est_top_odds': 20.3, 'circle_concentration': 58.4, 'eligible_count': 6, 'bet_adj': 2, 'reason': 'rel_win1=63.3%（本命度） / 最有力組み合わせ確率: 0.066（推定実オッズ?20倍） / 2着集中度: 上位2艇 58.4%（補正+0.00） / 総合判定確率: 0.066 / → ヒモ分散。1号艇1着固定で広めのヒモ流し推奨（買い目+2点）', 'tenji_trigger': '展示確認: ヒモ分散レース。1号艇伸び確認後、広めのヒモ流しを採用。穴ヒモ（5・6号艇）を積極的に含める。'}",,,27.9,逃げ狙い,16.96,28.7,4,,,,,,,,,,,
2025-08-12,丸亀,2,1,渡辺空依,B1,35.78,1,◎,47.1446,,0,83.3,0.1729,3.2917,,,0,低,103,0,逃0%,3 13,0,63.3,1.0419,0.4286,,,,,0.0286,0.1143,0.0286,○,,C,,,,0.54,,0.354,A,66,0,◎-○軸 3着3〜4艇流し（10〜15点）,0.5777,"{'is_target': True, 'verdict': '参加推奨', 'max_combo_prob': 0.0621, 'est_top_odds': 21.5, 'circle_concentration': 60.5, 'eligible_count': 8, 'bet_adj': 2, 'reason': 'rel_win1=47.1%（本命度） / 最有力組み合わせ確率: 0.062（推定実オッズ?22倍） / 2着集中度: 上位2艇 60.5%（補正+0.00） / 総合判定確率: 0.062 / → ヒモ分散。1号艇1着固定で広めのヒモ流し推奨（買い目+2点）', 'tenji_trigger': '展示確認: ヒモ分散レース。1号艇伸び確認後、広めのヒモ流しを採用。穴ヒモ（5・6号艇）を積極的に含める。'}",,,28.6,逃げ狙い,20.81,27.3,4,,,,,0,0,0.6155,0,,逃げ軸流し,A
2025-08-12,丸亀,2,2,齋藤　勇,B1,38.71,2,▲,14.917,21.8,100,55.2,0.1795,3.9828,,,0,低,151,0,差0%,6 66,0,28.5,0.941,0,0.08,0,0,0,0.2741,0.4148,0.0444,,,B,△,,0.2513,0.5935,,0.354,A,66,0,◎-○軸 3着3〜4艇流し（10〜15点）,0.5777,"{'is_target': True, 'verdict': '参加推奨', 'max_combo_prob': 0.0621, 'est_top_odds': 21.5, 'circle_concentration': 60.5, 'eligible_count': 8, 'bet_adj': 2, 'reason': 'rel_win1=47.1%（本命度） / 最有力組み合わせ確率: 0.062（推定実オッズ?22倍） / 2着集中度: 上位2艇 60.5%（補正+0.00） / 総合判定確率: 0.062 / → ヒモ分散。1号艇1着固定で広めのヒモ流し推奨（買い目+2点）', 'tenji_trigger': '展示確認: ヒモ分散レース。1号艇伸び確認後、広めのヒモ流しを採用。穴ヒモ（5・6号艇）を積極的に含める。'}",,,28.6,逃げ狙い,20.81,27.3,4,,,,,,,,,,,
2025-08-12,丸亀,2,3,栗原直也,B1,26.42,3,,15.2063,33.3,74,67.2,0.1791,3.5078,,,0,低,181,0,差ま0% 抜0%,326,0,54.2,1.3373,0,0,0,0.1364,0.0455,0.0952,0.2333,0.0571,,,E,△,,0.2803,0.6005,,0.354,A,66,0,◎-○軸 3着3〜4艇流し（10〜15点）,0.5777,"{'is_target': True, 'verdict': '参加推奨', 'max_combo_prob': 0.0621, 'est_top_odds': 21.5, 'circle_concentration': 60.5, 'eligible_count': 8, 'bet_adj': 2, 'reason': 'rel_win1=47.1%（本命度） / 最有力組み合わせ確率: 0.062（推定実オッズ?22倍） / 2着集中度: 上位2艇 60.5%（補正+0.00） / 総合判定確率: 0.062 / → ヒモ分散。1号艇1着固定で広めのヒモ流し推奨（買い目+2点）', 'tenji_trigger': '展示確認: ヒモ分散レース。1号艇伸び確認後、広めのヒモ流しを採用。穴ヒモ（5・6号艇）を積極的に含める。'}",,,28.6,逃げ狙い,20.81,27.3,4,,,,,,,,,,,
2025-08-12,丸亀,2,4,高橋竜矢,A1,46.48,4,○,15.7528,27.1,66,58.3,0.1264,3.2639,,,0,低,31,0,-,3612,0,65.9,1.3974,0,0.0417,0,0,0.0417,0,0.0417,0.0833,,◎,A,◎,◎,0.4542,0.6585,0.4375,0.354,A,66,0,◎-○軸 3着3〜4艇流し（10〜15点）,0.5777,"{'is_target': True, 'verdict': '参加推奨', 'max_combo_prob': 0.0621, 'est_top_odds': 21.5, 'circle_concentration': 60.5, 'eligible_count': 8, 'bet_adj': 2, 'reason': 'rel_win1=47.1%（本命度） / 最有力組み合わせ確率: 0.062（推定実オッズ?22倍） / 2着集中度: 上位2艇 60.5%（補正+0.00） / 総合判定確率: 0.062 / → ヒモ分散。1号艇1着固定で広めのヒモ流し推奨（買い目+2点）', 'tenji_trigger': '展示確認: ヒモ分散レース。1号艇伸び確認後、広めのヒモ流しを採用。穴ヒモ（5・6号艇）を積極的に含める。'}",,,28.6,逃げ狙い,20.81,27.3,4,,,,,,,,,,,
2025-08-12,丸亀,2,5,金子猛志,B1,29.86,5,△,5.9241,16,68,42.6,0.1521,3.1103,,,0,低,109,0,ま0% 差ま0%,246,0,49.4,1.2067,0,0,0.0323,0.0323,0,0.14,0.1,0.2,,,D,○,,0.3523,0.6455,,0.354,A,66,0,◎-○軸 3着3〜4艇流し（10〜15点）,0.5777,"{'is_target': True, 'verdict': '参加推奨', 'max_combo_prob': 0.0621, 'est_top_odds': 21.5, 'circle_concentration': 60.5, 'eligible_count': 8, 'bet_adj': 2, 'reason': 'rel_win1=47.1%（本命度） / 最有力組み合わせ確率: 0.062（推定実オッズ?22倍） / 2着集中度: 上位2艇 60.5%（補正+0.00） / 総合判定確率: 0.062 / → ヒモ分散。1号艇1着固定で広めのヒモ流し推奨（買い目+2点）', 'tenji_trigger': '展示確認: ヒモ分散レース。1号艇伸び確認後、広めのヒモ流しを採用。穴ヒモ（5・6号艇）を積極的に含める。'}",,,28.6,逃げ狙い,20.81,27.3,4,,,,,,,,,,,
2025-08-12,丸亀,2,6,中岡　駿,B2,33.18,6,,1.0552,1.7,19,6.2,0.2055,4.3615,,,0,低,40,0,-,6 66,0,96.9,2.1011,,,,,,,,,,,D,,,0.2097,0.482,,0.354,A,66,0,◎-○軸 3着3〜4艇流し（10〜15点）,0.5777,"{'is_target': True, 'verdict': '参加推奨', 'max_combo_prob': 0.0621, 'est_top_odds': 21.5, 'circle_concentration': 60.5, 'eligible_count': 8, 'bet_adj': 2, 'reason': 'rel_win1=47.1%（本命度） / 最有力組み合わせ確率: 0.062（推定実オッズ?22倍） / 2着集中度: 上位2艇 60.5%（補正+0.00） / 総合判定確率: 0.062 / → ヒモ分散。1号艇1着固定で広めのヒモ流し推奨（買い目+2点）', 'tenji_trigger': '展示確認: ヒモ分散レース。1号艇伸び確認後、広めのヒモ流しを採用。穴ヒモ（5・6号艇）を積極的に含める。'}",,,28.6,逃げ狙い,20.81,27.3,4,,,,,,,,,,,
2025-08-12,丸亀,3,1,水原　慎,B1,39.09,1,◎,49.4345,,0,73.5,0.1278,2.7449,,,0,低,126,0,逃1%,3 14,0,67.5,0.9497,0.55,,,,,0.05,0.2,0.2,◎,,B,△,,,0.598,,0.5408,A,61,0,◎-○軸 3着3〜4艇流し（10〜15点）,0.5777,"{'is_target': True, 'verdict': '参加推奨', 'max_combo_prob': 0.0642, 'est_top_odds': 20.8, 'circle_concentration': 77.7, 'eligible_count': 8, 'bet_adj': 2, 'reason': 'rel_win1=49.4%（本命度） / 最有力組み合わせ確率: 0.064（推定実オッズ?21倍） / 2着集中度: 上位2艇 77.7%（補正+0.04） / 総合判定確率: 0.104 / → ヒモ分散。1号艇1着固定で広めのヒモ流し推奨（買い目+2点）', 'tenji_trigger': '展示確認: ヒモ分散レース。1号艇伸び確認後、広めのヒモ流しを採用。穴ヒモ（5・6号艇）を積極的に含める。\n展示で1号艇スタート超安定(0.128秒)→ヒモ固まり方向に注意'}",,,28.7,両建て推奨,17.25,30.6,5,,,,,0,0,0.7559,0,,逃げ軸流し,A
2025-08-12,丸亀,3,2,増田　進,B1,34.58,2,,9.709,35.2,85,39.7,0.1809,3.9487,,,0,低,192,0,差0% 抜0%,654,0,20.9,0.6869,0,0.0833,0,0,0.0278,0.28,0.3333,0.14,,,C,△,,0.0681,0.6315,,0.5408,A,61,0,◎-○軸 3着3〜4艇流し（10〜15点）,0.5777,"{'is_target': True, 'verdict': '参加推奨', 'max_combo_prob': 0.0642, 'est_top_odds': 20.8, 'circle_concentration': 77.7, 'eligible_count': 8, 'bet_adj': 2, 'reason': 'rel_win1=49.4%（本命度） / 最有力組み合わせ確率: 0.064（推定実オッズ?21倍） / 2着集中度: 上位2艇 77.7%（補正+0.04） / 総合判定確率: 0.104 / → ヒモ分散。1号艇1着固定で広めのヒモ流し推奨（買い目+2点）', 'tenji_trigger': '展示確認: ヒモ分散レース。1号艇伸び確認後、広めのヒモ流しを採用。穴ヒモ（5・6号艇）を積極的に含める。\n展示で1号艇スタート超安定(0.128秒)→ヒモ固まり方向に注意'}",,,28.7,両建て推奨,17.25,30.6,5,,,,,,,,,,,
2025-08-12,丸亀,3,3,上田紗奈,B1,47.89,3,○,16.0672,42.5,100,65.9,0.15,2.8864,,,0,低,90,0,ま0% 抜0%,522,0,63.9,1.3446,0,0,0.0952,0,0.0476,0,0.1771,0.2971,,,A,△,,0.1863,0.6315,,0.5408,A,61,0,◎-○軸 3着3〜4艇流し（10〜15点）,0.5777,"{'is_target': True, 'verdict': '参加推奨', 'max_combo_prob': 0.0642, 'est_top_odds': 20.8, 'circle_concentration': 77.7, 'eligible_count': 8, 'bet_adj': 2, 'reason': 'rel_win1=49.4%（本命度） / 最有力組み合わせ確率: 0.064（推定実オッズ?21倍） / 2着集中度: 上位2艇 77.7%（補正+0.04） / 総合判定確率: 0.104 / → ヒモ分散。1号艇1着固定で広めのヒモ流し推奨（買い目+2点）', 'tenji_trigger': '展示確認: ヒモ分散レース。1号艇伸び確認後、広めのヒモ流しを採用。穴ヒモ（5・6号艇）を積極的に含める。\n展示で1号艇スタート超安定(0.128秒)→ヒモ固まり方向に注意'}",,,28.7,両建て推奨,17.25,30.6,5,,,,,,,,,,,
2025-08-12,丸亀,3,4,星野政彦,B1,26.89,4,,5.2305,12.2,66,27.3,0.1618,3.2955,,,0,低,79,0,ま0%,5 44,0,58.1,0.5928,0,0,0.0625,0,0,0.2308,0.0923,0.3231,,,E,,,0.1596,0.5745,,0.5408,A,61,0,◎-○軸 3着3〜4艇流し（10〜15点）,0.5777,"{'is_target': True, 'verdict': '参加推奨', 'max_combo_prob': 0.0642, 'est_top_odds': 20.8, 'circle_concentration': 77.7, 'eligible_count': 8, 'bet_adj': 2, 'reason': 'rel_win1=49.4%（本命度） / 最有力組み合わせ確率: 0.064（推定実オッズ?21倍） / 2着集中度: 上位2艇 77.7%（補正+0.04） / 総合判定確率: 0.104 / → ヒモ分散。1号艇1着固定で広めのヒモ流し推奨（買い目+2点）', 'tenji_trigger': '展示確認: ヒモ分散レース。1号艇伸び確認後、広めのヒモ流しを採用。穴ヒモ（5・6号艇）を積極的に含める。\n展示で1号艇スタート超安定(0.128秒)→ヒモ固まり方向に注意'}",,,28.7,両建て推奨,17.25,30.6,5,,,,,,,,,,,
2025-08-12,丸亀,3,5,中村日向,A1,30.94,5,△,15.6982,6.6,88,55.2,0.1493,3.3966,,,0,低,40,0,差ま0%,3511,0,90.1,1.6114,0,0,0,0.25,0.0833,0.1538,0.0769,0,,,D,○,◎,0.2666,0.645,0.3677,0.5408,A,61,0,◎-○軸 3着3〜4艇流し（10〜15点）,0.5777,"{'is_target': True, 'verdict': '参加推奨', 'max_combo_prob': 0.0642, 'est_top_odds': 20.8, 'circle_concentration': 77.7, 'eligible_count': 8, 'bet_adj': 2, 'reason': 'rel_win1=49.4%（本命度） / 最有力組み合わせ確率: 0.064（推定実オッズ?21倍） / 2着集中度: 上位2艇 77.7%（補正+0.04） / 総合判定確率: 0.104 / → ヒモ分散。1号艇1着固定で広めのヒモ流し推奨（買い目+2点）', 'tenji_trigger': '展示確認: ヒモ分散レース。1号艇伸び確認後、広めのヒモ流しを採用。穴ヒモ（5・6号艇）を積極的に含める。\n展示で1号艇スタート超安定(0.128秒)→ヒモ固まり方向に注意'}",,,28.7,両建て推奨,17.25,30.6,5,,,,,,,,,,,
2025-08-12,丸亀,3,6,井手良太,B1,34.42,6,▲,3.8606,3.5,49,28.3,0.1262,3.0189,,,0,低,50,0,差0%,424,0,27,1.1931,0,0.0455,0,0,0,0.0421,0.2632,0.2053,,,C,◎,,0.2823,0.667,,0.5408,A,61,0,◎-○軸 3着3〜4艇流し（10〜15点）,0.5777,"{'is_target': True, 'verdict': '参加推奨', 'max_combo_prob': 0.0642, 'est_top_odds': 20.8, 'circle_concentration': 77.7, 'eligible_count': 8, 'bet_adj': 2, 'reason': 'rel_win1=49.4%（本命度） / 最有力組み合わせ確率: 0.064（推定実オッズ?21倍） / 2着集中度: 上位2艇 77.7%（補正+0.04） / 総合判定確率: 0.104 / → ヒモ分散。1号艇1着固定で広めのヒモ流し推奨（買い目+2点）', 'tenji_trigger': '展示確認: ヒモ分散レース。1号艇伸び確認後、広めのヒモ流しを採用。穴ヒモ（5・6号艇）を積極的に含める。\n展示で1号艇スタート超安定(0.128秒)→ヒモ固まり方向に注意'}",,,28.7,両建て推奨,17.25,30.6,5,,,,,,,,,,,
2025-08-12,丸亀,4,1,赤澤文香,B1,31.16,1,◎,45.619,,0,61.9,0.181,3.8571,,,0,低,80,0,逃0%,135,0,73.1,1.0357,0.3077,,,,,0.3077,0.2308,0.0769,△,,C,△,,,0.5955,,0.2157,B,47,0,◎○△フォーメーション（15〜20点）,0.5777,"{'is_target': True, 'verdict': '参加推奨', 'max_combo_prob': 0.057, 'est_top_odds': 23.4, 'circle_concentration': 72.1, 'eligible_count': 9, 'bet_adj': 2, 'reason': 'rel_win1=45.6%（本命度） / 最有力組み合わせ確率: 0.057（推定実オッズ?23倍） / 2着集中度: 上位2艇 72.1%（補正+0.04） / 総合判定確率: 0.097 / → ヒモ分散。1号艇1着固定で広めのヒモ流し推奨（買い目+2点）', 'tenji_trigger': '展示確認: ヒモ分散レース。1号艇伸び確認後、広めのヒモ流しを採用。穴ヒモ（5・6号艇）を積極的に含める。\n展示で1号艇スタート遅め(0.181秒)確認→ヒモが荒れやすい'}",,,33,両建て推奨,19.99,40.7,3,3-5-6|3-4-5|1-3-5|1-3-2|1-2-3|1-2-5|1-5-3,5-1-2|5-2-1|2-1-5|5-1-6|6-1-2|3-5-6|3-4-5|1-3-5|1-3-2|1-2-3|1-2-5|1-5-3,3-5-6:1.48%|3-4-5:1.45%|1-3-5:6.33%|1-3-2:5.79%|1-2-3:5.67%|1-2-5:4.65%|1-5-3:4.1%,3-5-6:B_main|3-4-5:B_main|1-3-5:A|1-3-2:A|1-2-3:A|1-2-5:A|1-5-3:A,7,12,0.4535,1,[!]見送り推奨（主役決まり手「まくり」― 逃げ劣勢レースで的中実績なし）,荒れ広め,D
2025-08-12,丸亀,4,2,奥田　誠,B1,29.02,2,,15.0341,30,80,54.7,0.1869,3.9133,,,0,低,163,0,ま1%,646,0,53.2,0.6886,0,0.0588,0.0882,0,0.0294,0.1771,0.0571,0.139,,,D,△,,0.257,0.6205,,0.2157,B,47,0,◎○△フォーメーション（15〜20点）,0.5777,"{'is_target': True, 'verdict': '参加推奨', 'max_combo_prob': 0.057, 'est_top_odds': 23.4, 'circle_concentration': 72.1, 'eligible_count': 9, 'bet_adj': 2, 'reason': 'rel_win1=45.6%（本命度） / 最有力組み合わせ確率: 0.057（推定実オッズ?23倍） / 2着集中度: 上位2艇 72.1%（補正+0.04） / 総合判定確率: 0.097 / → ヒモ分散。1号艇1着固定で広めのヒモ流し推奨（買い目+2点）', 'tenji_trigger': '展示確認: ヒモ分散レース。1号艇伸び確認後、広めのヒモ流しを採用。穴ヒモ（5・6号艇）を積極的に含める。\n展示で1号艇スタート遅め(0.181秒)確認→ヒモが荒れやすい'}",,,33,両建て推奨,19.99,40.7,3,,,,,,,,,,,
2025-08-12,丸亀,4,3,梶野学志,A1,40.65,3,○,24.243,42,100,79.7,0.1422,3.0085,,,0,低,97,0,ま0%,5231,0,90,1.7687,0,0,0.1304,0,0,0.0138,0.1164,0.0276,,◎,A,◎,,0.4821,0.656,,0.2157,B,47,0,◎○△フォーメーション（15〜20点）,0.5777,"{'is_target': True, 'verdict': '参加推奨', 'max_combo_prob': 0.057, 'est_top_odds': 23.4, 'circle_concentration': 72.1, 'eligible_count': 9, 'bet_adj': 2, 'reason': 'rel_win1=45.6%（本命度） / 最有力組み合わせ確率: 0.057（推定実オッズ?23倍） / 2着集中度: 上位2艇 72.1%（補正+0.04） / 総合判定確率: 0.097 / → ヒモ分散。1号艇1着固定で広めのヒモ流し推奨（買い目+2点）', 'tenji_trigger': '展示確認: ヒモ分散レース。1号艇伸び確認後、広めのヒモ流しを採用。穴ヒモ（5・6号艇）を積極的に含める。\n展示で1号艇スタート遅め(0.181秒)確認→ヒモが荒れやすい'}",,,33,両建て推奨,19.99,40.7,3,,,,,,,,,,,
2025-08-12,丸亀,4,4,丸山祐也,B1,29.91,4,,4.4823,6.4,58,12.8,0.2062,4.7949,,,0,低,130,0,-,5 53,0,15.7,0.5462,,,,,,0.125,0.25,0.25,,,D,,,0.2126,0.558,,0.2157,B,47,0,◎○△フォーメーション（15〜20点）,0.5777,"{'is_target': True, 'verdict': '参加推奨', 'max_combo_prob': 0.057, 'est_top_odds': 23.4, 'circle_concentration': 72.1, 'eligible_count': 9, 'bet_adj': 2, 'reason': 'rel_win1=45.6%（本命度） / 最有力組み合わせ確率: 0.057（推定実オッズ?23倍） / 2着集中度: 上位2艇 72.1%（補正+0.04） / 総合判定確率: 0.097 / → ヒモ分散。1号艇1着固定で広めのヒモ流し推奨（買い目+2点）', 'tenji_trigger': '展示確認: ヒモ分散レース。1号艇伸び確認後、広めのヒモ流しを採用。穴ヒモ（5・6号艇）を積極的に含める。\n展示で1号艇スタート遅め(0.181秒)確認→ヒモが荒れやすい'}",,,33,両建て推奨,19.99,40.7,3,,,,,,,,,,,
2025-08-12,丸亀,4,5,浦野　海,A2,30.84,5,▲,6.9496,17.7,72,52.4,0.1681,3.7976,,,0,低,75,0,-,132,0,79.7,1.4333,,,,,,0,0.1111,0.1422,,,C,,,0.351,0.579,,0.2157,B,47,0,◎○△フォーメーション（15〜20点）,0.5777,"{'is_target': True, 'verdict': '参加推奨', 'max_combo_prob': 0.057, 'est_top_odds': 23.4, 'circle_concentration': 72.1, 'eligible_count': 9, 'bet_adj': 2, 'reason': 'rel_win1=45.6%（本命度） / 最有力組み合わせ確率: 0.057（推定実オッズ?23倍） / 2着集中度: 上位2艇 72.1%（補正+0.04） / 総合判定確率: 0.097 / → ヒモ分散。1号艇1着固定で広めのヒモ流し推奨（買い目+2点）', 'tenji_trigger': '展示確認: ヒモ分散レース。1号艇伸び確認後、広めのヒモ流しを採用。穴ヒモ（5・6号艇）を積極的に含める。\n展示で1号艇スタート遅め(0.181秒)確認→ヒモが荒れやすい'}",,,33,両建て推奨,19.99,40.7,3,,,,,,,,,,,
2025-08-12,丸亀,4,6,守屋大地,B1,30.28,6,△,3.6721,3.8,59,25,0.1588,3.2885,,,0,低,180,0,-,3435,0,28.1,1.0481,,,,,,0.5236,0.1927,0.0727,,,D,○,,0.3806,0.654,,0.2157,B,47,0,◎○△フォーメーション（15〜20点）,0.5777,"{'is_target': True, 'verdict': '参加推奨', 'max_combo_prob': 0.057, 'est_top_odds': 23.4, 'circle_concentration': 72.1, 'eligible_count': 9, 'bet_adj': 2, 'reason': 'rel_win1=45.6%（本命度） / 最有力組み合わせ確率: 0.057（推定実オッズ?23倍） / 2着集中度: 上位2艇 72.1%（補正+0.04） / 総合判定確率: 0.097 / → ヒモ分散。1号艇1着固定で広めのヒモ流し推奨（買い目+2点）', 'tenji_trigger': '展示確認: ヒモ分散レース。1号艇伸び確認後、広めのヒモ流しを採用。穴ヒモ（5・6号艇）を積極的に含める。\n展示で1号艇スタート遅め(0.181秒)確認→ヒモが荒れやすい'}",,,33,両建て推奨,19.99,40.7,3,,,,,,,,,,,
2025-08-12,丸亀,5,1,長谷川充,B1,28.11,1,◎,50.8946,,0,78.1,0.1739,3.6094,,,0,低,187,0,逃0%,1443,0,100,2.5485,0.4074,,,,,0.1941,0.3289,0.0444,○,,D,△,,,0.6205,,0.3628,A,69,0,◎-○軸 3着3〜4艇流し（10〜15点）,0.5777,"{'is_target': True, 'verdict': '点数絞り', 'max_combo_prob': 0.106, 'est_top_odds': 12.6, 'circle_concentration': 77.1, 'eligible_count': 8, 'bet_adj': 0, 'reason': 'rel_win1=50.9%（本命度） / 最有力組み合わせ確率: 0.106（推定実オッズ?13倍） / 2着集中度: 上位2艇 77.1%（補正+0.04） / 総合判定確率: 0.146 / → ヒモはやや固め。上位2艇以外を切ること', 'tenji_trigger': '展示確認: 1号艇伸び良→そのまま採用。悪→飛び組に差し替え。circle_pct上位2艇に絞り込むこと。'}",,,31.4,逃げ狙い,19.73,36.4,3,,,,,0,0,0.6155,0,,逃げ軸流し,A
2025-08-12,丸亀,5,2,三宅　潤,A2,32.72,2,▲,13.7049,56.5,100,73.8,0.1604,3.8687,,,0,低,174,0,差0%,422,0,26.2,0.6983,0,0.0732,0.0244,0,0.0244,0.0222,0.0444,0.2111,,○,C,△,,0.4783,0.6355,,0.3628,A,69,0,◎-○軸 3着3〜4艇流し（10〜15点）,0.5777,"{'is_target': True, 'verdict': '点数絞り', 'max_combo_prob': 0.106, 'est_top_odds': 12.6, 'circle_concentration': 77.1, 'eligible_count': 8, 'bet_adj': 0, 'reason': 'rel_win1=50.9%（本命度） / 最有力組み合わせ確率: 0.106（推定実オッズ?13倍） / 2着集中度: 上位2艇 77.1%（補正+0.04） / 総合判定確率: 0.146 / → ヒモはやや固め。上位2艇以外を切ること', 'tenji_trigger': '展示確認: 1号艇伸び良→そのまま採用。悪→飛び組に差し替え。circle_pct上位2艇に絞り込むこと。'}",,,31.4,逃げ狙い,19.73,36.4,3,,,,,,,,,,,
2025-08-12,丸亀,5,3,孫崎百世,B2,38.50,3,△,15.6655,14.7,83,40.7,0.2126,4.2778,,,0,低,108,0,-,454,0,59.7,1.5956,0,0.0667,0,0,0,0.1714,0.2571,0.3143,,,B,,,0.1545,0.557,,0.3628,A,69,0,◎-○軸 3着3〜4艇流し（10〜15点）,0.5777,"{'is_target': True, 'verdict': '点数絞り', 'max_combo_prob': 0.106, 'est_top_odds': 12.6, 'circle_concentration': 77.1, 'eligible_count': 8, 'bet_adj': 0, 'reason': 'rel_win1=50.9%（本命度） / 最有力組み合わせ確率: 0.106（推定実オッズ?13倍） / 2着集中度: 上位2艇 77.1%（補正+0.04） / 総合判定確率: 0.146 / → ヒモはやや固め。上位2艇以外を切ること', 'tenji_trigger': '展示確認: 1号艇伸び良→そのまま採用。悪→飛び組に差し替え。circle_pct上位2艇に絞り込むこと。'}",,,31.4,逃げ狙い,19.73,36.4,3,,,,,,,,,,,
2025-08-12,丸亀,5,4,村田　敦,B1,39.63,4,○,6.2285,7.9,44,27.1,0.1367,2.8125,,,0,低,81,0,-,5 26,0,26.1,0.6374,,,,,,0.22,0.02,0.42,,◎,B,○,,0.507,0.6445,,0.3628,A,69,0,◎-○軸 3着3〜4艇流し（10〜15点）,0.5777,"{'is_target': True, 'verdict': '点数絞り', 'max_combo_prob': 0.106, 'est_top_odds': 12.6, 'circle_concentration': 77.1, 'eligible_count': 8, 'bet_adj': 0, 'reason': 'rel_win1=50.9%（本命度） / 最有力組み合わせ確率: 0.106（推定実オッズ?13倍） / 2着集中度: 上位2艇 77.1%（補正+0.04） / 総合判定確率: 0.146 / → ヒモはやや固め。上位2艇以外を切ること', 'tenji_trigger': '展示確認: 1号艇伸び良→そのまま採用。悪→飛び組に差し替え。circle_pct上位2艇に絞り込むこと。'}",,,31.4,逃げ狙い,19.73,36.4,3,,,,,,,,,,,
2025-08-12,丸亀,5,5,桑島和宏,A1,32.54,5,,12.3614,20.7,79,60.9,0.1662,3.7029,,,0,低,131,0,差0%,1432,0,100,2.0905,0,0.0323,0,0.0968,0,0.0526,0.0105,0.1276,,,C,◎,◎,0.3654,0.6545,0.3926,0.3628,A,69,0,◎-○軸 3着3〜4艇流し（10〜15点）,0.5777,"{'is_target': True, 'verdict': '点数絞り', 'max_combo_prob': 0.106, 'est_top_odds': 12.6, 'circle_concentration': 77.1, 'eligible_count': 8, 'bet_adj': 0, 'reason': 'rel_win1=50.9%（本命度） / 最有力組み合わせ確率: 0.106（推定実オッズ?13倍） / 2着集中度: 上位2艇 77.1%（補正+0.04） / 総合判定確率: 0.146 / → ヒモはやや固め。上位2艇以外を切ること', 'tenji_trigger': '展示確認: 1号艇伸び良→そのまま採用。悪→飛び組に差し替え。circle_pct上位2艇に絞り込むこと。'}",,,31.4,逃げ狙い,19.73,36.4,3,,,,,,,,,,,
2025-08-12,丸亀,5,6,倉富大誠,B1,28.50,6,,1.145,0.3,19,9.9,0.2295,5.1296,,,0,低,133,0,-,121,0,27.7,0.8044,,,,,,0.25,0.225,0.05,,,D,,,0.1866,0.5365,,0.3628,A,69,0,◎-○軸 3着3〜4艇流し（10〜15点）,0.5777,"{'is_target': True, 'verdict': '点数絞り', 'max_combo_prob': 0.106, 'est_top_odds': 12.6, 'circle_concentration': 77.1, 'eligible_count': 8, 'bet_adj': 0, 'reason': 'rel_win1=50.9%（本命度） / 最有力組み合わせ確率: 0.106（推定実オッズ?13倍） / 2着集中度: 上位2艇 77.1%（補正+0.04） / 総合判定確率: 0.146 / → ヒモはやや固め。上位2艇以外を切ること', 'tenji_trigger': '展示確認: 1号艇伸び良→そのまま採用。悪→飛び組に差し替え。circle_pct上位2艇に絞り込むこと。'}",,,31.4,逃げ狙い,19.73,36.4,3,,,,,,,,,,,
2025-08-12,丸亀,6,1,浅井　翼,B1,32.41,1,○,39.8462,,0,42.9,0.1771,3.0238,,,0,低,93,0,逃0%,2234,0,27.9,0.5969,0.0769,,,,,0.3077,0.3077,0.1538,,,C,,,,0.4745,,0.1963,D,16,1,大荒れ。見送り推奨,0.5777,"{'is_target': False, 'verdict': '対象外', 'max_combo_prob': None, 'est_top_odds': None, 'circle_concentration': None, 'eligible_count': 0, 'bet_adj': 0, 'reason': '1号艇rel_win1 < 45%: 通常判定に委ねる', 'tenji_trigger': ''}",,,34.6,両建て推奨,23.43,42.4,3,3-4-6|3-5-4|3-4-5|3-5-6|3-6-4|3-4-2|3-6-5|1-3-4|1-3-2|1-2-3,3-4-6|3-5-4|3-4-5|3-5-6|3-6-4|3-4-2|3-6-5|1-3-4|1-3-2|2-1-4|5-1-6|1-2-3,3-4-6:2.5%|3-5-4:2.16%|3-4-5:1.79%|3-5-6:1.25%|3-6-4:1.09%|3-4-2:0.73%|3-6-5:0.45%|1-3-4:5.54%|1-3-2:4.72%|1-2-3:4.07%,3-4-6:B_main|3-5-4:B_main|3-4-5:B_main|3-5-6:B_main|3-6-4:B_main|3-4-2:B_main|3-6-5:B_main|1-3-4:A|1-3-2:A|1-2-3:A,10,12,0.2915,1,[!]見送り推奨（主役決まり手「まくり」― 逃げ劣勢レースで的中実績なし）,主役軸流し,B
2025-08-12,丸亀,6,2,金子猛志,B1,29.86,2,,11.1182,22.9,100,52.9,0.1654,3.5214,,,0,低,109,0,-,246,0,28.2,0.769,0,0.037,0,0,0,0.14,0.1,0.2,,○,D,○,,0.4698,0.6455,,0.1963,D,16,1,大荒れ。見送り推奨,0.5777,"{'is_target': False, 'verdict': '対象外', 'max_combo_prob': None, 'est_top_odds': None, 'circle_concentration': None, 'eligible_count': 0, 'bet_adj': 0, 'reason': '1号艇rel_win1 < 45%: 通常判定に委ねる', 'tenji_trigger': ''}",,,34.6,両建て推奨,23.43,42.4,3,,,,,,,,,,,
2025-08-12,丸亀,6,3,佐藤隆太,A1,27.06,3,▲,27.234,45.8,68,89.7,0.1307,2.5,,,0,低,32,0,ま0% 抜0%,3154,0,95.7,1.989,0,0,0.3,0,0.1,0.0833,0.0833,0,,◎,E,◎,,0.5756,0.6665,,0.1963,D,16,1,大荒れ。見送り推奨,0.5777,"{'is_target': False, 'verdict': '対象外', 'max_combo_prob': None, 'est_top_odds': None, 'circle_concentration': None, 'eligible_count': 0, 'bet_adj': 0, 'reason': '1号艇rel_win1 < 45%: 通常判定に委ねる', 'tenji_trigger': ''}",,,34.6,両建て推奨,23.43,42.4,3,,,,,,,,,,,
2025-08-12,丸亀,6,4,田中駿兵,A2,39.15,4,◎,12.413,18,52,43.9,0.1595,3.3902,,,0,低,67,0,-,4511,0,82.2,1.5957,0,0,0.1333,0,0,0,0.1176,0,,△,B,△,◎,0.4221,0.6065,0.3153,0.1963,D,16,1,大荒れ。見送り推奨,0.5777,"{'is_target': False, 'verdict': '対象外', 'max_combo_prob': None, 'est_top_odds': None, 'circle_concentration': None, 'eligible_count': 0, 'bet_adj': 0, 'reason': '1号艇rel_win1 < 45%: 通常判定に委ねる', 'tenji_trigger': ''}",,,34.6,両建て推奨,23.43,42.4,3,,,,,,,,,,,
2025-08-12,丸亀,6,5,笠野友紀,B1,33.64,5,△,4.3105,8.7,53,22.7,0.2005,4.5909,,,0,低,82,0,-,165,0,23.1,0.6733,,,,,,0.3631,0.3631,0.1508,,,B,,,0.2814,0.5555,,0.1963,D,16,1,大荒れ。見送り推奨,0.5777,"{'is_target': False, 'verdict': '対象外', 'max_combo_prob': None, 'est_top_odds': None, 'circle_concentration': None, 'eligible_count': 0, 'bet_adj': 0, 'reason': '1号艇rel_win1 < 45%: 通常判定に委ねる', 'tenji_trigger': ''}",,,34.6,両建て推奨,23.43,42.4,3,,,,,,,,,,,
2025-08-12,丸亀,6,6,高橋正男,A2,31.63,6,,5.0782,4.6,68,42.9,0.165,3.7054,,,0,低,124,0,-,1 22,0,23.1,0.5933,0,0.0385,0.0385,0.0385,0,0.0364,0.2727,0.0848,,,C,△,,0.3701,0.635,,0.1963,D,16,1,大荒れ。見送り推奨,0.5777,"{'is_target': False, 'verdict': '対象外', 'max_combo_prob': None, 'est_top_odds': None, 'circle_concentration': None, 'eligible_count': 0, 'bet_adj': 0, 'reason': '1号艇rel_win1 < 45%: 通常判定に委ねる', 'tenji_trigger': ''}",,,34.6,両建て推奨,23.43,42.4,3,,,,,,,,,,,
2025-08-12,丸亀,7,1,西丸侑太,A2,35.19,1,◎,65.3227,,0,87.5,0.15,3.125,,,0,低,100,0,逃1%,6136,0,87.4,1.1187,0.6786,,,,,0,0.1314,0.0429,◎,,B,△,,,0.6105,,0.4629,S,95,0,◎1着固定 2-3着流し（5〜8点）,0.5777,"{'is_target': True, 'verdict': '参加推奨', 'max_combo_prob': 0.0924, 'est_top_odds': 14.4, 'circle_concentration': 63.7, 'eligible_count': 6, 'bet_adj': 2, 'reason': 'rel_win1=65.3%（本命度） / 最有力組み合わせ確率: 0.092（推定実オッズ?14倍） / 2着集中度: 上位2艇 63.7%（補正+0.00） / 総合判定確率: 0.092 / → ヒモ分散。1号艇1着固定で広めのヒモ流し推奨（買い目+2点）', 'tenji_trigger': '展示確認: ヒモ分散レース。1号艇伸び確認後、広めのヒモ流しを採用。穴ヒモ（5・6号艇）を積極的に含める。'}",,,24.2,逃げ狙い,8.95,24.9,4,,,,,0,0,0.7559,0,,逃げ軸流し,A
2025-08-12,丸亀,7,2,大島隆乃,B1,31.82,2,,7.8956,40.6,100,51.3,0.1674,4.1026,,,0,低,77,0,差0%,2345,0,46.1,0.8483,0,0.0556,0,0,0,0,0.3333,0,,,D,○,,0.1373,0.6445,,0.4629,S,95,0,◎1着固定 2-3着流し（5〜8点）,0.5777,"{'is_target': True, 'verdict': '参加推奨', 'max_combo_prob': 0.0924, 'est_top_odds': 14.4, 'circle_concentration': 63.7, 'eligible_count': 6, 'bet_adj': 2, 'reason': 'rel_win1=65.3%（本命度） / 最有力組み合わせ確率: 0.092（推定実オッズ?14倍） / 2着集中度: 上位2艇 63.7%（補正+0.00） / 総合判定確率: 0.092 / → ヒモ分散。1号艇1着固定で広めのヒモ流し推奨（買い目+2点）', 'tenji_trigger': '展示確認: ヒモ分散レース。1号艇伸び確認後、広めのヒモ流しを採用。穴ヒモ（5・6号艇）を積極的に含める。'}",,,24.2,逃げ狙い,8.95,24.9,4,,,,,,,,,,,
2025-08-12,丸亀,7,3,奥村明日,B1,31.94,3,,6.7529,16.3,97,43.8,0.1853,4,,,0,低,83,0,ま0%,354,0,20,0.7025,0,0,0.0714,0,0,0.6,0.1,0,,,C,,,0.117,0.5175,,0.4629,S,95,0,◎1着固定 2-3着流し（5〜8点）,0.5777,"{'is_target': True, 'verdict': '参加推奨', 'max_combo_prob': 0.0924, 'est_top_odds': 14.4, 'circle_concentration': 63.7, 'eligible_count': 6, 'bet_adj': 2, 'reason': 'rel_win1=65.3%（本命度） / 最有力組み合わせ確率: 0.092（推定実オッズ?14倍） / 2着集中度: 上位2艇 63.7%（補正+0.00） / 総合判定確率: 0.092 / → ヒモ分散。1号艇1着固定で広めのヒモ流し推奨（買い目+2点）', 'tenji_trigger': '展示確認: ヒモ分散レース。1号艇伸び確認後、広めのヒモ流しを採用。穴ヒモ（5・6号艇）を積極的に含める。'}",,,24.2,逃げ狙い,8.95,24.9,4,,,,,,,,,,,
2025-08-12,丸亀,7,4,清水未唯,B2,31.94,4,▲,11.3251,23.2,66,35.3,0.1259,2.6471,,,0,低,32,0,ま0%,4 65,0,50.6,0.9785,0,0,0.2,0,0,0,0.3333,0,,◎,C,,,0.4303,0.525,,0.4629,S,95,0,◎1着固定 2-3着流し（5〜8点）,0.5777,"{'is_target': True, 'verdict': '参加推奨', 'max_combo_prob': 0.0924, 'est_top_odds': 14.4, 'circle_concentration': 63.7, 'eligible_count': 6, 'bet_adj': 2, 'reason': 'rel_win1=65.3%（本命度） / 最有力組み合わせ確率: 0.092（推定実オッズ?14倍） / 2着集中度: 上位2艇 63.7%（補正+0.00） / 総合判定確率: 0.092 / → ヒモ分散。1号艇1着固定で広めのヒモ流し推奨（買い目+2点）', 'tenji_trigger': '展示確認: ヒモ分散レース。1号艇伸び確認後、広めのヒモ流しを採用。穴ヒモ（5・6号艇）を積極的に含める。'}",,,24.2,逃げ狙い,8.95,24.9,4,,,,,,,,,,,
2025-08-12,丸亀,7,5,中田夕貴,A2,36.20,5,○,3.3246,8.3,65,29.6,0.1489,3.5741,,,0,低,68,0,-,6152,0,36.8,0.891,,,,,,0.1927,0.3127,0,,,B,△,,0.3105,0.5955,,0.4629,S,95,0,◎1着固定 2-3着流し（5〜8点）,0.5777,"{'is_target': True, 'verdict': '参加推奨', 'max_combo_prob': 0.0924, 'est_top_odds': 14.4, 'circle_concentration': 63.7, 'eligible_count': 6, 'bet_adj': 2, 'reason': 'rel_win1=65.3%（本命度） / 最有力組み合わせ確率: 0.092（推定実オッズ?14倍） / 2着集中度: 上位2艇 63.7%（補正+0.00） / 総合判定確率: 0.092 / → ヒモ分散。1号艇1着固定で広めのヒモ流し推奨（買い目+2点）', 'tenji_trigger': '展示確認: ヒモ分散レース。1号艇伸び確認後、広めのヒモ流しを採用。穴ヒモ（5・6号艇）を積極的に含める。'}",,,24.2,逃げ狙い,8.95,24.9,4,,,,,,,,,,,
2025-08-12,丸亀,7,6,木下翔太,A1,32.09,6,△,5.379,11.7,50,47.5,0.162,3.5375,,,0,低,63,0,-,1316,0,68.6,1.3219,0,0,0,0.0556,0,0.0148,0.1148,0.1148,,,C,◎,,0.2463,0.688,,0.4629,S,95,0,◎1着固定 2-3着流し（5〜8点）,0.5777,"{'is_target': True, 'verdict': '参加推奨', 'max_combo_prob': 0.0924, 'est_top_odds': 14.4, 'circle_concentration': 63.7, 'eligible_count': 6, 'bet_adj': 2, 'reason': 'rel_win1=65.3%（本命度） / 最有力組み合わせ確率: 0.092（推定実オッズ?14倍） / 2着集中度: 上位2艇 63.7%（補正+0.00） / 総合判定確率: 0.092 / → ヒモ分散。1号艇1着固定で広めのヒモ流し推奨（買い目+2点）', 'tenji_trigger': '展示確認: ヒモ分散レース。1号艇伸び確認後、広めのヒモ流しを採用。穴ヒモ（5・6号艇）を積極的に含める。'}",,,24.2,逃げ狙い,8.95,24.9,4,,,,,,,,,,,
2025-08-12,丸亀,8,1,高田　綾,B1,38.86,1,◎,60.1304,,0,68.2,0.1732,3.2045,,,0,低,47,0,逃0%,1423,0,78.6,0.9365,0.3077,,,,,0,0.1538,0.2308,△,,B,,,,0.5525,,0.3,B,58,0,◎○△フォーメーション（15〜20点）,0.5777,"{'is_target': True, 'verdict': '点数絞り', 'max_combo_prob': 0.0868, 'est_top_odds': 15.4, 'circle_concentration': 77.4, 'eligible_count': 9, 'bet_adj': 0, 'reason': 'rel_win1=60.1%（本命度） / 最有力組み合わせ確率: 0.087（推定実オッズ?15倍） / 2着集中度: 上位2艇 77.4%（補正+0.04） / 総合判定確率: 0.127 / → ヒモはやや固め。上位2艇以外を切ること', 'tenji_trigger': '展示確認: 1号艇伸び良→そのまま採用。悪→飛び組に差し替え。circle_pct上位2艇に絞り込むこと。'}",,,33.4,両建て推奨,17.19,29.8,3,2-1-3|1-2-4|1-3-4|1-3-2|1-2-3|1-4-2,2-1-3|6-1-3|5-1-6|6-1-4|5-6-1|5-1-3|6-3-1|1-2-4|1-3-4|1-3-2|1-2-3|1-4-2,2-1-3:3.43%|1-2-4:8.59%|1-3-4:8.56%|1-3-2:7.06%|1-2-3:5.61%|1-4-2:4.41%,2-1-3:B_main|1-2-4:A|1-3-4:A|1-3-2:A|1-2-3:A|1-4-2:A,6,12,0.4535,1,[!]見送り推奨（主役決まり手「差し」― 逃げ劣勢レースで的中実績なし）,荒れ広め,D
2025-08-12,丸亀,8,2,新田洋一,A2,43.90,2,○,11.5069,33,100,65.5,0.1335,2.9182,,,0,低,48,0,-,6 24,0,47.7,0.9238,0,0.04,0.04,0,0,0.0211,0.3203,0.0842,,◎,A,○,,0.558,0.658,,0.3,B,58,0,◎○△フォーメーション（15〜20点）,0.5777,"{'is_target': True, 'verdict': '点数絞り', 'max_combo_prob': 0.0868, 'est_top_odds': 15.4, 'circle_concentration': 77.4, 'eligible_count': 9, 'bet_adj': 0, 'reason': 'rel_win1=60.1%（本命度） / 最有力組み合わせ確率: 0.087（推定実オッズ?15倍） / 2着集中度: 上位2艇 77.4%（補正+0.04） / 総合判定確率: 0.127 / → ヒモはやや固め。上位2艇以外を切ること', 'tenji_trigger': '展示確認: 1号艇伸び良→そのまま採用。悪→飛び組に差し替え。circle_pct上位2艇に絞り込むこと。'}",,,33.4,両建て推奨,17.19,29.8,3,,,,,,,,,,,
2025-08-12,丸亀,8,3,藤田俊祐,A2,36.53,3,▲,13.6518,44.5,87,76.3,0.1516,3.1053,,,0,低,73,0,差ま0%,4611,0,23.2,0.7331,0,0,0.0556,0.1667,0.0556,0.0211,0.0421,0.2632,,△,C,,,0.4279,0.5695,,0.3,B,58,0,◎○△フォーメーション（15〜20点）,0.5777,"{'is_target': True, 'verdict': '点数絞り', 'max_combo_prob': 0.0868, 'est_top_odds': 15.4, 'circle_concentration': 77.4, 'eligible_count': 9, 'bet_adj': 0, 'reason': 'rel_win1=60.1%（本命度） / 最有力組み合わせ確率: 0.087（推定実オッズ?15倍） / 2着集中度: 上位2艇 77.4%（補正+0.04） / 総合判定確率: 0.127 / → ヒモはやや固め。上位2艇以外を切ること', 'tenji_trigger': '展示確認: 1号艇伸び良→そのまま採用。悪→飛び組に差し替え。circle_pct上位2艇に絞り込むこと。'}",,,33.4,両建て推奨,17.19,29.8,3,,,,,,,,,,,
2025-08-12,丸亀,8,4,井手良太,B1,34.42,4,△,11.165,12.6,71,49,0.122,2.3469,,,0,低,50,0,差0% ま0% 差ま0%,424,0,71.1,1.1264,0,0.0476,0.1429,0.0476,0,0.0421,0.2632,0.2053,,○,C,◎,◎,0.4861,0.667,0.4456,0.3,B,58,0,◎○△フォーメーション（15〜20点）,0.5777,"{'is_target': True, 'verdict': '点数絞り', 'max_combo_prob': 0.0868, 'est_top_odds': 15.4, 'circle_concentration': 77.4, 'eligible_count': 9, 'bet_adj': 0, 'reason': 'rel_win1=60.1%（本命度） / 最有力組み合わせ確率: 0.087（推定実オッズ?15倍） / 2着集中度: 上位2艇 77.4%（補正+0.04） / 総合判定確率: 0.127 / → ヒモはやや固め。上位2艇以外を切ること', 'tenji_trigger': '展示確認: 1号艇伸び良→そのまま採用。悪→飛び組に差し替え。circle_pct上位2艇に絞り込むこと。'}",,,33.4,両建て推奨,17.19,29.8,3,,,,,,,,,,,
2025-08-12,丸亀,8,5,宮迫暢彦,B1,32.72,5,,1.9492,9.7,73,30.2,0.1836,3.6226,,,0,低,138,0,-,5 23,0,44.2,0.8338,,,,,,0.25,0.2,0.1,,,D,△,,0.2767,0.594,,0.3,B,58,0,◎○△フォーメーション（15〜20点）,0.5777,"{'is_target': True, 'verdict': '点数絞り', 'max_combo_prob': 0.0868, 'est_top_odds': 15.4, 'circle_concentration': 77.4, 'eligible_count': 9, 'bet_adj': 0, 'reason': 'rel_win1=60.1%（本命度） / 最有力組み合わせ確率: 0.087（推定実オッズ?15倍） / 2着集中度: 上位2艇 77.4%（補正+0.04） / 総合判定確率: 0.127 / → ヒモはやや固め。上位2艇以外を切ること', 'tenji_trigger': '展示確認: 1号艇伸び良→そのまま採用。悪→飛び組に差し替え。circle_pct上位2艇に絞り込むこと。'}",,,33.4,両建て推奨,17.19,29.8,3,,,,,,,,,,,
2025-08-12,丸亀,8,6,栗原直也,B1,26.42,6,,1.5968,0.3,64,21.4,0.1982,4.5714,,,0,低,181,0,ま0%,326,0,42.8,0.8922,0,0,0.037,0,0,0.0952,0.2333,0.0571,,,E,△,,0.2023,0.6005,,0.3,B,58,0,◎○△フォーメーション（15〜20点）,0.5777,"{'is_target': True, 'verdict': '点数絞り', 'max_combo_prob': 0.0868, 'est_top_odds': 15.4, 'circle_concentration': 77.4, 'eligible_count': 9, 'bet_adj': 0, 'reason': 'rel_win1=60.1%（本命度） / 最有力組み合わせ確率: 0.087（推定実オッズ?15倍） / 2着集中度: 上位2艇 77.4%（補正+0.04） / 総合判定確率: 0.127 / → ヒモはやや固め。上位2艇以外を切ること', 'tenji_trigger': '展示確認: 1号艇伸び良→そのまま採用。悪→飛び組に差し替え。circle_pct上位2艇に絞り込むこと。'}",,,33.4,両建て推奨,17.19,29.8,3,,,,,,,,,,,
2025-08-12,丸亀,9,1,倉富大誠,B1,28.50,1,◎,48.1477,,0,62.1,0.191,4.4828,,,0,低,133,0,逃0%,121,0,67.1,0.8271,0.3125,,,,,0.25,0.225,0.05,,,D,,,,0.5365,,0.1508,C,43,0,荒れ傾向。高配当狙いか見送り,0.5777,"{'is_target': True, 'verdict': '参加推奨', 'max_combo_prob': 0.0687, 'est_top_odds': 19.4, 'circle_concentration': 74.1, 'eligible_count': 6, 'bet_adj': 2, 'reason': 'rel_win1=48.1%（本命度） / 最有力組み合わせ確率: 0.069（推定実オッズ?19倍） / 2着集中度: 上位2艇 74.1%（補正+0.04） / 総合判定確率: 0.109 / → ヒモ分散。1号艇1着固定で広めのヒモ流し推奨（買い目+2点）', 'tenji_trigger': '展示確認: ヒモ分散レース。1号艇伸び確認後、広めのヒモ流しを採用。穴ヒモ（5・6号艇）を積極的に含める。\n展示で1号艇スタート遅め(0.191秒)確認→ヒモが荒れやすい'}",,,31.4,両建て推奨,17.06,38.5,2,2-1-4|2-1-3|2-1-5|2-5-1|2-3-1|2-5-4|2-3-4|1-2-4|1-2-5|1-4-2|1-3-4,2-1-4|2-1-3|2-1-5|2-5-1|2-3-1|2-5-4|2-3-4|1-2-4|1-2-5|6-1-4|1-4-2|1-3-4,2-1-4:3.46%|2-1-3:2.55%|2-1-5:2.46%|2-5-1:0.84%|2-3-1:0.81%|2-5-4:0.41%|2-3-4:0.4%|1-2-4:6.84%|1-2-5:5.05%|1-4-2:3.43%|1-3-4:3.38%,2-1-4:B_main|2-1-3:B_main|2-1-5:B_main|2-5-1:B_main|2-3-1:B_main|2-5-4:B_main|2-3-4:B_main|1-2-4:A|1-2-5:A|1-4-2:A|1-3-4:A,11,12,0.2915,1,[!]見送り推奨（主役決まり手「差し」― 逃げ劣勢レースで的中実績なし）,主役軸流し,B
2025-08-12,丸亀,9,2,中村日向,A1,30.94,2,▲,22.7051,47.2,45,67.7,0.1487,3.2097,,,0,低,40,0,-,3511,0,71.1,1.0647,0,0.1667,0.0833,0,0,0.1538,0.0769,0,,◎,D,○,,0.6233,0.645,,0.1508,C,43,0,荒れ傾向。高配当狙いか見送り,0.5777,"{'is_target': True, 'verdict': '参加推奨', 'max_combo_prob': 0.0687, 'est_top_odds': 19.4, 'circle_concentration': 74.1, 'eligible_count': 6, 'bet_adj': 2, 'reason': 'rel_win1=48.1%（本命度） / 最有力組み合わせ確率: 0.069（推定実オッズ?19倍） / 2着集中度: 上位2艇 74.1%（補正+0.04） / 総合判定確率: 0.109 / → ヒモ分散。1号艇1着固定で広めのヒモ流し推奨（買い目+2点）', 'tenji_trigger': '展示確認: ヒモ分散レース。1号艇伸び確認後、広めのヒモ流しを採用。穴ヒモ（5・6号艇）を積極的に含める。\n展示で1号艇スタート遅め(0.191秒)確認→ヒモが荒れやすい'}",,,31.4,両建て推奨,17.06,38.5,2,,,,,,,,,,,
2025-08-12,丸亀,9,3,渡辺空依,B1,35.78,3,△,8.1392,15.7,88,36.6,0.1778,3.1951,,,0,低,103,0,-,3 13,0,21.5,0.7213,0,0,0,0.0417,0,0.0286,0.1143,0.0286,,△,B,,,0.382,0.54,,0.1508,C,43,0,荒れ傾向。高配当狙いか見送り,0.5777,"{'is_target': True, 'verdict': '参加推奨', 'max_combo_prob': 0.0687, 'est_top_odds': 19.4, 'circle_concentration': 74.1, 'eligible_count': 6, 'bet_adj': 2, 'reason': 'rel_win1=48.1%（本命度） / 最有力組み合わせ確率: 0.069（推定実オッズ?19倍） / 2着集中度: 上位2艇 74.1%（補正+0.04） / 総合判定確率: 0.109 / → ヒモ分散。1号艇1着固定で広めのヒモ流し推奨（買い目+2点）', 'tenji_trigger': '展示確認: ヒモ分散レース。1号艇伸び確認後、広めのヒモ流しを採用。穴ヒモ（5・6号艇）を積極的に含める。\n展示で1号艇スタート遅め(0.191秒)確認→ヒモが荒れやすい'}",,,31.4,両建て推奨,17.06,38.5,2,,,,,,,,,,,
2025-08-12,丸亀,9,4,梶野学志,A1,40.65,4,○,13.3296,26.9,93,69.6,0.1643,3.6161,,,0,低,97,0,-,5231,0,75.2,1.0774,0,0,0,0.0526,0,0.0138,0.1164,0.0276,,○,B,◎,◎,0.4248,0.656,0.4409,0.1508,C,43,0,荒れ傾向。高配当狙いか見送り,0.5777,"{'is_target': True, 'verdict': '参加推奨', 'max_combo_prob': 0.0687, 'est_top_odds': 19.4, 'circle_concentration': 74.1, 'eligible_count': 6, 'bet_adj': 2, 'reason': 'rel_win1=48.1%（本命度） / 最有力組み合わせ確率: 0.069（推定実オッズ?19倍） / 2着集中度: 上位2艇 74.1%（補正+0.04） / 総合判定確率: 0.109 / → ヒモ分散。1号艇1着固定で広めのヒモ流し推奨（買い目+2点）', 'tenji_trigger': '展示確認: ヒモ分散レース。1号艇伸び確認後、広めのヒモ流しを採用。穴ヒモ（5・6号艇）を積極的に含める。\n展示で1号艇スタート遅め(0.191秒)確認→ヒモが荒れやすい'}",,,31.4,両建て推奨,17.06,38.5,2,,,,,,,,,,,
2025-08-12,丸亀,9,5,三宅　潤,A2,32.72,5,,5.5243,9,100,45.2,0.1857,3.9345,,,0,低,174,0,差ま0%,422,0,57.5,0.9067,0,0,0.0238,0.0476,0,0.0222,0.0444,0.2111,,,C,△,,0.3373,0.6355,,0.1508,C,43,0,荒れ傾向。高配当狙いか見送り,0.5777,"{'is_target': True, 'verdict': '参加推奨', 'max_combo_prob': 0.0687, 'est_top_odds': 19.4, 'circle_concentration': 74.1, 'eligible_count': 6, 'bet_adj': 2, 'reason': 'rel_win1=48.1%（本命度） / 最有力組み合わせ確率: 0.069（推定実オッズ?19倍） / 2着集中度: 上位2艇 74.1%（補正+0.04） / 総合判定確率: 0.109 / → ヒモ分散。1号艇1着固定で広めのヒモ流し推奨（買い目+2点）', 'tenji_trigger': '展示確認: ヒモ分散レース。1号艇伸び確認後、広めのヒモ流しを採用。穴ヒモ（5・6号艇）を積極的に含める。\n展示で1号艇スタート遅め(0.191秒)確認→ヒモが荒れやすい'}",,,31.4,両建て推奨,17.06,38.5,2,,,,,,,,,,,
2025-08-12,丸亀,9,6,赤澤文香,B1,31.16,6,,2.154,1.2,50,6.2,0.2181,5.3438,,,0,低,80,0,-,135,0,26.1,0.7622,,,,,,0.3077,0.2308,0.0769,,,D,△,,0.2609,0.5955,,0.1508,C,43,0,荒れ傾向。高配当狙いか見送り,0.5777,"{'is_target': True, 'verdict': '参加推奨', 'max_combo_prob': 0.0687, 'est_top_odds': 19.4, 'circle_concentration': 74.1, 'eligible_count': 6, 'bet_adj': 2, 'reason': 'rel_win1=48.1%（本命度） / 最有力組み合わせ確率: 0.069（推定実オッズ?19倍） / 2着集中度: 上位2艇 74.1%（補正+0.04） / 総合判定確率: 0.109 / → ヒモ分散。1号艇1着固定で広めのヒモ流し推奨（買い目+2点）', 'tenji_trigger': '展示確認: ヒモ分散レース。1号艇伸び確認後、広めのヒモ流しを採用。穴ヒモ（5・6号艇）を積極的に含める。\n展示で1号艇スタート遅め(0.191秒)確認→ヒモが荒れやすい'}",,,31.4,両建て推奨,17.06,38.5,2,,,,,,,,,,,
2025-08-12,丸亀,10,1,高橋正男,A2,31.63,1,◎,56.4524,,0,90.7,0.1551,3,,,0,低,124,0,逃1%,1 22,0,100,1.4665,0.5152,,,,,0.0364,0.2727,0.0848,○,,D,○,,,0.635,,0.4361,S,81,0,◎1着固定 2-3着流し（5〜8点）,0.5777,"{'is_target': True, 'verdict': '参加推奨', 'max_combo_prob': 0.0788, 'est_top_odds': 16.9, 'circle_concentration': 81.1, 'eligible_count': 6, 'bet_adj': 2, 'reason': 'rel_win1=56.5%（本命度） / 最有力組み合わせ確率: 0.079（推定実オッズ?17倍） / 2着集中度: 上位2艇 81.1%（補正+0.04） / 総合判定確率: 0.119 / → ヒモ分散。1号艇1着固定で広めのヒモ流し推奨（買い目+2点）', 'tenji_trigger': '展示確認: ヒモ分散レース。1号艇伸び確認後、広めのヒモ流しを採用。穴ヒモ（5・6号艇）を積極的に含める。'}",,,29.7,逃げ狙い,20.37,30.9,3,,,,,0,0,0.6155,0,,逃げ軸流し,A
2025-08-12,丸亀,10,2,浦野　海,A2,30.84,2,,8.3894,39.1,73,60,0.1555,3.4125,,,0,低,75,0,抜0%,132,0,42.2,0.9693,0,0,0,0,0.0556,0,0.1111,0.1422,,△,D,,,0.329,0.579,,0.4361,S,81,0,◎1着固定 2-3着流し（5〜8点）,0.5777,"{'is_target': True, 'verdict': '参加推奨', 'max_combo_prob': 0.0788, 'est_top_odds': 16.9, 'circle_concentration': 81.1, 'eligible_count': 6, 'bet_adj': 2, 'reason': 'rel_win1=56.5%（本命度） / 最有力組み合わせ確率: 0.079（推定実オッズ?17倍） / 2着集中度: 上位2艇 81.1%（補正+0.04） / 総合判定確率: 0.119 / → ヒモ分散。1号艇1着固定で広めのヒモ流し推奨（買い目+2点）', 'tenji_trigger': '展示確認: ヒモ分散レース。1号艇伸び確認後、広めのヒモ流しを採用。穴ヒモ（5・6号艇）を積極的に含める。'}",,,29.7,逃げ狙い,20.37,30.9,3,,,,,,,,,,,
2025-08-12,丸亀,10,3,高橋竜矢,A1,46.48,3,○,18.6808,42.1,100,90.3,0.121,2.4839,,,0,低,31,0,-,3612,0,35.9,0.926,0,0.0556,0.0556,0.0556,0.0556,0,0.0417,0.0833,,◎,A,◎,,0.4895,0.6585,,0.4361,S,81,0,◎1着固定 2-3着流し（5〜8点）,0.5777,"{'is_target': True, 'verdict': '参加推奨', 'max_combo_prob': 0.0788, 'est_top_odds': 16.9, 'circle_concentration': 81.1, 'eligible_count': 6, 'bet_adj': 2, 'reason': 'rel_win1=56.5%（本命度） / 最有力組み合わせ確率: 0.079（推定実オッズ?17倍） / 2着集中度: 上位2艇 81.1%（補正+0.04） / 総合判定確率: 0.119 / → ヒモ分散。1号艇1着固定で広めのヒモ流し推奨（買い目+2点）', 'tenji_trigger': '展示確認: ヒモ分散レース。1号艇伸び確認後、広めのヒモ流しを採用。穴ヒモ（5・6号艇）を積極的に含める。'}",,,29.7,逃げ狙い,20.37,30.9,3,,,,,,,,,,,
2025-08-12,丸亀,10,4,浅井　翼,B1,32.41,4,△,7.2779,6.5,53,11.1,0.1617,2.7361,,,0,低,93,0,ま0%,2234,0,68.8,0.6417,0,0,0.0588,0,0,0.3077,0.3077,0.1538,,,D,,,0.3063,0.4745,,0.4361,S,81,0,◎1着固定 2-3着流し（5〜8点）,0.5777,"{'is_target': True, 'verdict': '参加推奨', 'max_combo_prob': 0.0788, 'est_top_odds': 16.9, 'circle_concentration': 81.1, 'eligible_count': 6, 'bet_adj': 2, 'reason': 'rel_win1=56.5%（本命度） / 最有力組み合わせ確率: 0.079（推定実オッズ?17倍） / 2着集中度: 上位2艇 81.1%（補正+0.04） / 総合判定確率: 0.119 / → ヒモ分散。1号艇1着固定で広めのヒモ流し推奨（買い目+2点）', 'tenji_trigger': '展示確認: ヒモ分散レース。1号艇伸び確認後、広めのヒモ流しを採用。穴ヒモ（5・6号艇）を積極的に含める。'}",,,29.7,逃げ狙い,20.37,30.9,3,,,,,,,,,,,
2025-08-12,丸亀,10,5,石田貴洋,B1,36.07,5,▲,7.3846,8.9,58,42.6,0.123,2.5984,,,0,低,85,0,-,2 33,0,24.4,0.519,0,0,0.12,0,0,0.0364,0.1745,0.0909,,○,C,△,◎,0.4553,0.616,0.3659,0.4361,S,81,0,◎1着固定 2-3着流し（5〜8点）,0.5777,"{'is_target': True, 'verdict': '参加推奨', 'max_combo_prob': 0.0788, 'est_top_odds': 16.9, 'circle_concentration': 81.1, 'eligible_count': 6, 'bet_adj': 2, 'reason': 'rel_win1=56.5%（本命度） / 最有力組み合わせ確率: 0.079（推定実オッズ?17倍） / 2着集中度: 上位2艇 81.1%（補正+0.04） / 総合判定確率: 0.119 / → ヒモ分散。1号艇1着固定で広めのヒモ流し推奨（買い目+2点）', 'tenji_trigger': '展示確認: ヒモ分散レース。1号艇伸び確認後、広めのヒモ流しを採用。穴ヒモ（5・6号艇）を積極的に含める。'}",,,29.7,逃げ狙い,20.37,30.9,3,,,,,,,,,,,
2025-08-12,丸亀,10,6,西丸侑太,A2,35.19,6,,1.8148,3.5,69,34.1,0.1627,4.0114,,,0,低,100,0,-,6136,0,25.7,1.5153,,,,,,0,0.1314,0.0429,,,C,△,,0.3268,0.6105,,0.4361,S,81,0,◎1着固定 2-3着流し（5〜8点）,0.5777,"{'is_target': True, 'verdict': '参加推奨', 'max_combo_prob': 0.0788, 'est_top_odds': 16.9, 'circle_concentration': 81.1, 'eligible_count': 6, 'bet_adj': 2, 'reason': 'rel_win1=56.5%（本命度） / 最有力組み合わせ確率: 0.079（推定実オッズ?17倍） / 2着集中度: 上位2艇 81.1%（補正+0.04） / 総合判定確率: 0.119 / → ヒモ分散。1号艇1着固定で広めのヒモ流し推奨（買い目+2点）', 'tenji_trigger': '展示確認: ヒモ分散レース。1号艇伸び確認後、広めのヒモ流しを採用。穴ヒモ（5・6号艇）を積極的に含める。'}",,,29.7,逃げ狙い,20.37,30.9,3,,,,,,,,,,,
2025-08-12,丸亀,11,1,木下翔太,A1,32.09,1,◎,59.9168,,0,95.2,0.1577,3.3548,,,0,低,63,0,逃1%,1316,0,97.3,1.3712,0.8148,,,,,0.0148,0.1148,0.1148,◎,,C,◎,,,0.688,,0.5456,S,80,0,◎1着固定 2-3着流し（5〜8点）,0.5777,"{'is_target': True, 'verdict': '点数絞り', 'max_combo_prob': 0.1046, 'est_top_odds': 12.7, 'circle_concentration': 73.6, 'eligible_count': 6, 'bet_adj': 0, 'reason': 'rel_win1=59.9%（本命度） / 最有力組み合わせ確率: 0.105（推定実オッズ?13倍） / 2着集中度: 上位2艇 73.6%（補正+0.04） / 総合判定確率: 0.145 / → ヒモはやや固め。上位2艇以外を切ること', 'tenji_trigger': '展示確認: 1号艇伸び良→そのまま採用。悪→飛び組に差し替え。circle_pct上位2艇に絞り込むこと。'}",,,29.3,逃げ狙い,23.88,26.9,4,,,,,0,0,0.7559,0,,逃げ軸流し,A
2025-08-12,丸亀,11,2,桑島和宏,A1,32.54,2,△,13.8322,54.4,100,72.6,0.1618,3.0081,,,0,低,131,0,-,1432,0,45.1,0.6893,0,0.1,0.0667,0,0.0333,0.0526,0.0105,0.1276,,,C,△,,0.2802,0.6545,,0.5456,S,80,0,◎1着固定 2-3着流し（5〜8点）,0.5777,"{'is_target': True, 'verdict': '点数絞り', 'max_combo_prob': 0.1046, 'est_top_odds': 12.7, 'circle_concentration': 73.6, 'eligible_count': 6, 'bet_adj': 0, 'reason': 'rel_win1=59.9%（本命度） / 最有力組み合わせ確率: 0.105（推定実オッズ?13倍） / 2着集中度: 上位2艇 73.6%（補正+0.04） / 総合判定確率: 0.145 / → ヒモはやや固め。上位2艇以外を切ること', 'tenji_trigger': '展示確認: 1号艇伸び良→そのまま採用。悪→飛び組に差し替え。circle_pct上位2艇に絞り込むこと。'}",,,29.3,逃げ狙い,23.88,26.9,4,,,,,,,,,,,
2025-08-12,丸亀,11,3,高田　綾,B1,38.86,3,○,10.0122,17.2,94,45,0.1615,3.2,,,0,低,47,0,-,1423,0,61.7,1.4069,0,0,0.1333,0,0,0,0.1538,0.2308,,,B,,,0.288,0.5525,,0.5456,S,80,0,◎1着固定 2-3着流し（5〜8点）,0.5777,"{'is_target': True, 'verdict': '点数絞り', 'max_combo_prob': 0.1046, 'est_top_odds': 12.7, 'circle_concentration': 73.6, 'eligible_count': 6, 'bet_adj': 0, 'reason': 'rel_win1=59.9%（本命度） / 最有力組み合わせ確率: 0.105（推定実オッズ?13倍） / 2着集中度: 上位2艇 73.6%（補正+0.04） / 総合判定確率: 0.145 / → ヒモはやや固め。上位2艇以外を切ること', 'tenji_trigger': '展示確認: 1号艇伸び良→そのまま採用。悪→飛び組に差し替え。circle_pct上位2艇に絞り込むこと。'}",,,29.3,逃げ狙い,23.88,26.9,4,,,,,,,,,,,
2025-08-12,丸亀,11,4,佐藤隆太,A1,27.06,4,,11.0719,19.3,92,75,0.145,2.425,,,0,低,32,0,差ま0%,3154,0,74.6,1.4943,0,0,0,0.1667,0,0.0833,0.0833,0,,,E,○,◎,0.3632,0.6665,0.5333,0.5456,S,80,0,◎1着固定 2-3着流し（5〜8点）,0.5777,"{'is_target': True, 'verdict': '点数絞り', 'max_combo_prob': 0.1046, 'est_top_odds': 12.7, 'circle_concentration': 73.6, 'eligible_count': 6, 'bet_adj': 0, 'reason': 'rel_win1=59.9%（本命度） / 最有力組み合わせ確率: 0.105（推定実オッズ?13倍） / 2着集中度: 上位2艇 73.6%（補正+0.04） / 総合判定確率: 0.145 / → ヒモはやや固め。上位2艇以外を切ること', 'tenji_trigger': '展示確認: 1号艇伸び良→そのまま採用。悪→飛び組に差し替え。circle_pct上位2艇に絞り込むこと。'}",,,29.3,逃げ狙い,23.88,26.9,4,,,,,,,,,,,
2025-08-12,丸亀,11,5,水原　慎,B1,39.09,5,▲,3.142,6.9,98,34.7,0.1677,3.34,,,0,低,126,0,-,3 14,0,27,0.9748,,,,,,0.05,0.2,0.2,,,B,,,0.2778,0.598,,0.5456,S,80,0,◎1着固定 2-3着流し（5〜8点）,0.5777,"{'is_target': True, 'verdict': '点数絞り', 'max_combo_prob': 0.1046, 'est_top_odds': 12.7, 'circle_concentration': 73.6, 'eligible_count': 6, 'bet_adj': 0, 'reason': 'rel_win1=59.9%（本命度） / 最有力組み合わせ確率: 0.105（推定実オッズ?13倍） / 2着集中度: 上位2艇 73.6%（補正+0.04） / 総合判定確率: 0.145 / → ヒモはやや固め。上位2艇以外を切ること', 'tenji_trigger': '展示確認: 1号艇伸び良→そのまま採用。悪→飛び組に差し替え。circle_pct上位2艇に絞り込むこと。'}",,,29.3,逃げ狙い,23.88,26.9,4,,,,,,,,,,,
2025-08-12,丸亀,11,6,長谷川充,B1,28.11,6,,2.0249,2.3,21,18.5,0.2235,5.1852,,,0,低,187,0,差0%,1443,0,27,0.8453,0,0.04,0,0,0,0.1941,0.3289,0.0444,,,D,△,,0.1038,0.6205,,0.5456,S,80,0,◎1着固定 2-3着流し（5〜8点）,0.5777,"{'is_target': True, 'verdict': '点数絞り', 'max_combo_prob': 0.1046, 'est_top_odds': 12.7, 'circle_concentration': 73.6, 'eligible_count': 6, 'bet_adj': 0, 'reason': 'rel_win1=59.9%（本命度） / 最有力組み合わせ確率: 0.105（推定実オッズ?13倍） / 2着集中度: 上位2艇 73.6%（補正+0.04） / 総合判定確率: 0.145 / → ヒモはやや固め。上位2艇以外を切ること', 'tenji_trigger': '展示確認: 1号艇伸び良→そのまま採用。悪→飛び組に差し替え。circle_pct上位2艇に絞り込むこと。'}",,,29.3,逃げ狙い,23.88,26.9,4,,,,,,,,,,,
2025-08-12,丸亀,12,1,村田　敦,B1,39.63,1,◎,40.9112,,0,66.7,0.1447,2.8333,,,0,低,81,0,逃0%,5 26,0,69.1,0.8466,0.1,,,,,0.22,0.02,0.42,○,,C,○,,,0.6445,,0.3902,C,41,0,荒れ傾向。高配当狙いか見送り,0.5777,"{'is_target': False, 'verdict': '対象外', 'max_combo_prob': None, 'est_top_odds': None, 'circle_concentration': None, 'eligible_count': 0, 'bet_adj': 0, 'reason': '1号艇rel_win1 < 45%: 通常判定に委ねる', 'tenji_trigger': ''}",,,32.3,両建て推奨,25.58,33.8,3,,,,,0,0,0.6155,0,,主役軸流し,B
2025-08-12,丸亀,12,2,中田夕貴,A2,36.20,2,,14.6364,49.7,44,61.8,0.1753,3.7059,,,0,低,68,0,差0% ま0%,6152,0,52.6,1.0295,0,0.0833,0.0833,0,0,0.1927,0.3127,0,,,D,,,0.1024,0.5955,,0.3902,C,41,0,荒れ傾向。高配当狙いか見送り,0.5777,"{'is_target': False, 'verdict': '対象外', 'max_combo_prob': None, 'est_top_odds': None, 'circle_concentration': None, 'eligible_count': 0, 'bet_adj': 0, 'reason': '1号艇rel_win1 < 45%: 通常判定に委ねる', 'tenji_trigger': ''}",,,32.3,両建て推奨,25.58,33.8,3,,,,,,,,,,,
2025-08-12,丸亀,12,3,田中駿兵,A2,39.15,3,▲,19.9828,19.2,100,73,0.1622,3.3378,,,0,低,67,0,差ま0%,4511,0,25.2,0.8104,0,0.0769,0,0.1538,0.0769,0,0.1176,0,,,C,△,,0.2414,0.6065,,0.3902,C,41,0,荒れ傾向。高配当狙いか見送り,0.5777,"{'is_target': False, 'verdict': '対象外', 'max_combo_prob': None, 'est_top_odds': None, 'circle_concentration': None, 'eligible_count': 0, 'bet_adj': 0, 'reason': '1号艇rel_win1 < 45%: 通常判定に委ねる', 'tenji_trigger': ''}",,,32.3,両建て推奨,25.58,33.8,3,,,,,,,,,,,
2025-08-12,丸亀,12,4,藤田俊祐,A2,36.53,4,,12.6035,22.6,42,55.3,0.1729,3.3026,,,0,低,73,0,ま0%,4611,0,58,1.0172,0,0,0.1538,0.0769,0,0.0211,0.0421,0.2632,,,D,,◎,0.2117,0.5695,0.2378,0.3902,C,41,0,荒れ傾向。高配当狙いか見送り,0.5777,"{'is_target': False, 'verdict': '対象外', 'max_combo_prob': None, 'est_top_odds': None, 'circle_concentration': None, 'eligible_count': 0, 'bet_adj': 0, 'reason': '1号艇rel_win1 < 45%: 通常判定に委ねる', 'tenji_trigger': ''}",,,32.3,両建て推奨,25.58,33.8,3,,,,,,,,,,,
2025-08-12,丸亀,12,5,新田洋一,A2,43.90,5,○,4.949,7.4,42,39.5,0.1323,2.7326,,,0,低,48,0,-,6 24,0,78.8,1.194,0,0,0,0.0556,0,0.0211,0.3203,0.0842,,,B,◎,,0.3253,0.658,,0.3902,C,41,0,荒れ傾向。高配当狙いか見送り,0.5777,"{'is_target': False, 'verdict': '対象外', 'max_combo_prob': None, 'est_top_odds': None, 'circle_concentration': None, 'eligible_count': 0, 'bet_adj': 0, 'reason': '1号艇rel_win1 < 45%: 通常判定に委ねる', 'tenji_trigger': ''}",,,32.3,両建て推奨,25.58,33.8,3,,,,,,,,,,,
2025-08-12,丸亀,12,6,上田紗奈,B1,47.89,6,△,6.917,1,16,15.8,0.1768,3.3684,,,0,低,90,0,ま0%,522,0,49.7,1.0133,0,0,0.0714,0,0,0,0.1771,0.2971,,,B,△,,0.197,0.6315,,0.3902,C,41,0,荒れ傾向。高配当狙いか見送り,0.5777,"{'is_target': False, 'verdict': '対象外', 'max_combo_prob': None, 'est_top_odds': None, 'circle_concentration': None, 'eligible_count': 0, 'bet_adj': 0, 'reason': '1号艇rel_win1 < 45%: 通常判定に委ねる', 'tenji_trigger': ''}",,,32.3,両建て推奨,25.58,33.8,3,,,,,,,,,,,
2025-08-13,丸亀,1,1,丸山祐也,B1,29.91,1,◎,63.6457,,0,68.2,0.1714,3.75,,,0,低,130,0,-,5 536,0,47.7,0.8047,0.375,,,,,0.125,0.25,0.25,○,,D,,,,0.558,,0.3599,A,61,0,◎-○軸 3着3〜4艇流し（10〜15点）,0.5777,"{'is_target': True, 'verdict': '点数絞り', 'max_combo_prob': 0.1631, 'est_top_odds': 8.2, 'circle_concentration': 84.8, 'eligible_count': 8, 'bet_adj': 0, 'reason': 'rel_win1=63.6%（本命度） / 最有力組み合わせ確率: 0.163（推定実オッズ?8倍） / 2着集中度: 上位2艇 84.8%（補正+0.04） / 総合判定確率: 0.203 / → ヒモはやや固め。上位2艇以外を切ること', 'tenji_trigger': '展示確認: 1号艇伸び良→そのまま採用。悪→飛び組に差し替え。circle_pct上位2艇に絞り込むこと。'}",,,29.7,両建て推奨,14.45,35.9,3,,,,,0,0,0.6155,0,,逃げ軸流し,A
2025-08-13,丸亀,1,2,星野政彦,B1,26.89,2,,8.9832,60.3,94,47.9,0.1715,3.4271,,,0,低,79,0,ま0%,5 442,0,30.4,0.801,0,0,0.05,0,0,0.2308,0.0923,0.3231,,,E,△,,0.3048,0.5745,,0.3599,A,61,0,◎-○軸 3着3〜4艇流し（10〜15点）,0.5777,"{'is_target': True, 'verdict': '点数絞り', 'max_combo_prob': 0.1631, 'est_top_odds': 8.2, 'circle_concentration': 84.8, 'eligible_count': 8, 'bet_adj': 0, 'reason': 'rel_win1=63.6%（本命度） / 最有力組み合わせ確率: 0.163（推定実オッズ?8倍） / 2着集中度: 上位2艇 84.8%（補正+0.04） / 総合判定確率: 0.203 / → ヒモはやや固め。上位2艇以外を切ること', 'tenji_trigger': '展示確認: 1号艇伸び良→そのまま採用。悪→飛び組に差し替え。circle_pct上位2艇に絞り込むこと。'}",,,29.7,両建て推奨,14.45,35.9,3,,,,,,,,,,,
2025-08-13,丸亀,1,3,齋藤　勇,B1,38.71,3,○,9.6767,24.6,63,38.5,0.1637,3.3,,,0,低,151,0,差0%,6 664,0,32.2,0.7983,0,0.0303,0,0,0,0.2741,0.4148,0.0444,,,B,△,,0.3194,0.5935,,0.3599,A,61,0,◎-○軸 3着3〜4艇流し（10〜15点）,0.5777,"{'is_target': True, 'verdict': '点数絞り', 'max_combo_prob': 0.1631, 'est_top_odds': 8.2, 'circle_concentration': 84.8, 'eligible_count': 8, 'bet_adj': 0, 'reason': 'rel_win1=63.6%（本命度） / 最有力組み合わせ確率: 0.163（推定実オッズ?8倍） / 2着集中度: 上位2艇 84.8%（補正+0.04） / 総合判定確率: 0.203 / → ヒモはやや固め。上位2艇以外を切ること', 'tenji_trigger': '展示確認: 1号艇伸び良→そのまま採用。悪→飛び組に差し替え。circle_pct上位2艇に絞り込むこと。'}",,,29.7,両建て推奨,14.45,35.9,3,,,,,,,,,,,
2025-08-13,丸亀,1,4,守屋大地,B1,30.28,4,△,8.8122,11.5,100,37,0.1786,4.2037,,,0,低,180,0,差0%,34354,0,20.3,0.5638,0,0.0312,0,0.0312,0,0.5236,0.1927,0.0727,,,D,◎,,0.2548,0.654,,0.3599,A,61,0,◎-○軸 3着3〜4艇流し（10〜15点）,0.5777,"{'is_target': True, 'verdict': '点数絞り', 'max_combo_prob': 0.1631, 'est_top_odds': 8.2, 'circle_concentration': 84.8, 'eligible_count': 8, 'bet_adj': 0, 'reason': 'rel_win1=63.6%（本命度） / 最有力組み合わせ確率: 0.163（推定実オッズ?8倍） / 2着集中度: 上位2艇 84.8%（補正+0.04） / 総合判定確率: 0.203 / → ヒモはやや固め。上位2艇以外を切ること', 'tenji_trigger': '展示確認: 1号艇伸び良→そのまま採用。悪→飛び組に差し替え。circle_pct上位2艇に絞り込むこと。'}",,,29.7,両建て推奨,14.45,35.9,3,,,,,,,,,,,
2025-08-13,丸亀,1,5,増田　進,B1,34.58,5,▲,7.4388,1.4,49,22.1,0.1803,4.1039,,,0,低,192,0,-,654 4,0,29.9,0.7181,0,0,0,0,0,0.28,0.3333,0.14,,,B,○,,0.2856,0.6315,,0.3599,A,61,0,◎-○軸 3着3〜4艇流し（10〜15点）,0.5777,"{'is_target': True, 'verdict': '点数絞り', 'max_combo_prob': 0.1631, 'est_top_odds': 8.2, 'circle_concentration': 84.8, 'eligible_count': 8, 'bet_adj': 0, 'reason': 'rel_win1=63.6%（本命度） / 最有力組み合わせ確率: 0.163（推定実オッズ?8倍） / 2着集中度: 上位2艇 84.8%（補正+0.04） / 総合判定確率: 0.203 / → ヒモはやや固め。上位2艇以外を切ること', 'tenji_trigger': '展示確認: 1号艇伸び良→そのまま採用。悪→飛び組に差し替え。circle_pct上位2艇に絞り込むこと。'}",,,29.7,両建て推奨,14.45,35.9,3,,,,,,,,,,,
2025-08-13,丸亀,1,6,中岡　駿,B2,33.18,6,,1.4435,2.3,23,6.2,0.2055,4.3615,,,0,低,40,0,-,6 666,0,96.6,2.09,,,,,,,,,,,C,,,0.2015,0.482,,0.3599,A,61,0,◎-○軸 3着3〜4艇流し（10〜15点）,0.5777,"{'is_target': True, 'verdict': '点数絞り', 'max_combo_prob': 0.1631, 'est_top_odds': 8.2, 'circle_concentration': 84.8, 'eligible_count': 8, 'bet_adj': 0, 'reason': 'rel_win1=63.6%（本命度） / 最有力組み合わせ確率: 0.163（推定実オッズ?8倍） / 2着集中度: 上位2艇 84.8%（補正+0.04） / 総合判定確率: 0.203 / → ヒモはやや固め。上位2艇以外を切ること', 'tenji_trigger': '展示確認: 1号艇伸び良→そのまま採用。悪→飛び組に差し替え。circle_pct上位2艇に絞り込むこと。'}",,,29.7,両建て推奨,14.45,35.9,3,,,,,,,,,,,
2025-08-13,丸亀,2,1,孫崎百世,B2,38.50,1,◎,51.3165,,0,72.2,0.2056,4.7778,,,0,低,108,0,逃0%,454 25,0,77,0.9435,0.1429,,,,,0.1714,0.2571,0.3143,,,C,△,,,0.557,,0.037,A,62,0,◎-○軸 3着3〜4艇流し（10〜15点）,0.5777,"{'is_target': True, 'verdict': '参加推奨', 'max_combo_prob': 0.0661, 'est_top_odds': 20.2, 'circle_concentration': 69.4, 'eligible_count': 8, 'bet_adj': 2, 'reason': 'rel_win1=51.3%（本命度） / 最有力組み合わせ確率: 0.066（推定実オッズ?20倍） / 2着集中度: 上位2艇 69.4%（補正+0.00） / 総合判定確率: 0.066 / → ヒモ分散。1号艇1着固定で広めのヒモ流し推奨（買い目+2点）', 'tenji_trigger': '展示確認: ヒモ分散レース。1号艇伸び確認後、広めのヒモ流しを採用。穴ヒモ（5・6号艇）を積極的に含める。\n展示で1号艇スタート遅め(0.206秒)確認→ヒモが荒れやすい'}",,,37.9,両建て推奨,20.42,40.1,3,2-1-4|2-1-3|2-1-5|2-3-1|2-4-1|2-3-4|2-4-3|1-2-4|1-2-5,2-1-4|2-1-3|2-1-5|2-3-1|2-4-1|2-3-4|2-4-3|6-1-4|5-1-6|1-2-4|6-4-1|1-2-5,2-1-4:2.92%|2-1-3:2.34%|2-1-5:1.14%|2-3-1:0.75%|2-4-1:0.46%|2-3-4:0.35%|2-4-3:0.17%|1-2-4:5.16%|1-2-5:4.37%,2-1-4:B_main|2-1-3:B_main|2-1-5:B_main|2-3-1:B_main|2-4-1:B_main|2-3-4:B_main|2-4-3:B_main|1-2-4:A|1-2-5:A,9,12,0.2915,1,[!]見送り推奨（主役決まり手「差し」― 逃げ劣勢レースで的中実績なし）,主役軸流し,B
2025-08-13,丸亀,2,2,石渡翔一,B1,30.84,2,,16.4417,38,100,57.7,0.1675,3.4423,,,0,低,77,0,差0% ま0%,665 4,0,58.9,0.9934,0,0.3529,0.0588,0,0,0.1538,0.0769,0.1538,,◎,D,△,,0.6294,0.6015,,0.037,A,62,0,◎-○軸 3着3〜4艇流し（10〜15点）,0.5777,"{'is_target': True, 'verdict': '参加推奨', 'max_combo_prob': 0.0661, 'est_top_odds': 20.2, 'circle_concentration': 69.4, 'eligible_count': 8, 'bet_adj': 2, 'reason': 'rel_win1=51.3%（本命度） / 最有力組み合わせ確率: 0.066（推定実オッズ?20倍） / 2着集中度: 上位2艇 69.4%（補正+0.00） / 総合判定確率: 0.066 / → ヒモ分散。1号艇1着固定で広めのヒモ流し推奨（買い目+2点）', 'tenji_trigger': '展示確認: ヒモ分散レース。1号艇伸び確認後、広めのヒモ流しを採用。穴ヒモ（5・6号艇）を積極的に含める。\n展示で1号艇スタート遅め(0.206秒)確認→ヒモが荒れやすい'}",,,37.9,両建て推奨,20.42,40.1,3,,,,,,,,,,,
2025-08-13,丸亀,2,3,金子猛志,B1,29.86,3,,11.2539,31.4,75,48.6,0.1513,3.0071,,,0,低,109,0,-,246 55,0,17.5,0.5146,,,,,,0.14,0.1,0.2,,,E,○,,0.4763,0.6455,,0.037,A,62,0,◎-○軸 3着3〜4艇流し（10〜15点）,0.5777,"{'is_target': True, 'verdict': '参加推奨', 'max_combo_prob': 0.0661, 'est_top_odds': 20.2, 'circle_concentration': 69.4, 'eligible_count': 8, 'bet_adj': 2, 'reason': 'rel_win1=51.3%（本命度） / 最有力組み合わせ確率: 0.066（推定実オッズ?20倍） / 2着集中度: 上位2艇 69.4%（補正+0.00） / 総合判定確率: 0.066 / → ヒモ分散。1号艇1着固定で広めのヒモ流し推奨（買い目+2点）', 'tenji_trigger': '展示確認: ヒモ分散レース。1号艇伸び確認後、広めのヒモ流しを採用。穴ヒモ（5・6号艇）を積極的に含める。\n展示で1号艇スタート遅め(0.206秒)確認→ヒモが荒れやすい'}",,,37.9,両建て推奨,20.42,40.1,3,,,,,,,,,,,
2025-08-13,丸亀,2,4,新田洋一,A2,43.90,4,○,8.9958,22,97,57.4,0.122,2.4537,,,0,低,48,0,差0%,6 2442,0,74.8,1.1166,0,0.04,0,0,0,0.0211,0.3203,0.0842,,,A,◎,,0.4538,0.658,,0.037,A,62,0,◎-○軸 3着3〜4艇流し（10〜15点）,0.5777,"{'is_target': True, 'verdict': '参加推奨', 'max_combo_prob': 0.0661, 'est_top_odds': 20.2, 'circle_concentration': 69.4, 'eligible_count': 8, 'bet_adj': 2, 'reason': 'rel_win1=51.3%（本命度） / 最有力組み合わせ確率: 0.066（推定実オッズ?20倍） / 2着集中度: 上位2艇 69.4%（補正+0.00） / 総合判定確率: 0.066 / → ヒモ分散。1号艇1着固定で広めのヒモ流し推奨（買い目+2点）', 'tenji_trigger': '展示確認: ヒモ分散レース。1号艇伸び確認後、広めのヒモ流しを採用。穴ヒモ（5・6号艇）を積極的に含める。\n展示で1号艇スタート遅め(0.206秒)確認→ヒモが荒れやすい'}",,,37.9,両建て推奨,20.42,40.1,3,,,,,,,,,,,
2025-08-13,丸亀,2,5,清水未唯,B2,31.94,5,△,10.0123,6.4,57,23.5,0.1353,3.1176,,,0,低,32,0,ま0% 差ま0%,4 651,0,61.9,0.9438,0,0,0.1667,0.1667,0,0,0.3333,0,,○,D,,,0.5122,0.525,,0.037,A,62,0,◎-○軸 3着3〜4艇流し（10〜15点）,0.5777,"{'is_target': True, 'verdict': '参加推奨', 'max_combo_prob': 0.0661, 'est_top_odds': 20.2, 'circle_concentration': 69.4, 'eligible_count': 8, 'bet_adj': 2, 'reason': 'rel_win1=51.3%（本命度） / 最有力組み合わせ確率: 0.066（推定実オッズ?20倍） / 2着集中度: 上位2艇 69.4%（補正+0.00） / 総合判定確率: 0.066 / → ヒモ分散。1号艇1着固定で広めのヒモ流し推奨（買い目+2点）', 'tenji_trigger': '展示確認: ヒモ分散レース。1号艇伸び確認後、広めのヒモ流しを採用。穴ヒモ（5・6号艇）を積極的に含める。\n展示で1号艇スタート遅め(0.206秒)確認→ヒモが荒れやすい'}",,,37.9,両建て推奨,20.42,40.1,3,,,,,,,,,,,
2025-08-13,丸亀,2,6,高田　綾,B1,38.86,6,▲,1.9799,2.2,57,18.8,0.1475,3.3438,,,0,低,47,0,-,142314,0,47.3,0.8153,,,,,,0,0.1538,0.2308,,△,B,,,0.4821,0.5525,,0.037,A,62,0,◎-○軸 3着3〜4艇流し（10〜15点）,0.5777,"{'is_target': True, 'verdict': '参加推奨', 'max_combo_prob': 0.0661, 'est_top_odds': 20.2, 'circle_concentration': 69.4, 'eligible_count': 8, 'bet_adj': 2, 'reason': 'rel_win1=51.3%（本命度） / 最有力組み合わせ確率: 0.066（推定実オッズ?20倍） / 2着集中度: 上位2艇 69.4%（補正+0.00） / 総合判定確率: 0.066 / → ヒモ分散。1号艇1着固定で広めのヒモ流し推奨（買い目+2点）', 'tenji_trigger': '展示確認: ヒモ分散レース。1号艇伸び確認後、広めのヒモ流しを採用。穴ヒモ（5・6号艇）を積極的に含める。\n展示で1号艇スタート遅め(0.206秒)確認→ヒモが荒れやすい'}",,,37.9,両建て推奨,20.42,40.1,3,,,,,,,,,,,
2025-08-13,丸亀,3,1,赤澤文香,B1,31.16,1,◎,55.5733,,0,61.9,0.181,3.8571,,,0,低,80,0,逃0%,135 36,0,84.2,1.0847,0.3077,,,,,0.3077,0.2308,0.0769,△,,D,◎,,,0.5955,,0.228,B,58,0,◎○△フォーメーション（15〜20点）,0.5777,"{'is_target': True, 'verdict': '点数絞り', 'max_combo_prob': 0.1108, 'est_top_odds': 12.0, 'circle_concentration': 90.8, 'eligible_count': 9, 'bet_adj': 0, 'reason': 'rel_win1=55.6%（本命度） / 最有力組み合わせ確率: 0.111（推定実オッズ?12倍） / 2着集中度: 上位2艇 90.8%（補正+0.04） / 総合判定確率: 0.151 / → ヒモはやや固め。上位2艇以外を切ること', 'tenji_trigger': '展示確認: 1号艇伸び良→そのまま採用。悪→飛び組に差し替え。circle_pct上位2艇に絞り込むこと。\n展示で1号艇スタート遅め(0.181秒)確認→ヒモが荒れやすい'}",,,31.6,両建て推奨,15.28,40.7,3,2-1-3|1-2-3|1-2-4|1-3-2|1-3-4|1-4-2,6-1-3|2-1-3|5-1-6|6-3-1|6-1-4|5-6-1|5-1-3|1-2-3|1-2-4|1-3-2|1-3-4|1-4-2,2-1-3:3.54%|1-2-3:6.8%|1-2-4:6.65%|1-3-2:6.56%|1-3-4:5.28%|1-4-2:2.6%,2-1-3:B_main|1-2-3:A|1-2-4:A|1-3-2:A|1-3-4:A|1-4-2:A,6,12,0.4535,1,[!]見送り推奨（主役決まり手「差し」― 逃げ劣勢レースで的中実績なし）,荒れ広め,D
2025-08-13,丸亀,3,2,宮迫暢彦,B1,32.72,2,▲,16.4992,47.8,80,63.8,0.142,3.1522,,,0,低,138,0,差0% 抜0%,5 236,0,58.4,1.079,0,0.0357,0,0,0.0714,0.25,0.2,0.1,,◎,C,○,,0.5563,0.594,,0.228,B,58,0,◎○△フォーメーション（15〜20点）,0.5777,"{'is_target': True, 'verdict': '点数絞り', 'max_combo_prob': 0.1108, 'est_top_odds': 12.0, 'circle_concentration': 90.8, 'eligible_count': 9, 'bet_adj': 0, 'reason': 'rel_win1=55.6%（本命度） / 最有力組み合わせ確率: 0.111（推定実オッズ?12倍） / 2着集中度: 上位2艇 90.8%（補正+0.04） / 総合判定確率: 0.151 / → ヒモはやや固め。上位2艇以外を切ること', 'tenji_trigger': '展示確認: 1号艇伸び良→そのまま採用。悪→飛び組に差し替え。circle_pct上位2艇に絞り込むこと。\n展示で1号艇スタート遅め(0.181秒)確認→ヒモが荒れやすい'}",,,31.6,両建て推奨,15.28,40.7,3,,,,,,,,,,,
2025-08-13,丸亀,3,3,中田夕貴,A2,36.20,3,○,12.1584,42.9,46,57.7,0.1681,3.75,,,0,低,68,0,-,615254,0,53.5,1.1154,,,,,,0.1927,0.3127,0,,○,B,◎,,0.378,0.5955,,0.228,B,58,0,◎○△フォーメーション（15〜20点）,0.5777,"{'is_target': True, 'verdict': '点数絞り', 'max_combo_prob': 0.1108, 'est_top_odds': 12.0, 'circle_concentration': 90.8, 'eligible_count': 9, 'bet_adj': 0, 'reason': 'rel_win1=55.6%（本命度） / 最有力組み合わせ確率: 0.111（推定実オッズ?12倍） / 2着集中度: 上位2艇 90.8%（補正+0.04） / 総合判定確率: 0.151 / → ヒモはやや固め。上位2艇以外を切ること', 'tenji_trigger': '展示確認: 1号艇伸び良→そのまま採用。悪→飛び組に差し替え。circle_pct上位2艇に絞り込むこと。\n展示で1号艇スタート遅め(0.181秒)確認→ヒモが荒れやすい'}",,,31.6,両建て推奨,15.28,40.7,3,,,,,,,,,,,
2025-08-13,丸亀,3,4,笠野友紀,B1,33.64,4,△,9.9215,5.2,100,30.8,0.1904,3.8269,,,0,低,82,0,-,165 4,0,35.1,0.8287,,,,,,0.3631,0.3631,0.1508,,,C,△,,0.2734,0.5555,,0.228,B,58,0,◎○△フォーメーション（15〜20点）,0.5777,"{'is_target': True, 'verdict': '点数絞り', 'max_combo_prob': 0.1108, 'est_top_odds': 12.0, 'circle_concentration': 90.8, 'eligible_count': 9, 'bet_adj': 0, 'reason': 'rel_win1=55.6%（本命度） / 最有力組み合わせ確率: 0.111（推定実オッズ?12倍） / 2着集中度: 上位2艇 90.8%（補正+0.04） / 総合判定確率: 0.151 / → ヒモはやや固め。上位2艇以外を切ること', 'tenji_trigger': '展示確認: 1号艇伸び良→そのまま採用。悪→飛び組に差し替え。circle_pct上位2艇に絞り込むこと。\n展示で1号艇スタート遅め(0.181秒)確認→ヒモが荒れやすい'}",,,31.6,両建て推奨,15.28,40.7,3,,,,,,,,,,,
2025-08-13,丸亀,3,5,黒田　剛,B1,30.50,5,,4.3054,2.8,33,5.9,0.1659,3.3039,,,0,低,91,0,-,2 556,0,30.5,0.651,,,,,,0.4667,0.2,0,,,D,△,,0.358,0.56,,0.228,B,58,0,◎○△フォーメーション（15〜20点）,0.5777,"{'is_target': True, 'verdict': '点数絞り', 'max_combo_prob': 0.1108, 'est_top_odds': 12.0, 'circle_concentration': 90.8, 'eligible_count': 9, 'bet_adj': 0, 'reason': 'rel_win1=55.6%（本命度） / 最有力組み合わせ確率: 0.111（推定実オッズ?12倍） / 2着集中度: 上位2艇 90.8%（補正+0.04） / 総合判定確率: 0.151 / → ヒモはやや固め。上位2艇以外を切ること', 'tenji_trigger': '展示確認: 1号艇伸び良→そのまま採用。悪→飛び組に差し替え。circle_pct上位2艇に絞り込むこと。\n展示で1号艇スタート遅め(0.181秒)確認→ヒモが荒れやすい'}",,,31.6,両建て推奨,15.28,40.7,3,,,,,,,,,,,
2025-08-13,丸亀,3,6,渡辺空依,B1,35.78,6,,1.5422,1.2,61,11.5,0.2246,5.5769,,,0,低,103,0,-,3 1334,0,23.5,0.78,,,,,,0.0286,0.1143,0.0286,,,B,,,0.1713,0.54,,0.228,B,58,0,◎○△フォーメーション（15〜20点）,0.5777,"{'is_target': True, 'verdict': '点数絞り', 'max_combo_prob': 0.1108, 'est_top_odds': 12.0, 'circle_concentration': 90.8, 'eligible_count': 9, 'bet_adj': 0, 'reason': 'rel_win1=55.6%（本命度） / 最有力組み合わせ確率: 0.111（推定実オッズ?12倍） / 2着集中度: 上位2艇 90.8%（補正+0.04） / 総合判定確率: 0.151 / → ヒモはやや固め。上位2艇以外を切ること', 'tenji_trigger': '展示確認: 1号艇伸び良→そのまま採用。悪→飛び組に差し替え。circle_pct上位2艇に絞り込むこと。\n展示で1号艇スタート遅め(0.181秒)確認→ヒモが荒れやすい'}",,,31.6,両建て推奨,15.28,40.7,3,,,,,,,,,,,
2025-08-13,丸亀,4,1,井手良太,B1,34.42,1,◎,53.3964,,0,78,0.1632,3.1585,,,0,低,50,0,逃0%,424 53,0,72.9,1.0115,0.2105,,,,,0.0421,0.2632,0.2053,◎,,B,◎,,,0.667,,0.4595,S,91,0,◎1着固定 2-3着流し（5〜8点）,0.5777,"{'is_target': True, 'verdict': '参加推奨', 'max_combo_prob': 0.0509, 'est_top_odds': 26.2, 'circle_concentration': 59.6, 'eligible_count': 6, 'bet_adj': 2, 'reason': 'rel_win1=53.4%（本命度） / 最有力組み合わせ確率: 0.051（推定実オッズ?26倍） / 2着集中度: 上位2艇 59.6%（補正+0.00） / 総合判定確率: 0.051 / → ヒモ分散。1号艇1着固定で広めのヒモ流し推奨（買い目+2点）', 'tenji_trigger': '展示確認: ヒモ分散レース。1号艇伸び確認後、広めのヒモ流しを採用。穴ヒモ（5・6号艇）を積極的に含める。'}",,,29,逃げ狙い,16.41,32.4,4,,,,,0,0,0.7559,0,,逃げ軸流し,A
2025-08-13,丸亀,4,2,浅井　翼,B1,32.41,2,▲,11.319,26.2,72,15.4,0.1954,4.5962,,,0,低,93,0,ま0%,223466,0,15.2,0.5379,0,0,0.0526,0,0,0.3077,0.3077,0.1538,,,C,,,0.0625,0.4745,,0.4595,S,91,0,◎1着固定 2-3着流し（5〜8点）,0.5777,"{'is_target': True, 'verdict': '参加推奨', 'max_combo_prob': 0.0509, 'est_top_odds': 26.2, 'circle_concentration': 59.6, 'eligible_count': 6, 'bet_adj': 2, 'reason': 'rel_win1=53.4%（本命度） / 最有力組み合わせ確率: 0.051（推定実オッズ?26倍） / 2着集中度: 上位2艇 59.6%（補正+0.00） / 総合判定確率: 0.051 / → ヒモ分散。1号艇1着固定で広めのヒモ流し推奨（買い目+2点）', 'tenji_trigger': '展示確認: ヒモ分散レース。1号艇伸び確認後、広めのヒモ流しを採用。穴ヒモ（5・6号艇）を積極的に含める。'}",,,29,逃げ狙い,16.41,32.4,4,,,,,,,,,,,
2025-08-13,丸亀,4,3,長谷川充,B1,28.11,3,△,13.8769,33.5,100,50.8,0.1842,4.0678,,,0,低,187,0,-,144345,0,45.7,0.8767,0,0,0.0909,0.0455,0,0.1941,0.3289,0.0444,,,D,○,,0.2204,0.6205,,0.4595,S,91,0,◎1着固定 2-3着流し（5〜8点）,0.5777,"{'is_target': True, 'verdict': '参加推奨', 'max_combo_prob': 0.0509, 'est_top_odds': 26.2, 'circle_concentration': 59.6, 'eligible_count': 6, 'bet_adj': 2, 'reason': 'rel_win1=53.4%（本命度） / 最有力組み合わせ確率: 0.051（推定実オッズ?26倍） / 2着集中度: 上位2艇 59.6%（補正+0.00） / 総合判定確率: 0.051 / → ヒモ分散。1号艇1着固定で広めのヒモ流し推奨（買い目+2点）', 'tenji_trigger': '展示確認: ヒモ分散レース。1号艇伸び確認後、広めのヒモ流しを採用。穴ヒモ（5・6号艇）を積極的に含める。'}",,,29,逃げ狙い,16.41,32.4,4,,,,,,,,,,,
2025-08-13,丸亀,4,4,奥村明日,B1,31.94,4,,12.1747,17.3,76,33.3,0.2033,4.15,,,0,低,83,0,-,354 52,0,54.4,1.1791,0,0.0667,0,0,0,0.6,0.1,0,,,C,,,0.17,0.5175,,0.4595,S,91,0,◎1着固定 2-3着流し（5〜8点）,0.5777,"{'is_target': True, 'verdict': '参加推奨', 'max_combo_prob': 0.0509, 'est_top_odds': 26.2, 'circle_concentration': 59.6, 'eligible_count': 6, 'bet_adj': 2, 'reason': 'rel_win1=53.4%（本命度） / 最有力組み合わせ確率: 0.051（推定実オッズ?26倍） / 2着集中度: 上位2艇 59.6%（補正+0.00） / 総合判定確率: 0.051 / → ヒモ分散。1号艇1着固定で広めのヒモ流し推奨（買い目+2点）', 'tenji_trigger': '展示確認: ヒモ分散レース。1号艇伸び確認後、広めのヒモ流しを採用。穴ヒモ（5・6号艇）を積極的に含める。'}",,,29,逃げ狙い,16.41,32.4,4,,,,,,,,,,,
2025-08-13,丸亀,4,5,細川明人,B1,25.91,5,,5.0996,11.5,53,24.5,0.1923,3.8396,,,0,低,154,0,-,5 651,0,35.2,0.9102,,,,,,0.0211,0.5684,0.1632,,,E,△,,0.2601,0.572,,0.4595,S,91,0,◎1着固定 2-3着流し（5〜8点）,0.5777,"{'is_target': True, 'verdict': '参加推奨', 'max_combo_prob': 0.0509, 'est_top_odds': 26.2, 'circle_concentration': 59.6, 'eligible_count': 6, 'bet_adj': 2, 'reason': 'rel_win1=53.4%（本命度） / 最有力組み合わせ確率: 0.051（推定実オッズ?26倍） / 2着集中度: 上位2艇 59.6%（補正+0.00） / 総合判定確率: 0.051 / → ヒモ分散。1号艇1着固定で広めのヒモ流し推奨（買い目+2点）', 'tenji_trigger': '展示確認: ヒモ分散レース。1号艇伸び確認後、広めのヒモ流しを採用。穴ヒモ（5・6号艇）を積極的に含める。'}",,,29,逃げ狙い,16.41,32.4,4,,,,,,,,,,,
2025-08-13,丸亀,4,6,藤田俊祐,A2,36.53,6,○,4.1335,11.6,80,42.9,0.1779,4.1607,,,0,低,73,0,-,461123,0,90.5,1.7583,,,,,,0.0211,0.0421,0.2632,,,B,△,,0.3027,0.5695,,0.4595,S,91,0,◎1着固定 2-3着流し（5〜8点）,0.5777,"{'is_target': True, 'verdict': '参加推奨', 'max_combo_prob': 0.0509, 'est_top_odds': 26.2, 'circle_concentration': 59.6, 'eligible_count': 6, 'bet_adj': 2, 'reason': 'rel_win1=53.4%（本命度） / 最有力組み合わせ確率: 0.051（推定実オッズ?26倍） / 2着集中度: 上位2艇 59.6%（補正+0.00） / 総合判定確率: 0.051 / → ヒモ分散。1号艇1着固定で広めのヒモ流し推奨（買い目+2点）', 'tenji_trigger': '展示確認: ヒモ分散レース。1号艇伸び確認後、広めのヒモ流しを採用。穴ヒモ（5・6号艇）を積極的に含める。'}",,,29,逃げ狙い,16.41,32.4,4,,,,,,,,,,,
2025-08-13,丸亀,5,1,栗原直也,B1,26.42,1,◎,42.7193,,0,86.8,0.1549,3.4811,,,0,低,181,0,逃0%,326 15,0,84.8,1.061,0.4643,,,,,0.0952,0.2333,0.0571,◎,,E,,,,0.6005,,0.4552,A,64,0,◎-○軸 3着3〜4艇流し（10〜15点）,0.5777,"{'is_target': False, 'verdict': '対象外', 'max_combo_prob': None, 'est_top_odds': None, 'circle_concentration': None, 'eligible_count': 0, 'bet_adj': 0, 'reason': '1号艇rel_win1 < 45%: 通常判定に委ねる', 'tenji_trigger': ''}",,,31.3,両建て推奨,24.98,31.4,3,,,,,0,0,0.7559,0,,逃げ軸流し,A
2025-08-13,丸亀,5,2,西丸侑太,A2,35.19,2,△,19.5264,55.4,52,76.2,0.1864,3.75,,,0,低,100,0,差0% ま0%,613635,0,26.7,0.884,0,0.2,0.16,0,0,0,0.1314,0.0429,,,C,△,,0.111,0.6105,,0.4552,A,64,0,◎-○軸 3着3〜4艇流し（10〜15点）,0.5777,"{'is_target': False, 'verdict': '対象外', 'max_combo_prob': None, 'est_top_odds': None, 'circle_concentration': None, 'eligible_count': 0, 'bet_adj': 0, 'reason': '1号艇rel_win1 < 45%: 通常判定に委ねる', 'tenji_trigger': ''}",,,31.3,両建て推奨,24.98,31.4,3,,,,,,,,,,,
2025-08-13,丸亀,5,3,田中駿兵,A2,39.15,3,○,21.6207,26.7,100,73,0.1622,3.3378,,,0,低,67,0,差ま0%,451121,0,26.2,0.8483,0,0.0769,0,0.1538,0.0769,0,0.1176,0,,,B,△,,0.2995,0.6065,,0.4552,A,64,0,◎-○軸 3着3〜4艇流し（10〜15点）,0.5777,"{'is_target': False, 'verdict': '対象外', 'max_combo_prob': None, 'est_top_odds': None, 'circle_concentration': None, 'eligible_count': 0, 'bet_adj': 0, 'reason': '1号艇rel_win1 < 45%: 通常判定に委ねる', 'tenji_trigger': ''}",,,31.3,両建て推奨,24.98,31.4,3,,,,,,,,,,,
2025-08-13,丸亀,5,4,奥田　誠,B1,29.02,4,,9.0648,9.3,79,50.9,0.1657,4.0755,,,0,低,163,0,-,646 1,0,50.9,1.0357,0,0,0.0385,0.0769,0,0.1771,0.0571,0.139,,,D,○,,0.2847,0.6205,,0.4552,A,64,0,◎-○軸 3着3〜4艇流し（10〜15点）,0.5777,"{'is_target': False, 'verdict': '対象外', 'max_combo_prob': None, 'est_top_odds': None, 'circle_concentration': None, 'eligible_count': 0, 'bet_adj': 0, 'reason': '1号艇rel_win1 < 45%: 通常判定に委ねる', 'tenji_trigger': ''}",,,31.3,両建て推奨,24.98,31.4,3,,,,,,,,,,,
2025-08-13,丸亀,5,5,星野政彦,B1,26.89,5,,6.0387,5,31,17.6,0.1497,3,,,0,低,79,0,-,5 442,0,26.2,0.7324,,,,,,0.2308,0.0923,0.3231,,,D,,,0.3638,0.5745,,0.4552,A,64,0,◎-○軸 3着3〜4艇流し（10〜15点）,0.5777,"{'is_target': False, 'verdict': '対象外', 'max_combo_prob': None, 'est_top_odds': None, 'circle_concentration': None, 'eligible_count': 0, 'bet_adj': 0, 'reason': '1号艇rel_win1 < 45%: 通常判定に委ねる', 'tenji_trigger': ''}",,,31.3,両建て推奨,24.98,31.4,3,,,,,,,,,,,
2025-08-13,丸亀,5,6,村田　敦,B1,39.63,6,▲,1.03,3.5,26,13.6,0.1518,3.9545,,,0,低,81,0,-,5 2635,0,28,0.7933,,,,,,0.22,0.02,0.42,,,B,◎,,0.3549,0.6445,,0.4552,A,64,0,◎-○軸 3着3〜4艇流し（10〜15点）,0.5777,"{'is_target': False, 'verdict': '対象外', 'max_combo_prob': None, 'est_top_odds': None, 'circle_concentration': None, 'eligible_count': 0, 'bet_adj': 0, 'reason': '1号艇rel_win1 < 45%: 通常判定に委ねる', 'tenji_trigger': ''}",,,31.3,両建て推奨,24.98,31.4,3,,,,,,,,,,,
2025-08-13,丸亀,6,1,上田紗奈,B1,47.89,1,◎,62.7207,,0,89.1,0.143,2.6739,,,0,低,90,0,逃1%,522 66,0,89.2,1.1621,0.7143,,,,,0,0.1771,0.2971,◎,,A,○,,,0.6315,,0.6209,S,87,0,◎1着固定 2-3着流し（5〜8点）,0.5777,"{'is_target': True, 'verdict': '参加推奨', 'max_combo_prob': 0.0782, 'est_top_odds': 17.0, 'circle_concentration': 65.2, 'eligible_count': 6, 'bet_adj': 2, 'reason': 'rel_win1=62.7%（本命度） / 最有力組み合わせ確率: 0.078（推定実オッズ?17倍） / 2着集中度: 上位2艇 65.2%（補正+0.00） / 総合判定確率: 0.078 / → ヒモ分散。1号艇1着固定で広めのヒモ流し推奨（買い目+2点）', 'tenji_trigger': '展示確認: ヒモ分散レース。1号艇伸び確認後、広めのヒモ流しを採用。穴ヒモ（5・6号艇）を積極的に含める。'}",,,27.8,逃げ狙い,16.55,28.9,4,,,,,0,0,0.7559,0,,逃げ軸流し,A
2025-08-13,丸亀,6,2,水原　慎,B1,39.09,2,○,11.2513,33.2,67,52,0.1649,3.6267,,,0,低,126,0,差0%,3 1416,0,78.5,0.5053,0,0.1071,0.0357,0,0,0.05,0.2,0.2,,,B,△,,0.1029,0.598,,0.6209,S,87,0,◎1着固定 2-3着流し（5〜8点）,0.5777,"{'is_target': True, 'verdict': '参加推奨', 'max_combo_prob': 0.0782, 'est_top_odds': 17.0, 'circle_concentration': 65.2, 'eligible_count': 6, 'bet_adj': 2, 'reason': 'rel_win1=62.7%（本命度） / 最有力組み合わせ確率: 0.078（推定実オッズ?17倍） / 2着集中度: 上位2艇 65.2%（補正+0.00） / 総合判定確率: 0.078 / → ヒモ分散。1号艇1着固定で広めのヒモ流し推奨（買い目+2点）', 'tenji_trigger': '展示確認: ヒモ分散レース。1号艇伸び確認後、広めのヒモ流しを採用。穴ヒモ（5・6号艇）を積極的に含める。'}",,,27.8,逃げ狙い,16.55,28.9,4,,,,,,,,,,,
2025-08-13,丸亀,6,3,石渡翔一,B1,30.84,3,△,13.1977,31.9,88,68.8,0.1487,2.9098,,,0,低,77,0,ま0% 差ま0%,665 4,0,64.3,1.3098,0,0,0.0526,0.0526,0,0.1538,0.0769,0.1538,,,D,△,,0.2614,0.6015,,0.6209,S,87,0,◎1着固定 2-3着流し（5〜8点）,0.5777,"{'is_target': True, 'verdict': '参加推奨', 'max_combo_prob': 0.0782, 'est_top_odds': 17.0, 'circle_concentration': 65.2, 'eligible_count': 6, 'bet_adj': 2, 'reason': 'rel_win1=62.7%（本命度） / 最有力組み合わせ確率: 0.078（推定実オッズ?17倍） / 2着集中度: 上位2艇 65.2%（補正+0.00） / 総合判定確率: 0.078 / → ヒモ分散。1号艇1着固定で広めのヒモ流し推奨（買い目+2点）', 'tenji_trigger': '展示確認: ヒモ分散レース。1号艇伸び確認後、広めのヒモ流しを採用。穴ヒモ（5・6号艇）を積極的に含める。'}",,,27.8,逃げ狙い,16.55,28.9,4,,,,,,,,,,,
2025-08-13,丸亀,6,4,高橋正男,A2,31.63,4,▲,8.2106,28.8,100,69.7,0.1335,2.6894,,,0,低,124,0,-,1 2234,0,40.8,0.8045,,,,,,0.0364,0.2727,0.0848,,,D,◎,◎,0.3496,0.635,0.4394,0.6209,S,87,0,◎1着固定 2-3着流し（5〜8点）,0.5777,"{'is_target': True, 'verdict': '参加推奨', 'max_combo_prob': 0.0782, 'est_top_odds': 17.0, 'circle_concentration': 65.2, 'eligible_count': 6, 'bet_adj': 2, 'reason': 'rel_win1=62.7%（本命度） / 最有力組み合わせ確率: 0.078（推定実オッズ?17倍） / 2着集中度: 上位2艇 65.2%（補正+0.00） / 総合判定確率: 0.078 / → ヒモ分散。1号艇1着固定で広めのヒモ流し推奨（買い目+2点）', 'tenji_trigger': '展示確認: ヒモ分散レース。1号艇伸び確認後、広めのヒモ流しを採用。穴ヒモ（5・6号艇）を積極的に含める。'}",,,27.8,逃げ狙い,16.55,28.9,4,,,,,,,,,,,
2025-08-13,丸亀,6,5,齋藤　勇,B1,38.71,5,,3.6974,1,37,17.9,0.1704,3.7463,,,0,低,151,0,ま0%,6 664,0,35.2,0.6867,0,0,0.0323,0,0,0.2741,0.4148,0.0444,,,C,,,0.1935,0.5935,,0.6209,S,87,0,◎1着固定 2-3着流し（5〜8点）,0.5777,"{'is_target': True, 'verdict': '参加推奨', 'max_combo_prob': 0.0782, 'est_top_odds': 17.0, 'circle_concentration': 65.2, 'eligible_count': 6, 'bet_adj': 2, 'reason': 'rel_win1=62.7%（本命度） / 最有力組み合わせ確率: 0.078（推定実オッズ?17倍） / 2着集中度: 上位2艇 65.2%（補正+0.00） / 総合判定確率: 0.078 / → ヒモ分散。1号艇1着固定で広めのヒモ流し推奨（買い目+2点）', 'tenji_trigger': '展示確認: ヒモ分散レース。1号艇伸び確認後、広めのヒモ流しを採用。穴ヒモ（5・6号艇）を積極的に含める。'}",,,27.8,逃げ狙い,16.55,28.9,4,,,,,,,,,,,
2025-08-13,丸亀,6,6,浦野　海,A2,30.84,6,,0.9223,5,52,38.2,0.1935,4.2353,,,0,低,75,0,-,132 53,0,27.1,1.5117,,,,,,0,0.1111,0.1422,,,D,,,0.153,0.579,,0.6209,S,87,0,◎1着固定 2-3着流し（5〜8点）,0.5777,"{'is_target': True, 'verdict': '参加推奨', 'max_combo_prob': 0.0782, 'est_top_odds': 17.0, 'circle_concentration': 65.2, 'eligible_count': 6, 'bet_adj': 2, 'reason': 'rel_win1=62.7%（本命度） / 最有力組み合わせ確率: 0.078（推定実オッズ?17倍） / 2着集中度: 上位2艇 65.2%（補正+0.00） / 総合判定確率: 0.078 / → ヒモ分散。1号艇1着固定で広めのヒモ流し推奨（買い目+2点）', 'tenji_trigger': '展示確認: ヒモ分散レース。1号艇伸び確認後、広めのヒモ流しを採用。穴ヒモ（5・6号艇）を積極的に含める。'}",,,27.8,逃げ狙い,16.55,28.9,4,,,,,,,,,,,
2025-08-13,丸亀,7,1,三宅　潤,A2,32.72,1,◎,62.6144,,0,89.9,0.161,3.0633,,,0,低,174,0,-,422 23,0,81.6,0.9909,0.6111,,,,,0.0222,0.0444,0.2111,◎,,C,△,,,0.6355,,0.5213,S,86,0,◎1着固定 2-3着流し（5〜8点）,0.5777,"{'is_target': True, 'verdict': '点数絞り', 'max_combo_prob': 0.0819, 'est_top_odds': 16.3, 'circle_concentration': 78.6, 'eligible_count': 6, 'bet_adj': 0, 'reason': 'rel_win1=62.6%（本命度） / 最有力組み合わせ確率: 0.082（推定実オッズ?16倍） / 2着集中度: 上位2艇 78.6%（補正+0.04） / 総合判定確率: 0.122 / → ヒモはやや固め。上位2艇以外を切ること', 'tenji_trigger': '展示確認: 1号艇伸び良→そのまま採用。悪→飛び組に差し替え。circle_pct上位2艇に絞り込むこと。'}",,,25.6,逃げ狙い,11.43,26.9,3,,,,,0,0,0.7559,0,,逃げ軸流し,A
2025-08-13,丸亀,7,2,清水未唯,B2,31.94,2,△,8.7736,37.3,51,17.6,0.1647,2.8235,,,0,低,32,0,-,4 651,0,18,0.5379,,,,,,0,0.3333,0,,,D,,,0.2938,0.525,,0.5213,S,86,0,◎1着固定 2-3着流し（5〜8点）,0.5777,"{'is_target': True, 'verdict': '点数絞り', 'max_combo_prob': 0.0819, 'est_top_odds': 16.3, 'circle_concentration': 78.6, 'eligible_count': 6, 'bet_adj': 0, 'reason': 'rel_win1=62.6%（本命度） / 最有力組み合わせ確率: 0.082（推定実オッズ?16倍） / 2着集中度: 上位2艇 78.6%（補正+0.04） / 総合判定確率: 0.122 / → ヒモはやや固め。上位2艇以外を切ること', 'tenji_trigger': '展示確認: 1号艇伸び良→そのまま採用。悪→飛び組に差し替え。circle_pct上位2艇に絞り込むこと。'}",,,25.6,逃げ狙い,11.43,26.9,3,,,,,,,,,,,
2025-08-13,丸亀,7,3,新田洋一,A2,43.90,3,○,12.5805,41.3,100,78.4,0.1476,3.0098,,,0,低,48,0,差ま0% 抜0%,6 2442,0,79.3,1.4098,0,0,0,0.0833,0.0417,0.0211,0.3203,0.0842,,◎,A,◎,,0.3665,0.658,,0.5213,S,86,0,◎1着固定 2-3着流し（5〜8点）,0.5777,"{'is_target': True, 'verdict': '点数絞り', 'max_combo_prob': 0.0819, 'est_top_odds': 16.3, 'circle_concentration': 78.6, 'eligible_count': 6, 'bet_adj': 0, 'reason': 'rel_win1=62.6%（本命度） / 最有力組み合わせ確率: 0.082（推定実オッズ?16倍） / 2着集中度: 上位2艇 78.6%（補正+0.04） / 総合判定確率: 0.122 / → ヒモはやや固め。上位2艇以外を切ること', 'tenji_trigger': '展示確認: 1号艇伸び良→そのまま採用。悪→飛び組に差し替え。circle_pct上位2艇に絞り込むこと。'}",,,25.6,逃げ狙い,11.43,26.9,3,,,,,,,,,,,
2025-08-13,丸亀,7,4,増田　進,B1,34.58,4,▲,6.5063,7.9,55,26.3,0.1736,3.75,,,0,低,192,0,ま0%,654 4,0,39.2,0.6526,0,0,0.0333,0,0,0.28,0.3333,0.14,,,C,,,0.2403,0.6315,,0.5213,S,86,0,◎1着固定 2-3着流し（5〜8点）,0.5777,"{'is_target': True, 'verdict': '点数絞り', 'max_combo_prob': 0.0819, 'est_top_odds': 16.3, 'circle_concentration': 78.6, 'eligible_count': 6, 'bet_adj': 0, 'reason': 'rel_win1=62.6%（本命度） / 最有力組み合わせ確率: 0.082（推定実オッズ?16倍） / 2着集中度: 上位2艇 78.6%（補正+0.04） / 総合判定確率: 0.122 / → ヒモはやや固め。上位2艇以外を切ること', 'tenji_trigger': '展示確認: 1号艇伸び良→そのまま採用。悪→飛び組に差し替え。circle_pct上位2艇に絞り込むこと。'}",,,25.6,逃げ狙い,11.43,26.9,3,,,,,,,,,,,
2025-08-13,丸亀,7,5,大島隆乃,B1,31.82,5,,5.2191,8.6,63,30.2,0.1649,3.3372,,,0,低,77,0,差ま0%,23456,0,55.9,0.9436,0,0,0,0.1053,0,0,0.3333,0,,,D,△,,0.2942,0.6445,,0.5213,S,86,0,◎1着固定 2-3着流し（5〜8点）,0.5777,"{'is_target': True, 'verdict': '点数絞り', 'max_combo_prob': 0.0819, 'est_top_odds': 16.3, 'circle_concentration': 78.6, 'eligible_count': 6, 'bet_adj': 0, 'reason': 'rel_win1=62.6%（本命度） / 最有力組み合わせ確率: 0.082（推定実オッズ?16倍） / 2着集中度: 上位2艇 78.6%（補正+0.04） / 総合判定確率: 0.122 / → ヒモはやや固め。上位2艇以外を切ること', 'tenji_trigger': '展示確認: 1号艇伸び良→そのまま採用。悪→飛び組に差し替え。circle_pct上位2艇に絞り込むこと。'}",,,25.6,逃げ狙い,11.43,26.9,3,,,,,,,,,,,
2025-08-13,丸亀,7,6,桑島和宏,A1,32.54,6,,4.306,4.9,67,45.2,0.1825,4.1575,,,0,低,131,0,-,143213,0,32.7,0.7586,,,,,,0.0526,0.0105,0.1276,,,D,○,,0.25,0.6545,,0.5213,S,86,0,◎1着固定 2-3着流し（5〜8点）,0.5777,"{'is_target': True, 'verdict': '点数絞り', 'max_combo_prob': 0.0819, 'est_top_odds': 16.3, 'circle_concentration': 78.6, 'eligible_count': 6, 'bet_adj': 0, 'reason': 'rel_win1=62.6%（本命度） / 最有力組み合わせ確率: 0.082（推定実オッズ?16倍） / 2着集中度: 上位2艇 78.6%（補正+0.04） / 総合判定確率: 0.122 / → ヒモはやや固め。上位2艇以外を切ること', 'tenji_trigger': '展示確認: 1号艇伸び良→そのまま採用。悪→飛び組に差し替え。circle_pct上位2艇に絞り込むこと。'}",,,25.6,逃げ狙い,11.43,26.9,3,,,,,,,,,,,
2025-08-13,丸亀,8,1,梶野学志,A1,40.65,1,◎,76.9578,,0,92.9,0.1329,2.3643,,,0,低,97,0,逃0%,523125,0,85.2,1.0641,0.7931,,,,,0.0138,0.1164,0.0276,◎,,A,◎,,,0.656,,0.7004,A,76,0,◎-○軸 3着3〜4艇流し（10〜15点）,0.5777,"{'is_target': True, 'verdict': '参加推奨', 'max_combo_prob': 0.108, 'est_top_odds': 12.3, 'circle_concentration': 59.7, 'eligible_count': 8, 'bet_adj': 2, 'reason': 'rel_win1=77.0%（本命度） / 最有力組み合わせ確率: 0.108（推定実オッズ?12倍） / 2着集中度: 上位2艇 59.7%（補正+0.00） / 総合判定確率: 0.108 / → ヒモ分散。1号艇1着固定で広めのヒモ流し推奨（買い目+2点）', 'tenji_trigger': '展示確認: ヒモ分散レース。1号艇伸び確認後、広めのヒモ流しを採用。穴ヒモ（5・6号艇）を積極的に含める。\n展示で1号艇スタート超安定(0.133秒)→ヒモ固まり方向に注意'}",,,25.4,逃げ狙い,13.19,24.7,4,,,,,0,0,0.7559,0,,逃げ軸流し,A
2025-08-13,丸亀,8,2,黒田　剛,B1,30.50,2,▲,6.1592,22.6,100,34,0.1374,2.8191,,,0,低,91,0,-,2 556,0,29,0.6076,,,,,,0.4667,0.2,0,,,C,△,,0.2825,0.56,,0.7004,A,76,0,◎-○軸 3着3〜4艇流し（10〜15点）,0.5777,"{'is_target': True, 'verdict': '参加推奨', 'max_combo_prob': 0.108, 'est_top_odds': 12.3, 'circle_concentration': 59.7, 'eligible_count': 8, 'bet_adj': 2, 'reason': 'rel_win1=77.0%（本命度） / 最有力組み合わせ確率: 0.108（推定実オッズ?12倍） / 2着集中度: 上位2艇 59.7%（補正+0.00） / 総合判定確率: 0.108 / → ヒモ分散。1号艇1着固定で広めのヒモ流し推奨（買い目+2点）', 'tenji_trigger': '展示確認: ヒモ分散レース。1号艇伸び確認後、広めのヒモ流しを採用。穴ヒモ（5・6号艇）を積極的に含める。\n展示で1号艇スタート超安定(0.133秒)→ヒモ固まり方向に注意'}",,,25.4,逃げ狙い,13.19,24.7,4,,,,,,,,,,,
2025-08-13,丸亀,8,3,細川明人,B1,25.91,3,,6.2703,20.9,58,28,0.207,4.17,,,0,低,154,0,ま0%,5 651,0,14.4,0.5883,0,0,0.0435,0,0,0.0211,0.5684,0.1632,,,E,△,,0.1067,0.572,,0.7004,A,76,0,◎-○軸 3着3〜4艇流し（10〜15点）,0.5777,"{'is_target': True, 'verdict': '参加推奨', 'max_combo_prob': 0.108, 'est_top_odds': 12.3, 'circle_concentration': 59.7, 'eligible_count': 8, 'bet_adj': 2, 'reason': 'rel_win1=77.0%（本命度） / 最有力組み合わせ確率: 0.108（推定実オッズ?12倍） / 2着集中度: 上位2艇 59.7%（補正+0.00） / 総合判定確率: 0.108 / → ヒモ分散。1号艇1着固定で広めのヒモ流し推奨（買い目+2点）', 'tenji_trigger': '展示確認: ヒモ分散レース。1号艇伸び確認後、広めのヒモ流しを採用。穴ヒモ（5・6号艇）を積極的に含める。\n展示で1号艇スタート超安定(0.133秒)→ヒモ固まり方向に注意'}",,,25.4,逃げ狙い,13.19,24.7,4,,,,,,,,,,,
2025-08-13,丸亀,8,4,中田夕貴,A2,36.20,4,○,5.9129,37,74,43.8,0.17,3.625,,,0,低,68,0,-,615254,0,48.2,0.8572,,,,,,0.1927,0.3127,0,,,B,○,,0.1693,0.5955,,0.7004,A,76,0,◎-○軸 3着3〜4艇流し（10〜15点）,0.5777,"{'is_target': True, 'verdict': '参加推奨', 'max_combo_prob': 0.108, 'est_top_odds': 12.3, 'circle_concentration': 59.7, 'eligible_count': 8, 'bet_adj': 2, 'reason': 'rel_win1=77.0%（本命度） / 最有力組み合わせ確率: 0.108（推定実オッズ?12倍） / 2着集中度: 上位2艇 59.7%（補正+0.00） / 総合判定確率: 0.108 / → ヒモ分散。1号艇1着固定で広めのヒモ流し推奨（買い目+2点）', 'tenji_trigger': '展示確認: ヒモ分散レース。1号艇伸び確認後、広めのヒモ流しを採用。穴ヒモ（5・6号艇）を積極的に含める。\n展示で1号艇スタート超安定(0.133秒)→ヒモ固まり方向に注意'}",,,25.4,逃げ狙い,13.19,24.7,4,,,,,,,,,,,
2025-08-13,丸亀,8,5,中岡　駿,B2,33.18,5,△,3.7132,17,74,0,0.2075,4.0625,,,0,低,40,1,-,6 666,0,27.7,0.6655,,,,,,,,,,,C,,,0.135,0.482,,0.7004,A,76,0,◎-○軸 3着3〜4艇流し（10〜15点）,0.5777,"{'is_target': True, 'verdict': '参加推奨', 'max_combo_prob': 0.108, 'est_top_odds': 12.3, 'circle_concentration': 59.7, 'eligible_count': 8, 'bet_adj': 2, 'reason': 'rel_win1=77.0%（本命度） / 最有力組み合わせ確率: 0.108（推定実オッズ?12倍） / 2着集中度: 上位2艇 59.7%（補正+0.00） / 総合判定確率: 0.108 / → ヒモ分散。1号艇1着固定で広めのヒモ流し推奨（買い目+2点）', 'tenji_trigger': '展示確認: ヒモ分散レース。1号艇伸び確認後、広めのヒモ流しを採用。穴ヒモ（5・6号艇）を積極的に含める。\n展示で1号艇スタート超安定(0.133秒)→ヒモ固まり方向に注意'}",,,25.4,逃げ狙い,13.19,24.7,4,,,,,,,,,,,
2025-08-13,丸亀,8,6,丸山祐也,B1,29.91,6,,0.9866,2.4,32,0,0.2552,5.5345,,,0,低,130,0,-,5 536,0,18.3,0.82,,,,,,0.125,0.25,0.25,,,D,,,0.135,0.558,,0.7004,A,76,0,◎-○軸 3着3〜4艇流し（10〜15点）,0.5777,"{'is_target': True, 'verdict': '参加推奨', 'max_combo_prob': 0.108, 'est_top_odds': 12.3, 'circle_concentration': 59.7, 'eligible_count': 8, 'bet_adj': 2, 'reason': 'rel_win1=77.0%（本命度） / 最有力組み合わせ確率: 0.108（推定実オッズ?12倍） / 2着集中度: 上位2艇 59.7%（補正+0.00） / 総合判定確率: 0.108 / → ヒモ分散。1号艇1着固定で広めのヒモ流し推奨（買い目+2点）', 'tenji_trigger': '展示確認: ヒモ分散レース。1号艇伸び確認後、広めのヒモ流しを採用。穴ヒモ（5・6号艇）を積極的に含める。\n展示で1号艇スタート超安定(0.133秒)→ヒモ固まり方向に注意'}",,,25.4,逃げ狙い,13.19,24.7,4,,,,,,,,,,,
2025-08-13,丸亀,9,1,守屋大地,B1,30.28,1,○,50.4847,,0,70.9,0.1955,4.2455,,,0,低,180,0,逃0%,34354,0,76.9,0.9269,0.0909,,,,,0.5236,0.1927,0.0727,,,D,◎,,,0.654,,0.1433,B,53,0,◎○△フォーメーション（15〜20点）,0.5777,"{'is_target': True, 'verdict': '点数絞り', 'max_combo_prob': 0.0915, 'est_top_odds': 14.6, 'circle_concentration': 79.5, 'eligible_count': 9, 'bet_adj': 0, 'reason': 'rel_win1=50.5%（本命度） / 最有力組み合わせ確率: 0.091（推定実オッズ?15倍） / 2着集中度: 上位2艇 79.5%（補正+0.04） / 総合判定確率: 0.131 / → ヒモはやや固め。上位2艇以外を切ること', 'tenji_trigger': '展示確認: 1号艇伸び良→そのまま採用。悪→飛び組に差し替え。circle_pct上位2艇に絞り込むこと。\n展示で1号艇スタート遅め(0.196秒)確認→ヒモが荒れやすい'}",,,33.6,両建て推奨,16.37,45.6,3,3-1-4|3-1-5|3-4-1|3-1-6|3-5-1|3-4-5|3-5-4|1-3-4|1-3-5,3-1-4|3-1-5|3-4-1|3-1-6|3-5-1|3-4-5|3-5-4|1-3-4|1-3-5|6-1-2|6-1-4|4-1-5,3-1-4:3.76%|3-1-5:1.86%|3-4-1:1.41%|3-1-6:1.0%|3-5-1:0.42%|3-4-5:0.3%|3-5-4:0.18%|1-3-4:5.16%|1-3-5:4.4%,3-1-4:B_main|3-1-5:B_main|3-4-1:B_main|3-1-6:B_main|3-5-1:B_main|3-4-5:B_main|3-5-4:B_main|1-3-4:A|1-3-5:A,9,12,0.2915,1,[!]見送り推奨（主役決まり手「まくり差し」― 逃げ劣勢レースで的中実績なし）,主役軸流し,B
2025-08-13,丸亀,9,2,笠野友紀,B1,33.64,2,,9.5007,23.5,63,18.2,0.2177,4.5227,,,0,低,82,0,-,165 4,0,75.8,0.5379,,,,,,0.3631,0.3631,0.1508,,,C,,,0.184,0.5555,,0.1433,B,53,0,◎○△フォーメーション（15〜20点）,0.5777,"{'is_target': True, 'verdict': '点数絞り', 'max_combo_prob': 0.0915, 'est_top_odds': 14.6, 'circle_concentration': 79.5, 'eligible_count': 9, 'bet_adj': 0, 'reason': 'rel_win1=50.5%（本命度） / 最有力組み合わせ確率: 0.091（推定実オッズ?15倍） / 2着集中度: 上位2艇 79.5%（補正+0.04） / 総合判定確率: 0.131 / → ヒモはやや固め。上位2艇以外を切ること', 'tenji_trigger': '展示確認: 1号艇伸び良→そのまま採用。悪→飛び組に差し替え。circle_pct上位2艇に絞り込むこと。\n展示で1号艇スタート遅め(0.196秒)確認→ヒモが荒れやすい'}",,,33.6,両建て推奨,16.37,45.6,3,,,,,,,,,,,
2025-08-13,丸亀,9,3,藤田俊祐,A2,36.53,3,◎,23.5345,56,94,76.3,0.1516,3.1053,,,0,低,73,0,差ま0%,461123,0,51.2,0.8933,0,0,0.0556,0.1667,0.0556,0.0211,0.0421,0.2632,,◎,B,,,0.5404,0.5695,,0.1433,B,53,0,◎○△フォーメーション（15〜20点）,0.5777,"{'is_target': True, 'verdict': '点数絞り', 'max_combo_prob': 0.0915, 'est_top_odds': 14.6, 'circle_concentration': 79.5, 'eligible_count': 9, 'bet_adj': 0, 'reason': 'rel_win1=50.5%（本命度） / 最有力組み合わせ確率: 0.091（推定実オッズ?15倍） / 2着集中度: 上位2艇 79.5%（補正+0.04） / 総合判定確率: 0.131 / → ヒモはやや固め。上位2艇以外を切ること', 'tenji_trigger': '展示確認: 1号艇伸び良→そのまま採用。悪→飛び組に差し替え。circle_pct上位2艇に絞り込むこと。\n展示で1号艇スタート遅め(0.196秒)確認→ヒモが荒れやすい'}",,,33.6,両建て推奨,16.37,45.6,3,,,,,,,,,,,
2025-08-13,丸亀,9,4,宮迫暢彦,B1,32.72,4,△,7.53,7.4,100,46,0.1712,3.4932,,,0,低,138,0,抜0%,5 236,0,61.6,0.9334,0,0,0,0,0.0323,0.25,0.2,0.1,,○,C,△,,0.4326,0.594,,0.1433,B,53,0,◎○△フォーメーション（15〜20点）,0.5777,"{'is_target': True, 'verdict': '点数絞り', 'max_combo_prob': 0.0915, 'est_top_odds': 14.6, 'circle_concentration': 79.5, 'eligible_count': 9, 'bet_adj': 0, 'reason': 'rel_win1=50.5%（本命度） / 最有力組み合わせ確率: 0.091（推定実オッズ?15倍） / 2着集中度: 上位2艇 79.5%（補正+0.04） / 総合判定確率: 0.131 / → ヒモはやや固め。上位2艇以外を切ること', 'tenji_trigger': '展示確認: 1号艇伸び良→そのまま採用。悪→飛び組に差し替え。circle_pct上位2艇に絞り込むこと。\n展示で1号艇スタート遅め(0.196秒)確認→ヒモが荒れやすい'}",,,33.6,両建て推奨,16.37,45.6,3,,,,,,,,,,,
2025-08-13,丸亀,9,5,奥田　誠,B1,29.02,5,,4.1397,8,92,28.4,0.1858,4.1418,,,0,低,163,0,-,646 1,0,25.2,0.3988,0,0,0.0312,0,0,0.1771,0.0571,0.139,,,E,○,,0.3401,0.6205,,0.1433,B,53,0,◎○△フォーメーション（15〜20点）,0.5777,"{'is_target': True, 'verdict': '点数絞り', 'max_combo_prob': 0.0915, 'est_top_odds': 14.6, 'circle_concentration': 79.5, 'eligible_count': 9, 'bet_adj': 0, 'reason': 'rel_win1=50.5%（本命度） / 最有力組み合わせ確率: 0.091（推定実オッズ?15倍） / 2着集中度: 上位2艇 79.5%（補正+0.04） / 総合判定確率: 0.131 / → ヒモはやや固め。上位2艇以外を切ること', 'tenji_trigger': '展示確認: 1号艇伸び良→そのまま採用。悪→飛び組に差し替え。circle_pct上位2艇に絞り込むこと。\n展示で1号艇スタート遅め(0.196秒)確認→ヒモが荒れやすい'}",,,33.6,両建て推奨,16.37,45.6,3,,,,,,,,,,,
2025-08-13,丸亀,9,6,田中駿兵,A2,39.15,6,▲,4.8103,5.1,54,27,0.177,3.8784,,,0,低,67,0,抜0%,451121,0,25.2,1.1897,0,0,0,0,0.0714,0,0.1176,0,,△,B,△,,0.4015,0.6065,,0.1433,B,53,0,◎○△フォーメーション（15〜20点）,0.5777,"{'is_target': True, 'verdict': '点数絞り', 'max_combo_prob': 0.0915, 'est_top_odds': 14.6, 'circle_concentration': 79.5, 'eligible_count': 9, 'bet_adj': 0, 'reason': 'rel_win1=50.5%（本命度） / 最有力組み合わせ確率: 0.091（推定実オッズ?15倍） / 2着集中度: 上位2艇 79.5%（補正+0.04） / 総合判定確率: 0.131 / → ヒモはやや固め。上位2艇以外を切ること', 'tenji_trigger': '展示確認: 1号艇伸び良→そのまま採用。悪→飛び組に差し替え。circle_pct上位2艇に絞り込むこと。\n展示で1号艇スタート遅め(0.196秒)確認→ヒモが荒れやすい'}",,,33.6,両建て推奨,16.37,45.6,3,,,,,,,,,,,
2025-08-13,丸亀,10,1,浦野　海,A2,30.84,1,◎,60.6772,,0,82.3,0.1265,2.2353,,,0,低,75,0,逃1%,132 53,0,86,1.084,0.5556,,,,,0,0.1111,0.1422,◎,,D,,,,0.579,,0.6927,A,71,0,◎-○軸 3着3〜4艇流し（10〜15点）,0.5777,"{'is_target': True, 'verdict': '点数絞り', 'max_combo_prob': 0.1085, 'est_top_odds': 12.3, 'circle_concentration': 73.1, 'eligible_count': 8, 'bet_adj': 0, 'reason': 'rel_win1=60.7%（本命度） / 最有力組み合わせ確率: 0.109（推定実オッズ?12倍） / 2着集中度: 上位2艇 73.1%（補正+0.04） / 総合判定確率: 0.149 / → ヒモはやや固め。上位2艇以外を切ること', 'tenji_trigger': '展示確認: 1号艇伸び良→そのまま採用。悪→飛び組に差し替え。circle_pct上位2艇に絞り込むこと。\n展示で1号艇スタート超安定(0.127秒)→ヒモ固まり方向に注意'}",,,27,逃げ狙い,16.61,26.5,4,,,,,0,0,0.7559,0,,逃げ軸流し,A
2025-08-13,丸亀,10,2,三宅　潤,A2,32.72,2,△,9.8963,53.7,100,73.8,0.1604,3.8687,,,0,低,174,0,差0%,422 23,0,31.4,0.684,0,0.0732,0.0244,0,0.0244,0.0222,0.0444,0.2111,,,C,◎,,0.0641,0.6355,,0.6927,A,71,0,◎-○軸 3着3〜4艇流し（10〜15点）,0.5777,"{'is_target': True, 'verdict': '点数絞り', 'max_combo_prob': 0.1085, 'est_top_odds': 12.3, 'circle_concentration': 73.1, 'eligible_count': 8, 'bet_adj': 0, 'reason': 'rel_win1=60.7%（本命度） / 最有力組み合わせ確率: 0.109（推定実オッズ?12倍） / 2着集中度: 上位2艇 73.1%（補正+0.04） / 総合判定確率: 0.149 / → ヒモはやや固め。上位2艇以外を切ること', 'tenji_trigger': '展示確認: 1号艇伸び良→そのまま採用。悪→飛び組に差し替え。circle_pct上位2艇に絞り込むこと。\n展示で1号艇スタート超安定(0.127秒)→ヒモ固まり方向に注意'}",,,27,逃げ狙い,16.61,26.5,4,,,,,,,,,,,
2025-08-13,丸亀,10,3,高田　綾,B1,38.86,3,▲,12.5497,16.6,70,45,0.1615,3.2,,,0,低,47,0,-,142314,0,79.8,1.5263,0,0,0.1333,0,0,0,0.1538,0.2308,,,B,,,0.1332,0.5525,,0.6927,A,71,0,◎-○軸 3着3〜4艇流し（10〜15点）,0.5777,"{'is_target': True, 'verdict': '点数絞り', 'max_combo_prob': 0.1085, 'est_top_odds': 12.3, 'circle_concentration': 73.1, 'eligible_count': 8, 'bet_adj': 0, 'reason': 'rel_win1=60.7%（本命度） / 最有力組み合わせ確率: 0.109（推定実オッズ?12倍） / 2着集中度: 上位2艇 73.1%（補正+0.04） / 総合判定確率: 0.149 / → ヒモはやや固め。上位2艇以外を切ること', 'tenji_trigger': '展示確認: 1号艇伸び良→そのまま採用。悪→飛び組に差し替え。circle_pct上位2艇に絞り込むこと。\n展示で1号艇スタート超安定(0.127秒)→ヒモ固まり方向に注意'}",,,27,逃げ狙い,16.61,26.5,4,,,,,,,,,,,
2025-08-13,丸亀,10,4,西丸侑太,A2,35.19,4,○,11.2283,19.5,66,58.8,0.1496,3.1373,,,0,低,100,0,ま0%,613635,0,56.9,1.0789,0,0,0.08,0.04,0.08,0,0.1314,0.0429,,,B,△,◎,0.206,0.6105,0.4376,0.6927,A,71,0,◎-○軸 3着3〜4艇流し（10〜15点）,0.5777,"{'is_target': True, 'verdict': '点数絞り', 'max_combo_prob': 0.1085, 'est_top_odds': 12.3, 'circle_concentration': 73.1, 'eligible_count': 8, 'bet_adj': 0, 'reason': 'rel_win1=60.7%（本命度） / 最有力組み合わせ確率: 0.109（推定実オッズ?12倍） / 2着集中度: 上位2艇 73.1%（補正+0.04） / 総合判定確率: 0.149 / → ヒモはやや固め。上位2艇以外を切ること', 'tenji_trigger': '展示確認: 1号艇伸び良→そのまま採用。悪→飛び組に差し替え。circle_pct上位2艇に絞り込むこと。\n展示で1号艇スタート超安定(0.127秒)→ヒモ固まり方向に注意'}",,,27,逃げ狙い,16.61,26.5,4,,,,,,,,,,,
2025-08-13,丸亀,10,5,長谷川充,B1,28.11,5,,4.5063,8.7,33,21.7,0.23,5,,,0,低,187,0,-,144345,0,25,1.0219,,,,,,0.1941,0.3289,0.0444,,,E,○,,0.1368,0.6205,,0.6927,A,71,0,◎-○軸 3着3〜4艇流し（10〜15点）,0.5777,"{'is_target': True, 'verdict': '点数絞り', 'max_combo_prob': 0.1085, 'est_top_odds': 12.3, 'circle_concentration': 73.1, 'eligible_count': 8, 'bet_adj': 0, 'reason': 'rel_win1=60.7%（本命度） / 最有力組み合わせ確率: 0.109（推定実オッズ?12倍） / 2着集中度: 上位2艇 73.1%（補正+0.04） / 総合判定確率: 0.149 / → ヒモはやや固め。上位2艇以外を切ること', 'tenji_trigger': '展示確認: 1号艇伸び良→そのまま採用。悪→飛び組に差し替え。circle_pct上位2艇に絞り込むこと。\n展示で1号艇スタート超安定(0.127秒)→ヒモ固まり方向に注意'}",,,27,逃げ狙い,16.61,26.5,4,,,,,,,,,,,
2025-08-13,丸亀,10,6,赤澤文香,B1,31.16,6,,1.1421,1.6,41,6.2,0.2181,5.3438,,,0,低,80,0,-,135 36,0,25,0.8089,,,,,,0.3077,0.2308,0.0769,,,D,△,,0.135,0.5955,,0.6927,A,71,0,◎-○軸 3着3〜4艇流し（10〜15点）,0.5777,"{'is_target': True, 'verdict': '点数絞り', 'max_combo_prob': 0.1085, 'est_top_odds': 12.3, 'circle_concentration': 73.1, 'eligible_count': 8, 'bet_adj': 0, 'reason': 'rel_win1=60.7%（本命度） / 最有力組み合わせ確率: 0.109（推定実オッズ?12倍） / 2着集中度: 上位2艇 73.1%（補正+0.04） / 総合判定確率: 0.149 / → ヒモはやや固め。上位2艇以外を切ること', 'tenji_trigger': '展示確認: 1号艇伸び良→そのまま採用。悪→飛び組に差し替え。circle_pct上位2艇に絞り込むこと。\n展示で1号艇スタート超安定(0.127秒)→ヒモ固まり方向に注意'}",,,27,逃げ狙い,16.61,26.5,4,,,,,,,,,,,
2025-08-13,丸亀,11,1,桑島和宏,A1,32.54,1,◎,62.5852,,0,90.5,0.1513,3.5952,,,0,低,131,0,逃1%,143213,0,82.4,0.996,0.6579,,,,,0.0526,0.0105,0.1276,◎,,C,○,,,0.6545,,0.5302,S,86,0,◎1着固定 2-3着流し（5〜8点）,0.5777,"{'is_target': True, 'verdict': '点数絞り', 'max_combo_prob': 0.0907, 'est_top_odds': 14.7, 'circle_concentration': 77.8, 'eligible_count': 6, 'bet_adj': 0, 'reason': 'rel_win1=62.6%（本命度） / 最有力組み合わせ確率: 0.091（推定実オッズ?15倍） / 2着集中度: 上位2艇 77.8%（補正+0.04） / 総合判定確率: 0.131 / → ヒモはやや固め。上位2艇以外を切ること', 'tenji_trigger': '展示確認: 1号艇伸び良→そのまま採用。悪→飛び組に差し替え。circle_pct上位2艇に絞り込むこと。'}",,,25.6,逃げ狙い,12.29,26,4,,,,,0,0,0.7559,0,,逃げ軸流し,A
2025-08-13,丸亀,11,2,高橋正男,A2,31.63,2,,15.1017,48.8,70,63.8,0.167,3.6812,,,0,低,124,0,差0% ま0% 抜0%,1 2234,0,58.2,1.0628,0,0.0833,0.0278,0,0.0278,0.0364,0.2727,0.0848,,,D,△,,0.1673,0.635,,0.5302,S,86,0,◎1着固定 2-3着流し（5〜8点）,0.5777,"{'is_target': True, 'verdict': '点数絞り', 'max_combo_prob': 0.0907, 'est_top_odds': 14.7, 'circle_concentration': 77.8, 'eligible_count': 6, 'bet_adj': 0, 'reason': 'rel_win1=62.6%（本命度） / 最有力組み合わせ確率: 0.091（推定実オッズ?15倍） / 2着集中度: 上位2艇 77.8%（補正+0.04） / 総合判定確率: 0.131 / → ヒモはやや固め。上位2艇以外を切ること', 'tenji_trigger': '展示確認: 1号艇伸び良→そのまま採用。悪→飛び組に差し替え。circle_pct上位2艇に絞り込むこと。'}",,,25.6,逃げ狙い,12.29,26,4,,,,,,,,,,,
2025-08-13,丸亀,11,3,渡辺空依,B1,35.78,3,△,6.0781,15.7,94,36.6,0.1778,3.1951,,,0,低,103,0,-,3 1334,0,44.5,0.7075,0,0,0,0.0417,0,0.0286,0.1143,0.0286,,,C,,,0.1555,0.54,,0.5302,S,86,0,◎1着固定 2-3着流し（5〜8点）,0.5777,"{'is_target': True, 'verdict': '点数絞り', 'max_combo_prob': 0.0907, 'est_top_odds': 14.7, 'circle_concentration': 77.8, 'eligible_count': 6, 'bet_adj': 0, 'reason': 'rel_win1=62.6%（本命度） / 最有力組み合わせ確率: 0.091（推定実オッズ?15倍） / 2着集中度: 上位2艇 77.8%（補正+0.04） / 総合判定確率: 0.131 / → ヒモはやや固め。上位2艇以外を切ること', 'tenji_trigger': '展示確認: 1号艇伸び良→そのまま採用。悪→飛び組に差し替え。circle_pct上位2艇に絞り込むこと。'}",,,25.6,逃げ狙い,12.29,26,4,,,,,,,,,,,
2025-08-13,丸亀,11,4,梶野学志,A1,40.65,4,○,12.4032,28.9,100,69.6,0.1643,3.6161,,,0,低,97,0,-,523125,0,63.8,1.0809,0,0,0,0.0526,0,0.0138,0.1164,0.0276,,,B,◎,◎,0.2382,0.656,0.3322,0.5302,S,86,0,◎1着固定 2-3着流し（5〜8点）,0.5777,"{'is_target': True, 'verdict': '点数絞り', 'max_combo_prob': 0.0907, 'est_top_odds': 14.7, 'circle_concentration': 77.8, 'eligible_count': 6, 'bet_adj': 0, 'reason': 'rel_win1=62.6%（本命度） / 最有力組み合わせ確率: 0.091（推定実オッズ?15倍） / 2着集中度: 上位2艇 77.8%（補正+0.04） / 総合判定確率: 0.131 / → ヒモはやや固め。上位2艇以外を切ること', 'tenji_trigger': '展示確認: 1号艇伸び良→そのまま採用。悪→飛び組に差し替え。circle_pct上位2艇に絞り込むこと。'}",,,25.6,逃げ狙い,12.29,26,4,,,,,,,,,,,
2025-08-13,丸亀,11,5,浅井　翼,B1,32.41,5,,2.7045,4.1,57,12.8,0.1717,3.266,,,0,低,93,0,-,223466,0,24.4,0.4126,0,0,0.0476,0,0,0.3077,0.3077,0.1538,,,D,,,0.2257,0.4745,,0.5302,S,86,0,◎1着固定 2-3着流し（5〜8点）,0.5777,"{'is_target': True, 'verdict': '点数絞り', 'max_combo_prob': 0.0907, 'est_top_odds': 14.7, 'circle_concentration': 77.8, 'eligible_count': 6, 'bet_adj': 0, 'reason': 'rel_win1=62.6%（本命度） / 最有力組み合わせ確率: 0.091（推定実オッズ?15倍） / 2着集中度: 上位2艇 77.8%（補正+0.04） / 総合判定確率: 0.131 / → ヒモはやや固め。上位2艇以外を切ること', 'tenji_trigger': '展示確認: 1号艇伸び良→そのまま採用。悪→飛び組に差し替え。circle_pct上位2艇に絞り込むこと。'}",,,25.6,逃げ狙い,12.29,26,4,,,,,,,,,,,
2025-08-13,丸亀,11,6,水原　慎,B1,39.09,6,▲,1.1273,2.4,86,15.4,0.1669,3.7788,,,0,低,126,0,-,3 1416,0,26.3,0.8422,,,,,,0.05,0.2,0.2,,,B,△,,0.265,0.598,,0.5302,S,86,0,◎1着固定 2-3着流し（5〜8点）,0.5777,"{'is_target': True, 'verdict': '点数絞り', 'max_combo_prob': 0.0907, 'est_top_odds': 14.7, 'circle_concentration': 77.8, 'eligible_count': 6, 'bet_adj': 0, 'reason': 'rel_win1=62.6%（本命度） / 最有力組み合わせ確率: 0.091（推定実オッズ?15倍） / 2着集中度: 上位2艇 77.8%（補正+0.04） / 総合判定確率: 0.131 / → ヒモはやや固め。上位2艇以外を切ること', 'tenji_trigger': '展示確認: 1号艇伸び良→そのまま採用。悪→飛び組に差し替え。circle_pct上位2艇に絞り込むこと。'}",,,25.6,逃げ狙い,12.29,26,4,,,,,,,,,,,
2025-08-13,丸亀,12,1,木下翔太,A1,32.09,1,◎,57.7145,,0,95.2,0.1577,3.3548,,,0,低,63,0,逃1%,131641,0,93.4,1.3616,0.8148,,,,,0.0148,0.1148,0.1148,◎,,C,◎,,,0.688,,0.5058,A,77,0,◎-○軸 3着3〜4艇流し（10〜15点）,0.5777,"{'is_target': True, 'verdict': '参加推奨', 'max_combo_prob': 0.055, 'est_top_odds': 24.3, 'circle_concentration': 55.1, 'eligible_count': 8, 'bet_adj': 2, 'reason': 'rel_win1=57.7%（本命度） / 最有力組み合わせ確率: 0.055（推定実オッズ?24倍） / 2着集中度: 上位2艇 55.1%（補正+0.00） / 総合判定確率: 0.055 / → ヒモ分散。1号艇1着固定で広めのヒモ流し推奨（買い目+2点）', 'tenji_trigger': '展示確認: ヒモ分散レース。1号艇伸び確認後、広めのヒモ流しを採用。穴ヒモ（5・6号艇）を積極的に含める。'}",,,30.1,逃げ狙い,26.52,26.9,4,,,,,0,0,0.7559,0,,逃げ軸流し,A
2025-08-13,丸亀,12,2,倉富大誠,B1,28.50,2,,9.5653,21,100,55.6,0.1942,4.1944,,,0,低,133,0,差0% ま0%,121 61,0,59,0.9081,0,0.0476,0.1429,0,0,0.25,0.225,0.05,,,D,,,0.0722,0.5365,,0.5058,A,77,0,◎-○軸 3着3〜4艇流し（10〜15点）,0.5777,"{'is_target': True, 'verdict': '参加推奨', 'max_combo_prob': 0.055, 'est_top_odds': 24.3, 'circle_concentration': 55.1, 'eligible_count': 8, 'bet_adj': 2, 'reason': 'rel_win1=57.7%（本命度） / 最有力組み合わせ確率: 0.055（推定実オッズ?24倍） / 2着集中度: 上位2艇 55.1%（補正+0.00） / 総合判定確率: 0.055 / → ヒモ分散。1号艇1着固定で広めのヒモ流し推奨（買い目+2点）', 'tenji_trigger': '展示確認: ヒモ分散レース。1号艇伸び確認後、広めのヒモ流しを採用。穴ヒモ（5・6号艇）を積極的に含める。'}",,,30.1,逃げ狙い,26.52,26.9,4,,,,,,,,,,,
2025-08-13,丸亀,12,3,石田貴洋,B1,36.07,3,▲,9.2233,30.5,73,64.8,0.1344,2.7222,,,0,低,85,0,-,2 3331,0,24.7,0.7913,0,0,0.15,0,0,0.0364,0.1745,0.0909,,◎,B,,,0.4279,0.616,,0.5058,A,77,0,◎-○軸 3着3〜4艇流し（10〜15点）,0.5777,"{'is_target': True, 'verdict': '参加推奨', 'max_combo_prob': 0.055, 'est_top_odds': 24.3, 'circle_concentration': 55.1, 'eligible_count': 8, 'bet_adj': 2, 'reason': 'rel_win1=57.7%（本命度） / 最有力組み合わせ確率: 0.055（推定実オッズ?24倍） / 2着集中度: 上位2艇 55.1%（補正+0.00） / 総合判定確率: 0.055 / → ヒモ分散。1号艇1着固定で広めのヒモ流し推奨（買い目+2点）', 'tenji_trigger': '展示確認: ヒモ分散レース。1号艇伸び確認後、広めのヒモ流しを採用。穴ヒモ（5・6号艇）を積極的に含める。'}",,,30.1,逃げ狙い,26.52,26.9,4,,,,,,,,,,,
2025-08-13,丸亀,12,4,中村日向,A1,30.94,4,△,15.2525,24.7,76,79.3,0.1483,2.8103,,,0,低,40,0,差0% ま0% 差ま0% 抜0%,351132,0,84.9,1.7202,0,0.0909,0.0909,0.2727,0.1818,0.1538,0.0769,0,,,D,△,◎,0.3756,0.645,0.4823,0.5058,A,77,0,◎-○軸 3着3〜4艇流し（10〜15点）,0.5777,"{'is_target': True, 'verdict': '参加推奨', 'max_combo_prob': 0.055, 'est_top_odds': 24.3, 'circle_concentration': 55.1, 'eligible_count': 8, 'bet_adj': 2, 'reason': 'rel_win1=57.7%（本命度） / 最有力組み合わせ確率: 0.055（推定実オッズ?24倍） / 2着集中度: 上位2艇 55.1%（補正+0.00） / 総合判定確率: 0.055 / → ヒモ分散。1号艇1着固定で広めのヒモ流し推奨（買い目+2点）', 'tenji_trigger': '展示確認: ヒモ分散レース。1号艇伸び確認後、広めのヒモ流しを採用。穴ヒモ（5・6号艇）を積極的に含める。'}",,,30.1,逃げ狙い,26.52,26.9,4,,,,,,,,,,,
2025-08-13,丸亀,12,5,高橋竜矢,A1,46.48,5,○,3.3518,16.5,60,48.3,0.1331,3.0172,,,0,低,31,0,-,361222,0,32.5,1.2681,,,,,,0,0.0417,0.0833,,,A,△,,0.3846,0.6585,,0.5058,A,77,0,◎-○軸 3着3〜4艇流し（10〜15点）,0.5777,"{'is_target': True, 'verdict': '参加推奨', 'max_combo_prob': 0.055, 'est_top_odds': 24.3, 'circle_concentration': 55.1, 'eligible_count': 8, 'bet_adj': 2, 'reason': 'rel_win1=57.7%（本命度） / 最有力組み合わせ確率: 0.055（推定実オッズ?24倍） / 2着集中度: 上位2艇 55.1%（補正+0.00） / 総合判定確率: 0.055 / → ヒモ分散。1号艇1着固定で広めのヒモ流し推奨（買い目+2点）', 'tenji_trigger': '展示確認: ヒモ分散レース。1号艇伸び確認後、広めのヒモ流しを採用。穴ヒモ（5・6号艇）を積極的に含める。'}",,,30.1,逃げ狙い,26.52,26.9,4,,,,,,,,,,,
2025-08-13,丸亀,12,6,佐藤隆太,A1,27.06,6,,4.8926,7.4,84,54.3,0.1586,3.6429,,,0,低,32,0,-,315412,0,100,2.1497,,,,,,0.0833,0.0833,0,,,E,○,,0.3071,0.6665,,0.5058,A,77,0,◎-○軸 3着3〜4艇流し（10〜15点）,0.5777,"{'is_target': True, 'verdict': '参加推奨', 'max_combo_prob': 0.055, 'est_top_odds': 24.3, 'circle_concentration': 55.1, 'eligible_count': 8, 'bet_adj': 2, 'reason': 'rel_win1=57.7%（本命度） / 最有力組み合わせ確率: 0.055（推定実オッズ?24倍） / 2着集中度: 上位2艇 55.1%（補正+0.00） / 総合判定確率: 0.055 / → ヒモ分散。1号艇1着固定で広めのヒモ流し推奨（買い目+2点）', 'tenji_trigger': '展示確認: ヒモ分散レース。1号艇伸び確認後、広めのヒモ流しを採用。穴ヒモ（5・6号艇）を積極的に含める。'}",,,30.1,逃げ狙い,26.52,26.9,4,,,,,,,,,,,
2025-08-17,丸亀,1,1,上田隆章,B1,36.84,1,◎,62.2869,,0,72,0.1642,3.81,,,0,低,192,0,逃0%,,0,95.4,1.3335,0.35,,,,,0.3,0.22,0.1,○,,C,,,,0.5515,,0.3633,A,65,0,◎-○軸 3着3〜4艇流し（10〜15点）,0.5777,"{'is_target': True, 'verdict': '点数絞り', 'max_combo_prob': 0.0856, 'est_top_odds': 15.6, 'circle_concentration': 74.7, 'eligible_count': 8, 'bet_adj': 0, 'reason': 'rel_win1=62.3%（本命度） / 最有力組み合わせ確率: 0.086（推定実オッズ?16倍） / 2着集中度: 上位2艇 74.7%（補正+0.04） / 総合判定確率: 0.126 / → ヒモはやや固め。上位2艇以外を切ること', 'tenji_trigger': '展示確認: 1号艇伸び良→そのまま採用。悪→飛び組に差し替え。circle_pct上位2艇に絞り込むこと。'}",,,29.7,逃げ狙い,11.32,38.7,5,,,,,0,0,0.6155,0,,逃げ軸流し,A
2025-08-17,丸亀,1,2,大廣咲季,B1,34.82,2,▲,7.9922,34.8,97,25,0.1567,3.6875,,,0,低,81,0,-,,0,19,0.5462,,,,,,0.3333,0.3333,0,,◎,C,,,0.4475,0.543,,0.3633,A,65,0,◎-○軸 3着3〜4艇流し（10〜15点）,0.5777,"{'is_target': True, 'verdict': '点数絞り', 'max_combo_prob': 0.0856, 'est_top_odds': 15.6, 'circle_concentration': 74.7, 'eligible_count': 8, 'bet_adj': 0, 'reason': 'rel_win1=62.3%（本命度） / 最有力組み合わせ確率: 0.086（推定実オッズ?16倍） / 2着集中度: 上位2艇 74.7%（補正+0.04） / 総合判定確率: 0.126 / → ヒモはやや固め。上位2艇以外を切ること', 'tenji_trigger': '展示確認: 1号艇伸び良→そのまま採用。悪→飛び組に差し替え。circle_pct上位2艇に絞り込むこと。'}",,,29.7,逃げ狙い,11.32,38.7,5,,,,,,,,,,,
2025-08-17,丸亀,1,3,川上清人,B1,37.67,3,○,10.5757,40,100,49.1,0.1642,3.7273,,,0,低,150,0,-,,0,58.3,0.6512,0,0,0.0952,0,0,0.3733,0.0381,0.1962,,,B,△,,0.3335,0.595,,0.3633,A,65,0,◎-○軸 3着3〜4艇流し（10〜15点）,0.5777,"{'is_target': True, 'verdict': '点数絞り', 'max_combo_prob': 0.0856, 'est_top_odds': 15.6, 'circle_concentration': 74.7, 'eligible_count': 8, 'bet_adj': 0, 'reason': 'rel_win1=62.3%（本命度） / 最有力組み合わせ確率: 0.086（推定実オッズ?16倍） / 2着集中度: 上位2艇 74.7%（補正+0.04） / 総合判定確率: 0.126 / → ヒモはやや固め。上位2艇以外を切ること', 'tenji_trigger': '展示確認: 1号艇伸び良→そのまま採用。悪→飛び組に差し替え。circle_pct上位2艇に絞り込むこと。'}",,,29.7,逃げ狙い,11.32,38.7,5,,,,,,,,,,,
2025-08-17,丸亀,1,4,吉永泰弘,B1,27.56,4,,7.2752,17.9,70,39.5,0.1784,3.6977,,,0,低,137,0,-,,0,36.5,0.8168,0,0,0,0.0556,0,0.2376,0.4541,0.0235,,,E,◎,,0.264,0.6525,,0.3633,A,65,0,◎-○軸 3着3〜4艇流し（10〜15点）,0.5777,"{'is_target': True, 'verdict': '点数絞り', 'max_combo_prob': 0.0856, 'est_top_odds': 15.6, 'circle_concentration': 74.7, 'eligible_count': 8, 'bet_adj': 0, 'reason': 'rel_win1=62.3%（本命度） / 最有力組み合わせ確率: 0.086（推定実オッズ?16倍） / 2着集中度: 上位2艇 74.7%（補正+0.04） / 総合判定確率: 0.126 / → ヒモはやや固め。上位2艇以外を切ること', 'tenji_trigger': '展示確認: 1号艇伸び良→そのまま採用。悪→飛び組に差し替え。circle_pct上位2艇に絞り込むこと。'}",,,29.7,逃げ狙い,11.32,38.7,5,,,,,,,,,,,
2025-08-17,丸亀,1,5,木村光宏,B1,32.14,5,,7.1591,6.5,76,21.2,0.1803,3.9848,,,0,低,99,0,-,,0,25.8,1.1536,,,,,,0.3952,0.3571,0.0571,,,D,△,,0.295,0.6335,,0.3633,A,65,0,◎-○軸 3着3〜4艇流し（10〜15点）,0.5777,"{'is_target': True, 'verdict': '点数絞り', 'max_combo_prob': 0.0856, 'est_top_odds': 15.6, 'circle_concentration': 74.7, 'eligible_count': 8, 'bet_adj': 0, 'reason': 'rel_win1=62.3%（本命度） / 最有力組み合わせ確率: 0.086（推定実オッズ?16倍） / 2着集中度: 上位2艇 74.7%（補正+0.04） / 総合判定確率: 0.126 / → ヒモはやや固め。上位2艇以外を切ること', 'tenji_trigger': '展示確認: 1号艇伸び良→そのまま採用。悪→飛び組に差し替え。circle_pct上位2艇に絞り込むこと。'}",,,29.7,逃げ狙い,11.32,38.7,5,,,,,,,,,,,
2025-08-17,丸亀,1,6,中岡健人,B2,39.01,6,△,4.7109,0.9,39,11.1,0.1969,4.7778,,,0,低,104,0,-,,0,77.6,1.6217,0,0.04,0,0,0,0.28,0.164,0.196,,,B,○,,0.2077,0.635,,0.3633,A,65,0,◎-○軸 3着3〜4艇流し（10〜15点）,0.5777,"{'is_target': True, 'verdict': '点数絞り', 'max_combo_prob': 0.0856, 'est_top_odds': 15.6, 'circle_concentration': 74.7, 'eligible_count': 8, 'bet_adj': 0, 'reason': 'rel_win1=62.3%（本命度） / 最有力組み合わせ確率: 0.086（推定実オッズ?16倍） / 2着集中度: 上位2艇 74.7%（補正+0.04） / 総合判定確率: 0.126 / → ヒモはやや固め。上位2艇以外を切ること', 'tenji_trigger': '展示確認: 1号艇伸び良→そのまま採用。悪→飛び組に差し替え。circle_pct上位2艇に絞り込むこと。'}",,,29.7,逃げ狙い,11.32,38.7,5,,,,,,,,,,,
2025-08-17,丸亀,2,1,三嶌ここ,B1,38.50,1,◎,56.2059,,0,71.4,0.1786,3.7143,,,0,低,114,1,逃0%,,0,41.5,0.9543,0.2857,,,,,0.0571,0.0571,0.3143,△⚠️,,B,,,,0.553,,0.2716,A,62,0,◎-○軸 3着3〜4艇流し（10〜15点）,0.5777,"{'is_target': True, 'verdict': '点数絞り', 'max_combo_prob': 0.1109, 'est_top_odds': 12.0, 'circle_concentration': 78.1, 'eligible_count': 8, 'bet_adj': 0, 'reason': 'rel_win1=56.2%（本命度） / 最有力組み合わせ確率: 0.111（推定実オッズ?12倍） / 2着集中度: 上位2艇 78.1%（補正+0.04） / 総合判定確率: 0.151 / → ヒモはやや固め。上位2艇以外を切ること', 'tenji_trigger': '展示確認: 1号艇伸び良→そのまま採用。悪→飛び組に差し替え。circle_pct上位2艇に絞り込むこと。'}",,,28.4,両建て推奨,16.79,30.4,3,2-3-4|2-3-6|2-3-5|2-4-6|2-4-5|2-6-4|2-6-5|1-2-4|1-2-5|1-5-4|1-4-5|1-5-2,2-3-4|2-3-6|2-3-5|2-4-6|2-4-5|2-6-4|2-6-5|1-2-4|1-2-5|1-5-4|1-4-5|1-5-2,2-3-4:1.32%|2-3-6:1.27%|2-3-5:1.2%|2-4-6:0.87%|2-4-5:0.82%|2-6-4:0.76%|2-6-5:0.69%|1-2-4:9.89%|1-2-5:7.78%|1-5-4:4.91%|1-4-5:3.73%|1-5-2:3.52%,2-3-4:B_main|2-3-6:B_main|2-3-5:B_main|2-4-6:B_main|2-4-5:B_main|2-6-4:B_main|2-6-5:B_main|1-2-4:A|1-2-5:A|1-5-4:A|1-4-5:A|1-5-2:A,12,12,0.4535,1,[!]見送り推奨（主役決まり手「まくり」― 逃げ劣勢レースで的中実績なし）,主役軸流し,B
2025-08-17,丸亀,2,2,下田哲也,B1,36.00,2,▲,9.3826,54.3,94,58.1,0.1685,3.6371,,,0,低,104,0,-,,0,37.6,1.2217,0,0,0.0526,0,0,0.3333,0.1667,0.25,,◎,C,△,,0.4072,0.615,,0.2716,A,62,0,◎-○軸 3着3〜4艇流し（10〜15点）,0.5777,"{'is_target': True, 'verdict': '点数絞り', 'max_combo_prob': 0.1109, 'est_top_odds': 12.0, 'circle_concentration': 78.1, 'eligible_count': 8, 'bet_adj': 0, 'reason': 'rel_win1=56.2%（本命度） / 最有力組み合わせ確率: 0.111（推定実オッズ?12倍） / 2着集中度: 上位2艇 78.1%（補正+0.04） / 総合判定確率: 0.151 / → ヒモはやや固め。上位2艇以外を切ること', 'tenji_trigger': '展示確認: 1号艇伸び良→そのまま採用。悪→飛び組に差し替え。circle_pct上位2艇に絞り込むこと。'}",,,28.4,両建て推奨,16.79,30.4,3,,,,,,,,,,,
2025-08-17,丸亀,2,3,大西隆洋,B1,33.48,3,△,9.1955,5.3,37,15.5,0.1947,4.181,,,0,低,103,0,-,,0,100,5.1792,,,,,,0.3077,0.0769,0.3077,,,C,△,,0.2331,0.6055,,0.2716,A,62,0,◎-○軸 3着3〜4艇流し（10〜15点）,0.5777,"{'is_target': True, 'verdict': '点数絞り', 'max_combo_prob': 0.1109, 'est_top_odds': 12.0, 'circle_concentration': 78.1, 'eligible_count': 8, 'bet_adj': 0, 'reason': 'rel_win1=56.2%（本命度） / 最有力組み合わせ確率: 0.111（推定実オッズ?12倍） / 2着集中度: 上位2艇 78.1%（補正+0.04） / 総合判定確率: 0.151 / → ヒモはやや固め。上位2艇以外を切ること', 'tenji_trigger': '展示確認: 1号艇伸び良→そのまま採用。悪→飛び組に差し替え。circle_pct上位2艇に絞り込むこと。'}",,,28.4,両建て推奨,16.79,30.4,3,,,,,,,,,,,
2025-08-17,丸亀,2,4,宮武英司,B1,44.34,4,○,13.2172,12.8,100,51,0.1514,3.2347,,,0,低,89,0,-,,0,85.9,1.793,0,0,0,0.0476,0,0.4889,0.0222,0.0222,,,A,◎,◎,0.3881,0.658,0.3662,0.2716,A,62,0,◎-○軸 3着3〜4艇流し（10〜15点）,0.5777,"{'is_target': True, 'verdict': '点数絞り', 'max_combo_prob': 0.1109, 'est_top_odds': 12.0, 'circle_concentration': 78.1, 'eligible_count': 8, 'bet_adj': 0, 'reason': 'rel_win1=56.2%（本命度） / 最有力組み合わせ確率: 0.111（推定実オッズ?12倍） / 2着集中度: 上位2艇 78.1%（補正+0.04） / 総合判定確率: 0.151 / → ヒモはやや固め。上位2艇以外を切ること', 'tenji_trigger': '展示確認: 1号艇伸び良→そのまま採用。悪→飛び組に差し替え。circle_pct上位2艇に絞り込むこと。'}",,,28.4,両建て推奨,16.79,30.4,3,,,,,,,,,,,
2025-08-17,丸亀,2,5,海野康志,A1,29.61,5,,10.8428,23.9,87,66.7,0.187,3.5455,,,0,低,38,0,ま0% 差ま0%,,0,94.2,1.9279,0,0,0.1333,0.1333,0,0,0.0387,0.2516,,,D,○,,0.2974,0.6265,,0.2716,A,62,0,◎-○軸 3着3〜4艇流し（10〜15点）,0.5777,"{'is_target': True, 'verdict': '点数絞り', 'max_combo_prob': 0.1109, 'est_top_odds': 12.0, 'circle_concentration': 78.1, 'eligible_count': 8, 'bet_adj': 0, 'reason': 'rel_win1=56.2%（本命度） / 最有力組み合わせ確率: 0.111（推定実オッズ?12倍） / 2着集中度: 上位2艇 78.1%（補正+0.04） / 総合判定確率: 0.151 / → ヒモはやや固め。上位2艇以外を切ること', 'tenji_trigger': '展示確認: 1号艇伸び良→そのまま採用。悪→飛び組に差し替え。circle_pct上位2艇に絞り込むこと。'}",,,28.4,両建て推奨,16.79,30.4,3,,,,,,,,,,,
2025-08-17,丸亀,2,6,山田理央,A2,29.49,6,,1.156,3.8,51,39.4,0.17,4.0606,,,0,低,62,0,-,,0,50,1.4164,,,,,,0.0444,0.1444,0.0222,,,E,,,0.336,0.6,,0.2716,A,62,0,◎-○軸 3着3〜4艇流し（10〜15点）,0.5777,"{'is_target': True, 'verdict': '点数絞り', 'max_combo_prob': 0.1109, 'est_top_odds': 12.0, 'circle_concentration': 78.1, 'eligible_count': 8, 'bet_adj': 0, 'reason': 'rel_win1=56.2%（本命度） / 最有力組み合わせ確率: 0.111（推定実オッズ?12倍） / 2着集中度: 上位2艇 78.1%（補正+0.04） / 総合判定確率: 0.151 / → ヒモはやや固め。上位2艇以外を切ること', 'tenji_trigger': '展示確認: 1号艇伸び良→そのまま採用。悪→飛び組に差し替え。circle_pct上位2艇に絞り込むこと。'}",,,28.4,両建て推奨,16.79,30.4,3,,,,,,,,,,,
2025-08-17,丸亀,3,1,門田　栞,B1,34.39,1,◎,45.9085,,0,67.7,0.1648,3.371,,,0,低,76,0,逃0%,,0,91.4,1.2369,0.4615,,,,,0.2308,0.3077,0,○,,D,,,,0.5145,,0.3688,B,56,0,◎○△フォーメーション（15〜20点）,0.5777,"{'is_target': True, 'verdict': '参加推奨', 'max_combo_prob': 0.0722, 'est_top_odds': 18.5, 'circle_concentration': 71.7, 'eligible_count': 9, 'bet_adj': 2, 'reason': 'rel_win1=45.9%（本命度） / 最有力組み合わせ確率: 0.072（推定実オッズ?18倍） / 2着集中度: 上位2艇 71.7%（補正+0.04） / 総合判定確率: 0.112 / → ヒモ分散。1号艇1着固定で広めのヒモ流し推奨（買い目+2点）', 'tenji_trigger': '展示確認: ヒモ分散レース。1号艇伸び確認後、広めのヒモ流しを採用。穴ヒモ（5・6号艇）を積極的に含める。'}",,,32.1,両建て推奨,21.01,37.3,4,,,,,0,0,0.6155,0,,主役軸流し,B
2025-08-17,丸亀,3,2,水谷理人,B1,38.36,2,△,15.0865,39.5,54,55.6,0.1592,3.4167,,,0,低,64,0,ま0%,,0,40.1,0.931,0,0.1,0.05,0,0,0.0533,0.28,0.0267,,△,C,,,0.3765,0.569,,0.3688,B,56,0,◎○△フォーメーション（15〜20点）,0.5777,"{'is_target': True, 'verdict': '参加推奨', 'max_combo_prob': 0.0722, 'est_top_odds': 18.5, 'circle_concentration': 71.7, 'eligible_count': 9, 'bet_adj': 2, 'reason': 'rel_win1=45.9%（本命度） / 最有力組み合わせ確率: 0.072（推定実オッズ?18倍） / 2着集中度: 上位2艇 71.7%（補正+0.04） / 総合判定確率: 0.112 / → ヒモ分散。1号艇1着固定で広めのヒモ流し推奨（買い目+2点）', 'tenji_trigger': '展示確認: ヒモ分散レース。1号艇伸び確認後、広めのヒモ流しを採用。穴ヒモ（5・6号艇）を積極的に含める。'}",,,32.1,両建て推奨,21.01,37.3,4,,,,,,,,,,,
2025-08-17,丸亀,3,3,秋山広一,A2,47.95,3,○,16.6431,32.2,69,64.7,0.1445,2.8529,,,0,低,90,0,差0%,,0,38.4,0.9677,0,0.0455,0,0.0455,0,0,0.168,0.168,,○,A,○,,0.3877,0.651,,0.3688,B,56,0,◎○△フォーメーション（15〜20点）,0.5777,"{'is_target': True, 'verdict': '参加推奨', 'max_combo_prob': 0.0722, 'est_top_odds': 18.5, 'circle_concentration': 71.7, 'eligible_count': 9, 'bet_adj': 2, 'reason': 'rel_win1=45.9%（本命度） / 最有力組み合わせ確率: 0.072（推定実オッズ?18倍） / 2着集中度: 上位2艇 71.7%（補正+0.04） / 総合判定確率: 0.112 / → ヒモ分散。1号艇1着固定で広めのヒモ流し推奨（買い目+2点）', 'tenji_trigger': '展示確認: ヒモ分散レース。1号艇伸び確認後、広めのヒモ流しを採用。穴ヒモ（5・6号艇）を積極的に含める。'}",,,32.1,両建て推奨,21.01,37.3,4,,,,,,,,,,,
2025-08-17,丸亀,3,4,中村晃朋,A1,41.44,4,▲,15.3094,16.9,100,63.9,0.1389,3.2917,,,0,低,56,0,差0%,,0,88.8,1.6251,0,0.1429,0,0,0,0.1745,0,0.1564,,◎,B,◎,◎,0.4053,0.678,0.4992,0.3688,B,56,0,◎○△フォーメーション（15〜20点）,0.5777,"{'is_target': True, 'verdict': '参加推奨', 'max_combo_prob': 0.0722, 'est_top_odds': 18.5, 'circle_concentration': 71.7, 'eligible_count': 9, 'bet_adj': 2, 'reason': 'rel_win1=45.9%（本命度） / 最有力組み合わせ確率: 0.072（推定実オッズ?18倍） / 2着集中度: 上位2艇 71.7%（補正+0.04） / 総合判定確率: 0.112 / → ヒモ分散。1号艇1着固定で広めのヒモ流し推奨（買い目+2点）', 'tenji_trigger': '展示確認: ヒモ分散レース。1号艇伸び確認後、広めのヒモ流しを採用。穴ヒモ（5・6号艇）を積極的に含める。'}",,,32.1,両建て推奨,21.01,37.3,4,,,,,,,,,,,
2025-08-17,丸亀,3,5,三嶌さら,B1,31.42,5,,4.9647,5.4,41,16.7,0.1812,4.381,,,0,低,82,0,-,,0,25.4,0.5986,,,,,,0,0.25,0,,,E,△,,0.2589,0.576,,0.3688,B,56,0,◎○△フォーメーション（15〜20点）,0.5777,"{'is_target': True, 'verdict': '参加推奨', 'max_combo_prob': 0.0722, 'est_top_odds': 18.5, 'circle_concentration': 71.7, 'eligible_count': 9, 'bet_adj': 2, 'reason': 'rel_win1=45.9%（本命度） / 最有力組み合わせ確率: 0.072（推定実オッズ?18倍） / 2着集中度: 上位2艇 71.7%（補正+0.04） / 総合判定確率: 0.112 / → ヒモ分散。1号艇1着固定で広めのヒモ流し推奨（買い目+2点）', 'tenji_trigger': '展示確認: ヒモ分散レース。1号艇伸び確認後、広めのヒモ流しを採用。穴ヒモ（5・6号艇）を積極的に含める。'}",,,32.1,両建て推奨,21.01,37.3,4,,,,,,,,,,,
2025-08-17,丸亀,3,6,田頭虎親,B1,40.45,6,,2.0878,6,41,22.2,0.2109,4.5741,,,0,低,121,0,差0%,,0,25.4,0.7686,0,0.0417,0,0,0,0.1,0.375,0.025,,,C,△,,0.1325,0.5945,,0.3688,B,56,0,◎○△フォーメーション（15〜20点）,0.5777,"{'is_target': True, 'verdict': '参加推奨', 'max_combo_prob': 0.0722, 'est_top_odds': 18.5, 'circle_concentration': 71.7, 'eligible_count': 9, 'bet_adj': 2, 'reason': 'rel_win1=45.9%（本命度） / 最有力組み合わせ確率: 0.072（推定実オッズ?18倍） / 2着集中度: 上位2艇 71.7%（補正+0.04） / 総合判定確率: 0.112 / → ヒモ分散。1号艇1着固定で広めのヒモ流し推奨（買い目+2点）', 'tenji_trigger': '展示確認: ヒモ分散レース。1号艇伸び確認後、広めのヒモ流しを採用。穴ヒモ（5・6号艇）を積極的に含める。'}",,,32.1,両建て推奨,21.01,37.3,4,,,,,,,,,,,
2025-08-17,丸亀,4,1,原村拓也,B1,31.22,1,◎,47.2923,,0,71.1,0.1676,3.6222,,,0,低,159,0,逃1%,,0,55.8,0.949,0.35,,,,,0.3114,0.1257,0.02,△,,D,△,,,0.5855,,0.3193,B,56,0,◎○△フォーメーション（15〜20点）,0.5777,"{'is_target': True, 'verdict': '参加推奨', 'max_combo_prob': 0.0675, 'est_top_odds': 19.8, 'circle_concentration': 69.7, 'eligible_count': 9, 'bet_adj': 2, 'reason': 'rel_win1=47.3%（本命度） / 最有力組み合わせ確率: 0.067（推定実オッズ?20倍） / 2着集中度: 上位2艇 69.7%（補正+0.00） / 総合判定確率: 0.067 / → ヒモ分散。1号艇1着固定で広めのヒモ流し推奨（買い目+2点）', 'tenji_trigger': '展示確認: ヒモ分散レース。1号艇伸び確認後、広めのヒモ流しを採用。穴ヒモ（5・6号艇）を積極的に含める。'}",,,30.5,両建て推奨,17.09,36,2,3-5-6|1-2-3|1-2-5|1-3-2|1-3-5|1-4-2,4-1-6|4-1-2|4-1-5|3-5-6|5-1-2|4-2-1|2-1-5|1-2-3|1-2-5|1-3-2|1-3-5|1-4-2,3-5-6:1.5%|1-2-3:6.66%|1-2-5:6.49%|1-3-2:4.94%|1-3-5:4.8%|1-4-2:3.08%,3-5-6:B_main|1-2-3:A|1-2-5:A|1-3-2:A|1-3-5:A|1-4-2:A,6,12,0.4535,1,[!]見送り推奨（主役決まり手「まくり」― 逃げ劣勢レースで的中実績なし）,荒れ広め,D
2025-08-17,丸亀,4,2,中田元泰,A1,29.55,2,,18.2863,44.9,92,71.7,0.1596,3.2717,,,0,低,90,0,-,,0,31.6,0.8707,0,0,0.0476,0,0,0.0323,0.1613,0,,○,D,◎,,0.4321,0.685,,0.3193,B,56,0,◎○△フォーメーション（15〜20点）,0.5777,"{'is_target': True, 'verdict': '参加推奨', 'max_combo_prob': 0.0675, 'est_top_odds': 19.8, 'circle_concentration': 69.7, 'eligible_count': 9, 'bet_adj': 2, 'reason': 'rel_win1=47.3%（本命度） / 最有力組み合わせ確率: 0.067（推定実オッズ?20倍） / 2着集中度: 上位2艇 69.7%（補正+0.00） / 総合判定確率: 0.067 / → ヒモ分散。1号艇1着固定で広めのヒモ流し推奨（買い目+2点）', 'tenji_trigger': '展示確認: ヒモ分散レース。1号艇伸び確認後、広めのヒモ流しを採用。穴ヒモ（5・6号艇）を積極的に含める。'}",,,30.5,両建て推奨,17.09,36,2,,,,,,,,,,,
2025-08-17,丸亀,4,3,古田祐貴,A2,33.18,3,▲,13.1603,24.7,94,60,0.1377,2.65,,,0,低,105,0,-,,0,37.1,1.0244,0,0.0323,0.0323,0.0323,0,0.2088,0.1971,0.1338,,◎,C,△,,0.4661,0.6265,,0.3193,B,56,0,◎○△フォーメーション（15〜20点）,0.5777,"{'is_target': True, 'verdict': '参加推奨', 'max_combo_prob': 0.0675, 'est_top_odds': 19.8, 'circle_concentration': 69.7, 'eligible_count': 9, 'bet_adj': 2, 'reason': 'rel_win1=47.3%（本命度） / 最有力組み合わせ確率: 0.067（推定実オッズ?20倍） / 2着集中度: 上位2艇 69.7%（補正+0.00） / 総合判定確率: 0.067 / → ヒモ分散。1号艇1着固定で広めのヒモ流し推奨（買い目+2点）', 'tenji_trigger': '展示確認: ヒモ分散レース。1号艇伸び確認後、広めのヒモ流しを採用。穴ヒモ（5・6号艇）を積極的に含める。'}",,,30.5,両建て推奨,17.09,36,2,,,,,,,,,,,
2025-08-17,丸亀,4,4,谷口佳蓮,B1,38.82,4,△,9.1824,10,61,10,0.1585,3.1,,,0,低,45,0,-,,0,25.2,0.717,0,0,0,0.0769,0,0.1091,0,0.2727,,,C,,,0.3476,0.5715,,0.3193,B,56,0,◎○△フォーメーション（15〜20点）,0.5777,"{'is_target': True, 'verdict': '参加推奨', 'max_combo_prob': 0.0675, 'est_top_odds': 19.8, 'circle_concentration': 69.7, 'eligible_count': 9, 'bet_adj': 2, 'reason': 'rel_win1=47.3%（本命度） / 最有力組み合わせ確率: 0.067（推定実オッズ?20倍） / 2着集中度: 上位2艇 69.7%（補正+0.00） / 総合判定確率: 0.067 / → ヒモ分散。1号艇1着固定で広めのヒモ流し推奨（買い目+2点）', 'tenji_trigger': '展示確認: ヒモ分散レース。1号艇伸び確認後、広めのヒモ流しを採用。穴ヒモ（5・6号艇）を積極的に含める。'}",,,30.5,両建て推奨,17.09,36,2,,,,,,,,,,,
2025-08-17,丸亀,4,5,西岡蒼志,B1,39.21,5,○,6.8191,12.1,60,34.6,0.1569,3.0962,,,0,低,79,0,-,,0,100,2.3267,0,0,0,0.0417,0,0,0.27,0,,,B,,,0.3358,0.528,,0.3193,B,56,0,◎○△フォーメーション（15〜20点）,0.5777,"{'is_target': True, 'verdict': '参加推奨', 'max_combo_prob': 0.0675, 'est_top_odds': 19.8, 'circle_concentration': 69.7, 'eligible_count': 9, 'bet_adj': 2, 'reason': 'rel_win1=47.3%（本命度） / 最有力組み合わせ確率: 0.067（推定実オッズ?20倍） / 2着集中度: 上位2艇 69.7%（補正+0.00） / 総合判定確率: 0.067 / → ヒモ分散。1号艇1着固定で広めのヒモ流し推奨（買い目+2点）', 'tenji_trigger': '展示確認: ヒモ分散レース。1号艇伸び確認後、広めのヒモ流しを採用。穴ヒモ（5・6号艇）を積極的に含める。'}",,,30.5,両建て推奨,17.09,36,2,,,,,,,,,,,
2025-08-17,丸亀,4,6,三嶌誠司,A1,39.82,6,,5.2595,8.2,100,51.4,0.1797,4.0286,,,0,低,84,0,-,,0,25.7,0.7417,0,0.0588,0,0,0,0.1235,0.1643,0.0959,,,B,○,,0.267,0.669,,0.3193,B,56,0,◎○△フォーメーション（15〜20点）,0.5777,"{'is_target': True, 'verdict': '参加推奨', 'max_combo_prob': 0.0675, 'est_top_odds': 19.8, 'circle_concentration': 69.7, 'eligible_count': 9, 'bet_adj': 2, 'reason': 'rel_win1=47.3%（本命度） / 最有力組み合わせ確率: 0.067（推定実オッズ?20倍） / 2着集中度: 上位2艇 69.7%（補正+0.00） / 総合判定確率: 0.067 / → ヒモ分散。1号艇1着固定で広めのヒモ流し推奨（買い目+2点）', 'tenji_trigger': '展示確認: ヒモ分散レース。1号艇伸び確認後、広めのヒモ流しを採用。穴ヒモ（5・6号艇）を積極的に含める。'}",,,30.5,両建て推奨,17.09,36,2,,,,,,,,,,,
2025-08-17,丸亀,5,1,妻鳥晋也,B1,31.74,1,▲,43.9614,,0,71,0.1787,4.3947,,,0,低,151,0,逃0%,,0,52.6,0.8341,0.25,,,,,0.25,0.21,0.23,,,D,△,,,0.601,,0.1769,B,45,0,◎○△フォーメーション（15〜20点）,0.5777,"{'is_target': False, 'verdict': '対象外', 'max_combo_prob': None, 'est_top_odds': None, 'circle_concentration': None, 'eligible_count': 0, 'bet_adj': 0, 'reason': '1号艇rel_win1 < 45%: 通常判定に委ねる', 'tenji_trigger': ''}",,,32,両建て推奨,20.09,37.8,4,2-1-4|2-1-3|2-1-6|2-3-1|2-6-1|2-3-4|2-6-4|1-2-4|1-2-6,2-1-4|2-1-3|2-1-6|2-3-1|2-6-1|2-3-4|2-6-4|1-2-4|5-1-6|1-2-6|5-6-1|6-1-4,2-1-4:2.12%|2-1-3:1.94%|2-1-6:1.03%|2-3-1:0.65%|2-6-1:0.43%|2-3-4:0.12%|2-6-4:0.08%|1-2-4:6.9%|1-2-6:5.38%,2-1-4:B_main|2-1-3:B_main|2-1-6:B_main|2-3-1:B_main|2-6-1:B_main|2-3-4:B_main|2-6-4:B_main|1-2-4:A|1-2-6:A,9,12,0.2915,1,[!]見送り推奨（主役決まり手「差し」― 逃げ劣勢レースで的中実績なし）,主役軸流し,B
2025-08-17,丸亀,5,2,石丸海渡,A1,33.64,2,○,16.4166,52.4,100,83.3,0.1231,2.2083,,,0,低,26,0,-,,0,26.2,0.7947,0,0.1053,0,0,0,0.0792,0.0125,0,,◎,B,◎,,0.6111,0.687,,0.1769,B,45,0,◎○△フォーメーション（15〜20点）,0.5777,"{'is_target': False, 'verdict': '対象外', 'max_combo_prob': None, 'est_top_odds': None, 'circle_concentration': None, 'eligible_count': 0, 'bet_adj': 0, 'reason': '1号艇rel_win1 < 45%: 通常判定に委ねる', 'tenji_trigger': ''}",,,32,両建て推奨,20.09,37.8,4,,,,,,,,,,,
2025-08-17,丸亀,5,3,越智照浩,B2,31.98,3,,7.5896,9.2,90,26.9,0.1806,3.7596,,,0,低,133,0,-,,0,59.3,1.1088,0,0.0323,0,0,0,0.2,0.35,0.05,,,D,,,0.3028,0.563,,0.1769,B,45,0,◎○△フォーメーション（15〜20点）,0.5777,"{'is_target': False, 'verdict': '対象外', 'max_combo_prob': None, 'est_top_odds': None, 'circle_concentration': None, 'eligible_count': 0, 'bet_adj': 0, 'reason': '1号艇rel_win1 < 45%: 通常判定に委ねる', 'tenji_trigger': ''}",,,32,両建て推奨,20.09,37.8,4,,,,,,,,,,,
2025-08-17,丸亀,5,4,川原祐明,A1,36.24,4,◎,24.639,27.1,81,66.1,0.1564,3.2768,,,0,低,110,0,-,,0,83.3,1.3715,0,0.037,0.037,0.1481,0.037,0.0276,0.1014,0.0138,,○,B,○,◎,0.4285,0.6185,0.4067,0.1769,B,45,0,◎○△フォーメーション（15〜20点）,0.5777,"{'is_target': False, 'verdict': '対象外', 'max_combo_prob': None, 'est_top_odds': None, 'circle_concentration': None, 'eligible_count': 0, 'bet_adj': 0, 'reason': '1号艇rel_win1 < 45%: 通常判定に委ねる', 'tenji_trigger': ''}",,,32,両建て推奨,20.09,37.8,4,,,,,,,,,,,
2025-08-17,丸亀,5,5,塩田雄一,B1,32.29,5,,4.659,7.9,44,27.9,0.1693,3.9262,,,0,低,147,0,-,,0,42.3,1.095,,,,,,0.4143,0.0952,0.2071,,,C,,,0.3719,0.5565,,0.1769,B,45,0,◎○△フォーメーション（15〜20点）,0.5777,"{'is_target': False, 'verdict': '対象外', 'max_combo_prob': None, 'est_top_odds': None, 'circle_concentration': None, 'eligible_count': 0, 'bet_adj': 0, 'reason': '1号艇rel_win1 < 45%: 通常判定に委ねる', 'tenji_trigger': ''}",,,32,両建て推奨,20.09,37.8,4,,,,,,,,,,,
2025-08-17,丸亀,5,6,西丸侑太,A2,33.48,6,△,2.7343,3.3,67,34.1,0.1627,4.0114,,,0,低,100,0,-,,0,81.7,1.4464,,,,,,0,0.1314,0.0429,,,C,△,,0.3924,0.6105,,0.1769,B,45,0,◎○△フォーメーション（15〜20点）,0.5777,"{'is_target': False, 'verdict': '対象外', 'max_combo_prob': None, 'est_top_odds': None, 'circle_concentration': None, 'eligible_count': 0, 'bet_adj': 0, 'reason': '1号艇rel_win1 < 45%: 通常判定に委ねる', 'tenji_trigger': ''}",,,32,両建て推奨,20.09,37.8,4,,,,,,,,,,,
2025-08-17,丸亀,6,1,宮崎　奨,A2,29.78,1,◎,55.5851,,0,95,0.1571,2.8625,,,0,低,134,0,逃1%,,0,67.4,1.0125,0.5429,,,,,0.0343,0.1571,0.2686,◎,,D,◎,,,0.658,,0.5623,S,81,0,◎1着固定 2-3着流し（5〜8点）,0.5777,"{'is_target': True, 'verdict': '点数絞り', 'max_combo_prob': 0.1114, 'est_top_odds': 12.0, 'circle_concentration': 82.8, 'eligible_count': 6, 'bet_adj': 0, 'reason': 'rel_win1=55.6%（本命度） / 最有力組み合わせ確率: 0.111（推定実オッズ?12倍） / 2着集中度: 上位2艇 82.8%（補正+0.04） / 総合判定確率: 0.151 / → ヒモはやや固め。上位2艇以外を切ること', 'tenji_trigger': '展示確認: 1号艇伸び良→そのまま採用。悪→飛び組に差し替え。circle_pct上位2艇に絞り込むこと。'}",,,28.1,逃げ狙い,15.65,30.4,2,,,,,0,0,0.7559,0,,逃げ軸流し,A
2025-08-17,丸亀,6,2,竹田和哉,A1,33.19,2,▲,18.1426,64.2,80,87.8,0.1616,3.2551,,,0,低,106,0,差0%,,0,92.6,1.1243,0,0.16,0.04,0,0.04,0.116,0.116,0,,,C,○,,0.2942,0.6415,,0.5623,S,81,0,◎1着固定 2-3着流し（5〜8点）,0.5777,"{'is_target': True, 'verdict': '点数絞り', 'max_combo_prob': 0.1114, 'est_top_odds': 12.0, 'circle_concentration': 82.8, 'eligible_count': 6, 'bet_adj': 0, 'reason': 'rel_win1=55.6%（本命度） / 最有力組み合わせ確率: 0.111（推定実オッズ?12倍） / 2着集中度: 上位2艇 82.8%（補正+0.04） / 総合判定確率: 0.151 / → ヒモはやや固め。上位2艇以外を切ること', 'tenji_trigger': '展示確認: 1号艇伸び良→そのまま採用。悪→飛び組に差し替え。circle_pct上位2艇に絞り込むこと。'}",,,28.1,逃げ狙い,15.65,30.4,2,,,,,,,,,,,
2025-08-17,丸亀,6,3,松下知幸,B1,32.30,3,△,11.3062,18.7,86,44.9,0.1477,2.9493,,,0,低,152,0,-,,0,90.1,1.8313,0,0.0303,0.0303,0.0909,0,0.2152,0.1581,0.1962,,◎,D,,,0.3569,0.5965,,0.5623,S,81,0,◎1着固定 2-3着流し（5〜8点）,0.5777,"{'is_target': True, 'verdict': '点数絞り', 'max_combo_prob': 0.1114, 'est_top_odds': 12.0, 'circle_concentration': 82.8, 'eligible_count': 6, 'bet_adj': 0, 'reason': 'rel_win1=55.6%（本命度） / 最有力組み合わせ確率: 0.111（推定実オッズ?12倍） / 2着集中度: 上位2艇 82.8%（補正+0.04） / 総合判定確率: 0.151 / → ヒモはやや固め。上位2艇以外を切ること', 'tenji_trigger': '展示確認: 1号艇伸び良→そのまま採用。悪→飛び組に差し替え。circle_pct上位2艇に絞り込むこと。'}",,,28.1,逃げ狙い,15.65,30.4,2,,,,,,,,,,,
2025-08-17,丸亀,6,4,中岡健人,B2,39.01,4,,4.7898,10.5,76,35.6,0.1754,3.5932,,,0,低,104,0,-,,0,80.2,1.5387,0,0,0.0312,0,0,0.28,0.164,0.196,,,B,△,,0.2343,0.635,,0.5623,S,81,0,◎1着固定 2-3着流し（5〜8点）,0.5777,"{'is_target': True, 'verdict': '点数絞り', 'max_combo_prob': 0.1114, 'est_top_odds': 12.0, 'circle_concentration': 82.8, 'eligible_count': 6, 'bet_adj': 0, 'reason': 'rel_win1=55.6%（本命度） / 最有力組み合わせ確率: 0.111（推定実オッズ?12倍） / 2着集中度: 上位2艇 82.8%（補正+0.04） / 総合判定確率: 0.151 / → ヒモはやや固め。上位2艇以外を切ること', 'tenji_trigger': '展示確認: 1号艇伸び良→そのまま採用。悪→飛び組に差し替え。circle_pct上位2艇に絞り込むこと。'}",,,28.1,逃げ狙い,15.65,30.4,2,,,,,,,,,,,
2025-08-17,丸亀,6,5,嶋田貴支,B1,34.10,5,,4.962,2.5,58,21.1,0.1765,3.7885,,,0,低,134,0,差ま0%,,0,33.8,0.7395,0,0.037,0,0.037,0,0.0174,0.0522,0.1174,,,C,△,,0.2456,0.6045,,0.5623,S,81,0,◎1着固定 2-3着流し（5〜8点）,0.5777,"{'is_target': True, 'verdict': '点数絞り', 'max_combo_prob': 0.1114, 'est_top_odds': 12.0, 'circle_concentration': 82.8, 'eligible_count': 6, 'bet_adj': 0, 'reason': 'rel_win1=55.6%（本命度） / 最有力組み合わせ確率: 0.111（推定実オッズ?12倍） / 2着集中度: 上位2艇 82.8%（補正+0.04） / 総合判定確率: 0.151 / → ヒモはやや固め。上位2艇以外を切ること', 'tenji_trigger': '展示確認: 1号艇伸び良→そのまま採用。悪→飛び組に差し替え。circle_pct上位2艇に絞り込むこと。'}",,,28.1,逃げ狙い,15.65,30.4,2,,,,,,,,,,,
2025-08-17,丸亀,6,6,近江翔吾,A1,46.82,6,○,5.2143,4.2,100,50,0.1671,3.5882,,,0,低,52,0,-,,0,49,1.8453,0,0,0.0526,0,0,0.0811,0.0541,0.027,,,A,○,,0.2823,0.6415,,0.5623,S,81,0,◎1着固定 2-3着流し（5〜8点）,0.5777,"{'is_target': True, 'verdict': '点数絞り', 'max_combo_prob': 0.1114, 'est_top_odds': 12.0, 'circle_concentration': 82.8, 'eligible_count': 6, 'bet_adj': 0, 'reason': 'rel_win1=55.6%（本命度） / 最有力組み合わせ確率: 0.111（推定実オッズ?12倍） / 2着集中度: 上位2艇 82.8%（補正+0.04） / 総合判定確率: 0.151 / → ヒモはやや固め。上位2艇以外を切ること', 'tenji_trigger': '展示確認: 1号艇伸び良→そのまま採用。悪→飛び組に差し替え。circle_pct上位2艇に絞り込むこと。'}",,,28.1,逃げ狙い,15.65,30.4,2,,,,,,,,,,,
2025-08-17,丸亀,7,1,嶋　義信,A2,40.74,1,◎,56.1459,,0,85.7,0.1239,2.5,,,0,低,90,0,逃1%,,0,84.6,1.0497,0.5312,,,,,0.125,0.15,0.1875,◎,,B,,,,0.632,,0.5442,S,90,0,◎1着固定 2-3着流し（5〜8点）,0.5777,"{'is_target': True, 'verdict': '点数絞り', 'max_combo_prob': 0.0931, 'est_top_odds': 14.3, 'circle_concentration': 70.6, 'eligible_count': 6, 'bet_adj': 0, 'reason': 'rel_win1=56.1%（本命度） / 最有力組み合わせ確率: 0.093（推定実オッズ?14倍） / 2着集中度: 上位2艇 70.6%（補正+0.04） / 総合判定確率: 0.133 / → ヒモはやや固め。上位2艇以外を切ること', 'tenji_trigger': '展示確認: 1号艇伸び良→そのまま採用。悪→飛び組に差し替え。circle_pct上位2艇に絞り込むこと。\n展示で1号艇スタート超安定(0.124秒)→ヒモ固まり方向に注意'}",,,29.2,逃げ狙い,18.86,30.8,3,,,,,0,0,0.7559,0,,逃げ軸流し,A
2025-08-17,丸亀,7,2,宮武英司,B1,44.34,2,○,8.6633,48.6,65,67.3,0.1471,3.1455,,,0,低,89,0,-,,0,34.1,0.7359,,,,,,0.4889,0.0222,0.0222,,,A,○,,0.1143,0.658,,0.5442,S,90,0,◎1着固定 2-3着流し（5〜8点）,0.5777,"{'is_target': True, 'verdict': '点数絞り', 'max_combo_prob': 0.0931, 'est_top_odds': 14.3, 'circle_concentration': 70.6, 'eligible_count': 6, 'bet_adj': 0, 'reason': 'rel_win1=56.1%（本命度） / 最有力組み合わせ確率: 0.093（推定実オッズ?14倍） / 2着集中度: 上位2艇 70.6%（補正+0.04） / 総合判定確率: 0.133 / → ヒモはやや固め。上位2艇以外を切ること', 'tenji_trigger': '展示確認: 1号艇伸び良→そのまま採用。悪→飛び組に差し替え。circle_pct上位2艇に絞り込むこと。\n展示で1号艇スタート超安定(0.124秒)→ヒモ固まり方向に注意'}",,,29.2,逃げ狙い,18.86,30.8,3,,,,,,,,,,,
2025-08-17,丸亀,7,3,中岡正彦,A1,31.53,3,▲,18.5831,22,66,63.8,0.1291,2.4574,,,0,低,42,0,ま1%,,0,54.6,1.1729,0,0,0.4762,0,0,0.1103,0,0.0588,,◎,D,△,,0.3936,0.649,,0.5442,S,90,0,◎1着固定 2-3着流し（5〜8点）,0.5777,"{'is_target': True, 'verdict': '点数絞り', 'max_combo_prob': 0.0931, 'est_top_odds': 14.3, 'circle_concentration': 70.6, 'eligible_count': 6, 'bet_adj': 0, 'reason': 'rel_win1=56.1%（本命度） / 最有力組み合わせ確率: 0.093（推定実オッズ?14倍） / 2着集中度: 上位2艇 70.6%（補正+0.04） / 総合判定確率: 0.133 / → ヒモはやや固め。上位2艇以外を切ること', 'tenji_trigger': '展示確認: 1号艇伸び良→そのまま採用。悪→飛び組に差し替え。circle_pct上位2艇に絞り込むこと。\n展示で1号艇スタート超安定(0.124秒)→ヒモ固まり方向に注意'}",,,29.2,逃げ狙い,18.86,30.8,3,,,,,,,,,,,
2025-08-17,丸亀,7,4,田頭虎親,B1,40.45,4,△,11.0224,13.8,100,58.5,0.1629,3.2195,,,0,低,121,0,差0% ま0%,,0,57,1.0845,0,0.0556,0.1111,0,0,0.1,0.375,0.025,,,C,,◎,0.1627,0.5945,0.3134,0.5442,S,90,0,◎1着固定 2-3着流し（5〜8点）,0.5777,"{'is_target': True, 'verdict': '点数絞り', 'max_combo_prob': 0.0931, 'est_top_odds': 14.3, 'circle_concentration': 70.6, 'eligible_count': 6, 'bet_adj': 0, 'reason': 'rel_win1=56.1%（本命度） / 最有力組み合わせ確率: 0.093（推定実オッズ?14倍） / 2着集中度: 上位2艇 70.6%（補正+0.04） / 総合判定確率: 0.133 / → ヒモはやや固め。上位2艇以外を切ること', 'tenji_trigger': '展示確認: 1号艇伸び良→そのまま採用。悪→飛び組に差し替え。circle_pct上位2艇に絞り込むこと。\n展示で1号艇スタート超安定(0.124秒)→ヒモ固まり方向に注意'}",,,29.2,逃げ狙い,18.86,30.8,3,,,,,,,,,,,
2025-08-17,丸亀,7,5,森高一真,A1,26.61,5,,4.1391,13.9,80,64.3,0.1493,3.2857,,,0,低,28,1,-,,0,24.5,0.7831,0,0,0,0.0571,0,0,0.1667,0.3333,,,E,◎,,0.2268,0.685,,0.5442,S,90,0,◎1着固定 2-3着流し（5〜8点）,0.5777,"{'is_target': True, 'verdict': '点数絞り', 'max_combo_prob': 0.0931, 'est_top_odds': 14.3, 'circle_concentration': 70.6, 'eligible_count': 6, 'bet_adj': 0, 'reason': 'rel_win1=56.1%（本命度） / 最有力組み合わせ確率: 0.093（推定実オッズ?14倍） / 2着集中度: 上位2艇 70.6%（補正+0.04） / 総合判定確率: 0.133 / → ヒモはやや固め。上位2艇以外を切ること', 'tenji_trigger': '展示確認: 1号艇伸び良→そのまま採用。悪→飛び組に差し替え。circle_pct上位2艇に絞り込むこと。\n展示で1号艇スタート超安定(0.124秒)→ヒモ固まり方向に注意'}",,,29.2,逃げ狙い,18.86,30.8,3,,,,,,,,,,,
2025-08-17,丸亀,7,6,木村光宏,B1,32.14,6,,1.4462,1.7,47,23.8,0.1876,4.2619,,,0,低,99,0,-,,0,27.6,0.745,,,,,,0.3952,0.3571,0.0571,,,D,△,,0.1607,0.6335,,0.5442,S,90,0,◎1着固定 2-3着流し（5〜8点）,0.5777,"{'is_target': True, 'verdict': '点数絞り', 'max_combo_prob': 0.0931, 'est_top_odds': 14.3, 'circle_concentration': 70.6, 'eligible_count': 6, 'bet_adj': 0, 'reason': 'rel_win1=56.1%（本命度） / 最有力組み合わせ確率: 0.093（推定実オッズ?14倍） / 2着集中度: 上位2艇 70.6%（補正+0.04） / 総合判定確率: 0.133 / → ヒモはやや固め。上位2艇以外を切ること', 'tenji_trigger': '展示確認: 1号艇伸び良→そのまま採用。悪→飛び組に差し替え。circle_pct上位2艇に絞り込むこと。\n展示で1号艇スタート超安定(0.124秒)→ヒモ固まり方向に注意'}",,,29.2,逃げ狙い,18.86,30.8,3,,,,,,,,,,,
2025-08-17,丸亀,8,1,西岡顕心,A1,41.18,1,◎,74.6358,,0,88.2,0.1341,3.1471,,,0,低,55,0,逃1%,,0,71.8,1.0154,0.8571,,,,,0,0.0714,0,◎,,B,○,,,0.6245,,0.6357,S,84,0,◎1着固定 2-3着流し（5〜8点）,0.5777,"{'is_target': True, 'verdict': '点数絞り', 'max_combo_prob': 0.1724, 'est_top_odds': 7.7, 'circle_concentration': 70.9, 'eligible_count': 6, 'bet_adj': 0, 'reason': 'rel_win1=74.6%（本命度） / 最有力組み合わせ確率: 0.172（推定実オッズ?8倍） / 2着集中度: 上位2艇 70.9%（補正+0.04） / 総合判定確率: 0.212 / → ヒモはやや固め。上位2艇以外を切ること', 'tenji_trigger': '展示確認: 1号艇伸び良→そのまま採用。悪→飛び組に差し替え。circle_pct上位2艇に絞り込むこと。\n展示で1号艇スタート超安定(0.134秒)→ヒモ固まり方向に注意'}",,,23.7,逃げ狙い,9.88,22.9,2,,,,,0,0,0.7559,0,,逃げ軸流し,A
2025-08-17,丸亀,8,2,松尾　祭,A2,42.73,2,○,11.7506,46.9,72,76.7,0.163,3.6,,,0,低,144,0,-,,0,46.1,1.0236,0,0.1613,0.0323,0,0,0.1086,0.0654,0.2501,,,A,△,,0.0847,0.6215,,0.6357,S,84,0,◎1着固定 2-3着流し（5〜8点）,0.5777,"{'is_target': True, 'verdict': '点数絞り', 'max_combo_prob': 0.1724, 'est_top_odds': 7.7, 'circle_concentration': 70.9, 'eligible_count': 6, 'bet_adj': 0, 'reason': 'rel_win1=74.6%（本命度） / 最有力組み合わせ確率: 0.172（推定実オッズ?8倍） / 2着集中度: 上位2艇 70.9%（補正+0.04） / 総合判定確率: 0.212 / → ヒモはやや固め。上位2艇以外を切ること', 'tenji_trigger': '展示確認: 1号艇伸び良→そのまま採用。悪→飛び組に差し替え。circle_pct上位2艇に絞り込むこと。\n展示で1号艇スタート超安定(0.134秒)→ヒモ固まり方向に注意'}",,,23.7,逃げ狙い,9.88,22.9,2,,,,,,,,,,,
2025-08-17,丸亀,8,3,下田哲也,B1,36.00,3,▲,4.7199,24,61,53.4,0.1543,3.4138,,,0,低,104,0,差ま0%,,0,22.2,0.696,0,0,0,0.0526,0,0.3333,0.1667,0.25,,,C,△,,0.1831,0.615,,0.6357,S,84,0,◎1着固定 2-3着流し（5〜8点）,0.5777,"{'is_target': True, 'verdict': '点数絞り', 'max_combo_prob': 0.1724, 'est_top_odds': 7.7, 'circle_concentration': 70.9, 'eligible_count': 6, 'bet_adj': 0, 'reason': 'rel_win1=74.6%（本命度） / 最有力組み合わせ確率: 0.172（推定実オッズ?8倍） / 2着集中度: 上位2艇 70.9%（補正+0.04） / 総合判定確率: 0.212 / → ヒモはやや固め。上位2艇以外を切ること', 'tenji_trigger': '展示確認: 1号艇伸び良→そのまま採用。悪→飛び組に差し替え。circle_pct上位2艇に絞り込むこと。\n展示で1号艇スタート超安定(0.134秒)→ヒモ固まり方向に注意'}",,,23.7,逃げ狙い,9.88,22.9,2,,,,,,,,,,,
2025-08-17,丸亀,8,4,木谷賢太,A2,27.06,4,,4.9421,16.5,100,66.7,0.1559,3.5926,,,0,低,107,0,-,,0,27.4,0.6887,0,0.0385,0,0.0385,0,0.0343,0.0114,0.1957,,,E,◎,,0.1991,0.663,,0.6357,S,84,0,◎1着固定 2-3着流し（5〜8点）,0.5777,"{'is_target': True, 'verdict': '点数絞り', 'max_combo_prob': 0.1724, 'est_top_odds': 7.7, 'circle_concentration': 70.9, 'eligible_count': 6, 'bet_adj': 0, 'reason': 'rel_win1=74.6%（本命度） / 最有力組み合わせ確率: 0.172（推定実オッズ?8倍） / 2着集中度: 上位2艇 70.9%（補正+0.04） / 総合判定確率: 0.212 / → ヒモはやや固め。上位2艇以外を切ること', 'tenji_trigger': '展示確認: 1号艇伸び良→そのまま採用。悪→飛び組に差し替え。circle_pct上位2艇に絞り込むこと。\n展示で1号艇スタート超安定(0.134秒)→ヒモ固まり方向に注意'}",,,23.7,逃げ狙い,9.88,22.9,2,,,,,,,,,,,
2025-08-17,丸亀,8,5,川上清人,B1,37.67,5,△,3.0104,11.2,34,28.6,0.1776,3.7222,,,0,低,150,0,-,,0,91.6,1.6693,,,,,,0.3733,0.0381,0.1962,,,C,,,0.1752,0.595,,0.6357,S,84,0,◎1着固定 2-3着流し（5〜8点）,0.5777,"{'is_target': True, 'verdict': '点数絞り', 'max_combo_prob': 0.1724, 'est_top_odds': 7.7, 'circle_concentration': 70.9, 'eligible_count': 6, 'bet_adj': 0, 'reason': 'rel_win1=74.6%（本命度） / 最有力組み合わせ確率: 0.172（推定実オッズ?8倍） / 2着集中度: 上位2艇 70.9%（補正+0.04） / 総合判定確率: 0.212 / → ヒモはやや固め。上位2艇以外を切ること', 'tenji_trigger': '展示確認: 1号艇伸び良→そのまま採用。悪→飛び組に差し替え。circle_pct上位2艇に絞り込むこと。\n展示で1号艇スタート超安定(0.134秒)→ヒモ固まり方向に注意'}",,,23.7,逃げ狙い,9.88,22.9,2,,,,,,,,,,,
2025-08-17,丸亀,8,6,三嶌さら,B1,31.42,6,,0.9412,1.4,8,3,0.1863,4.0152,,,0,低,82,0,-,,0,23.5,0.6217,,,,,,0,0.25,0,,,D,,,0.1439,0.576,,0.6357,S,84,0,◎1着固定 2-3着流し（5〜8点）,0.5777,"{'is_target': True, 'verdict': '点数絞り', 'max_combo_prob': 0.1724, 'est_top_odds': 7.7, 'circle_concentration': 70.9, 'eligible_count': 6, 'bet_adj': 0, 'reason': 'rel_win1=74.6%（本命度） / 最有力組み合わせ確率: 0.172（推定実オッズ?8倍） / 2着集中度: 上位2艇 70.9%（補正+0.04） / 総合判定確率: 0.212 / → ヒモはやや固め。上位2艇以外を切ること', 'tenji_trigger': '展示確認: 1号艇伸び良→そのまま採用。悪→飛び組に差し替え。circle_pct上位2艇に絞り込むこと。\n展示で1号艇スタート超安定(0.134秒)→ヒモ固まり方向に注意'}",,,23.7,逃げ狙い,9.88,22.9,2,,,,,,,,,,,
2025-08-17,丸亀,9,1,平高奈菜,A1,46.98,1,◎,66.7791,,0,94.3,0.1354,2.7286,,,0,低,46,0,逃1%,,0,73,1.0431,0.6,,,,,0.2,0,0.1333,◎,,A,◎,,,0.6215,,0.6017,S,90,0,◎1着固定 2-3着流し（5〜8点）,0.5777,"{'is_target': True, 'verdict': '点数絞り', 'max_combo_prob': 0.1088, 'est_top_odds': 12.3, 'circle_concentration': 80.1, 'eligible_count': 6, 'bet_adj': 0, 'reason': 'rel_win1=66.8%（本命度） / 最有力組み合わせ確率: 0.109（推定実オッズ?12倍） / 2着集中度: 上位2艇 80.1%（補正+0.04） / 総合判定確率: 0.149 / → ヒモはやや固め。上位2艇以外を切ること', 'tenji_trigger': '展示確認: 1号艇伸び良→そのまま採用。悪→飛び組に差し替え。circle_pct上位2艇に絞り込むこと。\n展示で1号艇スタート超安定(0.135秒)→ヒモ固まり方向に注意'}",,,28.1,逃げ狙い,17.85,28.5,2,,,,,0,0,0.7559,0,,逃げ軸流し,A
2025-08-17,丸亀,9,2,中村桃佳,B1,39.25,2,○,16.5952,47.3,93,72.7,0.1514,2.7273,,,0,低,41,0,差1%,,0,73.2,1.4179,0,0.2353,0.0588,0,0.0588,0.0471,0.0706,0.2706,,,B,○,,0.1913,0.6205,,0.6017,S,90,0,◎1着固定 2-3着流し（5〜8点）,0.5777,"{'is_target': True, 'verdict': '点数絞り', 'max_combo_prob': 0.1088, 'est_top_odds': 12.3, 'circle_concentration': 80.1, 'eligible_count': 6, 'bet_adj': 0, 'reason': 'rel_win1=66.8%（本命度） / 最有力組み合わせ確率: 0.109（推定実オッズ?12倍） / 2着集中度: 上位2艇 80.1%（補正+0.04） / 総合判定確率: 0.149 / → ヒモはやや固め。上位2艇以外を切ること', 'tenji_trigger': '展示確認: 1号艇伸び良→そのまま採用。悪→飛び組に差し替え。circle_pct上位2艇に絞り込むこと。\n展示で1号艇スタート超安定(0.135秒)→ヒモ固まり方向に注意'}",,,28.1,逃げ狙い,17.85,28.5,2,,,,,,,,,,,
2025-08-17,丸亀,9,3,山田理央,A2,29.49,3,▲,5.9759,32.9,84,56.8,0.1295,2.4054,,,0,低,62,0,-,,0,61.8,1.3673,,,,,,0.0444,0.1444,0.0222,,,E,△,,0.3355,0.6,,0.6017,S,90,0,◎1着固定 2-3着流し（5〜8点）,0.5777,"{'is_target': True, 'verdict': '点数絞り', 'max_combo_prob': 0.1088, 'est_top_odds': 12.3, 'circle_concentration': 80.1, 'eligible_count': 6, 'bet_adj': 0, 'reason': 'rel_win1=66.8%（本命度） / 最有力組み合わせ確率: 0.109（推定実オッズ?12倍） / 2着集中度: 上位2艇 80.1%（補正+0.04） / 総合判定確率: 0.149 / → ヒモはやや固め。上位2艇以外を切ること', 'tenji_trigger': '展示確認: 1号艇伸び良→そのまま採用。悪→飛び組に差し替え。circle_pct上位2艇に絞り込むこと。\n展示で1号艇スタート超安定(0.135秒)→ヒモ固まり方向に注意'}",,,28.1,逃げ狙い,17.85,28.5,2,,,,,,,,,,,
2025-08-17,丸亀,9,4,門田　栞,B1,34.39,4,△,6.1782,12.8,100,42.9,0.15,3.5714,,,0,低,76,0,差ま0%,,0,92.7,0.7053,0,0,0,0.0667,0,0.2308,0.3077,0,,,D,,,0.2306,0.5145,,0.6017,S,90,0,◎1着固定 2-3着流し（5〜8点）,0.5777,"{'is_target': True, 'verdict': '点数絞り', 'max_combo_prob': 0.1088, 'est_top_odds': 12.3, 'circle_concentration': 80.1, 'eligible_count': 6, 'bet_adj': 0, 'reason': 'rel_win1=66.8%（本命度） / 最有力組み合わせ確率: 0.109（推定実オッズ?12倍） / 2着集中度: 上位2艇 80.1%（補正+0.04） / 総合判定確率: 0.149 / → ヒモはやや固め。上位2艇以外を切ること', 'tenji_trigger': '展示確認: 1号艇伸び良→そのまま採用。悪→飛び組に差し替え。circle_pct上位2艇に絞り込むこと。\n展示で1号艇スタート超安定(0.135秒)→ヒモ固まり方向に注意'}",,,28.1,逃げ狙い,17.85,28.5,2,,,,,,,,,,,
2025-08-17,丸亀,9,5,大廣咲季,B1,34.82,5,,3.0336,5.5,49,8,0.1836,4.02,,,0,低,81,0,-,,0,29.2,0.6224,0,0.0526,0,0,0,0.3333,0.3333,0,,,D,,,0.131,0.543,,0.6017,S,90,0,◎1着固定 2-3着流し（5〜8点）,0.5777,"{'is_target': True, 'verdict': '点数絞り', 'max_combo_prob': 0.1088, 'est_top_odds': 12.3, 'circle_concentration': 80.1, 'eligible_count': 6, 'bet_adj': 0, 'reason': 'rel_win1=66.8%（本命度） / 最有力組み合わせ確率: 0.109（推定実オッズ?12倍） / 2着集中度: 上位2艇 80.1%（補正+0.04） / 総合判定確率: 0.149 / → ヒモはやや固め。上位2艇以外を切ること', 'tenji_trigger': '展示確認: 1号艇伸び良→そのまま採用。悪→飛び組に差し替え。circle_pct上位2艇に絞り込むこと。\n展示で1号艇スタート超安定(0.135秒)→ヒモ固まり方向に注意'}",,,28.1,逃げ狙い,17.85,28.5,2,,,,,,,,,,,
2025-08-17,丸亀,9,6,谷口佳蓮,B1,38.82,6,,1.438,1.6,57,8.7,0.22,4.5435,,,0,低,45,0,-,,0,29.2,2.0553,,,,,,0.1091,0,0.2727,,,C,△,,0.1386,0.5715,,0.6017,S,90,0,◎1着固定 2-3着流し（5〜8点）,0.5777,"{'is_target': True, 'verdict': '点数絞り', 'max_combo_prob': 0.1088, 'est_top_odds': 12.3, 'circle_concentration': 80.1, 'eligible_count': 6, 'bet_adj': 0, 'reason': 'rel_win1=66.8%（本命度） / 最有力組み合わせ確率: 0.109（推定実オッズ?12倍） / 2着集中度: 上位2艇 80.1%（補正+0.04） / 総合判定確率: 0.149 / → ヒモはやや固め。上位2艇以外を切ること', 'tenji_trigger': '展示確認: 1号艇伸び良→そのまま採用。悪→飛び組に差し替え。circle_pct上位2艇に絞り込むこと。\n展示で1号艇スタート超安定(0.135秒)→ヒモ固まり方向に注意'}",,,28.1,逃げ狙い,17.85,28.5,2,,,,,,,,,,,
2025-08-17,丸亀,10,1,重成一人,A1,37.17,1,◎,57.0893,,0,89.3,0.1493,2.6875,,,0,低,51,0,逃1%,,0,57.6,0.9676,0.7,,,,,0.0533,0.2533,0.0133,◎,,B,△,,,0.6315,,0.4857,S,100,0,◎1着固定 2-3着流し（5〜8点）,0.5777,"{'is_target': True, 'verdict': '点数絞り', 'max_combo_prob': 0.089, 'est_top_odds': 15.0, 'circle_concentration': 81.3, 'eligible_count': 6, 'bet_adj': 0, 'reason': 'rel_win1=57.1%（本命度） / 最有力組み合わせ確率: 0.089（推定実オッズ?15倍） / 2着集中度: 上位2艇 81.3%（補正+0.04） / 総合判定確率: 0.129 / → ヒモはやや固め。上位2艇以外を切ること', 'tenji_trigger': '展示確認: 1号艇伸び良→そのまま採用。悪→飛び組に差し替え。circle_pct上位2艇に絞り込むこと。'}",,,31.3,逃げ狙い,28.74,28.2,2,,,,,0,0,0.7559,0,,逃げ軸流し,A
2025-08-17,丸亀,10,2,片岡雅裕,A1,35.11,2,○,15.3509,49.1,53,86.7,0.1273,2.3667,,,0,低,5,0,ま0%,,0,51.5,1.0869,0,0,0.1667,0,0,0.0286,0,0.3571,,◎,C,◎,,0.545,0.8292,,0.4857,S,100,0,◎1着固定 2-3着流し（5〜8点）,0.5777,"{'is_target': True, 'verdict': '点数絞り', 'max_combo_prob': 0.089, 'est_top_odds': 15.0, 'circle_concentration': 81.3, 'eligible_count': 6, 'bet_adj': 0, 'reason': 'rel_win1=57.1%（本命度） / 最有力組み合わせ確率: 0.089（推定実オッズ?15倍） / 2着集中度: 上位2艇 81.3%（補正+0.04） / 総合判定確率: 0.129 / → ヒモはやや固め。上位2艇以外を切ること', 'tenji_trigger': '展示確認: 1号艇伸び良→そのまま採用。悪→飛び組に差し替え。circle_pct上位2艇に絞り込むこと。'}",,,31.3,逃げ狙い,28.74,28.2,2,,,,,,,,,,,
2025-08-17,丸亀,10,3,川原祐明,A1,36.24,3,▲,15.7854,32.2,64,74,0.153,3.17,,,0,低,110,0,差ま0%,,0,28.4,0.9352,0,0,0,0.2593,0,0.0276,0.1014,0.0138,,,B,,,0.3271,0.6185,,0.4857,S,100,0,◎1着固定 2-3着流し（5〜8点）,0.5777,"{'is_target': True, 'verdict': '点数絞り', 'max_combo_prob': 0.089, 'est_top_odds': 15.0, 'circle_concentration': 81.3, 'eligible_count': 6, 'bet_adj': 0, 'reason': 'rel_win1=57.1%（本命度） / 最有力組み合わせ確率: 0.089（推定実オッズ?15倍） / 2着集中度: 上位2艇 81.3%（補正+0.04） / 総合判定確率: 0.129 / → ヒモはやや固め。上位2艇以外を切ること', 'tenji_trigger': '展示確認: 1号艇伸び良→そのまま採用。悪→飛び組に差し替え。circle_pct上位2艇に絞り込むこと。'}",,,31.3,逃げ狙い,28.74,28.2,2,,,,,,,,,,,
2025-08-17,丸亀,10,4,古田祐貴,A2,33.18,4,△,6.546,10.2,100,56.1,0.1494,2.9545,,,0,低,105,0,ま0%,,0,72.2,1.5321,0,0.0333,0.0333,0,0,0.2088,0.1971,0.1338,,,C,,◎,0.2765,0.6265,0.4288,0.4857,S,100,0,◎1着固定 2-3着流し（5〜8点）,0.5777,"{'is_target': True, 'verdict': '点数絞り', 'max_combo_prob': 0.089, 'est_top_odds': 15.0, 'circle_concentration': 81.3, 'eligible_count': 6, 'bet_adj': 0, 'reason': 'rel_win1=57.1%（本命度） / 最有力組み合わせ確率: 0.089（推定実オッズ?15倍） / 2着集中度: 上位2艇 81.3%（補正+0.04） / 総合判定確率: 0.129 / → ヒモはやや固め。上位2艇以外を切ること', 'tenji_trigger': '展示確認: 1号艇伸び良→そのまま採用。悪→飛び組に差し替え。circle_pct上位2艇に絞り込むこと。'}",,,31.3,逃げ狙い,28.74,28.2,2,,,,,,,,,,,
2025-08-17,丸亀,10,5,宮崎　奨,A2,29.78,5,,4.3405,8,95,52.6,0.176,3.9561,,,0,低,134,0,-,,0,42.8,1.1869,,,,,,0.0343,0.1571,0.2686,,,D,○,,0.2286,0.658,,0.4857,S,100,0,◎1着固定 2-3着流し（5〜8点）,0.5777,"{'is_target': True, 'verdict': '点数絞り', 'max_combo_prob': 0.089, 'est_top_odds': 15.0, 'circle_concentration': 81.3, 'eligible_count': 6, 'bet_adj': 0, 'reason': 'rel_win1=57.1%（本命度） / 最有力組み合わせ確率: 0.089（推定実オッズ?15倍） / 2着集中度: 上位2艇 81.3%（補正+0.04） / 総合判定確率: 0.129 / → ヒモはやや固め。上位2艇以外を切ること', 'tenji_trigger': '展示確認: 1号艇伸び良→そのまま採用。悪→飛び組に差し替え。circle_pct上位2艇に絞り込むこと。'}",,,31.3,逃げ狙い,28.74,28.2,2,,,,,,,,,,,
2025-08-17,丸亀,10,6,吉永泰弘,B1,27.56,6,,0.888,0.5,56,22.2,0.2202,4.9333,,,0,低,137,0,-,,0,100,2.6683,,,,,,0.2376,0.4541,0.0235,,,E,△,,0.135,0.6525,,0.4857,S,100,0,◎1着固定 2-3着流し（5〜8点）,0.5777,"{'is_target': True, 'verdict': '点数絞り', 'max_combo_prob': 0.089, 'est_top_odds': 15.0, 'circle_concentration': 81.3, 'eligible_count': 6, 'bet_adj': 0, 'reason': 'rel_win1=57.1%（本命度） / 最有力組み合わせ確率: 0.089（推定実オッズ?15倍） / 2着集中度: 上位2艇 81.3%（補正+0.04） / 総合判定確率: 0.129 / → ヒモはやや固め。上位2艇以外を切ること', 'tenji_trigger': '展示確認: 1号艇伸び良→そのまま採用。悪→飛び組に差し替え。circle_pct上位2艇に絞り込むこと。'}",,,31.3,逃げ狙い,28.74,28.2,2,,,,,,,,,,,
2025-08-17,丸亀,11,1,海野康志,A1,29.61,1,◎,55.5445,,0,100,0.118,2.413,,,0,低,38,0,逃1%,,0,84.9,1.056,0.7097,,,,,0,0.0387,0.2516,◎,,E,,,,0.6265,,0.7179,S,90,0,◎1着固定 2-3着流し（5〜8点）,0.5777,"{'is_target': True, 'verdict': '参加推奨', 'max_combo_prob': 0.0564, 'est_top_odds': 23.7, 'circle_concentration': 66.4, 'eligible_count': 6, 'bet_adj': 2, 'reason': 'rel_win1=55.5%（本命度） / 最有力組み合わせ確率: 0.056（推定実オッズ?24倍） / 2着集中度: 上位2艇 66.4%（補正+0.00） / 総合判定確率: 0.056 / → ヒモ分散。1号艇1着固定で広めのヒモ流し推奨（買い目+2点）', 'tenji_trigger': '展示確認: ヒモ分散レース。1号艇伸び確認後、広めのヒモ流しを採用。穴ヒモ（5・6号艇）を積極的に含める。\n展示で1号艇スタート超安定(0.118秒)→ヒモ固まり方向に注意'}",,,27.8,逃げ狙い,22.13,24.1,3,,,,,0,0,0.7559,0,,逃げ軸流し,A
2025-08-17,丸亀,11,2,三嶌誠司,A1,39.82,2,○,17.3514,31.7,96,66.7,0.1423,3.4271,,,0,低,84,0,-,,0,28,0.855,0,0.125,0.0833,0,0.0417,0.1235,0.1643,0.0959,,,C,◎,,0.0842,0.669,,0.7179,S,90,0,◎1着固定 2-3着流し（5〜8点）,0.5777,"{'is_target': True, 'verdict': '参加推奨', 'max_combo_prob': 0.0564, 'est_top_odds': 23.7, 'circle_concentration': 66.4, 'eligible_count': 6, 'bet_adj': 2, 'reason': 'rel_win1=55.5%（本命度） / 最有力組み合わせ確率: 0.056（推定実オッズ?24倍） / 2着集中度: 上位2艇 66.4%（補正+0.00） / 総合判定確率: 0.056 / → ヒモ分散。1号艇1着固定で広めのヒモ流し推奨（買い目+2点）', 'tenji_trigger': '展示確認: ヒモ分散レース。1号艇伸び確認後、広めのヒモ流しを採用。穴ヒモ（5・6号艇）を積極的に含める。\n展示で1号艇スタート超安定(0.118秒)→ヒモ固まり方向に注意'}",,,27.8,逃げ狙い,22.13,24.1,3,,,,,,,,,,,
2025-08-17,丸亀,11,3,竹田和哉,A1,33.19,3,,13.3634,34.7,82,76.6,0.1462,2.8936,,,0,低,106,0,ま0%,,0,40.2,0.9721,0,0,0.2174,0.0435,0,0.116,0.116,0,,,D,△,,0.1859,0.6415,,0.7179,S,90,0,◎1着固定 2-3着流し（5〜8点）,0.5777,"{'is_target': True, 'verdict': '参加推奨', 'max_combo_prob': 0.0564, 'est_top_odds': 23.7, 'circle_concentration': 66.4, 'eligible_count': 6, 'bet_adj': 2, 'reason': 'rel_win1=55.5%（本命度） / 最有力組み合わせ確率: 0.056（推定実オッズ?24倍） / 2着集中度: 上位2艇 66.4%（補正+0.00） / 総合判定確率: 0.056 / → ヒモ分散。1号艇1着固定で広めのヒモ流し推奨（買い目+2点）', 'tenji_trigger': '展示確認: ヒモ分散レース。1号艇伸び確認後、広めのヒモ流しを採用。穴ヒモ（5・6号艇）を積極的に含める。\n展示で1号艇スタート超安定(0.118秒)→ヒモ固まり方向に注意'}",,,27.8,逃げ狙い,22.13,24.1,3,,,,,,,,,,,
2025-08-17,丸亀,11,4,嶋　義信,A2,40.74,4,▲,6.3837,18.7,100,60,0.1442,3.0833,,,0,低,90,0,-,,0,75.8,1.3311,0,0,0,0.0417,0,0.125,0.15,0.1875,,,B,△,◎,0.1769,0.632,0.3709,0.7179,S,90,0,◎1着固定 2-3着流し（5〜8点）,0.5777,"{'is_target': True, 'verdict': '参加推奨', 'max_combo_prob': 0.0564, 'est_top_odds': 23.7, 'circle_concentration': 66.4, 'eligible_count': 6, 'bet_adj': 2, 'reason': 'rel_win1=55.5%（本命度） / 最有力組み合わせ確率: 0.056（推定実オッズ?24倍） / 2着集中度: 上位2艇 66.4%（補正+0.00） / 総合判定確率: 0.056 / → ヒモ分散。1号艇1着固定で広めのヒモ流し推奨（買い目+2点）', 'tenji_trigger': '展示確認: ヒモ分散レース。1号艇伸び確認後、広めのヒモ流しを採用。穴ヒモ（5・6号艇）を積極的に含める。\n展示で1号艇スタート超安定(0.118秒)→ヒモ固まり方向に注意'}",,,27.8,逃げ狙い,22.13,24.1,3,,,,,,,,,,,
2025-08-17,丸亀,11,5,西丸侑太,A2,33.48,5,,5.1679,10.7,76,44.7,0.1598,3.5745,,,0,低,100,0,-,,0,56.9,1.1119,0,0,0,0.0909,0,0,0.1314,0.0429,,,D,,○,0.1634,0.6105,0.2868,0.7179,S,90,0,◎1着固定 2-3着流し（5〜8点）,0.5777,"{'is_target': True, 'verdict': '参加推奨', 'max_combo_prob': 0.0564, 'est_top_odds': 23.7, 'circle_concentration': 66.4, 'eligible_count': 6, 'bet_adj': 2, 'reason': 'rel_win1=55.5%（本命度） / 最有力組み合わせ確率: 0.056（推定実オッズ?24倍） / 2着集中度: 上位2艇 66.4%（補正+0.00） / 総合判定確率: 0.056 / → ヒモ分散。1号艇1着固定で広めのヒモ流し推奨（買い目+2点）', 'tenji_trigger': '展示確認: ヒモ分散レース。1号艇伸び確認後、広めのヒモ流しを採用。穴ヒモ（5・6号艇）を積極的に含める。\n展示で1号艇スタート超安定(0.118秒)→ヒモ固まり方向に注意'}",,,27.8,逃げ狙い,22.13,24.1,3,,,,,,,,,,,
2025-08-17,丸亀,11,6,秋山広一,A2,47.95,6,△,2.1889,4.2,70,37.3,0.1766,4.0932,,,0,低,90,0,-,,0,32.6,0.9917,0,0,0,0,0,0,0.168,0.168,,,A,○,,0.1372,0.651,,0.7179,S,90,0,◎1着固定 2-3着流し（5〜8点）,0.5777,"{'is_target': True, 'verdict': '参加推奨', 'max_combo_prob': 0.0564, 'est_top_odds': 23.7, 'circle_concentration': 66.4, 'eligible_count': 6, 'bet_adj': 2, 'reason': 'rel_win1=55.5%（本命度） / 最有力組み合わせ確率: 0.056（推定実オッズ?24倍） / 2着集中度: 上位2艇 66.4%（補正+0.00） / 総合判定確率: 0.056 / → ヒモ分散。1号艇1着固定で広めのヒモ流し推奨（買い目+2点）', 'tenji_trigger': '展示確認: ヒモ分散レース。1号艇伸び確認後、広めのヒモ流しを採用。穴ヒモ（5・6号艇）を積極的に含める。\n展示で1号艇スタート超安定(0.118秒)→ヒモ固まり方向に注意'}",,,27.8,逃げ狙い,22.13,24.1,3,,,,,,,,,,,
2025-08-17,丸亀,12,1,森高一真,A1,26.61,1,◎,53.5376,,0,84,0.1476,3.32,,,0,低,28,0,逃0%,,0,86,1.2734,0.5,,,,,0,0.1667,0.3333,○,,E,○,,,0.685,,0.4128,A,76,0,◎-○軸 3着3〜4艇流し（10〜15点）,0.5777,"{'is_target': True, 'verdict': '参加推奨', 'max_combo_prob': 0.1055, 'est_top_odds': 12.6, 'circle_concentration': 68.2, 'eligible_count': 8, 'bet_adj': 2, 'reason': 'rel_win1=53.5%（本命度） / 最有力組み合わせ確率: 0.106（推定実オッズ?13倍） / 2着集中度: 上位2艇 68.2%（補正+0.00） / 総合判定確率: 0.106 / → ヒモ分散。1号艇1着固定で広めのヒモ流し推奨（買い目+2点）', 'tenji_trigger': '展示確認: ヒモ分散レース。1号艇伸び確認後、広めのヒモ流しを採用。穴ヒモ（5・6号艇）を積極的に含める。'}",,,29.5,逃げ狙い,23.01,28,3,,,,,0,0,0.6155,0,,逃げ軸流し,A
2025-08-17,丸亀,12,2,近江翔吾,A1,46.82,2,○,14.6525,48.3,41,80.6,0.1244,2.5833,,,0,低,52,0,差0%,,0,27.7,0.845,0,0.2222,0,0,0,0.0811,0.0541,0.027,,◎,A,△,,0.5845,0.6415,,0.4128,A,76,0,◎-○軸 3着3〜4艇流し（10〜15点）,0.5777,"{'is_target': True, 'verdict': '参加推奨', 'max_combo_prob': 0.1055, 'est_top_odds': 12.6, 'circle_concentration': 68.2, 'eligible_count': 8, 'bet_adj': 2, 'reason': 'rel_win1=53.5%（本命度） / 最有力組み合わせ確率: 0.106（推定実オッズ?13倍） / 2着集中度: 上位2艇 68.2%（補正+0.00） / 総合判定確率: 0.106 / → ヒモ分散。1号艇1着固定で広めのヒモ流し推奨（買い目+2点）', 'tenji_trigger': '展示確認: ヒモ分散レース。1号艇伸び確認後、広めのヒモ流しを採用。穴ヒモ（5・6号艇）を積極的に含める。'}",,,29.5,逃げ狙い,23.01,28,3,,,,,,,,,,,
2025-08-17,丸亀,12,3,中田元泰,A1,29.55,3,,13.3895,19.9,100,73.2,0.1555,3.0446,,,0,低,90,0,-,,0,41.9,0.9923,0,0.04,0,0.16,0,0.0323,0.1613,0,,,D,○,,0.2695,0.685,,0.4128,A,76,0,◎-○軸 3着3〜4艇流し（10〜15点）,0.5777,"{'is_target': True, 'verdict': '参加推奨', 'max_combo_prob': 0.1055, 'est_top_odds': 12.6, 'circle_concentration': 68.2, 'eligible_count': 8, 'bet_adj': 2, 'reason': 'rel_win1=53.5%（本命度） / 最有力組み合わせ確率: 0.106（推定実オッズ?13倍） / 2着集中度: 上位2艇 68.2%（補正+0.00） / 総合判定確率: 0.106 / → ヒモ分散。1号艇1着固定で広めのヒモ流し推奨（買い目+2点）', 'tenji_trigger': '展示確認: ヒモ分散レース。1号艇伸び確認後、広めのヒモ流しを採用。穴ヒモ（5・6号艇）を積極的に含める。'}",,,29.5,逃げ狙い,23.01,28,3,,,,,,,,,,,
2025-08-17,丸亀,12,4,西岡顕心,A1,41.18,4,△,10.4232,14.2,75,76,0.1544,3.24,,,0,低,55,0,ま0%,,0,35.7,0.9362,0,0.1667,0.1667,0,0,0,0.0714,0,,,C,,,0.2998,0.6245,,0.4128,A,76,0,◎-○軸 3着3〜4艇流し（10〜15点）,0.5777,"{'is_target': True, 'verdict': '参加推奨', 'max_combo_prob': 0.1055, 'est_top_odds': 12.6, 'circle_concentration': 68.2, 'eligible_count': 8, 'bet_adj': 2, 'reason': 'rel_win1=53.5%（本命度） / 最有力組み合わせ確率: 0.106（推定実オッズ?13倍） / 2着集中度: 上位2艇 68.2%（補正+0.00） / 総合判定確率: 0.106 / → ヒモ分散。1号艇1着固定で広めのヒモ流し推奨（買い目+2点）', 'tenji_trigger': '展示確認: ヒモ分散レース。1号艇伸び確認後、広めのヒモ流しを採用。穴ヒモ（5・6号艇）を積極的に含める。'}",,,29.5,逃げ狙い,23.01,28,3,,,,,,,,,,,
2025-08-17,丸亀,12,5,中村晃朋,A1,41.44,5,▲,4.5693,10.7,26,34.2,0.1432,3.4474,,,0,低,56,0,-,,0,100,2.8405,0,0,0,0.0909,0,0.1745,0,0.1564,,,B,△,,0.3046,0.678,,0.4128,A,76,0,◎-○軸 3着3〜4艇流し（10〜15点）,0.5777,"{'is_target': True, 'verdict': '参加推奨', 'max_combo_prob': 0.1055, 'est_top_odds': 12.6, 'circle_concentration': 68.2, 'eligible_count': 8, 'bet_adj': 2, 'reason': 'rel_win1=53.5%（本命度） / 最有力組み合わせ確率: 0.106（推定実オッズ?13倍） / 2着集中度: 上位2艇 68.2%（補正+0.00） / 総合判定確率: 0.106 / → ヒモ分散。1号艇1着固定で広めのヒモ流し推奨（買い目+2点）', 'tenji_trigger': '展示確認: ヒモ分散レース。1号艇伸び確認後、広めのヒモ流しを採用。穴ヒモ（5・6号艇）を積極的に含める。'}",,,29.5,逃げ狙い,23.01,28,3,,,,,,,,,,,
2025-08-17,丸亀,12,6,石丸海渡,A1,33.64,6,,3.428,6.9,44,34.1,0.1325,2.9432,,,0,低,26,0,-,,0,32.6,1.0903,,,,,,0.0792,0.0125,0,,,D,◎,,0.3602,0.687,,0.4128,A,76,0,◎-○軸 3着3〜4艇流し（10〜15点）,0.5777,"{'is_target': True, 'verdict': '参加推奨', 'max_combo_prob': 0.1055, 'est_top_odds': 12.6, 'circle_concentration': 68.2, 'eligible_count': 8, 'bet_adj': 2, 'reason': 'rel_win1=53.5%（本命度） / 最有力組み合わせ確率: 0.106（推定実オッズ?13倍） / 2着集中度: 上位2艇 68.2%（補正+0.00） / 総合判定確率: 0.106 / → ヒモ分散。1号艇1着固定で広めのヒモ流し推奨（買い目+2点）', 'tenji_trigger': '展示確認: ヒモ分散レース。1号艇伸び確認後、広めのヒモ流しを採用。穴ヒモ（5・6号艇）を積極的に含める。'}",,,29.5,逃げ狙い,23.01,28,3,,,,,,,,,,,
2025-08-18,丸亀,1,1,宮武英司,B1,44.34,1,◎,62.6204,,0,87.3,0.1587,3.2818,,,0,低,89,0,逃0%,44,0,70.5,1.049,0.6111,,,,,0.4889,0.0222,0.0222,◎,,A,◎,,,0.658,,0.4596,S,82,0,◎1着固定 2-3着流し（5〜8点）,0.5777,"{'is_target': True, 'verdict': '参加推奨', 'max_combo_prob': 0.0652, 'est_top_odds': 20.5, 'circle_concentration': 61.9, 'eligible_count': 6, 'bet_adj': 2, 'reason': 'rel_win1=62.6%（本命度） / 最有力組み合わせ確率: 0.065（推定実オッズ?20倍） / 2着集中度: 上位2艇 61.9%（補正+0.00） / 総合判定確率: 0.065 / → ヒモ分散。1号艇1着固定で広めのヒモ流し推奨（買い目+2点）', 'tenji_trigger': '展示確認: ヒモ分散レース。1号艇伸び確認後、広めのヒモ流しを採用。穴ヒモ（5・6号艇）を積極的に含める。'}",,,30,逃げ狙い,13.02,38.1,4,,,,,0,0,0.7559,0,,逃げ軸流し,A
2025-08-18,丸亀,1,2,大西隆洋,B1,33.48,2,▲,8.5356,32.2,84,35,0.1812,4.0833,,,0,低,103,0,抜0%,6,0,70.2,0.7319,0,0,0,0,0.0435,0.3077,0.0769,0.3077,,,C,△,,0.1025,0.6055,,0.4596,S,82,0,◎1着固定 2-3着流し（5〜8点）,0.5777,"{'is_target': True, 'verdict': '参加推奨', 'max_combo_prob': 0.0652, 'est_top_odds': 20.5, 'circle_concentration': 61.9, 'eligible_count': 6, 'bet_adj': 2, 'reason': 'rel_win1=62.6%（本命度） / 最有力組み合わせ確率: 0.065（推定実オッズ?20倍） / 2着集中度: 上位2艇 61.9%（補正+0.00） / 総合判定確率: 0.065 / → ヒモ分散。1号艇1着固定で広めのヒモ流し推奨（買い目+2点）', 'tenji_trigger': '展示確認: ヒモ分散レース。1号艇伸び確認後、広めのヒモ流しを採用。穴ヒモ（5・6号艇）を積極的に含める。'}",,,30,逃げ狙い,13.02,38.1,4,,,,,,,,,,,
2025-08-18,丸亀,1,3,塩田雄一,B1,32.29,3,△,7.5627,29.8,76,50.8,0.1792,3.8077,,,0,低,147,0,-,5,0,43.8,1.1252,0,0,0.0455,0,0,0.4143,0.0952,0.2071,,,D,,,0.1798,0.5565,,0.4596,S,82,0,◎1着固定 2-3着流し（5〜8点）,0.5777,"{'is_target': True, 'verdict': '参加推奨', 'max_combo_prob': 0.0652, 'est_top_odds': 20.5, 'circle_concentration': 61.9, 'eligible_count': 6, 'bet_adj': 2, 'reason': 'rel_win1=62.6%（本命度） / 最有力組み合わせ確率: 0.065（推定実オッズ?20倍） / 2着集中度: 上位2艇 61.9%（補正+0.00） / 総合判定確率: 0.065 / → ヒモ分散。1号艇1着固定で広めのヒモ流し推奨（買い目+2点）', 'tenji_trigger': '展示確認: ヒモ分散レース。1号艇伸び確認後、広めのヒモ流しを採用。穴ヒモ（5・6号艇）を積極的に含める。'}",,,30,逃げ狙い,13.02,38.1,4,,,,,,,,,,,
2025-08-18,丸亀,1,4,中村桃佳,B1,39.25,4,○,16.1536,23.6,100,61.5,0.1638,3.1731,,,0,低,41,0,-,1,0,95.9,1.8291,0,0,0.1905,0,0,0.0471,0.0706,0.2706,,,B,○,,0.3146,0.6205,,0.4596,S,82,0,◎1着固定 2-3着流し（5〜8点）,0.5777,"{'is_target': True, 'verdict': '参加推奨', 'max_combo_prob': 0.0652, 'est_top_odds': 20.5, 'circle_concentration': 61.9, 'eligible_count': 6, 'bet_adj': 2, 'reason': 'rel_win1=62.6%（本命度） / 最有力組み合わせ確率: 0.065（推定実オッズ?20倍） / 2着集中度: 上位2艇 61.9%（補正+0.00） / 総合判定確率: 0.065 / → ヒモ分散。1号艇1着固定で広めのヒモ流し推奨（買い目+2点）', 'tenji_trigger': '展示確認: ヒモ分散レース。1号艇伸び確認後、広めのヒモ流しを採用。穴ヒモ（5・6号艇）を積極的に含める。'}",,,30,逃げ狙い,13.02,38.1,4,,,,,,,,,,,
2025-08-18,丸亀,1,5,越智照浩,B2,31.98,5,,3.9607,13.9,63,19.6,0.1931,4.1176,,,0,低,133,0,-,6,0,27.1,1.45,0,0.0357,0,0,0,0.2,0.35,0.05,,,D,,,0.1658,0.563,,0.4596,S,82,0,◎1着固定 2-3着流し（5〜8点）,0.5777,"{'is_target': True, 'verdict': '参加推奨', 'max_combo_prob': 0.0652, 'est_top_odds': 20.5, 'circle_concentration': 61.9, 'eligible_count': 6, 'bet_adj': 2, 'reason': 'rel_win1=62.6%（本命度） / 最有力組み合わせ確率: 0.065（推定実オッズ?20倍） / 2着集中度: 上位2艇 61.9%（補正+0.00） / 総合判定確率: 0.065 / → ヒモ分散。1号艇1着固定で広めのヒモ流し推奨（買い目+2点）', 'tenji_trigger': '展示確認: ヒモ分散レース。1号艇伸び確認後、広めのヒモ流しを採用。穴ヒモ（5・6号艇）を積極的に含める。'}",,,30,逃げ狙い,13.02,38.1,4,,,,,,,,,,,
2025-08-18,丸亀,1,6,原村拓也,B1,31.22,6,,1.167,0.6,70,14.3,0.219,4.9082,,,0,低,159,0,-,2,0,27.1,0.7594,,,,,,0.3114,0.1257,0.02,,,E,△,,0.139,0.5855,,0.4596,S,82,0,◎1着固定 2-3着流し（5〜8点）,0.5777,"{'is_target': True, 'verdict': '参加推奨', 'max_combo_prob': 0.0652, 'est_top_odds': 20.5, 'circle_concentration': 61.9, 'eligible_count': 6, 'bet_adj': 2, 'reason': 'rel_win1=62.6%（本命度） / 最有力組み合わせ確率: 0.065（推定実オッズ?20倍） / 2着集中度: 上位2艇 61.9%（補正+0.00） / 総合判定確率: 0.065 / → ヒモ分散。1号艇1着固定で広めのヒモ流し推奨（買い目+2点）', 'tenji_trigger': '展示確認: ヒモ分散レース。1号艇伸び確認後、広めのヒモ流しを採用。穴ヒモ（5・6号艇）を積極的に含める。'}",,,30,逃げ狙い,13.02,38.1,4,,,,,,,,,,,
2025-08-18,丸亀,2,1,松下知幸,B1,32.30,1,◎,47.6255,,0,73.1,0.149,2.5481,,,0,低,152,0,逃1%,3,0,71.3,0.954,0.381,,,,,0.2152,0.1581,0.1962,◎,,D,△,,,0.5965,,0.4538,A,62,0,◎-○軸 3着3〜4艇流し（10〜15点）,0.5777,"{'is_target': True, 'verdict': '参加推奨', 'max_combo_prob': 0.0482, 'est_top_odds': 27.7, 'circle_concentration': 62.6, 'eligible_count': 8, 'bet_adj': 2, 'reason': 'rel_win1=47.6%（本命度） / 最有力組み合わせ確率: 0.048（推定実オッズ?28倍） / 2着集中度: 上位2艇 62.6%（補正+0.00） / 総合判定確率: 0.048 / → ヒモ分散。1号艇1着固定で広めのヒモ流し推奨（買い目+2点）', 'tenji_trigger': '展示確認: ヒモ分散レース。1号艇伸び確認後、広めのヒモ流しを採用。穴ヒモ（5・6号艇）を積極的に含める。'}",,,29,両建て推奨,13.74,34.7,4,,,,,0,0,0.7559,0,,逃げ軸流し,A
2025-08-18,丸亀,2,2,三嶌ここ,B1,38.50,2,▲,11.1116,29,100,37.5,0.1694,4.3125,,,0,低,114,0,-,1,0,87,1.5459,,,,,,0.0571,0.0571,0.3143,,,C,△,,0.1558,0.553,,0.4538,A,62,0,◎-○軸 3着3〜4艇流し（10〜15点）,0.5777,"{'is_target': True, 'verdict': '参加推奨', 'max_combo_prob': 0.0482, 'est_top_odds': 27.7, 'circle_concentration': 62.6, 'eligible_count': 8, 'bet_adj': 2, 'reason': 'rel_win1=47.6%（本命度） / 最有力組み合わせ確率: 0.048（推定実オッズ?28倍） / 2着集中度: 上位2艇 62.6%（補正+0.00） / 総合判定確率: 0.048 / → ヒモ分散。1号艇1着固定で広めのヒモ流し推奨（買い目+2点）', 'tenji_trigger': '展示確認: ヒモ分散レース。1号艇伸び確認後、広めのヒモ流しを採用。穴ヒモ（5・6号艇）を積極的に含める。'}",,,29,両建て推奨,13.74,34.7,4,,,,,,,,,,,
2025-08-18,丸亀,2,3,上田隆章,B1,36.84,3,,12.3922,33.6,71,50.8,0.1952,4.2377,,,0,低,192,0,-,1,0,20.3,0.7635,0,0,0.0667,0,0,0.3,0.22,0.1,,,C,,,0.1401,0.5515,,0.4538,A,62,0,◎-○軸 3着3〜4艇流し（10〜15点）,0.5777,"{'is_target': True, 'verdict': '参加推奨', 'max_combo_prob': 0.0482, 'est_top_odds': 27.7, 'circle_concentration': 62.6, 'eligible_count': 8, 'bet_adj': 2, 'reason': 'rel_win1=47.6%（本命度） / 最有力組み合わせ確率: 0.048（推定実オッズ?28倍） / 2着集中度: 上位2艇 62.6%（補正+0.00） / 総合判定確率: 0.048 / → ヒモ分散。1号艇1着固定で広めのヒモ流し推奨（買い目+2点）', 'tenji_trigger': '展示確認: ヒモ分散レース。1号艇伸び確認後、広めのヒモ流しを採用。穴ヒモ（5・6号艇）を積極的に含める。'}",,,29,両建て推奨,13.74,34.7,4,,,,,,,,,,,
2025-08-18,丸亀,2,4,西岡蒼志,B1,39.21,4,○,15.5968,17.4,64,31.8,0.1259,2.8636,,,0,低,79,0,差0% ま0%,3,0,37.1,0.783,0,0.0526,0.0526,0.0526,0,0,0.27,0,,◎,B,,,0.4073,0.528,,0.4538,A,62,0,◎-○軸 3着3〜4艇流し（10〜15点）,0.5777,"{'is_target': True, 'verdict': '参加推奨', 'max_combo_prob': 0.0482, 'est_top_odds': 27.7, 'circle_concentration': 62.6, 'eligible_count': 8, 'bet_adj': 2, 'reason': 'rel_win1=47.6%（本命度） / 最有力組み合わせ確率: 0.048（推定実オッズ?28倍） / 2着集中度: 上位2艇 62.6%（補正+0.00） / 総合判定確率: 0.048 / → ヒモ分散。1号艇1着固定で広めのヒモ流し推奨（買い目+2点）', 'tenji_trigger': '展示確認: ヒモ分散レース。1号艇伸び確認後、広めのヒモ流しを採用。穴ヒモ（5・6号艇）を積極的に含める。'}",,,29,両建て推奨,13.74,34.7,4,,,,,,,,,,,
2025-08-18,丸亀,2,5,竹田和哉,A1,33.19,5,,11.8946,19.1,95,64.3,0.1729,4.0357,,,0,低,106,0,差ま0%,23,0,74.7,1.3162,0,0,0.0345,0.1379,0,0.116,0.116,0,,,D,◎,◎,0.2549,0.6415,0.3217,0.4538,A,62,0,◎-○軸 3着3〜4艇流し（10〜15点）,0.5777,"{'is_target': True, 'verdict': '参加推奨', 'max_combo_prob': 0.0482, 'est_top_odds': 27.7, 'circle_concentration': 62.6, 'eligible_count': 8, 'bet_adj': 2, 'reason': 'rel_win1=47.6%（本命度） / 最有力組み合わせ確率: 0.048（推定実オッズ?28倍） / 2着集中度: 上位2艇 62.6%（補正+0.00） / 総合判定確率: 0.048 / → ヒモ分散。1号艇1着固定で広めのヒモ流し推奨（買い目+2点）', 'tenji_trigger': '展示確認: ヒモ分散レース。1号艇伸び確認後、広めのヒモ流しを採用。穴ヒモ（5・6号艇）を積極的に含める。'}",,,29,両建て推奨,13.74,34.7,4,,,,,,,,,,,
2025-08-18,丸亀,2,6,松尾　祭,A2,42.73,6,△,1.3793,0.9,73,26.9,0.2044,4.7788,,,0,低,144,0,-,3,0,31.2,0.7836,,,,,,0.1086,0.0654,0.2501,,,B,○,,0.1594,0.6215,,0.4538,A,62,0,◎-○軸 3着3〜4艇流し（10〜15点）,0.5777,"{'is_target': True, 'verdict': '参加推奨', 'max_combo_prob': 0.0482, 'est_top_odds': 27.7, 'circle_concentration': 62.6, 'eligible_count': 8, 'bet_adj': 2, 'reason': 'rel_win1=47.6%（本命度） / 最有力組み合わせ確率: 0.048（推定実オッズ?28倍） / 2着集中度: 上位2艇 62.6%（補正+0.00） / 総合判定確率: 0.048 / → ヒモ分散。1号艇1着固定で広めのヒモ流し推奨（買い目+2点）', 'tenji_trigger': '展示確認: ヒモ分散レース。1号艇伸び確認後、広めのヒモ流しを採用。穴ヒモ（5・6号艇）を積極的に含める。'}",,,29,両建て推奨,13.74,34.7,4,,,,,,,,,,,
2025-08-18,丸亀,3,1,中岡健人,B2,39.01,1,◎,44.4509,,0,70.5,0.147,2.8409,,,0,低,104,0,逃0%,64,0,61.8,0.8888,0.32,,,,,0.28,0.164,0.196,◎,,B,○,,,0.635,,0.4955,B,58,0,◎○△フォーメーション（15〜20点）,0.5777,"{'is_target': False, 'verdict': '対象外', 'max_combo_prob': None, 'est_top_odds': None, 'circle_concentration': None, 'eligible_count': 0, 'bet_adj': 0, 'reason': '1号艇rel_win1 < 45%: 通常判定に委ねる', 'tenji_trigger': ''}",,,30.6,両建て推奨,17.58,36,4,,,,,0,0,0.7559,0,,逃げ軸流し,A
2025-08-18,丸亀,3,2,嶋田貴支,B1,34.10,2,▲,13.8505,19.3,100,47.6,0.1687,3.881,,,0,低,134,0,-,6,0,45.7,1.05,0,0.037,0.0741,0,0,0.0174,0.0522,0.1174,,,C,,,0.1365,0.6045,,0.4955,B,58,0,◎○△フォーメーション（15〜20点）,0.5777,"{'is_target': False, 'verdict': '対象外', 'max_combo_prob': None, 'est_top_odds': None, 'circle_concentration': None, 'eligible_count': 0, 'bet_adj': 0, 'reason': '1号艇rel_win1 < 45%: 通常判定に委ねる', 'tenji_trigger': ''}",,,30.6,両建て推奨,17.58,36,4,,,,,,,,,,,
2025-08-18,丸亀,3,3,木村光宏,B1,32.14,3,,12.692,25.8,88,53.1,0.1851,3.602,,,0,低,99,0,差0% ま0%,46,0,26.4,0.9375,0,0.0385,0.0385,0,0,0.3952,0.3571,0.0571,,,D,△,,0.1412,0.6335,,0.4955,B,58,0,◎○△フォーメーション（15〜20点）,0.5777,"{'is_target': False, 'verdict': '対象外', 'max_combo_prob': None, 'est_top_odds': None, 'circle_concentration': None, 'eligible_count': 0, 'bet_adj': 0, 'reason': '1号艇rel_win1 < 45%: 通常判定に委ねる', 'tenji_trigger': ''}",,,30.6,両建て推奨,17.58,36,4,,,,,,,,,,,
2025-08-18,丸亀,3,4,水谷理人,B1,38.36,4,○,17.0286,21.6,83,55,0.169,3.075,,,0,低,64,0,-,5,0,46.9,1.0002,0,0,0.1,0,0.05,0.0533,0.28,0.0267,,,C,,◎,0.2445,0.569,0.2868,0.4955,B,58,0,◎○△フォーメーション（15〜20点）,0.5777,"{'is_target': False, 'verdict': '対象外', 'max_combo_prob': None, 'est_top_odds': None, 'circle_concentration': None, 'eligible_count': 0, 'bet_adj': 0, 'reason': '1号艇rel_win1 < 45%: 通常判定に委ねる', 'tenji_trigger': ''}",,,30.6,両建て推奨,17.58,36,4,,,,,,,,,,,
2025-08-18,丸亀,3,5,木谷賢太,A2,27.06,5,,9.2025,23.2,68,59.6,0.177,3.9787,,,0,低,107,0,差ま0%,2,0,86.4,1.4771,0,0,0,0.0476,0,0.0343,0.0114,0.1957,,,E,◎,,0.212,0.663,,0.4955,B,58,0,◎○△フォーメーション（15〜20点）,0.5777,"{'is_target': False, 'verdict': '対象外', 'max_combo_prob': None, 'est_top_odds': None, 'circle_concentration': None, 'eligible_count': 0, 'bet_adj': 0, 'reason': '1号艇rel_win1 < 45%: 通常判定に委ねる', 'tenji_trigger': ''}",,,30.6,両建て推奨,17.58,36,4,,,,,,,,,,,
2025-08-18,丸亀,3,6,西岡顕心,A1,41.18,6,△,2.7756,10.1,80,57.1,0.1771,4.1857,,,0,低,55,0,-,13,0,25.9,0.7597,,,,,,0,0.0714,0,,,B,△,,0.2423,0.6245,,0.4955,B,58,0,◎○△フォーメーション（15〜20点）,0.5777,"{'is_target': False, 'verdict': '対象外', 'max_combo_prob': None, 'est_top_odds': None, 'circle_concentration': None, 'eligible_count': 0, 'bet_adj': 0, 'reason': '1号艇rel_win1 < 45%: 通常判定に委ねる', 'tenji_trigger': ''}",,,30.6,両建て推奨,17.58,36,4,,,,,,,,,,,
2025-08-18,丸亀,4,1,田頭虎親,B1,40.45,1,◎,52.5206,,0,83.3,0.1733,3.4792,,,0,低,121,0,逃1%,65,0,57.1,0.9565,0.4375,,,,,0.1,0.375,0.025,○,,B,,,,0.5945,,0.4476,A,73,0,◎-○軸 3着3〜4艇流し（10〜15点）,0.5777,"{'is_target': True, 'verdict': '参加推奨', 'max_combo_prob': 0.0762, 'est_top_odds': 17.5, 'circle_concentration': 63.1, 'eligible_count': 8, 'bet_adj': 2, 'reason': 'rel_win1=52.5%（本命度） / 最有力組み合わせ確率: 0.076（推定実オッズ?18倍） / 2着集中度: 上位2艇 63.1%（補正+0.00） / 総合判定確率: 0.076 / → ヒモ分散。1号艇1着固定で広めのヒモ流し推奨（買い目+2点）', 'tenji_trigger': '展示確認: ヒモ分散レース。1号艇伸び確認後、広めのヒモ流しを採用。穴ヒモ（5・6号艇）を積極的に含める。'}",,,31,逃げ狙い,19.95,35.1,3,,,,,0,0,0.6155,0,,主役軸流し,B
2025-08-18,丸亀,4,2,川上清人,B1,37.67,2,△,7.7708,28.1,40,38.2,0.1868,4.0809,,,0,低,150,0,-,55,0,56.1,0.7845,0,0.037,0.037,0,0,0.3733,0.0381,0.1962,,,B,△,,0.1722,0.595,,0.4476,A,73,0,◎-○軸 3着3〜4艇流し（10〜15点）,0.5777,"{'is_target': True, 'verdict': '参加推奨', 'max_combo_prob': 0.0762, 'est_top_odds': 17.5, 'circle_concentration': 63.1, 'eligible_count': 8, 'bet_adj': 2, 'reason': 'rel_win1=52.5%（本命度） / 最有力組み合わせ確率: 0.076（推定実オッズ?18倍） / 2着集中度: 上位2艇 63.1%（補正+0.00） / 総合判定確率: 0.076 / → ヒモ分散。1号艇1着固定で広めのヒモ流し推奨（買い目+2点）', 'tenji_trigger': '展示確認: ヒモ分散レース。1号艇伸び確認後、広めのヒモ流しを採用。穴ヒモ（5・6号艇）を積極的に含める。'}",,,31,逃げ狙い,19.95,35.1,3,,,,,,,,,,,
2025-08-18,丸亀,4,3,海野康志,A1,29.61,3,▲,18.4986,35.1,100,79.5,0.1582,3.2179,,,0,低,38,0,差ま0%,51,0,70.1,1.6015,0,0,0,0.1176,0,0,0.0387,0.2516,,◎,E,○,,0.383,0.6265,,0.4476,A,73,0,◎-○軸 3着3〜4艇流し（10〜15点）,0.5777,"{'is_target': True, 'verdict': '参加推奨', 'max_combo_prob': 0.0762, 'est_top_odds': 17.5, 'circle_concentration': 63.1, 'eligible_count': 8, 'bet_adj': 2, 'reason': 'rel_win1=52.5%（本命度） / 最有力組み合わせ確率: 0.076（推定実オッズ?18倍） / 2着集中度: 上位2艇 63.1%（補正+0.00） / 総合判定確率: 0.076 / → ヒモ分散。1号艇1着固定で広めのヒモ流し推奨（買い目+2点）', 'tenji_trigger': '展示確認: ヒモ分散レース。1号艇伸び確認後、広めのヒモ流しを採用。穴ヒモ（5・6号艇）を積極的に含める。'}",,,31,逃げ狙い,19.95,35.1,3,,,,,,,,,,,
2025-08-18,丸亀,4,4,大廣咲季,B1,34.82,4,○,7.439,6.2,41,17.3,0.1679,3.5481,,,0,低,81,0,-,26,0,100,2.7228,0,0,0.1053,0,0,0.3333,0.3333,0,,,C,,,0.3254,0.543,,0.4476,A,73,0,◎-○軸 3着3〜4艇流し（10〜15点）,0.5777,"{'is_target': True, 'verdict': '参加推奨', 'max_combo_prob': 0.0762, 'est_top_odds': 17.5, 'circle_concentration': 63.1, 'eligible_count': 8, 'bet_adj': 2, 'reason': 'rel_win1=52.5%（本命度） / 最有力組み合わせ確率: 0.076（推定実オッズ?18倍） / 2着集中度: 上位2艇 63.1%（補正+0.00） / 総合判定確率: 0.076 / → ヒモ分散。1号艇1着固定で広めのヒモ流し推奨（買い目+2点）', 'tenji_trigger': '展示確認: ヒモ分散レース。1号艇伸び確認後、広めのヒモ流しを採用。穴ヒモ（5・6号艇）を積極的に含める。'}",,,31,逃げ狙い,19.95,35.1,3,,,,,,,,,,,
2025-08-18,丸亀,4,5,妻鳥晋也,B1,31.74,5,,8.1824,20.5,84,55.6,0.1729,3.7619,,,0,低,151,0,差ま0%,1,0,29.7,1.2007,0,0,0,0.0357,0.0357,0.25,0.21,0.23,,,D,△,◎,0.281,0.601,0.2841,0.4476,A,73,0,◎-○軸 3着3〜4艇流し（10〜15点）,0.5777,"{'is_target': True, 'verdict': '参加推奨', 'max_combo_prob': 0.0762, 'est_top_odds': 17.5, 'circle_concentration': 63.1, 'eligible_count': 8, 'bet_adj': 2, 'reason': 'rel_win1=52.5%（本命度） / 最有力組み合わせ確率: 0.076（推定実オッズ?18倍） / 2着集中度: 上位2艇 63.1%（補正+0.00） / 総合判定確率: 0.076 / → ヒモ分散。1号艇1着固定で広めのヒモ流し推奨（買い目+2点）', 'tenji_trigger': '展示確認: ヒモ分散レース。1号艇伸び確認後、広めのヒモ流しを採用。穴ヒモ（5・6号艇）を積極的に含める。'}",,,31,逃げ狙い,19.95,35.1,3,,,,,,,,,,,
2025-08-18,丸亀,4,6,重成一人,A1,37.17,6,,5.5886,10.2,38,55.2,0.181,3.6034,,,0,低,51,0,抜0%,1,0,49.7,1.1664,0,0.0909,0,0,0.0909,0.0533,0.2533,0.0133,,,C,◎,,0.2694,0.6315,,0.4476,A,73,0,◎-○軸 3着3〜4艇流し（10〜15点）,0.5777,"{'is_target': True, 'verdict': '参加推奨', 'max_combo_prob': 0.0762, 'est_top_odds': 17.5, 'circle_concentration': 63.1, 'eligible_count': 8, 'bet_adj': 2, 'reason': 'rel_win1=52.5%（本命度） / 最有力組み合わせ確率: 0.076（推定実オッズ?18倍） / 2着集中度: 上位2艇 63.1%（補正+0.00） / 総合判定確率: 0.076 / → ヒモ分散。1号艇1着固定で広めのヒモ流し推奨（買い目+2点）', 'tenji_trigger': '展示確認: ヒモ分散レース。1号艇伸び確認後、広めのヒモ流しを採用。穴ヒモ（5・6号艇）を積極的に含める。'}",,,31,逃げ狙い,19.95,35.1,3,,,,,,,,,,,
2025-08-18,丸亀,5,1,谷口佳蓮,B1,38.82,1,◎,44.3751,,0,80,0.1367,2.7,,,0,低,45,0,逃1%,43,0,73.3,1.1262,0.5455,,,,,0.1091,0,0.2727,◎⚠️,,B,,,,0.5715,,0.483,A,63,0,◎-○軸 3着3〜4艇流し（10〜15点）,0.5777,"{'is_target': False, 'verdict': '対象外', 'max_combo_prob': None, 'est_top_odds': None, 'circle_concentration': None, 'eligible_count': 0, 'bet_adj': 0, 'reason': '1号艇rel_win1 < 45%: 通常判定に委ねる', 'tenji_trigger': ''}",,,30.6,両建て推奨,25.68,28.9,4,4-5-6|4-5-1|4-3-5|4-5-2|4-3-6|4-6-5|4-3-1|4-1-2|4-1-3|1-2-4|1-3-4|1-2-3,4-5-6|4-5-1|4-3-5|4-5-2|4-3-6|4-6-5|4-3-1|4-1-2|4-1-3|1-2-4|1-3-4|1-2-3,4-5-6:1.94%|4-5-1:1.36%|4-3-5:1.22%|4-5-2:1.16%|4-3-6:1.01%|4-6-5:0.95%|4-3-1:0.71%|4-1-2:9.16%|4-1-3:8.23%|1-2-4:6.76%|1-3-4:5.23%|1-2-3:4.43%,4-5-6:B_main|4-5-1:B_main|4-3-5:B_main|4-5-2:B_main|4-3-6:B_main|4-6-5:B_main|4-3-1:B_main|4-1-2:B_sc|4-1-3:B_sc|1-2-4:A|1-3-4:A|1-2-3:A,12,12,0.4535,1,[!]見送り推奨（主役決まり手「まくり」― 逃げ劣勢レースで的中実績なし）,主役軸流し,B
2025-08-18,丸亀,5,2,宮崎　奨,A2,29.78,2,,13.185,44.4,71,73.4,0.1681,3.9766,,,0,低,134,0,差0%,16,0,100,1.1064,0,0.16,0,0,0,0.0343,0.1571,0.2686,,,D,△,,0.0871,0.658,,0.483,A,63,0,◎-○軸 3着3〜4艇流し（10〜15点）,0.5777,"{'is_target': False, 'verdict': '対象外', 'max_combo_prob': None, 'est_top_odds': None, 'circle_concentration': None, 'eligible_count': 0, 'bet_adj': 0, 'reason': '1号艇rel_win1 < 45%: 通常判定に委ねる', 'tenji_trigger': ''}",,,30.6,両建て推奨,25.68,28.9,4,,,,,,,,,,,
2025-08-18,丸亀,5,3,三嶌誠司,A1,39.82,3,○,15.7558,27.9,73,63.5,0.1573,3.0962,,,0,低,84,0,差ま0%,62,0,47.8,1.23,0,0,0,0.0741,0.1111,0.1235,0.1643,0.0959,,,B,○,,0.1869,0.669,,0.483,A,63,0,◎-○軸 3着3〜4艇流し（10〜15点）,0.5777,"{'is_target': False, 'verdict': '対象外', 'max_combo_prob': None, 'est_top_odds': None, 'circle_concentration': None, 'eligible_count': 0, 'bet_adj': 0, 'reason': '1号艇rel_win1 < 45%: 通常判定に委ねる', 'tenji_trigger': ''}",,,30.6,両建て推奨,25.68,28.9,4,,,,,,,,,,,
2025-08-18,丸亀,5,4,石丸海渡,A1,33.64,4,▲,19.9482,19.9,100,70,0.1207,2.15,,,0,低,26,0,差0% ま0%,26,0,50,1.146,0,0.05,0.25,0,0,0.0792,0.0125,0,,◎,D,◎,◎,0.4089,0.687,0.4522,0.483,A,63,0,◎-○軸 3着3〜4艇流し（10〜15点）,0.5777,"{'is_target': False, 'verdict': '対象外', 'max_combo_prob': None, 'est_top_odds': None, 'circle_concentration': None, 'eligible_count': 0, 'bet_adj': 0, 'reason': '1号艇rel_win1 < 45%: 通常判定に委ねる', 'tenji_trigger': ''}",,,30.6,両建て推奨,25.68,28.9,4,,,,,,,,,,,
2025-08-18,丸亀,5,5,下田哲也,B1,36.00,5,△,5.8329,5.3,55,27.3,0.1631,3.9091,,,0,低,104,0,-,24,0,28.4,0.7252,,,,,,0.3333,0.1667,0.25,,,C,△,,0.2217,0.615,,0.483,A,63,0,◎-○軸 3着3〜4艇流し（10〜15点）,0.5777,"{'is_target': False, 'verdict': '対象外', 'max_combo_prob': None, 'est_top_odds': None, 'circle_concentration': None, 'eligible_count': 0, 'bet_adj': 0, 'reason': '1号艇rel_win1 < 45%: 通常判定に委ねる', 'tenji_trigger': ''}",,,30.6,両建て推奨,25.68,28.9,4,,,,,,,,,,,
2025-08-18,丸亀,5,6,門田　栞,B1,34.39,6,,0.9031,2.5,46,22.2,0.1606,2.9722,,,0,低,76,0,-,15,0,44,2.3533,,,,,,0.2308,0.3077,0,,,C,,,0.2339,0.5145,,0.483,A,63,0,◎-○軸 3着3〜4艇流し（10〜15点）,0.5777,"{'is_target': False, 'verdict': '対象外', 'max_combo_prob': None, 'est_top_odds': None, 'circle_concentration': None, 'eligible_count': 0, 'bet_adj': 0, 'reason': '1号艇rel_win1 < 45%: 通常判定に委ねる', 'tenji_trigger': ''}",,,30.6,両建て推奨,25.68,28.9,4,,,,,,,,,,,
2025-08-18,丸亀,6,1,秋山広一,A2,47.95,1,◎,61.4867,,0,93.7,0.1343,2.5476,,,0,低,90,0,逃0%,25,0,83.4,1.0204,0.72,,,,,0,0.168,0.168,◎,,A,△,,,0.651,,0.6837,S,97,0,◎1着固定 2-3着流し（5〜8点）,0.5777,"{'is_target': True, 'verdict': '参加推奨', 'max_combo_prob': 0.0678, 'est_top_odds': 19.7, 'circle_concentration': 78.1, 'eligible_count': 6, 'bet_adj': 2, 'reason': 'rel_win1=61.5%（本命度） / 最有力組み合わせ確率: 0.068（推定実オッズ?20倍） / 2着集中度: 上位2艇 78.1%（補正+0.04） / 総合判定確率: 0.108 / → ヒモ分散。1号艇1着固定で広めのヒモ流し推奨（買い目+2点）', 'tenji_trigger': '展示確認: ヒモ分散レース。1号艇伸び確認後、広めのヒモ流しを採用。穴ヒモ（5・6号艇）を積極的に含める。\n展示で1号艇スタート超安定(0.134秒)→ヒモ固まり方向に注意'}",,,28.3,逃げ狙い,19.92,27.2,3,,,,,0,0,0.7559,0,,逃げ軸流し,A
2025-08-18,丸亀,6,2,越智照浩,B2,31.98,2,▲,7.8134,41.7,59,35.4,0.155,3.5104,,,0,低,133,0,-,6,0,53.5,0.9231,0,0,0.0385,0,0,0.2,0.35,0.05,,,C,,,0.0969,0.563,,0.6837,S,97,0,◎1着固定 2-3着流し（5〜8点）,0.5777,"{'is_target': True, 'verdict': '参加推奨', 'max_combo_prob': 0.0678, 'est_top_odds': 19.7, 'circle_concentration': 78.1, 'eligible_count': 6, 'bet_adj': 2, 'reason': 'rel_win1=61.5%（本命度） / 最有力組み合わせ確率: 0.068（推定実オッズ?20倍） / 2着集中度: 上位2艇 78.1%（補正+0.04） / 総合判定確率: 0.108 / → ヒモ分散。1号艇1着固定で広めのヒモ流し推奨（買い目+2点）', 'tenji_trigger': '展示確認: ヒモ分散レース。1号艇伸び確認後、広めのヒモ流しを採用。穴ヒモ（5・6号艇）を積極的に含める。\n展示で1号艇スタート超安定(0.134秒)→ヒモ固まり方向に注意'}",,,28.3,逃げ狙い,19.92,27.2,3,,,,,,,,,,,
2025-08-18,丸亀,6,3,平高奈菜,A1,46.98,3,○,16.9462,36.4,99,58.3,0.1575,3.0625,,,0,低,46,0,抜0%,2,0,50.9,1.0979,0,0,0.0833,0.0833,0.0833,0.2,0,0.1333,,,B,△,,0.1879,0.6215,,0.6837,S,97,0,◎1着固定 2-3着流し（5〜8点）,0.5777,"{'is_target': True, 'verdict': '参加推奨', 'max_combo_prob': 0.0678, 'est_top_odds': 19.7, 'circle_concentration': 78.1, 'eligible_count': 6, 'bet_adj': 2, 'reason': 'rel_win1=61.5%（本命度） / 最有力組み合わせ確率: 0.068（推定実オッズ?20倍） / 2着集中度: 上位2艇 78.1%（補正+0.04） / 総合判定確率: 0.108 / → ヒモ分散。1号艇1着固定で広めのヒモ流し推奨（買い目+2点）', 'tenji_trigger': '展示確認: ヒモ分散レース。1号艇伸び確認後、広めのヒモ流しを採用。穴ヒモ（5・6号艇）を積極的に含める。\n展示で1号艇スタート超安定(0.134秒)→ヒモ固まり方向に注意'}",,,28.3,逃げ狙い,19.92,27.2,3,,,,,,,,,,,
2025-08-18,丸亀,6,4,三嶌さら,B1,31.42,4,△,4.2079,11.9,83,24.2,0.1927,4.2424,,,0,低,82,0,差0%,46,0,23.6,0.7587,0,0.0455,0,0,0,0,0.25,0,,,D,,,0.1063,0.576,,0.6837,S,97,0,◎1着固定 2-3着流し（5〜8点）,0.5777,"{'is_target': True, 'verdict': '参加推奨', 'max_combo_prob': 0.0678, 'est_top_odds': 19.7, 'circle_concentration': 78.1, 'eligible_count': 6, 'bet_adj': 2, 'reason': 'rel_win1=61.5%（本命度） / 最有力組み合わせ確率: 0.068（推定実オッズ?20倍） / 2着集中度: 上位2艇 78.1%（補正+0.04） / 総合判定確率: 0.108 / → ヒモ分散。1号艇1着固定で広めのヒモ流し推奨（買い目+2点）', 'tenji_trigger': '展示確認: ヒモ分散レース。1号艇伸び確認後、広めのヒモ流しを採用。穴ヒモ（5・6号艇）を積極的に含める。\n展示で1号艇スタート超安定(0.134秒)→ヒモ固まり方向に注意'}",,,28.3,逃げ狙い,19.92,27.2,3,,,,,,,,,,,
2025-08-18,丸亀,6,5,吉永泰弘,B1,27.56,5,,5.9509,7.1,96,40,0.1986,4,,,0,低,137,0,差0%,35,0,73.1,1.3412,0,0.0833,0,0,0,0.2376,0.4541,0.0235,,,D,○,,0.1171,0.6525,,0.6837,S,97,0,◎1着固定 2-3着流し（5〜8点）,0.5777,"{'is_target': True, 'verdict': '参加推奨', 'max_combo_prob': 0.0678, 'est_top_odds': 19.7, 'circle_concentration': 78.1, 'eligible_count': 6, 'bet_adj': 2, 'reason': 'rel_win1=61.5%（本命度） / 最有力組み合わせ確率: 0.068（推定実オッズ?20倍） / 2着集中度: 上位2艇 78.1%（補正+0.04） / 総合判定確率: 0.108 / → ヒモ分散。1号艇1着固定で広めのヒモ流し推奨（買い目+2点）', 'tenji_trigger': '展示確認: ヒモ分散レース。1号艇伸び確認後、広めのヒモ流しを採用。穴ヒモ（5・6号艇）を積極的に含める。\n展示で1号艇スタート超安定(0.134秒)→ヒモ固まり方向に注意'}",,,28.3,逃げ狙い,19.92,27.2,3,,,,,,,,,,,
2025-08-18,丸亀,6,6,森高一真,A1,26.61,6,,3.5949,2.9,100,68.8,0.1656,3.8438,,,0,低,28,0,-,31,0,42.9,1.0681,0,0.037,0,0,0,0,0.1667,0.3333,,,E,◎,,0.1813,0.685,,0.6837,S,97,0,◎1着固定 2-3着流し（5〜8点）,0.5777,"{'is_target': True, 'verdict': '参加推奨', 'max_combo_prob': 0.0678, 'est_top_odds': 19.7, 'circle_concentration': 78.1, 'eligible_count': 6, 'bet_adj': 2, 'reason': 'rel_win1=61.5%（本命度） / 最有力組み合わせ確率: 0.068（推定実オッズ?20倍） / 2着集中度: 上位2艇 78.1%（補正+0.04） / 総合判定確率: 0.108 / → ヒモ分散。1号艇1着固定で広めのヒモ流し推奨（買い目+2点）', 'tenji_trigger': '展示確認: ヒモ分散レース。1号艇伸び確認後、広めのヒモ流しを採用。穴ヒモ（5・6号艇）を積極的に含める。\n展示で1号艇スタート超安定(0.134秒)→ヒモ固まり方向に注意'}",,,28.3,逃げ狙い,19.92,27.2,3,,,,,,,,,,,
2025-08-18,丸亀,7,1,山田理央,A2,29.49,1,◎,50.5721,,0,88.6,0.134,2.4857,,,0,低,62,0,逃0%,34,0,78.4,1.1751,0.6667,,,,,0.0444,0.1444,0.0222,◎,,D,△,,,0.6,,0.5448,A,75,0,◎-○軸 3着3〜4艇流し（10〜15点）,0.5777,"{'is_target': True, 'verdict': '参加推奨', 'max_combo_prob': 0.0531, 'est_top_odds': 25.1, 'circle_concentration': 61.8, 'eligible_count': 8, 'bet_adj': 2, 'reason': 'rel_win1=50.6%（本命度） / 最有力組み合わせ確率: 0.053（推定実オッズ?25倍） / 2着集中度: 上位2艇 61.8%（補正+0.00） / 総合判定確率: 0.053 / → ヒモ分散。1号艇1着固定で広めのヒモ流し推奨（買い目+2点）', 'tenji_trigger': '展示確認: ヒモ分散レース。1号艇伸び確認後、広めのヒモ流しを採用。穴ヒモ（5・6号艇）を積極的に含める。\n展示で1号艇スタート超安定(0.134秒)→ヒモ固まり方向に注意'}",,,27.8,逃げ狙い,19.67,26.2,2,,,,,0,0,0.7559,0,,逃げ軸流し,A
2025-08-18,丸亀,7,2,川原祐明,A1,36.24,2,○,20.8378,35.1,100,72.2,0.1478,3.3611,,,0,低,110,0,差0% ま0%,43,0,61.1,1.0162,0,0.087,0.2609,0,0,0.0276,0.1014,0.0138,,,C,○,,0.2045,0.6185,,0.5448,A,75,0,◎-○軸 3着3〜4艇流し（10〜15点）,0.5777,"{'is_target': True, 'verdict': '参加推奨', 'max_combo_prob': 0.0531, 'est_top_odds': 25.1, 'circle_concentration': 61.8, 'eligible_count': 8, 'bet_adj': 2, 'reason': 'rel_win1=50.6%（本命度） / 最有力組み合わせ確率: 0.053（推定実オッズ?25倍） / 2着集中度: 上位2艇 61.8%（補正+0.00） / 総合判定確率: 0.053 / → ヒモ分散。1号艇1着固定で広めのヒモ流し推奨（買い目+2点）', 'tenji_trigger': '展示確認: ヒモ分散レース。1号艇伸び確認後、広めのヒモ流しを採用。穴ヒモ（5・6号艇）を積極的に含める。\n展示で1号艇スタート超安定(0.134秒)→ヒモ固まり方向に注意'}",,,27.8,逃げ狙い,19.67,26.2,2,,,,,,,,,,,
2025-08-18,丸亀,7,3,水谷理人,B1,38.36,3,▲,15.0642,26.8,84,61.8,0.1635,3,,,0,低,64,0,-,5,0,47.8,1.1987,0,0.05,0.1,0.1,0,0.0533,0.28,0.0267,,,B,△,,0.156,0.569,,0.5448,A,75,0,◎-○軸 3着3〜4艇流し（10〜15点）,0.5777,"{'is_target': True, 'verdict': '参加推奨', 'max_combo_prob': 0.0531, 'est_top_odds': 25.1, 'circle_concentration': 61.8, 'eligible_count': 8, 'bet_adj': 2, 'reason': 'rel_win1=50.6%（本命度） / 最有力組み合わせ確率: 0.053（推定実オッズ?25倍） / 2着集中度: 上位2艇 61.8%（補正+0.00） / 総合判定確率: 0.053 / → ヒモ分散。1号艇1着固定で広めのヒモ流し推奨（買い目+2点）', 'tenji_trigger': '展示確認: ヒモ分散レース。1号艇伸び確認後、広めのヒモ流しを採用。穴ヒモ（5・6号艇）を積極的に含める。\n展示で1号艇スタート超安定(0.134秒)→ヒモ固まり方向に注意'}",,,27.8,逃げ狙い,19.67,26.2,2,,,,,,,,,,,
2025-08-18,丸亀,7,4,塩田雄一,B1,32.29,4,,7.9542,17.7,81,35.9,0.1988,3.5859,,,0,低,147,0,-,5,0,23.9,0.8047,0,0,0.04,0.04,0.04,0.4143,0.0952,0.2071,,,D,,◎,0.1107,0.5565,0.0919,0.5448,A,75,0,◎-○軸 3着3〜4艇流し（10〜15点）,0.5777,"{'is_target': True, 'verdict': '参加推奨', 'max_combo_prob': 0.0531, 'est_top_odds': 25.1, 'circle_concentration': 61.8, 'eligible_count': 8, 'bet_adj': 2, 'reason': 'rel_win1=50.6%（本命度） / 最有力組み合わせ確率: 0.053（推定実オッズ?25倍） / 2着集中度: 上位2艇 61.8%（補正+0.00） / 総合判定確率: 0.053 / → ヒモ分散。1号艇1着固定で広めのヒモ流し推奨（買い目+2点）', 'tenji_trigger': '展示確認: ヒモ分散レース。1号艇伸び確認後、広めのヒモ流しを採用。穴ヒモ（5・6号艇）を積極的に含める。\n展示で1号艇スタート超安定(0.134秒)→ヒモ固まり方向に注意'}",,,27.8,逃げ狙い,19.67,26.2,2,,,,,,,,,,,
2025-08-18,丸亀,7,5,片岡雅裕,A1,35.11,5,,4.4606,19.5,85,57.1,0.1071,2.4286,,,0,低,5,1,-,2,0,42.4,1.2955,,,,,,0.0286,0,0.3571,,,C,◎,,0.3987,0.8292,,0.5448,A,75,0,◎-○軸 3着3〜4艇流し（10〜15点）,0.5777,"{'is_target': True, 'verdict': '参加推奨', 'max_combo_prob': 0.0531, 'est_top_odds': 25.1, 'circle_concentration': 61.8, 'eligible_count': 8, 'bet_adj': 2, 'reason': 'rel_win1=50.6%（本命度） / 最有力組み合わせ確率: 0.053（推定実オッズ?25倍） / 2着集中度: 上位2艇 61.8%（補正+0.00） / 総合判定確率: 0.053 / → ヒモ分散。1号艇1着固定で広めのヒモ流し推奨（買い目+2点）', 'tenji_trigger': '展示確認: ヒモ分散レース。1号艇伸び確認後、広めのヒモ流しを採用。穴ヒモ（5・6号艇）を積極的に含める。\n展示で1号艇スタート超安定(0.134秒)→ヒモ固まり方向に注意'}",,,27.8,逃げ狙い,19.67,26.2,2,,,,,,,,,,,
2025-08-18,丸亀,7,6,西岡蒼志,B1,39.21,6,△,1.1111,1,34,10.1,0.1935,4.2563,,,0,低,79,0,-,3,0,100,3.1044,,,,,,0,0.27,0,,,B,,,0.135,0.528,,0.5448,A,75,0,◎-○軸 3着3〜4艇流し（10〜15点）,0.5777,"{'is_target': True, 'verdict': '参加推奨', 'max_combo_prob': 0.0531, 'est_top_odds': 25.1, 'circle_concentration': 61.8, 'eligible_count': 8, 'bet_adj': 2, 'reason': 'rel_win1=50.6%（本命度） / 最有力組み合わせ確率: 0.053（推定実オッズ?25倍） / 2着集中度: 上位2艇 61.8%（補正+0.00） / 総合判定確率: 0.053 / → ヒモ分散。1号艇1着固定で広めのヒモ流し推奨（買い目+2点）', 'tenji_trigger': '展示確認: ヒモ分散レース。1号艇伸び確認後、広めのヒモ流しを採用。穴ヒモ（5・6号艇）を積極的に含める。\n展示で1号艇スタート超安定(0.134秒)→ヒモ固まり方向に注意'}",,,27.8,逃げ狙い,19.67,26.2,2,,,,,,,,,,,
2025-08-18,丸亀,8,1,中岡正彦,A1,31.53,1,◎,68.8837,,0,93.3,0.1175,2.4083,,,0,低,42,0,逃1%,2,0,76.5,1.1213,0.7647,,,,,0.1103,0,0.0588,◎,,D,◎,,,0.649,,0.6957,S,100,0,◎1着固定 2-3着流し（5〜8点）,0.5777,"{'is_target': True, 'verdict': '参加推奨', 'max_combo_prob': 0.1064, 'est_top_odds': 12.5, 'circle_concentration': 69.3, 'eligible_count': 6, 'bet_adj': 2, 'reason': 'rel_win1=68.9%（本命度） / 最有力組み合わせ確率: 0.106（推定実オッズ?12倍） / 2着集中度: 上位2艇 69.3%（補正+0.00） / 総合判定確率: 0.106 / → ヒモ分散。1号艇1着固定で広めのヒモ流し推奨（買い目+2点）', 'tenji_trigger': '展示確認: ヒモ分散レース。1号艇伸び確認後、広めのヒモ流しを採用。穴ヒモ（5・6号艇）を積極的に含める。\n展示で1号艇スタート超安定(0.117秒)→ヒモ固まり方向に注意'}",,,25.2,逃げ狙い,13.37,24.2,2,,,,,0,0,0.7559,0,,逃げ軸流し,A
2025-08-18,丸亀,8,2,古田祐貴,A2,33.18,2,,11.7921,41.9,100,75,0.152,3.1917,,,0,低,105,0,差0%,14,0,100,0.7819,0,0.125,0,0,0,0.2088,0.1971,0.1338,,,C,○,,0.0784,0.6265,,0.6957,S,100,0,◎1着固定 2-3着流し（5〜8点）,0.5777,"{'is_target': True, 'verdict': '参加推奨', 'max_combo_prob': 0.1064, 'est_top_odds': 12.5, 'circle_concentration': 69.3, 'eligible_count': 6, 'bet_adj': 2, 'reason': 'rel_win1=68.9%（本命度） / 最有力組み合わせ確率: 0.106（推定実オッズ?12倍） / 2着集中度: 上位2艇 69.3%（補正+0.00） / 総合判定確率: 0.106 / → ヒモ分散。1号艇1着固定で広めのヒモ流し推奨（買い目+2点）', 'tenji_trigger': '展示確認: ヒモ分散レース。1号艇伸び確認後、広めのヒモ流しを採用。穴ヒモ（5・6号艇）を積極的に含める。\n展示で1号艇スタート超安定(0.117秒)→ヒモ固まり方向に注意'}",,,25.2,逃げ狙い,13.37,24.2,2,,,,,,,,,,,
2025-08-18,丸亀,8,3,嶋田貴支,B1,34.10,3,▲,5.167,27.4,73,54.4,0.1676,3.3162,,,0,低,134,0,-,6,0,87.9,1.9192,0,0.0312,0,0.0312,0,0.0174,0.0522,0.1174,,,B,,,0.1051,0.6045,,0.6957,S,100,0,◎1着固定 2-3着流し（5〜8点）,0.5777,"{'is_target': True, 'verdict': '参加推奨', 'max_combo_prob': 0.1064, 'est_top_odds': 12.5, 'circle_concentration': 69.3, 'eligible_count': 6, 'bet_adj': 2, 'reason': 'rel_win1=68.9%（本命度） / 最有力組み合わせ確率: 0.106（推定実オッズ?12倍） / 2着集中度: 上位2艇 69.3%（補正+0.00） / 総合判定確率: 0.106 / → ヒモ分散。1号艇1着固定で広めのヒモ流し推奨（買い目+2点）', 'tenji_trigger': '展示確認: ヒモ分散レース。1号艇伸び確認後、広めのヒモ流しを採用。穴ヒモ（5・6号艇）を積極的に含める。\n展示で1号艇スタート超安定(0.117秒)→ヒモ固まり方向に注意'}",,,25.2,逃げ狙い,13.37,24.2,2,,,,,,,,,,,
2025-08-18,丸亀,8,4,西丸侑太,A2,33.48,4,○,9.3685,22,58,58.8,0.1496,3.1373,,,0,低,100,0,ま0%,36,0,51.2,1.0396,0,0,0.08,0.04,0.08,0,0.1314,0.0429,,,C,△,◎,0.1742,0.6105,0.4096,0.6957,S,100,0,◎1着固定 2-3着流し（5〜8点）,0.5777,"{'is_target': True, 'verdict': '参加推奨', 'max_combo_prob': 0.1064, 'est_top_odds': 12.5, 'circle_concentration': 69.3, 'eligible_count': 6, 'bet_adj': 2, 'reason': 'rel_win1=68.9%（本命度） / 最有力組み合わせ確率: 0.106（推定実オッズ?12倍） / 2着集中度: 上位2艇 69.3%（補正+0.00） / 総合判定確率: 0.106 / → ヒモ分散。1号艇1着固定で広めのヒモ流し推奨（買い目+2点）', 'tenji_trigger': '展示確認: ヒモ分散レース。1号艇伸び確認後、広めのヒモ流しを採用。穴ヒモ（5・6号艇）を積極的に含める。\n展示で1号艇スタート超安定(0.117秒)→ヒモ固まり方向に注意'}",,,25.2,逃げ狙い,13.37,24.2,2,,,,,,,,,,,
2025-08-18,丸亀,8,5,大西隆洋,B1,33.48,5,,3.732,8.3,51,24.1,0.136,2.7328,,,0,低,103,0,-,6,0,35.6,2.0069,0,0,0,0.0833,0,0.3077,0.0769,0.3077,,,C,△,,0.2338,0.6055,,0.6957,S,100,0,◎1着固定 2-3着流し（5〜8点）,0.5777,"{'is_target': True, 'verdict': '参加推奨', 'max_combo_prob': 0.1064, 'est_top_odds': 12.5, 'circle_concentration': 69.3, 'eligible_count': 6, 'bet_adj': 2, 'reason': 'rel_win1=68.9%（本命度） / 最有力組み合わせ確率: 0.106（推定実オッズ?12倍） / 2着集中度: 上位2艇 69.3%（補正+0.00） / 総合判定確率: 0.106 / → ヒモ分散。1号艇1着固定で広めのヒモ流し推奨（買い目+2点）', 'tenji_trigger': '展示確認: ヒモ分散レース。1号艇伸び確認後、広めのヒモ流しを採用。穴ヒモ（5・6号艇）を積極的に含める。\n展示で1号艇スタート超安定(0.117秒)→ヒモ固まり方向に注意'}",,,25.2,逃げ狙い,13.37,24.2,2,,,,,,,,,,,
2025-08-18,丸亀,8,6,三嶌ここ,B1,38.50,6,△,1.0567,0.4,16,3.1,0.2364,5.2344,,,0,低,114,0,-,1,0,30.5,0.6572,,,,,,0.0571,0.0571,0.3143,,,B,,,0.1374,0.553,,0.6957,S,100,0,◎1着固定 2-3着流し（5〜8点）,0.5777,"{'is_target': True, 'verdict': '参加推奨', 'max_combo_prob': 0.1064, 'est_top_odds': 12.5, 'circle_concentration': 69.3, 'eligible_count': 6, 'bet_adj': 2, 'reason': 'rel_win1=68.9%（本命度） / 最有力組み合わせ確率: 0.106（推定実オッズ?12倍） / 2着集中度: 上位2艇 69.3%（補正+0.00） / 総合判定確率: 0.106 / → ヒモ分散。1号艇1着固定で広めのヒモ流し推奨（買い目+2点）', 'tenji_trigger': '展示確認: ヒモ分散レース。1号艇伸び確認後、広めのヒモ流しを採用。穴ヒモ（5・6号艇）を積極的に含める。\n展示で1号艇スタート超安定(0.117秒)→ヒモ固まり方向に注意'}",,,25.2,逃げ狙い,13.37,24.2,2,,,,,,,,,,,
2025-08-18,丸亀,9,1,中村晃朋,A1,41.44,1,◎,60.6824,,0,87.7,0.1656,3.4474,,,0,低,56,0,逃1% 抜0%,35,0,67.8,1.1032,0.6818,,,,,0.1745,0,0.1564,○,,A,○,,,0.678,,0.4081,S,95,0,◎1着固定 2-3着流し（5〜8点）,0.5777,"{'is_target': True, 'verdict': '点数絞り', 'max_combo_prob': 0.114, 'est_top_odds': 11.7, 'circle_concentration': 80.0, 'eligible_count': 6, 'bet_adj': 0, 'reason': 'rel_win1=60.7%（本命度） / 最有力組み合わせ確率: 0.114（推定実オッズ?12倍） / 2着集中度: 上位2艇 80.0%（補正+0.04） / 総合判定確率: 0.154 / → ヒモはやや固め。上位2艇以外を切ること', 'tenji_trigger': '展示確認: 1号艇伸び良→そのまま採用。悪→飛び組に差し替え。circle_pct上位2艇に絞り込むこと。'}",,,28.5,逃げ狙い,18.41,29.2,2,,,,,0,0,0.6155,0,,主役軸流し,B
2025-08-18,丸亀,9,2,木谷賢太,A2,27.06,2,,13.2478,44.7,60,76.4,0.152,3.5909,,,0,低,107,0,差0%,2,0,28.8,0.8817,0,0.25,0.0357,0,0,0.0343,0.0114,0.1957,,○,E,△,,0.4919,0.663,,0.4081,S,95,0,◎1着固定 2-3着流し（5〜8点）,0.5777,"{'is_target': True, 'verdict': '点数絞り', 'max_combo_prob': 0.114, 'est_top_odds': 11.7, 'circle_concentration': 80.0, 'eligible_count': 6, 'bet_adj': 0, 'reason': 'rel_win1=60.7%（本命度） / 最有力組み合わせ確率: 0.114（推定実オッズ?12倍） / 2着集中度: 上位2艇 80.0%（補正+0.04） / 総合判定確率: 0.154 / → ヒモはやや固め。上位2艇以外を切ること', 'tenji_trigger': '展示確認: 1号艇伸び良→そのまま採用。悪→飛び組に差し替え。circle_pct上位2艇に絞り込むこと。'}",,,28.5,逃げ狙い,18.41,29.2,2,,,,,,,,,,,
2025-08-18,丸亀,9,3,嶋　義信,A2,40.74,3,○,12.6813,35.3,42,73.8,0.1267,2.6066,,,0,低,90,0,差ま0%,14,0,79.2,0.9892,0,0,0,0.1818,0,0.125,0.15,0.1875,,◎,B,△,,0.493,0.632,,0.4081,S,95,0,◎1着固定 2-3着流し（5〜8点）,0.5777,"{'is_target': True, 'verdict': '点数絞り', 'max_combo_prob': 0.114, 'est_top_odds': 11.7, 'circle_concentration': 80.0, 'eligible_count': 6, 'bet_adj': 0, 'reason': 'rel_win1=60.7%（本命度） / 最有力組み合わせ確率: 0.114（推定実オッズ?12倍） / 2着集中度: 上位2艇 80.0%（補正+0.04） / 総合判定確率: 0.154 / → ヒモはやや固め。上位2艇以外を切ること', 'tenji_trigger': '展示確認: 1号艇伸び良→そのまま採用。悪→飛び組に差し替え。circle_pct上位2艇に絞り込むこと。'}",,,28.5,逃げ狙い,18.41,29.2,2,,,,,,,,,,,
2025-08-18,丸亀,9,4,松下知幸,B1,32.30,4,▲,4.975,6.1,44,27,0.1722,3.6429,,,0,低,152,0,-,3,0,92.5,1.8568,0,0.0435,0.0435,0.0435,0,0.2152,0.1581,0.1962,,,C,,,0.2601,0.5965,,0.4081,S,95,0,◎1着固定 2-3着流し（5〜8点）,0.5777,"{'is_target': True, 'verdict': '点数絞り', 'max_combo_prob': 0.114, 'est_top_odds': 11.7, 'circle_concentration': 80.0, 'eligible_count': 6, 'bet_adj': 0, 'reason': 'rel_win1=60.7%（本命度） / 最有力組み合わせ確率: 0.114（推定実オッズ?12倍） / 2着集中度: 上位2艇 80.0%（補正+0.04） / 総合判定確率: 0.154 / → ヒモはやや固め。上位2艇以外を切ること', 'tenji_trigger': '展示確認: 1号艇伸び良→そのまま採用。悪→飛び組に差し替え。circle_pct上位2艇に絞り込むこと。'}",,,28.5,逃げ狙い,18.41,29.2,2,,,,,,,,,,,
2025-08-18,丸亀,9,5,中田元泰,A1,29.55,5,△,2.6932,9,100,50,0.1473,3.6731,,,0,低,90,0,-,54,0,33.3,1.6426,,,,,,0.0323,0.1613,0,,,D,◎,,0.371,0.685,,0.4081,S,95,0,◎1着固定 2-3着流し（5〜8点）,0.5777,"{'is_target': True, 'verdict': '点数絞り', 'max_combo_prob': 0.114, 'est_top_odds': 11.7, 'circle_concentration': 80.0, 'eligible_count': 6, 'bet_adj': 0, 'reason': 'rel_win1=60.7%（本命度） / 最有力組み合わせ確率: 0.114（推定実オッズ?12倍） / 2着集中度: 上位2艇 80.0%（補正+0.04） / 総合判定確率: 0.154 / → ヒモはやや固め。上位2艇以外を切ること', 'tenji_trigger': '展示確認: 1号艇伸び良→そのまま採用。悪→飛び組に差し替え。circle_pct上位2艇に絞り込むこと。'}",,,28.5,逃げ狙い,18.41,29.2,2,,,,,,,,,,,
2025-08-18,丸亀,9,6,妻鳥晋也,B1,31.74,6,,5.7204,4.9,52,35.7,0.1767,4.1548,,,0,低,151,0,-,1,0,100,2.4611,0,0,0,0.0588,0.0588,0.25,0.21,0.23,,,D,,,0.25,0.601,,0.4081,S,95,0,◎1着固定 2-3着流し（5〜8点）,0.5777,"{'is_target': True, 'verdict': '点数絞り', 'max_combo_prob': 0.114, 'est_top_odds': 11.7, 'circle_concentration': 80.0, 'eligible_count': 6, 'bet_adj': 0, 'reason': 'rel_win1=60.7%（本命度） / 最有力組み合わせ確率: 0.114（推定実オッズ?12倍） / 2着集中度: 上位2艇 80.0%（補正+0.04） / 総合判定確率: 0.154 / → ヒモはやや固め。上位2艇以外を切ること', 'tenji_trigger': '展示確認: 1号艇伸び良→そのまま採用。悪→飛び組に差し替え。circle_pct上位2艇に絞り込むこと。'}",,,28.5,逃げ狙い,18.41,29.2,2,,,,,,,,,,,
2025-08-18,丸亀,10,1,石丸海渡,A1,33.64,1,◎,64.9928,,0,95.2,0.1129,1.8651,,,0,低,26,0,逃1%,26,0,64.9,1.045,0.875,,,,,0.0792,0.0125,0,◎,,D,◎,,,0.687,,0.7956,S,92,0,◎1着固定 2-3着流し（5〜8点）,0.5777,"{'is_target': True, 'verdict': '参加推奨', 'max_combo_prob': 0.099, 'est_top_odds': 13.5, 'circle_concentration': 67.9, 'eligible_count': 6, 'bet_adj': 2, 'reason': 'rel_win1=65.0%（本命度） / 最有力組み合わせ確率: 0.099（推定実オッズ?14倍） / 2着集中度: 上位2艇 67.9%（補正+0.00） / 総合判定確率: 0.099 / → ヒモ分散。1号艇1着固定で広めのヒモ流し推奨（買い目+2点）', 'tenji_trigger': '展示確認: ヒモ分散レース。1号艇伸び確認後、広めのヒモ流しを採用。穴ヒモ（5・6号艇）を積極的に含める。\n展示で1号艇スタート超安定(0.113秒)→ヒモ固まり方向に注意'}",,,26.7,逃げ狙い,19.91,22.8,2,,,,,0,0,0.7559,0,,逃げ軸流し,A
2025-08-18,丸亀,10,2,海野康志,A1,29.61,2,△,13.5717,44.8,68,82.3,0.1403,3.2647,,,0,低,38,0,差0%,51,0,72.6,1.534,0,0.2941,0.0588,0,0.0588,0,0.0387,0.2516,,,E,△,,0.1153,0.6265,,0.7956,S,92,0,◎1着固定 2-3着流し（5〜8点）,0.5777,"{'is_target': True, 'verdict': '参加推奨', 'max_combo_prob': 0.099, 'est_top_odds': 13.5, 'circle_concentration': 67.9, 'eligible_count': 6, 'bet_adj': 2, 'reason': 'rel_win1=65.0%（本命度） / 最有力組み合わせ確率: 0.099（推定実オッズ?14倍） / 2着集中度: 上位2艇 67.9%（補正+0.00） / 総合判定確率: 0.099 / → ヒモ分散。1号艇1着固定で広めのヒモ流し推奨（買い目+2点）', 'tenji_trigger': '展示確認: ヒモ分散レース。1号艇伸び確認後、広めのヒモ流しを採用。穴ヒモ（5・6号艇）を積極的に含める。\n展示で1号艇スタート超安定(0.113秒)→ヒモ固まり方向に注意'}",,,26.7,逃げ狙い,19.91,22.8,2,,,,,,,,,,,
2025-08-18,丸亀,10,3,原村拓也,B1,31.22,3,,6.1874,19.6,100,50.7,0.1648,3.6087,,,0,低,159,0,-,2,0,28.1,0.9242,,,,,,0.3114,0.1257,0.02,,,D,,,0.1287,0.5855,,0.7956,S,92,0,◎1着固定 2-3着流し（5〜8点）,0.5777,"{'is_target': True, 'verdict': '参加推奨', 'max_combo_prob': 0.099, 'est_top_odds': 13.5, 'circle_concentration': 67.9, 'eligible_count': 6, 'bet_adj': 2, 'reason': 'rel_win1=65.0%（本命度） / 最有力組み合わせ確率: 0.099（推定実オッズ?14倍） / 2着集中度: 上位2艇 67.9%（補正+0.00） / 総合判定確率: 0.099 / → ヒモ分散。1号艇1着固定で広めのヒモ流し推奨（買い目+2点）', 'tenji_trigger': '展示確認: ヒモ分散レース。1号艇伸び確認後、広めのヒモ流しを採用。穴ヒモ（5・6号艇）を積極的に含める。\n展示で1号艇スタート超安定(0.113秒)→ヒモ固まり方向に注意'}",,,26.7,逃げ狙い,19.91,22.8,2,,,,,,,,,,,
2025-08-18,丸亀,10,4,秋山広一,A2,47.95,4,○,8.4457,12.2,88,50.8,0.1559,3.2131,,,0,低,90,0,-,25,0,44.1,0.8468,0,0,0,0,0.0357,0,0.168,0.168,,,A,○,◎,0.1428,0.651,0.3663,0.7956,S,92,0,◎1着固定 2-3着流し（5〜8点）,0.5777,"{'is_target': True, 'verdict': '参加推奨', 'max_combo_prob': 0.099, 'est_top_odds': 13.5, 'circle_concentration': 67.9, 'eligible_count': 6, 'bet_adj': 2, 'reason': 'rel_win1=65.0%（本命度） / 最有力組み合わせ確率: 0.099（推定実オッズ?14倍） / 2着集中度: 上位2艇 67.9%（補正+0.00） / 総合判定確率: 0.099 / → ヒモ分散。1号艇1着固定で広めのヒモ流し推奨（買い目+2点）', 'tenji_trigger': '展示確認: ヒモ分散レース。1号艇伸び確認後、広めのヒモ流しを採用。穴ヒモ（5・6号艇）を積極的に含める。\n展示で1号艇スタート超安定(0.113秒)→ヒモ固まり方向に注意'}",,,26.7,逃げ狙い,19.91,22.8,2,,,,,,,,,,,
2025-08-18,丸亀,10,5,近江翔吾,A1,46.82,5,▲,5.8134,23.1,57,57.8,0.1538,3.3,,,0,低,52,0,差ま0%,52,0,29.6,1.0617,0,0,0,0.1154,0,0.0811,0.0541,0.027,,,B,△,,0.1687,0.6415,,0.7956,S,92,0,◎1着固定 2-3着流し（5〜8点）,0.5777,"{'is_target': True, 'verdict': '参加推奨', 'max_combo_prob': 0.099, 'est_top_odds': 13.5, 'circle_concentration': 67.9, 'eligible_count': 6, 'bet_adj': 2, 'reason': 'rel_win1=65.0%（本命度） / 最有力組み合わせ確率: 0.099（推定実オッズ?14倍） / 2着集中度: 上位2艇 67.9%（補正+0.00） / 総合判定確率: 0.099 / → ヒモ分散。1号艇1着固定で広めのヒモ流し推奨（買い目+2点）', 'tenji_trigger': '展示確認: ヒモ分散レース。1号艇伸び確認後、広めのヒモ流しを採用。穴ヒモ（5・6号艇）を積極的に含める。\n展示で1号艇スタート超安定(0.113秒)→ヒモ固まり方向に注意'}",,,26.7,逃げ狙い,19.91,22.8,2,,,,,,,,,,,
2025-08-18,丸亀,10,6,上田隆章,B1,36.84,6,,0.9891,0.3,49,16.1,0.2268,5.1696,,,0,低,192,0,-,1,0,100,2.8475,,,,,,0.3,0.22,0.1,,,C,,,0.1364,0.5515,,0.7956,S,92,0,◎1着固定 2-3着流し（5〜8点）,0.5777,"{'is_target': True, 'verdict': '参加推奨', 'max_combo_prob': 0.099, 'est_top_odds': 13.5, 'circle_concentration': 67.9, 'eligible_count': 6, 'bet_adj': 2, 'reason': 'rel_win1=65.0%（本命度） / 最有力組み合わせ確率: 0.099（推定実オッズ?14倍） / 2着集中度: 上位2艇 67.9%（補正+0.00） / 総合判定確率: 0.099 / → ヒモ分散。1号艇1着固定で広めのヒモ流し推奨（買い目+2点）', 'tenji_trigger': '展示確認: ヒモ分散レース。1号艇伸び確認後、広めのヒモ流しを採用。穴ヒモ（5・6号艇）を積極的に含める。\n展示で1号艇スタート超安定(0.113秒)→ヒモ固まり方向に注意'}",,,26.7,逃げ狙い,19.91,22.8,2,,,,,,,,,,,
2025-08-18,丸亀,11,1,川原祐明,A1,36.24,1,◎,57.157,,0,90.3,0.1744,3.5565,,,0,低,110,0,逃0% 抜0%,43,0,81.5,1.2207,0.6897,,,,,0.0276,0.1014,0.0138,○,,C,,,,0.6185,,0.3967,S,87,0,◎1着固定 2-3着流し（5〜8点）,0.5777,"{'is_target': True, 'verdict': '点数絞り', 'max_combo_prob': 0.106, 'est_top_odds': 12.6, 'circle_concentration': 79.0, 'eligible_count': 6, 'bet_adj': 0, 'reason': 'rel_win1=57.2%（本命度） / 最有力組み合わせ確率: 0.106（推定実オッズ?13倍） / 2着集中度: 上位2艇 79.0%（補正+0.04） / 総合判定確率: 0.146 / → ヒモはやや固め。上位2艇以外を切ること', 'tenji_trigger': '展示確認: 1号艇伸び良→そのまま採用。悪→飛び組に差し替え。circle_pct上位2艇に絞り込むこと。'}",,,33.5,逃げ狙い,22.2,25.9,3,,,,,0,0,0.6155,0,,逃げ軸流し,A
2025-08-18,丸亀,11,2,西岡顕心,A1,41.18,2,○,18.6835,58.6,67,80,0.1503,3.05,,,0,低,55,0,差0%,13,0,36.6,0.9397,0,0.1,0,0,0,0,0.0714,0,,◎,B,△,,0.5633,0.6245,,0.3967,S,87,0,◎1着固定 2-3着流し（5〜8点）,0.5777,"{'is_target': True, 'verdict': '点数絞り', 'max_combo_prob': 0.106, 'est_top_odds': 12.6, 'circle_concentration': 79.0, 'eligible_count': 6, 'bet_adj': 0, 'reason': 'rel_win1=57.2%（本命度） / 最有力組み合わせ確率: 0.106（推定実オッズ?13倍） / 2着集中度: 上位2艇 79.0%（補正+0.04） / 総合判定確率: 0.146 / → ヒモはやや固め。上位2艇以外を切ること', 'tenji_trigger': '展示確認: 1号艇伸び良→そのまま採用。悪→飛び組に差し替え。circle_pct上位2艇に絞り込むこと。'}",,,33.5,逃げ狙い,22.2,25.9,3,,,,,,,,,,,
2025-08-18,丸亀,11,3,森高一真,A1,26.61,3,,13.0765,20.4,75,66.7,0.1486,3.0952,,,0,低,28,0,差ま0%,31,0,25.6,0.8283,0,0,0.25,0.25,0,0,0.1667,0.3333,,○,E,◎,,0.4899,0.685,,0.3967,S,87,0,◎1着固定 2-3着流し（5〜8点）,0.5777,"{'is_target': True, 'verdict': '点数絞り', 'max_combo_prob': 0.106, 'est_top_odds': 12.6, 'circle_concentration': 79.0, 'eligible_count': 6, 'bet_adj': 0, 'reason': 'rel_win1=57.2%（本命度） / 最有力組み合わせ確率: 0.106（推定実オッズ?13倍） / 2着集中度: 上位2艇 79.0%（補正+0.04） / 総合判定確率: 0.146 / → ヒモはやや固め。上位2艇以外を切ること', 'tenji_trigger': '展示確認: 1号艇伸び良→そのまま採用。悪→飛び組に差し替え。circle_pct上位2艇に絞り込むこと。'}",,,33.5,逃げ狙い,22.2,25.9,3,,,,,,,,,,,
2025-08-18,丸亀,11,4,松尾　祭,A2,42.73,4,▲,7.9047,14.1,100,61.1,0.1704,3.9444,,,0,低,144,0,-,3,0,77.8,0.8257,0,0,0.0357,0,0,0.1086,0.0654,0.2501,,,B,△,◎,0.2907,0.6215,0.2519,0.3967,S,87,0,◎1着固定 2-3着流し（5〜8点）,0.5777,"{'is_target': True, 'verdict': '点数絞り', 'max_combo_prob': 0.106, 'est_top_odds': 12.6, 'circle_concentration': 79.0, 'eligible_count': 6, 'bet_adj': 0, 'reason': 'rel_win1=57.2%（本命度） / 最有力組み合わせ確率: 0.106（推定実オッズ?13倍） / 2着集中度: 上位2艇 79.0%（補正+0.04） / 総合判定確率: 0.146 / → ヒモはやや固め。上位2艇以外を切ること', 'tenji_trigger': '展示確認: 1号艇伸び良→そのまま採用。悪→飛び組に差し替え。circle_pct上位2艇に絞り込むこと。'}",,,33.5,逃げ狙い,22.2,25.9,3,,,,,,,,,,,
2025-08-18,丸亀,11,5,中村桃佳,B1,39.25,5,△,2.2988,3.9,81,47.8,0.147,3.1957,,,0,低,41,0,-,1,0,96.9,1.8664,,,,,,0.0471,0.0706,0.2706,,△,C,,,0.4007,0.6205,,0.3967,S,87,0,◎1着固定 2-3着流し（5〜8点）,0.5777,"{'is_target': True, 'verdict': '点数絞り', 'max_combo_prob': 0.106, 'est_top_odds': 12.6, 'circle_concentration': 79.0, 'eligible_count': 6, 'bet_adj': 0, 'reason': 'rel_win1=57.2%（本命度） / 最有力組み合わせ確率: 0.106（推定実オッズ?13倍） / 2着集中度: 上位2艇 79.0%（補正+0.04） / 総合判定確率: 0.146 / → ヒモはやや固め。上位2艇以外を切ること', 'tenji_trigger': '展示確認: 1号艇伸び良→そのまま採用。悪→飛び組に差し替え。circle_pct上位2艇に絞り込むこと。'}",,,33.5,逃げ狙い,22.2,25.9,3,,,,,,,,,,,
2025-08-18,丸亀,11,6,宮崎　奨,A2,29.78,6,,0.8795,3,60,29,0.1816,4.4032,,,0,低,134,0,-,16,0,31.5,1.6794,,,,,,0.0343,0.1571,0.2686,,,D,○,,0.2871,0.658,,0.3967,S,87,0,◎1着固定 2-3着流し（5〜8点）,0.5777,"{'is_target': True, 'verdict': '点数絞り', 'max_combo_prob': 0.106, 'est_top_odds': 12.6, 'circle_concentration': 79.0, 'eligible_count': 6, 'bet_adj': 0, 'reason': 'rel_win1=57.2%（本命度） / 最有力組み合わせ確率: 0.106（推定実オッズ?13倍） / 2着集中度: 上位2艇 79.0%（補正+0.04） / 総合判定確率: 0.146 / → ヒモはやや固め。上位2艇以外を切ること', 'tenji_trigger': '展示確認: 1号艇伸び良→そのまま採用。悪→飛び組に差し替え。circle_pct上位2艇に絞り込むこと。'}",,,33.5,逃げ狙い,22.2,25.9,3,,,,,,,,,,,
2025-08-18,丸亀,12,1,片岡雅裕,A1,35.11,1,◎,54.7972,,0,93.1,0.129,2.5172,,,0,低,5,0,逃1%,2,0,67.3,0.9932,0.7857,,,,,0.0286,0,0.3571,◎,,C,◎,,,0.8292,,0.6421,S,100,0,◎1着固定 2-3着流し（5〜8点）,0.5777,"{'is_target': True, 'verdict': '参加推奨', 'max_combo_prob': 0.0585, 'est_top_odds': 22.8, 'circle_concentration': 65.2, 'eligible_count': 6, 'bet_adj': 2, 'reason': 'rel_win1=54.8%（本命度） / 最有力組み合わせ確率: 0.059（推定実オッズ?23倍） / 2着集中度: 上位2艇 65.2%（補正+0.00） / 総合判定確率: 0.059 / → ヒモ分散。1号艇1着固定で広めのヒモ流し推奨（買い目+2点）', 'tenji_trigger': '展示確認: ヒモ分散レース。1号艇伸び確認後、広めのヒモ流しを採用。穴ヒモ（5・6号艇）を積極的に含める。\n展示で1号艇スタート超安定(0.129秒)→ヒモ固まり方向に注意'}",,,29.9,逃げ狙い,27.49,25.4,3,,,,,0,0,0.7559,0,,逃げ軸流し,A
2025-08-18,丸亀,12,2,中岡正彦,A1,31.53,2,,8.8221,36,77,63.5,0.1477,2.9231,,,0,低,42,0,差0%,2,0,62.5,0.9991,0,0.0909,0.1364,0,0,0.1103,0,0.0588,,,D,△,,0.1391,0.649,,0.6421,S,100,0,◎1着固定 2-3着流し（5〜8点）,0.5777,"{'is_target': True, 'verdict': '参加推奨', 'max_combo_prob': 0.0585, 'est_top_odds': 22.8, 'circle_concentration': 65.2, 'eligible_count': 6, 'bet_adj': 2, 'reason': 'rel_win1=54.8%（本命度） / 最有力組み合わせ確率: 0.059（推定実オッズ?23倍） / 2着集中度: 上位2艇 65.2%（補正+0.00） / 総合判定確率: 0.059 / → ヒモ分散。1号艇1着固定で広めのヒモ流し推奨（買い目+2点）', 'tenji_trigger': '展示確認: ヒモ分散レース。1号艇伸び確認後、広めのヒモ流しを採用。穴ヒモ（5・6号艇）を積極的に含める。\n展示で1号艇スタート超安定(0.129秒)→ヒモ固まり方向に注意'}",,,29.9,逃げ狙い,27.49,25.4,3,,,,,,,,,,,
2025-08-18,丸亀,12,3,重成一人,A1,37.17,3,▲,13.2869,22.6,88,71.9,0.1441,3.0156,,,0,低,51,0,-,1,0,46.5,1.1917,0,0,0,0.2778,0,0.0533,0.2533,0.0133,,,C,,,0.2753,0.6315,,0.6421,S,100,0,◎1着固定 2-3着流し（5〜8点）,0.5777,"{'is_target': True, 'verdict': '参加推奨', 'max_combo_prob': 0.0585, 'est_top_odds': 22.8, 'circle_concentration': 65.2, 'eligible_count': 6, 'bet_adj': 2, 'reason': 'rel_win1=54.8%（本命度） / 最有力組み合わせ確率: 0.059（推定実オッズ?23倍） / 2着集中度: 上位2艇 65.2%（補正+0.00） / 総合判定確率: 0.059 / → ヒモ分散。1号艇1着固定で広めのヒモ流し推奨（買い目+2点）', 'tenji_trigger': '展示確認: ヒモ分散レース。1号艇伸び確認後、広めのヒモ流しを採用。穴ヒモ（5・6号艇）を積極的に含める。\n展示で1号艇スタート超安定(0.129秒)→ヒモ固まり方向に注意'}",,,29.9,逃げ狙い,27.49,25.4,3,,,,,,,,,,,
2025-08-18,丸亀,12,4,三嶌誠司,A1,39.82,4,△,9.1353,29.2,72,71.4,0.149,2.9405,,,0,低,84,0,-,62,0,28.9,0.8521,0,0,0,0,0.1,0.1235,0.1643,0.0959,,,B,○,○,0.2271,0.669,0.3485,0.6421,S,100,0,◎1着固定 2-3着流し（5〜8点）,0.5777,"{'is_target': True, 'verdict': '参加推奨', 'max_combo_prob': 0.0585, 'est_top_odds': 22.8, 'circle_concentration': 65.2, 'eligible_count': 6, 'bet_adj': 2, 'reason': 'rel_win1=54.8%（本命度） / 最有力組み合わせ確率: 0.059（推定実オッズ?23倍） / 2着集中度: 上位2艇 65.2%（補正+0.00） / 総合判定確率: 0.059 / → ヒモ分散。1号艇1着固定で広めのヒモ流し推奨（買い目+2点）', 'tenji_trigger': '展示確認: ヒモ分散レース。1号艇伸び確認後、広めのヒモ流しを採用。穴ヒモ（5・6号艇）を積極的に含める。\n展示で1号艇スタート超安定(0.129秒)→ヒモ固まり方向に注意'}",,,29.9,逃げ狙い,27.49,25.4,3,,,,,,,,,,,
2025-08-18,丸亀,12,5,平高奈菜,A1,46.98,5,○,12.1773,10.4,77,66.7,0.1447,2.9667,,,0,低,46,0,-,2,0,38.3,1.2624,0,0,0,0.1429,0,0.2,0,0.1333,,,A,,◎,0.2558,0.6215,0.432,0.6421,S,100,0,◎1着固定 2-3着流し（5〜8点）,0.5777,"{'is_target': True, 'verdict': '参加推奨', 'max_combo_prob': 0.0585, 'est_top_odds': 22.8, 'circle_concentration': 65.2, 'eligible_count': 6, 'bet_adj': 2, 'reason': 'rel_win1=54.8%（本命度） / 最有力組み合わせ確率: 0.059（推定実オッズ?23倍） / 2着集中度: 上位2艇 65.2%（補正+0.00） / 総合判定確率: 0.059 / → ヒモ分散。1号艇1着固定で広めのヒモ流し推奨（買い目+2点）', 'tenji_trigger': '展示確認: ヒモ分散レース。1号艇伸び確認後、広めのヒモ流しを採用。穴ヒモ（5・6号艇）を積極的に含める。\n展示で1号艇スタート超安定(0.129秒)→ヒモ固まり方向に注意'}",,,29.9,逃げ狙い,27.49,25.4,3,,,,,,,,,,,
2025-08-18,丸亀,12,6,竹田和哉,A1,33.19,6,,1.7813,1.8,100,43.1,0.1867,4.2157,,,0,低,106,0,-,23,0,90.4,1.7533,,,,,,0.116,0.116,0,,,D,△,,0.1355,0.6415,,0.6421,S,100,0,◎1着固定 2-3着流し（5〜8点）,0.5777,"{'is_target': True, 'verdict': '参加推奨', 'max_combo_prob': 0.0585, 'est_top_odds': 22.8, 'circle_concentration': 65.2, 'eligible_count': 6, 'bet_adj': 2, 'reason': 'rel_win1=54.8%（本命度） / 最有力組み合わせ確率: 0.059（推定実オッズ?23倍） / 2着集中度: 上位2艇 65.2%（補正+0.00） / 総合判定確率: 0.059 / → ヒモ分散。1号艇1着固定で広めのヒモ流し推奨（買い目+2点）', 'tenji_trigger': '展示確認: ヒモ分散レース。1号艇伸び確認後、広めのヒモ流しを採用。穴ヒモ（5・6号艇）を積極的に含める。\n展示で1号艇スタート超安定(0.129秒)→ヒモ固まり方向に注意'}",,,29.9,逃げ狙い,27.49,25.4,3,,,,,,,,,,,
2025-08-19,丸亀,1,1,嶋田貴支,B1,34.10,1,◎,62.7832,,0,82.2,0.1524,3.2,,,0,低,134,0,逃1%,6 25,0,70.1,1.0562,0.6087,,,,,0.0174,0.0522,0.1174,○,,D,○,,,0.6045,,0.43,A,77,0,◎-○軸 3着3〜4艇流し（10〜15点）,0.5777,"{'is_target': True, 'verdict': '点数絞り', 'max_combo_prob': 0.097, 'est_top_odds': 13.7, 'circle_concentration': 73.8, 'eligible_count': 8, 'bet_adj': 0, 'reason': 'rel_win1=62.8%（本命度） / 最有力組み合わせ確率: 0.097（推定実オッズ?14倍） / 2着集中度: 上位2艇 73.8%（補正+0.04） / 総合判定確率: 0.137 / → ヒモはやや固め。上位2艇以外を切ること', 'tenji_trigger': '展示確認: 1号艇伸び良→そのまま採用。悪→飛び組に差し替え。circle_pct上位2艇に絞り込むこと。'}",,,25.4,逃げ狙い,12.16,25.8,2,,,,,0,0,0.6155,0,,逃げ軸流し,A
2025-08-19,丸亀,1,2,門田　栞,B1,34.39,2,△,9.4678,44.8,72,44.1,0.1668,3.6765,,,0,低,76,0,-,156,0,97.9,1.9088,,,,,,0.2308,0.3077,0,,,C,,,0.1835,0.5145,,0.43,A,77,0,◎-○軸 3着3〜4艇流し（10〜15点）,0.5777,"{'is_target': True, 'verdict': '点数絞り', 'max_combo_prob': 0.097, 'est_top_odds': 13.7, 'circle_concentration': 73.8, 'eligible_count': 8, 'bet_adj': 0, 'reason': 'rel_win1=62.8%（本命度） / 最有力組み合わせ確率: 0.097（推定実オッズ?14倍） / 2着集中度: 上位2艇 73.8%（補正+0.04） / 総合判定確率: 0.137 / → ヒモはやや固め。上位2艇以外を切ること', 'tenji_trigger': '展示確認: 1号艇伸び良→そのまま採用。悪→飛び組に差し替え。circle_pct上位2艇に絞り込むこと。'}",,,25.4,逃げ狙い,12.16,25.8,2,,,,,,,,,,,
2025-08-19,丸亀,1,3,大廣咲季,B1,34.82,3,▲,7.3008,29,100,30.3,0.1361,3.0909,,,0,低,81,0,-,266,0,73,1.62,0,0,0.0455,0,0,0.3333,0.3333,0,,○,C,△,,0.3638,0.543,,0.43,A,77,0,◎-○軸 3着3〜4艇流し（10〜15点）,0.5777,"{'is_target': True, 'verdict': '点数絞り', 'max_combo_prob': 0.097, 'est_top_odds': 13.7, 'circle_concentration': 73.8, 'eligible_count': 8, 'bet_adj': 0, 'reason': 'rel_win1=62.8%（本命度） / 最有力組み合わせ確率: 0.097（推定実オッズ?14倍） / 2着集中度: 上位2艇 73.8%（補正+0.04） / 総合判定確率: 0.137 / → ヒモはやや固め。上位2艇以外を切ること', 'tenji_trigger': '展示確認: 1号艇伸び良→そのまま採用。悪→飛び組に差し替え。circle_pct上位2艇に絞り込むこと。'}",,,25.4,逃げ狙い,12.16,25.8,2,,,,,,,,,,,
2025-08-19,丸亀,1,4,西岡蒼志,B1,39.21,4,○,15.316,21.7,70,31.8,0.1259,2.8636,,,0,低,79,0,差0% ま0%,3 26,0,32.8,0.7874,0,0.0526,0.0526,0.0526,0,0,0.27,0,,,B,,,0.3976,0.528,,0.43,A,77,0,◎-○軸 3着3〜4艇流し（10〜15点）,0.5777,"{'is_target': True, 'verdict': '点数絞り', 'max_combo_prob': 0.097, 'est_top_odds': 13.7, 'circle_concentration': 73.8, 'eligible_count': 8, 'bet_adj': 0, 'reason': 'rel_win1=62.8%（本命度） / 最有力組み合わせ確率: 0.097（推定実オッズ?14倍） / 2着集中度: 上位2艇 73.8%（補正+0.04） / 総合判定確率: 0.137 / → ヒモはやや固め。上位2艇以外を切ること', 'tenji_trigger': '展示確認: 1号艇伸び良→そのまま採用。悪→飛び組に差し替え。circle_pct上位2艇に絞り込むこと。'}",,,25.4,逃げ狙い,12.16,25.8,2,,,,,,,,,,,
2025-08-19,丸亀,1,5,原村拓也,B1,31.22,5,,3.8545,3.6,77,30.9,0.1841,3.8382,,,0,低,159,0,-,2 63,0,48.7,1.0469,,,,,,0.3114,0.1257,0.02,,,D,△,,0.2115,0.5855,,0.43,A,77,0,◎-○軸 3着3〜4艇流し（10〜15点）,0.5777,"{'is_target': True, 'verdict': '点数絞り', 'max_combo_prob': 0.097, 'est_top_odds': 13.7, 'circle_concentration': 73.8, 'eligible_count': 8, 'bet_adj': 0, 'reason': 'rel_win1=62.8%（本命度） / 最有力組み合わせ確率: 0.097（推定実オッズ?14倍） / 2着集中度: 上位2艇 73.8%（補正+0.04） / 総合判定確率: 0.137 / → ヒモはやや固め。上位2艇以外を切ること', 'tenji_trigger': '展示確認: 1号艇伸び良→そのまま採用。悪→飛び組に差し替え。circle_pct上位2艇に絞り込むこと。'}",,,25.4,逃げ狙い,12.16,25.8,2,,,,,,,,,,,
2025-08-19,丸亀,1,6,下田哲也,B1,36.00,6,,1.2777,0.9,43,8.9,0.1876,4.5667,,,0,低,104,0,-,245,0,28.7,0.6061,,,,,,0.3333,0.1667,0.25,,,C,◎,,0.198,0.615,,0.43,A,77,0,◎-○軸 3着3〜4艇流し（10〜15点）,0.5777,"{'is_target': True, 'verdict': '点数絞り', 'max_combo_prob': 0.097, 'est_top_odds': 13.7, 'circle_concentration': 73.8, 'eligible_count': 8, 'bet_adj': 0, 'reason': 'rel_win1=62.8%（本命度） / 最有力組み合わせ確率: 0.097（推定実オッズ?14倍） / 2着集中度: 上位2艇 73.8%（補正+0.04） / 総合判定確率: 0.137 / → ヒモはやや固め。上位2艇以外を切ること', 'tenji_trigger': '展示確認: 1号艇伸び良→そのまま採用。悪→飛び組に差し替え。circle_pct上位2艇に絞り込むこと。'}",,,25.4,逃げ狙い,12.16,25.8,2,,,,,,,,,,,
2025-08-19,丸亀,2,1,吉永泰弘,B1,27.56,1,◎,32.9115,,0,80.5,0.141,2.9512,,,0,低,137,0,逃0%,356,0,47.7,0.8115,0.3529,,,,,0.2376,0.4541,0.0235,○,,E,◎,,,0.6525,,0.4279,C,39,0,荒れ傾向。高配当狙いか見送り,0.5777,"{'is_target': False, 'verdict': '対象外', 'max_combo_prob': None, 'est_top_odds': None, 'circle_concentration': None, 'eligible_count': 0, 'bet_adj': 0, 'reason': '1号艇rel_win1 < 45%: 通常判定に委ねる', 'tenji_trigger': ''}",,,34.8,両建て推奨,27.9,39,2,,,,,0,0,0.6155,0,,主役軸流し,B
2025-08-19,丸亀,2,2,西丸侑太,A2,33.48,2,,19.9298,41.4,81,76.2,0.1864,3.75,,,0,低,100,0,差0% ま0%,362,0,26.3,0.8872,0,0.2,0.16,0,0,0,0.1314,0.0429,,,C,△,,0.1324,0.6105,,0.4279,C,39,0,荒れ傾向。高配当狙いか見送り,0.5777,"{'is_target': False, 'verdict': '対象外', 'max_combo_prob': None, 'est_top_odds': None, 'circle_concentration': None, 'eligible_count': 0, 'bet_adj': 0, 'reason': '1号艇rel_win1 < 45%: 通常判定に委ねる', 'tenji_trigger': ''}",,,34.8,両建て推奨,27.9,39,2,,,,,,,,,,,
2025-08-19,丸亀,2,3,田頭虎親,B1,40.45,3,○,21.7678,26.7,100,61,0.1668,3.8049,,,0,低,121,0,-,653,0,93.3,1.9033,0,0,0,0.1176,0,0.1,0.375,0.025,,,B,,,0.227,0.5945,,0.4279,C,39,0,荒れ傾向。高配当狙いか見送り,0.5777,"{'is_target': False, 'verdict': '対象外', 'max_combo_prob': None, 'est_top_odds': None, 'circle_concentration': None, 'eligible_count': 0, 'bet_adj': 0, 'reason': '1号艇rel_win1 < 45%: 通常判定に委ねる', 'tenji_trigger': ''}",,,34.8,両建て推奨,27.9,39,2,,,,,,,,,,,
2025-08-19,丸亀,2,4,竹田和哉,A1,33.19,4,,17.1011,24.3,75,66.7,0.1619,3.3958,,,0,低,106,0,-,2333,0,54.1,1.1602,0,0.1364,0.0909,0,0,0.116,0.116,0,,,D,○,◎,0.2949,0.6415,0.3082,0.4279,C,39,0,荒れ傾向。高配当狙いか見送り,0.5777,"{'is_target': False, 'verdict': '対象外', 'max_combo_prob': None, 'est_top_odds': None, 'circle_concentration': None, 'eligible_count': 0, 'bet_adj': 0, 'reason': '1号艇rel_win1 < 45%: 通常判定に委ねる', 'tenji_trigger': ''}",,,34.8,両建て推奨,27.9,39,2,,,,,,,,,,,
2025-08-19,丸亀,2,5,中岡健人,B2,39.01,5,▲,4.7381,3.1,89,37.9,0.1524,3.3879,,,0,低,104,0,-,644,0,79.6,1.5269,,,,,,0.28,0.164,0.196,,,B,△,,0.3422,0.635,,0.4279,C,39,0,荒れ傾向。高配当狙いか見送り,0.5777,"{'is_target': False, 'verdict': '対象外', 'max_combo_prob': None, 'est_top_odds': None, 'circle_concentration': None, 'eligible_count': 0, 'bet_adj': 0, 'reason': '1号艇rel_win1 < 45%: 通常判定に委ねる', 'tenji_trigger': ''}",,,34.8,両建て推奨,27.9,39,2,,,,,,,,,,,
2025-08-19,丸亀,2,6,水谷理人,B1,38.36,6,△,3.5517,4.4,53,35.4,0.1454,3.3021,,,0,低,64,0,-,5 62,0,49.9,1.1608,,,,,,0.0533,0.28,0.0267,,,C,,,0.3641,0.569,,0.4279,C,39,0,荒れ傾向。高配当狙いか見送り,0.5777,"{'is_target': False, 'verdict': '対象外', 'max_combo_prob': None, 'est_top_odds': None, 'circle_concentration': None, 'eligible_count': 0, 'bet_adj': 0, 'reason': '1号艇rel_win1 < 45%: 通常判定に委ねる', 'tenji_trigger': ''}",,,34.8,両建て推奨,27.9,39,2,,,,,,,,,,,
2025-08-19,丸亀,3,1,越智照浩,B2,31.98,1,△,33.5211,,0,54.3,0.1997,4.0714,,,0,低,133,0,-,6 55,0,81.7,1.0519,0.0625,,,,,0.2,0.35,0.05,,,C,,,,0.563,,0.0923,D,20,1,大荒れ。見送り推奨,0.5777,"{'is_target': False, 'verdict': '対象外', 'max_combo_prob': None, 'est_top_odds': None, 'circle_concentration': None, 'eligible_count': 0, 'bet_adj': 0, 'reason': '1号艇rel_win1 < 45%: 通常判定に委ねる', 'tenji_trigger': ''}",,,37.8,両建て推奨,20.1,39.9,3,2-1-3|2-1-4|2-3-1|2-3-4|2-1-5|2-4-3|2-4-1|1-2-4|1-3-4|1-2-3|1-3-2,2-1-3|2-1-4|2-3-1|2-3-4|2-1-5|2-4-3|2-4-1|1-2-4|1-3-4|1-2-3|6-1-3|1-3-2,2-1-3:4.06%|2-1-4:2.13%|2-3-1:1.16%|2-3-4:0.72%|2-1-5:0.67%|2-4-3:0.35%|2-4-1:0.3%|1-2-4:5.99%|1-3-4:5.47%|1-2-3:4.81%|1-3-2:4.57%,2-1-3:B_main|2-1-4:B_main|2-3-1:B_main|2-3-4:B_main|2-1-5:B_main|2-4-3:B_main|2-4-1:B_main|1-2-4:A|1-3-4:A|1-2-3:A|1-3-2:A,11,12,0.2915,1,[!]見送り推奨（主役決まり手「差し」― 逃げ劣勢レースで的中実績なし）,主役軸流し,B
2025-08-19,丸亀,3,2,谷口佳蓮,B1,38.82,2,▲,17.3233,32.5,100,50,0.158,3.8,,,0,低,45,0,-,431,0,74.8,0.88,0,0.1176,0,0,0,0.1091,0,0.2727,,◎,B,,,0.6066,0.5715,,0.0923,D,20,1,大荒れ。見送り推奨,0.5777,"{'is_target': False, 'verdict': '対象外', 'max_combo_prob': None, 'est_top_odds': None, 'circle_concentration': None, 'eligible_count': 0, 'bet_adj': 0, 'reason': '1号艇rel_win1 < 45%: 通常判定に委ねる', 'tenji_trigger': ''}",,,37.8,両建て推奨,20.1,39.9,3,,,,,,,,,,,
2025-08-19,丸亀,3,3,木谷賢太,A2,27.06,3,,22.3058,33.7,95,76.9,0.1562,3.0673,,,0,低,107,0,ま0% 差ま0%,2 52,0,55,1.0931,0,0,0.12,0.12,0,0.0343,0.0114,0.1957,,△,E,◎,,0.5319,0.663,,0.0923,D,20,1,大荒れ。見送り推奨,0.5777,"{'is_target': False, 'verdict': '対象外', 'max_combo_prob': None, 'est_top_odds': None, 'circle_concentration': None, 'eligible_count': 0, 'bet_adj': 0, 'reason': '1号艇rel_win1 < 45%: 通常判定に委ねる', 'tenji_trigger': ''}",,,37.8,両建て推奨,20.1,39.9,3,,,,,,,,,,,
2025-08-19,丸亀,3,4,中岡正彦,A1,31.53,4,○,19.9394,22.9,84,68.8,0.1175,2.2604,,,0,低,42,0,ま0%,2 16,0,66.5,1.124,0,0,0.2609,0,0,0.1103,0,0.0588,,○,D,△,◎,0.5806,0.649,0.4375,0.0923,D,20,1,大荒れ。見送り推奨,0.5777,"{'is_target': False, 'verdict': '対象外', 'max_combo_prob': None, 'est_top_odds': None, 'circle_concentration': None, 'eligible_count': 0, 'bet_adj': 0, 'reason': '1号艇rel_win1 < 45%: 通常判定に委ねる', 'tenji_trigger': ''}",,,37.8,両建て推奨,20.1,39.9,3,,,,,,,,,,,
2025-08-19,丸亀,3,5,宮武英司,B1,44.34,5,◎,5.6788,9.6,48,29.1,0.1531,3.2545,,,0,低,89,0,差ま0%,441,0,43.7,1.2138,0,0,0,0.0476,0,0.4889,0.0222,0.0222,,,A,○,,0.4772,0.658,,0.0923,D,20,1,大荒れ。見送り推奨,0.5777,"{'is_target': False, 'verdict': '対象外', 'max_combo_prob': None, 'est_top_odds': None, 'circle_concentration': None, 'eligible_count': 0, 'bet_adj': 0, 'reason': '1号艇rel_win1 < 45%: 通常判定に委ねる', 'tenji_trigger': ''}",,,37.8,両建て推奨,20.1,39.9,3,,,,,,,,,,,
2025-08-19,丸亀,3,6,三嶌さら,B1,31.42,6,,1.2316,1.3,13,3,0.1863,4.0152,,,0,低,82,0,-,463,0,28.5,0.5461,,,,,,0,0.25,0,,,D,△,,0.4087,0.576,,0.0923,D,20,1,大荒れ。見送り推奨,0.5777,"{'is_target': False, 'verdict': '対象外', 'max_combo_prob': None, 'est_top_odds': None, 'circle_concentration': None, 'eligible_count': 0, 'bet_adj': 0, 'reason': '1号艇rel_win1 < 45%: 通常判定に委ねる', 'tenji_trigger': ''}",,,37.8,両建て推奨,20.1,39.9,3,,,,,,,,,,,
2025-08-19,丸亀,4,1,大西隆洋,B1,33.48,1,○,47.112,,0,65.8,0.1397,2.8026,,,0,低,103,0,-,6 24,0,65.8,0.9484,0.1538,,,,,0.3077,0.0769,0.3077,○,,C,△,,,0.6055,,0.4153,B,53,0,◎○△フォーメーション（15〜20点）,0.5777,"{'is_target': True, 'verdict': '参加推奨', 'max_combo_prob': 0.0724, 'est_top_odds': 18.4, 'circle_concentration': 70.6, 'eligible_count': 9, 'bet_adj': 2, 'reason': 'rel_win1=47.1%（本命度） / 最有力組み合わせ確率: 0.072（推定実オッズ?18倍） / 2着集中度: 上位2艇 70.6%（補正+0.04） / 総合判定確率: 0.112 / → ヒモ分散。1号艇1着固定で広めのヒモ流し推奨（買い目+2点）', 'tenji_trigger': '展示確認: ヒモ分散レース。1号艇伸び確認後、広めのヒモ流しを採用。穴ヒモ（5・6号艇）を積極的に含める。\n展示で1号艇スタート超安定(0.140秒)→ヒモ固まり方向に注意'}",,,29.5,両建て推奨,13.43,36.3,3,,,,,0,0,0.6155,0,,主役軸流し,B
2025-08-19,丸亀,4,2,松下知幸,B1,32.30,2,△,11.7624,27.2,100,48,0.1509,3.1753,,,0,低,152,0,差0%,3 15,0,84.7,1.105,0,0.0909,0.0303,0,0,0.2152,0.1581,0.1962,,,D,,,0.2523,0.5965,,0.4153,B,53,0,◎○△フォーメーション（15〜20点）,0.5777,"{'is_target': True, 'verdict': '参加推奨', 'max_combo_prob': 0.0724, 'est_top_odds': 18.4, 'circle_concentration': 70.6, 'eligible_count': 9, 'bet_adj': 2, 'reason': 'rel_win1=47.1%（本命度） / 最有力組み合わせ確率: 0.072（推定実オッズ?18倍） / 2着集中度: 上位2艇 70.6%（補正+0.04） / 総合判定確率: 0.112 / → ヒモ分散。1号艇1着固定で広めのヒモ流し推奨（買い目+2点）', 'tenji_trigger': '展示確認: ヒモ分散レース。1号艇伸び確認後、広めのヒモ流しを採用。穴ヒモ（5・6号艇）を積極的に含める。\n展示で1号艇スタート超安定(0.140秒)→ヒモ固まり方向に注意'}",,,29.5,両建て推奨,13.43,36.3,3,,,,,,,,,,,
2025-08-19,丸亀,4,3,近江翔吾,A1,46.82,3,◎,26.4111,43.3,89,76.1,0.1315,2.5,,,0,低,52,0,ま0% 差ま0%,526,0,51.8,1.2806,0,0,0.0909,0.0909,0.0455,0.0811,0.0541,0.027,,◎,A,◎,,0.3707,0.6415,,0.4153,B,53,0,◎○△フォーメーション（15〜20点）,0.5777,"{'is_target': True, 'verdict': '参加推奨', 'max_combo_prob': 0.0724, 'est_top_odds': 18.4, 'circle_concentration': 70.6, 'eligible_count': 9, 'bet_adj': 2, 'reason': 'rel_win1=47.1%（本命度） / 最有力組み合わせ確率: 0.072（推定実オッズ?18倍） / 2着集中度: 上位2艇 70.6%（補正+0.04） / 総合判定確率: 0.112 / → ヒモ分散。1号艇1着固定で広めのヒモ流し推奨（買い目+2点）', 'tenji_trigger': '展示確認: ヒモ分散レース。1号艇伸び確認後、広めのヒモ流しを採用。穴ヒモ（5・6号艇）を積極的に含める。\n展示で1号艇スタート超安定(0.140秒)→ヒモ固まり方向に注意'}",,,29.5,両建て推奨,13.43,36.3,3,,,,,,,,,,,
2025-08-19,丸亀,4,4,川上清人,B1,37.67,4,▲,9.662,17.8,26,30.6,0.1776,3.8163,,,0,低,150,0,-,555,0,51.6,1.1745,0,0,0,0.08,0,0.3733,0.0381,0.1962,,,C,,,0.1559,0.595,,0.4153,B,53,0,◎○△フォーメーション（15〜20点）,0.5777,"{'is_target': True, 'verdict': '参加推奨', 'max_combo_prob': 0.0724, 'est_top_odds': 18.4, 'circle_concentration': 70.6, 'eligible_count': 9, 'bet_adj': 2, 'reason': 'rel_win1=47.1%（本命度） / 最有力組み合わせ確率: 0.072（推定実オッズ?18倍） / 2着集中度: 上位2艇 70.6%（補正+0.04） / 総合判定確率: 0.112 / → ヒモ分散。1号艇1着固定で広めのヒモ流し推奨（買い目+2点）', 'tenji_trigger': '展示確認: ヒモ分散レース。1号艇伸び確認後、広めのヒモ流しを採用。穴ヒモ（5・6号艇）を積極的に含める。\n展示で1号艇スタート超安定(0.140秒)→ヒモ固まり方向に注意'}",,,29.5,両建て推奨,13.43,36.3,3,,,,,,,,,,,
2025-08-19,丸亀,4,5,山田理央,A2,29.49,5,,3.6204,9.3,96,52.9,0.1591,3.1912,,,0,低,62,0,-,341,0,33.2,0.9874,,,,,,0.0444,0.1444,0.0222,,,E,△,,0.2622,0.6,,0.4153,B,53,0,◎○△フォーメーション（15〜20点）,0.5777,"{'is_target': True, 'verdict': '参加推奨', 'max_combo_prob': 0.0724, 'est_top_odds': 18.4, 'circle_concentration': 70.6, 'eligible_count': 9, 'bet_adj': 2, 'reason': 'rel_win1=47.1%（本命度） / 最有力組み合わせ確率: 0.072（推定実オッズ?18倍） / 2着集中度: 上位2艇 70.6%（補正+0.04） / 総合判定確率: 0.112 / → ヒモ分散。1号艇1着固定で広めのヒモ流し推奨（買い目+2点）', 'tenji_trigger': '展示確認: ヒモ分散レース。1号艇伸び確認後、広めのヒモ流しを採用。穴ヒモ（5・6号艇）を積極的に含める。\n展示で1号艇スタート超安定(0.140秒)→ヒモ固まり方向に注意'}",,,29.5,両建て推奨,13.43,36.3,3,,,,,,,,,,,
2025-08-19,丸亀,4,6,嶋　義信,A2,40.74,6,,1.4321,2.3,60,24.6,0.191,4.3361,,,0,低,90,0,-,143,0,42.5,1.5236,,,,,,0.125,0.15,0.1875,,,B,○,,0.1583,0.632,,0.4153,B,53,0,◎○△フォーメーション（15〜20点）,0.5777,"{'is_target': True, 'verdict': '参加推奨', 'max_combo_prob': 0.0724, 'est_top_odds': 18.4, 'circle_concentration': 70.6, 'eligible_count': 9, 'bet_adj': 2, 'reason': 'rel_win1=47.1%（本命度） / 最有力組み合わせ確率: 0.072（推定実オッズ?18倍） / 2着集中度: 上位2艇 70.6%（補正+0.04） / 総合判定確率: 0.112 / → ヒモ分散。1号艇1着固定で広めのヒモ流し推奨（買い目+2点）', 'tenji_trigger': '展示確認: ヒモ分散レース。1号艇伸び確認後、広めのヒモ流しを採用。穴ヒモ（5・6号艇）を積極的に含める。\n展示で1号艇スタート超安定(0.140秒)→ヒモ固まり方向に注意'}",,,29.5,両建て推奨,13.43,36.3,3,,,,,,,,,,,
2025-08-19,丸亀,5,1,中村桃佳,B1,39.25,1,◎,47.8552,,0,91.3,0.1557,2.7391,,,0,低,41,0,逃1%,1 36,0,73.4,1.114,0.4706,,,,,0.0471,0.0706,0.2706,○,,B,,,,0.6205,,0.4327,S,97,0,◎1着固定 2-3着流し（5〜8点）,0.5777,"{'is_target': True, 'verdict': '参加推奨', 'max_combo_prob': 0.0575, 'est_top_odds': 23.2, 'circle_concentration': 72.0, 'eligible_count': 6, 'bet_adj': 2, 'reason': 'rel_win1=47.9%（本命度） / 最有力組み合わせ確率: 0.058（推定実オッズ?23倍） / 2着集中度: 上位2艇 72.0%（補正+0.04） / 総合判定確率: 0.098 / → ヒモ分散。1号艇1着固定で広めのヒモ流し推奨（買い目+2点）', 'tenji_trigger': '展示確認: ヒモ分散レース。1号艇伸び確認後、広めのヒモ流しを採用。穴ヒモ（5・6号艇）を積極的に含める。'}",,,28.9,逃げ狙い,19.92,29,5,,,,,0,0,0.6155,0,,逃げ軸流し,A
2025-08-19,丸亀,5,2,木村光宏,B1,32.14,2,,8.6293,33.9,73,46,0.1772,3.7,,,0,低,99,0,-,461,0,51.3,0.6841,0,0.0455,0,0,0,0.3952,0.3571,0.0571,,,D,△,,0.0938,0.6335,,0.4327,S,97,0,◎1着固定 2-3着流し（5〜8点）,0.5777,"{'is_target': True, 'verdict': '参加推奨', 'max_combo_prob': 0.0575, 'est_top_odds': 23.2, 'circle_concentration': 72.0, 'eligible_count': 6, 'bet_adj': 2, 'reason': 'rel_win1=47.9%（本命度） / 最有力組み合わせ確率: 0.058（推定実オッズ?23倍） / 2着集中度: 上位2艇 72.0%（補正+0.04） / 総合判定確率: 0.098 / → ヒモ分散。1号艇1着固定で広めのヒモ流し推奨（買い目+2点）', 'tenji_trigger': '展示確認: ヒモ分散レース。1号艇伸び確認後、広めのヒモ流しを採用。穴ヒモ（5・6号艇）を積極的に含める。'}",,,28.9,逃げ狙い,19.92,29,5,,,,,,,,,,,
2025-08-19,丸亀,5,3,松尾　祭,A2,42.73,3,○,13.0593,38.1,92,68.8,0.1472,2.8689,,,0,低,144,0,-,3 43,0,67.6,1.539,0,0.0294,0.0294,0.0882,0,0.1086,0.0654,0.2501,,,B,△,,0.3397,0.6215,,0.4327,S,97,0,◎1着固定 2-3着流し（5〜8点）,0.5777,"{'is_target': True, 'verdict': '参加推奨', 'max_combo_prob': 0.0575, 'est_top_odds': 23.2, 'circle_concentration': 72.0, 'eligible_count': 6, 'bet_adj': 2, 'reason': 'rel_win1=47.9%（本命度） / 最有力組み合わせ確率: 0.058（推定実オッズ?23倍） / 2着集中度: 上位2艇 72.0%（補正+0.04） / 総合判定確率: 0.098 / → ヒモ分散。1号艇1着固定で広めのヒモ流し推奨（買い目+2点）', 'tenji_trigger': '展示確認: ヒモ分散レース。1号艇伸び確認後、広めのヒモ流しを採用。穴ヒモ（5・6号艇）を積極的に含める。'}",,,28.9,逃げ狙い,19.92,29,5,,,,,,,,,,,
2025-08-19,丸亀,5,4,上田隆章,B1,36.84,4,,8.3745,17.2,65,33.3,0.2132,4.8246,,,0,低,192,0,-,1 65,0,100,3.1038,0,0,0.0476,0,0,0.3,0.22,0.1,,,C,,,0.1122,0.5515,,0.4327,S,97,0,◎1着固定 2-3着流し（5〜8点）,0.5777,"{'is_target': True, 'verdict': '参加推奨', 'max_combo_prob': 0.0575, 'est_top_odds': 23.2, 'circle_concentration': 72.0, 'eligible_count': 6, 'bet_adj': 2, 'reason': 'rel_win1=47.9%（本命度） / 最有力組み合わせ確率: 0.058（推定実オッズ?23倍） / 2着集中度: 上位2艇 72.0%（補正+0.04） / 総合判定確率: 0.098 / → ヒモ分散。1号艇1着固定で広めのヒモ流し推奨（買い目+2点）', 'tenji_trigger': '展示確認: ヒモ分散レース。1号艇伸び確認後、広めのヒモ流しを採用。穴ヒモ（5・6号艇）を積極的に含める。'}",,,28.9,逃げ狙い,19.92,29,5,,,,,,,,,,,
2025-08-19,丸亀,5,5,石丸海渡,A1,33.64,5,▲,17.6541,8.5,79,63.6,0.1036,2.3485,,,0,低,26,0,差ま0%,2621,0,29.8,1.0902,0,0,0.0588,0.1176,0,0.0792,0.0125,0,,◎,D,○,◎,0.472,0.687,0.4861,0.4327,S,97,0,◎1着固定 2-3着流し（5〜8点）,0.5777,"{'is_target': True, 'verdict': '参加推奨', 'max_combo_prob': 0.0575, 'est_top_odds': 23.2, 'circle_concentration': 72.0, 'eligible_count': 6, 'bet_adj': 2, 'reason': 'rel_win1=47.9%（本命度） / 最有力組み合わせ確率: 0.058（推定実オッズ?23倍） / 2着集中度: 上位2艇 72.0%（補正+0.04） / 総合判定確率: 0.098 / → ヒモ分散。1号艇1着固定で広めのヒモ流し推奨（買い目+2点）', 'tenji_trigger': '展示確認: ヒモ分散レース。1号艇伸び確認後、広めのヒモ流しを採用。穴ヒモ（5・6号艇）を積極的に含める。'}",,,28.9,逃げ狙い,19.92,29,5,,,,,,,,,,,
2025-08-19,丸亀,5,6,片岡雅裕,A1,35.11,6,△,4.4276,2.3,100,72.2,0.1272,2.6389,,,0,低,5,0,-,2 41,0,43.7,1.0169,,,,,,0.0286,0,0.3571,,○,C,◎,,0.4015,0.8292,,0.4327,S,97,0,◎1着固定 2-3着流し（5〜8点）,0.5777,"{'is_target': True, 'verdict': '参加推奨', 'max_combo_prob': 0.0575, 'est_top_odds': 23.2, 'circle_concentration': 72.0, 'eligible_count': 6, 'bet_adj': 2, 'reason': 'rel_win1=47.9%（本命度） / 最有力組み合わせ確率: 0.058（推定実オッズ?23倍） / 2着集中度: 上位2艇 72.0%（補正+0.04） / 総合判定確率: 0.098 / → ヒモ分散。1号艇1着固定で広めのヒモ流し推奨（買い目+2点）', 'tenji_trigger': '展示確認: ヒモ分散レース。1号艇伸び確認後、広めのヒモ流しを採用。穴ヒモ（5・6号艇）を積極的に含める。'}",,,28.9,逃げ狙い,19.92,29,5,,,,,,,,,,,
2025-08-19,丸亀,6,1,古田祐貴,A2,33.18,1,◎,50.4216,,0,88.6,0.137,2.4643,,,0,低,105,0,逃1%,143,0,73.5,0.9396,0.4706,,,,,0.2088,0.1971,0.1338,◎,,C,○,,,0.6265,,0.5856,A,72,0,◎-○軸 3着3〜4艇流し（10〜15点）,0.5777,"{'is_target': True, 'verdict': '参加推奨', 'max_combo_prob': 0.0631, 'est_top_odds': 21.1, 'circle_concentration': 69.9, 'eligible_count': 8, 'bet_adj': 2, 'reason': 'rel_win1=50.4%（本命度） / 最有力組み合わせ確率: 0.063（推定実オッズ?21倍） / 2着集中度: 上位2艇 69.9%（補正+0.00） / 総合判定確率: 0.063 / → ヒモ分散。1号艇1着固定で広めのヒモ流し推奨（買い目+2点）', 'tenji_trigger': '展示確認: ヒモ分散レース。1号艇伸び確認後、広めのヒモ流しを採用。穴ヒモ（5・6号艇）を積極的に含める。\n展示で1号艇スタート超安定(0.137秒)→ヒモ固まり方向に注意'}",,,31.2,逃げ狙い,22.16,33.8,4,,,,,0,0,0.7559,0,,逃げ軸流し,A
2025-08-19,丸亀,6,2,平高奈菜,A1,46.98,2,○,18.7856,42.2,100,75,0.1575,3.1875,,,0,低,46,0,-,2 22,0,82,1.3369,0,0.1667,0,0,0,0.2,0,0.1333,,,A,△,,0.1651,0.6215,,0.5856,A,72,0,◎-○軸 3着3〜4艇流し（10〜15点）,0.5777,"{'is_target': True, 'verdict': '参加推奨', 'max_combo_prob': 0.0631, 'est_top_odds': 21.1, 'circle_concentration': 69.9, 'eligible_count': 8, 'bet_adj': 2, 'reason': 'rel_win1=50.4%（本命度） / 最有力組み合わせ確率: 0.063（推定実オッズ?21倍） / 2着集中度: 上位2艇 69.9%（補正+0.00） / 総合判定確率: 0.063 / → ヒモ分散。1号艇1着固定で広めのヒモ流し推奨（買い目+2点）', 'tenji_trigger': '展示確認: ヒモ分散レース。1号艇伸び確認後、広めのヒモ流しを採用。穴ヒモ（5・6号艇）を積極的に含める。\n展示で1号艇スタート超安定(0.137秒)→ヒモ固まり方向に注意'}",,,31.2,逃げ狙い,22.16,33.8,4,,,,,,,,,,,
2025-08-19,丸亀,6,3,三嶌ここ,B1,38.50,3,▲,11.4192,27.7,79,41.2,0.1953,4.4412,,,0,低,114,0,ま0%,1 56,0,30.8,1.1662,0,0,0.0588,0,0,0.0571,0.0571,0.3143,,,B,,,0.1393,0.553,,0.5856,A,72,0,◎-○軸 3着3〜4艇流し（10〜15点）,0.5777,"{'is_target': True, 'verdict': '参加推奨', 'max_combo_prob': 0.0631, 'est_top_odds': 21.1, 'circle_concentration': 69.9, 'eligible_count': 8, 'bet_adj': 2, 'reason': 'rel_win1=50.4%（本命度） / 最有力組み合わせ確率: 0.063（推定実オッズ?21倍） / 2着集中度: 上位2艇 69.9%（補正+0.00） / 総合判定確率: 0.063 / → ヒモ分散。1号艇1着固定で広めのヒモ流し推奨（買い目+2点）', 'tenji_trigger': '展示確認: ヒモ分散レース。1号艇伸び確認後、広めのヒモ流しを採用。穴ヒモ（5・6号艇）を積極的に含める。\n展示で1号艇スタート超安定(0.137秒)→ヒモ固まり方向に注意'}",,,31.2,逃げ狙い,22.16,33.8,4,,,,,,,,,,,
2025-08-19,丸亀,6,4,森高一真,A1,26.61,4,,13.693,20.1,81,64,0.1476,2.96,,,0,低,28,0,-,3144,0,61.3,1.0519,,,,,,0,0.1667,0.3333,,,E,◎,◎,0.3014,0.685,0.3155,0.5856,A,72,0,◎-○軸 3着3〜4艇流し（10〜15点）,0.5777,"{'is_target': True, 'verdict': '参加推奨', 'max_combo_prob': 0.0631, 'est_top_odds': 21.1, 'circle_concentration': 69.9, 'eligible_count': 8, 'bet_adj': 2, 'reason': 'rel_win1=50.4%（本命度） / 最有力組み合わせ確率: 0.063（推定実オッズ?21倍） / 2着集中度: 上位2艇 69.9%（補正+0.00） / 総合判定確率: 0.063 / → ヒモ分散。1号艇1着固定で広めのヒモ流し推奨（買い目+2点）', 'tenji_trigger': '展示確認: ヒモ分散レース。1号艇伸び確認後、広めのヒモ流しを採用。穴ヒモ（5・6号艇）を積極的に含める。\n展示で1号艇スタート超安定(0.137秒)→ヒモ固まり方向に注意'}",,,31.2,逃げ狙い,22.16,33.8,4,,,,,,,,,,,
2025-08-19,丸亀,6,5,門田　栞,B1,34.39,5,△,4.6515,9.7,68,25.7,0.1537,3.1143,,,0,低,76,0,差ま0%,156,0,63.7,1.1638,0,0,0,0.0714,0,0.2308,0.3077,0,,,C,,,0.2643,0.5145,,0.5856,A,72,0,◎-○軸 3着3〜4艇流し（10〜15点）,0.5777,"{'is_target': True, 'verdict': '参加推奨', 'max_combo_prob': 0.0631, 'est_top_odds': 21.1, 'circle_concentration': 69.9, 'eligible_count': 8, 'bet_adj': 2, 'reason': 'rel_win1=50.4%（本命度） / 最有力組み合わせ確率: 0.063（推定実オッズ?21倍） / 2着集中度: 上位2艇 69.9%（補正+0.00） / 総合判定確率: 0.063 / → ヒモ分散。1号艇1着固定で広めのヒモ流し推奨（買い目+2点）', 'tenji_trigger': '展示確認: ヒモ分散レース。1号艇伸び確認後、広めのヒモ流しを採用。穴ヒモ（5・6号艇）を積極的に含める。\n展示で1号艇スタート超安定(0.137秒)→ヒモ固まり方向に注意'}",,,31.2,逃げ狙い,22.16,33.8,4,,,,,,,,,,,
2025-08-19,丸亀,6,6,塩田雄一,B1,32.29,6,,1.029,0.3,45,10.9,0.164,3.8727,,,0,低,147,0,-,5 45,0,47.7,1.2286,,,,,,0.4143,0.0952,0.2071,,,D,△,,0.2564,0.5565,,0.5856,A,72,0,◎-○軸 3着3〜4艇流し（10〜15点）,0.5777,"{'is_target': True, 'verdict': '参加推奨', 'max_combo_prob': 0.0631, 'est_top_odds': 21.1, 'circle_concentration': 69.9, 'eligible_count': 8, 'bet_adj': 2, 'reason': 'rel_win1=50.4%（本命度） / 最有力組み合わせ確率: 0.063（推定実オッズ?21倍） / 2着集中度: 上位2艇 69.9%（補正+0.00） / 総合判定確率: 0.063 / → ヒモ分散。1号艇1着固定で広めのヒモ流し推奨（買い目+2点）', 'tenji_trigger': '展示確認: ヒモ分散レース。1号艇伸び確認後、広めのヒモ流しを採用。穴ヒモ（5・6号艇）を積極的に含める。\n展示で1号艇スタート超安定(0.137秒)→ヒモ固まり方向に注意'}",,,31.2,逃げ狙い,22.16,33.8,4,,,,,,,,,,,
2025-08-19,丸亀,7,1,西丸侑太,A2,33.48,1,◎,61.2573,,0,87.5,0.15,3.125,,,0,低,100,0,逃1%,362,0,86.8,1.1034,0.6786,,,,,0,0.1314,0.0429,◎,,C,△,,,0.6105,,0.5527,S,95,0,◎1着固定 2-3着流し（5〜8点）,0.5777,"{'is_target': True, 'verdict': '点数絞り', 'max_combo_prob': 0.1021, 'est_top_odds': 13.1, 'circle_concentration': 74.1, 'eligible_count': 6, 'bet_adj': 0, 'reason': 'rel_win1=61.3%（本命度） / 最有力組み合わせ確率: 0.102（推定実オッズ?13倍） / 2着集中度: 上位2艇 74.1%（補正+0.04） / 総合判定確率: 0.142 / → ヒモはやや固め。上位2艇以外を切ること', 'tenji_trigger': '展示確認: 1号艇伸び良→そのまま採用。悪→飛び組に差し替え。circle_pct上位2艇に絞り込むこと。'}",,,26,逃げ狙い,14.93,24.9,4,,,,,0,0,0.7559,0,,逃げ軸流し,A
2025-08-19,丸亀,7,2,重成一人,A1,37.17,2,○,14.3324,50.6,68,63.3,0.1577,3.3333,,,0,低,51,0,-,1 24,0,51.7,0.6166,0,0.0833,0,0,0,0.0533,0.2533,0.0133,,,B,○,,0.2411,0.6315,,0.5527,S,95,0,◎1着固定 2-3着流し（5〜8点）,0.5777,"{'is_target': True, 'verdict': '点数絞り', 'max_combo_prob': 0.1021, 'est_top_odds': 13.1, 'circle_concentration': 74.1, 'eligible_count': 6, 'bet_adj': 0, 'reason': 'rel_win1=61.3%（本命度） / 最有力組み合わせ確率: 0.102（推定実オッズ?13倍） / 2着集中度: 上位2艇 74.1%（補正+0.04） / 総合判定確率: 0.142 / → ヒモはやや固め。上位2艇以外を切ること', 'tenji_trigger': '展示確認: 1号艇伸び良→そのまま採用。悪→飛び組に差し替え。circle_pct上位2艇に絞り込むこと。'}",,,26,逃げ狙い,14.93,24.9,4,,,,,,,,,,,
2025-08-19,丸亀,7,3,妻鳥晋也,B1,31.74,3,,9.0552,23.4,88,50,0.2058,4.5938,,,0,低,151,0,-,1 16,0,31.2,0.9908,0,0,0.1176,0,0,0.25,0.21,0.23,,,D,,,0.1283,0.601,,0.5527,S,95,0,◎1着固定 2-3着流し（5〜8点）,0.5777,"{'is_target': True, 'verdict': '点数絞り', 'max_combo_prob': 0.1021, 'est_top_odds': 13.1, 'circle_concentration': 74.1, 'eligible_count': 6, 'bet_adj': 0, 'reason': 'rel_win1=61.3%（本命度） / 最有力組み合わせ確率: 0.102（推定実オッズ?13倍） / 2着集中度: 上位2艇 74.1%（補正+0.04） / 総合判定確率: 0.142 / → ヒモはやや固め。上位2艇以外を切ること', 'tenji_trigger': '展示確認: 1号艇伸び良→そのまま採用。悪→飛び組に差し替え。circle_pct上位2艇に絞り込むこと。'}",,,26,逃げ狙い,14.93,24.9,4,,,,,,,,,,,
2025-08-19,丸亀,7,4,下田哲也,B1,36.00,4,△,7.1432,13.3,100,48.9,0.1667,3.7,,,0,低,104,0,差0%,245,0,29.5,0.6836,0,0.0714,0,0,0,0.3333,0.1667,0.25,,,C,△,,0.2218,0.615,,0.5527,S,95,0,◎1着固定 2-3着流し（5〜8点）,0.5777,"{'is_target': True, 'verdict': '点数絞り', 'max_combo_prob': 0.1021, 'est_top_odds': 13.1, 'circle_concentration': 74.1, 'eligible_count': 6, 'bet_adj': 0, 'reason': 'rel_win1=61.3%（本命度） / 最有力組み合わせ確率: 0.102（推定実オッズ?13倍） / 2着集中度: 上位2艇 74.1%（補正+0.04） / 総合判定確率: 0.142 / → ヒモはやや固め。上位2艇以外を切ること', 'tenji_trigger': '展示確認: 1号艇伸び良→そのまま採用。悪→飛び組に差し替え。circle_pct上位2艇に絞り込むこと。'}",,,26,逃げ狙い,14.93,24.9,4,,,,,,,,,,,
2025-08-19,丸亀,7,5,三嶌さら,B1,31.42,5,,4.0244,7.7,40,16.7,0.1812,4.381,,,0,低,82,0,-,463,0,28.3,0.6393,,,,,,0,0.25,0,,,D,,,0.2138,0.576,,0.5527,S,95,0,◎1着固定 2-3着流し（5〜8点）,0.5777,"{'is_target': True, 'verdict': '点数絞り', 'max_combo_prob': 0.1021, 'est_top_odds': 13.1, 'circle_concentration': 74.1, 'eligible_count': 6, 'bet_adj': 0, 'reason': 'rel_win1=61.3%（本命度） / 最有力組み合わせ確率: 0.102（推定実オッズ?13倍） / 2着集中度: 上位2艇 74.1%（補正+0.04） / 総合判定確率: 0.142 / → ヒモはやや固め。上位2艇以外を切ること', 'tenji_trigger': '展示確認: 1号艇伸び良→そのまま採用。悪→飛び組に差し替え。circle_pct上位2艇に絞り込むこと。'}",,,26,逃げ狙い,14.93,24.9,4,,,,,,,,,,,
2025-08-19,丸亀,7,6,中村晃朋,A1,41.44,6,▲,4.1875,4.9,76,40,0.163,3.8333,,,0,低,56,0,-,351,0,20.9,1.0481,,,,,,0.1745,0,0.1564,,,B,◎,,0.2686,0.678,,0.5527,S,95,0,◎1着固定 2-3着流し（5〜8点）,0.5777,"{'is_target': True, 'verdict': '点数絞り', 'max_combo_prob': 0.1021, 'est_top_odds': 13.1, 'circle_concentration': 74.1, 'eligible_count': 6, 'bet_adj': 0, 'reason': 'rel_win1=61.3%（本命度） / 最有力組み合わせ確率: 0.102（推定実オッズ?13倍） / 2着集中度: 上位2艇 74.1%（補正+0.04） / 総合判定確率: 0.142 / → ヒモはやや固め。上位2艇以外を切ること', 'tenji_trigger': '展示確認: 1号艇伸び良→そのまま採用。悪→飛び組に差し替え。circle_pct上位2艇に絞り込むこと。'}",,,26,逃げ狙い,14.93,24.9,4,,,,,,,,,,,
2025-08-19,丸亀,8,1,中田元泰,A1,29.55,1,◎,68.8356,,0,94,0.1464,2.7738,,,0,低,90,0,逃1%,544,0,89,1.1574,0.8065,,,,,0.0323,0.1613,0,◎,,E,◎,,,0.685,,0.6161,S,90,0,◎1着固定 2-3着流し（5〜8点）,0.5777,"{'is_target': True, 'verdict': '点数絞り', 'max_combo_prob': 0.184, 'est_top_odds': 7.2, 'circle_concentration': 77.5, 'eligible_count': 6, 'bet_adj': 0, 'reason': 'rel_win1=68.8%（本命度） / 最有力組み合わせ確率: 0.184（推定実オッズ?7倍） / 2着集中度: 上位2艇 77.5%（補正+0.04） / 総合判定確率: 0.224 / → ヒモはやや固め。上位2艇以外を切ること', 'tenji_trigger': '展示確認: 1号艇伸び良→そのまま採用。悪→飛び組に差し替え。circle_pct上位2艇に絞り込むこと。'}",,,26,逃げ狙い,13.91,25.9,2,,,,,0,0,0.7559,0,,逃げ軸流し,A
2025-08-19,丸亀,8,2,秋山広一,A2,47.95,2,○,16.6473,55.4,63,76.8,0.1448,2.9464,,,0,低,90,0,差0%,2512,0,24.7,0.7429,0,0.1364,0.0455,0,0,0,0.168,0.168,,◎,A,△,,0.3445,0.651,,0.6161,S,90,0,◎1着固定 2-3着流し（5〜8点）,0.5777,"{'is_target': True, 'verdict': '点数絞り', 'max_combo_prob': 0.184, 'est_top_odds': 7.2, 'circle_concentration': 77.5, 'eligible_count': 6, 'bet_adj': 0, 'reason': 'rel_win1=68.8%（本命度） / 最有力組み合わせ確率: 0.184（推定実オッズ?7倍） / 2着集中度: 上位2艇 77.5%（補正+0.04） / 総合判定確率: 0.224 / → ヒモはやや固め。上位2艇以外を切ること', 'tenji_trigger': '展示確認: 1号艇伸び良→そのまま採用。悪→飛び組に差し替え。circle_pct上位2艇に絞り込むこと。'}",,,26,逃げ狙い,13.91,25.9,2,,,,,,,,,,,
2025-08-19,丸亀,8,3,中岡健人,B2,39.01,3,▲,7.482,18.4,34,41.2,0.1435,2.8137,,,0,低,104,0,-,644,0,73.8,0.9508,0,0,0.0667,0,0,0.28,0.164,0.196,,,B,△,,0.3023,0.635,,0.6161,S,90,0,◎1着固定 2-3着流し（5〜8点）,0.5777,"{'is_target': True, 'verdict': '点数絞り', 'max_combo_prob': 0.184, 'est_top_odds': 7.2, 'circle_concentration': 77.5, 'eligible_count': 6, 'bet_adj': 0, 'reason': 'rel_win1=68.8%（本命度） / 最有力組み合わせ確率: 0.184（推定実オッズ?7倍） / 2着集中度: 上位2艇 77.5%（補正+0.04） / 総合判定確率: 0.224 / → ヒモはやや固め。上位2艇以外を切ること', 'tenji_trigger': '展示確認: 1号艇伸び良→そのまま採用。悪→飛び組に差し替え。circle_pct上位2艇に絞り込むこと。'}",,,26,逃げ狙い,13.91,25.9,2,,,,,,,,,,,
2025-08-19,丸亀,8,4,宮崎　奨,A2,29.78,4,,4.0045,22.2,100,70.2,0.1772,3.694,,,0,低,134,0,-,1635,0,41.7,0.9487,0,0,0,0.0333,0,0.0343,0.1571,0.2686,,,D,○,,0.1616,0.658,,0.6161,S,90,0,◎1着固定 2-3着流し（5〜8点）,0.5777,"{'is_target': True, 'verdict': '点数絞り', 'max_combo_prob': 0.184, 'est_top_odds': 7.2, 'circle_concentration': 77.5, 'eligible_count': 6, 'bet_adj': 0, 'reason': 'rel_win1=68.8%（本命度） / 最有力組み合わせ確率: 0.184（推定実オッズ?7倍） / 2着集中度: 上位2艇 77.5%（補正+0.04） / 総合判定確率: 0.224 / → ヒモはやや固め。上位2艇以外を切ること', 'tenji_trigger': '展示確認: 1号艇伸び良→そのまま採用。悪→飛び組に差し替え。circle_pct上位2艇に絞り込むこと。'}",,,26,逃げ狙い,13.91,25.9,2,,,,,,,,,,,
2025-08-19,丸亀,8,5,谷口佳蓮,B1,38.82,5,△,2.0459,3.8,62,25.9,0.1656,3.3889,,,0,低,45,0,-,431,0,88,1.559,,,,,,0.1091,0,0.2727,,,C,,,0.2528,0.5715,,0.6161,S,90,0,◎1着固定 2-3着流し（5〜8点）,0.5777,"{'is_target': True, 'verdict': '点数絞り', 'max_combo_prob': 0.184, 'est_top_odds': 7.2, 'circle_concentration': 77.5, 'eligible_count': 6, 'bet_adj': 0, 'reason': 'rel_win1=68.8%（本命度） / 最有力組み合わせ確率: 0.184（推定実オッズ?7倍） / 2着集中度: 上位2艇 77.5%（補正+0.04） / 総合判定確率: 0.224 / → ヒモはやや固め。上位2艇以外を切ること', 'tenji_trigger': '展示確認: 1号艇伸び良→そのまま採用。悪→飛び組に差し替え。circle_pct上位2艇に絞り込むこと。'}",,,26,逃げ狙い,13.91,25.9,2,,,,,,,,,,,
2025-08-19,丸亀,8,6,大廣咲季,B1,34.82,6,,0.9846,0.3,11,6.6,0.1836,3.7377,,,0,低,81,0,-,266,0,35.6,1.465,,,,,,0.3333,0.3333,0,,,D,,,0.1916,0.543,,0.6161,S,90,0,◎1着固定 2-3着流し（5〜8点）,0.5777,"{'is_target': True, 'verdict': '点数絞り', 'max_combo_prob': 0.184, 'est_top_odds': 7.2, 'circle_concentration': 77.5, 'eligible_count': 6, 'bet_adj': 0, 'reason': 'rel_win1=68.8%（本命度） / 最有力組み合わせ確率: 0.184（推定実オッズ?7倍） / 2着集中度: 上位2艇 77.5%（補正+0.04） / 総合判定確率: 0.224 / → ヒモはやや固め。上位2艇以外を切ること', 'tenji_trigger': '展示確認: 1号艇伸び良→そのまま採用。悪→飛び組に差し替え。circle_pct上位2艇に絞り込むこと。'}",,,26,逃げ狙い,13.91,25.9,2,,,,,,,,,,,
2025-08-19,丸亀,9,1,三嶌誠司,A1,39.82,1,◎,65.5592,,0,90.4,0.1608,2.8014,,,0,低,84,0,逃0%,6245,0,80.1,1.1725,0.5862,,,,,0.1235,0.1643,0.0959,◎,,C,◎,,,0.669,,0.5403,S,81,0,◎1着固定 2-3着流し（5〜8点）,0.5777,"{'is_target': True, 'verdict': '参加推奨', 'max_combo_prob': 0.0614, 'est_top_odds': 21.7, 'circle_concentration': 60.8, 'eligible_count': 6, 'bet_adj': 2, 'reason': 'rel_win1=65.6%（本命度） / 最有力組み合わせ確率: 0.061（推定実オッズ?22倍） / 2着集中度: 上位2艇 60.8%（補正+0.00） / 総合判定確率: 0.061 / → ヒモ分散。1号艇1着固定で広めのヒモ流し推奨（買い目+2点）', 'tenji_trigger': '展示確認: ヒモ分散レース。1号艇伸び確認後、広めのヒモ流しを採用。穴ヒモ（5・6号艇）を積極的に含める。'}",,,27.2,逃げ狙い,11.84,31.2,3,,,,,0,0,0.7559,0,,逃げ軸流し,A
2025-08-19,丸亀,9,2,吉永泰弘,B1,27.56,2,,6.1488,28.9,97,40.4,0.169,3.4615,,,0,低,137,0,-,356,0,95.9,1.8462,0,0.0476,0,0,0,0.2376,0.4541,0.0235,,,E,○,,0.2458,0.6525,,0.5403,S,81,0,◎1着固定 2-3着流し（5〜8点）,0.5777,"{'is_target': True, 'verdict': '参加推奨', 'max_combo_prob': 0.0614, 'est_top_odds': 21.7, 'circle_concentration': 60.8, 'eligible_count': 6, 'bet_adj': 2, 'reason': 'rel_win1=65.6%（本命度） / 最有力組み合わせ確率: 0.061（推定実オッズ?22倍） / 2着集中度: 上位2艇 60.8%（補正+0.00） / 総合判定確率: 0.061 / → ヒモ分散。1号艇1着固定で広めのヒモ流し推奨（買い目+2点）', 'tenji_trigger': '展示確認: ヒモ分散レース。1号艇伸び確認後、広めのヒモ流しを採用。穴ヒモ（5・6号艇）を積極的に含める。'}",,,27.2,逃げ狙い,11.84,31.2,3,,,,,,,,,,,
2025-08-19,丸亀,9,3,西岡顕心,A1,41.18,3,○,13.3751,32,100,70.4,0.1567,2.8519,,,0,低,55,0,-,1332,0,31.6,0.9125,0,0,0,0.25,0,0,0.0714,0,,◎,B,,,0.3882,0.6245,,0.5403,S,81,0,◎1着固定 2-3着流し（5〜8点）,0.5777,"{'is_target': True, 'verdict': '参加推奨', 'max_combo_prob': 0.0614, 'est_top_odds': 21.7, 'circle_concentration': 60.8, 'eligible_count': 6, 'bet_adj': 2, 'reason': 'rel_win1=65.6%（本命度） / 最有力組み合わせ確率: 0.061（推定実オッズ?22倍） / 2着集中度: 上位2艇 60.8%（補正+0.00） / 総合判定確率: 0.061 / → ヒモ分散。1号艇1着固定で広めのヒモ流し推奨（買い目+2点）', 'tenji_trigger': '展示確認: ヒモ分散レース。1号艇伸び確認後、広めのヒモ流しを採用。穴ヒモ（5・6号艇）を積極的に含める。'}",,,27.2,逃げ狙い,11.84,31.2,3,,,,,,,,,,,
2025-08-19,丸亀,9,4,木村光宏,B1,32.14,4,,5.405,18.2,67,37.5,0.1783,3.7604,,,0,低,99,0,ま0%,461,0,24.9,0.7306,0,0,0.0769,0.0385,0,0.3952,0.3571,0.0571,,,D,△,,0.2469,0.6335,,0.5403,S,81,0,◎1着固定 2-3着流し（5〜8点）,0.5777,"{'is_target': True, 'verdict': '参加推奨', 'max_combo_prob': 0.0614, 'est_top_odds': 21.7, 'circle_concentration': 60.8, 'eligible_count': 6, 'bet_adj': 2, 'reason': 'rel_win1=65.6%（本命度） / 最有力組み合わせ確率: 0.061（推定実オッズ?22倍） / 2着集中度: 上位2艇 60.8%（補正+0.00） / 総合判定確率: 0.061 / → ヒモ分散。1号艇1着固定で広めのヒモ流し推奨（買い目+2点）', 'tenji_trigger': '展示確認: ヒモ分散レース。1号艇伸び確認後、広めのヒモ流しを採用。穴ヒモ（5・6号艇）を積極的に含める。'}",,,27.2,逃げ狙い,11.84,31.2,3,,,,,,,,,,,
2025-08-19,丸亀,9,5,嶋　義信,A2,40.74,5,▲,4.1086,15.6,85,39.3,0.1585,3.6066,,,0,低,90,0,-,143,0,73.5,1.4662,,,,,,0.125,0.15,0.1875,,,B,△,,0.3439,0.632,,0.5403,S,81,0,◎1着固定 2-3着流し（5〜8点）,0.5777,"{'is_target': True, 'verdict': '参加推奨', 'max_combo_prob': 0.0614, 'est_top_odds': 21.7, 'circle_concentration': 60.8, 'eligible_count': 6, 'bet_adj': 2, 'reason': 'rel_win1=65.6%（本命度） / 最有力組み合わせ確率: 0.061（推定実オッズ?22倍） / 2着集中度: 上位2艇 60.8%（補正+0.00） / 総合判定確率: 0.061 / → ヒモ分散。1号艇1着固定で広めのヒモ流し推奨（買い目+2点）', 'tenji_trigger': '展示確認: ヒモ分散レース。1号艇伸び確認後、広めのヒモ流しを採用。穴ヒモ（5・6号艇）を積極的に含める。'}",,,27.2,逃げ狙い,11.84,31.2,3,,,,,,,,,,,
2025-08-19,丸亀,9,6,川原祐明,A1,36.24,6,△,5.4032,5.4,82,40.7,0.1822,4.037,,,0,低,110,0,-,4331,0,28.7,0.7875,0,0,0,0.037,0,0.0276,0.1014,0.0138,,,C,,,0.2362,0.6185,,0.5403,S,81,0,◎1着固定 2-3着流し（5〜8点）,0.5777,"{'is_target': True, 'verdict': '参加推奨', 'max_combo_prob': 0.0614, 'est_top_odds': 21.7, 'circle_concentration': 60.8, 'eligible_count': 6, 'bet_adj': 2, 'reason': 'rel_win1=65.6%（本命度） / 最有力組み合わせ確率: 0.061（推定実オッズ?22倍） / 2着集中度: 上位2艇 60.8%（補正+0.00） / 総合判定確率: 0.061 / → ヒモ分散。1号艇1着固定で広めのヒモ流し推奨（買い目+2点）', 'tenji_trigger': '展示確認: ヒモ分散レース。1号艇伸び確認後、広めのヒモ流しを採用。穴ヒモ（5・6号艇）を積極的に含める。'}",,,27.2,逃げ狙い,11.84,31.2,3,,,,,,,,,,,
2025-08-19,丸亀,10,1,竹田和哉,A1,33.19,1,◎,67.4115,,0,92,0.1376,2.7933,,,0,低,106,0,逃0% 抜0%,2333,0,90.6,1.1959,0.7692,,,,,0.116,0.116,0,◎,,C,△,,,0.6415,,0.6071,S,88,0,◎1着固定 2-3着流し（5〜8点）,0.5777,"{'is_target': True, 'verdict': '点数絞り', 'max_combo_prob': 0.1094, 'est_top_odds': 12.2, 'circle_concentration': 70.3, 'eligible_count': 6, 'bet_adj': 0, 'reason': 'rel_win1=67.4%（本命度） / 最有力組み合わせ確率: 0.109（推定実オッズ?12倍） / 2着集中度: 上位2艇 70.3%（補正+0.04） / 総合判定確率: 0.149 / → ヒモはやや固め。上位2艇以外を切ること', 'tenji_trigger': '展示確認: 1号艇伸び良→そのまま採用。悪→飛び組に差し替え。circle_pct上位2艇に絞り込むこと。\n展示で1号艇スタート超安定(0.138秒)→ヒモ固まり方向に注意'}",,,26.1,逃げ狙い,12.45,27.4,2,,,,,0,0,0.7559,0,,逃げ軸流し,A
2025-08-19,丸亀,10,2,森高一真,A1,26.61,2,△,10.9512,45,100,100,0.1363,2.9688,,,0,低,28,0,-,3144,0,29.3,0.8986,0,0.25,0,0,0,0,0.1667,0.3333,,◎,E,◎,,0.3724,0.685,,0.6071,S,88,0,◎1着固定 2-3着流し（5〜8点）,0.5777,"{'is_target': True, 'verdict': '点数絞り', 'max_combo_prob': 0.1094, 'est_top_odds': 12.2, 'circle_concentration': 70.3, 'eligible_count': 6, 'bet_adj': 0, 'reason': 'rel_win1=67.4%（本命度） / 最有力組み合わせ確率: 0.109（推定実オッズ?12倍） / 2着集中度: 上位2艇 70.3%（補正+0.04） / 総合判定確率: 0.149 / → ヒモはやや固め。上位2艇以外を切ること', 'tenji_trigger': '展示確認: 1号艇伸び良→そのまま採用。悪→飛び組に差し替え。circle_pct上位2艇に絞り込むこと。\n展示で1号艇スタート超安定(0.138秒)→ヒモ固まり方向に注意'}",,,26.1,逃げ狙い,12.45,27.4,2,,,,,,,,,,,
2025-08-19,丸亀,10,3,宮武英司,B1,44.34,3,○,6.618,17.1,96,50,0.1588,3.4833,,,0,低,89,0,-,441,0,51.4,1.2652,0,0,0.0357,0,0,0.4889,0.0222,0.0222,,,A,○,,0.1683,0.658,,0.6071,S,88,0,◎1着固定 2-3着流し（5〜8点）,0.5777,"{'is_target': True, 'verdict': '点数絞り', 'max_combo_prob': 0.1094, 'est_top_odds': 12.2, 'circle_concentration': 70.3, 'eligible_count': 6, 'bet_adj': 0, 'reason': 'rel_win1=67.4%（本命度） / 最有力組み合わせ確率: 0.109（推定実オッズ?12倍） / 2着集中度: 上位2艇 70.3%（補正+0.04） / 総合判定確率: 0.149 / → ヒモはやや固め。上位2艇以外を切ること', 'tenji_trigger': '展示確認: 1号艇伸び良→そのまま採用。悪→飛び組に差し替え。circle_pct上位2艇に絞り込むこと。\n展示で1号艇スタート超安定(0.138秒)→ヒモ固まり方向に注意'}",,,26.1,逃げ狙い,12.45,27.4,2,,,,,,,,,,,
2025-08-19,丸亀,10,4,海野康志,A1,29.61,4,,10.6896,25.4,73,72.2,0.155,3.3056,,,0,低,38,0,差0%,5144,0,37.7,0.9436,0,0.0588,0.0588,0.0588,0,0,0.0387,0.2516,,,D,△,◎,0.2296,0.6265,0.4777,0.6071,S,88,0,◎1着固定 2-3着流し（5〜8点）,0.5777,"{'is_target': True, 'verdict': '点数絞り', 'max_combo_prob': 0.1094, 'est_top_odds': 12.2, 'circle_concentration': 70.3, 'eligible_count': 6, 'bet_adj': 0, 'reason': 'rel_win1=67.4%（本命度） / 最有力組み合わせ確率: 0.109（推定実オッズ?12倍） / 2着集中度: 上位2艇 70.3%（補正+0.04） / 総合判定確率: 0.149 / → ヒモはやや固め。上位2艇以外を切ること', 'tenji_trigger': '展示確認: 1号艇伸び良→そのまま採用。悪→飛び組に差し替え。circle_pct上位2艇に絞り込むこと。\n展示で1号艇スタート超安定(0.138秒)→ヒモ固まり方向に注意'}",,,26.1,逃げ狙い,12.45,27.4,2,,,,,,,,,,,
2025-08-19,丸亀,10,5,松尾　祭,A2,42.73,5,▲,3.2805,10.1,76,40.7,0.1924,4.3559,,,0,低,144,0,差ま0%,3 43,0,35.6,1.0102,0,0,0,0.0385,0,0.1086,0.0654,0.2501,,,B,,,0.1073,0.6215,,0.6071,S,88,0,◎1着固定 2-3着流し（5〜8点）,0.5777,"{'is_target': True, 'verdict': '点数絞り', 'max_combo_prob': 0.1094, 'est_top_odds': 12.2, 'circle_concentration': 70.3, 'eligible_count': 6, 'bet_adj': 0, 'reason': 'rel_win1=67.4%（本命度） / 最有力組み合わせ確率: 0.109（推定実オッズ?12倍） / 2着集中度: 上位2艇 70.3%（補正+0.04） / 総合判定確率: 0.149 / → ヒモはやや固め。上位2艇以外を切ること', 'tenji_trigger': '展示確認: 1号艇伸び良→そのまま採用。悪→飛び組に差し替え。circle_pct上位2艇に絞り込むこと。\n展示で1号艇スタート超安定(0.138秒)→ヒモ固まり方向に注意'}",,,26.1,逃げ狙い,12.45,27.4,2,,,,,,,,,,,
2025-08-19,丸亀,10,6,川上清人,B1,37.67,6,,1.0492,2.5,21,10.6,0.1923,4.4574,,,0,低,150,0,-,555,0,41.4,1.0678,,,,,,0.3733,0.0381,0.1962,,,C,,,0.1398,0.595,,0.6071,S,88,0,◎1着固定 2-3着流し（5〜8点）,0.5777,"{'is_target': True, 'verdict': '点数絞り', 'max_combo_prob': 0.1094, 'est_top_odds': 12.2, 'circle_concentration': 70.3, 'eligible_count': 6, 'bet_adj': 0, 'reason': 'rel_win1=67.4%（本命度） / 最有力組み合わせ確率: 0.109（推定実オッズ?12倍） / 2着集中度: 上位2艇 70.3%（補正+0.04） / 総合判定確率: 0.149 / → ヒモはやや固め。上位2艇以外を切ること', 'tenji_trigger': '展示確認: 1号艇伸び良→そのまま採用。悪→飛び組に差し替え。circle_pct上位2艇に絞り込むこと。\n展示で1号艇スタート超安定(0.138秒)→ヒモ固まり方向に注意'}",,,26.1,逃げ狙い,12.45,27.4,2,,,,,,,,,,,
2025-08-19,丸亀,11,1,近江翔吾,A1,46.82,1,◎,59.463,,0,92.7,0.1291,2.3015,,,0,低,52,0,逃1%,526,0,88.7,1.1487,0.7838,,,,,0.0811,0.0541,0.027,◎,,B,△,,,0.6415,,0.6824,S,93,0,◎1着固定 2-3着流し（5〜8点）,0.5777,"{'is_target': True, 'verdict': '点数絞り', 'max_combo_prob': 0.0808, 'est_top_odds': 16.5, 'circle_concentration': 70.3, 'eligible_count': 6, 'bet_adj': 0, 'reason': 'rel_win1=59.5%（本命度） / 最有力組み合わせ確率: 0.081（推定実オッズ?16倍） / 2着集中度: 上位2艇 70.3%（補正+0.04） / 総合判定確率: 0.121 / → ヒモはやや固め。上位2艇以外を切ること', 'tenji_trigger': '展示確認: 1号艇伸び良→そのまま採用。悪→飛び組に差し替え。circle_pct上位2艇に絞り込むこと。\n展示で1号艇スタート超安定(0.129秒)→ヒモ固まり方向に注意'}",,,29.2,逃げ狙い,25.99,24.8,2,,,,,0,0,0.7559,0,,逃げ軸流し,A
2025-08-19,丸亀,11,2,中村晃朋,A1,41.44,2,○,21.081,45.2,87,90.9,0.1591,3.1818,,,0,低,56,0,抜0%,351,0,44.7,0.9998,0,0.1875,0.125,0,0.0625,0.1745,0,0.1564,,,C,○,,0.092,0.678,,0.6824,S,93,0,◎1着固定 2-3着流し（5〜8点）,0.5777,"{'is_target': True, 'verdict': '点数絞り', 'max_combo_prob': 0.0808, 'est_top_odds': 16.5, 'circle_concentration': 70.3, 'eligible_count': 6, 'bet_adj': 0, 'reason': 'rel_win1=59.5%（本命度） / 最有力組み合わせ確率: 0.081（推定実オッズ?16倍） / 2着集中度: 上位2艇 70.3%（補正+0.04） / 総合判定確率: 0.121 / → ヒモはやや固め。上位2艇以外を切ること', 'tenji_trigger': '展示確認: 1号艇伸び良→そのまま採用。悪→飛び組に差し替え。circle_pct上位2艇に絞り込むこと。\n展示で1号艇スタート超安定(0.129秒)→ヒモ固まり方向に注意'}",,,29.2,逃げ狙い,25.99,24.8,2,,,,,,,,,,,
2025-08-19,丸亀,11,3,片岡雅裕,A1,35.11,3,△,9.9991,25,66,70.6,0.1271,2.2353,,,0,低,5,0,差ま0% 抜0%,2 41,0,53.1,0.9313,0,0,0,0.1429,0.1429,0.0286,0,0.3571,,,D,◎,,0.319,0.8292,,0.6824,S,93,0,◎1着固定 2-3着流し（5〜8点）,0.5777,"{'is_target': True, 'verdict': '点数絞り', 'max_combo_prob': 0.0808, 'est_top_odds': 16.5, 'circle_concentration': 70.3, 'eligible_count': 6, 'bet_adj': 0, 'reason': 'rel_win1=59.5%（本命度） / 最有力組み合わせ確率: 0.081（推定実オッズ?16倍） / 2着集中度: 上位2艇 70.3%（補正+0.04） / 総合判定確率: 0.121 / → ヒモはやや固め。上位2艇以外を切ること', 'tenji_trigger': '展示確認: 1号艇伸び良→そのまま採用。悪→飛び組に差し替え。circle_pct上位2艇に絞り込むこと。\n展示で1号艇スタート超安定(0.129秒)→ヒモ固まり方向に注意'}",,,29.2,逃げ狙い,25.99,24.8,2,,,,,,,,,,,
2025-08-19,丸亀,11,4,平高奈菜,A1,46.98,4,▲,5.6164,17,95,64.3,0.1775,3.9286,,,0,低,46,0,-,2 22,0,24.3,0.7015,0,0.0909,0,0,0,0.2,0,0.1333,,,A,,,0.1148,0.6215,,0.6824,S,93,0,◎1着固定 2-3着流し（5〜8点）,0.5777,"{'is_target': True, 'verdict': '点数絞り', 'max_combo_prob': 0.0808, 'est_top_odds': 16.5, 'circle_concentration': 70.3, 'eligible_count': 6, 'bet_adj': 0, 'reason': 'rel_win1=59.5%（本命度） / 最有力組み合わせ確率: 0.081（推定実オッズ?16倍） / 2着集中度: 上位2艇 70.3%（補正+0.04） / 総合判定確率: 0.121 / → ヒモはやや固め。上位2艇以外を切ること', 'tenji_trigger': '展示確認: 1号艇伸び良→そのまま採用。悪→飛び組に差し替え。circle_pct上位2艇に絞り込むこと。\n展示で1号艇スタート超安定(0.129秒)→ヒモ固まり方向に注意'}",,,29.2,逃げ狙い,25.99,24.8,2,,,,,,,,,,,
2025-08-19,丸亀,11,5,田頭虎親,B1,40.45,5,,3.0591,8.8,100,45.2,0.1869,4.0119,,,0,低,121,0,-,653,0,65.5,1.2583,,,,,,0.1,0.375,0.025,,,C,,,0.1375,0.5945,,0.6824,S,93,0,◎1着固定 2-3着流し（5〜8点）,0.5777,"{'is_target': True, 'verdict': '点数絞り', 'max_combo_prob': 0.0808, 'est_top_odds': 16.5, 'circle_concentration': 70.3, 'eligible_count': 6, 'bet_adj': 0, 'reason': 'rel_win1=59.5%（本命度） / 最有力組み合わせ確率: 0.081（推定実オッズ?16倍） / 2着集中度: 上位2艇 70.3%（補正+0.04） / 総合判定確率: 0.121 / → ヒモはやや固め。上位2艇以外を切ること', 'tenji_trigger': '展示確認: 1号艇伸び良→そのまま採用。悪→飛び組に差し替え。circle_pct上位2艇に絞り込むこと。\n展示で1号艇スタート超安定(0.129秒)→ヒモ固まり方向に注意'}",,,29.2,逃げ狙い,25.99,24.8,2,,,,,,,,,,,
2025-08-19,丸亀,11,6,木谷賢太,A2,27.06,6,,0.7814,3.9,72,41.5,0.1823,4.7736,,,0,低,107,0,-,2 52,0,35,1.1372,,,,,,0.0343,0.0114,0.1957,,,E,△,,0.1407,0.663,,0.6824,S,93,0,◎1着固定 2-3着流し（5〜8点）,0.5777,"{'is_target': True, 'verdict': '点数絞り', 'max_combo_prob': 0.0808, 'est_top_odds': 16.5, 'circle_concentration': 70.3, 'eligible_count': 6, 'bet_adj': 0, 'reason': 'rel_win1=59.5%（本命度） / 最有力組み合わせ確率: 0.081（推定実オッズ?16倍） / 2着集中度: 上位2艇 70.3%（補正+0.04） / 総合判定確率: 0.121 / → ヒモはやや固め。上位2艇以外を切ること', 'tenji_trigger': '展示確認: 1号艇伸び良→そのまま採用。悪→飛び組に差し替え。circle_pct上位2艇に絞り込むこと。\n展示で1号艇スタート超安定(0.129秒)→ヒモ固まり方向に注意'}",,,29.2,逃げ狙い,25.99,24.8,2,,,,,,,,,,,
2025-08-19,丸亀,12,1,重成一人,A1,37.17,1,◎,60.6406,,0,89.3,0.1493,2.6875,,,0,低,51,0,逃1%,1 24,0,81.3,0.9793,0.7,,,,,0.0533,0.2533,0.0133,◎,,B,△,,,0.6315,,0.4764,S,100,0,◎1着固定 2-3着流し（5〜8点）,0.5777,"{'is_target': True, 'verdict': '参加推奨', 'max_combo_prob': 0.0619, 'est_top_odds': 21.5, 'circle_concentration': 63.9, 'eligible_count': 6, 'bet_adj': 2, 'reason': 'rel_win1=60.6%（本命度） / 最有力組み合わせ確率: 0.062（推定実オッズ?22倍） / 2着集中度: 上位2艇 63.9%（補正+0.00） / 総合判定確率: 0.062 / → ヒモ分散。1号艇1着固定で広めのヒモ流し推奨（買い目+2点）', 'tenji_trigger': '展示確認: ヒモ分散レース。1号艇伸び確認後、広めのヒモ流しを採用。穴ヒモ（5・6号艇）を積極的に含める。'}",,,27.7,逃げ狙い,17.03,28.2,4,,,,,0,0,0.7559,0,,逃げ軸流し,A
2025-08-19,丸亀,12,2,山田理央,A2,29.49,2,,9.9672,33.8,71,55.3,0.1476,3.2632,,,0,低,62,0,-,341,0,66,1.1978,0,0.0833,0,0,0,0.0444,0.1444,0.0222,,○,D,,,0.3351,0.6,,0.4764,S,100,0,◎1着固定 2-3着流し（5〜8点）,0.5777,"{'is_target': True, 'verdict': '参加推奨', 'max_combo_prob': 0.0619, 'est_top_odds': 21.5, 'circle_concentration': 63.9, 'eligible_count': 6, 'bet_adj': 2, 'reason': 'rel_win1=60.6%（本命度） / 最有力組み合わせ確率: 0.062（推定実オッズ?22倍） / 2着集中度: 上位2艇 63.9%（補正+0.00） / 総合判定確率: 0.062 / → ヒモ分散。1号艇1着固定で広めのヒモ流し推奨（買い目+2点）', 'tenji_trigger': '展示確認: ヒモ分散レース。1号艇伸び確認後、広めのヒモ流しを採用。穴ヒモ（5・6号艇）を積極的に含める。'}",,,27.7,逃げ狙い,17.03,28.2,4,,,,,,,,,,,
2025-08-19,丸亀,12,3,石丸海渡,A1,33.64,3,○,11.0619,26,100,63.2,0.1024,2,,,0,低,26,0,ま0% 差ま0%,2621,0,81.9,1.0637,0,0.0455,0.0455,0.0909,0.0455,0.0792,0.0125,0,,◎,B,◎,,0.4734,0.687,,0.4764,S,100,0,◎1着固定 2-3着流し（5〜8点）,0.5777,"{'is_target': True, 'verdict': '参加推奨', 'max_combo_prob': 0.0619, 'est_top_odds': 21.5, 'circle_concentration': 63.9, 'eligible_count': 6, 'bet_adj': 2, 'reason': 'rel_win1=60.6%（本命度） / 最有力組み合わせ確率: 0.062（推定実オッズ?22倍） / 2着集中度: 上位2艇 63.9%（補正+0.00） / 総合判定確率: 0.062 / → ヒモ分散。1号艇1着固定で広めのヒモ流し推奨（買い目+2点）', 'tenji_trigger': '展示確認: ヒモ分散レース。1号艇伸び確認後、広めのヒモ流しを採用。穴ヒモ（5・6号艇）を積極的に含める。'}",,,27.7,逃げ狙い,17.03,28.2,4,,,,,,,,,,,
2025-08-19,丸亀,12,4,中田元泰,A1,29.55,4,△,12.7051,30.1,80,71.7,0.1505,3.2667,,,0,低,90,0,-,544,0,41.1,0.9587,0,0.0455,0.1364,0.0455,0,0.0323,0.1613,0,,,D,○,◎,0.307,0.685,0.4605,0.4764,S,100,0,◎1着固定 2-3着流し（5〜8点）,0.5777,"{'is_target': True, 'verdict': '参加推奨', 'max_combo_prob': 0.0619, 'est_top_odds': 21.5, 'circle_concentration': 63.9, 'eligible_count': 6, 'bet_adj': 2, 'reason': 'rel_win1=60.6%（本命度） / 最有力組み合わせ確率: 0.062（推定実オッズ?22倍） / 2着集中度: 上位2艇 63.9%（補正+0.00） / 総合判定確率: 0.062 / → ヒモ分散。1号艇1着固定で広めのヒモ流し推奨（買い目+2点）', 'tenji_trigger': '展示確認: ヒモ分散レース。1号艇伸び確認後、広めのヒモ流しを採用。穴ヒモ（5・6号艇）を積極的に含める。'}",,,27.7,逃げ狙い,17.03,28.2,4,,,,,,,,,,,
2025-08-19,丸亀,12,5,古田祐貴,A2,33.18,5,▲,3.6871,7.6,87,46.6,0.156,3.4138,,,0,低,105,0,-,143,0,28.9,0.8271,0,0,0,0.05,0,0.2088,0.1971,0.1338,,,C,,,0.2612,0.6265,,0.4764,S,100,0,◎1着固定 2-3着流し（5〜8点）,0.5777,"{'is_target': True, 'verdict': '参加推奨', 'max_combo_prob': 0.0619, 'est_top_odds': 21.5, 'circle_concentration': 63.9, 'eligible_count': 6, 'bet_adj': 2, 'reason': 'rel_win1=60.6%（本命度） / 最有力組み合わせ確率: 0.062（推定実オッズ?22倍） / 2着集中度: 上位2艇 63.9%（補正+0.00） / 総合判定確率: 0.062 / → ヒモ分散。1号艇1着固定で広めのヒモ流し推奨（買い目+2点）', 'tenji_trigger': '展示確認: ヒモ分散レース。1号艇伸び確認後、広めのヒモ流しを採用。穴ヒモ（5・6号艇）を積極的に含める。'}",,,27.7,逃げ狙い,17.03,28.2,4,,,,,,,,,,,
2025-08-19,丸亀,12,6,中岡正彦,A1,31.53,6,,1.9381,2.5,64,40,0.218,4.6,,,0,低,42,1,-,2 16,0,40.5,1.6,,,,,,0.1103,0,0.0588,,,D,△,,0.1384,0.649,,0.4764,S,100,0,◎1着固定 2-3着流し（5〜8点）,0.5777,"{'is_target': True, 'verdict': '参加推奨', 'max_combo_prob': 0.0619, 'est_top_odds': 21.5, 'circle_concentration': 63.9, 'eligible_count': 6, 'bet_adj': 2, 'reason': 'rel_win1=60.6%（本命度） / 最有力組み合わせ確率: 0.062（推定実オッズ?22倍） / 2着集中度: 上位2艇 63.9%（補正+0.00） / 総合判定確率: 0.062 / → ヒモ分散。1号艇1着固定で広めのヒモ流し推奨（買い目+2点）', 'tenji_trigger': '展示確認: ヒモ分散レース。1号艇伸び確認後、広めのヒモ流しを採用。穴ヒモ（5・6号艇）を積極的に含める。'}",,,27.7,逃げ狙い,17.03,28.2,4,,,,,,,,,,,
2025-08-20,丸亀,1,1,木村光宏,B1,32.14,1,◎,55.3071,,0,71.7,0.1528,3.2283,,,0,低,99,0,逃0%,461 36,0,62.1,0.9322,0.3333,,,,,0.3952,0.3571,0.0571,○,,D,◎,,,0.6335,,0.4241,A,62,0,◎-○軸 3着3〜4艇流し（10〜15点）,0.5777,"{'is_target': True, 'verdict': '参加推奨', 'max_combo_prob': 0.0766, 'est_top_odds': 17.4, 'circle_concentration': 69.8, 'eligible_count': 8, 'bet_adj': 2, 'reason': 'rel_win1=55.3%（本命度） / 最有力組み合わせ確率: 0.077（推定実オッズ?17倍） / 2着集中度: 上位2艇 69.8%（補正+0.00） / 総合判定確率: 0.077 / → ヒモ分散。1号艇1着固定で広めのヒモ流し推奨（買い目+2点）', 'tenji_trigger': '展示確認: ヒモ分散レース。1号艇伸び確認後、広めのヒモ流しを採用。穴ヒモ（5・6号艇）を積極的に含める。'}",,,32.1,両建て推奨,14.21,43.2,2,,,,,0,0,0.6155,0,,主役軸流し,B
2025-08-20,丸亀,1,2,妻鳥晋也,B1,31.74,2,,14.7043,46.5,97,58.3,0.1983,4.725,,,0,低,151,0,差0%,1 163,0,65.5,1.4452,0,0.12,0,0,0,0.25,0.21,0.23,,,D,△,,0.1365,0.601,,0.4241,A,62,0,◎-○軸 3着3〜4艇流し（10〜15点）,0.5777,"{'is_target': True, 'verdict': '参加推奨', 'max_combo_prob': 0.0766, 'est_top_odds': 17.4, 'circle_concentration': 69.8, 'eligible_count': 8, 'bet_adj': 2, 'reason': 'rel_win1=55.3%（本命度） / 最有力組み合わせ確率: 0.077（推定実オッズ?17倍） / 2着集中度: 上位2艇 69.8%（補正+0.00） / 総合判定確率: 0.077 / → ヒモ分散。1号艇1着固定で広めのヒモ流し推奨（買い目+2点）', 'tenji_trigger': '展示確認: ヒモ分散レース。1号艇伸び確認後、広めのヒモ流しを採用。穴ヒモ（5・6号艇）を積極的に含める。'}",,,32.1,両建て推奨,14.21,43.2,2,,,,,,,,,,,
2025-08-20,丸亀,1,3,谷口佳蓮,B1,38.82,3,▲,14.3378,23.2,89,33.3,0.1462,3,,,0,低,45,0,-,431 55,0,62.5,1.3785,0,0,0.0625,0.0625,0,0.1091,0,0.2727,,◎,C,△,,0.3814,0.5715,,0.4241,A,62,0,◎-○軸 3着3〜4艇流し（10〜15点）,0.5777,"{'is_target': True, 'verdict': '参加推奨', 'max_combo_prob': 0.0766, 'est_top_odds': 17.4, 'circle_concentration': 69.8, 'eligible_count': 8, 'bet_adj': 2, 'reason': 'rel_win1=55.3%（本命度） / 最有力組み合わせ確率: 0.077（推定実オッズ?17倍） / 2着集中度: 上位2艇 69.8%（補正+0.00） / 総合判定確率: 0.077 / → ヒモ分散。1号艇1着固定で広めのヒモ流し推奨（買い目+2点）', 'tenji_trigger': '展示確認: ヒモ分散レース。1号艇伸び確認後、広めのヒモ流しを採用。穴ヒモ（5・6号艇）を積極的に含める。'}",,,32.1,両建て推奨,14.21,43.2,2,,,,,,,,,,,
2025-08-20,丸亀,1,4,三嶌ここ,B1,38.50,4,,5.5744,12.6,71,10,0.224,4.8,,,0,低,114,0,-,1 564,0,13.7,0.5713,,,,,,0.0571,0.0571,0.3143,,,C,,,0.1908,0.553,,0.4241,A,62,0,◎-○軸 3着3〜4艇流し（10〜15点）,0.5777,"{'is_target': True, 'verdict': '参加推奨', 'max_combo_prob': 0.0766, 'est_top_odds': 17.4, 'circle_concentration': 69.8, 'eligible_count': 8, 'bet_adj': 2, 'reason': 'rel_win1=55.3%（本命度） / 最有力組み合わせ確率: 0.077（推定実オッズ?17倍） / 2着集中度: 上位2艇 69.8%（補正+0.00） / 総合判定確率: 0.077 / → ヒモ分散。1号艇1着固定で広めのヒモ流し推奨（買い目+2点）', 'tenji_trigger': '展示確認: ヒモ分散レース。1号艇伸び確認後、広めのヒモ流しを採用。穴ヒモ（5・6号艇）を積極的に含める。'}",,,32.1,両建て推奨,14.21,43.2,2,,,,,,,,,,,
2025-08-20,丸亀,1,5,西岡蒼志,B1,39.21,5,△,6.0738,15.7,76,34.6,0.1569,3.0962,,,0,低,79,0,-,3 263,0,100,2.271,0,0,0,0.0417,0,0,0.27,0,,,B,,,0.3209,0.528,,0.4241,A,62,0,◎-○軸 3着3〜4艇流し（10〜15点）,0.5777,"{'is_target': True, 'verdict': '参加推奨', 'max_combo_prob': 0.0766, 'est_top_odds': 17.4, 'circle_concentration': 69.8, 'eligible_count': 8, 'bet_adj': 2, 'reason': 'rel_win1=55.3%（本命度） / 最有力組み合わせ確率: 0.077（推定実オッズ?17倍） / 2着集中度: 上位2艇 69.8%（補正+0.00） / 総合判定確率: 0.077 / → ヒモ分散。1号艇1着固定で広めのヒモ流し推奨（買い目+2点）', 'tenji_trigger': '展示確認: ヒモ分散レース。1号艇伸び確認後、広めのヒモ流しを採用。穴ヒモ（5・6号艇）を積極的に含める。'}",,,32.1,両建て推奨,14.21,43.2,2,,,,,,,,,,,
2025-08-20,丸亀,1,6,中村桃佳,B1,39.25,6,○,4.0025,1.9,100,26.1,0.1491,3.5435,,,0,低,41,0,-,1 364,0,42.1,0.8817,0,0,0,0.0667,0,0.0471,0.0706,0.2706,,,B,○,,0.3564,0.6205,,0.4241,A,62,0,◎-○軸 3着3〜4艇流し（10〜15点）,0.5777,"{'is_target': True, 'verdict': '参加推奨', 'max_combo_prob': 0.0766, 'est_top_odds': 17.4, 'circle_concentration': 69.8, 'eligible_count': 8, 'bet_adj': 2, 'reason': 'rel_win1=55.3%（本命度） / 最有力組み合わせ確率: 0.077（推定実オッズ?17倍） / 2着集中度: 上位2艇 69.8%（補正+0.00） / 総合判定確率: 0.077 / → ヒモ分散。1号艇1着固定で広めのヒモ流し推奨（買い目+2点）', 'tenji_trigger': '展示確認: ヒモ分散レース。1号艇伸び確認後、広めのヒモ流しを採用。穴ヒモ（5・6号艇）を積極的に含める。'}",,,32.1,両建て推奨,14.21,43.2,2,,,,,,,,,,,
2025-08-20,丸亀,2,1,水谷理人,B1,38.36,1,◎,51.9294,,0,82.6,0.1665,3.8696,,,0,低,64,0,逃1%,5 622,0,95.4,1.3381,0.6,,,,,0.0533,0.28,0.0267,○,,C,△,,,0.569,,0.3563,A,72,0,◎-○軸 3着3〜4艇流し（10〜15点）,0.5777,"{'is_target': True, 'verdict': '点数絞り', 'max_combo_prob': 0.1004, 'est_top_odds': 13.3, 'circle_concentration': 75.6, 'eligible_count': 8, 'bet_adj': 0, 'reason': 'rel_win1=51.9%（本命度） / 最有力組み合わせ確率: 0.100（推定実オッズ?13倍） / 2着集中度: 上位2艇 75.6%（補正+0.04） / 総合判定確率: 0.140 / → ヒモはやや固め。上位2艇以外を切ること', 'tenji_trigger': '展示確認: 1号艇伸び良→そのまま採用。悪→飛び組に差し替え。circle_pct上位2艇に絞り込むこと。'}",,,30.1,逃げ狙い,20.83,31.6,3,,,,,0,0,0.6155,0,,逃げ軸流し,A
2025-08-20,丸亀,2,2,塩田雄一,B1,32.29,2,,7.596,23.2,55,39,0.1837,3.8814,,,0,低,147,0,-,5 456,0,77,1.595,0,0,0.08,0,0,0.4143,0.0952,0.2071,,,D,,,0.1387,0.5565,,0.3563,A,72,0,◎-○軸 3着3〜4艇流し（10〜15点）,0.5777,"{'is_target': True, 'verdict': '点数絞り', 'max_combo_prob': 0.1004, 'est_top_odds': 13.3, 'circle_concentration': 75.6, 'eligible_count': 8, 'bet_adj': 0, 'reason': 'rel_win1=51.9%（本命度） / 最有力組み合わせ確率: 0.100（推定実オッズ?13倍） / 2着集中度: 上位2艇 75.6%（補正+0.04） / 総合判定確率: 0.140 / → ヒモはやや固め。上位2艇以外を切ること', 'tenji_trigger': '展示確認: 1号艇伸び良→そのまま採用。悪→飛び組に差し替え。circle_pct上位2艇に絞り込むこと。'}",,,30.1,逃げ狙い,20.83,31.6,3,,,,,,,,,,,
2025-08-20,丸亀,2,3,中村晃朋,A1,41.44,3,○,23.0749,52.4,92,85.7,0.1346,2.7143,,,0,低,56,0,差0% ま0% 差ま0%,351 13,0,54.8,1.2769,0,0.0769,0.1538,0.0769,0.0769,0.1745,0,0.1564,,◎,B,◎,,0.4761,0.678,,0.3563,A,72,0,◎-○軸 3着3〜4艇流し（10〜15点）,0.5777,"{'is_target': True, 'verdict': '点数絞り', 'max_combo_prob': 0.1004, 'est_top_odds': 13.3, 'circle_concentration': 75.6, 'eligible_count': 8, 'bet_adj': 0, 'reason': 'rel_win1=51.9%（本命度） / 最有力組み合わせ確率: 0.100（推定実オッズ?13倍） / 2着集中度: 上位2艇 75.6%（補正+0.04） / 総合判定確率: 0.140 / → ヒモはやや固め。上位2艇以外を切ること', 'tenji_trigger': '展示確認: 1号艇伸び良→そのまま採用。悪→飛び組に差し替え。circle_pct上位2艇に絞り込むこと。'}",,,30.1,逃げ狙い,20.83,31.6,3,,,,,,,,,,,
2025-08-20,丸亀,2,4,秋山広一,A2,47.95,4,▲,11.0673,16.6,100,50.8,0.1559,3.2131,,,0,低,90,0,-,25123,0,39.9,0.9134,0,0,0,0,0.0357,0,0.168,0.168,,,A,○,◎,0.3507,0.651,0.38,0.3563,A,72,0,◎-○軸 3着3〜4艇流し（10〜15点）,0.5777,"{'is_target': True, 'verdict': '点数絞り', 'max_combo_prob': 0.1004, 'est_top_odds': 13.3, 'circle_concentration': 75.6, 'eligible_count': 8, 'bet_adj': 0, 'reason': 'rel_win1=51.9%（本命度） / 最有力組み合わせ確率: 0.100（推定実オッズ?13倍） / 2着集中度: 上位2艇 75.6%（補正+0.04） / 総合判定確率: 0.140 / → ヒモはやや固め。上位2艇以外を切ること', 'tenji_trigger': '展示確認: 1号艇伸び良→そのまま採用。悪→飛び組に差し替え。circle_pct上位2艇に絞り込むこと。'}",,,30.1,逃げ狙い,20.83,31.6,3,,,,,,,,,,,
2025-08-20,丸亀,2,5,松下知幸,B1,32.30,5,△,5.3447,4.8,76,23.1,0.1932,4.1987,,,0,低,152,0,-,3 156,0,53.8,1.1876,0,0.0278,0.0278,0,0,0.2152,0.1581,0.1962,,,D,△,,0.1948,0.5965,,0.3563,A,72,0,◎-○軸 3着3〜4艇流し（10〜15点）,0.5777,"{'is_target': True, 'verdict': '点数絞り', 'max_combo_prob': 0.1004, 'est_top_odds': 13.3, 'circle_concentration': 75.6, 'eligible_count': 8, 'bet_adj': 0, 'reason': 'rel_win1=51.9%（本命度） / 最有力組み合わせ確率: 0.100（推定実オッズ?13倍） / 2着集中度: 上位2艇 75.6%（補正+0.04） / 総合判定確率: 0.140 / → ヒモはやや固め。上位2艇以外を切ること', 'tenji_trigger': '展示確認: 1号艇伸び良→そのまま採用。悪→飛び組に差し替え。circle_pct上位2艇に絞り込むこと。'}",,,30.1,逃げ狙い,20.83,31.6,3,,,,,,,,,,,
2025-08-20,丸亀,2,6,越智照浩,B2,31.98,6,,0.9877,3,40,20.5,0.1956,4.7051,,,0,低,133,0,-,6 556,0,28.7,0.6483,,,,,,0.2,0.35,0.05,,,E,,,0.2212,0.563,,0.3563,A,72,0,◎-○軸 3着3〜4艇流し（10〜15点）,0.5777,"{'is_target': True, 'verdict': '点数絞り', 'max_combo_prob': 0.1004, 'est_top_odds': 13.3, 'circle_concentration': 75.6, 'eligible_count': 8, 'bet_adj': 0, 'reason': 'rel_win1=51.9%（本命度） / 最有力組み合わせ確率: 0.100（推定実オッズ?13倍） / 2着集中度: 上位2艇 75.6%（補正+0.04） / 総合判定確率: 0.140 / → ヒモはやや固め。上位2艇以外を切ること', 'tenji_trigger': '展示確認: 1号艇伸び良→そのまま採用。悪→飛び組に差し替え。circle_pct上位2艇に絞り込むこと。'}",,,30.1,逃げ狙い,20.83,31.6,3,,,,,,,,,,,
2025-08-20,丸亀,3,1,大廣咲季,B1,34.82,1,◎,55.022,,0,25,0.1888,3.5625,,,0,低,81,1,逃0%,266 66,0,32,0.5637,0.3333,,,,,0.3333,0.3333,0,△⚠️,,C,,,,0.543,,0.2125,D,21,1,大荒れ。見送り推奨,0.5777,"{'is_target': True, 'verdict': '参加推奨', 'max_combo_prob': 0.0704, 'est_top_odds': 18.9, 'circle_concentration': 78.4, 'eligible_count': 6, 'bet_adj': 2, 'reason': 'rel_win1=55.0%（本命度） / 最有力組み合わせ確率: 0.070（推定実オッズ?19倍） / 2着集中度: 上位2艇 78.4%（補正+0.04） / 総合判定確率: 0.110 / → ヒモ分散。1号艇1着固定で広めのヒモ流し推奨（買い目+2点）', 'tenji_trigger': '展示確認: ヒモ分散レース。1号艇伸び確認後、広めのヒモ流しを採用。穴ヒモ（5・6号艇）を積極的に含める。\n展示で1号艇スタート遅め(0.189秒)確認→ヒモが荒れやすい'}",,,32.2,両建て推奨,14.7,42.8,3,2-1-3|2-1-4|2-1-6|2-3-1|2-3-4|2-6-3|2-3-6|1-2-3|1-3-2|1-2-6|1-3-6,2-1-3|2-1-4|2-1-6|2-3-1|2-3-4|2-6-3|2-3-6|1-2-3|1-3-2|1-2-6|1-3-6|5-1-6,2-1-3:3.14%|2-1-4:1.41%|2-1-6:1.07%|2-3-1:0.87%|2-3-4:0.58%|2-6-3:0.53%|2-3-6:0.44%|1-2-3:7.09%|1-3-2:5.86%|1-2-6:5.79%|1-3-6:4.74%,2-1-3:B_main|2-1-4:B_main|2-1-6:B_main|2-3-1:B_main|2-3-4:B_main|2-6-3:B_main|2-3-6:B_main|1-2-3:A|1-3-2:A|1-2-6:A|1-3-6:A,11,12,0.4535,1,[!]見送り推奨（主役決まり手「差し」― 逃げ劣勢レースで的中実績なし）,主役軸流し,B
2025-08-20,丸亀,3,2,中岡健人,B2,39.01,2,○,10.0357,41.9,100,53.4,0.1702,3.5172,,,0,低,104,0,-,644 54,0,37,0.7383,,,,,,0.28,0.164,0.196,,◎,B,◎,,0.5135,0.635,,0.2125,D,21,1,大荒れ。見送り推奨,0.5777,"{'is_target': True, 'verdict': '参加推奨', 'max_combo_prob': 0.0704, 'est_top_odds': 18.9, 'circle_concentration': 78.4, 'eligible_count': 6, 'bet_adj': 2, 'reason': 'rel_win1=55.0%（本命度） / 最有力組み合わせ確率: 0.070（推定実オッズ?19倍） / 2着集中度: 上位2艇 78.4%（補正+0.04） / 総合判定確率: 0.110 / → ヒモ分散。1号艇1着固定で広めのヒモ流し推奨（買い目+2点）', 'tenji_trigger': '展示確認: ヒモ分散レース。1号艇伸び確認後、広めのヒモ流しを採用。穴ヒモ（5・6号艇）を積極的に含める。\n展示で1号艇スタート遅め(0.189秒)確認→ヒモが荒れやすい'}",,,32.2,両建て推奨,14.7,42.8,3,,,,,,,,,,,
2025-08-20,丸亀,3,3,西丸侑太,A2,33.48,3,△,18.8966,36.5,87,72.5,0.1655,3.2375,,,0,低,100,0,-,362 34,0,69.1,0.9644,0,0.0476,0.0476,0.0476,0.0476,0,0.1314,0.0429,,○,D,△,,0.4055,0.6105,,0.2125,D,21,1,大荒れ。見送り推奨,0.5777,"{'is_target': True, 'verdict': '参加推奨', 'max_combo_prob': 0.0704, 'est_top_odds': 18.9, 'circle_concentration': 78.4, 'eligible_count': 6, 'bet_adj': 2, 'reason': 'rel_win1=55.0%（本命度） / 最有力組み合わせ確率: 0.070（推定実オッズ?19倍） / 2着集中度: 上位2艇 78.4%（補正+0.04） / 総合判定確率: 0.110 / → ヒモ分散。1号艇1着固定で広めのヒモ流し推奨（買い目+2点）', 'tenji_trigger': '展示確認: ヒモ分散レース。1号艇伸び確認後、広めのヒモ流しを採用。穴ヒモ（5・6号艇）を積極的に含める。\n展示で1号艇スタート遅め(0.189秒)確認→ヒモが荒れやすい'}",,,32.2,両建て推奨,14.7,42.8,3,,,,,,,,,,,
2025-08-20,丸亀,3,4,三嶌さら,B1,31.42,4,,7.1625,8.6,64,24.2,0.1927,4.2424,,,0,低,82,0,差0%,463 46,0,48.1,0.8236,0,0.0455,0,0,0,0,0.25,0,,,E,△,,0.2675,0.576,,0.2125,D,21,1,大荒れ。見送り推奨,0.5777,"{'is_target': True, 'verdict': '参加推奨', 'max_combo_prob': 0.0704, 'est_top_odds': 18.9, 'circle_concentration': 78.4, 'eligible_count': 6, 'bet_adj': 2, 'reason': 'rel_win1=55.0%（本命度） / 最有力組み合わせ確率: 0.070（推定実オッズ?19倍） / 2着集中度: 上位2艇 78.4%（補正+0.04） / 総合判定確率: 0.110 / → ヒモ分散。1号艇1着固定で広めのヒモ流し推奨（買い目+2点）', 'tenji_trigger': '展示確認: ヒモ分散レース。1号艇伸び確認後、広めのヒモ流しを採用。穴ヒモ（5・6号艇）を積極的に含める。\n展示で1号艇スタート遅め(0.189秒)確認→ヒモが荒れやすい'}",,,32.2,両建て推奨,14.7,42.8,3,,,,,,,,,,,
2025-08-20,丸亀,3,5,上田隆章,B1,36.84,5,,7.4494,8.1,60,39.6,0.2047,4.6509,,,0,低,192,0,-,1 656,0,20.4,0.6545,0,0,0,0.0833,0,0.3,0.22,0.1,,,C,,,0.244,0.5515,,0.2125,D,21,1,大荒れ。見送り推奨,0.5777,"{'is_target': True, 'verdict': '参加推奨', 'max_combo_prob': 0.0704, 'est_top_odds': 18.9, 'circle_concentration': 78.4, 'eligible_count': 6, 'bet_adj': 2, 'reason': 'rel_win1=55.0%（本命度） / 最有力組み合わせ確率: 0.070（推定実オッズ?19倍） / 2着集中度: 上位2艇 78.4%（補正+0.04） / 総合判定確率: 0.110 / → ヒモ分散。1号艇1着固定で広めのヒモ流し推奨（買い目+2点）', 'tenji_trigger': '展示確認: ヒモ分散レース。1号艇伸び確認後、広めのヒモ流しを採用。穴ヒモ（5・6号艇）を積極的に含める。\n展示で1号艇スタート遅め(0.189秒)確認→ヒモが荒れやすい'}",,,32.2,両建て推奨,14.7,42.8,3,,,,,,,,,,,
2025-08-20,丸亀,3,6,平高奈菜,A1,46.98,6,▲,1.4339,4.9,74,52,0.1876,4.44,,,0,低,46,0,-,2 2254,0,26.9,0.5836,,,,,,0.2,0,0.1333,,,A,○,,0.3162,0.6215,,0.2125,D,21,1,大荒れ。見送り推奨,0.5777,"{'is_target': True, 'verdict': '参加推奨', 'max_combo_prob': 0.0704, 'est_top_odds': 18.9, 'circle_concentration': 78.4, 'eligible_count': 6, 'bet_adj': 2, 'reason': 'rel_win1=55.0%（本命度） / 最有力組み合わせ確率: 0.070（推定実オッズ?19倍） / 2着集中度: 上位2艇 78.4%（補正+0.04） / 総合判定確率: 0.110 / → ヒモ分散。1号艇1着固定で広めのヒモ流し推奨（買い目+2点）', 'tenji_trigger': '展示確認: ヒモ分散レース。1号艇伸び確認後、広めのヒモ流しを採用。穴ヒモ（5・6号艇）を積極的に含める。\n展示で1号艇スタート遅め(0.189秒)確認→ヒモが荒れやすい'}",,,32.2,両建て推奨,14.7,42.8,3,,,,,,,,,,,
2025-08-20,丸亀,4,1,川上清人,B1,37.67,1,◎,44.1789,,0,73.3,0.1593,2.9778,,,0,低,150,0,逃0%,555 46,0,100,1.5709,0.3333,,,,,0.3733,0.0381,0.1962,△,,C,,,,0.595,,0.3206,B,54,0,◎○△フォーメーション（15〜20点）,0.5777,"{'is_target': False, 'verdict': '対象外', 'max_combo_prob': None, 'est_top_odds': None, 'circle_concentration': None, 'eligible_count': 0, 'bet_adj': 0, 'reason': '1号艇rel_win1 < 45%: 通常判定に委ねる', 'tenji_trigger': ''}",,,32.6,両建て推奨,21.7,38,3,3-4-5|3-5-4|3-5-6|3-4-6|1-3-5|1-3-4|1-2-3|1-2-5|1-2-4,3-4-5|3-5-4|4-1-5|2-1-5|2-1-4|3-5-6|3-4-6|1-3-5|1-3-4|1-2-3|1-2-5|1-2-4,3-4-5:2.96%|3-5-4:2.78%|3-5-6:1.68%|3-4-6:1.2%|1-3-5:6.57%|1-3-4:5.81%|1-2-3:5.05%|1-2-5:5.04%|1-2-4:4.45%,3-4-5:B_main|3-5-4:B_main|3-5-6:B_main|3-4-6:B_main|1-3-5:A|1-3-4:A|1-2-3:A|1-2-5:A|1-2-4:A,9,12,0.4535,1,[!]見送り推奨（主役決まり手「まくり」― 逃げ劣勢レースで的中実績なし）,荒れ広め,D
2025-08-20,丸亀,4,2,原村拓也,B1,31.22,2,,8.2161,33.7,98,45.7,0.178,4.0071,,,0,低,159,0,-,2 635,0,45.8,1.2703,0,0.0345,0,0,0,0.3114,0.1257,0.02,,,D,,,0.175,0.5855,,0.3206,B,54,0,◎○△フォーメーション（15〜20点）,0.5777,"{'is_target': False, 'verdict': '対象外', 'max_combo_prob': None, 'est_top_odds': None, 'circle_concentration': None, 'eligible_count': 0, 'bet_adj': 0, 'reason': '1号艇rel_win1 < 45%: 通常判定に委ねる', 'tenji_trigger': ''}",,,32.6,両建て推奨,21.7,38,3,,,,,,,,,,,
2025-08-20,丸亀,4,3,中岡正彦,A1,31.53,3,▲,23.7052,31.2,100,63.8,0.1291,2.4574,,,0,低,42,0,ま1%,2 1616,0,43.5,1.2788,0,0,0.4762,0,0,0.1103,0,0.0588,,◎,D,△,,0.579,0.649,,0.3206,B,54,0,◎○△フォーメーション（15〜20点）,0.5777,"{'is_target': False, 'verdict': '対象外', 'max_combo_prob': None, 'est_top_odds': None, 'circle_concentration': None, 'eligible_count': 0, 'bet_adj': 0, 'reason': '1号艇rel_win1 < 45%: 通常判定に委ねる', 'tenji_trigger': ''}",,,32.6,両建て推奨,21.7,38,3,,,,,,,,,,,
2025-08-20,丸亀,4,4,嶋田貴支,B1,34.10,4,,8.8464,11,99,43.8,0.1808,3.6354,,,0,低,134,0,-,6 251,0,87.7,1.0409,0,0.0476,0,0,0,0.0174,0.0522,0.1174,,,C,△,,0.1915,0.6045,,0.3206,B,54,0,◎○△フォーメーション（15〜20点）,0.5777,"{'is_target': False, 'verdict': '対象外', 'max_combo_prob': None, 'est_top_odds': None, 'circle_concentration': None, 'eligible_count': 0, 'bet_adj': 0, 'reason': '1号艇rel_win1 < 45%: 通常判定に委ねる', 'tenji_trigger': ''}",,,32.6,両建て推奨,21.7,38,3,,,,,,,,,,,
2025-08-20,丸亀,4,5,三嶌誠司,A1,39.82,5,○,13.8675,23.4,62,46.9,0.1516,3.1735,,,0,低,84,0,-,62451,0,41.4,1.1081,0,0,0,0.0417,0.0417,0.1235,0.1643,0.0959,,,B,◎,◎,0.3143,0.669,0.3576,0.3206,B,54,0,◎○△フォーメーション（15〜20点）,0.5777,"{'is_target': False, 'verdict': '対象外', 'max_combo_prob': None, 'est_top_odds': None, 'circle_concentration': None, 'eligible_count': 0, 'bet_adj': 0, 'reason': '1号艇rel_win1 < 45%: 通常判定に委ねる', 'tenji_trigger': ''}",,,32.6,両建て推奨,21.7,38,3,,,,,,,,,,,
2025-08-20,丸亀,4,6,宮武英司,B1,44.34,6,△,1.186,0.7,63,23.3,0.1781,4.1628,,,0,低,89,0,-,441 32,0,33.1,1.9433,,,,,,0.4889,0.0222,0.0222,,,B,○,,0.2596,0.658,,0.3206,B,54,0,◎○△フォーメーション（15〜20点）,0.5777,"{'is_target': False, 'verdict': '対象外', 'max_combo_prob': None, 'est_top_odds': None, 'circle_concentration': None, 'eligible_count': 0, 'bet_adj': 0, 'reason': '1号艇rel_win1 < 45%: 通常判定に委ねる', 'tenji_trigger': ''}",,,32.6,両建て推奨,21.7,38,3,,,,,,,,,,,
2025-08-20,丸亀,5,1,下田哲也,B1,36.00,1,◎,40.4118,,0,61.9,0.1467,2.9762,,,0,低,104,0,-,245 45,0,64.4,0.9428,0.0833,,,,,0.3333,0.1667,0.25,○,,B,△,,,0.615,,0.3804,C,36,0,荒れ傾向。高配当狙いか見送り,0.5777,"{'is_target': False, 'verdict': '対象外', 'max_combo_prob': None, 'est_top_odds': None, 'circle_concentration': None, 'eligible_count': 0, 'bet_adj': 0, 'reason': '1号艇rel_win1 < 45%: 通常判定に委ねる', 'tenji_trigger': ''}",,,33.2,両建て推奨,23.31,38.4,2,,,,,0,0,0.6155,0,,逃げ軸流し,A
2025-08-20,丸亀,5,2,中田元泰,A1,29.55,2,,17.5942,46.9,69,71.7,0.1596,3.2717,,,0,低,90,0,-,544 14,0,81.3,0.8648,0,0,0.0476,0,0,0.0323,0.1613,0,,,D,◎,,0.2263,0.685,,0.3804,C,36,0,荒れ傾向。高配当狙いか見送り,0.5777,"{'is_target': False, 'verdict': '対象外', 'max_combo_prob': None, 'est_top_odds': None, 'circle_concentration': None, 'eligible_count': 0, 'bet_adj': 0, 'reason': '1号艇rel_win1 < 45%: 通常判定に委ねる', 'tenji_trigger': ''}",,,33.2,両建て推奨,23.31,38.4,2,,,,,,,,,,,
2025-08-20,丸亀,5,3,海野康志,A1,29.61,3,▲,22.2517,25.5,100,79.5,0.1582,3.2179,,,0,低,38,0,差ま0%,51444,0,88.3,1.7029,0,0,0,0.1176,0,0,0.0387,0.2516,,,D,△,,0.2853,0.6265,,0.3804,C,36,0,荒れ傾向。高配当狙いか見送り,0.5777,"{'is_target': False, 'verdict': '対象外', 'max_combo_prob': None, 'est_top_odds': None, 'circle_concentration': None, 'eligible_count': 0, 'bet_adj': 0, 'reason': '1号艇rel_win1 < 45%: 通常判定に委ねる', 'tenji_trigger': ''}",,,33.2,両建て推奨,23.31,38.4,2,,,,,,,,,,,
2025-08-20,丸亀,5,4,妻鳥晋也,B1,31.74,4,△,11.1849,18.1,62,52.5,0.1792,3.8983,,,0,低,151,0,-,1 163,0,85.9,1.5515,0,0,0,0.069,0.0345,0.25,0.21,0.23,,,C,,,0.1873,0.601,,0.3804,C,36,0,荒れ傾向。高配当狙いか見送り,0.5777,"{'is_target': False, 'verdict': '対象外', 'max_combo_prob': None, 'est_top_odds': None, 'circle_concentration': None, 'eligible_count': 0, 'bet_adj': 0, 'reason': '1号艇rel_win1 < 45%: 通常判定に委ねる', 'tenji_trigger': ''}",,,33.2,両建て推奨,23.31,38.4,2,,,,,,,,,,,
2025-08-20,丸亀,5,5,宮崎　奨,A2,29.78,5,,7.3247,8.5,90,52.6,0.176,3.9561,,,0,低,134,0,-,16352,0,59.8,1.1905,,,,,,0.0343,0.1571,0.2686,,,D,○,,0.2445,0.658,,0.3804,C,36,0,荒れ傾向。高配当狙いか見送り,0.5777,"{'is_target': False, 'verdict': '対象外', 'max_combo_prob': None, 'est_top_odds': None, 'circle_concentration': None, 'eligible_count': 0, 'bet_adj': 0, 'reason': '1号艇rel_win1 < 45%: 通常判定に委ねる', 'tenji_trigger': ''}",,,33.2,両建て推奨,23.31,38.4,2,,,,,,,,,,,
2025-08-20,丸亀,5,6,大西隆洋,B1,33.48,6,○,1.2326,1,28,15.2,0.1359,2.8696,,,0,低,103,0,-,6 245,0,34,1.5733,,,,,,0.3077,0.0769,0.3077,,,C,,,0.3694,0.6055,,0.3804,C,36,0,荒れ傾向。高配当狙いか見送り,0.5777,"{'is_target': False, 'verdict': '対象外', 'max_combo_prob': None, 'est_top_odds': None, 'circle_concentration': None, 'eligible_count': 0, 'bet_adj': 0, 'reason': '1号艇rel_win1 < 45%: 通常判定に委ねる', 'tenji_trigger': ''}",,,33.2,両建て推奨,23.31,38.4,2,,,,,,,,,,,
2025-08-20,丸亀,6,1,松尾　祭,A2,42.73,1,◎,52.4588,,0,87.2,0.1624,3.1218,,,0,低,144,0,逃0% 抜0%,3 4355,0,83,1.0275,0.5135,,,,,0.1086,0.0654,0.2501,◎,,B,○,,,0.6215,,0.4747,A,74,0,◎-○軸 3着3〜4艇流し（10〜15点）,0.5777,"{'is_target': True, 'verdict': '点数絞り', 'max_combo_prob': 0.0905, 'est_top_odds': 14.7, 'circle_concentration': 70.0, 'eligible_count': 8, 'bet_adj': 0, 'reason': 'rel_win1=52.5%（本命度） / 最有力組み合わせ確率: 0.091（推定実オッズ?15倍） / 2着集中度: 上位2艇 70.0%（補正+0.04） / 総合判定確率: 0.131 / → ヒモはやや固め。上位2艇以外を切ること', 'tenji_trigger': '展示確認: 1号艇伸び良→そのまま採用。悪→飛び組に差し替え。circle_pct上位2艇に絞り込むこと。'}",,,30.4,逃げ狙い,23.17,30.4,4,,,,,0,0,0.7559,0,,逃げ軸流し,A
2025-08-20,丸亀,6,2,田頭虎親,B1,40.45,2,○,16.1511,45.9,69,69.6,0.1607,3.4348,,,0,低,121,0,差0% ま0%,653 65,0,49.4,0.9528,0,0.2174,0.0435,0,0,0.1,0.375,0.025,,◎,B,△,,0.3809,0.5945,,0.4747,A,74,0,◎-○軸 3着3〜4艇流し（10〜15点）,0.5777,"{'is_target': True, 'verdict': '点数絞り', 'max_combo_prob': 0.0905, 'est_top_odds': 14.7, 'circle_concentration': 70.0, 'eligible_count': 8, 'bet_adj': 0, 'reason': 'rel_win1=52.5%（本命度） / 最有力組み合わせ確率: 0.091（推定実オッズ?15倍） / 2着集中度: 上位2艇 70.0%（補正+0.04） / 総合判定確率: 0.131 / → ヒモはやや固め。上位2艇以外を切ること', 'tenji_trigger': '展示確認: 1号艇伸び良→そのまま採用。悪→飛び組に差し替え。circle_pct上位2艇に絞り込むこと。'}",,,30.4,逃げ狙い,23.17,30.4,4,,,,,,,,,,,
2025-08-20,丸亀,6,3,門田　栞,B1,34.39,3,△,9.0726,21.5,100,59.5,0.1586,3.5946,,,0,低,76,0,-,156 21,0,65.4,0.8835,0,0.0526,0,0.0526,0,0.2308,0.3077,0,,,D,,,0.3154,0.5145,,0.4747,A,74,0,◎-○軸 3着3〜4艇流し（10〜15点）,0.5777,"{'is_target': True, 'verdict': '点数絞り', 'max_combo_prob': 0.0905, 'est_top_odds': 14.7, 'circle_concentration': 70.0, 'eligible_count': 8, 'bet_adj': 0, 'reason': 'rel_win1=52.5%（本命度） / 最有力組み合わせ確率: 0.091（推定実オッズ?15倍） / 2着集中度: 上位2艇 70.0%（補正+0.04） / 総合判定確率: 0.131 / → ヒモはやや固め。上位2艇以外を切ること', 'tenji_trigger': '展示確認: 1号艇伸び良→そのまま採用。悪→飛び組に差し替え。circle_pct上位2艇に絞り込むこと。'}",,,30.4,逃げ狙い,23.17,30.4,4,,,,,,,,,,,
2025-08-20,丸亀,6,4,川原祐明,A1,36.24,4,▲,12.2532,24.1,82,66.1,0.1564,3.2768,,,0,低,110,0,-,43315,0,64.9,1.116,0,0.037,0.037,0.1481,0.037,0.0276,0.1014,0.0138,,,D,△,◎,0.3423,0.6185,0.4915,0.4747,A,74,0,◎-○軸 3着3〜4艇流し（10〜15点）,0.5777,"{'is_target': True, 'verdict': '点数絞り', 'max_combo_prob': 0.0905, 'est_top_odds': 14.7, 'circle_concentration': 70.0, 'eligible_count': 8, 'bet_adj': 0, 'reason': 'rel_win1=52.5%（本命度） / 最有力組み合わせ確率: 0.091（推定実オッズ?15倍） / 2着集中度: 上位2艇 70.0%（補正+0.04） / 総合判定確率: 0.131 / → ヒモはやや固め。上位2艇以外を切ること', 'tenji_trigger': '展示確認: 1号艇伸び良→そのまま採用。悪→飛び組に差し替え。circle_pct上位2艇に絞り込むこと。'}",,,30.4,逃げ狙い,23.17,30.4,4,,,,,,,,,,,
2025-08-20,丸亀,6,5,三嶌ここ,B1,38.50,5,,3.887,1,35,8.5,0.2019,4.5638,,,0,低,114,0,-,1 564,0,26.8,0.5945,,,,,,0.0571,0.0571,0.3143,,,C,,,0.1946,0.553,,0.4747,A,74,0,◎-○軸 3着3〜4艇流し（10〜15点）,0.5777,"{'is_target': True, 'verdict': '点数絞り', 'max_combo_prob': 0.0905, 'est_top_odds': 14.7, 'circle_concentration': 70.0, 'eligible_count': 8, 'bet_adj': 0, 'reason': 'rel_win1=52.5%（本命度） / 最有力組み合わせ確率: 0.091（推定実オッズ?15倍） / 2着集中度: 上位2艇 70.0%（補正+0.04） / 総合判定確率: 0.131 / → ヒモはやや固め。上位2艇以外を切ること', 'tenji_trigger': '展示確認: 1号艇伸び良→そのまま採用。悪→飛び組に差し替え。circle_pct上位2艇に絞り込むこと。'}",,,30.4,逃げ狙い,23.17,30.4,4,,,,,,,,,,,
2025-08-20,丸亀,6,6,重成一人,A1,37.17,6,,6.1774,7.5,49,55.2,0.181,3.6034,,,0,低,51,0,抜0%,1 2423,0,40.2,1.1872,0,0.0909,0,0,0.0909,0.0533,0.2533,0.0133,,,C,◎,,0.2406,0.6315,,0.4747,A,74,0,◎-○軸 3着3〜4艇流し（10〜15点）,0.5777,"{'is_target': True, 'verdict': '点数絞り', 'max_combo_prob': 0.0905, 'est_top_odds': 14.7, 'circle_concentration': 70.0, 'eligible_count': 8, 'bet_adj': 0, 'reason': 'rel_win1=52.5%（本命度） / 最有力組み合わせ確率: 0.091（推定実オッズ?15倍） / 2着集中度: 上位2艇 70.0%（補正+0.04） / 総合判定確率: 0.131 / → ヒモはやや固め。上位2艇以外を切ること', 'tenji_trigger': '展示確認: 1号艇伸び良→そのまま採用。悪→飛び組に差し替え。circle_pct上位2艇に絞り込むこと。'}",,,30.4,逃げ狙い,23.17,30.4,4,,,,,,,,,,,
2025-08-20,丸亀,7,1,塩田雄一,B1,32.29,1,▲,39.8629,,0,62,0.1856,3.79,,,0,低,147,0,逃0%,5 456,0,45.9,0.8407,0.2381,,,,,0.4143,0.0952,0.2071,,,D,,,,0.5565,,0.1874,C,38,0,荒れ傾向。高配当狙いか見送り,0.5777,"{'is_target': False, 'verdict': '対象外', 'max_combo_prob': None, 'est_top_odds': None, 'circle_concentration': None, 'eligible_count': 0, 'bet_adj': 0, 'reason': '1号艇rel_win1 < 45%: 通常判定に委ねる', 'tenji_trigger': ''}",,,38.4,両建て推奨,19.07,42.5,3,3-5-4|3-4-5|3-4-6|3-5-6|3-6-4|3-4-2|3-6-5|1-3-4|1-2-4|1-3-6,3-5-4|3-4-5|3-4-6|3-5-6|3-6-4|3-4-2|3-6-5|1-3-4|1-2-4|2-1-4|1-3-6|5-1-6,3-5-4:2.12%|3-4-5:1.94%|3-4-6:1.61%|3-5-6:1.27%|3-6-4:0.64%|3-4-2:0.58%|3-6-5:0.46%|1-3-4:4.72%|1-2-4:4.33%|1-3-6:3.65%,3-5-4:B_main|3-4-5:B_main|3-4-6:B_main|3-5-6:B_main|3-6-4:B_main|3-4-2:B_main|3-6-5:B_main|1-3-4:A|1-2-4:A|1-3-6:A,10,12,0.2915,1,[!]見送り推奨（主役決まり手「まくり」― 逃げ劣勢レースで的中実績なし）,主役軸流し,B
2025-08-20,丸亀,7,2,上田隆章,B1,36.84,2,,15.9354,30.1,77,59.4,0.1919,4.2681,,,0,低,192,0,-,1 656,0,23,0.794,0,0.0909,0.0303,0,0,0.3,0.22,0.1,,,C,,,0.3173,0.5515,,0.1874,C,38,0,荒れ傾向。高配当狙いか見送り,0.5777,"{'is_target': False, 'verdict': '対象外', 'max_combo_prob': None, 'est_top_odds': None, 'circle_concentration': None, 'eligible_count': 0, 'bet_adj': 0, 'reason': '1号艇rel_win1 < 45%: 通常判定に委ねる', 'tenji_trigger': ''}",,,38.4,両建て推奨,19.07,42.5,3,,,,,,,,,,,
2025-08-20,丸亀,7,3,中村桃佳,B1,39.25,3,○,18.8238,28.5,63,56,0.1196,2.24,,,0,低,41,0,ま0%,1 364,0,59.9,0.9515,0,0.05,0.1,0,0.05,0.0471,0.0706,0.2706,,◎,C,△,,0.5057,0.6205,,0.1874,C,38,0,荒れ傾向。高配当狙いか見送り,0.5777,"{'is_target': False, 'verdict': '対象外', 'max_combo_prob': None, 'est_top_odds': None, 'circle_concentration': None, 'eligible_count': 0, 'bet_adj': 0, 'reason': '1号艇rel_win1 < 45%: 通常判定に委ねる', 'tenji_trigger': ''}",,,38.4,両建て推奨,19.07,42.5,3,,,,,,,,,,,
2025-08-20,丸亀,7,4,近江翔吾,A1,46.82,4,◎,13.0691,26.2,100,77.4,0.1394,2.934,,,0,低,52,0,差0%,526 11,0,59.8,1.2738,0,0.037,0.0741,0,0,0.0811,0.0541,0.027,,○,A,◎,◎,0.483,0.6415,0.4117,0.1874,C,38,0,荒れ傾向。高配当狙いか見送り,0.5777,"{'is_target': False, 'verdict': '対象外', 'max_combo_prob': None, 'est_top_odds': None, 'circle_concentration': None, 'eligible_count': 0, 'bet_adj': 0, 'reason': '1号艇rel_win1 < 45%: 通常判定に委ねる', 'tenji_trigger': ''}",,,38.4,両建て推奨,19.07,42.5,3,,,,,,,,,,,
2025-08-20,丸亀,7,5,西岡顕心,A1,41.18,5,△,8.4749,12.4,76,61.5,0.1577,3.4615,,,0,低,55,0,-,13322,0,35.2,1.2624,0,0,0,0.125,0,0,0.0714,0,,△,B,△,,0.4066,0.6245,,0.1874,C,38,0,荒れ傾向。高配当狙いか見送り,0.5777,"{'is_target': False, 'verdict': '対象外', 'max_combo_prob': None, 'est_top_odds': None, 'circle_concentration': None, 'eligible_count': 0, 'bet_adj': 0, 'reason': '1号艇rel_win1 < 45%: 通常判定に委ねる', 'tenji_trigger': ''}",,,38.4,両建て推奨,19.07,42.5,3,,,,,,,,,,,
2025-08-20,丸亀,7,6,古田祐貴,A2,33.18,6,,3.8339,2.8,48,24.2,0.1742,4.0379,,,0,低,105,0,-,143 25,0,99.6,2.1289,,,,,,0.2088,0.1971,0.1338,,,D,○,,0.3617,0.6265,,0.1874,C,38,0,荒れ傾向。高配当狙いか見送り,0.5777,"{'is_target': False, 'verdict': '対象外', 'max_combo_prob': None, 'est_top_odds': None, 'circle_concentration': None, 'eligible_count': 0, 'bet_adj': 0, 'reason': '1号艇rel_win1 < 45%: 通常判定に委ねる', 'tenji_trigger': ''}",,,38.4,両建て推奨,19.07,42.5,3,,,,,,,,,,,
2025-08-20,丸亀,8,1,片岡雅裕,A1,35.11,1,◎,67.4388,,0,93.1,0.129,2.5172,,,0,低,5,0,逃1%,2 4122,0,65.9,1.0347,0.7857,,,,,0.0286,0,0.3571,◎,,C,◎,,,0.8292,,0.6558,S,100,0,◎1着固定 2-3着流し（5〜8点）,0.5777,"{'is_target': True, 'verdict': '参加推奨', 'max_combo_prob': 0.1175, 'est_top_odds': 11.4, 'circle_concentration': 68.1, 'eligible_count': 6, 'bet_adj': 2, 'reason': 'rel_win1=67.4%（本命度） / 最有力組み合わせ確率: 0.117（推定実オッズ?11倍） / 2着集中度: 上位2艇 68.1%（補正+0.00） / 総合判定確率: 0.117 / → ヒモ分散。1号艇1着固定で広めのヒモ流し推奨（買い目+2点）', 'tenji_trigger': '展示確認: ヒモ分散レース。1号艇伸び確認後、広めのヒモ流しを採用。穴ヒモ（5・6号艇）を積極的に含める。\n展示で1号艇スタート超安定(0.129秒)→ヒモ固まり方向に注意'}",,,27.5,逃げ狙い,19.43,25.4,5,,,,,0,0,0.7559,0,,逃げ軸流し,A
2025-08-20,丸亀,8,2,嶋　義信,A2,40.74,2,○,10.8772,47.2,100,58.5,0.1345,3.0094,,,0,低,90,0,-,143 23,0,24.8,0.7447,0,0.04,0.04,0,0,0.125,0.15,0.1875,,,B,△,,0.253,0.632,,0.6558,S,100,0,◎1着固定 2-3着流し（5〜8点）,0.5777,"{'is_target': True, 'verdict': '参加推奨', 'max_combo_prob': 0.1175, 'est_top_odds': 11.4, 'circle_concentration': 68.1, 'eligible_count': 6, 'bet_adj': 2, 'reason': 'rel_win1=67.4%（本命度） / 最有力組み合わせ確率: 0.117（推定実オッズ?11倍） / 2着集中度: 上位2艇 68.1%（補正+0.00） / 総合判定確率: 0.117 / → ヒモ分散。1号艇1着固定で広めのヒモ流し推奨（買い目+2点）', 'tenji_trigger': '展示確認: ヒモ分散レース。1号艇伸び確認後、広めのヒモ流しを採用。穴ヒモ（5・6号艇）を積極的に含める。\n展示で1号艇スタート超安定(0.129秒)→ヒモ固まり方向に注意'}",,,27.5,逃げ狙い,19.43,25.4,5,,,,,,,,,,,
2025-08-20,丸亀,8,3,吉永泰弘,B1,27.56,3,,5.5465,16.5,44,33.9,0.1642,3.6129,,,0,低,137,0,-,356 14,0,52.6,1.2977,,,,,,0.2376,0.4541,0.0235,,,E,○,,0.1383,0.6525,,0.6558,S,100,0,◎1着固定 2-3着流し（5〜8点）,0.5777,"{'is_target': True, 'verdict': '参加推奨', 'max_combo_prob': 0.1175, 'est_top_odds': 11.4, 'circle_concentration': 68.1, 'eligible_count': 6, 'bet_adj': 2, 'reason': 'rel_win1=67.4%（本命度） / 最有力組み合わせ確率: 0.117（推定実オッズ?11倍） / 2着集中度: 上位2艇 68.1%（補正+0.00） / 総合判定確率: 0.117 / → ヒモ分散。1号艇1着固定で広めのヒモ流し推奨（買い目+2点）', 'tenji_trigger': '展示確認: ヒモ分散レース。1号艇伸び確認後、広めのヒモ流しを採用。穴ヒモ（5・6号艇）を積極的に含める。\n展示で1号艇スタート超安定(0.129秒)→ヒモ固まり方向に注意'}",,,27.5,逃げ狙い,19.43,25.4,5,,,,,,,,,,,
2025-08-20,丸亀,8,4,山田理央,A2,29.49,4,,7.6959,20.9,93,53.8,0.1582,3.1923,,,0,低,62,0,-,341 32,0,85.4,1.0506,0,0.0625,0.0625,0.0625,0,0.0444,0.1444,0.0222,,,D,△,○,0.1814,0.6,0.3492,0.6558,S,100,0,◎1着固定 2-3着流し（5〜8点）,0.5777,"{'is_target': True, 'verdict': '参加推奨', 'max_combo_prob': 0.1175, 'est_top_odds': 11.4, 'circle_concentration': 68.1, 'eligible_count': 6, 'bet_adj': 2, 'reason': 'rel_win1=67.4%（本命度） / 最有力組み合わせ確率: 0.117（推定実オッズ?11倍） / 2着集中度: 上位2艇 68.1%（補正+0.00） / 総合判定確率: 0.117 / → ヒモ分散。1号艇1着固定で広めのヒモ流し推奨（買い目+2点）', 'tenji_trigger': '展示確認: ヒモ分散レース。1号艇伸び確認後、広めのヒモ流しを採用。穴ヒモ（5・6号艇）を積極的に含める。\n展示で1号艇スタート超安定(0.129秒)→ヒモ固まり方向に注意'}",,,27.5,逃げ狙い,19.43,25.4,5,,,,,,,,,,,
2025-08-20,丸亀,8,5,水谷理人,B1,38.36,5,▲,7.3981,14.3,81,52.8,0.1403,2.8194,,,0,低,64,0,-,5 622,0,45.4,1.7267,0,0.0556,0,0,0,0.0533,0.28,0.0267,,,C,,◎,0.2482,0.569,0.4019,0.6558,S,100,0,◎1着固定 2-3着流し（5〜8点）,0.5777,"{'is_target': True, 'verdict': '参加推奨', 'max_combo_prob': 0.1175, 'est_top_odds': 11.4, 'circle_concentration': 68.1, 'eligible_count': 6, 'bet_adj': 2, 'reason': 'rel_win1=67.4%（本命度） / 最有力組み合わせ確率: 0.117（推定実オッズ?11倍） / 2着集中度: 上位2艇 68.1%（補正+0.00） / 総合判定確率: 0.117 / → ヒモ分散。1号艇1着固定で広めのヒモ流し推奨（買い目+2点）', 'tenji_trigger': '展示確認: ヒモ分散レース。1号艇伸び確認後、広めのヒモ流しを採用。穴ヒモ（5・6号艇）を積極的に含める。\n展示で1号艇スタート超安定(0.129秒)→ヒモ固まり方向に注意'}",,,27.5,逃げ狙い,19.43,25.4,5,,,,,,,,,,,
2025-08-20,丸亀,8,6,西岡蒼志,B1,39.21,6,△,1.0435,1.1,34,10.1,0.1935,4.2563,,,0,低,79,0,-,3 263,0,100,3.16,,,,,,0,0.27,0,,,B,,,0.1385,0.528,,0.6558,S,100,0,◎1着固定 2-3着流し（5〜8点）,0.5777,"{'is_target': True, 'verdict': '参加推奨', 'max_combo_prob': 0.1175, 'est_top_odds': 11.4, 'circle_concentration': 68.1, 'eligible_count': 6, 'bet_adj': 2, 'reason': 'rel_win1=67.4%（本命度） / 最有力組み合わせ確率: 0.117（推定実オッズ?11倍） / 2着集中度: 上位2艇 68.1%（補正+0.00） / 総合判定確率: 0.117 / → ヒモ分散。1号艇1着固定で広めのヒモ流し推奨（買い目+2点）', 'tenji_trigger': '展示確認: ヒモ分散レース。1号艇伸び確認後、広めのヒモ流しを採用。穴ヒモ（5・6号艇）を積極的に含める。\n展示で1号艇スタート超安定(0.129秒)→ヒモ固まり方向に注意'}",,,27.5,逃げ狙い,19.43,25.4,5,,,,,,,,,,,
2025-08-20,丸亀,9,1,木谷賢太,A2,27.06,1,◎,54.2946,,0,90,0.1334,2.6357,,,0,低,107,0,逃1%,2 5226,0,67.4,1.061,0.7429,,,,,0.0343,0.0114,0.1957,◎,,E,◎,,,0.663,,0.5957,A,78,0,◎-○軸 3着3〜4艇流し（10〜15点）,0.5777,"{'is_target': True, 'verdict': '参加推奨', 'max_combo_prob': 0.0634, 'est_top_odds': 21.0, 'circle_concentration': 68.0, 'eligible_count': 8, 'bet_adj': 2, 'reason': 'rel_win1=54.3%（本命度） / 最有力組み合わせ確率: 0.063（推定実オッズ?21倍） / 2着集中度: 上位2艇 68.0%（補正+0.00） / 総合判定確率: 0.063 / → ヒモ分散。1号艇1着固定で広めのヒモ流し推奨（買い目+2点）', 'tenji_trigger': '展示確認: ヒモ分散レース。1号艇伸び確認後、広めのヒモ流しを採用。穴ヒモ（5・6号艇）を積極的に含める。\n展示で1号艇スタート超安定(0.133秒)→ヒモ固まり方向に注意'}",,,29.1,逃げ狙い,25.25,25.1,3,,,,,0,0,0.7559,0,,逃げ軸流し,A
2025-08-20,丸亀,9,2,平高奈菜,A1,46.98,2,○,16.1845,34.8,100,75,0.1575,3.1875,,,0,低,46,0,-,2 2254,0,58.7,1.305,0,0.1667,0,0,0,0.2,0,0.1333,,,A,△,,0.0978,0.6215,,0.5957,A,78,0,◎-○軸 3着3〜4艇流し（10〜15点）,0.5777,"{'is_target': True, 'verdict': '参加推奨', 'max_combo_prob': 0.0634, 'est_top_odds': 21.0, 'circle_concentration': 68.0, 'eligible_count': 8, 'bet_adj': 2, 'reason': 'rel_win1=54.3%（本命度） / 最有力組み合わせ確率: 0.063（推定実オッズ?21倍） / 2着集中度: 上位2艇 68.0%（補正+0.00） / 総合判定確率: 0.063 / → ヒモ分散。1号艇1着固定で広めのヒモ流し推奨（買い目+2点）', 'tenji_trigger': '展示確認: ヒモ分散レース。1号艇伸び確認後、広めのヒモ流しを採用。穴ヒモ（5・6号艇）を積極的に含める。\n展示で1号艇スタート超安定(0.133秒)→ヒモ固まり方向に注意'}",,,29.1,逃げ狙い,25.25,25.1,3,,,,,,,,,,,
2025-08-20,丸亀,9,3,竹田和哉,A1,33.19,3,△,16.8194,33.2,99,76.6,0.1462,2.8936,,,0,低,106,0,ま0%,233341,0,38.2,1.0375,0,0,0.2174,0.0435,0,0.116,0.116,0,,,C,△,,0.2609,0.6415,,0.5957,A,78,0,◎-○軸 3着3〜4艇流し（10〜15点）,0.5777,"{'is_target': True, 'verdict': '参加推奨', 'max_combo_prob': 0.0634, 'est_top_odds': 21.0, 'circle_concentration': 68.0, 'eligible_count': 8, 'bet_adj': 2, 'reason': 'rel_win1=54.3%（本命度） / 最有力組み合わせ確率: 0.063（推定実オッズ?21倍） / 2着集中度: 上位2艇 68.0%（補正+0.00） / 総合判定確率: 0.063 / → ヒモ分散。1号艇1着固定で広めのヒモ流し推奨（買い目+2点）', 'tenji_trigger': '展示確認: ヒモ分散レース。1号艇伸び確認後、広めのヒモ流しを採用。穴ヒモ（5・6号艇）を積極的に含める。\n展示で1号艇スタート超安定(0.133秒)→ヒモ固まり方向に注意'}",,,29.1,逃げ狙い,25.25,25.1,3,,,,,,,,,,,
2025-08-20,丸亀,9,4,大西隆洋,B1,33.48,4,▲,4.9487,11.8,79,40,0.1445,2.9818,,,0,低,103,0,-,6 245,0,26.2,0.7536,,,,,,0.3077,0.0769,0.3077,,,C,,,0.2647,0.6055,,0.5957,A,78,0,◎-○軸 3着3〜4艇流し（10〜15点）,0.5777,"{'is_target': True, 'verdict': '参加推奨', 'max_combo_prob': 0.0634, 'est_top_odds': 21.0, 'circle_concentration': 68.0, 'eligible_count': 8, 'bet_adj': 2, 'reason': 'rel_win1=54.3%（本命度） / 最有力組み合わせ確率: 0.063（推定実オッズ?21倍） / 2着集中度: 上位2艇 68.0%（補正+0.00） / 総合判定確率: 0.063 / → ヒモ分散。1号艇1着固定で広めのヒモ流し推奨（買い目+2点）', 'tenji_trigger': '展示確認: ヒモ分散レース。1号艇伸び確認後、広めのヒモ流しを採用。穴ヒモ（5・6号艇）を積極的に含める。\n展示で1号艇スタート超安定(0.133秒)→ヒモ固まり方向に注意'}",,,29.1,逃げ狙い,25.25,25.1,3,,,,,,,,,,,
2025-08-20,丸亀,9,5,中岡正彦,A1,31.53,5,,5.3751,19.8,88,66.7,0.1304,2.9815,,,0,低,42,0,-,2 1616,0,36.8,0.9314,,,,,,0.1103,0,0.0588,,,D,○,,0.3196,0.649,,0.5957,A,78,0,◎-○軸 3着3〜4艇流し（10〜15点）,0.5777,"{'is_target': True, 'verdict': '参加推奨', 'max_combo_prob': 0.0634, 'est_top_odds': 21.0, 'circle_concentration': 68.0, 'eligible_count': 8, 'bet_adj': 2, 'reason': 'rel_win1=54.3%（本命度） / 最有力組み合わせ確率: 0.063（推定実オッズ?21倍） / 2着集中度: 上位2艇 68.0%（補正+0.00） / 総合判定確率: 0.063 / → ヒモ分散。1号艇1着固定で広めのヒモ流し推奨（買い目+2点）', 'tenji_trigger': '展示確認: ヒモ分散レース。1号艇伸び確認後、広めのヒモ流しを採用。穴ヒモ（5・6号艇）を積極的に含める。\n展示で1号艇スタート超安定(0.133秒)→ヒモ固まり方向に注意'}",,,29.1,逃げ狙い,25.25,25.1,3,,,,,,,,,,,
2025-08-20,丸亀,9,6,松下知幸,B1,32.30,6,,2.3776,0.4,29,11.8,0.1892,4.5686,,,0,低,152,0,-,3 156,0,100,2.2256,,,,,,0.2152,0.1581,0.1962,,,D,,,0.135,0.5965,,0.5957,A,78,0,◎-○軸 3着3〜4艇流し（10〜15点）,0.5777,"{'is_target': True, 'verdict': '参加推奨', 'max_combo_prob': 0.0634, 'est_top_odds': 21.0, 'circle_concentration': 68.0, 'eligible_count': 8, 'bet_adj': 2, 'reason': 'rel_win1=54.3%（本命度） / 最有力組み合わせ確率: 0.063（推定実オッズ?21倍） / 2着集中度: 上位2艇 68.0%（補正+0.00） / 総合判定確率: 0.063 / → ヒモ分散。1号艇1着固定で広めのヒモ流し推奨（買い目+2点）', 'tenji_trigger': '展示確認: ヒモ分散レース。1号艇伸び確認後、広めのヒモ流しを採用。穴ヒモ（5・6号艇）を積極的に含める。\n展示で1号艇スタート超安定(0.133秒)→ヒモ固まり方向に注意'}",,,29.1,逃げ狙い,25.25,25.1,3,,,,,,,,,,,
2025-08-20,丸亀,10,1,森高一真,A1,26.61,1,◎,54.5105,,0,84,0.1476,3.32,,,0,低,28,0,逃0%,314433,0,88.7,1.2779,0.5,,,,,0,0.1667,0.3333,○,,E,○,,,0.685,,0.4421,A,77,0,◎-○軸 3着3〜4艇流し（10〜15点）,0.5777,"{'is_target': True, 'verdict': '点数絞り', 'max_combo_prob': 0.0941, 'est_top_odds': 14.2, 'circle_concentration': 82.4, 'eligible_count': 8, 'bet_adj': 0, 'reason': 'rel_win1=54.5%（本命度） / 最有力組み合わせ確率: 0.094（推定実オッズ?14倍） / 2着集中度: 上位2艇 82.4%（補正+0.04） / 総合判定確率: 0.134 / → ヒモはやや固め。上位2艇以外を切ること', 'tenji_trigger': '展示確認: 1号艇伸び良→そのまま採用。悪→飛び組に差し替え。circle_pct上位2艇に絞り込むこと。'}",,,30.1,逃げ狙い,25.13,28,5,,,,,0,0,0.6155,0,,主役軸流し,B
2025-08-20,丸亀,10,2,宮崎　奨,A2,29.78,2,,12.3291,45.9,64,73.4,0.1681,3.9766,,,0,低,134,0,差0%,16352,0,51.7,1.0969,0,0.16,0,0,0,0.0343,0.1571,0.2686,,,D,△,,0.1321,0.658,,0.4421,A,77,0,◎-○軸 3着3〜4艇流し（10〜15点）,0.5777,"{'is_target': True, 'verdict': '点数絞り', 'max_combo_prob': 0.0941, 'est_top_odds': 14.2, 'circle_concentration': 82.4, 'eligible_count': 8, 'bet_adj': 0, 'reason': 'rel_win1=54.5%（本命度） / 最有力組み合わせ確率: 0.094（推定実オッズ?14倍） / 2着集中度: 上位2艇 82.4%（補正+0.04） / 総合判定確率: 0.134 / → ヒモはやや固め。上位2艇以外を切ること', 'tenji_trigger': '展示確認: 1号艇伸び良→そのまま採用。悪→飛び組に差し替え。circle_pct上位2艇に絞り込むこと。'}",,,30.1,逃げ狙い,25.13,28,5,,,,,,,,,,,
2025-08-20,丸亀,10,3,石丸海渡,A1,33.64,3,▲,12.0549,36.5,72,63.2,0.1024,2,,,0,低,26,0,ま0% 差ま0%,262111,0,47.9,1.0742,0,0.0455,0.0455,0.0909,0.0455,0.0792,0.0125,0,,◎,C,◎,,0.4702,0.687,,0.4421,A,77,0,◎-○軸 3着3〜4艇流し（10〜15点）,0.5777,"{'is_target': True, 'verdict': '点数絞り', 'max_combo_prob': 0.0941, 'est_top_odds': 14.2, 'circle_concentration': 82.4, 'eligible_count': 8, 'bet_adj': 0, 'reason': 'rel_win1=54.5%（本命度） / 最有力組み合わせ確率: 0.094（推定実オッズ?14倍） / 2着集中度: 上位2艇 82.4%（補正+0.04） / 総合判定確率: 0.134 / → ヒモはやや固め。上位2艇以外を切ること', 'tenji_trigger': '展示確認: 1号艇伸び良→そのまま採用。悪→飛び組に差し替え。circle_pct上位2艇に絞り込むこと。'}",,,30.1,逃げ狙い,25.13,28,5,,,,,,,,,,,
2025-08-20,丸亀,10,4,越智照浩,B2,31.98,4,,4.5627,3,100,35.2,0.1756,3.8796,,,0,低,133,0,-,6 556,0,100,3.6911,,,,,,0.2,0.35,0.05,,,C,,,0.2028,0.563,,0.4421,A,77,0,◎-○軸 3着3〜4艇流し（10〜15点）,0.5777,"{'is_target': True, 'verdict': '点数絞り', 'max_combo_prob': 0.0941, 'est_top_odds': 14.2, 'circle_concentration': 82.4, 'eligible_count': 8, 'bet_adj': 0, 'reason': 'rel_win1=54.5%（本命度） / 最有力組み合わせ確率: 0.094（推定実オッズ?14倍） / 2着集中度: 上位2艇 82.4%（補正+0.04） / 総合判定確率: 0.134 / → ヒモはやや固め。上位2艇以外を切ること', 'tenji_trigger': '展示確認: 1号艇伸び良→そのまま採用。悪→飛び組に差し替え。circle_pct上位2艇に絞り込むこと。'}",,,30.1,逃げ狙い,25.13,28,5,,,,,,,,,,,
2025-08-20,丸亀,10,5,重成一人,A1,37.17,5,○,15.5486,12.2,53,64.5,0.1435,2.7742,,,0,低,51,0,差ま0% 抜0%,1 2423,0,56.4,1.1124,0,0,0,0.3158,0.1053,0.0533,0.2533,0.0133,,,B,△,◎,0.362,0.6315,0.5869,0.4421,A,77,0,◎-○軸 3着3〜4艇流し（10〜15点）,0.5777,"{'is_target': True, 'verdict': '点数絞り', 'max_combo_prob': 0.0941, 'est_top_odds': 14.2, 'circle_concentration': 82.4, 'eligible_count': 8, 'bet_adj': 0, 'reason': 'rel_win1=54.5%（本命度） / 最有力組み合わせ確率: 0.094（推定実オッズ?14倍） / 2着集中度: 上位2艇 82.4%（補正+0.04） / 総合判定確率: 0.134 / → ヒモはやや固め。上位2艇以外を切ること', 'tenji_trigger': '展示確認: 1号艇伸び良→そのまま採用。悪→飛び組に差し替え。circle_pct上位2艇に絞り込むこと。'}",,,30.1,逃げ狙い,25.13,28,5,,,,,,,,,,,
2025-08-20,丸亀,10,6,嶋田貴支,B1,34.10,6,△,0.9942,2.4,41,16.3,0.2263,4.9884,,,0,低,134,0,-,6 251,0,29.9,0.5189,,,,,,0.0174,0.0522,0.1174,,,B,,,0.1301,0.6045,,0.4421,A,77,0,◎-○軸 3着3〜4艇流し（10〜15点）,0.5777,"{'is_target': True, 'verdict': '点数絞り', 'max_combo_prob': 0.0941, 'est_top_odds': 14.2, 'circle_concentration': 82.4, 'eligible_count': 8, 'bet_adj': 0, 'reason': 'rel_win1=54.5%（本命度） / 最有力組み合わせ確率: 0.094（推定実オッズ?14倍） / 2着集中度: 上位2艇 82.4%（補正+0.04） / 総合判定確率: 0.134 / → ヒモはやや固め。上位2艇以外を切ること', 'tenji_trigger': '展示確認: 1号艇伸び良→そのまま採用。悪→飛び組に差し替え。circle_pct上位2艇に絞り込むこと。'}",,,30.1,逃げ狙い,25.13,28,5,,,,,,,,,,,
2025-08-20,丸亀,11,1,中村晃朋,A1,41.44,1,◎,53.1423,,0,87.7,0.1656,3.4474,,,0,低,56,0,逃1% 抜0%,351 13,0,67,1.075,0.6818,,,,,0.1745,0,0.1564,○,,B,◎,,,0.678,,0.4242,A,77,0,◎-○軸 3着3〜4艇流し（10〜15点）,0.5777,"{'is_target': True, 'verdict': '参加推奨', 'max_combo_prob': 0.0648, 'est_top_odds': 20.6, 'circle_concentration': 74.2, 'eligible_count': 8, 'bet_adj': 2, 'reason': 'rel_win1=53.1%（本命度） / 最有力組み合わせ確率: 0.065（推定実オッズ?21倍） / 2着集中度: 上位2艇 74.2%（補正+0.04） / 総合判定確率: 0.105 / → ヒモ分散。1号艇1着固定で広めのヒモ流し推奨（買い目+2点）', 'tenji_trigger': '展示確認: ヒモ分散レース。1号艇伸び確認後、広めのヒモ流しを採用。穴ヒモ（5・6号艇）を積極的に含める。'}",,,27.8,逃げ狙い,32.66,29.2,2,,,,,0,0,0.6155,0,,逃げ軸流し,A
2025-08-20,丸亀,11,2,西丸侑太,A2,33.48,2,△,17.1544,39.4,65,76.2,0.1864,3.75,,,0,低,100,0,差0% ま0%,362 34,0,25.6,0.8652,0,0.2,0.16,0,0,0,0.1314,0.0429,,,C,,,0.1387,0.6105,,0.4242,A,77,0,◎-○軸 3着3〜4艇流し（10〜15点）,0.5777,"{'is_target': True, 'verdict': '参加推奨', 'max_combo_prob': 0.0648, 'est_top_odds': 20.6, 'circle_concentration': 74.2, 'eligible_count': 8, 'bet_adj': 2, 'reason': 'rel_win1=53.1%（本命度） / 最有力組み合わせ確率: 0.065（推定実オッズ?21倍） / 2着集中度: 上位2艇 74.2%（補正+0.04） / 総合判定確率: 0.105 / → ヒモ分散。1号艇1着固定で広めのヒモ流し推奨（買い目+2点）', 'tenji_trigger': '展示確認: ヒモ分散レース。1号艇伸び確認後、広めのヒモ流しを採用。穴ヒモ（5・6号艇）を積極的に含める。'}",,,27.8,逃げ狙い,32.66,29.2,2,,,,,,,,,,,
2025-08-20,丸亀,11,3,近江翔吾,A1,46.82,3,○,12.8388,34.8,91,76.1,0.1315,2.5,,,0,低,52,0,ま0% 差ま0%,526 11,0,34.8,0.9917,0,0,0.0909,0.0909,0.0455,0.0811,0.0541,0.027,,◎,A,○,,0.47,0.6415,,0.4242,A,77,0,◎-○軸 3着3〜4艇流し（10〜15点）,0.5777,"{'is_target': True, 'verdict': '参加推奨', 'max_combo_prob': 0.0648, 'est_top_odds': 20.6, 'circle_concentration': 74.2, 'eligible_count': 8, 'bet_adj': 2, 'reason': 'rel_win1=53.1%（本命度） / 最有力組み合わせ確率: 0.065（推定実オッズ?21倍） / 2着集中度: 上位2艇 74.2%（補正+0.04） / 総合判定確率: 0.105 / → ヒモ分散。1号艇1着固定で広めのヒモ流し推奨（買い目+2点）', 'tenji_trigger': '展示確認: ヒモ分散レース。1号艇伸び確認後、広めのヒモ流しを採用。穴ヒモ（5・6号艇）を積極的に含める。'}",,,27.8,逃げ狙い,32.66,29.2,2,,,,,,,,,,,
2025-08-20,丸亀,11,4,原村拓也,B1,31.22,4,,6.2818,12.8,89,50.7,0.1842,3.7536,,,0,低,159,0,差0%,2 635,0,42,0.8587,0,0.0286,0,0,0.0571,0.3114,0.1257,0.02,,,D,,○,0.2049,0.5855,0.1384,0.4242,A,77,0,◎-○軸 3着3〜4艇流し（10〜15点）,0.5777,"{'is_target': True, 'verdict': '参加推奨', 'max_combo_prob': 0.0648, 'est_top_odds': 20.6, 'circle_concentration': 74.2, 'eligible_count': 8, 'bet_adj': 2, 'reason': 'rel_win1=53.1%（本命度） / 最有力組み合わせ確率: 0.065（推定実オッズ?21倍） / 2着集中度: 上位2艇 74.2%（補正+0.04） / 総合判定確率: 0.105 / → ヒモ分散。1号艇1着固定で広めのヒモ流し推奨（買い目+2点）', 'tenji_trigger': '展示確認: ヒモ分散レース。1号艇伸び確認後、広めのヒモ流しを採用。穴ヒモ（5・6号艇）を積極的に含める。'}",,,27.8,逃げ狙い,32.66,29.2,2,,,,,,,,,,,
2025-08-20,丸亀,11,5,川原祐明,A1,36.24,5,▲,8.6142,9.2,100,64.8,0.1587,3.5741,,,0,低,110,0,差ま0%,43315,0,29.9,0.9869,0,0.0357,0,0.2143,0,0.0276,0.1014,0.0138,,,C,△,◎,0.3454,0.6185,0.4048,0.4242,A,77,0,◎-○軸 3着3〜4艇流し（10〜15点）,0.5777,"{'is_target': True, 'verdict': '参加推奨', 'max_combo_prob': 0.0648, 'est_top_odds': 20.6, 'circle_concentration': 74.2, 'eligible_count': 8, 'bet_adj': 2, 'reason': 'rel_win1=53.1%（本命度） / 最有力組み合わせ確率: 0.065（推定実オッズ?21倍） / 2着集中度: 上位2艇 74.2%（補正+0.04） / 総合判定確率: 0.105 / → ヒモ分散。1号艇1着固定で広めのヒモ流し推奨（買い目+2点）', 'tenji_trigger': '展示確認: ヒモ分散レース。1号艇伸び確認後、広めのヒモ流しを採用。穴ヒモ（5・6号艇）を積極的に含める。'}",,,27.8,逃げ狙い,32.66,29.2,2,,,,,,,,,,,
2025-08-20,丸亀,11,6,海野康志,A1,29.61,6,,1.9685,3.8,43,77.8,0.1333,2.3333,,,0,低,38,1,差ま0%,51444,0,100,2.7972,0,0,0,0.1667,0,0,0.0387,0.2516,,○,E,△,,0.415,0.6265,,0.4242,A,77,0,◎-○軸 3着3〜4艇流し（10〜15点）,0.5777,"{'is_target': True, 'verdict': '参加推奨', 'max_combo_prob': 0.0648, 'est_top_odds': 20.6, 'circle_concentration': 74.2, 'eligible_count': 8, 'bet_adj': 2, 'reason': 'rel_win1=53.1%（本命度） / 最有力組み合わせ確率: 0.065（推定実オッズ?21倍） / 2着集中度: 上位2艇 74.2%（補正+0.04） / 総合判定確率: 0.105 / → ヒモ分散。1号艇1着固定で広めのヒモ流し推奨（買い目+2点）', 'tenji_trigger': '展示確認: ヒモ分散レース。1号艇伸び確認後、広めのヒモ流しを採用。穴ヒモ（5・6号艇）を積極的に含める。'}",,,27.8,逃げ狙い,32.66,29.2,2,,,,,,,,,,,
2025-08-20,丸亀,12,1,西岡顕心,A1,41.18,1,◎,58.6167,,0,88.2,0.1341,3.1471,,,0,低,55,0,逃1%,13322,0,62.7,0.9629,0.8571,,,,,0,0.0714,0,◎,,C,,,,0.6245,,0.509,S,82,0,◎1着固定 2-3着流し（5〜8点）,0.5777,"{'is_target': True, 'verdict': '参加推奨', 'max_combo_prob': 0.0553, 'est_top_odds': 24.1, 'circle_concentration': 59.0, 'eligible_count': 6, 'bet_adj': 2, 'reason': 'rel_win1=58.6%（本命度） / 最有力組み合わせ確率: 0.055（推定実オッズ?24倍） / 2着集中度: 上位2艇 59.0%（補正+0.00） / 総合判定確率: 0.055 / → ヒモ分散。1号艇1着固定で広めのヒモ流し推奨（買い目+2点）', 'tenji_trigger': '展示確認: ヒモ分散レース。1号艇伸び確認後、広めのヒモ流しを採用。穴ヒモ（5・6号艇）を積極的に含める。\n展示で1号艇スタート超安定(0.134秒)→ヒモ固まり方向に注意'}",,,28.2,逃げ狙い,24.72,22.9,4,,,,,0,0,0.7559,0,,逃げ軸流し,A
2025-08-20,丸亀,12,2,三嶌誠司,A1,39.82,2,,12.9738,29.2,98,66.7,0.1423,3.4271,,,0,低,84,0,-,62451,0,26.9,0.8166,0,0.125,0.0833,0,0.0417,0.1235,0.1643,0.0959,,,C,△,,0.2452,0.669,,0.509,S,82,0,◎1着固定 2-3着流し（5〜8点）,0.5777,"{'is_target': True, 'verdict': '参加推奨', 'max_combo_prob': 0.0553, 'est_top_odds': 24.1, 'circle_concentration': 59.0, 'eligible_count': 6, 'bet_adj': 2, 'reason': 'rel_win1=58.6%（本命度） / 最有力組み合わせ確率: 0.055（推定実オッズ?24倍） / 2着集中度: 上位2艇 59.0%（補正+0.00） / 総合判定確率: 0.055 / → ヒモ分散。1号艇1着固定で広めのヒモ流し推奨（買い目+2点）', 'tenji_trigger': '展示確認: ヒモ分散レース。1号艇伸び確認後、広めのヒモ流しを採用。穴ヒモ（5・6号艇）を積極的に含める。\n展示で1号艇スタート超安定(0.134秒)→ヒモ固まり方向に注意'}",,,28.2,逃げ狙い,24.72,22.9,4,,,,,,,,,,,
2025-08-20,丸亀,12,3,松尾　祭,A2,42.73,3,▲,9.5365,23.5,100,68.8,0.1472,2.8689,,,0,低,144,0,-,3 4355,0,60.8,1.3958,0,0.0294,0.0294,0.0882,0,0.1086,0.0654,0.2501,,,B,,,0.2287,0.6215,,0.509,S,82,0,◎1着固定 2-3着流し（5〜8点）,0.5777,"{'is_target': True, 'verdict': '参加推奨', 'max_combo_prob': 0.0553, 'est_top_odds': 24.1, 'circle_concentration': 59.0, 'eligible_count': 6, 'bet_adj': 2, 'reason': 'rel_win1=58.6%（本命度） / 最有力組み合わせ確率: 0.055（推定実オッズ?24倍） / 2着集中度: 上位2艇 59.0%（補正+0.00） / 総合判定確率: 0.055 / → ヒモ分散。1号艇1着固定で広めのヒモ流し推奨（買い目+2点）', 'tenji_trigger': '展示確認: ヒモ分散レース。1号艇伸び確認後、広めのヒモ流しを採用。穴ヒモ（5・6号艇）を積極的に含める。\n展示で1号艇スタート超安定(0.134秒)→ヒモ固まり方向に注意'}",,,28.2,逃げ狙い,24.72,22.9,4,,,,,,,,,,,
2025-08-20,丸亀,12,4,片岡雅裕,A1,35.11,4,△,11.8262,29.9,70,94.7,0.1032,1.8684,,,0,低,5,0,差0% 差ま0%,2 4122,0,48.3,0.9753,0,0.1,0,0.2,0,0.0286,0,0.3571,,◎,D,◎,◎,0.4395,0.8292,0.6395,0.509,S,82,0,◎1着固定 2-3着流し（5〜8点）,0.5777,"{'is_target': True, 'verdict': '参加推奨', 'max_combo_prob': 0.0553, 'est_top_odds': 24.1, 'circle_concentration': 59.0, 'eligible_count': 6, 'bet_adj': 2, 'reason': 'rel_win1=58.6%（本命度） / 最有力組み合わせ確率: 0.055（推定実オッズ?24倍） / 2着集中度: 上位2艇 59.0%（補正+0.00） / 総合判定確率: 0.055 / → ヒモ分散。1号艇1着固定で広めのヒモ流し推奨（買い目+2点）', 'tenji_trigger': '展示確認: ヒモ分散レース。1号艇伸び確認後、広めのヒモ流しを採用。穴ヒモ（5・6号艇）を積極的に含める。\n展示で1号艇スタート超安定(0.134秒)→ヒモ固まり方向に注意'}",,,28.2,逃げ狙い,24.72,22.9,4,,,,,,,,,,,
2025-08-20,丸亀,12,5,秋山広一,A2,47.95,5,○,6.2315,11.9,69,50,0.1584,3.58,,,0,低,90,0,-,25123,0,40.7,1.0676,0,0,0.0526,0.1579,0,0,0.168,0.168,,,A,△,○,0.2328,0.651,0.266,0.509,S,82,0,◎1着固定 2-3着流し（5〜8点）,0.5777,"{'is_target': True, 'verdict': '参加推奨', 'max_combo_prob': 0.0553, 'est_top_odds': 24.1, 'circle_concentration': 59.0, 'eligible_count': 6, 'bet_adj': 2, 'reason': 'rel_win1=58.6%（本命度） / 最有力組み合わせ確率: 0.055（推定実オッズ?24倍） / 2着集中度: 上位2艇 59.0%（補正+0.00） / 総合判定確率: 0.055 / → ヒモ分散。1号艇1着固定で広めのヒモ流し推奨（買い目+2点）', 'tenji_trigger': '展示確認: ヒモ分散レース。1号艇伸び確認後、広めのヒモ流しを採用。穴ヒモ（5・6号艇）を積極的に含める。\n展示で1号艇スタート超安定(0.134秒)→ヒモ固まり方向に注意'}",,,28.2,逃げ狙い,24.72,22.9,4,,,,,,,,,,,
2025-08-20,丸亀,12,6,中田元泰,A1,29.55,6,,0.8154,5.6,70,33.3,0.1758,4.1146,,,0,低,90,0,-,544 14,0,93.2,1.87,,,,,,0.0323,0.1613,0,,,E,○,,0.1772,0.685,,0.509,S,82,0,◎1着固定 2-3着流し（5〜8点）,0.5777,"{'is_target': True, 'verdict': '参加推奨', 'max_combo_prob': 0.0553, 'est_top_odds': 24.1, 'circle_concentration': 59.0, 'eligible_count': 6, 'bet_adj': 2, 'reason': 'rel_win1=58.6%（本命度） / 最有力組み合わせ確率: 0.055（推定実オッズ?24倍） / 2着集中度: 上位2艇 59.0%（補正+0.00） / 総合判定確率: 0.055 / → ヒモ分散。1号艇1着固定で広めのヒモ流し推奨（買い目+2点）', 'tenji_trigger': '展示確認: ヒモ分散レース。1号艇伸び確認後、広めのヒモ流しを採用。穴ヒモ（5・6号艇）を積極的に含める。\n展示で1号艇スタート超安定(0.134秒)→ヒモ固まり方向に注意'}",,,28.2,逃げ狙い,24.72,22.9,4,,,,,,,,,,,
2025-08-21,丸亀,1,1,木村光宏,B1,32.14,1,◎,59.1929,,0,71.7,0.1528,3.2283,,,0,低,99,0,逃0%,461 36,0,58.8,0.9469,0.3333,,,,,0.3952,0.3571,0.0571,○,,D,○,,,0.6335,,0.4277,A,66,0,◎-○軸 3着3〜4艇流し（10〜15点）,0.5777,"{'is_target': True, 'verdict': '点数絞り', 'max_combo_prob': 0.0978, 'est_top_odds': 13.6, 'circle_concentration': 72.8, 'eligible_count': 8, 'bet_adj': 0, 'reason': 'rel_win1=59.2%（本命度） / 最有力組み合わせ確率: 0.098（推定実オッズ?14倍） / 2着集中度: 上位2艇 72.8%（補正+0.04） / 総合判定確率: 0.138 / → ヒモはやや固め。上位2艇以外を切ること', 'tenji_trigger': '展示確認: 1号艇伸び良→そのまま採用。悪→飛び組に差し替え。circle_pct上位2艇に絞り込むこと。'}",,,30.9,逃げ狙い,9.9,43.2,5,,,,,0,0,0.6155,0,,主役軸流し,B
2025-08-21,丸亀,1,2,川上清人,B1,37.67,2,△,9.55,39.6,42,38.2,0.1868,4.0809,,,0,低,150,0,-,555 46,0,23.2,0.7845,0,0.037,0.037,0,0,0.3733,0.0381,0.1962,,,C,△,,0.1165,0.595,,0.4277,A,66,0,◎-○軸 3着3〜4艇流し（10〜15点）,0.5777,"{'is_target': True, 'verdict': '点数絞り', 'max_combo_prob': 0.0978, 'est_top_odds': 13.6, 'circle_concentration': 72.8, 'eligible_count': 8, 'bet_adj': 0, 'reason': 'rel_win1=59.2%（本命度） / 最有力組み合わせ確率: 0.098（推定実オッズ?14倍） / 2着集中度: 上位2艇 72.8%（補正+0.04） / 総合判定確率: 0.138 / → ヒモはやや固め。上位2艇以外を切ること', 'tenji_trigger': '展示確認: 1号艇伸び良→そのまま採用。悪→飛び組に差し替え。circle_pct上位2艇に絞り込むこと。'}",,,30.9,逃げ狙い,9.9,43.2,5,,,,,,,,,,,
2025-08-21,丸亀,1,3,中岡健人,B2,39.01,3,○,12.582,33.1,39,41.2,0.1435,2.8137,,,0,低,104,0,-,644 54,0,62.5,1.13,0,0,0.0667,0,0,0.28,0.164,0.196,,◎,B,◎,,0.3937,0.635,,0.4277,A,66,0,◎-○軸 3着3〜4艇流し（10〜15点）,0.5777,"{'is_target': True, 'verdict': '点数絞り', 'max_combo_prob': 0.0978, 'est_top_odds': 13.6, 'circle_concentration': 72.8, 'eligible_count': 8, 'bet_adj': 0, 'reason': 'rel_win1=59.2%（本命度） / 最有力組み合わせ確率: 0.098（推定実オッズ?14倍） / 2着集中度: 上位2艇 72.8%（補正+0.04） / 総合判定確率: 0.138 / → ヒモはやや固め。上位2艇以外を切ること', 'tenji_trigger': '展示確認: 1号艇伸び良→そのまま採用。悪→飛び組に差し替え。circle_pct上位2艇に絞り込むこと。'}",,,30.9,逃げ狙い,9.9,43.2,5,,,,,,,,,,,
2025-08-21,丸亀,1,4,松下知幸,B1,32.30,4,,10.2791,11.2,51,27,0.1722,3.6429,,,0,低,152,0,-,3 156,0,100,2.4787,0,0.0435,0.0435,0.0435,0,0.2152,0.1581,0.1962,,,D,△,,0.2683,0.5965,,0.4277,A,66,0,◎-○軸 3着3〜4艇流し（10〜15点）,0.5777,"{'is_target': True, 'verdict': '点数絞り', 'max_combo_prob': 0.0978, 'est_top_odds': 13.6, 'circle_concentration': 72.8, 'eligible_count': 8, 'bet_adj': 0, 'reason': 'rel_win1=59.2%（本命度） / 最有力組み合わせ確率: 0.098（推定実オッズ?14倍） / 2着集中度: 上位2艇 72.8%（補正+0.04） / 総合判定確率: 0.138 / → ヒモはやや固め。上位2艇以外を切ること', 'tenji_trigger': '展示確認: 1号艇伸び良→そのまま採用。悪→飛び組に差し替え。circle_pct上位2艇に絞り込むこと。'}",,,30.9,逃げ狙い,9.9,43.2,5,,,,,,,,,,,
2025-08-21,丸亀,1,5,田頭虎親,B1,40.45,5,▲,7.0084,15.6,100,45.2,0.1869,4.0119,,,0,低,121,0,-,653 65,0,44.6,1.3386,,,,,,0.1,0.375,0.025,,,B,,,0.2579,0.5945,,0.4277,A,66,0,◎-○軸 3着3〜4艇流し（10〜15点）,0.5777,"{'is_target': True, 'verdict': '点数絞り', 'max_combo_prob': 0.0978, 'est_top_odds': 13.6, 'circle_concentration': 72.8, 'eligible_count': 8, 'bet_adj': 0, 'reason': 'rel_win1=59.2%（本命度） / 最有力組み合わせ確率: 0.098（推定実オッズ?14倍） / 2着集中度: 上位2艇 72.8%（補正+0.04） / 総合判定確率: 0.138 / → ヒモはやや固め。上位2艇以外を切ること', 'tenji_trigger': '展示確認: 1号艇伸び良→そのまま採用。悪→飛び組に差し替え。circle_pct上位2艇に絞り込むこと。'}",,,30.9,逃げ狙い,9.9,43.2,5,,,,,,,,,,,
2025-08-21,丸亀,1,6,上田隆章,B1,36.84,6,,1.3877,0.4,50,16.1,0.2268,5.1696,,,0,低,192,0,-,1 656,0,100,2.7897,,,,,,0.3,0.22,0.1,,,C,,,0.1886,0.5515,,0.4277,A,66,0,◎-○軸 3着3〜4艇流し（10〜15点）,0.5777,"{'is_target': True, 'verdict': '点数絞り', 'max_combo_prob': 0.0978, 'est_top_odds': 13.6, 'circle_concentration': 72.8, 'eligible_count': 8, 'bet_adj': 0, 'reason': 'rel_win1=59.2%（本命度） / 最有力組み合わせ確率: 0.098（推定実オッズ?14倍） / 2着集中度: 上位2艇 72.8%（補正+0.04） / 総合判定確率: 0.138 / → ヒモはやや固め。上位2艇以外を切ること', 'tenji_trigger': '展示確認: 1号艇伸び良→そのまま採用。悪→飛び組に差し替え。circle_pct上位2艇に絞り込むこと。'}",,,30.9,逃げ狙い,9.9,43.2,5,,,,,,,,,,,
2025-08-21,丸亀,2,1,中村桃佳,B1,39.25,1,◎,49.5146,,0,91.3,0.1557,2.7391,,,0,低,41,0,逃1%,1 364,0,69.2,1.1203,0.4706,,,,,0.0471,0.0706,0.2706,○,,C,,,,0.6205,,0.4364,S,100,0,◎1着固定 2-3着流し（5〜8点）,0.5777,"{'is_target': True, 'verdict': '点数絞り', 'max_combo_prob': 0.1168, 'est_top_odds': 11.4, 'circle_concentration': 70.6, 'eligible_count': 6, 'bet_adj': 0, 'reason': 'rel_win1=49.5%（本命度） / 最有力組み合わせ確率: 0.117（推定実オッズ?11倍） / 2着集中度: 上位2艇 70.6%（補正+0.04） / 総合判定確率: 0.157 / → ヒモはやや固め。上位2艇以外を切ること', 'tenji_trigger': '展示確認: 1号艇伸び良→そのまま採用。悪→飛び組に差し替え。circle_pct上位2艇に絞り込むこと。'}",,,30.1,逃げ狙い,23.81,29,2,,,,,0,0,0.6155,0,,逃げ軸流し,A
2025-08-21,丸亀,2,2,海野康志,A1,29.61,2,△,17.3036,53.3,76,82.3,0.1403,3.2647,,,0,低,38,0,差0%,51444,0,74.4,1.585,0,0.2941,0.0588,0,0.0588,0,0.0387,0.2516,,◎,D,△,,0.5193,0.6265,,0.4364,S,100,0,◎1着固定 2-3着流し（5〜8点）,0.5777,"{'is_target': True, 'verdict': '点数絞り', 'max_combo_prob': 0.1168, 'est_top_odds': 11.4, 'circle_concentration': 70.6, 'eligible_count': 6, 'bet_adj': 0, 'reason': 'rel_win1=49.5%（本命度） / 最有力組み合わせ確率: 0.117（推定実オッズ?11倍） / 2着集中度: 上位2艇 70.6%（補正+0.04） / 総合判定確率: 0.157 / → ヒモはやや固め。上位2艇以外を切ること', 'tenji_trigger': '展示確認: 1号艇伸び良→そのまま採用。悪→飛び組に差し替え。circle_pct上位2艇に絞り込むこと。'}",,,30.1,逃げ狙い,23.81,29,2,,,,,,,,,,,
2025-08-21,丸亀,2,3,吉永泰弘,B1,27.56,3,,9.4278,15.1,44,33.9,0.1642,3.6129,,,0,低,137,0,-,356 14,0,56.8,1.4587,,,,,,0.2376,0.4541,0.0235,,,E,○,,0.2612,0.6525,,0.4364,S,100,0,◎1着固定 2-3着流し（5〜8点）,0.5777,"{'is_target': True, 'verdict': '点数絞り', 'max_combo_prob': 0.1168, 'est_top_odds': 11.4, 'circle_concentration': 70.6, 'eligible_count': 6, 'bet_adj': 0, 'reason': 'rel_win1=49.5%（本命度） / 最有力組み合わせ確率: 0.117（推定実オッズ?11倍） / 2着集中度: 上位2艇 70.6%（補正+0.04） / 総合判定確率: 0.157 / → ヒモはやや固め。上位2艇以外を切ること', 'tenji_trigger': '展示確認: 1号艇伸び良→そのまま採用。悪→飛び組に差し替え。circle_pct上位2艇に絞り込むこと。'}",,,30.1,逃げ狙い,23.81,29,2,,,,,,,,,,,
2025-08-21,丸亀,2,4,秋山広一,A2,47.95,4,▲,11.1324,13.4,100,50.8,0.1559,3.2131,,,0,低,90,0,-,25123,0,100,0.9394,0,0,0,0,0.0357,0,0.168,0.168,,,A,△,○,0.3092,0.651,0.3071,0.4364,S,100,0,◎1着固定 2-3着流し（5〜8点）,0.5777,"{'is_target': True, 'verdict': '点数絞り', 'max_combo_prob': 0.1168, 'est_top_odds': 11.4, 'circle_concentration': 70.6, 'eligible_count': 6, 'bet_adj': 0, 'reason': 'rel_win1=49.5%（本命度） / 最有力組み合わせ確率: 0.117（推定実オッズ?11倍） / 2着集中度: 上位2艇 70.6%（補正+0.04） / 総合判定確率: 0.157 / → ヒモはやや固め。上位2艇以外を切ること', 'tenji_trigger': '展示確認: 1号艇伸び良→そのまま採用。悪→飛び組に差し替え。circle_pct上位2艇に絞り込むこと。'}",,,30.1,逃げ狙い,23.81,29,2,,,,,,,,,,,
2025-08-21,丸亀,2,5,三嶌誠司,A1,39.82,5,○,11.5396,17.3,49,46.9,0.1516,3.1735,,,0,低,84,0,-,62451,0,45.1,1.1307,0,0,0,0.0417,0.0417,0.1235,0.1643,0.0959,,,B,◎,◎,0.2935,0.669,0.3417,0.4364,S,100,0,◎1着固定 2-3着流し（5〜8点）,0.5777,"{'is_target': True, 'verdict': '点数絞り', 'max_combo_prob': 0.1168, 'est_top_odds': 11.4, 'circle_concentration': 70.6, 'eligible_count': 6, 'bet_adj': 0, 'reason': 'rel_win1=49.5%（本命度） / 最有力組み合わせ確率: 0.117（推定実オッズ?11倍） / 2着集中度: 上位2艇 70.6%（補正+0.04） / 総合判定確率: 0.157 / → ヒモはやや固め。上位2艇以外を切ること', 'tenji_trigger': '展示確認: 1号艇伸び良→そのまま採用。悪→飛び組に差し替え。circle_pct上位2艇に絞り込むこと。'}",,,30.1,逃げ狙い,23.81,29,2,,,,,,,,,,,
2025-08-21,丸亀,2,6,西岡蒼志,B1,39.21,6,,1.082,0.9,33,10.1,0.1935,4.2563,,,0,低,79,0,-,3 263,0,31.4,3.16,,,,,,0,0.27,0,,,C,,,0.1934,0.528,,0.4364,S,100,0,◎1着固定 2-3着流し（5〜8点）,0.5777,"{'is_target': True, 'verdict': '点数絞り', 'max_combo_prob': 0.1168, 'est_top_odds': 11.4, 'circle_concentration': 70.6, 'eligible_count': 6, 'bet_adj': 0, 'reason': 'rel_win1=49.5%（本命度） / 最有力組み合わせ確率: 0.117（推定実オッズ?11倍） / 2着集中度: 上位2艇 70.6%（補正+0.04） / 総合判定確率: 0.157 / → ヒモはやや固め。上位2艇以外を切ること', 'tenji_trigger': '展示確認: 1号艇伸び良→そのまま採用。悪→飛び組に差し替え。circle_pct上位2艇に絞り込むこと。'}",,,30.1,逃げ狙い,23.81,29,2,,,,,,,,,,,
2025-08-21,丸亀,3,1,門田　栞,B1,34.39,1,◎,52.9165,,0,67.7,0.1648,3.371,,,0,低,76,0,逃0%,156 21,0,92.9,1.2751,0.4615,,,,,0.2308,0.3077,0,○,,C,,,,0.5145,,0.3461,A,64,0,◎-○軸 3着3〜4艇流し（10〜15点）,0.5777,"{'is_target': True, 'verdict': '点数絞り', 'max_combo_prob': 0.0907, 'est_top_odds': 14.7, 'circle_concentration': 70.8, 'eligible_count': 8, 'bet_adj': 0, 'reason': 'rel_win1=52.9%（本命度） / 最有力組み合わせ確率: 0.091（推定実オッズ?15倍） / 2着集中度: 上位2艇 70.8%（補正+0.04） / 総合判定確率: 0.131 / → ヒモはやや固め。上位2艇以外を切ること', 'tenji_trigger': '展示確認: 1号艇伸び良→そのまま採用。悪→飛び組に差し替え。circle_pct上位2艇に絞り込むこと。'}",,,30.7,両建て推奨,16.3,37.3,2,,,,,0,0,0.6155,0,,主役軸流し,B
2025-08-21,丸亀,3,2,木谷賢太,A2,27.06,2,△,20.7098,51.6,60,76.4,0.152,3.5909,,,0,低,107,0,差0%,2 5226,0,47.8,0.9445,0,0.25,0.0357,0,0,0.0343,0.0114,0.1957,,◎,E,△,,0.4839,0.663,,0.3461,A,64,0,◎-○軸 3着3〜4艇流し（10〜15点）,0.5777,"{'is_target': True, 'verdict': '点数絞り', 'max_combo_prob': 0.0907, 'est_top_odds': 14.7, 'circle_concentration': 70.8, 'eligible_count': 8, 'bet_adj': 0, 'reason': 'rel_win1=52.9%（本命度） / 最有力組み合わせ確率: 0.091（推定実オッズ?15倍） / 2着集中度: 上位2艇 70.8%（補正+0.04） / 総合判定確率: 0.131 / → ヒモはやや固め。上位2艇以外を切ること', 'tenji_trigger': '展示確認: 1号艇伸び良→そのまま採用。悪→飛び組に差し替え。circle_pct上位2艇に絞り込むこと。'}",,,30.7,両建て推奨,16.3,37.3,2,,,,,,,,,,,
2025-08-21,丸亀,3,3,宮武英司,B1,44.34,3,○,9.0922,19.2,80,50,0.1588,3.4833,,,0,低,89,0,-,441 32,0,60,1.3513,0,0,0.0357,0,0,0.4889,0.0222,0.0222,,,A,△,,0.3049,0.658,,0.3461,A,64,0,◎-○軸 3着3〜4艇流し（10〜15点）,0.5777,"{'is_target': True, 'verdict': '点数絞り', 'max_combo_prob': 0.0907, 'est_top_odds': 14.7, 'circle_concentration': 70.8, 'eligible_count': 8, 'bet_adj': 0, 'reason': 'rel_win1=52.9%（本命度） / 最有力組み合わせ確率: 0.091（推定実オッズ?15倍） / 2着集中度: 上位2艇 70.8%（補正+0.04） / 総合判定確率: 0.131 / → ヒモはやや固め。上位2艇以外を切ること', 'tenji_trigger': '展示確認: 1号艇伸び良→そのまま採用。悪→飛び組に差し替え。circle_pct上位2艇に絞り込むこと。'}",,,30.7,両建て推奨,16.3,37.3,2,,,,,,,,,,,
2025-08-21,丸亀,3,4,下田哲也,B1,36.00,4,,8.177,10.8,77,48.9,0.1667,3.7,,,0,低,104,0,差0%,245 45,0,24.4,0.6857,0,0.0714,0,0,0,0.3333,0.1667,0.25,,,B,,,0.2821,0.615,,0.3461,A,64,0,◎-○軸 3着3〜4艇流し（10〜15点）,0.5777,"{'is_target': True, 'verdict': '点数絞り', 'max_combo_prob': 0.0907, 'est_top_odds': 14.7, 'circle_concentration': 70.8, 'eligible_count': 8, 'bet_adj': 0, 'reason': 'rel_win1=52.9%（本命度） / 最有力組み合わせ確率: 0.091（推定実オッズ?15倍） / 2着集中度: 上位2艇 70.8%（補正+0.04） / 総合判定確率: 0.131 / → ヒモはやや固め。上位2艇以外を切ること', 'tenji_trigger': '展示確認: 1号艇伸び良→そのまま採用。悪→飛び組に差し替え。circle_pct上位2艇に絞り込むこと。'}",,,30.7,両建て推奨,16.3,37.3,2,,,,,,,,,,,
2025-08-21,丸亀,3,5,中田元泰,A1,29.55,5,,5.0503,9.7,100,50,0.1473,3.6731,,,0,低,90,0,-,544 14,0,88.2,1.6452,,,,,,0.0323,0.1613,0,,,D,○,,0.3687,0.685,,0.3461,A,64,0,◎-○軸 3着3〜4艇流し（10〜15点）,0.5777,"{'is_target': True, 'verdict': '点数絞り', 'max_combo_prob': 0.0907, 'est_top_odds': 14.7, 'circle_concentration': 70.8, 'eligible_count': 8, 'bet_adj': 0, 'reason': 'rel_win1=52.9%（本命度） / 最有力組み合わせ確率: 0.091（推定実オッズ?15倍） / 2着集中度: 上位2艇 70.8%（補正+0.04） / 総合判定確率: 0.131 / → ヒモはやや固め。上位2艇以外を切ること', 'tenji_trigger': '展示確認: 1号艇伸び良→そのまま採用。悪→飛び組に差し替え。circle_pct上位2艇に絞り込むこと。'}",,,30.7,両建て推奨,16.3,37.3,2,,,,,,,,,,,
2025-08-21,丸亀,3,6,石丸海渡,A1,33.64,6,▲,4.0542,8.7,44,34.1,0.1325,2.9432,,,0,低,26,0,-,262111,0,39.4,1.0931,,,,,,0.0792,0.0125,0,,○,C,◎,,0.4128,0.687,,0.3461,A,64,0,◎-○軸 3着3〜4艇流し（10〜15点）,0.5777,"{'is_target': True, 'verdict': '点数絞り', 'max_combo_prob': 0.0907, 'est_top_odds': 14.7, 'circle_concentration': 70.8, 'eligible_count': 8, 'bet_adj': 0, 'reason': 'rel_win1=52.9%（本命度） / 最有力組み合わせ確率: 0.091（推定実オッズ?15倍） / 2着集中度: 上位2艇 70.8%（補正+0.04） / 総合判定確率: 0.131 / → ヒモはやや固め。上位2艇以外を切ること', 'tenji_trigger': '展示確認: 1号艇伸び良→そのまま採用。悪→飛び組に差し替え。circle_pct上位2艇に絞り込むこと。'}",,,30.7,両建て推奨,16.3,37.3,2,,,,,,,,,,,
2025-08-21,丸亀,4,1,妻鳥晋也,B1,31.74,1,○,37.5535,,0,71,0.1787,4.3947,,,0,低,151,0,逃0%,1 163,0,62.4,0.8112,0.25,,,,,0.25,0.21,0.23,,,D,△,,,0.601,,0.1722,C,38,0,荒れ傾向。高配当狙いか見送り,0.5777,"{'is_target': False, 'verdict': '対象外', 'max_combo_prob': None, 'est_top_odds': None, 'circle_concentration': None, 'eligible_count': 0, 'bet_adj': 0, 'reason': '1号艇rel_win1 < 45%: 通常判定に委ねる', 'tenji_trigger': ''}",,,34,両建て推奨,26.68,37.8,5,2-1-3|2-1-5|2-1-4|2-3-1|2-5-1|2-5-3|2-3-5|1-2-5|1-2-3|1-3-5|1-3-2,2-1-3|2-1-5|2-1-4|2-3-1|2-5-1|2-5-3|2-3-5|1-2-5|1-2-3|1-3-5|1-3-2|6-1-3,2-1-3:2.68%|2-1-5:1.97%|2-1-4:1.07%|2-3-1:0.87%|2-5-1:0.7%|2-5-3:0.18%|2-3-5:0.16%|1-2-5:6.48%|1-2-3:4.68%|1-3-5:4.64%|1-3-2:3.78%,2-1-3:B_main|2-1-5:B_main|2-1-4:B_main|2-3-1:B_main|2-5-1:B_main|2-5-3:B_main|2-3-5:B_main|1-2-5:A|1-2-3:A|1-3-5:A|1-3-2:A,11,12,0.2915,1,[!]見送り推奨（主役決まり手「差し」― 逃げ劣勢レースで的中実績なし）,主役軸流し,B
2025-08-21,丸亀,4,2,古田祐貴,A2,33.18,2,,15.2804,41.3,100,75,0.152,3.1917,,,0,低,105,0,差0%,143 25,0,37.6,0.8088,0,0.125,0,0,0,0.2088,0.1971,0.1338,,◎,C,○,,0.6159,0.6265,,0.1722,C,38,0,荒れ傾向。高配当狙いか見送り,0.5777,"{'is_target': False, 'verdict': '対象外', 'max_combo_prob': None, 'est_top_odds': None, 'circle_concentration': None, 'eligible_count': 0, 'bet_adj': 0, 'reason': '1号艇rel_win1 < 45%: 通常判定に委ねる', 'tenji_trigger': ''}",,,34,両建て推奨,26.68,37.8,5,,,,,,,,,,,
2025-08-21,丸亀,4,3,水谷理人,B1,38.36,3,▲,17.986,31.1,60,61.8,0.1635,3,,,0,低,64,0,-,5 622,0,77,1.2667,0,0.05,0.1,0.1,0,0.0533,0.28,0.0267,,△,B,,,0.4157,0.569,,0.1722,C,38,0,荒れ傾向。高配当狙いか見送り,0.5777,"{'is_target': False, 'verdict': '対象外', 'max_combo_prob': None, 'est_top_odds': None, 'circle_concentration': None, 'eligible_count': 0, 'bet_adj': 0, 'reason': '1号艇rel_win1 < 45%: 通常判定に委ねる', 'tenji_trigger': ''}",,,34,両建て推奨,26.68,37.8,5,,,,,,,,,,,
2025-08-21,丸亀,4,4,三嶌さら,B1,31.42,4,,5.428,7.4,57,24.2,0.1927,4.2424,,,0,低,82,0,差0%,463 46,0,22.8,0.7298,0,0.0455,0,0,0,0,0.25,0,,,D,,,0.2576,0.576,,0.1722,C,38,0,荒れ傾向。高配当狙いか見送り,0.5777,"{'is_target': False, 'verdict': '対象外', 'max_combo_prob': None, 'est_top_odds': None, 'circle_concentration': None, 'eligible_count': 0, 'bet_adj': 0, 'reason': '1号艇rel_win1 < 45%: 通常判定に委ねる', 'tenji_trigger': ''}",,,34,両建て推奨,26.68,37.8,5,,,,,,,,,,,
2025-08-21,丸亀,4,5,重成一人,A1,37.17,5,◎,20.9114,12.4,51,64.5,0.1435,2.7742,,,0,低,51,0,差ま0% 抜0%,1 2423,0,70.2,1.061,0,0,0,0.3158,0.1053,0.0533,0.2533,0.0133,,○,C,◎,◎,0.4962,0.6315,0.5749,0.1722,C,38,0,荒れ傾向。高配当狙いか見送り,0.5777,"{'is_target': False, 'verdict': '対象外', 'max_combo_prob': None, 'est_top_odds': None, 'circle_concentration': None, 'eligible_count': 0, 'bet_adj': 0, 'reason': '1号艇rel_win1 < 45%: 通常判定に委ねる', 'tenji_trigger': ''}",,,34,両建て推奨,26.68,37.8,5,,,,,,,,,,,
2025-08-21,丸亀,4,6,西岡顕心,A1,41.18,6,△,2.8408,7.7,72,57.1,0.1771,4.1857,,,0,低,55,0,-,13322,0,33.2,0.7433,,,,,,0,0.0714,0,,,B,△,,0.3417,0.6245,,0.1722,C,38,0,荒れ傾向。高配当狙いか見送り,0.5777,"{'is_target': False, 'verdict': '対象外', 'max_combo_prob': None, 'est_top_odds': None, 'circle_concentration': None, 'eligible_count': 0, 'bet_adj': 0, 'reason': '1号艇rel_win1 < 45%: 通常判定に委ねる', 'tenji_trigger': ''}",,,34,両建て推奨,26.68,37.8,5,,,,,,,,,,,
2025-08-21,丸亀,5,1,宮崎　奨,A2,29.78,1,◎,58.6627,,0,95,0.1571,2.8625,,,0,低,134,0,逃1%,16352,0,62.4,1.0225,0.5429,,,,,0.0343,0.1571,0.2686,◎,,E,○,,,0.658,,0.5489,S,92,0,◎1着固定 2-3着流し（5〜8点）,0.5777,"{'is_target': True, 'verdict': '参加推奨', 'max_combo_prob': 0.0504, 'est_top_odds': 26.5, 'circle_concentration': 52.5, 'eligible_count': 6, 'bet_adj': 2, 'reason': 'rel_win1=58.7%（本命度） / 最有力組み合わせ確率: 0.050（推定実オッズ?26倍） / 2着集中度: 上位2艇 52.5%（補正-0.04） / 総合判定確率: 0.010 / → ヒモ分散。1号艇1着固定で広めのヒモ流し推奨（買い目+2点）', 'tenji_trigger': '展示確認: ヒモ分散レース。1号艇伸び確認後、広めのヒモ流しを採用。穴ヒモ（5・6号艇）を積極的に含める。'}",,,27.6,逃げ狙い,14.14,30.4,2,,,,,0,0,0.7559,0,,逃げ軸流し,A
2025-08-21,丸亀,5,2,塩田雄一,B1,32.29,2,,8.0461,22.8,46,39,0.1837,3.8814,,,0,低,147,0,-,5 456,0,73.8,1.595,0,0,0.08,0,0,0.4143,0.0952,0.2071,,,D,,,0.0659,0.5565,,0.5489,S,92,0,◎1着固定 2-3着流し（5〜8点）,0.5777,"{'is_target': True, 'verdict': '参加推奨', 'max_combo_prob': 0.0504, 'est_top_odds': 26.5, 'circle_concentration': 52.5, 'eligible_count': 6, 'bet_adj': 2, 'reason': 'rel_win1=58.7%（本命度） / 最有力組み合わせ確率: 0.050（推定実オッズ?26倍） / 2着集中度: 上位2艇 52.5%（補正-0.04） / 総合判定確率: 0.010 / → ヒモ分散。1号艇1着固定で広めのヒモ流し推奨（買い目+2点）', 'tenji_trigger': '展示確認: ヒモ分散レース。1号艇伸び確認後、広めのヒモ流しを採用。穴ヒモ（5・6号艇）を積極的に含める。'}",,,27.6,逃げ狙い,14.14,30.4,2,,,,,,,,,,,
2025-08-21,丸亀,5,3,嶋田貴支,B1,34.10,3,,7.593,24.5,85,54.4,0.1676,3.3162,,,0,低,134,0,-,6 251,0,94.7,1.9631,0,0.0312,0,0.0312,0,0.0174,0.0522,0.1174,,,C,,,0.2468,0.6045,,0.5489,S,92,0,◎1着固定 2-3着流し（5〜8点）,0.5777,"{'is_target': True, 'verdict': '参加推奨', 'max_combo_prob': 0.0504, 'est_top_odds': 26.5, 'circle_concentration': 52.5, 'eligible_count': 6, 'bet_adj': 2, 'reason': 'rel_win1=58.7%（本命度） / 最有力組み合わせ確率: 0.050（推定実オッズ?26倍） / 2着集中度: 上位2艇 52.5%（補正-0.04） / 総合判定確率: 0.010 / → ヒモ分散。1号艇1着固定で広めのヒモ流し推奨（買い目+2点）', 'tenji_trigger': '展示確認: ヒモ分散レース。1号艇伸び確認後、広めのヒモ流しを採用。穴ヒモ（5・6号艇）を積極的に含める。'}",,,27.6,逃げ狙い,14.14,30.4,2,,,,,,,,,,,
2025-08-21,丸亀,5,4,嶋　義信,A2,40.74,4,▲,12.1974,22.8,95,60,0.1442,3.0833,,,0,低,90,0,-,143 23,0,82,1.6187,0,0,0,0.0417,0,0.125,0.15,0.1875,,,B,△,◎,0.3583,0.632,0.2785,0.5489,S,92,0,◎1着固定 2-3着流し（5〜8点）,0.5777,"{'is_target': True, 'verdict': '参加推奨', 'max_combo_prob': 0.0504, 'est_top_odds': 26.5, 'circle_concentration': 52.5, 'eligible_count': 6, 'bet_adj': 2, 'reason': 'rel_win1=58.7%（本命度） / 最有力組み合わせ確率: 0.050（推定実オッズ?26倍） / 2着集中度: 上位2艇 52.5%（補正-0.04） / 総合判定確率: 0.010 / → ヒモ分散。1号艇1着固定で広めのヒモ流し推奨（買い目+2点）', 'tenji_trigger': '展示確認: ヒモ分散レース。1号艇伸び確認後、広めのヒモ流しを採用。穴ヒモ（5・6号艇）を積極的に含める。'}",,,27.6,逃げ狙い,14.14,30.4,2,,,,,,,,,,,
2025-08-21,丸亀,5,5,近江翔吾,A1,46.82,5,○,8.534,28,54,57.8,0.1538,3.3,,,0,低,52,0,差ま0%,526 11,0,45.9,1.1331,0,0,0,0.1154,0,0.0811,0.0541,0.027,,,A,△,,0.3366,0.6415,,0.5489,S,92,0,◎1着固定 2-3着流し（5〜8点）,0.5777,"{'is_target': True, 'verdict': '参加推奨', 'max_combo_prob': 0.0504, 'est_top_odds': 26.5, 'circle_concentration': 52.5, 'eligible_count': 6, 'bet_adj': 2, 'reason': 'rel_win1=58.7%（本命度） / 最有力組み合わせ確率: 0.050（推定実オッズ?26倍） / 2着集中度: 上位2艇 52.5%（補正-0.04） / 総合判定確率: 0.010 / → ヒモ分散。1号艇1着固定で広めのヒモ流し推奨（買い目+2点）', 'tenji_trigger': '展示確認: ヒモ分散レース。1号艇伸び確認後、広めのヒモ流しを採用。穴ヒモ（5・6号艇）を積極的に含める。'}",,,27.6,逃げ狙い,14.14,30.4,2,,,,,,,,,,,
2025-08-21,丸亀,5,6,片岡雅裕,A1,35.11,6,△,4.9667,1.9,100,72.2,0.1272,2.6389,,,0,低,5,0,-,2 4122,0,32.6,1.0172,,,,,,0.0286,0,0.3571,,◎,C,◎,,0.4301,0.8292,,0.5489,S,92,0,◎1着固定 2-3着流し（5〜8点）,0.5777,"{'is_target': True, 'verdict': '参加推奨', 'max_combo_prob': 0.0504, 'est_top_odds': 26.5, 'circle_concentration': 52.5, 'eligible_count': 6, 'bet_adj': 2, 'reason': 'rel_win1=58.7%（本命度） / 最有力組み合わせ確率: 0.050（推定実オッズ?26倍） / 2着集中度: 上位2艇 52.5%（補正-0.04） / 総合判定確率: 0.010 / → ヒモ分散。1号艇1着固定で広めのヒモ流し推奨（買い目+2点）', 'tenji_trigger': '展示確認: ヒモ分散レース。1号艇伸び確認後、広めのヒモ流しを採用。穴ヒモ（5・6号艇）を積極的に含める。'}",,,27.6,逃げ狙い,14.14,30.4,2,,,,,,,,,,,
2025-08-21,丸亀,6,1,西丸侑太,A2,33.48,1,◎,55.7146,,0,87.5,0.15,3.125,,,0,低,100,0,逃1%,362 34,0,65,1.0826,0.6786,,,,,0,0.1314,0.0429,○,,C,△,,,0.6105,,0.4304,S,90,0,◎1着固定 2-3着流し（5〜8点）,0.5777,"{'is_target': True, 'verdict': '参加推奨', 'max_combo_prob': 0.0717, 'est_top_odds': 18.6, 'circle_concentration': 81.4, 'eligible_count': 6, 'bet_adj': 2, 'reason': 'rel_win1=55.7%（本命度） / 最有力組み合わせ確率: 0.072（推定実オッズ?19倍） / 2着集中度: 上位2艇 81.4%（補正+0.04） / 総合判定確率: 0.112 / → ヒモ分散。1号艇1着固定で広めのヒモ流し推奨（買い目+2点）', 'tenji_trigger': '展示確認: ヒモ分散レース。1号艇伸び確認後、広めのヒモ流しを採用。穴ヒモ（5・6号艇）を積極的に含める。'}",,,26.9,逃げ狙い,18.04,24.9,3,,,,,0,0,0.6155,0,,逃げ軸流し,A
2025-08-21,丸亀,6,2,原村拓也,B1,31.22,2,,7.2083,40.5,81,45.7,0.178,4.0071,,,0,低,159,0,-,2 635,0,45.7,1.2703,0,0.0345,0,0,0,0.3114,0.1257,0.02,,,D,△,,0.056,0.5855,,0.4304,S,90,0,◎1着固定 2-3着流し（5〜8点）,0.5777,"{'is_target': True, 'verdict': '参加推奨', 'max_combo_prob': 0.0717, 'est_top_odds': 18.6, 'circle_concentration': 81.4, 'eligible_count': 6, 'bet_adj': 2, 'reason': 'rel_win1=55.7%（本命度） / 最有力組み合わせ確率: 0.072（推定実オッズ?19倍） / 2着集中度: 上位2艇 81.4%（補正+0.04） / 総合判定確率: 0.112 / → ヒモ分散。1号艇1着固定で広めのヒモ流し推奨（買い目+2点）', 'tenji_trigger': '展示確認: ヒモ分散レース。1号艇伸び確認後、広めのヒモ流しを採用。穴ヒモ（5・6号艇）を積極的に含める。'}",,,26.9,逃げ狙い,18.04,24.9,3,,,,,,,,,,,
2025-08-21,丸亀,6,3,中岡正彦,A1,31.53,3,○,23.2265,40.9,83,63.8,0.1291,2.4574,,,0,低,42,0,ま1%,2 1616,0,44.5,1.294,0,0,0.4762,0,0,0.1103,0,0.0588,,◎,C,○,,0.5067,0.649,,0.4304,S,90,0,◎1着固定 2-3着流し（5〜8点）,0.5777,"{'is_target': True, 'verdict': '参加推奨', 'max_combo_prob': 0.0717, 'est_top_odds': 18.6, 'circle_concentration': 81.4, 'eligible_count': 6, 'bet_adj': 2, 'reason': 'rel_win1=55.7%（本命度） / 最有力組み合わせ確率: 0.072（推定実オッズ?19倍） / 2着集中度: 上位2艇 81.4%（補正+0.04） / 総合判定確率: 0.112 / → ヒモ分散。1号艇1着固定で広めのヒモ流し推奨（買い目+2点）', 'tenji_trigger': '展示確認: ヒモ分散レース。1号艇伸び確認後、広めのヒモ流しを採用。穴ヒモ（5・6号艇）を積極的に含める。'}",,,26.9,逃げ狙い,18.04,24.9,3,,,,,,,,,,,
2025-08-21,丸亀,6,4,大廣咲季,B1,34.82,4,△,6.7672,8.9,53,17.3,0.1679,3.5481,,,0,低,81,0,-,266 66,0,100,2.6183,0,0,0.1053,0,0,0.3333,0.3333,0,,,B,,,0.223,0.543,,0.4304,S,90,0,◎1着固定 2-3着流し（5〜8点）,0.5777,"{'is_target': True, 'verdict': '参加推奨', 'max_combo_prob': 0.0717, 'est_top_odds': 18.6, 'circle_concentration': 81.4, 'eligible_count': 6, 'bet_adj': 2, 'reason': 'rel_win1=55.7%（本命度） / 最有力組み合わせ確率: 0.072（推定実オッズ?19倍） / 2着集中度: 上位2艇 81.4%（補正+0.04） / 総合判定確率: 0.112 / → ヒモ分散。1号艇1着固定で広めのヒモ流し推奨（買い目+2点）', 'tenji_trigger': '展示確認: ヒモ分散レース。1号艇伸び確認後、広めのヒモ流しを採用。穴ヒモ（5・6号艇）を積極的に含める。'}",,,26.9,逃げ狙い,18.04,24.9,3,,,,,,,,,,,
2025-08-21,丸亀,6,5,谷口佳蓮,B1,38.82,5,▲,3.3713,6.8,84,25.9,0.1656,3.3889,,,0,低,45,0,-,431 55,0,71.7,1.559,,,,,,0.1091,0,0.2727,,,B,,,0.2611,0.5715,,0.4304,S,90,0,◎1着固定 2-3着流し（5〜8点）,0.5777,"{'is_target': True, 'verdict': '参加推奨', 'max_combo_prob': 0.0717, 'est_top_odds': 18.6, 'circle_concentration': 81.4, 'eligible_count': 6, 'bet_adj': 2, 'reason': 'rel_win1=55.7%（本命度） / 最有力組み合わせ確率: 0.072（推定実オッズ?19倍） / 2着集中度: 上位2艇 81.4%（補正+0.04） / 総合判定確率: 0.112 / → ヒモ分散。1号艇1着固定で広めのヒモ流し推奨（買い目+2点）', 'tenji_trigger': '展示確認: ヒモ分散レース。1号艇伸び確認後、広めのヒモ流しを採用。穴ヒモ（5・6号艇）を積極的に含める。'}",,,26.9,逃げ狙い,18.04,24.9,3,,,,,,,,,,,
2025-08-21,丸亀,6,6,森高一真,A1,26.61,6,,3.712,2.9,100,68.8,0.1656,3.8438,,,0,低,28,0,-,314433,0,33.2,1.0553,0,0.037,0,0,0,0,0.1667,0.3333,,,E,◎,,0.2285,0.685,,0.4304,S,90,0,◎1着固定 2-3着流し（5〜8点）,0.5777,"{'is_target': True, 'verdict': '参加推奨', 'max_combo_prob': 0.0717, 'est_top_odds': 18.6, 'circle_concentration': 81.4, 'eligible_count': 6, 'bet_adj': 2, 'reason': 'rel_win1=55.7%（本命度） / 最有力組み合わせ確率: 0.072（推定実オッズ?19倍） / 2着集中度: 上位2艇 81.4%（補正+0.04） / 総合判定確率: 0.112 / → ヒモ分散。1号艇1着固定で広めのヒモ流し推奨（買い目+2点）', 'tenji_trigger': '展示確認: ヒモ分散レース。1号艇伸び確認後、広めのヒモ流しを採用。穴ヒモ（5・6号艇）を積極的に含める。'}",,,26.9,逃げ狙い,18.04,24.9,3,,,,,,,,,,,
2025-08-21,丸亀,7,1,川原祐明,A1,36.24,1,◎,62.2352,,0,90.3,0.1744,3.5565,,,0,低,110,0,逃0% 抜0%,43315,0,83.1,1.2415,0.6897,,,,,0.0276,0.1014,0.0138,○,,C,△,,,0.6185,,0.435,S,98,0,◎1着固定 2-3着流し（5〜8点）,0.5777,"{'is_target': True, 'verdict': '参加推奨', 'max_combo_prob': 0.075, 'est_top_odds': 17.8, 'circle_concentration': 69.3, 'eligible_count': 6, 'bet_adj': 2, 'reason': 'rel_win1=62.2%（本命度） / 最有力組み合わせ確率: 0.075（推定実オッズ?18倍） / 2着集中度: 上位2艇 69.3%（補正+0.00） / 総合判定確率: 0.075 / → ヒモ分散。1号艇1着固定で広めのヒモ流し推奨（買い目+2点）', 'tenji_trigger': '展示確認: ヒモ分散レース。1号艇伸び確認後、広めのヒモ流しを採用。穴ヒモ（5・6号艇）を積極的に含める。'}",,,27,逃げ狙い,17.14,25.9,3,,,,,0,0,0.6155,0,,逃げ軸流し,A
2025-08-21,丸亀,7,2,越智照浩,B2,31.98,2,,8.6637,37.2,59,35.4,0.155,3.5104,,,0,低,133,0,-,6 556,0,49.3,0.9231,0,0,0.0385,0,0,0.2,0.35,0.05,,◎,D,,,0.4979,0.563,,0.435,S,98,0,◎1着固定 2-3着流し（5〜8点）,0.5777,"{'is_target': True, 'verdict': '参加推奨', 'max_combo_prob': 0.075, 'est_top_odds': 17.8, 'circle_concentration': 69.3, 'eligible_count': 6, 'bet_adj': 2, 'reason': 'rel_win1=62.2%（本命度） / 最有力組み合わせ確率: 0.075（推定実オッズ?18倍） / 2着集中度: 上位2艇 69.3%（補正+0.00） / 総合判定確率: 0.075 / → ヒモ分散。1号艇1着固定で広めのヒモ流し推奨（買い目+2点）', 'tenji_trigger': '展示確認: ヒモ分散レース。1号艇伸び確認後、広めのヒモ流しを採用。穴ヒモ（5・6号艇）を積極的に含める。'}",,,27,逃げ狙い,17.14,25.9,3,,,,,,,,,,,
2025-08-21,丸亀,7,3,平高奈菜,A1,46.98,3,○,15.5541,32,100,58.3,0.1575,3.0625,,,0,低,46,0,抜0%,2 2254,0,47,1.0617,0,0,0.0833,0.0833,0.0833,0.2,0,0.1333,,△,A,○,,0.3884,0.6215,,0.435,S,98,0,◎1着固定 2-3着流し（5〜8点）,0.5777,"{'is_target': True, 'verdict': '参加推奨', 'max_combo_prob': 0.075, 'est_top_odds': 17.8, 'circle_concentration': 69.3, 'eligible_count': 6, 'bet_adj': 2, 'reason': 'rel_win1=62.2%（本命度） / 最有力組み合わせ確率: 0.075（推定実オッズ?18倍） / 2着集中度: 上位2艇 69.3%（補正+0.00） / 総合判定確率: 0.075 / → ヒモ分散。1号艇1着固定で広めのヒモ流し推奨（買い目+2点）', 'tenji_trigger': '展示確認: ヒモ分散レース。1号艇伸び確認後、広めのヒモ流しを採用。穴ヒモ（5・6号艇）を積極的に含める。'}",,,27,逃げ狙い,17.14,25.9,3,,,,,,,,,,,
2025-08-21,丸亀,7,4,三嶌ここ,B1,38.50,4,,4.2473,14.6,54,10,0.224,4.8,,,0,低,114,0,-,1 564,0,14.1,0.587,,,,,,0.0571,0.0571,0.3143,,,C,,,0.1363,0.553,,0.435,S,98,0,◎1着固定 2-3着流し（5〜8点）,0.5777,"{'is_target': True, 'verdict': '参加推奨', 'max_combo_prob': 0.075, 'est_top_odds': 17.8, 'circle_concentration': 69.3, 'eligible_count': 6, 'bet_adj': 2, 'reason': 'rel_win1=62.2%（本命度） / 最有力組み合わせ確率: 0.075（推定実オッズ?18倍） / 2着集中度: 上位2艇 69.3%（補正+0.00） / 総合判定確率: 0.075 / → ヒモ分散。1号艇1着固定で広めのヒモ流し推奨（買い目+2点）', 'tenji_trigger': '展示確認: ヒモ分散レース。1号艇伸び確認後、広めのヒモ流しを採用。穴ヒモ（5・6号艇）を積極的に含める。'}",,,27,逃げ狙い,17.14,25.9,3,,,,,,,,,,,
2025-08-21,丸亀,7,5,大西隆洋,B1,33.48,5,△,5.3726,9.6,73,24.1,0.136,2.7328,,,0,低,103,0,-,6 245,0,100,2.1783,0,0,0,0.0833,0,0.3077,0.0769,0.3077,,○,D,△,,0.413,0.6055,,0.435,S,98,0,◎1着固定 2-3着流し（5〜8点）,0.5777,"{'is_target': True, 'verdict': '参加推奨', 'max_combo_prob': 0.075, 'est_top_odds': 17.8, 'circle_concentration': 69.3, 'eligible_count': 6, 'bet_adj': 2, 'reason': 'rel_win1=62.2%（本命度） / 最有力組み合わせ確率: 0.075（推定実オッズ?18倍） / 2着集中度: 上位2艇 69.3%（補正+0.00） / 総合判定確率: 0.075 / → ヒモ分散。1号艇1着固定で広めのヒモ流し推奨（買い目+2点）', 'tenji_trigger': '展示確認: ヒモ分散レース。1号艇伸び確認後、広めのヒモ流しを採用。穴ヒモ（5・6号艇）を積極的に含める。'}",,,27,逃げ狙い,17.14,25.9,3,,,,,,,,,,,
2025-08-21,丸亀,7,6,中村晃朋,A1,41.44,6,▲,3.9272,6.5,82,40,0.163,3.8333,,,0,低,56,0,-,351 13,0,43.8,1.045,,,,,,0.1745,0,0.1564,,,B,◎,,0.3487,0.678,,0.435,S,98,0,◎1着固定 2-3着流し（5〜8点）,0.5777,"{'is_target': True, 'verdict': '参加推奨', 'max_combo_prob': 0.075, 'est_top_odds': 17.8, 'circle_concentration': 69.3, 'eligible_count': 6, 'bet_adj': 2, 'reason': 'rel_win1=62.2%（本命度） / 最有力組み合わせ確率: 0.075（推定実オッズ?18倍） / 2着集中度: 上位2艇 69.3%（補正+0.00） / 総合判定確率: 0.075 / → ヒモ分散。1号艇1着固定で広めのヒモ流し推奨（買い目+2点）', 'tenji_trigger': '展示確認: ヒモ分散レース。1号艇伸び確認後、広めのヒモ流しを採用。穴ヒモ（5・6号艇）を積極的に含める。'}",,,27,逃げ狙い,17.14,25.9,3,,,,,,,,,,,
2025-08-21,丸亀,8,1,竹田和哉,A1,33.19,1,◎,71.2294,,0,92,0.1376,2.7933,,,0,低,106,0,逃0% 抜0%,233341,0,91.2,1.2106,0.7692,,,,,0.116,0.116,0,◎,,C,○,,,0.6415,,0.6767,S,88,0,◎1着固定 2-3着流し（5〜8点）,0.5777,"{'is_target': True, 'verdict': '点数絞り', 'max_combo_prob': 0.1047, 'est_top_odds': 12.7, 'circle_concentration': 72.2, 'eligible_count': 6, 'bet_adj': 0, 'reason': 'rel_win1=71.2%（本命度） / 最有力組み合わせ確率: 0.105（推定実オッズ?13倍） / 2着集中度: 上位2艇 72.2%（補正+0.04） / 総合判定確率: 0.145 / → ヒモはやや固め。上位2艇以外を切ること', 'tenji_trigger': '展示確認: 1号艇伸び良→そのまま採用。悪→飛び組に差し替え。circle_pct上位2艇に絞り込むこと。\n展示で1号艇スタート超安定(0.138秒)→ヒモ固まり方向に注意'}",,,26.2,逃げ狙い,12.84,27.4,2,,,,,0,0,0.7559,0,,逃げ軸流し,A
2025-08-21,丸亀,8,2,松尾　祭,A2,42.73,2,○,11.5741,47.8,100,76.7,0.163,3.6,,,0,低,144,0,-,3 4355,0,46.2,1.0222,0,0.1613,0.0323,0,0,0.1086,0.0654,0.2501,,,A,△,,0.0847,0.6215,,0.6767,S,88,0,◎1着固定 2-3着流し（5〜8点）,0.5777,"{'is_target': True, 'verdict': '点数絞り', 'max_combo_prob': 0.1047, 'est_top_odds': 12.7, 'circle_concentration': 72.2, 'eligible_count': 6, 'bet_adj': 0, 'reason': 'rel_win1=71.2%（本命度） / 最有力組み合わせ確率: 0.105（推定実オッズ?13倍） / 2着集中度: 上位2艇 72.2%（補正+0.04） / 総合判定確率: 0.145 / → ヒモはやや固め。上位2艇以外を切ること', 'tenji_trigger': '展示確認: 1号艇伸び良→そのまま採用。悪→飛び組に差し替え。circle_pct上位2艇に絞り込むこと。\n展示で1号艇スタート超安定(0.138秒)→ヒモ固まり方向に注意'}",,,26.2,逃げ狙い,12.84,27.4,2,,,,,,,,,,,
2025-08-21,丸亀,8,3,下田哲也,B1,36.00,3,▲,4.7881,24.5,84,53.4,0.1543,3.4138,,,0,低,104,0,差ま0%,245 45,0,22.3,0.699,0,0,0,0.0526,0,0.3333,0.1667,0.25,,,B,,,0.2006,0.615,,0.6767,S,88,0,◎1着固定 2-3着流し（5〜8点）,0.5777,"{'is_target': True, 'verdict': '点数絞り', 'max_combo_prob': 0.1047, 'est_top_odds': 12.7, 'circle_concentration': 72.2, 'eligible_count': 6, 'bet_adj': 0, 'reason': 'rel_win1=71.2%（本命度） / 最有力組み合わせ確率: 0.105（推定実オッズ?13倍） / 2着集中度: 上位2艇 72.2%（補正+0.04） / 総合判定確率: 0.145 / → ヒモはやや固め。上位2艇以外を切ること', 'tenji_trigger': '展示確認: 1号艇伸び良→そのまま採用。悪→飛び組に差し替え。circle_pct上位2艇に絞り込むこと。\n展示で1号艇スタート超安定(0.138秒)→ヒモ固まり方向に注意'}",,,26.2,逃げ狙い,12.84,27.4,2,,,,,,,,,,,
2025-08-21,丸亀,8,4,山田理央,A2,29.49,4,△,7.689,21.3,72,53.8,0.1582,3.1923,,,0,低,62,0,-,341 32,0,50.5,1.04,0,0.0625,0.0625,0.0625,0,0.0444,0.1444,0.0222,,,D,,◎,0.218,0.6,0.4365,0.6767,S,88,0,◎1着固定 2-3着流し（5〜8点）,0.5777,"{'is_target': True, 'verdict': '点数絞り', 'max_combo_prob': 0.1047, 'est_top_odds': 12.7, 'circle_concentration': 72.2, 'eligible_count': 6, 'bet_adj': 0, 'reason': 'rel_win1=71.2%（本命度） / 最有力組み合わせ確率: 0.105（推定実オッズ?13倍） / 2着集中度: 上位2艇 72.2%（補正+0.04） / 総合判定確率: 0.145 / → ヒモはやや固め。上位2艇以外を切ること', 'tenji_trigger': '展示確認: 1号艇伸び良→そのまま採用。悪→飛び組に差し替え。circle_pct上位2艇に絞り込むこと。\n展示で1号艇スタート超安定(0.138秒)→ヒモ固まり方向に注意'}",,,26.2,逃げ狙い,12.84,27.4,2,,,,,,,,,,,
2025-08-21,丸亀,8,5,吉永泰弘,B1,27.56,5,,3.7545,4.6,72,40,0.1986,4,,,0,低,137,0,差0%,356 14,0,57.3,1.2279,0,0.0833,0,0,0,0.2376,0.4541,0.0235,,,E,◎,,0.1152,0.6525,,0.6767,S,88,0,◎1着固定 2-3着流し（5〜8点）,0.5777,"{'is_target': True, 'verdict': '点数絞り', 'max_combo_prob': 0.1047, 'est_top_odds': 12.7, 'circle_concentration': 72.2, 'eligible_count': 6, 'bet_adj': 0, 'reason': 'rel_win1=71.2%（本命度） / 最有力組み合わせ確率: 0.105（推定実オッズ?13倍） / 2着集中度: 上位2艇 72.2%（補正+0.04） / 総合判定確率: 0.145 / → ヒモはやや固め。上位2艇以外を切ること', 'tenji_trigger': '展示確認: 1号艇伸び良→そのまま採用。悪→飛び組に差し替え。circle_pct上位2艇に絞り込むこと。\n展示で1号艇スタート超安定(0.138秒)→ヒモ固まり方向に注意'}",,,26.2,逃げ狙い,12.84,27.4,2,,,,,,,,,,,
2025-08-21,丸亀,8,6,木村光宏,B1,32.14,6,,0.9649,1.9,45,23.8,0.1876,4.2619,,,0,低,99,0,-,461 36,0,29.8,0.7406,,,,,,0.3952,0.3571,0.0571,,,D,△,,0.1536,0.6335,,0.6767,S,88,0,◎1着固定 2-3着流し（5〜8点）,0.5777,"{'is_target': True, 'verdict': '点数絞り', 'max_combo_prob': 0.1047, 'est_top_odds': 12.7, 'circle_concentration': 72.2, 'eligible_count': 6, 'bet_adj': 0, 'reason': 'rel_win1=71.2%（本命度） / 最有力組み合わせ確率: 0.105（推定実オッズ?13倍） / 2着集中度: 上位2艇 72.2%（補正+0.04） / 総合判定確率: 0.145 / → ヒモはやや固め。上位2艇以外を切ること', 'tenji_trigger': '展示確認: 1号艇伸び良→そのまま採用。悪→飛び組に差し替え。circle_pct上位2艇に絞り込むこと。\n展示で1号艇スタート超安定(0.138秒)→ヒモ固まり方向に注意'}",,,26.2,逃げ狙い,12.84,27.4,2,,,,,,,,,,,
2025-08-21,丸亀,9,1,片岡雅裕,A1,35.11,1,◎,55.2454,,0,93.1,0.129,2.5172,,,0,低,5,0,逃1%,2 4122,0,60.7,0.9947,0.7857,,,,,0.0286,0,0.3571,◎,,C,◎,,,0.8292,,0.6753,S,100,0,◎1着固定 2-3着流し（5〜8点）,0.5777,"{'is_target': True, 'verdict': '点数絞り', 'max_combo_prob': 0.0832, 'est_top_odds': 16.0, 'circle_concentration': 74.0, 'eligible_count': 6, 'bet_adj': 0, 'reason': 'rel_win1=55.2%（本命度） / 最有力組み合わせ確率: 0.083（推定実オッズ?16倍） / 2着集中度: 上位2艇 74.0%（補正+0.04） / 総合判定確率: 0.123 / → ヒモはやや固め。上位2艇以外を切ること', 'tenji_trigger': '展示確認: 1号艇伸び良→そのまま採用。悪→飛び組に差し替え。circle_pct上位2艇に絞り込むこと。\n展示で1号艇スタート超安定(0.129秒)→ヒモ固まり方向に注意'}",,,27.6,逃げ狙い,19.66,25.4,2,,,,,0,0,0.7559,0,,逃げ軸流し,A
2025-08-21,丸亀,9,2,西岡顕心,A1,41.18,2,▲,15.0862,44,74,80,0.1503,3.05,,,0,低,55,0,差0%,13322,0,66.4,0.9102,0,0.1,0,0,0,0,0.0714,0,,,C,,,0.1092,0.6245,,0.6753,S,100,0,◎1着固定 2-3着流し（5〜8点）,0.5777,"{'is_target': True, 'verdict': '点数絞り', 'max_combo_prob': 0.0832, 'est_top_odds': 16.0, 'circle_concentration': 74.0, 'eligible_count': 6, 'bet_adj': 0, 'reason': 'rel_win1=55.2%（本命度） / 最有力組み合わせ確率: 0.083（推定実オッズ?16倍） / 2着集中度: 上位2艇 74.0%（補正+0.04） / 総合判定確率: 0.123 / → ヒモはやや固め。上位2艇以外を切ること', 'tenji_trigger': '展示確認: 1号艇伸び良→そのまま採用。悪→飛び組に差し替え。circle_pct上位2艇に絞り込むこと。\n展示で1号艇スタート超安定(0.129秒)→ヒモ固まり方向に注意'}",,,27.6,逃げ狙い,19.66,25.4,2,,,,,,,,,,,
2025-08-21,丸亀,9,3,秋山広一,A2,47.95,3,○,12.1319,30,59,64.7,0.1445,2.8529,,,0,低,90,0,差0%,25123,0,27.5,0.8987,0,0.0455,0,0.0455,0,0,0.168,0.168,,,A,△,,0.2084,0.651,,0.6753,S,100,0,◎1着固定 2-3着流し（5〜8点）,0.5777,"{'is_target': True, 'verdict': '点数絞り', 'max_combo_prob': 0.0832, 'est_top_odds': 16.0, 'circle_concentration': 74.0, 'eligible_count': 6, 'bet_adj': 0, 'reason': 'rel_win1=55.2%（本命度） / 最有力組み合わせ確率: 0.083（推定実オッズ?16倍） / 2着集中度: 上位2艇 74.0%（補正+0.04） / 総合判定確率: 0.123 / → ヒモはやや固め。上位2艇以外を切ること', 'tenji_trigger': '展示確認: 1号艇伸び良→そのまま採用。悪→飛び組に差し替え。circle_pct上位2艇に絞り込むこと。\n展示で1号艇スタート超安定(0.129秒)→ヒモ固まり方向に注意'}",,,27.6,逃げ狙い,19.66,25.4,2,,,,,,,,,,,
2025-08-21,丸亀,9,4,宮武英司,B1,44.34,4,△,6.7583,7.5,100,51,0.1514,3.2347,,,0,低,89,0,-,441 32,0,67.2,1.4443,0,0,0,0.0476,0,0.4889,0.0222,0.0222,,,B,△,◎,0.1984,0.658,0.3607,0.6753,S,100,0,◎1着固定 2-3着流し（5〜8点）,0.5777,"{'is_target': True, 'verdict': '点数絞り', 'max_combo_prob': 0.0832, 'est_top_odds': 16.0, 'circle_concentration': 74.0, 'eligible_count': 6, 'bet_adj': 0, 'reason': 'rel_win1=55.2%（本命度） / 最有力組み合わせ確率: 0.083（推定実オッズ?16倍） / 2着集中度: 上位2艇 74.0%（補正+0.04） / 総合判定確率: 0.123 / → ヒモはやや固め。上位2艇以外を切ること', 'tenji_trigger': '展示確認: 1号艇伸び良→そのまま採用。悪→飛び組に差し替え。circle_pct上位2艇に絞り込むこと。\n展示で1号艇スタート超安定(0.129秒)→ヒモ固まり方向に注意'}",,,27.6,逃げ狙い,19.66,25.4,2,,,,,,,,,,,
2025-08-21,丸亀,9,5,木谷賢太,A2,27.06,5,,5.3576,13.3,73,59.6,0.177,3.9787,,,0,低,107,0,差ま0%,2 5226,0,32.2,1.4224,0,0,0,0.0476,0,0.0343,0.0114,0.1957,,,E,○,,0.1326,0.663,,0.6753,S,100,0,◎1着固定 2-3着流し（5〜8点）,0.5777,"{'is_target': True, 'verdict': '点数絞り', 'max_combo_prob': 0.0832, 'est_top_odds': 16.0, 'circle_concentration': 74.0, 'eligible_count': 6, 'bet_adj': 0, 'reason': 'rel_win1=55.2%（本命度） / 最有力組み合わせ確率: 0.083（推定実オッズ?16倍） / 2着集中度: 上位2艇 74.0%（補正+0.04） / 総合判定確率: 0.123 / → ヒモはやや固め。上位2艇以外を切ること', 'tenji_trigger': '展示確認: 1号艇伸び良→そのまま採用。悪→飛び組に差し替え。circle_pct上位2艇に絞り込むこと。\n展示で1号艇スタート超安定(0.129秒)→ヒモ固まり方向に注意'}",,,27.6,逃げ狙い,19.66,25.4,2,,,,,,,,,,,
2025-08-21,丸亀,9,6,妻鳥晋也,B1,31.74,6,,5.4207,5.2,60,35.7,0.1767,4.1548,,,0,低,151,0,-,1 163,0,100,2.4442,0,0,0,0.0588,0.0588,0.25,0.21,0.23,,,D,,,0.137,0.601,,0.6753,S,100,0,◎1着固定 2-3着流し（5〜8点）,0.5777,"{'is_target': True, 'verdict': '点数絞り', 'max_combo_prob': 0.0832, 'est_top_odds': 16.0, 'circle_concentration': 74.0, 'eligible_count': 6, 'bet_adj': 0, 'reason': 'rel_win1=55.2%（本命度） / 最有力組み合わせ確率: 0.083（推定実オッズ?16倍） / 2着集中度: 上位2艇 74.0%（補正+0.04） / 総合判定確率: 0.123 / → ヒモはやや固め。上位2艇以外を切ること', 'tenji_trigger': '展示確認: 1号艇伸び良→そのまま採用。悪→飛び組に差し替え。circle_pct上位2艇に絞り込むこと。\n展示で1号艇スタート超安定(0.129秒)→ヒモ固まり方向に注意'}",,,27.6,逃げ狙い,19.66,25.4,2,,,,,,,,,,,
2025-08-21,丸亀,10,1,石丸海渡,A1,33.64,1,◎,57.8328,,0,95.2,0.1129,1.8651,,,0,低,26,0,逃1%,262111,0,83.5,1.0216,0.875,,,,,0.0792,0.0125,0,◎,,C,◎,,,0.687,,0.7106,S,88,0,◎1着固定 2-3着流し（5〜8点）,0.5777,"{'is_target': True, 'verdict': '参加推奨', 'max_combo_prob': 0.0755, 'est_top_odds': 17.7, 'circle_concentration': 73.2, 'eligible_count': 6, 'bet_adj': 2, 'reason': 'rel_win1=57.8%（本命度） / 最有力組み合わせ確率: 0.075（推定実オッズ?18倍） / 2着集中度: 上位2艇 73.2%（補正+0.04） / 総合判定確率: 0.115 / → ヒモ分散。1号艇1着固定で広めのヒモ流し推奨（買い目+2点）', 'tenji_trigger': '展示確認: ヒモ分散レース。1号艇伸び確認後、広めのヒモ流しを採用。穴ヒモ（5・6号艇）を積極的に含める。\n展示で1号艇スタート超安定(0.113秒)→ヒモ固まり方向に注意'}",,,27.2,逃げ狙い,21.67,22.8,4,,,,,0,0,0.7559,0,,逃げ軸流し,A
2025-08-21,丸亀,10,2,近江翔吾,A1,46.82,2,○,12.9789,44.5,59,80.6,0.1244,2.5833,,,0,低,52,0,差0%,526 11,0,34.7,0.8322,0,0.2222,0,0,0,0.0811,0.0541,0.027,,,A,△,,0.2375,0.6415,,0.7106,S,88,0,◎1着固定 2-3着流し（5〜8点）,0.5777,"{'is_target': True, 'verdict': '参加推奨', 'max_combo_prob': 0.0755, 'est_top_odds': 17.7, 'circle_concentration': 73.2, 'eligible_count': 6, 'bet_adj': 2, 'reason': 'rel_win1=57.8%（本命度） / 最有力組み合わせ確率: 0.075（推定実オッズ?18倍） / 2着集中度: 上位2艇 73.2%（補正+0.04） / 総合判定確率: 0.115 / → ヒモ分散。1号艇1着固定で広めのヒモ流し推奨（買い目+2点）', 'tenji_trigger': '展示確認: ヒモ分散レース。1号艇伸び確認後、広めのヒモ流しを採用。穴ヒモ（5・6号艇）を積極的に含める。\n展示で1号艇スタート超安定(0.113秒)→ヒモ固まり方向に注意'}",,,27.2,逃げ狙い,21.67,22.8,4,,,,,,,,,,,
2025-08-21,丸亀,10,3,嶋　義信,A2,40.74,3,▲,11.4946,28.7,62,73.8,0.1267,2.6066,,,0,低,90,0,差ま0%,143 23,0,36.9,0.9567,0,0,0,0.1818,0,0.125,0.15,0.1875,,,B,△,,0.2496,0.632,,0.7106,S,88,0,◎1着固定 2-3着流し（5〜8点）,0.5777,"{'is_target': True, 'verdict': '参加推奨', 'max_combo_prob': 0.0755, 'est_top_odds': 17.7, 'circle_concentration': 73.2, 'eligible_count': 6, 'bet_adj': 2, 'reason': 'rel_win1=57.8%（本命度） / 最有力組み合わせ確率: 0.075（推定実オッズ?18倍） / 2着集中度: 上位2艇 73.2%（補正+0.04） / 総合判定確率: 0.115 / → ヒモ分散。1号艇1着固定で広めのヒモ流し推奨（買い目+2点）', 'tenji_trigger': '展示確認: ヒモ分散レース。1号艇伸び確認後、広めのヒモ流しを採用。穴ヒモ（5・6号艇）を積極的に含める。\n展示で1号艇スタート超安定(0.113秒)→ヒモ固まり方向に注意'}",,,27.2,逃げ狙い,21.67,22.8,4,,,,,,,,,,,
2025-08-21,丸亀,10,4,中岡正彦,A1,31.53,4,△,11.5149,16.8,100,68.8,0.1175,2.2604,,,0,低,42,0,ま0%,2 1616,0,44.2,0.9355,0,0,0.2609,0,0,0.1103,0,0.0588,,,E,○,◎,0.334,0.649,0.4375,0.7106,S,88,0,◎1着固定 2-3着流し（5〜8点）,0.5777,"{'is_target': True, 'verdict': '参加推奨', 'max_combo_prob': 0.0755, 'est_top_odds': 17.7, 'circle_concentration': 73.2, 'eligible_count': 6, 'bet_adj': 2, 'reason': 'rel_win1=57.8%（本命度） / 最有力組み合わせ確率: 0.075（推定実オッズ?18倍） / 2着集中度: 上位2艇 73.2%（補正+0.04） / 総合判定確率: 0.115 / → ヒモ分散。1号艇1着固定で広めのヒモ流し推奨（買い目+2点）', 'tenji_trigger': '展示確認: ヒモ分散レース。1号艇伸び確認後、広めのヒモ流しを採用。穴ヒモ（5・6号艇）を積極的に含める。\n展示で1号艇スタート超安定(0.113秒)→ヒモ固まり方向に注意'}",,,27.2,逃げ狙い,21.67,22.8,4,,,,,,,,,,,
2025-08-21,丸亀,10,5,古田祐貴,A2,33.18,5,,3.2739,6.5,89,46.6,0.156,3.4138,,,0,低,105,0,-,143 25,0,31.7,0.8043,0,0,0,0.05,0,0.2088,0.1971,0.1338,,,D,,,0.1399,0.6265,,0.7106,S,88,0,◎1着固定 2-3着流し（5〜8点）,0.5777,"{'is_target': True, 'verdict': '参加推奨', 'max_combo_prob': 0.0755, 'est_top_odds': 17.7, 'circle_concentration': 73.2, 'eligible_count': 6, 'bet_adj': 2, 'reason': 'rel_win1=57.8%（本命度） / 最有力組み合わせ確率: 0.075（推定実オッズ?18倍） / 2着集中度: 上位2艇 73.2%（補正+0.04） / 総合判定確率: 0.115 / → ヒモ分散。1号艇1着固定で広めのヒモ流し推奨（買い目+2点）', 'tenji_trigger': '展示確認: ヒモ分散レース。1号艇伸び確認後、広めのヒモ流しを採用。穴ヒモ（5・6号艇）を積極的に含める。\n展示で1号艇スタート超安定(0.113秒)→ヒモ固まり方向に注意'}",,,27.2,逃げ狙い,21.67,22.8,4,,,,,,,,,,,
2025-08-21,丸亀,10,6,川原祐明,A1,36.24,6,,2.9049,3.5,90,40.7,0.1822,4.037,,,0,低,110,0,-,43315,0,25.4,0.7381,0,0,0,0.037,0,0.0276,0.1014,0.0138,,,C,,,0.1081,0.6185,,0.7106,S,88,0,◎1着固定 2-3着流し（5〜8点）,0.5777,"{'is_target': True, 'verdict': '参加推奨', 'max_combo_prob': 0.0755, 'est_top_odds': 17.7, 'circle_concentration': 73.2, 'eligible_count': 6, 'bet_adj': 2, 'reason': 'rel_win1=57.8%（本命度） / 最有力組み合わせ確率: 0.075（推定実オッズ?18倍） / 2着集中度: 上位2艇 73.2%（補正+0.04） / 総合判定確率: 0.115 / → ヒモ分散。1号艇1着固定で広めのヒモ流し推奨（買い目+2点）', 'tenji_trigger': '展示確認: ヒモ分散レース。1号艇伸び確認後、広めのヒモ流しを採用。穴ヒモ（5・6号艇）を積極的に含める。\n展示で1号艇スタート超安定(0.113秒)→ヒモ固まり方向に注意'}",,,27.2,逃げ狙い,21.67,22.8,4,,,,,,,,,,,
2025-08-21,丸亀,11,1,中村晃朋,A1,41.44,1,◎,57.2306,,0,87.7,0.1656,3.4474,,,0,低,56,0,逃1% 抜0%,351 13,0,75.4,1.0903,0.6818,,,,,0.1745,0,0.1564,○,,A,○,,,0.678,,0.4392,S,91,0,◎1着固定 2-3着流し（5〜8点）,0.5777,"{'is_target': True, 'verdict': '参加推奨', 'max_combo_prob': 0.0717, 'est_top_odds': 18.6, 'circle_concentration': 64.1, 'eligible_count': 6, 'bet_adj': 2, 'reason': 'rel_win1=57.2%（本命度） / 最有力組み合わせ確率: 0.072（推定実オッズ?19倍） / 2着集中度: 上位2艇 64.1%（補正+0.00） / 総合判定確率: 0.072 / → ヒモ分散。1号艇1着固定で広めのヒモ流し推奨（買い目+2点）', 'tenji_trigger': '展示確認: ヒモ分散レース。1号艇伸び確認後、広めのヒモ流しを採用。穴ヒモ（5・6号艇）を積極的に含める。'}",,,30.5,逃げ狙い,25.01,29.2,3,,,,,0,0,0.6155,0,,逃げ軸流し,A
2025-08-21,丸亀,11,2,重成一人,A1,37.17,2,○,12.0828,41.7,69,63.3,0.1577,3.3333,,,0,低,51,0,-,1 2423,0,20.5,0.6012,0,0.0833,0,0,0,0.0533,0.2533,0.0133,,○,B,△,,0.3971,0.6315,,0.4392,S,91,0,◎1着固定 2-3着流し（5〜8点）,0.5777,"{'is_target': True, 'verdict': '参加推奨', 'max_combo_prob': 0.0717, 'est_top_odds': 18.6, 'circle_concentration': 64.1, 'eligible_count': 6, 'bet_adj': 2, 'reason': 'rel_win1=57.2%（本命度） / 最有力組み合わせ確率: 0.072（推定実オッズ?19倍） / 2着集中度: 上位2艇 64.1%（補正+0.00） / 総合判定確率: 0.072 / → ヒモ分散。1号艇1着固定で広めのヒモ流し推奨（買い目+2点）', 'tenji_trigger': '展示確認: ヒモ分散レース。1号艇伸び確認後、広めのヒモ流しを採用。穴ヒモ（5・6号艇）を積極的に含める。'}",,,30.5,逃げ狙い,25.01,29.2,3,,,,,,,,,,,
2025-08-21,丸亀,11,3,森高一真,A1,26.61,3,△,12.297,17.3,95,66.7,0.1486,3.0952,,,0,低,28,0,差ま0%,314433,0,74.7,0.8156,0,0,0.25,0.25,0,0,0.1667,0.3333,,◎,E,◎,,0.4466,0.685,,0.4392,S,91,0,◎1着固定 2-3着流し（5〜8点）,0.5777,"{'is_target': True, 'verdict': '参加推奨', 'max_combo_prob': 0.0717, 'est_top_odds': 18.6, 'circle_concentration': 64.1, 'eligible_count': 6, 'bet_adj': 2, 'reason': 'rel_win1=57.2%（本命度） / 最有力組み合わせ確率: 0.072（推定実オッズ?19倍） / 2着集中度: 上位2艇 64.1%（補正+0.00） / 総合判定確率: 0.072 / → ヒモ分散。1号艇1着固定で広めのヒモ流し推奨（買い目+2点）', 'tenji_trigger': '展示確認: ヒモ分散レース。1号艇伸び確認後、広めのヒモ流しを採用。穴ヒモ（5・6号艇）を積極的に含める。'}",,,30.5,逃げ狙い,25.01,29.2,3,,,,,,,,,,,
2025-08-21,丸亀,11,4,竹田和哉,A1,33.19,4,▲,11.3481,22.4,75,66.7,0.1619,3.3958,,,0,低,106,0,-,233341,0,49.7,1.0253,0,0.1364,0.0909,0,0,0.116,0.116,0,,,C,△,◎,0.3154,0.6415,0.3947,0.4392,S,91,0,◎1着固定 2-3着流し（5〜8点）,0.5777,"{'is_target': True, 'verdict': '参加推奨', 'max_combo_prob': 0.0717, 'est_top_odds': 18.6, 'circle_concentration': 64.1, 'eligible_count': 6, 'bet_adj': 2, 'reason': 'rel_win1=57.2%（本命度） / 最有力組み合わせ確率: 0.072（推定実オッズ?19倍） / 2着集中度: 上位2艇 64.1%（補正+0.00） / 総合判定確率: 0.072 / → ヒモ分散。1号艇1着固定で広めのヒモ流し推奨（買い目+2点）', 'tenji_trigger': '展示確認: ヒモ分散レース。1号艇伸び確認後、広めのヒモ流しを採用。穴ヒモ（5・6号艇）を積極的に含める。'}",,,30.5,逃げ狙い,25.01,29.2,3,,,,,,,,,,,
2025-08-21,丸亀,11,5,海野康志,A1,29.61,5,,5.5083,15.5,100,66.7,0.187,3.5455,,,0,低,38,0,ま0% 差ま0%,51444,0,93.6,1.7679,0,0,0.1333,0.1333,0,0,0.0387,0.2516,,,D,,,0.2529,0.6265,,0.4392,S,91,0,◎1着固定 2-3着流し（5〜8点）,0.5777,"{'is_target': True, 'verdict': '参加推奨', 'max_combo_prob': 0.0717, 'est_top_odds': 18.6, 'circle_concentration': 64.1, 'eligible_count': 6, 'bet_adj': 2, 'reason': 'rel_win1=57.2%（本命度） / 最有力組み合わせ確率: 0.072（推定実オッズ?19倍） / 2着集中度: 上位2艇 64.1%（補正+0.00） / 総合判定確率: 0.072 / → ヒモ分散。1号艇1着固定で広めのヒモ流し推奨（買い目+2点）', 'tenji_trigger': '展示確認: ヒモ分散レース。1号艇伸び確認後、広めのヒモ流しを採用。穴ヒモ（5・6号艇）を積極的に含める。'}",,,30.5,逃げ狙い,25.01,29.2,3,,,,,,,,,,,
2025-08-21,丸亀,11,6,西丸侑太,A2,33.48,6,,1.5332,3.1,63,34.1,0.1627,4.0114,,,0,低,100,0,-,362 34,0,31.2,1.5375,,,,,,0,0.1314,0.0429,,,C,,,0.3179,0.6105,,0.4392,S,91,0,◎1着固定 2-3着流し（5〜8点）,0.5777,"{'is_target': True, 'verdict': '参加推奨', 'max_combo_prob': 0.0717, 'est_top_odds': 18.6, 'circle_concentration': 64.1, 'eligible_count': 6, 'bet_adj': 2, 'reason': 'rel_win1=57.2%（本命度） / 最有力組み合わせ確率: 0.072（推定実オッズ?19倍） / 2着集中度: 上位2艇 64.1%（補正+0.00） / 総合判定確率: 0.072 / → ヒモ分散。1号艇1着固定で広めのヒモ流し推奨（買い目+2点）', 'tenji_trigger': '展示確認: ヒモ分散レース。1号艇伸び確認後、広めのヒモ流しを採用。穴ヒモ（5・6号艇）を積極的に含める。'}",,,30.5,逃げ狙い,25.01,29.2,3,,,,,,,,,,,
2025-08-21,丸亀,12,1,山田理央,A2,29.49,1,◎,52.4704,,0,88.6,0.134,2.4857,,,0,低,62,0,逃0%,341 32,0,90.1,1.1829,0.6667,,,,,0.0444,0.1444,0.0222,◎,,E,△,,,0.6,,0.5349,A,78,0,◎-○軸 3着3〜4艇流し（10〜15点）,0.5777,"{'is_target': True, 'verdict': '参加推奨', 'max_combo_prob': 0.0708, 'est_top_odds': 18.8, 'circle_concentration': 71.7, 'eligible_count': 8, 'bet_adj': 2, 'reason': 'rel_win1=52.5%（本命度） / 最有力組み合わせ確率: 0.071（推定実オッズ?19倍） / 2着集中度: 上位2艇 71.7%（補正+0.04） / 総合判定確率: 0.111 / → ヒモ分散。1号艇1着固定で広めのヒモ流し推奨（買い目+2点）', 'tenji_trigger': '展示確認: ヒモ分散レース。1号艇伸び確認後、広めのヒモ流しを採用。穴ヒモ（5・6号艇）を積極的に含める。\n展示で1号艇スタート超安定(0.134秒)→ヒモ固まり方向に注意'}",,,28.4,逃げ狙い,21.55,26.2,3,,,,,0,0,0.7559,0,,逃げ軸流し,A
2025-08-21,丸亀,12,2,谷口佳蓮,B1,38.82,2,△,10.9437,33.8,100,50,0.158,3.8,,,0,低,45,0,-,431 55,0,33.2,0.8148,0,0.1176,0,0,0,0.1091,0,0.2727,,,C,,,0.0866,0.5715,,0.5349,A,78,0,◎-○軸 3着3〜4艇流し（10〜15点）,0.5777,"{'is_target': True, 'verdict': '参加推奨', 'max_combo_prob': 0.0708, 'est_top_odds': 18.8, 'circle_concentration': 71.7, 'eligible_count': 8, 'bet_adj': 2, 'reason': 'rel_win1=52.5%（本命度） / 最有力組み合わせ確率: 0.071（推定実オッズ?19倍） / 2着集中度: 上位2艇 71.7%（補正+0.04） / 総合判定確率: 0.111 / → ヒモ分散。1号艇1着固定で広めのヒモ流し推奨（買い目+2点）', 'tenji_trigger': '展示確認: ヒモ分散レース。1号艇伸び確認後、広めのヒモ流しを採用。穴ヒモ（5・6号艇）を積極的に含める。\n展示で1号艇スタート超安定(0.134秒)→ヒモ固まり方向に注意'}",,,28.4,逃げ狙い,21.55,26.2,3,,,,,,,,,,,
2025-08-21,丸亀,12,3,中村桃佳,B1,39.25,3,○,14.4362,38,69,56,0.1196,2.24,,,0,低,41,0,ま0%,1 364,0,33.3,0.871,0,0.05,0.1,0,0.05,0.0471,0.0706,0.2706,,◎,B,○,,0.3678,0.6205,,0.5349,A,78,0,◎-○軸 3着3〜4艇流し（10〜15点）,0.5777,"{'is_target': True, 'verdict': '参加推奨', 'max_combo_prob': 0.0708, 'est_top_odds': 18.8, 'circle_concentration': 71.7, 'eligible_count': 8, 'bet_adj': 2, 'reason': 'rel_win1=52.5%（本命度） / 最有力組み合わせ確率: 0.071（推定実オッズ?19倍） / 2着集中度: 上位2艇 71.7%（補正+0.04） / 総合判定確率: 0.111 / → ヒモ分散。1号艇1着固定で広めのヒモ流し推奨（買い目+2点）', 'tenji_trigger': '展示確認: ヒモ分散レース。1号艇伸び確認後、広めのヒモ流しを採用。穴ヒモ（5・6号艇）を積極的に含める。\n展示で1号艇スタート超安定(0.134秒)→ヒモ固まり方向に注意'}",,,28.4,逃げ狙い,21.55,26.2,3,,,,,,,,,,,
2025-08-21,丸亀,12,4,門田　栞,B1,34.39,4,,7.2664,13.6,78,42.9,0.15,3.5714,,,0,低,76,0,差ま0%,156 21,0,30.5,0.7306,0,0,0,0.0667,0,0.2308,0.3077,0,,,C,,,0.2269,0.5145,,0.5349,A,78,0,◎-○軸 3着3〜4艇流し（10〜15点）,0.5777,"{'is_target': True, 'verdict': '参加推奨', 'max_combo_prob': 0.0708, 'est_top_odds': 18.8, 'circle_concentration': 71.7, 'eligible_count': 8, 'bet_adj': 2, 'reason': 'rel_win1=52.5%（本命度） / 最有力組み合わせ確率: 0.071（推定実オッズ?19倍） / 2着集中度: 上位2艇 71.7%（補正+0.04） / 総合判定確率: 0.111 / → ヒモ分散。1号艇1着固定で広めのヒモ流し推奨（買い目+2点）', 'tenji_trigger': '展示確認: ヒモ分散レース。1号艇伸び確認後、広めのヒモ流しを採用。穴ヒモ（5・6号艇）を積極的に含める。\n展示で1号艇スタート超安定(0.134秒)→ヒモ固まり方向に注意'}",,,28.4,逃げ狙い,21.55,26.2,3,,,,,,,,,,,
2025-08-21,丸亀,12,5,平高奈菜,A1,46.98,5,▲,13.9296,13.2,90,66.7,0.1447,2.9667,,,0,低,46,0,-,2 2254,0,67.1,1.2626,0,0,0,0.1429,0,0.2,0,0.1333,,,A,◎,◎,0.2745,0.6215,0.433,0.5349,A,78,0,◎-○軸 3着3〜4艇流し（10〜15点）,0.5777,"{'is_target': True, 'verdict': '参加推奨', 'max_combo_prob': 0.0708, 'est_top_odds': 18.8, 'circle_concentration': 71.7, 'eligible_count': 8, 'bet_adj': 2, 'reason': 'rel_win1=52.5%（本命度） / 最有力組み合わせ確率: 0.071（推定実オッズ?19倍） / 2着集中度: 上位2艇 71.7%（補正+0.04） / 総合判定確率: 0.111 / → ヒモ分散。1号艇1着固定で広めのヒモ流し推奨（買い目+2点）', 'tenji_trigger': '展示確認: ヒモ分散レース。1号艇伸び確認後、広めのヒモ流しを採用。穴ヒモ（5・6号艇）を積極的に含める。\n展示で1号艇スタート超安定(0.134秒)→ヒモ固まり方向に注意'}",,,28.4,逃げ狙い,21.55,26.2,3,,,,,,,,,,,
2025-08-21,丸亀,12,6,三嶌さら,B1,31.42,6,,0.9536,1.6,13,3,0.1863,4.0152,,,0,低,82,0,-,463 46,0,23,0.6086,,,,,,0,0.25,0,,,D,△,,0.1441,0.576,,0.5349,A,78,0,◎-○軸 3着3〜4艇流し（10〜15点）,0.5777,"{'is_target': True, 'verdict': '参加推奨', 'max_combo_prob': 0.0708, 'est_top_odds': 18.8, 'circle_concentration': 71.7, 'eligible_count': 8, 'bet_adj': 2, 'reason': 'rel_win1=52.5%（本命度） / 最有力組み合わせ確率: 0.071（推定実オッズ?19倍） / 2着集中度: 上位2艇 71.7%（補正+0.04） / 総合判定確率: 0.111 / → ヒモ分散。1号艇1着固定で広めのヒモ流し推奨（買い目+2点）', 'tenji_trigger': '展示確認: ヒモ分散レース。1号艇伸び確認後、広めのヒモ流しを採用。穴ヒモ（5・6号艇）を積極的に含める。\n展示で1号艇スタート超安定(0.134秒)→ヒモ固まり方向に注意'}",,,28.4,逃げ狙い,21.55,26.2,3,,,,,,,,,,,
2025-08-22,丸亀,1,1,上田隆章,B1,36.84,1,◎,61.7301,,0,72,0.1642,3.81,,,0,低,192,0,逃0%,1 656,0,90.3,1.3306,0.35,,,,,0.3,0.22,0.1,○,,C,△,,,0.5515,,0.3803,A,65,0,◎-○軸 3着3〜4艇流し（10〜15点）,0.5777,"{'is_target': True, 'verdict': '点数絞り', 'max_combo_prob': 0.112, 'est_top_odds': 11.9, 'circle_concentration': 83.3, 'eligible_count': 8, 'bet_adj': 0, 'reason': 'rel_win1=61.7%（本命度） / 最有力組み合わせ確率: 0.112（推定実オッズ?12倍） / 2着集中度: 上位2艇 83.3%（補正+0.04） / 総合判定確率: 0.152 / → ヒモはやや固め。上位2艇以外を切ること', 'tenji_trigger': '展示確認: 1号艇伸び良→そのまま採用。悪→飛び組に差し替え。circle_pct上位2艇に絞り込むこと。'}",,,29.5,逃げ狙い,10.69,38.7,2,,,,,0,0,0.6155,0,,逃げ軸流し,A
2025-08-22,丸亀,1,2,大西隆洋,B1,33.48,2,,9.271,42.5,87,35,0.1812,4.0833,,,0,低,103,0,抜0%,6 245,0,32.3,0.7319,0,0,0,0,0.0435,0.3077,0.0769,0.3077,,,D,◎,,0.2025,0.6055,,0.3803,A,65,0,◎-○軸 3着3〜4艇流し（10〜15点）,0.5777,"{'is_target': True, 'verdict': '点数絞り', 'max_combo_prob': 0.112, 'est_top_odds': 11.9, 'circle_concentration': 83.3, 'eligible_count': 8, 'bet_adj': 0, 'reason': 'rel_win1=61.7%（本命度） / 最有力組み合わせ確率: 0.112（推定実オッズ?12倍） / 2着集中度: 上位2艇 83.3%（補正+0.04） / 総合判定確率: 0.152 / → ヒモはやや固め。上位2艇以外を切ること', 'tenji_trigger': '展示確認: 1号艇伸び良→そのまま採用。悪→飛び組に差し替え。circle_pct上位2艇に絞り込むこと。'}",,,29.5,逃げ狙い,10.69,38.7,2,,,,,,,,,,,
2025-08-22,丸亀,1,3,川上清人,B1,37.67,3,○,10.4828,40.9,100,49.1,0.1642,3.7273,,,0,低,150,0,-,555 46,0,21,0.6492,0,0,0.0952,0,0,0.3733,0.0381,0.1962,,,B,△,,0.3335,0.595,,0.3803,A,65,0,◎-○軸 3着3〜4艇流し（10〜15点）,0.5777,"{'is_target': True, 'verdict': '点数絞り', 'max_combo_prob': 0.112, 'est_top_odds': 11.9, 'circle_concentration': 83.3, 'eligible_count': 8, 'bet_adj': 0, 'reason': 'rel_win1=61.7%（本命度） / 最有力組み合わせ確率: 0.112（推定実オッズ?12倍） / 2着集中度: 上位2艇 83.3%（補正+0.04） / 総合判定確率: 0.152 / → ヒモはやや固め。上位2艇以外を切ること', 'tenji_trigger': '展示確認: 1号艇伸び良→そのまま採用。悪→飛び組に差し替え。circle_pct上位2艇に絞り込むこと。'}",,,29.5,逃げ狙い,10.69,38.7,2,,,,,,,,,,,
2025-08-22,丸亀,1,4,大廣咲季,B1,34.82,4,▲,11.3912,9.9,50,17.3,0.1679,3.5481,,,0,低,81,0,-,266 66,0,100,3.4155,0,0,0.1053,0,0,0.3333,0.3333,0,,,C,,,0.3241,0.543,,0.3803,A,65,0,◎-○軸 3着3〜4艇流し（10〜15点）,0.5777,"{'is_target': True, 'verdict': '点数絞り', 'max_combo_prob': 0.112, 'est_top_odds': 11.9, 'circle_concentration': 83.3, 'eligible_count': 8, 'bet_adj': 0, 'reason': 'rel_win1=61.7%（本命度） / 最有力組み合わせ確率: 0.112（推定実オッズ?12倍） / 2着集中度: 上位2艇 83.3%（補正+0.04） / 総合判定確率: 0.152 / → ヒモはやや固め。上位2艇以外を切ること', 'tenji_trigger': '展示確認: 1号艇伸び良→そのまま採用。悪→飛び組に差し替え。circle_pct上位2艇に絞り込むこと。'}",,,29.5,逃げ狙い,10.69,38.7,2,,,,,,,,,,,
2025-08-22,丸亀,1,5,嶋田貴支,B1,34.10,5,,5.7288,5.1,52,21.1,0.1765,3.7885,,,0,低,134,0,差ま0%,6 251,0,30.6,0.7407,0,0.037,0,0.037,0,0.0174,0.0522,0.1174,,,D,○,,0.2746,0.6045,,0.3803,A,65,0,◎-○軸 3着3〜4艇流し（10〜15点）,0.5777,"{'is_target': True, 'verdict': '点数絞り', 'max_combo_prob': 0.112, 'est_top_odds': 11.9, 'circle_concentration': 83.3, 'eligible_count': 8, 'bet_adj': 0, 'reason': 'rel_win1=61.7%（本命度） / 最有力組み合わせ確率: 0.112（推定実オッズ?12倍） / 2着集中度: 上位2艇 83.3%（補正+0.04） / 総合判定確率: 0.152 / → ヒモはやや固め。上位2艇以外を切ること', 'tenji_trigger': '展示確認: 1号艇伸び良→そのまま採用。悪→飛び組に差し替え。circle_pct上位2艇に絞り込むこと。'}",,,29.5,逃げ狙い,10.69,38.7,2,,,,,,,,,,,
2025-08-22,丸亀,1,6,西岡蒼志,B1,39.21,6,△,1.3962,1.7,32,10.1,0.1935,4.2563,,,0,低,79,0,-,3 263,0,100,3.0822,,,,,,0,0.27,0,,,B,,,0.2535,0.528,,0.3803,A,65,0,◎-○軸 3着3〜4艇流し（10〜15点）,0.5777,"{'is_target': True, 'verdict': '点数絞り', 'max_combo_prob': 0.112, 'est_top_odds': 11.9, 'circle_concentration': 83.3, 'eligible_count': 8, 'bet_adj': 0, 'reason': 'rel_win1=61.7%（本命度） / 最有力組み合わせ確率: 0.112（推定実オッズ?12倍） / 2着集中度: 上位2艇 83.3%（補正+0.04） / 総合判定確率: 0.152 / → ヒモはやや固め。上位2艇以外を切ること', 'tenji_trigger': '展示確認: 1号艇伸び良→そのまま採用。悪→飛び組に差し替え。circle_pct上位2艇に絞り込むこと。'}",,,29.5,逃げ狙い,10.69,38.7,2,,,,,,,,,,,
2025-08-22,丸亀,2,1,妻鳥晋也,B1,31.74,1,◎,56.678,,0,71,0.1787,4.3947,,,0,低,151,0,逃0%,1 163,0,50.8,0.8796,0.25,,,,,0.25,0.21,0.23,,,D,△,,,0.601,,0.1838,A,70,0,◎-○軸 3着3〜4艇流し（10〜15点）,0.5777,"{'is_target': True, 'verdict': '参加推奨', 'max_combo_prob': 0.0876, 'est_top_odds': 15.2, 'circle_concentration': 64.7, 'eligible_count': 8, 'bet_adj': 2, 'reason': 'rel_win1=56.7%（本命度） / 最有力組み合わせ確率: 0.088（推定実オッズ?15倍） / 2着集中度: 上位2艇 64.7%（補正+0.00） / 総合判定確率: 0.088 / → ヒモ分散。1号艇1着固定で広めのヒモ流し推奨（買い目+2点）', 'tenji_trigger': '展示確認: ヒモ分散レース。1号艇伸び確認後、広めのヒモ流しを採用。穴ヒモ（5・6号艇）を積極的に含める。'}",,,27.4,逃げ狙い,4.7,37.8,2,2-1-3|2-1-4|2-1-5|2-3-1|2-5-1|2-3-4|2-5-3|1-2-4|1-3-2|1-2-3|1-3-4,2-1-3|2-1-4|2-1-5|2-3-1|2-5-1|2-3-4|2-5-3|1-2-4|1-3-2|6-1-4|1-2-3|1-3-4,2-1-3:2.37%|2-1-4:1.97%|2-1-5:1.29%|2-3-1:0.78%|2-5-1:0.48%|2-3-4:0.12%|2-5-3:0.09%|1-2-4:4.28%|1-3-2:4.24%|1-2-3:3.92%|1-3-4:3.88%,2-1-3:B_main|2-1-4:B_main|2-1-5:B_main|2-3-1:B_main|2-5-1:B_main|2-3-4:B_main|2-5-3:B_main|1-2-4:A|1-3-2:A|1-2-3:A|1-3-4:A,11,12,0.2915,1,[!]見送り推奨（主役決まり手「差し」― 逃げ劣勢レースで的中実績なし）,主役軸流し,B
2025-08-22,丸亀,2,2,松下知幸,B1,32.30,2,△,13.1127,29.2,100,48,0.1509,3.1753,,,0,低,152,0,差0%,3 156,0,50.8,1.1266,0,0.0909,0.0303,0,0,0.2152,0.1581,0.1962,,◎,D,,,0.6057,0.5965,,0.1838,A,70,0,◎-○軸 3着3〜4艇流し（10〜15点）,0.5777,"{'is_target': True, 'verdict': '参加推奨', 'max_combo_prob': 0.0876, 'est_top_odds': 15.2, 'circle_concentration': 64.7, 'eligible_count': 8, 'bet_adj': 2, 'reason': 'rel_win1=56.7%（本命度） / 最有力組み合わせ確率: 0.088（推定実オッズ?15倍） / 2着集中度: 上位2艇 64.7%（補正+0.00） / 総合判定確率: 0.088 / → ヒモ分散。1号艇1着固定で広めのヒモ流し推奨（買い目+2点）', 'tenji_trigger': '展示確認: ヒモ分散レース。1号艇伸び確認後、広めのヒモ流しを採用。穴ヒモ（5・6号艇）を積極的に含める。'}",,,27.4,逃げ狙い,4.7,37.8,2,,,,,,,,,,,
2025-08-22,丸亀,2,3,下田哲也,B1,36.00,3,▲,12.2963,35.6,82,53.4,0.1543,3.4138,,,0,低,104,0,差ま0%,245 45,0,29.1,0.816,0,0,0,0.0526,0,0.3333,0.1667,0.25,,○,C,△,,0.4427,0.615,,0.1838,A,70,0,◎-○軸 3着3〜4艇流し（10〜15点）,0.5777,"{'is_target': True, 'verdict': '参加推奨', 'max_combo_prob': 0.0876, 'est_top_odds': 15.2, 'circle_concentration': 64.7, 'eligible_count': 8, 'bet_adj': 2, 'reason': 'rel_win1=56.7%（本命度） / 最有力組み合わせ確率: 0.088（推定実オッズ?15倍） / 2着集中度: 上位2艇 64.7%（補正+0.00） / 総合判定確率: 0.088 / → ヒモ分散。1号艇1着固定で広めのヒモ流し推奨（買い目+2点）', 'tenji_trigger': '展示確認: ヒモ分散レース。1号艇伸び確認後、広めのヒモ流しを採用。穴ヒモ（5・6号艇）を積極的に含める。'}",,,27.4,逃げ狙い,4.7,37.8,2,,,,,,,,,,,
2025-08-22,丸亀,2,4,中岡健人,B2,39.01,4,○,10.4636,17.3,54,35.6,0.1754,3.5932,,,0,低,104,0,-,644 54,0,100,1.9932,0,0,0.0312,0,0,0.28,0.164,0.196,,,B,◎,,0.3274,0.635,,0.1838,A,70,0,◎-○軸 3着3〜4艇流し（10〜15点）,0.5777,"{'is_target': True, 'verdict': '参加推奨', 'max_combo_prob': 0.0876, 'est_top_odds': 15.2, 'circle_concentration': 64.7, 'eligible_count': 8, 'bet_adj': 2, 'reason': 'rel_win1=56.7%（本命度） / 最有力組み合わせ確率: 0.088（推定実オッズ?15倍） / 2着集中度: 上位2艇 64.7%（補正+0.00） / 総合判定確率: 0.088 / → ヒモ分散。1号艇1着固定で広めのヒモ流し推奨（買い目+2点）', 'tenji_trigger': '展示確認: ヒモ分散レース。1号艇伸び確認後、広めのヒモ流しを採用。穴ヒモ（5・6号艇）を積極的に含める。'}",,,27.4,逃げ狙い,4.7,37.8,2,,,,,,,,,,,
2025-08-22,丸亀,2,5,松尾　祭,A2,42.73,5,,5.9152,16.2,65,40.7,0.1924,4.3559,,,0,低,144,0,差ま0%,3 4355,0,45.4,1.0517,0,0,0,0.0385,0,0.1086,0.0654,0.2501,,,B,○,,0.2713,0.6215,,0.1838,A,70,0,◎-○軸 3着3〜4艇流し（10〜15点）,0.5777,"{'is_target': True, 'verdict': '参加推奨', 'max_combo_prob': 0.0876, 'est_top_odds': 15.2, 'circle_concentration': 64.7, 'eligible_count': 8, 'bet_adj': 2, 'reason': 'rel_win1=56.7%（本命度） / 最有力組み合わせ確率: 0.088（推定実オッズ?15倍） / 2着集中度: 上位2艇 64.7%（補正+0.00） / 総合判定確率: 0.088 / → ヒモ分散。1号艇1着固定で広めのヒモ流し推奨（買い目+2点）', 'tenji_trigger': '展示確認: ヒモ分散レース。1号艇伸び確認後、広めのヒモ流しを採用。穴ヒモ（5・6号艇）を積極的に含める。'}",,,27.4,逃げ狙い,4.7,37.8,2,,,,,,,,,,,
2025-08-22,丸亀,2,6,三嶌さら,B1,31.42,6,,1.5342,1.8,11,3,0.1863,4.0152,,,0,低,82,0,-,463 46,0,24.8,0.5908,,,,,,0,0.25,0,,,E,,,0.3211,0.576,,0.1838,A,70,0,◎-○軸 3着3〜4艇流し（10〜15点）,0.5777,"{'is_target': True, 'verdict': '参加推奨', 'max_combo_prob': 0.0876, 'est_top_odds': 15.2, 'circle_concentration': 64.7, 'eligible_count': 8, 'bet_adj': 2, 'reason': 'rel_win1=56.7%（本命度） / 最有力組み合わせ確率: 0.088（推定実オッズ?15倍） / 2着集中度: 上位2艇 64.7%（補正+0.00） / 総合判定確率: 0.088 / → ヒモ分散。1号艇1着固定で広めのヒモ流し推奨（買い目+2点）', 'tenji_trigger': '展示確認: ヒモ分散レース。1号艇伸び確認後、広めのヒモ流しを採用。穴ヒモ（5・6号艇）を積極的に含める。'}",,,27.4,逃げ狙い,4.7,37.8,2,,,,,,,,,,,
2025-08-22,丸亀,3,1,木谷賢太,A2,27.06,1,◎,53.4336,,0,90,0.1334,2.6357,,,0,低,107,0,逃1%,2 5226,0,78.5,1.0579,0.7429,,,,,0.0343,0.0114,0.1957,◎,,E,◎,,,0.663,,0.649,S,89,0,◎1着固定 2-3着流し（5〜8点）,0.5777,"{'is_target': True, 'verdict': '参加推奨', 'max_combo_prob': 0.076, 'est_top_odds': 17.5, 'circle_concentration': 76.9, 'eligible_count': 6, 'bet_adj': 2, 'reason': 'rel_win1=53.4%（本命度） / 最有力組み合わせ確率: 0.076（推定実オッズ?18倍） / 2着集中度: 上位2艇 76.9%（補正+0.04） / 総合判定確率: 0.116 / → ヒモ分散。1号艇1着固定で広めのヒモ流し推奨（買い目+2点）', 'tenji_trigger': '展示確認: ヒモ分散レース。1号艇伸び確認後、広めのヒモ流しを採用。穴ヒモ（5・6号艇）を積極的に含める。\n展示で1号艇スタート超安定(0.133秒)→ヒモ固まり方向に注意'}",,,25.3,逃げ狙い,12.61,25.1,2,,,,,0,0,0.7559,0,,逃げ軸流し,A
2025-08-22,丸亀,3,2,田頭虎親,B1,40.45,2,○,20.3957,50.3,85,69.6,0.1607,3.4348,,,0,低,121,0,差0% ま0%,653 65,0,42,0.9933,0,0.2174,0.0435,0,0,0.1,0.375,0.025,,,B,△,,0.0976,0.5945,,0.649,S,89,0,◎1着固定 2-3着流し（5〜8点）,0.5777,"{'is_target': True, 'verdict': '参加推奨', 'max_combo_prob': 0.076, 'est_top_odds': 17.5, 'circle_concentration': 76.9, 'eligible_count': 6, 'bet_adj': 2, 'reason': 'rel_win1=53.4%（本命度） / 最有力組み合わせ確率: 0.076（推定実オッズ?18倍） / 2着集中度: 上位2艇 76.9%（補正+0.04） / 総合判定確率: 0.116 / → ヒモ分散。1号艇1着固定で広めのヒモ流し推奨（買い目+2点）', 'tenji_trigger': '展示確認: ヒモ分散レース。1号艇伸び確認後、広めのヒモ流しを採用。穴ヒモ（5・6号艇）を積極的に含める。\n展示で1号艇スタート超安定(0.133秒)→ヒモ固まり方向に注意'}",,,25.3,逃げ狙い,12.61,25.1,2,,,,,,,,,,,
2025-08-22,丸亀,3,3,三嶌ここ,B1,38.50,3,△,11.5756,26.5,96,41.2,0.1953,4.4412,,,0,低,114,0,ま0%,1 564,0,80.8,1.1858,0,0,0.0588,0,0,0.0571,0.0571,0.3143,,,C,,,0.1075,0.553,,0.649,S,89,0,◎1着固定 2-3着流し（5〜8点）,0.5777,"{'is_target': True, 'verdict': '参加推奨', 'max_combo_prob': 0.076, 'est_top_odds': 17.5, 'circle_concentration': 76.9, 'eligible_count': 6, 'bet_adj': 2, 'reason': 'rel_win1=53.4%（本命度） / 最有力組み合わせ確率: 0.076（推定実オッズ?18倍） / 2着集中度: 上位2艇 76.9%（補正+0.04） / 総合判定確率: 0.116 / → ヒモ分散。1号艇1着固定で広めのヒモ流し推奨（買い目+2点）', 'tenji_trigger': '展示確認: ヒモ分散レース。1号艇伸び確認後、広めのヒモ流しを採用。穴ヒモ（5・6号艇）を積極的に含める。\n展示で1号艇スタート超安定(0.133秒)→ヒモ固まり方向に注意'}",,,25.3,逃げ狙い,12.61,25.1,2,,,,,,,,,,,
2025-08-22,丸亀,3,4,谷口佳蓮,B1,38.82,4,▲,8.9889,10.1,72,10,0.1585,3.1,,,0,低,45,0,-,431 55,0,25.8,0.737,0,0,0,0.0769,0,0.1091,0,0.2727,,,B,△,,0.1954,0.5715,,0.649,S,89,0,◎1着固定 2-3着流し（5〜8点）,0.5777,"{'is_target': True, 'verdict': '参加推奨', 'max_combo_prob': 0.076, 'est_top_odds': 17.5, 'circle_concentration': 76.9, 'eligible_count': 6, 'bet_adj': 2, 'reason': 'rel_win1=53.4%（本命度） / 最有力組み合わせ確率: 0.076（推定実オッズ?18倍） / 2着集中度: 上位2艇 76.9%（補正+0.04） / 総合判定確率: 0.116 / → ヒモ分散。1号艇1着固定で広めのヒモ流し推奨（買い目+2点）', 'tenji_trigger': '展示確認: ヒモ分散レース。1号艇伸び確認後、広めのヒモ流しを採用。穴ヒモ（5・6号艇）を積極的に含める。\n展示で1号艇スタート超安定(0.133秒)→ヒモ固まり方向に注意'}",,,25.3,逃げ狙い,12.61,25.1,2,,,,,,,,,,,
2025-08-22,丸亀,3,5,越智照浩,B2,31.98,5,,4.5719,10.2,86,19.6,0.1931,4.1176,,,0,低,133,0,-,6 556,0,40.9,1.5186,0,0.0357,0,0,0,0.2,0.35,0.05,,,D,,,0.1053,0.563,,0.649,S,89,0,◎1着固定 2-3着流し（5〜8点）,0.5777,"{'is_target': True, 'verdict': '参加推奨', 'max_combo_prob': 0.076, 'est_top_odds': 17.5, 'circle_concentration': 76.9, 'eligible_count': 6, 'bet_adj': 2, 'reason': 'rel_win1=53.4%（本命度） / 最有力組み合わせ確率: 0.076（推定実オッズ?18倍） / 2着集中度: 上位2艇 76.9%（補正+0.04） / 総合判定確率: 0.116 / → ヒモ分散。1号艇1着固定で広めのヒモ流し推奨（買い目+2点）', 'tenji_trigger': '展示確認: ヒモ分散レース。1号艇伸び確認後、広めのヒモ流しを採用。穴ヒモ（5・6号艇）を積極的に含める。\n展示で1号艇スタート超安定(0.133秒)→ヒモ固まり方向に注意'}",,,25.3,逃げ狙い,12.61,25.1,2,,,,,,,,,,,
2025-08-22,丸亀,3,6,宮崎　奨,A2,29.78,6,,1.0343,2.8,100,29,0.1816,4.4032,,,0,低,134,0,-,16352,0,88.7,1.6839,,,,,,0.0343,0.1571,0.2686,,,D,○,,0.1606,0.658,,0.649,S,89,0,◎1着固定 2-3着流し（5〜8点）,0.5777,"{'is_target': True, 'verdict': '参加推奨', 'max_combo_prob': 0.076, 'est_top_odds': 17.5, 'circle_concentration': 76.9, 'eligible_count': 6, 'bet_adj': 2, 'reason': 'rel_win1=53.4%（本命度） / 最有力組み合わせ確率: 0.076（推定実オッズ?18倍） / 2着集中度: 上位2艇 76.9%（補正+0.04） / 総合判定確率: 0.116 / → ヒモ分散。1号艇1着固定で広めのヒモ流し推奨（買い目+2点）', 'tenji_trigger': '展示確認: ヒモ分散レース。1号艇伸び確認後、広めのヒモ流しを採用。穴ヒモ（5・6号艇）を積極的に含める。\n展示で1号艇スタート超安定(0.133秒)→ヒモ固まり方向に注意'}",,,25.3,逃げ狙い,12.61,25.1,2,,,,,,,,,,,
2025-08-22,丸亀,4,1,嶋　義信,A2,40.74,1,◎,56.2705,,0,85.7,0.1239,2.5,,,0,低,90,0,逃1%,143 23,0,67.5,1.0501,0.5312,,,,,0.125,0.15,0.1875,◎,,B,△,,,0.632,,0.6641,S,100,0,◎1着固定 2-3着流し（5〜8点）,0.5777,"{'is_target': True, 'verdict': '参加推奨', 'max_combo_prob': 0.0738, 'est_top_odds': 18.1, 'circle_concentration': 67.5, 'eligible_count': 6, 'bet_adj': 2, 'reason': 'rel_win1=56.3%（本命度） / 最有力組み合わせ確率: 0.074（推定実オッズ?18倍） / 2着集中度: 上位2艇 67.5%（補正+0.00） / 総合判定確率: 0.074 / → ヒモ分散。1号艇1着固定で広めのヒモ流し推奨（買い目+2点）', 'tenji_trigger': '展示確認: ヒモ分散レース。1号艇伸び確認後、広めのヒモ流しを採用。穴ヒモ（5・6号艇）を積極的に含める。\n展示で1号艇スタート超安定(0.124秒)→ヒモ固まり方向に注意'}",,,28.5,逃げ狙い,16.35,30.8,4,,,,,0,0,0.7559,0,,逃げ軸流し,A
2025-08-22,丸亀,4,2,門田　栞,B1,34.39,2,▲,9.629,43.7,64,44.1,0.1668,3.6765,,,0,低,76,0,-,156 21,0,97.9,1.9088,,,,,,0.2308,0.3077,0,,,C,,,0.0963,0.5145,,0.6641,S,100,0,◎1着固定 2-3着流し（5〜8点）,0.5777,"{'is_target': True, 'verdict': '参加推奨', 'max_combo_prob': 0.0738, 'est_top_odds': 18.1, 'circle_concentration': 67.5, 'eligible_count': 6, 'bet_adj': 2, 'reason': 'rel_win1=56.3%（本命度） / 最有力組み合わせ確率: 0.074（推定実オッズ?18倍） / 2着集中度: 上位2艇 67.5%（補正+0.00） / 総合判定確率: 0.074 / → ヒモ分散。1号艇1着固定で広めのヒモ流し推奨（買い目+2点）', 'tenji_trigger': '展示確認: ヒモ分散レース。1号艇伸び確認後、広めのヒモ流しを採用。穴ヒモ（5・6号艇）を積極的に含める。\n展示で1号艇スタート超安定(0.124秒)→ヒモ固まり方向に注意'}",,,28.5,逃げ狙い,16.35,30.8,4,,,,,,,,,,,
2025-08-22,丸亀,4,3,木村光宏,B1,32.14,3,△,12.7455,23.8,100,53.1,0.1851,3.602,,,0,低,99,0,差0% ま0%,461 36,0,26.9,0.9713,0,0.0385,0.0385,0,0,0.3952,0.3571,0.0571,,,C,○,,0.1279,0.6335,,0.6641,S,100,0,◎1着固定 2-3着流し（5〜8点）,0.5777,"{'is_target': True, 'verdict': '参加推奨', 'max_combo_prob': 0.0738, 'est_top_odds': 18.1, 'circle_concentration': 67.5, 'eligible_count': 6, 'bet_adj': 2, 'reason': 'rel_win1=56.3%（本命度） / 最有力組み合わせ確率: 0.074（推定実オッズ?18倍） / 2着集中度: 上位2艇 67.5%（補正+0.00） / 総合判定確率: 0.074 / → ヒモ分散。1号艇1着固定で広めのヒモ流し推奨（買い目+2点）', 'tenji_trigger': '展示確認: ヒモ分散レース。1号艇伸び確認後、広めのヒモ流しを採用。穴ヒモ（5・6号艇）を積極的に含める。\n展示で1号艇スタート超安定(0.124秒)→ヒモ固まり方向に注意'}",,,28.5,逃げ狙い,16.35,30.8,4,,,,,,,,,,,
2025-08-22,丸亀,4,4,水谷理人,B1,38.36,4,○,16.2089,20,94,55,0.169,3.075,,,0,低,64,0,-,5 622,0,48.2,1.013,0,0,0.1,0,0.05,0.0533,0.28,0.0267,,,B,,◎,0.153,0.569,0.2965,0.6641,S,100,0,◎1着固定 2-3着流し（5〜8点）,0.5777,"{'is_target': True, 'verdict': '参加推奨', 'max_combo_prob': 0.0738, 'est_top_odds': 18.1, 'circle_concentration': 67.5, 'eligible_count': 6, 'bet_adj': 2, 'reason': 'rel_win1=56.3%（本命度） / 最有力組み合わせ確率: 0.074（推定実オッズ?18倍） / 2着集中度: 上位2艇 67.5%（補正+0.00） / 総合判定確率: 0.074 / → ヒモ分散。1号艇1着固定で広めのヒモ流し推奨（買い目+2点）', 'tenji_trigger': '展示確認: ヒモ分散レース。1号艇伸び確認後、広めのヒモ流しを採用。穴ヒモ（5・6号艇）を積極的に含める。\n展示で1号艇スタート超安定(0.124秒)→ヒモ固まり方向に注意'}",,,28.5,逃げ狙い,16.35,30.8,4,,,,,,,,,,,
2025-08-22,丸亀,4,5,原村拓也,B1,31.22,5,,4.1081,3.4,69,30.9,0.1841,3.8382,,,0,低,159,0,-,2 635,0,41.7,1.1029,,,,,,0.3114,0.1257,0.02,,,D,△,,0.1585,0.5855,,0.6641,S,100,0,◎1着固定 2-3着流し（5〜8点）,0.5777,"{'is_target': True, 'verdict': '参加推奨', 'max_combo_prob': 0.0738, 'est_top_odds': 18.1, 'circle_concentration': 67.5, 'eligible_count': 6, 'bet_adj': 2, 'reason': 'rel_win1=56.3%（本命度） / 最有力組み合わせ確率: 0.074（推定実オッズ?18倍） / 2着集中度: 上位2艇 67.5%（補正+0.00） / 総合判定確率: 0.074 / → ヒモ分散。1号艇1着固定で広めのヒモ流し推奨（買い目+2点）', 'tenji_trigger': '展示確認: ヒモ分散レース。1号艇伸び確認後、広めのヒモ流しを採用。穴ヒモ（5・6号艇）を積極的に含める。\n展示で1号艇スタート超安定(0.124秒)→ヒモ固まり方向に注意'}",,,28.5,逃げ狙い,16.35,30.8,4,,,,,,,,,,,
2025-08-22,丸亀,4,6,中田元泰,A1,29.55,6,,1.038,9.1,70,33.3,0.1758,4.1146,,,0,低,90,0,-,544 14,0,89.5,1.91,,,,,,0.0323,0.1613,0,,,E,◎,,0.1674,0.685,,0.6641,S,100,0,◎1着固定 2-3着流し（5〜8点）,0.5777,"{'is_target': True, 'verdict': '参加推奨', 'max_combo_prob': 0.0738, 'est_top_odds': 18.1, 'circle_concentration': 67.5, 'eligible_count': 6, 'bet_adj': 2, 'reason': 'rel_win1=56.3%（本命度） / 最有力組み合わせ確率: 0.074（推定実オッズ?18倍） / 2着集中度: 上位2艇 67.5%（補正+0.00） / 総合判定確率: 0.074 / → ヒモ分散。1号艇1着固定で広めのヒモ流し推奨（買い目+2点）', 'tenji_trigger': '展示確認: ヒモ分散レース。1号艇伸び確認後、広めのヒモ流しを採用。穴ヒモ（5・6号艇）を積極的に含める。\n展示で1号艇スタート超安定(0.124秒)→ヒモ固まり方向に注意'}",,,28.5,逃げ狙い,16.35,30.8,4,,,,,,,,,,,
2025-08-22,丸亀,5,1,古田祐貴,A2,33.18,1,◎,52.3194,,0,88.6,0.137,2.4643,,,0,低,105,0,逃1%,143 25,0,43.9,0.9459,0.4706,,,,,0.2088,0.1971,0.1338,◎,,C,△,,,0.6265,,0.5851,S,80,0,◎1着固定 2-3着流し（5〜8点）,0.5777,"{'is_target': True, 'verdict': '参加推奨', 'max_combo_prob': 0.0723, 'est_top_odds': 18.4, 'circle_concentration': 65.6, 'eligible_count': 6, 'bet_adj': 2, 'reason': 'rel_win1=52.3%（本命度） / 最有力組み合わせ確率: 0.072（推定実オッズ?18倍） / 2着集中度: 上位2艇 65.6%（補正+0.00） / 総合判定確率: 0.072 / → ヒモ分散。1号艇1着固定で広めのヒモ流し推奨（買い目+2点）', 'tenji_trigger': '展示確認: ヒモ分散レース。1号艇伸び確認後、広めのヒモ流しを採用。穴ヒモ（5・6号艇）を積極的に含める。\n展示で1号艇スタート超安定(0.137秒)→ヒモ固まり方向に注意'}",,,28.9,逃げ狙い,14.38,33.8,4,,,,,0,0,0.7559,0,,逃げ軸流し,A
2025-08-22,丸亀,5,2,吉永泰弘,B1,27.56,2,,7.2787,38.2,100,40.4,0.169,3.4615,,,0,低,137,0,-,356 14,0,88.2,1.8462,0,0.0476,0,0,0,0.2376,0.4541,0.0235,,,D,△,,0.0906,0.6525,,0.5851,S,80,0,◎1着固定 2-3着流し（5〜8点）,0.5777,"{'is_target': True, 'verdict': '参加推奨', 'max_combo_prob': 0.0723, 'est_top_odds': 18.4, 'circle_concentration': 65.6, 'eligible_count': 6, 'bet_adj': 2, 'reason': 'rel_win1=52.3%（本命度） / 最有力組み合わせ確率: 0.072（推定実オッズ?18倍） / 2着集中度: 上位2艇 65.6%（補正+0.00） / 総合判定確率: 0.072 / → ヒモ分散。1号艇1着固定で広めのヒモ流し推奨（買い目+2点）', 'tenji_trigger': '展示確認: ヒモ分散レース。1号艇伸び確認後、広めのヒモ流しを採用。穴ヒモ（5・6号艇）を積極的に含める。\n展示で1号艇スタート超安定(0.137秒)→ヒモ固まり方向に注意'}",,,28.9,逃げ狙い,14.38,33.8,4,,,,,,,,,,,
2025-08-22,丸亀,5,3,大西隆洋,B1,33.48,3,,7.3388,6.5,43,15.5,0.1947,4.181,,,0,低,103,0,-,6 245,0,100,4.6998,,,,,,0.3077,0.0769,0.3077,,,C,,,0.1683,0.6055,,0.5851,S,80,0,◎1着固定 2-3着流し（5〜8点）,0.5777,"{'is_target': True, 'verdict': '参加推奨', 'max_combo_prob': 0.0723, 'est_top_odds': 18.4, 'circle_concentration': 65.6, 'eligible_count': 6, 'bet_adj': 2, 'reason': 'rel_win1=52.3%（本命度） / 最有力組み合わせ確率: 0.072（推定実オッズ?18倍） / 2着集中度: 上位2艇 65.6%（補正+0.00） / 総合判定確率: 0.072 / → ヒモ分散。1号艇1着固定で広めのヒモ流し推奨（買い目+2点）', 'tenji_trigger': '展示確認: ヒモ分散レース。1号艇伸び確認後、広めのヒモ流しを採用。穴ヒモ（5・6号艇）を積極的に含める。\n展示で1号艇スタート超安定(0.137秒)→ヒモ固まり方向に注意'}",,,28.9,逃げ狙い,14.38,33.8,4,,,,,,,,,,,
2025-08-22,丸亀,5,4,西丸侑太,A2,33.48,4,▲,17.0742,27,81,58.8,0.1496,3.1373,,,0,低,100,0,ま0%,362 34,0,45.6,1.2877,0,0,0.08,0.04,0.08,0,0.1314,0.0429,,,C,,◎,0.2759,0.6105,0.3385,0.5851,S,80,0,◎1着固定 2-3着流し（5〜8点）,0.5777,"{'is_target': True, 'verdict': '参加推奨', 'max_combo_prob': 0.0723, 'est_top_odds': 18.4, 'circle_concentration': 65.6, 'eligible_count': 6, 'bet_adj': 2, 'reason': 'rel_win1=52.3%（本命度） / 最有力組み合わせ確率: 0.072（推定実オッズ?18倍） / 2着集中度: 上位2艇 65.6%（補正+0.00） / 総合判定確率: 0.072 / → ヒモ分散。1号艇1着固定で広めのヒモ流し推奨（買い目+2点）', 'tenji_trigger': '展示確認: ヒモ分散レース。1号艇伸び確認後、広めのヒモ流しを採用。穴ヒモ（5・6号艇）を積極的に含める。\n展示で1号艇スタート超安定(0.137秒)→ヒモ固まり方向に注意'}",,,28.9,逃げ狙い,14.38,33.8,4,,,,,,,,,,,
2025-08-22,丸亀,5,5,三嶌誠司,A1,39.82,5,○,14.7488,27.4,50,46.9,0.1516,3.1735,,,0,低,84,0,-,62451,0,38.5,1.1821,0,0,0,0.0417,0.0417,0.1235,0.1643,0.0959,,,B,◎,○,0.2654,0.669,0.3056,0.5851,S,80,0,◎1着固定 2-3着流し（5〜8点）,0.5777,"{'is_target': True, 'verdict': '参加推奨', 'max_combo_prob': 0.0723, 'est_top_odds': 18.4, 'circle_concentration': 65.6, 'eligible_count': 6, 'bet_adj': 2, 'reason': 'rel_win1=52.3%（本命度） / 最有力組み合わせ確率: 0.072（推定実オッズ?18倍） / 2着集中度: 上位2艇 65.6%（補正+0.00） / 総合判定確率: 0.072 / → ヒモ分散。1号艇1着固定で広めのヒモ流し推奨（買い目+2点）', 'tenji_trigger': '展示確認: ヒモ分散レース。1号艇伸び確認後、広めのヒモ流しを採用。穴ヒモ（5・6号艇）を積極的に含める。\n展示で1号艇スタート超安定(0.137秒)→ヒモ固まり方向に注意'}",,,28.9,逃げ狙い,14.38,33.8,4,,,,,,,,,,,
2025-08-22,丸亀,5,6,宮武英司,B1,44.34,6,△,1.2401,0.9,50,23.3,0.1781,4.1628,,,0,低,89,0,-,441 32,0,89.9,2.0011,,,,,,0.4889,0.0222,0.0222,,,A,○,,0.2125,0.658,,0.5851,S,80,0,◎1着固定 2-3着流し（5〜8点）,0.5777,"{'is_target': True, 'verdict': '参加推奨', 'max_combo_prob': 0.0723, 'est_top_odds': 18.4, 'circle_concentration': 65.6, 'eligible_count': 6, 'bet_adj': 2, 'reason': 'rel_win1=52.3%（本命度） / 最有力組み合わせ確率: 0.072（推定実オッズ?18倍） / 2着集中度: 上位2艇 65.6%（補正+0.00） / 総合判定確率: 0.072 / → ヒモ分散。1号艇1着固定で広めのヒモ流し推奨（買い目+2点）', 'tenji_trigger': '展示確認: ヒモ分散レース。1号艇伸び確認後、広めのヒモ流しを採用。穴ヒモ（5・6号艇）を積極的に含める。\n展示で1号艇スタート超安定(0.137秒)→ヒモ固まり方向に注意'}",,,28.9,逃げ狙い,14.38,33.8,4,,,,,,,,,,,
2025-08-22,丸亀,6,1,川原祐明,A1,36.24,1,◎,58.1627,,0,90.3,0.1744,3.5565,,,0,低,110,0,逃0% 抜0%,43315,0,76.6,1.2249,0.6897,,,,,0.0276,0.1014,0.0138,○,,C,△,,,0.6185,,0.4351,S,97,0,◎1着固定 2-3着流し（5〜8点）,0.5777,"{'is_target': True, 'verdict': '参加推奨', 'max_combo_prob': 0.1041, 'est_top_odds': 12.8, 'circle_concentration': 60.0, 'eligible_count': 6, 'bet_adj': 2, 'reason': 'rel_win1=58.2%（本命度） / 最有力組み合わせ確率: 0.104（推定実オッズ?13倍） / 2着集中度: 上位2艇 60.0%（補正+0.00） / 総合判定確率: 0.104 / → ヒモ分散。1号艇1着固定で広めのヒモ流し推奨（買い目+2点）', 'tenji_trigger': '展示確認: ヒモ分散レース。1号艇伸び確認後、広めのヒモ流しを採用。穴ヒモ（5・6号艇）を積極的に含める。'}",,,26.9,逃げ狙い,16.9,25.9,6,,,,,0,0,0.6155,0,,逃げ軸流し,A
2025-08-22,丸亀,6,2,嶋田貴支,B1,34.10,2,△,11.4677,16.1,100,47.6,0.1687,3.881,,,0,低,134,0,-,6 251,0,47.1,1.0167,0,0.037,0.0741,0,0,0.0174,0.0522,0.1174,,○,D,△,,0.3685,0.6045,,0.4351,S,97,0,◎1着固定 2-3着流し（5〜8点）,0.5777,"{'is_target': True, 'verdict': '参加推奨', 'max_combo_prob': 0.1041, 'est_top_odds': 12.8, 'circle_concentration': 60.0, 'eligible_count': 6, 'bet_adj': 2, 'reason': 'rel_win1=58.2%（本命度） / 最有力組み合わせ確率: 0.104（推定実オッズ?13倍） / 2着集中度: 上位2艇 60.0%（補正+0.00） / 総合判定確率: 0.104 / → ヒモ分散。1号艇1着固定で広めのヒモ流し推奨（買い目+2点）', 'tenji_trigger': '展示確認: ヒモ分散レース。1号艇伸び確認後、広めのヒモ流しを採用。穴ヒモ（5・6号艇）を積極的に含める。'}",,,26.9,逃げ狙い,16.9,25.9,6,,,,,,,,,,,
2025-08-22,丸亀,6,3,松尾　祭,A2,42.73,3,○,14.6284,41.7,88,68.8,0.1472,2.8689,,,0,低,144,0,-,3 4355,0,65.2,1.5975,0,0.0294,0.0294,0.0882,0,0.1086,0.0654,0.2501,,◎,B,○,,0.4328,0.6215,,0.4351,S,97,0,◎1着固定 2-3着流し（5〜8点）,0.5777,"{'is_target': True, 'verdict': '参加推奨', 'max_combo_prob': 0.1041, 'est_top_odds': 12.8, 'circle_concentration': 60.0, 'eligible_count': 6, 'bet_adj': 2, 'reason': 'rel_win1=58.2%（本命度） / 最有力組み合わせ確率: 0.104（推定実オッズ?13倍） / 2着集中度: 上位2艇 60.0%（補正+0.00） / 総合判定確率: 0.104 / → ヒモ分散。1号艇1着固定で広めのヒモ流し推奨（買い目+2点）', 'tenji_trigger': '展示確認: ヒモ分散レース。1号艇伸び確認後、広めのヒモ流しを採用。穴ヒモ（5・6号艇）を積極的に含める。'}",,,26.9,逃げ狙い,16.9,25.9,6,,,,,,,,,,,
2025-08-22,丸亀,6,4,上田隆章,B1,36.84,4,,5.5225,18.3,63,33.3,0.2132,4.8246,,,0,低,192,0,-,1 656,0,100,2.6551,0,0,0.0476,0,0,0.3,0.22,0.1,,,C,,,0.1363,0.5515,,0.4351,S,97,0,◎1着固定 2-3着流し（5〜8点）,0.5777,"{'is_target': True, 'verdict': '参加推奨', 'max_combo_prob': 0.1041, 'est_top_odds': 12.8, 'circle_concentration': 60.0, 'eligible_count': 6, 'bet_adj': 2, 'reason': 'rel_win1=58.2%（本命度） / 最有力組み合わせ確率: 0.104（推定実オッズ?13倍） / 2着集中度: 上位2艇 60.0%（補正+0.00） / 総合判定確率: 0.104 / → ヒモ分散。1号艇1着固定で広めのヒモ流し推奨（買い目+2点）', 'tenji_trigger': '展示確認: ヒモ分散レース。1号艇伸び確認後、広めのヒモ流しを採用。穴ヒモ（5・6号艇）を積極的に含める。'}",,,26.9,逃げ狙い,16.9,25.9,6,,,,,,,,,,,
2025-08-22,丸亀,6,5,塩田雄一,B1,32.29,5,,3.5847,11.5,33,27.9,0.1693,3.9262,,,0,低,147,0,-,5 456,0,45.3,1.1381,,,,,,0.4143,0.0952,0.2071,,,D,,,0.3293,0.5565,,0.4351,S,97,0,◎1着固定 2-3着流し（5〜8点）,0.5777,"{'is_target': True, 'verdict': '参加推奨', 'max_combo_prob': 0.1041, 'est_top_odds': 12.8, 'circle_concentration': 60.0, 'eligible_count': 6, 'bet_adj': 2, 'reason': 'rel_win1=58.2%（本命度） / 最有力組み合わせ確率: 0.104（推定実オッズ?13倍） / 2着集中度: 上位2艇 60.0%（補正+0.00） / 総合判定確率: 0.104 / → ヒモ分散。1号艇1着固定で広めのヒモ流し推奨（買い目+2点）', 'tenji_trigger': '展示確認: ヒモ分散レース。1号艇伸び確認後、広めのヒモ流しを採用。穴ヒモ（5・6号艇）を積極的に含める。'}",,,26.9,逃げ狙い,16.9,25.9,6,,,,,,,,,,,
2025-08-22,丸亀,6,6,重成一人,A1,37.17,6,▲,6.634,12.4,37,55.2,0.181,3.6034,,,0,低,51,0,抜0%,1 2423,0,31.6,1.2525,0,0.0909,0,0,0.0909,0.0533,0.2533,0.0133,,,C,◎,,0.269,0.6315,,0.4351,S,97,0,◎1着固定 2-3着流し（5〜8点）,0.5777,"{'is_target': True, 'verdict': '参加推奨', 'max_combo_prob': 0.1041, 'est_top_odds': 12.8, 'circle_concentration': 60.0, 'eligible_count': 6, 'bet_adj': 2, 'reason': 'rel_win1=58.2%（本命度） / 最有力組み合わせ確率: 0.104（推定実オッズ?13倍） / 2着集中度: 上位2艇 60.0%（補正+0.00） / 総合判定確率: 0.104 / → ヒモ分散。1号艇1着固定で広めのヒモ流し推奨（買い目+2点）', 'tenji_trigger': '展示確認: ヒモ分散レース。1号艇伸び確認後、広めのヒモ流しを採用。穴ヒモ（5・6号艇）を積極的に含める。'}",,,26.9,逃げ狙い,16.9,25.9,6,,,,,,,,,,,
2025-08-22,丸亀,7,1,秋山広一,A2,47.95,1,◎,65.873,,0,93.7,0.1343,2.5476,,,0,低,90,0,逃0%,25123,0,74.5,1.0349,0.72,,,,,0,0.168,0.168,◎,,A,○,,,0.651,,0.6097,S,96,0,◎1着固定 2-3着流し（5〜8点）,0.5777,"{'is_target': True, 'verdict': '点数絞り', 'max_combo_prob': 0.1635, 'est_top_odds': 8.2, 'circle_concentration': 74.9, 'eligible_count': 6, 'bet_adj': 0, 'reason': 'rel_win1=65.9%（本命度） / 最有力組み合わせ確率: 0.163（推定実オッズ?8倍） / 2着集中度: 上位2艇 74.9%（補正+0.04） / 総合判定確率: 0.203 / → ヒモはやや固め。上位2艇以外を切ること', 'tenji_trigger': '展示確認: 1号艇伸び良→そのまま採用。悪→飛び組に差し替え。circle_pct上位2艇に絞り込むこと。\n展示で1号艇スタート超安定(0.134秒)→ヒモ固まり方向に注意'}",,,26.8,逃げ狙い,15.07,27.2,2,,,,,0,0,0.7559,0,,逃げ軸流し,A
2025-08-22,丸亀,7,2,森高一真,A1,26.61,2,▲,13.6411,55.1,87,100,0.1363,2.9688,,,0,低,28,0,-,314433,0,86.9,0.9126,0,0.25,0,0,0,0,0.1667,0.3333,,◎,E,◎,,0.3394,0.685,,0.6097,S,96,0,◎1着固定 2-3着流し（5〜8点）,0.5777,"{'is_target': True, 'verdict': '点数絞り', 'max_combo_prob': 0.1635, 'est_top_odds': 8.2, 'circle_concentration': 74.9, 'eligible_count': 6, 'bet_adj': 0, 'reason': 'rel_win1=65.9%（本命度） / 最有力組み合わせ確率: 0.163（推定実オッズ?8倍） / 2着集中度: 上位2艇 74.9%（補正+0.04） / 総合判定確率: 0.203 / → ヒモはやや固め。上位2艇以外を切ること', 'tenji_trigger': '展示確認: 1号艇伸び良→そのまま採用。悪→飛び組に差し替え。circle_pct上位2艇に絞り込むこと。\n展示で1号艇スタート超安定(0.134秒)→ヒモ固まり方向に注意'}",,,26.8,逃げ狙い,15.07,27.2,2,,,,,,,,,,,
2025-08-22,丸亀,7,3,中岡健人,B2,39.01,3,○,9.5923,19.8,35,41.2,0.1435,2.8137,,,0,低,104,0,-,644 54,0,48.3,1.0371,0,0,0.0667,0,0,0.28,0.164,0.196,,,B,△,,0.2367,0.635,,0.6097,S,96,0,◎1着固定 2-3着流し（5〜8点）,0.5777,"{'is_target': True, 'verdict': '点数絞り', 'max_combo_prob': 0.1635, 'est_top_odds': 8.2, 'circle_concentration': 74.9, 'eligible_count': 6, 'bet_adj': 0, 'reason': 'rel_win1=65.9%（本命度） / 最有力組み合わせ確率: 0.163（推定実オッズ?8倍） / 2着集中度: 上位2艇 74.9%（補正+0.04） / 総合判定確率: 0.203 / → ヒモはやや固め。上位2艇以外を切ること', 'tenji_trigger': '展示確認: 1号艇伸び良→そのまま採用。悪→飛び組に差し替え。circle_pct上位2艇に絞り込むこと。\n展示で1号艇スタート超安定(0.134秒)→ヒモ固まり方向に注意'}",,,26.8,逃げ狙い,15.07,27.2,2,,,,,,,,,,,
2025-08-22,丸亀,7,4,三嶌ここ,B1,38.50,4,,4.1128,12.2,40,10,0.224,4.8,,,0,低,114,0,-,1 564,0,14.1,0.5853,,,,,,0.0571,0.0571,0.3143,,,C,,,0.1378,0.553,,0.6097,S,96,0,◎1着固定 2-3着流し（5〜8点）,0.5777,"{'is_target': True, 'verdict': '点数絞り', 'max_combo_prob': 0.1635, 'est_top_odds': 8.2, 'circle_concentration': 74.9, 'eligible_count': 6, 'bet_adj': 0, 'reason': 'rel_win1=65.9%（本命度） / 最有力組み合わせ確率: 0.163（推定実オッズ?8倍） / 2着集中度: 上位2艇 74.9%（補正+0.04） / 総合判定確率: 0.203 / → ヒモはやや固め。上位2艇以外を切ること', 'tenji_trigger': '展示確認: 1号艇伸び良→そのまま採用。悪→飛び組に差し替え。circle_pct上位2艇に絞り込むこと。\n展示で1号艇スタート超安定(0.134秒)→ヒモ固まり方向に注意'}",,,26.8,逃げ狙い,15.07,27.2,2,,,,,,,,,,,
2025-08-22,丸亀,7,5,川上清人,B1,37.67,5,△,4.3347,11,47,28.6,0.1776,3.7222,,,0,低,150,0,-,555 46,0,93.4,1.7348,,,,,,0.3733,0.0381,0.1962,,,C,,,0.1722,0.595,,0.6097,S,96,0,◎1着固定 2-3着流し（5〜8点）,0.5777,"{'is_target': True, 'verdict': '点数絞り', 'max_combo_prob': 0.1635, 'est_top_odds': 8.2, 'circle_concentration': 74.9, 'eligible_count': 6, 'bet_adj': 0, 'reason': 'rel_win1=65.9%（本命度） / 最有力組み合わせ確率: 0.163（推定実オッズ?8倍） / 2着集中度: 上位2艇 74.9%（補正+0.04） / 総合判定確率: 0.203 / → ヒモはやや固め。上位2艇以外を切ること', 'tenji_trigger': '展示確認: 1号艇伸び良→そのまま採用。悪→飛び組に差し替え。circle_pct上位2艇に絞り込むこと。\n展示で1号艇スタート超安定(0.134秒)→ヒモ固まり方向に注意'}",,,26.8,逃げ狙い,15.07,27.2,2,,,,,,,,,,,
2025-08-22,丸亀,7,6,竹田和哉,A1,33.19,6,,2.4461,1.9,100,43.1,0.1867,4.2157,,,0,低,106,0,-,233341,0,45.6,1.7444,,,,,,0.116,0.116,0,,,D,△,,0.1433,0.6415,,0.6097,S,96,0,◎1着固定 2-3着流し（5〜8点）,0.5777,"{'is_target': True, 'verdict': '点数絞り', 'max_combo_prob': 0.1635, 'est_top_odds': 8.2, 'circle_concentration': 74.9, 'eligible_count': 6, 'bet_adj': 0, 'reason': 'rel_win1=65.9%（本命度） / 最有力組み合わせ確率: 0.163（推定実オッズ?8倍） / 2着集中度: 上位2艇 74.9%（補正+0.04） / 総合判定確率: 0.203 / → ヒモはやや固め。上位2艇以外を切ること', 'tenji_trigger': '展示確認: 1号艇伸び良→そのまま採用。悪→飛び組に差し替え。circle_pct上位2艇に絞り込むこと。\n展示で1号艇スタート超安定(0.134秒)→ヒモ固まり方向に注意'}",,,26.8,逃げ狙い,15.07,27.2,2,,,,,,,,,,,
2025-08-22,丸亀,8,1,中岡正彦,A1,31.53,1,◎,69.2626,,0,93.3,0.1175,2.4083,,,0,低,42,0,逃1%,2 1616,0,87.6,1.1226,0.7647,,,,,0.1103,0,0.0588,◎,,D,○,,,0.649,,0.7143,S,100,0,◎1着固定 2-3着流し（5〜8点）,0.5777,"{'is_target': True, 'verdict': '点数絞り', 'max_combo_prob': 0.1063, 'est_top_odds': 12.5, 'circle_concentration': 73.2, 'eligible_count': 6, 'bet_adj': 0, 'reason': 'rel_win1=69.3%（本命度） / 最有力組み合わせ確率: 0.106（推定実オッズ?12倍） / 2着集中度: 上位2艇 73.2%（補正+0.04） / 総合判定確率: 0.146 / → ヒモはやや固め。上位2艇以外を切ること', 'tenji_trigger': '展示確認: 1号艇伸び良→そのまま採用。悪→飛び組に差し替え。circle_pct上位2艇に絞り込むこと。\n展示で1号艇スタート超安定(0.117秒)→ヒモ固まり方向に注意'}",,,25.7,逃げ狙い,15.02,24.2,2,,,,,0,0,0.7559,0,,逃げ軸流し,A
2025-08-22,丸亀,8,2,宮崎　奨,A2,29.78,2,,13.086,49.4,77,73.4,0.1681,3.9766,,,0,低,134,0,差0%,16352,0,50.6,1.1052,0,0.16,0,0,0,0.0343,0.1571,0.2686,,,E,◎,,0.0871,0.658,,0.7143,S,100,0,◎1着固定 2-3着流し（5〜8点）,0.5777,"{'is_target': True, 'verdict': '点数絞り', 'max_combo_prob': 0.1063, 'est_top_odds': 12.5, 'circle_concentration': 73.2, 'eligible_count': 6, 'bet_adj': 0, 'reason': 'rel_win1=69.3%（本命度） / 最有力組み合わせ確率: 0.106（推定実オッズ?12倍） / 2着集中度: 上位2艇 73.2%（補正+0.04） / 総合判定確率: 0.146 / → ヒモはやや固め。上位2艇以外を切ること', 'tenji_trigger': '展示確認: 1号艇伸び良→そのまま採用。悪→飛び組に差し替え。circle_pct上位2艇に絞り込むこと。\n展示で1号艇スタート超安定(0.117秒)→ヒモ固まり方向に注意'}",,,25.7,逃げ狙い,15.02,24.2,2,,,,,,,,,,,
2025-08-22,丸亀,8,3,大廣咲季,B1,34.82,3,△,4.8281,19.8,88,30.3,0.1361,3.0909,,,0,低,81,0,-,266 66,0,82.1,1.5996,0,0,0.0455,0,0,0.3333,0.3333,0,,,C,,,0.1877,0.543,,0.7143,S,100,0,◎1着固定 2-3着流し（5〜8点）,0.5777,"{'is_target': True, 'verdict': '点数絞り', 'max_combo_prob': 0.1063, 'est_top_odds': 12.5, 'circle_concentration': 73.2, 'eligible_count': 6, 'bet_adj': 0, 'reason': 'rel_win1=69.3%（本命度） / 最有力組み合わせ確率: 0.106（推定実オッズ?12倍） / 2着集中度: 上位2艇 73.2%（補正+0.04） / 総合判定確率: 0.146 / → ヒモはやや固め。上位2艇以外を切ること', 'tenji_trigger': '展示確認: 1号艇伸び良→そのまま採用。悪→飛び組に差し替え。circle_pct上位2艇に絞り込むこと。\n展示で1号艇スタート超安定(0.117秒)→ヒモ固まり方向に注意'}",,,25.7,逃げ狙い,15.02,24.2,2,,,,,,,,,,,
2025-08-22,丸亀,8,4,平高奈菜,A1,46.98,4,○,6.5868,23.8,100,64.3,0.1775,3.9286,,,0,低,46,0,-,2 2254,0,25.1,0.7313,0,0.0909,0,0,0,0.2,0,0.1333,,,A,△,,0.1185,0.6215,,0.7143,S,100,0,◎1着固定 2-3着流し（5〜8点）,0.5777,"{'is_target': True, 'verdict': '点数絞り', 'max_combo_prob': 0.1063, 'est_top_odds': 12.5, 'circle_concentration': 73.2, 'eligible_count': 6, 'bet_adj': 0, 'reason': 'rel_win1=69.3%（本命度） / 最有力組み合わせ確率: 0.106（推定実オッズ?12倍） / 2着集中度: 上位2艇 73.2%（補正+0.04） / 総合判定確率: 0.146 / → ヒモはやや固め。上位2艇以外を切ること', 'tenji_trigger': '展示確認: 1号艇伸び良→そのまま採用。悪→飛び組に差し替え。circle_pct上位2艇に絞り込むこと。\n展示で1号艇スタート超安定(0.117秒)→ヒモ固まり方向に注意'}",,,25.7,逃げ狙い,15.02,24.2,2,,,,,,,,,,,
2025-08-22,丸亀,8,5,松下知幸,B1,32.30,5,,3.6843,5.2,69,23.1,0.1932,4.1987,,,0,低,152,0,-,3 156,0,54.4,1.1433,0,0.0278,0.0278,0,0,0.2152,0.1581,0.1962,,,D,,,0.1072,0.5965,,0.7143,S,100,0,◎1着固定 2-3着流し（5〜8点）,0.5777,"{'is_target': True, 'verdict': '点数絞り', 'max_combo_prob': 0.1063, 'est_top_odds': 12.5, 'circle_concentration': 73.2, 'eligible_count': 6, 'bet_adj': 0, 'reason': 'rel_win1=69.3%（本命度） / 最有力組み合わせ確率: 0.106（推定実オッズ?12倍） / 2着集中度: 上位2艇 73.2%（補正+0.04） / 総合判定確率: 0.146 / → ヒモはやや固め。上位2艇以外を切ること', 'tenji_trigger': '展示確認: 1号艇伸び良→そのまま採用。悪→飛び組に差し替え。circle_pct上位2艇に絞り込むこと。\n展示で1号艇スタート超安定(0.117秒)→ヒモ固まり方向に注意'}",,,25.7,逃げ狙い,15.02,24.2,2,,,,,,,,,,,
2025-08-22,丸亀,8,6,中村桃佳,B1,39.25,6,▲,2.5522,1.8,65,26.1,0.1491,3.5435,,,0,低,41,0,-,1 364,0,37.5,0.9083,0,0,0,0.0667,0,0.0471,0.0706,0.2706,,,B,△,,0.1906,0.6205,,0.7143,S,100,0,◎1着固定 2-3着流し（5〜8点）,0.5777,"{'is_target': True, 'verdict': '点数絞り', 'max_combo_prob': 0.1063, 'est_top_odds': 12.5, 'circle_concentration': 73.2, 'eligible_count': 6, 'bet_adj': 0, 'reason': 'rel_win1=69.3%（本命度） / 最有力組み合わせ確率: 0.106（推定実オッズ?12倍） / 2着集中度: 上位2艇 73.2%（補正+0.04） / 総合判定確率: 0.146 / → ヒモはやや固め。上位2艇以外を切ること', 'tenji_trigger': '展示確認: 1号艇伸び良→そのまま採用。悪→飛び組に差し替え。circle_pct上位2艇に絞り込むこと。\n展示で1号艇スタート超安定(0.117秒)→ヒモ固まり方向に注意'}",,,25.7,逃げ狙い,15.02,24.2,2,,,,,,,,,,,
2025-08-22,丸亀,9,1,中田元泰,A1,29.55,1,◎,57.3175,,0,94,0.1464,2.7738,,,0,低,90,0,逃1%,544 14,0,71.7,1.1156,0.8065,,,,,0.0323,0.1613,0,◎,,D,◎,,,0.685,,0.6103,S,86,0,◎1着固定 2-3着流し（5〜8点）,0.5777,"{'is_target': True, 'verdict': '参加推奨', 'max_combo_prob': 0.0823, 'est_top_odds': 16.2, 'circle_concentration': 68.9, 'eligible_count': 6, 'bet_adj': 2, 'reason': 'rel_win1=57.3%（本命度） / 最有力組み合わせ確率: 0.082（推定実オッズ?16倍） / 2着集中度: 上位2艇 68.9%（補正+0.00） / 総合判定確率: 0.082 / → ヒモ分散。1号艇1着固定で広めのヒモ流し推奨（買い目+2点）', 'tenji_trigger': '展示確認: ヒモ分散レース。1号艇伸び確認後、広めのヒモ流しを採用。穴ヒモ（5・6号艇）を積極的に含める。'}",,,28.5,逃げ狙い,22.07,25.9,3,,,,,0,0,0.7559,0,,逃げ軸流し,A
2025-08-22,丸亀,9,2,三嶌誠司,A1,39.82,2,○,15.089,41.8,96,66.7,0.1423,3.4271,,,0,低,84,0,-,62451,0,27.4,0.8352,0,0.125,0.0833,0,0.0417,0.1235,0.1643,0.0959,,◎,B,○,,0.3682,0.669,,0.6103,S,86,0,◎1着固定 2-3着流し（5〜8点）,0.5777,"{'is_target': True, 'verdict': '参加推奨', 'max_combo_prob': 0.0823, 'est_top_odds': 16.2, 'circle_concentration': 68.9, 'eligible_count': 6, 'bet_adj': 2, 'reason': 'rel_win1=57.3%（本命度） / 最有力組み合わせ確率: 0.082（推定実オッズ?16倍） / 2着集中度: 上位2艇 68.9%（補正+0.00） / 総合判定確率: 0.082 / → ヒモ分散。1号艇1着固定で広めのヒモ流し推奨（買い目+2点）', 'tenji_trigger': '展示確認: ヒモ分散レース。1号艇伸び確認後、広めのヒモ流しを採用。穴ヒモ（5・6号艇）を積極的に含める。'}",,,28.5,逃げ狙い,22.07,25.9,3,,,,,,,,,,,
2025-08-22,丸亀,9,3,田頭虎親,B1,40.45,3,▲,16.1986,27.1,89,61,0.1668,3.8049,,,0,低,121,0,-,653 65,0,73.3,1.6998,0,0,0,0.1176,0,0.1,0.375,0.025,,,B,△,,0.2022,0.5945,,0.6103,S,86,0,◎1着固定 2-3着流し（5〜8点）,0.5777,"{'is_target': True, 'verdict': '参加推奨', 'max_combo_prob': 0.0823, 'est_top_odds': 16.2, 'circle_concentration': 68.9, 'eligible_count': 6, 'bet_adj': 2, 'reason': 'rel_win1=57.3%（本命度） / 最有力組み合わせ確率: 0.082（推定実オッズ?16倍） / 2着集中度: 上位2艇 68.9%（補正+0.00） / 総合判定確率: 0.082 / → ヒモ分散。1号艇1着固定で広めのヒモ流し推奨（買い目+2点）', 'tenji_trigger': '展示確認: ヒモ分散レース。1号艇伸び確認後、広めのヒモ流しを採用。穴ヒモ（5・6号艇）を積極的に含める。'}",,,28.5,逃げ狙い,22.07,25.9,3,,,,,,,,,,,
2025-08-22,丸亀,9,4,原村拓也,B1,31.22,4,,6.5348,13,100,50.7,0.1842,3.7536,,,0,低,159,0,差0%,2 635,0,63,0.8755,0,0.0286,0,0,0.0571,0.3114,0.1257,0.02,,,D,,◎,0.13,0.5855,0.1966,0.6103,S,86,0,◎1着固定 2-3着流し（5〜8点）,0.5777,"{'is_target': True, 'verdict': '参加推奨', 'max_combo_prob': 0.0823, 'est_top_odds': 16.2, 'circle_concentration': 68.9, 'eligible_count': 6, 'bet_adj': 2, 'reason': 'rel_win1=57.3%（本命度） / 最有力組み合わせ確率: 0.082（推定実オッズ?16倍） / 2着集中度: 上位2艇 68.9%（補正+0.00） / 総合判定確率: 0.082 / → ヒモ分散。1号艇1着固定で広めのヒモ流し推奨（買い目+2点）', 'tenji_trigger': '展示確認: ヒモ分散レース。1号艇伸び確認後、広めのヒモ流しを採用。穴ヒモ（5・6号艇）を積極的に含める。'}",,,28.5,逃げ狙い,22.07,25.9,3,,,,,,,,,,,
2025-08-22,丸亀,9,5,西岡蒼志,B1,39.21,5,△,3.9764,15,49,34.6,0.1569,3.0962,,,0,低,79,0,-,3 263,0,100,2.1276,0,0,0,0.0417,0,0,0.27,0,,,C,,,0.2512,0.528,,0.6103,S,86,0,◎1着固定 2-3着流し（5〜8点）,0.5777,"{'is_target': True, 'verdict': '参加推奨', 'max_combo_prob': 0.0823, 'est_top_odds': 16.2, 'circle_concentration': 68.9, 'eligible_count': 6, 'bet_adj': 2, 'reason': 'rel_win1=57.3%（本命度） / 最有力組み合わせ確率: 0.082（推定実オッズ?16倍） / 2着集中度: 上位2艇 68.9%（補正+0.00） / 総合判定確率: 0.082 / → ヒモ分散。1号艇1着固定で広めのヒモ流し推奨（買い目+2点）', 'tenji_trigger': '展示確認: ヒモ分散レース。1号艇伸び確認後、広めのヒモ流しを採用。穴ヒモ（5・6号艇）を積極的に含める。'}",,,28.5,逃げ狙い,22.07,25.9,3,,,,,,,,,,,
2025-08-22,丸亀,9,6,山田理央,A2,29.49,6,,0.8838,3.1,53,39.4,0.17,4.0606,,,0,低,62,0,-,341 32,0,30.4,1.4697,,,,,,0.0444,0.1444,0.0222,,,E,△,,0.2386,0.6,,0.6103,S,86,0,◎1着固定 2-3着流し（5〜8点）,0.5777,"{'is_target': True, 'verdict': '参加推奨', 'max_combo_prob': 0.0823, 'est_top_odds': 16.2, 'circle_concentration': 68.9, 'eligible_count': 6, 'bet_adj': 2, 'reason': 'rel_win1=57.3%（本命度） / 最有力組み合わせ確率: 0.082（推定実オッズ?16倍） / 2着集中度: 上位2艇 68.9%（補正+0.00） / 総合判定確率: 0.082 / → ヒモ分散。1号艇1着固定で広めのヒモ流し推奨（買い目+2点）', 'tenji_trigger': '展示確認: ヒモ分散レース。1号艇伸び確認後、広めのヒモ流しを採用。穴ヒモ（5・6号艇）を積極的に含める。'}",,,28.5,逃げ狙い,22.07,25.9,3,,,,,,,,,,,
2025-08-22,丸亀,10,1,宮武英司,B1,44.34,1,◎,55.0218,,0,87.3,0.1587,3.2818,,,0,低,89,0,逃0%,441 32,0,62.7,1.0219,0.6111,,,,,0.4889,0.0222,0.0222,○,,A,○,,,0.658,,0.393,A,71,0,◎-○軸 3着3〜4艇流し（10〜15点）,0.5777,"{'is_target': True, 'verdict': '参加推奨', 'max_combo_prob': 0.0627, 'est_top_odds': 21.3, 'circle_concentration': 61.1, 'eligible_count': 8, 'bet_adj': 2, 'reason': 'rel_win1=55.0%（本命度） / 最有力組み合わせ確率: 0.063（推定実オッズ?21倍） / 2着集中度: 上位2艇 61.1%（補正+0.00） / 総合判定確率: 0.063 / → ヒモ分散。1号艇1着固定で広めのヒモ流し推奨（買い目+2点）', 'tenji_trigger': '展示確認: ヒモ分散レース。1号艇伸び確認後、広めのヒモ流しを採用。穴ヒモ（5・6号艇）を積極的に含める。'}",,,31.9,逃げ狙い,19.39,38.1,2,,,,,0,0,0.6155,0,,主役軸流し,B
2025-08-22,丸亀,10,2,川原祐明,A1,36.24,2,▲,16.8301,36.2,86,72.2,0.1478,3.3611,,,0,低,110,0,差0% ま0%,43315,0,65.5,0.9783,0,0.087,0.2609,0,0,0.0276,0.1014,0.0138,,◎,C,△,,0.4515,0.6185,,0.393,A,71,0,◎-○軸 3着3〜4艇流し（10〜15点）,0.5777,"{'is_target': True, 'verdict': '参加推奨', 'max_combo_prob': 0.0627, 'est_top_odds': 21.3, 'circle_concentration': 61.1, 'eligible_count': 8, 'bet_adj': 2, 'reason': 'rel_win1=55.0%（本命度） / 最有力組み合わせ確率: 0.063（推定実オッズ?21倍） / 2着集中度: 上位2艇 61.1%（補正+0.00） / 総合判定確率: 0.063 / → ヒモ分散。1号艇1着固定で広めのヒモ流し推奨（買い目+2点）', 'tenji_trigger': '展示確認: ヒモ分散レース。1号艇伸び確認後、広めのヒモ流しを採用。穴ヒモ（5・6号艇）を積極的に含める。'}",,,31.9,逃げ狙い,19.39,38.1,2,,,,,,,,,,,
2025-08-22,丸亀,10,3,西丸侑太,A2,33.48,3,,13.0053,24.8,95,72.5,0.1655,3.2375,,,0,低,100,0,-,362 34,0,26.4,0.861,0,0.0476,0.0476,0.0476,0.0476,0,0.1314,0.0429,,,D,,,0.2525,0.6105,,0.393,A,71,0,◎-○軸 3着3〜4艇流し（10〜15点）,0.5777,"{'is_target': True, 'verdict': '参加推奨', 'max_combo_prob': 0.0627, 'est_top_odds': 21.3, 'circle_concentration': 61.1, 'eligible_count': 8, 'bet_adj': 2, 'reason': 'rel_win1=55.0%（本命度） / 最有力組み合わせ確率: 0.063（推定実オッズ?21倍） / 2着集中度: 上位2艇 61.1%（補正+0.00） / 総合判定確率: 0.063 / → ヒモ分散。1号艇1着固定で広めのヒモ流し推奨（買い目+2点）', 'tenji_trigger': '展示確認: ヒモ分散レース。1号艇伸び確認後、広めのヒモ流しを採用。穴ヒモ（5・6号艇）を積極的に含める。'}",,,31.9,逃げ狙い,19.39,38.1,2,,,,,,,,,,,
2025-08-22,丸亀,10,4,嶋　義信,A2,40.74,4,○,7.9265,21.6,100,60,0.1442,3.0833,,,0,低,90,0,-,143 23,0,64.6,1.3909,0,0,0,0.0417,0,0.125,0.15,0.1875,,,B,△,◎,0.3398,0.632,0.3729,0.393,A,71,0,◎-○軸 3着3〜4艇流し（10〜15点）,0.5777,"{'is_target': True, 'verdict': '参加推奨', 'max_combo_prob': 0.0627, 'est_top_odds': 21.3, 'circle_concentration': 61.1, 'eligible_count': 8, 'bet_adj': 2, 'reason': 'rel_win1=55.0%（本命度） / 最有力組み合わせ確率: 0.063（推定実オッズ?21倍） / 2着集中度: 上位2艇 61.1%（補正+0.00） / 総合判定確率: 0.063 / → ヒモ分散。1号艇1着固定で広めのヒモ流し推奨（買い目+2点）', 'tenji_trigger': '展示確認: ヒモ分散レース。1号艇伸び確認後、広めのヒモ流しを採用。穴ヒモ（5・6号艇）を積極的に含める。'}",,,31.9,逃げ狙い,19.39,38.1,2,,,,,,,,,,,
2025-08-22,丸亀,10,5,木谷賢太,A2,27.06,5,,6.2055,14.8,75,59.6,0.177,3.9787,,,0,低,107,0,差ま0%,2 5226,0,37.7,1.3969,0,0,0,0.0476,0,0.0343,0.0114,0.1957,,,E,◎,,0.2273,0.663,,0.393,A,71,0,◎-○軸 3着3〜4艇流し（10〜15点）,0.5777,"{'is_target': True, 'verdict': '参加推奨', 'max_combo_prob': 0.0627, 'est_top_odds': 21.3, 'circle_concentration': 61.1, 'eligible_count': 8, 'bet_adj': 2, 'reason': 'rel_win1=55.0%（本命度） / 最有力組み合わせ確率: 0.063（推定実オッズ?21倍） / 2着集中度: 上位2艇 61.1%（補正+0.00） / 総合判定確率: 0.063 / → ヒモ分散。1号艇1着固定で広めのヒモ流し推奨（買い目+2点）', 'tenji_trigger': '展示確認: ヒモ分散レース。1号艇伸び確認後、広めのヒモ流しを採用。穴ヒモ（5・6号艇）を積極的に含める。'}",,,31.9,逃げ狙い,19.39,38.1,2,,,,,,,,,,,
2025-08-22,丸亀,10,6,門田　栞,B1,34.39,6,△,1.0108,2.5,48,22.2,0.1606,2.9722,,,0,低,76,0,-,156 21,0,100,2.3711,,,,,,0.2308,0.3077,0,,,D,,,0.3075,0.5145,,0.393,A,71,0,◎-○軸 3着3〜4艇流し（10〜15点）,0.5777,"{'is_target': True, 'verdict': '参加推奨', 'max_combo_prob': 0.0627, 'est_top_odds': 21.3, 'circle_concentration': 61.1, 'eligible_count': 8, 'bet_adj': 2, 'reason': 'rel_win1=55.0%（本命度） / 最有力組み合わせ確率: 0.063（推定実オッズ?21倍） / 2着集中度: 上位2艇 61.1%（補正+0.00） / 総合判定確率: 0.063 / → ヒモ分散。1号艇1着固定で広めのヒモ流し推奨（買い目+2点）', 'tenji_trigger': '展示確認: ヒモ分散レース。1号艇伸び確認後、広めのヒモ流しを採用。穴ヒモ（5・6号艇）を積極的に含める。'}",,,31.9,逃げ狙い,19.39,38.1,2,,,,,,,,,,,
2025-08-22,丸亀,11,1,重成一人,A1,37.17,1,◎,53.265,,0,89.3,0.1493,2.6875,,,0,低,51,0,逃1%,1 2423,0,58.6,0.955,0.7,,,,,0.0533,0.2533,0.0133,◎,,B,△,,,0.6315,,0.5334,S,96,0,◎1着固定 2-3着流し（5〜8点）,0.5777,"{'is_target': True, 'verdict': '参加推奨', 'max_combo_prob': 0.0599, 'est_top_odds': 22.3, 'circle_concentration': 60.3, 'eligible_count': 6, 'bet_adj': 2, 'reason': 'rel_win1=53.3%（本命度） / 最有力組み合わせ確率: 0.060（推定実オッズ?22倍） / 2着集中度: 上位2艇 60.3%（補正+0.00） / 総合判定確率: 0.060 / → ヒモ分散。1号艇1着固定で広めのヒモ流し推奨（買い目+2点）', 'tenji_trigger': '展示確認: ヒモ分散レース。1号艇伸び確認後、広めのヒモ流しを採用。穴ヒモ（5・6号艇）を積極的に含める。'}",,,29.9,逃げ狙い,24.32,28.2,2,,,,,0,0,0.7559,0,,逃げ軸流し,A
2025-08-22,丸亀,11,2,秋山広一,A2,47.95,2,○,19.2823,40.8,94,76.8,0.1448,2.9464,,,0,低,90,0,差0%,25123,0,25.2,0.7609,0,0.1364,0.0455,0,0,0,0.168,0.168,,◎,A,◎,,0.3735,0.651,,0.5334,S,96,0,◎1着固定 2-3着流し（5〜8点）,0.5777,"{'is_target': True, 'verdict': '参加推奨', 'max_combo_prob': 0.0599, 'est_top_odds': 22.3, 'circle_concentration': 60.3, 'eligible_count': 6, 'bet_adj': 2, 'reason': 'rel_win1=53.3%（本命度） / 最有力組み合わせ確率: 0.060（推定実オッズ?22倍） / 2着集中度: 上位2艇 60.3%（補正+0.00） / 総合判定確率: 0.060 / → ヒモ分散。1号艇1着固定で広めのヒモ流し推奨（買い目+2点）', 'tenji_trigger': '展示確認: ヒモ分散レース。1号艇伸び確認後、広めのヒモ流しを採用。穴ヒモ（5・6号艇）を積極的に含める。'}",,,29.9,逃げ狙い,24.32,28.2,2,,,,,,,,,,,
2025-08-22,丸亀,11,3,古田祐貴,A2,33.18,3,▲,8.2789,19.5,100,60,0.1377,2.65,,,0,低,105,0,-,143 25,0,39.6,0.92,0,0.0323,0.0323,0.0323,0,0.2088,0.1971,0.1338,,,C,,,0.3407,0.6265,,0.5334,S,96,0,◎1着固定 2-3着流し（5〜8点）,0.5777,"{'is_target': True, 'verdict': '参加推奨', 'max_combo_prob': 0.0599, 'est_top_odds': 22.3, 'circle_concentration': 60.3, 'eligible_count': 6, 'bet_adj': 2, 'reason': 'rel_win1=53.3%（本命度） / 最有力組み合わせ確率: 0.060（推定実オッズ?22倍） / 2着集中度: 上位2艇 60.3%（補正+0.00） / 総合判定確率: 0.060 / → ヒモ分散。1号艇1着固定で広めのヒモ流し推奨（買い目+2点）', 'tenji_trigger': '展示確認: ヒモ分散レース。1号艇伸び確認後、広めのヒモ流しを採用。穴ヒモ（5・6号艇）を積極的に含める。'}",,,29.9,逃げ狙い,24.32,28.2,2,,,,,,,,,,,
2025-08-22,丸亀,11,4,竹田和哉,A1,33.19,4,△,11.5475,17.9,88,66.7,0.1619,3.3958,,,0,低,106,0,-,233341,0,44.1,1.0355,0,0.1364,0.0909,0,0,0.116,0.116,0,,,C,△,◎,0.2617,0.6415,0.3237,0.5334,S,96,0,◎1着固定 2-3着流し（5〜8点）,0.5777,"{'is_target': True, 'verdict': '参加推奨', 'max_combo_prob': 0.0599, 'est_top_odds': 22.3, 'circle_concentration': 60.3, 'eligible_count': 6, 'bet_adj': 2, 'reason': 'rel_win1=53.3%（本命度） / 最有力組み合わせ確率: 0.060（推定実オッズ?22倍） / 2着集中度: 上位2艇 60.3%（補正+0.00） / 総合判定確率: 0.060 / → ヒモ分散。1号艇1着固定で広めのヒモ流し推奨（買い目+2点）', 'tenji_trigger': '展示確認: ヒモ分散レース。1号艇伸び確認後、広めのヒモ流しを採用。穴ヒモ（5・6号艇）を積極的に含める。'}",,,29.9,逃げ狙い,24.32,28.2,2,,,,,,,,,,,
2025-08-22,丸亀,11,5,中岡正彦,A1,31.53,5,,4.0736,17.5,95,66.7,0.1304,2.9815,,,0,低,42,0,-,2 1616,0,31.2,0.9383,,,,,,0.1103,0,0.0588,,,D,○,,0.3705,0.649,,0.5334,S,96,0,◎1着固定 2-3着流し（5〜8点）,0.5777,"{'is_target': True, 'verdict': '参加推奨', 'max_combo_prob': 0.0599, 'est_top_odds': 22.3, 'circle_concentration': 60.3, 'eligible_count': 6, 'bet_adj': 2, 'reason': 'rel_win1=53.3%（本命度） / 最有力組み合わせ確率: 0.060（推定実オッズ?22倍） / 2着集中度: 上位2艇 60.3%（補正+0.00） / 総合判定確率: 0.060 / → ヒモ分散。1号艇1着固定で広めのヒモ流し推奨（買い目+2点）', 'tenji_trigger': '展示確認: ヒモ分散レース。1号艇伸び確認後、広めのヒモ流しを採用。穴ヒモ（5・6号艇）を積極的に含める。'}",,,29.9,逃げ狙い,24.32,28.2,2,,,,,,,,,,,
2025-08-22,丸亀,11,6,妻鳥晋也,B1,31.74,6,,3.5527,4.3,80,35.7,0.1767,4.1548,,,0,低,151,0,-,1 163,0,100,2.26,0,0,0,0.0588,0.0588,0.25,0.21,0.23,,,D,,,0.1981,0.601,,0.5334,S,96,0,◎1着固定 2-3着流し（5〜8点）,0.5777,"{'is_target': True, 'verdict': '参加推奨', 'max_combo_prob': 0.0599, 'est_top_odds': 22.3, 'circle_concentration': 60.3, 'eligible_count': 6, 'bet_adj': 2, 'reason': 'rel_win1=53.3%（本命度） / 最有力組み合わせ確率: 0.060（推定実オッズ?22倍） / 2着集中度: 上位2艇 60.3%（補正+0.00） / 総合判定確率: 0.060 / → ヒモ分散。1号艇1着固定で広めのヒモ流し推奨（買い目+2点）', 'tenji_trigger': '展示確認: ヒモ分散レース。1号艇伸び確認後、広めのヒモ流しを採用。穴ヒモ（5・6号艇）を積極的に含める。'}",,,29.9,逃げ狙い,24.32,28.2,2,,,,,,,,,,,
2025-08-22,丸亀,12,1,片岡雅裕,A1,35.11,1,◎,50.4329,,0,93.1,0.129,2.5172,,,0,低,5,0,逃1%,2 4122,0,57.4,0.979,0.7857,,,,,0.0286,0,0.3571,◎,,C,◎,,,0.8292,,0.5835,S,86,0,◎1着固定 2-3着流し（5〜8点）,0.5777,"{'is_target': True, 'verdict': '参加推奨', 'max_combo_prob': 0.0733, 'est_top_odds': 18.2, 'circle_concentration': 70.1, 'eligible_count': 6, 'bet_adj': 2, 'reason': 'rel_win1=50.4%（本命度） / 最有力組み合わせ確率: 0.073（推定実オッズ?18倍） / 2着集中度: 上位2艇 70.1%（補正+0.04） / 総合判定確率: 0.113 / → ヒモ分散。1号艇1着固定で広めのヒモ流し推奨（買い目+2点）', 'tenji_trigger': '展示確認: ヒモ分散レース。1号艇伸び確認後、広めのヒモ流しを採用。穴ヒモ（5・6号艇）を積極的に含める。\n展示で1号艇スタート超安定(0.129秒)→ヒモ固まり方向に注意'}",,,31.2,逃げ狙い,31.9,25.4,2,,,,,0,0,0.7559,0,,逃げ軸流し,A
2025-08-22,丸亀,12,2,中村晃朋,A1,41.44,2,▲,17.0572,46.2,84,90.9,0.1591,3.1818,,,0,低,56,0,抜0%,351 13,0,52.2,0.969,0,0.1875,0.125,0,0.0625,0.1745,0,0.1564,,,B,△,,0.092,0.678,,0.5835,S,86,0,◎1着固定 2-3着流し（5〜8点）,0.5777,"{'is_target': True, 'verdict': '参加推奨', 'max_combo_prob': 0.0733, 'est_top_odds': 18.2, 'circle_concentration': 70.1, 'eligible_count': 6, 'bet_adj': 2, 'reason': 'rel_win1=50.4%（本命度） / 最有力組み合わせ確率: 0.073（推定実オッズ?18倍） / 2着集中度: 上位2艇 70.1%（補正+0.04） / 総合判定確率: 0.113 / → ヒモ分散。1号艇1着固定で広めのヒモ流し推奨（買い目+2点）', 'tenji_trigger': '展示確認: ヒモ分散レース。1号艇伸び確認後、広めのヒモ流しを採用。穴ヒモ（5・6号艇）を積極的に含める。\n展示で1号艇スタート超安定(0.129秒)→ヒモ固まり方向に注意'}",,,31.2,逃げ狙い,31.9,25.4,2,,,,,,,,,,,
2025-08-22,丸亀,12,3,近江翔吾,A1,46.82,3,○,12.6796,23.9,97,76.1,0.1315,2.5,,,0,低,52,0,ま0% 差ま0%,526 11,0,30,0.995,0,0,0.0909,0.0909,0.0455,0.0811,0.0541,0.027,,,A,△,,0.2878,0.6415,,0.5835,S,86,0,◎1着固定 2-3着流し（5〜8点）,0.5777,"{'is_target': True, 'verdict': '参加推奨', 'max_combo_prob': 0.0733, 'est_top_odds': 18.2, 'circle_concentration': 70.1, 'eligible_count': 6, 'bet_adj': 2, 'reason': 'rel_win1=50.4%（本命度） / 最有力組み合わせ確率: 0.073（推定実オッズ?18倍） / 2着集中度: 上位2艇 70.1%（補正+0.04） / 総合判定確率: 0.113 / → ヒモ分散。1号艇1着固定で広めのヒモ流し推奨（買い目+2点）', 'tenji_trigger': '展示確認: ヒモ分散レース。1号艇伸び確認後、広めのヒモ流しを採用。穴ヒモ（5・6号艇）を積極的に含める。\n展示で1号艇スタート超安定(0.129秒)→ヒモ固まり方向に注意'}",,,31.2,逃げ狙い,31.9,25.4,2,,,,,,,,,,,
2025-08-22,丸亀,12,4,石丸海渡,A1,33.64,4,△,12.4037,16.6,100,70,0.1207,2.15,,,0,低,26,0,差0% ま0%,262111,0,35,0.9677,0,0.05,0.25,0,0,0.0792,0.0125,0,,,D,○,◎,0.3775,0.687,0.3977,0.5835,S,86,0,◎1着固定 2-3着流し（5〜8点）,0.5777,"{'is_target': True, 'verdict': '参加推奨', 'max_combo_prob': 0.0733, 'est_top_odds': 18.2, 'circle_concentration': 70.1, 'eligible_count': 6, 'bet_adj': 2, 'reason': 'rel_win1=50.4%（本命度） / 最有力組み合わせ確率: 0.073（推定実オッズ?18倍） / 2着集中度: 上位2艇 70.1%（補正+0.04） / 総合判定確率: 0.113 / → ヒモ分散。1号艇1着固定で広めのヒモ流し推奨（買い目+2点）', 'tenji_trigger': '展示確認: ヒモ分散レース。1号艇伸び確認後、広めのヒモ流しを採用。穴ヒモ（5・6号艇）を積極的に含める。\n展示で1号艇スタート超安定(0.129秒)→ヒモ固まり方向に注意'}",,,31.2,逃げ狙い,31.9,25.4,2,,,,,,,,,,,
2025-08-22,丸亀,12,5,西岡顕心,A1,41.18,5,,4.8047,10.5,76,61.5,0.1577,3.4615,,,0,低,55,0,-,13322,0,32.6,1.2207,0,0,0,0.125,0,0,0.0714,0,,,C,,,0.2056,0.6245,,0.5835,S,86,0,◎1着固定 2-3着流し（5〜8点）,0.5777,"{'is_target': True, 'verdict': '参加推奨', 'max_combo_prob': 0.0733, 'est_top_odds': 18.2, 'circle_concentration': 70.1, 'eligible_count': 6, 'bet_adj': 2, 'reason': 'rel_win1=50.4%（本命度） / 最有力組み合わせ確率: 0.073（推定実オッズ?18倍） / 2着集中度: 上位2艇 70.1%（補正+0.04） / 総合判定確率: 0.113 / → ヒモ分散。1号艇1着固定で広めのヒモ流し推奨（買い目+2点）', 'tenji_trigger': '展示確認: ヒモ分散レース。1号艇伸び確認後、広めのヒモ流しを採用。穴ヒモ（5・6号艇）を積極的に含める。\n展示で1号艇スタート超安定(0.129秒)→ヒモ固まり方向に注意'}",,,31.2,逃げ狙い,31.9,25.4,2,,,,,,,,,,,
2025-08-22,丸亀,12,6,海野康志,A1,29.61,6,,2.6219,2.8,45,77.8,0.1333,2.3333,,,0,低,38,1,差ま0%,51444,0,100,2.8172,0,0,0,0.1667,0,0,0.0387,0.2516,,,E,,,0.3008,0.6265,,0.5835,S,86,0,◎1着固定 2-3着流し（5〜8点）,0.5777,"{'is_target': True, 'verdict': '参加推奨', 'max_combo_prob': 0.0733, 'est_top_odds': 18.2, 'circle_concentration': 70.1, 'eligible_count': 6, 'bet_adj': 2, 'reason': 'rel_win1=50.4%（本命度） / 最有力組み合わせ確率: 0.073（推定実オッズ?18倍） / 2着集中度: 上位2艇 70.1%（補正+0.04） / 総合判定確率: 0.113 / → ヒモ分散。1号艇1着固定で広めのヒモ流し推奨（買い目+2点）', 'tenji_trigger': '展示確認: ヒモ分散レース。1号艇伸び確認後、広めのヒモ流しを採用。穴ヒモ（5・6号艇）を積極的に含める。\n展示で1号艇スタート超安定(0.129秒)→ヒモ固まり方向に注意'}",,,31.2,逃げ狙い,31.9,25.4,2,,,,,,,,,,,
2025-09-03,丸亀,1,1,北川敏弘,B1,0.00,1,◎,55.4603,,0,63.4,0.1771,4.1341,,,0,低,115,0,逃0%,,0,73.8,0.8688,0.2353,,,,,0.3106,0.0706,0.2141,△,,C,,,,0.55,,0.2197,C,44,0,荒れ傾向。高配当狙いか見送り,0.5777,"{'is_target': True, 'verdict': '参加推奨', 'max_combo_prob': 0.0788, 'est_top_odds': 16.9, 'circle_concentration': 75.5, 'eligible_count': 6, 'bet_adj': 2, 'reason': 'rel_win1=55.5%（本命度） / 最有力組み合わせ確率: 0.079（推定実オッズ?17倍） / 2着集中度: 上位2艇 75.5%（補正+0.04） / 総合判定確率: 0.119 / → ヒモ分散。1号艇1着固定で広めのヒモ流し推奨（買い目+2点）', 'tenji_trigger': '展示確認: ヒモ分散レース。1号艇伸び確認後、広めのヒモ流しを採用。穴ヒモ（5・6号艇）を積極的に含める。'}",,,28.9,両建て推奨,10.4,37.1,3,3-1-4|1-2-4|1-2-3|1-3-4|1-3-2|1-4-3,5-1-2|6-1-2|3-1-4|5-1-6|6-1-4|5-2-1|6-2-1|1-2-4|1-2-3|1-3-4|1-3-2|1-4-3,3-1-4:3.06%|1-2-4:6.42%|1-2-3:6.04%|1-3-4:5.67%|1-3-2:4.7%|1-4-3:3.35%,3-1-4:B_main|1-2-4:A|1-2-3:A|1-3-4:A|1-3-2:A|1-4-3:A,6,12,0.4535,1,[!]見送り推奨（主役決まり手「まくり差し」― 逃げ劣勢レースで的中実績なし）,荒れ広め,D
2025-09-03,丸亀,1,2,花本夏樹,B1,0.00,2,△,11.5294,41.2,65,53.2,0.1787,3.8952,,,0,低,186,0,差0%,,0,42.3,0.8747,0,0.069,0,0,0,0,0,0.34,,△,C,△,,0.3452,0.605,,0.2197,C,44,0,荒れ傾向。高配当狙いか見送り,0.5777,"{'is_target': True, 'verdict': '参加推奨', 'max_combo_prob': 0.0788, 'est_top_odds': 16.9, 'circle_concentration': 75.5, 'eligible_count': 6, 'bet_adj': 2, 'reason': 'rel_win1=55.5%（本命度） / 最有力組み合わせ確率: 0.079（推定実オッズ?17倍） / 2着集中度: 上位2艇 75.5%（補正+0.04） / 総合判定確率: 0.119 / → ヒモ分散。1号艇1着固定で広めのヒモ流し推奨（買い目+2点）', 'tenji_trigger': '展示確認: ヒモ分散レース。1号艇伸び確認後、広めのヒモ流しを採用。穴ヒモ（5・6号艇）を積極的に含める。'}",,,28.9,両建て推奨,10.4,37.1,3,,,,,,,,,,,
2025-09-03,丸亀,1,3,伊達正利,B1,0.00,3,▲,9.6267,34.3,100,52.6,0.1691,3.5263,,,0,低,160,0,-,,0,49.7,0.965,,,,,,0.0455,0.0455,0.0455,,○,C,○,,0.3771,0.6165,,0.2197,C,44,0,荒れ傾向。高配当狙いか見送り,0.5777,"{'is_target': True, 'verdict': '参加推奨', 'max_combo_prob': 0.0788, 'est_top_odds': 16.9, 'circle_concentration': 75.5, 'eligible_count': 6, 'bet_adj': 2, 'reason': 'rel_win1=55.5%（本命度） / 最有力組み合わせ確率: 0.079（推定実オッズ?17倍） / 2着集中度: 上位2艇 75.5%（補正+0.04） / 総合判定確率: 0.119 / → ヒモ分散。1号艇1着固定で広めのヒモ流し推奨（買い目+2点）', 'tenji_trigger': '展示確認: ヒモ分散レース。1号艇伸び確認後、広めのヒモ流しを採用。穴ヒモ（5・6号艇）を積極的に含める。'}",,,28.9,両建て推奨,10.4,37.1,3,,,,,,,,,,,
2025-09-03,丸亀,1,4,宮本夏樹,B1,0.00,4,○,13.0017,10.7,89,43.5,0.1563,3.3913,,,0,低,86,0,差ま0%,,0,76.3,1.1198,0,0,0,0.0909,0,0.1111,0.1111,0.2222,,,C,◎,,0.3851,0.622,,0.2197,C,44,0,荒れ傾向。高配当狙いか見送り,0.5777,"{'is_target': True, 'verdict': '参加推奨', 'max_combo_prob': 0.0788, 'est_top_odds': 16.9, 'circle_concentration': 75.5, 'eligible_count': 6, 'bet_adj': 2, 'reason': 'rel_win1=55.5%（本命度） / 最有力組み合わせ確率: 0.079（推定実オッズ?17倍） / 2着集中度: 上位2艇 75.5%（補正+0.04） / 総合判定確率: 0.119 / → ヒモ分散。1号艇1着固定で広めのヒモ流し推奨（買い目+2点）', 'tenji_trigger': '展示確認: ヒモ分散レース。1号艇伸び確認後、広めのヒモ流しを採用。穴ヒモ（5・6号艇）を積極的に含める。'}",,,28.9,両建て推奨,10.4,37.1,3,,,,,,,,,,,
2025-09-03,丸亀,1,5,中岡　駿,B2,0.00,5,,8.0091,11.4,57,0,0.2075,4.0625,,,0,低,40,1,-,,0,31.3,0.7852,,,,,,,,,,,C,,,0.2259,0.482,,0.2197,C,44,0,荒れ傾向。高配当狙いか見送り,0.5777,"{'is_target': True, 'verdict': '参加推奨', 'max_combo_prob': 0.0788, 'est_top_odds': 16.9, 'circle_concentration': 75.5, 'eligible_count': 6, 'bet_adj': 2, 'reason': 'rel_win1=55.5%（本命度） / 最有力組み合わせ確率: 0.079（推定実オッズ?17倍） / 2着集中度: 上位2艇 75.5%（補正+0.04） / 総合判定確率: 0.119 / → ヒモ分散。1号艇1着固定で広めのヒモ流し推奨（買い目+2点）', 'tenji_trigger': '展示確認: ヒモ分散レース。1号艇伸び確認後、広めのヒモ流しを採用。穴ヒモ（5・6号艇）を積極的に含める。'}",,,28.9,両建て推奨,10.4,37.1,3,,,,,,,,,,,
2025-09-03,丸亀,1,6,藤井　徹,B1,0.00,6,,2.3727,2.4,44,14.3,0.2229,4.4643,,,0,低,130,1,-,,0,24.5,0.7622,,,,,,0.2,0.36,0.18,,,C,△,,0.1749,0.6035,,0.2197,C,44,0,荒れ傾向。高配当狙いか見送り,0.5777,"{'is_target': True, 'verdict': '参加推奨', 'max_combo_prob': 0.0788, 'est_top_odds': 16.9, 'circle_concentration': 75.5, 'eligible_count': 6, 'bet_adj': 2, 'reason': 'rel_win1=55.5%（本命度） / 最有力組み合わせ確率: 0.079（推定実オッズ?17倍） / 2着集中度: 上位2艇 75.5%（補正+0.04） / 総合判定確率: 0.119 / → ヒモ分散。1号艇1着固定で広めのヒモ流し推奨（買い目+2点）', 'tenji_trigger': '展示確認: ヒモ分散レース。1号艇伸び確認後、広めのヒモ流しを採用。穴ヒモ（5・6号艇）を積極的に含める。'}",,,28.9,両建て推奨,10.4,37.1,3,,,,,,,,,,,
2025-09-03,丸亀,2,1,小澤和也,B1,0.00,1,◎,51.9695,,0,80,0.1542,2.5625,,,0,低,134,0,逃1%,,0,83.4,1.0266,0.5263,,,,,0.3242,0.0632,0.1411,◎,,C,△,,,0.612,,0.5053,A,73,0,◎-○軸 3着3〜4艇流し（10〜15点）,0.5777,"{'is_target': True, 'verdict': '参加推奨', 'max_combo_prob': 0.0914, 'est_top_odds': 14.6, 'circle_concentration': 62.9, 'eligible_count': 8, 'bet_adj': 2, 'reason': 'rel_win1=52.0%（本命度） / 最有力組み合わせ確率: 0.091（推定実オッズ?15倍） / 2着集中度: 上位2艇 62.9%（補正+0.00） / 総合判定確率: 0.091 / → ヒモ分散。1号艇1着固定で広めのヒモ流し推奨（買い目+2点）', 'tenji_trigger': '展示確認: ヒモ分散レース。1号艇伸び確認後、広めのヒモ流しを採用。穴ヒモ（5・6号艇）を積極的に含める。'}",,,28.8,逃げ狙い,12.06,35.5,3,,,,,0,0,0.7559,0,,逃げ軸流し,A
2025-09-03,丸亀,2,2,永嶋裕一,B1,0.00,2,△,11.97,40.5,65,50,0.1617,3.2315,,,0,低,92,0,差0%,,0,37.8,0.8345,0,0.1,0,0,0,0.0333,0.1591,0.1424,,,C,○,,0.2472,0.6425,,0.5053,A,73,0,◎-○軸 3着3〜4艇流し（10〜15点）,0.5777,"{'is_target': True, 'verdict': '参加推奨', 'max_combo_prob': 0.0914, 'est_top_odds': 14.6, 'circle_concentration': 62.9, 'eligible_count': 8, 'bet_adj': 2, 'reason': 'rel_win1=52.0%（本命度） / 最有力組み合わせ確率: 0.091（推定実オッズ?15倍） / 2着集中度: 上位2艇 62.9%（補正+0.00） / 総合判定確率: 0.091 / → ヒモ分散。1号艇1着固定で広めのヒモ流し推奨（買い目+2点）', 'tenji_trigger': '展示確認: ヒモ分散レース。1号艇伸び確認後、広めのヒモ流しを採用。穴ヒモ（5・6号艇）を積極的に含める。'}",,,28.8,逃げ狙い,12.06,35.5,3,,,,,,,,,,,
2025-09-03,丸亀,2,3,石倉拓美,B2,0.00,3,○,16.0997,14.3,53,18.8,0.1519,3.2812,,,0,低,47,0,差ま0%,,0,26.3,0.8548,0,0,0,0.0714,0,0.3333,0.3333,0,,,C,,,0.3031,0.555,,0.5053,A,73,0,◎-○軸 3着3〜4艇流し（10〜15点）,0.5777,"{'is_target': True, 'verdict': '参加推奨', 'max_combo_prob': 0.0914, 'est_top_odds': 14.6, 'circle_concentration': 62.9, 'eligible_count': 8, 'bet_adj': 2, 'reason': 'rel_win1=52.0%（本命度） / 最有力組み合わせ確率: 0.091（推定実オッズ?15倍） / 2着集中度: 上位2艇 62.9%（補正+0.00） / 総合判定確率: 0.091 / → ヒモ分散。1号艇1着固定で広めのヒモ流し推奨（買い目+2点）', 'tenji_trigger': '展示確認: ヒモ分散レース。1号艇伸び確認後、広めのヒモ流しを採用。穴ヒモ（5・6号艇）を積極的に含める。'}",,,28.8,逃げ狙い,12.06,35.5,3,,,,,,,,,,,
2025-09-03,丸亀,2,4,山崎裕司,A2,0.00,4,,11.6484,17.6,100,56.2,0.1809,3.7266,,,0,低,130,0,-,,0,37.5,0.9157,0,0.0303,0.0606,0.0909,0,0.0279,0.0779,0.1465,,,C,◎,◎,0.1961,0.656,0.2408,0.5053,A,73,0,◎-○軸 3着3〜4艇流し（10〜15点）,0.5777,"{'is_target': True, 'verdict': '参加推奨', 'max_combo_prob': 0.0914, 'est_top_odds': 14.6, 'circle_concentration': 62.9, 'eligible_count': 8, 'bet_adj': 2, 'reason': 'rel_win1=52.0%（本命度） / 最有力組み合わせ確率: 0.091（推定実オッズ?15倍） / 2着集中度: 上位2艇 62.9%（補正+0.00） / 総合判定確率: 0.091 / → ヒモ分散。1号艇1着固定で広めのヒモ流し推奨（買い目+2点）', 'tenji_trigger': '展示確認: ヒモ分散レース。1号艇伸び確認後、広めのヒモ流しを採用。穴ヒモ（5・6号艇）を積極的に含める。'}",,,28.8,逃げ狙い,12.06,35.5,3,,,,,,,,,,,
2025-09-03,丸亀,2,5,石井伸長,B1,0.00,5,,7.1085,22.5,41,44,0.1714,3.54,,,0,低,79,0,-,,0,40.1,0.885,0,0,0.0286,0.0286,0,0,0.5,0.25,,,C,,,0.2277,0.5655,,0.5053,A,73,0,◎-○軸 3着3〜4艇流し（10〜15点）,0.5777,"{'is_target': True, 'verdict': '参加推奨', 'max_combo_prob': 0.0914, 'est_top_odds': 14.6, 'circle_concentration': 62.9, 'eligible_count': 8, 'bet_adj': 2, 'reason': 'rel_win1=52.0%（本命度） / 最有力組み合わせ確率: 0.091（推定実オッズ?15倍） / 2着集中度: 上位2艇 62.9%（補正+0.00） / 総合判定確率: 0.091 / → ヒモ分散。1号艇1着固定で広めのヒモ流し推奨（買い目+2点）', 'tenji_trigger': '展示確認: ヒモ分散レース。1号艇伸び確認後、広めのヒモ流しを採用。穴ヒモ（5・6号艇）を積極的に含める。'}",,,28.8,逃げ狙い,12.06,35.5,3,,,,,,,,,,,
2025-09-03,丸亀,2,6,廣瀬将亨,A2,0.00,6,▲,1.2038,5.2,36,21.1,0.141,2.9519,,,0,低,86,0,-,,0,28.4,0.9158,,,,,,0.0293,0.198,0.0293,,,C,△,,0.3556,0.64,,0.5053,A,73,0,◎-○軸 3着3〜4艇流し（10〜15点）,0.5777,"{'is_target': True, 'verdict': '参加推奨', 'max_combo_prob': 0.0914, 'est_top_odds': 14.6, 'circle_concentration': 62.9, 'eligible_count': 8, 'bet_adj': 2, 'reason': 'rel_win1=52.0%（本命度） / 最有力組み合わせ確率: 0.091（推定実オッズ?15倍） / 2着集中度: 上位2艇 62.9%（補正+0.00） / 総合判定確率: 0.091 / → ヒモ分散。1号艇1着固定で広めのヒモ流し推奨（買い目+2点）', 'tenji_trigger': '展示確認: ヒモ分散レース。1号艇伸び確認後、広めのヒモ流しを採用。穴ヒモ（5・6号艇）を積極的に含める。'}",,,28.8,逃げ狙い,12.06,35.5,3,,,,,,,,,,,
2025-09-03,丸亀,3,1,富永正人,B1,0.00,1,◎,47.3085,,0,67.6,0.1651,3.5811,,,0,低,128,0,逃0%,,0,54.4,0.8806,0.2105,,,,,0.4211,0.1579,0.2105,△,,C,△,,,0.5955,,0.3141,B,53,0,◎○△フォーメーション（15〜20点）,0.5777,"{'is_target': True, 'verdict': '参加推奨', 'max_combo_prob': 0.061, 'est_top_odds': 21.9, 'circle_concentration': 60.5, 'eligible_count': 9, 'bet_adj': 2, 'reason': 'rel_win1=47.3%（本命度） / 最有力組み合わせ確率: 0.061（推定実オッズ?22倍） / 2着集中度: 上位2艇 60.5%（補正+0.00） / 総合判定確率: 0.061 / → ヒモ分散。1号艇1着固定で広めのヒモ流し推奨（買い目+2点）', 'tenji_trigger': '展示確認: ヒモ分散レース。1号艇伸び確認後、広めのヒモ流しを採用。穴ヒモ（5・6号艇）を積極的に含める。'}",,,26.8,両建て推奨,14.1,42.3,3,2-1-5|1-2-5|1-2-4|1-3-5|1-5-2|1-5-4,4-5-6|5-1-6|5-6-1|4-6-5|4-1-5|2-1-5|4-1-6|1-2-5|1-2-4|1-3-5|1-5-2|1-5-4,2-1-5:1.65%|1-2-5:7.43%|1-2-4:5.12%|1-3-5:4.79%|1-5-2:3.51%|1-5-4:3.48%,2-1-5:B_main|1-2-5:A|1-2-4:A|1-3-5:A|1-5-2:A|1-5-4:A,6,12,0.4535,1,[!]見送り推奨（主役決まり手「差し」― 逃げ劣勢レースで的中実績なし）,荒れ広め,D
2025-09-03,丸亀,3,2,木山和幸,B1,0.00,2,△,15.3993,35.2,76,54.9,0.1635,3.7113,,,0,低,135,0,差0%,,0,18.6,0.555,0,0.1111,0,0,0,0.048,0.016,0.148,,◎,C,○,,0.4042,0.6205,,0.3141,B,53,0,◎○△フォーメーション（15〜20点）,0.5777,"{'is_target': True, 'verdict': '参加推奨', 'max_combo_prob': 0.061, 'est_top_odds': 21.9, 'circle_concentration': 60.5, 'eligible_count': 9, 'bet_adj': 2, 'reason': 'rel_win1=47.3%（本命度） / 最有力組み合わせ確率: 0.061（推定実オッズ?22倍） / 2着集中度: 上位2艇 60.5%（補正+0.00） / 総合判定確率: 0.061 / → ヒモ分散。1号艇1着固定で広めのヒモ流し推奨（買い目+2点）', 'tenji_trigger': '展示確認: ヒモ分散レース。1号艇伸び確認後、広めのヒモ流しを採用。穴ヒモ（5・6号艇）を積極的に含める。'}",,,26.8,両建て推奨,14.1,42.3,3,,,,,,,,,,,
2025-09-03,丸亀,3,3,川辺郭人,B2,0.00,3,▲,9.1643,13.9,53,4.5,0.1573,3.25,,,0,低,96,0,-,,0,36.5,0.6192,,,,,,0.0364,0.3091,0.0364,,○,C,,,0.3889,0.5105,,0.3141,B,53,0,◎○△フォーメーション（15〜20点）,0.5777,"{'is_target': True, 'verdict': '参加推奨', 'max_combo_prob': 0.061, 'est_top_odds': 21.9, 'circle_concentration': 60.5, 'eligible_count': 9, 'bet_adj': 2, 'reason': 'rel_win1=47.3%（本命度） / 最有力組み合わせ確率: 0.061（推定実オッズ?22倍） / 2着集中度: 上位2艇 60.5%（補正+0.00） / 総合判定確率: 0.061 / → ヒモ分散。1号艇1着固定で広めのヒモ流し推奨（買い目+2点）', 'tenji_trigger': '展示確認: ヒモ分散レース。1号艇伸び確認後、広めのヒモ流しを採用。穴ヒモ（5・6号艇）を積極的に含める。'}",,,26.8,両建て推奨,14.1,42.3,3,,,,,,,,,,,
2025-09-03,丸亀,3,4,沼田大都,B1,0.00,4,,7.9769,12.8,100,48.1,0.1925,3.8654,,,0,低,147,0,-,,0,64.3,1.4191,0,0,0,0.0476,0,0.2308,0.1538,0.1538,,,C,,,0.1995,0.522,,0.3141,B,53,0,◎○△フォーメーション（15〜20点）,0.5777,"{'is_target': True, 'verdict': '参加推奨', 'max_combo_prob': 0.061, 'est_top_odds': 21.9, 'circle_concentration': 60.5, 'eligible_count': 9, 'bet_adj': 2, 'reason': 'rel_win1=47.3%（本命度） / 最有力組み合わせ確率: 0.061（推定実オッズ?22倍） / 2着集中度: 上位2艇 60.5%（補正+0.00） / 総合判定確率: 0.061 / → ヒモ分散。1号艇1着固定で広めのヒモ流し推奨（買い目+2点）', 'tenji_trigger': '展示確認: ヒモ分散レース。1号艇伸び確認後、広めのヒモ流しを採用。穴ヒモ（5・6号艇）を積極的に含める。'}",,,26.8,両建て推奨,14.1,42.3,3,,,,,,,,,,,
2025-09-03,丸亀,3,5,濱本優一,A2,0.00,5,,13.6108,25.3,79,61.6,0.1574,3.1918,,,0,低,141,0,-,,0,100,2.8424,0,0,0.0323,0.0645,0,0.0429,0.1629,0,,,C,△,◎,0.3398,0.61,0.3367,0.3141,B,53,0,◎○△フォーメーション（15〜20点）,0.5777,"{'is_target': True, 'verdict': '参加推奨', 'max_combo_prob': 0.061, 'est_top_odds': 21.9, 'circle_concentration': 60.5, 'eligible_count': 9, 'bet_adj': 2, 'reason': 'rel_win1=47.3%（本命度） / 最有力組み合わせ確率: 0.061（推定実オッズ?22倍） / 2着集中度: 上位2艇 60.5%（補正+0.00） / 総合判定確率: 0.061 / → ヒモ分散。1号艇1着固定で広めのヒモ流し推奨（買い目+2点）', 'tenji_trigger': '展示確認: ヒモ分散レース。1号艇伸び確認後、広めのヒモ流しを採用。穴ヒモ（5・6号艇）を積極的に含める。'}",,,26.8,両建て推奨,14.1,42.3,3,,,,,,,,,,,
2025-09-03,丸亀,3,6,藤岡俊介,A1,0.00,6,○,6.5402,12.8,41,46.2,0.141,3.4359,,,0,低,38,0,-,,0,24.6,0.8331,0,0,0.0476,0,0,0.0769,0.0256,0.0256,,,C,◎,,0.3883,0.6905,,0.3141,B,53,0,◎○△フォーメーション（15〜20点）,0.5777,"{'is_target': True, 'verdict': '参加推奨', 'max_combo_prob': 0.061, 'est_top_odds': 21.9, 'circle_concentration': 60.5, 'eligible_count': 9, 'bet_adj': 2, 'reason': 'rel_win1=47.3%（本命度） / 最有力組み合わせ確率: 0.061（推定実オッズ?22倍） / 2着集中度: 上位2艇 60.5%（補正+0.00） / 総合判定確率: 0.061 / → ヒモ分散。1号艇1着固定で広めのヒモ流し推奨（買い目+2点）', 'tenji_trigger': '展示確認: ヒモ分散レース。1号艇伸び確認後、広めのヒモ流しを採用。穴ヒモ（5・6号艇）を積極的に含める。'}",,,26.8,両建て推奨,14.1,42.3,3,,,,,,,,,,,
2025-09-03,丸亀,4,1,西川真人,B1,0.00,1,◎,43.5281,,0,80.4,0.1606,3.3333,,,0,低,172,0,-,,0,83.3,1.2679,0.5,,,,,0.2227,0.2409,0.1114,○,,C,△,,,0.6345,,0.3568,B,50,0,◎○△フォーメーション（15〜20点）,0.5777,"{'is_target': False, 'verdict': '対象外', 'max_combo_prob': None, 'est_top_odds': None, 'circle_concentration': None, 'eligible_count': 0, 'bet_adj': 0, 'reason': '1号艇rel_win1 < 45%: 通常判定に委ねる', 'tenji_trigger': ''}",,,32.4,両建て推奨,23.49,36.1,4,,,,,0,0,0.6155,0,,逃げ軸流し,A
2025-09-03,丸亀,4,2,渡辺　崇,B1,0.00,2,△,9.4303,42.9,77,58.3,0.161,3.7833,,,0,低,135,0,差0%,,0,33.6,0.9457,0,0.0435,0,0,0,0.075,0.315,0.025,,○,C,,,0.3377,0.608,,0.3568,B,50,0,◎○△フォーメーション（15〜20点）,0.5777,"{'is_target': False, 'verdict': '対象外', 'max_combo_prob': None, 'est_top_odds': None, 'circle_concentration': None, 'eligible_count': 0, 'bet_adj': 0, 'reason': '1号艇rel_win1 < 45%: 通常判定に委ねる', 'tenji_trigger': ''}",,,32.4,両建て推奨,23.49,36.1,4,,,,,,,,,,,
2025-09-03,丸亀,4,3,仲口博崇,A1,0.00,3,▲,17.6525,27.1,63,62.7,0.1761,3.7881,,,0,低,98,0,差0% ま0% 差ま0%,,0,47.8,1.3463,0,0.0909,0.0455,0.0909,0,0.161,0.0908,0.1421,,,C,◎,,0.2621,0.663,,0.3568,B,50,0,◎○△フォーメーション（15〜20点）,0.5777,"{'is_target': False, 'verdict': '対象外', 'max_combo_prob': None, 'est_top_odds': None, 'circle_concentration': None, 'eligible_count': 0, 'bet_adj': 0, 'reason': '1号艇rel_win1 < 45%: 通常判定に委ねる', 'tenji_trigger': ''}",,,32.4,両建て推奨,23.49,36.1,4,,,,,,,,,,,
2025-09-03,丸亀,4,4,権藤俊光,A2,0.00,4,○,24.0752,24.3,100,84.8,0.127,2.5217,,,0,低,50,0,差0% ま0% 差ま0%,,0,100,2.0013,0,0.1304,0.1304,0.1304,0,0.0727,0.1864,0.0182,,◎,C,○,◎,0.49,0.6615,0.6,0.3568,B,50,0,◎○△フォーメーション（15〜20点）,0.5777,"{'is_target': False, 'verdict': '対象外', 'max_combo_prob': None, 'est_top_odds': None, 'circle_concentration': None, 'eligible_count': 0, 'bet_adj': 0, 'reason': '1号艇rel_win1 < 45%: 通常判定に委ねる', 'tenji_trigger': ''}",,,32.4,両建て推奨,23.49,36.1,4,,,,,,,,,,,
2025-09-03,丸亀,4,5,中島昂章,B1,0.00,5,,4.2886,4.3,96,38.3,0.2,4.4787,,,0,低,119,0,差0%,,0,32,1.0157,0,0.0714,0,0,0,0.1058,0,0.2731,,,C,,,0.195,0.5805,,0.3568,B,50,0,◎○△フォーメーション（15〜20点）,0.5777,"{'is_target': False, 'verdict': '対象外', 'max_combo_prob': None, 'est_top_odds': None, 'circle_concentration': None, 'eligible_count': 0, 'bet_adj': 0, 'reason': '1号艇rel_win1 < 45%: 通常判定に委ねる', 'tenji_trigger': ''}",,,32.4,両建て推奨,23.49,36.1,4,,,,,,,,,,,
2025-09-03,丸亀,4,6,浅見昌克,A2,0.00,6,,1.0253,1.4,54,25,0.1806,3.9444,,,0,低,84,0,-,,0,30.3,0.9933,,,,,,0,0.0882,0.1471,,,C,△,,0.2855,0.6215,,0.3568,B,50,0,◎○△フォーメーション（15〜20点）,0.5777,"{'is_target': False, 'verdict': '対象外', 'max_combo_prob': None, 'est_top_odds': None, 'circle_concentration': None, 'eligible_count': 0, 'bet_adj': 0, 'reason': '1号艇rel_win1 < 45%: 通常判定に委ねる', 'tenji_trigger': ''}",,,32.4,両建て推奨,23.49,36.1,4,,,,,,,,,,,
2025-09-03,丸亀,5,1,中島真二,B1,0.00,1,◎,44.0648,,0,72.1,0.1821,3.9186,,,0,低,161,0,逃0%,,0,64.7,0.9146,0.4737,,,,,0.0211,0.4053,0.0421,△,,C,,,,0.6155,,0.2407,B,55,0,◎○△フォーメーション（15〜20点）,0.5777,"{'is_target': False, 'verdict': '対象外', 'max_combo_prob': None, 'est_top_odds': None, 'circle_concentration': None, 'eligible_count': 0, 'bet_adj': 0, 'reason': '1号艇rel_win1 < 45%: 通常判定に委ねる', 'tenji_trigger': ''}",,,32,両建て推奨,23.84,34.6,3,2-1-3|1-2-5|1-3-5|1-2-3|1-3-2|1-4-5,6-1-3|2-1-3|5-1-6|6-1-4|6-1-5|5-6-1|6-3-1|1-2-5|1-3-5|1-2-3|1-3-2|1-4-5,2-1-3:2.59%|1-2-5:8.94%|1-3-5:7.62%|1-2-3:7.58%|1-3-2:6.59%|1-4-5:5.33%,2-1-3:B_main|1-2-5:A|1-3-5:A|1-2-3:A|1-3-2:A|1-4-5:A,6,12,0.4535,1,[!]見送り推奨（主役決まり手「差し」― 逃げ劣勢レースで的中実績なし）,荒れ広め,D
2025-09-03,丸亀,5,2,赤坂俊輔,A1,0.00,2,▲,12.7342,36,90,76,0.1526,2.67,,,0,低,76,0,-,,0,57.1,1.0645,0,0,0,0,0.0417,0.0095,0.1321,0.0286,,◎,C,○,,0.5807,0.668,,0.2407,B,55,0,◎○△フォーメーション（15〜20点）,0.5777,"{'is_target': False, 'verdict': '対象外', 'max_combo_prob': None, 'est_top_odds': None, 'circle_concentration': None, 'eligible_count': 0, 'bet_adj': 0, 'reason': '1号艇rel_win1 < 45%: 通常判定に委ねる', 'tenji_trigger': ''}",,,32,両建て推奨,23.84,34.6,3,,,,,,,,,,,
2025-09-03,丸亀,5,3,坂元浩仁,A2,0.00,3,○,19.3375,32,69,68.5,0.1267,2.6019,,,0,低,89,0,差ま0%,,0,77.6,1.4763,0,0,0,0.0741,0,0.0098,0.1345,0.0195,,○,C,◎,,0.5042,0.6735,,0.2407,B,55,0,◎○△フォーメーション（15〜20点）,0.5777,"{'is_target': False, 'verdict': '対象外', 'max_combo_prob': None, 'est_top_odds': None, 'circle_concentration': None, 'eligible_count': 0, 'bet_adj': 0, 'reason': '1号艇rel_win1 < 45%: 通常判定に委ねる', 'tenji_trigger': ''}",,,32,両建て推奨,23.84,34.6,3,,,,,,,,,,,
2025-09-03,丸亀,5,4,牧山敦也,B1,0.00,4,△,8.6695,15.6,90,47.9,0.1638,3.5208,,,0,低,107,0,-,,0,55,1.0072,,,,,,0.0706,0.0471,0.5412,,△,C,△,,0.4443,0.631,,0.2407,B,55,0,◎○△フォーメーション（15〜20点）,0.5777,"{'is_target': False, 'verdict': '対象外', 'max_combo_prob': None, 'est_top_odds': None, 'circle_concentration': None, 'eligible_count': 0, 'bet_adj': 0, 'reason': '1号艇rel_win1 < 45%: 通常判定に委ねる', 'tenji_trigger': ''}",,,32,両建て推奨,23.84,34.6,3,,,,,,,,,,,
2025-09-03,丸亀,5,5,松尾　拓,A2,0.00,5,,14.047,15.6,100,62.3,0.1767,3.4918,,,0,低,111,0,差ま0%,,0,85.8,1.4524,0,0,0,0.16,0.04,0.2333,0.0222,0.0333,,,C,△,◎,0.388,0.6325,0.3746,0.2407,B,55,0,◎○△フォーメーション（15〜20点）,0.5777,"{'is_target': False, 'verdict': '対象外', 'max_combo_prob': None, 'est_top_odds': None, 'circle_concentration': None, 'eligible_count': 0, 'bet_adj': 0, 'reason': '1号艇rel_win1 < 45%: 通常判定に委ねる', 'tenji_trigger': ''}",,,32,両建て推奨,23.84,34.6,3,,,,,,,,,,,
2025-09-03,丸亀,5,6,吉岡　誠,B1,0.00,6,,1.147,0.8,27,7.9,0.2016,4.3026,,,0,低,74,0,-,,0,29.9,0.5028,,,,,,0.2727,0.0909,0.1818,,,C,,,0.3088,0.573,,0.2407,B,55,0,◎○△フォーメーション（15〜20点）,0.5777,"{'is_target': False, 'verdict': '対象外', 'max_combo_prob': None, 'est_top_odds': None, 'circle_concentration': None, 'eligible_count': 0, 'bet_adj': 0, 'reason': '1号艇rel_win1 < 45%: 通常判定に委ねる', 'tenji_trigger': ''}",,,32,両建て推奨,23.84,34.6,3,,,,,,,,,,,
2025-09-03,丸亀,6,1,森安弘雅,A2,0.00,1,◎,53.9682,,0,78.2,0.1765,3.4727,,,0,低,178,0,抜0%,,0,70.6,1.1185,0.3333,,,,,0.0167,0.1833,0.2,○,,C,△,,,0.6065,,0.3524,A,68,0,◎-○軸 3着3〜4艇流し（10〜15点）,0.5777,"{'is_target': True, 'verdict': '点数絞り', 'max_combo_prob': 0.0824, 'est_top_odds': 16.2, 'circle_concentration': 70.1, 'eligible_count': 8, 'bet_adj': 0, 'reason': 'rel_win1=54.0%（本命度） / 最有力組み合わせ確率: 0.082（推定実オッズ?16倍） / 2着集中度: 上位2艇 70.1%（補正+0.04） / 総合判定確率: 0.122 / → ヒモはやや固め。上位2艇以外を切ること', 'tenji_trigger': '展示確認: 1号艇伸び良→そのまま採用。悪→飛び組に差し替え。circle_pct上位2艇に絞り込むこと。'}",,,28.2,逃げ狙い,16.73,29.8,2,,,,,0,0,0.6155,0,,逃げ軸流し,A
2025-09-03,丸亀,6,2,中村将隆,B1,0.00,2,▲,11.2564,32.7,69,44.3,0.167,4.2541,,,0,低,101,0,ま0%,,0,27.6,0.7509,0,0,0.0385,0,0,0.2141,0.0706,0,,○,C,△,,0.4014,0.592,,0.3524,A,68,0,◎-○軸 3着3〜4艇流し（10〜15点）,0.5777,"{'is_target': True, 'verdict': '点数絞り', 'max_combo_prob': 0.0824, 'est_top_odds': 16.2, 'circle_concentration': 70.1, 'eligible_count': 8, 'bet_adj': 0, 'reason': 'rel_win1=54.0%（本命度） / 最有力組み合わせ確率: 0.082（推定実オッズ?16倍） / 2着集中度: 上位2艇 70.1%（補正+0.04） / 総合判定確率: 0.122 / → ヒモはやや固め。上位2艇以外を切ること', 'tenji_trigger': '展示確認: 1号艇伸び良→そのまま採用。悪→飛び組に差し替え。circle_pct上位2艇に絞り込むこと。'}",,,28.2,逃げ狙い,16.73,29.8,2,,,,,,,,,,,
2025-09-03,丸亀,6,3,一瀬　明,A2,0.00,3,○,16.8473,37.4,50,51.4,0.1535,3.4931,,,0,低,121,0,差0% ま0% 差ま0% 抜0%,,0,48.3,1.1931,0,0.0286,0.0286,0.0571,0.0286,0.0205,0.0853,0.2322,,◎,C,◎,,0.4233,0.675,,0.3524,A,68,0,◎-○軸 3着3〜4艇流し（10〜15点）,0.5777,"{'is_target': True, 'verdict': '点数絞り', 'max_combo_prob': 0.0824, 'est_top_odds': 16.2, 'circle_concentration': 70.1, 'eligible_count': 8, 'bet_adj': 0, 'reason': 'rel_win1=54.0%（本命度） / 最有力組み合わせ確率: 0.082（推定実オッズ?16倍） / 2着集中度: 上位2艇 70.1%（補正+0.04） / 総合判定確率: 0.122 / → ヒモはやや固め。上位2艇以外を切ること', 'tenji_trigger': '展示確認: 1号艇伸び良→そのまま採用。悪→飛び組に差し替え。circle_pct上位2艇に絞り込むこと。'}",,,28.2,逃げ狙い,16.73,29.8,2,,,,,,,,,,,
2025-09-03,丸亀,6,4,吉永浩則,B1,0.00,4,,7.0908,15.4,48,27.1,0.1817,4.1979,,,0,低,106,0,差0% 差ま0%,,0,22.8,0.6717,0,0.0526,0,0.0526,0,0.0222,0.1944,0.0444,,,C,○,,0.2949,0.644,,0.3524,A,68,0,◎-○軸 3着3〜4艇流し（10〜15点）,0.5777,"{'is_target': True, 'verdict': '点数絞り', 'max_combo_prob': 0.0824, 'est_top_odds': 16.2, 'circle_concentration': 70.1, 'eligible_count': 8, 'bet_adj': 0, 'reason': 'rel_win1=54.0%（本命度） / 最有力組み合わせ確率: 0.082（推定実オッズ?16倍） / 2着集中度: 上位2艇 70.1%（補正+0.04） / 総合判定確率: 0.122 / → ヒモはやや固め。上位2艇以外を切ること', 'tenji_trigger': '展示確認: 1号艇伸び良→そのまま採用。悪→飛び組に差し替え。circle_pct上位2艇に絞り込むこと。'}",,,28.2,逃げ狙い,16.73,29.8,2,,,,,,,,,,,
2025-09-03,丸亀,6,5,北川敏弘,B1,0.00,5,△,4.716,1.8,28,13.5,0.1779,3.9327,,,0,低,115,0,-,,0,25.3,0.6867,,,,,,0.3106,0.0706,0.2141,,,C,,,0.3362,0.55,,0.3524,A,68,0,◎-○軸 3着3〜4艇流し（10〜15点）,0.5777,"{'is_target': True, 'verdict': '点数絞り', 'max_combo_prob': 0.0824, 'est_top_odds': 16.2, 'circle_concentration': 70.1, 'eligible_count': 8, 'bet_adj': 0, 'reason': 'rel_win1=54.0%（本命度） / 最有力組み合わせ確率: 0.082（推定実オッズ?16倍） / 2着集中度: 上位2艇 70.1%（補正+0.04） / 総合判定確率: 0.122 / → ヒモはやや固め。上位2艇以外を切ること', 'tenji_trigger': '展示確認: 1号艇伸び良→そのまま採用。悪→飛び組に差し替え。circle_pct上位2艇に絞り込むこと。'}",,,28.2,逃げ狙い,16.73,29.8,2,,,,,,,,,,,
2025-09-03,丸亀,6,6,青木玄太,A1,0.00,6,,6.1213,12.7,100,75.8,0.2039,4.2727,,,0,低,75,0,-,,0,100,2.9142,,,,,,0,0.0625,0.1875,,,C,,,0.2503,0.586,,0.3524,A,68,0,◎-○軸 3着3〜4艇流し（10〜15点）,0.5777,"{'is_target': True, 'verdict': '点数絞り', 'max_combo_prob': 0.0824, 'est_top_odds': 16.2, 'circle_concentration': 70.1, 'eligible_count': 8, 'bet_adj': 0, 'reason': 'rel_win1=54.0%（本命度） / 最有力組み合わせ確率: 0.082（推定実オッズ?16倍） / 2着集中度: 上位2艇 70.1%（補正+0.04） / 総合判定確率: 0.122 / → ヒモはやや固め。上位2艇以外を切ること', 'tenji_trigger': '展示確認: 1号艇伸び良→そのまま採用。悪→飛び組に差し替え。circle_pct上位2艇に絞り込むこと。'}",,,28.2,逃げ狙い,16.73,29.8,2,,,,,,,,,,,
2025-09-03,丸亀,7,1,永嶋裕一,B1,0.00,1,◎,52.5436,,0,84.8,0.1517,2.5978,,,0,低,92,0,逃0%,,0,85.7,1.0784,0.5,,,,,0.0333,0.1591,0.1424,◎,,C,△,,,0.6425,,0.4947,A,74,0,◎-○軸 3着3〜4艇流し（10〜15点）,0.5777,"{'is_target': True, 'verdict': '参加推奨', 'max_combo_prob': 0.06, 'est_top_odds': 22.2, 'circle_concentration': 75.3, 'eligible_count': 8, 'bet_adj': 2, 'reason': 'rel_win1=52.5%（本命度） / 最有力組み合わせ確率: 0.060（推定実オッズ?22倍） / 2着集中度: 上位2艇 75.3%（補正+0.04） / 総合判定確率: 0.100 / → ヒモ分散。1号艇1着固定で広めのヒモ流し推奨（買い目+2点）', 'tenji_trigger': '展示確認: ヒモ分散レース。1号艇伸び確認後、広めのヒモ流しを採用。穴ヒモ（5・6号艇）を積極的に含める。'}",,,28.3,逃げ狙い,18.01,29,2,,,,,0,0,0.7559,0,,逃げ軸流し,A
2025-09-03,丸亀,7,2,宮本夏樹,B1,0.00,2,▲,15.7535,41.2,62,58.3,0.1542,3.2083,,,0,低,86,0,差0%,,0,55.1,0.9938,0,0.1111,0,0,0,0.1111,0.1111,0.2222,,,C,,,0.305,0.622,,0.4947,A,74,0,◎-○軸 3着3〜4艇流し（10〜15点）,0.5777,"{'is_target': True, 'verdict': '参加推奨', 'max_combo_prob': 0.06, 'est_top_odds': 22.2, 'circle_concentration': 75.3, 'eligible_count': 8, 'bet_adj': 2, 'reason': 'rel_win1=52.5%（本命度） / 最有力組み合わせ確率: 0.060（推定実オッズ?22倍） / 2着集中度: 上位2艇 75.3%（補正+0.04） / 総合判定確率: 0.100 / → ヒモ分散。1号艇1着固定で広めのヒモ流し推奨（買い目+2点）', 'tenji_trigger': '展示確認: ヒモ分散レース。1号艇伸び確認後、広めのヒモ流しを採用。穴ヒモ（5・6号艇）を積極的に含める。'}",,,28.3,逃げ狙い,18.01,29,2,,,,,,,,,,,
2025-09-03,丸亀,7,3,濱野斗馬,A1,0.00,3,○,13.246,34.1,100,73.1,0.1292,2.3654,,,0,低,40,0,-,,0,61.8,0.8342,0,0,0,0.0833,0,0.0968,0,0.0323,,◎,C,△,,0.4234,0.638,,0.4947,A,74,0,◎-○軸 3着3〜4艇流し（10〜15点）,0.5777,"{'is_target': True, 'verdict': '参加推奨', 'max_combo_prob': 0.06, 'est_top_odds': 22.2, 'circle_concentration': 75.3, 'eligible_count': 8, 'bet_adj': 2, 'reason': 'rel_win1=52.5%（本命度） / 最有力組み合わせ確率: 0.060（推定実オッズ?22倍） / 2着集中度: 上位2艇 75.3%（補正+0.04） / 総合判定確率: 0.100 / → ヒモ分散。1号艇1着固定で広めのヒモ流し推奨（買い目+2点）', 'tenji_trigger': '展示確認: ヒモ分散レース。1号艇伸び確認後、広めのヒモ流しを採用。穴ヒモ（5・6号艇）を積極的に含める。'}",,,28.3,逃げ狙い,18.01,29,2,,,,,,,,,,,
2025-09-03,丸亀,7,4,大崎　翔,B1,0.00,4,△,10.0962,12.2,90,44.9,0.1535,3.1522,,,0,低,117,0,差1%,,0,42.4,0.7596,0,0.0323,0.0645,0.0645,0.0323,0.3127,0.0727,0.1745,,,C,○,◎,0.3127,0.643,0.4383,0.4947,A,74,0,◎-○軸 3着3〜4艇流し（10〜15点）,0.5777,"{'is_target': True, 'verdict': '参加推奨', 'max_combo_prob': 0.06, 'est_top_odds': 22.2, 'circle_concentration': 75.3, 'eligible_count': 8, 'bet_adj': 2, 'reason': 'rel_win1=52.5%（本命度） / 最有力組み合わせ確率: 0.060（推定実オッズ?22倍） / 2着集中度: 上位2艇 75.3%（補正+0.04） / 総合判定確率: 0.100 / → ヒモ分散。1号艇1着固定で広めのヒモ流し推奨（買い目+2点）', 'tenji_trigger': '展示確認: ヒモ分散レース。1号艇伸び確認後、広めのヒモ流しを採用。穴ヒモ（5・6号艇）を積極的に含める。'}",,,28.3,逃げ狙い,18.01,29,2,,,,,,,,,,,
2025-09-03,丸亀,7,5,間嶋仁志,A2,0.00,5,,5.9669,7.4,92,0,0.27,6,,,0,低,136,1,-,,0,25,0.7486,,,,,,0.048,0.048,0.412,,,C,,,0.1609,0.6285,,0.4947,A,74,0,◎-○軸 3着3〜4艇流し（10〜15点）,0.5777,"{'is_target': True, 'verdict': '参加推奨', 'max_combo_prob': 0.06, 'est_top_odds': 22.2, 'circle_concentration': 75.3, 'eligible_count': 8, 'bet_adj': 2, 'reason': 'rel_win1=52.5%（本命度） / 最有力組み合わせ確率: 0.060（推定実オッズ?22倍） / 2着集中度: 上位2艇 75.3%（補正+0.04） / 総合判定確率: 0.100 / → ヒモ分散。1号艇1着固定で広めのヒモ流し推奨（買い目+2点）', 'tenji_trigger': '展示確認: ヒモ分散レース。1号艇伸び確認後、広めのヒモ流しを採用。穴ヒモ（5・6号艇）を積極的に含める。'}",,,28.3,逃げ狙い,18.01,29,2,,,,,,,,,,,
2025-09-03,丸亀,7,6,村田修次,A2,0.00,6,,2.3938,5.1,79,45.5,0.1562,3.5091,,,0,低,93,0,-,,0,41,1.1308,,,,,,0.0625,0.1107,0.2214,,,C,◎,,0.3196,0.6435,,0.4947,A,74,0,◎-○軸 3着3〜4艇流し（10〜15点）,0.5777,"{'is_target': True, 'verdict': '参加推奨', 'max_combo_prob': 0.06, 'est_top_odds': 22.2, 'circle_concentration': 75.3, 'eligible_count': 8, 'bet_adj': 2, 'reason': 'rel_win1=52.5%（本命度） / 最有力組み合わせ確率: 0.060（推定実オッズ?22倍） / 2着集中度: 上位2艇 75.3%（補正+0.04） / 総合判定確率: 0.100 / → ヒモ分散。1号艇1着固定で広めのヒモ流し推奨（買い目+2点）', 'tenji_trigger': '展示確認: ヒモ分散レース。1号艇伸び確認後、広めのヒモ流しを採用。穴ヒモ（5・6号艇）を積極的に含める。'}",,,28.3,逃げ狙い,18.01,29,2,,,,,,,,,,,
2025-09-03,丸亀,8,1,前田　翔,A1,0.00,1,◎,70.6205,,0,95.1,0.1302,2.4146,,,0,低,48,0,逃1%,,0,70.8,1.0626,0.7619,,,,,0.0952,0.0476,0.0952,◎,,C,◎,,,0.6585,,0.6401,S,97,0,◎1着固定 2-3着流し（5〜8点）,0.5777,"{'is_target': True, 'verdict': '点数絞り', 'max_combo_prob': 0.1471, 'est_top_odds': 9.1, 'circle_concentration': 77.6, 'eligible_count': 6, 'bet_adj': 0, 'reason': 'rel_win1=70.6%（本命度） / 最有力組み合わせ確率: 0.147（推定実オッズ?9倍） / 2着集中度: 上位2艇 77.6%（補正+0.04） / 総合判定確率: 0.187 / → ヒモはやや固め。上位2艇以外を切ること', 'tenji_trigger': '展示確認: 1号艇伸び良→そのまま採用。悪→飛び組に差し替え。circle_pct上位2艇に絞り込むこと。\n展示で1号艇スタート超安定(0.130秒)→ヒモ固まり方向に注意'}",,,25.6,逃げ狙い,12.43,25.9,4,,,,,0,0,0.7559,0,,逃げ軸流し,A
2025-09-03,丸亀,8,2,小林文彦,A2,0.00,2,,10.299,50.9,100,65.4,0.1865,4.5673,,,0,低,166,0,差0% ま0%,,0,21.3,0.7176,0,0.087,0.087,0,0,0.0143,0.2286,0.1143,,,C,△,,0.0703,0.5995,,0.6401,S,97,0,◎1着固定 2-3着流し（5〜8点）,0.5777,"{'is_target': True, 'verdict': '点数絞り', 'max_combo_prob': 0.1471, 'est_top_odds': 9.1, 'circle_concentration': 77.6, 'eligible_count': 6, 'bet_adj': 0, 'reason': 'rel_win1=70.6%（本命度） / 最有力組み合わせ確率: 0.147（推定実オッズ?9倍） / 2着集中度: 上位2艇 77.6%（補正+0.04） / 総合判定確率: 0.187 / → ヒモはやや固め。上位2艇以外を切ること', 'tenji_trigger': '展示確認: 1号艇伸び良→そのまま採用。悪→飛び組に差し替え。circle_pct上位2艇に絞り込むこと。\n展示で1号艇スタート超安定(0.130秒)→ヒモ固まり方向に注意'}",,,25.6,逃げ狙い,12.43,25.9,4,,,,,,,,,,,
2025-09-03,丸亀,8,3,齋藤達希,B1,0.00,3,△,5.7213,26.7,70,45.2,0.1729,3.3952,,,0,低,155,0,差ま0%,,0,30.3,0.82,0,0,0,0.0833,0,0.0222,0.56,0.1422,,,C,△,,0.1203,0.6375,,0.6401,S,97,0,◎1着固定 2-3着流し（5〜8点）,0.5777,"{'is_target': True, 'verdict': '点数絞り', 'max_combo_prob': 0.1471, 'est_top_odds': 9.1, 'circle_concentration': 77.6, 'eligible_count': 6, 'bet_adj': 0, 'reason': 'rel_win1=70.6%（本命度） / 最有力組み合わせ確率: 0.147（推定実オッズ?9倍） / 2着集中度: 上位2艇 77.6%（補正+0.04） / 総合判定確率: 0.187 / → ヒモはやや固め。上位2艇以外を切ること', 'tenji_trigger': '展示確認: 1号艇伸び良→そのまま採用。悪→飛び組に差し替え。circle_pct上位2艇に絞り込むこと。\n展示で1号艇スタート超安定(0.130秒)→ヒモ固まり方向に注意'}",,,25.6,逃げ狙い,12.43,25.9,4,,,,,,,,,,,
2025-09-03,丸亀,8,4,廣瀬将亨,A2,0.00,4,○,10.4281,15.2,57,45.9,0.142,3.1393,,,0,低,86,0,-,,0,38.9,0.8832,0,0,0.1562,0.0625,0,0.0293,0.198,0.0293,,,C,○,◎,0.2745,0.64,0.3692,0.6401,S,97,0,◎1着固定 2-3着流し（5〜8点）,0.5777,"{'is_target': True, 'verdict': '点数絞り', 'max_combo_prob': 0.1471, 'est_top_odds': 9.1, 'circle_concentration': 77.6, 'eligible_count': 6, 'bet_adj': 0, 'reason': 'rel_win1=70.6%（本命度） / 最有力組み合わせ確率: 0.147（推定実オッズ?9倍） / 2着集中度: 上位2艇 77.6%（補正+0.04） / 総合判定確率: 0.187 / → ヒモはやや固め。上位2艇以外を切ること', 'tenji_trigger': '展示確認: 1号艇伸び良→そのまま採用。悪→飛び組に差し替え。circle_pct上位2艇に絞り込むこと。\n展示で1号艇スタート超安定(0.130秒)→ヒモ固まり方向に注意'}",,,25.6,逃げ狙い,12.43,25.9,4,,,,,,,,,,,
2025-09-03,丸亀,8,5,川辺郭人,B2,0.00,5,▲,1.8544,4.8,26,5.9,0.1362,3.1765,,,0,低,96,0,-,,0,27.9,0.7055,,,,,,0.0364,0.3091,0.0364,,,C,,,0.2899,0.5105,,0.6401,S,97,0,◎1着固定 2-3着流し（5〜8点）,0.5777,"{'is_target': True, 'verdict': '点数絞り', 'max_combo_prob': 0.1471, 'est_top_odds': 9.1, 'circle_concentration': 77.6, 'eligible_count': 6, 'bet_adj': 0, 'reason': 'rel_win1=70.6%（本命度） / 最有力組み合わせ確率: 0.147（推定実オッズ?9倍） / 2着集中度: 上位2艇 77.6%（補正+0.04） / 総合判定確率: 0.187 / → ヒモはやや固め。上位2艇以外を切ること', 'tenji_trigger': '展示確認: 1号艇伸び良→そのまま採用。悪→飛び組に差し替え。circle_pct上位2艇に絞り込むこと。\n展示で1号艇スタート超安定(0.130秒)→ヒモ固まり方向に注意'}",,,25.6,逃げ狙い,12.43,25.9,4,,,,,,,,,,,
2025-09-03,丸亀,8,6,中岡　駿,B2,0.00,6,,1.0767,2.4,18,6.2,0.2055,4.3615,,,0,低,40,0,-,,0,98.6,2.17,,,,,,,,,,,C,,,0.135,0.482,,0.6401,S,97,0,◎1着固定 2-3着流し（5〜8点）,0.5777,"{'is_target': True, 'verdict': '点数絞り', 'max_combo_prob': 0.1471, 'est_top_odds': 9.1, 'circle_concentration': 77.6, 'eligible_count': 6, 'bet_adj': 0, 'reason': 'rel_win1=70.6%（本命度） / 最有力組み合わせ確率: 0.147（推定実オッズ?9倍） / 2着集中度: 上位2艇 77.6%（補正+0.04） / 総合判定確率: 0.187 / → ヒモはやや固め。上位2艇以外を切ること', 'tenji_trigger': '展示確認: 1号艇伸び良→そのまま採用。悪→飛び組に差し替え。circle_pct上位2艇に絞り込むこと。\n展示で1号艇スタート超安定(0.130秒)→ヒモ固まり方向に注意'}",,,25.6,逃げ狙い,12.43,25.9,4,,,,,,,,,,,
2025-09-03,丸亀,9,1,山崎裕司,A2,0.00,1,◎,61.2922,,0,88.3,0.1569,3.2597,,,0,低,130,0,逃1%,,0,72.8,0.9726,0.6744,,,,,0.0279,0.0779,0.1465,◎,,C,◎,,,0.656,,0.473,A,79,0,◎-○軸 3着3〜4艇流し（10〜15点）,0.5777,"{'is_target': True, 'verdict': '参加推奨', 'max_combo_prob': 0.0924, 'est_top_odds': 14.4, 'circle_concentration': 67.3, 'eligible_count': 8, 'bet_adj': 2, 'reason': 'rel_win1=61.3%（本命度） / 最有力組み合わせ確率: 0.092（推定実オッズ?14倍） / 2着集中度: 上位2艇 67.3%（補正+0.00） / 総合判定確率: 0.092 / → ヒモ分散。1号艇1着固定で広めのヒモ流し推奨（買い目+2点）', 'tenji_trigger': '展示確認: ヒモ分散レース。1号艇伸び確認後、広めのヒモ流しを採用。穴ヒモ（5・6号艇）を積極的に含める。'}",,,28.6,逃げ狙い,21.39,27,2,,,,,0,0,0.7559,0,,逃げ軸流し,A
2025-09-03,丸亀,9,2,濱本優一,A2,0.00,2,▲,16.6821,48.4,100,74.6,0.1497,2.9403,,,0,低,141,0,-,,0,57.5,1.0878,0,0.1724,0,0,0.069,0.0429,0.1629,0,,◎,C,△,,0.4163,0.61,,0.473,A,79,0,◎-○軸 3着3〜4艇流し（10〜15点）,0.5777,"{'is_target': True, 'verdict': '参加推奨', 'max_combo_prob': 0.0924, 'est_top_odds': 14.4, 'circle_concentration': 67.3, 'eligible_count': 8, 'bet_adj': 2, 'reason': 'rel_win1=61.3%（本命度） / 最有力組み合わせ確率: 0.092（推定実オッズ?14倍） / 2着集中度: 上位2艇 67.3%（補正+0.00） / 総合判定確率: 0.092 / → ヒモ分散。1号艇1着固定で広めのヒモ流し推奨（買い目+2点）', 'tenji_trigger': '展示確認: ヒモ分散レース。1号艇伸び確認後、広めのヒモ流しを採用。穴ヒモ（5・6号艇）を積極的に含める。'}",,,28.6,逃げ狙い,21.39,27,2,,,,,,,,,,,
2025-09-03,丸亀,9,3,鈴木茂高,B1,0.00,3,,7.4593,16.9,69,44.8,0.1855,3.8966,,,0,低,170,0,-,,0,57.4,1.275,0,0.0417,0,0,0,0.4333,0.0444,0.0222,,,C,,,0.1436,0.585,,0.473,A,79,0,◎-○軸 3着3〜4艇流し（10〜15点）,0.5777,"{'is_target': True, 'verdict': '参加推奨', 'max_combo_prob': 0.0924, 'est_top_odds': 14.4, 'circle_concentration': 67.3, 'eligible_count': 8, 'bet_adj': 2, 'reason': 'rel_win1=61.3%（本命度） / 最有力組み合わせ確率: 0.092（推定実オッズ?14倍） / 2着集中度: 上位2艇 67.3%（補正+0.00） / 総合判定確率: 0.092 / → ヒモ分散。1号艇1着固定で広めのヒモ流し推奨（買い目+2点）', 'tenji_trigger': '展示確認: ヒモ分散レース。1号艇伸び確認後、広めのヒモ流しを採用。穴ヒモ（5・6号艇）を積極的に含める。'}",,,28.6,逃げ狙い,21.39,27,2,,,,,,,,,,,
2025-09-03,丸亀,9,4,中渡修作,B1,0.00,4,△,4.1677,19,75,43.1,0.1338,2.6121,,,0,低,108,0,-,,0,22.1,0.5383,,,,,,0.1632,0.1632,0.4263,,○,C,,,0.4153,0.606,,0.473,A,79,0,◎-○軸 3着3〜4艇流し（10〜15点）,0.5777,"{'is_target': True, 'verdict': '参加推奨', 'max_combo_prob': 0.0924, 'est_top_odds': 14.4, 'circle_concentration': 67.3, 'eligible_count': 8, 'bet_adj': 2, 'reason': 'rel_win1=61.3%（本命度） / 最有力組み合わせ確率: 0.092（推定実オッズ?14倍） / 2着集中度: 上位2艇 67.3%（補正+0.00） / 総合判定確率: 0.092 / → ヒモ分散。1号艇1着固定で広めのヒモ流し推奨（買い目+2点）', 'tenji_trigger': '展示確認: ヒモ分散レース。1号艇伸び確認後、広めのヒモ流しを採用。穴ヒモ（5・6号艇）を積極的に含める。'}",,,28.6,逃げ狙い,21.39,27,2,,,,,,,,,,,
2025-09-03,丸亀,9,5,浅見昌克,A2,0.00,5,○,9.3298,15.4,77,48.2,0.1252,2.2411,,,0,低,84,0,差0% ま0% 差ま0%,,0,86.8,1.4921,0,0.037,0.037,0.0741,0,0,0.0882,0.1471,,△,C,○,◎,0.4029,0.6215,0.452,0.473,A,79,0,◎-○軸 3着3〜4艇流し（10〜15点）,0.5777,"{'is_target': True, 'verdict': '参加推奨', 'max_combo_prob': 0.0924, 'est_top_odds': 14.4, 'circle_concentration': 67.3, 'eligible_count': 8, 'bet_adj': 2, 'reason': 'rel_win1=61.3%（本命度） / 最有力組み合わせ確率: 0.092（推定実オッズ?14倍） / 2着集中度: 上位2艇 67.3%（補正+0.00） / 総合判定確率: 0.092 / → ヒモ分散。1号艇1着固定で広めのヒモ流し推奨（買い目+2点）', 'tenji_trigger': '展示確認: ヒモ分散レース。1号艇伸び確認後、広めのヒモ流しを採用。穴ヒモ（5・6号艇）を積極的に含める。'}",,,28.6,逃げ狙い,21.39,27,2,,,,,,,,,,,
2025-09-03,丸亀,9,6,伊達正利,B1,0.00,6,,1.0689,0.4,26,9.1,0.2111,4.8545,,,0,低,160,0,-,,0,26.3,0.6106,,,,,,0.0455,0.0455,0.0455,,,C,△,,0.1517,0.6165,,0.473,A,79,0,◎-○軸 3着3〜4艇流し（10〜15点）,0.5777,"{'is_target': True, 'verdict': '参加推奨', 'max_combo_prob': 0.0924, 'est_top_odds': 14.4, 'circle_concentration': 67.3, 'eligible_count': 8, 'bet_adj': 2, 'reason': 'rel_win1=61.3%（本命度） / 最有力組み合わせ確率: 0.092（推定実オッズ?14倍） / 2着集中度: 上位2艇 67.3%（補正+0.00） / 総合判定確率: 0.092 / → ヒモ分散。1号艇1着固定で広めのヒモ流し推奨（買い目+2点）', 'tenji_trigger': '展示確認: ヒモ分散レース。1号艇伸び確認後、広めのヒモ流しを採用。穴ヒモ（5・6号艇）を積極的に含める。'}",,,28.6,逃げ狙い,21.39,27,2,,,,,,,,,,,
2025-09-03,丸亀,10,1,権藤俊光,A2,0.00,1,◎,60.9966,,0,91.3,0.1457,3.163,,,0,低,50,0,逃1%,,0,89.9,1.1781,0.6818,,,,,0.0727,0.1864,0.0182,◎,,C,△,,,0.6615,,0.4996,S,100,0,◎1着固定 2-3着流し（5〜8点）,0.5777,"{'is_target': True, 'verdict': '点数絞り', 'max_combo_prob': 0.128, 'est_top_odds': 10.4, 'circle_concentration': 85.3, 'eligible_count': 6, 'bet_adj': 0, 'reason': 'rel_win1=61.0%（本命度） / 最有力組み合わせ確率: 0.128（推定実オッズ?10倍） / 2着集中度: 上位2艇 85.3%（補正+0.04） / 総合判定確率: 0.168 / → ヒモはやや固め。上位2艇以外を切ること', 'tenji_trigger': '展示確認: 1号艇伸び良→そのまま採用。悪→飛び組に差し替え。circle_pct上位2艇に絞り込むこと。'}",,,28.6,逃げ狙い,20.1,28,2,,,,,0,0,0.7559,0,,逃げ軸流し,A
2025-09-03,丸亀,10,2,坂元浩仁,A2,0.00,2,○,17.1975,62.4,82,86.4,0.142,2.6441,,,0,低,89,0,差0% ま0% 抜0%,,0,75.4,1.4016,0,0.1154,0.1154,0,0.0385,0.0098,0.1345,0.0195,,◎,C,○,,0.3648,0.6735,,0.4996,S,100,0,◎1着固定 2-3着流し（5〜8点）,0.5777,"{'is_target': True, 'verdict': '点数絞り', 'max_combo_prob': 0.128, 'est_top_odds': 10.4, 'circle_concentration': 85.3, 'eligible_count': 6, 'bet_adj': 0, 'reason': 'rel_win1=61.0%（本命度） / 最有力組み合わせ確率: 0.128（推定実オッズ?10倍） / 2着集中度: 上位2艇 85.3%（補正+0.04） / 総合判定確率: 0.168 / → ヒモはやや固め。上位2艇以外を切ること', 'tenji_trigger': '展示確認: 1号艇伸び良→そのまま採用。悪→飛び組に差し替え。circle_pct上位2艇に絞り込むこと。'}",,,28.6,逃げ狙い,20.1,28,2,,,,,,,,,,,
2025-09-03,丸亀,10,3,富永正人,B1,0.00,3,,9.5026,23,77,46.7,0.1698,3.7444,,,0,低,128,0,-,,0,79.7,0.9256,,,,,,0.4211,0.1579,0.2105,,,C,,,0.1895,0.5955,,0.4996,S,100,0,◎1着固定 2-3着流し（5〜8点）,0.5777,"{'is_target': True, 'verdict': '点数絞り', 'max_combo_prob': 0.128, 'est_top_odds': 10.4, 'circle_concentration': 85.3, 'eligible_count': 6, 'bet_adj': 0, 'reason': 'rel_win1=61.0%（本命度） / 最有力組み合わせ確率: 0.128（推定実オッズ?10倍） / 2着集中度: 上位2艇 85.3%（補正+0.04） / 総合判定確率: 0.168 / → ヒモはやや固め。上位2艇以外を切ること', 'tenji_trigger': '展示確認: 1号艇伸び良→そのまま採用。悪→飛び組に差し替え。circle_pct上位2艇に絞り込むこと。'}",,,28.6,逃げ狙い,20.1,28,2,,,,,,,,,,,
2025-09-03,丸亀,10,4,石井伸長,B1,0.00,4,▲,7.409,12.3,79,45,0.169,3.175,,,0,低,79,0,-,,0,50.9,1.0343,0,0,0.0323,0.0645,0,0,0.5,0.25,,,C,,,0.1979,0.5655,,0.4996,S,100,0,◎1着固定 2-3着流し（5〜8点）,0.5777,"{'is_target': True, 'verdict': '点数絞り', 'max_combo_prob': 0.128, 'est_top_odds': 10.4, 'circle_concentration': 85.3, 'eligible_count': 6, 'bet_adj': 0, 'reason': 'rel_win1=61.0%（本命度） / 最有力組み合わせ確率: 0.128（推定実オッズ?10倍） / 2着集中度: 上位2艇 85.3%（補正+0.04） / 総合判定確率: 0.168 / → ヒモはやや固め。上位2艇以外を切ること', 'tenji_trigger': '展示確認: 1号艇伸び良→そのまま採用。悪→飛び組に差し替え。circle_pct上位2艇に絞り込むこと。'}",,,28.6,逃げ狙い,20.1,28,2,,,,,,,,,,,
2025-09-03,丸亀,10,5,花本夏樹,B1,0.00,5,,3.2249,0.7,41,15.7,0.2026,4.7571,,,0,低,186,0,-,,0,29.5,0.7114,,,,,,0,0,0.34,,,C,△,,0.1377,0.605,,0.4996,S,100,0,◎1着固定 2-3着流し（5〜8点）,0.5777,"{'is_target': True, 'verdict': '点数絞り', 'max_combo_prob': 0.128, 'est_top_odds': 10.4, 'circle_concentration': 85.3, 'eligible_count': 6, 'bet_adj': 0, 'reason': 'rel_win1=61.0%（本命度） / 最有力組み合わせ確率: 0.128（推定実オッズ?10倍） / 2着集中度: 上位2艇 85.3%（補正+0.04） / 総合判定確率: 0.168 / → ヒモはやや固め。上位2艇以外を切ること', 'tenji_trigger': '展示確認: 1号艇伸び良→そのまま採用。悪→飛び組に差し替え。circle_pct上位2艇に絞り込むこと。'}",,,28.6,逃げ狙い,20.1,28,2,,,,,,,,,,,
2025-09-03,丸亀,10,6,一瀬　明,A2,0.00,6,△,1.6694,1.7,100,38.9,0.15,3.7963,,,0,低,121,0,-,,0,35.3,1.5636,,,,,,0.0205,0.0853,0.2322,,,C,◎,,0.2963,0.675,,0.4996,S,100,0,◎1着固定 2-3着流し（5〜8点）,0.5777,"{'is_target': True, 'verdict': '点数絞り', 'max_combo_prob': 0.128, 'est_top_odds': 10.4, 'circle_concentration': 85.3, 'eligible_count': 6, 'bet_adj': 0, 'reason': 'rel_win1=61.0%（本命度） / 最有力組み合わせ確率: 0.128（推定実オッズ?10倍） / 2着集中度: 上位2艇 85.3%（補正+0.04） / 総合判定確率: 0.168 / → ヒモはやや固め。上位2艇以外を切ること', 'tenji_trigger': '展示確認: 1号艇伸び良→そのまま採用。悪→飛び組に差し替え。circle_pct上位2艇に絞り込むこと。'}",,,28.6,逃げ狙い,20.1,28,2,,,,,,,,,,,
2025-09-03,丸亀,11,1,松尾　拓,A2,0.00,1,◎,66.7143,,0,93.4,0.1526,3.0789,,,0,低,111,0,逃1%,,0,83.9,1.035,0.6944,,,,,0.2333,0.0222,0.0333,◎,,C,○,,,0.6325,,0.5211,S,83,0,◎1着固定 2-3着流し（5〜8点）,0.5777,"{'is_target': True, 'verdict': '点数絞り', 'max_combo_prob': 0.1467, 'est_top_odds': 9.1, 'circle_concentration': 79.4, 'eligible_count': 6, 'bet_adj': 0, 'reason': 'rel_win1=66.7%（本命度） / 最有力組み合わせ確率: 0.147（推定実オッズ?9倍） / 2着集中度: 上位2艇 79.4%（補正+0.04） / 総合判定確率: 0.187 / → ヒモはやや固め。上位2艇以外を切ること', 'tenji_trigger': '展示確認: 1号艇伸び良→そのまま採用。悪→飛び組に差し替え。circle_pct上位2艇に絞り込むこと。'}",,,26.7,逃げ狙い,10.86,30.5,3,,,,,0,0,0.7559,0,,逃げ軸流し,A
2025-09-03,丸亀,11,2,村田修次,A2,0.00,2,○,12.3786,55.7,80,68.9,0.1322,3.0778,,,0,低,93,0,差0% ま0% 抜0%,,0,60.7,1.1022,0,0.0476,0.0476,0,0.0476,0.0625,0.1107,0.2214,,◎,C,◎,,0.514,0.6435,,0.5211,S,83,0,◎1着固定 2-3着流し（5〜8点）,0.5777,"{'is_target': True, 'verdict': '点数絞り', 'max_combo_prob': 0.1467, 'est_top_odds': 9.1, 'circle_concentration': 79.4, 'eligible_count': 6, 'bet_adj': 0, 'reason': 'rel_win1=66.7%（本命度） / 最有力組み合わせ確率: 0.147（推定実オッズ?9倍） / 2着集中度: 上位2艇 79.4%（補正+0.04） / 総合判定確率: 0.187 / → ヒモはやや固め。上位2艇以外を切ること', 'tenji_trigger': '展示確認: 1号艇伸び良→そのまま採用。悪→飛び組に差し替え。circle_pct上位2艇に絞り込むこと。'}",,,26.7,逃げ狙い,10.86,30.5,3,,,,,,,,,,,
2025-09-03,丸亀,11,3,森安弘雅,A2,0.00,3,▲,10.2535,23.8,73,50.7,0.1718,3.7183,,,0,低,178,0,ま0%,,0,66.8,1.3177,0,0,0.0968,0.0323,0,0.0167,0.1833,0.2,,,C,,,0.2027,0.6065,,0.5211,S,83,0,◎1着固定 2-3着流し（5〜8点）,0.5777,"{'is_target': True, 'verdict': '点数絞り', 'max_combo_prob': 0.1467, 'est_top_odds': 9.1, 'circle_concentration': 79.4, 'eligible_count': 6, 'bet_adj': 0, 'reason': 'rel_win1=66.7%（本命度） / 最有力組み合わせ確率: 0.147（推定実オッズ?9倍） / 2着集中度: 上位2艇 79.4%（補正+0.04） / 総合判定確率: 0.187 / → ヒモはやや固め。上位2艇以外を切ること', 'tenji_trigger': '展示確認: 1号艇伸び良→そのまま採用。悪→飛び組に差し替え。circle_pct上位2艇に絞り込むこと。'}",,,26.7,逃げ狙い,10.86,30.5,3,,,,,,,,,,,
2025-09-03,丸亀,11,4,木山和幸,B1,0.00,4,△,6.8722,16.7,100,55.6,0.1721,3.5476,,,0,低,135,0,-,,0,27.2,0.5277,0,0,0.04,0,0,0.048,0.016,0.148,,,C,△,◎,0.2087,0.6205,0.4004,0.5211,S,83,0,◎1着固定 2-3着流し（5〜8点）,0.5777,"{'is_target': True, 'verdict': '点数絞り', 'max_combo_prob': 0.1467, 'est_top_odds': 9.1, 'circle_concentration': 79.4, 'eligible_count': 6, 'bet_adj': 0, 'reason': 'rel_win1=66.7%（本命度） / 最有力組み合わせ確率: 0.147（推定実オッズ?9倍） / 2着集中度: 上位2艇 79.4%（補正+0.04） / 総合判定確率: 0.187 / → ヒモはやや固め。上位2艇以外を切ること', 'tenji_trigger': '展示確認: 1号艇伸び良→そのまま採用。悪→飛び組に差し替え。circle_pct上位2艇に絞り込むこと。'}",,,26.7,逃げ狙い,10.86,30.5,3,,,,,,,,,,,
2025-09-03,丸亀,11,5,藤井　徹,B1,0.00,5,,2.7408,3.2,62,20,0.2078,4.4222,,,0,低,130,0,差ま0%,,0,23.3,0.679,0,0,0,0.0476,0,0.2,0.36,0.18,,,C,,,0.1103,0.6035,,0.5211,S,83,0,◎1着固定 2-3着流し（5〜8点）,0.5777,"{'is_target': True, 'verdict': '点数絞り', 'max_combo_prob': 0.1467, 'est_top_odds': 9.1, 'circle_concentration': 79.4, 'eligible_count': 6, 'bet_adj': 0, 'reason': 'rel_win1=66.7%（本命度） / 最有力組み合わせ確率: 0.147（推定実オッズ?9倍） / 2着集中度: 上位2艇 79.4%（補正+0.04） / 総合判定確率: 0.187 / → ヒモはやや固め。上位2艇以外を切ること', 'tenji_trigger': '展示確認: 1号艇伸び良→そのまま採用。悪→飛び組に差し替え。circle_pct上位2艇に絞り込むこと。'}",,,26.7,逃げ狙い,10.86,30.5,3,,,,,,,,,,,
2025-09-03,丸亀,11,6,渡辺　崇,B1,0.00,6,,1.0404,0.7,18,10.6,0.22,5.1596,,,0,低,135,0,-,,0,23.3,0.8356,,,,,,0.075,0.315,0.025,,,C,△,,0.1385,0.608,,0.5211,S,83,0,◎1着固定 2-3着流し（5〜8点）,0.5777,"{'is_target': True, 'verdict': '点数絞り', 'max_combo_prob': 0.1467, 'est_top_odds': 9.1, 'circle_concentration': 79.4, 'eligible_count': 6, 'bet_adj': 0, 'reason': 'rel_win1=66.7%（本命度） / 最有力組み合わせ確率: 0.147（推定実オッズ?9倍） / 2着集中度: 上位2艇 79.4%（補正+0.04） / 総合判定確率: 0.187 / → ヒモはやや固め。上位2艇以外を切ること', 'tenji_trigger': '展示確認: 1号艇伸び良→そのまま採用。悪→飛び組に差し替え。circle_pct上位2艇に絞り込むこと。'}",,,26.7,逃げ狙い,10.86,30.5,3,,,,,,,,,,,
2025-09-03,丸亀,12,1,濱野斗馬,A1,0.00,1,◎,60.1031,,0,94.4,0.118,1.9907,,,0,低,40,0,逃1%,,0,76.1,1.0759,0.7419,,,,,0.0968,0,0.0323,◎,,C,,,,0.638,,0.7121,S,100,0,◎1着固定 2-3着流し（5〜8点）,0.5777,"{'is_target': True, 'verdict': '参加推奨', 'max_combo_prob': 0.0612, 'est_top_odds': 21.8, 'circle_concentration': 64.1, 'eligible_count': 6, 'bet_adj': 2, 'reason': 'rel_win1=60.1%（本命度） / 最有力組み合わせ確率: 0.061（推定実オッズ?22倍） / 2着集中度: 上位2艇 64.1%（補正+0.00） / 総合判定確率: 0.061 / → ヒモ分散。1号艇1着固定で広めのヒモ流し推奨（買い目+2点）', 'tenji_trigger': '展示確認: ヒモ分散レース。1号艇伸び確認後、広めのヒモ流しを採用。穴ヒモ（5・6号艇）を積極的に含める。\n展示で1号艇スタート超安定(0.118秒)→ヒモ固まり方向に注意'}",,,28.3,逃げ狙い,24.38,23.5,3,,,,,0,0,0.7559,0,,逃げ軸流し,A
2025-09-03,丸亀,12,2,仲口博崇,A1,0.00,2,,10.9065,32.6,88,69.3,0.17,4.0565,,,0,低,98,0,-,,0,79.4,0.8628,0,0.0385,0.0769,0,0,0.161,0.0908,0.1421,,,C,△,,0.062,0.663,,0.7121,S,100,0,◎1着固定 2-3着流し（5〜8点）,0.5777,"{'is_target': True, 'verdict': '参加推奨', 'max_combo_prob': 0.0612, 'est_top_odds': 21.8, 'circle_concentration': 64.1, 'eligible_count': 6, 'bet_adj': 2, 'reason': 'rel_win1=60.1%（本命度） / 最有力組み合わせ確率: 0.061（推定実オッズ?22倍） / 2着集中度: 上位2艇 64.1%（補正+0.00） / 総合判定確率: 0.061 / → ヒモ分散。1号艇1着固定で広めのヒモ流し推奨（買い目+2点）', 'tenji_trigger': '展示確認: ヒモ分散レース。1号艇伸び確認後、広めのヒモ流しを採用。穴ヒモ（5・6号艇）を積極的に含める。\n展示で1号艇スタート超安定(0.118秒)→ヒモ固まり方向に注意'}",,,28.3,逃げ狙い,24.38,23.5,3,,,,,,,,,,,
2025-09-03,丸亀,12,3,藤岡俊介,A1,0.00,3,○,15.1176,31.5,86,78,0.1168,2.339,,,0,低,38,0,-,,0,24.9,0.8008,0,0.0741,0.037,0.1481,0,0.0769,0.0256,0.0256,,,C,◎,,0.3197,0.6905,,0.7121,S,100,0,◎1着固定 2-3着流し（5〜8点）,0.5777,"{'is_target': True, 'verdict': '参加推奨', 'max_combo_prob': 0.0612, 'est_top_odds': 21.8, 'circle_concentration': 64.1, 'eligible_count': 6, 'bet_adj': 2, 'reason': 'rel_win1=60.1%（本命度） / 最有力組み合わせ確率: 0.061（推定実オッズ?22倍） / 2着集中度: 上位2艇 64.1%（補正+0.00） / 総合判定確率: 0.061 / → ヒモ分散。1号艇1着固定で広めのヒモ流し推奨（買い目+2点）', 'tenji_trigger': '展示確認: ヒモ分散レース。1号艇伸び確認後、広めのヒモ流しを採用。穴ヒモ（5・6号艇）を積極的に含める。\n展示で1号艇スタート超安定(0.118秒)→ヒモ固まり方向に注意'}",,,28.3,逃げ狙い,24.38,23.5,3,,,,,,,,,,,
2025-09-03,丸亀,12,4,青木玄太,A1,0.00,4,,7.7293,13.5,100,68,0.1688,3.96,,,0,低,75,0,ま0%,,0,64,1.28,0,0,0.1,0,0,0,0.0625,0.1875,,,C,,,0.1269,0.586,,0.7121,S,100,0,◎1着固定 2-3着流し（5〜8点）,0.5777,"{'is_target': True, 'verdict': '参加推奨', 'max_combo_prob': 0.0612, 'est_top_odds': 21.8, 'circle_concentration': 64.1, 'eligible_count': 6, 'bet_adj': 2, 'reason': 'rel_win1=60.1%（本命度） / 最有力組み合わせ確率: 0.061（推定実オッズ?22倍） / 2着集中度: 上位2艇 64.1%（補正+0.00） / 総合判定確率: 0.061 / → ヒモ分散。1号艇1着固定で広めのヒモ流し推奨（買い目+2点）', 'tenji_trigger': '展示確認: ヒモ分散レース。1号艇伸び確認後、広めのヒモ流しを採用。穴ヒモ（5・6号艇）を積極的に含める。\n展示で1号艇スタート超安定(0.118秒)→ヒモ固まり方向に注意'}",,,28.3,逃げ狙い,24.38,23.5,3,,,,,,,,,,,
2025-09-03,丸亀,12,5,前田　翔,A1,0.00,5,△,3.0795,14.5,91,65.6,0.1644,3.7188,,,0,低,48,0,-,,0,92.2,1.6926,,,,,,0.0952,0.0476,0.0952,,,C,△,,0.1634,0.6585,,0.7121,S,100,0,◎1着固定 2-3着流し（5〜8点）,0.5777,"{'is_target': True, 'verdict': '参加推奨', 'max_combo_prob': 0.0612, 'est_top_odds': 21.8, 'circle_concentration': 64.1, 'eligible_count': 6, 'bet_adj': 2, 'reason': 'rel_win1=60.1%（本命度） / 最有力組み合わせ確率: 0.061（推定実オッズ?22倍） / 2着集中度: 上位2艇 64.1%（補正+0.00） / 総合判定確率: 0.061 / → ヒモ分散。1号艇1着固定で広めのヒモ流し推奨（買い目+2点）', 'tenji_trigger': '展示確認: ヒモ分散レース。1号艇伸び確認後、広めのヒモ流しを採用。穴ヒモ（5・6号艇）を積極的に含める。\n展示で1号艇スタート超安定(0.118秒)→ヒモ固まり方向に注意'}",,,28.3,逃げ狙い,24.38,23.5,3,,,,,,,,,,,
2025-09-03,丸亀,12,6,赤坂俊輔,A1,0.00,6,▲,3.0641,7.9,43,40,0.145,3.4,,,0,低,76,1,差0%,,0,30.6,1.6178,0,0.3333,0,0,0,0.0095,0.1321,0.0286,,,C,○,,0.2574,0.668,,0.7121,S,100,0,◎1着固定 2-3着流し（5〜8点）,0.5777,"{'is_target': True, 'verdict': '参加推奨', 'max_combo_prob': 0.0612, 'est_top_odds': 21.8, 'circle_concentration': 64.1, 'eligible_count': 6, 'bet_adj': 2, 'reason': 'rel_win1=60.1%（本命度） / 最有力組み合わせ確率: 0.061（推定実オッズ?22倍） / 2着集中度: 上位2艇 64.1%（補正+0.00） / 総合判定確率: 0.061 / → ヒモ分散。1号艇1着固定で広めのヒモ流し推奨（買い目+2点）', 'tenji_trigger': '展示確認: ヒモ分散レース。1号艇伸び確認後、広めのヒモ流しを採用。穴ヒモ（5・6号艇）を積極的に含める。\n展示で1号艇スタート超安定(0.118秒)→ヒモ固まり方向に注意'}",,,28.3,逃げ狙い,24.38,23.5,3,,,,,,,,,,,
2025-09-04,丸亀,1,1,吉岡　誠,B1,0.00,1,◎,55.5011,,0,59.3,0.153,3.5556,,,0,低,74,0,逃1%,2,0,56.4,0.8753,0.3636,,,,,0.2727,0.0909,0.1818,○,,C,,,,0.573,,0.4043,B,56,0,◎○△フォーメーション（15〜20点）,0.5777,"{'is_target': True, 'verdict': '点数絞り', 'max_combo_prob': 0.1413, 'est_top_odds': 9.4, 'circle_concentration': 78.2, 'eligible_count': 9, 'bet_adj': 0, 'reason': 'rel_win1=55.5%（本命度） / 最有力組み合わせ確率: 0.141（推定実オッズ?9倍） / 2着集中度: 上位2艇 78.2%（補正+0.04） / 総合判定確率: 0.181 / → ヒモはやや固め。上位2艇以外を切ること', 'tenji_trigger': '展示確認: 1号艇伸び良→そのまま採用。悪→飛び組に差し替え。circle_pct上位2艇に絞り込むこと。'}",,,30,両建て推奨,15.57,36,2,,,,,0,0,0.6155,0,,逃げ軸流し,A
2025-09-04,丸亀,1,2,中島昂章,B1,0.00,2,○,19.8988,62.7,59,72.7,0.1764,4.2159,,,0,低,119,0,-,3,0,94.7,1.829,0,0.0556,0,0,0,0.1058,0,0.2731,,,C,△,,0.0773,0.5805,,0.4043,B,56,0,◎○△フォーメーション（15〜20点）,0.5777,"{'is_target': True, 'verdict': '点数絞り', 'max_combo_prob': 0.1413, 'est_top_odds': 9.4, 'circle_concentration': 78.2, 'eligible_count': 9, 'bet_adj': 0, 'reason': 'rel_win1=55.5%（本命度） / 最有力組み合わせ確率: 0.141（推定実オッズ?9倍） / 2着集中度: 上位2艇 78.2%（補正+0.04） / 総合判定確率: 0.181 / → ヒモはやや固め。上位2艇以外を切ること', 'tenji_trigger': '展示確認: 1号艇伸び良→そのまま採用。悪→飛び組に差し替え。circle_pct上位2艇に絞り込むこと。'}",,,30,両建て推奨,15.57,36,2,,,,,,,,,,,
2025-09-04,丸亀,1,3,沼田大都,B1,0.00,3,▲,11.0082,15.6,100,50,0.1663,3.6146,,,0,低,147,0,ま0% 差ま0%,5,0,39,0.9808,0,0,0.0435,0.087,0,0.2308,0.1538,0.1538,,,C,,,0.2316,0.522,,0.4043,B,56,0,◎○△フォーメーション（15〜20点）,0.5777,"{'is_target': True, 'verdict': '点数絞り', 'max_combo_prob': 0.1413, 'est_top_odds': 9.4, 'circle_concentration': 78.2, 'eligible_count': 9, 'bet_adj': 0, 'reason': 'rel_win1=55.5%（本命度） / 最有力組み合わせ確率: 0.141（推定実オッズ?9倍） / 2着集中度: 上位2艇 78.2%（補正+0.04） / 総合判定確率: 0.181 / → ヒモはやや固め。上位2艇以外を切ること', 'tenji_trigger': '展示確認: 1号艇伸び良→そのまま採用。悪→飛び組に差し替え。circle_pct上位2艇に絞り込むこと。'}",,,30,両建て推奨,15.57,36,2,,,,,,,,,,,
2025-09-04,丸亀,1,4,西川真人,B1,0.00,4,,7.868,9.4,59,29.6,0.1801,4.0211,,,0,低,172,0,-,6,0,33.8,0.8187,0,0.0323,0,0,0,0.2227,0.2409,0.1114,,,C,◎,,0.1736,0.6345,,0.4043,B,56,0,◎○△フォーメーション（15〜20点）,0.5777,"{'is_target': True, 'verdict': '点数絞り', 'max_combo_prob': 0.1413, 'est_top_odds': 9.4, 'circle_concentration': 78.2, 'eligible_count': 9, 'bet_adj': 0, 'reason': 'rel_win1=55.5%（本命度） / 最有力組み合わせ確率: 0.141（推定実オッズ?9倍） / 2着集中度: 上位2艇 78.2%（補正+0.04） / 総合判定確率: 0.181 / → ヒモはやや固め。上位2艇以外を切ること', 'tenji_trigger': '展示確認: 1号艇伸び良→そのまま採用。悪→飛び組に差し替え。circle_pct上位2艇に絞り込むこと。'}",,,30,両建て推奨,15.57,36,2,,,,,,,,,,,
2025-09-04,丸亀,1,5,中村将隆,B1,0.00,5,△,4.3724,12,45,36.2,0.171,3.9052,,,0,低,101,0,-,5,0,23,0.5548,0,0,0,0,0.0417,0.2141,0.0706,0,,,C,△,,0.2568,0.592,,0.4043,B,56,0,◎○△フォーメーション（15〜20点）,0.5777,"{'is_target': True, 'verdict': '点数絞り', 'max_combo_prob': 0.1413, 'est_top_odds': 9.4, 'circle_concentration': 78.2, 'eligible_count': 9, 'bet_adj': 0, 'reason': 'rel_win1=55.5%（本命度） / 最有力組み合わせ確率: 0.141（推定実オッズ?9倍） / 2着集中度: 上位2艇 78.2%（補正+0.04） / 総合判定確率: 0.181 / → ヒモはやや固め。上位2艇以外を切ること', 'tenji_trigger': '展示確認: 1号艇伸び良→そのまま採用。悪→飛び組に差し替え。circle_pct上位2艇に絞り込むこと。'}",,,30,両建て推奨,15.57,36,2,,,,,,,,,,,
2025-09-04,丸亀,1,6,中島真二,B1,0.00,6,,1.3516,0.4,42,17.8,0.1993,4.4111,,,0,低,161,0,-,4,0,30.4,0.7756,,,,,,0.0211,0.4053,0.0421,,,C,○,,0.1627,0.6155,,0.4043,B,56,0,◎○△フォーメーション（15〜20点）,0.5777,"{'is_target': True, 'verdict': '点数絞り', 'max_combo_prob': 0.1413, 'est_top_odds': 9.4, 'circle_concentration': 78.2, 'eligible_count': 9, 'bet_adj': 0, 'reason': 'rel_win1=55.5%（本命度） / 最有力組み合わせ確率: 0.141（推定実オッズ?9倍） / 2着集中度: 上位2艇 78.2%（補正+0.04） / 総合判定確率: 0.181 / → ヒモはやや固め。上位2艇以外を切ること', 'tenji_trigger': '展示確認: 1号艇伸び良→そのまま採用。悪→飛び組に差し替え。circle_pct上位2艇に絞り込むこと。'}",,,30,両建て推奨,15.57,36,2,,,,,,,,,,,
2025-09-04,丸亀,2,1,鈴木茂高,B1,0.00,1,◎,39.6182,,0,59.5,0.199,3.619,,,0,低,170,0,逃0%,3,0,32.1,0.7672,0.5,,,,,0.4333,0.0444,0.0222,△,,C,,,,0.585,,0.2257,D,33,1,大荒れ。見送り推奨,0.5777,"{'is_target': False, 'verdict': '対象外', 'max_combo_prob': None, 'est_top_odds': None, 'circle_concentration': None, 'eligible_count': 0, 'bet_adj': 0, 'reason': '1号艇rel_win1 < 45%: 通常判定に委ねる', 'tenji_trigger': ''}",,,39.2,両建て推奨,25.35,39.6,3,2-1-3|1-2-4|1-2-3|1-3-2|1-3-4|1-4-2,6-1-3|5-1-6|2-1-3|6-1-4|6-3-1|6-4-3|5-6-1|1-2-4|1-2-3|1-3-2|1-3-4|1-4-2,2-1-3:2.92%|1-2-4:8.55%|1-2-3:7.4%|1-3-2:6.91%|1-3-4:6.75%|1-4-2:5.42%,2-1-3:B_main|1-2-4:A|1-2-3:A|1-3-2:A|1-3-4:A|1-4-2:A,6,12,0.4535,1,[!]見送り推奨（主役決まり手「差し」― 逃げ劣勢レースで的中実績なし）,荒れ広め,D
2025-09-04,丸亀,2,2,牧山敦也,B1,0.00,2,▲,17.319,40.5,89,69.6,0.1625,3.6786,,,0,低,107,0,差1%,6,0,100,2.0659,0,0.0455,0.0455,0,0.0455,0.0706,0.0471,0.5412,,◎,C,△,,0.5594,0.631,,0.2257,D,33,1,大荒れ。見送り推奨,0.5777,"{'is_target': False, 'verdict': '対象外', 'max_combo_prob': None, 'est_top_odds': None, 'circle_concentration': None, 'eligible_count': 0, 'bet_adj': 0, 'reason': '1号艇rel_win1 < 45%: 通常判定に委ねる', 'tenji_trigger': ''}",,,39.2,両建て推奨,25.35,39.6,3,,,,,,,,,,,
2025-09-04,丸亀,2,3,権藤俊光,A2,0.00,3,○,23.5185,29.4,100,84.6,0.1405,2.5513,,,0,低,50,0,-,11,0,28.7,0.9452,0,0.0952,0,0.1905,0,0.0727,0.1864,0.0182,,○,C,◎,,0.5007,0.6615,,0.2257,D,33,1,大荒れ。見送り推奨,0.5777,"{'is_target': False, 'verdict': '対象外', 'max_combo_prob': None, 'est_top_odds': None, 'circle_concentration': None, 'eligible_count': 0, 'bet_adj': 0, 'reason': '1号艇rel_win1 < 45%: 通常判定に委ねる', 'tenji_trigger': ''}",,,39.2,両建て推奨,25.35,39.6,3,,,,,,,,,,,
2025-09-04,丸亀,2,4,村田修次,A2,0.00,4,△,12.8668,19.9,80,52.5,0.1653,3.2375,,,0,低,93,0,-,23,0,53.5,1.2364,,,,,,0.0625,0.1107,0.2214,,△,C,○,◎,0.4395,0.6435,0.3225,0.2257,D,33,1,大荒れ。見送り推奨,0.5777,"{'is_target': False, 'verdict': '対象外', 'max_combo_prob': None, 'est_top_odds': None, 'circle_concentration': None, 'eligible_count': 0, 'bet_adj': 0, 'reason': '1号艇rel_win1 < 45%: 通常判定に委ねる', 'tenji_trigger': ''}",,,39.2,両建て推奨,25.35,39.6,3,,,,,,,,,,,
2025-09-04,丸亀,2,5,大崎　翔,B1,0.00,5,,5.5522,8.8,41,37.1,0.1656,3.7071,,,0,低,117,0,-,6,0,35,0.9224,,,,,,0.3127,0.0727,0.1745,,,C,△,,0.4163,0.643,,0.2257,D,33,1,大荒れ。見送り推奨,0.5777,"{'is_target': False, 'verdict': '対象外', 'max_combo_prob': None, 'est_top_odds': None, 'circle_concentration': None, 'eligible_count': 0, 'bet_adj': 0, 'reason': '1号艇rel_win1 < 45%: 通常判定に委ねる', 'tenji_trigger': ''}",,,39.2,両建て推奨,25.35,39.6,3,,,,,,,,,,,
2025-09-04,丸亀,2,6,中岡　駿,B2,0.00,6,,1.1253,1.4,23,6.2,0.2055,4.3615,,,0,低,40,0,-,66,0,90.9,2.0656,,,,,,,,,,,C,,,0.2893,0.482,,0.2257,D,33,1,大荒れ。見送り推奨,0.5777,"{'is_target': False, 'verdict': '対象外', 'max_combo_prob': None, 'est_top_odds': None, 'circle_concentration': None, 'eligible_count': 0, 'bet_adj': 0, 'reason': '1号艇rel_win1 < 45%: 通常判定に委ねる', 'tenji_trigger': ''}",,,39.2,両建て推奨,25.35,39.6,3,,,,,,,,,,,
2025-09-04,丸亀,3,1,渡辺　崇,B1,0.00,1,◎,57.7137,,0,84.6,0.1395,2.9487,,,0,低,135,0,逃0%,55,0,74.8,1.0963,0.5,,,,,0.075,0.315,0.025,◎,,C,,,,0.608,,0.5612,S,91,0,◎1着固定 2-3着流し（5〜8点）,0.5777,"{'is_target': True, 'verdict': '点数絞り', 'max_combo_prob': 0.0824, 'est_top_odds': 16.2, 'circle_concentration': 73.5, 'eligible_count': 6, 'bet_adj': 0, 'reason': 'rel_win1=57.7%（本命度） / 最有力組み合わせ確率: 0.082（推定実オッズ?16倍） / 2着集中度: 上位2艇 73.5%（補正+0.04） / 総合判定確率: 0.122 / → ヒモはやや固め。上位2艇以外を切ること', 'tenji_trigger': '展示確認: 1号艇伸び良→そのまま採用。悪→飛び組に差し替え。circle_pct上位2艇に絞り込むこと。\n展示で1号艇スタート超安定(0.140秒)→ヒモ固まり方向に注意'}",,,27.2,逃げ狙い,12.07,31,3,,,,,0,0,0.7559,0,,逃げ軸流し,A
2025-09-04,丸亀,3,2,齋藤達希,B1,0.00,2,△,11.5205,46.8,100,50,0.1716,3.7984,,,0,低,155,0,差0%,2,0,25.9,0.8302,0,0.04,0,0,0,0.0222,0.56,0.1422,,,C,△,,0.0574,0.6375,,0.5612,S,91,0,◎1着固定 2-3着流し（5〜8点）,0.5777,"{'is_target': True, 'verdict': '点数絞り', 'max_combo_prob': 0.0824, 'est_top_odds': 16.2, 'circle_concentration': 73.5, 'eligible_count': 6, 'bet_adj': 0, 'reason': 'rel_win1=57.7%（本命度） / 最有力組み合わせ確率: 0.082（推定実オッズ?16倍） / 2着集中度: 上位2艇 73.5%（補正+0.04） / 総合判定確率: 0.122 / → ヒモはやや固め。上位2艇以外を切ること', 'tenji_trigger': '展示確認: 1号艇伸び良→そのまま採用。悪→飛び組に差し替え。circle_pct上位2艇に絞り込むこと。\n展示で1号艇スタート超安定(0.140秒)→ヒモ固まり方向に注意'}",,,27.2,逃げ狙い,12.07,31,3,,,,,,,,,,,
2025-09-04,丸亀,3,3,吉永浩則,B1,0.00,3,○,10.277,26.8,67,41.8,0.1575,3.0636,,,0,低,106,0,-,6,0,36.8,0.8817,,,,,,0.0222,0.1944,0.0444,,,C,○,,0.2233,0.644,,0.5612,S,91,0,◎1着固定 2-3着流し（5〜8点）,0.5777,"{'is_target': True, 'verdict': '点数絞り', 'max_combo_prob': 0.0824, 'est_top_odds': 16.2, 'circle_concentration': 73.5, 'eligible_count': 6, 'bet_adj': 0, 'reason': 'rel_win1=57.7%（本命度） / 最有力組み合わせ確率: 0.082（推定実オッズ?16倍） / 2着集中度: 上位2艇 73.5%（補正+0.04） / 総合判定確率: 0.122 / → ヒモはやや固め。上位2艇以外を切ること', 'tenji_trigger': '展示確認: 1号艇伸び良→そのまま採用。悪→飛び組に差し替え。circle_pct上位2艇に絞り込むこと。\n展示で1号艇スタート超安定(0.140秒)→ヒモ固まり方向に注意'}",,,27.2,逃げ狙い,12.07,31,3,,,,,,,,,,,
2025-09-04,丸亀,3,4,小澤和也,B1,0.00,4,▲,11.4013,13.9,81,38.2,0.1678,3.7273,,,0,低,134,0,-,2,0,57.3,1.2215,0,0.0385,0.0769,0.0385,0,0.3242,0.0632,0.1411,,,C,△,◎,0.1838,0.612,0.3127,0.5612,S,91,0,◎1着固定 2-3着流し（5〜8点）,0.5777,"{'is_target': True, 'verdict': '点数絞り', 'max_combo_prob': 0.0824, 'est_top_odds': 16.2, 'circle_concentration': 73.5, 'eligible_count': 6, 'bet_adj': 0, 'reason': 'rel_win1=57.7%（本命度） / 最有力組み合わせ確率: 0.082（推定実オッズ?16倍） / 2着集中度: 上位2艇 73.5%（補正+0.04） / 総合判定確率: 0.122 / → ヒモはやや固め。上位2艇以外を切ること', 'tenji_trigger': '展示確認: 1号艇伸び良→そのまま採用。悪→飛び組に差し替え。circle_pct上位2艇に絞り込むこと。\n展示で1号艇スタート超安定(0.140秒)→ヒモ固まり方向に注意'}",,,27.2,逃げ狙い,12.07,31,3,,,,,,,,,,,
2025-09-04,丸亀,3,5,森安弘雅,A2,0.00,5,,7.8072,8.1,99,33.9,0.1922,4.1462,,,0,低,178,0,-,34,0,95,1.856,0,0,0,0.0435,0,0.0167,0.1833,0.2,,,C,,,0.1152,0.6065,,0.5612,S,91,0,◎1着固定 2-3着流し（5〜8点）,0.5777,"{'is_target': True, 'verdict': '点数絞り', 'max_combo_prob': 0.0824, 'est_top_odds': 16.2, 'circle_concentration': 73.5, 'eligible_count': 6, 'bet_adj': 0, 'reason': 'rel_win1=57.7%（本命度） / 最有力組み合わせ確率: 0.082（推定実オッズ?16倍） / 2着集中度: 上位2艇 73.5%（補正+0.04） / 総合判定確率: 0.122 / → ヒモはやや固め。上位2艇以外を切ること', 'tenji_trigger': '展示確認: 1号艇伸び良→そのまま採用。悪→飛び組に差し替え。circle_pct上位2艇に絞り込むこと。\n展示で1号艇スタート超安定(0.140秒)→ヒモ固まり方向に注意'}",,,27.2,逃げ狙い,12.07,31,3,,,,,,,,,,,
2025-09-04,丸亀,3,6,前田　翔,A1,0.00,6,,1.2802,4.5,77,20.8,0.1721,4.3958,,,0,低,48,0,-,14,0,28.6,0.9458,,,,,,0.0952,0.0476,0.0952,,,C,◎,,0.2099,0.6585,,0.5612,S,91,0,◎1着固定 2-3着流し（5〜8点）,0.5777,"{'is_target': True, 'verdict': '点数絞り', 'max_combo_prob': 0.0824, 'est_top_odds': 16.2, 'circle_concentration': 73.5, 'eligible_count': 6, 'bet_adj': 0, 'reason': 'rel_win1=57.7%（本命度） / 最有力組み合わせ確率: 0.082（推定実オッズ?16倍） / 2着集中度: 上位2艇 73.5%（補正+0.04） / 総合判定確率: 0.122 / → ヒモはやや固め。上位2艇以外を切ること', 'tenji_trigger': '展示確認: 1号艇伸び良→そのまま採用。悪→飛び組に差し替え。circle_pct上位2艇に絞り込むこと。\n展示で1号艇スタート超安定(0.140秒)→ヒモ固まり方向に注意'}",,,27.2,逃げ狙い,12.07,31,3,,,,,,,,,,,
2025-09-04,丸亀,4,1,宮本夏樹,B1,0.00,1,◎,52.6815,,0,85.1,0.1634,3.383,,,0,低,86,0,逃0%,23,0,85.1,1.0819,0.3333,,,,,0.1111,0.1111,0.2222,○,,C,△,,,0.622,,0.4228,A,76,0,◎-○軸 3着3〜4艇流し（10〜15点）,0.5777,"{'is_target': True, 'verdict': '点数絞り', 'max_combo_prob': 0.1132, 'est_top_odds': 11.8, 'circle_concentration': 78.1, 'eligible_count': 8, 'bet_adj': 0, 'reason': 'rel_win1=52.7%（本命度） / 最有力組み合わせ確率: 0.113（推定実オッズ?12倍） / 2着集中度: 上位2艇 78.1%（補正+0.04） / 総合判定確率: 0.153 / → ヒモはやや固め。上位2艇以外を切ること', 'tenji_trigger': '展示確認: 1号艇伸び良→そのまま採用。悪→飛び組に差し替え。circle_pct上位2艇に絞り込むこと。'}",,,28.7,逃げ狙い,16.6,31.3,3,,,,,0,0,0.6155,0,,逃げ軸流し,A
2025-09-04,丸亀,4,2,伊達正利,B1,0.00,2,△,9.8934,20.5,100,44.1,0.2012,4.161,,,0,低,160,0,ま0%,56,0,18.3,0.6609,0,0.0345,0.0345,0,0,0.0455,0.0455,0.0455,,,C,,,0.0566,0.6165,,0.4228,A,76,0,◎-○軸 3着3〜4艇流し（10〜15点）,0.5777,"{'is_target': True, 'verdict': '点数絞り', 'max_combo_prob': 0.1132, 'est_top_odds': 11.8, 'circle_concentration': 78.1, 'eligible_count': 8, 'bet_adj': 0, 'reason': 'rel_win1=52.7%（本命度） / 最有力組み合わせ確率: 0.113（推定実オッズ?12倍） / 2着集中度: 上位2艇 78.1%（補正+0.04） / 総合判定確率: 0.153 / → ヒモはやや固め。上位2艇以外を切ること', 'tenji_trigger': '展示確認: 1号艇伸び良→そのまま採用。悪→飛び組に差し替え。circle_pct上位2艇に絞り込むこと。'}",,,28.7,逃げ狙い,16.6,31.3,3,,,,,,,,,,,
2025-09-04,丸亀,4,3,廣瀬将亨,A2,0.00,3,○,22.0301,57.6,75,76.1,0.1367,2.7015,,,0,低,86,0,-,54,0,40.2,0.8846,0,0,0.1053,0.1053,0.0263,0.0293,0.198,0.0293,,◎,C,○,,0.4449,0.64,,0.4228,A,76,0,◎-○軸 3着3〜4艇流し（10〜15点）,0.5777,"{'is_target': True, 'verdict': '点数絞り', 'max_combo_prob': 0.1132, 'est_top_odds': 11.8, 'circle_concentration': 78.1, 'eligible_count': 8, 'bet_adj': 0, 'reason': 'rel_win1=52.7%（本命度） / 最有力組み合わせ確率: 0.113（推定実オッズ?12倍） / 2着集中度: 上位2艇 78.1%（補正+0.04） / 総合判定確率: 0.153 / → ヒモはやや固め。上位2艇以外を切ること', 'tenji_trigger': '展示確認: 1号艇伸び良→そのまま採用。悪→飛び組に差し替え。circle_pct上位2艇に絞り込むこと。'}",,,28.7,逃げ狙い,16.6,31.3,3,,,,,,,,,,,
2025-09-04,丸亀,4,4,石倉拓美,B2,0.00,4,▲,7.1552,7.8,65,6.7,0.1627,3.3667,,,0,低,47,0,-,6,0,47.5,0.6323,,,,,,0.3333,0.3333,0,,,C,,,0.313,0.555,,0.4228,A,76,0,◎-○軸 3着3〜4艇流し（10〜15点）,0.5777,"{'is_target': True, 'verdict': '点数絞り', 'max_combo_prob': 0.1132, 'est_top_odds': 11.8, 'circle_concentration': 78.1, 'eligible_count': 8, 'bet_adj': 0, 'reason': 'rel_win1=52.7%（本命度） / 最有力組み合わせ確率: 0.113（推定実オッズ?12倍） / 2着集中度: 上位2艇 78.1%（補正+0.04） / 総合判定確率: 0.153 / → ヒモはやや固め。上位2艇以外を切ること', 'tenji_trigger': '展示確認: 1号艇伸び良→そのまま採用。悪→飛び組に差し替え。circle_pct上位2艇に絞り込むこと。'}",,,28.7,逃げ狙い,16.6,31.3,3,,,,,,,,,,,
2025-09-04,丸亀,4,5,仲口博崇,A1,0.00,5,,5.8708,10.2,77,36.4,0.2091,4.0909,,,0,低,98,1,-,25,0,50.6,1.0871,,,,,,0.161,0.0908,0.1421,,,C,◎,,0.1646,0.663,,0.4228,A,76,0,◎-○軸 3着3〜4艇流し（10〜15点）,0.5777,"{'is_target': True, 'verdict': '点数絞り', 'max_combo_prob': 0.1132, 'est_top_odds': 11.8, 'circle_concentration': 78.1, 'eligible_count': 8, 'bet_adj': 0, 'reason': 'rel_win1=52.7%（本命度） / 最有力組み合わせ確率: 0.113（推定実オッズ?12倍） / 2着集中度: 上位2艇 78.1%（補正+0.04） / 総合判定確率: 0.153 / → ヒモはやや固め。上位2艇以外を切ること', 'tenji_trigger': '展示確認: 1号艇伸び良→そのまま採用。悪→飛び組に差し替え。circle_pct上位2艇に絞り込むこと。'}",,,28.7,逃げ狙い,16.6,31.3,3,,,,,,,,,,,
2025-09-04,丸亀,4,6,松尾　拓,A2,0.00,6,,2.3691,3.9,26,23.3,0.2037,4.2791,,,0,低,111,0,-,11,0,29.7,0.995,,,,,,0.2333,0.0222,0.0333,,,C,△,,0.1818,0.6325,,0.4228,A,76,0,◎-○軸 3着3〜4艇流し（10〜15点）,0.5777,"{'is_target': True, 'verdict': '点数絞り', 'max_combo_prob': 0.1132, 'est_top_odds': 11.8, 'circle_concentration': 78.1, 'eligible_count': 8, 'bet_adj': 0, 'reason': 'rel_win1=52.7%（本命度） / 最有力組み合わせ確率: 0.113（推定実オッズ?12倍） / 2着集中度: 上位2艇 78.1%（補正+0.04） / 総合判定確率: 0.153 / → ヒモはやや固め。上位2艇以外を切ること', 'tenji_trigger': '展示確認: 1号艇伸び良→そのまま採用。悪→飛び組に差し替え。circle_pct上位2艇に絞り込むこと。'}",,,28.7,逃げ狙い,16.6,31.3,3,,,,,,,,,,,
2025-09-04,丸亀,5,1,木山和幸,B1,0.00,1,◎,49.6266,,0,78.3,0.158,3.4167,,,0,低,135,0,逃0%,12,0,90.3,1.2704,0.64,,,,,0.048,0.016,0.148,○,,C,△,,,0.6205,,0.4313,A,67,0,◎-○軸 3着3〜4艇流し（10〜15点）,0.5777,"{'is_target': True, 'verdict': '参加推奨', 'max_combo_prob': 0.0606, 'est_top_odds': 22.0, 'circle_concentration': 63.8, 'eligible_count': 8, 'bet_adj': 2, 'reason': 'rel_win1=49.6%（本命度） / 最有力組み合わせ確率: 0.061（推定実オッズ?22倍） / 2着集中度: 上位2艇 63.8%（補正+0.00） / 総合判定確率: 0.061 / → ヒモ分散。1号艇1着固定で広めのヒモ流し推奨（買い目+2点）', 'tenji_trigger': '展示確認: ヒモ分散レース。1号艇伸び確認後、広めのヒモ流しを採用。穴ヒモ（5・6号艇）を積極的に含める。'}",,,27.7,逃げ狙い,19.35,26.2,4,,,,,0,0,0.6155,0,,逃げ軸流し,A
2025-09-04,丸亀,5,2,富永正人,B1,0.00,2,△,14.8654,34.8,58,50,0.181,3.9712,,,0,低,128,0,差0%,22,0,96.1,0.8681,0,0.1739,0,0,0,0.4211,0.1579,0.2105,,,C,,,0.1105,0.5955,,0.4313,A,67,0,◎-○軸 3着3〜4艇流し（10〜15点）,0.5777,"{'is_target': True, 'verdict': '参加推奨', 'max_combo_prob': 0.0606, 'est_top_odds': 22.0, 'circle_concentration': 63.8, 'eligible_count': 8, 'bet_adj': 2, 'reason': 'rel_win1=49.6%（本命度） / 最有力組み合わせ確率: 0.061（推定実オッズ?22倍） / 2着集中度: 上位2艇 63.8%（補正+0.00） / 総合判定確率: 0.061 / → ヒモ分散。1号艇1着固定で広めのヒモ流し推奨（買い目+2点）', 'tenji_trigger': '展示確認: ヒモ分散レース。1号艇伸び確認後、広めのヒモ流しを採用。穴ヒモ（5・6号艇）を積極的に含める。'}",,,27.7,逃げ狙い,19.35,26.2,4,,,,,,,,,,,
2025-09-04,丸亀,5,3,藤井　徹,B1,0.00,3,,8.134,29,43,43.4,0.1723,3.8585,,,0,低,130,0,-,46,0,57.1,1.2719,,,,,,0.2,0.36,0.18,,,C,△,,0.2363,0.6035,,0.4313,A,67,0,◎-○軸 3着3〜4艇流し（10〜15点）,0.5777,"{'is_target': True, 'verdict': '参加推奨', 'max_combo_prob': 0.0606, 'est_top_odds': 22.0, 'circle_concentration': 63.8, 'eligible_count': 8, 'bet_adj': 2, 'reason': 'rel_win1=49.6%（本命度） / 最有力組み合わせ確率: 0.061（推定実オッズ?22倍） / 2着集中度: 上位2艇 63.8%（補正+0.00） / 総合判定確率: 0.061 / → ヒモ分散。1号艇1着固定で広めのヒモ流し推奨（買い目+2点）', 'tenji_trigger': '展示確認: ヒモ分散レース。1号艇伸び確認後、広めのヒモ流しを採用。穴ヒモ（5・6号艇）を積極的に含める。'}",,,27.7,逃げ狙い,19.35,26.2,4,,,,,,,,,,,
2025-09-04,丸亀,5,4,赤坂俊輔,A1,0.00,4,○,17.8477,15.5,100,66.7,0.1513,3.2833,,,0,低,76,0,-,36,0,82.9,1.5909,0,0,0.1071,0.0714,0,0.0095,0.1321,0.0286,,,C,○,○,0.3318,0.668,0.3935,0.4313,A,67,0,◎-○軸 3着3〜4艇流し（10〜15点）,0.5777,"{'is_target': True, 'verdict': '参加推奨', 'max_combo_prob': 0.0606, 'est_top_odds': 22.0, 'circle_concentration': 63.8, 'eligible_count': 8, 'bet_adj': 2, 'reason': 'rel_win1=49.6%（本命度） / 最有力組み合わせ確率: 0.061（推定実オッズ?22倍） / 2着集中度: 上位2艇 63.8%（補正+0.00） / 総合判定確率: 0.061 / → ヒモ分散。1号艇1着固定で広めのヒモ流し推奨（買い目+2点）', 'tenji_trigger': '展示確認: ヒモ分散レース。1号艇伸び確認後、広めのヒモ流しを採用。穴ヒモ（5・6号艇）を積極的に含める。'}",,,27.7,逃げ狙い,19.35,26.2,4,,,,,,,,,,,
2025-09-04,丸亀,5,5,坂元浩仁,A2,0.00,5,▲,8.4502,16.7,91,57.8,0.1422,3.2188,,,0,低,89,0,差ま0%,55,0,37.2,1.8343,0,0,0.0323,0.129,0,0.0098,0.1345,0.0195,,,C,◎,◎,0.3534,0.6735,0.4501,0.4313,A,67,0,◎-○軸 3着3〜4艇流し（10〜15点）,0.5777,"{'is_target': True, 'verdict': '参加推奨', 'max_combo_prob': 0.0606, 'est_top_odds': 22.0, 'circle_concentration': 63.8, 'eligible_count': 8, 'bet_adj': 2, 'reason': 'rel_win1=49.6%（本命度） / 最有力組み合わせ確率: 0.061（推定実オッズ?22倍） / 2着集中度: 上位2艇 63.8%（補正+0.00） / 総合判定確率: 0.061 / → ヒモ分散。1号艇1着固定で広めのヒモ流し推奨（買い目+2点）', 'tenji_trigger': '展示確認: ヒモ分散レース。1号艇伸び確認後、広めのヒモ流しを採用。穴ヒモ（5・6号艇）を積極的に含める。'}",,,27.7,逃げ狙い,19.35,26.2,4,,,,,,,,,,,
2025-09-04,丸亀,5,6,小林文彦,A2,0.00,6,,1.0761,4,51,22.4,0.2051,4.7347,,,0,低,166,0,-,3,0,31.5,0.3889,,,,,,0.0143,0.2286,0.1143,,,C,,,0.1611,0.5995,,0.4313,A,67,0,◎-○軸 3着3〜4艇流し（10〜15点）,0.5777,"{'is_target': True, 'verdict': '参加推奨', 'max_combo_prob': 0.0606, 'est_top_odds': 22.0, 'circle_concentration': 63.8, 'eligible_count': 8, 'bet_adj': 2, 'reason': 'rel_win1=49.6%（本命度） / 最有力組み合わせ確率: 0.061（推定実オッズ?22倍） / 2着集中度: 上位2艇 63.8%（補正+0.00） / 総合判定確率: 0.061 / → ヒモ分散。1号艇1着固定で広めのヒモ流し推奨（買い目+2点）', 'tenji_trigger': '展示確認: ヒモ分散レース。1号艇伸び確認後、広めのヒモ流しを採用。穴ヒモ（5・6号艇）を積極的に含める。'}",,,27.7,逃げ狙い,19.35,26.2,4,,,,,,,,,,,
2025-09-04,丸亀,6,1,間嶋仁志,A2,0.00,1,◎,58.2924,,0,84.4,0.1706,3.1406,,,0,低,136,0,逃0%,4,0,86,1.1146,0.48,,,,,0.048,0.048,0.412,○,,C,○,,,0.6285,,0.4049,S,80,0,◎1着固定 2-3着流し（5〜8点）,0.5777,"{'is_target': True, 'verdict': '参加推奨', 'max_combo_prob': 0.0934, 'est_top_odds': 14.3, 'circle_concentration': 69.5, 'eligible_count': 6, 'bet_adj': 2, 'reason': 'rel_win1=58.3%（本命度） / 最有力組み合わせ確率: 0.093（推定実オッズ?14倍） / 2着集中度: 上位2艇 69.5%（補正+0.00） / 総合判定確率: 0.093 / → ヒモ分散。1号艇1着固定で広めのヒモ流し推奨（買い目+2点）', 'tenji_trigger': '展示確認: ヒモ分散レース。1号艇伸び確認後、広めのヒモ流しを採用。穴ヒモ（5・6号艇）を積極的に含める。'}",,,26.8,逃げ狙い,11.4,30.2,4,,,,,0,0,0.6155,0,,逃げ軸流し,A
2025-09-04,丸亀,6,2,北川敏弘,B1,0.00,2,△,8.5396,21.4,65,37.2,0.1822,3.9314,,,0,低,115,0,差0% ま0%,34,0,19.8,0.6521,0,0.0385,0.0385,0,0,0.3106,0.0706,0.2141,,,C,,,0.1988,0.55,,0.4049,S,80,0,◎1着固定 2-3着流し（5〜8点）,0.5777,"{'is_target': True, 'verdict': '参加推奨', 'max_combo_prob': 0.0934, 'est_top_odds': 14.3, 'circle_concentration': 69.5, 'eligible_count': 6, 'bet_adj': 2, 'reason': 'rel_win1=58.3%（本命度） / 最有力組み合わせ確率: 0.093（推定実オッズ?14倍） / 2着集中度: 上位2艇 69.5%（補正+0.00） / 総合判定確率: 0.093 / → ヒモ分散。1号艇1着固定で広めのヒモ流し推奨（買い目+2点）', 'tenji_trigger': '展示確認: ヒモ分散レース。1号艇伸び確認後、広めのヒモ流しを採用。穴ヒモ（5・6号艇）を積極的に含める。'}",,,26.8,逃げ狙い,11.4,30.2,4,,,,,,,,,,,
2025-09-04,丸亀,6,3,濱本優一,A2,0.00,3,▲,14.003,44.6,80,68.8,0.1661,3.2266,,,0,低,141,0,差0% ま0% 差ま0% 抜0%,42,0,67,1.33,0,0.04,0.08,0.04,0.04,0.0429,0.1629,0,,,C,△,,0.3258,0.61,,0.4049,S,80,0,◎1着固定 2-3着流し（5〜8点）,0.5777,"{'is_target': True, 'verdict': '参加推奨', 'max_combo_prob': 0.0934, 'est_top_odds': 14.3, 'circle_concentration': 69.5, 'eligible_count': 6, 'bet_adj': 2, 'reason': 'rel_win1=58.3%（本命度） / 最有力組み合わせ確率: 0.093（推定実オッズ?14倍） / 2着集中度: 上位2艇 69.5%（補正+0.00） / 総合判定確率: 0.093 / → ヒモ分散。1号艇1着固定で広めのヒモ流し推奨（買い目+2点）', 'tenji_trigger': '展示確認: ヒモ分散レース。1号艇伸び確認後、広めのヒモ流しを採用。穴ヒモ（5・6号艇）を積極的に含める。'}",,,26.8,逃げ狙い,11.4,30.2,4,,,,,,,,,,,
2025-09-04,丸亀,6,4,濱野斗馬,A1,0.00,4,○,13.1452,25,100,66.7,0.1374,2.0741,,,0,低,40,0,ま0%,51,0,36.9,0.7213,0,0,0.0625,0.125,0,0.0968,0,0.0323,,◎,C,◎,◎,0.4443,0.638,0.4958,0.4049,S,80,0,◎1着固定 2-3着流し（5〜8点）,0.5777,"{'is_target': True, 'verdict': '参加推奨', 'max_combo_prob': 0.0934, 'est_top_odds': 14.3, 'circle_concentration': 69.5, 'eligible_count': 6, 'bet_adj': 2, 'reason': 'rel_win1=58.3%（本命度） / 最有力組み合わせ確率: 0.093（推定実オッズ?14倍） / 2着集中度: 上位2艇 69.5%（補正+0.00） / 総合判定確率: 0.093 / → ヒモ分散。1号艇1着固定で広めのヒモ流し推奨（買い目+2点）', 'tenji_trigger': '展示確認: ヒモ分散レース。1号艇伸び確認後、広めのヒモ流しを採用。穴ヒモ（5・6号艇）を積極的に含める。'}",,,26.8,逃げ狙い,11.4,30.2,4,,,,,,,,,,,
2025-09-04,丸亀,6,5,沼田大都,B1,0.00,5,,4.7809,6.4,69,35.3,0.1951,4.0098,,,0,低,147,0,-,5,0,43.6,0.9169,0,0,0,0.04,0,0.2308,0.1538,0.1538,,,C,,,0.2098,0.522,,0.4049,S,80,0,◎1着固定 2-3着流し（5〜8点）,0.5777,"{'is_target': True, 'verdict': '参加推奨', 'max_combo_prob': 0.0934, 'est_top_odds': 14.3, 'circle_concentration': 69.5, 'eligible_count': 6, 'bet_adj': 2, 'reason': 'rel_win1=58.3%（本命度） / 最有力組み合わせ確率: 0.093（推定実オッズ?14倍） / 2着集中度: 上位2艇 69.5%（補正+0.00） / 総合判定確率: 0.093 / → ヒモ分散。1号艇1着固定で広めのヒモ流し推奨（買い目+2点）', 'tenji_trigger': '展示確認: ヒモ分散レース。1号艇伸び確認後、広めのヒモ流しを採用。穴ヒモ（5・6号艇）を積極的に含める。'}",,,26.8,逃げ狙い,11.4,30.2,4,,,,,,,,,,,
2025-09-04,丸亀,6,6,中渡修作,B1,0.00,6,,1.2389,2.7,44,22.2,0.2204,4.7444,,,0,低,108,0,-,4,0,33.8,0.9964,,,,,,0.1632,0.1632,0.4263,,,C,△,,0.1625,0.606,,0.4049,S,80,0,◎1着固定 2-3着流し（5〜8点）,0.5777,"{'is_target': True, 'verdict': '参加推奨', 'max_combo_prob': 0.0934, 'est_top_odds': 14.3, 'circle_concentration': 69.5, 'eligible_count': 6, 'bet_adj': 2, 'reason': 'rel_win1=58.3%（本命度） / 最有力組み合わせ確率: 0.093（推定実オッズ?14倍） / 2着集中度: 上位2艇 69.5%（補正+0.00） / 総合判定確率: 0.093 / → ヒモ分散。1号艇1着固定で広めのヒモ流し推奨（買い目+2点）', 'tenji_trigger': '展示確認: ヒモ分散レース。1号艇伸び確認後、広めのヒモ流しを採用。穴ヒモ（5・6号艇）を積極的に含める。'}",,,26.8,逃げ狙い,11.4,30.2,4,,,,,,,,,,,
2025-09-04,丸亀,7,1,浅見昌克,A2,0.00,1,◎,60.9418,,0,93.2,0.1527,2.8836,,,0,低,84,0,逃1%,45,0,90.5,1.1975,0.7647,,,,,0,0.0882,0.1471,◎,,C,△,,,0.6215,,0.5395,S,100,0,◎1着固定 2-3着流し（5〜8点）,0.5777,"{'is_target': True, 'verdict': '参加推奨', 'max_combo_prob': 0.0603, 'est_top_odds': 22.1, 'circle_concentration': 62.2, 'eligible_count': 6, 'bet_adj': 2, 'reason': 'rel_win1=60.9%（本命度） / 最有力組み合わせ確率: 0.060（推定実オッズ?22倍） / 2着集中度: 上位2艇 62.2%（補正+0.00） / 総合判定確率: 0.060 / → ヒモ分散。1号艇1着固定で広めのヒモ流し推奨（買い目+2点）', 'tenji_trigger': '展示確認: ヒモ分散レース。1号艇伸び確認後、広めのヒモ流しを採用。穴ヒモ（5・6号艇）を積極的に含める。'}",,,25.4,逃げ狙い,11.39,26.3,3,,,,,0,0,0.7559,0,,逃げ軸流し,A
2025-09-04,丸亀,7,2,川辺郭人,B2,0.00,2,▲,12.1835,31.6,100,30,0.1695,3.35,,,0,低,96,0,差0% ま0%,65,0,18.2,0.5586,0,0.05,0.05,0,0,0.0364,0.3091,0.0364,,,C,,,0.1426,0.5105,,0.5395,S,100,0,◎1着固定 2-3着流し（5〜8点）,0.5777,"{'is_target': True, 'verdict': '参加推奨', 'max_combo_prob': 0.0603, 'est_top_odds': 22.1, 'circle_concentration': 62.2, 'eligible_count': 6, 'bet_adj': 2, 'reason': 'rel_win1=60.9%（本命度） / 最有力組み合わせ確率: 0.060（推定実オッズ?22倍） / 2着集中度: 上位2艇 62.2%（補正+0.00） / 総合判定確率: 0.060 / → ヒモ分散。1号艇1着固定で広めのヒモ流し推奨（買い目+2点）', 'tenji_trigger': '展示確認: ヒモ分散レース。1号艇伸び確認後、広めのヒモ流しを採用。穴ヒモ（5・6号艇）を積極的に含める。'}",,,25.4,逃げ狙い,11.39,26.3,3,,,,,,,,,,,
2025-09-04,丸亀,7,3,大崎　翔,B1,0.00,3,○,10.7497,30.6,70,53.6,0.1433,2.8768,,,0,低,117,0,-,6,0,40.3,0.9215,0,0.0345,0,0.069,0,0.3127,0.0727,0.1745,,,C,○,,0.3389,0.643,,0.5395,S,100,0,◎1着固定 2-3着流し（5〜8点）,0.5777,"{'is_target': True, 'verdict': '参加推奨', 'max_combo_prob': 0.0603, 'est_top_odds': 22.1, 'circle_concentration': 62.2, 'eligible_count': 6, 'bet_adj': 2, 'reason': 'rel_win1=60.9%（本命度） / 最有力組み合わせ確率: 0.060（推定実オッズ?22倍） / 2着集中度: 上位2艇 62.2%（補正+0.00） / 総合判定確率: 0.060 / → ヒモ分散。1号艇1着固定で広めのヒモ流し推奨（買い目+2点）', 'tenji_trigger': '展示確認: ヒモ分散レース。1号艇伸び確認後、広めのヒモ流しを採用。穴ヒモ（5・6号艇）を積極的に含める。'}",,,25.4,逃げ狙い,11.39,26.3,3,,,,,,,,,,,
2025-09-04,丸亀,7,4,中島真二,B1,0.00,4,△,6.1735,8.9,99,33.9,0.1771,3.8983,,,0,低,161,0,-,4,0,45.4,0.7736,0,0.037,0.037,0,0,0.0211,0.4053,0.0421,,,C,△,,0.1903,0.6155,,0.5395,S,100,0,◎1着固定 2-3着流し（5〜8点）,0.5777,"{'is_target': True, 'verdict': '参加推奨', 'max_combo_prob': 0.0603, 'est_top_odds': 22.1, 'circle_concentration': 62.2, 'eligible_count': 6, 'bet_adj': 2, 'reason': 'rel_win1=60.9%（本命度） / 最有力組み合わせ確率: 0.060（推定実オッズ?22倍） / 2着集中度: 上位2艇 62.2%（補正+0.00） / 総合判定確率: 0.060 / → ヒモ分散。1号艇1着固定で広めのヒモ流し推奨（買い目+2点）', 'tenji_trigger': '展示確認: ヒモ分散レース。1号艇伸び確認後、広めのヒモ流しを採用。穴ヒモ（5・6号艇）を積極的に含める。'}",,,25.4,逃げ狙い,11.39,26.3,3,,,,,,,,,,,
2025-09-04,丸亀,7,5,青木玄太,A1,0.00,5,,8.8322,28.2,67,50,0.1861,3.5714,,,0,低,75,0,ま0%,22,0,84.8,1.5517,0,0,0.1111,0,0,0,0.0625,0.1875,,,C,,,0.2038,0.586,,0.5395,S,100,0,◎1着固定 2-3着流し（5〜8点）,0.5777,"{'is_target': True, 'verdict': '参加推奨', 'max_combo_prob': 0.0603, 'est_top_odds': 22.1, 'circle_concentration': 62.2, 'eligible_count': 6, 'bet_adj': 2, 'reason': 'rel_win1=60.9%（本命度） / 最有力組み合わせ確率: 0.060（推定実オッズ?22倍） / 2着集中度: 上位2艇 62.2%（補正+0.00） / 総合判定確率: 0.060 / → ヒモ分散。1号艇1着固定で広めのヒモ流し推奨（買い目+2点）', 'tenji_trigger': '展示確認: ヒモ分散レース。1号艇伸び確認後、広めのヒモ流しを採用。穴ヒモ（5・6号艇）を積極的に含める。'}",,,25.4,逃げ狙い,11.39,26.3,3,,,,,,,,,,,
2025-09-04,丸亀,7,6,山崎裕司,A2,0.00,6,,1.1194,0.7,80,20,0.1845,4.75,,,0,低,130,0,-,41,0,36.4,0.9394,,,,,,0.0279,0.0779,0.1465,,,C,◎,,0.2092,0.656,,0.5395,S,100,0,◎1着固定 2-3着流し（5〜8点）,0.5777,"{'is_target': True, 'verdict': '参加推奨', 'max_combo_prob': 0.0603, 'est_top_odds': 22.1, 'circle_concentration': 62.2, 'eligible_count': 6, 'bet_adj': 2, 'reason': 'rel_win1=60.9%（本命度） / 最有力組み合わせ確率: 0.060（推定実オッズ?22倍） / 2着集中度: 上位2艇 62.2%（補正+0.00） / 総合判定確率: 0.060 / → ヒモ分散。1号艇1着固定で広めのヒモ流し推奨（買い目+2点）', 'tenji_trigger': '展示確認: ヒモ分散レース。1号艇伸び確認後、広めのヒモ流しを採用。穴ヒモ（5・6号艇）を積極的に含める。'}",,,25.4,逃げ狙い,11.39,26.3,3,,,,,,,,,,,
2025-09-04,丸亀,8,1,藤岡俊介,A1,0.00,1,◎,70.1536,,0,89.8,0.1139,2.0114,,,0,低,38,0,抜1%,33,0,83.2,1.0149,0.7692,,,,,0.0769,0.0256,0.0256,◎,,C,◎,,,0.6905,,0.7789,S,91,0,◎1着固定 2-3着流し（5〜8点）,0.5777,"{'is_target': True, 'verdict': '点数絞り', 'max_combo_prob': 0.0901, 'est_top_odds': 14.8, 'circle_concentration': 74.3, 'eligible_count': 6, 'bet_adj': 0, 'reason': 'rel_win1=70.2%（本命度） / 最有力組み合わせ確率: 0.090（推定実オッズ?15倍） / 2着集中度: 上位2艇 74.3%（補正+0.04） / 総合判定確率: 0.130 / → ヒモはやや固め。上位2艇以外を切ること', 'tenji_trigger': '展示確認: 1号艇伸び良→そのまま採用。悪→飛び組に差し替え。circle_pct上位2艇に絞り込むこと。\n展示で1号艇スタート超安定(0.114秒)→ヒモ固まり方向に注意'}",,,25.7,逃げ狙い,15.67,23.4,2,,,,,0,0,0.7559,0,,逃げ軸流し,A
2025-09-04,丸亀,8,2,一瀬　明,A2,0.00,2,△,11.2719,38.9,100,69.6,0.1694,4.2319,,,0,低,121,0,-,13,0,70.5,0.866,0,0.0909,0,0,0.0303,0.0205,0.0853,0.2322,,,C,○,,0.07,0.675,,0.7789,S,91,0,◎1着固定 2-3着流し（5〜8点）,0.5777,"{'is_target': True, 'verdict': '点数絞り', 'max_combo_prob': 0.0901, 'est_top_odds': 14.8, 'circle_concentration': 74.3, 'eligible_count': 6, 'bet_adj': 0, 'reason': 'rel_win1=70.2%（本命度） / 最有力組み合わせ確率: 0.090（推定実オッズ?15倍） / 2着集中度: 上位2艇 74.3%（補正+0.04） / 総合判定確率: 0.130 / → ヒモはやや固め。上位2艇以外を切ること', 'tenji_trigger': '展示確認: 1号艇伸び良→そのまま採用。悪→飛び組に差し替え。circle_pct上位2艇に絞り込むこと。\n展示で1号艇スタート超安定(0.114秒)→ヒモ固まり方向に注意'}",,,25.7,逃げ狙い,15.67,23.4,2,,,,,,,,,,,
2025-09-04,丸亀,8,3,牧山敦也,B1,0.00,3,○,9.153,35.5,61,65.4,0.1556,3.0385,,,0,低,107,0,-,6,0,37.2,0.9025,0,0,0,0.1923,0.0385,0.0706,0.0471,0.5412,,,C,,,0.152,0.631,,0.7789,S,91,0,◎1着固定 2-3着流し（5〜8点）,0.5777,"{'is_target': True, 'verdict': '点数絞り', 'max_combo_prob': 0.0901, 'est_top_odds': 14.8, 'circle_concentration': 74.3, 'eligible_count': 6, 'bet_adj': 0, 'reason': 'rel_win1=70.2%（本命度） / 最有力組み合わせ確率: 0.090（推定実オッズ?15倍） / 2着集中度: 上位2艇 74.3%（補正+0.04） / 総合判定確率: 0.130 / → ヒモはやや固め。上位2艇以外を切ること', 'tenji_trigger': '展示確認: 1号艇伸び良→そのまま採用。悪→飛び組に差し替え。circle_pct上位2艇に絞り込むこと。\n展示で1号艇スタート超安定(0.114秒)→ヒモ固まり方向に注意'}",,,25.7,逃げ狙い,15.67,23.4,2,,,,,,,,,,,
2025-09-04,丸亀,8,4,森安弘雅,A2,0.00,4,,5.4245,14,79,48.4,0.1778,4,,,0,低,178,0,差0%,34,0,45.5,0.9251,0,0.0345,0,0,0,0.0167,0.1833,0.2,,,C,,,0.1006,0.6065,,0.7789,S,91,0,◎1着固定 2-3着流し（5〜8点）,0.5777,"{'is_target': True, 'verdict': '点数絞り', 'max_combo_prob': 0.0901, 'est_top_odds': 14.8, 'circle_concentration': 74.3, 'eligible_count': 6, 'bet_adj': 0, 'reason': 'rel_win1=70.2%（本命度） / 最有力組み合わせ確率: 0.090（推定実オッズ?15倍） / 2着集中度: 上位2艇 74.3%（補正+0.04） / 総合判定確率: 0.130 / → ヒモはやや固め。上位2艇以外を切ること', 'tenji_trigger': '展示確認: 1号艇伸び良→そのまま採用。悪→飛び組に差し替え。circle_pct上位2艇に絞り込むこと。\n展示で1号艇スタート超安定(0.114秒)→ヒモ固まり方向に注意'}",,,25.7,逃げ狙い,15.67,23.4,2,,,,,,,,,,,
2025-09-04,丸亀,8,5,永嶋裕一,B1,0.00,5,▲,3.0212,10.6,79,43.9,0.1533,3.3772,,,0,低,92,0,差0% ま0%,31,0,36,1.1981,0,0.0417,0.0417,0,0,0.0333,0.1591,0.1424,,,C,△,,0.1633,0.6425,,0.7789,S,91,0,◎1着固定 2-3着流し（5〜8点）,0.5777,"{'is_target': True, 'verdict': '点数絞り', 'max_combo_prob': 0.0901, 'est_top_odds': 14.8, 'circle_concentration': 74.3, 'eligible_count': 6, 'bet_adj': 0, 'reason': 'rel_win1=70.2%（本命度） / 最有力組み合わせ確率: 0.090（推定実オッズ?15倍） / 2着集中度: 上位2艇 74.3%（補正+0.04） / 総合判定確率: 0.130 / → ヒモはやや固め。上位2艇以外を切ること', 'tenji_trigger': '展示確認: 1号艇伸び良→そのまま採用。悪→飛び組に差し替え。circle_pct上位2艇に絞り込むこと。\n展示で1号艇スタート超安定(0.114秒)→ヒモ固まり方向に注意'}",,,25.7,逃げ狙い,15.67,23.4,2,,,,,,,,,,,
2025-09-04,丸亀,8,6,西川真人,B1,0.00,6,,0.9758,1.1,20,7.5,0.197,4.6875,,,0,低,172,0,-,6,0,24.6,0.6375,,,,,,0.2227,0.2409,0.1114,,,C,△,,0.1382,0.6345,,0.7789,S,91,0,◎1着固定 2-3着流し（5〜8点）,0.5777,"{'is_target': True, 'verdict': '点数絞り', 'max_combo_prob': 0.0901, 'est_top_odds': 14.8, 'circle_concentration': 74.3, 'eligible_count': 6, 'bet_adj': 0, 'reason': 'rel_win1=70.2%（本命度） / 最有力組み合わせ確率: 0.090（推定実オッズ?15倍） / 2着集中度: 上位2艇 74.3%（補正+0.04） / 総合判定確率: 0.130 / → ヒモはやや固め。上位2艇以外を切ること', 'tenji_trigger': '展示確認: 1号艇伸び良→そのまま採用。悪→飛び組に差し替え。circle_pct上位2艇に絞り込むこと。\n展示で1号艇スタート超安定(0.114秒)→ヒモ固まり方向に注意'}",,,25.7,逃げ狙い,15.67,23.4,2,,,,,,,,,,,
2025-09-04,丸亀,9,1,廣瀬将亨,A2,0.00,1,◎,59.8353,,0,84.9,0.1608,3.226,,,0,低,86,0,逃1%,54,0,80,1.1076,0.6341,,,,,0.0293,0.198,0.0293,○,,C,△,,,0.64,,0.4404,S,81,0,◎1着固定 2-3着流し（5〜8点）,0.5777,"{'is_target': True, 'verdict': '参加推奨', 'max_combo_prob': 0.0964, 'est_top_odds': 13.8, 'circle_concentration': 69.8, 'eligible_count': 6, 'bet_adj': 2, 'reason': 'rel_win1=59.8%（本命度） / 最有力組み合わせ確率: 0.096（推定実オッズ?14倍） / 2着集中度: 上位2艇 69.8%（補正+0.00） / 総合判定確率: 0.096 / → ヒモ分散。1号艇1着固定で広めのヒモ流し推奨（買い目+2点）', 'tenji_trigger': '展示確認: ヒモ分散レース。1号艇伸び確認後、広めのヒモ流しを採用。穴ヒモ（5・6号艇）を積極的に含める。'}",,,29.1,逃げ狙い,21.31,28.3,2,,,,,0,0,0.6155,0,,逃げ軸流し,A
2025-09-04,丸亀,9,2,前田　翔,A1,0.00,2,○,21.9697,53.5,96,79.3,0.1521,2.9138,,,0,低,48,0,差0% 抜0%,14,0,72.7,1.3581,0,0.3125,0,0,0.0625,0.0952,0.0476,0.0952,,◎,C,◎,,0.4662,0.6585,,0.4404,S,81,0,◎1着固定 2-3着流し（5〜8点）,0.5777,"{'is_target': True, 'verdict': '参加推奨', 'max_combo_prob': 0.0964, 'est_top_odds': 13.8, 'circle_concentration': 69.8, 'eligible_count': 6, 'bet_adj': 2, 'reason': 'rel_win1=59.8%（本命度） / 最有力組み合わせ確率: 0.096（推定実オッズ?14倍） / 2着集中度: 上位2艇 69.8%（補正+0.00） / 総合判定確率: 0.096 / → ヒモ分散。1号艇1着固定で広めのヒモ流し推奨（買い目+2点）', 'tenji_trigger': '展示確認: ヒモ分散レース。1号艇伸び確認後、広めのヒモ流しを採用。穴ヒモ（5・6号艇）を積極的に含める。'}",,,29.1,逃げ狙い,21.31,28.3,2,,,,,,,,,,,
2025-09-04,丸亀,9,3,吉岡　誠,B1,0.00,3,△,6.6327,13.2,100,39.2,0.1476,3.0686,,,0,低,74,0,-,2,0,92.8,1.8767,,,,,,0.2727,0.0909,0.1818,,△,C,,,0.3877,0.573,,0.4404,S,81,0,◎1着固定 2-3着流し（5〜8点）,0.5777,"{'is_target': True, 'verdict': '参加推奨', 'max_combo_prob': 0.0964, 'est_top_odds': 13.8, 'circle_concentration': 69.8, 'eligible_count': 6, 'bet_adj': 2, 'reason': 'rel_win1=59.8%（本命度） / 最有力組み合わせ確率: 0.096（推定実オッズ?14倍） / 2着集中度: 上位2艇 69.8%（補正+0.00） / 総合判定確率: 0.096 / → ヒモ分散。1号艇1着固定で広めのヒモ流し推奨（買い目+2点）', 'tenji_trigger': '展示確認: ヒモ分散レース。1号艇伸び確認後、広めのヒモ流しを採用。穴ヒモ（5・6号艇）を積極的に含める。'}",,,29.1,逃げ狙い,21.31,28.3,2,,,,,,,,,,,
2025-09-04,丸亀,9,4,石井伸長,B1,0.00,4,,6.2308,16.3,75,45,0.169,3.175,,,0,低,79,0,-,14,0,51.7,0.966,0,0,0.0323,0.0645,0,0,0.5,0.25,,,C,,,0.2863,0.5655,,0.4404,S,81,0,◎1着固定 2-3着流し（5〜8点）,0.5777,"{'is_target': True, 'verdict': '参加推奨', 'max_combo_prob': 0.0964, 'est_top_odds': 13.8, 'circle_concentration': 69.8, 'eligible_count': 6, 'bet_adj': 2, 'reason': 'rel_win1=59.8%（本命度） / 最有力組み合わせ確率: 0.096（推定実オッズ?14倍） / 2着集中度: 上位2艇 69.8%（補正+0.00） / 総合判定確率: 0.096 / → ヒモ分散。1号艇1着固定で広めのヒモ流し推奨（買い目+2点）', 'tenji_trigger': '展示確認: ヒモ分散レース。1号艇伸び確認後、広めのヒモ流しを採用。穴ヒモ（5・6号艇）を積極的に含める。'}",,,29.1,逃げ狙い,21.31,28.3,2,,,,,,,,,,,
2025-09-04,丸亀,9,5,村田修次,A2,0.00,5,▲,4.2402,15.6,81,49,0.1443,3.1471,,,0,低,93,0,-,23,0,71.1,1.3081,,,,,,0.0625,0.1107,0.2214,,,C,○,,0.3949,0.6435,,0.4404,S,81,0,◎1着固定 2-3着流し（5〜8点）,0.5777,"{'is_target': True, 'verdict': '参加推奨', 'max_combo_prob': 0.0964, 'est_top_odds': 13.8, 'circle_concentration': 69.8, 'eligible_count': 6, 'bet_adj': 2, 'reason': 'rel_win1=59.8%（本命度） / 最有力組み合わせ確率: 0.096（推定実オッズ?14倍） / 2着集中度: 上位2艇 69.8%（補正+0.00） / 総合判定確率: 0.096 / → ヒモ分散。1号艇1着固定で広めのヒモ流し推奨（買い目+2点）', 'tenji_trigger': '展示確認: ヒモ分散レース。1号艇伸び確認後、広めのヒモ流しを採用。穴ヒモ（5・6号艇）を積極的に含める。'}",,,29.1,逃げ狙い,21.31,28.3,2,,,,,,,,,,,
2025-09-04,丸亀,9,6,花本夏樹,B1,0.00,6,,1.0913,1.4,76,20,0.2551,5.4,,,0,低,186,0,-,16,0,31.7,0.71,,,,,,0,0,0.34,,,C,△,,0.1647,0.605,,0.4404,S,81,0,◎1着固定 2-3着流し（5〜8点）,0.5777,"{'is_target': True, 'verdict': '参加推奨', 'max_combo_prob': 0.0964, 'est_top_odds': 13.8, 'circle_concentration': 69.8, 'eligible_count': 6, 'bet_adj': 2, 'reason': 'rel_win1=59.8%（本命度） / 最有力組み合わせ確率: 0.096（推定実オッズ?14倍） / 2着集中度: 上位2艇 69.8%（補正+0.00） / 総合判定確率: 0.096 / → ヒモ分散。1号艇1着固定で広めのヒモ流し推奨（買い目+2点）', 'tenji_trigger': '展示確認: ヒモ分散レース。1号艇伸び確認後、広めのヒモ流しを採用。穴ヒモ（5・6号艇）を積極的に含める。'}",,,29.1,逃げ狙い,21.31,28.3,2,,,,,,,,,,,
2025-09-04,丸亀,10,1,濱本優一,A2,0.00,1,◎,60.5371,,0,96.3,0.1468,2.5244,,,0,低,141,0,逃1%,42,0,91.9,1.2279,0.7857,,,,,0.0429,0.1629,0,◎,,C,△,,,0.61,,0.6146,S,80,0,◎1着固定 2-3着流し（5〜8点）,0.5777,"{'is_target': True, 'verdict': '点数絞り', 'max_combo_prob': 0.0922, 'est_top_odds': 14.5, 'circle_concentration': 81.8, 'eligible_count': 6, 'bet_adj': 0, 'reason': 'rel_win1=60.5%（本命度） / 最有力組み合わせ確率: 0.092（推定実オッズ?14倍） / 2着集中度: 上位2艇 81.8%（補正+0.04） / 総合判定確率: 0.132 / → ヒモはやや固め。上位2艇以外を切ること', 'tenji_trigger': '展示確認: 1号艇伸び良→そのまま採用。悪→飛び組に差し替え。circle_pct上位2艇に絞り込むこと。'}",,,28,逃げ狙い,20.1,26.3,3,,,,,0,0,0.7559,0,,逃げ軸流し,A
2025-09-04,丸亀,10,2,松尾　拓,A2,0.00,2,▲,13.6128,52.1,100,75.4,0.1544,3.1557,,,0,低,111,0,差0% ま0%,11,0,61,1.2069,0,0.1154,0.0769,0,0,0.2333,0.0222,0.0333,,,C,○,,0.2489,0.6325,,0.6146,S,80,0,◎1着固定 2-3着流し（5〜8点）,0.5777,"{'is_target': True, 'verdict': '点数絞り', 'max_combo_prob': 0.0922, 'est_top_odds': 14.5, 'circle_concentration': 81.8, 'eligible_count': 6, 'bet_adj': 0, 'reason': 'rel_win1=60.5%（本命度） / 最有力組み合わせ確率: 0.092（推定実オッズ?14倍） / 2着集中度: 上位2艇 81.8%（補正+0.04） / 総合判定確率: 0.132 / → ヒモはやや固め。上位2艇以外を切ること', 'tenji_trigger': '展示確認: 1号艇伸び良→そのまま採用。悪→飛び組に差し替え。circle_pct上位2艇に絞り込むこと。'}",,,28,逃げ狙い,20.1,26.3,3,,,,,,,,,,,
2025-09-04,丸亀,10,3,赤坂俊輔,A1,0.00,3,○,15.0307,29.7,93,73.9,0.1428,2.8846,,,0,低,76,0,差0% ま0% 差ま0%,36,0,67.5,1.4265,0,0.1,0.0333,0.1333,0,0.0095,0.1321,0.0286,,,C,◎,,0.3304,0.668,,0.6146,S,80,0,◎1着固定 2-3着流し（5〜8点）,0.5777,"{'is_target': True, 'verdict': '点数絞り', 'max_combo_prob': 0.0922, 'est_top_odds': 14.5, 'circle_concentration': 81.8, 'eligible_count': 6, 'bet_adj': 0, 'reason': 'rel_win1=60.5%（本命度） / 最有力組み合わせ確率: 0.092（推定実オッズ?14倍） / 2着集中度: 上位2艇 81.8%（補正+0.04） / 総合判定確率: 0.132 / → ヒモはやや固め。上位2艇以外を切ること', 'tenji_trigger': '展示確認: 1号艇伸び良→そのまま採用。悪→飛び組に差し替え。circle_pct上位2艇に絞り込むこと。'}",,,28,逃げ狙い,20.1,26.3,3,,,,,,,,,,,
2025-09-04,丸亀,10,4,中島昂章,B1,0.00,4,△,5.3922,13.9,91,45.2,0.1779,4.3095,,,0,低,119,0,-,3,0,38.9,0.8585,,,,,,0.1058,0,0.2731,,,C,,,0.1891,0.5805,,0.6146,S,80,0,◎1着固定 2-3着流し（5〜8点）,0.5777,"{'is_target': True, 'verdict': '点数絞り', 'max_combo_prob': 0.0922, 'est_top_odds': 14.5, 'circle_concentration': 81.8, 'eligible_count': 6, 'bet_adj': 0, 'reason': 'rel_win1=60.5%（本命度） / 最有力組み合わせ確率: 0.092（推定実オッズ?14倍） / 2着集中度: 上位2艇 81.8%（補正+0.04） / 総合判定確率: 0.132 / → ヒモはやや固め。上位2艇以外を切ること', 'tenji_trigger': '展示確認: 1号艇伸び良→そのまま採用。悪→飛び組に差し替え。circle_pct上位2艇に絞り込むこと。'}",,,28,逃げ狙い,20.1,26.3,3,,,,,,,,,,,
2025-09-04,丸亀,10,5,鈴木茂高,B1,0.00,5,,4.4684,2.4,80,26.7,0.2012,4.2167,,,0,低,170,0,-,3,0,27,0.7379,0,0,0,0.0417,0,0.4333,0.0444,0.0222,,,C,,,0.1073,0.585,,0.6146,S,80,0,◎1着固定 2-3着流し（5〜8点）,0.5777,"{'is_target': True, 'verdict': '点数絞り', 'max_combo_prob': 0.0922, 'est_top_odds': 14.5, 'circle_concentration': 81.8, 'eligible_count': 6, 'bet_adj': 0, 'reason': 'rel_win1=60.5%（本命度） / 最有力組み合わせ確率: 0.092（推定実オッズ?14倍） / 2着集中度: 上位2艇 81.8%（補正+0.04） / 総合判定確率: 0.132 / → ヒモはやや固め。上位2艇以外を切ること', 'tenji_trigger': '展示確認: 1号艇伸び良→そのまま採用。悪→飛び組に差し替え。circle_pct上位2艇に絞り込むこと。'}",,,28,逃げ狙い,20.1,26.3,3,,,,,,,,,,,
2025-09-04,丸亀,10,6,小澤和也,B1,0.00,6,,0.9587,1.9,54,18,0.205,4.53,,,0,低,134,0,-,2,0,25.6,0.6128,,,,,,0.3242,0.0632,0.1411,,,C,△,,0.1387,0.612,,0.6146,S,80,0,◎1着固定 2-3着流し（5〜8点）,0.5777,"{'is_target': True, 'verdict': '点数絞り', 'max_combo_prob': 0.0922, 'est_top_odds': 14.5, 'circle_concentration': 81.8, 'eligible_count': 6, 'bet_adj': 0, 'reason': 'rel_win1=60.5%（本命度） / 最有力組み合わせ確率: 0.092（推定実オッズ?14倍） / 2着集中度: 上位2艇 81.8%（補正+0.04） / 総合判定確率: 0.132 / → ヒモはやや固め。上位2艇以外を切ること', 'tenji_trigger': '展示確認: 1号艇伸び良→そのまま採用。悪→飛び組に差し替え。circle_pct上位2艇に絞り込むこと。'}",,,28,逃げ狙い,20.1,26.3,3,,,,,,,,,,,
2025-09-04,丸亀,11,1,仲口博崇,A1,0.00,1,◎,62.6245,,0,91.2,0.176,3.4937,,,0,低,98,0,逃1%,25,0,85.2,1.1834,0.5641,,,,,0.161,0.0908,0.1421,○,,C,◎,,,0.663,,0.387,S,87,0,◎1着固定 2-3着流し（5〜8点）,0.5777,"{'is_target': True, 'verdict': '参加推奨', 'max_combo_prob': 0.0877, 'est_top_odds': 15.2, 'circle_concentration': 66.5, 'eligible_count': 6, 'bet_adj': 2, 'reason': 'rel_win1=62.6%（本命度） / 最有力組み合わせ確率: 0.088（推定実オッズ?15倍） / 2着集中度: 上位2艇 66.5%（補正+0.00） / 総合判定確率: 0.088 / → ヒモ分散。1号艇1着固定で広めのヒモ流し推奨（買い目+2点）', 'tenji_trigger': '展示確認: ヒモ分散レース。1号艇伸び確認後、広めのヒモ流しを採用。穴ヒモ（5・6号艇）を積極的に含める。'}",,,28.4,逃げ狙い,15.53,31.3,2,,,,,0,0,0.6155,0,,逃げ軸流し,A
2025-09-04,丸亀,11,2,濱野斗馬,A1,0.00,2,○,15.0496,43.2,100,64.3,0.1507,3.0357,,,0,低,40,0,抜0%,51,0,32.6,0.8814,0,0.0625,0.125,0,0.0625,0.0968,0,0.0323,,◎,C,△,,0.5952,0.638,,0.387,S,87,0,◎1着固定 2-3着流し（5〜8点）,0.5777,"{'is_target': True, 'verdict': '参加推奨', 'max_combo_prob': 0.0877, 'est_top_odds': 15.2, 'circle_concentration': 66.5, 'eligible_count': 6, 'bet_adj': 2, 'reason': 'rel_win1=62.6%（本命度） / 最有力組み合わせ確率: 0.088（推定実オッズ?15倍） / 2着集中度: 上位2艇 66.5%（補正+0.00） / 総合判定確率: 0.088 / → ヒモ分散。1号艇1着固定で広めのヒモ流し推奨（買い目+2点）', 'tenji_trigger': '展示確認: ヒモ分散レース。1号艇伸び確認後、広めのヒモ流しを採用。穴ヒモ（5・6号艇）を積極的に含める。'}",,,28.4,逃げ狙い,15.53,31.3,2,,,,,,,,,,,
2025-09-04,丸亀,11,3,山崎裕司,A2,0.00,3,△,10.5787,23.4,96,63.5,0.1685,3.6284,,,0,低,130,0,-,41,0,90.5,1.8044,0,0.0256,0.0513,0.0513,0,0.0279,0.0779,0.1465,,,C,○,,0.3449,0.656,,0.387,S,87,0,◎1着固定 2-3着流し（5〜8点）,0.5777,"{'is_target': True, 'verdict': '参加推奨', 'max_combo_prob': 0.0877, 'est_top_odds': 15.2, 'circle_concentration': 66.5, 'eligible_count': 6, 'bet_adj': 2, 'reason': 'rel_win1=62.6%（本命度） / 最有力組み合わせ確率: 0.088（推定実オッズ?15倍） / 2着集中度: 上位2艇 66.5%（補正+0.00） / 総合判定確率: 0.088 / → ヒモ分散。1号艇1着固定で広めのヒモ流し推奨（買い目+2点）', 'tenji_trigger': '展示確認: ヒモ分散レース。1号艇伸び確認後、広めのヒモ流しを採用。穴ヒモ（5・6号艇）を積極的に含める。'}",,,28.4,逃げ狙い,15.53,31.3,2,,,,,,,,,,,
2025-09-04,丸亀,11,4,中村将隆,B1,0.00,4,▲,4.8165,20.2,80,52.5,0.1487,3.425,,,0,低,101,0,-,5,0,40.8,0.9566,,,,,,0.2141,0.0706,0,,○,C,,,0.4325,0.592,,0.387,S,87,0,◎1着固定 2-3着流し（5〜8点）,0.5777,"{'is_target': True, 'verdict': '参加推奨', 'max_combo_prob': 0.0877, 'est_top_odds': 15.2, 'circle_concentration': 66.5, 'eligible_count': 6, 'bet_adj': 2, 'reason': 'rel_win1=62.6%（本命度） / 最有力組み合わせ確率: 0.088（推定実オッズ?15倍） / 2着集中度: 上位2艇 66.5%（補正+0.00） / 総合判定確率: 0.088 / → ヒモ分散。1号艇1着固定で広めのヒモ流し推奨（買い目+2点）', 'tenji_trigger': '展示確認: ヒモ分散レース。1号艇伸び確認後、広めのヒモ流しを採用。穴ヒモ（5・6号艇）を積極的に含める。'}",,,28.4,逃げ狙い,15.53,31.3,2,,,,,,,,,,,
2025-09-04,丸亀,11,5,小林文彦,A2,0.00,5,,5.8313,12.4,65,42.9,0.1932,4.3214,,,0,低,166,0,-,3,0,26.5,0.8024,0,0,0,0.0385,0,0.0143,0.2286,0.1143,,,C,,◎,0.2385,0.5995,0.1816,0.387,S,87,0,◎1着固定 2-3着流し（5〜8点）,0.5777,"{'is_target': True, 'verdict': '参加推奨', 'max_combo_prob': 0.0877, 'est_top_odds': 15.2, 'circle_concentration': 66.5, 'eligible_count': 6, 'bet_adj': 2, 'reason': 'rel_win1=62.6%（本命度） / 最有力組み合わせ確率: 0.088（推定実オッズ?15倍） / 2着集中度: 上位2艇 66.5%（補正+0.00） / 総合判定確率: 0.088 / → ヒモ分散。1号艇1着固定で広めのヒモ流し推奨（買い目+2点）', 'tenji_trigger': '展示確認: ヒモ分散レース。1号艇伸び確認後、広めのヒモ流しを採用。穴ヒモ（5・6号艇）を積極的に含める。'}",,,28.4,逃げ狙い,15.53,31.3,2,,,,,,,,,,,
2025-09-04,丸亀,11,6,吉永浩則,B1,0.00,6,,1.0994,0.9,55,4.9,0.1937,4.7683,,,0,低,106,0,-,6,0,30.6,0.8444,,,,,,0.0222,0.1944,0.0444,,,C,△,,0.2711,0.644,,0.387,S,87,0,◎1着固定 2-3着流し（5〜8点）,0.5777,"{'is_target': True, 'verdict': '参加推奨', 'max_combo_prob': 0.0877, 'est_top_odds': 15.2, 'circle_concentration': 66.5, 'eligible_count': 6, 'bet_adj': 2, 'reason': 'rel_win1=62.6%（本命度） / 最有力組み合わせ確率: 0.088（推定実オッズ?15倍） / 2着集中度: 上位2艇 66.5%（補正+0.00） / 総合判定確率: 0.088 / → ヒモ分散。1号艇1着固定で広めのヒモ流し推奨（買い目+2点）', 'tenji_trigger': '展示確認: ヒモ分散レース。1号艇伸び確認後、広めのヒモ流しを採用。穴ヒモ（5・6号艇）を積極的に含める。'}",,,28.4,逃げ狙い,15.53,31.3,2,,,,,,,,,,,
2025-09-04,丸亀,12,1,青木玄太,A1,0.00,1,◎,58.4554,,0,93.8,0.1663,3.4062,,,0,低,75,0,逃1%,22,0,89.5,1.1941,0.6875,,,,,0,0.0625,0.1875,○,,C,,,,0.586,,0.4435,S,84,0,◎1着固定 2-3着流し（5〜8点）,0.5777,"{'is_target': True, 'verdict': '参加推奨', 'max_combo_prob': 0.0795, 'est_top_odds': 16.8, 'circle_concentration': 66.4, 'eligible_count': 6, 'bet_adj': 2, 'reason': 'rel_win1=58.5%（本命度） / 最有力組み合わせ確率: 0.080（推定実オッズ?17倍） / 2着集中度: 上位2艇 66.4%（補正+0.00） / 総合判定確率: 0.080 / → ヒモ分散。1号艇1着固定で広めのヒモ流し推奨（買い目+2点）', 'tenji_trigger': '展示確認: ヒモ分散レース。1号艇伸び確認後、広めのヒモ流しを採用。穴ヒモ（5・6号艇）を積極的に含める。'}",,,29.6,逃げ狙い,24.46,27.1,2,,,,,0,0,0.6155,0,,逃げ軸流し,A
2025-09-04,丸亀,12,2,権藤俊光,A2,0.00,2,○,18.6491,43.8,99,81.2,0.1497,2.8438,,,0,低,50,0,差0% ま0% 抜0%,11,0,73,1.346,0,0.4706,0.0588,0,0.0588,0.0727,0.1864,0.0182,,◎,C,△,,0.574,0.6615,,0.4435,S,84,0,◎1着固定 2-3着流し（5〜8点）,0.5777,"{'is_target': True, 'verdict': '参加推奨', 'max_combo_prob': 0.0795, 'est_top_odds': 16.8, 'circle_concentration': 66.4, 'eligible_count': 6, 'bet_adj': 2, 'reason': 'rel_win1=58.5%（本命度） / 最有力組み合わせ確率: 0.080（推定実オッズ?17倍） / 2着集中度: 上位2艇 66.4%（補正+0.00） / 総合判定確率: 0.080 / → ヒモ分散。1号艇1着固定で広めのヒモ流し推奨（買い目+2点）', 'tenji_trigger': '展示確認: ヒモ分散レース。1号艇伸び確認後、広めのヒモ流しを採用。穴ヒモ（5・6号艇）を積極的に含める。'}",,,29.6,逃げ狙い,24.46,27.1,2,,,,,,,,,,,
2025-09-04,丸亀,12,3,間嶋仁志,A2,0.00,3,,7.0765,22.6,100,49.2,0.1914,3.8923,,,0,低,136,0,-,4,0,18.8,0.6862,0,0,0.0323,0.0323,0,0.048,0.048,0.412,,,C,,,0.1427,0.6285,,0.4435,S,84,0,◎1着固定 2-3着流し（5〜8点）,0.5777,"{'is_target': True, 'verdict': '参加推奨', 'max_combo_prob': 0.0795, 'est_top_odds': 16.8, 'circle_concentration': 66.4, 'eligible_count': 6, 'bet_adj': 2, 'reason': 'rel_win1=58.5%（本命度） / 最有力組み合わせ確率: 0.080（推定実オッズ?17倍） / 2着集中度: 上位2艇 66.4%（補正+0.00） / 総合判定確率: 0.080 / → ヒモ分散。1号艇1着固定で広めのヒモ流し推奨（買い目+2点）', 'tenji_trigger': '展示確認: ヒモ分散レース。1号艇伸び確認後、広めのヒモ流しを採用。穴ヒモ（5・6号艇）を積極的に含める。'}",,,29.6,逃げ狙い,24.46,27.1,2,,,,,,,,,,,
2025-09-04,丸亀,12,4,齋藤達希,B1,0.00,4,,4.0915,13.8,87,38.9,0.1886,4.3958,,,0,低,155,0,差0%,2,0,35.9,0.7696,0,0.0345,0,0,0,0.0222,0.56,0.1422,,,C,△,,0.1944,0.6375,,0.4435,S,84,0,◎1着固定 2-3着流し（5〜8点）,0.5777,"{'is_target': True, 'verdict': '参加推奨', 'max_combo_prob': 0.0795, 'est_top_odds': 16.8, 'circle_concentration': 66.4, 'eligible_count': 6, 'bet_adj': 2, 'reason': 'rel_win1=58.5%（本命度） / 最有力組み合わせ確率: 0.080（推定実オッズ?17倍） / 2着集中度: 上位2艇 66.4%（補正+0.00） / 総合判定確率: 0.080 / → ヒモ分散。1号艇1着固定で広めのヒモ流し推奨（買い目+2点）', 'tenji_trigger': '展示確認: ヒモ分散レース。1号艇伸び確認後、広めのヒモ流しを採用。穴ヒモ（5・6号艇）を積極的に含める。'}",,,29.6,逃げ狙い,24.46,27.1,2,,,,,,,,,,,
2025-09-04,丸亀,12,5,藤岡俊介,A1,0.00,5,▲,7.116,15.3,82,51.8,0.1376,2.9167,,,0,低,38,0,-,33,0,31.9,0.7288,0,0,0,0.0455,0.0455,0.0769,0.0256,0.0256,,,C,◎,◎,0.3767,0.6905,0.4228,0.4435,S,84,0,◎1着固定 2-3着流し（5〜8点）,0.5777,"{'is_target': True, 'verdict': '参加推奨', 'max_combo_prob': 0.0795, 'est_top_odds': 16.8, 'circle_concentration': 66.4, 'eligible_count': 6, 'bet_adj': 2, 'reason': 'rel_win1=58.5%（本命度） / 最有力組み合わせ確率: 0.080（推定実オッズ?17倍） / 2着集中度: 上位2艇 66.4%（補正+0.00） / 総合判定確率: 0.080 / → ヒモ分散。1号艇1着固定で広めのヒモ流し推奨（買い目+2点）', 'tenji_trigger': '展示確認: ヒモ分散レース。1号艇伸び確認後、広めのヒモ流しを採用。穴ヒモ（5・6号艇）を積極的に含める。'}",,,29.6,逃げ狙い,24.46,27.1,2,,,,,,,,,,,
2025-09-04,丸亀,12,6,坂元浩仁,A2,0.00,6,△,4.6115,4.5,53,29.8,0.1744,3.8684,,,0,低,89,0,ま0% 差ま0%,55,0,68,1.3392,0,0,0.0667,0.0333,0,0.0098,0.1345,0.0195,,,C,○,,0.2689,0.6735,,0.4435,S,84,0,◎1着固定 2-3着流し（5〜8点）,0.5777,"{'is_target': True, 'verdict': '参加推奨', 'max_combo_prob': 0.0795, 'est_top_odds': 16.8, 'circle_concentration': 66.4, 'eligible_count': 6, 'bet_adj': 2, 'reason': 'rel_win1=58.5%（本命度） / 最有力組み合わせ確率: 0.080（推定実オッズ?17倍） / 2着集中度: 上位2艇 66.4%（補正+0.00） / 総合判定確率: 0.080 / → ヒモ分散。1号艇1着固定で広めのヒモ流し推奨（買い目+2点）', 'tenji_trigger': '展示確認: ヒモ分散レース。1号艇伸び確認後、広めのヒモ流しを採用。穴ヒモ（5・6号艇）を積極的に含める。'}",,,29.6,逃げ狙い,24.46,27.1,2,,,,,,,,,,,
2025-09-05,丸亀,1,1,中渡修作,B1,0.00,1,◎,61.7024,,0,62.5,0.1575,3.2875,,,0,低,108,0,逃0%,4 6,0,73.1,0.8837,0.2105,,,,,0.1632,0.1632,0.4263,○,,C,△,,,0.606,,0.4187,B,58,0,◎○△フォーメーション（15〜20点）,0.5777,"{'is_target': True, 'verdict': '参加推奨', 'max_combo_prob': 0.0698, 'est_top_odds': 19.1, 'circle_concentration': 60.9, 'eligible_count': 9, 'bet_adj': 2, 'reason': 'rel_win1=61.7%（本命度） / 最有力組み合わせ確率: 0.070（推定実オッズ?19倍） / 2着集中度: 上位2艇 60.9%（補正+0.00） / 総合判定確率: 0.070 / → ヒモ分散。1号艇1着固定で広めのヒモ流し推奨（買い目+2点）', 'tenji_trigger': '展示確認: ヒモ分散レース。1号艇伸び確認後、広めのヒモ流しを採用。穴ヒモ（5・6号艇）を積極的に含める。'}",,,29.2,両建て推奨,12.34,36.5,3,,,,,0,0,0.6155,0,,逃げ軸流し,A
2025-09-05,丸亀,1,2,石倉拓美,B2,0.00,2,,9.3421,36.4,90,25,0.2033,4.5417,,,0,低,47,0,-,6 5,0,14.5,0.5379,,,,,,0.3333,0.3333,0,,,C,,,0.102,0.555,,0.4187,B,58,0,◎○△フォーメーション（15〜20点）,0.5777,"{'is_target': True, 'verdict': '参加推奨', 'max_combo_prob': 0.0698, 'est_top_odds': 19.1, 'circle_concentration': 60.9, 'eligible_count': 9, 'bet_adj': 2, 'reason': 'rel_win1=61.7%（本命度） / 最有力組み合わせ確率: 0.070（推定実オッズ?19倍） / 2着集中度: 上位2艇 60.9%（補正+0.00） / 総合判定確率: 0.070 / → ヒモ分散。1号艇1着固定で広めのヒモ流し推奨（買い目+2点）', 'tenji_trigger': '展示確認: ヒモ分散レース。1号艇伸び確認後、広めのヒモ流しを採用。穴ヒモ（5・6号艇）を積極的に含める。'}",,,29.2,両建て推奨,12.34,36.5,3,,,,,,,,,,,
2025-09-05,丸亀,1,3,西川真人,B1,0.00,3,▲,9.0619,21,100,33.3,0.1764,3.6594,,,0,低,172,0,-,6 46,0,31.3,0.5592,,,,,,0.2227,0.2409,0.1114,,,C,◎,,0.24,0.6345,,0.4187,B,58,0,◎○△フォーメーション（15〜20点）,0.5777,"{'is_target': True, 'verdict': '参加推奨', 'max_combo_prob': 0.0698, 'est_top_odds': 19.1, 'circle_concentration': 60.9, 'eligible_count': 9, 'bet_adj': 2, 'reason': 'rel_win1=61.7%（本命度） / 最有力組み合わせ確率: 0.070（推定実オッズ?19倍） / 2着集中度: 上位2艇 60.9%（補正+0.00） / 総合判定確率: 0.070 / → ヒモ分散。1号艇1着固定で広めのヒモ流し推奨（買い目+2点）', 'tenji_trigger': '展示確認: ヒモ分散レース。1号艇伸び確認後、広めのヒモ流しを採用。穴ヒモ（5・6号艇）を積極的に含める。'}",,,29.2,両建て推奨,12.34,36.5,3,,,,,,,,,,,
2025-09-05,丸亀,1,4,石井伸長,B1,0.00,4,○,13.2713,24.5,85,45,0.169,3.175,,,0,低,79,0,-,142,0,80.2,1.2579,0,0,0.0323,0.0645,0,0,0.5,0.25,,,C,△,,0.2682,0.5655,,0.4187,B,58,0,◎○△フォーメーション（15〜20点）,0.5777,"{'is_target': True, 'verdict': '参加推奨', 'max_combo_prob': 0.0698, 'est_top_odds': 19.1, 'circle_concentration': 60.9, 'eligible_count': 9, 'bet_adj': 2, 'reason': 'rel_win1=61.7%（本命度） / 最有力組み合わせ確率: 0.070（推定実オッズ?19倍） / 2着集中度: 上位2艇 60.9%（補正+0.00） / 総合判定確率: 0.070 / → ヒモ分散。1号艇1着固定で広めのヒモ流し推奨（買い目+2点）', 'tenji_trigger': '展示確認: ヒモ分散レース。1号艇伸び確認後、広めのヒモ流しを採用。穴ヒモ（5・6号艇）を積極的に含める。'}",,,29.2,両建て推奨,12.34,36.5,3,,,,,,,,,,,
2025-09-05,丸亀,1,5,渡辺　崇,B1,0.00,5,,5.0586,13.8,93,36.2,0.1828,3.8793,,,0,低,135,0,-,554,0,46.7,0.7605,,,,,,0.075,0.315,0.025,,,C,○,,0.2567,0.608,,0.4187,B,58,0,◎○△フォーメーション（15〜20点）,0.5777,"{'is_target': True, 'verdict': '参加推奨', 'max_combo_prob': 0.0698, 'est_top_odds': 19.1, 'circle_concentration': 60.9, 'eligible_count': 9, 'bet_adj': 2, 'reason': 'rel_win1=61.7%（本命度） / 最有力組み合わせ確率: 0.070（推定実オッズ?19倍） / 2着集中度: 上位2艇 60.9%（補正+0.00） / 総合判定確率: 0.070 / → ヒモ分散。1号艇1着固定で広めのヒモ流し推奨（買い目+2点）', 'tenji_trigger': '展示確認: ヒモ分散レース。1号艇伸び確認後、広めのヒモ流しを採用。穴ヒモ（5・6号艇）を積極的に含める。'}",,,29.2,両建て推奨,12.34,36.5,3,,,,,,,,,,,
2025-09-05,丸亀,1,6,北川敏弘,B1,0.00,6,△,1.5638,4.3,44,11.4,0.1782,3.9886,,,0,低,115,0,-,345,0,22.3,0.5639,,,,,,0.3106,0.0706,0.2141,,,C,,,0.2686,0.55,,0.4187,B,58,0,◎○△フォーメーション（15〜20点）,0.5777,"{'is_target': True, 'verdict': '参加推奨', 'max_combo_prob': 0.0698, 'est_top_odds': 19.1, 'circle_concentration': 60.9, 'eligible_count': 9, 'bet_adj': 2, 'reason': 'rel_win1=61.7%（本命度） / 最有力組み合わせ確率: 0.070（推定実オッズ?19倍） / 2着集中度: 上位2艇 60.9%（補正+0.00） / 総合判定確率: 0.070 / → ヒモ分散。1号艇1着固定で広めのヒモ流し推奨（買い目+2点）', 'tenji_trigger': '展示確認: ヒモ分散レース。1号艇伸び確認後、広めのヒモ流しを採用。穴ヒモ（5・6号艇）を積極的に含める。'}",,,29.2,両建て推奨,12.34,36.5,3,,,,,,,,,,,
2025-09-05,丸亀,2,1,藤井　徹,B1,0.00,1,◎,48.8686,,0,65.2,0.1696,3.7717,,,0,低,130,0,逃0%,464,0,75.8,0.8619,0.3,,,,,0.2,0.36,0.18,△,,C,△,,,0.6035,,0.2554,B,51,0,◎○△フォーメーション（15〜20点）,0.5777,"{'is_target': True, 'verdict': '点数絞り', 'max_combo_prob': 0.116, 'est_top_odds': 11.5, 'circle_concentration': 81.5, 'eligible_count': 9, 'bet_adj': 0, 'reason': 'rel_win1=48.9%（本命度） / 最有力組み合わせ確率: 0.116（推定実オッズ?12倍） / 2着集中度: 上位2艇 81.5%（補正+0.04） / 総合判定確率: 0.156 / → ヒモはやや固め。上位2艇以外を切ること', 'tenji_trigger': '展示確認: 1号艇伸び良→そのまま採用。悪→飛び組に差し替え。circle_pct上位2艇に絞り込むこと。'}",,,30.9,両建て推奨,15.09,38.9,3,4-5-6|1-2-6|1-2-3|1-2-5|1-3-6|1-3-5,2-1-3|4-5-6|2-1-6|2-1-5|3-5-6|3-1-5|2-3-1|1-2-6|1-2-3|1-2-5|1-3-6|1-3-5,4-5-6:2.64%|1-2-6:7.05%|1-2-3:6.45%|1-2-5:6.29%|1-3-6:4.25%|1-3-5:3.79%,4-5-6:B_main|1-2-6:A|1-2-3:A|1-2-5:A|1-3-6:A|1-3-5:A,6,12,0.4535,1,[!]見送り推奨（主役決まり手「まくり」― 逃げ劣勢レースで的中実績なし）,荒れ広め,D
2025-09-05,丸亀,2,2,鈴木茂高,B1,0.00,2,▲,10.1848,53.6,48,45.6,0.1714,3.9298,,,0,低,170,0,-,3 24,0,24.1,0.769,,,,,,0.4333,0.0444,0.0222,,△,C,,,0.3395,0.585,,0.2554,B,51,0,◎○△フォーメーション（15〜20点）,0.5777,"{'is_target': True, 'verdict': '点数絞り', 'max_combo_prob': 0.116, 'est_top_odds': 11.5, 'circle_concentration': 81.5, 'eligible_count': 9, 'bet_adj': 0, 'reason': 'rel_win1=48.9%（本命度） / 最有力組み合わせ確率: 0.116（推定実オッズ?12倍） / 2着集中度: 上位2艇 81.5%（補正+0.04） / 総合判定確率: 0.156 / → ヒモはやや固め。上位2艇以外を切ること', 'tenji_trigger': '展示確認: 1号艇伸び良→そのまま採用。悪→飛び組に差し替え。circle_pct上位2艇に絞り込むこと。'}",,,30.9,両建て推奨,15.09,38.9,3,,,,,,,,,,,
2025-09-05,丸亀,2,3,小林文彦,A2,0.00,3,△,17.4919,27.8,100,63.3,0.1902,3.949,,,0,低,166,0,-,3 34,0,30.4,0.9413,0,0,0,0,0.05,0.0143,0.2286,0.1143,,,C,△,,0.2514,0.5995,,0.2554,B,51,0,◎○△フォーメーション（15〜20点）,0.5777,"{'is_target': True, 'verdict': '点数絞り', 'max_combo_prob': 0.116, 'est_top_odds': 11.5, 'circle_concentration': 81.5, 'eligible_count': 9, 'bet_adj': 0, 'reason': 'rel_win1=48.9%（本命度） / 最有力組み合わせ確率: 0.116（推定実オッズ?12倍） / 2着集中度: 上位2艇 81.5%（補正+0.04） / 総合判定確率: 0.156 / → ヒモはやや固め。上位2艇以外を切ること', 'tenji_trigger': '展示確認: 1号艇伸び良→そのまま採用。悪→飛び組に差し替え。circle_pct上位2艇に絞り込むこと。'}",,,30.9,両建て推奨,15.09,38.9,3,,,,,,,,,,,
2025-09-05,丸亀,2,4,吉岡　誠,B1,0.00,4,○,12.9594,4.6,32,15.4,0.1438,2.5897,,,0,低,74,0,-,2 14,0,47.7,0.8709,0,0,0.125,0.0625,0,0.2727,0.0909,0.1818,,◎,C,,,0.4639,0.573,,0.2554,B,51,0,◎○△フォーメーション（15〜20点）,0.5777,"{'is_target': True, 'verdict': '点数絞り', 'max_combo_prob': 0.116, 'est_top_odds': 11.5, 'circle_concentration': 81.5, 'eligible_count': 9, 'bet_adj': 0, 'reason': 'rel_win1=48.9%（本命度） / 最有力組み合わせ確率: 0.116（推定実オッズ?12倍） / 2着集中度: 上位2艇 81.5%（補正+0.04） / 総合判定確率: 0.156 / → ヒモはやや固め。上位2艇以外を切ること', 'tenji_trigger': '展示確認: 1号艇伸び良→そのまま採用。悪→飛び組に差し替え。circle_pct上位2艇に絞り込むこと。'}",,,30.9,両建て推奨,15.09,38.9,3,,,,,,,,,,,
2025-09-05,丸亀,2,5,齋藤達希,B1,0.00,5,,7.346,10.2,49,30,0.1894,4.3714,,,0,低,155,0,差ま0% 抜0%,2 53,0,56.1,0.9583,0,0,0,0.0345,0.0345,0.0222,0.56,0.1422,,,C,◎,,0.2697,0.6375,,0.2554,B,51,0,◎○△フォーメーション（15〜20点）,0.5777,"{'is_target': True, 'verdict': '点数絞り', 'max_combo_prob': 0.116, 'est_top_odds': 11.5, 'circle_concentration': 81.5, 'eligible_count': 9, 'bet_adj': 0, 'reason': 'rel_win1=48.9%（本命度） / 最有力組み合わせ確率: 0.116（推定実オッズ?12倍） / 2着集中度: 上位2艇 81.5%（補正+0.04） / 総合判定確率: 0.156 / → ヒモはやや固め。上位2艇以外を切ること', 'tenji_trigger': '展示確認: 1号艇伸び良→そのまま採用。悪→飛び組に差し替え。circle_pct上位2艇に絞り込むこと。'}",,,30.9,両建て推奨,15.09,38.9,3,,,,,,,,,,,
2025-09-05,丸亀,2,6,間嶋仁志,A2,0.00,6,,3.1492,3.7,45,,,,,,0,低,136,1,-,4 22,0,,,,,,,,,,,,,C,○,◎,0.3679,0.6285,0.15,0.2554,B,51,0,◎○△フォーメーション（15〜20点）,0.5777,"{'is_target': True, 'verdict': '点数絞り', 'max_combo_prob': 0.116, 'est_top_odds': 11.5, 'circle_concentration': 81.5, 'eligible_count': 9, 'bet_adj': 0, 'reason': 'rel_win1=48.9%（本命度） / 最有力組み合わせ確率: 0.116（推定実オッズ?12倍） / 2着集中度: 上位2艇 81.5%（補正+0.04） / 総合判定確率: 0.156 / → ヒモはやや固め。上位2艇以外を切ること', 'tenji_trigger': '展示確認: 1号艇伸び良→そのまま採用。悪→飛び組に差し替え。circle_pct上位2艇に絞り込むこと。'}",,,30.9,両建て推奨,15.09,38.9,3,,,,,,,,,,,
2025-09-05,丸亀,3,1,伊達正利,B1,0.00,1,◎,50.3043,,0,78.7,0.14,2.8191,,,0,低,160,0,逃1%,562,0,94,1.279,0.8182,,,,,0.0455,0.0455,0.0455,◎,,C,,,,0.6165,,0.572,A,69,0,◎-○軸 3着3〜4艇流し（10〜15点）,0.5777,"{'is_target': True, 'verdict': '点数絞り', 'max_combo_prob': 0.0895, 'est_top_odds': 14.9, 'circle_concentration': 74.2, 'eligible_count': 8, 'bet_adj': 0, 'reason': 'rel_win1=50.3%（本命度） / 最有力組み合わせ確率: 0.089（推定実オッズ?15倍） / 2着集中度: 上位2艇 74.2%（補正+0.04） / 総合判定確率: 0.129 / → ヒモはやや固め。上位2艇以外を切ること', 'tenji_trigger': '展示確認: 1号艇伸び良→そのまま採用。悪→飛び組に差し替え。circle_pct上位2艇に絞り込むこと。'}",,,26.6,逃げ狙い,17.88,24.3,4,,,,,0,0,0.7559,0,,逃げ軸流し,A
2025-09-05,丸亀,3,2,浅見昌克,A2,0.00,2,○,17.0924,51.7,83,70.7,0.1484,2.9655,,,0,低,84,0,差0% 抜0%,451,0,55,1.1819,0,0.1613,0,0,0.0323,0,0.0882,0.1471,,,C,△,,0.2534,0.6215,,0.572,A,69,0,◎-○軸 3着3〜4艇流し（10〜15点）,0.5777,"{'is_target': True, 'verdict': '点数絞り', 'max_combo_prob': 0.0895, 'est_top_odds': 14.9, 'circle_concentration': 74.2, 'eligible_count': 8, 'bet_adj': 0, 'reason': 'rel_win1=50.3%（本命度） / 最有力組み合わせ確率: 0.089（推定実オッズ?15倍） / 2着集中度: 上位2艇 74.2%（補正+0.04） / 総合判定確率: 0.129 / → ヒモはやや固め。上位2艇以外を切ること', 'tenji_trigger': '展示確認: 1号艇伸び良→そのまま採用。悪→飛び組に差し替え。circle_pct上位2艇に絞り込むこと。'}",,,26.6,逃げ狙い,17.88,24.3,4,,,,,,,,,,,
2025-09-05,丸亀,3,3,中村将隆,B1,0.00,3,▲,8.0795,15.5,100,49.1,0.1507,3.5,,,0,低,101,0,ま0% 差ま0%,5 25,0,48.9,0.8865,0,0,0.0385,0.0385,0,0.2141,0.0706,0,,,C,,,0.2287,0.592,,0.572,A,69,0,◎-○軸 3着3〜4艇流し（10〜15点）,0.5777,"{'is_target': True, 'verdict': '点数絞り', 'max_combo_prob': 0.0895, 'est_top_odds': 14.9, 'circle_concentration': 74.2, 'eligible_count': 8, 'bet_adj': 0, 'reason': 'rel_win1=50.3%（本命度） / 最有力組み合わせ確率: 0.089（推定実オッズ?15倍） / 2着集中度: 上位2艇 74.2%（補正+0.04） / 総合判定確率: 0.129 / → ヒモはやや固め。上位2艇以外を切ること', 'tenji_trigger': '展示確認: 1号艇伸び良→そのまま採用。悪→飛び組に差し替え。circle_pct上位2艇に絞り込むこと。'}",,,26.6,逃げ狙い,17.88,24.3,4,,,,,,,,,,,
2025-09-05,丸亀,3,4,仲口博崇,A1,0.00,4,△,17.0671,22.4,82,66.7,0.1684,3.8556,,,0,低,98,0,-,2531,0,47.3,1.0466,0,0.05,0.05,0.15,0.05,0.161,0.0908,0.1421,,,C,◎,◎,0.2008,0.663,0.4172,0.572,A,69,0,◎-○軸 3着3〜4艇流し（10〜15点）,0.5777,"{'is_target': True, 'verdict': '点数絞り', 'max_combo_prob': 0.0895, 'est_top_odds': 14.9, 'circle_concentration': 74.2, 'eligible_count': 8, 'bet_adj': 0, 'reason': 'rel_win1=50.3%（本命度） / 最有力組み合わせ確率: 0.089（推定実オッズ?15倍） / 2着集中度: 上位2艇 74.2%（補正+0.04） / 総合判定確率: 0.129 / → ヒモはやや固め。上位2艇以外を切ること', 'tenji_trigger': '展示確認: 1号艇伸び良→そのまま採用。悪→飛び組に差し替え。circle_pct上位2艇に絞り込むこと。'}",,,26.6,逃げ狙い,17.88,24.3,4,,,,,,,,,,,
2025-09-05,丸亀,3,5,木山和幸,B1,0.00,5,,5.1511,7.6,59,33.3,0.1921,3.6825,,,0,低,135,0,-,125,0,25,0.7367,0,0,0,0.0455,0,0.048,0.016,0.148,,,C,△,,0.1158,0.6205,,0.572,A,69,0,◎-○軸 3着3〜4艇流し（10〜15点）,0.5777,"{'is_target': True, 'verdict': '点数絞り', 'max_combo_prob': 0.0895, 'est_top_odds': 14.9, 'circle_concentration': 74.2, 'eligible_count': 8, 'bet_adj': 0, 'reason': 'rel_win1=50.3%（本命度） / 最有力組み合わせ確率: 0.089（推定実オッズ?15倍） / 2着集中度: 上位2艇 74.2%（補正+0.04） / 総合判定確率: 0.129 / → ヒモはやや固め。上位2艇以外を切ること', 'tenji_trigger': '展示確認: 1号艇伸び良→そのまま採用。悪→飛び組に差し替え。circle_pct上位2艇に絞り込むこと。'}",,,26.6,逃げ狙い,17.88,24.3,4,,,,,,,,,,,
2025-09-05,丸亀,3,6,永嶋裕一,B1,0.00,6,,2.3055,2.7,50,27.8,0.165,4,,,0,低,92,0,抜0%,315,0,30.3,1.1281,0,0,0,0,0.0667,0.0333,0.1591,0.1424,,,C,○,,0.234,0.6425,,0.572,A,69,0,◎-○軸 3着3〜4艇流し（10〜15点）,0.5777,"{'is_target': True, 'verdict': '点数絞り', 'max_combo_prob': 0.0895, 'est_top_odds': 14.9, 'circle_concentration': 74.2, 'eligible_count': 8, 'bet_adj': 0, 'reason': 'rel_win1=50.3%（本命度） / 最有力組み合わせ確率: 0.089（推定実オッズ?15倍） / 2着集中度: 上位2艇 74.2%（補正+0.04） / 総合判定確率: 0.129 / → ヒモはやや固め。上位2艇以外を切ること', 'tenji_trigger': '展示確認: 1号艇伸び良→そのまま採用。悪→飛び組に差し替え。circle_pct上位2艇に絞り込むこと。'}",,,26.6,逃げ狙い,17.88,24.3,4,,,,,,,,,,,
2025-09-05,丸亀,4,1,花本夏樹,B1,0.00,1,◎,45.406,,0,68.5,0.1478,2.9815,,,0,低,186,0,逃0%,166,0,63,0.8825,0.35,,,,,0,0,0.34,◎,,C,△,,,0.605,,0.4505,B,54,0,◎○△フォーメーション（15〜20点）,0.5777,"{'is_target': True, 'verdict': '参加推奨', 'max_combo_prob': 0.0623, 'est_top_odds': 21.4, 'circle_concentration': 70.4, 'eligible_count': 9, 'bet_adj': 2, 'reason': 'rel_win1=45.4%（本命度） / 最有力組み合わせ確率: 0.062（推定実オッズ?21倍） / 2着集中度: 上位2艇 70.4%（補正+0.04） / 総合判定確率: 0.102 / → ヒモ分散。1号艇1着固定で広めのヒモ流し推奨（買い目+2点）', 'tenji_trigger': '展示確認: ヒモ分散レース。1号艇伸び確認後、広めのヒモ流しを採用。穴ヒモ（5・6号艇）を積極的に含める。'}",,,27.6,両建て推奨,19.3,25.7,3,,,,,0,0,0.7559,0,,逃げ軸流し,A
2025-09-05,丸亀,4,2,沼田大都,B1,0.00,2,,14.7915,30,80,60.8,0.1969,4.0392,,,0,低,147,0,抜1%,5 64,0,25.7,0.8988,0,0.12,0.04,0,0.04,0.2308,0.1538,0.1538,,,C,,,0.0748,0.522,,0.4505,B,54,0,◎○△フォーメーション（15〜20点）,0.5777,"{'is_target': True, 'verdict': '参加推奨', 'max_combo_prob': 0.0623, 'est_top_odds': 21.4, 'circle_concentration': 70.4, 'eligible_count': 9, 'bet_adj': 2, 'reason': 'rel_win1=45.4%（本命度） / 最有力組み合わせ確率: 0.062（推定実オッズ?21倍） / 2着集中度: 上位2艇 70.4%（補正+0.04） / 総合判定確率: 0.102 / → ヒモ分散。1号艇1着固定で広めのヒモ流し推奨（買い目+2点）', 'tenji_trigger': '展示確認: ヒモ分散レース。1号艇伸び確認後、広めのヒモ流しを採用。穴ヒモ（5・6号艇）を積極的に含める。'}",,,27.6,両建て推奨,19.3,25.7,3,,,,,,,,,,,
2025-09-05,丸亀,4,3,前田　翔,A1,0.00,3,○,20.7205,40.3,74,72.7,0.1345,2.8333,,,0,低,48,0,ま0%,1423,0,84.9,1.5721,0,0,0.1429,0,0,0.0952,0.0476,0.0952,,◎,C,◎,,0.3755,0.6585,,0.4505,B,54,0,◎○△フォーメーション（15〜20点）,0.5777,"{'is_target': True, 'verdict': '参加推奨', 'max_combo_prob': 0.0623, 'est_top_odds': 21.4, 'circle_concentration': 70.4, 'eligible_count': 9, 'bet_adj': 2, 'reason': 'rel_win1=45.4%（本命度） / 最有力組み合わせ確率: 0.062（推定実オッズ?21倍） / 2着集中度: 上位2艇 70.4%（補正+0.04） / 総合判定確率: 0.102 / → ヒモ分散。1号艇1着固定で広めのヒモ流し推奨（買い目+2点）', 'tenji_trigger': '展示確認: ヒモ分散レース。1号艇伸び確認後、広めのヒモ流しを採用。穴ヒモ（5・6号艇）を積極的に含める。'}",,,27.6,両建て推奨,19.3,25.7,3,,,,,,,,,,,
2025-09-05,丸亀,4,4,山崎裕司,A2,0.00,4,▲,8.9743,16.4,100,56.2,0.1809,3.7266,,,0,低,130,0,-,4142,0,37.1,0.8206,0,0.0303,0.0606,0.0909,0,0.0279,0.0779,0.1465,,,C,○,◎,0.1689,0.656,0.3288,0.4505,B,54,0,◎○△フォーメーション（15〜20点）,0.5777,"{'is_target': True, 'verdict': '参加推奨', 'max_combo_prob': 0.0623, 'est_top_odds': 21.4, 'circle_concentration': 70.4, 'eligible_count': 9, 'bet_adj': 2, 'reason': 'rel_win1=45.4%（本命度） / 最有力組み合わせ確率: 0.062（推定実オッズ?21倍） / 2着集中度: 上位2艇 70.4%（補正+0.04） / 総合判定確率: 0.102 / → ヒモ分散。1号艇1着固定で広めのヒモ流し推奨（買い目+2点）', 'tenji_trigger': '展示確認: ヒモ分散レース。1号艇伸び確認後、広めのヒモ流しを採用。穴ヒモ（5・6号艇）を積極的に含める。'}",,,27.6,両建て推奨,19.3,25.7,3,,,,,,,,,,,
2025-09-05,丸亀,4,5,富永正人,B1,0.00,5,,9.0737,12.4,42,34.9,0.1865,3.7442,,,0,低,128,0,差ま0%,226,0,60,1.1414,0,0,0,0.0625,0,0.4211,0.1579,0.2105,,,C,,,0.1641,0.5955,,0.4505,B,54,0,◎○△フォーメーション（15〜20点）,0.5777,"{'is_target': True, 'verdict': '参加推奨', 'max_combo_prob': 0.0623, 'est_top_odds': 21.4, 'circle_concentration': 70.4, 'eligible_count': 9, 'bet_adj': 2, 'reason': 'rel_win1=45.4%（本命度） / 最有力組み合わせ確率: 0.062（推定実オッズ?21倍） / 2着集中度: 上位2艇 70.4%（補正+0.04） / 総合判定確率: 0.102 / → ヒモ分散。1号艇1着固定で広めのヒモ流し推奨（買い目+2点）', 'tenji_trigger': '展示確認: ヒモ分散レース。1号艇伸び確認後、広めのヒモ流しを採用。穴ヒモ（5・6号艇）を積極的に含める。'}",,,27.6,両建て推奨,19.3,25.7,3,,,,,,,,,,,
2025-09-05,丸亀,4,6,宮本夏樹,B1,0.00,6,△,1.034,0.8,72,29.8,0.1787,4.0532,,,0,低,86,0,-,231,0,29.9,0.9006,,,,,,0.1111,0.1111,0.2222,,,C,△,,0.2147,0.622,,0.4505,B,54,0,◎○△フォーメーション（15〜20点）,0.5777,"{'is_target': True, 'verdict': '参加推奨', 'max_combo_prob': 0.0623, 'est_top_odds': 21.4, 'circle_concentration': 70.4, 'eligible_count': 9, 'bet_adj': 2, 'reason': 'rel_win1=45.4%（本命度） / 最有力組み合わせ確率: 0.062（推定実オッズ?21倍） / 2着集中度: 上位2艇 70.4%（補正+0.04） / 総合判定確率: 0.102 / → ヒモ分散。1号艇1着固定で広めのヒモ流し推奨（買い目+2点）', 'tenji_trigger': '展示確認: ヒモ分散レース。1号艇伸び確認後、広めのヒモ流しを採用。穴ヒモ（5・6号艇）を積極的に含める。'}",,,27.6,両建て推奨,19.3,25.7,3,,,,,,,,,,,
2025-09-05,丸亀,5,1,吉永浩則,B1,0.00,1,◎,47.1393,,0,83.7,0.146,2.8837,,,0,低,106,0,逃1%,6 36,0,67.6,1.046,0.6111,,,,,0.0222,0.1944,0.0444,○,,C,△,,,0.644,,0.4485,A,68,0,◎-○軸 3着3〜4艇流し（10〜15点）,0.5777,"{'is_target': True, 'verdict': '参加推奨', 'max_combo_prob': 0.056, 'est_top_odds': 23.8, 'circle_concentration': 57.1, 'eligible_count': 8, 'bet_adj': 2, 'reason': 'rel_win1=47.1%（本命度） / 最有力組み合わせ確率: 0.056（推定実オッズ?24倍） / 2着集中度: 上位2艇 57.1%（補正+0.00） / 総合判定確率: 0.056 / → ヒモ分散。1号艇1着固定で広めのヒモ流し推奨（買い目+2点）', 'tenji_trigger': '展示確認: ヒモ分散レース。1号艇伸び確認後、広めのヒモ流しを採用。穴ヒモ（5・6号艇）を積極的に含める。'}",,,29.5,逃げ狙い,24.33,27,2,,,,,0,0,0.6155,0,,逃げ軸流し,A
2025-09-05,丸亀,5,2,藤岡俊介,A1,0.00,2,○,21.7923,31.4,100,84.3,0.129,2.7157,,,0,低,38,0,差0% ま0%,3314,0,68,1.4255,0,0.3462,0.0385,0,0,0.0769,0.0256,0.0256,,◎,C,◎,,0.5491,0.6905,,0.4485,A,68,0,◎-○軸 3着3〜4艇流し（10〜15点）,0.5777,"{'is_target': True, 'verdict': '参加推奨', 'max_combo_prob': 0.056, 'est_top_odds': 23.8, 'circle_concentration': 57.1, 'eligible_count': 8, 'bet_adj': 2, 'reason': 'rel_win1=47.1%（本命度） / 最有力組み合わせ確率: 0.056（推定実オッズ?24倍） / 2着集中度: 上位2艇 57.1%（補正+0.00） / 総合判定確率: 0.056 / → ヒモ分散。1号艇1着固定で広めのヒモ流し推奨（買い目+2点）', 'tenji_trigger': '展示確認: ヒモ分散レース。1号艇伸び確認後、広めのヒモ流しを採用。穴ヒモ（5・6号艇）を積極的に含める。'}",,,29.5,逃げ狙い,24.33,27,2,,,,,,,,,,,
2025-09-05,丸亀,5,3,中島昂章,B1,0.00,3,,4.4091,25.7,45,53.1,0.1643,3.6531,,,0,低,119,0,-,3 55,0,27.4,0.8965,,,,,,0.1058,0,0.2731,,,C,,,0.2099,0.5805,,0.4485,A,68,0,◎-○軸 3着3〜4艇流し（10〜15点）,0.5777,"{'is_target': True, 'verdict': '参加推奨', 'max_combo_prob': 0.056, 'est_top_odds': 23.8, 'circle_concentration': 57.1, 'eligible_count': 8, 'bet_adj': 2, 'reason': 'rel_win1=47.1%（本命度） / 最有力組み合わせ確率: 0.056（推定実オッズ?24倍） / 2着集中度: 上位2艇 57.1%（補正+0.00） / 総合判定確率: 0.056 / → ヒモ分散。1号艇1着固定で広めのヒモ流し推奨（買い目+2点）', 'tenji_trigger': '展示確認: ヒモ分散レース。1号艇伸び確認後、広めのヒモ流しを採用。穴ヒモ（5・6号艇）を積極的に含める。'}",,,29.5,逃げ狙い,24.33,27,2,,,,,,,,,,,
2025-09-05,丸亀,5,4,濱本優一,A2,0.00,4,△,16.3122,24.8,67,65.8,0.1644,3.3904,,,0,低,141,0,差0% ま0% 差ま0%,4211,0,77.9,1.5726,0,0.1481,0.1481,0.037,0,0.0429,0.1629,0,,,C,△,◎,0.2485,0.61,0.4315,0.4485,A,68,0,◎-○軸 3着3〜4艇流し（10〜15点）,0.5777,"{'is_target': True, 'verdict': '参加推奨', 'max_combo_prob': 0.056, 'est_top_odds': 23.8, 'circle_concentration': 57.1, 'eligible_count': 8, 'bet_adj': 2, 'reason': 'rel_win1=47.1%（本命度） / 最有力組み合わせ確率: 0.056（推定実オッズ?24倍） / 2着集中度: 上位2艇 57.1%（補正+0.00） / 総合判定確率: 0.056 / → ヒモ分散。1号艇1着固定で広めのヒモ流し推奨（買い目+2点）', 'tenji_trigger': '展示確認: ヒモ分散レース。1号艇伸び確認後、広めのヒモ流しを採用。穴ヒモ（5・6号艇）を積極的に含める。'}",,,29.5,逃げ狙い,24.33,27,2,,,,,,,,,,,
2025-09-05,丸亀,5,5,一瀬　明,A2,0.00,5,▲,9.3942,16.7,49,56.2,0.1578,3.1641,,,0,低,121,0,ま0% 差ま0% 抜0%,132,0,83.1,1.6498,0,0,0.0312,0.0625,0.0312,0.0205,0.0853,0.2322,,,C,○,○,0.2488,0.675,0.3842,0.4485,A,68,0,◎-○軸 3着3〜4艇流し（10〜15点）,0.5777,"{'is_target': True, 'verdict': '参加推奨', 'max_combo_prob': 0.056, 'est_top_odds': 23.8, 'circle_concentration': 57.1, 'eligible_count': 8, 'bet_adj': 2, 'reason': 'rel_win1=47.1%（本命度） / 最有力組み合わせ確率: 0.056（推定実オッズ?24倍） / 2着集中度: 上位2艇 57.1%（補正+0.00） / 総合判定確率: 0.056 / → ヒモ分散。1号艇1着固定で広めのヒモ流し推奨（買い目+2点）', 'tenji_trigger': '展示確認: ヒモ分散レース。1号艇伸び確認後、広めのヒモ流しを採用。穴ヒモ（5・6号艇）を積極的に含める。'}",,,29.5,逃げ狙い,24.33,27,2,,,,,,,,,,,
2025-09-05,丸亀,5,6,中岡　駿,B2,0.00,6,,0.9529,1.4,16,6.2,0.2055,4.3615,,,0,低,40,0,-,666,0,97,2.1056,,,,,,,,,,,C,,,0.1378,0.482,,0.4485,A,68,0,◎-○軸 3着3〜4艇流し（10〜15点）,0.5777,"{'is_target': True, 'verdict': '参加推奨', 'max_combo_prob': 0.056, 'est_top_odds': 23.8, 'circle_concentration': 57.1, 'eligible_count': 8, 'bet_adj': 2, 'reason': 'rel_win1=47.1%（本命度） / 最有力組み合わせ確率: 0.056（推定実オッズ?24倍） / 2着集中度: 上位2艇 57.1%（補正+0.00） / 総合判定確率: 0.056 / → ヒモ分散。1号艇1着固定で広めのヒモ流し推奨（買い目+2点）', 'tenji_trigger': '展示確認: ヒモ分散レース。1号艇伸び確認後、広めのヒモ流しを採用。穴ヒモ（5・6号艇）を積極的に含める。'}",,,29.5,逃げ狙い,24.33,27,2,,,,,,,,,,,
2025-09-05,丸亀,6,1,村田修次,A2,0.00,1,◎,52.9216,,0,87.3,0.157,2.9366,,,0,低,93,0,逃1%,2345,0,97.5,1.4046,0.6562,,,,,0.0625,0.1107,0.2214,◎,,C,○,,,0.6435,,0.5167,A,75,0,◎-○軸 3着3〜4艇流し（10〜15点）,0.5777,"{'is_target': True, 'verdict': '参加推奨', 'max_combo_prob': 0.0914, 'est_top_odds': 14.6, 'circle_concentration': 67.1, 'eligible_count': 8, 'bet_adj': 2, 'reason': 'rel_win1=52.9%（本命度） / 最有力組み合わせ確率: 0.091（推定実オッズ?15倍） / 2着集中度: 上位2艇 67.1%（補正+0.00） / 総合判定確率: 0.091 / → ヒモ分散。1号艇1着固定で広めのヒモ流し推奨（買い目+2点）', 'tenji_trigger': '展示確認: ヒモ分散レース。1号艇伸び確認後、広めのヒモ流しを採用。穴ヒモ（5・6号艇）を積極的に含める。'}",,,28.3,逃げ狙い,17.41,29.6,2,,,,,0,0,0.7559,0,,逃げ軸流し,A
2025-09-05,丸亀,6,2,青木玄太,A1,0.00,2,○,21.3414,48.8,100,80,0.1713,3.9333,,,0,低,75,0,差0% ま0% 抜0%,2221,0,64.9,1.3605,0,0.2222,0.0556,0,0.0556,0,0.0625,0.1875,,,C,△,,0.2147,0.586,,0.5167,A,75,0,◎-○軸 3着3〜4艇流し（10〜15点）,0.5777,"{'is_target': True, 'verdict': '参加推奨', 'max_combo_prob': 0.0914, 'est_top_odds': 14.6, 'circle_concentration': 67.1, 'eligible_count': 8, 'bet_adj': 2, 'reason': 'rel_win1=52.9%（本命度） / 最有力組み合わせ確率: 0.091（推定実オッズ?15倍） / 2着集中度: 上位2艇 67.1%（補正+0.00） / 総合判定確率: 0.091 / → ヒモ分散。1号艇1着固定で広めのヒモ流し推奨（買い目+2点）', 'tenji_trigger': '展示確認: ヒモ分散レース。1号艇伸び確認後、広めのヒモ流しを採用。穴ヒモ（5・6号艇）を積極的に含める。'}",,,28.3,逃げ狙い,17.41,29.6,2,,,,,,,,,,,
2025-09-05,丸亀,6,3,小澤和也,B1,0.00,3,,10.3798,18.4,91,39.6,0.1646,3.4271,,,0,低,134,0,ま0% 抜0%,2 66,0,38.4,0.8452,0,0,0.0833,0,0.0417,0.3242,0.0632,0.1411,,,C,△,,0.2647,0.612,,0.5167,A,75,0,◎-○軸 3着3〜4艇流し（10〜15点）,0.5777,"{'is_target': True, 'verdict': '参加推奨', 'max_combo_prob': 0.0914, 'est_top_odds': 14.6, 'circle_concentration': 67.1, 'eligible_count': 8, 'bet_adj': 2, 'reason': 'rel_win1=52.9%（本命度） / 最有力組み合わせ確率: 0.091（推定実オッズ?15倍） / 2着集中度: 上位2艇 67.1%（補正+0.00） / 総合判定確率: 0.091 / → ヒモ分散。1号艇1着固定で広めのヒモ流し推奨（買い目+2点）', 'tenji_trigger': '展示確認: ヒモ分散レース。1号艇伸び確認後、広めのヒモ流しを採用。穴ヒモ（5・6号艇）を積極的に含める。'}",,,28.3,逃げ狙い,17.41,29.6,2,,,,,,,,,,,
2025-09-05,丸亀,6,4,川辺郭人,B2,0.00,4,,4.6118,7.8,47,4.5,0.2114,4.1818,,,0,低,96,0,-,656,0,15.1,0.5528,,,,,,0.0364,0.3091,0.0364,,,C,,,0.1538,0.5105,,0.5167,A,75,0,◎-○軸 3着3〜4艇流し（10〜15点）,0.5777,"{'is_target': True, 'verdict': '参加推奨', 'max_combo_prob': 0.0914, 'est_top_odds': 14.6, 'circle_concentration': 67.1, 'eligible_count': 8, 'bet_adj': 2, 'reason': 'rel_win1=52.9%（本命度） / 最有力組み合わせ確率: 0.091（推定実オッズ?15倍） / 2着集中度: 上位2艇 67.1%（補正+0.00） / 総合判定確率: 0.091 / → ヒモ分散。1号艇1着固定で広めのヒモ流し推奨（買い目+2点）', 'tenji_trigger': '展示確認: ヒモ分散レース。1号艇伸び確認後、広めのヒモ流しを採用。穴ヒモ（5・6号艇）を積極的に含める。'}",,,28.3,逃げ狙い,17.41,29.6,2,,,,,,,,,,,
2025-09-05,丸亀,6,5,石倉拓美,B2,0.00,5,△,6.4913,9.9,42,15.8,0.1595,3.3947,,,0,低,47,0,ま0%,6 5,0,35.9,0.7714,0,0,0.0667,0,0,0.3333,0.3333,0,,,C,,,0.3007,0.555,,0.5167,A,75,0,◎-○軸 3着3〜4艇流し（10〜15点）,0.5777,"{'is_target': True, 'verdict': '参加推奨', 'max_combo_prob': 0.0914, 'est_top_odds': 14.6, 'circle_concentration': 67.1, 'eligible_count': 8, 'bet_adj': 2, 'reason': 'rel_win1=52.9%（本命度） / 最有力組み合わせ確率: 0.091（推定実オッズ?15倍） / 2着集中度: 上位2艇 67.1%（補正+0.00） / 総合判定確率: 0.091 / → ヒモ分散。1号艇1着固定で広めのヒモ流し推奨（買い目+2点）', 'tenji_trigger': '展示確認: ヒモ分散レース。1号艇伸び確認後、広めのヒモ流しを採用。穴ヒモ（5・6号艇）を積極的に含める。'}",,,28.3,逃げ狙い,17.41,29.6,2,,,,,,,,,,,
2025-09-05,丸亀,6,6,権藤俊光,A2,0.00,6,▲,4.2542,15.2,77,58.1,0.1537,3.4186,,,0,低,50,0,差0% 差ま0%,1136,0,100,2.2322,0,0.05,0,0.05,0,0.0727,0.1864,0.0182,,,C,◎,,0.3134,0.6615,,0.5167,A,75,0,◎-○軸 3着3〜4艇流し（10〜15点）,0.5777,"{'is_target': True, 'verdict': '参加推奨', 'max_combo_prob': 0.0914, 'est_top_odds': 14.6, 'circle_concentration': 67.1, 'eligible_count': 8, 'bet_adj': 2, 'reason': 'rel_win1=52.9%（本命度） / 最有力組み合わせ確率: 0.091（推定実オッズ?15倍） / 2着集中度: 上位2艇 67.1%（補正+0.00） / 総合判定確率: 0.091 / → ヒモ分散。1号艇1着固定で広めのヒモ流し推奨（買い目+2点）', 'tenji_trigger': '展示確認: ヒモ分散レース。1号艇伸び確認後、広めのヒモ流しを採用。穴ヒモ（5・6号艇）を積極的に含める。'}",,,28.3,逃げ狙い,17.41,29.6,2,,,,,,,,,,,
2025-09-05,丸亀,7,1,坂元浩仁,A2,0.00,1,◎,56.2789,,0,92,0.1572,3.4943,,,0,低,89,0,逃1%,5515,0,89,1.1671,0.7805,,,,,0.0098,0.1345,0.0195,◎,,C,◎,,,0.6735,,0.4992,S,100,0,◎1着固定 2-3着流し（5〜8点）,0.5777,"{'is_target': True, 'verdict': '参加推奨', 'max_combo_prob': 0.0725, 'est_top_odds': 18.4, 'circle_concentration': 66.4, 'eligible_count': 6, 'bet_adj': 2, 'reason': 'rel_win1=56.3%（本命度） / 最有力組み合わせ確率: 0.072（推定実オッズ?18倍） / 2着集中度: 上位2艇 66.4%（補正+0.00） / 総合判定確率: 0.072 / → ヒモ分散。1号艇1着固定で広めのヒモ流し推奨（買い目+2点）', 'tenji_trigger': '展示確認: ヒモ分散レース。1号艇伸び確認後、広めのヒモ流しを採用。穴ヒモ（5・6号艇）を積極的に含める。'}",,,28.6,逃げ狙い,22.33,26.1,5,,,,,0,0,0.7559,0,,逃げ軸流し,A
2025-09-05,丸亀,7,2,大崎　翔,B1,0.00,2,,7.973,29,62,47.9,0.1694,3.7535,,,0,低,117,0,ま0%,6 53,0,68,0.801,0,0,0.037,0,0,0.3127,0.0727,0.1745,,,C,○,,0.1816,0.643,,0.4992,S,100,0,◎1着固定 2-3着流し（5〜8点）,0.5777,"{'is_target': True, 'verdict': '参加推奨', 'max_combo_prob': 0.0725, 'est_top_odds': 18.4, 'circle_concentration': 66.4, 'eligible_count': 6, 'bet_adj': 2, 'reason': 'rel_win1=56.3%（本命度） / 最有力組み合わせ確率: 0.072（推定実オッズ?18倍） / 2着集中度: 上位2艇 66.4%（補正+0.00） / 総合判定確率: 0.072 / → ヒモ分散。1号艇1着固定で広めのヒモ流し推奨（買い目+2点）', 'tenji_trigger': '展示確認: ヒモ分散レース。1号艇伸び確認後、広めのヒモ流しを採用。穴ヒモ（5・6号艇）を積極的に含める。'}",,,28.6,逃げ狙い,22.33,26.1,5,,,,,,,,,,,
2025-09-05,丸亀,7,3,渡辺　崇,B1,0.00,3,△,9.8693,37.3,73,65.6,0.1516,3.2656,,,0,低,135,0,-,554,0,39.8,0.9292,0,0.087,0.087,0.0435,0,0.075,0.315,0.025,,,C,,,0.3311,0.608,,0.4992,S,100,0,◎1着固定 2-3着流し（5〜8点）,0.5777,"{'is_target': True, 'verdict': '参加推奨', 'max_combo_prob': 0.0725, 'est_top_odds': 18.4, 'circle_concentration': 66.4, 'eligible_count': 6, 'bet_adj': 2, 'reason': 'rel_win1=56.3%（本命度） / 最有力組み合わせ確率: 0.072（推定実オッズ?18倍） / 2着集中度: 上位2艇 66.4%（補正+0.00） / 総合判定確率: 0.072 / → ヒモ分散。1号艇1着固定で広めのヒモ流し推奨（買い目+2点）', 'tenji_trigger': '展示確認: ヒモ分散レース。1号艇伸び確認後、広めのヒモ流しを採用。穴ヒモ（5・6号艇）を積極的に含める。'}",,,28.6,逃げ狙い,22.33,26.1,5,,,,,,,,,,,
2025-09-05,丸亀,7,4,廣瀬将亨,A2,0.00,4,▲,11.117,10.3,68,45.9,0.142,3.1393,,,0,低,86,0,-,5461,0,45.1,0.9083,0,0,0.1562,0.0625,0,0.0293,0.198,0.0293,,,C,△,○,0.3789,0.64,0.3959,0.4992,S,100,0,◎1着固定 2-3着流し（5〜8点）,0.5777,"{'is_target': True, 'verdict': '参加推奨', 'max_combo_prob': 0.0725, 'est_top_odds': 18.4, 'circle_concentration': 66.4, 'eligible_count': 6, 'bet_adj': 2, 'reason': 'rel_win1=56.3%（本命度） / 最有力組み合わせ確率: 0.072（推定実オッズ?18倍） / 2着集中度: 上位2艇 66.4%（補正+0.00） / 総合判定確率: 0.072 / → ヒモ分散。1号艇1着固定で広めのヒモ流し推奨（買い目+2点）', 'tenji_trigger': '展示確認: ヒモ分散レース。1号艇伸び確認後、広めのヒモ流しを採用。穴ヒモ（5・6号艇）を積極的に含める。'}",,,28.6,逃げ狙い,22.33,26.1,5,,,,,,,,,,,
2025-09-05,丸亀,7,5,濱野斗馬,A1,0.00,5,○,13.8422,21.7,100,72.7,0.1352,2.5303,,,0,低,40,0,差0%,5133,0,32.7,1.2433,0,0.0556,0.1111,0.1111,0,0.0968,0,0.0323,,,C,△,◎,0.3801,0.638,0.5288,0.4992,S,100,0,◎1着固定 2-3着流し（5〜8点）,0.5777,"{'is_target': True, 'verdict': '参加推奨', 'max_combo_prob': 0.0725, 'est_top_odds': 18.4, 'circle_concentration': 66.4, 'eligible_count': 6, 'bet_adj': 2, 'reason': 'rel_win1=56.3%（本命度） / 最有力組み合わせ確率: 0.072（推定実オッズ?18倍） / 2着集中度: 上位2艇 66.4%（補正+0.00） / 総合判定確率: 0.072 / → ヒモ分散。1号艇1着固定で広めのヒモ流し推奨（買い目+2点）', 'tenji_trigger': '展示確認: ヒモ分散レース。1号艇伸び確認後、広めのヒモ流しを採用。穴ヒモ（5・6号艇）を積極的に含める。'}",,,28.6,逃げ狙い,22.33,26.1,5,,,,,,,,,,,
2025-09-05,丸亀,7,6,鈴木茂高,B1,0.00,6,,0.9196,1.6,60,21.6,0.2225,4.9608,,,0,低,170,0,-,3 24,0,24.5,0.7425,,,,,,0.4333,0.0444,0.0222,,,C,,,0.1349,0.585,,0.4992,S,100,0,◎1着固定 2-3着流し（5〜8点）,0.5777,"{'is_target': True, 'verdict': '参加推奨', 'max_combo_prob': 0.0725, 'est_top_odds': 18.4, 'circle_concentration': 66.4, 'eligible_count': 6, 'bet_adj': 2, 'reason': 'rel_win1=56.3%（本命度） / 最有力組み合わせ確率: 0.072（推定実オッズ?18倍） / 2着集中度: 上位2艇 66.4%（補正+0.00） / 総合判定確率: 0.072 / → ヒモ分散。1号艇1着固定で広めのヒモ流し推奨（買い目+2点）', 'tenji_trigger': '展示確認: ヒモ分散レース。1号艇伸び確認後、広めのヒモ流しを採用。穴ヒモ（5・6号艇）を積極的に含める。'}",,,28.6,逃げ狙い,22.33,26.1,5,,,,,,,,,,,
2025-09-05,丸亀,8,1,赤坂俊輔,A1,0.00,1,◎,68.2376,,0,90.2,0.1448,2.7256,,,0,低,76,0,逃1%,3623,0,100,1.5179,0.7619,,,,,0.0095,0.1321,0.0286,◎,,C,◎,,,0.668,,0.5775,S,80,0,◎1着固定 2-3着流し（5〜8点）,0.5777,"{'is_target': True, 'verdict': '点数絞り', 'max_combo_prob': 0.102, 'est_top_odds': 13.1, 'circle_concentration': 71.5, 'eligible_count': 6, 'bet_adj': 0, 'reason': 'rel_win1=68.2%（本命度） / 最有力組み合わせ確率: 0.102（推定実オッズ?13倍） / 2着集中度: 上位2艇 71.5%（補正+0.04） / 総合判定確率: 0.142 / → ヒモはやや固め。上位2艇以外を切ること', 'tenji_trigger': '展示確認: 1号艇伸び良→そのまま採用。悪→飛び組に差し替え。circle_pct上位2艇に絞り込むこと。'}",,,25.8,逃げ狙い,14.31,25,4,,,,,0,0,0.7559,0,,逃げ軸流し,A
2025-09-05,丸亀,8,2,間嶋仁志,A2,0.00,2,,7.3399,45.9,100,64.7,0.2085,4.4118,,,0,低,136,0,-,4 22,0,28,1.0155,0,0.1071,0,0,0,0.048,0.048,0.412,,,C,○,,0.0754,0.6285,,0.5775,S,80,0,◎1着固定 2-3着流し（5〜8点）,0.5777,"{'is_target': True, 'verdict': '点数絞り', 'max_combo_prob': 0.102, 'est_top_odds': 13.1, 'circle_concentration': 71.5, 'eligible_count': 6, 'bet_adj': 0, 'reason': 'rel_win1=68.2%（本命度） / 最有力組み合わせ確率: 0.102（推定実オッズ?13倍） / 2着集中度: 上位2艇 71.5%（補正+0.04） / 総合判定確率: 0.142 / → ヒモはやや固め。上位2艇以外を切ること', 'tenji_trigger': '展示確認: 1号艇伸び良→そのまま採用。悪→飛び組に差し替え。circle_pct上位2艇に絞り込むこと。'}",,,25.8,逃げ狙い,14.31,25,4,,,,,,,,,,,
2025-09-05,丸亀,8,3,中島真二,B1,0.00,3,,4.5603,14.9,98,33.9,0.1751,3.5932,,,0,低,161,0,-,4 35,0,41.8,1.0308,0,0,0,0.0417,0,0.0211,0.4053,0.0421,,,C,,,0.1436,0.6155,,0.5775,S,80,0,◎1着固定 2-3着流し（5〜8点）,0.5777,"{'is_target': True, 'verdict': '点数絞り', 'max_combo_prob': 0.102, 'est_top_odds': 13.1, 'circle_concentration': 71.5, 'eligible_count': 6, 'bet_adj': 0, 'reason': 'rel_win1=68.2%（本命度） / 最有力組み合わせ確率: 0.102（推定実オッズ?13倍） / 2着集中度: 上位2艇 71.5%（補正+0.04） / 総合判定確率: 0.142 / → ヒモはやや固め。上位2艇以外を切ること', 'tenji_trigger': '展示確認: 1号艇伸び良→そのまま採用。悪→飛び組に差し替え。circle_pct上位2艇に絞り込むこと。'}",,,25.8,逃げ狙い,14.31,25,4,,,,,,,,,,,
2025-09-05,丸亀,8,4,浅見昌克,A2,0.00,4,○,10.2701,25.6,80,67.9,0.1221,2.2075,,,0,低,84,0,差0% ま0% 差ま0%,451,0,62,1.3651,0,0.04,0.12,0.04,0,0,0.0882,0.1471,,◎,C,△,◎,0.4168,0.6215,0.4558,0.5775,S,80,0,◎1着固定 2-3着流し（5〜8点）,0.5777,"{'is_target': True, 'verdict': '点数絞り', 'max_combo_prob': 0.102, 'est_top_odds': 13.1, 'circle_concentration': 71.5, 'eligible_count': 6, 'bet_adj': 0, 'reason': 'rel_win1=68.2%（本命度） / 最有力組み合わせ確率: 0.102（推定実オッズ?13倍） / 2着集中度: 上位2艇 71.5%（補正+0.04） / 総合判定確率: 0.142 / → ヒモはやや固め。上位2艇以外を切ること', 'tenji_trigger': '展示確認: 1号艇伸び良→そのまま採用。悪→飛び組に差し替え。circle_pct上位2艇に絞り込むこと。'}",,,25.8,逃げ狙い,14.31,25,4,,,,,,,,,,,
2025-09-05,丸亀,8,5,宮本夏樹,B1,0.00,5,△,6.7463,9.6,74,32.4,0.1689,3.3243,,,0,低,86,0,差ま0%,231,0,43,1.0421,0,0,0,0.1,0,0.1111,0.1111,0.2222,,,C,△,,0.2387,0.622,0.1609,0.5775,S,80,0,◎1着固定 2-3着流し（5〜8点）,0.5777,"{'is_target': True, 'verdict': '点数絞り', 'max_combo_prob': 0.102, 'est_top_odds': 13.1, 'circle_concentration': 71.5, 'eligible_count': 6, 'bet_adj': 0, 'reason': 'rel_win1=68.2%（本命度） / 最有力組み合わせ確率: 0.102（推定実オッズ?13倍） / 2着集中度: 上位2艇 71.5%（補正+0.04） / 総合判定確率: 0.142 / → ヒモはやや固め。上位2艇以外を切ること', 'tenji_trigger': '展示確認: 1号艇伸び良→そのまま採用。悪→飛び組に差し替え。circle_pct上位2艇に絞り込むこと。'}",,,25.8,逃げ狙い,14.31,25,4,,,,,,,,,,,
2025-09-05,丸亀,8,6,石井伸長,B1,0.00,6,▲,2.8458,4,49,23.5,0.1533,3.4847,,,0,低,79,0,差ま0%,142,0,31.8,1.0944,0,0.027,0.027,0.0811,0,0,0.5,0.25,,,C,,○,0.2852,0.5655,0.225,0.5775,S,80,0,◎1着固定 2-3着流し（5〜8点）,0.5777,"{'is_target': True, 'verdict': '点数絞り', 'max_combo_prob': 0.102, 'est_top_odds': 13.1, 'circle_concentration': 71.5, 'eligible_count': 6, 'bet_adj': 0, 'reason': 'rel_win1=68.2%（本命度） / 最有力組み合わせ確率: 0.102（推定実オッズ?13倍） / 2着集中度: 上位2艇 71.5%（補正+0.04） / 総合判定確率: 0.142 / → ヒモはやや固め。上位2艇以外を切ること', 'tenji_trigger': '展示確認: 1号艇伸び良→そのまま採用。悪→飛び組に差し替え。circle_pct上位2艇に絞り込むこと。'}",,,25.8,逃げ狙い,14.31,25,4,,,,,,,,,,,
2025-09-05,丸亀,9,1,小林文彦,A2,0.00,1,◎,64.8624,,0,84.3,0.1716,3.6667,,,0,低,166,0,逃1%,3 34,0,58.8,0.9494,0.4643,,,,,0.0143,0.2286,0.1143,○,,C,,,,0.5995,,0.4089,A,72,0,◎-○軸 3着3〜4艇流し（10〜15点）,0.5777,"{'is_target': True, 'verdict': '参加推奨', 'max_combo_prob': 0.1192, 'est_top_odds': 11.2, 'circle_concentration': 64.0, 'eligible_count': 8, 'bet_adj': 2, 'reason': 'rel_win1=64.9%（本命度） / 最有力組み合わせ確率: 0.119（推定実オッズ?11倍） / 2着集中度: 上位2艇 64.0%（補正+0.00） / 総合判定確率: 0.119 / → ヒモ分散。1号艇1着固定で広めのヒモ流し推奨（買い目+2点）', 'tenji_trigger': '展示確認: ヒモ分散レース。1号艇伸び確認後、広めのヒモ流しを採用。穴ヒモ（5・6号艇）を積極的に含める。'}",,,26.6,逃げ狙い,10.7,30.4,2,,,,,0,0,0.6155,0,,逃げ軸流し,A
2025-09-05,丸亀,9,2,森安弘雅,A2,0.00,2,,12.0175,40.6,55,67.2,0.1793,4.0448,,,0,低,178,0,抜0%,3414,0,70.9,1.5183,0,0.0938,0.0312,0,0.0312,0.0167,0.1833,0.2,,,C,△,,0.244,0.6065,,0.4089,A,72,0,◎-○軸 3着3〜4艇流し（10〜15点）,0.5777,"{'is_target': True, 'verdict': '参加推奨', 'max_combo_prob': 0.1192, 'est_top_odds': 11.2, 'circle_concentration': 64.0, 'eligible_count': 8, 'bet_adj': 2, 'reason': 'rel_win1=64.9%（本命度） / 最有力組み合わせ確率: 0.119（推定実オッズ?11倍） / 2着集中度: 上位2艇 64.0%（補正+0.00） / 総合判定確率: 0.119 / → ヒモ分散。1号艇1着固定で広めのヒモ流し推奨（買い目+2点）', 'tenji_trigger': '展示確認: ヒモ分散レース。1号艇伸び確認後、広めのヒモ流しを採用。穴ヒモ（5・6号艇）を積極的に含める。'}",,,26.6,逃げ狙い,10.7,30.4,2,,,,,,,,,,,
2025-09-05,丸亀,9,3,中渡修作,B1,0.00,3,○,8.0395,23.4,34,43.8,0.1519,3.3594,,,0,低,108,0,-,4 6,0,100,2.9604,0,0,0,0.037,0.037,0.1632,0.1632,0.4263,,◎,C,,,0.4021,0.606,,0.4089,A,72,0,◎-○軸 3着3〜4艇流し（10〜15点）,0.5777,"{'is_target': True, 'verdict': '参加推奨', 'max_combo_prob': 0.1192, 'est_top_odds': 11.2, 'circle_concentration': 64.0, 'eligible_count': 8, 'bet_adj': 2, 'reason': 'rel_win1=64.9%（本命度） / 最有力組み合わせ確率: 0.119（推定実オッズ?11倍） / 2着集中度: 上位2艇 64.0%（補正+0.00） / 総合判定確率: 0.119 / → ヒモ分散。1号艇1着固定で広めのヒモ流し推奨（買い目+2点）', 'tenji_trigger': '展示確認: ヒモ分散レース。1号艇伸び確認後、広めのヒモ流しを採用。穴ヒモ（5・6号艇）を積極的に含める。'}",,,26.6,逃げ狙い,10.7,30.4,2,,,,,,,,,,,
2025-09-05,丸亀,9,4,前田　翔,A1,0.00,4,▲,7.8058,20.5,100,83.9,0.1603,3.7258,,,0,低,48,0,ま0% 差ま0%,1423,0,72.5,1.4751,0,0,0.0714,0.0714,0,0.0952,0.0476,0.0952,,,C,◎,,0.379,0.6585,,0.4089,A,72,0,◎-○軸 3着3〜4艇流し（10〜15点）,0.5777,"{'is_target': True, 'verdict': '参加推奨', 'max_combo_prob': 0.1192, 'est_top_odds': 11.2, 'circle_concentration': 64.0, 'eligible_count': 8, 'bet_adj': 2, 'reason': 'rel_win1=64.9%（本命度） / 最有力組み合わせ確率: 0.119（推定実オッズ?11倍） / 2着集中度: 上位2艇 64.0%（補正+0.00） / 総合判定確率: 0.119 / → ヒモ分散。1号艇1着固定で広めのヒモ流し推奨（買い目+2点）', 'tenji_trigger': '展示確認: ヒモ分散レース。1号艇伸び確認後、広めのヒモ流しを採用。穴ヒモ（5・6号艇）を積極的に含める。'}",,,26.6,逃げ狙い,10.7,30.4,2,,,,,,,,,,,
2025-09-05,丸亀,9,5,牧山敦也,B1,0.00,5,△,6.0821,10.9,62,41.3,0.1685,3.6957,,,0,低,107,0,差ま0%,6 13,0,58,1.196,0,0,0,0.0833,0,0.0706,0.0471,0.5412,,,C,○,,0.3366,0.631,,0.4089,A,72,0,◎-○軸 3着3〜4艇流し（10〜15点）,0.5777,"{'is_target': True, 'verdict': '参加推奨', 'max_combo_prob': 0.1192, 'est_top_odds': 11.2, 'circle_concentration': 64.0, 'eligible_count': 8, 'bet_adj': 2, 'reason': 'rel_win1=64.9%（本命度） / 最有力組み合わせ確率: 0.119（推定実オッズ?11倍） / 2着集中度: 上位2艇 64.0%（補正+0.00） / 総合判定確率: 0.119 / → ヒモ分散。1号艇1着固定で広めのヒモ流し推奨（買い目+2点）', 'tenji_trigger': '展示確認: ヒモ分散レース。1号艇伸び確認後、広めのヒモ流しを採用。穴ヒモ（5・6号艇）を積極的に含める。'}",,,26.6,逃げ狙い,10.7,30.4,2,,,,,,,,,,,
2025-09-05,丸亀,9,6,木山和幸,B1,0.00,6,,1.1927,4.6,25,21.1,0.1738,3.9135,,,0,低,135,0,-,125,0,31.6,0.495,,,,,,0.048,0.016,0.148,,,C,△,,0.3397,0.6205,,0.4089,A,72,0,◎-○軸 3着3〜4艇流し（10〜15点）,0.5777,"{'is_target': True, 'verdict': '参加推奨', 'max_combo_prob': 0.1192, 'est_top_odds': 11.2, 'circle_concentration': 64.0, 'eligible_count': 8, 'bet_adj': 2, 'reason': 'rel_win1=64.9%（本命度） / 最有力組み合わせ確率: 0.119（推定実オッズ?11倍） / 2着集中度: 上位2艇 64.0%（補正+0.00） / 総合判定確率: 0.119 / → ヒモ分散。1号艇1着固定で広めのヒモ流し推奨（買い目+2点）', 'tenji_trigger': '展示確認: ヒモ分散レース。1号艇伸び確認後、広めのヒモ流しを採用。穴ヒモ（5・6号艇）を積極的に含める。'}",,,26.6,逃げ狙い,10.7,30.4,2,,,,,,,,,,,
2025-09-05,丸亀,10,1,一瀬　明,A2,0.00,1,◎,57.2762,,0,84.3,0.1613,3.2289,,,0,低,121,0,逃0%,132,0,55.8,0.9246,0.5128,,,,,0.0205,0.0853,0.2322,◎,,C,◎,,,0.675,,0.5104,A,72,0,◎-○軸 3着3〜4艇流し（10〜15点）,0.5777,"{'is_target': True, 'verdict': '参加推奨', 'max_combo_prob': 0.0941, 'est_top_odds': 14.2, 'circle_concentration': 65.9, 'eligible_count': 8, 'bet_adj': 2, 'reason': 'rel_win1=57.3%（本命度） / 最有力組み合わせ確率: 0.094（推定実オッズ?14倍） / 2着集中度: 上位2艇 65.9%（補正+0.00） / 総合判定確率: 0.094 / → ヒモ分散。1号艇1着固定で広めのヒモ流し推奨（買い目+2点）', 'tenji_trigger': '展示確認: ヒモ分散レース。1号艇伸び確認後、広めのヒモ流しを採用。穴ヒモ（5・6号艇）を積極的に含める。'}",,,28.3,逃げ狙い,18.99,28,3,,,,,0,0,0.7559,0,,逃げ軸流し,A
2025-09-05,丸亀,10,2,藤井　徹,B1,0.00,2,△,6.8588,27.8,100,52.7,0.1767,4.3,,,0,低,130,0,差0%,464,0,33.5,0.8678,0,0.0417,0,0,0,0.2,0.36,0.18,,,C,△,,0.1569,0.6035,,0.5104,A,72,0,◎-○軸 3着3〜4艇流し（10〜15点）,0.5777,"{'is_target': True, 'verdict': '参加推奨', 'max_combo_prob': 0.0941, 'est_top_odds': 14.2, 'circle_concentration': 65.9, 'eligible_count': 8, 'bet_adj': 2, 'reason': 'rel_win1=57.3%（本命度） / 最有力組み合わせ確率: 0.094（推定実オッズ?14倍） / 2着集中度: 上位2艇 65.9%（補正+0.00） / 総合判定確率: 0.094 / → ヒモ分散。1号艇1着固定で広めのヒモ流し推奨（買い目+2点）', 'tenji_trigger': '展示確認: ヒモ分散レース。1号艇伸び確認後、広めのヒモ流しを採用。穴ヒモ（5・6号艇）を積極的に含める。'}",,,28.3,逃げ狙い,18.99,28,3,,,,,,,,,,,
2025-09-05,丸亀,10,3,青木玄太,A1,0.00,3,▲,19.9484,38.1,67,76.7,0.179,3.4333,,,0,低,75,0,ま0% 差ま0% 抜0%,2221,0,68.5,1.6115,0,0,0.0625,0.25,0.1875,0,0.0625,0.1875,,,C,,,0.2631,0.586,,0.5104,A,72,0,◎-○軸 3着3〜4艇流し（10〜15点）,0.5777,"{'is_target': True, 'verdict': '参加推奨', 'max_combo_prob': 0.0941, 'est_top_odds': 14.2, 'circle_concentration': 65.9, 'eligible_count': 8, 'bet_adj': 2, 'reason': 'rel_win1=57.3%（本命度） / 最有力組み合わせ確率: 0.094（推定実オッズ?14倍） / 2着集中度: 上位2艇 65.9%（補正+0.00） / 総合判定確率: 0.094 / → ヒモ分散。1号艇1着固定で広めのヒモ流し推奨（買い目+2点）', 'tenji_trigger': '展示確認: ヒモ分散レース。1号艇伸び確認後、広めのヒモ流しを採用。穴ヒモ（5・6号艇）を積極的に含める。'}",,,28.3,逃げ狙い,18.99,28,3,,,,,,,,,,,
2025-09-05,丸亀,10,4,松尾　拓,A2,0.00,4,○,11.1272,24,58,58.6,0.1721,3.8448,,,0,低,111,0,-,1142,0,95.9,1.8277,0,0,0.0526,0.1053,0,0.2333,0.0222,0.0333,,,C,○,◎,0.2673,0.6325,0.3779,0.5104,A,72,0,◎-○軸 3着3〜4艇流し（10〜15点）,0.5777,"{'is_target': True, 'verdict': '参加推奨', 'max_combo_prob': 0.0941, 'est_top_odds': 14.2, 'circle_concentration': 65.9, 'eligible_count': 8, 'bet_adj': 2, 'reason': 'rel_win1=57.3%（本命度） / 最有力組み合わせ確率: 0.094（推定実オッズ?14倍） / 2着集中度: 上位2艇 65.9%（補正+0.00） / 総合判定確率: 0.094 / → ヒモ分散。1号艇1着固定で広めのヒモ流し推奨（買い目+2点）', 'tenji_trigger': '展示確認: ヒモ分散レース。1号艇伸び確認後、広めのヒモ流しを採用。穴ヒモ（5・6号艇）を積極的に含める。'}",,,28.3,逃げ狙い,18.99,28,3,,,,,,,,,,,
2025-09-05,丸亀,10,5,伊達正利,B1,0.00,5,,3.1557,8,36,17.6,0.1775,3.8603,,,0,低,160,0,-,562,0,26.3,0.7302,,,,,,0.0455,0.0455,0.0455,,,C,△,,0.2725,0.6165,,0.5104,A,72,0,◎-○軸 3着3〜4艇流し（10〜15点）,0.5777,"{'is_target': True, 'verdict': '参加推奨', 'max_combo_prob': 0.0941, 'est_top_odds': 14.2, 'circle_concentration': 65.9, 'eligible_count': 8, 'bet_adj': 2, 'reason': 'rel_win1=57.3%（本命度） / 最有力組み合わせ確率: 0.094（推定実オッズ?14倍） / 2着集中度: 上位2艇 65.9%（補正+0.00） / 総合判定確率: 0.094 / → ヒモ分散。1号艇1着固定で広めのヒモ流し推奨（買い目+2点）', 'tenji_trigger': '展示確認: ヒモ分散レース。1号艇伸び確認後、広めのヒモ流しを採用。穴ヒモ（5・6号艇）を積極的に含める。'}",,,28.3,逃げ狙い,18.99,28,3,,,,,,,,,,,
2025-09-05,丸亀,10,6,富永正人,B1,0.00,6,,1.6336,2.1,38,22.2,0.2015,4.463,,,0,低,128,0,-,226,0,26.9,0.9497,,,,,,0.4211,0.1579,0.2105,,,C,,,0.1949,0.5955,,0.5104,A,72,0,◎-○軸 3着3〜4艇流し（10〜15点）,0.5777,"{'is_target': True, 'verdict': '参加推奨', 'max_combo_prob': 0.0941, 'est_top_odds': 14.2, 'circle_concentration': 65.9, 'eligible_count': 8, 'bet_adj': 2, 'reason': 'rel_win1=57.3%（本命度） / 最有力組み合わせ確率: 0.094（推定実オッズ?14倍） / 2着集中度: 上位2艇 65.9%（補正+0.00） / 総合判定確率: 0.094 / → ヒモ分散。1号艇1着固定で広めのヒモ流し推奨（買い目+2点）', 'tenji_trigger': '展示確認: ヒモ分散レース。1号艇伸び確認後、広めのヒモ流しを採用。穴ヒモ（5・6号艇）を積極的に含める。'}",,,28.3,逃げ狙い,18.99,28,3,,,,,,,,,,,
2025-09-05,丸亀,11,1,藤岡俊介,A1,0.00,1,◎,68.5923,,0,89.8,0.1139,2.0114,,,0,低,38,0,抜1%,3314,0,69.1,1.0097,0.7692,,,,,0.0769,0.0256,0.0256,◎,,C,◎,,,0.6905,,0.7345,S,84,0,◎1着固定 2-3着流し（5〜8点）,0.5777,"{'is_target': True, 'verdict': '点数絞り', 'max_combo_prob': 0.0882, 'est_top_odds': 15.1, 'circle_concentration': 70.7, 'eligible_count': 6, 'bet_adj': 0, 'reason': 'rel_win1=68.6%（本命度） / 最有力組み合わせ確率: 0.088（推定実オッズ?15倍） / 2着集中度: 上位2艇 70.7%（補正+0.04） / 総合判定確率: 0.128 / → ヒモはやや固め。上位2艇以外を切ること', 'tenji_trigger': '展示確認: 1号艇伸び良→そのまま採用。悪→飛び組に差し替え。circle_pct上位2艇に絞り込むこと。\n展示で1号艇スタート超安定(0.114秒)→ヒモ固まり方向に注意'}",,,24.8,逃げ狙い,12.77,23.4,5,,,,,0,0,0.7559,0,,逃げ軸流し,A
2025-09-05,丸亀,11,2,廣瀬将亨,A2,0.00,2,▲,8.6184,42.7,100,60.7,0.152,3.3361,,,0,低,86,0,差0% ま0%,5461,0,48.5,0.9791,0,0.0571,0.0286,0,0,0.0293,0.198,0.0293,,,C,△,,0.0606,0.64,,0.7345,S,84,0,◎1着固定 2-3着流し（5〜8点）,0.5777,"{'is_target': True, 'verdict': '点数絞り', 'max_combo_prob': 0.0882, 'est_top_odds': 15.1, 'circle_concentration': 70.7, 'eligible_count': 6, 'bet_adj': 0, 'reason': 'rel_win1=68.6%（本命度） / 最有力組み合わせ確率: 0.088（推定実オッズ?15倍） / 2着集中度: 上位2艇 70.7%（補正+0.04） / 総合判定確率: 0.128 / → ヒモはやや固め。上位2艇以外を切ること', 'tenji_trigger': '展示確認: 1号艇伸び良→そのまま採用。悪→飛び組に差し替え。circle_pct上位2艇に絞り込むこと。\n展示で1号艇スタート超安定(0.114秒)→ヒモ固まり方向に注意'}",,,24.8,逃げ狙い,12.77,23.4,5,,,,,,,,,,,
2025-09-05,丸亀,11,3,北川敏弘,B1,0.00,3,,5.8185,27.9,74,34.9,0.1807,3.6047,,,0,低,115,0,差ま0%,345,0,100,0.6808,0,0,0,0.0526,0,0.3106,0.0706,0.2141,,,C,,,0.1131,0.55,,0.7345,S,84,0,◎1着固定 2-3着流し（5〜8点）,0.5777,"{'is_target': True, 'verdict': '点数絞り', 'max_combo_prob': 0.0882, 'est_top_odds': 15.1, 'circle_concentration': 70.7, 'eligible_count': 6, 'bet_adj': 0, 'reason': 'rel_win1=68.6%（本命度） / 最有力組み合わせ確率: 0.088（推定実オッズ?15倍） / 2着集中度: 上位2艇 70.7%（補正+0.04） / 総合判定確率: 0.128 / → ヒモはやや固め。上位2艇以外を切ること', 'tenji_trigger': '展示確認: 1号艇伸び良→そのまま採用。悪→飛び組に差し替え。circle_pct上位2艇に絞り込むこと。\n展示で1号艇スタート超安定(0.114秒)→ヒモ固まり方向に注意'}",,,24.8,逃げ狙い,12.77,23.4,5,,,,,,,,,,,
2025-09-05,丸亀,11,4,花本夏樹,B1,0.00,4,,4.5482,3.5,73,26.9,0.1936,4.5,,,0,低,186,0,-,166,0,11,0.3079,0,0,0,0,0.0385,0,0,0.34,,,C,,,0.1381,0.605,,0.7345,S,84,0,◎1着固定 2-3着流し（5〜8点）,0.5777,"{'is_target': True, 'verdict': '点数絞り', 'max_combo_prob': 0.0882, 'est_top_odds': 15.1, 'circle_concentration': 70.7, 'eligible_count': 6, 'bet_adj': 0, 'reason': 'rel_win1=68.6%（本命度） / 最有力組み合わせ確率: 0.088（推定実オッズ?15倍） / 2着集中度: 上位2艇 70.7%（補正+0.04） / 総合判定確率: 0.128 / → ヒモはやや固め。上位2艇以外を切ること', 'tenji_trigger': '展示確認: 1号艇伸び良→そのまま採用。悪→飛び組に差し替え。circle_pct上位2艇に絞り込むこと。\n展示で1号艇スタート超安定(0.114秒)→ヒモ固まり方向に注意'}",,,24.8,逃げ狙い,12.77,23.4,5,,,,,,,,,,,
2025-09-05,丸亀,11,5,権藤俊光,A2,0.00,5,○,10.73,22,90,70.3,0.1268,3.1081,,,0,低,50,0,差ま0% 抜0%,1136,0,100,2.0443,0,0,0,0.0625,0.0625,0.0727,0.1864,0.0182,,,C,△,◎,0.2446,0.6615,0.4385,0.7345,S,84,0,◎1着固定 2-3着流し（5〜8点）,0.5777,"{'is_target': True, 'verdict': '点数絞り', 'max_combo_prob': 0.0882, 'est_top_odds': 15.1, 'circle_concentration': 70.7, 'eligible_count': 6, 'bet_adj': 0, 'reason': 'rel_win1=68.6%（本命度） / 最有力組み合わせ確率: 0.088（推定実オッズ?15倍） / 2着集中度: 上位2艇 70.7%（補正+0.04） / 総合判定確率: 0.128 / → ヒモはやや固め。上位2艇以外を切ること', 'tenji_trigger': '展示確認: 1号艇伸び良→そのまま採用。悪→飛び組に差し替え。circle_pct上位2艇に絞り込むこと。\n展示で1号艇スタート超安定(0.114秒)→ヒモ固まり方向に注意'}",,,24.8,逃げ狙い,12.77,23.4,5,,,,,,,,,,,
2025-09-05,丸亀,11,6,仲口博崇,A1,0.00,6,△,1.6927,3.8,62,100,0.13,5,,,0,低,98,1,-,2531,0,29.7,3.5461,,,,,,0.161,0.0908,0.1421,,,C,○,,0.2618,0.663,,0.7345,S,84,0,◎1着固定 2-3着流し（5〜8点）,0.5777,"{'is_target': True, 'verdict': '点数絞り', 'max_combo_prob': 0.0882, 'est_top_odds': 15.1, 'circle_concentration': 70.7, 'eligible_count': 6, 'bet_adj': 0, 'reason': 'rel_win1=68.6%（本命度） / 最有力組み合わせ確率: 0.088（推定実オッズ?15倍） / 2着集中度: 上位2艇 70.7%（補正+0.04） / 総合判定確率: 0.128 / → ヒモはやや固め。上位2艇以外を切ること', 'tenji_trigger': '展示確認: 1号艇伸び良→そのまま採用。悪→飛び組に差し替え。circle_pct上位2艇に絞り込むこと。\n展示で1号艇スタート超安定(0.114秒)→ヒモ固まり方向に注意'}",,,24.8,逃げ狙い,12.77,23.4,5,,,,,,,,,,,
2025-09-05,丸亀,12,1,濱野斗馬,A1,0.00,1,◎,65.7422,,0,94.4,0.118,1.9907,,,0,低,40,0,逃1%,5133,0,86.5,1.0953,0.7419,,,,,0.0968,0,0.0323,◎,,C,,,,0.638,,0.7833,S,100,0,◎1着固定 2-3着流し（5〜8点）,0.5777,"{'is_target': True, 'verdict': '参加推奨', 'max_combo_prob': 0.0712, 'est_top_odds': 18.7, 'circle_concentration': 67.7, 'eligible_count': 6, 'bet_adj': 2, 'reason': 'rel_win1=65.7%（本命度） / 最有力組み合わせ確率: 0.071（推定実オッズ?19倍） / 2着集中度: 上位2艇 67.7%（補正+0.00） / 総合判定確率: 0.071 / → ヒモ分散。1号艇1着固定で広めのヒモ流し推奨（買い目+2点）', 'tenji_trigger': '展示確認: ヒモ分散レース。1号艇伸び確認後、広めのヒモ流しを採用。穴ヒモ（5・6号艇）を積極的に含める。\n展示で1号艇スタート超安定(0.118秒)→ヒモ固まり方向に注意'}",,,25,逃げ狙い,13.45,23.5,4,,,,,0,0,0.7559,0,,逃げ軸流し,A
2025-09-05,丸亀,12,2,山崎裕司,A2,0.00,2,,7.9103,38.3,91,61.4,0.1613,3.7786,,,0,低,130,0,-,4142,0,82.6,0.5822,0,0.0667,0,0,0,0.0279,0.0779,0.1465,,,C,○,,0.064,0.656,,0.7833,S,100,0,◎1着固定 2-3着流し（5〜8点）,0.5777,"{'is_target': True, 'verdict': '参加推奨', 'max_combo_prob': 0.0712, 'est_top_odds': 18.7, 'circle_concentration': 67.7, 'eligible_count': 6, 'bet_adj': 2, 'reason': 'rel_win1=65.7%（本命度） / 最有力組み合わせ確率: 0.071（推定実オッズ?19倍） / 2着集中度: 上位2艇 67.7%（補正+0.00） / 総合判定確率: 0.071 / → ヒモ分散。1号艇1着固定で広めのヒモ流し推奨（買い目+2点）', 'tenji_trigger': '展示確認: ヒモ分散レース。1号艇伸び確認後、広めのヒモ流しを採用。穴ヒモ（5・6号艇）を積極的に含める。\n展示で1号艇スタート超安定(0.118秒)→ヒモ固まり方向に注意'}",,,25,逃げ狙い,13.45,23.5,4,,,,,,,,,,,
2025-09-05,丸亀,12,3,村田修次,A2,0.00,3,○,8.1459,29.3,79,69.4,0.1441,2.9592,,,0,低,93,0,ま0% 差ま0%,2345,0,56.5,1.1669,0,0,0.1,0.05,0,0.0625,0.1107,0.2214,,,C,△,,0.1699,0.6435,,0.7833,S,100,0,◎1着固定 2-3着流し（5〜8点）,0.5777,"{'is_target': True, 'verdict': '参加推奨', 'max_combo_prob': 0.0712, 'est_top_odds': 18.7, 'circle_concentration': 67.7, 'eligible_count': 6, 'bet_adj': 2, 'reason': 'rel_win1=65.7%（本命度） / 最有力組み合わせ確率: 0.071（推定実オッズ?19倍） / 2着集中度: 上位2艇 67.7%（補正+0.00） / 総合判定確率: 0.071 / → ヒモ分散。1号艇1着固定で広めのヒモ流し推奨（買い目+2点）', 'tenji_trigger': '展示確認: ヒモ分散レース。1号艇伸び確認後、広めのヒモ流しを採用。穴ヒモ（5・6号艇）を積極的に含める。\n展示で1号艇スタート超安定(0.118秒)→ヒモ固まり方向に注意'}",,,25,逃げ狙い,13.45,23.5,4,,,,,,,,,,,
2025-09-05,丸亀,12,4,永嶋裕一,B1,0.00,4,△,9.0078,15.7,100,55.7,0.1603,3.1148,,,0,低,92,0,差0% 差ま0%,315,0,64.4,1.1653,0,0.1538,0,0.0769,0,0.0333,0.1591,0.1424,,,C,△,◎,0.1403,0.6425,0.417,0.7833,S,100,0,◎1着固定 2-3着流し（5〜8点）,0.5777,"{'is_target': True, 'verdict': '参加推奨', 'max_combo_prob': 0.0712, 'est_top_odds': 18.7, 'circle_concentration': 67.7, 'eligible_count': 6, 'bet_adj': 2, 'reason': 'rel_win1=65.7%（本命度） / 最有力組み合わせ確率: 0.071（推定実オッズ?19倍） / 2着集中度: 上位2艇 67.7%（補正+0.00） / 総合判定確率: 0.071 / → ヒモ分散。1号艇1着固定で広めのヒモ流し推奨（買い目+2点）', 'tenji_trigger': '展示確認: ヒモ分散レース。1号艇伸び確認後、広めのヒモ流しを採用。穴ヒモ（5・6号艇）を積極的に含める。\n展示で1号艇スタート超安定(0.118秒)→ヒモ固まり方向に注意'}",,,25,逃げ狙い,13.45,23.5,4,,,,,,,,,,,
2025-09-05,丸亀,12,5,赤坂俊輔,A1,0.00,5,▲,4.5555,13.6,77,51.9,0.151,3.4423,,,0,低,76,0,差ま0%,3623,0,28.7,1.421,0,0,0,0.0357,0,0.0095,0.1321,0.0286,,,C,◎,,0.1748,0.668,,0.7833,S,100,0,◎1着固定 2-3着流し（5〜8点）,0.5777,"{'is_target': True, 'verdict': '参加推奨', 'max_combo_prob': 0.0712, 'est_top_odds': 18.7, 'circle_concentration': 67.7, 'eligible_count': 6, 'bet_adj': 2, 'reason': 'rel_win1=65.7%（本命度） / 最有力組み合わせ確率: 0.071（推定実オッズ?19倍） / 2着集中度: 上位2艇 67.7%（補正+0.00） / 総合判定確率: 0.071 / → ヒモ分散。1号艇1着固定で広めのヒモ流し推奨（買い目+2点）', 'tenji_trigger': '展示確認: ヒモ分散レース。1号艇伸び確認後、広めのヒモ流しを採用。穴ヒモ（5・6号艇）を積極的に含める。\n展示で1号艇スタート超安定(0.118秒)→ヒモ固まり方向に注意'}",,,25,逃げ狙い,13.45,23.5,4,,,,,,,,,,,
2025-09-05,丸亀,12,6,濱本優一,A2,0.00,6,,4.6383,3,98,47.6,0.1937,4.373,,,0,低,141,0,-,4211,0,34.6,0.7486,0,0,0,0.069,0.0345,0.0429,0.1629,0,,,C,,,0.1168,0.61,,0.7833,S,100,0,◎1着固定 2-3着流し（5〜8点）,0.5777,"{'is_target': True, 'verdict': '参加推奨', 'max_combo_prob': 0.0712, 'est_top_odds': 18.7, 'circle_concentration': 67.7, 'eligible_count': 6, 'bet_adj': 2, 'reason': 'rel_win1=65.7%（本命度） / 最有力組み合わせ確率: 0.071（推定実オッズ?19倍） / 2着集中度: 上位2艇 67.7%（補正+0.00） / 総合判定確率: 0.071 / → ヒモ分散。1号艇1着固定で広めのヒモ流し推奨（買い目+2点）', 'tenji_trigger': '展示確認: ヒモ分散レース。1号艇伸び確認後、広めのヒモ流しを採用。穴ヒモ（5・6号艇）を積極的に含める。\n展示で1号艇スタート超安定(0.118秒)→ヒモ固まり方向に注意'}",,,25,逃げ狙い,13.45,23.5,4,,,,,,,,,,,
2025-09-06,丸亀,1,1,牧山敦也,B1,0.00,1,◎,56.5823,,0,79.5,0.1732,3.6932,,,0,低,107,0,逃0%,6 136,0,82.8,1.0393,0.3529,,,,,0.0706,0.0471,0.5412,○,,C,○,,,0.631,,0.3495,A,70,0,◎-○軸 3着3〜4艇流し（10〜15点）,0.5777,"{'is_target': True, 'verdict': '参加推奨', 'max_combo_prob': 0.0625, 'est_top_odds': 21.3, 'circle_concentration': 62.2, 'eligible_count': 8, 'bet_adj': 2, 'reason': 'rel_win1=56.6%（本命度） / 最有力組み合わせ確率: 0.063（推定実オッズ?21倍） / 2着集中度: 上位2艇 62.2%（補正+0.00） / 総合判定確率: 0.063 / → ヒモ分散。1号艇1着固定で広めのヒモ流し推奨（買い目+2点）', 'tenji_trigger': '展示確認: ヒモ分散レース。1号艇伸び確認後、広めのヒモ流しを採用。穴ヒモ（5・6号艇）を積極的に含める。'}",,,28.9,逃げ狙い,15.87,32.5,3,,,,,0,0,0.6155,0,,逃げ軸流し,A
2025-09-06,丸亀,1,2,木山和幸,B1,0.00,2,▲,12.552,36,100,54.9,0.1635,3.7113,,,0,低,135,0,差0%,125 62,0,49.4,0.5355,0,0.1111,0,0,0,0.048,0.016,0.148,,◎,C,△,,0.4326,0.6205,,0.3495,A,70,0,◎-○軸 3着3〜4艇流し（10〜15点）,0.5777,"{'is_target': True, 'verdict': '参加推奨', 'max_combo_prob': 0.0625, 'est_top_odds': 21.3, 'circle_concentration': 62.2, 'eligible_count': 8, 'bet_adj': 2, 'reason': 'rel_win1=56.6%（本命度） / 最有力組み合わせ確率: 0.063（推定実オッズ?21倍） / 2着集中度: 上位2艇 62.2%（補正+0.00） / 総合判定確率: 0.063 / → ヒモ分散。1号艇1着固定で広めのヒモ流し推奨（買い目+2点）', 'tenji_trigger': '展示確認: ヒモ分散レース。1号艇伸び確認後、広めのヒモ流しを採用。穴ヒモ（5・6号艇）を積極的に含める。'}",,,28.9,逃げ狙い,15.87,32.5,3,,,,,,,,,,,
2025-09-06,丸亀,1,3,吉永浩則,B1,0.00,3,○,8.3097,26.2,59,41.8,0.1575,3.0636,,,0,低,106,0,-,6 361,0,36.2,0.8031,,,,,,0.0222,0.1944,0.0444,,○,C,◎,,0.3974,0.644,,0.3495,A,70,0,◎-○軸 3着3〜4艇流し（10〜15点）,0.5777,"{'is_target': True, 'verdict': '参加推奨', 'max_combo_prob': 0.0625, 'est_top_odds': 21.3, 'circle_concentration': 62.2, 'eligible_count': 8, 'bet_adj': 2, 'reason': 'rel_win1=56.6%（本命度） / 最有力組み合わせ確率: 0.063（推定実オッズ?21倍） / 2着集中度: 上位2艇 62.2%（補正+0.00） / 総合判定確率: 0.063 / → ヒモ分散。1号艇1着固定で広めのヒモ流し推奨（買い目+2点）', 'tenji_trigger': '展示確認: ヒモ分散レース。1号艇伸び確認後、広めのヒモ流しを採用。穴ヒモ（5・6号艇）を積極的に含める。'}",,,28.9,逃げ狙い,15.87,32.5,3,,,,,,,,,,,
2025-09-06,丸亀,1,4,富永正人,B1,0.00,4,,14.5996,12.7,62,36.4,0.1823,3.9545,,,0,低,128,0,差0% ま0% 差ま0%,226 63,0,61.6,1.1055,0,0.037,0.1481,0.037,0,0.4211,0.1579,0.2105,,,C,△,◎,0.2846,0.5955,0.2544,0.3495,A,70,0,◎-○軸 3着3〜4艇流し（10〜15点）,0.5777,"{'is_target': True, 'verdict': '参加推奨', 'max_combo_prob': 0.0625, 'est_top_odds': 21.3, 'circle_concentration': 62.2, 'eligible_count': 8, 'bet_adj': 2, 'reason': 'rel_win1=56.6%（本命度） / 最有力組み合わせ確率: 0.063（推定実オッズ?21倍） / 2着集中度: 上位2艇 62.2%（補正+0.00） / 総合判定確率: 0.063 / → ヒモ分散。1号艇1着固定で広めのヒモ流し推奨（買い目+2点）', 'tenji_trigger': '展示確認: ヒモ分散レース。1号艇伸び確認後、広めのヒモ流しを採用。穴ヒモ（5・6号艇）を積極的に含める。'}",,,28.9,逃げ狙い,15.87,32.5,3,,,,,,,,,,,
2025-09-06,丸亀,1,5,石井伸長,B1,0.00,5,△,6.7318,24.7,55,44,0.1714,3.54,,,0,低,79,0,-,142 42,0,23,0.869,0,0,0.0286,0.0286,0,0,0.5,0.25,,,C,,,0.2933,0.5655,,0.3495,A,70,0,◎-○軸 3着3〜4艇流し（10〜15点）,0.5777,"{'is_target': True, 'verdict': '参加推奨', 'max_combo_prob': 0.0625, 'est_top_odds': 21.3, 'circle_concentration': 62.2, 'eligible_count': 8, 'bet_adj': 2, 'reason': 'rel_win1=56.6%（本命度） / 最有力組み合わせ確率: 0.063（推定実オッズ?21倍） / 2着集中度: 上位2艇 62.2%（補正+0.00） / 総合判定確率: 0.063 / → ヒモ分散。1号艇1着固定で広めのヒモ流し推奨（買い目+2点）', 'tenji_trigger': '展示確認: ヒモ分散レース。1号艇伸び確認後、広めのヒモ流しを採用。穴ヒモ（5・6号艇）を積極的に含める。'}",,,28.9,逃げ狙い,15.87,32.5,3,,,,,,,,,,,
2025-09-06,丸亀,1,6,川辺郭人,B2,0.00,6,,1.2246,0.4,26,4.2,0.19,4.1271,,,0,低,96,0,-,656 S,0,27.7,0.5908,,,,,,0.0364,0.3091,0.0364,,,C,,,0.2672,0.5105,,0.3495,A,70,0,◎-○軸 3着3〜4艇流し（10〜15点）,0.5777,"{'is_target': True, 'verdict': '参加推奨', 'max_combo_prob': 0.0625, 'est_top_odds': 21.3, 'circle_concentration': 62.2, 'eligible_count': 8, 'bet_adj': 2, 'reason': 'rel_win1=56.6%（本命度） / 最有力組み合わせ確率: 0.063（推定実オッズ?21倍） / 2着集中度: 上位2艇 62.2%（補正+0.00） / 総合判定確率: 0.063 / → ヒモ分散。1号艇1着固定で広めのヒモ流し推奨（買い目+2点）', 'tenji_trigger': '展示確認: ヒモ分散レース。1号艇伸び確認後、広めのヒモ流しを採用。穴ヒモ（5・6号艇）を積極的に含める。'}",,,28.9,逃げ狙い,15.87,32.5,3,,,,,,,,,,,
2025-09-06,丸亀,2,1,大崎　翔,B1,0.00,1,◎,46.9845,,0,85.1,0.1389,2.6383,,,0,低,117,0,逃0%,6 534,0,70,1.06,0.4091,,,,,0.3127,0.0727,0.1745,◎,,C,○,,,0.643,,0.4668,A,69,0,◎-○軸 3着3〜4艇流し（10〜15点）,0.5777,"{'is_target': True, 'verdict': '参加推奨', 'max_combo_prob': 0.0515, 'est_top_odds': 25.9, 'circle_concentration': 70.6, 'eligible_count': 8, 'bet_adj': 2, 'reason': 'rel_win1=47.0%（本命度） / 最有力組み合わせ確率: 0.051（推定実オッズ?26倍） / 2着集中度: 上位2艇 70.6%（補正+0.04） / 総合判定確率: 0.091 / → ヒモ分散。1号艇1着固定で広めのヒモ流し推奨（買い目+2点）', 'tenji_trigger': '展示確認: ヒモ分散レース。1号艇伸び確認後、広めのヒモ流しを採用。穴ヒモ（5・6号艇）を積極的に含める。\n展示で1号艇スタート超安定(0.139秒)→ヒモ固まり方向に注意'}",,,30.4,逃げ狙い,18.39,34.7,3,,,,,0,0,0.7559,0,,逃げ軸流し,A
2025-09-06,丸亀,2,2,村田修次,A2,0.00,2,▲,12.5729,42.3,100,68.9,0.1322,3.0778,,,0,低,93,0,差0% ま0% 抜0%,23451S,0,49.6,1.1045,0,0.0476,0.0476,0,0.0476,0.0625,0.1107,0.2214,,◎,C,◎,,0.4239,0.6435,,0.4668,A,69,0,◎-○軸 3着3〜4艇流し（10〜15点）,0.5777,"{'is_target': True, 'verdict': '参加推奨', 'max_combo_prob': 0.0515, 'est_top_odds': 25.9, 'circle_concentration': 70.6, 'eligible_count': 8, 'bet_adj': 2, 'reason': 'rel_win1=47.0%（本命度） / 最有力組み合わせ確率: 0.051（推定実オッズ?26倍） / 2着集中度: 上位2艇 70.6%（補正+0.04） / 総合判定確率: 0.091 / → ヒモ分散。1号艇1着固定で広めのヒモ流し推奨（買い目+2点）', 'tenji_trigger': '展示確認: ヒモ分散レース。1号艇伸び確認後、広めのヒモ流しを採用。穴ヒモ（5・6号艇）を積極的に含める。\n展示で1号艇スタート超安定(0.139秒)→ヒモ固まり方向に注意'}",,,30.4,逃げ狙い,18.39,34.7,3,,,,,,,,,,,
2025-09-06,丸亀,2,3,宮本夏樹,B1,0.00,3,○,26.4953,28.2,80,75.6,0.139,3.1585,,,0,低,86,0,ま0% 差ま0% 抜0%,231 43,0,82.3,1.8035,0,0,0.1111,0.3333,0.2222,0.1111,0.1111,0.2222,,○,C,△,,0.3911,0.622,,0.4668,A,69,0,◎-○軸 3着3〜4艇流し（10〜15点）,0.5777,"{'is_target': True, 'verdict': '参加推奨', 'max_combo_prob': 0.0515, 'est_top_odds': 25.9, 'circle_concentration': 70.6, 'eligible_count': 8, 'bet_adj': 2, 'reason': 'rel_win1=47.0%（本命度） / 最有力組み合わせ確率: 0.051（推定実オッズ?26倍） / 2着集中度: 上位2艇 70.6%（補正+0.04） / 総合判定確率: 0.091 / → ヒモ分散。1号艇1着固定で広めのヒモ流し推奨（買い目+2点）', 'tenji_trigger': '展示確認: ヒモ分散レース。1号艇伸び確認後、広めのヒモ流しを採用。穴ヒモ（5・6号艇）を積極的に含める。\n展示で1号艇スタート超安定(0.139秒)→ヒモ固まり方向に注意'}",,,30.4,逃げ狙い,18.39,34.7,3,,,,,,,,,,,
2025-09-06,丸亀,2,4,中村将隆,B1,0.00,4,△,6.7566,20.2,85,52.5,0.1487,3.425,,,0,低,101,0,-,5 255,0,98.8,1.0038,,,,,,0.2141,0.0706,0,,,C,,,0.2761,0.592,,0.4668,A,69,0,◎-○軸 3着3〜4艇流し（10〜15点）,0.5777,"{'is_target': True, 'verdict': '参加推奨', 'max_combo_prob': 0.0515, 'est_top_odds': 25.9, 'circle_concentration': 70.6, 'eligible_count': 8, 'bet_adj': 2, 'reason': 'rel_win1=47.0%（本命度） / 最有力組み合わせ確率: 0.051（推定実オッズ?26倍） / 2着集中度: 上位2艇 70.6%（補正+0.04） / 総合判定確率: 0.091 / → ヒモ分散。1号艇1着固定で広めのヒモ流し推奨（買い目+2点）', 'tenji_trigger': '展示確認: ヒモ分散レース。1号艇伸び確認後、広めのヒモ流しを採用。穴ヒモ（5・6号艇）を積極的に含める。\n展示で1号艇スタート超安定(0.139秒)→ヒモ固まり方向に注意'}",,,30.4,逃げ狙い,18.39,34.7,3,,,,,,,,,,,
2025-09-06,丸亀,2,5,中岡　駿,B2,0.00,5,,6.0395,7.8,88,0,0.2075,4.0625,,,0,低,40,1,-,666 6,0,30.7,0.7419,,,,,,,,,,,C,,,0.1459,0.482,,0.4668,A,69,0,◎-○軸 3着3〜4艇流し（10〜15点）,0.5777,"{'is_target': True, 'verdict': '参加推奨', 'max_combo_prob': 0.0515, 'est_top_odds': 25.9, 'circle_concentration': 70.6, 'eligible_count': 8, 'bet_adj': 2, 'reason': 'rel_win1=47.0%（本命度） / 最有力組み合わせ確率: 0.051（推定実オッズ?26倍） / 2着集中度: 上位2艇 70.6%（補正+0.04） / 総合判定確率: 0.091 / → ヒモ分散。1号艇1着固定で広めのヒモ流し推奨（買い目+2点）', 'tenji_trigger': '展示確認: ヒモ分散レース。1号艇伸び確認後、広めのヒモ流しを採用。穴ヒモ（5・6号艇）を積極的に含める。\n展示で1号艇スタート超安定(0.139秒)→ヒモ固まり方向に注意'}",,,30.4,逃げ狙い,18.39,34.7,3,,,,,,,,,,,
2025-09-06,丸亀,2,6,森安弘雅,A2,0.00,6,,1.1512,1.4,87,13.6,0.232,5.0254,,,0,低,178,0,-,34144,0,45.1,2.4031,,,,,,0.0167,0.1833,0.2,,,C,△,,0.1459,0.6065,,0.4668,A,69,0,◎-○軸 3着3〜4艇流し（10〜15点）,0.5777,"{'is_target': True, 'verdict': '参加推奨', 'max_combo_prob': 0.0515, 'est_top_odds': 25.9, 'circle_concentration': 70.6, 'eligible_count': 8, 'bet_adj': 2, 'reason': 'rel_win1=47.0%（本命度） / 最有力組み合わせ確率: 0.051（推定実オッズ?26倍） / 2着集中度: 上位2艇 70.6%（補正+0.04） / 総合判定確率: 0.091 / → ヒモ分散。1号艇1着固定で広めのヒモ流し推奨（買い目+2点）', 'tenji_trigger': '展示確認: ヒモ分散レース。1号艇伸び確認後、広めのヒモ流しを採用。穴ヒモ（5・6号艇）を積極的に含める。\n展示で1号艇スタート超安定(0.139秒)→ヒモ固まり方向に注意'}",,,30.4,逃げ狙い,18.39,34.7,3,,,,,,,,,,,
2025-09-06,丸亀,3,1,齋藤達希,B1,0.00,1,◎,46.6913,,0,71.4,0.1557,2.7857,,,0,低,155,0,逃0%,2 531,0,61.8,0.9175,0.3333,,,,,0.0222,0.56,0.1422,○,,C,○,,,0.6375,,0.4435,B,58,0,◎○△フォーメーション（15〜20点）,0.5777,"{'is_target': True, 'verdict': '参加推奨', 'max_combo_prob': 0.0593, 'est_top_odds': 22.5, 'circle_concentration': 58.6, 'eligible_count': 9, 'bet_adj': 2, 'reason': 'rel_win1=46.7%（本命度） / 最有力組み合わせ確率: 0.059（推定実オッズ?22倍） / 2着集中度: 上位2艇 58.6%（補正+0.00） / 総合判定確率: 0.059 / → ヒモ分散。1号艇1着固定で広めのヒモ流し推奨（買い目+2点）', 'tenji_trigger': '展示確認: ヒモ分散レース。1号艇伸び確認後、広めのヒモ流しを採用。穴ヒモ（5・6号艇）を積極的に含める。'}",,,31.5,両建て推奨,18.82,37.5,2,,,,,0,0,0.6155,0,,主役軸流し,B
2025-09-06,丸亀,3,2,小澤和也,B1,0.00,2,,11.9297,37,47,44.4,0.1754,3.8175,,,0,低,134,0,-,2 663,0,90.8,0.8905,0,0,0.037,0,0.037,0.3242,0.0632,0.1411,,,C,△,,0.1099,0.612,,0.4435,B,58,0,◎○△フォーメーション（15〜20点）,0.5777,"{'is_target': True, 'verdict': '参加推奨', 'max_combo_prob': 0.0593, 'est_top_odds': 22.5, 'circle_concentration': 58.6, 'eligible_count': 9, 'bet_adj': 2, 'reason': 'rel_win1=46.7%（本命度） / 最有力組み合わせ確率: 0.059（推定実オッズ?22倍） / 2着集中度: 上位2艇 58.6%（補正+0.00） / 総合判定確率: 0.059 / → ヒモ分散。1号艇1着固定で広めのヒモ流し推奨（買い目+2点）', 'tenji_trigger': '展示確認: ヒモ分散レース。1号艇伸び確認後、広めのヒモ流しを採用。穴ヒモ（5・6号艇）を積極的に含める。'}",,,31.5,両建て推奨,18.82,37.5,2,,,,,,,,,,,
2025-09-06,丸亀,3,3,沼田大都,B1,0.00,3,△,10.695,20,92,50,0.1663,3.6146,,,0,低,147,0,ま0% 差ま0%,5 641,0,38.2,0.9725,0,0,0.0435,0.087,0,0.2308,0.1538,0.1538,,,C,,,0.2981,0.522,,0.4435,B,58,0,◎○△フォーメーション（15〜20点）,0.5777,"{'is_target': True, 'verdict': '参加推奨', 'max_combo_prob': 0.0593, 'est_top_odds': 22.5, 'circle_concentration': 58.6, 'eligible_count': 9, 'bet_adj': 2, 'reason': 'rel_win1=46.7%（本命度） / 最有力組み合わせ確率: 0.059（推定実オッズ?22倍） / 2着集中度: 上位2艇 58.6%（補正+0.00） / 総合判定確率: 0.059 / → ヒモ分散。1号艇1着固定で広めのヒモ流し推奨（買い目+2点）', 'tenji_trigger': '展示確認: ヒモ分散レース。1号艇伸び確認後、広めのヒモ流しを採用。穴ヒモ（5・6号艇）を積極的に含める。'}",,,31.5,両建て推奨,18.82,37.5,2,,,,,,,,,,,
2025-09-06,丸亀,3,4,赤坂俊輔,A1,0.00,4,▲,15.2936,19,100,66.7,0.1513,3.2833,,,0,低,76,0,-,362312,0,80.1,1.4828,0,0,0.1071,0.0714,0,0.0095,0.1321,0.0286,,○,C,◎,○,0.4086,0.668,0.3765,0.4435,B,58,0,◎○△フォーメーション（15〜20点）,0.5777,"{'is_target': True, 'verdict': '参加推奨', 'max_combo_prob': 0.0593, 'est_top_odds': 22.5, 'circle_concentration': 58.6, 'eligible_count': 9, 'bet_adj': 2, 'reason': 'rel_win1=46.7%（本命度） / 最有力組み合わせ確率: 0.059（推定実オッズ?22倍） / 2着集中度: 上位2艇 58.6%（補正+0.00） / 総合判定確率: 0.059 / → ヒモ分散。1号艇1着固定で広めのヒモ流し推奨（買い目+2点）', 'tenji_trigger': '展示確認: ヒモ分散レース。1号艇伸び確認後、広めのヒモ流しを採用。穴ヒモ（5・6号艇）を積極的に含める。'}",,,31.5,両建て推奨,18.82,37.5,2,,,,,,,,,,,
2025-09-06,丸亀,3,5,浅見昌克,A2,0.00,5,○,13.9424,21.7,58,48.2,0.1252,2.2411,,,0,低,84,0,差0% ま0% 差ま0%,451 45,0,33.6,1.6381,0,0.037,0.037,0.0741,0,0,0.0882,0.1471,,◎,C,△,◎,0.4719,0.6215,0.452,0.4435,B,58,0,◎○△フォーメーション（15〜20点）,0.5777,"{'is_target': True, 'verdict': '参加推奨', 'max_combo_prob': 0.0593, 'est_top_odds': 22.5, 'circle_concentration': 58.6, 'eligible_count': 9, 'bet_adj': 2, 'reason': 'rel_win1=46.7%（本命度） / 最有力組み合わせ確率: 0.059（推定実オッズ?22倍） / 2着集中度: 上位2艇 58.6%（補正+0.00） / 総合判定確率: 0.059 / → ヒモ分散。1号艇1着固定で広めのヒモ流し推奨（買い目+2点）', 'tenji_trigger': '展示確認: ヒモ分散レース。1号艇伸び確認後、広めのヒモ流しを採用。穴ヒモ（5・6号艇）を積極的に含める。'}",,,31.5,両建て推奨,18.82,37.5,2,,,,,,,,,,,
2025-09-06,丸亀,3,6,石倉拓美,B2,0.00,6,,1.4481,2.4,41,6.2,0.2119,3.9062,,,0,低,47,0,-,6 5 64,0,27.3,0.78,,,,,,0.3333,0.3333,0,,,C,,,0.2215,0.555,,0.4435,B,58,0,◎○△フォーメーション（15〜20点）,0.5777,"{'is_target': True, 'verdict': '参加推奨', 'max_combo_prob': 0.0593, 'est_top_odds': 22.5, 'circle_concentration': 58.6, 'eligible_count': 9, 'bet_adj': 2, 'reason': 'rel_win1=46.7%（本命度） / 最有力組み合わせ確率: 0.059（推定実オッズ?22倍） / 2着集中度: 上位2艇 58.6%（補正+0.00） / 総合判定確率: 0.059 / → ヒモ分散。1号艇1着固定で広めのヒモ流し推奨（買い目+2点）', 'tenji_trigger': '展示確認: ヒモ分散レース。1号艇伸び確認後、広めのヒモ流しを採用。穴ヒモ（5・6号艇）を積極的に含める。'}",,,31.5,両建て推奨,18.82,37.5,2,,,,,,,,,,,
2025-09-06,丸亀,4,1,吉岡　誠,B1,0.00,1,◎,50.7882,,0,59.3,0.153,3.5556,,,0,低,74,0,逃1%,2 145,0,63.1,0.8559,0.3636,,,,,0.2727,0.0909,0.1818,○,,C,,,,0.573,,0.367,B,57,0,◎○△フォーメーション（15〜20点）,0.5777,"{'is_target': True, 'verdict': '参加推奨', 'max_combo_prob': 0.0431, 'est_top_odds': 31.0, 'circle_concentration': 55.6, 'eligible_count': 9, 'bet_adj': 2, 'reason': 'rel_win1=50.8%（本命度） / 最有力組み合わせ確率: 0.043（推定実オッズ?31倍） / 2着集中度: 上位2艇 55.6%（補正+0.00） / 総合判定確率: 0.043 / → ヒモ分散。1号艇1着固定で広めのヒモ流し推奨（買い目+2点）', 'tenji_trigger': '展示確認: ヒモ分散レース。1号艇伸び確認後、広めのヒモ流しを採用。穴ヒモ（5・6号艇）を積極的に含める。'}",,,29.2,両建て推奨,12.76,36,5,,,,,0,0,0.6155,0,,逃げ軸流し,A
2025-09-06,丸亀,4,2,中島真二,B1,0.00,2,,13.0545,25,100,45.5,0.1926,4.3106,,,0,低,161,0,差0% ま0%,4 356,0,31.3,0.7845,0,0.069,0.0345,0,0,0.0211,0.4053,0.0421,,,C,△,,0.0634,0.6155,,0.367,B,57,0,◎○△フォーメーション（15〜20点）,0.5777,"{'is_target': True, 'verdict': '参加推奨', 'max_combo_prob': 0.0431, 'est_top_odds': 31.0, 'circle_concentration': 55.6, 'eligible_count': 9, 'bet_adj': 2, 'reason': 'rel_win1=50.8%（本命度） / 最有力組み合わせ確率: 0.043（推定実オッズ?31倍） / 2着集中度: 上位2艇 55.6%（補正+0.00） / 総合判定確率: 0.043 / → ヒモ分散。1号艇1着固定で広めのヒモ流し推奨（買い目+2点）', 'tenji_trigger': '展示確認: ヒモ分散レース。1号艇伸び確認後、広めのヒモ流しを採用。穴ヒモ（5・6号艇）を積極的に含める。'}",,,29.2,両建て推奨,12.76,36,5,,,,,,,,,,,
2025-09-06,丸亀,4,3,花本夏樹,B1,0.00,3,△,10.8643,27.2,88,44.6,0.168,3.4662,,,0,低,186,0,-,166 36,0,66.7,0.7144,0,0,0.0345,0.0345,0,0,0,0.34,,,C,△,,0.2098,0.605,,0.367,B,57,0,◎○△フォーメーション（15〜20点）,0.5777,"{'is_target': True, 'verdict': '参加推奨', 'max_combo_prob': 0.0431, 'est_top_odds': 31.0, 'circle_concentration': 55.6, 'eligible_count': 9, 'bet_adj': 2, 'reason': 'rel_win1=50.8%（本命度） / 最有力組み合わせ確率: 0.043（推定実オッズ?31倍） / 2着集中度: 上位2艇 55.6%（補正+0.00） / 総合判定確率: 0.043 / → ヒモ分散。1号艇1着固定で広めのヒモ流し推奨（買い目+2点）', 'tenji_trigger': '展示確認: ヒモ分散レース。1号艇伸び確認後、広めのヒモ流しを採用。穴ヒモ（5・6号艇）を積極的に含める。'}",,,29.2,両建て推奨,12.76,36,5,,,,,,,,,,,
2025-09-06,丸亀,4,4,藤井　徹,B1,0.00,4,,5.1389,11.3,83,25,0.2058,4.25,,,0,低,130,0,-,464 46,0,16.1,0.5579,,,,,,0.2,0.36,0.18,,,C,,,0.1384,0.6035,,0.367,B,57,0,◎○△フォーメーション（15〜20点）,0.5777,"{'is_target': True, 'verdict': '参加推奨', 'max_combo_prob': 0.0431, 'est_top_odds': 31.0, 'circle_concentration': 55.6, 'eligible_count': 9, 'bet_adj': 2, 'reason': 'rel_win1=50.8%（本命度） / 最有力組み合わせ確率: 0.043（推定実オッズ?31倍） / 2着集中度: 上位2艇 55.6%（補正+0.00） / 総合判定確率: 0.043 / → ヒモ分散。1号艇1着固定で広めのヒモ流し推奨（買い目+2点）', 'tenji_trigger': '展示確認: ヒモ分散レース。1号艇伸び確認後、広めのヒモ流しを採用。穴ヒモ（5・6号艇）を積極的に含める。'}",,,29.2,両建て推奨,12.76,36,5,,,,,,,,,,,
2025-09-06,丸亀,4,5,松尾　拓,A2,0.00,5,▲,16.3781,28.3,96,62.3,0.1767,3.4918,,,0,低,111,0,差ま0%,11425,0,86.9,1.4931,0,0,0,0.16,0.04,0.2333,0.0222,0.0333,,,C,○,◎,0.2346,0.6325,0.3474,0.367,B,57,0,◎○△フォーメーション（15〜20点）,0.5777,"{'is_target': True, 'verdict': '参加推奨', 'max_combo_prob': 0.0431, 'est_top_odds': 31.0, 'circle_concentration': 55.6, 'eligible_count': 9, 'bet_adj': 2, 'reason': 'rel_win1=50.8%（本命度） / 最有力組み合わせ確率: 0.043（推定実オッズ?31倍） / 2着集中度: 上位2艇 55.6%（補正+0.00） / 総合判定確率: 0.043 / → ヒモ分散。1号艇1着固定で広めのヒモ流し推奨（買い目+2点）', 'tenji_trigger': '展示確認: ヒモ分散レース。1号艇伸び確認後、広めのヒモ流しを採用。穴ヒモ（5・6号艇）を積極的に含める。'}",,,29.2,両建て推奨,12.76,36,5,,,,,,,,,,,
2025-09-06,丸亀,4,6,濱野斗馬,A1,0.00,6,○,3.7759,8.1,63,36.7,0.1433,4.0167,,,0,低,40,0,-,513331,0,30.5,1.2547,,,,,,0.0968,0,0.0323,,,C,◎,,0.3409,0.638,,0.367,B,57,0,◎○△フォーメーション（15〜20点）,0.5777,"{'is_target': True, 'verdict': '参加推奨', 'max_combo_prob': 0.0431, 'est_top_odds': 31.0, 'circle_concentration': 55.6, 'eligible_count': 9, 'bet_adj': 2, 'reason': 'rel_win1=50.8%（本命度） / 最有力組み合わせ確率: 0.043（推定実オッズ?31倍） / 2着集中度: 上位2艇 55.6%（補正+0.00） / 総合判定確率: 0.043 / → ヒモ分散。1号艇1着固定で広めのヒモ流し推奨（買い目+2点）', 'tenji_trigger': '展示確認: ヒモ分散レース。1号艇伸び確認後、広めのヒモ流しを採用。穴ヒモ（5・6号艇）を積極的に含める。'}",,,29.2,両建て推奨,12.76,36,5,,,,,,,,,,,
2025-09-06,丸亀,5,1,中島昂章,B1,0.00,1,◎,57.0449,,0,95.8,0.1473,3.4062,,,0,低,119,0,-,3 554,0,63.1,1.0243,0.6154,,,,,0.1058,0,0.2731,◎,,C,,,,0.5805,,0.548,S,86,0,◎1着固定 2-3着流し（5〜8点）,0.5777,"{'is_target': True, 'verdict': '点数絞り', 'max_combo_prob': 0.1066, 'est_top_odds': 12.5, 'circle_concentration': 70.6, 'eligible_count': 6, 'bet_adj': 0, 'reason': 'rel_win1=57.0%（本命度） / 最有力組み合わせ確率: 0.107（推定実オッズ?12倍） / 2着集中度: 上位2艇 70.6%（補正+0.04） / 総合判定確率: 0.147 / → ヒモはやや固め。上位2艇以外を切ること', 'tenji_trigger': '展示確認: 1号艇伸び良→そのまま採用。悪→飛び組に差し替え。circle_pct上位2艇に絞り込むこと。'}",,,27.1,逃げ狙い,14.29,28.7,3,,,,,0,0,0.7559,0,,逃げ軸流し,A
2025-09-06,丸亀,5,2,間嶋仁志,A2,0.00,2,,9.2782,45.4,64,64.7,0.2085,4.4118,,,0,低,136,0,-,4 2234,0,100,1.0155,0,0.1071,0,0,0,0.048,0.048,0.412,,,C,○,,0.074,0.6285,,0.548,S,86,0,◎1着固定 2-3着流し（5〜8点）,0.5777,"{'is_target': True, 'verdict': '点数絞り', 'max_combo_prob': 0.1066, 'est_top_odds': 12.5, 'circle_concentration': 70.6, 'eligible_count': 6, 'bet_adj': 0, 'reason': 'rel_win1=57.0%（本命度） / 最有力組み合わせ確率: 0.107（推定実オッズ?12倍） / 2着集中度: 上位2艇 70.6%（補正+0.04） / 総合判定確率: 0.147 / → ヒモはやや固め。上位2艇以外を切ること', 'tenji_trigger': '展示確認: 1号艇伸び良→そのまま採用。悪→飛び組に差し替え。circle_pct上位2艇に絞り込むこと。'}",,,27.1,逃げ狙い,14.29,28.7,3,,,,,,,,,,,
2025-09-06,丸亀,5,3,一瀬　明,A2,0.00,3,○,13.3133,25.2,50,51.4,0.1535,3.4931,,,0,低,121,0,差0% ま0% 差ま0% 抜0%,132 52,0,38.3,1.0946,0,0.0286,0.0286,0.0571,0.0286,0.0205,0.0853,0.2322,,,C,◎,,0.2564,0.675,,0.548,S,86,0,◎1着固定 2-3着流し（5〜8点）,0.5777,"{'is_target': True, 'verdict': '点数絞り', 'max_combo_prob': 0.1066, 'est_top_odds': 12.5, 'circle_concentration': 70.6, 'eligible_count': 6, 'bet_adj': 0, 'reason': 'rel_win1=57.0%（本命度） / 最有力組み合わせ確率: 0.107（推定実オッズ?12倍） / 2着集中度: 上位2艇 70.6%（補正+0.04） / 総合判定確率: 0.147 / → ヒモはやや固め。上位2艇以外を切ること', 'tenji_trigger': '展示確認: 1号艇伸び良→そのまま採用。悪→飛び組に差し替え。circle_pct上位2艇に絞り込むこと。'}",,,27.1,逃げ狙い,14.29,28.7,3,,,,,,,,,,,
2025-09-06,丸亀,5,4,渡辺　崇,B1,0.00,4,△,12.455,14.3,52,47.4,0.1916,4.3158,,,0,低,135,0,差0% ま0% 差ま0%,554 35,0,44.7,1.1811,0,0.0455,0.0455,0.0455,0,0.075,0.315,0.025,,,C,△,◎,0.1188,0.608,0.2446,0.548,S,86,0,◎1着固定 2-3着流し（5〜8点）,0.5777,"{'is_target': True, 'verdict': '点数絞り', 'max_combo_prob': 0.1066, 'est_top_odds': 12.5, 'circle_concentration': 70.6, 'eligible_count': 6, 'bet_adj': 0, 'reason': 'rel_win1=57.0%（本命度） / 最有力組み合わせ確率: 0.107（推定実オッズ?12倍） / 2着集中度: 上位2艇 70.6%（補正+0.04） / 総合判定確率: 0.147 / → ヒモはやや固め。上位2艇以外を切ること', 'tenji_trigger': '展示確認: 1号艇伸び良→そのまま採用。悪→飛び組に差し替え。circle_pct上位2艇に絞り込むこと。'}",,,27.1,逃げ狙い,14.29,28.7,3,,,,,,,,,,,
2025-09-06,丸亀,5,5,中渡修作,B1,0.00,5,▲,3.0221,5.9,41,22.4,0.1519,3.431,,,0,低,108,0,-,4 6 15,0,27.9,0.7914,,,,,,0.1632,0.1632,0.4263,,,C,△,,0.2981,0.606,,0.548,S,86,0,◎1着固定 2-3着流し（5〜8点）,0.5777,"{'is_target': True, 'verdict': '点数絞り', 'max_combo_prob': 0.1066, 'est_top_odds': 12.5, 'circle_concentration': 70.6, 'eligible_count': 6, 'bet_adj': 0, 'reason': 'rel_win1=57.0%（本命度） / 最有力組み合わせ確率: 0.107（推定実オッズ?12倍） / 2着集中度: 上位2艇 70.6%（補正+0.04） / 総合判定確率: 0.147 / → ヒモはやや固め。上位2艇以外を切ること', 'tenji_trigger': '展示確認: 1号艇伸び良→そのまま採用。悪→飛び組に差し替え。circle_pct上位2艇に絞り込むこと。'}",,,27.1,逃げ狙い,14.29,28.7,3,,,,,,,,,,,
2025-09-06,丸亀,5,6,青木玄太,A1,0.00,6,,4.8866,9.2,100,75.8,0.2039,4.2727,,,0,低,75,0,-,222121,0,28.1,2.8794,,,,,,0,0.0625,0.1875,,,C,,,0.135,0.586,,0.548,S,86,0,◎1着固定 2-3着流し（5〜8点）,0.5777,"{'is_target': True, 'verdict': '点数絞り', 'max_combo_prob': 0.1066, 'est_top_odds': 12.5, 'circle_concentration': 70.6, 'eligible_count': 6, 'bet_adj': 0, 'reason': 'rel_win1=57.0%（本命度） / 最有力組み合わせ確率: 0.107（推定実オッズ?12倍） / 2着集中度: 上位2艇 70.6%（補正+0.04） / 総合判定確率: 0.147 / → ヒモはやや固め。上位2艇以外を切ること', 'tenji_trigger': '展示確認: 1号艇伸び良→そのまま採用。悪→飛び組に差し替え。circle_pct上位2艇に絞り込むこと。'}",,,27.1,逃げ狙い,14.29,28.7,3,,,,,,,,,,,
2025-09-06,丸亀,6,1,権藤俊光,A2,0.00,1,◎,64.0137,,0,91.3,0.1457,3.163,,,0,低,50,0,逃1%,113654,0,80.5,1.1899,0.6818,,,,,0.0727,0.1864,0.0182,◎,,C,○,,,0.6615,,0.5039,S,100,0,◎1着固定 2-3着流し（5〜8点）,0.5777,"{'is_target': True, 'verdict': '参加推奨', 'max_combo_prob': 0.0861, 'est_top_odds': 15.5, 'circle_concentration': 65.2, 'eligible_count': 6, 'bet_adj': 2, 'reason': 'rel_win1=64.0%（本命度） / 最有力組み合わせ確率: 0.086（推定実オッズ?16倍） / 2着集中度: 上位2艇 65.2%（補正+0.00） / 総合判定確率: 0.086 / → ヒモ分散。1号艇1着固定で広めのヒモ流し推奨（買い目+2点）', 'tenji_trigger': '展示確認: ヒモ分散レース。1号艇伸び確認後、広めのヒモ流しを採用。穴ヒモ（5・6号艇）を積極的に含める。'}",,,27,逃げ狙い,14.88,28,2,,,,,0,0,0.7559,0,,逃げ軸流し,A
2025-09-06,丸亀,6,2,西川真人,B1,0.00,2,,9.313,38.6,87,52,0.1641,3.78,,,0,低,172,0,-,6 462,0,100,0.7579,0,0,0,0,0.0606,0.2227,0.2409,0.1114,,,C,△,,0.1435,0.6345,,0.5039,S,100,0,◎1着固定 2-3着流し（5〜8点）,0.5777,"{'is_target': True, 'verdict': '参加推奨', 'max_combo_prob': 0.0861, 'est_top_odds': 15.5, 'circle_concentration': 65.2, 'eligible_count': 6, 'bet_adj': 2, 'reason': 'rel_win1=64.0%（本命度） / 最有力組み合わせ確率: 0.086（推定実オッズ?16倍） / 2着集中度: 上位2艇 65.2%（補正+0.00） / 総合判定確率: 0.086 / → ヒモ分散。1号艇1着固定で広めのヒモ流し推奨（買い目+2点）', 'tenji_trigger': '展示確認: ヒモ分散レース。1号艇伸び確認後、広めのヒモ流しを採用。穴ヒモ（5・6号艇）を積極的に含める。'}",,,27,逃げ狙い,14.88,28,2,,,,,,,,,,,
2025-09-06,丸亀,6,3,川辺郭人,B2,0.00,3,▲,8.7068,14.3,66,4.5,0.1573,3.25,,,0,低,96,0,-,656 S,0,20.8,0.6408,,,,,,0.0364,0.3091,0.0364,,,C,,,0.252,0.5105,,0.5039,S,100,0,◎1着固定 2-3着流し（5〜8点）,0.5777,"{'is_target': True, 'verdict': '参加推奨', 'max_combo_prob': 0.0861, 'est_top_odds': 15.5, 'circle_concentration': 65.2, 'eligible_count': 6, 'bet_adj': 2, 'reason': 'rel_win1=64.0%（本命度） / 最有力組み合わせ確率: 0.086（推定実オッズ?16倍） / 2着集中度: 上位2艇 65.2%（補正+0.00） / 総合判定確率: 0.086 / → ヒモ分散。1号艇1着固定で広めのヒモ流し推奨（買い目+2点）', 'tenji_trigger': '展示確認: ヒモ分散レース。1号艇伸び確認後、広めのヒモ流しを採用。穴ヒモ（5・6号艇）を積極的に含める。'}",,,27,逃げ狙い,14.88,28,2,,,,,,,,,,,
2025-09-06,丸亀,6,4,鈴木茂高,B1,0.00,4,,3.8115,16,70,29.4,0.1831,4.1667,,,0,低,170,0,-,3 2426,0,38.8,0.9289,,,,,,0.4333,0.0444,0.0222,,,C,,,0.1646,0.585,,0.5039,S,100,0,◎1着固定 2-3着流し（5〜8点）,0.5777,"{'is_target': True, 'verdict': '参加推奨', 'max_combo_prob': 0.0861, 'est_top_odds': 15.5, 'circle_concentration': 65.2, 'eligible_count': 6, 'bet_adj': 2, 'reason': 'rel_win1=64.0%（本命度） / 最有力組み合わせ確率: 0.086（推定実オッズ?16倍） / 2着集中度: 上位2艇 65.2%（補正+0.00） / 総合判定確率: 0.086 / → ヒモ分散。1号艇1着固定で広めのヒモ流し推奨（買い目+2点）', 'tenji_trigger': '展示確認: ヒモ分散レース。1号艇伸び確認後、広めのヒモ流しを採用。穴ヒモ（5・6号艇）を積極的に含める。'}",,,27,逃げ狙い,14.88,28,2,,,,,,,,,,,
2025-09-06,丸亀,6,5,濱本優一,A2,0.00,5,△,11.3644,26.6,100,61.6,0.1574,3.1918,,,0,低,141,0,-,421134,0,100,2.7971,0,0,0.0323,0.0645,0,0.0429,0.1629,0,,,C,△,◎,0.251,0.61,0.3027,0.5039,S,100,0,◎1着固定 2-3着流し（5〜8点）,0.5777,"{'is_target': True, 'verdict': '参加推奨', 'max_combo_prob': 0.0861, 'est_top_odds': 15.5, 'circle_concentration': 65.2, 'eligible_count': 6, 'bet_adj': 2, 'reason': 'rel_win1=64.0%（本命度） / 最有力組み合わせ確率: 0.086（推定実オッズ?16倍） / 2着集中度: 上位2艇 65.2%（補正+0.00） / 総合判定確率: 0.086 / → ヒモ分散。1号艇1着固定で広めのヒモ流し推奨（買い目+2点）', 'tenji_trigger': '展示確認: ヒモ分散レース。1号艇伸び確認後、広めのヒモ流しを採用。穴ヒモ（5・6号艇）を積極的に含める。'}",,,27,逃げ狙い,14.88,28,2,,,,,,,,,,,
2025-09-06,丸亀,6,6,仲口博崇,A1,0.00,6,○,2.7906,4.5,51,100,0.13,5,,,0,低,98,1,-,253125,0,30.7,3.5831,,,,,,0.161,0.0908,0.1421,,,C,◎,,0.3627,0.663,,0.5039,S,100,0,◎1着固定 2-3着流し（5〜8点）,0.5777,"{'is_target': True, 'verdict': '参加推奨', 'max_combo_prob': 0.0861, 'est_top_odds': 15.5, 'circle_concentration': 65.2, 'eligible_count': 6, 'bet_adj': 2, 'reason': 'rel_win1=64.0%（本命度） / 最有力組み合わせ確率: 0.086（推定実オッズ?16倍） / 2着集中度: 上位2艇 65.2%（補正+0.00） / 総合判定確率: 0.086 / → ヒモ分散。1号艇1着固定で広めのヒモ流し推奨（買い目+2点）', 'tenji_trigger': '展示確認: ヒモ分散レース。1号艇伸び確認後、広めのヒモ流しを採用。穴ヒモ（5・6号艇）を積極的に含める。'}",,,27,逃げ狙い,14.88,28,2,,,,,,,,,,,
2025-09-06,丸亀,7,1,山崎裕司,A2,0.00,1,◎,60.181,,0,88.3,0.1569,3.2597,,,0,低,130,0,逃1%,414253,0,65.4,0.969,0.6744,,,,,0.0279,0.0779,0.1465,◎,,C,△,,,0.656,,0.4926,S,85,0,◎1着固定 2-3着流し（5〜8点）,0.5777,"{'is_target': True, 'verdict': '参加推奨', 'max_combo_prob': 0.0852, 'est_top_odds': 15.6, 'circle_concentration': 62.8, 'eligible_count': 6, 'bet_adj': 2, 'reason': 'rel_win1=60.2%（本命度） / 最有力組み合わせ確率: 0.085（推定実オッズ?16倍） / 2着集中度: 上位2艇 62.8%（補正+0.00） / 総合判定確率: 0.085 / → ヒモ分散。1号艇1着固定で広めのヒモ流し推奨（買い目+2点）', 'tenji_trigger': '展示確認: ヒモ分散レース。1号艇伸び確認後、広めのヒモ流しを採用。穴ヒモ（5・6号艇）を積極的に含める。'}",,,26.6,逃げ狙い,14.72,27,3,,,,,0,0,0.7559,0,,逃げ軸流し,A
2025-09-06,丸亀,7,2,伊達正利,B1,0.00,2,,9.2728,24,83,44.1,0.2012,4.161,,,0,低,160,0,ま0%,562 14,0,18.3,0.6609,0,0.0345,0.0345,0,0,0.0455,0.0455,0.0455,,,C,,,0.0607,0.6165,,0.4926,S,85,0,◎1着固定 2-3着流し（5〜8点）,0.5777,"{'is_target': True, 'verdict': '参加推奨', 'max_combo_prob': 0.0852, 'est_top_odds': 15.6, 'circle_concentration': 62.8, 'eligible_count': 6, 'bet_adj': 2, 'reason': 'rel_win1=60.2%（本命度） / 最有力組み合わせ確率: 0.085（推定実オッズ?16倍） / 2着集中度: 上位2艇 62.8%（補正+0.00） / 総合判定確率: 0.085 / → ヒモ分散。1号艇1着固定で広めのヒモ流し推奨（買い目+2点）', 'tenji_trigger': '展示確認: ヒモ分散レース。1号艇伸び確認後、広めのヒモ流しを採用。穴ヒモ（5・6号艇）を積極的に含める。'}",,,26.6,逃げ狙い,14.72,27,3,,,,,,,,,,,
2025-09-06,丸亀,7,3,牧山敦也,B1,0.00,3,▲,12.3193,38.8,64,65.4,0.1556,3.0385,,,0,低,107,0,-,6 136,0,41.6,0.9767,0,0,0,0.1923,0.0385,0.0706,0.0471,0.5412,,,C,△,,0.3444,0.631,,0.4926,S,85,0,◎1着固定 2-3着流し（5〜8点）,0.5777,"{'is_target': True, 'verdict': '参加推奨', 'max_combo_prob': 0.0852, 'est_top_odds': 15.6, 'circle_concentration': 62.8, 'eligible_count': 6, 'bet_adj': 2, 'reason': 'rel_win1=60.2%（本命度） / 最有力組み合わせ確率: 0.085（推定実オッズ?16倍） / 2着集中度: 上位2艇 62.8%（補正+0.00） / 総合判定確率: 0.085 / → ヒモ分散。1号艇1着固定で広めのヒモ流し推奨（買い目+2点）', 'tenji_trigger': '展示確認: ヒモ分散レース。1号艇伸び確認後、広めのヒモ流しを採用。穴ヒモ（5・6号艇）を積極的に含める。'}",,,26.6,逃げ狙い,14.72,27,3,,,,,,,,,,,
2025-09-06,丸亀,7,4,北川敏弘,B1,0.00,4,,4.1112,9.5,48,35.9,0.1647,3.3491,,,0,低,115,0,-,345 52,0,42.2,0.5368,,,,,,0.3106,0.0706,0.2141,,,C,,,0.2894,0.55,,0.4926,S,85,0,◎1着固定 2-3着流し（5〜8点）,0.5777,"{'is_target': True, 'verdict': '参加推奨', 'max_combo_prob': 0.0852, 'est_top_odds': 15.6, 'circle_concentration': 62.8, 'eligible_count': 6, 'bet_adj': 2, 'reason': 'rel_win1=60.2%（本命度） / 最有力組み合わせ確率: 0.085（推定実オッズ?16倍） / 2着集中度: 上位2艇 62.8%（補正+0.00） / 総合判定確率: 0.085 / → ヒモ分散。1号艇1着固定で広めのヒモ流し推奨（買い目+2点）', 'tenji_trigger': '展示確認: ヒモ分散レース。1号艇伸び確認後、広めのヒモ流しを採用。穴ヒモ（5・6号艇）を積極的に含める。'}",,,26.6,逃げ狙い,14.72,27,3,,,,,,,,,,,
2025-09-06,丸亀,7,5,坂元浩仁,A2,0.00,5,△,7.0582,15.9,100,57.8,0.1422,3.2188,,,0,低,89,0,差ま0%,55151,0,95.3,1.8057,0,0,0.0323,0.129,0,0.0098,0.1345,0.0195,,,C,○,◎,0.361,0.6735,0.3656,0.4926,S,85,0,◎1着固定 2-3着流し（5〜8点）,0.5777,"{'is_target': True, 'verdict': '参加推奨', 'max_combo_prob': 0.0852, 'est_top_odds': 15.6, 'circle_concentration': 62.8, 'eligible_count': 6, 'bet_adj': 2, 'reason': 'rel_win1=60.2%（本命度） / 最有力組み合わせ確率: 0.085（推定実オッズ?16倍） / 2着集中度: 上位2艇 62.8%（補正+0.00） / 総合判定確率: 0.085 / → ヒモ分散。1号艇1着固定で広めのヒモ流し推奨（買い目+2点）', 'tenji_trigger': '展示確認: ヒモ分散レース。1号艇伸び確認後、広めのヒモ流しを採用。穴ヒモ（5・6号艇）を積極的に含める。'}",,,26.6,逃げ狙い,14.72,27,3,,,,,,,,,,,
2025-09-06,丸亀,7,6,藤岡俊介,A1,0.00,6,○,7.0575,11.8,43,46.2,0.141,3.4359,,,0,低,38,0,-,331421,0,23.8,0.9178,0,0,0.0476,0,0,0.0769,0.0256,0.0256,,,C,◎,,0.3484,0.6905,,0.4926,S,85,0,◎1着固定 2-3着流し（5〜8点）,0.5777,"{'is_target': True, 'verdict': '参加推奨', 'max_combo_prob': 0.0852, 'est_top_odds': 15.6, 'circle_concentration': 62.8, 'eligible_count': 6, 'bet_adj': 2, 'reason': 'rel_win1=60.2%（本命度） / 最有力組み合わせ確率: 0.085（推定実オッズ?16倍） / 2着集中度: 上位2艇 62.8%（補正+0.00） / 総合判定確率: 0.085 / → ヒモ分散。1号艇1着固定で広めのヒモ流し推奨（買い目+2点）', 'tenji_trigger': '展示確認: ヒモ分散レース。1号艇伸び確認後、広めのヒモ流しを採用。穴ヒモ（5・6号艇）を積極的に含める。'}",,,26.6,逃げ狙い,14.72,27,3,,,,,,,,,,,
2025-09-06,丸亀,8,1,前田　翔,A1,0.00,1,◎,68.9396,,0,95.1,0.1302,2.4146,,,0,低,48,0,逃1%,142323,0,70.3,1.0571,0.7619,,,,,0.0952,0.0476,0.0952,◎,,C,◎,,,0.6585,,0.6401,S,97,0,◎1着固定 2-3着流し（5〜8点）,0.5777,"{'is_target': True, 'verdict': '点数絞り', 'max_combo_prob': 0.1178, 'est_top_odds': 11.3, 'circle_concentration': 77.8, 'eligible_count': 6, 'bet_adj': 0, 'reason': 'rel_win1=68.9%（本命度） / 最有力組み合わせ確率: 0.118（推定実オッズ?11倍） / 2着集中度: 上位2艇 77.8%（補正+0.04） / 総合判定確率: 0.158 / → ヒモはやや固め。上位2艇以外を切ること', 'tenji_trigger': '展示確認: 1号艇伸び良→そのまま採用。悪→飛び組に差し替え。circle_pct上位2艇に絞り込むこと。\n展示で1号艇スタート超安定(0.130秒)→ヒモ固まり方向に注意'}",,,26,逃げ狙い,13.94,25.9,4,,,,,0,0,0.7559,0,,逃げ軸流し,A
2025-09-06,丸亀,8,2,小林文彦,A2,0.00,2,△,10.0538,39,100,65.4,0.1865,4.5673,,,0,低,166,0,差0% ま0%,3 3461,0,98.6,0.7176,0,0.087,0.087,0,0,0.0143,0.2286,0.1143,,,C,,,0.0703,0.5995,,0.6401,S,97,0,◎1着固定 2-3着流し（5〜8点）,0.5777,"{'is_target': True, 'verdict': '点数絞り', 'max_combo_prob': 0.1178, 'est_top_odds': 11.3, 'circle_concentration': 77.8, 'eligible_count': 6, 'bet_adj': 0, 'reason': 'rel_win1=68.9%（本命度） / 最有力組み合わせ確率: 0.118（推定実オッズ?11倍） / 2着集中度: 上位2艇 77.8%（補正+0.04） / 総合判定確率: 0.158 / → ヒモはやや固め。上位2艇以外を切ること', 'tenji_trigger': '展示確認: 1号艇伸び良→そのまま採用。悪→飛び組に差し替え。circle_pct上位2艇に絞り込むこと。\n展示で1号艇スタート超安定(0.130秒)→ヒモ固まり方向に注意'}",,,26,逃げ狙い,13.94,25.9,4,,,,,,,,,,,
2025-09-06,丸亀,8,3,永嶋裕一,B1,0.00,3,▲,7.9654,38.8,52,64.3,0.1452,2.8304,,,0,低,92,0,差0% ま0% 差ま0%,315 35,0,44.6,1.095,0,0.0385,0.0385,0.0769,0,0.0333,0.1591,0.1424,,,C,△,,0.2189,0.6425,,0.6401,S,97,0,◎1着固定 2-3着流し（5〜8点）,0.5777,"{'is_target': True, 'verdict': '点数絞り', 'max_combo_prob': 0.1178, 'est_top_odds': 11.3, 'circle_concentration': 77.8, 'eligible_count': 6, 'bet_adj': 0, 'reason': 'rel_win1=68.9%（本命度） / 最有力組み合わせ確率: 0.118（推定実オッズ?11倍） / 2着集中度: 上位2艇 77.8%（補正+0.04） / 総合判定確率: 0.158 / → ヒモはやや固め。上位2艇以外を切ること', 'tenji_trigger': '展示確認: 1号艇伸び良→そのまま採用。悪→飛び組に差し替え。circle_pct上位2艇に絞り込むこと。\n展示で1号艇スタート超安定(0.130秒)→ヒモ固まり方向に注意'}",,,26,逃げ狙い,13.94,25.9,4,,,,,,,,,,,
2025-09-06,丸亀,8,4,廣瀬将亨,A2,0.00,4,○,10.1799,12.2,57,45.9,0.142,3.1393,,,0,低,86,0,-,546123,0,38.5,0.8751,0,0,0.1562,0.0625,0,0.0293,0.198,0.0293,,,C,△,◎,0.2747,0.64,0.421,0.6401,S,97,0,◎1着固定 2-3着流し（5〜8点）,0.5777,"{'is_target': True, 'verdict': '点数絞り', 'max_combo_prob': 0.1178, 'est_top_odds': 11.3, 'circle_concentration': 77.8, 'eligible_count': 6, 'bet_adj': 0, 'reason': 'rel_win1=68.9%（本命度） / 最有力組み合わせ確率: 0.118（推定実オッズ?11倍） / 2着集中度: 上位2艇 77.8%（補正+0.04） / 総合判定確率: 0.158 / → ヒモはやや固め。上位2艇以外を切ること', 'tenji_trigger': '展示確認: 1号艇伸び良→そのまま採用。悪→飛び組に差し替え。circle_pct上位2艇に絞り込むこと。\n展示で1号艇スタート超安定(0.130秒)→ヒモ固まり方向に注意'}",,,26,逃げ狙い,13.94,25.9,4,,,,,,,,,,,
2025-09-06,丸亀,8,5,吉永浩則,B1,0.00,5,,1.8102,8.1,52,21.4,0.1673,3.8304,,,0,低,106,0,-,6 361,0,30.8,0.7143,,,,,,0.0222,0.1944,0.0444,,,C,○,,0.1909,0.644,,0.6401,S,97,0,◎1着固定 2-3着流し（5〜8点）,0.5777,"{'is_target': True, 'verdict': '点数絞り', 'max_combo_prob': 0.1178, 'est_top_odds': 11.3, 'circle_concentration': 77.8, 'eligible_count': 6, 'bet_adj': 0, 'reason': 'rel_win1=68.9%（本命度） / 最有力組み合わせ確率: 0.118（推定実オッズ?11倍） / 2着集中度: 上位2艇 77.8%（補正+0.04） / 総合判定確率: 0.158 / → ヒモはやや固め。上位2艇以外を切ること', 'tenji_trigger': '展示確認: 1号艇伸び良→そのまま採用。悪→飛び組に差し替え。circle_pct上位2艇に絞り込むこと。\n展示で1号艇スタート超安定(0.130秒)→ヒモ固まり方向に注意'}",,,26,逃げ狙い,13.94,25.9,4,,,,,,,,,,,
2025-09-06,丸亀,8,6,中岡　駿,B2,0.00,6,,1.0511,1.9,18,6.2,0.2055,4.3615,,,0,低,40,0,-,666 6,0,25.3,2.17,,,,,,,,,,,C,,,0.135,0.482,,0.6401,S,97,0,◎1着固定 2-3着流し（5〜8点）,0.5777,"{'is_target': True, 'verdict': '点数絞り', 'max_combo_prob': 0.1178, 'est_top_odds': 11.3, 'circle_concentration': 77.8, 'eligible_count': 6, 'bet_adj': 0, 'reason': 'rel_win1=68.9%（本命度） / 最有力組み合わせ確率: 0.118（推定実オッズ?11倍） / 2着集中度: 上位2艇 77.8%（補正+0.04） / 総合判定確率: 0.158 / → ヒモはやや固め。上位2艇以外を切ること', 'tenji_trigger': '展示確認: 1号艇伸び良→そのまま採用。悪→飛び組に差し替え。circle_pct上位2艇に絞り込むこと。\n展示で1号艇スタート超安定(0.130秒)→ヒモ固まり方向に注意'}",,,26,逃げ狙い,13.94,25.9,4,,,,,,,,,,,
2025-09-06,丸亀,9,1,青木玄太,A1,0.00,1,◎,60.9149,,0,93.8,0.1663,3.4062,,,0,低,75,0,逃1%,222121,0,89.9,1.2037,0.6875,,,,,0,0.0625,0.1875,◎,,C,,,,0.586,,0.4797,S,86,0,◎1着固定 2-3着流し（5〜8点）,0.5777,"{'is_target': True, 'verdict': '点数絞り', 'max_combo_prob': 0.1208, 'est_top_odds': 11.0, 'circle_concentration': 79.7, 'eligible_count': 6, 'bet_adj': 0, 'reason': 'rel_win1=60.9%（本命度） / 最有力組み合わせ確率: 0.121（推定実オッズ?11倍） / 2着集中度: 上位2艇 79.7%（補正+0.04） / 総合判定確率: 0.161 / → ヒモはやや固め。上位2艇以外を切ること', 'tenji_trigger': '展示確認: 1号艇伸び良→そのまま採用。悪→飛び組に差し替え。circle_pct上位2艇に絞り込むこと。'}",,,28.2,逃げ狙い,19.76,27.1,3,,,,,0,0,0.7559,0,,逃げ軸流し,A
2025-09-06,丸亀,9,2,松尾　拓,A2,0.00,2,▲,14.4588,50.9,75,75.4,0.1544,3.1557,,,0,低,111,0,差0% ま0%,11425,0,63.4,1.2167,0,0.1154,0.0769,0,0,0.2333,0.0222,0.0333,,◎,C,△,,0.4439,0.6325,,0.4797,S,86,0,◎1着固定 2-3着流し（5〜8点）,0.5777,"{'is_target': True, 'verdict': '点数絞り', 'max_combo_prob': 0.1208, 'est_top_odds': 11.0, 'circle_concentration': 79.7, 'eligible_count': 6, 'bet_adj': 0, 'reason': 'rel_win1=60.9%（本命度） / 最有力組み合わせ確率: 0.121（推定実オッズ?11倍） / 2着集中度: 上位2艇 79.7%（補正+0.04） / 総合判定確率: 0.161 / → ヒモはやや固め。上位2艇以外を切ること', 'tenji_trigger': '展示確認: 1号艇伸び良→そのまま採用。悪→飛び組に差し替え。circle_pct上位2艇に絞り込むこと。'}",,,28.2,逃げ狙い,19.76,27.1,3,,,,,,,,,,,
2025-09-06,丸亀,9,3,赤坂俊輔,A1,0.00,3,○,14.891,28.7,70,73.9,0.1428,2.8846,,,0,低,76,0,差0% ま0% 差ま0%,362312,0,69.4,1.4267,0,0.1,0.0333,0.1333,0,0.0095,0.1321,0.0286,,○,C,◎,,0.4279,0.668,,0.4797,S,86,0,◎1着固定 2-3着流し（5〜8点）,0.5777,"{'is_target': True, 'verdict': '点数絞り', 'max_combo_prob': 0.1208, 'est_top_odds': 11.0, 'circle_concentration': 79.7, 'eligible_count': 6, 'bet_adj': 0, 'reason': 'rel_win1=60.9%（本命度） / 最有力組み合わせ確率: 0.121（推定実オッズ?11倍） / 2着集中度: 上位2艇 79.7%（補正+0.04） / 総合判定確率: 0.161 / → ヒモはやや固め。上位2艇以外を切ること', 'tenji_trigger': '展示確認: 1号艇伸び良→そのまま採用。悪→飛び組に差し替え。circle_pct上位2艇に絞り込むこと。'}",,,28.2,逃げ狙い,19.76,27.1,3,,,,,,,,,,,
2025-09-06,丸亀,9,4,宮本夏樹,B1,0.00,4,,5.0813,6.5,100,43.5,0.1563,3.3913,,,0,低,86,0,差ま0%,231 43,0,39.7,0.8336,0,0,0,0.0909,0,0.1111,0.1111,0.2222,,,C,△,,0.3325,0.622,,0.4797,S,86,0,◎1着固定 2-3着流し（5〜8点）,0.5777,"{'is_target': True, 'verdict': '点数絞り', 'max_combo_prob': 0.1208, 'est_top_odds': 11.0, 'circle_concentration': 79.7, 'eligible_count': 6, 'bet_adj': 0, 'reason': 'rel_win1=60.9%（本命度） / 最有力組み合わせ確率: 0.121（推定実オッズ?11倍） / 2着集中度: 上位2艇 79.7%（補正+0.04） / 総合判定確率: 0.161 / → ヒモはやや固め。上位2艇以外を切ること', 'tenji_trigger': '展示確認: 1号艇伸び良→そのまま採用。悪→飛び組に差し替え。circle_pct上位2艇に絞り込むこと。'}",,,28.2,逃げ狙い,19.76,27.1,3,,,,,,,,,,,
2025-09-06,丸亀,9,5,村田修次,A2,0.00,5,△,3.7013,12.9,63,49,0.1443,3.1471,,,0,低,93,0,-,23451S,0,70.6,1.3007,,,,,,0.0625,0.1107,0.2214,,,C,○,,0.3821,0.6435,,0.4797,S,86,0,◎1着固定 2-3着流し（5〜8点）,0.5777,"{'is_target': True, 'verdict': '点数絞り', 'max_combo_prob': 0.1208, 'est_top_odds': 11.0, 'circle_concentration': 79.7, 'eligible_count': 6, 'bet_adj': 0, 'reason': 'rel_win1=60.9%（本命度） / 最有力組み合わせ確率: 0.121（推定実オッズ?11倍） / 2着集中度: 上位2艇 79.7%（補正+0.04） / 総合判定確率: 0.161 / → ヒモはやや固め。上位2艇以外を切ること', 'tenji_trigger': '展示確認: 1号艇伸び良→そのまま採用。悪→飛び組に差し替え。circle_pct上位2艇に絞り込むこと。'}",,,28.2,逃げ狙い,19.76,27.1,3,,,,,,,,,,,
2025-09-06,丸亀,9,6,吉岡　誠,B1,0.00,6,,0.9526,0.9,24,7.9,0.2016,4.3026,,,0,低,74,0,-,2 145,0,29.4,0.5717,,,,,,0.2727,0.0909,0.1818,,,C,,,0.1977,0.573,,0.4797,S,86,0,◎1着固定 2-3着流し（5〜8点）,0.5777,"{'is_target': True, 'verdict': '点数絞り', 'max_combo_prob': 0.1208, 'est_top_odds': 11.0, 'circle_concentration': 79.7, 'eligible_count': 6, 'bet_adj': 0, 'reason': 'rel_win1=60.9%（本命度） / 最有力組み合わせ確率: 0.121（推定実オッズ?11倍） / 2着集中度: 上位2艇 79.7%（補正+0.04） / 総合判定確率: 0.161 / → ヒモはやや固め。上位2艇以外を切ること', 'tenji_trigger': '展示確認: 1号艇伸び良→そのまま採用。悪→飛び組に差し替え。circle_pct上位2艇に絞り込むこと。'}",,,28.2,逃げ狙い,19.76,27.1,3,,,,,,,,,,,
2025-09-06,丸亀,10,1,仲口博崇,A1,0.00,1,◎,62.4538,,0,91.2,0.176,3.4937,,,0,低,98,0,逃1%,253125,0,88.5,1.1828,0.5641,,,,,0.161,0.0908,0.1421,○,,C,◎,,,0.663,,0.383,S,80,0,◎1着固定 2-3着流し（5〜8点）,0.5777,"{'is_target': True, 'verdict': '点数絞り', 'max_combo_prob': 0.096, 'est_top_odds': 13.9, 'circle_concentration': 73.7, 'eligible_count': 6, 'bet_adj': 0, 'reason': 'rel_win1=62.5%（本命度） / 最有力組み合わせ確率: 0.096（推定実オッズ?14倍） / 2着集中度: 上位2艇 73.7%（補正+0.04） / 総合判定確率: 0.136 / → ヒモはやや固め。上位2艇以外を切ること', 'tenji_trigger': '展示確認: 1号艇伸び良→そのまま採用。悪→飛び組に差し替え。circle_pct上位2艇に絞り込むこと。'}",,,27.7,逃げ狙い,13.29,31.3,2,,,,,0,0,0.6155,0,,逃げ軸流し,A
2025-09-06,丸亀,10,2,濱本優一,A2,0.00,2,○,15.8129,54,100,74.6,0.1497,2.9403,,,0,低,141,0,-,421134,0,58.5,1.0788,0,0.1724,0,0,0.069,0.0429,0.1629,0,,◎,C,,,0.6143,0.61,,0.383,S,80,0,◎1着固定 2-3着流し（5〜8点）,0.5777,"{'is_target': True, 'verdict': '点数絞り', 'max_combo_prob': 0.096, 'est_top_odds': 13.9, 'circle_concentration': 73.7, 'eligible_count': 6, 'bet_adj': 0, 'reason': 'rel_win1=62.5%（本命度） / 最有力組み合わせ確率: 0.096（推定実オッズ?14倍） / 2着集中度: 上位2艇 73.7%（補正+0.04） / 総合判定確率: 0.136 / → ヒモはやや固め。上位2艇以外を切ること', 'tenji_trigger': '展示確認: 1号艇伸び良→そのまま採用。悪→飛び組に差し替え。circle_pct上位2艇に絞り込むこと。'}",,,27.7,逃げ狙い,13.29,31.3,2,,,,,,,,,,,
2025-09-06,丸亀,10,3,齋藤達希,B1,0.00,3,△,7.3977,19.7,88,45.2,0.1729,3.3952,,,0,低,155,0,差ま0%,2 531,0,47.1,0.8244,0,0,0,0.0833,0,0.0222,0.56,0.1422,,,C,△,,0.3254,0.6375,,0.383,S,80,0,◎1着固定 2-3着流し（5〜8点）,0.5777,"{'is_target': True, 'verdict': '点数絞り', 'max_combo_prob': 0.096, 'est_top_odds': 13.9, 'circle_concentration': 73.7, 'eligible_count': 6, 'bet_adj': 0, 'reason': 'rel_win1=62.5%（本命度） / 最有力組み合わせ確率: 0.096（推定実オッズ?14倍） / 2着集中度: 上位2艇 73.7%（補正+0.04） / 総合判定確率: 0.136 / → ヒモはやや固め。上位2艇以外を切ること', 'tenji_trigger': '展示確認: 1号艇伸び良→そのまま採用。悪→飛び組に差し替え。circle_pct上位2艇に絞り込むこと。'}",,,27.7,逃げ狙い,13.29,31.3,2,,,,,,,,,,,
2025-09-06,丸亀,10,4,石井伸長,B1,0.00,4,▲,7.4639,17,71,45,0.169,3.175,,,0,低,79,0,-,142 42,0,56.4,1.0196,0,0,0.0323,0.0645,0,0,0.5,0.25,,,C,,,0.3313,0.5655,,0.383,S,80,0,◎1着固定 2-3着流し（5〜8点）,0.5777,"{'is_target': True, 'verdict': '点数絞り', 'max_combo_prob': 0.096, 'est_top_odds': 13.9, 'circle_concentration': 73.7, 'eligible_count': 6, 'bet_adj': 0, 'reason': 'rel_win1=62.5%（本命度） / 最有力組み合わせ確率: 0.096（推定実オッズ?14倍） / 2着集中度: 上位2艇 73.7%（補正+0.04） / 総合判定確率: 0.136 / → ヒモはやや固め。上位2艇以外を切ること', 'tenji_trigger': '展示確認: 1号艇伸び良→そのまま採用。悪→飛び組に差し替え。circle_pct上位2艇に絞り込むこと。'}",,,27.7,逃げ狙い,13.29,31.3,2,,,,,,,,,,,
2025-09-06,丸亀,10,5,間嶋仁志,A2,0.00,5,,5.7887,8.7,81,0,0.27,6,,,0,低,136,1,-,4 2234,0,25.1,0.7526,,,,,,0.048,0.048,0.412,,,C,△,,0.1513,0.6285,,0.383,S,80,0,◎1着固定 2-3着流し（5〜8点）,0.5777,"{'is_target': True, 'verdict': '点数絞り', 'max_combo_prob': 0.096, 'est_top_odds': 13.9, 'circle_concentration': 73.7, 'eligible_count': 6, 'bet_adj': 0, 'reason': 'rel_win1=62.5%（本命度） / 最有力組み合わせ確率: 0.096（推定実オッズ?14倍） / 2着集中度: 上位2艇 73.7%（補正+0.04） / 総合判定確率: 0.136 / → ヒモはやや固め。上位2艇以外を切ること', 'tenji_trigger': '展示確認: 1号艇伸び良→そのまま採用。悪→飛び組に差し替え。circle_pct上位2艇に絞り込むこと。'}",,,27.7,逃げ狙い,13.29,31.3,2,,,,,,,,,,,
2025-09-06,丸亀,10,6,山崎裕司,A2,0.00,6,,1.083,0.6,69,20,0.1845,4.75,,,0,低,130,0,-,414253,0,37.1,0.895,,,,,,0.0279,0.0779,0.1465,,,C,○,,0.2966,0.656,,0.383,S,80,0,◎1着固定 2-3着流し（5〜8点）,0.5777,"{'is_target': True, 'verdict': '点数絞り', 'max_combo_prob': 0.096, 'est_top_odds': 13.9, 'circle_concentration': 73.7, 'eligible_count': 6, 'bet_adj': 0, 'reason': 'rel_win1=62.5%（本命度） / 最有力組み合わせ確率: 0.096（推定実オッズ?14倍） / 2着集中度: 上位2艇 73.7%（補正+0.04） / 総合判定確率: 0.136 / → ヒモはやや固め。上位2艇以外を切ること', 'tenji_trigger': '展示確認: 1号艇伸び良→そのまま採用。悪→飛び組に差し替え。circle_pct上位2艇に絞り込むこと。'}",,,27.7,逃げ狙い,13.29,31.3,2,,,,,,,,,,,
2025-09-06,丸亀,11,1,藤岡俊介,A1,0.00,1,◎,55.6549,,0,89.8,0.1139,2.0114,,,0,低,38,0,抜1%,331421,0,60.1,0.9672,0.7692,,,,,0.0769,0.0256,0.0256,◎,,C,◎,,,0.6905,,0.7463,S,85,0,◎1着固定 2-3着流し（5〜8点）,0.5777,"{'is_target': True, 'verdict': '点数絞り', 'max_combo_prob': 0.0882, 'est_top_odds': 15.1, 'circle_concentration': 70.4, 'eligible_count': 6, 'bet_adj': 0, 'reason': 'rel_win1=55.7%（本命度） / 最有力組み合わせ確率: 0.088（推定実オッズ?15倍） / 2着集中度: 上位2艇 70.4%（補正+0.04） / 総合判定確率: 0.128 / → ヒモはやや固め。上位2艇以外を切ること', 'tenji_trigger': '展示確認: 1号艇伸び良→そのまま採用。悪→飛び組に差し替え。circle_pct上位2艇に絞り込むこと。\n展示で1号艇スタート超安定(0.114秒)→ヒモ固まり方向に注意'}",,,28,逃げ狙い,23.43,23.4,2,,,,,0,0,0.7559,0,,逃げ軸流し,A
2025-09-06,丸亀,11,2,前田　翔,A1,0.00,2,○,20.7712,40.4,59,79.3,0.1521,2.9138,,,0,低,48,0,差0% 抜0%,142323,0,62.3,1.3441,0,0.3125,0,0,0.0625,0.0952,0.0476,0.0952,,,C,△,,0.1248,0.6585,,0.7463,S,85,0,◎1着固定 2-3着流し（5〜8点）,0.5777,"{'is_target': True, 'verdict': '点数絞り', 'max_combo_prob': 0.0882, 'est_top_odds': 15.1, 'circle_concentration': 70.4, 'eligible_count': 6, 'bet_adj': 0, 'reason': 'rel_win1=55.7%（本命度） / 最有力組み合わせ確率: 0.088（推定実オッズ?15倍） / 2着集中度: 上位2艇 70.4%（補正+0.04） / 総合判定確率: 0.128 / → ヒモはやや固め。上位2艇以外を切ること', 'tenji_trigger': '展示確認: 1号艇伸び良→そのまま採用。悪→飛び組に差し替え。circle_pct上位2艇に絞り込むこと。\n展示で1号艇スタート超安定(0.114秒)→ヒモ固まり方向に注意'}",,,28,逃げ狙い,23.43,23.4,2,,,,,,,,,,,
2025-09-06,丸亀,11,3,濱野斗馬,A1,0.00,3,▲,10.4599,30,56,73.1,0.1292,2.3654,,,0,低,40,0,-,513331,0,100,0.7887,0,0,0,0.0833,0,0.0968,0,0.0323,,,C,,,0.2098,0.638,,0.7463,S,85,0,◎1着固定 2-3着流し（5〜8点）,0.5777,"{'is_target': True, 'verdict': '点数絞り', 'max_combo_prob': 0.0882, 'est_top_odds': 15.1, 'circle_concentration': 70.4, 'eligible_count': 6, 'bet_adj': 0, 'reason': 'rel_win1=55.7%（本命度） / 最有力組み合わせ確率: 0.088（推定実オッズ?15倍） / 2着集中度: 上位2艇 70.4%（補正+0.04） / 総合判定確率: 0.128 / → ヒモはやや固め。上位2艇以外を切ること', 'tenji_trigger': '展示確認: 1号艇伸び良→そのまま採用。悪→飛び組に差し替え。circle_pct上位2艇に絞り込むこと。\n展示で1号艇スタート超安定(0.114秒)→ヒモ固まり方向に注意'}",,,28,逃げ狙い,23.43,23.4,2,,,,,,,,,,,
2025-09-06,丸亀,11,4,一瀬　明,A2,0.00,4,△,8.1541,12.3,100,69.8,0.163,3.7736,,,0,低,121,0,ま0% 差ま0%,132 52,0,60.8,1.3091,0,0,0.08,0.16,0,0.0205,0.0853,0.2322,,,C,○,◎,0.1429,0.675,0.4026,0.7463,S,85,0,◎1着固定 2-3着流し（5〜8点）,0.5777,"{'is_target': True, 'verdict': '点数絞り', 'max_combo_prob': 0.0882, 'est_top_odds': 15.1, 'circle_concentration': 70.4, 'eligible_count': 6, 'bet_adj': 0, 'reason': 'rel_win1=55.7%（本命度） / 最有力組み合わせ確率: 0.088（推定実オッズ?15倍） / 2着集中度: 上位2艇 70.4%（補正+0.04） / 総合判定確率: 0.128 / → ヒモはやや固め。上位2艇以外を切ること', 'tenji_trigger': '展示確認: 1号艇伸び良→そのまま採用。悪→飛び組に差し替え。circle_pct上位2艇に絞り込むこと。\n展示で1号艇スタート超安定(0.114秒)→ヒモ固まり方向に注意'}",,,28,逃げ狙い,23.43,23.4,2,,,,,,,,,,,
2025-09-06,丸亀,11,5,木山和幸,B1,0.00,5,,2.5373,6.5,42,33.3,0.1921,3.6825,,,0,低,135,0,-,125 62,0,27.7,0.7271,0,0,0,0.0455,0,0.048,0.016,0.148,,,C,,,0.1056,0.6205,,0.7463,S,85,0,◎1着固定 2-3着流し（5〜8点）,0.5777,"{'is_target': True, 'verdict': '点数絞り', 'max_combo_prob': 0.0882, 'est_top_odds': 15.1, 'circle_concentration': 70.4, 'eligible_count': 6, 'bet_adj': 0, 'reason': 'rel_win1=55.7%（本命度） / 最有力組み合わせ確率: 0.088（推定実オッズ?15倍） / 2着集中度: 上位2艇 70.4%（補正+0.04） / 総合判定確率: 0.128 / → ヒモはやや固め。上位2艇以外を切ること', 'tenji_trigger': '展示確認: 1号艇伸び良→そのまま採用。悪→飛び組に差し替え。circle_pct上位2艇に絞り込むこと。\n展示で1号艇スタート超安定(0.114秒)→ヒモ固まり方向に注意'}",,,28,逃げ狙い,23.43,23.4,2,,,,,,,,,,,
2025-09-06,丸亀,11,6,権藤俊光,A2,0.00,6,,2.4225,10.8,57,58.1,0.1537,3.4186,,,0,低,50,0,差0% 差ま0%,113654,0,27.7,2.1644,0,0.05,0,0.05,0,0.0727,0.1864,0.0182,,,C,△,,0.1609,0.6615,,0.7463,S,85,0,◎1着固定 2-3着流し（5〜8点）,0.5777,"{'is_target': True, 'verdict': '点数絞り', 'max_combo_prob': 0.0882, 'est_top_odds': 15.1, 'circle_concentration': 70.4, 'eligible_count': 6, 'bet_adj': 0, 'reason': 'rel_win1=55.7%（本命度） / 最有力組み合わせ確率: 0.088（推定実オッズ?15倍） / 2着集中度: 上位2艇 70.4%（補正+0.04） / 総合判定確率: 0.128 / → ヒモはやや固め。上位2艇以外を切ること', 'tenji_trigger': '展示確認: 1号艇伸び良→そのまま採用。悪→飛び組に差し替え。circle_pct上位2艇に絞り込むこと。\n展示で1号艇スタート超安定(0.114秒)→ヒモ固まり方向に注意'}",,,28,逃げ狙い,23.43,23.4,2,,,,,,,,,,,
2025-09-06,丸亀,12,1,中村将隆,B1,0.00,1,◎,58.333,,0,75,0.1464,2.7083,,,0,低,101,0,逃0%,5 255,0,79.7,0.9996,0.4706,,,,,0.2141,0.0706,0,◎,,C,,,,0.592,,0.4851,A,62,0,◎-○軸 3着3〜4艇流し（10〜15点）,0.5777,"{'is_target': True, 'verdict': '点数絞り', 'max_combo_prob': 0.1175, 'est_top_odds': 11.3, 'circle_concentration': 78.4, 'eligible_count': 8, 'bet_adj': 0, 'reason': 'rel_win1=58.3%（本命度） / 最有力組み合わせ確率: 0.117（推定実オッズ?11倍） / 2着集中度: 上位2艇 78.4%（補正+0.04） / 総合判定確率: 0.157 / → ヒモはやや固め。上位2艇以外を切ること', 'tenji_trigger': '展示確認: 1号艇伸び良→そのまま採用。悪→飛び組に差し替え。circle_pct上位2艇に絞り込むこと。'}",,,28.6,両建て推奨,17.45,30.3,2,,,,,0,0,0.7559,0,,逃げ軸流し,A
2025-09-06,丸亀,12,2,坂元浩仁,A2,0.00,2,○,19.1462,65.6,73,86.4,0.142,2.6441,,,0,低,89,0,差0% ま0% 抜0%,55151,0,84.6,1.4241,0,0.1154,0.1154,0,0.0385,0.0098,0.1345,0.0195,,◎,C,◎,,0.3718,0.6735,,0.4851,A,62,0,◎-○軸 3着3〜4艇流し（10〜15点）,0.5777,"{'is_target': True, 'verdict': '点数絞り', 'max_combo_prob': 0.1175, 'est_top_odds': 11.3, 'circle_concentration': 78.4, 'eligible_count': 8, 'bet_adj': 0, 'reason': 'rel_win1=58.3%（本命度） / 最有力組み合わせ確率: 0.117（推定実オッズ?11倍） / 2着集中度: 上位2艇 78.4%（補正+0.04） / 総合判定確率: 0.157 / → ヒモはやや固め。上位2艇以外を切ること', 'tenji_trigger': '展示確認: 1号艇伸び良→そのまま採用。悪→飛び組に差し替え。circle_pct上位2艇に絞り込むこと。'}",,,28.6,両建て推奨,17.45,30.3,2,,,,,,,,,,,
2025-09-06,丸亀,12,3,浅見昌克,A2,0.00,3,▲,7.0314,11,100,46.8,0.1303,2.4516,,,0,低,84,0,差0% ま0% 差ま0%,451 45,0,38.4,0.819,0,0.037,0.037,0.037,0,0,0.0882,0.1471,,○,C,○,,0.3653,0.6215,,0.4851,A,62,0,◎-○軸 3着3〜4艇流し（10〜15点）,0.5777,"{'is_target': True, 'verdict': '点数絞り', 'max_combo_prob': 0.1175, 'est_top_odds': 11.3, 'circle_concentration': 78.4, 'eligible_count': 8, 'bet_adj': 0, 'reason': 'rel_win1=58.3%（本命度） / 最有力組み合わせ確率: 0.117（推定実オッズ?11倍） / 2着集中度: 上位2艇 78.4%（補正+0.04） / 総合判定確率: 0.157 / → ヒモはやや固め。上位2艇以外を切ること', 'tenji_trigger': '展示確認: 1号艇伸び良→そのまま採用。悪→飛び組に差し替え。circle_pct上位2艇に絞り込むこと。'}",,,28.6,両建て推奨,17.45,30.3,2,,,,,,,,,,,
2025-09-06,丸亀,12,4,森安弘雅,A2,0.00,4,△,7.1885,10,99,48.4,0.1778,4,,,0,低,178,0,差0%,34144,0,53.6,0.9734,0,0.0345,0,0,0,0.0167,0.1833,0.2,,,C,△,,0.1586,0.6065,,0.4851,A,62,0,◎-○軸 3着3〜4艇流し（10〜15点）,0.5777,"{'is_target': True, 'verdict': '点数絞り', 'max_combo_prob': 0.1175, 'est_top_odds': 11.3, 'circle_concentration': 78.4, 'eligible_count': 8, 'bet_adj': 0, 'reason': 'rel_win1=58.3%（本命度） / 最有力組み合わせ確率: 0.117（推定実オッズ?11倍） / 2着集中度: 上位2艇 78.4%（補正+0.04） / 総合判定確率: 0.157 / → ヒモはやや固め。上位2艇以外を切ること', 'tenji_trigger': '展示確認: 1号艇伸び良→そのまま採用。悪→飛び組に差し替え。circle_pct上位2艇に絞り込むこと。'}",,,28.6,両建て推奨,17.45,30.3,2,,,,,,,,,,,
2025-09-06,丸亀,12,5,小林文彦,A2,0.00,5,,7.1597,12.7,60,42.9,0.1932,4.3214,,,0,低,166,0,-,3 3461,0,40,0.7879,0,0,0,0.0385,0,0.0143,0.2286,0.1143,,,C,△,◎,0.1348,0.5995,0.3221,0.4851,A,62,0,◎-○軸 3着3〜4艇流し（10〜15点）,0.5777,"{'is_target': True, 'verdict': '点数絞り', 'max_combo_prob': 0.1175, 'est_top_odds': 11.3, 'circle_concentration': 78.4, 'eligible_count': 8, 'bet_adj': 0, 'reason': 'rel_win1=58.3%（本命度） / 最有力組み合わせ確率: 0.117（推定実オッズ?11倍） / 2着集中度: 上位2艇 78.4%（補正+0.04） / 総合判定確率: 0.157 / → ヒモはやや固め。上位2艇以外を切ること', 'tenji_trigger': '展示確認: 1号艇伸び良→そのまま採用。悪→飛び組に差し替え。circle_pct上位2艇に絞り込むこと。'}",,,28.6,両建て推奨,17.45,30.3,2,,,,,,,,,,,
2025-09-06,丸亀,12,6,沼田大都,B1,0.00,6,,1.1412,0.6,67,18.9,0.2489,5.2297,,,0,低,147,0,-,5 641,0,26,0.8186,,,,,,0.2308,0.1538,0.1538,,,C,,,0.1388,0.522,,0.4851,A,62,0,◎-○軸 3着3〜4艇流し（10〜15点）,0.5777,"{'is_target': True, 'verdict': '点数絞り', 'max_combo_prob': 0.1175, 'est_top_odds': 11.3, 'circle_concentration': 78.4, 'eligible_count': 8, 'bet_adj': 0, 'reason': 'rel_win1=58.3%（本命度） / 最有力組み合わせ確率: 0.117（推定実オッズ?11倍） / 2着集中度: 上位2艇 78.4%（補正+0.04） / 総合判定確率: 0.157 / → ヒモはやや固め。上位2艇以外を切ること', 'tenji_trigger': '展示確認: 1号艇伸び良→そのまま採用。悪→飛び組に差し替え。circle_pct上位2艇に絞り込むこと。'}",,,28.6,両建て推奨,17.45,30.3,2,,,,,,,,,,,
2025-09-07,丸亀,1,1,石倉拓美,B2,0.00,1,◎,57.7583,,0,37.5,0.1862,3.9375,,,0,低,47,1,逃0%,6 5 64,0,36.4,0.6104,0.1667,,,,,0.3333,0.3333,0,,,C,,,,0.555,,0.1504,D,34,1,大荒れ。見送り推奨,0.5777,"{'is_target': True, 'verdict': '点数絞り', 'max_combo_prob': 0.0944, 'est_top_odds': 14.1, 'circle_concentration': 88.0, 'eligible_count': 6, 'bet_adj': 0, 'reason': 'rel_win1=57.8%（本命度） / 最有力組み合わせ確率: 0.094（推定実オッズ?14倍） / 2着集中度: 上位2艇 88.0%（補正+0.04） / 総合判定確率: 0.134 / → ヒモはやや固め。上位2艇以外を切ること', 'tenji_trigger': '展示確認: 1号艇伸び良→そのまま採用。悪→飛び組に差し替え。circle_pct上位2艇に絞り込むこと。\n展示で1号艇スタート遅め(0.186秒)確認→ヒモが荒れやすい'}",,,32,両建て推奨,14.09,42.8,2,3-1-4|3-1-5|3-4-1|3-1-2|3-4-5|3-5-1|3-5-4|1-3-2|1-2-4|1-2-3|1-3-4,3-1-4|3-1-5|3-4-1|3-1-2|3-4-5|3-5-1|3-5-4|6-1-2|1-3-2|1-2-4|1-2-3|1-3-4,3-1-4:3.74%|3-1-5:2.03%|3-4-1:1.32%|3-1-2:1.15%|3-4-5:0.56%|3-5-1:0.43%|3-5-4:0.33%|1-3-2:4.75%|1-2-4:4.41%|1-2-3:4.29%|1-3-4:4.2%,3-1-4:B_main|3-1-5:B_main|3-4-1:B_main|3-1-2:B_main|3-4-5:B_main|3-5-1:B_main|3-5-4:B_main|1-3-2:A|1-2-4:A|1-2-3:A|1-3-4:A,11,12,0.2915,1,[!]見送り推奨（主役決まり手「まくり差し」― 逃げ劣勢レースで的中実績なし）,主役軸流し,B
2025-09-07,丸亀,1,2,中渡修作,B1,0.00,2,○,15.1198,44.6,100,54.1,0.1754,3.5902,,,0,低,108,0,差1%,4 6 15,0,83.2,1.6397,0,0.1724,0.0345,0,0,0.1632,0.1632,0.4263,,○,C,○,,0.4452,0.606,,0.1504,D,34,1,大荒れ。見送り推奨,0.5777,"{'is_target': True, 'verdict': '点数絞り', 'max_combo_prob': 0.0944, 'est_top_odds': 14.1, 'circle_concentration': 88.0, 'eligible_count': 6, 'bet_adj': 0, 'reason': 'rel_win1=57.8%（本命度） / 最有力組み合わせ確率: 0.094（推定実オッズ?14倍） / 2着集中度: 上位2艇 88.0%（補正+0.04） / 総合判定確率: 0.134 / → ヒモはやや固め。上位2艇以外を切ること', 'tenji_trigger': '展示確認: 1号艇伸び良→そのまま採用。悪→飛び組に差し替え。circle_pct上位2艇に絞り込むこと。\n展示で1号艇スタート遅め(0.186秒)確認→ヒモが荒れやすい'}",,,32,両建て推奨,14.09,42.8,2,,,,,,,,,,,
2025-09-07,丸亀,1,3,大崎　翔,B1,0.00,3,▲,12.2424,43.5,63,53.6,0.1433,2.8768,,,0,低,117,0,-,6 534,0,43.2,0.9244,0,0.0345,0,0.069,0,0.3127,0.0727,0.1745,,◎,C,◎,,0.4625,0.643,,0.1504,D,34,1,大荒れ。見送り推奨,0.5777,"{'is_target': True, 'verdict': '点数絞り', 'max_combo_prob': 0.0944, 'est_top_odds': 14.1, 'circle_concentration': 88.0, 'eligible_count': 6, 'bet_adj': 0, 'reason': 'rel_win1=57.8%（本命度） / 最有力組み合わせ確率: 0.094（推定実オッズ?14倍） / 2着集中度: 上位2艇 88.0%（補正+0.04） / 総合判定確率: 0.134 / → ヒモはやや固め。上位2艇以外を切ること', 'tenji_trigger': '展示確認: 1号艇伸び良→そのまま採用。悪→飛び組に差し替え。circle_pct上位2艇に絞り込むこと。\n展示で1号艇スタート遅め(0.186秒)確認→ヒモが荒れやすい'}",,,32,両建て推奨,14.09,42.8,2,,,,,,,,,,,
2025-09-07,丸亀,1,4,花本夏樹,B1,0.00,4,△,7.3302,5,65,26.9,0.1936,4.5,,,0,低,186,0,-,166 36,0,96,0.3204,0,0,0,0,0.0385,0,0,0.34,,,C,△,,0.2838,0.605,,0.1504,D,34,1,大荒れ。見送り推奨,0.5777,"{'is_target': True, 'verdict': '点数絞り', 'max_combo_prob': 0.0944, 'est_top_odds': 14.1, 'circle_concentration': 88.0, 'eligible_count': 6, 'bet_adj': 0, 'reason': 'rel_win1=57.8%（本命度） / 最有力組み合わせ確率: 0.094（推定実オッズ?14倍） / 2着集中度: 上位2艇 88.0%（補正+0.04） / 総合判定確率: 0.134 / → ヒモはやや固め。上位2艇以外を切ること', 'tenji_trigger': '展示確認: 1号艇伸び良→そのまま採用。悪→飛び組に差し替え。circle_pct上位2艇に絞り込むこと。\n展示で1号艇スタート遅め(0.186秒)確認→ヒモが荒れやすい'}",,,32,両建て推奨,14.09,42.8,2,,,,,,,,,,,
2025-09-07,丸亀,1,5,鈴木茂高,B1,0.00,5,,6.2844,4.4,77,26.7,0.2012,4.2167,,,0,低,170,0,-,3 2426,0,34.4,0.7457,0,0,0,0.0417,0,0.4333,0.0444,0.0222,,,C,△,,0.2327,0.585,,0.1504,D,34,1,大荒れ。見送り推奨,0.5777,"{'is_target': True, 'verdict': '点数絞り', 'max_combo_prob': 0.0944, 'est_top_odds': 14.1, 'circle_concentration': 88.0, 'eligible_count': 6, 'bet_adj': 0, 'reason': 'rel_win1=57.8%（本命度） / 最有力組み合わせ確率: 0.094（推定実オッズ?14倍） / 2着集中度: 上位2艇 88.0%（補正+0.04） / 総合判定確率: 0.134 / → ヒモはやや固め。上位2艇以外を切ること', 'tenji_trigger': '展示確認: 1号艇伸び良→そのまま採用。悪→飛び組に差し替え。circle_pct上位2艇に絞り込むこと。\n展示で1号艇スタート遅め(0.186秒)確認→ヒモが荒れやすい'}",,,32,両建て推奨,14.09,42.8,2,,,,,,,,,,,
2025-09-07,丸亀,1,6,中岡　駿,B2,0.00,6,,1.2648,2.6,24,6.2,0.2055,4.3615,,,0,低,40,0,-,666 6,0,25.4,2.0656,,,,,,,,,,,C,,,0.2523,0.482,,0.1504,D,34,1,大荒れ。見送り推奨,0.5777,"{'is_target': True, 'verdict': '点数絞り', 'max_combo_prob': 0.0944, 'est_top_odds': 14.1, 'circle_concentration': 88.0, 'eligible_count': 6, 'bet_adj': 0, 'reason': 'rel_win1=57.8%（本命度） / 最有力組み合わせ確率: 0.094（推定実オッズ?14倍） / 2着集中度: 上位2艇 88.0%（補正+0.04） / 総合判定確率: 0.134 / → ヒモはやや固め。上位2艇以外を切ること', 'tenji_trigger': '展示確認: 1号艇伸び良→そのまま採用。悪→飛び組に差し替え。circle_pct上位2艇に絞り込むこと。\n展示で1号艇スタート遅め(0.186秒)確認→ヒモが荒れやすい'}",,,32,両建て推奨,14.09,42.8,2,,,,,,,,,,,
2025-09-07,丸亀,2,1,沼田大都,B1,0.00,1,◎,55.7802,,0,72.7,0.213,4.1364,,,0,低,147,0,逃0%,5 641,0,57.6,0.966,0.3077,,,,,0.2308,0.1538,0.1538,△,,C,,,,0.522,,0.2725,A,68,0,◎-○軸 3着3〜4艇流し（10〜15点）,0.5777,"{'is_target': True, 'verdict': '参加推奨', 'max_combo_prob': 0.0727, 'est_top_odds': 18.3, 'circle_concentration': 68.4, 'eligible_count': 8, 'bet_adj': 2, 'reason': 'rel_win1=55.8%（本命度） / 最有力組み合わせ確率: 0.073（推定実オッズ?18倍） / 2着集中度: 上位2艇 68.4%（補正+0.00） / 総合判定確率: 0.073 / → ヒモ分散。1号艇1着固定で広めのヒモ流し推奨（買い目+2点）', 'tenji_trigger': '展示確認: ヒモ分散レース。1号艇伸び確認後、広めのヒモ流しを採用。穴ヒモ（5・6号艇）を積極的に含める。\n展示で1号艇スタート遅め(0.213秒)確認→ヒモが荒れやすい'}",,,36.3,逃げ狙い,17.76,37.6,3,2-1-3|1-2-3|1-3-2|1-2-4|1-3-4|1-4-2,6-1-3|2-1-3|6-1-4|4-5-6|6-4-1|6-3-1|4-5-1|1-2-3|1-3-2|1-2-4|1-3-4|1-4-2,2-1-3:2.65%|1-2-3:6.44%|1-3-2:6.41%|1-2-4:6.0%|1-3-4:5.58%|1-4-2:5.2%,2-1-3:B_main|1-2-3:A|1-3-2:A|1-2-4:A|1-3-4:A|1-4-2:A,6,12,0.4535,1,[!]見送り推奨（主役決まり手「差し」― 逃げ劣勢レースで的中実績なし）,荒れ広め,D
2025-09-07,丸亀,2,2,吉岡　誠,B1,0.00,2,○,13.8569,31,46,30.2,0.1763,3.5349,,,0,低,74,0,-,2 145,0,91.2,1.7103,0,0.05,0,0,0,0.2727,0.0909,0.1818,,◎,C,,,0.5599,0.573,,0.2725,A,68,0,◎-○軸 3着3〜4艇流し（10〜15点）,0.5777,"{'is_target': True, 'verdict': '参加推奨', 'max_combo_prob': 0.0727, 'est_top_odds': 18.3, 'circle_concentration': 68.4, 'eligible_count': 8, 'bet_adj': 2, 'reason': 'rel_win1=55.8%（本命度） / 最有力組み合わせ確率: 0.073（推定実オッズ?18倍） / 2着集中度: 上位2艇 68.4%（補正+0.00） / 総合判定確率: 0.073 / → ヒモ分散。1号艇1着固定で広めのヒモ流し推奨（買い目+2点）', 'tenji_trigger': '展示確認: ヒモ分散レース。1号艇伸び確認後、広めのヒモ流しを採用。穴ヒモ（5・6号艇）を積極的に含める。\n展示で1号艇スタート遅め(0.213秒)確認→ヒモが荒れやすい'}",,,36.3,逃げ狙い,17.76,37.6,3,,,,,,,,,,,
2025-09-07,丸亀,2,3,小林文彦,A2,0.00,3,△,14.541,37.4,100,63.3,0.1902,3.949,,,0,低,166,0,-,3 3461,0,40.1,0.889,0,0,0,0,0.05,0.0143,0.2286,0.1143,,△,C,△,,0.4269,0.5995,,0.2725,A,68,0,◎-○軸 3着3〜4艇流し（10〜15点）,0.5777,"{'is_target': True, 'verdict': '参加推奨', 'max_combo_prob': 0.0727, 'est_top_odds': 18.3, 'circle_concentration': 68.4, 'eligible_count': 8, 'bet_adj': 2, 'reason': 'rel_win1=55.8%（本命度） / 最有力組み合わせ確率: 0.073（推定実オッズ?18倍） / 2着集中度: 上位2艇 68.4%（補正+0.00） / 総合判定確率: 0.073 / → ヒモ分散。1号艇1着固定で広めのヒモ流し推奨（買い目+2点）', 'tenji_trigger': '展示確認: ヒモ分散レース。1号艇伸び確認後、広めのヒモ流しを採用。穴ヒモ（5・6号艇）を積極的に含める。\n展示で1号艇スタート遅め(0.213秒)確認→ヒモが荒れやすい'}",,,36.3,逃げ狙い,17.76,37.6,3,,,,,,,,,,,
2025-09-07,丸亀,2,4,中島昂章,B1,0.00,4,▲,8.6813,24.2,68,45.2,0.1779,4.3095,,,0,低,119,0,-,3 554,0,43.6,0.9821,,,,,,0.1058,0,0.2731,,○,C,△,,0.4465,0.5805,,0.2725,A,68,0,◎-○軸 3着3〜4艇流し（10〜15点）,0.5777,"{'is_target': True, 'verdict': '参加推奨', 'max_combo_prob': 0.0727, 'est_top_odds': 18.3, 'circle_concentration': 68.4, 'eligible_count': 8, 'bet_adj': 2, 'reason': 'rel_win1=55.8%（本命度） / 最有力組み合わせ確率: 0.073（推定実オッズ?18倍） / 2着集中度: 上位2艇 68.4%（補正+0.00） / 総合判定確率: 0.073 / → ヒモ分散。1号艇1着固定で広めのヒモ流し推奨（買い目+2点）', 'tenji_trigger': '展示確認: ヒモ分散レース。1号艇伸び確認後、広めのヒモ流しを採用。穴ヒモ（5・6号艇）を積極的に含める。\n展示で1号艇スタート遅め(0.213秒)確認→ヒモが荒れやすい'}",,,36.3,逃げ狙い,17.76,37.6,3,,,,,,,,,,,
2025-09-07,丸亀,2,5,西川真人,B1,0.00,5,,5.903,1.3,56,25.3,0.1973,3.9867,,,0,低,172,0,-,6 462,0,24,0.739,0,0,0,0.0333,0.0333,0.2227,0.2409,0.1114,,,C,◎,,0.3283,0.6345,,0.2725,A,68,0,◎-○軸 3着3〜4艇流し（10〜15点）,0.5777,"{'is_target': True, 'verdict': '参加推奨', 'max_combo_prob': 0.0727, 'est_top_odds': 18.3, 'circle_concentration': 68.4, 'eligible_count': 8, 'bet_adj': 2, 'reason': 'rel_win1=55.8%（本命度） / 最有力組み合わせ確率: 0.073（推定実オッズ?18倍） / 2着集中度: 上位2艇 68.4%（補正+0.00） / 総合判定確率: 0.073 / → ヒモ分散。1号艇1着固定で広めのヒモ流し推奨（買い目+2点）', 'tenji_trigger': '展示確認: ヒモ分散レース。1号艇伸び確認後、広めのヒモ流しを採用。穴ヒモ（5・6号艇）を積極的に含める。\n展示で1号艇スタート遅め(0.213秒)確認→ヒモが荒れやすい'}",,,36.3,逃げ狙い,17.76,37.6,3,,,,,,,,,,,
2025-09-07,丸亀,2,6,牧山敦也,B1,0.00,6,,1.2377,6.1,25,22.4,0.1886,4.1122,,,0,低,107,0,-,6 136,0,24.5,0.9475,,,,,,0.0706,0.0471,0.5412,,,C,○,,0.3916,0.631,,0.2725,A,68,0,◎-○軸 3着3〜4艇流し（10〜15点）,0.5777,"{'is_target': True, 'verdict': '参加推奨', 'max_combo_prob': 0.0727, 'est_top_odds': 18.3, 'circle_concentration': 68.4, 'eligible_count': 8, 'bet_adj': 2, 'reason': 'rel_win1=55.8%（本命度） / 最有力組み合わせ確率: 0.073（推定実オッズ?18倍） / 2着集中度: 上位2艇 68.4%（補正+0.00） / 総合判定確率: 0.073 / → ヒモ分散。1号艇1着固定で広めのヒモ流し推奨（買い目+2点）', 'tenji_trigger': '展示確認: ヒモ分散レース。1号艇伸び確認後、広めのヒモ流しを採用。穴ヒモ（5・6号艇）を積極的に含める。\n展示で1号艇スタート遅め(0.213秒)確認→ヒモが荒れやすい'}",,,36.3,逃げ狙い,17.76,37.6,3,,,,,,,,,,,
2025-09-07,丸亀,3,1,川辺郭人,B2,0.00,1,◎,57.8756,,0,45.5,0.1709,3.3182,,,0,低,96,1,逃0%,656 S,0,35.6,0.6935,0.3636,,,,,0.0364,0.3091,0.0364,△⚠️,,C,,,,0.5105,,0.3037,C,40,0,荒れ傾向。高配当狙いか見送り,0.5777,"{'is_target': True, 'verdict': '参加推奨', 'max_combo_prob': 0.0714, 'est_top_odds': 18.7, 'circle_concentration': 59.0, 'eligible_count': 6, 'bet_adj': 2, 'reason': 'rel_win1=57.9%（本命度） / 最有力組み合わせ確率: 0.071（推定実オッズ?19倍） / 2着集中度: 上位2艇 59.0%（補正+0.00） / 総合判定確率: 0.071 / → ヒモ分散。1号艇1着固定で広めのヒモ流し推奨（買い目+2点）', 'tenji_trigger': '展示確認: ヒモ分散レース。1号艇伸び確認後、広めのヒモ流しを採用。穴ヒモ（5・6号艇）を積極的に含める。'}",,,26.9,両建て推奨,10.01,31.9,2,2-1-3|2-1-5|2-1-4|2-3-1|2-5-1|2-5-3|2-3-5|1-3-5|1-2-5|1-3-2|1-2-3|1-5-2,2-1-3|2-1-5|2-1-4|2-3-1|2-5-1|2-5-3|2-3-5|1-3-5|1-2-5|1-3-2|1-2-3|1-5-2,2-1-3:2.14%|2-1-5:1.65%|2-1-4:1.35%|2-3-1:0.65%|2-5-1:0.53%|2-5-3:0.35%|2-3-5:0.33%|1-3-5:6.74%|1-2-5:6.28%|1-3-2:5.66%|1-2-3:4.91%|1-5-2:4.26%,2-1-3:B_main|2-1-5:B_main|2-1-4:B_main|2-3-1:B_main|2-5-1:B_main|2-5-3:B_main|2-3-5:B_main|1-3-5:A|1-2-5:A|1-3-2:A|1-2-3:A|1-5-2:A,12,12,0.4535,1,[!]見送り推奨（主役決まり手「差し」― 逃げ劣勢レースで的中実績なし）,主役軸流し,B
2025-09-07,丸亀,3,2,吉永浩則,B1,0.00,2,△,9.5917,22.9,100,44.3,0.1567,3.541,,,0,低,106,0,-,6 361,0,24.9,0.7509,,,,,,0.0222,0.1944,0.0444,,◎,C,◎,,0.4695,0.644,,0.3037,C,40,0,荒れ傾向。高配当狙いか見送り,0.5777,"{'is_target': True, 'verdict': '参加推奨', 'max_combo_prob': 0.0714, 'est_top_odds': 18.7, 'circle_concentration': 59.0, 'eligible_count': 6, 'bet_adj': 2, 'reason': 'rel_win1=57.9%（本命度） / 最有力組み合わせ確率: 0.071（推定実オッズ?19倍） / 2着集中度: 上位2艇 59.0%（補正+0.00） / 総合判定確率: 0.071 / → ヒモ分散。1号艇1着固定で広めのヒモ流し推奨（買い目+2点）', 'tenji_trigger': '展示確認: ヒモ分散レース。1号艇伸び確認後、広めのヒモ流しを採用。穴ヒモ（5・6号艇）を積極的に含める。'}",,,26.9,両建て推奨,10.01,31.9,2,,,,,,,,,,,
2025-09-07,丸亀,3,3,浅見昌克,A2,0.00,3,○,10.1672,32.2,67,46.8,0.1303,2.4516,,,0,低,84,0,差0% ま0% 差ま0%,451 45,0,32.6,0.9094,0,0.037,0.037,0.037,0,0,0.0882,0.1471,,○,C,△,,0.4598,0.6215,,0.3037,C,40,0,荒れ傾向。高配当狙いか見送り,0.5777,"{'is_target': True, 'verdict': '参加推奨', 'max_combo_prob': 0.0714, 'est_top_odds': 18.7, 'circle_concentration': 59.0, 'eligible_count': 6, 'bet_adj': 2, 'reason': 'rel_win1=57.9%（本命度） / 最有力組み合わせ確率: 0.071（推定実オッズ?19倍） / 2着集中度: 上位2艇 59.0%（補正+0.00） / 総合判定確率: 0.071 / → ヒモ分散。1号艇1着固定で広めのヒモ流し推奨（買い目+2点）', 'tenji_trigger': '展示確認: ヒモ分散レース。1号艇伸び確認後、広めのヒモ流しを採用。穴ヒモ（5・6号艇）を積極的に含める。'}",,,26.9,両建て推奨,10.01,31.9,2,,,,,,,,,,,
2025-09-07,丸亀,3,4,中島真二,B1,0.00,4,,7.7074,16.3,57,33.9,0.1771,3.8983,,,0,低,161,0,-,4 356,0,36.4,0.7953,0,0.037,0.037,0,0,0.0211,0.4053,0.0421,,,C,,,0.2616,0.6155,,0.3037,C,40,0,荒れ傾向。高配当狙いか見送り,0.5777,"{'is_target': True, 'verdict': '参加推奨', 'max_combo_prob': 0.0714, 'est_top_odds': 18.7, 'circle_concentration': 59.0, 'eligible_count': 6, 'bet_adj': 2, 'reason': 'rel_win1=57.9%（本命度） / 最有力組み合わせ確率: 0.071（推定実オッズ?19倍） / 2着集中度: 上位2艇 59.0%（補正+0.00） / 総合判定確率: 0.071 / → ヒモ分散。1号艇1着固定で広めのヒモ流し推奨（買い目+2点）', 'tenji_trigger': '展示確認: ヒモ分散レース。1号艇伸び確認後、広めのヒモ流しを採用。穴ヒモ（5・6号艇）を積極的に含める。'}",,,26.9,両建て推奨,10.01,31.9,2,,,,,,,,,,,
2025-09-07,丸亀,3,5,廣瀬将亨,A2,0.00,5,▲,13.3355,26.8,42,45.6,0.1479,3.0614,,,0,低,86,0,ま0% 差ま0%,546123,0,88.2,1.5412,0,0,0.0333,0.0333,0,0.0293,0.198,0.0293,,,C,○,◎,0.3593,0.64,0.3579,0.3037,C,40,0,荒れ傾向。高配当狙いか見送り,0.5777,"{'is_target': True, 'verdict': '参加推奨', 'max_combo_prob': 0.0714, 'est_top_odds': 18.7, 'circle_concentration': 59.0, 'eligible_count': 6, 'bet_adj': 2, 'reason': 'rel_win1=57.9%（本命度） / 最有力組み合わせ確率: 0.071（推定実オッズ?19倍） / 2着集中度: 上位2艇 59.0%（補正+0.00） / 総合判定確率: 0.071 / → ヒモ分散。1号艇1着固定で広めのヒモ流し推奨（買い目+2点）', 'tenji_trigger': '展示確認: ヒモ分散レース。1号艇伸び確認後、広めのヒモ流しを採用。穴ヒモ（5・6号艇）を積極的に含める。'}",,,26.9,両建て推奨,10.01,31.9,2,,,,,,,,,,,
2025-09-07,丸亀,3,6,宮本夏樹,B1,0.00,6,,1.3226,1.8,62,29.8,0.1787,4.0532,,,0,低,86,0,-,231 43,0,30.3,0.8917,,,,,,0.1111,0.1111,0.2222,,,C,△,,0.2886,0.622,,0.3037,C,40,0,荒れ傾向。高配当狙いか見送り,0.5777,"{'is_target': True, 'verdict': '参加推奨', 'max_combo_prob': 0.0714, 'est_top_odds': 18.7, 'circle_concentration': 59.0, 'eligible_count': 6, 'bet_adj': 2, 'reason': 'rel_win1=57.9%（本命度） / 最有力組み合わせ確率: 0.071（推定実オッズ?19倍） / 2着集中度: 上位2艇 59.0%（補正+0.00） / 総合判定確率: 0.071 / → ヒモ分散。1号艇1着固定で広めのヒモ流し推奨（買い目+2点）', 'tenji_trigger': '展示確認: ヒモ分散レース。1号艇伸び確認後、広めのヒモ流しを採用。穴ヒモ（5・6号艇）を積極的に含める。'}",,,26.9,両建て推奨,10.01,31.9,2,,,,,,,,,,,
2025-09-07,丸亀,4,1,間嶋仁志,A2,0.00,1,◎,54.4685,,0,84.4,0.1706,3.1406,,,0,低,136,0,逃0%,4 2234,0,69.1,1.0994,0.48,,,,,0.048,0.048,0.412,○,,C,△,,,0.6285,,0.4087,A,79,0,◎-○軸 3着3〜4艇流し（10〜15点）,0.5777,"{'is_target': True, 'verdict': '参加推奨', 'max_combo_prob': 0.0719, 'est_top_odds': 18.5, 'circle_concentration': 68.0, 'eligible_count': 8, 'bet_adj': 2, 'reason': 'rel_win1=54.5%（本命度） / 最有力組み合わせ確率: 0.072（推定実オッズ?18倍） / 2着集中度: 上位2艇 68.0%（補正+0.00） / 総合判定確率: 0.072 / → ヒモ分散。1号艇1着固定で広めのヒモ流し推奨（買い目+2点）', 'tenji_trigger': '展示確認: ヒモ分散レース。1号艇伸び確認後、広めのヒモ流しを採用。穴ヒモ（5・6号艇）を積極的に含める。'}",,,27.6,逃げ狙い,14.3,30.2,3,,,,,0,0,0.6155,0,,逃げ軸流し,A
2025-09-07,丸亀,4,2,永嶋裕一,B1,0.00,2,▲,12.9859,38.7,70,50,0.1617,3.2315,,,0,低,92,0,差0%,315 35,0,98,0.8462,0,0.1,0,0,0,0.0333,0.1591,0.1424,,◎,C,○,,0.4184,0.6425,,0.4087,A,79,0,◎-○軸 3着3〜4艇流し（10〜15点）,0.5777,"{'is_target': True, 'verdict': '参加推奨', 'max_combo_prob': 0.0719, 'est_top_odds': 18.5, 'circle_concentration': 68.0, 'eligible_count': 8, 'bet_adj': 2, 'reason': 'rel_win1=54.5%（本命度） / 最有力組み合わせ確率: 0.072（推定実オッズ?18倍） / 2着集中度: 上位2艇 68.0%（補正+0.00） / 総合判定確率: 0.072 / → ヒモ分散。1号艇1着固定で広めのヒモ流し推奨（買い目+2点）', 'tenji_trigger': '展示確認: ヒモ分散レース。1号艇伸び確認後、広めのヒモ流しを採用。穴ヒモ（5・6号艇）を積極的に含める。'}",,,27.6,逃げ狙い,14.3,30.2,3,,,,,,,,,,,
2025-09-07,丸亀,4,3,藤井　徹,B1,0.00,3,,10.0109,29.3,47,43.4,0.1723,3.8585,,,0,低,130,0,-,464 46,0,54.1,1.3746,,,,,,0.2,0.36,0.18,,,C,,,0.3096,0.6035,,0.4087,A,79,0,◎-○軸 3着3〜4艇流し（10〜15点）,0.5777,"{'is_target': True, 'verdict': '参加推奨', 'max_combo_prob': 0.0719, 'est_top_odds': 18.5, 'circle_concentration': 68.0, 'eligible_count': 8, 'bet_adj': 2, 'reason': 'rel_win1=54.5%（本命度） / 最有力組み合わせ確率: 0.072（推定実オッズ?18倍） / 2着集中度: 上位2艇 68.0%（補正+0.00） / 総合判定確率: 0.072 / → ヒモ分散。1号艇1着固定で広めのヒモ流し推奨（買い目+2点）', 'tenji_trigger': '展示確認: ヒモ分散レース。1号艇伸び確認後、広めのヒモ流しを採用。穴ヒモ（5・6号艇）を積極的に含める。'}",,,27.6,逃げ狙い,14.3,30.2,3,,,,,,,,,,,
2025-09-07,丸亀,4,4,小澤和也,B1,0.00,4,,10.3713,12.6,58,38.2,0.1678,3.7273,,,0,低,134,0,-,2 663,0,50.8,1.1606,0,0.0385,0.0769,0.0385,0,0.3242,0.0632,0.1411,,,C,△,○,0.3119,0.612,0.2039,0.4087,A,79,0,◎-○軸 3着3〜4艇流し（10〜15点）,0.5777,"{'is_target': True, 'verdict': '参加推奨', 'max_combo_prob': 0.0719, 'est_top_odds': 18.5, 'circle_concentration': 68.0, 'eligible_count': 8, 'bet_adj': 2, 'reason': 'rel_win1=54.5%（本命度） / 最有力組み合わせ確率: 0.072（推定実オッズ?18倍） / 2着集中度: 上位2艇 68.0%（補正+0.00） / 総合判定確率: 0.072 / → ヒモ分散。1号艇1着固定で広めのヒモ流し推奨（買い目+2点）', 'tenji_trigger': '展示確認: ヒモ分散レース。1号艇伸び確認後、広めのヒモ流しを採用。穴ヒモ（5・6号艇）を積極的に含める。'}",,,27.6,逃げ狙い,14.3,30.2,3,,,,,,,,,,,
2025-09-07,丸亀,4,5,坂元浩仁,A2,0.00,5,○,9.5101,16.6,100,57.8,0.1422,3.2188,,,0,低,89,0,差ま0%,55151,0,29.1,1.9048,0,0,0.0323,0.129,0,0.0098,0.1345,0.0195,,○,C,◎,◎,0.4022,0.6735,0.3971,0.4087,A,79,0,◎-○軸 3着3〜4艇流し（10〜15点）,0.5777,"{'is_target': True, 'verdict': '参加推奨', 'max_combo_prob': 0.0719, 'est_top_odds': 18.5, 'circle_concentration': 68.0, 'eligible_count': 8, 'bet_adj': 2, 'reason': 'rel_win1=54.5%（本命度） / 最有力組み合わせ確率: 0.072（推定実オッズ?18倍） / 2着集中度: 上位2艇 68.0%（補正+0.00） / 総合判定確率: 0.072 / → ヒモ分散。1号艇1着固定で広めのヒモ流し推奨（買い目+2点）', 'tenji_trigger': '展示確認: ヒモ分散レース。1号艇伸び確認後、広めのヒモ流しを採用。穴ヒモ（5・6号艇）を積極的に含める。'}",,,27.6,逃げ狙い,14.3,30.2,3,,,,,,,,,,,
2025-09-07,丸亀,4,6,中村将隆,B1,0.00,6,△,2.6534,2.8,88,29.5,0.1568,3.6818,,,0,低,101,0,ま0%,5 255,0,49.5,1.2064,0,0,0.0526,0,0,0.2141,0.0706,0,,,C,,,0.3389,0.592,,0.4087,A,79,0,◎-○軸 3着3〜4艇流し（10〜15点）,0.5777,"{'is_target': True, 'verdict': '参加推奨', 'max_combo_prob': 0.0719, 'est_top_odds': 18.5, 'circle_concentration': 68.0, 'eligible_count': 8, 'bet_adj': 2, 'reason': 'rel_win1=54.5%（本命度） / 最有力組み合わせ確率: 0.072（推定実オッズ?18倍） / 2着集中度: 上位2艇 68.0%（補正+0.00） / 総合判定確率: 0.072 / → ヒモ分散。1号艇1着固定で広めのヒモ流し推奨（買い目+2点）', 'tenji_trigger': '展示確認: ヒモ分散レース。1号艇伸び確認後、広めのヒモ流しを採用。穴ヒモ（5・6号艇）を積極的に含める。'}",,,27.6,逃げ狙い,14.3,30.2,3,,,,,,,,,,,
2025-09-07,丸亀,5,1,松尾　拓,A2,0.00,1,◎,54.0149,,0,93.4,0.1526,3.0789,,,0,低,111,0,逃1%,11425,0,62.3,0.9934,0.6944,,,,,0.2333,0.0222,0.0333,◎,,C,○,,,0.6325,,0.5231,S,88,0,◎1着固定 2-3着流し（5〜8点）,0.5777,"{'is_target': True, 'verdict': '参加推奨', 'max_combo_prob': 0.0974, 'est_top_odds': 13.7, 'circle_concentration': 67.9, 'eligible_count': 6, 'bet_adj': 2, 'reason': 'rel_win1=54.0%（本命度） / 最有力組み合わせ確率: 0.097（推定実オッズ?14倍） / 2着集中度: 上位2艇 67.9%（補正+0.00） / 総合判定確率: 0.097 / → ヒモ分散。1号艇1着固定で広めのヒモ流し推奨（買い目+2点）', 'tenji_trigger': '展示確認: ヒモ分散レース。1号艇伸び確認後、広めのヒモ流しを採用。穴ヒモ（5・6号艇）を積極的に含める。'}",,,29.5,逃げ狙い,20.09,30.5,4,,,,,0,0,0.7559,0,,逃げ軸流し,A
2025-09-07,丸亀,5,2,鈴木茂高,B1,0.00,2,△,6.3861,42.9,47,45.6,0.1714,3.9298,,,0,低,170,0,-,3 2426,0,99.6,0.769,,,,,,0.4333,0.0444,0.0222,,,C,,,0.1395,0.585,,0.5231,S,88,0,◎1着固定 2-3着流し（5〜8点）,0.5777,"{'is_target': True, 'verdict': '参加推奨', 'max_combo_prob': 0.0974, 'est_top_odds': 13.7, 'circle_concentration': 67.9, 'eligible_count': 6, 'bet_adj': 2, 'reason': 'rel_win1=54.0%（本命度） / 最有力組み合わせ確率: 0.097（推定実オッズ?14倍） / 2着集中度: 上位2艇 67.9%（補正+0.00） / 総合判定確率: 0.097 / → ヒモ分散。1号艇1着固定で広めのヒモ流し推奨（買い目+2点）', 'tenji_trigger': '展示確認: ヒモ分散レース。1号艇伸び確認後、広めのヒモ流しを採用。穴ヒモ（5・6号艇）を積極的に含める。'}",,,29.5,逃げ狙い,20.09,30.5,4,,,,,,,,,,,
2025-09-07,丸亀,5,3,中渡修作,B1,0.00,3,▲,6.7623,25,38,43.8,0.1519,3.3594,,,0,低,108,0,-,4 6 15,0,100,2.8335,0,0,0,0.037,0.037,0.1632,0.1632,0.4263,,,C,,,0.2842,0.606,,0.5231,S,88,0,◎1着固定 2-3着流し（5〜8点）,0.5777,"{'is_target': True, 'verdict': '参加推奨', 'max_combo_prob': 0.0974, 'est_top_odds': 13.7, 'circle_concentration': 67.9, 'eligible_count': 6, 'bet_adj': 2, 'reason': 'rel_win1=54.0%（本命度） / 最有力組み合わせ確率: 0.097（推定実オッズ?14倍） / 2着集中度: 上位2艇 67.9%（補正+0.00） / 総合判定確率: 0.097 / → ヒモ分散。1号艇1着固定で広めのヒモ流し推奨（買い目+2点）', 'tenji_trigger': '展示確認: ヒモ分散レース。1号艇伸び確認後、広めのヒモ流しを採用。穴ヒモ（5・6号艇）を積極的に含める。'}",,,29.5,逃げ狙い,20.09,30.5,4,,,,,,,,,,,
2025-09-07,丸亀,5,4,権藤俊光,A2,0.00,4,○,28.1496,24.1,100,84.8,0.127,2.5217,,,0,低,50,0,差0% ま0% 差ま0%,113654,0,100,2.0336,0,0.1304,0.1304,0.1304,0,0.0727,0.1864,0.0182,,◎,C,◎,◎,0.4254,0.6615,0.6,0.5231,S,88,0,◎1着固定 2-3着流し（5〜8点）,0.5777,"{'is_target': True, 'verdict': '参加推奨', 'max_combo_prob': 0.0974, 'est_top_odds': 13.7, 'circle_concentration': 67.9, 'eligible_count': 6, 'bet_adj': 2, 'reason': 'rel_win1=54.0%（本命度） / 最有力組み合わせ確率: 0.097（推定実オッズ?14倍） / 2着集中度: 上位2艇 67.9%（補正+0.00） / 総合判定確率: 0.097 / → ヒモ分散。1号艇1着固定で広めのヒモ流し推奨（買い目+2点）', 'tenji_trigger': '展示確認: ヒモ分散レース。1号艇伸び確認後、広めのヒモ流しを採用。穴ヒモ（5・6号艇）を積極的に含める。'}",,,29.5,逃げ狙い,20.09,30.5,4,,,,,,,,,,,
2025-09-07,丸亀,5,5,伊達正利,B1,0.00,5,,3.7288,6.4,39,17.6,0.1775,3.8603,,,0,低,160,0,-,562 14,0,34.7,0.7607,,,,,,0.0455,0.0455,0.0455,,,C,△,,0.2293,0.6165,,0.5231,S,88,0,◎1着固定 2-3着流し（5〜8点）,0.5777,"{'is_target': True, 'verdict': '参加推奨', 'max_combo_prob': 0.0974, 'est_top_odds': 13.7, 'circle_concentration': 67.9, 'eligible_count': 6, 'bet_adj': 2, 'reason': 'rel_win1=54.0%（本命度） / 最有力組み合わせ確率: 0.097（推定実オッズ?14倍） / 2着集中度: 上位2艇 67.9%（補正+0.00） / 総合判定確率: 0.097 / → ヒモ分散。1号艇1着固定で広めのヒモ流し推奨（買い目+2点）', 'tenji_trigger': '展示確認: ヒモ分散レース。1号艇伸び確認後、広めのヒモ流しを採用。穴ヒモ（5・6号艇）を積極的に含める。'}",,,29.5,逃げ狙い,20.09,30.5,4,,,,,,,,,,,
2025-09-07,丸亀,5,6,森安弘雅,A2,0.00,6,,0.9583,1.6,61,13.6,0.232,5.0254,,,0,低,178,0,-,34144,0,34.7,2.4453,,,,,,0.0167,0.1833,0.2,,,C,△,,0.135,0.6065,,0.5231,S,88,0,◎1着固定 2-3着流し（5〜8点）,0.5777,"{'is_target': True, 'verdict': '参加推奨', 'max_combo_prob': 0.0974, 'est_top_odds': 13.7, 'circle_concentration': 67.9, 'eligible_count': 6, 'bet_adj': 2, 'reason': 'rel_win1=54.0%（本命度） / 最有力組み合わせ確率: 0.097（推定実オッズ?14倍） / 2着集中度: 上位2艇 67.9%（補正+0.00） / 総合判定確率: 0.097 / → ヒモ分散。1号艇1着固定で広めのヒモ流し推奨（買い目+2点）', 'tenji_trigger': '展示確認: ヒモ分散レース。1号艇伸び確認後、広めのヒモ流しを採用。穴ヒモ（5・6号艇）を積極的に含める。'}",,,29.5,逃げ狙い,20.09,30.5,4,,,,,,,,,,,
2025-09-07,丸亀,6,1,村田修次,A2,0.00,1,◎,52.6855,,0,87.3,0.157,2.9366,,,0,低,93,0,逃1%,23451S,0,98.6,1.4034,0.6562,,,,,0.0625,0.1107,0.2214,◎,,C,△,,,0.6435,,0.4616,A,69,0,◎-○軸 3着3〜4艇流し（10〜15点）,0.5777,"{'is_target': True, 'verdict': '参加推奨', 'max_combo_prob': 0.0793, 'est_top_odds': 16.8, 'circle_concentration': 78.2, 'eligible_count': 8, 'bet_adj': 2, 'reason': 'rel_win1=52.7%（本命度） / 最有力組み合わせ確率: 0.079（推定実オッズ?17倍） / 2着集中度: 上位2艇 78.2%（補正+0.04） / 総合判定確率: 0.119 / → ヒモ分散。1号艇1着固定で広めのヒモ流し推奨（買い目+2点）', 'tenji_trigger': '展示確認: ヒモ分散レース。1号艇伸び確認後、広めのヒモ流しを採用。穴ヒモ（5・6号艇）を積極的に含める。'}",,,28.3,逃げ狙い,17.2,29.6,3,,,,,0,0,0.7559,0,,逃げ軸流し,A
2025-09-07,丸亀,6,2,山崎裕司,A2,0.00,2,▲,9.8081,41.1,100,61.4,0.1613,3.7786,,,0,低,130,0,-,414253,0,34.1,0.5822,0,0.0667,0,0,0,0.0279,0.0779,0.1465,,,C,○,,0.2804,0.656,,0.4616,A,69,0,◎-○軸 3着3〜4艇流し（10〜15点）,0.5777,"{'is_target': True, 'verdict': '参加推奨', 'max_combo_prob': 0.0793, 'est_top_odds': 16.8, 'circle_concentration': 78.2, 'eligible_count': 8, 'bet_adj': 2, 'reason': 'rel_win1=52.7%（本命度） / 最有力組み合わせ確率: 0.079（推定実オッズ?17倍） / 2着集中度: 上位2艇 78.2%（補正+0.04） / 総合判定確率: 0.119 / → ヒモ分散。1号艇1着固定で広めのヒモ流し推奨（買い目+2点）', 'tenji_trigger': '展示確認: ヒモ分散レース。1号艇伸び確認後、広めのヒモ流しを採用。穴ヒモ（5・6号艇）を積極的に含める。'}",,,28.3,逃げ狙い,17.2,29.6,3,,,,,,,,,,,
2025-09-07,丸亀,6,3,前田　翔,A1,0.00,3,○,21.2509,37.2,85,72.7,0.1345,2.8333,,,0,低,48,0,ま0%,142323,0,72.3,1.6006,0,0,0.1429,0,0,0.0952,0.0476,0.0952,,◎,C,◎,,0.437,0.6585,,0.4616,A,69,0,◎-○軸 3着3〜4艇流し（10〜15点）,0.5777,"{'is_target': True, 'verdict': '参加推奨', 'max_combo_prob': 0.0793, 'est_top_odds': 16.8, 'circle_concentration': 78.2, 'eligible_count': 8, 'bet_adj': 2, 'reason': 'rel_win1=52.7%（本命度） / 最有力組み合わせ確率: 0.079（推定実オッズ?17倍） / 2着集中度: 上位2艇 78.2%（補正+0.04） / 総合判定確率: 0.119 / → ヒモ分散。1号艇1着固定で広めのヒモ流し推奨（買い目+2点）', 'tenji_trigger': '展示確認: ヒモ分散レース。1号艇伸び確認後、広めのヒモ流しを採用。穴ヒモ（5・6号艇）を積極的に含める。'}",,,28.3,逃げ狙い,17.2,29.6,3,,,,,,,,,,,
2025-09-07,丸亀,6,4,富永正人,B1,0.00,4,△,9.3243,10.4,53,36.4,0.1823,3.9545,,,0,低,128,0,差0% ま0% 差ま0%,226 63,0,38.1,0.8898,0,0.037,0.1481,0.037,0,0.4211,0.1579,0.2105,,,C,,◎,0.2313,0.5955,0.3261,0.4616,A,69,0,◎-○軸 3着3〜4艇流し（10〜15点）,0.5777,"{'is_target': True, 'verdict': '参加推奨', 'max_combo_prob': 0.0793, 'est_top_odds': 16.8, 'circle_concentration': 78.2, 'eligible_count': 8, 'bet_adj': 2, 'reason': 'rel_win1=52.7%（本命度） / 最有力組み合わせ確率: 0.079（推定実オッズ?17倍） / 2着集中度: 上位2艇 78.2%（補正+0.04） / 総合判定確率: 0.119 / → ヒモ分散。1号艇1着固定で広めのヒモ流し推奨（買い目+2点）', 'tenji_trigger': '展示確認: ヒモ分散レース。1号艇伸び確認後、広めのヒモ流しを採用。穴ヒモ（5・6号艇）を積極的に含める。'}",,,28.3,逃げ狙い,17.2,29.6,3,,,,,,,,,,,
2025-09-07,丸亀,6,5,中岡　駿,B2,0.00,5,,5.8822,9.1,68,0,0.2075,4.0625,,,0,低,40,1,-,666 6,0,24.6,0.7355,,,,,,,,,,,C,,,0.1656,0.482,,0.4616,A,69,0,◎-○軸 3着3〜4艇流し（10〜15点）,0.5777,"{'is_target': True, 'verdict': '参加推奨', 'max_combo_prob': 0.0793, 'est_top_odds': 16.8, 'circle_concentration': 78.2, 'eligible_count': 8, 'bet_adj': 2, 'reason': 'rel_win1=52.7%（本命度） / 最有力組み合わせ確率: 0.079（推定実オッズ?17倍） / 2着集中度: 上位2艇 78.2%（補正+0.04） / 総合判定確率: 0.119 / → ヒモ分散。1号艇1着固定で広めのヒモ流し推奨（買い目+2点）', 'tenji_trigger': '展示確認: ヒモ分散レース。1号艇伸び確認後、広めのヒモ流しを採用。穴ヒモ（5・6号艇）を積極的に含める。'}",,,28.3,逃げ狙い,17.2,29.6,3,,,,,,,,,,,
2025-09-07,丸亀,6,6,齋藤達希,B1,0.00,6,,1.0492,2.3,26,10.2,0.1969,4.9796,,,0,低,155,0,-,2 531,0,23.9,0.8044,,,,,,0.0222,0.56,0.1422,,,C,△,,0.1996,0.6375,,0.4616,A,69,0,◎-○軸 3着3〜4艇流し（10〜15点）,0.5777,"{'is_target': True, 'verdict': '参加推奨', 'max_combo_prob': 0.0793, 'est_top_odds': 16.8, 'circle_concentration': 78.2, 'eligible_count': 8, 'bet_adj': 2, 'reason': 'rel_win1=52.7%（本命度） / 最有力組み合わせ確率: 0.079（推定実オッズ?17倍） / 2着集中度: 上位2艇 78.2%（補正+0.04） / 総合判定確率: 0.119 / → ヒモ分散。1号艇1着固定で広めのヒモ流し推奨（買い目+2点）', 'tenji_trigger': '展示確認: ヒモ分散レース。1号艇伸び確認後、広めのヒモ流しを採用。穴ヒモ（5・6号艇）を積極的に含める。'}",,,28.3,逃げ狙い,17.2,29.6,3,,,,,,,,,,,
2025-09-07,丸亀,7,1,一瀬　明,A2,0.00,1,◎,59.4042,,0,84.3,0.1613,3.2289,,,0,低,121,0,逃0%,132 52,0,79.1,0.9315,0.5128,,,,,0.0205,0.0853,0.2322,◎,,C,◎,,,0.675,,0.467,S,80,0,◎1着固定 2-3着流し（5〜8点）,0.5777,"{'is_target': True, 'verdict': '点数絞り', 'max_combo_prob': 0.1152, 'est_top_odds': 11.6, 'circle_concentration': 75.6, 'eligible_count': 6, 'bet_adj': 0, 'reason': 'rel_win1=59.4%（本命度） / 最有力組み合わせ確率: 0.115（推定実オッズ?12倍） / 2着集中度: 上位2艇 75.6%（補正+0.04） / 総合判定確率: 0.155 / → ヒモはやや固め。上位2艇以外を切ること', 'tenji_trigger': '展示確認: 1号艇伸び良→そのまま採用。悪→飛び組に差し替え。circle_pct上位2艇に絞り込むこと。'}",,,26.7,逃げ狙い,13.72,28,3,,,,,0,0,0.7559,0,,逃げ軸流し,A
2025-09-07,丸亀,7,2,北川敏弘,B1,0.00,2,△,8.225,22.7,55,37.2,0.1822,3.9314,,,0,低,115,0,差0% ま0%,345 52,0,19.8,0.6521,0,0.0385,0.0385,0,0,0.3106,0.0706,0.2141,,,C,,,0.1017,0.55,,0.467,S,80,0,◎1着固定 2-3着流し（5〜8点）,0.5777,"{'is_target': True, 'verdict': '点数絞り', 'max_combo_prob': 0.1152, 'est_top_odds': 11.6, 'circle_concentration': 75.6, 'eligible_count': 6, 'bet_adj': 0, 'reason': 'rel_win1=59.4%（本命度） / 最有力組み合わせ確率: 0.115（推定実オッズ?12倍） / 2着集中度: 上位2艇 75.6%（補正+0.04） / 総合判定確率: 0.155 / → ヒモはやや固め。上位2艇以外を切ること', 'tenji_trigger': '展示確認: 1号艇伸び良→そのまま採用。悪→飛び組に差し替え。circle_pct上位2艇に絞り込むこと。'}",,,26.7,逃げ狙い,13.72,28,3,,,,,,,,,,,
2025-09-07,丸亀,7,3,渡辺　崇,B1,0.00,3,○,12.6147,53,62,65.6,0.1516,3.2656,,,0,低,135,0,-,554 35,0,50,0.9823,0,0.087,0.087,0.0435,0,0.075,0.315,0.025,,◎,C,△,,0.3599,0.608,,0.467,S,80,0,◎1着固定 2-3着流し（5〜8点）,0.5777,"{'is_target': True, 'verdict': '点数絞り', 'max_combo_prob': 0.1152, 'est_top_odds': 11.6, 'circle_concentration': 75.6, 'eligible_count': 6, 'bet_adj': 0, 'reason': 'rel_win1=59.4%（本命度） / 最有力組み合わせ確率: 0.115（推定実オッズ?12倍） / 2着集中度: 上位2艇 75.6%（補正+0.04） / 総合判定確率: 0.155 / → ヒモはやや固め。上位2艇以外を切ること', 'tenji_trigger': '展示確認: 1号艇伸び良→そのまま採用。悪→飛び組に差し替え。circle_pct上位2艇に絞り込むこと。'}",,,26.7,逃げ狙い,13.72,28,3,,,,,,,,,,,
2025-09-07,丸亀,7,4,石倉拓美,B2,0.00,4,▲,7.7799,10.7,54,6.7,0.1627,3.3667,,,0,低,47,0,-,6 5 64,0,37.3,0.6613,,,,,,0.3333,0.3333,0,,,C,,,0.3187,0.555,,0.467,S,80,0,◎1着固定 2-3着流し（5〜8点）,0.5777,"{'is_target': True, 'verdict': '点数絞り', 'max_combo_prob': 0.1152, 'est_top_odds': 11.6, 'circle_concentration': 75.6, 'eligible_count': 6, 'bet_adj': 0, 'reason': 'rel_win1=59.4%（本命度） / 最有力組み合わせ確率: 0.115（推定実オッズ?12倍） / 2着集中度: 上位2艇 75.6%（補正+0.04） / 総合判定確率: 0.155 / → ヒモはやや固め。上位2艇以外を切ること', 'tenji_trigger': '展示確認: 1号艇伸び良→そのまま採用。悪→飛び組に差し替え。circle_pct上位2艇に絞り込むこと。'}",,,26.7,逃げ狙い,13.72,28,3,,,,,,,,,,,
2025-09-07,丸亀,7,5,中島真二,B1,0.00,5,,5.4696,10.1,64,36.2,0.1875,3.9565,,,0,低,161,0,-,4 356,0,65.9,1.0743,,,,,,0.0211,0.4053,0.0421,,,C,○,,0.2394,0.6155,,0.467,S,80,0,◎1着固定 2-3着流し（5〜8点）,0.5777,"{'is_target': True, 'verdict': '点数絞り', 'max_combo_prob': 0.1152, 'est_top_odds': 11.6, 'circle_concentration': 75.6, 'eligible_count': 6, 'bet_adj': 0, 'reason': 'rel_win1=59.4%（本命度） / 最有力組み合わせ確率: 0.115（推定実オッズ?12倍） / 2着集中度: 上位2艇 75.6%（補正+0.04） / 総合判定確率: 0.155 / → ヒモはやや固め。上位2艇以外を切ること', 'tenji_trigger': '展示確認: 1号艇伸び良→そのまま採用。悪→飛び組に差し替え。circle_pct上位2艇に絞り込むこと。'}",,,26.7,逃げ狙い,13.72,28,3,,,,,,,,,,,
2025-09-07,丸亀,7,6,濱本優一,A2,0.00,6,,6.5066,3.6,100,47.6,0.1937,4.373,,,0,低,141,0,-,421134,0,31.8,0.7431,0,0,0,0.069,0.0345,0.0429,0.1629,0,,,C,△,,0.1976,0.61,,0.467,S,80,0,◎1着固定 2-3着流し（5〜8点）,0.5777,"{'is_target': True, 'verdict': '点数絞り', 'max_combo_prob': 0.1152, 'est_top_odds': 11.6, 'circle_concentration': 75.6, 'eligible_count': 6, 'bet_adj': 0, 'reason': 'rel_win1=59.4%（本命度） / 最有力組み合わせ確率: 0.115（推定実オッズ?12倍） / 2着集中度: 上位2艇 75.6%（補正+0.04） / 総合判定確率: 0.155 / → ヒモはやや固め。上位2艇以外を切ること', 'tenji_trigger': '展示確認: 1号艇伸び良→そのまま採用。悪→飛び組に差し替え。circle_pct上位2艇に絞り込むこと。'}",,,26.7,逃げ狙い,13.72,28,3,,,,,,,,,,,
2025-09-07,丸亀,8,1,濱野斗馬,A1,0.00,1,◎,72.5941,,0,94.4,0.118,1.9907,,,0,低,40,0,逃1%,513331,0,75.9,1.119,0.7419,,,,,0.0968,0,0.0323,◎,,C,○,,,0.638,,0.8026,S,100,0,◎1着固定 2-3着流し（5〜8点）,0.5777,"{'is_target': True, 'verdict': '点数絞り', 'max_combo_prob': 0.1538, 'est_top_odds': 8.7, 'circle_concentration': 71.1, 'eligible_count': 6, 'bet_adj': 0, 'reason': 'rel_win1=72.6%（本命度） / 最有力組み合わせ確率: 0.154（推定実オッズ?9倍） / 2着集中度: 上位2艇 71.1%（補正+0.04） / 総合判定確率: 0.194 / → ヒモはやや固め。上位2艇以外を切ること', 'tenji_trigger': '展示確認: 1号艇伸び良→そのまま採用。悪→飛び組に差し替え。circle_pct上位2艇に絞り込むこと。\n展示で1号艇スタート超安定(0.118秒)→ヒモ固まり方向に注意'}",,,25.6,逃げ狙い,15.24,23.5,2,,,,,0,0,0.7559,0,,逃げ軸流し,A
2025-09-07,丸亀,8,2,浅見昌克,A2,0.00,2,○,13.4516,56.4,84,70.7,0.1484,2.9655,,,0,低,84,0,差0% 抜0%,451 45,0,54.4,1.1397,0,0.1613,0,0,0.0323,0,0.0882,0.1471,,,C,△,,0.0874,0.6215,,0.8026,S,100,0,◎1着固定 2-3着流し（5〜8点）,0.5777,"{'is_target': True, 'verdict': '点数絞り', 'max_combo_prob': 0.1538, 'est_top_odds': 8.7, 'circle_concentration': 71.1, 'eligible_count': 6, 'bet_adj': 0, 'reason': 'rel_win1=72.6%（本命度） / 最有力組み合わせ確率: 0.154（推定実オッズ?9倍） / 2着集中度: 上位2艇 71.1%（補正+0.04） / 総合判定確率: 0.194 / → ヒモはやや固め。上位2艇以外を切ること', 'tenji_trigger': '展示確認: 1号艇伸び良→そのまま採用。悪→飛び組に差し替え。circle_pct上位2艇に絞り込むこと。\n展示で1号艇スタート超安定(0.118秒)→ヒモ固まり方向に注意'}",,,25.6,逃げ狙い,15.24,23.5,2,,,,,,,,,,,
2025-09-07,丸亀,8,3,西川真人,B1,0.00,3,△,4.661,14.2,77,33.3,0.1764,3.6594,,,0,低,172,0,-,6 462,0,16.7,0.5363,,,,,,0.2227,0.2409,0.1114,,,C,△,,0.1333,0.6345,,0.8026,S,100,0,◎1着固定 2-3着流し（5〜8点）,0.5777,"{'is_target': True, 'verdict': '点数絞り', 'max_combo_prob': 0.1538, 'est_top_odds': 8.7, 'circle_concentration': 71.1, 'eligible_count': 6, 'bet_adj': 0, 'reason': 'rel_win1=72.6%（本命度） / 最有力組み合わせ確率: 0.154（推定実オッズ?9倍） / 2着集中度: 上位2艇 71.1%（補正+0.04） / 総合判定確率: 0.194 / → ヒモはやや固め。上位2艇以外を切ること', 'tenji_trigger': '展示確認: 1号艇伸び良→そのまま採用。悪→飛び組に差し替え。circle_pct上位2艇に絞り込むこと。\n展示で1号艇スタート超安定(0.118秒)→ヒモ固まり方向に注意'}",,,25.6,逃げ狙い,15.24,23.5,2,,,,,,,,,,,
2025-09-07,丸亀,8,4,小林文彦,A2,0.00,4,,5.2875,14.8,100,53.6,0.1945,4.587,,,0,低,166,0,差ま0%,3 3461,0,48.5,0.8015,0,0,0.0294,0.0294,0,0.0143,0.2286,0.1143,,,C,,,0.1062,0.5995,,0.8026,S,100,0,◎1着固定 2-3着流し（5〜8点）,0.5777,"{'is_target': True, 'verdict': '点数絞り', 'max_combo_prob': 0.1538, 'est_top_odds': 8.7, 'circle_concentration': 71.1, 'eligible_count': 6, 'bet_adj': 0, 'reason': 'rel_win1=72.6%（本命度） / 最有力組み合わせ確率: 0.154（推定実オッズ?9倍） / 2着集中度: 上位2艇 71.1%（補正+0.04） / 総合判定確率: 0.194 / → ヒモはやや固め。上位2艇以外を切ること', 'tenji_trigger': '展示確認: 1号艇伸び良→そのまま採用。悪→飛び組に差し替え。circle_pct上位2艇に絞り込むこと。\n展示で1号艇スタート超安定(0.118秒)→ヒモ固まり方向に注意'}",,,25.6,逃げ狙い,15.24,23.5,2,,,,,,,,,,,
2025-09-07,丸亀,8,5,小澤和也,B1,0.00,5,,3.0222,10.5,40,25.9,0.1807,3.6379,,,0,低,134,0,-,2 663,0,100,1.9817,0,0.037,0,0,0,0.3242,0.0632,0.1411,,,C,,,0.1067,0.612,,0.8026,S,100,0,◎1着固定 2-3着流し（5〜8点）,0.5777,"{'is_target': True, 'verdict': '点数絞り', 'max_combo_prob': 0.1538, 'est_top_odds': 8.7, 'circle_concentration': 71.1, 'eligible_count': 6, 'bet_adj': 0, 'reason': 'rel_win1=72.6%（本命度） / 最有力組み合わせ確率: 0.154（推定実オッズ?9倍） / 2着集中度: 上位2艇 71.1%（補正+0.04） / 総合判定確率: 0.194 / → ヒモはやや固め。上位2艇以外を切ること', 'tenji_trigger': '展示確認: 1号艇伸び良→そのまま採用。悪→飛び組に差し替え。circle_pct上位2艇に絞り込むこと。\n展示で1号艇スタート超安定(0.118秒)→ヒモ固まり方向に注意'}",,,25.6,逃げ狙い,15.24,23.5,2,,,,,,,,,,,
2025-09-07,丸亀,8,6,大崎　翔,B1,0.00,6,▲,0.9836,4.2,49,23.6,0.1664,3.8091,,,0,低,117,0,-,6 534,0,31.6,1.0583,,,,,,0.3127,0.0727,0.1745,,,C,◎,,0.16,0.643,,0.8026,S,100,0,◎1着固定 2-3着流し（5〜8点）,0.5777,"{'is_target': True, 'verdict': '点数絞り', 'max_combo_prob': 0.1538, 'est_top_odds': 8.7, 'circle_concentration': 71.1, 'eligible_count': 6, 'bet_adj': 0, 'reason': 'rel_win1=72.6%（本命度） / 最有力組み合わせ確率: 0.154（推定実オッズ?9倍） / 2着集中度: 上位2艇 71.1%（補正+0.04） / 総合判定確率: 0.194 / → ヒモはやや固め。上位2艇以外を切ること', 'tenji_trigger': '展示確認: 1号艇伸び良→そのまま採用。悪→飛び組に差し替え。circle_pct上位2艇に絞り込むこと。\n展示で1号艇スタート超安定(0.118秒)→ヒモ固まり方向に注意'}",,,25.6,逃げ狙い,15.24,23.5,2,,,,,,,,,,,
2025-09-07,丸亀,9,1,森安弘雅,A2,0.00,1,◎,49.7131,,0,78.2,0.1765,3.4727,,,0,低,178,0,抜0%,34144,0,85.1,1.1003,0.3333,,,,,0.0167,0.1833,0.2,△,,C,,,,0.6065,,0.3089,B,58,0,◎○△フォーメーション（15〜20点）,0.5777,"{'is_target': True, 'verdict': '参加推奨', 'max_combo_prob': 0.0679, 'est_top_odds': 19.7, 'circle_concentration': 82.7, 'eligible_count': 9, 'bet_adj': 2, 'reason': 'rel_win1=49.7%（本命度） / 最有力組み合わせ確率: 0.068（推定実オッズ?20倍） / 2着集中度: 上位2艇 82.7%（補正+0.04） / 総合判定確率: 0.108 / → ヒモ分散。1号艇1着固定で広めのヒモ流し推奨（買い目+2点）', 'tenji_trigger': '展示確認: ヒモ分散レース。1号艇伸び確認後、広めのヒモ流しを採用。穴ヒモ（5・6号艇）を積極的に含める。'}",,,34.3,両建て推奨,20.39,29.8,3,2-1-3|1-2-5|1-2-3|1-3-2|1-3-5|1-5-2,6-1-3|2-1-3|5-1-6|6-3-1|5-6-1|6-1-4|6-1-5|1-2-5|1-2-3|1-3-2|1-3-5|1-5-2,2-1-3:3.24%|1-2-5:8.0%|1-2-3:7.73%|1-3-2:6.88%|1-3-5:6.04%|1-5-2:3.18%,2-1-3:B_main|1-2-5:A|1-2-3:A|1-3-2:A|1-3-5:A|1-5-2:A,6,12,0.4535,1,[!]見送り推奨（主役決まり手「差し」― 逃げ劣勢レースで的中実績なし）,荒れ広め,D
2025-09-07,丸亀,9,2,坂元浩仁,A2,0.00,2,▲,18.696,49,73,86.4,0.142,2.6441,,,0,低,89,0,差0% ま0% 抜0%,55151,0,83.3,1.419,0,0.1154,0.1154,0,0.0385,0.0098,0.1345,0.0195,,◎,C,◎,,0.5803,0.6735,,0.3089,B,58,0,◎○△フォーメーション（15〜20点）,0.5777,"{'is_target': True, 'verdict': '参加推奨', 'max_combo_prob': 0.0679, 'est_top_odds': 19.7, 'circle_concentration': 82.7, 'eligible_count': 9, 'bet_adj': 2, 'reason': 'rel_win1=49.7%（本命度） / 最有力組み合わせ確率: 0.068（推定実オッズ?20倍） / 2着集中度: 上位2艇 82.7%（補正+0.04） / 総合判定確率: 0.108 / → ヒモ分散。1号艇1着固定で広めのヒモ流し推奨（買い目+2点）', 'tenji_trigger': '展示確認: ヒモ分散レース。1号艇伸び確認後、広めのヒモ流しを採用。穴ヒモ（5・6号艇）を積極的に含める。'}",,,34.3,両建て推奨,20.39,29.8,3,,,,,,,,,,,
2025-09-07,丸亀,9,3,廣瀬将亨,A2,0.00,3,○,19.8304,33.7,76,76.1,0.1367,2.7015,,,0,低,86,0,-,546123,0,43.5,0.8342,0,0,0.1053,0.1053,0.0263,0.0293,0.198,0.0293,,○,C,△,,0.5004,0.64,,0.3089,B,58,0,◎○△フォーメーション（15〜20点）,0.5777,"{'is_target': True, 'verdict': '参加推奨', 'max_combo_prob': 0.0679, 'est_top_odds': 19.7, 'circle_concentration': 82.7, 'eligible_count': 9, 'bet_adj': 2, 'reason': 'rel_win1=49.7%（本命度） / 最有力組み合わせ確率: 0.068（推定実オッズ?20倍） / 2着集中度: 上位2艇 82.7%（補正+0.04） / 総合判定確率: 0.108 / → ヒモ分散。1号艇1着固定で広めのヒモ流し推奨（買い目+2点）', 'tenji_trigger': '展示確認: ヒモ分散レース。1号艇伸び確認後、広めのヒモ流しを採用。穴ヒモ（5・6号艇）を積極的に含める。'}",,,34.3,両建て推奨,20.39,29.8,3,,,,,,,,,,,
2025-09-07,丸亀,9,4,伊達正利,B1,0.00,4,,4.6268,7.3,89,38.2,0.1896,4.1,,,0,低,160,0,ま0%,562 14,0,23.5,0.7379,0,0,0.04,0,0,0.0455,0.0455,0.0455,,,C,△,,0.2596,0.6165,,0.3089,B,58,0,◎○△フォーメーション（15〜20点）,0.5777,"{'is_target': True, 'verdict': '参加推奨', 'max_combo_prob': 0.0679, 'est_top_odds': 19.7, 'circle_concentration': 82.7, 'eligible_count': 9, 'bet_adj': 2, 'reason': 'rel_win1=49.7%（本命度） / 最有力組み合わせ確率: 0.068（推定実オッズ?20倍） / 2着集中度: 上位2艇 82.7%（補正+0.04） / 総合判定確率: 0.108 / → ヒモ分散。1号艇1着固定で広めのヒモ流し推奨（買い目+2点）', 'tenji_trigger': '展示確認: ヒモ分散レース。1号艇伸び確認後、広めのヒモ流しを採用。穴ヒモ（5・6号艇）を積極的に含める。'}",,,34.3,両建て推奨,20.39,29.8,3,,,,,,,,,,,
2025-09-07,丸亀,9,5,永嶋裕一,B1,0.00,5,△,4.0401,6.4,100,43.9,0.1533,3.3772,,,0,低,92,0,差0% ま0%,315 35,0,63.3,1.144,0,0.0417,0.0417,0,0,0.0333,0.1591,0.1424,,,C,○,,0.3893,0.6425,,0.3089,B,58,0,◎○△フォーメーション（15〜20点）,0.5777,"{'is_target': True, 'verdict': '参加推奨', 'max_combo_prob': 0.0679, 'est_top_odds': 19.7, 'circle_concentration': 82.7, 'eligible_count': 9, 'bet_adj': 2, 'reason': 'rel_win1=49.7%（本命度） / 最有力組み合わせ確率: 0.068（推定実オッズ?20倍） / 2着集中度: 上位2艇 82.7%（補正+0.04） / 総合判定確率: 0.108 / → ヒモ分散。1号艇1着固定で広めのヒモ流し推奨（買い目+2点）', 'tenji_trigger': '展示確認: ヒモ分散レース。1号艇伸び確認後、広めのヒモ流しを採用。穴ヒモ（5・6号艇）を積極的に含める。'}",,,34.3,両建て推奨,20.39,29.8,3,,,,,,,,,,,
2025-09-07,丸亀,9,6,中島昂章,B1,0.00,6,,3.0936,3.6,94,33.3,0.2379,5.3205,,,0,低,119,0,-,3 554,0,30.1,1.305,,,,,,0.1058,0,0.2731,,,C,,,0.1657,0.5805,,0.3089,B,58,0,◎○△フォーメーション（15〜20点）,0.5777,"{'is_target': True, 'verdict': '参加推奨', 'max_combo_prob': 0.0679, 'est_top_odds': 19.7, 'circle_concentration': 82.7, 'eligible_count': 9, 'bet_adj': 2, 'reason': 'rel_win1=49.7%（本命度） / 最有力組み合わせ確率: 0.068（推定実オッズ?20倍） / 2着集中度: 上位2艇 82.7%（補正+0.04） / 総合判定確率: 0.108 / → ヒモ分散。1号艇1着固定で広めのヒモ流し推奨（買い目+2点）', 'tenji_trigger': '展示確認: ヒモ分散レース。1号艇伸び確認後、広めのヒモ流しを採用。穴ヒモ（5・6号艇）を積極的に含める。'}",,,34.3,両建て推奨,20.39,29.8,3,,,,,,,,,,,
2025-09-07,丸亀,10,1,宮本夏樹,B1,0.00,1,◎,56.8003,,0,85.1,0.1634,3.383,,,0,低,86,0,逃0%,231 43,0,78.6,1.0979,0.3333,,,,,0.1111,0.1111,0.2222,○,,C,,,,0.622,,0.3773,A,71,0,◎-○軸 3着3〜4艇流し（10〜15点）,0.5777,"{'is_target': True, 'verdict': '参加推奨', 'max_combo_prob': 0.094, 'est_top_odds': 14.2, 'circle_concentration': 68.3, 'eligible_count': 8, 'bet_adj': 2, 'reason': 'rel_win1=56.8%（本命度） / 最有力組み合わせ確率: 0.094（推定実オッズ?14倍） / 2着集中度: 上位2艇 68.3%（補正+0.00） / 総合判定確率: 0.094 / → ヒモ分散。1号艇1着固定で広めのヒモ流し推奨（買い目+2点）', 'tenji_trigger': '展示確認: ヒモ分散レース。1号艇伸び確認後、広めのヒモ流しを採用。穴ヒモ（5・6号艇）を積極的に含める。'}",,,30,逃げ狙い,20.77,31.3,2,,,,,0,0,0.6155,0,,主役軸流し,B
2025-09-07,丸亀,10,2,権藤俊光,A2,0.00,2,○,20.703,41.2,72,81.2,0.1497,2.8438,,,0,低,50,0,差0% ま0% 抜0%,113654,0,71.3,1.3698,0,0.4706,0.0588,0,0.0588,0.0727,0.1864,0.0182,,◎,C,◎,,0.545,0.6615,,0.3773,A,71,0,◎-○軸 3着3〜4艇流し（10〜15点）,0.5777,"{'is_target': True, 'verdict': '参加推奨', 'max_combo_prob': 0.094, 'est_top_odds': 14.2, 'circle_concentration': 68.3, 'eligible_count': 8, 'bet_adj': 2, 'reason': 'rel_win1=56.8%（本命度） / 最有力組み合わせ確率: 0.094（推定実オッズ?14倍） / 2着集中度: 上位2艇 68.3%（補正+0.00） / 総合判定確率: 0.094 / → ヒモ分散。1号艇1着固定で広めのヒモ流し推奨（買い目+2点）', 'tenji_trigger': '展示確認: ヒモ分散レース。1号艇伸び確認後、広めのヒモ流しを採用。穴ヒモ（5・6号艇）を積極的に含める。'}",,,30,逃げ狙い,20.77,31.3,2,,,,,,,,,,,
2025-09-07,丸亀,10,3,山崎裕司,A2,0.00,3,△,10.5825,27.1,64,63.5,0.1685,3.6284,,,0,低,130,0,-,414253,0,90.2,1.7923,0,0.0256,0.0513,0.0513,0,0.0279,0.0779,0.1465,,,C,△,,0.2495,0.656,,0.3773,A,71,0,◎-○軸 3着3〜4艇流し（10〜15点）,0.5777,"{'is_target': True, 'verdict': '参加推奨', 'max_combo_prob': 0.094, 'est_top_odds': 14.2, 'circle_concentration': 68.3, 'eligible_count': 8, 'bet_adj': 2, 'reason': 'rel_win1=56.8%（本命度） / 最有力組み合わせ確率: 0.094（推定実オッズ?14倍） / 2着集中度: 上位2艇 68.3%（補正+0.00） / 総合判定確率: 0.094 / → ヒモ分散。1号艇1着固定で広めのヒモ流し推奨（買い目+2点）', 'tenji_trigger': '展示確認: ヒモ分散レース。1号艇伸び確認後、広めのヒモ流しを採用。穴ヒモ（5・6号艇）を積極的に含める。'}",,,30,逃げ狙い,20.77,31.3,2,,,,,,,,,,,
2025-09-07,丸亀,10,4,前田　翔,A1,0.00,4,▲,8.0077,23,100,83.9,0.1603,3.7258,,,0,低,48,0,ま0% 差ま0%,142323,0,80.1,1.4826,0,0,0.0714,0.0714,0,0.0952,0.0476,0.0952,,,C,○,,0.3119,0.6585,,0.3773,A,71,0,◎-○軸 3着3〜4艇流し（10〜15点）,0.5777,"{'is_target': True, 'verdict': '参加推奨', 'max_combo_prob': 0.094, 'est_top_odds': 14.2, 'circle_concentration': 68.3, 'eligible_count': 8, 'bet_adj': 2, 'reason': 'rel_win1=56.8%（本命度） / 最有力組み合わせ確率: 0.094（推定実オッズ?14倍） / 2着集中度: 上位2艇 68.3%（補正+0.00） / 総合判定確率: 0.094 / → ヒモ分散。1号艇1着固定で広めのヒモ流し推奨（買い目+2点）', 'tenji_trigger': '展示確認: ヒモ分散レース。1号艇伸び確認後、広めのヒモ流しを採用。穴ヒモ（5・6号艇）を積極的に含める。'}",,,30,逃げ狙い,20.77,31.3,2,,,,,,,,,,,
2025-09-07,丸亀,10,5,吉岡　誠,B1,0.00,5,,2.2114,5.5,46,23.5,0.1691,3.1618,,,0,低,74,0,-,2 145,0,25.8,0.7112,,,,,,0.2727,0.0909,0.1818,,,C,,,0.2935,0.573,,0.3773,A,71,0,◎-○軸 3着3〜4艇流し（10〜15点）,0.5777,"{'is_target': True, 'verdict': '参加推奨', 'max_combo_prob': 0.094, 'est_top_odds': 14.2, 'circle_concentration': 68.3, 'eligible_count': 8, 'bet_adj': 2, 'reason': 'rel_win1=56.8%（本命度） / 最有力組み合わせ確率: 0.094（推定実オッズ?14倍） / 2着集中度: 上位2艇 68.3%（補正+0.00） / 総合判定確率: 0.094 / → ヒモ分散。1号艇1着固定で広めのヒモ流し推奨（買い目+2点）', 'tenji_trigger': '展示確認: ヒモ分散レース。1号艇伸び確認後、広めのヒモ流しを採用。穴ヒモ（5・6号艇）を積極的に含める。'}",,,30,逃げ狙い,20.77,31.3,2,,,,,,,,,,,
2025-09-07,丸亀,10,6,間嶋仁志,A2,0.00,6,,1.6951,3.2,39,,,,,,0,低,136,1,-,4 2234,0,,,,,,,,,,,,,C,△,◎,0.31,0.6285,0.15,0.3773,A,71,0,◎-○軸 3着3〜4艇流し（10〜15点）,0.5777,"{'is_target': True, 'verdict': '参加推奨', 'max_combo_prob': 0.094, 'est_top_odds': 14.2, 'circle_concentration': 68.3, 'eligible_count': 8, 'bet_adj': 2, 'reason': 'rel_win1=56.8%（本命度） / 最有力組み合わせ確率: 0.094（推定実オッズ?14倍） / 2着集中度: 上位2艇 68.3%（補正+0.00） / 総合判定確率: 0.094 / → ヒモ分散。1号艇1着固定で広めのヒモ流し推奨（買い目+2点）', 'tenji_trigger': '展示確認: ヒモ分散レース。1号艇伸び確認後、広めのヒモ流しを採用。穴ヒモ（5・6号艇）を積極的に含める。'}",,,30,逃げ狙い,20.77,31.3,2,,,,,,,,,,,
2025-09-07,丸亀,11,1,濱本優一,A2,0.00,1,◎,62.3694,,0,96.3,0.1468,2.5244,,,0,低,141,0,逃1%,421134,0,92.2,1.235,0.7857,,,,,0.0429,0.1629,0,◎,,C,,,,0.61,,0.6172,S,80,0,◎1着固定 2-3着流し（5〜8点）,0.5777,"{'is_target': True, 'verdict': '参加推奨', 'max_combo_prob': 0.0632, 'est_top_odds': 21.1, 'circle_concentration': 62.8, 'eligible_count': 6, 'bet_adj': 2, 'reason': 'rel_win1=62.4%（本命度） / 最有力組み合わせ確率: 0.063（推定実オッズ?21倍） / 2着集中度: 上位2艇 62.8%（補正+0.00） / 総合判定確率: 0.063 / → ヒモ分散。1号艇1着固定で広めのヒモ流し推奨（買い目+2点）', 'tenji_trigger': '展示確認: ヒモ分散レース。1号艇伸び確認後、広めのヒモ流しを採用。穴ヒモ（5・6号艇）を積極的に含める。'}",,,27.3,逃げ狙い,17.62,26.3,2,,,,,0,0,0.7559,0,,逃げ軸流し,A
2025-09-07,丸亀,11,2,一瀬　明,A2,0.00,2,△,14.6502,31.4,100,69.6,0.1694,4.2319,,,0,低,121,0,-,132 52,0,57.7,0.8938,0,0.0909,0,0,0.0303,0.0205,0.0853,0.2322,,,C,◎,,0.094,0.675,,0.6172,S,80,0,◎1着固定 2-3着流し（5〜8点）,0.5777,"{'is_target': True, 'verdict': '参加推奨', 'max_combo_prob': 0.0632, 'est_top_odds': 21.1, 'circle_concentration': 62.8, 'eligible_count': 6, 'bet_adj': 2, 'reason': 'rel_win1=62.4%（本命度） / 最有力組み合わせ確率: 0.063（推定実オッズ?21倍） / 2着集中度: 上位2艇 62.8%（補正+0.00） / 総合判定確率: 0.063 / → ヒモ分散。1号艇1着固定で広めのヒモ流し推奨（買い目+2点）', 'tenji_trigger': '展示確認: ヒモ分散レース。1号艇伸び確認後、広めのヒモ流しを採用。穴ヒモ（5・6号艇）を積極的に含める。'}",,,27.3,逃げ狙い,17.62,26.3,2,,,,,,,,,,,
2025-09-07,丸亀,11,3,村田修次,A2,0.00,3,○,8.7296,31.4,77,69.4,0.1441,2.9592,,,0,低,93,0,ま0% 差ま0%,23451S,0,49.1,1.17,0,0,0.1,0.05,0,0.0625,0.1107,0.2214,,,C,○,,0.3129,0.6435,,0.6172,S,80,0,◎1着固定 2-3着流し（5〜8点）,0.5777,"{'is_target': True, 'verdict': '参加推奨', 'max_combo_prob': 0.0632, 'est_top_odds': 21.1, 'circle_concentration': 62.8, 'eligible_count': 6, 'bet_adj': 2, 'reason': 'rel_win1=62.4%（本命度） / 最有力組み合わせ確率: 0.063（推定実オッズ?21倍） / 2着集中度: 上位2艇 62.8%（補正+0.00） / 総合判定確率: 0.063 / → ヒモ分散。1号艇1着固定で広めのヒモ流し推奨（買い目+2点）', 'tenji_trigger': '展示確認: ヒモ分散レース。1号艇伸び確認後、広めのヒモ流しを採用。穴ヒモ（5・6号艇）を積極的に含める。'}",,,27.3,逃げ狙い,17.62,26.3,2,,,,,,,,,,,
2025-09-07,丸亀,11,4,齋藤達希,B1,0.00,4,,4.3829,12.7,70,38.9,0.1886,4.3958,,,0,低,155,0,差0%,2 531,0,24.4,0.7662,0,0.0345,0,0,0,0.0222,0.56,0.1422,,,C,△,,0.1165,0.6375,,0.6172,S,80,0,◎1着固定 2-3着流し（5〜8点）,0.5777,"{'is_target': True, 'verdict': '参加推奨', 'max_combo_prob': 0.0632, 'est_top_odds': 21.1, 'circle_concentration': 62.8, 'eligible_count': 6, 'bet_adj': 2, 'reason': 'rel_win1=62.4%（本命度） / 最有力組み合わせ確率: 0.063（推定実オッズ?21倍） / 2着集中度: 上位2艇 62.8%（補正+0.00） / 総合判定確率: 0.063 / → ヒモ分散。1号艇1着固定で広めのヒモ流し推奨（買い目+2点）', 'tenji_trigger': '展示確認: ヒモ分散レース。1号艇伸び確認後、広めのヒモ流しを採用。穴ヒモ（5・6号艇）を積極的に含める。'}",,,27.3,逃げ狙い,17.62,26.3,2,,,,,,,,,,,
2025-09-07,丸亀,11,5,松尾　拓,A2,0.00,5,,7.6196,19.1,85,62.3,0.1767,3.4918,,,0,低,111,0,差ま0%,11425,0,66.9,1.3069,0,0,0,0.16,0.04,0.2333,0.0222,0.0333,,,C,,◎,0.2189,0.6325,0.3188,0.6172,S,80,0,◎1着固定 2-3着流し（5〜8点）,0.5777,"{'is_target': True, 'verdict': '参加推奨', 'max_combo_prob': 0.0632, 'est_top_odds': 21.1, 'circle_concentration': 62.8, 'eligible_count': 6, 'bet_adj': 2, 'reason': 'rel_win1=62.4%（本命度） / 最有力組み合わせ確率: 0.063（推定実オッズ?21倍） / 2着集中度: 上位2艇 62.8%（補正+0.00） / 総合判定確率: 0.063 / → ヒモ分散。1号艇1着固定で広めのヒモ流し推奨（買い目+2点）', 'tenji_trigger': '展示確認: ヒモ分散レース。1号艇伸び確認後、広めのヒモ流しを採用。穴ヒモ（5・6号艇）を積極的に含める。'}",,,27.3,逃げ狙い,17.62,26.3,2,,,,,,,,,,,
2025-09-07,丸亀,11,6,濱野斗馬,A1,0.00,6,▲,2.2483,5.4,55,36.7,0.1433,4.0167,,,0,低,40,0,-,513331,0,33.2,1.2533,,,,,,0.0968,0,0.0323,,,C,△,,0.3211,0.638,,0.6172,S,80,0,◎1着固定 2-3着流し（5〜8点）,0.5777,"{'is_target': True, 'verdict': '参加推奨', 'max_combo_prob': 0.0632, 'est_top_odds': 21.1, 'circle_concentration': 62.8, 'eligible_count': 6, 'bet_adj': 2, 'reason': 'rel_win1=62.4%（本命度） / 最有力組み合わせ確率: 0.063（推定実オッズ?21倍） / 2着集中度: 上位2艇 62.8%（補正+0.00） / 総合判定確率: 0.063 / → ヒモ分散。1号艇1着固定で広めのヒモ流し推奨（買い目+2点）', 'tenji_trigger': '展示確認: ヒモ分散レース。1号艇伸び確認後、広めのヒモ流しを採用。穴ヒモ（5・6号艇）を積極的に含める。'}",,,27.3,逃げ狙い,17.62,26.3,2,,,,,,,,,,,
2025-09-07,丸亀,12,1,青木玄太,A1,0.00,1,◎,59.1921,,0,93.8,0.1663,3.4062,,,0,低,75,0,逃1%,222121,0,89.7,1.1969,0.6875,,,,,0,0.0625,0.1875,◎,,C,,,,0.586,,0.4915,A,71,0,◎-○軸 3着3〜4艇流し（10〜15点）,0.5777,"{'is_target': True, 'verdict': '参加推奨', 'max_combo_prob': 0.0541, 'est_top_odds': 24.6, 'circle_concentration': 57.6, 'eligible_count': 8, 'bet_adj': 2, 'reason': 'rel_win1=59.2%（本命度） / 最有力組み合わせ確率: 0.054（推定実オッズ?25倍） / 2着集中度: 上位2艇 57.6%（補正+0.00） / 総合判定確率: 0.054 / → ヒモ分散。1号艇1着固定で広めのヒモ流し推奨（買い目+2点）', 'tenji_trigger': '展示確認: ヒモ分散レース。1号艇伸び確認後、広めのヒモ流しを採用。穴ヒモ（5・6号艇）を積極的に含める。'}",,,29.4,逃げ狙い,23.69,27.1,4,,,,,0,0,0.7559,0,,逃げ軸流し,A
2025-09-07,丸亀,12,2,石井伸長,B1,0.00,2,,10.0924,27.4,100,54.5,0.22,4.4091,,,0,低,79,1,差0% 抜0%,142 42,0,79.2,0.8928,0,0.0909,0,0,0.0909,0,0.5,0.25,,,C,,,0.07,0.5655,,0.4915,A,71,0,◎-○軸 3着3〜4艇流し（10〜15点）,0.5777,"{'is_target': True, 'verdict': '参加推奨', 'max_combo_prob': 0.0541, 'est_top_odds': 24.6, 'circle_concentration': 57.6, 'eligible_count': 8, 'bet_adj': 2, 'reason': 'rel_win1=59.2%（本命度） / 最有力組み合わせ確率: 0.054（推定実オッズ?25倍） / 2着集中度: 上位2艇 57.6%（補正+0.00） / 総合判定確率: 0.054 / → ヒモ分散。1号艇1着固定で広めのヒモ流し推奨（買い目+2点）', 'tenji_trigger': '展示確認: ヒモ分散レース。1号艇伸び確認後、広めのヒモ流しを採用。穴ヒモ（5・6号艇）を積極的に含める。'}",,,29.4,逃げ狙い,23.69,27.1,4,,,,,,,,,,,
2025-09-07,丸亀,12,3,木山和幸,B1,0.00,3,▲,7.5838,30.3,83,54.4,0.1463,3.3603,,,0,低,135,0,差ま1%,125 62,0,39.1,0.9812,0,0,0.0357,0.0357,0,0.048,0.016,0.148,,○,C,△,,0.3841,0.6205,,0.4915,A,71,0,◎-○軸 3着3〜4艇流し（10〜15点）,0.5777,"{'is_target': True, 'verdict': '参加推奨', 'max_combo_prob': 0.0541, 'est_top_odds': 24.6, 'circle_concentration': 57.6, 'eligible_count': 8, 'bet_adj': 2, 'reason': 'rel_win1=59.2%（本命度） / 最有力組み合わせ確率: 0.054（推定実オッズ?25倍） / 2着集中度: 上位2艇 57.6%（補正+0.00） / 総合判定確率: 0.054 / → ヒモ分散。1号艇1着固定で広めのヒモ流し推奨（買い目+2点）', 'tenji_trigger': '展示確認: ヒモ分散レース。1号艇伸び確認後、広めのヒモ流しを採用。穴ヒモ（5・6号艇）を積極的に含める。'}",,,29.4,逃げ狙い,23.69,27.1,4,,,,,,,,,,,
2025-09-07,丸亀,12,4,仲口博崇,A1,0.00,4,,12.8202,20.1,95,66.7,0.1684,3.8556,,,0,低,98,0,-,253125,0,43.3,0.937,0,0.05,0.05,0.15,0.05,0.161,0.0908,0.1421,,,C,△,○,0.3032,0.663,0.293,0.4915,A,71,0,◎-○軸 3着3〜4艇流し（10〜15点）,0.5777,"{'is_target': True, 'verdict': '参加推奨', 'max_combo_prob': 0.0541, 'est_top_odds': 24.6, 'circle_concentration': 57.6, 'eligible_count': 8, 'bet_adj': 2, 'reason': 'rel_win1=59.2%（本命度） / 最有力組み合わせ確率: 0.054（推定実オッズ?25倍） / 2着集中度: 上位2艇 57.6%（補正+0.00） / 総合判定確率: 0.054 / → ヒモ分散。1号艇1着固定で広めのヒモ流し推奨（買い目+2点）', 'tenji_trigger': '展示確認: ヒモ分散レース。1号艇伸び確認後、広めのヒモ流しを採用。穴ヒモ（5・6号艇）を積極的に含める。'}",,,29.4,逃げ狙い,23.69,27.1,4,,,,,,,,,,,
2025-09-07,丸亀,12,5,藤岡俊介,A1,0.00,5,○,7.2057,12.8,91,51.8,0.1376,2.9167,,,0,低,38,0,-,331421,0,29.1,0.706,0,0,0,0.0455,0.0455,0.0769,0.0256,0.0256,,,C,◎,◎,0.3729,0.6905,0.3401,0.4915,A,71,0,◎-○軸 3着3〜4艇流し（10〜15点）,0.5777,"{'is_target': True, 'verdict': '参加推奨', 'max_combo_prob': 0.0541, 'est_top_odds': 24.6, 'circle_concentration': 57.6, 'eligible_count': 8, 'bet_adj': 2, 'reason': 'rel_win1=59.2%（本命度） / 最有力組み合わせ確率: 0.054（推定実オッズ?25倍） / 2着集中度: 上位2艇 57.6%（補正+0.00） / 総合判定確率: 0.054 / → ヒモ分散。1号艇1着固定で広めのヒモ流し推奨（買い目+2点）', 'tenji_trigger': '展示確認: ヒモ分散レース。1号艇伸び確認後、広めのヒモ流しを採用。穴ヒモ（5・6号艇）を積極的に含める。'}",,,29.4,逃げ狙い,23.69,27.1,4,,,,,,,,,,,
2025-09-07,丸亀,12,6,赤坂俊輔,A1,0.00,6,△,3.1057,9.5,45,40,0.145,3.4,,,0,低,76,1,差0%,362312,0,25.3,1.5558,0,0.3333,0,0,0,0.0095,0.1321,0.0286,,◎,C,○,,0.4147,0.668,,0.4915,A,71,0,◎-○軸 3着3〜4艇流し（10〜15点）,0.5777,"{'is_target': True, 'verdict': '参加推奨', 'max_combo_prob': 0.0541, 'est_top_odds': 24.6, 'circle_concentration': 57.6, 'eligible_count': 8, 'bet_adj': 2, 'reason': 'rel_win1=59.2%（本命度） / 最有力組み合わせ確率: 0.054（推定実オッズ?25倍） / 2着集中度: 上位2艇 57.6%（補正+0.00） / 総合判定確率: 0.054 / → ヒモ分散。1号艇1着固定で広めのヒモ流し推奨（買い目+2点）', 'tenji_trigger': '展示確認: ヒモ分散レース。1号艇伸び確認後、広めのヒモ流しを採用。穴ヒモ（5・6号艇）を積極的に含める。'}",,,29.4,逃げ狙い,23.69,27.1,4,,,,,,,,,,,
2025-09-12,丸亀,1,1,原村拓也,B1,28.57,1,◎,57.5702,,0,71.1,0.1676,3.6222,,,0,低,159,0,逃1%,,0,71.5,0.9901,0.35,,,,,0.3114,0.1257,0.02,○,,B,△,,,0.5855,,0.3535,B,56,0,◎○△フォーメーション（15〜20点）,0.5777,"{'is_target': True, 'verdict': '点数絞り', 'max_combo_prob': 0.1054, 'est_top_odds': 12.7, 'circle_concentration': 74.4, 'eligible_count': 9, 'bet_adj': 0, 'reason': 'rel_win1=57.6%（本命度） / 最有力組み合わせ確率: 0.105（推定実オッズ?13倍） / 2着集中度: 上位2艇 74.4%（補正+0.04） / 総合判定確率: 0.145 / → ヒモはやや固め。上位2艇以外を切ること', 'tenji_trigger': '展示確認: 1号艇伸び良→そのまま採用。悪→飛び組に差し替え。circle_pct上位2艇に絞り込むこと。'}",,,29.7,両建て推奨,14.44,36,4,,,,,0,0,0.6155,0,,逃げ軸流し,A
2025-09-12,丸亀,1,2,田邉亮蔵,B1,0.00,2,,12.8673,51.2,92,53.8,0.1777,3.5692,,,0,低,163,0,-,,0,87.5,1.5862,0,0.0606,0.1212,0,0.0303,0.0429,0.2071,0.0571,,,D,◎,,0.2661,0.64,,0.3535,B,56,0,◎○△フォーメーション（15〜20点）,0.5777,"{'is_target': True, 'verdict': '点数絞り', 'max_combo_prob': 0.1054, 'est_top_odds': 12.7, 'circle_concentration': 74.4, 'eligible_count': 9, 'bet_adj': 0, 'reason': 'rel_win1=57.6%（本命度） / 最有力組み合わせ確率: 0.105（推定実オッズ?13倍） / 2着集中度: 上位2艇 74.4%（補正+0.04） / 総合判定確率: 0.145 / → ヒモはやや固め。上位2艇以外を切ること', 'tenji_trigger': '展示確認: 1号艇伸び良→そのまま採用。悪→飛び組に差し替え。circle_pct上位2艇に絞り込むこと。'}",,,29.7,両建て推奨,14.44,36,4,,,,,,,,,,,
2025-09-12,丸亀,1,3,上瀧絢也,B1,0.00,3,▲,7.4141,23.1,100,33.3,0.151,3.4359,,,0,低,78,0,差ま0%,,0,21.2,0.6573,0,0,0,0.0667,0,0.0923,0.2423,0,,○,D,△,,0.4035,0.595,,0.3535,B,56,0,◎○△フォーメーション（15〜20点）,0.5777,"{'is_target': True, 'verdict': '点数絞り', 'max_combo_prob': 0.1054, 'est_top_odds': 12.7, 'circle_concentration': 74.4, 'eligible_count': 9, 'bet_adj': 0, 'reason': 'rel_win1=57.6%（本命度） / 最有力組み合わせ確率: 0.105（推定実オッズ?13倍） / 2着集中度: 上位2艇 74.4%（補正+0.04） / 総合判定確率: 0.145 / → ヒモはやや固め。上位2艇以外を切ること', 'tenji_trigger': '展示確認: 1号艇伸び良→そのまま採用。悪→飛び組に差し替え。circle_pct上位2艇に絞り込むこと。'}",,,29.7,両建て推奨,14.44,36,4,,,,,,,,,,,
2025-09-12,丸亀,1,4,冨名腰桃,B1,33.33,4,○,10.093,12.9,57,19.1,0.1771,3.5714,,,0,低,54,0,-,,0,51.8,0.7349,,,,,,0.3333,0,0.3333,,,A,,,0.2945,0.4145,,0.3535,B,56,0,◎○△フォーメーション（15〜20点）,0.5777,"{'is_target': True, 'verdict': '点数絞り', 'max_combo_prob': 0.1054, 'est_top_odds': 12.7, 'circle_concentration': 74.4, 'eligible_count': 9, 'bet_adj': 0, 'reason': 'rel_win1=57.6%（本命度） / 最有力組み合わせ確率: 0.105（推定実オッズ?13倍） / 2着集中度: 上位2艇 74.4%（補正+0.04） / 総合判定確率: 0.145 / → ヒモはやや固め。上位2艇以外を切ること', 'tenji_trigger': '展示確認: 1号艇伸び良→そのまま採用。悪→飛び組に差し替え。circle_pct上位2艇に絞り込むこと。'}",,,29.7,両建て推奨,14.44,36,4,,,,,,,,,,,
2025-09-12,丸亀,1,5,鈴木唯央,B1,28.57,5,,9.9445,6.9,69,26.3,0.1716,3.25,,,0,低,86,0,差ま0%,,0,31.4,0.9912,0,0,0,0.16,0,0,1,0,,,B,,,0.3161,0.5285,,0.3535,B,56,0,◎○△フォーメーション（15〜20点）,0.5777,"{'is_target': True, 'verdict': '点数絞り', 'max_combo_prob': 0.1054, 'est_top_odds': 12.7, 'circle_concentration': 74.4, 'eligible_count': 9, 'bet_adj': 0, 'reason': 'rel_win1=57.6%（本命度） / 最有力組み合わせ確率: 0.105（推定実オッズ?13倍） / 2着集中度: 上位2艇 74.4%（補正+0.04） / 総合判定確率: 0.145 / → ヒモはやや固め。上位2艇以外を切ること', 'tenji_trigger': '展示確認: 1号艇伸び良→そのまま採用。悪→飛び組に差し替え。circle_pct上位2艇に絞り込むこと。'}",,,29.7,両建て推奨,14.44,36,4,,,,,,,,,,,
2025-09-12,丸亀,1,6,花田和明,B1,0.00,6,△,2.1109,5.8,54,33.3,0.1433,4.1667,,,0,低,71,1,-,,0,65.4,1.2808,,,,,,0.0222,0,0.2611,,◎,D,○,,0.4062,0.6025,,0.3535,B,56,0,◎○△フォーメーション（15〜20点）,0.5777,"{'is_target': True, 'verdict': '点数絞り', 'max_combo_prob': 0.1054, 'est_top_odds': 12.7, 'circle_concentration': 74.4, 'eligible_count': 9, 'bet_adj': 0, 'reason': 'rel_win1=57.6%（本命度） / 最有力組み合わせ確率: 0.105（推定実オッズ?13倍） / 2着集中度: 上位2艇 74.4%（補正+0.04） / 総合判定確率: 0.145 / → ヒモはやや固め。上位2艇以外を切ること', 'tenji_trigger': '展示確認: 1号艇伸び良→そのまま採用。悪→飛び組に差し替え。circle_pct上位2艇に絞り込むこと。'}",,,29.7,両建て推奨,14.44,36,4,,,,,,,,,,,
2025-09-12,丸亀,2,1,松田憲幸,B1,0.00,1,◎,42.2694,,0,79.5,0.1959,4.1932,,,0,低,153,0,-,,0,80.1,1.25,0.4615,,,,,0.1538,0.2308,0.1538,△,,D,,,,0.5835,,0.2753,B,56,0,◎○△フォーメーション（15〜20点）,0.5777,"{'is_target': False, 'verdict': '対象外', 'max_combo_prob': None, 'est_top_odds': None, 'circle_concentration': None, 'eligible_count': 0, 'bet_adj': 0, 'reason': '1号艇rel_win1 < 45%: 通常判定に委ねる', 'tenji_trigger': ''}",,,39.1,両建て推奨,27.91,36.9,5,3-5-4|3-4-5|1-3-2|1-3-5|1-2-5|1-2-3|1-4-2,5-1-2|2-1-4|2-1-5|5-1-6|5-2-1|3-5-4|3-4-5|1-3-2|1-3-5|1-2-5|1-2-3|1-4-2,3-5-4:1.67%|3-4-5:1.59%|1-3-2:7.14%|1-3-5:6.57%|1-2-5:5.41%|1-2-3:5.37%|1-4-2:5.27%,3-5-4:B_main|3-4-5:B_main|1-3-2:A|1-3-5:A|1-2-5:A|1-2-3:A|1-4-2:A,7,12,0.4535,1,[!]見送り推奨（主役決まり手「まくり」― 逃げ劣勢レースで的中実績なし）,荒れ広め,D
2025-09-12,丸亀,2,2,山口　亮,B1,40.00,2,○,12.6247,23,100,51.8,0.1818,4.0536,,,0,低,167,0,差0% ま0%,,0,98,0.8671,0,0.0714,0.0357,0,0,0.0333,0.3067,0.1533,,△,A,,,0.4549,0.5775,,0.2753,B,56,0,◎○△フォーメーション（15〜20点）,0.5777,"{'is_target': False, 'verdict': '対象外', 'max_combo_prob': None, 'est_top_odds': None, 'circle_concentration': None, 'eligible_count': 0, 'bet_adj': 0, 'reason': '1号艇rel_win1 < 45%: 通常判定に委ねる', 'tenji_trigger': ''}",,,39.1,両建て推奨,27.91,36.9,5,,,,,,,,,,,
2025-09-12,丸亀,2,3,木谷賢太,A2,40.00,3,▲,20.5755,38.6,93,76.9,0.1562,3.0673,,,0,低,107,0,ま0% 差ま0%,,0,38.7,1.0617,0,0,0.12,0.12,0,0.0343,0.0114,0.1957,,◎,A,◎,,0.4905,0.663,,0.2753,B,56,0,◎○△フォーメーション（15〜20点）,0.5777,"{'is_target': False, 'verdict': '対象外', 'max_combo_prob': None, 'est_top_odds': None, 'circle_concentration': None, 'eligible_count': 0, 'bet_adj': 0, 'reason': '1号艇rel_win1 < 45%: 通常判定に委ねる', 'tenji_trigger': ''}",,,39.1,両建て推奨,27.91,36.9,5,,,,,,,,,,,
2025-09-12,丸亀,2,4,落合直子,B1,0.00,4,△,8.3172,20.2,74,47.1,0.1468,3.1765,,,0,低,40,0,-,,0,38.6,0.9498,0,0,0,0,0.0714,0.025,0,0.225,,○,D,○,,0.4846,0.6465,,0.2753,B,56,0,◎○△フォーメーション（15〜20点）,0.5777,"{'is_target': False, 'verdict': '対象外', 'max_combo_prob': None, 'est_top_odds': None, 'circle_concentration': None, 'eligible_count': 0, 'bet_adj': 0, 'reason': '1号艇rel_win1 < 45%: 通常判定に委ねる', 'tenji_trigger': ''}",,,39.1,両建て推奨,27.91,36.9,5,,,,,,,,,,,
2025-09-12,丸亀,2,5,大澤普司,A1,0.00,5,,15.3243,16.8,45,58.1,0.1633,3.0116,,,0,低,96,0,差0% ま0% 差ま0% 抜0%,,0,26.1,1.906,0,0.0476,0.0476,0.1429,0.0952,0.103,0.1515,0.0364,,,D,△,◎,0.409,0.6095,0.3924,0.2753,B,56,0,◎○△フォーメーション（15〜20点）,0.5777,"{'is_target': False, 'verdict': '対象外', 'max_combo_prob': None, 'est_top_odds': None, 'circle_concentration': None, 'eligible_count': 0, 'bet_adj': 0, 'reason': '1号艇rel_win1 < 45%: 通常判定に委ねる', 'tenji_trigger': ''}",,,39.1,両建て推奨,27.91,36.9,5,,,,,,,,,,,
2025-09-12,丸亀,2,6,吉原聖人,B1,0.00,6,,0.8889,1.4,52,17.4,0.1983,4.2283,,,0,低,129,0,-,,0,26.7,0.8,,,,,,0.2533,0.0667,0.3733,,,D,△,,0.303,0.5965,,0.2753,B,56,0,◎○△フォーメーション（15〜20点）,0.5777,"{'is_target': False, 'verdict': '対象外', 'max_combo_prob': None, 'est_top_odds': None, 'circle_concentration': None, 'eligible_count': 0, 'bet_adj': 0, 'reason': '1号艇rel_win1 < 45%: 通常判定に委ねる', 'tenji_trigger': ''}",,,39.1,両建て推奨,27.91,36.9,5,,,,,,,,,,,
2025-09-12,丸亀,3,1,板倉敦史,B1,50.00,1,◎,44.7956,,0,69.6,0.1604,3.3152,,,0,低,163,0,逃0%,,0,70,0.8915,0.35,,,,,0.28,0.32,0.04,△,,A,,,,0.557,,0.289,B,52,0,◎○△フォーメーション（15〜20点）,0.5777,"{'is_target': False, 'verdict': '対象外', 'max_combo_prob': None, 'est_top_odds': None, 'circle_concentration': None, 'eligible_count': 0, 'bet_adj': 0, 'reason': '1号艇rel_win1 < 45%: 通常判定に委ねる', 'tenji_trigger': ''}",,,33.3,両建て推奨,22.23,39.5,2,2-1-3|1-2-5|1-2-3|1-3-2|1-3-5|1-4-2,6-1-3|5-1-6|6-1-4|2-1-3|5-6-1|6-4-1|6-3-1|1-2-5|1-2-3|1-3-2|1-3-5|1-4-2,2-1-3:2.83%|1-2-5:8.97%|1-2-3:8.76%|1-3-2:6.74%|1-3-5:6.36%|1-4-2:3.06%,2-1-3:B_main|1-2-5:A|1-2-3:A|1-3-2:A|1-3-5:A|1-4-2:A,6,12,0.4535,1,[!]見送り推奨（主役決まり手「差し」― 逃げ劣勢レースで的中実績なし）,荒れ広め,D
2025-09-12,丸亀,3,2,中　亮太,A2,55.56,2,○,21.3028,51.8,49,68.6,0.1191,2.6857,,,0,低,35,0,差0% ま0%,,0,71.8,1.2016,0,0.1765,0.0588,0,0,0.0833,0.0833,0.125,,◎,A,○,,0.6297,0.656,,0.289,B,52,0,◎○△フォーメーション（15〜20点）,0.5777,"{'is_target': False, 'verdict': '対象外', 'max_combo_prob': None, 'est_top_odds': None, 'circle_concentration': None, 'eligible_count': 0, 'bet_adj': 0, 'reason': '1号艇rel_win1 < 45%: 通常判定に委ねる', 'tenji_trigger': ''}",,,33.3,両建て推奨,22.23,39.5,2,,,,,,,,,,,
2025-09-12,丸亀,3,3,井上一輝,A1,14.29,3,▲,15.9215,32.7,62,69.6,0.1272,2.6159,,,0,低,55,0,-,,0,43.7,0.9623,0,0,0.1,0.0667,0.0667,0.025,0.025,0.025,,○,D,◎,,0.5102,0.691,,0.289,B,52,0,◎○△フォーメーション（15〜20点）,0.5777,"{'is_target': False, 'verdict': '対象外', 'max_combo_prob': None, 'est_top_odds': None, 'circle_concentration': None, 'eligible_count': 0, 'bet_adj': 0, 'reason': '1号艇rel_win1 < 45%: 通常判定に委ねる', 'tenji_trigger': ''}",,,33.3,両建て推奨,22.23,39.5,2,,,,,,,,,,,
2025-09-12,丸亀,3,4,西原明生,B1,0.00,4,,7.771,10.1,41,27.4,0.1813,4.2742,,,0,低,192,0,差0%,,0,81.1,1.3315,0,0.04,0,0,0,0.2571,0.2571,0.2762,,,E,△,,0.2467,0.641,,0.289,B,52,0,◎○△フォーメーション（15〜20点）,0.5777,"{'is_target': False, 'verdict': '対象外', 'max_combo_prob': None, 'est_top_odds': None, 'circle_concentration': None, 'eligible_count': 0, 'bet_adj': 0, 'reason': '1号艇rel_win1 < 45%: 通常判定に委ねる', 'tenji_trigger': ''}",,,33.3,両建て推奨,22.23,39.5,2,,,,,,,,,,,
2025-09-12,丸亀,3,5,萬　正嗣,B1,42.86,5,△,7.089,5,100,40.9,0.1614,3.0114,,,0,低,84,0,-,,0,73.5,1.1898,,,,,,0.2667,0.2333,0.1333,,,B,△,,0.3587,0.599,,0.289,B,52,0,◎○△フォーメーション（15〜20点）,0.5777,"{'is_target': False, 'verdict': '対象外', 'max_combo_prob': None, 'est_top_odds': None, 'circle_concentration': None, 'eligible_count': 0, 'bet_adj': 0, 'reason': '1号艇rel_win1 < 45%: 通常判定に委ねる', 'tenji_trigger': ''}",,,33.3,両建て推奨,22.23,39.5,2,,,,,,,,,,,
2025-09-12,丸亀,3,6,金田大輔,B1,0.00,6,,3.12,0.4,39,16.3,0.1522,3.1429,,,0,低,99,0,ま0%,,0,30.2,0.6108,0,0,0.0909,0,0,0.2,0.1,0.1,,,E,,,0.3732,0.587,,0.289,B,52,0,◎○△フォーメーション（15〜20点）,0.5777,"{'is_target': False, 'verdict': '対象外', 'max_combo_prob': None, 'est_top_odds': None, 'circle_concentration': None, 'eligible_count': 0, 'bet_adj': 0, 'reason': '1号艇rel_win1 < 45%: 通常判定に委ねる', 'tenji_trigger': ''}",,,33.3,両建て推奨,22.23,39.5,2,,,,,,,,,,,
2025-09-12,丸亀,4,1,伊久間陽,B1,0.00,1,◎,49.8251,,0,81.8,0.1421,2.7121,,,0,低,57,0,逃0%,,0,68.1,1.0369,0.4706,,,,,0.0706,0.1906,0.0235,◎,,C,△,,,0.6015,,0.5105,A,70,0,◎-○軸 3着3〜4艇流し（10〜15点）,0.5777,"{'is_target': True, 'verdict': '点数絞り', 'max_combo_prob': 0.1079, 'est_top_odds': 12.4, 'circle_concentration': 74.3, 'eligible_count': 8, 'bet_adj': 0, 'reason': 'rel_win1=49.8%（本命度） / 最有力組み合わせ確率: 0.108（推定実オッズ?12倍） / 2着集中度: 上位2艇 74.3%（補正+0.04） / 総合判定確率: 0.148 / → ヒモはやや固め。上位2艇以外を切ること', 'tenji_trigger': '展示確認: 1号艇伸び良→そのまま採用。悪→飛び組に差し替え。circle_pct上位2艇に絞り込むこと。'}",,,27.6,逃げ狙い,16.5,28.2,2,,,,,0,0,0.7559,0,,逃げ軸流し,A
2025-09-12,丸亀,4,2,渡邉真奈,B2,0.00,2,▲,16.6746,55.2,56,56,0.1692,3.08,,,0,低,39,0,抜0%,,0,40.4,0.9726,0,0,0,0,0.0714,0.0571,0.3143,0.3143,,,C,,,0.0775,0.5765,,0.5105,A,70,0,◎-○軸 3着3〜4艇流し（10〜15点）,0.5777,"{'is_target': True, 'verdict': '点数絞り', 'max_combo_prob': 0.1079, 'est_top_odds': 12.4, 'circle_concentration': 74.3, 'eligible_count': 8, 'bet_adj': 0, 'reason': 'rel_win1=49.8%（本命度） / 最有力組み合わせ確率: 0.108（推定実オッズ?12倍） / 2着集中度: 上位2艇 74.3%（補正+0.04） / 総合判定確率: 0.148 / → ヒモはやや固め。上位2艇以外を切ること', 'tenji_trigger': '展示確認: 1号艇伸び良→そのまま採用。悪→飛び組に差し替え。circle_pct上位2艇に絞り込むこと。'}",,,27.6,逃げ狙い,16.5,28.2,2,,,,,,,,,,,
2025-09-12,丸亀,4,3,胡本悟志,B1,0.00,3,,9.0836,19.1,57,32.3,0.184,3.5484,,,0,低,123,0,ま0% 差ま0%,,0,20.3,0.7087,0,0,0.0357,0.0357,0,0.4067,0.08,0.0267,,,C,,,0.1079,0.5535,,0.5105,A,70,0,◎-○軸 3着3〜4艇流し（10〜15点）,0.5777,"{'is_target': True, 'verdict': '点数絞り', 'max_combo_prob': 0.1079, 'est_top_odds': 12.4, 'circle_concentration': 74.3, 'eligible_count': 8, 'bet_adj': 0, 'reason': 'rel_win1=49.8%（本命度） / 最有力組み合わせ確率: 0.108（推定実オッズ?12倍） / 2着集中度: 上位2艇 74.3%（補正+0.04） / 総合判定確率: 0.148 / → ヒモはやや固め。上位2艇以外を切ること', 'tenji_trigger': '展示確認: 1号艇伸び良→そのまま採用。悪→飛び組に差し替え。circle_pct上位2艇に絞り込むこと。'}",,,27.6,逃げ狙い,16.5,28.2,2,,,,,,,,,,,
2025-09-12,丸亀,4,4,小川日紀,B1,0.00,4,△,9.215,10.7,60,27.5,0.1576,3.4118,,,0,低,96,0,ま0%,,0,44.5,0.7653,0,0,0.1154,0,0,0.1905,0.2857,0.0952,,,C,△,,0.25,0.601,,0.5105,A,70,0,◎-○軸 3着3〜4艇流し（10〜15点）,0.5777,"{'is_target': True, 'verdict': '点数絞り', 'max_combo_prob': 0.1079, 'est_top_odds': 12.4, 'circle_concentration': 74.3, 'eligible_count': 8, 'bet_adj': 0, 'reason': 'rel_win1=49.8%（本命度） / 最有力組み合わせ確率: 0.108（推定実オッズ?12倍） / 2着集中度: 上位2艇 74.3%（補正+0.04） / 総合判定確率: 0.148 / → ヒモはやや固め。上位2艇以外を切ること', 'tenji_trigger': '展示確認: 1号艇伸び良→そのまま採用。悪→飛び組に差し替え。circle_pct上位2艇に絞り込むこと。'}",,,27.6,逃げ狙い,16.5,28.2,2,,,,,,,,,,,
2025-09-12,丸亀,4,5,小野達哉,A1,0.00,5,○,13.9261,8.4,100,58.7,0.1459,3.0397,,,0,低,87,0,差ま0%,,0,100,2.7988,0,0,0.08,0.04,0.08,0.0095,0.0286,0.0286,,,C,◎,◎,0.284,0.6745,0.3465,0.5105,A,70,0,◎-○軸 3着3〜4艇流し（10〜15点）,0.5777,"{'is_target': True, 'verdict': '点数絞り', 'max_combo_prob': 0.1079, 'est_top_odds': 12.4, 'circle_concentration': 74.3, 'eligible_count': 8, 'bet_adj': 0, 'reason': 'rel_win1=49.8%（本命度） / 最有力組み合わせ確率: 0.108（推定実オッズ?12倍） / 2着集中度: 上位2艇 74.3%（補正+0.04） / 総合判定確率: 0.148 / → ヒモはやや固め。上位2艇以外を切ること', 'tenji_trigger': '展示確認: 1号艇伸び良→そのまま採用。悪→飛び組に差し替え。circle_pct上位2艇に絞り込むこと。'}",,,27.6,逃げ狙い,16.5,28.2,2,,,,,,,,,,,
2025-09-12,丸亀,4,6,芝田浩治,A2,14.29,6,,1.2756,6.6,38,24.5,0.1696,3.9184,,,0,低,121,0,-,,0,32.9,1.0214,,,,,,0.0296,0.0593,0.2185,,,B,○,,0.2243,0.6585,,0.5105,A,70,0,◎-○軸 3着3〜4艇流し（10〜15点）,0.5777,"{'is_target': True, 'verdict': '点数絞り', 'max_combo_prob': 0.1079, 'est_top_odds': 12.4, 'circle_concentration': 74.3, 'eligible_count': 8, 'bet_adj': 0, 'reason': 'rel_win1=49.8%（本命度） / 最有力組み合わせ確率: 0.108（推定実オッズ?12倍） / 2着集中度: 上位2艇 74.3%（補正+0.04） / 総合判定確率: 0.148 / → ヒモはやや固め。上位2艇以外を切ること', 'tenji_trigger': '展示確認: 1号艇伸び良→そのまま採用。悪→飛び組に差し替え。circle_pct上位2艇に絞り込むこと。'}",,,27.6,逃げ狙い,16.5,28.2,2,,,,,,,,,,,
2025-09-12,丸亀,5,1,伊藤誠二,B1,0.00,1,◎,49.5379,,0,89.2,0.1328,2.473,,,0,低,64,0,逃0%,,0,100,1.884,0.5333,,,,,0.2033,0.0133,0.18,◎,,E,◎,,,0.6735,,0.5696,A,77,0,◎-○軸 3着3〜4艇流し（10〜15点）,0.5777,"{'is_target': True, 'verdict': '参加推奨', 'max_combo_prob': 0.0624, 'est_top_odds': 21.4, 'circle_concentration': 71.0, 'eligible_count': 8, 'bet_adj': 2, 'reason': 'rel_win1=49.5%（本命度） / 最有力組み合わせ確率: 0.062（推定実オッズ?21倍） / 2着集中度: 上位2艇 71.0%（補正+0.04） / 総合判定確率: 0.102 / → ヒモ分散。1号艇1着固定で広めのヒモ流し推奨（買い目+2点）', 'tenji_trigger': '展示確認: ヒモ分散レース。1号艇伸び確認後、広めのヒモ流しを採用。穴ヒモ（5・6号艇）を積極的に含める。\n展示で1号艇スタート超安定(0.133秒)→ヒモ固まり方向に注意'}",,,28.4,逃げ狙い,17.12,30.1,2,,,,,0,0,0.7559,0,,逃げ軸流し,A
2025-09-12,丸亀,5,2,齊藤　優,A2,0.00,2,,14.5739,36,90,53.6,0.1668,3.5362,,,0,低,103,0,差0%,,0,46.1,1.0774,0,0.129,0.0323,0,0,0.0923,0.3923,0.0462,,,E,△,,0.1075,0.6325,,0.5696,A,77,0,◎-○軸 3着3〜4艇流し（10〜15点）,0.5777,"{'is_target': True, 'verdict': '参加推奨', 'max_combo_prob': 0.0624, 'est_top_odds': 21.4, 'circle_concentration': 71.0, 'eligible_count': 8, 'bet_adj': 2, 'reason': 'rel_win1=49.5%（本命度） / 最有力組み合わせ確率: 0.062（推定実オッズ?21倍） / 2着集中度: 上位2艇 71.0%（補正+0.04） / 総合判定確率: 0.102 / → ヒモ分散。1号艇1着固定で広めのヒモ流し推奨（買い目+2点）', 'tenji_trigger': '展示確認: ヒモ分散レース。1号艇伸び確認後、広めのヒモ流しを採用。穴ヒモ（5・6号艇）を積極的に含める。\n展示で1号艇スタート超安定(0.133秒)→ヒモ固まり方向に注意'}",,,28.4,逃げ狙い,17.12,30.1,2,,,,,,,,,,,
2025-09-12,丸亀,5,3,平尾崇典,A1,66.67,3,○,15.3815,35,100,69.8,0.1709,3.3023,,,0,低,104,0,ま0% 差ま0%,,0,57.8,1.384,0,0,0.125,0.0625,0,0.0278,0.0833,0.1389,,,A,,,0.1437,0.6045,,0.5696,A,77,0,◎-○軸 3着3〜4艇流し（10〜15点）,0.5777,"{'is_target': True, 'verdict': '参加推奨', 'max_combo_prob': 0.0624, 'est_top_odds': 21.4, 'circle_concentration': 71.0, 'eligible_count': 8, 'bet_adj': 2, 'reason': 'rel_win1=49.5%（本命度） / 最有力組み合わせ確率: 0.062（推定実オッズ?21倍） / 2着集中度: 上位2艇 71.0%（補正+0.04） / 総合判定確率: 0.102 / → ヒモ分散。1号艇1着固定で広めのヒモ流し推奨（買い目+2点）', 'tenji_trigger': '展示確認: ヒモ分散レース。1号艇伸び確認後、広めのヒモ流しを採用。穴ヒモ（5・6号艇）を積極的に含める。\n展示で1号艇スタート超安定(0.133秒)→ヒモ固まり方向に注意'}",,,28.4,逃げ狙い,17.12,30.1,2,,,,,,,,,,,
2025-09-12,丸亀,5,4,鈴木唯央,B1,28.57,4,,7.9653,11.5,79,15.6,0.1891,3.5312,,,0,低,86,0,ま0%,,0,21.5,0.6662,0,0,0.0417,0,0,0,1,0,,,C,,,0.1109,0.5285,,0.5696,A,77,0,◎-○軸 3着3〜4艇流し（10〜15点）,0.5777,"{'is_target': True, 'verdict': '参加推奨', 'max_combo_prob': 0.0624, 'est_top_odds': 21.4, 'circle_concentration': 71.0, 'eligible_count': 8, 'bet_adj': 2, 'reason': 'rel_win1=49.5%（本命度） / 最有力組み合わせ確率: 0.062（推定実オッズ?21倍） / 2着集中度: 上位2艇 71.0%（補正+0.04） / 総合判定確率: 0.102 / → ヒモ分散。1号艇1着固定で広めのヒモ流し推奨（買い目+2点）', 'tenji_trigger': '展示確認: ヒモ分散レース。1号艇伸び確認後、広めのヒモ流しを採用。穴ヒモ（5・6号艇）を積極的に含める。\n展示で1号艇スタート超安定(0.133秒)→ヒモ固まり方向に注意'}",,,28.4,逃げ狙い,17.12,30.1,2,,,,,,,,,,,
2025-09-12,丸亀,5,5,原田佑実,B1,25.00,5,△,7.8851,13.1,67,46.7,0.1233,2.5667,,,0,低,29,0,抜0%,,0,67.9,1.3969,0,0,0,0,0.1429,0,0,0.25,,,D,△,,0.3456,0.6345,,0.5696,A,77,0,◎-○軸 3着3〜4艇流し（10〜15点）,0.5777,"{'is_target': True, 'verdict': '参加推奨', 'max_combo_prob': 0.0624, 'est_top_odds': 21.4, 'circle_concentration': 71.0, 'eligible_count': 8, 'bet_adj': 2, 'reason': 'rel_win1=49.5%（本命度） / 最有力組み合わせ確率: 0.062（推定実オッズ?21倍） / 2着集中度: 上位2艇 71.0%（補正+0.04） / 総合判定確率: 0.102 / → ヒモ分散。1号艇1着固定で広めのヒモ流し推奨（買い目+2点）', 'tenji_trigger': '展示確認: ヒモ分散レース。1号艇伸び確認後、広めのヒモ流しを採用。穴ヒモ（5・6号艇）を積極的に含める。\n展示で1号艇スタート超安定(0.133秒)→ヒモ固まり方向に注意'}",,,28.4,逃げ狙い,17.12,30.1,2,,,,,,,,,,,
2025-09-12,丸亀,5,6,島川海輝,A2,33.33,6,▲,4.6563,4.4,40,20,0.1785,4.0875,,,0,低,76,0,-,,0,29.2,0.7356,0,0.0435,0,0,0,0.0296,0.1296,0.1593,,,B,○,,0.1362,0.663,,0.5696,A,77,0,◎-○軸 3着3〜4艇流し（10〜15点）,0.5777,"{'is_target': True, 'verdict': '参加推奨', 'max_combo_prob': 0.0624, 'est_top_odds': 21.4, 'circle_concentration': 71.0, 'eligible_count': 8, 'bet_adj': 2, 'reason': 'rel_win1=49.5%（本命度） / 最有力組み合わせ確率: 0.062（推定実オッズ?21倍） / 2着集中度: 上位2艇 71.0%（補正+0.04） / 総合判定確率: 0.102 / → ヒモ分散。1号艇1着固定で広めのヒモ流し推奨（買い目+2点）', 'tenji_trigger': '展示確認: ヒモ分散レース。1号艇伸び確認後、広めのヒモ流しを採用。穴ヒモ（5・6号艇）を積極的に含める。\n展示で1号艇スタート超安定(0.133秒)→ヒモ固まり方向に注意'}",,,28.4,逃げ狙い,17.12,30.1,2,,,,,,,,,,,
2025-09-12,丸亀,6,1,北川太一,A2,28.57,1,◎,59.9752,,0,80.6,0.1701,3.2847,,,0,低,110,0,逃0%,,0,77.4,0.901,0.5294,,,,,0,0.1563,0.242,○,,A,○,,,0.6235,,0.4334,S,84,0,◎1着固定 2-3着流し（5〜8点）,0.5777,"{'is_target': True, 'verdict': '参加推奨', 'max_combo_prob': 0.0564, 'est_top_odds': 23.6, 'circle_concentration': 52.5, 'eligible_count': 6, 'bet_adj': 2, 'reason': 'rel_win1=60.0%（本命度） / 最有力組み合わせ確率: 0.056（推定実オッズ?24倍） / 2着集中度: 上位2艇 52.5%（補正-0.04） / 総合判定確率: 0.016 / → ヒモ分散。1号艇1着固定で広めのヒモ流し推奨（買い目+2点）', 'tenji_trigger': '展示確認: ヒモ分散レース。1号艇伸び確認後、広めのヒモ流しを採用。穴ヒモ（5・6号艇）を積極的に含める。'}",,,27.4,逃げ狙い,14.96,29.1,2,,,,,0,0,0.6155,0,,逃げ軸流し,A
2025-09-12,丸亀,6,2,花田和明,B1,0.00,2,,7.8922,25.4,100,43.9,0.1611,3.3509,,,0,低,71,0,-,,0,56.3,0.7453,,,,,,0.0222,0,0.2611,,◎,D,,,0.4175,0.6025,,0.4334,S,84,0,◎1着固定 2-3着流し（5〜8点）,0.5777,"{'is_target': True, 'verdict': '参加推奨', 'max_combo_prob': 0.0564, 'est_top_odds': 23.6, 'circle_concentration': 52.5, 'eligible_count': 6, 'bet_adj': 2, 'reason': 'rel_win1=60.0%（本命度） / 最有力組み合わせ確率: 0.056（推定実オッズ?24倍） / 2着集中度: 上位2艇 52.5%（補正-0.04） / 総合判定確率: 0.016 / → ヒモ分散。1号艇1着固定で広めのヒモ流し推奨（買い目+2点）', 'tenji_trigger': '展示確認: ヒモ分散レース。1号艇伸び確認後、広めのヒモ流しを採用。穴ヒモ（5・6号艇）を積極的に含める。'}",,,27.4,逃げ狙い,14.96,29.1,2,,,,,,,,,,,
2025-09-12,丸亀,6,3,占部一真,B1,0.00,3,○,11.0091,20.2,74,41.9,0.1524,3.1855,,,0,低,119,0,-,,0,37.7,0.906,0,0,0,0.0667,0,0.1333,0.2,0.2667,,○,D,,,0.3919,0.595,,0.4334,S,84,0,◎1着固定 2-3着流し（5〜8点）,0.5777,"{'is_target': True, 'verdict': '参加推奨', 'max_combo_prob': 0.0564, 'est_top_odds': 23.6, 'circle_concentration': 52.5, 'eligible_count': 6, 'bet_adj': 2, 'reason': 'rel_win1=60.0%（本命度） / 最有力組み合わせ確率: 0.056（推定実オッズ?24倍） / 2着集中度: 上位2艇 52.5%（補正-0.04） / 総合判定確率: 0.016 / → ヒモ分散。1号艇1着固定で広めのヒモ流し推奨（買い目+2点）', 'tenji_trigger': '展示確認: ヒモ分散レース。1号艇伸び確認後、広めのヒモ流しを採用。穴ヒモ（5・6号艇）を積極的に含める。'}",,,27.4,逃げ狙い,14.96,29.1,2,,,,,,,,,,,
2025-09-12,丸亀,6,4,柳内敬太,A2,14.29,4,,8.9869,27.1,56,55.4,0.1655,2.9308,,,0,低,138,0,-,,0,31.4,0.7487,0,0,0.0357,0.0357,0,0.0705,0.0211,0.0421,,,B,△,○,0.3275,0.6035,0.2458,0.4334,S,84,0,◎1着固定 2-3着流し（5〜8点）,0.5777,"{'is_target': True, 'verdict': '参加推奨', 'max_combo_prob': 0.0564, 'est_top_odds': 23.6, 'circle_concentration': 52.5, 'eligible_count': 6, 'bet_adj': 2, 'reason': 'rel_win1=60.0%（本命度） / 最有力組み合わせ確率: 0.056（推定実オッズ?24倍） / 2着集中度: 上位2艇 52.5%（補正-0.04） / 総合判定確率: 0.016 / → ヒモ分散。1号艇1着固定で広めのヒモ流し推奨（買い目+2点）', 'tenji_trigger': '展示確認: ヒモ分散レース。1号艇伸び確認後、広めのヒモ流しを採用。穴ヒモ（5・6号艇）を積極的に含める。'}",,,27.4,逃げ狙い,14.96,29.1,2,,,,,,,,,,,
2025-09-12,丸亀,6,5,末永祐輝,A1,0.00,5,△,8.4993,20.9,73,56.4,0.1571,3.4,,,0,低,113,0,差ま0%,,0,24.4,0.9495,0,0,0,0.0417,0,0.0465,0.1039,0.1132,,,D,◎,◎,0.3485,0.653,0.2927,0.4334,S,84,0,◎1着固定 2-3着流し（5〜8点）,0.5777,"{'is_target': True, 'verdict': '参加推奨', 'max_combo_prob': 0.0564, 'est_top_odds': 23.6, 'circle_concentration': 52.5, 'eligible_count': 6, 'bet_adj': 2, 'reason': 'rel_win1=60.0%（本命度） / 最有力組み合わせ確率: 0.056（推定実オッズ?24倍） / 2着集中度: 上位2艇 52.5%（補正-0.04） / 総合判定確率: 0.016 / → ヒモ分散。1号艇1着固定で広めのヒモ流し推奨（買い目+2点）', 'tenji_trigger': '展示確認: ヒモ分散レース。1号艇伸び確認後、広めのヒモ流しを採用。穴ヒモ（5・6号艇）を積極的に含める。'}",,,27.4,逃げ狙い,14.96,29.1,2,,,,,,,,,,,
2025-09-12,丸亀,6,6,中井俊祐,B1,0.00,6,▲,3.6373,6.4,41,21.1,0.1542,3.3269,,,0,低,130,0,-,,0,27.9,0.7328,,,,,,0.1333,0.3167,0.2,,,D,△,,0.3877,0.6095,,0.4334,S,84,0,◎1着固定 2-3着流し（5〜8点）,0.5777,"{'is_target': True, 'verdict': '参加推奨', 'max_combo_prob': 0.0564, 'est_top_odds': 23.6, 'circle_concentration': 52.5, 'eligible_count': 6, 'bet_adj': 2, 'reason': 'rel_win1=60.0%（本命度） / 最有力組み合わせ確率: 0.056（推定実オッズ?24倍） / 2着集中度: 上位2艇 52.5%（補正-0.04） / 総合判定確率: 0.016 / → ヒモ分散。1号艇1着固定で広めのヒモ流し推奨（買い目+2点）', 'tenji_trigger': '展示確認: ヒモ分散レース。1号艇伸び確認後、広めのヒモ流しを採用。穴ヒモ（5・6号艇）を積極的に含める。'}",,,27.4,逃げ狙い,14.96,29.1,2,,,,,,,,,,,
2025-09-12,丸亀,7,1,落合直子,B1,0.00,1,◎,55.7796,,0,86.5,0.1257,1.9459,,,0,低,40,0,逃1%,,0,92.9,1.2518,0.6875,,,,,0.025,0,0.225,◎,,E,○,,,0.6465,,0.7291,S,82,0,◎1着固定 2-3着流し（5〜8点）,0.5777,"{'is_target': True, 'verdict': '点数絞り', 'max_combo_prob': 0.1035, 'est_top_odds': 12.9, 'circle_concentration': 78.7, 'eligible_count': 6, 'bet_adj': 0, 'reason': 'rel_win1=55.8%（本命度） / 最有力組み合わせ確率: 0.104（推定実オッズ?13倍） / 2着集中度: 上位2艇 78.7%（補正+0.04） / 総合判定確率: 0.144 / → ヒモはやや固め。上位2艇以外を切ること', 'tenji_trigger': '展示確認: 1号艇伸び良→そのまま採用。悪→飛び組に差し替え。circle_pct上位2艇に絞り込むこと。\n展示で1号艇スタート超安定(0.126秒)→ヒモ固まり方向に注意'}",,,27.9,逃げ狙い,22.04,24.3,2,,,,,0,0,0.7559,0,,逃げ軸流し,A
2025-09-12,丸亀,7,2,藤原菜希,A2,40.00,2,○,24.418,51,99,86.4,0.1564,2.6818,,,0,低,33,0,差0% ま0%,,0,38.5,0.8747,0,0.1538,0.1538,0,0,0.1429,0.1429,0.0714,,,B,△,,0.0879,0.6005,,0.7291,S,82,0,◎1着固定 2-3着流し（5〜8点）,0.5777,"{'is_target': True, 'verdict': '点数絞り', 'max_combo_prob': 0.1035, 'est_top_odds': 12.9, 'circle_concentration': 78.7, 'eligible_count': 6, 'bet_adj': 0, 'reason': 'rel_win1=55.8%（本命度） / 最有力組み合わせ確率: 0.104（推定実オッズ?13倍） / 2着集中度: 上位2艇 78.7%（補正+0.04） / 総合判定確率: 0.144 / → ヒモはやや固め。上位2艇以外を切ること', 'tenji_trigger': '展示確認: 1号艇伸び良→そのまま採用。悪→飛び組に差し替え。circle_pct上位2艇に絞り込むこと。\n展示で1号艇スタート超安定(0.126秒)→ヒモ固まり方向に注意'}",,,27.9,逃げ狙い,22.04,24.3,2,,,,,,,,,,,
2025-09-12,丸亀,7,3,喜多須杏,B1,50.00,3,▲,8.1784,27.6,100,52.9,0.1565,3.1912,,,0,低,60,0,-,,0,55.3,1.231,,,,,,0,0.1429,0.1429,,,A,△,,0.1543,0.62,,0.7291,S,82,0,◎1着固定 2-3着流し（5〜8点）,0.5777,"{'is_target': True, 'verdict': '点数絞り', 'max_combo_prob': 0.1035, 'est_top_odds': 12.9, 'circle_concentration': 78.7, 'eligible_count': 6, 'bet_adj': 0, 'reason': 'rel_win1=55.8%（本命度） / 最有力組み合わせ確率: 0.104（推定実オッズ?13倍） / 2着集中度: 上位2艇 78.7%（補正+0.04） / 総合判定確率: 0.144 / → ヒモはやや固め。上位2艇以外を切ること', 'tenji_trigger': '展示確認: 1号艇伸び良→そのまま採用。悪→飛び組に差し替え。circle_pct上位2艇に絞り込むこと。\n展示で1号艇スタート超安定(0.126秒)→ヒモ固まり方向に注意'}",,,27.9,逃げ狙い,22.04,24.3,2,,,,,,,,,,,
2025-09-12,丸亀,7,4,三嶌さら,B1,44.44,4,△,6.2879,8.6,72,24.2,0.1927,4.2424,,,0,低,82,0,差0%,,0,64.4,0.8036,0,0.0455,0,0,0,0,0.25,0,,,B,,,0.105,0.576,,0.7291,S,82,0,◎1着固定 2-3着流し（5〜8点）,0.5777,"{'is_target': True, 'verdict': '点数絞り', 'max_combo_prob': 0.1035, 'est_top_odds': 12.9, 'circle_concentration': 78.7, 'eligible_count': 6, 'bet_adj': 0, 'reason': 'rel_win1=55.8%（本命度） / 最有力組み合わせ確率: 0.104（推定実オッズ?13倍） / 2着集中度: 上位2艇 78.7%（補正+0.04） / 総合判定確率: 0.144 / → ヒモはやや固め。上位2艇以外を切ること', 'tenji_trigger': '展示確認: 1号艇伸び良→そのまま採用。悪→飛び組に差し替え。circle_pct上位2艇に絞り込むこと。\n展示で1号艇スタート超安定(0.126秒)→ヒモ固まり方向に注意'}",,,27.9,逃げ狙い,22.04,24.3,2,,,,,,,,,,,
2025-09-12,丸亀,7,5,冨名腰桃,B1,33.33,5,,3.803,4.9,44,4.8,0.1967,4.0952,,,0,低,54,0,-,,0,25.1,0.6071,,,,,,0.3333,0,0.3333,,,C,,,0.1388,0.4145,,0.7291,S,82,0,◎1着固定 2-3着流し（5〜8点）,0.5777,"{'is_target': True, 'verdict': '点数絞り', 'max_combo_prob': 0.1035, 'est_top_odds': 12.9, 'circle_concentration': 78.7, 'eligible_count': 6, 'bet_adj': 0, 'reason': 'rel_win1=55.8%（本命度） / 最有力組み合わせ確率: 0.104（推定実オッズ?13倍） / 2着集中度: 上位2艇 78.7%（補正+0.04） / 総合判定確率: 0.144 / → ヒモはやや固め。上位2艇以外を切ること', 'tenji_trigger': '展示確認: 1号艇伸び良→そのまま採用。悪→飛び組に差し替え。circle_pct上位2艇に絞り込むこと。\n展示で1号艇スタート超安定(0.126秒)→ヒモ固まり方向に注意'}",,,27.9,逃げ狙い,22.04,24.3,2,,,,,,,,,,,
2025-09-12,丸亀,7,6,三浦永理,A1,28.57,6,,1.5331,7.8,59,33.3,0.1743,3.7619,,,0,低,43,0,-,,0,30,1.3386,,,,,,0.0167,0.05,0.1867,,,D,◎,,0.1554,0.678,,0.7291,S,82,0,◎1着固定 2-3着流し（5〜8点）,0.5777,"{'is_target': True, 'verdict': '点数絞り', 'max_combo_prob': 0.1035, 'est_top_odds': 12.9, 'circle_concentration': 78.7, 'eligible_count': 6, 'bet_adj': 0, 'reason': 'rel_win1=55.8%（本命度） / 最有力組み合わせ確率: 0.104（推定実オッズ?13倍） / 2着集中度: 上位2艇 78.7%（補正+0.04） / 総合判定確率: 0.144 / → ヒモはやや固め。上位2艇以外を切ること', 'tenji_trigger': '展示確認: 1号艇伸び良→そのまま採用。悪→飛び組に差し替え。circle_pct上位2艇に絞り込むこと。\n展示で1号艇スタート超安定(0.126秒)→ヒモ固まり方向に注意'}",,,27.9,逃げ狙い,22.04,24.3,2,,,,,,,,,,,
2025-09-12,丸亀,8,1,大須賀友,A1,0.00,1,◎,68.4189,,0,93.9,0.1391,2.9329,,,0,低,116,0,逃1%,,0,91.5,1.2191,0.7419,,,,,0.0516,0.1258,0.0129,◎,,D,△,,,0.599,,0.6097,S,86,0,◎1着固定 2-3着流し（5〜8点）,0.5777,"{'is_target': True, 'verdict': '点数絞り', 'max_combo_prob': 0.1305, 'est_top_odds': 10.2, 'circle_concentration': 71.4, 'eligible_count': 6, 'bet_adj': 0, 'reason': 'rel_win1=68.4%（本命度） / 最有力組み合わせ確率: 0.130（推定実オッズ?10倍） / 2着集中度: 上位2艇 71.4%（補正+0.04） / 総合判定確率: 0.170 / → ヒモはやや固め。上位2艇以外を切ること', 'tenji_trigger': '展示確認: 1号艇伸び良→そのまま採用。悪→飛び組に差し替え。circle_pct上位2艇に絞り込むこと。\n展示で1号艇スタート超安定(0.139秒)→ヒモ固まり方向に注意'}",,,25.9,逃げ狙い,12.67,26.7,2,,,,,0,0,0.7559,0,,逃げ軸流し,A
2025-09-12,丸亀,8,2,青木幸太,A2,42.86,2,○,12.809,45,63,58.7,0.143,3.0794,,,0,低,86,0,差0% ま0% 抜0%,,0,43.1,0.9652,0,0.0741,0.037,0,0.0741,0.0882,0.0588,0.1176,,,A,○,,0.2755,0.615,,0.6097,S,86,0,◎1着固定 2-3着流し（5〜8点）,0.5777,"{'is_target': True, 'verdict': '点数絞り', 'max_combo_prob': 0.1305, 'est_top_odds': 10.2, 'circle_concentration': 71.4, 'eligible_count': 6, 'bet_adj': 0, 'reason': 'rel_win1=68.4%（本命度） / 最有力組み合わせ確率: 0.130（推定実オッズ?10倍） / 2着集中度: 上位2艇 71.4%（補正+0.04） / 総合判定確率: 0.170 / → ヒモはやや固め。上位2艇以外を切ること', 'tenji_trigger': '展示確認: 1号艇伸び良→そのまま採用。悪→飛び組に差し替え。circle_pct上位2艇に絞り込むこと。\n展示で1号艇スタート超安定(0.139秒)→ヒモ固まり方向に注意'}",,,25.9,逃げ狙い,12.67,26.7,2,,,,,,,,,,,
2025-09-12,丸亀,8,3,松田憲幸,B1,0.00,3,,7.3316,20.1,72,44.8,0.1814,4.319,,,0,低,153,0,-,,0,39.8,1.0662,0,0,0.0952,0,0,0.1538,0.2308,0.1538,,,D,,,0.1229,0.5835,,0.6097,S,86,0,◎1着固定 2-3着流し（5〜8点）,0.5777,"{'is_target': True, 'verdict': '点数絞り', 'max_combo_prob': 0.1305, 'est_top_odds': 10.2, 'circle_concentration': 71.4, 'eligible_count': 6, 'bet_adj': 0, 'reason': 'rel_win1=68.4%（本命度） / 最有力組み合わせ確率: 0.130（推定実オッズ?10倍） / 2着集中度: 上位2艇 71.4%（補正+0.04） / 総合判定確率: 0.170 / → ヒモはやや固め。上位2艇以外を切ること', 'tenji_trigger': '展示確認: 1号艇伸び良→そのまま採用。悪→飛び組に差し替え。circle_pct上位2艇に絞り込むこと。\n展示で1号艇スタート超安定(0.139秒)→ヒモ固まり方向に注意'}",,,25.9,逃げ狙い,12.67,26.7,2,,,,,,,,,,,
2025-09-12,丸亀,8,4,宮崎　奨,A2,14.29,4,,4.6923,26.4,100,70.2,0.1772,3.694,,,0,低,134,0,-,,0,42.7,0.9453,0,0,0,0.0333,0,0.0343,0.1571,0.2686,,,C,◎,,0.1323,0.658,,0.6097,S,86,0,◎1着固定 2-3着流し（5〜8点）,0.5777,"{'is_target': True, 'verdict': '点数絞り', 'max_combo_prob': 0.1305, 'est_top_odds': 10.2, 'circle_concentration': 71.4, 'eligible_count': 6, 'bet_adj': 0, 'reason': 'rel_win1=68.4%（本命度） / 最有力組み合わせ確率: 0.130（推定実オッズ?10倍） / 2着集中度: 上位2艇 71.4%（補正+0.04） / 総合判定確率: 0.170 / → ヒモはやや固め。上位2艇以外を切ること', 'tenji_trigger': '展示確認: 1号艇伸び良→そのまま採用。悪→飛び組に差し替え。circle_pct上位2艇に絞り込むこと。\n展示で1号艇スタート超安定(0.139秒)→ヒモ固まり方向に注意'}",,,25.9,逃げ狙い,12.67,26.7,2,,,,,,,,,,,
2025-09-12,丸亀,8,5,金田大輔,B1,0.00,5,▲,5.7622,6,48,33.3,0.1482,2.8947,,,0,低,99,0,-,,0,81.2,1.5062,0,0,0.0333,0.1,0,0.2,0.1,0.1,,,D,,◎,0.271,0.587,0.3452,0.6097,S,86,0,◎1着固定 2-3着流し（5〜8点）,0.5777,"{'is_target': True, 'verdict': '点数絞り', 'max_combo_prob': 0.1305, 'est_top_odds': 10.2, 'circle_concentration': 71.4, 'eligible_count': 6, 'bet_adj': 0, 'reason': 'rel_win1=68.4%（本命度） / 最有力組み合わせ確率: 0.130（推定実オッズ?10倍） / 2着集中度: 上位2艇 71.4%（補正+0.04） / 総合判定確率: 0.170 / → ヒモはやや固め。上位2艇以外を切ること', 'tenji_trigger': '展示確認: 1号艇伸び良→そのまま採用。悪→飛び組に差し替え。circle_pct上位2艇に絞り込むこと。\n展示で1号艇スタート超安定(0.139秒)→ヒモ固まり方向に注意'}",,,25.9,逃げ狙い,12.67,26.7,2,,,,,,,,,,,
2025-09-12,丸亀,8,6,上瀧絢也,B1,0.00,6,△,0.986,2.5,16,6.2,0.1663,3.5729,,,0,低,78,0,-,,0,26.7,0.6261,,,,,,0.0923,0.2423,0,,,D,△,,0.2252,0.595,,0.6097,S,86,0,◎1着固定 2-3着流し（5〜8点）,0.5777,"{'is_target': True, 'verdict': '点数絞り', 'max_combo_prob': 0.1305, 'est_top_odds': 10.2, 'circle_concentration': 71.4, 'eligible_count': 6, 'bet_adj': 0, 'reason': 'rel_win1=68.4%（本命度） / 最有力組み合わせ確率: 0.130（推定実オッズ?10倍） / 2着集中度: 上位2艇 71.4%（補正+0.04） / 総合判定確率: 0.170 / → ヒモはやや固め。上位2艇以外を切ること', 'tenji_trigger': '展示確認: 1号艇伸び良→そのまま採用。悪→飛び組に差し替え。circle_pct上位2艇に絞り込むこと。\n展示で1号艇スタート超安定(0.139秒)→ヒモ固まり方向に注意'}",,,25.9,逃げ狙い,12.67,26.7,2,,,,,,,,,,,
2025-09-12,丸亀,9,1,佐々木和,A2,0.00,1,◎,57.6615,,0,93.7,0.1551,3.2911,,,0,低,141,0,逃1%,,0,82.6,1.0079,0.5897,,,,,0.041,0.1815,0.1815,○,,D,△,,,0.657,,0.4414,S,80,0,◎1着固定 2-3着流し（5〜8点）,0.5777,"{'is_target': True, 'verdict': '参加推奨', 'max_combo_prob': 0.0752, 'est_top_odds': 17.7, 'circle_concentration': 67.3, 'eligible_count': 6, 'bet_adj': 2, 'reason': 'rel_win1=57.7%（本命度） / 最有力組み合わせ確率: 0.075（推定実オッズ?18倍） / 2着集中度: 上位2艇 67.3%（補正+0.00） / 総合判定確率: 0.075 / → ヒモ分散。1号艇1着固定で広めのヒモ流し推奨（買い目+2点）', 'tenji_trigger': '展示確認: ヒモ分散レース。1号艇伸び確認後、広めのヒモ流しを採用。穴ヒモ（5・6号艇）を積極的に含める。'}",,,29.5,逃げ狙い,20.61,30.1,4,,,,,0,0,0.6155,0,,逃げ軸流し,A
2025-09-12,丸亀,9,2,吉原聖人,B1,0.00,2,,4.6964,30.5,98,48.2,0.177,3.6607,,,0,低,129,0,-,,0,63.1,0.8174,,,,,,0.2533,0.0667,0.3733,,,D,,,0.1147,0.5965,,0.4414,S,80,0,◎1着固定 2-3着流し（5〜8点）,0.5777,"{'is_target': True, 'verdict': '参加推奨', 'max_combo_prob': 0.0752, 'est_top_odds': 17.7, 'circle_concentration': 67.3, 'eligible_count': 6, 'bet_adj': 2, 'reason': 'rel_win1=57.7%（本命度） / 最有力組み合わせ確率: 0.075（推定実オッズ?18倍） / 2着集中度: 上位2艇 67.3%（補正+0.00） / 総合判定確率: 0.075 / → ヒモ分散。1号艇1着固定で広めのヒモ流し推奨（買い目+2点）', 'tenji_trigger': '展示確認: ヒモ分散レース。1号艇伸び確認後、広めのヒモ流しを採用。穴ヒモ（5・6号艇）を積極的に含める。'}",,,29.5,逃げ狙い,20.61,30.1,4,,,,,,,,,,,
2025-09-12,丸亀,9,3,内堀　学,A1,0.00,3,△,14.4146,36.8,72,67.7,0.1646,3.4692,,,0,低,152,0,-,,0,55.3,1.1617,0,0,0.0833,0.0833,0,0.0718,0.3015,0.041,,,D,△,,0.2713,0.603,,0.4414,S,80,0,◎1着固定 2-3着流し（5〜8点）,0.5777,"{'is_target': True, 'verdict': '参加推奨', 'max_combo_prob': 0.0752, 'est_top_odds': 17.7, 'circle_concentration': 67.3, 'eligible_count': 6, 'bet_adj': 2, 'reason': 'rel_win1=57.7%（本命度） / 最有力組み合わせ確率: 0.075（推定実オッズ?18倍） / 2着集中度: 上位2艇 67.3%（補正+0.00） / 総合判定確率: 0.075 / → ヒモ分散。1号艇1着固定で広めのヒモ流し推奨（買い目+2点）', 'tenji_trigger': '展示確認: ヒモ分散レース。1号艇伸び確認後、広めのヒモ流しを採用。穴ヒモ（5・6号艇）を積極的に含める。'}",,,29.5,逃げ狙い,20.61,30.1,4,,,,,,,,,,,
2025-09-12,丸亀,9,4,益田啓司,A2,0.00,4,▲,16.3454,22.1,100,67.2,0.1342,2.5075,,,0,低,80,0,-,,0,78,1.2953,0,0.0385,0.2308,0.0385,0,0.131,0.0129,0,,◎,D,◎,◎,0.4471,0.6665,0.4728,0.4414,S,80,0,◎1着固定 2-3着流し（5〜8点）,0.5777,"{'is_target': True, 'verdict': '参加推奨', 'max_combo_prob': 0.0752, 'est_top_odds': 17.7, 'circle_concentration': 67.3, 'eligible_count': 6, 'bet_adj': 2, 'reason': 'rel_win1=57.7%（本命度） / 最有力組み合わせ確率: 0.075（推定実オッズ?18倍） / 2着集中度: 上位2艇 67.3%（補正+0.00） / 総合判定確率: 0.075 / → ヒモ分散。1号艇1着固定で広めのヒモ流し推奨（買い目+2点）', 'tenji_trigger': '展示確認: ヒモ分散レース。1号艇伸び確認後、広めのヒモ流しを採用。穴ヒモ（5・6号艇）を積極的に含める。'}",,,29.5,逃げ狙い,20.61,30.1,4,,,,,,,,,,,
2025-09-12,丸亀,9,5,芝田浩治,A2,14.29,5,,5.6717,8.9,31,37.7,0.1681,3.4057,,,0,低,121,0,差ま0%,,0,27.9,1.1155,0,0,0,0.04,0,0.0296,0.0593,0.2185,,,C,○,,0.2625,0.6585,,0.4414,S,80,0,◎1着固定 2-3着流し（5〜8点）,0.5777,"{'is_target': True, 'verdict': '参加推奨', 'max_combo_prob': 0.0752, 'est_top_odds': 17.7, 'circle_concentration': 67.3, 'eligible_count': 6, 'bet_adj': 2, 'reason': 'rel_win1=57.7%（本命度） / 最有力組み合わせ確率: 0.075（推定実オッズ?18倍） / 2着集中度: 上位2艇 67.3%（補正+0.00） / 総合判定確率: 0.075 / → ヒモ分散。1号艇1着固定で広めのヒモ流し推奨（買い目+2点）', 'tenji_trigger': '展示確認: ヒモ分散レース。1号艇伸び確認後、広めのヒモ流しを採用。穴ヒモ（5・6号艇）を積極的に含める。'}",,,29.5,逃げ狙い,20.61,30.1,4,,,,,,,,,,,
2025-09-12,丸亀,9,6,萬　正嗣,B1,42.86,6,○,1.2105,1.7,53,11.8,0.2,4.7843,,,0,低,84,0,-,,0,30.5,0.8289,,,,,,0.2667,0.2333,0.1333,,,A,,,0.1981,0.599,,0.4414,S,80,0,◎1着固定 2-3着流し（5〜8点）,0.5777,"{'is_target': True, 'verdict': '参加推奨', 'max_combo_prob': 0.0752, 'est_top_odds': 17.7, 'circle_concentration': 67.3, 'eligible_count': 6, 'bet_adj': 2, 'reason': 'rel_win1=57.7%（本命度） / 最有力組み合わせ確率: 0.075（推定実オッズ?18倍） / 2着集中度: 上位2艇 67.3%（補正+0.00） / 総合判定確率: 0.075 / → ヒモ分散。1号艇1着固定で広めのヒモ流し推奨（買い目+2点）', 'tenji_trigger': '展示確認: ヒモ分散レース。1号艇伸び確認後、広めのヒモ流しを採用。穴ヒモ（5・6号艇）を積極的に含める。'}",,,29.5,逃げ狙い,20.61,30.1,4,,,,,,,,,,,
2025-09-12,丸亀,10,1,市川哲也,A2,0.00,1,◎,59.3484,,0,96,0.1257,2.2303,,,0,低,55,0,逃1%,,0,83.5,1.0335,0.7179,,,,,0.0256,0.0769,0.1026,◎,,D,◎,,,0.665,,0.6878,S,85,0,◎1着固定 2-3着流し（5〜8点）,0.5777,"{'is_target': True, 'verdict': '点数絞り', 'max_combo_prob': 0.0947, 'est_top_odds': 14.1, 'circle_concentration': 75.5, 'eligible_count': 6, 'bet_adj': 0, 'reason': 'rel_win1=59.3%（本命度） / 最有力組み合わせ確率: 0.095（推定実オッズ?14倍） / 2着集中度: 上位2艇 75.5%（補正+0.04） / 総合判定確率: 0.135 / → ヒモはやや固め。上位2艇以外を切ること', 'tenji_trigger': '展示確認: 1号艇伸び良→そのまま採用。悪→飛び組に差し替え。circle_pct上位2艇に絞り込むこと。\n展示で1号艇スタート超安定(0.126秒)→ヒモ固まり方向に注意'}",,,27.1,逃げ狙い,18.53,25.1,3,,,,,0,0,0.7559,0,,逃げ軸流し,A
2025-09-12,丸亀,10,2,田路朋史,A1,14.29,2,,10.0902,48.5,81,68.1,0.1642,3.0725,,,0,低,140,0,差0% ま0%,,0,58.6,1.0821,0,0.0556,0.1667,0,0,0.1312,0.1312,0.1675,,,C,,,0.0763,0.6175,,0.6878,S,85,0,◎1着固定 2-3着流し（5〜8点）,0.5777,"{'is_target': True, 'verdict': '点数絞り', 'max_combo_prob': 0.0947, 'est_top_odds': 14.1, 'circle_concentration': 75.5, 'eligible_count': 6, 'bet_adj': 0, 'reason': 'rel_win1=59.3%（本命度） / 最有力組み合わせ確率: 0.095（推定実オッズ?14倍） / 2着集中度: 上位2艇 75.5%（補正+0.04） / 総合判定確率: 0.135 / → ヒモはやや固め。上位2艇以外を切ること', 'tenji_trigger': '展示確認: 1号艇伸び良→そのまま採用。悪→飛び組に差し替え。circle_pct上位2艇に絞り込むこと。\n展示で1号艇スタート超安定(0.126秒)→ヒモ固まり方向に注意'}",,,27.1,逃げ狙い,18.53,25.1,3,,,,,,,,,,,
2025-09-12,丸亀,10,3,北川太一,A2,28.57,3,▲,13.9746,27,100,62.5,0.1491,3.1964,,,0,低,110,0,差0% 差ま0%,,0,65.4,1.254,0,0.0909,0,0.2273,0,0,0.1563,0.242,,,B,△,,0.215,0.6235,,0.6878,S,85,0,◎1着固定 2-3着流し（5〜8点）,0.5777,"{'is_target': True, 'verdict': '点数絞り', 'max_combo_prob': 0.0947, 'est_top_odds': 14.1, 'circle_concentration': 75.5, 'eligible_count': 6, 'bet_adj': 0, 'reason': 'rel_win1=59.3%（本命度） / 最有力組み合わせ確率: 0.095（推定実オッズ?14倍） / 2着集中度: 上位2艇 75.5%（補正+0.04） / 総合判定確率: 0.135 / → ヒモはやや固め。上位2艇以外を切ること', 'tenji_trigger': '展示確認: 1号艇伸び良→そのまま採用。悪→飛び組に差し替え。circle_pct上位2艇に絞り込むこと。\n展示で1号艇スタート超安定(0.126秒)→ヒモ固まり方向に注意'}",,,27.1,逃げ狙い,18.53,25.1,3,,,,,,,,,,,
2025-09-12,丸亀,10,4,島川海輝,A2,33.33,4,○,8.3099,12.9,82,44.7,0.1623,3.4574,,,0,低,76,0,ま0% 差ま0%,,0,54.6,0.9747,0,0,0.1053,0.0526,0,0.0296,0.1296,0.1593,,,A,○,◎,0.1583,0.663,0.3033,0.6878,S,85,0,◎1着固定 2-3着流し（5〜8点）,0.5777,"{'is_target': True, 'verdict': '点数絞り', 'max_combo_prob': 0.0947, 'est_top_odds': 14.1, 'circle_concentration': 75.5, 'eligible_count': 6, 'bet_adj': 0, 'reason': 'rel_win1=59.3%（本命度） / 最有力組み合わせ確率: 0.095（推定実オッズ?14倍） / 2着集中度: 上位2艇 75.5%（補正+0.04） / 総合判定確率: 0.135 / → ヒモはやや固め。上位2艇以外を切ること', 'tenji_trigger': '展示確認: 1号艇伸び良→そのまま採用。悪→飛び組に差し替え。circle_pct上位2艇に絞り込むこと。\n展示で1号艇スタート超安定(0.126秒)→ヒモ固まり方向に注意'}",,,27.1,逃げ狙い,18.53,25.1,3,,,,,,,,,,,
2025-09-12,丸亀,10,5,渡邉真奈,B2,0.00,5,△,6.7873,11.3,96,48,0.1268,2.36,,,0,低,39,0,差0% ま0% 差ま0%,,0,84.3,1.3967,0,0.0769,0.0769,0.0769,0,0.0571,0.3143,0.3143,,,D,,,0.2981,0.5765,,0.6878,S,85,0,◎1着固定 2-3着流し（5〜8点）,0.5777,"{'is_target': True, 'verdict': '点数絞り', 'max_combo_prob': 0.0947, 'est_top_odds': 14.1, 'circle_concentration': 75.5, 'eligible_count': 6, 'bet_adj': 0, 'reason': 'rel_win1=59.3%（本命度） / 最有力組み合わせ確率: 0.095（推定実オッズ?14倍） / 2着集中度: 上位2艇 75.5%（補正+0.04） / 総合判定確率: 0.135 / → ヒモはやや固め。上位2艇以外を切ること', 'tenji_trigger': '展示確認: 1号艇伸び良→そのまま採用。悪→飛び組に差し替え。circle_pct上位2艇に絞り込むこと。\n展示で1号艇スタート超安定(0.126秒)→ヒモ固まり方向に注意'}",,,27.1,逃げ狙い,18.53,25.1,3,,,,,,,,,,,
2025-09-12,丸亀,10,6,西原明生,B1,0.00,6,,1.4896,0.3,26,12.8,0.2204,5.0745,,,0,低,192,0,-,,0,30.3,0.6239,,,,,,0.2571,0.2571,0.2762,,,D,△,,0.1362,0.641,,0.6878,S,85,0,◎1着固定 2-3着流し（5〜8点）,0.5777,"{'is_target': True, 'verdict': '点数絞り', 'max_combo_prob': 0.0947, 'est_top_odds': 14.1, 'circle_concentration': 75.5, 'eligible_count': 6, 'bet_adj': 0, 'reason': 'rel_win1=59.3%（本命度） / 最有力組み合わせ確率: 0.095（推定実オッズ?14倍） / 2着集中度: 上位2艇 75.5%（補正+0.04） / 総合判定確率: 0.135 / → ヒモはやや固め。上位2艇以外を切ること', 'tenji_trigger': '展示確認: 1号艇伸び良→そのまま採用。悪→飛び組に差し替え。circle_pct上位2艇に絞り込むこと。\n展示で1号艇スタート超安定(0.126秒)→ヒモ固まり方向に注意'}",,,27.1,逃げ狙い,18.53,25.1,3,,,,,,,,,,,
2025-09-12,丸亀,11,1,小野達哉,A1,0.00,1,◎,59.1053,,0,92.9,0.1504,2.9192,,,0,低,87,0,逃1%,,0,82.8,1.0057,0.8095,,,,,0.0095,0.0286,0.0286,◎,,E,◎,,,0.6745,,0.5825,S,87,0,◎1着固定 2-3着流し（5〜8点）,0.5777,"{'is_target': True, 'verdict': '点数絞り', 'max_combo_prob': 0.089, 'est_top_odds': 15.0, 'circle_concentration': 74.3, 'eligible_count': 6, 'bet_adj': 0, 'reason': 'rel_win1=59.1%（本命度） / 最有力組み合わせ確率: 0.089（推定実オッズ?15倍） / 2着集中度: 上位2艇 74.3%（補正+0.04） / 総合判定確率: 0.129 / → ヒモはやや固め。上位2艇以外を切ること', 'tenji_trigger': '展示確認: 1号艇伸び良→そのまま採用。悪→飛び組に差し替え。circle_pct上位2艇に絞り込むこと。'}",,,26.4,逃げ狙い,17.59,23.9,3,,,,,0,0,0.7559,0,,逃げ軸流し,A
2025-09-12,丸亀,11,2,木谷賢太,A2,40.00,2,▲,18.085,48.5,78,76.4,0.152,3.5909,,,0,低,107,0,差0%,,0,44.7,0.9224,0,0.25,0.0357,0,0,0.0343,0.0114,0.1957,,◎,A,○,,0.3399,0.663,,0.5825,S,87,0,◎1着固定 2-3着流し（5〜8点）,0.5777,"{'is_target': True, 'verdict': '点数絞り', 'max_combo_prob': 0.089, 'est_top_odds': 15.0, 'circle_concentration': 74.3, 'eligible_count': 6, 'bet_adj': 0, 'reason': 'rel_win1=59.1%（本命度） / 最有力組み合わせ確率: 0.089（推定実オッズ?15倍） / 2着集中度: 上位2艇 74.3%（補正+0.04） / 総合判定確率: 0.129 / → ヒモはやや固め。上位2艇以外を切ること', 'tenji_trigger': '展示確認: 1号艇伸び良→そのまま採用。悪→飛び組に差し替え。circle_pct上位2艇に絞り込むこと。'}",,,26.4,逃げ狙い,17.59,23.9,3,,,,,,,,,,,
2025-09-12,丸亀,11,3,柳内敬太,A2,14.29,3,△,13.1482,25.8,100,70,0.1462,3.125,,,0,低,138,0,差ま1%,,0,22.5,0.7056,0,0,0,0.12,0,0.0705,0.0211,0.0421,,,C,,,0.3211,0.6035,,0.5825,S,87,0,◎1着固定 2-3着流し（5〜8点）,0.5777,"{'is_target': True, 'verdict': '点数絞り', 'max_combo_prob': 0.089, 'est_top_odds': 15.0, 'circle_concentration': 74.3, 'eligible_count': 6, 'bet_adj': 0, 'reason': 'rel_win1=59.1%（本命度） / 最有力組み合わせ確率: 0.089（推定実オッズ?15倍） / 2着集中度: 上位2艇 74.3%（補正+0.04） / 総合判定確率: 0.129 / → ヒモはやや固め。上位2艇以外を切ること', 'tenji_trigger': '展示確認: 1号艇伸び良→そのまま採用。悪→飛び組に差し替え。circle_pct上位2艇に絞り込むこと。'}",,,26.4,逃げ狙い,17.59,23.9,3,,,,,,,,,,,
2025-09-12,丸亀,11,4,田邉亮蔵,B1,0.00,4,,4.0809,8,76,33.9,0.1755,3.6855,,,0,低,163,0,-,,0,81.7,0.7228,0,0,0.0312,0,0,0.0429,0.2071,0.0571,,,E,△,,0.183,0.64,,0.5825,S,87,0,◎1着固定 2-3着流し（5〜8点）,0.5777,"{'is_target': True, 'verdict': '点数絞り', 'max_combo_prob': 0.089, 'est_top_odds': 15.0, 'circle_concentration': 74.3, 'eligible_count': 6, 'bet_adj': 0, 'reason': 'rel_win1=59.1%（本命度） / 最有力組み合わせ確率: 0.089（推定実オッズ?15倍） / 2着集中度: 上位2艇 74.3%（補正+0.04） / 総合判定確率: 0.129 / → ヒモはやや固め。上位2艇以外を切ること', 'tenji_trigger': '展示確認: 1号艇伸び良→そのまま採用。悪→飛び組に差し替え。circle_pct上位2艇に絞り込むこと。'}",,,26.4,逃げ狙い,17.59,23.9,3,,,,,,,,,,,
2025-09-12,丸亀,11,5,中　亮太,A2,55.56,5,○,4.689,16,97,48.8,0.1346,2.4146,,,0,低,35,0,差ま0%,,0,82,1.3333,0,0,0,0.0588,0,0.0833,0.0833,0.125,,,A,△,,0.3387,0.656,,0.5825,S,87,0,◎1着固定 2-3着流し（5〜8点）,0.5777,"{'is_target': True, 'verdict': '点数絞り', 'max_combo_prob': 0.089, 'est_top_odds': 15.0, 'circle_concentration': 74.3, 'eligible_count': 6, 'bet_adj': 0, 'reason': 'rel_win1=59.1%（本命度） / 最有力組み合わせ確率: 0.089（推定実オッズ?15倍） / 2着集中度: 上位2艇 74.3%（補正+0.04） / 総合判定確率: 0.129 / → ヒモはやや固め。上位2艇以外を切ること', 'tenji_trigger': '展示確認: 1号艇伸び良→そのまま採用。悪→飛び組に差し替え。circle_pct上位2艇に絞り込むこと。'}",,,26.4,逃げ狙い,17.59,23.9,3,,,,,,,,,,,
2025-09-12,丸亀,11,6,齊藤　優,A2,0.00,6,,0.8916,1.7,49,21.3,0.1781,4.2979,,,0,低,103,0,-,,0,30.4,1.4306,,,,,,0.0923,0.3923,0.0462,,,E,,,0.225,0.6325,,0.5825,S,87,0,◎1着固定 2-3着流し（5〜8点）,0.5777,"{'is_target': True, 'verdict': '点数絞り', 'max_combo_prob': 0.089, 'est_top_odds': 15.0, 'circle_concentration': 74.3, 'eligible_count': 6, 'bet_adj': 0, 'reason': 'rel_win1=59.1%（本命度） / 最有力組み合わせ確率: 0.089（推定実オッズ?15倍） / 2着集中度: 上位2艇 74.3%（補正+0.04） / 総合判定確率: 0.129 / → ヒモはやや固め。上位2艇以外を切ること', 'tenji_trigger': '展示確認: 1号艇伸び良→そのまま採用。悪→飛び組に差し替え。circle_pct上位2艇に絞り込むこと。'}",,,26.4,逃げ狙い,17.59,23.9,3,,,,,,,,,,,
2025-09-12,丸亀,12,1,平尾崇典,A1,66.67,1,◎,59.1936,,0,92,0.1577,3.4667,,,0,低,104,0,逃1%,,0,59.6,0.9981,0.6667,,,,,0.0278,0.0833,0.1389,◎,,A,,,,0.6045,,0.5124,S,86,0,◎1着固定 2-3着流し（5〜8点）,0.5777,"{'is_target': True, 'verdict': '参加推奨', 'max_combo_prob': 0.0649, 'est_top_odds': 20.5, 'circle_concentration': 62.4, 'eligible_count': 6, 'bet_adj': 2, 'reason': 'rel_win1=59.2%（本命度） / 最有力組み合わせ確率: 0.065（推定実オッズ?20倍） / 2着集中度: 上位2艇 62.4%（補正+0.00） / 総合判定確率: 0.065 / → ヒモ分散。1号艇1着固定で広めのヒモ流し推奨（買い目+2点）', 'tenji_trigger': '展示確認: ヒモ分散レース。1号艇伸び確認後、広めのヒモ流しを採用。穴ヒモ（5・6号艇）を積極的に含める。'}",,,24.4,逃げ狙い,24.09,27,3,,,,,0,0,0.7559,0,,逃げ軸流し,A
2025-09-12,丸亀,12,2,大澤普司,A1,0.00,2,,10.2544,31.4,48,57.5,0.16,3.2979,,,0,低,96,0,差0%,,0,30,0.9345,0,0.1429,0,0,0,0.103,0.1515,0.0364,,,E,△,,0.314,0.6095,,0.5124,S,86,0,◎1着固定 2-3着流し（5〜8点）,0.5777,"{'is_target': True, 'verdict': '参加推奨', 'max_combo_prob': 0.0649, 'est_top_odds': 20.5, 'circle_concentration': 62.4, 'eligible_count': 6, 'bet_adj': 2, 'reason': 'rel_win1=59.2%（本命度） / 最有力組み合わせ確率: 0.065（推定実オッズ?20倍） / 2着集中度: 上位2艇 62.4%（補正+0.00） / 総合判定確率: 0.065 / → ヒモ分散。1号艇1着固定で広めのヒモ流し推奨（買い目+2点）', 'tenji_trigger': '展示確認: ヒモ分散レース。1号艇伸び確認後、広めのヒモ流しを採用。穴ヒモ（5・6号艇）を積極的に含める。'}",,,24.4,逃げ狙い,24.09,27,3,,,,,,,,,,,
2025-09-12,丸亀,12,3,三浦永理,A1,28.57,3,○,10.6124,31.1,36,57.9,0.1774,3.2368,,,0,低,43,0,ま0% 差ま0% 抜0%,,0,89.2,1.0904,0,0,0.0714,0.0714,0.0714,0.0167,0.05,0.1867,,,B,○,,0.2055,0.678,,0.5124,S,86,0,◎1着固定 2-3着流し（5〜8点）,0.5777,"{'is_target': True, 'verdict': '参加推奨', 'max_combo_prob': 0.0649, 'est_top_odds': 20.5, 'circle_concentration': 62.4, 'eligible_count': 6, 'bet_adj': 2, 'reason': 'rel_win1=59.2%（本命度） / 最有力組み合わせ確率: 0.065（推定実オッズ?20倍） / 2着集中度: 上位2艇 62.4%（補正+0.00） / 総合判定確率: 0.065 / → ヒモ分散。1号艇1着固定で広めのヒモ流し推奨（買い目+2点）', 'tenji_trigger': '展示確認: ヒモ分散レース。1号艇伸び確認後、広めのヒモ流しを採用。穴ヒモ（5・6号艇）を積極的に含める。'}",,,24.4,逃げ狙い,24.09,27,3,,,,,,,,,,,
2025-09-12,丸亀,12,4,末永祐輝,A1,0.00,4,▲,8.6171,16.6,100,68.5,0.1522,2.9907,,,0,低,113,0,-,,0,97.5,1.8862,0,0,0.1111,0.1111,0,0.0465,0.1039,0.1132,,,E,△,◎,0.3479,0.653,0.3238,0.5124,S,86,0,◎1着固定 2-3着流し（5〜8点）,0.5777,"{'is_target': True, 'verdict': '参加推奨', 'max_combo_prob': 0.0649, 'est_top_odds': 20.5, 'circle_concentration': 62.4, 'eligible_count': 6, 'bet_adj': 2, 'reason': 'rel_win1=59.2%（本命度） / 最有力組み合わせ確率: 0.065（推定実オッズ?20倍） / 2着集中度: 上位2艇 62.4%（補正+0.00） / 総合判定確率: 0.065 / → ヒモ分散。1号艇1着固定で広めのヒモ流し推奨（買い目+2点）', 'tenji_trigger': '展示確認: ヒモ分散レース。1号艇伸び確認後、広めのヒモ流しを採用。穴ヒモ（5・6号艇）を積極的に含める。'}",,,24.4,逃げ狙い,24.09,27,3,,,,,,,,,,,
2025-09-12,丸亀,12,5,大須賀友,A1,0.00,5,,6.9532,18.2,71,56.2,0.1579,3.4167,,,0,低,116,0,-,,0,33.3,1.7636,0,0,0.0435,0,0.0435,0.0516,0.1258,0.0129,,,E,,○,0.2959,0.599,0.2152,0.5124,S,86,0,◎1着固定 2-3着流し（5〜8点）,0.5777,"{'is_target': True, 'verdict': '参加推奨', 'max_combo_prob': 0.0649, 'est_top_odds': 20.5, 'circle_concentration': 62.4, 'eligible_count': 6, 'bet_adj': 2, 'reason': 'rel_win1=59.2%（本命度） / 最有力組み合わせ確率: 0.065（推定実オッズ?20倍） / 2着集中度: 上位2艇 62.4%（補正+0.00） / 総合判定確率: 0.065 / → ヒモ分散。1号艇1着固定で広めのヒモ流し推奨（買い目+2点）', 'tenji_trigger': '展示確認: ヒモ分散レース。1号艇伸び確認後、広めのヒモ流しを採用。穴ヒモ（5・6号艇）を積極的に含める。'}",,,24.4,逃げ狙い,24.09,27,3,,,,,,,,,,,
2025-09-12,丸亀,12,6,井上一輝,A1,14.29,6,△,4.3693,2.8,79,48.1,0.1352,2.8241,,,0,低,55,0,ま0% 差ま0%,,0,90.8,1.9333,0,0,0.0455,0.0455,0,0.025,0.025,0.025,,,D,◎,,0.3746,0.691,,0.5124,S,86,0,◎1着固定 2-3着流し（5〜8点）,0.5777,"{'is_target': True, 'verdict': '参加推奨', 'max_combo_prob': 0.0649, 'est_top_odds': 20.5, 'circle_concentration': 62.4, 'eligible_count': 6, 'bet_adj': 2, 'reason': 'rel_win1=59.2%（本命度） / 最有力組み合わせ確率: 0.065（推定実オッズ?20倍） / 2着集中度: 上位2艇 62.4%（補正+0.00） / 総合判定確率: 0.065 / → ヒモ分散。1号艇1着固定で広めのヒモ流し推奨（買い目+2点）', 'tenji_trigger': '展示確認: ヒモ分散レース。1号艇伸び確認後、広めのヒモ流しを採用。穴ヒモ（5・6号艇）を積極的に含める。'}",,,24.4,逃げ狙い,24.09,27,3,,,,,,,,,,,
2025-09-13,丸亀,1,1,金田大輔,B1,0.00,1,◎,57.8384,,0,80,0.1376,3,,,0,低,99,0,逃1%,46,0,84.6,1.0493,0.55,,,,,0.2,0.1,0.1,◎,,E,△,,,0.587,,0.6096,A,69,0,◎-○軸 3着3〜4艇流し（10〜15点）,0.5777,"{'is_target': True, 'verdict': '点数絞り', 'max_combo_prob': 0.1027, 'est_top_odds': 13.0, 'circle_concentration': 79.8, 'eligible_count': 8, 'bet_adj': 0, 'reason': 'rel_win1=57.8%（本命度） / 最有力組み合わせ確率: 0.103（推定実オッズ?13倍） / 2着集中度: 上位2艇 79.8%（補正+0.04） / 総合判定確率: 0.143 / → ヒモはやや固め。上位2艇以外を切ること', 'tenji_trigger': '展示確認: 1号艇伸び良→そのまま採用。悪→飛び組に差し替え。circle_pct上位2艇に絞り込むこと。\n展示で1号艇スタート超安定(0.138秒)→ヒモ固まり方向に注意'}",,,27.9,逃げ狙い,13.3,31.7,2,,,,,0,0,0.7559,0,,逃げ軸流し,A
2025-09-13,丸亀,1,2,原田佑実,B1,25.00,2,△,13.8021,42.7,100,62.5,0.1769,3.2188,,,0,低,29,0,-,2,0,33.4,0.8084,0,0.1111,0,0,0,0,0,0.25,,,C,◎,,0.075,0.6345,,0.6096,A,69,0,◎-○軸 3着3〜4艇流し（10〜15点）,0.5777,"{'is_target': True, 'verdict': '点数絞り', 'max_combo_prob': 0.1027, 'est_top_odds': 13.0, 'circle_concentration': 79.8, 'eligible_count': 8, 'bet_adj': 0, 'reason': 'rel_win1=57.8%（本命度） / 最有力組み合わせ確率: 0.103（推定実オッズ?13倍） / 2着集中度: 上位2艇 79.8%（補正+0.04） / 総合判定確率: 0.143 / → ヒモはやや固め。上位2艇以外を切ること', 'tenji_trigger': '展示確認: 1号艇伸び良→そのまま採用。悪→飛び組に差し替え。circle_pct上位2艇に絞り込むこと。\n展示で1号艇スタート超安定(0.138秒)→ヒモ固まり方向に注意'}",,,27.9,逃げ狙い,13.3,31.7,2,,,,,,,,,,,
2025-09-13,丸亀,1,3,山口　亮,B1,40.00,3,▲,11.4355,37.1,41,43.9,0.1798,3.8485,,,0,低,167,0,差0% ま0%,5,0,37.7,0.9279,0,0.0357,0.0714,0,0,0.0333,0.3067,0.1533,,,A,△,,0.1137,0.5775,,0.6096,A,69,0,◎-○軸 3着3〜4艇流し（10〜15点）,0.5777,"{'is_target': True, 'verdict': '点数絞り', 'max_combo_prob': 0.1027, 'est_top_odds': 13.0, 'circle_concentration': 79.8, 'eligible_count': 8, 'bet_adj': 0, 'reason': 'rel_win1=57.8%（本命度） / 最有力組み合わせ確率: 0.103（推定実オッズ?13倍） / 2着集中度: 上位2艇 79.8%（補正+0.04） / 総合判定確率: 0.143 / → ヒモはやや固め。上位2艇以外を切ること', 'tenji_trigger': '展示確認: 1号艇伸び良→そのまま採用。悪→飛び組に差し替え。circle_pct上位2艇に絞り込むこと。\n展示で1号艇スタート超安定(0.138秒)→ヒモ固まり方向に注意'}",,,27.9,逃げ狙い,13.3,31.7,2,,,,,,,,,,,
2025-09-13,丸亀,1,4,占部一真,B1,0.00,4,,10.1614,9.9,36,26.5,0.1869,4.0368,,,0,低,119,0,差ま0%,6,0,39.1,0.5764,0,0,0.0645,0.0323,0,0.1333,0.2,0.2667,,,E,○,◎,0.1181,0.595,0.2019,0.6096,A,69,0,◎-○軸 3着3〜4艇流し（10〜15点）,0.5777,"{'is_target': True, 'verdict': '点数絞り', 'max_combo_prob': 0.1027, 'est_top_odds': 13.0, 'circle_concentration': 79.8, 'eligible_count': 8, 'bet_adj': 0, 'reason': 'rel_win1=57.8%（本命度） / 最有力組み合わせ確率: 0.103（推定実オッズ?13倍） / 2着集中度: 上位2艇 79.8%（補正+0.04） / 総合判定確率: 0.143 / → ヒモはやや固め。上位2艇以外を切ること', 'tenji_trigger': '展示確認: 1号艇伸び良→そのまま採用。悪→飛び組に差し替え。circle_pct上位2艇に絞り込むこと。\n展示で1号艇スタート超安定(0.138秒)→ヒモ固まり方向に注意'}",,,27.9,逃げ狙い,13.3,31.7,2,,,,,,,,,,,
2025-09-13,丸亀,1,5,三嶌さら,B1,44.44,5,○,4.4449,9.4,41,16.7,0.1812,4.381,,,0,低,82,0,-,6,0,28.5,0.6048,,,,,,0,0.25,0,,,A,,,0.1737,0.576,,0.6096,A,69,0,◎-○軸 3着3〜4艇流し（10〜15点）,0.5777,"{'is_target': True, 'verdict': '点数絞り', 'max_combo_prob': 0.1027, 'est_top_odds': 13.0, 'circle_concentration': 79.8, 'eligible_count': 8, 'bet_adj': 0, 'reason': 'rel_win1=57.8%（本命度） / 最有力組み合わせ確率: 0.103（推定実オッズ?13倍） / 2着集中度: 上位2艇 79.8%（補正+0.04） / 総合判定確率: 0.143 / → ヒモはやや固め。上位2艇以外を切ること', 'tenji_trigger': '展示確認: 1号艇伸び良→そのまま採用。悪→飛び組に差し替え。circle_pct上位2艇に絞り込むこと。\n展示で1号艇スタート超安定(0.138秒)→ヒモ固まり方向に注意'}",,,27.9,逃げ狙い,13.3,31.7,2,,,,,,,,,,,
2025-09-13,丸亀,1,6,胡本悟志,B1,0.00,6,,2.3176,0.9,32,11.4,0.1823,4.0455,,,0,低,123,0,-,4,0,20.2,0.8044,,,,,,0.4067,0.08,0.0267,,,E,,,0.1678,0.5535,,0.6096,A,69,0,◎-○軸 3着3〜4艇流し（10〜15点）,0.5777,"{'is_target': True, 'verdict': '点数絞り', 'max_combo_prob': 0.1027, 'est_top_odds': 13.0, 'circle_concentration': 79.8, 'eligible_count': 8, 'bet_adj': 0, 'reason': 'rel_win1=57.8%（本命度） / 最有力組み合わせ確率: 0.103（推定実オッズ?13倍） / 2着集中度: 上位2艇 79.8%（補正+0.04） / 総合判定確率: 0.143 / → ヒモはやや固め。上位2艇以外を切ること', 'tenji_trigger': '展示確認: 1号艇伸び良→そのまま採用。悪→飛び組に差し替え。circle_pct上位2艇に絞り込むこと。\n展示で1号艇スタート超安定(0.138秒)→ヒモ固まり方向に注意'}",,,27.9,逃げ狙い,13.3,31.7,2,,,,,,,,,,,
2025-09-13,丸亀,2,1,中井俊祐,B1,0.00,1,○,43.9381,,0,65.5,0.1842,3.7364,,,0,低,130,0,逃0%,5,0,36.6,0.7165,0.2917,,,,,0.1333,0.3167,0.2,△,,E,△,,,0.6095,,0.2524,B,50,0,◎○△フォーメーション（15〜20点）,0.5777,"{'is_target': False, 'verdict': '対象外', 'max_combo_prob': None, 'est_top_odds': None, 'circle_concentration': None, 'eligible_count': 0, 'bet_adj': 0, 'reason': '1号艇rel_win1 < 45%: 通常判定に委ねる', 'tenji_trigger': ''}",,,31.8,両建て推奨,19.25,38,2,3-1-4|3-1-5|1-3-5|1-2-3|1-2-5|1-3-2|1-4-3,6-1-2|4-1-5|6-2-1|6-1-4|3-1-4|6-4-1|3-1-5|1-3-5|1-2-3|1-2-5|1-3-2|1-4-3,3-1-4:2.04%|3-1-5:1.84%|1-3-5:7.08%|1-2-3:6.97%|1-2-5:6.67%|1-3-2:5.9%|1-4-3:3.86%,3-1-4:B_main|3-1-5:B_main|1-3-5:A|1-2-3:A|1-2-5:A|1-3-2:A|1-4-3:A,7,12,0.4535,1,[!]見送り推奨（主役決まり手「まくり差し」― 逃げ劣勢レースで的中実績なし）,荒れ広め,D
2025-09-13,丸亀,2,2,喜多須杏,B1,50.00,2,▲,18.1207,34.1,52,53.3,0.1737,3.6333,,,0,低,60,0,-,3,0,37.7,0.9517,,,,,,0,0.1429,0.1429,,○,A,△,,0.4525,0.62,,0.2524,B,50,0,◎○△フォーメーション（15〜20点）,0.5777,"{'is_target': False, 'verdict': '対象外', 'max_combo_prob': None, 'est_top_odds': None, 'circle_concentration': None, 'eligible_count': 0, 'bet_adj': 0, 'reason': '1号艇rel_win1 < 45%: 通常判定に委ねる', 'tenji_trigger': ''}",,,31.8,両建て推奨,19.25,38,2,,,,,,,,,,,
2025-09-13,丸亀,2,3,中　亮太,A2,55.56,3,◎,20.8047,38.6,72,62.9,0.1209,2.4429,,,0,低,35,0,差ま0% 抜0%,35,0,81.7,1.4488,0,0,0,0.1333,0.0667,0.0833,0.0833,0.125,,◎,A,○,,0.5202,0.656,,0.2524,B,50,0,◎○△フォーメーション（15〜20点）,0.5777,"{'is_target': False, 'verdict': '対象外', 'max_combo_prob': None, 'est_top_odds': None, 'circle_concentration': None, 'eligible_count': 0, 'bet_adj': 0, 'reason': '1号艇rel_win1 < 45%: 通常判定に委ねる', 'tenji_trigger': ''}",,,31.8,両建て推奨,19.25,38,2,,,,,,,,,,,
2025-09-13,丸亀,2,4,板倉敦史,B1,50.00,4,△,9.1852,14.2,67,34.9,0.1876,4.2063,,,0,低,163,0,-,5,0,26,0.8187,0,0,0.04,0.04,0,0.28,0.32,0.04,,,A,,,0.3196,0.557,,0.2524,B,50,0,◎○△フォーメーション（15〜20点）,0.5777,"{'is_target': False, 'verdict': '対象外', 'max_combo_prob': None, 'est_top_odds': None, 'circle_concentration': None, 'eligible_count': 0, 'bet_adj': 0, 'reason': '1号艇rel_win1 < 45%: 通常判定に委ねる', 'tenji_trigger': ''}",,,31.8,両建て推奨,19.25,38,2,,,,,,,,,,,
2025-09-13,丸亀,2,5,宮崎　奨,A2,14.29,5,,6.3693,9.8,100,52.6,0.176,3.9561,,,0,低,134,0,-,3,0,68,1.1588,,,,,,0.0343,0.1571,0.2686,,,E,◎,,0.3867,0.658,,0.2524,B,50,0,◎○△フォーメーション（15〜20点）,0.5777,"{'is_target': False, 'verdict': '対象外', 'max_combo_prob': None, 'est_top_odds': None, 'circle_concentration': None, 'eligible_count': 0, 'bet_adj': 0, 'reason': '1号艇rel_win1 < 45%: 通常判定に委ねる', 'tenji_trigger': ''}",,,31.8,両建て推奨,19.25,38,2,,,,,,,,,,,
2025-09-13,丸亀,2,6,鈴木唯央,B1,28.57,6,,1.5821,3.4,22,12.6,0.1761,4.0168,,,0,低,86,0,-,45,0,45.2,0.9833,,,,,,0,1,0,,,C,,,0.3833,0.5285,,0.2524,B,50,0,◎○△フォーメーション（15〜20点）,0.5777,"{'is_target': False, 'verdict': '対象外', 'max_combo_prob': None, 'est_top_odds': None, 'circle_concentration': None, 'eligible_count': 0, 'bet_adj': 0, 'reason': '1号艇rel_win1 < 45%: 通常判定に委ねる', 'tenji_trigger': ''}",,,31.8,両建て推奨,19.25,38,2,,,,,,,,,,,
2025-09-13,丸亀,3,1,吉原聖人,B1,0.00,1,○,40.6659,,0,68.2,0.1482,2.9773,,,0,低,129,0,逃0%,34,0,58.3,0.861,0.1667,,,,,0.2533,0.0667,0.3733,○,,D,,,,0.5965,,0.3462,C,39,0,荒れ傾向。高配当狙いか見送り,0.5777,"{'is_target': False, 'verdict': '対象外', 'max_combo_prob': None, 'est_top_odds': None, 'circle_concentration': None, 'eligible_count': 0, 'bet_adj': 0, 'reason': '1号艇rel_win1 < 45%: 通常判定に委ねる', 'tenji_trigger': ''}",,,30.4,両建て推奨,16.51,36.1,3,,,,,0,0,0.6155,0,,主役軸流し,B
2025-09-13,丸亀,3,2,小川日紀,B1,0.00,2,△,13.2091,38.7,75,47.5,0.1531,3.2034,,,0,低,96,0,差0%,5,0,55.7,0.8141,0,0.0357,0,0,0,0.1905,0.2857,0.0952,,,D,△,,0.2953,0.601,,0.3462,C,39,0,荒れ傾向。高配当狙いか見送り,0.5777,"{'is_target': False, 'verdict': '対象外', 'max_combo_prob': None, 'est_top_odds': None, 'circle_concentration': None, 'eligible_count': 0, 'bet_adj': 0, 'reason': '1号艇rel_win1 < 45%: 通常判定に委ねる', 'tenji_trigger': ''}",,,30.4,両建て推奨,16.51,36.1,3,,,,,,,,,,,
2025-09-13,丸亀,3,3,藤原菜希,A2,40.00,3,◎,23.2385,36.7,92,69.6,0.1665,2.6522,,,0,低,33,0,ま0% 差ま0%,2,0,85.7,1.6102,0,0,0.2,0.1,0,0.1429,0.1429,0.0714,,,A,△,,0.2596,0.6005,,0.3462,C,39,0,荒れ傾向。高配当狙いか見送り,0.5777,"{'is_target': False, 'verdict': '対象外', 'max_combo_prob': None, 'est_top_odds': None, 'circle_concentration': None, 'eligible_count': 0, 'bet_adj': 0, 'reason': '1号艇rel_win1 < 45%: 通常判定に委ねる', 'tenji_trigger': ''}",,,30.4,両建て推奨,16.51,36.1,3,,,,,,,,,,,
2025-09-13,丸亀,3,4,伊久間陽,B1,0.00,4,▲,15.5841,20,100,53.2,0.1285,2.7234,,,0,低,57,0,差0% ま0% 差ま0% 抜0%,6,0,76.9,1.3566,0,0.04,0.04,0.04,0.04,0.0706,0.1906,0.0235,,,D,○,◎,0.3706,0.6015,0.4464,0.3462,C,39,0,荒れ傾向。高配当狙いか見送り,0.5777,"{'is_target': False, 'verdict': '対象外', 'max_combo_prob': None, 'est_top_odds': None, 'circle_concentration': None, 'eligible_count': 0, 'bet_adj': 0, 'reason': '1号艇rel_win1 < 45%: 通常判定に委ねる', 'tenji_trigger': ''}",,,30.4,両建て推奨,16.51,36.1,3,,,,,,,,,,,
2025-09-13,丸亀,3,5,原村拓也,B1,28.57,5,,6.0013,2.7,75,30.9,0.1841,3.8382,,,0,低,159,0,-,2,0,29.1,1.0986,,,,,,0.3114,0.1257,0.02,,,B,,,0.2088,0.5855,,0.3462,C,39,0,荒れ傾向。高配当狙いか見送り,0.5777,"{'is_target': False, 'verdict': '対象外', 'max_combo_prob': None, 'est_top_odds': None, 'circle_concentration': None, 'eligible_count': 0, 'bet_adj': 0, 'reason': '1号艇rel_win1 < 45%: 通常判定に委ねる', 'tenji_trigger': ''}",,,30.4,両建て推奨,16.51,36.1,3,,,,,,,,,,,
2025-09-13,丸亀,3,6,末永祐輝,A1,0.00,6,,1.3011,1.9,77,26.7,0.1715,4.0083,,,0,低,113,0,-,14,0,46.2,1.0494,,,,,,0.0465,0.1039,0.1132,,,D,◎,,0.2459,0.653,,0.3462,C,39,0,荒れ傾向。高配当狙いか見送り,0.5777,"{'is_target': False, 'verdict': '対象外', 'max_combo_prob': None, 'est_top_odds': None, 'circle_concentration': None, 'eligible_count': 0, 'bet_adj': 0, 'reason': '1号艇rel_win1 < 45%: 通常判定に委ねる', 'tenji_trigger': ''}",,,30.4,両建て推奨,16.51,36.1,3,,,,,,,,,,,
2025-09-13,丸亀,4,1,上瀧絢也,B1,0.00,1,◎,45.0789,,0,80,0.1573,3.25,,,0,低,78,0,逃0%,35,0,87.4,1.1293,0.3846,,,,,0.0923,0.2423,0,○,,C,,,,0.595,,0.3754,A,60,0,◎-○軸 3着3〜4艇流し（10〜15点）,0.5777,"{'is_target': True, 'verdict': '点数絞り', 'max_combo_prob': 0.1219, 'est_top_odds': 10.9, 'circle_concentration': 75.9, 'eligible_count': 8, 'bet_adj': 0, 'reason': 'rel_win1=45.1%（本命度） / 最有力組み合わせ確率: 0.122（推定実オッズ?11倍） / 2着集中度: 上位2艇 75.9%（補正+0.04） / 総合判定確率: 0.162 / → ヒモはやや固め。上位2艇以外を切ること', 'tenji_trigger': '展示確認: 1号艇伸び良→そのまま採用。悪→飛び組に差し替え。circle_pct上位2艇に絞り込むこと。'}",,,29,両建て推奨,17.18,31.7,3,,,,,0,0,0.6155,0,,主役軸流し,B
2025-09-13,丸亀,4,2,伊藤誠二,B1,0.00,2,▲,15.927,55.4,42,69.2,0.1533,3.0673,,,0,低,64,0,-,3,0,58.7,1.1262,0,0.0833,0.0833,0,0.0417,0.2033,0.0133,0.18,,△,C,◎,,0.3594,0.6735,,0.3754,A,60,0,◎-○軸 3着3〜4艇流し（10〜15点）,0.5777,"{'is_target': True, 'verdict': '点数絞り', 'max_combo_prob': 0.1219, 'est_top_odds': 10.9, 'circle_concentration': 75.9, 'eligible_count': 8, 'bet_adj': 0, 'reason': 'rel_win1=45.1%（本命度） / 最有力組み合わせ確率: 0.122（推定実オッズ?11倍） / 2着集中度: 上位2艇 75.9%（補正+0.04） / 総合判定確率: 0.162 / → ヒモはやや固め。上位2艇以外を切ること', 'tenji_trigger': '展示確認: 1号艇伸び良→そのまま採用。悪→飛び組に差し替え。circle_pct上位2艇に絞り込むこと。'}",,,29,両建て推奨,17.18,31.7,3,,,,,,,,,,,
2025-09-13,丸亀,4,3,佐々木和,A2,0.00,3,,17.767,20.4,100,69.3,0.1706,3.5806,,,0,低,141,0,抜1%,1,0,46.2,1.0567,0,0,0.0625,0.0938,0.0625,0.041,0.1815,0.1815,,,C,○,,0.2339,0.657,,0.3754,A,60,0,◎-○軸 3着3〜4艇流し（10〜15点）,0.5777,"{'is_target': True, 'verdict': '点数絞り', 'max_combo_prob': 0.1219, 'est_top_odds': 10.9, 'circle_concentration': 75.9, 'eligible_count': 8, 'bet_adj': 0, 'reason': 'rel_win1=45.1%（本命度） / 最有力組み合わせ確率: 0.122（推定実オッズ?11倍） / 2着集中度: 上位2艇 75.9%（補正+0.04） / 総合判定確率: 0.162 / → ヒモはやや固め。上位2艇以外を切ること', 'tenji_trigger': '展示確認: 1号艇伸び良→そのまま採用。悪→飛び組に差し替え。circle_pct上位2艇に絞り込むこと。'}",,,29,両建て推奨,17.18,31.7,3,,,,,,,,,,,
2025-09-13,丸亀,4,4,大澤普司,A1,0.00,4,○,13.4524,19.2,63,55.3,0.1413,3.1184,,,0,低,96,0,ま0%,25,0,72.7,1.3068,0,0,0.125,0,0,0.103,0.1515,0.0364,,,C,,◎,0.3736,0.6095,0.3413,0.3754,A,60,0,◎-○軸 3着3〜4艇流し（10〜15点）,0.5777,"{'is_target': True, 'verdict': '点数絞り', 'max_combo_prob': 0.1219, 'est_top_odds': 10.9, 'circle_concentration': 75.9, 'eligible_count': 8, 'bet_adj': 0, 'reason': 'rel_win1=45.1%（本命度） / 最有力組み合わせ確率: 0.122（推定実オッズ?11倍） / 2着集中度: 上位2艇 75.9%（補正+0.04） / 総合判定確率: 0.162 / → ヒモはやや固め。上位2艇以外を切ること', 'tenji_trigger': '展示確認: 1号艇伸び良→そのまま採用。悪→飛び組に差し替え。circle_pct上位2艇に絞り込むこと。'}",,,29,両建て推奨,17.18,31.7,3,,,,,,,,,,,
2025-09-13,丸亀,4,5,田邉亮蔵,B1,0.00,5,,4.3679,3,18,16.1,0.1927,4.0484,,,0,低,163,0,-,14,0,26.9,0.585,0,0,0,0.0303,0,0.0429,0.2071,0.0571,,,C,△,,0.1649,0.64,,0.3754,A,60,0,◎-○軸 3着3〜4艇流し（10〜15点）,0.5777,"{'is_target': True, 'verdict': '点数絞り', 'max_combo_prob': 0.1219, 'est_top_odds': 10.9, 'circle_concentration': 75.9, 'eligible_count': 8, 'bet_adj': 0, 'reason': 'rel_win1=45.1%（本命度） / 最有力組み合わせ確率: 0.122（推定実オッズ?11倍） / 2着集中度: 上位2艇 75.9%（補正+0.04） / 総合判定確率: 0.162 / → ヒモはやや固め。上位2艇以外を切ること', 'tenji_trigger': '展示確認: 1号艇伸び良→そのまま採用。悪→飛び組に差し替え。circle_pct上位2艇に絞り込むこと。'}",,,29,両建て推奨,17.18,31.7,3,,,,,,,,,,,
2025-09-13,丸亀,4,6,落合直子,B1,0.00,6,△,3.4067,1.9,24,16,0.1384,2.66,,,0,低,40,0,ま0%,41,0,37.6,0.8231,0,0,0.0833,0,0,0.025,0,0.225,,,C,△,,0.3609,0.6465,,0.3754,A,60,0,◎-○軸 3着3〜4艇流し（10〜15点）,0.5777,"{'is_target': True, 'verdict': '点数絞り', 'max_combo_prob': 0.1219, 'est_top_odds': 10.9, 'circle_concentration': 75.9, 'eligible_count': 8, 'bet_adj': 0, 'reason': 'rel_win1=45.1%（本命度） / 最有力組み合わせ確率: 0.122（推定実オッズ?11倍） / 2着集中度: 上位2艇 75.9%（補正+0.04） / 総合判定確率: 0.162 / → ヒモはやや固め。上位2艇以外を切ること', 'tenji_trigger': '展示確認: 1号艇伸び良→そのまま採用。悪→飛び組に差し替え。circle_pct上位2艇に絞り込むこと。'}",,,29,両建て推奨,17.18,31.7,3,,,,,,,,,,,
2025-09-13,丸亀,5,1,萬　正嗣,B1,42.86,1,◎,52.7544,,0,77.8,0.1508,2.6111,,,0,低,84,0,逃0%,65,0,82.8,1.0069,0.3333,,,,,0.2667,0.2333,0.1333,○,,A,△,,,0.599,,0.4209,A,68,0,◎-○軸 3着3〜4艇流し（10〜15点）,0.5777,"{'is_target': True, 'verdict': '点数絞り', 'max_combo_prob': 0.0961, 'est_top_odds': 13.9, 'circle_concentration': 77.0, 'eligible_count': 8, 'bet_adj': 0, 'reason': 'rel_win1=52.8%（本命度） / 最有力組み合わせ確率: 0.096（推定実オッズ?14倍） / 2着集中度: 上位2艇 77.0%（補正+0.04） / 総合判定確率: 0.136 / → ヒモはやや固め。上位2艇以外を切ること', 'tenji_trigger': '展示確認: 1号艇伸び良→そのまま採用。悪→飛び組に差し替え。circle_pct上位2艇に絞り込むこと。'}",,,32.2,逃げ狙い,19.87,38.4,3,,,,,0,0,0.6155,0,,主役軸流し,B
2025-09-13,丸亀,5,2,市川哲也,A2,0.00,2,○,15.3295,57.2,63,78,0.1344,2.95,,,0,低,55,0,-,1,0,24.7,0.7438,0,0.3333,0,0,0,0.0256,0.0769,0.1026,,◎,D,◎,,0.544,0.665,,0.4209,A,68,0,◎-○軸 3着3〜4艇流し（10〜15点）,0.5777,"{'is_target': True, 'verdict': '点数絞り', 'max_combo_prob': 0.0961, 'est_top_odds': 13.9, 'circle_concentration': 77.0, 'eligible_count': 8, 'bet_adj': 0, 'reason': 'rel_win1=52.8%（本命度） / 最有力組み合わせ確率: 0.096（推定実オッズ?14倍） / 2着集中度: 上位2艇 77.0%（補正+0.04） / 総合判定確率: 0.136 / → ヒモはやや固め。上位2艇以外を切ること', 'tenji_trigger': '展示確認: 1号艇伸び良→そのまま採用。悪→飛び組に差し替え。circle_pct上位2艇に絞り込むこと。'}",,,32.2,逃げ狙い,19.87,38.4,3,,,,,,,,,,,
2025-09-13,丸亀,5,3,冨名腰桃,B1,33.33,3,△,12.94,19.8,85,52.6,0.1589,3.0789,,,0,低,54,0,-,65,0,29.7,0.8533,,,,,,0.3333,0,0.3333,,,A,,,0.2607,0.4145,,0.4209,A,68,0,◎-○軸 3着3〜4艇流し（10〜15点）,0.5777,"{'is_target': True, 'verdict': '点数絞り', 'max_combo_prob': 0.0961, 'est_top_odds': 13.9, 'circle_concentration': 77.0, 'eligible_count': 8, 'bet_adj': 0, 'reason': 'rel_win1=52.8%（本命度） / 最有力組み合わせ確率: 0.096（推定実オッズ?14倍） / 2着集中度: 上位2艇 77.0%（補正+0.04） / 総合判定確率: 0.136 / → ヒモはやや固め。上位2艇以外を切ること', 'tenji_trigger': '展示確認: 1号艇伸び良→そのまま採用。悪→飛び組に差し替え。circle_pct上位2艇に絞り込むこと。'}",,,32.2,逃げ狙い,19.87,38.4,3,,,,,,,,,,,
2025-09-13,丸亀,5,4,花田和明,B1,0.00,4,,5.2321,7.1,100,40.5,0.1883,3.7857,,,0,低,71,0,-,54,0,41.9,0.7781,,,,,,0.0222,0,0.2611,,,D,△,,0.1642,0.6025,,0.4209,A,68,0,◎-○軸 3着3〜4艇流し（10〜15点）,0.5777,"{'is_target': True, 'verdict': '点数絞り', 'max_combo_prob': 0.0961, 'est_top_odds': 13.9, 'circle_concentration': 77.0, 'eligible_count': 8, 'bet_adj': 0, 'reason': 'rel_win1=52.8%（本命度） / 最有力組み合わせ確率: 0.096（推定実オッズ?14倍） / 2着集中度: 上位2艇 77.0%（補正+0.04） / 総合判定確率: 0.136 / → ヒモはやや固め。上位2艇以外を切ること', 'tenji_trigger': '展示確認: 1号艇伸び良→そのまま採用。悪→飛び組に差し替え。circle_pct上位2艇に絞り込むこと。'}",,,32.2,逃げ狙い,19.87,38.4,3,,,,,,,,,,,
2025-09-13,丸亀,5,5,松田憲幸,B1,0.00,5,,7.2387,6.9,74,40,0.1812,4.38,,,0,低,153,0,差ま0%,64,0,70.9,1.2064,0,0,0,0.0667,0,0.1538,0.2308,0.1538,,,D,,,0.19,0.5835,,0.4209,A,68,0,◎-○軸 3着3〜4艇流し（10〜15点）,0.5777,"{'is_target': True, 'verdict': '点数絞り', 'max_combo_prob': 0.0961, 'est_top_odds': 13.9, 'circle_concentration': 77.0, 'eligible_count': 8, 'bet_adj': 0, 'reason': 'rel_win1=52.8%（本命度） / 最有力組み合わせ確率: 0.096（推定実オッズ?14倍） / 2着集中度: 上位2艇 77.0%（補正+0.04） / 総合判定確率: 0.136 / → ヒモはやや固め。上位2艇以外を切ること', 'tenji_trigger': '展示確認: 1号艇伸び良→そのまま採用。悪→飛び組に差し替え。circle_pct上位2艇に絞り込むこと。'}",,,32.2,逃げ狙い,19.87,38.4,3,,,,,,,,,,,
2025-09-13,丸亀,5,6,内堀　学,A1,0.00,6,▲,6.5052,9,55,40.3,0.1446,3.2612,,,0,低,152,0,-,2,0,24.8,0.93,0,0,0.08,0,0.04,0.0718,0.3015,0.041,,,D,○,◎,0.3182,0.603,0.3644,0.4209,A,68,0,◎-○軸 3着3〜4艇流し（10〜15点）,0.5777,"{'is_target': True, 'verdict': '点数絞り', 'max_combo_prob': 0.0961, 'est_top_odds': 13.9, 'circle_concentration': 77.0, 'eligible_count': 8, 'bet_adj': 0, 'reason': 'rel_win1=52.8%（本命度） / 最有力組み合わせ確率: 0.096（推定実オッズ?14倍） / 2着集中度: 上位2艇 77.0%（補正+0.04） / 総合判定確率: 0.136 / → ヒモはやや固め。上位2艇以外を切ること', 'tenji_trigger': '展示確認: 1号艇伸び良→そのまま採用。悪→飛び組に差し替え。circle_pct上位2艇に絞り込むこと。'}",,,32.2,逃げ狙い,19.87,38.4,3,,,,,,,,,,,
2025-09-13,丸亀,6,1,芝田浩治,A2,14.29,1,◎,59.4939,,0,87,0.1592,3.1234,,,0,低,121,0,逃0%,26,0,87.3,1.1279,0.4815,,,,,0.0296,0.0593,0.2185,◎,,B,○,,,0.6585,,0.4614,S,84,0,◎1着固定 2-3着流し（5〜8点）,0.5777,"{'is_target': True, 'verdict': '点数絞り', 'max_combo_prob': 0.151, 'est_top_odds': 8.8, 'circle_concentration': 77.5, 'eligible_count': 6, 'bet_adj': 0, 'reason': 'rel_win1=59.5%（本命度） / 最有力組み合わせ確率: 0.151（推定実オッズ?9倍） / 2着集中度: 上位2艇 77.5%（補正+0.04） / 総合判定確率: 0.191 / → ヒモはやや固め。上位2艇以外を切ること', 'tenji_trigger': '展示確認: 1号艇伸び良→そのまま採用。悪→飛び組に差し替え。circle_pct上位2艇に絞り込むこと。'}",,,28,逃げ狙い,18.74,27.6,3,,,,,0,0,0.7559,0,,逃げ軸流し,A
2025-09-13,丸亀,6,2,西原明生,B1,0.00,2,,6.6301,10.2,100,39.7,0.1997,4.6164,,,0,低,192,0,-,16,0,35.6,0.7584,,,,,,0.2571,0.2571,0.2762,,,C,△,,0.0819,0.641,,0.4614,S,84,0,◎1着固定 2-3着流し（5〜8点）,0.5777,"{'is_target': True, 'verdict': '点数絞り', 'max_combo_prob': 0.151, 'est_top_odds': 8.8, 'circle_concentration': 77.5, 'eligible_count': 6, 'bet_adj': 0, 'reason': 'rel_win1=59.5%（本命度） / 最有力組み合わせ確率: 0.151（推定実オッズ?9倍） / 2着集中度: 上位2艇 77.5%（補正+0.04） / 総合判定確率: 0.191 / → ヒモはやや固め。上位2艇以外を切ること', 'tenji_trigger': '展示確認: 1号艇伸び良→そのまま採用。悪→飛び組に差し替え。circle_pct上位2艇に絞り込むこと。'}",,,28,逃げ狙い,18.74,27.6,3,,,,,,,,,,,
2025-09-13,丸亀,6,3,益田啓司,A2,0.00,3,○,20.3317,58.9,81,85.5,0.1335,2.7177,,,0,低,80,0,-,3,0,53.4,1.1488,0,0,0.2083,0,0,0.131,0.0129,0,,◎,C,◎,,0.4618,0.6665,,0.4614,S,84,0,◎1着固定 2-3着流し（5〜8点）,0.5777,"{'is_target': True, 'verdict': '点数絞り', 'max_combo_prob': 0.151, 'est_top_odds': 8.8, 'circle_concentration': 77.5, 'eligible_count': 6, 'bet_adj': 0, 'reason': 'rel_win1=59.5%（本命度） / 最有力組み合わせ確率: 0.151（推定実オッズ?9倍） / 2着集中度: 上位2艇 77.5%（補正+0.04） / 総合判定確率: 0.191 / → ヒモはやや固め。上位2艇以外を切ること', 'tenji_trigger': '展示確認: 1号艇伸び良→そのまま採用。悪→飛び組に差し替え。circle_pct上位2艇に絞り込むこと。'}",,,28,逃げ狙い,18.74,27.6,3,,,,,,,,,,,
2025-09-13,丸亀,6,4,渡邉真奈,B2,0.00,4,▲,7.3457,18.6,47,33.3,0.1638,3.0238,,,0,低,39,0,-,33,0,35.7,0.78,,,,,,0.0571,0.3143,0.3143,,,C,,,0.299,0.5765,,0.4614,S,84,0,◎1着固定 2-3着流し（5〜8点）,0.5777,"{'is_target': True, 'verdict': '点数絞り', 'max_combo_prob': 0.151, 'est_top_odds': 8.8, 'circle_concentration': 77.5, 'eligible_count': 6, 'bet_adj': 0, 'reason': 'rel_win1=59.5%（本命度） / 最有力組み合わせ確率: 0.151（推定実オッズ?9倍） / 2着集中度: 上位2艇 77.5%（補正+0.04） / 総合判定確率: 0.191 / → ヒモはやや固め。上位2艇以外を切ること', 'tenji_trigger': '展示確認: 1号艇伸び良→そのまま採用。悪→飛び組に差し替え。circle_pct上位2艇に絞り込むこと。'}",,,28,逃げ狙い,18.74,27.6,3,,,,,,,,,,,
2025-09-13,丸亀,6,5,占部一真,B1,0.00,5,△,5.1988,9.8,26,22.2,0.1669,3.3472,,,0,低,119,0,-,6,0,30.8,0.6838,0,0,0.0303,0,0,0.1333,0.2,0.2667,,,C,,,0.2644,0.595,,0.4614,S,84,0,◎1着固定 2-3着流し（5〜8点）,0.5777,"{'is_target': True, 'verdict': '点数絞り', 'max_combo_prob': 0.151, 'est_top_odds': 8.8, 'circle_concentration': 77.5, 'eligible_count': 6, 'bet_adj': 0, 'reason': 'rel_win1=59.5%（本命度） / 最有力組み合わせ確率: 0.151（推定実オッズ?9倍） / 2着集中度: 上位2艇 77.5%（補正+0.04） / 総合判定確率: 0.191 / → ヒモはやや固め。上位2艇以外を切ること', 'tenji_trigger': '展示確認: 1号艇伸び良→そのまま採用。悪→飛び組に差し替え。circle_pct上位2艇に絞り込むこと。'}",,,28,逃げ狙い,18.74,27.6,3,,,,,,,,,,,
2025-09-13,丸亀,6,6,大須賀友,A1,0.00,6,,0.9998,2.5,59,27.9,0.2021,4.1628,,,0,低,116,0,-,13,0,22,0.8561,,,,,,0.0516,0.1258,0.0129,,,C,△,,0.1862,0.599,,0.4614,S,84,0,◎1着固定 2-3着流し（5〜8点）,0.5777,"{'is_target': True, 'verdict': '点数絞り', 'max_combo_prob': 0.151, 'est_top_odds': 8.8, 'circle_concentration': 77.5, 'eligible_count': 6, 'bet_adj': 0, 'reason': 'rel_win1=59.5%（本命度） / 最有力組み合わせ確率: 0.151（推定実オッズ?9倍） / 2着集中度: 上位2艇 77.5%（補正+0.04） / 総合判定確率: 0.191 / → ヒモはやや固め。上位2艇以外を切ること', 'tenji_trigger': '展示確認: 1号艇伸び良→そのまま採用。悪→飛び組に差し替え。circle_pct上位2艇に絞り込むこと。'}",,,28,逃げ狙い,18.74,27.6,3,,,,,,,,,,,
2025-09-13,丸亀,7,1,木谷賢太,A2,40.00,1,◎,59.434,,0,90,0.1334,2.6357,,,0,低,107,0,逃1%,13,0,85.8,1.0796,0.7429,,,,,0.0343,0.0114,0.1957,◎,,B,○,,,0.663,,0.5918,S,91,0,◎1着固定 2-3着流し（5〜8点）,0.5777,"{'is_target': True, 'verdict': '参加推奨', 'max_combo_prob': 0.0649, 'est_top_odds': 20.5, 'circle_concentration': 70.6, 'eligible_count': 6, 'bet_adj': 2, 'reason': 'rel_win1=59.4%（本命度） / 最有力組み合わせ確率: 0.065（推定実オッズ?20倍） / 2着集中度: 上位2艇 70.6%（補正+0.04） / 総合判定確率: 0.105 / → ヒモ分散。1号艇1着固定で広めのヒモ流し推奨（買い目+2点）', 'tenji_trigger': '展示確認: ヒモ分散レース。1号艇伸び確認後、広めのヒモ流しを採用。穴ヒモ（5・6号艇）を積極的に含める。\n展示で1号艇スタート超安定(0.133秒)→ヒモ固まり方向に注意'}",,,26.5,逃げ狙い,16.62,25.1,5,,,,,0,0,0.7559,0,,逃げ軸流し,A
2025-09-13,丸亀,7,2,板倉敦史,B1,50.00,2,○,7.261,35.4,99,43.3,0.1697,3.8806,,,0,低,163,0,-,5,0,59.1,0.7483,,,,,,0.28,0.32,0.04,,,A,,,0.0775,0.557,,0.5918,S,91,0,◎1着固定 2-3着流し（5〜8点）,0.5777,"{'is_target': True, 'verdict': '参加推奨', 'max_combo_prob': 0.0649, 'est_top_odds': 20.5, 'circle_concentration': 70.6, 'eligible_count': 6, 'bet_adj': 2, 'reason': 'rel_win1=59.4%（本命度） / 最有力組み合わせ確率: 0.065（推定実オッズ?20倍） / 2着集中度: 上位2艇 70.6%（補正+0.04） / 総合判定確率: 0.105 / → ヒモ分散。1号艇1着固定で広めのヒモ流し推奨（買い目+2点）', 'tenji_trigger': '展示確認: ヒモ分散レース。1号艇伸び確認後、広めのヒモ流しを採用。穴ヒモ（5・6号艇）を積極的に含める。\n展示で1号艇スタート超安定(0.133秒)→ヒモ固まり方向に注意'}",,,26.5,逃げ狙い,16.62,25.1,5,,,,,,,,,,,
2025-09-13,丸亀,7,3,伊久間陽,B1,0.00,3,△,7.9793,35.2,90,42.2,0.134,2.5778,,,0,低,57,0,ま0%,6,0,34.4,0.8138,0,0,0.0833,0,0,0.0706,0.1906,0.0235,,,E,△,,0.2895,0.6015,,0.5918,S,91,0,◎1着固定 2-3着流し（5〜8点）,0.5777,"{'is_target': True, 'verdict': '参加推奨', 'max_combo_prob': 0.0649, 'est_top_odds': 20.5, 'circle_concentration': 70.6, 'eligible_count': 6, 'bet_adj': 2, 'reason': 'rel_win1=59.4%（本命度） / 最有力組み合わせ確率: 0.065（推定実オッズ?20倍） / 2着集中度: 上位2艇 70.6%（補正+0.04） / 総合判定確率: 0.105 / → ヒモ分散。1号艇1着固定で広めのヒモ流し推奨（買い目+2点）', 'tenji_trigger': '展示確認: ヒモ分散レース。1号艇伸び確認後、広めのヒモ流しを採用。穴ヒモ（5・6号艇）を積極的に含める。\n展示で1号艇スタート超安定(0.133秒)→ヒモ固まり方向に注意'}",,,26.5,逃げ狙い,16.62,25.1,5,,,,,,,,,,,
2025-09-13,丸亀,7,4,胡本悟志,B1,0.00,4,,10.1709,15.8,75,38.5,0.1621,2.9712,,,0,低,123,0,-,4,0,80.9,1.3921,0,0,0.1429,0.0476,0,0.4067,0.08,0.0267,,,E,,○,0.2044,0.5535,0.2174,0.5918,S,91,0,◎1着固定 2-3着流し（5〜8点）,0.5777,"{'is_target': True, 'verdict': '参加推奨', 'max_combo_prob': 0.0649, 'est_top_odds': 20.5, 'circle_concentration': 70.6, 'eligible_count': 6, 'bet_adj': 2, 'reason': 'rel_win1=59.4%（本命度） / 最有力組み合わせ確率: 0.065（推定実オッズ?20倍） / 2着集中度: 上位2艇 70.6%（補正+0.04） / 総合判定確率: 0.105 / → ヒモ分散。1号艇1着固定で広めのヒモ流し推奨（買い目+2点）', 'tenji_trigger': '展示確認: ヒモ分散レース。1号艇伸び確認後、広めのヒモ流しを採用。穴ヒモ（5・6号艇）を積極的に含める。\n展示で1号艇スタート超安定(0.133秒)→ヒモ固まり方向に注意'}",,,26.5,逃げ狙い,16.62,25.1,5,,,,,,,,,,,
2025-09-13,丸亀,7,5,井上一輝,A1,14.29,5,,11.7034,9,100,58.3,0.136,2.8646,,,0,低,55,0,差ま0%,26,0,30.5,1.0583,0,0,0.0476,0.0476,0,0.025,0.025,0.025,,,D,◎,◎,0.2793,0.691,0.3876,0.5918,S,91,0,◎1着固定 2-3着流し（5〜8点）,0.5777,"{'is_target': True, 'verdict': '参加推奨', 'max_combo_prob': 0.0649, 'est_top_odds': 20.5, 'circle_concentration': 70.6, 'eligible_count': 6, 'bet_adj': 2, 'reason': 'rel_win1=59.4%（本命度） / 最有力組み合わせ確率: 0.065（推定実オッズ?20倍） / 2着集中度: 上位2艇 70.6%（補正+0.04） / 総合判定確率: 0.105 / → ヒモ分散。1号艇1着固定で広めのヒモ流し推奨（買い目+2点）', 'tenji_trigger': '展示確認: ヒモ分散レース。1号艇伸び確認後、広めのヒモ流しを採用。穴ヒモ（5・6号艇）を積極的に含める。\n展示で1号艇スタート超安定(0.133秒)→ヒモ固まり方向に注意'}",,,26.5,逃げ狙い,16.62,25.1,5,,,,,,,,,,,
2025-09-13,丸亀,7,6,青木幸太,A2,42.86,6,▲,3.4513,4.6,59,24.6,0.1682,3.7615,,,0,低,86,0,-,2,0,25.8,0.4864,0,0,0.0312,0.0312,0,0.0882,0.0588,0.1176,,,A,△,,0.1739,0.615,,0.5918,S,91,0,◎1着固定 2-3着流し（5〜8点）,0.5777,"{'is_target': True, 'verdict': '参加推奨', 'max_combo_prob': 0.0649, 'est_top_odds': 20.5, 'circle_concentration': 70.6, 'eligible_count': 6, 'bet_adj': 2, 'reason': 'rel_win1=59.4%（本命度） / 最有力組み合わせ確率: 0.065（推定実オッズ?20倍） / 2着集中度: 上位2艇 70.6%（補正+0.04） / 総合判定確率: 0.105 / → ヒモ分散。1号艇1着固定で広めのヒモ流し推奨（買い目+2点）', 'tenji_trigger': '展示確認: ヒモ分散レース。1号艇伸び確認後、広めのヒモ流しを採用。穴ヒモ（5・6号艇）を積極的に含める。\n展示で1号艇スタート超安定(0.133秒)→ヒモ固まり方向に注意'}",,,26.5,逃げ狙い,16.62,25.1,5,,,,,,,,,,,
2025-09-13,丸亀,8,1,田路朋史,A1,14.29,1,◎,64.8481,,0,81,0.1782,3.494,,,0,低,140,0,-,4,0,77.7,0.9204,0.4773,,,,,0.1312,0.1312,0.1675,○,,C,△,,,0.6175,,0.3439,A,72,0,◎-○軸 3着3〜4艇流し（10〜15点）,0.5777,"{'is_target': True, 'verdict': '点数絞り', 'max_combo_prob': 0.1412, 'est_top_odds': 9.4, 'circle_concentration': 65.8, 'eligible_count': 8, 'bet_adj': 0, 'reason': 'rel_win1=64.8%（本命度） / 最有力組み合わせ確率: 0.141（推定実オッズ?9倍） / 2着集中度: 上位2艇 65.8%（補正+0.00） / 総合判定確率: 0.141 / → ヒモはやや固め。上位2艇以外を切ること', 'tenji_trigger': '展示確認: 1号艇伸び良→そのまま採用。悪→飛び組に差し替え。circle_pct上位2艇に絞り込むこと。'}",,,33.8,逃げ狙い,16.72,31.6,2,,,,,0,0,0.6155,0,,逃げ軸流し,A
2025-09-13,丸亀,8,2,島川海輝,A2,33.33,2,○,14.2824,41.8,56,55.1,0.1484,3.0918,,,0,低,76,0,-,65,0,68.6,1.0979,0,0,0.1429,0,0,0.0296,0.1296,0.1593,,◎,A,◎,,0.5908,0.663,,0.3439,A,72,0,◎-○軸 3着3〜4艇流し（10〜15点）,0.5777,"{'is_target': True, 'verdict': '点数絞り', 'max_combo_prob': 0.1412, 'est_top_odds': 9.4, 'circle_concentration': 65.8, 'eligible_count': 8, 'bet_adj': 0, 'reason': 'rel_win1=64.8%（本命度） / 最有力組み合わせ確率: 0.141（推定実オッズ?9倍） / 2着集中度: 上位2艇 65.8%（補正+0.00） / 総合判定確率: 0.141 / → ヒモはやや固め。上位2艇以外を切ること', 'tenji_trigger': '展示確認: 1号艇伸び良→そのまま採用。悪→飛び組に差し替え。circle_pct上位2艇に絞り込むこと。'}",,,33.8,逃げ狙い,16.72,31.6,2,,,,,,,,,,,
2025-09-13,丸亀,8,3,小川日紀,B1,0.00,3,△,6.0391,24,100,40.7,0.1417,2.9444,,,0,低,96,0,-,5,0,28,0.7485,0,0.0385,0.0385,0,0,0.1905,0.2857,0.0952,,○,E,,,0.4777,0.601,,0.3439,A,72,0,◎-○軸 3着3〜4艇流し（10〜15点）,0.5777,"{'is_target': True, 'verdict': '点数絞り', 'max_combo_prob': 0.1412, 'est_top_odds': 9.4, 'circle_concentration': 65.8, 'eligible_count': 8, 'bet_adj': 0, 'reason': 'rel_win1=64.8%（本命度） / 最有力組み合わせ確率: 0.141（推定実オッズ?9倍） / 2着集中度: 上位2艇 65.8%（補正+0.00） / 総合判定確率: 0.141 / → ヒモはやや固め。上位2艇以外を切ること', 'tenji_trigger': '展示確認: 1号艇伸び良→そのまま採用。悪→飛び組に差し替え。circle_pct上位2艇に絞り込むこと。'}",,,33.8,逃げ狙い,16.72,31.6,2,,,,,,,,,,,
2025-09-13,丸亀,8,4,齊藤　優,A2,0.00,4,,7.3809,21.5,54,45.3,0.1525,3.1719,,,0,低,103,0,-,46,0,26,0.6377,0,0,0.04,0.04,0.04,0.0923,0.3923,0.0462,,△,E,○,○,0.4083,0.6325,0.3206,0.3439,A,72,0,◎-○軸 3着3〜4艇流し（10〜15点）,0.5777,"{'is_target': True, 'verdict': '点数絞り', 'max_combo_prob': 0.1412, 'est_top_odds': 9.4, 'circle_concentration': 65.8, 'eligible_count': 8, 'bet_adj': 0, 'reason': 'rel_win1=64.8%（本命度） / 最有力組み合わせ確率: 0.141（推定実オッズ?9倍） / 2着集中度: 上位2艇 65.8%（補正+0.00） / 総合判定確率: 0.141 / → ヒモはやや固め。上位2艇以外を切ること', 'tenji_trigger': '展示確認: 1号艇伸び良→そのまま採用。悪→飛び組に差し替え。circle_pct上位2艇に絞り込むこと。'}",,,33.8,逃げ狙い,16.72,31.6,2,,,,,,,,,,,
2025-09-13,丸亀,8,5,中井俊祐,B1,0.00,5,,6.2315,11.4,21,22.4,0.1547,3.2069,,,0,低,130,0,差0% 差ま0%,5,0,24.8,0.5962,0,0.04,0,0.12,0,0.1333,0.3167,0.2,,,E,△,◎,0.3943,0.6095,0.3238,0.3439,A,72,0,◎-○軸 3着3〜4艇流し（10〜15点）,0.5777,"{'is_target': True, 'verdict': '点数絞り', 'max_combo_prob': 0.1412, 'est_top_odds': 9.4, 'circle_concentration': 65.8, 'eligible_count': 8, 'bet_adj': 0, 'reason': 'rel_win1=64.8%（本命度） / 最有力組み合わせ確率: 0.141（推定実オッズ?9倍） / 2着集中度: 上位2艇 65.8%（補正+0.00） / 総合判定確率: 0.141 / → ヒモはやや固め。上位2艇以外を切ること', 'tenji_trigger': '展示確認: 1号艇伸び良→そのまま採用。悪→飛び組に差し替え。circle_pct上位2艇に絞り込むこと。'}",,,33.8,逃げ狙い,16.72,31.6,2,,,,,,,,,,,
2025-09-13,丸亀,8,6,三嶌さら,B1,44.44,6,▲,1.2179,1.3,17,3,0.1863,4.0152,,,0,低,82,0,-,6,0,21.9,0.595,,,,,,0,0.25,0,,,A,,,0.3056,0.576,,0.3439,A,72,0,◎-○軸 3着3〜4艇流し（10〜15点）,0.5777,"{'is_target': True, 'verdict': '点数絞り', 'max_combo_prob': 0.1412, 'est_top_odds': 9.4, 'circle_concentration': 65.8, 'eligible_count': 8, 'bet_adj': 0, 'reason': 'rel_win1=64.8%（本命度） / 最有力組み合わせ確率: 0.141（推定実オッズ?9倍） / 2着集中度: 上位2艇 65.8%（補正+0.00） / 総合判定確率: 0.141 / → ヒモはやや固め。上位2艇以外を切ること', 'tenji_trigger': '展示確認: 1号艇伸び良→そのまま採用。悪→飛び組に差し替え。circle_pct上位2艇に絞り込むこと。'}",,,33.8,逃げ狙い,16.72,31.6,2,,,,,,,,,,,
2025-09-13,丸亀,9,1,中　亮太,A2,55.56,1,◎,65.8322,,0,91.3,0.1428,2.5761,,,0,低,35,0,逃1%,35,0,90.6,1.1969,0.7083,,,,,0.0833,0.0833,0.125,◎,,A,○,,,0.656,,0.6264,S,99,0,◎1着固定 2-3着流し（5〜8点）,0.5777,"{'is_target': True, 'verdict': '参加推奨', 'max_combo_prob': 0.0626, 'est_top_odds': 21.3, 'circle_concentration': 59.1, 'eligible_count': 6, 'bet_adj': 2, 'reason': 'rel_win1=65.8%（本命度） / 最有力組み合わせ確率: 0.063（推定実オッズ?21倍） / 2着集中度: 上位2艇 59.1%（補正+0.00） / 総合判定確率: 0.063 / → ヒモ分散。1号艇1着固定で広めのヒモ流し推奨（買い目+2点）', 'tenji_trigger': '展示確認: ヒモ分散レース。1号艇伸び確認後、広めのヒモ流しを採用。穴ヒモ（5・6号艇）を積極的に含める。'}",,,29.5,逃げ狙い,24.79,26.7,6,,,,,0,0,0.7559,0,,逃げ軸流し,A
2025-09-13,丸亀,9,2,柳内敬太,A2,14.29,2,,11.8314,33.3,100,63.2,0.1678,3.5809,,,0,低,138,0,-,31,0,28.2,0.8979,0,0.069,0.069,0,0.0345,0.0705,0.0211,0.0421,,,E,△,,0.0656,0.6035,,0.6264,S,99,0,◎1着固定 2-3着流し（5〜8点）,0.5777,"{'is_target': True, 'verdict': '参加推奨', 'max_combo_prob': 0.0626, 'est_top_odds': 21.3, 'circle_concentration': 59.1, 'eligible_count': 6, 'bet_adj': 2, 'reason': 'rel_win1=65.8%（本命度） / 最有力組み合わせ確率: 0.063（推定実オッズ?21倍） / 2着集中度: 上位2艇 59.1%（補正+0.00） / 総合判定確率: 0.063 / → ヒモ分散。1号艇1着固定で広めのヒモ流し推奨（買い目+2点）', 'tenji_trigger': '展示確認: ヒモ分散レース。1号艇伸び確認後、広めのヒモ流しを採用。穴ヒモ（5・6号艇）を積極的に含める。'}",,,29.5,逃げ狙い,24.79,26.7,6,,,,,,,,,,,
2025-09-13,丸亀,9,3,原村拓也,B1,28.57,3,△,6.1083,23.8,97,50.7,0.1648,3.6087,,,0,低,159,0,-,2,0,28.5,0.9296,,,,,,0.3114,0.1257,0.02,,,D,,,0.202,0.5855,,0.6264,S,99,0,◎1着固定 2-3着流し（5〜8点）,0.5777,"{'is_target': True, 'verdict': '参加推奨', 'max_combo_prob': 0.0626, 'est_top_odds': 21.3, 'circle_concentration': 59.1, 'eligible_count': 6, 'bet_adj': 2, 'reason': 'rel_win1=65.8%（本命度） / 最有力組み合わせ確率: 0.063（推定実オッズ?21倍） / 2着集中度: 上位2艇 59.1%（補正+0.00） / 総合判定確率: 0.063 / → ヒモ分散。1号艇1着固定で広めのヒモ流し推奨（買い目+2点）', 'tenji_trigger': '展示確認: ヒモ分散レース。1号艇伸び確認後、広めのヒモ流しを採用。穴ヒモ（5・6号艇）を積極的に含める。'}",,,29.5,逃げ狙い,24.79,26.7,6,,,,,,,,,,,
2025-09-13,丸亀,9,4,三浦永理,A1,28.57,4,▲,6.0633,25.7,79,68.2,0.1468,3.25,,,0,低,43,0,-,42,0,58.1,1.214,,,,,,0.0167,0.05,0.1867,,,D,◎,,0.2944,0.678,,0.6264,S,99,0,◎1着固定 2-3着流し（5〜8点）,0.5777,"{'is_target': True, 'verdict': '参加推奨', 'max_combo_prob': 0.0626, 'est_top_odds': 21.3, 'circle_concentration': 59.1, 'eligible_count': 6, 'bet_adj': 2, 'reason': 'rel_win1=65.8%（本命度） / 最有力組み合わせ確率: 0.063（推定実オッズ?21倍） / 2着集中度: 上位2艇 59.1%（補正+0.00） / 総合判定確率: 0.063 / → ヒモ分散。1号艇1着固定で広めのヒモ流し推奨（買い目+2点）', 'tenji_trigger': '展示確認: ヒモ分散レース。1号艇伸び確認後、広めのヒモ流しを採用。穴ヒモ（5・6号艇）を積極的に含める。'}",,,29.5,逃げ狙い,24.79,26.7,6,,,,,,,,,,,
2025-09-13,丸亀,9,5,山口　亮,B1,40.00,5,,2.8288,8.5,72,25.4,0.1816,3.8016,,,0,低,167,0,-,5,0,28.3,0.8062,,,,,,0.0333,0.3067,0.1533,,,C,,,0.1865,0.5775,,0.6264,S,99,0,◎1着固定 2-3着流し（5〜8点）,0.5777,"{'is_target': True, 'verdict': '参加推奨', 'max_combo_prob': 0.0626, 'est_top_odds': 21.3, 'circle_concentration': 59.1, 'eligible_count': 6, 'bet_adj': 2, 'reason': 'rel_win1=65.8%（本命度） / 最有力組み合わせ確率: 0.063（推定実オッズ?21倍） / 2着集中度: 上位2艇 59.1%（補正+0.00） / 総合判定確率: 0.063 / → ヒモ分散。1号艇1着固定で広めのヒモ流し推奨（買い目+2点）', 'tenji_trigger': '展示確認: ヒモ分散レース。1号艇伸び確認後、広めのヒモ流しを採用。穴ヒモ（5・6号艇）を積極的に含める。'}",,,29.5,逃げ狙い,24.79,26.7,6,,,,,,,,,,,
2025-09-13,丸亀,9,6,平尾崇典,A1,66.67,6,○,7.336,8.6,92,80.7,0.1571,3.4355,,,0,低,104,0,ま1%,11,0,50.5,1.1786,0,0,0.3333,0,0.0833,0.0278,0.0833,0.1389,,,A,△,◎,0.3312,0.6045,0.335,0.6264,S,99,0,◎1着固定 2-3着流し（5〜8点）,0.5777,"{'is_target': True, 'verdict': '参加推奨', 'max_combo_prob': 0.0626, 'est_top_odds': 21.3, 'circle_concentration': 59.1, 'eligible_count': 6, 'bet_adj': 2, 'reason': 'rel_win1=65.8%（本命度） / 最有力組み合わせ確率: 0.063（推定実オッズ?21倍） / 2着集中度: 上位2艇 59.1%（補正+0.00） / 総合判定確率: 0.063 / → ヒモ分散。1号艇1着固定で広めのヒモ流し推奨（買い目+2点）', 'tenji_trigger': '展示確認: ヒモ分散レース。1号艇伸び確認後、広めのヒモ流しを採用。穴ヒモ（5・6号艇）を積極的に含める。'}",,,29.5,逃げ狙い,24.79,26.7,6,,,,,,,,,,,
2025-09-13,丸亀,10,1,益田啓司,A2,0.00,1,◎,63.4143,,0,95.7,0.1388,2.5591,,,0,低,80,0,逃0%,3,0,95.1,1.3053,0.8065,,,,,0.131,0.0129,0,◎,,D,△,,,0.6665,,0.6375,S,86,0,◎1着固定 2-3着流し（5〜8点）,0.5777,"{'is_target': True, 'verdict': '点数絞り', 'max_combo_prob': 0.0811, 'est_top_odds': 16.4, 'circle_concentration': 73.5, 'eligible_count': 6, 'bet_adj': 0, 'reason': 'rel_win1=63.4%（本命度） / 最有力組み合わせ確率: 0.081（推定実オッズ?16倍） / 2着集中度: 上位2艇 73.5%（補正+0.04） / 総合判定確率: 0.121 / → ヒモはやや固め。上位2艇以外を切ること', 'tenji_trigger': '展示確認: 1号艇伸び良→そのまま採用。悪→飛び組に差し替え。circle_pct上位2艇に絞り込むこと。\n展示で1号艇スタート超安定(0.139秒)→ヒモ固まり方向に注意'}",,,27.2,逃げ狙い,18.18,25.6,3,,,,,0,0,0.7559,0,,逃げ軸流し,A
2025-09-13,丸亀,10,2,末永祐輝,A1,0.00,2,,8.5744,42,100,81,0.1551,3.3571,,,0,低,113,0,-,14,0,55.9,1.2381,0,0.0294,0.0294,0,0,0.0465,0.1039,0.1132,,,D,△,,0.1422,0.653,,0.6375,S,86,0,◎1着固定 2-3着流し（5〜8点）,0.5777,"{'is_target': True, 'verdict': '点数絞り', 'max_combo_prob': 0.0811, 'est_top_odds': 16.4, 'circle_concentration': 73.5, 'eligible_count': 6, 'bet_adj': 0, 'reason': 'rel_win1=63.4%（本命度） / 最有力組み合わせ確率: 0.081（推定実オッズ?16倍） / 2着集中度: 上位2艇 73.5%（補正+0.04） / 総合判定確率: 0.121 / → ヒモはやや固め。上位2艇以外を切ること', 'tenji_trigger': '展示確認: 1号艇伸び良→そのまま採用。悪→飛び組に差し替え。circle_pct上位2艇に絞り込むこと。\n展示で1号艇スタート超安定(0.139秒)→ヒモ固まり方向に注意'}",,,27.2,逃げ狙い,18.18,25.6,3,,,,,,,,,,,
2025-09-13,丸亀,10,3,小野達哉,A1,0.00,3,▲,14.6273,31.6,92,71,0.1373,2.6694,,,0,低,87,0,ま0%,12,0,27.8,0.9131,0,0,0.0769,0,0,0.0095,0.0286,0.0286,,,D,◎,,0.302,0.6745,,0.6375,S,86,0,◎1着固定 2-3着流し（5〜8点）,0.5777,"{'is_target': True, 'verdict': '点数絞り', 'max_combo_prob': 0.0811, 'est_top_odds': 16.4, 'circle_concentration': 73.5, 'eligible_count': 6, 'bet_adj': 0, 'reason': 'rel_win1=63.4%（本命度） / 最有力組み合わせ確率: 0.081（推定実オッズ?16倍） / 2着集中度: 上位2艇 73.5%（補正+0.04） / 総合判定確率: 0.121 / → ヒモはやや固め。上位2艇以外を切ること', 'tenji_trigger': '展示確認: 1号艇伸び良→そのまま採用。悪→飛び組に差し替え。circle_pct上位2艇に絞り込むこと。\n展示で1号艇スタート超安定(0.139秒)→ヒモ固まり方向に注意'}",,,27.2,逃げ狙い,18.18,25.6,3,,,,,,,,,,,
2025-09-13,丸亀,10,4,北川太一,A2,28.57,4,,8.4401,20.2,85,61.3,0.1461,2.9194,,,0,低,110,0,-,22,0,32.6,0.8823,0,0,0,0,0.0455,0,0.1563,0.242,,,B,,◎,0.284,0.6235,0.3058,0.6375,S,86,0,◎1着固定 2-3着流し（5〜8点）,0.5777,"{'is_target': True, 'verdict': '点数絞り', 'max_combo_prob': 0.0811, 'est_top_odds': 16.4, 'circle_concentration': 73.5, 'eligible_count': 6, 'bet_adj': 0, 'reason': 'rel_win1=63.4%（本命度） / 最有力組み合わせ確率: 0.081（推定実オッズ?16倍） / 2着集中度: 上位2艇 73.5%（補正+0.04） / 総合判定確率: 0.121 / → ヒモはやや固め。上位2艇以外を切ること', 'tenji_trigger': '展示確認: 1号艇伸び良→そのまま採用。悪→飛び組に差し替え。circle_pct上位2艇に絞り込むこと。\n展示で1号艇スタート超安定(0.139秒)→ヒモ固まり方向に注意'}",,,27.2,逃げ狙い,18.18,25.6,3,,,,,,,,,,,
2025-09-13,丸亀,10,5,伊藤誠二,B1,0.00,5,△,3.8755,5.3,69,42.3,0.1325,2.6154,,,0,低,64,0,-,3,0,87.8,1.6879,0,0,0.0455,0.0455,0,0.2033,0.0133,0.18,,,D,○,,0.3073,0.6735,,0.6375,S,86,0,◎1着固定 2-3着流し（5〜8点）,0.5777,"{'is_target': True, 'verdict': '点数絞り', 'max_combo_prob': 0.0811, 'est_top_odds': 16.4, 'circle_concentration': 73.5, 'eligible_count': 6, 'bet_adj': 0, 'reason': 'rel_win1=63.4%（本命度） / 最有力組み合わせ確率: 0.081（推定実オッズ?16倍） / 2着集中度: 上位2艇 73.5%（補正+0.04） / 総合判定確率: 0.121 / → ヒモはやや固め。上位2艇以外を切ること', 'tenji_trigger': '展示確認: 1号艇伸び良→そのまま採用。悪→飛び組に差し替え。circle_pct上位2艇に絞り込むこと。\n展示で1号艇スタート超安定(0.139秒)→ヒモ固まり方向に注意'}",,,27.2,逃げ狙い,18.18,25.6,3,,,,,,,,,,,
2025-09-13,丸亀,10,6,喜多須杏,B1,50.00,6,○,1.0683,1,56,15.4,0.1796,4.4231,,,0,低,60,0,-,3,0,28.1,0.8422,,,,,,0,0.1429,0.1429,,,A,,,0.183,0.62,,0.6375,S,86,0,◎1着固定 2-3着流し（5〜8点）,0.5777,"{'is_target': True, 'verdict': '点数絞り', 'max_combo_prob': 0.0811, 'est_top_odds': 16.4, 'circle_concentration': 73.5, 'eligible_count': 6, 'bet_adj': 0, 'reason': 'rel_win1=63.4%（本命度） / 最有力組み合わせ確率: 0.081（推定実オッズ?16倍） / 2着集中度: 上位2艇 73.5%（補正+0.04） / 総合判定確率: 0.121 / → ヒモはやや固め。上位2艇以外を切ること', 'tenji_trigger': '展示確認: 1号艇伸び良→そのまま採用。悪→飛び組に差し替え。circle_pct上位2艇に絞り込むこと。\n展示で1号艇スタート超安定(0.139秒)→ヒモ固まり方向に注意'}",,,27.2,逃げ狙い,18.18,25.6,3,,,,,,,,,,,
2025-09-13,丸亀,11,1,大澤普司,A1,0.00,1,◎,58.6726,,0,82.9,0.163,2.9539,,,0,低,96,0,逃1%,25,0,85.2,1.0825,0.6061,,,,,0.103,0.1515,0.0364,◎,,E,,,,0.6095,,0.4691,S,82,0,◎1着固定 2-3着流し（5〜8点）,0.5777,"{'is_target': True, 'verdict': '参加推奨', 'max_combo_prob': 0.0872, 'est_top_odds': 15.3, 'circle_concentration': 65.6, 'eligible_count': 6, 'bet_adj': 2, 'reason': 'rel_win1=58.7%（本命度） / 最有力組み合わせ確率: 0.087（推定実オッズ?15倍） / 2着集中度: 上位2艇 65.6%（補正+0.00） / 総合判定確率: 0.087 / → ヒモ分散。1号艇1着固定で広めのヒモ流し推奨（買い目+2点）', 'tenji_trigger': '展示確認: ヒモ分散レース。1号艇伸び確認後、広めのヒモ流しを採用。穴ヒモ（5・6号艇）を積極的に含める。'}",,,28.4,逃げ狙い,17.73,29.6,2,,,,,0,0,0.7559,0,,逃げ軸流し,A
2025-09-13,丸亀,11,2,内堀　学,A1,0.00,2,,14.7097,30.9,100,72.2,0.1891,4.037,,,0,低,152,0,-,2,0,67.5,0.6921,0,0,0.0417,0,0.0417,0.0718,0.3015,0.041,,,E,,,0.0698,0.603,,0.4691,S,82,0,◎1着固定 2-3着流し（5〜8点）,0.5777,"{'is_target': True, 'verdict': '参加推奨', 'max_combo_prob': 0.0872, 'est_top_odds': 15.3, 'circle_concentration': 65.6, 'eligible_count': 6, 'bet_adj': 2, 'reason': 'rel_win1=58.7%（本命度） / 最有力組み合わせ確率: 0.087（推定実オッズ?15倍） / 2着集中度: 上位2艇 65.6%（補正+0.00） / 総合判定確率: 0.087 / → ヒモ分散。1号艇1着固定で広めのヒモ流し推奨（買い目+2点）', 'tenji_trigger': '展示確認: ヒモ分散レース。1号艇伸び確認後、広めのヒモ流しを採用。穴ヒモ（5・6号艇）を積極的に含める。'}",,,28.4,逃げ狙い,17.73,29.6,2,,,,,,,,,,,
2025-09-13,丸亀,11,3,宮崎　奨,A2,14.29,3,△,12.7714,34.8,73,70.4,0.1585,3.5,,,0,低,134,0,-,3,0,53.9,1.119,0,0,0,0.0952,0.0476,0.0343,0.1571,0.2686,,,C,○,,0.3438,0.658,,0.4691,S,82,0,◎1着固定 2-3着流し（5〜8点）,0.5777,"{'is_target': True, 'verdict': '参加推奨', 'max_combo_prob': 0.0872, 'est_top_odds': 15.3, 'circle_concentration': 65.6, 'eligible_count': 6, 'bet_adj': 2, 'reason': 'rel_win1=58.7%（本命度） / 最有力組み合わせ確率: 0.087（推定実オッズ?15倍） / 2着集中度: 上位2艇 65.6%（補正+0.00） / 総合判定確率: 0.087 / → ヒモ分散。1号艇1着固定で広めのヒモ流し推奨（買い目+2点）', 'tenji_trigger': '展示確認: ヒモ分散レース。1号艇伸び確認後、広めのヒモ流しを採用。穴ヒモ（5・6号艇）を積極的に含める。'}",,,28.4,逃げ狙い,17.73,29.6,2,,,,,,,,,,,
2025-09-13,丸亀,11,4,芝田浩治,A2,14.29,4,,8.5662,17.7,63,64.1,0.1538,3.0943,,,0,低,121,0,差0% 差ま0%,26,0,71.2,1.246,0,0.0417,0,0.0417,0,0.0296,0.0593,0.2185,,,C,◎,◎,0.3417,0.6585,0.282,0.4691,S,82,0,◎1着固定 2-3着流し（5〜8点）,0.5777,"{'is_target': True, 'verdict': '参加推奨', 'max_combo_prob': 0.0872, 'est_top_odds': 15.3, 'circle_concentration': 65.6, 'eligible_count': 6, 'bet_adj': 2, 'reason': 'rel_win1=58.7%（本命度） / 最有力組み合わせ確率: 0.087（推定実オッズ?15倍） / 2着集中度: 上位2艇 65.6%（補正+0.00） / 総合判定確率: 0.087 / → ヒモ分散。1号艇1着固定で広めのヒモ流し推奨（買い目+2点）', 'tenji_trigger': '展示確認: ヒモ分散レース。1号艇伸び確認後、広めのヒモ流しを採用。穴ヒモ（5・6号艇）を積極的に含める。'}",,,28.4,逃げ狙い,17.73,29.6,2,,,,,,,,,,,
2025-09-13,丸亀,11,5,青木幸太,A2,42.86,5,○,3.8315,15.4,36,43.8,0.1411,2.9922,,,0,低,86,0,抜0%,2,0,28.1,1.1793,0,0,0,0,0.0333,0.0882,0.0588,0.1176,,◎,A,△,,0.4059,0.615,,0.4691,S,82,0,◎1着固定 2-3着流し（5〜8点）,0.5777,"{'is_target': True, 'verdict': '参加推奨', 'max_combo_prob': 0.0872, 'est_top_odds': 15.3, 'circle_concentration': 65.6, 'eligible_count': 6, 'bet_adj': 2, 'reason': 'rel_win1=58.7%（本命度） / 最有力組み合わせ確率: 0.087（推定実オッズ?15倍） / 2着集中度: 上位2艇 65.6%（補正+0.00） / 総合判定確率: 0.087 / → ヒモ分散。1号艇1着固定で広めのヒモ流し推奨（買い目+2点）', 'tenji_trigger': '展示確認: ヒモ分散レース。1号艇伸び確認後、広めのヒモ流しを採用。穴ヒモ（5・6号艇）を積極的に含める。'}",,,28.4,逃げ狙い,17.73,29.6,2,,,,,,,,,,,
2025-09-13,丸亀,11,6,原田佑実,B1,25.00,6,▲,1.4487,1.3,35,12.5,0.1437,3.4375,,,0,低,29,0,-,2,0,39.6,0.8333,,,,,,0,0,0.25,,,B,△,,0.3941,0.6345,,0.4691,S,82,0,◎1着固定 2-3着流し（5〜8点）,0.5777,"{'is_target': True, 'verdict': '参加推奨', 'max_combo_prob': 0.0872, 'est_top_odds': 15.3, 'circle_concentration': 65.6, 'eligible_count': 6, 'bet_adj': 2, 'reason': 'rel_win1=58.7%（本命度） / 最有力組み合わせ確率: 0.087（推定実オッズ?15倍） / 2着集中度: 上位2艇 65.6%（補正+0.00） / 総合判定確率: 0.087 / → ヒモ分散。1号艇1着固定で広めのヒモ流し推奨（買い目+2点）', 'tenji_trigger': '展示確認: ヒモ分散レース。1号艇伸び確認後、広めのヒモ流しを採用。穴ヒモ（5・6号艇）を積極的に含める。'}",,,28.4,逃げ狙い,17.73,29.6,2,,,,,,,,,,,
2025-09-13,丸亀,12,1,井上一輝,A1,14.29,1,◎,62.6409,,0,96.6,0.1348,2.5449,,,0,低,55,0,逃1%,26,0,92.4,1.2391,0.9,,,,,0.025,0.025,0.025,◎,,C,◎,,,0.691,,0.6762,S,92,0,◎1着固定 2-3着流し（5〜8点）,0.5777,"{'is_target': True, 'verdict': '参加推奨', 'max_combo_prob': 0.0664, 'est_top_odds': 20.1, 'circle_concentration': 62.0, 'eligible_count': 6, 'bet_adj': 2, 'reason': 'rel_win1=62.6%（本命度） / 最有力組み合わせ確率: 0.066（推定実オッズ?20倍） / 2着集中度: 上位2艇 62.0%（補正+0.00） / 総合判定確率: 0.066 / → ヒモ分散。1号艇1着固定で広めのヒモ流し推奨（買い目+2点）', 'tenji_trigger': '展示確認: ヒモ分散レース。1号艇伸び確認後、広めのヒモ流しを採用。穴ヒモ（5・6号艇）を積極的に含める。\n展示で1号艇スタート超安定(0.135秒)→ヒモ固まり方向に注意'}",,,27.5,逃げ狙い,22.84,22.4,2,,,,,0,0,0.7559,0,,逃げ軸流し,A
2025-09-13,丸亀,12,2,大須賀友,A1,0.00,2,,11.4505,32.1,100,75,0.1781,3.7188,,,0,低,116,0,差0%,13,0,43.4,0.8326,0,0.1111,0.1481,0,0,0.0516,0.1258,0.0129,,,D,,,0.0804,0.599,,0.6762,S,92,0,◎1着固定 2-3着流し（5〜8点）,0.5777,"{'is_target': True, 'verdict': '参加推奨', 'max_combo_prob': 0.0664, 'est_top_odds': 20.1, 'circle_concentration': 62.0, 'eligible_count': 6, 'bet_adj': 2, 'reason': 'rel_win1=62.6%（本命度） / 最有力組み合わせ確率: 0.066（推定実オッズ?20倍） / 2着集中度: 上位2艇 62.0%（補正+0.00） / 総合判定確率: 0.066 / → ヒモ分散。1号艇1着固定で広めのヒモ流し推奨（買い目+2点）', 'tenji_trigger': '展示確認: ヒモ分散レース。1号艇伸び確認後、広めのヒモ流しを採用。穴ヒモ（5・6号艇）を積極的に含める。\n展示で1号艇スタート超安定(0.135秒)→ヒモ固まり方向に注意'}",,,27.5,逃げ狙い,22.84,22.4,2,,,,,,,,,,,
2025-09-13,丸亀,12,3,市川哲也,A2,0.00,3,▲,9.2222,29.8,84,70,0.1314,2.61,,,0,低,55,0,-,1,0,73.5,1.5623,0,0.04,0.04,0.16,0,0.0256,0.0769,0.1026,,,D,○,,0.3293,0.665,,0.6762,S,92,0,◎1着固定 2-3着流し（5〜8点）,0.5777,"{'is_target': True, 'verdict': '参加推奨', 'max_combo_prob': 0.0664, 'est_top_odds': 20.1, 'circle_concentration': 62.0, 'eligible_count': 6, 'bet_adj': 2, 'reason': 'rel_win1=62.6%（本命度） / 最有力組み合わせ確率: 0.066（推定実オッズ?20倍） / 2着集中度: 上位2艇 62.0%（補正+0.00） / 総合判定確率: 0.066 / → ヒモ分散。1号艇1着固定で広めのヒモ流し推奨（買い目+2点）', 'tenji_trigger': '展示確認: ヒモ分散レース。1号艇伸び確認後、広めのヒモ流しを採用。穴ヒモ（5・6号艇）を積極的に含める。\n展示で1号艇スタート超安定(0.135秒)→ヒモ固まり方向に注意'}",,,27.5,逃げ狙い,22.84,22.4,2,,,,,,,,,,,
2025-09-13,丸亀,12,4,田路朋史,A1,14.29,4,△,10.874,20.1,97,68.2,0.1403,2.3968,,,0,低,140,0,差0% ま0%,4,0,72.4,1.404,0,0.0357,0.0714,0,0,0.1312,0.1312,0.1675,,,C,△,◎,0.2694,0.6175,0.3639,0.6762,S,92,0,◎1着固定 2-3着流し（5〜8点）,0.5777,"{'is_target': True, 'verdict': '参加推奨', 'max_combo_prob': 0.0664, 'est_top_odds': 20.1, 'circle_concentration': 62.0, 'eligible_count': 6, 'bet_adj': 2, 'reason': 'rel_win1=62.6%（本命度） / 最有力組み合わせ確率: 0.066（推定実オッズ?20倍） / 2着集中度: 上位2艇 62.0%（補正+0.00） / 総合判定確率: 0.066 / → ヒモ分散。1号艇1着固定で広めのヒモ流し推奨（買い目+2点）', 'tenji_trigger': '展示確認: ヒモ分散レース。1号艇伸び確認後、広めのヒモ流しを採用。穴ヒモ（5・6号艇）を積極的に含める。\n展示で1号艇スタート超安定(0.135秒)→ヒモ固まり方向に注意'}",,,27.5,逃げ狙い,22.84,22.4,2,,,,,,,,,,,
2025-09-13,丸亀,12,5,佐々木和,A2,0.00,5,,2.8865,12.7,65,46.4,0.1673,4.0625,,,0,低,141,0,-,1,0,27.7,0.955,,,,,,0.041,0.1815,0.1815,,,D,△,,0.2089,0.657,,0.6762,S,92,0,◎1着固定 2-3着流し（5〜8点）,0.5777,"{'is_target': True, 'verdict': '参加推奨', 'max_combo_prob': 0.0664, 'est_top_odds': 20.1, 'circle_concentration': 62.0, 'eligible_count': 6, 'bet_adj': 2, 'reason': 'rel_win1=62.6%（本命度） / 最有力組み合わせ確率: 0.066（推定実オッズ?20倍） / 2着集中度: 上位2艇 62.0%（補正+0.00） / 総合判定確率: 0.066 / → ヒモ分散。1号艇1着固定で広めのヒモ流し推奨（買い目+2点）', 'tenji_trigger': '展示確認: ヒモ分散レース。1号艇伸び確認後、広めのヒモ流しを採用。穴ヒモ（5・6号艇）を積極的に含める。\n展示で1号艇スタート超安定(0.135秒)→ヒモ固まり方向に注意'}",,,27.5,逃げ狙い,22.84,22.4,2,,,,,,,,,,,
2025-09-13,丸亀,12,6,藤原菜希,A2,40.00,6,○,2.9259,5.2,48,42.9,0.149,3,,,0,低,33,0,-,2,0,27.7,0.7103,0,0,0,0.1,0,0.1429,0.1429,0.0714,,,A,,,0.2508,0.6005,,0.6762,S,92,0,◎1着固定 2-3着流し（5〜8点）,0.5777,"{'is_target': True, 'verdict': '参加推奨', 'max_combo_prob': 0.0664, 'est_top_odds': 20.1, 'circle_concentration': 62.0, 'eligible_count': 6, 'bet_adj': 2, 'reason': 'rel_win1=62.6%（本命度） / 最有力組み合わせ確率: 0.066（推定実オッズ?20倍） / 2着集中度: 上位2艇 62.0%（補正+0.00） / 総合判定確率: 0.066 / → ヒモ分散。1号艇1着固定で広めのヒモ流し推奨（買い目+2点）', 'tenji_trigger': '展示確認: ヒモ分散レース。1号艇伸び確認後、広めのヒモ流しを採用。穴ヒモ（5・6号艇）を積極的に含める。\n展示で1号艇スタート超安定(0.135秒)→ヒモ固まり方向に注意'}",,,27.5,逃げ狙い,22.84,22.4,2,,,,,,,,,,,
2025-09-14,丸亀,1,1,西原明生,B1,0.00,1,◎,57.2073,,0,76.6,0.1485,3.5745,,,0,低,192,0,逃1%,162,0,94.2,1.2854,0.4762,,,,,0.2571,0.2571,0.2762,○,,D,○,,,0.641,,0.3604,A,68,0,◎-○軸 3着3〜4艇流し（10〜15点）,0.5777,"{'is_target': True, 'verdict': '参加推奨', 'max_combo_prob': 0.0795, 'est_top_odds': 16.8, 'circle_concentration': 78.6, 'eligible_count': 8, 'bet_adj': 2, 'reason': 'rel_win1=57.2%（本命度） / 最有力組み合わせ確率: 0.080（推定実オッズ?17倍） / 2着集中度: 上位2艇 78.6%（補正+0.04） / 総合判定確率: 0.120 / → ヒモ分散。1号艇1着固定で広めのヒモ流し推奨（買い目+2点）', 'tenji_trigger': '展示確認: ヒモ分散レース。1号艇伸び確認後、広めのヒモ流しを採用。穴ヒモ（5・6号艇）を積極的に含める。'}",,,30.3,逃げ狙い,13.94,38.2,3,,,,,0,0,0.6155,0,,逃げ軸流し,A
2025-09-14,丸亀,1,2,冨名腰桃,B1,33.33,2,,9.2021,33.1,89,28,0.2236,4.14,,,0,低,54,0,-,652,0,68,1.5841,,,,,,0.3333,0,0.3333,,,A,,,0.1161,0.4145,,0.3604,A,68,0,◎-○軸 3着3〜4艇流し（10〜15点）,0.5777,"{'is_target': True, 'verdict': '参加推奨', 'max_combo_prob': 0.0795, 'est_top_odds': 16.8, 'circle_concentration': 78.6, 'eligible_count': 8, 'bet_adj': 2, 'reason': 'rel_win1=57.2%（本命度） / 最有力組み合わせ確率: 0.080（推定実オッズ?17倍） / 2着集中度: 上位2艇 78.6%（補正+0.04） / 総合判定確率: 0.120 / → ヒモ分散。1号艇1着固定で広めのヒモ流し推奨（買い目+2点）', 'tenji_trigger': '展示確認: ヒモ分散レース。1号艇伸び確認後、広めのヒモ流しを採用。穴ヒモ（5・6号艇）を積極的に含める。'}",,,30.3,逃げ狙い,13.94,38.2,3,,,,,,,,,,,
2025-09-14,丸亀,1,3,萬　正嗣,B1,42.86,3,○,17.7486,45.7,98,68.3,0.1437,2.8171,,,0,低,84,0,ま0%,656,0,63.3,1.4335,0,0,0.0769,0,0,0.2667,0.2333,0.1333,,◎,A,△,,0.3533,0.599,,0.3604,A,68,0,◎-○軸 3着3〜4艇流し（10〜15点）,0.5777,"{'is_target': True, 'verdict': '参加推奨', 'max_combo_prob': 0.0795, 'est_top_odds': 16.8, 'circle_concentration': 78.6, 'eligible_count': 8, 'bet_adj': 2, 'reason': 'rel_win1=57.2%（本命度） / 最有力組み合わせ確率: 0.080（推定実オッズ?17倍） / 2着集中度: 上位2艇 78.6%（補正+0.04） / 総合判定確率: 0.120 / → ヒモ分散。1号艇1着固定で広めのヒモ流し推奨（買い目+2点）', 'tenji_trigger': '展示確認: ヒモ分散レース。1号艇伸び確認後、広めのヒモ流しを採用。穴ヒモ（5・6号艇）を積極的に含める。'}",,,30.3,逃げ狙い,13.94,38.2,3,,,,,,,,,,,
2025-09-14,丸亀,1,4,上瀧絢也,B1,0.00,4,▲,9.9363,8.8,100,26.8,0.1605,3.5976,,,0,低,78,0,-,353,0,52,1.1287,,,,,,0.0923,0.2423,0,,,D,,,0.3043,0.595,,0.3604,A,68,0,◎-○軸 3着3〜4艇流し（10〜15点）,0.5777,"{'is_target': True, 'verdict': '参加推奨', 'max_combo_prob': 0.0795, 'est_top_odds': 16.8, 'circle_concentration': 78.6, 'eligible_count': 8, 'bet_adj': 2, 'reason': 'rel_win1=57.2%（本命度） / 最有力組み合わせ確率: 0.080（推定実オッズ?17倍） / 2着集中度: 上位2艇 78.6%（補正+0.04） / 総合判定確率: 0.120 / → ヒモ分散。1号艇1着固定で広めのヒモ流し推奨（買い目+2点）', 'tenji_trigger': '展示確認: ヒモ分散レース。1号艇伸び確認後、広めのヒモ流しを採用。穴ヒモ（5・6号艇）を積極的に含める。'}",,,30.3,逃げ狙い,13.94,38.2,3,,,,,,,,,,,
2025-09-14,丸亀,1,5,吉原聖人,B1,0.00,5,,3.3039,7.9,75,25,0.1885,3.7885,,,0,低,129,0,-,342,0,28.2,0.7383,,,,,,0.2533,0.0667,0.3733,,,D,△,,0.2213,0.5965,,0.3604,A,68,0,◎-○軸 3着3〜4艇流し（10〜15点）,0.5777,"{'is_target': True, 'verdict': '参加推奨', 'max_combo_prob': 0.0795, 'est_top_odds': 16.8, 'circle_concentration': 78.6, 'eligible_count': 8, 'bet_adj': 2, 'reason': 'rel_win1=57.2%（本命度） / 最有力組み合わせ確率: 0.080（推定実オッズ?17倍） / 2着集中度: 上位2艇 78.6%（補正+0.04） / 総合判定確率: 0.120 / → ヒモ分散。1号艇1着固定で広めのヒモ流し推奨（買い目+2点）', 'tenji_trigger': '展示確認: ヒモ分散レース。1号艇伸び確認後、広めのヒモ流しを採用。穴ヒモ（5・6号艇）を積極的に含める。'}",,,30.3,逃げ狙い,13.94,38.2,3,,,,,,,,,,,
2025-09-14,丸亀,1,6,伊藤誠二,B1,0.00,6,△,2.6019,4.7,64,21.4,0.1591,3.6518,,,0,低,64,0,-,3 24,0,35.5,0.9144,,,,,,0.2033,0.0133,0.18,,,D,◎,,0.3148,0.6735,,0.3604,A,68,0,◎-○軸 3着3〜4艇流し（10〜15点）,0.5777,"{'is_target': True, 'verdict': '参加推奨', 'max_combo_prob': 0.0795, 'est_top_odds': 16.8, 'circle_concentration': 78.6, 'eligible_count': 8, 'bet_adj': 2, 'reason': 'rel_win1=57.2%（本命度） / 最有力組み合わせ確率: 0.080（推定実オッズ?17倍） / 2着集中度: 上位2艇 78.6%（補正+0.04） / 総合判定確率: 0.120 / → ヒモ分散。1号艇1着固定で広めのヒモ流し推奨（買い目+2点）', 'tenji_trigger': '展示確認: ヒモ分散レース。1号艇伸び確認後、広めのヒモ流しを採用。穴ヒモ（5・6号艇）を積極的に含める。'}",,,30.3,逃げ狙い,13.94,38.2,3,,,,,,,,,,,
2025-09-14,丸亀,2,1,渡邉真奈,B2,0.00,1,◎,47.839,,0,68.4,0.1732,3.6053,,,0,低,39,0,逃0%,336,0,65.9,0.8909,0.1429,,,,,0.0571,0.3143,0.3143,○⚠️,,D,,,,0.5765,,0.3614,A,70,0,◎-○軸 3着3〜4艇流し（10〜15点）,0.5777,"{'is_target': True, 'verdict': '点数絞り', 'max_combo_prob': 0.0893, 'est_top_odds': 14.9, 'circle_concentration': 73.6, 'eligible_count': 8, 'bet_adj': 0, 'reason': 'rel_win1=47.8%（本命度） / 最有力組み合わせ確率: 0.089（推定実オッズ?15倍） / 2着集中度: 上位2艇 73.6%（補正+0.04） / 総合判定確率: 0.129 / → ヒモはやや固め。上位2艇以外を切ること', 'tenji_trigger': '展示確認: 1号艇伸び良→そのまま採用。悪→飛び組に差し替え。circle_pct上位2艇に絞り込むこと。'}",,,29.7,逃げ狙い,14.18,36.1,4,4-1-6|4-1-5|4-1-2|4-2-1|4-6-1|4-2-6|4-2-5|1-2-4|1-2-3|1-3-4|1-4-3|1-3-2,4-1-6|4-1-5|4-1-2|4-2-1|4-6-1|4-2-6|4-2-5|1-2-4|1-2-3|1-3-4|1-4-3|1-3-2,4-1-6:1.88%|4-1-5:1.56%|4-1-2:1.31%|4-2-1:0.71%|4-6-1:0.49%|4-2-6:0.25%|4-2-5:0.21%|1-2-4:5.71%|1-2-3:5.43%|1-3-4:4.67%|1-4-3:3.69%|1-3-2:3.49%,4-1-6:B_main|4-1-5:B_main|4-1-2:B_main|4-2-1:B_main|4-6-1:B_main|4-2-6:B_main|4-2-5:B_main|1-2-4:A|1-2-3:A|1-3-4:A|1-4-3:A|1-3-2:A,12,12,0.4535,1,[!]見送り推奨（主役決まり手「まくり差し」― 逃げ劣勢レースで的中実績なし）,主役軸流し,B
2025-09-14,丸亀,2,2,松田憲幸,B1,0.00,2,,11.1774,44.8,80,43.4,0.2119,4.6415,,,0,低,153,0,差0%,641,0,60.7,0.7383,0,0.2105,0,0,0,0.1538,0.2308,0.1538,,,D,△,,0.0996,0.5835,,0.3614,A,70,0,◎-○軸 3着3〜4艇流し（10〜15点）,0.5777,"{'is_target': True, 'verdict': '点数絞り', 'max_combo_prob': 0.0893, 'est_top_odds': 14.9, 'circle_concentration': 73.6, 'eligible_count': 8, 'bet_adj': 0, 'reason': 'rel_win1=47.8%（本命度） / 最有力組み合わせ確率: 0.089（推定実オッズ?15倍） / 2着集中度: 上位2艇 73.6%（補正+0.04） / 総合判定確率: 0.129 / → ヒモはやや固め。上位2艇以外を切ること', 'tenji_trigger': '展示確認: 1号艇伸び良→そのまま採用。悪→飛び組に差し替え。circle_pct上位2艇に絞り込むこと。'}",,,29.7,逃げ狙い,14.18,36.1,4,,,,,,,,,,,
2025-09-14,丸亀,2,3,田邉亮蔵,B1,0.00,3,,8.4407,28.8,100,38.2,0.1812,3.9211,,,0,低,163,0,-,145,0,83.1,1.5777,0,0,0,0.0294,0,0.0429,0.2071,0.0571,,,D,◎,,0.2348,0.64,,0.3614,A,70,0,◎-○軸 3着3〜4艇流し（10〜15点）,0.5777,"{'is_target': True, 'verdict': '点数絞り', 'max_combo_prob': 0.0893, 'est_top_odds': 14.9, 'circle_concentration': 73.6, 'eligible_count': 8, 'bet_adj': 0, 'reason': 'rel_win1=47.8%（本命度） / 最有力組み合わせ確率: 0.089（推定実オッズ?15倍） / 2着集中度: 上位2艇 73.6%（補正+0.04） / 総合判定確率: 0.129 / → ヒモはやや固め。上位2艇以外を切ること', 'tenji_trigger': '展示確認: 1号艇伸び良→そのまま採用。悪→飛び組に差し替え。circle_pct上位2艇に絞り込むこと。'}",,,29.7,逃げ狙い,14.18,36.1,4,,,,,,,,,,,
2025-09-14,丸亀,2,4,中井俊祐,B1,0.00,4,▲,18.2115,14.3,55,49.2,0.1592,2.8279,,,0,低,130,0,差ま0%,5 31,0,50.2,0.9245,0,0,0.0345,0.1034,0,0.1333,0.3167,0.2,,,D,△,◎,0.356,0.6095,0.3526,0.3614,A,70,0,◎-○軸 3着3〜4艇流し（10〜15点）,0.5777,"{'is_target': True, 'verdict': '点数絞り', 'max_combo_prob': 0.0893, 'est_top_odds': 14.9, 'circle_concentration': 73.6, 'eligible_count': 8, 'bet_adj': 0, 'reason': 'rel_win1=47.8%（本命度） / 最有力組み合わせ確率: 0.089（推定実オッズ?15倍） / 2着集中度: 上位2艇 73.6%（補正+0.04） / 総合判定確率: 0.129 / → ヒモはやや固め。上位2艇以外を切ること', 'tenji_trigger': '展示確認: 1号艇伸び良→そのまま採用。悪→飛び組に差し替え。circle_pct上位2艇に絞り込むこと。'}",,,29.7,逃げ狙い,14.18,36.1,4,,,,,,,,,,,
2025-09-14,丸亀,2,5,鈴木唯央,B1,28.57,5,○,10.6492,8.6,58,26.3,0.1716,3.25,,,0,低,86,0,差ま0%,456,0,27.1,1.0464,0,0,0,0.16,0,0,1,0,,,A,,,0.3166,0.5285,,0.3614,A,70,0,◎-○軸 3着3〜4艇流し（10〜15点）,0.5777,"{'is_target': True, 'verdict': '点数絞り', 'max_combo_prob': 0.0893, 'est_top_odds': 14.9, 'circle_concentration': 73.6, 'eligible_count': 8, 'bet_adj': 0, 'reason': 'rel_win1=47.8%（本命度） / 最有力組み合わせ確率: 0.089（推定実オッズ?15倍） / 2着集中度: 上位2艇 73.6%（補正+0.04） / 総合判定確率: 0.129 / → ヒモはやや固め。上位2艇以外を切ること', 'tenji_trigger': '展示確認: 1号艇伸び良→そのまま採用。悪→飛び組に差し替え。circle_pct上位2艇に絞り込むこと。'}",,,29.7,逃げ狙い,14.18,36.1,4,,,,,,,,,,,
2025-09-14,丸亀,2,6,田路朋史,A1,14.29,6,△,3.6821,3.5,27,19,0.1783,3.9828,,,0,低,140,0,ま0%,4 34,0,45.6,0.895,0,0,0.0357,0,0,0.1312,0.1312,0.1675,,,B,○,,0.2652,0.6175,,0.3614,A,70,0,◎-○軸 3着3〜4艇流し（10〜15点）,0.5777,"{'is_target': True, 'verdict': '点数絞り', 'max_combo_prob': 0.0893, 'est_top_odds': 14.9, 'circle_concentration': 73.6, 'eligible_count': 8, 'bet_adj': 0, 'reason': 'rel_win1=47.8%（本命度） / 最有力組み合わせ確率: 0.089（推定実オッズ?15倍） / 2着集中度: 上位2艇 73.6%（補正+0.04） / 総合判定確率: 0.129 / → ヒモはやや固め。上位2艇以外を切ること', 'tenji_trigger': '展示確認: 1号艇伸び良→そのまま採用。悪→飛び組に差し替え。circle_pct上位2艇に絞り込むこと。'}",,,29.7,逃げ狙い,14.18,36.1,4,,,,,,,,,,,
2025-09-14,丸亀,3,1,花田和明,B1,0.00,1,◎,45.5635,,0,89.7,0.1454,2.4231,,,0,低,71,0,逃0%,545,0,69.7,1.1019,0.5,,,,,0.0222,0,0.2611,◎,,C,△,,,0.6025,,0.5148,A,71,0,◎-○軸 3着3〜4艇流し（10〜15点）,0.5777,"{'is_target': True, 'verdict': '点数絞り', 'max_combo_prob': 0.0808, 'est_top_odds': 16.5, 'circle_concentration': 73.6, 'eligible_count': 8, 'bet_adj': 0, 'reason': 'rel_win1=45.6%（本命度） / 最有力組み合わせ確率: 0.081（推定実オッズ?16倍） / 2着集中度: 上位2艇 73.6%（補正+0.04） / 総合判定確率: 0.121 / → ヒモはやや固め。上位2艇以外を切ること', 'tenji_trigger': '展示確認: 1号艇伸び良→そのまま採用。悪→飛び組に差し替え。circle_pct上位2艇に絞り込むこと。'}",,,27.4,逃げ狙い,19.27,25.3,3,,,,,0,0,0.7559,0,,逃げ軸流し,A
2025-09-14,丸亀,3,2,落合直子,B1,0.00,2,△,12.1324,27.2,100,52.9,0.1544,3.1765,,,0,低,40,0,-,416,0,67.4,0.8902,0,0.1667,0,0,0,0.025,0,0.225,,,C,△,,0.2488,0.6465,,0.5148,A,71,0,◎-○軸 3着3〜4艇流し（10〜15点）,0.5777,"{'is_target': True, 'verdict': '点数絞り', 'max_combo_prob': 0.0808, 'est_top_odds': 16.5, 'circle_concentration': 73.6, 'eligible_count': 8, 'bet_adj': 0, 'reason': 'rel_win1=45.6%（本命度） / 最有力組み合わせ確率: 0.081（推定実オッズ?16倍） / 2着集中度: 上位2艇 73.6%（補正+0.04） / 総合判定確率: 0.121 / → ヒモはやや固め。上位2艇以外を切ること', 'tenji_trigger': '展示確認: 1号艇伸び良→そのまま採用。悪→飛び組に差し替え。circle_pct上位2艇に絞り込むこと。'}",,,27.4,逃げ狙い,19.27,25.3,3,,,,,,,,,,,
2025-09-14,丸亀,3,3,末永祐輝,A1,0.00,3,▲,15.3802,46.5,65,71.2,0.1531,2.9237,,,0,低,113,0,-,1415,0,100,2.1827,0,0,0.04,0.16,0.04,0.0465,0.1039,0.1132,,,C,○,,0.274,0.653,,0.5148,A,71,0,◎-○軸 3着3〜4艇流し（10〜15点）,0.5777,"{'is_target': True, 'verdict': '点数絞り', 'max_combo_prob': 0.0808, 'est_top_odds': 16.5, 'circle_concentration': 73.6, 'eligible_count': 8, 'bet_adj': 0, 'reason': 'rel_win1=45.6%（本命度） / 最有力組み合わせ確率: 0.081（推定実オッズ?16倍） / 2着集中度: 上位2艇 73.6%（補正+0.04） / 総合判定確率: 0.121 / → ヒモはやや固め。上位2艇以外を切ること', 'tenji_trigger': '展示確認: 1号艇伸び良→そのまま採用。悪→飛び組に差し替え。circle_pct上位2艇に絞り込むこと。'}",,,27.4,逃げ狙い,19.27,25.3,3,,,,,,,,,,,
2025-09-14,丸亀,3,4,金田大輔,B1,0.00,4,,11.5222,10.4,49,36.2,0.1591,2.7672,,,0,低,99,0,-,461,0,93.5,1.8734,0,0.04,0.12,0,0,0.2,0.1,0.1,,,C,,○,0.2514,0.587,0.2392,0.5148,A,71,0,◎-○軸 3着3〜4艇流し（10〜15点）,0.5777,"{'is_target': True, 'verdict': '点数絞り', 'max_combo_prob': 0.0808, 'est_top_odds': 16.5, 'circle_concentration': 73.6, 'eligible_count': 8, 'bet_adj': 0, 'reason': 'rel_win1=45.6%（本命度） / 最有力組み合わせ確率: 0.081（推定実オッズ?16倍） / 2着集中度: 上位2艇 73.6%（補正+0.04） / 総合判定確率: 0.121 / → ヒモはやや固め。上位2艇以外を切ること', 'tenji_trigger': '展示確認: 1号艇伸び良→そのまま採用。悪→飛び組に差し替え。circle_pct上位2艇に絞り込むこと。'}",,,27.4,逃げ狙い,19.27,25.3,3,,,,,,,,,,,
2025-09-14,丸亀,3,5,伊久間陽,B1,0.00,5,○,14.262,11.2,43,38.1,0.134,3.0357,,,0,低,57,0,差ま0% 抜0%,6 55,0,33.3,1.4536,0,0,0,0.2222,0.0556,0.0706,0.1906,0.0235,,,C,,◎,0.3624,0.6015,0.4596,0.5148,A,71,0,◎-○軸 3着3〜4艇流し（10〜15点）,0.5777,"{'is_target': True, 'verdict': '点数絞り', 'max_combo_prob': 0.0808, 'est_top_odds': 16.5, 'circle_concentration': 73.6, 'eligible_count': 8, 'bet_adj': 0, 'reason': 'rel_win1=45.6%（本命度） / 最有力組み合わせ確率: 0.081（推定実オッズ?16倍） / 2着集中度: 上位2艇 73.6%（補正+0.04） / 総合判定確率: 0.121 / → ヒモはやや固め。上位2艇以外を切ること', 'tenji_trigger': '展示確認: 1号艇伸び良→そのまま採用。悪→飛び組に差し替え。circle_pct上位2艇に絞り込むこと。'}",,,27.4,逃げ狙い,19.27,25.3,3,,,,,,,,,,,
2025-09-14,丸亀,3,6,木谷賢太,A2,40.00,6,,1.1397,4.8,70,41.5,0.1823,4.7736,,,0,低,107,0,-,131,0,40.4,1.0883,,,,,,0.0343,0.0114,0.1957,,,A,◎,,0.1906,0.663,,0.5148,A,71,0,◎-○軸 3着3〜4艇流し（10〜15点）,0.5777,"{'is_target': True, 'verdict': '点数絞り', 'max_combo_prob': 0.0808, 'est_top_odds': 16.5, 'circle_concentration': 73.6, 'eligible_count': 8, 'bet_adj': 0, 'reason': 'rel_win1=45.6%（本命度） / 最有力組み合わせ確率: 0.081（推定実オッズ?16倍） / 2着集中度: 上位2艇 73.6%（補正+0.04） / 総合判定確率: 0.121 / → ヒモはやや固め。上位2艇以外を切ること', 'tenji_trigger': '展示確認: 1号艇伸び良→そのまま採用。悪→飛び組に差し替え。circle_pct上位2艇に絞り込むこと。'}",,,27.4,逃げ狙い,19.27,25.3,3,,,,,,,,,,,
2025-09-14,丸亀,4,1,小川日紀,B1,0.00,1,◎,38.3356,,0,70.7,0.161,3.0366,,,0,低,96,0,逃0%,5 65,0,52.9,0.8779,0.381,,,,,0.1905,0.2857,0.0952,○,,D,△,,,0.601,,0.3804,C,42,0,荒れ傾向。高配当狙いか見送り,0.5777,"{'is_target': False, 'verdict': '対象外', 'max_combo_prob': None, 'est_top_odds': None, 'circle_concentration': None, 'eligible_count': 0, 'bet_adj': 0, 'reason': '1号艇rel_win1 < 45%: 通常判定に委ねる', 'tenji_trigger': ''}",,,33.2,両建て推奨,26.02,36,2,,,,,0,0,0.6155,0,,主役軸流し,B
2025-09-14,丸亀,4,2,北川太一,A2,28.57,2,○,20.3926,40.6,88,73.4,0.1452,3.1406,,,0,低,110,0,差0% 抜0%,222,0,61.2,1.2578,0,0.0833,0,0,0.125,0,0.1563,0.242,,◎,B,○,,0.5047,0.6235,,0.3804,C,42,0,荒れ傾向。高配当狙いか見送り,0.5777,"{'is_target': False, 'verdict': '対象外', 'max_combo_prob': None, 'est_top_odds': None, 'circle_concentration': None, 'eligible_count': 0, 'bet_adj': 0, 'reason': '1号艇rel_win1 < 45%: 通常判定に委ねる', 'tenji_trigger': ''}",,,33.2,両建て推奨,26.02,36,2,,,,,,,,,,,
2025-09-14,丸亀,4,3,大須賀友,A1,0.00,3,,13.1248,38.8,73,81.4,0.1724,3.2288,,,0,低,116,0,-,1356,0,68.5,1.5031,0,0,0.12,0.08,0,0.0516,0.1258,0.0129,,,D,△,,0.2881,0.599,,0.3804,C,42,0,荒れ傾向。高配当狙いか見送り,0.5777,"{'is_target': False, 'verdict': '対象外', 'max_combo_prob': None, 'est_top_odds': None, 'circle_concentration': None, 'eligible_count': 0, 'bet_adj': 0, 'reason': '1号艇rel_win1 < 45%: 通常判定に委ねる', 'tenji_trigger': ''}",,,33.2,両建て推奨,26.02,36,2,,,,,,,,,,,
2025-09-14,丸亀,4,4,原村拓也,B1,28.57,4,,10.7381,9.2,100,50.7,0.1842,3.7536,,,0,低,159,0,差0%,2 34,0,36.5,0.9964,0,0.0286,0,0,0.0571,0.3114,0.1257,0.02,,,B,,○,0.2294,0.5855,0.2316,0.3804,C,42,0,荒れ傾向。高配当狙いか見送り,0.5777,"{'is_target': False, 'verdict': '対象外', 'max_combo_prob': None, 'est_top_odds': None, 'circle_concentration': None, 'eligible_count': 0, 'bet_adj': 0, 'reason': '1号艇rel_win1 < 45%: 通常判定に委ねる', 'tenji_trigger': ''}",,,33.2,両建て推奨,26.02,36,2,,,,,,,,,,,
2025-09-14,丸亀,4,5,益田啓司,A2,0.00,5,△,15.3146,10,55,49.3,0.1508,2.9247,,,0,低,80,0,-,3 36,0,89.3,1.5833,0,0.037,0.0741,0.1111,0,0.131,0.0129,0,,,D,◎,◎,0.3827,0.6665,0.4555,0.3804,C,42,0,荒れ傾向。高配当狙いか見送り,0.5777,"{'is_target': False, 'verdict': '対象外', 'max_combo_prob': None, 'est_top_odds': None, 'circle_concentration': None, 'eligible_count': 0, 'bet_adj': 0, 'reason': '1号艇rel_win1 < 45%: 通常判定に委ねる', 'tenji_trigger': ''}",,,33.2,両建て推奨,26.02,36,2,,,,,,,,,,,
2025-09-14,丸亀,4,6,山口　亮,B1,40.00,6,▲,2.0943,1.4,50,21.8,0.1971,4.3364,,,0,低,167,0,-,5 26,0,28.8,0.8878,,,,,,0.0333,0.3067,0.1533,,,A,,,0.2388,0.5775,,0.3804,C,42,0,荒れ傾向。高配当狙いか見送り,0.5777,"{'is_target': False, 'verdict': '対象外', 'max_combo_prob': None, 'est_top_odds': None, 'circle_concentration': None, 'eligible_count': 0, 'bet_adj': 0, 'reason': '1号艇rel_win1 < 45%: 通常判定に委ねる', 'tenji_trigger': ''}",,,33.2,両建て推奨,26.02,36,2,,,,,,,,,,,
2025-09-14,丸亀,5,1,占部一真,B1,0.00,1,◎,44.0213,,0,74.3,0.1366,2.5714,,,0,低,119,0,逃0%,6 44,0,61.9,0.9371,0.4,,,,,0.1333,0.2,0.2667,◎,,E,△,,,0.595,,0.5679,B,49,0,◎○△フォーメーション（15〜20点）,0.5777,"{'is_target': False, 'verdict': '対象外', 'max_combo_prob': None, 'est_top_odds': None, 'circle_concentration': None, 'eligible_count': 0, 'bet_adj': 0, 'reason': '1号艇rel_win1 < 45%: 通常判定に委ねる', 'tenji_trigger': ''}",,,30.5,両建て推奨,19.44,34,4,,,,,0,0,0.7559,0,,逃げ軸流し,A
2025-09-14,丸亀,5,2,上瀧絢也,B1,0.00,2,,7.4689,31.6,68,34.1,0.165,3.4432,,,0,低,78,0,-,353,0,27.8,0.609,,,,,,0.0923,0.2423,0,,,E,△,,0.0775,0.595,,0.5679,B,49,0,◎○△フォーメーション（15〜20点）,0.5777,"{'is_target': False, 'verdict': '対象外', 'max_combo_prob': None, 'est_top_odds': None, 'circle_concentration': None, 'eligible_count': 0, 'bet_adj': 0, 'reason': '1号艇rel_win1 < 45%: 通常判定に委ねる', 'tenji_trigger': ''}",,,30.5,両建て推奨,19.44,34,4,,,,,,,,,,,
2025-09-14,丸亀,5,3,青木幸太,A2,42.86,3,▲,16.7136,35.4,70,63.8,0.1566,3.2586,,,0,低,86,0,差ま1%,2 2S,0,24.6,0.6958,0,0.0303,0.0303,0.1212,0,0.0882,0.0588,0.1176,,,B,○,,0.2024,0.615,,0.5679,B,49,0,◎○△フォーメーション（15〜20点）,0.5777,"{'is_target': False, 'verdict': '対象外', 'max_combo_prob': None, 'est_top_odds': None, 'circle_concentration': None, 'eligible_count': 0, 'bet_adj': 0, 'reason': '1号艇rel_win1 < 45%: 通常判定に委ねる', 'tenji_trigger': ''}",,,30.5,両建て推奨,19.44,34,4,,,,,,,,,,,
2025-09-14,丸亀,5,4,平尾崇典,A1,66.67,4,○,25.6153,20.1,100,75,0.1771,3.5962,,,0,低,104,0,ま0% 差ま0%,111,0,96.6,1.8683,0,0,0.3,0.05,0,0.0278,0.0833,0.1389,,,A,△,◎,0.2053,0.6045,0.3318,0.5679,B,49,0,◎○△フォーメーション（15〜20点）,0.5777,"{'is_target': False, 'verdict': '対象外', 'max_combo_prob': None, 'est_top_odds': None, 'circle_concentration': None, 'eligible_count': 0, 'bet_adj': 0, 'reason': '1号艇rel_win1 < 45%: 通常判定に委ねる', 'tenji_trigger': ''}",,,30.5,両建て推奨,19.44,34,4,,,,,,,,,,,
2025-09-14,丸亀,5,5,島川海輝,A2,33.33,5,,5.013,11.1,66,42.5,0.172,3.2375,,,0,低,76,0,-,652,0,21,0.6352,0,0,0,0.0556,0,0.0296,0.1296,0.1593,,,C,◎,,0.1648,0.663,,0.5679,B,49,0,◎○△フォーメーション（15〜20点）,0.5777,"{'is_target': False, 'verdict': '対象外', 'max_combo_prob': None, 'est_top_odds': None, 'circle_concentration': None, 'eligible_count': 0, 'bet_adj': 0, 'reason': '1号艇rel_win1 < 45%: 通常判定に委ねる', 'tenji_trigger': ''}",,,30.5,両建て推奨,19.44,34,4,,,,,,,,,,,
2025-09-14,丸亀,5,6,三嶌さら,B1,44.44,6,△,1.1679,1.9,10,3,0.1863,4.0152,,,0,低,82,0,-,6 66,0,21.3,0.5461,,,,,,0,0.25,0,,,B,,,0.1551,0.576,,0.5679,B,49,0,◎○△フォーメーション（15〜20点）,0.5777,"{'is_target': False, 'verdict': '対象外', 'max_combo_prob': None, 'est_top_odds': None, 'circle_concentration': None, 'eligible_count': 0, 'bet_adj': 0, 'reason': '1号艇rel_win1 < 45%: 通常判定に委ねる', 'tenji_trigger': ''}",,,30.5,両建て推奨,19.44,34,4,,,,,,,,,,,
2025-09-14,丸亀,6,1,齊藤　優,A2,0.00,1,◎,48.8335,,0,74,0.1748,3.83,,,0,低,103,0,逃1%,464,0,52.2,0.8068,0.4231,,,,,0.0923,0.3923,0.0462,△,,E,○,,,0.6325,,0.2558,A,63,0,◎-○軸 3着3〜4艇流し（10〜15点）,0.5777,"{'is_target': True, 'verdict': '参加推奨', 'max_combo_prob': 0.0689, 'est_top_odds': 19.4, 'circle_concentration': 68.2, 'eligible_count': 8, 'bet_adj': 2, 'reason': 'rel_win1=48.8%（本命度） / 最有力組み合わせ確率: 0.069（推定実オッズ?19倍） / 2着集中度: 上位2艇 68.2%（補正+0.00） / 総合判定確率: 0.069 / → ヒモ分散。1号艇1着固定で広めのヒモ流し推奨（買い目+2点）', 'tenji_trigger': '展示確認: ヒモ分散レース。1号艇伸び確認後、広めのヒモ流しを採用。穴ヒモ（5・6号艇）を積極的に含める。'}",,,30.6,両建て推奨,19.08,34.7,4,1-2-4|1-3-4|1-2-3|1-3-2|1-4-2,5-1-6|6-1-2|6-1-3|5-1-2|6-2-1|5-6-1|5-1-3|1-2-4|1-3-4|1-2-3|1-3-2|1-4-2,1-2-4:10.11%|1-3-4:7.67%|1-2-3:6.06%|1-3-2:5.09%|1-4-2:4.73%,1-2-4:A|1-3-4:A|1-2-3:A|1-3-2:A|1-4-2:A,5,12,0.4535,1,[!]見送り推奨（主役決まり手「まくり差し」― 逃げ劣勢レースで的中実績なし）,荒れ広め,D
2025-09-14,丸亀,6,2,萬　正嗣,B1,42.86,2,▲,14.9001,38.8,79,42.5,0.1593,3.5625,,,0,低,84,0,-,656,0,51.8,0.7641,,,,,,0.2667,0.2333,0.1333,,○,A,△,,0.4964,0.599,,0.2558,A,63,0,◎-○軸 3着3〜4艇流し（10〜15点）,0.5777,"{'is_target': True, 'verdict': '参加推奨', 'max_combo_prob': 0.0689, 'est_top_odds': 19.4, 'circle_concentration': 68.2, 'eligible_count': 8, 'bet_adj': 2, 'reason': 'rel_win1=48.8%（本命度） / 最有力組み合わせ確率: 0.069（推定実オッズ?19倍） / 2着集中度: 上位2艇 68.2%（補正+0.00） / 総合判定確率: 0.069 / → ヒモ分散。1号艇1着固定で広めのヒモ流し推奨（買い目+2点）', 'tenji_trigger': '展示確認: ヒモ分散レース。1号艇伸び確認後、広めのヒモ流しを採用。穴ヒモ（5・6号艇）を積極的に含める。'}",,,30.6,両建て推奨,19.08,34.7,4,,,,,,,,,,,
2025-09-14,丸亀,6,3,板倉敦史,B1,50.00,3,○,10.1855,29.4,84,51.6,0.1619,3.6016,,,0,低,163,0,-,5 54,0,46.6,1.0248,0,0,0,0.037,0.037,0.28,0.32,0.04,,△,A,,,0.3861,0.557,,0.2558,A,63,0,◎-○軸 3着3〜4艇流し（10〜15点）,0.5777,"{'is_target': True, 'verdict': '参加推奨', 'max_combo_prob': 0.0689, 'est_top_odds': 19.4, 'circle_concentration': 68.2, 'eligible_count': 8, 'bet_adj': 2, 'reason': 'rel_win1=48.8%（本命度） / 最有力組み合わせ確率: 0.069（推定実オッズ?19倍） / 2着集中度: 上位2艇 68.2%（補正+0.00） / 総合判定確率: 0.069 / → ヒモ分散。1号艇1着固定で広めのヒモ流し推奨（買い目+2点）', 'tenji_trigger': '展示確認: ヒモ分散レース。1号艇伸び確認後、広めのヒモ流しを採用。穴ヒモ（5・6号艇）を積極的に含める。'}",,,30.6,両建て推奨,19.08,34.7,4,,,,,,,,,,,
2025-09-14,丸亀,6,4,小野達哉,A1,0.00,4,△,17.0261,17.4,100,70.8,0.1226,2.4692,,,0,低,87,0,-,121,0,89.9,1.6089,0,0,0.0769,0.1154,0,0.0095,0.0286,0.0286,,◎,E,◎,◎,0.5437,0.6745,0.4992,0.2558,A,63,0,◎-○軸 3着3〜4艇流し（10〜15点）,0.5777,"{'is_target': True, 'verdict': '参加推奨', 'max_combo_prob': 0.0689, 'est_top_odds': 19.4, 'circle_concentration': 68.2, 'eligible_count': 8, 'bet_adj': 2, 'reason': 'rel_win1=48.8%（本命度） / 最有力組み合わせ確率: 0.069（推定実オッズ?19倍） / 2着集中度: 上位2艇 68.2%（補正+0.00） / 総合判定確率: 0.069 / → ヒモ分散。1号艇1着固定で広めのヒモ流し推奨（買い目+2点）', 'tenji_trigger': '展示確認: ヒモ分散レース。1号艇伸び確認後、広めのヒモ流しを採用。穴ヒモ（5・6号艇）を積極的に含める。'}",,,30.6,両建て推奨,19.08,34.7,4,,,,,,,,,,,
2025-09-14,丸亀,6,5,胡本悟志,B1,0.00,5,,5.7568,8.5,42,28.3,0.1706,3.1604,,,0,低,123,0,-,4 56,0,33.9,0.98,0,0,0,0.0385,0,0.4067,0.08,0.0267,,,E,,,0.3523,0.5535,,0.2558,A,63,0,◎-○軸 3着3〜4艇流し（10〜15点）,0.5777,"{'is_target': True, 'verdict': '参加推奨', 'max_combo_prob': 0.0689, 'est_top_odds': 19.4, 'circle_concentration': 68.2, 'eligible_count': 8, 'bet_adj': 2, 'reason': 'rel_win1=48.8%（本命度） / 最有力組み合わせ確率: 0.069（推定実オッズ?19倍） / 2着集中度: 上位2艇 68.2%（補正+0.00） / 総合判定確率: 0.069 / → ヒモ分散。1号艇1着固定で広めのヒモ流し推奨（買い目+2点）', 'tenji_trigger': '展示確認: ヒモ分散レース。1号艇伸び確認後、広めのヒモ流しを採用。穴ヒモ（5・6号艇）を積極的に含める。'}",,,30.6,両建て推奨,19.08,34.7,4,,,,,,,,,,,
2025-09-14,丸亀,6,6,柳内敬太,A2,14.29,6,,3.298,5.9,49,30.6,0.1782,4.1528,,,0,低,138,0,-,312,0,24.4,0.4453,0,0,0,0.0303,0,0.0705,0.0211,0.0421,,,D,△,,0.3297,0.6035,,0.2558,A,63,0,◎-○軸 3着3〜4艇流し（10〜15点）,0.5777,"{'is_target': True, 'verdict': '参加推奨', 'max_combo_prob': 0.0689, 'est_top_odds': 19.4, 'circle_concentration': 68.2, 'eligible_count': 8, 'bet_adj': 2, 'reason': 'rel_win1=48.8%（本命度） / 最有力組み合わせ確率: 0.069（推定実オッズ?19倍） / 2着集中度: 上位2艇 68.2%（補正+0.00） / 総合判定確率: 0.069 / → ヒモ分散。1号艇1着固定で広めのヒモ流し推奨（買い目+2点）', 'tenji_trigger': '展示確認: ヒモ分散レース。1号艇伸び確認後、広めのヒモ流しを採用。穴ヒモ（5・6号艇）を積極的に含める。'}",,,30.6,両建て推奨,19.08,34.7,4,,,,,,,,,,,
2025-09-14,丸亀,7,1,原田佑実,B1,25.00,1,◎,56.8484,,0,94.1,0.1524,2.9118,,,0,低,29,0,逃1%,2 35,0,69.2,1.0088,0.75,,,,,0,0,0.25,◎⚠️,,D,○,,,0.6345,,0.5067,S,100,0,◎1着固定 2-3着流し（5〜8点）,0.5777,"{'is_target': True, 'verdict': '点数絞り', 'max_combo_prob': 0.106, 'est_top_odds': 12.6, 'circle_concentration': 76.3, 'eligible_count': 6, 'bet_adj': 0, 'reason': 'rel_win1=56.8%（本命度） / 最有力組み合わせ確率: 0.106（推定実オッズ?13倍） / 2着集中度: 上位2艇 76.3%（補正+0.04） / 総合判定確率: 0.146 / → ヒモはやや固め。上位2艇以外を切ること', 'tenji_trigger': '展示確認: 1号艇伸び良→そのまま採用。悪→飛び組に差し替え。circle_pct上位2艇に絞り込むこと。'}",,,26.8,逃げ狙い,17.77,25,2,3-5-4|3-4-5|3-5-6|3-4-6|3-5-2|3-2-5|3-4-2|3-1-5|3-1-4|3-1-2|1-2-5|1-2-4,3-5-4|3-4-5|3-5-6|3-4-6|3-5-2|3-2-5|3-4-2|3-1-5|3-1-4|3-1-2|1-2-5|1-2-4,3-5-4:2.33%|3-4-5:2.3%|3-5-6:0.76%|3-4-6:0.63%|3-5-2:0.58%|3-2-5:0.5%|3-4-2:0.48%|3-1-5:15.43%|3-1-4:12.78%|3-1-2:12.28%|1-2-5:6.28%|1-2-4:6.04%,3-5-4:B_main|3-4-5:B_main|3-5-6:B_main|3-4-6:B_main|3-5-2:B_main|3-2-5:B_main|3-4-2:B_main|3-1-5:B_sc|3-1-4:B_sc|3-1-2:B_sc|1-2-5:A|1-2-4:A,12,12,0.4535,1,[!]見送り推奨（主役決まり手「まくり」― 逃げ劣勢レースで的中実績なし）,主役軸流し,B
2025-09-14,丸亀,7,2,三浦永理,A1,28.57,2,,15.3576,50,77,68,0.162,3.6,,,0,低,43,0,差0%,425,0,49,1.1241,0,0.1333,0,0,0,0.0167,0.05,0.1867,,,C,◎,,0.2345,0.678,,0.5067,S,100,0,◎1着固定 2-3着流し（5〜8点）,0.5777,"{'is_target': True, 'verdict': '点数絞り', 'max_combo_prob': 0.106, 'est_top_odds': 12.6, 'circle_concentration': 76.3, 'eligible_count': 6, 'bet_adj': 0, 'reason': 'rel_win1=56.8%（本命度） / 最有力組み合わせ確率: 0.106（推定実オッズ?13倍） / 2着集中度: 上位2艇 76.3%（補正+0.04） / 総合判定確率: 0.146 / → ヒモはやや固め。上位2艇以外を切ること', 'tenji_trigger': '展示確認: 1号艇伸び良→そのまま採用。悪→飛び組に差し替え。circle_pct上位2艇に絞り込むこと。'}",,,26.8,逃げ狙い,17.77,25,2,,,,,,,,,,,
2025-09-14,丸亀,7,3,渡邉真奈,B2,0.00,3,△,12.6912,26.4,57,50,0.1409,2.5781,,,0,低,39,0,ま0% 差ま0%,336,0,39.4,1.0681,0,0,0.0667,0.0667,0,0.0571,0.3143,0.3143,,◎,E,,,0.351,0.5765,,0.5067,S,100,0,◎1着固定 2-3着流し（5〜8点）,0.5777,"{'is_target': True, 'verdict': '点数絞り', 'max_combo_prob': 0.106, 'est_top_odds': 12.6, 'circle_concentration': 76.3, 'eligible_count': 6, 'bet_adj': 0, 'reason': 'rel_win1=56.8%（本命度） / 最有力組み合わせ確率: 0.106（推定実オッズ?13倍） / 2着集中度: 上位2艇 76.3%（補正+0.04） / 総合判定確率: 0.146 / → ヒモはやや固め。上位2艇以外を切ること', 'tenji_trigger': '展示確認: 1号艇伸び良→そのまま採用。悪→飛び組に差し替え。circle_pct上位2艇に絞り込むこと。'}",,,26.8,逃げ狙い,17.77,25,2,,,,,,,,,,,
2025-09-14,丸亀,7,4,喜多須杏,B1,50.00,4,▲,4.967,12.3,100,41.4,0.1876,4.1034,,,0,低,60,0,-,3 23,0,77.5,1.5389,,,,,,0,0.1429,0.1429,,,A,△,,0.1751,0.62,,0.5067,S,100,0,◎1着固定 2-3着流し（5〜8点）,0.5777,"{'is_target': True, 'verdict': '点数絞り', 'max_combo_prob': 0.106, 'est_top_odds': 12.6, 'circle_concentration': 76.3, 'eligible_count': 6, 'bet_adj': 0, 'reason': 'rel_win1=56.8%（本命度） / 最有力組み合わせ確率: 0.106（推定実オッズ?13倍） / 2着集中度: 上位2艇 76.3%（補正+0.04） / 総合判定確率: 0.146 / → ヒモはやや固め。上位2艇以外を切ること', 'tenji_trigger': '展示確認: 1号艇伸び良→そのまま採用。悪→飛び組に差し替え。circle_pct上位2艇に絞り込むこと。'}",,,26.8,逃げ狙い,17.77,25,2,,,,,,,,,,,
2025-09-14,丸亀,7,5,藤原菜希,A2,40.00,5,○,8.5311,9.4,77,54.5,0.1605,2.8636,,,0,低,33,0,-,2 42,0,90.8,1.6386,,,,,,0.1429,0.1429,0.0714,,,B,△,,0.2842,0.6005,,0.5067,S,100,0,◎1着固定 2-3着流し（5〜8点）,0.5777,"{'is_target': True, 'verdict': '点数絞り', 'max_combo_prob': 0.106, 'est_top_odds': 12.6, 'circle_concentration': 76.3, 'eligible_count': 6, 'bet_adj': 0, 'reason': 'rel_win1=56.8%（本命度） / 最有力組み合わせ確率: 0.106（推定実オッズ?13倍） / 2着集中度: 上位2艇 76.3%（補正+0.04） / 総合判定確率: 0.146 / → ヒモはやや固め。上位2艇以外を切ること', 'tenji_trigger': '展示確認: 1号艇伸び良→そのまま採用。悪→飛び組に差し替え。circle_pct上位2艇に絞り込むこと。'}",,,26.8,逃げ狙い,17.77,25,2,,,,,,,,,,,
2025-09-14,丸亀,7,6,冨名腰桃,B1,33.33,6,,1.6047,2,34,12.5,0.2017,4.7292,,,0,低,54,0,-,652,0,29.4,0.8733,,,,,,0.3333,0,0.3333,,,C,,,0.1531,0.4145,,0.5067,S,100,0,◎1着固定 2-3着流し（5〜8点）,0.5777,"{'is_target': True, 'verdict': '点数絞り', 'max_combo_prob': 0.106, 'est_top_odds': 12.6, 'circle_concentration': 76.3, 'eligible_count': 6, 'bet_adj': 0, 'reason': 'rel_win1=56.8%（本命度） / 最有力組み合わせ確率: 0.106（推定実オッズ?13倍） / 2着集中度: 上位2艇 76.3%（補正+0.04） / 総合判定確率: 0.146 / → ヒモはやや固め。上位2艇以外を切ること', 'tenji_trigger': '展示確認: 1号艇伸び良→そのまま採用。悪→飛び組に差し替え。circle_pct上位2艇に絞り込むこと。'}",,,26.8,逃げ狙い,17.77,25,2,,,,,,,,,,,
2025-09-14,丸亀,8,1,内堀　学,A1,0.00,1,◎,66.6979,,0,80.2,0.1725,3.9753,,,0,低,152,0,逃1%,2 43,0,84.2,1.0728,0.4872,,,,,0.0718,0.3015,0.041,△,,C,,,,0.603,,0.327,A,76,0,◎-○軸 3着3〜4艇流し（10〜15点）,0.5777,"{'is_target': True, 'verdict': '参加推奨', 'max_combo_prob': 0.1012, 'est_top_odds': 13.2, 'circle_concentration': 68.8, 'eligible_count': 8, 'bet_adj': 2, 'reason': 'rel_win1=66.7%（本命度） / 最有力組み合わせ確率: 0.101（推定実オッズ?13倍） / 2着集中度: 上位2艇 68.8%（補正+0.00） / 総合判定確率: 0.101 / → ヒモ分散。1号艇1着固定で広めのヒモ流し推奨（買い目+2点）', 'tenji_trigger': '展示確認: ヒモ分散レース。1号艇伸び確認後、広めのヒモ流しを採用。穴ヒモ（5・6号艇）を積極的に含める。'}",,,28,逃げ狙い,13.39,32,2,5-1-2|1-2-4|1-2-5|1-2-3|1-4-5|1-4-3,6-1-2|3-2-1|6-1-4|3-1-2|6-2-1|5-1-2|6-1-3|1-2-4|1-2-5|1-2-3|1-4-5|1-4-3,5-1-2:1.98%|1-2-4:7.2%|1-2-5:6.41%|1-2-3:5.93%|1-4-5:4.65%|1-4-3:4.3%,5-1-2:B_main|1-2-4:A|1-2-5:A|1-2-3:A|1-4-5:A|1-4-3:A,6,12,0.4535,1,[!]見送り推奨（主役決まり手「まくり差し」― 逃げ劣勢レースで的中実績なし）,荒れ広め,D
2025-09-14,丸亀,8,2,佐々木和,A2,0.00,2,△,12.2001,47.4,60,63.9,0.18,3.9918,,,0,低,141,0,-,1 13,0,55,0.6069,0,0.0968,0.0323,0,0,0.041,0.1815,0.1815,,,C,○,,0.2553,0.657,,0.327,A,76,0,◎-○軸 3着3〜4艇流し（10〜15点）,0.5777,"{'is_target': True, 'verdict': '参加推奨', 'max_combo_prob': 0.1012, 'est_top_odds': 13.2, 'circle_concentration': 68.8, 'eligible_count': 8, 'bet_adj': 2, 'reason': 'rel_win1=66.7%（本命度） / 最有力組み合わせ確率: 0.101（推定実オッズ?13倍） / 2着集中度: 上位2艇 68.8%（補正+0.00） / 総合判定確率: 0.101 / → ヒモ分散。1号艇1着固定で広めのヒモ流し推奨（買い目+2点）', 'tenji_trigger': '展示確認: ヒモ分散レース。1号艇伸び確認後、広めのヒモ流しを採用。穴ヒモ（5・6号艇）を積極的に含める。'}",,,28,逃げ狙い,13.39,32,2,,,,,,,,,,,
2025-09-14,丸亀,8,3,西原明生,B1,0.00,3,,7.3621,19.5,100,40,0.1844,3.6643,,,0,低,192,0,差ま0%,162,0,59.9,1.2694,0,0,0,0.069,0,0.2571,0.2571,0.2762,,,C,△,,0.2633,0.641,,0.327,A,76,0,◎-○軸 3着3〜4艇流し（10〜15点）,0.5777,"{'is_target': True, 'verdict': '参加推奨', 'max_combo_prob': 0.1012, 'est_top_odds': 13.2, 'circle_concentration': 68.8, 'eligible_count': 8, 'bet_adj': 2, 'reason': 'rel_win1=66.7%（本命度） / 最有力組み合わせ確率: 0.101（推定実オッズ?13倍） / 2着集中度: 上位2艇 68.8%（補正+0.00） / 総合判定確率: 0.101 / → ヒモ分散。1号艇1着固定で広めのヒモ流し推奨（買い目+2点）', 'tenji_trigger': '展示確認: ヒモ分散レース。1号艇伸び確認後、広めのヒモ流しを採用。穴ヒモ（5・6号艇）を積極的に含める。'}",,,28,逃げ狙い,13.39,32,2,,,,,,,,,,,
2025-09-14,丸亀,8,4,市川哲也,A2,0.00,4,○,8.8338,21.5,89,52.2,0.147,3.1087,,,0,低,55,0,-,1 35,0,47.2,0.8819,0,0,0.0435,0,0,0.0256,0.0769,0.1026,,○,C,◎,◎,0.4308,0.665,0.2658,0.327,A,76,0,◎-○軸 3着3〜4艇流し（10〜15点）,0.5777,"{'is_target': True, 'verdict': '参加推奨', 'max_combo_prob': 0.1012, 'est_top_odds': 13.2, 'circle_concentration': 68.8, 'eligible_count': 8, 'bet_adj': 2, 'reason': 'rel_win1=66.7%（本命度） / 最有力組み合わせ確率: 0.101（推定実オッズ?13倍） / 2着集中度: 上位2艇 68.8%（補正+0.00） / 総合判定確率: 0.101 / → ヒモ分散。1号艇1着固定で広めのヒモ流し推奨（買い目+2点）', 'tenji_trigger': '展示確認: ヒモ分散レース。1号艇伸び確認後、広めのヒモ流しを採用。穴ヒモ（5・6号艇）を積極的に含める。'}",,,28,逃げ狙い,13.39,32,2,,,,,,,,,,,
2025-09-14,丸亀,8,5,落合直子,B1,0.00,5,▲,3.5458,8.3,96,35.5,0.1248,2.4355,,,0,低,40,0,-,416,0,39.3,0.746,,,,,,0.025,0,0.225,,◎,C,△,,0.5103,0.6465,,0.327,A,76,0,◎-○軸 3着3〜4艇流し（10〜15点）,0.5777,"{'is_target': True, 'verdict': '参加推奨', 'max_combo_prob': 0.1012, 'est_top_odds': 13.2, 'circle_concentration': 68.8, 'eligible_count': 8, 'bet_adj': 2, 'reason': 'rel_win1=66.7%（本命度） / 最有力組み合わせ確率: 0.101（推定実オッズ?13倍） / 2着集中度: 上位2艇 68.8%（補正+0.00） / 総合判定確率: 0.101 / → ヒモ分散。1号艇1着固定で広めのヒモ流し推奨（買い目+2点）', 'tenji_trigger': '展示確認: ヒモ分散レース。1号艇伸び確認後、広めのヒモ流しを採用。穴ヒモ（5・6号艇）を積極的に含める。'}",,,28,逃げ狙い,13.39,32,2,,,,,,,,,,,
2025-09-14,丸亀,8,6,鈴木唯央,B1,28.57,6,,1.3603,3.4,27,12.6,0.1761,4.0168,,,0,低,86,0,-,456,0,25.3,1.0411,,,,,,0,1,0,,,A,,,0.3438,0.5285,,0.327,A,76,0,◎-○軸 3着3〜4艇流し（10〜15点）,0.5777,"{'is_target': True, 'verdict': '参加推奨', 'max_combo_prob': 0.1012, 'est_top_odds': 13.2, 'circle_concentration': 68.8, 'eligible_count': 8, 'bet_adj': 2, 'reason': 'rel_win1=66.7%（本命度） / 最有力組み合わせ確率: 0.101（推定実オッズ?13倍） / 2着集中度: 上位2艇 68.8%（補正+0.00） / 総合判定確率: 0.101 / → ヒモ分散。1号艇1着固定で広めのヒモ流し推奨（買い目+2点）', 'tenji_trigger': '展示確認: ヒモ分散レース。1号艇伸び確認後、広めのヒモ流しを採用。穴ヒモ（5・6号艇）を積極的に含める。'}",,,28,逃げ狙い,13.39,32,2,,,,,,,,,,,
2025-09-14,丸亀,9,1,宮崎　奨,A2,14.29,1,◎,61.9419,,0,95,0.1571,2.8625,,,0,低,134,0,逃1%,3 44,0,83.5,1.0334,0.5429,,,,,0.0343,0.1571,0.2686,◎,,C,△,,,0.658,,0.5032,A,74,0,◎-○軸 3着3〜4艇流し（10〜15点）,0.5777,"{'is_target': True, 'verdict': '点数絞り', 'max_combo_prob': 0.1173, 'est_top_odds': 11.4, 'circle_concentration': 78.2, 'eligible_count': 8, 'bet_adj': 0, 'reason': 'rel_win1=61.9%（本命度） / 最有力組み合わせ確率: 0.117（推定実オッズ?11倍） / 2着集中度: 上位2艇 78.2%（補正+0.04） / 総合判定確率: 0.157 / → ヒモはやや固め。上位2艇以外を切ること', 'tenji_trigger': '展示確認: 1号艇伸び良→そのまま採用。悪→飛び組に差し替え。circle_pct上位2艇に絞り込むこと。'}",,,28.6,逃げ狙い,17.36,30.4,2,,,,,0,0,0.7559,0,,逃げ軸流し,A
2025-09-14,丸亀,9,2,井上一輝,A1,14.29,2,▲,14.8083,55.5,81,86.3,0.1355,3.098,,,0,低,55,0,差0% ま0% 抜0%,2631,0,82.2,1.3724,0,0.1905,0.0476,0,0.0476,0.025,0.025,0.025,,◎,C,◎,,0.5622,0.691,,0.5032,A,74,0,◎-○軸 3着3〜4艇流し（10〜15点）,0.5777,"{'is_target': True, 'verdict': '点数絞り', 'max_combo_prob': 0.1173, 'est_top_odds': 11.4, 'circle_concentration': 78.2, 'eligible_count': 8, 'bet_adj': 0, 'reason': 'rel_win1=61.9%（本命度） / 最有力組み合わせ確率: 0.117（推定実オッズ?11倍） / 2着集中度: 上位2艇 78.2%（補正+0.04） / 総合判定確率: 0.157 / → ヒモはやや固め。上位2艇以外を切ること', 'tenji_trigger': '展示確認: 1号艇伸び良→そのまま採用。悪→飛び組に差し替え。circle_pct上位2艇に絞り込むこと。'}",,,28.6,逃げ狙い,17.36,30.4,2,,,,,,,,,,,
2025-09-14,丸亀,9,3,芝田浩治,A2,14.29,3,△,11.0681,22.7,100,65.6,0.1525,2.8033,,,0,低,121,0,差ま0%,2611,0,56.6,1.1921,0,0,0,0.0952,0,0.0296,0.0593,0.2185,,,C,○,,0.3345,0.6585,,0.5032,A,74,0,◎-○軸 3着3〜4艇流し（10〜15点）,0.5777,"{'is_target': True, 'verdict': '点数絞り', 'max_combo_prob': 0.1173, 'est_top_odds': 11.4, 'circle_concentration': 78.2, 'eligible_count': 8, 'bet_adj': 0, 'reason': 'rel_win1=61.9%（本命度） / 最有力組み合わせ確率: 0.117（推定実オッズ?11倍） / 2着集中度: 上位2艇 78.2%（補正+0.04） / 総合判定確率: 0.157 / → ヒモはやや固め。上位2艇以外を切ること', 'tenji_trigger': '展示確認: 1号艇伸び良→そのまま採用。悪→飛び組に差し替え。circle_pct上位2艇に絞り込むこと。'}",,,28.6,逃げ狙い,17.36,30.4,2,,,,,,,,,,,
2025-09-14,丸亀,9,4,松田憲幸,B1,0.00,4,,4.5354,8.6,88,44.2,0.1935,4.186,,,0,低,153,0,-,641,0,81.2,0.833,,,,,,0.1538,0.2308,0.1538,,,D,,,0.1936,0.5835,,0.5032,A,74,0,◎-○軸 3着3〜4艇流し（10〜15点）,0.5777,"{'is_target': True, 'verdict': '点数絞り', 'max_combo_prob': 0.1173, 'est_top_odds': 11.4, 'circle_concentration': 78.2, 'eligible_count': 8, 'bet_adj': 0, 'reason': 'rel_win1=61.9%（本命度） / 最有力組み合わせ確率: 0.117（推定実オッズ?11倍） / 2着集中度: 上位2艇 78.2%（補正+0.04） / 総合判定確率: 0.157 / → ヒモはやや固め。上位2艇以外を切ること', 'tenji_trigger': '展示確認: 1号艇伸び良→そのまま採用。悪→飛び組に差し替え。circle_pct上位2艇に絞り込むこと。'}",,,28.6,逃げ狙い,17.36,30.4,2,,,,,,,,,,,
2025-09-14,丸亀,9,5,花田和明,B1,0.00,5,,4.3393,7.5,66,28.6,0.2071,4.5,,,0,低,71,1,-,545,0,29.6,0.85,,,,,,0.0222,0,0.2611,,,D,,,0.1745,0.6025,,0.5032,A,74,0,◎-○軸 3着3〜4艇流し（10〜15点）,0.5777,"{'is_target': True, 'verdict': '点数絞り', 'max_combo_prob': 0.1173, 'est_top_odds': 11.4, 'circle_concentration': 78.2, 'eligible_count': 8, 'bet_adj': 0, 'reason': 'rel_win1=61.9%（本命度） / 最有力組み合わせ確率: 0.117（推定実オッズ?11倍） / 2着集中度: 上位2艇 78.2%（補正+0.04） / 総合判定確率: 0.157 / → ヒモはやや固め。上位2艇以外を切ること', 'tenji_trigger': '展示確認: 1号艇伸び良→そのまま採用。悪→飛び組に差し替え。circle_pct上位2艇に絞り込むこと。'}",,,28.6,逃げ狙い,17.36,30.4,2,,,,,,,,,,,
2025-09-14,丸亀,9,6,中　亮太,A2,55.56,6,○,3.307,5.7,39,36.1,0.1642,3.9306,,,0,低,35,0,-,3513,0,29.6,1.4458,,,,,,0.0833,0.0833,0.125,,,A,△,,0.311,0.656,,0.5032,A,74,0,◎-○軸 3着3〜4艇流し（10〜15点）,0.5777,"{'is_target': True, 'verdict': '点数絞り', 'max_combo_prob': 0.1173, 'est_top_odds': 11.4, 'circle_concentration': 78.2, 'eligible_count': 8, 'bet_adj': 0, 'reason': 'rel_win1=61.9%（本命度） / 最有力組み合わせ確率: 0.117（推定実オッズ?11倍） / 2着集中度: 上位2艇 78.2%（補正+0.04） / 総合判定確率: 0.157 / → ヒモはやや固め。上位2艇以外を切ること', 'tenji_trigger': '展示確認: 1号艇伸び良→そのまま採用。悪→飛び組に差し替え。circle_pct上位2艇に絞り込むこと。'}",,,28.6,逃げ狙い,17.36,30.4,2,,,,,,,,,,,
2025-09-14,丸亀,10,1,青木幸太,A2,42.86,1,◎,62.7763,,0,89.8,0.1669,2.8983,,,0,低,86,0,逃0%,2 2S,0,94.7,1.3207,0.6471,,,,,0.0882,0.0588,0.1176,◎,,A,○,,,0.615,,0.513,S,80,0,◎1着固定 2-3着流し（5〜8点）,0.5777,"{'is_target': True, 'verdict': '参加推奨', 'max_combo_prob': 0.0824, 'est_top_odds': 16.2, 'circle_concentration': 65.1, 'eligible_count': 6, 'bet_adj': 2, 'reason': 'rel_win1=62.8%（本命度） / 最有力組み合わせ確率: 0.082（推定実オッズ?16倍） / 2着集中度: 上位2艇 65.1%（補正+0.00） / 総合判定確率: 0.082 / → ヒモ分散。1号艇1着固定で広めのヒモ流し推奨（買い目+2点）', 'tenji_trigger': '展示確認: ヒモ分散レース。1号艇伸び確認後、広めのヒモ流しを採用。穴ヒモ（5・6号艇）を積極的に含める。'}",,,27.3,逃げ狙い,15.74,28,4,,,,,0,0,0.7559,0,,逃げ軸流し,A
2025-09-14,丸亀,10,2,金田大輔,B1,0.00,2,,8.1023,26.4,46,40,0.1847,3.7417,,,0,低,99,0,-,461,0,69.4,1.221,0,0.0667,0.0333,0,0.0333,0.2,0.1,0.1,,,D,,,0.1481,0.587,,0.513,S,80,0,◎1着固定 2-3着流し（5〜8点）,0.5777,"{'is_target': True, 'verdict': '参加推奨', 'max_combo_prob': 0.0824, 'est_top_odds': 16.2, 'circle_concentration': 65.1, 'eligible_count': 6, 'bet_adj': 2, 'reason': 'rel_win1=62.8%（本命度） / 最有力組み合わせ確率: 0.082（推定実オッズ?16倍） / 2着集中度: 上位2艇 65.1%（補正+0.00） / 総合判定確率: 0.082 / → ヒモ分散。1号艇1着固定で広めのヒモ流し推奨（買い目+2点）', 'tenji_trigger': '展示確認: ヒモ分散レース。1号艇伸び確認後、広めのヒモ流しを採用。穴ヒモ（5・6号艇）を積極的に含める。'}",,,27.3,逃げ狙い,15.74,28,4,,,,,,,,,,,
2025-09-14,丸亀,10,3,大澤普司,A1,0.00,3,○,11.2281,38.7,100,75.5,0.1543,2.9057,,,0,低,96,0,ま0% 差ま0%,2542,0,56.5,1.3258,0,0,0.0952,0.1429,0,0.103,0.1515,0.0364,,◎,D,△,,0.3903,0.6095,,0.513,S,80,0,◎1着固定 2-3着流し（5〜8点）,0.5777,"{'is_target': True, 'verdict': '参加推奨', 'max_combo_prob': 0.0824, 'est_top_odds': 16.2, 'circle_concentration': 65.1, 'eligible_count': 6, 'bet_adj': 2, 'reason': 'rel_win1=62.8%（本命度） / 最有力組み合わせ確率: 0.082（推定実オッズ?16倍） / 2着集中度: 上位2艇 65.1%（補正+0.00） / 総合判定確率: 0.082 / → ヒモ分散。1号艇1着固定で広めのヒモ流し推奨（買い目+2点）', 'tenji_trigger': '展示確認: ヒモ分散レース。1号艇伸び確認後、広めのヒモ流しを採用。穴ヒモ（5・6号艇）を積極的に含める。'}",,,27.3,逃げ狙い,15.74,28,4,,,,,,,,,,,
2025-09-14,丸亀,10,4,大須賀友,A1,0.00,4,▲,10.7822,21.7,95,69.2,0.1546,3.2115,,,0,低,116,0,差ま0%,1356,0,66.8,1.3568,0,0.0476,0.0952,0.0952,0,0.0516,0.1258,0.0129,,,D,,◎,0.3613,0.599,0.491,0.513,S,80,0,◎1着固定 2-3着流し（5〜8点）,0.5777,"{'is_target': True, 'verdict': '参加推奨', 'max_combo_prob': 0.0824, 'est_top_odds': 16.2, 'circle_concentration': 65.1, 'eligible_count': 6, 'bet_adj': 2, 'reason': 'rel_win1=62.8%（本命度） / 最有力組み合わせ確率: 0.082（推定実オッズ?16倍） / 2着集中度: 上位2艇 65.1%（補正+0.00） / 総合判定確率: 0.082 / → ヒモ分散。1号艇1着固定で広めのヒモ流し推奨（買い目+2点）', 'tenji_trigger': '展示確認: ヒモ分散レース。1号艇伸び確認後、広めのヒモ流しを採用。穴ヒモ（5・6号艇）を積極的に含める。'}",,,27.3,逃げ狙い,15.74,28,4,,,,,,,,,,,
2025-09-14,丸亀,10,5,柳内敬太,A2,14.29,5,△,6.1639,9.8,93,49.1,0.1724,3.1364,,,0,低,138,0,差ま0%,312,0,50.9,1.3862,0,0,0,0.0417,0,0.0705,0.0211,0.0421,,,C,△,,0.2723,0.6035,,0.513,S,80,0,◎1着固定 2-3着流し（5〜8点）,0.5777,"{'is_target': True, 'verdict': '参加推奨', 'max_combo_prob': 0.0824, 'est_top_odds': 16.2, 'circle_concentration': 65.1, 'eligible_count': 6, 'bet_adj': 2, 'reason': 'rel_win1=62.8%（本命度） / 最有力組み合わせ確率: 0.082（推定実オッズ?16倍） / 2着集中度: 上位2艇 65.1%（補正+0.00） / 総合判定確率: 0.082 / → ヒモ分散。1号艇1着固定で広めのヒモ流し推奨（買い目+2点）', 'tenji_trigger': '展示確認: ヒモ分散レース。1号艇伸び確認後、広めのヒモ流しを採用。穴ヒモ（5・6号艇）を積極的に含める。'}",,,27.3,逃げ狙い,15.74,28,4,,,,,,,,,,,
2025-09-14,丸亀,10,6,田邉亮蔵,B1,0.00,6,,0.9472,3.4,46,20.4,0.2155,4.7959,,,0,低,163,0,-,145,0,30.3,0.9081,,,,,,0.0429,0.2071,0.0571,,,D,◎,,0.1679,0.64,,0.513,S,80,0,◎1着固定 2-3着流し（5〜8点）,0.5777,"{'is_target': True, 'verdict': '参加推奨', 'max_combo_prob': 0.0824, 'est_top_odds': 16.2, 'circle_concentration': 65.1, 'eligible_count': 6, 'bet_adj': 2, 'reason': 'rel_win1=62.8%（本命度） / 最有力組み合わせ確率: 0.082（推定実オッズ?16倍） / 2着集中度: 上位2艇 65.1%（補正+0.00） / 総合判定確率: 0.082 / → ヒモ分散。1号艇1着固定で広めのヒモ流し推奨（買い目+2点）', 'tenji_trigger': '展示確認: ヒモ分散レース。1号艇伸び確認後、広めのヒモ流しを採用。穴ヒモ（5・6号艇）を積極的に含める。'}",,,27.3,逃げ狙い,15.74,28,4,,,,,,,,,,,
2025-09-14,丸亀,11,1,末永祐輝,A1,0.00,1,◎,56.4437,,0,92,0.1516,2.5,,,0,低,113,0,逃1%,1415,0,82.1,0.9891,0.6512,,,,,0.0465,0.1039,0.1132,◎,,D,○,,,0.653,,0.6036,A,77,0,◎-○軸 3着3〜4艇流し（10〜15点）,0.5777,"{'is_target': True, 'verdict': '点数絞り', 'max_combo_prob': 0.0814, 'est_top_odds': 16.4, 'circle_concentration': 80.1, 'eligible_count': 8, 'bet_adj': 0, 'reason': 'rel_win1=56.4%（本命度） / 最有力組み合わせ確率: 0.081（推定実オッズ?16倍） / 2着集中度: 上位2艇 80.1%（補正+0.04） / 総合判定確率: 0.121 / → ヒモはやや固め。上位2艇以外を切ること', 'tenji_trigger': '展示確認: 1号艇伸び良→そのまま採用。悪→飛び組に差し替え。circle_pct上位2艇に絞り込むこと。'}",,,28.2,逃げ狙い,18.97,27.7,3,,,,,0,0,0.7559,0,,逃げ軸流し,A
2025-09-14,丸亀,11,2,平尾崇典,A1,66.67,2,○,16.9081,42.6,85,71.7,0.1891,3.9891,,,0,低,104,0,-,111,0,57.5,1.0543,0,0.0526,0.0526,0,0,0.0278,0.0833,0.1389,,,A,,,0.0683,0.6045,,0.6036,A,77,0,◎-○軸 3着3〜4艇流し（10〜15点）,0.5777,"{'is_target': True, 'verdict': '点数絞り', 'max_combo_prob': 0.0814, 'est_top_odds': 16.4, 'circle_concentration': 80.1, 'eligible_count': 8, 'bet_adj': 0, 'reason': 'rel_win1=56.4%（本命度） / 最有力組み合わせ確率: 0.081（推定実オッズ?16倍） / 2着集中度: 上位2艇 80.1%（補正+0.04） / 総合判定確率: 0.121 / → ヒモはやや固め。上位2艇以外を切ること', 'tenji_trigger': '展示確認: 1号艇伸び良→そのまま採用。悪→飛び組に差し替え。circle_pct上位2艇に絞り込むこと。'}",,,28.2,逃げ狙い,18.97,27.7,3,,,,,,,,,,,
2025-09-14,丸亀,11,3,田路朋史,A1,14.29,3,△,14.2837,37.6,93,78.6,0.1763,3.4143,,,0,低,140,0,ま0% 差ま0% 抜0%,4 34,0,78,1.4594,0,0,0.1724,0.1034,0.0345,0.1312,0.1312,0.1675,,,C,△,,0.212,0.6175,,0.6036,A,77,0,◎-○軸 3着3〜4艇流し（10〜15点）,0.5777,"{'is_target': True, 'verdict': '点数絞り', 'max_combo_prob': 0.0814, 'est_top_odds': 16.4, 'circle_concentration': 80.1, 'eligible_count': 8, 'bet_adj': 0, 'reason': 'rel_win1=56.4%（本命度） / 最有力組み合わせ確率: 0.081（推定実オッズ?16倍） / 2着集中度: 上位2艇 80.1%（補正+0.04） / 総合判定確率: 0.121 / → ヒモはやや固め。上位2艇以外を切ること', 'tenji_trigger': '展示確認: 1号艇伸び良→そのまま採用。悪→飛び組に差し替え。circle_pct上位2艇に絞り込むこと。'}",,,28.2,逃げ狙い,18.97,27.7,3,,,,,,,,,,,
2025-09-14,丸亀,11,4,吉原聖人,B1,0.00,4,,7.721,5.6,53,33.3,0.1819,3.8981,,,0,低,129,0,-,342,0,20.2,0.5781,0,0,0.0556,0,0,0.2533,0.0667,0.3733,,,D,,◎,0.1842,0.5965,0.132,0.6036,A,77,0,◎-○軸 3着3〜4艇流し（10〜15点）,0.5777,"{'is_target': True, 'verdict': '点数絞り', 'max_combo_prob': 0.0814, 'est_top_odds': 16.4, 'circle_concentration': 80.1, 'eligible_count': 8, 'bet_adj': 0, 'reason': 'rel_win1=56.4%（本命度） / 最有力組み合わせ確率: 0.081（推定実オッズ?16倍） / 2着集中度: 上位2艇 80.1%（補正+0.04） / 総合判定確率: 0.121 / → ヒモはやや固め。上位2艇以外を切ること', 'tenji_trigger': '展示確認: 1号艇伸び良→そのまま採用。悪→飛び組に差し替え。circle_pct上位2艇に絞り込むこと。'}",,,28.2,逃げ狙い,18.97,27.7,3,,,,,,,,,,,
2025-09-14,丸亀,11,5,齊藤　優,A2,0.00,5,▲,1.6962,9.5,49,26.3,0.1467,3.4035,,,0,低,103,0,-,464,0,68.9,1.1429,,,,,,0.0923,0.3923,0.0462,,,D,△,,0.3439,0.6325,,0.6036,A,77,0,◎-○軸 3着3〜4艇流し（10〜15点）,0.5777,"{'is_target': True, 'verdict': '点数絞り', 'max_combo_prob': 0.0814, 'est_top_odds': 16.4, 'circle_concentration': 80.1, 'eligible_count': 8, 'bet_adj': 0, 'reason': 'rel_win1=56.4%（本命度） / 最有力組み合わせ確率: 0.081（推定実オッズ?16倍） / 2着集中度: 上位2艇 80.1%（補正+0.04） / 総合判定確率: 0.121 / → ヒモはやや固め。上位2艇以外を切ること', 'tenji_trigger': '展示確認: 1号艇伸び良→そのまま採用。悪→飛び組に差し替え。circle_pct上位2艇に絞り込むこと。'}",,,28.2,逃げ狙い,18.97,27.7,3,,,,,,,,,,,
2025-09-14,丸亀,11,6,益田啓司,A2,0.00,6,,2.9473,4.8,100,41.7,0.1663,3.7333,,,0,低,80,0,-,3 36,0,50.5,1.0636,0,0.0417,0,0,0.0417,0.131,0.0129,0,,,D,◎,,0.248,0.6665,,0.6036,A,77,0,◎-○軸 3着3〜4艇流し（10〜15点）,0.5777,"{'is_target': True, 'verdict': '点数絞り', 'max_combo_prob': 0.0814, 'est_top_odds': 16.4, 'circle_concentration': 80.1, 'eligible_count': 8, 'bet_adj': 0, 'reason': 'rel_win1=56.4%（本命度） / 最有力組み合わせ確率: 0.081（推定実オッズ?16倍） / 2着集中度: 上位2艇 80.1%（補正+0.04） / 総合判定確率: 0.121 / → ヒモはやや固め。上位2艇以外を切ること', 'tenji_trigger': '展示確認: 1号艇伸び良→そのまま採用。悪→飛び組に差し替え。circle_pct上位2艇に絞り込むこと。'}",,,28.2,逃げ狙い,18.97,27.7,3,,,,,,,,,,,
2025-09-14,丸亀,12,1,三浦永理,A1,28.57,1,◎,54.1406,,0,88.9,0.17,3.3194,,,0,低,43,0,逃1%,425,0,86.6,1.1268,0.6667,,,,,0.0167,0.05,0.1867,○,,C,◎,,,0.678,,0.4088,S,82,0,◎1着固定 2-3着流し（5〜8点）,0.5777,"{'is_target': True, 'verdict': '参加推奨', 'max_combo_prob': 0.0825, 'est_top_odds': 16.2, 'circle_concentration': 64.5, 'eligible_count': 6, 'bet_adj': 2, 'reason': 'rel_win1=54.1%（本命度） / 最有力組み合わせ確率: 0.082（推定実オッズ?16倍） / 2着集中度: 上位2艇 64.5%（補正+0.00） / 総合判定確率: 0.082 / → ヒモ分散。1号艇1着固定で広めのヒモ流し推奨（買い目+2点）', 'tenji_trigger': '展示確認: ヒモ分散レース。1号艇伸び確認後、広めのヒモ流しを採用。穴ヒモ（5・6号艇）を積極的に含める。'}",,,29.8,逃げ狙い,26.57,25.9,2,,,,,0,0,0.6155,0,,逃げ軸流し,A
2025-09-14,丸亀,12,2,小野達哉,A1,0.00,2,△,17.7747,42.8,70,79.4,0.146,3.1111,,,0,低,87,0,-,121,0,37.7,0.965,0,0.1786,0.0714,0,0.0357,0.0095,0.0286,0.0286,,◎,E,○,,0.5782,0.6745,,0.4088,S,82,0,◎1着固定 2-3着流し（5〜8点）,0.5777,"{'is_target': True, 'verdict': '参加推奨', 'max_combo_prob': 0.0825, 'est_top_odds': 16.2, 'circle_concentration': 64.5, 'eligible_count': 6, 'bet_adj': 2, 'reason': 'rel_win1=54.1%（本命度） / 最有力組み合わせ確率: 0.082（推定実オッズ?16倍） / 2着集中度: 上位2艇 64.5%（補正+0.00） / 総合判定確率: 0.082 / → ヒモ分散。1号艇1着固定で広めのヒモ流し推奨（買い目+2点）', 'tenji_trigger': '展示確認: ヒモ分散レース。1号艇伸び確認後、広めのヒモ流しを採用。穴ヒモ（5・6号艇）を積極的に含める。'}",,,29.8,逃げ狙い,26.57,25.9,2,,,,,,,,,,,
2025-09-14,丸亀,12,3,島川海輝,A2,33.33,3,○,8.4841,18,100,59.2,0.1512,3.0102,,,0,低,76,0,ま0% 差ま0% 抜0%,652,0,71.3,1.036,0,0,0.087,0.0435,0.0435,0.0296,0.1296,0.1593,,○,B,△,,0.3867,0.663,,0.4088,S,82,0,◎1着固定 2-3着流し（5〜8点）,0.5777,"{'is_target': True, 'verdict': '参加推奨', 'max_combo_prob': 0.0825, 'est_top_odds': 16.2, 'circle_concentration': 64.5, 'eligible_count': 6, 'bet_adj': 2, 'reason': 'rel_win1=54.1%（本命度） / 最有力組み合わせ確率: 0.082（推定実オッズ?16倍） / 2着集中度: 上位2艇 64.5%（補正+0.00） / 総合判定確率: 0.082 / → ヒモ分散。1号艇1着固定で広めのヒモ流し推奨（買い目+2点）', 'tenji_trigger': '展示確認: ヒモ分散レース。1号艇伸び確認後、広めのヒモ流しを採用。穴ヒモ（5・6号艇）を積極的に含める。'}",,,29.8,逃げ狙い,26.57,25.9,2,,,,,,,,,,,
2025-09-14,丸亀,12,4,内堀　学,A1,0.00,4,,10.6431,21.7,68,65.6,0.1638,3.2812,,,0,低,152,0,-,2 43,0,28.2,0.8264,0,0,0.16,0.04,0,0.0718,0.3015,0.041,,,E,,◎,0.3448,0.603,0.3164,0.4088,S,82,0,◎1着固定 2-3着流し（5〜8点）,0.5777,"{'is_target': True, 'verdict': '参加推奨', 'max_combo_prob': 0.0825, 'est_top_odds': 16.2, 'circle_concentration': 64.5, 'eligible_count': 6, 'bet_adj': 2, 'reason': 'rel_win1=54.1%（本命度） / 最有力組み合わせ確率: 0.082（推定実オッズ?16倍） / 2着集中度: 上位2艇 64.5%（補正+0.00） / 総合判定確率: 0.082 / → ヒモ分散。1号艇1着固定で広めのヒモ流し推奨（買い目+2点）', 'tenji_trigger': '展示確認: ヒモ分散レース。1号艇伸び確認後、広めのヒモ流しを採用。穴ヒモ（5・6号艇）を積極的に含める。'}",,,29.8,逃げ狙い,26.57,25.9,2,,,,,,,,,,,
2025-09-14,丸亀,12,5,木谷賢太,A2,40.00,5,▲,5.4426,13.6,68,59.6,0.177,3.9787,,,0,低,107,0,差ま0%,131,0,78.7,1.3912,0,0,0,0.0476,0,0.0343,0.0114,0.1957,,,A,△,,0.2585,0.663,,0.4088,S,82,0,◎1着固定 2-3着流し（5〜8点）,0.5777,"{'is_target': True, 'verdict': '参加推奨', 'max_combo_prob': 0.0825, 'est_top_odds': 16.2, 'circle_concentration': 64.5, 'eligible_count': 6, 'bet_adj': 2, 'reason': 'rel_win1=54.1%（本命度） / 最有力組み合わせ確率: 0.082（推定実オッズ?16倍） / 2着集中度: 上位2艇 64.5%（補正+0.00） / 総合判定確率: 0.082 / → ヒモ分散。1号艇1着固定で広めのヒモ流し推奨（買い目+2点）', 'tenji_trigger': '展示確認: ヒモ分散レース。1号艇伸び確認後、広めのヒモ流しを採用。穴ヒモ（5・6号艇）を積極的に含める。'}",,,29.8,逃げ狙い,26.57,25.9,2,,,,,,,,,,,
2025-09-14,丸亀,12,6,北川太一,A2,28.57,6,,3.5149,3.9,45,33.9,0.1597,3.8871,,,0,低,110,0,差ま0% 抜0%,222,0,37.1,1.4036,0,0,0,0.0345,0.0345,0,0.1563,0.242,,,C,△,,0.3153,0.6235,,0.4088,S,82,0,◎1着固定 2-3着流し（5〜8点）,0.5777,"{'is_target': True, 'verdict': '参加推奨', 'max_combo_prob': 0.0825, 'est_top_odds': 16.2, 'circle_concentration': 64.5, 'eligible_count': 6, 'bet_adj': 2, 'reason': 'rel_win1=54.1%（本命度） / 最有力組み合わせ確率: 0.082（推定実オッズ?16倍） / 2着集中度: 上位2艇 64.5%（補正+0.00） / 総合判定確率: 0.082 / → ヒモ分散。1号艇1着固定で広めのヒモ流し推奨（買い目+2点）', 'tenji_trigger': '展示確認: ヒモ分散レース。1号艇伸び確認後、広めのヒモ流しを採用。穴ヒモ（5・6号艇）を積極的に含める。'}",,,29.8,逃げ狙い,26.57,25.9,2,,,,,,,,,,,
2025-09-15,丸亀,1,1,胡本悟志,B1,0.00,1,◎,52.0615,,0,55.6,0.1936,3.5278,,,0,低,123,0,逃0%,4 563,0,56.7,0.7751,0.3333,,,,,0.4067,0.08,0.0267,△,,C,,,,0.5535,,0.249,B,49,0,◎○△フォーメーション（15〜20点）,0.5777,"{'is_target': True, 'verdict': '参加推奨', 'max_combo_prob': 0.0553, 'est_top_odds': 24.1, 'circle_concentration': 68.4, 'eligible_count': 9, 'bet_adj': 2, 'reason': 'rel_win1=52.1%（本命度） / 最有力組み合わせ確率: 0.055（推定実オッズ?24倍） / 2着集中度: 上位2艇 68.4%（補正+0.00） / 総合判定確率: 0.055 / → ヒモ分散。1号艇1着固定で広めのヒモ流し推奨（買い目+2点）', 'tenji_trigger': '展示確認: ヒモ分散レース。1号艇伸び確認後、広めのヒモ流しを採用。穴ヒモ（5・6号艇）を積極的に含める。\n展示で1号艇スタート遅め(0.194秒)確認→ヒモが荒れやすい'}",,,30.4,両建て推奨,12.43,39.7,3,2-1-3|2-1-4|1-2-5|1-2-4|1-3-5|1-3-4|1-3-2,6-1-4|6-1-3|6-4-1|2-1-3|4-5-6|6-3-1|2-1-4|1-2-5|1-2-4|1-3-5|1-3-4|1-3-2,2-1-3:2.43%|2-1-4:1.92%|1-2-5:6.57%|1-2-4:6.28%|1-3-5:5.46%|1-3-4:5.23%|1-3-2:5.13%,2-1-3:B_main|2-1-4:B_main|1-2-5:A|1-2-4:A|1-3-5:A|1-3-4:A|1-3-2:A,7,12,0.4535,1,[!]見送り推奨（主役決まり手「差し」― 逃げ劣勢レースで的中実績なし）,荒れ広め,D
2025-09-15,丸亀,1,2,占部一真,B1,0.00,2,○,14.7526,35.2,79,42.9,0.1754,3.65,,,0,低,119,0,-,6 446,0,23.4,0.7538,0,0.0303,0.0303,0,0,0.1333,0.2,0.2667,,◎,C,△,,0.5485,0.595,,0.249,B,49,0,◎○△フォーメーション（15〜20点）,0.5777,"{'is_target': True, 'verdict': '参加推奨', 'max_combo_prob': 0.0553, 'est_top_odds': 24.1, 'circle_concentration': 68.4, 'eligible_count': 9, 'bet_adj': 2, 'reason': 'rel_win1=52.1%（本命度） / 最有力組み合わせ確率: 0.055（推定実オッズ?24倍） / 2着集中度: 上位2艇 68.4%（補正+0.00） / 総合判定確率: 0.055 / → ヒモ分散。1号艇1着固定で広めのヒモ流し推奨（買い目+2点）', 'tenji_trigger': '展示確認: ヒモ分散レース。1号艇伸び確認後、広めのヒモ流しを採用。穴ヒモ（5・6号艇）を積極的に含める。\n展示で1号艇スタート遅め(0.194秒)確認→ヒモが荒れやすい'}",,,30.4,両建て推奨,12.43,39.7,3,,,,,,,,,,,
2025-09-15,丸亀,1,3,中井俊祐,B1,0.00,3,▲,12.5846,33.3,79,50.8,0.1795,3.7881,,,0,低,130,0,-,5 311,0,42.3,0.9033,,,,,,0.1333,0.3167,0.2,,△,C,○,,0.4158,0.6095,,0.249,B,49,0,◎○△フォーメーション（15〜20点）,0.5777,"{'is_target': True, 'verdict': '参加推奨', 'max_combo_prob': 0.0553, 'est_top_odds': 24.1, 'circle_concentration': 68.4, 'eligible_count': 9, 'bet_adj': 2, 'reason': 'rel_win1=52.1%（本命度） / 最有力組み合わせ確率: 0.055（推定実オッズ?24倍） / 2着集中度: 上位2艇 68.4%（補正+0.00） / 総合判定確率: 0.055 / → ヒモ分散。1号艇1着固定で広めのヒモ流し推奨（買い目+2点）', 'tenji_trigger': '展示確認: ヒモ分散レース。1号艇伸び確認後、広めのヒモ流しを採用。穴ヒモ（5・6号艇）を積極的に含める。\n展示で1号艇スタート遅め(0.194秒)確認→ヒモが荒れやすい'}",,,30.4,両建て推奨,12.43,39.7,3,,,,,,,,,,,
2025-09-15,丸亀,1,4,山口　亮,B1,40.00,4,,13.8516,17.7,96,45,0.194,3.9917,,,0,低,167,0,ま0%,5 266,0,74.9,1.1747,0,0,0.04,0,0,0.0333,0.3067,0.1533,,,A,△,,0.2932,0.5775,,0.249,B,49,0,◎○△フォーメーション（15〜20点）,0.5777,"{'is_target': True, 'verdict': '参加推奨', 'max_combo_prob': 0.0553, 'est_top_odds': 24.1, 'circle_concentration': 68.4, 'eligible_count': 9, 'bet_adj': 2, 'reason': 'rel_win1=52.1%（本命度） / 最有力組み合わせ確率: 0.055（推定実オッズ?24倍） / 2着集中度: 上位2艇 68.4%（補正+0.00） / 総合判定確率: 0.055 / → ヒモ分散。1号艇1着固定で広めのヒモ流し推奨（買い目+2点）', 'tenji_trigger': '展示確認: ヒモ分散レース。1号艇伸び確認後、広めのヒモ流しを採用。穴ヒモ（5・6号艇）を積極的に含める。\n展示で1号艇スタート遅め(0.194秒)確認→ヒモが荒れやすい'}",,,30.4,両建て推奨,12.43,39.7,3,,,,,,,,,,,
2025-09-15,丸亀,1,5,西原明生,B1,0.00,5,,4.9016,8,100,35.8,0.1886,3.9877,,,0,低,192,0,-,162 24,0,68.1,1.0276,0,0,0.0286,0,0,0.2571,0.2571,0.2762,,,C,◎,,0.3108,0.641,,0.249,B,49,0,◎○△フォーメーション（15〜20点）,0.5777,"{'is_target': True, 'verdict': '参加推奨', 'max_combo_prob': 0.0553, 'est_top_odds': 24.1, 'circle_concentration': 68.4, 'eligible_count': 9, 'bet_adj': 2, 'reason': 'rel_win1=52.1%（本命度） / 最有力組み合わせ確率: 0.055（推定実オッズ?24倍） / 2着集中度: 上位2艇 68.4%（補正+0.00） / 総合判定確率: 0.055 / → ヒモ分散。1号艇1着固定で広めのヒモ流し推奨（買い目+2点）', 'tenji_trigger': '展示確認: ヒモ分散レース。1号艇伸び確認後、広めのヒモ流しを採用。穴ヒモ（5・6号艇）を積極的に含める。\n展示で1号艇スタート遅め(0.194秒)確認→ヒモが荒れやすい'}",,,30.4,両建て推奨,12.43,39.7,3,,,,,,,,,,,
2025-09-15,丸亀,1,6,渡邉真奈,B2,0.00,6,△,1.8481,5.9,56,20,0.1625,2.725,,,0,低,39,0,-,336 44,0,34.5,0.8283,,,,,,0.0571,0.3143,0.3143,,○,C,,,0.4248,0.5765,,0.249,B,49,0,◎○△フォーメーション（15〜20点）,0.5777,"{'is_target': True, 'verdict': '参加推奨', 'max_combo_prob': 0.0553, 'est_top_odds': 24.1, 'circle_concentration': 68.4, 'eligible_count': 9, 'bet_adj': 2, 'reason': 'rel_win1=52.1%（本命度） / 最有力組み合わせ確率: 0.055（推定実オッズ?24倍） / 2着集中度: 上位2艇 68.4%（補正+0.00） / 総合判定確率: 0.055 / → ヒモ分散。1号艇1着固定で広めのヒモ流し推奨（買い目+2点）', 'tenji_trigger': '展示確認: ヒモ分散レース。1号艇伸び確認後、広めのヒモ流しを採用。穴ヒモ（5・6号艇）を積極的に含める。\n展示で1号艇スタート遅め(0.194秒)確認→ヒモが荒れやすい'}",,,30.4,両建て推奨,12.43,39.7,3,,,,,,,,,,,
2025-09-15,丸亀,2,1,冨名腰桃,B1,33.33,1,◎,53.7579,,0,50,0.151,2.8,,,0,低,54,1,-,652 66,0,53.2,0.724,,,,,,0.3333,0,0.3333,○⚠️,,B,,,,0.4145,,0.4012,C,38,0,荒れ傾向。高配当狙いか見送り,0.5777,"{'is_target': True, 'verdict': '点数絞り', 'max_combo_prob': 0.1029, 'est_top_odds': 13.0, 'circle_concentration': 76.0, 'eligible_count': 6, 'bet_adj': 0, 'reason': 'rel_win1=53.8%（本命度） / 最有力組み合わせ確率: 0.103（推定実オッズ?13倍） / 2着集中度: 上位2艇 76.0%（補正+0.04） / 総合判定確率: 0.143 / → ヒモはやや固め。上位2艇以外を切ること', 'tenji_trigger': '展示確認: 1号艇伸び良→そのまま採用。悪→飛び組に差し替え。circle_pct上位2艇に絞り込むこと。'}",,,31.2,両建て推奨,16.54,38.6,2,2-1-3|2-1-4|2-1-5|2-3-1|2-5-1|2-5-3|2-3-4|1-2-5|1-2-3|1-5-2|1-5-3,2-1-3|2-1-4|2-1-5|2-3-1|2-5-1|2-5-3|2-3-4|1-2-5|1-2-3|6-1-3|1-5-2|1-5-3,2-1-3:2.08%|2-1-4:0.99%|2-1-5:0.96%|2-3-1:0.62%|2-5-1:0.31%|2-5-3:0.24%|2-3-4:0.23%|1-2-5:6.71%|1-2-3:6.04%|1-5-2:2.72%|1-5-3:2.65%,2-1-3:B_main|2-1-4:B_main|2-1-5:B_main|2-3-1:B_main|2-5-1:B_main|2-5-3:B_main|2-3-4:B_main|1-2-5:A|1-2-3:A|1-5-2:A|1-5-3:A,11,12,0.4535,1,[!]見送り推奨（主役決まり手「差し」― 逃げ劣勢レースで的中実績なし）,主役軸流し,B
2025-09-15,丸亀,2,2,宮崎　奨,A2,14.29,2,○,18.1482,61.8,95,73.4,0.1681,3.9766,,,0,低,134,0,差0%,3 441,0,63.7,1.1605,0,0.16,0,0,0,0.0343,0.1571,0.2686,,,D,◎,,0.1661,0.658,,0.4012,C,38,0,荒れ傾向。高配当狙いか見送り,0.5777,"{'is_target': True, 'verdict': '点数絞り', 'max_combo_prob': 0.1029, 'est_top_odds': 13.0, 'circle_concentration': 76.0, 'eligible_count': 6, 'bet_adj': 0, 'reason': 'rel_win1=53.8%（本命度） / 最有力組み合わせ確率: 0.103（推定実オッズ?13倍） / 2着集中度: 上位2艇 76.0%（補正+0.04） / 総合判定確率: 0.143 / → ヒモはやや固め。上位2艇以外を切ること', 'tenji_trigger': '展示確認: 1号艇伸び良→そのまま採用。悪→飛び組に差し替え。circle_pct上位2艇に絞り込むこと。'}",,,31.2,両建て推奨,16.54,38.6,2,,,,,,,,,,,
2025-09-15,丸亀,2,3,吉原聖人,B1,0.00,3,,12.4514,14.2,83,32.8,0.185,3.7069,,,0,低,129,0,差ま0%,342 56,0,85.5,1.6871,0,0,0.1,0.05,0,0.2533,0.0667,0.3733,,,E,△,,0.1266,0.5965,,0.4012,C,38,0,荒れ傾向。高配当狙いか見送り,0.5777,"{'is_target': True, 'verdict': '点数絞り', 'max_combo_prob': 0.1029, 'est_top_odds': 13.0, 'circle_concentration': 76.0, 'eligible_count': 6, 'bet_adj': 0, 'reason': 'rel_win1=53.8%（本命度） / 最有力組み合わせ確率: 0.103（推定実オッズ?13倍） / 2着集中度: 上位2艇 76.0%（補正+0.04） / 総合判定確率: 0.143 / → ヒモはやや固め。上位2艇以外を切ること', 'tenji_trigger': '展示確認: 1号艇伸び良→そのまま採用。悪→飛び組に差し替え。circle_pct上位2艇に絞り込むこと。'}",,,31.2,両建て推奨,16.54,38.6,2,,,,,,,,,,,
2025-09-15,丸亀,2,4,三嶌さら,B1,44.44,4,▲,7.8221,8.9,88,24.2,0.1927,4.2424,,,0,低,82,0,差0%,6 665,0,42,0.8594,0,0.0455,0,0,0,0,0.25,0,,,A,△,,0.1193,0.576,,0.4012,C,38,0,荒れ傾向。高配当狙いか見送り,0.5777,"{'is_target': True, 'verdict': '点数絞り', 'max_combo_prob': 0.1029, 'est_top_odds': 13.0, 'circle_concentration': 76.0, 'eligible_count': 6, 'bet_adj': 0, 'reason': 'rel_win1=53.8%（本命度） / 最有力組み合わせ確率: 0.103（推定実オッズ?13倍） / 2着集中度: 上位2艇 76.0%（補正+0.04） / 総合判定確率: 0.143 / → ヒモはやや固め。上位2艇以外を切ること', 'tenji_trigger': '展示確認: 1号艇伸び良→そのまま採用。悪→飛び組に差し替え。circle_pct上位2艇に絞り込むこと。'}",,,31.2,両建て推奨,16.54,38.6,2,,,,,,,,,,,
2025-09-15,丸亀,2,5,田路朋史,A1,14.29,5,,6.5202,13.5,100,37.5,0.1462,2.9792,,,0,低,140,0,-,4 3432,0,63.8,1.0881,,,,,,0.1312,0.1312,0.1675,,,D,○,,0.329,0.6175,,0.4012,C,38,0,荒れ傾向。高配当狙いか見送り,0.5777,"{'is_target': True, 'verdict': '点数絞り', 'max_combo_prob': 0.1029, 'est_top_odds': 13.0, 'circle_concentration': 76.0, 'eligible_count': 6, 'bet_adj': 0, 'reason': 'rel_win1=53.8%（本命度） / 最有力組み合わせ確率: 0.103（推定実オッズ?13倍） / 2着集中度: 上位2艇 76.0%（補正+0.04） / 総合判定確率: 0.143 / → ヒモはやや固め。上位2艇以外を切ること', 'tenji_trigger': '展示確認: 1号艇伸び良→そのまま採用。悪→飛び組に差し替え。circle_pct上位2艇に絞り込むこと。'}",,,31.2,両建て推奨,16.54,38.6,2,,,,,,,,,,,
2025-09-15,丸亀,2,6,板倉敦史,B1,50.00,6,△,1.3001,1.6,52,15.8,0.2526,5.0658,,,0,低,163,0,-,5 546,0,26.8,0.7622,,,,,,0.28,0.32,0.04,,,A,,,0.135,0.557,,0.4012,C,38,0,荒れ傾向。高配当狙いか見送り,0.5777,"{'is_target': True, 'verdict': '点数絞り', 'max_combo_prob': 0.1029, 'est_top_odds': 13.0, 'circle_concentration': 76.0, 'eligible_count': 6, 'bet_adj': 0, 'reason': 'rel_win1=53.8%（本命度） / 最有力組み合わせ確率: 0.103（推定実オッズ?13倍） / 2着集中度: 上位2艇 76.0%（補正+0.04） / 総合判定確率: 0.143 / → ヒモはやや固め。上位2艇以外を切ること', 'tenji_trigger': '展示確認: 1号艇伸び良→そのまま採用。悪→飛び組に差し替え。circle_pct上位2艇に絞り込むこと。'}",,,31.2,両建て推奨,16.54,38.6,2,,,,,,,,,,,
2025-09-15,丸亀,3,1,田邉亮蔵,B1,0.00,1,◎,42.2484,,0,78.3,0.1635,3.275,,,0,低,163,0,逃1%,145 25,0,73.7,0.9715,0.5714,,,,,0.0429,0.2071,0.0571,○,,C,△,,,0.64,,0.3808,A,65,0,◎-○軸 3着3〜4艇流し（10〜15点）,0.5777,"{'is_target': False, 'verdict': '対象外', 'max_combo_prob': None, 'est_top_odds': None, 'circle_concentration': None, 'eligible_count': 0, 'bet_adj': 0, 'reason': '1号艇rel_win1 < 45%: 通常判定に委ねる', 'tenji_trigger': ''}",,,30.6,逃げ狙い,25.52,29.2,2,,,,,0,0,0.6155,0,,主役軸流し,B
2025-09-15,丸亀,3,2,益田啓司,A2,0.00,2,○,21.7717,40.4,100,71.4,0.1376,2.949,,,0,低,80,0,-,3 3623,0,85.9,1.4674,0,0.2727,0.0909,0,0,0.131,0.0129,0,,◎,C,○,,0.616,0.6665,,0.3808,A,65,0,◎-○軸 3着3〜4艇流し（10〜15点）,0.5777,"{'is_target': False, 'verdict': '対象外', 'max_combo_prob': None, 'est_top_odds': None, 'circle_concentration': None, 'eligible_count': 0, 'bet_adj': 0, 'reason': '1号艇rel_win1 < 45%: 通常判定に委ねる', 'tenji_trigger': ''}",,,30.6,逃げ狙い,25.52,29.2,2,,,,,,,,,,,
2025-09-15,丸亀,3,3,原田佑実,B1,25.00,3,,9.2768,25.6,83,55.6,0.1839,3.4722,,,0,低,29,0,-,2 351,0,15.7,0.53,0,0,0.1667,0,0,0,0,0.25,,,A,△,,0.2289,0.6345,,0.3808,A,65,0,◎-○軸 3着3〜4艇流し（10〜15点）,0.5777,"{'is_target': False, 'verdict': '対象外', 'max_combo_prob': None, 'est_top_odds': None, 'circle_concentration': None, 'eligible_count': 0, 'bet_adj': 0, 'reason': '1号艇rel_win1 < 45%: 通常判定に委ねる', 'tenji_trigger': ''}",,,30.6,逃げ狙い,25.52,29.2,2,,,,,,,,,,,
2025-09-15,丸亀,3,4,伊藤誠二,B1,0.00,4,▲,11.8844,20.8,84,58.5,0.1342,2.3491,,,0,低,64,0,-,3 241,0,76.9,1.326,0,0,0.0417,0.0833,0,0.2033,0.0133,0.18,,○,C,◎,◎,0.4383,0.6735,0.3941,0.3808,A,65,0,◎-○軸 3着3〜4艇流し（10〜15点）,0.5777,"{'is_target': False, 'verdict': '対象外', 'max_combo_prob': None, 'est_top_odds': None, 'circle_concentration': None, 'eligible_count': 0, 'bet_adj': 0, 'reason': '1号艇rel_win1 < 45%: 通常判定に委ねる', 'tenji_trigger': ''}",,,30.6,逃げ狙い,25.52,29.2,2,,,,,,,,,,,
2025-09-15,丸亀,3,5,内堀　学,A1,0.00,5,△,13.9732,12.9,80,59.3,0.1583,3.0833,,,0,低,152,0,-,2 4313,0,83.6,1.4202,0,0,0.125,0.0417,0.0417,0.0718,0.3015,0.041,,,C,,○,0.3588,0.603,0.2544,0.3808,A,65,0,◎-○軸 3着3〜4艇流し（10〜15点）,0.5777,"{'is_target': False, 'verdict': '対象外', 'max_combo_prob': None, 'est_top_odds': None, 'circle_concentration': None, 'eligible_count': 0, 'bet_adj': 0, 'reason': '1号艇rel_win1 < 45%: 通常判定に委ねる', 'tenji_trigger': ''}",,,30.6,逃げ狙い,25.52,29.2,2,,,,,,,,,,,
2025-09-15,丸亀,3,6,小川日紀,B1,0.00,6,,0.8455,0.3,64,18.4,0.1614,3.5306,,,0,低,96,0,-,5 651,0,42.3,0.8089,,,,,,0.1905,0.2857,0.0952,,,C,,,0.3478,0.601,,0.3808,A,65,0,◎-○軸 3着3〜4艇流し（10〜15点）,0.5777,"{'is_target': False, 'verdict': '対象外', 'max_combo_prob': None, 'est_top_odds': None, 'circle_concentration': None, 'eligible_count': 0, 'bet_adj': 0, 'reason': '1号艇rel_win1 < 45%: 通常判定に委ねる', 'tenji_trigger': ''}",,,30.6,逃げ狙い,25.52,29.2,2,,,,,,,,,,,
2025-09-15,丸亀,4,1,喜多須杏,B1,50.00,1,◎,51.4025,,0,66.7,0.142,3.05,,,0,低,60,0,逃1%,3 235,0,69,0.8872,0.7143,,,,,0,0.1429,0.1429,○,,A,△,,,0.62,,0.3956,B,59,0,◎○△フォーメーション（15〜20点）,0.5777,"{'is_target': True, 'verdict': '参加推奨', 'max_combo_prob': 0.0637, 'est_top_odds': 20.9, 'circle_concentration': 61.2, 'eligible_count': 9, 'bet_adj': 2, 'reason': 'rel_win1=51.4%（本命度） / 最有力組み合わせ確率: 0.064（推定実オッズ?21倍） / 2着集中度: 上位2艇 61.2%（補正+0.00） / 総合判定確率: 0.064 / → ヒモ分散。1号艇1着固定で広めのヒモ流し推奨（買い目+2点）', 'tenji_trigger': '展示確認: ヒモ分散レース。1号艇伸び確認後、広めのヒモ流しを採用。穴ヒモ（5・6号艇）を積極的に含める。'}",,,26.8,両建て推奨,16.05,26.3,4,,,,,0,0,0.6155,0,,逃げ軸流し,A
2025-09-15,丸亀,4,2,原村拓也,B1,28.57,2,▲,10.0408,32.5,59,45.7,0.178,4.0071,,,0,低,159,0,-,2 345,0,69.6,1.2703,0,0.0345,0,0,0,0.3114,0.1257,0.02,,,B,,,0.056,0.5855,,0.3956,B,59,0,◎○△フォーメーション（15〜20点）,0.5777,"{'is_target': True, 'verdict': '参加推奨', 'max_combo_prob': 0.0637, 'est_top_odds': 20.9, 'circle_concentration': 61.2, 'eligible_count': 9, 'bet_adj': 2, 'reason': 'rel_win1=51.4%（本命度） / 最有力組み合わせ確率: 0.064（推定実オッズ?21倍） / 2着集中度: 上位2艇 61.2%（補正+0.00） / 総合判定確率: 0.064 / → ヒモ分散。1号艇1着固定で広めのヒモ流し推奨（買い目+2点）', 'tenji_trigger': '展示確認: ヒモ分散レース。1号艇伸び確認後、広めのヒモ流しを採用。穴ヒモ（5・6号艇）を積極的に含める。'}",,,26.8,両建て推奨,16.05,26.3,4,,,,,,,,,,,
2025-09-15,丸亀,4,3,花田和明,B1,0.00,3,,8.4254,17,58,35.4,0.1835,3.6771,,,0,低,71,0,差0%,545 36,0,20.6,0.7181,0,0.0435,0,0,0,0.0222,0,0.2611,,,E,,,0.109,0.6025,,0.3956,B,59,0,◎○△フォーメーション（15〜20点）,0.5777,"{'is_target': True, 'verdict': '参加推奨', 'max_combo_prob': 0.0637, 'est_top_odds': 20.9, 'circle_concentration': 61.2, 'eligible_count': 9, 'bet_adj': 2, 'reason': 'rel_win1=51.4%（本命度） / 最有力組み合わせ確率: 0.064（推定実オッズ?21倍） / 2着集中度: 上位2艇 61.2%（補正+0.00） / 総合判定確率: 0.064 / → ヒモ分散。1号艇1着固定で広めのヒモ流し推奨（買い目+2点）', 'tenji_trigger': '展示確認: ヒモ分散レース。1号艇伸び確認後、広めのヒモ流しを採用。穴ヒモ（5・6号艇）を積極的に含める。'}",,,26.8,両建て推奨,16.05,26.3,4,,,,,,,,,,,
2025-09-15,丸亀,4,4,井上一輝,A1,14.29,4,○,18.846,28.8,100,71.9,0.1259,2.5781,,,0,低,55,0,ま0%,26313,0,76,1.2704,0,0.037,0.2593,0.037,0,0.025,0.025,0.025,,◎,D,◎,◎,0.4124,0.691,0.4369,0.3956,B,59,0,◎○△フォーメーション（15〜20点）,0.5777,"{'is_target': True, 'verdict': '参加推奨', 'max_combo_prob': 0.0637, 'est_top_odds': 20.9, 'circle_concentration': 61.2, 'eligible_count': 9, 'bet_adj': 2, 'reason': 'rel_win1=51.4%（本命度） / 最有力組み合わせ確率: 0.064（推定実オッズ?21倍） / 2着集中度: 上位2艇 61.2%（補正+0.00） / 総合判定確率: 0.064 / → ヒモ分散。1号艇1着固定で広めのヒモ流し推奨（買い目+2点）', 'tenji_trigger': '展示確認: ヒモ分散レース。1号艇伸び確認後、広めのヒモ流しを採用。穴ヒモ（5・6号艇）を積極的に含める。'}",,,26.8,両建て推奨,16.05,26.3,4,,,,,,,,,,,
2025-09-15,丸亀,4,5,北川太一,A2,28.57,5,△,10.0519,17.9,36,42.2,0.143,3.4922,,,0,低,110,0,差ま0%,222 36,0,83,1.3512,0,0,0,0.0476,0,0,0.1563,0.242,,,B,△,○,0.2742,0.6235,0.2788,0.3956,B,59,0,◎○△フォーメーション（15〜20点）,0.5777,"{'is_target': True, 'verdict': '参加推奨', 'max_combo_prob': 0.0637, 'est_top_odds': 20.9, 'circle_concentration': 61.2, 'eligible_count': 9, 'bet_adj': 2, 'reason': 'rel_win1=51.4%（本命度） / 最有力組み合わせ確率: 0.064（推定実オッズ?21倍） / 2着集中度: 上位2艇 61.2%（補正+0.00） / 総合判定確率: 0.064 / → ヒモ分散。1号艇1着固定で広めのヒモ流し推奨（買い目+2点）', 'tenji_trigger': '展示確認: ヒモ分散レース。1号艇伸び確認後、広めのヒモ流しを採用。穴ヒモ（5・6号艇）を積極的に含める。'}",,,26.8,両建て推奨,16.05,26.3,4,,,,,,,,,,,
2025-09-15,丸亀,4,6,市川哲也,A2,0.00,6,,1.2334,3.9,68,33.3,0.1725,4.0208,,,0,低,55,0,-,1 353,0,51.9,1.0011,,,,,,0.0256,0.0769,0.1026,,,E,○,,0.2165,0.665,,0.3956,B,59,0,◎○△フォーメーション（15〜20点）,0.5777,"{'is_target': True, 'verdict': '参加推奨', 'max_combo_prob': 0.0637, 'est_top_odds': 20.9, 'circle_concentration': 61.2, 'eligible_count': 9, 'bet_adj': 2, 'reason': 'rel_win1=51.4%（本命度） / 最有力組み合わせ確率: 0.064（推定実オッズ?21倍） / 2着集中度: 上位2艇 61.2%（補正+0.00） / 総合判定確率: 0.064 / → ヒモ分散。1号艇1着固定で広めのヒモ流し推奨（買い目+2点）', 'tenji_trigger': '展示確認: ヒモ分散レース。1号艇伸び確認後、広めのヒモ流しを採用。穴ヒモ（5・6号艇）を積極的に含める。'}",,,26.8,両建て推奨,16.05,26.3,4,,,,,,,,,,,
2025-09-15,丸亀,5,1,山口　亮,B1,40.00,1,◎,45.3143,,0,86.8,0.1766,2.934,,,0,低,167,0,逃1%,5 266,0,79.8,1.071,0.5417,,,,,0.0333,0.3067,0.1533,○,,B,,,,0.5775,,0.4058,A,66,0,◎-○軸 3着3〜4艇流し（10〜15点）,0.5777,"{'is_target': True, 'verdict': '点数絞り', 'max_combo_prob': 0.0907, 'est_top_odds': 14.7, 'circle_concentration': 71.7, 'eligible_count': 8, 'bet_adj': 0, 'reason': 'rel_win1=45.3%（本命度） / 最有力組み合わせ確率: 0.091（推定実オッズ?15倍） / 2着集中度: 上位2艇 71.7%（補正+0.04） / 総合判定確率: 0.131 / → ヒモはやや固め。上位2艇以外を切ること', 'tenji_trigger': '展示確認: 1号艇伸び良→そのまま採用。悪→飛び組に差し替え。circle_pct上位2艇に絞り込むこと。'}",,,35.8,逃げ狙い,21.65,33.1,5,,,,,0,0,0.6155,0,,逃げ軸流し,A
2025-09-15,丸亀,5,2,伊久間陽,B1,0.00,2,,9.146,43.8,50,64.4,0.1556,3.3333,,,0,低,57,0,差0% ま0%,6 551,0,56.8,1.0305,0,0.0741,0.037,0,0,0.0706,0.1906,0.0235,,◎,E,△,,0.5245,0.6015,,0.4058,A,66,0,◎-○軸 3着3〜4艇流し（10〜15点）,0.5777,"{'is_target': True, 'verdict': '点数絞り', 'max_combo_prob': 0.0907, 'est_top_odds': 14.7, 'circle_concentration': 71.7, 'eligible_count': 8, 'bet_adj': 0, 'reason': 'rel_win1=45.3%（本命度） / 最有力組み合わせ確率: 0.091（推定実オッズ?15倍） / 2着集中度: 上位2艇 71.7%（補正+0.04） / 総合判定確率: 0.131 / → ヒモはやや固め。上位2艇以外を切ること', 'tenji_trigger': '展示確認: 1号艇伸び良→そのまま採用。悪→飛び組に差し替え。circle_pct上位2艇に絞り込むこと。'}",,,35.8,逃げ狙い,21.65,33.1,5,,,,,,,,,,,
2025-09-15,丸亀,5,3,齊藤　優,A2,0.00,3,△,9.9676,27.8,41,59.3,0.149,3.1186,,,0,低,103,0,-,464 15,0,46.8,0.936,0,0.0741,0.1111,0,0,0.0923,0.3923,0.0462,,△,E,◎,,0.4402,0.6325,,0.4058,A,66,0,◎-○軸 3着3〜4艇流し（10〜15点）,0.5777,"{'is_target': True, 'verdict': '点数絞り', 'max_combo_prob': 0.0907, 'est_top_odds': 14.7, 'circle_concentration': 71.7, 'eligible_count': 8, 'bet_adj': 0, 'reason': 'rel_win1=45.3%（本命度） / 最有力組み合わせ確率: 0.091（推定実オッズ?15倍） / 2着集中度: 上位2艇 71.7%（補正+0.04） / 総合判定確率: 0.131 / → ヒモはやや固め。上位2艇以外を切ること', 'tenji_trigger': '展示確認: 1号艇伸び良→そのまま採用。悪→飛び組に差し替え。circle_pct上位2艇に絞り込むこと。'}",,,35.8,逃げ狙い,21.65,33.1,5,,,,,,,,,,,
2025-09-15,丸亀,5,4,青木幸太,A2,42.86,4,▲,17.0838,16.4,48,60,0.1213,2.325,,,0,低,86,0,ま0% 差ま0%,2 2S32,0,87.5,1.5234,0,0,0.1,0.0333,0,0.0882,0.0588,0.1176,,○,A,○,◎,0.4769,0.615,0.4366,0.4058,A,66,0,◎-○軸 3着3〜4艇流し（10〜15点）,0.5777,"{'is_target': True, 'verdict': '点数絞り', 'max_combo_prob': 0.0907, 'est_top_odds': 14.7, 'circle_concentration': 71.7, 'eligible_count': 8, 'bet_adj': 0, 'reason': 'rel_win1=45.3%（本命度） / 最有力組み合わせ確率: 0.091（推定実オッズ?15倍） / 2着集中度: 上位2艇 71.7%（補正+0.04） / 総合判定確率: 0.131 / → ヒモはやや固め。上位2艇以外を切ること', 'tenji_trigger': '展示確認: 1号艇伸び良→そのまま採用。悪→飛び組に差し替え。circle_pct上位2艇に絞り込むこと。'}",,,35.8,逃げ狙い,21.65,33.1,5,,,,,,,,,,,
2025-09-15,丸亀,5,5,平尾崇典,A1,66.67,5,○,16.4963,11.2,100,81.6,0.161,3.398,,,0,低,104,0,-,111 14,0,53.6,0.9286,0,0.05,0.05,0.05,0,0.0278,0.0833,0.1389,,,A,△,○,0.3408,0.6045,0.4331,0.4058,A,66,0,◎-○軸 3着3〜4艇流し（10〜15点）,0.5777,"{'is_target': True, 'verdict': '点数絞り', 'max_combo_prob': 0.0907, 'est_top_odds': 14.7, 'circle_concentration': 71.7, 'eligible_count': 8, 'bet_adj': 0, 'reason': 'rel_win1=45.3%（本命度） / 最有力組み合わせ確率: 0.091（推定実オッズ?15倍） / 2着集中度: 上位2艇 71.7%（補正+0.04） / 総合判定確率: 0.131 / → ヒモはやや固め。上位2艇以外を切ること', 'tenji_trigger': '展示確認: 1号艇伸び良→そのまま採用。悪→飛び組に差し替え。circle_pct上位2艇に絞り込むこと。'}",,,35.8,逃げ狙い,21.65,33.1,5,,,,,,,,,,,
2025-09-15,丸亀,5,6,松田憲幸,B1,0.00,6,,1.992,0.7,30,19.1,0.2426,5.2262,,,0,低,153,0,-,641 64,0,28.1,0.6078,,,,,,0.1538,0.2308,0.1538,,,E,,,0.1375,0.5835,,0.4058,A,66,0,◎-○軸 3着3〜4艇流し（10〜15点）,0.5777,"{'is_target': True, 'verdict': '点数絞り', 'max_combo_prob': 0.0907, 'est_top_odds': 14.7, 'circle_concentration': 71.7, 'eligible_count': 8, 'bet_adj': 0, 'reason': 'rel_win1=45.3%（本命度） / 最有力組み合わせ確率: 0.091（推定実オッズ?15倍） / 2着集中度: 上位2艇 71.7%（補正+0.04） / 総合判定確率: 0.131 / → ヒモはやや固め。上位2艇以外を切ること', 'tenji_trigger': '展示確認: 1号艇伸び良→そのまま採用。悪→飛び組に差し替え。circle_pct上位2艇に絞り込むこと。'}",,,35.8,逃げ狙い,21.65,33.1,5,,,,,,,,,,,
2025-09-15,丸亀,6,1,藤原菜希,A2,40.00,1,◎,60.1723,,0,90,0.115,2.1667,,,0,低,33,0,逃1%,2 423,0,81.5,0.9838,0.6429,,,,,0.1429,0.1429,0.0714,◎,,A,△,,,0.6005,,0.719,S,100,0,◎1着固定 2-3着流し（5〜8点）,0.5777,"{'is_target': True, 'verdict': '参加推奨', 'max_combo_prob': 0.0741, 'est_top_odds': 18.0, 'circle_concentration': 75.2, 'eligible_count': 6, 'bet_adj': 2, 'reason': 'rel_win1=60.2%（本命度） / 最有力組み合わせ確率: 0.074（推定実オッズ?18倍） / 2着集中度: 上位2艇 75.2%（補正+0.04） / 総合判定確率: 0.114 / → ヒモ分散。1号艇1着固定で広めのヒモ流し推奨（買い目+2点）', 'tenji_trigger': '展示確認: ヒモ分散レース。1号艇伸び確認後、広めのヒモ流しを採用。穴ヒモ（5・6号艇）を積極的に含める。\n展示で1号艇スタート超安定(0.115秒)→ヒモ固まり方向に注意'}",,,28.1,逃げ狙い,17.61,28.6,3,,,,,0,0,0.7559,0,,逃げ軸流し,A
2025-09-15,丸亀,6,2,中井俊祐,B1,0.00,2,,8.2538,32.7,93,54.5,0.1733,3.803,,,0,低,130,0,差0%,5 311,0,82.1,0.8928,0,0.037,0,0,0,0.1333,0.3167,0.2,,,D,△,,0.0567,0.6095,,0.719,S,100,0,◎1着固定 2-3着流し（5〜8点）,0.5777,"{'is_target': True, 'verdict': '参加推奨', 'max_combo_prob': 0.0741, 'est_top_odds': 18.0, 'circle_concentration': 75.2, 'eligible_count': 6, 'bet_adj': 2, 'reason': 'rel_win1=60.2%（本命度） / 最有力組み合わせ確率: 0.074（推定実オッズ?18倍） / 2着集中度: 上位2艇 75.2%（補正+0.04） / 総合判定確率: 0.114 / → ヒモ分散。1号艇1着固定で広めのヒモ流し推奨（買い目+2点）', 'tenji_trigger': '展示確認: ヒモ分散レース。1号艇伸び確認後、広めのヒモ流しを採用。穴ヒモ（5・6号艇）を積極的に含める。\n展示で1号艇スタート超安定(0.115秒)→ヒモ固まり方向に注意'}",,,28.1,逃げ狙い,17.61,28.6,3,,,,,,,,,,,
2025-09-15,丸亀,6,3,小野達哉,A1,0.00,3,▲,16.5596,42.5,97,71,0.1373,2.6694,,,0,低,87,0,ま0%,121 42,0,42.1,0.964,0,0,0.0769,0,0,0.0095,0.0286,0.0286,,,D,◎,,0.1827,0.6745,,0.719,S,100,0,◎1着固定 2-3着流し（5〜8点）,0.5777,"{'is_target': True, 'verdict': '参加推奨', 'max_combo_prob': 0.0741, 'est_top_odds': 18.0, 'circle_concentration': 75.2, 'eligible_count': 6, 'bet_adj': 2, 'reason': 'rel_win1=60.2%（本命度） / 最有力組み合わせ確率: 0.074（推定実オッズ?18倍） / 2着集中度: 上位2艇 75.2%（補正+0.04） / 総合判定確率: 0.114 / → ヒモ分散。1号艇1着固定で広めのヒモ流し推奨（買い目+2点）', 'tenji_trigger': '展示確認: ヒモ分散レース。1号艇伸び確認後、広めのヒモ流しを採用。穴ヒモ（5・6号艇）を積極的に含める。\n展示で1号艇スタート超安定(0.115秒)→ヒモ固まり方向に注意'}",,,28.1,逃げ狙い,17.61,28.6,3,,,,,,,,,,,
2025-09-15,丸亀,6,4,萬　正嗣,B1,42.86,4,○,8.5974,14.3,75,38.1,0.1519,3.0119,,,0,低,84,0,-,656 35,0,46.3,0.9096,,,,,,0.2667,0.2333,0.1333,,,A,,◎,0.1689,0.599,0.2952,0.719,S,100,0,◎1着固定 2-3着流し（5〜8点）,0.5777,"{'is_target': True, 'verdict': '参加推奨', 'max_combo_prob': 0.0741, 'est_top_odds': 18.0, 'circle_concentration': 75.2, 'eligible_count': 6, 'bet_adj': 2, 'reason': 'rel_win1=60.2%（本命度） / 最有力組み合わせ確率: 0.074（推定実オッズ?18倍） / 2着集中度: 上位2艇 75.2%（補正+0.04） / 総合判定確率: 0.114 / → ヒモ分散。1号艇1着固定で広めのヒモ流し推奨（買い目+2点）', 'tenji_trigger': '展示確認: ヒモ分散レース。1号艇伸び確認後、広めのヒモ流しを採用。穴ヒモ（5・6号艇）を積極的に含める。\n展示で1号艇スタート超安定(0.115秒)→ヒモ固まり方向に注意'}",,,28.1,逃げ狙い,17.61,28.6,3,,,,,,,,,,,
2025-09-15,丸亀,6,5,上瀧絢也,B1,0.00,5,△,5.4816,8.8,77,31.6,0.1532,2.8684,,,0,低,78,0,-,353 44,0,26,0.6071,0,0,0,0.0833,0,0.0923,0.2423,0,,,D,,,0.1693,0.595,,0.719,S,100,0,◎1着固定 2-3着流し（5〜8点）,0.5777,"{'is_target': True, 'verdict': '参加推奨', 'max_combo_prob': 0.0741, 'est_top_odds': 18.0, 'circle_concentration': 75.2, 'eligible_count': 6, 'bet_adj': 2, 'reason': 'rel_win1=60.2%（本命度） / 最有力組み合わせ確率: 0.074（推定実オッズ?18倍） / 2着集中度: 上位2艇 75.2%（補正+0.04） / 総合判定確率: 0.114 / → ヒモ分散。1号艇1着固定で広めのヒモ流し推奨（買い目+2点）', 'tenji_trigger': '展示確認: ヒモ分散レース。1号艇伸び確認後、広めのヒモ流しを採用。穴ヒモ（5・6号艇）を積極的に含める。\n展示で1号艇スタート超安定(0.115秒)→ヒモ固まり方向に注意'}",,,28.1,逃げ狙い,17.61,28.6,3,,,,,,,,,,,
2025-09-15,丸亀,6,6,佐々木和,A2,0.00,6,,0.9352,1.7,100,33.3,0.192,4.7333,,,0,低,141,0,-,1 132,0,37.2,1.4192,,,,,,0.041,0.1815,0.1815,,,D,○,,0.1374,0.657,,0.719,S,100,0,◎1着固定 2-3着流し（5〜8点）,0.5777,"{'is_target': True, 'verdict': '参加推奨', 'max_combo_prob': 0.0741, 'est_top_odds': 18.0, 'circle_concentration': 75.2, 'eligible_count': 6, 'bet_adj': 2, 'reason': 'rel_win1=60.2%（本命度） / 最有力組み合わせ確率: 0.074（推定実オッズ?18倍） / 2着集中度: 上位2艇 75.2%（補正+0.04） / 総合判定確率: 0.114 / → ヒモ分散。1号艇1着固定で広めのヒモ流し推奨（買い目+2点）', 'tenji_trigger': '展示確認: ヒモ分散レース。1号艇伸び確認後、広めのヒモ流しを採用。穴ヒモ（5・6号艇）を積極的に含める。\n展示で1号艇スタート超安定(0.115秒)→ヒモ固まり方向に注意'}",,,28.1,逃げ狙い,17.61,28.6,3,,,,,,,,,,,
2025-09-15,丸亀,7,1,柳内敬太,A2,14.29,1,◎,63.3916,,0,87.4,0.1306,2.3218,,,0,低,138,0,逃1%,312 24,0,61.1,0.9716,0.7632,,,,,0.0705,0.0211,0.0421,◎,,C,△,,,0.6035,,0.639,S,84,0,◎1着固定 2-3着流し（5〜8点）,0.5777,"{'is_target': True, 'verdict': '参加推奨', 'max_combo_prob': 0.0852, 'est_top_odds': 15.7, 'circle_concentration': 65.6, 'eligible_count': 6, 'bet_adj': 2, 'reason': 'rel_win1=63.4%（本命度） / 最有力組み合わせ確率: 0.085（推定実オッズ?16倍） / 2着集中度: 上位2艇 65.6%（補正+0.00） / 総合判定確率: 0.085 / → ヒモ分散。1号艇1着固定で広めのヒモ流し推奨（買い目+2点）', 'tenji_trigger': '展示確認: ヒモ分散レース。1号艇伸び確認後、広めのヒモ流しを採用。穴ヒモ（5・6号艇）を積極的に含める。\n展示で1号艇スタート超安定(0.131秒)→ヒモ固まり方向に注意'}",,,25.7,逃げ狙い,14.68,24.5,3,,,,,0,0,0.7559,0,,逃げ軸流し,A
2025-09-15,丸亀,7,2,胡本悟志,B1,0.00,2,,8.3172,30.8,72,54.4,0.1609,3.1316,,,0,低,123,0,-,4 563,0,76.3,1.575,0,0.0385,0.0385,0,0,0.4067,0.08,0.0267,,,E,,,0.0576,0.5535,,0.639,S,84,0,◎1着固定 2-3着流し（5〜8点）,0.5777,"{'is_target': True, 'verdict': '参加推奨', 'max_combo_prob': 0.0852, 'est_top_odds': 15.7, 'circle_concentration': 65.6, 'eligible_count': 6, 'bet_adj': 2, 'reason': 'rel_win1=63.4%（本命度） / 最有力組み合わせ確率: 0.085（推定実オッズ?16倍） / 2着集中度: 上位2艇 65.6%（補正+0.00） / 総合判定確率: 0.085 / → ヒモ分散。1号艇1着固定で広めのヒモ流し推奨（買い目+2点）', 'tenji_trigger': '展示確認: ヒモ分散レース。1号艇伸び確認後、広めのヒモ流しを採用。穴ヒモ（5・6号艇）を積極的に含める。\n展示で1号艇スタート超安定(0.131秒)→ヒモ固まり方向に注意'}",,,25.7,逃げ狙い,14.68,24.5,3,,,,,,,,,,,
2025-09-15,丸亀,7,3,落合直子,B1,0.00,3,△,11.4294,34.8,51,62.1,0.1262,2.6034,,,0,低,40,0,-,416 65,0,38.4,1.021,,,,,,0.025,0,0.225,,,E,○,,0.3353,0.6465,,0.639,S,84,0,◎1着固定 2-3着流し（5〜8点）,0.5777,"{'is_target': True, 'verdict': '参加推奨', 'max_combo_prob': 0.0852, 'est_top_odds': 15.7, 'circle_concentration': 65.6, 'eligible_count': 6, 'bet_adj': 2, 'reason': 'rel_win1=63.4%（本命度） / 最有力組み合わせ確率: 0.085（推定実オッズ?16倍） / 2着集中度: 上位2艇 65.6%（補正+0.00） / 総合判定確率: 0.085 / → ヒモ分散。1号艇1着固定で広めのヒモ流し推奨（買い目+2点）', 'tenji_trigger': '展示確認: ヒモ分散レース。1号艇伸び確認後、広めのヒモ流しを採用。穴ヒモ（5・6号艇）を積極的に含める。\n展示で1号艇スタート超安定(0.131秒)→ヒモ固まり方向に注意'}",,,25.7,逃げ狙い,14.68,24.5,3,,,,,,,,,,,
2025-09-15,丸亀,7,4,木谷賢太,A2,40.00,4,▲,8.0517,16.3,100,66.7,0.1559,3.5926,,,0,低,107,0,-,131 24,0,99.9,0.7568,0,0.0385,0,0.0385,0,0.0343,0.0114,0.1957,,,A,◎,,0.1824,0.663,,0.639,S,84,0,◎1着固定 2-3着流し（5〜8点）,0.5777,"{'is_target': True, 'verdict': '参加推奨', 'max_combo_prob': 0.0852, 'est_top_odds': 15.7, 'circle_concentration': 65.6, 'eligible_count': 6, 'bet_adj': 2, 'reason': 'rel_win1=63.4%（本命度） / 最有力組み合わせ確率: 0.085（推定実オッズ?16倍） / 2着集中度: 上位2艇 65.6%（補正+0.00） / 総合判定確率: 0.085 / → ヒモ分散。1号艇1着固定で広めのヒモ流し推奨（買い目+2点）', 'tenji_trigger': '展示確認: ヒモ分散レース。1号艇伸び確認後、広めのヒモ流しを採用。穴ヒモ（5・6号艇）を積極的に含める。\n展示で1号艇スタート超安定(0.131秒)→ヒモ固まり方向に注意'}",,,25.7,逃げ狙い,14.68,24.5,3,,,,,,,,,,,
2025-09-15,丸亀,7,5,三嶌さら,B1,44.44,5,○,4.3828,7.9,23,16.7,0.1812,4.381,,,0,低,82,0,-,6 665,0,27.4,0.6312,,,,,,0,0.25,0,,,A,,,0.1527,0.576,,0.639,S,84,0,◎1着固定 2-3着流し（5〜8点）,0.5777,"{'is_target': True, 'verdict': '参加推奨', 'max_combo_prob': 0.0852, 'est_top_odds': 15.7, 'circle_concentration': 65.6, 'eligible_count': 6, 'bet_adj': 2, 'reason': 'rel_win1=63.4%（本命度） / 最有力組み合わせ確率: 0.085（推定実オッズ?16倍） / 2着集中度: 上位2艇 65.6%（補正+0.00） / 総合判定確率: 0.085 / → ヒモ分散。1号艇1着固定で広めのヒモ流し推奨（買い目+2点）', 'tenji_trigger': '展示確認: ヒモ分散レース。1号艇伸び確認後、広めのヒモ流しを採用。穴ヒモ（5・6号艇）を積極的に含める。\n展示で1号艇スタート超安定(0.131秒)→ヒモ固まり方向に注意'}",,,25.7,逃げ狙い,14.68,24.5,3,,,,,,,,,,,
2025-09-15,丸亀,7,6,大澤普司,A1,0.00,6,,4.4272,10.2,64,54.4,0.1596,3.337,,,0,低,96,0,差ま0%,25423,0,29.3,2.1403,0,0,0,0.1111,0,0.103,0.1515,0.0364,,,E,△,,0.2066,0.6095,,0.639,S,84,0,◎1着固定 2-3着流し（5〜8点）,0.5777,"{'is_target': True, 'verdict': '参加推奨', 'max_combo_prob': 0.0852, 'est_top_odds': 15.7, 'circle_concentration': 65.6, 'eligible_count': 6, 'bet_adj': 2, 'reason': 'rel_win1=63.4%（本命度） / 最有力組み合わせ確率: 0.085（推定実オッズ?16倍） / 2着集中度: 上位2艇 65.6%（補正+0.00） / 総合判定確率: 0.085 / → ヒモ分散。1号艇1着固定で広めのヒモ流し推奨（買い目+2点）', 'tenji_trigger': '展示確認: ヒモ分散レース。1号艇伸び確認後、広めのヒモ流しを採用。穴ヒモ（5・6号艇）を積極的に含める。\n展示で1号艇スタート超安定(0.131秒)→ヒモ固まり方向に注意'}",,,25.7,逃げ狙い,14.68,24.5,3,,,,,,,,,,,
2025-09-15,丸亀,8,1,三浦永理,A1,28.57,1,◎,61.2504,,0,88.9,0.17,3.3194,,,0,低,43,0,逃1%,425 21,0,87.7,1.1544,0.6667,,,,,0.0167,0.05,0.1867,○,,C,◎,,,0.678,,0.4206,S,90,0,◎1着固定 2-3着流し（5〜8点）,0.5777,"{'is_target': True, 'verdict': '参加推奨', 'max_combo_prob': 0.0774, 'est_top_odds': 17.2, 'circle_concentration': 69.6, 'eligible_count': 6, 'bet_adj': 2, 'reason': 'rel_win1=61.3%（本命度） / 最有力組み合わせ確率: 0.077（推定実オッズ?17倍） / 2着集中度: 上位2艇 69.6%（補正+0.00） / 総合判定確率: 0.077 / → ヒモ分散。1号艇1着固定で広めのヒモ流し推奨（買い目+2点）', 'tenji_trigger': '展示確認: ヒモ分散レース。1号艇伸び確認後、広めのヒモ流しを採用。穴ヒモ（5・6号艇）を積極的に含める。'}",,,28.1,逃げ狙い,20.86,25.9,4,,,,,0,0,0.6155,0,,逃げ軸流し,A
2025-09-15,丸亀,8,2,芝田浩治,A2,14.29,2,,12.0529,36.8,100,71.7,0.1743,3.5667,,,0,低,121,0,差0% ま0%,26112,0,56,1.1374,0,0.2083,0.0833,0,0,0.0296,0.0593,0.2185,,,D,△,,0.3019,0.6585,,0.4206,S,90,0,◎1着固定 2-3着流し（5〜8点）,0.5777,"{'is_target': True, 'verdict': '参加推奨', 'max_combo_prob': 0.0774, 'est_top_odds': 17.2, 'circle_concentration': 69.6, 'eligible_count': 6, 'bet_adj': 2, 'reason': 'rel_win1=61.3%（本命度） / 最有力組み合わせ確率: 0.077（推定実オッズ?17倍） / 2着集中度: 上位2艇 69.6%（補正+0.00） / 総合判定確率: 0.077 / → ヒモ分散。1号艇1着固定で広めのヒモ流し推奨（買い目+2点）', 'tenji_trigger': '展示確認: ヒモ分散レース。1号艇伸び確認後、広めのヒモ流しを採用。穴ヒモ（5・6号艇）を積極的に含める。'}",,,28.1,逃げ狙い,20.86,25.9,4,,,,,,,,,,,
2025-09-15,丸亀,8,3,伊藤誠二,B1,0.00,3,△,10.0291,32.9,60,66,0.14,2.96,,,0,低,64,0,-,3 241,0,40.5,0.9294,0,0.0476,0.0952,0,0.0476,0.2033,0.0133,0.18,,○,E,○,,0.4415,0.6735,,0.4206,S,90,0,◎1着固定 2-3着流し（5〜8点）,0.5777,"{'is_target': True, 'verdict': '参加推奨', 'max_combo_prob': 0.0774, 'est_top_odds': 17.2, 'circle_concentration': 69.6, 'eligible_count': 6, 'bet_adj': 2, 'reason': 'rel_win1=61.3%（本命度） / 最有力組み合わせ確率: 0.077（推定実オッズ?17倍） / 2着集中度: 上位2艇 69.6%（補正+0.00） / 総合判定確率: 0.077 / → ヒモ分散。1号艇1着固定で広めのヒモ流し推奨（買い目+2点）', 'tenji_trigger': '展示確認: ヒモ分散レース。1号艇伸び確認後、広めのヒモ流しを採用。穴ヒモ（5・6号艇）を積極的に含める。'}",,,28.1,逃げ狙い,20.86,25.9,4,,,,,,,,,,,
2025-09-15,丸亀,8,4,中　亮太,A2,55.56,4,○,13.3116,23.4,38,50,0.11,2.2361,,,0,低,35,0,差0% ま0% 差ま0%,35135,0,69.2,1.2547,0,0.0526,0.1579,0.0526,0,0.0833,0.0833,0.125,,◎,A,△,◎,0.4933,0.656,0.4526,0.4206,S,90,0,◎1着固定 2-3着流し（5〜8点）,0.5777,"{'is_target': True, 'verdict': '参加推奨', 'max_combo_prob': 0.0774, 'est_top_odds': 17.2, 'circle_concentration': 69.6, 'eligible_count': 6, 'bet_adj': 2, 'reason': 'rel_win1=61.3%（本命度） / 最有力組み合わせ確率: 0.077（推定実オッズ?17倍） / 2着集中度: 上位2艇 69.6%（補正+0.00） / 総合判定確率: 0.077 / → ヒモ分散。1号艇1着固定で広めのヒモ流し推奨（買い目+2点）', 'tenji_trigger': '展示確認: ヒモ分散レース。1号艇伸び確認後、広めのヒモ流しを採用。穴ヒモ（5・6号艇）を積極的に含める。'}",,,28.1,逃げ狙い,20.86,25.9,4,,,,,,,,,,,
2025-09-15,丸亀,8,5,板倉敦史,B1,50.00,5,▲,2.4076,6.5,61,30.8,0.2149,4.6615,,,0,低,163,0,-,5 546,0,24.8,0.6957,0,0,0,0.0312,0,0.28,0.32,0.04,,,A,,,0.1341,0.557,,0.4206,S,90,0,◎1着固定 2-3着流し（5〜8点）,0.5777,"{'is_target': True, 'verdict': '参加推奨', 'max_combo_prob': 0.0774, 'est_top_odds': 17.2, 'circle_concentration': 69.6, 'eligible_count': 6, 'bet_adj': 2, 'reason': 'rel_win1=61.3%（本命度） / 最有力組み合わせ確率: 0.077（推定実オッズ?17倍） / 2着集中度: 上位2艇 69.6%（補正+0.00） / 総合判定確率: 0.077 / → ヒモ分散。1号艇1着固定で広めのヒモ流し推奨（買い目+2点）', 'tenji_trigger': '展示確認: ヒモ分散レース。1号艇伸び確認後、広めのヒモ流しを採用。穴ヒモ（5・6号艇）を積極的に含める。'}",,,28.1,逃げ狙い,20.86,25.9,4,,,,,,,,,,,
2025-09-15,丸亀,8,6,原村拓也,B1,28.57,6,,0.9484,0.5,61,14.3,0.219,4.9082,,,0,低,159,0,-,2 345,0,24.8,0.7772,,,,,,0.3114,0.1257,0.02,,,C,,,0.1581,0.5855,,0.4206,S,90,0,◎1着固定 2-3着流し（5〜8点）,0.5777,"{'is_target': True, 'verdict': '参加推奨', 'max_combo_prob': 0.0774, 'est_top_odds': 17.2, 'circle_concentration': 69.6, 'eligible_count': 6, 'bet_adj': 2, 'reason': 'rel_win1=61.3%（本命度） / 最有力組み合わせ確率: 0.077（推定実オッズ?17倍） / 2着集中度: 上位2艇 69.6%（補正+0.00） / 総合判定確率: 0.077 / → ヒモ分散。1号艇1着固定で広めのヒモ流し推奨（買い目+2点）', 'tenji_trigger': '展示確認: ヒモ分散レース。1号艇伸び確認後、広めのヒモ流しを採用。穴ヒモ（5・6号艇）を積極的に含める。'}",,,28.1,逃げ狙い,20.86,25.9,4,,,,,,,,,,,
2025-09-15,丸亀,9,1,島川海輝,A2,33.33,1,◎,66.3257,,0,88.2,0.1347,2.451,,,0,低,76,0,逃0%,652 25,0,100,1.4824,0.7037,,,,,0.0296,0.1296,0.1593,◎,,B,◎,,,0.663,,0.6824,A,79,0,◎-○軸 3着3〜4艇流し（10〜15点）,0.5777,"{'is_target': True, 'verdict': '点数絞り', 'max_combo_prob': 0.1124, 'est_top_odds': 11.9, 'circle_concentration': 83.5, 'eligible_count': 8, 'bet_adj': 0, 'reason': 'rel_win1=66.3%（本命度） / 最有力組み合わせ確率: 0.112（推定実オッズ?12倍） / 2着集中度: 上位2艇 83.5%（補正+0.04） / 総合判定確率: 0.152 / → ヒモはやや固め。上位2艇以外を切ること', 'tenji_trigger': '展示確認: 1号艇伸び良→そのまま採用。悪→飛び組に差し替え。circle_pct上位2艇に絞り込むこと。\n展示で1号艇スタート超安定(0.135秒)→ヒモ固まり方向に注意'}",,,26.1,逃げ狙い,12.7,27.1,3,,,,,0,0,0.7559,0,,逃げ軸流し,A
2025-09-15,丸亀,9,2,末永祐輝,A1,0.00,2,▲,9.364,48.1,96,81,0.1551,3.3571,,,0,低,113,0,-,141541,0,59.1,1.2381,0,0.0294,0.0294,0,0,0.0465,0.1039,0.1132,,,E,○,,0.1012,0.653,,0.6824,A,79,0,◎-○軸 3着3〜4艇流し（10〜15点）,0.5777,"{'is_target': True, 'verdict': '点数絞り', 'max_combo_prob': 0.1124, 'est_top_odds': 11.9, 'circle_concentration': 83.5, 'eligible_count': 8, 'bet_adj': 0, 'reason': 'rel_win1=66.3%（本命度） / 最有力組み合わせ確率: 0.112（推定実オッズ?12倍） / 2着集中度: 上位2艇 83.5%（補正+0.04） / 総合判定確率: 0.152 / → ヒモはやや固め。上位2艇以外を切ること', 'tenji_trigger': '展示確認: 1号艇伸び良→そのまま採用。悪→飛び組に差し替え。circle_pct上位2艇に絞り込むこと。\n展示で1号艇スタート超安定(0.135秒)→ヒモ固まり方向に注意'}",,,26.1,逃げ狙い,12.7,27.1,3,,,,,,,,,,,
2025-09-15,丸亀,9,3,内堀　学,A1,0.00,3,△,12.9796,35.3,64,67.7,0.1646,3.4692,,,0,低,152,0,-,2 4313,0,47.4,1.1212,0,0,0.0833,0.0833,0,0.0718,0.3015,0.041,,,E,△,,0.1542,0.603,,0.6824,A,79,0,◎-○軸 3着3〜4艇流し（10〜15点）,0.5777,"{'is_target': True, 'verdict': '点数絞り', 'max_combo_prob': 0.1124, 'est_top_odds': 11.9, 'circle_concentration': 83.5, 'eligible_count': 8, 'bet_adj': 0, 'reason': 'rel_win1=66.3%（本命度） / 最有力組み合わせ確率: 0.112（推定実オッズ?12倍） / 2着集中度: 上位2艇 83.5%（補正+0.04） / 総合判定確率: 0.152 / → ヒモはやや固め。上位2艇以外を切ること', 'tenji_trigger': '展示確認: 1号艇伸び良→そのまま採用。悪→飛び組に差し替え。circle_pct上位2艇に絞り込むこと。\n展示で1号艇スタート超安定(0.135秒)→ヒモ固まり方向に注意'}",,,26.1,逃げ狙い,12.7,27.1,3,,,,,,,,,,,
2025-09-15,丸亀,9,4,鈴木唯央,B1,28.57,4,,4.3939,8.7,72,15.6,0.1891,3.5312,,,0,低,86,0,ま0%,456 56,0,18.5,0.5562,0,0,0.0417,0,0,0,1,0,,,B,,,0.1096,0.5285,,0.6824,A,79,0,◎-○軸 3着3〜4艇流し（10〜15点）,0.5777,"{'is_target': True, 'verdict': '点数絞り', 'max_combo_prob': 0.1124, 'est_top_odds': 11.9, 'circle_concentration': 83.5, 'eligible_count': 8, 'bet_adj': 0, 'reason': 'rel_win1=66.3%（本命度） / 最有力組み合わせ確率: 0.112（推定実オッズ?12倍） / 2着集中度: 上位2艇 83.5%（補正+0.04） / 総合判定確率: 0.152 / → ヒモはやや固め。上位2艇以外を切ること', 'tenji_trigger': '展示確認: 1号艇伸び良→そのまま採用。悪→飛び組に差し替え。circle_pct上位2艇に絞り込むこと。\n展示で1号艇スタート超安定(0.135秒)→ヒモ固まり方向に注意'}",,,26.1,逃げ狙い,12.7,27.1,3,,,,,,,,,,,
2025-09-15,丸亀,9,5,喜多須杏,B1,50.00,5,○,5.9703,5.8,100,44.4,0.1581,3.3704,,,0,低,60,0,-,3 235,0,46.1,0.9621,0,0,0,0.0714,0,0,0.1429,0.1429,,,A,△,,0.2167,0.62,,0.6824,A,79,0,◎-○軸 3着3〜4艇流し（10〜15点）,0.5777,"{'is_target': True, 'verdict': '点数絞り', 'max_combo_prob': 0.1124, 'est_top_odds': 11.9, 'circle_concentration': 83.5, 'eligible_count': 8, 'bet_adj': 0, 'reason': 'rel_win1=66.3%（本命度） / 最有力組み合わせ確率: 0.112（推定実オッズ?12倍） / 2着集中度: 上位2艇 83.5%（補正+0.04） / 総合判定確率: 0.152 / → ヒモはやや固め。上位2艇以外を切ること', 'tenji_trigger': '展示確認: 1号艇伸び良→そのまま採用。悪→飛び組に差し替え。circle_pct上位2艇に絞り込むこと。\n展示で1号艇スタート超安定(0.135秒)→ヒモ固まり方向に注意'}",,,26.1,逃げ狙い,12.7,27.1,3,,,,,,,,,,,
2025-09-15,丸亀,9,6,占部一真,B1,0.00,6,,0.9666,2,48,19.1,0.1745,3.6915,,,0,低,119,0,-,6 446,0,27.1,0.6367,,,,,,0.1333,0.2,0.2667,,,E,,,0.1861,0.595,,0.6824,A,79,0,◎-○軸 3着3〜4艇流し（10〜15点）,0.5777,"{'is_target': True, 'verdict': '点数絞り', 'max_combo_prob': 0.1124, 'est_top_odds': 11.9, 'circle_concentration': 83.5, 'eligible_count': 8, 'bet_adj': 0, 'reason': 'rel_win1=66.3%（本命度） / 最有力組み合わせ確率: 0.112（推定実オッズ?12倍） / 2着集中度: 上位2艇 83.5%（補正+0.04） / 総合判定確率: 0.152 / → ヒモはやや固め。上位2艇以外を切ること', 'tenji_trigger': '展示確認: 1号艇伸び良→そのまま採用。悪→飛び組に差し替え。circle_pct上位2艇に絞り込むこと。\n展示で1号艇スタート超安定(0.135秒)→ヒモ固まり方向に注意'}",,,26.1,逃げ狙い,12.7,27.1,3,,,,,,,,,,,
2025-09-15,丸亀,10,1,井上一輝,A1,14.29,1,◎,63.4279,,0,96.6,0.1348,2.5449,,,0,低,55,0,逃1%,26313,0,92.5,1.2422,0.9,,,,,0.025,0.025,0.025,◎,,C,◎,,,0.691,,0.6967,S,92,0,◎1着固定 2-3着流し（5〜8点）,0.5777,"{'is_target': True, 'verdict': '点数絞り', 'max_combo_prob': 0.1193, 'est_top_odds': 11.2, 'circle_concentration': 75.6, 'eligible_count': 6, 'bet_adj': 0, 'reason': 'rel_win1=63.4%（本命度） / 最有力組み合わせ確率: 0.119（推定実オッズ?11倍） / 2着集中度: 上位2艇 75.6%（補正+0.04） / 総合判定確率: 0.159 / → ヒモはやや固め。上位2艇以外を切ること', 'tenji_trigger': '展示確認: 1号艇伸び良→そのまま採用。悪→飛び組に差し替え。circle_pct上位2艇に絞り込むこと。\n展示で1号艇スタート超安定(0.135秒)→ヒモ固まり方向に注意'}",,,27.2,逃げ狙い,21.95,22.4,4,,,,,0,0,0.7559,0,,逃げ軸流し,A
2025-09-15,丸亀,10,2,大須賀友,A1,0.00,2,,10.8501,53.2,100,75,0.1781,3.7188,,,0,低,116,0,差0%,135641,0,62.2,0.8326,0,0.1111,0.1481,0,0,0.0516,0.1258,0.0129,,,D,,,0.0804,0.599,,0.6967,S,92,0,◎1着固定 2-3着流し（5〜8点）,0.5777,"{'is_target': True, 'verdict': '点数絞り', 'max_combo_prob': 0.1193, 'est_top_odds': 11.2, 'circle_concentration': 75.6, 'eligible_count': 6, 'bet_adj': 0, 'reason': 'rel_win1=63.4%（本命度） / 最有力組み合わせ確率: 0.119（推定実オッズ?11倍） / 2着集中度: 上位2艇 75.6%（補正+0.04） / 総合判定確率: 0.159 / → ヒモはやや固め。上位2艇以外を切ること', 'tenji_trigger': '展示確認: 1号艇伸び良→そのまま採用。悪→飛び組に差し替え。circle_pct上位2艇に絞り込むこと。\n展示で1号艇スタート超安定(0.135秒)→ヒモ固まり方向に注意'}",,,27.2,逃げ狙い,21.95,22.4,4,,,,,,,,,,,
2025-09-15,丸亀,10,3,金田大輔,B1,0.00,3,△,9.5442,22.4,70,45.9,0.1656,3.1721,,,0,低,99,0,-,461 56,0,36.4,0.9158,0,0,0.037,0.037,0.037,0.2,0.1,0.1,,,D,,,0.1288,0.587,,0.6967,S,92,0,◎1着固定 2-3着流し（5〜8点）,0.5777,"{'is_target': True, 'verdict': '点数絞り', 'max_combo_prob': 0.1193, 'est_top_odds': 11.2, 'circle_concentration': 75.6, 'eligible_count': 6, 'bet_adj': 0, 'reason': 'rel_win1=63.4%（本命度） / 最有力組み合わせ確率: 0.119（推定実オッズ?11倍） / 2着集中度: 上位2艇 75.6%（補正+0.04） / 総合判定確率: 0.159 / → ヒモはやや固め。上位2艇以外を切ること', 'tenji_trigger': '展示確認: 1号艇伸び良→そのまま採用。悪→飛び組に差し替え。circle_pct上位2艇に絞り込むこと。\n展示で1号艇スタート超安定(0.135秒)→ヒモ固まり方向に注意'}",,,27.2,逃げ狙い,21.95,22.4,4,,,,,,,,,,,
2025-09-15,丸亀,10,4,藤原菜希,A2,40.00,4,○,11.9957,11.2,93,59.1,0.1409,3.0227,,,0,低,33,0,差ま0%,2 423,0,46.4,0.9706,0,0,0.0833,0.1667,0,0.1429,0.1429,0.0714,,,A,△,◎,0.2974,0.6005,0.373,0.6967,S,92,0,◎1着固定 2-3着流し（5〜8点）,0.5777,"{'is_target': True, 'verdict': '点数絞り', 'max_combo_prob': 0.1193, 'est_top_odds': 11.2, 'circle_concentration': 75.6, 'eligible_count': 6, 'bet_adj': 0, 'reason': 'rel_win1=63.4%（本命度） / 最有力組み合わせ確率: 0.119（推定実オッズ?11倍） / 2着集中度: 上位2艇 75.6%（補正+0.04） / 総合判定確率: 0.159 / → ヒモはやや固め。上位2艇以外を切ること', 'tenji_trigger': '展示確認: 1号艇伸び良→そのまま採用。悪→飛び組に差し替え。circle_pct上位2艇に絞り込むこと。\n展示で1号艇スタート超安定(0.135秒)→ヒモ固まり方向に注意'}",,,27.2,逃げ狙い,21.95,22.4,4,,,,,,,,,,,
2025-09-15,丸亀,10,5,小川日紀,B1,0.00,5,,2.9542,1.5,50,20.3,0.1551,3.0763,,,0,低,96,0,ま0%,5 651,0,24.1,0.5388,0,0,0.0357,0.0357,0,0.1905,0.2857,0.0952,,,D,△,,0.218,0.601,,0.6967,S,92,0,◎1着固定 2-3着流し（5〜8点）,0.5777,"{'is_target': True, 'verdict': '点数絞り', 'max_combo_prob': 0.1193, 'est_top_odds': 11.2, 'circle_concentration': 75.6, 'eligible_count': 6, 'bet_adj': 0, 'reason': 'rel_win1=63.4%（本命度） / 最有力組み合わせ確率: 0.119（推定実オッズ?11倍） / 2着集中度: 上位2艇 75.6%（補正+0.04） / 総合判定確率: 0.159 / → ヒモはやや固め。上位2艇以外を切ること', 'tenji_trigger': '展示確認: 1号艇伸び良→そのまま採用。悪→飛び組に差し替え。circle_pct上位2艇に絞り込むこと。\n展示で1号艇スタート超安定(0.135秒)→ヒモ固まり方向に注意'}",,,27.2,逃げ狙い,21.95,22.4,4,,,,,,,,,,,
2025-09-15,丸亀,10,6,伊久間陽,B1,0.00,6,▲,1.2279,11.7,50,31.4,0.1396,3.1961,,,0,低,57,0,差ま0%,6 551,0,30.9,1.2981,0,0,0,0.0455,0,0.0706,0.1906,0.0235,,,D,○,,0.2699,0.6015,,0.6967,S,92,0,◎1着固定 2-3着流し（5〜8点）,0.5777,"{'is_target': True, 'verdict': '点数絞り', 'max_combo_prob': 0.1193, 'est_top_odds': 11.2, 'circle_concentration': 75.6, 'eligible_count': 6, 'bet_adj': 0, 'reason': 'rel_win1=63.4%（本命度） / 最有力組み合わせ確率: 0.119（推定実オッズ?11倍） / 2着集中度: 上位2艇 75.6%（補正+0.04） / 総合判定確率: 0.159 / → ヒモはやや固め。上位2艇以外を切ること', 'tenji_trigger': '展示確認: 1号艇伸び良→そのまま採用。悪→飛び組に差し替え。circle_pct上位2艇に絞り込むこと。\n展示で1号艇スタート超安定(0.135秒)→ヒモ固まり方向に注意'}",,,27.2,逃げ狙い,21.95,22.4,4,,,,,,,,,,,
2025-09-15,丸亀,11,1,田路朋史,A1,14.29,1,◎,52.5586,,0,81,0.1782,3.494,,,0,低,140,0,-,4 3432,0,51.2,0.8801,0.4773,,,,,0.1312,0.1312,0.1675,△,,D,,,,0.6175,,0.3209,A,63,0,◎-○軸 3着3〜4艇流し（10〜15点）,0.5777,"{'is_target': True, 'verdict': '点数絞り', 'max_combo_prob': 0.0873, 'est_top_odds': 15.3, 'circle_concentration': 72.8, 'eligible_count': 8, 'bet_adj': 0, 'reason': 'rel_win1=52.6%（本命度） / 最有力組み合わせ確率: 0.087（推定実オッズ?15倍） / 2着集中度: 上位2艇 72.8%（補正+0.04） / 総合判定確率: 0.127 / → ヒモはやや固め。上位2艇以外を切ること', 'tenji_trigger': '展示確認: 1号艇伸び良→そのまま採用。悪→飛び組に差し替え。circle_pct上位2艇に絞り込むこと。'}",,,34.6,両建て推奨,19.37,31.6,2,2-1-3|1-2-4|1-2-5|1-3-2|1-3-4|1-3-5,2-1-3|5-1-6|3-4-5|3-5-4|5-6-1|3-4-6|3-5-6|1-2-4|1-2-5|1-3-2|1-3-4|1-3-5,2-1-3:2.76%|1-2-4:9.49%|1-2-5:9.34%|1-3-2:5.5%|1-3-4:5.07%|1-3-5:4.99%,2-1-3:B_main|1-2-4:A|1-2-5:A|1-3-2:A|1-3-4:A|1-3-5:A,6,12,0.4535,1,[!]見送り推奨（主役決まり手「差し」― 逃げ劣勢レースで的中実績なし）,荒れ広め,D
2025-09-15,丸亀,11,2,木谷賢太,A2,40.00,2,○,20.1827,52.8,80,76.4,0.152,3.5909,,,0,低,107,0,差0%,131 24,0,93,0.94,0,0.25,0.0357,0,0,0.0343,0.0114,0.1957,,◎,A,△,,0.6256,0.663,,0.3209,A,63,0,◎-○軸 3着3〜4艇流し（10〜15点）,0.5777,"{'is_target': True, 'verdict': '点数絞り', 'max_combo_prob': 0.0873, 'est_top_odds': 15.3, 'circle_concentration': 72.8, 'eligible_count': 8, 'bet_adj': 0, 'reason': 'rel_win1=52.6%（本命度） / 最有力組み合わせ確率: 0.087（推定実オッズ?15倍） / 2着集中度: 上位2艇 72.8%（補正+0.04） / 総合判定確率: 0.127 / → ヒモはやや固め。上位2艇以外を切ること', 'tenji_trigger': '展示確認: 1号艇伸び良→そのまま採用。悪→飛び組に差し替え。circle_pct上位2艇に絞り込むこと。'}",,,34.6,両建て推奨,19.37,31.6,2,,,,,,,,,,,
2025-09-15,丸亀,11,3,青木幸太,A2,42.86,3,▲,14.1897,20,100,63.8,0.1566,3.2586,,,0,低,86,0,差ま1%,2 2S32,0,21.4,0.6638,0,0.0303,0.0303,0.1212,0,0.0882,0.0588,0.1176,,△,A,,,0.4254,0.615,,0.3209,A,63,0,◎-○軸 3着3〜4艇流し（10〜15点）,0.5777,"{'is_target': True, 'verdict': '点数絞り', 'max_combo_prob': 0.0873, 'est_top_odds': 15.3, 'circle_concentration': 72.8, 'eligible_count': 8, 'bet_adj': 0, 'reason': 'rel_win1=52.6%（本命度） / 最有力組み合わせ確率: 0.087（推定実オッズ?15倍） / 2着集中度: 上位2艇 72.8%（補正+0.04） / 総合判定確率: 0.127 / → ヒモはやや固め。上位2艇以外を切ること', 'tenji_trigger': '展示確認: 1号艇伸び良→そのまま採用。悪→飛び組に差し替え。circle_pct上位2艇に絞り込むこと。'}",,,34.6,両建て推奨,19.37,31.6,2,,,,,,,,,,,
2025-09-15,丸亀,11,4,原田佑実,B1,25.00,4,△,7.4784,13.4,94,47.1,0.1606,2.9118,,,0,低,29,0,-,2 351,0,100,2.29,0,0,0,0.2,0,0,0,0.25,,,C,△,,0.4111,0.6345,,0.3209,A,63,0,◎-○軸 3着3〜4艇流し（10〜15点）,0.5777,"{'is_target': True, 'verdict': '点数絞り', 'max_combo_prob': 0.0873, 'est_top_odds': 15.3, 'circle_concentration': 72.8, 'eligible_count': 8, 'bet_adj': 0, 'reason': 'rel_win1=52.6%（本命度） / 最有力組み合わせ確率: 0.087（推定実オッズ?15倍） / 2着集中度: 上位2艇 72.8%（補正+0.04） / 総合判定確率: 0.127 / → ヒモはやや固め。上位2艇以外を切ること', 'tenji_trigger': '展示確認: 1号艇伸び良→そのまま採用。悪→飛び組に差し替え。circle_pct上位2艇に絞り込むこと。'}",,,34.6,両建て推奨,19.37,31.6,2,,,,,,,,,,,
2025-09-15,丸亀,11,5,市川哲也,A2,0.00,5,,3.4289,9.1,47,46.8,0.1274,2.617,,,0,低,55,0,-,1 353,0,100,2.2288,,,,,,0.0256,0.0769,0.1026,,○,E,○,,0.4898,0.665,,0.3209,A,63,0,◎-○軸 3着3〜4艇流し（10〜15点）,0.5777,"{'is_target': True, 'verdict': '点数絞り', 'max_combo_prob': 0.0873, 'est_top_odds': 15.3, 'circle_concentration': 72.8, 'eligible_count': 8, 'bet_adj': 0, 'reason': 'rel_win1=52.6%（本命度） / 最有力組み合わせ確率: 0.087（推定実オッズ?15倍） / 2着集中度: 上位2艇 72.8%（補正+0.04） / 総合判定確率: 0.127 / → ヒモはやや固め。上位2艇以外を切ること', 'tenji_trigger': '展示確認: 1号艇伸び良→そのまま採用。悪→飛び組に差し替え。circle_pct上位2艇に絞り込むこと。'}",,,34.6,両建て推奨,19.37,31.6,2,,,,,,,,,,,
2025-09-15,丸亀,11,6,小野達哉,A1,0.00,6,,2.1617,4.7,77,41.3,0.1654,3.4286,,,0,低,87,0,-,121 42,0,39.9,2.005,,,,,,0.0095,0.0286,0.0286,,,E,◎,,0.3704,0.6745,,0.3209,A,63,0,◎-○軸 3着3〜4艇流し（10〜15点）,0.5777,"{'is_target': True, 'verdict': '点数絞り', 'max_combo_prob': 0.0873, 'est_top_odds': 15.3, 'circle_concentration': 72.8, 'eligible_count': 8, 'bet_adj': 0, 'reason': 'rel_win1=52.6%（本命度） / 最有力組み合わせ確率: 0.087（推定実オッズ?15倍） / 2着集中度: 上位2艇 72.8%（補正+0.04） / 総合判定確率: 0.127 / → ヒモはやや固め。上位2艇以外を切ること', 'tenji_trigger': '展示確認: 1号艇伸び良→そのまま採用。悪→飛び組に差し替え。circle_pct上位2艇に絞り込むこと。'}",,,34.6,両建て推奨,19.37,31.6,2,,,,,,,,,,,
2025-09-15,丸亀,12,1,平尾崇典,A1,66.67,1,◎,58.5617,,0,92,0.1577,3.4667,,,0,低,104,0,逃1%,111 14,0,59,0.996,0.6667,,,,,0.0278,0.0833,0.1389,◎,,A,,,,0.6045,,0.4688,S,85,0,◎1着固定 2-3着流し（5〜8点）,0.5777,"{'is_target': True, 'verdict': '参加推奨', 'max_combo_prob': 0.0839, 'est_top_odds': 15.9, 'circle_concentration': 68.5, 'eligible_count': 6, 'bet_adj': 2, 'reason': 'rel_win1=58.6%（本命度） / 最有力組み合わせ確率: 0.084（推定実オッズ?16倍） / 2着集中度: 上位2艇 68.5%（補正+0.00） / 総合判定確率: 0.084 / → ヒモ分散。1号艇1着固定で広めのヒモ流し推奨（買い目+2点）', 'tenji_trigger': '展示確認: ヒモ分散レース。1号艇伸び確認後、広めのヒモ流しを採用。穴ヒモ（5・6号艇）を積極的に含める。'}",,,30.2,逃げ狙い,26.46,27,3,,,,,0,0,0.7559,0,,逃げ軸流し,A
2025-09-15,丸亀,12,2,大澤普司,A1,0.00,2,,10.1449,26.1,58,57.5,0.16,3.2979,,,0,低,96,0,差0%,25423,0,74.4,0.9345,0,0.1429,0,0,0,0.103,0.1515,0.0364,,,E,,,0.314,0.6095,,0.4688,S,85,0,◎1着固定 2-3着流し（5〜8点）,0.5777,"{'is_target': True, 'verdict': '参加推奨', 'max_combo_prob': 0.0839, 'est_top_odds': 15.9, 'circle_concentration': 68.5, 'eligible_count': 6, 'bet_adj': 2, 'reason': 'rel_win1=58.6%（本命度） / 最有力組み合わせ確率: 0.084（推定実オッズ?16倍） / 2着集中度: 上位2艇 68.5%（補正+0.00） / 総合判定確率: 0.084 / → ヒモ分散。1号艇1着固定で広めのヒモ流し推奨（買い目+2点）', 'tenji_trigger': '展示確認: ヒモ分散レース。1号艇伸び確認後、広めのヒモ流しを採用。穴ヒモ（5・6号艇）を積極的に含める。'}",,,30.2,逃げ狙い,26.46,27,3,,,,,,,,,,,
2025-09-15,丸亀,12,3,益田啓司,A2,0.00,3,▲,12.3588,42.4,83,85.5,0.1335,2.7177,,,0,低,80,0,-,3 3623,0,29.7,0.984,0,0,0.2083,0,0,0.131,0.0129,0,,◎,E,○,,0.4555,0.6665,,0.4688,S,85,0,◎1着固定 2-3着流し（5〜8点）,0.5777,"{'is_target': True, 'verdict': '参加推奨', 'max_combo_prob': 0.0839, 'est_top_odds': 15.9, 'circle_concentration': 68.5, 'eligible_count': 6, 'bet_adj': 2, 'reason': 'rel_win1=58.6%（本命度） / 最有力組み合わせ確率: 0.084（推定実オッズ?16倍） / 2着集中度: 上位2艇 68.5%（補正+0.00） / 総合判定確率: 0.084 / → ヒモ分散。1号艇1着固定で広めのヒモ流し推奨（買い目+2点）', 'tenji_trigger': '展示確認: ヒモ分散レース。1号艇伸び確認後、広めのヒモ流しを採用。穴ヒモ（5・6号艇）を積極的に含める。'}",,,30.2,逃げ狙い,26.46,27,3,,,,,,,,,,,
2025-09-15,丸亀,12,4,佐々木和,A2,0.00,4,△,9.1121,22.4,77,63.3,0.1537,3.7143,,,0,低,141,0,-,1 132,0,39,1.02,0,0.16,0.04,0,0,0.041,0.1815,0.1815,,,E,△,○,0.3312,0.657,0.3809,0.4688,S,85,0,◎1着固定 2-3着流し（5〜8点）,0.5777,"{'is_target': True, 'verdict': '参加推奨', 'max_combo_prob': 0.0839, 'est_top_odds': 15.9, 'circle_concentration': 68.5, 'eligible_count': 6, 'bet_adj': 2, 'reason': 'rel_win1=58.6%（本命度） / 最有力組み合わせ確率: 0.084（推定実オッズ?16倍） / 2着集中度: 上位2艇 68.5%（補正+0.00） / 総合判定確率: 0.084 / → ヒモ分散。1号艇1着固定で広めのヒモ流し推奨（買い目+2点）', 'tenji_trigger': '展示確認: ヒモ分散レース。1号艇伸び確認後、広めのヒモ流しを採用。穴ヒモ（5・6号艇）を積極的に含める。'}",,,30.2,逃げ狙い,26.46,27,3,,,,,,,,,,,
2025-09-15,丸亀,12,5,三浦永理,A1,28.57,5,○,9.0422,6.5,100,68,0.1404,3.36,,,0,低,43,0,差ま0% 抜0%,425 21,0,98.6,1.9276,0,0,0,0.1875,0.0625,0.0167,0.05,0.1867,,,B,◎,◎,0.385,0.678,0.4706,0.4688,S,85,0,◎1着固定 2-3着流し（5〜8点）,0.5777,"{'is_target': True, 'verdict': '参加推奨', 'max_combo_prob': 0.0839, 'est_top_odds': 15.9, 'circle_concentration': 68.5, 'eligible_count': 6, 'bet_adj': 2, 'reason': 'rel_win1=58.6%（本命度） / 最有力組み合わせ確率: 0.084（推定実オッズ?16倍） / 2着集中度: 上位2艇 68.5%（補正+0.00） / 総合判定確率: 0.084 / → ヒモ分散。1号艇1着固定で広めのヒモ流し推奨（買い目+2点）', 'tenji_trigger': '展示確認: ヒモ分散レース。1号艇伸び確認後、広めのヒモ流しを採用。穴ヒモ（5・6号艇）を積極的に含める。'}",,,30.2,逃げ狙い,26.46,27,3,,,,,,,,,,,
2025-09-15,丸亀,12,6,宮崎　奨,A2,14.29,6,,0.7802,2.6,61,29,0.1816,4.4032,,,0,低,134,0,-,3 441,0,30.5,1.675,,,,,,0.0343,0.1571,0.2686,,,D,△,,0.2456,0.658,,0.4688,S,85,0,◎1着固定 2-3着流し（5〜8点）,0.5777,"{'is_target': True, 'verdict': '参加推奨', 'max_combo_prob': 0.0839, 'est_top_odds': 15.9, 'circle_concentration': 68.5, 'eligible_count': 6, 'bet_adj': 2, 'reason': 'rel_win1=58.6%（本命度） / 最有力組み合わせ確率: 0.084（推定実オッズ?16倍） / 2着集中度: 上位2艇 68.5%（補正+0.00） / 総合判定確率: 0.084 / → ヒモ分散。1号艇1着固定で広めのヒモ流し推奨（買い目+2点）', 'tenji_trigger': '展示確認: ヒモ分散レース。1号艇伸び確認後、広めのヒモ流しを採用。穴ヒモ（5・6号艇）を積極的に含める。'}",,,30.2,逃げ狙い,26.46,27,3,,,,,,,,,,,
2025-09-16,丸亀,1,1,小川日紀,B1,0.00,1,◎,51.2615,,0,70.7,0.161,3.0366,,,0,低,96,0,逃0%,5 651,0,79,0.9279,0.381,,,,,0.1905,0.2857,0.0952,○,,E,,,,0.601,,0.338,A,60,0,◎-○軸 3着3〜4艇流し（10〜15点）,0.5777,"{'is_target': True, 'verdict': '参加推奨', 'max_combo_prob': 0.0844, 'est_top_odds': 15.8, 'circle_concentration': 69.0, 'eligible_count': 8, 'bet_adj': 2, 'reason': 'rel_win1=51.3%（本命度） / 最有力組み合わせ確率: 0.084（推定実オッズ?16倍） / 2着集中度: 上位2艇 69.0%（補正+0.00） / 総合判定確率: 0.084 / → ヒモ分散。1号艇1着固定で広めのヒモ流し推奨（買い目+2点）', 'tenji_trigger': '展示確認: ヒモ分散レース。1号艇伸び確認後、広めのヒモ流しを採用。穴ヒモ（5・6号艇）を積極的に含める。'}",,,29.7,両建て推奨,14.49,36,3,,,,,0,0,0.6155,0,,逃げ軸流し,A
2025-09-16,丸亀,1,2,伊藤誠二,B1,0.00,2,▲,14.6583,41.2,51,69.2,0.1533,3.0673,,,0,低,64,0,-,3 241,0,58,1.1119,0,0.0833,0.0833,0,0.0417,0.2033,0.0133,0.18,,○,E,◎,,0.4249,0.6735,,0.338,A,60,0,◎-○軸 3着3〜4艇流し（10〜15点）,0.5777,"{'is_target': True, 'verdict': '参加推奨', 'max_combo_prob': 0.0844, 'est_top_odds': 15.8, 'circle_concentration': 69.0, 'eligible_count': 8, 'bet_adj': 2, 'reason': 'rel_win1=51.3%（本命度） / 最有力組み合わせ確率: 0.084（推定実オッズ?16倍） / 2着集中度: 上位2艇 69.0%（補正+0.00） / 総合判定確率: 0.084 / → ヒモ分散。1号艇1着固定で広めのヒモ流し推奨（買い目+2点）', 'tenji_trigger': '展示確認: ヒモ分散レース。1号艇伸び確認後、広めのヒモ流しを採用。穴ヒモ（5・6号艇）を積極的に含める。'}",,,29.7,両建て推奨,14.49,36,3,,,,,,,,,,,
2025-09-16,丸亀,1,3,中　亮太,A2,55.56,3,○,16.4862,27.9,62,62.9,0.1209,2.4429,,,0,低,35,0,差ま0% 抜0%,35135,0,75.2,1.3194,0,0,0,0.1333,0.0667,0.0833,0.0833,0.125,,◎,A,△,,0.5222,0.656,,0.338,A,60,0,◎-○軸 3着3〜4艇流し（10〜15点）,0.5777,"{'is_target': True, 'verdict': '参加推奨', 'max_combo_prob': 0.0844, 'est_top_odds': 15.8, 'circle_concentration': 69.0, 'eligible_count': 8, 'bet_adj': 2, 'reason': 'rel_win1=51.3%（本命度） / 最有力組み合わせ確率: 0.084（推定実オッズ?16倍） / 2着集中度: 上位2艇 69.0%（補正+0.00） / 総合判定確率: 0.084 / → ヒモ分散。1号艇1着固定で広めのヒモ流し推奨（買い目+2点）', 'tenji_trigger': '展示確認: ヒモ分散レース。1号艇伸び確認後、広めのヒモ流しを採用。穴ヒモ（5・6号艇）を積極的に含める。'}",,,29.7,両建て推奨,14.49,36,3,,,,,,,,,,,
2025-09-16,丸亀,1,4,宮崎　奨,A2,14.29,4,,7.3356,17,100,70.2,0.1772,3.694,,,0,低,134,0,-,3 441,0,38.9,0.9906,0,0,0,0.0333,0,0.0343,0.1571,0.2686,,,C,○,,0.2587,0.658,,0.338,A,60,0,◎-○軸 3着3〜4艇流し（10〜15点）,0.5777,"{'is_target': True, 'verdict': '参加推奨', 'max_combo_prob': 0.0844, 'est_top_odds': 15.8, 'circle_concentration': 69.0, 'eligible_count': 8, 'bet_adj': 2, 'reason': 'rel_win1=51.3%（本命度） / 最有力組み合わせ確率: 0.084（推定実オッズ?16倍） / 2着集中度: 上位2艇 69.0%（補正+0.00） / 総合判定確率: 0.084 / → ヒモ分散。1号艇1着固定で広めのヒモ流し推奨（買い目+2点）', 'tenji_trigger': '展示確認: ヒモ分散レース。1号艇伸び確認後、広めのヒモ流しを採用。穴ヒモ（5・6号艇）を積極的に含める。'}",,,29.7,両建て推奨,14.49,36,3,,,,,,,,,,,
2025-09-16,丸亀,1,5,末永祐輝,A1,0.00,5,,8.5245,11.6,69,56.4,0.1571,3.4,,,0,低,113,0,差ま0%,141541,0,31,0.9043,0,0,0,0.0417,0,0.0465,0.1039,0.1132,,,E,△,◎,0.3396,0.653,0.3487,0.338,A,60,0,◎-○軸 3着3〜4艇流し（10〜15点）,0.5777,"{'is_target': True, 'verdict': '参加推奨', 'max_combo_prob': 0.0844, 'est_top_odds': 15.8, 'circle_concentration': 69.0, 'eligible_count': 8, 'bet_adj': 2, 'reason': 'rel_win1=51.3%（本命度） / 最有力組み合わせ確率: 0.084（推定実オッズ?16倍） / 2着集中度: 上位2艇 69.0%（補正+0.00） / 総合判定確率: 0.084 / → ヒモ分散。1号艇1着固定で広めのヒモ流し推奨（買い目+2点）', 'tenji_trigger': '展示確認: ヒモ分散レース。1号艇伸び確認後、広めのヒモ流しを採用。穴ヒモ（5・6号艇）を積極的に含める。'}",,,29.7,両建て推奨,14.49,36,3,,,,,,,,,,,
2025-09-16,丸亀,1,6,鈴木唯央,B1,28.57,6,△,1.7338,2.4,19,12.6,0.1761,4.0168,,,0,低,86,0,-,456 56,0,36.8,1.0056,,,,,,0,1,0,,,B,,,0.3085,0.5285,,0.338,A,60,0,◎-○軸 3着3〜4艇流し（10〜15点）,0.5777,"{'is_target': True, 'verdict': '参加推奨', 'max_combo_prob': 0.0844, 'est_top_odds': 15.8, 'circle_concentration': 69.0, 'eligible_count': 8, 'bet_adj': 2, 'reason': 'rel_win1=51.3%（本命度） / 最有力組み合わせ確率: 0.084（推定実オッズ?16倍） / 2着集中度: 上位2艇 69.0%（補正+0.00） / 総合判定確率: 0.084 / → ヒモ分散。1号艇1着固定で広めのヒモ流し推奨（買い目+2点）', 'tenji_trigger': '展示確認: ヒモ分散レース。1号艇伸び確認後、広めのヒモ流しを採用。穴ヒモ（5・6号艇）を積極的に含める。'}",,,29.7,両建て推奨,14.49,36,3,,,,,,,,,,,
2025-09-16,丸亀,2,1,西原明生,B1,0.00,1,◎,48.3392,,0,76.6,0.1485,3.5745,,,0,低,192,0,逃1%,162 24,0,81.2,1.2418,0.4762,,,,,0.2571,0.2571,0.2762,○,,E,△,,,0.641,,0.3707,A,65,0,◎-○軸 3着3〜4艇流し（10〜15点）,0.5777,"{'is_target': True, 'verdict': '参加推奨', 'max_combo_prob': 0.0545, 'est_top_odds': 24.5, 'circle_concentration': 73.7, 'eligible_count': 8, 'bet_adj': 2, 'reason': 'rel_win1=48.3%（本命度） / 最有力組み合わせ確率: 0.054（推定実オッズ?24倍） / 2着集中度: 上位2艇 73.7%（補正+0.04） / 総合判定確率: 0.094 / → ヒモ分散。1号艇1着固定で広めのヒモ流し推奨（買い目+2点）', 'tenji_trigger': '展示確認: ヒモ分散レース。1号艇伸び確認後、広めのヒモ流しを採用。穴ヒモ（5・6号艇）を積極的に含める。'}",,,30.3,逃げ狙い,13.98,38.2,3,,,,,0,0,0.6155,0,,逃げ軸流し,A
2025-09-16,丸亀,2,2,原村拓也,B1,28.57,2,,10.7838,39.5,67,45.7,0.178,4.0071,,,0,低,159,0,-,2 345,0,50.7,1.2703,0,0.0345,0,0,0,0.3114,0.1257,0.02,,,B,,,0.0946,0.5855,,0.3707,A,65,0,◎-○軸 3着3〜4艇流し（10〜15点）,0.5777,"{'is_target': True, 'verdict': '参加推奨', 'max_combo_prob': 0.0545, 'est_top_odds': 24.5, 'circle_concentration': 73.7, 'eligible_count': 8, 'bet_adj': 2, 'reason': 'rel_win1=48.3%（本命度） / 最有力組み合わせ確率: 0.054（推定実オッズ?24倍） / 2着集中度: 上位2艇 73.7%（補正+0.04） / 総合判定確率: 0.094 / → ヒモ分散。1号艇1着固定で広めのヒモ流し推奨（買い目+2点）', 'tenji_trigger': '展示確認: ヒモ分散レース。1号艇伸び確認後、広めのヒモ流しを採用。穴ヒモ（5・6号艇）を積極的に含める。'}",,,30.3,逃げ狙い,13.98,38.2,3,,,,,,,,,,,
2025-09-16,丸亀,2,3,喜多須杏,B1,50.00,3,○,13.5672,34.3,94,52.9,0.1565,3.1912,,,0,低,60,0,-,3 235,0,54,1.4417,,,,,,0,0.1429,0.1429,,,A,△,,0.3121,0.62,,0.3707,A,65,0,◎-○軸 3着3〜4艇流し（10〜15点）,0.5777,"{'is_target': True, 'verdict': '参加推奨', 'max_combo_prob': 0.0545, 'est_top_odds': 24.5, 'circle_concentration': 73.7, 'eligible_count': 8, 'bet_adj': 2, 'reason': 'rel_win1=48.3%（本命度） / 最有力組み合わせ確率: 0.054（推定実オッズ?24倍） / 2着集中度: 上位2艇 73.7%（補正+0.04） / 総合判定確率: 0.094 / → ヒモ分散。1号艇1着固定で広めのヒモ流し推奨（買い目+2点）', 'tenji_trigger': '展示確認: ヒモ分散レース。1号艇伸び確認後、広めのヒモ流しを採用。穴ヒモ（5・6号艇）を積極的に含める。'}",,,30.3,逃げ狙い,13.98,38.2,3,,,,,,,,,,,
2025-09-16,丸亀,2,4,山口　亮,B1,40.00,4,△,12.0506,16.1,72,45,0.194,3.9917,,,0,低,167,0,ま0%,5 266,0,33.2,1.114,0,0,0.04,0,0,0.0333,0.3067,0.1533,,,A,,,0.1464,0.5775,,0.3707,A,65,0,◎-○軸 3着3〜4艇流し（10〜15点）,0.5777,"{'is_target': True, 'verdict': '参加推奨', 'max_combo_prob': 0.0545, 'est_top_odds': 24.5, 'circle_concentration': 73.7, 'eligible_count': 8, 'bet_adj': 2, 'reason': 'rel_win1=48.3%（本命度） / 最有力組み合わせ確率: 0.054（推定実オッズ?24倍） / 2着集中度: 上位2艇 73.7%（補正+0.04） / 総合判定確率: 0.094 / → ヒモ分散。1号艇1着固定で広めのヒモ流し推奨（買い目+2点）', 'tenji_trigger': '展示確認: ヒモ分散レース。1号艇伸び確認後、広めのヒモ流しを採用。穴ヒモ（5・6号艇）を積極的に含める。'}",,,30.3,逃げ狙い,13.98,38.2,3,,,,,,,,,,,
2025-09-16,丸亀,2,5,小野達哉,A1,0.00,5,▲,13.9425,8.2,100,58.7,0.1459,3.0397,,,0,低,87,0,差ま0%,121 42,0,100,2.7902,0,0,0.08,0.04,0.08,0.0095,0.0286,0.0286,,,E,◎,◎,0.346,0.6745,0.4375,0.3707,A,65,0,◎-○軸 3着3〜4艇流し（10〜15点）,0.5777,"{'is_target': True, 'verdict': '参加推奨', 'max_combo_prob': 0.0545, 'est_top_odds': 24.5, 'circle_concentration': 73.7, 'eligible_count': 8, 'bet_adj': 2, 'reason': 'rel_win1=48.3%（本命度） / 最有力組み合わせ確率: 0.054（推定実オッズ?24倍） / 2着集中度: 上位2艇 73.7%（補正+0.04） / 総合判定確率: 0.094 / → ヒモ分散。1号艇1着固定で広めのヒモ流し推奨（買い目+2点）', 'tenji_trigger': '展示確認: ヒモ分散レース。1号艇伸び確認後、広めのヒモ流しを採用。穴ヒモ（5・6号艇）を積極的に含める。'}",,,30.3,逃げ狙い,13.98,38.2,3,,,,,,,,,,,
2025-09-16,丸亀,2,6,佐々木和,A2,0.00,6,,1.3167,2,84,33.3,0.192,4.7333,,,0,低,141,0,-,1 132,0,45.7,1.3414,,,,,,0.041,0.1815,0.1815,,,E,○,,0.2119,0.657,,0.3707,A,65,0,◎-○軸 3着3〜4艇流し（10〜15点）,0.5777,"{'is_target': True, 'verdict': '参加推奨', 'max_combo_prob': 0.0545, 'est_top_odds': 24.5, 'circle_concentration': 73.7, 'eligible_count': 8, 'bet_adj': 2, 'reason': 'rel_win1=48.3%（本命度） / 最有力組み合わせ確率: 0.054（推定実オッズ?24倍） / 2着集中度: 上位2艇 73.7%（補正+0.04） / 総合判定確率: 0.094 / → ヒモ分散。1号艇1着固定で広めのヒモ流し推奨（買い目+2点）', 'tenji_trigger': '展示確認: ヒモ分散レース。1号艇伸び確認後、広めのヒモ流しを採用。穴ヒモ（5・6号艇）を積極的に含める。'}",,,30.3,逃げ狙い,13.98,38.2,3,,,,,,,,,,,
2025-09-16,丸亀,3,1,吉原聖人,B1,0.00,1,▲,34.8891,,0,68.2,0.1482,2.9773,,,0,低,129,0,逃0%,342 56,0,59.9,0.8387,0.1667,,,,,0.2533,0.0667,0.3733,△,,C,,,,0.5965,,0.3231,D,24,1,大荒れ。見送り推奨,0.5777,"{'is_target': False, 'verdict': '対象外', 'max_combo_prob': None, 'est_top_odds': None, 'circle_concentration': None, 'eligible_count': 0, 'bet_adj': 0, 'reason': '1号艇rel_win1 < 45%: 通常判定に委ねる', 'tenji_trigger': ''}",,,31.7,両建て推奨,21.08,36.1,2,2-1-3|2-1-4|1-2-4|1-2-3|1-3-4|1-3-2|1-4-2,2-1-3|2-1-4|6-1-4|6-1-3|5-1-6|6-4-1|5-6-1|1-2-4|1-2-3|1-3-4|1-3-2|1-4-2,2-1-3:4.11%|2-1-4:2.85%|1-2-4:7.88%|1-2-3:5.79%|1-3-4:5.65%|1-3-2:5.44%|1-4-2:4.09%,2-1-3:B_main|2-1-4:B_main|1-2-4:A|1-2-3:A|1-3-4:A|1-3-2:A|1-4-2:A,7,12,0.4535,1,[!]見送り推奨（主役決まり手「差し」― 逃げ劣勢レースで的中実績なし）,荒れ広め,D
2025-09-16,丸亀,3,2,益田啓司,A2,0.00,2,◎,28.7428,35.7,100,71.4,0.1376,2.949,,,0,低,80,0,-,3 3623,0,88.7,1.5626,0,0.2727,0.0909,0,0,0.131,0.0129,0,,◎,C,◎,,0.5035,0.6665,,0.3231,D,24,1,大荒れ。見送り推奨,0.5777,"{'is_target': False, 'verdict': '対象外', 'max_combo_prob': None, 'est_top_odds': None, 'circle_concentration': None, 'eligible_count': 0, 'bet_adj': 0, 'reason': '1号艇rel_win1 < 45%: 通常判定に委ねる', 'tenji_trigger': ''}",,,31.7,両建て推奨,21.08,36.1,2,,,,,,,,,,,
2025-09-16,丸亀,3,3,大須賀友,A1,0.00,3,△,14.9468,35.1,83,81.4,0.1724,3.2288,,,0,低,116,0,-,135641,0,77.6,1.5637,0,0,0.12,0.08,0,0.0516,0.1258,0.0129,,,C,,,0.2013,0.599,,0.3231,D,24,1,大荒れ。見送り推奨,0.5777,"{'is_target': False, 'verdict': '対象外', 'max_combo_prob': None, 'est_top_odds': None, 'circle_concentration': None, 'eligible_count': 0, 'bet_adj': 0, 'reason': '1号艇rel_win1 < 45%: 通常判定に委ねる', 'tenji_trigger': ''}",,,31.7,両建て推奨,21.08,36.1,2,,,,,,,,,,,
2025-09-16,丸亀,3,4,芝田浩治,A2,14.29,4,○,11.4069,18.5,82,64.1,0.1538,3.0943,,,0,低,121,0,差0% 差ま0%,26112,0,74.1,1.3343,0,0.0417,0,0.0417,0,0.0296,0.0593,0.2185,,,B,○,◎,0.2703,0.6585,0.4495,0.3231,D,24,1,大荒れ。見送り推奨,0.5777,"{'is_target': False, 'verdict': '対象外', 'max_combo_prob': None, 'est_top_odds': None, 'circle_concentration': None, 'eligible_count': 0, 'bet_adj': 0, 'reason': '1号艇rel_win1 < 45%: 通常判定に委ねる', 'tenji_trigger': ''}",,,31.7,両建て推奨,21.08,36.1,2,,,,,,,,,,,
2025-09-16,丸亀,3,5,花田和明,B1,0.00,5,,7.1395,7.1,80,28.6,0.2071,4.5,,,0,低,71,1,-,545 36,0,39.6,0.9174,,,,,,0.0222,0,0.2611,,,C,△,,0.1485,0.6025,,0.3231,D,24,1,大荒れ。見送り推奨,0.5777,"{'is_target': False, 'verdict': '対象外', 'max_combo_prob': None, 'est_top_odds': None, 'circle_concentration': None, 'eligible_count': 0, 'bet_adj': 0, 'reason': '1号艇rel_win1 < 45%: 通常判定に委ねる', 'tenji_trigger': ''}",,,31.7,両建て推奨,21.08,36.1,2,,,,,,,,,,,
2025-09-16,丸亀,3,6,柳内敬太,A2,14.29,6,,2.8748,3.6,62,30.6,0.1782,4.1528,,,0,低,138,0,-,312 24,0,29.8,0.4075,0,0,0,0.0303,0,0.0705,0.0211,0.0421,,,B,△,,0.1924,0.6035,,0.3231,D,24,1,大荒れ。見送り推奨,0.5777,"{'is_target': False, 'verdict': '対象外', 'max_combo_prob': None, 'est_top_odds': None, 'circle_concentration': None, 'eligible_count': 0, 'bet_adj': 0, 'reason': '1号艇rel_win1 < 45%: 通常判定に委ねる', 'tenji_trigger': ''}",,,31.7,両建て推奨,21.08,36.1,2,,,,,,,,,,,
2025-09-16,丸亀,4,1,藤原菜希,A2,40.00,1,◎,59.2399,,0,90,0.115,2.1667,,,0,低,33,0,逃1%,2 423,0,75.6,0.9807,0.6429,,,,,0.1429,0.1429,0.0714,◎,,A,△,,,0.6005,,0.6858,S,100,0,◎1着固定 2-3着流し（5〜8点）,0.5777,"{'is_target': True, 'verdict': '参加推奨', 'max_combo_prob': 0.0724, 'est_top_odds': 18.4, 'circle_concentration': 74.6, 'eligible_count': 6, 'bet_adj': 2, 'reason': 'rel_win1=59.2%（本命度） / 最有力組み合わせ確率: 0.072（推定実オッズ?18倍） / 2着集中度: 上位2艇 74.6%（補正+0.04） / 総合判定確率: 0.112 / → ヒモ分散。1号艇1着固定で広めのヒモ流し推奨（買い目+2点）', 'tenji_trigger': '展示確認: ヒモ分散レース。1号艇伸び確認後、広めのヒモ流しを採用。穴ヒモ（5・6号艇）を積極的に含める。\n展示で1号艇スタート超安定(0.115秒)→ヒモ固まり方向に注意'}",,,29.6,逃げ狙い,22.85,28.6,3,,,,,0,0,0.7559,0,,逃げ軸流し,A
2025-09-16,丸亀,4,2,渡邉真奈,B2,0.00,2,,13.7982,40.8,72,56,0.1692,3.08,,,0,低,39,0,抜0%,336 44,0,73.6,0.9391,0,0,0,0,0.0714,0.0571,0.3143,0.3143,,,E,,,0.0775,0.5765,,0.6858,S,100,0,◎1着固定 2-3着流し（5〜8点）,0.5777,"{'is_target': True, 'verdict': '参加推奨', 'max_combo_prob': 0.0724, 'est_top_odds': 18.4, 'circle_concentration': 74.6, 'eligible_count': 6, 'bet_adj': 2, 'reason': 'rel_win1=59.2%（本命度） / 最有力組み合わせ確率: 0.072（推定実オッズ?18倍） / 2着集中度: 上位2艇 74.6%（補正+0.04） / 総合判定確率: 0.112 / → ヒモ分散。1号艇1着固定で広めのヒモ流し推奨（買い目+2点）', 'tenji_trigger': '展示確認: ヒモ分散レース。1号艇伸び確認後、広めのヒモ流しを採用。穴ヒモ（5・6号艇）を積極的に含める。\n展示で1号艇スタート超安定(0.115秒)→ヒモ固まり方向に注意'}",,,29.6,逃げ狙い,22.85,28.6,3,,,,,,,,,,,
2025-09-16,丸亀,4,3,落合直子,B1,0.00,3,△,12.3119,33.8,100,62.1,0.1262,2.6034,,,0,低,40,0,-,416 65,0,45.3,1.0577,,,,,,0.025,0,0.225,,,E,○,,0.254,0.6465,,0.6858,S,100,0,◎1着固定 2-3着流し（5〜8点）,0.5777,"{'is_target': True, 'verdict': '参加推奨', 'max_combo_prob': 0.0724, 'est_top_odds': 18.4, 'circle_concentration': 74.6, 'eligible_count': 6, 'bet_adj': 2, 'reason': 'rel_win1=59.2%（本命度） / 最有力組み合わせ確率: 0.072（推定実オッズ?18倍） / 2着集中度: 上位2艇 74.6%（補正+0.04） / 総合判定確率: 0.112 / → ヒモ分散。1号艇1着固定で広めのヒモ流し推奨（買い目+2点）', 'tenji_trigger': '展示確認: ヒモ分散レース。1号艇伸び確認後、広めのヒモ流しを採用。穴ヒモ（5・6号艇）を積極的に含める。\n展示で1号艇スタート超安定(0.115秒)→ヒモ固まり方向に注意'}",,,29.6,逃げ狙い,22.85,28.6,3,,,,,,,,,,,
2025-09-16,丸亀,4,4,三嶌さら,B1,44.44,4,○,5.8849,7.6,89,24.2,0.1927,4.2424,,,0,低,82,0,差0%,6 665,0,24.6,0.797,0,0.0455,0,0,0,0,0.25,0,,,A,,,0.105,0.576,,0.6858,S,100,0,◎1着固定 2-3着流し（5〜8点）,0.5777,"{'is_target': True, 'verdict': '参加推奨', 'max_combo_prob': 0.0724, 'est_top_odds': 18.4, 'circle_concentration': 74.6, 'eligible_count': 6, 'bet_adj': 2, 'reason': 'rel_win1=59.2%（本命度） / 最有力組み合わせ確率: 0.072（推定実オッズ?18倍） / 2着集中度: 上位2艇 74.6%（補正+0.04） / 総合判定確率: 0.112 / → ヒモ分散。1号艇1着固定で広めのヒモ流し推奨（買い目+2点）', 'tenji_trigger': '展示確認: ヒモ分散レース。1号艇伸び確認後、広めのヒモ流しを採用。穴ヒモ（5・6号艇）を積極的に含める。\n展示で1号艇スタート超安定(0.115秒)→ヒモ固まり方向に注意'}",,,29.6,逃げ狙い,22.85,28.6,3,,,,,,,,,,,
2025-09-16,丸亀,4,5,原田佑実,B1,25.00,5,▲,7.4485,11,73,46.7,0.1233,2.5667,,,0,低,29,0,抜0%,2 351,0,85,1.4231,0,0,0,0,0.1429,0,0,0.25,,,C,△,,0.2873,0.6345,,0.6858,S,100,0,◎1着固定 2-3着流し（5〜8点）,0.5777,"{'is_target': True, 'verdict': '参加推奨', 'max_combo_prob': 0.0724, 'est_top_odds': 18.4, 'circle_concentration': 74.6, 'eligible_count': 6, 'bet_adj': 2, 'reason': 'rel_win1=59.2%（本命度） / 最有力組み合わせ確率: 0.072（推定実オッズ?18倍） / 2着集中度: 上位2艇 74.6%（補正+0.04） / 総合判定確率: 0.112 / → ヒモ分散。1号艇1着固定で広めのヒモ流し推奨（買い目+2点）', 'tenji_trigger': '展示確認: ヒモ分散レース。1号艇伸び確認後、広めのヒモ流しを採用。穴ヒモ（5・6号艇）を積極的に含める。\n展示で1号艇スタート超安定(0.115秒)→ヒモ固まり方向に注意'}",,,29.6,逃げ狙い,22.85,28.6,3,,,,,,,,,,,
2025-09-16,丸亀,4,6,三浦永理,A1,28.57,6,,1.3166,6.8,72,33.3,0.1743,3.7619,,,0,低,43,0,-,425 21,0,38.6,1.3786,,,,,,0.0167,0.05,0.1867,,,C,◎,,0.135,0.678,,0.6858,S,100,0,◎1着固定 2-3着流し（5〜8点）,0.5777,"{'is_target': True, 'verdict': '参加推奨', 'max_combo_prob': 0.0724, 'est_top_odds': 18.4, 'circle_concentration': 74.6, 'eligible_count': 6, 'bet_adj': 2, 'reason': 'rel_win1=59.2%（本命度） / 最有力組み合わせ確率: 0.072（推定実オッズ?18倍） / 2着集中度: 上位2艇 74.6%（補正+0.04） / 総合判定確率: 0.112 / → ヒモ分散。1号艇1着固定で広めのヒモ流し推奨（買い目+2点）', 'tenji_trigger': '展示確認: ヒモ分散レース。1号艇伸び確認後、広めのヒモ流しを採用。穴ヒモ（5・6号艇）を積極的に含める。\n展示で1号艇スタート超安定(0.115秒)→ヒモ固まり方向に注意'}",,,29.6,逃げ狙い,22.85,28.6,3,,,,,,,,,,,
2025-09-16,丸亀,5,1,島川海輝,A2,33.33,1,◎,59.7785,,0,88.2,0.1347,2.451,,,0,低,76,0,逃0%,652 25,0,100,1.4501,0.7037,,,,,0.0296,0.1296,0.1593,◎,,A,◎,,,0.663,,0.6718,S,92,0,◎1着固定 2-3着流し（5〜8点）,0.5777,"{'is_target': True, 'verdict': '点数絞り', 'max_combo_prob': 0.1317, 'est_top_odds': 10.1, 'circle_concentration': 73.7, 'eligible_count': 6, 'bet_adj': 0, 'reason': 'rel_win1=59.8%（本命度） / 最有力組み合わせ確率: 0.132（推定実オッズ?10倍） / 2着集中度: 上位2艇 73.7%（補正+0.04） / 総合判定確率: 0.172 / → ヒモはやや固め。上位2艇以外を切ること', 'tenji_trigger': '展示確認: 1号艇伸び良→そのまま採用。悪→飛び組に差し替え。circle_pct上位2艇に絞り込むこと。\n展示で1号艇スタート超安定(0.135秒)→ヒモ固まり方向に注意'}",,,26.3,逃げ狙い,13.52,27.1,4,,,,,0,0,0.7559,0,,逃げ軸流し,A
2025-09-16,丸亀,5,2,田路朋史,A1,14.29,2,△,12.596,59.1,63,68.1,0.1642,3.0725,,,0,低,140,0,差0% ま0%,4 3432,0,40.7,1.0936,0,0.0556,0.1667,0,0,0.1312,0.1312,0.1675,,,C,△,,0.0763,0.6175,,0.6718,S,92,0,◎1着固定 2-3着流し（5〜8点）,0.5777,"{'is_target': True, 'verdict': '点数絞り', 'max_combo_prob': 0.1317, 'est_top_odds': 10.1, 'circle_concentration': 73.7, 'eligible_count': 6, 'bet_adj': 0, 'reason': 'rel_win1=59.8%（本命度） / 最有力組み合わせ確率: 0.132（推定実オッズ?10倍） / 2着集中度: 上位2艇 73.7%（補正+0.04） / 総合判定確率: 0.172 / → ヒモはやや固め。上位2艇以外を切ること', 'tenji_trigger': '展示確認: 1号艇伸び良→そのまま採用。悪→飛び組に差し替え。circle_pct上位2艇に絞り込むこと。\n展示で1号艇スタート超安定(0.135秒)→ヒモ固まり方向に注意'}",,,26.3,逃げ狙い,13.52,27.1,4,,,,,,,,,,,
2025-09-16,丸亀,5,3,田邉亮蔵,B1,0.00,3,,6.1089,14.7,100,38.2,0.1812,3.9211,,,0,低,163,0,-,145 25,0,54.2,1.4885,0,0,0,0.0294,0,0.0429,0.2071,0.0571,,,E,○,,0.1037,0.64,,0.6718,S,92,0,◎1着固定 2-3着流し（5〜8点）,0.5777,"{'is_target': True, 'verdict': '点数絞り', 'max_combo_prob': 0.1317, 'est_top_odds': 10.1, 'circle_concentration': 73.7, 'eligible_count': 6, 'bet_adj': 0, 'reason': 'rel_win1=59.8%（本命度） / 最有力組み合わせ確率: 0.132（推定実オッズ?10倍） / 2着集中度: 上位2艇 73.7%（補正+0.04） / 総合判定確率: 0.172 / → ヒモはやや固め。上位2艇以外を切ること', 'tenji_trigger': '展示確認: 1号艇伸び良→そのまま採用。悪→飛び組に差し替え。circle_pct上位2艇に絞り込むこと。\n展示で1号艇スタート超安定(0.135秒)→ヒモ固まり方向に注意'}",,,26.3,逃げ狙い,13.52,27.1,4,,,,,,,,,,,
2025-09-16,丸亀,5,4,中井俊祐,B1,0.00,4,▲,17.7167,8.1,55,49.2,0.1592,2.8279,,,0,低,130,0,差ま0%,5 311,0,31.1,0.9302,0,0,0.0345,0.1034,0,0.1333,0.3167,0.2,,,E,,◎,0.2062,0.6095,0.3177,0.6718,S,92,0,◎1着固定 2-3着流し（5〜8点）,0.5777,"{'is_target': True, 'verdict': '点数絞り', 'max_combo_prob': 0.1317, 'est_top_odds': 10.1, 'circle_concentration': 73.7, 'eligible_count': 6, 'bet_adj': 0, 'reason': 'rel_win1=59.8%（本命度） / 最有力組み合わせ確率: 0.132（推定実オッズ?10倍） / 2着集中度: 上位2艇 73.7%（補正+0.04） / 総合判定確率: 0.172 / → ヒモはやや固め。上位2艇以外を切ること', 'tenji_trigger': '展示確認: 1号艇伸び良→そのまま採用。悪→飛び組に差し替え。circle_pct上位2艇に絞り込むこと。\n展示で1号艇スタート超安定(0.135秒)→ヒモ固まり方向に注意'}",,,26.3,逃げ狙い,13.52,27.1,4,,,,,,,,,,,
2025-09-16,丸亀,5,5,齊藤　優,A2,0.00,5,,2.7171,12.3,44,26.3,0.1467,3.4035,,,0,低,103,0,-,464 15,0,48,1.1714,,,,,,0.0923,0.3923,0.0462,,,E,△,,0.2734,0.6325,,0.6718,S,92,0,◎1着固定 2-3着流し（5〜8点）,0.5777,"{'is_target': True, 'verdict': '点数絞り', 'max_combo_prob': 0.1317, 'est_top_odds': 10.1, 'circle_concentration': 73.7, 'eligible_count': 6, 'bet_adj': 0, 'reason': 'rel_win1=59.8%（本命度） / 最有力組み合わせ確率: 0.132（推定実オッズ?10倍） / 2着集中度: 上位2艇 73.7%（補正+0.04） / 総合判定確率: 0.172 / → ヒモはやや固め。上位2艇以外を切ること', 'tenji_trigger': '展示確認: 1号艇伸び良→そのまま採用。悪→飛び組に差し替え。circle_pct上位2艇に絞り込むこと。\n展示で1号艇スタート超安定(0.135秒)→ヒモ固まり方向に注意'}",,,26.3,逃げ狙い,13.52,27.1,4,,,,,,,,,,,
2025-09-16,丸亀,5,6,木谷賢太,A2,40.00,6,○,1.0828,5.9,69,41.5,0.1823,4.7736,,,0,低,107,0,-,131 24,0,38.7,1.135,,,,,,0.0343,0.0114,0.1957,,,A,◎,,0.1585,0.663,,0.6718,S,92,0,◎1着固定 2-3着流し（5〜8点）,0.5777,"{'is_target': True, 'verdict': '点数絞り', 'max_combo_prob': 0.1317, 'est_top_odds': 10.1, 'circle_concentration': 73.7, 'eligible_count': 6, 'bet_adj': 0, 'reason': 'rel_win1=59.8%（本命度） / 最有力組み合わせ確率: 0.132（推定実オッズ?10倍） / 2着集中度: 上位2艇 73.7%（補正+0.04） / 総合判定確率: 0.172 / → ヒモはやや固め。上位2艇以外を切ること', 'tenji_trigger': '展示確認: 1号艇伸び良→そのまま採用。悪→飛び組に差し替え。circle_pct上位2艇に絞り込むこと。\n展示で1号艇スタート超安定(0.135秒)→ヒモ固まり方向に注意'}",,,26.3,逃げ狙い,13.52,27.1,4,,,,,,,,,,,
2025-09-16,丸亀,6,1,青木幸太,A2,42.86,1,◎,53.3936,,0,89.8,0.1669,2.8983,,,0,低,86,0,逃0%,2 2S32,0,93,1.2799,0.6471,,,,,0.0882,0.0588,0.1176,○,,A,○,,,0.615,,0.438,A,78,0,◎-○軸 3着3〜4艇流し（10〜15点）,0.5777,"{'is_target': True, 'verdict': '参加推奨', 'max_combo_prob': 0.0637, 'est_top_odds': 20.9, 'circle_concentration': 59.8, 'eligible_count': 8, 'bet_adj': 2, 'reason': 'rel_win1=53.4%（本命度） / 最有力組み合わせ確率: 0.064（推定実オッズ?21倍） / 2着集中度: 上位2艇 59.8%（補正+0.00） / 総合判定確率: 0.064 / → ヒモ分散。1号艇1着固定で広めのヒモ流し推奨（買い目+2点）', 'tenji_trigger': '展示確認: ヒモ分散レース。1号艇伸び確認後、広めのヒモ流しを採用。穴ヒモ（5・6号艇）を積極的に含める。'}",,,29.7,逃げ狙い,23.75,28,4,,,,,0,0,0.6155,0,,逃げ軸流し,A
2025-09-16,丸亀,6,2,萬　正嗣,B1,42.86,2,○,11.1945,31.5,77,42.5,0.1593,3.5625,,,0,低,84,0,-,656 35,0,86.5,0.7259,,,,,,0.2667,0.2333,0.1333,,○,A,△,,0.4167,0.599,,0.438,A,78,0,◎-○軸 3着3〜4艇流し（10〜15点）,0.5777,"{'is_target': True, 'verdict': '参加推奨', 'max_combo_prob': 0.0637, 'est_top_odds': 20.9, 'circle_concentration': 59.8, 'eligible_count': 8, 'bet_adj': 2, 'reason': 'rel_win1=53.4%（本命度） / 最有力組み合わせ確率: 0.064（推定実オッズ?21倍） / 2着集中度: 上位2艇 59.8%（補正+0.00） / 総合判定確率: 0.064 / → ヒモ分散。1号艇1着固定で広めのヒモ流し推奨（買い目+2点）', 'tenji_trigger': '展示確認: ヒモ分散レース。1号艇伸び確認後、広めのヒモ流しを採用。穴ヒモ（5・6号艇）を積極的に含める。'}",,,29.7,逃げ狙い,23.75,28,4,,,,,,,,,,,
2025-09-16,丸亀,6,3,松田憲幸,B1,0.00,3,,9.5707,20.9,71,44.8,0.1814,4.319,,,0,低,153,0,-,641 64,0,43.3,1.1531,0,0,0.0952,0,0,0.1538,0.2308,0.1538,,,D,,,0.2338,0.5835,,0.438,A,78,0,◎-○軸 3着3〜4艇流し（10〜15点）,0.5777,"{'is_target': True, 'verdict': '参加推奨', 'max_combo_prob': 0.0637, 'est_top_odds': 20.9, 'circle_concentration': 59.8, 'eligible_count': 8, 'bet_adj': 2, 'reason': 'rel_win1=53.4%（本命度） / 最有力組み合わせ確率: 0.064（推定実オッズ?21倍） / 2着集中度: 上位2艇 59.8%（補正+0.00） / 総合判定確率: 0.064 / → ヒモ分散。1号艇1着固定で広めのヒモ流し推奨（買い目+2点）', 'tenji_trigger': '展示確認: ヒモ分散レース。1号艇伸び確認後、広めのヒモ流しを採用。穴ヒモ（5・6号艇）を積極的に含める。'}",,,29.7,逃げ狙い,23.75,28,4,,,,,,,,,,,
2025-09-16,丸亀,6,4,井上一輝,A1,14.29,4,▲,12.2324,28.3,100,71.9,0.1259,2.5781,,,0,低,55,0,ま0%,26313,0,51.5,1.0915,0,0.037,0.2593,0.037,0,0.025,0.025,0.025,,◎,C,◎,◎,0.5161,0.691,0.3991,0.438,A,78,0,◎-○軸 3着3〜4艇流し（10〜15点）,0.5777,"{'is_target': True, 'verdict': '参加推奨', 'max_combo_prob': 0.0637, 'est_top_odds': 20.9, 'circle_concentration': 59.8, 'eligible_count': 8, 'bet_adj': 2, 'reason': 'rel_win1=53.4%（本命度） / 最有力組み合わせ確率: 0.064（推定実オッズ?21倍） / 2着集中度: 上位2艇 59.8%（補正+0.00） / 総合判定確率: 0.064 / → ヒモ分散。1号艇1着固定で広めのヒモ流し推奨（買い目+2点）', 'tenji_trigger': '展示確認: ヒモ分散レース。1号艇伸び確認後、広めのヒモ流しを採用。穴ヒモ（5・6号艇）を積極的に含める。'}",,,29.7,逃げ狙い,23.75,28,4,,,,,,,,,,,
2025-09-16,丸亀,6,5,金田大輔,B1,0.00,5,,7.9038,7,48,33.3,0.1482,2.8947,,,0,低,99,0,-,461 56,0,28.1,1.6198,0,0,0.0333,0.1,0,0.2,0.1,0.1,,,D,,○,0.3598,0.587,0.2235,0.438,A,78,0,◎-○軸 3着3〜4艇流し（10〜15点）,0.5777,"{'is_target': True, 'verdict': '参加推奨', 'max_combo_prob': 0.0637, 'est_top_odds': 20.9, 'circle_concentration': 59.8, 'eligible_count': 8, 'bet_adj': 2, 'reason': 'rel_win1=53.4%（本命度） / 最有力組み合わせ確率: 0.064（推定実オッズ?21倍） / 2着集中度: 上位2艇 59.8%（補正+0.00） / 総合判定確率: 0.064 / → ヒモ分散。1号艇1着固定で広めのヒモ流し推奨（買い目+2点）', 'tenji_trigger': '展示確認: ヒモ分散レース。1号艇伸び確認後、広めのヒモ流しを採用。穴ヒモ（5・6号艇）を積極的に含める。'}",,,29.7,逃げ狙い,23.75,28,4,,,,,,,,,,,
2025-09-16,丸亀,6,6,内堀　学,A1,0.00,6,△,5.705,12.3,45,40.3,0.1446,3.2612,,,0,低,152,0,-,2 4313,0,38.4,0.9272,0,0,0.08,0,0.04,0.0718,0.3015,0.041,,,D,△,,0.3771,0.603,0.2054,0.438,A,78,0,◎-○軸 3着3〜4艇流し（10〜15点）,0.5777,"{'is_target': True, 'verdict': '参加推奨', 'max_combo_prob': 0.0637, 'est_top_odds': 20.9, 'circle_concentration': 59.8, 'eligible_count': 8, 'bet_adj': 2, 'reason': 'rel_win1=53.4%（本命度） / 最有力組み合わせ確率: 0.064（推定実オッズ?21倍） / 2着集中度: 上位2艇 59.8%（補正+0.00） / 総合判定確率: 0.064 / → ヒモ分散。1号艇1着固定で広めのヒモ流し推奨（買い目+2点）', 'tenji_trigger': '展示確認: ヒモ分散レース。1号艇伸び確認後、広めのヒモ流しを採用。穴ヒモ（5・6号艇）を積極的に含める。'}",,,29.7,逃げ狙い,23.75,28,4,,,,,,,,,,,
2025-09-16,丸亀,7,1,北川太一,A2,28.57,1,◎,58.3794,,0,80.6,0.1701,3.2847,,,0,低,110,0,逃0%,222 36,0,77.1,0.8957,0.5294,,,,,0,0.1563,0.242,○,,C,○,,,0.6235,,0.425,S,80,0,◎1着固定 2-3着流し（5〜8点）,0.5777,"{'is_target': True, 'verdict': '参加推奨', 'max_combo_prob': 0.0554, 'est_top_odds': 24.1, 'circle_concentration': 56.6, 'eligible_count': 6, 'bet_adj': 2, 'reason': 'rel_win1=58.4%（本命度） / 最有力組み合わせ確率: 0.055（推定実オッズ?24倍） / 2着集中度: 上位2艇 56.6%（補正+0.00） / 総合判定確率: 0.055 / → ヒモ分散。1号艇1着固定で広めのヒモ流し推奨（買い目+2点）', 'tenji_trigger': '展示確認: ヒモ分散レース。1号艇伸び確認後、広めのヒモ流しを採用。穴ヒモ（5・6号艇）を積極的に含める。'}",,,28,逃げ狙い,16.74,29.1,6,,,,,0,0,0.6155,0,,主役軸流し,B
2025-09-16,丸亀,7,2,占部一真,B1,0.00,2,,11.0904,27.3,65,42.9,0.1754,3.65,,,0,低,119,0,-,6 446,0,72.5,0.7179,0,0.0303,0.0303,0,0,0.1333,0.2,0.2667,,,E,△,,0.2525,0.595,,0.425,S,80,0,◎1着固定 2-3着流し（5〜8点）,0.5777,"{'is_target': True, 'verdict': '参加推奨', 'max_combo_prob': 0.0554, 'est_top_odds': 24.1, 'circle_concentration': 56.6, 'eligible_count': 6, 'bet_adj': 2, 'reason': 'rel_win1=58.4%（本命度） / 最有力組み合わせ確率: 0.055（推定実オッズ?24倍） / 2着集中度: 上位2艇 56.6%（補正+0.00） / 総合判定確率: 0.055 / → ヒモ分散。1号艇1着固定で広めのヒモ流し推奨（買い目+2点）', 'tenji_trigger': '展示確認: ヒモ分散レース。1号艇伸び確認後、広めのヒモ流しを採用。穴ヒモ（5・6号艇）を積極的に含める。'}",,,28,逃げ狙い,16.74,29.1,6,,,,,,,,,,,
2025-09-16,丸亀,7,3,板倉敦史,B1,50.00,3,▲,7.7887,26.7,100,51.6,0.1619,3.6016,,,0,低,163,0,-,5 546,0,49.2,0.9583,0,0,0,0.037,0.037,0.28,0.32,0.04,,,A,,,0.3395,0.557,,0.425,S,80,0,◎1着固定 2-3着流し（5〜8点）,0.5777,"{'is_target': True, 'verdict': '参加推奨', 'max_combo_prob': 0.0554, 'est_top_odds': 24.1, 'circle_concentration': 56.6, 'eligible_count': 6, 'bet_adj': 2, 'reason': 'rel_win1=58.4%（本命度） / 最有力組み合わせ確率: 0.055（推定実オッズ?24倍） / 2着集中度: 上位2艇 56.6%（補正+0.00） / 総合判定確率: 0.055 / → ヒモ分散。1号艇1着固定で広めのヒモ流し推奨（買い目+2点）', 'tenji_trigger': '展示確認: ヒモ分散レース。1号艇伸び確認後、広めのヒモ流しを採用。穴ヒモ（5・6号艇）を積極的に含める。'}",,,28,逃げ狙い,16.74,29.1,6,,,,,,,,,,,
2025-09-16,丸亀,7,4,市川哲也,A2,0.00,4,△,10.1145,29.3,76,52.2,0.147,3.1087,,,0,低,55,0,-,1 353,0,56.1,0.9272,0,0,0.0435,0,0,0.0256,0.0769,0.1026,,○,E,◎,○,0.4009,0.665,0.354,0.425,S,80,0,◎1着固定 2-3着流し（5〜8点）,0.5777,"{'is_target': True, 'verdict': '参加推奨', 'max_combo_prob': 0.0554, 'est_top_odds': 24.1, 'circle_concentration': 56.6, 'eligible_count': 6, 'bet_adj': 2, 'reason': 'rel_win1=58.4%（本命度） / 最有力組み合わせ確率: 0.055（推定実オッズ?24倍） / 2着集中度: 上位2艇 56.6%（補正+0.00） / 総合判定確率: 0.055 / → ヒモ分散。1号艇1着固定で広めのヒモ流し推奨（買い目+2点）', 'tenji_trigger': '展示確認: ヒモ分散レース。1号艇伸び確認後、広めのヒモ流しを採用。穴ヒモ（5・6号艇）を積極的に含める。'}",,,28,逃げ狙い,16.74,29.1,6,,,,,,,,,,,
2025-09-16,丸亀,7,5,冨名腰桃,B1,33.33,5,,4.0771,5.1,45,4.8,0.1967,4.0952,,,0,低,54,0,-,652 66,0,25.2,0.6126,,,,,,0.3333,0,0.3333,,,C,,,0.2521,0.4145,,0.425,S,80,0,◎1着固定 2-3着流し（5〜8点）,0.5777,"{'is_target': True, 'verdict': '参加推奨', 'max_combo_prob': 0.0554, 'est_top_odds': 24.1, 'circle_concentration': 56.6, 'eligible_count': 6, 'bet_adj': 2, 'reason': 'rel_win1=58.4%（本命度） / 最有力組み合わせ確率: 0.055（推定実オッズ?24倍） / 2着集中度: 上位2艇 56.6%（補正+0.00） / 総合判定確率: 0.055 / → ヒモ分散。1号艇1着固定で広めのヒモ流し推奨（買い目+2点）', 'tenji_trigger': '展示確認: ヒモ分散レース。1号艇伸び確認後、広めのヒモ流しを採用。穴ヒモ（5・6号艇）を積極的に含める。'}",,,28,逃げ狙い,16.74,29.1,6,,,,,,,,,,,
2025-09-16,丸亀,7,6,平尾崇典,A1,66.67,6,○,8.5499,11.6,99,80.7,0.1571,3.4355,,,0,低,104,0,ま1%,111 14,0,26.2,1.1617,0,0,0.3333,0,0.0833,0.0278,0.0833,0.1389,,◎,A,△,◎,0.4415,0.6045,0.3605,0.425,S,80,0,◎1着固定 2-3着流し（5〜8点）,0.5777,"{'is_target': True, 'verdict': '参加推奨', 'max_combo_prob': 0.0554, 'est_top_odds': 24.1, 'circle_concentration': 56.6, 'eligible_count': 6, 'bet_adj': 2, 'reason': 'rel_win1=58.4%（本命度） / 最有力組み合わせ確率: 0.055（推定実オッズ?24倍） / 2着集中度: 上位2艇 56.6%（補正+0.00） / 総合判定確率: 0.055 / → ヒモ分散。1号艇1着固定で広めのヒモ流し推奨（買い目+2点）', 'tenji_trigger': '展示確認: ヒモ分散レース。1号艇伸び確認後、広めのヒモ流しを採用。穴ヒモ（5・6号艇）を積極的に含める。'}",,,28,逃げ狙い,16.74,29.1,6,,,,,,,,,,,
2025-09-16,丸亀,8,1,佐々木和,A2,0.00,1,◎,57.2291,,0,93.7,0.1551,3.2911,,,0,低,141,0,逃1%,1 132,0,79.3,1.0065,0.5897,,,,,0.041,0.1815,0.1815,◎,,D,△,,,0.657,,0.4534,S,80,0,◎1着固定 2-3着流し（5〜8点）,0.5777,"{'is_target': True, 'verdict': '点数絞り', 'max_combo_prob': 0.1061, 'est_top_odds': 12.6, 'circle_concentration': 82.6, 'eligible_count': 6, 'bet_adj': 0, 'reason': 'rel_win1=57.2%（本命度） / 最有力組み合わせ確率: 0.106（推定実オッズ?13倍） / 2着集中度: 上位2艇 82.6%（補正+0.04） / 総合判定確率: 0.146 / → ヒモはやや固め。上位2艇以外を切ること', 'tenji_trigger': '展示確認: 1号艇伸び良→そのまま採用。悪→飛び組に差し替え。circle_pct上位2艇に絞り込むこと。'}",,,30.4,逃げ狙い,23.63,30.1,4,,,,,0,0,0.7559,0,,逃げ軸流し,A
2025-09-16,丸亀,8,2,末永祐輝,A1,0.00,2,△,8.9185,49.1,93,81,0.1551,3.3571,,,0,低,113,0,-,141541,0,71.1,1.2381,0,0.0294,0.0294,0,0,0.0465,0.1039,0.1132,,,D,△,,0.3114,0.653,,0.4534,S,80,0,◎1着固定 2-3着流し（5〜8点）,0.5777,"{'is_target': True, 'verdict': '点数絞り', 'max_combo_prob': 0.1061, 'est_top_odds': 12.6, 'circle_concentration': 82.6, 'eligible_count': 6, 'bet_adj': 0, 'reason': 'rel_win1=57.2%（本命度） / 最有力組み合わせ確率: 0.106（推定実オッズ?13倍） / 2着集中度: 上位2艇 82.6%（補正+0.04） / 総合判定確率: 0.146 / → ヒモはやや固め。上位2艇以外を切ること', 'tenji_trigger': '展示確認: 1号艇伸び良→そのまま採用。悪→飛び組に差し替え。circle_pct上位2艇に絞り込むこと。'}",,,30.4,逃げ狙い,23.63,30.1,4,,,,,,,,,,,
2025-09-16,丸亀,8,3,宮崎　奨,A2,14.29,3,,9.8348,33.4,87,70.4,0.1585,3.5,,,0,低,134,0,-,3 441,0,51.3,1.0383,0,0,0,0.0952,0.0476,0.0343,0.1571,0.2686,,,C,○,,0.3031,0.658,,0.4534,S,80,0,◎1着固定 2-3着流し（5〜8点）,0.5777,"{'is_target': True, 'verdict': '点数絞り', 'max_combo_prob': 0.1061, 'est_top_odds': 12.6, 'circle_concentration': 82.6, 'eligible_count': 6, 'bet_adj': 0, 'reason': 'rel_win1=57.2%（本命度） / 最有力組み合わせ確率: 0.106（推定実オッズ?13倍） / 2着集中度: 上位2艇 82.6%（補正+0.04） / 総合判定確率: 0.146 / → ヒモはやや固め。上位2艇以外を切ること', 'tenji_trigger': '展示確認: 1号艇伸び良→そのまま採用。悪→飛び組に差し替え。circle_pct上位2艇に絞り込むこと。'}",,,30.4,逃げ狙い,23.63,30.1,4,,,,,,,,,,,
2025-09-16,丸亀,8,4,藤原菜希,A2,40.00,4,○,13.1949,6.9,100,59.1,0.1409,3.0227,,,0,低,33,0,差ま0%,2 423,0,55.8,0.9957,0,0,0.0833,0.1667,0,0.1429,0.1429,0.0714,,◎,A,,◎,0.4018,0.6005,0.5005,0.4534,S,80,0,◎1着固定 2-3着流し（5〜8点）,0.5777,"{'is_target': True, 'verdict': '点数絞り', 'max_combo_prob': 0.1061, 'est_top_odds': 12.6, 'circle_concentration': 82.6, 'eligible_count': 6, 'bet_adj': 0, 'reason': 'rel_win1=57.2%（本命度） / 最有力組み合わせ確率: 0.106（推定実オッズ?13倍） / 2着集中度: 上位2艇 82.6%（補正+0.04） / 総合判定確率: 0.146 / → ヒモはやや固め。上位2艇以外を切ること', 'tenji_trigger': '展示確認: 1号艇伸び良→そのまま採用。悪→飛び組に差し替え。circle_pct上位2艇に絞り込むこと。'}",,,30.4,逃げ狙い,23.63,30.1,4,,,,,,,,,,,
2025-09-16,丸亀,8,5,益田啓司,A2,0.00,5,▲,9.2936,10.3,56,49.3,0.1508,2.9247,,,0,低,80,0,-,3 3623,0,84.8,1.416,0,0.037,0.0741,0.1111,0,0.131,0.0129,0,,,D,◎,○,0.3432,0.6665,0.4222,0.4534,S,80,0,◎1着固定 2-3着流し（5〜8点）,0.5777,"{'is_target': True, 'verdict': '点数絞り', 'max_combo_prob': 0.1061, 'est_top_odds': 12.6, 'circle_concentration': 82.6, 'eligible_count': 6, 'bet_adj': 0, 'reason': 'rel_win1=57.2%（本命度） / 最有力組み合わせ確率: 0.106（推定実オッズ?13倍） / 2着集中度: 上位2艇 82.6%（補正+0.04） / 総合判定確率: 0.146 / → ヒモはやや固め。上位2艇以外を切ること', 'tenji_trigger': '展示確認: 1号艇伸び良→そのまま採用。悪→飛び組に差し替え。circle_pct上位2艇に絞り込むこと。'}",,,30.4,逃げ狙い,23.63,30.1,4,,,,,,,,,,,
2025-09-16,丸亀,8,6,西原明生,B1,0.00,6,,1.5291,0.2,22,12.8,0.2204,5.0745,,,0,低,192,0,-,162 24,0,29.9,0.6128,,,,,,0.2571,0.2571,0.2762,,,D,,,0.1631,0.641,,0.4534,S,80,0,◎1着固定 2-3着流し（5〜8点）,0.5777,"{'is_target': True, 'verdict': '点数絞り', 'max_combo_prob': 0.1061, 'est_top_odds': 12.6, 'circle_concentration': 82.6, 'eligible_count': 6, 'bet_adj': 0, 'reason': 'rel_win1=57.2%（本命度） / 最有力組み合わせ確率: 0.106（推定実オッズ?13倍） / 2着集中度: 上位2艇 82.6%（補正+0.04） / 総合判定確率: 0.146 / → ヒモはやや固め。上位2艇以外を切ること', 'tenji_trigger': '展示確認: 1号艇伸び良→そのまま採用。悪→飛び組に差し替え。circle_pct上位2艇に絞り込むこと。'}",,,30.4,逃げ狙い,23.63,30.1,4,,,,,,,,,,,
2025-09-16,丸亀,9,1,柳内敬太,A2,14.29,1,◎,57.7566,,0,87.4,0.1306,2.3218,,,0,低,138,0,逃1%,312 24,0,64.5,0.9532,0.7632,,,,,0.0705,0.0211,0.0421,◎,,C,,,,0.6035,,0.6443,A,75,0,◎-○軸 3着3〜4艇流し（10〜15点）,0.5777,"{'is_target': True, 'verdict': '点数絞り', 'max_combo_prob': 0.1163, 'est_top_odds': 11.5, 'circle_concentration': 76.9, 'eligible_count': 8, 'bet_adj': 0, 'reason': 'rel_win1=57.8%（本命度） / 最有力組み合わせ確率: 0.116（推定実オッズ?12倍） / 2着集中度: 上位2艇 76.9%（補正+0.04） / 総合判定確率: 0.156 / → ヒモはやや固め。上位2艇以外を切ること', 'tenji_trigger': '展示確認: 1号艇伸び良→そのまま採用。悪→飛び組に差し替え。circle_pct上位2艇に絞り込むこと。\n展示で1号艇スタート超安定(0.131秒)→ヒモ固まり方向に注意'}",,,27.4,逃げ狙い,20.26,24.5,2,,,,,0,0,0.7559,0,,逃げ軸流し,A
2025-09-16,丸亀,9,2,小野達哉,A1,0.00,2,▲,20.063,51.5,72,79.4,0.146,3.1111,,,0,低,87,0,-,121 42,0,42.2,0.9845,0,0.1786,0.0714,0,0.0357,0.0095,0.0286,0.0286,,,D,◎,,0.1842,0.6745,,0.6443,A,75,0,◎-○軸 3着3〜4艇流し（10〜15点）,0.5777,"{'is_target': True, 'verdict': '点数絞り', 'max_combo_prob': 0.1163, 'est_top_odds': 11.5, 'circle_concentration': 76.9, 'eligible_count': 8, 'bet_adj': 0, 'reason': 'rel_win1=57.8%（本命度） / 最有力組み合わせ確率: 0.116（推定実オッズ?12倍） / 2着集中度: 上位2艇 76.9%（補正+0.04） / 総合判定確率: 0.156 / → ヒモはやや固め。上位2艇以外を切ること', 'tenji_trigger': '展示確認: 1号艇伸び良→そのまま採用。悪→飛び組に差し替え。circle_pct上位2艇に絞り込むこと。\n展示で1号艇スタート超安定(0.131秒)→ヒモ固まり方向に注意'}",,,27.4,逃げ狙い,20.26,24.5,2,,,,,,,,,,,
2025-09-16,丸亀,9,3,芝田浩治,A2,14.29,3,,10.664,25.3,100,65.6,0.1525,2.8033,,,0,低,121,0,差ま0%,26112,0,49.6,1.18,0,0,0,0.0952,0,0.0296,0.0593,0.2185,,,C,△,,0.1863,0.6585,,0.6443,A,75,0,◎-○軸 3着3〜4艇流し（10〜15点）,0.5777,"{'is_target': True, 'verdict': '点数絞り', 'max_combo_prob': 0.1163, 'est_top_odds': 11.5, 'circle_concentration': 76.9, 'eligible_count': 8, 'bet_adj': 0, 'reason': 'rel_win1=57.8%（本命度） / 最有力組み合わせ確率: 0.116（推定実オッズ?12倍） / 2着集中度: 上位2艇 76.9%（補正+0.04） / 総合判定確率: 0.156 / → ヒモはやや固め。上位2艇以外を切ること', 'tenji_trigger': '展示確認: 1号艇伸び良→そのまま採用。悪→飛び組に差し替え。circle_pct上位2艇に絞り込むこと。\n展示で1号艇スタート超安定(0.131秒)→ヒモ固まり方向に注意'}",,,27.4,逃げ狙い,20.26,24.5,2,,,,,,,,,,,
2025-09-16,丸亀,9,4,田邉亮蔵,B1,0.00,4,,3.5861,11.3,65,33.9,0.1755,3.6855,,,0,低,163,0,-,145 25,0,24.9,0.7126,0,0,0.0312,0,0,0.0429,0.2071,0.0571,,,D,,,0.1069,0.64,,0.6443,A,75,0,◎-○軸 3着3〜4艇流し（10〜15点）,0.5777,"{'is_target': True, 'verdict': '点数絞り', 'max_combo_prob': 0.1163, 'est_top_odds': 11.5, 'circle_concentration': 76.9, 'eligible_count': 8, 'bet_adj': 0, 'reason': 'rel_win1=57.8%（本命度） / 最有力組み合わせ確率: 0.116（推定実オッズ?12倍） / 2着集中度: 上位2艇 76.9%（補正+0.04） / 総合判定確率: 0.156 / → ヒモはやや固め。上位2艇以外を切ること', 'tenji_trigger': '展示確認: 1号艇伸び良→そのまま採用。悪→飛び組に差し替え。circle_pct上位2艇に絞り込むこと。\n展示で1号艇スタート超安定(0.131秒)→ヒモ固まり方向に注意'}",,,27.4,逃げ狙い,20.26,24.5,2,,,,,,,,,,,
2025-09-16,丸亀,9,5,伊藤誠二,B1,0.00,5,△,3.3919,7.8,59,42.3,0.1325,2.6154,,,0,低,64,0,-,3 241,0,91.4,1.6633,0,0,0.0455,0.0455,0,0.2033,0.0133,0.18,,,D,○,,0.285,0.6735,,0.6443,A,75,0,◎-○軸 3着3〜4艇流し（10〜15点）,0.5777,"{'is_target': True, 'verdict': '点数絞り', 'max_combo_prob': 0.1163, 'est_top_odds': 11.5, 'circle_concentration': 76.9, 'eligible_count': 8, 'bet_adj': 0, 'reason': 'rel_win1=57.8%（本命度） / 最有力組み合わせ確率: 0.116（推定実オッズ?12倍） / 2着集中度: 上位2艇 76.9%（補正+0.04） / 総合判定確率: 0.156 / → ヒモはやや固め。上位2艇以外を切ること', 'tenji_trigger': '展示確認: 1号艇伸び良→そのまま採用。悪→飛び組に差し替え。circle_pct上位2艇に絞り込むこと。\n展示で1号艇スタート超安定(0.131秒)→ヒモ固まり方向に注意'}",,,27.4,逃げ狙い,20.26,24.5,2,,,,,,,,,,,
2025-09-16,丸亀,9,6,島川海輝,A2,33.33,6,○,4.5384,4,32,20,0.1785,4.0875,,,0,低,76,0,-,652 25,0,25.4,0.7258,0,0.0435,0,0,0,0.0296,0.1296,0.1593,,,A,△,,0.13,0.663,,0.6443,A,75,0,◎-○軸 3着3〜4艇流し（10〜15点）,0.5777,"{'is_target': True, 'verdict': '点数絞り', 'max_combo_prob': 0.1163, 'est_top_odds': 11.5, 'circle_concentration': 76.9, 'eligible_count': 8, 'bet_adj': 0, 'reason': 'rel_win1=57.8%（本命度） / 最有力組み合わせ確率: 0.116（推定実オッズ?12倍） / 2着集中度: 上位2艇 76.9%（補正+0.04） / 総合判定確率: 0.156 / → ヒモはやや固め。上位2艇以外を切ること', 'tenji_trigger': '展示確認: 1号艇伸び良→そのまま採用。悪→飛び組に差し替え。circle_pct上位2艇に絞り込むこと。\n展示で1号艇スタート超安定(0.131秒)→ヒモ固まり方向に注意'}",,,27.4,逃げ狙い,20.26,24.5,2,,,,,,,,,,,
2025-09-16,丸亀,10,1,木谷賢太,A2,40.00,1,◎,57.8024,,0,90,0.1334,2.6357,,,0,低,107,0,逃1%,131 24,0,75,1.0737,0.7429,,,,,0.0343,0.0114,0.1957,◎,,B,○,,,0.663,,0.5409,S,83,0,◎1着固定 2-3着流し（5〜8点）,0.5777,"{'is_target': True, 'verdict': '参加推奨', 'max_combo_prob': 0.0934, 'est_top_odds': 14.3, 'circle_concentration': 62.9, 'eligible_count': 6, 'bet_adj': 2, 'reason': 'rel_win1=57.8%（本命度） / 最有力組み合わせ確率: 0.093（推定実オッズ?14倍） / 2着集中度: 上位2艇 62.9%（補正+0.00） / 総合判定確率: 0.093 / → ヒモ分散。1号艇1着固定で広めのヒモ流し推奨（買い目+2点）', 'tenji_trigger': '展示確認: ヒモ分散レース。1号艇伸び確認後、広めのヒモ流しを採用。穴ヒモ（5・6号艇）を積極的に含める。\n展示で1号艇スタート超安定(0.133秒)→ヒモ固まり方向に注意'}",,,28.6,逃げ狙い,23.41,25.1,4,,,,,0,0,0.7559,0,,逃げ軸流し,A
2025-09-16,丸亀,10,2,三浦永理,A1,28.57,2,,10.1931,40.7,91,68,0.162,3.6,,,0,低,43,0,差0%,425 21,0,51.1,1.0807,0,0.1333,0,0,0,0.0167,0.05,0.1867,,,C,◎,,0.0805,0.678,,0.5409,S,83,0,◎1着固定 2-3着流し（5〜8点）,0.5777,"{'is_target': True, 'verdict': '参加推奨', 'max_combo_prob': 0.0934, 'est_top_odds': 14.3, 'circle_concentration': 62.9, 'eligible_count': 6, 'bet_adj': 2, 'reason': 'rel_win1=57.8%（本命度） / 最有力組み合わせ確率: 0.093（推定実オッズ?14倍） / 2着集中度: 上位2艇 62.9%（補正+0.00） / 総合判定確率: 0.093 / → ヒモ分散。1号艇1着固定で広めのヒモ流し推奨（買い目+2点）', 'tenji_trigger': '展示確認: ヒモ分散レース。1号艇伸び確認後、広めのヒモ流しを採用。穴ヒモ（5・6号艇）を積極的に含める。\n展示で1号艇スタート超安定(0.133秒)→ヒモ固まり方向に注意'}",,,28.6,逃げ狙い,23.41,25.1,4,,,,,,,,,,,
2025-09-16,丸亀,10,3,中井俊祐,B1,0.00,3,,7.432,18.9,64,50.8,0.1795,3.7881,,,0,低,130,0,-,5 311,0,27.6,0.7862,,,,,,0.1333,0.3167,0.2,,,E,,,0.1345,0.6095,,0.5409,S,83,0,◎1着固定 2-3着流し（5〜8点）,0.5777,"{'is_target': True, 'verdict': '参加推奨', 'max_combo_prob': 0.0934, 'est_top_odds': 14.3, 'circle_concentration': 62.9, 'eligible_count': 6, 'bet_adj': 2, 'reason': 'rel_win1=57.8%（本命度） / 最有力組み合わせ確率: 0.093（推定実オッズ?14倍） / 2着集中度: 上位2艇 62.9%（補正+0.00） / 総合判定確率: 0.093 / → ヒモ分散。1号艇1着固定で広めのヒモ流し推奨（買い目+2点）', 'tenji_trigger': '展示確認: ヒモ分散レース。1号艇伸び確認後、広めのヒモ流しを採用。穴ヒモ（5・6号艇）を積極的に含める。\n展示で1号艇スタート超安定(0.133秒)→ヒモ固まり方向に注意'}",,,28.6,逃げ狙い,23.41,25.1,4,,,,,,,,,,,
2025-09-16,丸亀,10,4,中　亮太,A2,55.56,4,○,14.3903,22.2,42,50,0.11,2.2361,,,0,低,35,0,差0% ま0% 差ま0%,35135,0,65.7,1.2926,0,0.0526,0.1579,0.0526,0,0.0833,0.0833,0.125,,◎,A,△,◎,0.4073,0.656,0.4526,0.5409,S,83,0,◎1着固定 2-3着流し（5〜8点）,0.5777,"{'is_target': True, 'verdict': '参加推奨', 'max_combo_prob': 0.0934, 'est_top_odds': 14.3, 'circle_concentration': 62.9, 'eligible_count': 6, 'bet_adj': 2, 'reason': 'rel_win1=57.8%（本命度） / 最有力組み合わせ確率: 0.093（推定実オッズ?14倍） / 2着集中度: 上位2艇 62.9%（補正+0.00） / 総合判定確率: 0.093 / → ヒモ分散。1号艇1着固定で広めのヒモ流し推奨（買い目+2点）', 'tenji_trigger': '展示確認: ヒモ分散レース。1号艇伸び確認後、広めのヒモ流しを採用。穴ヒモ（5・6号艇）を積極的に含める。\n展示で1号艇スタート超安定(0.133秒)→ヒモ固まり方向に注意'}",,,28.6,逃げ狙い,23.41,25.1,4,,,,,,,,,,,
2025-09-16,丸亀,10,5,大須賀友,A1,0.00,5,△,8.1036,15.4,100,56.2,0.1579,3.4167,,,0,低,116,0,-,135641,0,95.4,1.8098,0,0,0.0435,0,0.0435,0.0516,0.1258,0.0129,,,E,,○,0.2056,0.599,0.1998,0.5409,S,83,0,◎1着固定 2-3着流し（5〜8点）,0.5777,"{'is_target': True, 'verdict': '参加推奨', 'max_combo_prob': 0.0934, 'est_top_odds': 14.3, 'circle_concentration': 62.9, 'eligible_count': 6, 'bet_adj': 2, 'reason': 'rel_win1=57.8%（本命度） / 最有力組み合わせ確率: 0.093（推定実オッズ?14倍） / 2着集中度: 上位2艇 62.9%（補正+0.00） / 総合判定確率: 0.093 / → ヒモ分散。1号艇1着固定で広めのヒモ流し推奨（買い目+2点）', 'tenji_trigger': '展示確認: ヒモ分散レース。1号艇伸び確認後、広めのヒモ流しを採用。穴ヒモ（5・6号艇）を積極的に含める。\n展示で1号艇スタート超安定(0.133秒)→ヒモ固まり方向に注意'}",,,28.6,逃げ狙い,23.41,25.1,4,,,,,,,,,,,
2025-09-16,丸亀,10,6,青木幸太,A2,42.86,6,▲,2.0786,2.8,46,24.6,0.1682,3.7615,,,0,低,86,0,-,2 2S32,0,27.8,0.4528,0,0,0.0312,0.0312,0,0.0882,0.0588,0.1176,,,B,△,,0.1743,0.615,,0.5409,S,83,0,◎1着固定 2-3着流し（5〜8点）,0.5777,"{'is_target': True, 'verdict': '参加推奨', 'max_combo_prob': 0.0934, 'est_top_odds': 14.3, 'circle_concentration': 62.9, 'eligible_count': 6, 'bet_adj': 2, 'reason': 'rel_win1=57.8%（本命度） / 最有力組み合わせ確率: 0.093（推定実オッズ?14倍） / 2着集中度: 上位2艇 62.9%（補正+0.00） / 総合判定確率: 0.093 / → ヒモ分散。1号艇1着固定で広めのヒモ流し推奨（買い目+2点）', 'tenji_trigger': '展示確認: ヒモ分散レース。1号艇伸び確認後、広めのヒモ流しを採用。穴ヒモ（5・6号艇）を積極的に含める。\n展示で1号艇スタート超安定(0.133秒)→ヒモ固まり方向に注意'}",,,28.6,逃げ狙い,23.41,25.1,4,,,,,,,,,,,
2025-09-16,丸亀,11,1,平尾崇典,A1,66.67,1,◎,67.2784,,0,92,0.1577,3.4667,,,0,低,104,0,逃1%,111 14,0,78.5,1.0246,0.6667,,,,,0.0278,0.0833,0.1389,◎,,A,,,,0.6045,,0.475,S,88,0,◎1着固定 2-3着流し（5〜8点）,0.5777,"{'is_target': True, 'verdict': '点数絞り', 'max_combo_prob': 0.0955, 'est_top_odds': 14.0, 'circle_concentration': 71.2, 'eligible_count': 6, 'bet_adj': 0, 'reason': 'rel_win1=67.3%（本命度） / 最有力組み合わせ確率: 0.096（推定実オッズ?14倍） / 2着集中度: 上位2艇 71.2%（補正+0.04） / 総合判定確率: 0.136 / → ヒモはやや固め。上位2艇以外を切ること', 'tenji_trigger': '展示確認: 1号艇伸び良→そのまま採用。悪→飛び組に差し替え。circle_pct上位2艇に絞り込むこと。'}",,,27.6,逃げ狙い,17.97,27,3,,,,,0,0,0.7559,0,,逃げ軸流し,A
2025-09-16,丸亀,11,2,原田佑実,B1,25.00,2,,11.7228,29.4,79,62.5,0.1769,3.2188,,,0,低,29,0,-,2 351,0,24.3,0.7895,0,0.1111,0,0,0,0,0,0.25,,,D,○,,0.1372,0.6345,,0.475,S,88,0,◎1着固定 2-3着流し（5〜8点）,0.5777,"{'is_target': True, 'verdict': '点数絞り', 'max_combo_prob': 0.0955, 'est_top_odds': 14.0, 'circle_concentration': 71.2, 'eligible_count': 6, 'bet_adj': 0, 'reason': 'rel_win1=67.3%（本命度） / 最有力組み合わせ確率: 0.096（推定実オッズ?14倍） / 2着集中度: 上位2艇 71.2%（補正+0.04） / 総合判定確率: 0.136 / → ヒモはやや固め。上位2艇以外を切ること', 'tenji_trigger': '展示確認: 1号艇伸び良→そのまま採用。悪→飛び組に差し替え。circle_pct上位2艇に絞り込むこと。'}",,,27.6,逃げ狙い,17.97,27,3,,,,,,,,,,,
2025-09-16,丸亀,11,3,井上一輝,A1,14.29,3,○,11.3418,41.7,57,69.6,0.1272,2.6159,,,0,低,55,0,-,26313,0,55,0.8887,0,0,0.1,0.0667,0.0667,0.025,0.025,0.025,,◎,E,◎,,0.4624,0.691,,0.475,S,88,0,◎1着固定 2-3着流し（5〜8点）,0.5777,"{'is_target': True, 'verdict': '点数絞り', 'max_combo_prob': 0.0955, 'est_top_odds': 14.0, 'circle_concentration': 71.2, 'eligible_count': 6, 'bet_adj': 0, 'reason': 'rel_win1=67.3%（本命度） / 最有力組み合わせ確率: 0.096（推定実オッズ?14倍） / 2着集中度: 上位2艇 71.2%（補正+0.04） / 総合判定確率: 0.136 / → ヒモはやや固め。上位2艇以外を切ること', 'tenji_trigger': '展示確認: 1号艇伸び良→そのまま採用。悪→飛び組に差し替え。circle_pct上位2艇に絞り込むこと。'}",,,27.6,逃げ狙い,17.97,27,3,,,,,,,,,,,
2025-09-16,丸亀,11,4,喜多須杏,B1,50.00,4,△,3.399,11.9,100,41.4,0.1876,4.1034,,,0,低,60,0,-,3 235,0,85.6,1.5287,,,,,,0,0.1429,0.1429,,,A,△,,0.2074,0.62,,0.475,S,88,0,◎1着固定 2-3着流し（5〜8点）,0.5777,"{'is_target': True, 'verdict': '点数絞り', 'max_combo_prob': 0.0955, 'est_top_odds': 14.0, 'circle_concentration': 71.2, 'eligible_count': 6, 'bet_adj': 0, 'reason': 'rel_win1=67.3%（本命度） / 最有力組み合わせ確率: 0.096（推定実オッズ?14倍） / 2着集中度: 上位2艇 71.2%（補正+0.04） / 総合判定確率: 0.136 / → ヒモはやや固め。上位2艇以外を切ること', 'tenji_trigger': '展示確認: 1号艇伸び良→そのまま採用。悪→飛び組に差し替え。circle_pct上位2艇に絞り込むこと。'}",,,27.6,逃げ狙い,17.97,27,3,,,,,,,,,,,
2025-09-16,丸亀,11,5,田路朋史,A1,14.29,5,,3.5707,11.9,71,37.5,0.1462,2.9792,,,0,低,140,0,-,4 3432,0,32.7,1.0514,,,,,,0.1312,0.1312,0.1675,,,E,,,0.3591,0.6175,,0.475,S,88,0,◎1着固定 2-3着流し（5〜8点）,0.5777,"{'is_target': True, 'verdict': '点数絞り', 'max_combo_prob': 0.0955, 'est_top_odds': 14.0, 'circle_concentration': 71.2, 'eligible_count': 6, 'bet_adj': 0, 'reason': 'rel_win1=67.3%（本命度） / 最有力組み合わせ確率: 0.096（推定実オッズ?14倍） / 2着集中度: 上位2艇 71.2%（補正+0.04） / 総合判定確率: 0.136 / → ヒモはやや固め。上位2艇以外を切ること', 'tenji_trigger': '展示確認: 1号艇伸び良→そのまま採用。悪→飛び組に差し替え。circle_pct上位2艇に絞り込むこと。'}",,,27.6,逃げ狙い,17.97,27,3,,,,,,,,,,,
2025-09-16,丸亀,11,6,北川太一,A2,28.57,6,▲,2.6873,5,44,33.9,0.1597,3.8871,,,0,低,110,0,差ま0% 抜0%,222 36,0,72.3,1.3719,0,0,0,0.0345,0.0345,0,0.1563,0.242,,,C,△,,0.2851,0.6235,,0.475,S,88,0,◎1着固定 2-3着流し（5〜8点）,0.5777,"{'is_target': True, 'verdict': '点数絞り', 'max_combo_prob': 0.0955, 'est_top_odds': 14.0, 'circle_concentration': 71.2, 'eligible_count': 6, 'bet_adj': 0, 'reason': 'rel_win1=67.3%（本命度） / 最有力組み合わせ確率: 0.096（推定実オッズ?14倍） / 2着集中度: 上位2艇 71.2%（補正+0.04） / 総合判定確率: 0.136 / → ヒモはやや固め。上位2艇以外を切ること', 'tenji_trigger': '展示確認: 1号艇伸び良→そのまま採用。悪→飛び組に差し替え。circle_pct上位2艇に絞り込むこと。'}",,,27.6,逃げ狙い,17.97,27,3,,,,,,,,,,,
2025-09-16,丸亀,12,1,内堀　学,A1,0.00,1,◎,57.2263,,0,80.2,0.1725,3.9753,,,0,低,152,0,逃1%,2 4313,0,74.3,1.0366,0.4872,,,,,0.0718,0.3015,0.041,△,,C,△,,,0.603,,0.2872,A,73,0,◎-○軸 3着3〜4艇流し（10〜15点）,0.5777,"{'is_target': True, 'verdict': '点数絞り', 'max_combo_prob': 0.0871, 'est_top_odds': 15.3, 'circle_concentration': 70.2, 'eligible_count': 8, 'bet_adj': 0, 'reason': 'rel_win1=57.2%（本命度） / 最有力組み合わせ確率: 0.087（推定実オッズ?15倍） / 2着集中度: 上位2艇 70.2%（補正+0.04） / 総合判定確率: 0.127 / → ヒモはやや固め。上位2艇以外を切ること', 'tenji_trigger': '展示確認: 1号艇伸び良→そのまま採用。悪→飛び組に差し替え。circle_pct上位2艇に絞り込むこと。'}",,,29.1,逃げ狙い,17.16,32,3,3-1-4|1-3-4|1-2-4|1-2-3|1-3-2|1-4-3,6-1-2|5-1-2|6-2-1|6-1-4|5-2-1|5-1-6|3-1-4|1-3-4|1-2-4|1-2-3|1-3-2|1-4-3,3-1-4:1.87%|1-3-4:8.66%|1-2-4:7.27%|1-2-3:6.61%|1-3-2:6.41%|1-4-3:5.64%,3-1-4:B_main|1-3-4:A|1-2-4:A|1-2-3:A|1-3-2:A|1-4-3:A,6,12,0.4535,1,[!]見送り推奨（主役決まり手「まくり差し」― 逃げ劣勢レースで的中実績なし）,荒れ広め,D
2025-09-16,丸亀,12,2,齊藤　優,A2,0.00,2,△,13.41,30.3,87,53.6,0.1668,3.5362,,,0,低,103,0,差0%,464 15,0,50.1,1.0616,0,0.129,0.0323,0,0,0.0923,0.3923,0.0462,,△,C,○,,0.3948,0.6325,,0.2872,A,73,0,◎-○軸 3着3〜4艇流し（10〜15点）,0.5777,"{'is_target': True, 'verdict': '点数絞り', 'max_combo_prob': 0.0871, 'est_top_odds': 15.3, 'circle_concentration': 70.2, 'eligible_count': 8, 'bet_adj': 0, 'reason': 'rel_win1=57.2%（本命度） / 最有力組み合わせ確率: 0.087（推定実オッズ?15倍） / 2着集中度: 上位2艇 70.2%（補正+0.04） / 総合判定確率: 0.127 / → ヒモはやや固め。上位2艇以外を切ること', 'tenji_trigger': '展示確認: 1号艇伸び良→そのまま採用。悪→飛び組に差し替え。circle_pct上位2艇に絞り込むこと。'}",,,29.1,逃げ狙い,17.16,32,3,,,,,,,,,,,
2025-09-16,丸亀,12,3,市川哲也,A2,0.00,3,▲,12.9858,39.9,99,70,0.1314,2.61,,,0,低,55,0,-,1 353,0,88.3,1.7038,0,0.04,0.04,0.16,0,0.0256,0.0769,0.1026,,◎,C,◎,,0.5193,0.665,,0.2872,A,73,0,◎-○軸 3着3〜4艇流し（10〜15点）,0.5777,"{'is_target': True, 'verdict': '点数絞り', 'max_combo_prob': 0.0871, 'est_top_odds': 15.3, 'circle_concentration': 70.2, 'eligible_count': 8, 'bet_adj': 0, 'reason': 'rel_win1=57.2%（本命度） / 最有力組み合わせ確率: 0.087（推定実オッズ?15倍） / 2着集中度: 上位2艇 70.2%（補正+0.04） / 総合判定確率: 0.127 / → ヒモはやや固め。上位2艇以外を切ること', 'tenji_trigger': '展示確認: 1号艇伸び良→そのまま採用。悪→飛び組に差し替え。circle_pct上位2艇に絞り込むこと。'}",,,29.1,逃げ狙い,17.16,32,3,,,,,,,,,,,
2025-09-16,丸亀,12,4,伊久間陽,B1,0.00,4,○,11.1278,19.7,100,53.2,0.1285,2.7234,,,0,低,57,0,差0% ま0% 差ま0% 抜0%,6 551,0,63.4,1.1947,0,0.04,0.04,0.04,0.04,0.0706,0.1906,0.0235,,○,C,△,◎,0.502,0.6015,0.4295,0.2872,A,73,0,◎-○軸 3着3〜4艇流し（10〜15点）,0.5777,"{'is_target': True, 'verdict': '点数絞り', 'max_combo_prob': 0.0871, 'est_top_odds': 15.3, 'circle_concentration': 70.2, 'eligible_count': 8, 'bet_adj': 0, 'reason': 'rel_win1=57.2%（本命度） / 最有力組み合わせ確率: 0.087（推定実オッズ?15倍） / 2着集中度: 上位2艇 70.2%（補正+0.04） / 総合判定確率: 0.127 / → ヒモはやや固め。上位2艇以外を切ること', 'tenji_trigger': '展示確認: 1号艇伸び良→そのまま採用。悪→飛び組に差し替え。circle_pct上位2艇に絞り込むこと。'}",,,29.1,逃げ狙い,17.16,32,3,,,,,,,,,,,
2025-09-16,丸亀,12,5,胡本悟志,B1,0.00,5,,4.1665,7.3,54,28.3,0.1706,3.1604,,,0,低,123,0,-,4 563,0,46.3,0.9274,0,0,0,0.0385,0,0.4067,0.08,0.0267,,,C,,,0.3339,0.5535,,0.2872,A,73,0,◎-○軸 3着3〜4艇流し（10〜15点）,0.5777,"{'is_target': True, 'verdict': '点数絞り', 'max_combo_prob': 0.0871, 'est_top_odds': 15.3, 'circle_concentration': 70.2, 'eligible_count': 8, 'bet_adj': 0, 'reason': 'rel_win1=57.2%（本命度） / 最有力組み合わせ確率: 0.087（推定実オッズ?15倍） / 2着集中度: 上位2艇 70.2%（補正+0.04） / 総合判定確率: 0.127 / → ヒモはやや固め。上位2艇以外を切ること', 'tenji_trigger': '展示確認: 1号艇伸び良→そのまま採用。悪→飛び組に差し替え。circle_pct上位2艇に絞り込むこと。'}",,,29.1,逃げ狙い,17.16,32,3,,,,,,,,,,,
2025-09-16,丸亀,12,6,上瀧絢也,B1,0.00,6,,1.0836,2.8,21,6.2,0.1663,3.5729,,,0,低,78,0,-,353 44,0,28.7,0.5972,,,,,,0.0923,0.2423,0,,,C,,,0.3787,0.595,,0.2872,A,73,0,◎-○軸 3着3〜4艇流し（10〜15点）,0.5777,"{'is_target': True, 'verdict': '点数絞り', 'max_combo_prob': 0.0871, 'est_top_odds': 15.3, 'circle_concentration': 70.2, 'eligible_count': 8, 'bet_adj': 0, 'reason': 'rel_win1=57.2%（本命度） / 最有力組み合わせ確率: 0.087（推定実オッズ?15倍） / 2着集中度: 上位2艇 70.2%（補正+0.04） / 総合判定確率: 0.127 / → ヒモはやや固め。上位2艇以外を切ること', 'tenji_trigger': '展示確認: 1号艇伸び良→そのまま採用。悪→飛び組に差し替え。circle_pct上位2艇に絞り込むこと。'}",,,29.1,逃げ狙い,17.16,32,3,,,,,,,,,,,
2025-09-17,丸亀,1,1,伊藤誠二,B1,0.00,1,◎,64.5176,,0,89.2,0.1328,2.473,,,0,低,64,0,逃0%,3 241,0,100,1.9821,0.5333,,,,,0.2033,0.0133,0.18,◎,,E,◎,,,0.6735,,0.6047,S,83,0,◎1着固定 2-3着流し（5〜8点）,0.5777,"{'is_target': True, 'verdict': '点数絞り', 'max_combo_prob': 0.1101, 'est_top_odds': 12.1, 'circle_concentration': 81.4, 'eligible_count': 6, 'bet_adj': 0, 'reason': 'rel_win1=64.5%（本命度） / 最有力組み合わせ確率: 0.110（推定実オッズ?12倍） / 2着集中度: 上位2艇 81.4%（補正+0.04） / 総合判定確率: 0.150 / → ヒモはやや固め。上位2艇以外を切ること', 'tenji_trigger': '展示確認: 1号艇伸び良→そのまま採用。悪→飛び組に差し替え。circle_pct上位2艇に絞り込むこと。\n展示で1号艇スタート超安定(0.133秒)→ヒモ固まり方向に注意'}",,,27,逃げ狙い,12.45,30.1,3,,,,,0,0,0.7559,0,,逃げ軸流し,A
2025-09-17,丸亀,1,2,冨名腰桃,B1,33.33,2,▲,8.1381,36,74,28,0.2236,4.14,,,0,低,54,0,-,652 66,0,64.1,1.5841,,,,,,0.3333,0,0.3333,,,B,,,0.108,0.4145,,0.6047,S,83,0,◎1着固定 2-3着流し（5〜8点）,0.5777,"{'is_target': True, 'verdict': '点数絞り', 'max_combo_prob': 0.1101, 'est_top_odds': 12.1, 'circle_concentration': 81.4, 'eligible_count': 6, 'bet_adj': 0, 'reason': 'rel_win1=64.5%（本命度） / 最有力組み合わせ確率: 0.110（推定実オッズ?12倍） / 2着集中度: 上位2艇 81.4%（補正+0.04） / 総合判定確率: 0.150 / → ヒモはやや固め。上位2艇以外を切ること', 'tenji_trigger': '展示確認: 1号艇伸び良→そのまま採用。悪→飛び組に差し替え。circle_pct上位2艇に絞り込むこと。\n展示で1号艇スタート超安定(0.133秒)→ヒモ固まり方向に注意'}",,,27,逃げ狙い,12.45,30.1,3,,,,,,,,,,,
2025-09-17,丸亀,1,3,萬　正嗣,B1,42.86,3,○,15.6964,45.4,81,68.3,0.1437,2.8171,,,0,低,84,0,ま0%,656 35,0,56.9,1.3798,0,0,0.0769,0,0,0.2667,0.2333,0.1333,,,A,△,,0.2497,0.599,,0.6047,S,83,0,◎1着固定 2-3着流し（5〜8点）,0.5777,"{'is_target': True, 'verdict': '点数絞り', 'max_combo_prob': 0.1101, 'est_top_odds': 12.1, 'circle_concentration': 81.4, 'eligible_count': 6, 'bet_adj': 0, 'reason': 'rel_win1=64.5%（本命度） / 最有力組み合わせ確率: 0.110（推定実オッズ?12倍） / 2着集中度: 上位2艇 81.4%（補正+0.04） / 総合判定確率: 0.150 / → ヒモはやや固め。上位2艇以外を切ること', 'tenji_trigger': '展示確認: 1号艇伸び良→そのまま採用。悪→飛び組に差し替え。circle_pct上位2艇に絞り込むこと。\n展示で1号艇スタート超安定(0.133秒)→ヒモ固まり方向に注意'}",,,27,逃げ狙い,12.45,30.1,3,,,,,,,,,,,
2025-09-17,丸亀,1,4,花田和明,B1,0.00,4,,5.2953,10.8,100,40.5,0.1883,3.7857,,,0,低,71,0,-,545 36,0,25.2,0.7934,,,,,,0.0222,0,0.2611,,,E,○,,0.1394,0.6025,,0.6047,S,83,0,◎1着固定 2-3着流し（5〜8点）,0.5777,"{'is_target': True, 'verdict': '点数絞り', 'max_combo_prob': 0.1101, 'est_top_odds': 12.1, 'circle_concentration': 81.4, 'eligible_count': 6, 'bet_adj': 0, 'reason': 'rel_win1=64.5%（本命度） / 最有力組み合わせ確率: 0.110（推定実オッズ?12倍） / 2着集中度: 上位2艇 81.4%（補正+0.04） / 総合判定確率: 0.150 / → ヒモはやや固め。上位2艇以外を切ること', 'tenji_trigger': '展示確認: 1号艇伸び良→そのまま採用。悪→飛び組に差し替え。circle_pct上位2艇に絞り込むこと。\n展示で1号艇スタート超安定(0.133秒)→ヒモ固まり方向に注意'}",,,27,逃げ狙い,12.45,30.1,3,,,,,,,,,,,
2025-09-17,丸亀,1,5,原村拓也,B1,28.57,5,△,4.5305,3.3,70,30.9,0.1841,3.8382,,,0,低,159,0,-,2 345,0,48.2,1.091,,,,,,0.3114,0.1257,0.02,,,C,△,,0.1488,0.5855,,0.6047,S,83,0,◎1着固定 2-3着流し（5〜8点）,0.5777,"{'is_target': True, 'verdict': '点数絞り', 'max_combo_prob': 0.1101, 'est_top_odds': 12.1, 'circle_concentration': 81.4, 'eligible_count': 6, 'bet_adj': 0, 'reason': 'rel_win1=64.5%（本命度） / 最有力組み合わせ確率: 0.110（推定実オッズ?12倍） / 2着集中度: 上位2艇 81.4%（補正+0.04） / 総合判定確率: 0.150 / → ヒモはやや固め。上位2艇以外を切ること', 'tenji_trigger': '展示確認: 1号艇伸び良→そのまま採用。悪→飛び組に差し替え。circle_pct上位2艇に絞り込むこと。\n展示で1号艇スタート超安定(0.133秒)→ヒモ固まり方向に注意'}",,,27,逃げ狙い,12.45,30.1,3,,,,,,,,,,,
2025-09-17,丸亀,1,6,鈴木唯央,B1,28.57,6,,1.8221,4.5,22,12.6,0.1761,4.0168,,,0,低,86,0,-,456 56,0,42.5,1.0567,,,,,,0,1,0,,,C,,,0.1742,0.5285,,0.6047,S,83,0,◎1着固定 2-3着流し（5〜8点）,0.5777,"{'is_target': True, 'verdict': '点数絞り', 'max_combo_prob': 0.1101, 'est_top_odds': 12.1, 'circle_concentration': 81.4, 'eligible_count': 6, 'bet_adj': 0, 'reason': 'rel_win1=64.5%（本命度） / 最有力組み合わせ確率: 0.110（推定実オッズ?12倍） / 2着集中度: 上位2艇 81.4%（補正+0.04） / 総合判定確率: 0.150 / → ヒモはやや固め。上位2艇以外を切ること', 'tenji_trigger': '展示確認: 1号艇伸び良→そのまま採用。悪→飛び組に差し替え。circle_pct上位2艇に絞り込むこと。\n展示で1号艇スタート超安定(0.133秒)→ヒモ固まり方向に注意'}",,,27,逃げ狙い,12.45,30.1,3,,,,,,,,,,,
2025-09-17,丸亀,2,1,上瀧絢也,B1,0.00,1,◎,46.2776,,0,80,0.1573,3.25,,,0,低,78,0,逃0%,353 44,0,71.9,1.1346,0.3846,,,,,0.0923,0.2423,0,△,,E,,,,0.595,,0.3119,A,62,0,◎-○軸 3着3〜4艇流し（10〜15点）,0.5777,"{'is_target': True, 'verdict': '参加推奨', 'max_combo_prob': 0.0666, 'est_top_odds': 20.0, 'circle_concentration': 71.6, 'eligible_count': 8, 'bet_adj': 2, 'reason': 'rel_win1=46.3%（本命度） / 最有力組み合わせ確率: 0.067（推定実オッズ?20倍） / 2着集中度: 上位2艇 71.6%（補正+0.04） / 総合判定確率: 0.107 / → ヒモ分散。1号艇1着固定で広めのヒモ流し推奨（買い目+2点）', 'tenji_trigger': '展示確認: ヒモ分散レース。1号艇伸び確認後、広めのヒモ流しを採用。穴ヒモ（5・6号艇）を積極的に含める。'}",,,28.4,両建て推奨,15.07,31.7,2,2-1-4|2-1-3|1-2-4|1-2-3|1-3-4|1-3-2|1-4-2,4-5-6|2-1-4|2-1-3|3-5-4|3-4-5|3-4-6|4-5-1|1-2-4|1-2-3|1-3-4|1-3-2|1-4-2,2-1-4:2.24%|2-1-3:2.23%|1-2-4:8.62%|1-2-3:7.2%|1-3-4:4.91%|1-3-2:4.74%|1-4-2:3.34%,2-1-4:B_main|2-1-3:B_main|1-2-4:A|1-2-3:A|1-3-4:A|1-3-2:A|1-4-2:A,7,12,0.4535,1,[!]見送り推奨（主役決まり手「差し」― 逃げ劣勢レースで的中実績なし）,荒れ広め,D
2025-09-17,丸亀,2,2,中　亮太,A2,55.56,2,○,22.4974,49.8,60,68.6,0.1191,2.6857,,,0,低,35,0,差0% ま0%,35135,0,51.1,1.2153,0,0.1765,0.0588,0,0,0.0833,0.0833,0.125,,◎,A,△,,0.5877,0.656,,0.3119,A,62,0,◎-○軸 3着3〜4艇流し（10〜15点）,0.5777,"{'is_target': True, 'verdict': '参加推奨', 'max_combo_prob': 0.0666, 'est_top_odds': 20.0, 'circle_concentration': 71.6, 'eligible_count': 8, 'bet_adj': 2, 'reason': 'rel_win1=46.3%（本命度） / 最有力組み合わせ確率: 0.067（推定実オッズ?20倍） / 2着集中度: 上位2艇 71.6%（補正+0.04） / 総合判定確率: 0.107 / → ヒモ分散。1号艇1着固定で広めのヒモ流し推奨（買い目+2点）', 'tenji_trigger': '展示確認: ヒモ分散レース。1号艇伸び確認後、広めのヒモ流しを採用。穴ヒモ（5・6号艇）を積極的に含める。'}",,,28.4,両建て推奨,15.07,31.7,2,,,,,,,,,,,
2025-09-17,丸亀,2,3,伊久間陽,B1,0.00,3,▲,12.8132,21.8,78,42.2,0.134,2.5778,,,0,低,57,0,ま0%,6 551,0,39.7,0.945,0,0,0.0833,0,0,0.0706,0.1906,0.0235,,○,E,,,0.4073,0.6015,,0.3119,A,62,0,◎-○軸 3着3〜4艇流し（10〜15点）,0.5777,"{'is_target': True, 'verdict': '参加推奨', 'max_combo_prob': 0.0666, 'est_top_odds': 20.0, 'circle_concentration': 71.6, 'eligible_count': 8, 'bet_adj': 2, 'reason': 'rel_win1=46.3%（本命度） / 最有力組み合わせ確率: 0.067（推定実オッズ?20倍） / 2着集中度: 上位2艇 71.6%（補正+0.04） / 総合判定確率: 0.107 / → ヒモ分散。1号艇1着固定で広めのヒモ流し推奨（買い目+2点）', 'tenji_trigger': '展示確認: ヒモ分散レース。1号艇伸び確認後、広めのヒモ流しを採用。穴ヒモ（5・6号艇）を積極的に含める。'}",,,28.4,両建て推奨,15.07,31.7,2,,,,,,,,,,,
2025-09-17,丸亀,2,4,原田佑実,B1,25.00,4,,11.8043,12.7,100,47.1,0.1606,2.9118,,,0,低,29,0,-,2 351,0,100,2.7147,0,0,0,0.2,0,0,0,0.25,,,C,△,,0.3114,0.6345,,0.3119,A,62,0,◎-○軸 3着3〜4艇流し（10〜15点）,0.5777,"{'is_target': True, 'verdict': '参加推奨', 'max_combo_prob': 0.0666, 'est_top_odds': 20.0, 'circle_concentration': 71.6, 'eligible_count': 8, 'bet_adj': 2, 'reason': 'rel_win1=46.3%（本命度） / 最有力組み合わせ確率: 0.067（推定実オッズ?20倍） / 2着集中度: 上位2艇 71.6%（補正+0.04） / 総合判定確率: 0.107 / → ヒモ分散。1号艇1着固定で広めのヒモ流し推奨（買い目+2点）', 'tenji_trigger': '展示確認: ヒモ分散レース。1号艇伸び確認後、広めのヒモ流しを採用。穴ヒモ（5・6号艇）を積極的に含める。'}",,,28.4,両建て推奨,15.07,31.7,2,,,,,,,,,,,
2025-09-17,丸亀,2,5,佐々木和,A2,0.00,5,,5.2895,11.9,81,46.4,0.1673,4.0625,,,0,低,141,0,-,1 132,0,36.3,0.9421,,,,,,0.041,0.1815,0.1815,,,E,○,,0.2767,0.657,,0.3119,A,62,0,◎-○軸 3着3〜4艇流し（10〜15点）,0.5777,"{'is_target': True, 'verdict': '参加推奨', 'max_combo_prob': 0.0666, 'est_top_odds': 20.0, 'circle_concentration': 71.6, 'eligible_count': 8, 'bet_adj': 2, 'reason': 'rel_win1=46.3%（本命度） / 最有力組み合わせ確率: 0.067（推定実オッズ?20倍） / 2着集中度: 上位2艇 71.6%（補正+0.04） / 総合判定確率: 0.107 / → ヒモ分散。1号艇1着固定で広めのヒモ流し推奨（買い目+2点）', 'tenji_trigger': '展示確認: ヒモ分散レース。1号艇伸び確認後、広めのヒモ流しを採用。穴ヒモ（5・6号艇）を積極的に含める。'}",,,28.4,両建て推奨,15.07,31.7,2,,,,,,,,,,,
2025-09-17,丸亀,2,6,木谷賢太,A2,40.00,6,△,1.3181,3.8,87,41.5,0.1823,4.7736,,,0,低,107,0,-,131 24,0,28.7,1.0683,,,,,,0.0343,0.0114,0.1957,,,A,◎,,0.2304,0.663,,0.3119,A,62,0,◎-○軸 3着3〜4艇流し（10〜15点）,0.5777,"{'is_target': True, 'verdict': '参加推奨', 'max_combo_prob': 0.0666, 'est_top_odds': 20.0, 'circle_concentration': 71.6, 'eligible_count': 8, 'bet_adj': 2, 'reason': 'rel_win1=46.3%（本命度） / 最有力組み合わせ確率: 0.067（推定実オッズ?20倍） / 2着集中度: 上位2艇 71.6%（補正+0.04） / 総合判定確率: 0.107 / → ヒモ分散。1号艇1着固定で広めのヒモ流し推奨（買い目+2点）', 'tenji_trigger': '展示確認: ヒモ分散レース。1号艇伸び確認後、広めのヒモ流しを採用。穴ヒモ（5・6号艇）を積極的に含める。'}",,,28.4,両建て推奨,15.07,31.7,2,,,,,,,,,,,
2025-09-17,丸亀,3,1,芝田浩治,A2,14.29,1,◎,52.0088,,0,87,0.1592,3.1234,,,0,低,121,0,逃0%,26112,0,68.8,1.099,0.4815,,,,,0.0296,0.0593,0.2185,◎,,C,○,,,0.6585,,0.4913,A,79,0,◎-○軸 3着3〜4艇流し（10〜15点）,0.5777,"{'is_target': True, 'verdict': '参加推奨', 'max_combo_prob': 0.0627, 'est_top_odds': 21.3, 'circle_concentration': 70.2, 'eligible_count': 8, 'bet_adj': 2, 'reason': 'rel_win1=52.0%（本命度） / 最有力組み合わせ確率: 0.063（推定実オッズ?21倍） / 2着集中度: 上位2艇 70.2%（補正+0.04） / 総合判定確率: 0.103 / → ヒモ分散。1号艇1着固定で広めのヒモ流し推奨（買い目+2点）', 'tenji_trigger': '展示確認: ヒモ分散レース。1号艇伸び確認後、広めのヒモ流しを採用。穴ヒモ（5・6号艇）を積極的に含める。'}",,,28.6,逃げ狙い,20.65,27.6,4,,,,,0,0,0.7559,0,,逃げ軸流し,A
2025-09-17,丸亀,3,2,田邉亮蔵,B1,0.00,2,△,12.1511,35.7,75,53.8,0.1777,3.5692,,,0,低,163,0,-,145 25,0,70.9,1.5716,0,0.0606,0.1212,0,0.0303,0.0429,0.2071,0.0571,,,D,△,,0.1398,0.64,,0.4913,A,79,0,◎-○軸 3着3〜4艇流し（10〜15点）,0.5777,"{'is_target': True, 'verdict': '参加推奨', 'max_combo_prob': 0.0627, 'est_top_odds': 21.3, 'circle_concentration': 70.2, 'eligible_count': 8, 'bet_adj': 2, 'reason': 'rel_win1=52.0%（本命度） / 最有力組み合わせ確率: 0.063（推定実オッズ?21倍） / 2着集中度: 上位2艇 70.2%（補正+0.04） / 総合判定確率: 0.103 / → ヒモ分散。1号艇1着固定で広めのヒモ流し推奨（買い目+2点）', 'tenji_trigger': '展示確認: ヒモ分散レース。1号艇伸び確認後、広めのヒモ流しを採用。穴ヒモ（5・6号艇）を積極的に含める。'}",,,28.6,逃げ狙い,20.65,27.6,4,,,,,,,,,,,
2025-09-17,丸亀,3,3,松田憲幸,B1,0.00,3,,9.898,20.8,75,44.8,0.1814,4.319,,,0,低,153,0,-,641 64,0,38.2,1.1673,0,0,0.0952,0,0,0.1538,0.2308,0.1538,,,D,,,0.193,0.5835,,0.4913,A,79,0,◎-○軸 3着3〜4艇流し（10〜15点）,0.5777,"{'is_target': True, 'verdict': '参加推奨', 'max_combo_prob': 0.0627, 'est_top_odds': 21.3, 'circle_concentration': 70.2, 'eligible_count': 8, 'bet_adj': 2, 'reason': 'rel_win1=52.0%（本命度） / 最有力組み合わせ確率: 0.063（推定実オッズ?21倍） / 2着集中度: 上位2艇 70.2%（補正+0.04） / 総合判定確率: 0.103 / → ヒモ分散。1号艇1着固定で広めのヒモ流し推奨（買い目+2点）', 'tenji_trigger': '展示確認: ヒモ分散レース。1号艇伸び確認後、広めのヒモ流しを採用。穴ヒモ（5・6号艇）を積極的に含める。'}",,,28.6,逃げ狙い,20.65,27.6,4,,,,,,,,,,,
2025-09-17,丸亀,3,4,北川太一,A2,28.57,4,○,9.5952,34.5,70,61.3,0.1461,2.9194,,,0,低,110,0,-,222 36,0,33.9,0.9104,0,0,0,0,0.0455,0,0.1563,0.242,,,A,△,○,0.3716,0.6235,0.2886,0.4913,A,79,0,◎-○軸 3着3〜4艇流し（10〜15点）,0.5777,"{'is_target': True, 'verdict': '参加推奨', 'max_combo_prob': 0.0627, 'est_top_odds': 21.3, 'circle_concentration': 70.2, 'eligible_count': 8, 'bet_adj': 2, 'reason': 'rel_win1=52.0%（本命度） / 最有力組み合わせ確率: 0.063（推定実オッズ?21倍） / 2着集中度: 上位2艇 70.2%（補正+0.04） / 総合判定確率: 0.103 / → ヒモ分散。1号艇1着固定で広めのヒモ流し推奨（買い目+2点）', 'tenji_trigger': '展示確認: ヒモ分散レース。1号艇伸び確認後、広めのヒモ流しを採用。穴ヒモ（5・6号艇）を積極的に含める。'}",,,28.6,逃げ狙い,20.65,27.6,4,,,,,,,,,,,
2025-09-17,丸亀,3,5,三浦永理,A1,28.57,5,▲,15.4246,8.6,100,68,0.1404,3.36,,,0,低,43,0,差ま0% 抜0%,425 21,0,100,2.1674,0,0,0,0.1875,0.0625,0.0167,0.05,0.1867,,,A,◎,◎,0.3856,0.678,0.4243,0.4913,A,79,0,◎-○軸 3着3〜4艇流し（10〜15点）,0.5777,"{'is_target': True, 'verdict': '参加推奨', 'max_combo_prob': 0.0627, 'est_top_odds': 21.3, 'circle_concentration': 70.2, 'eligible_count': 8, 'bet_adj': 2, 'reason': 'rel_win1=52.0%（本命度） / 最有力組み合わせ確率: 0.063（推定実オッズ?21倍） / 2着集中度: 上位2艇 70.2%（補正+0.04） / 総合判定確率: 0.103 / → ヒモ分散。1号艇1着固定で広めのヒモ流し推奨（買い目+2点）', 'tenji_trigger': '展示確認: ヒモ分散レース。1号艇伸び確認後、広めのヒモ流しを採用。穴ヒモ（5・6号艇）を積極的に含める。'}",,,28.6,逃げ狙い,20.65,27.6,4,,,,,,,,,,,
2025-09-17,丸亀,3,6,小川日紀,B1,0.00,6,,0.9224,0.4,51,18.4,0.1614,3.5306,,,0,低,96,0,-,5 651,0,28.3,0.84,,,,,,0.1905,0.2857,0.0952,,,D,,,0.311,0.601,,0.4913,A,79,0,◎-○軸 3着3〜4艇流し（10〜15点）,0.5777,"{'is_target': True, 'verdict': '参加推奨', 'max_combo_prob': 0.0627, 'est_top_odds': 21.3, 'circle_concentration': 70.2, 'eligible_count': 8, 'bet_adj': 2, 'reason': 'rel_win1=52.0%（本命度） / 最有力組み合わせ確率: 0.063（推定実オッズ?21倍） / 2着集中度: 上位2艇 70.2%（補正+0.04） / 総合判定確率: 0.103 / → ヒモ分散。1号艇1着固定で広めのヒモ流し推奨（買い目+2点）', 'tenji_trigger': '展示確認: ヒモ分散レース。1号艇伸び確認後、広めのヒモ流しを採用。穴ヒモ（5・6号艇）を積極的に含める。'}",,,28.6,逃げ狙い,20.65,27.6,4,,,,,,,,,,,
2025-09-17,丸亀,4,1,齊藤　優,A2,0.00,1,◎,48.4402,,0,74,0.1748,3.83,,,0,低,103,0,逃1%,464 15,0,50.6,0.8056,0.4231,,,,,0.0923,0.3923,0.0462,△,,D,○,,,0.6325,,0.2899,A,66,0,◎-○軸 3着3〜4艇流し（10〜15点）,0.5777,"{'is_target': True, 'verdict': '参加推奨', 'max_combo_prob': 0.0561, 'est_top_odds': 23.8, 'circle_concentration': 63.4, 'eligible_count': 8, 'bet_adj': 2, 'reason': 'rel_win1=48.4%（本命度） / 最有力組み合わせ確率: 0.056（推定実オッズ?24倍） / 2着集中度: 上位2艇 63.4%（補正+0.00） / 総合判定確率: 0.056 / → ヒモ分散。1号艇1着固定で広めのヒモ流し推奨（買い目+2点）', 'tenji_trigger': '展示確認: ヒモ分散レース。1号艇伸び確認後、広めのヒモ流しを採用。穴ヒモ（5・6号艇）を積極的に含める。'}",,,29.9,逃げ狙い,16.76,34.7,4,4-5-6|4-5-1|1-3-4|1-2-4|1-4-3|1-2-3|1-3-5,2-1-3|3-1-5|4-5-6|3-5-1|2-1-5|4-5-1|3-2-5|1-3-4|1-2-4|1-4-3|1-2-3|1-3-5,4-5-6:1.85%|4-5-1:1.4%|1-3-4:7.79%|1-2-4:6.81%|1-4-3:5.33%|1-2-3:5.06%|1-3-5:5.03%,4-5-6:B_main|4-5-1:B_main|1-3-4:A|1-2-4:A|1-4-3:A|1-2-3:A|1-3-5:A,7,12,0.4535,1,[!]見送り推奨（主役決まり手「まくり」― 逃げ劣勢レースで的中実績なし）,荒れ広め,D
2025-09-17,丸亀,4,2,金田大輔,B1,0.00,2,△,13.4435,31.9,42,40,0.1847,3.7417,,,0,低,99,0,-,461 56,0,59.5,1.2588,0,0.0667,0.0333,0,0.0333,0.2,0.1,0.1,,,D,,,0.2277,0.587,,0.2899,A,66,0,◎-○軸 3着3〜4艇流し（10〜15点）,0.5777,"{'is_target': True, 'verdict': '参加推奨', 'max_combo_prob': 0.0561, 'est_top_odds': 23.8, 'circle_concentration': 63.4, 'eligible_count': 8, 'bet_adj': 2, 'reason': 'rel_win1=48.4%（本命度） / 最有力組み合わせ確率: 0.056（推定実オッズ?24倍） / 2着集中度: 上位2艇 63.4%（補正+0.00） / 総合判定確率: 0.056 / → ヒモ分散。1号艇1着固定で広めのヒモ流し推奨（買い目+2点）', 'tenji_trigger': '展示確認: ヒモ分散レース。1号艇伸び確認後、広めのヒモ流しを採用。穴ヒモ（5・6号艇）を積極的に含める。'}",,,29.9,逃げ狙い,16.76,34.7,4,,,,,,,,,,,
2025-09-17,丸亀,4,3,喜多須杏,B1,50.00,3,○,11.414,31.5,95,52.9,0.1565,3.1912,,,0,低,60,0,-,3 235,0,63.8,1.3531,,,,,,0,0.1429,0.1429,,○,A,△,,0.4448,0.62,,0.2899,A,66,0,◎-○軸 3着3〜4艇流し（10〜15点）,0.5777,"{'is_target': True, 'verdict': '参加推奨', 'max_combo_prob': 0.0561, 'est_top_odds': 23.8, 'circle_concentration': 63.4, 'eligible_count': 8, 'bet_adj': 2, 'reason': 'rel_win1=48.4%（本命度） / 最有力組み合わせ確率: 0.056（推定実オッズ?24倍） / 2着集中度: 上位2艇 63.4%（補正+0.00） / 総合判定確率: 0.056 / → ヒモ分散。1号艇1着固定で広めのヒモ流し推奨（買い目+2点）', 'tenji_trigger': '展示確認: ヒモ分散レース。1号艇伸び確認後、広めのヒモ流しを採用。穴ヒモ（5・6号艇）を積極的に含める。'}",,,29.9,逃げ狙い,16.76,34.7,4,,,,,,,,,,,
2025-09-17,丸亀,4,4,田路朋史,A1,14.29,4,▲,18.7605,25.6,100,68.2,0.1403,2.3968,,,0,低,140,0,差0% ま0%,4 3432,0,92.5,1.703,0,0.0357,0.0714,0,0,0.1312,0.1312,0.1675,,◎,C,△,◎,0.4842,0.6175,0.448,0.2899,A,66,0,◎-○軸 3着3〜4艇流し（10〜15点）,0.5777,"{'is_target': True, 'verdict': '参加推奨', 'max_combo_prob': 0.0561, 'est_top_odds': 23.8, 'circle_concentration': 63.4, 'eligible_count': 8, 'bet_adj': 2, 'reason': 'rel_win1=48.4%（本命度） / 最有力組み合わせ確率: 0.056（推定実オッズ?24倍） / 2着集中度: 上位2艇 63.4%（補正+0.00） / 総合判定確率: 0.056 / → ヒモ分散。1号艇1着固定で広めのヒモ流し推奨（買い目+2点）', 'tenji_trigger': '展示確認: ヒモ分散レース。1号艇伸び確認後、広めのヒモ流しを採用。穴ヒモ（5・6号艇）を積極的に含める。'}",,,29.9,逃げ狙い,16.76,34.7,4,,,,,,,,,,,
2025-09-17,丸亀,4,5,西原明生,B1,0.00,5,,4.6936,6,76,35.8,0.1886,3.9877,,,0,低,192,0,-,162 24,0,52.3,1.0493,0,0,0.0286,0,0,0.2571,0.2571,0.2762,,,D,◎,,0.2967,0.641,,0.2899,A,66,0,◎-○軸 3着3〜4艇流し（10〜15点）,0.5777,"{'is_target': True, 'verdict': '参加推奨', 'max_combo_prob': 0.0561, 'est_top_odds': 23.8, 'circle_concentration': 63.4, 'eligible_count': 8, 'bet_adj': 2, 'reason': 'rel_win1=48.4%（本命度） / 最有力組み合わせ確率: 0.056（推定実オッズ?24倍） / 2着集中度: 上位2艇 63.4%（補正+0.00） / 総合判定確率: 0.056 / → ヒモ分散。1号艇1着固定で広めのヒモ流し推奨（買い目+2点）', 'tenji_trigger': '展示確認: ヒモ分散レース。1号艇伸び確認後、広めのヒモ流しを採用。穴ヒモ（5・6号艇）を積極的に含める。'}",,,29.9,逃げ狙い,16.76,34.7,4,,,,,,,,,,,
2025-09-17,丸亀,4,6,柳内敬太,A2,14.29,6,,3.2482,5,54,30.6,0.1782,4.1528,,,0,低,138,0,-,312 24,0,28.1,0.4508,0,0,0,0.0303,0,0.0705,0.0211,0.0421,,,C,,,0.3297,0.6035,,0.2899,A,66,0,◎-○軸 3着3〜4艇流し（10〜15点）,0.5777,"{'is_target': True, 'verdict': '参加推奨', 'max_combo_prob': 0.0561, 'est_top_odds': 23.8, 'circle_concentration': 63.4, 'eligible_count': 8, 'bet_adj': 2, 'reason': 'rel_win1=48.4%（本命度） / 最有力組み合わせ確率: 0.056（推定実オッズ?24倍） / 2着集中度: 上位2艇 63.4%（補正+0.00） / 総合判定確率: 0.056 / → ヒモ分散。1号艇1着固定で広めのヒモ流し推奨（買い目+2点）', 'tenji_trigger': '展示確認: ヒモ分散レース。1号艇伸び確認後、広めのヒモ流しを採用。穴ヒモ（5・6号艇）を積極的に含める。'}",,,29.9,逃げ狙い,16.76,34.7,4,,,,,,,,,,,
2025-09-17,丸亀,5,1,宮崎　奨,A2,14.29,1,◎,52.7754,,0,95,0.1571,2.8625,,,0,低,134,0,逃1%,3 441,0,82.3,1.0032,0.5429,,,,,0.0343,0.1571,0.2686,◎,,D,○,,,0.658,,0.507,S,82,0,◎1着固定 2-3着流し（5〜8点）,0.5777,"{'is_target': True, 'verdict': '点数絞り', 'max_combo_prob': 0.0841, 'est_top_odds': 15.9, 'circle_concentration': 75.0, 'eligible_count': 6, 'bet_adj': 0, 'reason': 'rel_win1=52.8%（本命度） / 最有力組み合わせ確率: 0.084（推定実オッズ?16倍） / 2着集中度: 上位2艇 75.0%（補正+0.04） / 総合判定確率: 0.124 / → ヒモはやや固め。上位2艇以外を切ること', 'tenji_trigger': '展示確認: 1号艇伸び良→そのまま採用。悪→飛び組に差し替え。circle_pct上位2艇に絞り込むこと。'}",,,29,逃げ狙い,18.57,30.4,4,,,,,0,0,0.7559,0,,逃げ軸流し,A
2025-09-17,丸亀,5,2,板倉敦史,B1,50.00,2,▲,7.1378,28.9,100,43.3,0.1697,3.8806,,,0,低,163,0,-,5 546,0,27.8,0.7483,,,,,,0.28,0.32,0.04,,,A,,,0.2067,0.557,,0.507,S,82,0,◎1着固定 2-3着流し（5〜8点）,0.5777,"{'is_target': True, 'verdict': '点数絞り', 'max_combo_prob': 0.0841, 'est_top_odds': 15.9, 'circle_concentration': 75.0, 'eligible_count': 6, 'bet_adj': 0, 'reason': 'rel_win1=52.8%（本命度） / 最有力組み合わせ確率: 0.084（推定実オッズ?16倍） / 2着集中度: 上位2艇 75.0%（補正+0.04） / 総合判定確率: 0.124 / → ヒモはやや固め。上位2艇以外を切ること', 'tenji_trigger': '展示確認: 1号艇伸び良→そのまま採用。悪→飛び組に差し替え。circle_pct上位2艇に絞り込むこと。'}",,,29,逃げ狙い,18.57,30.4,4,,,,,,,,,,,
2025-09-17,丸亀,5,3,井上一輝,A1,14.29,3,△,13.6239,46,87,69.6,0.1272,2.6159,,,0,低,55,0,-,26313,0,38.5,0.9346,0,0,0.1,0.0667,0.0667,0.025,0.025,0.025,,◎,D,◎,,0.466,0.691,,0.507,S,82,0,◎1着固定 2-3着流し（5〜8点）,0.5777,"{'is_target': True, 'verdict': '点数絞り', 'max_combo_prob': 0.0841, 'est_top_odds': 15.9, 'circle_concentration': 75.0, 'eligible_count': 6, 'bet_adj': 0, 'reason': 'rel_win1=52.8%（本命度） / 最有力組み合わせ確率: 0.084（推定実オッズ?16倍） / 2着集中度: 上位2艇 75.0%（補正+0.04） / 総合判定確率: 0.124 / → ヒモはやや固め。上位2艇以外を切ること', 'tenji_trigger': '展示確認: 1号艇伸び良→そのまま採用。悪→飛び組に差し替え。circle_pct上位2艇に絞り込むこと。'}",,,29,逃げ狙い,18.57,30.4,4,,,,,,,,,,,
2025-09-17,丸亀,5,4,中井俊祐,B1,0.00,4,,17.6455,8,80,49.2,0.1592,2.8279,,,0,低,130,0,差ま0%,5 311,0,46.1,0.92,0,0,0.0345,0.1034,0,0.1333,0.3167,0.2,,,E,△,◎,0.3142,0.6095,0.2959,0.507,S,82,0,◎1着固定 2-3着流し（5〜8点）,0.5777,"{'is_target': True, 'verdict': '点数絞り', 'max_combo_prob': 0.0841, 'est_top_odds': 15.9, 'circle_concentration': 75.0, 'eligible_count': 6, 'bet_adj': 0, 'reason': 'rel_win1=52.8%（本命度） / 最有力組み合わせ確率: 0.084（推定実オッズ?16倍） / 2着集中度: 上位2艇 75.0%（補正+0.04） / 総合判定確率: 0.124 / → ヒモはやや固め。上位2艇以外を切ること', 'tenji_trigger': '展示確認: 1号艇伸び良→そのまま採用。悪→飛び組に差し替え。circle_pct上位2艇に絞り込むこと。'}",,,29,逃げ狙い,18.57,30.4,4,,,,,,,,,,,
2025-09-17,丸亀,5,5,占部一真,B1,0.00,5,,5.2708,9.9,41,22.2,0.1669,3.3472,,,0,低,119,0,-,6 446,0,23.7,0.6826,0,0,0.0303,0,0,0.1333,0.2,0.2667,,,E,,,0.2739,0.595,,0.507,S,82,0,◎1着固定 2-3着流し（5〜8点）,0.5777,"{'is_target': True, 'verdict': '点数絞り', 'max_combo_prob': 0.0841, 'est_top_odds': 15.9, 'circle_concentration': 75.0, 'eligible_count': 6, 'bet_adj': 0, 'reason': 'rel_win1=52.8%（本命度） / 最有力組み合わせ確率: 0.084（推定実オッズ?16倍） / 2着集中度: 上位2艇 75.0%（補正+0.04） / 総合判定確率: 0.124 / → ヒモはやや固め。上位2艇以外を切ること', 'tenji_trigger': '展示確認: 1号艇伸び良→そのまま採用。悪→飛び組に差し替え。circle_pct上位2艇に絞り込むこと。'}",,,29,逃げ狙い,18.57,30.4,4,,,,,,,,,,,
2025-09-17,丸亀,5,6,藤原菜希,A2,40.00,6,○,3.5466,7.1,68,42.9,0.149,3,,,0,低,33,0,-,2 423,0,26.2,0.7025,0,0,0,0.1,0,0.1429,0.1429,0.0714,,,A,△,,0.3491,0.6005,,0.507,S,82,0,◎1着固定 2-3着流し（5〜8点）,0.5777,"{'is_target': True, 'verdict': '点数絞り', 'max_combo_prob': 0.0841, 'est_top_odds': 15.9, 'circle_concentration': 75.0, 'eligible_count': 6, 'bet_adj': 0, 'reason': 'rel_win1=52.8%（本命度） / 最有力組み合わせ確率: 0.084（推定実オッズ?16倍） / 2着集中度: 上位2艇 75.0%（補正+0.04） / 総合判定確率: 0.124 / → ヒモはやや固め。上位2艇以外を切ること', 'tenji_trigger': '展示確認: 1号艇伸び良→そのまま採用。悪→飛び組に差し替え。circle_pct上位2艇に絞り込むこと。'}",,,29,逃げ狙い,18.57,30.4,4,,,,,,,,,,,
2025-09-17,丸亀,6,1,末永祐輝,A1,0.00,1,◎,56.9104,,0,92,0.1516,2.5,,,0,低,113,0,逃1%,141541,0,72.7,0.9906,0.6512,,,,,0.0465,0.1039,0.1132,◎,,C,○,,,0.653,,0.5324,S,85,0,◎1着固定 2-3着流し（5〜8点）,0.5777,"{'is_target': True, 'verdict': '参加推奨', 'max_combo_prob': 0.055, 'est_top_odds': 24.2, 'circle_concentration': 59.9, 'eligible_count': 6, 'bet_adj': 2, 'reason': 'rel_win1=56.9%（本命度） / 最有力組み合わせ確率: 0.055（推定実オッズ?24倍） / 2着集中度: 上位2艇 59.9%（補正+0.00） / 総合判定確率: 0.055 / → ヒモ分散。1号艇1着固定で広めのヒモ流し推奨（買い目+2点）', 'tenji_trigger': '展示確認: ヒモ分散レース。1号艇伸び確認後、広めのヒモ流しを採用。穴ヒモ（5・6号艇）を積極的に含める。'}",,,27.6,逃げ狙い,17.26,27.7,4,,,,,0,0,0.7559,0,,逃げ軸流し,A
2025-09-17,丸亀,6,2,花田和明,B1,0.00,2,△,7.9441,30.4,100,43.9,0.1611,3.3509,,,0,低,71,0,-,545 36,0,87.6,0.7453,,,,,,0.0222,0,0.2611,,,C,△,,0.2395,0.6025,,0.5324,S,85,0,◎1着固定 2-3着流し（5〜8点）,0.5777,"{'is_target': True, 'verdict': '参加推奨', 'max_combo_prob': 0.055, 'est_top_odds': 24.2, 'circle_concentration': 59.9, 'eligible_count': 6, 'bet_adj': 2, 'reason': 'rel_win1=56.9%（本命度） / 最有力組み合わせ確率: 0.055（推定実オッズ?24倍） / 2着集中度: 上位2艇 59.9%（補正+0.00） / 総合判定確率: 0.055 / → ヒモ分散。1号艇1着固定で広めのヒモ流し推奨（買い目+2点）', 'tenji_trigger': '展示確認: ヒモ分散レース。1号艇伸び確認後、広めのヒモ流しを採用。穴ヒモ（5・6号艇）を積極的に含める。'}",,,27.6,逃げ狙い,17.26,27.7,4,,,,,,,,,,,
2025-09-17,丸亀,6,3,吉原聖人,B1,0.00,3,,10.4637,17,61,32.8,0.185,3.7069,,,0,低,129,0,差ま0%,342 56,0,74.5,1.5819,0,0,0.1,0.05,0,0.2533,0.0667,0.3733,,,C,,,0.1433,0.5965,,0.5324,S,85,0,◎1着固定 2-3着流し（5〜8点）,0.5777,"{'is_target': True, 'verdict': '参加推奨', 'max_combo_prob': 0.055, 'est_top_odds': 24.2, 'circle_concentration': 59.9, 'eligible_count': 6, 'bet_adj': 2, 'reason': 'rel_win1=56.9%（本命度） / 最有力組み合わせ確率: 0.055（推定実オッズ?24倍） / 2着集中度: 上位2艇 59.9%（補正+0.00） / 総合判定確率: 0.055 / → ヒモ分散。1号艇1着固定で広めのヒモ流し推奨（買い目+2点）', 'tenji_trigger': '展示確認: ヒモ分散レース。1号艇伸び確認後、広めのヒモ流しを採用。穴ヒモ（5・6号艇）を積極的に含める。'}",,,27.6,逃げ狙い,17.26,27.7,4,,,,,,,,,,,
2025-09-17,丸亀,6,4,青木幸太,A2,42.86,4,○,13.5826,29.6,64,60,0.1213,2.325,,,0,低,86,0,ま0% 差ま0%,2 2S32,0,77.9,1.397,0,0,0.1,0.0333,0,0.0882,0.0588,0.1176,,◎,A,△,◎,0.4356,0.615,0.3811,0.5324,S,85,0,◎1着固定 2-3着流し（5〜8点）,0.5777,"{'is_target': True, 'verdict': '参加推奨', 'max_combo_prob': 0.055, 'est_top_odds': 24.2, 'circle_concentration': 59.9, 'eligible_count': 6, 'bet_adj': 2, 'reason': 'rel_win1=56.9%（本命度） / 最有力組み合わせ確率: 0.055（推定実オッズ?24倍） / 2着集中度: 上位2艇 59.9%（補正+0.00） / 総合判定確率: 0.055 / → ヒモ分散。1号艇1着固定で広めのヒモ流し推奨（買い目+2点）', 'tenji_trigger': '展示確認: ヒモ分散レース。1号艇伸び確認後、広めのヒモ流しを採用。穴ヒモ（5・6号艇）を積極的に含める。'}",,,27.6,逃げ狙い,17.26,27.7,4,,,,,,,,,,,
2025-09-17,丸亀,6,5,渡邉真奈,B2,0.00,5,▲,9.83,18.4,72,48,0.1268,2.36,,,0,低,39,0,差0% ま0% 差ま0%,336 44,0,32.1,1.5193,0,0.0769,0.0769,0.0769,0,0.0571,0.3143,0.3143,,,C,,,0.3964,0.5765,,0.5324,S,85,0,◎1着固定 2-3着流し（5〜8点）,0.5777,"{'is_target': True, 'verdict': '参加推奨', 'max_combo_prob': 0.055, 'est_top_odds': 24.2, 'circle_concentration': 59.9, 'eligible_count': 6, 'bet_adj': 2, 'reason': 'rel_win1=56.9%（本命度） / 最有力組み合わせ確率: 0.055（推定実オッズ?24倍） / 2着集中度: 上位2艇 59.9%（補正+0.00） / 総合判定確率: 0.055 / → ヒモ分散。1号艇1着固定で広めのヒモ流し推奨（買い目+2点）', 'tenji_trigger': '展示確認: ヒモ分散レース。1号艇伸び確認後、広めのヒモ流しを採用。穴ヒモ（5・6号艇）を積極的に含める。'}",,,27.6,逃げ狙い,17.26,27.7,4,,,,,,,,,,,
2025-09-17,丸亀,6,6,市川哲也,A2,0.00,6,,1.2692,4.7,73,33.3,0.1725,4.0208,,,0,低,55,0,-,1 353,0,48.6,1.0589,,,,,,0.0256,0.0769,0.1026,,,C,◎,,0.2602,0.665,,0.5324,S,85,0,◎1着固定 2-3着流し（5〜8点）,0.5777,"{'is_target': True, 'verdict': '参加推奨', 'max_combo_prob': 0.055, 'est_top_odds': 24.2, 'circle_concentration': 59.9, 'eligible_count': 6, 'bet_adj': 2, 'reason': 'rel_win1=56.9%（本命度） / 最有力組み合わせ確率: 0.055（推定実オッズ?24倍） / 2着集中度: 上位2艇 59.9%（補正+0.00） / 総合判定確率: 0.055 / → ヒモ分散。1号艇1着固定で広めのヒモ流し推奨（買い目+2点）', 'tenji_trigger': '展示確認: ヒモ分散レース。1号艇伸び確認後、広めのヒモ流しを採用。穴ヒモ（5・6号艇）を積極的に含める。'}",,,27.6,逃げ狙い,17.26,27.7,4,,,,,,,,,,,
2025-09-17,丸亀,7,1,大須賀友,A1,0.00,1,◎,56.2494,,0,93.9,0.1391,2.9329,,,0,低,116,0,逃1%,135641,0,89.6,1.1726,0.7419,,,,,0.0516,0.1258,0.0129,◎,,D,△,,,0.599,,0.5576,S,87,0,◎1着固定 2-3着流し（5〜8点）,0.5777,"{'is_target': True, 'verdict': '参加推奨', 'max_combo_prob': 0.0566, 'est_top_odds': 23.6, 'circle_concentration': 65.7, 'eligible_count': 6, 'bet_adj': 2, 'reason': 'rel_win1=56.2%（本命度） / 最有力組み合わせ確率: 0.057（推定実オッズ?24倍） / 2着集中度: 上位2艇 65.7%（補正+0.00） / 総合判定確率: 0.057 / → ヒモ分散。1号艇1着固定で広めのヒモ流し推奨（買い目+2点）', 'tenji_trigger': '展示確認: ヒモ分散レース。1号艇伸び確認後、広めのヒモ流しを採用。穴ヒモ（5・6号艇）を積極的に含める。\n展示で1号艇スタート超安定(0.139秒)→ヒモ固まり方向に注意'}",,,29,逃げ狙い,23.08,26.7,4,,,,,0,0,0.7559,0,,逃げ軸流し,A
2025-09-17,丸亀,7,2,胡本悟志,B1,0.00,2,,7.2751,36.9,100,54.4,0.1609,3.1316,,,0,低,123,0,-,4 563,0,87.3,1.575,0,0.0385,0.0385,0,0,0.4067,0.08,0.0267,,,D,,,0.0896,0.5535,,0.5576,S,87,0,◎1着固定 2-3着流し（5〜8点）,0.5777,"{'is_target': True, 'verdict': '参加推奨', 'max_combo_prob': 0.0566, 'est_top_odds': 23.6, 'circle_concentration': 65.7, 'eligible_count': 6, 'bet_adj': 2, 'reason': 'rel_win1=56.2%（本命度） / 最有力組み合わせ確率: 0.057（推定実オッズ?24倍） / 2着集中度: 上位2艇 65.7%（補正+0.00） / 総合判定確率: 0.057 / → ヒモ分散。1号艇1着固定で広めのヒモ流し推奨（買い目+2点）', 'tenji_trigger': '展示確認: ヒモ分散レース。1号艇伸び確認後、広めのヒモ流しを採用。穴ヒモ（5・6号艇）を積極的に含める。\n展示で1号艇スタート超安定(0.139秒)→ヒモ固まり方向に注意'}",,,29,逃げ狙い,23.08,26.7,4,,,,,,,,,,,
2025-09-17,丸亀,7,3,上瀧絢也,B1,0.00,3,△,6.2066,15.4,80,33.3,0.151,3.4359,,,0,低,78,0,差ま0%,353 44,0,55.8,0.6631,0,0,0,0.0667,0,0.0923,0.2423,0,,,D,,,0.2332,0.595,,0.5576,S,87,0,◎1着固定 2-3着流し（5〜8点）,0.5777,"{'is_target': True, 'verdict': '参加推奨', 'max_combo_prob': 0.0566, 'est_top_odds': 23.6, 'circle_concentration': 65.7, 'eligible_count': 6, 'bet_adj': 2, 'reason': 'rel_win1=56.2%（本命度） / 最有力組み合わせ確率: 0.057（推定実オッズ?24倍） / 2着集中度: 上位2艇 65.7%（補正+0.00） / 総合判定確率: 0.057 / → ヒモ分散。1号艇1着固定で広めのヒモ流し推奨（買い目+2点）', 'tenji_trigger': '展示確認: ヒモ分散レース。1号艇伸び確認後、広めのヒモ流しを採用。穴ヒモ（5・6号艇）を積極的に含める。\n展示で1号艇スタート超安定(0.139秒)→ヒモ固まり方向に注意'}",,,29,逃げ狙い,23.08,26.7,4,,,,,,,,,,,
2025-09-17,丸亀,7,4,益田啓司,A2,0.00,4,○,19.0004,28.8,75,67.2,0.1342,2.5075,,,0,低,80,0,-,3 3623,0,75.4,1.3883,0,0.0385,0.2308,0.0385,0,0.131,0.0129,0,,,D,◎,◎,0.3589,0.6665,0.3453,0.5576,S,87,0,◎1着固定 2-3着流し（5〜8点）,0.5777,"{'is_target': True, 'verdict': '参加推奨', 'max_combo_prob': 0.0566, 'est_top_odds': 23.6, 'circle_concentration': 65.7, 'eligible_count': 6, 'bet_adj': 2, 'reason': 'rel_win1=56.2%（本命度） / 最有力組み合わせ確率: 0.057（推定実オッズ?24倍） / 2着集中度: 上位2艇 65.7%（補正+0.00） / 総合判定確率: 0.057 / → ヒモ分散。1号艇1着固定で広めのヒモ流し推奨（買い目+2点）', 'tenji_trigger': '展示確認: ヒモ分散レース。1号艇伸び確認後、広めのヒモ流しを採用。穴ヒモ（5・6号艇）を積極的に含める。\n展示で1号艇スタート超安定(0.139秒)→ヒモ固まり方向に注意'}",,,29,逃げ狙い,23.08,26.7,4,,,,,,,,,,,
2025-09-17,丸亀,7,5,落合直子,B1,0.00,5,▲,3.8259,9.7,69,35.5,0.1248,2.4355,,,0,低,40,0,-,416 65,0,35.7,0.7671,,,,,,0.025,0,0.225,,,D,○,,0.3521,0.6465,,0.5576,S,87,0,◎1着固定 2-3着流し（5〜8点）,0.5777,"{'is_target': True, 'verdict': '参加推奨', 'max_combo_prob': 0.0566, 'est_top_odds': 23.6, 'circle_concentration': 65.7, 'eligible_count': 6, 'bet_adj': 2, 'reason': 'rel_win1=56.2%（本命度） / 最有力組み合わせ確率: 0.057（推定実オッズ?24倍） / 2着集中度: 上位2艇 65.7%（補正+0.00） / 総合判定確率: 0.057 / → ヒモ分散。1号艇1着固定で広めのヒモ流し推奨（買い目+2点）', 'tenji_trigger': '展示確認: ヒモ分散レース。1号艇伸び確認後、広めのヒモ流しを採用。穴ヒモ（5・6号艇）を積極的に含める。\n展示で1号艇スタート超安定(0.139秒)→ヒモ固まり方向に注意'}",,,29,逃げ狙い,23.08,26.7,4,,,,,,,,,,,
2025-09-17,丸亀,7,6,平尾崇典,A1,66.67,6,,7.4426,9.2,84,80.7,0.1571,3.4355,,,0,低,104,0,ま1%,111 14,0,30.4,1.1542,0,0,0.3333,0,0.0833,0.0278,0.0833,0.1389,,,A,△,○,0.3194,0.6045,0.2193,0.5576,S,87,0,◎1着固定 2-3着流し（5〜8点）,0.5777,"{'is_target': True, 'verdict': '参加推奨', 'max_combo_prob': 0.0566, 'est_top_odds': 23.6, 'circle_concentration': 65.7, 'eligible_count': 6, 'bet_adj': 2, 'reason': 'rel_win1=56.2%（本命度） / 最有力組み合わせ確率: 0.057（推定実オッズ?24倍） / 2着集中度: 上位2艇 65.7%（補正+0.00） / 総合判定確率: 0.057 / → ヒモ分散。1号艇1着固定で広めのヒモ流し推奨（買い目+2点）', 'tenji_trigger': '展示確認: ヒモ分散レース。1号艇伸び確認後、広めのヒモ流しを採用。穴ヒモ（5・6号艇）を積極的に含める。\n展示で1号艇スタート超安定(0.139秒)→ヒモ固まり方向に注意'}",,,29,逃げ狙い,23.08,26.7,4,,,,,,,,,,,
2025-09-17,丸亀,8,1,小野達哉,A1,0.00,1,◎,65.1004,,0,92.9,0.1504,2.9192,,,0,低,87,0,逃1%,121 42,0,83.6,1.0253,0.8095,,,,,0.0095,0.0286,0.0286,◎,,E,◎,,,0.6745,,0.6016,S,88,0,◎1着固定 2-3着流し（5〜8点）,0.5777,"{'is_target': True, 'verdict': '点数絞り', 'max_combo_prob': 0.1229, 'est_top_odds': 10.8, 'circle_concentration': 68.8, 'eligible_count': 6, 'bet_adj': 0, 'reason': 'rel_win1=65.1%（本命度） / 最有力組み合わせ確率: 0.123（推定実オッズ?11倍） / 2着集中度: 上位2艇 68.8%（補正+0.00） / 総合判定確率: 0.123 / → ヒモはやや固め。上位2艇以外を切ること', 'tenji_trigger': '展示確認: 1号艇伸び良→そのまま採用。悪→飛び組に差し替え。circle_pct上位2艇に絞り込むこと。'}",,,27.7,逃げ狙い,21.84,23.9,2,,,,,0,0,0.7559,0,,逃げ軸流し,A
2025-09-17,丸亀,8,2,島川海輝,A2,33.33,2,△,11.9349,41.5,41,55.1,0.1484,3.0918,,,0,低,76,0,-,652 25,0,56.1,1.0659,0,0,0.1429,0,0,0.0296,0.1296,0.1593,,◎,C,○,,0.3411,0.663,,0.6016,S,88,0,◎1着固定 2-3着流し（5〜8点）,0.5777,"{'is_target': True, 'verdict': '点数絞り', 'max_combo_prob': 0.1229, 'est_top_odds': 10.8, 'circle_concentration': 68.8, 'eligible_count': 6, 'bet_adj': 0, 'reason': 'rel_win1=65.1%（本命度） / 最有力組み合わせ確率: 0.123（推定実オッズ?11倍） / 2着集中度: 上位2艇 68.8%（補正+0.00） / 総合判定確率: 0.123 / → ヒモはやや固め。上位2艇以外を切ること', 'tenji_trigger': '展示確認: 1号艇伸び良→そのまま採用。悪→飛び組に差し替え。circle_pct上位2艇に絞り込むこと。'}",,,27.7,逃げ狙い,21.84,23.9,2,,,,,,,,,,,
2025-09-17,丸亀,8,3,山口　亮,B1,40.00,3,,7.6736,27.2,35,43.9,0.1798,3.8485,,,0,低,167,0,差0% ま0%,5 266,0,25.7,0.8231,0,0.0357,0.0714,0,0,0.0333,0.3067,0.1533,,,B,,,0.1424,0.5775,,0.6016,S,88,0,◎1着固定 2-3着流し（5〜8点）,0.5777,"{'is_target': True, 'verdict': '点数絞り', 'max_combo_prob': 0.1229, 'est_top_odds': 10.8, 'circle_concentration': 68.8, 'eligible_count': 6, 'bet_adj': 0, 'reason': 'rel_win1=65.1%（本命度） / 最有力組み合わせ確率: 0.123（推定実オッズ?11倍） / 2着集中度: 上位2艇 68.8%（補正+0.00） / 総合判定確率: 0.123 / → ヒモはやや固め。上位2艇以外を切ること', 'tenji_trigger': '展示確認: 1号艇伸び良→そのまま採用。悪→飛び組に差し替え。circle_pct上位2艇に絞り込むこと。'}",,,27.7,逃げ狙い,21.84,23.9,2,,,,,,,,,,,
2025-09-17,丸亀,8,4,内堀　学,A1,0.00,4,,10.708,24.7,73,65.6,0.1638,3.2812,,,0,低,152,0,-,2 4313,0,39.3,0.833,0,0,0.16,0.04,0,0.0718,0.3015,0.041,,,E,△,◎,0.2694,0.603,0.3347,0.6016,S,88,0,◎1着固定 2-3着流し（5〜8点）,0.5777,"{'is_target': True, 'verdict': '点数絞り', 'max_combo_prob': 0.1229, 'est_top_odds': 10.8, 'circle_concentration': 68.8, 'eligible_count': 6, 'bet_adj': 0, 'reason': 'rel_win1=65.1%（本命度） / 最有力組み合わせ確率: 0.123（推定実オッズ?11倍） / 2着集中度: 上位2艇 68.8%（補正+0.00） / 総合判定確率: 0.123 / → ヒモはやや固め。上位2艇以外を切ること', 'tenji_trigger': '展示確認: 1号艇伸び良→そのまま採用。悪→飛び組に差し替え。circle_pct上位2艇に絞り込むこと。'}",,,27.7,逃げ狙い,21.84,23.9,2,,,,,,,,,,,
2025-09-17,丸亀,8,5,萬　正嗣,B1,42.86,5,○,3.5654,5.3,100,40.9,0.1614,3.0114,,,0,低,84,0,-,656 35,0,64.2,1.1262,,,,,,0.2667,0.2333,0.1333,,,A,△,,0.2739,0.599,,0.6016,S,88,0,◎1着固定 2-3着流し（5〜8点）,0.5777,"{'is_target': True, 'verdict': '点数絞り', 'max_combo_prob': 0.1229, 'est_top_odds': 10.8, 'circle_concentration': 68.8, 'eligible_count': 6, 'bet_adj': 0, 'reason': 'rel_win1=65.1%（本命度） / 最有力組み合わせ確率: 0.123（推定実オッズ?11倍） / 2着集中度: 上位2艇 68.8%（補正+0.00） / 総合判定確率: 0.123 / → ヒモはやや固め。上位2艇以外を切ること', 'tenji_trigger': '展示確認: 1号艇伸び良→そのまま採用。悪→飛び組に差し替え。circle_pct上位2艇に絞り込むこと。'}",,,27.7,逃げ狙い,21.84,23.9,2,,,,,,,,,,,
2025-09-17,丸亀,8,6,三嶌さら,B1,44.44,6,▲,1.0177,1.2,12,3,0.1863,4.0152,,,0,低,82,0,-,6 665,0,24.3,0.6306,,,,,,0,0.25,0,,,A,,,0.1958,0.576,,0.6016,S,88,0,◎1着固定 2-3着流し（5〜8点）,0.5777,"{'is_target': True, 'verdict': '点数絞り', 'max_combo_prob': 0.1229, 'est_top_odds': 10.8, 'circle_concentration': 68.8, 'eligible_count': 6, 'bet_adj': 0, 'reason': 'rel_win1=65.1%（本命度） / 最有力組み合わせ確率: 0.123（推定実オッズ?11倍） / 2着集中度: 上位2艇 68.8%（補正+0.00） / 総合判定確率: 0.123 / → ヒモはやや固め。上位2艇以外を切ること', 'tenji_trigger': '展示確認: 1号艇伸び良→そのまま採用。悪→飛び組に差し替え。circle_pct上位2艇に絞り込むこと。'}",,,27.7,逃げ狙い,21.84,23.9,2,,,,,,,,,,,
2025-09-17,丸亀,9,1,柳内敬太,A2,14.29,1,◎,58.5125,,0,87.4,0.1306,2.3218,,,0,低,138,0,逃1%,312 24,0,76.4,0.9556,0.7632,,,,,0.0705,0.0211,0.0421,◎,,D,,,,0.6035,,0.6513,A,76,0,◎-○軸 3着3〜4艇流し（10〜15点）,0.5777,"{'is_target': True, 'verdict': '参加推奨', 'max_combo_prob': 0.088, 'est_top_odds': 15.2, 'circle_concentration': 66.0, 'eligible_count': 8, 'bet_adj': 2, 'reason': 'rel_win1=58.5%（本命度） / 最有力組み合わせ確率: 0.088（推定実オッズ?15倍） / 2着集中度: 上位2艇 66.0%（補正+0.00） / 総合判定確率: 0.088 / → ヒモ分散。1号艇1着固定で広めのヒモ流し推奨（買い目+2点）', 'tenji_trigger': '展示確認: ヒモ分散レース。1号艇伸び確認後、広めのヒモ流しを採用。穴ヒモ（5・6号艇）を積極的に含める。\n展示で1号艇スタート超安定(0.131秒)→ヒモ固まり方向に注意'}",,,26.3,逃げ狙い,16.55,24.5,3,,,,,0,0,0.7559,0,,逃げ軸流し,A
2025-09-17,丸亀,9,2,佐々木和,A2,0.00,2,,10.5597,40.3,55,63.9,0.18,3.9918,,,0,低,141,0,-,1 132,0,83.6,0.6028,0,0.0968,0.0323,0,0,0.041,0.1815,0.1815,,,E,△,,0.0695,0.657,,0.6513,A,76,0,◎-○軸 3着3〜4艇流し（10〜15点）,0.5777,"{'is_target': True, 'verdict': '参加推奨', 'max_combo_prob': 0.088, 'est_top_odds': 15.2, 'circle_concentration': 66.0, 'eligible_count': 8, 'bet_adj': 2, 'reason': 'rel_win1=58.5%（本命度） / 最有力組み合わせ確率: 0.088（推定実オッズ?15倍） / 2着集中度: 上位2艇 66.0%（補正+0.00） / 総合判定確率: 0.088 / → ヒモ分散。1号艇1着固定で広めのヒモ流し推奨（買い目+2点）', 'tenji_trigger': '展示確認: ヒモ分散レース。1号艇伸び確認後、広めのヒモ流しを採用。穴ヒモ（5・6号艇）を積極的に含める。\n展示で1号艇スタート超安定(0.131秒)→ヒモ固まり方向に注意'}",,,26.3,逃げ狙い,16.55,24.5,3,,,,,,,,,,,
2025-09-17,丸亀,9,3,三浦永理,A1,28.57,3,▲,14.938,25.7,54,57.9,0.1774,3.2368,,,0,低,43,0,ま0% 差ま0% 抜0%,425 21,0,59.5,1.22,0,0,0.0714,0.0714,0.0714,0.0167,0.05,0.1867,,,B,◎,,0.122,0.678,,0.6513,A,76,0,◎-○軸 3着3〜4艇流し（10〜15点）,0.5777,"{'is_target': True, 'verdict': '参加推奨', 'max_combo_prob': 0.088, 'est_top_odds': 15.2, 'circle_concentration': 66.0, 'eligible_count': 8, 'bet_adj': 2, 'reason': 'rel_win1=58.5%（本命度） / 最有力組み合わせ確率: 0.088（推定実オッズ?15倍） / 2着集中度: 上位2艇 66.0%（補正+0.00） / 総合判定確率: 0.088 / → ヒモ分散。1号艇1着固定で広めのヒモ流し推奨（買い目+2点）', 'tenji_trigger': '展示確認: ヒモ分散レース。1号艇伸び確認後、広めのヒモ流しを採用。穴ヒモ（5・6号艇）を積極的に含める。\n展示で1号艇スタート超安定(0.131秒)→ヒモ固まり方向に注意'}",,,26.3,逃げ狙い,16.55,24.5,3,,,,,,,,,,,
2025-09-17,丸亀,9,4,芝田浩治,A2,14.29,4,△,6.4108,17.2,82,64.1,0.1538,3.0943,,,0,低,121,0,差0% 差ま0%,26112,0,67.2,1.153,0,0.0417,0,0.0417,0,0.0296,0.0593,0.2185,,,D,○,◎,0.1932,0.6585,0.3288,0.6513,A,76,0,◎-○軸 3着3〜4艇流し（10〜15点）,0.5777,"{'is_target': True, 'verdict': '参加推奨', 'max_combo_prob': 0.088, 'est_top_odds': 15.2, 'circle_concentration': 66.0, 'eligible_count': 8, 'bet_adj': 2, 'reason': 'rel_win1=58.5%（本命度） / 最有力組み合わせ確率: 0.088（推定実オッズ?15倍） / 2着集中度: 上位2艇 66.0%（補正+0.00） / 総合判定確率: 0.088 / → ヒモ分散。1号艇1着固定で広めのヒモ流し推奨（買い目+2点）', 'tenji_trigger': '展示確認: ヒモ分散レース。1号艇伸び確認後、広めのヒモ流しを採用。穴ヒモ（5・6号艇）を積極的に含める。\n展示で1号艇スタート超安定(0.131秒)→ヒモ固まり方向に注意'}",,,26.3,逃げ狙い,16.55,24.5,3,,,,,,,,,,,
2025-09-17,丸亀,9,5,中　亮太,A2,55.56,5,○,6.1353,15.4,100,48.8,0.1346,2.4146,,,0,低,35,0,差ま0%,35135,0,29.3,1.3707,0,0,0,0.0588,0,0.0833,0.0833,0.125,,,A,△,,0.2755,0.656,,0.6513,A,76,0,◎-○軸 3着3〜4艇流し（10〜15点）,0.5777,"{'is_target': True, 'verdict': '参加推奨', 'max_combo_prob': 0.088, 'est_top_odds': 15.2, 'circle_concentration': 66.0, 'eligible_count': 8, 'bet_adj': 2, 'reason': 'rel_win1=58.5%（本命度） / 最有力組み合わせ確率: 0.088（推定実オッズ?15倍） / 2着集中度: 上位2艇 66.0%（補正+0.00） / 総合判定確率: 0.088 / → ヒモ分散。1号艇1着固定で広めのヒモ流し推奨（買い目+2点）', 'tenji_trigger': '展示確認: ヒモ分散レース。1号艇伸び確認後、広めのヒモ流しを採用。穴ヒモ（5・6号艇）を積極的に含める。\n展示で1号艇スタート超安定(0.131秒)→ヒモ固まり方向に注意'}",,,26.3,逃げ狙い,16.55,24.5,3,,,,,,,,,,,
2025-09-17,丸亀,9,6,田路朋史,A1,14.29,6,,3.4437,1.4,32,19,0.1783,3.9828,,,0,低,140,0,ま0%,4 3432,0,46.3,0.8939,0,0,0.0357,0,0,0.1312,0.1312,0.1675,,,D,,,0.1328,0.6175,,0.6513,A,76,0,◎-○軸 3着3〜4艇流し（10〜15点）,0.5777,"{'is_target': True, 'verdict': '参加推奨', 'max_combo_prob': 0.088, 'est_top_odds': 15.2, 'circle_concentration': 66.0, 'eligible_count': 8, 'bet_adj': 2, 'reason': 'rel_win1=58.5%（本命度） / 最有力組み合わせ確率: 0.088（推定実オッズ?15倍） / 2着集中度: 上位2艇 66.0%（補正+0.00） / 総合判定確率: 0.088 / → ヒモ分散。1号艇1着固定で広めのヒモ流し推奨（買い目+2点）', 'tenji_trigger': '展示確認: ヒモ分散レース。1号艇伸び確認後、広めのヒモ流しを採用。穴ヒモ（5・6号艇）を積極的に含める。\n展示で1号艇スタート超安定(0.131秒)→ヒモ固まり方向に注意'}",,,26.3,逃げ狙い,16.55,24.5,3,,,,,,,,,,,
2025-09-17,丸亀,10,1,木谷賢太,A2,40.00,1,◎,58.4249,,0,90,0.1334,2.6357,,,0,低,107,0,逃1%,131 24,0,75.9,1.0759,0.7429,,,,,0.0343,0.0114,0.1957,◎,,A,○,,,0.663,,0.5932,S,83,0,◎1着固定 2-3着流し（5〜8点）,0.5777,"{'is_target': True, 'verdict': '点数絞り', 'max_combo_prob': 0.1125, 'est_top_odds': 11.9, 'circle_concentration': 85.1, 'eligible_count': 6, 'bet_adj': 0, 'reason': 'rel_win1=58.4%（本命度） / 最有力組み合わせ確率: 0.113（推定実オッズ?12倍） / 2着集中度: 上位2艇 85.1%（補正+0.04） / 総合判定確率: 0.153 / → ヒモはやや固め。上位2艇以外を切ること', 'tenji_trigger': '展示確認: 1号艇伸び良→そのまま採用。悪→飛び組に差し替え。circle_pct上位2艇に絞り込むこと。\n展示で1号艇スタート超安定(0.133秒)→ヒモ固まり方向に注意'}",,,27.7,逃げ狙い,20.56,25.1,4,,,,,0,0,0.7559,0,,逃げ軸流し,A
2025-09-17,丸亀,10,2,末永祐輝,A1,0.00,2,,7.8772,57,87,81,0.1551,3.3571,,,0,低,113,0,-,141541,0,61.3,1.2381,0,0.0294,0.0294,0,0,0.0465,0.1039,0.1132,,,E,△,,0.0882,0.653,,0.5932,S,83,0,◎1着固定 2-3着流し（5〜8点）,0.5777,"{'is_target': True, 'verdict': '点数絞り', 'max_combo_prob': 0.1125, 'est_top_odds': 11.9, 'circle_concentration': 85.1, 'eligible_count': 6, 'bet_adj': 0, 'reason': 'rel_win1=58.4%（本命度） / 最有力組み合わせ確率: 0.113（推定実オッズ?12倍） / 2着集中度: 上位2艇 85.1%（補正+0.04） / 総合判定確率: 0.153 / → ヒモはやや固め。上位2艇以外を切ること', 'tenji_trigger': '展示確認: 1号艇伸び良→そのまま採用。悪→飛び組に差し替え。circle_pct上位2艇に絞り込むこと。\n展示で1号艇スタート超安定(0.133秒)→ヒモ固まり方向に注意'}",,,27.7,逃げ狙い,20.56,25.1,4,,,,,,,,,,,
2025-09-17,丸亀,10,3,北川太一,A2,28.57,3,▲,13.7724,28.1,78,62.5,0.1491,3.1964,,,0,低,110,0,差0% 差ま0%,222 36,0,55.2,1.246,0,0.0909,0,0.2273,0,0,0.1563,0.242,,,B,,,0.257,0.6235,,0.5932,S,83,0,◎1着固定 2-3着流し（5〜8点）,0.5777,"{'is_target': True, 'verdict': '点数絞り', 'max_combo_prob': 0.1125, 'est_top_odds': 11.9, 'circle_concentration': 85.1, 'eligible_count': 6, 'bet_adj': 0, 'reason': 'rel_win1=58.4%（本命度） / 最有力組み合わせ確率: 0.113（推定実オッズ?12倍） / 2着集中度: 上位2艇 85.1%（補正+0.04） / 総合判定確率: 0.153 / → ヒモはやや固め。上位2艇以外を切ること', 'tenji_trigger': '展示確認: 1号艇伸び良→そのまま採用。悪→飛び組に差し替え。circle_pct上位2艇に絞り込むこと。\n展示で1号艇スタート超安定(0.133秒)→ヒモ固まり方向に注意'}",,,27.7,逃げ狙い,20.56,25.1,4,,,,,,,,,,,
2025-09-17,丸亀,10,4,藤原菜希,A2,40.00,4,○,13.6508,8.7,93,59.1,0.1409,3.0227,,,0,低,33,0,差ま0%,2 423,0,93.6,1.0117,0,0,0.0833,0.1667,0,0.1429,0.1429,0.0714,,,A,,◎,0.2859,0.6005,0.4284,0.5932,S,83,0,◎1着固定 2-3着流し（5〜8点）,0.5777,"{'is_target': True, 'verdict': '点数絞り', 'max_combo_prob': 0.1125, 'est_top_odds': 11.9, 'circle_concentration': 85.1, 'eligible_count': 6, 'bet_adj': 0, 'reason': 'rel_win1=58.4%（本命度） / 最有力組み合わせ確率: 0.113（推定実オッズ?12倍） / 2着集中度: 上位2艇 85.1%（補正+0.04） / 総合判定確率: 0.153 / → ヒモはやや固め。上位2艇以外を切ること', 'tenji_trigger': '展示確認: 1号艇伸び良→そのまま採用。悪→飛び組に差し替え。circle_pct上位2艇に絞り込むこと。\n展示で1号艇スタート超安定(0.133秒)→ヒモ固まり方向に注意'}",,,27.7,逃げ狙い,20.56,25.1,4,,,,,,,,,,,
2025-09-17,丸亀,10,5,田邉亮蔵,B1,0.00,5,,2.6109,3.4,25,16.1,0.1927,4.0484,,,0,低,163,0,-,145 25,0,29.6,0.609,0,0,0,0.0303,0,0.0429,0.2071,0.0571,,,E,△,,0.1016,0.64,,0.5932,S,83,0,◎1着固定 2-3着流し（5〜8点）,0.5777,"{'is_target': True, 'verdict': '点数絞り', 'max_combo_prob': 0.1125, 'est_top_odds': 11.9, 'circle_concentration': 85.1, 'eligible_count': 6, 'bet_adj': 0, 'reason': 'rel_win1=58.4%（本命度） / 最有力組み合わせ確率: 0.113（推定実オッズ?12倍） / 2着集中度: 上位2艇 85.1%（補正+0.04） / 総合判定確率: 0.153 / → ヒモはやや固め。上位2艇以外を切ること', 'tenji_trigger': '展示確認: 1号艇伸び良→そのまま採用。悪→飛び組に差し替え。circle_pct上位2艇に絞り込むこと。\n展示で1号艇スタート超安定(0.133秒)→ヒモ固まり方向に注意'}",,,27.7,逃げ狙い,20.56,25.1,4,,,,,,,,,,,
2025-09-17,丸亀,10,6,井上一輝,A1,14.29,6,△,3.6638,2.8,100,48.1,0.1352,2.8241,,,0,低,55,0,ま0% 差ま0%,26313,0,48.3,1.8839,0,0,0.0455,0.0455,0,0.025,0.025,0.025,,,D,◎,,0.2856,0.691,,0.5932,S,83,0,◎1着固定 2-3着流し（5〜8点）,0.5777,"{'is_target': True, 'verdict': '点数絞り', 'max_combo_prob': 0.1125, 'est_top_odds': 11.9, 'circle_concentration': 85.1, 'eligible_count': 6, 'bet_adj': 0, 'reason': 'rel_win1=58.4%（本命度） / 最有力組み合わせ確率: 0.113（推定実オッズ?12倍） / 2着集中度: 上位2艇 85.1%（補正+0.04） / 総合判定確率: 0.153 / → ヒモはやや固め。上位2艇以外を切ること', 'tenji_trigger': '展示確認: 1号艇伸び良→そのまま採用。悪→飛び組に差し替え。circle_pct上位2艇に絞り込むこと。\n展示で1号艇スタート超安定(0.133秒)→ヒモ固まり方向に注意'}",,,27.7,逃げ狙い,20.56,25.1,4,,,,,,,,,,,
2025-09-17,丸亀,11,1,平尾崇典,A1,66.67,1,◎,59.5311,,0,92,0.1577,3.4667,,,0,低,104,0,逃1%,111 14,0,76.5,0.9993,0.6667,,,,,0.0278,0.0833,0.1389,◎,,A,,,,0.6045,,0.5032,S,87,0,◎1着固定 2-3着流し（5〜8点）,0.5777,"{'is_target': True, 'verdict': '点数絞り', 'max_combo_prob': 0.0966, 'est_top_odds': 13.8, 'circle_concentration': 76.0, 'eligible_count': 6, 'bet_adj': 0, 'reason': 'rel_win1=59.5%（本命度） / 最有力組み合わせ確率: 0.097（推定実オッズ?14倍） / 2着集中度: 上位2艇 76.0%（補正+0.04） / 総合判定確率: 0.137 / → ヒモはやや固め。上位2艇以外を切ること', 'tenji_trigger': '展示確認: 1号艇伸び良→そのまま採用。悪→飛び組に差し替え。circle_pct上位2艇に絞り込むこと。'}",,,29.7,逃げ狙い,24.94,27,2,,,,,0,0,0.7559,0,,逃げ軸流し,A
2025-09-17,丸亀,11,2,小野達哉,A1,0.00,2,○,22.2312,52.9,69,79.4,0.146,3.1111,,,0,低,87,0,-,121 42,0,51,1.0029,0,0.1786,0.0714,0,0.0357,0.0095,0.0286,0.0286,,◎,E,◎,,0.4593,0.6745,,0.5032,S,87,0,◎1着固定 2-3着流し（5〜8点）,0.5777,"{'is_target': True, 'verdict': '点数絞り', 'max_combo_prob': 0.0966, 'est_top_odds': 13.8, 'circle_concentration': 76.0, 'eligible_count': 6, 'bet_adj': 0, 'reason': 'rel_win1=59.5%（本命度） / 最有力組み合わせ確率: 0.097（推定実オッズ?14倍） / 2着集中度: 上位2艇 76.0%（補正+0.04） / 総合判定確率: 0.137 / → ヒモはやや固め。上位2艇以外を切ること', 'tenji_trigger': '展示確認: 1号艇伸び良→そのまま採用。悪→飛び組に差し替え。circle_pct上位2艇に絞り込むこと。'}",,,29.7,逃げ狙い,24.94,27,2,,,,,,,,,,,
2025-09-17,丸亀,11,3,青木幸太,A2,42.86,3,▲,11.3685,23.1,79,63.8,0.1566,3.2586,,,0,低,86,0,差ま1%,2 2S32,0,20.7,0.6354,0,0.0303,0.0303,0.1212,0,0.0882,0.0588,0.1176,,,B,△,,0.3153,0.615,,0.5032,S,87,0,◎1着固定 2-3着流し（5〜8点）,0.5777,"{'is_target': True, 'verdict': '点数絞り', 'max_combo_prob': 0.0966, 'est_top_odds': 13.8, 'circle_concentration': 76.0, 'eligible_count': 6, 'bet_adj': 0, 'reason': 'rel_win1=59.5%（本命度） / 最有力組み合わせ確率: 0.097（推定実オッズ?14倍） / 2着集中度: 上位2艇 76.0%（補正+0.04） / 総合判定確率: 0.137 / → ヒモはやや固め。上位2艇以外を切ること', 'tenji_trigger': '展示確認: 1号艇伸び良→そのまま採用。悪→飛び組に差し替え。circle_pct上位2艇に絞り込むこと。'}",,,29.7,逃げ狙い,24.94,27,2,,,,,,,,,,,
2025-09-17,丸亀,11,4,喜多須杏,B1,50.00,4,△,3.0076,11.3,100,41.4,0.1876,4.1034,,,0,低,60,0,-,3 235,0,85.6,1.5279,,,,,,0,0.1429,0.1429,,,A,△,,0.2072,0.62,,0.5032,S,87,0,◎1着固定 2-3着流し（5〜8点）,0.5777,"{'is_target': True, 'verdict': '点数絞り', 'max_combo_prob': 0.0966, 'est_top_odds': 13.8, 'circle_concentration': 76.0, 'eligible_count': 6, 'bet_adj': 0, 'reason': 'rel_win1=59.5%（本命度） / 最有力組み合わせ確率: 0.097（推定実オッズ?14倍） / 2着集中度: 上位2艇 76.0%（補正+0.04） / 総合判定確率: 0.137 / → ヒモはやや固め。上位2艇以外を切ること', 'tenji_trigger': '展示確認: 1号艇伸び良→そのまま採用。悪→飛び組に差し替え。circle_pct上位2艇に絞り込むこと。'}",,,29.7,逃げ狙い,24.94,27,2,,,,,,,,,,,
2025-09-17,丸亀,11,5,宮崎　奨,A2,14.29,5,,3.0644,10.4,88,52.6,0.176,3.9561,,,0,低,134,0,-,3 441,0,64.5,1.145,,,,,,0.0343,0.1571,0.2686,,,D,○,,0.2643,0.658,,0.5032,S,87,0,◎1着固定 2-3着流し（5〜8点）,0.5777,"{'is_target': True, 'verdict': '点数絞り', 'max_combo_prob': 0.0966, 'est_top_odds': 13.8, 'circle_concentration': 76.0, 'eligible_count': 6, 'bet_adj': 0, 'reason': 'rel_win1=59.5%（本命度） / 最有力組み合わせ確率: 0.097（推定実オッズ?14倍） / 2着集中度: 上位2艇 76.0%（補正+0.04） / 総合判定確率: 0.137 / → ヒモはやや固め。上位2艇以外を切ること', 'tenji_trigger': '展示確認: 1号艇伸び良→そのまま採用。悪→飛び組に差し替え。circle_pct上位2艇に絞り込むこと。'}",,,29.7,逃げ狙い,24.94,27,2,,,,,,,,,,,
2025-09-17,丸亀,11,6,大須賀友,A1,0.00,6,,0.7972,2.3,59,27.9,0.2021,4.1628,,,0,低,116,0,-,135641,0,37.5,0.8628,,,,,,0.0516,0.1258,0.0129,,,E,,,0.1812,0.599,,0.5032,S,87,0,◎1着固定 2-3着流し（5〜8点）,0.5777,"{'is_target': True, 'verdict': '点数絞り', 'max_combo_prob': 0.0966, 'est_top_odds': 13.8, 'circle_concentration': 76.0, 'eligible_count': 6, 'bet_adj': 0, 'reason': 'rel_win1=59.5%（本命度） / 最有力組み合わせ確率: 0.097（推定実オッズ?14倍） / 2着集中度: 上位2艇 76.0%（補正+0.04） / 総合判定確率: 0.137 / → ヒモはやや固め。上位2艇以外を切ること', 'tenji_trigger': '展示確認: 1号艇伸び良→そのまま採用。悪→飛び組に差し替え。circle_pct上位2艇に絞り込むこと。'}",,,29.7,逃げ狙い,24.94,27,2,,,,,,,,,,,
2025-09-17,丸亀,12,1,益田啓司,A2,0.00,1,◎,69.1683,,0,95.7,0.1388,2.5591,,,0,低,80,0,逃0%,3 3623,0,96,1.3288,0.8065,,,,,0.131,0.0129,0,◎,,D,◎,,,0.6665,,0.6851,S,86,0,◎1着固定 2-3着流し（5〜8点）,0.5777,"{'is_target': True, 'verdict': '参加推奨', 'max_combo_prob': 0.0813, 'est_top_odds': 16.4, 'circle_concentration': 64.5, 'eligible_count': 6, 'bet_adj': 2, 'reason': 'rel_win1=69.2%（本命度） / 最有力組み合わせ確率: 0.081（推定実オッズ?16倍） / 2着集中度: 上位2艇 64.5%（補正+0.00） / 総合判定確率: 0.081 / → ヒモ分散。1号艇1着固定で広めのヒモ流し推奨（買い目+2点）', 'tenji_trigger': '展示確認: ヒモ分散レース。1号艇伸び確認後、広めのヒモ流しを採用。穴ヒモ（5・6号艇）を積極的に含める。\n展示で1号艇スタート超安定(0.139秒)→ヒモ固まり方向に注意'}",,,24.4,逃げ狙い,8.84,25.6,2,,,,,0,0,0.7559,0,,逃げ軸流し,A
2025-09-17,丸亀,12,2,松田憲幸,B1,0.00,2,,8.9528,28.7,100,43.4,0.2119,4.6415,,,0,低,153,0,差0%,641 64,0,33.7,0.7383,0,0.2105,0,0,0,0.1538,0.2308,0.1538,,,D,,,0.0996,0.5835,,0.6851,S,86,0,◎1着固定 2-3着流し（5〜8点）,0.5777,"{'is_target': True, 'verdict': '参加推奨', 'max_combo_prob': 0.0813, 'est_top_odds': 16.4, 'circle_concentration': 64.5, 'eligible_count': 6, 'bet_adj': 2, 'reason': 'rel_win1=69.2%（本命度） / 最有力組み合わせ確率: 0.081（推定実オッズ?16倍） / 2着集中度: 上位2艇 64.5%（補正+0.00） / 総合判定確率: 0.081 / → ヒモ分散。1号艇1着固定で広めのヒモ流し推奨（買い目+2点）', 'tenji_trigger': '展示確認: ヒモ分散レース。1号艇伸び確認後、広めのヒモ流しを採用。穴ヒモ（5・6号艇）を積極的に含める。\n展示で1号艇スタート超安定(0.139秒)→ヒモ固まり方向に注意'}",,,24.4,逃げ狙い,8.84,25.6,2,,,,,,,,,,,
2025-09-17,丸亀,12,3,原田佑実,B1,25.00,3,△,9.1353,35.7,86,55.6,0.1839,3.4722,,,0,低,29,0,-,2 351,0,16,0.5438,0,0,0.1667,0,0,0,0,0.25,,,B,△,,0.1363,0.6345,,0.6851,S,86,0,◎1着固定 2-3着流し（5〜8点）,0.5777,"{'is_target': True, 'verdict': '参加推奨', 'max_combo_prob': 0.0813, 'est_top_odds': 16.4, 'circle_concentration': 64.5, 'eligible_count': 6, 'bet_adj': 2, 'reason': 'rel_win1=69.2%（本命度） / 最有力組み合わせ確率: 0.081（推定実オッズ?16倍） / 2着集中度: 上位2艇 64.5%（補正+0.00） / 総合判定確率: 0.081 / → ヒモ分散。1号艇1着固定で広めのヒモ流し推奨（買い目+2点）', 'tenji_trigger': '展示確認: ヒモ分散レース。1号艇伸び確認後、広めのヒモ流しを採用。穴ヒモ（5・6号艇）を積極的に含める。\n展示で1号艇スタート超安定(0.139秒)→ヒモ固まり方向に注意'}",,,24.4,逃げ狙い,8.84,25.6,2,,,,,,,,,,,
2025-09-17,丸亀,12,4,齊藤　優,A2,0.00,4,▲,7.9545,24.4,47,45.3,0.1525,3.1719,,,0,低,103,0,-,464 15,0,31.6,0.6653,0,0,0.04,0.04,0.04,0.0923,0.3923,0.0462,,,D,△,◎,0.2313,0.6325,0.3695,0.6851,S,86,0,◎1着固定 2-3着流し（5〜8点）,0.5777,"{'is_target': True, 'verdict': '参加推奨', 'max_combo_prob': 0.0813, 'est_top_odds': 16.4, 'circle_concentration': 64.5, 'eligible_count': 6, 'bet_adj': 2, 'reason': 'rel_win1=69.2%（本命度） / 最有力組み合わせ確率: 0.081（推定実オッズ?16倍） / 2着集中度: 上位2艇 64.5%（補正+0.00） / 総合判定確率: 0.081 / → ヒモ分散。1号艇1着固定で広めのヒモ流し推奨（買い目+2点）', 'tenji_trigger': '展示確認: ヒモ分散レース。1号艇伸び確認後、広めのヒモ流しを採用。穴ヒモ（5・6号艇）を積極的に含める。\n展示で1号艇スタート超安定(0.139秒)→ヒモ固まり方向に注意'}",,,24.4,逃げ狙い,8.84,25.6,2,,,,,,,,,,,
2025-09-17,丸亀,12,5,島川海輝,A2,33.33,5,○,3.7619,9.5,97,42.5,0.172,3.2375,,,0,低,76,0,-,652 25,0,23.2,0.6769,0,0,0,0.0556,0,0.0296,0.1296,0.1593,,,A,○,,0.1814,0.663,,0.6851,S,86,0,◎1着固定 2-3着流し（5〜8点）,0.5777,"{'is_target': True, 'verdict': '参加推奨', 'max_combo_prob': 0.0813, 'est_top_odds': 16.4, 'circle_concentration': 64.5, 'eligible_count': 6, 'bet_adj': 2, 'reason': 'rel_win1=69.2%（本命度） / 最有力組み合わせ確率: 0.081（推定実オッズ?16倍） / 2着集中度: 上位2艇 64.5%（補正+0.00） / 総合判定確率: 0.081 / → ヒモ分散。1号艇1着固定で広めのヒモ流し推奨（買い目+2点）', 'tenji_trigger': '展示確認: ヒモ分散レース。1号艇伸び確認後、広めのヒモ流しを採用。穴ヒモ（5・6号艇）を積極的に含める。\n展示で1号艇スタート超安定(0.139秒)→ヒモ固まり方向に注意'}",,,24.4,逃げ狙い,8.84,25.6,2,,,,,,,,,,,
2025-09-17,丸亀,12,6,吉原聖人,B1,0.00,6,,1.0273,1.6,60,17.4,0.1983,4.2283,,,0,低,129,0,-,342 56,0,40,0.8667,,,,,,0.2533,0.0667,0.3733,,,D,,,0.1383,0.5965,,0.6851,S,86,0,◎1着固定 2-3着流し（5〜8点）,0.5777,"{'is_target': True, 'verdict': '参加推奨', 'max_combo_prob': 0.0813, 'est_top_odds': 16.4, 'circle_concentration': 64.5, 'eligible_count': 6, 'bet_adj': 2, 'reason': 'rel_win1=69.2%（本命度） / 最有力組み合わせ確率: 0.081（推定実オッズ?16倍） / 2着集中度: 上位2艇 64.5%（補正+0.00） / 総合判定確率: 0.081 / → ヒモ分散。1号艇1着固定で広めのヒモ流し推奨（買い目+2点）', 'tenji_trigger': '展示確認: ヒモ分散レース。1号艇伸び確認後、広めのヒモ流しを採用。穴ヒモ（5・6号艇）を積極的に含める。\n展示で1号艇スタート超安定(0.139秒)→ヒモ固まり方向に注意'}",,,24.4,逃げ狙い,8.84,25.6,2,,,,,,,,,,,
2025-09-18,丸亀,1,1,中井俊祐,B1,0.00,1,◎,54.3727,,0,65.5,0.1842,3.7364,,,0,低,130,0,逃0%,5 311,0,41.7,0.7507,0.2917,,,,,0.1333,0.3167,0.2,△,,D,○,,,0.6095,,0.261,B,55,0,◎○△フォーメーション（15〜20点）,0.5777,"{'is_target': True, 'verdict': '点数絞り', 'max_combo_prob': 0.1164, 'est_top_odds': 11.5, 'circle_concentration': 80.1, 'eligible_count': 9, 'bet_adj': 0, 'reason': 'rel_win1=54.4%（本命度） / 最有力組み合わせ確率: 0.116（推定実オッズ?12倍） / 2着集中度: 上位2艇 80.1%（補正+0.04） / 総合判定確率: 0.156 / → ヒモはやや固め。上位2艇以外を切ること', 'tenji_trigger': '展示確認: 1号艇伸び良→そのまま採用。悪→飛び組に差し替え。circle_pct上位2艇に絞り込むこと。\n展示で1号艇スタート遅め(0.184秒)確認→ヒモが荒れやすい'}",,,29.4,両建て推奨,11.17,38,4,2-1-3|1-2-4|1-2-3|1-3-4|1-3-2|1-4-2,6-1-4|5-1-6|6-4-1|6-1-3|5-6-1|2-1-3|6-3-1|1-2-4|1-2-3|1-3-4|1-3-2|1-4-2,2-1-3:2.38%|1-2-4:11.06%|1-2-3:8.56%|1-3-4:5.37%|1-3-2:4.46%|1-4-2:3.95%,2-1-3:B_main|1-2-4:A|1-2-3:A|1-3-4:A|1-3-2:A|1-4-2:A,6,12,0.4535,1,[!]見送り推奨（主役決まり手「差し」― 逃げ劣勢レースで的中実績なし）,荒れ広め,D
2025-09-18,丸亀,1,2,伊久間陽,B1,0.00,2,▲,13.33,58,90,64.4,0.1556,3.3333,,,0,低,57,0,差0% ま0%,6 551,0,48.3,1.0505,0,0.0741,0.037,0,0,0.0706,0.1906,0.0235,,◎,D,△,,0.5845,0.6015,,0.261,B,55,0,◎○△フォーメーション（15〜20点）,0.5777,"{'is_target': True, 'verdict': '点数絞り', 'max_combo_prob': 0.1164, 'est_top_odds': 11.5, 'circle_concentration': 80.1, 'eligible_count': 9, 'bet_adj': 0, 'reason': 'rel_win1=54.4%（本命度） / 最有力組み合わせ確率: 0.116（推定実オッズ?12倍） / 2着集中度: 上位2艇 80.1%（補正+0.04） / 総合判定確率: 0.156 / → ヒモはやや固め。上位2艇以外を切ること', 'tenji_trigger': '展示確認: 1号艇伸び良→そのまま採用。悪→飛び組に差し替え。circle_pct上位2艇に絞り込むこと。\n展示で1号艇スタート遅め(0.184秒)確認→ヒモが荒れやすい'}",,,29.4,両建て推奨,11.17,38,4,,,,,,,,,,,
2025-09-18,丸亀,1,3,西原明生,B1,0.00,3,,9.9378,22.1,100,40,0.1844,3.6643,,,0,低,192,0,差ま0%,162 24,0,56.6,1.3923,0,0,0,0.069,0,0.2571,0.2571,0.2762,,,D,◎,,0.3277,0.641,,0.261,B,55,0,◎○△フォーメーション（15〜20点）,0.5777,"{'is_target': True, 'verdict': '点数絞り', 'max_combo_prob': 0.1164, 'est_top_odds': 11.5, 'circle_concentration': 80.1, 'eligible_count': 9, 'bet_adj': 0, 'reason': 'rel_win1=54.4%（本命度） / 最有力組み合わせ確率: 0.116（推定実オッズ?12倍） / 2着集中度: 上位2艇 80.1%（補正+0.04） / 総合判定確率: 0.156 / → ヒモはやや固め。上位2艇以外を切ること', 'tenji_trigger': '展示確認: 1号艇伸び良→そのまま採用。悪→飛び組に差し替え。circle_pct上位2艇に絞り込むこと。\n展示で1号艇スタート遅め(0.184秒)確認→ヒモが荒れやすい'}",,,29.4,両建て推奨,11.17,38,4,,,,,,,,,,,
2025-09-18,丸亀,1,4,金田大輔,B1,0.00,4,△,15.7329,10.5,64,36.2,0.1591,2.7672,,,0,低,99,0,-,461 56,0,100,2.1911,0,0.04,0.12,0,0,0.2,0.1,0.1,,○,D,△,◎,0.4528,0.587,0.3638,0.261,B,55,0,◎○△フォーメーション（15〜20点）,0.5777,"{'is_target': True, 'verdict': '点数絞り', 'max_combo_prob': 0.1164, 'est_top_odds': 11.5, 'circle_concentration': 80.1, 'eligible_count': 9, 'bet_adj': 0, 'reason': 'rel_win1=54.4%（本命度） / 最有力組み合わせ確率: 0.116（推定実オッズ?12倍） / 2着集中度: 上位2艇 80.1%（補正+0.04） / 総合判定確率: 0.156 / → ヒモはやや固め。上位2艇以外を切ること', 'tenji_trigger': '展示確認: 1号艇伸び良→そのまま採用。悪→飛び組に差し替え。circle_pct上位2艇に絞り込むこと。\n展示で1号艇スタート遅め(0.184秒)確認→ヒモが荒れやすい'}",,,29.4,両建て推奨,11.17,38,4,,,,,,,,,,,
2025-09-18,丸亀,1,5,板倉敦史,B1,50.00,5,○,4.726,6,80,30.8,0.2149,4.6615,,,0,低,163,0,-,5 546,0,25.8,0.6562,0,0,0,0.0312,0,0.28,0.32,0.04,,,A,,,0.2282,0.557,,0.261,B,55,0,◎○△フォーメーション（15〜20点）,0.5777,"{'is_target': True, 'verdict': '点数絞り', 'max_combo_prob': 0.1164, 'est_top_odds': 11.5, 'circle_concentration': 80.1, 'eligible_count': 9, 'bet_adj': 0, 'reason': 'rel_win1=54.4%（本命度） / 最有力組み合わせ確率: 0.116（推定実オッズ?12倍） / 2着集中度: 上位2艇 80.1%（補正+0.04） / 総合判定確率: 0.156 / → ヒモはやや固め。上位2艇以外を切ること', 'tenji_trigger': '展示確認: 1号艇伸び良→そのまま採用。悪→飛び組に差し替え。circle_pct上位2艇に絞り込むこと。\n展示で1号艇スタート遅め(0.184秒)確認→ヒモが荒れやすい'}",,,29.4,両建て推奨,11.17,38,4,,,,,,,,,,,
2025-09-18,丸亀,1,6,鈴木唯央,B1,28.57,6,,1.9007,3.4,27,12.6,0.1761,4.0168,,,0,低,86,0,-,456 56,0,44.3,0.9944,,,,,,0,1,0,,,B,,,0.3873,0.5285,,0.261,B,55,0,◎○△フォーメーション（15〜20点）,0.5777,"{'is_target': True, 'verdict': '点数絞り', 'max_combo_prob': 0.1164, 'est_top_odds': 11.5, 'circle_concentration': 80.1, 'eligible_count': 9, 'bet_adj': 0, 'reason': 'rel_win1=54.4%（本命度） / 最有力組み合わせ確率: 0.116（推定実オッズ?12倍） / 2着集中度: 上位2艇 80.1%（補正+0.04） / 総合判定確率: 0.156 / → ヒモはやや固め。上位2艇以外を切ること', 'tenji_trigger': '展示確認: 1号艇伸び良→そのまま採用。悪→飛び組に差し替え。circle_pct上位2艇に絞り込むこと。\n展示で1号艇スタート遅め(0.184秒)確認→ヒモが荒れやすい'}",,,29.4,両建て推奨,11.17,38,4,,,,,,,,,,,
2025-09-18,丸亀,2,1,喜多須杏,B1,50.00,1,◎,51.6698,,0,66.7,0.142,3.05,,,0,低,60,0,逃1%,3 235,0,78,0.8882,0.7143,,,,,0,0.1429,0.1429,○,,A,△,,,0.62,,0.4248,A,60,0,◎-○軸 3着3〜4艇流し（10〜15点）,0.5777,"{'is_target': True, 'verdict': '点数絞り', 'max_combo_prob': 0.0994, 'est_top_odds': 13.4, 'circle_concentration': 74.6, 'eligible_count': 8, 'bet_adj': 0, 'reason': 'rel_win1=51.7%（本命度） / 最有力組み合わせ確率: 0.099（推定実オッズ?13倍） / 2着集中度: 上位2艇 74.6%（補正+0.04） / 総合判定確率: 0.139 / → ヒモはやや固め。上位2艇以外を切ること', 'tenji_trigger': '展示確認: 1号艇伸び良→そのまま採用。悪→飛び組に差し替え。circle_pct上位2艇に絞り込むこと。'}",,,27.9,両建て推奨,19.71,26.3,3,,,,,0,0,0.6155,0,,逃げ軸流し,A
2025-09-18,丸亀,2,2,原田佑実,B1,25.00,2,,14.6295,31.9,100,62.5,0.1769,3.2188,,,0,低,29,0,-,2 351,0,35.7,0.816,0,0.1111,0,0,0,0,0,0.25,,,C,○,,0.075,0.6345,,0.4248,A,60,0,◎-○軸 3着3〜4艇流し（10〜15点）,0.5777,"{'is_target': True, 'verdict': '点数絞り', 'max_combo_prob': 0.0994, 'est_top_odds': 13.4, 'circle_concentration': 74.6, 'eligible_count': 8, 'bet_adj': 0, 'reason': 'rel_win1=51.7%（本命度） / 最有力組み合わせ確率: 0.099（推定実オッズ?13倍） / 2着集中度: 上位2艇 74.6%（補正+0.04） / 総合判定確率: 0.139 / → ヒモはやや固め。上位2艇以外を切ること', 'tenji_trigger': '展示確認: 1号艇伸び良→そのまま採用。悪→飛び組に差し替え。circle_pct上位2艇に絞り込むこと。'}",,,27.9,両建て推奨,19.71,26.3,3,,,,,,,,,,,
2025-09-18,丸亀,2,3,落合直子,B1,0.00,3,○,16.0679,42.7,88,62.1,0.1262,2.6034,,,0,低,40,0,-,416 65,0,63.2,1.1308,,,,,,0.025,0,0.225,,◎,E,◎,,0.3894,0.6465,,0.4248,A,60,0,◎-○軸 3着3〜4艇流し（10〜15点）,0.5777,"{'is_target': True, 'verdict': '点数絞り', 'max_combo_prob': 0.0994, 'est_top_odds': 13.4, 'circle_concentration': 74.6, 'eligible_count': 8, 'bet_adj': 0, 'reason': 'rel_win1=51.7%（本命度） / 最有力組み合わせ確率: 0.099（推定実オッズ?13倍） / 2着集中度: 上位2艇 74.6%（補正+0.04） / 総合判定確率: 0.139 / → ヒモはやや固め。上位2艇以外を切ること', 'tenji_trigger': '展示確認: 1号艇伸び良→そのまま採用。悪→飛び組に差し替え。circle_pct上位2艇に絞り込むこと。'}",,,27.9,両建て推奨,19.71,26.3,3,,,,,,,,,,,
2025-09-18,丸亀,2,4,渡邉真奈,B2,0.00,4,△,11.6001,19,60,33.3,0.1638,3.0238,,,0,低,39,0,-,336 44,0,55.7,0.9328,,,,,,0.0571,0.3143,0.3143,,,E,△,,0.2252,0.5765,,0.4248,A,60,0,◎-○軸 3着3〜4艇流し（10〜15点）,0.5777,"{'is_target': True, 'verdict': '点数絞り', 'max_combo_prob': 0.0994, 'est_top_odds': 13.4, 'circle_concentration': 74.6, 'eligible_count': 8, 'bet_adj': 0, 'reason': 'rel_win1=51.7%（本命度） / 最有力組み合わせ確率: 0.099（推定実オッズ?13倍） / 2着集中度: 上位2艇 74.6%（補正+0.04） / 総合判定確率: 0.139 / → ヒモはやや固め。上位2艇以外を切ること', 'tenji_trigger': '展示確認: 1号艇伸び良→そのまま採用。悪→飛び組に差し替え。circle_pct上位2艇に絞り込むこと。'}",,,27.9,両建て推奨,19.71,26.3,3,,,,,,,,,,,
2025-09-18,丸亀,2,5,冨名腰桃,B1,33.33,5,,4.7276,4.9,48,4.8,0.1967,4.0952,,,0,低,54,0,-,652 66,0,23,0.5979,,,,,,0.3333,0,0.3333,,,B,,,0.1359,0.4145,,0.4248,A,60,0,◎-○軸 3着3〜4艇流し（10〜15点）,0.5777,"{'is_target': True, 'verdict': '点数絞り', 'max_combo_prob': 0.0994, 'est_top_odds': 13.4, 'circle_concentration': 74.6, 'eligible_count': 8, 'bet_adj': 0, 'reason': 'rel_win1=51.7%（本命度） / 最有力組み合わせ確率: 0.099（推定実オッズ?13倍） / 2着集中度: 上位2艇 74.6%（補正+0.04） / 総合判定確率: 0.139 / → ヒモはやや固め。上位2艇以外を切ること', 'tenji_trigger': '展示確認: 1号艇伸び良→そのまま採用。悪→飛び組に差し替え。circle_pct上位2艇に絞り込むこと。'}",,,27.9,両建て推奨,19.71,26.3,3,,,,,,,,,,,
2025-09-18,丸亀,2,6,三嶌さら,B1,44.44,6,▲,1.3051,1.5,14,3,0.1863,4.0152,,,0,低,82,0,-,6 665,0,23.2,0.5683,,,,,,0,0.25,0,,,A,,,0.1691,0.576,,0.4248,A,60,0,◎-○軸 3着3〜4艇流し（10〜15点）,0.5777,"{'is_target': True, 'verdict': '点数絞り', 'max_combo_prob': 0.0994, 'est_top_odds': 13.4, 'circle_concentration': 74.6, 'eligible_count': 8, 'bet_adj': 0, 'reason': 'rel_win1=51.7%（本命度） / 最有力組み合わせ確率: 0.099（推定実オッズ?13倍） / 2着集中度: 上位2艇 74.6%（補正+0.04） / 総合判定確率: 0.139 / → ヒモはやや固め。上位2艇以外を切ること', 'tenji_trigger': '展示確認: 1号艇伸び良→そのまま採用。悪→飛び組に差し替え。circle_pct上位2艇に絞り込むこと。'}",,,27.9,両建て推奨,19.71,26.3,3,,,,,,,,,,,
2025-09-18,丸亀,3,1,田邉亮蔵,B1,0.00,1,◎,56.5743,,0,78.3,0.1635,3.275,,,0,低,163,0,逃1%,145 25,0,82.9,1.0269,0.5714,,,,,0.0429,0.2071,0.0571,◎,,D,○,,,0.64,,0.4676,S,88,0,◎1着固定 2-3着流し（5〜8点）,0.5777,"{'is_target': True, 'verdict': '点数絞り', 'max_combo_prob': 0.0842, 'est_top_odds': 15.8, 'circle_concentration': 72.8, 'eligible_count': 6, 'bet_adj': 0, 'reason': 'rel_win1=56.6%（本命度） / 最有力組み合わせ確率: 0.084（推定実オッズ?16倍） / 2着集中度: 上位2艇 72.8%（補正+0.04） / 総合判定確率: 0.124 / → ヒモはやや固め。上位2艇以外を切ること', 'tenji_trigger': '展示確認: 1号艇伸び良→そのまま採用。悪→飛び組に差し替え。circle_pct上位2艇に絞り込むこと。'}",,,26.1,逃げ狙い,10.54,29.2,4,,,,,0,0,0.7559,0,,逃げ軸流し,A
2025-09-18,丸亀,3,2,小川日紀,B1,0.00,2,△,11.4949,47.8,79,47.5,0.1531,3.2034,,,0,低,96,0,差0%,5 651,0,38,0.7953,0,0.0357,0,0,0,0.1905,0.2857,0.0952,,◎,D,△,,0.4168,0.601,,0.4676,S,88,0,◎1着固定 2-3着流し（5〜8点）,0.5777,"{'is_target': True, 'verdict': '点数絞り', 'max_combo_prob': 0.0842, 'est_top_odds': 15.8, 'circle_concentration': 72.8, 'eligible_count': 6, 'bet_adj': 0, 'reason': 'rel_win1=56.6%（本命度） / 最有力組み合わせ確率: 0.084（推定実オッズ?16倍） / 2着集中度: 上位2艇 72.8%（補正+0.04） / 総合判定確率: 0.124 / → ヒモはやや固め。上位2艇以外を切ること', 'tenji_trigger': '展示確認: 1号艇伸び良→そのまま採用。悪→飛び組に差し替え。circle_pct上位2艇に絞り込むこと。'}",,,26.1,逃げ狙い,10.54,29.2,4,,,,,,,,,,,
2025-09-18,丸亀,3,3,占部一真,B1,0.00,3,▲,11.7419,25.1,96,41.9,0.1524,3.1855,,,0,低,119,0,-,6 446,0,43.6,0.9323,0,0,0,0.0667,0,0.1333,0.2,0.2667,,○,D,,,0.3696,0.595,,0.4676,S,88,0,◎1着固定 2-3着流し（5〜8点）,0.5777,"{'is_target': True, 'verdict': '点数絞り', 'max_combo_prob': 0.0842, 'est_top_odds': 15.8, 'circle_concentration': 72.8, 'eligible_count': 6, 'bet_adj': 0, 'reason': 'rel_win1=56.6%（本命度） / 最有力組み合わせ確率: 0.084（推定実オッズ?16倍） / 2着集中度: 上位2艇 72.8%（補正+0.04） / 総合判定確率: 0.124 / → ヒモはやや固め。上位2艇以外を切ること', 'tenji_trigger': '展示確認: 1号艇伸び良→そのまま採用。悪→飛び組に差し替え。circle_pct上位2艇に絞り込むこと。'}",,,26.1,逃げ狙い,10.54,29.2,4,,,,,,,,,,,
2025-09-18,丸亀,3,4,吉原聖人,B1,0.00,4,,11.308,9,59,33.3,0.1819,3.8981,,,0,低,129,0,-,342 56,0,30.2,0.6932,0,0,0.0556,0,0,0.2533,0.0667,0.3733,,,D,,◎,0.2499,0.5965,0.194,0.4676,S,88,0,◎1着固定 2-3着流し（5〜8点）,0.5777,"{'is_target': True, 'verdict': '点数絞り', 'max_combo_prob': 0.0842, 'est_top_odds': 15.8, 'circle_concentration': 72.8, 'eligible_count': 6, 'bet_adj': 0, 'reason': 'rel_win1=56.6%（本命度） / 最有力組み合わせ確率: 0.084（推定実オッズ?16倍） / 2着集中度: 上位2艇 72.8%（補正+0.04） / 総合判定確率: 0.124 / → ヒモはやや固め。上位2艇以外を切ること', 'tenji_trigger': '展示確認: 1号艇伸び良→そのまま採用。悪→飛び組に差し替え。circle_pct上位2艇に絞り込むこと。'}",,,26.1,逃げ狙い,10.54,29.2,4,,,,,,,,,,,
2025-09-18,丸亀,3,5,島川海輝,A2,33.33,5,○,5.9563,11.5,100,42.5,0.172,3.2375,,,0,低,76,0,-,652 25,0,38,0.7288,0,0,0,0.0556,0,0.0296,0.1296,0.1593,,,A,◎,,0.2907,0.663,,0.4676,S,88,0,◎1着固定 2-3着流し（5〜8点）,0.5777,"{'is_target': True, 'verdict': '点数絞り', 'max_combo_prob': 0.0842, 'est_top_odds': 15.8, 'circle_concentration': 72.8, 'eligible_count': 6, 'bet_adj': 0, 'reason': 'rel_win1=56.6%（本命度） / 最有力組み合わせ確率: 0.084（推定実オッズ?16倍） / 2着集中度: 上位2艇 72.8%（補正+0.04） / 総合判定確率: 0.124 / → ヒモはやや固め。上位2艇以外を切ること', 'tenji_trigger': '展示確認: 1号艇伸び良→そのまま採用。悪→飛び組に差し替え。circle_pct上位2艇に絞り込むこと。'}",,,26.1,逃げ狙い,10.54,29.2,4,,,,,,,,,,,
2025-09-18,丸亀,3,6,柳内敬太,A2,14.29,6,,2.9248,6.7,66,30.6,0.1782,4.1528,,,0,低,138,0,-,312 24,0,21,0.4931,0,0,0,0.0303,0,0.0705,0.0211,0.0421,,,B,△,,0.2654,0.6035,,0.4676,S,88,0,◎1着固定 2-3着流し（5〜8点）,0.5777,"{'is_target': True, 'verdict': '点数絞り', 'max_combo_prob': 0.0842, 'est_top_odds': 15.8, 'circle_concentration': 72.8, 'eligible_count': 6, 'bet_adj': 0, 'reason': 'rel_win1=56.6%（本命度） / 最有力組み合わせ確率: 0.084（推定実オッズ?16倍） / 2着集中度: 上位2艇 72.8%（補正+0.04） / 総合判定確率: 0.124 / → ヒモはやや固め。上位2艇以外を切ること', 'tenji_trigger': '展示確認: 1号艇伸び良→そのまま採用。悪→飛び組に差し替え。circle_pct上位2艇に絞り込むこと。'}",,,26.1,逃げ狙い,10.54,29.2,4,,,,,,,,,,,
2025-09-18,丸亀,4,1,山口　亮,B1,40.00,1,◎,56.4903,,0,86.8,0.1766,2.934,,,0,低,167,0,逃1%,5 266,0,85.7,1.1143,0.5417,,,,,0.0333,0.3067,0.1533,○,,A,,,,0.5775,,0.4169,S,81,0,◎1着固定 2-3着流し（5〜8点）,0.5777,"{'is_target': True, 'verdict': '点数絞り', 'max_combo_prob': 0.1086, 'est_top_odds': 12.3, 'circle_concentration': 71.8, 'eligible_count': 6, 'bet_adj': 0, 'reason': 'rel_win1=56.5%（本命度） / 最有力組み合わせ確率: 0.109（推定実オッズ?12倍） / 2着集中度: 上位2艇 71.8%（補正+0.04） / 総合判定確率: 0.149 / → ヒモはやや固め。上位2艇以外を切ること', 'tenji_trigger': '展示確認: 1号艇伸び良→そのまま採用。悪→飛び組に差し替え。circle_pct上位2艇に絞り込むこと。'}",,,29.1,逃げ狙い,15.7,33.1,4,,,,,0,0,0.6155,0,,逃げ軸流し,A
2025-09-18,丸亀,4,2,伊藤誠二,B1,0.00,2,▲,15.052,56.9,89,69.2,0.1533,3.0673,,,0,低,64,0,-,3 241,0,60.1,1.1164,0,0.0833,0.0833,0,0.0417,0.2033,0.0133,0.18,,◎,E,◎,,0.5524,0.6735,,0.4169,S,81,0,◎1着固定 2-3着流し（5〜8点）,0.5777,"{'is_target': True, 'verdict': '点数絞り', 'max_combo_prob': 0.1086, 'est_top_odds': 12.3, 'circle_concentration': 71.8, 'eligible_count': 6, 'bet_adj': 0, 'reason': 'rel_win1=56.5%（本命度） / 最有力組み合わせ確率: 0.109（推定実オッズ?12倍） / 2着集中度: 上位2艇 71.8%（補正+0.04） / 総合判定確率: 0.149 / → ヒモはやや固め。上位2艇以外を切ること', 'tenji_trigger': '展示確認: 1号艇伸び良→そのまま採用。悪→飛び組に差し替え。circle_pct上位2艇に絞り込むこと。'}",,,29.1,逃げ狙い,15.7,33.1,4,,,,,,,,,,,
2025-09-18,丸亀,4,3,胡本悟志,B1,0.00,3,,8.277,14.7,89,32.3,0.184,3.5484,,,0,低,123,0,ま0% 差ま0%,4 563,0,19.8,0.6915,0,0,0.0357,0.0357,0,0.4067,0.08,0.0267,,,E,,,0.2472,0.5535,,0.4169,S,81,0,◎1着固定 2-3着流し（5〜8点）,0.5777,"{'is_target': True, 'verdict': '点数絞り', 'max_combo_prob': 0.1086, 'est_top_odds': 12.3, 'circle_concentration': 71.8, 'eligible_count': 6, 'bet_adj': 0, 'reason': 'rel_win1=56.5%（本命度） / 最有力組み合わせ確率: 0.109（推定実オッズ?12倍） / 2着集中度: 上位2艇 71.8%（補正+0.04） / 総合判定確率: 0.149 / → ヒモはやや固め。上位2艇以外を切ること', 'tenji_trigger': '展示確認: 1号艇伸び良→そのまま採用。悪→飛び組に差し替え。circle_pct上位2艇に絞り込むこと。'}",,,29.1,逃げ狙い,15.7,33.1,4,,,,,,,,,,,
2025-09-18,丸亀,4,4,萬　正嗣,B1,42.86,4,○,11.98,14.9,100,38.1,0.1519,3.0119,,,0,低,84,0,-,656 35,0,67,1.0313,,,,,,0.2667,0.2333,0.1333,,○,A,△,◎,0.4094,0.599,0.2969,0.4169,S,81,0,◎1着固定 2-3着流し（5〜8点）,0.5777,"{'is_target': True, 'verdict': '点数絞り', 'max_combo_prob': 0.1086, 'est_top_odds': 12.3, 'circle_concentration': 71.8, 'eligible_count': 6, 'bet_adj': 0, 'reason': 'rel_win1=56.5%（本命度） / 最有力組み合わせ確率: 0.109（推定実オッズ?12倍） / 2着集中度: 上位2艇 71.8%（補正+0.04） / 総合判定確率: 0.149 / → ヒモはやや固め。上位2艇以外を切ること', 'tenji_trigger': '展示確認: 1号艇伸び良→そのまま採用。悪→飛び組に差し替え。circle_pct上位2艇に絞り込むこと。'}",,,29.1,逃げ狙い,15.7,33.1,4,,,,,,,,,,,
2025-09-18,丸亀,4,5,芝田浩治,A2,14.29,5,△,7.1355,11.3,40,37.7,0.1681,3.4057,,,0,低,121,0,差ま0%,26112,0,55.7,1.1764,0,0,0,0.04,0,0.0296,0.0593,0.2185,,,C,○,,0.307,0.6585,,0.4169,S,81,0,◎1着固定 2-3着流し（5〜8点）,0.5777,"{'is_target': True, 'verdict': '点数絞り', 'max_combo_prob': 0.1086, 'est_top_odds': 12.3, 'circle_concentration': 71.8, 'eligible_count': 6, 'bet_adj': 0, 'reason': 'rel_win1=56.5%（本命度） / 最有力組み合わせ確率: 0.109（推定実オッズ?12倍） / 2着集中度: 上位2艇 71.8%（補正+0.04） / 総合判定確率: 0.149 / → ヒモはやや固め。上位2艇以外を切ること', 'tenji_trigger': '展示確認: 1号艇伸び良→そのまま採用。悪→飛び組に差し替え。circle_pct上位2艇に絞り込むこと。'}",,,29.1,逃げ狙い,15.7,33.1,4,,,,,,,,,,,
2025-09-18,丸亀,4,6,齊藤　優,A2,0.00,6,,1.0652,2.2,67,21.3,0.1781,4.2979,,,0,低,103,0,-,464 15,0,76.6,1.4172,,,,,,0.0923,0.3923,0.0462,,,E,△,,0.309,0.6325,,0.4169,S,81,0,◎1着固定 2-3着流し（5〜8点）,0.5777,"{'is_target': True, 'verdict': '点数絞り', 'max_combo_prob': 0.1086, 'est_top_odds': 12.3, 'circle_concentration': 71.8, 'eligible_count': 6, 'bet_adj': 0, 'reason': 'rel_win1=56.5%（本命度） / 最有力組み合わせ確率: 0.109（推定実オッズ?12倍） / 2着集中度: 上位2艇 71.8%（補正+0.04） / 総合判定確率: 0.149 / → ヒモはやや固め。上位2艇以外を切ること', 'tenji_trigger': '展示確認: 1号艇伸び良→そのまま採用。悪→飛び組に差し替え。circle_pct上位2艇に絞り込むこと。'}",,,29.1,逃げ狙い,15.7,33.1,4,,,,,,,,,,,
2025-09-18,丸亀,5,1,中　亮太,A2,55.56,1,◎,59.3801,,0,91.3,0.1428,2.5761,,,0,低,35,0,逃1%,35135,0,89.6,1.1719,0.7083,,,,,0.0833,0.0833,0.125,◎,,A,○,,,0.656,,0.6007,S,100,0,◎1着固定 2-3着流し（5〜8点）,0.5777,"{'is_target': True, 'verdict': '点数絞り', 'max_combo_prob': 0.084, 'est_top_odds': 15.9, 'circle_concentration': 79.0, 'eligible_count': 6, 'bet_adj': 0, 'reason': 'rel_win1=59.4%（本命度） / 最有力組み合わせ確率: 0.084（推定実オッズ?16倍） / 2着集中度: 上位2艇 79.0%（補正+0.04） / 総合判定確率: 0.124 / → ヒモはやや固め。上位2艇以外を切ること', 'tenji_trigger': '展示確認: 1号艇伸び良→そのまま採用。悪→飛び組に差し替え。circle_pct上位2艇に絞り込むこと。'}",,,27,逃げ狙い,16.15,26.7,3,,,,,0,0,0.7559,0,,逃げ軸流し,A
2025-09-18,丸亀,5,2,原村拓也,B1,28.57,2,▲,7.3864,33.5,78,45.7,0.178,4.0071,,,0,低,159,0,-,2 345,0,59.4,1.2703,0,0.0345,0,0,0,0.3114,0.1257,0.02,,,B,,,0.056,0.5855,,0.6007,S,100,0,◎1着固定 2-3着流し（5〜8点）,0.5777,"{'is_target': True, 'verdict': '点数絞り', 'max_combo_prob': 0.084, 'est_top_odds': 15.9, 'circle_concentration': 79.0, 'eligible_count': 6, 'bet_adj': 0, 'reason': 'rel_win1=59.4%（本命度） / 最有力組み合わせ確率: 0.084（推定実オッズ?16倍） / 2着集中度: 上位2艇 79.0%（補正+0.04） / 総合判定確率: 0.124 / → ヒモはやや固め。上位2艇以外を切ること', 'tenji_trigger': '展示確認: 1号艇伸び良→そのまま採用。悪→飛び組に差し替え。circle_pct上位2艇に絞り込むこと。'}",,,27,逃げ狙い,16.15,26.7,3,,,,,,,,,,,
2025-09-18,丸亀,5,3,市川哲也,A2,0.00,3,○,12.8016,45.4,100,70,0.1314,2.61,,,0,低,55,0,-,1 353,0,87.1,1.7171,0,0.04,0.04,0.16,0,0.0256,0.0769,0.1026,,◎,D,◎,,0.3734,0.665,,0.6007,S,100,0,◎1着固定 2-3着流し（5〜8点）,0.5777,"{'is_target': True, 'verdict': '点数絞り', 'max_combo_prob': 0.084, 'est_top_odds': 15.9, 'circle_concentration': 79.0, 'eligible_count': 6, 'bet_adj': 0, 'reason': 'rel_win1=59.4%（本命度） / 最有力組み合わせ確率: 0.084（推定実オッズ?16倍） / 2着集中度: 上位2艇 79.0%（補正+0.04） / 総合判定確率: 0.124 / → ヒモはやや固め。上位2艇以外を切ること', 'tenji_trigger': '展示確認: 1号艇伸び良→そのまま採用。悪→飛び組に差し替え。circle_pct上位2艇に絞り込むこと。'}",,,27,逃げ狙い,16.15,26.7,3,,,,,,,,,,,
2025-09-18,丸亀,5,4,上瀧絢也,B1,0.00,4,,7.4275,9.2,90,26.8,0.1605,3.5976,,,0,低,78,0,-,353 44,0,46.2,1.0079,,,,,,0.0923,0.2423,0,,,D,△,,0.2408,0.595,,0.6007,S,100,0,◎1着固定 2-3着流し（5〜8点）,0.5777,"{'is_target': True, 'verdict': '点数絞り', 'max_combo_prob': 0.084, 'est_top_odds': 15.9, 'circle_concentration': 79.0, 'eligible_count': 6, 'bet_adj': 0, 'reason': 'rel_win1=59.4%（本命度） / 最有力組み合わせ確率: 0.084（推定実オッズ?16倍） / 2着集中度: 上位2艇 79.0%（補正+0.04） / 総合判定確率: 0.124 / → ヒモはやや固め。上位2艇以外を切ること', 'tenji_trigger': '展示確認: 1号艇伸び良→そのまま採用。悪→飛び組に差し替え。circle_pct上位2艇に絞り込むこと。'}",,,27,逃げ狙い,16.15,26.7,3,,,,,,,,,,,
2025-09-18,丸亀,5,5,鈴木唯央,B1,28.57,5,,10.0231,5.3,70,26.3,0.1716,3.25,,,0,低,86,0,差ま0%,456 56,0,52.6,1.0783,0,0,0,0.16,0,0,1,0,,,B,,,0.2184,0.5285,,0.6007,S,100,0,◎1着固定 2-3着流し（5〜8点）,0.5777,"{'is_target': True, 'verdict': '点数絞り', 'max_combo_prob': 0.084, 'est_top_odds': 15.9, 'circle_concentration': 79.0, 'eligible_count': 6, 'bet_adj': 0, 'reason': 'rel_win1=59.4%（本命度） / 最有力組み合わせ確率: 0.084（推定実オッズ?16倍） / 2着集中度: 上位2艇 79.0%（補正+0.04） / 総合判定確率: 0.124 / → ヒモはやや固め。上位2艇以外を切ること', 'tenji_trigger': '展示確認: 1号艇伸び良→そのまま採用。悪→飛び組に差し替え。circle_pct上位2艇に絞り込むこと。'}",,,27,逃げ狙い,16.15,26.7,3,,,,,,,,,,,
2025-09-18,丸亀,5,6,中井俊祐,B1,0.00,6,△,2.9813,6.5,51,21.1,0.1542,3.3269,,,0,低,130,0,-,5 311,0,30,0.74,,,,,,0.1333,0.3167,0.2,,,D,△,,0.2737,0.6095,,0.6007,S,100,0,◎1着固定 2-3着流し（5〜8点）,0.5777,"{'is_target': True, 'verdict': '点数絞り', 'max_combo_prob': 0.084, 'est_top_odds': 15.9, 'circle_concentration': 79.0, 'eligible_count': 6, 'bet_adj': 0, 'reason': 'rel_win1=59.4%（本命度） / 最有力組み合わせ確率: 0.084（推定実オッズ?16倍） / 2着集中度: 上位2艇 79.0%（補正+0.04） / 総合判定確率: 0.124 / → ヒモはやや固め。上位2艇以外を切ること', 'tenji_trigger': '展示確認: 1号艇伸び良→そのまま採用。悪→飛び組に差し替え。circle_pct上位2艇に絞り込むこと。'}",,,27,逃げ狙い,16.15,26.7,3,,,,,,,,,,,
2025-09-18,丸亀,6,1,北川太一,A2,28.57,1,◎,54.6747,,0,80.6,0.1701,3.2847,,,0,低,110,0,逃0%,222 36,0,52.5,0.8837,0.5294,,,,,0,0.1563,0.242,○,,C,△,,,0.6235,,0.4139,A,76,0,◎-○軸 3着3〜4艇流し（10〜15点）,0.5777,"{'is_target': True, 'verdict': '参加推奨', 'max_combo_prob': 0.0761, 'est_top_odds': 17.5, 'circle_concentration': 67.8, 'eligible_count': 8, 'bet_adj': 2, 'reason': 'rel_win1=54.7%（本命度） / 最有力組み合わせ確率: 0.076（推定実オッズ?18倍） / 2着集中度: 上位2艇 67.8%（補正+0.00） / 総合判定確率: 0.076 / → ヒモ分散。1号艇1着固定で広めのヒモ流し推奨（買い目+2点）', 'tenji_trigger': '展示確認: ヒモ分散レース。1号艇伸び確認後、広めのヒモ流しを採用。穴ヒモ（5・6号艇）を積極的に含める。'}",,,28.1,逃げ狙い,17.04,29.1,3,,,,,0,0,0.6155,0,,逃げ軸流し,A
2025-09-18,丸亀,6,2,落合直子,B1,0.00,2,,10.8528,31.1,100,52.9,0.1544,3.1765,,,0,低,40,0,-,416 65,0,35.7,0.884,0,0.1667,0,0,0,0.025,0,0.225,,◎,E,△,,0.4958,0.6465,,0.4139,A,76,0,◎-○軸 3着3〜4艇流し（10〜15点）,0.5777,"{'is_target': True, 'verdict': '参加推奨', 'max_combo_prob': 0.0761, 'est_top_odds': 17.5, 'circle_concentration': 67.8, 'eligible_count': 8, 'bet_adj': 2, 'reason': 'rel_win1=54.7%（本命度） / 最有力組み合わせ確率: 0.076（推定実オッズ?18倍） / 2着集中度: 上位2艇 67.8%（補正+0.00） / 総合判定確率: 0.076 / → ヒモ分散。1号艇1着固定で広めのヒモ流し推奨（買い目+2点）', 'tenji_trigger': '展示確認: ヒモ分散レース。1号艇伸び確認後、広めのヒモ流しを採用。穴ヒモ（5・6号艇）を積極的に含める。'}",,,28.1,逃げ狙い,17.04,29.1,3,,,,,,,,,,,
2025-09-18,丸亀,6,3,木谷賢太,A2,40.00,3,○,21.17,36.8,87,76.9,0.1562,3.0673,,,0,低,107,0,ま0% 差ま0%,131 24,0,43.4,1.0896,0,0,0.12,0.12,0,0.0343,0.0114,0.1957,,○,B,○,,0.3949,0.663,,0.4139,A,76,0,◎-○軸 3着3〜4艇流し（10〜15点）,0.5777,"{'is_target': True, 'verdict': '参加推奨', 'max_combo_prob': 0.0761, 'est_top_odds': 17.5, 'circle_concentration': 67.8, 'eligible_count': 8, 'bet_adj': 2, 'reason': 'rel_win1=54.7%（本命度） / 最有力組み合わせ確率: 0.076（推定実オッズ?18倍） / 2着集中度: 上位2艇 67.8%（補正+0.00） / 総合判定確率: 0.076 / → ヒモ分散。1号艇1着固定で広めのヒモ流し推奨（買い目+2点）', 'tenji_trigger': '展示確認: ヒモ分散レース。1号艇伸び確認後、広めのヒモ流しを採用。穴ヒモ（5・6号艇）を積極的に含める。'}",,,28.1,逃げ狙い,17.04,29.1,3,,,,,,,,,,,
2025-09-18,丸亀,6,4,板倉敦史,B1,50.00,4,▲,5.7157,17.1,63,34.9,0.1876,4.2063,,,0,低,163,0,-,5 546,0,97.7,0.7045,0,0,0.04,0.04,0,0.28,0.32,0.04,,,A,,,0.2402,0.557,,0.4139,A,76,0,◎-○軸 3着3〜4艇流し（10〜15点）,0.5777,"{'is_target': True, 'verdict': '参加推奨', 'max_combo_prob': 0.0761, 'est_top_odds': 17.5, 'circle_concentration': 67.8, 'eligible_count': 8, 'bet_adj': 2, 'reason': 'rel_win1=54.7%（本命度） / 最有力組み合わせ確率: 0.076（推定実オッズ?18倍） / 2着集中度: 上位2艇 67.8%（補正+0.00） / 総合判定確率: 0.076 / → ヒモ分散。1号艇1着固定で広めのヒモ流し推奨（買い目+2点）', 'tenji_trigger': '展示確認: ヒモ分散レース。1号艇伸び確認後、広めのヒモ流しを採用。穴ヒモ（5・6号艇）を積極的に含める。'}",,,28.1,逃げ狙い,17.04,29.1,3,,,,,,,,,,,
2025-09-18,丸亀,6,5,三嶌さら,B1,44.44,5,△,4.5778,8.5,35,16.7,0.1812,4.381,,,0,低,82,0,-,6 665,0,24,0.6229,,,,,,0,0.25,0,,,A,,,0.3012,0.576,,0.4139,A,76,0,◎-○軸 3着3〜4艇流し（10〜15点）,0.5777,"{'is_target': True, 'verdict': '参加推奨', 'max_combo_prob': 0.0761, 'est_top_odds': 17.5, 'circle_concentration': 67.8, 'eligible_count': 8, 'bet_adj': 2, 'reason': 'rel_win1=54.7%（本命度） / 最有力組み合わせ確率: 0.076（推定実オッズ?18倍） / 2着集中度: 上位2艇 67.8%（補正+0.00） / 総合判定確率: 0.076 / → ヒモ分散。1号艇1着固定で広めのヒモ流し推奨（買い目+2点）', 'tenji_trigger': '展示確認: ヒモ分散レース。1号艇伸び確認後、広めのヒモ流しを採用。穴ヒモ（5・6号艇）を積極的に含める。'}",,,28.1,逃げ狙い,17.04,29.1,3,,,,,,,,,,,
2025-09-18,丸亀,6,6,小野達哉,A1,0.00,6,,3.009,6.6,66,41.3,0.1654,3.4286,,,0,低,87,0,-,121 42,0,23,2.0525,,,,,,0.0095,0.0286,0.0286,,,E,◎,,0.3484,0.6745,,0.4139,A,76,0,◎-○軸 3着3〜4艇流し（10〜15点）,0.5777,"{'is_target': True, 'verdict': '参加推奨', 'max_combo_prob': 0.0761, 'est_top_odds': 17.5, 'circle_concentration': 67.8, 'eligible_count': 8, 'bet_adj': 2, 'reason': 'rel_win1=54.7%（本命度） / 最有力組み合わせ確率: 0.076（推定実オッズ?18倍） / 2着集中度: 上位2艇 67.8%（補正+0.00） / 総合判定確率: 0.076 / → ヒモ分散。1号艇1着固定で広めのヒモ流し推奨（買い目+2点）', 'tenji_trigger': '展示確認: ヒモ分散レース。1号艇伸び確認後、広めのヒモ流しを採用。穴ヒモ（5・6号艇）を積極的に含める。'}",,,28.1,逃げ狙い,17.04,29.1,3,,,,,,,,,,,
2025-09-18,丸亀,7,1,田路朋史,A1,14.29,1,◎,62.5456,,0,81,0.1782,3.494,,,0,低,140,0,-,4 3432,0,66.5,0.9129,0.4773,,,,,0.1312,0.1312,0.1675,○,,B,○,,,0.6175,,0.3719,A,78,0,◎-○軸 3着3〜4艇流し（10〜15点）,0.5777,"{'is_target': True, 'verdict': '参加推奨', 'max_combo_prob': 0.0809, 'est_top_odds': 16.5, 'circle_concentration': 66.6, 'eligible_count': 8, 'bet_adj': 2, 'reason': 'rel_win1=62.5%（本命度） / 最有力組み合わせ確率: 0.081（推定実オッズ?16倍） / 2着集中度: 上位2艇 66.6%（補正+0.00） / 総合判定確率: 0.081 / → ヒモ分散。1号艇1着固定で広めのヒモ流し推奨（買い目+2点）', 'tenji_trigger': '展示確認: ヒモ分散レース。1号艇伸び確認後、広めのヒモ流しを採用。穴ヒモ（5・6号艇）を積極的に含める。'}",,,28.6,逃げ狙い,15.76,31.6,5,,,,,0,0,0.6155,0,,逃げ軸流し,A
2025-09-18,丸亀,7,2,冨名腰桃,B1,33.33,2,○,7.7189,40.4,100,28,0.2236,4.14,,,0,低,54,0,-,652 66,0,81.9,1.5841,,,,,,0.3333,0,0.3333,,,A,,,0.0972,0.4145,,0.3719,A,78,0,◎-○軸 3着3〜4艇流し（10〜15点）,0.5777,"{'is_target': True, 'verdict': '参加推奨', 'max_combo_prob': 0.0809, 'est_top_odds': 16.5, 'circle_concentration': 66.6, 'eligible_count': 8, 'bet_adj': 2, 'reason': 'rel_win1=62.5%（本命度） / 最有力組み合わせ確率: 0.081（推定実オッズ?16倍） / 2着集中度: 上位2艇 66.6%（補正+0.00） / 総合判定確率: 0.081 / → ヒモ分散。1号艇1着固定で広めのヒモ流し推奨（買い目+2点）', 'tenji_trigger': '展示確認: ヒモ分散レース。1号艇伸び確認後、広めのヒモ流しを採用。穴ヒモ（5・6号艇）を積極的に含める。'}",,,28.6,逃げ狙い,15.76,31.6,5,,,,,,,,,,,
2025-09-18,丸亀,7,3,花田和明,B1,0.00,3,,6.8597,26.2,95,35.4,0.1835,3.6771,,,0,低,71,0,差0%,545 36,0,59.3,0.6831,0,0.0435,0,0,0,0.0222,0,0.2611,,,D,△,,0.2736,0.6025,,0.3719,A,78,0,◎-○軸 3着3〜4艇流し（10〜15点）,0.5777,"{'is_target': True, 'verdict': '参加推奨', 'max_combo_prob': 0.0809, 'est_top_odds': 16.5, 'circle_concentration': 66.6, 'eligible_count': 8, 'bet_adj': 2, 'reason': 'rel_win1=62.5%（本命度） / 最有力組み合わせ確率: 0.081（推定実オッズ?16倍） / 2着集中度: 上位2艇 66.6%（補正+0.00） / 総合判定確率: 0.081 / → ヒモ分散。1号艇1着固定で広めのヒモ流し推奨（買い目+2点）', 'tenji_trigger': '展示確認: ヒモ分散レース。1号艇伸び確認後、広めのヒモ流しを採用。穴ヒモ（5・6号艇）を積極的に含める。'}",,,28.6,逃げ狙い,15.76,31.6,5,,,,,,,,,,,
2025-09-18,丸亀,7,4,占部一真,B1,0.00,4,,9.2721,12.6,45,26.5,0.1869,4.0368,,,0,低,119,0,差ま0%,6 446,0,18.9,0.5579,0,0,0.0645,0.0323,0,0.1333,0.2,0.2667,,,D,,○,0.28,0.595,0.1053,0.3719,A,78,0,◎-○軸 3着3〜4艇流し（10〜15点）,0.5777,"{'is_target': True, 'verdict': '参加推奨', 'max_combo_prob': 0.0809, 'est_top_odds': 16.5, 'circle_concentration': 66.6, 'eligible_count': 8, 'bet_adj': 2, 'reason': 'rel_win1=62.5%（本命度） / 最有力組み合わせ確率: 0.081（推定実オッズ?16倍） / 2着集中度: 上位2艇 66.6%（補正+0.00） / 総合判定確率: 0.081 / → ヒモ分散。1号艇1着固定で広めのヒモ流し推奨（買い目+2点）', 'tenji_trigger': '展示確認: ヒモ分散レース。1号艇伸び確認後、広めのヒモ流しを採用。穴ヒモ（5・6号艇）を積極的に含める。'}",,,28.6,逃げ狙い,15.76,31.6,5,,,,,,,,,,,
2025-09-18,丸亀,7,5,伊久間陽,B1,0.00,5,▲,12.4853,17.9,64,38.1,0.134,3.0357,,,0,低,57,0,差ま0% 抜0%,6 551,0,84.2,1.3952,0,0,0,0.2222,0.0556,0.0706,0.1906,0.0235,,◎,D,△,◎,0.4883,0.6015,0.4873,0.3719,A,78,0,◎-○軸 3着3〜4艇流し（10〜15点）,0.5777,"{'is_target': True, 'verdict': '参加推奨', 'max_combo_prob': 0.0809, 'est_top_odds': 16.5, 'circle_concentration': 66.6, 'eligible_count': 8, 'bet_adj': 2, 'reason': 'rel_win1=62.5%（本命度） / 最有力組み合わせ確率: 0.081（推定実オッズ?16倍） / 2着集中度: 上位2艇 66.6%（補正+0.00） / 総合判定確率: 0.081 / → ヒモ分散。1号艇1着固定で広めのヒモ流し推奨（買い目+2点）', 'tenji_trigger': '展示確認: ヒモ分散レース。1号艇伸び確認後、広めのヒモ流しを採用。穴ヒモ（5・6号艇）を積極的に含める。'}",,,28.6,逃げ狙い,15.76,31.6,5,,,,,,,,,,,
2025-09-18,丸亀,7,6,末永祐輝,A1,0.00,6,△,1.1184,2.9,96,26.7,0.1715,4.0083,,,0,低,113,0,-,141541,0,27.6,1.1117,,,,,,0.0465,0.1039,0.1132,,,D,◎,,0.3491,0.653,,0.3719,A,78,0,◎-○軸 3着3〜4艇流し（10〜15点）,0.5777,"{'is_target': True, 'verdict': '参加推奨', 'max_combo_prob': 0.0809, 'est_top_odds': 16.5, 'circle_concentration': 66.6, 'eligible_count': 8, 'bet_adj': 2, 'reason': 'rel_win1=62.5%（本命度） / 最有力組み合わせ確率: 0.081（推定実オッズ?16倍） / 2着集中度: 上位2艇 66.6%（補正+0.00） / 総合判定確率: 0.081 / → ヒモ分散。1号艇1着固定で広めのヒモ流し推奨（買い目+2点）', 'tenji_trigger': '展示確認: ヒモ分散レース。1号艇伸び確認後、広めのヒモ流しを採用。穴ヒモ（5・6号艇）を積極的に含める。'}",,,28.6,逃げ狙い,15.76,31.6,5,,,,,,,,,,,
2025-09-18,丸亀,8,1,大須賀友,A1,0.00,1,◎,65.7257,,0,93.9,0.1391,2.9329,,,0,低,116,0,逃1%,135641,0,91.1,1.2088,0.7419,,,,,0.0516,0.1258,0.0129,◎,,D,△,,,0.599,,0.625,S,86,0,◎1着固定 2-3着流し（5〜8点）,0.5777,"{'is_target': True, 'verdict': '点数絞り', 'max_combo_prob': 0.1193, 'est_top_odds': 11.2, 'circle_concentration': 81.5, 'eligible_count': 6, 'bet_adj': 0, 'reason': 'rel_win1=65.7%（本命度） / 最有力組み合わせ確率: 0.119（推定実オッズ?11倍） / 2着集中度: 上位2艇 81.5%（補正+0.04） / 総合判定確率: 0.159 / → ヒモはやや固め。上位2艇以外を切ること', 'tenji_trigger': '展示確認: 1号艇伸び良→そのまま採用。悪→飛び組に差し替え。circle_pct上位2艇に絞り込むこと。\n展示で1号艇スタート超安定(0.139秒)→ヒモ固まり方向に注意'}",,,27.9,逃げ狙い,19.28,26.7,2,,,,,0,0,0.7559,0,,逃げ軸流し,A
2025-09-18,丸亀,8,2,島川海輝,A2,33.33,2,▲,12.5255,57.1,58,55.1,0.1484,3.0918,,,0,低,76,0,-,652 25,0,52.3,1.074,0,0,0.1429,0,0,0.0296,0.1296,0.1593,,,A,◎,,0.2281,0.663,,0.625,S,86,0,◎1着固定 2-3着流し（5〜8点）,0.5777,"{'is_target': True, 'verdict': '点数絞り', 'max_combo_prob': 0.1193, 'est_top_odds': 11.2, 'circle_concentration': 81.5, 'eligible_count': 6, 'bet_adj': 0, 'reason': 'rel_win1=65.7%（本命度） / 最有力組み合わせ確率: 0.119（推定実オッズ?11倍） / 2着集中度: 上位2艇 81.5%（補正+0.04） / 総合判定確率: 0.159 / → ヒモはやや固め。上位2艇以外を切ること', 'tenji_trigger': '展示確認: 1号艇伸び良→そのまま採用。悪→飛び組に差し替え。circle_pct上位2艇に絞り込むこと。\n展示で1号艇スタート超安定(0.139秒)→ヒモ固まり方向に注意'}",,,27.9,逃げ狙い,19.28,26.7,2,,,,,,,,,,,
2025-09-18,丸亀,8,3,金田大輔,B1,0.00,3,,9.249,24.3,100,45.9,0.1656,3.1721,,,0,低,99,0,-,461 56,0,43.8,0.9017,0,0,0.037,0.037,0.037,0.2,0.1,0.1,,,D,△,,0.1519,0.587,,0.625,S,86,0,◎1着固定 2-3着流し（5〜8点）,0.5777,"{'is_target': True, 'verdict': '点数絞り', 'max_combo_prob': 0.1193, 'est_top_odds': 11.2, 'circle_concentration': 81.5, 'eligible_count': 6, 'bet_adj': 0, 'reason': 'rel_win1=65.7%（本命度） / 最有力組み合わせ確率: 0.119（推定実オッズ?11倍） / 2着集中度: 上位2艇 81.5%（補正+0.04） / 総合判定確率: 0.159 / → ヒモはやや固め。上位2艇以外を切ること', 'tenji_trigger': '展示確認: 1号艇伸び良→そのまま採用。悪→飛び組に差し替え。circle_pct上位2艇に絞り込むこと。\n展示で1号艇スタート超安定(0.139秒)→ヒモ固まり方向に注意'}",,,27.9,逃げ狙い,19.28,26.7,2,,,,,,,,,,,
2025-09-18,丸亀,8,4,胡本悟志,B1,0.00,4,△,8.0468,14.5,76,38.5,0.1621,2.9712,,,0,低,123,0,-,4 563,0,66,1.2626,0,0,0.1429,0.0476,0,0.4067,0.08,0.0267,,,D,,◎,0.2277,0.5535,0.2974,0.625,S,86,0,◎1着固定 2-3着流し（5〜8点）,0.5777,"{'is_target': True, 'verdict': '点数絞り', 'max_combo_prob': 0.1193, 'est_top_odds': 11.2, 'circle_concentration': 81.5, 'eligible_count': 6, 'bet_adj': 0, 'reason': 'rel_win1=65.7%（本命度） / 最有力組み合わせ確率: 0.119（推定実オッズ?11倍） / 2着集中度: 上位2艇 81.5%（補正+0.04） / 総合判定確率: 0.159 / → ヒモはやや固め。上位2艇以外を切ること', 'tenji_trigger': '展示確認: 1号艇伸び良→そのまま採用。悪→飛び組に差し替え。circle_pct上位2艇に絞り込むこと。\n展示で1号艇スタート超安定(0.139秒)→ヒモ固まり方向に注意'}",,,27.9,逃げ狙い,19.28,26.7,2,,,,,,,,,,,
2025-09-18,丸亀,8,5,小川日紀,B1,0.00,5,,2.8882,1.5,71,20.3,0.1551,3.0763,,,0,低,96,0,ま0%,5 651,0,25.9,0.5274,0,0,0.0357,0.0357,0,0.1905,0.2857,0.0952,,,D,○,,0.2322,0.601,,0.625,S,86,0,◎1着固定 2-3着流し（5〜8点）,0.5777,"{'is_target': True, 'verdict': '点数絞り', 'max_combo_prob': 0.1193, 'est_top_odds': 11.2, 'circle_concentration': 81.5, 'eligible_count': 6, 'bet_adj': 0, 'reason': 'rel_win1=65.7%（本命度） / 最有力組み合わせ確率: 0.119（推定実オッズ?11倍） / 2着集中度: 上位2艇 81.5%（補正+0.04） / 総合判定確率: 0.159 / → ヒモはやや固め。上位2艇以外を切ること', 'tenji_trigger': '展示確認: 1号艇伸び良→そのまま採用。悪→飛び組に差し替え。circle_pct上位2艇に絞り込むこと。\n展示で1号艇スタート超安定(0.139秒)→ヒモ固まり方向に注意'}",,,27.9,逃げ狙い,19.28,26.7,2,,,,,,,,,,,
2025-09-18,丸亀,8,6,山口　亮,B1,40.00,6,○,1.5648,2.5,68,21.8,0.1971,4.3364,,,0,低,167,0,-,5 266,0,36.3,0.9678,,,,,,0.0333,0.3067,0.1533,,,A,,,0.1383,0.5775,,0.625,S,86,0,◎1着固定 2-3着流し（5〜8点）,0.5777,"{'is_target': True, 'verdict': '点数絞り', 'max_combo_prob': 0.1193, 'est_top_odds': 11.2, 'circle_concentration': 81.5, 'eligible_count': 6, 'bet_adj': 0, 'reason': 'rel_win1=65.7%（本命度） / 最有力組み合わせ確率: 0.119（推定実オッズ?11倍） / 2着集中度: 上位2艇 81.5%（補正+0.04） / 総合判定確率: 0.159 / → ヒモはやや固め。上位2艇以外を切ること', 'tenji_trigger': '展示確認: 1号艇伸び良→そのまま採用。悪→飛び組に差し替え。circle_pct上位2艇に絞り込むこと。\n展示で1号艇スタート超安定(0.139秒)→ヒモ固まり方向に注意'}",,,27.9,逃げ狙い,19.28,26.7,2,,,,,,,,,,,
2025-09-18,丸亀,9,1,市川哲也,A2,0.00,1,◎,66.6227,,0,96,0.1257,2.2303,,,0,低,55,0,逃1%,1 353,0,84.9,1.0574,0.7179,,,,,0.0256,0.0769,0.1026,◎,,C,○,,,0.665,,0.7288,S,86,0,◎1着固定 2-3着流し（5〜8点）,0.5777,"{'is_target': True, 'verdict': '点数絞り', 'max_combo_prob': 0.0955, 'est_top_odds': 14.0, 'circle_concentration': 71.4, 'eligible_count': 6, 'bet_adj': 0, 'reason': 'rel_win1=66.6%（本命度） / 最有力組み合わせ確率: 0.096（推定実オッズ?14倍） / 2着集中度: 上位2艇 71.4%（補正+0.04） / 総合判定確率: 0.136 / → ヒモはやや固め。上位2艇以外を切ること', 'tenji_trigger': '展示確認: 1号艇伸び良→そのまま採用。悪→飛び組に差し替え。circle_pct上位2艇に絞り込むこと。\n展示で1号艇スタート超安定(0.126秒)→ヒモ固まり方向に注意'}",,,25.9,逃げ狙い,14.41,25.1,3,,,,,0,0,0.7559,0,,逃げ軸流し,A
2025-09-18,丸亀,9,2,西原明生,B1,0.00,2,,6.2228,15.6,100,39.7,0.1997,4.6164,,,0,低,192,0,-,162 24,0,21.3,0.7584,,,,,,0.2571,0.2571,0.2762,,,C,△,,0.0775,0.641,,0.7288,S,86,0,◎1着固定 2-3着流し（5〜8点）,0.5777,"{'is_target': True, 'verdict': '点数絞り', 'max_combo_prob': 0.0955, 'est_top_odds': 14.0, 'circle_concentration': 71.4, 'eligible_count': 6, 'bet_adj': 0, 'reason': 'rel_win1=66.6%（本命度） / 最有力組み合わせ確率: 0.096（推定実オッズ?14倍） / 2着集中度: 上位2艇 71.4%（補正+0.04） / 総合判定確率: 0.136 / → ヒモはやや固め。上位2艇以外を切ること', 'tenji_trigger': '展示確認: 1号艇伸び良→そのまま採用。悪→飛び組に差し替え。circle_pct上位2艇に絞り込むこと。\n展示で1号艇スタート超安定(0.126秒)→ヒモ固まり方向に注意'}",,,25.9,逃げ狙い,14.41,25.1,3,,,,,,,,,,,
2025-09-18,丸亀,9,3,渡邉真奈,B2,0.00,3,○,12.4887,39.9,57,50,0.1409,2.5781,,,0,低,39,0,ま0% 差ま0%,336 44,0,48.5,1.051,0,0,0.0667,0.0667,0,0.0571,0.3143,0.3143,,,C,,,0.218,0.5765,,0.7288,S,86,0,◎1着固定 2-3着流し（5〜8点）,0.5777,"{'is_target': True, 'verdict': '点数絞り', 'max_combo_prob': 0.0955, 'est_top_odds': 14.0, 'circle_concentration': 71.4, 'eligible_count': 6, 'bet_adj': 0, 'reason': 'rel_win1=66.6%（本命度） / 最有力組み合わせ確率: 0.096（推定実オッズ?14倍） / 2着集中度: 上位2艇 71.4%（補正+0.04） / 総合判定確率: 0.136 / → ヒモはやや固め。上位2艇以外を切ること', 'tenji_trigger': '展示確認: 1号艇伸び良→そのまま採用。悪→飛び組に差し替え。circle_pct上位2艇に絞り込むこと。\n展示で1号艇スタート超安定(0.126秒)→ヒモ固まり方向に注意'}",,,25.9,逃げ狙い,14.41,25.1,3,,,,,,,,,,,
2025-09-18,丸亀,9,4,齊藤　優,A2,0.00,4,▲,6.6513,31.6,36,45.3,0.1525,3.1719,,,0,低,103,0,-,464 15,0,58.5,0.6294,0,0,0.04,0.04,0.04,0.0923,0.3923,0.0462,,,C,△,◎,0.183,0.6325,0.3363,0.7288,S,86,0,◎1着固定 2-3着流し（5〜8点）,0.5777,"{'is_target': True, 'verdict': '点数絞り', 'max_combo_prob': 0.0955, 'est_top_odds': 14.0, 'circle_concentration': 71.4, 'eligible_count': 6, 'bet_adj': 0, 'reason': 'rel_win1=66.6%（本命度） / 最有力組み合わせ確率: 0.096（推定実オッズ?14倍） / 2着集中度: 上位2艇 71.4%（補正+0.04） / 総合判定確率: 0.136 / → ヒモはやや固め。上位2艇以外を切ること', 'tenji_trigger': '展示確認: 1号艇伸び良→そのまま採用。悪→飛び組に差し替え。circle_pct上位2艇に絞り込むこと。\n展示で1号艇スタート超安定(0.126秒)→ヒモ固まり方向に注意'}",,,25.9,逃げ狙い,14.41,25.1,3,,,,,,,,,,,
2025-09-18,丸亀,9,5,原村拓也,B1,28.57,5,,3.2857,4.3,59,30.9,0.1841,3.8382,,,0,低,159,0,-,2 345,0,25.3,1.0624,,,,,,0.3114,0.1257,0.02,,,A,,,0.1381,0.5855,,0.7288,S,86,0,◎1着固定 2-3着流し（5〜8点）,0.5777,"{'is_target': True, 'verdict': '点数絞り', 'max_combo_prob': 0.0955, 'est_top_odds': 14.0, 'circle_concentration': 71.4, 'eligible_count': 6, 'bet_adj': 0, 'reason': 'rel_win1=66.6%（本命度） / 最有力組み合わせ確率: 0.096（推定実オッズ?14倍） / 2着集中度: 上位2艇 71.4%（補正+0.04） / 総合判定確率: 0.136 / → ヒモはやや固め。上位2艇以外を切ること', 'tenji_trigger': '展示確認: 1号艇伸び良→そのまま採用。悪→飛び組に差し替え。circle_pct上位2艇に絞り込むこと。\n展示で1号艇スタート超安定(0.126秒)→ヒモ固まり方向に注意'}",,,25.9,逃げ狙い,14.41,25.1,3,,,,,,,,,,,
2025-09-18,丸亀,9,6,益田啓司,A2,0.00,6,△,4.7288,8.7,83,41.7,0.1663,3.7333,,,0,低,80,0,-,3 3623,0,59.8,1.1531,0,0.0417,0,0,0.0417,0.131,0.0129,0,,,C,◎,,0.15,0.6665,,0.7288,S,86,0,◎1着固定 2-3着流し（5〜8点）,0.5777,"{'is_target': True, 'verdict': '点数絞り', 'max_combo_prob': 0.0955, 'est_top_odds': 14.0, 'circle_concentration': 71.4, 'eligible_count': 6, 'bet_adj': 0, 'reason': 'rel_win1=66.6%（本命度） / 最有力組み合わせ確率: 0.096（推定実オッズ?14倍） / 2着集中度: 上位2艇 71.4%（補正+0.04） / 総合判定確率: 0.136 / → ヒモはやや固め。上位2艇以外を切ること', 'tenji_trigger': '展示確認: 1号艇伸び良→そのまま採用。悪→飛び組に差し替え。circle_pct上位2艇に絞り込むこと。\n展示で1号艇スタート超安定(0.126秒)→ヒモ固まり方向に注意'}",,,25.9,逃げ狙い,14.41,25.1,3,,,,,,,,,,,
2025-09-18,丸亀,10,1,木谷賢太,A2,40.00,1,◎,62.0728,,0,90,0.1334,2.6357,,,0,低,107,0,逃1%,131 24,0,85,1.089,0.7429,,,,,0.0343,0.0114,0.1957,◎,,A,○,,,0.663,,0.6341,S,86,0,◎1着固定 2-3着流し（5〜8点）,0.5777,"{'is_target': True, 'verdict': '参加推奨', 'max_combo_prob': 0.0722, 'est_top_odds': 18.5, 'circle_concentration': 67.7, 'eligible_count': 6, 'bet_adj': 2, 'reason': 'rel_win1=62.1%（本命度） / 最有力組み合わせ確率: 0.072（推定実オッズ?18倍） / 2着集中度: 上位2艇 67.7%（補正+0.00） / 総合判定確率: 0.072 / → ヒモ分散。1号艇1着固定で広めのヒモ流し推奨（買い目+2点）', 'tenji_trigger': '展示確認: ヒモ分散レース。1号艇伸び確認後、広めのヒモ流しを採用。穴ヒモ（5・6号艇）を積極的に含める。\n展示で1号艇スタート超安定(0.133秒)→ヒモ固まり方向に注意'}",,,26.6,逃げ狙い,16.99,25.1,3,,,,,0,0,0.7559,0,,逃げ軸流し,A
2025-09-18,丸亀,10,2,田邉亮蔵,B1,0.00,2,,9.4867,30.6,88,53.8,0.1777,3.5692,,,0,低,163,0,-,145 25,0,86.7,1.5602,0,0.0606,0.1212,0,0.0303,0.0429,0.2071,0.0571,,,E,△,,0.0704,0.64,,0.6341,S,86,0,◎1着固定 2-3着流し（5〜8点）,0.5777,"{'is_target': True, 'verdict': '参加推奨', 'max_combo_prob': 0.0722, 'est_top_odds': 18.5, 'circle_concentration': 67.7, 'eligible_count': 6, 'bet_adj': 2, 'reason': 'rel_win1=62.1%（本命度） / 最有力組み合わせ確率: 0.072（推定実オッズ?18倍） / 2着集中度: 上位2艇 67.7%（補正+0.00） / 総合判定確率: 0.072 / → ヒモ分散。1号艇1着固定で広めのヒモ流し推奨（買い目+2点）', 'tenji_trigger': '展示確認: ヒモ分散レース。1号艇伸び確認後、広めのヒモ流しを採用。穴ヒモ（5・6号艇）を積極的に含める。\n展示で1号艇スタート超安定(0.133秒)→ヒモ固まり方向に注意'}",,,26.6,逃げ狙い,16.99,25.1,3,,,,,,,,,,,
2025-09-18,丸亀,10,3,田路朋史,A1,14.29,3,▲,13.7683,37.1,93,78.6,0.1763,3.4143,,,0,低,140,0,ま0% 差ま0% 抜0%,4 3432,0,64.6,1.45,0,0,0.1724,0.1034,0.0345,0.1312,0.1312,0.1675,,,D,,,0.1469,0.6175,,0.6341,S,86,0,◎1着固定 2-3着流し（5〜8点）,0.5777,"{'is_target': True, 'verdict': '参加推奨', 'max_combo_prob': 0.0722, 'est_top_odds': 18.5, 'circle_concentration': 67.7, 'eligible_count': 6, 'bet_adj': 2, 'reason': 'rel_win1=62.1%（本命度） / 最有力組み合わせ確率: 0.072（推定実オッズ?18倍） / 2着集中度: 上位2艇 67.7%（補正+0.00） / 総合判定確率: 0.072 / → ヒモ分散。1号艇1着固定で広めのヒモ流し推奨（買い目+2点）', 'tenji_trigger': '展示確認: ヒモ分散レース。1号艇伸び確認後、広めのヒモ流しを採用。穴ヒモ（5・6号艇）を積極的に含める。\n展示で1号艇スタート超安定(0.133秒)→ヒモ固まり方向に注意'}",,,26.6,逃げ狙い,16.99,25.1,3,,,,,,,,,,,
2025-09-18,丸亀,10,4,芝田浩治,A2,14.29,4,△,7.1984,22,77,64.1,0.1538,3.0943,,,0,低,121,0,差0% 差ま0%,26112,0,57.6,1.1936,0,0.0417,0,0.0417,0,0.0296,0.0593,0.2185,,,D,△,◎,0.201,0.6585,0.336,0.6341,S,86,0,◎1着固定 2-3着流し（5〜8点）,0.5777,"{'is_target': True, 'verdict': '参加推奨', 'max_combo_prob': 0.0722, 'est_top_odds': 18.5, 'circle_concentration': 67.7, 'eligible_count': 6, 'bet_adj': 2, 'reason': 'rel_win1=62.1%（本命度） / 最有力組み合わせ確率: 0.072（推定実オッズ?18倍） / 2着集中度: 上位2艇 67.7%（補正+0.00） / 総合判定確率: 0.072 / → ヒモ分散。1号艇1着固定で広めのヒモ流し推奨（買い目+2点）', 'tenji_trigger': '展示確認: ヒモ分散レース。1号艇伸び確認後、広めのヒモ流しを採用。穴ヒモ（5・6号艇）を積極的に含める。\n展示で1号艇スタート超安定(0.133秒)→ヒモ固まり方向に注意'}",,,26.6,逃げ狙い,16.99,25.1,3,,,,,,,,,,,
2025-09-18,丸亀,10,5,喜多須杏,B1,50.00,5,○,6.0643,6.6,100,44.4,0.1581,3.3704,,,0,低,60,0,-,3 235,0,38.7,0.9783,0,0,0,0.0714,0,0,0.1429,0.1429,,,A,,,0.2128,0.62,,0.6341,S,86,0,◎1着固定 2-3着流し（5〜8点）,0.5777,"{'is_target': True, 'verdict': '参加推奨', 'max_combo_prob': 0.0722, 'est_top_odds': 18.5, 'circle_concentration': 67.7, 'eligible_count': 6, 'bet_adj': 2, 'reason': 'rel_win1=62.1%（本命度） / 最有力組み合わせ確率: 0.072（推定実オッズ?18倍） / 2着集中度: 上位2艇 67.7%（補正+0.00） / 総合判定確率: 0.072 / → ヒモ分散。1号艇1着固定で広めのヒモ流し推奨（買い目+2点）', 'tenji_trigger': '展示確認: ヒモ分散レース。1号艇伸び確認後、広めのヒモ流しを採用。穴ヒモ（5・6号艇）を積極的に含める。\n展示で1号艇スタート超安定(0.133秒)→ヒモ固まり方向に注意'}",,,26.6,逃げ狙い,16.99,25.1,3,,,,,,,,,,,
2025-09-18,丸亀,10,6,伊藤誠二,B1,0.00,6,,1.4095,3.7,54,21.4,0.1591,3.6518,,,0,低,64,0,-,3 241,0,30.7,0.9544,,,,,,0.2033,0.0133,0.18,,,E,◎,,0.231,0.6735,,0.6341,S,86,0,◎1着固定 2-3着流し（5〜8点）,0.5777,"{'is_target': True, 'verdict': '参加推奨', 'max_combo_prob': 0.0722, 'est_top_odds': 18.5, 'circle_concentration': 67.7, 'eligible_count': 6, 'bet_adj': 2, 'reason': 'rel_win1=62.1%（本命度） / 最有力組み合わせ確率: 0.072（推定実オッズ?18倍） / 2着集中度: 上位2艇 67.7%（補正+0.00） / 総合判定確率: 0.072 / → ヒモ分散。1号艇1着固定で広めのヒモ流し推奨（買い目+2点）', 'tenji_trigger': '展示確認: ヒモ分散レース。1号艇伸び確認後、広めのヒモ流しを採用。穴ヒモ（5・6号艇）を積極的に含める。\n展示で1号艇スタート超安定(0.133秒)→ヒモ固まり方向に注意'}",,,26.6,逃げ狙い,16.99,25.1,3,,,,,,,,,,,
2025-09-18,丸亀,11,1,柳内敬太,A2,14.29,1,◎,52.4832,,0,87.4,0.1306,2.3218,,,0,低,138,0,逃1%,312 24,0,52,0.9359,0.7632,,,,,0.0705,0.0211,0.0421,◎,,C,,,,0.6035,,0.6592,A,68,0,◎-○軸 3着3〜4艇流し（10〜15点）,0.5777,"{'is_target': True, 'verdict': '点数絞り', 'max_combo_prob': 0.0906, 'est_top_odds': 14.7, 'circle_concentration': 71.0, 'eligible_count': 8, 'bet_adj': 0, 'reason': 'rel_win1=52.5%（本命度） / 最有力組み合わせ確率: 0.091（推定実オッズ?15倍） / 2着集中度: 上位2艇 71.0%（補正+0.04） / 総合判定確率: 0.131 / → ヒモはやや固め。上位2艇以外を切ること', 'tenji_trigger': '展示確認: 1号艇伸び良→そのまま採用。悪→飛び組に差し替え。circle_pct上位2艇に絞り込むこと。\n展示で1号艇スタート超安定(0.131秒)→ヒモ固まり方向に注意'}",,,29,逃げ狙い,25.59,24.5,2,,,,,0,0,0.7559,0,,逃げ軸流し,A
2025-09-18,丸亀,11,2,小野達哉,A1,0.00,2,△,23.2669,37.8,58,79.4,0.146,3.1111,,,0,低,87,0,-,121 42,0,56.5,1.0119,0,0.1786,0.0714,0,0.0357,0.0095,0.0286,0.0286,,,E,◎,,0.1842,0.6745,,0.6592,A,68,0,◎-○軸 3着3〜4艇流し（10〜15点）,0.5777,"{'is_target': True, 'verdict': '点数絞り', 'max_combo_prob': 0.0906, 'est_top_odds': 14.7, 'circle_concentration': 71.0, 'eligible_count': 8, 'bet_adj': 0, 'reason': 'rel_win1=52.5%（本命度） / 最有力組み合わせ確率: 0.091（推定実オッズ?15倍） / 2着集中度: 上位2艇 71.0%（補正+0.04） / 総合判定確率: 0.131 / → ヒモはやや固め。上位2艇以外を切ること', 'tenji_trigger': '展示確認: 1号艇伸び良→そのまま採用。悪→飛び組に差し替え。circle_pct上位2艇に絞り込むこと。\n展示で1号艇スタート超安定(0.131秒)→ヒモ固まり方向に注意'}",,,29,逃げ狙い,25.59,24.5,2,,,,,,,,,,,
2025-09-18,丸亀,11,3,大須賀友,A1,0.00,3,,9.1773,33.2,55,81.4,0.1724,3.2288,,,0,低,116,0,-,135641,0,50,1.3858,0,0,0.12,0.08,0,0.0516,0.1258,0.0129,,,E,,,0.1296,0.599,,0.6592,A,68,0,◎-○軸 3着3〜4艇流し（10〜15点）,0.5777,"{'is_target': True, 'verdict': '点数絞り', 'max_combo_prob': 0.0906, 'est_top_odds': 14.7, 'circle_concentration': 71.0, 'eligible_count': 8, 'bet_adj': 0, 'reason': 'rel_win1=52.5%（本命度） / 最有力組み合わせ確率: 0.091（推定実オッズ?15倍） / 2着集中度: 上位2艇 71.0%（補正+0.04） / 総合判定確率: 0.131 / → ヒモはやや固め。上位2艇以外を切ること', 'tenji_trigger': '展示確認: 1号艇伸び良→そのまま採用。悪→飛び組に差し替え。circle_pct上位2艇に絞り込むこと。\n展示で1号艇スタート超安定(0.131秒)→ヒモ固まり方向に注意'}",,,29,逃げ狙い,25.59,24.5,2,,,,,,,,,,,
2025-09-18,丸亀,11,4,末永祐輝,A1,0.00,4,,8.6318,12.2,100,68.5,0.1522,2.9907,,,0,低,113,0,-,141541,0,97.1,1.8717,0,0,0.1111,0.1111,0,0.0465,0.1039,0.1132,,,E,△,◎,0.2287,0.653,0.3473,0.6592,A,68,0,◎-○軸 3着3〜4艇流し（10〜15点）,0.5777,"{'is_target': True, 'verdict': '点数絞り', 'max_combo_prob': 0.0906, 'est_top_odds': 14.7, 'circle_concentration': 71.0, 'eligible_count': 8, 'bet_adj': 0, 'reason': 'rel_win1=52.5%（本命度） / 最有力組み合わせ確率: 0.091（推定実オッズ?15倍） / 2着集中度: 上位2艇 71.0%（補正+0.04） / 総合判定確率: 0.131 / → ヒモはやや固め。上位2艇以外を切ること', 'tenji_trigger': '展示確認: 1号艇伸び良→そのまま採用。悪→飛び組に差し替え。circle_pct上位2艇に絞り込むこと。\n展示で1号艇スタート超安定(0.131秒)→ヒモ固まり方向に注意'}",,,29,逃げ狙い,25.59,24.5,2,,,,,,,,,,,
2025-09-18,丸亀,11,5,北川太一,A2,28.57,5,▲,4.5712,11.8,32,42.2,0.143,3.4922,,,0,低,110,0,差ま0%,222 36,0,45.6,1.1471,0,0,0,0.0476,0,0,0.1563,0.242,,,B,△,○,0.2422,0.6235,0.3089,0.6592,A,68,0,◎-○軸 3着3〜4艇流し（10〜15点）,0.5777,"{'is_target': True, 'verdict': '点数絞り', 'max_combo_prob': 0.0906, 'est_top_odds': 14.7, 'circle_concentration': 71.0, 'eligible_count': 8, 'bet_adj': 0, 'reason': 'rel_win1=52.5%（本命度） / 最有力組み合わせ確率: 0.091（推定実オッズ?15倍） / 2着集中度: 上位2艇 71.0%（補正+0.04） / 総合判定確率: 0.131 / → ヒモはやや固め。上位2艇以外を切ること', 'tenji_trigger': '展示確認: 1号艇伸び良→そのまま採用。悪→飛び組に差し替え。circle_pct上位2艇に絞り込むこと。\n展示で1号艇スタート超安定(0.131秒)→ヒモ固まり方向に注意'}",,,29,逃げ狙い,25.59,24.5,2,,,,,,,,,,,
2025-09-18,丸亀,11,6,中　亮太,A2,55.56,6,○,1.8695,5,32,36.1,0.1642,3.9306,,,0,低,35,0,-,35135,0,32.6,1.4,,,,,,0.0833,0.0833,0.125,,,A,○,,0.2066,0.656,,0.6592,A,68,0,◎-○軸 3着3〜4艇流し（10〜15点）,0.5777,"{'is_target': True, 'verdict': '点数絞り', 'max_combo_prob': 0.0906, 'est_top_odds': 14.7, 'circle_concentration': 71.0, 'eligible_count': 8, 'bet_adj': 0, 'reason': 'rel_win1=52.5%（本命度） / 最有力組み合わせ確率: 0.091（推定実オッズ?15倍） / 2着集中度: 上位2艇 71.0%（補正+0.04） / 総合判定確率: 0.131 / → ヒモはやや固め。上位2艇以外を切ること', 'tenji_trigger': '展示確認: 1号艇伸び良→そのまま採用。悪→飛び組に差し替え。circle_pct上位2艇に絞り込むこと。\n展示で1号艇スタート超安定(0.131秒)→ヒモ固まり方向に注意'}",,,29,逃げ狙い,25.59,24.5,2,,,,,,,,,,,
2025-09-18,丸亀,12,1,平尾崇典,A1,66.67,1,◎,63.0942,,0,92,0.1577,3.4667,,,0,低,104,0,逃1%,111 14,0,71.6,1.0109,0.6667,,,,,0.0278,0.0833,0.1389,◎,,A,,,,0.6045,,0.4692,S,88,0,◎1着固定 2-3着流し（5〜8点）,0.5777,"{'is_target': True, 'verdict': '参加推奨', 'max_combo_prob': 0.0675, 'est_top_odds': 19.8, 'circle_concentration': 68.9, 'eligible_count': 6, 'bet_adj': 2, 'reason': 'rel_win1=63.1%（本命度） / 最有力組み合わせ確率: 0.067（推定実オッズ?20倍） / 2着集中度: 上位2艇 68.9%（補正+0.00） / 総合判定確率: 0.067 / → ヒモ分散。1号艇1着固定で広めのヒモ流し推奨（買い目+2点）', 'tenji_trigger': '展示確認: ヒモ分散レース。1号艇伸び確認後、広めのヒモ流しを採用。穴ヒモ（5・6号艇）を積極的に含める。'}",,,23.7,逃げ狙い,21.48,27,3,,,,,0,0,0.7559,0,,逃げ軸流し,A
2025-09-18,丸亀,12,2,三浦永理,A1,28.57,2,△,10.3661,37.7,100,68,0.162,3.6,,,0,低,43,0,差0%,425 21,0,84.2,1.0807,0,0.1333,0,0,0,0.0167,0.05,0.1867,,,C,○,,0.2917,0.678,,0.4692,S,88,0,◎1着固定 2-3着流し（5〜8点）,0.5777,"{'is_target': True, 'verdict': '参加推奨', 'max_combo_prob': 0.0675, 'est_top_odds': 19.8, 'circle_concentration': 68.9, 'eligible_count': 6, 'bet_adj': 2, 'reason': 'rel_win1=63.1%（本命度） / 最有力組み合わせ確率: 0.067（推定実オッズ?20倍） / 2着集中度: 上位2艇 68.9%（補正+0.00） / 総合判定確率: 0.067 / → ヒモ分散。1号艇1着固定で広めのヒモ流し推奨（買い目+2点）', 'tenji_trigger': '展示確認: ヒモ分散レース。1号艇伸び確認後、広めのヒモ流しを採用。穴ヒモ（5・6号艇）を積極的に含める。'}",,,23.7,逃げ狙い,21.48,27,3,,,,,,,,,,,
2025-09-18,丸亀,12,3,井上一輝,A1,14.29,3,▲,10.245,31.2,74,69.6,0.1272,2.6159,,,0,低,55,0,-,26313,0,26.6,0.8644,0,0,0.1,0.0667,0.0667,0.025,0.025,0.025,,◎,D,◎,,0.4615,0.691,,0.4692,S,88,0,◎1着固定 2-3着流し（5〜8点）,0.5777,"{'is_target': True, 'verdict': '参加推奨', 'max_combo_prob': 0.0675, 'est_top_odds': 19.8, 'circle_concentration': 68.9, 'eligible_count': 6, 'bet_adj': 2, 'reason': 'rel_win1=63.1%（本命度） / 最有力組み合わせ確率: 0.067（推定実オッズ?20倍） / 2着集中度: 上位2艇 68.9%（補正+0.00） / 総合判定確率: 0.067 / → ヒモ分散。1号艇1着固定で広めのヒモ流し推奨（買い目+2点）', 'tenji_trigger': '展示確認: ヒモ分散レース。1号艇伸び確認後、広めのヒモ流しを採用。穴ヒモ（5・6号艇）を積極的に含める。'}",,,23.7,逃げ狙い,21.48,27,3,,,,,,,,,,,
2025-09-18,丸亀,12,4,佐々木和,A2,0.00,4,,9.8174,21.4,98,63.3,0.1537,3.7143,,,0,低,141,0,-,1 132,0,48.3,1.0457,0,0.16,0.04,0,0,0.041,0.1815,0.1815,,,E,△,◎,0.3345,0.657,0.4144,0.4692,S,88,0,◎1着固定 2-3着流し（5〜8点）,0.5777,"{'is_target': True, 'verdict': '参加推奨', 'max_combo_prob': 0.0675, 'est_top_odds': 19.8, 'circle_concentration': 68.9, 'eligible_count': 6, 'bet_adj': 2, 'reason': 'rel_win1=63.1%（本命度） / 最有力組み合わせ確率: 0.067（推定実オッズ?20倍） / 2着集中度: 上位2艇 68.9%（補正+0.00） / 総合判定確率: 0.067 / → ヒモ分散。1号艇1着固定で広めのヒモ流し推奨（買い目+2点）', 'tenji_trigger': '展示確認: ヒモ分散レース。1号艇伸び確認後、広めのヒモ流しを採用。穴ヒモ（5・6号艇）を積極的に含める。'}",,,23.7,逃げ狙い,21.48,27,3,,,,,,,,,,,
2025-09-18,丸亀,12,5,藤原菜希,A2,40.00,5,○,5.6477,7.2,99,54.5,0.1605,2.8636,,,0,低,33,0,-,2 423,0,47.8,1.4993,,,,,,0.1429,0.1429,0.0714,,,B,,,0.3142,0.6005,,0.4692,S,88,0,◎1着固定 2-3着流し（5〜8点）,0.5777,"{'is_target': True, 'verdict': '参加推奨', 'max_combo_prob': 0.0675, 'est_top_odds': 19.8, 'circle_concentration': 68.9, 'eligible_count': 6, 'bet_adj': 2, 'reason': 'rel_win1=63.1%（本命度） / 最有力組み合わせ確率: 0.067（推定実オッズ?20倍） / 2着集中度: 上位2艇 68.9%（補正+0.00） / 総合判定確率: 0.067 / → ヒモ分散。1号艇1着固定で広めのヒモ流し推奨（買い目+2点）', 'tenji_trigger': '展示確認: ヒモ分散レース。1号艇伸び確認後、広めのヒモ流しを採用。穴ヒモ（5・6号艇）を積極的に含める。'}",,,23.7,逃げ狙い,21.48,27,3,,,,,,,,,,,
2025-09-18,丸亀,12,6,宮崎　奨,A2,14.29,6,,0.8297,2.5,78,29,0.1816,4.4032,,,0,低,134,0,-,3 441,0,88.6,1.6817,,,,,,0.0343,0.1571,0.2686,,,D,△,,0.2465,0.658,,0.4692,S,88,0,◎1着固定 2-3着流し（5〜8点）,0.5777,"{'is_target': True, 'verdict': '参加推奨', 'max_combo_prob': 0.0675, 'est_top_odds': 19.8, 'circle_concentration': 68.9, 'eligible_count': 6, 'bet_adj': 2, 'reason': 'rel_win1=63.1%（本命度） / 最有力組み合わせ確率: 0.067（推定実オッズ?20倍） / 2着集中度: 上位2艇 68.9%（補正+0.00） / 総合判定確率: 0.067 / → ヒモ分散。1号艇1着固定で広めのヒモ流し推奨（買い目+2点）', 'tenji_trigger': '展示確認: ヒモ分散レース。1号艇伸び確認後、広めのヒモ流しを採用。穴ヒモ（5・6号艇）を積極的に含める。'}",,,23.7,逃げ狙い,21.48,27,3,,,,,,,,,,,
2025-09-25,丸亀,1,1,塩田雄一,B1,33.33,1,◎,52.9743,,0,62,0.1856,3.79,,,0,低,147,0,逃0%,,0,59.6,0.8944,0.2381,,,,,0.4143,0.0952,0.2071,△,,C,,,,0.5565,,0.2256,B,49,0,◎○△フォーメーション（15〜20点）,0.5777,"{'is_target': True, 'verdict': '参加推奨', 'max_combo_prob': 0.0772, 'est_top_odds': 17.3, 'circle_concentration': 64.0, 'eligible_count': 9, 'bet_adj': 2, 'reason': 'rel_win1=53.0%（本命度） / 最有力組み合わせ確率: 0.077（推定実オッズ?17倍） / 2着集中度: 上位2艇 64.0%（補正+0.00） / 総合判定確率: 0.077 / → ヒモ分散。1号艇1着固定で広めのヒモ流し推奨（買い目+2点）', 'tenji_trigger': '展示確認: ヒモ分散レース。1号艇伸び確認後、広めのヒモ流しを採用。穴ヒモ（5・6号艇）を積極的に含める。\n展示で1号艇スタート遅め(0.186秒)確認→ヒモが荒れやすい'}",,,30.5,両建て推奨,9.66,42.5,4,4-5-1|4-5-6|1-2-4|1-3-4|1-2-3|1-3-2|1-4-3,2-1-3|3-1-5|2-1-5|3-5-1|4-5-1|2-3-1|4-5-6|1-2-4|1-3-4|1-2-3|1-3-2|1-4-3,4-5-1:1.46%|4-5-6:1.35%|1-2-4:7.58%|1-3-4:6.68%|1-2-3:5.28%|1-3-2:4.15%|1-4-3:3.87%,4-5-1:B_main|4-5-6:B_main|1-2-4:A|1-3-4:A|1-2-3:A|1-3-2:A|1-4-3:A,7,12,0.4535,1,[!]見送り推奨（主役決まり手「まくり」― 逃げ劣勢レースで的中実績なし）,荒れ広め,D
2025-09-25,丸亀,1,2,宮地博士,B1,37.50,2,▲,13.5789,35.6,78,44.6,0.1891,4.3446,,,0,低,189,0,差0%,,0,34,0.7779,0,0.0909,0,0,0,0.0952,0.0762,0.1771,,△,B,,,0.3471,0.5195,,0.2256,B,49,0,◎○△フォーメーション（15〜20点）,0.5777,"{'is_target': True, 'verdict': '参加推奨', 'max_combo_prob': 0.0772, 'est_top_odds': 17.3, 'circle_concentration': 64.0, 'eligible_count': 9, 'bet_adj': 2, 'reason': 'rel_win1=53.0%（本命度） / 最有力組み合わせ確率: 0.077（推定実オッズ?17倍） / 2着集中度: 上位2艇 64.0%（補正+0.00） / 総合判定確率: 0.077 / → ヒモ分散。1号艇1着固定で広めのヒモ流し推奨（買い目+2点）', 'tenji_trigger': '展示確認: ヒモ分散レース。1号艇伸び確認後、広めのヒモ流しを採用。穴ヒモ（5・6号艇）を積極的に含める。\n展示で1号艇スタート遅め(0.186秒)確認→ヒモが荒れやすい'}",,,30.5,両建て推奨,9.66,42.5,4,,,,,,,,,,,
2025-09-25,丸亀,1,3,久富政弘,B1,28.57,3,△,10.7541,28.5,84,50,0.174,3.7177,,,0,低,199,0,ま0%,,0,37.6,0.9681,0,0,0.1071,0,0,0.2308,0.1538,0.0769,,○,C,○,,0.3916,0.593,,0.2256,B,49,0,◎○△フォーメーション（15〜20点）,0.5777,"{'is_target': True, 'verdict': '参加推奨', 'max_combo_prob': 0.0772, 'est_top_odds': 17.3, 'circle_concentration': 64.0, 'eligible_count': 9, 'bet_adj': 2, 'reason': 'rel_win1=53.0%（本命度） / 最有力組み合わせ確率: 0.077（推定実オッズ?17倍） / 2着集中度: 上位2艇 64.0%（補正+0.00） / 総合判定確率: 0.077 / → ヒモ分散。1号艇1着固定で広めのヒモ流し推奨（買い目+2点）', 'tenji_trigger': '展示確認: ヒモ分散レース。1号艇伸び確認後、広めのヒモ流しを採用。穴ヒモ（5・6号艇）を積極的に含める。\n展示で1号艇スタート遅め(0.186秒)確認→ヒモが荒れやすい'}",,,30.5,両建て推奨,9.66,42.5,4,,,,,,,,,,,
2025-09-25,丸亀,1,4,中村　真,B1,10.00,4,,16.2171,17.7,100,58.5,0.1555,3.0755,,,0,低,111,0,ま0% 差ま0%,,0,85.6,1.4543,0,0,0.0769,0.0385,0,0.0522,0.2196,0.0174,,◎,E,△,◎,0.4271,0.584,0.3924,0.2256,B,49,0,◎○△フォーメーション（15〜20点）,0.5777,"{'is_target': True, 'verdict': '参加推奨', 'max_combo_prob': 0.0772, 'est_top_odds': 17.3, 'circle_concentration': 64.0, 'eligible_count': 9, 'bet_adj': 2, 'reason': 'rel_win1=53.0%（本命度） / 最有力組み合わせ確率: 0.077（推定実オッズ?17倍） / 2着集中度: 上位2艇 64.0%（補正+0.00） / 総合判定確率: 0.077 / → ヒモ分散。1号艇1着固定で広めのヒモ流し推奨（買い目+2点）', 'tenji_trigger': '展示確認: ヒモ分散レース。1号艇伸び確認後、広めのヒモ流しを採用。穴ヒモ（5・6号艇）を積極的に含める。\n展示で1号艇スタート遅め(0.186秒)確認→ヒモが荒れやすい'}",,,30.5,両建て推奨,9.66,42.5,4,,,,,,,,,,,
2025-09-25,丸亀,1,5,今坂晃広,B1,44.44,5,○,5.0877,13.6,34,22.8,0.1804,3.9474,,,0,低,154,0,ま0%,,0,30.6,0.7069,0,0,0.0385,0,0,0.0462,0.1969,0.0462,,,A,◎,,0.3155,0.681,,0.2256,B,49,0,◎○△フォーメーション（15〜20点）,0.5777,"{'is_target': True, 'verdict': '参加推奨', 'max_combo_prob': 0.0772, 'est_top_odds': 17.3, 'circle_concentration': 64.0, 'eligible_count': 9, 'bet_adj': 2, 'reason': 'rel_win1=53.0%（本命度） / 最有力組み合わせ確率: 0.077（推定実オッズ?17倍） / 2着集中度: 上位2艇 64.0%（補正+0.00） / 総合判定確率: 0.077 / → ヒモ分散。1号艇1着固定で広めのヒモ流し推奨（買い目+2点）', 'tenji_trigger': '展示確認: ヒモ分散レース。1号艇伸び確認後、広めのヒモ流しを採用。穴ヒモ（5・6号艇）を積極的に含める。\n展示で1号艇スタート遅め(0.186秒)確認→ヒモが荒れやすい'}",,,30.5,両建て推奨,9.66,42.5,4,,,,,,,,,,,
2025-09-25,丸亀,1,6,岩津徹郎,B1,15.79,6,,1.3879,4.7,26,19.1,0.1943,4.7872,,,0,低,117,0,-,,0,22.8,0.7986,,,,,,0.0706,0.0941,0.2706,,,E,△,,0.3,0.574,,0.2256,B,49,0,◎○△フォーメーション（15〜20点）,0.5777,"{'is_target': True, 'verdict': '参加推奨', 'max_combo_prob': 0.0772, 'est_top_odds': 17.3, 'circle_concentration': 64.0, 'eligible_count': 9, 'bet_adj': 2, 'reason': 'rel_win1=53.0%（本命度） / 最有力組み合わせ確率: 0.077（推定実オッズ?17倍） / 2着集中度: 上位2艇 64.0%（補正+0.00） / 総合判定確率: 0.077 / → ヒモ分散。1号艇1着固定で広めのヒモ流し推奨（買い目+2点）', 'tenji_trigger': '展示確認: ヒモ分散レース。1号艇伸び確認後、広めのヒモ流しを採用。穴ヒモ（5・6号艇）を積極的に含める。\n展示で1号艇スタート遅め(0.186秒)確認→ヒモが荒れやすい'}",,,30.5,両建て推奨,9.66,42.5,4,,,,,,,,,,,
2025-09-25,丸亀,2,1,川村正輝,B1,40.00,1,◎,53.5755,,0,79.5,0.1709,3.375,,,0,低,140,0,逃0%,,0,82.5,1.0276,0.3333,,,,,0.1667,0.1667,0.1667,△,,A,,,,0.57,,0.3226,A,71,0,◎-○軸 3着3〜4艇流し（10〜15点）,0.5777,"{'is_target': True, 'verdict': '点数絞り', 'max_combo_prob': 0.1131, 'est_top_odds': 11.8, 'circle_concentration': 83.3, 'eligible_count': 8, 'bet_adj': 0, 'reason': 'rel_win1=53.6%（本命度） / 最有力組み合わせ確率: 0.113（推定実オッズ?12倍） / 2着集中度: 上位2艇 83.3%（補正+0.04） / 総合判定確率: 0.153 / → ヒモはやや固め。上位2艇以外を切ること', 'tenji_trigger': '展示確認: 1号艇伸び良→そのまま採用。悪→飛び組に差し替え。circle_pct上位2艇に絞り込むこと。'}",,,34.5,逃げ狙い,15.9,34.3,2,2-1-3|1-2-3|1-2-4|1-3-2|1-3-4|1-4-3,2-1-3|6-1-3|5-1-6|6-1-4|5-6-1|5-1-3|6-3-1|1-2-3|1-2-4|1-3-2|1-3-4|1-4-3,2-1-3:3.37%|1-2-3:9.47%|1-2-4:7.79%|1-3-2:5.33%|1-3-4:5.17%|1-4-3:3.38%,2-1-3:B_main|1-2-3:A|1-2-4:A|1-3-2:A|1-3-4:A|1-4-3:A,6,12,0.4535,1,[!]見送り推奨（主役決まり手「差し」― 逃げ劣勢レースで的中実績なし）,荒れ広め,D
2025-09-25,丸亀,2,2,滝沢芳行,B1,10.00,2,△,13.3331,52.3,43,50.9,0.1389,2.6754,,,0,低,85,0,-,,0,40.3,0.8628,,,,,,0.18,0.18,0.064,,◎,D,△,,0.5775,0.628,,0.3226,A,71,0,◎-○軸 3着3〜4艇流し（10〜15点）,0.5777,"{'is_target': True, 'verdict': '点数絞り', 'max_combo_prob': 0.1131, 'est_top_odds': 11.8, 'circle_concentration': 83.3, 'eligible_count': 8, 'bet_adj': 0, 'reason': 'rel_win1=53.6%（本命度） / 最有力組み合わせ確率: 0.113（推定実オッズ?12倍） / 2着集中度: 上位2艇 83.3%（補正+0.04） / 総合判定確率: 0.153 / → ヒモはやや固め。上位2艇以外を切ること', 'tenji_trigger': '展示確認: 1号艇伸び良→そのまま採用。悪→飛び組に差し替え。circle_pct上位2艇に絞り込むこと。'}",,,34.5,逃げ狙い,15.9,34.3,2,,,,,,,,,,,
2025-09-25,丸亀,2,3,馬袋義則,A1,20.00,3,▲,16.0709,30.9,100,69.3,0.1408,3.0333,,,0,低,78,0,ま0% 差ま0% 抜0%,,0,76.1,1.395,0,0,0.0323,0.0323,0.0645,0.129,0.1771,0.1771,,△,C,◎,,0.4321,0.656,,0.3226,A,71,0,◎-○軸 3着3〜4艇流し（10〜15点）,0.5777,"{'is_target': True, 'verdict': '点数絞り', 'max_combo_prob': 0.1131, 'est_top_odds': 11.8, 'circle_concentration': 83.3, 'eligible_count': 8, 'bet_adj': 0, 'reason': 'rel_win1=53.6%（本命度） / 最有力組み合わせ確率: 0.113（推定実オッズ?12倍） / 2着集中度: 上位2艇 83.3%（補正+0.04） / 総合判定確率: 0.153 / → ヒモはやや固め。上位2艇以外を切ること', 'tenji_trigger': '展示確認: 1号艇伸び良→そのまま採用。悪→飛び組に差し替え。circle_pct上位2艇に絞り込むこと。'}",,,34.5,逃げ狙い,15.9,34.3,2,,,,,,,,,,,
2025-09-25,丸亀,2,4,中里英夫,A2,30.00,4,○,11.2371,13.6,87,45.3,0.1851,4.4906,,,0,低,123,0,差0% 差ま0%,,0,57,1.0902,0,0.0769,0,0.0385,0,0.1292,0.2458,0.1958,,,B,△,,0.235,0.641,,0.3226,A,71,0,◎-○軸 3着3〜4艇流し（10〜15点）,0.5777,"{'is_target': True, 'verdict': '点数絞り', 'max_combo_prob': 0.1131, 'est_top_odds': 11.8, 'circle_concentration': 83.3, 'eligible_count': 8, 'bet_adj': 0, 'reason': 'rel_win1=53.6%（本命度） / 最有力組み合わせ確率: 0.113（推定実オッズ?12倍） / 2着集中度: 上位2艇 83.3%（補正+0.04） / 総合判定確率: 0.153 / → ヒモはやや固め。上位2艇以外を切ること', 'tenji_trigger': '展示確認: 1号艇伸び良→そのまま採用。悪→飛び組に差し替え。circle_pct上位2艇に絞り込むこと。'}",,,34.5,逃げ狙い,15.9,34.3,2,,,,,,,,,,,
2025-09-25,丸亀,2,5,角浜　修,B1,30.00,5,,3.2554,2.1,43,13.1,0.1854,4.0656,,,0,低,134,0,-,,0,26.2,0.5862,,,,,,0.0833,0.15,0.15,,,B,,,0.2668,0.6255,,0.3226,A,71,0,◎-○軸 3着3〜4艇流し（10〜15点）,0.5777,"{'is_target': True, 'verdict': '点数絞り', 'max_combo_prob': 0.1131, 'est_top_odds': 11.8, 'circle_concentration': 83.3, 'eligible_count': 8, 'bet_adj': 0, 'reason': 'rel_win1=53.6%（本命度） / 最有力組み合わせ確率: 0.113（推定実オッズ?12倍） / 2着集中度: 上位2艇 83.3%（補正+0.04） / 総合判定確率: 0.153 / → ヒモはやや固め。上位2艇以外を切ること', 'tenji_trigger': '展示確認: 1号艇伸び良→そのまま採用。悪→飛び組に差し替え。circle_pct上位2艇に絞り込むこと。'}",,,34.5,逃げ狙い,15.9,34.3,2,,,,,,,,,,,
2025-09-25,丸亀,2,6,宮嵜隆太,B1,10.00,6,,2.528,1,18,11.1,0.1124,2,,,0,低,56,0,差ま0%,,0,37.1,0.8089,0,0,0,0.0455,0,0.2833,0.3667,0.0222,,○,D,○,,0.4568,0.654,,0.3226,A,71,0,◎-○軸 3着3〜4艇流し（10〜15点）,0.5777,"{'is_target': True, 'verdict': '点数絞り', 'max_combo_prob': 0.1131, 'est_top_odds': 11.8, 'circle_concentration': 83.3, 'eligible_count': 8, 'bet_adj': 0, 'reason': 'rel_win1=53.6%（本命度） / 最有力組み合わせ確率: 0.113（推定実オッズ?12倍） / 2着集中度: 上位2艇 83.3%（補正+0.04） / 総合判定確率: 0.153 / → ヒモはやや固め。上位2艇以外を切ること', 'tenji_trigger': '展示確認: 1号艇伸び良→そのまま採用。悪→飛び組に差し替え。circle_pct上位2艇に絞り込むこと。'}",,,34.5,逃げ狙い,15.9,34.3,2,,,,,,,,,,,
2025-09-25,丸亀,3,1,小森信雄,B1,28.57,1,▲,39.2207,,0,67.4,0.1783,3.9022,,,0,低,133,0,逃0%,,0,46.4,0.8472,0.1667,,,,,0.175,0.25,0.0333,△,,D,△,,,0.608,,0.2165,D,31,1,大荒れ。見送り推奨,0.5777,"{'is_target': False, 'verdict': '対象外', 'max_combo_prob': None, 'est_top_odds': None, 'circle_concentration': None, 'eligible_count': 0, 'bet_adj': 0, 'reason': '1号艇rel_win1 < 45%: 通常判定に委ねる', 'tenji_trigger': ''}",,,31.6,両建て推奨,22.87,34.1,4,2-1-4|2-1-3|1-2-4|1-2-3|1-3-4|1-3-2|1-4-2,6-1-4|6-4-1|2-1-4|2-1-3|6-1-3|4-5-6|4-5-1|1-2-4|1-2-3|1-3-4|1-3-2|1-4-2,2-1-4:2.85%|2-1-3:2.5%|1-2-4:11.15%|1-2-3:7.29%|1-3-4:7.24%|1-3-2:5.89%|1-4-2:5.62%,2-1-4:B_main|2-1-3:B_main|1-2-4:A|1-2-3:A|1-3-4:A|1-3-2:A|1-4-2:A,7,12,0.4535,1,[!]見送り推奨（主役決まり手「差し」― 逃げ劣勢レースで的中実績なし）,荒れ広め,D
2025-09-25,丸亀,3,2,村越　篤,B1,50.00,2,○,19.005,46.4,85,68.7,0.1593,3.2836,,,0,低,142,0,差0%,,0,82.5,1.6622,0,0.1875,0,0,0,0.2516,0.0129,0.0774,,◎,A,◎,,0.5602,0.667,,0.2165,D,31,1,大荒れ。見送り推奨,0.5777,"{'is_target': False, 'verdict': '対象外', 'max_combo_prob': None, 'est_top_odds': None, 'circle_concentration': None, 'eligible_count': 0, 'bet_adj': 0, 'reason': '1号艇rel_win1 < 45%: 通常判定に委ねる', 'tenji_trigger': ''}",,,31.6,両建て推奨,22.87,34.1,4,,,,,,,,,,,
2025-09-25,丸亀,3,3,岡瀬正人,A2,50.00,3,△,10.3076,27.2,80,59.2,0.1674,3.5724,,,0,低,176,0,抜0%,,0,39.8,1.0692,0,0,0,0,0.0303,0.0955,0.1727,0.0545,,△,A,○,,0.3948,0.6505,,0.2165,D,31,1,大荒れ。見送り推奨,0.5777,"{'is_target': False, 'verdict': '対象外', 'max_combo_prob': None, 'est_top_odds': None, 'circle_concentration': None, 'eligible_count': 0, 'bet_adj': 0, 'reason': '1号艇rel_win1 < 45%: 通常判定に委ねる', 'tenji_trigger': ''}",,,31.6,両建て推奨,22.87,34.1,4,,,,,,,,,,,
2025-09-25,丸亀,3,4,作間　章,A1,53.85,4,◎,24.9903,23.3,100,80.3,0.152,3.3788,,,0,低,178,0,差0% ま0% 差ま0% 抜0%,,0,99,1.9402,0,0.0714,0.0714,0.1071,0.0714,0.1962,0.0886,0.0095,,○,A,,◎,0.4435,0.598,0.5498,0.2165,D,31,1,大荒れ。見送り推奨,0.5777,"{'is_target': False, 'verdict': '対象外', 'max_combo_prob': None, 'est_top_odds': None, 'circle_concentration': None, 'eligible_count': 0, 'bet_adj': 0, 'reason': '1号艇rel_win1 < 45%: 通常判定に委ねる', 'tenji_trigger': ''}",,,31.6,両建て推奨,22.87,34.1,4,,,,,,,,,,,
2025-09-25,丸亀,3,5,菅沼佳昭,B1,46.15,5,,5.3224,0.8,42,15.7,0.197,3.9143,,,0,低,189,0,-,,0,26.6,0.7562,,,,,,0.0667,0.3111,0.0444,,,B,△,,0.2888,0.6165,,0.2165,D,31,1,大荒れ。見送り推奨,0.5777,"{'is_target': False, 'verdict': '対象外', 'max_combo_prob': None, 'est_top_odds': None, 'circle_concentration': None, 'eligible_count': 0, 'bet_adj': 0, 'reason': '1号艇rel_win1 < 45%: 通常判定に委ねる', 'tenji_trigger': ''}",,,31.6,両建て推奨,22.87,34.1,4,,,,,,,,,,,
2025-09-25,丸亀,3,6,松尾宣邦,B1,0.00,6,,1.1539,2.2,31,10,0.1985,4.4375,,,0,低,128,0,-,,0,26.6,0.7622,,,,,,0.0167,0.3167,0,,,E,,,0.2832,0.5955,,0.2165,D,31,1,大荒れ。見送り推奨,0.5777,"{'is_target': False, 'verdict': '対象外', 'max_combo_prob': None, 'est_top_odds': None, 'circle_concentration': None, 'eligible_count': 0, 'bet_adj': 0, 'reason': '1号艇rel_win1 < 45%: 通常判定に委ねる', 'tenji_trigger': ''}",,,31.6,両建て推奨,22.87,34.1,4,,,,,,,,,,,
2025-09-25,丸亀,4,1,鋤柄貴俊,B1,20.00,1,○,44.2463,,0,72.3,0.1654,3.2308,,,0,低,111,0,逃0%,,0,60.1,0.9172,0.1364,,,,,0.1659,0.3523,0.2227,△,,E,△,,,0.6265,,0.294,B,55,0,◎○△フォーメーション（15〜20点）,0.5777,"{'is_target': False, 'verdict': '対象外', 'max_combo_prob': None, 'est_top_odds': None, 'circle_concentration': None, 'eligible_count': 0, 'bet_adj': 0, 'reason': '1号艇rel_win1 < 45%: 通常判定に委ねる', 'tenji_trigger': ''}",,,31.7,両建て推奨,18.53,38.3,4,4-5-6|4-5-1|1-2-4|1-4-5|1-2-5|1-3-4|1-3-5,2-1-3|2-1-5|4-5-6|3-1-5|3-2-5|4-5-1|3-5-1|1-2-4|1-4-5|1-2-5|1-3-4|1-3-5,4-5-6:2.41%|4-5-1:1.37%|1-2-4:6.94%|1-4-5:6.79%|1-2-5:6.06%|1-3-4:5.83%|1-3-5:5.09%,4-5-6:B_main|4-5-1:B_main|1-2-4:A|1-4-5:A|1-2-5:A|1-3-4:A|1-3-5:A,7,12,0.4535,1,[!]見送り推奨（主役決まり手「まくり」― 逃げ劣勢レースで的中実績なし）,荒れ広め,D
2025-09-25,丸亀,4,2,吉田　光,B1,44.44,2,▲,10.4797,30.2,85,52.4,0.1664,3.7143,,,0,低,72,0,差0%,,0,27.4,0.8636,0,0.0833,0,0,0,0.0909,0.1818,0.1818,,○,A,,,0.333,0.539,,0.294,B,55,0,◎○△フォーメーション（15〜20点）,0.5777,"{'is_target': False, 'verdict': '対象外', 'max_combo_prob': None, 'est_top_odds': None, 'circle_concentration': None, 'eligible_count': 0, 'bet_adj': 0, 'reason': '1号艇rel_win1 < 45%: 通常判定に委ねる', 'tenji_trigger': ''}",,,31.7,両建て推奨,18.53,38.3,4,,,,,,,,,,,
2025-09-25,丸亀,4,3,飯山晃三,B1,36.36,3,,11.7337,27.4,61,46.8,0.176,3.8052,,,0,低,179,0,差0%,,0,40.1,0.9629,0,0.0588,0,0,0,0.1333,0.019,0.1581,,,C,,,0.2743,0.589,,0.294,B,55,0,◎○△フォーメーション（15〜20点）,0.5777,"{'is_target': False, 'verdict': '対象外', 'max_combo_prob': None, 'est_top_odds': None, 'circle_concentration': None, 'eligible_count': 0, 'bet_adj': 0, 'reason': '1号艇rel_win1 < 45%: 通常判定に委ねる', 'tenji_trigger': ''}",,,31.7,両建て推奨,18.53,38.3,4,,,,,,,,,,,
2025-09-25,丸亀,4,4,中岡正彦,A1,42.11,4,◎,20.0878,28.8,84,68.8,0.1175,2.2604,,,0,低,42,0,ま0%,,0,55.3,1.1323,0,0,0.2609,0,0,0.1103,0,0.0588,,◎,B,○,◎,0.5846,0.649,0.4375,0.294,B,55,0,◎○△フォーメーション（15〜20点）,0.5777,"{'is_target': False, 'verdict': '対象外', 'max_combo_prob': None, 'est_top_odds': None, 'circle_concentration': None, 'eligible_count': 0, 'bet_adj': 0, 'reason': '1号艇rel_win1 < 45%: 通常判定に委ねる', 'tenji_trigger': ''}",,,31.7,両建て推奨,18.53,38.3,4,,,,,,,,,,,
2025-09-25,丸亀,4,5,山一鉄也,B2,44.44,5,△,12.3031,10.7,100,45.8,0.181,3.7083,,,0,低,103,0,差ま0%,,0,87.4,1.5136,0,0,0,0.12,0,0.0129,0.131,0.0978,,,A,◎,○,0.2978,0.668,0.1868,0.294,B,55,0,◎○△フォーメーション（15〜20点）,0.5777,"{'is_target': False, 'verdict': '対象外', 'max_combo_prob': None, 'est_top_odds': None, 'circle_concentration': None, 'eligible_count': 0, 'bet_adj': 0, 'reason': '1号艇rel_win1 < 45%: 通常判定に委ねる', 'tenji_trigger': ''}",,,31.7,両建て推奨,18.53,38.3,4,,,,,,,,,,,
2025-09-25,丸亀,4,6,角谷健吾,A2,22.22,6,,1.1494,2.9,68,24.6,0.1756,3.5965,,,0,低,85,0,-,,0,28.7,0.9914,,,,,,0.2214,0.0143,0.1036,,,D,△,,0.3316,0.632,,0.294,B,55,0,◎○△フォーメーション（15〜20点）,0.5777,"{'is_target': False, 'verdict': '対象外', 'max_combo_prob': None, 'est_top_odds': None, 'circle_concentration': None, 'eligible_count': 0, 'bet_adj': 0, 'reason': '1号艇rel_win1 < 45%: 通常判定に委ねる', 'tenji_trigger': ''}",,,31.7,両建て推奨,18.53,38.3,4,,,,,,,,,,,
2025-09-25,丸亀,5,1,渡邉英児,B1,12.50,1,◎,39.6694,,0,75.6,0.1776,3.609,,,0,低,130,0,逃0%,,0,44.1,0.9335,0.3667,,,,,0.1657,0.0667,0.1657,△,,E,△,,,0.6175,,0.2781,C,43,0,荒れ傾向。高配当狙いか見送り,0.5777,"{'is_target': False, 'verdict': '対象外', 'max_combo_prob': None, 'est_top_odds': None, 'circle_concentration': None, 'eligible_count': 0, 'bet_adj': 0, 'reason': '1号艇rel_win1 < 45%: 通常判定に委ねる', 'tenji_trigger': ''}",,,36.7,両建て推奨,26.58,31.2,3,2-3-6|2-3-4|2-6-3|1-2-4|1-2-3|1-3-4|1-3-2|1-4-2,4-1-6|3-1-4|2-3-6|2-3-4|4-1-5|4-1-3|2-6-3|1-2-4|1-2-3|1-3-4|1-3-2|1-4-2,2-3-6:2.4%|2-3-4:1.97%|2-6-3:1.15%|1-2-4:11.03%|1-2-3:8.6%|1-3-4:5.81%|1-3-2:5.09%|1-4-2:3.66%,2-3-6:B_main|2-3-4:B_main|2-6-3:B_main|1-2-4:A|1-2-3:A|1-3-4:A|1-3-2:A|1-4-2:A,8,12,0.4535,1,[!]見送り推奨（主役決まり手「まくり」― 逃げ劣勢レースで的中実績なし）,荒れ広め,D
2025-09-25,丸亀,5,2,中辻崇人,A2,14.29,2,,13.0898,56,75,77.8,0.1478,3.25,,,0,低,42,0,-,,0,62.7,1.4536,0,0,0.2308,0,0.0769,0.2667,0,0,,◎,D,◎,,0.6104,0.6505,,0.2781,C,43,0,荒れ傾向。高配当狙いか見送り,0.5777,"{'is_target': False, 'verdict': '対象外', 'max_combo_prob': None, 'est_top_odds': None, 'circle_concentration': None, 'eligible_count': 0, 'bet_adj': 0, 'reason': '1号艇rel_win1 < 45%: 通常判定に委ねる', 'tenji_trigger': ''}",,,36.7,両建て推奨,26.58,31.2,3,,,,,,,,,,,
2025-09-25,丸亀,5,3,金田　諭,A2,44.44,3,○,21.9914,25.1,100,75.5,0.1731,3.2551,,,0,低,124,0,差0% ま0% 差ま0% 抜0%,,0,63.6,1.6446,0,0.05,0.05,0.15,0.05,0.1493,0.0293,0.1883,,,A,,,0.3481,0.615,,0.2781,C,43,0,荒れ傾向。高配当狙いか見送り,0.5777,"{'is_target': False, 'verdict': '対象外', 'max_combo_prob': None, 'est_top_odds': None, 'circle_concentration': None, 'eligible_count': 0, 'bet_adj': 0, 'reason': '1号艇rel_win1 < 45%: 通常判定に委ねる', 'tenji_trigger': ''}",,,36.7,両建て推奨,26.58,31.2,3,,,,,,,,,,,
2025-09-25,丸亀,5,4,中島友和,B1,25.00,4,△,13.2117,8.4,93,47.3,0.1551,2.8636,,,0,低,78,0,ま0% 差ま0%,,0,100,1.1798,0,0,0.0833,0.0417,0,0.064,0.23,0.123,,,C,,◎,0.3938,0.61,0.3024,0.2781,C,43,0,荒れ傾向。高配当狙いか見送り,0.5777,"{'is_target': False, 'verdict': '対象外', 'max_combo_prob': None, 'est_top_odds': None, 'circle_concentration': None, 'eligible_count': 0, 'bet_adj': 0, 'reason': '1号艇rel_win1 < 45%: 通常判定に委ねる', 'tenji_trigger': ''}",,,36.7,両建て推奨,26.58,31.2,3,,,,,,,,,,,
2025-09-25,丸亀,5,5,鈴木　猛,B1,00.00,5,,8.1382,7.3,50,32.1,0.176,3.4753,,,0,低,166,0,ま0% 差ま0%,,0,34.5,1.0345,0,0,0.027,0.1081,0,0.1133,0.2133,0.0533,,,E,△,○,0.3141,0.6215,0.2008,0.2781,C,43,0,荒れ傾向。高配当狙いか見送り,0.5777,"{'is_target': False, 'verdict': '対象外', 'max_combo_prob': None, 'est_top_odds': None, 'circle_concentration': None, 'eligible_count': 0, 'bet_adj': 0, 'reason': '1号艇rel_win1 < 45%: 通常判定に委ねる', 'tenji_trigger': ''}",,,36.7,両建て推奨,26.58,31.2,3,,,,,,,,,,,
2025-09-25,丸亀,5,6,井口佳典,A1,63.64,6,▲,3.8995,3.2,51,63.6,0.1564,4.0455,,,0,低,31,1,差ま0%,,0,43.5,2.3367,0,0,0,0.0303,0,0,0.1667,0.1667,,,A,○,,0.3569,0.6355,,0.2781,C,43,0,荒れ傾向。高配当狙いか見送り,0.5777,"{'is_target': False, 'verdict': '対象外', 'max_combo_prob': None, 'est_top_odds': None, 'circle_concentration': None, 'eligible_count': 0, 'bet_adj': 0, 'reason': '1号艇rel_win1 < 45%: 通常判定に委ねる', 'tenji_trigger': ''}",,,36.7,両建て推奨,26.58,31.2,3,,,,,,,,,,,
2025-09-25,丸亀,6,1,岩崎正哉,A2,36.36,1,◎,59.7912,,0,94.7,0.1664,3.7171,,,0,低,192,0,逃1%,,0,77.1,1.2085,0.6774,,,,,0.0387,0.0387,0.0387,○,,A,○,,,0.6185,,0.3962,S,92,0,◎1着固定 2-3着流し（5〜8点）,0.5777,"{'is_target': True, 'verdict': '参加推奨', 'max_combo_prob': 0.0794, 'est_top_odds': 16.8, 'circle_concentration': 62.3, 'eligible_count': 6, 'bet_adj': 2, 'reason': 'rel_win1=59.8%（本命度） / 最有力組み合わせ確率: 0.079（推定実オッズ?17倍） / 2着集中度: 上位2艇 62.3%（補正+0.00） / 総合判定確率: 0.079 / → ヒモ分散。1号艇1着固定で広めのヒモ流し推奨（買い目+2点）', 'tenji_trigger': '展示確認: ヒモ分散レース。1号艇伸び確認後、広めのヒモ流しを採用。穴ヒモ（5・6号艇）を積極的に含める。'}",,,28.6,逃げ狙い,23.36,25.1,2,,,,,0,0,0.6155,0,,逃げ軸流し,A
2025-09-25,丸亀,6,2,岩津徹郎,B1,15.79,2,,11.8365,37.1,75,55.6,0.1528,3.5556,,,0,低,117,0,-,,0,29.6,0.9109,,,,,,0.0706,0.0941,0.2706,,◎,E,△,,0.4693,0.574,,0.3962,S,92,0,◎1着固定 2-3着流し（5〜8点）,0.5777,"{'is_target': True, 'verdict': '参加推奨', 'max_combo_prob': 0.0794, 'est_top_odds': 16.8, 'circle_concentration': 62.3, 'eligible_count': 6, 'bet_adj': 2, 'reason': 'rel_win1=59.8%（本命度） / 最有力組み合わせ確率: 0.079（推定実オッズ?17倍） / 2着集中度: 上位2艇 62.3%（補正+0.00） / 総合判定確率: 0.079 / → ヒモ分散。1号艇1着固定で広めのヒモ流し推奨（買い目+2点）', 'tenji_trigger': '展示確認: ヒモ分散レース。1号艇伸び確認後、広めのヒモ流しを採用。穴ヒモ（5・6号艇）を積極的に含める。'}",,,28.6,逃げ狙い,23.36,25.1,2,,,,,,,,,,,
2025-09-25,丸亀,6,3,塩崎優司,B1,27.27,3,△,11.8225,25.3,64,53.5,0.1654,3.3732,,,0,低,128,0,ま0% 差ま0% 抜0%,,0,73,1.0783,0,0,0.0714,0.0357,0.0357,0.0533,0.1657,0.0533,,,C,△,,0.3009,0.591,,0.3962,S,92,0,◎1着固定 2-3着流し（5〜8点）,0.5777,"{'is_target': True, 'verdict': '参加推奨', 'max_combo_prob': 0.0794, 'est_top_odds': 16.8, 'circle_concentration': 62.3, 'eligible_count': 6, 'bet_adj': 2, 'reason': 'rel_win1=59.8%（本命度） / 最有力組み合わせ確率: 0.079（推定実オッズ?17倍） / 2着集中度: 上位2艇 62.3%（補正+0.00） / 総合判定確率: 0.079 / → ヒモ分散。1号艇1着固定で広めのヒモ流し推奨（買い目+2点）', 'tenji_trigger': '展示確認: ヒモ分散レース。1号艇伸び確認後、広めのヒモ流しを採用。穴ヒモ（5・6号艇）を積極的に含める。'}",,,28.6,逃げ狙い,23.36,25.1,2,,,,,,,,,,,
2025-09-25,丸亀,6,4,越智照浩,B2,12.50,4,,4.0502,3.5,100,35.2,0.1756,3.8796,,,0,低,133,0,-,,0,100,3.7038,,,,,,0.2,0.35,0.05,,,E,,,0.2825,0.563,,0.3962,S,92,0,◎1着固定 2-3着流し（5〜8点）,0.5777,"{'is_target': True, 'verdict': '参加推奨', 'max_combo_prob': 0.0794, 'est_top_odds': 16.8, 'circle_concentration': 62.3, 'eligible_count': 6, 'bet_adj': 2, 'reason': 'rel_win1=59.8%（本命度） / 最有力組み合わせ確率: 0.079（推定実オッズ?17倍） / 2着集中度: 上位2艇 62.3%（補正+0.00） / 総合判定確率: 0.079 / → ヒモ分散。1号艇1着固定で広めのヒモ流し推奨（買い目+2点）', 'tenji_trigger': '展示確認: ヒモ分散レース。1号艇伸び確認後、広めのヒモ流しを採用。穴ヒモ（5・6号艇）を積極的に含める。'}",,,28.6,逃げ狙い,23.36,25.1,2,,,,,,,,,,,
2025-09-25,丸亀,6,5,田中信一,A1,33.33,5,○,6.2285,22.7,63,55.3,0.1632,3.5,,,0,低,73,0,抜0%,,0,35.3,1.5481,0,0,0,0,0.05,0.1729,0.0979,0.0343,,,B,◎,,0.326,0.6585,,0.3962,S,92,0,◎1着固定 2-3着流し（5〜8点）,0.5777,"{'is_target': True, 'verdict': '参加推奨', 'max_combo_prob': 0.0794, 'est_top_odds': 16.8, 'circle_concentration': 62.3, 'eligible_count': 6, 'bet_adj': 2, 'reason': 'rel_win1=59.8%（本命度） / 最有力組み合わせ確率: 0.079（推定実オッズ?17倍） / 2着集中度: 上位2艇 62.3%（補正+0.00） / 総合判定確率: 0.079 / → ヒモ分散。1号艇1着固定で広めのヒモ流し推奨（買い目+2点）', 'tenji_trigger': '展示確認: ヒモ分散レース。1号艇伸び確認後、広めのヒモ流しを採用。穴ヒモ（5・6号艇）を積極的に含める。'}",,,28.6,逃げ狙い,23.36,25.1,2,,,,,,,,,,,
2025-09-25,丸亀,6,6,萩原秀人,A1,25.00,6,▲,6.2711,11.5,52,60.7,0.1218,3.0179,,,0,低,49,0,ま0% 差ま0% 抜0%,,0,100,2.4781,0,0,0.0833,0.1667,0.0833,0,0,0.0588,,○,D,◎,◎,0.4655,0.6585,0.5048,0.3962,S,92,0,◎1着固定 2-3着流し（5〜8点）,0.5777,"{'is_target': True, 'verdict': '参加推奨', 'max_combo_prob': 0.0794, 'est_top_odds': 16.8, 'circle_concentration': 62.3, 'eligible_count': 6, 'bet_adj': 2, 'reason': 'rel_win1=59.8%（本命度） / 最有力組み合わせ確率: 0.079（推定実オッズ?17倍） / 2着集中度: 上位2艇 62.3%（補正+0.00） / 総合判定確率: 0.079 / → ヒモ分散。1号艇1着固定で広めのヒモ流し推奨（買い目+2点）', 'tenji_trigger': '展示確認: ヒモ分散レース。1号艇伸び確認後、広めのヒモ流しを採用。穴ヒモ（5・6号艇）を積極的に含める。'}",,,28.6,逃げ狙い,23.36,25.1,2,,,,,,,,,,,
2025-09-25,丸亀,7,1,川原正明,A2,28.57,1,◎,55.5788,,0,88.7,0.1455,2.5968,,,0,低,80,0,逃1%,,0,75.6,1.1303,0.7692,,,,,0.1128,0.0154,0.0308,◎,,D,△,,,0.633,,0.5048,A,77,0,◎-○軸 3着3〜4艇流し（10〜15点）,0.5777,"{'is_target': True, 'verdict': '参加推奨', 'max_combo_prob': 0.0715, 'est_top_odds': 18.6, 'circle_concentration': 62.1, 'eligible_count': 8, 'bet_adj': 2, 'reason': 'rel_win1=55.6%（本命度） / 最有力組み合わせ確率: 0.072（推定実オッズ?19倍） / 2着集中度: 上位2艇 62.1%（補正+0.00） / 総合判定確率: 0.072 / → ヒモ分散。1号艇1着固定で広めのヒモ流し推奨（買い目+2点）', 'tenji_trigger': '展示確認: ヒモ分散レース。1号艇伸び確認後、広めのヒモ流しを採用。穴ヒモ（5・6号艇）を積極的に含める。'}",,,28,逃げ狙い,21.15,25.5,5,,,,,0,0,0.7559,0,,逃げ軸流し,A
2025-09-25,丸亀,7,2,久富政弘,B1,28.57,2,,10.5573,42.8,100,50.8,0.1975,4.2857,,,0,低,199,0,差0%,,0,54.9,0.8414,0,0.1111,0,0,0,0.2308,0.1538,0.0769,,,D,,,0.075,0.593,,0.5048,A,77,0,◎-○軸 3着3〜4艇流し（10〜15点）,0.5777,"{'is_target': True, 'verdict': '参加推奨', 'max_combo_prob': 0.0715, 'est_top_odds': 18.6, 'circle_concentration': 62.1, 'eligible_count': 8, 'bet_adj': 2, 'reason': 'rel_win1=55.6%（本命度） / 最有力組み合わせ確率: 0.072（推定実オッズ?19倍） / 2着集中度: 上位2艇 62.1%（補正+0.00） / 総合判定確率: 0.072 / → ヒモ分散。1号艇1着固定で広めのヒモ流し推奨（買い目+2点）', 'tenji_trigger': '展示確認: ヒモ分散レース。1号艇伸び確認後、広めのヒモ流しを採用。穴ヒモ（5・6号艇）を積極的に含める。'}",,,28,逃げ狙い,21.15,25.5,5,,,,,,,,,,,
2025-09-25,丸亀,7,3,菅沼佳昭,B1,46.15,3,▲,8.3695,16.9,53,33.8,0.1791,3.5844,,,0,低,189,0,ま0% 差ま0%,,0,20.9,0.7102,0,0,0.0312,0.0625,0,0.0667,0.3111,0.0444,,,A,,,0.1206,0.6165,,0.5048,A,77,0,◎-○軸 3着3〜4艇流し（10〜15点）,0.5777,"{'is_target': True, 'verdict': '参加推奨', 'max_combo_prob': 0.0715, 'est_top_odds': 18.6, 'circle_concentration': 62.1, 'eligible_count': 8, 'bet_adj': 2, 'reason': 'rel_win1=55.6%（本命度） / 最有力組み合わせ確率: 0.072（推定実オッズ?19倍） / 2着集中度: 上位2艇 62.1%（補正+0.00） / 総合判定確率: 0.072 / → ヒモ分散。1号艇1着固定で広めのヒモ流し推奨（買い目+2点）', 'tenji_trigger': '展示確認: ヒモ分散レース。1号艇伸び確認後、広めのヒモ流しを採用。穴ヒモ（5・6号艇）を積極的に含める。'}",,,28,逃げ狙い,21.15,25.5,5,,,,,,,,,,,
2025-09-25,丸亀,7,4,宮嵜隆太,B1,10.00,4,,11.2511,19.4,68,42,0.1226,2.4565,,,0,低,56,0,ま0% 差ま0%,,0,48.3,1.0511,0,0,0.0769,0.0769,0,0.2833,0.3667,0.0222,,,E,○,◎,0.391,0.654,0.3418,0.5048,A,77,0,◎-○軸 3着3〜4艇流し（10〜15点）,0.5777,"{'is_target': True, 'verdict': '参加推奨', 'max_combo_prob': 0.0715, 'est_top_odds': 18.6, 'circle_concentration': 62.1, 'eligible_count': 8, 'bet_adj': 2, 'reason': 'rel_win1=55.6%（本命度） / 最有力組み合わせ確率: 0.072（推定実オッズ?19倍） / 2着集中度: 上位2艇 62.1%（補正+0.00） / 総合判定確率: 0.072 / → ヒモ分散。1号艇1着固定で広めのヒモ流し推奨（買い目+2点）', 'tenji_trigger': '展示確認: ヒモ分散レース。1号艇伸び確認後、広めのヒモ流しを採用。穴ヒモ（5・6号艇）を積極的に含める。'}",,,28,逃げ狙い,21.15,25.5,5,,,,,,,,,,,
2025-09-25,丸亀,7,5,原田幸哉,A1,30.00,5,○,8.4009,16.4,60,100,0.1087,2.3125,,,0,低,11,1,ま0% 差ま0%,,0,100,2.5905,0,0,0.3333,0.3333,0,0.0833,0.1667,0,,◎,C,◎,,0.5151,0.6755,,0.5048,A,77,0,◎-○軸 3着3〜4艇流し（10〜15点）,0.5777,"{'is_target': True, 'verdict': '参加推奨', 'max_combo_prob': 0.0715, 'est_top_odds': 18.6, 'circle_concentration': 62.1, 'eligible_count': 8, 'bet_adj': 2, 'reason': 'rel_win1=55.6%（本命度） / 最有力組み合わせ確率: 0.072（推定実オッズ?19倍） / 2着集中度: 上位2艇 62.1%（補正+0.00） / 総合判定確率: 0.072 / → ヒモ分散。1号艇1着固定で広めのヒモ流し推奨（買い目+2点）', 'tenji_trigger': '展示確認: ヒモ分散レース。1号艇伸び確認後、広めのヒモ流しを採用。穴ヒモ（5・6号艇）を積極的に含める。'}",,,28,逃げ狙い,21.15,25.5,5,,,,,,,,,,,
2025-09-25,丸亀,7,6,山本隆幸,A1,44.44,6,△,5.8424,4.6,45,25,0.1781,3.7031,,,0,低,130,0,-,,0,27.2,1.2394,,,,,,0,0.0645,0.2258,,,B,△,,0.1954,0.631,,0.5048,A,77,0,◎-○軸 3着3〜4艇流し（10〜15点）,0.5777,"{'is_target': True, 'verdict': '参加推奨', 'max_combo_prob': 0.0715, 'est_top_odds': 18.6, 'circle_concentration': 62.1, 'eligible_count': 8, 'bet_adj': 2, 'reason': 'rel_win1=55.6%（本命度） / 最有力組み合わせ確率: 0.072（推定実オッズ?19倍） / 2着集中度: 上位2艇 62.1%（補正+0.00） / 総合判定確率: 0.072 / → ヒモ分散。1号艇1着固定で広めのヒモ流し推奨（買い目+2点）', 'tenji_trigger': '展示確認: ヒモ分散レース。1号艇伸び確認後、広めのヒモ流しを採用。穴ヒモ（5・6号艇）を積極的に含める。'}",,,28,逃げ狙い,21.15,25.5,5,,,,,,,,,,,
2025-09-25,丸亀,8,1,石田政吾,A2,44.44,1,◎,67.4326,,0,87.7,0.1632,3.0411,,,0,低,126,0,逃1%,,0,65.3,0.9875,0.4231,,,,,0.0615,0.2123,0.1662,◎,,A,△,,,0.6375,,0.5116,A,78,0,◎-○軸 3着3〜4艇流し（10〜15点）,0.5777,"{'is_target': True, 'verdict': '点数絞り', 'max_combo_prob': 0.0925, 'est_top_odds': 14.4, 'circle_concentration': 72.7, 'eligible_count': 8, 'bet_adj': 0, 'reason': 'rel_win1=67.4%（本命度） / 最有力組み合わせ確率: 0.092（推定実オッズ?14倍） / 2着集中度: 上位2艇 72.7%（補正+0.04） / 総合判定確率: 0.132 / → ヒモはやや固め。上位2艇以外を切ること', 'tenji_trigger': '展示確認: 1号艇伸び良→そのまま採用。悪→飛び組に差し替え。circle_pct上位2艇に絞り込むこと。'}",,,27.6,逃げ狙い,13.09,31.3,4,,,,,0,0,0.7559,0,,逃げ軸流し,A
2025-09-25,丸亀,8,2,角浜　修,B1,30.00,2,○,10.2921,19.2,69,36.5,0.1759,3.9257,,,0,低,134,0,-,,0,96.6,1.8914,0,0.0909,0.0303,0,0,0.0833,0.15,0.15,,,C,△,,0.2004,0.6255,,0.5116,A,78,0,◎-○軸 3着3〜4艇流し（10〜15点）,0.5777,"{'is_target': True, 'verdict': '点数絞り', 'max_combo_prob': 0.0925, 'est_top_odds': 14.4, 'circle_concentration': 72.7, 'eligible_count': 8, 'bet_adj': 0, 'reason': 'rel_win1=67.4%（本命度） / 最有力組み合わせ確率: 0.092（推定実オッズ?14倍） / 2着集中度: 上位2艇 72.7%（補正+0.04） / 総合判定確率: 0.132 / → ヒモはやや固め。上位2艇以外を切ること', 'tenji_trigger': '展示確認: 1号艇伸び良→そのまま採用。悪→飛び組に差し替え。circle_pct上位2艇に絞り込むこと。'}",,,27.6,逃げ狙い,13.09,31.3,4,,,,,,,,,,,
2025-09-25,丸亀,8,3,宮地博士,B1,37.50,3,▲,5.6689,27.5,58,33.9,0.1906,4.0308,,,0,低,189,0,差ま0%,,0,71.7,0.6637,0,0,0,0.0323,0,0.0952,0.0762,0.1771,,,B,,,0.1667,0.5195,,0.5116,A,78,0,◎-○軸 3着3〜4艇流し（10〜15点）,0.5777,"{'is_target': True, 'verdict': '点数絞り', 'max_combo_prob': 0.0925, 'est_top_odds': 14.4, 'circle_concentration': 72.7, 'eligible_count': 8, 'bet_adj': 0, 'reason': 'rel_win1=67.4%（本命度） / 最有力組み合わせ確率: 0.092（推定実オッズ?14倍） / 2着集中度: 上位2艇 72.7%（補正+0.04） / 総合判定確率: 0.132 / → ヒモはやや固め。上位2艇以外を切ること', 'tenji_trigger': '展示確認: 1号艇伸び良→そのまま採用。悪→飛び組に差し替え。circle_pct上位2艇に絞り込むこと。'}",,,27.6,逃げ狙い,13.09,31.3,4,,,,,,,,,,,
2025-09-25,丸亀,8,4,北村征嗣,A1,0.00,4,△,9.6774,45.2,100,76.7,0.1703,3.8667,,,0,低,114,0,差0% ま0%,,0,74.4,1.4587,0,0.087,0.0435,0,0,0.0186,0.1742,0.0825,,,E,○,◎,0.2995,0.656,0.3653,0.5116,A,78,0,◎-○軸 3着3〜4艇流し（10〜15点）,0.5777,"{'is_target': True, 'verdict': '点数絞り', 'max_combo_prob': 0.0925, 'est_top_odds': 14.4, 'circle_concentration': 72.7, 'eligible_count': 8, 'bet_adj': 0, 'reason': 'rel_win1=67.4%（本命度） / 最有力組み合わせ確率: 0.092（推定実オッズ?14倍） / 2着集中度: 上位2艇 72.7%（補正+0.04） / 総合判定確率: 0.132 / → ヒモはやや固め。上位2艇以外を切ること', 'tenji_trigger': '展示確認: 1号艇伸び良→そのまま採用。悪→飛び組に差し替え。circle_pct上位2艇に絞り込むこと。'}",,,27.6,逃げ狙い,13.09,31.3,4,,,,,,,,,,,
2025-09-25,丸亀,8,5,小森信雄,B1,28.57,5,,3.0342,5.9,91,31.2,0.186,4.3438,,,0,低,133,0,-,,0,42.7,0.8938,,,,,,0.175,0.25,0.0333,,,C,,,0.2716,0.608,,0.5116,A,78,0,◎-○軸 3着3〜4艇流し（10〜15点）,0.5777,"{'is_target': True, 'verdict': '点数絞り', 'max_combo_prob': 0.0925, 'est_top_odds': 14.4, 'circle_concentration': 72.7, 'eligible_count': 8, 'bet_adj': 0, 'reason': 'rel_win1=67.4%（本命度） / 最有力組み合わせ確率: 0.092（推定実オッズ?14倍） / 2着集中度: 上位2艇 72.7%（補正+0.04） / 総合判定確率: 0.132 / → ヒモはやや固め。上位2艇以外を切ること', 'tenji_trigger': '展示確認: 1号艇伸び良→そのまま採用。悪→飛び組に差し替え。circle_pct上位2艇に絞り込むこと。'}",,,27.6,逃げ狙い,13.09,31.3,4,,,,,,,,,,,
2025-09-25,丸亀,8,6,田村隆信,A1,0.00,6,,3.8949,2.2,82,36.7,0.1657,3.85,,,0,低,42,0,-,,0,30.8,1.5103,,,,,,0.1011,0.0154,0.0154,,,E,◎,,0.3339,0.657,,0.5116,A,78,0,◎-○軸 3着3〜4艇流し（10〜15点）,0.5777,"{'is_target': True, 'verdict': '点数絞り', 'max_combo_prob': 0.0925, 'est_top_odds': 14.4, 'circle_concentration': 72.7, 'eligible_count': 8, 'bet_adj': 0, 'reason': 'rel_win1=67.4%（本命度） / 最有力組み合わせ確率: 0.092（推定実オッズ?14倍） / 2着集中度: 上位2艇 72.7%（補正+0.04） / 総合判定確率: 0.132 / → ヒモはやや固め。上位2艇以外を切ること', 'tenji_trigger': '展示確認: 1号艇伸び良→そのまま採用。悪→飛び組に差し替え。circle_pct上位2艇に絞り込むこと。'}",,,27.6,逃げ狙い,13.09,31.3,4,,,,,,,,,,,
2025-09-25,丸亀,9,1,鈴木　博,A1,16.67,1,◎,56.9051,,0,95.1,0.1478,2.7222,,,0,低,120,0,逃1% 抜0%,,0,83.3,1.0176,0.775,,,,,0.05,0.11,0.02,◎,,E,△,,,0.6475,,0.6598,A,76,0,◎-○軸 3着3〜4艇流し（10〜15点）,0.5777,"{'is_target': True, 'verdict': '点数絞り', 'max_combo_prob': 0.1252, 'est_top_odds': 10.6, 'circle_concentration': 77.8, 'eligible_count': 8, 'bet_adj': 0, 'reason': 'rel_win1=56.9%（本命度） / 最有力組み合わせ確率: 0.125（推定実オッズ?11倍） / 2着集中度: 上位2艇 77.8%（補正+0.04） / 総合判定確率: 0.165 / → ヒモはやや固め。上位2艇以外を切ること', 'tenji_trigger': '展示確認: 1号艇伸び良→そのまま採用。悪→飛び組に差し替え。circle_pct上位2艇に絞り込むこと。'}",,,27.4,逃げ狙い,18.93,25.6,2,,,,,0,0,0.7559,0,,逃げ軸流し,A
2025-09-25,丸亀,9,2,樋口　亮,A2,45.45,2,▲,15.5965,54.3,38,63.6,0.1647,3.3455,,,0,低,133,0,ま1%,,0,48.2,0.9414,0,0.12,0.08,0,0.04,0.2161,0.0805,0.0276,,,B,,,0.157,0.601,,0.6598,A,76,0,◎-○軸 3着3〜4艇流し（10〜15点）,0.5777,"{'is_target': True, 'verdict': '点数絞り', 'max_combo_prob': 0.1252, 'est_top_odds': 10.6, 'circle_concentration': 77.8, 'eligible_count': 8, 'bet_adj': 0, 'reason': 'rel_win1=56.9%（本命度） / 最有力組み合わせ確率: 0.125（推定実オッズ?11倍） / 2着集中度: 上位2艇 77.8%（補正+0.04） / 総合判定確率: 0.165 / → ヒモはやや固め。上位2艇以外を切ること', 'tenji_trigger': '展示確認: 1号艇伸び良→そのまま採用。悪→飛び組に差し替え。circle_pct上位2艇に絞り込むこと。'}",,,27.4,逃げ狙い,18.93,25.6,2,,,,,,,,,,,
2025-09-25,丸亀,9,3,山一鉄也,B2,44.44,3,△,12.4933,23.4,58,53.1,0.1639,3.2959,,,0,低,103,0,ま0% 差ま0%,,0,42.3,1.0821,0,0,0.16,0.04,0,0.0129,0.131,0.0978,,,B,◎,,0.2318,0.668,,0.6598,A,76,0,◎-○軸 3着3〜4艇流し（10〜15点）,0.5777,"{'is_target': True, 'verdict': '点数絞り', 'max_combo_prob': 0.1252, 'est_top_odds': 10.6, 'circle_concentration': 77.8, 'eligible_count': 8, 'bet_adj': 0, 'reason': 'rel_win1=56.9%（本命度） / 最有力組み合わせ確率: 0.125（推定実オッズ?11倍） / 2着集中度: 上位2艇 77.8%（補正+0.04） / 総合判定確率: 0.165 / → ヒモはやや固め。上位2艇以外を切ること', 'tenji_trigger': '展示確認: 1号艇伸び良→そのまま採用。悪→飛び組に差し替え。circle_pct上位2艇に絞り込むこと。'}",,,27.4,逃げ狙い,18.93,25.6,2,,,,,,,,,,,
2025-09-25,丸亀,9,4,村越　篤,B1,50.00,4,○,7.5902,14.5,100,63.2,0.1626,3.4737,,,0,低,142,0,ま0%,,0,41.4,0.9613,0,0.0385,0.0385,0,0,0.2516,0.0129,0.0774,,,A,○,◎,0.2253,0.667,0.3596,0.6598,A,76,0,◎-○軸 3着3〜4艇流し（10〜15点）,0.5777,"{'is_target': True, 'verdict': '点数絞り', 'max_combo_prob': 0.1252, 'est_top_odds': 10.6, 'circle_concentration': 77.8, 'eligible_count': 8, 'bet_adj': 0, 'reason': 'rel_win1=56.9%（本命度） / 最有力組み合わせ確率: 0.125（推定実オッズ?11倍） / 2着集中度: 上位2艇 77.8%（補正+0.04） / 総合判定確率: 0.165 / → ヒモはやや固め。上位2艇以外を切ること', 'tenji_trigger': '展示確認: 1号艇伸び良→そのまま採用。悪→飛び組に差し替え。circle_pct上位2艇に絞り込むこと。'}",,,27.4,逃げ狙い,18.93,25.6,2,,,,,,,,,,,
2025-09-25,丸亀,9,5,中里英夫,A2,30.00,5,,4.0381,6.2,56,36.2,0.1795,3.8534,,,0,低,123,0,差ま0%,,0,33.4,1.0088,0,0,0,0.0385,0,0.1292,0.2458,0.1958,,,D,△,,0.1821,0.641,,0.6598,A,76,0,◎-○軸 3着3〜4艇流し（10〜15点）,0.5777,"{'is_target': True, 'verdict': '点数絞り', 'max_combo_prob': 0.1252, 'est_top_odds': 10.6, 'circle_concentration': 77.8, 'eligible_count': 8, 'bet_adj': 0, 'reason': 'rel_win1=56.9%（本命度） / 最有力組み合わせ確率: 0.125（推定実オッズ?11倍） / 2着集中度: 上位2艇 77.8%（補正+0.04） / 総合判定確率: 0.165 / → ヒモはやや固め。上位2艇以外を切ること', 'tenji_trigger': '展示確認: 1号艇伸び良→そのまま採用。悪→飛び組に差し替え。circle_pct上位2艇に絞り込むこと。'}",,,27.4,逃げ狙い,18.93,25.6,2,,,,,,,,,,,
2025-09-25,丸亀,9,6,中村有裕,A2,17.65,6,,3.3768,1.5,33,18.2,0.1841,4,,,0,低,76,0,ま0%,,0,28.5,0.8633,0,0,0.1,0,0,0.08,0.0267,0.1733,,,E,,,0.1903,0.63,,0.6598,A,76,0,◎-○軸 3着3〜4艇流し（10〜15点）,0.5777,"{'is_target': True, 'verdict': '点数絞り', 'max_combo_prob': 0.1252, 'est_top_odds': 10.6, 'circle_concentration': 77.8, 'eligible_count': 8, 'bet_adj': 0, 'reason': 'rel_win1=56.9%（本命度） / 最有力組み合わせ確率: 0.125（推定実オッズ?11倍） / 2着集中度: 上位2艇 77.8%（補正+0.04） / 総合判定確率: 0.165 / → ヒモはやや固め。上位2艇以外を切ること', 'tenji_trigger': '展示確認: 1号艇伸び良→そのまま採用。悪→飛び組に差し替え。circle_pct上位2艇に絞り込むこと。'}",,,27.4,逃げ狙い,18.93,25.6,2,,,,,,,,,,,
2025-09-25,丸亀,10,1,馬袋義則,A1,20.00,1,◎,54.7122,,0,85.7,0.1376,2.6224,,,0,低,78,0,逃1%,,0,75.4,1.096,0.5306,,,,,0.129,0.1771,0.1771,◎,,D,△,,,0.656,,0.5977,A,70,0,◎-○軸 3着3〜4艇流し（10〜15点）,0.5777,"{'is_target': True, 'verdict': '点数絞り', 'max_combo_prob': 0.0985, 'est_top_odds': 13.5, 'circle_concentration': 76.1, 'eligible_count': 8, 'bet_adj': 0, 'reason': 'rel_win1=54.7%（本命度） / 最有力組み合わせ確率: 0.099（推定実オッズ?14倍） / 2着集中度: 上位2艇 76.1%（補正+0.04） / 総合判定確率: 0.139 / → ヒモはやや固め。上位2艇以外を切ること', 'tenji_trigger': '展示確認: 1号艇伸び良→そのまま採用。悪→飛び組に差し替え。circle_pct上位2艇に絞り込むこと。\n展示で1号艇スタート超安定(0.138秒)→ヒモ固まり方向に注意'}",,,31.1,逃げ狙い,24.61,31.4,4,,,,,0,0,0.7559,0,,逃げ軸流し,A
2025-09-25,丸亀,10,2,金田　諭,A2,44.44,2,○,15.2057,51.5,55,71.7,0.1767,3.663,,,0,低,124,0,差0% ま0%,,0,51,1.174,0,0.0455,0.1818,0,0,0.1493,0.0293,0.1883,,,A,,,0.0972,0.615,,0.5977,A,70,0,◎-○軸 3着3〜4艇流し（10〜15点）,0.5777,"{'is_target': True, 'verdict': '点数絞り', 'max_combo_prob': 0.0985, 'est_top_odds': 13.5, 'circle_concentration': 76.1, 'eligible_count': 8, 'bet_adj': 0, 'reason': 'rel_win1=54.7%（本命度） / 最有力組み合わせ確率: 0.099（推定実オッズ?14倍） / 2着集中度: 上位2艇 76.1%（補正+0.04） / 総合判定確率: 0.139 / → ヒモはやや固め。上位2艇以外を切ること', 'tenji_trigger': '展示確認: 1号艇伸び良→そのまま採用。悪→飛び組に差し替え。circle_pct上位2艇に絞り込むこと。\n展示で1号艇スタート超安定(0.138秒)→ヒモ固まり方向に注意'}",,,31.1,逃げ狙い,24.61,31.4,4,,,,,,,,,,,
2025-09-25,丸亀,10,3,吉田　光,B1,44.44,3,▲,6.5964,24.6,63,50,0.1475,3.1635,,,0,低,72,0,-,,0,30.9,0.8592,,,,,,0.0909,0.1818,0.1818,,,A,,,0.2841,0.539,,0.5977,A,70,0,◎-○軸 3着3〜4艇流し（10〜15点）,0.5777,"{'is_target': True, 'verdict': '点数絞り', 'max_combo_prob': 0.0985, 'est_top_odds': 13.5, 'circle_concentration': 76.1, 'eligible_count': 8, 'bet_adj': 0, 'reason': 'rel_win1=54.7%（本命度） / 最有力組み合わせ確率: 0.099（推定実オッズ?14倍） / 2着集中度: 上位2艇 76.1%（補正+0.04） / 総合判定確率: 0.139 / → ヒモはやや固め。上位2艇以外を切ること', 'tenji_trigger': '展示確認: 1号艇伸び良→そのまま採用。悪→飛び組に差し替え。circle_pct上位2艇に絞り込むこと。\n展示で1号艇スタート超安定(0.138秒)→ヒモ固まり方向に注意'}",,,31.1,逃げ狙い,24.61,31.4,4,,,,,,,,,,,
2025-09-25,丸亀,10,4,林　美憲,A1,37.50,4,△,15.92,18.5,100,84.9,0.1434,2.6509,,,0,低,42,0,ま0% 差ま0%,,0,95.6,1.8174,0,0,0.1304,0.087,0,0.0343,0.1343,0.1914,,,B,◎,◎,0.3175,0.699,0.5133,0.5977,A,70,0,◎-○軸 3着3〜4艇流し（10〜15点）,0.5777,"{'is_target': True, 'verdict': '点数絞り', 'max_combo_prob': 0.0985, 'est_top_odds': 13.5, 'circle_concentration': 76.1, 'eligible_count': 8, 'bet_adj': 0, 'reason': 'rel_win1=54.7%（本命度） / 最有力組み合わせ確率: 0.099（推定実オッズ?14倍） / 2着集中度: 上位2艇 76.1%（補正+0.04） / 総合判定確率: 0.139 / → ヒモはやや固め。上位2艇以外を切ること', 'tenji_trigger': '展示確認: 1号艇伸び良→そのまま採用。悪→飛び組に差し替え。circle_pct上位2艇に絞り込むこと。\n展示で1号艇スタート超安定(0.138秒)→ヒモ固まり方向に注意'}",,,31.1,逃げ狙い,24.61,31.4,4,,,,,,,,,,,
2025-09-25,丸亀,10,5,岩崎正哉,A2,36.36,5,,5.7112,3,85,39.6,0.2045,4.6415,,,0,低,192,0,差ま0%,,0,46.6,1.1398,0,0,0,0.087,0,0.0387,0.0387,0.0387,,,C,△,,0.1429,0.6185,,0.5977,A,70,0,◎-○軸 3着3〜4艇流し（10〜15点）,0.5777,"{'is_target': True, 'verdict': '点数絞り', 'max_combo_prob': 0.0985, 'est_top_odds': 13.5, 'circle_concentration': 76.1, 'eligible_count': 8, 'bet_adj': 0, 'reason': 'rel_win1=54.7%（本命度） / 最有力組み合わせ確率: 0.099（推定実オッズ?14倍） / 2着集中度: 上位2艇 76.1%（補正+0.04） / 総合判定確率: 0.139 / → ヒモはやや固め。上位2艇以外を切ること', 'tenji_trigger': '展示確認: 1号艇伸び良→そのまま採用。悪→飛び組に差し替え。circle_pct上位2艇に絞り込むこと。\n展示で1号艇スタート超安定(0.138秒)→ヒモ固まり方向に注意'}",,,31.1,逃げ狙い,24.61,31.4,4,,,,,,,,,,,
2025-09-25,丸亀,10,6,今坂晃広,B1,44.44,6,,1.8544,2.4,38,14,0.1821,4.2907,,,0,低,154,0,-,,0,26.9,0.6344,,,,,,0.0462,0.1969,0.0462,,,B,○,,0.1973,0.681,,0.5977,A,70,0,◎-○軸 3着3〜4艇流し（10〜15点）,0.5777,"{'is_target': True, 'verdict': '点数絞り', 'max_combo_prob': 0.0985, 'est_top_odds': 13.5, 'circle_concentration': 76.1, 'eligible_count': 8, 'bet_adj': 0, 'reason': 'rel_win1=54.7%（本命度） / 最有力組み合わせ確率: 0.099（推定実オッズ?14倍） / 2着集中度: 上位2艇 76.1%（補正+0.04） / 総合判定確率: 0.139 / → ヒモはやや固め。上位2艇以外を切ること', 'tenji_trigger': '展示確認: 1号艇伸び良→そのまま採用。悪→飛び組に差し替え。circle_pct上位2艇に絞り込むこと。\n展示で1号艇スタート超安定(0.138秒)→ヒモ固まり方向に注意'}",,,31.1,逃げ狙い,24.61,31.4,4,,,,,,,,,,,
2025-09-25,丸亀,11,1,田中信一,A1,33.33,1,◎,54.273,,0,98.6,0.1464,3.058,,,0,低,73,0,逃1%,,0,82.5,1.2275,0.7714,,,,,0.1729,0.0979,0.0343,◎,,C,◎,,,0.6585,,0.4871,S,82,0,◎1着固定 2-3着流し（5〜8点）,0.5777,"{'is_target': True, 'verdict': '参加推奨', 'max_combo_prob': 0.0721, 'est_top_odds': 18.5, 'circle_concentration': 72.3, 'eligible_count': 6, 'bet_adj': 2, 'reason': 'rel_win1=54.3%（本命度） / 最有力組み合わせ確率: 0.072（推定実オッズ?18倍） / 2着集中度: 上位2艇 72.3%（補正+0.04） / 総合判定確率: 0.112 / → ヒモ分散。1号艇1着固定で広めのヒモ流し推奨（買い目+2点）', 'tenji_trigger': '展示確認: ヒモ分散レース。1号艇伸び確認後、広めのヒモ流しを採用。穴ヒモ（5・6号艇）を積極的に含める。'}",,,33.8,逃げ狙い,35.89,29.2,3,,,,,0,0,0.7559,0,,逃げ軸流し,A
2025-09-25,丸亀,11,2,山本隆幸,A1,44.44,2,▲,13.1216,37.6,69,67.8,0.1731,3.7119,,,0,低,130,0,-,,0,98.1,1.9355,0,0,0.0909,0,0.0455,0,0.0645,0.2258,,,A,△,,0.0625,0.631,,0.4871,S,82,0,◎1着固定 2-3着流し（5〜8点）,0.5777,"{'is_target': True, 'verdict': '参加推奨', 'max_combo_prob': 0.0721, 'est_top_odds': 18.5, 'circle_concentration': 72.3, 'eligible_count': 6, 'bet_adj': 2, 'reason': 'rel_win1=54.3%（本命度） / 最有力組み合わせ確率: 0.072（推定実オッズ?18倍） / 2着集中度: 上位2艇 72.3%（補正+0.04） / 総合判定確率: 0.112 / → ヒモ分散。1号艇1着固定で広めのヒモ流し推奨（買い目+2点）', 'tenji_trigger': '展示確認: ヒモ分散レース。1号艇伸び確認後、広めのヒモ流しを採用。穴ヒモ（5・6号艇）を積極的に含める。'}",,,33.8,逃げ狙い,35.89,29.2,3,,,,,,,,,,,
2025-09-25,丸亀,11,3,中辻崇人,A2,14.29,3,○,21.0971,20.6,87,85.7,0.1331,2.5286,,,0,低,42,0,差ま0%,,0,63.2,1.5448,0,0.0769,0.6154,0.1538,0,0.2667,0,0,,◎,E,○,,0.4955,0.6505,,0.4871,S,82,0,◎1着固定 2-3着流し（5〜8点）,0.5777,"{'is_target': True, 'verdict': '参加推奨', 'max_combo_prob': 0.0721, 'est_top_odds': 18.5, 'circle_concentration': 72.3, 'eligible_count': 6, 'bet_adj': 2, 'reason': 'rel_win1=54.3%（本命度） / 最有力組み合わせ確率: 0.072（推定実オッズ?18倍） / 2着集中度: 上位2艇 72.3%（補正+0.04） / 総合判定確率: 0.112 / → ヒモ分散。1号艇1着固定で広めのヒモ流し推奨（買い目+2点）', 'tenji_trigger': '展示確認: ヒモ分散レース。1号艇伸び確認後、広めのヒモ流しを採用。穴ヒモ（5・6号艇）を積極的に含める。'}",,,33.8,逃げ狙い,35.89,29.2,3,,,,,,,,,,,
2025-09-25,丸亀,11,4,角谷健吾,A2,22.22,4,,5.5377,34.7,68,69.8,0.1338,2.9434,,,0,低,85,0,差0% ま0% 差ま0%,,0,49,1.2,0,0.0323,0.0645,0.0323,0,0.2214,0.0143,0.1036,,,D,△,◎,0.3244,0.632,0.4516,0.4871,S,82,0,◎1着固定 2-3着流し（5〜8点）,0.5777,"{'is_target': True, 'verdict': '参加推奨', 'max_combo_prob': 0.0721, 'est_top_odds': 18.5, 'circle_concentration': 72.3, 'eligible_count': 6, 'bet_adj': 2, 'reason': 'rel_win1=54.3%（本命度） / 最有力組み合わせ確率: 0.072（推定実オッズ?18倍） / 2着集中度: 上位2艇 72.3%（補正+0.04） / 総合判定確率: 0.112 / → ヒモ分散。1号艇1着固定で広めのヒモ流し推奨（買い目+2点）', 'tenji_trigger': '展示確認: ヒモ分散レース。1号艇伸び確認後、広めのヒモ流しを採用。穴ヒモ（5・6号艇）を積極的に含める。'}",,,33.8,逃げ狙い,35.89,29.2,3,,,,,,,,,,,
2025-09-25,丸亀,11,5,岡瀬正人,A2,50.00,5,△,2.4106,6,100,44.7,0.1809,4.4737,,,0,低,176,0,-,,0,49.9,1.1986,,,,,,0.0955,0.1727,0.0545,,,A,○,,0.2027,0.6505,,0.4871,S,82,0,◎1着固定 2-3着流し（5〜8点）,0.5777,"{'is_target': True, 'verdict': '参加推奨', 'max_combo_prob': 0.0721, 'est_top_odds': 18.5, 'circle_concentration': 72.3, 'eligible_count': 6, 'bet_adj': 2, 'reason': 'rel_win1=54.3%（本命度） / 最有力組み合わせ確率: 0.072（推定実オッズ?18倍） / 2着集中度: 上位2艇 72.3%（補正+0.04） / 総合判定確率: 0.112 / → ヒモ分散。1号艇1着固定で広めのヒモ流し推奨（買い目+2点）', 'tenji_trigger': '展示確認: ヒモ分散レース。1号艇伸び確認後、広めのヒモ流しを採用。穴ヒモ（5・6号艇）を積極的に含める。'}",,,33.8,逃げ狙い,35.89,29.2,3,,,,,,,,,,,
2025-09-25,丸亀,11,6,滝沢芳行,B1,10.00,6,,3.56,1.1,28,21.4,0.1645,3.2381,,,0,低,85,0,差ま0%,,0,31.7,0.9936,0,0,0,0.0909,0,0.18,0.18,0.064,,,E,,,0.236,0.628,,0.4871,S,82,0,◎1着固定 2-3着流し（5〜8点）,0.5777,"{'is_target': True, 'verdict': '参加推奨', 'max_combo_prob': 0.0721, 'est_top_odds': 18.5, 'circle_concentration': 72.3, 'eligible_count': 6, 'bet_adj': 2, 'reason': 'rel_win1=54.3%（本命度） / 最有力組み合わせ確率: 0.072（推定実オッズ?18倍） / 2着集中度: 上位2艇 72.3%（補正+0.04） / 総合判定確率: 0.112 / → ヒモ分散。1号艇1着固定で広めのヒモ流し推奨（買い目+2点）', 'tenji_trigger': '展示確認: ヒモ分散レース。1号艇伸び確認後、広めのヒモ流しを採用。穴ヒモ（5・6号艇）を積極的に含める。'}",,,33.8,逃げ狙い,35.89,29.2,3,,,,,,,,,,,
2025-09-25,丸亀,12,1,原田幸哉,A1,30.00,1,◎,48.4414,,0,89.7,0.1276,2.6379,,,0,低,11,0,逃1%,,0,68.5,1.1131,0.75,,,,,0.0833,0.1667,0,◎,,D,◎,,,0.6755,,0.5543,S,86,0,◎1着固定 2-3着流し（5〜8点）,0.5777,"{'is_target': True, 'verdict': '参加推奨', 'max_combo_prob': 0.0687, 'est_top_odds': 19.4, 'circle_concentration': 62.6, 'eligible_count': 6, 'bet_adj': 2, 'reason': 'rel_win1=48.4%（本命度） / 最有力組み合わせ確率: 0.069（推定実オッズ?19倍） / 2着集中度: 上位2艇 62.6%（補正+0.00） / 総合判定確率: 0.069 / → ヒモ分散。1号艇1着固定で広めのヒモ流し推奨（買い目+2点）', 'tenji_trigger': '展示確認: ヒモ分散レース。1号艇伸び確認後、広めのヒモ流しを採用。穴ヒモ（5・6号艇）を積極的に含める。\n展示で1号艇スタート超安定(0.128秒)→ヒモ固まり方向に注意'}",,,32,逃げ狙い,33.32,26.4,3,,,,,0,0,0.7559,0,,逃げ軸流し,A
2025-09-25,丸亀,12,2,田村隆信,A1,0.00,2,,13.2633,39,66,66.7,0.143,3,,,0,低,42,0,差0% 抜0%,,0,76.9,1.0819,0,0.2632,0,0,0.0526,0.1011,0.0154,0.0154,,,E,△,,0.2086,0.657,,0.5543,S,86,0,◎1着固定 2-3着流し（5〜8点）,0.5777,"{'is_target': True, 'verdict': '参加推奨', 'max_combo_prob': 0.0687, 'est_top_odds': 19.4, 'circle_concentration': 62.6, 'eligible_count': 6, 'bet_adj': 2, 'reason': 'rel_win1=48.4%（本命度） / 最有力組み合わせ確率: 0.069（推定実オッズ?19倍） / 2着集中度: 上位2艇 62.6%（補正+0.00） / 総合判定確率: 0.069 / → ヒモ分散。1号艇1着固定で広めのヒモ流し推奨（買い目+2点）', 'tenji_trigger': '展示確認: ヒモ分散レース。1号艇伸び確認後、広めのヒモ流しを採用。穴ヒモ（5・6号艇）を積極的に含める。\n展示で1号艇スタート超安定(0.128秒)→ヒモ固まり方向に注意'}",,,32,逃げ狙い,33.32,26.4,3,,,,,,,,,,,
2025-09-25,丸亀,12,3,中岡正彦,A1,42.11,3,▲,15.9587,22.5,54,63.8,0.1291,2.4574,,,0,低,42,0,ま1%,,0,32.7,1.1013,0,0,0.4762,0,0,0.1103,0,0.0588,,◎,B,△,,0.3852,0.649,,0.5543,S,86,0,◎1着固定 2-3着流し（5〜8点）,0.5777,"{'is_target': True, 'verdict': '参加推奨', 'max_combo_prob': 0.0687, 'est_top_odds': 19.4, 'circle_concentration': 62.6, 'eligible_count': 6, 'bet_adj': 2, 'reason': 'rel_win1=48.4%（本命度） / 最有力組み合わせ確率: 0.069（推定実オッズ?19倍） / 2着集中度: 上位2艇 62.6%（補正+0.00） / 総合判定確率: 0.069 / → ヒモ分散。1号艇1着固定で広めのヒモ流し推奨（買い目+2点）', 'tenji_trigger': '展示確認: ヒモ分散レース。1号艇伸び確認後、広めのヒモ流しを採用。穴ヒモ（5・6号艇）を積極的に含める。\n展示で1号艇スタート超安定(0.128秒)→ヒモ固まり方向に注意'}",,,32,逃げ狙い,33.32,26.4,3,,,,,,,,,,,
2025-09-25,丸亀,12,4,井口佳典,A1,63.64,4,○,9.6786,23.6,63,92.3,0.1369,3.0385,,,0,低,31,1,ま0%,,0,79.7,1.6772,0,0,0.3333,0,0,0,0.1667,0.1667,,,A,,,0.3294,0.6355,,0.5543,S,86,0,◎1着固定 2-3着流し（5〜8点）,0.5777,"{'is_target': True, 'verdict': '参加推奨', 'max_combo_prob': 0.0687, 'est_top_odds': 19.4, 'circle_concentration': 62.6, 'eligible_count': 6, 'bet_adj': 2, 'reason': 'rel_win1=48.4%（本命度） / 最有力組み合わせ確率: 0.069（推定実オッズ?19倍） / 2着集中度: 上位2艇 62.6%（補正+0.00） / 総合判定確率: 0.069 / → ヒモ分散。1号艇1着固定で広めのヒモ流し推奨（買い目+2点）', 'tenji_trigger': '展示確認: ヒモ分散レース。1号艇伸び確認後、広めのヒモ流しを採用。穴ヒモ（5・6号艇）を積極的に含める。\n展示で1号艇スタート超安定(0.128秒)→ヒモ固まり方向に注意'}",,,32,逃げ狙い,33.32,26.4,3,,,,,,,,,,,
2025-09-25,丸亀,12,5,萩原秀人,A1,25.00,5,,9.0844,10.3,100,75.9,0.1462,2.9655,,,0,低,49,0,差ま0%,,0,100,2.105,0,0,0,0.2,0,0,0,0.0588,,,E,○,◎,0.2525,0.6585,0.4937,0.5543,S,86,0,◎1着固定 2-3着流し（5〜8点）,0.5777,"{'is_target': True, 'verdict': '参加推奨', 'max_combo_prob': 0.0687, 'est_top_odds': 19.4, 'circle_concentration': 62.6, 'eligible_count': 6, 'bet_adj': 2, 'reason': 'rel_win1=48.4%（本命度） / 最有力組み合わせ確率: 0.069（推定実オッズ?19倍） / 2着集中度: 上位2艇 62.6%（補正+0.00） / 総合判定確率: 0.069 / → ヒモ分散。1号艇1着固定で広めのヒモ流し推奨（買い目+2点）', 'tenji_trigger': '展示確認: ヒモ分散レース。1号艇伸び確認後、広めのヒモ流しを採用。穴ヒモ（5・6号艇）を積極的に含める。\n展示で1号艇スタート超安定(0.128秒)→ヒモ固まり方向に注意'}",,,32,逃げ狙い,33.32,26.4,3,,,,,,,,,,,
2025-09-25,丸亀,12,6,作間　章,A1,53.85,6,△,3.5735,4.6,58,48.3,0.2107,4.6,,,0,低,178,0,差ま0%,,0,37.4,1.8917,0,0,0,0.0357,0,0.1962,0.0886,0.0095,,,A,,,0.103,0.598,,0.5543,S,86,0,◎1着固定 2-3着流し（5〜8点）,0.5777,"{'is_target': True, 'verdict': '参加推奨', 'max_combo_prob': 0.0687, 'est_top_odds': 19.4, 'circle_concentration': 62.6, 'eligible_count': 6, 'bet_adj': 2, 'reason': 'rel_win1=48.4%（本命度） / 最有力組み合わせ確率: 0.069（推定実オッズ?19倍） / 2着集中度: 上位2艇 62.6%（補正+0.00） / 総合判定確率: 0.069 / → ヒモ分散。1号艇1着固定で広めのヒモ流し推奨（買い目+2点）', 'tenji_trigger': '展示確認: ヒモ分散レース。1号艇伸び確認後、広めのヒモ流しを採用。穴ヒモ（5・6号艇）を積極的に含める。\n展示で1号艇スタート超安定(0.128秒)→ヒモ固まり方向に注意'}",,,32,逃げ狙い,33.32,26.4,3,,,,,,,,,,,
2025-09-26,丸亀,1,1,村越　篤,B1,50.00,1,◎,67.9868,,0,94.7,0.1692,3.625,,,0,低,142,0,逃1%,35,0,86,1.1124,0.6452,,,,,0.2516,0.0129,0.0774,◎,,A,◎,,,0.667,,0.4506,S,89,0,◎1着固定 2-3着流し（5〜8点）,0.5777,"{'is_target': True, 'verdict': '点数絞り', 'max_combo_prob': 0.1397, 'est_top_odds': 9.5, 'circle_concentration': 67.4, 'eligible_count': 6, 'bet_adj': 0, 'reason': 'rel_win1=68.0%（本命度） / 最有力組み合わせ確率: 0.140（推定実オッズ?10倍） / 2着集中度: 上位2艇 67.4%（補正+0.00） / 総合判定確率: 0.140 / → ヒモはやや固め。上位2艇以外を切ること', 'tenji_trigger': '展示確認: 1号艇伸び良→そのまま採用。悪→飛び組に差し替え。circle_pct上位2艇に絞り込むこと。'}",,,26.4,逃げ狙い,8.79,31.4,3,,,,,0,0,0.7559,0,,逃げ軸流し,A
2025-09-26,丸亀,1,2,中島友和,B1,25.00,2,▲,9.3886,20.6,100,54.5,0.1664,3.2386,,,0,低,78,0,差0%,4,0,41.3,0.8928,0,0.087,0,0,0,0.064,0.23,0.123,,○,D,○,,0.3848,0.61,,0.4506,S,89,0,◎1着固定 2-3着流し（5〜8点）,0.5777,"{'is_target': True, 'verdict': '点数絞り', 'max_combo_prob': 0.1397, 'est_top_odds': 9.5, 'circle_concentration': 67.4, 'eligible_count': 6, 'bet_adj': 0, 'reason': 'rel_win1=68.0%（本命度） / 最有力組み合わせ確率: 0.140（推定実オッズ?10倍） / 2着集中度: 上位2艇 67.4%（補正+0.00） / 総合判定確率: 0.140 / → ヒモはやや固め。上位2艇以外を切ること', 'tenji_trigger': '展示確認: 1号艇伸び良→そのまま採用。悪→飛び組に差し替え。circle_pct上位2艇に絞り込むこと。'}",,,26.4,逃げ狙い,8.79,31.4,3,,,,,,,,,,,
2025-09-26,丸亀,1,3,中村　真,B1,10.00,3,,9.2282,46.9,54,62.7,0.1478,3.2203,,,0,低,111,0,-,3,0,19.6,0.5942,0,0,0.0769,0,0.0769,0.0522,0.2196,0.0174,,◎,E,,,0.4154,0.584,,0.4506,S,89,0,◎1着固定 2-3着流し（5〜8点）,0.5777,"{'is_target': True, 'verdict': '点数絞り', 'max_combo_prob': 0.1397, 'est_top_odds': 9.5, 'circle_concentration': 67.4, 'eligible_count': 6, 'bet_adj': 0, 'reason': 'rel_win1=68.0%（本命度） / 最有力組み合わせ確率: 0.140（推定実オッズ?10倍） / 2着集中度: 上位2艇 67.4%（補正+0.00） / 総合判定確率: 0.140 / → ヒモはやや固め。上位2艇以外を切ること', 'tenji_trigger': '展示確認: 1号艇伸び良→そのまま採用。悪→飛び組に差し替え。circle_pct上位2艇に絞り込むこと。'}",,,26.4,逃げ狙い,8.79,31.4,3,,,,,,,,,,,
2025-09-26,丸亀,1,4,川村正輝,B1,40.00,4,○,7.1357,17.2,71,44.8,0.2026,4.2328,,,0,低,140,0,差ま0%,3,0,41,0.9317,0,0,0,0.05,0,0.1667,0.1667,0.1667,,,B,,,0.1575,0.57,,0.4506,S,89,0,◎1着固定 2-3着流し（5〜8点）,0.5777,"{'is_target': True, 'verdict': '点数絞り', 'max_combo_prob': 0.1397, 'est_top_odds': 9.5, 'circle_concentration': 67.4, 'eligible_count': 6, 'bet_adj': 0, 'reason': 'rel_win1=68.0%（本命度） / 最有力組み合わせ確率: 0.140（推定実オッズ?10倍） / 2着集中度: 上位2艇 67.4%（補正+0.00） / 総合判定確率: 0.140 / → ヒモはやや固め。上位2艇以外を切ること', 'tenji_trigger': '展示確認: 1号艇伸び良→そのまま採用。悪→飛び組に差し替え。circle_pct上位2艇に絞り込むこと。'}",,,26.4,逃げ狙い,8.79,31.4,3,,,,,,,,,,,
2025-09-26,丸亀,1,5,飯山晃三,B1,36.36,5,△,5.2258,11.5,36,29.2,0.1943,4.6806,,,0,低,179,0,差0% 差ま0%,5,0,44.8,0.9276,0,0.0345,0,0.0345,0,0.1333,0.019,0.1581,,,C,△,,0.2048,0.589,,0.4506,S,89,0,◎1着固定 2-3着流し（5〜8点）,0.5777,"{'is_target': True, 'verdict': '点数絞り', 'max_combo_prob': 0.1397, 'est_top_odds': 9.5, 'circle_concentration': 67.4, 'eligible_count': 6, 'bet_adj': 0, 'reason': 'rel_win1=68.0%（本命度） / 最有力組み合わせ確率: 0.140（推定実オッズ?10倍） / 2着集中度: 上位2艇 67.4%（補正+0.00） / 総合判定確率: 0.140 / → ヒモはやや固め。上位2艇以外を切ること', 'tenji_trigger': '展示確認: 1号艇伸び良→そのまま採用。悪→飛び組に差し替え。circle_pct上位2艇に絞り込むこと。'}",,,26.4,逃げ狙い,8.79,31.4,3,,,,,,,,,,,
2025-09-26,丸亀,1,6,塩崎優司,B1,27.27,6,,1.0348,3.9,21,14.6,0.1867,4.0938,,,0,低,128,0,-,6,0,37.8,0.8489,,,,,,0.0533,0.1657,0.0533,,,D,△,,0.2601,0.591,,0.4506,S,89,0,◎1着固定 2-3着流し（5〜8点）,0.5777,"{'is_target': True, 'verdict': '点数絞り', 'max_combo_prob': 0.1397, 'est_top_odds': 9.5, 'circle_concentration': 67.4, 'eligible_count': 6, 'bet_adj': 0, 'reason': 'rel_win1=68.0%（本命度） / 最有力組み合わせ確率: 0.140（推定実オッズ?10倍） / 2着集中度: 上位2艇 67.4%（補正+0.00） / 総合判定確率: 0.140 / → ヒモはやや固め。上位2艇以外を切ること', 'tenji_trigger': '展示確認: 1号艇伸び良→そのまま採用。悪→飛び組に差し替え。circle_pct上位2艇に絞り込むこと。'}",,,26.4,逃げ狙い,8.79,31.4,3,,,,,,,,,,,
2025-09-26,丸亀,2,1,角浜　修,B1,30.00,1,◎,49.9691,,0,72.9,0.1492,3.0208,,,0,低,134,0,-,46,0,90.8,1.2013,0.4167,,,,,0.0833,0.15,0.15,○,,B,△,,,0.6255,,0.4443,A,64,0,◎-○軸 3着3〜4艇流し（10〜15点）,0.5777,"{'is_target': True, 'verdict': '参加推奨', 'max_combo_prob': 0.0642, 'est_top_odds': 20.8, 'circle_concentration': 54.0, 'eligible_count': 8, 'bet_adj': 2, 'reason': 'rel_win1=50.0%（本命度） / 最有力組み合わせ確率: 0.064（推定実オッズ?21倍） / 2着集中度: 上位2艇 54.0%（補正-0.04） / 総合判定確率: 0.024 / → ヒモ分散。1号艇1着固定で広めのヒモ流し推奨（買い目+2点）', 'tenji_trigger': '展示確認: ヒモ分散レース。1号艇伸び確認後、広めのヒモ流しを採用。穴ヒモ（5・6号艇）を積極的に含める。'}",,,27.9,両建て推奨,16.31,29.2,3,,,,,0,0,0.6155,0,,主役軸流し,B
2025-09-26,丸亀,2,2,塩田雄一,B1,33.33,2,▲,9.2849,32,44,39,0.1837,3.8814,,,0,低,147,0,-,6,0,80.3,1.595,0,0,0.08,0,0,0.4143,0.0952,0.2071,,,A,,,0.0732,0.5565,,0.4443,A,64,0,◎-○軸 3着3〜4艇流し（10〜15点）,0.5777,"{'is_target': True, 'verdict': '参加推奨', 'max_combo_prob': 0.0642, 'est_top_odds': 20.8, 'circle_concentration': 54.0, 'eligible_count': 8, 'bet_adj': 2, 'reason': 'rel_win1=50.0%（本命度） / 最有力組み合わせ確率: 0.064（推定実オッズ?21倍） / 2着集中度: 上位2艇 54.0%（補正-0.04） / 総合判定確率: 0.024 / → ヒモ分散。1号艇1着固定で広めのヒモ流し推奨（買い目+2点）', 'tenji_trigger': '展示確認: ヒモ分散レース。1号艇伸び確認後、広めのヒモ流しを採用。穴ヒモ（5・6号艇）を積極的に含める。'}",,,27.9,両建て推奨,16.31,29.2,3,,,,,,,,,,,
2025-09-26,丸亀,2,3,渡邉英児,B1,12.50,3,△,19.73,22,100,60.7,0.1655,3.2679,,,0,低,130,0,ま0%,3,0,60.3,1.3981,0,0,0.125,0,0,0.1657,0.0667,0.1657,,,E,△,,0.2435,0.6175,,0.4443,A,64,0,◎-○軸 3着3〜4艇流し（10〜15点）,0.5777,"{'is_target': True, 'verdict': '参加推奨', 'max_combo_prob': 0.0642, 'est_top_odds': 20.8, 'circle_concentration': 54.0, 'eligible_count': 8, 'bet_adj': 2, 'reason': 'rel_win1=50.0%（本命度） / 最有力組み合わせ確率: 0.064（推定実オッズ?21倍） / 2着集中度: 上位2艇 54.0%（補正-0.04） / 総合判定確率: 0.024 / → ヒモ分散。1号艇1着固定で広めのヒモ流し推奨（買い目+2点）', 'tenji_trigger': '展示確認: ヒモ分散レース。1号艇伸び確認後、広めのヒモ流しを採用。穴ヒモ（5・6号艇）を積極的に含める。'}",,,27.9,両建て推奨,16.31,29.2,3,,,,,,,,,,,
2025-09-26,丸亀,2,4,川原正明,A2,28.57,4,○,11.7168,12.8,64,35.9,0.1421,2.9245,,,0,低,80,0,ま0%,1,0,73.6,0.9762,0,0,0.0952,0,0,0.1128,0.0154,0.0308,,,C,○,◎,0.3514,0.633,0.2859,0.4443,A,64,0,◎-○軸 3着3〜4艇流し（10〜15点）,0.5777,"{'is_target': True, 'verdict': '参加推奨', 'max_combo_prob': 0.0642, 'est_top_odds': 20.8, 'circle_concentration': 54.0, 'eligible_count': 8, 'bet_adj': 2, 'reason': 'rel_win1=50.0%（本命度） / 最有力組み合わせ確率: 0.064（推定実オッズ?21倍） / 2着集中度: 上位2艇 54.0%（補正-0.04） / 総合判定確率: 0.024 / → ヒモ分散。1号艇1着固定で広めのヒモ流し推奨（買い目+2点）', 'tenji_trigger': '展示確認: ヒモ分散レース。1号艇伸び確認後、広めのヒモ流しを採用。穴ヒモ（5・6号艇）を積極的に含める。'}",,,27.9,両建て推奨,16.31,29.2,3,,,,,,,,,,,
2025-09-26,丸亀,2,5,松尾宣邦,B1,0.00,5,,4.5715,20.8,38,29.7,0.1698,3.6484,,,0,低,128,0,差0% ま0%,4,0,31,0.8645,0,0.0357,0.0357,0,0,0.0167,0.3167,0,,,E,,,0.2406,0.5955,,0.4443,A,64,0,◎-○軸 3着3〜4艇流し（10〜15点）,0.5777,"{'is_target': True, 'verdict': '参加推奨', 'max_combo_prob': 0.0642, 'est_top_odds': 20.8, 'circle_concentration': 54.0, 'eligible_count': 8, 'bet_adj': 2, 'reason': 'rel_win1=50.0%（本命度） / 最有力組み合わせ確率: 0.064（推定実オッズ?21倍） / 2着集中度: 上位2艇 54.0%（補正-0.04） / 総合判定確率: 0.024 / → ヒモ分散。1号艇1着固定で広めのヒモ流し推奨（買い目+2点）', 'tenji_trigger': '展示確認: ヒモ分散レース。1号艇伸び確認後、広めのヒモ流しを採用。穴ヒモ（5・6号艇）を積極的に含める。'}",,,27.9,両建て推奨,16.31,29.2,3,,,,,,,,,,,
2025-09-26,丸亀,2,6,鈴木　博,A1,16.67,6,,4.7278,12.4,47,50,0.1529,3.2981,,,0,低,120,0,-,1,0,37.1,1.5311,0,0,0,0.04,0,0.05,0.11,0.02,,,D,◎,,0.2946,0.6475,,0.4443,A,64,0,◎-○軸 3着3〜4艇流し（10〜15点）,0.5777,"{'is_target': True, 'verdict': '参加推奨', 'max_combo_prob': 0.0642, 'est_top_odds': 20.8, 'circle_concentration': 54.0, 'eligible_count': 8, 'bet_adj': 2, 'reason': 'rel_win1=50.0%（本命度） / 最有力組み合わせ確率: 0.064（推定実オッズ?21倍） / 2着集中度: 上位2艇 54.0%（補正-0.04） / 総合判定確率: 0.024 / → ヒモ分散。1号艇1着固定で広めのヒモ流し推奨（買い目+2点）', 'tenji_trigger': '展示確認: ヒモ分散レース。1号艇伸び確認後、広めのヒモ流しを採用。穴ヒモ（5・6号艇）を積極的に含める。'}",,,27.9,両建て推奨,16.31,29.2,3,,,,,,,,,,,
2025-09-26,丸亀,3,1,鈴木　猛,B1,00.00,1,◎,53.5931,,0,78.3,0.1787,3.6417,,,0,低,166,0,逃0%,5,0,76.8,1.0153,0.3,,,,,0.1133,0.2133,0.0533,△,,E,△,,,0.6215,,0.3045,A,78,0,◎-○軸 3着3〜4艇流し（10〜15点）,0.5777,"{'is_target': True, 'verdict': '参加推奨', 'max_combo_prob': 0.0624, 'est_top_odds': 21.4, 'circle_concentration': 59.9, 'eligible_count': 8, 'bet_adj': 2, 'reason': 'rel_win1=53.6%（本命度） / 最有力組み合わせ確率: 0.062（推定実オッズ?21倍） / 2着集中度: 上位2艇 59.9%（補正+0.00） / 総合判定確率: 0.062 / → ヒモ分散。1号艇1着固定で広めのヒモ流し推奨（買い目+2点）', 'tenji_trigger': '展示確認: ヒモ分散レース。1号艇伸び確認後、広めのヒモ流しを採用。穴ヒモ（5・6号艇）を積極的に含める。'}",,,34,逃げ狙い,17.34,31.6,4,2-3-4|2-3-5|1-2-4|1-2-5|1-2-3|1-3-4|1-5-4,4-1-5|6-1-4|6-1-3|2-3-4|6-4-1|2-3-5|4-1-6|1-2-4|1-2-5|1-2-3|1-3-4|1-5-4,2-3-4:1.89%|2-3-5:1.73%|1-2-4:7.84%|1-2-5:7.38%|1-2-3:6.66%|1-3-4:5.25%|1-5-4:5.24%,2-3-4:B_main|2-3-5:B_main|1-2-4:A|1-2-5:A|1-2-3:A|1-3-4:A|1-5-4:A,7,12,0.4535,1,[!]見送り推奨（主役決まり手「まくり」― 逃げ劣勢レースで的中実績なし）,荒れ広め,D
2025-09-26,丸亀,3,2,越智照浩,B2,12.50,2,,11.5266,35.5,55,35.4,0.155,3.5104,,,0,低,133,0,-,5,0,43.5,0.9231,0,0,0.0385,0,0,0.2,0.35,0.05,,◎,D,,,0.5578,0.563,,0.3045,A,78,0,◎-○軸 3着3〜4艇流し（10〜15点）,0.5777,"{'is_target': True, 'verdict': '参加推奨', 'max_combo_prob': 0.0624, 'est_top_odds': 21.4, 'circle_concentration': 59.9, 'eligible_count': 8, 'bet_adj': 2, 'reason': 'rel_win1=53.6%（本命度） / 最有力組み合わせ確率: 0.062（推定実オッズ?21倍） / 2着集中度: 上位2艇 59.9%（補正+0.00） / 総合判定確率: 0.062 / → ヒモ分散。1号艇1着固定で広めのヒモ流し推奨（買い目+2点）', 'tenji_trigger': '展示確認: ヒモ分散レース。1号艇伸び確認後、広めのヒモ流しを採用。穴ヒモ（5・6号艇）を積極的に含める。'}",,,34,逃げ狙い,17.34,31.6,4,,,,,,,,,,,
2025-09-26,丸亀,3,3,鋤柄貴俊,B1,20.00,3,○,12.6437,16.9,91,39.7,0.1463,2.9295,,,0,低,111,0,差0% ま0% 差ま0%,3,0,37.9,0.9206,0,0.0323,0.0323,0.0323,0,0.1659,0.3523,0.2227,,△,C,○,,0.4749,0.6265,,0.3045,A,78,0,◎-○軸 3着3〜4艇流し（10〜15点）,0.5777,"{'is_target': True, 'verdict': '参加推奨', 'max_combo_prob': 0.0624, 'est_top_odds': 21.4, 'circle_concentration': 59.9, 'eligible_count': 8, 'bet_adj': 2, 'reason': 'rel_win1=53.6%（本命度） / 最有力組み合わせ確率: 0.062（推定実オッズ?21倍） / 2着集中度: 上位2艇 59.9%（補正+0.00） / 総合判定確率: 0.062 / → ヒモ分散。1号艇1着固定で広めのヒモ流し推奨（買い目+2点）', 'tenji_trigger': '展示確認: ヒモ分散レース。1号艇伸び確認後、広めのヒモ流しを採用。穴ヒモ（5・6号艇）を積極的に含める。'}",,,34,逃げ狙い,17.34,31.6,4,,,,,,,,,,,
2025-09-26,丸亀,3,4,岩崎正哉,A2,36.36,4,▲,12.9043,24.4,100,53.6,0.1787,3.8304,,,0,低,192,0,差0%,15,0,72.4,1.2766,0,0.05,0,0,0,0.0387,0.0387,0.0387,,,B,△,◎,0.3164,0.6185,0.277,0.3045,A,78,0,◎-○軸 3着3〜4艇流し（10〜15点）,0.5777,"{'is_target': True, 'verdict': '参加推奨', 'max_combo_prob': 0.0624, 'est_top_odds': 21.4, 'circle_concentration': 59.9, 'eligible_count': 8, 'bet_adj': 2, 'reason': 'rel_win1=53.6%（本命度） / 最有力組み合わせ確率: 0.062（推定実オッズ?21倍） / 2着集中度: 上位2艇 59.9%（補正+0.00） / 総合判定確率: 0.062 / → ヒモ分散。1号艇1着固定で広めのヒモ流し推奨（買い目+2点）', 'tenji_trigger': '展示確認: ヒモ分散レース。1号艇伸び確認後、広めのヒモ流しを採用。穴ヒモ（5・6号艇）を積極的に含める。'}",,,34,逃げ狙い,17.34,31.6,4,,,,,,,,,,,
2025-09-26,丸亀,3,5,馬袋義則,A1,20.00,5,,6.5418,22.3,67,48.6,0.1362,2.7568,,,0,低,78,0,-,21,0,84,1.3864,,,,,,0.129,0.1771,0.1771,,○,C,◎,,0.4808,0.656,,0.3045,A,78,0,◎-○軸 3着3〜4艇流し（10〜15点）,0.5777,"{'is_target': True, 'verdict': '参加推奨', 'max_combo_prob': 0.0624, 'est_top_odds': 21.4, 'circle_concentration': 59.9, 'eligible_count': 8, 'bet_adj': 2, 'reason': 'rel_win1=53.6%（本命度） / 最有力組み合わせ確率: 0.062（推定実オッズ?21倍） / 2着集中度: 上位2艇 59.9%（補正+0.00） / 総合判定確率: 0.062 / → ヒモ分散。1号艇1着固定で広めのヒモ流し推奨（買い目+2点）', 'tenji_trigger': '展示確認: ヒモ分散レース。1号艇伸び確認後、広めのヒモ流しを採用。穴ヒモ（5・6号艇）を積極的に含める。'}",,,34,逃げ狙い,17.34,31.6,4,,,,,,,,,,,
2025-09-26,丸亀,3,6,宮地博士,B1,37.50,6,△,2.7904,0.9,47,14.6,0.2181,4.7188,,,0,低,189,0,-,43,0,28.1,0.8258,,,,,,0.0952,0.0762,0.1771,,,A,,,0.2166,0.5195,,0.3045,A,78,0,◎-○軸 3着3〜4艇流し（10〜15点）,0.5777,"{'is_target': True, 'verdict': '参加推奨', 'max_combo_prob': 0.0624, 'est_top_odds': 21.4, 'circle_concentration': 59.9, 'eligible_count': 8, 'bet_adj': 2, 'reason': 'rel_win1=53.6%（本命度） / 最有力組み合わせ確率: 0.062（推定実オッズ?21倍） / 2着集中度: 上位2艇 59.9%（補正+0.00） / 総合判定確率: 0.062 / → ヒモ分散。1号艇1着固定で広めのヒモ流し推奨（買い目+2点）', 'tenji_trigger': '展示確認: ヒモ分散レース。1号艇伸び確認後、広めのヒモ流しを採用。穴ヒモ（5・6号艇）を積極的に含める。'}",,,34,逃げ狙い,17.34,31.6,4,,,,,,,,,,,
2025-09-26,丸亀,4,1,今坂晃広,B1,44.44,1,◎,48.478,,0,75,0.184,3.9167,,,0,低,154,0,逃1%,16,0,72.7,0.9615,0.5769,,,,,0.0462,0.1969,0.0462,△,,A,○,,,0.681,,0.2089,A,63,0,◎-○軸 3着3〜4艇流し（10〜15点）,0.5777,"{'is_target': True, 'verdict': '参加推奨', 'max_combo_prob': 0.0648, 'est_top_odds': 20.6, 'circle_concentration': 59.1, 'eligible_count': 8, 'bet_adj': 2, 'reason': 'rel_win1=48.5%（本命度） / 最有力組み合わせ確率: 0.065（推定実オッズ?21倍） / 2着集中度: 上位2艇 59.1%（補正+0.00） / 総合判定確率: 0.065 / → ヒモ分散。1号艇1着固定で広めのヒモ流し推奨（買い目+2点）', 'tenji_trigger': '展示確認: ヒモ分散レース。1号艇伸び確認後、広めのヒモ流しを採用。穴ヒモ（5・6号艇）を積極的に含める。\n展示で1号艇スタート遅め(0.184秒)確認→ヒモが荒れやすい'}",,,34.3,両建て推奨,19.02,30.8,5,1-2-5|1-2-4|5-1-4|1-3-5|1-5-4,3-1-2|3-2-1|2-1-4|2-1-3|3-1-4|3-2-4|3-1-6|1-2-5|1-2-4|5-1-4|1-3-5|1-5-4,1-2-5:10.13%|1-2-4:7.52%|5-1-4:7.0%|1-3-5:6.31%|1-5-4:5.32%,1-2-5:A|1-2-4:A|5-1-4:B_sc|1-3-5:A|1-5-4:A,5,12,0.4535,1,[!]見送り推奨（主役決まり手「まくり」― 逃げ劣勢レースで的中実績なし）,荒れ広め,D
2025-09-26,丸亀,4,2,林　美憲,A1,37.50,2,○,12.7491,37.6,49,55.3,0.137,3.2872,,,0,低,42,0,差0% ま0%,3,0,51.2,0.9172,0,0.05,0.05,0,0,0.0343,0.1343,0.1914,,○,B,◎,,0.5676,0.699,,0.2089,A,63,0,◎-○軸 3着3〜4艇流し（10〜15点）,0.5777,"{'is_target': True, 'verdict': '参加推奨', 'max_combo_prob': 0.0648, 'est_top_odds': 20.6, 'circle_concentration': 59.1, 'eligible_count': 8, 'bet_adj': 2, 'reason': 'rel_win1=48.5%（本命度） / 最有力組み合わせ確率: 0.065（推定実オッズ?21倍） / 2着集中度: 上位2艇 59.1%（補正+0.00） / 総合判定確率: 0.065 / → ヒモ分散。1号艇1着固定で広めのヒモ流し推奨（買い目+2点）', 'tenji_trigger': '展示確認: ヒモ分散レース。1号艇伸び確認後、広めのヒモ流しを採用。穴ヒモ（5・6号艇）を積極的に含める。\n展示で1号艇スタート遅め(0.184秒)確認→ヒモが荒れやすい'}",,,34.3,両建て推奨,19.02,30.8,5,,,,,,,,,,,
2025-09-26,丸亀,4,3,小森信雄,B1,28.57,3,,7.741,21.5,70,40.6,0.1722,3.7578,,,0,低,133,0,ま0%,14,0,35.6,0.7646,0,0,0.0323,0,0,0.175,0.25,0.0333,,,C,,,0.361,0.608,,0.2089,A,63,0,◎-○軸 3着3〜4艇流し（10〜15点）,0.5777,"{'is_target': True, 'verdict': '参加推奨', 'max_combo_prob': 0.0648, 'est_top_odds': 20.6, 'circle_concentration': 59.1, 'eligible_count': 8, 'bet_adj': 2, 'reason': 'rel_win1=48.5%（本命度） / 最有力組み合わせ確率: 0.065（推定実オッズ?21倍） / 2着集中度: 上位2艇 59.1%（補正+0.00） / 総合判定確率: 0.065 / → ヒモ分散。1号艇1着固定で広めのヒモ流し推奨（買い目+2点）', 'tenji_trigger': '展示確認: ヒモ分散レース。1号艇伸び確認後、広めのヒモ流しを採用。穴ヒモ（5・6号艇）を積極的に含める。\n展示で1号艇スタート遅め(0.184秒)確認→ヒモが荒れやすい'}",,,34.3,両建て推奨,19.02,30.8,5,,,,,,,,,,,
2025-09-26,丸亀,4,4,石田政吾,A2,44.44,4,▲,7.3193,18.6,100,58.8,0.1598,3.3529,,,0,低,126,0,-,2,0,63.3,1.0698,,,,,,0.0615,0.2123,0.1662,,△,A,△,,0.4376,0.6375,,0.2089,A,63,0,◎-○軸 3着3〜4艇流し（10〜15点）,0.5777,"{'is_target': True, 'verdict': '参加推奨', 'max_combo_prob': 0.0648, 'est_top_odds': 20.6, 'circle_concentration': 59.1, 'eligible_count': 8, 'bet_adj': 2, 'reason': 'rel_win1=48.5%（本命度） / 最有力組み合わせ確率: 0.065（推定実オッズ?21倍） / 2着集中度: 上位2艇 59.1%（補正+0.00） / 総合判定確率: 0.065 / → ヒモ分散。1号艇1着固定で広めのヒモ流し推奨（買い目+2点）', 'tenji_trigger': '展示確認: ヒモ分散レース。1号艇伸び確認後、広めのヒモ流しを採用。穴ヒモ（5・6号艇）を積極的に含める。\n展示で1号艇スタート遅め(0.184秒)確認→ヒモが荒れやすい'}",,,34.3,両建て推奨,19.02,30.8,5,,,,,,,,,,,
2025-09-26,丸亀,4,5,中辻崇人,A2,14.29,5,△,21.481,21.6,77,82,0.1264,2.6026,,,0,低,42,0,差ま1%,22,0,83.7,1.3767,0,0,0.3333,0.0667,0,0.2667,0,0,,◎,E,△,◎,0.579,0.6505,0.4975,0.2089,A,63,0,◎-○軸 3着3〜4艇流し（10〜15点）,0.5777,"{'is_target': True, 'verdict': '参加推奨', 'max_combo_prob': 0.0648, 'est_top_odds': 20.6, 'circle_concentration': 59.1, 'eligible_count': 8, 'bet_adj': 2, 'reason': 'rel_win1=48.5%（本命度） / 最有力組み合わせ確率: 0.065（推定実オッズ?21倍） / 2着集中度: 上位2艇 59.1%（補正+0.00） / 総合判定確率: 0.065 / → ヒモ分散。1号艇1着固定で広めのヒモ流し推奨（買い目+2点）', 'tenji_trigger': '展示確認: ヒモ分散レース。1号艇伸び確認後、広めのヒモ流しを採用。穴ヒモ（5・6号艇）を積極的に含める。\n展示で1号艇スタート遅め(0.184秒)確認→ヒモが荒れやすい'}",,,34.3,両建て推奨,19.02,30.8,5,,,,,,,,,,,
2025-09-26,丸亀,4,6,久富政弘,B1,28.57,6,,2.2317,0.8,34,5.9,0.2571,5.5588,,,0,低,199,0,-,25,0,26.7,0.7911,,,,,,0.2308,0.1538,0.0769,,,C,,,0.1565,0.593,,0.2089,A,63,0,◎-○軸 3着3〜4艇流し（10〜15点）,0.5777,"{'is_target': True, 'verdict': '参加推奨', 'max_combo_prob': 0.0648, 'est_top_odds': 20.6, 'circle_concentration': 59.1, 'eligible_count': 8, 'bet_adj': 2, 'reason': 'rel_win1=48.5%（本命度） / 最有力組み合わせ確率: 0.065（推定実オッズ?21倍） / 2着集中度: 上位2艇 59.1%（補正+0.00） / 総合判定確率: 0.065 / → ヒモ分散。1号艇1着固定で広めのヒモ流し推奨（買い目+2点）', 'tenji_trigger': '展示確認: ヒモ分散レース。1号艇伸び確認後、広めのヒモ流しを採用。穴ヒモ（5・6号艇）を積極的に含める。\n展示で1号艇スタート遅め(0.184秒)確認→ヒモが荒れやすい'}",,,34.3,両建て推奨,19.02,30.8,5,,,,,,,,,,,
2025-09-26,丸亀,5,1,山一鉄也,B2,44.44,1,◎,55.507,,0,87.1,0.1407,2.5857,,,0,低,103,0,逃1%,64,0,69.8,1.1135,0.6452,,,,,0.0129,0.131,0.0978,◎,,C,◎,,,0.668,,0.6479,S,90,0,◎1着固定 2-3着流し（5〜8点）,0.5777,"{'is_target': True, 'verdict': '参加推奨', 'max_combo_prob': 0.0622, 'est_top_odds': 21.4, 'circle_concentration': 56.9, 'eligible_count': 6, 'bet_adj': 2, 'reason': 'rel_win1=55.5%（本命度） / 最有力組み合わせ確率: 0.062（推定実オッズ?21倍） / 2着集中度: 上位2艇 56.9%（補正+0.00） / 総合判定確率: 0.062 / → ヒモ分散。1号艇1着固定で広めのヒモ流し推奨（買い目+2点）', 'tenji_trigger': '展示確認: ヒモ分散レース。1号艇伸び確認後、広めのヒモ流しを採用。穴ヒモ（5・6号艇）を積極的に含める。'}",,,26.5,逃げ狙い,15.58,25.9,3,,,,,0,0,0.7559,0,,逃げ軸流し,A
2025-09-26,丸亀,5,2,菅沼佳昭,B1,46.15,2,▲,7.122,21.7,75,36.1,0.1892,4.1111,,,0,低,189,0,-,53,0,100,1.1252,0,0.0294,0,0,0,0.0667,0.3111,0.0444,,,B,△,,0.0567,0.6165,,0.6479,S,90,0,◎1着固定 2-3着流し（5〜8点）,0.5777,"{'is_target': True, 'verdict': '参加推奨', 'max_combo_prob': 0.0622, 'est_top_odds': 21.4, 'circle_concentration': 56.9, 'eligible_count': 6, 'bet_adj': 2, 'reason': 'rel_win1=55.5%（本命度） / 最有力組み合わせ確率: 0.062（推定実オッズ?21倍） / 2着集中度: 上位2艇 56.9%（補正+0.00） / 総合判定確率: 0.062 / → ヒモ分散。1号艇1着固定で広めのヒモ流し推奨（買い目+2点）', 'tenji_trigger': '展示確認: ヒモ分散レース。1号艇伸び確認後、広めのヒモ流しを採用。穴ヒモ（5・6号艇）を積極的に含める。'}",,,26.5,逃げ狙い,15.58,25.9,3,,,,,,,,,,,
2025-09-26,丸亀,5,3,樋口　亮,A2,45.45,3,○,14.5097,35.2,65,68.4,0.1614,3.3333,,,0,低,133,0,-,2,0,54.3,1.4094,0,0.0455,0.0455,0.0455,0,0.2161,0.0805,0.0276,,,B,,,0.2011,0.601,,0.6479,S,90,0,◎1着固定 2-3着流し（5〜8点）,0.5777,"{'is_target': True, 'verdict': '参加推奨', 'max_combo_prob': 0.0622, 'est_top_odds': 21.4, 'circle_concentration': 56.9, 'eligible_count': 6, 'bet_adj': 2, 'reason': 'rel_win1=55.5%（本命度） / 最有力組み合わせ確率: 0.062（推定実オッズ?21倍） / 2着集中度: 上位2艇 56.9%（補正+0.00） / 総合判定確率: 0.062 / → ヒモ分散。1号艇1着固定で広めのヒモ流し推奨（買い目+2点）', 'tenji_trigger': '展示確認: ヒモ分散レース。1号艇伸び確認後、広めのヒモ流しを採用。穴ヒモ（5・6号艇）を積極的に含める。'}",,,26.5,逃げ狙い,15.58,25.9,3,,,,,,,,,,,
2025-09-26,丸亀,5,4,吉田　光,B1,44.44,4,△,5.0967,18,72,50,0.1758,3.5625,,,0,低,72,0,-,44,0,30.7,0.9253,,,,,,0.0909,0.1818,0.1818,,,C,,,0.1959,0.539,,0.6479,S,90,0,◎1着固定 2-3着流し（5〜8点）,0.5777,"{'is_target': True, 'verdict': '参加推奨', 'max_combo_prob': 0.0622, 'est_top_odds': 21.4, 'circle_concentration': 56.9, 'eligible_count': 6, 'bet_adj': 2, 'reason': 'rel_win1=55.5%（本命度） / 最有力組み合わせ確率: 0.062（推定実オッズ?21倍） / 2着集中度: 上位2艇 56.9%（補正+0.00） / 総合判定確率: 0.062 / → ヒモ分散。1号艇1着固定で広めのヒモ流し推奨（買い目+2点）', 'tenji_trigger': '展示確認: ヒモ分散レース。1号艇伸び確認後、広めのヒモ流しを採用。穴ヒモ（5・6号艇）を積極的に含める。'}",,,26.5,逃げ狙い,15.58,25.9,3,,,,,,,,,,,
2025-09-26,丸亀,5,5,山本隆幸,A1,44.44,5,,11.4277,21.8,67,66.7,0.1815,3.5208,,,0,低,130,0,差ま0%,44,0,36.1,2.0048,0,0,0,0.05,0,0,0.0645,0.2258,,,C,○,○,0.1723,0.631,0.2755,0.6479,S,90,0,◎1着固定 2-3着流し（5〜8点）,0.5777,"{'is_target': True, 'verdict': '参加推奨', 'max_combo_prob': 0.0622, 'est_top_odds': 21.4, 'circle_concentration': 56.9, 'eligible_count': 6, 'bet_adj': 2, 'reason': 'rel_win1=55.5%（本命度） / 最有力組み合わせ確率: 0.062（推定実オッズ?21倍） / 2着集中度: 上位2艇 56.9%（補正+0.00） / 総合判定確率: 0.062 / → ヒモ分散。1号艇1着固定で広めのヒモ流し推奨（買い目+2点）', 'tenji_trigger': '展示確認: ヒモ分散レース。1号艇伸び確認後、広めのヒモ流しを採用。穴ヒモ（5・6号艇）を積極的に含める。'}",,,26.5,逃げ狙い,15.58,25.9,3,,,,,,,,,,,
2025-09-26,丸亀,5,6,金田　諭,A2,44.44,6,,6.3369,3.4,100,56.9,0.1675,3.6569,,,0,低,124,0,ま0%,62,0,100,2.3519,0,0,0.08,0,0,0.1493,0.0293,0.1883,,,C,△,◎,0.2334,0.615,0.3009,0.6479,S,90,0,◎1着固定 2-3着流し（5〜8点）,0.5777,"{'is_target': True, 'verdict': '参加推奨', 'max_combo_prob': 0.0622, 'est_top_odds': 21.4, 'circle_concentration': 56.9, 'eligible_count': 6, 'bet_adj': 2, 'reason': 'rel_win1=55.5%（本命度） / 最有力組み合わせ確率: 0.062（推定実オッズ?21倍） / 2着集中度: 上位2艇 56.9%（補正+0.00） / 総合判定確率: 0.062 / → ヒモ分散。1号艇1着固定で広めのヒモ流し推奨（買い目+2点）', 'tenji_trigger': '展示確認: ヒモ分散レース。1号艇伸び確認後、広めのヒモ流しを採用。穴ヒモ（5・6号艇）を積極的に含める。'}",,,26.5,逃げ狙い,15.58,25.9,3,,,,,,,,,,,
2025-09-26,丸亀,6,1,中村有裕,A2,17.65,1,◎,51.2488,,0,92.4,0.1405,2.4304,,,0,低,76,0,逃0%,6,0,77.6,1.1518,0.4667,,,,,0.08,0.0267,0.1733,◎,,C,△,,,0.63,,0.5662,S,87,0,◎1着固定 2-3着流し（5〜8点）,0.5777,"{'is_target': True, 'verdict': '参加推奨', 'max_combo_prob': 0.0565, 'est_top_odds': 23.6, 'circle_concentration': 61.7, 'eligible_count': 6, 'bet_adj': 2, 'reason': 'rel_win1=51.2%（本命度） / 最有力組み合わせ確率: 0.057（推定実オッズ?24倍） / 2着集中度: 上位2艇 61.7%（補正+0.00） / 総合判定確率: 0.057 / → ヒモ分散。1号艇1着固定で広めのヒモ流し推奨（買い目+2点）', 'tenji_trigger': '展示確認: ヒモ分散レース。1号艇伸び確認後、広めのヒモ流しを採用。穴ヒモ（5・6号艇）を積極的に含める。'}",,,28.9,逃げ狙い,22.7,26.6,5,,,,,0,0,0.7559,0,,逃げ軸流し,A
2025-09-26,丸亀,6,2,宮嵜隆太,B1,10.00,2,▲,8.6517,13,71,31.6,0.1402,2.9386,,,0,低,56,0,-,66,0,100,0.5741,,,,,,0.2833,0.3667,0.0222,,○,D,○,,0.3425,0.654,,0.5662,S,87,0,◎1着固定 2-3着流し（5〜8点）,0.5777,"{'is_target': True, 'verdict': '参加推奨', 'max_combo_prob': 0.0565, 'est_top_odds': 23.6, 'circle_concentration': 61.7, 'eligible_count': 6, 'bet_adj': 2, 'reason': 'rel_win1=51.2%（本命度） / 最有力組み合わせ確率: 0.057（推定実オッズ?24倍） / 2着集中度: 上位2艇 61.7%（補正+0.00） / 総合判定確率: 0.057 / → ヒモ分散。1号艇1着固定で広めのヒモ流し推奨（買い目+2点）', 'tenji_trigger': '展示確認: ヒモ分散レース。1号艇伸び確認後、広めのヒモ流しを採用。穴ヒモ（5・6号艇）を積極的に含める。'}",,,28.9,逃げ狙い,22.7,26.6,5,,,,,,,,,,,
2025-09-26,丸亀,6,3,北村征嗣,A1,0.00,3,,14.0733,35.1,100,75,0.1492,2.9583,,,0,低,114,0,差0% ま0% 差ま0%,1,0,61.8,1.4154,0,0.0476,0.1429,0.0952,0,0.0186,0.1742,0.0825,,,E,◎,,0.2764,0.656,,0.5662,S,87,0,◎1着固定 2-3着流し（5〜8点）,0.5777,"{'is_target': True, 'verdict': '参加推奨', 'max_combo_prob': 0.0565, 'est_top_odds': 23.6, 'circle_concentration': 61.7, 'eligible_count': 6, 'bet_adj': 2, 'reason': 'rel_win1=51.2%（本命度） / 最有力組み合わせ確率: 0.057（推定実オッズ?24倍） / 2着集中度: 上位2艇 61.7%（補正+0.00） / 総合判定確率: 0.057 / → ヒモ分散。1号艇1着固定で広めのヒモ流し推奨（買い目+2点）', 'tenji_trigger': '展示確認: ヒモ分散レース。1号艇伸び確認後、広めのヒモ流しを採用。穴ヒモ（5・6号艇）を積極的に含める。'}",,,28.9,逃げ狙い,22.7,26.6,5,,,,,,,,,,,
2025-09-26,丸亀,6,4,滝沢芳行,B1,10.00,4,△,9.186,26.5,83,65.6,0.1385,2.6967,,,0,低,85,0,ま0%,56,0,62.5,1.2957,0,0,0.2121,0,0,0.18,0.18,0.064,,,D,△,◎,0.3493,0.628,0.4311,0.5662,S,87,0,◎1着固定 2-3着流し（5〜8点）,0.5777,"{'is_target': True, 'verdict': '参加推奨', 'max_combo_prob': 0.0565, 'est_top_odds': 23.6, 'circle_concentration': 61.7, 'eligible_count': 6, 'bet_adj': 2, 'reason': 'rel_win1=51.2%（本命度） / 最有力組み合わせ確率: 0.057（推定実オッズ?24倍） / 2着集中度: 上位2艇 61.7%（補正+0.00） / 総合判定確率: 0.057 / → ヒモ分散。1号艇1着固定で広めのヒモ流し推奨（買い目+2点）', 'tenji_trigger': '展示確認: ヒモ分散レース。1号艇伸び確認後、広めのヒモ流しを採用。穴ヒモ（5・6号艇）を積極的に含める。'}",,,28.9,逃げ狙い,22.7,26.6,5,,,,,,,,,,,
2025-09-26,丸亀,6,5,作間　章,A1,53.85,5,○,15.4696,20.2,92,60.3,0.1854,3.7721,,,0,低,178,0,差ま0% 抜0%,25,0,29,2.0133,0,0,0,0.1071,0.0357,0.1962,0.0886,0.0095,,,A,,○,0.1544,0.598,0.3036,0.5662,S,87,0,◎1着固定 2-3着流し（5〜8点）,0.5777,"{'is_target': True, 'verdict': '参加推奨', 'max_combo_prob': 0.0565, 'est_top_odds': 23.6, 'circle_concentration': 61.7, 'eligible_count': 6, 'bet_adj': 2, 'reason': 'rel_win1=51.2%（本命度） / 最有力組み合わせ確率: 0.057（推定実オッズ?24倍） / 2着集中度: 上位2艇 61.7%（補正+0.00） / 総合判定確率: 0.057 / → ヒモ分散。1号艇1着固定で広めのヒモ流し推奨（買い目+2点）', 'tenji_trigger': '展示確認: ヒモ分散レース。1号艇伸び確認後、広めのヒモ流しを採用。穴ヒモ（5・6号艇）を積極的に含める。'}",,,28.9,逃げ狙い,22.7,26.6,5,,,,,,,,,,,
2025-09-26,丸亀,6,6,渡邉英児,B1,12.50,6,,1.3707,5.1,47,11.1,0.22,4.5556,,,0,低,130,0,-,3,0,29,0.8444,,,,,,0.1657,0.0667,0.1657,,,D,,,0.1407,0.6175,,0.5662,S,87,0,◎1着固定 2-3着流し（5〜8点）,0.5777,"{'is_target': True, 'verdict': '参加推奨', 'max_combo_prob': 0.0565, 'est_top_odds': 23.6, 'circle_concentration': 61.7, 'eligible_count': 6, 'bet_adj': 2, 'reason': 'rel_win1=51.2%（本命度） / 最有力組み合わせ確率: 0.057（推定実オッズ?24倍） / 2着集中度: 上位2艇 61.7%（補正+0.00） / 総合判定確率: 0.057 / → ヒモ分散。1号艇1着固定で広めのヒモ流し推奨（買い目+2点）', 'tenji_trigger': '展示確認: ヒモ分散レース。1号艇伸び確認後、広めのヒモ流しを採用。穴ヒモ（5・6号艇）を積極的に含める。'}",,,28.9,逃げ狙い,22.7,26.6,5,,,,,,,,,,,
2025-09-26,丸亀,7,1,中島友和,B1,25.00,1,◎,55.1734,,0,80.8,0.134,2.2553,,,0,低,78,0,逃0%,4,0,79,1.0472,0.4,,,,,0.064,0.23,0.123,◎,,C,△,,,0.61,,0.5496,S,81,0,◎1着固定 2-3着流し（5〜8点）,0.5777,"{'is_target': True, 'verdict': '点数絞り', 'max_combo_prob': 0.0814, 'est_top_odds': 16.4, 'circle_concentration': 74.6, 'eligible_count': 6, 'bet_adj': 0, 'reason': 'rel_win1=55.2%（本命度） / 最有力組み合わせ確率: 0.081（推定実オッズ?16倍） / 2着集中度: 上位2艇 74.6%（補正+0.04） / 総合判定確率: 0.121 / → ヒモはやや固め。上位2艇以外を切ること', 'tenji_trigger': '展示確認: 1号艇伸び良→そのまま採用。悪→飛び組に差し替え。circle_pct上位2艇に絞り込むこと。\n展示で1号艇スタート超安定(0.134秒)→ヒモ固まり方向に注意'}",,,28.4,逃げ狙い,16.86,30.1,2,,,,,0,0,0.7559,0,,逃げ軸流し,A
2025-09-26,丸亀,7,2,萩原秀人,A1,25.00,2,▲,20.3658,51.6,59,75.8,0.1791,3.2424,,,0,低,49,0,差0%,42,0,63.8,1.2909,0,0.1818,0,0,0,0,0,0.0588,,,C,◎,,0.1021,0.6585,,0.5496,S,81,0,◎1着固定 2-3着流し（5〜8点）,0.5777,"{'is_target': True, 'verdict': '点数絞り', 'max_combo_prob': 0.0814, 'est_top_odds': 16.4, 'circle_concentration': 74.6, 'eligible_count': 6, 'bet_adj': 0, 'reason': 'rel_win1=55.2%（本命度） / 最有力組み合わせ確率: 0.081（推定実オッズ?16倍） / 2着集中度: 上位2艇 74.6%（補正+0.04） / 総合判定確率: 0.121 / → ヒモはやや固め。上位2艇以外を切ること', 'tenji_trigger': '展示確認: 1号艇伸び良→そのまま採用。悪→飛び組に差し替え。circle_pct上位2艇に絞り込むこと。\n展示で1号艇スタート超安定(0.134秒)→ヒモ固まり方向に注意'}",,,28.4,逃げ狙い,16.86,30.1,2,,,,,,,,,,,
2025-09-26,丸亀,7,3,岩津徹郎,B1,15.79,3,,10.5504,13.9,82,45.8,0.1723,3.3229,,,0,低,117,0,差0% ま0% 差ま0%,53,0,50,0.9329,0,0.0455,0.0909,0.0455,0,0.0706,0.0941,0.2706,,,D,,,0.143,0.574,,0.5496,S,81,0,◎1着固定 2-3着流し（5〜8点）,0.5777,"{'is_target': True, 'verdict': '点数絞り', 'max_combo_prob': 0.0814, 'est_top_odds': 16.4, 'circle_concentration': 74.6, 'eligible_count': 6, 'bet_adj': 0, 'reason': 'rel_win1=55.2%（本命度） / 最有力組み合わせ確率: 0.081（推定実オッズ?16倍） / 2着集中度: 上位2艇 74.6%（補正+0.04） / 総合判定確率: 0.121 / → ヒモはやや固め。上位2艇以外を切ること', 'tenji_trigger': '展示確認: 1号艇伸び良→そのまま採用。悪→飛び組に差し替え。circle_pct上位2艇に絞り込むこと。\n展示で1号艇スタート超安定(0.134秒)→ヒモ固まり方向に注意'}",,,28.4,逃げ狙い,16.86,30.1,2,,,,,,,,,,,
2025-09-26,丸亀,7,4,松尾宣邦,B1,0.00,4,,4.405,9.1,86,30,0.1718,3.72,,,0,低,128,0,-,4,0,23.3,0.6462,,,,,,0.0167,0.3167,0,,,E,,,0.1993,0.5955,,0.5496,S,81,0,◎1着固定 2-3着流し（5〜8点）,0.5777,"{'is_target': True, 'verdict': '点数絞り', 'max_combo_prob': 0.0814, 'est_top_odds': 16.4, 'circle_concentration': 74.6, 'eligible_count': 6, 'bet_adj': 0, 'reason': 'rel_win1=55.2%（本命度） / 最有力組み合わせ確率: 0.081（推定実オッズ?16倍） / 2着集中度: 上位2艇 74.6%（補正+0.04） / 総合判定確率: 0.121 / → ヒモはやや固め。上位2艇以外を切ること', 'tenji_trigger': '展示確認: 1号艇伸び良→そのまま採用。悪→飛び組に差し替え。circle_pct上位2艇に絞り込むこと。\n展示で1号艇スタート超安定(0.134秒)→ヒモ固まり方向に注意'}",,,28.4,逃げ狙い,16.86,30.1,2,,,,,,,,,,,
2025-09-26,丸亀,7,5,中岡正彦,A1,42.11,5,○,8.1921,22.9,82,66.7,0.1304,2.9815,,,0,低,42,0,-,13,0,34.3,0.9964,,,,,,0.1103,0,0.0588,,,A,○,,0.3559,0.649,,0.5496,S,81,0,◎1着固定 2-3着流し（5〜8点）,0.5777,"{'is_target': True, 'verdict': '点数絞り', 'max_combo_prob': 0.0814, 'est_top_odds': 16.4, 'circle_concentration': 74.6, 'eligible_count': 6, 'bet_adj': 0, 'reason': 'rel_win1=55.2%（本命度） / 最有力組み合わせ確率: 0.081（推定実オッズ?16倍） / 2着集中度: 上位2艇 74.6%（補正+0.04） / 総合判定確率: 0.121 / → ヒモはやや固め。上位2艇以外を切ること', 'tenji_trigger': '展示確認: 1号艇伸び良→そのまま採用。悪→飛び組に差し替え。circle_pct上位2艇に絞り込むこと。\n展示で1号艇スタート超安定(0.134秒)→ヒモ固まり方向に注意'}",,,28.4,逃げ狙い,16.86,30.1,2,,,,,,,,,,,
2025-09-26,丸亀,7,6,中里英夫,A2,30.00,6,△,1.3133,2.4,100,42.9,0.1929,4.5612,,,0,低,123,0,-,13,0,87.9,1.6536,,,,,,0.1292,0.2458,0.1958,,,B,△,,0.1695,0.641,,0.5496,S,81,0,◎1着固定 2-3着流し（5〜8点）,0.5777,"{'is_target': True, 'verdict': '点数絞り', 'max_combo_prob': 0.0814, 'est_top_odds': 16.4, 'circle_concentration': 74.6, 'eligible_count': 6, 'bet_adj': 0, 'reason': 'rel_win1=55.2%（本命度） / 最有力組み合わせ確率: 0.081（推定実オッズ?16倍） / 2着集中度: 上位2艇 74.6%（補正+0.04） / 総合判定確率: 0.121 / → ヒモはやや固め。上位2艇以外を切ること', 'tenji_trigger': '展示確認: 1号艇伸び良→そのまま採用。悪→飛び組に差し替え。circle_pct上位2艇に絞り込むこと。\n展示で1号艇スタート超安定(0.134秒)→ヒモ固まり方向に注意'}",,,28.4,逃げ狙い,16.86,30.1,2,,,,,,,,,,,
2025-09-26,丸亀,8,1,角谷健吾,A2,22.22,1,◎,62.1498,,0,89.7,0.1519,3.0064,,,0,低,85,0,逃1%,23,0,86,1.166,0.6786,,,,,0.2214,0.0143,0.1036,◎,,D,△,,,0.632,,0.4888,S,85,0,◎1着固定 2-3着流し（5〜8点）,0.5777,"{'is_target': True, 'verdict': '参加推奨', 'max_combo_prob': 0.0723, 'est_top_odds': 18.4, 'circle_concentration': 68.7, 'eligible_count': 6, 'bet_adj': 2, 'reason': 'rel_win1=62.1%（本命度） / 最有力組み合わせ確率: 0.072（推定実オッズ?18倍） / 2着集中度: 上位2艇 68.7%（補正+0.00） / 総合判定確率: 0.072 / → ヒモ分散。1号艇1着固定で広めのヒモ流し推奨（買い目+2点）', 'tenji_trigger': '展示確認: ヒモ分散レース。1号艇伸び確認後、広めのヒモ流しを採用。穴ヒモ（5・6号艇）を積極的に含める。'}",,,29.5,逃げ狙い,19.77,30.9,3,,,,,0,0,0.7559,0,,逃げ軸流し,A
2025-09-26,丸亀,8,2,川村正輝,B1,40.00,2,▲,12.6655,32.4,73,53.1,0.1753,3.8673,,,0,低,140,0,差0%,3,0,48.5,0.8857,0,0.1111,0,0,0,0.1667,0.1667,0.1667,,,B,,,0.091,0.57,,0.4888,S,85,0,◎1着固定 2-3着流し（5〜8点）,0.5777,"{'is_target': True, 'verdict': '参加推奨', 'max_combo_prob': 0.0723, 'est_top_odds': 18.4, 'circle_concentration': 68.7, 'eligible_count': 6, 'bet_adj': 2, 'reason': 'rel_win1=62.1%（本命度） / 最有力組み合わせ確率: 0.072（推定実オッズ?18倍） / 2着集中度: 上位2艇 68.7%（補正+0.00） / 総合判定確率: 0.072 / → ヒモ分散。1号艇1着固定で広めのヒモ流し推奨（買い目+2点）', 'tenji_trigger': '展示確認: ヒモ分散レース。1号艇伸び確認後、広めのヒモ流しを採用。穴ヒモ（5・6号艇）を積極的に含める。'}",,,29.5,逃げ狙い,19.77,30.9,3,,,,,,,,,,,
2025-09-26,丸亀,8,3,井口佳典,A1,63.64,3,○,12.0862,36.3,88,66.7,0.1547,3.1333,,,0,低,31,0,差ま1%,14,0,55.8,1.2467,0,0,0,0.6667,0,0,0.1667,0.1667,,◎,A,○,,0.4498,0.6355,,0.4888,S,85,0,◎1着固定 2-3着流し（5〜8点）,0.5777,"{'is_target': True, 'verdict': '参加推奨', 'max_combo_prob': 0.0723, 'est_top_odds': 18.4, 'circle_concentration': 68.7, 'eligible_count': 6, 'bet_adj': 2, 'reason': 'rel_win1=62.1%（本命度） / 最有力組み合わせ確率: 0.072（推定実オッズ?18倍） / 2着集中度: 上位2艇 68.7%（補正+0.00） / 総合判定確率: 0.072 / → ヒモ分散。1号艇1着固定で広めのヒモ流し推奨（買い目+2点）', 'tenji_trigger': '展示確認: ヒモ分散レース。1号艇伸び確認後、広めのヒモ流しを採用。穴ヒモ（5・6号艇）を積極的に含める。'}",,,29.5,逃げ狙い,19.77,30.9,3,,,,,,,,,,,
2025-09-26,丸亀,8,4,塩田雄一,B1,33.33,4,,6.1827,19.4,79,35.9,0.1988,3.5859,,,0,低,147,0,-,6,0,22.2,0.7436,0,0,0.04,0.04,0.04,0.4143,0.0952,0.2071,,,C,,◎,0.091,0.5565,0.0919,0.4888,S,85,0,◎1着固定 2-3着流し（5〜8点）,0.5777,"{'is_target': True, 'verdict': '参加推奨', 'max_combo_prob': 0.0723, 'est_top_odds': 18.4, 'circle_concentration': 68.7, 'eligible_count': 6, 'bet_adj': 2, 'reason': 'rel_win1=62.1%（本命度） / 最有力組み合わせ確率: 0.072（推定実オッズ?18倍） / 2着集中度: 上位2艇 68.7%（補正+0.00） / 総合判定確率: 0.072 / → ヒモ分散。1号艇1着固定で広めのヒモ流し推奨（買い目+2点）', 'tenji_trigger': '展示確認: ヒモ分散レース。1号艇伸び確認後、広めのヒモ流しを採用。穴ヒモ（5・6号艇）を積極的に含める。'}",,,29.5,逃げ狙い,19.77,30.9,3,,,,,,,,,,,
2025-09-26,丸亀,8,5,鋤柄貴俊,B1,20.00,5,,3.1831,3.4,60,35.1,0.1531,3.277,,,0,低,111,0,ま0% 差ま0%,3,0,34,0.9929,0,0,0.0312,0.0625,0,0.1659,0.3523,0.2227,,,E,△,,0.2869,0.6265,,0.4888,S,85,0,◎1着固定 2-3着流し（5〜8点）,0.5777,"{'is_target': True, 'verdict': '参加推奨', 'max_combo_prob': 0.0723, 'est_top_odds': 18.4, 'circle_concentration': 68.7, 'eligible_count': 6, 'bet_adj': 2, 'reason': 'rel_win1=62.1%（本命度） / 最有力組み合わせ確率: 0.072（推定実オッズ?18倍） / 2着集中度: 上位2艇 68.7%（補正+0.00） / 総合判定確率: 0.072 / → ヒモ分散。1号艇1着固定で広めのヒモ流し推奨（買い目+2点）', 'tenji_trigger': '展示確認: ヒモ分散レース。1号艇伸び確認後、広めのヒモ流しを採用。穴ヒモ（5・6号艇）を積極的に含める。'}",,,29.5,逃げ狙い,19.77,30.9,3,,,,,,,,,,,
2025-09-26,丸亀,8,6,田中信一,A1,33.33,6,△,3.7327,8.5,100,45.5,0.1536,3.4886,,,0,低,73,0,-,21,0,91.7,1.8067,,,,,,0.1729,0.0979,0.0343,,,C,◎,,0.3074,0.6585,,0.4888,S,85,0,◎1着固定 2-3着流し（5〜8点）,0.5777,"{'is_target': True, 'verdict': '参加推奨', 'max_combo_prob': 0.0723, 'est_top_odds': 18.4, 'circle_concentration': 68.7, 'eligible_count': 6, 'bet_adj': 2, 'reason': 'rel_win1=62.1%（本命度） / 最有力組み合わせ確率: 0.072（推定実オッズ?18倍） / 2着集中度: 上位2艇 68.7%（補正+0.00） / 総合判定確率: 0.072 / → ヒモ分散。1号艇1着固定で広めのヒモ流し推奨（買い目+2点）', 'tenji_trigger': '展示確認: ヒモ分散レース。1号艇伸び確認後、広めのヒモ流しを採用。穴ヒモ（5・6号艇）を積極的に含める。'}",,,29.5,逃げ狙い,19.77,30.9,3,,,,,,,,,,,
2025-09-26,丸亀,9,1,中辻崇人,A2,14.29,1,◎,63.8235,,0,100,0.1393,3.0351,,,0,低,42,0,逃1%,22,0,85.4,1.0832,0.7222,,,,,0.2667,0,0,◎,,D,○,,,0.6505,,0.6915,S,92,0,◎1着固定 2-3着流し（5〜8点）,0.5777,"{'is_target': True, 'verdict': '点数絞り', 'max_combo_prob': 0.11, 'est_top_odds': 12.1, 'circle_concentration': 81.8, 'eligible_count': 6, 'bet_adj': 0, 'reason': 'rel_win1=63.8%（本命度） / 最有力組み合わせ確率: 0.110（推定実オッズ?12倍） / 2着集中度: 上位2艇 81.8%（補正+0.04） / 総合判定確率: 0.150 / → ヒモはやや固め。上位2艇以外を切ること', 'tenji_trigger': '展示確認: 1号艇伸び良→そのまま採用。悪→飛び組に差し替え。circle_pct上位2艇に絞り込むこと。\n展示で1号艇スタート超安定(0.139秒)→ヒモ固まり方向に注意'}",,,27.2,逃げ狙い,14.62,28.8,3,,,,,0,0,0.7559,0,,逃げ軸流し,A
2025-09-26,丸亀,9,2,岡瀬正人,A2,50.00,2,○,10.7513,49.5,100,69,0.1648,3.9643,,,0,低,176,0,差0%,65,0,58.9,1.0945,0,0.1333,0,0,0,0.0955,0.1727,0.0545,,,A,○,,0.0805,0.6505,,0.6915,S,92,0,◎1着固定 2-3着流し（5〜8点）,0.5777,"{'is_target': True, 'verdict': '点数絞り', 'max_combo_prob': 0.11, 'est_top_odds': 12.1, 'circle_concentration': 81.8, 'eligible_count': 6, 'bet_adj': 0, 'reason': 'rel_win1=63.8%（本命度） / 最有力組み合わせ確率: 0.110（推定実オッズ?12倍） / 2着集中度: 上位2艇 81.8%（補正+0.04） / 総合判定確率: 0.150 / → ヒモはやや固め。上位2艇以外を切ること', 'tenji_trigger': '展示確認: 1号艇伸び良→そのまま採用。悪→飛び組に差し替え。circle_pct上位2艇に絞り込むこと。\n展示で1号艇スタート超安定(0.139秒)→ヒモ固まり方向に注意'}",,,27.2,逃げ狙い,14.62,28.8,3,,,,,,,,,,,
2025-09-26,丸亀,9,3,鈴木　博,A1,16.67,3,▲,13.4317,32.2,96,65.5,0.1689,3.7364,,,0,低,120,0,-,1,0,39.6,0.8479,0,0.0385,0,0.1923,0,0.05,0.11,0.02,,,D,△,,0.1737,0.6475,,0.6915,S,92,0,◎1着固定 2-3着流し（5〜8点）,0.5777,"{'is_target': True, 'verdict': '点数絞り', 'max_combo_prob': 0.11, 'est_top_odds': 12.1, 'circle_concentration': 81.8, 'eligible_count': 6, 'bet_adj': 0, 'reason': 'rel_win1=63.8%（本命度） / 最有力組み合わせ確率: 0.110（推定実オッズ?12倍） / 2着集中度: 上位2艇 81.8%（補正+0.04） / 総合判定確率: 0.150 / → ヒモはやや固め。上位2艇以外を切ること', 'tenji_trigger': '展示確認: 1号艇伸び良→そのまま採用。悪→飛び組に差し替え。circle_pct上位2艇に絞り込むこと。\n展示で1号艇スタート超安定(0.139秒)→ヒモ固まり方向に注意'}",,,27.2,逃げ狙い,14.62,28.8,3,,,,,,,,,,,
2025-09-26,丸亀,9,4,飯山晃三,B1,36.36,4,△,4.5755,9.4,46,24.5,0.2198,4.8679,,,0,低,179,0,ま0%,5,0,14.6,0.5809,0,0,0.0952,0,0,0.1333,0.019,0.1581,,,B,△,,0.1239,0.589,,0.6915,S,92,0,◎1着固定 2-3着流し（5〜8点）,0.5777,"{'is_target': True, 'verdict': '点数絞り', 'max_combo_prob': 0.11, 'est_top_odds': 12.1, 'circle_concentration': 81.8, 'eligible_count': 6, 'bet_adj': 0, 'reason': 'rel_win1=63.8%（本命度） / 最有力組み合わせ確率: 0.110（推定実オッズ?12倍） / 2着集中度: 上位2艇 81.8%（補正+0.04） / 総合判定確率: 0.150 / → ヒモはやや固め。上位2艇以外を切ること', 'tenji_trigger': '展示確認: 1号艇伸び良→そのまま採用。悪→飛び組に差し替え。circle_pct上位2艇に絞り込むこと。\n展示で1号艇スタート超安定(0.139秒)→ヒモ固まり方向に注意'}",,,27.2,逃げ狙い,14.62,28.8,3,,,,,,,,,,,
2025-09-26,丸亀,9,5,田村隆信,A1,0.00,5,,6.4701,5.5,93,51.7,0.1786,3.7069,,,0,低,42,0,差0% 差ま0%,56,0,86.5,1.4786,0,0.0625,0,0.125,0,0.1011,0.0154,0.0154,,,E,◎,,0.1745,0.657,,0.6915,S,92,0,◎1着固定 2-3着流し（5〜8点）,0.5777,"{'is_target': True, 'verdict': '点数絞り', 'max_combo_prob': 0.11, 'est_top_odds': 12.1, 'circle_concentration': 81.8, 'eligible_count': 6, 'bet_adj': 0, 'reason': 'rel_win1=63.8%（本命度） / 最有力組み合わせ確率: 0.110（推定実オッズ?12倍） / 2着集中度: 上位2艇 81.8%（補正+0.04） / 総合判定確率: 0.150 / → ヒモはやや固め。上位2艇以外を切ること', 'tenji_trigger': '展示確認: 1号艇伸び良→そのまま採用。悪→飛び組に差し替え。circle_pct上位2艇に絞り込むこと。\n展示で1号艇スタート超安定(0.139秒)→ヒモ固まり方向に注意'}",,,27.2,逃げ狙い,14.62,28.8,3,,,,,,,,,,,
2025-09-26,丸亀,9,6,越智照浩,B2,12.50,6,,0.948,3.3,41,20.5,0.1956,4.7051,,,0,低,133,0,-,5,0,36.4,0.6928,,,,,,0.2,0.35,0.05,,,E,,,0.1365,0.563,,0.6915,S,92,0,◎1着固定 2-3着流し（5〜8点）,0.5777,"{'is_target': True, 'verdict': '点数絞り', 'max_combo_prob': 0.11, 'est_top_odds': 12.1, 'circle_concentration': 81.8, 'eligible_count': 6, 'bet_adj': 0, 'reason': 'rel_win1=63.8%（本命度） / 最有力組み合わせ確率: 0.110（推定実オッズ?12倍） / 2着集中度: 上位2艇 81.8%（補正+0.04） / 総合判定確率: 0.150 / → ヒモはやや固め。上位2艇以外を切ること', 'tenji_trigger': '展示確認: 1号艇伸び良→そのまま採用。悪→飛び組に差し替え。circle_pct上位2艇に絞り込むこと。\n展示で1号艇スタート超安定(0.139秒)→ヒモ固まり方向に注意'}",,,27.2,逃げ狙い,14.62,28.8,3,,,,,,,,,,,
2025-09-26,丸亀,10,1,山本隆幸,A1,44.44,1,◎,64.4025,,0,91.9,0.1758,3.6959,,,0,低,130,0,逃1%,44,0,89.1,1.1975,0.7742,,,,,0,0.0645,0.2258,○,,A,△,,,0.631,,0.3862,A,75,0,◎-○軸 3着3〜4艇流し（10〜15点）,0.5777,"{'is_target': True, 'verdict': '点数絞り', 'max_combo_prob': 0.111, 'est_top_odds': 12.0, 'circle_concentration': 73.4, 'eligible_count': 8, 'bet_adj': 0, 'reason': 'rel_win1=64.4%（本命度） / 最有力組み合わせ確率: 0.111（推定実オッズ?12倍） / 2着集中度: 上位2艇 73.4%（補正+0.04） / 総合判定確率: 0.151 / → ヒモはやや固め。上位2艇以外を切ること', 'tenji_trigger': '展示確認: 1号艇伸び良→そのまま採用。悪→飛び組に差し替え。circle_pct上位2艇に絞り込むこと。'}",,,31.6,逃げ狙い,14.82,26.7,2,,,,,0,0,0.6155,0,,逃げ軸流し,A
2025-09-26,丸亀,10,2,石田政吾,A2,44.44,2,○,13.3933,46.6,77,67.3,0.1504,3.0091,,,0,低,126,0,-,2,0,29.4,0.8572,0,0.0833,0,0,0.0417,0.0615,0.2123,0.1662,,◎,A,○,,0.5681,0.6375,,0.3862,A,75,0,◎-○軸 3着3〜4艇流し（10〜15点）,0.5777,"{'is_target': True, 'verdict': '点数絞り', 'max_combo_prob': 0.111, 'est_top_odds': 12.0, 'circle_concentration': 73.4, 'eligible_count': 8, 'bet_adj': 0, 'reason': 'rel_win1=64.4%（本命度） / 最有力組み合わせ確率: 0.111（推定実オッズ?12倍） / 2着集中度: 上位2艇 73.4%（補正+0.04） / 総合判定確率: 0.151 / → ヒモはやや固め。上位2艇以外を切ること', 'tenji_trigger': '展示確認: 1号艇伸び良→そのまま採用。悪→飛び組に差し替え。circle_pct上位2艇に絞り込むこと。'}",,,31.6,逃げ狙い,14.82,26.7,2,,,,,,,,,,,
2025-09-26,丸亀,10,3,鈴木　猛,B1,00.00,3,,6.7897,17.5,100,53.7,0.1613,3.0149,,,0,低,166,0,ま0% 抜0%,5,0,43.5,0.9096,0,0,0.0667,0,0.0333,0.1133,0.2133,0.0533,,,E,,,0.3621,0.6215,,0.3862,A,75,0,◎-○軸 3着3〜4艇流し（10〜15点）,0.5777,"{'is_target': True, 'verdict': '点数絞り', 'max_combo_prob': 0.111, 'est_top_odds': 12.0, 'circle_concentration': 73.4, 'eligible_count': 8, 'bet_adj': 0, 'reason': 'rel_win1=64.4%（本命度） / 最有力組み合わせ確率: 0.111（推定実オッズ?12倍） / 2着集中度: 上位2艇 73.4%（補正+0.04） / 総合判定確率: 0.151 / → ヒモはやや固め。上位2艇以外を切ること', 'tenji_trigger': '展示確認: 1号艇伸び良→そのまま採用。悪→飛び組に差し替え。circle_pct上位2艇に絞り込むこと。'}",,,31.6,逃げ狙い,14.82,26.7,2,,,,,,,,,,,
2025-09-26,丸亀,10,4,中村有裕,A2,17.65,4,△,10.9317,26.9,68,67.7,0.1465,2.9615,,,0,低,76,0,差0% ま0% 差ま0%,6,0,73.7,1.3851,0,0.0417,0.125,0.0417,0,0.08,0.0267,0.1733,,△,D,△,◎,0.4234,0.63,0.3189,0.3862,A,75,0,◎-○軸 3着3〜4艇流し（10〜15点）,0.5777,"{'is_target': True, 'verdict': '点数絞り', 'max_combo_prob': 0.111, 'est_top_odds': 12.0, 'circle_concentration': 73.4, 'eligible_count': 8, 'bet_adj': 0, 'reason': 'rel_win1=64.4%（本命度） / 最有力組み合わせ確率: 0.111（推定実オッズ?12倍） / 2着集中度: 上位2艇 73.4%（補正+0.04） / 総合判定確率: 0.151 / → ヒモはやや固め。上位2艇以外を切ること', 'tenji_trigger': '展示確認: 1号艇伸び良→そのまま採用。悪→飛び組に差し替え。circle_pct上位2艇に絞り込むこと。'}",,,31.6,逃げ狙い,14.82,26.7,2,,,,,,,,,,,
2025-09-26,丸亀,10,5,塩崎優司,B1,27.27,5,,2.9305,6.2,53,25.8,0.1806,3.5968,,,0,低,128,0,差ま0%,6,0,27.3,0.7693,0,0,0,0.0435,0,0.0533,0.1657,0.0533,,,C,,,0.266,0.591,,0.3862,A,75,0,◎-○軸 3着3〜4艇流し（10〜15点）,0.5777,"{'is_target': True, 'verdict': '点数絞り', 'max_combo_prob': 0.111, 'est_top_odds': 12.0, 'circle_concentration': 73.4, 'eligible_count': 8, 'bet_adj': 0, 'reason': 'rel_win1=64.4%（本命度） / 最有力組み合わせ確率: 0.111（推定実オッズ?12倍） / 2着集中度: 上位2艇 73.4%（補正+0.04） / 総合判定確率: 0.151 / → ヒモはやや固め。上位2艇以外を切ること', 'tenji_trigger': '展示確認: 1号艇伸び良→そのまま採用。悪→飛び組に差し替え。circle_pct上位2艇に絞り込むこと。'}",,,31.6,逃げ狙い,14.82,26.7,2,,,,,,,,,,,
2025-09-26,丸亀,10,6,原田幸哉,A1,30.00,6,▲,1.5523,2.9,49,25,0.1075,2,,,0,低,11,1,-,21,0,28.5,1.0489,,,,,,0.0833,0.1667,0,,○,C,◎,,0.4886,0.6755,,0.3862,A,75,0,◎-○軸 3着3〜4艇流し（10〜15点）,0.5777,"{'is_target': True, 'verdict': '点数絞り', 'max_combo_prob': 0.111, 'est_top_odds': 12.0, 'circle_concentration': 73.4, 'eligible_count': 8, 'bet_adj': 0, 'reason': 'rel_win1=64.4%（本命度） / 最有力組み合わせ確率: 0.111（推定実オッズ?12倍） / 2着集中度: 上位2艇 73.4%（補正+0.04） / 総合判定確率: 0.151 / → ヒモはやや固め。上位2艇以外を切ること', 'tenji_trigger': '展示確認: 1号艇伸び良→そのまま採用。悪→飛び組に差し替え。circle_pct上位2艇に絞り込むこと。'}",,,31.6,逃げ狙い,14.82,26.7,2,,,,,,,,,,,
2025-09-26,丸亀,11,1,中岡正彦,A1,42.11,1,◎,61.4182,,0,93.3,0.1175,2.4083,,,0,低,42,0,逃1%,13,0,83,1.0949,0.7647,,,,,0.1103,0,0.0588,◎,,B,○,,,0.649,,0.7011,S,100,0,◎1着固定 2-3着流し（5〜8点）,0.5777,"{'is_target': True, 'verdict': '点数絞り', 'max_combo_prob': 0.1192, 'est_top_odds': 11.2, 'circle_concentration': 73.8, 'eligible_count': 6, 'bet_adj': 0, 'reason': 'rel_win1=61.4%（本命度） / 最有力組み合わせ確率: 0.119（推定実オッズ?11倍） / 2着集中度: 上位2艇 73.8%（補正+0.04） / 総合判定確率: 0.159 / → ヒモはやや固め。上位2艇以外を切ること', 'tenji_trigger': '展示確認: 1号艇伸び良→そのまま採用。悪→飛び組に差し替え。circle_pct上位2艇に絞り込むこと。\n展示で1号艇スタート超安定(0.117秒)→ヒモ固まり方向に注意'}",,,26.8,逃げ狙い,18.52,24.2,3,,,,,0,0,0.7559,0,,逃げ軸流し,A
2025-09-26,丸亀,11,2,馬袋義則,A1,20.00,2,,11.5615,51,76,69.7,0.1499,3.0592,,,0,低,78,0,差0%,21,0,50.3,1.1043,0,0.1143,0,0,0,0.129,0.1771,0.1771,,,E,◎,,0.0758,0.656,,0.7011,S,100,0,◎1着固定 2-3着流し（5〜8点）,0.5777,"{'is_target': True, 'verdict': '点数絞り', 'max_combo_prob': 0.1192, 'est_top_odds': 11.2, 'circle_concentration': 73.8, 'eligible_count': 6, 'bet_adj': 0, 'reason': 'rel_win1=61.4%（本命度） / 最有力組み合わせ確率: 0.119（推定実オッズ?11倍） / 2着集中度: 上位2艇 73.8%（補正+0.04） / 総合判定確率: 0.159 / → ヒモはやや固め。上位2艇以外を切ること', 'tenji_trigger': '展示確認: 1号艇伸び良→そのまま採用。悪→飛び組に差し替え。circle_pct上位2艇に絞り込むこと。\n展示で1号艇スタート超安定(0.117秒)→ヒモ固まり方向に注意'}",,,26.8,逃げ狙い,18.52,24.2,3,,,,,,,,,,,
2025-09-26,丸亀,11,3,作間　章,A1,53.85,3,○,11.8103,22.7,63,64,0.1695,3.3333,,,0,低,178,0,差0% ま0% 差ま0% 抜0%,25,0,49.8,1.2156,0,0.0323,0.0323,0.0968,0.0323,0.1962,0.0886,0.0095,,,A,,,0.1217,0.598,,0.7011,S,100,0,◎1着固定 2-3着流し（5〜8点）,0.5777,"{'is_target': True, 'verdict': '点数絞り', 'max_combo_prob': 0.1192, 'est_top_odds': 11.2, 'circle_concentration': 73.8, 'eligible_count': 6, 'bet_adj': 0, 'reason': 'rel_win1=61.4%（本命度） / 最有力組み合わせ確率: 0.119（推定実オッズ?11倍） / 2着集中度: 上位2艇 73.8%（補正+0.04） / 総合判定確率: 0.159 / → ヒモはやや固め。上位2艇以外を切ること', 'tenji_trigger': '展示確認: 1号艇伸び良→そのまま採用。悪→飛び組に差し替え。circle_pct上位2艇に絞り込むこと。\n展示で1号艇スタート超安定(0.117秒)→ヒモ固まり方向に注意'}",,,26.8,逃げ狙い,18.52,24.2,3,,,,,,,,,,,
2025-09-26,丸亀,11,4,金田　諭,A2,44.44,4,▲,9.3749,10.8,100,51,0.1643,3.5882,,,0,低,124,0,ま0% 差ま0%,62,0,53.1,1.1164,0,0,0.0833,0.0417,0,0.1493,0.0293,0.1883,,,B,△,○,0.1231,0.615,0.2513,0.7011,S,100,0,◎1着固定 2-3着流し（5〜8点）,0.5777,"{'is_target': True, 'verdict': '点数絞り', 'max_combo_prob': 0.1192, 'est_top_odds': 11.2, 'circle_concentration': 73.8, 'eligible_count': 6, 'bet_adj': 0, 'reason': 'rel_win1=61.4%（本命度） / 最有力組み合わせ確率: 0.119（推定実オッズ?11倍） / 2着集中度: 上位2艇 73.8%（補正+0.04） / 総合判定確率: 0.159 / → ヒモはやや固め。上位2艇以外を切ること', 'tenji_trigger': '展示確認: 1号艇伸び良→そのまま採用。悪→飛び組に差し替え。circle_pct上位2艇に絞り込むこと。\n展示で1号艇スタート超安定(0.117秒)→ヒモ固まり方向に注意'}",,,26.8,逃げ狙い,18.52,24.2,3,,,,,,,,,,,
2025-09-26,丸亀,11,5,川原正明,A2,28.57,5,△,4.9981,11.2,43,35.1,0.1361,2.5877,,,0,低,80,0,-,1,0,88.3,1.546,0,0,0,0.0476,0,0.1128,0.0154,0.0308,,,D,△,◎,0.2244,0.633,0.3635,0.7011,S,100,0,◎1着固定 2-3着流し（5〜8点）,0.5777,"{'is_target': True, 'verdict': '点数絞り', 'max_combo_prob': 0.1192, 'est_top_odds': 11.2, 'circle_concentration': 73.8, 'eligible_count': 6, 'bet_adj': 0, 'reason': 'rel_win1=61.4%（本命度） / 最有力組み合わせ確率: 0.119（推定実オッズ?11倍） / 2着集中度: 上位2艇 73.8%（補正+0.04） / 総合判定確率: 0.159 / → ヒモはやや固め。上位2艇以外を切ること', 'tenji_trigger': '展示確認: 1号艇伸び良→そのまま採用。悪→飛び組に差し替え。circle_pct上位2艇に絞り込むこと。\n展示で1号艇スタート超安定(0.117秒)→ヒモ固まり方向に注意'}",,,26.8,逃げ狙い,18.52,24.2,3,,,,,,,,,,,
2025-09-26,丸亀,11,6,中村　真,B1,10.00,6,,0.8369,4.2,57,22.8,0.1796,3.9474,,,0,低,111,0,-,3,0,29.3,0.8239,,,,,,0.0522,0.2196,0.0174,,,E,,,0.1385,0.584,,0.7011,S,100,0,◎1着固定 2-3着流し（5〜8点）,0.5777,"{'is_target': True, 'verdict': '点数絞り', 'max_combo_prob': 0.1192, 'est_top_odds': 11.2, 'circle_concentration': 73.8, 'eligible_count': 6, 'bet_adj': 0, 'reason': 'rel_win1=61.4%（本命度） / 最有力組み合わせ確率: 0.119（推定実オッズ?11倍） / 2着集中度: 上位2艇 73.8%（補正+0.04） / 総合判定確率: 0.159 / → ヒモはやや固め。上位2艇以外を切ること', 'tenji_trigger': '展示確認: 1号艇伸び良→そのまま採用。悪→飛び組に差し替え。circle_pct上位2艇に絞り込むこと。\n展示で1号艇スタート超安定(0.117秒)→ヒモ固まり方向に注意'}",,,26.8,逃げ狙い,18.52,24.2,3,,,,,,,,,,,
2025-09-26,丸亀,12,1,井口佳典,A1,63.64,1,◎,55.8185,,0,85.2,0.1759,3.7593,,,0,低,31,0,逃1%,14,0,84.5,1.0951,0.6667,,,,,0,0.1667,0.1667,○,,A,△,,,0.6355,,0.3472,S,81,0,◎1着固定 2-3着流し（5〜8点）,0.5777,"{'is_target': True, 'verdict': '参加推奨', 'max_combo_prob': 0.0678, 'est_top_odds': 19.7, 'circle_concentration': 69.3, 'eligible_count': 6, 'bet_adj': 2, 'reason': 'rel_win1=55.8%（本命度） / 最有力組み合わせ確率: 0.068（推定実オッズ?20倍） / 2着集中度: 上位2艇 69.3%（補正+0.00） / 総合判定確率: 0.068 / → ヒモ分散。1号艇1着固定で広めのヒモ流し推奨（買い目+2点）', 'tenji_trigger': '展示確認: ヒモ分散レース。1号艇伸び確認後、広めのヒモ流しを採用。穴ヒモ（5・6号艇）を積極的に含める。'}",,,35.6,逃げ狙い,27.18,27.7,2,,,,,0,0,0.6155,0,,逃げ軸流し,A
2025-09-26,丸亀,12,2,北村征嗣,A1,0.00,2,△,16.6169,36.8,62,81,0.1493,3.5,,,0,低,114,0,差0% ま0% 抜0%,1,0,72.5,1.3197,0,0.2727,0.0909,0,0.0455,0.0186,0.1742,0.0825,,◎,E,△,,0.6095,0.656,,0.3472,S,81,0,◎1着固定 2-3着流し（5〜8点）,0.5777,"{'is_target': True, 'verdict': '参加推奨', 'max_combo_prob': 0.0678, 'est_top_odds': 19.7, 'circle_concentration': 69.3, 'eligible_count': 6, 'bet_adj': 2, 'reason': 'rel_win1=55.8%（本命度） / 最有力組み合わせ確率: 0.068（推定実オッズ?20倍） / 2着集中度: 上位2艇 69.3%（補正+0.00） / 総合判定確率: 0.068 / → ヒモ分散。1号艇1着固定で広めのヒモ流し推奨（買い目+2点）', 'tenji_trigger': '展示確認: ヒモ分散レース。1号艇伸び確認後、広めのヒモ流しを採用。穴ヒモ（5・6号艇）を積極的に含める。'}",,,35.6,逃げ狙い,27.18,27.7,2,,,,,,,,,,,
2025-09-26,丸亀,12,3,林　美憲,A1,37.50,3,○,11.3685,32.5,76,74.5,0.1377,3.1489,,,0,低,42,0,ま0% 差ま0% 抜0%,3,0,61,1.3185,0,0,0.1,0.1,0.05,0.0343,0.1343,0.1914,,○,C,◎,,0.4757,0.699,,0.3472,S,81,0,◎1着固定 2-3着流し（5〜8点）,0.5777,"{'is_target': True, 'verdict': '参加推奨', 'max_combo_prob': 0.0678, 'est_top_odds': 19.7, 'circle_concentration': 69.3, 'eligible_count': 6, 'bet_adj': 2, 'reason': 'rel_win1=55.8%（本命度） / 最有力組み合わせ確率: 0.068（推定実オッズ?20倍） / 2着集中度: 上位2艇 69.3%（補正+0.00） / 総合判定確率: 0.068 / → ヒモ分散。1号艇1着固定で広めのヒモ流し推奨（買い目+2点）', 'tenji_trigger': '展示確認: ヒモ分散レース。1号艇伸び確認後、広めのヒモ流しを採用。穴ヒモ（5・6号艇）を積極的に含める。'}",,,35.6,逃げ狙い,27.18,27.7,2,,,,,,,,,,,
2025-09-26,丸亀,12,4,萩原秀人,A1,25.00,4,,9.5767,18.1,100,74.1,0.1415,3.0185,,,0,低,49,0,差0% ま0%,42,0,83.7,1.4219,0,0.0833,0.0833,0,0,0,0,0.0588,,△,D,○,◎,0.4326,0.6585,0.4898,0.3472,S,81,0,◎1着固定 2-3着流し（5〜8点）,0.5777,"{'is_target': True, 'verdict': '参加推奨', 'max_combo_prob': 0.0678, 'est_top_odds': 19.7, 'circle_concentration': 69.3, 'eligible_count': 6, 'bet_adj': 2, 'reason': 'rel_win1=55.8%（本命度） / 最有力組み合わせ確率: 0.068（推定実オッズ?20倍） / 2着集中度: 上位2艇 69.3%（補正+0.00） / 総合判定確率: 0.068 / → ヒモ分散。1号艇1着固定で広めのヒモ流し推奨（買い目+2点）', 'tenji_trigger': '展示確認: ヒモ分散レース。1号艇伸び確認後、広めのヒモ流しを採用。穴ヒモ（5・6号艇）を積極的に含める。'}",,,35.6,逃げ狙い,27.18,27.7,2,,,,,,,,,,,
2025-09-26,丸亀,12,5,樋口　亮,A2,45.45,5,▲,5.7208,12.4,82,51.7,0.1731,3.7069,,,0,低,133,0,抜0%,2,0,85.1,1.4274,0,0,0,0,0.0909,0.2161,0.0805,0.0276,,,B,,○,0.3204,0.601,0.2628,0.3472,S,81,0,◎1着固定 2-3着流し（5〜8点）,0.5777,"{'is_target': True, 'verdict': '参加推奨', 'max_combo_prob': 0.0678, 'est_top_odds': 19.7, 'circle_concentration': 69.3, 'eligible_count': 6, 'bet_adj': 2, 'reason': 'rel_win1=55.8%（本命度） / 最有力組み合わせ確率: 0.068（推定実オッズ?20倍） / 2着集中度: 上位2艇 69.3%（補正+0.00） / 総合判定確率: 0.068 / → ヒモ分散。1号艇1着固定で広めのヒモ流し推奨（買い目+2点）', 'tenji_trigger': '展示確認: ヒモ分散レース。1号艇伸び確認後、広めのヒモ流しを採用。穴ヒモ（5・6号艇）を積極的に含める。'}",,,35.6,逃げ狙い,27.18,27.7,2,,,,,,,,,,,
2025-09-26,丸亀,12,6,岩崎正哉,A2,36.36,6,,0.8987,0.2,45,24.1,0.2103,4.9052,,,0,低,192,0,-,15,0,34.7,1.0325,,,,,,0.0387,0.0387,0.0387,,,C,,,0.2006,0.6185,,0.3472,S,81,0,◎1着固定 2-3着流し（5〜8点）,0.5777,"{'is_target': True, 'verdict': '参加推奨', 'max_combo_prob': 0.0678, 'est_top_odds': 19.7, 'circle_concentration': 69.3, 'eligible_count': 6, 'bet_adj': 2, 'reason': 'rel_win1=55.8%（本命度） / 最有力組み合わせ確率: 0.068（推定実オッズ?20倍） / 2着集中度: 上位2艇 69.3%（補正+0.00） / 総合判定確率: 0.068 / → ヒモ分散。1号艇1着固定で広めのヒモ流し推奨（買い目+2点）', 'tenji_trigger': '展示確認: ヒモ分散レース。1号艇伸び確認後、広めのヒモ流しを採用。穴ヒモ（5・6号艇）を積極的に含める。'}",,,35.6,逃げ狙い,27.18,27.7,2,,,,,,,,,,,
2025-09-27,丸亀,1,1,越智照浩,B2,12.50,1,◎,48.5862,,0,54.3,0.1997,4.0714,,,0,低,133,0,-,5 35,0,85.4,1.1407,0.0625,,,,,0.2,0.35,0.05,,,D,△,,,0.563,,0.1331,C,36,0,荒れ傾向。高配当狙いか見送り,0.5777,"{'is_target': True, 'verdict': '点数絞り', 'max_combo_prob': 0.096, 'est_top_odds': 13.9, 'circle_concentration': 74.3, 'eligible_count': 6, 'bet_adj': 0, 'reason': 'rel_win1=48.6%（本命度） / 最有力組み合わせ確率: 0.096（推定実オッズ?14倍） / 2着集中度: 上位2艇 74.3%（補正+0.04） / 総合判定確率: 0.136 / → ヒモはやや固め。上位2艇以外を切ること', 'tenji_trigger': '展示確認: 1号艇伸び良→そのまま採用。悪→飛び組に差し替え。circle_pct上位2艇に絞り込むこと。\n展示で1号艇スタート遅め(0.200秒)確認→ヒモが荒れやすい'}",,,36.9,両建て推奨,17.33,39.9,3,2-1-3|2-1-4|2-3-1|2-1-5|2-4-1|2-3-4|2-4-3|1-2-3|1-2-4,2-1-3|2-1-4|2-3-1|2-1-5|2-4-1|2-3-4|2-4-3|1-2-3|1-2-4|5-1-6|6-1-3|6-1-4,2-1-3:3.31%|2-1-4:2.24%|2-3-1:1.05%|2-1-5:0.99%|2-4-1:0.35%|2-3-4:0.3%|2-4-3:0.15%|1-2-3:5.16%|1-2-4:5.14%,2-1-3:B_main|2-1-4:B_main|2-3-1:B_main|2-1-5:B_main|2-4-1:B_main|2-3-4:B_main|2-4-3:B_main|1-2-3:A|1-2-4:A,9,12,0.2915,1,[!]見送り推奨（主役決まり手「差し」― 逃げ劣勢レースで的中実績なし）,主役軸流し,B
2025-09-27,丸亀,1,2,中村　真,B1,10.00,2,,12.4782,46,52,46,0.173,3.78,,,0,低,111,0,-,3 32,0,36.2,0.7847,,,,,,0.0522,0.2196,0.0174,,◎,E,○,,0.6075,0.584,,0.1331,C,36,0,荒れ傾向。高配当狙いか見送り,0.5777,"{'is_target': True, 'verdict': '点数絞り', 'max_combo_prob': 0.096, 'est_top_odds': 13.9, 'circle_concentration': 74.3, 'eligible_count': 6, 'bet_adj': 0, 'reason': 'rel_win1=48.6%（本命度） / 最有力組み合わせ確率: 0.096（推定実オッズ?14倍） / 2着集中度: 上位2艇 74.3%（補正+0.04） / 総合判定確率: 0.136 / → ヒモはやや固め。上位2艇以外を切ること', 'tenji_trigger': '展示確認: 1号艇伸び良→そのまま採用。悪→飛び組に差し替え。circle_pct上位2艇に絞り込むこと。\n展示で1号艇スタート遅め(0.200秒)確認→ヒモが荒れやすい'}",,,36.9,両建て推奨,17.33,39.9,3,,,,,,,,,,,
2025-09-27,丸亀,1,3,滝沢芳行,B1,10.00,3,▲,20.7062,28.2,50,47.5,0.1428,2.7869,,,0,低,85,0,差0% ま0%,565,0,61.6,1.2529,0,0.0357,0.1071,0,0,0.18,0.18,0.064,,○,E,◎,,0.5153,0.628,,0.1331,C,36,0,荒れ傾向。高配当狙いか見送り,0.5777,"{'is_target': True, 'verdict': '点数絞り', 'max_combo_prob': 0.096, 'est_top_odds': 13.9, 'circle_concentration': 74.3, 'eligible_count': 6, 'bet_adj': 0, 'reason': 'rel_win1=48.6%（本命度） / 最有力組み合わせ確率: 0.096（推定実オッズ?14倍） / 2着集中度: 上位2艇 74.3%（補正+0.04） / 総合判定確率: 0.136 / → ヒモはやや固め。上位2艇以外を切ること', 'tenji_trigger': '展示確認: 1号艇伸び良→そのまま採用。悪→飛び組に差し替え。circle_pct上位2艇に絞り込むこと。\n展示で1号艇スタート遅め(0.200秒)確認→ヒモが荒れやすい'}",,,36.9,両建て推奨,17.33,39.9,3,,,,,,,,,,,
2025-09-27,丸亀,1,4,岩津徹郎,B1,15.79,4,○,9.4975,15.8,100,51.1,0.1674,3.4681,,,0,低,117,0,-,534,0,35.3,0.7826,,,,,,0.0706,0.0941,0.2706,,△,D,△,,0.4898,0.574,,0.1331,C,36,0,荒れ傾向。高配当狙いか見送り,0.5777,"{'is_target': True, 'verdict': '点数絞り', 'max_combo_prob': 0.096, 'est_top_odds': 13.9, 'circle_concentration': 74.3, 'eligible_count': 6, 'bet_adj': 0, 'reason': 'rel_win1=48.6%（本命度） / 最有力組み合わせ確率: 0.096（推定実オッズ?14倍） / 2着集中度: 上位2艇 74.3%（補正+0.04） / 総合判定確率: 0.136 / → ヒモはやや固め。上位2艇以外を切ること', 'tenji_trigger': '展示確認: 1号艇伸び良→そのまま採用。悪→飛び組に差し替え。circle_pct上位2艇に絞り込むこと。\n展示で1号艇スタート遅め(0.200秒)確認→ヒモが荒れやすい'}",,,36.9,両建て推奨,17.33,39.9,3,,,,,,,,,,,
2025-09-27,丸亀,1,5,宮地博士,B1,37.50,5,,5.9096,3.6,55,25.4,0.2159,4.6056,,,0,低,189,0,抜0%,434,0,22.4,0.7971,0,0,0,0,0.0312,0.0952,0.0762,0.1771,,,B,,,0.311,0.5195,,0.1331,C,36,0,荒れ傾向。高配当狙いか見送り,0.5777,"{'is_target': True, 'verdict': '点数絞り', 'max_combo_prob': 0.096, 'est_top_odds': 13.9, 'circle_concentration': 74.3, 'eligible_count': 6, 'bet_adj': 0, 'reason': 'rel_win1=48.6%（本命度） / 最有力組み合わせ確率: 0.096（推定実オッズ?14倍） / 2着集中度: 上位2艇 74.3%（補正+0.04） / 総合判定確率: 0.136 / → ヒモはやや固め。上位2艇以外を切ること', 'tenji_trigger': '展示確認: 1号艇伸び良→そのまま採用。悪→飛び組に差し替え。circle_pct上位2艇に絞り込むこと。\n展示で1号艇スタート遅め(0.200秒)確認→ヒモが荒れやすい'}",,,36.9,両建て推奨,17.33,39.9,3,,,,,,,,,,,
2025-09-27,丸亀,1,6,吉田　光,B1,44.44,6,△,2.8223,6.3,28,25,0.2167,4.2083,,,0,低,72,1,-,444,0,28.3,0.9967,,,,,,0.0909,0.1818,0.1818,,,A,,,0.3084,0.539,,0.1331,C,36,0,荒れ傾向。高配当狙いか見送り,0.5777,"{'is_target': True, 'verdict': '点数絞り', 'max_combo_prob': 0.096, 'est_top_odds': 13.9, 'circle_concentration': 74.3, 'eligible_count': 6, 'bet_adj': 0, 'reason': 'rel_win1=48.6%（本命度） / 最有力組み合わせ確率: 0.096（推定実オッズ?14倍） / 2着集中度: 上位2艇 74.3%（補正+0.04） / 総合判定確率: 0.136 / → ヒモはやや固め。上位2艇以外を切ること', 'tenji_trigger': '展示確認: 1号艇伸び良→そのまま採用。悪→飛び組に差し替え。circle_pct上位2艇に絞り込むこと。\n展示で1号艇スタート遅め(0.200秒)確認→ヒモが荒れやすい'}",,,36.9,両建て推奨,17.33,39.9,3,,,,,,,,,,,
2025-09-27,丸亀,2,1,飯山晃三,B1,36.36,1,◎,48.5031,,0,80.8,0.1581,3.0213,,,0,低,179,0,-,5 66,0,94.3,1.2976,0.4286,,,,,0.1333,0.019,0.1581,○,,C,,,,0.589,,0.4497,A,66,0,◎-○軸 3着3〜4艇流し（10〜15点）,0.5777,"{'is_target': True, 'verdict': '参加推奨', 'max_combo_prob': 0.0708, 'est_top_odds': 18.8, 'circle_concentration': 71.1, 'eligible_count': 8, 'bet_adj': 2, 'reason': 'rel_win1=48.5%（本命度） / 最有力組み合わせ確率: 0.071（推定実オッズ?19倍） / 2着集中度: 上位2艇 71.1%（補正+0.04） / 総合判定確率: 0.111 / → ヒモ分散。1号艇1着固定で広めのヒモ流し推奨（買い目+2点）', 'tenji_trigger': '展示確認: ヒモ分散レース。1号艇伸び確認後、広めのヒモ流しを採用。穴ヒモ（5・6号艇）を積極的に含める。'}",,,28,逃げ狙い,15.99,29.9,2,,,,,0,0,0.6155,0,,逃げ軸流し,A
2025-09-27,丸亀,2,2,山一鉄也,B2,44.44,2,○,21.4117,45.7,71,64.8,0.1665,3.6296,,,0,低,103,0,差0% ま0% 抜0%,642,0,46.8,1.1498,0,0.1481,0.0741,0,0.037,0.0129,0.131,0.0978,,,B,○,,0.2676,0.668,,0.4497,A,66,0,◎-○軸 3着3〜4艇流し（10〜15点）,0.5777,"{'is_target': True, 'verdict': '参加推奨', 'max_combo_prob': 0.0708, 'est_top_odds': 18.8, 'circle_concentration': 71.1, 'eligible_count': 8, 'bet_adj': 2, 'reason': 'rel_win1=48.5%（本命度） / 最有力組み合わせ確率: 0.071（推定実オッズ?19倍） / 2着集中度: 上位2艇 71.1%（補正+0.04） / 総合判定確率: 0.111 / → ヒモ分散。1号艇1着固定で広めのヒモ流し推奨（買い目+2点）', 'tenji_trigger': '展示確認: ヒモ分散レース。1号艇伸び確認後、広めのヒモ流しを採用。穴ヒモ（5・6号艇）を積極的に含める。'}",,,28,逃げ狙い,15.99,29.9,2,,,,,,,,,,,
2025-09-27,丸亀,2,3,今坂晃広,B1,44.44,3,△,9.694,25.4,69,40.8,0.1763,3.6645,,,0,低,154,0,-,162,0,34.4,1.0833,0,0,0,0.0294,0,0.0462,0.1969,0.0462,,,B,◎,,0.1966,0.681,,0.4497,A,66,0,◎-○軸 3着3〜4艇流し（10〜15点）,0.5777,"{'is_target': True, 'verdict': '参加推奨', 'max_combo_prob': 0.0708, 'est_top_odds': 18.8, 'circle_concentration': 71.1, 'eligible_count': 8, 'bet_adj': 2, 'reason': 'rel_win1=48.5%（本命度） / 最有力組み合わせ確率: 0.071（推定実オッズ?19倍） / 2着集中度: 上位2艇 71.1%（補正+0.04） / 総合判定確率: 0.111 / → ヒモ分散。1号艇1着固定で広めのヒモ流し推奨（買い目+2点）', 'tenji_trigger': '展示確認: ヒモ分散レース。1号艇伸び確認後、広めのヒモ流しを採用。穴ヒモ（5・6号艇）を積極的に含める。'}",,,28,逃げ狙い,15.99,29.9,2,,,,,,,,,,,
2025-09-27,丸亀,2,4,菅沼佳昭,B1,46.15,4,▲,9.8672,9.3,71,31.3,0.1666,3.6269,,,0,低,189,0,差0%,535,0,28.6,0.8402,0,0.0333,0,0,0,0.0667,0.3111,0.0444,,,A,,,0.251,0.6165,,0.4497,A,66,0,◎-○軸 3着3〜4艇流し（10〜15点）,0.5777,"{'is_target': True, 'verdict': '参加推奨', 'max_combo_prob': 0.0708, 'est_top_odds': 18.8, 'circle_concentration': 71.1, 'eligible_count': 8, 'bet_adj': 2, 'reason': 'rel_win1=48.5%（本命度） / 最有力組み合わせ確率: 0.071（推定実オッズ?19倍） / 2着集中度: 上位2艇 71.1%（補正+0.04） / 総合判定確率: 0.111 / → ヒモ分散。1号艇1着固定で広めのヒモ流し推奨（買い目+2点）', 'tenji_trigger': '展示確認: ヒモ分散レース。1号艇伸び確認後、広めのヒモ流しを採用。穴ヒモ（5・6号艇）を積極的に含める。'}",,,28,逃げ狙い,15.99,29.9,2,,,,,,,,,,,
2025-09-27,丸亀,2,5,北村征嗣,A1,0.00,5,,9.386,15.5,100,54.2,0.1669,3.5508,,,0,低,114,0,差ま0%,1 24,0,82.8,1.6017,0,0,0,0.08,0,0.0186,0.1742,0.0825,,,E,△,◎,0.2689,0.656,0.2977,0.4497,A,66,0,◎-○軸 3着3〜4艇流し（10〜15点）,0.5777,"{'is_target': True, 'verdict': '参加推奨', 'max_combo_prob': 0.0708, 'est_top_odds': 18.8, 'circle_concentration': 71.1, 'eligible_count': 8, 'bet_adj': 2, 'reason': 'rel_win1=48.5%（本命度） / 最有力組み合わせ確率: 0.071（推定実オッズ?19倍） / 2着集中度: 上位2艇 71.1%（補正+0.04） / 総合判定確率: 0.111 / → ヒモ分散。1号艇1着固定で広めのヒモ流し推奨（買い目+2点）', 'tenji_trigger': '展示確認: ヒモ分散レース。1号艇伸び確認後、広めのヒモ流しを採用。穴ヒモ（5・6号艇）を積極的に含める。'}",,,28,逃げ狙い,15.99,29.9,2,,,,,,,,,,,
2025-09-27,丸亀,2,6,川原正明,A2,28.57,6,,1.1381,4.1,73,21.1,0.1667,3.5096,,,0,低,80,0,-,1 26,0,30.5,0.9003,,,,,,0.1128,0.0154,0.0308,,,D,△,,0.288,0.633,,0.4497,A,66,0,◎-○軸 3着3〜4艇流し（10〜15点）,0.5777,"{'is_target': True, 'verdict': '参加推奨', 'max_combo_prob': 0.0708, 'est_top_odds': 18.8, 'circle_concentration': 71.1, 'eligible_count': 8, 'bet_adj': 2, 'reason': 'rel_win1=48.5%（本命度） / 最有力組み合わせ確率: 0.071（推定実オッズ?19倍） / 2着集中度: 上位2艇 71.1%（補正+0.04） / 総合判定確率: 0.111 / → ヒモ分散。1号艇1着固定で広めのヒモ流し推奨（買い目+2点）', 'tenji_trigger': '展示確認: ヒモ分散レース。1号艇伸び確認後、広めのヒモ流しを採用。穴ヒモ（5・6号艇）を積極的に含める。'}",,,28,逃げ狙い,15.99,29.9,2,,,,,,,,,,,
2025-09-27,丸亀,3,1,久富政弘,B1,28.57,1,◎,51.8114,,0,82.8,0.1744,3.7578,,,0,低,199,0,逃0%,255,0,62.9,1.0549,0.4231,,,,,0.2308,0.1538,0.0769,△,,C,,,,0.593,,0.318,A,77,0,◎-○軸 3着3〜4艇流し（10〜15点）,0.5777,"{'is_target': True, 'verdict': '点数絞り', 'max_combo_prob': 0.1139, 'est_top_odds': 11.7, 'circle_concentration': 78.0, 'eligible_count': 8, 'bet_adj': 0, 'reason': 'rel_win1=51.8%（本命度） / 最有力組み合わせ確率: 0.114（推定実オッズ?12倍） / 2着集中度: 上位2艇 78.0%（補正+0.04） / 総合判定確率: 0.154 / → ヒモはやや固め。上位2艇以外を切ること', 'tenji_trigger': '展示確認: 1号艇伸び良→そのまま採用。悪→飛び組に差し替え。circle_pct上位2艇に絞り込むこと。'}",,,29.1,逃げ狙い,13.97,34.8,4,2-1-4|2-1-3|1-2-4|1-2-3|1-4-2|1-4-3|1-3-4,6-1-4|5-1-6|6-4-1|2-1-4|5-6-1|2-1-3|6-1-3|1-2-4|1-2-3|1-4-2|1-4-3|1-3-4,2-1-4:2.58%|2-1-3:2.23%|1-2-4:11.67%|1-2-3:8.29%|1-4-2:5.16%|1-4-3:4.98%|1-3-4:4.86%,2-1-4:B_main|2-1-3:B_main|1-2-4:A|1-2-3:A|1-4-2:A|1-4-3:A|1-3-4:A,7,12,0.4535,1,[!]見送り推奨（主役決まり手「差し」― 逃げ劣勢レースで的中実績なし）,荒れ広め,D
2025-09-27,丸亀,3,2,中里英夫,A2,30.00,2,▲,10.2625,54.1,77,62.5,0.1554,3.9018,,,0,低,123,0,差0%,133,0,51.7,1.0041,0,0.0385,0,0,0,0.1292,0.2458,0.1958,,◎,C,○,,0.5316,0.641,,0.318,A,77,0,◎-○軸 3着3〜4艇流し（10〜15点）,0.5777,"{'is_target': True, 'verdict': '点数絞り', 'max_combo_prob': 0.1139, 'est_top_odds': 11.7, 'circle_concentration': 78.0, 'eligible_count': 8, 'bet_adj': 0, 'reason': 'rel_win1=51.8%（本命度） / 最有力組み合わせ確率: 0.114（推定実オッズ?12倍） / 2着集中度: 上位2艇 78.0%（補正+0.04） / 総合判定確率: 0.154 / → ヒモはやや固め。上位2艇以外を切ること', 'tenji_trigger': '展示確認: 1号艇伸び良→そのまま採用。悪→飛び組に差し替え。circle_pct上位2艇に絞り込むこと。'}",,,29.1,逃げ狙い,13.97,34.8,4,,,,,,,,,,,
2025-09-27,丸亀,3,3,角浜　修,B1,30.00,3,,10.6783,12.9,60,30,0.1748,3.9083,,,0,低,134,0,-,464,0,100,2.2642,0,0,0.0357,0,0,0.0833,0.15,0.15,,,C,△,,0.3087,0.6255,,0.318,A,77,0,◎-○軸 3着3〜4艇流し（10〜15点）,0.5777,"{'is_target': True, 'verdict': '点数絞り', 'max_combo_prob': 0.1139, 'est_top_odds': 11.7, 'circle_concentration': 78.0, 'eligible_count': 8, 'bet_adj': 0, 'reason': 'rel_win1=51.8%（本命度） / 最有力組み合わせ確率: 0.114（推定実オッズ?12倍） / 2着集中度: 上位2艇 78.0%（補正+0.04） / 総合判定確率: 0.154 / → ヒモはやや固め。上位2艇以外を切ること', 'tenji_trigger': '展示確認: 1号艇伸び良→そのまま採用。悪→飛び組に差し替え。circle_pct上位2艇に絞り込むこと。'}",,,29.1,逃げ狙い,13.97,34.8,4,,,,,,,,,,,
2025-09-27,丸亀,3,4,田中信一,A1,33.33,4,○,19.5341,23.9,100,76.6,0.1515,3.0851,,,0,低,73,0,差0% ま0%,216,0,92.7,1.8579,0,0.0526,0.2632,0,0,0.1729,0.0979,0.0343,,○,B,◎,◎,0.4642,0.6585,0.4268,0.318,A,77,0,◎-○軸 3着3〜4艇流し（10〜15点）,0.5777,"{'is_target': True, 'verdict': '点数絞り', 'max_combo_prob': 0.1139, 'est_top_odds': 11.7, 'circle_concentration': 78.0, 'eligible_count': 8, 'bet_adj': 0, 'reason': 'rel_win1=51.8%（本命度） / 最有力組み合わせ確率: 0.114（推定実オッズ?12倍） / 2着集中度: 上位2艇 78.0%（補正+0.04） / 総合判定確率: 0.154 / → ヒモはやや固め。上位2艇以外を切ること', 'tenji_trigger': '展示確認: 1号艇伸び良→そのまま採用。悪→飛び組に差し替え。circle_pct上位2艇に絞り込むこと。'}",,,29.1,逃げ狙い,13.97,34.8,4,,,,,,,,,,,
2025-09-27,丸亀,3,5,塩田雄一,B1,33.33,5,△,5.2175,8.3,40,27.9,0.1693,3.9262,,,0,低,147,0,-,6 65,0,38.4,1.1771,,,,,,0.4143,0.0952,0.2071,,,B,,,0.3445,0.5565,,0.318,A,77,0,◎-○軸 3着3〜4艇流し（10〜15点）,0.5777,"{'is_target': True, 'verdict': '点数絞り', 'max_combo_prob': 0.1139, 'est_top_odds': 11.7, 'circle_concentration': 78.0, 'eligible_count': 8, 'bet_adj': 0, 'reason': 'rel_win1=51.8%（本命度） / 最有力組み合わせ確率: 0.114（推定実オッズ?12倍） / 2着集中度: 上位2艇 78.0%（補正+0.04） / 総合判定確率: 0.154 / → ヒモはやや固め。上位2艇以外を切ること', 'tenji_trigger': '展示確認: 1号艇伸び良→そのまま採用。悪→飛び組に差し替え。circle_pct上位2艇に絞り込むこと。'}",,,29.1,逃げ狙い,13.97,34.8,4,,,,,,,,,,,
2025-09-27,丸亀,3,6,小森信雄,B1,28.57,6,,2.4962,0.8,46,16.7,0.1921,4.381,,,0,低,133,0,-,144,0,31.1,0.8222,,,,,,0.175,0.25,0.0333,,,C,△,,0.2767,0.608,,0.318,A,77,0,◎-○軸 3着3〜4艇流し（10〜15点）,0.5777,"{'is_target': True, 'verdict': '点数絞り', 'max_combo_prob': 0.1139, 'est_top_odds': 11.7, 'circle_concentration': 78.0, 'eligible_count': 8, 'bet_adj': 0, 'reason': 'rel_win1=51.8%（本命度） / 最有力組み合わせ確率: 0.114（推定実オッズ?12倍） / 2着集中度: 上位2艇 78.0%（補正+0.04） / 総合判定確率: 0.154 / → ヒモはやや固め。上位2艇以外を切ること', 'tenji_trigger': '展示確認: 1号艇伸び良→そのまま採用。悪→飛び組に差し替え。circle_pct上位2艇に絞り込むこと。'}",,,29.1,逃げ狙い,13.97,34.8,4,,,,,,,,,,,
2025-09-27,丸亀,4,1,宮嵜隆太,B1,10.00,1,◎,42.1177,,0,72.9,0.1283,2.5833,,,0,低,56,0,逃0%,663,0,75.4,0.9151,0.2778,,,,,0.2833,0.3667,0.0222,◎,,E,○,,,0.654,,0.4792,B,50,0,◎○△フォーメーション（15〜20点）,0.5777,"{'is_target': False, 'verdict': '対象外', 'max_combo_prob': None, 'est_top_odds': None, 'circle_concentration': None, 'eligible_count': 0, 'bet_adj': 0, 'reason': '1号艇rel_win1 < 45%: 通常判定に委ねる', 'tenji_trigger': ''}",,,30.9,両建て推奨,15.68,38.5,2,,,,,0,0,0.7559,0,,逃げ軸流し,A
2025-09-27,丸亀,4,2,作間　章,A1,53.85,2,○,26.1879,48,100,76.7,0.176,3.6781,,,0,低,178,0,-,2514,0,81.3,0.8072,0,0.1786,0.0714,0,0,0.1962,0.0886,0.0095,,,A,,,0.1307,0.598,,0.4792,B,50,0,◎○△フォーメーション（15〜20点）,0.5777,"{'is_target': False, 'verdict': '対象外', 'max_combo_prob': None, 'est_top_odds': None, 'circle_concentration': None, 'eligible_count': 0, 'bet_adj': 0, 'reason': '1号艇rel_win1 < 45%: 通常判定に委ねる', 'tenji_trigger': ''}",,,30.9,両建て推奨,15.68,38.5,2,,,,,,,,,,,
2025-09-27,丸亀,4,3,中島友和,B1,25.00,3,△,12.9416,25,97,60.4,0.1532,3.0377,,,0,低,78,0,ま0% 差ま0%,4 22,0,62.8,1.1679,0,0,0.0345,0.069,0,0.064,0.23,0.123,,,D,,,0.2139,0.61,,0.4792,B,50,0,◎○△フォーメーション（15〜20点）,0.5777,"{'is_target': False, 'verdict': '対象外', 'max_combo_prob': None, 'est_top_odds': None, 'circle_concentration': None, 'eligible_count': 0, 'bet_adj': 0, 'reason': '1号艇rel_win1 < 45%: 通常判定に委ねる', 'tenji_trigger': ''}",,,30.9,両建て推奨,15.68,38.5,2,,,,,,,,,,,
2025-09-27,丸亀,4,4,鋤柄貴俊,B1,20.00,4,,8.99,14.8,89,54.5,0.1425,2.8701,,,0,低,111,0,ま0% 差ま0%,3 23,0,66.9,1.1057,0,0,0.037,0.037,0,0.1659,0.3523,0.2227,,,E,△,◎,0.2863,0.6265,0.4201,0.4792,B,50,0,◎○△フォーメーション（15〜20点）,0.5777,"{'is_target': False, 'verdict': '対象外', 'max_combo_prob': None, 'est_top_odds': None, 'circle_concentration': None, 'eligible_count': 0, 'bet_adj': 0, 'reason': '1号艇rel_win1 < 45%: 通常判定に委ねる', 'tenji_trigger': ''}",,,30.9,両建て推奨,15.68,38.5,2,,,,,,,,,,,
2025-09-27,丸亀,4,5,村越　篤,B1,50.00,5,▲,8.3515,8.5,48,37.1,0.1685,3.9032,,,0,低,142,0,-,351,0,37.1,1.2886,,,,,,0.2516,0.0129,0.0774,,,A,◎,,0.2403,0.667,,0.4792,B,50,0,◎○△フォーメーション（15〜20点）,0.5777,"{'is_target': False, 'verdict': '対象外', 'max_combo_prob': None, 'est_top_odds': None, 'circle_concentration': None, 'eligible_count': 0, 'bet_adj': 0, 'reason': '1号艇rel_win1 < 45%: 通常判定に委ねる', 'tenji_trigger': ''}",,,30.9,両建て推奨,15.68,38.5,2,,,,,,,,,,,
2025-09-27,丸亀,4,6,石田政吾,A2,44.44,6,,1.4111,3.7,52,22.9,0.202,4.4672,,,0,低,126,0,-,2 33,0,28.4,0.4769,,,,,,0.0615,0.2123,0.1662,,,B,△,,0.19,0.6375,,0.4792,B,50,0,◎○△フォーメーション（15〜20点）,0.5777,"{'is_target': False, 'verdict': '対象外', 'max_combo_prob': None, 'est_top_odds': None, 'circle_concentration': None, 'eligible_count': 0, 'bet_adj': 0, 'reason': '1号艇rel_win1 < 45%: 通常判定に委ねる', 'tenji_trigger': ''}",,,30.9,両建て推奨,15.68,38.5,2,,,,,,,,,,,
2025-09-27,丸亀,5,1,松尾宣邦,B1,0.00,1,◎,50.253,,0,77.8,0.1667,3.4111,,,0,低,128,0,逃1%,4 36,0,71.3,0.9972,0.5833,,,,,0.0167,0.3167,0,○,,E,,,,0.5955,,0.3993,A,65,0,◎-○軸 3着3〜4艇流し（10〜15点）,0.5777,"{'is_target': True, 'verdict': '参加推奨', 'max_combo_prob': 0.0601, 'est_top_odds': 22.2, 'circle_concentration': 65.4, 'eligible_count': 8, 'bet_adj': 2, 'reason': 'rel_win1=50.3%（本命度） / 最有力組み合わせ確率: 0.060（推定実オッズ?22倍） / 2着集中度: 上位2艇 65.4%（補正+0.00） / 総合判定確率: 0.060 / → ヒモ分散。1号艇1着固定で広めのヒモ流し推奨（買い目+2点）', 'tenji_trigger': '展示確認: ヒモ分散レース。1号艇伸び確認後、広めのヒモ流しを採用。穴ヒモ（5・6号艇）を積極的に含める。'}",,,28.8,逃げ狙い,17.44,31,3,,,,,0,0,0.6155,0,,主役軸流し,B
2025-09-27,丸亀,5,2,渡邉英児,B1,12.50,2,,9.6554,36.1,91,66.1,0.1723,3.879,,,0,低,130,0,-,3 56,0,84.9,1.0703,0,0,0.04,0,0,0.1657,0.0667,0.1657,,,E,△,,0.2481,0.6175,,0.3993,A,65,0,◎-○軸 3着3〜4艇流し（10〜15点）,0.5777,"{'is_target': True, 'verdict': '参加推奨', 'max_combo_prob': 0.0601, 'est_top_odds': 22.2, 'circle_concentration': 65.4, 'eligible_count': 8, 'bet_adj': 2, 'reason': 'rel_win1=50.3%（本命度） / 最有力組み合わせ確率: 0.060（推定実オッズ?22倍） / 2着集中度: 上位2艇 65.4%（補正+0.00） / 総合判定確率: 0.060 / → ヒモ分散。1号艇1着固定で広めのヒモ流し推奨（買い目+2点）', 'tenji_trigger': '展示確認: ヒモ分散レース。1号艇伸び確認後、広めのヒモ流しを採用。穴ヒモ（5・6号艇）を積極的に含める。'}",,,28.8,逃げ狙い,17.44,31,3,,,,,,,,,,,
2025-09-27,丸亀,5,3,中村有裕,A2,17.65,3,△,15.0726,29.3,100,71.2,0.1441,2.5508,,,0,低,76,0,ま0% 差ま0% 抜0%,6 45,0,67.5,1.3825,0,0,0.1481,0.0741,0.037,0.08,0.0267,0.1733,,◎,D,△,,0.4286,0.63,,0.3993,A,65,0,◎-○軸 3着3〜4艇流し（10〜15点）,0.5777,"{'is_target': True, 'verdict': '参加推奨', 'max_combo_prob': 0.0601, 'est_top_odds': 22.2, 'circle_concentration': 65.4, 'eligible_count': 8, 'bet_adj': 2, 'reason': 'rel_win1=50.3%（本命度） / 最有力組み合わせ確率: 0.060（推定実オッズ?22倍） / 2着集中度: 上位2艇 65.4%（補正+0.00） / 総合判定確率: 0.060 / → ヒモ分散。1号艇1着固定で広めのヒモ流し推奨（買い目+2点）', 'tenji_trigger': '展示確認: ヒモ分散レース。1号艇伸び確認後、広めのヒモ流しを採用。穴ヒモ（5・6号艇）を積極的に含める。'}",,,28.8,逃げ狙い,17.44,31,3,,,,,,,,,,,
2025-09-27,丸亀,5,4,山本隆幸,A1,44.44,4,○,16.3758,16.2,85,65.9,0.1793,3.9886,,,0,低,130,0,ま0% 差ま0%,4461,0,88.1,1.5738,0,0,0.2105,0.0526,0,0,0.0645,0.2258,,,A,○,◎,0.285,0.631,0.3095,0.3993,A,65,0,◎-○軸 3着3〜4艇流し（10〜15点）,0.5777,"{'is_target': True, 'verdict': '参加推奨', 'max_combo_prob': 0.0601, 'est_top_odds': 22.2, 'circle_concentration': 65.4, 'eligible_count': 8, 'bet_adj': 2, 'reason': 'rel_win1=50.3%（本命度） / 最有力組み合わせ確率: 0.060（推定実オッズ?22倍） / 2着集中度: 上位2艇 65.4%（補正+0.00） / 総合判定確率: 0.060 / → ヒモ分散。1号艇1着固定で広めのヒモ流し推奨（買い目+2点）', 'tenji_trigger': '展示確認: ヒモ分散レース。1号艇伸び確認後、広めのヒモ流しを採用。穴ヒモ（5・6号艇）を積極的に含める。'}",,,28.8,逃げ狙い,17.44,31,3,,,,,,,,,,,
2025-09-27,丸亀,5,5,角谷健吾,A2,22.22,5,▲,7.4417,17.7,65,52.9,0.1418,2.9608,,,0,低,85,0,差ま0%,231,0,49.4,1.4926,0,0,0,0.0455,0,0.2214,0.0143,0.1036,,,C,◎,,0.3576,0.632,,0.3993,A,65,0,◎-○軸 3着3〜4艇流し（10〜15点）,0.5777,"{'is_target': True, 'verdict': '参加推奨', 'max_combo_prob': 0.0601, 'est_top_odds': 22.2, 'circle_concentration': 65.4, 'eligible_count': 8, 'bet_adj': 2, 'reason': 'rel_win1=50.3%（本命度） / 最有力組み合わせ確率: 0.060（推定実オッズ?22倍） / 2着集中度: 上位2艇 65.4%（補正+0.00） / 総合判定確率: 0.060 / → ヒモ分散。1号艇1着固定で広めのヒモ流し推奨（買い目+2点）', 'tenji_trigger': '展示確認: ヒモ分散レース。1号艇伸び確認後、広めのヒモ流しを採用。穴ヒモ（5・6号艇）を積極的に含める。'}",,,28.8,逃げ狙い,17.44,31,3,,,,,,,,,,,
2025-09-27,丸亀,5,6,川村正輝,B1,40.00,6,,1.2015,0.7,52,10.9,0.2176,4.8152,,,0,低,140,0,-,3 44,0,31.9,0.7956,,,,,,0.1667,0.1667,0.1667,,,A,,,0.1516,0.57,,0.3993,A,65,0,◎-○軸 3着3〜4艇流し（10〜15点）,0.5777,"{'is_target': True, 'verdict': '参加推奨', 'max_combo_prob': 0.0601, 'est_top_odds': 22.2, 'circle_concentration': 65.4, 'eligible_count': 8, 'bet_adj': 2, 'reason': 'rel_win1=50.3%（本命度） / 最有力組み合わせ確率: 0.060（推定実オッズ?22倍） / 2着集中度: 上位2艇 65.4%（補正+0.00） / 総合判定確率: 0.060 / → ヒモ分散。1号艇1着固定で広めのヒモ流し推奨（買い目+2点）', 'tenji_trigger': '展示確認: ヒモ分散レース。1号艇伸び確認後、広めのヒモ流しを採用。穴ヒモ（5・6号艇）を積極的に含める。'}",,,28.8,逃げ狙い,17.44,31,3,,,,,,,,,,,
2025-09-27,丸亀,6,1,岡瀬正人,A2,50.00,1,◎,59.553,,0,88.1,0.1586,3.901,,,0,低,176,0,逃1%,652,0,100,1.9303,0.5,,,,,0.0955,0.1727,0.0545,○,,A,△,,,0.6505,,0.4008,S,85,0,◎1着固定 2-3着流し（5〜8点）,0.5777,"{'is_target': True, 'verdict': '点数絞り', 'max_combo_prob': 0.0911, 'est_top_odds': 14.6, 'circle_concentration': 73.9, 'eligible_count': 6, 'bet_adj': 0, 'reason': 'rel_win1=59.6%（本命度） / 最有力組み合わせ確率: 0.091（推定実オッズ?15倍） / 2着集中度: 上位2艇 73.9%（補正+0.04） / 総合判定確率: 0.131 / → ヒモはやや固め。上位2艇以外を切ること', 'tenji_trigger': '展示確認: 1号艇伸び良→そのまま採用。悪→飛び組に差し替え。circle_pct上位2艇に絞り込むこと。'}",,,28.2,逃げ狙い,16.41,30.1,3,,,,,0,0,0.6155,0,,逃げ軸流し,A
2025-09-27,丸亀,6,2,鈴木　猛,B1,00.00,2,,12.6112,32,100,58.4,0.1848,3.7338,,,0,低,166,0,差0% ま0%,5 12,0,39.3,0.9588,0,0.1176,0.0294,0,0,0.1133,0.2133,0.0533,,,E,△,,0.0887,0.6215,,0.4008,S,85,0,◎1着固定 2-3着流し（5〜8点）,0.5777,"{'is_target': True, 'verdict': '点数絞り', 'max_combo_prob': 0.0911, 'est_top_odds': 14.6, 'circle_concentration': 73.9, 'eligible_count': 6, 'bet_adj': 0, 'reason': 'rel_win1=59.6%（本命度） / 最有力組み合わせ確率: 0.091（推定実オッズ?15倍） / 2着集中度: 上位2艇 73.9%（補正+0.04） / 総合判定確率: 0.131 / → ヒモはやや固め。上位2艇以外を切ること', 'tenji_trigger': '展示確認: 1号艇伸び良→そのまま採用。悪→飛び組に差し替え。circle_pct上位2艇に絞り込むこと。'}",,,28.2,逃げ狙い,16.41,30.1,3,,,,,,,,,,,
2025-09-27,丸亀,6,3,田村隆信,A1,0.00,3,▲,14.6076,41.9,96,64.7,0.1406,2.4706,,,0,低,42,0,ま0%,563,0,38.6,1.0269,0,0,0.1176,0.0588,0,0.1011,0.0154,0.0154,,○,E,◎,,0.4149,0.657,,0.4008,S,85,0,◎1着固定 2-3着流し（5〜8点）,0.5777,"{'is_target': True, 'verdict': '点数絞り', 'max_combo_prob': 0.0911, 'est_top_odds': 14.6, 'circle_concentration': 73.9, 'eligible_count': 6, 'bet_adj': 0, 'reason': 'rel_win1=59.6%（本命度） / 最有力組み合わせ確率: 0.091（推定実オッズ?15倍） / 2着集中度: 上位2艇 73.9%（補正+0.04） / 総合判定確率: 0.131 / → ヒモはやや固め。上位2艇以外を切ること', 'tenji_trigger': '展示確認: 1号艇伸び良→そのまま採用。悪→飛び組に差し替え。circle_pct上位2艇に絞り込むこと。'}",,,28.2,逃げ狙い,16.41,30.1,3,,,,,,,,,,,
2025-09-27,丸亀,6,4,塩崎優司,B1,27.27,4,,5.7402,15.2,43,29.3,0.1728,3.2328,,,0,低,128,0,ま0%,6 56,0,23.7,0.6611,0,0,0.1,0,0,0.0533,0.1657,0.0533,,,C,,,0.2735,0.591,,0.4008,S,85,0,◎1着固定 2-3着流し（5〜8点）,0.5777,"{'is_target': True, 'verdict': '点数絞り', 'max_combo_prob': 0.0911, 'est_top_odds': 14.6, 'circle_concentration': 73.9, 'eligible_count': 6, 'bet_adj': 0, 'reason': 'rel_win1=59.6%（本命度） / 最有力組み合わせ確率: 0.091（推定実オッズ?15倍） / 2着集中度: 上位2艇 73.9%（補正+0.04） / 総合判定確率: 0.131 / → ヒモはやや固め。上位2艇以外を切ること', 'tenji_trigger': '展示確認: 1号艇伸び良→そのまま採用。悪→飛び組に差し替え。circle_pct上位2艇に絞り込むこと。'}",,,28.2,逃げ狙い,16.41,30.1,3,,,,,,,,,,,
2025-09-27,丸亀,6,5,吉田　光,B1,44.44,5,○,3.6638,8.5,88,32,0.1668,3.64,,,0,低,72,0,-,444,0,40.2,0.9248,,,,,,0.0909,0.1818,0.1818,,,A,,,0.3108,0.539,,0.4008,S,85,0,◎1着固定 2-3着流し（5〜8点）,0.5777,"{'is_target': True, 'verdict': '点数絞り', 'max_combo_prob': 0.0911, 'est_top_odds': 14.6, 'circle_concentration': 73.9, 'eligible_count': 6, 'bet_adj': 0, 'reason': 'rel_win1=59.6%（本命度） / 最有力組み合わせ確率: 0.091（推定実オッズ?15倍） / 2着集中度: 上位2艇 73.9%（補正+0.04） / 総合判定確率: 0.131 / → ヒモはやや固め。上位2艇以外を切ること', 'tenji_trigger': '展示確認: 1号艇伸び良→そのまま採用。悪→飛び組に差し替え。circle_pct上位2艇に絞り込むこと。'}",,,28.2,逃げ狙い,16.41,30.1,3,,,,,,,,,,,
2025-09-27,丸亀,6,6,馬袋義則,A1,20.00,6,△,3.8242,2.4,43,20,0.13,2.8333,,,0,低,78,0,-,2163,0,33.8,0.97,,,,,,0.129,0.1771,0.1771,,◎,D,○,,0.4269,0.656,,0.4008,S,85,0,◎1着固定 2-3着流し（5〜8点）,0.5777,"{'is_target': True, 'verdict': '点数絞り', 'max_combo_prob': 0.0911, 'est_top_odds': 14.6, 'circle_concentration': 73.9, 'eligible_count': 6, 'bet_adj': 0, 'reason': 'rel_win1=59.6%（本命度） / 最有力組み合わせ確率: 0.091（推定実オッズ?15倍） / 2着集中度: 上位2艇 73.9%（補正+0.04） / 総合判定確率: 0.131 / → ヒモはやや固め。上位2艇以外を切ること', 'tenji_trigger': '展示確認: 1号艇伸び良→そのまま採用。悪→飛び組に差し替え。circle_pct上位2艇に絞り込むこと。'}",,,28.2,逃げ狙い,16.41,30.1,3,,,,,,,,,,,
2025-09-27,丸亀,7,1,岩津徹郎,B1,15.79,1,◎,47.6138,,0,72.5,0.1555,2.825,,,0,低,117,0,逃0%,534,0,74,0.9324,0.4118,,,,,0.0706,0.0941,0.2706,○,,E,,,,0.574,,0.3585,B,49,0,◎○△フォーメーション（15〜20点）,0.5777,"{'is_target': True, 'verdict': '参加推奨', 'max_combo_prob': 0.0635, 'est_top_odds': 21.0, 'circle_concentration': 67.1, 'eligible_count': 9, 'bet_adj': 2, 'reason': 'rel_win1=47.6%（本命度） / 最有力組み合わせ確率: 0.064（推定実オッズ?21倍） / 2着集中度: 上位2艇 67.1%（補正+0.00） / 総合判定確率: 0.064 / → ヒモ分散。1号艇1着固定で広めのヒモ流し推奨（買い目+2点）', 'tenji_trigger': '展示確認: ヒモ分散レース。1号艇伸び確認後、広めのヒモ流しを採用。穴ヒモ（5・6号艇）を積極的に含める。'}",,,29.2,両建て推奨,18.51,31,2,,,,,0,0,0.6155,0,,主役軸流し,B
2025-09-27,丸亀,7,2,原田幸哉,A1,30.00,2,○,18.4923,43.2,100,81.8,0.14,3.1818,,,0,低,11,1,差0%,214,0,82.5,1.3526,0,0.4,0,0,0,0.0833,0.1667,0,,◎,C,○,,0.5621,0.6755,,0.3585,B,49,0,◎○△フォーメーション（15〜20点）,0.5777,"{'is_target': True, 'verdict': '参加推奨', 'max_combo_prob': 0.0635, 'est_top_odds': 21.0, 'circle_concentration': 67.1, 'eligible_count': 9, 'bet_adj': 2, 'reason': 'rel_win1=47.6%（本命度） / 最有力組み合わせ確率: 0.064（推定実オッズ?21倍） / 2着集中度: 上位2艇 67.1%（補正+0.00） / 総合判定確率: 0.064 / → ヒモ分散。1号艇1着固定で広めのヒモ流し推奨（買い目+2点）', 'tenji_trigger': '展示確認: ヒモ分散レース。1号艇伸び確認後、広めのヒモ流しを採用。穴ヒモ（5・6号艇）を積極的に含める。'}",,,29.2,両建て推奨,18.51,31,2,,,,,,,,,,,
2025-09-27,丸亀,7,3,岩崎正哉,A2,36.36,3,△,11.3332,23.9,83,50.8,0.1948,3.8492,,,0,低,192,0,差ま0%,1555,0,37,0.9965,0,0,0,0.1667,0,0.0387,0.0387,0.0387,,,B,,,0.1446,0.6185,,0.3585,B,49,0,◎○△フォーメーション（15〜20点）,0.5777,"{'is_target': True, 'verdict': '参加推奨', 'max_combo_prob': 0.0635, 'est_top_odds': 21.0, 'circle_concentration': 67.1, 'eligible_count': 9, 'bet_adj': 2, 'reason': 'rel_win1=47.6%（本命度） / 最有力組み合わせ確率: 0.064（推定実オッズ?21倍） / 2着集中度: 上位2艇 67.1%（補正+0.00） / 総合判定確率: 0.064 / → ヒモ分散。1号艇1着固定で広めのヒモ流し推奨（買い目+2点）', 'tenji_trigger': '展示確認: ヒモ分散レース。1号艇伸び確認後、広めのヒモ流しを採用。穴ヒモ（5・6号艇）を積極的に含める。'}",,,29.2,両建て推奨,18.51,31,2,,,,,,,,,,,
2025-09-27,丸亀,7,4,今坂晃広,B1,44.44,4,▲,13.2,11.2,67,38.5,0.1805,3.6308,,,0,低,154,0,差ま1%,162,0,74.8,1.2798,0,0,0.0667,0.0667,0,0.0462,0.1969,0.0462,,,A,◎,◎,0.2112,0.681,0.2528,0.3585,B,49,0,◎○△フォーメーション（15〜20点）,0.5777,"{'is_target': True, 'verdict': '参加推奨', 'max_combo_prob': 0.0635, 'est_top_odds': 21.0, 'circle_concentration': 67.1, 'eligible_count': 9, 'bet_adj': 2, 'reason': 'rel_win1=47.6%（本命度） / 最有力組み合わせ確率: 0.064（推定実オッズ?21倍） / 2着集中度: 上位2艇 67.1%（補正+0.00） / 総合判定確率: 0.064 / → ヒモ分散。1号艇1着固定で広めのヒモ流し推奨（買い目+2点）', 'tenji_trigger': '展示確認: ヒモ分散レース。1号艇伸び確認後、広めのヒモ流しを採用。穴ヒモ（5・6号艇）を積極的に含める。'}",,,29.2,両建て推奨,18.51,31,2,,,,,,,,,,,
2025-09-27,丸亀,7,5,鈴木　博,A1,16.67,5,,8.1061,17.7,84,52.2,0.1815,3.6739,,,0,低,120,0,-,1 14,0,50.7,0.9157,0,0,0.0476,0.0476,0.0476,0.05,0.11,0.02,,,D,△,,0.2213,0.6475,,0.3585,B,49,0,◎○△フォーメーション（15〜20点）,0.5777,"{'is_target': True, 'verdict': '参加推奨', 'max_combo_prob': 0.0635, 'est_top_odds': 21.0, 'circle_concentration': 67.1, 'eligible_count': 9, 'bet_adj': 2, 'reason': 'rel_win1=47.6%（本命度） / 最有力組み合わせ確率: 0.064（推定実オッズ?21倍） / 2着集中度: 上位2艇 67.1%（補正+0.00） / 総合判定確率: 0.064 / → ヒモ分散。1号艇1着固定で広めのヒモ流し推奨（買い目+2点）', 'tenji_trigger': '展示確認: ヒモ分散レース。1号艇伸び確認後、広めのヒモ流しを採用。穴ヒモ（5・6号艇）を積極的に含める。'}",,,29.2,両建て推奨,18.51,31,2,,,,,,,,,,,
2025-09-27,丸亀,7,6,角浜　修,B1,30.00,6,,1.2545,4,38,9.5,0.175,4.2143,,,0,低,134,0,-,464,0,28.3,0.5461,,,,,,0.0833,0.15,0.15,,,C,△,,0.2648,0.6255,,0.3585,B,49,0,◎○△フォーメーション（15〜20点）,0.5777,"{'is_target': True, 'verdict': '参加推奨', 'max_combo_prob': 0.0635, 'est_top_odds': 21.0, 'circle_concentration': 67.1, 'eligible_count': 9, 'bet_adj': 2, 'reason': 'rel_win1=47.6%（本命度） / 最有力組み合わせ確率: 0.064（推定実オッズ?21倍） / 2着集中度: 上位2艇 67.1%（補正+0.00） / 総合判定確率: 0.064 / → ヒモ分散。1号艇1着固定で広めのヒモ流し推奨（買い目+2点）', 'tenji_trigger': '展示確認: ヒモ分散レース。1号艇伸び確認後、広めのヒモ流しを採用。穴ヒモ（5・6号艇）を積極的に含める。'}",,,29.2,両建て推奨,18.51,31,2,,,,,,,,,,,
2025-09-27,丸亀,8,1,金田　諭,A2,44.44,1,◎,69.3683,,0,97.5,0.1364,2.5432,,,0,低,124,0,逃1%,6235,0,93.8,1.2746,0.6829,,,,,0.1493,0.0293,0.1883,◎,,B,△,,,0.615,,0.6406,S,80,0,◎1着固定 2-3着流し（5〜8点）,0.5777,"{'is_target': True, 'verdict': '点数絞り', 'max_combo_prob': 0.1369, 'est_top_odds': 9.7, 'circle_concentration': 78.8, 'eligible_count': 6, 'bet_adj': 0, 'reason': 'rel_win1=69.4%（本命度） / 最有力組み合わせ確率: 0.137（推定実オッズ?10倍） / 2着集中度: 上位2艇 78.8%（補正+0.04） / 総合判定確率: 0.177 / → ヒモはやや固め。上位2艇以外を切ること', 'tenji_trigger': '展示確認: 1号艇伸び良→そのまま採用。悪→飛び組に差し替え。circle_pct上位2艇に絞り込むこと。\n展示で1号艇スタート超安定(0.136秒)→ヒモ固まり方向に注意'}",,,29.7,逃げ狙い,22.85,28.8,5,,,,,0,0,0.7559,0,,逃げ軸流し,A
2025-09-27,丸亀,8,2,小森信雄,B1,28.57,2,,5.284,23.9,100,40,0.1807,4.3111,,,0,低,133,0,-,144,0,27.5,0.691,,,,,,0.175,0.25,0.0333,,,D,,,0.0999,0.608,,0.6406,S,80,0,◎1着固定 2-3着流し（5〜8点）,0.5777,"{'is_target': True, 'verdict': '点数絞り', 'max_combo_prob': 0.1369, 'est_top_odds': 9.7, 'circle_concentration': 78.8, 'eligible_count': 6, 'bet_adj': 0, 'reason': 'rel_win1=69.4%（本命度） / 最有力組み合わせ確率: 0.137（推定実オッズ?10倍） / 2着集中度: 上位2艇 78.8%（補正+0.04） / 総合判定確率: 0.177 / → ヒモはやや固め。上位2艇以外を切ること', 'tenji_trigger': '展示確認: 1号艇伸び良→そのまま採用。悪→飛び組に差し替え。circle_pct上位2艇に絞り込むこと。\n展示で1号艇スタート超安定(0.136秒)→ヒモ固まり方向に注意'}",,,29.7,逃げ狙い,22.85,28.8,5,,,,,,,,,,,
2025-09-27,丸亀,8,3,萩原秀人,A1,25.00,3,,12.2611,54.8,74,76.3,0.1495,2.9474,,,0,低,49,0,差0% ま0% 差ま0% 抜0%,4212,0,65.1,1.3687,0,0.0714,0.0714,0.1429,0.0714,0,0,0.0588,,,E,○,,0.2582,0.6585,,0.6406,S,80,0,◎1着固定 2-3着流し（5〜8点）,0.5777,"{'is_target': True, 'verdict': '点数絞り', 'max_combo_prob': 0.1369, 'est_top_odds': 9.7, 'circle_concentration': 78.8, 'eligible_count': 6, 'bet_adj': 0, 'reason': 'rel_win1=69.4%（本命度） / 最有力組み合わせ確率: 0.137（推定実オッズ?10倍） / 2着集中度: 上位2艇 78.8%（補正+0.04） / 総合判定確率: 0.177 / → ヒモはやや固め。上位2艇以外を切ること', 'tenji_trigger': '展示確認: 1号艇伸び良→そのまま採用。悪→飛び組に差し替え。circle_pct上位2艇に絞り込むこと。\n展示で1号艇スタート超安定(0.136秒)→ヒモ固まり方向に注意'}",,,29.7,逃げ狙い,22.85,28.8,5,,,,,,,,,,,
2025-09-27,丸亀,8,4,宮地博士,B1,37.50,4,△,4.0553,8.5,68,26.9,0.2225,4.5481,,,0,低,189,0,-,434,0,14.8,0.6032,,,,,,0.0952,0.0762,0.1771,,,C,,,0.1391,0.5195,,0.6406,S,80,0,◎1着固定 2-3着流し（5〜8点）,0.5777,"{'is_target': True, 'verdict': '点数絞り', 'max_combo_prob': 0.1369, 'est_top_odds': 9.7, 'circle_concentration': 78.8, 'eligible_count': 6, 'bet_adj': 0, 'reason': 'rel_win1=69.4%（本命度） / 最有力組み合わせ確率: 0.137（推定実オッズ?10倍） / 2着集中度: 上位2艇 78.8%（補正+0.04） / 総合判定確率: 0.177 / → ヒモはやや固め。上位2艇以外を切ること', 'tenji_trigger': '展示確認: 1号艇伸び良→そのまま採用。悪→飛び組に差し替え。circle_pct上位2艇に絞り込むこと。\n展示で1号艇スタート超安定(0.136秒)→ヒモ固まり方向に注意'}",,,29.7,逃げ狙い,22.85,28.8,5,,,,,,,,,,,
2025-09-27,丸亀,8,5,林　美憲,A1,37.50,5,▲,8.006,8,83,60,0.146,3.5,,,0,低,42,0,差ま0%,3 66,0,91.1,1.7002,0,0,0,0.1429,0,0.0343,0.1343,0.1914,,,C,◎,,0.2796,0.699,,0.6406,S,80,0,◎1着固定 2-3着流し（5〜8点）,0.5777,"{'is_target': True, 'verdict': '点数絞り', 'max_combo_prob': 0.1369, 'est_top_odds': 9.7, 'circle_concentration': 78.8, 'eligible_count': 6, 'bet_adj': 0, 'reason': 'rel_win1=69.4%（本命度） / 最有力組み合わせ確率: 0.137（推定実オッズ?10倍） / 2着集中度: 上位2艇 78.8%（補正+0.04） / 総合判定確率: 0.177 / → ヒモはやや固め。上位2艇以外を切ること', 'tenji_trigger': '展示確認: 1号艇伸び良→そのまま採用。悪→飛び組に差し替え。circle_pct上位2艇に絞り込むこと。\n展示で1号艇スタート超安定(0.136秒)→ヒモ固まり方向に注意'}",,,29.7,逃げ狙い,22.85,28.8,5,,,,,,,,,,,
2025-09-27,丸亀,8,6,菅沼佳昭,B1,46.15,6,○,1.0254,4.7,27,7.3,0.2193,4.9512,,,0,低,189,0,-,535,0,26.2,0.6567,,,,,,0.0667,0.3111,0.0444,,,A,△,,0.1399,0.6165,,0.6406,S,80,0,◎1着固定 2-3着流し（5〜8点）,0.5777,"{'is_target': True, 'verdict': '点数絞り', 'max_combo_prob': 0.1369, 'est_top_odds': 9.7, 'circle_concentration': 78.8, 'eligible_count': 6, 'bet_adj': 0, 'reason': 'rel_win1=69.4%（本命度） / 最有力組み合わせ確率: 0.137（推定実オッズ?10倍） / 2着集中度: 上位2艇 78.8%（補正+0.04） / 総合判定確率: 0.177 / → ヒモはやや固め。上位2艇以外を切ること', 'tenji_trigger': '展示確認: 1号艇伸び良→そのまま採用。悪→飛び組に差し替え。circle_pct上位2艇に絞り込むこと。\n展示で1号艇スタート超安定(0.136秒)→ヒモ固まり方向に注意'}",,,29.7,逃げ狙い,22.85,28.8,5,,,,,,,,,,,
2025-09-27,丸亀,9,1,作間　章,A1,53.85,1,◎,54.7619,,0,89.6,0.1695,3.849,,,0,低,178,0,-,2514,0,99.5,1.4438,0.6905,,,,,0.1962,0.0886,0.0095,○,,A,,,,0.598,,0.3318,A,70,0,◎-○軸 3着3〜4艇流し（10〜15点）,0.5777,"{'is_target': True, 'verdict': '参加推奨', 'max_combo_prob': 0.078, 'est_top_odds': 17.1, 'circle_concentration': 72.6, 'eligible_count': 8, 'bet_adj': 2, 'reason': 'rel_win1=54.8%（本命度） / 最有力組み合わせ確率: 0.078（推定実オッズ?17倍） / 2着集中度: 上位2艇 72.6%（補正+0.04） / 総合判定確率: 0.118 / → ヒモ分散。1号艇1着固定で広めのヒモ流し推奨（買い目+2点）', 'tenji_trigger': '展示確認: ヒモ分散レース。1号艇伸び確認後、広めのヒモ流しを採用。穴ヒモ（5・6号艇）を積極的に含める。'}",,,38.6,逃げ狙い,32.72,31.4,2,,,,,0,0,0.6155,0,,逃げ軸流し,A
2025-09-27,丸亀,9,2,井口佳典,A1,63.64,2,○,16.7691,47.7,87,93.8,0.17,4.4688,,,0,低,31,0,ま0%,1421,0,71.2,1.4995,0,0,0.5,0,0,0,0.1667,0.1667,,△,A,○,,0.4044,0.6355,,0.3318,A,70,0,◎-○軸 3着3〜4艇流し（10〜15点）,0.5777,"{'is_target': True, 'verdict': '参加推奨', 'max_combo_prob': 0.078, 'est_top_odds': 17.1, 'circle_concentration': 72.6, 'eligible_count': 8, 'bet_adj': 2, 'reason': 'rel_win1=54.8%（本命度） / 最有力組み合わせ確率: 0.078（推定実オッズ?17倍） / 2着集中度: 上位2艇 72.6%（補正+0.04） / 総合判定確率: 0.118 / → ヒモ分散。1号艇1着固定で広めのヒモ流し推奨（買い目+2点）', 'tenji_trigger': '展示確認: ヒモ分散レース。1号艇伸び確認後、広めのヒモ流しを採用。穴ヒモ（5・6号艇）を積極的に含める。'}",,,38.6,逃げ狙い,32.72,31.4,2,,,,,,,,,,,
2025-09-27,丸亀,9,3,川原正明,A2,28.57,3,▲,13.5771,24.9,100,63,0.1407,2.7222,,,0,低,80,0,ま0%,1 26,0,52,1.2362,0,0,0.0526,0,0,0.1128,0.0154,0.0308,,○,C,△,,0.4392,0.633,,0.3318,A,70,0,◎-○軸 3着3〜4艇流し（10〜15点）,0.5777,"{'is_target': True, 'verdict': '参加推奨', 'max_combo_prob': 0.078, 'est_top_odds': 17.1, 'circle_concentration': 72.6, 'eligible_count': 8, 'bet_adj': 2, 'reason': 'rel_win1=54.8%（本命度） / 最有力組み合わせ確率: 0.078（推定実オッズ?17倍） / 2着集中度: 上位2艇 72.6%（補正+0.04） / 総合判定確率: 0.118 / → ヒモ分散。1号艇1着固定で広めのヒモ流し推奨（買い目+2点）', 'tenji_trigger': '展示確認: ヒモ分散レース。1号艇伸び確認後、広めのヒモ流しを採用。穴ヒモ（5・6号艇）を積極的に含める。'}",,,38.6,逃げ狙い,32.72,31.4,2,,,,,,,,,,,
2025-09-27,丸亀,9,4,久富政弘,B1,28.57,4,,4.6003,8.2,85,37.9,0.2068,4.6061,,,0,低,199,0,差0% ま0% 差ま0%,255,0,21,0.744,0,0.0333,0.0333,0.0333,0,0.2308,0.1538,0.0769,,,C,,,0.1548,0.593,,0.3318,A,70,0,◎-○軸 3着3〜4艇流し（10〜15点）,0.5777,"{'is_target': True, 'verdict': '参加推奨', 'max_combo_prob': 0.078, 'est_top_odds': 17.1, 'circle_concentration': 72.6, 'eligible_count': 8, 'bet_adj': 2, 'reason': 'rel_win1=54.8%（本命度） / 最有力組み合わせ確率: 0.078（推定実オッズ?17倍） / 2着集中度: 上位2艇 72.6%（補正+0.04） / 総合判定確率: 0.118 / → ヒモ分散。1号艇1着固定で広めのヒモ流し推奨（買い目+2点）', 'tenji_trigger': '展示確認: ヒモ分散レース。1号艇伸び確認後、広めのヒモ流しを採用。穴ヒモ（5・6号艇）を積極的に含める。'}",,,38.6,逃げ狙い,32.72,31.4,2,,,,,,,,,,,
2025-09-27,丸亀,9,5,滝沢芳行,B1,10.00,5,,4.0811,9.4,63,34.5,0.1487,2.7909,,,0,低,85,0,ま0%,565,0,44.5,0.9619,0,0,0.0909,0,0,0.18,0.18,0.064,,,E,△,,0.3828,0.628,,0.3318,A,70,0,◎-○軸 3着3〜4艇流し（10〜15点）,0.5777,"{'is_target': True, 'verdict': '参加推奨', 'max_combo_prob': 0.078, 'est_top_odds': 17.1, 'circle_concentration': 72.6, 'eligible_count': 8, 'bet_adj': 2, 'reason': 'rel_win1=54.8%（本命度） / 最有力組み合わせ確率: 0.078（推定実オッズ?17倍） / 2着集中度: 上位2艇 72.6%（補正+0.04） / 総合判定確率: 0.118 / → ヒモ分散。1号艇1着固定で広めのヒモ流し推奨（買い目+2点）', 'tenji_trigger': '展示確認: ヒモ分散レース。1号艇伸び確認後、広めのヒモ流しを採用。穴ヒモ（5・6号艇）を積極的に含める。'}",,,38.6,逃げ狙い,32.72,31.4,2,,,,,,,,,,,
2025-09-27,丸亀,9,6,中辻崇人,A2,14.29,6,△,6.2104,9.8,87,69.8,0.1134,2.2642,,,0,低,42,0,-,2211,0,29.8,0.7364,0,0,0.1765,0.0588,0,0.2667,0,0,,◎,E,◎,◎,0.5137,0.6505,0.469,0.3318,A,70,0,◎-○軸 3着3〜4艇流し（10〜15点）,0.5777,"{'is_target': True, 'verdict': '参加推奨', 'max_combo_prob': 0.078, 'est_top_odds': 17.1, 'circle_concentration': 72.6, 'eligible_count': 8, 'bet_adj': 2, 'reason': 'rel_win1=54.8%（本命度） / 最有力組み合わせ確率: 0.078（推定実オッズ?17倍） / 2着集中度: 上位2艇 72.6%（補正+0.04） / 総合判定確率: 0.118 / → ヒモ分散。1号艇1着固定で広めのヒモ流し推奨（買い目+2点）', 'tenji_trigger': '展示確認: ヒモ分散レース。1号艇伸び確認後、広めのヒモ流しを採用。穴ヒモ（5・6号艇）を積極的に含める。'}",,,38.6,逃げ狙い,32.72,31.4,2,,,,,,,,,,,
2025-09-27,丸亀,10,1,北村征嗣,A1,0.00,1,◎,56.7066,,0,92.3,0.1377,2.8365,,,0,低,114,0,逃1%,1 24,0,74.8,0.9925,0.6744,,,,,0.0186,0.1742,0.0825,◎,,E,◎,,,0.656,,0.5785,S,83,0,◎1着固定 2-3着流し（5〜8点）,0.5777,"{'is_target': True, 'verdict': '参加推奨', 'max_combo_prob': 0.0788, 'est_top_odds': 16.9, 'circle_concentration': 71.7, 'eligible_count': 6, 'bet_adj': 2, 'reason': 'rel_win1=56.7%（本命度） / 最有力組み合わせ確率: 0.079（推定実オッズ?17倍） / 2着集中度: 上位2艇 71.7%（補正+0.04） / 総合判定確率: 0.119 / → ヒモ分散。1号艇1着固定で広めのヒモ流し推奨（買い目+2点）', 'tenji_trigger': '展示確認: ヒモ分散レース。1号艇伸び確認後、広めのヒモ流しを採用。穴ヒモ（5・6号艇）を積極的に含める。\n展示で1号艇スタート超安定(0.138秒)→ヒモ固まり方向に注意'}",,,28.5,逃げ狙い,21.27,26.8,3,,,,,0,0,0.7559,0,,逃げ軸流し,A
2025-09-27,丸亀,10,2,中岡正彦,A1,42.11,2,△,10.3846,37.9,100,63.5,0.1477,2.9231,,,0,低,42,0,差0%,1351,0,46.4,0.9991,0,0.0909,0.1364,0,0,0.1103,0,0.0588,,,B,△,,0.2289,0.649,,0.5785,S,83,0,◎1着固定 2-3着流し（5〜8点）,0.5777,"{'is_target': True, 'verdict': '参加推奨', 'max_combo_prob': 0.0788, 'est_top_odds': 16.9, 'circle_concentration': 71.7, 'eligible_count': 6, 'bet_adj': 2, 'reason': 'rel_win1=56.7%（本命度） / 最有力組み合わせ確率: 0.079（推定実オッズ?17倍） / 2着集中度: 上位2艇 71.7%（補正+0.04） / 総合判定確率: 0.119 / → ヒモ分散。1号艇1着固定で広めのヒモ流し推奨（買い目+2点）', 'tenji_trigger': '展示確認: ヒモ分散レース。1号艇伸び確認後、広めのヒモ流しを採用。穴ヒモ（5・6号艇）を積極的に含める。\n展示で1号艇スタート超安定(0.138秒)→ヒモ固まり方向に注意'}",,,28.5,逃げ狙い,21.27,26.8,3,,,,,,,,,,,
2025-09-27,丸亀,10,3,角谷健吾,A2,22.22,3,○,20.4309,33.8,73,76.3,0.1373,2.7373,,,0,低,85,0,ま0% 差ま0% 抜0%,231,0,86.4,1.6304,0,0,0.0357,0.1071,0.0357,0.2214,0.0143,0.1036,,,D,,,0.319,0.632,,0.5785,S,83,0,◎1着固定 2-3着流し（5〜8点）,0.5777,"{'is_target': True, 'verdict': '参加推奨', 'max_combo_prob': 0.0788, 'est_top_odds': 16.9, 'circle_concentration': 71.7, 'eligible_count': 6, 'bet_adj': 2, 'reason': 'rel_win1=56.7%（本命度） / 最有力組み合わせ確率: 0.079（推定実オッズ?17倍） / 2着集中度: 上位2艇 71.7%（補正+0.04） / 総合判定確率: 0.119 / → ヒモ分散。1号艇1着固定で広めのヒモ流し推奨（買い目+2点）', 'tenji_trigger': '展示確認: ヒモ分散レース。1号艇伸び確認後、広めのヒモ流しを採用。穴ヒモ（5・6号艇）を積極的に含める。\n展示で1号艇スタート超安定(0.138秒)→ヒモ固まり方向に注意'}",,,28.5,逃げ狙い,21.27,26.8,3,,,,,,,,,,,
2025-09-27,丸亀,10,4,岡瀬正人,A2,50.00,4,▲,5.5942,22.6,92,53.6,0.1865,4.4928,,,0,低,176,0,差ま0% 抜0%,652,0,42.1,0.9832,0,0,0,0.0333,0.0333,0.0955,0.1727,0.0545,,,A,△,,0.131,0.6505,,0.5785,S,83,0,◎1着固定 2-3着流し（5〜8点）,0.5777,"{'is_target': True, 'verdict': '参加推奨', 'max_combo_prob': 0.0788, 'est_top_odds': 16.9, 'circle_concentration': 71.7, 'eligible_count': 6, 'bet_adj': 2, 'reason': 'rel_win1=56.7%（本命度） / 最有力組み合わせ確率: 0.079（推定実オッズ?17倍） / 2着集中度: 上位2艇 71.7%（補正+0.04） / 総合判定確率: 0.119 / → ヒモ分散。1号艇1着固定で広めのヒモ流し推奨（買い目+2点）', 'tenji_trigger': '展示確認: ヒモ分散レース。1号艇伸び確認後、広めのヒモ流しを採用。穴ヒモ（5・6号艇）を積極的に含める。\n展示で1号艇スタート超安定(0.138秒)→ヒモ固まり方向に注意'}",,,28.5,逃げ狙い,21.27,26.8,3,,,,,,,,,,,
2025-09-27,丸亀,10,5,宮嵜隆太,B1,10.00,5,,2.9147,1.9,35,18.4,0.1255,2.6224,,,0,低,56,0,-,663,0,25.8,0.679,,,,,,0.2833,0.3667,0.0222,,,E,○,,0.3789,0.654,,0.5785,S,83,0,◎1着固定 2-3着流し（5〜8点）,0.5777,"{'is_target': True, 'verdict': '参加推奨', 'max_combo_prob': 0.0788, 'est_top_odds': 16.9, 'circle_concentration': 71.7, 'eligible_count': 6, 'bet_adj': 2, 'reason': 'rel_win1=56.7%（本命度） / 最有力組み合わせ確率: 0.079（推定実オッズ?17倍） / 2着集中度: 上位2艇 71.7%（補正+0.04） / 総合判定確率: 0.119 / → ヒモ分散。1号艇1着固定で広めのヒモ流し推奨（買い目+2点）', 'tenji_trigger': '展示確認: ヒモ分散レース。1号艇伸び確認後、広めのヒモ流しを採用。穴ヒモ（5・6号艇）を積極的に含める。\n展示で1号艇スタート超安定(0.138秒)→ヒモ固まり方向に注意'}",,,28.5,逃げ狙い,21.27,26.8,3,,,,,,,,,,,
2025-09-27,丸亀,10,6,樋口　亮,A2,45.45,6,,3.969,3.8,51,21.7,0.2027,4.2333,,,0,低,133,0,-,2 13,0,25,0.7592,0,0,0.0345,0.069,0,0.2161,0.0805,0.0276,,,A,,,0.1409,0.601,,0.5785,S,83,0,◎1着固定 2-3着流し（5〜8点）,0.5777,"{'is_target': True, 'verdict': '参加推奨', 'max_combo_prob': 0.0788, 'est_top_odds': 16.9, 'circle_concentration': 71.7, 'eligible_count': 6, 'bet_adj': 2, 'reason': 'rel_win1=56.7%（本命度） / 最有力組み合わせ確率: 0.079（推定実オッズ?17倍） / 2着集中度: 上位2艇 71.7%（補正+0.04） / 総合判定確率: 0.119 / → ヒモ分散。1号艇1着固定で広めのヒモ流し推奨（買い目+2点）', 'tenji_trigger': '展示確認: ヒモ分散レース。1号艇伸び確認後、広めのヒモ流しを採用。穴ヒモ（5・6号艇）を積極的に含める。\n展示で1号艇スタート超安定(0.138秒)→ヒモ固まり方向に注意'}",,,28.5,逃げ狙い,21.27,26.8,3,,,,,,,,,,,
2025-09-27,丸亀,11,1,田村隆信,A1,0.00,1,◎,62.4042,,0,96.1,0.12,1.9608,,,0,低,42,0,逃1%,563,0,65.3,1.0444,0.8846,,,,,0.1011,0.0154,0.0154,◎,,E,○,,,0.657,,0.8366,S,92,0,◎1着固定 2-3着流し（5〜8点）,0.5777,"{'is_target': True, 'verdict': '点数絞り', 'max_combo_prob': 0.0968, 'est_top_odds': 13.8, 'circle_concentration': 72.2, 'eligible_count': 6, 'bet_adj': 0, 'reason': 'rel_win1=62.4%（本命度） / 最有力組み合わせ確率: 0.097（推定実オッズ?14倍） / 2着集中度: 上位2艇 72.2%（補正+0.04） / 総合判定確率: 0.137 / → ヒモはやや固め。上位2艇以外を切ること', 'tenji_trigger': '展示確認: 1号艇伸び良→そのまま採用。悪→飛び組に差し替え。circle_pct上位2艇に絞り込むこと。\n展示で1号艇スタート超安定(0.120秒)→ヒモ固まり方向に注意'}",,,26.7,逃げ狙い,18.7,23.7,2,,,,,0,0,0.7559,0,,逃げ軸流し,A
2025-09-27,丸亀,11,2,山本隆幸,A1,44.44,2,○,14.9447,49.7,66,67.8,0.1731,3.7119,,,0,低,130,0,-,4461,0,99.2,1.9729,0,0,0.0909,0,0.0455,0,0.0645,0.2258,,,A,,,0.0625,0.631,,0.8366,S,92,0,◎1着固定 2-3着流し（5〜8点）,0.5777,"{'is_target': True, 'verdict': '点数絞り', 'max_combo_prob': 0.0968, 'est_top_odds': 13.8, 'circle_concentration': 72.2, 'eligible_count': 6, 'bet_adj': 0, 'reason': 'rel_win1=62.4%（本命度） / 最有力組み合わせ確率: 0.097（推定実オッズ?14倍） / 2着集中度: 上位2艇 72.2%（補正+0.04） / 総合判定確率: 0.137 / → ヒモはやや固め。上位2艇以外を切ること', 'tenji_trigger': '展示確認: 1号艇伸び良→そのまま採用。悪→飛び組に差し替え。circle_pct上位2艇に絞り込むこと。\n展示で1号艇スタート超安定(0.120秒)→ヒモ固まり方向に注意'}",,,26.7,逃げ狙い,18.7,23.7,2,,,,,,,,,,,
2025-09-27,丸亀,11,3,中里英夫,A2,30.00,3,△,8.3835,22.6,81,54.5,0.1518,3.3909,,,0,低,123,0,差ま0%,133,0,31.4,0.9815,0,0,0,0.08,0,0.1292,0.2458,0.1958,,,C,△,,0.1367,0.641,,0.8366,S,92,0,◎1着固定 2-3着流し（5〜8点）,0.5777,"{'is_target': True, 'verdict': '点数絞り', 'max_combo_prob': 0.0968, 'est_top_odds': 13.8, 'circle_concentration': 72.2, 'eligible_count': 6, 'bet_adj': 0, 'reason': 'rel_win1=62.4%（本命度） / 最有力組み合わせ確率: 0.097（推定実オッズ?14倍） / 2着集中度: 上位2艇 72.2%（補正+0.04） / 総合判定確率: 0.137 / → ヒモはやや固め。上位2艇以外を切ること', 'tenji_trigger': '展示確認: 1号艇伸び良→そのまま採用。悪→飛び組に差し替え。circle_pct上位2艇に絞り込むこと。\n展示で1号艇スタート超安定(0.120秒)→ヒモ固まり方向に注意'}",,,26.7,逃げ狙い,18.7,23.7,2,,,,,,,,,,,
2025-09-27,丸亀,11,4,鈴木　博,A1,16.67,4,,9.4393,21,100,69.6,0.1612,3.7143,,,0,低,120,0,-,1 14,0,64.6,1.4015,0,0.0417,0.0417,0.0833,0,0.05,0.11,0.02,,,D,△,◎,0.1352,0.6475,0.4201,0.8366,S,92,0,◎1着固定 2-3着流し（5〜8点）,0.5777,"{'is_target': True, 'verdict': '点数絞り', 'max_combo_prob': 0.0968, 'est_top_odds': 13.8, 'circle_concentration': 72.2, 'eligible_count': 6, 'bet_adj': 0, 'reason': 'rel_win1=62.4%（本命度） / 最有力組み合わせ確率: 0.097（推定実オッズ?14倍） / 2着集中度: 上位2艇 72.2%（補正+0.04） / 総合判定確率: 0.137 / → ヒモはやや固め。上位2艇以外を切ること', 'tenji_trigger': '展示確認: 1号艇伸び良→そのまま採用。悪→飛び組に差し替え。circle_pct上位2艇に絞り込むこと。\n展示で1号艇スタート超安定(0.120秒)→ヒモ固まり方向に注意'}",,,26.7,逃げ狙い,18.7,23.7,2,,,,,,,,,,,
2025-09-27,丸亀,11,5,石田政吾,A2,44.44,5,▲,3.8468,4,88,32.7,0.1749,3.6818,,,0,低,126,0,-,2 33,0,84.2,1.7086,0,0,0.0357,0.0357,0.0357,0.0615,0.2123,0.1662,,,A,,,0.111,0.6375,,0.8366,S,92,0,◎1着固定 2-3着流し（5〜8点）,0.5777,"{'is_target': True, 'verdict': '点数絞り', 'max_combo_prob': 0.0968, 'est_top_odds': 13.8, 'circle_concentration': 72.2, 'eligible_count': 6, 'bet_adj': 0, 'reason': 'rel_win1=62.4%（本命度） / 最有力組み合わせ確率: 0.097（推定実オッズ?14倍） / 2着集中度: 上位2艇 72.2%（補正+0.04） / 総合判定確率: 0.137 / → ヒモはやや固め。上位2艇以外を切ること', 'tenji_trigger': '展示確認: 1号艇伸び良→そのまま採用。悪→飛び組に差し替え。circle_pct上位2艇に絞り込むこと。\n展示で1号艇スタート超安定(0.120秒)→ヒモ固まり方向に注意'}",,,26.7,逃げ狙い,18.7,23.7,2,,,,,,,,,,,
2025-09-27,丸亀,11,6,山一鉄也,B2,44.44,6,,0.9814,2.8,51,17.9,0.1885,4.1282,,,0,低,103,0,-,642,0,31.1,0.8556,,,,,,0.0129,0.131,0.0978,,,A,◎,,0.1383,0.668,,0.8366,S,92,0,◎1着固定 2-3着流し（5〜8点）,0.5777,"{'is_target': True, 'verdict': '点数絞り', 'max_combo_prob': 0.0968, 'est_top_odds': 13.8, 'circle_concentration': 72.2, 'eligible_count': 6, 'bet_adj': 0, 'reason': 'rel_win1=62.4%（本命度） / 最有力組み合わせ確率: 0.097（推定実オッズ?14倍） / 2着集中度: 上位2艇 72.2%（補正+0.04） / 総合判定確率: 0.137 / → ヒモはやや固め。上位2艇以外を切ること', 'tenji_trigger': '展示確認: 1号艇伸び良→そのまま採用。悪→飛び組に差し替え。circle_pct上位2艇に絞り込むこと。\n展示で1号艇スタート超安定(0.120秒)→ヒモ固まり方向に注意'}",,,26.7,逃げ狙い,18.7,23.7,2,,,,,,,,,,,
2025-09-27,丸亀,12,1,原田幸哉,A1,30.00,1,◎,64.9484,,0,89.7,0.1276,2.6379,,,0,低,11,0,逃1%,214,0,89.8,1.1769,0.75,,,,,0.0833,0.1667,0,◎,,C,○,,,0.6755,,0.6258,S,100,0,◎1着固定 2-3着流し（5〜8点）,0.5777,"{'is_target': True, 'verdict': '参加推奨', 'max_combo_prob': 0.063, 'est_top_odds': 21.2, 'circle_concentration': 57.7, 'eligible_count': 6, 'bet_adj': 2, 'reason': 'rel_win1=64.9%（本命度） / 最有力組み合わせ確率: 0.063（推定実オッズ?21倍） / 2着集中度: 上位2艇 57.7%（補正+0.00） / 総合判定確率: 0.063 / → ヒモ分散。1号艇1着固定で広めのヒモ流し推奨（買い目+2点）', 'tenji_trigger': '展示確認: ヒモ分散レース。1号艇伸び確認後、広めのヒモ流しを採用。穴ヒモ（5・6号艇）を積極的に含める。\n展示で1号艇スタート超安定(0.128秒)→ヒモ固まり方向に注意'}",,,25.5,逃げ狙い,11.54,26.4,3,,,,,0,0,0.7559,0,,逃げ軸流し,A
2025-09-27,丸亀,12,2,田中信一,A1,33.33,2,▲,10.5681,32.4,100,68.2,0.1514,3.2727,,,0,低,73,0,差0% ま0%,216,0,47.4,1.0834,0,0.0435,0.1304,0,0,0.1729,0.0979,0.0343,,,C,△,,0.082,0.6585,,0.6258,S,100,0,◎1着固定 2-3着流し（5〜8点）,0.5777,"{'is_target': True, 'verdict': '参加推奨', 'max_combo_prob': 0.063, 'est_top_odds': 21.2, 'circle_concentration': 57.7, 'eligible_count': 6, 'bet_adj': 2, 'reason': 'rel_win1=64.9%（本命度） / 最有力組み合わせ確率: 0.063（推定実オッズ?21倍） / 2着集中度: 上位2艇 57.7%（補正+0.00） / 総合判定確率: 0.063 / → ヒモ分散。1号艇1着固定で広めのヒモ流し推奨（買い目+2点）', 'tenji_trigger': '展示確認: ヒモ分散レース。1号艇伸び確認後、広めのヒモ流しを採用。穴ヒモ（5・6号艇）を積極的に含める。\n展示で1号艇スタート超安定(0.128秒)→ヒモ固まり方向に注意'}",,,25.5,逃げ狙い,11.54,26.4,3,,,,,,,,,,,
2025-09-27,丸亀,12,3,村越　篤,B1,50.00,3,○,11.1823,25.3,57,53.6,0.1667,3.2681,,,0,低,142,0,ま0% 抜0%,351,0,27.6,0.9112,0,0,0.0417,0.0417,0.0417,0.2516,0.0129,0.0774,,,A,△,,0.1113,0.667,,0.6258,S,100,0,◎1着固定 2-3着流し（5〜8点）,0.5777,"{'is_target': True, 'verdict': '参加推奨', 'max_combo_prob': 0.063, 'est_top_odds': 21.2, 'circle_concentration': 57.7, 'eligible_count': 6, 'bet_adj': 2, 'reason': 'rel_win1=64.9%（本命度） / 最有力組み合わせ確率: 0.063（推定実オッズ?21倍） / 2着集中度: 上位2艇 57.7%（補正+0.00） / 総合判定確率: 0.063 / → ヒモ分散。1号艇1着固定で広めのヒモ流し推奨（買い目+2点）', 'tenji_trigger': '展示確認: ヒモ分散レース。1号艇伸び確認後、広めのヒモ流しを採用。穴ヒモ（5・6号艇）を積極的に含める。\n展示で1号艇スタート超安定(0.128秒)→ヒモ固まり方向に注意'}",,,25.5,逃げ狙い,11.54,26.4,3,,,,,,,,,,,
2025-09-27,丸亀,12,4,馬袋義則,A1,20.00,4,,5.5016,20.8,65,52.9,0.1368,2.9779,,,0,低,78,0,ま0%,2163,0,41.6,0.9845,0,0,0.0833,0,0,0.129,0.1771,0.1771,,,E,,,0.264,0.656,,0.6258,S,100,0,◎1着固定 2-3着流し（5〜8点）,0.5777,"{'is_target': True, 'verdict': '参加推奨', 'max_combo_prob': 0.063, 'est_top_odds': 21.2, 'circle_concentration': 57.7, 'eligible_count': 6, 'bet_adj': 2, 'reason': 'rel_win1=64.9%（本命度） / 最有力組み合わせ確率: 0.063（推定実オッズ?21倍） / 2着集中度: 上位2艇 57.7%（補正+0.00） / 総合判定確率: 0.063 / → ヒモ分散。1号艇1着固定で広めのヒモ流し推奨（買い目+2点）', 'tenji_trigger': '展示確認: ヒモ分散レース。1号艇伸び確認後、広めのヒモ流しを採用。穴ヒモ（5・6号艇）を積極的に含める。\n展示で1号艇スタート超安定(0.128秒)→ヒモ固まり方向に注意'}",,,25.5,逃げ狙い,11.54,26.4,3,,,,,,,,,,,
2025-09-27,丸亀,12,5,中村有裕,A2,17.65,5,,5.5446,18.1,71,52.7,0.1507,3.0818,,,0,低,76,0,差ま0%,6 45,0,80.4,1.4783,0,0,0,0.0417,0,0.08,0.0267,0.1733,,,E,,,0.2086,0.63,,0.6258,S,100,0,◎1着固定 2-3着流し（5〜8点）,0.5777,"{'is_target': True, 'verdict': '参加推奨', 'max_combo_prob': 0.063, 'est_top_odds': 21.2, 'circle_concentration': 57.7, 'eligible_count': 6, 'bet_adj': 2, 'reason': 'rel_win1=64.9%（本命度） / 最有力組み合わせ確率: 0.063（推定実オッズ?21倍） / 2着集中度: 上位2艇 57.7%（補正+0.00） / 総合判定確率: 0.063 / → ヒモ分散。1号艇1着固定で広めのヒモ流し推奨（買い目+2点）', 'tenji_trigger': '展示確認: ヒモ分散レース。1号艇伸び確認後、広めのヒモ流しを採用。穴ヒモ（5・6号艇）を積極的に含める。\n展示で1号艇スタート超安定(0.128秒)→ヒモ固まり方向に注意'}",,,25.5,逃げ狙い,11.54,26.4,3,,,,,,,,,,,
2025-09-27,丸亀,12,6,林　美憲,A1,37.50,6,△,2.2549,3.4,44,0,0.176,3,,,0,低,42,1,-,3 66,0,30.7,0.8733,,,,,,0.0343,0.1343,0.1914,,,B,◎,,0.1597,0.699,,0.6258,S,100,0,◎1着固定 2-3着流し（5〜8点）,0.5777,"{'is_target': True, 'verdict': '参加推奨', 'max_combo_prob': 0.063, 'est_top_odds': 21.2, 'circle_concentration': 57.7, 'eligible_count': 6, 'bet_adj': 2, 'reason': 'rel_win1=64.9%（本命度） / 最有力組み合わせ確率: 0.063（推定実オッズ?21倍） / 2着集中度: 上位2艇 57.7%（補正+0.00） / 総合判定確率: 0.063 / → ヒモ分散。1号艇1着固定で広めのヒモ流し推奨（買い目+2点）', 'tenji_trigger': '展示確認: ヒモ分散レース。1号艇伸び確認後、広めのヒモ流しを採用。穴ヒモ（5・6号艇）を積極的に含める。\n展示で1号艇スタート超安定(0.128秒)→ヒモ固まり方向に注意'}",,,25.5,逃げ狙い,11.54,26.4,3,,,,,,,,,,,
2025-09-28,丸亀,1,1,滝沢芳行,B1,10.00,1,◎,59.2734,,0,78.5,0.1569,3.1231,,,0,低,85,0,逃0%,565 15,0,83.8,1.0394,0.36,,,,,0.18,0.18,0.064,◎,,E,◎,,,0.628,,0.4641,A,72,0,◎-○軸 3着3〜4艇流し（10〜15点）,0.5777,"{'is_target': True, 'verdict': '点数絞り', 'max_combo_prob': 0.1094, 'est_top_odds': 12.2, 'circle_concentration': 73.5, 'eligible_count': 8, 'bet_adj': 0, 'reason': 'rel_win1=59.3%（本命度） / 最有力組み合わせ確率: 0.109（推定実オッズ?12倍） / 2着集中度: 上位2艇 73.5%（補正+0.04） / 総合判定確率: 0.149 / → ヒモはやや固め。上位2艇以外を切ること', 'tenji_trigger': '展示確認: 1号艇伸び良→そのまま採用。悪→飛び組に差し替え。circle_pct上位2艇に絞り込むこと。'}",,,27.7,逃げ狙い,11.4,32.9,4,,,,,0,0,0.7559,0,,逃げ軸流し,A
2025-09-28,丸亀,1,2,飯山晃三,B1,36.36,2,△,13.2855,22.2,100,36.9,0.1838,4.2077,,,0,低,179,0,-,5 662,0,52.3,0.3931,0,0.0345,0.0345,0,0,0.1333,0.019,0.1581,,,B,△,,0.0836,0.589,,0.4641,A,72,0,◎-○軸 3着3〜4艇流し（10〜15点）,0.5777,"{'is_target': True, 'verdict': '点数絞り', 'max_combo_prob': 0.1094, 'est_top_odds': 12.2, 'circle_concentration': 73.5, 'eligible_count': 8, 'bet_adj': 0, 'reason': 'rel_win1=59.3%（本命度） / 最有力組み合わせ確率: 0.109（推定実オッズ?12倍） / 2着集中度: 上位2艇 73.5%（補正+0.04） / 総合判定確率: 0.149 / → ヒモはやや固め。上位2艇以外を切ること', 'tenji_trigger': '展示確認: 1号艇伸び良→そのまま採用。悪→飛び組に差し替え。circle_pct上位2艇に絞り込むこと。'}",,,27.7,逃げ狙い,11.4,32.9,4,,,,,,,,,,,
2025-09-28,丸亀,1,3,塩田雄一,B1,33.33,3,▲,10.0356,51.3,66,50.8,0.1792,3.8077,,,0,低,147,0,-,6 653,0,61.6,1.216,0,0,0.0455,0,0,0.4143,0.0952,0.2071,,,B,,,0.2013,0.5565,,0.4641,A,72,0,◎-○軸 3着3〜4艇流し（10〜15点）,0.5777,"{'is_target': True, 'verdict': '点数絞り', 'max_combo_prob': 0.1094, 'est_top_odds': 12.2, 'circle_concentration': 73.5, 'eligible_count': 8, 'bet_adj': 0, 'reason': 'rel_win1=59.3%（本命度） / 最有力組み合わせ確率: 0.109（推定実オッズ?12倍） / 2着集中度: 上位2艇 73.5%（補正+0.04） / 総合判定確率: 0.149 / → ヒモはやや固め。上位2艇以外を切ること', 'tenji_trigger': '展示確認: 1号艇伸び良→そのまま採用。悪→飛び組に差し替え。circle_pct上位2艇に絞り込むこと。'}",,,27.7,逃げ狙い,11.4,32.9,4,,,,,,,,,,,
2025-09-28,丸亀,1,4,小森信雄,B1,28.57,4,,8.9787,18.6,75,35.3,0.1802,4.2941,,,0,低,133,0,-,144 65,0,48.8,0.8634,,,,,,0.175,0.25,0.0333,,,C,△,,0.2498,0.608,,0.4641,A,72,0,◎-○軸 3着3〜4艇流し（10〜15点）,0.5777,"{'is_target': True, 'verdict': '点数絞り', 'max_combo_prob': 0.1094, 'est_top_odds': 12.2, 'circle_concentration': 73.5, 'eligible_count': 8, 'bet_adj': 0, 'reason': 'rel_win1=59.3%（本命度） / 最有力組み合わせ確率: 0.109（推定実オッズ?12倍） / 2着集中度: 上位2艇 73.5%（補正+0.04） / 総合判定確率: 0.149 / → ヒモはやや固め。上位2艇以外を切ること', 'tenji_trigger': '展示確認: 1号艇伸び良→そのまま採用。悪→飛び組に差し替え。circle_pct上位2艇に絞り込むこと。'}",,,27.7,逃げ狙い,11.4,32.9,4,,,,,,,,,,,
2025-09-28,丸亀,1,5,川村正輝,B1,40.00,5,○,7.0351,6.8,53,24.5,0.1837,4.1224,,,0,低,140,0,-,3 446,0,25.4,0.8648,,,,,,0.1667,0.1667,0.1667,,,A,,,0.2517,0.57,,0.4641,A,72,0,◎-○軸 3着3〜4艇流し（10〜15点）,0.5777,"{'is_target': True, 'verdict': '点数絞り', 'max_combo_prob': 0.1094, 'est_top_odds': 12.2, 'circle_concentration': 73.5, 'eligible_count': 8, 'bet_adj': 0, 'reason': 'rel_win1=59.3%（本命度） / 最有力組み合わせ確率: 0.109（推定実オッズ?12倍） / 2着集中度: 上位2艇 73.5%（補正+0.04） / 総合判定確率: 0.149 / → ヒモはやや固め。上位2艇以外を切ること', 'tenji_trigger': '展示確認: 1号艇伸び良→そのまま採用。悪→飛び組に差し替え。circle_pct上位2艇に絞り込むこと。'}",,,27.7,逃げ狙い,11.4,32.9,4,,,,,,,,,,,
2025-09-28,丸亀,1,6,鈴木　猛,B1,00.00,6,,1.3918,1.1,50,18.2,0.1685,3.8909,,,0,低,166,0,-,5 126,0,46.6,0.8178,,,,,,0.1133,0.2133,0.0533,,,E,○,,0.3001,0.6215,,0.4641,A,72,0,◎-○軸 3着3〜4艇流し（10〜15点）,0.5777,"{'is_target': True, 'verdict': '点数絞り', 'max_combo_prob': 0.1094, 'est_top_odds': 12.2, 'circle_concentration': 73.5, 'eligible_count': 8, 'bet_adj': 0, 'reason': 'rel_win1=59.3%（本命度） / 最有力組み合わせ確率: 0.109（推定実オッズ?12倍） / 2着集中度: 上位2艇 73.5%（補正+0.04） / 総合判定確率: 0.149 / → ヒモはやや固め。上位2艇以外を切ること', 'tenji_trigger': '展示確認: 1号艇伸び良→そのまま採用。悪→飛び組に差し替え。circle_pct上位2艇に絞り込むこと。'}",,,27.7,逃げ狙い,11.4,32.9,4,,,,,,,,,,,
2025-09-28,丸亀,2,1,塩崎優司,B1,27.27,1,◎,42.6135,,0,71.4,0.1321,2.869,,,0,低,128,0,逃0%,6 562,0,53.7,0.9016,0.4667,,,,,0.0533,0.1657,0.0533,◎,,C,,,,0.591,,0.5022,B,51,0,◎○△フォーメーション（15〜20点）,0.5777,"{'is_target': False, 'verdict': '対象外', 'max_combo_prob': None, 'est_top_odds': None, 'circle_concentration': None, 'eligible_count': 0, 'bet_adj': 0, 'reason': '1号艇rel_win1 < 45%: 通常判定に委ねる', 'tenji_trigger': ''}",,,29.7,両建て推奨,23.45,28.3,4,,,,,0,0,0.7559,0,,逃げ軸流し,A
2025-09-28,丸亀,2,2,松尾宣邦,B1,0.00,2,,8.283,29.4,73,50,0.1762,3.8939,,,0,低,128,0,ま0%,4 363,0,63.5,0.8302,0,0,0.0323,0,0,0.0167,0.3167,0,,,E,△,,0.0528,0.5955,,0.5022,B,51,0,◎○△フォーメーション（15〜20点）,0.5777,"{'is_target': False, 'verdict': '対象外', 'max_combo_prob': None, 'est_top_odds': None, 'circle_concentration': None, 'eligible_count': 0, 'bet_adj': 0, 'reason': '1号艇rel_win1 < 45%: 通常判定に委ねる', 'tenji_trigger': ''}",,,29.7,両建て推奨,23.45,28.3,4,,,,,,,,,,,
2025-09-28,丸亀,2,3,石田政吾,A2,44.44,3,▲,15.7094,37.9,71,74,0.1502,3.37,,,0,低,126,0,-,2 3363,0,37.9,1.045,0,0,0.1429,0.0952,0,0.0615,0.2123,0.1662,,,A,○,,0.227,0.6375,,0.5022,B,51,0,◎○△フォーメーション（15〜20点）,0.5777,"{'is_target': False, 'verdict': '対象外', 'max_combo_prob': None, 'est_top_odds': None, 'circle_concentration': None, 'eligible_count': 0, 'bet_adj': 0, 'reason': '1号艇rel_win1 < 45%: 通常判定に委ねる', 'tenji_trigger': ''}",,,29.7,両建て推奨,23.45,28.3,4,,,,,,,,,,,
2025-09-28,丸亀,2,4,林　美憲,A1,37.50,4,○,20.8686,19.7,100,84.9,0.1434,2.6509,,,0,低,42,0,ま0% 差ま0%,3 6635,0,100,2.0028,0,0,0.1304,0.087,0,0.0343,0.1343,0.1914,,,B,◎,◎,0.2691,0.699,0.4732,0.5022,B,51,0,◎○△フォーメーション（15〜20点）,0.5777,"{'is_target': False, 'verdict': '対象外', 'max_combo_prob': None, 'est_top_odds': None, 'circle_concentration': None, 'eligible_count': 0, 'bet_adj': 0, 'reason': '1号艇rel_win1 < 45%: 通常判定に委ねる', 'tenji_trigger': ''}",,,29.7,両建て推奨,23.45,28.3,4,,,,,,,,,,,
2025-09-28,丸亀,2,5,中村　真,B1,10.00,5,△,8.29,10,92,46.2,0.1756,3.5385,,,0,低,111,0,差ま0%,3 326,0,26.3,1.3529,0,0,0,0.1,0,0.0522,0.2196,0.0174,,,E,,○,0.1562,0.584,0.2411,0.5022,B,51,0,◎○△フォーメーション（15〜20点）,0.5777,"{'is_target': False, 'verdict': '対象外', 'max_combo_prob': None, 'est_top_odds': None, 'circle_concentration': None, 'eligible_count': 0, 'bet_adj': 0, 'reason': '1号艇rel_win1 < 45%: 通常判定に委ねる', 'tenji_trigger': ''}",,,29.7,両建て推奨,23.45,28.3,4,,,,,,,,,,,
2025-09-28,丸亀,2,6,中島友和,B1,25.00,6,,4.2356,2.9,26,20,0.1771,3.8571,,,0,低,78,0,ま0% 差ま0%,4 223,0,34.8,0.9192,0,0,0.0588,0.0588,0,0.064,0.23,0.123,,,C,△,,0.151,0.61,,0.5022,B,51,0,◎○△フォーメーション（15〜20点）,0.5777,"{'is_target': False, 'verdict': '対象外', 'max_combo_prob': None, 'est_top_odds': None, 'circle_concentration': None, 'eligible_count': 0, 'bet_adj': 0, 'reason': '1号艇rel_win1 < 45%: 通常判定に委ねる', 'tenji_trigger': ''}",,,29.7,両建て推奨,23.45,28.3,4,,,,,,,,,,,
2025-09-28,丸亀,3,1,菅沼佳昭,B1,46.15,1,◎,42.3809,,0,69.4,0.1839,3.6633,,,0,低,189,0,逃0%,535 46,0,59.7,0.8801,0.2778,,,,,0.0667,0.3111,0.0444,△,,A,,,,0.6165,,0.2248,D,31,1,大荒れ。見送り推奨,0.5777,"{'is_target': False, 'verdict': '対象外', 'max_combo_prob': None, 'est_top_odds': None, 'circle_concentration': None, 'eligible_count': 0, 'bet_adj': 0, 'reason': '1号艇rel_win1 < 45%: 通常判定に委ねる', 'tenji_trigger': ''}",,,37.4,両建て推奨,25.88,34,4,2-1-4|1-2-4|1-2-6|1-4-2|1-4-6|1-3-4,6-1-4|5-1-6|2-1-4|6-4-1|5-6-1|5-6-4|5-4-6|1-2-4|1-2-6|1-4-2|1-4-6|1-3-4,2-1-4:2.92%|1-2-4:9.55%|1-2-6:7.46%|1-4-2:6.33%|1-4-6:6.08%|1-3-4:5.4%,2-1-4:B_main|1-2-4:A|1-2-6:A|1-4-2:A|1-4-6:A|1-3-4:A,6,12,0.4535,1,[!]見送り推奨（主役決まり手「差し」― 逃げ劣勢レースで的中実績なし）,荒れ広め,D
2025-09-28,丸亀,3,2,鋤柄貴俊,B1,20.00,2,△,12.9965,41.6,97,57.6,0.148,3.0763,,,0,低,111,0,差0%,3 235,0,47.6,0.9521,0,0.08,0,0,0,0.1659,0.3523,0.2227,,◎,C,△,,0.5773,0.6265,,0.2248,D,31,1,大荒れ。見送り推奨,0.5777,"{'is_target': False, 'verdict': '対象外', 'max_combo_prob': None, 'est_top_odds': None, 'circle_concentration': None, 'eligible_count': 0, 'bet_adj': 0, 'reason': '1号艇rel_win1 < 45%: 通常判定に委ねる', 'tenji_trigger': ''}",,,37.4,両建て推奨,25.88,34,4,,,,,,,,,,,
2025-09-28,丸亀,3,3,宮嵜隆太,B1,10.00,3,,9.8627,11.5,58,35.5,0.1279,2.2419,,,0,低,56,0,ま0%,663 44,0,23.8,0.7581,0,0,0.0417,0,0,0.2833,0.3667,0.0222,,,E,○,,0.49,0.654,,0.2248,D,31,1,大荒れ。見送り推奨,0.5777,"{'is_target': False, 'verdict': '対象外', 'max_combo_prob': None, 'est_top_odds': None, 'circle_concentration': None, 'eligible_count': 0, 'bet_adj': 0, 'reason': '1号艇rel_win1 < 45%: 通常判定に委ねる', 'tenji_trigger': ''}",,,37.4,両建て推奨,25.88,34,4,,,,,,,,,,,
2025-09-28,丸亀,3,4,中辻崇人,A2,14.29,4,○,28.2191,32.7,100,84.2,0.1305,2.1053,,,0,低,42,0,-,22113,0,48.6,0.9628,0,0,0.1538,0.0769,0,0.2667,0,0,,○,D,△,◎,0.544,0.6505,0.4229,0.2248,D,31,1,大荒れ。見送り推奨,0.5777,"{'is_target': False, 'verdict': '対象外', 'max_combo_prob': None, 'est_top_odds': None, 'circle_concentration': None, 'eligible_count': 0, 'bet_adj': 0, 'reason': '1号艇rel_win1 < 45%: 通常判定に委ねる', 'tenji_trigger': ''}",,,37.4,両建て推奨,25.88,34,4,,,,,,,,,,,
2025-09-28,丸亀,3,5,越智照浩,B2,12.50,5,,4.4715,10.8,89,19.6,0.1931,4.1176,,,0,低,133,0,-,5 353,0,83.5,1.4352,0,0.0357,0,0,0,0.2,0.35,0.05,,,E,,,0.2942,0.563,,0.2248,D,31,1,大荒れ。見送り推奨,0.5777,"{'is_target': False, 'verdict': '対象外', 'max_combo_prob': None, 'est_top_odds': None, 'circle_concentration': None, 'eligible_count': 0, 'bet_adj': 0, 'reason': '1号艇rel_win1 < 45%: 通常判定に委ねる', 'tenji_trigger': ''}",,,37.4,両建て推奨,25.88,34,4,,,,,,,,,,,
2025-09-28,丸亀,3,6,原田幸哉,A1,30.00,6,▲,2.0693,3.4,70,25,0.1075,2,,,0,低,11,1,-,214 11,0,45,0.9933,,,,,,0.0833,0.1667,0,,△,B,◎,,0.5357,0.6755,,0.2248,D,31,1,大荒れ。見送り推奨,0.5777,"{'is_target': False, 'verdict': '対象外', 'max_combo_prob': None, 'est_top_odds': None, 'circle_concentration': None, 'eligible_count': 0, 'bet_adj': 0, 'reason': '1号艇rel_win1 < 45%: 通常判定に委ねる', 'tenji_trigger': ''}",,,37.4,両建て推奨,25.88,34,4,,,,,,,,,,,
2025-09-28,丸亀,4,1,吉田　光,B1,44.44,1,◎,46.1437,,0,71.4,0.1681,3.3571,,,0,低,72,0,逃0%,444 25,0,51.5,0.9153,0.1818,,,,,0.0909,0.1818,0.1818,○,,B,,,,0.539,,0.3648,B,55,0,◎○△フォーメーション（15〜20点）,0.5777,"{'is_target': True, 'verdict': '参加推奨', 'max_combo_prob': 0.0509, 'est_top_odds': 26.2, 'circle_concentration': 65.6, 'eligible_count': 9, 'bet_adj': 2, 'reason': 'rel_win1=46.1%（本命度） / 最有力組み合わせ確率: 0.051（推定実オッズ?26倍） / 2着集中度: 上位2艇 65.6%（補正+0.00） / 総合判定確率: 0.051 / → ヒモ分散。1号艇1着固定で広めのヒモ流し推奨（買い目+2点）', 'tenji_trigger': '展示確認: ヒモ分散レース。1号艇伸び確認後、広めのヒモ流しを採用。穴ヒモ（5・6号艇）を積極的に含める。'}",,,31.5,両建て推奨,24.28,32.6,3,,,,,0,0,0.6155,0,,逃げ軸流し,A
2025-09-28,丸亀,4,2,岩崎正哉,A2,36.36,2,,9.5216,34,91,71.9,0.183,4.2109,,,0,低,192,0,-,15552,0,42,1.1348,,,,,,0.0387,0.0387,0.0387,,,C,△,,0.1785,0.6185,,0.3648,B,55,0,◎○△フォーメーション（15〜20点）,0.5777,"{'is_target': True, 'verdict': '参加推奨', 'max_combo_prob': 0.0509, 'est_top_odds': 26.2, 'circle_concentration': 65.6, 'eligible_count': 9, 'bet_adj': 2, 'reason': 'rel_win1=46.1%（本命度） / 最有力組み合わせ確率: 0.051（推定実オッズ?26倍） / 2着集中度: 上位2艇 65.6%（補正+0.00） / 総合判定確率: 0.051 / → ヒモ分散。1号艇1着固定で広めのヒモ流し推奨（買い目+2点）', 'tenji_trigger': '展示確認: ヒモ分散レース。1号艇伸び確認後、広めのヒモ流しを採用。穴ヒモ（5・6号艇）を積極的に含める。'}",,,31.5,両建て推奨,24.28,32.6,3,,,,,,,,,,,
2025-09-28,丸亀,4,3,萩原秀人,A1,25.00,3,○,19.314,31.6,85,76.3,0.1495,2.9474,,,0,低,49,0,差0% ま0% 差ま0% 抜0%,42122,0,66.7,1.5735,0,0.0714,0.0714,0.1429,0.0714,0,0,0.0588,,◎,D,○,,0.4052,0.6585,,0.3648,B,55,0,◎○△フォーメーション（15〜20点）,0.5777,"{'is_target': True, 'verdict': '参加推奨', 'max_combo_prob': 0.0509, 'est_top_odds': 26.2, 'circle_concentration': 65.6, 'eligible_count': 9, 'bet_adj': 2, 'reason': 'rel_win1=46.1%（本命度） / 最有力組み合わせ確率: 0.051（推定実オッズ?26倍） / 2着集中度: 上位2艇 65.6%（補正+0.00） / 総合判定確率: 0.051 / → ヒモ分散。1号艇1着固定で広めのヒモ流し推奨（買い目+2点）', 'tenji_trigger': '展示確認: ヒモ分散レース。1号艇伸び確認後、広めのヒモ流しを採用。穴ヒモ（5・6号艇）を積極的に含める。'}",,,31.5,両建て推奨,24.28,32.6,3,,,,,,,,,,,
2025-09-28,丸亀,4,4,渡邉英児,B1,12.50,4,,6.9824,15.8,100,53.1,0.1598,3.3203,,,0,低,130,0,抜0%,3 561,0,40.9,1.0091,0,0,0,0,0.0455,0.1657,0.0667,0.1657,,,E,△,,0.342,0.6175,,0.3648,B,55,0,◎○△フォーメーション（15〜20点）,0.5777,"{'is_target': True, 'verdict': '参加推奨', 'max_combo_prob': 0.0509, 'est_top_odds': 26.2, 'circle_concentration': 65.6, 'eligible_count': 9, 'bet_adj': 2, 'reason': 'rel_win1=46.1%（本命度） / 最有力組み合わせ確率: 0.051（推定実オッズ?26倍） / 2着集中度: 上位2艇 65.6%（補正+0.00） / 総合判定確率: 0.051 / → ヒモ分散。1号艇1着固定で広めのヒモ流し推奨（買い目+2点）', 'tenji_trigger': '展示確認: ヒモ分散レース。1号艇伸び確認後、広めのヒモ流しを採用。穴ヒモ（5・6号艇）を積極的に含める。'}",,,31.5,両建て推奨,24.28,32.6,3,,,,,,,,,,,
2025-09-28,丸亀,4,5,金田　諭,A2,44.44,5,▲,14.6964,16.8,74,63.3,0.1824,3.4898,,,0,低,124,0,ま0% 抜0%,62351,0,100,1.995,0,0,0.1071,0,0.0357,0.1493,0.0293,0.1883,,,B,,◎,0.2598,0.615,0.2415,0.3648,B,55,0,◎○△フォーメーション（15〜20点）,0.5777,"{'is_target': True, 'verdict': '参加推奨', 'max_combo_prob': 0.0509, 'est_top_odds': 26.2, 'circle_concentration': 65.6, 'eligible_count': 9, 'bet_adj': 2, 'reason': 'rel_win1=46.1%（本命度） / 最有力組み合わせ確率: 0.051（推定実オッズ?26倍） / 2着集中度: 上位2艇 65.6%（補正+0.00） / 総合判定確率: 0.051 / → ヒモ分散。1号艇1着固定で広めのヒモ流し推奨（買い目+2点）', 'tenji_trigger': '展示確認: ヒモ分散レース。1号艇伸び確認後、広めのヒモ流しを採用。穴ヒモ（5・6号艇）を積極的に含める。'}",,,31.5,両建て推奨,24.28,32.6,3,,,,,,,,,,,
2025-09-28,丸亀,4,6,村越　篤,B1,50.00,6,△,3.3419,1.8,49,21.8,0.184,4.4364,,,0,低,142,0,-,351 22,0,27.3,0.8044,0,0.04,0,0,0,0.2516,0.0129,0.0774,,,A,◎,,0.2288,0.667,,0.3648,B,55,0,◎○△フォーメーション（15〜20点）,0.5777,"{'is_target': True, 'verdict': '参加推奨', 'max_combo_prob': 0.0509, 'est_top_odds': 26.2, 'circle_concentration': 65.6, 'eligible_count': 9, 'bet_adj': 2, 'reason': 'rel_win1=46.1%（本命度） / 最有力組み合わせ確率: 0.051（推定実オッズ?26倍） / 2着集中度: 上位2艇 65.6%（補正+0.00） / 総合判定確率: 0.051 / → ヒモ分散。1号艇1着固定で広めのヒモ流し推奨（買い目+2点）', 'tenji_trigger': '展示確認: ヒモ分散レース。1号艇伸び確認後、広めのヒモ流しを採用。穴ヒモ（5・6号艇）を積極的に含める。'}",,,31.5,両建て推奨,24.28,32.6,3,,,,,,,,,,,
2025-09-28,丸亀,5,1,宮地博士,B1,37.50,1,◎,41.9406,,0,67.3,0.1837,3.7041,,,0,低,189,0,逃0%,434 44,0,63.3,0.8568,0.2381,,,,,0.0952,0.0762,0.1771,△,,C,,,,0.5195,,0.2163,B,50,0,◎○△フォーメーション（15〜20点）,0.5777,"{'is_target': False, 'verdict': '対象外', 'max_combo_prob': None, 'est_top_odds': None, 'circle_concentration': None, 'eligible_count': 0, 'bet_adj': 0, 'reason': '1号艇rel_win1 < 45%: 通常判定に委ねる', 'tenji_trigger': ''}",,,31.2,両建て推奨,23.9,32.1,2,2-3-4|2-3-6|2-4-3|1-2-4|1-2-3|1-3-4|1-3-2|1-4-2,5-1-6|2-3-4|3-1-4|2-3-6|5-1-3|5-6-1|2-4-3|1-2-4|1-2-3|1-3-4|1-3-2|1-4-2,2-3-4:2.34%|2-3-6:2.19%|2-4-3:1.26%|1-2-4:11.0%|1-2-3:7.92%|1-3-4:6.84%|1-3-2:5.68%|1-4-2:4.29%,2-3-4:B_main|2-3-6:B_main|2-4-3:B_main|1-2-4:A|1-2-3:A|1-3-4:A|1-3-2:A|1-4-2:A,8,12,0.4535,1,[!]見送り推奨（主役決まり手「まくり」― 逃げ劣勢レースで的中実績なし）,荒れ広め,D
2025-09-28,丸亀,5,2,川原正明,A2,28.57,2,▲,21.665,51.1,70,75,0.125,2.4554,,,0,低,80,0,-,1 2662,0,73.1,0.7624,0,0,0.24,0,0,0.1128,0.0154,0.0308,,◎,D,△,,0.6014,0.633,,0.2163,B,50,0,◎○△フォーメーション（15〜20点）,0.5777,"{'is_target': False, 'verdict': '対象外', 'max_combo_prob': None, 'est_top_odds': None, 'circle_concentration': None, 'eligible_count': 0, 'bet_adj': 0, 'reason': '1号艇rel_win1 < 45%: 通常判定に委ねる', 'tenji_trigger': ''}",,,31.2,両建て推奨,23.9,32.1,2,,,,,,,,,,,
2025-09-28,丸亀,5,3,鈴木　博,A1,16.67,3,,16.4606,28.3,93,65.5,0.1689,3.7364,,,0,低,120,0,-,1 1434,0,40.4,0.8785,0,0.0385,0,0.1923,0,0.05,0.11,0.02,,△,E,△,,0.4072,0.6475,,0.2163,B,50,0,◎○△フォーメーション（15〜20点）,0.5777,"{'is_target': False, 'verdict': '対象外', 'max_combo_prob': None, 'est_top_odds': None, 'circle_concentration': None, 'eligible_count': 0, 'bet_adj': 0, 'reason': '1号艇rel_win1 < 45%: 通常判定に委ねる', 'tenji_trigger': ''}",,,31.2,両建て推奨,23.9,32.1,2,,,,,,,,,,,
2025-09-28,丸亀,5,4,山一鉄也,B2,44.44,4,○,14.3127,14.2,100,52.5,0.1551,3.4576,,,0,低,103,0,ま0% 差ま0%,642 16,0,81.2,1.2953,0,0,0.08,0.04,0,0.0129,0.131,0.0978,,○,B,◎,◎,0.4165,0.668,0.4078,0.2163,B,50,0,◎○△フォーメーション（15〜20点）,0.5777,"{'is_target': False, 'verdict': '対象外', 'max_combo_prob': None, 'est_top_odds': None, 'circle_concentration': None, 'eligible_count': 0, 'bet_adj': 0, 'reason': '1号艇rel_win1 < 45%: 通常判定に委ねる', 'tenji_trigger': ''}",,,31.2,両建て推奨,23.9,32.1,2,,,,,,,,,,,
2025-09-28,丸亀,5,5,久富政弘,B1,28.57,5,,4.3693,4.6,58,19,0.2121,4.6121,,,0,低,199,0,-,255 26,0,26.1,0.6383,,,,,,0.2308,0.1538,0.0769,,,D,,,0.2329,0.593,,0.2163,B,50,0,◎○△フォーメーション（15〜20点）,0.5777,"{'is_target': False, 'verdict': '対象外', 'max_combo_prob': None, 'est_top_odds': None, 'circle_concentration': None, 'eligible_count': 0, 'bet_adj': 0, 'reason': '1号艇rel_win1 < 45%: 通常判定に委ねる', 'tenji_trigger': ''}",,,31.2,両建て推奨,23.9,32.1,2,,,,,,,,,,,
2025-09-28,丸亀,5,6,岡瀬正人,A2,50.00,6,△,1.2518,1.8,64,44.3,0.1777,4.1714,,,0,低,176,0,-,652 16,0,37.1,1.2625,,,,,,0.0955,0.1727,0.0545,,,A,○,,0.3405,0.6505,,0.2163,B,50,0,◎○△フォーメーション（15〜20点）,0.5777,"{'is_target': False, 'verdict': '対象外', 'max_combo_prob': None, 'est_top_odds': None, 'circle_concentration': None, 'eligible_count': 0, 'bet_adj': 0, 'reason': '1号艇rel_win1 < 45%: 通常判定に委ねる', 'tenji_trigger': ''}",,,31.2,両建て推奨,23.9,32.1,2,,,,,,,,,,,
2025-09-28,丸亀,6,1,樋口　亮,A2,45.45,1,◎,59.6829,,0,91.8,0.1618,3.2877,,,0,低,133,0,-,2 135,0,90.2,1.3306,0.6207,,,,,0.2161,0.0805,0.0276,○,,B,△,,,0.601,,0.4325,A,75,0,◎-○軸 3着3〜4艇流し（10〜15点）,0.5777,"{'is_target': True, 'verdict': '点数絞り', 'max_combo_prob': 0.1212, 'est_top_odds': 11.0, 'circle_concentration': 70.0, 'eligible_count': 8, 'bet_adj': 0, 'reason': 'rel_win1=59.7%（本命度） / 最有力組み合わせ確率: 0.121（推定実オッズ?11倍） / 2着集中度: 上位2艇 70.0%（補正+0.00） / 総合判定確率: 0.121 / → ヒモはやや固め。上位2艇以外を切ること', 'tenji_trigger': '展示確認: 1号艇伸び良→そのまま採用。悪→飛び組に差し替え。circle_pct上位2艇に絞り込むこと。'}",,,28.2,逃げ狙い,15.09,31.3,2,,,,,0,0,0.6155,0,,逃げ軸流し,A
2025-09-28,丸亀,6,2,塩崎優司,B1,27.27,2,,9.432,48.7,37,46.8,0.1769,3.7661,,,0,低,128,0,ま0% 抜0%,6 562,0,24.1,0.7857,0,0,0.0741,0,0.037,0.0533,0.1657,0.0533,,,E,,,0.1587,0.591,,0.4325,A,75,0,◎-○軸 3着3〜4艇流し（10〜15点）,0.5777,"{'is_target': True, 'verdict': '点数絞り', 'max_combo_prob': 0.1212, 'est_top_odds': 11.0, 'circle_concentration': 70.0, 'eligible_count': 8, 'bet_adj': 0, 'reason': 'rel_win1=59.7%（本命度） / 最有力組み合わせ確率: 0.121（推定実オッズ?11倍） / 2着集中度: 上位2艇 70.0%（補正+0.00） / 総合判定確率: 0.121 / → ヒモはやや固め。上位2艇以外を切ること', 'tenji_trigger': '展示確認: 1号艇伸び良→そのまま採用。悪→飛び組に差し替え。circle_pct上位2艇に絞り込むこと。'}",,,28.2,逃げ狙い,15.09,31.3,2,,,,,,,,,,,
2025-09-28,丸亀,6,3,川村正輝,B1,40.00,3,▲,13.3812,17.1,100,61.7,0.1672,2.9574,,,0,低,140,0,差ま0%,3 446,0,48.1,1.2175,0,0,0,0.1111,0,0.1667,0.1667,0.1667,,,C,,,0.2782,0.57,,0.4325,A,75,0,◎-○軸 3着3〜4艇流し（10〜15点）,0.5777,"{'is_target': True, 'verdict': '点数絞り', 'max_combo_prob': 0.1212, 'est_top_odds': 11.0, 'circle_concentration': 70.0, 'eligible_count': 8, 'bet_adj': 0, 'reason': 'rel_win1=59.7%（本命度） / 最有力組み合わせ確率: 0.121（推定実オッズ?11倍） / 2着集中度: 上位2艇 70.0%（補正+0.00） / 総合判定確率: 0.121 / → ヒモはやや固め。上位2艇以外を切ること', 'tenji_trigger': '展示確認: 1号艇伸び良→そのまま採用。悪→飛び組に差し替え。circle_pct上位2艇に絞り込むこと。'}",,,28.2,逃げ狙い,15.09,31.3,2,,,,,,,,,,,
2025-09-28,丸亀,6,4,角浜　修,B1,30.00,4,,4.6383,9.7,33,23.8,0.1706,3.7302,,,0,低,134,0,-,464 55,0,58.8,0.7974,0,0,0,0.0303,0,0.0833,0.15,0.15,,,D,△,,0.2446,0.6255,,0.4325,A,75,0,◎-○軸 3着3〜4艇流し（10〜15点）,0.5777,"{'is_target': True, 'verdict': '点数絞り', 'max_combo_prob': 0.1212, 'est_top_odds': 11.0, 'circle_concentration': 70.0, 'eligible_count': 8, 'bet_adj': 0, 'reason': 'rel_win1=59.7%（本命度） / 最有力組み合わせ確率: 0.121（推定実オッズ?11倍） / 2着集中度: 上位2艇 70.0%（補正+0.00） / 総合判定確率: 0.121 / → ヒモはやや固め。上位2艇以外を切ること', 'tenji_trigger': '展示確認: 1号艇伸び良→そのまま採用。悪→飛び組に差し替え。circle_pct上位2艇に絞り込むこと。'}",,,28.2,逃げ狙い,15.09,31.3,2,,,,,,,,,,,
2025-09-28,丸亀,6,5,井口佳典,A1,63.64,5,○,10.5234,21.2,62,84.6,0.1185,2.8846,,,0,低,31,1,差0% ま0%,14211,0,100,2.3336,0,0.0541,0.027,0,0,0,0.1667,0.1667,,◎,A,○,,0.4254,0.6355,,0.4325,A,75,0,◎-○軸 3着3〜4艇流し（10〜15点）,0.5777,"{'is_target': True, 'verdict': '点数絞り', 'max_combo_prob': 0.1212, 'est_top_odds': 11.0, 'circle_concentration': 70.0, 'eligible_count': 8, 'bet_adj': 0, 'reason': 'rel_win1=59.7%（本命度） / 最有力組み合わせ確率: 0.121（推定実オッズ?11倍） / 2着集中度: 上位2艇 70.0%（補正+0.00） / 総合判定確率: 0.121 / → ヒモはやや固め。上位2艇以外を切ること', 'tenji_trigger': '展示確認: 1号艇伸び良→そのまま採用。悪→飛び組に差し替え。circle_pct上位2艇に絞り込むこと。'}",,,28.2,逃げ狙い,15.09,31.3,2,,,,,,,,,,,
2025-09-28,丸亀,6,6,中岡正彦,A1,42.11,6,△,2.3423,3.2,45,40,0.218,4.6,,,0,低,42,1,-,13512,0,31.1,1.5444,,,,,,0.1103,0,0.0588,,,C,◎,,0.1383,0.649,,0.4325,A,75,0,◎-○軸 3着3〜4艇流し（10〜15点）,0.5777,"{'is_target': True, 'verdict': '点数絞り', 'max_combo_prob': 0.1212, 'est_top_odds': 11.0, 'circle_concentration': 70.0, 'eligible_count': 8, 'bet_adj': 0, 'reason': 'rel_win1=59.7%（本命度） / 最有力組み合わせ確率: 0.121（推定実オッズ?11倍） / 2着集中度: 上位2艇 70.0%（補正+0.00） / 総合判定確率: 0.121 / → ヒモはやや固め。上位2艇以外を切ること', 'tenji_trigger': '展示確認: 1号艇伸び良→そのまま採用。悪→飛び組に差し替え。circle_pct上位2艇に絞り込むこと。'}",,,28.2,逃げ狙い,15.09,31.3,2,,,,,,,,,,,
2025-09-28,丸亀,7,1,中村　真,B1,10.00,1,◎,47.0293,,0,82.8,0.1533,2.569,,,0,低,111,0,逃1%,3 326,0,73.1,1.0363,0.6087,,,,,0.0522,0.2196,0.0174,◎,,D,,,,0.584,,0.4679,A,60,0,◎-○軸 3着3〜4艇流し（10〜15点）,0.5777,"{'is_target': True, 'verdict': '参加推奨', 'max_combo_prob': 0.0668, 'est_top_odds': 20.0, 'circle_concentration': 80.2, 'eligible_count': 8, 'bet_adj': 2, 'reason': 'rel_win1=47.0%（本命度） / 最有力組み合わせ確率: 0.067（推定実オッズ?20倍） / 2着集中度: 上位2艇 80.2%（補正+0.04） / 総合判定確率: 0.107 / → ヒモ分散。1号艇1着固定で広めのヒモ流し推奨（買い目+2点）', 'tenji_trigger': '展示確認: ヒモ分散レース。1号艇伸び確認後、広めのヒモ流しを採用。穴ヒモ（5・6号艇）を積極的に含める。'}",,,30.4,両建て推奨,23.57,30.1,3,,,,,0,0,0.7559,0,,逃げ軸流し,A
2025-09-28,丸亀,7,2,中村有裕,A2,17.65,2,▲,12.4595,38.2,84,59.7,0.1371,3.0887,,,0,低,76,0,差0% ま0% 抜0%,6 4553,0,40,0.9752,0,0.1154,0.0385,0,0.0385,0.08,0.0267,0.1733,,◎,C,△,,0.4858,0.63,,0.4679,A,60,0,◎-○軸 3着3〜4艇流し（10〜15点）,0.5777,"{'is_target': True, 'verdict': '参加推奨', 'max_combo_prob': 0.0668, 'est_top_odds': 20.0, 'circle_concentration': 80.2, 'eligible_count': 8, 'bet_adj': 2, 'reason': 'rel_win1=47.0%（本命度） / 最有力組み合わせ確率: 0.067（推定実オッズ?20倍） / 2着集中度: 上位2艇 80.2%（補正+0.04） / 総合判定確率: 0.107 / → ヒモ分散。1号艇1着固定で広めのヒモ流し推奨（買い目+2点）', 'tenji_trigger': '展示確認: ヒモ分散レース。1号艇伸び確認後、広めのヒモ流しを採用。穴ヒモ（5・6号艇）を積極的に含める。'}",,,30.4,両建て推奨,23.57,30.1,3,,,,,,,,,,,
2025-09-28,丸亀,7,3,田中信一,A1,33.33,3,○,21.7917,41.9,100,86.4,0.138,2.9205,,,0,低,73,0,ま0% 差ま0% 抜0%,216 44,0,90.4,1.7825,0,0,0.1667,0.0556,0.0556,0.1729,0.0979,0.0343,,○,A,◎,,0.3916,0.6585,,0.4679,A,60,0,◎-○軸 3着3〜4艇流し（10〜15点）,0.5777,"{'is_target': True, 'verdict': '参加推奨', 'max_combo_prob': 0.0668, 'est_top_odds': 20.0, 'circle_concentration': 80.2, 'eligible_count': 8, 'bet_adj': 2, 'reason': 'rel_win1=47.0%（本命度） / 最有力組み合わせ確率: 0.067（推定実オッズ?20倍） / 2着集中度: 上位2艇 80.2%（補正+0.04） / 総合判定確率: 0.107 / → ヒモ分散。1号艇1着固定で広めのヒモ流し推奨（買い目+2点）', 'tenji_trigger': '展示確認: ヒモ分散レース。1号艇伸び確認後、広めのヒモ流しを採用。穴ヒモ（5・6号艇）を積極的に含める。'}",,,30.4,両建て推奨,23.57,30.1,3,,,,,,,,,,,
2025-09-28,丸亀,7,4,田村隆信,A1,0.00,4,,13.858,14.1,87,55.9,0.1456,3.1618,,,0,低,42,0,-,563 32,0,40.8,0.8604,0,0.0769,0.1538,0.1538,0,0.1011,0.0154,0.0154,,,E,○,◎,0.3563,0.657,0.5153,0.4679,A,60,0,◎-○軸 3着3〜4艇流し（10〜15点）,0.5777,"{'is_target': True, 'verdict': '参加推奨', 'max_combo_prob': 0.0668, 'est_top_odds': 20.0, 'circle_concentration': 80.2, 'eligible_count': 8, 'bet_adj': 2, 'reason': 'rel_win1=47.0%（本命度） / 最有力組み合わせ確率: 0.067（推定実オッズ?20倍） / 2着集中度: 上位2艇 80.2%（補正+0.04） / 総合判定確率: 0.107 / → ヒモ分散。1号艇1着固定で広めのヒモ流し推奨（買い目+2点）', 'tenji_trigger': '展示確認: ヒモ分散レース。1号艇伸び確認後、広めのヒモ流しを採用。穴ヒモ（5・6号艇）を積極的に含める。'}",,,30.4,両建て推奨,23.57,30.1,3,,,,,,,,,,,
2025-09-28,丸亀,7,5,岩津徹郎,B1,15.79,5,,3.772,4.6,38,26.8,0.1873,3.8902,,,0,低,117,0,-,534 54,0,26.4,0.7626,,,,,,0.0706,0.0941,0.2706,,,D,,,0.1997,0.574,,0.4679,A,60,0,◎-○軸 3着3〜4艇流し（10〜15点）,0.5777,"{'is_target': True, 'verdict': '参加推奨', 'max_combo_prob': 0.0668, 'est_top_odds': 20.0, 'circle_concentration': 80.2, 'eligible_count': 8, 'bet_adj': 2, 'reason': 'rel_win1=47.0%（本命度） / 最有力組み合わせ確率: 0.067（推定実オッズ?20倍） / 2着集中度: 上位2艇 80.2%（補正+0.04） / 総合判定確率: 0.107 / → ヒモ分散。1号艇1着固定で広めのヒモ流し推奨（買い目+2点）', 'tenji_trigger': '展示確認: ヒモ分散レース。1号艇伸び確認後、広めのヒモ流しを採用。穴ヒモ（5・6号艇）を積極的に含める。'}",,,30.4,両建て推奨,23.57,30.1,3,,,,,,,,,,,
2025-09-28,丸亀,7,6,鋤柄貴俊,B1,20.00,6,△,1.0895,1.1,48,24.5,0.1868,4.2642,,,0,低,111,0,-,3 235,0,33.7,0.9992,,,,,,0.1659,0.3523,0.2227,,,C,△,,0.2034,0.6265,,0.4679,A,60,0,◎-○軸 3着3〜4艇流し（10〜15点）,0.5777,"{'is_target': True, 'verdict': '参加推奨', 'max_combo_prob': 0.0668, 'est_top_odds': 20.0, 'circle_concentration': 80.2, 'eligible_count': 8, 'bet_adj': 2, 'reason': 'rel_win1=47.0%（本命度） / 最有力組み合わせ確率: 0.067（推定実オッズ?20倍） / 2着集中度: 上位2艇 80.2%（補正+0.04） / 総合判定確率: 0.107 / → ヒモ分散。1号艇1着固定で広めのヒモ流し推奨（買い目+2点）', 'tenji_trigger': '展示確認: ヒモ分散レース。1号艇伸び確認後、広めのヒモ流しを採用。穴ヒモ（5・6号艇）を積極的に含める。'}",,,30.4,両建て推奨,23.57,30.1,3,,,,,,,,,,,
2025-09-28,丸亀,8,1,中里英夫,A2,30.00,1,◎,62.2542,,0,83.3,0.1586,3.2652,,,0,低,123,0,逃0%,133 11,0,86.2,1.1004,0.3438,,,,,0.1292,0.2458,0.1958,○,,C,△,,,0.641,,0.4159,A,74,0,◎-○軸 3着3〜4艇流し（10〜15点）,0.5777,"{'is_target': True, 'verdict': '参加推奨', 'max_combo_prob': 0.0682, 'est_top_odds': 19.5, 'circle_concentration': 61.4, 'eligible_count': 8, 'bet_adj': 2, 'reason': 'rel_win1=62.3%（本命度） / 最有力組み合わせ確率: 0.068（推定実オッズ?20倍） / 2着集中度: 上位2艇 61.4%（補正+0.00） / 総合判定確率: 0.068 / → ヒモ分散。1号艇1着固定で広めのヒモ流し推奨（買い目+2点）', 'tenji_trigger': '展示確認: ヒモ分散レース。1号艇伸び確認後、広めのヒモ流しを採用。穴ヒモ（5・6号艇）を積極的に含める。'}",,,28.9,逃げ狙い,13.53,34.5,3,,,,,0,0,0.6155,0,,逃げ軸流し,A
2025-09-28,丸亀,8,2,今坂晃広,B1,44.44,2,▲,8.7238,27,74,28.6,0.1921,4.2946,,,0,低,154,0,-,162 56,0,57,0.5462,0,0.1071,0,0,0,0.0462,0.1969,0.0462,,,A,◎,,0.0934,0.681,,0.4159,A,74,0,◎-○軸 3着3〜4艇流し（10〜15点）,0.5777,"{'is_target': True, 'verdict': '参加推奨', 'max_combo_prob': 0.0682, 'est_top_odds': 19.5, 'circle_concentration': 61.4, 'eligible_count': 8, 'bet_adj': 2, 'reason': 'rel_win1=62.3%（本命度） / 最有力組み合わせ確率: 0.068（推定実オッズ?20倍） / 2着集中度: 上位2艇 61.4%（補正+0.00） / 総合判定確率: 0.068 / → ヒモ分散。1号艇1着固定で広めのヒモ流し推奨（買い目+2点）', 'tenji_trigger': '展示確認: ヒモ分散レース。1号艇伸び確認後、広めのヒモ流しを採用。穴ヒモ（5・6号艇）を積極的に含める。'}",,,28.9,逃げ狙い,13.53,34.5,3,,,,,,,,,,,
2025-09-28,丸亀,8,3,作間　章,A1,53.85,3,○,13.8199,34.4,61,64,0.1695,3.3333,,,0,低,178,0,差0% ま0% 差ま0% 抜0%,251414,0,63.2,1.2594,0,0.0323,0.0323,0.0968,0.0323,0.1962,0.0886,0.0095,,,A,,,0.2724,0.598,,0.4159,A,74,0,◎-○軸 3着3〜4艇流し（10〜15点）,0.5777,"{'is_target': True, 'verdict': '参加推奨', 'max_combo_prob': 0.0682, 'est_top_odds': 19.5, 'circle_concentration': 61.4, 'eligible_count': 8, 'bet_adj': 2, 'reason': 'rel_win1=62.3%（本命度） / 最有力組み合わせ確率: 0.068（推定実オッズ?20倍） / 2着集中度: 上位2艇 61.4%（補正+0.00） / 総合判定確率: 0.068 / → ヒモ分散。1号艇1着固定で広めのヒモ流し推奨（買い目+2点）', 'tenji_trigger': '展示確認: ヒモ分散レース。1号艇伸び確認後、広めのヒモ流しを採用。穴ヒモ（5・6号艇）を積極的に含める。'}",,,28.9,逃げ狙い,13.53,34.5,3,,,,,,,,,,,
2025-09-28,丸亀,8,4,鈴木　猛,B1,00.00,4,,8.0427,18.7,52,41.7,0.1689,3.6042,,,0,低,166,0,ま0% 差ま0% 抜0%,5 126,0,50.2,0.9138,0,0,0.0732,0.0244,0.0244,0.1133,0.2133,0.0533,,,E,△,◎,0.2909,0.6215,0.2579,0.4159,A,74,0,◎-○軸 3着3〜4艇流し（10〜15点）,0.5777,"{'is_target': True, 'verdict': '参加推奨', 'max_combo_prob': 0.0682, 'est_top_odds': 19.5, 'circle_concentration': 61.4, 'eligible_count': 8, 'bet_adj': 2, 'reason': 'rel_win1=62.3%（本命度） / 最有力組み合わせ確率: 0.068（推定実オッズ?20倍） / 2着集中度: 上位2艇 61.4%（補正+0.00） / 総合判定確率: 0.068 / → ヒモ分散。1号艇1着固定で広めのヒモ流し推奨（買い目+2点）', 'tenji_trigger': '展示確認: ヒモ分散レース。1号艇伸び確認後、広めのヒモ流しを採用。穴ヒモ（5・6号艇）を積極的に含める。'}",,,28.9,逃げ狙い,13.53,34.5,3,,,,,,,,,,,
2025-09-28,丸亀,8,5,中島友和,B1,25.00,5,△,5.1441,12.7,88,34,0.1562,3.0638,,,0,低,78,0,差ま0%,4 223,0,26.2,1.0012,0,0,0,0.0952,0,0.064,0.23,0.123,,,D,,,0.3405,0.61,,0.4159,A,74,0,◎-○軸 3着3〜4艇流し（10〜15点）,0.5777,"{'is_target': True, 'verdict': '参加推奨', 'max_combo_prob': 0.0682, 'est_top_odds': 19.5, 'circle_concentration': 61.4, 'eligible_count': 8, 'bet_adj': 2, 'reason': 'rel_win1=62.3%（本命度） / 最有力組み合わせ確率: 0.068（推定実オッズ?20倍） / 2着集中度: 上位2艇 61.4%（補正+0.00） / 総合判定確率: 0.068 / → ヒモ分散。1号艇1着固定で広めのヒモ流し推奨（買い目+2点）', 'tenji_trigger': '展示確認: ヒモ分散レース。1号艇伸び確認後、広めのヒモ流しを採用。穴ヒモ（5・6号艇）を積極的に含める。'}",,,28.9,逃げ狙い,13.53,34.5,3,,,,,,,,,,,
2025-09-28,丸亀,8,6,北村征嗣,A1,0.00,6,,2.0153,7.2,100,53.7,0.189,4.2805,,,0,低,114,0,-,1 2431,0,41.8,0.8047,,,,,,0.0186,0.1742,0.0825,,,E,○,,0.2522,0.656,,0.4159,A,74,0,◎-○軸 3着3〜4艇流し（10〜15点）,0.5777,"{'is_target': True, 'verdict': '参加推奨', 'max_combo_prob': 0.0682, 'est_top_odds': 19.5, 'circle_concentration': 61.4, 'eligible_count': 8, 'bet_adj': 2, 'reason': 'rel_win1=62.3%（本命度） / 最有力組み合わせ確率: 0.068（推定実オッズ?20倍） / 2着集中度: 上位2艇 61.4%（補正+0.00） / 総合判定確率: 0.068 / → ヒモ分散。1号艇1着固定で広めのヒモ流し推奨（買い目+2点）', 'tenji_trigger': '展示確認: ヒモ分散レース。1号艇伸び確認後、広めのヒモ流しを採用。穴ヒモ（5・6号艇）を積極的に含める。'}",,,28.9,逃げ狙い,13.53,34.5,3,,,,,,,,,,,
2025-09-28,丸亀,9,1,林　美憲,A1,37.50,1,◎,62.8787,,0,87.8,0.1345,2.7378,,,0,低,42,0,逃1%,3 6635,0,88.7,1.1493,0.5429,,,,,0.0343,0.1343,0.1914,◎,,A,◎,,,0.699,,0.5917,S,84,0,◎1着固定 2-3着流し（5〜8点）,0.5777,"{'is_target': True, 'verdict': '点数絞り', 'max_combo_prob': 0.1094, 'est_top_odds': 12.2, 'circle_concentration': 74.9, 'eligible_count': 6, 'bet_adj': 0, 'reason': 'rel_win1=62.9%（本命度） / 最有力組み合わせ確率: 0.109（推定実オッズ?12倍） / 2着集中度: 上位2艇 74.9%（補正+0.04） / 総合判定確率: 0.149 / → ヒモはやや固め。上位2艇以外を切ること', 'tenji_trigger': '展示確認: 1号艇伸び良→そのまま採用。悪→飛び組に差し替え。circle_pct上位2艇に絞り込むこと。\n展示で1号艇スタート超安定(0.135秒)→ヒモ固まり方向に注意'}",,,28.1,逃げ狙い,19.28,27.2,2,,,,,0,0,0.7559,0,,逃げ軸流し,A
2025-09-28,丸亀,9,2,角谷健吾,A2,22.22,2,○,19.3672,56.8,65,80,0.1482,3.15,,,0,低,85,0,差0% ま0%,231 43,0,74.3,1.3376,0,0.3182,0.0455,0,0,0.2214,0.0143,0.1036,,,C,△,,0.24,0.632,,0.5917,S,84,0,◎1着固定 2-3着流し（5〜8点）,0.5777,"{'is_target': True, 'verdict': '点数絞り', 'max_combo_prob': 0.1094, 'est_top_odds': 12.2, 'circle_concentration': 74.9, 'eligible_count': 6, 'bet_adj': 0, 'reason': 'rel_win1=62.9%（本命度） / 最有力組み合わせ確率: 0.109（推定実オッズ?12倍） / 2着集中度: 上位2艇 74.9%（補正+0.04） / 総合判定確率: 0.149 / → ヒモはやや固め。上位2艇以外を切ること', 'tenji_trigger': '展示確認: 1号艇伸び良→そのまま採用。悪→飛び組に差し替え。circle_pct上位2艇に絞り込むこと。\n展示で1号艇スタート超安定(0.135秒)→ヒモ固まり方向に注意'}",,,28.1,逃げ狙い,19.28,27.2,2,,,,,,,,,,,
2025-09-28,丸亀,9,3,越智照浩,B2,12.50,3,,5.8626,9.3,100,26.9,0.1806,3.7596,,,0,低,133,0,-,5 353,0,49.1,1.0894,0,0.0323,0,0,0,0.2,0.35,0.05,,,E,,,0.1095,0.563,,0.5917,S,84,0,◎1着固定 2-3着流し（5〜8点）,0.5777,"{'is_target': True, 'verdict': '点数絞り', 'max_combo_prob': 0.1094, 'est_top_odds': 12.2, 'circle_concentration': 74.9, 'eligible_count': 6, 'bet_adj': 0, 'reason': 'rel_win1=62.9%（本命度） / 最有力組み合わせ確率: 0.109（推定実オッズ?12倍） / 2着集中度: 上位2艇 74.9%（補正+0.04） / 総合判定確率: 0.149 / → ヒモはやや固め。上位2艇以外を切ること', 'tenji_trigger': '展示確認: 1号艇伸び良→そのまま採用。悪→飛び組に差し替え。circle_pct上位2艇に絞り込むこと。\n展示で1号艇スタート超安定(0.135秒)→ヒモ固まり方向に注意'}",,,28.1,逃げ狙い,19.28,27.2,2,,,,,,,,,,,
2025-09-28,丸亀,9,4,馬袋義則,A1,20.00,4,▲,4.4481,18.2,97,52.9,0.1368,2.9779,,,0,低,78,0,ま0%,216346,0,52.1,0.9596,0,0,0.0833,0,0,0.129,0.1771,0.1771,,,D,○,,0.3119,0.656,,0.5917,S,84,0,◎1着固定 2-3着流し（5〜8点）,0.5777,"{'is_target': True, 'verdict': '点数絞り', 'max_combo_prob': 0.1094, 'est_top_odds': 12.2, 'circle_concentration': 74.9, 'eligible_count': 6, 'bet_adj': 0, 'reason': 'rel_win1=62.9%（本命度） / 最有力組み合わせ確率: 0.109（推定実オッズ?12倍） / 2着集中度: 上位2艇 74.9%（補正+0.04） / 総合判定確率: 0.149 / → ヒモはやや固め。上位2艇以外を切ること', 'tenji_trigger': '展示確認: 1号艇伸び良→そのまま採用。悪→飛び組に差し替え。circle_pct上位2艇に絞り込むこと。\n展示で1号艇スタート超安定(0.135秒)→ヒモ固まり方向に注意'}",,,28.1,逃げ狙い,19.28,27.2,2,,,,,,,,,,,
2025-09-28,丸亀,9,5,渡邉英児,B1,12.50,5,,4.6308,13.3,85,43.1,0.1635,3.5392,,,0,低,130,0,-,3 561,0,67.5,1.1998,,,,,,0.1657,0.0667,0.1657,,,E,△,,0.2395,0.6175,,0.5917,S,84,0,◎1着固定 2-3着流し（5〜8点）,0.5777,"{'is_target': True, 'verdict': '点数絞り', 'max_combo_prob': 0.1094, 'est_top_odds': 12.2, 'circle_concentration': 74.9, 'eligible_count': 6, 'bet_adj': 0, 'reason': 'rel_win1=62.9%（本命度） / 最有力組み合わせ確率: 0.109（推定実オッズ?12倍） / 2着集中度: 上位2艇 74.9%（補正+0.04） / 総合判定確率: 0.149 / → ヒモはやや固め。上位2艇以外を切ること', 'tenji_trigger': '展示確認: 1号艇伸び良→そのまま採用。悪→飛び組に差し替え。circle_pct上位2艇に絞り込むこと。\n展示で1号艇スタート超安定(0.135秒)→ヒモ固まり方向に注意'}",,,28.1,逃げ狙い,19.28,27.2,2,,,,,,,,,,,
2025-09-28,丸亀,9,6,飯山晃三,B1,36.36,6,△,2.8126,2.5,44,17.8,0.2327,5.0111,,,0,低,179,0,-,5 662,0,28.9,0.6236,0,0.0556,0,0,0,0.1333,0.019,0.1581,,,B,,,0.1274,0.589,,0.5917,S,84,0,◎1着固定 2-3着流し（5〜8点）,0.5777,"{'is_target': True, 'verdict': '点数絞り', 'max_combo_prob': 0.1094, 'est_top_odds': 12.2, 'circle_concentration': 74.9, 'eligible_count': 6, 'bet_adj': 0, 'reason': 'rel_win1=62.9%（本命度） / 最有力組み合わせ確率: 0.109（推定実オッズ?12倍） / 2着集中度: 上位2艇 74.9%（補正+0.04） / 総合判定確率: 0.149 / → ヒモはやや固め。上位2艇以外を切ること', 'tenji_trigger': '展示確認: 1号艇伸び良→そのまま採用。悪→飛び組に差し替え。circle_pct上位2艇に絞り込むこと。\n展示で1号艇スタート超安定(0.135秒)→ヒモ固まり方向に注意'}",,,28.1,逃げ狙い,19.28,27.2,2,,,,,,,,,,,
2025-09-28,丸亀,10,1,萩原秀人,A1,25.00,1,◎,61.6266,,0,94.1,0.1457,2.7059,,,0,低,49,0,逃1%,42122,0,83.8,1.2094,0.9412,,,,,0,0,0.0588,◎,,D,◎,,,0.6585,,0.7006,S,100,0,◎1着固定 2-3着流し（5〜8点）,0.5777,"{'is_target': True, 'verdict': '参加推奨', 'max_combo_prob': 0.09, 'est_top_odds': 14.8, 'circle_concentration': 64.0, 'eligible_count': 6, 'bet_adj': 2, 'reason': 'rel_win1=61.6%（本命度） / 最有力組み合わせ確率: 0.090（推定実オッズ?15倍） / 2着集中度: 上位2艇 64.0%（補正+0.00） / 総合判定確率: 0.090 / → ヒモ分散。1号艇1着固定で広めのヒモ流し推奨（買い目+2点）', 'tenji_trigger': '展示確認: ヒモ分散レース。1号艇伸び確認後、広めのヒモ流しを採用。穴ヒモ（5・6号艇）を積極的に含める。'}",,,26.6,逃げ狙い,21.23,21.4,2,,,,,0,0,0.7559,0,,逃げ軸流し,A
2025-09-28,丸亀,10,2,鈴木　博,A1,16.67,2,,11.923,43,90,72.6,0.174,3.7823,,,0,低,120,0,-,1 1434,0,57.4,0.8453,0,0,0.04,0,0,0.05,0.11,0.02,,,E,○,,0.0541,0.6475,,0.7006,S,100,0,◎1着固定 2-3着流し（5〜8点）,0.5777,"{'is_target': True, 'verdict': '参加推奨', 'max_combo_prob': 0.09, 'est_top_odds': 14.8, 'circle_concentration': 64.0, 'eligible_count': 6, 'bet_adj': 2, 'reason': 'rel_win1=61.6%（本命度） / 最有力組み合わせ確率: 0.090（推定実オッズ?15倍） / 2着集中度: 上位2艇 64.0%（補正+0.00） / 総合判定確率: 0.090 / → ヒモ分散。1号艇1着固定で広めのヒモ流し推奨（買い目+2点）', 'tenji_trigger': '展示確認: ヒモ分散レース。1号艇伸び確認後、広めのヒモ流しを採用。穴ヒモ（5・6号艇）を積極的に含める。'}",,,26.6,逃げ狙い,21.23,21.4,2,,,,,,,,,,,
2025-09-28,丸亀,10,3,松尾宣邦,B1,0.00,3,,7.1317,15.2,63,40,0.1724,3.78,,,0,低,128,0,差0% ま0% 差ま0% 抜0%,4 363,0,23.2,0.7662,0,0.0476,0.0476,0.0476,0.0476,0.0167,0.3167,0,,,E,,,0.1594,0.5955,,0.7006,S,100,0,◎1着固定 2-3着流し（5〜8点）,0.5777,"{'is_target': True, 'verdict': '参加推奨', 'max_combo_prob': 0.09, 'est_top_odds': 14.8, 'circle_concentration': 64.0, 'eligible_count': 6, 'bet_adj': 2, 'reason': 'rel_win1=61.6%（本命度） / 最有力組み合わせ確率: 0.090（推定実オッズ?15倍） / 2着集中度: 上位2艇 64.0%（補正+0.00） / 総合判定確率: 0.090 / → ヒモ分散。1号艇1着固定で広めのヒモ流し推奨（買い目+2点）', 'tenji_trigger': '展示確認: ヒモ分散レース。1号艇伸び確認後、広めのヒモ流しを採用。穴ヒモ（5・6号艇）を積極的に含める。'}",,,26.6,逃げ狙い,21.23,21.4,2,,,,,,,,,,,
2025-09-28,丸亀,10,4,樋口　亮,A2,45.45,4,○,10.3366,20.5,100,58,0.1742,3.44,,,0,低,133,0,ま0% 差ま0%,2 135,0,59.5,1.2506,0,0,0.1111,0.0556,0,0.2161,0.0805,0.0276,,,A,△,◎,0.197,0.601,0.289,0.7006,S,100,0,◎1着固定 2-3着流し（5〜8点）,0.5777,"{'is_target': True, 'verdict': '参加推奨', 'max_combo_prob': 0.09, 'est_top_odds': 14.8, 'circle_concentration': 64.0, 'eligible_count': 6, 'bet_adj': 2, 'reason': 'rel_win1=61.6%（本命度） / 最有力組み合わせ確率: 0.090（推定実オッズ?15倍） / 2着集中度: 上位2艇 64.0%（補正+0.00） / 総合判定確率: 0.090 / → ヒモ分散。1号艇1着固定で広めのヒモ流し推奨（買い目+2点）', 'tenji_trigger': '展示確認: ヒモ分散レース。1号艇伸び確認後、広めのヒモ流しを採用。穴ヒモ（5・6号艇）を積極的に含める。'}",,,26.6,逃げ狙い,21.23,21.4,2,,,,,,,,,,,
2025-09-28,丸亀,10,5,山本隆幸,A1,44.44,5,△,8.0246,21.1,89,66.7,0.1815,3.5208,,,0,低,130,0,差ま0%,446125,0,97.5,1.8864,0,0,0,0.05,0,0,0.0645,0.2258,,,A,△,○,0.1692,0.631,0.267,0.7006,S,100,0,◎1着固定 2-3着流し（5〜8点）,0.5777,"{'is_target': True, 'verdict': '参加推奨', 'max_combo_prob': 0.09, 'est_top_odds': 14.8, 'circle_concentration': 64.0, 'eligible_count': 6, 'bet_adj': 2, 'reason': 'rel_win1=61.6%（本命度） / 最有力組み合わせ確率: 0.090（推定実オッズ?15倍） / 2着集中度: 上位2艇 64.0%（補正+0.00） / 総合判定確率: 0.090 / → ヒモ分散。1号艇1着固定で広めのヒモ流し推奨（買い目+2点）', 'tenji_trigger': '展示確認: ヒモ分散レース。1号艇伸び確認後、広めのヒモ流しを採用。穴ヒモ（5・6号艇）を積極的に含める。'}",,,26.6,逃げ狙い,21.23,21.4,2,,,,,,,,,,,
2025-09-28,丸亀,10,6,塩田雄一,B1,33.33,6,▲,0.9576,0.3,42,10.9,0.164,3.8727,,,0,低,147,0,-,6 653,0,29.7,1.2908,,,,,,0.4143,0.0952,0.2071,,,C,,,0.2552,0.5565,,0.7006,S,100,0,◎1着固定 2-3着流し（5〜8点）,0.5777,"{'is_target': True, 'verdict': '参加推奨', 'max_combo_prob': 0.09, 'est_top_odds': 14.8, 'circle_concentration': 64.0, 'eligible_count': 6, 'bet_adj': 2, 'reason': 'rel_win1=61.6%（本命度） / 最有力組み合わせ確率: 0.090（推定実オッズ?15倍） / 2着集中度: 上位2艇 64.0%（補正+0.00） / 総合判定確率: 0.090 / → ヒモ分散。1号艇1着固定で広めのヒモ流し推奨（買い目+2点）', 'tenji_trigger': '展示確認: ヒモ分散レース。1号艇伸び確認後、広めのヒモ流しを採用。穴ヒモ（5・6号艇）を積極的に含める。'}",,,26.6,逃げ狙い,21.23,21.4,2,,,,,,,,,,,
2025-09-28,丸亀,11,1,井口佳典,A1,63.64,1,◎,61.0986,,0,85.2,0.1759,3.7593,,,0,低,31,0,逃1%,14211,0,83,1.1156,0.6667,,,,,0,0.1667,0.1667,○,,A,,,,0.6355,,0.3632,S,87,0,◎1着固定 2-3着流し（5〜8点）,0.5777,"{'is_target': True, 'verdict': '参加推奨', 'max_combo_prob': 0.072, 'est_top_odds': 18.5, 'circle_concentration': 65.5, 'eligible_count': 6, 'bet_adj': 2, 'reason': 'rel_win1=61.1%（本命度） / 最有力組み合わせ確率: 0.072（推定実オッズ?18倍） / 2着集中度: 上位2艇 65.5%（補正+0.00） / 総合判定確率: 0.072 / → ヒモ分散。1号艇1着固定で広めのヒモ流し推奨（買い目+2点）', 'tenji_trigger': '展示確認: ヒモ分散レース。1号艇伸び確認後、広めのヒモ流しを採用。穴ヒモ（5・6号艇）を積極的に含める。'}",,,30.2,逃げ狙い,25.88,27.7,3,,,,,0,0,0.6155,0,,逃げ軸流し,A
2025-09-28,丸亀,11,2,田中信一,A1,33.33,2,,11.1115,39.9,100,68.2,0.1514,3.2727,,,0,低,73,0,差0% ま0%,216 44,0,45.9,1.0834,0,0.0435,0.1304,0,0,0.1729,0.0979,0.0343,,◎,D,○,,0.565,0.6585,,0.3632,S,87,0,◎1着固定 2-3着流し（5〜8点）,0.5777,"{'is_target': True, 'verdict': '参加推奨', 'max_combo_prob': 0.072, 'est_top_odds': 18.5, 'circle_concentration': 65.5, 'eligible_count': 6, 'bet_adj': 2, 'reason': 'rel_win1=61.1%（本命度） / 最有力組み合わせ確率: 0.072（推定実オッズ?18倍） / 2着集中度: 上位2艇 65.5%（補正+0.00） / 総合判定確率: 0.072 / → ヒモ分散。1号艇1着固定で広めのヒモ流し推奨（買い目+2点）', 'tenji_trigger': '展示確認: ヒモ分散レース。1号艇伸び確認後、広めのヒモ流しを採用。穴ヒモ（5・6号艇）を積極的に含める。'}",,,30.2,逃げ狙い,25.88,27.7,3,,,,,,,,,,,
2025-09-28,丸亀,11,3,原田幸哉,A1,30.00,3,○,19.086,24.3,79,81,0.101,1.9048,,,0,低,11,0,差0% ま0% 差ま0% 抜0%,214 11,0,86.9,1.6496,0,0.1,0.2,0.1,0.2,0.0833,0.1667,0,,○,E,◎,,0.5032,0.6755,,0.3632,S,87,0,◎1着固定 2-3着流し（5〜8点）,0.5777,"{'is_target': True, 'verdict': '参加推奨', 'max_combo_prob': 0.072, 'est_top_odds': 18.5, 'circle_concentration': 65.5, 'eligible_count': 6, 'bet_adj': 2, 'reason': 'rel_win1=61.1%（本命度） / 最有力組み合わせ確率: 0.072（推定実オッズ?18倍） / 2着集中度: 上位2艇 65.5%（補正+0.00） / 総合判定確率: 0.072 / → ヒモ分散。1号艇1着固定で広めのヒモ流し推奨（買い目+2点）', 'tenji_trigger': '展示確認: ヒモ分散レース。1号艇伸び確認後、広めのヒモ流しを採用。穴ヒモ（5・6号艇）を積極的に含める。'}",,,30.2,逃げ狙い,25.88,27.7,3,,,,,,,,,,,
2025-09-28,丸亀,11,4,石田政吾,A2,44.44,4,▲,4.87,25.6,87,58.8,0.1598,3.3529,,,0,低,126,0,-,2 3363,0,41.1,1.0077,,,,,,0.0615,0.2123,0.1662,,,C,△,,0.3705,0.6375,,0.3632,S,87,0,◎1着固定 2-3着流し（5〜8点）,0.5777,"{'is_target': True, 'verdict': '参加推奨', 'max_combo_prob': 0.072, 'est_top_odds': 18.5, 'circle_concentration': 65.5, 'eligible_count': 6, 'bet_adj': 2, 'reason': 'rel_win1=61.1%（本命度） / 最有力組み合わせ確率: 0.072（推定実オッズ?18倍） / 2着集中度: 上位2艇 65.5%（補正+0.00） / 総合判定確率: 0.072 / → ヒモ分散。1号艇1着固定で広めのヒモ流し推奨（買い目+2点）', 'tenji_trigger': '展示確認: ヒモ分散レース。1号艇伸び確認後、広めのヒモ流しを採用。穴ヒモ（5・6号艇）を積極的に含める。'}",,,30.2,逃げ狙い,25.88,27.7,3,,,,,,,,,,,
2025-09-28,丸亀,11,5,岡瀬正人,A2,50.00,5,△,2.9111,9.8,88,44.7,0.1809,4.4737,,,0,低,176,0,-,652 16,0,61,1.2081,,,,,,0.0955,0.1727,0.0545,,,B,△,,0.2941,0.6505,,0.3632,S,87,0,◎1着固定 2-3着流し（5〜8点）,0.5777,"{'is_target': True, 'verdict': '参加推奨', 'max_combo_prob': 0.072, 'est_top_odds': 18.5, 'circle_concentration': 65.5, 'eligible_count': 6, 'bet_adj': 2, 'reason': 'rel_win1=61.1%（本命度） / 最有力組み合わせ確率: 0.072（推定実オッズ?18倍） / 2着集中度: 上位2艇 65.5%（補正+0.00） / 総合判定確率: 0.072 / → ヒモ分散。1号艇1着固定で広めのヒモ流し推奨（買い目+2点）', 'tenji_trigger': '展示確認: ヒモ分散レース。1号艇伸び確認後、広めのヒモ流しを採用。穴ヒモ（5・6号艇）を積極的に含める。'}",,,30.2,逃げ狙い,25.88,27.7,3,,,,,,,,,,,
2025-09-28,丸亀,11,6,岩崎正哉,A2,36.36,6,,0.9228,0.4,44,24.1,0.2103,4.9052,,,0,低,192,0,-,15552,0,29.9,1.0458,,,,,,0.0387,0.0387,0.0387,,,D,,,0.2006,0.6185,,0.3632,S,87,0,◎1着固定 2-3着流し（5〜8点）,0.5777,"{'is_target': True, 'verdict': '参加推奨', 'max_combo_prob': 0.072, 'est_top_odds': 18.5, 'circle_concentration': 65.5, 'eligible_count': 6, 'bet_adj': 2, 'reason': 'rel_win1=61.1%（本命度） / 最有力組み合わせ確率: 0.072（推定実オッズ?18倍） / 2着集中度: 上位2艇 65.5%（補正+0.00） / 総合判定確率: 0.072 / → ヒモ分散。1号艇1着固定で広めのヒモ流し推奨（買い目+2点）', 'tenji_trigger': '展示確認: ヒモ分散レース。1号艇伸び確認後、広めのヒモ流しを採用。穴ヒモ（5・6号艇）を積極的に含める。'}",,,30.2,逃げ狙い,25.88,27.7,3,,,,,,,,,,,
2025-09-28,丸亀,12,1,田村隆信,A1,0.00,1,◎,53.2063,,0,96.1,0.12,1.9608,,,0,低,42,0,逃1%,563 32,0,59,1.0143,0.8846,,,,,0.1011,0.0154,0.0154,◎,,E,◎,,,0.657,,0.7275,S,81,0,◎1着固定 2-3着流し（5〜8点）,0.5777,"{'is_target': True, 'verdict': '参加推奨', 'max_combo_prob': 0.0667, 'est_top_odds': 20.0, 'circle_concentration': 64.7, 'eligible_count': 6, 'bet_adj': 2, 'reason': 'rel_win1=53.2%（本命度） / 最有力組み合わせ確率: 0.067（推定実オッズ?20倍） / 2着集中度: 上位2艇 64.7%（補正+0.00） / 総合判定確率: 0.067 / → ヒモ分散。1号艇1着固定で広めのヒモ流し推奨（買い目+2点）', 'tenji_trigger': '展示確認: ヒモ分散レース。1号艇伸び確認後、広めのヒモ流しを採用。穴ヒモ（5・6号艇）を積極的に含める。\n展示で1号艇スタート超安定(0.120秒)→ヒモ固まり方向に注意'}",,,31.3,逃げ狙い,34.16,23.7,3,,,,,0,0,0.7559,0,,逃げ軸流し,A
2025-09-28,丸亀,12,2,中岡正彦,A1,42.11,2,▲,8.6962,36,73,63.5,0.1477,2.9231,,,0,低,42,0,差0%,13512,0,32.2,0.9991,0,0.0909,0.1364,0,0,0.1103,0,0.0588,,,A,△,,0.0761,0.649,,0.7275,S,81,0,◎1着固定 2-3着流し（5〜8点）,0.5777,"{'is_target': True, 'verdict': '参加推奨', 'max_combo_prob': 0.0667, 'est_top_odds': 20.0, 'circle_concentration': 64.7, 'eligible_count': 6, 'bet_adj': 2, 'reason': 'rel_win1=53.2%（本命度） / 最有力組み合わせ確率: 0.067（推定実オッズ?20倍） / 2着集中度: 上位2艇 64.7%（補正+0.00） / 総合判定確率: 0.067 / → ヒモ分散。1号艇1着固定で広めのヒモ流し推奨（買い目+2点）', 'tenji_trigger': '展示確認: ヒモ分散レース。1号艇伸び確認後、広めのヒモ流しを採用。穴ヒモ（5・6号艇）を積極的に含める。\n展示で1号艇スタート超安定(0.120秒)→ヒモ固まり方向に注意'}",,,31.3,逃げ狙い,34.16,23.7,3,,,,,,,,,,,
2025-09-28,丸亀,12,3,中辻崇人,A2,14.29,3,△,19.7403,21.8,76,85.7,0.1331,2.5286,,,0,低,42,0,差ま0%,22113,0,59,1.5065,0,0.0769,0.6154,0.1538,0,0.2667,0,0,,◎,D,△,,0.3612,0.6505,,0.7275,S,81,0,◎1着固定 2-3着流し（5〜8点）,0.5777,"{'is_target': True, 'verdict': '参加推奨', 'max_combo_prob': 0.0667, 'est_top_odds': 20.0, 'circle_concentration': 64.7, 'eligible_count': 6, 'bet_adj': 2, 'reason': 'rel_win1=53.2%（本命度） / 最有力組み合わせ確率: 0.067（推定実オッズ?20倍） / 2着集中度: 上位2艇 64.7%（補正+0.00） / 総合判定確率: 0.067 / → ヒモ分散。1号艇1着固定で広めのヒモ流し推奨（買い目+2点）', 'tenji_trigger': '展示確認: ヒモ分散レース。1号艇伸び確認後、広めのヒモ流しを採用。穴ヒモ（5・6号艇）を積極的に含める。\n展示で1号艇スタート超安定(0.120秒)→ヒモ固まり方向に注意'}",,,31.3,逃げ狙い,34.16,23.7,3,,,,,,,,,,,
2025-09-28,丸亀,12,4,北村征嗣,A1,0.00,4,,7.5194,28.7,74,76.7,0.1703,3.8667,,,0,低,114,0,差0% ま0%,1 2431,0,59.4,1.3734,0,0.087,0.0435,0,0,0.0186,0.1742,0.0825,,,E,○,○,0.1019,0.656,0.2852,0.7275,S,81,0,◎1着固定 2-3着流し（5〜8点）,0.5777,"{'is_target': True, 'verdict': '参加推奨', 'max_combo_prob': 0.0667, 'est_top_odds': 20.0, 'circle_concentration': 64.7, 'eligible_count': 6, 'bet_adj': 2, 'reason': 'rel_win1=53.2%（本命度） / 最有力組み合わせ確率: 0.067（推定実オッズ?20倍） / 2着集中度: 上位2艇 64.7%（補正+0.00） / 総合判定確率: 0.067 / → ヒモ分散。1号艇1着固定で広めのヒモ流し推奨（買い目+2点）', 'tenji_trigger': '展示確認: ヒモ分散レース。1号艇伸び確認後、広めのヒモ流しを採用。穴ヒモ（5・6号艇）を積極的に含める。\n展示で1号艇スタート超安定(0.120秒)→ヒモ固まり方向に注意'}",,,31.3,逃げ狙い,34.16,23.7,3,,,,,,,,,,,
2025-09-28,丸亀,12,5,川原正明,A2,28.57,5,,5.7739,10.3,37,35.1,0.1361,2.5877,,,0,低,80,0,-,1 2662,0,72.1,1.5564,0,0,0,0.0476,0,0.1128,0.0154,0.0308,,,C,,◎,0.233,0.633,0.3533,0.7275,S,81,0,◎1着固定 2-3着流し（5〜8点）,0.5777,"{'is_target': True, 'verdict': '参加推奨', 'max_combo_prob': 0.0667, 'est_top_odds': 20.0, 'circle_concentration': 64.7, 'eligible_count': 6, 'bet_adj': 2, 'reason': 'rel_win1=53.2%（本命度） / 最有力組み合わせ確率: 0.067（推定実オッズ?20倍） / 2着集中度: 上位2艇 64.7%（補正+0.00） / 総合判定確率: 0.067 / → ヒモ分散。1号艇1着固定で広めのヒモ流し推奨（買い目+2点）', 'tenji_trigger': '展示確認: ヒモ分散レース。1号艇伸び確認後、広めのヒモ流しを採用。穴ヒモ（5・6号艇）を積極的に含める。\n展示で1号艇スタート超安定(0.120秒)→ヒモ固まり方向に注意'}",,,31.3,逃げ狙い,34.16,23.7,3,,,,,,,,,,,
2025-09-28,丸亀,12,6,金田　諭,A2,44.44,6,○,5.0639,3.2,100,56.9,0.1675,3.6569,,,0,低,124,0,ま0%,62351,0,100,2.255,0,0,0.08,0,0,0.1493,0.0293,0.1883,,,A,,,0.148,0.615,0.216,0.7275,S,81,0,◎1着固定 2-3着流し（5〜8点）,0.5777,"{'is_target': True, 'verdict': '参加推奨', 'max_combo_prob': 0.0667, 'est_top_odds': 20.0, 'circle_concentration': 64.7, 'eligible_count': 6, 'bet_adj': 2, 'reason': 'rel_win1=53.2%（本命度） / 最有力組み合わせ確率: 0.067（推定実オッズ?20倍） / 2着集中度: 上位2艇 64.7%（補正+0.00） / 総合判定確率: 0.067 / → ヒモ分散。1号艇1着固定で広めのヒモ流し推奨（買い目+2点）', 'tenji_trigger': '展示確認: ヒモ分散レース。1号艇伸び確認後、広めのヒモ流しを採用。穴ヒモ（5・6号艇）を積極的に含める。\n展示で1号艇スタート超安定(0.120秒)→ヒモ固まり方向に注意'}",,,31.3,逃げ狙い,34.16,23.7,3,,,,,,,,,,,
2025-09-29,丸亀,1,1,中島友和,B1,25.00,1,◎,56.7171,,0,80.8,0.134,2.2553,,,0,低,78,0,逃0%,4 223,0,67.7,1.0532,0.4,,,,,0.064,0.23,0.123,◎,,C,△,,,0.61,,0.5228,S,81,0,◎1着固定 2-3着流し（5〜8点）,0.5777,"{'is_target': True, 'verdict': '参加推奨', 'max_combo_prob': 0.0501, 'est_top_odds': 26.6, 'circle_concentration': 54.4, 'eligible_count': 6, 'bet_adj': 2, 'reason': 'rel_win1=56.7%（本命度） / 最有力組み合わせ確率: 0.050（推定実オッズ?27倍） / 2着集中度: 上位2艇 54.4%（補正-0.04） / 総合判定確率: 0.010 / → ヒモ分散。1号艇1着固定で広めのヒモ流し推奨（買い目+2点）', 'tenji_trigger': '展示確認: ヒモ分散レース。1号艇伸び確認後、広めのヒモ流しを採用。穴ヒモ（5・6号艇）を積極的に含める。\n展示で1号艇スタート超安定(0.134秒)→ヒモ固まり方向に注意'}",,,27,逃げ狙い,12.36,30.1,4,,,,,0,0,0.7559,0,,逃げ軸流し,A
2025-09-29,丸亀,1,2,角浜　修,B1,30.00,2,○,12.5803,23.5,62,36.5,0.1759,3.9257,,,0,低,134,0,-,464 55,0,97.5,1.9248,0,0.0909,0.0303,0,0,0.0833,0.15,0.15,,,B,△,,0.0778,0.6255,,0.5228,S,81,0,◎1着固定 2-3着流し（5〜8点）,0.5777,"{'is_target': True, 'verdict': '参加推奨', 'max_combo_prob': 0.0501, 'est_top_odds': 26.6, 'circle_concentration': 54.4, 'eligible_count': 6, 'bet_adj': 2, 'reason': 'rel_win1=56.7%（本命度） / 最有力組み合わせ確率: 0.050（推定実オッズ?27倍） / 2着集中度: 上位2艇 54.4%（補正-0.04） / 総合判定確率: 0.010 / → ヒモ分散。1号艇1着固定で広めのヒモ流し推奨（買い目+2点）', 'tenji_trigger': '展示確認: ヒモ分散レース。1号艇伸び確認後、広めのヒモ流しを採用。穴ヒモ（5・6号艇）を積極的に含める。\n展示で1号艇スタート超安定(0.134秒)→ヒモ固まり方向に注意'}",,,27,逃げ狙い,12.36,30.1,4,,,,,,,,,,,
2025-09-29,丸亀,1,3,久富政弘,B1,28.57,3,▲,9.6011,31,100,50,0.174,3.7177,,,0,低,199,0,ま0%,255 26,0,28.1,0.9554,0,0,0.1071,0,0,0.2308,0.1538,0.0769,,,C,,,0.15,0.593,,0.5228,S,81,0,◎1着固定 2-3着流し（5〜8点）,0.5777,"{'is_target': True, 'verdict': '参加推奨', 'max_combo_prob': 0.0501, 'est_top_odds': 26.6, 'circle_concentration': 54.4, 'eligible_count': 6, 'bet_adj': 2, 'reason': 'rel_win1=56.7%（本命度） / 最有力組み合わせ確率: 0.050（推定実オッズ?27倍） / 2着集中度: 上位2艇 54.4%（補正-0.04） / 総合判定確率: 0.010 / → ヒモ分散。1号艇1着固定で広めのヒモ流し推奨（買い目+2点）', 'tenji_trigger': '展示確認: ヒモ分散レース。1号艇伸び確認後、広めのヒモ流しを採用。穴ヒモ（5・6号艇）を積極的に含める。\n展示で1号艇スタート超安定(0.134秒)→ヒモ固まり方向に注意'}",,,27,逃げ狙い,12.36,30.1,4,,,,,,,,,,,
2025-09-29,丸亀,1,4,宮嵜隆太,B1,10.00,4,,15.7426,21,71,42,0.1226,2.4565,,,0,低,56,0,ま0% 差ま0%,663 44,0,55.6,1.2372,0,0,0.0769,0.0769,0,0.2833,0.3667,0.0222,,,E,○,◎,0.3794,0.654,0.4225,0.5228,S,81,0,◎1着固定 2-3着流し（5〜8点）,0.5777,"{'is_target': True, 'verdict': '参加推奨', 'max_combo_prob': 0.0501, 'est_top_odds': 26.6, 'circle_concentration': 54.4, 'eligible_count': 6, 'bet_adj': 2, 'reason': 'rel_win1=56.7%（本命度） / 最有力組み合わせ確率: 0.050（推定実オッズ?27倍） / 2着集中度: 上位2艇 54.4%（補正-0.04） / 総合判定確率: 0.010 / → ヒモ分散。1号艇1着固定で広めのヒモ流し推奨（買い目+2点）', 'tenji_trigger': '展示確認: ヒモ分散レース。1号艇伸び確認後、広めのヒモ流しを採用。穴ヒモ（5・6号艇）を積極的に含める。\n展示で1号艇スタート超安定(0.134秒)→ヒモ固まり方向に注意'}",,,27,逃げ狙い,12.36,30.1,4,,,,,,,,,,,
2025-09-29,丸亀,1,5,越智照浩,B2,12.50,5,,4.0127,19.6,60,19.6,0.1931,4.1176,,,0,低,133,0,-,5 353,0,65.9,1.4529,0,0.0357,0,0,0,0.2,0.35,0.05,,,E,,,0.1387,0.563,,0.5228,S,81,0,◎1着固定 2-3着流し（5〜8点）,0.5777,"{'is_target': True, 'verdict': '参加推奨', 'max_combo_prob': 0.0501, 'est_top_odds': 26.6, 'circle_concentration': 54.4, 'eligible_count': 6, 'bet_adj': 2, 'reason': 'rel_win1=56.7%（本命度） / 最有力組み合わせ確率: 0.050（推定実オッズ?27倍） / 2着集中度: 上位2艇 54.4%（補正-0.04） / 総合判定確率: 0.010 / → ヒモ分散。1号艇1着固定で広めのヒモ流し推奨（買い目+2点）', 'tenji_trigger': '展示確認: ヒモ分散レース。1号艇伸び確認後、広めのヒモ流しを採用。穴ヒモ（5・6号艇）を積極的に含める。\n展示で1号艇スタート超安定(0.134秒)→ヒモ固まり方向に注意'}",,,27,逃げ狙い,12.36,30.1,4,,,,,,,,,,,
2025-09-29,丸亀,1,6,山一鉄也,B2,44.44,6,△,1.346,5,56,17.9,0.1885,4.1282,,,0,低,103,0,-,642 16,0,28.5,0.8311,,,,,,0.0129,0.131,0.0978,,,A,◎,,0.1751,0.668,,0.5228,S,81,0,◎1着固定 2-3着流し（5〜8点）,0.5777,"{'is_target': True, 'verdict': '参加推奨', 'max_combo_prob': 0.0501, 'est_top_odds': 26.6, 'circle_concentration': 54.4, 'eligible_count': 6, 'bet_adj': 2, 'reason': 'rel_win1=56.7%（本命度） / 最有力組み合わせ確率: 0.050（推定実オッズ?27倍） / 2着集中度: 上位2艇 54.4%（補正-0.04） / 総合判定確率: 0.010 / → ヒモ分散。1号艇1着固定で広めのヒモ流し推奨（買い目+2点）', 'tenji_trigger': '展示確認: ヒモ分散レース。1号艇伸び確認後、広めのヒモ流しを採用。穴ヒモ（5・6号艇）を積極的に含める。\n展示で1号艇スタート超安定(0.134秒)→ヒモ固まり方向に注意'}",,,27,逃げ狙い,12.36,30.1,4,,,,,,,,,,,
2025-09-29,丸亀,2,1,松尾宣邦,B1,0.00,1,◎,38.771,,0,77.8,0.1667,3.4111,,,0,低,128,0,逃1%,4 363,0,63.6,0.9528,0.5833,,,,,0.0167,0.3167,0,○,,E,,,,0.5955,,0.3565,D,34,1,大荒れ。見送り推奨,0.5777,"{'is_target': False, 'verdict': '対象外', 'max_combo_prob': None, 'est_top_odds': None, 'circle_concentration': None, 'eligible_count': 0, 'bet_adj': 0, 'reason': '1号艇rel_win1 < 45%: 通常判定に委ねる', 'tenji_trigger': ''}",,,32.7,両建て推奨,30.38,31,2,,,,,0,0,0.6155,0,,逃げ軸流し,A
2025-09-29,丸亀,2,2,川原正明,A2,28.57,2,△,18.1661,43.9,56,75,0.125,2.4554,,,0,低,80,0,-,1 2662,0,46.2,0.7386,0,0,0.24,0,0,0.1128,0.0154,0.0308,,◎,C,○,,0.5871,0.633,,0.3565,D,34,1,大荒れ。見送り推奨,0.5777,"{'is_target': False, 'verdict': '対象外', 'max_combo_prob': None, 'est_top_odds': None, 'circle_concentration': None, 'eligible_count': 0, 'bet_adj': 0, 'reason': '1号艇rel_win1 < 45%: 通常判定に委ねる', 'tenji_trigger': ''}",,,32.7,両建て推奨,30.38,31,2,,,,,,,,,,,
2025-09-29,丸亀,2,3,田中信一,A1,33.33,3,○,24.0208,30.9,100,86.4,0.138,2.9205,,,0,低,73,0,ま0% 差ま0% 抜0%,216 44,0,92,1.8456,0,0,0.1667,0.0556,0.0556,0.1729,0.0979,0.0343,,○,B,◎,,0.4564,0.6585,,0.3565,D,34,1,大荒れ。見送り推奨,0.5777,"{'is_target': False, 'verdict': '対象外', 'max_combo_prob': None, 'est_top_odds': None, 'circle_concentration': None, 'eligible_count': 0, 'bet_adj': 0, 'reason': '1号艇rel_win1 < 45%: 通常判定に委ねる', 'tenji_trigger': ''}",,,32.7,両建て推奨,30.38,31,2,,,,,,,,,,,
2025-09-29,丸亀,2,4,樋口　亮,A2,45.45,4,▲,12.4668,16.2,79,58,0.1742,3.44,,,0,低,133,0,ま0% 差ま0%,2 135,0,67,1.2947,0,0,0.1111,0.0556,0,0.2161,0.0805,0.0276,,,A,△,◎,0.2755,0.601,0.3245,0.3565,D,34,1,大荒れ。見送り推奨,0.5777,"{'is_target': False, 'verdict': '対象外', 'max_combo_prob': None, 'est_top_odds': None, 'circle_concentration': None, 'eligible_count': 0, 'bet_adj': 0, 'reason': '1号艇rel_win1 < 45%: 通常判定に委ねる', 'tenji_trigger': ''}",,,32.7,両建て推奨,30.38,31,2,,,,,,,,,,,
2025-09-29,丸亀,2,5,滝沢芳行,B1,10.00,5,,4.6172,8.4,43,34.5,0.1487,2.7909,,,0,低,85,0,ま0%,565 15,0,28.9,0.9452,0,0,0.0909,0,0,0.18,0.18,0.064,,,E,△,,0.3579,0.628,,0.3565,D,34,1,大荒れ。見送り推奨,0.5777,"{'is_target': False, 'verdict': '対象外', 'max_combo_prob': None, 'est_top_odds': None, 'circle_concentration': None, 'eligible_count': 0, 'bet_adj': 0, 'reason': '1号艇rel_win1 < 45%: 通常判定に委ねる', 'tenji_trigger': ''}",,,32.7,両建て推奨,30.38,31,2,,,,,,,,,,,
2025-09-29,丸亀,2,6,宮地博士,B1,37.50,6,,1.958,0.6,38,14.6,0.2181,4.7188,,,0,低,189,0,-,434 44,0,26.6,0.7622,,,,,,0.0952,0.0762,0.1771,,,B,,,0.1477,0.5195,,0.3565,D,34,1,大荒れ。見送り推奨,0.5777,"{'is_target': False, 'verdict': '対象外', 'max_combo_prob': None, 'est_top_odds': None, 'circle_concentration': None, 'eligible_count': 0, 'bet_adj': 0, 'reason': '1号艇rel_win1 < 45%: 通常判定に委ねる', 'tenji_trigger': ''}",,,32.7,両建て推奨,30.38,31,2,,,,,,,,,,,
2025-09-29,丸亀,3,1,金田　諭,A2,44.44,1,◎,63.3138,,0,97.5,0.1364,2.5432,,,0,低,124,0,逃1%,62351,0,86.9,1.251,0.6829,,,,,0.1493,0.0293,0.1883,◎,,C,,,,0.615,,0.6582,S,86,0,◎1着固定 2-3着流し（5〜8点）,0.5777,"{'is_target': True, 'verdict': '参加推奨', 'max_combo_prob': 0.1003, 'est_top_odds': 13.3, 'circle_concentration': 63.2, 'eligible_count': 6, 'bet_adj': 2, 'reason': 'rel_win1=63.3%（本命度） / 最有力組み合わせ確率: 0.100（推定実オッズ?13倍） / 2着集中度: 上位2艇 63.2%（補正+0.00） / 総合判定確率: 0.100 / → ヒモ分散。1号艇1着固定で広めのヒモ流し推奨（買い目+2点）', 'tenji_trigger': '展示確認: ヒモ分散レース。1号艇伸び確認後、広めのヒモ流しを採用。穴ヒモ（5・6号艇）を積極的に含める。\n展示で1号艇スタート超安定(0.136秒)→ヒモ固まり方向に注意'}",,,25.6,逃げ狙い,9.31,28.8,6,,,,,0,0,0.7559,0,,逃げ軸流し,A
2025-09-29,丸亀,3,2,飯山晃三,B1,36.36,2,,10.4089,16.8,100,36.9,0.1838,4.2077,,,0,低,179,0,-,5 662,0,11.7,0.3816,0,0.0345,0.0345,0,0,0.1333,0.019,0.1581,,,D,,,0.079,0.589,,0.6582,S,86,0,◎1着固定 2-3着流し（5〜8点）,0.5777,"{'is_target': True, 'verdict': '参加推奨', 'max_combo_prob': 0.1003, 'est_top_odds': 13.3, 'circle_concentration': 63.2, 'eligible_count': 6, 'bet_adj': 2, 'reason': 'rel_win1=63.3%（本命度） / 最有力組み合わせ確率: 0.100（推定実オッズ?13倍） / 2着集中度: 上位2艇 63.2%（補正+0.00） / 総合判定確率: 0.100 / → ヒモ分散。1号艇1着固定で広めのヒモ流し推奨（買い目+2点）', 'tenji_trigger': '展示確認: ヒモ分散レース。1号艇伸び確認後、広めのヒモ流しを採用。穴ヒモ（5・6号艇）を積極的に含める。\n展示で1号艇スタート超安定(0.136秒)→ヒモ固まり方向に注意'}",,,25.6,逃げ狙い,9.31,28.8,6,,,,,,,,,,,
2025-09-29,丸亀,3,3,鋤柄貴俊,B1,20.00,3,,9.9442,21.7,78,39.7,0.1463,2.9295,,,0,低,111,0,差0% ま0% 差ま0%,3 235,0,40.1,0.841,0,0.0323,0.0323,0.0323,0,0.1659,0.3523,0.2227,,,E,△,,0.2485,0.6265,,0.6582,S,86,0,◎1着固定 2-3着流し（5〜8点）,0.5777,"{'is_target': True, 'verdict': '参加推奨', 'max_combo_prob': 0.1003, 'est_top_odds': 13.3, 'circle_concentration': 63.2, 'eligible_count': 6, 'bet_adj': 2, 'reason': 'rel_win1=63.3%（本命度） / 最有力組み合わせ確率: 0.100（推定実オッズ?13倍） / 2着集中度: 上位2艇 63.2%（補正+0.00） / 総合判定確率: 0.100 / → ヒモ分散。1号艇1着固定で広めのヒモ流し推奨（買い目+2点）', 'tenji_trigger': '展示確認: ヒモ分散レース。1号艇伸び確認後、広めのヒモ流しを採用。穴ヒモ（5・6号艇）を積極的に含める。\n展示で1号艇スタート超安定(0.136秒)→ヒモ固まり方向に注意'}",,,25.6,逃げ狙い,9.31,28.8,6,,,,,,,,,,,
2025-09-29,丸亀,3,4,岡瀬正人,A2,50.00,4,▲,7.67,41.5,75,53.6,0.1865,4.4928,,,0,低,176,0,差ま0% 抜0%,652 16,0,50.8,1.0704,0,0,0,0.0333,0.0333,0.0955,0.1727,0.0545,,,B,○,,0.1114,0.6505,,0.6582,S,86,0,◎1着固定 2-3着流し（5〜8点）,0.5777,"{'is_target': True, 'verdict': '参加推奨', 'max_combo_prob': 0.1003, 'est_top_odds': 13.3, 'circle_concentration': 63.2, 'eligible_count': 6, 'bet_adj': 2, 'reason': 'rel_win1=63.3%（本命度） / 最有力組み合わせ確率: 0.100（推定実オッズ?13倍） / 2着集中度: 上位2艇 63.2%（補正+0.00） / 総合判定確率: 0.100 / → ヒモ分散。1号艇1着固定で広めのヒモ流し推奨（買い目+2点）', 'tenji_trigger': '展示確認: ヒモ分散レース。1号艇伸び確認後、広めのヒモ流しを採用。穴ヒモ（5・6号艇）を積極的に含める。\n展示で1号艇スタート超安定(0.136秒)→ヒモ固まり方向に注意'}",,,25.6,逃げ狙い,9.31,28.8,6,,,,,,,,,,,
2025-09-29,丸亀,3,5,今坂晃広,B1,44.44,5,△,4.8147,14.7,37,22.8,0.1804,3.9474,,,0,低,154,0,ま0%,162 56,0,37.8,0.7645,0,0,0.0385,0,0,0.0462,0.1969,0.0462,,,C,◎,,0.151,0.681,,0.6582,S,86,0,◎1着固定 2-3着流し（5〜8点）,0.5777,"{'is_target': True, 'verdict': '参加推奨', 'max_combo_prob': 0.1003, 'est_top_odds': 13.3, 'circle_concentration': 63.2, 'eligible_count': 6, 'bet_adj': 2, 'reason': 'rel_win1=63.3%（本命度） / 最有力組み合わせ確率: 0.100（推定実オッズ?13倍） / 2着集中度: 上位2艇 63.2%（補正+0.00） / 総合判定確率: 0.100 / → ヒモ分散。1号艇1着固定で広めのヒモ流し推奨（買い目+2点）', 'tenji_trigger': '展示確認: ヒモ分散レース。1号艇伸び確認後、広めのヒモ流しを採用。穴ヒモ（5・6号艇）を積極的に含める。\n展示で1号艇スタート超安定(0.136秒)→ヒモ固まり方向に注意'}",,,25.6,逃げ狙い,9.31,28.8,6,,,,,,,,,,,
2025-09-29,丸亀,3,6,井口佳典,A1,63.64,6,○,3.8484,5.3,47,63.6,0.1564,4.0455,,,0,低,31,1,差ま0%,14211,0,100,2.4136,0,0,0,0.0303,0,0,0.1667,0.1667,,,A,△,,0.222,0.6355,,0.6582,S,86,0,◎1着固定 2-3着流し（5〜8点）,0.5777,"{'is_target': True, 'verdict': '参加推奨', 'max_combo_prob': 0.1003, 'est_top_odds': 13.3, 'circle_concentration': 63.2, 'eligible_count': 6, 'bet_adj': 2, 'reason': 'rel_win1=63.3%（本命度） / 最有力組み合わせ確率: 0.100（推定実オッズ?13倍） / 2着集中度: 上位2艇 63.2%（補正+0.00） / 総合判定確率: 0.100 / → ヒモ分散。1号艇1着固定で広めのヒモ流し推奨（買い目+2点）', 'tenji_trigger': '展示確認: ヒモ分散レース。1号艇伸び確認後、広めのヒモ流しを採用。穴ヒモ（5・6号艇）を積極的に含める。\n展示で1号艇スタート超安定(0.136秒)→ヒモ固まり方向に注意'}",,,25.6,逃げ狙い,9.31,28.8,6,,,,,,,,,,,
2025-09-29,丸亀,4,1,馬袋義則,A1,20.00,1,◎,49.6173,,0,85.7,0.1376,2.6224,,,0,低,78,0,逃1%,216346,0,71.7,1.0763,0.5306,,,,,0.129,0.1771,0.1771,◎,,E,○,,,0.656,,0.621,A,73,0,◎-○軸 3着3〜4艇流し（10〜15点）,0.5777,"{'is_target': True, 'verdict': '点数絞り', 'max_combo_prob': 0.083, 'est_top_odds': 16.1, 'circle_concentration': 78.7, 'eligible_count': 8, 'bet_adj': 0, 'reason': 'rel_win1=49.6%（本命度） / 最有力組み合わせ確率: 0.083（推定実オッズ?16倍） / 2着集中度: 上位2艇 78.7%（補正+0.04） / 総合判定確率: 0.123 / → ヒモはやや固め。上位2艇以外を切ること', 'tenji_trigger': '展示確認: 1号艇伸び良→そのまま採用。悪→飛び組に差し替え。circle_pct上位2艇に絞り込むこと。\n展示で1号艇スタート超安定(0.138秒)→ヒモ固まり方向に注意'}",,,28.9,逃げ狙い,17.21,31.4,4,,,,,0,0,0.7559,0,,逃げ軸流し,A
2025-09-29,丸亀,4,2,村越　篤,B1,50.00,2,▲,15.8131,52.5,84,68.7,0.1593,3.2836,,,0,低,142,0,差0%,351 22,0,80.4,1.61,0,0.1875,0,0,0,0.2516,0.0129,0.0774,,,A,◎,,0.1463,0.667,,0.621,A,73,0,◎-○軸 3着3〜4艇流し（10〜15点）,0.5777,"{'is_target': True, 'verdict': '点数絞り', 'max_combo_prob': 0.083, 'est_top_odds': 16.1, 'circle_concentration': 78.7, 'eligible_count': 8, 'bet_adj': 0, 'reason': 'rel_win1=49.6%（本命度） / 最有力組み合わせ確率: 0.083（推定実オッズ?16倍） / 2着集中度: 上位2艇 78.7%（補正+0.04） / 総合判定確率: 0.123 / → ヒモはやや固め。上位2艇以外を切ること', 'tenji_trigger': '展示確認: 1号艇伸び良→そのまま採用。悪→飛び組に差し替え。circle_pct上位2艇に絞り込むこと。\n展示で1号艇スタート超安定(0.138秒)→ヒモ固まり方向に注意'}",,,28.9,逃げ狙い,17.21,31.4,4,,,,,,,,,,,
2025-09-29,丸亀,4,3,菅沼佳昭,B1,46.15,3,△,10.1376,11.6,60,33.8,0.1791,3.5844,,,0,低,189,0,ま0% 差ま0%,535 46,0,75.4,0.7633,0,0,0.0312,0.0625,0,0.0667,0.3111,0.0444,,,B,△,,0.1342,0.6165,,0.621,A,73,0,◎-○軸 3着3〜4艇流し（10〜15点）,0.5777,"{'is_target': True, 'verdict': '点数絞り', 'max_combo_prob': 0.083, 'est_top_odds': 16.1, 'circle_concentration': 78.7, 'eligible_count': 8, 'bet_adj': 0, 'reason': 'rel_win1=49.6%（本命度） / 最有力組み合わせ確率: 0.083（推定実オッズ?16倍） / 2着集中度: 上位2艇 78.7%（補正+0.04） / 総合判定確率: 0.123 / → ヒモはやや固め。上位2艇以外を切ること', 'tenji_trigger': '展示確認: 1号艇伸び良→そのまま採用。悪→飛び組に差し替え。circle_pct上位2艇に絞り込むこと。\n展示で1号艇スタート超安定(0.138秒)→ヒモ固まり方向に注意'}",,,28.9,逃げ狙い,17.21,31.4,4,,,,,,,,,,,
2025-09-29,丸亀,4,4,作間　章,A1,53.85,4,○,19.7864,26.2,98,80.3,0.152,3.3788,,,0,低,178,0,差0% ま0% 差ま0% 抜0%,251414,0,98.3,1.9149,0,0.0714,0.0714,0.1071,0.0714,0.1962,0.0886,0.0095,,,A,,◎,0.2771,0.598,0.5157,0.621,A,73,0,◎-○軸 3着3〜4艇流し（10〜15点）,0.5777,"{'is_target': True, 'verdict': '点数絞り', 'max_combo_prob': 0.083, 'est_top_odds': 16.1, 'circle_concentration': 78.7, 'eligible_count': 8, 'bet_adj': 0, 'reason': 'rel_win1=49.6%（本命度） / 最有力組み合わせ確率: 0.083（推定実オッズ?16倍） / 2着集中度: 上位2艇 78.7%（補正+0.04） / 総合判定確率: 0.123 / → ヒモはやや固め。上位2艇以外を切ること', 'tenji_trigger': '展示確認: 1号艇伸び良→そのまま採用。悪→飛び組に差し替え。circle_pct上位2艇に絞り込むこと。\n展示で1号艇スタート超安定(0.138秒)→ヒモ固まり方向に注意'}",,,28.9,逃げ狙い,17.21,31.4,4,,,,,,,,,,,
2025-09-29,丸亀,4,5,塩崎優司,B1,27.27,5,,3.6927,7.2,56,25.8,0.1806,3.5968,,,0,低,128,0,差ま0%,6 562,0,32.8,0.7655,0,0,0,0.0435,0,0.0533,0.1657,0.0533,,,D,,,0.1714,0.591,,0.621,A,73,0,◎-○軸 3着3〜4艇流し（10〜15点）,0.5777,"{'is_target': True, 'verdict': '点数絞り', 'max_combo_prob': 0.083, 'est_top_odds': 16.1, 'circle_concentration': 78.7, 'eligible_count': 8, 'bet_adj': 0, 'reason': 'rel_win1=49.6%（本命度） / 最有力組み合わせ確率: 0.083（推定実オッズ?16倍） / 2着集中度: 上位2艇 78.7%（補正+0.04） / 総合判定確率: 0.123 / → ヒモはやや固め。上位2艇以外を切ること', 'tenji_trigger': '展示確認: 1号艇伸び良→そのまま採用。悪→飛び組に差し替え。circle_pct上位2艇に絞り込むこと。\n展示で1号艇スタート超安定(0.138秒)→ヒモ固まり方向に注意'}",,,28.9,逃げ狙い,17.21,31.4,4,,,,,,,,,,,
2025-09-29,丸亀,4,6,中里英夫,A2,30.00,6,,0.9529,2.5,100,42.9,0.1929,4.5612,,,0,低,123,0,-,133 11,0,31.7,1.6358,,,,,,0.1292,0.2458,0.1958,,,D,△,,0.1652,0.641,,0.621,A,73,0,◎-○軸 3着3〜4艇流し（10〜15点）,0.5777,"{'is_target': True, 'verdict': '点数絞り', 'max_combo_prob': 0.083, 'est_top_odds': 16.1, 'circle_concentration': 78.7, 'eligible_count': 8, 'bet_adj': 0, 'reason': 'rel_win1=49.6%（本命度） / 最有力組み合わせ確率: 0.083（推定実オッズ?16倍） / 2着集中度: 上位2艇 78.7%（補正+0.04） / 総合判定確率: 0.123 / → ヒモはやや固め。上位2艇以外を切ること', 'tenji_trigger': '展示確認: 1号艇伸び良→そのまま採用。悪→飛び組に差し替え。circle_pct上位2艇に絞り込むこと。\n展示で1号艇スタート超安定(0.138秒)→ヒモ固まり方向に注意'}",,,28.9,逃げ狙い,17.21,31.4,4,,,,,,,,,,,
2025-09-29,丸亀,5,1,北村征嗣,A1,0.00,1,◎,39.5871,,0,92.3,0.1377,2.8365,,,0,低,114,0,逃1%,1 2431,0,55.5,0.9365,0.6744,,,,,0.0186,0.1742,0.0825,◎,,E,○,,,0.656,,0.5453,B,56,0,◎○△フォーメーション（15〜20点）,0.5777,"{'is_target': False, 'verdict': '対象外', 'max_combo_prob': None, 'est_top_odds': None, 'circle_concentration': None, 'eligible_count': 0, 'bet_adj': 0, 'reason': '1号艇rel_win1 < 45%: 通常判定に委ねる', 'tenji_trigger': ''}",,,33.5,両建て推奨,37.75,26.8,4,,,,,0,0,0.7559,0,,逃げ軸流し,A
2025-09-29,丸亀,5,2,吉田　光,B1,44.44,2,▲,6.0427,19.4,100,52.4,0.1664,3.7143,,,0,低,72,0,差0%,444 25,0,27.4,0.8636,0,0.0833,0,0,0,0.0909,0.1818,0.1818,,,A,,,0.0709,0.539,,0.5453,B,56,0,◎○△フォーメーション（15〜20点）,0.5777,"{'is_target': False, 'verdict': '対象外', 'max_combo_prob': None, 'est_top_odds': None, 'circle_concentration': None, 'eligible_count': 0, 'bet_adj': 0, 'reason': '1号艇rel_win1 < 45%: 通常判定に委ねる', 'tenji_trigger': ''}",,,33.5,両建て推奨,37.75,26.8,4,,,,,,,,,,,
2025-09-29,丸亀,5,3,角谷健吾,A2,22.22,3,,19.1873,34.5,77,76.3,0.1373,2.7373,,,0,低,85,0,ま0% 差ま0% 抜0%,231 43,0,66.3,1.5702,0,0,0.0357,0.1071,0.0357,0.2214,0.0143,0.1036,,,C,△,,0.3204,0.632,,0.5453,B,56,0,◎○△フォーメーション（15〜20点）,0.5777,"{'is_target': False, 'verdict': '対象外', 'max_combo_prob': None, 'est_top_odds': None, 'circle_concentration': None, 'eligible_count': 0, 'bet_adj': 0, 'reason': '1号艇rel_win1 < 45%: 通常判定に委ねる', 'tenji_trigger': ''}",,,33.5,両建て推奨,37.75,26.8,4,,,,,,,,,,,
2025-09-29,丸亀,5,4,中辻崇人,A2,14.29,4,△,24.2981,30.4,80,84.2,0.1305,2.1053,,,0,低,42,0,-,22113,0,39.1,0.9679,0,0,0.1538,0.0769,0,0.2667,0,0,,,D,△,○,0.3741,0.6505,0.4182,0.5453,B,56,0,◎○△フォーメーション（15〜20点）,0.5777,"{'is_target': False, 'verdict': '対象外', 'max_combo_prob': None, 'est_top_odds': None, 'circle_concentration': None, 'eligible_count': 0, 'bet_adj': 0, 'reason': '1号艇rel_win1 < 45%: 通常判定に委ねる', 'tenji_trigger': ''}",,,33.5,両建て推奨,37.75,26.8,4,,,,,,,,,,,
2025-09-29,丸亀,5,5,鈴木　猛,B1,00.00,5,,6.1371,6.9,59,32.1,0.176,3.4753,,,0,低,166,0,ま0% 差ま0%,5 126,0,38,0.9652,0,0,0.027,0.1081,0,0.1133,0.2133,0.0533,,,E,,,0.2005,0.6215,0.1182,0.5453,B,56,0,◎○△フォーメーション（15〜20点）,0.5777,"{'is_target': False, 'verdict': '対象外', 'max_combo_prob': None, 'est_top_odds': None, 'circle_concentration': None, 'eligible_count': 0, 'bet_adj': 0, 'reason': '1号艇rel_win1 < 45%: 通常判定に委ねる', 'tenji_trigger': ''}",,,33.5,両建て推奨,37.75,26.8,4,,,,,,,,,,,
2025-09-29,丸亀,5,6,萩原秀人,A1,25.00,6,○,4.7476,8.8,74,60.7,0.1218,3.0179,,,0,低,49,0,ま0% 差ま0% 抜0%,42122,0,100,2.3056,0,0,0.0833,0.1667,0.0833,0,0,0.0588,,,B,◎,◎,0.3961,0.6585,0.4596,0.5453,B,56,0,◎○△フォーメーション（15〜20点）,0.5777,"{'is_target': False, 'verdict': '対象外', 'max_combo_prob': None, 'est_top_odds': None, 'circle_concentration': None, 'eligible_count': 0, 'bet_adj': 0, 'reason': '1号艇rel_win1 < 45%: 通常判定に委ねる', 'tenji_trigger': ''}",,,33.5,両建て推奨,37.75,26.8,4,,,,,,,,,,,
2025-09-29,丸亀,6,1,岩崎正哉,A2,36.36,1,◎,61.1642,,0,94.7,0.1664,3.7171,,,0,低,192,0,逃1%,15552,0,80.1,1.2138,0.6774,,,,,0.0387,0.0387,0.0387,○,,B,△,,,0.6185,,0.4463,S,92,0,◎1着固定 2-3着流し（5〜8点）,0.5777,"{'is_target': True, 'verdict': '参加推奨', 'max_combo_prob': 0.0541, 'est_top_odds': 24.7, 'circle_concentration': 59.2, 'eligible_count': 6, 'bet_adj': 2, 'reason': 'rel_win1=61.2%（本命度） / 最有力組み合わせ確率: 0.054（推定実オッズ?25倍） / 2着集中度: 上位2艇 59.2%（補正+0.00） / 総合判定確率: 0.054 / → ヒモ分散。1号艇1着固定で広めのヒモ流し推奨（買い目+2点）', 'tenji_trigger': '展示確認: ヒモ分散レース。1号艇伸び確認後、広めのヒモ流しを採用。穴ヒモ（5・6号艇）を積極的に含める。'}",,,26.6,逃げ狙い,16.75,25.1,3,,,,,0,0,0.6155,0,,逃げ軸流し,A
2025-09-29,丸亀,6,2,中村　真,B1,10.00,2,,7.7035,27.9,89,46,0.173,3.78,,,0,低,111,0,-,3 326,0,26.2,0.7745,,,,,,0.0522,0.2196,0.0174,,,E,,,0.2673,0.584,,0.4463,S,92,0,◎1着固定 2-3着流し（5〜8点）,0.5777,"{'is_target': True, 'verdict': '参加推奨', 'max_combo_prob': 0.0541, 'est_top_odds': 24.7, 'circle_concentration': 59.2, 'eligible_count': 6, 'bet_adj': 2, 'reason': 'rel_win1=61.2%（本命度） / 最有力組み合わせ確率: 0.054（推定実オッズ?25倍） / 2着集中度: 上位2艇 59.2%（補正+0.00） / 総合判定確率: 0.054 / → ヒモ分散。1号艇1着固定で広めのヒモ流し推奨（買い目+2点）', 'tenji_trigger': '展示確認: ヒモ分散レース。1号艇伸び確認後、広めのヒモ流しを採用。穴ヒモ（5・6号艇）を積極的に含める。'}",,,26.6,逃げ狙い,16.75,25.1,3,,,,,,,,,,,
2025-09-29,丸亀,6,3,山本隆幸,A1,44.44,3,○,16.1545,31.3,100,63,0.1661,3.2065,,,0,低,130,0,-,446125,0,100,2.7573,0,0,0.0952,0.0952,0,0,0.0645,0.2258,,,A,○,,0.3116,0.631,,0.4463,S,92,0,◎1着固定 2-3着流し（5〜8点）,0.5777,"{'is_target': True, 'verdict': '参加推奨', 'max_combo_prob': 0.0541, 'est_top_odds': 24.7, 'circle_concentration': 59.2, 'eligible_count': 6, 'bet_adj': 2, 'reason': 'rel_win1=61.2%（本命度） / 最有力組み合わせ確率: 0.054（推定実オッズ?25倍） / 2着集中度: 上位2艇 59.2%（補正+0.00） / 総合判定確率: 0.054 / → ヒモ分散。1号艇1着固定で広めのヒモ流し推奨（買い目+2点）', 'tenji_trigger': '展示確認: ヒモ分散レース。1号艇伸び確認後、広めのヒモ流しを採用。穴ヒモ（5・6号艇）を積極的に含める。'}",,,26.6,逃げ狙い,16.75,25.1,3,,,,,,,,,,,
2025-09-29,丸亀,6,4,久富政弘,B1,28.57,4,△,5.8008,10.3,78,37.9,0.2068,4.6061,,,0,低,199,0,差0% ま0% 差ま0%,255 26,0,22.2,0.7862,0,0.0333,0.0333,0.0333,0,0.2308,0.1538,0.0769,,,C,,,0.1327,0.593,,0.4463,S,92,0,◎1着固定 2-3着流し（5〜8点）,0.5777,"{'is_target': True, 'verdict': '参加推奨', 'max_combo_prob': 0.0541, 'est_top_odds': 24.7, 'circle_concentration': 59.2, 'eligible_count': 6, 'bet_adj': 2, 'reason': 'rel_win1=61.2%（本命度） / 最有力組み合わせ確率: 0.054（推定実オッズ?25倍） / 2着集中度: 上位2艇 59.2%（補正+0.00） / 総合判定確率: 0.054 / → ヒモ分散。1号艇1着固定で広めのヒモ流し推奨（買い目+2点）', 'tenji_trigger': '展示確認: ヒモ分散レース。1号艇伸び確認後、広めのヒモ流しを採用。穴ヒモ（5・6号艇）を積極的に含める。'}",,,26.6,逃げ狙い,16.75,25.1,3,,,,,,,,,,,
2025-09-29,丸亀,6,5,中岡正彦,A1,42.11,5,▲,7.7363,26.2,87,66.7,0.1304,2.9815,,,0,低,42,0,-,13512,0,46,1.0079,,,,,,0.1103,0,0.0588,,◎,B,◎,,0.4337,0.649,,0.4463,S,92,0,◎1着固定 2-3着流し（5〜8点）,0.5777,"{'is_target': True, 'verdict': '参加推奨', 'max_combo_prob': 0.0541, 'est_top_odds': 24.7, 'circle_concentration': 59.2, 'eligible_count': 6, 'bet_adj': 2, 'reason': 'rel_win1=61.2%（本命度） / 最有力組み合わせ確率: 0.054（推定実オッズ?25倍） / 2着集中度: 上位2艇 59.2%（補正+0.00） / 総合判定確率: 0.054 / → ヒモ分散。1号艇1着固定で広めのヒモ流し推奨（買い目+2点）', 'tenji_trigger': '展示確認: ヒモ分散レース。1号艇伸び確認後、広めのヒモ流しを採用。穴ヒモ（5・6号艇）を積極的に含める。'}",,,26.6,逃げ狙い,16.75,25.1,3,,,,,,,,,,,
2025-09-29,丸亀,6,6,渡邉英児,B1,12.50,6,,1.4408,4.3,61,11.1,0.22,4.5556,,,0,低,130,0,-,3 561,0,24.9,0.8556,,,,,,0.1657,0.0667,0.1657,,,E,△,,0.1453,0.6175,,0.4463,S,92,0,◎1着固定 2-3着流し（5〜8点）,0.5777,"{'is_target': True, 'verdict': '参加推奨', 'max_combo_prob': 0.0541, 'est_top_odds': 24.7, 'circle_concentration': 59.2, 'eligible_count': 6, 'bet_adj': 2, 'reason': 'rel_win1=61.2%（本命度） / 最有力組み合わせ確率: 0.054（推定実オッズ?25倍） / 2着集中度: 上位2艇 59.2%（補正+0.00） / 総合判定確率: 0.054 / → ヒモ分散。1号艇1着固定で広めのヒモ流し推奨（買い目+2点）', 'tenji_trigger': '展示確認: ヒモ分散レース。1号艇伸び確認後、広めのヒモ流しを採用。穴ヒモ（5・6号艇）を積極的に含める。'}",,,26.6,逃げ狙い,16.75,25.1,3,,,,,,,,,,,
2025-09-29,丸亀,7,1,鈴木　博,A1,16.67,1,◎,58.6127,,0,95.1,0.1478,2.7222,,,0,低,120,0,逃1% 抜0%,1 1434,0,83.5,1.0232,0.775,,,,,0.05,0.11,0.02,◎,,D,△,,,0.6475,,0.5675,A,77,0,◎-○軸 3着3〜4艇流し（10〜15点）,0.5777,"{'is_target': True, 'verdict': '参加推奨', 'max_combo_prob': 0.094, 'est_top_odds': 14.2, 'circle_concentration': 65.1, 'eligible_count': 8, 'bet_adj': 2, 'reason': 'rel_win1=58.6%（本命度） / 最有力組み合わせ確率: 0.094（推定実オッズ?14倍） / 2着集中度: 上位2艇 65.1%（補正+0.00） / 総合判定確率: 0.094 / → ヒモ分散。1号艇1着固定で広めのヒモ流し推奨（買い目+2点）', 'tenji_trigger': '展示確認: ヒモ分散レース。1号艇伸び確認後、広めのヒモ流しを採用。穴ヒモ（5・6号艇）を積極的に含める。'}",,,26.8,逃げ狙い,16.89,25.6,4,,,,,0,0,0.7559,0,,逃げ軸流し,A
2025-09-29,丸亀,7,2,川村正輝,B1,40.00,2,○,14.399,43,66,53.1,0.1753,3.8673,,,0,低,140,0,差0%,3 446,0,44.8,0.9057,0,0.1111,0,0,0,0.1667,0.1667,0.1667,,,A,,,0.075,0.57,,0.5675,A,77,0,◎-○軸 3着3〜4艇流し（10〜15点）,0.5777,"{'is_target': True, 'verdict': '参加推奨', 'max_combo_prob': 0.094, 'est_top_odds': 14.2, 'circle_concentration': 65.1, 'eligible_count': 8, 'bet_adj': 2, 'reason': 'rel_win1=58.6%（本命度） / 最有力組み合わせ確率: 0.094（推定実オッズ?14倍） / 2着集中度: 上位2艇 65.1%（補正+0.00） / 総合判定確率: 0.094 / → ヒモ分散。1号艇1着固定で広めのヒモ流し推奨（買い目+2点）', 'tenji_trigger': '展示確認: ヒモ分散レース。1号艇伸び確認後、広めのヒモ流しを採用。穴ヒモ（5・6号艇）を積極的に含める。'}",,,26.8,逃げ狙い,16.89,25.6,4,,,,,,,,,,,
2025-09-29,丸亀,7,3,宮嵜隆太,B1,10.00,3,,7.5077,21.1,39,35.5,0.1279,2.2419,,,0,低,56,0,ま0%,663 44,0,22.4,0.704,0,0,0.0417,0,0,0.2833,0.3667,0.0222,,○,E,△,,0.3812,0.654,,0.5675,A,77,0,◎-○軸 3着3〜4艇流し（10〜15点）,0.5777,"{'is_target': True, 'verdict': '参加推奨', 'max_combo_prob': 0.094, 'est_top_odds': 14.2, 'circle_concentration': 65.1, 'eligible_count': 8, 'bet_adj': 2, 'reason': 'rel_win1=58.6%（本命度） / 最有力組み合わせ確率: 0.094（推定実オッズ?14倍） / 2着集中度: 上位2艇 65.1%（補正+0.00） / 総合判定確率: 0.094 / → ヒモ分散。1号艇1着固定で広めのヒモ流し推奨（買い目+2点）', 'tenji_trigger': '展示確認: ヒモ分散レース。1号艇伸び確認後、広めのヒモ流しを採用。穴ヒモ（5・6号艇）を積極的に含める。'}",,,26.8,逃げ狙い,16.89,25.6,4,,,,,,,,,,,
2025-09-29,丸亀,7,4,田村隆信,A1,0.00,4,△,13.3646,22.1,100,55.9,0.1456,3.1618,,,0,低,42,0,-,563 32,0,42.1,0.8619,0,0.0769,0.1538,0.1538,0,0.1011,0.0154,0.0154,,,E,○,◎,0.3391,0.657,0.3809,0.5675,A,77,0,◎-○軸 3着3〜4艇流し（10〜15点）,0.5777,"{'is_target': True, 'verdict': '参加推奨', 'max_combo_prob': 0.094, 'est_top_odds': 14.2, 'circle_concentration': 65.1, 'eligible_count': 8, 'bet_adj': 2, 'reason': 'rel_win1=58.6%（本命度） / 最有力組み合わせ確率: 0.094（推定実オッズ?14倍） / 2着集中度: 上位2艇 65.1%（補正+0.00） / 総合判定確率: 0.094 / → ヒモ分散。1号艇1着固定で広めのヒモ流し推奨（買い目+2点）', 'tenji_trigger': '展示確認: ヒモ分散レース。1号艇伸び確認後、広めのヒモ流しを採用。穴ヒモ（5・6号艇）を積極的に含める。'}",,,26.8,逃げ狙い,16.89,25.6,4,,,,,,,,,,,
2025-09-29,丸亀,7,5,小森信雄,B1,28.57,5,,3.6679,7.4,82,31.2,0.186,4.3438,,,0,低,133,0,-,144 65,0,37.9,0.8919,,,,,,0.175,0.25,0.0333,,,C,,,0.1863,0.608,,0.5675,A,77,0,◎-○軸 3着3〜4艇流し（10〜15点）,0.5777,"{'is_target': True, 'verdict': '参加推奨', 'max_combo_prob': 0.094, 'est_top_odds': 14.2, 'circle_concentration': 65.1, 'eligible_count': 8, 'bet_adj': 2, 'reason': 'rel_win1=58.6%（本命度） / 最有力組み合わせ確率: 0.094（推定実オッズ?14倍） / 2着集中度: 上位2艇 65.1%（補正+0.00） / 総合判定確率: 0.094 / → ヒモ分散。1号艇1着固定で広めのヒモ流し推奨（買い目+2点）', 'tenji_trigger': '展示確認: ヒモ分散レース。1号艇伸び確認後、広めのヒモ流しを採用。穴ヒモ（5・6号艇）を積極的に含める。'}",,,26.8,逃げ狙い,16.89,25.6,4,,,,,,,,,,,
2025-09-29,丸亀,7,6,原田幸哉,A1,30.00,6,▲,2.448,6.4,47,25,0.1075,2,,,0,低,11,1,-,214 11,0,53.4,1.0533,,,,,,0.0833,0.1667,0,,◎,B,◎,,0.4382,0.6755,,0.5675,A,77,0,◎-○軸 3着3〜4艇流し（10〜15点）,0.5777,"{'is_target': True, 'verdict': '参加推奨', 'max_combo_prob': 0.094, 'est_top_odds': 14.2, 'circle_concentration': 65.1, 'eligible_count': 8, 'bet_adj': 2, 'reason': 'rel_win1=58.6%（本命度） / 最有力組み合わせ確率: 0.094（推定実オッズ?14倍） / 2着集中度: 上位2艇 65.1%（補正+0.00） / 総合判定確率: 0.094 / → ヒモ分散。1号艇1着固定で広めのヒモ流し推奨（買い目+2点）', 'tenji_trigger': '展示確認: ヒモ分散レース。1号艇伸び確認後、広めのヒモ流しを採用。穴ヒモ（5・6号艇）を積極的に含める。'}",,,26.8,逃げ狙い,16.89,25.6,4,,,,,,,,,,,
2025-09-29,丸亀,8,1,中村有裕,A2,17.65,1,◎,63.3126,,0,92.4,0.1405,2.4304,,,0,低,76,0,逃0%,6 4553,0,90.7,1.1984,0.4667,,,,,0.08,0.0267,0.1733,◎,,D,△,,,0.63,,0.5731,S,94,0,◎1着固定 2-3着流し（5〜8点）,0.5777,"{'is_target': True, 'verdict': '参加推奨', 'max_combo_prob': 0.0965, 'est_top_odds': 13.8, 'circle_concentration': 65.5, 'eligible_count': 6, 'bet_adj': 2, 'reason': 'rel_win1=63.3%（本命度） / 最有力組み合わせ確率: 0.097（推定実オッズ?14倍） / 2着集中度: 上位2艇 65.5%（補正+0.00） / 総合判定確率: 0.097 / → ヒモ分散。1号艇1着固定で広めのヒモ流し推奨（買い目+2点）', 'tenji_trigger': '展示確認: ヒモ分散レース。1号艇伸び確認後、広めのヒモ流しを採用。穴ヒモ（5・6号艇）を積極的に含める。'}",,,27.1,逃げ狙い,16.65,26.6,3,,,,,0,0,0.7559,0,,逃げ軸流し,A
2025-09-29,丸亀,8,2,岡瀬正人,A2,50.00,2,○,11.4052,43.6,97,69,0.1648,3.9643,,,0,低,176,0,差0%,652 16,0,52.8,1.0945,0,0.1333,0,0,0,0.0955,0.1727,0.0545,,,A,○,,0.0995,0.6505,,0.5731,S,94,0,◎1着固定 2-3着流し（5〜8点）,0.5777,"{'is_target': True, 'verdict': '参加推奨', 'max_combo_prob': 0.0965, 'est_top_odds': 13.8, 'circle_concentration': 65.5, 'eligible_count': 6, 'bet_adj': 2, 'reason': 'rel_win1=63.3%（本命度） / 最有力組み合わせ確率: 0.097（推定実オッズ?14倍） / 2着集中度: 上位2艇 65.5%（補正+0.00） / 総合判定確率: 0.097 / → ヒモ分散。1号艇1着固定で広めのヒモ流し推奨（買い目+2点）', 'tenji_trigger': '展示確認: ヒモ分散レース。1号艇伸び確認後、広めのヒモ流しを採用。穴ヒモ（5・6号艇）を積極的に含める。'}",,,27.1,逃げ狙い,16.65,26.6,3,,,,,,,,,,,
2025-09-29,丸亀,8,3,山一鉄也,B2,44.44,3,▲,11.421,21.8,85,53.1,0.1639,3.2959,,,0,低,103,0,ま0% 差ま0%,642 16,0,46.9,1.0619,0,0,0.16,0.04,0,0.0129,0.131,0.0978,,,B,◎,,0.2017,0.668,,0.5731,S,94,0,◎1着固定 2-3着流し（5〜8点）,0.5777,"{'is_target': True, 'verdict': '参加推奨', 'max_combo_prob': 0.0965, 'est_top_odds': 13.8, 'circle_concentration': 65.5, 'eligible_count': 6, 'bet_adj': 2, 'reason': 'rel_win1=63.3%（本命度） / 最有力組み合わせ確率: 0.097（推定実オッズ?14倍） / 2着集中度: 上位2艇 65.5%（補正+0.00） / 総合判定確率: 0.097 / → ヒモ分散。1号艇1着固定で広めのヒモ流し推奨（買い目+2点）', 'tenji_trigger': '展示確認: ヒモ分散レース。1号艇伸び確認後、広めのヒモ流しを採用。穴ヒモ（5・6号艇）を積極的に含める。'}",,,27.1,逃げ狙い,16.65,26.6,3,,,,,,,,,,,
2025-09-29,丸亀,8,4,滝沢芳行,B1,10.00,4,△,10.0691,21.9,100,65.6,0.1385,2.6967,,,0,低,85,0,ま0%,565 15,0,71.5,1.3377,0,0,0.2121,0,0,0.18,0.18,0.064,,,E,,◎,0.3494,0.628,0.4311,0.5731,S,94,0,◎1着固定 2-3着流し（5〜8点）,0.5777,"{'is_target': True, 'verdict': '参加推奨', 'max_combo_prob': 0.0965, 'est_top_odds': 13.8, 'circle_concentration': 65.5, 'eligible_count': 6, 'bet_adj': 2, 'reason': 'rel_win1=63.3%（本命度） / 最有力組み合わせ確率: 0.097（推定実オッズ?14倍） / 2着集中度: 上位2艇 65.5%（補正+0.00） / 総合判定確率: 0.097 / → ヒモ分散。1号艇1着固定で広めのヒモ流し推奨（買い目+2点）', 'tenji_trigger': '展示確認: ヒモ分散レース。1号艇伸び確認後、広めのヒモ流しを採用。穴ヒモ（5・6号艇）を積極的に含める。'}",,,27.1,逃げ狙い,16.65,26.6,3,,,,,,,,,,,
2025-09-29,丸亀,8,5,塩田雄一,B1,33.33,5,,2.6198,8.4,42,27.9,0.1693,3.9262,,,0,低,147,0,-,6 653,0,59.4,1.1324,,,,,,0.4143,0.0952,0.2071,,,C,,,0.2189,0.5565,,0.5731,S,94,0,◎1着固定 2-3着流し（5〜8点）,0.5777,"{'is_target': True, 'verdict': '参加推奨', 'max_combo_prob': 0.0965, 'est_top_odds': 13.8, 'circle_concentration': 65.5, 'eligible_count': 6, 'bet_adj': 2, 'reason': 'rel_win1=63.3%（本命度） / 最有力組み合わせ確率: 0.097（推定実オッズ?14倍） / 2着集中度: 上位2艇 65.5%（補正+0.00） / 総合判定確率: 0.097 / → ヒモ分散。1号艇1着固定で広めのヒモ流し推奨（買い目+2点）', 'tenji_trigger': '展示確認: ヒモ分散レース。1号艇伸び確認後、広めのヒモ流しを採用。穴ヒモ（5・6号艇）を積極的に含める。'}",,,27.1,逃げ狙い,16.65,26.6,3,,,,,,,,,,,
2025-09-29,丸亀,8,6,石田政吾,A2,44.44,6,,1.1723,4.3,59,22.9,0.202,4.4672,,,0,低,126,0,-,2 3363,0,28.4,0.5747,,,,,,0.0615,0.2123,0.1662,,,B,△,,0.139,0.6375,,0.5731,S,94,0,◎1着固定 2-3着流し（5〜8点）,0.5777,"{'is_target': True, 'verdict': '参加推奨', 'max_combo_prob': 0.0965, 'est_top_odds': 13.8, 'circle_concentration': 65.5, 'eligible_count': 6, 'bet_adj': 2, 'reason': 'rel_win1=63.3%（本命度） / 最有力組み合わせ確率: 0.097（推定実オッズ?14倍） / 2着集中度: 上位2艇 65.5%（補正+0.00） / 総合判定確率: 0.097 / → ヒモ分散。1号艇1着固定で広めのヒモ流し推奨（買い目+2点）', 'tenji_trigger': '展示確認: ヒモ分散レース。1号艇伸び確認後、広めのヒモ流しを採用。穴ヒモ（5・6号艇）を積極的に含める。'}",,,27.1,逃げ狙い,16.65,26.6,3,,,,,,,,,,,
2025-09-29,丸亀,9,1,中里英夫,A2,30.00,1,◎,46.0156,,0,83.3,0.1586,3.2652,,,0,低,123,0,逃0%,133 11,0,52.5,1.0376,0.3438,,,,,0.1292,0.2458,0.1958,○,,C,△,,,0.641,,0.3477,B,57,0,◎○△フォーメーション（15〜20点）,0.5777,"{'is_target': True, 'verdict': '参加推奨', 'max_combo_prob': 0.0546, 'est_top_odds': 24.4, 'circle_concentration': 62.1, 'eligible_count': 9, 'bet_adj': 2, 'reason': 'rel_win1=46.0%（本命度） / 最有力組み合わせ確率: 0.055（推定実オッズ?24倍） / 2着集中度: 上位2艇 62.1%（補正+0.00） / 総合判定確率: 0.055 / → ヒモ分散。1号艇1着固定で広めのヒモ流し推奨（買い目+2点）', 'tenji_trigger': '展示確認: ヒモ分散レース。1号艇伸び確認後、広めのヒモ流しを採用。穴ヒモ（5・6号艇）を積極的に含める。'}",,,32.4,両建て推奨,25.3,34.5,2,,,,,0,0,0.6155,0,,主役軸流し,B
2025-09-29,丸亀,9,2,北村征嗣,A1,0.00,2,▲,20.2626,33.9,59,81,0.1493,3.5,,,0,低,114,0,差0% ま0% 抜0%,1 2431,0,50.2,1.3619,0,0.2727,0.0909,0,0.0455,0.0186,0.1742,0.0825,,◎,E,○,,0.4719,0.656,,0.3477,B,57,0,◎○△フォーメーション（15〜20点）,0.5777,"{'is_target': True, 'verdict': '参加推奨', 'max_combo_prob': 0.0546, 'est_top_odds': 24.4, 'circle_concentration': 62.1, 'eligible_count': 9, 'bet_adj': 2, 'reason': 'rel_win1=46.0%（本命度） / 最有力組み合わせ確率: 0.055（推定実オッズ?24倍） / 2着集中度: 上位2艇 62.1%（補正+0.00） / 総合判定確率: 0.055 / → ヒモ分散。1号艇1着固定で広めのヒモ流し推奨（買い目+2点）', 'tenji_trigger': '展示確認: ヒモ分散レース。1号艇伸び確認後、広めのヒモ流しを採用。穴ヒモ（5・6号艇）を積極的に含める。'}",,,32.4,両建て推奨,25.3,34.5,2,,,,,,,,,,,
2025-09-29,丸亀,9,3,樋口　亮,A2,45.45,3,○,14.5176,23.3,65,68.4,0.1614,3.3333,,,0,低,133,0,-,2 135,0,57.1,1.3842,0,0.0455,0.0455,0.0455,0,0.2161,0.0805,0.0276,,,A,,,0.2987,0.601,,0.3477,B,57,0,◎○△フォーメーション（15〜20点）,0.5777,"{'is_target': True, 'verdict': '参加推奨', 'max_combo_prob': 0.0546, 'est_top_odds': 24.4, 'circle_concentration': 62.1, 'eligible_count': 9, 'bet_adj': 2, 'reason': 'rel_win1=46.0%（本命度） / 最有力組み合わせ確率: 0.055（推定実オッズ?24倍） / 2着集中度: 上位2艇 62.1%（補正+0.00） / 総合判定確率: 0.055 / → ヒモ分散。1号艇1着固定で広めのヒモ流し推奨（買い目+2点）', 'tenji_trigger': '展示確認: ヒモ分散レース。1号艇伸び確認後、広めのヒモ流しを採用。穴ヒモ（5・6号艇）を積極的に含める。'}",,,32.4,両建て推奨,25.3,34.5,2,,,,,,,,,,,
2025-09-29,丸亀,9,4,角谷健吾,A2,22.22,4,,6.3914,28.1,59,69.8,0.1338,2.9434,,,0,低,85,0,差0% ま0% 差ま0%,231 43,0,38.9,1.2134,0,0.0323,0.0645,0.0323,0,0.2214,0.0143,0.1036,,○,D,△,◎,0.426,0.632,0.4271,0.3477,B,57,0,◎○△フォーメーション（15〜20点）,0.5777,"{'is_target': True, 'verdict': '参加推奨', 'max_combo_prob': 0.0546, 'est_top_odds': 24.4, 'circle_concentration': 62.1, 'eligible_count': 9, 'bet_adj': 2, 'reason': 'rel_win1=46.0%（本命度） / 最有力組み合わせ確率: 0.055（推定実オッズ?24倍） / 2着集中度: 上位2艇 62.1%（補正+0.00） / 総合判定確率: 0.055 / → ヒモ分散。1号艇1着固定で広めのヒモ流し推奨（買い目+2点）', 'tenji_trigger': '展示確認: ヒモ分散レース。1号艇伸び確認後、広めのヒモ流しを採用。穴ヒモ（5・6号艇）を積極的に含める。'}",,,32.4,両建て推奨,25.3,34.5,2,,,,,,,,,,,
2025-09-29,丸亀,9,5,田中信一,A1,33.33,5,,4.9897,12.3,62,55.3,0.1632,3.5,,,0,低,73,0,抜0%,216 44,0,42.2,1.4314,0,0,0,0,0.05,0.1729,0.0979,0.0343,,,C,◎,,0.3347,0.6585,,0.3477,B,57,0,◎○△フォーメーション（15〜20点）,0.5777,"{'is_target': True, 'verdict': '参加推奨', 'max_combo_prob': 0.0546, 'est_top_odds': 24.4, 'circle_concentration': 62.1, 'eligible_count': 9, 'bet_adj': 2, 'reason': 'rel_win1=46.0%（本命度） / 最有力組み合わせ確率: 0.055（推定実オッズ?24倍） / 2着集中度: 上位2艇 62.1%（補正+0.00） / 総合判定確率: 0.055 / → ヒモ分散。1号艇1着固定で広めのヒモ流し推奨（買い目+2点）', 'tenji_trigger': '展示確認: ヒモ分散レース。1号艇伸び確認後、広めのヒモ流しを採用。穴ヒモ（5・6号艇）を積極的に含める。'}",,,32.4,両建て推奨,25.3,34.5,2,,,,,,,,,,,
2025-09-29,丸亀,9,6,金田　諭,A2,44.44,6,△,7.823,2.3,100,56.9,0.1675,3.6569,,,0,低,124,0,ま0%,62351,0,100,2.3686,0,0,0.08,0,0,0.1493,0.0293,0.1883,,,A,,○,0.3041,0.615,0.2004,0.3477,B,57,0,◎○△フォーメーション（15〜20点）,0.5777,"{'is_target': True, 'verdict': '参加推奨', 'max_combo_prob': 0.0546, 'est_top_odds': 24.4, 'circle_concentration': 62.1, 'eligible_count': 9, 'bet_adj': 2, 'reason': 'rel_win1=46.0%（本命度） / 最有力組み合わせ確率: 0.055（推定実オッズ?24倍） / 2着集中度: 上位2艇 62.1%（補正+0.00） / 総合判定確率: 0.055 / → ヒモ分散。1号艇1着固定で広めのヒモ流し推奨（買い目+2点）', 'tenji_trigger': '展示確認: ヒモ分散レース。1号艇伸び確認後、広めのヒモ流しを採用。穴ヒモ（5・6号艇）を積極的に含める。'}",,,32.4,両建て推奨,25.3,34.5,2,,,,,,,,,,,
2025-09-29,丸亀,10,1,萩原秀人,A1,25.00,1,◎,57.7453,,0,94.1,0.1457,2.7059,,,0,低,49,0,逃1%,42122,0,90.5,1.1944,0.9412,,,,,0,0,0.0588,◎,,D,◎,,,0.6585,,0.6375,S,98,0,◎1着固定 2-3着流し（5〜8点）,0.5777,"{'is_target': True, 'verdict': '点数絞り', 'max_combo_prob': 0.135, 'est_top_odds': 9.9, 'circle_concentration': 79.2, 'eligible_count': 6, 'bet_adj': 0, 'reason': 'rel_win1=57.7%（本命度） / 最有力組み合わせ確率: 0.135（推定実オッズ?10倍） / 2着集中度: 上位2艇 79.2%（補正+0.04） / 総合判定確率: 0.175 / → ヒモはやや固め。上位2艇以外を切ること', 'tenji_trigger': '展示確認: 1号艇伸び良→そのまま採用。悪→飛び組に差し替え。circle_pct上位2艇に絞り込むこと。'}",,,29,逃げ狙い,29.08,21.4,2,,,,,0,0,0.7559,0,,逃げ軸流し,A
2025-09-29,丸亀,10,2,井口佳典,A1,63.64,2,○,14.5265,56.3,56,93.8,0.17,4.4688,,,0,低,31,0,ま0%,14211,0,75.2,1.4734,0,0,0.5,0,0,0,0.1667,0.1667,,,A,△,,0.137,0.6355,,0.6375,S,98,0,◎1着固定 2-3着流し（5〜8点）,0.5777,"{'is_target': True, 'verdict': '点数絞り', 'max_combo_prob': 0.135, 'est_top_odds': 9.9, 'circle_concentration': 79.2, 'eligible_count': 6, 'bet_adj': 0, 'reason': 'rel_win1=57.7%（本命度） / 最有力組み合わせ確率: 0.135（推定実オッズ?10倍） / 2着集中度: 上位2艇 79.2%（補正+0.04） / 総合判定確率: 0.175 / → ヒモはやや固め。上位2艇以外を切ること', 'tenji_trigger': '展示確認: 1号艇伸び良→そのまま採用。悪→飛び組に差し替え。circle_pct上位2艇に絞り込むこと。'}",,,29,逃げ狙い,29.08,21.4,2,,,,,,,,,,,
2025-09-29,丸亀,10,3,作間　章,A1,53.85,3,▲,12.568,22.8,52,64,0.1695,3.3333,,,0,低,178,0,差0% ま0% 差ま0% 抜0%,251414,0,50.3,1.2381,0,0.0323,0.0323,0.0968,0.0323,0.1962,0.0886,0.0095,,,A,,,0.1687,0.598,,0.6375,S,98,0,◎1着固定 2-3着流し（5〜8点）,0.5777,"{'is_target': True, 'verdict': '点数絞り', 'max_combo_prob': 0.135, 'est_top_odds': 9.9, 'circle_concentration': 79.2, 'eligible_count': 6, 'bet_adj': 0, 'reason': 'rel_win1=57.7%（本命度） / 最有力組み合わせ確率: 0.135（推定実オッズ?10倍） / 2着集中度: 上位2艇 79.2%（補正+0.04） / 総合判定確率: 0.175 / → ヒモはやや固め。上位2艇以外を切ること', 'tenji_trigger': '展示確認: 1号艇伸び良→そのまま採用。悪→飛び組に差し替え。circle_pct上位2艇に絞り込むこと。'}",,,29,逃げ狙い,29.08,21.4,2,,,,,,,,,,,
2025-09-29,丸亀,10,4,川原正明,A2,28.57,4,△,6.3985,9,59,35.9,0.1421,2.9245,,,0,低,80,0,ま0%,1 2662,0,27.2,0.7885,0,0,0.0952,0,0,0.1128,0.0154,0.0308,,,C,△,◎,0.3162,0.633,0.2574,0.6375,S,98,0,◎1着固定 2-3着流し（5〜8点）,0.5777,"{'is_target': True, 'verdict': '点数絞り', 'max_combo_prob': 0.135, 'est_top_odds': 9.9, 'circle_concentration': 79.2, 'eligible_count': 6, 'bet_adj': 0, 'reason': 'rel_win1=57.7%（本命度） / 最有力組み合わせ確率: 0.135（推定実オッズ?10倍） / 2着集中度: 上位2艇 79.2%（補正+0.04） / 総合判定確率: 0.175 / → ヒモはやや固め。上位2艇以外を切ること', 'tenji_trigger': '展示確認: 1号艇伸び良→そのまま採用。悪→飛び組に差し替え。circle_pct上位2艇に絞り込むこと。'}",,,29,逃げ狙い,29.08,21.4,2,,,,,,,,,,,
2025-09-29,丸亀,10,5,中村　真,B1,10.00,5,,6.4914,9.7,100,46.2,0.1756,3.5385,,,0,低,111,0,差ま0%,3 326,0,71.5,1.3698,0,0,0,0.1,0,0.0522,0.2196,0.0174,,,E,,○,0.2011,0.584,0.1605,0.6375,S,98,0,◎1着固定 2-3着流し（5〜8点）,0.5777,"{'is_target': True, 'verdict': '点数絞り', 'max_combo_prob': 0.135, 'est_top_odds': 9.9, 'circle_concentration': 79.2, 'eligible_count': 6, 'bet_adj': 0, 'reason': 'rel_win1=57.7%（本命度） / 最有力組み合わせ確率: 0.135（推定実オッズ?10倍） / 2着集中度: 上位2艇 79.2%（補正+0.04） / 総合判定確率: 0.175 / → ヒモはやや固め。上位2艇以外を切ること', 'tenji_trigger': '展示確認: 1号艇伸び良→そのまま採用。悪→飛び組に差し替え。circle_pct上位2艇に絞り込むこと。'}",,,29,逃げ狙い,29.08,21.4,2,,,,,,,,,,,
2025-09-29,丸亀,10,6,馬袋義則,A1,20.00,6,,2.2703,2.1,30,20,0.13,2.8333,,,0,低,78,0,-,216346,0,35.4,0.935,,,,,,0.129,0.1771,0.1771,,,E,○,,0.3618,0.656,,0.6375,S,98,0,◎1着固定 2-3着流し（5〜8点）,0.5777,"{'is_target': True, 'verdict': '点数絞り', 'max_combo_prob': 0.135, 'est_top_odds': 9.9, 'circle_concentration': 79.2, 'eligible_count': 6, 'bet_adj': 0, 'reason': 'rel_win1=57.7%（本命度） / 最有力組み合わせ確率: 0.135（推定実オッズ?10倍） / 2着集中度: 上位2艇 79.2%（補正+0.04） / 総合判定確率: 0.175 / → ヒモはやや固め。上位2艇以外を切ること', 'tenji_trigger': '展示確認: 1号艇伸び良→そのまま採用。悪→飛び組に差し替え。circle_pct上位2艇に絞り込むこと。'}",,,29,逃げ狙い,29.08,21.4,2,,,,,,,,,,,
2025-09-29,丸亀,11,1,原田幸哉,A1,30.00,1,◎,51.8081,,0,89.7,0.1276,2.6379,,,0,低,11,0,逃1%,214 11,0,87.7,1.126,0.75,,,,,0.0833,0.1667,0,◎,,C,◎,,,0.6755,,0.5663,S,100,0,◎1着固定 2-3着流し（5〜8点）,0.5777,"{'is_target': True, 'verdict': '参加推奨', 'max_combo_prob': 0.075, 'est_top_odds': 17.8, 'circle_concentration': 65.1, 'eligible_count': 6, 'bet_adj': 2, 'reason': 'rel_win1=51.8%（本命度） / 最有力組み合わせ確率: 0.075（推定実オッズ?18倍） / 2着集中度: 上位2艇 65.1%（補正+0.00） / 総合判定確率: 0.075 / → ヒモ分散。1号艇1着固定で広めのヒモ流し推奨（買い目+2点）', 'tenji_trigger': '展示確認: ヒモ分散レース。1号艇伸び確認後、広めのヒモ流しを採用。穴ヒモ（5・6号艇）を積極的に含める。\n展示で1号艇スタート超安定(0.128秒)→ヒモ固まり方向に注意'}",,,31.8,逃げ狙い,32.58,26.4,3,,,,,0,0,0.7559,0,,逃げ軸流し,A
2025-09-29,丸亀,11,2,中岡正彦,A1,42.11,2,○,12.2667,39.9,80,63.5,0.1477,2.9231,,,0,低,42,0,差0%,13512,0,56.6,1.0067,0,0.0909,0.1364,0,0,0.1103,0,0.0588,,,B,△,,0.1251,0.649,,0.5663,S,100,0,◎1着固定 2-3着流し（5〜8点）,0.5777,"{'is_target': True, 'verdict': '参加推奨', 'max_combo_prob': 0.075, 'est_top_odds': 17.8, 'circle_concentration': 65.1, 'eligible_count': 6, 'bet_adj': 2, 'reason': 'rel_win1=51.8%（本命度） / 最有力組み合わせ確率: 0.075（推定実オッズ?18倍） / 2着集中度: 上位2艇 65.1%（補正+0.00） / 総合判定確率: 0.075 / → ヒモ分散。1号艇1着固定で広めのヒモ流し推奨（買い目+2点）', 'tenji_trigger': '展示確認: ヒモ分散レース。1号艇伸び確認後、広めのヒモ流しを採用。穴ヒモ（5・6号艇）を積極的に含める。\n展示で1号艇スタート超安定(0.128秒)→ヒモ固まり方向に注意'}",,,31.8,逃げ狙い,32.58,26.4,3,,,,,,,,,,,
2025-09-29,丸亀,11,3,中辻崇人,A2,14.29,3,△,22.6832,25.1,83,85.7,0.1331,2.5286,,,0,低,42,0,差ま0%,22113,0,80.9,1.6025,0,0.0769,0.6154,0.1538,0,0.2667,0,0,,◎,E,△,,0.3992,0.6505,,0.5663,S,100,0,◎1着固定 2-3着流し（5〜8点）,0.5777,"{'is_target': True, 'verdict': '参加推奨', 'max_combo_prob': 0.075, 'est_top_odds': 17.8, 'circle_concentration': 65.1, 'eligible_count': 6, 'bet_adj': 2, 'reason': 'rel_win1=51.8%（本命度） / 最有力組み合わせ確率: 0.075（推定実オッズ?18倍） / 2着集中度: 上位2艇 65.1%（補正+0.00） / 総合判定確率: 0.075 / → ヒモ分散。1号艇1着固定で広めのヒモ流し推奨（買い目+2点）', 'tenji_trigger': '展示確認: ヒモ分散レース。1号艇伸び確認後、広めのヒモ流しを採用。穴ヒモ（5・6号艇）を積極的に含める。\n展示で1号艇スタート超安定(0.128秒)→ヒモ固まり方向に注意'}",,,31.8,逃げ狙い,32.58,26.4,3,,,,,,,,,,,
2025-09-29,丸亀,11,4,鈴木　博,A1,16.67,4,,8.911,23.8,100,69.6,0.1612,3.7143,,,0,低,120,0,-,1 1434,0,74.3,1.3862,0,0.0417,0.0417,0.0833,0,0.05,0.11,0.02,,,E,,◎,0.1481,0.6475,0.4458,0.5663,S,100,0,◎1着固定 2-3着流し（5〜8点）,0.5777,"{'is_target': True, 'verdict': '参加推奨', 'max_combo_prob': 0.075, 'est_top_odds': 17.8, 'circle_concentration': 65.1, 'eligible_count': 6, 'bet_adj': 2, 'reason': 'rel_win1=51.8%（本命度） / 最有力組み合わせ確率: 0.075（推定実オッズ?18倍） / 2着集中度: 上位2艇 65.1%（補正+0.00） / 総合判定確率: 0.075 / → ヒモ分散。1号艇1着固定で広めのヒモ流し推奨（買い目+2点）', 'tenji_trigger': '展示確認: ヒモ分散レース。1号艇伸び確認後、広めのヒモ流しを採用。穴ヒモ（5・6号艇）を積極的に含める。\n展示で1号艇スタート超安定(0.128秒)→ヒモ固まり方向に注意'}",,,31.8,逃げ狙い,32.58,26.4,3,,,,,,,,,,,
2025-09-29,丸亀,11,5,村越　篤,B1,50.00,5,▲,3.4066,10.7,46,37.1,0.1685,3.9032,,,0,低,142,0,-,351 22,0,36.7,1.1793,,,,,,0.2516,0.0129,0.0774,,,A,○,,0.182,0.667,,0.5663,S,100,0,◎1着固定 2-3着流し（5〜8点）,0.5777,"{'is_target': True, 'verdict': '参加推奨', 'max_combo_prob': 0.075, 'est_top_odds': 17.8, 'circle_concentration': 65.1, 'eligible_count': 6, 'bet_adj': 2, 'reason': 'rel_win1=51.8%（本命度） / 最有力組み合わせ確率: 0.075（推定実オッズ?18倍） / 2着集中度: 上位2艇 65.1%（補正+0.00） / 総合判定確率: 0.075 / → ヒモ分散。1号艇1着固定で広めのヒモ流し推奨（買い目+2点）', 'tenji_trigger': '展示確認: ヒモ分散レース。1号艇伸び確認後、広めのヒモ流しを採用。穴ヒモ（5・6号艇）を積極的に含める。\n展示で1号艇スタート超安定(0.128秒)→ヒモ固まり方向に注意'}",,,31.8,逃げ狙い,32.58,26.4,3,,,,,,,,,,,
2025-09-29,丸亀,11,6,岩崎正哉,A2,36.36,6,,0.9243,0.3,47,24.1,0.2103,4.9052,,,0,低,192,0,-,15552,0,30.6,1.0747,,,,,,0.0387,0.0387,0.0387,,,C,,,0.135,0.6185,,0.5663,S,100,0,◎1着固定 2-3着流し（5〜8点）,0.5777,"{'is_target': True, 'verdict': '参加推奨', 'max_combo_prob': 0.075, 'est_top_odds': 17.8, 'circle_concentration': 65.1, 'eligible_count': 6, 'bet_adj': 2, 'reason': 'rel_win1=51.8%（本命度） / 最有力組み合わせ確率: 0.075（推定実オッズ?18倍） / 2着集中度: 上位2艇 65.1%（補正+0.00） / 総合判定確率: 0.075 / → ヒモ分散。1号艇1着固定で広めのヒモ流し推奨（買い目+2点）', 'tenji_trigger': '展示確認: ヒモ分散レース。1号艇伸び確認後、広めのヒモ流しを採用。穴ヒモ（5・6号艇）を積極的に含める。\n展示で1号艇スタート超安定(0.128秒)→ヒモ固まり方向に注意'}",,,31.8,逃げ狙い,32.58,26.4,3,,,,,,,,,,,
2025-09-29,丸亀,12,1,山本隆幸,A1,44.44,1,◎,69.4312,,0,91.9,0.1758,3.6959,,,0,低,130,0,逃1%,446125,0,89.9,1.2169,0.7742,,,,,0,0.0645,0.2258,○,,A,△,,,0.631,,0.4081,S,82,0,◎1着固定 2-3着流し（5〜8点）,0.5777,"{'is_target': True, 'verdict': '点数絞り', 'max_combo_prob': 0.1053, 'est_top_odds': 12.7, 'circle_concentration': 79.0, 'eligible_count': 6, 'bet_adj': 0, 'reason': 'rel_win1=69.4%（本命度） / 最有力組み合わせ確率: 0.105（推定実オッズ?13倍） / 2着集中度: 上位2艇 79.0%（補正+0.04） / 総合判定確率: 0.145 / → ヒモはやや固め。上位2艇以外を切ること', 'tenji_trigger': '展示確認: 1号艇伸び良→そのまま採用。悪→飛び組に差し替え。circle_pct上位2艇に絞り込むこと。'}",,,26.3,逃げ狙い,13.98,26.7,3,,,,,0,0,0.6155,0,,逃げ軸流し,A
2025-09-29,丸亀,12,2,今坂晃広,B1,44.44,2,▲,7.5541,26.4,96,28.6,0.1921,4.2946,,,0,低,154,0,-,162 56,0,44.4,0.5462,0,0.1071,0,0,0,0.0462,0.1969,0.0462,,,A,◎,,0.161,0.681,,0.4081,S,82,0,◎1着固定 2-3着流し（5〜8点）,0.5777,"{'is_target': True, 'verdict': '点数絞り', 'max_combo_prob': 0.1053, 'est_top_odds': 12.7, 'circle_concentration': 79.0, 'eligible_count': 6, 'bet_adj': 0, 'reason': 'rel_win1=69.4%（本命度） / 最有力組み合わせ確率: 0.105（推定実オッズ?13倍） / 2着集中度: 上位2艇 79.0%（補正+0.04） / 総合判定確率: 0.145 / → ヒモはやや固め。上位2艇以外を切ること', 'tenji_trigger': '展示確認: 1号艇伸び良→そのまま採用。悪→飛び組に差し替え。circle_pct上位2艇に絞り込むこと。'}",,,26.3,逃げ狙い,13.98,26.7,3,,,,,,,,,,,
2025-09-29,丸亀,12,3,田村隆信,A1,0.00,3,△,11.649,52.6,100,64.7,0.1406,2.4706,,,0,低,42,0,ま0%,563 32,0,44.8,0.951,0,0,0.1176,0.0588,0,0.1011,0.0154,0.0154,,◎,E,○,,0.4787,0.657,,0.4081,S,82,0,◎1着固定 2-3着流し（5〜8点）,0.5777,"{'is_target': True, 'verdict': '点数絞り', 'max_combo_prob': 0.1053, 'est_top_odds': 12.7, 'circle_concentration': 79.0, 'eligible_count': 6, 'bet_adj': 0, 'reason': 'rel_win1=69.4%（本命度） / 最有力組み合わせ確率: 0.105（推定実オッズ?13倍） / 2着集中度: 上位2艇 79.0%（補正+0.04） / 総合判定確率: 0.145 / → ヒモはやや固め。上位2艇以外を切ること', 'tenji_trigger': '展示確認: 1号艇伸び良→そのまま採用。悪→飛び組に差し替え。circle_pct上位2艇に絞り込むこと。'}",,,26.3,逃げ狙い,13.98,26.7,3,,,,,,,,,,,
2025-09-29,丸亀,12,4,宮地博士,B1,37.50,4,,5.2127,7.5,92,26.9,0.2225,4.5481,,,0,低,189,0,-,434 44,0,14.8,0.6049,,,,,,0.0952,0.0762,0.1771,,,B,,,0.1359,0.5195,,0.4081,S,82,0,◎1着固定 2-3着流し（5〜8点）,0.5777,"{'is_target': True, 'verdict': '点数絞り', 'max_combo_prob': 0.1053, 'est_top_odds': 12.7, 'circle_concentration': 79.0, 'eligible_count': 6, 'bet_adj': 0, 'reason': 'rel_win1=69.4%（本命度） / 最有力組み合わせ確率: 0.105（推定実オッズ?13倍） / 2着集中度: 上位2艇 79.0%（補正+0.04） / 総合判定確率: 0.145 / → ヒモはやや固め。上位2艇以外を切ること', 'tenji_trigger': '展示確認: 1号艇伸び良→そのまま採用。悪→飛び組に差し替え。circle_pct上位2艇に絞り込むこと。'}",,,26.3,逃げ狙い,13.98,26.7,3,,,,,,,,,,,
2025-09-29,丸亀,12,5,吉田　光,B1,44.44,5,○,2.8738,11.4,91,32,0.1668,3.64,,,0,低,72,0,-,444 25,0,50.3,0.919,,,,,,0.0909,0.1818,0.1818,,,A,,,0.3386,0.539,,0.4081,S,82,0,◎1着固定 2-3着流し（5〜8点）,0.5777,"{'is_target': True, 'verdict': '点数絞り', 'max_combo_prob': 0.1053, 'est_top_odds': 12.7, 'circle_concentration': 79.0, 'eligible_count': 6, 'bet_adj': 0, 'reason': 'rel_win1=69.4%（本命度） / 最有力組み合わせ確率: 0.105（推定実オッズ?13倍） / 2着集中度: 上位2艇 79.0%（補正+0.04） / 総合判定確率: 0.145 / → ヒモはやや固め。上位2艇以外を切ること', 'tenji_trigger': '展示確認: 1号艇伸び良→そのまま採用。悪→飛び組に差し替え。circle_pct上位2艇に絞り込むこと。'}",,,26.3,逃げ狙い,13.98,26.7,3,,,,,,,,,,,
2025-09-29,丸亀,12,6,中村有裕,A2,17.65,6,,3.2791,2.1,54,18.2,0.1841,4,,,0,低,76,0,ま0%,6 4553,0,21.8,0.8708,0,0,0.1,0,0,0.08,0.0267,0.1733,,,D,△,,0.2756,0.63,,0.4081,S,82,0,◎1着固定 2-3着流し（5〜8点）,0.5777,"{'is_target': True, 'verdict': '点数絞り', 'max_combo_prob': 0.1053, 'est_top_odds': 12.7, 'circle_concentration': 79.0, 'eligible_count': 6, 'bet_adj': 0, 'reason': 'rel_win1=69.4%（本命度） / 最有力組み合わせ確率: 0.105（推定実オッズ?13倍） / 2着集中度: 上位2艇 79.0%（補正+0.04） / 総合判定確率: 0.145 / → ヒモはやや固め。上位2艇以外を切ること', 'tenji_trigger': '展示確認: 1号艇伸び良→そのまま採用。悪→飛び組に差し替え。circle_pct上位2艇に絞り込むこと。'}",,,26.3,逃げ狙い,13.98,26.7,3,,,,,,,,,,,
2025-09-30,丸亀,1,1,鋤柄貴俊,B1,20.00,1,◎,53.1154,,0,72.3,0.1654,3.2308,,,0,低,111,0,逃0%,3 235,0,68.2,0.9516,0.1364,,,,,0.1659,0.3523,0.2227,○,,D,◎,,,0.6265,,0.4066,A,60,0,◎-○軸 3着3〜4艇流し（10〜15点）,0.5777,"{'is_target': True, 'verdict': '参加推奨', 'max_combo_prob': 0.0846, 'est_top_odds': 15.8, 'circle_concentration': 65.2, 'eligible_count': 8, 'bet_adj': 2, 'reason': 'rel_win1=53.1%（本命度） / 最有力組み合わせ確率: 0.085（推定実オッズ?16倍） / 2着集中度: 上位2艇 65.2%（補正+0.00） / 総合判定確率: 0.085 / → ヒモ分散。1号艇1着固定で広めのヒモ流し推奨（買い目+2点）', 'tenji_trigger': '展示確認: ヒモ分散レース。1号艇伸び確認後、広めのヒモ流しを採用。穴ヒモ（5・6号艇）を積極的に含める。'}",,,31.6,両建て推奨,18.1,38.3,3,,,,,0,0,0.6155,0,,主役軸流し,B
2025-09-30,丸亀,1,2,塩田雄一,B1,33.33,2,△,10.0902,37.7,44,39,0.1837,3.8814,,,0,低,147,0,-,6 653,0,87.2,1.595,0,0,0.08,0,0,0.4143,0.0952,0.2071,,,C,,,0.1526,0.5565,,0.4066,A,60,0,◎-○軸 3着3〜4艇流し（10〜15点）,0.5777,"{'is_target': True, 'verdict': '参加推奨', 'max_combo_prob': 0.0846, 'est_top_odds': 15.8, 'circle_concentration': 65.2, 'eligible_count': 8, 'bet_adj': 2, 'reason': 'rel_win1=53.1%（本命度） / 最有力組み合わせ確率: 0.085（推定実オッズ?16倍） / 2着集中度: 上位2艇 65.2%（補正+0.00） / 総合判定確率: 0.085 / → ヒモ分散。1号艇1着固定で広めのヒモ流し推奨（買い目+2点）', 'tenji_trigger': '展示確認: ヒモ分散レース。1号艇伸び確認後、広めのヒモ流しを採用。穴ヒモ（5・6号艇）を積極的に含める。'}",,,31.6,両建て推奨,18.1,38.3,3,,,,,,,,,,,
2025-09-30,丸亀,1,3,渡邉英児,B1,12.50,3,,18.027,27.4,100,60.7,0.1655,3.2679,,,0,低,130,0,ま0%,3 561,0,66,1.3408,0,0,0.125,0,0,0.1657,0.0667,0.1657,,,E,△,,0.3477,0.6175,,0.4066,A,60,0,◎-○軸 3着3〜4艇流し（10〜15点）,0.5777,"{'is_target': True, 'verdict': '参加推奨', 'max_combo_prob': 0.0846, 'est_top_odds': 15.8, 'circle_concentration': 65.2, 'eligible_count': 8, 'bet_adj': 2, 'reason': 'rel_win1=53.1%（本命度） / 最有力組み合わせ確率: 0.085（推定実オッズ?16倍） / 2着集中度: 上位2艇 65.2%（補正+0.00） / 総合判定確率: 0.085 / → ヒモ分散。1号艇1着固定で広めのヒモ流し推奨（買い目+2点）', 'tenji_trigger': '展示確認: ヒモ分散レース。1号艇伸び確認後、広めのヒモ流しを採用。穴ヒモ（5・6号艇）を積極的に含める。'}",,,31.6,両建て推奨,18.1,38.3,3,,,,,,,,,,,
2025-09-30,丸亀,1,4,菅沼佳昭,B1,46.15,4,○,10.9168,13.5,61,31.3,0.1666,3.6269,,,0,低,189,0,差0%,535 46,0,42.7,0.8777,0,0.0333,0,0,0,0.0667,0.3111,0.0444,,,A,△,,0.3263,0.6165,,0.4066,A,60,0,◎-○軸 3着3〜4艇流し（10〜15点）,0.5777,"{'is_target': True, 'verdict': '参加推奨', 'max_combo_prob': 0.0846, 'est_top_odds': 15.8, 'circle_concentration': 65.2, 'eligible_count': 8, 'bet_adj': 2, 'reason': 'rel_win1=53.1%（本命度） / 最有力組み合わせ確率: 0.085（推定実オッズ?16倍） / 2着集中度: 上位2艇 65.2%（補正+0.00） / 総合判定確率: 0.085 / → ヒモ分散。1号艇1着固定で広めのヒモ流し推奨（買い目+2点）', 'tenji_trigger': '展示確認: ヒモ分散レース。1号艇伸び確認後、広めのヒモ流しを採用。穴ヒモ（5・6号艇）を積極的に含める。'}",,,31.6,両建て推奨,18.1,38.3,3,,,,,,,,,,,
2025-09-30,丸亀,1,5,飯山晃三,B1,36.36,5,▲,6.4938,14.3,46,29.2,0.1943,4.6806,,,0,低,179,0,差0% 差ま0%,5 662,0,42.3,0.9236,0,0.0345,0,0.0345,0,0.1333,0.019,0.1581,,,B,,,0.2443,0.589,,0.4066,A,60,0,◎-○軸 3着3〜4艇流し（10〜15点）,0.5777,"{'is_target': True, 'verdict': '参加推奨', 'max_combo_prob': 0.0846, 'est_top_odds': 15.8, 'circle_concentration': 65.2, 'eligible_count': 8, 'bet_adj': 2, 'reason': 'rel_win1=53.1%（本命度） / 最有力組み合わせ確率: 0.085（推定実オッズ?16倍） / 2着集中度: 上位2艇 65.2%（補正+0.00） / 総合判定確率: 0.085 / → ヒモ分散。1号艇1着固定で広めのヒモ流し推奨（買い目+2点）', 'tenji_trigger': '展示確認: ヒモ分散レース。1号艇伸び確認後、広めのヒモ流しを採用。穴ヒモ（5・6号艇）を積極的に含める。'}",,,31.6,両建て推奨,18.1,38.3,3,,,,,,,,,,,
2025-09-30,丸亀,1,6,角浜　修,B1,30.00,6,,1.3569,7,30,9.5,0.175,4.2143,,,0,低,134,0,-,464 55,0,27.3,0.5683,,,,,,0.0833,0.15,0.15,,,C,○,,0.3361,0.6255,,0.4066,A,60,0,◎-○軸 3着3〜4艇流し（10〜15点）,0.5777,"{'is_target': True, 'verdict': '参加推奨', 'max_combo_prob': 0.0846, 'est_top_odds': 15.8, 'circle_concentration': 65.2, 'eligible_count': 8, 'bet_adj': 2, 'reason': 'rel_win1=53.1%（本命度） / 最有力組み合わせ確率: 0.085（推定実オッズ?16倍） / 2着集中度: 上位2艇 65.2%（補正+0.00） / 総合判定確率: 0.085 / → ヒモ分散。1号艇1着固定で広めのヒモ流し推奨（買い目+2点）', 'tenji_trigger': '展示確認: ヒモ分散レース。1号艇伸び確認後、広めのヒモ流しを採用。穴ヒモ（5・6号艇）を積極的に含める。'}",,,31.6,両建て推奨,18.1,38.3,3,,,,,,,,,,,
2025-09-30,丸亀,2,1,金田　諭,A2,44.44,1,◎,62.6132,,0,97.5,0.1364,2.5432,,,0,低,124,0,逃1%,62351,0,92.7,1.2484,0.6829,,,,,0.1493,0.0293,0.1883,◎,,B,△,,,0.615,,0.6732,S,94,0,◎1着固定 2-3着流し（5〜8点）,0.5777,"{'is_target': True, 'verdict': '点数絞り', 'max_combo_prob': 0.0967, 'est_top_odds': 13.8, 'circle_concentration': 75.1, 'eligible_count': 6, 'bet_adj': 0, 'reason': 'rel_win1=62.6%（本命度） / 最有力組み合わせ確率: 0.097（推定実オッズ?14倍） / 2着集中度: 上位2艇 75.1%（補正+0.04） / 総合判定確率: 0.137 / → ヒモはやや固め。上位2艇以外を切ること', 'tenji_trigger': '展示確認: 1号艇伸び良→そのまま採用。悪→飛び組に差し替え。circle_pct上位2艇に絞り込むこと。\n展示で1号艇スタート超安定(0.136秒)→ヒモ固まり方向に注意'}",,,26.9,逃げ狙い,13.39,28.8,2,,,,,0,0,0.7559,0,,逃げ軸流し,A
2025-09-30,丸亀,2,2,村越　篤,B1,50.00,2,○,15.9151,50.2,75,68.7,0.1593,3.2836,,,0,低,142,0,差0%,351 22,0,84.7,1.6117,0,0.1875,0,0,0,0.2516,0.0129,0.0774,,,A,◎,,0.1373,0.667,,0.6732,S,94,0,◎1着固定 2-3着流し（5〜8点）,0.5777,"{'is_target': True, 'verdict': '点数絞り', 'max_combo_prob': 0.0967, 'est_top_odds': 13.8, 'circle_concentration': 75.1, 'eligible_count': 6, 'bet_adj': 0, 'reason': 'rel_win1=62.6%（本命度） / 最有力組み合わせ確率: 0.097（推定実オッズ?14倍） / 2着集中度: 上位2艇 75.1%（補正+0.04） / 総合判定確率: 0.137 / → ヒモはやや固め。上位2艇以外を切ること', 'tenji_trigger': '展示確認: 1号艇伸び良→そのまま採用。悪→飛び組に差し替え。circle_pct上位2艇に絞り込むこと。\n展示で1号艇スタート超安定(0.136秒)→ヒモ固まり方向に注意'}",,,26.9,逃げ狙い,13.39,28.8,2,,,,,,,,,,,
2025-09-30,丸亀,2,3,中島友和,B1,25.00,3,,11.6208,24.9,100,60.4,0.1532,3.0377,,,0,低,78,0,ま0% 差ま0%,4 223,0,40.5,1.1598,0,0,0.0345,0.069,0,0.064,0.23,0.123,,,D,△,,0.215,0.61,,0.6732,S,94,0,◎1着固定 2-3着流し（5〜8点）,0.5777,"{'is_target': True, 'verdict': '点数絞り', 'max_combo_prob': 0.0967, 'est_top_odds': 13.8, 'circle_concentration': 75.1, 'eligible_count': 6, 'bet_adj': 0, 'reason': 'rel_win1=62.6%（本命度） / 最有力組み合わせ確率: 0.097（推定実オッズ?14倍） / 2着集中度: 上位2艇 75.1%（補正+0.04） / 総合判定確率: 0.137 / → ヒモはやや固め。上位2艇以外を切ること', 'tenji_trigger': '展示確認: 1号艇伸び良→そのまま採用。悪→飛び組に差し替え。circle_pct上位2艇に絞り込むこと。\n展示で1号艇スタート超安定(0.136秒)→ヒモ固まり方向に注意'}",,,26.9,逃げ狙い,13.39,28.8,2,,,,,,,,,,,
2025-09-30,丸亀,2,4,吉田　光,B1,44.44,4,△,4.9017,18.5,86,50,0.1758,3.5625,,,0,低,72,0,-,444 25,0,58.8,0.9287,,,,,,0.0909,0.1818,0.1818,,,B,,,0.1637,0.539,,0.6732,S,94,0,◎1着固定 2-3着流し（5〜8点）,0.5777,"{'is_target': True, 'verdict': '点数絞り', 'max_combo_prob': 0.0967, 'est_top_odds': 13.8, 'circle_concentration': 75.1, 'eligible_count': 6, 'bet_adj': 0, 'reason': 'rel_win1=62.6%（本命度） / 最有力組み合わせ確率: 0.097（推定実オッズ?14倍） / 2着集中度: 上位2艇 75.1%（補正+0.04） / 総合判定確率: 0.137 / → ヒモはやや固め。上位2艇以外を切ること', 'tenji_trigger': '展示確認: 1号艇伸び良→そのまま採用。悪→飛び組に差し替え。circle_pct上位2艇に絞り込むこと。\n展示で1号艇スタート超安定(0.136秒)→ヒモ固まり方向に注意'}",,,26.9,逃げ狙い,13.39,28.8,2,,,,,,,,,,,
2025-09-30,丸亀,2,5,小森信雄,B1,28.57,5,,3.7882,4.5,81,31.2,0.186,4.3438,,,0,低,133,0,-,144 65,0,31.5,0.9243,,,,,,0.175,0.25,0.0333,,,D,,,0.1566,0.608,,0.6732,S,94,0,◎1着固定 2-3着流し（5〜8点）,0.5777,"{'is_target': True, 'verdict': '点数絞り', 'max_combo_prob': 0.0967, 'est_top_odds': 13.8, 'circle_concentration': 75.1, 'eligible_count': 6, 'bet_adj': 0, 'reason': 'rel_win1=62.6%（本命度） / 最有力組み合わせ確率: 0.097（推定実オッズ?14倍） / 2着集中度: 上位2艇 75.1%（補正+0.04） / 総合判定確率: 0.137 / → ヒモはやや固め。上位2艇以外を切ること', 'tenji_trigger': '展示確認: 1号艇伸び良→そのまま採用。悪→飛び組に差し替え。circle_pct上位2艇に絞り込むこと。\n展示で1号艇スタート超安定(0.136秒)→ヒモ固まり方向に注意'}",,,26.9,逃げ狙い,13.39,28.8,2,,,,,,,,,,,
2025-09-30,丸亀,2,6,岡瀬正人,A2,50.00,6,▲,1.161,1.9,58,44.3,0.1777,4.1714,,,0,低,176,0,-,652 16,0,30.8,1.3603,,,,,,0.0955,0.1727,0.0545,,,A,○,,0.183,0.6505,,0.6732,S,94,0,◎1着固定 2-3着流し（5〜8点）,0.5777,"{'is_target': True, 'verdict': '点数絞り', 'max_combo_prob': 0.0967, 'est_top_odds': 13.8, 'circle_concentration': 75.1, 'eligible_count': 6, 'bet_adj': 0, 'reason': 'rel_win1=62.6%（本命度） / 最有力組み合わせ確率: 0.097（推定実オッズ?14倍） / 2着集中度: 上位2艇 75.1%（補正+0.04） / 総合判定確率: 0.137 / → ヒモはやや固め。上位2艇以外を切ること', 'tenji_trigger': '展示確認: 1号艇伸び良→そのまま採用。悪→飛び組に差し替え。circle_pct上位2艇に絞り込むこと。\n展示で1号艇スタート超安定(0.136秒)→ヒモ固まり方向に注意'}",,,26.9,逃げ狙い,13.39,28.8,2,,,,,,,,,,,
2025-09-30,丸亀,3,1,山一鉄也,B2,44.44,1,◎,63.7145,,0,87.1,0.1407,2.5857,,,0,低,103,0,逃1%,642 16,0,87,1.1453,0.6452,,,,,0.0129,0.131,0.0978,◎,,A,○,,,0.668,,0.599,S,97,0,◎1着固定 2-3着流し（5〜8点）,0.5777,"{'is_target': True, 'verdict': '参加推奨', 'max_combo_prob': 0.0867, 'est_top_odds': 15.4, 'circle_concentration': 62.8, 'eligible_count': 6, 'bet_adj': 2, 'reason': 'rel_win1=63.7%（本命度） / 最有力組み合わせ確率: 0.087（推定実オッズ?15倍） / 2着集中度: 上位2艇 62.8%（補正+0.00） / 総合判定確率: 0.087 / → ヒモ分散。1号艇1着固定で広めのヒモ流し推奨（買い目+2点）', 'tenji_trigger': '展示確認: ヒモ分散レース。1号艇伸び確認後、広めのヒモ流しを採用。穴ヒモ（5・6号艇）を積極的に含める。'}",,,24.6,逃げ狙い,9.39,25.9,2,,,,,0,0,0.7559,0,,逃げ軸流し,A
2025-09-30,丸亀,3,2,塩崎優司,B1,27.27,2,△,11.5661,40.8,55,46.8,0.1769,3.7661,,,0,低,128,0,ま0% 抜0%,6 562,0,89.5,0.7857,0,0,0.0741,0,0.037,0.0533,0.1657,0.0533,,,C,,,0.0617,0.591,,0.599,S,97,0,◎1着固定 2-3着流し（5〜8点）,0.5777,"{'is_target': True, 'verdict': '参加推奨', 'max_combo_prob': 0.0867, 'est_top_odds': 15.4, 'circle_concentration': 62.8, 'eligible_count': 6, 'bet_adj': 2, 'reason': 'rel_win1=63.7%（本命度） / 最有力組み合わせ確率: 0.087（推定実オッズ?15倍） / 2着集中度: 上位2艇 62.8%（補正+0.00） / 総合判定確率: 0.087 / → ヒモ分散。1号艇1着固定で広めのヒモ流し推奨（買い目+2点）', 'tenji_trigger': '展示確認: ヒモ分散レース。1号艇伸び確認後、広めのヒモ流しを採用。穴ヒモ（5・6号艇）を積極的に含める。'}",,,24.6,逃げ狙い,9.39,25.9,2,,,,,,,,,,,
2025-09-30,丸亀,3,3,今坂晃広,B1,44.44,3,○,8.309,22,78,40.8,0.1763,3.6645,,,0,低,154,0,-,162 56,0,39.3,1.0498,0,0,0,0.0294,0,0.0462,0.1969,0.0462,,,A,◎,,0.1191,0.681,,0.599,S,97,0,◎1着固定 2-3着流し（5〜8点）,0.5777,"{'is_target': True, 'verdict': '参加推奨', 'max_combo_prob': 0.0867, 'est_top_odds': 15.4, 'circle_concentration': 62.8, 'eligible_count': 6, 'bet_adj': 2, 'reason': 'rel_win1=63.7%（本命度） / 最有力組み合わせ確率: 0.087（推定実オッズ?15倍） / 2着集中度: 上位2艇 62.8%（補正+0.00） / 総合判定確率: 0.087 / → ヒモ分散。1号艇1着固定で広めのヒモ流し推奨（買い目+2点）', 'tenji_trigger': '展示確認: ヒモ分散レース。1号艇伸び確認後、広めのヒモ流しを採用。穴ヒモ（5・6号艇）を積極的に含める。'}",,,24.6,逃げ狙い,9.39,25.9,2,,,,,,,,,,,
2025-09-30,丸亀,3,4,馬袋義則,A1,20.00,4,▲,6.8554,18.4,90,52.9,0.1368,2.9779,,,0,低,78,0,ま0%,216346,0,49.7,1.037,0,0,0.0833,0,0,0.129,0.1771,0.1771,,,D,△,,0.3354,0.656,,0.599,S,97,0,◎1着固定 2-3着流し（5〜8点）,0.5777,"{'is_target': True, 'verdict': '参加推奨', 'max_combo_prob': 0.0867, 'est_top_odds': 15.4, 'circle_concentration': 62.8, 'eligible_count': 6, 'bet_adj': 2, 'reason': 'rel_win1=63.7%（本命度） / 最有力組み合わせ確率: 0.087（推定実オッズ?15倍） / 2着集中度: 上位2艇 62.8%（補正+0.00） / 総合判定確率: 0.087 / → ヒモ分散。1号艇1着固定で広めのヒモ流し推奨（買い目+2点）', 'tenji_trigger': '展示確認: ヒモ分散レース。1号艇伸び確認後、広めのヒモ流しを採用。穴ヒモ（5・6号艇）を積極的に含める。'}",,,24.6,逃げ狙い,9.39,25.9,2,,,,,,,,,,,
2025-09-30,丸亀,3,5,中村有裕,A2,17.65,5,,8.4803,16.1,100,52.7,0.1507,3.0818,,,0,低,76,0,差ま0%,6 4553,0,27,1.5912,0,0,0,0.0417,0,0.08,0.0267,0.1733,,,D,△,,0.2699,0.63,,0.599,S,97,0,◎1着固定 2-3着流し（5〜8点）,0.5777,"{'is_target': True, 'verdict': '参加推奨', 'max_combo_prob': 0.0867, 'est_top_odds': 15.4, 'circle_concentration': 62.8, 'eligible_count': 6, 'bet_adj': 2, 'reason': 'rel_win1=63.7%（本命度） / 最有力組み合わせ確率: 0.087（推定実オッズ?15倍） / 2着集中度: 上位2艇 62.8%（補正+0.00） / 総合判定確率: 0.087 / → ヒモ分散。1号艇1着固定で広めのヒモ流し推奨（買い目+2点）', 'tenji_trigger': '展示確認: ヒモ分散レース。1号艇伸び確認後、広めのヒモ流しを採用。穴ヒモ（5・6号艇）を積極的に含める。'}",,,24.6,逃げ狙い,9.39,25.9,2,,,,,,,,,,,
2025-09-30,丸亀,3,6,松尾宣邦,B1,0.00,6,,1.0748,2.7,32,10,0.1985,4.4375,,,0,低,128,0,-,4 363,0,34,0.8667,,,,,,0.0167,0.3167,0,,,E,,,0.1583,0.5955,,0.599,S,97,0,◎1着固定 2-3着流し（5〜8点）,0.5777,"{'is_target': True, 'verdict': '参加推奨', 'max_combo_prob': 0.0867, 'est_top_odds': 15.4, 'circle_concentration': 62.8, 'eligible_count': 6, 'bet_adj': 2, 'reason': 'rel_win1=63.7%（本命度） / 最有力組み合わせ確率: 0.087（推定実オッズ?15倍） / 2着集中度: 上位2艇 62.8%（補正+0.00） / 総合判定確率: 0.087 / → ヒモ分散。1号艇1着固定で広めのヒモ流し推奨（買い目+2点）', 'tenji_trigger': '展示確認: ヒモ分散レース。1号艇伸び確認後、広めのヒモ流しを採用。穴ヒモ（5・6号艇）を積極的に含める。'}",,,24.6,逃げ狙い,9.39,25.9,2,,,,,,,,,,,
2025-09-30,丸亀,4,1,宮地博士,B1,37.50,1,◎,46.2546,,0,67.3,0.1837,3.7041,,,0,低,189,0,逃0%,434 44,0,49.7,0.8734,0.2381,,,,,0.0952,0.0762,0.1771,△,,A,,,,0.5195,,0.2155,B,55,0,◎○△フォーメーション（15〜20点）,0.5777,"{'is_target': True, 'verdict': '参加推奨', 'max_combo_prob': 0.066, 'est_top_odds': 20.2, 'circle_concentration': 63.9, 'eligible_count': 9, 'bet_adj': 2, 'reason': 'rel_win1=46.3%（本命度） / 最有力組み合わせ確率: 0.066（推定実オッズ?20倍） / 2着集中度: 上位2艇 63.9%（補正+0.00） / 総合判定確率: 0.066 / → ヒモ分散。1号艇1着固定で広めのヒモ流し推奨（買い目+2点）', 'tenji_trigger': '展示確認: ヒモ分散レース。1号艇伸び確認後、広めのヒモ流しを採用。穴ヒモ（5・6号艇）を積極的に含める。\n展示で1号艇スタート遅め(0.184秒)確認→ヒモが荒れやすい'}",,,34.4,両建て推奨,17.91,32.1,2,2-1-3|1-2-4|1-2-5|1-2-3|1-3-4|1-5-4,3-4-5|6-1-3|3-5-4|6-1-4|2-1-3|6-4-1|6-1-5|1-2-4|1-2-5|1-2-3|1-3-4|1-5-4,2-1-3:2.32%|1-2-4:9.37%|1-2-5:8.0%|1-2-3:7.61%|1-3-4:5.81%|1-5-4:5.32%,2-1-3:B_main|1-2-4:A|1-2-5:A|1-2-3:A|1-3-4:A|1-5-4:A,6,12,0.4535,1,[!]見送り推奨（主役決まり手「差し」― 逃げ劣勢レースで的中実績なし）,荒れ広め,D
2025-09-30,丸亀,4,2,滝沢芳行,B1,10.00,2,▲,14.7737,42,46,50.9,0.1389,2.6754,,,0,低,85,0,-,565 15,0,28.7,0.8795,,,,,,0.18,0.18,0.064,,◎,D,△,,0.5918,0.628,,0.2155,B,55,0,◎○△フォーメーション（15〜20点）,0.5777,"{'is_target': True, 'verdict': '参加推奨', 'max_combo_prob': 0.066, 'est_top_odds': 20.2, 'circle_concentration': 63.9, 'eligible_count': 9, 'bet_adj': 2, 'reason': 'rel_win1=46.3%（本命度） / 最有力組み合わせ確率: 0.066（推定実オッズ?20倍） / 2着集中度: 上位2艇 63.9%（補正+0.00） / 総合判定確率: 0.066 / → ヒモ分散。1号艇1着固定で広めのヒモ流し推奨（買い目+2点）', 'tenji_trigger': '展示確認: ヒモ分散レース。1号艇伸び確認後、広めのヒモ流しを採用。穴ヒモ（5・6号艇）を積極的に含める。\n展示で1号艇スタート遅め(0.184秒)確認→ヒモが荒れやすい'}",,,34.4,両建て推奨,17.91,32.1,2,,,,,,,,,,,
2025-09-30,丸亀,4,3,鈴木　猛,B1,00.00,3,,10.0263,21.8,100,53.7,0.1613,3.0149,,,0,低,166,0,ま0% 抜0%,5 126,0,54.4,0.9952,0,0,0.0667,0,0.0333,0.1133,0.2133,0.0533,,,E,,,0.4126,0.6215,,0.2155,B,55,0,◎○△フォーメーション（15〜20点）,0.5777,"{'is_target': True, 'verdict': '参加推奨', 'max_combo_prob': 0.066, 'est_top_odds': 20.2, 'circle_concentration': 63.9, 'eligible_count': 9, 'bet_adj': 2, 'reason': 'rel_win1=46.3%（本命度） / 最有力組み合わせ確率: 0.066（推定実オッズ?20倍） / 2着集中度: 上位2艇 63.9%（補正+0.00） / 総合判定確率: 0.066 / → ヒモ分散。1号艇1着固定で広めのヒモ流し推奨（買い目+2点）', 'tenji_trigger': '展示確認: ヒモ分散レース。1号艇伸び確認後、広めのヒモ流しを採用。穴ヒモ（5・6号艇）を積極的に含める。\n展示で1号艇スタート遅め(0.184秒)確認→ヒモが荒れやすい'}",,,34.4,両建て推奨,17.91,32.1,2,,,,,,,,,,,
2025-09-30,丸亀,4,4,宮嵜隆太,B1,10.00,4,,14.3224,11.3,73,42,0.1226,2.4565,,,0,低,56,0,ま0% 差ま0%,663 44,0,55.9,1.1574,0,0,0.0769,0.0769,0,0.2833,0.3667,0.0222,,○,D,◎,◎,0.4884,0.654,0.397,0.2155,B,55,0,◎○△フォーメーション（15〜20点）,0.5777,"{'is_target': True, 'verdict': '参加推奨', 'max_combo_prob': 0.066, 'est_top_odds': 20.2, 'circle_concentration': 63.9, 'eligible_count': 9, 'bet_adj': 2, 'reason': 'rel_win1=46.3%（本命度） / 最有力組み合わせ確率: 0.066（推定実オッズ?20倍） / 2着集中度: 上位2艇 63.9%（補正+0.00） / 総合判定確率: 0.066 / → ヒモ分散。1号艇1着固定で広めのヒモ流し推奨（買い目+2点）', 'tenji_trigger': '展示確認: ヒモ分散レース。1号艇伸び確認後、広めのヒモ流しを採用。穴ヒモ（5・6号艇）を積極的に含める。\n展示で1号艇スタート遅め(0.184秒)確認→ヒモが荒れやすい'}",,,34.4,両建て推奨,17.91,32.1,2,,,,,,,,,,,
2025-09-30,丸亀,4,5,角谷健吾,A2,22.22,5,△,8.5066,22,73,52.9,0.1418,2.9608,,,0,低,85,0,差ま0%,231 43,0,87.5,1.5167,0,0,0,0.0455,0,0.2214,0.0143,0.1036,,△,C,○,,0.4275,0.632,,0.2155,B,55,0,◎○△フォーメーション（15〜20点）,0.5777,"{'is_target': True, 'verdict': '参加推奨', 'max_combo_prob': 0.066, 'est_top_odds': 20.2, 'circle_concentration': 63.9, 'eligible_count': 9, 'bet_adj': 2, 'reason': 'rel_win1=46.3%（本命度） / 最有力組み合わせ確率: 0.066（推定実オッズ?20倍） / 2着集中度: 上位2艇 63.9%（補正+0.00） / 総合判定確率: 0.066 / → ヒモ分散。1号艇1着固定で広めのヒモ流し推奨（買い目+2点）', 'tenji_trigger': '展示確認: ヒモ分散レース。1号艇伸び確認後、広めのヒモ流しを採用。穴ヒモ（5・6号艇）を積極的に含める。\n展示で1号艇スタート遅め(0.184秒)確認→ヒモが荒れやすい'}",,,34.4,両建て推奨,17.91,32.1,2,,,,,,,,,,,
2025-09-30,丸亀,4,6,山本隆幸,A1,44.44,6,○,6.1165,3,48,25,0.1781,3.7031,,,0,低,130,0,-,446125,0,32.7,1.2072,,,,,,0,0.0645,0.2258,,,A,△,,0.3428,0.631,,0.2155,B,55,0,◎○△フォーメーション（15〜20点）,0.5777,"{'is_target': True, 'verdict': '参加推奨', 'max_combo_prob': 0.066, 'est_top_odds': 20.2, 'circle_concentration': 63.9, 'eligible_count': 9, 'bet_adj': 2, 'reason': 'rel_win1=46.3%（本命度） / 最有力組み合わせ確率: 0.066（推定実オッズ?20倍） / 2着集中度: 上位2艇 63.9%（補正+0.00） / 総合判定確率: 0.066 / → ヒモ分散。1号艇1着固定で広めのヒモ流し推奨（買い目+2点）', 'tenji_trigger': '展示確認: ヒモ分散レース。1号艇伸び確認後、広めのヒモ流しを採用。穴ヒモ（5・6号艇）を積極的に含める。\n展示で1号艇スタート遅め(0.184秒)確認→ヒモが荒れやすい'}",,,34.4,両建て推奨,17.91,32.1,2,,,,,,,,,,,
2025-09-30,丸亀,5,1,岩崎正哉,A2,36.36,1,◎,58.6602,,0,94.7,0.1664,3.7171,,,0,低,192,0,逃1%,15552,0,88,1.2041,0.6774,,,,,0.0387,0.0387,0.0387,◎,,B,△,,,0.6185,,0.4522,S,96,0,◎1着固定 2-3着流し（5〜8点）,0.5777,"{'is_target': True, 'verdict': '参加推奨', 'max_combo_prob': 0.0762, 'est_top_odds': 17.5, 'circle_concentration': 59.0, 'eligible_count': 6, 'bet_adj': 2, 'reason': 'rel_win1=58.7%（本命度） / 最有力組み合わせ確率: 0.076（推定実オッズ?18倍） / 2着集中度: 上位2艇 59.0%（補正+0.00） / 総合判定確率: 0.076 / → ヒモ分散。1号艇1着固定で広めのヒモ流し推奨（買い目+2点）', 'tenji_trigger': '展示確認: ヒモ分散レース。1号艇伸び確認後、広めのヒモ流しを採用。穴ヒモ（5・6号艇）を積極的に含める。'}",,,26,逃げ狙い,14.74,25.1,2,,,,,0,0,0.7559,0,,逃げ軸流し,A
2025-09-30,丸亀,5,2,越智照浩,B2,12.50,2,▲,7.9194,36.2,41,35.4,0.155,3.5104,,,0,低,133,0,-,5 353,0,44.2,0.9231,0,0,0.0385,0,0,0.2,0.35,0.05,,◎,E,,,0.4237,0.563,,0.4522,S,96,0,◎1着固定 2-3着流し（5〜8点）,0.5777,"{'is_target': True, 'verdict': '参加推奨', 'max_combo_prob': 0.0762, 'est_top_odds': 17.5, 'circle_concentration': 59.0, 'eligible_count': 6, 'bet_adj': 2, 'reason': 'rel_win1=58.7%（本命度） / 最有力組み合わせ確率: 0.076（推定実オッズ?18倍） / 2着集中度: 上位2艇 59.0%（補正+0.00） / 総合判定確率: 0.076 / → ヒモ分散。1号艇1着固定で広めのヒモ流し推奨（買い目+2点）', 'tenji_trigger': '展示確認: ヒモ分散レース。1号艇伸び確認後、広めのヒモ流しを採用。穴ヒモ（5・6号艇）を積極的に含める。'}",,,26,逃げ狙い,14.74,25.1,2,,,,,,,,,,,
2025-09-30,丸亀,5,3,川村正輝,B1,40.00,3,○,12.3393,20.4,100,61.7,0.1672,2.9574,,,0,低,140,0,差ま0%,3 446,0,47.6,1.2006,0,0,0,0.1111,0,0.1667,0.1667,0.1667,,,A,△,,0.308,0.57,,0.4522,S,96,0,◎1着固定 2-3着流し（5〜8点）,0.5777,"{'is_target': True, 'verdict': '参加推奨', 'max_combo_prob': 0.0762, 'est_top_odds': 17.5, 'circle_concentration': 59.0, 'eligible_count': 6, 'bet_adj': 2, 'reason': 'rel_win1=58.7%（本命度） / 最有力組み合わせ確率: 0.076（推定実オッズ?18倍） / 2着集中度: 上位2艇 59.0%（補正+0.00） / 総合判定確率: 0.076 / → ヒモ分散。1号艇1着固定で広めのヒモ流し推奨（買い目+2点）', 'tenji_trigger': '展示確認: ヒモ分散レース。1号艇伸び確認後、広めのヒモ流しを採用。穴ヒモ（5・6号艇）を積極的に含める。'}",,,26,逃げ狙い,14.74,25.1,2,,,,,,,,,,,
2025-09-30,丸亀,5,4,塩田雄一,B1,33.33,4,△,10.9355,22.7,57,35.9,0.1988,3.5859,,,0,低,147,0,-,6 653,0,27.7,0.9398,0,0,0.04,0.04,0.04,0.4143,0.0952,0.2071,,,B,,○,0.166,0.5565,0.1687,0.4522,S,96,0,◎1着固定 2-3着流し（5〜8点）,0.5777,"{'is_target': True, 'verdict': '参加推奨', 'max_combo_prob': 0.0762, 'est_top_odds': 17.5, 'circle_concentration': 59.0, 'eligible_count': 6, 'bet_adj': 2, 'reason': 'rel_win1=58.7%（本命度） / 最有力組み合わせ確率: 0.076（推定実オッズ?18倍） / 2着集中度: 上位2艇 59.0%（補正+0.00） / 総合判定確率: 0.076 / → ヒモ分散。1号艇1着固定で広めのヒモ流し推奨（買い目+2点）', 'tenji_trigger': '展示確認: ヒモ分散レース。1号艇伸び確認後、広めのヒモ流しを採用。穴ヒモ（5・6号艇）を積極的に含める。'}",,,26,逃げ狙い,14.74,25.1,2,,,,,,,,,,,
2025-09-30,丸亀,5,5,北村征嗣,A1,0.00,5,,9.1525,19.3,77,54.2,0.1669,3.5508,,,0,低,114,0,差ま0%,1 2431,0,91.1,1.6493,0,0,0,0.08,0,0.0186,0.1742,0.0825,,,E,◎,◎,0.2973,0.656,0.3848,0.4522,S,96,0,◎1着固定 2-3着流し（5〜8点）,0.5777,"{'is_target': True, 'verdict': '参加推奨', 'max_combo_prob': 0.0762, 'est_top_odds': 17.5, 'circle_concentration': 59.0, 'eligible_count': 6, 'bet_adj': 2, 'reason': 'rel_win1=58.7%（本命度） / 最有力組み合わせ確率: 0.076（推定実オッズ?18倍） / 2着集中度: 上位2艇 59.0%（補正+0.00） / 総合判定確率: 0.076 / → ヒモ分散。1号艇1着固定で広めのヒモ流し推奨（買い目+2点）', 'tenji_trigger': '展示確認: ヒモ分散レース。1号艇伸び確認後、広めのヒモ流しを採用。穴ヒモ（5・6号艇）を積極的に含める。'}",,,26,逃げ狙い,14.74,25.1,2,,,,,,,,,,,
2025-09-30,丸亀,5,6,鋤柄貴俊,B1,20.00,6,,0.993,1.3,45,24.5,0.1868,4.2642,,,0,低,111,0,-,3 235,0,34,1.0792,,,,,,0.1659,0.3523,0.2227,,,D,○,,0.2534,0.6265,,0.4522,S,96,0,◎1着固定 2-3着流し（5〜8点）,0.5777,"{'is_target': True, 'verdict': '参加推奨', 'max_combo_prob': 0.0762, 'est_top_odds': 17.5, 'circle_concentration': 59.0, 'eligible_count': 6, 'bet_adj': 2, 'reason': 'rel_win1=58.7%（本命度） / 最有力組み合わせ確率: 0.076（推定実オッズ?18倍） / 2着集中度: 上位2艇 59.0%（補正+0.00） / 総合判定確率: 0.076 / → ヒモ分散。1号艇1着固定で広めのヒモ流し推奨（買い目+2点）', 'tenji_trigger': '展示確認: ヒモ分散レース。1号艇伸び確認後、広めのヒモ流しを採用。穴ヒモ（5・6号艇）を積極的に含める。'}",,,26,逃げ狙い,14.74,25.1,2,,,,,,,,,,,
2025-09-30,丸亀,6,1,川原正明,A2,28.57,1,◎,58.9058,,0,88.7,0.1455,2.5968,,,0,低,80,0,逃1%,1 2662,0,88.4,1.1432,0.7692,,,,,0.1128,0.0154,0.0308,◎,,C,△,,,0.633,,0.5421,S,91,0,◎1着固定 2-3着流し（5〜8点）,0.5777,"{'is_target': True, 'verdict': '参加推奨', 'max_combo_prob': 0.0535, 'est_top_odds': 24.9, 'circle_concentration': 54.6, 'eligible_count': 6, 'bet_adj': 2, 'reason': 'rel_win1=58.9%（本命度） / 最有力組み合わせ確率: 0.053（推定実オッズ?25倍） / 2着集中度: 上位2艇 54.6%（補正-0.04） / 総合判定確率: 0.013 / → ヒモ分散。1号艇1着固定で広めのヒモ流し推奨（買い目+2点）', 'tenji_trigger': '展示確認: ヒモ分散レース。1号艇伸び確認後、広めのヒモ流しを採用。穴ヒモ（5・6号艇）を積極的に含める。'}",,,28.3,逃げ狙い,21.9,25.5,5,,,,,0,0,0.7559,0,,逃げ軸流し,A
2025-09-30,丸亀,6,2,中村　真,B1,10.00,2,,7.3943,28,91,46,0.173,3.78,,,0,低,111,0,-,3 326,0,24.2,0.7745,,,,,,0.0522,0.2196,0.0174,,,E,,,0.0775,0.584,,0.5421,S,91,0,◎1着固定 2-3着流し（5〜8点）,0.5777,"{'is_target': True, 'verdict': '参加推奨', 'max_combo_prob': 0.0535, 'est_top_odds': 24.9, 'circle_concentration': 54.6, 'eligible_count': 6, 'bet_adj': 2, 'reason': 'rel_win1=58.9%（本命度） / 最有力組み合わせ確率: 0.053（推定実オッズ?25倍） / 2着集中度: 上位2艇 54.6%（補正-0.04） / 総合判定確率: 0.013 / → ヒモ分散。1号艇1着固定で広めのヒモ流し推奨（買い目+2点）', 'tenji_trigger': '展示確認: ヒモ分散レース。1号艇伸び確認後、広めのヒモ流しを採用。穴ヒモ（5・6号艇）を積極的に含める。'}",,,28.3,逃げ狙い,21.9,25.5,5,,,,,,,,,,,
2025-09-30,丸亀,6,3,吉田　光,B1,44.44,3,○,7.6152,26,100,50,0.1475,3.1635,,,0,低,72,0,-,444 25,0,79.7,0.9,,,,,,0.0909,0.1818,0.1818,,,A,,,0.3,0.539,,0.5421,S,91,0,◎1着固定 2-3着流し（5〜8点）,0.5777,"{'is_target': True, 'verdict': '参加推奨', 'max_combo_prob': 0.0535, 'est_top_odds': 24.9, 'circle_concentration': 54.6, 'eligible_count': 6, 'bet_adj': 2, 'reason': 'rel_win1=58.9%（本命度） / 最有力組み合わせ確率: 0.053（推定実オッズ?25倍） / 2着集中度: 上位2艇 54.6%（補正-0.04） / 総合判定確率: 0.013 / → ヒモ分散。1号艇1着固定で広めのヒモ流し推奨（買い目+2点）', 'tenji_trigger': '展示確認: ヒモ分散レース。1号艇伸び確認後、広めのヒモ流しを採用。穴ヒモ（5・6号艇）を積極的に含める。'}",,,28.3,逃げ狙い,21.9,25.5,5,,,,,,,,,,,
2025-09-30,丸亀,6,4,角浜　修,B1,30.00,4,△,4.6586,9.7,50,23.8,0.1706,3.7302,,,0,低,134,0,-,464 55,0,33.8,0.8111,0,0,0,0.0303,0,0.0833,0.15,0.15,,,B,△,,0.1803,0.6255,,0.5421,S,91,0,◎1着固定 2-3着流し（5〜8点）,0.5777,"{'is_target': True, 'verdict': '参加推奨', 'max_combo_prob': 0.0535, 'est_top_odds': 24.9, 'circle_concentration': 54.6, 'eligible_count': 6, 'bet_adj': 2, 'reason': 'rel_win1=58.9%（本命度） / 最有力組み合わせ確率: 0.053（推定実オッズ?25倍） / 2着集中度: 上位2艇 54.6%（補正-0.04） / 総合判定確率: 0.013 / → ヒモ分散。1号艇1着固定で広めのヒモ流し推奨（買い目+2点）', 'tenji_trigger': '展示確認: ヒモ分散レース。1号艇伸び確認後、広めのヒモ流しを採用。穴ヒモ（5・6号艇）を積極的に含める。'}",,,28.3,逃げ狙い,21.9,25.5,5,,,,,,,,,,,
2025-09-30,丸亀,6,5,中辻崇人,A2,14.29,5,▲,16.9994,26.7,95,82,0.1264,2.6026,,,0,低,42,0,差ま1%,22113,0,33,1.43,0,0,0.3333,0.0667,0,0.2667,0,0,,◎,E,◎,◎,0.4392,0.6505,0.4653,0.5421,S,91,0,◎1着固定 2-3着流し（5〜8点）,0.5777,"{'is_target': True, 'verdict': '参加推奨', 'max_combo_prob': 0.0535, 'est_top_odds': 24.9, 'circle_concentration': 54.6, 'eligible_count': 6, 'bet_adj': 2, 'reason': 'rel_win1=58.9%（本命度） / 最有力組み合わせ確率: 0.053（推定実オッズ?25倍） / 2着集中度: 上位2艇 54.6%（補正-0.04） / 総合判定確率: 0.013 / → ヒモ分散。1号艇1着固定で広めのヒモ流し推奨（買い目+2点）', 'tenji_trigger': '展示確認: ヒモ分散レース。1号艇伸び確認後、広めのヒモ流しを採用。穴ヒモ（5・6号艇）を積極的に含める。'}",,,28.3,逃げ狙い,21.9,25.5,5,,,,,,,,,,,
2025-09-30,丸亀,6,6,鈴木　博,A1,16.67,6,,4.4266,9.7,63,50,0.1529,3.2981,,,0,低,120,0,-,1 1434,0,82.1,1.5769,0,0,0,0.04,0,0.05,0.11,0.02,,,D,○,,0.2488,0.6475,,0.5421,S,91,0,◎1着固定 2-3着流し（5〜8点）,0.5777,"{'is_target': True, 'verdict': '参加推奨', 'max_combo_prob': 0.0535, 'est_top_odds': 24.9, 'circle_concentration': 54.6, 'eligible_count': 6, 'bet_adj': 2, 'reason': 'rel_win1=58.9%（本命度） / 最有力組み合わせ確率: 0.053（推定実オッズ?25倍） / 2着集中度: 上位2艇 54.6%（補正-0.04） / 総合判定確率: 0.013 / → ヒモ分散。1号艇1着固定で広めのヒモ流し推奨（買い目+2点）', 'tenji_trigger': '展示確認: ヒモ分散レース。1号艇伸び確認後、広めのヒモ流しを採用。穴ヒモ（5・6号艇）を積極的に含める。'}",,,28.3,逃げ狙い,21.9,25.5,5,,,,,,,,,,,
2025-09-30,丸亀,7,1,田中信一,A1,33.33,1,◎,66.5855,,0,98.6,0.1464,3.058,,,0,低,73,0,逃1%,216 44,0,88.2,1.2751,0.7714,,,,,0.1729,0.0979,0.0343,◎,,D,◎,,,0.6585,,0.5517,S,90,0,◎1着固定 2-3着流し（5〜8点）,0.5777,"{'is_target': True, 'verdict': '参加推奨', 'max_combo_prob': 0.0728, 'est_top_odds': 18.3, 'circle_concentration': 56.7, 'eligible_count': 6, 'bet_adj': 2, 'reason': 'rel_win1=66.6%（本命度） / 最有力組み合わせ確率: 0.073（推定実オッズ?18倍） / 2着集中度: 上位2艇 56.7%（補正+0.00） / 総合判定確率: 0.073 / → ヒモ分散。1号艇1着固定で広めのヒモ流し推奨（買い目+2点）', 'tenji_trigger': '展示確認: ヒモ分散レース。1号艇伸び確認後、広めのヒモ流しを採用。穴ヒモ（5・6号艇）を積極的に含める。'}",,,26.4,逃げ狙い,11.29,29.2,5,,,,,0,0,0.7559,0,,逃げ軸流し,A
2025-09-30,丸亀,7,2,小森信雄,B1,28.57,2,,7.5466,24.9,100,40,0.1807,4.3111,,,0,低,133,0,-,144 65,0,25.6,0.691,,,,,,0.175,0.25,0.0333,,,D,△,,0.0775,0.608,,0.5517,S,90,0,◎1着固定 2-3着流し（5〜8点）,0.5777,"{'is_target': True, 'verdict': '参加推奨', 'max_combo_prob': 0.0728, 'est_top_odds': 18.3, 'circle_concentration': 56.7, 'eligible_count': 6, 'bet_adj': 2, 'reason': 'rel_win1=66.6%（本命度） / 最有力組み合わせ確率: 0.073（推定実オッズ?18倍） / 2着集中度: 上位2艇 56.7%（補正+0.00） / 総合判定確率: 0.073 / → ヒモ分散。1号艇1着固定で広めのヒモ流し推奨（買い目+2点）', 'tenji_trigger': '展示確認: ヒモ分散レース。1号艇伸び確認後、広めのヒモ流しを採用。穴ヒモ（5・6号艇）を積極的に含める。'}",,,26.4,逃げ狙い,11.29,29.2,5,,,,,,,,,,,
2025-09-30,丸亀,7,3,久富政弘,B1,28.57,3,,8.0715,26.6,90,50,0.174,3.7177,,,0,低,199,0,ま0%,255 26,0,36.5,0.9137,0,0,0.1071,0,0,0.2308,0.1538,0.0769,,,D,,,0.1609,0.593,,0.5517,S,90,0,◎1着固定 2-3着流し（5〜8点）,0.5777,"{'is_target': True, 'verdict': '参加推奨', 'max_combo_prob': 0.0728, 'est_top_odds': 18.3, 'circle_concentration': 56.7, 'eligible_count': 6, 'bet_adj': 2, 'reason': 'rel_win1=66.6%（本命度） / 最有力組み合わせ確率: 0.073（推定実オッズ?18倍） / 2着集中度: 上位2艇 56.7%（補正+0.00） / 総合判定確率: 0.073 / → ヒモ分散。1号艇1着固定で広めのヒモ流し推奨（買い目+2点）', 'tenji_trigger': '展示確認: ヒモ分散レース。1号艇伸び確認後、広めのヒモ流しを採用。穴ヒモ（5・6号艇）を積極的に含める。'}",,,26.4,逃げ狙い,11.29,29.2,5,,,,,,,,,,,
2025-09-30,丸亀,7,4,飯山晃三,B1,36.36,4,△,6.5801,12,37,24.5,0.2198,4.8679,,,0,低,179,0,ま0%,5 662,0,16.1,0.6345,0,0,0.0952,0,0,0.1333,0.019,0.1581,,,C,,,0.1268,0.589,,0.5517,S,90,0,◎1着固定 2-3着流し（5〜8点）,0.5777,"{'is_target': True, 'verdict': '参加推奨', 'max_combo_prob': 0.0728, 'est_top_odds': 18.3, 'circle_concentration': 56.7, 'eligible_count': 6, 'bet_adj': 2, 'reason': 'rel_win1=66.6%（本命度） / 最有力組み合わせ確率: 0.073（推定実オッズ?18倍） / 2着集中度: 上位2艇 56.7%（補正+0.00） / 総合判定確率: 0.073 / → ヒモ分散。1号艇1着固定で広めのヒモ流し推奨（買い目+2点）', 'tenji_trigger': '展示確認: ヒモ分散レース。1号艇伸び確認後、広めのヒモ流しを採用。穴ヒモ（5・6号艇）を積極的に含める。'}",,,26.4,逃げ狙い,11.29,29.2,5,,,,,,,,,,,
2025-09-30,丸亀,7,5,井口佳典,A1,63.64,5,○,9.9523,30.2,71,84.6,0.1185,2.8846,,,0,低,31,1,差0% ま0%,14211,0,100,2.339,0,0.0541,0.027,0,0,0,0.1667,0.1667,,,A,△,,0.3736,0.6355,,0.5517,S,90,0,◎1着固定 2-3着流し（5〜8点）,0.5777,"{'is_target': True, 'verdict': '参加推奨', 'max_combo_prob': 0.0728, 'est_top_odds': 18.3, 'circle_concentration': 56.7, 'eligible_count': 6, 'bet_adj': 2, 'reason': 'rel_win1=66.6%（本命度） / 最有力組み合わせ確率: 0.073（推定実オッズ?18倍） / 2着集中度: 上位2艇 56.7%（補正+0.00） / 総合判定確率: 0.073 / → ヒモ分散。1号艇1着固定で広めのヒモ流し推奨（買い目+2点）', 'tenji_trigger': '展示確認: ヒモ分散レース。1号艇伸び確認後、広めのヒモ流しを採用。穴ヒモ（5・6号艇）を積極的に含める。'}",,,26.4,逃げ狙い,11.29,29.2,5,,,,,,,,,,,
2025-09-30,丸亀,7,6,石田政吾,A2,44.44,6,▲,1.264,6.4,49,22.9,0.202,4.4672,,,0,低,126,0,-,2 3363,0,24.1,0.5658,,,,,,0.0615,0.2123,0.1662,,,B,○,,0.1383,0.6375,,0.5517,S,90,0,◎1着固定 2-3着流し（5〜8点）,0.5777,"{'is_target': True, 'verdict': '参加推奨', 'max_combo_prob': 0.0728, 'est_top_odds': 18.3, 'circle_concentration': 56.7, 'eligible_count': 6, 'bet_adj': 2, 'reason': 'rel_win1=66.6%（本命度） / 最有力組み合わせ確率: 0.073（推定実オッズ?18倍） / 2着集中度: 上位2艇 56.7%（補正+0.00） / 総合判定確率: 0.073 / → ヒモ分散。1号艇1着固定で広めのヒモ流し推奨（買い目+2点）', 'tenji_trigger': '展示確認: ヒモ分散レース。1号艇伸び確認後、広めのヒモ流しを採用。穴ヒモ（5・6号艇）を積極的に含める。'}",,,26.4,逃げ狙い,11.29,29.2,5,,,,,,,,,,,
2025-09-30,丸亀,8,1,渡邉英児,B1,12.50,1,◎,60.2396,,0,75.6,0.1776,3.609,,,0,低,130,0,逃0%,3 561,0,61,1.0132,0.3667,,,,,0.1657,0.0667,0.1657,△,,E,△,,,0.6175,,0.2918,A,72,0,◎-○軸 3着3〜4艇流し（10〜15点）,0.5777,"{'is_target': True, 'verdict': '点数絞り', 'max_combo_prob': 0.1106, 'est_top_odds': 12.1, 'circle_concentration': 79.9, 'eligible_count': 8, 'bet_adj': 0, 'reason': 'rel_win1=60.2%（本命度） / 最有力組み合わせ確率: 0.111（推定実オッズ?12倍） / 2着集中度: 上位2艇 79.9%（補正+0.04） / 総合判定確率: 0.151 / → ヒモはやや固め。上位2艇以外を切ること', 'tenji_trigger': '展示確認: 1号艇伸び良→そのまま採用。悪→飛び組に差し替え。circle_pct上位2艇に絞り込むこと。'}",,,28.2,逃げ狙い,15.17,31.2,3,2-1-3|1-2-3|1-3-2|1-2-4|1-3-4|1-4-3,6-1-3|2-1-3|6-3-1|6-1-4|4-5-6|6-4-1|4-3-5|1-2-3|1-3-2|1-2-4|1-3-4|1-4-3,2-1-3:3.81%|1-2-3:8.48%|1-3-2:6.46%|1-2-4:5.9%|1-3-4:4.57%|1-4-3:4.07%,2-1-3:B_main|1-2-3:A|1-3-2:A|1-2-4:A|1-3-4:A|1-4-3:A,6,12,0.4535,1,[!]見送り推奨（主役決まり手「差し」― 逃げ劣勢レースで的中実績なし）,荒れ広め,D
2025-09-30,丸亀,8,2,中村有裕,A2,17.65,2,△,12.2985,41.7,100,59.7,0.1371,3.0887,,,0,低,76,0,差0% ま0% 抜0%,6 4553,0,39.9,0.9733,0,0.1154,0.0385,0,0.0385,0.08,0.0267,0.1733,,◎,E,○,,0.5986,0.63,,0.2918,A,72,0,◎-○軸 3着3〜4艇流し（10〜15点）,0.5777,"{'is_target': True, 'verdict': '点数絞り', 'max_combo_prob': 0.1106, 'est_top_odds': 12.1, 'circle_concentration': 79.9, 'eligible_count': 8, 'bet_adj': 0, 'reason': 'rel_win1=60.2%（本命度） / 最有力組み合わせ確率: 0.111（推定実オッズ?12倍） / 2着集中度: 上位2艇 79.9%（補正+0.04） / 総合判定確率: 0.151 / → ヒモはやや固め。上位2艇以外を切ること', 'tenji_trigger': '展示確認: 1号艇伸び良→そのまま採用。悪→飛び組に差し替え。circle_pct上位2艇に絞り込むこと。'}",,,28.2,逃げ狙い,15.17,31.2,3,,,,,,,,,,,
2025-09-30,丸亀,8,3,山本隆幸,A1,44.44,3,○,13.8153,38.1,88,63,0.1661,3.2065,,,0,低,130,0,-,446125,0,100,2.5865,0,0,0.0952,0.0952,0,0,0.0645,0.2258,,○,A,◎,,0.3783,0.631,,0.2918,A,72,0,◎-○軸 3着3〜4艇流し（10〜15点）,0.5777,"{'is_target': True, 'verdict': '点数絞り', 'max_combo_prob': 0.1106, 'est_top_odds': 12.1, 'circle_concentration': 79.9, 'eligible_count': 8, 'bet_adj': 0, 'reason': 'rel_win1=60.2%（本命度） / 最有力組み合わせ確率: 0.111（推定実オッズ?12倍） / 2着集中度: 上位2艇 79.9%（補正+0.04） / 総合判定確率: 0.151 / → ヒモはやや固め。上位2艇以外を切ること', 'tenji_trigger': '展示確認: 1号艇伸び良→そのまま採用。悪→飛び組に差し替え。circle_pct上位2艇に絞り込むこと。'}",,,28.2,逃げ狙い,15.17,31.2,3,,,,,,,,,,,
2025-09-30,丸亀,8,4,塩崎優司,B1,27.27,4,▲,6.4551,15.7,37,29.3,0.1728,3.2328,,,0,低,128,0,ま0%,6 562,0,38.1,0.6791,0,0,0.1,0,0,0.0533,0.1657,0.0533,,,C,,,0.3314,0.591,,0.2918,A,72,0,◎-○軸 3着3〜4艇流し（10〜15点）,0.5777,"{'is_target': True, 'verdict': '点数絞り', 'max_combo_prob': 0.1106, 'est_top_odds': 12.1, 'circle_concentration': 79.9, 'eligible_count': 8, 'bet_adj': 0, 'reason': 'rel_win1=60.2%（本命度） / 最有力組み合わせ確率: 0.111（推定実オッズ?12倍） / 2着集中度: 上位2艇 79.9%（補正+0.04） / 総合判定確率: 0.151 / → ヒモはやや固め。上位2艇以外を切ること', 'tenji_trigger': '展示確認: 1号艇伸び良→そのまま採用。悪→飛び組に差し替え。circle_pct上位2艇に絞り込むこと。'}",,,28.2,逃げ狙い,15.17,31.2,3,,,,,,,,,,,
2025-09-30,丸亀,8,5,菅沼佳昭,B1,46.15,5,,3.2258,1.1,39,15.7,0.197,3.9143,,,0,低,189,0,-,535 46,0,23.9,0.7302,,,,,,0.0667,0.3111,0.0444,,,A,△,,0.2593,0.6165,,0.2918,A,72,0,◎-○軸 3着3〜4艇流し（10〜15点）,0.5777,"{'is_target': True, 'verdict': '点数絞り', 'max_combo_prob': 0.1106, 'est_top_odds': 12.1, 'circle_concentration': 79.9, 'eligible_count': 8, 'bet_adj': 0, 'reason': 'rel_win1=60.2%（本命度） / 最有力組み合わせ確率: 0.111（推定実オッズ?12倍） / 2着集中度: 上位2艇 79.9%（補正+0.04） / 総合判定確率: 0.151 / → ヒモはやや固め。上位2艇以外を切ること', 'tenji_trigger': '展示確認: 1号艇伸び良→そのまま採用。悪→飛び組に差し替え。circle_pct上位2艇に絞り込むこと。'}",,,28.2,逃げ狙い,15.17,31.2,3,,,,,,,,,,,
2025-09-30,丸亀,8,6,中島友和,B1,25.00,6,,3.9657,3.3,36,20,0.1771,3.8571,,,0,低,78,0,ま0% 差ま0%,4 223,0,24.5,0.9497,0,0,0.0588,0.0588,0,0.064,0.23,0.123,,,D,,,0.3039,0.61,,0.2918,A,72,0,◎-○軸 3着3〜4艇流し（10〜15点）,0.5777,"{'is_target': True, 'verdict': '点数絞り', 'max_combo_prob': 0.1106, 'est_top_odds': 12.1, 'circle_concentration': 79.9, 'eligible_count': 8, 'bet_adj': 0, 'reason': 'rel_win1=60.2%（本命度） / 最有力組み合わせ確率: 0.111（推定実オッズ?12倍） / 2着集中度: 上位2艇 79.9%（補正+0.04） / 総合判定確率: 0.151 / → ヒモはやや固め。上位2艇以外を切ること', 'tenji_trigger': '展示確認: 1号艇伸び良→そのまま採用。悪→飛び組に差し替え。circle_pct上位2艇に絞り込むこと。'}",,,28.2,逃げ狙い,15.17,31.2,3,,,,,,,,,,,
2025-09-30,丸亀,9,1,岡瀬正人,A2,50.00,1,◎,64.9241,,0,88.1,0.1586,3.901,,,0,低,176,0,逃1%,652 16,0,100,1.9656,0.5,,,,,0.0955,0.1727,0.0545,◎,,A,○,,,0.6505,,0.4791,A,79,0,◎-○軸 3着3〜4艇流し（10〜15点）,0.5777,"{'is_target': True, 'verdict': '点数絞り', 'max_combo_prob': 0.1373, 'est_top_odds': 9.7, 'circle_concentration': 85.7, 'eligible_count': 8, 'bet_adj': 0, 'reason': 'rel_win1=64.9%（本命度） / 最有力組み合わせ確率: 0.137（推定実オッズ?10倍） / 2着集中度: 上位2艇 85.7%（補正+0.04） / 総合判定確率: 0.177 / → ヒモはやや固め。上位2艇以外を切ること', 'tenji_trigger': '展示確認: 1号艇伸び良→そのまま採用。悪→飛び組に差し替え。circle_pct上位2艇に絞り込むこと。'}",,,28.2,逃げ狙い,16.41,30.1,2,,,,,0,0,0.7559,0,,逃げ軸流し,A
2025-09-30,丸亀,9,2,鈴木　猛,B1,00.00,2,,12.0383,54.5,70,58.4,0.1848,3.7338,,,0,低,166,0,差0% ま0%,5 126,0,33.1,0.9521,0,0.1176,0.0294,0,0,0.1133,0.2133,0.0533,,,E,△,,0.0887,0.6215,,0.4791,A,79,0,◎-○軸 3着3〜4艇流し（10〜15点）,0.5777,"{'is_target': True, 'verdict': '点数絞り', 'max_combo_prob': 0.1373, 'est_top_odds': 9.7, 'circle_concentration': 85.7, 'eligible_count': 8, 'bet_adj': 0, 'reason': 'rel_win1=64.9%（本命度） / 最有力組み合わせ確率: 0.137（推定実オッズ?10倍） / 2着集中度: 上位2艇 85.7%（補正+0.04） / 総合判定確率: 0.177 / → ヒモはやや固め。上位2艇以外を切ること', 'tenji_trigger': '展示確認: 1号艇伸び良→そのまま採用。悪→飛び組に差し替え。circle_pct上位2艇に絞り込むこと。'}",,,28.2,逃げ狙い,16.41,30.1,2,,,,,,,,,,,
2025-09-30,丸亀,9,3,松尾宣邦,B1,0.00,3,△,8.568,31.1,48,40,0.1724,3.78,,,0,低,128,0,差0% ま0% 差ま0% 抜0%,4 363,0,73.5,0.7958,0,0.0476,0.0476,0.0476,0.0476,0.0167,0.3167,0,,,E,△,,0.2418,0.5955,,0.4791,A,79,0,◎-○軸 3着3〜4艇流し（10〜15点）,0.5777,"{'is_target': True, 'verdict': '点数絞り', 'max_combo_prob': 0.1373, 'est_top_odds': 9.7, 'circle_concentration': 85.7, 'eligible_count': 8, 'bet_adj': 0, 'reason': 'rel_win1=64.9%（本命度） / 最有力組み合わせ確率: 0.137（推定実オッズ?10倍） / 2着集中度: 上位2艇 85.7%（補正+0.04） / 総合判定確率: 0.177 / → ヒモはやや固め。上位2艇以外を切ること', 'tenji_trigger': '展示確認: 1号艇伸び良→そのまま採用。悪→飛び組に差し替え。circle_pct上位2艇に絞り込むこと。'}",,,28.2,逃げ狙い,16.41,30.1,2,,,,,,,,,,,
2025-09-30,丸亀,9,4,越智照浩,B2,12.50,4,,4.0083,5.2,100,35.2,0.1756,3.8796,,,0,低,133,0,-,5 353,0,100,3.6928,,,,,,0.2,0.35,0.05,,,D,,,0.2724,0.563,,0.4791,A,79,0,◎-○軸 3着3〜4艇流し（10〜15点）,0.5777,"{'is_target': True, 'verdict': '点数絞り', 'max_combo_prob': 0.1373, 'est_top_odds': 9.7, 'circle_concentration': 85.7, 'eligible_count': 8, 'bet_adj': 0, 'reason': 'rel_win1=64.9%（本命度） / 最有力組み合わせ確率: 0.137（推定実オッズ?10倍） / 2着集中度: 上位2艇 85.7%（補正+0.04） / 総合判定確率: 0.177 / → ヒモはやや固め。上位2艇以外を切ること', 'tenji_trigger': '展示確認: 1号艇伸び良→そのまま採用。悪→飛び組に差し替え。circle_pct上位2艇に絞り込むこと。'}",,,28.2,逃げ狙い,16.41,30.1,2,,,,,,,,,,,
2025-09-30,丸亀,9,5,川村正輝,B1,40.00,5,○,4.5667,6.4,48,24.5,0.1837,4.1224,,,0,低,140,0,-,3 446,0,31.5,0.7786,,,,,,0.1667,0.1667,0.1667,,,A,,,0.256,0.57,,0.4791,A,79,0,◎-○軸 3着3〜4艇流し（10〜15点）,0.5777,"{'is_target': True, 'verdict': '点数絞り', 'max_combo_prob': 0.1373, 'est_top_odds': 9.7, 'circle_concentration': 85.7, 'eligible_count': 8, 'bet_adj': 0, 'reason': 'rel_win1=64.9%（本命度） / 最有力組み合わせ確率: 0.137（推定実オッズ?10倍） / 2着集中度: 上位2艇 85.7%（補正+0.04） / 総合判定確率: 0.177 / → ヒモはやや固め。上位2艇以外を切ること', 'tenji_trigger': '展示確認: 1号艇伸び良→そのまま採用。悪→飛び組に差し替え。circle_pct上位2艇に絞り込むこと。'}",,,28.2,逃げ狙い,16.41,30.1,2,,,,,,,,,,,
2025-09-30,丸亀,9,6,田村隆信,A1,0.00,6,▲,5.8946,2.7,62,36.7,0.1657,3.85,,,0,低,42,0,-,563 32,0,30.2,1.6336,,,,,,0.1011,0.0154,0.0154,,,E,◎,,0.3133,0.657,,0.4791,A,79,0,◎-○軸 3着3〜4艇流し（10〜15点）,0.5777,"{'is_target': True, 'verdict': '点数絞り', 'max_combo_prob': 0.1373, 'est_top_odds': 9.7, 'circle_concentration': 85.7, 'eligible_count': 8, 'bet_adj': 0, 'reason': 'rel_win1=64.9%（本命度） / 最有力組み合わせ確率: 0.137（推定実オッズ?10倍） / 2着集中度: 上位2艇 85.7%（補正+0.04） / 総合判定確率: 0.177 / → ヒモはやや固め。上位2艇以外を切ること', 'tenji_trigger': '展示確認: 1号艇伸び良→そのまま採用。悪→飛び組に差し替え。circle_pct上位2艇に絞り込むこと。'}",,,28.2,逃げ狙い,16.41,30.1,2,,,,,,,,,,,
2025-09-30,丸亀,10,1,中辻崇人,A2,14.29,1,◎,57.234,,0,100,0.1393,3.0351,,,0,低,42,0,逃1%,22113,0,63.1,1.0616,0.7222,,,,,0.2667,0,0,◎,,E,△,,,0.6505,,0.6181,S,87,0,◎1着固定 2-3着流し（5〜8点）,0.5777,"{'is_target': True, 'verdict': '点数絞り', 'max_combo_prob': 0.09, 'est_top_odds': 14.8, 'circle_concentration': 78.2, 'eligible_count': 6, 'bet_adj': 0, 'reason': 'rel_win1=57.2%（本命度） / 最有力組み合わせ確率: 0.090（推定実オッズ?15倍） / 2着集中度: 上位2艇 78.2%（補正+0.04） / 総合判定確率: 0.130 / → ヒモはやや固め。上位2艇以外を切ること', 'tenji_trigger': '展示確認: 1号艇伸び良→そのまま採用。悪→飛び組に差し替え。circle_pct上位2艇に絞り込むこと。\n展示で1号艇スタート超安定(0.139秒)→ヒモ固まり方向に注意'}",,,30,逃げ狙い,23.98,28.8,2,,,,,0,0,0.7559,0,,逃げ軸流し,A
2025-09-30,丸亀,10,2,角谷健吾,A2,22.22,2,▲,14.6949,56.3,38,80,0.1482,3.15,,,0,低,85,0,差0% ま0%,231 43,0,51.7,1.2834,0,0.3182,0.0455,0,0,0.2214,0.0143,0.1036,,,C,△,,0.2828,0.632,,0.6181,S,87,0,◎1着固定 2-3着流し（5〜8点）,0.5777,"{'is_target': True, 'verdict': '点数絞り', 'max_combo_prob': 0.09, 'est_top_odds': 14.8, 'circle_concentration': 78.2, 'eligible_count': 6, 'bet_adj': 0, 'reason': 'rel_win1=57.2%（本命度） / 最有力組み合わせ確率: 0.090（推定実オッズ?15倍） / 2着集中度: 上位2艇 78.2%（補正+0.04） / 総合判定確率: 0.130 / → ヒモはやや固め。上位2艇以外を切ること', 'tenji_trigger': '展示確認: 1号艇伸び良→そのまま採用。悪→飛び組に差し替え。circle_pct上位2艇に絞り込むこと。\n展示で1号艇スタート超安定(0.139秒)→ヒモ固まり方向に注意'}",,,30,逃げ狙い,23.98,28.8,2,,,,,,,,,,,
2025-09-30,丸亀,10,3,馬袋義則,A1,20.00,3,△,8.9669,21.9,77,69.3,0.1408,3.0333,,,0,低,78,0,ま0% 差ま0% 抜0%,216346,0,57.7,1.1817,0,0,0.0323,0.0323,0.0645,0.129,0.1771,0.1771,,,D,○,,0.2667,0.656,,0.6181,S,87,0,◎1着固定 2-3着流し（5〜8点）,0.5777,"{'is_target': True, 'verdict': '点数絞り', 'max_combo_prob': 0.09, 'est_top_odds': 14.8, 'circle_concentration': 78.2, 'eligible_count': 6, 'bet_adj': 0, 'reason': 'rel_win1=57.2%（本命度） / 最有力組み合わせ確率: 0.090（推定実オッズ?15倍） / 2着集中度: 上位2艇 78.2%（補正+0.04） / 総合判定確率: 0.130 / → ヒモはやや固め。上位2艇以外を切ること', 'tenji_trigger': '展示確認: 1号艇伸び良→そのまま採用。悪→飛び組に差し替え。circle_pct上位2艇に絞り込むこと。\n展示で1号艇スタート超安定(0.139秒)→ヒモ固まり方向に注意'}",,,30,逃げ狙い,23.98,28.8,2,,,,,,,,,,,
2025-09-30,丸亀,10,4,村越　篤,B1,50.00,4,○,8.363,10.9,100,63.2,0.1626,3.4737,,,0,低,142,0,ま0%,351 22,0,32.9,0.996,0,0.0385,0.0385,0,0,0.2516,0.0129,0.0774,,,A,◎,◎,0.196,0.667,0.3254,0.6181,S,87,0,◎1着固定 2-3着流し（5〜8点）,0.5777,"{'is_target': True, 'verdict': '点数絞り', 'max_combo_prob': 0.09, 'est_top_odds': 14.8, 'circle_concentration': 78.2, 'eligible_count': 6, 'bet_adj': 0, 'reason': 'rel_win1=57.2%（本命度） / 最有力組み合わせ確率: 0.090（推定実オッズ?15倍） / 2着集中度: 上位2艇 78.2%（補正+0.04） / 総合判定確率: 0.130 / → ヒモはやや固め。上位2艇以外を切ること', 'tenji_trigger': '展示確認: 1号艇伸び良→そのまま採用。悪→飛び組に差し替え。circle_pct上位2艇に絞り込むこと。\n展示で1号艇スタート超安定(0.139秒)→ヒモ固まり方向に注意'}",,,30,逃げ狙い,23.98,28.8,2,,,,,,,,,,,
2025-09-30,丸亀,10,5,中村　真,B1,10.00,5,,6.4392,8.1,91,46.2,0.1756,3.5385,,,0,低,111,0,差ま0%,3 326,0,37.6,1.3467,0,0,0,0.1,0,0.0522,0.2196,0.0174,,,E,,,0.1829,0.584,0.2571,0.6181,S,87,0,◎1着固定 2-3着流し（5〜8点）,0.5777,"{'is_target': True, 'verdict': '点数絞り', 'max_combo_prob': 0.09, 'est_top_odds': 14.8, 'circle_concentration': 78.2, 'eligible_count': 6, 'bet_adj': 0, 'reason': 'rel_win1=57.2%（本命度） / 最有力組み合わせ確率: 0.090（推定実オッズ?15倍） / 2着集中度: 上位2艇 78.2%（補正+0.04） / 総合判定確率: 0.130 / → ヒモはやや固め。上位2艇以外を切ること', 'tenji_trigger': '展示確認: 1号艇伸び良→そのまま採用。悪→飛び組に差し替え。circle_pct上位2艇に絞り込むこと。\n展示で1号艇スタート超安定(0.139秒)→ヒモ固まり方向に注意'}",,,30,逃げ狙い,23.98,28.8,2,,,,,,,,,,,
2025-09-30,丸亀,10,6,金田　諭,A2,44.44,6,,4.302,2.8,90,56.9,0.1675,3.6569,,,0,低,124,0,ま0%,62351,0,100,2.2219,0,0,0.08,0,0,0.1493,0.0293,0.1883,,,A,,○,0.2077,0.615,0.2691,0.6181,S,87,0,◎1着固定 2-3着流し（5〜8点）,0.5777,"{'is_target': True, 'verdict': '点数絞り', 'max_combo_prob': 0.09, 'est_top_odds': 14.8, 'circle_concentration': 78.2, 'eligible_count': 6, 'bet_adj': 0, 'reason': 'rel_win1=57.2%（本命度） / 最有力組み合わせ確率: 0.090（推定実オッズ?15倍） / 2着集中度: 上位2艇 78.2%（補正+0.04） / 総合判定確率: 0.130 / → ヒモはやや固め。上位2艇以外を切ること', 'tenji_trigger': '展示確認: 1号艇伸び良→そのまま採用。悪→飛び組に差し替え。circle_pct上位2艇に絞り込むこと。\n展示で1号艇スタート超安定(0.139秒)→ヒモ固まり方向に注意'}",,,30,逃げ狙い,23.98,28.8,2,,,,,,,,,,,
2025-09-30,丸亀,11,1,北村征嗣,A1,0.00,1,◎,53.7486,,0,92.3,0.1377,2.8365,,,0,低,114,0,逃1%,1 2431,0,67.5,0.9828,0.6744,,,,,0.0186,0.1742,0.0825,◎,,E,○,,,0.656,,0.529,A,72,0,◎-○軸 3着3〜4艇流し（10〜15点）,0.5777,"{'is_target': True, 'verdict': '参加推奨', 'max_combo_prob': 0.0683, 'est_top_odds': 19.5, 'circle_concentration': 66.7, 'eligible_count': 8, 'bet_adj': 2, 'reason': 'rel_win1=53.7%（本命度） / 最有力組み合わせ確率: 0.068（推定実オッズ?20倍） / 2着集中度: 上位2艇 66.7%（補正+0.00） / 総合判定確率: 0.068 / → ヒモ分散。1号艇1着固定で広めのヒモ流し推奨（買い目+2点）', 'tenji_trigger': '展示確認: ヒモ分散レース。1号艇伸び確認後、広めのヒモ流しを採用。穴ヒモ（5・6号艇）を積極的に含める。\n展示で1号艇スタート超安定(0.138秒)→ヒモ固まり方向に注意'}",,,30.9,逃げ狙い,29.04,26.8,2,,,,,0,0,0.7559,0,,逃げ軸流し,A
2025-09-30,丸亀,11,2,川原正明,A2,28.57,2,▲,19.9943,44.1,75,75,0.125,2.4554,,,0,低,80,0,-,1 2662,0,36.1,0.751,0,0,0.24,0,0,0.1128,0.0154,0.0308,,◎,C,,,0.4669,0.633,,0.529,A,72,0,◎-○軸 3着3〜4艇流し（10〜15点）,0.5777,"{'is_target': True, 'verdict': '参加推奨', 'max_combo_prob': 0.0683, 'est_top_odds': 19.5, 'circle_concentration': 66.7, 'eligible_count': 8, 'bet_adj': 2, 'reason': 'rel_win1=53.7%（本命度） / 最有力組み合わせ確率: 0.068（推定実オッズ?20倍） / 2着集中度: 上位2艇 66.7%（補正+0.00） / 総合判定確率: 0.068 / → ヒモ分散。1号艇1着固定で広めのヒモ流し推奨（買い目+2点）', 'tenji_trigger': '展示確認: ヒモ分散レース。1号艇伸び確認後、広めのヒモ流しを採用。穴ヒモ（5・6号艇）を積極的に含める。\n展示で1号艇スタート超安定(0.138秒)→ヒモ固まり方向に注意'}",,,30.9,逃げ狙い,29.04,26.8,2,,,,,,,,,,,
2025-09-30,丸亀,11,3,鈴木　博,A1,16.67,3,,11.4737,22.6,100,65.5,0.1689,3.7364,,,0,低,120,0,-,1 1434,0,24.2,0.7917,0,0.0385,0,0.1923,0,0.05,0.11,0.02,,,E,△,,0.1814,0.6475,,0.529,A,72,0,◎-○軸 3着3〜4艇流し（10〜15点）,0.5777,"{'is_target': True, 'verdict': '参加推奨', 'max_combo_prob': 0.0683, 'est_top_odds': 19.5, 'circle_concentration': 66.7, 'eligible_count': 8, 'bet_adj': 2, 'reason': 'rel_win1=53.7%（本命度） / 最有力組み合わせ確率: 0.068（推定実オッズ?20倍） / 2着集中度: 上位2艇 66.7%（補正+0.00） / 総合判定確率: 0.068 / → ヒモ分散。1号艇1着固定で広めのヒモ流し推奨（買い目+2点）', 'tenji_trigger': '展示確認: ヒモ分散レース。1号艇伸び確認後、広めのヒモ流しを採用。穴ヒモ（5・6号艇）を積極的に含める。\n展示で1号艇スタート超安定(0.138秒)→ヒモ固まり方向に注意'}",,,30.9,逃げ狙い,29.04,26.8,2,,,,,,,,,,,
2025-09-30,丸亀,11,4,井口佳典,A1,63.64,4,○,10.0608,19.5,98,92.3,0.1369,3.0385,,,0,低,31,1,ま0%,14211,0,91.9,1.6811,0,0,0.3333,0,0,0,0.1667,0.1667,,○,A,△,,0.4044,0.6355,,0.529,A,72,0,◎-○軸 3着3〜4艇流し（10〜15点）,0.5777,"{'is_target': True, 'verdict': '参加推奨', 'max_combo_prob': 0.0683, 'est_top_odds': 19.5, 'circle_concentration': 66.7, 'eligible_count': 8, 'bet_adj': 2, 'reason': 'rel_win1=53.7%（本命度） / 最有力組み合わせ確率: 0.068（推定実オッズ?20倍） / 2着集中度: 上位2艇 66.7%（補正+0.00） / 総合判定確率: 0.068 / → ヒモ分散。1号艇1着固定で広めのヒモ流し推奨（買い目+2点）', 'tenji_trigger': '展示確認: ヒモ分散レース。1号艇伸び確認後、広めのヒモ流しを採用。穴ヒモ（5・6号艇）を積極的に含める。\n展示で1号艇スタート超安定(0.138秒)→ヒモ固まり方向に注意'}",,,30.9,逃げ狙い,29.04,26.8,2,,,,,,,,,,,
2025-09-30,丸亀,11,5,田中信一,A1,33.33,5,△,3.735,13.6,88,55.3,0.1632,3.5,,,0,低,73,0,抜0%,216 44,0,74.3,1.4126,0,0,0,0,0.05,0.1729,0.0979,0.0343,,,C,◎,,0.2467,0.6585,,0.529,A,72,0,◎-○軸 3着3〜4艇流し（10〜15点）,0.5777,"{'is_target': True, 'verdict': '参加推奨', 'max_combo_prob': 0.0683, 'est_top_odds': 19.5, 'circle_concentration': 66.7, 'eligible_count': 8, 'bet_adj': 2, 'reason': 'rel_win1=53.7%（本命度） / 最有力組み合わせ確率: 0.068（推定実オッズ?20倍） / 2着集中度: 上位2艇 66.7%（補正+0.00） / 総合判定確率: 0.068 / → ヒモ分散。1号艇1着固定で広めのヒモ流し推奨（買い目+2点）', 'tenji_trigger': '展示確認: ヒモ分散レース。1号艇伸び確認後、広めのヒモ流しを採用。穴ヒモ（5・6号艇）を積極的に含める。\n展示で1号艇スタート超安定(0.138秒)→ヒモ固まり方向に注意'}",,,30.9,逃げ狙い,29.04,26.8,2,,,,,,,,,,,
2025-09-30,丸亀,11,6,岩崎正哉,A2,36.36,6,,0.9877,0.2,61,24.1,0.2103,4.9052,,,0,低,192,0,-,15552,0,26.7,1.0125,,,,,,0.0387,0.0387,0.0387,,,B,,,0.1611,0.6185,,0.529,A,72,0,◎-○軸 3着3〜4艇流し（10〜15点）,0.5777,"{'is_target': True, 'verdict': '参加推奨', 'max_combo_prob': 0.0683, 'est_top_odds': 19.5, 'circle_concentration': 66.7, 'eligible_count': 8, 'bet_adj': 2, 'reason': 'rel_win1=53.7%（本命度） / 最有力組み合わせ確率: 0.068（推定実オッズ?20倍） / 2着集中度: 上位2艇 66.7%（補正+0.00） / 総合判定確率: 0.068 / → ヒモ分散。1号艇1着固定で広めのヒモ流し推奨（買い目+2点）', 'tenji_trigger': '展示確認: ヒモ分散レース。1号艇伸び確認後、広めのヒモ流しを採用。穴ヒモ（5・6号艇）を積極的に含める。\n展示で1号艇スタート超安定(0.138秒)→ヒモ固まり方向に注意'}",,,30.9,逃げ狙い,29.04,26.8,2,,,,,,,,,,,
2025-09-30,丸亀,12,1,原田幸哉,A1,30.00,1,◎,55.49,,0,89.7,0.1276,2.6379,,,0,低,11,0,逃1%,214 11,0,80.6,1.1403,0.75,,,,,0.0833,0.1667,0,◎,,D,◎,,,0.6755,,0.5658,S,100,0,◎1着固定 2-3着流し（5〜8点）,0.5777,"{'is_target': True, 'verdict': '参加推奨', 'max_combo_prob': 0.0618, 'est_top_odds': 21.6, 'circle_concentration': 66.0, 'eligible_count': 6, 'bet_adj': 2, 'reason': 'rel_win1=55.5%（本命度） / 最有力組み合わせ確率: 0.062（推定実オッズ?22倍） / 2着集中度: 上位2艇 66.0%（補正+0.00） / 総合判定確率: 0.062 / → ヒモ分散。1号艇1着固定で広めのヒモ流し推奨（買い目+2点）', 'tenji_trigger': '展示確認: ヒモ分散レース。1号艇伸び確認後、広めのヒモ流しを採用。穴ヒモ（5・6号艇）を積極的に含める。\n展示で1号艇スタート超安定(0.128秒)→ヒモ固まり方向に注意'}",,,28.8,逃げ狙い,22.55,26.4,3,,,,,0,0,0.7559,0,,逃げ軸流し,A
2025-09-30,丸亀,12,2,中里英夫,A2,30.00,2,,6.1374,39.5,76,62.5,0.1554,3.9018,,,0,低,123,0,差0%,133 11,0,32.4,1.0041,0,0.0385,0,0,0,0.1292,0.2458,0.1958,,,D,△,,0.057,0.641,,0.5658,S,100,0,◎1着固定 2-3着流し（5〜8点）,0.5777,"{'is_target': True, 'verdict': '参加推奨', 'max_combo_prob': 0.0618, 'est_top_odds': 21.6, 'circle_concentration': 66.0, 'eligible_count': 6, 'bet_adj': 2, 'reason': 'rel_win1=55.5%（本命度） / 最有力組み合わせ確率: 0.062（推定実オッズ?22倍） / 2着集中度: 上位2艇 66.0%（補正+0.00） / 総合判定確率: 0.062 / → ヒモ分散。1号艇1着固定で広めのヒモ流し推奨（買い目+2点）', 'tenji_trigger': '展示確認: ヒモ分散レース。1号艇伸び確認後、広めのヒモ流しを採用。穴ヒモ（5・6号艇）を積極的に含める。\n展示で1号艇スタート超安定(0.128秒)→ヒモ固まり方向に注意'}",,,28.8,逃げ狙い,22.55,26.4,3,,,,,,,,,,,
2025-09-30,丸亀,12,3,萩原秀人,A1,25.00,3,,14.0486,26.4,86,76.3,0.1495,2.9474,,,0,低,49,0,差0% ま0% 差ま0% 抜0%,42122,0,60,1.4408,0,0.0714,0.0714,0.1429,0.0714,0,0,0.0588,,,E,○,,0.2061,0.6585,,0.5658,S,100,0,◎1着固定 2-3着流し（5〜8点）,0.5777,"{'is_target': True, 'verdict': '参加推奨', 'max_combo_prob': 0.0618, 'est_top_odds': 21.6, 'circle_concentration': 66.0, 'eligible_count': 6, 'bet_adj': 2, 'reason': 'rel_win1=55.5%（本命度） / 最有力組み合わせ確率: 0.062（推定実オッズ?22倍） / 2着集中度: 上位2艇 66.0%（補正+0.00） / 総合判定確率: 0.062 / → ヒモ分散。1号艇1着固定で広めのヒモ流し推奨（買い目+2点）', 'tenji_trigger': '展示確認: ヒモ分散レース。1号艇伸び確認後、広めのヒモ流しを採用。穴ヒモ（5・6号艇）を積極的に含める。\n展示で1号艇スタート超安定(0.128秒)→ヒモ固まり方向に注意'}",,,28.8,逃げ狙い,22.55,26.4,3,,,,,,,,,,,
2025-09-30,丸亀,12,4,中岡正彦,A1,42.11,4,○,13.9978,18.2,87,68.8,0.1175,2.2604,,,0,低,42,0,ま0%,13512,0,75.4,1.0109,0,0,0.2609,0,0,0.1103,0,0.0588,,,B,△,◎,0.3925,0.649,0.4375,0.5658,S,100,0,◎1着固定 2-3着流し（5〜8点）,0.5777,"{'is_target': True, 'verdict': '参加推奨', 'max_combo_prob': 0.0618, 'est_top_odds': 21.6, 'circle_concentration': 66.0, 'eligible_count': 6, 'bet_adj': 2, 'reason': 'rel_win1=55.5%（本命度） / 最有力組み合わせ確率: 0.062（推定実オッズ?22倍） / 2着集中度: 上位2艇 66.0%（補正+0.00） / 総合判定確率: 0.062 / → ヒモ分散。1号艇1着固定で広めのヒモ流し推奨（買い目+2点）', 'tenji_trigger': '展示確認: ヒモ分散レース。1号艇伸び確認後、広めのヒモ流しを採用。穴ヒモ（5・6号艇）を積極的に含める。\n展示で1号艇スタート超安定(0.128秒)→ヒモ固まり方向に注意'}",,,28.8,逃げ狙い,22.55,26.4,3,,,,,,,,,,,
2025-09-30,丸亀,12,5,樋口　亮,A2,45.45,5,△,6.2327,12.2,100,51.7,0.1731,3.7069,,,0,低,133,0,抜0%,2 135,0,35.3,1.4843,0,0,0,0,0.0909,0.2161,0.0805,0.0276,,,B,,○,0.1598,0.601,0.2234,0.5658,S,100,0,◎1着固定 2-3着流し（5〜8点）,0.5777,"{'is_target': True, 'verdict': '参加推奨', 'max_combo_prob': 0.0618, 'est_top_odds': 21.6, 'circle_concentration': 66.0, 'eligible_count': 6, 'bet_adj': 2, 'reason': 'rel_win1=55.5%（本命度） / 最有力組み合わせ確率: 0.062（推定実オッズ?22倍） / 2着集中度: 上位2艇 66.0%（補正+0.00） / 総合判定確率: 0.062 / → ヒモ分散。1号艇1着固定で広めのヒモ流し推奨（買い目+2点）', 'tenji_trigger': '展示確認: ヒモ分散レース。1号艇伸び確認後、広めのヒモ流しを採用。穴ヒモ（5・6号艇）を積極的に含める。\n展示で1号艇スタート超安定(0.128秒)→ヒモ固まり方向に注意'}",,,28.8,逃げ狙い,22.55,26.4,3,,,,,,,,,,,
2025-09-30,丸亀,12,6,作間　章,A1,53.85,6,▲,4.0935,3.6,82,48.3,0.2107,4.6,,,0,低,178,0,差ま0%,251414,0,92.2,1.9542,0,0,0,0.0357,0,0.1962,0.0886,0.0095,,,A,,,0.1043,0.598,,0.5658,S,100,0,◎1着固定 2-3着流し（5〜8点）,0.5777,"{'is_target': True, 'verdict': '参加推奨', 'max_combo_prob': 0.0618, 'est_top_odds': 21.6, 'circle_concentration': 66.0, 'eligible_count': 6, 'bet_adj': 2, 'reason': 'rel_win1=55.5%（本命度） / 最有力組み合わせ確率: 0.062（推定実オッズ?22倍） / 2着集中度: 上位2艇 66.0%（補正+0.00） / 総合判定確率: 0.062 / → ヒモ分散。1号艇1着固定で広めのヒモ流し推奨（買い目+2点）', 'tenji_trigger': '展示確認: ヒモ分散レース。1号艇伸び確認後、広めのヒモ流しを採用。穴ヒモ（5・6号艇）を積極的に含める。\n展示で1号艇スタート超安定(0.128秒)→ヒモ固まり方向に注意'}",,,28.8,逃げ狙い,22.55,26.4,3,,,,,,,,,,,
2025-10-11,丸亀,1,1,水谷理人,B1,42.11,1,◎,64.3537,,0,82.6,0.1665,3.8696,,,0,低,64,0,逃1%,,0,97.9,1.3993,0.6,,,,,0.0533,0.28,0.0267,○,,B,△,,,0.569,,0.3939,A,68,0,◎-○軸 3着3〜4艇流し（10〜15点）,0.5777,"{'is_target': True, 'verdict': '点数絞り', 'max_combo_prob': 0.1085, 'est_top_odds': 12.3, 'circle_concentration': 76.3, 'eligible_count': 8, 'bet_adj': 0, 'reason': 'rel_win1=64.4%（本命度） / 最有力組み合わせ確率: 0.108（推定実オッズ?12倍） / 2着集中度: 上位2艇 76.3%（補正+0.04） / 総合判定確率: 0.148 / → ヒモはやや固め。上位2艇以外を切ること', 'tenji_trigger': '展示確認: 1号艇伸び良→そのまま採用。悪→飛び組に差し替え。circle_pct上位2艇に絞り込むこと。'}",,,27.6,逃げ狙い,12.5,31.6,4,,,,,0,0,0.6155,0,,逃げ軸流し,A
2025-10-11,丸亀,1,2,森　智哉,B1,50.00,2,○,9.0102,47.2,57,48.6,0.1705,3.7973,,,0,低,64,0,差0%,,0,37,0.8107,0,0.0588,0,0,0,0,0.1667,0.3333,,,A,○,,0.2721,0.6105,,0.3939,A,68,0,◎-○軸 3着3〜4艇流し（10〜15点）,0.5777,"{'is_target': True, 'verdict': '点数絞り', 'max_combo_prob': 0.1085, 'est_top_odds': 12.3, 'circle_concentration': 76.3, 'eligible_count': 8, 'bet_adj': 0, 'reason': 'rel_win1=64.4%（本命度） / 最有力組み合わせ確率: 0.108（推定実オッズ?12倍） / 2着集中度: 上位2艇 76.3%（補正+0.04） / 総合判定確率: 0.148 / → ヒモはやや固め。上位2艇以外を切ること', 'tenji_trigger': '展示確認: 1号艇伸び良→そのまま採用。悪→飛び組に差し替え。circle_pct上位2艇に絞り込むこと。'}",,,27.6,逃げ狙い,12.5,31.6,4,,,,,,,,,,,
2025-10-11,丸亀,1,3,加藤優弥,B1,21.05,3,,10.7756,29.1,82,52,0.1496,2.96,,,0,低,96,0,差0% ま0%,,0,43.6,1.0077,0,0.0476,0.1429,0,0,0.1068,0.4902,0.0211,,◎,D,△,,0.3928,0.6035,,0.3939,A,68,0,◎-○軸 3着3〜4艇流し（10〜15点）,0.5777,"{'is_target': True, 'verdict': '点数絞り', 'max_combo_prob': 0.1085, 'est_top_odds': 12.3, 'circle_concentration': 76.3, 'eligible_count': 8, 'bet_adj': 0, 'reason': 'rel_win1=64.4%（本命度） / 最有力組み合わせ確率: 0.108（推定実オッズ?12倍） / 2着集中度: 上位2艇 76.3%（補正+0.04） / 総合判定確率: 0.148 / → ヒモはやや固め。上位2艇以外を切ること', 'tenji_trigger': '展示確認: 1号艇伸び良→そのまま採用。悪→飛び組に差し替え。circle_pct上位2艇に絞り込むこと。'}",,,27.6,逃げ狙い,12.5,31.6,4,,,,,,,,,,,
2025-10-11,丸亀,1,4,澁川　夏,B1,42.11,4,▲,8.4074,12.8,100,46.3,0.1556,3.4634,,,0,低,68,0,-,,0,48.2,0.986,,,,,,,,,,,B,◎,,0.3529,0.625,,0.3939,A,68,0,◎-○軸 3着3〜4艇流し（10〜15点）,0.5777,"{'is_target': True, 'verdict': '点数絞り', 'max_combo_prob': 0.1085, 'est_top_odds': 12.3, 'circle_concentration': 76.3, 'eligible_count': 8, 'bet_adj': 0, 'reason': 'rel_win1=64.4%（本命度） / 最有力組み合わせ確率: 0.108（推定実オッズ?12倍） / 2着集中度: 上位2艇 76.3%（補正+0.04） / 総合判定確率: 0.148 / → ヒモはやや固め。上位2艇以外を切ること', 'tenji_trigger': '展示確認: 1号艇伸び良→そのまま採用。悪→飛び組に差し替え。circle_pct上位2艇に絞り込むこと。'}",,,27.6,逃げ狙い,12.5,31.6,4,,,,,,,,,,,
2025-10-11,丸亀,1,5,上岡巧汰,B2,30.00,5,,6.2218,9.8,75,0,0.24,6,,,0,低,35,1,-,,0,23.1,0.7474,,,,,,,,,,,D,,,0.135,0.483,,0.3939,A,68,0,◎-○軸 3着3〜4艇流し（10〜15点）,0.5777,"{'is_target': True, 'verdict': '点数絞り', 'max_combo_prob': 0.1085, 'est_top_odds': 12.3, 'circle_concentration': 76.3, 'eligible_count': 8, 'bet_adj': 0, 'reason': 'rel_win1=64.4%（本命度） / 最有力組み合わせ確率: 0.108（推定実オッズ?12倍） / 2着集中度: 上位2艇 76.3%（補正+0.04） / 総合判定確率: 0.148 / → ヒモはやや固め。上位2艇以外を切ること', 'tenji_trigger': '展示確認: 1号艇伸び良→そのまま採用。悪→飛び組に差し替え。circle_pct上位2艇に絞り込むこと。'}",,,27.6,逃げ狙い,12.5,31.6,4,,,,,,,,,,,
2025-10-11,丸亀,1,6,山下拓巳,B1,50.00,6,△,1.2313,1.1,23,9.1,0.1736,4.2841,,,0,低,122,0,-,,0,34.1,0.8022,,,,,,0.0381,0.1143,0.2762,,,A,,,0.2874,0.5625,,0.3939,A,68,0,◎-○軸 3着3〜4艇流し（10〜15点）,0.5777,"{'is_target': True, 'verdict': '点数絞り', 'max_combo_prob': 0.1085, 'est_top_odds': 12.3, 'circle_concentration': 76.3, 'eligible_count': 8, 'bet_adj': 0, 'reason': 'rel_win1=64.4%（本命度） / 最有力組み合わせ確率: 0.108（推定実オッズ?12倍） / 2着集中度: 上位2艇 76.3%（補正+0.04） / 総合判定確率: 0.148 / → ヒモはやや固め。上位2艇以外を切ること', 'tenji_trigger': '展示確認: 1号艇伸び良→そのまま採用。悪→飛び組に差し替え。circle_pct上位2艇に絞り込むこと。'}",,,27.6,逃げ狙い,12.5,31.6,4,,,,,,,,,,,
2025-10-11,丸亀,2,1,坂井滉哉,B1,33.33,1,◎,51.8501,,0,66.7,0.1767,3.5238,,,0,低,72,0,逃0%,,0,67.2,0.889,0.4167,,,,,0.0667,0.0667,0.3067,△,,C,△,,,0.618,,0.3045,A,63,0,◎-○軸 3着3〜4艇流し（10〜15点）,0.5777,"{'is_target': True, 'verdict': '参加推奨', 'max_combo_prob': 0.0673, 'est_top_odds': 19.8, 'circle_concentration': 67.3, 'eligible_count': 8, 'bet_adj': 2, 'reason': 'rel_win1=51.9%（本命度） / 最有力組み合わせ確率: 0.067（推定実オッズ?20倍） / 2着集中度: 上位2艇 67.3%（補正+0.00） / 総合判定確率: 0.067 / → ヒモ分散。1号艇1着固定で広めのヒモ流し推奨（買い目+2点）', 'tenji_trigger': '展示確認: ヒモ分散レース。1号艇伸び確認後、広めのヒモ流しを採用。穴ヒモ（5・6号艇）を積極的に含める。'}",,,27.2,両建て推奨,13.1,29.9,3,3-1-4|1-3-4|1-3-2|1-4-3|1-4-2|1-2-4,3-1-4|4-1-6|4-1-5|6-1-4|6-1-2|6-4-1|4-1-2|1-3-4|1-3-2|1-4-3|1-4-2|1-2-4,3-1-4:3.13%|1-3-4:6.63%|1-3-2:5.9%|1-4-3:4.75%|1-4-2:4.26%|1-2-4:3.82%,3-1-4:B_main|1-3-4:A|1-3-2:A|1-4-3:A|1-4-2:A|1-2-4:A,6,12,0.4535,1,[!]見送り推奨（主役決まり手「まくり差し」― 逃げ劣勢レースで的中実績なし）,荒れ広め,D
2025-10-11,丸亀,2,2,芝田京介,B1,28.57,2,,8.6777,16.4,99,36.6,0.1807,3.9268,,,0,低,102,0,差0%,,0,59.8,0.6438,0,0.05,0,0,0,0.4167,0.25,0.0833,,,D,,,0.2699,0.5915,,0.3045,A,63,0,◎-○軸 3着3〜4艇流し（10〜15点）,0.5777,"{'is_target': True, 'verdict': '参加推奨', 'max_combo_prob': 0.0673, 'est_top_odds': 19.8, 'circle_concentration': 67.3, 'eligible_count': 8, 'bet_adj': 2, 'reason': 'rel_win1=51.9%（本命度） / 最有力組み合わせ確率: 0.067（推定実オッズ?20倍） / 2着集中度: 上位2艇 67.3%（補正+0.00） / 総合判定確率: 0.067 / → ヒモ分散。1号艇1着固定で広めのヒモ流し推奨（買い目+2点）', 'tenji_trigger': '展示確認: ヒモ分散レース。1号艇伸び確認後、広めのヒモ流しを採用。穴ヒモ（5・6号艇）を積極的に含める。'}",,,27.2,両建て推奨,13.1,29.9,3,,,,,,,,,,,
2025-10-11,丸亀,2,3,濱野斗馬,A1,21.05,3,△,18.6082,42.7,100,73.1,0.1292,2.3654,,,0,低,40,0,-,,0,44,0.9296,0,0,0,0.0833,0,0.0968,0,0.0323,,◎,E,◎,,0.4721,0.638,,0.3045,A,63,0,◎-○軸 3着3〜4艇流し（10〜15点）,0.5777,"{'is_target': True, 'verdict': '参加推奨', 'max_combo_prob': 0.0673, 'est_top_odds': 19.8, 'circle_concentration': 67.3, 'eligible_count': 8, 'bet_adj': 2, 'reason': 'rel_win1=51.9%（本命度） / 最有力組み合わせ確率: 0.067（推定実オッズ?20倍） / 2着集中度: 上位2艇 67.3%（補正+0.00） / 総合判定確率: 0.067 / → ヒモ分散。1号艇1着固定で広めのヒモ流し推奨（買い目+2点）', 'tenji_trigger': '展示確認: ヒモ分散レース。1号艇伸び確認後、広めのヒモ流しを採用。穴ヒモ（5・6号艇）を積極的に含める。'}",,,27.2,両建て推奨,13.1,29.9,3,,,,,,,,,,,
2025-10-11,丸亀,2,4,小林甘寧,B2,27.78,4,,11.8315,24.5,91,60,0.143,2.75,,,0,低,49,1,差ま0%,,0,81.5,1.307,0,0,0,0.1,0,1,0,0,,○,D,,,0.429,0.5545,,0.3045,A,63,0,◎-○軸 3着3〜4艇流し（10〜15点）,0.5777,"{'is_target': True, 'verdict': '参加推奨', 'max_combo_prob': 0.0673, 'est_top_odds': 19.8, 'circle_concentration': 67.3, 'eligible_count': 8, 'bet_adj': 2, 'reason': 'rel_win1=51.9%（本命度） / 最有力組み合わせ確率: 0.067（推定実オッズ?20倍） / 2着集中度: 上位2艇 67.3%（補正+0.00） / 総合判定確率: 0.067 / → ヒモ分散。1号艇1着固定で広めのヒモ流し推奨（買い目+2点）', 'tenji_trigger': '展示確認: ヒモ分散レース。1号艇伸び確認後、広めのヒモ流しを採用。穴ヒモ（5・6号艇）を積極的に含める。'}",,,27.2,両建て推奨,13.1,29.9,3,,,,,,,,,,,
2025-10-11,丸亀,2,5,佐藤太亮,B1,38.89,5,○,6.7195,13.1,54,32.5,0.176,3.45,,,0,低,72,0,差ま0%,,0,25.6,1.011,0,0,0,0.0833,0,0,0.3333,0.3333,,,B,△,,0.2948,0.6,,0.3045,A,63,0,◎-○軸 3着3〜4艇流し（10〜15点）,0.5777,"{'is_target': True, 'verdict': '参加推奨', 'max_combo_prob': 0.0673, 'est_top_odds': 19.8, 'circle_concentration': 67.3, 'eligible_count': 8, 'bet_adj': 2, 'reason': 'rel_win1=51.9%（本命度） / 最有力組み合わせ確率: 0.067（推定実オッズ?20倍） / 2着集中度: 上位2艇 67.3%（補正+0.00） / 総合判定確率: 0.067 / → ヒモ分散。1号艇1着固定で広めのヒモ流し推奨（買い目+2点）', 'tenji_trigger': '展示確認: ヒモ分散レース。1号艇伸び確認後、広めのヒモ流しを採用。穴ヒモ（5・6号艇）を積極的に含める。'}",,,27.2,両建て推奨,13.1,29.9,3,,,,,,,,,,,
2025-10-11,丸亀,2,6,眞鳥章太,A2,40.00,6,▲,2.3131,3.2,82,24.6,0.1766,4.082,,,0,低,108,0,-,,0,35.4,0.7314,,,,,,0.0364,0.0364,0.0721,,,B,○,,0.3127,0.6335,,0.3045,A,63,0,◎-○軸 3着3〜4艇流し（10〜15点）,0.5777,"{'is_target': True, 'verdict': '参加推奨', 'max_combo_prob': 0.0673, 'est_top_odds': 19.8, 'circle_concentration': 67.3, 'eligible_count': 8, 'bet_adj': 2, 'reason': 'rel_win1=51.9%（本命度） / 最有力組み合わせ確率: 0.067（推定実オッズ?20倍） / 2着集中度: 上位2艇 67.3%（補正+0.00） / 総合判定確率: 0.067 / → ヒモ分散。1号艇1着固定で広めのヒモ流し推奨（買い目+2点）', 'tenji_trigger': '展示確認: ヒモ分散レース。1号艇伸び確認後、広めのヒモ流しを採用。穴ヒモ（5・6号艇）を積極的に含める。'}",,,27.2,両建て推奨,13.1,29.9,3,,,,,,,,,,,
2025-10-11,丸亀,3,1,市川健太,B1,36.84,1,◎,52.6789,,0,78,0.1549,3.0976,,,0,低,87,0,逃1%,,0,70.4,1.0087,0.5333,,,,,0.1333,0.1333,0.1333,○,,C,△,,,0.603,,0.4477,A,71,0,◎-○軸 3着3〜4艇流し（10〜15点）,0.5777,"{'is_target': True, 'verdict': '参加推奨', 'max_combo_prob': 0.0601, 'est_top_odds': 22.2, 'circle_concentration': 67.0, 'eligible_count': 8, 'bet_adj': 2, 'reason': 'rel_win1=52.7%（本命度） / 最有力組み合わせ確率: 0.060（推定実オッズ?22倍） / 2着集中度: 上位2艇 67.0%（補正+0.00） / 総合判定確率: 0.060 / → ヒモ分散。1号艇1着固定で広めのヒモ流し推奨（買い目+2点）', 'tenji_trigger': '展示確認: ヒモ分散レース。1号艇伸び確認後、広めのヒモ流しを採用。穴ヒモ（5・6号艇）を積極的に含める。'}",,,29.3,逃げ狙い,18.55,31.3,2,,,,,0,0,0.6155,0,,逃げ軸流し,A
2025-10-11,丸亀,3,2,岡　暢祐,B1,44.44,2,△,17.7585,25.1,100,47.5,0.1708,3.8125,,,0,低,120,0,ま0%,,0,30.8,0.8667,0,0,0.0588,0,0,0.1667,0.0833,0.1667,,,B,△,,0.1482,0.5595,,0.4477,A,71,0,◎-○軸 3着3〜4艇流し（10〜15点）,0.5777,"{'is_target': True, 'verdict': '参加推奨', 'max_combo_prob': 0.0601, 'est_top_odds': 22.2, 'circle_concentration': 67.0, 'eligible_count': 8, 'bet_adj': 2, 'reason': 'rel_win1=52.7%（本命度） / 最有力組み合わせ確率: 0.060（推定実オッズ?22倍） / 2着集中度: 上位2艇 67.0%（補正+0.00） / 総合判定確率: 0.060 / → ヒモ分散。1号艇1着固定で広めのヒモ流し推奨（買い目+2点）', 'tenji_trigger': '展示確認: ヒモ分散レース。1号艇伸び確認後、広めのヒモ流しを採用。穴ヒモ（5・6号艇）を積極的に含める。'}",,,29.3,逃げ狙い,18.55,31.3,2,,,,,,,,,,,
2025-10-11,丸亀,3,3,川崎智稔,B1,40.00,3,▲,13.424,37.4,83,54.2,0.1446,3.1771,,,0,低,62,0,-,,0,89.5,1.751,0,0,0.125,0.0417,0,0.2267,0.1733,0.0267,,◎,C,○,,0.3582,0.6335,,0.4477,A,71,0,◎-○軸 3着3〜4艇流し（10〜15点）,0.5777,"{'is_target': True, 'verdict': '参加推奨', 'max_combo_prob': 0.0601, 'est_top_odds': 22.2, 'circle_concentration': 67.0, 'eligible_count': 8, 'bet_adj': 2, 'reason': 'rel_win1=52.7%（本命度） / 最有力組み合わせ確率: 0.060（推定実オッズ?22倍） / 2着集中度: 上位2艇 67.0%（補正+0.00） / 総合判定確率: 0.060 / → ヒモ分散。1号艇1着固定で広めのヒモ流し推奨（買い目+2点）', 'tenji_trigger': '展示確認: ヒモ分散レース。1号艇伸び確認後、広めのヒモ流しを採用。穴ヒモ（5・6号艇）を積極的に含める。'}",,,29.3,逃げ狙い,18.55,31.3,2,,,,,,,,,,,
2025-10-11,丸亀,3,4,板橋侑我,A1,63.64,4,○,7.3805,29.6,94,58.1,0.1465,2.6613,,,0,低,35,0,-,,0,51.9,1.1068,,,,,,,,,,,A,◎,,0.3435,0.6715,,0.4477,A,71,0,◎-○軸 3着3〜4艇流し（10〜15点）,0.5777,"{'is_target': True, 'verdict': '参加推奨', 'max_combo_prob': 0.0601, 'est_top_odds': 22.2, 'circle_concentration': 67.0, 'eligible_count': 8, 'bet_adj': 2, 'reason': 'rel_win1=52.7%（本命度） / 最有力組み合わせ確率: 0.060（推定実オッズ?22倍） / 2着集中度: 上位2艇 67.0%（補正+0.00） / 総合判定確率: 0.060 / → ヒモ分散。1号艇1着固定で広めのヒモ流し推奨（買い目+2点）', 'tenji_trigger': '展示確認: ヒモ分散レース。1号艇伸び確認後、広めのヒモ流しを採用。穴ヒモ（5・6号艇）を積極的に含める。'}",,,29.3,逃げ狙い,18.55,31.3,2,,,,,,,,,,,
2025-10-11,丸亀,3,5,原田雄次,A2,12.00,5,,6.359,7.5,99,28.8,0.2173,4.5,,,0,低,136,0,-,,0,27.2,1.0345,,,,,,0,0.25,0.375,,,E,,,0.135,0.5155,,0.4477,A,71,0,◎-○軸 3着3〜4艇流し（10〜15点）,0.5777,"{'is_target': True, 'verdict': '参加推奨', 'max_combo_prob': 0.0601, 'est_top_odds': 22.2, 'circle_concentration': 67.0, 'eligible_count': 8, 'bet_adj': 2, 'reason': 'rel_win1=52.7%（本命度） / 最有力組み合わせ確率: 0.060（推定実オッズ?22倍） / 2着集中度: 上位2艇 67.0%（補正+0.00） / 総合判定確率: 0.060 / → ヒモ分散。1号艇1着固定で広めのヒモ流し推奨（買い目+2点）', 'tenji_trigger': '展示確認: ヒモ分散レース。1号艇伸び確認後、広めのヒモ流しを採用。穴ヒモ（5・6号艇）を積極的に含める。'}",,,29.3,逃げ狙い,18.55,31.3,2,,,,,,,,,,,
2025-10-11,丸亀,3,6,宮崎心之,B1,29.41,6,,2.3991,0.4,35,11,0.1963,4.1098,,,0,低,60,0,差ま0%,,0,27,0.8089,0,0,0,0.0238,0,0,0.2,0.2,,,D,,,0.1445,0.549,,0.4477,A,71,0,◎-○軸 3着3〜4艇流し（10〜15点）,0.5777,"{'is_target': True, 'verdict': '参加推奨', 'max_combo_prob': 0.0601, 'est_top_odds': 22.2, 'circle_concentration': 67.0, 'eligible_count': 8, 'bet_adj': 2, 'reason': 'rel_win1=52.7%（本命度） / 最有力組み合わせ確率: 0.060（推定実オッズ?22倍） / 2着集中度: 上位2艇 67.0%（補正+0.00） / 総合判定確率: 0.060 / → ヒモ分散。1号艇1着固定で広めのヒモ流し推奨（買い目+2点）', 'tenji_trigger': '展示確認: ヒモ分散レース。1号艇伸び確認後、広めのヒモ流しを採用。穴ヒモ（5・6号艇）を積極的に含める。'}",,,29.3,逃げ狙い,18.55,31.3,2,,,,,,,,,,,
2025-10-11,丸亀,4,1,富田恕生,B1,40.00,1,◎,55.6078,,0,90,0.1657,3.8833,,,0,低,88,0,逃0%,,0,87.5,1.1438,0.25,,,,,0.1667,0.1667,0,○,,B,◎,,,0.64,,0.3852,S,86,0,◎1着固定 2-3着流し（5〜8点）,0.5777,"{'is_target': True, 'verdict': '参加推奨', 'max_combo_prob': 0.0844, 'est_top_odds': 15.8, 'circle_concentration': 65.3, 'eligible_count': 6, 'bet_adj': 2, 'reason': 'rel_win1=55.6%（本命度） / 最有力組み合わせ確率: 0.084（推定実オッズ?16倍） / 2着集中度: 上位2艇 65.3%（補正+0.00） / 総合判定確率: 0.084 / → ヒモ分散。1号艇1着固定で広めのヒモ流し推奨（買い目+2点）', 'tenji_trigger': '展示確認: ヒモ分散レース。1号艇伸び確認後、広めのヒモ流しを採用。穴ヒモ（5・6号艇）を積極的に含める。'}",,,29.1,逃げ狙い,17.86,31.5,4,,,,,0,0,0.6155,0,,主役軸流し,B
2025-10-11,丸亀,4,2,常盤海心,B1,31.25,2,,11.4971,42.9,62,39.7,0.196,4.4138,,,0,低,136,0,-,,0,85.9,0.6067,0,0,0.04,0,0,0.0667,0.6,0.2667,,,C,△,,0.0541,0.592,,0.3852,S,86,0,◎1着固定 2-3着流し（5〜8点）,0.5777,"{'is_target': True, 'verdict': '参加推奨', 'max_combo_prob': 0.0844, 'est_top_odds': 15.8, 'circle_concentration': 65.3, 'eligible_count': 6, 'bet_adj': 2, 'reason': 'rel_win1=55.6%（本命度） / 最有力組み合わせ確率: 0.084（推定実オッズ?16倍） / 2着集中度: 上位2艇 65.3%（補正+0.00） / 総合判定確率: 0.084 / → ヒモ分散。1号艇1着固定で広めのヒモ流し推奨（買い目+2点）', 'tenji_trigger': '展示確認: ヒモ分散レース。1号艇伸び確認後、広めのヒモ流しを採用。穴ヒモ（5・6号艇）を積極的に含める。'}",,,29.1,逃げ狙い,17.86,31.5,4,,,,,,,,,,,
2025-10-11,丸亀,4,3,高井雄基,A1,33.33,3,○,14.9228,17.2,83,51.5,0.1748,3.9848,,,0,低,86,0,-,,0,53.6,1.1535,0,0,0.2353,0,0,0,0.0889,0.0444,,,C,△,,0.2919,0.579,,0.3852,S,86,0,◎1着固定 2-3着流し（5〜8点）,0.5777,"{'is_target': True, 'verdict': '参加推奨', 'max_combo_prob': 0.0844, 'est_top_odds': 15.8, 'circle_concentration': 65.3, 'eligible_count': 6, 'bet_adj': 2, 'reason': 'rel_win1=55.6%（本命度） / 最有力組み合わせ確率: 0.084（推定実オッズ?16倍） / 2着集中度: 上位2艇 65.3%（補正+0.00） / 総合判定確率: 0.084 / → ヒモ分散。1号艇1着固定で広めのヒモ流し推奨（買い目+2点）', 'tenji_trigger': '展示確認: ヒモ分散レース。1号艇伸び確認後、広めのヒモ流しを採用。穴ヒモ（5・6号艇）を積極的に含める。'}",,,29.1,逃げ狙い,17.86,31.5,4,,,,,,,,,,,
2025-10-11,丸亀,4,4,村松栄太,B1,10.53,4,△,9.9886,17.1,100,40.5,0.1645,3.4048,,,0,低,99,0,-,,0,80.6,1.4164,0,0.0625,0,0,0,0.1808,0.0923,0.0308,,,E,○,,0.2855,0.5975,,0.3852,S,86,0,◎1着固定 2-3着流し（5〜8点）,0.5777,"{'is_target': True, 'verdict': '参加推奨', 'max_combo_prob': 0.0844, 'est_top_odds': 15.8, 'circle_concentration': 65.3, 'eligible_count': 6, 'bet_adj': 2, 'reason': 'rel_win1=55.6%（本命度） / 最有力組み合わせ確率: 0.084（推定実オッズ?16倍） / 2着集中度: 上位2艇 65.3%（補正+0.00） / 総合判定確率: 0.084 / → ヒモ分散。1号艇1着固定で広めのヒモ流し推奨（買い目+2点）', 'tenji_trigger': '展示確認: ヒモ分散レース。1号艇伸び確認後、広めのヒモ流しを採用。穴ヒモ（5・6号艇）を積極的に含める。'}",,,29.1,逃げ狙い,17.86,31.5,4,,,,,,,,,,,
2025-10-11,丸亀,4,5,浦野　海,A2,17.65,5,,6.6966,22.3,85,52.4,0.1681,3.7976,,,0,低,75,0,-,,0,30.6,1.4917,,,,,,0,0.1111,0.1422,,,E,△,,0.3056,0.579,,0.3852,S,86,0,◎1着固定 2-3着流し（5〜8点）,0.5777,"{'is_target': True, 'verdict': '参加推奨', 'max_combo_prob': 0.0844, 'est_top_odds': 15.8, 'circle_concentration': 65.3, 'eligible_count': 6, 'bet_adj': 2, 'reason': 'rel_win1=55.6%（本命度） / 最有力組み合わせ確率: 0.084（推定実オッズ?16倍） / 2着集中度: 上位2艇 65.3%（補正+0.00） / 総合判定確率: 0.084 / → ヒモ分散。1号艇1着固定で広めのヒモ流し推奨（買い目+2点）', 'tenji_trigger': '展示確認: ヒモ分散レース。1号艇伸び確認後、広めのヒモ流しを採用。穴ヒモ（5・6号艇）を積極的に含める。'}",,,29.1,逃げ狙い,17.86,31.5,4,,,,,,,,,,,
2025-10-11,丸亀,4,6,有山　望,B2,47.37,6,▲,1.2871,0.4,15,3.2,0.1751,3.8175,,,0,低,45,0,-,,0,42.1,0.8422,,,,,,,,,,,A,,,0.2801,0.4945,,0.3852,S,86,0,◎1着固定 2-3着流し（5〜8点）,0.5777,"{'is_target': True, 'verdict': '参加推奨', 'max_combo_prob': 0.0844, 'est_top_odds': 15.8, 'circle_concentration': 65.3, 'eligible_count': 6, 'bet_adj': 2, 'reason': 'rel_win1=55.6%（本命度） / 最有力組み合わせ確率: 0.084（推定実オッズ?16倍） / 2着集中度: 上位2艇 65.3%（補正+0.00） / 総合判定確率: 0.084 / → ヒモ分散。1号艇1着固定で広めのヒモ流し推奨（買い目+2点）', 'tenji_trigger': '展示確認: ヒモ分散レース。1号艇伸び確認後、広めのヒモ流しを採用。穴ヒモ（5・6号艇）を積極的に含める。'}",,,29.1,逃げ狙い,17.86,31.5,4,,,,,,,,,,,
2025-10-11,丸亀,5,1,山口晃朋,B1,26.32,1,◎,50.2576,,0,85.7,0.1483,2.6714,,,0,低,72,0,逃1%,,0,74.9,1.0788,0.8333,,,,,0.1079,0,0.0444,◎,,E,△,,,0.6005,,0.5952,A,75,0,◎-○軸 3着3〜4艇流し（10〜15点）,0.5777,"{'is_target': True, 'verdict': '参加推奨', 'max_combo_prob': 0.0638, 'est_top_odds': 20.9, 'circle_concentration': 62.7, 'eligible_count': 8, 'bet_adj': 2, 'reason': 'rel_win1=50.3%（本命度） / 最有力組み合わせ確率: 0.064（推定実オッズ?21倍） / 2着集中度: 上位2艇 62.7%（補正+0.00） / 総合判定確率: 0.064 / → ヒモ分散。1号艇1着固定で広めのヒモ流し推奨（買い目+2点）', 'tenji_trigger': '展示確認: ヒモ分散レース。1号艇伸び確認後、広めのヒモ流しを採用。穴ヒモ（5・6号艇）を積極的に含める。'}",,,26.6,逃げ狙い,16.57,25.2,3,,,,,0,0,0.7559,0,,逃げ軸流し,A
2025-10-11,丸亀,5,2,津田陸翔,A2,40.00,2,,13.1348,35.6,100,62.2,0.1743,3.8784,,,0,低,80,0,差0% ま0%,,0,40.8,1.0178,0,0.0556,0.1111,0,0,0,0.0842,0.2421,,,C,◎,,0.0685,0.6525,,0.5952,A,75,0,◎-○軸 3着3〜4艇流し（10〜15点）,0.5777,"{'is_target': True, 'verdict': '参加推奨', 'max_combo_prob': 0.0638, 'est_top_odds': 20.9, 'circle_concentration': 62.7, 'eligible_count': 8, 'bet_adj': 2, 'reason': 'rel_win1=50.3%（本命度） / 最有力組み合わせ確率: 0.064（推定実オッズ?21倍） / 2着集中度: 上位2艇 62.7%（補正+0.00） / 総合判定確率: 0.064 / → ヒモ分散。1号艇1着固定で広めのヒモ流し推奨（買い目+2点）', 'tenji_trigger': '展示確認: ヒモ分散レース。1号艇伸び確認後、広めのヒモ流しを採用。穴ヒモ（5・6号艇）を積極的に含める。'}",,,26.6,逃げ狙い,16.57,25.2,3,,,,,,,,,,,
2025-10-11,丸亀,5,3,本村　大,B1,11.76,3,,13.347,21.1,67,53.8,0.1728,3.5897,,,0,低,117,0,ま0%,,0,43.2,1.1173,0,0,0.0526,0,0,0.0667,0,0.1444,,,E,○,,0.1632,0.617,,0.5952,A,75,0,◎-○軸 3着3〜4艇流し（10〜15点）,0.5777,"{'is_target': True, 'verdict': '参加推奨', 'max_combo_prob': 0.0638, 'est_top_odds': 20.9, 'circle_concentration': 62.7, 'eligible_count': 8, 'bet_adj': 2, 'reason': 'rel_win1=50.3%（本命度） / 最有力組み合わせ確率: 0.064（推定実オッズ?21倍） / 2着集中度: 上位2艇 62.7%（補正+0.00） / 総合判定確率: 0.064 / → ヒモ分散。1号艇1着固定で広めのヒモ流し推奨（買い目+2点）', 'tenji_trigger': '展示確認: ヒモ分散レース。1号艇伸び確認後、広めのヒモ流しを採用。穴ヒモ（5・6号艇）を積極的に含める。'}",,,26.6,逃げ狙い,16.57,25.2,3,,,,,,,,,,,
2025-10-11,丸亀,5,4,山下心一,B2,36.84,4,△,7.9496,12,46,24,0.1644,3.2,,,0,低,60,0,差ま0%,,0,23.9,0.6706,0,0,0,0.04,0,,,,,,D,,,0.221,0.494,,0.5952,A,75,0,◎-○軸 3着3〜4艇流し（10〜15点）,0.5777,"{'is_target': True, 'verdict': '参加推奨', 'max_combo_prob': 0.0638, 'est_top_odds': 20.9, 'circle_concentration': 62.7, 'eligible_count': 8, 'bet_adj': 2, 'reason': 'rel_win1=50.3%（本命度） / 最有力組み合わせ確率: 0.064（推定実オッズ?21倍） / 2着集中度: 上位2艇 62.7%（補正+0.00） / 総合判定確率: 0.064 / → ヒモ分散。1号艇1着固定で広めのヒモ流し推奨（買い目+2点）', 'tenji_trigger': '展示確認: ヒモ分散レース。1号艇伸び確認後、広めのヒモ流しを採用。穴ヒモ（5・6号艇）を積極的に含める。'}",,,26.6,逃げ狙い,16.57,25.2,3,,,,,,,,,,,
2025-10-11,丸亀,5,5,中村泰平,A1,71.43,5,▲,10.2813,27.1,36,59,0.1672,3.3846,,,0,低,80,0,差ま0% 抜0%,,0,94.1,1.7605,0,0,0,0.0769,0.0769,0.1864,0.0182,0.0364,,,A,△,,0.2328,0.6085,,0.5952,A,75,0,◎-○軸 3着3〜4艇流し（10〜15点）,0.5777,"{'is_target': True, 'verdict': '参加推奨', 'max_combo_prob': 0.0638, 'est_top_odds': 20.9, 'circle_concentration': 62.7, 'eligible_count': 8, 'bet_adj': 2, 'reason': 'rel_win1=50.3%（本命度） / 最有力組み合わせ確率: 0.064（推定実オッズ?21倍） / 2着集中度: 上位2艇 62.7%（補正+0.00） / 総合判定確率: 0.064 / → ヒモ分散。1号艇1着固定で広めのヒモ流し推奨（買い目+2点）', 'tenji_trigger': '展示確認: ヒモ分散レース。1号艇伸び確認後、広めのヒモ流しを採用。穴ヒモ（5・6号艇）を積極的に含める。'}",,,26.6,逃げ狙い,16.57,25.2,3,,,,,,,,,,,
2025-10-11,丸亀,5,6,藤原仙二,A2,72.22,6,○,5.0297,4.2,39,36.7,0.1516,3.2143,,,0,低,93,0,-,,0,33,0.8381,0,0,0,0.0625,0,0,0.08,0.28,,,A,,,0.2783,0.577,,0.5952,A,75,0,◎-○軸 3着3〜4艇流し（10〜15点）,0.5777,"{'is_target': True, 'verdict': '参加推奨', 'max_combo_prob': 0.0638, 'est_top_odds': 20.9, 'circle_concentration': 62.7, 'eligible_count': 8, 'bet_adj': 2, 'reason': 'rel_win1=50.3%（本命度） / 最有力組み合わせ確率: 0.064（推定実オッズ?21倍） / 2着集中度: 上位2艇 62.7%（補正+0.00） / 総合判定確率: 0.064 / → ヒモ分散。1号艇1着固定で広めのヒモ流し推奨（買い目+2点）', 'tenji_trigger': '展示確認: ヒモ分散レース。1号艇伸び確認後、広めのヒモ流しを採用。穴ヒモ（5・6号艇）を積極的に含める。'}",,,26.6,逃げ狙い,16.57,25.2,3,,,,,,,,,,,
2025-10-11,丸亀,6,1,為本智也,A2,21.05,1,◎,60.143,,0,92.3,0.1338,3,,,0,低,42,0,逃1%,,0,90.2,1.1851,0.5833,,,,,0.0333,0.0667,0,◎,,E,△,,,0.6205,,0.5341,S,100,0,◎1着固定 2-3着流し（5〜8点）,0.5777,"{'is_target': True, 'verdict': '参加推奨', 'max_combo_prob': 0.0761, 'est_top_odds': 17.5, 'circle_concentration': 77.2, 'eligible_count': 6, 'bet_adj': 2, 'reason': 'rel_win1=60.1%（本命度） / 最有力組み合わせ確率: 0.076（推定実オッズ?18倍） / 2着集中度: 上位2艇 77.2%（補正+0.04） / 総合判定確率: 0.116 / → ヒモ分散。1号艇1着固定で広めのヒモ流し推奨（買い目+2点）', 'tenji_trigger': '展示確認: ヒモ分散レース。1号艇伸び確認後、広めのヒモ流しを採用。穴ヒモ（5・6号艇）を積極的に含める。\n展示で1号艇スタート超安定(0.134秒)→ヒモ固まり方向に注意'}",,,25.4,逃げ狙い,14.22,24,3,,,,,0,0,0.7559,0,,逃げ軸流し,A
2025-10-11,丸亀,6,2,嘉手苅徹,B1,31.58,2,,10.1578,32.2,86,20,0.165,3.6,,,0,低,87,0,ま0%,,0,48.9,0.5379,0,0,0.0526,0,0,0.28,0.36,0,,,C,,,0.0562,0.5685,,0.5341,S,100,0,◎1着固定 2-3着流し（5〜8点）,0.5777,"{'is_target': True, 'verdict': '参加推奨', 'max_combo_prob': 0.0761, 'est_top_odds': 17.5, 'circle_concentration': 77.2, 'eligible_count': 6, 'bet_adj': 2, 'reason': 'rel_win1=60.1%（本命度） / 最有力組み合わせ確率: 0.076（推定実オッズ?18倍） / 2着集中度: 上位2艇 77.2%（補正+0.04） / 総合判定確率: 0.116 / → ヒモ分散。1号艇1着固定で広めのヒモ流し推奨（買い目+2点）', 'tenji_trigger': '展示確認: ヒモ分散レース。1号艇伸び確認後、広めのヒモ流しを採用。穴ヒモ（5・6号艇）を積極的に含める。\n展示で1号艇スタート超安定(0.134秒)→ヒモ固まり方向に注意'}",,,25.4,逃げ狙い,14.22,24,3,,,,,,,,,,,
2025-10-11,丸亀,6,3,石本裕武,A1,35.00,3,○,15.4371,45,100,64.3,0.1182,2.8393,,,0,低,35,0,ま0% 差ま0%,,0,64.8,1.3344,0,0,0.0714,0.0714,0,0,0.0909,0.0909,,◎,C,◎,,0.3773,0.657,,0.5341,S,100,0,◎1着固定 2-3着流し（5〜8点）,0.5777,"{'is_target': True, 'verdict': '参加推奨', 'max_combo_prob': 0.0761, 'est_top_odds': 17.5, 'circle_concentration': 77.2, 'eligible_count': 6, 'bet_adj': 2, 'reason': 'rel_win1=60.1%（本命度） / 最有力組み合わせ確率: 0.076（推定実オッズ?18倍） / 2着集中度: 上位2艇 77.2%（補正+0.04） / 総合判定確率: 0.116 / → ヒモ分散。1号艇1着固定で広めのヒモ流し推奨（買い目+2点）', 'tenji_trigger': '展示確認: ヒモ分散レース。1号艇伸び確認後、広めのヒモ流しを採用。穴ヒモ（5・6号艇）を積極的に含める。\n展示で1号艇スタート超安定(0.134秒)→ヒモ固まり方向に注意'}",,,25.4,逃げ狙い,14.22,24,3,,,,,,,,,,,
2025-10-11,丸亀,6,4,金子龍斗,B1,42.11,4,△,5.2277,3.7,73,17.6,0.2016,3.6373,,,0,低,82,0,-,,0,17.5,0.5889,,,,,,0.1473,0.3802,0,,,B,,,0.1368,0.508,,0.5341,S,100,0,◎1着固定 2-3着流し（5〜8点）,0.5777,"{'is_target': True, 'verdict': '参加推奨', 'max_combo_prob': 0.0761, 'est_top_odds': 17.5, 'circle_concentration': 77.2, 'eligible_count': 6, 'bet_adj': 2, 'reason': 'rel_win1=60.1%（本命度） / 最有力組み合わせ確率: 0.076（推定実オッズ?18倍） / 2着集中度: 上位2艇 77.2%（補正+0.04） / 総合判定確率: 0.116 / → ヒモ分散。1号艇1着固定で広めのヒモ流し推奨（買い目+2点）', 'tenji_trigger': '展示確認: ヒモ分散レース。1号艇伸び確認後、広めのヒモ流しを採用。穴ヒモ（5・6号艇）を積極的に含める。\n展示で1号艇スタート超安定(0.134秒)→ヒモ固まり方向に注意'}",,,25.4,逃げ狙い,14.22,24,3,,,,,,,,,,,
2025-10-11,丸亀,6,5,森　智哉,B1,50.00,5,▲,7.9558,12.1,66,36.2,0.1585,3.4362,,,0,低,64,0,-,,0,25.8,0.9274,0,0,0,0.0455,0,0,0.1667,0.3333,,,A,△,,0.2028,0.6105,,0.5341,S,100,0,◎1着固定 2-3着流し（5〜8点）,0.5777,"{'is_target': True, 'verdict': '参加推奨', 'max_combo_prob': 0.0761, 'est_top_odds': 17.5, 'circle_concentration': 77.2, 'eligible_count': 6, 'bet_adj': 2, 'reason': 'rel_win1=60.1%（本命度） / 最有力組み合わせ確率: 0.076（推定実オッズ?18倍） / 2着集中度: 上位2艇 77.2%（補正+0.04） / 総合判定確率: 0.116 / → ヒモ分散。1号艇1着固定で広めのヒモ流し推奨（買い目+2点）', 'tenji_trigger': '展示確認: ヒモ分散レース。1号艇伸び確認後、広めのヒモ流しを採用。穴ヒモ（5・6号艇）を積極的に含める。\n展示で1号艇スタート超安定(0.134秒)→ヒモ固まり方向に注意'}",,,25.4,逃げ狙い,14.22,24,3,,,,,,,,,,,
2025-10-11,丸亀,6,6,大原祥昌,A2,17.65,6,,1.0786,7,81,33.3,0.1583,3.4524,,,0,低,48,0,-,,0,70.1,1.3786,,,,,,0,0.1818,0,,,E,○,,0.2356,0.651,,0.5341,S,100,0,◎1着固定 2-3着流し（5〜8点）,0.5777,"{'is_target': True, 'verdict': '参加推奨', 'max_combo_prob': 0.0761, 'est_top_odds': 17.5, 'circle_concentration': 77.2, 'eligible_count': 6, 'bet_adj': 2, 'reason': 'rel_win1=60.1%（本命度） / 最有力組み合わせ確率: 0.076（推定実オッズ?18倍） / 2着集中度: 上位2艇 77.2%（補正+0.04） / 総合判定確率: 0.116 / → ヒモ分散。1号艇1着固定で広めのヒモ流し推奨（買い目+2点）', 'tenji_trigger': '展示確認: ヒモ分散レース。1号艇伸び確認後、広めのヒモ流しを採用。穴ヒモ（5・6号艇）を積極的に含める。\n展示で1号艇スタート超安定(0.134秒)→ヒモ固まり方向に注意'}",,,25.4,逃げ狙い,14.22,24,3,,,,,,,,,,,
2025-10-11,丸亀,7,1,篠原飛翔,A2,20.00,1,◎,48.4387,,0,77.5,0.191,3.9625,,,0,低,97,0,逃0%,,0,64.2,0.9872,0.4615,,,,,0.0808,0.1423,0.0462,△,,D,△,,,0.603,,0.2509,B,55,0,◎○△フォーメーション（15〜20点）,0.5777,"{'is_target': True, 'verdict': '参加推奨', 'max_combo_prob': 0.0768, 'est_top_odds': 17.4, 'circle_concentration': 75.4, 'eligible_count': 9, 'bet_adj': 2, 'reason': 'rel_win1=48.4%（本命度） / 最有力組み合わせ確率: 0.077（推定実オッズ?17倍） / 2着集中度: 上位2艇 75.4%（補正+0.04） / 総合判定確率: 0.117 / → ヒモ分散。1号艇1着固定で広めのヒモ流し推奨（買い目+2点）', 'tenji_trigger': '展示確認: ヒモ分散レース。1号艇伸び確認後、広めのヒモ流しを採用。穴ヒモ（5・6号艇）を積極的に含める。\n展示で1号艇スタート遅め(0.191秒)確認→ヒモが荒れやすい'}",,,29.4,両建て推奨,19.71,30.7,2,2-1-4|2-1-3|1-2-4|1-2-6|1-3-4|1-4-2|1-4-6,6-1-4|5-1-6|6-4-1|5-6-1|2-1-4|5-1-4|2-1-3|1-2-4|1-2-6|1-3-4|1-4-2|1-4-6,2-1-4:2.68%|2-1-3:1.68%|1-2-4:11.46%|1-2-6:6.82%|1-3-4:5.25%|1-4-2:5.23%|1-4-6:4.14%,2-1-4:B_main|2-1-3:B_main|1-2-4:A|1-2-6:A|1-3-4:A|1-4-2:A|1-4-6:A,7,12,0.4535,1,[!]見送り推奨（主役決まり手「差し」― 逃げ劣勢レースで的中実績なし）,荒れ広め,D
2025-10-11,丸亀,7,2,西岡顕心,A1,11.76,2,▲,17.8105,53.1,97,80,0.1503,3.05,,,0,低,55,0,差0%,,0,40.9,0.9326,0,0.1,0,0,0,0,0.0714,0,,◎,E,○,,0.5844,0.6245,,0.2509,B,55,0,◎○△フォーメーション（15〜20点）,0.5777,"{'is_target': True, 'verdict': '参加推奨', 'max_combo_prob': 0.0768, 'est_top_odds': 17.4, 'circle_concentration': 75.4, 'eligible_count': 9, 'bet_adj': 2, 'reason': 'rel_win1=48.4%（本命度） / 最有力組み合わせ確率: 0.077（推定実オッズ?17倍） / 2着集中度: 上位2艇 75.4%（補正+0.04） / 総合判定確率: 0.117 / → ヒモ分散。1号艇1着固定で広めのヒモ流し推奨（買い目+2点）', 'tenji_trigger': '展示確認: ヒモ分散レース。1号艇伸び確認後、広めのヒモ流しを採用。穴ヒモ（5・6号艇）を積極的に含める。\n展示で1号艇スタート遅め(0.191秒)確認→ヒモが荒れやすい'}",,,29.4,両建て推奨,19.71,30.7,2,,,,,,,,,,,
2025-10-11,丸亀,7,3,網代良芽,B1,20.00,3,,10.8409,14,99,35.3,0.1776,3.3824,,,0,低,76,0,ま0% 差ま0%,,0,23.2,0.7906,0,0,0.0588,0.0588,0,0.2389,0.2833,0.4778,,△,D,,,0.3767,0.5435,,0.2509,B,55,0,◎○△フォーメーション（15〜20点）,0.5777,"{'is_target': True, 'verdict': '参加推奨', 'max_combo_prob': 0.0768, 'est_top_odds': 17.4, 'circle_concentration': 75.4, 'eligible_count': 9, 'bet_adj': 2, 'reason': 'rel_win1=48.4%（本命度） / 最有力組み合わせ確率: 0.077（推定実オッズ?17倍） / 2着集中度: 上位2艇 75.4%（補正+0.04） / 総合判定確率: 0.117 / → ヒモ分散。1号艇1着固定で広めのヒモ流し推奨（買い目+2点）', 'tenji_trigger': '展示確認: ヒモ分散レース。1号艇伸び確認後、広めのヒモ流しを採用。穴ヒモ（5・6号艇）を積極的に含める。\n展示で1号艇スタート遅め(0.191秒)確認→ヒモが荒れやすい'}",,,29.4,両建て推奨,19.71,30.7,2,,,,,,,,,,,
2025-10-11,丸亀,7,4,砂長知輝,A1,29.41,4,○,16.4655,22.3,100,69,0.1521,3.4138,,,0,低,57,0,ま0%,,0,89.9,1.6111,0,0,0.25,0,0,0,0.2,0.025,,○,B,◎,◎,0.525,0.6395,0.4024,0.2509,B,55,0,◎○△フォーメーション（15〜20点）,0.5777,"{'is_target': True, 'verdict': '参加推奨', 'max_combo_prob': 0.0768, 'est_top_odds': 17.4, 'circle_concentration': 75.4, 'eligible_count': 9, 'bet_adj': 2, 'reason': 'rel_win1=48.4%（本命度） / 最有力組み合わせ確率: 0.077（推定実オッズ?17倍） / 2着集中度: 上位2艇 75.4%（補正+0.04） / 総合判定確率: 0.117 / → ヒモ分散。1号艇1着固定で広めのヒモ流し推奨（買い目+2点）', 'tenji_trigger': '展示確認: ヒモ分散レース。1号艇伸び確認後、広めのヒモ流しを採用。穴ヒモ（5・6号艇）を積極的に含める。\n展示で1号艇スタート遅め(0.191秒)確認→ヒモが荒れやすい'}",,,29.4,両建て推奨,19.71,30.7,2,,,,,,,,,,,
2025-10-11,丸亀,7,5,小林甘寧,B2,27.78,5,△,5.3471,10.1,69,27.3,0.1909,4.1364,,,0,低,49,1,-,,0,34,0.826,,,,,,1,0,0,,,B,,,0.3267,0.5545,,0.2509,B,55,0,◎○△フォーメーション（15〜20点）,0.5777,"{'is_target': True, 'verdict': '参加推奨', 'max_combo_prob': 0.0768, 'est_top_odds': 17.4, 'circle_concentration': 75.4, 'eligible_count': 9, 'bet_adj': 2, 'reason': 'rel_win1=48.4%（本命度） / 最有力組み合わせ確率: 0.077（推定実オッズ?17倍） / 2着集中度: 上位2艇 75.4%（補正+0.04） / 総合判定確率: 0.117 / → ヒモ分散。1号艇1着固定で広めのヒモ流し推奨（買い目+2点）', 'tenji_trigger': '展示確認: ヒモ分散レース。1号艇伸び確認後、広めのヒモ流しを採用。穴ヒモ（5・6号艇）を積極的に含める。\n展示で1号艇スタート遅め(0.191秒)確認→ヒモが荒れやすい'}",,,29.4,両建て推奨,19.71,30.7,2,,,,,,,,,,,
2025-10-11,丸亀,7,6,加藤優弥,B1,21.05,6,,1.0973,0.5,67,18.4,0.182,3.6735,,,0,低,96,0,-,,0,31.7,0.7867,,,,,,0.1068,0.4902,0.0211,,,C,△,,0.36,0.6035,,0.2509,B,55,0,◎○△フォーメーション（15〜20点）,0.5777,"{'is_target': True, 'verdict': '参加推奨', 'max_combo_prob': 0.0768, 'est_top_odds': 17.4, 'circle_concentration': 75.4, 'eligible_count': 9, 'bet_adj': 2, 'reason': 'rel_win1=48.4%（本命度） / 最有力組み合わせ確率: 0.077（推定実オッズ?17倍） / 2着集中度: 上位2艇 75.4%（補正+0.04） / 総合判定確率: 0.117 / → ヒモ分散。1号艇1着固定で広めのヒモ流し推奨（買い目+2点）', 'tenji_trigger': '展示確認: ヒモ分散レース。1号艇伸び確認後、広めのヒモ流しを採用。穴ヒモ（5・6号艇）を積極的に含める。\n展示で1号艇スタート遅め(0.191秒)確認→ヒモが荒れやすい'}",,,29.4,両建て推奨,19.71,30.7,2,,,,,,,,,,,
2025-10-11,丸亀,8,1,中野希一,A1,10.53,1,◎,58.4213,,0,64.1,0.1669,3.3846,,,0,低,71,0,逃0%,,0,77,0.8875,0.4091,,,,,0.1818,0.3636,0.0455,○,,E,,,,0.5435,,0.3885,A,68,0,◎-○軸 3着3〜4艇流し（10〜15点）,0.5777,"{'is_target': True, 'verdict': '点数絞り', 'max_combo_prob': 0.1117, 'est_top_odds': 11.9, 'circle_concentration': 78.7, 'eligible_count': 8, 'bet_adj': 0, 'reason': 'rel_win1=58.4%（本命度） / 最有力組み合わせ確率: 0.112（推定実オッズ?12倍） / 2着集中度: 上位2艇 78.7%（補正+0.04） / 総合判定確率: 0.152 / → ヒモはやや固め。上位2艇以外を切ること', 'tenji_trigger': '展示確認: 1号艇伸び良→そのまま採用。悪→飛び組に差し替え。circle_pct上位2艇に絞り込むこと。'}",,,31.1,逃げ狙い,17.08,37.6,2,,,,,0,0,0.6155,0,,主役軸流し,B
2025-10-11,丸亀,8,2,宮脇遼太,A2,50.00,2,○,24.0957,42.3,100,65.8,0.1716,3.5395,,,0,低,70,0,差0% ま0% 抜0%,,0,75.6,1.1948,0,0.2,0.1333,0,0.0667,0.1906,0,0.0706,,,A,○,,0.3253,0.5925,,0.3885,A,68,0,◎-○軸 3着3〜4艇流し（10〜15点）,0.5777,"{'is_target': True, 'verdict': '点数絞り', 'max_combo_prob': 0.1117, 'est_top_odds': 11.9, 'circle_concentration': 78.7, 'eligible_count': 8, 'bet_adj': 0, 'reason': 'rel_win1=58.4%（本命度） / 最有力組み合わせ確率: 0.112（推定実オッズ?12倍） / 2着集中度: 上位2艇 78.7%（補正+0.04） / 総合判定確率: 0.152 / → ヒモはやや固め。上位2艇以外を切ること', 'tenji_trigger': '展示確認: 1号艇伸び良→そのまま採用。悪→飛び組に差し替え。circle_pct上位2艇に絞り込むこと。'}",,,31.1,逃げ狙い,17.08,37.6,2,,,,,,,,,,,
2025-10-11,丸亀,8,3,岡　暢祐,B1,44.44,3,▲,8.0698,36.5,41,30.9,0.169,3.381,,,0,低,120,0,ま0%,,0,42.2,0.6573,0,0,0.0556,0,0,0.1667,0.0833,0.1667,,,B,△,,0.3152,0.5595,,0.3885,A,68,0,◎-○軸 3着3〜4艇流し（10〜15点）,0.5777,"{'is_target': True, 'verdict': '点数絞り', 'max_combo_prob': 0.1117, 'est_top_odds': 11.9, 'circle_concentration': 78.7, 'eligible_count': 8, 'bet_adj': 0, 'reason': 'rel_win1=58.4%（本命度） / 最有力組み合わせ確率: 0.112（推定実オッズ?12倍） / 2着集中度: 上位2艇 78.7%（補正+0.04） / 総合判定確率: 0.152 / → ヒモはやや固め。上位2艇以外を切ること', 'tenji_trigger': '展示確認: 1号艇伸び良→そのまま採用。悪→飛び組に差し替え。circle_pct上位2艇に絞り込むこと。'}",,,31.1,逃げ狙い,17.08,37.6,2,,,,,,,,,,,
2025-10-11,丸亀,8,4,田村　慶,A2,52.17,4,△,5.3926,11.7,90,34.2,0.1761,4.1447,,,0,低,93,0,-,,0,33.4,0.6989,,,,,,0,0,0,,,A,△,,0.3319,0.5845,,0.3885,A,68,0,◎-○軸 3着3〜4艇流し（10〜15点）,0.5777,"{'is_target': True, 'verdict': '点数絞り', 'max_combo_prob': 0.1117, 'est_top_odds': 11.9, 'circle_concentration': 78.7, 'eligible_count': 8, 'bet_adj': 0, 'reason': 'rel_win1=58.4%（本命度） / 最有力組み合わせ確率: 0.112（推定実オッズ?12倍） / 2着集中度: 上位2艇 78.7%（補正+0.04） / 総合判定確率: 0.152 / → ヒモはやや固め。上位2艇以外を切ること', 'tenji_trigger': '展示確認: 1号艇伸び良→そのまま採用。悪→飛び組に差し替え。circle_pct上位2艇に絞り込むこと。'}",,,31.1,逃げ狙い,17.08,37.6,2,,,,,,,,,,,
2025-10-11,丸亀,8,5,坂井滉哉,B1,33.33,5,,2.8666,9.2,55,20,0.1471,3.1818,,,0,低,72,0,差ま0%,,0,32.5,0.6505,0,0,0,0.0455,0,0.0667,0.0667,0.3067,,,D,◎,,0.3989,0.618,,0.3885,A,68,0,◎-○軸 3着3〜4艇流し（10〜15点）,0.5777,"{'is_target': True, 'verdict': '点数絞り', 'max_combo_prob': 0.1117, 'est_top_odds': 11.9, 'circle_concentration': 78.7, 'eligible_count': 8, 'bet_adj': 0, 'reason': 'rel_win1=58.4%（本命度） / 最有力組み合わせ確率: 0.112（推定実オッズ?12倍） / 2着集中度: 上位2艇 78.7%（補正+0.04） / 総合判定確率: 0.152 / → ヒモはやや固め。上位2艇以外を切ること', 'tenji_trigger': '展示確認: 1号艇伸び良→そのまま採用。悪→飛び組に差し替え。circle_pct上位2艇に絞り込むこと。'}",,,31.1,逃げ狙い,17.08,37.6,2,,,,,,,,,,,
2025-10-11,丸亀,8,6,上岡巧汰,B2,30.00,6,,1.154,0.4,13,1.2,0.1698,3.657,,,0,低,35,0,-,,0,23.4,0.8022,,,,,,,,,,,D,,,0.3589,0.483,,0.3885,A,68,0,◎-○軸 3着3〜4艇流し（10〜15点）,0.5777,"{'is_target': True, 'verdict': '点数絞り', 'max_combo_prob': 0.1117, 'est_top_odds': 11.9, 'circle_concentration': 78.7, 'eligible_count': 8, 'bet_adj': 0, 'reason': 'rel_win1=58.4%（本命度） / 最有力組み合わせ確率: 0.112（推定実オッズ?12倍） / 2着集中度: 上位2艇 78.7%（補正+0.04） / 総合判定確率: 0.152 / → ヒモはやや固め。上位2艇以外を切ること', 'tenji_trigger': '展示確認: 1号艇伸び良→そのまま採用。悪→飛び組に差し替え。circle_pct上位2艇に絞り込むこと。'}",,,31.1,逃げ狙い,17.08,37.6,2,,,,,,,,,,,
2025-10-11,丸亀,9,1,上田健太,A1,33.33,1,◎,57.1824,,0,90.4,0.1675,3.3846,,,0,低,121,0,逃1%,,0,87.8,1.1541,0.6,,,,,0.1337,0.048,0.1177,○,,D,△,,,0.6005,,0.4031,S,82,0,◎1着固定 2-3着流し（5〜8点）,0.5777,"{'is_target': True, 'verdict': '点数絞り', 'max_combo_prob': 0.1019, 'est_top_odds': 13.1, 'circle_concentration': 80.3, 'eligible_count': 6, 'bet_adj': 0, 'reason': 'rel_win1=57.2%（本命度） / 最有力組み合わせ確率: 0.102（推定実オッズ?13倍） / 2着集中度: 上位2艇 80.3%（補正+0.04） / 総合判定確率: 0.142 / → ヒモはやや固め。上位2艇以外を切ること', 'tenji_trigger': '展示確認: 1号艇伸び良→そのまま採用。悪→飛び組に差し替え。circle_pct上位2艇に絞り込むこと。'}",,,27.7,逃げ狙い,15.8,29.2,2,,,,,0,0,0.6155,0,,主役軸流し,B
2025-10-11,丸亀,9,2,眞鳥章太,A2,40.00,2,▲,16.7994,54.6,67,65.1,0.1489,3.1905,,,0,低,108,0,-,,0,23.8,0.6481,0,0.25,0,0,0.0714,0.0364,0.0364,0.0721,,◎,C,◎,,0.5654,0.6335,,0.4031,S,82,0,◎1着固定 2-3着流し（5〜8点）,0.5777,"{'is_target': True, 'verdict': '点数絞り', 'max_combo_prob': 0.1019, 'est_top_odds': 13.1, 'circle_concentration': 80.3, 'eligible_count': 6, 'bet_adj': 0, 'reason': 'rel_win1=57.2%（本命度） / 最有力組み合わせ確率: 0.102（推定実オッズ?13倍） / 2着集中度: 上位2艇 80.3%（補正+0.04） / 総合判定確率: 0.142 / → ヒモはやや固め。上位2艇以外を切ること', 'tenji_trigger': '展示確認: 1号艇伸び良→そのまま採用。悪→飛び組に差し替え。circle_pct上位2艇に絞り込むこと。'}",,,27.7,逃げ狙い,15.8,29.2,2,,,,,,,,,,,
2025-10-11,丸亀,9,3,山下拓巳,B1,50.00,3,○,9.2748,25.8,100,45.2,0.1631,3.3571,,,0,低,122,0,ま0% 差ま0%,,0,36.6,0.8856,0,0,0.0769,0.0385,0,0.0381,0.1143,0.2762,,,A,△,,0.3207,0.5625,,0.4031,S,82,0,◎1着固定 2-3着流し（5〜8点）,0.5777,"{'is_target': True, 'verdict': '点数絞り', 'max_combo_prob': 0.1019, 'est_top_odds': 13.1, 'circle_concentration': 80.3, 'eligible_count': 6, 'bet_adj': 0, 'reason': 'rel_win1=57.2%（本命度） / 最有力組み合わせ確率: 0.102（推定実オッズ?13倍） / 2着集中度: 上位2艇 80.3%（補正+0.04） / 総合判定確率: 0.142 / → ヒモはやや固め。上位2艇以外を切ること', 'tenji_trigger': '展示確認: 1号艇伸び良→そのまま採用。悪→飛び組に差し替え。circle_pct上位2艇に絞り込むこと。'}",,,27.7,逃げ狙い,15.8,29.2,2,,,,,,,,,,,
2025-10-11,丸亀,9,4,有山　望,B2,47.37,4,△,8.2699,9.1,61,16.7,0.1972,3.7778,,,0,低,45,0,-,,0,22.2,0.7011,0,0,0.1111,0,0,,,,,,B,,,0.1995,0.4945,,0.4031,S,82,0,◎1着固定 2-3着流し（5〜8点）,0.5777,"{'is_target': True, 'verdict': '点数絞り', 'max_combo_prob': 0.1019, 'est_top_odds': 13.1, 'circle_concentration': 80.3, 'eligible_count': 6, 'bet_adj': 0, 'reason': 'rel_win1=57.2%（本命度） / 最有力組み合わせ確率: 0.102（推定実オッズ?13倍） / 2着集中度: 上位2艇 80.3%（補正+0.04） / 総合判定確率: 0.142 / → ヒモはやや固め。上位2艇以外を切ること', 'tenji_trigger': '展示確認: 1号艇伸び良→そのまま採用。悪→飛び組に差し替え。circle_pct上位2艇に絞り込むこと。'}",,,27.7,逃げ狙い,15.8,29.2,2,,,,,,,,,,,
2025-10-11,丸亀,9,5,三馬崇史,B1,42.86,5,,7.4394,7.3,81,37,0.1707,3.7963,,,0,低,99,0,差ま0% 抜0%,,0,64.2,1.1752,0,0,0,0.05,0.15,0.1177,0.1337,0.2514,,,B,○,◎,0.2801,0.611,0.3569,0.4031,S,82,0,◎1着固定 2-3着流し（5〜8点）,0.5777,"{'is_target': True, 'verdict': '点数絞り', 'max_combo_prob': 0.1019, 'est_top_odds': 13.1, 'circle_concentration': 80.3, 'eligible_count': 6, 'bet_adj': 0, 'reason': 'rel_win1=57.2%（本命度） / 最有力組み合わせ確率: 0.102（推定実オッズ?13倍） / 2着集中度: 上位2艇 80.3%（補正+0.04） / 総合判定確率: 0.142 / → ヒモはやや固め。上位2艇以外を切ること', 'tenji_trigger': '展示確認: 1号艇伸び良→そのまま採用。悪→飛び組に差し替え。circle_pct上位2艇に絞り込むこと。'}",,,27.7,逃げ狙い,15.8,29.2,2,,,,,,,,,,,
2025-10-11,丸亀,9,6,原田雄次,A2,12.00,6,,1.0342,3.3,64,17.1,0.2089,5.1286,,,0,低,136,0,-,,0,21.3,0.6611,,,,,,0,0.25,0.375,,,E,,,0.1889,0.5155,,0.4031,S,82,0,◎1着固定 2-3着流し（5〜8点）,0.5777,"{'is_target': True, 'verdict': '点数絞り', 'max_combo_prob': 0.1019, 'est_top_odds': 13.1, 'circle_concentration': 80.3, 'eligible_count': 6, 'bet_adj': 0, 'reason': 'rel_win1=57.2%（本命度） / 最有力組み合わせ確率: 0.102（推定実オッズ?13倍） / 2着集中度: 上位2艇 80.3%（補正+0.04） / 総合判定確率: 0.142 / → ヒモはやや固め。上位2艇以外を切ること', 'tenji_trigger': '展示確認: 1号艇伸び良→そのまま採用。悪→飛び組に差し替え。circle_pct上位2艇に絞り込むこと。'}",,,27.7,逃げ狙い,15.8,29.2,2,,,,,,,,,,,
2025-10-11,丸亀,10,1,佐々木翔,A1,42.86,1,◎,62.6308,,0,84.9,0.1421,2.7803,,,0,低,101,0,逃1%,,0,72.2,0.9474,0.5161,,,,,0.0387,0.1373,0.1502,◎,,A,△,,,0.5985,,0.538,A,78,0,◎-○軸 3着3〜4艇流し（10〜15点）,0.5777,"{'is_target': True, 'verdict': '点数絞り', 'max_combo_prob': 0.1028, 'est_top_odds': 13.0, 'circle_concentration': 76.7, 'eligible_count': 8, 'bet_adj': 0, 'reason': 'rel_win1=62.6%（本命度） / 最有力組み合わせ確率: 0.103（推定実オッズ?13倍） / 2着集中度: 上位2艇 76.7%（補正+0.04） / 総合判定確率: 0.143 / → ヒモはやや固め。上位2艇以外を切ること', 'tenji_trigger': '展示確認: 1号艇伸び良→そのまま採用。悪→飛び組に差し替え。circle_pct上位2艇に絞り込むこと。'}",,,28.2,逃げ狙い,18.51,28.3,2,,,,,0,0,0.7559,0,,逃げ軸流し,A
2025-10-11,丸亀,10,2,浦野　海,A2,17.65,2,,8.9111,46.3,55,60,0.1555,3.4125,,,0,低,75,0,抜0%,,0,41.9,0.9693,0,0,0,0,0.0556,0,0.1111,0.1422,,,E,,,0.1993,0.579,,0.538,A,78,0,◎-○軸 3着3〜4艇流し（10〜15点）,0.5777,"{'is_target': True, 'verdict': '点数絞り', 'max_combo_prob': 0.1028, 'est_top_odds': 13.0, 'circle_concentration': 76.7, 'eligible_count': 8, 'bet_adj': 0, 'reason': 'rel_win1=62.6%（本命度） / 最有力組み合わせ確率: 0.103（推定実オッズ?13倍） / 2着集中度: 上位2艇 76.7%（補正+0.04） / 総合判定確率: 0.143 / → ヒモはやや固め。上位2艇以外を切ること', 'tenji_trigger': '展示確認: 1号艇伸び良→そのまま採用。悪→飛び組に差し替え。circle_pct上位2艇に絞り込むこと。'}",,,28.2,逃げ狙い,18.51,28.3,2,,,,,,,,,,,
2025-10-11,丸亀,10,3,津田陸翔,A2,40.00,3,○,13.1557,30.4,62,66.7,0.16,3.4412,,,0,低,80,0,差0% ま0% 差ま0%,,0,61.5,1.2752,0,0.0714,0.0714,0.0714,0,0,0.0842,0.2421,,,B,◎,,0.2237,0.6525,,0.538,A,78,0,◎-○軸 3着3〜4艇流し（10〜15点）,0.5777,"{'is_target': True, 'verdict': '点数絞り', 'max_combo_prob': 0.1028, 'est_top_odds': 13.0, 'circle_concentration': 76.7, 'eligible_count': 8, 'bet_adj': 0, 'reason': 'rel_win1=62.6%（本命度） / 最有力組み合わせ確率: 0.103（推定実オッズ?13倍） / 2着集中度: 上位2艇 76.7%（補正+0.04） / 総合判定確率: 0.143 / → ヒモはやや固め。上位2艇以外を切ること', 'tenji_trigger': '展示確認: 1号艇伸び良→そのまま採用。悪→飛び組に差し替え。circle_pct上位2艇に絞り込むこと。'}",,,28.2,逃げ狙い,18.51,28.3,2,,,,,,,,,,,
2025-10-11,丸亀,10,4,市川健太,B1,36.84,4,▲,6.3355,8.6,100,36.2,0.164,3.4574,,,0,低,87,0,-,,0,26.8,0.773,,,,,,0.1333,0.1333,0.1333,,,C,△,,0.2469,0.603,,0.538,A,78,0,◎-○軸 3着3〜4艇流し（10〜15点）,0.5777,"{'is_target': True, 'verdict': '点数絞り', 'max_combo_prob': 0.1028, 'est_top_odds': 13.0, 'circle_concentration': 76.7, 'eligible_count': 8, 'bet_adj': 0, 'reason': 'rel_win1=62.6%（本命度） / 最有力組み合わせ確率: 0.103（推定実オッズ?13倍） / 2着集中度: 上位2艇 76.7%（補正+0.04） / 総合判定確率: 0.143 / → ヒモはやや固め。上位2艇以外を切ること', 'tenji_trigger': '展示確認: 1号艇伸び良→そのまま採用。悪→飛び組に差し替え。circle_pct上位2艇に絞り込むこと。'}",,,28.2,逃げ狙い,18.51,28.3,2,,,,,,,,,,,
2025-10-11,丸亀,10,5,為本智也,A2,21.05,5,△,7.8932,11.6,69,46.2,0.1446,3.0962,,,0,低,42,0,差ま0%,,0,84,1.3883,0,0,0,0.0909,0,0.0333,0.0667,0,,,E,○,,0.3054,0.6205,,0.538,A,78,0,◎-○軸 3着3〜4艇流し（10〜15点）,0.5777,"{'is_target': True, 'verdict': '点数絞り', 'max_combo_prob': 0.1028, 'est_top_odds': 13.0, 'circle_concentration': 76.7, 'eligible_count': 8, 'bet_adj': 0, 'reason': 'rel_win1=62.6%（本命度） / 最有力組み合わせ確率: 0.103（推定実オッズ?13倍） / 2着集中度: 上位2艇 76.7%（補正+0.04） / 総合判定確率: 0.143 / → ヒモはやや固め。上位2艇以外を切ること', 'tenji_trigger': '展示確認: 1号艇伸び良→そのまま採用。悪→飛び組に差し替え。circle_pct上位2艇に絞り込むこと。'}",,,28.2,逃げ狙い,18.51,28.3,2,,,,,,,,,,,
2025-10-11,丸亀,10,6,芝田京介,B1,28.57,6,,1.0737,3.1,51,11.9,0.1986,4.4286,,,0,低,102,0,-,,0,27.2,0.8244,,,,,,0.4167,0.25,0.0833,,,D,,,0.1578,0.5915,,0.538,A,78,0,◎-○軸 3着3〜4艇流し（10〜15点）,0.5777,"{'is_target': True, 'verdict': '点数絞り', 'max_combo_prob': 0.1028, 'est_top_odds': 13.0, 'circle_concentration': 76.7, 'eligible_count': 8, 'bet_adj': 0, 'reason': 'rel_win1=62.6%（本命度） / 最有力組み合わせ確率: 0.103（推定実オッズ?13倍） / 2着集中度: 上位2艇 76.7%（補正+0.04） / 総合判定確率: 0.143 / → ヒモはやや固め。上位2艇以外を切ること', 'tenji_trigger': '展示確認: 1号艇伸び良→そのまま採用。悪→飛び組に差し替え。circle_pct上位2艇に絞り込むこと。'}",,,28.2,逃げ狙い,18.51,28.3,2,,,,,,,,,,,
2025-10-11,丸亀,11,1,砂長知輝,A1,29.41,1,◎,57.5341,,0,91.4,0.1451,2.8714,,,0,低,57,0,逃0%,,0,82.6,1.1657,0.5,,,,,0,0.2,0.025,◎,,D,○,,,0.6395,,0.551,S,95,0,◎1着固定 2-3着流し（5〜8点）,0.5777,"{'is_target': True, 'verdict': '参加推奨', 'max_combo_prob': 0.0671, 'est_top_odds': 19.9, 'circle_concentration': 69.5, 'eligible_count': 6, 'bet_adj': 2, 'reason': 'rel_win1=57.5%（本命度） / 最有力組み合わせ確率: 0.067（推定実オッズ?20倍） / 2着集中度: 上位2艇 69.5%（補正+0.00） / 総合判定確率: 0.067 / → ヒモ分散。1号艇1着固定で広めのヒモ流し推奨（買い目+2点）', 'tenji_trigger': '展示確認: ヒモ分散レース。1号艇伸び確認後、広めのヒモ流しを採用。穴ヒモ（5・6号艇）を積極的に含める。'}",,,28.8,逃げ狙い,23.48,25.6,3,,,,,0,0,0.7559,0,,逃げ軸流し,A
2025-10-11,丸亀,11,2,高井雄基,A1,33.33,2,,12.0049,34.5,100,55.9,0.1791,4.1176,,,0,低,86,0,-,,0,38,1.08,0,0.0625,0,0,0.0625,0,0.0889,0.0444,,,D,△,,0.063,0.579,,0.551,S,95,0,◎1着固定 2-3着流し（5〜8点）,0.5777,"{'is_target': True, 'verdict': '参加推奨', 'max_combo_prob': 0.0671, 'est_top_odds': 19.9, 'circle_concentration': 69.5, 'eligible_count': 6, 'bet_adj': 2, 'reason': 'rel_win1=57.5%（本命度） / 最有力組み合わせ確率: 0.067（推定実オッズ?20倍） / 2着集中度: 上位2艇 69.5%（補正+0.00） / 総合判定確率: 0.067 / → ヒモ分散。1号艇1着固定で広めのヒモ流し推奨（買い目+2点）', 'tenji_trigger': '展示確認: ヒモ分散レース。1号艇伸び確認後、広めのヒモ流しを採用。穴ヒモ（5・6号艇）を積極的に含める。'}",,,28.8,逃げ狙い,23.48,25.6,3,,,,,,,,,,,
2025-10-11,丸亀,11,3,藤原仙二,A2,72.22,3,▲,11.8715,35,70,64.7,0.1618,3.5441,,,0,低,93,0,-,,0,29.2,0.9663,0,0,0,0,0.0769,0,0.08,0.28,,,A,,,0.2289,0.577,,0.551,S,95,0,◎1着固定 2-3着流し（5〜8点）,0.5777,"{'is_target': True, 'verdict': '参加推奨', 'max_combo_prob': 0.0671, 'est_top_odds': 19.9, 'circle_concentration': 69.5, 'eligible_count': 6, 'bet_adj': 2, 'reason': 'rel_win1=57.5%（本命度） / 最有力組み合わせ確率: 0.067（推定実オッズ?20倍） / 2着集中度: 上位2艇 69.5%（補正+0.00） / 総合判定確率: 0.067 / → ヒモ分散。1号艇1着固定で広めのヒモ流し推奨（買い目+2点）', 'tenji_trigger': '展示確認: ヒモ分散レース。1号艇伸び確認後、広めのヒモ流しを採用。穴ヒモ（5・6号艇）を積極的に含める。'}",,,28.8,逃げ狙い,23.48,25.6,3,,,,,,,,,,,
2025-10-11,丸亀,11,4,大原祥昌,A2,17.65,4,,9.6903,10.3,69,50,0.14,2.7812,,,0,低,48,0,差ま0%,,0,47.5,1.1115,0,0,0,0.1,0,0,0.1818,0,,,E,◎,◎,0.3158,0.651,0.3128,0.551,S,95,0,◎1着固定 2-3着流し（5〜8点）,0.5777,"{'is_target': True, 'verdict': '参加推奨', 'max_combo_prob': 0.0671, 'est_top_odds': 19.9, 'circle_concentration': 69.5, 'eligible_count': 6, 'bet_adj': 2, 'reason': 'rel_win1=57.5%（本命度） / 最有力組み合わせ確率: 0.067（推定実オッズ?20倍） / 2着集中度: 上位2艇 69.5%（補正+0.00） / 総合判定確率: 0.067 / → ヒモ分散。1号艇1着固定で広めのヒモ流し推奨（買い目+2点）', 'tenji_trigger': '展示確認: ヒモ分散レース。1号艇伸び確認後、広めのヒモ流しを採用。穴ヒモ（5・6号艇）を積極的に含める。'}",,,28.8,逃げ狙い,23.48,25.6,3,,,,,,,,,,,
2025-10-11,丸亀,11,5,水谷理人,B1,42.11,5,○,7.8474,14.2,81,52.8,0.1403,2.8194,,,0,低,64,0,-,,0,93.4,1.7374,0,0.0556,0,0,0,0.0533,0.28,0.0267,,,B,,○,0.2993,0.569,0.2947,0.551,S,95,0,◎1着固定 2-3着流し（5〜8点）,0.5777,"{'is_target': True, 'verdict': '参加推奨', 'max_combo_prob': 0.0671, 'est_top_odds': 19.9, 'circle_concentration': 69.5, 'eligible_count': 6, 'bet_adj': 2, 'reason': 'rel_win1=57.5%（本命度） / 最有力組み合わせ確率: 0.067（推定実オッズ?20倍） / 2着集中度: 上位2艇 69.5%（補正+0.00） / 総合判定確率: 0.067 / → ヒモ分散。1号艇1着固定で広めのヒモ流し推奨（買い目+2点）', 'tenji_trigger': '展示確認: ヒモ分散レース。1号艇伸び確認後、広めのヒモ流しを採用。穴ヒモ（5・6号艇）を積極的に含める。'}",,,28.8,逃げ狙い,23.48,25.6,3,,,,,,,,,,,
2025-10-11,丸亀,11,6,川崎智稔,B1,40.00,6,△,1.0519,6,50,21.4,0.1474,3.619,,,0,低,62,0,-,,0,34.4,0.9744,,,,,,0.2267,0.1733,0.0267,,,C,△,,0.3061,0.6335,,0.551,S,95,0,◎1着固定 2-3着流し（5〜8点）,0.5777,"{'is_target': True, 'verdict': '参加推奨', 'max_combo_prob': 0.0671, 'est_top_odds': 19.9, 'circle_concentration': 69.5, 'eligible_count': 6, 'bet_adj': 2, 'reason': 'rel_win1=57.5%（本命度） / 最有力組み合わせ確率: 0.067（推定実オッズ?20倍） / 2着集中度: 上位2艇 69.5%（補正+0.00） / 総合判定確率: 0.067 / → ヒモ分散。1号艇1着固定で広めのヒモ流し推奨（買い目+2点）', 'tenji_trigger': '展示確認: ヒモ分散レース。1号艇伸び確認後、広めのヒモ流しを採用。穴ヒモ（5・6号艇）を積極的に含める。'}",,,28.8,逃げ狙い,23.48,25.6,3,,,,,,,,,,,
2025-10-11,丸亀,12,1,濱野斗馬,A1,21.05,1,◎,52.959,,0,94.4,0.118,1.9907,,,0,低,40,0,逃1%,,0,75.7,1.0512,0.7419,,,,,0.0968,0,0.0323,◎,,D,△,,,0.638,,0.7736,S,100,0,◎1着固定 2-3着流し（5〜8点）,0.5777,"{'is_target': True, 'verdict': '参加推奨', 'max_combo_prob': 0.0742, 'est_top_odds': 18.0, 'circle_concentration': 70.6, 'eligible_count': 6, 'bet_adj': 2, 'reason': 'rel_win1=53.0%（本命度） / 最有力組み合わせ確率: 0.074（推定実オッズ?18倍） / 2着集中度: 上位2艇 70.6%（補正+0.04） / 総合判定確率: 0.114 / → ヒモ分散。1号艇1着固定で広めのヒモ流し推奨（買い目+2点）', 'tenji_trigger': '展示確認: ヒモ分散レース。1号艇伸び確認後、広めのヒモ流しを採用。穴ヒモ（5・6号艇）を積極的に含める。\n展示で1号艇スタート超安定(0.118秒)→ヒモ固まり方向に注意'}",,,29.9,逃げ狙い,29.84,23.5,2,,,,,0,0,0.7559,0,,逃げ軸流し,A
2025-10-11,丸亀,12,2,板橋侑我,A1,63.64,2,○,16.6824,42.9,87,79.2,0.1421,3,,,0,低,35,0,差0% ま0%,,0,63.7,1.2953,0,0.2857,0.2143,0,0,,,,,,A,◎,,0.1258,0.6715,,0.7736,S,100,0,◎1着固定 2-3着流し（5〜8点）,0.5777,"{'is_target': True, 'verdict': '参加推奨', 'max_combo_prob': 0.0742, 'est_top_odds': 18.0, 'circle_concentration': 70.6, 'eligible_count': 6, 'bet_adj': 2, 'reason': 'rel_win1=53.0%（本命度） / 最有力組み合わせ確率: 0.074（推定実オッズ?18倍） / 2着集中度: 上位2艇 70.6%（補正+0.04） / 総合判定確率: 0.114 / → ヒモ分散。1号艇1着固定で広めのヒモ流し推奨（買い目+2点）', 'tenji_trigger': '展示確認: ヒモ分散レース。1号艇伸び確認後、広めのヒモ流しを採用。穴ヒモ（5・6号艇）を積極的に含める。\n展示で1号艇スタート超安定(0.118秒)→ヒモ固まり方向に注意'}",,,29.9,逃げ狙い,29.84,23.5,2,,,,,,,,,,,
2025-10-11,丸亀,12,3,中村泰平,A1,71.43,3,▲,14.9434,27.7,78,78.8,0.1682,3.3333,,,0,低,80,0,ま0% 差ま0% 抜0%,,0,69.4,1.5006,0,0,0.0714,0.2857,0.0714,0.1864,0.0182,0.0364,,,A,,,0.1677,0.6085,,0.7736,S,100,0,◎1着固定 2-3着流し（5〜8点）,0.5777,"{'is_target': True, 'verdict': '参加推奨', 'max_combo_prob': 0.0742, 'est_top_odds': 18.0, 'circle_concentration': 70.6, 'eligible_count': 6, 'bet_adj': 2, 'reason': 'rel_win1=53.0%（本命度） / 最有力組み合わせ確率: 0.074（推定実オッズ?18倍） / 2着集中度: 上位2艇 70.6%（補正+0.04） / 総合判定確率: 0.114 / → ヒモ分散。1号艇1着固定で広めのヒモ流し推奨（買い目+2点）', 'tenji_trigger': '展示確認: ヒモ分散レース。1号艇伸び確認後、広めのヒモ流しを採用。穴ヒモ（5・6号艇）を積極的に含める。\n展示で1号艇スタート超安定(0.118秒)→ヒモ固まり方向に注意'}",,,29.9,逃げ狙い,29.84,23.5,2,,,,,,,,,,,
2025-10-11,丸亀,12,4,西岡顕心,A1,11.76,4,,7.9748,15.9,100,76,0.1544,3.24,,,0,低,55,0,ま0%,,0,30.1,0.894,0,0.1667,0.1667,0,0,0,0.0714,0,,,E,△,,0.1802,0.6245,,0.7736,S,100,0,◎1着固定 2-3着流し（5〜8点）,0.5777,"{'is_target': True, 'verdict': '参加推奨', 'max_combo_prob': 0.0742, 'est_top_odds': 18.0, 'circle_concentration': 70.6, 'eligible_count': 6, 'bet_adj': 2, 'reason': 'rel_win1=53.0%（本命度） / 最有力組み合わせ確率: 0.074（推定実オッズ?18倍） / 2着集中度: 上位2艇 70.6%（補正+0.04） / 総合判定確率: 0.114 / → ヒモ分散。1号艇1着固定で広めのヒモ流し推奨（買い目+2点）', 'tenji_trigger': '展示確認: ヒモ分散レース。1号艇伸び確認後、広めのヒモ流しを採用。穴ヒモ（5・6号艇）を積極的に含める。\n展示で1号艇スタート超安定(0.118秒)→ヒモ固まり方向に注意'}",,,29.9,逃げ狙い,29.84,23.5,2,,,,,,,,,,,
2025-10-11,丸亀,12,5,中野希一,A1,10.53,5,,3.1898,10.5,93,60,0.1564,2.8111,,,0,低,71,0,差ま0%,,0,88.9,1.5695,0,0,0,0.0588,0,0.1818,0.3636,0.0455,,,E,,,0.1604,0.5435,,0.7736,S,100,0,◎1着固定 2-3着流し（5〜8点）,0.5777,"{'is_target': True, 'verdict': '参加推奨', 'max_combo_prob': 0.0742, 'est_top_odds': 18.0, 'circle_concentration': 70.6, 'eligible_count': 6, 'bet_adj': 2, 'reason': 'rel_win1=53.0%（本命度） / 最有力組み合わせ確率: 0.074（推定実オッズ?18倍） / 2着集中度: 上位2艇 70.6%（補正+0.04） / 総合判定確率: 0.114 / → ヒモ分散。1号艇1着固定で広めのヒモ流し推奨（買い目+2点）', 'tenji_trigger': '展示確認: ヒモ分散レース。1号艇伸び確認後、広めのヒモ流しを採用。穴ヒモ（5・6号艇）を積極的に含める。\n展示で1号艇スタート超安定(0.118秒)→ヒモ固まり方向に注意'}",,,29.9,逃げ狙い,29.84,23.5,2,,,,,,,,,,,
2025-10-11,丸亀,12,6,石本裕武,A1,35.00,6,△,4.2507,3,35,26.9,0.155,3.0962,,,0,低,35,0,-,,0,55.3,1.2569,0,0,0,0,0,0,0.0909,0.0909,,,C,○,,0.1954,0.657,,0.7736,S,100,0,◎1着固定 2-3着流し（5〜8点）,0.5777,"{'is_target': True, 'verdict': '参加推奨', 'max_combo_prob': 0.0742, 'est_top_odds': 18.0, 'circle_concentration': 70.6, 'eligible_count': 6, 'bet_adj': 2, 'reason': 'rel_win1=53.0%（本命度） / 最有力組み合わせ確率: 0.074（推定実オッズ?18倍） / 2着集中度: 上位2艇 70.6%（補正+0.04） / 総合判定確率: 0.114 / → ヒモ分散。1号艇1着固定で広めのヒモ流し推奨（買い目+2点）', 'tenji_trigger': '展示確認: ヒモ分散レース。1号艇伸び確認後、広めのヒモ流しを採用。穴ヒモ（5・6号艇）を積極的に含める。\n展示で1号艇スタート超安定(0.118秒)→ヒモ固まり方向に注意'}",,,29.9,逃げ狙い,29.84,23.5,2,,,,,,,,,,,
2025-10-12,丸亀,1,1,佐藤太亮,B1,38.89,1,◎,52.5555,,0,61.9,0.1738,3.4524,,,0,低,72,0,逃0%,5,0,74.7,0.8421,0.3333,,,,,0,0.3333,0.3333,△,,B,,,,0.6,,0.3101,B,51,0,◎○△フォーメーション（15〜20点）,0.5777,"{'is_target': True, 'verdict': '参加推奨', 'max_combo_prob': 0.0644, 'est_top_odds': 20.7, 'circle_concentration': 70.9, 'eligible_count': 9, 'bet_adj': 2, 'reason': 'rel_win1=52.6%（本命度） / 最有力組み合わせ確率: 0.064（推定実オッズ?21倍） / 2着集中度: 上位2艇 70.9%（補正+0.04） / 総合判定確率: 0.104 / → ヒモ分散。1号艇1着固定で広めのヒモ流し推奨（買い目+2点）', 'tenji_trigger': '展示確認: ヒモ分散レース。1号艇伸び確認後、広めのヒモ流しを採用。穴ヒモ（5・6号艇）を積極的に含める。'}",,,29.9,両建て推奨,17.2,34.2,3,2-1-3|2-1-4|1-2-4|1-2-3|1-3-4|1-3-2|1-4-2,5-1-6|5-6-1|2-1-3|6-1-4|5-1-3|6-1-3|2-1-4|1-2-4|1-2-3|1-3-4|1-3-2|1-4-2,2-1-3:2.62%|2-1-4:1.81%|1-2-4:8.0%|1-2-3:6.6%|1-3-4:5.91%|1-3-2:5.36%|1-4-2:3.75%,2-1-3:B_main|2-1-4:B_main|1-2-4:A|1-2-3:A|1-3-4:A|1-3-2:A|1-4-2:A,7,12,0.4535,1,[!]見送り推奨（主役決まり手「差し」― 逃げ劣勢レースで的中実績なし）,荒れ広め,D
2025-10-12,丸亀,1,2,三馬崇史,B1,42.86,2,○,13.9617,41.4,97,51.8,0.1533,3.2963,,,0,低,99,0,差0% ま0%,2,0,58.6,0.8826,0,0.0455,0.0455,0,0,0.1177,0.1337,0.2514,,◎,A,△,,0.5144,0.611,,0.3101,B,51,0,◎○△フォーメーション（15〜20点）,0.5777,"{'is_target': True, 'verdict': '参加推奨', 'max_combo_prob': 0.0644, 'est_top_odds': 20.7, 'circle_concentration': 70.9, 'eligible_count': 9, 'bet_adj': 2, 'reason': 'rel_win1=52.6%（本命度） / 最有力組み合わせ確率: 0.064（推定実オッズ?21倍） / 2着集中度: 上位2艇 70.9%（補正+0.04） / 総合判定確率: 0.104 / → ヒモ分散。1号艇1着固定で広めのヒモ流し推奨（買い目+2点）', 'tenji_trigger': '展示確認: ヒモ分散レース。1号艇伸び確認後、広めのヒモ流しを採用。穴ヒモ（5・6号艇）を積極的に含める。'}",,,29.9,両建て推奨,17.2,34.2,3,,,,,,,,,,,
2025-10-12,丸亀,1,3,山口晃朋,B1,26.32,3,△,13.5347,29.4,92,47.6,0.1567,3.3095,,,0,低,72,0,ま0% 差ま0%,1,0,52.7,1.0271,0,0,0.0952,0.1429,0,0.1079,0,0.0444,,○,D,△,,0.4028,0.6005,,0.3101,B,51,0,◎○△フォーメーション（15〜20点）,0.5777,"{'is_target': True, 'verdict': '参加推奨', 'max_combo_prob': 0.0644, 'est_top_odds': 20.7, 'circle_concentration': 70.9, 'eligible_count': 9, 'bet_adj': 2, 'reason': 'rel_win1=52.6%（本命度） / 最有力組み合わせ確率: 0.064（推定実オッズ?21倍） / 2着集中度: 上位2艇 70.9%（補正+0.04） / 総合判定確率: 0.104 / → ヒモ分散。1号艇1着固定で広めのヒモ流し推奨（買い目+2点）', 'tenji_trigger': '展示確認: ヒモ分散レース。1号艇伸び確認後、広めのヒモ流しを採用。穴ヒモ（5・6号艇）を積極的に含める。'}",,,29.9,両建て推奨,17.2,34.2,3,,,,,,,,,,,
2025-10-12,丸亀,1,4,本村　大,B1,11.76,4,,13.3086,15.7,100,35.9,0.1628,3.6154,,,0,低,117,0,ま0% 差ま0%,5,0,69.9,1.03,0,0,0.0952,0.0476,0,0.0667,0,0.1444,,,E,○,◎,0.3424,0.617,0.2868,0.3101,B,51,0,◎○△フォーメーション（15〜20点）,0.5777,"{'is_target': True, 'verdict': '参加推奨', 'max_combo_prob': 0.0644, 'est_top_odds': 20.7, 'circle_concentration': 70.9, 'eligible_count': 9, 'bet_adj': 2, 'reason': 'rel_win1=52.6%（本命度） / 最有力組み合わせ確率: 0.064（推定実オッズ?21倍） / 2着集中度: 上位2艇 70.9%（補正+0.04） / 総合判定確率: 0.104 / → ヒモ分散。1号艇1着固定で広めのヒモ流し推奨（買い目+2点）', 'tenji_trigger': '展示確認: ヒモ分散レース。1号艇伸び確認後、広めのヒモ流しを採用。穴ヒモ（5・6号艇）を積極的に含める。'}",,,29.9,両建て推奨,17.2,34.2,3,,,,,,,,,,,
2025-10-12,丸亀,1,5,宮崎心之,B1,29.41,5,,5.4745,10.9,89,33.3,0.1862,3.8571,,,0,低,60,0,ま0%,4,0,41.6,0.9555,0,0,0.0476,0,0,0,0.2,0.2,,,D,,,0.2475,0.549,,0.3101,B,51,0,◎○△フォーメーション（15〜20点）,0.5777,"{'is_target': True, 'verdict': '参加推奨', 'max_combo_prob': 0.0644, 'est_top_odds': 20.7, 'circle_concentration': 70.9, 'eligible_count': 9, 'bet_adj': 2, 'reason': 'rel_win1=52.6%（本命度） / 最有力組み合わせ確率: 0.064（推定実オッズ?21倍） / 2着集中度: 上位2艇 70.9%（補正+0.04） / 総合判定確率: 0.104 / → ヒモ分散。1号艇1着固定で広めのヒモ流し推奨（買い目+2点）', 'tenji_trigger': '展示確認: ヒモ分散レース。1号艇伸び確認後、広めのヒモ流しを採用。穴ヒモ（5・6号艇）を積極的に含める。'}",,,29.9,両建て推奨,17.2,34.2,3,,,,,,,,,,,
2025-10-12,丸亀,1,6,澁川　夏,B1,42.11,6,▲,1.1651,2.5,57,13,0.1641,3.7023,,,0,低,68,0,-,5,0,27,0.7644,,,,,,,,,,,B,◎,,0.3439,0.625,,0.3101,B,51,0,◎○△フォーメーション（15〜20点）,0.5777,"{'is_target': True, 'verdict': '参加推奨', 'max_combo_prob': 0.0644, 'est_top_odds': 20.7, 'circle_concentration': 70.9, 'eligible_count': 9, 'bet_adj': 2, 'reason': 'rel_win1=52.6%（本命度） / 最有力組み合わせ確率: 0.064（推定実オッズ?21倍） / 2着集中度: 上位2艇 70.9%（補正+0.04） / 総合判定確率: 0.104 / → ヒモ分散。1号艇1着固定で広めのヒモ流し推奨（買い目+2点）', 'tenji_trigger': '展示確認: ヒモ分散レース。1号艇伸び確認後、広めのヒモ流しを採用。穴ヒモ（5・6号艇）を積極的に含める。'}",,,29.9,両建て推奨,17.2,34.2,3,,,,,,,,,,,
2025-10-12,丸亀,2,1,常盤海心,B1,31.25,1,▲,40.3869,,0,52,0.2096,4.92,,,0,低,136,0,逃0%,2,0,38,0.6928,0.1667,,,,,0.0667,0.6,0.2667,,,C,△,,,0.592,,0.0469,D,29,1,大荒れ。見送り推奨,0.5777,"{'is_target': False, 'verdict': '対象外', 'max_combo_prob': None, 'est_top_odds': None, 'circle_concentration': None, 'eligible_count': 0, 'bet_adj': 0, 'reason': '1号艇rel_win1 < 45%: 通常判定に委ねる', 'tenji_trigger': ''}",,,39,両建て推奨,19.49,43.9,3,4-5-6|4-6-5|4-3-6|4-3-5|4-5-3|4-5-1|4-6-3|1-2-4|1-3-4|1-2-3|1-2-6,4-5-6|4-6-5|4-3-6|4-3-5|4-5-3|4-5-1|4-6-3|2-1-3|1-2-4|1-3-4|1-2-3|1-2-6,4-5-6:2.49%|4-6-5:1.17%|4-3-6:1.14%|4-3-5:1.01%|4-5-3:0.78%|4-5-1:0.72%|4-6-3:0.41%|1-2-4:5.42%|1-3-4:5.23%|1-2-3:4.55%|1-2-6:4.04%,4-5-6:B_main|4-6-5:B_main|4-3-6:B_main|4-3-5:B_main|4-5-3:B_main|4-5-1:B_main|4-6-3:B_main|1-2-4:A|1-3-4:A|1-2-3:A|1-2-6:A,11,12,0.2915,1,[!]見送り推奨（主役決まり手「まくり」― 逃げ劣勢レースで的中実績なし）,主役軸流し,B
2025-10-12,丸亀,2,2,村松栄太,B1,10.53,2,,11.8484,31.1,64,38.6,0.182,4.0795,,,0,低,99,0,ま0%,6,0,20.4,0.6745,0,0,0.0625,0,0,0.1808,0.0923,0.0308,,○,E,○,,0.5678,0.5975,,0.0469,D,29,1,大荒れ。見送り推奨,0.5777,"{'is_target': False, 'verdict': '対象外', 'max_combo_prob': None, 'est_top_odds': None, 'circle_concentration': None, 'eligible_count': 0, 'bet_adj': 0, 'reason': '1号艇rel_win1 < 45%: 通常判定に委ねる', 'tenji_trigger': ''}",,,39,両建て推奨,19.49,43.9,3,,,,,,,,,,,
2025-10-12,丸亀,2,3,宮脇遼太,A2,50.00,3,◎,22.5739,33.5,76,57.9,0.1395,2.6974,,,0,低,70,0,ま0% 差ま0% 抜0%,3,0,81.6,1.4425,0,0,0.1429,0.0714,0.0714,0.1906,0,0.0706,,△,A,△,,0.5465,0.5925,,0.0469,D,29,1,大荒れ。見送り推奨,0.5777,"{'is_target': False, 'verdict': '対象外', 'max_combo_prob': None, 'est_top_odds': None, 'circle_concentration': None, 'eligible_count': 0, 'bet_adj': 0, 'reason': '1号艇rel_win1 < 45%: 通常判定に委ねる', 'tenji_trigger': ''}",,,39,両建て推奨,19.49,43.9,3,,,,,,,,,,,
2025-10-12,丸亀,2,4,佐々木翔,A1,42.86,4,○,16.4397,22.8,100,60.8,0.1512,2.9804,,,0,低,101,0,-,1,0,63.5,1.0828,0,0.0435,0.1304,0,0,0.0387,0.1373,0.1502,,◎,B,◎,◎,0.5732,0.5985,0.3485,0.0469,D,29,1,大荒れ。見送り推奨,0.5777,"{'is_target': False, 'verdict': '対象外', 'max_combo_prob': None, 'est_top_odds': None, 'circle_concentration': None, 'eligible_count': 0, 'bet_adj': 0, 'reason': '1号艇rel_win1 < 45%: 通常判定に委ねる', 'tenji_trigger': ''}",,,39,両建て推奨,19.49,43.9,3,,,,,,,,,,,
2025-10-12,丸亀,2,5,芝田京介,B1,28.57,5,,4.711,8.1,53,30,0.175,3.675,,,0,低,102,0,-,24,0,46.7,0.85,,,,,,0.4167,0.25,0.0833,,,D,,,0.5103,0.5915,,0.0469,D,29,1,大荒れ。見送り推奨,0.5777,"{'is_target': False, 'verdict': '対象外', 'max_combo_prob': None, 'est_top_odds': None, 'circle_concentration': None, 'eligible_count': 0, 'bet_adj': 0, 'reason': '1号艇rel_win1 < 45%: 通常判定に委ねる', 'tenji_trigger': ''}",,,39,両建て推奨,19.49,43.9,3,,,,,,,,,,,
2025-10-12,丸亀,2,6,金子龍斗,B1,42.11,6,△,4.0401,4.5,60,31.8,0.1605,3.3882,,,0,低,82,0,差ま0%,4,0,74.4,1.295,0,0,0,0.0385,0,0.1473,0.3802,0,,,B,,,0.5262,0.508,,0.0469,D,29,1,大荒れ。見送り推奨,0.5777,"{'is_target': False, 'verdict': '対象外', 'max_combo_prob': None, 'est_top_odds': None, 'circle_concentration': None, 'eligible_count': 0, 'bet_adj': 0, 'reason': '1号艇rel_win1 < 45%: 通常判定に委ねる', 'tenji_trigger': ''}",,,39,両建て推奨,19.49,43.9,3,,,,,,,,,,,
2025-10-12,丸亀,3,1,網代良芽,B1,20.00,1,◎,48.0746,,0,22.2,0.1667,3.5,,,0,低,76,1,-,3,0,26.7,0.5369,,,,,,0.2389,0.2833,0.4778,,,E,,,,0.5435,,0.1682,D,18,1,大荒れ。見送り推奨,0.5777,"{'is_target': True, 'verdict': '点数絞り', 'max_combo_prob': 0.0913, 'est_top_odds': 14.6, 'circle_concentration': 75.3, 'eligible_count': 6, 'bet_adj': 0, 'reason': 'rel_win1=48.1%（本命度） / 最有力組み合わせ確率: 0.091（推定実オッズ?15倍） / 2着集中度: 上位2艇 75.3%（補正+0.04） / 総合判定確率: 0.131 / → ヒモはやや固め。上位2艇以外を切ること', 'tenji_trigger': '展示確認: 1号艇伸び良→そのまま採用。悪→飛び組に差し替え。circle_pct上位2艇に絞り込むこと。'}",,,32.2,両建て推奨,14.59,42.9,3,2-1-3|2-1-4|2-1-5|2-3-4|2-3-1|2-5-3|2-5-4|1-2-4|1-2-5|1-3-2|1-3-4,2-1-3|2-1-4|2-1-5|2-3-4|2-3-1|2-5-3|2-5-4|1-2-4|1-2-5|6-1-4|1-3-2|1-3-4,2-1-3:2.65%|2-1-4:2.58%|2-1-5:1.71%|2-3-4:0.83%|2-3-1:0.76%|2-5-3:0.57%|2-5-4:0.56%|1-2-4:4.5%|1-2-5:4.36%|1-3-2:3.41%|1-3-4:3.38%,2-1-3:B_main|2-1-4:B_main|2-1-5:B_main|2-3-4:B_main|2-3-1:B_main|2-5-3:B_main|2-5-4:B_main|1-2-4:A|1-2-5:A|1-3-2:A|1-3-4:A,11,12,0.2915,1,[!]見送り推奨（主役決まり手「差し」― 逃げ劣勢レースで的中実績なし）,主役軸流し,B
2025-10-12,丸亀,3,2,加藤優弥,B1,21.05,2,△,13.9683,45.6,89,61.7,0.1551,3.0319,,,0,低,96,0,差0%,35,0,56.4,1.0203,0,0.0909,0,0,0,0.1068,0.4902,0.0211,,◎,D,△,,0.436,0.6035,,0.1682,D,18,1,大荒れ。見送り推奨,0.5777,"{'is_target': True, 'verdict': '点数絞り', 'max_combo_prob': 0.0913, 'est_top_odds': 14.6, 'circle_concentration': 75.3, 'eligible_count': 6, 'bet_adj': 0, 'reason': 'rel_win1=48.1%（本命度） / 最有力組み合わせ確率: 0.091（推定実オッズ?15倍） / 2着集中度: 上位2艇 75.3%（補正+0.04） / 総合判定確率: 0.131 / → ヒモはやや固め。上位2艇以外を切ること', 'tenji_trigger': '展示確認: 1号艇伸び良→そのまま採用。悪→飛び組に差し替え。circle_pct上位2艇に絞り込むこと。'}",,,32.2,両建て推奨,14.59,42.9,3,,,,,,,,,,,
2025-10-12,丸亀,3,3,坂井滉哉,B1,33.33,3,○,18.4231,29.7,34,39.5,0.1466,2.8026,,,0,低,72,0,ま0%,45,0,54.5,1.08,0,0,0.1429,0,0,0.0667,0.0667,0.3067,,○,C,○,,0.4103,0.618,,0.1682,D,18,1,大荒れ。見送り推奨,0.5777,"{'is_target': True, 'verdict': '点数絞り', 'max_combo_prob': 0.0913, 'est_top_odds': 14.6, 'circle_concentration': 75.3, 'eligible_count': 6, 'bet_adj': 0, 'reason': 'rel_win1=48.1%（本命度） / 最有力組み合わせ確率: 0.091（推定実オッズ?15倍） / 2着集中度: 上位2艇 75.3%（補正+0.04） / 総合判定確率: 0.131 / → ヒモはやや固め。上位2艇以外を切ること', 'tenji_trigger': '展示確認: 1号艇伸び良→そのまま採用。悪→飛び組に差し替え。circle_pct上位2艇に絞り込むこと。'}",,,32.2,両建て推奨,14.59,42.9,3,,,,,,,,,,,
2025-10-12,丸亀,3,4,高井雄基,A1,33.33,4,,13.4493,10.9,100,55.6,0.1747,3.4444,,,0,低,86,0,ま0% 差ま0%,34,0,81.3,1.3021,0,0,0.1429,0.0714,0,0,0.0889,0.0444,,,C,△,,0.2843,0.579,,0.1682,D,18,1,大荒れ。見送り推奨,0.5777,"{'is_target': True, 'verdict': '点数絞り', 'max_combo_prob': 0.0913, 'est_top_odds': 14.6, 'circle_concentration': 75.3, 'eligible_count': 6, 'bet_adj': 0, 'reason': 'rel_win1=48.1%（本命度） / 最有力組み合わせ確率: 0.091（推定実オッズ?15倍） / 2着集中度: 上位2艇 75.3%（補正+0.04） / 総合判定確率: 0.131 / → ヒモはやや固め。上位2艇以外を切ること', 'tenji_trigger': '展示確認: 1号艇伸び良→そのまま採用。悪→飛び組に差し替え。circle_pct上位2艇に絞り込むこと。'}",,,32.2,両建て推奨,14.59,42.9,3,,,,,,,,,,,
2025-10-12,丸亀,3,5,津田陸翔,A2,40.00,5,▲,4.1193,12.7,70,40.5,0.1574,3.6429,,,0,低,80,0,-,32,0,63.2,1.0574,,,,,,0,0.0842,0.2421,,,A,◎,,0.3389,0.6525,,0.1682,D,18,1,大荒れ。見送り推奨,0.5777,"{'is_target': True, 'verdict': '点数絞り', 'max_combo_prob': 0.0913, 'est_top_odds': 14.6, 'circle_concentration': 75.3, 'eligible_count': 6, 'bet_adj': 0, 'reason': 'rel_win1=48.1%（本命度） / 最有力組み合わせ確率: 0.091（推定実オッズ?15倍） / 2着集中度: 上位2艇 75.3%（補正+0.04） / 総合判定確率: 0.131 / → ヒモはやや固め。上位2艇以外を切ること', 'tenji_trigger': '展示確認: 1号艇伸び良→そのまま採用。悪→飛び組に差し替え。circle_pct上位2艇に絞り込むこと。'}",,,32.2,両建て推奨,14.59,42.9,3,,,,,,,,,,,
2025-10-12,丸亀,3,6,山下心一,B2,36.84,6,,1.9654,1.1,36,11.9,0.1823,3.7321,,,0,低,60,0,-,6,0,25.2,0.5461,0,0,0,0,0.0208,,,,,,B,,,0.2604,0.494,,0.1682,D,18,1,大荒れ。見送り推奨,0.5777,"{'is_target': True, 'verdict': '点数絞り', 'max_combo_prob': 0.0913, 'est_top_odds': 14.6, 'circle_concentration': 75.3, 'eligible_count': 6, 'bet_adj': 0, 'reason': 'rel_win1=48.1%（本命度） / 最有力組み合わせ確率: 0.091（推定実オッズ?15倍） / 2着集中度: 上位2艇 75.3%（補正+0.04） / 総合判定確率: 0.131 / → ヒモはやや固め。上位2艇以外を切ること', 'tenji_trigger': '展示確認: 1号艇伸び良→そのまま採用。悪→飛び組に差し替え。circle_pct上位2艇に絞り込むこと。'}",,,32.2,両建て推奨,14.59,42.9,3,,,,,,,,,,,
2025-10-12,丸亀,4,1,川崎智稔,B1,40.00,1,◎,51.4294,,0,70.6,0.1547,3.25,,,0,低,62,0,-,56,0,67.3,0.7856,0.4667,,,,,0.2267,0.1733,0.0267,○,,B,◎,,,0.6335,,0.4009,A,63,0,◎-○軸 3着3〜4艇流し（10〜15点）,0.5777,"{'is_target': True, 'verdict': '点数絞り', 'max_combo_prob': 0.0938, 'est_top_odds': 14.2, 'circle_concentration': 84.1, 'eligible_count': 8, 'bet_adj': 0, 'reason': 'rel_win1=51.4%（本命度） / 最有力組み合わせ確率: 0.094（推定実オッズ?14倍） / 2着集中度: 上位2艇 84.1%（補正+0.04） / 総合判定確率: 0.134 / → ヒモはやや固め。上位2艇以外を切ること', 'tenji_trigger': '展示確認: 1号艇伸び良→そのまま採用。悪→飛び組に差し替え。circle_pct上位2艇に絞り込むこと。'}",,,29,両建て推奨,14.83,33.7,2,,,,,0,0,0.6155,0,,主役軸流し,B
2025-10-12,丸亀,4,2,篠原飛翔,A2,20.00,2,△,20.4187,47.2,100,66.7,0.176,4.5,,,0,低,97,0,差0%,2,0,75.3,1.1648,0,0.1667,0,0,0,0.0808,0.1423,0.0462,,,E,△,,0.1258,0.603,,0.4009,A,63,0,◎-○軸 3着3〜4艇流し（10〜15点）,0.5777,"{'is_target': True, 'verdict': '点数絞り', 'max_combo_prob': 0.0938, 'est_top_odds': 14.2, 'circle_concentration': 84.1, 'eligible_count': 8, 'bet_adj': 0, 'reason': 'rel_win1=51.4%（本命度） / 最有力組み合わせ確率: 0.094（推定実オッズ?14倍） / 2着集中度: 上位2艇 84.1%（補正+0.04） / 総合判定確率: 0.134 / → ヒモはやや固め。上位2艇以外を切ること', 'tenji_trigger': '展示確認: 1号艇伸び良→そのまま採用。悪→飛び組に差し替え。circle_pct上位2艇に絞り込むこと。'}",,,29,両建て推奨,14.83,33.7,2,,,,,,,,,,,
2025-10-12,丸亀,4,3,西岡顕心,A1,11.76,3,,15.3971,36.9,92,70.4,0.1567,2.8519,,,0,低,55,0,-,12,0,44.5,0.9423,0,0,0,0.25,0,0,0.0714,0,,,E,○,,0.3306,0.6245,,0.4009,A,63,0,◎-○軸 3着3〜4艇流し（10〜15点）,0.5777,"{'is_target': True, 'verdict': '点数絞り', 'max_combo_prob': 0.0938, 'est_top_odds': 14.2, 'circle_concentration': 84.1, 'eligible_count': 8, 'bet_adj': 0, 'reason': 'rel_win1=51.4%（本命度） / 最有力組み合わせ確率: 0.094（推定実オッズ?14倍） / 2着集中度: 上位2艇 84.1%（補正+0.04） / 総合判定確率: 0.134 / → ヒモはやや固め。上位2艇以外を切ること', 'tenji_trigger': '展示確認: 1号艇伸び良→そのまま採用。悪→飛び組に差し替え。circle_pct上位2艇に絞り込むこと。'}",,,29,両建て推奨,14.83,33.7,2,,,,,,,,,,,
2025-10-12,丸亀,4,4,岡　暢祐,B1,44.44,4,○,7.4556,10.2,70,30.4,0.1682,3.8571,,,0,低,120,0,ま0%,14,0,35.7,0.7272,0,0,0.0476,0,0,0.1667,0.0833,0.1667,,,B,,,0.2287,0.5595,,0.4009,A,63,0,◎-○軸 3着3〜4艇流し（10〜15点）,0.5777,"{'is_target': True, 'verdict': '点数絞り', 'max_combo_prob': 0.0938, 'est_top_odds': 14.2, 'circle_concentration': 84.1, 'eligible_count': 8, 'bet_adj': 0, 'reason': 'rel_win1=51.4%（本命度） / 最有力組み合わせ確率: 0.094（推定実オッズ?14倍） / 2着集中度: 上位2艇 84.1%（補正+0.04） / 総合判定確率: 0.134 / → ヒモはやや固め。上位2艇以外を切ること', 'tenji_trigger': '展示確認: 1号艇伸び良→そのまま採用。悪→飛び組に差し替え。circle_pct上位2艇に絞り込むこと。'}",,,29,両建て推奨,14.83,33.7,2,,,,,,,,,,,
2025-10-12,丸亀,4,5,有山　望,B2,47.37,5,▲,4.0736,5.3,54,17.9,0.1796,3.875,,,0,低,45,0,-,55,0,24.2,0.6512,,,,,,,,,,,A,,,0.2339,0.4945,,0.4009,A,63,0,◎-○軸 3着3〜4艇流し（10〜15点）,0.5777,"{'is_target': True, 'verdict': '点数絞り', 'max_combo_prob': 0.0938, 'est_top_odds': 14.2, 'circle_concentration': 84.1, 'eligible_count': 8, 'bet_adj': 0, 'reason': 'rel_win1=51.4%（本命度） / 最有力組み合わせ確率: 0.094（推定実オッズ?14倍） / 2着集中度: 上位2艇 84.1%（補正+0.04） / 総合判定確率: 0.134 / → ヒモはやや固め。上位2艇以外を切ること', 'tenji_trigger': '展示確認: 1号艇伸び良→そのまま採用。悪→飛び組に差し替え。circle_pct上位2艇に絞り込むこと。'}",,,29,両建て推奨,14.83,33.7,2,,,,,,,,,,,
2025-10-12,丸亀,4,6,嘉手苅徹,B1,31.58,6,,1.2256,0.4,22,3.6,0.1799,4.2188,,,0,低,87,0,-,5,0,30.3,0.7911,,,,,,0.28,0.36,0,,,D,△,,0.2298,0.5685,,0.4009,A,63,0,◎-○軸 3着3〜4艇流し（10〜15点）,0.5777,"{'is_target': True, 'verdict': '点数絞り', 'max_combo_prob': 0.0938, 'est_top_odds': 14.2, 'circle_concentration': 84.1, 'eligible_count': 8, 'bet_adj': 0, 'reason': 'rel_win1=51.4%（本命度） / 最有力組み合わせ確率: 0.094（推定実オッズ?14倍） / 2着集中度: 上位2艇 84.1%（補正+0.04） / 総合判定確率: 0.134 / → ヒモはやや固め。上位2艇以外を切ること', 'tenji_trigger': '展示確認: 1号艇伸び良→そのまま採用。悪→飛び組に差し替え。circle_pct上位2艇に絞り込むこと。'}",,,29,両建て推奨,14.83,33.7,2,,,,,,,,,,,
2025-10-12,丸亀,5,1,眞鳥章太,A2,40.00,1,◎,48.6743,,0,89.7,0.1409,2.7941,,,0,低,108,0,逃1%,13,0,77.3,1.114,0.6061,,,,,0.0364,0.0364,0.0721,◎,,B,△,,,0.6335,,0.564,S,81,0,◎1着固定 2-3着流し（5〜8点）,0.5777,"{'is_target': True, 'verdict': '点数絞り', 'max_combo_prob': 0.091, 'est_top_odds': 14.7, 'circle_concentration': 78.8, 'eligible_count': 6, 'bet_adj': 0, 'reason': 'rel_win1=48.7%（本命度） / 最有力組み合わせ確率: 0.091（推定実オッズ?15倍） / 2着集中度: 上位2艇 78.8%（補正+0.04） / 総合判定確率: 0.131 / → ヒモはやや固め。上位2艇以外を切ること', 'tenji_trigger': '展示確認: 1号艇伸び良→そのまま採用。悪→飛び組に差し替え。circle_pct上位2艇に絞り込むこと。'}",,,28.2,逃げ狙い,23.12,24.3,3,,,,,0,0,0.7559,0,,逃げ軸流し,A
2025-10-12,丸亀,5,2,富田恕生,B1,40.00,2,△,10.3305,32.7,100,57.1,0.2012,4.3163,,,0,低,88,0,差0% 抜0%,1,0,50.4,0.929,0,0.0476,0,0,0.0952,0.1667,0.1667,0,,,B,◎,,0.0647,0.64,,0.564,S,81,0,◎1着固定 2-3着流し（5〜8点）,0.5777,"{'is_target': True, 'verdict': '点数絞り', 'max_combo_prob': 0.091, 'est_top_odds': 14.7, 'circle_concentration': 78.8, 'eligible_count': 6, 'bet_adj': 0, 'reason': 'rel_win1=48.7%（本命度） / 最有力組み合わせ確率: 0.091（推定実オッズ?15倍） / 2着集中度: 上位2艇 78.8%（補正+0.04） / 総合判定確率: 0.131 / → ヒモはやや固め。上位2艇以外を切ること', 'tenji_trigger': '展示確認: 1号艇伸び良→そのまま採用。悪→飛び組に差し替え。circle_pct上位2艇に絞り込むこと。'}",,,28.2,逃げ狙い,23.12,24.3,3,,,,,,,,,,,
2025-10-12,丸亀,5,3,砂長知輝,A1,29.41,3,,16.3937,46.2,60,70.8,0.1517,3.6042,,,0,低,57,0,ま0% 差ま0%,42,0,62.8,1.4317,0,0,0.1538,0.1538,0,0,0.2,0.025,,,D,○,,0.2799,0.6395,,0.564,S,81,0,◎1着固定 2-3着流し（5〜8点）,0.5777,"{'is_target': True, 'verdict': '点数絞り', 'max_combo_prob': 0.091, 'est_top_odds': 14.7, 'circle_concentration': 78.8, 'eligible_count': 6, 'bet_adj': 0, 'reason': 'rel_win1=48.7%（本命度） / 最有力組み合わせ確率: 0.091（推定実オッズ?15倍） / 2着集中度: 上位2艇 78.8%（補正+0.04） / 総合判定確率: 0.131 / → ヒモはやや固め。上位2艇以外を切ること', 'tenji_trigger': '展示確認: 1号艇伸び良→そのまま採用。悪→飛び組に差し替え。circle_pct上位2艇に絞り込むこと。'}",,,28.2,逃げ狙い,23.12,24.3,3,,,,,,,,,,,
2025-10-12,丸亀,5,4,森　智哉,B1,50.00,4,○,14.4308,16.1,74,45.2,0.1355,2.6935,,,0,低,64,0,-,23,0,94.2,1.7668,0,0,0.1,0.1,0,0,0.1667,0.3333,,,A,△,◎,0.3325,0.6105,0.393,0.564,S,81,0,◎1着固定 2-3着流し（5〜8点）,0.5777,"{'is_target': True, 'verdict': '点数絞り', 'max_combo_prob': 0.091, 'est_top_odds': 14.7, 'circle_concentration': 78.8, 'eligible_count': 6, 'bet_adj': 0, 'reason': 'rel_win1=48.7%（本命度） / 最有力組み合わせ確率: 0.091（推定実オッズ?15倍） / 2着集中度: 上位2艇 78.8%（補正+0.04） / 総合判定確率: 0.131 / → ヒモはやや固め。上位2艇以外を切ること', 'tenji_trigger': '展示確認: 1号艇伸び良→そのまま採用。悪→飛び組に差し替え。circle_pct上位2艇に絞り込むこと。'}",,,28.2,逃げ狙い,23.12,24.3,3,,,,,,,,,,,
2025-10-12,丸亀,5,5,市川健太,B1,36.84,5,▲,9.3288,4.7,58,30,0.1628,3.09,,,0,低,87,0,ま0% 差ま0%,25,0,28.4,1.0955,0,0,0.0667,0.0667,0,0.1333,0.1333,0.1333,,,C,,○,0.2314,0.603,0.2095,0.564,S,81,0,◎1着固定 2-3着流し（5〜8点）,0.5777,"{'is_target': True, 'verdict': '点数絞り', 'max_combo_prob': 0.091, 'est_top_odds': 14.7, 'circle_concentration': 78.8, 'eligible_count': 6, 'bet_adj': 0, 'reason': 'rel_win1=48.7%（本命度） / 最有力組み合わせ確率: 0.091（推定実オッズ?15倍） / 2着集中度: 上位2艇 78.8%（補正+0.04） / 総合判定確率: 0.131 / → ヒモはやや固め。上位2艇以外を切ること', 'tenji_trigger': '展示確認: 1号艇伸び良→そのまま採用。悪→飛び組に差し替え。circle_pct上位2艇に絞り込むこと。'}",,,28.2,逃げ狙い,23.12,24.3,3,,,,,,,,,,,
2025-10-12,丸亀,5,6,上岡巧汰,B2,30.00,6,,0.8419,0.4,15,1.2,0.1698,3.657,,,0,低,35,0,-,66,0,29.8,0.8311,,,,,,,,,,,D,,,0.2253,0.483,,0.564,S,81,0,◎1着固定 2-3着流し（5〜8点）,0.5777,"{'is_target': True, 'verdict': '点数絞り', 'max_combo_prob': 0.091, 'est_top_odds': 14.7, 'circle_concentration': 78.8, 'eligible_count': 6, 'bet_adj': 0, 'reason': 'rel_win1=48.7%（本命度） / 最有力組み合わせ確率: 0.091（推定実オッズ?15倍） / 2着集中度: 上位2艇 78.8%（補正+0.04） / 総合判定確率: 0.131 / → ヒモはやや固め。上位2艇以外を切ること', 'tenji_trigger': '展示確認: 1号艇伸び良→そのまま採用。悪→飛び組に差し替え。circle_pct上位2艇に絞り込むこと。'}",,,28.2,逃げ狙い,23.12,24.3,3,,,,,,,,,,,
2025-10-12,丸亀,6,1,藤原仙二,A2,72.22,1,◎,57.847,,0,90.9,0.1791,3.7045,,,0,低,93,0,逃0%,41,0,87.5,1.1618,0.5,,,,,0,0.08,0.28,○,,A,△,,,0.577,,0.4303,S,93,0,◎1着固定 2-3着流し（5〜8点）,0.5777,"{'is_target': True, 'verdict': '点数絞り', 'max_combo_prob': 0.1133, 'est_top_odds': 11.8, 'circle_concentration': 86.1, 'eligible_count': 6, 'bet_adj': 0, 'reason': 'rel_win1=57.8%（本命度） / 最有力組み合わせ確率: 0.113（推定実オッズ?12倍） / 2着集中度: 上位2艇 86.1%（補正+0.04） / 総合判定確率: 0.153 / → ヒモはやや固め。上位2艇以外を切ること', 'tenji_trigger': '展示確認: 1号艇伸び良→そのまま採用。悪→飛び組に差し替え。circle_pct上位2艇に絞り込むこと。'}",,,28.9,逃げ狙い,20.13,28.7,2,,,,,0,0,0.6155,0,,逃げ軸流し,A
2025-10-12,丸亀,6,2,田村　慶,A2,52.17,2,▲,15.0229,46.6,75,46.3,0.1849,4.3293,,,0,低,93,0,-,2,0,41.8,0.8184,,,,,,0,0,0,,,A,△,,0.2695,0.5845,,0.4303,S,93,0,◎1着固定 2-3着流し（5〜8点）,0.5777,"{'is_target': True, 'verdict': '点数絞り', 'max_combo_prob': 0.1133, 'est_top_odds': 11.8, 'circle_concentration': 86.1, 'eligible_count': 6, 'bet_adj': 0, 'reason': 'rel_win1=57.8%（本命度） / 最有力組み合わせ確率: 0.113（推定実オッズ?12倍） / 2着集中度: 上位2艇 86.1%（補正+0.04） / 総合判定確率: 0.153 / → ヒモはやや固め。上位2艇以外を切ること', 'tenji_trigger': '展示確認: 1号艇伸び良→そのまま採用。悪→飛び組に差し替え。circle_pct上位2艇に絞り込むこと。'}",,,28.9,逃げ狙い,20.13,28.7,2,,,,,,,,,,,
2025-10-12,丸亀,6,3,上田健太,A1,33.33,3,○,17.7654,39.5,100,65.5,0.1687,3.1545,,,0,低,121,0,ま0% 差ま0%,1,0,71.6,1.4181,0,0,0.12,0.16,0,0.1337,0.048,0.1177,,◎,D,○,,0.3734,0.6005,,0.4303,S,93,0,◎1着固定 2-3着流し（5〜8点）,0.5777,"{'is_target': True, 'verdict': '点数絞り', 'max_combo_prob': 0.1133, 'est_top_odds': 11.8, 'circle_concentration': 86.1, 'eligible_count': 6, 'bet_adj': 0, 'reason': 'rel_win1=57.8%（本命度） / 最有力組み合わせ確率: 0.113（推定実オッズ?12倍） / 2着集中度: 上位2艇 86.1%（補正+0.04） / 総合判定確率: 0.153 / → ヒモはやや固め。上位2艇以外を切ること', 'tenji_trigger': '展示確認: 1号艇伸び良→そのまま採用。悪→飛び組に差し替え。circle_pct上位2艇に絞り込むこと。'}",,,28.9,逃げ狙い,20.13,28.7,2,,,,,,,,,,,
2025-10-12,丸亀,6,4,山下拓巳,B1,50.00,4,,3.4247,3.1,52,14,0.2088,4.14,,,0,低,122,0,-,46,0,15.9,0.5681,,,,,,0.0381,0.1143,0.2762,,,B,,,0.1931,0.5625,,0.4303,S,93,0,◎1着固定 2-3着流し（5〜8点）,0.5777,"{'is_target': True, 'verdict': '点数絞り', 'max_combo_prob': 0.1133, 'est_top_odds': 11.8, 'circle_concentration': 86.1, 'eligible_count': 6, 'bet_adj': 0, 'reason': 'rel_win1=57.8%（本命度） / 最有力組み合わせ確率: 0.113（推定実オッズ?12倍） / 2着集中度: 上位2艇 86.1%（補正+0.04） / 総合判定確率: 0.153 / → ヒモはやや固め。上位2艇以外を切ること', 'tenji_trigger': '展示確認: 1号艇伸び良→そのまま採用。悪→飛び組に差し替え。circle_pct上位2艇に絞り込むこと。'}",,,28.9,逃げ狙い,20.13,28.7,2,,,,,,,,,,,
2025-10-12,丸亀,6,5,本村　大,B1,11.76,5,,3.8202,5.7,55,27.1,0.1929,4.1458,,,0,低,117,0,差ま0%,5,0,35.2,0.8324,0,0,0,0.0357,0,0.0667,0,0.1444,,,E,◎,,0.235,0.617,,0.4303,S,93,0,◎1着固定 2-3着流し（5〜8点）,0.5777,"{'is_target': True, 'verdict': '点数絞り', 'max_combo_prob': 0.1133, 'est_top_odds': 11.8, 'circle_concentration': 86.1, 'eligible_count': 6, 'bet_adj': 0, 'reason': 'rel_win1=57.8%（本命度） / 最有力組み合わせ確率: 0.113（推定実オッズ?12倍） / 2着集中度: 上位2艇 86.1%（補正+0.04） / 総合判定確率: 0.153 / → ヒモはやや固め。上位2艇以外を切ること', 'tenji_trigger': '展示確認: 1号艇伸び良→そのまま採用。悪→飛び組に差し替え。circle_pct上位2艇に絞り込むこと。'}",,,28.9,逃げ狙い,20.13,28.7,2,,,,,,,,,,,
2025-10-12,丸亀,6,6,小林甘寧,B2,27.78,6,△,2.1199,5.1,31,13.1,0.1705,3.6776,,,0,低,49,0,差ま0%,66,0,44.1,0.8578,0,0,0,0.04,0,1,0,0,,,E,,,0.3116,0.5545,,0.4303,S,93,0,◎1着固定 2-3着流し（5〜8点）,0.5777,"{'is_target': True, 'verdict': '点数絞り', 'max_combo_prob': 0.1133, 'est_top_odds': 11.8, 'circle_concentration': 86.1, 'eligible_count': 6, 'bet_adj': 0, 'reason': 'rel_win1=57.8%（本命度） / 最有力組み合わせ確率: 0.113（推定実オッズ?12倍） / 2着集中度: 上位2艇 86.1%（補正+0.04） / 総合判定確率: 0.153 / → ヒモはやや固め。上位2艇以外を切ること', 'tenji_trigger': '展示確認: 1号艇伸び良→そのまま採用。悪→飛び組に差し替え。circle_pct上位2艇に絞り込むこと。'}",,,28.9,逃げ狙い,20.13,28.7,2,,,,,,,,,,,
2025-10-12,丸亀,7,1,宮脇遼太,A2,50.00,1,◎,55.9352,,0,76.5,0.1559,3.2794,,,0,低,70,0,逃1%,3,0,77,1.0059,0.5882,,,,,0.1906,0,0.0706,◎,,B,△,,,0.5925,,0.4787,A,70,0,◎-○軸 3着3〜4艇流し（10〜15点）,0.5777,"{'is_target': True, 'verdict': '点数絞り', 'max_combo_prob': 0.0857, 'est_top_odds': 15.6, 'circle_concentration': 70.9, 'eligible_count': 8, 'bet_adj': 0, 'reason': 'rel_win1=55.9%（本命度） / 最有力組み合わせ確率: 0.086（推定実オッズ?16倍） / 2着集中度: 上位2艇 70.9%（補正+0.04） / 総合判定確率: 0.126 / → ヒモはやや固め。上位2艇以外を切ること', 'tenji_trigger': '展示確認: 1号艇伸び良→そのまま採用。悪→飛び組に差し替え。circle_pct上位2艇に絞り込むこと。'}",,,29.1,逃げ狙い,19.41,30.1,3,,,,,0,0,0.7559,0,,逃げ軸流し,A
2025-10-12,丸亀,7,2,水谷理人,B1,42.11,2,▲,12.3409,49.5,53,55.6,0.1592,3.4167,,,0,低,64,0,ま0%,13,0,37.3,0.8997,0,0.1,0.05,0,0,0.0533,0.28,0.0267,,,C,,,0.2875,0.569,,0.4787,A,70,0,◎-○軸 3着3〜4艇流し（10〜15点）,0.5777,"{'is_target': True, 'verdict': '点数絞り', 'max_combo_prob': 0.0857, 'est_top_odds': 15.6, 'circle_concentration': 70.9, 'eligible_count': 8, 'bet_adj': 0, 'reason': 'rel_win1=55.9%（本命度） / 最有力組み合わせ確率: 0.086（推定実オッズ?16倍） / 2着集中度: 上位2艇 70.9%（補正+0.04） / 総合判定確率: 0.126 / → ヒモはやや固め。上位2艇以外を切ること', 'tenji_trigger': '展示確認: 1号艇伸び良→そのまま採用。悪→飛び組に差し替え。circle_pct上位2艇に絞り込むこと。'}",,,29.1,逃げ狙い,19.41,30.1,3,,,,,,,,,,,
2025-10-12,丸亀,7,3,佐藤太亮,B1,38.89,3,△,9.2114,21.4,81,45.7,0.1469,3.5857,,,0,低,72,0,抜0%,5,0,65.1,0.8806,0,0,0,0,0.0714,0,0.3333,0.3333,,◎,C,△,,0.3562,0.6,,0.4787,A,70,0,◎-○軸 3着3〜4艇流し（10〜15点）,0.5777,"{'is_target': True, 'verdict': '点数絞り', 'max_combo_prob': 0.0857, 'est_top_odds': 15.6, 'circle_concentration': 70.9, 'eligible_count': 8, 'bet_adj': 0, 'reason': 'rel_win1=55.9%（本命度） / 最有力組み合わせ確率: 0.086（推定実オッズ?16倍） / 2着集中度: 上位2艇 70.9%（補正+0.04） / 総合判定確率: 0.126 / → ヒモはやや固め。上位2艇以外を切ること', 'tenji_trigger': '展示確認: 1号艇伸び良→そのまま採用。悪→飛び組に差し替え。circle_pct上位2艇に絞り込むこと。'}",,,29.1,逃げ狙い,19.41,30.1,3,,,,,,,,,,,
2025-10-12,丸亀,7,4,中村泰平,A1,71.43,4,○,14.4455,18.9,93,62.2,0.1751,4.0811,,,0,低,80,0,差0% ま0% 差ま0%,24,0,85.3,1.4494,0,0.1176,0.0588,0.0588,0,0.1864,0.0182,0.0364,,,A,○,◎,0.2259,0.6085,0.3779,0.4787,A,70,0,◎-○軸 3着3〜4艇流し（10〜15点）,0.5777,"{'is_target': True, 'verdict': '点数絞り', 'max_combo_prob': 0.0857, 'est_top_odds': 15.6, 'circle_concentration': 70.9, 'eligible_count': 8, 'bet_adj': 0, 'reason': 'rel_win1=55.9%（本命度） / 最有力組み合わせ確率: 0.086（推定実オッズ?16倍） / 2着集中度: 上位2艇 70.9%（補正+0.04） / 総合判定確率: 0.126 / → ヒモはやや固め。上位2艇以外を切ること', 'tenji_trigger': '展示確認: 1号艇伸び良→そのまま採用。悪→飛び組に差し替え。circle_pct上位2艇に絞り込むこと。'}",,,29.1,逃げ狙い,19.41,30.1,3,,,,,,,,,,,
2025-10-12,丸亀,7,5,山下心一,B2,36.84,5,,4.6256,4,100,25,0.1979,4.0208,,,0,低,60,0,ま0%,6,0,26.7,0.7748,0,0,0.0435,0,0,,,,,,D,,,0.1519,0.494,,0.4787,A,70,0,◎-○軸 3着3〜4艇流し（10〜15点）,0.5777,"{'is_target': True, 'verdict': '点数絞り', 'max_combo_prob': 0.0857, 'est_top_odds': 15.6, 'circle_concentration': 70.9, 'eligible_count': 8, 'bet_adj': 0, 'reason': 'rel_win1=55.9%（本命度） / 最有力組み合わせ確率: 0.086（推定実オッズ?16倍） / 2着集中度: 上位2艇 70.9%（補正+0.04） / 総合判定確率: 0.126 / → ヒモはやや固め。上位2艇以外を切ること', 'tenji_trigger': '展示確認: 1号艇伸び良→そのまま採用。悪→飛び組に差し替え。circle_pct上位2艇に絞り込むこと。'}",,,29.1,逃げ狙い,19.41,30.1,3,,,,,,,,,,,
2025-10-12,丸亀,7,6,為本智也,A2,21.05,6,,3.4415,6.2,49,30.8,0.1615,2.9615,,,0,低,42,0,ま0%,6F,0,31.2,1.27,0,0,0.1111,0,0,0.0333,0.0667,0,,,E,◎,,0.2909,0.6205,,0.4787,A,70,0,◎-○軸 3着3〜4艇流し（10〜15点）,0.5777,"{'is_target': True, 'verdict': '点数絞り', 'max_combo_prob': 0.0857, 'est_top_odds': 15.6, 'circle_concentration': 70.9, 'eligible_count': 8, 'bet_adj': 0, 'reason': 'rel_win1=55.9%（本命度） / 最有力組み合わせ確率: 0.086（推定実オッズ?16倍） / 2着集中度: 上位2艇 70.9%（補正+0.04） / 総合判定確率: 0.126 / → ヒモはやや固め。上位2艇以外を切ること', 'tenji_trigger': '展示確認: 1号艇伸び良→そのまま採用。悪→飛び組に差し替え。circle_pct上位2艇に絞り込むこと。'}",,,29.1,逃げ狙い,19.41,30.1,3,,,,,,,,,,,
2025-10-12,丸亀,8,1,石本裕武,A1,35.00,1,◎,70.9203,,0,82.1,0.1471,3.1429,,,0,低,35,0,逃1%,15,0,87.6,1.1216,0.8182,,,,,0,0.0909,0.0909,◎,,A,◎,,,0.657,,0.5363,S,89,0,◎1着固定 2-3着流し（5〜8点）,0.5777,"{'is_target': True, 'verdict': '点数絞り', 'max_combo_prob': 0.1372, 'est_top_odds': 9.7, 'circle_concentration': 81.9, 'eligible_count': 6, 'bet_adj': 0, 'reason': 'rel_win1=70.9%（本命度） / 最有力組み合わせ確率: 0.137（推定実オッズ?10倍） / 2着集中度: 上位2艇 81.9%（補正+0.04） / 総合判定確率: 0.177 / → ヒモはやや固め。上位2艇以外を切ること', 'tenji_trigger': '展示確認: 1号艇伸び良→そのまま採用。悪→飛び組に差し替え。circle_pct上位2艇に絞り込むこと。'}",,,26.2,逃げ狙い,17.01,23.9,2,,,,,0,0,0.7559,0,,逃げ軸流し,A
2025-10-12,丸亀,8,2,大原祥昌,A2,17.65,2,▲,11.8065,61.7,100,78.8,0.1382,3.2273,,,0,低,48,0,ま0%,25,0,68.4,1.2333,0,0,0.125,0,0,0,0.1818,0,,◎,D,○,,0.4071,0.651,,0.5363,S,89,0,◎1着固定 2-3着流し（5〜8点）,0.5777,"{'is_target': True, 'verdict': '点数絞り', 'max_combo_prob': 0.1372, 'est_top_odds': 9.7, 'circle_concentration': 81.9, 'eligible_count': 6, 'bet_adj': 0, 'reason': 'rel_win1=70.9%（本命度） / 最有力組み合わせ確率: 0.137（推定実オッズ?10倍） / 2着集中度: 上位2艇 81.9%（補正+0.04） / 総合判定確率: 0.177 / → ヒモはやや固め。上位2艇以外を切ること', 'tenji_trigger': '展示確認: 1号艇伸び良→そのまま採用。悪→飛び組に差し替え。circle_pct上位2艇に絞り込むこと。'}",,,26.2,逃げ狙い,17.01,23.9,2,,,,,,,,,,,
2025-10-12,丸亀,8,3,常盤海心,B1,31.25,3,○,7.3075,11.7,81,35.7,0.1916,4.3482,,,0,低,136,0,ま0%,2,0,15.6,0.5631,0,0,0.1667,0.0417,0,0.0667,0.6,0.2667,,,B,△,,0.1403,0.592,,0.5363,S,89,0,◎1着固定 2-3着流し（5〜8点）,0.5777,"{'is_target': True, 'verdict': '点数絞り', 'max_combo_prob': 0.1372, 'est_top_odds': 9.7, 'circle_concentration': 81.9, 'eligible_count': 6, 'bet_adj': 0, 'reason': 'rel_win1=70.9%（本命度） / 最有力組み合わせ確率: 0.137（推定実オッズ?10倍） / 2着集中度: 上位2艇 81.9%（補正+0.04） / 総合判定確率: 0.177 / → ヒモはやや固め。上位2艇以外を切ること', 'tenji_trigger': '展示確認: 1号艇伸び良→そのまま採用。悪→飛び組に差し替え。circle_pct上位2艇に絞り込むこと。'}",,,26.2,逃げ狙い,17.01,23.9,2,,,,,,,,,,,
2025-10-12,丸亀,8,4,原田雄次,A2,12.00,4,,5.277,20.2,84,44.7,0.2251,4.4681,,,0,低,136,0,-,34,0,37.3,0.8268,,,,,,0,0.25,0.375,,,E,,,0.1345,0.5155,,0.5363,S,89,0,◎1着固定 2-3着流し（5〜8点）,0.5777,"{'is_target': True, 'verdict': '点数絞り', 'max_combo_prob': 0.1372, 'est_top_odds': 9.7, 'circle_concentration': 81.9, 'eligible_count': 6, 'bet_adj': 0, 'reason': 'rel_win1=70.9%（本命度） / 最有力組み合わせ確率: 0.137（推定実オッズ?10倍） / 2着集中度: 上位2艇 81.9%（補正+0.04） / 総合判定確率: 0.177 / → ヒモはやや固め。上位2艇以外を切ること', 'tenji_trigger': '展示確認: 1号艇伸び良→そのまま採用。悪→飛び組に差し替え。circle_pct上位2艇に絞り込むこと。'}",,,26.2,逃げ狙い,17.01,23.9,2,,,,,,,,,,,
2025-10-12,丸亀,8,5,網代良芽,B1,20.00,5,△,2.8363,6,70,19.4,0.1665,3.2903,,,0,低,76,0,ま0%,3,0,26.8,0.6905,0,0,0.0625,0,0,0.2389,0.2833,0.4778,,,D,,,0.2289,0.5435,,0.5363,S,89,0,◎1着固定 2-3着流し（5〜8点）,0.5777,"{'is_target': True, 'verdict': '点数絞り', 'max_combo_prob': 0.1372, 'est_top_odds': 9.7, 'circle_concentration': 81.9, 'eligible_count': 6, 'bet_adj': 0, 'reason': 'rel_win1=70.9%（本命度） / 最有力組み合わせ確率: 0.137（推定実オッズ?10倍） / 2着集中度: 上位2艇 81.9%（補正+0.04） / 総合判定確率: 0.177 / → ヒモはやや固め。上位2艇以外を切ること', 'tenji_trigger': '展示確認: 1号艇伸び良→そのまま採用。悪→飛び組に差し替え。circle_pct上位2艇に絞り込むこと。'}",,,26.2,逃げ狙い,17.01,23.9,2,,,,,,,,,,,
2025-10-12,丸亀,8,6,宮崎心之,B1,29.41,6,,1.8525,0.4,33,11,0.1963,4.1098,,,0,低,60,0,差ま0%,4,0,43.5,0.8489,0,0,0,0.0238,0,0,0.2,0.2,,,C,△,,0.1221,0.549,,0.5363,S,89,0,◎1着固定 2-3着流し（5〜8点）,0.5777,"{'is_target': True, 'verdict': '点数絞り', 'max_combo_prob': 0.1372, 'est_top_odds': 9.7, 'circle_concentration': 81.9, 'eligible_count': 6, 'bet_adj': 0, 'reason': 'rel_win1=70.9%（本命度） / 最有力組み合わせ確率: 0.137（推定実オッズ?10倍） / 2着集中度: 上位2艇 81.9%（補正+0.04） / 総合判定確率: 0.177 / → ヒモはやや固め。上位2艇以外を切ること', 'tenji_trigger': '展示確認: 1号艇伸び良→そのまま採用。悪→飛び組に差し替え。circle_pct上位2艇に絞り込むこと。'}",,,26.2,逃げ狙い,17.01,23.9,2,,,,,,,,,,,
2025-10-12,丸亀,9,1,高井雄基,A1,33.33,1,◎,63.7049,,0,88.9,0.1481,3.2361,,,0,低,86,0,逃0%,34,0,89.3,1.1638,0.5,,,,,0,0.0889,0.0444,◎,,C,△,,,0.579,,0.5137,A,76,0,◎-○軸 3着3〜4艇流し（10〜15点）,0.5777,"{'is_target': True, 'verdict': '点数絞り', 'max_combo_prob': 0.1046, 'est_top_odds': 12.7, 'circle_concentration': 80.5, 'eligible_count': 8, 'bet_adj': 0, 'reason': 'rel_win1=63.7%（本命度） / 最有力組み合わせ確率: 0.105（推定実オッズ?13倍） / 2着集中度: 上位2艇 80.5%（補正+0.04） / 総合判定確率: 0.145 / → ヒモはやや固め。上位2艇以外を切ること', 'tenji_trigger': '展示確認: 1号艇伸び良→そのまま採用。悪→飛び組に差し替え。circle_pct上位2艇に絞り込むこと。'}",,,24.9,逃げ狙い,11.53,24.8,2,,,,,0,0,0.7559,0,,逃げ軸流し,A
2025-10-12,丸亀,9,2,濱野斗馬,A1,21.05,2,△,11.9705,51.1,100,64.3,0.1507,3.0357,,,0,低,40,0,抜0%,31,0,63.9,0.8521,0,0.0625,0.125,0,0.0625,0.0968,0,0.0323,,,E,◎,,0.2951,0.638,,0.5137,A,76,0,◎-○軸 3着3〜4艇流し（10〜15点）,0.5777,"{'is_target': True, 'verdict': '点数絞り', 'max_combo_prob': 0.1046, 'est_top_odds': 12.7, 'circle_concentration': 80.5, 'eligible_count': 8, 'bet_adj': 0, 'reason': 'rel_win1=63.7%（本命度） / 最有力組み合わせ確率: 0.105（推定実オッズ?13倍） / 2着集中度: 上位2艇 80.5%（補正+0.04） / 総合判定確率: 0.145 / → ヒモはやや固め。上位2艇以外を切ること', 'tenji_trigger': '展示確認: 1号艇伸び良→そのまま採用。悪→飛び組に差し替え。circle_pct上位2艇に絞り込むこと。'}",,,24.9,逃げ狙い,11.53,24.8,2,,,,,,,,,,,
2025-10-12,丸亀,9,3,三馬崇史,B1,42.86,3,○,12.2362,29.5,66,50,0.1535,3.0288,,,0,低,99,0,ま0% 抜0%,2,0,45.4,1.0352,0,0,0.1176,0,0.0588,0.1177,0.1337,0.2514,,,A,○,,0.2758,0.611,,0.5137,A,76,0,◎-○軸 3着3〜4艇流し（10〜15点）,0.5777,"{'is_target': True, 'verdict': '点数絞り', 'max_combo_prob': 0.1046, 'est_top_odds': 12.7, 'circle_concentration': 80.5, 'eligible_count': 8, 'bet_adj': 0, 'reason': 'rel_win1=63.7%（本命度） / 最有力組み合わせ確率: 0.105（推定実オッズ?13倍） / 2着集中度: 上位2艇 80.5%（補正+0.04） / 総合判定確率: 0.145 / → ヒモはやや固め。上位2艇以外を切ること', 'tenji_trigger': '展示確認: 1号艇伸び良→そのまま採用。悪→飛び組に差し替え。circle_pct上位2艇に絞り込むこと。'}",,,24.9,逃げ狙い,11.53,24.8,2,,,,,,,,,,,
2025-10-12,丸亀,9,4,嘉手苅徹,B1,31.58,4,,4.9963,3.8,22,8,0.158,3.43,,,0,低,87,0,差ま0%,5,0,20.7,0.5536,0,0,0,0.0667,0,0.28,0.36,0,,,C,△,,0.2499,0.5685,,0.5137,A,76,0,◎-○軸 3着3〜4艇流し（10〜15点）,0.5777,"{'is_target': True, 'verdict': '点数絞り', 'max_combo_prob': 0.1046, 'est_top_odds': 12.7, 'circle_concentration': 80.5, 'eligible_count': 8, 'bet_adj': 0, 'reason': 'rel_win1=63.7%（本命度） / 最有力組み合わせ確率: 0.105（推定実オッズ?13倍） / 2着集中度: 上位2艇 80.5%（補正+0.04） / 総合判定確率: 0.145 / → ヒモはやや固め。上位2艇以外を切ること', 'tenji_trigger': '展示確認: 1号艇伸び良→そのまま採用。悪→飛び組に差し替え。circle_pct上位2艇に絞り込むこと。'}",,,24.9,逃げ狙い,11.53,24.8,2,,,,,,,,,,,
2025-10-12,丸亀,9,5,金子龍斗,B1,42.11,5,▲,6.0189,11,68,35.4,0.1815,3.375,,,0,低,82,0,-,4,0,38,1.191,0,0,0.0476,0.0476,0,0.1473,0.3802,0,,,B,,,0.1847,0.508,,0.5137,A,76,0,◎-○軸 3着3〜4艇流し（10〜15点）,0.5777,"{'is_target': True, 'verdict': '点数絞り', 'max_combo_prob': 0.1046, 'est_top_odds': 12.7, 'circle_concentration': 80.5, 'eligible_count': 8, 'bet_adj': 0, 'reason': 'rel_win1=63.7%（本命度） / 最有力組み合わせ確率: 0.105（推定実オッズ?13倍） / 2着集中度: 上位2艇 80.5%（補正+0.04） / 総合判定確率: 0.145 / → ヒモはやや固め。上位2艇以外を切ること', 'tenji_trigger': '展示確認: 1号艇伸び良→そのまま採用。悪→飛び組に差し替え。circle_pct上位2艇に絞り込むこと。'}",,,24.9,逃げ狙い,11.53,24.8,2,,,,,,,,,,,
2025-10-12,丸亀,9,6,浦野　海,A2,17.65,6,,1.0732,4.7,74,38.2,0.1935,4.2353,,,0,低,75,0,-,43,0,76.2,1.4872,,,,,,0,0.1111,0.1422,,,E,△,,0.1683,0.579,,0.5137,A,76,0,◎-○軸 3着3〜4艇流し（10〜15点）,0.5777,"{'is_target': True, 'verdict': '点数絞り', 'max_combo_prob': 0.1046, 'est_top_odds': 12.7, 'circle_concentration': 80.5, 'eligible_count': 8, 'bet_adj': 0, 'reason': 'rel_win1=63.7%（本命度） / 最有力組み合わせ確率: 0.105（推定実オッズ?13倍） / 2着集中度: 上位2艇 80.5%（補正+0.04） / 総合判定確率: 0.145 / → ヒモはやや固め。上位2艇以外を切ること', 'tenji_trigger': '展示確認: 1号艇伸び良→そのまま採用。悪→飛び組に差し替え。circle_pct上位2艇に絞り込むこと。'}",,,24.9,逃げ狙い,11.53,24.8,2,,,,,,,,,,,
2025-10-12,丸亀,10,1,板橋侑我,A1,63.64,1,◎,63.9924,,0,92.5,0.1215,2.325,,,0,低,35,0,逃1%,63,0,90.8,1.2021,1,,,,,,,,◎,,A,◎,,,0.6715,,0.7663,S,100,0,◎1着固定 2-3着流し（5〜8点）,0.5777,"{'is_target': True, 'verdict': '参加推奨', 'max_combo_prob': 0.0923, 'est_top_odds': 14.4, 'circle_concentration': 67.7, 'eligible_count': 6, 'bet_adj': 2, 'reason': 'rel_win1=64.0%（本命度） / 最有力組み合わせ確率: 0.092（推定実オッズ?14倍） / 2着集中度: 上位2艇 67.7%（補正+0.00） / 総合判定確率: 0.092 / → ヒモ分散。1号艇1着固定で広めのヒモ流し推奨（買い目+2点）', 'tenji_trigger': '展示確認: ヒモ分散レース。1号艇伸び確認後、広めのヒモ流しを採用。穴ヒモ（5・6号艇）を積極的に含める。\n展示で1号艇スタート超安定(0.121秒)→ヒモ固まり方向に注意'}",,,26.1,逃げ狙い,20.17,20.7,2,,,,,0,0,0.7559,0,,逃げ軸流し,A
2025-10-12,丸亀,10,2,藤原仙二,A2,72.22,2,○,11.2787,45,69,51.2,0.201,3.8902,,,0,低,93,0,差0% ま0%,41,0,23.8,0.8469,0,0.1176,0.0588,0,0,0,0.08,0.28,,,A,,,0.0746,0.577,,0.7663,S,100,0,◎1着固定 2-3着流し（5〜8点）,0.5777,"{'is_target': True, 'verdict': '参加推奨', 'max_combo_prob': 0.0923, 'est_top_odds': 14.4, 'circle_concentration': 67.7, 'eligible_count': 6, 'bet_adj': 2, 'reason': 'rel_win1=64.0%（本命度） / 最有力組み合わせ確率: 0.092（推定実オッズ?14倍） / 2着集中度: 上位2艇 67.7%（補正+0.00） / 総合判定確率: 0.092 / → ヒモ分散。1号艇1着固定で広めのヒモ流し推奨（買い目+2点）', 'tenji_trigger': '展示確認: ヒモ分散レース。1号艇伸び確認後、広めのヒモ流しを採用。穴ヒモ（5・6号艇）を積極的に含める。\n展示で1号艇スタート超安定(0.121秒)→ヒモ固まり方向に注意'}",,,26.1,逃げ狙い,20.17,20.7,2,,,,,,,,,,,
2025-10-12,丸亀,10,3,中野希一,A1,10.53,3,△,10.2887,22.7,92,50,0.1465,2.9853,,,0,低,71,0,差0% 差ま0% 抜0%,16,0,41.5,0.9917,0,0.0588,0,0.1765,0.0588,0.1818,0.3636,0.0455,,,E,,,0.1931,0.5435,,0.7663,S,100,0,◎1着固定 2-3着流し（5〜8点）,0.5777,"{'is_target': True, 'verdict': '参加推奨', 'max_combo_prob': 0.0923, 'est_top_odds': 14.4, 'circle_concentration': 67.7, 'eligible_count': 6, 'bet_adj': 2, 'reason': 'rel_win1=64.0%（本命度） / 最有力組み合わせ確率: 0.092（推定実オッズ?14倍） / 2着集中度: 上位2艇 67.7%（補正+0.00） / 総合判定確率: 0.092 / → ヒモ分散。1号艇1着固定で広めのヒモ流し推奨（買い目+2点）', 'tenji_trigger': '展示確認: ヒモ分散レース。1号艇伸び確認後、広めのヒモ流しを採用。穴ヒモ（5・6号艇）を積極的に含める。\n展示で1号艇スタート超安定(0.121秒)→ヒモ固まり方向に注意'}",,,26.1,逃げ狙い,20.17,20.7,2,,,,,,,,,,,
2025-10-12,丸亀,10,4,眞鳥章太,A2,40.00,4,,9.8138,13.7,100,50.8,0.1618,3.2213,,,0,低,108,0,差0% ま0% 差ま0% 抜0%,13,0,55.7,1.1315,0,0.0312,0.125,0.0312,0.0312,0.0364,0.0364,0.0721,,,C,○,◎,0.1486,0.6335,0.2972,0.7663,S,100,0,◎1着固定 2-3着流し（5〜8点）,0.5777,"{'is_target': True, 'verdict': '参加推奨', 'max_combo_prob': 0.0923, 'est_top_odds': 14.4, 'circle_concentration': 67.7, 'eligible_count': 6, 'bet_adj': 2, 'reason': 'rel_win1=64.0%（本命度） / 最有力組み合わせ確率: 0.092（推定実オッズ?14倍） / 2着集中度: 上位2艇 67.7%（補正+0.00） / 総合判定確率: 0.092 / → ヒモ分散。1号艇1着固定で広めのヒモ流し推奨（買い目+2点）', 'tenji_trigger': '展示確認: ヒモ分散レース。1号艇伸び確認後、広めのヒモ流しを採用。穴ヒモ（5・6号艇）を積極的に含める。\n展示で1号艇スタート超安定(0.121秒)→ヒモ固まり方向に注意'}",,,26.1,逃げ狙い,20.17,20.7,2,,,,,,,,,,,
2025-10-12,丸亀,10,5,澁川　夏,B1,42.11,5,▲,3.0257,14.3,59,29.7,0.1551,3.2432,,,0,低,68,0,-,5,0,38.9,0.9026,,,,,,,,,,,C,△,,0.2036,0.625,,0.7663,S,100,0,◎1着固定 2-3着流し（5〜8点）,0.5777,"{'is_target': True, 'verdict': '参加推奨', 'max_combo_prob': 0.0923, 'est_top_odds': 14.4, 'circle_concentration': 67.7, 'eligible_count': 6, 'bet_adj': 2, 'reason': 'rel_win1=64.0%（本命度） / 最有力組み合わせ確率: 0.092（推定実オッズ?14倍） / 2着集中度: 上位2艇 67.7%（補正+0.00） / 総合判定確率: 0.092 / → ヒモ分散。1号艇1着固定で広めのヒモ流し推奨（買い目+2点）', 'tenji_trigger': '展示確認: ヒモ分散レース。1号艇伸び確認後、広めのヒモ流しを採用。穴ヒモ（5・6号艇）を積極的に含める。\n展示で1号艇スタート超安定(0.121秒)→ヒモ固まり方向に注意'}",,,26.1,逃げ狙い,20.17,20.7,2,,,,,,,,,,,
2025-10-12,丸亀,10,6,村松栄太,B1,10.53,6,,1.6008,4.3,61,31.4,0.1771,4.0143,,,0,低,99,0,差ま0%,6,0,63,1.3158,0,0,0,0.0667,0,0.1808,0.0923,0.0308,,,E,△,,0.1123,0.5975,,0.7663,S,100,0,◎1着固定 2-3着流し（5〜8点）,0.5777,"{'is_target': True, 'verdict': '参加推奨', 'max_combo_prob': 0.0923, 'est_top_odds': 14.4, 'circle_concentration': 67.7, 'eligible_count': 6, 'bet_adj': 2, 'reason': 'rel_win1=64.0%（本命度） / 最有力組み合わせ確率: 0.092（推定実オッズ?14倍） / 2着集中度: 上位2艇 67.7%（補正+0.00） / 総合判定確率: 0.092 / → ヒモ分散。1号艇1着固定で広めのヒモ流し推奨（買い目+2点）', 'tenji_trigger': '展示確認: ヒモ分散レース。1号艇伸び確認後、広めのヒモ流しを採用。穴ヒモ（5・6号艇）を積極的に含める。\n展示で1号艇スタート超安定(0.121秒)→ヒモ固まり方向に注意'}",,,26.1,逃げ狙い,20.17,20.7,2,,,,,,,,,,,
2025-10-12,丸亀,11,1,中村泰平,A1,71.43,1,◎,57.6597,,0,92.2,0.1551,2.7647,,,0,低,80,0,逃1%,24,0,82.1,0.9949,0.6818,,,,,0.1864,0.0182,0.0364,◎,,A,○,,,0.6085,,0.5771,A,79,0,◎-○軸 3着3〜4艇流し（10〜15点）,0.5777,"{'is_target': True, 'verdict': '点数絞り', 'max_combo_prob': 0.1212, 'est_top_odds': 11.0, 'circle_concentration': 76.3, 'eligible_count': 8, 'bet_adj': 0, 'reason': 'rel_win1=57.7%（本命度） / 最有力組み合わせ確率: 0.121（推定実オッズ?11倍） / 2着集中度: 上位2艇 76.3%（補正+0.04） / 総合判定確率: 0.161 / → ヒモはやや固め。上位2艇以外を切ること', 'tenji_trigger': '展示確認: 1号艇伸び良→そのまま採用。悪→飛び組に差し替え。circle_pct上位2艇に絞り込むこと。'}",,,29.8,逃げ狙い,22.96,29.1,2,,,,,0,0,0.7559,0,,逃げ軸流し,A
2025-10-12,丸亀,11,2,砂長知輝,A1,29.41,2,△,19.2234,56.2,58,76.9,0.1665,3.7308,,,0,低,57,0,差0% 抜0%,42,0,74.6,1.2929,0,0.1667,0,0,0.1667,0,0.2,0.025,,,D,◎,,0.2248,0.6395,,0.5771,A,79,0,◎-○軸 3着3〜4艇流し（10〜15点）,0.5777,"{'is_target': True, 'verdict': '点数絞り', 'max_combo_prob': 0.1212, 'est_top_odds': 11.0, 'circle_concentration': 76.3, 'eligible_count': 8, 'bet_adj': 0, 'reason': 'rel_win1=57.7%（本命度） / 最有力組み合わせ確率: 0.121（推定実オッズ?11倍） / 2着集中度: 上位2艇 76.3%（補正+0.04） / 総合判定確率: 0.161 / → ヒモはやや固め。上位2艇以外を切ること', 'tenji_trigger': '展示確認: 1号艇伸び良→そのまま採用。悪→飛び組に差し替え。circle_pct上位2艇に絞り込むこと。'}",,,29.8,逃げ狙い,22.96,29.1,2,,,,,,,,,,,
2025-10-12,丸亀,11,3,佐々木翔,A1,42.86,3,○,9.9486,20.2,100,68.9,0.162,3.5,,,0,低,101,0,差0% 差ま0%,1,0,58.9,1.2017,0,0.0625,0,0.0625,0,0.0387,0.1373,0.1502,,,C,,,0.2542,0.5985,,0.5771,A,79,0,◎-○軸 3着3〜4艇流し（10〜15点）,0.5777,"{'is_target': True, 'verdict': '点数絞り', 'max_combo_prob': 0.1212, 'est_top_odds': 11.0, 'circle_concentration': 76.3, 'eligible_count': 8, 'bet_adj': 0, 'reason': 'rel_win1=57.7%（本命度） / 最有力組み合わせ確率: 0.121（推定実オッズ?11倍） / 2着集中度: 上位2艇 76.3%（補正+0.04） / 総合判定確率: 0.161 / → ヒモはやや固め。上位2艇以外を切ること', 'tenji_trigger': '展示確認: 1号艇伸び良→そのまま採用。悪→飛び組に差し替え。circle_pct上位2艇に絞り込むこと。'}",,,29.8,逃げ狙い,22.96,29.1,2,,,,,,,,,,,
2025-10-12,丸亀,11,4,山口晃朋,B1,26.32,4,,7.098,6.5,56,30.8,0.1508,3.4615,,,0,低,72,0,差0% ま0% 差ま0%,1,0,74.9,0.7317,0,0.0526,0.1579,0.0526,0,0.1079,0,0.0444,,,E,△,◎,0.3355,0.6005,0.3176,0.5771,A,79,0,◎-○軸 3着3〜4艇流し（10〜15点）,0.5777,"{'is_target': True, 'verdict': '点数絞り', 'max_combo_prob': 0.1212, 'est_top_odds': 11.0, 'circle_concentration': 76.3, 'eligible_count': 8, 'bet_adj': 0, 'reason': 'rel_win1=57.7%（本命度） / 最有力組み合わせ確率: 0.121（推定実オッズ?11倍） / 2着集中度: 上位2艇 76.3%（補正+0.04） / 総合判定確率: 0.161 / → ヒモはやや固め。上位2艇以外を切ること', 'tenji_trigger': '展示確認: 1号艇伸び良→そのまま採用。悪→飛び組に差し替え。circle_pct上位2艇に絞り込むこと。'}",,,29.8,逃げ狙い,22.96,29.1,2,,,,,,,,,,,
2025-10-12,丸亀,11,5,田村　慶,A2,52.17,5,▲,4.3534,14.9,48,37.5,0.1643,3.7625,,,0,低,93,0,ま0%,2,0,58,1.056,0,0,0.0769,0,0,0,0,0,,,B,,,0.2653,0.5845,,0.5771,A,79,0,◎-○軸 3着3〜4艇流し（10〜15点）,0.5777,"{'is_target': True, 'verdict': '点数絞り', 'max_combo_prob': 0.1212, 'est_top_odds': 11.0, 'circle_concentration': 76.3, 'eligible_count': 8, 'bet_adj': 0, 'reason': 'rel_win1=57.7%（本命度） / 最有力組み合わせ確率: 0.121（推定実オッズ?11倍） / 2着集中度: 上位2艇 76.3%（補正+0.04） / 総合判定確率: 0.161 / → ヒモはやや固め。上位2艇以外を切ること', 'tenji_trigger': '展示確認: 1号艇伸び良→そのまま採用。悪→飛び組に差し替え。circle_pct上位2艇に絞り込むこと。'}",,,29.8,逃げ狙い,22.96,29.1,2,,,,,,,,,,,
2025-10-12,丸亀,11,6,篠原飛翔,A2,20.00,6,,1.7169,2.3,63,33.3,0.1694,3.6364,,,0,低,97,0,-,2,0,31.2,1.3319,,,,,,0.0808,0.1423,0.0462,,,E,△,,0.2663,0.603,,0.5771,A,79,0,◎-○軸 3着3〜4艇流し（10〜15点）,0.5777,"{'is_target': True, 'verdict': '点数絞り', 'max_combo_prob': 0.1212, 'est_top_odds': 11.0, 'circle_concentration': 76.3, 'eligible_count': 8, 'bet_adj': 0, 'reason': 'rel_win1=57.7%（本命度） / 最有力組み合わせ確率: 0.121（推定実オッズ?11倍） / 2着集中度: 上位2艇 76.3%（補正+0.04） / 総合判定確率: 0.161 / → ヒモはやや固め。上位2艇以外を切ること', 'tenji_trigger': '展示確認: 1号艇伸び良→そのまま採用。悪→飛び組に差し替え。circle_pct上位2艇に絞り込むこと。'}",,,29.8,逃げ狙い,22.96,29.1,2,,,,,,,,,,,
2025-10-12,丸亀,12,1,西岡顕心,A1,11.76,1,◎,55.3221,,0,88.2,0.1341,3.1471,,,0,低,55,0,逃1%,12,0,67.1,0.9522,0.8571,,,,,0,0.0714,0,◎,,E,△,,,0.6245,,0.6081,A,77,0,◎-○軸 3着3〜4艇流し（10〜15点）,0.5777,"{'is_target': True, 'verdict': '参加推奨', 'max_combo_prob': 0.0703, 'est_top_odds': 19.0, 'circle_concentration': 58.8, 'eligible_count': 8, 'bet_adj': 2, 'reason': 'rel_win1=55.3%（本命度） / 最有力組み合わせ確率: 0.070（推定実オッズ?19倍） / 2着集中度: 上位2艇 58.8%（補正+0.00） / 総合判定確率: 0.070 / → ヒモ分散。1号艇1着固定で広めのヒモ流し推奨（買い目+2点）', 'tenji_trigger': '展示確認: ヒモ分散レース。1号艇伸び確認後、広めのヒモ流しを採用。穴ヒモ（5・6号艇）を積極的に含める。\n展示で1号艇スタート超安定(0.134秒)→ヒモ固まり方向に注意'}",,,27.8,逃げ狙い,23.37,22.9,2,,,,,0,0,0.7559,0,,逃げ軸流し,A
2025-10-12,丸亀,12,2,石本裕武,A1,35.00,2,▲,16.4002,34.8,61,54.3,0.1669,3.8429,,,0,低,35,0,差0% ま0% 抜0%,15,0,46.8,0.9457,0,0.2667,0.1333,0,0.0667,0,0.0909,0.0909,,,B,◎,,0.1088,0.657,,0.6081,A,77,0,◎-○軸 3着3〜4艇流し（10〜15点）,0.5777,"{'is_target': True, 'verdict': '参加推奨', 'max_combo_prob': 0.0703, 'est_top_odds': 19.0, 'circle_concentration': 58.8, 'eligible_count': 8, 'bet_adj': 2, 'reason': 'rel_win1=55.3%（本命度） / 最有力組み合わせ確率: 0.070（推定実オッズ?19倍） / 2着集中度: 上位2艇 58.8%（補正+0.00） / 総合判定確率: 0.070 / → ヒモ分散。1号艇1着固定で広めのヒモ流し推奨（買い目+2点）', 'tenji_trigger': '展示確認: ヒモ分散レース。1号艇伸び確認後、広めのヒモ流しを採用。穴ヒモ（5・6号艇）を積極的に含める。\n展示で1号艇スタート超安定(0.134秒)→ヒモ固まり方向に注意'}",,,27.8,逃げ狙い,23.37,22.9,2,,,,,,,,,,,
2025-10-12,丸亀,12,3,為本智也,A2,21.05,3,,8.9731,24,64,53.8,0.1681,3.5769,,,0,低,42,0,ま0% 差ま0% 抜0%,6F,0,29.2,0.98,0,0,0.0833,0.0833,0.0833,0.0333,0.0667,0,,,D,,,0.1248,0.6205,,0.6081,A,77,0,◎-○軸 3着3〜4艇流し（10〜15点）,0.5777,"{'is_target': True, 'verdict': '参加推奨', 'max_combo_prob': 0.0703, 'est_top_odds': 19.0, 'circle_concentration': 58.8, 'eligible_count': 8, 'bet_adj': 2, 'reason': 'rel_win1=55.3%（本命度） / 最有力組み合わせ確率: 0.070（推定実オッズ?19倍） / 2着集中度: 上位2艇 58.8%（補正+0.00） / 総合判定確率: 0.070 / → ヒモ分散。1号艇1着固定で広めのヒモ流し推奨（買い目+2点）', 'tenji_trigger': '展示確認: ヒモ分散レース。1号艇伸び確認後、広めのヒモ流しを採用。穴ヒモ（5・6号艇）を積極的に含める。\n展示で1号艇スタート超安定(0.134秒)→ヒモ固まり方向に注意'}",,,27.8,逃げ狙い,23.37,22.9,2,,,,,,,,,,,
2025-10-12,丸亀,12,4,津田陸翔,A2,40.00,4,○,10.7104,22.7,100,71.2,0.1469,3.2019,,,0,低,80,0,差0% ま0%,32,0,80.8,1.4253,0,0.0714,0.0714,0,0,0,0.0842,0.2421,,,A,○,◎,0.2457,0.6525,0.381,0.6081,A,77,0,◎-○軸 3着3〜4艇流し（10〜15点）,0.5777,"{'is_target': True, 'verdict': '参加推奨', 'max_combo_prob': 0.0703, 'est_top_odds': 19.0, 'circle_concentration': 58.8, 'eligible_count': 8, 'bet_adj': 2, 'reason': 'rel_win1=55.3%（本命度） / 最有力組み合わせ確率: 0.070（推定実オッズ?19倍） / 2着集中度: 上位2艇 58.8%（補正+0.00） / 総合判定確率: 0.070 / → ヒモ分散。1号艇1着固定で広めのヒモ流し推奨（買い目+2点）', 'tenji_trigger': '展示確認: ヒモ分散レース。1号艇伸び確認後、広めのヒモ流しを採用。穴ヒモ（5・6号艇）を積極的に含める。\n展示で1号艇スタート超安定(0.134秒)→ヒモ固まり方向に注意'}",,,27.8,逃げ狙い,23.37,22.9,2,,,,,,,,,,,
2025-10-12,丸亀,12,5,上田健太,A1,33.33,5,,7.6511,15.2,62,50.9,0.1596,3.0094,,,0,低,121,0,ま0% 差ま0%,1,0,86.5,1.48,0,0,0.0417,0.125,0,0.1337,0.048,0.1177,,,C,,○,0.2233,0.6005,0.3039,0.6081,A,77,0,◎-○軸 3着3〜4艇流し（10〜15点）,0.5777,"{'is_target': True, 'verdict': '参加推奨', 'max_combo_prob': 0.0703, 'est_top_odds': 19.0, 'circle_concentration': 58.8, 'eligible_count': 8, 'bet_adj': 2, 'reason': 'rel_win1=55.3%（本命度） / 最有力組み合わせ確率: 0.070（推定実オッズ?19倍） / 2着集中度: 上位2艇 58.8%（補正+0.00） / 総合判定確率: 0.070 / → ヒモ分散。1号艇1着固定で広めのヒモ流し推奨（買い目+2点）', 'tenji_trigger': '展示確認: ヒモ分散レース。1号艇伸び確認後、広めのヒモ流しを採用。穴ヒモ（5・6号艇）を積極的に含める。\n展示で1号艇スタート超安定(0.134秒)→ヒモ固まり方向に注意'}",,,27.8,逃げ狙い,23.37,22.9,2,,,,,,,,,,,
2025-10-12,丸亀,12,6,富田恕生,B1,40.00,6,△,0.943,3.3,48,26.7,0.166,3.85,,,0,低,88,0,-,1,0,30.9,1.1094,,,,,,0.1667,0.1667,0,,,A,△,,0.2094,0.64,,0.6081,A,77,0,◎-○軸 3着3〜4艇流し（10〜15点）,0.5777,"{'is_target': True, 'verdict': '参加推奨', 'max_combo_prob': 0.0703, 'est_top_odds': 19.0, 'circle_concentration': 58.8, 'eligible_count': 8, 'bet_adj': 2, 'reason': 'rel_win1=55.3%（本命度） / 最有力組み合わせ確率: 0.070（推定実オッズ?19倍） / 2着集中度: 上位2艇 58.8%（補正+0.00） / 総合判定確率: 0.070 / → ヒモ分散。1号艇1着固定で広めのヒモ流し推奨（買い目+2点）', 'tenji_trigger': '展示確認: ヒモ分散レース。1号艇伸び確認後、広めのヒモ流しを採用。穴ヒモ（5・6号艇）を積極的に含める。\n展示で1号艇スタート超安定(0.134秒)→ヒモ固まり方向に注意'}",,,27.8,逃げ狙い,23.37,22.9,2,,,,,,,,,,,
2025-10-13,丸亀,1,1,山下拓巳,B1,50.00,1,◎,56.6751,,0,35.5,0.1974,4.4839,,,0,低,122,0,逃0%,462,0,22.8,0.5856,0.381,,,,,0.0381,0.1143,0.2762,,,A,△,,,0.5625,,0.1553,D,28,1,大荒れ。見送り推奨,0.5777,"{'is_target': True, 'verdict': '参加推奨', 'max_combo_prob': 0.0951, 'est_top_odds': 14.0, 'circle_concentration': 69.0, 'eligible_count': 6, 'bet_adj': 2, 'reason': 'rel_win1=56.7%（本命度） / 最有力組み合わせ確率: 0.095（推定実オッズ?14倍） / 2着集中度: 上位2艇 69.0%（補正+0.00） / 総合判定確率: 0.095 / → ヒモ分散。1号艇1着固定で広めのヒモ流し推奨（買い目+2点）', 'tenji_trigger': '展示確認: ヒモ分散レース。1号艇伸び確認後、広めのヒモ流しを採用。穴ヒモ（5・6号艇）を積極的に含める。\n展示で1号艇スタート遅め(0.197秒)確認→ヒモが荒れやすい'}",,,27.9,両建て推奨,12.79,32.4,2,2-3-6|2-3-4|2-3-5|2-6-3|2-4-3|2-4-6|2-6-4|1-2-3|1-3-2|1-2-6,2-3-6|2-3-4|2-3-5|2-6-3|2-4-3|2-4-6|2-6-4|5-1-6|1-2-3|1-3-2|1-2-6|5-1-3,2-3-6:2.77%|2-3-4:1.85%|2-3-5:1.7%|2-6-3:1.43%|2-4-3:1.07%|2-4-6:0.83%|2-6-4:0.74%|1-2-3:4.54%|1-3-2:4.04%|1-2-6:3.98%,2-3-6:B_main|2-3-4:B_main|2-3-5:B_main|2-6-3:B_main|2-4-3:B_main|2-4-6:B_main|2-6-4:B_main|1-2-3:A|1-3-2:A|1-2-6:A,10,12,0.2915,1,[!]見送り推奨（主役決まり手「まくり」― 逃げ劣勢レースで的中実績なし）,主役軸流し,B
2025-10-13,丸亀,1,2,川崎智稔,B1,40.00,2,▲,9.0463,42.5,95,52.7,0.1538,3.2,,,0,低,62,0,-,565,0,100,2.0441,0,0,0.0476,0,0,0.2267,0.1733,0.0267,,◎,C,◎,,0.5611,0.6335,,0.1553,D,28,1,大荒れ。見送り推奨,0.5777,"{'is_target': True, 'verdict': '参加推奨', 'max_combo_prob': 0.0951, 'est_top_odds': 14.0, 'circle_concentration': 69.0, 'eligible_count': 6, 'bet_adj': 2, 'reason': 'rel_win1=56.7%（本命度） / 最有力組み合わせ確率: 0.095（推定実オッズ?14倍） / 2着集中度: 上位2艇 69.0%（補正+0.00） / 総合判定確率: 0.095 / → ヒモ分散。1号艇1着固定で広めのヒモ流し推奨（買い目+2点）', 'tenji_trigger': '展示確認: ヒモ分散レース。1号艇伸び確認後、広めのヒモ流しを採用。穴ヒモ（5・6号艇）を積極的に含める。\n展示で1号艇スタート遅め(0.197秒)確認→ヒモが荒れやすい'}",,,27.9,両建て推奨,12.79,32.4,2,,,,,,,,,,,
2025-10-13,丸亀,1,3,市川健太,B1,36.84,3,,10.9161,26.6,100,49,0.1708,3.4898,,,0,低,87,0,差ま0%,256,0,34.3,0.9608,0,0,0,0.0667,0,0.1333,0.1333,0.1333,,○,D,△,,0.4386,0.603,,0.1553,D,28,1,大荒れ。見送り推奨,0.5777,"{'is_target': True, 'verdict': '参加推奨', 'max_combo_prob': 0.0951, 'est_top_odds': 14.0, 'circle_concentration': 69.0, 'eligible_count': 6, 'bet_adj': 2, 'reason': 'rel_win1=56.7%（本命度） / 最有力組み合わせ確率: 0.095（推定実オッズ?14倍） / 2着集中度: 上位2艇 69.0%（補正+0.00） / 総合判定確率: 0.095 / → ヒモ分散。1号艇1着固定で広めのヒモ流し推奨（買い目+2点）', 'tenji_trigger': '展示確認: ヒモ分散レース。1号艇伸び確認後、広めのヒモ流しを採用。穴ヒモ（5・6号艇）を積極的に含める。\n展示で1号艇スタート遅め(0.197秒)確認→ヒモが荒れやすい'}",,,27.9,両建て推奨,12.79,32.4,2,,,,,,,,,,,
2025-10-13,丸亀,1,4,有山　望,B2,47.37,4,○,15.8469,11.7,53,16.7,0.1972,3.7778,,,0,低,45,0,-,556,0,36.3,0.9909,0,0,0.1111,0,0,,,,,,B,,,0.3261,0.4945,,0.1553,D,28,1,大荒れ。見送り推奨,0.5777,"{'is_target': True, 'verdict': '参加推奨', 'max_combo_prob': 0.0951, 'est_top_odds': 14.0, 'circle_concentration': 69.0, 'eligible_count': 6, 'bet_adj': 2, 'reason': 'rel_win1=56.7%（本命度） / 最有力組み合わせ確率: 0.095（推定実オッズ?14倍） / 2着集中度: 上位2艇 69.0%（補正+0.00） / 総合判定確率: 0.095 / → ヒモ分散。1号艇1着固定で広めのヒモ流し推奨（買い目+2点）', 'tenji_trigger': '展示確認: ヒモ分散レース。1号艇伸び確認後、広めのヒモ流しを採用。穴ヒモ（5・6号艇）を積極的に含める。\n展示で1号艇スタート遅め(0.197秒)確認→ヒモが荒れやすい'}",,,27.9,両建て推奨,12.79,32.4,2,,,,,,,,,,,
2025-10-13,丸亀,1,5,小林甘寧,B2,27.78,5,,6.0593,16.5,53,27.3,0.1909,4.1364,,,0,低,49,1,-,664,0,33.6,0.845,,,,,,1,0,0,,,E,,,0.3484,0.5545,,0.1553,D,28,1,大荒れ。見送り推奨,0.5777,"{'is_target': True, 'verdict': '参加推奨', 'max_combo_prob': 0.0951, 'est_top_odds': 14.0, 'circle_concentration': 69.0, 'eligible_count': 6, 'bet_adj': 2, 'reason': 'rel_win1=56.7%（本命度） / 最有力組み合わせ確率: 0.095（推定実オッズ?14倍） / 2着集中度: 上位2艇 69.0%（補正+0.00） / 総合判定確率: 0.095 / → ヒモ分散。1号艇1着固定で広めのヒモ流し推奨（買い目+2点）', 'tenji_trigger': '展示確認: ヒモ分散レース。1号艇伸び確認後、広めのヒモ流しを採用。穴ヒモ（5・6号艇）を積極的に含める。\n展示で1号艇スタート遅め(0.197秒)確認→ヒモが荒れやすい'}",,,27.9,両建て推奨,12.79,32.4,2,,,,,,,,,,,
2025-10-13,丸亀,1,6,三馬崇史,B1,42.86,6,△,1.4563,2.8,47,23.5,0.1798,4.0686,,,0,低,99,0,-,2 22,0,38.6,0.9439,,,,,,0.1177,0.1337,0.2514,,,C,○,,0.3831,0.611,,0.1553,D,28,1,大荒れ。見送り推奨,0.5777,"{'is_target': True, 'verdict': '参加推奨', 'max_combo_prob': 0.0951, 'est_top_odds': 14.0, 'circle_concentration': 69.0, 'eligible_count': 6, 'bet_adj': 2, 'reason': 'rel_win1=56.7%（本命度） / 最有力組み合わせ確率: 0.095（推定実オッズ?14倍） / 2着集中度: 上位2艇 69.0%（補正+0.00） / 総合判定確率: 0.095 / → ヒモ分散。1号艇1着固定で広めのヒモ流し推奨（買い目+2点）', 'tenji_trigger': '展示確認: ヒモ分散レース。1号艇伸び確認後、広めのヒモ流しを採用。穴ヒモ（5・6号艇）を積極的に含める。\n展示で1号艇スタート遅め(0.197秒)確認→ヒモが荒れやすい'}",,,27.9,両建て推奨,12.79,32.4,2,,,,,,,,,,,
2025-10-13,丸亀,2,1,加藤優弥,B1,21.05,1,◎,43.1136,,0,77.1,0.121,2.5417,,,0,低,96,0,逃0%,354,0,67.3,0.9624,0.4737,,,,,0.1068,0.4902,0.0211,◎,,D,△,,,0.6035,,0.5836,A,62,0,◎-○軸 3着3〜4艇流し（10〜15点）,0.5777,"{'is_target': False, 'verdict': '対象外', 'max_combo_prob': None, 'est_top_odds': None, 'circle_concentration': None, 'eligible_count': 0, 'bet_adj': 0, 'reason': '1号艇rel_win1 < 45%: 通常判定に委ねる', 'tenji_trigger': ''}",,,31.4,両建て推奨,20.43,35.8,2,,,,,0,0,0.7559,0,,逃げ軸流し,A
2025-10-13,丸亀,2,2,中野希一,A1,10.53,2,,20.403,51.1,61,79.5,0.1445,2.9091,,,0,低,71,0,差0% 抜0%,166,0,70.3,1.3428,0,0.2222,0,0,0.0556,0.1818,0.3636,0.0455,,,E,,,0.1335,0.5435,,0.5836,A,62,0,◎-○軸 3着3〜4艇流し（10〜15点）,0.5777,"{'is_target': False, 'verdict': '対象外', 'max_combo_prob': None, 'est_top_odds': None, 'circle_concentration': None, 'eligible_count': 0, 'bet_adj': 0, 'reason': '1号艇rel_win1 < 45%: 通常判定に委ねる', 'tenji_trigger': ''}",,,31.4,両建て推奨,20.43,35.8,2,,,,,,,,,,,
2025-10-13,丸亀,2,3,嘉手苅徹,B1,31.58,3,△,12.7223,14.9,47,26.7,0.1607,4.0333,,,0,低,87,0,ま0%,5 46,0,23.6,0.7479,0,0,0.0769,0,0,0.28,0.36,0,,,B,△,,0.1621,0.5685,,0.5836,A,62,0,◎-○軸 3着3〜4艇流し（10〜15点）,0.5777,"{'is_target': False, 'verdict': '対象外', 'max_combo_prob': None, 'est_top_odds': None, 'circle_concentration': None, 'eligible_count': 0, 'bet_adj': 0, 'reason': '1号艇rel_win1 < 45%: 通常判定に委ねる', 'tenji_trigger': ''}",,,31.4,両建て推奨,20.43,35.8,2,,,,,,,,,,,
2025-10-13,丸亀,2,4,津田陸翔,A2,40.00,4,○,15.8278,18.2,100,71.2,0.1469,3.2019,,,0,低,80,0,差0% ま0%,3226,0,90.2,1.6209,0,0.0714,0.0714,0,0,0,0.0842,0.2421,,,A,◎,◎,0.2695,0.6525,0.3748,0.5836,A,62,0,◎-○軸 3着3〜4艇流し（10〜15点）,0.5777,"{'is_target': False, 'verdict': '対象外', 'max_combo_prob': None, 'est_top_odds': None, 'circle_concentration': None, 'eligible_count': 0, 'bet_adj': 0, 'reason': '1号艇rel_win1 < 45%: 通常判定に委ねる', 'tenji_trigger': ''}",,,31.4,両建て推奨,20.43,35.8,2,,,,,,,,,,,
2025-10-13,丸亀,2,5,富田恕生,B1,40.00,5,▲,6.8614,15.4,50,46.8,0.1521,3.6702,,,0,低,88,0,-,1 25,0,70.8,1.3293,,,,,,0.1667,0.1667,0,,,A,○,,0.2865,0.64,,0.5836,A,62,0,◎-○軸 3着3〜4艇流し（10〜15点）,0.5777,"{'is_target': False, 'verdict': '対象外', 'max_combo_prob': None, 'est_top_odds': None, 'circle_concentration': None, 'eligible_count': 0, 'bet_adj': 0, 'reason': '1号艇rel_win1 < 45%: 通常判定に委ねる', 'tenji_trigger': ''}",,,31.4,両建て推奨,20.43,35.8,2,,,,,,,,,,,
2025-10-13,丸亀,2,6,上岡巧汰,B2,30.00,6,,1.072,0.3,9,1.2,0.1698,3.657,,,0,低,35,0,-,661,0,31.2,0.7889,,,,,,,,,,,C,,,0.2283,0.483,,0.5836,A,62,0,◎-○軸 3着3〜4艇流し（10〜15点）,0.5777,"{'is_target': False, 'verdict': '対象外', 'max_combo_prob': None, 'est_top_odds': None, 'circle_concentration': None, 'eligible_count': 0, 'bet_adj': 0, 'reason': '1号艇rel_win1 < 45%: 通常判定に委ねる', 'tenji_trigger': ''}",,,31.4,両建て推奨,20.43,35.8,2,,,,,,,,,,,
2025-10-13,丸亀,3,1,森　智哉,B1,50.00,1,◎,51.2279,,0,83.9,0.159,3.0161,,,0,低,64,0,逃0%,234,0,79.6,1.064,0.3333,,,,,0,0.1667,0.3333,◎,,A,◎,,,0.6105,,0.4596,A,75,0,◎-○軸 3着3〜4艇流し（10〜15点）,0.5777,"{'is_target': True, 'verdict': '参加推奨', 'max_combo_prob': 0.0675, 'est_top_odds': 19.8, 'circle_concentration': 59.4, 'eligible_count': 8, 'bet_adj': 2, 'reason': 'rel_win1=51.2%（本命度） / 最有力組み合わせ確率: 0.067（推定実オッズ?20倍） / 2着集中度: 上位2艇 59.4%（補正+0.00） / 総合判定確率: 0.067 / → ヒモ分散。1号艇1着固定で広めのヒモ流し推奨（買い目+2点）', 'tenji_trigger': '展示確認: ヒモ分散レース。1号艇伸び確認後、広めのヒモ流しを採用。穴ヒモ（5・6号艇）を積極的に含める。'}",,,28.3,逃げ狙い,16.12,30.5,4,,,,,0,0,0.7559,0,,逃げ軸流し,A
2025-10-13,丸亀,3,2,山口晃朋,B1,26.32,2,△,11.6635,21.3,60,35.3,0.1537,3.2549,,,0,低,72,0,-,1 45,0,51.6,1.1067,0,0.2222,0,0,0,0.1079,0,0.0444,,◎,D,△,,0.4055,0.6005,,0.4596,A,75,0,◎-○軸 3着3〜4艇流し（10〜15点）,0.5777,"{'is_target': True, 'verdict': '参加推奨', 'max_combo_prob': 0.0675, 'est_top_odds': 19.8, 'circle_concentration': 59.4, 'eligible_count': 8, 'bet_adj': 2, 'reason': 'rel_win1=51.2%（本命度） / 最有力組み合わせ確率: 0.067（推定実オッズ?20倍） / 2着集中度: 上位2艇 59.4%（補正+0.00） / 総合判定確率: 0.067 / → ヒモ分散。1号艇1着固定で広めのヒモ流し推奨（買い目+2点）', 'tenji_trigger': '展示確認: ヒモ分散レース。1号艇伸び確認後、広めのヒモ流しを採用。穴ヒモ（5・6号艇）を積極的に含める。'}",,,28.3,逃げ狙い,16.12,30.5,4,,,,,,,,,,,
2025-10-13,丸亀,3,3,篠原飛翔,A2,20.00,3,,10.1187,36.8,100,65.8,0.1695,3.439,,,0,低,97,0,ま0% 差ま0%,2 26,0,47.1,1.1652,0,0,0.0556,0.1111,0,0.0808,0.1423,0.0462,,,E,○,,0.2457,0.603,,0.4596,A,75,0,◎-○軸 3着3〜4艇流し（10〜15点）,0.5777,"{'is_target': True, 'verdict': '参加推奨', 'max_combo_prob': 0.0675, 'est_top_odds': 19.8, 'circle_concentration': 59.4, 'eligible_count': 8, 'bet_adj': 2, 'reason': 'rel_win1=51.2%（本命度） / 最有力組み合わせ確率: 0.067（推定実オッズ?20倍） / 2着集中度: 上位2艇 59.4%（補正+0.00） / 総合判定確率: 0.067 / → ヒモ分散。1号艇1着固定で広めのヒモ流し推奨（買い目+2点）', 'tenji_trigger': '展示確認: ヒモ分散レース。1号艇伸び確認後、広めのヒモ流しを採用。穴ヒモ（5・6号艇）を積極的に含める。'}",,,28.3,逃げ狙い,16.12,30.5,4,,,,,,,,,,,
2025-10-13,丸亀,3,4,水谷理人,B1,42.11,4,○,16.0471,22.6,78,55,0.169,3.075,,,0,低,64,0,-,134,0,43.6,0.987,0,0,0.1,0,0.05,0.0533,0.28,0.0267,,,B,,◎,0.2641,0.569,0.2762,0.4596,A,75,0,◎-○軸 3着3〜4艇流し（10〜15点）,0.5777,"{'is_target': True, 'verdict': '参加推奨', 'max_combo_prob': 0.0675, 'est_top_odds': 19.8, 'circle_concentration': 59.4, 'eligible_count': 8, 'bet_adj': 2, 'reason': 'rel_win1=51.2%（本命度） / 最有力組み合わせ確率: 0.067（推定実オッズ?20倍） / 2着集中度: 上位2艇 59.4%（補正+0.00） / 総合判定確率: 0.067 / → ヒモ分散。1号艇1着固定で広めのヒモ流し推奨（買い目+2点）', 'tenji_trigger': '展示確認: ヒモ分散レース。1号艇伸び確認後、広めのヒモ流しを採用。穴ヒモ（5・6号艇）を積極的に含める。'}",,,28.3,逃げ狙い,16.12,30.5,4,,,,,,,,,,,
2025-10-13,丸亀,3,5,高井雄基,A1,33.33,5,▲,8.8751,18.9,51,50,0.1514,3.7639,,,0,低,86,0,差ま0%,3451,0,87.2,1.5057,0,0,0,0.1176,0,0,0.0889,0.0444,,,C,△,,0.3246,0.579,,0.4596,A,75,0,◎-○軸 3着3〜4艇流し（10〜15点）,0.5777,"{'is_target': True, 'verdict': '参加推奨', 'max_combo_prob': 0.0675, 'est_top_odds': 19.8, 'circle_concentration': 59.4, 'eligible_count': 8, 'bet_adj': 2, 'reason': 'rel_win1=51.2%（本命度） / 最有力組み合わせ確率: 0.067（推定実オッズ?20倍） / 2着集中度: 上位2艇 59.4%（補正+0.00） / 総合判定確率: 0.067 / → ヒモ分散。1号艇1着固定で広めのヒモ流し推奨（買い目+2点）', 'tenji_trigger': '展示確認: ヒモ分散レース。1号艇伸び確認後、広めのヒモ流しを採用。穴ヒモ（5・6号艇）を積極的に含める。'}",,,28.3,逃げ狙い,16.12,30.5,4,,,,,,,,,,,
2025-10-13,丸亀,3,6,宮崎心之,B1,29.41,6,,2.0677,0.4,29,11,0.1963,4.1098,,,0,低,60,0,差ま0%,4 65,0,28,0.8178,0,0,0,0.0238,0,0,0.2,0.2,,,D,,,0.1588,0.549,,0.4596,A,75,0,◎-○軸 3着3〜4艇流し（10〜15点）,0.5777,"{'is_target': True, 'verdict': '参加推奨', 'max_combo_prob': 0.0675, 'est_top_odds': 19.8, 'circle_concentration': 59.4, 'eligible_count': 8, 'bet_adj': 2, 'reason': 'rel_win1=51.2%（本命度） / 最有力組み合わせ確率: 0.067（推定実オッズ?20倍） / 2着集中度: 上位2艇 59.4%（補正+0.00） / 総合判定確率: 0.067 / → ヒモ分散。1号艇1着固定で広めのヒモ流し推奨（買い目+2点）', 'tenji_trigger': '展示確認: ヒモ分散レース。1号艇伸び確認後、広めのヒモ流しを採用。穴ヒモ（5・6号艇）を積極的に含める。'}",,,28.3,逃げ狙い,16.12,30.5,4,,,,,,,,,,,
2025-10-13,丸亀,4,1,芝田京介,B1,28.57,1,◎,43.6465,,0,60.7,0.1893,3.4286,,,0,低,102,0,-,243,0,55.5,0.7953,0,,,,,0.4167,0.25,0.0833,△,,D,△,,,0.5915,,0.2532,C,44,0,荒れ傾向。高配当狙いか見送り,0.5777,"{'is_target': False, 'verdict': '対象外', 'max_combo_prob': None, 'est_top_odds': None, 'circle_concentration': None, 'eligible_count': 0, 'bet_adj': 0, 'reason': '1号艇rel_win1 < 45%: 通常判定に委ねる', 'tenji_trigger': ''}",,,38.9,両建て推奨,18.5,44.6,3,2-1-3|1-2-4|1-3-4|1-2-3|1-4-3|1-3-2,6-1-4|5-1-6|6-1-3|6-4-1|5-6-1|2-1-3|6-4-3|1-2-4|1-3-4|1-2-3|1-4-3|1-3-2,2-1-3:2.6%|1-2-4:8.86%|1-3-4:8.65%|1-2-3:7.4%|1-4-3:6.17%|1-3-2:6.04%,2-1-3:B_main|1-2-4:A|1-3-4:A|1-2-3:A|1-4-3:A|1-3-2:A,6,12,0.4535,1,[!]見送り推奨（主役決まり手「差し」― 逃げ劣勢レースで的中実績なし）,荒れ広め,D
2025-10-13,丸亀,4,2,坂井滉哉,B1,33.33,2,▲,11.623,27.8,65,31.8,0.16,3.5114,,,0,低,72,0,差0% ま0%,451,0,19.6,0.5772,0,0.04,0.04,0,0,0.0667,0.0667,0.3067,,◎,C,△,,0.6205,0.618,,0.2532,C,44,0,荒れ傾向。高配当狙いか見送り,0.5777,"{'is_target': False, 'verdict': '対象外', 'max_combo_prob': None, 'est_top_odds': None, 'circle_concentration': None, 'eligible_count': 0, 'bet_adj': 0, 'reason': '1号艇rel_win1 < 45%: 通常判定に委ねる', 'tenji_trigger': ''}",,,38.9,両建て推奨,18.5,44.6,3,,,,,,,,,,,
2025-10-13,丸亀,4,3,大原祥昌,A2,17.65,3,,19.4978,35.6,90,62.2,0.1276,2.4865,,,0,低,48,0,差ま0% 抜0%,256,0,80.4,1.3987,0,0,0,0.1,0.1,0,0.1818,0,,○,E,◎,,0.5248,0.651,,0.2532,C,44,0,荒れ傾向。高配当狙いか見送り,0.5777,"{'is_target': False, 'verdict': '対象外', 'max_combo_prob': None, 'est_top_odds': None, 'circle_concentration': None, 'eligible_count': 0, 'bet_adj': 0, 'reason': '1号艇rel_win1 < 45%: 通常判定に委ねる', 'tenji_trigger': ''}",,,38.9,両建て推奨,18.5,44.6,3,,,,,,,,,,,
2025-10-13,丸亀,4,4,濱野斗馬,A1,21.05,4,,14.8358,26.5,100,66.7,0.1374,2.0741,,,0,低,40,0,ま0%,314,0,65.4,0.7289,0,0,0.0625,0.125,0,0.0968,0,0.0323,,△,E,○,◎,0.5197,0.638,0.4663,0.2532,C,44,0,荒れ傾向。高配当狙いか見送り,0.5777,"{'is_target': False, 'verdict': '対象外', 'max_combo_prob': None, 'est_top_odds': None, 'circle_concentration': None, 'eligible_count': 0, 'bet_adj': 0, 'reason': '1号艇rel_win1 < 45%: 通常判定に委ねる', 'tenji_trigger': ''}",,,38.9,両建て推奨,18.5,44.6,3,,,,,,,,,,,
2025-10-13,丸亀,4,5,岡　暢祐,B1,44.44,5,○,6.6047,4.7,40,14.3,0.1866,3.9554,,,0,低,120,0,-,143,0,37,1.0852,,,,,,0.1667,0.0833,0.1667,,,A,,,0.3566,0.5595,,0.2532,C,44,0,荒れ傾向。高配当狙いか見送り,0.5777,"{'is_target': False, 'verdict': '対象外', 'max_combo_prob': None, 'est_top_odds': None, 'circle_concentration': None, 'eligible_count': 0, 'bet_adj': 0, 'reason': '1号艇rel_win1 < 45%: 通常判定に委ねる', 'tenji_trigger': ''}",,,38.9,両建て推奨,18.5,44.6,3,,,,,,,,,,,
2025-10-13,丸亀,4,6,金子龍斗,B1,42.11,6,△,3.7923,5.3,61,31.8,0.1605,3.3882,,,0,低,82,0,差ま0%,4 15,0,75.4,1.28,0,0,0,0.0385,0,0.1473,0.3802,0,,,B,,,0.4092,0.508,,0.2532,C,44,0,荒れ傾向。高配当狙いか見送り,0.5777,"{'is_target': False, 'verdict': '対象外', 'max_combo_prob': None, 'est_top_odds': None, 'circle_concentration': None, 'eligible_count': 0, 'bet_adj': 0, 'reason': '1号艇rel_win1 < 45%: 通常判定に委ねる', 'tenji_trigger': ''}",,,38.9,両建て推奨,18.5,44.6,3,,,,,,,,,,,
2025-10-13,丸亀,5,1,浦野　海,A2,17.65,1,◎,48.7328,,0,82.3,0.1265,2.2353,,,0,低,75,0,逃1%,433,0,70.7,1.0378,0.5556,,,,,0,0.1111,0.1422,◎,,D,,,,0.579,,0.6279,A,67,0,◎-○軸 3着3〜4艇流し（10〜15点）,0.5777,"{'is_target': True, 'verdict': '点数絞り', 'max_combo_prob': 0.0965, 'est_top_odds': 13.8, 'circle_concentration': 73.0, 'eligible_count': 8, 'bet_adj': 0, 'reason': 'rel_win1=48.7%（本命度） / 最有力組み合わせ確率: 0.097（推定実オッズ?14倍） / 2着集中度: 上位2艇 73.0%（補正+0.04） / 総合判定確率: 0.137 / → ヒモはやや固め。上位2艇以外を切ること', 'tenji_trigger': '展示確認: 1号艇伸び良→そのまま採用。悪→飛び組に差し替え。circle_pct上位2艇に絞り込むこと。\n展示で1号艇スタート超安定(0.127秒)→ヒモ固まり方向に注意'}",,,28.6,逃げ狙い,22.02,26.5,4,,,,,0,0,0.7559,0,,逃げ軸流し,A
2025-10-13,丸亀,5,2,中村泰平,A1,71.43,2,▲,14.0147,46.9,71,72.2,0.1586,3.1806,,,0,低,80,0,ま0%,2422,0,53.1,1.1671,0,0,0.125,0,0,0.1864,0.0182,0.0364,,,A,△,,0.0681,0.6085,,0.6279,A,67,0,◎-○軸 3着3〜4艇流し（10〜15点）,0.5777,"{'is_target': True, 'verdict': '点数絞り', 'max_combo_prob': 0.0965, 'est_top_odds': 13.8, 'circle_concentration': 73.0, 'eligible_count': 8, 'bet_adj': 0, 'reason': 'rel_win1=48.7%（本命度） / 最有力組み合わせ確率: 0.097（推定実オッズ?14倍） / 2着集中度: 上位2艇 73.0%（補正+0.04） / 総合判定確率: 0.137 / → ヒモはやや固め。上位2艇以外を切ること', 'tenji_trigger': '展示確認: 1号艇伸び良→そのまま採用。悪→飛び組に差し替え。circle_pct上位2艇に絞り込むこと。\n展示で1号艇スタート超安定(0.127秒)→ヒモ固まり方向に注意'}",,,28.6,逃げ狙い,22.02,26.5,4,,,,,,,,,,,
2025-10-13,丸亀,5,3,村松栄太,B1,10.53,3,,9.1099,26,47,42.4,0.1563,3.2712,,,0,低,99,0,ま0%,6 65,0,25.8,0.8337,0,0,0.0385,0,0,0.1808,0.0923,0.0308,,,E,△,,0.133,0.5975,,0.6279,A,67,0,◎-○軸 3着3〜4艇流し（10〜15点）,0.5777,"{'is_target': True, 'verdict': '点数絞り', 'max_combo_prob': 0.0965, 'est_top_odds': 13.8, 'circle_concentration': 73.0, 'eligible_count': 8, 'bet_adj': 0, 'reason': 'rel_win1=48.7%（本命度） / 最有力組み合わせ確率: 0.097（推定実オッズ?14倍） / 2着集中度: 上位2艇 73.0%（補正+0.04） / 総合判定確率: 0.137 / → ヒモはやや固め。上位2艇以外を切ること', 'tenji_trigger': '展示確認: 1号艇伸び良→そのまま採用。悪→飛び組に差し替え。circle_pct上位2艇に絞り込むこと。\n展示で1号艇スタート超安定(0.127秒)→ヒモ固まり方向に注意'}",,,28.6,逃げ狙い,22.02,26.5,4,,,,,,,,,,,
2025-10-13,丸亀,5,4,宮脇遼太,A2,50.00,4,○,21.1946,13.6,100,64.4,0.1378,2.5,,,0,低,70,0,ま0% 差ま0%,3 21,0,93.5,1.7389,0,0,0.375,0.125,0,0.1906,0,0.0706,,,A,,◎,0.3448,0.5925,0.4597,0.6279,A,67,0,◎-○軸 3着3〜4艇流し（10〜15点）,0.5777,"{'is_target': True, 'verdict': '点数絞り', 'max_combo_prob': 0.0965, 'est_top_odds': 13.8, 'circle_concentration': 73.0, 'eligible_count': 8, 'bet_adj': 0, 'reason': 'rel_win1=48.7%（本命度） / 最有力組み合わせ確率: 0.097（推定実オッズ?14倍） / 2着集中度: 上位2艇 73.0%（補正+0.04） / 総合判定確率: 0.137 / → ヒモはやや固め。上位2艇以外を切ること', 'tenji_trigger': '展示確認: 1号艇伸び良→そのまま採用。悪→飛び組に差し替え。circle_pct上位2艇に絞り込むこと。\n展示で1号艇スタート超安定(0.127秒)→ヒモ固まり方向に注意'}",,,28.6,逃げ狙い,22.02,26.5,4,,,,,,,,,,,
2025-10-13,丸亀,5,5,澁川　夏,B1,42.11,5,△,4.7442,9.6,48,29.7,0.1551,3.2432,,,0,低,68,0,-,5 34,0,36.7,0.8771,,,,,,,,,,,B,◎,,0.2096,0.625,,0.6279,A,67,0,◎-○軸 3着3〜4艇流し（10〜15点）,0.5777,"{'is_target': True, 'verdict': '点数絞り', 'max_combo_prob': 0.0965, 'est_top_odds': 13.8, 'circle_concentration': 73.0, 'eligible_count': 8, 'bet_adj': 0, 'reason': 'rel_win1=48.7%（本命度） / 最有力組み合わせ確率: 0.097（推定実オッズ?14倍） / 2着集中度: 上位2艇 73.0%（補正+0.04） / 総合判定確率: 0.137 / → ヒモはやや固め。上位2艇以外を切ること', 'tenji_trigger': '展示確認: 1号艇伸び良→そのまま採用。悪→飛び組に差し替え。circle_pct上位2艇に絞り込むこと。\n展示で1号艇スタート超安定(0.127秒)→ヒモ固まり方向に注意'}",,,28.6,逃げ狙い,22.02,26.5,4,,,,,,,,,,,
2025-10-13,丸亀,5,6,本村　大,B1,11.76,6,,2.2039,3.8,42,15,0.1915,4.15,,,0,低,117,0,差ま0%,5 55,0,28.5,0.8,0,0,0,0.0526,0,0.0667,0,0.1444,,,E,○,,0.1087,0.617,,0.6279,A,67,0,◎-○軸 3着3〜4艇流し（10〜15点）,0.5777,"{'is_target': True, 'verdict': '点数絞り', 'max_combo_prob': 0.0965, 'est_top_odds': 13.8, 'circle_concentration': 73.0, 'eligible_count': 8, 'bet_adj': 0, 'reason': 'rel_win1=48.7%（本命度） / 最有力組み合わせ確率: 0.097（推定実オッズ?14倍） / 2着集中度: 上位2艇 73.0%（補正+0.04） / 総合判定確率: 0.137 / → ヒモはやや固め。上位2艇以外を切ること', 'tenji_trigger': '展示確認: 1号艇伸び良→そのまま採用。悪→飛び組に差し替え。circle_pct上位2艇に絞り込むこと。\n展示で1号艇スタート超安定(0.127秒)→ヒモ固まり方向に注意'}",,,28.6,逃げ狙い,22.02,26.5,4,,,,,,,,,,,
2025-10-13,丸亀,6,1,原田雄次,A2,12.00,1,◎,56.8059,,0,70,0.1683,3.3167,,,0,低,136,0,逃1%,342,0,58.1,0.7979,0.25,,,,,0,0.25,0.375,○,,E,,,,0.5155,,0.3342,B,57,0,◎○△フォーメーション（15〜20点）,0.5777,"{'is_target': True, 'verdict': '参加推奨', 'max_combo_prob': 0.0714, 'est_top_odds': 18.7, 'circle_concentration': 62.0, 'eligible_count': 9, 'bet_adj': 2, 'reason': 'rel_win1=56.8%（本命度） / 最有力組み合わせ確率: 0.071（推定実オッズ?19倍） / 2着集中度: 上位2艇 62.0%（補正+0.00） / 総合判定確率: 0.071 / → ヒモ分散。1号艇1着固定で広めのヒモ流し推奨（買い目+2点）', 'tenji_trigger': '展示確認: ヒモ分散レース。1号艇伸び確認後、広めのヒモ流しを採用。穴ヒモ（5・6号艇）を積極的に含める。'}",,,22.6,両建て推奨,10.24,33.7,3,,,,,0,0,0.6155,0,,主役軸流し,B
2025-10-13,丸亀,6,2,網代良芽,B1,20.00,2,,12.3789,40.2,87,25,0.1967,4.4167,,,0,低,76,1,-,3 34,0,15.4,0.5471,,,,,,0.2389,0.2833,0.4778,,,E,△,,0.0775,0.5435,,0.3342,B,57,0,◎○△フォーメーション（15〜20点）,0.5777,"{'is_target': True, 'verdict': '参加推奨', 'max_combo_prob': 0.0714, 'est_top_odds': 18.7, 'circle_concentration': 62.0, 'eligible_count': 9, 'bet_adj': 2, 'reason': 'rel_win1=56.8%（本命度） / 最有力組み合わせ確率: 0.071（推定実オッズ?19倍） / 2着集中度: 上位2艇 62.0%（補正+0.00） / 総合判定確率: 0.071 / → ヒモ分散。1号艇1着固定で広めのヒモ流し推奨（買い目+2点）', 'tenji_trigger': '展示確認: ヒモ分散レース。1号艇伸び確認後、広めのヒモ流しを採用。穴ヒモ（5・6号艇）を積極的に含める。'}",,,22.6,両建て推奨,10.24,33.7,3,,,,,,,,,,,
2025-10-13,丸亀,6,3,田村　慶,A2,52.17,3,○,15.4799,21.8,88,48.9,0.1718,4.0111,,,0,低,93,0,ま0%,2 63,0,55.4,1.1098,0,0,0.1111,0,0,0,0,0,,,A,△,,0.2825,0.5845,,0.3342,B,57,0,◎○△フォーメーション（15〜20点）,0.5777,"{'is_target': True, 'verdict': '参加推奨', 'max_combo_prob': 0.0714, 'est_top_odds': 18.7, 'circle_concentration': 62.0, 'eligible_count': 9, 'bet_adj': 2, 'reason': 'rel_win1=56.8%（本命度） / 最有力組み合わせ確率: 0.071（推定実オッズ?19倍） / 2着集中度: 上位2艇 62.0%（補正+0.00） / 総合判定確率: 0.071 / → ヒモ分散。1号艇1着固定で広めのヒモ流し推奨（買い目+2点）', 'tenji_trigger': '展示確認: ヒモ分散レース。1号艇伸び確認後、広めのヒモ流しを採用。穴ヒモ（5・6号艇）を積極的に含める。'}",,,22.6,両建て推奨,10.24,33.7,3,,,,,,,,,,,
2025-10-13,丸亀,6,4,川崎智稔,B1,40.00,4,▲,8.6996,19.8,96,44.9,0.1171,2.4694,,,0,低,62,0,-,565,0,28.9,0.4713,0,0,0.0385,0,0,0.2267,0.1733,0.0267,,◎,B,◎,,0.4586,0.6335,,0.3342,B,57,0,◎○△フォーメーション（15〜20点）,0.5777,"{'is_target': True, 'verdict': '参加推奨', 'max_combo_prob': 0.0714, 'est_top_odds': 18.7, 'circle_concentration': 62.0, 'eligible_count': 9, 'bet_adj': 2, 'reason': 'rel_win1=56.8%（本命度） / 最有力組み合わせ確率: 0.071（推定実オッズ?19倍） / 2着集中度: 上位2艇 62.0%（補正+0.00） / 総合判定確率: 0.071 / → ヒモ分散。1号艇1着固定で広めのヒモ流し推奨（買い目+2点）', 'tenji_trigger': '展示確認: ヒモ分散レース。1号艇伸び確認後、広めのヒモ流しを採用。穴ヒモ（5・6号艇）を積極的に含める。'}",,,22.6,両建て推奨,10.24,33.7,3,,,,,,,,,,,
2025-10-13,丸亀,6,5,佐々木翔,A1,42.86,5,△,4.0669,16.3,100,55.3,0.1766,3.8085,,,0,低,101,0,-,1 44,0,84.2,1.394,,,,,,0.0387,0.1373,0.1502,,,B,○,,0.2871,0.5985,,0.3342,B,57,0,◎○△フォーメーション（15〜20点）,0.5777,"{'is_target': True, 'verdict': '参加推奨', 'max_combo_prob': 0.0714, 'est_top_odds': 18.7, 'circle_concentration': 62.0, 'eligible_count': 9, 'bet_adj': 2, 'reason': 'rel_win1=56.8%（本命度） / 最有力組み合わせ確率: 0.071（推定実オッズ?19倍） / 2着集中度: 上位2艇 62.0%（補正+0.00） / 総合判定確率: 0.071 / → ヒモ分散。1号艇1着固定で広めのヒモ流し推奨（買い目+2点）', 'tenji_trigger': '展示確認: ヒモ分散レース。1号艇伸び確認後、広めのヒモ流しを採用。穴ヒモ（5・6号艇）を積極的に含める。'}",,,22.6,両建て推奨,10.24,33.7,3,,,,,,,,,,,
2025-10-13,丸亀,6,6,山下心一,B2,36.84,6,,2.5688,1.9,36,11.9,0.1823,3.7321,,,0,低,60,0,-,6 66,0,22.7,0.5617,0,0,0,0,0.0208,,,,,,C,,,0.2655,0.494,,0.3342,B,57,0,◎○△フォーメーション（15〜20点）,0.5777,"{'is_target': True, 'verdict': '参加推奨', 'max_combo_prob': 0.0714, 'est_top_odds': 18.7, 'circle_concentration': 62.0, 'eligible_count': 9, 'bet_adj': 2, 'reason': 'rel_win1=56.8%（本命度） / 最有力組み合わせ確率: 0.071（推定実オッズ?19倍） / 2着集中度: 上位2艇 62.0%（補正+0.00） / 総合判定確率: 0.071 / → ヒモ分散。1号艇1着固定で広めのヒモ流し推奨（買い目+2点）', 'tenji_trigger': '展示確認: ヒモ分散レース。1号艇伸び確認後、広めのヒモ流しを採用。穴ヒモ（5・6号艇）を積極的に含める。'}",,,22.6,両建て推奨,10.24,33.7,3,,,,,,,,,,,
2025-10-13,丸亀,7,1,津田陸翔,A2,40.00,1,◎,61.1575,,0,94.9,0.1782,3.7821,,,0,低,80,0,逃1%,3226,0,89.7,1.2159,0.5789,,,,,0,0.0842,0.2421,○,,B,○,,,0.6525,,0.3621,S,100,0,◎1着固定 2-3着流し（5〜8点）,0.5777,"{'is_target': True, 'verdict': '参加推奨', 'max_combo_prob': 0.1006, 'est_top_odds': 13.3, 'circle_concentration': 69.3, 'eligible_count': 6, 'bet_adj': 2, 'reason': 'rel_win1=61.2%（本命度） / 最有力組み合わせ確率: 0.101（推定実オッズ?13倍） / 2着集中度: 上位2艇 69.3%（補正+0.00） / 総合判定確率: 0.101 / → ヒモ分散。1号艇1着固定で広めのヒモ流し推奨（買い目+2点）', 'tenji_trigger': '展示確認: ヒモ分散レース。1号艇伸び確認後、広めのヒモ流しを採用。穴ヒモ（5・6号艇）を積極的に含める。'}",,,27.4,逃げ狙い,16.59,27.5,3,,,,,0,0,0.6155,0,,逃げ軸流し,A
2025-10-13,丸亀,7,2,佐藤太亮,B1,38.89,2,△,8.9435,47,63,49,0.1631,3.5784,,,0,低,72,0,差0% ま0%,5 13,0,42.8,0.8162,0,0.0714,0.0714,0,0,0,0.3333,0.3333,,○,C,△,,0.4672,0.6,,0.3621,S,100,0,◎1着固定 2-3着流し（5〜8点）,0.5777,"{'is_target': True, 'verdict': '参加推奨', 'max_combo_prob': 0.1006, 'est_top_odds': 13.3, 'circle_concentration': 69.3, 'eligible_count': 6, 'bet_adj': 2, 'reason': 'rel_win1=61.2%（本命度） / 最有力組み合わせ確率: 0.101（推定実オッズ?13倍） / 2着集中度: 上位2艇 69.3%（補正+0.00） / 総合判定確率: 0.101 / → ヒモ分散。1号艇1着固定で広めのヒモ流し推奨（買い目+2点）', 'tenji_trigger': '展示確認: ヒモ分散レース。1号艇伸び確認後、広めのヒモ流しを採用。穴ヒモ（5・6号艇）を積極的に含める。'}",,,27.4,逃げ狙い,16.59,27.5,3,,,,,,,,,,,
2025-10-13,丸亀,7,3,眞鳥章太,A2,40.00,3,▲,16.0748,22.2,100,62.5,0.1473,2.8359,,,0,低,108,0,差0% ま0% 差ま0%,1333,0,65.1,1.3321,0,0.0968,0.0968,0.1613,0,0.0364,0.0364,0.0721,,◎,B,△,,0.4768,0.6335,,0.3621,S,100,0,◎1着固定 2-3着流し（5〜8点）,0.5777,"{'is_target': True, 'verdict': '参加推奨', 'max_combo_prob': 0.1006, 'est_top_odds': 13.3, 'circle_concentration': 69.3, 'eligible_count': 6, 'bet_adj': 2, 'reason': 'rel_win1=61.2%（本命度） / 最有力組み合わせ確率: 0.101（推定実オッズ?13倍） / 2着集中度: 上位2艇 69.3%（補正+0.00） / 総合判定確率: 0.101 / → ヒモ分散。1号艇1着固定で広めのヒモ流し推奨（買い目+2点）', 'tenji_trigger': '展示確認: ヒモ分散レース。1号艇伸び確認後、広めのヒモ流しを採用。穴ヒモ（5・6号艇）を積極的に含める。'}",,,27.4,逃げ狙い,16.59,27.5,3,,,,,,,,,,,
2025-10-13,丸亀,7,4,常盤海心,B1,31.25,4,,4.0168,12.1,87,39.5,0.2026,4.2442,,,0,低,136,0,-,2 53,0,17.3,0.5849,,,,,,0.0667,0.6,0.2667,,,D,,,0.2138,0.592,,0.3621,S,100,0,◎1着固定 2-3着流し（5〜8点）,0.5777,"{'is_target': True, 'verdict': '参加推奨', 'max_combo_prob': 0.1006, 'est_top_odds': 13.3, 'circle_concentration': 69.3, 'eligible_count': 6, 'bet_adj': 2, 'reason': 'rel_win1=61.2%（本命度） / 最有力組み合わせ確率: 0.101（推定実オッズ?13倍） / 2着集中度: 上位2艇 69.3%（補正+0.00） / 総合判定確率: 0.101 / → ヒモ分散。1号艇1着固定で広めのヒモ流し推奨（買い目+2点）', 'tenji_trigger': '展示確認: ヒモ分散レース。1号艇伸び確認後、広めのヒモ流しを採用。穴ヒモ（5・6号艇）を積極的に含める。'}",,,27.4,逃げ狙い,16.59,27.5,3,,,,,,,,,,,
2025-10-13,丸亀,7,5,板橋侑我,A1,63.64,5,○,7.3269,15.3,69,53.6,0.1454,3.25,,,0,低,35,0,-,631,0,88,1.5702,,,,,,,,,,△,A,◎,,0.4144,0.6715,,0.3621,S,100,0,◎1着固定 2-3着流し（5〜8点）,0.5777,"{'is_target': True, 'verdict': '参加推奨', 'max_combo_prob': 0.1006, 'est_top_odds': 13.3, 'circle_concentration': 69.3, 'eligible_count': 6, 'bet_adj': 2, 'reason': 'rel_win1=61.2%（本命度） / 最有力組み合わせ確率: 0.101（推定実オッズ?13倍） / 2着集中度: 上位2艇 69.3%（補正+0.00） / 総合判定確率: 0.101 / → ヒモ分散。1号艇1着固定で広めのヒモ流し推奨（買い目+2点）', 'tenji_trigger': '展示確認: ヒモ分散レース。1号艇伸び確認後、広めのヒモ流しを採用。穴ヒモ（5・6号艇）を積極的に含める。'}",,,27.4,逃げ狙い,16.59,27.5,3,,,,,,,,,,,
2025-10-13,丸亀,7,6,小林甘寧,B2,27.78,6,,2.4805,3.3,30,13.1,0.1705,3.6776,,,0,低,49,0,差ま0%,664,0,37.4,0.8733,0,0,0,0.04,0,1,0,0,,,E,,,0.3049,0.5545,,0.3621,S,100,0,◎1着固定 2-3着流し（5〜8点）,0.5777,"{'is_target': True, 'verdict': '参加推奨', 'max_combo_prob': 0.1006, 'est_top_odds': 13.3, 'circle_concentration': 69.3, 'eligible_count': 6, 'bet_adj': 2, 'reason': 'rel_win1=61.2%（本命度） / 最有力組み合わせ確率: 0.101（推定実オッズ?13倍） / 2着集中度: 上位2艇 69.3%（補正+0.00） / 総合判定確率: 0.101 / → ヒモ分散。1号艇1着固定で広めのヒモ流し推奨（買い目+2点）', 'tenji_trigger': '展示確認: ヒモ分散レース。1号艇伸び確認後、広めのヒモ流しを採用。穴ヒモ（5・6号艇）を積極的に含める。'}",,,27.4,逃げ狙い,16.59,27.5,3,,,,,,,,,,,
2025-10-13,丸亀,8,1,上田健太,A1,33.33,1,◎,64.2963,,0,90.4,0.1675,3.3846,,,0,低,121,0,逃1%,1 31,0,89,1.1816,0.6,,,,,0.1337,0.048,0.1177,◎,,C,△,,,0.6005,,0.4906,S,86,0,◎1着固定 2-3着流し（5〜8点）,0.5777,"{'is_target': True, 'verdict': '点数絞り', 'max_combo_prob': 0.1318, 'est_top_odds': 10.1, 'circle_concentration': 72.7, 'eligible_count': 6, 'bet_adj': 0, 'reason': 'rel_win1=64.3%（本命度） / 最有力組み合わせ確率: 0.132（推定実オッズ?10倍） / 2着集中度: 上位2艇 72.7%（補正+0.04） / 総合判定確率: 0.172 / → ヒモはやや固め。上位2艇以外を切ること', 'tenji_trigger': '展示確認: 1号艇伸び良→そのまま採用。悪→飛び組に差し替え。circle_pct上位2艇に絞り込むこと。'}",,,27.4,逃げ狙い,14.63,29.2,2,,,,,0,0,0.7559,0,,逃げ軸流し,A
2025-10-13,丸亀,8,2,藤原仙二,A2,72.22,2,○,15.2903,46.5,52,51.2,0.201,3.8902,,,0,低,93,0,差0% ま0%,4112,0,40.1,0.8897,0,0.1176,0.0588,0,0,0,0.08,0.28,,,A,,,0.0946,0.577,,0.4906,S,86,0,◎1着固定 2-3着流し（5〜8点）,0.5777,"{'is_target': True, 'verdict': '点数絞り', 'max_combo_prob': 0.1318, 'est_top_odds': 10.1, 'circle_concentration': 72.7, 'eligible_count': 6, 'bet_adj': 0, 'reason': 'rel_win1=64.3%（本命度） / 最有力組み合わせ確率: 0.132（推定実オッズ?10倍） / 2着集中度: 上位2艇 72.7%（補正+0.04） / 総合判定確率: 0.172 / → ヒモはやや固め。上位2艇以外を切ること', 'tenji_trigger': '展示確認: 1号艇伸び良→そのまま採用。悪→飛び組に差し替え。circle_pct上位2艇に絞り込むこと。'}",,,27.4,逃げ狙い,14.63,29.2,2,,,,,,,,,,,
2025-10-13,丸亀,8,3,芝田京介,B1,28.57,3,△,6.3939,26.1,45,28.6,0.1738,3.4643,,,0,低,102,0,ま0%,243,0,18.8,0.6035,0,0,0.0476,0,0,0.4167,0.25,0.0833,,,D,△,,0.2642,0.5915,,0.4906,S,86,0,◎1着固定 2-3着流し（5〜8点）,0.5777,"{'is_target': True, 'verdict': '点数絞り', 'max_combo_prob': 0.1318, 'est_top_odds': 10.1, 'circle_concentration': 72.7, 'eligible_count': 6, 'bet_adj': 0, 'reason': 'rel_win1=64.3%（本命度） / 最有力組み合わせ確率: 0.132（推定実オッズ?10倍） / 2着集中度: 上位2艇 72.7%（補正+0.04） / 総合判定確率: 0.172 / → ヒモはやや固め。上位2艇以外を切ること', 'tenji_trigger': '展示確認: 1号艇伸び良→そのまま採用。悪→飛び組に差し替え。circle_pct上位2艇に絞り込むこと。'}",,,27.4,逃げ狙い,14.63,29.2,2,,,,,,,,,,,
2025-10-13,丸亀,8,4,篠原飛翔,A2,20.00,4,,9.4987,20.5,72,54.4,0.1674,3.8043,,,0,低,97,0,-,2 26,0,42,0.8457,0,0.0769,0.0769,0.0769,0,0.0808,0.1423,0.0462,,,E,○,◎,0.3117,0.603,0.3756,0.4906,S,86,0,◎1着固定 2-3着流し（5〜8点）,0.5777,"{'is_target': True, 'verdict': '点数絞り', 'max_combo_prob': 0.1318, 'est_top_odds': 10.1, 'circle_concentration': 72.7, 'eligible_count': 6, 'bet_adj': 0, 'reason': 'rel_win1=64.3%（本命度） / 最有力組み合わせ確率: 0.132（推定実オッズ?10倍） / 2着集中度: 上位2艇 72.7%（補正+0.04） / 総合判定確率: 0.172 / → ヒモはやや固め。上位2艇以外を切ること', 'tenji_trigger': '展示確認: 1号艇伸び良→そのまま採用。悪→飛び組に差し替え。circle_pct上位2艇に絞り込むこと。'}",,,27.4,逃げ狙い,14.63,29.2,2,,,,,,,,,,,
2025-10-13,丸亀,8,5,加藤優弥,B1,21.05,5,,3.358,6.4,100,49,0.1837,3.6765,,,0,低,96,0,差ま0%,354,0,71.9,1.3007,0,0,0,0.0625,0,0.1068,0.4902,0.0211,,,E,◎,,0.2424,0.6035,,0.4906,S,86,0,◎1着固定 2-3着流し（5〜8点）,0.5777,"{'is_target': True, 'verdict': '点数絞り', 'max_combo_prob': 0.1318, 'est_top_odds': 10.1, 'circle_concentration': 72.7, 'eligible_count': 6, 'bet_adj': 0, 'reason': 'rel_win1=64.3%（本命度） / 最有力組み合わせ確率: 0.132（推定実オッズ?10倍） / 2着集中度: 上位2艇 72.7%（補正+0.04） / 総合判定確率: 0.172 / → ヒモはやや固め。上位2艇以外を切ること', 'tenji_trigger': '展示確認: 1号艇伸び良→そのまま採用。悪→飛び組に差し替え。circle_pct上位2艇に絞り込むこと。'}",,,27.4,逃げ狙い,14.63,29.2,2,,,,,,,,,,,
2025-10-13,丸亀,8,6,有山　望,B2,47.37,6,▲,1.1627,0.4,10,3.2,0.1751,3.8175,,,0,低,45,0,-,556,0,33.3,0.8422,,,,,,,,,,,B,,,0.2961,0.4945,,0.4906,S,86,0,◎1着固定 2-3着流し（5〜8点）,0.5777,"{'is_target': True, 'verdict': '点数絞り', 'max_combo_prob': 0.1318, 'est_top_odds': 10.1, 'circle_concentration': 72.7, 'eligible_count': 6, 'bet_adj': 0, 'reason': 'rel_win1=64.3%（本命度） / 最有力組み合わせ確率: 0.132（推定実オッズ?10倍） / 2着集中度: 上位2艇 72.7%（補正+0.04） / 総合判定確率: 0.172 / → ヒモはやや固め。上位2艇以外を切ること', 'tenji_trigger': '展示確認: 1号艇伸び良→そのまま採用。悪→飛び組に差し替え。circle_pct上位2艇に絞り込むこと。'}",,,27.4,逃げ狙い,14.63,29.2,2,,,,,,,,,,,
2025-10-13,丸亀,9,1,砂長知輝,A1,29.41,1,◎,58.8501,,0,91.4,0.1451,2.8714,,,0,低,57,0,逃0%,4251,0,89.6,1.1709,0.5,,,,,0,0.2,0.025,◎,,C,◎,,,0.6395,,0.5498,S,97,0,◎1着固定 2-3着流し（5〜8点）,0.5777,"{'is_target': True, 'verdict': '点数絞り', 'max_combo_prob': 0.1311, 'est_top_odds': 10.2, 'circle_concentration': 74.5, 'eligible_count': 6, 'bet_adj': 0, 'reason': 'rel_win1=58.9%（本命度） / 最有力組み合わせ確率: 0.131（推定実オッズ?10倍） / 2着集中度: 上位2艇 74.5%（補正+0.04） / 総合判定確率: 0.171 / → ヒモはやや固め。上位2艇以外を切ること', 'tenji_trigger': '展示確認: 1号艇伸び良→そのまま採用。悪→飛び組に差し替え。circle_pct上位2艇に絞り込むこと。'}",,,28.4,逃げ狙い,22.22,25.6,2,,,,,0,0,0.7559,0,,逃げ軸流し,A
2025-10-13,丸亀,9,2,西岡顕心,A1,11.76,2,,15.4779,60.6,86,80,0.1503,3.05,,,0,低,55,0,差0%,1213,0,39.9,0.9134,0,0.1,0,0,0,0,0.0714,0,,,E,○,,0.2702,0.6245,,0.5498,S,97,0,◎1着固定 2-3着流し（5〜8点）,0.5777,"{'is_target': True, 'verdict': '点数絞り', 'max_combo_prob': 0.1311, 'est_top_odds': 10.2, 'circle_concentration': 74.5, 'eligible_count': 6, 'bet_adj': 0, 'reason': 'rel_win1=58.9%（本命度） / 最有力組み合わせ確率: 0.131（推定実オッズ?10倍） / 2着集中度: 上位2艇 74.5%（補正+0.04） / 総合判定確率: 0.171 / → ヒモはやや固め。上位2艇以外を切ること', 'tenji_trigger': '展示確認: 1号艇伸び良→そのまま採用。悪→飛び組に差し替え。circle_pct上位2艇に絞り込むこと。'}",,,28.4,逃げ狙い,22.22,25.6,2,,,,,,,,,,,
2025-10-13,丸亀,9,3,森　智哉,B1,50.00,3,○,10.2563,13.9,100,44.2,0.1456,3.0581,,,0,低,64,0,-,234,0,60.1,0.9158,,,,,,0,0.1667,0.3333,,,A,,,0.3084,0.6105,,0.5498,S,97,0,◎1着固定 2-3着流し（5〜8点）,0.5777,"{'is_target': True, 'verdict': '点数絞り', 'max_combo_prob': 0.1311, 'est_top_odds': 10.2, 'circle_concentration': 74.5, 'eligible_count': 6, 'bet_adj': 0, 'reason': 'rel_win1=58.9%（本命度） / 最有力組み合わせ確率: 0.131（推定実オッズ?10倍） / 2着集中度: 上位2艇 74.5%（補正+0.04） / 総合判定確率: 0.171 / → ヒモはやや固め。上位2艇以外を切ること', 'tenji_trigger': '展示確認: 1号艇伸び良→そのまま採用。悪→飛び組に差し替え。circle_pct上位2艇に絞り込むこと。'}",,,28.4,逃げ狙い,22.22,25.6,2,,,,,,,,,,,
2025-10-13,丸亀,9,4,坂井滉哉,B1,33.33,4,▲,4.7265,7.9,62,28,0.138,2.94,,,0,低,72,0,差0%,451,0,22.9,0.6326,0,0.0526,0,0,0,0.0667,0.0667,0.3067,,,B,△,,0.3092,0.618,,0.5498,S,97,0,◎1着固定 2-3着流し（5〜8点）,0.5777,"{'is_target': True, 'verdict': '点数絞り', 'max_combo_prob': 0.1311, 'est_top_odds': 10.2, 'circle_concentration': 74.5, 'eligible_count': 6, 'bet_adj': 0, 'reason': 'rel_win1=58.9%（本命度） / 最有力組み合わせ確率: 0.131（推定実オッズ?10倍） / 2着集中度: 上位2艇 74.5%（補正+0.04） / 総合判定確率: 0.171 / → ヒモはやや固め。上位2艇以外を切ること', 'tenji_trigger': '展示確認: 1号艇伸び良→そのまま採用。悪→飛び組に差し替え。circle_pct上位2艇に絞り込むこと。'}",,,28.4,逃げ狙い,22.22,25.6,2,,,,,,,,,,,
2025-10-13,丸亀,9,5,山下拓巳,B1,50.00,5,△,7.0768,10.9,60,35.7,0.1839,3.8125,,,0,低,122,0,差ま0% 抜0%,462,0,35.4,1.1605,0,0,0,0.1111,0.037,0.0381,0.1143,0.2762,,,A,,◎,0.1779,0.5625,0.1631,0.5498,S,97,0,◎1着固定 2-3着流し（5〜8点）,0.5777,"{'is_target': True, 'verdict': '点数絞り', 'max_combo_prob': 0.1311, 'est_top_odds': 10.2, 'circle_concentration': 74.5, 'eligible_count': 6, 'bet_adj': 0, 'reason': 'rel_win1=58.9%（本命度） / 最有力組み合わせ確率: 0.131（推定実オッズ?10倍） / 2着集中度: 上位2艇 74.5%（補正+0.04） / 総合判定確率: 0.171 / → ヒモはやや固め。上位2艇以外を切ること', 'tenji_trigger': '展示確認: 1号艇伸び良→そのまま採用。悪→飛び組に差し替え。circle_pct上位2艇に絞り込むこと。'}",,,28.4,逃げ狙い,22.22,25.6,2,,,,,,,,,,,
2025-10-13,丸亀,9,6,為本智也,A2,21.05,6,,3.6125,6.7,50,30.8,0.1615,2.9615,,,0,低,42,0,ま0%,6F54,0,66.2,1.3406,0,0,0.1111,0,0,0.0333,0.0667,0,,,D,△,,0.2549,0.6205,,0.5498,S,97,0,◎1着固定 2-3着流し（5〜8点）,0.5777,"{'is_target': True, 'verdict': '点数絞り', 'max_combo_prob': 0.1311, 'est_top_odds': 10.2, 'circle_concentration': 74.5, 'eligible_count': 6, 'bet_adj': 0, 'reason': 'rel_win1=58.9%（本命度） / 最有力組み合わせ確率: 0.131（推定実オッズ?10倍） / 2着集中度: 上位2艇 74.5%（補正+0.04） / 総合判定確率: 0.171 / → ヒモはやや固め。上位2艇以外を切ること', 'tenji_trigger': '展示確認: 1号艇伸び良→そのまま採用。悪→飛び組に差し替え。circle_pct上位2艇に絞り込むこと。'}",,,28.4,逃げ狙い,22.22,25.6,2,,,,,,,,,,,
2025-10-13,丸亀,10,1,中村泰平,A1,71.43,1,◎,59.6549,,0,92.2,0.1551,2.7647,,,0,低,80,0,逃1%,2422,0,77.9,1.0013,0.6818,,,,,0.1864,0.0182,0.0364,◎,,A,○,,,0.6085,,0.5357,A,75,0,◎-○軸 3着3〜4艇流し（10〜15点）,0.5777,"{'is_target': True, 'verdict': '参加推奨', 'max_combo_prob': 0.0585, 'est_top_odds': 22.8, 'circle_concentration': 59.8, 'eligible_count': 8, 'bet_adj': 2, 'reason': 'rel_win1=59.7%（本命度） / 最有力組み合わせ確率: 0.059（推定実オッズ?23倍） / 2着集中度: 上位2艇 59.8%（補正+0.00） / 総合判定確率: 0.059 / → ヒモ分散。1号艇1着固定で広めのヒモ流し推奨（買い目+2点）', 'tenji_trigger': '展示確認: ヒモ分散レース。1号艇伸び確認後、広めのヒモ流しを採用。穴ヒモ（5・6号艇）を積極的に含める。'}",,,30.1,逃げ狙い,23.68,29.1,2,,,,,0,0,0.7559,0,,逃げ軸流し,A
2025-10-13,丸亀,10,2,田村　慶,A2,52.17,2,○,10.9564,28.3,98,46.3,0.1849,4.3293,,,0,低,93,0,-,2 63,0,33.9,0.7786,,,,,,0,0,0,,,B,△,,0.0775,0.5845,,0.5357,A,75,0,◎-○軸 3着3〜4艇流し（10〜15点）,0.5777,"{'is_target': True, 'verdict': '参加推奨', 'max_combo_prob': 0.0585, 'est_top_odds': 22.8, 'circle_concentration': 59.8, 'eligible_count': 8, 'bet_adj': 2, 'reason': 'rel_win1=59.7%（本命度） / 最有力組み合わせ確率: 0.059（推定実オッズ?23倍） / 2着集中度: 上位2艇 59.8%（補正+0.00） / 総合判定確率: 0.059 / → ヒモ分散。1号艇1着固定で広めのヒモ流し推奨（買い目+2点）', 'tenji_trigger': '展示確認: ヒモ分散レース。1号艇伸び確認後、広めのヒモ流しを採用。穴ヒモ（5・6号艇）を積極的に含める。'}",,,30.1,逃げ狙い,23.68,29.1,2,,,,,,,,,,,
2025-10-13,丸亀,10,3,水谷理人,B1,42.11,3,△,12.2635,30.8,84,61.8,0.1635,3,,,0,低,64,0,-,134,0,56.6,1.1148,0,0.05,0.1,0.1,0,0.0533,0.28,0.0267,,,C,△,,0.264,0.569,,0.5357,A,75,0,◎-○軸 3着3〜4艇流し（10〜15点）,0.5777,"{'is_target': True, 'verdict': '参加推奨', 'max_combo_prob': 0.0585, 'est_top_odds': 22.8, 'circle_concentration': 59.8, 'eligible_count': 8, 'bet_adj': 2, 'reason': 'rel_win1=59.7%（本命度） / 最有力組み合わせ確率: 0.059（推定実オッズ?23倍） / 2着集中度: 上位2艇 59.8%（補正+0.00） / 総合判定確率: 0.059 / → ヒモ分散。1号艇1着固定で広めのヒモ流し推奨（買い目+2点）', 'tenji_trigger': '展示確認: ヒモ分散レース。1号艇伸び確認後、広めのヒモ流しを採用。穴ヒモ（5・6号艇）を積極的に含める。'}",,,30.1,逃げ狙い,23.68,29.1,2,,,,,,,,,,,
2025-10-13,丸亀,10,4,石本裕武,A1,35.00,4,▲,11.8004,29,100,70.6,0.1221,2.25,,,0,低,35,0,差0% ま0% 抜0%,1512,0,85.7,1.4598,0,0.0625,0.1875,0,0.125,0,0.0909,0.0909,,◎,D,◎,◎,0.4538,0.657,0.4724,0.5357,A,75,0,◎-○軸 3着3〜4艇流し（10〜15点）,0.5777,"{'is_target': True, 'verdict': '参加推奨', 'max_combo_prob': 0.0585, 'est_top_odds': 22.8, 'circle_concentration': 59.8, 'eligible_count': 8, 'bet_adj': 2, 'reason': 'rel_win1=59.7%（本命度） / 最有力組み合わせ確率: 0.059（推定実オッズ?23倍） / 2着集中度: 上位2艇 59.8%（補正+0.00） / 総合判定確率: 0.059 / → ヒモ分散。1号艇1着固定で広めのヒモ流し推奨（買い目+2点）', 'tenji_trigger': '展示確認: ヒモ分散レース。1号艇伸び確認後、広めのヒモ流しを採用。穴ヒモ（5・6号艇）を積極的に含める。'}",,,30.1,逃げ狙い,23.68,29.1,2,,,,,,,,,,,
2025-10-13,丸亀,10,5,上岡巧汰,B2,30.00,5,,4.4535,9.6,85,0,0.24,6,,,0,低,35,1,-,661,0,24.1,0.6893,,,,,,,,,,,E,,,0.1331,0.483,,0.5357,A,75,0,◎-○軸 3着3〜4艇流し（10〜15点）,0.5777,"{'is_target': True, 'verdict': '参加推奨', 'max_combo_prob': 0.0585, 'est_top_odds': 22.8, 'circle_concentration': 59.8, 'eligible_count': 8, 'bet_adj': 2, 'reason': 'rel_win1=59.7%（本命度） / 最有力組み合わせ確率: 0.059（推定実オッズ?23倍） / 2着集中度: 上位2艇 59.8%（補正+0.00） / 総合判定確率: 0.059 / → ヒモ分散。1号艇1着固定で広めのヒモ流し推奨（買い目+2点）', 'tenji_trigger': '展示確認: ヒモ分散レース。1号艇伸び確認後、広めのヒモ流しを採用。穴ヒモ（5・6号艇）を積極的に含める。'}",,,30.1,逃げ狙い,23.68,29.1,2,,,,,,,,,,,
2025-10-13,丸亀,10,6,岡　暢祐,B1,44.44,6,,0.8713,2.3,31,11.7,0.2188,4.6833,,,0,低,120,0,-,143,0,24.1,0.6017,,,,,,0.1667,0.0833,0.1667,,,C,,,0.135,0.5595,,0.5357,A,75,0,◎-○軸 3着3〜4艇流し（10〜15点）,0.5777,"{'is_target': True, 'verdict': '参加推奨', 'max_combo_prob': 0.0585, 'est_top_odds': 22.8, 'circle_concentration': 59.8, 'eligible_count': 8, 'bet_adj': 2, 'reason': 'rel_win1=59.7%（本命度） / 最有力組み合わせ確率: 0.059（推定実オッズ?23倍） / 2着集中度: 上位2艇 59.8%（補正+0.00） / 総合判定確率: 0.059 / → ヒモ分散。1号艇1着固定で広めのヒモ流し推奨（買い目+2点）', 'tenji_trigger': '展示確認: ヒモ分散レース。1号艇伸び確認後、広めのヒモ流しを採用。穴ヒモ（5・6号艇）を積極的に含める。'}",,,30.1,逃げ狙い,23.68,29.1,2,,,,,,,,,,,
2025-10-13,丸亀,11,1,濱野斗馬,A1,21.05,1,◎,58.0166,,0,94.4,0.118,1.9907,,,0,低,40,0,逃1%,314,0,84.1,1.0687,0.7419,,,,,0.0968,0,0.0323,◎,,D,◎,,,0.638,,0.7386,S,100,0,◎1着固定 2-3着流し（5〜8点）,0.5777,"{'is_target': True, 'verdict': '参加推奨', 'max_combo_prob': 0.0722, 'est_top_odds': 18.5, 'circle_concentration': 66.0, 'eligible_count': 6, 'bet_adj': 2, 'reason': 'rel_win1=58.0%（本命度） / 最有力組み合わせ確率: 0.072（推定実オッズ?18倍） / 2着集中度: 上位2艇 66.0%（補正+0.00） / 総合判定確率: 0.072 / → ヒモ分散。1号艇1着固定で広めのヒモ流し推奨（買い目+2点）', 'tenji_trigger': '展示確認: ヒモ分散レース。1号艇伸び確認後、広めのヒモ流しを採用。穴ヒモ（5・6号艇）を積極的に含める。\n展示で1号艇スタート超安定(0.118秒)→ヒモ固まり方向に注意'}",,,27.2,逃げ狙い,20.64,23.5,4,,,,,0,0,0.7559,0,,逃げ軸流し,A
2025-10-13,丸亀,11,2,佐々木翔,A1,42.86,2,○,14.7251,36.5,100,66,0.1509,3.1915,,,0,低,101,0,差0% ま0%,1 44,0,49,1.089,0,0.0952,0.1429,0,0,0.0387,0.1373,0.1502,,,A,△,,0.0775,0.5985,,0.7386,S,100,0,◎1着固定 2-3着流し（5〜8点）,0.5777,"{'is_target': True, 'verdict': '参加推奨', 'max_combo_prob': 0.0722, 'est_top_odds': 18.5, 'circle_concentration': 66.0, 'eligible_count': 6, 'bet_adj': 2, 'reason': 'rel_win1=58.0%（本命度） / 最有力組み合わせ確率: 0.072（推定実オッズ?18倍） / 2着集中度: 上位2艇 66.0%（補正+0.00） / 総合判定確率: 0.072 / → ヒモ分散。1号艇1着固定で広めのヒモ流し推奨（買い目+2点）', 'tenji_trigger': '展示確認: ヒモ分散レース。1号艇伸び確認後、広めのヒモ流しを採用。穴ヒモ（5・6号艇）を積極的に含める。\n展示で1号艇スタート超安定(0.118秒)→ヒモ固まり方向に注意'}",,,27.2,逃げ狙い,20.64,23.5,4,,,,,,,,,,,
2025-10-13,丸亀,11,3,浦野　海,A2,17.65,3,,9.6588,29.5,74,56.8,0.1493,2.9432,,,0,低,75,0,ま0% 差ま0%,433,0,38.2,1.0571,0,0,0.0556,0.1111,0,0,0.1111,0.1422,,,E,,,0.1459,0.579,,0.7386,S,100,0,◎1着固定 2-3着流し（5〜8点）,0.5777,"{'is_target': True, 'verdict': '参加推奨', 'max_combo_prob': 0.0722, 'est_top_odds': 18.5, 'circle_concentration': 66.0, 'eligible_count': 6, 'bet_adj': 2, 'reason': 'rel_win1=58.0%（本命度） / 最有力組み合わせ確率: 0.072（推定実オッズ?18倍） / 2着集中度: 上位2艇 66.0%（補正+0.00） / 総合判定確率: 0.072 / → ヒモ分散。1号艇1着固定で広めのヒモ流し推奨（買い目+2点）', 'tenji_trigger': '展示確認: ヒモ分散レース。1号艇伸び確認後、広めのヒモ流しを採用。穴ヒモ（5・6号艇）を積極的に含める。\n展示で1号艇スタート超安定(0.118秒)→ヒモ固まり方向に注意'}",,,27.2,逃げ狙い,20.64,23.5,4,,,,,,,,,,,
2025-10-13,丸亀,11,4,中野希一,A1,10.53,4,△,11.5804,25.9,51,70.3,0.1284,2.3514,,,0,低,71,0,差0% ま0% 抜0%,166,0,86,1.4681,0,0.0526,0.1053,0,0.0526,0.1818,0.3636,0.0455,,,E,,◎,0.2617,0.5435,0.3978,0.7386,S,100,0,◎1着固定 2-3着流し（5〜8点）,0.5777,"{'is_target': True, 'verdict': '参加推奨', 'max_combo_prob': 0.0722, 'est_top_odds': 18.5, 'circle_concentration': 66.0, 'eligible_count': 6, 'bet_adj': 2, 'reason': 'rel_win1=58.0%（本命度） / 最有力組み合わせ確率: 0.072（推定実オッズ?18倍） / 2着集中度: 上位2艇 66.0%（補正+0.00） / 総合判定確率: 0.072 / → ヒモ分散。1号艇1着固定で広めのヒモ流し推奨（買い目+2点）', 'tenji_trigger': '展示確認: ヒモ分散レース。1号艇伸び確認後、広めのヒモ流しを採用。穴ヒモ（5・6号艇）を積極的に含める。\n展示で1号艇スタート超安定(0.118秒)→ヒモ固まり方向に注意'}",,,27.2,逃げ狙い,20.64,23.5,4,,,,,,,,,,,
2025-10-13,丸亀,11,5,眞鳥章太,A2,40.00,5,▲,5.0546,7.1,57,36.8,0.1481,2.7544,,,0,低,108,0,差ま0%,1333,0,54.6,1.1088,0,0,0,0.1154,0,0.0364,0.0364,0.0721,,,B,○,○,0.2042,0.6335,0.2639,0.7386,S,100,0,◎1着固定 2-3着流し（5〜8点）,0.5777,"{'is_target': True, 'verdict': '参加推奨', 'max_combo_prob': 0.0722, 'est_top_odds': 18.5, 'circle_concentration': 66.0, 'eligible_count': 6, 'bet_adj': 2, 'reason': 'rel_win1=58.0%（本命度） / 最有力組み合わせ確率: 0.072（推定実オッズ?18倍） / 2着集中度: 上位2艇 66.0%（補正+0.00） / 総合判定確率: 0.072 / → ヒモ分散。1号艇1着固定で広めのヒモ流し推奨（買い目+2点）', 'tenji_trigger': '展示確認: ヒモ分散レース。1号艇伸び確認後、広めのヒモ流しを採用。穴ヒモ（5・6号艇）を積極的に含める。\n展示で1号艇スタート超安定(0.118秒)→ヒモ固まり方向に注意'}",,,27.2,逃げ狙い,20.64,23.5,4,,,,,,,,,,,
2025-10-13,丸亀,11,6,市川健太,B1,36.84,6,,0.9645,1,35,16.2,0.1573,3.6757,,,0,低,87,0,-,256,0,28.7,0.8733,,,,,,0.1333,0.1333,0.1333,,,B,△,,0.1863,0.603,,0.7386,S,100,0,◎1着固定 2-3着流し（5〜8点）,0.5777,"{'is_target': True, 'verdict': '参加推奨', 'max_combo_prob': 0.0722, 'est_top_odds': 18.5, 'circle_concentration': 66.0, 'eligible_count': 6, 'bet_adj': 2, 'reason': 'rel_win1=58.0%（本命度） / 最有力組み合わせ確率: 0.072（推定実オッズ?18倍） / 2着集中度: 上位2艇 66.0%（補正+0.00） / 総合判定確率: 0.072 / → ヒモ分散。1号艇1着固定で広めのヒモ流し推奨（買い目+2点）', 'tenji_trigger': '展示確認: ヒモ分散レース。1号艇伸び確認後、広めのヒモ流しを採用。穴ヒモ（5・6号艇）を積極的に含める。\n展示で1号艇スタート超安定(0.118秒)→ヒモ固まり方向に注意'}",,,27.2,逃げ狙い,20.64,23.5,4,,,,,,,,,,,
2025-10-13,丸亀,12,1,板橋侑我,A1,63.64,1,◎,65.468,,0,92.5,0.1215,2.325,,,0,低,35,0,逃1%,631,0,91.1,1.2078,1,,,,,,,,◎,,A,◎,,,0.6715,,0.7637,S,100,0,◎1着固定 2-3着流し（5〜8点）,0.5777,"{'is_target': True, 'verdict': '参加推奨', 'max_combo_prob': 0.1089, 'est_top_odds': 12.2, 'circle_concentration': 65.7, 'eligible_count': 6, 'bet_adj': 2, 'reason': 'rel_win1=65.5%（本命度） / 最有力組み合わせ確率: 0.109（推定実オッズ?12倍） / 2着集中度: 上位2艇 65.7%（補正+0.00） / 総合判定確率: 0.109 / → ヒモ分散。1号艇1着固定で広めのヒモ流し推奨（買い目+2点）', 'tenji_trigger': '展示確認: ヒモ分散レース。1号艇伸び確認後、広めのヒモ流しを採用。穴ヒモ（5・6号艇）を積極的に含める。\n展示で1号艇スタート超安定(0.121秒)→ヒモ固まり方向に注意'}",,,26.2,逃げ狙い,20.68,20.7,4,,,,,0,0,0.7559,0,,逃げ軸流し,A
2025-10-13,丸亀,12,2,原田雄次,A2,12.00,2,,6.6966,42.6,64,45.6,0.1696,4.2826,,,0,低,136,0,-,342,0,65.5,1.3586,,,,,,0,0.25,0.375,,,E,,,0.0775,0.5155,,0.7637,S,100,0,◎1着固定 2-3着流し（5〜8点）,0.5777,"{'is_target': True, 'verdict': '参加推奨', 'max_combo_prob': 0.1089, 'est_top_odds': 12.2, 'circle_concentration': 65.7, 'eligible_count': 6, 'bet_adj': 2, 'reason': 'rel_win1=65.5%（本命度） / 最有力組み合わせ確率: 0.109（推定実オッズ?12倍） / 2着集中度: 上位2艇 65.7%（補正+0.00） / 総合判定確率: 0.109 / → ヒモ分散。1号艇1着固定で広めのヒモ流し推奨（買い目+2点）', 'tenji_trigger': '展示確認: ヒモ分散レース。1号艇伸び確認後、広めのヒモ流しを採用。穴ヒモ（5・6号艇）を積極的に含める。\n展示で1号艇スタート超安定(0.121秒)→ヒモ固まり方向に注意'}",,,26.2,逃げ狙い,20.68,20.7,4,,,,,,,,,,,
2025-10-13,丸亀,12,3,高井雄基,A1,33.33,3,△,7.8537,20.1,74,51.5,0.1748,3.9848,,,0,低,86,0,-,3451,0,61.2,0.9385,0,0,0.2353,0,0,0,0.0889,0.0444,,,C,,,0.1585,0.579,,0.7637,S,100,0,◎1着固定 2-3着流し（5〜8点）,0.5777,"{'is_target': True, 'verdict': '参加推奨', 'max_combo_prob': 0.1089, 'est_top_odds': 12.2, 'circle_concentration': 65.7, 'eligible_count': 6, 'bet_adj': 2, 'reason': 'rel_win1=65.5%（本命度） / 最有力組み合わせ確率: 0.109（推定実オッズ?12倍） / 2着集中度: 上位2艇 65.7%（補正+0.00） / 総合判定確率: 0.109 / → ヒモ分散。1号艇1着固定で広めのヒモ流し推奨（買い目+2点）', 'tenji_trigger': '展示確認: ヒモ分散レース。1号艇伸び確認後、広めのヒモ流しを採用。穴ヒモ（5・6号艇）を積極的に含める。\n展示で1号艇スタート超安定(0.121秒)→ヒモ固まり方向に注意'}",,,26.2,逃げ狙い,20.68,20.7,4,,,,,,,,,,,
2025-10-13,丸亀,12,4,上田健太,A1,33.33,4,▲,11.8248,23.1,100,67.3,0.152,2.9545,,,0,低,121,0,差0% ま0% 差ま0%,1 31,0,75.1,1.4374,0,0.0417,0.0833,0.1667,0,0.1337,0.048,0.1177,,,C,△,◎,0.1943,0.6005,0.4169,0.7637,S,100,0,◎1着固定 2-3着流し（5〜8点）,0.5777,"{'is_target': True, 'verdict': '参加推奨', 'max_combo_prob': 0.1089, 'est_top_odds': 12.2, 'circle_concentration': 65.7, 'eligible_count': 6, 'bet_adj': 2, 'reason': 'rel_win1=65.5%（本命度） / 最有力組み合わせ確率: 0.109（推定実オッズ?12倍） / 2着集中度: 上位2艇 65.7%（補正+0.00） / 総合判定確率: 0.109 / → ヒモ分散。1号艇1着固定で広めのヒモ流し推奨（買い目+2点）', 'tenji_trigger': '展示確認: ヒモ分散レース。1号艇伸び確認後、広めのヒモ流しを採用。穴ヒモ（5・6号艇）を積極的に含める。\n展示で1号艇スタート超安定(0.121秒)→ヒモ固まり方向に注意'}",,,26.2,逃げ狙い,20.68,20.7,4,,,,,,,,,,,
2025-10-13,丸亀,12,5,大原祥昌,A2,17.65,5,,2.7631,5.2,54,41.2,0.155,3.4706,,,0,低,48,0,-,256,0,55.3,1.1557,,,,,,0,0.1818,0,,,E,○,,0.2027,0.651,,0.7637,S,100,0,◎1着固定 2-3着流し（5〜8点）,0.5777,"{'is_target': True, 'verdict': '参加推奨', 'max_combo_prob': 0.1089, 'est_top_odds': 12.2, 'circle_concentration': 65.7, 'eligible_count': 6, 'bet_adj': 2, 'reason': 'rel_win1=65.5%（本命度） / 最有力組み合わせ確率: 0.109（推定実オッズ?12倍） / 2着集中度: 上位2艇 65.7%（補正+0.00） / 総合判定確率: 0.109 / → ヒモ分散。1号艇1着固定で広めのヒモ流し推奨（買い目+2点）', 'tenji_trigger': '展示確認: ヒモ分散レース。1号艇伸び確認後、広めのヒモ流しを採用。穴ヒモ（5・6号艇）を積極的に含める。\n展示で1号艇スタート超安定(0.121秒)→ヒモ固まり方向に注意'}",,,26.2,逃げ狙い,20.68,20.7,4,,,,,,,,,,,
2025-10-13,丸亀,12,6,宮脇遼太,A2,50.00,6,○,5.3938,9,28,27,0.1659,3.8243,,,0,低,70,0,差ま0%,3 21,0,31.3,1.3294,0,0,0,0.0714,0,0.1906,0,0.0706,,,A,△,,0.1473,0.5925,,0.7637,S,100,0,◎1着固定 2-3着流し（5〜8点）,0.5777,"{'is_target': True, 'verdict': '参加推奨', 'max_combo_prob': 0.1089, 'est_top_odds': 12.2, 'circle_concentration': 65.7, 'eligible_count': 6, 'bet_adj': 2, 'reason': 'rel_win1=65.5%（本命度） / 最有力組み合わせ確率: 0.109（推定実オッズ?12倍） / 2着集中度: 上位2艇 65.7%（補正+0.00） / 総合判定確率: 0.109 / → ヒモ分散。1号艇1着固定で広めのヒモ流し推奨（買い目+2点）', 'tenji_trigger': '展示確認: ヒモ分散レース。1号艇伸び確認後、広めのヒモ流しを採用。穴ヒモ（5・6号艇）を積極的に含める。\n展示で1号艇スタート超安定(0.121秒)→ヒモ固まり方向に注意'}",,,26.2,逃げ狙い,20.68,20.7,4,,,,,,,,,,,
2025-10-14,丸亀,1,1,本村　大,B1,11.76,1,◎,52.3119,,0,79.5,0.1749,3.8205,,,0,低,117,0,逃1%,5 555,0,82,1.0228,0.5556,,,,,0.0667,0,0.1444,○,,E,○,,,0.617,,0.3447,A,65,0,◎-○軸 3着3〜4艇流し（10〜15点）,0.5777,"{'is_target': True, 'verdict': '参加推奨', 'max_combo_prob': 0.0717, 'est_top_odds': 18.6, 'circle_concentration': 73.4, 'eligible_count': 8, 'bet_adj': 2, 'reason': 'rel_win1=52.3%（本命度） / 最有力組み合わせ確率: 0.072（推定実オッズ?19倍） / 2着集中度: 上位2艇 73.4%（補正+0.04） / 総合判定確率: 0.112 / → ヒモ分散。1号艇1着固定で広めのヒモ流し推奨（買い目+2点）', 'tenji_trigger': '展示確認: ヒモ分散レース。1号艇伸び確認後、広めのヒモ流しを採用。穴ヒモ（5・6号艇）を積極的に含める。'}",,,27.3,逃げ狙い,17.66,26.5,3,,,,,0,0,0.6155,0,,逃げ軸流し,A
2025-10-14,丸亀,1,2,市川健太,B1,36.84,2,,12.2691,16.8,99,35.7,0.1759,3.6607,,,0,低,87,0,差0%,256 46,0,46.9,0.639,0,0.1875,0,0,0,0.1333,0.1333,0.1333,,,C,△,,0.3339,0.603,,0.3447,A,65,0,◎-○軸 3着3〜4艇流し（10〜15点）,0.5777,"{'is_target': True, 'verdict': '参加推奨', 'max_combo_prob': 0.0717, 'est_top_odds': 18.6, 'circle_concentration': 73.4, 'eligible_count': 8, 'bet_adj': 2, 'reason': 'rel_win1=52.3%（本命度） / 最有力組み合わせ確率: 0.072（推定実オッズ?19倍） / 2着集中度: 上位2艇 73.4%（補正+0.04） / 総合判定確率: 0.112 / → ヒモ分散。1号艇1着固定で広めのヒモ流し推奨（買い目+2点）', 'tenji_trigger': '展示確認: ヒモ分散レース。1号艇伸び確認後、広めのヒモ流しを採用。穴ヒモ（5・6号艇）を積極的に含める。'}",,,27.3,逃げ狙い,17.66,26.5,3,,,,,,,,,,,
2025-10-14,丸亀,1,3,水谷理人,B1,42.11,3,○,17.4818,48,82,61.8,0.1635,3,,,0,低,64,0,-,134 33,0,67.6,1.2631,0,0.05,0.1,0.1,0,0.0533,0.28,0.0267,,◎,A,,,0.3603,0.569,,0.3447,A,65,0,◎-○軸 3着3〜4艇流し（10〜15点）,0.5777,"{'is_target': True, 'verdict': '参加推奨', 'max_combo_prob': 0.0717, 'est_top_odds': 18.6, 'circle_concentration': 73.4, 'eligible_count': 8, 'bet_adj': 2, 'reason': 'rel_win1=52.3%（本命度） / 最有力組み合わせ確率: 0.072（推定実オッズ?19倍） / 2着集中度: 上位2艇 73.4%（補正+0.04） / 総合判定確率: 0.112 / → ヒモ分散。1号艇1着固定で広めのヒモ流し推奨（買い目+2点）', 'tenji_trigger': '展示確認: ヒモ分散レース。1号艇伸び確認後、広めのヒモ流しを採用。穴ヒモ（5・6号艇）を積極的に含める。'}",,,27.3,逃げ狙い,17.66,26.5,3,,,,,,,,,,,
2025-10-14,丸亀,1,4,富田恕生,B1,40.00,4,▲,9.1351,25.4,94,42.1,0.1642,3.4737,,,0,低,88,0,-,1 254,0,53.3,0.956,,,,,,0.1667,0.1667,0,,,B,◎,,0.3521,0.64,,0.3447,A,65,0,◎-○軸 3着3〜4艇流し（10〜15点）,0.5777,"{'is_target': True, 'verdict': '参加推奨', 'max_combo_prob': 0.0717, 'est_top_odds': 18.6, 'circle_concentration': 73.4, 'eligible_count': 8, 'bet_adj': 2, 'reason': 'rel_win1=52.3%（本命度） / 最有力組み合わせ確率: 0.072（推定実オッズ?19倍） / 2着集中度: 上位2艇 73.4%（補正+0.04） / 総合判定確率: 0.112 / → ヒモ分散。1号艇1着固定で広めのヒモ流し推奨（買い目+2点）', 'tenji_trigger': '展示確認: ヒモ分散レース。1号艇伸び確認後、広めのヒモ流しを採用。穴ヒモ（5・6号艇）を積極的に含める。'}",,,27.3,逃げ狙い,17.66,26.5,3,,,,,,,,,,,
2025-10-14,丸亀,1,5,山下心一,B2,36.84,5,,5.8879,6.3,100,25,0.1979,4.0208,,,0,低,60,0,ま0%,6 665,0,36.9,0.8162,0,0,0.0435,0,0,,,,,,C,,,0.2112,0.494,,0.3447,A,65,0,◎-○軸 3着3〜4艇流し（10〜15点）,0.5777,"{'is_target': True, 'verdict': '参加推奨', 'max_combo_prob': 0.0717, 'est_top_odds': 18.6, 'circle_concentration': 73.4, 'eligible_count': 8, 'bet_adj': 2, 'reason': 'rel_win1=52.3%（本命度） / 最有力組み合わせ確率: 0.072（推定実オッズ?19倍） / 2着集中度: 上位2艇 73.4%（補正+0.04） / 総合判定確率: 0.112 / → ヒモ分散。1号艇1着固定で広めのヒモ流し推奨（買い目+2点）', 'tenji_trigger': '展示確認: ヒモ分散レース。1号艇伸び確認後、広めのヒモ流しを採用。穴ヒモ（5・6号艇）を積極的に含める。'}",,,27.3,逃げ狙い,17.66,26.5,3,,,,,,,,,,,
2025-10-14,丸亀,1,6,佐藤太亮,B1,38.89,6,△,2.9141,3.5,57,21.1,0.1668,3.9605,,,0,低,72,0,-,5 134,0,25.5,0.9067,,,,,,0,0.3333,0.3333,,,C,△,,0.339,0.6,,0.3447,A,65,0,◎-○軸 3着3〜4艇流し（10〜15点）,0.5777,"{'is_target': True, 'verdict': '参加推奨', 'max_combo_prob': 0.0717, 'est_top_odds': 18.6, 'circle_concentration': 73.4, 'eligible_count': 8, 'bet_adj': 2, 'reason': 'rel_win1=52.3%（本命度） / 最有力組み合わせ確率: 0.072（推定実オッズ?19倍） / 2着集中度: 上位2艇 73.4%（補正+0.04） / 総合判定確率: 0.112 / → ヒモ分散。1号艇1着固定で広めのヒモ流し推奨（買い目+2点）', 'tenji_trigger': '展示確認: ヒモ分散レース。1号艇伸び確認後、広めのヒモ流しを採用。穴ヒモ（5・6号艇）を積極的に含める。'}",,,27.3,逃げ狙い,17.66,26.5,3,,,,,,,,,,,
2025-10-14,丸亀,2,1,三馬崇史,B1,42.86,1,◎,52.2605,,0,66.7,0.1376,2.9667,,,0,低,99,0,逃1%,2 223,0,59.7,0.8904,0.52,,,,,0.1177,0.1337,0.2514,◎,,A,◎,,,0.611,,0.496,A,61,0,◎-○軸 3着3〜4艇流し（10〜15点）,0.5777,"{'is_target': True, 'verdict': '参加推奨', 'max_combo_prob': 0.079, 'est_top_odds': 16.9, 'circle_concentration': 63.3, 'eligible_count': 8, 'bet_adj': 2, 'reason': 'rel_win1=52.3%（本命度） / 最有力組み合わせ確率: 0.079（推定実オッズ?17倍） / 2着集中度: 上位2艇 63.3%（補正+0.00） / 総合判定確率: 0.079 / → ヒモ分散。1号艇1着固定で広めのヒモ流し推奨（買い目+2点）', 'tenji_trigger': '展示確認: ヒモ分散レース。1号艇伸び確認後、広めのヒモ流しを採用。穴ヒモ（5・6号艇）を積極的に含める。\n展示で1号艇スタート超安定(0.138秒)→ヒモ固まり方向に注意'}",,,29,両建て推奨,18.08,31,2,,,,,0,0,0.7559,0,,逃げ軸流し,A
2025-10-14,丸亀,2,2,浦野　海,A2,17.65,2,,10.9284,41.4,50,60,0.1555,3.4125,,,0,低,75,0,抜0%,433 45,0,31.3,0.9693,0,0,0,0,0.0556,0,0.1111,0.1422,,,E,,,0.1661,0.579,,0.496,A,61,0,◎-○軸 3着3〜4艇流し（10〜15点）,0.5777,"{'is_target': True, 'verdict': '参加推奨', 'max_combo_prob': 0.079, 'est_top_odds': 16.9, 'circle_concentration': 63.3, 'eligible_count': 8, 'bet_adj': 2, 'reason': 'rel_win1=52.3%（本命度） / 最有力組み合わせ確率: 0.079（推定実オッズ?17倍） / 2着集中度: 上位2艇 63.3%（補正+0.00） / 総合判定確率: 0.079 / → ヒモ分散。1号艇1着固定で広めのヒモ流し推奨（買い目+2点）', 'tenji_trigger': '展示確認: ヒモ分散レース。1号艇伸び確認後、広めのヒモ流しを採用。穴ヒモ（5・6号艇）を積極的に含める。\n展示で1号艇スタート超安定(0.138秒)→ヒモ固まり方向に注意'}",,,29,両建て推奨,18.08,31,2,,,,,,,,,,,
2025-10-14,丸亀,2,3,佐々木翔,A1,42.86,3,○,17.8223,21.3,100,68.9,0.162,3.5,,,0,低,101,0,差0% 差ま0%,1 4461,0,73.5,1.4379,0,0.0625,0,0.0625,0,0.0387,0.1373,0.1502,,,A,△,,0.1877,0.5985,,0.496,A,61,0,◎-○軸 3着3〜4艇流し（10〜15点）,0.5777,"{'is_target': True, 'verdict': '参加推奨', 'max_combo_prob': 0.079, 'est_top_odds': 16.9, 'circle_concentration': 63.3, 'eligible_count': 8, 'bet_adj': 2, 'reason': 'rel_win1=52.3%（本命度） / 最有力組み合わせ確率: 0.079（推定実オッズ?17倍） / 2着集中度: 上位2艇 63.3%（補正+0.00） / 総合判定確率: 0.079 / → ヒモ分散。1号艇1着固定で広めのヒモ流し推奨（買い目+2点）', 'tenji_trigger': '展示確認: ヒモ分散レース。1号艇伸び確認後、広めのヒモ流しを採用。穴ヒモ（5・6号艇）を積極的に含める。\n展示で1号艇スタート超安定(0.138秒)→ヒモ固まり方向に注意'}",,,29,両建て推奨,18.08,31,2,,,,,,,,,,,
2025-10-14,丸亀,2,4,加藤優弥,B1,21.05,4,,6.2061,21.9,74,52.3,0.1525,3.1136,,,0,低,96,0,差0%,354 25,0,65,0.9719,0,0.0667,0,0,0,0.1068,0.4902,0.0211,,,D,○,,0.2492,0.6035,,0.496,A,61,0,◎-○軸 3着3〜4艇流し（10〜15点）,0.5777,"{'is_target': True, 'verdict': '参加推奨', 'max_combo_prob': 0.079, 'est_top_odds': 16.9, 'circle_concentration': 63.3, 'eligible_count': 8, 'bet_adj': 2, 'reason': 'rel_win1=52.3%（本命度） / 最有力組み合わせ確率: 0.079（推定実オッズ?17倍） / 2着集中度: 上位2艇 63.3%（補正+0.00） / 総合判定確率: 0.079 / → ヒモ分散。1号艇1着固定で広めのヒモ流し推奨（買い目+2点）', 'tenji_trigger': '展示確認: ヒモ分散レース。1号艇伸び確認後、広めのヒモ流しを採用。穴ヒモ（5・6号艇）を積極的に含める。\n展示で1号艇スタート超安定(0.138秒)→ヒモ固まり方向に注意'}",,,29,両建て推奨,18.08,31,2,,,,,,,,,,,
2025-10-14,丸亀,2,5,金子龍斗,B1,42.11,5,△,7.2103,10.3,49,35.4,0.1815,3.375,,,0,低,82,0,-,4 152,0,35.2,1.2162,0,0,0.0476,0.0476,0,0.1473,0.3802,0,,,B,,,0.1716,0.508,,0.496,A,61,0,◎-○軸 3着3〜4艇流し（10〜15点）,0.5777,"{'is_target': True, 'verdict': '参加推奨', 'max_combo_prob': 0.079, 'est_top_odds': 16.9, 'circle_concentration': 63.3, 'eligible_count': 8, 'bet_adj': 2, 'reason': 'rel_win1=52.3%（本命度） / 最有力組み合わせ確率: 0.079（推定実オッズ?17倍） / 2着集中度: 上位2艇 63.3%（補正+0.00） / 総合判定確率: 0.079 / → ヒモ分散。1号艇1着固定で広めのヒモ流し推奨（買い目+2点）', 'tenji_trigger': '展示確認: ヒモ分散レース。1号艇伸び確認後、広めのヒモ流しを採用。穴ヒモ（5・6号艇）を積極的に含める。\n展示で1号艇スタート超安定(0.138秒)→ヒモ固まり方向に注意'}",,,29,両建て推奨,18.08,31,2,,,,,,,,,,,
2025-10-14,丸亀,2,6,山口晃朋,B1,26.32,6,▲,5.5724,5.1,51,34.2,0.1385,2.8902,,,0,低,72,0,ま0%,1 452,0,83.9,1.4914,0,0,0.0526,0,0,0.1079,0,0.0444,,,C,△,,0.3068,0.6005,,0.496,A,61,0,◎-○軸 3着3〜4艇流し（10〜15点）,0.5777,"{'is_target': True, 'verdict': '参加推奨', 'max_combo_prob': 0.079, 'est_top_odds': 16.9, 'circle_concentration': 63.3, 'eligible_count': 8, 'bet_adj': 2, 'reason': 'rel_win1=52.3%（本命度） / 最有力組み合わせ確率: 0.079（推定実オッズ?17倍） / 2着集中度: 上位2艇 63.3%（補正+0.00） / 総合判定確率: 0.079 / → ヒモ分散。1号艇1着固定で広めのヒモ流し推奨（買い目+2点）', 'tenji_trigger': '展示確認: ヒモ分散レース。1号艇伸び確認後、広めのヒモ流しを採用。穴ヒモ（5・6号艇）を積極的に含める。\n展示で1号艇スタート超安定(0.138秒)→ヒモ固まり方向に注意'}",,,29,両建て推奨,18.08,31,2,,,,,,,,,,,
2025-10-14,丸亀,3,1,岡　暢祐,B1,44.44,1,◎,47.9725,,0,61.1,0.1644,3.3333,,,0,低,120,0,逃0%,143 34,0,62,0.8162,0.5,,,,,0.1667,0.0833,0.1667,○⚠️,,B,△,,,0.5595,,0.3361,B,49,0,◎○△フォーメーション（15〜20点）,0.5777,"{'is_target': True, 'verdict': '点数絞り', 'max_combo_prob': 0.0922, 'est_top_odds': 14.5, 'circle_concentration': 82.8, 'eligible_count': 9, 'bet_adj': 0, 'reason': 'rel_win1=48.0%（本命度） / 最有力組み合わせ確率: 0.092（推定実オッズ?14倍） / 2着集中度: 上位2艇 82.8%（補正+0.04） / 総合判定確率: 0.132 / → ヒモはやや固め。上位2艇以外を切ること', 'tenji_trigger': '展示確認: 1号艇伸び良→そのまま採用。悪→飛び組に差し替え。circle_pct上位2艇に絞り込むこと。'}",,,29.1,両建て推奨,16.65,32.4,2,3-5-4|3-4-5|3-4-6|3-5-6|3-4-2|3-5-2|3-2-4|1-2-3|1-2-4|1-3-2|1-3-4,3-5-4|3-4-5|3-4-6|3-5-6|3-4-2|3-5-2|3-2-4|1-2-3|1-2-4|1-3-2|1-3-4|6-1-2,3-5-4:2.23%|3-4-5:2.06%|3-4-6:0.96%|3-5-6:0.95%|3-4-2:0.74%|3-5-2:0.74%|3-2-4:0.7%|1-2-3:6.92%|1-2-4:5.93%|1-3-2:5.15%|1-3-4:4.68%,3-5-4:B_main|3-4-5:B_main|3-4-6:B_main|3-5-6:B_main|3-4-2:B_main|3-5-2:B_main|3-2-4:B_main|1-2-3:A|1-2-4:A|1-3-2:A|1-3-4:A,11,12,0.4535,1,[!]見送り推奨（主役決まり手「まくり」― 逃げ劣勢レースで的中実績なし）,主役軸流し,B
2025-10-14,丸亀,3,2,上田健太,A1,33.33,2,▲,18.3693,53.1,87,73.2,0.1693,3.4554,,,0,低,121,0,差0% ま0%,1 3113,0,77.9,1.2316,0,0.1034,0.1034,0,0,0.1337,0.048,0.1177,,,C,◎,,0.2756,0.6005,,0.3361,B,49,0,◎○△フォーメーション（15〜20点）,0.5777,"{'is_target': True, 'verdict': '点数絞り', 'max_combo_prob': 0.0922, 'est_top_odds': 14.5, 'circle_concentration': 82.8, 'eligible_count': 9, 'bet_adj': 0, 'reason': 'rel_win1=48.0%（本命度） / 最有力組み合わせ確率: 0.092（推定実オッズ?14倍） / 2着集中度: 上位2艇 82.8%（補正+0.04） / 総合判定確率: 0.132 / → ヒモはやや固め。上位2艇以外を切ること', 'tenji_trigger': '展示確認: 1号艇伸び良→そのまま採用。悪→飛び組に差し替え。circle_pct上位2艇に絞り込むこと。'}",,,29.1,両建て推奨,16.65,32.4,2,,,,,,,,,,,
2025-10-14,丸亀,3,3,宮脇遼太,A2,50.00,3,○,17.1007,29.8,79,57.9,0.1395,2.6974,,,0,低,70,0,ま0% 差ま0% 抜0%,3 2126,0,74.4,1.2687,0,0,0.1429,0.0714,0.0714,0.1906,0,0.0706,,◎,A,○,,0.4352,0.5925,,0.3361,B,49,0,◎○△フォーメーション（15〜20点）,0.5777,"{'is_target': True, 'verdict': '点数絞り', 'max_combo_prob': 0.0922, 'est_top_odds': 14.5, 'circle_concentration': 82.8, 'eligible_count': 9, 'bet_adj': 0, 'reason': 'rel_win1=48.0%（本命度） / 最有力組み合わせ確率: 0.092（推定実オッズ?14倍） / 2着集中度: 上位2艇 82.8%（補正+0.04） / 総合判定確率: 0.132 / → ヒモはやや固め。上位2艇以外を切ること', 'tenji_trigger': '展示確認: 1号艇伸び良→そのまま採用。悪→飛び組に差し替え。circle_pct上位2艇に絞り込むこと。'}",,,29.1,両建て推奨,16.65,32.4,2,,,,,,,,,,,
2025-10-14,丸亀,3,4,芝田京介,B1,28.57,4,△,8.5324,5.2,100,38.9,0.1744,3.3194,,,0,低,102,0,ま0% 差ま0%,243 44,0,41.5,0.8753,0,0,0.1111,0.0556,0,0.4167,0.25,0.0833,,,D,△,,0.2663,0.5915,,0.3361,B,49,0,◎○△フォーメーション（15〜20点）,0.5777,"{'is_target': True, 'verdict': '点数絞り', 'max_combo_prob': 0.0922, 'est_top_odds': 14.5, 'circle_concentration': 82.8, 'eligible_count': 9, 'bet_adj': 0, 'reason': 'rel_win1=48.0%（本命度） / 最有力組み合わせ確率: 0.092（推定実オッズ?14倍） / 2着集中度: 上位2艇 82.8%（補正+0.04） / 総合判定確率: 0.132 / → ヒモはやや固め。上位2艇以外を切ること', 'tenji_trigger': '展示確認: 1号艇伸び良→そのまま採用。悪→飛び組に差し替え。circle_pct上位2艇に絞り込むこと。'}",,,29.1,両建て推奨,16.65,32.4,2,,,,,,,,,,,
2025-10-14,丸亀,3,5,宮崎心之,B1,29.41,5,,6.6049,10.6,57,33.3,0.1862,3.8571,,,0,低,60,0,ま0%,4 656,0,56.8,0.999,0,0,0.0476,0,0,0,0.2,0.2,,,D,,,0.217,0.549,,0.3361,B,49,0,◎○△フォーメーション（15〜20点）,0.5777,"{'is_target': True, 'verdict': '点数絞り', 'max_combo_prob': 0.0922, 'est_top_odds': 14.5, 'circle_concentration': 82.8, 'eligible_count': 9, 'bet_adj': 0, 'reason': 'rel_win1=48.0%（本命度） / 最有力組み合わせ確率: 0.092（推定実オッズ?14倍） / 2着集中度: 上位2艇 82.8%（補正+0.04） / 総合判定確率: 0.132 / → ヒモはやや固め。上位2艇以外を切ること', 'tenji_trigger': '展示確認: 1号艇伸び良→そのまま採用。悪→飛び組に差し替え。circle_pct上位2艇に絞り込むこと。'}",,,29.1,両建て推奨,16.65,32.4,2,,,,,,,,,,,
2025-10-14,丸亀,3,6,網代良芽,B1,20.00,6,,1.4201,1.4,40,14.1,0.1833,3.7706,,,0,低,76,0,ま0%,3 342,0,28.2,0.7622,0,0,0.0435,0,0,0.2389,0.2833,0.4778,,,E,,,0.2268,0.5435,,0.3361,B,49,0,◎○△フォーメーション（15〜20点）,0.5777,"{'is_target': True, 'verdict': '点数絞り', 'max_combo_prob': 0.0922, 'est_top_odds': 14.5, 'circle_concentration': 82.8, 'eligible_count': 9, 'bet_adj': 0, 'reason': 'rel_win1=48.0%（本命度） / 最有力組み合わせ確率: 0.092（推定実オッズ?14倍） / 2着集中度: 上位2艇 82.8%（補正+0.04） / 総合判定確率: 0.132 / → ヒモはやや固め。上位2艇以外を切ること', 'tenji_trigger': '展示確認: 1号艇伸び良→そのまま採用。悪→飛び組に差し替え。circle_pct上位2艇に絞り込むこと。'}",,,29.1,両建て推奨,16.65,32.4,2,,,,,,,,,,,
2025-10-14,丸亀,4,1,村松栄太,B1,10.53,1,◎,45.4523,,0,70.4,0.1574,3.2037,,,0,低,99,0,逃0%,6 65S,0,58.4,0.9024,0.4615,,,,,0.1808,0.0923,0.0308,○,,E,△,,,0.5975,,0.3725,C,44,0,荒れ傾向。高配当狙いか見送り,0.5777,"{'is_target': True, 'verdict': '参加推奨', 'max_combo_prob': 0.0797, 'est_top_odds': 16.7, 'circle_concentration': 75.7, 'eligible_count': 6, 'bet_adj': 2, 'reason': 'rel_win1=45.5%（本命度） / 最有力組み合わせ確率: 0.080（推定実オッズ?17倍） / 2着集中度: 上位2艇 75.7%（補正+0.04） / 総合判定確率: 0.120 / → ヒモ分散。1号艇1着固定で広めのヒモ流し推奨（買い目+2点）', 'tenji_trigger': '展示確認: ヒモ分散レース。1号艇伸び確認後、広めのヒモ流しを採用。穴ヒモ（5・6号艇）を積極的に含める。'}",,,30,両建て推奨,20.81,31.4,2,,,,,0,0,0.6155,0,,主役軸流し,B
2025-10-14,丸亀,4,2,板橋侑我,A1,63.64,2,○,27.5193,53.2,66,79.2,0.1421,3,,,0,低,35,0,差0% ま0%,631 31,0,84.5,1.421,0,0.2857,0.2143,0,0,,,,,◎,A,◎,,0.5198,0.6715,,0.3725,C,44,0,荒れ傾向。高配当狙いか見送り,0.5777,"{'is_target': True, 'verdict': '参加推奨', 'max_combo_prob': 0.0797, 'est_top_odds': 16.7, 'circle_concentration': 75.7, 'eligible_count': 6, 'bet_adj': 2, 'reason': 'rel_win1=45.5%（本命度） / 最有力組み合わせ確率: 0.080（推定実オッズ?17倍） / 2着集中度: 上位2艇 75.7%（補正+0.04） / 総合判定確率: 0.120 / → ヒモ分散。1号艇1着固定で広めのヒモ流し推奨（買い目+2点）', 'tenji_trigger': '展示確認: ヒモ分散レース。1号艇伸び確認後、広めのヒモ流しを採用。穴ヒモ（5・6号艇）を積極的に含める。'}",,,30,両建て推奨,20.81,31.4,2,,,,,,,,,,,
2025-10-14,丸亀,4,3,篠原飛翔,A2,20.00,3,,10.8069,22.6,100,65.8,0.1695,3.439,,,0,低,97,0,ま0% 差ま0%,2 2613,0,62.7,1.1679,0,0,0.0556,0.1111,0,0.0808,0.1423,0.0462,,,E,△,,0.2354,0.603,,0.3725,C,44,0,荒れ傾向。高配当狙いか見送り,0.5777,"{'is_target': True, 'verdict': '参加推奨', 'max_combo_prob': 0.0797, 'est_top_odds': 16.7, 'circle_concentration': 75.7, 'eligible_count': 6, 'bet_adj': 2, 'reason': 'rel_win1=45.5%（本命度） / 最有力組み合わせ確率: 0.080（推定実オッズ?17倍） / 2着集中度: 上位2艇 75.7%（補正+0.04） / 総合判定確率: 0.120 / → ヒモ分散。1号艇1着固定で広めのヒモ流し推奨（買い目+2点）', 'tenji_trigger': '展示確認: ヒモ分散レース。1号艇伸び確認後、広めのヒモ流しを採用。穴ヒモ（5・6号艇）を積極的に含める。'}",,,30,両建て推奨,20.81,31.4,2,,,,,,,,,,,
2025-10-14,丸亀,4,4,藤原仙二,A2,72.22,4,▲,12.1695,11.4,79,57.4,0.1631,3.1111,,,0,低,93,0,-,41122,0,63.6,1.2311,0,0,0.0625,0,0.0625,0,0.08,0.28,,,A,,◎,0.2688,0.577,0.2895,0.3725,C,44,0,荒れ傾向。高配当狙いか見送り,0.5777,"{'is_target': True, 'verdict': '参加推奨', 'max_combo_prob': 0.0797, 'est_top_odds': 16.7, 'circle_concentration': 75.7, 'eligible_count': 6, 'bet_adj': 2, 'reason': 'rel_win1=45.5%（本命度） / 最有力組み合わせ確率: 0.080（推定実オッズ?17倍） / 2着集中度: 上位2艇 75.7%（補正+0.04） / 総合判定確率: 0.120 / → ヒモ分散。1号艇1着固定で広めのヒモ流し推奨（買い目+2点）', 'tenji_trigger': '展示確認: ヒモ分散レース。1号艇伸び確認後、広めのヒモ流しを採用。穴ヒモ（5・6号艇）を積極的に含める。'}",,,30,両建て推奨,20.81,31.4,2,,,,,,,,,,,
2025-10-14,丸亀,4,5,常盤海心,B1,31.25,5,,2.8941,9.3,77,35.2,0.1756,4.0463,,,0,低,136,0,-,2 536,0,31.6,0.9286,,,,,,0.0667,0.6,0.2667,,,D,,,0.2546,0.592,,0.3725,C,44,0,荒れ傾向。高配当狙いか見送り,0.5777,"{'is_target': True, 'verdict': '参加推奨', 'max_combo_prob': 0.0797, 'est_top_odds': 16.7, 'circle_concentration': 75.7, 'eligible_count': 6, 'bet_adj': 2, 'reason': 'rel_win1=45.5%（本命度） / 最有力組み合わせ確率: 0.080（推定実オッズ?17倍） / 2着集中度: 上位2艇 75.7%（補正+0.04） / 総合判定確率: 0.120 / → ヒモ分散。1号艇1着固定で広めのヒモ流し推奨（買い目+2点）', 'tenji_trigger': '展示確認: ヒモ分散レース。1号艇伸び確認後、広めのヒモ流しを採用。穴ヒモ（5・6号艇）を積極的に含める。'}",,,30,両建て推奨,20.81,31.4,2,,,,,,,,,,,
2025-10-14,丸亀,4,6,森　智哉,B1,50.00,6,△,1.158,3.6,47,34.3,0.1654,3.7714,,,0,低,64,0,-,234 56,0,40.9,1.3006,,,,,,0,0.1667,0.3333,,,B,○,,0.2846,0.6105,,0.3725,C,44,0,荒れ傾向。高配当狙いか見送り,0.5777,"{'is_target': True, 'verdict': '参加推奨', 'max_combo_prob': 0.0797, 'est_top_odds': 16.7, 'circle_concentration': 75.7, 'eligible_count': 6, 'bet_adj': 2, 'reason': 'rel_win1=45.5%（本命度） / 最有力組み合わせ確率: 0.080（推定実オッズ?17倍） / 2着集中度: 上位2艇 75.7%（補正+0.04） / 総合判定確率: 0.120 / → ヒモ分散。1号艇1着固定で広めのヒモ流し推奨（買い目+2点）', 'tenji_trigger': '展示確認: ヒモ分散レース。1号艇伸び確認後、広めのヒモ流しを採用。穴ヒモ（5・6号艇）を積極的に含める。'}",,,30,両建て推奨,20.81,31.4,2,,,,,,,,,,,
2025-10-14,丸亀,5,1,大原祥昌,A2,17.65,1,◎,51.8582,,0,82.3,0.1338,2.8088,,,0,低,48,0,逃1%,256 65,0,81.3,1.0499,0.8182,,,,,0,0.1818,0,◎,,E,◎,,,0.651,,0.5556,S,100,0,◎1着固定 2-3着流し（5〜8点）,0.5777,"{'is_target': True, 'verdict': '参加推奨', 'max_combo_prob': 0.0782, 'est_top_odds': 17.1, 'circle_concentration': 67.9, 'eligible_count': 6, 'bet_adj': 2, 'reason': 'rel_win1=51.9%（本命度） / 最有力組み合わせ確率: 0.078（推定実オッズ?17倍） / 2着集中度: 上位2艇 67.9%（補正+0.00） / 総合判定確率: 0.078 / → ヒモ分散。1号艇1着固定で広めのヒモ流し推奨（買い目+2点）', 'tenji_trigger': '展示確認: ヒモ分散レース。1号艇伸び確認後、広めのヒモ流しを採用。穴ヒモ（5・6号艇）を積極的に含める。\n展示で1号艇スタート超安定(0.134秒)→ヒモ固まり方向に注意'}",,,26.8,逃げ狙い,18.01,24.8,3,,,,,0,0,0.7559,0,,逃げ軸流し,A
2025-10-14,丸亀,5,2,山下拓巳,B1,50.00,2,▲,12.7248,26.6,66,39,0.1729,3.8537,,,0,低,122,0,差0% ま0%,462 14,0,21.7,0.6902,0,0.0833,0.0417,0,0,0.0381,0.1143,0.2762,,,A,,,0.0667,0.5625,,0.5556,S,100,0,◎1着固定 2-3着流し（5〜8点）,0.5777,"{'is_target': True, 'verdict': '参加推奨', 'max_combo_prob': 0.0782, 'est_top_odds': 17.1, 'circle_concentration': 67.9, 'eligible_count': 6, 'bet_adj': 2, 'reason': 'rel_win1=51.9%（本命度） / 最有力組み合わせ確率: 0.078（推定実オッズ?17倍） / 2着集中度: 上位2艇 67.9%（補正+0.00） / 総合判定確率: 0.078 / → ヒモ分散。1号艇1着固定で広めのヒモ流し推奨（買い目+2点）', 'tenji_trigger': '展示確認: ヒモ分散レース。1号艇伸び確認後、広めのヒモ流しを採用。穴ヒモ（5・6号艇）を積極的に含める。\n展示で1号艇スタート超安定(0.134秒)→ヒモ固まり方向に注意'}",,,26.8,逃げ狙い,18.01,24.8,3,,,,,,,,,,,
2025-10-14,丸亀,5,3,濱野斗馬,A1,21.05,3,○,14.1518,41.3,80,73.1,0.1292,2.3654,,,0,低,40,0,-,314 12,0,68.3,0.8717,0,0,0,0.0833,0,0.0968,0,0.0323,,,D,○,,0.319,0.638,,0.5556,S,100,0,◎1着固定 2-3着流し（5〜8点）,0.5777,"{'is_target': True, 'verdict': '参加推奨', 'max_combo_prob': 0.0782, 'est_top_odds': 17.1, 'circle_concentration': 67.9, 'eligible_count': 6, 'bet_adj': 2, 'reason': 'rel_win1=51.9%（本命度） / 最有力組み合わせ確率: 0.078（推定実オッズ?17倍） / 2着集中度: 上位2艇 67.9%（補正+0.00） / 総合判定確率: 0.078 / → ヒモ分散。1号艇1着固定で広めのヒモ流し推奨（買い目+2点）', 'tenji_trigger': '展示確認: ヒモ分散レース。1号艇伸び確認後、広めのヒモ流しを採用。穴ヒモ（5・6号艇）を積極的に含める。\n展示で1号艇スタート超安定(0.134秒)→ヒモ固まり方向に注意'}",,,26.8,逃げ狙い,18.01,24.8,3,,,,,,,,,,,
2025-10-14,丸亀,5,4,澁川　夏,B1,42.11,4,△,9.1104,9.9,100,46.3,0.1556,3.4634,,,0,低,68,0,-,5 343,0,54.2,1.0419,,,,,,,,,,,B,△,,0.2272,0.625,,0.5556,S,100,0,◎1着固定 2-3着流し（5〜8点）,0.5777,"{'is_target': True, 'verdict': '参加推奨', 'max_combo_prob': 0.0782, 'est_top_odds': 17.1, 'circle_concentration': 67.9, 'eligible_count': 6, 'bet_adj': 2, 'reason': 'rel_win1=51.9%（本命度） / 最有力組み合わせ確率: 0.078（推定実オッズ?17倍） / 2着集中度: 上位2艇 67.9%（補正+0.00） / 総合判定確率: 0.078 / → ヒモ分散。1号艇1着固定で広めのヒモ流し推奨（買い目+2点）', 'tenji_trigger': '展示確認: ヒモ分散レース。1号艇伸び確認後、広めのヒモ流しを採用。穴ヒモ（5・6号艇）を積極的に含める。\n展示で1号艇スタート超安定(0.134秒)→ヒモ固まり方向に注意'}",,,26.8,逃げ狙い,18.01,24.8,3,,,,,,,,,,,
2025-10-14,丸亀,5,5,川崎智稔,B1,40.00,5,,9.0562,16.2,63,40,0.1398,2.46,,,0,低,62,0,-,565 23,0,86.7,1.4867,0,0,0,0.0455,0.0909,0.2267,0.1733,0.0267,,,B,△,,0.2623,0.6335,,0.5556,S,100,0,◎1着固定 2-3着流し（5〜8点）,0.5777,"{'is_target': True, 'verdict': '参加推奨', 'max_combo_prob': 0.0782, 'est_top_odds': 17.1, 'circle_concentration': 67.9, 'eligible_count': 6, 'bet_adj': 2, 'reason': 'rel_win1=51.9%（本命度） / 最有力組み合わせ確率: 0.078（推定実オッズ?17倍） / 2着集中度: 上位2艇 67.9%（補正+0.00） / 総合判定確率: 0.078 / → ヒモ分散。1号艇1着固定で広めのヒモ流し推奨（買い目+2点）', 'tenji_trigger': '展示確認: ヒモ分散レース。1号艇伸び確認後、広めのヒモ流しを採用。穴ヒモ（5・6号艇）を積極的に含める。\n展示で1号艇スタート超安定(0.134秒)→ヒモ固まり方向に注意'}",,,26.8,逃げ狙い,18.01,24.8,3,,,,,,,,,,,
2025-10-14,丸亀,5,6,為本智也,A2,21.05,6,,3.0986,6,45,30.8,0.1615,2.9615,,,0,低,42,0,ま0%,6F542,0,34.9,1.3161,0,0,0.1111,0,0,0.0333,0.0667,0,,,D,,,0.221,0.6205,,0.5556,S,100,0,◎1着固定 2-3着流し（5〜8点）,0.5777,"{'is_target': True, 'verdict': '参加推奨', 'max_combo_prob': 0.0782, 'est_top_odds': 17.1, 'circle_concentration': 67.9, 'eligible_count': 6, 'bet_adj': 2, 'reason': 'rel_win1=51.9%（本命度） / 最有力組み合わせ確率: 0.078（推定実オッズ?17倍） / 2着集中度: 上位2艇 67.9%（補正+0.00） / 総合判定確率: 0.078 / → ヒモ分散。1号艇1着固定で広めのヒモ流し推奨（買い目+2点）', 'tenji_trigger': '展示確認: ヒモ分散レース。1号艇伸び確認後、広めのヒモ流しを採用。穴ヒモ（5・6号艇）を積極的に含める。\n展示で1号艇スタート超安定(0.134秒)→ヒモ固まり方向に注意'}",,,26.8,逃げ狙い,18.01,24.8,3,,,,,,,,,,,
2025-10-14,丸亀,6,1,田村　慶,A2,52.17,1,◎,57.5038,,0,70,0.1843,4.1,,,0,低,93,0,逃1%,2 6342,0,57.8,0.9449,0.9,,,,,0,0,0,△,,A,△,,,0.5845,,0.3128,A,62,0,◎-○軸 3着3〜4艇流し（10〜15点）,0.5777,"{'is_target': True, 'verdict': '参加推奨', 'max_combo_prob': 0.0583, 'est_top_odds': 22.9, 'circle_concentration': 52.8, 'eligible_count': 8, 'bet_adj': 2, 'reason': 'rel_win1=57.5%（本命度） / 最有力組み合わせ確率: 0.058（推定実オッズ?23倍） / 2着集中度: 上位2艇 52.8%（補正-0.04） / 総合判定確率: 0.018 / → ヒモ分散。1号艇1着固定で広めのヒモ流し推奨（買い目+2点）', 'tenji_trigger': '展示確認: ヒモ分散レース。1号艇伸び確認後、広めのヒモ流しを採用。穴ヒモ（5・6号艇）を積極的に含める。\n展示で1号艇スタート遅め(0.184秒)確認→ヒモが荒れやすい'}",,,26.5,両建て推奨,16.48,25.1,5,4-1-5|4-1-3|4-1-2|1-4-5|1-4-2|1-2-5,6-1-2|4-1-5|6-1-3|6-2-1|5-1-2|5-1-3|6-3-1|4-1-3|4-1-2|1-4-5|1-4-2|1-2-5,4-1-5:2.85%|4-1-3:15.15%|4-1-2:11.03%|1-4-5:5.24%|1-4-2:5.03%|1-2-5:4.89%,4-1-5:B_main|4-1-3:B_sc|4-1-2:B_sc|1-4-5:A|1-4-2:A|1-2-5:A,6,12,0.4535,1,[!]見送り推奨（主役決まり手「まくり差し」― 逃げ劣勢レースで的中実績なし）,荒れ広め,D
2025-10-14,丸亀,6,2,本村　大,B1,11.76,2,,7.5537,25.3,68,32.5,0.1852,4.3125,,,0,低,117,0,ま0% 抜0%,5 555,0,100,0.5867,0,0,0.0476,0,0.0476,0.0667,0,0.1444,,,E,○,,0.2964,0.617,,0.3128,A,62,0,◎-○軸 3着3〜4艇流し（10〜15点）,0.5777,"{'is_target': True, 'verdict': '参加推奨', 'max_combo_prob': 0.0583, 'est_top_odds': 22.9, 'circle_concentration': 52.8, 'eligible_count': 8, 'bet_adj': 2, 'reason': 'rel_win1=57.5%（本命度） / 最有力組み合わせ確率: 0.058（推定実オッズ?23倍） / 2着集中度: 上位2艇 52.8%（補正-0.04） / 総合判定確率: 0.018 / → ヒモ分散。1号艇1着固定で広めのヒモ流し推奨（買い目+2点）', 'tenji_trigger': '展示確認: ヒモ分散レース。1号艇伸び確認後、広めのヒモ流しを採用。穴ヒモ（5・6号艇）を積極的に含める。\n展示で1号艇スタート遅め(0.184秒)確認→ヒモが荒れやすい'}",,,26.5,両建て推奨,16.48,25.1,5,,,,,,,,,,,
2025-10-14,丸亀,6,3,原田雄次,A2,12.00,3,,11.4005,27.5,85,60.9,0.1907,3.9022,,,0,低,136,0,差ま0%,342 12,0,42.7,1.1344,0,0,0,0.0625,0,0,0.25,0.375,,,E,,,0.2598,0.5155,,0.3128,A,62,0,◎-○軸 3着3〜4艇流し（10〜15点）,0.5777,"{'is_target': True, 'verdict': '参加推奨', 'max_combo_prob': 0.0583, 'est_top_odds': 22.9, 'circle_concentration': 52.8, 'eligible_count': 8, 'bet_adj': 2, 'reason': 'rel_win1=57.5%（本命度） / 最有力組み合わせ確率: 0.058（推定実オッズ?23倍） / 2着集中度: 上位2艇 52.8%（補正-0.04） / 総合判定確率: 0.018 / → ヒモ分散。1号艇1着固定で広めのヒモ流し推奨（買い目+2点）', 'tenji_trigger': '展示確認: ヒモ分散レース。1号艇伸び確認後、広めのヒモ流しを採用。穴ヒモ（5・6号艇）を積極的に含める。\n展示で1号艇スタート遅め(0.184秒)確認→ヒモが荒れやすい'}",,,26.5,両建て推奨,16.48,25.1,5,,,,,,,,,,,
2025-10-14,丸亀,6,4,小林甘寧,B2,27.78,4,△,8.2799,25.4,80,60,0.143,2.75,,,0,低,49,1,差ま0%,664 55,0,56.3,1.1617,0,0,0,0.1,0,1,0,0,,◎,C,,,0.4593,0.5545,,0.3128,A,62,0,◎-○軸 3着3〜4艇流し（10〜15点）,0.5777,"{'is_target': True, 'verdict': '参加推奨', 'max_combo_prob': 0.0583, 'est_top_odds': 22.9, 'circle_concentration': 52.8, 'eligible_count': 8, 'bet_adj': 2, 'reason': 'rel_win1=57.5%（本命度） / 最有力組み合わせ確率: 0.058（推定実オッズ?23倍） / 2着集中度: 上位2艇 52.8%（補正-0.04） / 総合判定確率: 0.018 / → ヒモ分散。1号艇1着固定で広めのヒモ流し推奨（買い目+2点）', 'tenji_trigger': '展示確認: ヒモ分散レース。1号艇伸び確認後、広めのヒモ流しを採用。穴ヒモ（5・6号艇）を積極的に含める。\n展示で1号艇スタート遅め(0.184秒)確認→ヒモが荒れやすい'}",,,26.5,両建て推奨,16.48,25.1,5,,,,,,,,,,,
2025-10-14,丸亀,6,5,砂長知輝,A1,29.41,5,▲,14.1319,21.5,100,72.4,0.1807,3.6552,,,0,低,57,0,ま0% 差ま0%,42515,0,25.8,2.186,0,0,0.1,0.1,0,0,0.2,0.025,,,C,◎,◎,0.3212,0.6395,0.2807,0.3128,A,62,0,◎-○軸 3着3〜4艇流し（10〜15点）,0.5777,"{'is_target': True, 'verdict': '参加推奨', 'max_combo_prob': 0.0583, 'est_top_odds': 22.9, 'circle_concentration': 52.8, 'eligible_count': 8, 'bet_adj': 2, 'reason': 'rel_win1=57.5%（本命度） / 最有力組み合わせ確率: 0.058（推定実オッズ?23倍） / 2着集中度: 上位2艇 52.8%（補正-0.04） / 総合判定確率: 0.018 / → ヒモ分散。1号艇1着固定で広めのヒモ流し推奨（買い目+2点）', 'tenji_trigger': '展示確認: ヒモ分散レース。1号艇伸び確認後、広めのヒモ流しを採用。穴ヒモ（5・6号艇）を積極的に含める。\n展示で1号艇スタート遅め(0.184秒)確認→ヒモが荒れやすい'}",,,26.5,両建て推奨,16.48,25.1,5,,,,,,,,,,,
2025-10-14,丸亀,6,6,嘉手苅徹,B1,31.58,6,○,1.1301,0.4,23,3.6,0.1799,4.2188,,,0,低,87,0,-,5 46F,0,35.2,0.7889,,,,,,0.28,0.36,0,,,B,△,,0.3242,0.5685,,0.3128,A,62,0,◎-○軸 3着3〜4艇流し（10〜15点）,0.5777,"{'is_target': True, 'verdict': '参加推奨', 'max_combo_prob': 0.0583, 'est_top_odds': 22.9, 'circle_concentration': 52.8, 'eligible_count': 8, 'bet_adj': 2, 'reason': 'rel_win1=57.5%（本命度） / 最有力組み合わせ確率: 0.058（推定実オッズ?23倍） / 2着集中度: 上位2艇 52.8%（補正-0.04） / 総合判定確率: 0.018 / → ヒモ分散。1号艇1着固定で広めのヒモ流し推奨（買い目+2点）', 'tenji_trigger': '展示確認: ヒモ分散レース。1号艇伸び確認後、広めのヒモ流しを採用。穴ヒモ（5・6号艇）を積極的に含める。\n展示で1号艇スタート遅め(0.184秒)確認→ヒモが荒れやすい'}",,,26.5,両建て推奨,16.48,25.1,5,,,,,,,,,,,
2025-10-14,丸亀,7,1,中野希一,A1,10.53,1,◎,48.5162,,0,64.1,0.1669,3.3846,,,0,低,71,0,逃0%,166 13,0,69.7,0.8491,0.4091,,,,,0.1818,0.3636,0.0455,△,,E,△,,,0.5435,,0.325,A,61,0,◎-○軸 3着3〜4艇流し（10〜15点）,0.5777,"{'is_target': True, 'verdict': '点数絞り', 'max_combo_prob': 0.0943, 'est_top_odds': 14.1, 'circle_concentration': 76.3, 'eligible_count': 8, 'bet_adj': 0, 'reason': 'rel_win1=48.5%（本命度） / 最有力組み合わせ確率: 0.094（推定実オッズ?14倍） / 2着集中度: 上位2艇 76.3%（補正+0.04） / 総合判定確率: 0.134 / → ヒモはやや固め。上位2艇以外を切ること', 'tenji_trigger': '展示確認: 1号艇伸び良→そのまま採用。悪→飛び組に差し替え。circle_pct上位2艇に絞り込むこと。'}",,,31.2,両建て推奨,17.54,37.6,2,3-5-4|3-4-5|3-4-2|3-5-2|3-2-4|3-2-5|3-4-6|1-3-2|1-2-3|1-3-5|1-2-5,3-5-4|3-4-5|3-4-2|3-5-2|3-2-4|3-2-5|3-4-6|1-3-2|1-2-3|1-3-5|6-1-2|1-2-5,3-5-4:1.79%|3-4-5:1.61%|3-4-2:0.77%|3-5-2:0.75%|3-2-4:0.75%|3-2-5:0.65%|3-4-6:0.65%|1-3-2:7.11%|1-2-3:6.18%|1-3-5:5.68%|1-2-5:4.57%,3-5-4:B_main|3-4-5:B_main|3-4-2:B_main|3-5-2:B_main|3-2-4:B_main|3-2-5:B_main|3-4-6:B_main|1-3-2:A|1-2-3:A|1-3-5:A|1-2-5:A,11,12,0.4535,1,[!]見送り推奨（主役決まり手「まくり」― 逃げ劣勢レースで的中実績なし）,主役軸流し,B
2025-10-14,丸亀,7,2,宮脇遼太,A2,50.00,2,○,26.5342,33.6,100,65.8,0.1716,3.5395,,,0,低,70,0,差0% ま0% 抜0%,3 2126,0,77.4,1.2231,0,0.2,0.1333,0,0.0667,0.1906,0,0.0706,,,A,△,,0.3253,0.5925,,0.325,A,61,0,◎-○軸 3着3〜4艇流し（10〜15点）,0.5777,"{'is_target': True, 'verdict': '点数絞り', 'max_combo_prob': 0.0943, 'est_top_odds': 14.1, 'circle_concentration': 76.3, 'eligible_count': 8, 'bet_adj': 0, 'reason': 'rel_win1=48.5%（本命度） / 最有力組み合わせ確率: 0.094（推定実オッズ?14倍） / 2着集中度: 上位2艇 76.3%（補正+0.04） / 総合判定確率: 0.134 / → ヒモはやや固め。上位2艇以外を切ること', 'tenji_trigger': '展示確認: 1号艇伸び良→そのまま採用。悪→飛び組に差し替え。circle_pct上位2艇に絞り込むこと。'}",,,31.2,両建て推奨,17.54,37.6,2,,,,,,,,,,,
2025-10-14,丸亀,7,3,石本裕武,A1,35.00,3,▲,13.2204,42.8,78,64.3,0.1182,2.8393,,,0,低,35,0,ま0% 差ま0%,15125,0,72.5,1.234,0,0,0.0714,0.0714,0,0,0.0909,0.0909,,◎,C,◎,,0.5114,0.657,,0.325,A,61,0,◎-○軸 3着3〜4艇流し（10〜15点）,0.5777,"{'is_target': True, 'verdict': '点数絞り', 'max_combo_prob': 0.0943, 'est_top_odds': 14.1, 'circle_concentration': 76.3, 'eligible_count': 8, 'bet_adj': 0, 'reason': 'rel_win1=48.5%（本命度） / 最有力組み合わせ確率: 0.094（推定実オッズ?14倍） / 2着集中度: 上位2艇 76.3%（補正+0.04） / 総合判定確率: 0.134 / → ヒモはやや固め。上位2艇以外を切ること', 'tenji_trigger': '展示確認: 1号艇伸び良→そのまま採用。悪→飛び組に差し替え。circle_pct上位2艇に絞り込むこと。'}",,,31.2,両建て推奨,17.54,37.6,2,,,,,,,,,,,
2025-10-14,丸亀,7,4,山下心一,B2,36.84,4,△,7.9966,14.8,55,24,0.1644,3.2,,,0,低,60,0,差ま0%,6 665,0,35,0.6606,0,0,0,0.04,0,,,,,,B,,,0.3464,0.494,,0.325,A,61,0,◎-○軸 3着3〜4艇流し（10〜15点）,0.5777,"{'is_target': True, 'verdict': '点数絞り', 'max_combo_prob': 0.0943, 'est_top_odds': 14.1, 'circle_concentration': 76.3, 'eligible_count': 8, 'bet_adj': 0, 'reason': 'rel_win1=48.5%（本命度） / 最有力組み合わせ確率: 0.094（推定実オッズ?14倍） / 2着集中度: 上位2艇 76.3%（補正+0.04） / 総合判定確率: 0.134 / → ヒモはやや固め。上位2艇以外を切ること', 'tenji_trigger': '展示確認: 1号艇伸び良→そのまま採用。悪→飛び組に差し替え。circle_pct上位2艇に絞り込むこと。'}",,,31.2,両建て推奨,17.54,37.6,2,,,,,,,,,,,
2025-10-14,丸亀,7,5,山口晃朋,B1,26.32,5,,2.58,8.5,52,22.7,0.1611,3.4205,,,0,低,72,0,-,1 452,0,28.1,0.6745,,,,,,0.1079,0,0.0444,,,D,○,,0.3867,0.6005,,0.325,A,61,0,◎-○軸 3着3〜4艇流し（10〜15点）,0.5777,"{'is_target': True, 'verdict': '点数絞り', 'max_combo_prob': 0.0943, 'est_top_odds': 14.1, 'circle_concentration': 76.3, 'eligible_count': 8, 'bet_adj': 0, 'reason': 'rel_win1=48.5%（本命度） / 最有力組み合わせ確率: 0.094（推定実オッズ?14倍） / 2着集中度: 上位2艇 76.3%（補正+0.04） / 総合判定確率: 0.134 / → ヒモはやや固め。上位2艇以外を切ること', 'tenji_trigger': '展示確認: 1号艇伸び良→そのまま採用。悪→飛び組に差し替え。circle_pct上位2艇に絞り込むこと。'}",,,31.2,両建て推奨,17.54,37.6,2,,,,,,,,,,,
2025-10-14,丸亀,7,6,上岡巧汰,B2,30.00,6,,1.1526,0.4,13,1.2,0.1698,3.657,,,0,低,35,0,-,661 56,0,25.5,0.7867,,,,,,,,,,,D,,,0.3553,0.483,,0.325,A,61,0,◎-○軸 3着3〜4艇流し（10〜15点）,0.5777,"{'is_target': True, 'verdict': '点数絞り', 'max_combo_prob': 0.0943, 'est_top_odds': 14.1, 'circle_concentration': 76.3, 'eligible_count': 8, 'bet_adj': 0, 'reason': 'rel_win1=48.5%（本命度） / 最有力組み合わせ確率: 0.094（推定実オッズ?14倍） / 2着集中度: 上位2艇 76.3%（補正+0.04） / 総合判定確率: 0.134 / → ヒモはやや固め。上位2艇以外を切ること', 'tenji_trigger': '展示確認: 1号艇伸び良→そのまま採用。悪→飛び組に差し替え。circle_pct上位2艇に絞り込むこと。'}",,,31.2,両建て推奨,17.54,37.6,2,,,,,,,,,,,
2025-10-14,丸亀,8,1,西岡顕心,A1,11.76,1,◎,69.0708,,0,88.2,0.1341,3.1471,,,0,低,55,0,逃1%,12131,0,82.5,0.9972,0.8571,,,,,0,0.0714,0,◎,,D,△,,,0.6245,,0.6197,S,84,0,◎1着固定 2-3着流し（5〜8点）,0.5777,"{'is_target': True, 'verdict': '点数絞り', 'max_combo_prob': 0.1122, 'est_top_odds': 11.9, 'circle_concentration': 72.2, 'eligible_count': 6, 'bet_adj': 0, 'reason': 'rel_win1=69.1%（本命度） / 最有力組み合わせ確率: 0.112（推定実オッズ?12倍） / 2着集中度: 上位2艇 72.2%（補正+0.04） / 総合判定確率: 0.152 / → ヒモはやや固め。上位2艇以外を切ること', 'tenji_trigger': '展示確認: 1号艇伸び良→そのまま採用。悪→飛び組に差し替え。circle_pct上位2艇に絞り込むこと。\n展示で1号艇スタート超安定(0.134秒)→ヒモ固まり方向に注意'}",,,26.3,逃げ狙い,18.35,22.9,2,,,,,0,0,0.7559,0,,逃げ軸流し,A
2025-10-14,丸亀,8,2,眞鳥章太,A2,40.00,2,○,15.821,49.4,65,65.1,0.1489,3.1905,,,0,低,108,0,-,133314,0,21.8,0.6414,0,0.25,0,0,0.0714,0.0364,0.0364,0.0721,,,A,○,,0.2114,0.6335,,0.6197,S,84,0,◎1着固定 2-3着流し（5〜8点）,0.5777,"{'is_target': True, 'verdict': '点数絞り', 'max_combo_prob': 0.1122, 'est_top_odds': 11.9, 'circle_concentration': 72.2, 'eligible_count': 6, 'bet_adj': 0, 'reason': 'rel_win1=69.1%（本命度） / 最有力組み合わせ確率: 0.112（推定実オッズ?12倍） / 2着集中度: 上位2艇 72.2%（補正+0.04） / 総合判定確率: 0.152 / → ヒモはやや固め。上位2艇以外を切ること', 'tenji_trigger': '展示確認: 1号艇伸び良→そのまま採用。悪→飛び組に差し替え。circle_pct上位2艇に絞り込むこと。\n展示で1号艇スタート超安定(0.134秒)→ヒモ固まり方向に注意'}",,,26.3,逃げ狙い,18.35,22.9,2,,,,,,,,,,,
2025-10-14,丸亀,8,3,富田恕生,B1,40.00,3,▲,7.7512,22.8,94,51.2,0.1777,3.8256,,,0,低,88,0,差0%,1 254,0,39.2,0.914,0,0.0714,0,0,0,0.1667,0.1667,0,,,A,◎,,0.1068,0.64,,0.6197,S,84,0,◎1着固定 2-3着流し（5〜8点）,0.5777,"{'is_target': True, 'verdict': '点数絞り', 'max_combo_prob': 0.1122, 'est_top_odds': 11.9, 'circle_concentration': 72.2, 'eligible_count': 6, 'bet_adj': 0, 'reason': 'rel_win1=69.1%（本命度） / 最有力組み合わせ確率: 0.112（推定実オッズ?12倍） / 2着集中度: 上位2艇 72.2%（補正+0.04） / 総合判定確率: 0.152 / → ヒモはやや固め。上位2艇以外を切ること', 'tenji_trigger': '展示確認: 1号艇伸び良→そのまま採用。悪→飛び組に差し替え。circle_pct上位2艇に絞り込むこと。\n展示で1号艇スタート超安定(0.134秒)→ヒモ固まり方向に注意'}",,,26.3,逃げ狙い,18.35,22.9,2,,,,,,,,,,,
2025-10-14,丸亀,8,4,浦野　海,A2,17.65,4,△,2.9449,18.1,100,44.4,0.1775,3.8889,,,0,低,75,0,-,433 45,0,40.6,0.844,,,,,,0,0.1111,0.1422,,,D,,,0.1441,0.579,,0.6197,S,84,0,◎1着固定 2-3着流し（5〜8点）,0.5777,"{'is_target': True, 'verdict': '点数絞り', 'max_combo_prob': 0.1122, 'est_top_odds': 11.9, 'circle_concentration': 72.2, 'eligible_count': 6, 'bet_adj': 0, 'reason': 'rel_win1=69.1%（本命度） / 最有力組み合わせ確率: 0.112（推定実オッズ?12倍） / 2着集中度: 上位2艇 72.2%（補正+0.04） / 総合判定確率: 0.152 / → ヒモはやや固め。上位2艇以外を切ること', 'tenji_trigger': '展示確認: 1号艇伸び良→そのまま採用。悪→飛び組に差し替え。circle_pct上位2艇に絞り込むこと。\n展示で1号艇スタート超安定(0.134秒)→ヒモ固まり方向に注意'}",,,26.3,逃げ狙い,18.35,22.9,2,,,,,,,,,,,
2025-10-14,丸亀,8,5,村松栄太,B1,10.53,5,,2.4976,9.4,73,29.8,0.1868,4.0532,,,0,低,99,0,-,6 65S,0,44.6,0.8745,,,,,,0.1808,0.0923,0.0308,,,E,△,,0.1423,0.5975,,0.6197,S,84,0,◎1着固定 2-3着流し（5〜8点）,0.5777,"{'is_target': True, 'verdict': '点数絞り', 'max_combo_prob': 0.1122, 'est_top_odds': 11.9, 'circle_concentration': 72.2, 'eligible_count': 6, 'bet_adj': 0, 'reason': 'rel_win1=69.1%（本命度） / 最有力組み合わせ確率: 0.112（推定実オッズ?12倍） / 2着集中度: 上位2艇 72.2%（補正+0.04） / 総合判定確率: 0.152 / → ヒモはやや固め。上位2艇以外を切ること', 'tenji_trigger': '展示確認: 1号艇伸び良→そのまま採用。悪→飛び組に差し替え。circle_pct上位2艇に絞り込むこと。\n展示で1号艇スタート超安定(0.134秒)→ヒモ固まり方向に注意'}",,,26.3,逃げ狙い,18.35,22.9,2,,,,,,,,,,,
2025-10-14,丸亀,8,6,宮崎心之,B1,29.41,6,,1.9146,0.3,37,11,0.1963,4.1098,,,0,低,60,0,差ま0%,4 656,0,35.2,0.8378,0,0,0,0.0238,0,0,0.2,0.2,,,B,,,0.1012,0.549,,0.6197,S,84,0,◎1着固定 2-3着流し（5〜8点）,0.5777,"{'is_target': True, 'verdict': '点数絞り', 'max_combo_prob': 0.1122, 'est_top_odds': 11.9, 'circle_concentration': 72.2, 'eligible_count': 6, 'bet_adj': 0, 'reason': 'rel_win1=69.1%（本命度） / 最有力組み合わせ確率: 0.112（推定実オッズ?12倍） / 2着集中度: 上位2艇 72.2%（補正+0.04） / 総合判定確率: 0.152 / → ヒモはやや固め。上位2艇以外を切ること', 'tenji_trigger': '展示確認: 1号艇伸び良→そのまま採用。悪→飛び組に差し替え。circle_pct上位2艇に絞り込むこと。\n展示で1号艇スタート超安定(0.134秒)→ヒモ固まり方向に注意'}",,,26.3,逃げ狙い,18.35,22.9,2,,,,,,,,,,,
2025-10-14,丸亀,9,1,高井雄基,A1,33.33,1,◎,52.2716,,0,88.9,0.1481,3.2361,,,0,低,86,0,逃0%,345144,0,82.1,1.1196,0.5,,,,,0,0.0889,0.0444,○,,D,△,,,0.579,,0.4102,A,67,0,◎-○軸 3着3〜4艇流し（10〜15点）,0.5777,"{'is_target': True, 'verdict': '点数絞り', 'max_combo_prob': 0.0953, 'est_top_odds': 14.0, 'circle_concentration': 83.4, 'eligible_count': 8, 'bet_adj': 0, 'reason': 'rel_win1=52.3%（本命度） / 最有力組み合わせ確率: 0.095（推定実オッズ?14倍） / 2着集中度: 上位2艇 83.4%（補正+0.04） / 総合判定確率: 0.135 / → ヒモはやや固め。上位2艇以外を切ること', 'tenji_trigger': '展示確認: 1号艇伸び良→そのまま採用。悪→飛び組に差し替え。circle_pct上位2艇に絞り込むこと。'}",,,28.2,逃げ狙い,22.45,24.8,3,,,,,0,0,0.6155,0,,逃げ軸流し,A
2025-10-14,丸亀,9,2,津田陸翔,A2,40.00,2,▲,12.3591,32.7,100,62.2,0.1743,3.8784,,,0,低,80,0,差0% ま0%,322632,0,41,1.0088,0,0.0556,0.1111,0,0,0,0.0842,0.2421,,,C,○,,0.0685,0.6525,,0.4102,A,67,0,◎-○軸 3着3〜4艇流し（10〜15点）,0.5777,"{'is_target': True, 'verdict': '点数絞り', 'max_combo_prob': 0.0953, 'est_top_odds': 14.0, 'circle_concentration': 83.4, 'eligible_count': 8, 'bet_adj': 0, 'reason': 'rel_win1=52.3%（本命度） / 最有力組み合わせ確率: 0.095（推定実オッズ?14倍） / 2着集中度: 上位2艇 83.4%（補正+0.04） / 総合判定確率: 0.135 / → ヒモはやや固め。上位2艇以外を切ること', 'tenji_trigger': '展示確認: 1号艇伸び良→そのまま採用。悪→飛び組に差し替え。circle_pct上位2艇に絞り込むこと。'}",,,28.2,逃げ狙い,22.45,24.8,3,,,,,,,,,,,
2025-10-14,丸亀,9,3,板橋侑我,A1,63.64,3,○,24.2417,50.7,50,82.1,0.115,2.1786,,,0,低,35,0,差0% ま0% 差ま0% 抜0%,631 31,0,91.1,1.8117,0,0.1538,0.0769,0.2308,0.0769,,,,,◎,A,◎,,0.5052,0.6715,,0.4102,A,67,0,◎-○軸 3着3〜4艇流し（10〜15点）,0.5777,"{'is_target': True, 'verdict': '点数絞り', 'max_combo_prob': 0.0953, 'est_top_odds': 14.0, 'circle_concentration': 83.4, 'eligible_count': 8, 'bet_adj': 0, 'reason': 'rel_win1=52.3%（本命度） / 最有力組み合わせ確率: 0.095（推定実オッズ?14倍） / 2着集中度: 上位2艇 83.4%（補正+0.04） / 総合判定確率: 0.135 / → ヒモはやや固め。上位2艇以外を切ること', 'tenji_trigger': '展示確認: 1号艇伸び良→そのまま採用。悪→飛び組に差し替え。circle_pct上位2艇に絞り込むこと。'}",,,28.2,逃げ狙い,22.45,24.8,3,,,,,,,,,,,
2025-10-14,丸亀,9,4,網代良芽,B1,20.00,4,,6.6597,9.3,94,57.9,0.1774,3.3684,,,0,低,76,0,ま0% 差ま0%,3 342,0,49.9,1.0715,0,0,0.0769,0.0769,0,0.2389,0.2833,0.4778,,,E,,,0.1817,0.5435,,0.4102,A,67,0,◎-○軸 3着3〜4艇流し（10〜15点）,0.5777,"{'is_target': True, 'verdict': '点数絞り', 'max_combo_prob': 0.0953, 'est_top_odds': 14.0, 'circle_concentration': 83.4, 'eligible_count': 8, 'bet_adj': 0, 'reason': 'rel_win1=52.3%（本命度） / 最有力組み合わせ確率: 0.095（推定実オッズ?14倍） / 2着集中度: 上位2艇 83.4%（補正+0.04） / 総合判定確率: 0.135 / → ヒモはやや固め。上位2艇以外を切ること', 'tenji_trigger': '展示確認: 1号艇伸び良→そのまま採用。悪→飛び組に差し替え。circle_pct上位2艇に絞り込むこと。'}",,,28.2,逃げ狙い,22.45,24.8,3,,,,,,,,,,,
2025-10-14,丸亀,9,5,有山　望,B2,47.37,5,△,2.4421,4.2,45,17.9,0.1796,3.875,,,0,低,45,0,-,556 66,0,26.6,0.6483,,,,,,,,,,,B,,,0.2111,0.4945,,0.4102,A,67,0,◎-○軸 3着3〜4艇流し（10〜15点）,0.5777,"{'is_target': True, 'verdict': '点数絞り', 'max_combo_prob': 0.0953, 'est_top_odds': 14.0, 'circle_concentration': 83.4, 'eligible_count': 8, 'bet_adj': 0, 'reason': 'rel_win1=52.3%（本命度） / 最有力組み合わせ確率: 0.095（推定実オッズ?14倍） / 2着集中度: 上位2艇 83.4%（補正+0.04） / 総合判定確率: 0.135 / → ヒモはやや固め。上位2艇以外を切ること', 'tenji_trigger': '展示確認: 1号艇伸び良→そのまま採用。悪→飛び組に差し替え。circle_pct上位2艇に絞り込むこと。'}",,,28.2,逃げ狙い,22.45,24.8,3,,,,,,,,,,,
2025-10-14,丸亀,9,6,坂井滉哉,B1,33.33,6,,2.0258,3.1,39,14.1,0.1439,2.8906,,,0,低,72,0,ま0%,451 53,0,31.1,0.8,0,0,0.0625,0,0,0.0667,0.0667,0.3067,,,D,△,,0.3034,0.618,,0.4102,A,67,0,◎-○軸 3着3〜4艇流し（10〜15点）,0.5777,"{'is_target': True, 'verdict': '点数絞り', 'max_combo_prob': 0.0953, 'est_top_odds': 14.0, 'circle_concentration': 83.4, 'eligible_count': 8, 'bet_adj': 0, 'reason': 'rel_win1=52.3%（本命度） / 最有力組み合わせ確率: 0.095（推定実オッズ?14倍） / 2着集中度: 上位2艇 83.4%（補正+0.04） / 総合判定確率: 0.135 / → ヒモはやや固め。上位2艇以外を切ること', 'tenji_trigger': '展示確認: 1号艇伸び良→そのまま採用。悪→飛び組に差し替え。circle_pct上位2艇に絞り込むこと。'}",,,28.2,逃げ狙い,22.45,24.8,3,,,,,,,,,,,
2025-10-14,丸亀,10,1,佐々木翔,A1,42.86,1,◎,59.165,,0,84.9,0.1421,2.7803,,,0,低,101,0,逃1%,1 4461,0,66.8,0.9359,0.5161,,,,,0.0387,0.1373,0.1502,◎,,B,△,,,0.5985,,0.5592,A,77,0,◎-○軸 3着3〜4艇流し（10〜15点）,0.5777,"{'is_target': True, 'verdict': '参加推奨', 'max_combo_prob': 0.0668, 'est_top_odds': 20.0, 'circle_concentration': 67.9, 'eligible_count': 8, 'bet_adj': 2, 'reason': 'rel_win1=59.2%（本命度） / 最有力組み合わせ確率: 0.067（推定実オッズ?20倍） / 2着集中度: 上位2艇 67.9%（補正+0.00） / 総合判定確率: 0.067 / → ヒモ分散。1号艇1着固定で広めのヒモ流し推奨（買い目+2点）', 'tenji_trigger': '展示確認: ヒモ分散レース。1号艇伸び確認後、広めのヒモ流しを採用。穴ヒモ（5・6号艇）を積極的に含める。'}",,,29.4,逃げ狙い,22.5,28.3,3,,,,,0,0,0.7559,0,,逃げ軸流し,A
2025-10-14,丸亀,10,2,原田雄次,A2,12.00,2,,8.0182,30.8,87,45.6,0.1696,4.2826,,,0,低,136,0,-,342 12,0,71,1.3586,,,,,,0,0.25,0.375,,,E,,,0.0833,0.5155,,0.5592,A,77,0,◎-○軸 3着3〜4艇流し（10〜15点）,0.5777,"{'is_target': True, 'verdict': '参加推奨', 'max_combo_prob': 0.0668, 'est_top_odds': 20.0, 'circle_concentration': 67.9, 'eligible_count': 8, 'bet_adj': 2, 'reason': 'rel_win1=59.2%（本命度） / 最有力組み合わせ確率: 0.067（推定実オッズ?20倍） / 2着集中度: 上位2艇 67.9%（補正+0.00） / 総合判定確率: 0.067 / → ヒモ分散。1号艇1着固定で広めのヒモ流し推奨（買い目+2点）', 'tenji_trigger': '展示確認: ヒモ分散レース。1号艇伸び確認後、広めのヒモ流しを採用。穴ヒモ（5・6号艇）を積極的に含める。'}",,,29.4,逃げ狙い,22.5,28.3,3,,,,,,,,,,,
2025-10-14,丸亀,10,3,中村泰平,A1,71.43,3,○,21.6653,37.1,100,78.8,0.1682,3.3333,,,0,低,80,0,ま0% 差ま0% 抜0%,242211,0,87.7,1.6963,0,0,0.0714,0.2857,0.0714,0.1864,0.0182,0.0364,,,A,○,,0.2335,0.6085,,0.5592,A,77,0,◎-○軸 3着3〜4艇流し（10〜15点）,0.5777,"{'is_target': True, 'verdict': '参加推奨', 'max_combo_prob': 0.0668, 'est_top_odds': 20.0, 'circle_concentration': 67.9, 'eligible_count': 8, 'bet_adj': 2, 'reason': 'rel_win1=59.2%（本命度） / 最有力組み合わせ確率: 0.067（推定実オッズ?20倍） / 2着集中度: 上位2艇 67.9%（補正+0.00） / 総合判定確率: 0.067 / → ヒモ分散。1号艇1着固定で広めのヒモ流し推奨（買い目+2点）', 'tenji_trigger': '展示確認: ヒモ分散レース。1号艇伸び確認後、広めのヒモ流しを採用。穴ヒモ（5・6号艇）を積極的に含める。'}",,,29.4,逃げ狙い,22.5,28.3,3,,,,,,,,,,,
2025-10-14,丸亀,10,4,佐藤太亮,B1,38.89,4,△,6.2731,19.1,54,29.7,0.1495,2.8649,,,0,低,72,0,-,5 134,0,24.2,0.6815,,,,,,0,0.3333,0.3333,,,C,△,,0.2969,0.6,,0.5592,A,77,0,◎-○軸 3着3〜4艇流し（10〜15点）,0.5777,"{'is_target': True, 'verdict': '参加推奨', 'max_combo_prob': 0.0668, 'est_top_odds': 20.0, 'circle_concentration': 67.9, 'eligible_count': 8, 'bet_adj': 2, 'reason': 'rel_win1=59.2%（本命度） / 最有力組み合わせ確率: 0.067（推定実オッズ?20倍） / 2着集中度: 上位2艇 67.9%（補正+0.00） / 総合判定確率: 0.067 / → ヒモ分散。1号艇1着固定で広めのヒモ流し推奨（買い目+2点）', 'tenji_trigger': '展示確認: ヒモ分散レース。1号艇伸び確認後、広めのヒモ流しを採用。穴ヒモ（5・6号艇）を積極的に含める。'}",,,29.4,逃げ狙い,22.5,28.3,3,,,,,,,,,,,
2025-10-14,丸亀,10,5,澁川　夏,B1,42.11,5,▲,3.8727,11.7,75,29.7,0.1551,3.2432,,,0,低,68,0,-,5 343,0,39.3,0.8612,,,,,,,,,,,C,◎,,0.2892,0.625,,0.5592,A,77,0,◎-○軸 3着3〜4艇流し（10〜15点）,0.5777,"{'is_target': True, 'verdict': '参加推奨', 'max_combo_prob': 0.0668, 'est_top_odds': 20.0, 'circle_concentration': 67.9, 'eligible_count': 8, 'bet_adj': 2, 'reason': 'rel_win1=59.2%（本命度） / 最有力組み合わせ確率: 0.067（推定実オッズ?20倍） / 2着集中度: 上位2艇 67.9%（補正+0.00） / 総合判定確率: 0.067 / → ヒモ分散。1号艇1着固定で広めのヒモ流し推奨（買い目+2点）', 'tenji_trigger': '展示確認: ヒモ分散レース。1号艇伸び確認後、広めのヒモ流しを採用。穴ヒモ（5・6号艇）を積極的に含める。'}",,,29.4,逃げ狙い,22.5,28.3,3,,,,,,,,,,,
2025-10-14,丸亀,10,6,常盤海心,B1,31.25,6,,1.0057,1.3,70,18.4,0.2084,4.5921,,,0,低,136,0,-,2 536,0,26.6,0.8356,,,,,,0.0667,0.6,0.2667,,,D,,,0.1556,0.592,,0.5592,A,77,0,◎-○軸 3着3〜4艇流し（10〜15点）,0.5777,"{'is_target': True, 'verdict': '参加推奨', 'max_combo_prob': 0.0668, 'est_top_odds': 20.0, 'circle_concentration': 67.9, 'eligible_count': 8, 'bet_adj': 2, 'reason': 'rel_win1=59.2%（本命度） / 最有力組み合わせ確率: 0.067（推定実オッズ?20倍） / 2着集中度: 上位2艇 67.9%（補正+0.00） / 総合判定確率: 0.067 / → ヒモ分散。1号艇1着固定で広めのヒモ流し推奨（買い目+2点）', 'tenji_trigger': '展示確認: ヒモ分散レース。1号艇伸び確認後、広めのヒモ流しを採用。穴ヒモ（5・6号艇）を積極的に含める。'}",,,29.4,逃げ狙い,22.5,28.3,3,,,,,,,,,,,
2025-10-14,丸亀,11,1,篠原飛翔,A2,20.00,1,◎,46.9238,,0,77.5,0.191,3.9625,,,0,低,97,0,逃0%,2 2613,0,70.8,0.9813,0.4615,,,,,0.0808,0.1423,0.0462,△,,D,△,,,0.603,,0.2345,B,54,0,◎○△フォーメーション（15〜20点）,0.5777,"{'is_target': True, 'verdict': '点数絞り', 'max_combo_prob': 0.0835, 'est_top_odds': 16.0, 'circle_concentration': 74.6, 'eligible_count': 9, 'bet_adj': 0, 'reason': 'rel_win1=46.9%（本命度） / 最有力組み合わせ確率: 0.083（推定実オッズ?16倍） / 2着集中度: 上位2艇 74.6%（補正+0.04） / 総合判定確率: 0.123 / → ヒモはやや固め。上位2艇以外を切ること', 'tenji_trigger': '展示確認: 1号艇伸び良→そのまま採用。悪→飛び組に差し替え。circle_pct上位2艇に絞り込むこと。\n展示で1号艇スタート遅め(0.191秒)確認→ヒモが荒れやすい'}",,,35.7,両建て推奨,24.12,30.7,2,2-1-3|1-2-5|1-2-4|2-1-5|1-3-5|1-5-2,3-4-5|6-1-4|6-1-5|6-1-3|3-5-4|6-4-1|2-1-3|1-2-5|1-2-4|2-1-5|1-3-5|1-5-2,2-1-3:1.96%|1-2-5:11.55%|1-2-4:8.49%|2-1-5:5.85%|1-3-5:5.25%|1-5-2:4.95%,2-1-3:B_main|1-2-5:A|1-2-4:A|2-1-5:B_sc|1-3-5:A|1-5-2:A,6,12,0.4535,1,[!]見送り推奨（主役決まり手「差し」― 逃げ劣勢レースで的中実績なし）,荒れ広め,D
2025-10-14,丸亀,11,2,中野希一,A1,10.53,2,,22.0143,54.5,84,79.5,0.1445,2.9091,,,0,低,71,0,差0% 抜0%,166 13,0,82.8,1.3614,0,0.2222,0,0,0.0556,0.1818,0.3636,0.0455,,◎,E,,,0.6146,0.5435,,0.2345,B,54,0,◎○△フォーメーション（15〜20点）,0.5777,"{'is_target': True, 'verdict': '点数絞り', 'max_combo_prob': 0.0835, 'est_top_odds': 16.0, 'circle_concentration': 74.6, 'eligible_count': 9, 'bet_adj': 0, 'reason': 'rel_win1=46.9%（本命度） / 最有力組み合わせ確率: 0.083（推定実オッズ?16倍） / 2着集中度: 上位2艇 74.6%（補正+0.04） / 総合判定確率: 0.123 / → ヒモはやや固め。上位2艇以外を切ること', 'tenji_trigger': '展示確認: 1号艇伸び良→そのまま採用。悪→飛び組に差し替え。circle_pct上位2艇に絞り込むこと。\n展示で1号艇スタート遅め(0.191秒)確認→ヒモが荒れやすい'}",,,35.7,両建て推奨,24.12,30.7,2,,,,,,,,,,,
2025-10-14,丸亀,11,3,田村　慶,A2,52.17,3,○,9.0473,13.1,80,48.9,0.1718,4.0111,,,0,低,93,0,ま0%,2 6342,0,26.8,0.9033,0,0,0.1111,0,0,0,0,0,,,A,,,0.4095,0.5845,,0.2345,B,54,0,◎○△フォーメーション（15〜20点）,0.5777,"{'is_target': True, 'verdict': '点数絞り', 'max_combo_prob': 0.0835, 'est_top_odds': 16.0, 'circle_concentration': 74.6, 'eligible_count': 9, 'bet_adj': 0, 'reason': 'rel_win1=46.9%（本命度） / 最有力組み合わせ確率: 0.083（推定実オッズ?16倍） / 2着集中度: 上位2艇 74.6%（補正+0.04） / 総合判定確率: 0.123 / → ヒモはやや固め。上位2艇以外を切ること', 'tenji_trigger': '展示確認: 1号艇伸び良→そのまま採用。悪→飛び組に差し替え。circle_pct上位2艇に絞り込むこと。\n展示で1号艇スタート遅め(0.191秒)確認→ヒモが荒れやすい'}",,,35.7,両建て推奨,24.12,30.7,2,,,,,,,,,,,
2025-10-14,丸亀,11,4,三馬崇史,B1,42.86,4,△,9.0724,10.4,77,40.4,0.1756,3.1731,,,0,低,99,0,差0% ま0% 差ま0%,2 223,0,40.2,0.9211,0,0.0526,0.0526,0.0526,0,0.1177,0.1337,0.2514,,,B,○,○,0.3735,0.611,0.1874,0.2345,B,54,0,◎○△フォーメーション（15〜20点）,0.5777,"{'is_target': True, 'verdict': '点数絞り', 'max_combo_prob': 0.0835, 'est_top_odds': 16.0, 'circle_concentration': 74.6, 'eligible_count': 9, 'bet_adj': 0, 'reason': 'rel_win1=46.9%（本命度） / 最有力組み合わせ確率: 0.083（推定実オッズ?16倍） / 2着集中度: 上位2艇 74.6%（補正+0.04） / 総合判定確率: 0.123 / → ヒモはやや固め。上位2艇以外を切ること', 'tenji_trigger': '展示確認: 1号艇伸び良→そのまま採用。悪→飛び組に差し替え。circle_pct上位2艇に絞り込むこと。\n展示で1号艇スタート遅め(0.191秒)確認→ヒモが荒れやすい'}",,,35.7,両建て推奨,24.12,30.7,2,,,,,,,,,,,
2025-10-14,丸亀,11,5,濱野斗馬,A1,21.05,5,▲,11.1987,20.2,100,72.7,0.1352,2.5303,,,0,低,40,0,差0%,314 12,0,59.8,1.0988,0,0.0556,0.1111,0.1111,0,0.0968,0,0.0323,,○,D,◎,◎,0.5098,0.638,0.4848,0.2345,B,54,0,◎○△フォーメーション（15〜20点）,0.5777,"{'is_target': True, 'verdict': '点数絞り', 'max_combo_prob': 0.0835, 'est_top_odds': 16.0, 'circle_concentration': 74.6, 'eligible_count': 9, 'bet_adj': 0, 'reason': 'rel_win1=46.9%（本命度） / 最有力組み合わせ確率: 0.083（推定実オッズ?16倍） / 2着集中度: 上位2艇 74.6%（補正+0.04） / 総合判定確率: 0.123 / → ヒモはやや固め。上位2艇以外を切ること', 'tenji_trigger': '展示確認: 1号艇伸び良→そのまま採用。悪→飛び組に差し替え。circle_pct上位2艇に絞り込むこと。\n展示で1号艇スタート遅め(0.191秒)確認→ヒモが荒れやすい'}",,,35.7,両建て推奨,24.12,30.7,2,,,,,,,,,,,
2025-10-14,丸亀,11,6,上田健太,A1,33.33,6,,1.7435,1.9,49,21.6,0.1584,3.4412,,,0,低,121,0,-,1 3113,0,35,0.89,,,,,,0.1337,0.048,0.1177,,△,C,△,,0.4349,0.6005,,0.2345,B,54,0,◎○△フォーメーション（15〜20点）,0.5777,"{'is_target': True, 'verdict': '点数絞り', 'max_combo_prob': 0.0835, 'est_top_odds': 16.0, 'circle_concentration': 74.6, 'eligible_count': 9, 'bet_adj': 0, 'reason': 'rel_win1=46.9%（本命度） / 最有力組み合わせ確率: 0.083（推定実オッズ?16倍） / 2着集中度: 上位2艇 74.6%（補正+0.04） / 総合判定確率: 0.123 / → ヒモはやや固め。上位2艇以外を切ること', 'tenji_trigger': '展示確認: 1号艇伸び良→そのまま採用。悪→飛び組に差し替え。circle_pct上位2艇に絞り込むこと。\n展示で1号艇スタート遅め(0.191秒)確認→ヒモが荒れやすい'}",,,35.7,両建て推奨,24.12,30.7,2,,,,,,,,,,,
2025-10-14,丸亀,12,1,石本裕武,A1,35.00,1,◎,62.1203,,0,82.1,0.1471,3.1429,,,0,低,35,0,逃1%,15125,0,76.3,1.0875,0.8182,,,,,0,0.0909,0.0909,◎,,C,◎,,,0.657,,0.5312,S,89,0,◎1着固定 2-3着流し（5〜8点）,0.5777,"{'is_target': True, 'verdict': '点数絞り', 'max_combo_prob': 0.086, 'est_top_odds': 15.5, 'circle_concentration': 77.9, 'eligible_count': 6, 'bet_adj': 0, 'reason': 'rel_win1=62.1%（本命度） / 最有力組み合わせ確率: 0.086（推定実オッズ?16倍） / 2着集中度: 上位2艇 77.9%（補正+0.04） / 総合判定確率: 0.126 / → ヒモはやや固め。上位2艇以外を切ること', 'tenji_trigger': '展示確認: 1号艇伸び良→そのまま採用。悪→飛び組に差し替え。circle_pct上位2艇に絞り込むこと。'}",,,28.7,逃げ狙い,25.08,23.9,3,,,,,0,0,0.7559,0,,逃げ軸流し,A
2025-10-14,丸亀,12,2,大原祥昌,A2,17.65,2,▲,11.8353,45.1,100,78.8,0.1382,3.2273,,,0,低,48,0,ま0%,256 65,0,61.8,1.2336,0,0,0.125,0,0,0,0.1818,0,,◎,E,○,,0.4071,0.651,,0.5312,S,89,0,◎1着固定 2-3着流し（5〜8点）,0.5777,"{'is_target': True, 'verdict': '点数絞り', 'max_combo_prob': 0.086, 'est_top_odds': 15.5, 'circle_concentration': 77.9, 'eligible_count': 6, 'bet_adj': 0, 'reason': 'rel_win1=62.1%（本命度） / 最有力組み合わせ確率: 0.086（推定実オッズ?16倍） / 2着集中度: 上位2艇 77.9%（補正+0.04） / 総合判定確率: 0.126 / → ヒモはやや固め。上位2艇以外を切ること', 'tenji_trigger': '展示確認: 1号艇伸び良→そのまま採用。悪→飛び組に差し替え。circle_pct上位2艇に絞り込むこと。'}",,,28.7,逃げ狙い,25.08,23.9,3,,,,,,,,,,,
2025-10-14,丸亀,12,3,藤原仙二,A2,72.22,3,○,11.06,32.8,60,64.7,0.1618,3.5441,,,0,低,93,0,-,41122,0,63.7,0.9415,0,0,0,0,0.0769,0,0.08,0.28,,,A,,,0.2381,0.577,,0.5312,S,89,0,◎1着固定 2-3着流し（5〜8点）,0.5777,"{'is_target': True, 'verdict': '点数絞り', 'max_combo_prob': 0.086, 'est_top_odds': 15.5, 'circle_concentration': 77.9, 'eligible_count': 6, 'bet_adj': 0, 'reason': 'rel_win1=62.1%（本命度） / 最有力組み合わせ確率: 0.086（推定実オッズ?16倍） / 2着集中度: 上位2艇 77.9%（補正+0.04） / 総合判定確率: 0.126 / → ヒモはやや固め。上位2艇以外を切ること', 'tenji_trigger': '展示確認: 1号艇伸び良→そのまま採用。悪→飛び組に差し替え。circle_pct上位2艇に絞り込むこと。'}",,,28.7,逃げ狙い,25.08,23.9,3,,,,,,,,,,,
2025-10-14,丸亀,12,4,金子龍斗,B1,42.11,4,△,4.921,3,54,17.6,0.2016,3.6373,,,0,低,82,0,-,4 152,0,17.3,0.5794,,,,,,0.1473,0.3802,0,,,B,,,0.135,0.508,,0.5312,S,89,0,◎1着固定 2-3着流し（5〜8点）,0.5777,"{'is_target': True, 'verdict': '点数絞り', 'max_combo_prob': 0.086, 'est_top_odds': 15.5, 'circle_concentration': 77.9, 'eligible_count': 6, 'bet_adj': 0, 'reason': 'rel_win1=62.1%（本命度） / 最有力組み合わせ確率: 0.086（推定実オッズ?16倍） / 2着集中度: 上位2艇 77.9%（補正+0.04） / 総合判定確率: 0.126 / → ヒモはやや固め。上位2艇以外を切ること', 'tenji_trigger': '展示確認: 1号艇伸び良→そのまま採用。悪→飛び組に差し替え。circle_pct上位2艇に絞り込むこと。'}",,,28.7,逃げ狙い,25.08,23.9,3,,,,,,,,,,,
2025-10-14,丸亀,12,5,西岡顕心,A1,11.76,5,,5.2248,14,78,61.5,0.1577,3.4615,,,0,低,55,0,-,12131,0,40.4,1.239,0,0,0,0.125,0,0,0.0714,0,,,E,△,,0.2675,0.6245,,0.5312,S,89,0,◎1着固定 2-3着流し（5〜8点）,0.5777,"{'is_target': True, 'verdict': '点数絞り', 'max_combo_prob': 0.086, 'est_top_odds': 15.5, 'circle_concentration': 77.9, 'eligible_count': 6, 'bet_adj': 0, 'reason': 'rel_win1=62.1%（本命度） / 最有力組み合わせ確率: 0.086（推定実オッズ?16倍） / 2着集中度: 上位2艇 77.9%（補正+0.04） / 総合判定確率: 0.126 / → ヒモはやや固め。上位2艇以外を切ること', 'tenji_trigger': '展示確認: 1号艇伸び良→そのまま採用。悪→飛び組に差し替え。circle_pct上位2艇に絞り込むこと。'}",,,28.7,逃げ狙い,25.08,23.9,3,,,,,,,,,,,
2025-10-14,丸亀,12,6,砂長知輝,A1,29.41,6,,4.8386,5.1,85,48.1,0.1852,4.2778,,,0,低,57,0,-,42515,0,95.7,1.9683,,,,,,0,0.2,0.025,,,D,△,,0.1899,0.6395,,0.5312,S,89,0,◎1着固定 2-3着流し（5〜8点）,0.5777,"{'is_target': True, 'verdict': '点数絞り', 'max_combo_prob': 0.086, 'est_top_odds': 15.5, 'circle_concentration': 77.9, 'eligible_count': 6, 'bet_adj': 0, 'reason': 'rel_win1=62.1%（本命度） / 最有力組み合わせ確率: 0.086（推定実オッズ?16倍） / 2着集中度: 上位2艇 77.9%（補正+0.04） / 総合判定確率: 0.126 / → ヒモはやや固め。上位2艇以外を切ること', 'tenji_trigger': '展示確認: 1号艇伸び良→そのまま採用。悪→飛び組に差し替え。circle_pct上位2艇に絞り込むこと。'}",,,28.7,逃げ狙い,25.08,23.9,3,,,,,,,,,,,
2025-10-15,丸亀,1,1,水谷理人,B1,42.11,1,◎,66.7446,,0,82.6,0.1665,3.8696,,,0,低,64,0,逃1%,134 33,0,98.4,1.4109,0.6,,,,,0.0533,0.28,0.0267,○,,B,△,,,0.569,,0.3546,A,74,0,◎-○軸 3着3〜4艇流し（10〜15点）,0.5777,"{'is_target': True, 'verdict': '参加推奨', 'max_combo_prob': 0.0899, 'est_top_odds': 14.8, 'circle_concentration': 69.3, 'eligible_count': 8, 'bet_adj': 2, 'reason': 'rel_win1=66.7%（本命度） / 最有力組み合わせ確率: 0.090（推定実オッズ?15倍） / 2着集中度: 上位2艇 69.3%（補正+0.00） / 総合判定確率: 0.090 / → ヒモ分散。1号艇1着固定で広めのヒモ流し推奨（買い目+2点）', 'tenji_trigger': '展示確認: ヒモ分散レース。1号艇伸び確認後、広めのヒモ流しを採用。穴ヒモ（5・6号艇）を積極的に含める。'}",,,27.8,逃げ狙い,13.09,31.6,3,,,,,0,0,0.6155,0,,逃げ軸流し,A
2025-10-15,丸亀,1,2,坂井滉哉,B1,33.33,2,,9.0474,35.2,71,31.8,0.16,3.5114,,,0,低,72,0,差0% ま0%,451 53,0,29.8,0.5769,0,0.04,0.04,0,0,0.0667,0.0667,0.3067,,○,D,△,,0.373,0.618,,0.3546,A,74,0,◎-○軸 3着3〜4艇流し（10〜15点）,0.5777,"{'is_target': True, 'verdict': '参加推奨', 'max_combo_prob': 0.0899, 'est_top_odds': 14.8, 'circle_concentration': 69.3, 'eligible_count': 8, 'bet_adj': 2, 'reason': 'rel_win1=66.7%（本命度） / 最有力組み合わせ確率: 0.090（推定実オッズ?15倍） / 2着集中度: 上位2艇 69.3%（補正+0.00） / 総合判定確率: 0.090 / → ヒモ分散。1号艇1着固定で広めのヒモ流し推奨（買い目+2点）', 'tenji_trigger': '展示確認: ヒモ分散レース。1号艇伸び確認後、広めのヒモ流しを採用。穴ヒモ（5・6号艇）を積極的に含める。'}",,,27.8,逃げ狙い,13.09,31.6,3,,,,,,,,,,,
2025-10-15,丸亀,1,3,富田恕生,B1,40.00,3,△,10.4627,34,100,51.2,0.1777,3.8256,,,0,低,88,0,差0%,1 254,0,37.8,0.9923,0,0.0714,0,0,0,0.1667,0.1667,0,,,C,◎,,0.2344,0.64,,0.3546,A,74,0,◎-○軸 3着3〜4艇流し（10〜15点）,0.5777,"{'is_target': True, 'verdict': '参加推奨', 'max_combo_prob': 0.0899, 'est_top_odds': 14.8, 'circle_concentration': 69.3, 'eligible_count': 8, 'bet_adj': 2, 'reason': 'rel_win1=66.7%（本命度） / 最有力組み合わせ確率: 0.090（推定実オッズ?15倍） / 2着集中度: 上位2艇 69.3%（補正+0.00） / 総合判定確率: 0.090 / → ヒモ分散。1号艇1着固定で広めのヒモ流し推奨（買い目+2点）', 'tenji_trigger': '展示確認: ヒモ分散レース。1号艇伸び確認後、広めのヒモ流しを採用。穴ヒモ（5・6号艇）を積極的に含める。'}",,,27.8,逃げ狙い,13.09,31.6,3,,,,,,,,,,,
2025-10-15,丸亀,1,4,川崎智稔,B1,40.00,4,○,9.3665,23.4,95,44.9,0.1171,2.4694,,,0,低,62,0,-,565 23,0,19.2,0.4989,0,0,0.0385,0,0,0.2267,0.1733,0.0267,,◎,C,○,,0.4602,0.6335,,0.3546,A,74,0,◎-○軸 3着3〜4艇流し（10〜15点）,0.5777,"{'is_target': True, 'verdict': '参加推奨', 'max_combo_prob': 0.0899, 'est_top_odds': 14.8, 'circle_concentration': 69.3, 'eligible_count': 8, 'bet_adj': 2, 'reason': 'rel_win1=66.7%（本命度） / 最有力組み合わせ確率: 0.090（推定実オッズ?15倍） / 2着集中度: 上位2艇 69.3%（補正+0.00） / 総合判定確率: 0.090 / → ヒモ分散。1号艇1着固定で広めのヒモ流し推奨（買い目+2点）', 'tenji_trigger': '展示確認: ヒモ分散レース。1号艇伸び確認後、広めのヒモ流しを採用。穴ヒモ（5・6号艇）を積極的に含める。'}",,,27.8,逃げ狙い,13.09,31.6,3,,,,,,,,,,,
2025-10-15,丸亀,1,5,有山　望,B2,47.37,5,▲,3.2516,6.8,60,17.9,0.1796,3.875,,,0,低,45,0,-,556 66,0,20.1,0.6619,,,,,,,,,,,A,,,0.2718,0.4945,,0.3546,A,74,0,◎-○軸 3着3〜4艇流し（10〜15点）,0.5777,"{'is_target': True, 'verdict': '参加推奨', 'max_combo_prob': 0.0899, 'est_top_odds': 14.8, 'circle_concentration': 69.3, 'eligible_count': 8, 'bet_adj': 2, 'reason': 'rel_win1=66.7%（本命度） / 最有力組み合わせ確率: 0.090（推定実オッズ?15倍） / 2着集中度: 上位2艇 69.3%（補正+0.00） / 総合判定確率: 0.090 / → ヒモ分散。1号艇1着固定で広めのヒモ流し推奨（買い目+2点）', 'tenji_trigger': '展示確認: ヒモ分散レース。1号艇伸び確認後、広めのヒモ流しを採用。穴ヒモ（5・6号艇）を積極的に含める。'}",,,27.8,逃げ狙い,13.09,31.6,3,,,,,,,,,,,
2025-10-15,丸亀,1,6,上岡巧汰,B2,30.00,6,,1.1271,0.5,14,1.2,0.1698,3.657,,,0,低,35,0,-,661 56,0,35.5,0.8156,,,,,,,,,,,D,,,0.2995,0.483,,0.3546,A,74,0,◎-○軸 3着3〜4艇流し（10〜15点）,0.5777,"{'is_target': True, 'verdict': '参加推奨', 'max_combo_prob': 0.0899, 'est_top_odds': 14.8, 'circle_concentration': 69.3, 'eligible_count': 8, 'bet_adj': 2, 'reason': 'rel_win1=66.7%（本命度） / 最有力組み合わせ確率: 0.090（推定実オッズ?15倍） / 2着集中度: 上位2艇 69.3%（補正+0.00） / 総合判定確率: 0.090 / → ヒモ分散。1号艇1着固定で広めのヒモ流し推奨（買い目+2点）', 'tenji_trigger': '展示確認: ヒモ分散レース。1号艇伸び確認後、広めのヒモ流しを採用。穴ヒモ（5・6号艇）を積極的に含める。'}",,,27.8,逃げ狙い,13.09,31.6,3,,,,,,,,,,,
2025-10-15,丸亀,2,1,原田雄次,A2,12.00,1,◎,48.0538,,0,70,0.1683,3.3167,,,0,低,136,0,逃1%,342 12,0,47.5,0.7693,0.25,,,,,0,0.25,0.375,○,,E,,,,0.5155,,0.3638,B,56,0,◎○△フォーメーション（15〜20点）,0.5777,"{'is_target': True, 'verdict': '点数絞り', 'max_combo_prob': 0.1062, 'est_top_odds': 12.6, 'circle_concentration': 80.8, 'eligible_count': 9, 'bet_adj': 0, 'reason': 'rel_win1=48.1%（本命度） / 最有力組み合わせ確率: 0.106（推定実オッズ?13倍） / 2着集中度: 上位2艇 80.8%（補正+0.04） / 総合判定確率: 0.146 / → ヒモはやや固め。上位2艇以外を切ること', 'tenji_trigger': '展示確認: 1号艇伸び良→そのまま採用。悪→飛び組に差し替え。circle_pct上位2艇に絞り込むこと。'}",,,28.8,両建て推奨,14.04,33.7,5,,,,,0,0,0.6155,0,,逃げ軸流し,A
2025-10-15,丸亀,2,2,加藤優弥,B1,21.05,2,,12.9549,59,74,61.7,0.1551,3.0319,,,0,低,96,0,差0%,354 25,0,48.4,1.0086,0,0.0909,0,0,0,0.1068,0.4902,0.0211,,◎,D,◎,,0.452,0.6035,,0.3638,B,56,0,◎○△フォーメーション（15〜20点）,0.5777,"{'is_target': True, 'verdict': '点数絞り', 'max_combo_prob': 0.1062, 'est_top_odds': 12.6, 'circle_concentration': 80.8, 'eligible_count': 9, 'bet_adj': 0, 'reason': 'rel_win1=48.1%（本命度） / 最有力組み合わせ確率: 0.106（推定実オッズ?13倍） / 2着集中度: 上位2艇 80.8%（補正+0.04） / 総合判定確率: 0.146 / → ヒモはやや固め。上位2艇以外を切ること', 'tenji_trigger': '展示確認: 1号艇伸び良→そのまま採用。悪→飛び組に差し替え。circle_pct上位2艇に絞り込むこと。'}",,,28.8,両建て推奨,14.04,33.7,5,,,,,,,,,,,
2025-10-15,丸亀,2,3,市川健太,B1,36.84,3,▲,14.4019,21.8,100,49,0.1708,3.4898,,,0,低,87,0,差ま0%,256 46,0,45.9,1.076,0,0,0,0.0667,0,0.1333,0.1333,0.1333,,,B,○,,0.2781,0.603,,0.3638,B,56,0,◎○△フォーメーション（15〜20点）,0.5777,"{'is_target': True, 'verdict': '点数絞り', 'max_combo_prob': 0.1062, 'est_top_odds': 12.6, 'circle_concentration': 80.8, 'eligible_count': 9, 'bet_adj': 0, 'reason': 'rel_win1=48.1%（本命度） / 最有力組み合わせ確率: 0.106（推定実オッズ?13倍） / 2着集中度: 上位2艇 80.8%（補正+0.04） / 総合判定確率: 0.146 / → ヒモはやや固め。上位2艇以外を切ること', 'tenji_trigger': '展示確認: 1号艇伸び良→そのまま採用。悪→飛び組に差し替え。circle_pct上位2艇に絞り込むこと。'}",,,28.8,両建て推奨,14.04,33.7,5,,,,,,,,,,,
2025-10-15,丸亀,2,4,金子龍斗,B1,42.11,4,△,8.0331,3,54,17.6,0.2016,3.6373,,,0,低,82,0,-,4 152,0,19.7,0.6689,,,,,,0.1473,0.3802,0,,,A,,,0.1831,0.508,,0.3638,B,56,0,◎○△フォーメーション（15〜20点）,0.5777,"{'is_target': True, 'verdict': '点数絞り', 'max_combo_prob': 0.1062, 'est_top_odds': 12.6, 'circle_concentration': 80.8, 'eligible_count': 9, 'bet_adj': 0, 'reason': 'rel_win1=48.1%（本命度） / 最有力組み合わせ確率: 0.106（推定実オッズ?13倍） / 2着集中度: 上位2艇 80.8%（補正+0.04） / 総合判定確率: 0.146 / → ヒモはやや固め。上位2艇以外を切ること', 'tenji_trigger': '展示確認: 1号艇伸び良→そのまま採用。悪→飛び組に差し替え。circle_pct上位2艇に絞り込むこと。'}",,,28.8,両建て推奨,14.04,33.7,5,,,,,,,,,,,
2025-10-15,丸亀,2,5,上田健太,A1,33.33,5,○,13.5494,15.9,80,50.9,0.1596,3.0094,,,0,低,121,0,ま0% 差ま0%,1 3113,0,91.8,1.6779,0,0,0.0417,0.125,0,0.1337,0.048,0.1177,,,C,△,◎,0.3302,0.6005,0.4456,0.3638,B,56,0,◎○△フォーメーション（15〜20点）,0.5777,"{'is_target': True, 'verdict': '点数絞り', 'max_combo_prob': 0.1062, 'est_top_odds': 12.6, 'circle_concentration': 80.8, 'eligible_count': 9, 'bet_adj': 0, 'reason': 'rel_win1=48.1%（本命度） / 最有力組み合わせ確率: 0.106（推定実オッズ?13倍） / 2着集中度: 上位2艇 80.8%（補正+0.04） / 総合判定確率: 0.146 / → ヒモはやや固め。上位2艇以外を切ること', 'tenji_trigger': '展示確認: 1号艇伸び良→そのまま採用。悪→飛び組に差し替え。circle_pct上位2艇に絞り込むこと。'}",,,28.8,両建て推奨,14.04,33.7,5,,,,,,,,,,,
2025-10-15,丸亀,2,6,宮崎心之,B1,29.41,6,,3.0068,0.3,33,11,0.1963,4.1098,,,0,低,60,0,差ま0%,4 656,0,35,0.79,0,0,0,0.0238,0,0,0.2,0.2,,,C,△,,0.188,0.549,,0.3638,B,56,0,◎○△フォーメーション（15〜20点）,0.5777,"{'is_target': True, 'verdict': '点数絞り', 'max_combo_prob': 0.1062, 'est_top_odds': 12.6, 'circle_concentration': 80.8, 'eligible_count': 9, 'bet_adj': 0, 'reason': 'rel_win1=48.1%（本命度） / 最有力組み合わせ確率: 0.106（推定実オッズ?13倍） / 2着集中度: 上位2艇 80.8%（補正+0.04） / 総合判定確率: 0.146 / → ヒモはやや固め。上位2艇以外を切ること', 'tenji_trigger': '展示確認: 1号艇伸び良→そのまま採用。悪→飛び組に差し替え。circle_pct上位2艇に絞り込むこと。'}",,,28.8,両建て推奨,14.04,33.7,5,,,,,,,,,,,
2025-10-15,丸亀,3,1,津田陸翔,A2,40.00,1,◎,63.0319,,0,94.9,0.1782,3.7821,,,0,低,80,0,逃1%,322632,0,90,1.2231,0.5789,,,,,0,0.0842,0.2421,○,,C,○,,,0.6525,,0.3704,S,100,0,◎1着固定 2-3着流し（5〜8点）,0.5777,"{'is_target': True, 'verdict': '点数絞り', 'max_combo_prob': 0.0947, 'est_top_odds': 14.1, 'circle_concentration': 84.5, 'eligible_count': 6, 'bet_adj': 0, 'reason': 'rel_win1=63.0%（本命度） / 最有力組み合わせ確率: 0.095（推定実オッズ?14倍） / 2着集中度: 上位2艇 84.5%（補正+0.04） / 総合判定確率: 0.135 / → ヒモはやや固め。上位2艇以外を切ること', 'tenji_trigger': '展示確認: 1号艇伸び良→そのまま採用。悪→飛び組に差し替え。circle_pct上位2艇に絞り込むこと。'}",,,26,逃げ狙い,11.95,27.5,3,,,,,0,0,0.6155,0,,逃げ軸流し,A
2025-10-15,丸亀,3,2,森　智哉,B1,50.00,2,○,10.7108,47,73,48.6,0.1705,3.7973,,,0,低,64,0,差0%,234 56,0,43.6,0.8107,0,0.0588,0,0,0,0,0.1667,0.3333,,○,A,△,,0.3891,0.6105,,0.3704,S,100,0,◎1着固定 2-3着流し（5〜8点）,0.5777,"{'is_target': True, 'verdict': '点数絞り', 'max_combo_prob': 0.0947, 'est_top_odds': 14.1, 'circle_concentration': 84.5, 'eligible_count': 6, 'bet_adj': 0, 'reason': 'rel_win1=63.0%（本命度） / 最有力組み合わせ確率: 0.095（推定実オッズ?14倍） / 2着集中度: 上位2艇 84.5%（補正+0.04） / 総合判定確率: 0.135 / → ヒモはやや固め。上位2艇以外を切ること', 'tenji_trigger': '展示確認: 1号艇伸び良→そのまま採用。悪→飛び組に差し替え。circle_pct上位2艇に絞り込むこと。'}",,,26,逃げ狙い,11.95,27.5,3,,,,,,,,,,,
2025-10-15,丸亀,3,3,石本裕武,A1,35.00,3,▲,14.9039,37.4,100,64.3,0.1182,2.8393,,,0,低,35,0,ま0% 差ま0%,15125,0,64.5,1.3175,0,0,0.0714,0.0714,0,0,0.0909,0.0909,,◎,C,◎,,0.4733,0.657,,0.3704,S,100,0,◎1着固定 2-3着流し（5〜8点）,0.5777,"{'is_target': True, 'verdict': '点数絞り', 'max_combo_prob': 0.0947, 'est_top_odds': 14.1, 'circle_concentration': 84.5, 'eligible_count': 6, 'bet_adj': 0, 'reason': 'rel_win1=63.0%（本命度） / 最有力組み合わせ確率: 0.095（推定実オッズ?14倍） / 2着集中度: 上位2艇 84.5%（補正+0.04） / 総合判定確率: 0.135 / → ヒモはやや固め。上位2艇以外を切ること', 'tenji_trigger': '展示確認: 1号艇伸び良→そのまま採用。悪→飛び組に差し替え。circle_pct上位2艇に絞り込むこと。'}",,,26,逃げ狙い,11.95,27.5,3,,,,,,,,,,,
2025-10-15,丸亀,3,4,山下拓巳,B1,50.00,4,,5.0969,2.1,79,14,0.2088,4.14,,,0,低,122,0,-,462 14,0,16,0.574,,,,,,0.0381,0.1143,0.2762,,,A,,,0.1928,0.5625,,0.3704,S,100,0,◎1着固定 2-3着流し（5〜8点）,0.5777,"{'is_target': True, 'verdict': '点数絞り', 'max_combo_prob': 0.0947, 'est_top_odds': 14.1, 'circle_concentration': 84.5, 'eligible_count': 6, 'bet_adj': 0, 'reason': 'rel_win1=63.0%（本命度） / 最有力組み合わせ確率: 0.095（推定実オッズ?14倍） / 2着集中度: 上位2艇 84.5%（補正+0.04） / 総合判定確率: 0.135 / → ヒモはやや固め。上位2艇以外を切ること', 'tenji_trigger': '展示確認: 1号艇伸び良→そのまま採用。悪→飛び組に差し替え。circle_pct上位2艇に絞り込むこと。'}",,,26,逃げ狙い,11.95,27.5,3,,,,,,,,,,,
2025-10-15,丸亀,3,5,村松栄太,B1,10.53,5,,4.9931,10.5,89,29.8,0.1868,4.0532,,,0,低,99,0,-,6 65S,0,50,0.9524,,,,,,0.1808,0.0923,0.0308,,,E,,,0.2826,0.5975,,0.3704,S,100,0,◎1着固定 2-3着流し（5〜8点）,0.5777,"{'is_target': True, 'verdict': '点数絞り', 'max_combo_prob': 0.0947, 'est_top_odds': 14.1, 'circle_concentration': 84.5, 'eligible_count': 6, 'bet_adj': 0, 'reason': 'rel_win1=63.0%（本命度） / 最有力組み合わせ確率: 0.095（推定実オッズ?14倍） / 2着集中度: 上位2艇 84.5%（補正+0.04） / 総合判定確率: 0.135 / → ヒモはやや固め。上位2艇以外を切ること', 'tenji_trigger': '展示確認: 1号艇伸び良→そのまま採用。悪→飛び組に差し替え。circle_pct上位2艇に絞り込むこと。'}",,,26,逃げ狙い,11.95,27.5,3,,,,,,,,,,,
2025-10-15,丸亀,3,6,澁川　夏,B1,42.11,6,△,1.2633,2.9,45,13,0.1641,3.7023,,,0,低,68,0,-,5 343,0,36.5,0.8733,,,,,,,,,,,B,△,,0.3549,0.625,,0.3704,S,100,0,◎1着固定 2-3着流し（5〜8点）,0.5777,"{'is_target': True, 'verdict': '点数絞り', 'max_combo_prob': 0.0947, 'est_top_odds': 14.1, 'circle_concentration': 84.5, 'eligible_count': 6, 'bet_adj': 0, 'reason': 'rel_win1=63.0%（本命度） / 最有力組み合わせ確率: 0.095（推定実オッズ?14倍） / 2着集中度: 上位2艇 84.5%（補正+0.04） / 総合判定確率: 0.135 / → ヒモはやや固め。上位2艇以外を切ること', 'tenji_trigger': '展示確認: 1号艇伸び良→そのまま採用。悪→飛び組に差し替え。circle_pct上位2艇に絞り込むこと。'}",,,26,逃げ狙い,11.95,27.5,3,,,,,,,,,,,
2025-10-15,丸亀,4,1,藤原仙二,A2,72.22,1,◎,57.6141,,0,90.9,0.1791,3.7045,,,0,低,93,0,逃0%,41122,0,79.9,1.1609,0.5,,,,,0,0.08,0.28,○,,A,△,,,0.577,,0.385,S,99,0,◎1着固定 2-3着流し（5〜8点）,0.5777,"{'is_target': True, 'verdict': '点数絞り', 'max_combo_prob': 0.0959, 'est_top_odds': 13.9, 'circle_concentration': 70.0, 'eligible_count': 6, 'bet_adj': 0, 'reason': 'rel_win1=57.6%（本命度） / 最有力組み合わせ確率: 0.096（推定実オッズ?14倍） / 2着集中度: 上位2艇 70.0%（補正+0.04） / 総合判定確率: 0.136 / → ヒモはやや固め。上位2艇以外を切ること', 'tenji_trigger': '展示確認: 1号艇伸び良→そのまま採用。悪→飛び組に差し替え。circle_pct上位2艇に絞り込むこと。'}",,,27.8,逃げ狙い,16.49,28.7,2,,,,,0,0,0.6155,0,,逃げ軸流し,A
2025-10-15,丸亀,4,2,岡　暢祐,B1,44.44,2,△,14.4938,27.7,100,47.5,0.1708,3.8125,,,0,低,120,0,ま0%,143 34,0,59.7,0.829,0,0,0.0588,0,0,0.1667,0.0833,0.1667,,△,C,,,0.3902,0.5595,,0.385,S,99,0,◎1着固定 2-3着流し（5〜8点）,0.5777,"{'is_target': True, 'verdict': '点数絞り', 'max_combo_prob': 0.0959, 'est_top_odds': 13.9, 'circle_concentration': 70.0, 'eligible_count': 6, 'bet_adj': 0, 'reason': 'rel_win1=57.6%（本命度） / 最有力組み合わせ確率: 0.096（推定実オッズ?14倍） / 2着集中度: 上位2艇 70.0%（補正+0.04） / 総合判定確率: 0.136 / → ヒモはやや固め。上位2艇以外を切ること', 'tenji_trigger': '展示確認: 1号艇伸び良→そのまま採用。悪→飛び組に差し替え。circle_pct上位2艇に絞り込むこと。'}",,,27.8,逃げ狙い,16.49,28.7,2,,,,,,,,,,,
2025-10-15,丸亀,4,3,三馬崇史,B1,42.86,3,○,11.7431,42.3,58,50,0.1535,3.0288,,,0,低,99,0,ま0% 抜0%,2 223,0,41.8,1.0373,0,0,0.1176,0,0.0588,0.1177,0.1337,0.2514,,◎,C,○,,0.4331,0.611,,0.385,S,99,0,◎1着固定 2-3着流し（5〜8点）,0.5777,"{'is_target': True, 'verdict': '点数絞り', 'max_combo_prob': 0.0959, 'est_top_odds': 13.9, 'circle_concentration': 70.0, 'eligible_count': 6, 'bet_adj': 0, 'reason': 'rel_win1=57.6%（本命度） / 最有力組み合わせ確率: 0.096（推定実オッズ?14倍） / 2着集中度: 上位2艇 70.0%（補正+0.04） / 総合判定確率: 0.136 / → ヒモはやや固め。上位2艇以外を切ること', 'tenji_trigger': '展示確認: 1号艇伸び良→そのまま採用。悪→飛び組に差し替え。circle_pct上位2艇に絞り込むこと。'}",,,27.8,逃げ狙い,16.49,28.7,2,,,,,,,,,,,
2025-10-15,丸亀,4,4,山下心一,B2,36.84,4,,6.6202,18.2,55,24,0.1644,3.2,,,0,低,60,0,差ま0%,6 665,0,23,0.637,0,0,0,0.04,0,,,,,,D,,,0.3386,0.494,,0.385,S,99,0,◎1着固定 2-3着流し（5〜8点）,0.5777,"{'is_target': True, 'verdict': '点数絞り', 'max_combo_prob': 0.0959, 'est_top_odds': 13.9, 'circle_concentration': 70.0, 'eligible_count': 6, 'bet_adj': 0, 'reason': 'rel_win1=57.6%（本命度） / 最有力組み合わせ確率: 0.096（推定実オッズ?14倍） / 2着集中度: 上位2艇 70.0%（補正+0.04） / 総合判定確率: 0.136 / → ヒモはやや固め。上位2艇以外を切ること', 'tenji_trigger': '展示確認: 1号艇伸び良→そのまま採用。悪→飛び組に差し替え。circle_pct上位2艇に絞り込むこと。'}",,,27.8,逃げ狙い,16.49,28.7,2,,,,,,,,,,,
2025-10-15,丸亀,4,5,大原祥昌,A2,17.65,5,,4.7822,4.9,54,41.2,0.155,3.4706,,,0,低,48,0,-,256 65,0,29.9,1.1929,,,,,,0,0.1818,0,,,E,◎,,0.3904,0.651,,0.385,S,99,0,◎1着固定 2-3着流し（5〜8点）,0.5777,"{'is_target': True, 'verdict': '点数絞り', 'max_combo_prob': 0.0959, 'est_top_odds': 13.9, 'circle_concentration': 70.0, 'eligible_count': 6, 'bet_adj': 0, 'reason': 'rel_win1=57.6%（本命度） / 最有力組み合わせ確率: 0.096（推定実オッズ?14倍） / 2着集中度: 上位2艇 70.0%（補正+0.04） / 総合判定確率: 0.136 / → ヒモはやや固め。上位2艇以外を切ること', 'tenji_trigger': '展示確認: 1号艇伸び良→そのまま採用。悪→飛び組に差し替え。circle_pct上位2艇に絞り込むこと。'}",,,27.8,逃げ狙い,16.49,28.7,2,,,,,,,,,,,
2025-10-15,丸亀,4,6,中村泰平,A1,71.43,6,▲,4.7466,6.9,45,44.4,0.1667,3.8889,,,0,低,80,0,ま0%,242211,0,93.1,1.8628,0,0,0.0714,0,0,0.1864,0.0182,0.0364,,,A,△,,0.3323,0.6085,,0.385,S,99,0,◎1着固定 2-3着流し（5〜8点）,0.5777,"{'is_target': True, 'verdict': '点数絞り', 'max_combo_prob': 0.0959, 'est_top_odds': 13.9, 'circle_concentration': 70.0, 'eligible_count': 6, 'bet_adj': 0, 'reason': 'rel_win1=57.6%（本命度） / 最有力組み合わせ確率: 0.096（推定実オッズ?14倍） / 2着集中度: 上位2艇 70.0%（補正+0.04） / 総合判定確率: 0.136 / → ヒモはやや固め。上位2艇以外を切ること', 'tenji_trigger': '展示確認: 1号艇伸び良→そのまま採用。悪→飛び組に差し替え。circle_pct上位2艇に絞り込むこと。'}",,,27.8,逃げ狙い,16.49,28.7,2,,,,,,,,,,,
2025-10-15,丸亀,5,1,宮脇遼太,A2,50.00,1,◎,54.2599,,0,76.5,0.1559,3.2794,,,0,低,70,0,逃1%,3 2126,0,82.2,0.9994,0.5882,,,,,0.1906,0,0.0706,◎,,A,△,,,0.5925,,0.4556,A,68,0,◎-○軸 3着3〜4艇流し（10〜15点）,0.5777,"{'is_target': True, 'verdict': '参加推奨', 'max_combo_prob': 0.0634, 'est_top_odds': 21.0, 'circle_concentration': 65.1, 'eligible_count': 8, 'bet_adj': 2, 'reason': 'rel_win1=54.3%（本命度） / 最有力組み合わせ確率: 0.063（推定実オッズ?21倍） / 2着集中度: 上位2艇 65.1%（補正+0.00） / 総合判定確率: 0.063 / → ヒモ分散。1号艇1着固定で広めのヒモ流し推奨（買い目+2点）', 'tenji_trigger': '展示確認: ヒモ分散レース。1号艇伸び確認後、広めのヒモ流しを採用。穴ヒモ（5・6号艇）を積極的に含める。'}",,,29.2,逃げ狙い,19.71,30.1,3,,,,,0,0,0.7559,0,,逃げ軸流し,A
2025-10-15,丸亀,5,2,佐々木翔,A1,42.86,2,○,15.2314,42,100,66,0.1509,3.1915,,,0,低,101,0,差0% ま0%,1 4461,0,53.3,1.0948,0,0.0952,0.1429,0,0,0.0387,0.1373,0.1502,,◎,B,△,,0.3775,0.5985,,0.4556,A,68,0,◎-○軸 3着3〜4艇流し（10〜15点）,0.5777,"{'is_target': True, 'verdict': '参加推奨', 'max_combo_prob': 0.0634, 'est_top_odds': 21.0, 'circle_concentration': 65.1, 'eligible_count': 8, 'bet_adj': 2, 'reason': 'rel_win1=54.3%（本命度） / 最有力組み合わせ確率: 0.063（推定実オッズ?21倍） / 2着集中度: 上位2艇 65.1%（補正+0.00） / 総合判定確率: 0.063 / → ヒモ分散。1号艇1着固定で広めのヒモ流し推奨（買い目+2点）', 'tenji_trigger': '展示確認: ヒモ分散レース。1号艇伸び確認後、広めのヒモ流しを採用。穴ヒモ（5・6号艇）を積極的に含める。'}",,,29.2,逃げ狙い,19.71,30.1,3,,,,,,,,,,,
2025-10-15,丸亀,5,3,佐藤太亮,B1,38.89,3,▲,11.6022,22.2,74,45.7,0.1469,3.5857,,,0,低,72,0,抜0%,5 134,0,63.4,0.955,0,0,0,0,0.0714,0,0.3333,0.3333,,○,C,○,,0.355,0.6,,0.4556,A,68,0,◎-○軸 3着3〜4艇流し（10〜15点）,0.5777,"{'is_target': True, 'verdict': '参加推奨', 'max_combo_prob': 0.0634, 'est_top_odds': 21.0, 'circle_concentration': 65.1, 'eligible_count': 8, 'bet_adj': 2, 'reason': 'rel_win1=54.3%（本命度） / 最有力組み合わせ確率: 0.063（推定実オッズ?21倍） / 2着集中度: 上位2艇 65.1%（補正+0.00） / 総合判定確率: 0.063 / → ヒモ分散。1号艇1着固定で広めのヒモ流し推奨（買い目+2点）', 'tenji_trigger': '展示確認: ヒモ分散レース。1号艇伸び確認後、広めのヒモ流しを採用。穴ヒモ（5・6号艇）を積極的に含める。'}",,,29.2,逃げ狙い,19.71,30.1,3,,,,,,,,,,,
2025-10-15,丸亀,5,4,小林甘寧,B2,27.78,4,△,11.6535,23.1,74,60,0.143,2.75,,,0,低,49,1,差ま0%,664 55,0,79.1,1.304,0,0,0,0.1,0,1,0,0,,,D,,,0.3462,0.5545,,0.4556,A,68,0,◎-○軸 3着3〜4艇流し（10〜15点）,0.5777,"{'is_target': True, 'verdict': '参加推奨', 'max_combo_prob': 0.0634, 'est_top_odds': 21.0, 'circle_concentration': 65.1, 'eligible_count': 8, 'bet_adj': 2, 'reason': 'rel_win1=54.3%（本命度） / 最有力組み合わせ確率: 0.063（推定実オッズ?21倍） / 2着集中度: 上位2艇 65.1%（補正+0.00） / 総合判定確率: 0.063 / → ヒモ分散。1号艇1着固定で広めのヒモ流し推奨（買い目+2点）', 'tenji_trigger': '展示確認: ヒモ分散レース。1号艇伸び確認後、広めのヒモ流しを採用。穴ヒモ（5・6号艇）を積極的に含める。'}",,,29.2,逃げ狙い,19.71,30.1,3,,,,,,,,,,,
2025-10-15,丸亀,5,5,芝田京介,B1,28.57,5,,4.3857,6.9,52,30,0.175,3.675,,,0,低,102,0,-,243 44,0,33.6,0.8712,,,,,,0.4167,0.25,0.0833,,,D,,,0.251,0.5915,,0.4556,A,68,0,◎-○軸 3着3〜4艇流し（10〜15点）,0.5777,"{'is_target': True, 'verdict': '参加推奨', 'max_combo_prob': 0.0634, 'est_top_odds': 21.0, 'circle_concentration': 65.1, 'eligible_count': 8, 'bet_adj': 2, 'reason': 'rel_win1=54.3%（本命度） / 最有力組み合わせ確率: 0.063（推定実オッズ?21倍） / 2着集中度: 上位2艇 65.1%（補正+0.00） / 総合判定確率: 0.063 / → ヒモ分散。1号艇1着固定で広めのヒモ流し推奨（買い目+2点）', 'tenji_trigger': '展示確認: ヒモ分散レース。1号艇伸び確認後、広めのヒモ流しを採用。穴ヒモ（5・6号艇）を積極的に含める。'}",,,29.2,逃げ狙い,19.71,30.1,3,,,,,,,,,,,
2025-10-15,丸亀,5,6,濱野斗馬,A1,21.05,6,,2.8672,5.8,66,36.7,0.1433,4.0167,,,0,低,40,0,-,314 12,0,28.9,1.2317,,,,,,0.0968,0,0.0323,,,E,◎,,0.3501,0.638,,0.4556,A,68,0,◎-○軸 3着3〜4艇流し（10〜15点）,0.5777,"{'is_target': True, 'verdict': '参加推奨', 'max_combo_prob': 0.0634, 'est_top_odds': 21.0, 'circle_concentration': 65.1, 'eligible_count': 8, 'bet_adj': 2, 'reason': 'rel_win1=54.3%（本命度） / 最有力組み合わせ確率: 0.063（推定実オッズ?21倍） / 2着集中度: 上位2艇 65.1%（補正+0.00） / 総合判定確率: 0.063 / → ヒモ分散。1号艇1着固定で広めのヒモ流し推奨（買い目+2点）', 'tenji_trigger': '展示確認: ヒモ分散レース。1号艇伸び確認後、広めのヒモ流しを採用。穴ヒモ（5・6号艇）を積極的に含める。'}",,,29.2,逃げ狙い,19.71,30.1,3,,,,,,,,,,,
2025-10-15,丸亀,6,1,浦野　海,A2,17.65,1,◎,58.0517,,0,82.3,0.1265,2.2353,,,0,低,75,0,逃1%,433 45,0,68.9,1.0738,0.5556,,,,,0,0.1111,0.1422,◎,,C,,,,0.579,,0.648,A,75,0,◎-○軸 3着3〜4艇流し（10〜15点）,0.5777,"{'is_target': True, 'verdict': '参加推奨', 'max_combo_prob': 0.0576, 'est_top_odds': 23.1, 'circle_concentration': 61.5, 'eligible_count': 8, 'bet_adj': 2, 'reason': 'rel_win1=58.1%（本命度） / 最有力組み合わせ確率: 0.058（推定実オッズ?23倍） / 2着集中度: 上位2艇 61.5%（補正+0.00） / 総合判定確率: 0.058 / → ヒモ分散。1号艇1着固定で広めのヒモ流し推奨（買い目+2点）', 'tenji_trigger': '展示確認: ヒモ分散レース。1号艇伸び確認後、広めのヒモ流しを採用。穴ヒモ（5・6号艇）を積極的に含める。\n展示で1号艇スタート超安定(0.127秒)→ヒモ固まり方向に注意'}",,,28,逃げ狙い,19.99,26.5,4,,,,,0,0,0.7559,0,,逃げ軸流し,A
2025-10-15,丸亀,6,2,川崎智稔,B1,40.00,2,○,7.6117,29.9,100,52.7,0.1538,3.2,,,0,低,62,0,-,565 23,0,100,2.0441,0,0,0.0476,0,0,0.2267,0.1733,0.0267,,,A,◎,,0.0554,0.6335,,0.648,A,75,0,◎-○軸 3着3〜4艇流し（10〜15点）,0.5777,"{'is_target': True, 'verdict': '参加推奨', 'max_combo_prob': 0.0576, 'est_top_odds': 23.1, 'circle_concentration': 61.5, 'eligible_count': 8, 'bet_adj': 2, 'reason': 'rel_win1=58.1%（本命度） / 最有力組み合わせ確率: 0.058（推定実オッズ?23倍） / 2着集中度: 上位2艇 61.5%（補正+0.00） / 総合判定確率: 0.058 / → ヒモ分散。1号艇1着固定で広めのヒモ流し推奨（買い目+2点）', 'tenji_trigger': '展示確認: ヒモ分散レース。1号艇伸び確認後、広めのヒモ流しを採用。穴ヒモ（5・6号艇）を積極的に含める。\n展示で1号艇スタート超安定(0.127秒)→ヒモ固まり方向に注意'}",,,28,逃げ狙い,19.99,26.5,4,,,,,,,,,,,
2025-10-15,丸亀,6,3,本村　大,B1,11.76,3,△,15.1803,23.1,79,53.8,0.1728,3.5897,,,0,低,117,0,ま0%,5 555,0,43.2,1.1756,0,0,0.0526,0,0,0.0667,0,0.1444,,,D,△,,0.1129,0.617,,0.648,A,75,0,◎-○軸 3着3〜4艇流し（10〜15点）,0.5777,"{'is_target': True, 'verdict': '参加推奨', 'max_combo_prob': 0.0576, 'est_top_odds': 23.1, 'circle_concentration': 61.5, 'eligible_count': 8, 'bet_adj': 2, 'reason': 'rel_win1=58.1%（本命度） / 最有力組み合わせ確率: 0.058（推定実オッズ?23倍） / 2着集中度: 上位2艇 61.5%（補正+0.00） / 総合判定確率: 0.058 / → ヒモ分散。1号艇1着固定で広めのヒモ流し推奨（買い目+2点）', 'tenji_trigger': '展示確認: ヒモ分散レース。1号艇伸び確認後、広めのヒモ流しを採用。穴ヒモ（5・6号艇）を積極的に含める。\n展示で1号艇スタート超安定(0.127秒)→ヒモ固まり方向に注意'}",,,28,逃げ狙い,19.99,26.5,4,,,,,,,,,,,
2025-10-15,丸亀,6,4,中野希一,A1,10.53,4,,13.2992,31.6,51,70.3,0.1284,2.3514,,,0,低,71,0,差0% ま0% 抜0%,166 13,0,72.6,1.5168,0,0.0526,0.1053,0,0.0526,0.1818,0.3636,0.0455,,,E,,◎,0.2971,0.5435,0.4525,0.648,A,75,0,◎-○軸 3着3〜4艇流し（10〜15点）,0.5777,"{'is_target': True, 'verdict': '参加推奨', 'max_combo_prob': 0.0576, 'est_top_odds': 23.1, 'circle_concentration': 61.5, 'eligible_count': 8, 'bet_adj': 2, 'reason': 'rel_win1=58.1%（本命度） / 最有力組み合わせ確率: 0.058（推定実オッズ?23倍） / 2着集中度: 上位2艇 61.5%（補正+0.00） / 総合判定確率: 0.058 / → ヒモ分散。1号艇1着固定で広めのヒモ流し推奨（買い目+2点）', 'tenji_trigger': '展示確認: ヒモ分散レース。1号艇伸び確認後、広めのヒモ流しを採用。穴ヒモ（5・6号艇）を積極的に含める。\n展示で1号艇スタート超安定(0.127秒)→ヒモ固まり方向に注意'}",,,28,逃げ狙い,19.99,26.5,4,,,,,,,,,,,
2025-10-15,丸亀,6,5,山口晃朋,B1,26.32,5,▲,3.0128,7.6,51,22.7,0.1611,3.4205,,,0,低,72,0,-,1 452,0,28.2,0.7012,,,,,,0.1079,0,0.0444,,,B,△,,0.201,0.6005,,0.648,A,75,0,◎-○軸 3着3〜4艇流し（10〜15点）,0.5777,"{'is_target': True, 'verdict': '参加推奨', 'max_combo_prob': 0.0576, 'est_top_odds': 23.1, 'circle_concentration': 61.5, 'eligible_count': 8, 'bet_adj': 2, 'reason': 'rel_win1=58.1%（本命度） / 最有力組み合わせ確率: 0.058（推定実オッズ?23倍） / 2着集中度: 上位2艇 61.5%（補正+0.00） / 総合判定確率: 0.058 / → ヒモ分散。1号艇1着固定で広めのヒモ流し推奨（買い目+2点）', 'tenji_trigger': '展示確認: ヒモ分散レース。1号艇伸び確認後、広めのヒモ流しを採用。穴ヒモ（5・6号艇）を積極的に含める。\n展示で1号艇スタート超安定(0.127秒)→ヒモ固まり方向に注意'}",,,28,逃げ狙い,19.99,26.5,4,,,,,,,,,,,
2025-10-15,丸亀,6,6,西岡顕心,A1,11.76,6,,2.8444,7.8,90,57.1,0.1771,4.1857,,,0,低,55,0,-,12131,0,28.5,0.7989,,,,,,0,0.0714,0,,,D,○,,0.149,0.6245,,0.648,A,75,0,◎-○軸 3着3〜4艇流し（10〜15点）,0.5777,"{'is_target': True, 'verdict': '参加推奨', 'max_combo_prob': 0.0576, 'est_top_odds': 23.1, 'circle_concentration': 61.5, 'eligible_count': 8, 'bet_adj': 2, 'reason': 'rel_win1=58.1%（本命度） / 最有力組み合わせ確率: 0.058（推定実オッズ?23倍） / 2着集中度: 上位2艇 61.5%（補正+0.00） / 総合判定確率: 0.058 / → ヒモ分散。1号艇1着固定で広めのヒモ流し推奨（買い目+2点）', 'tenji_trigger': '展示確認: ヒモ分散レース。1号艇伸び確認後、広めのヒモ流しを採用。穴ヒモ（5・6号艇）を積極的に含める。\n展示で1号艇スタート超安定(0.127秒)→ヒモ固まり方向に注意'}",,,28,逃げ狙い,19.99,26.5,4,,,,,,,,,,,
2025-10-15,丸亀,7,1,眞鳥章太,A2,40.00,1,◎,59.6336,,0,89.7,0.1409,2.7941,,,0,低,108,0,逃1%,133314,0,89,1.1563,0.6061,,,,,0.0364,0.0364,0.0721,◎,,B,○,,,0.6335,,0.6049,S,91,0,◎1着固定 2-3着流し（5〜8点）,0.5777,"{'is_target': True, 'verdict': '点数絞り', 'max_combo_prob': 0.1002, 'est_top_odds': 13.3, 'circle_concentration': 80.6, 'eligible_count': 6, 'bet_adj': 0, 'reason': 'rel_win1=59.6%（本命度） / 最有力組み合わせ確率: 0.100（推定実オッズ?13倍） / 2着集中度: 上位2艇 80.6%（補正+0.04） / 総合判定確率: 0.140 / → ヒモはやや固め。上位2艇以外を切ること', 'tenji_trigger': '展示確認: 1号艇伸び良→そのまま採用。悪→飛び組に差し替え。circle_pct上位2艇に絞り込むこと。'}",,,27.2,逃げ狙い,19.73,24.3,3,,,,,0,0,0.7559,0,,逃げ軸流し,A
2025-10-15,丸亀,7,2,常盤海心,B1,31.25,2,△,8.3663,37.8,44,39.7,0.196,4.4138,,,0,低,136,0,-,2 536,0,17.2,0.6067,0,0,0.04,0,0,0.0667,0.6,0.2667,,,C,△,,0.0596,0.592,,0.6049,S,91,0,◎1着固定 2-3着流し（5〜8点）,0.5777,"{'is_target': True, 'verdict': '点数絞り', 'max_combo_prob': 0.1002, 'est_top_odds': 13.3, 'circle_concentration': 80.6, 'eligible_count': 6, 'bet_adj': 0, 'reason': 'rel_win1=59.6%（本命度） / 最有力組み合わせ確率: 0.100（推定実オッズ?13倍） / 2着集中度: 上位2艇 80.6%（補正+0.04） / 総合判定確率: 0.140 / → ヒモはやや固め。上位2艇以外を切ること', 'tenji_trigger': '展示確認: 1号艇伸び良→そのまま採用。悪→飛び組に差し替え。circle_pct上位2艇に絞り込むこと。'}",,,27.2,逃げ狙い,19.73,24.3,3,,,,,,,,,,,
2025-10-15,丸亀,7,3,砂長知輝,A1,29.41,3,▲,16.7702,42.9,41,70.8,0.1517,3.6042,,,0,低,57,0,ま0% 差ま0%,42515,0,72.7,1.4513,0,0,0.1538,0.1538,0,0,0.2,0.025,,,D,◎,,0.2807,0.6395,,0.6049,S,91,0,◎1着固定 2-3着流し（5〜8点）,0.5777,"{'is_target': True, 'verdict': '点数絞り', 'max_combo_prob': 0.1002, 'est_top_odds': 13.3, 'circle_concentration': 80.6, 'eligible_count': 6, 'bet_adj': 0, 'reason': 'rel_win1=59.6%（本命度） / 最有力組み合わせ確率: 0.100（推定実オッズ?13倍） / 2着集中度: 上位2艇 80.6%（補正+0.04） / 総合判定確率: 0.140 / → ヒモはやや固め。上位2艇以外を切ること', 'tenji_trigger': '展示確認: 1号艇伸び良→そのまま採用。悪→飛び組に差し替え。circle_pct上位2艇に絞り込むこと。'}",,,27.2,逃げ狙い,19.73,24.3,3,,,,,,,,,,,
2025-10-15,丸亀,7,4,有山　望,B2,47.37,4,○,10.0586,9.1,46,16.7,0.1972,3.7778,,,0,低,45,0,-,556 66,0,73.8,0.7834,0,0,0.1111,0,0,,,,,,A,,,0.1341,0.4945,,0.6049,S,91,0,◎1着固定 2-3着流し（5〜8点）,0.5777,"{'is_target': True, 'verdict': '点数絞り', 'max_combo_prob': 0.1002, 'est_top_odds': 13.3, 'circle_concentration': 80.6, 'eligible_count': 6, 'bet_adj': 0, 'reason': 'rel_win1=59.6%（本命度） / 最有力組み合わせ確率: 0.100（推定実オッズ?13倍） / 2着集中度: 上位2艇 80.6%（補正+0.04） / 総合判定確率: 0.140 / → ヒモはやや固め。上位2艇以外を切ること', 'tenji_trigger': '展示確認: 1号艇伸び良→そのまま採用。悪→飛び組に差し替え。circle_pct上位2艇に絞り込むこと。'}",,,27.2,逃げ狙い,19.73,24.3,3,,,,,,,,,,,
2025-10-15,丸亀,7,5,加藤優弥,B1,21.05,5,,4.1729,5.1,100,49,0.1837,3.6765,,,0,低,96,0,差ま0%,354 25,0,31.6,1.3245,0,0,0,0.0625,0,0.1068,0.4902,0.0211,,,E,△,,0.1555,0.6035,,0.6049,S,91,0,◎1着固定 2-3着流し（5〜8点）,0.5777,"{'is_target': True, 'verdict': '点数絞り', 'max_combo_prob': 0.1002, 'est_top_odds': 13.3, 'circle_concentration': 80.6, 'eligible_count': 6, 'bet_adj': 0, 'reason': 'rel_win1=59.6%（本命度） / 最有力組み合わせ確率: 0.100（推定実オッズ?13倍） / 2着集中度: 上位2艇 80.6%（補正+0.04） / 総合判定確率: 0.140 / → ヒモはやや固め。上位2艇以外を切ること', 'tenji_trigger': '展示確認: 1号艇伸び良→そのまま採用。悪→飛び組に差し替え。circle_pct上位2艇に絞り込むこと。'}",,,27.2,逃げ狙い,19.73,24.3,3,,,,,,,,,,,
2025-10-15,丸亀,7,6,高井雄基,A1,33.33,6,,0.9984,5.2,65,47.2,0.2133,4.6944,,,0,低,86,0,-,345144,0,87.4,1.8178,,,,,,0,0.0889,0.0444,,,C,,,0.1435,0.579,,0.6049,S,91,0,◎1着固定 2-3着流し（5〜8点）,0.5777,"{'is_target': True, 'verdict': '点数絞り', 'max_combo_prob': 0.1002, 'est_top_odds': 13.3, 'circle_concentration': 80.6, 'eligible_count': 6, 'bet_adj': 0, 'reason': 'rel_win1=59.6%（本命度） / 最有力組み合わせ確率: 0.100（推定実オッズ?13倍） / 2着集中度: 上位2艇 80.6%（補正+0.04） / 総合判定確率: 0.140 / → ヒモはやや固め。上位2艇以外を切ること', 'tenji_trigger': '展示確認: 1号艇伸び良→そのまま採用。悪→飛び組に差し替え。circle_pct上位2艇に絞り込むこと。'}",,,27.2,逃げ狙い,19.73,24.3,3,,,,,,,,,,,
2025-10-15,丸亀,8,1,板橋侑我,A1,63.64,1,◎,73.433,,0,92.5,0.1215,2.325,,,0,低,35,0,逃1%,631 31,0,92.3,1.2387,1,,,,,,,,◎,,A,◎,,,0.6715,,0.7741,S,100,0,◎1着固定 2-3着流し（5〜8点）,0.5777,"{'is_target': True, 'verdict': '点数絞り', 'max_combo_prob': 0.1461, 'est_top_odds': 9.1, 'circle_concentration': 82.2, 'eligible_count': 6, 'bet_adj': 0, 'reason': 'rel_win1=73.4%（本命度） / 最有力組み合わせ確率: 0.146（推定実オッズ?9倍） / 2着集中度: 上位2艇 82.2%（補正+0.04） / 総合判定確率: 0.186 / → ヒモはやや固め。上位2艇以外を切ること', 'tenji_trigger': '展示確認: 1号艇伸び良→そのまま採用。悪→飛び組に差し替え。circle_pct上位2艇に絞り込むこと。\n展示で1号艇スタート超安定(0.121秒)→ヒモ固まり方向に注意'}",,,25.4,逃げ狙い,18.09,20.7,2,,,,,0,0,0.7559,0,,逃げ軸流し,A
2025-10-15,丸亀,8,2,大原祥昌,A2,17.65,2,,10.5426,54.2,100,78.8,0.1382,3.2273,,,0,低,48,0,ま0%,256 65,0,59.5,1.2309,0,0,0.125,0,0,0,0.1818,0,,,E,○,,0.1511,0.651,,0.7741,S,100,0,◎1着固定 2-3着流し（5〜8点）,0.5777,"{'is_target': True, 'verdict': '点数絞り', 'max_combo_prob': 0.1461, 'est_top_odds': 9.1, 'circle_concentration': 82.2, 'eligible_count': 6, 'bet_adj': 0, 'reason': 'rel_win1=73.4%（本命度） / 最有力組み合わせ確率: 0.146（推定実オッズ?9倍） / 2着集中度: 上位2艇 82.2%（補正+0.04） / 総合判定確率: 0.186 / → ヒモはやや固め。上位2艇以外を切ること', 'tenji_trigger': '展示確認: 1号艇伸び良→そのまま採用。悪→飛び組に差し替え。circle_pct上位2艇に絞り込むこと。\n展示で1号艇スタート超安定(0.121秒)→ヒモ固まり方向に注意'}",,,25.4,逃げ狙い,18.09,20.7,2,,,,,,,,,,,
2025-10-15,丸亀,8,3,山下拓巳,B1,50.00,3,▲,5.8713,28,87,45.2,0.1631,3.3571,,,0,低,122,0,ま0% 差ま0%,462 14,0,34.2,0.8223,0,0,0.0769,0.0385,0,0.0381,0.1143,0.2762,,,B,,,0.1182,0.5625,,0.7741,S,100,0,◎1着固定 2-3着流し（5〜8点）,0.5777,"{'is_target': True, 'verdict': '点数絞り', 'max_combo_prob': 0.1461, 'est_top_odds': 9.1, 'circle_concentration': 82.2, 'eligible_count': 6, 'bet_adj': 0, 'reason': 'rel_win1=73.4%（本命度） / 最有力組み合わせ確率: 0.146（推定実オッズ?9倍） / 2着集中度: 上位2艇 82.2%（補正+0.04） / 総合判定確率: 0.186 / → ヒモはやや固め。上位2艇以外を切ること', 'tenji_trigger': '展示確認: 1号艇伸び良→そのまま採用。悪→飛び組に差し替え。circle_pct上位2艇に絞り込むこと。\n展示で1号艇スタート超安定(0.121秒)→ヒモ固まり方向に注意'}",,,25.4,逃げ狙い,18.09,20.7,2,,,,,,,,,,,
2025-10-15,丸亀,8,4,田村　慶,A2,52.17,4,○,3.9235,12,84,34.2,0.1761,4.1447,,,0,低,93,0,-,2 6342,0,25,0.7194,,,,,,0,0,0,,,B,△,,0.1373,0.5845,,0.7741,S,100,0,◎1着固定 2-3着流し（5〜8点）,0.5777,"{'is_target': True, 'verdict': '点数絞り', 'max_combo_prob': 0.1461, 'est_top_odds': 9.1, 'circle_concentration': 82.2, 'eligible_count': 6, 'bet_adj': 0, 'reason': 'rel_win1=73.4%（本命度） / 最有力組み合わせ確率: 0.146（推定実オッズ?9倍） / 2着集中度: 上位2艇 82.2%（補正+0.04） / 総合判定確率: 0.186 / → ヒモはやや固め。上位2艇以外を切ること', 'tenji_trigger': '展示確認: 1号艇伸び良→そのまま採用。悪→飛び組に差し替え。circle_pct上位2艇に絞り込むこと。\n展示で1号艇スタート超安定(0.121秒)→ヒモ固まり方向に注意'}",,,25.4,逃げ狙い,18.09,20.7,2,,,,,,,,,,,
2025-10-15,丸亀,8,5,市川健太,B1,36.84,5,△,5.39,5.4,46,30,0.1628,3.09,,,0,低,87,0,ま0% 差ま0%,256 46,0,44.3,0.9726,0,0,0.0667,0.0667,0,0.1333,0.1333,0.1333,,,D,△,◎,0.1639,0.603,0.294,0.7741,S,100,0,◎1着固定 2-3着流し（5〜8点）,0.5777,"{'is_target': True, 'verdict': '点数絞り', 'max_combo_prob': 0.1461, 'est_top_odds': 9.1, 'circle_concentration': 82.2, 'eligible_count': 6, 'bet_adj': 0, 'reason': 'rel_win1=73.4%（本命度） / 最有力組み合わせ確率: 0.146（推定実オッズ?9倍） / 2着集中度: 上位2艇 82.2%（補正+0.04） / 総合判定確率: 0.186 / → ヒモはやや固め。上位2艇以外を切ること', 'tenji_trigger': '展示確認: 1号艇伸び良→そのまま採用。悪→飛び組に差し替え。circle_pct上位2艇に絞り込むこと。\n展示で1号艇スタート超安定(0.121秒)→ヒモ固まり方向に注意'}",,,25.4,逃げ狙い,18.09,20.7,2,,,,,,,,,,,
2025-10-15,丸亀,8,6,嘉手苅徹,B1,31.58,6,,0.8396,0.4,20,3.6,0.1799,4.2188,,,0,低,87,0,-,5 46F,0,26.3,0.8733,,,,,,0.28,0.36,0,,,D,,,0.1368,0.5685,,0.7741,S,100,0,◎1着固定 2-3着流し（5〜8点）,0.5777,"{'is_target': True, 'verdict': '点数絞り', 'max_combo_prob': 0.1461, 'est_top_odds': 9.1, 'circle_concentration': 82.2, 'eligible_count': 6, 'bet_adj': 0, 'reason': 'rel_win1=73.4%（本命度） / 最有力組み合わせ確率: 0.146（推定実オッズ?9倍） / 2着集中度: 上位2艇 82.2%（補正+0.04） / 総合判定確率: 0.186 / → ヒモはやや固め。上位2艇以外を切ること', 'tenji_trigger': '展示確認: 1号艇伸び良→そのまま採用。悪→飛び組に差し替え。circle_pct上位2艇に絞り込むこと。\n展示で1号艇スタート超安定(0.121秒)→ヒモ固まり方向に注意'}",,,25.4,逃げ狙い,18.09,20.7,2,,,,,,,,,,,
2025-10-15,丸亀,9,1,濱野斗馬,A1,21.05,1,◎,59.0162,,0,94.4,0.118,1.9907,,,0,低,40,0,逃1%,314 12,0,85.5,1.0721,0.7419,,,,,0.0968,0,0.0323,◎,,E,△,,,0.638,,0.7185,S,100,0,◎1着固定 2-3着流し（5〜8点）,0.5777,"{'is_target': True, 'verdict': '参加推奨', 'max_combo_prob': 0.061, 'est_top_odds': 21.9, 'circle_concentration': 60.8, 'eligible_count': 6, 'bet_adj': 2, 'reason': 'rel_win1=59.0%（本命度） / 最有力組み合わせ確率: 0.061（推定実オッズ?22倍） / 2着集中度: 上位2艇 60.8%（補正+0.00） / 総合判定確率: 0.061 / → ヒモ分散。1号艇1着固定で広めのヒモ流し推奨（買い目+2点）', 'tenji_trigger': '展示確認: ヒモ分散レース。1号艇伸び確認後、広めのヒモ流しを採用。穴ヒモ（5・6号艇）を積極的に含める。\n展示で1号艇スタート超安定(0.118秒)→ヒモ固まり方向に注意'}",,,27.3,逃げ狙い,20.87,23.5,4,,,,,0,0,0.7559,0,,逃げ軸流し,A
2025-10-15,丸亀,9,2,藤原仙二,A2,72.22,2,▲,13.741,33.5,73,51.2,0.201,3.8902,,,0,低,93,0,差0% ま0%,41122,0,63.6,0.8717,0,0.1176,0.0588,0,0,0,0.08,0.28,,,A,,,0.0746,0.577,,0.7185,S,100,0,◎1着固定 2-3着流し（5〜8点）,0.5777,"{'is_target': True, 'verdict': '参加推奨', 'max_combo_prob': 0.061, 'est_top_odds': 21.9, 'circle_concentration': 60.8, 'eligible_count': 6, 'bet_adj': 2, 'reason': 'rel_win1=59.0%（本命度） / 最有力組み合わせ確率: 0.061（推定実オッズ?22倍） / 2着集中度: 上位2艇 60.8%（補正+0.00） / 総合判定確率: 0.061 / → ヒモ分散。1号艇1着固定で広めのヒモ流し推奨（買い目+2点）', 'tenji_trigger': '展示確認: ヒモ分散レース。1号艇伸び確認後、広めのヒモ流しを採用。穴ヒモ（5・6号艇）を積極的に含める。\n展示で1号艇スタート超安定(0.118秒)→ヒモ固まり方向に注意'}",,,27.3,逃げ狙い,20.87,23.5,4,,,,,,,,,,,
2025-10-15,丸亀,9,3,宮脇遼太,A2,50.00,3,○,13.56,27.3,86,57.9,0.1395,2.6974,,,0,低,70,0,ま0% 差ま0% 抜0%,3 2126,0,57.7,1.1946,0,0,0.1429,0.0714,0.0714,0.1906,0,0.0706,,,A,△,,0.2032,0.5925,,0.7185,S,100,0,◎1着固定 2-3着流し（5〜8点）,0.5777,"{'is_target': True, 'verdict': '参加推奨', 'max_combo_prob': 0.061, 'est_top_odds': 21.9, 'circle_concentration': 60.8, 'eligible_count': 6, 'bet_adj': 2, 'reason': 'rel_win1=59.0%（本命度） / 最有力組み合わせ確率: 0.061（推定実オッズ?22倍） / 2着集中度: 上位2艇 60.8%（補正+0.00） / 総合判定確率: 0.061 / → ヒモ分散。1号艇1着固定で広めのヒモ流し推奨（買い目+2点）', 'tenji_trigger': '展示確認: ヒモ分散レース。1号艇伸び確認後、広めのヒモ流しを採用。穴ヒモ（5・6号艇）を積極的に含める。\n展示で1号艇スタート超安定(0.118秒)→ヒモ固まり方向に注意'}",,,27.3,逃げ狙い,20.87,23.5,4,,,,,,,,,,,
2025-10-15,丸亀,9,4,石本裕武,A1,35.00,4,△,10.7876,23,100,70.6,0.1221,2.25,,,0,低,35,0,差0% ま0% 抜0%,15125,0,84.6,1.44,0,0.0625,0.1875,0,0.125,0,0.0909,0.0909,,,D,◎,◎,0.309,0.657,0.4724,0.7185,S,100,0,◎1着固定 2-3着流し（5〜8点）,0.5777,"{'is_target': True, 'verdict': '参加推奨', 'max_combo_prob': 0.061, 'est_top_odds': 21.9, 'circle_concentration': 60.8, 'eligible_count': 6, 'bet_adj': 2, 'reason': 'rel_win1=59.0%（本命度） / 最有力組み合わせ確率: 0.061（推定実オッズ?22倍） / 2着集中度: 上位2艇 60.8%（補正+0.00） / 総合判定確率: 0.061 / → ヒモ分散。1号艇1着固定で広めのヒモ流し推奨（買い目+2点）', 'tenji_trigger': '展示確認: ヒモ分散レース。1号艇伸び確認後、広めのヒモ流しを採用。穴ヒモ（5・6号艇）を積極的に含める。\n展示で1号艇スタート超安定(0.118秒)→ヒモ固まり方向に注意'}",,,27.3,逃げ狙い,20.87,23.5,4,,,,,,,,,,,
2025-10-15,丸亀,9,5,津田陸翔,A2,40.00,5,,1.9984,13.4,70,40.5,0.1574,3.6429,,,0,低,80,0,-,322632,0,29.2,1.1405,,,,,,0,0.0842,0.2421,,,C,○,,0.1828,0.6525,,0.7185,S,100,0,◎1着固定 2-3着流し（5〜8点）,0.5777,"{'is_target': True, 'verdict': '参加推奨', 'max_combo_prob': 0.061, 'est_top_odds': 21.9, 'circle_concentration': 60.8, 'eligible_count': 6, 'bet_adj': 2, 'reason': 'rel_win1=59.0%（本命度） / 最有力組み合わせ確率: 0.061（推定実オッズ?22倍） / 2着集中度: 上位2艇 60.8%（補正+0.00） / 総合判定確率: 0.061 / → ヒモ分散。1号艇1着固定で広めのヒモ流し推奨（買い目+2点）', 'tenji_trigger': '展示確認: ヒモ分散レース。1号艇伸び確認後、広めのヒモ流しを採用。穴ヒモ（5・6号艇）を積極的に含める。\n展示で1号艇スタート超安定(0.118秒)→ヒモ固まり方向に注意'}",,,27.3,逃げ狙い,20.87,23.5,4,,,,,,,,,,,
2025-10-15,丸亀,9,6,原田雄次,A2,12.00,6,,0.8968,2.8,68,17.1,0.2089,5.1286,,,0,低,136,0,-,342 12,0,28.5,0.7011,,,,,,0,0.25,0.375,,,E,,,0.135,0.5155,,0.7185,S,100,0,◎1着固定 2-3着流し（5〜8点）,0.5777,"{'is_target': True, 'verdict': '参加推奨', 'max_combo_prob': 0.061, 'est_top_odds': 21.9, 'circle_concentration': 60.8, 'eligible_count': 6, 'bet_adj': 2, 'reason': 'rel_win1=59.0%（本命度） / 最有力組み合わせ確率: 0.061（推定実オッズ?22倍） / 2着集中度: 上位2艇 60.8%（補正+0.00） / 総合判定確率: 0.061 / → ヒモ分散。1号艇1着固定で広めのヒモ流し推奨（買い目+2点）', 'tenji_trigger': '展示確認: ヒモ分散レース。1号艇伸び確認後、広めのヒモ流しを採用。穴ヒモ（5・6号艇）を積極的に含める。\n展示で1号艇スタート超安定(0.118秒)→ヒモ固まり方向に注意'}",,,27.3,逃げ狙い,20.87,23.5,4,,,,,,,,,,,
2025-10-15,丸亀,10,1,中村泰平,A1,71.43,1,◎,62.8405,,0,92.2,0.1551,2.7647,,,0,低,80,0,逃1%,242211,0,76.4,1.0118,0.6818,,,,,0.1864,0.0182,0.0364,◎,,A,△,,,0.6085,,0.5686,S,82,0,◎1着固定 2-3着流し（5〜8点）,0.5777,"{'is_target': True, 'verdict': '点数絞り', 'max_combo_prob': 0.1148, 'est_top_odds': 11.6, 'circle_concentration': 72.6, 'eligible_count': 6, 'bet_adj': 0, 'reason': 'rel_win1=62.8%（本命度） / 最有力組み合わせ確率: 0.115（推定実オッズ?12倍） / 2着集中度: 上位2艇 72.6%（補正+0.04） / 総合判定確率: 0.155 / → ヒモはやや固め。上位2艇以外を切ること', 'tenji_trigger': '展示確認: 1号艇伸び良→そのまま採用。悪→飛び組に差し替え。circle_pct上位2艇に絞り込むこと。'}",,,28.8,逃げ狙い,19.61,29.1,3,,,,,0,0,0.7559,0,,逃げ軸流し,A
2025-10-15,丸亀,10,2,上田健太,A1,33.33,2,,11.8888,53.1,71,73.2,0.1693,3.4554,,,0,低,121,0,差0% ま0%,1 3113,0,62.5,1.1564,0,0.1034,0.1034,0,0,0.1337,0.048,0.1177,,,D,△,,0.1826,0.6005,,0.5686,S,82,0,◎1着固定 2-3着流し（5〜8点）,0.5777,"{'is_target': True, 'verdict': '点数絞り', 'max_combo_prob': 0.1148, 'est_top_odds': 11.6, 'circle_concentration': 72.6, 'eligible_count': 6, 'bet_adj': 0, 'reason': 'rel_win1=62.8%（本命度） / 最有力組み合わせ確率: 0.115（推定実オッズ?12倍） / 2着集中度: 上位2艇 72.6%（補正+0.04） / 総合判定確率: 0.155 / → ヒモはやや固め。上位2艇以外を切ること', 'tenji_trigger': '展示確認: 1号艇伸び良→そのまま採用。悪→飛び組に差し替え。circle_pct上位2艇に絞り込むこと。'}",,,28.8,逃げ狙い,19.61,29.1,3,,,,,,,,,,,
2025-10-15,丸亀,10,3,眞鳥章太,A2,40.00,3,○,13.2573,19.4,100,62.5,0.1473,2.8359,,,0,低,108,0,差0% ま0% 差ま0%,133314,0,51.9,1.2288,0,0.0968,0.0968,0.1613,0,0.0364,0.0364,0.0721,,◎,D,◎,,0.3599,0.6335,,0.5686,S,82,0,◎1着固定 2-3着流し（5〜8点）,0.5777,"{'is_target': True, 'verdict': '点数絞り', 'max_combo_prob': 0.1148, 'est_top_odds': 11.6, 'circle_concentration': 72.6, 'eligible_count': 6, 'bet_adj': 0, 'reason': 'rel_win1=62.8%（本命度） / 最有力組み合わせ確率: 0.115（推定実オッズ?12倍） / 2着集中度: 上位2艇 72.6%（補正+0.04） / 総合判定確率: 0.155 / → ヒモはやや固め。上位2艇以外を切ること', 'tenji_trigger': '展示確認: 1号艇伸び良→そのまま採用。悪→飛び組に差し替え。circle_pct上位2艇に絞り込むこと。'}",,,28.8,逃げ狙い,19.61,29.1,3,,,,,,,,,,,
2025-10-15,丸亀,10,4,三馬崇史,B1,42.86,4,▲,7.9274,11.2,65,40.4,0.1756,3.1731,,,0,低,99,0,差0% ま0% 差ま0%,2 223,0,30,0.8983,0,0.0526,0.0526,0.0526,0,0.1177,0.1337,0.2514,,,C,○,◎,0.21,0.611,0.2599,0.5686,S,82,0,◎1着固定 2-3着流し（5〜8点）,0.5777,"{'is_target': True, 'verdict': '点数絞り', 'max_combo_prob': 0.1148, 'est_top_odds': 11.6, 'circle_concentration': 72.6, 'eligible_count': 6, 'bet_adj': 0, 'reason': 'rel_win1=62.8%（本命度） / 最有力組み合わせ確率: 0.115（推定実オッズ?12倍） / 2着集中度: 上位2艇 72.6%（補正+0.04） / 総合判定確率: 0.155 / → ヒモはやや固め。上位2艇以外を切ること', 'tenji_trigger': '展示確認: 1号艇伸び良→そのまま採用。悪→飛び組に差し替え。circle_pct上位2艇に絞り込むこと。'}",,,28.8,逃げ狙い,19.61,29.1,3,,,,,,,,,,,
2025-10-15,丸亀,10,5,佐々木翔,A1,42.86,5,,1.9742,12,75,55.3,0.1766,3.8085,,,0,低,101,0,-,1 4461,0,85.2,1.4317,,,,,,0.0387,0.1373,0.1502,,,C,,,0.244,0.5985,,0.5686,S,82,0,◎1着固定 2-3着流し（5〜8点）,0.5777,"{'is_target': True, 'verdict': '点数絞り', 'max_combo_prob': 0.1148, 'est_top_odds': 11.6, 'circle_concentration': 72.6, 'eligible_count': 6, 'bet_adj': 0, 'reason': 'rel_win1=62.8%（本命度） / 最有力組み合わせ確率: 0.115（推定実オッズ?12倍） / 2着集中度: 上位2艇 72.6%（補正+0.04） / 総合判定確率: 0.155 / → ヒモはやや固め。上位2艇以外を切ること', 'tenji_trigger': '展示確認: 1号艇伸び良→そのまま採用。悪→飛び組に差し替え。circle_pct上位2艇に絞り込むこと。'}",,,28.8,逃げ狙い,19.61,29.1,3,,,,,,,,,,,
2025-10-15,丸亀,10,6,金子龍斗,B1,42.11,6,△,2.1118,4.2,51,31.8,0.1605,3.3882,,,0,低,82,0,差ま0%,4 152,0,50.6,1.2892,0,0,0,0.0385,0,0.1473,0.3802,0,,,C,,,0.2628,0.508,,0.5686,S,82,0,◎1着固定 2-3着流し（5〜8点）,0.5777,"{'is_target': True, 'verdict': '点数絞り', 'max_combo_prob': 0.1148, 'est_top_odds': 11.6, 'circle_concentration': 72.6, 'eligible_count': 6, 'bet_adj': 0, 'reason': 'rel_win1=62.8%（本命度） / 最有力組み合わせ確率: 0.115（推定実オッズ?12倍） / 2着集中度: 上位2艇 72.6%（補正+0.04） / 総合判定確率: 0.155 / → ヒモはやや固め。上位2艇以外を切ること', 'tenji_trigger': '展示確認: 1号艇伸び良→そのまま採用。悪→飛び組に差し替え。circle_pct上位2艇に絞り込むこと。'}",,,28.8,逃げ狙い,19.61,29.1,3,,,,,,,,,,,
2025-10-15,丸亀,11,1,西岡顕心,A1,11.76,1,◎,52.92,,0,88.2,0.1341,3.1471,,,0,低,55,0,逃1%,12131,0,73,0.9443,0.8571,,,,,0,0.0714,0,◎,,E,△,,,0.6245,,0.5751,A,74,0,◎-○軸 3着3〜4艇流し（10〜15点）,0.5777,"{'is_target': True, 'verdict': '点数絞り', 'max_combo_prob': 0.0953, 'est_top_odds': 14.0, 'circle_concentration': 76.1, 'eligible_count': 8, 'bet_adj': 0, 'reason': 'rel_win1=52.9%（本命度） / 最有力組み合わせ確率: 0.095（推定実オッズ?14倍） / 2着集中度: 上位2艇 76.1%（補正+0.04） / 総合判定確率: 0.135 / → ヒモはやや固め。上位2艇以外を切ること', 'tenji_trigger': '展示確認: 1号艇伸び良→そのまま採用。悪→飛び組に差し替え。circle_pct上位2艇に絞り込むこと。\n展示で1号艇スタート超安定(0.134秒)→ヒモ固まり方向に注意'}",,,29.2,逃げ狙い,27.91,22.9,2,,,,,0,0,0.7559,0,,逃げ軸流し,A
2025-10-15,丸亀,11,2,板橋侑我,A1,63.64,2,○,22.122,53.5,94,79.2,0.1421,3,,,0,低,35,0,差0% ま0%,631 31,0,82.3,1.3584,0,0.2857,0.2143,0,0,,,,,,A,◎,,0.2868,0.6715,,0.5751,A,74,0,◎-○軸 3着3〜4艇流し（10〜15点）,0.5777,"{'is_target': True, 'verdict': '点数絞り', 'max_combo_prob': 0.0953, 'est_top_odds': 14.0, 'circle_concentration': 76.1, 'eligible_count': 8, 'bet_adj': 0, 'reason': 'rel_win1=52.9%（本命度） / 最有力組み合わせ確率: 0.095（推定実オッズ?14倍） / 2着集中度: 上位2艇 76.1%（補正+0.04） / 総合判定確率: 0.135 / → ヒモはやや固め。上位2艇以外を切ること', 'tenji_trigger': '展示確認: 1号艇伸び良→そのまま採用。悪→飛び組に差し替え。circle_pct上位2艇に絞り込むこと。\n展示で1号艇スタート超安定(0.134秒)→ヒモ固まり方向に注意'}",,,29.2,逃げ狙い,27.91,22.9,2,,,,,,,,,,,
2025-10-15,丸亀,11,3,中野希一,A1,10.53,3,,9.8271,16.1,100,50,0.1465,2.9853,,,0,低,71,0,差0% 差ま0% 抜0%,166 13,0,56.7,0.9571,0,0.0588,0,0.1765,0.0588,0.1818,0.3636,0.0455,,,E,,,0.2491,0.5435,,0.5751,A,74,0,◎-○軸 3着3〜4艇流し（10〜15点）,0.5777,"{'is_target': True, 'verdict': '点数絞り', 'max_combo_prob': 0.0953, 'est_top_odds': 14.0, 'circle_concentration': 76.1, 'eligible_count': 8, 'bet_adj': 0, 'reason': 'rel_win1=52.9%（本命度） / 最有力組み合わせ確率: 0.095（推定実オッズ?14倍） / 2着集中度: 上位2艇 76.1%（補正+0.04） / 総合判定確率: 0.135 / → ヒモはやや固め。上位2艇以外を切ること', 'tenji_trigger': '展示確認: 1号艇伸び良→そのまま採用。悪→飛び組に差し替え。circle_pct上位2艇に絞り込むこと。\n展示で1号艇スタート超安定(0.134秒)→ヒモ固まり方向に注意'}",,,29.2,逃げ狙い,27.91,22.9,2,,,,,,,,,,,
2025-10-15,丸亀,11,4,砂長知輝,A1,29.41,4,,9.7852,22.6,94,69,0.1521,3.4138,,,0,低,57,0,ま0%,42515,0,82.9,1.3553,0,0,0.25,0,0,0,0.2,0.025,,,D,○,◎,0.279,0.6395,0.3343,0.5751,A,74,0,◎-○軸 3着3〜4艇流し（10〜15点）,0.5777,"{'is_target': True, 'verdict': '点数絞り', 'max_combo_prob': 0.0953, 'est_top_odds': 14.0, 'circle_concentration': 76.1, 'eligible_count': 8, 'bet_adj': 0, 'reason': 'rel_win1=52.9%（本命度） / 最有力組み合わせ確率: 0.095（推定実オッズ?14倍） / 2着集中度: 上位2艇 76.1%（補正+0.04） / 総合判定確率: 0.135 / → ヒモはやや固め。上位2艇以外を切ること', 'tenji_trigger': '展示確認: 1号艇伸び良→そのまま採用。悪→飛び組に差し替え。circle_pct上位2艇に絞り込むこと。\n展示で1号艇スタート超安定(0.134秒)→ヒモ固まり方向に注意'}",,,29.2,逃げ狙い,27.91,22.9,2,,,,,,,,,,,
2025-10-15,丸亀,11,5,岡　暢祐,B1,44.44,5,△,2.9133,3.5,46,14.3,0.1866,3.9554,,,0,低,120,0,-,143 34,0,40.6,0.9633,,,,,,0.1667,0.0833,0.1667,,,B,,,0.1379,0.5595,,0.5751,A,74,0,◎-○軸 3着3〜4艇流し（10〜15点）,0.5777,"{'is_target': True, 'verdict': '点数絞り', 'max_combo_prob': 0.0953, 'est_top_odds': 14.0, 'circle_concentration': 76.1, 'eligible_count': 8, 'bet_adj': 0, 'reason': 'rel_win1=52.9%（本命度） / 最有力組み合わせ確率: 0.095（推定実オッズ?14倍） / 2着集中度: 上位2艇 76.1%（補正+0.04） / 総合判定確率: 0.135 / → ヒモはやや固め。上位2艇以外を切ること', 'tenji_trigger': '展示確認: 1号艇伸び良→そのまま採用。悪→飛び組に差し替え。circle_pct上位2艇に絞り込むこと。\n展示で1号艇スタート超安定(0.134秒)→ヒモ固まり方向に注意'}",,,29.2,逃げ狙い,27.91,22.9,2,,,,,,,,,,,
2025-10-15,丸亀,11,6,水谷理人,B1,42.11,6,▲,2.4324,4.3,57,35.4,0.1454,3.3021,,,0,低,64,0,-,134 33,0,30.4,1.1744,,,,,,0.0533,0.28,0.0267,,,B,△,,0.2741,0.569,,0.5751,A,74,0,◎-○軸 3着3〜4艇流し（10〜15点）,0.5777,"{'is_target': True, 'verdict': '点数絞り', 'max_combo_prob': 0.0953, 'est_top_odds': 14.0, 'circle_concentration': 76.1, 'eligible_count': 8, 'bet_adj': 0, 'reason': 'rel_win1=52.9%（本命度） / 最有力組み合わせ確率: 0.095（推定実オッズ?14倍） / 2着集中度: 上位2艇 76.1%（補正+0.04） / 総合判定確率: 0.135 / → ヒモはやや固め。上位2艇以外を切ること', 'tenji_trigger': '展示確認: 1号艇伸び良→そのまま採用。悪→飛び組に差し替え。circle_pct上位2艇に絞り込むこと。\n展示で1号艇スタート超安定(0.134秒)→ヒモ固まり方向に注意'}",,,29.2,逃げ狙い,27.91,22.9,2,,,,,,,,,,,
2025-10-15,丸亀,12,1,田村　慶,A2,52.17,1,◎,62.3865,,0,70,0.1843,4.1,,,0,低,93,0,逃1%,2 6342,0,64.8,0.9637,0.9,,,,,0,0,0,△,,A,△,,,0.5845,,0.2919,A,64,0,◎-○軸 3着3〜4艇流し（10〜15点）,0.5777,"{'is_target': True, 'verdict': '参加推奨', 'max_combo_prob': 0.0729, 'est_top_odds': 18.3, 'circle_concentration': 58.3, 'eligible_count': 8, 'bet_adj': 2, 'reason': 'rel_win1=62.4%（本命度） / 最有力組み合わせ確率: 0.073（推定実オッズ?18倍） / 2着集中度: 上位2艇 58.3%（補正+0.00） / 総合判定確率: 0.073 / → ヒモ分散。1号艇1着固定で広めのヒモ流し推奨（買い目+2点）', 'tenji_trigger': '展示確認: ヒモ分散レース。1号艇伸び確認後、広めのヒモ流しを採用。穴ヒモ（5・6号艇）を積極的に含める。\n展示で1号艇スタート遅め(0.184秒)確認→ヒモが荒れやすい'}",,,26.1,両建て推奨,15.3,25.1,4,4-5-6|4-1-5|4-1-2|1-2-4|1-2-5|1-3-4,2-1-5|2-1-3|4-5-6|3-2-5|3-1-5|2-1-6|3-5-2|4-1-5|4-1-2|1-2-4|1-2-5|1-3-4,4-5-6:2.26%|4-1-5:9.13%|4-1-2:9.07%|1-2-4:7.77%|1-2-5:5.81%|1-3-4:5.28%,4-5-6:B_main|4-1-5:B_sc|4-1-2:B_sc|1-2-4:A|1-2-5:A|1-3-4:A,6,12,0.4535,1,[!]見送り推奨（主役決まり手「まくり」― 逃げ劣勢レースで的中実績なし）,荒れ広め,D
2025-10-15,丸亀,12,2,高井雄基,A1,33.33,2,▲,10.4757,37.5,100,55.9,0.1791,4.1176,,,0,低,86,0,-,345144,0,61.8,1.0745,0,0.0625,0,0,0.0625,0,0.0889,0.0444,,△,C,,,0.365,0.579,,0.2919,A,64,0,◎-○軸 3着3〜4艇流し（10〜15点）,0.5777,"{'is_target': True, 'verdict': '参加推奨', 'max_combo_prob': 0.0729, 'est_top_odds': 18.3, 'circle_concentration': 58.3, 'eligible_count': 8, 'bet_adj': 2, 'reason': 'rel_win1=62.4%（本命度） / 最有力組み合わせ確率: 0.073（推定実オッズ?18倍） / 2着集中度: 上位2艇 58.3%（補正+0.00） / 総合判定確率: 0.073 / → ヒモ分散。1号艇1着固定で広めのヒモ流し推奨（買い目+2点）', 'tenji_trigger': '展示確認: ヒモ分散レース。1号艇伸び確認後、広めのヒモ流しを採用。穴ヒモ（5・6号艇）を積極的に含める。\n展示で1号艇スタート遅め(0.184秒)確認→ヒモが荒れやすい'}",,,26.1,両建て推奨,15.3,25.1,4,,,,,,,,,,,
2025-10-15,丸亀,12,3,芝田京介,B1,28.57,3,△,7.2628,19.4,62,28.6,0.1738,3.4643,,,0,低,102,0,ま0%,243 44,0,18.7,0.5998,0,0,0.0476,0,0,0.4167,0.25,0.0833,,,D,△,,0.3378,0.5915,,0.2919,A,64,0,◎-○軸 3着3〜4艇流し（10〜15点）,0.5777,"{'is_target': True, 'verdict': '参加推奨', 'max_combo_prob': 0.0729, 'est_top_odds': 18.3, 'circle_concentration': 58.3, 'eligible_count': 8, 'bet_adj': 2, 'reason': 'rel_win1=62.4%（本命度） / 最有力組み合わせ確率: 0.073（推定実オッズ?18倍） / 2着集中度: 上位2艇 58.3%（補正+0.00） / 総合判定確率: 0.073 / → ヒモ分散。1号艇1着固定で広めのヒモ流し推奨（買い目+2点）', 'tenji_trigger': '展示確認: ヒモ分散レース。1号艇伸び確認後、広めのヒモ流しを採用。穴ヒモ（5・6号艇）を積極的に含める。\n展示で1号艇スタート遅め(0.184秒)確認→ヒモが荒れやすい'}",,,26.1,両建て推奨,15.3,25.1,4,,,,,,,,,,,
2025-10-15,丸亀,12,4,森　智哉,B1,50.00,4,○,12.3336,14.8,69,45.2,0.1355,2.6935,,,0,低,64,0,-,234 56,0,90.4,1.6285,0,0,0.1,0.1,0,0,0.1667,0.3333,,◎,A,○,◎,0.4864,0.6105,0.388,0.2919,A,64,0,◎-○軸 3着3〜4艇流し（10〜15点）,0.5777,"{'is_target': True, 'verdict': '参加推奨', 'max_combo_prob': 0.0729, 'est_top_odds': 18.3, 'circle_concentration': 58.3, 'eligible_count': 8, 'bet_adj': 2, 'reason': 'rel_win1=62.4%（本命度） / 最有力組み合わせ確率: 0.073（推定実オッズ?18倍） / 2着集中度: 上位2艇 58.3%（補正+0.00） / 総合判定確率: 0.073 / → ヒモ分散。1号艇1着固定で広めのヒモ流し推奨（買い目+2点）', 'tenji_trigger': '展示確認: ヒモ分散レース。1号艇伸び確認後、広めのヒモ流しを採用。穴ヒモ（5・6号艇）を積極的に含める。\n展示で1号艇スタート遅め(0.184秒)確認→ヒモが荒れやすい'}",,,26.1,両建て推奨,15.3,25.1,4,,,,,,,,,,,
2025-10-15,丸亀,12,5,浦野　海,A2,17.65,5,,4.3547,20.9,82,52.4,0.1681,3.7976,,,0,低,75,0,-,433 45,0,74,1.3552,,,,,,0,0.1111,0.1422,,,E,,,0.3618,0.579,,0.2919,A,64,0,◎-○軸 3着3〜4艇流し（10〜15点）,0.5777,"{'is_target': True, 'verdict': '参加推奨', 'max_combo_prob': 0.0729, 'est_top_odds': 18.3, 'circle_concentration': 58.3, 'eligible_count': 8, 'bet_adj': 2, 'reason': 'rel_win1=62.4%（本命度） / 最有力組み合わせ確率: 0.073（推定実オッズ?18倍） / 2着集中度: 上位2艇 58.3%（補正+0.00） / 総合判定確率: 0.073 / → ヒモ分散。1号艇1着固定で広めのヒモ流し推奨（買い目+2点）', 'tenji_trigger': '展示確認: ヒモ分散レース。1号艇伸び確認後、広めのヒモ流しを採用。穴ヒモ（5・6号艇）を積極的に含める。\n展示で1号艇スタート遅め(0.184秒)確認→ヒモが荒れやすい'}",,,26.1,両建て推奨,15.3,25.1,4,,,,,,,,,,,
2025-10-15,丸亀,12,6,為本智也,A2,21.05,6,,3.1866,7.5,50,30.8,0.1615,2.9615,,,0,低,42,0,ま0%,6F542,0,49.7,1.2414,0,0,0.1111,0,0,0.0333,0.0667,0,,,E,◎,,0.3781,0.6205,,0.2919,A,64,0,◎-○軸 3着3〜4艇流し（10〜15点）,0.5777,"{'is_target': True, 'verdict': '参加推奨', 'max_combo_prob': 0.0729, 'est_top_odds': 18.3, 'circle_concentration': 58.3, 'eligible_count': 8, 'bet_adj': 2, 'reason': 'rel_win1=62.4%（本命度） / 最有力組み合わせ確率: 0.073（推定実オッズ?18倍） / 2着集中度: 上位2艇 58.3%（補正+0.00） / 総合判定確率: 0.073 / → ヒモ分散。1号艇1着固定で広めのヒモ流し推奨（買い目+2点）', 'tenji_trigger': '展示確認: ヒモ分散レース。1号艇伸び確認後、広めのヒモ流しを採用。穴ヒモ（5・6号艇）を積極的に含める。\n展示で1号艇スタート遅め(0.184秒)確認→ヒモが荒れやすい'}",,,26.1,両建て推奨,15.3,25.1,4,,,,,,,,,,,
2025-10-16,丸亀,1,1,常盤海心,B1,31.25,1,◎,51.5845,,0,52,0.2096,4.92,,,0,低,136,0,逃0%,2 536,0,41.4,0.7362,0.1667,,,,,0.0667,0.6,0.2667,,,C,△,,,0.592,,0.0538,C,37,0,荒れ傾向。高配当狙いか見送り,0.5777,"{'is_target': True, 'verdict': '参加推奨', 'max_combo_prob': 0.0576, 'est_top_odds': 23.2, 'circle_concentration': 58.2, 'eligible_count': 6, 'bet_adj': 2, 'reason': 'rel_win1=51.6%（本命度） / 最有力組み合わせ確率: 0.058（推定実オッズ?23倍） / 2着集中度: 上位2艇 58.2%（補正+0.00） / 総合判定確率: 0.058 / → ヒモ分散。1号艇1着固定で広めのヒモ流し推奨（買い目+2点）', 'tenji_trigger': '展示確認: ヒモ分散レース。1号艇伸び確認後、広めのヒモ流しを採用。穴ヒモ（5・6号艇）を積極的に含める。\n展示で1号艇スタート遅め(0.210秒)確認→ヒモが荒れやすい'}",,,37.9,両建て推奨,15.92,43.9,2,5-1-2|5-1-3|5-2-1|5-1-6|5-2-3|5-2-6|5-4-1|1-2-4|1-2-3|1-3-2|1-3-4,5-1-2|5-1-3|5-2-1|5-1-6|5-2-3|5-2-6|5-4-1|1-2-4|4-1-2|1-2-3|1-3-2|1-3-4,5-1-2:2.01%|5-1-3:1.24%|5-2-1:1.09%|5-1-6:1.07%|5-2-3:0.59%|5-2-6:0.51%|5-4-1:0.48%|1-2-4:4.54%|1-2-3:4.16%|1-3-2:4.02%|1-3-4:3.98%,5-1-2:B_main|5-1-3:B_main|5-2-1:B_main|5-1-6:B_main|5-2-3:B_main|5-2-6:B_main|5-4-1:B_main|1-2-4:A|1-2-3:A|1-3-2:A|1-3-4:A,11,12,0.2915,1,[!]見送り推奨（主役決まり手「まくり差し」― 逃げ劣勢レースで的中実績なし）,主役軸流し,B
2025-10-16,丸亀,1,2,村松栄太,B1,10.53,2,,12.4565,30.8,69,38.6,0.182,4.0795,,,0,低,99,0,ま0%,6 65S,0,83.9,0.6816,0,0,0.0625,0,0,0.1808,0.0923,0.0308,,○,E,○,,0.5678,0.5975,,0.0538,C,37,0,荒れ傾向。高配当狙いか見送り,0.5777,"{'is_target': True, 'verdict': '参加推奨', 'max_combo_prob': 0.0576, 'est_top_odds': 23.2, 'circle_concentration': 58.2, 'eligible_count': 6, 'bet_adj': 2, 'reason': 'rel_win1=51.6%（本命度） / 最有力組み合わせ確率: 0.058（推定実オッズ?23倍） / 2着集中度: 上位2艇 58.2%（補正+0.00） / 総合判定確率: 0.058 / → ヒモ分散。1号艇1着固定で広めのヒモ流し推奨（買い目+2点）', 'tenji_trigger': '展示確認: ヒモ分散レース。1号艇伸び確認後、広めのヒモ流しを採用。穴ヒモ（5・6号艇）を積極的に含める。\n展示で1号艇スタート遅め(0.210秒)確認→ヒモが荒れやすい'}",,,37.9,両建て推奨,15.92,43.9,2,,,,,,,,,,,
2025-10-16,丸亀,1,3,山下拓巳,B1,50.00,3,○,11.6167,27.4,100,45.2,0.1631,3.3571,,,0,低,122,0,ま0% 差ま0%,462 14,0,41.8,0.9354,0,0,0.0769,0.0385,0,0.0381,0.1143,0.2762,,,A,,,0.528,0.5625,,0.0538,C,37,0,荒れ傾向。高配当狙いか見送り,0.5777,"{'is_target': True, 'verdict': '参加推奨', 'max_combo_prob': 0.0576, 'est_top_odds': 23.2, 'circle_concentration': 58.2, 'eligible_count': 6, 'bet_adj': 2, 'reason': 'rel_win1=51.6%（本命度） / 最有力組み合わせ確率: 0.058（推定実オッズ?23倍） / 2着集中度: 上位2艇 58.2%（補正+0.00） / 総合判定確率: 0.058 / → ヒモ分散。1号艇1着固定で広めのヒモ流し推奨（買い目+2点）', 'tenji_trigger': '展示確認: ヒモ分散レース。1号艇伸び確認後、広めのヒモ流しを採用。穴ヒモ（5・6号艇）を積極的に含める。\n展示で1号艇スタート遅め(0.210秒)確認→ヒモが荒れやすい'}",,,37.9,両建て推奨,15.92,43.9,2,,,,,,,,,,,
2025-10-16,丸亀,1,4,小林甘寧,B2,27.78,4,△,14.1727,22.9,80,60,0.143,2.75,,,0,低,49,1,差ま0%,664 55,0,83.8,1.3913,0,0,0,0.1,0,1,0,0,,△,D,,,0.5633,0.5545,,0.0538,C,37,0,荒れ傾向。高配当狙いか見送り,0.5777,"{'is_target': True, 'verdict': '参加推奨', 'max_combo_prob': 0.0576, 'est_top_odds': 23.2, 'circle_concentration': 58.2, 'eligible_count': 6, 'bet_adj': 2, 'reason': 'rel_win1=51.6%（本命度） / 最有力組み合わせ確率: 0.058（推定実オッズ?23倍） / 2着集中度: 上位2艇 58.2%（補正+0.00） / 総合判定確率: 0.058 / → ヒモ分散。1号艇1着固定で広めのヒモ流し推奨（買い目+2点）', 'tenji_trigger': '展示確認: ヒモ分散レース。1号艇伸び確認後、広めのヒモ流しを採用。穴ヒモ（5・6号艇）を積極的に含める。\n展示で1号艇スタート遅め(0.210秒)確認→ヒモが荒れやすい'}",,,37.9,両建て推奨,15.92,43.9,2,,,,,,,,,,,
2025-10-16,丸亀,1,5,富田恕生,B1,40.00,5,▲,8.7291,18.6,73,46.8,0.1521,3.6702,,,0,低,88,0,-,1 254,0,25.6,1.3819,,,,,,0.1667,0.1667,0,,◎,B,◎,,0.5767,0.64,,0.0538,C,37,0,荒れ傾向。高配当狙いか見送り,0.5777,"{'is_target': True, 'verdict': '参加推奨', 'max_combo_prob': 0.0576, 'est_top_odds': 23.2, 'circle_concentration': 58.2, 'eligible_count': 6, 'bet_adj': 2, 'reason': 'rel_win1=51.6%（本命度） / 最有力組み合わせ確率: 0.058（推定実オッズ?23倍） / 2着集中度: 上位2艇 58.2%（補正+0.00） / 総合判定確率: 0.058 / → ヒモ分散。1号艇1着固定で広めのヒモ流し推奨（買い目+2点）', 'tenji_trigger': '展示確認: ヒモ分散レース。1号艇伸び確認後、広めのヒモ流しを採用。穴ヒモ（5・6号艇）を積極的に含める。\n展示で1号艇スタート遅め(0.210秒)確認→ヒモが荒れやすい'}",,,37.9,両建て推奨,15.92,43.9,2,,,,,,,,,,,
2025-10-16,丸亀,1,6,嘉手苅徹,B1,31.58,6,,1.4404,0.3,23,3.6,0.1799,4.2188,,,0,低,87,0,-,5 46F,0,35.1,0.7622,,,,,,0.28,0.36,0,,,C,△,,0.4945,0.5685,,0.0538,C,37,0,荒れ傾向。高配当狙いか見送り,0.5777,"{'is_target': True, 'verdict': '参加推奨', 'max_combo_prob': 0.0576, 'est_top_odds': 23.2, 'circle_concentration': 58.2, 'eligible_count': 6, 'bet_adj': 2, 'reason': 'rel_win1=51.6%（本命度） / 最有力組み合わせ確率: 0.058（推定実オッズ?23倍） / 2着集中度: 上位2艇 58.2%（補正+0.00） / 総合判定確率: 0.058 / → ヒモ分散。1号艇1着固定で広めのヒモ流し推奨（買い目+2点）', 'tenji_trigger': '展示確認: ヒモ分散レース。1号艇伸び確認後、広めのヒモ流しを採用。穴ヒモ（5・6号艇）を積極的に含める。\n展示で1号艇スタート遅め(0.210秒)確認→ヒモが荒れやすい'}",,,37.9,両建て推奨,15.92,43.9,2,,,,,,,,,,,
2025-10-16,丸亀,2,1,岡　暢祐,B1,44.44,1,◎,54.7164,,0,61.1,0.1644,3.3333,,,0,低,120,0,逃0%,143 34,0,71.7,0.8422,0.5,,,,,0.1667,0.0833,0.1667,○⚠️,,B,,,,0.5595,,0.364,B,56,0,◎○△フォーメーション（15〜20点）,0.5777,"{'is_target': True, 'verdict': '点数絞り', 'max_combo_prob': 0.1016, 'est_top_odds': 13.1, 'circle_concentration': 72.2, 'eligible_count': 9, 'bet_adj': 0, 'reason': 'rel_win1=54.7%（本命度） / 最有力組み合わせ確率: 0.102（推定実オッズ?13倍） / 2着集中度: 上位2艇 72.2%（補正+0.04） / 総合判定確率: 0.142 / → ヒモはやや固め。上位2艇以外を切ること', 'tenji_trigger': '展示確認: 1号艇伸び良→そのまま採用。悪→飛び組に差し替え。circle_pct上位2艇に絞り込むこと。'}",,,29.1,両建て推奨,16.78,32.4,3,3-1-4|3-1-5|3-4-1|3-1-6|3-5-1|3-4-5|3-5-4|1-3-4|1-3-5|1-2-4|1-2-3,3-1-4|3-1-5|3-4-1|3-1-6|3-5-1|3-4-5|3-5-4|1-3-4|1-3-5|1-2-4|1-2-3|6-1-2,3-1-4:2.98%|3-1-5:1.62%|3-4-1:1.1%|3-1-6:0.6%|3-5-1:0.36%|3-4-5:0.31%|3-5-4:0.19%|1-3-4:6.59%|1-3-5:4.98%|1-2-4:3.92%|1-2-3:3.78%,3-1-4:B_main|3-1-5:B_main|3-4-1:B_main|3-1-6:B_main|3-5-1:B_main|3-4-5:B_main|3-5-4:B_main|1-3-4:A|1-3-5:A|1-2-4:A|1-2-3:A,11,12,0.4535,1,[!]見送り推奨（主役決まり手「まくり差し」― 逃げ劣勢レースで的中実績なし）,主役軸流し,B
2025-10-16,丸亀,2,2,本村　大,B1,11.76,2,,8.7848,26.7,62,32.5,0.1852,4.3125,,,0,低,117,0,ま0% 抜0%,5 555,0,53.4,0.5867,0,0,0.0476,0,0.0476,0.0667,0,0.1444,,,E,○,,0.0974,0.617,,0.364,B,56,0,◎○△フォーメーション（15〜20点）,0.5777,"{'is_target': True, 'verdict': '点数絞り', 'max_combo_prob': 0.1016, 'est_top_odds': 13.1, 'circle_concentration': 72.2, 'eligible_count': 9, 'bet_adj': 0, 'reason': 'rel_win1=54.7%（本命度） / 最有力組み合わせ確率: 0.102（推定実オッズ?13倍） / 2着集中度: 上位2艇 72.2%（補正+0.04） / 総合判定確率: 0.142 / → ヒモはやや固め。上位2艇以外を切ること', 'tenji_trigger': '展示確認: 1号艇伸び良→そのまま採用。悪→飛び組に差し替え。circle_pct上位2艇に絞り込むこと。'}",,,29.1,両建て推奨,16.78,32.4,3,,,,,,,,,,,
2025-10-16,丸亀,2,3,浦野　海,A2,17.65,3,△,17.4105,45.5,74,56.8,0.1493,2.9432,,,0,低,75,0,ま0% 差ま0%,433 45,0,77.1,1.2692,0,0,0.0556,0.1111,0,0,0.1111,0.1422,,◎,E,△,,0.3816,0.579,,0.364,B,56,0,◎○△フォーメーション（15〜20点）,0.5777,"{'is_target': True, 'verdict': '点数絞り', 'max_combo_prob': 0.1016, 'est_top_odds': 13.1, 'circle_concentration': 72.2, 'eligible_count': 9, 'bet_adj': 0, 'reason': 'rel_win1=54.7%（本命度） / 最有力組み合わせ確率: 0.102（推定実オッズ?13倍） / 2着集中度: 上位2艇 72.2%（補正+0.04） / 総合判定確率: 0.142 / → ヒモはやや固め。上位2艇以外を切ること', 'tenji_trigger': '展示確認: 1号艇伸び良→そのまま採用。悪→飛び組に差し替え。circle_pct上位2艇に絞り込むこと。'}",,,29.1,両建て推奨,16.78,32.4,3,,,,,,,,,,,
2025-10-16,丸亀,2,4,澁川　夏,B1,42.11,4,▲,9.1763,13.6,100,46.3,0.1556,3.4634,,,0,低,68,0,-,5 343,0,65.3,1.007,,,,,,,,,,,B,◎,,0.3452,0.625,,0.364,B,56,0,◎○△フォーメーション（15〜20点）,0.5777,"{'is_target': True, 'verdict': '点数絞り', 'max_combo_prob': 0.1016, 'est_top_odds': 13.1, 'circle_concentration': 72.2, 'eligible_count': 9, 'bet_adj': 0, 'reason': 'rel_win1=54.7%（本命度） / 最有力組み合わせ確率: 0.102（推定実オッズ?13倍） / 2着集中度: 上位2艇 72.2%（補正+0.04） / 総合判定確率: 0.142 / → ヒモはやや固め。上位2艇以外を切ること', 'tenji_trigger': '展示確認: 1号艇伸び良→そのまま採用。悪→飛び組に差し替え。circle_pct上位2艇に絞り込むこと。'}",,,29.1,両建て推奨,16.78,32.4,3,,,,,,,,,,,
2025-10-16,丸亀,2,5,森　智哉,B1,50.00,5,○,7.9292,12.5,51,36.2,0.1585,3.4362,,,0,低,64,0,-,234 56,0,26.1,0.8429,0,0,0,0.0455,0,0,0.1667,0.3333,,,A,△,,0.3001,0.6105,,0.364,B,56,0,◎○△フォーメーション（15〜20点）,0.5777,"{'is_target': True, 'verdict': '点数絞り', 'max_combo_prob': 0.1016, 'est_top_odds': 13.1, 'circle_concentration': 72.2, 'eligible_count': 9, 'bet_adj': 0, 'reason': 'rel_win1=54.7%（本命度） / 最有力組み合わせ確率: 0.102（推定実オッズ?13倍） / 2着集中度: 上位2艇 72.2%（補正+0.04） / 総合判定確率: 0.142 / → ヒモはやや固め。上位2艇以外を切ること', 'tenji_trigger': '展示確認: 1号艇伸び良→そのまま採用。悪→飛び組に差し替え。circle_pct上位2艇に絞り込むこと。'}",,,29.1,両建て推奨,16.78,32.4,3,,,,,,,,,,,
2025-10-16,丸亀,2,6,山下心一,B2,36.84,6,,1.9827,1.7,32,11.9,0.1823,3.7321,,,0,低,60,0,-,6 665,0,27.9,0.5594,0,0,0,0,0.0208,,,,,,C,,,0.2566,0.494,,0.364,B,56,0,◎○△フォーメーション（15〜20点）,0.5777,"{'is_target': True, 'verdict': '点数絞り', 'max_combo_prob': 0.1016, 'est_top_odds': 13.1, 'circle_concentration': 72.2, 'eligible_count': 9, 'bet_adj': 0, 'reason': 'rel_win1=54.7%（本命度） / 最有力組み合わせ確率: 0.102（推定実オッズ?13倍） / 2着集中度: 上位2艇 72.2%（補正+0.04） / 総合判定確率: 0.142 / → ヒモはやや固め。上位2艇以外を切ること', 'tenji_trigger': '展示確認: 1号艇伸び良→そのまま採用。悪→飛び組に差し替え。circle_pct上位2艇に絞り込むこと。'}",,,29.1,両建て推奨,16.78,32.4,3,,,,,,,,,,,
2025-10-16,丸亀,3,1,山口晃朋,B1,26.32,1,◎,56.6717,,0,85.7,0.1483,2.6714,,,0,低,72,0,逃1%,1 452,0,86.8,1.1037,0.8333,,,,,0.1079,0,0.0444,◎,,D,△,,,0.6005,,0.5672,S,84,0,◎1着固定 2-3着流し（5〜8点）,0.5777,"{'is_target': True, 'verdict': '点数絞り', 'max_combo_prob': 0.0803, 'est_top_odds': 16.6, 'circle_concentration': 70.0, 'eligible_count': 6, 'bet_adj': 0, 'reason': 'rel_win1=56.7%（本命度） / 最有力組み合わせ確率: 0.080（推定実オッズ?17倍） / 2着集中度: 上位2艇 70.0%（補正+0.04） / 総合判定確率: 0.120 / → ヒモはやや固め。上位2艇以外を切ること', 'tenji_trigger': '展示確認: 1号艇伸び良→そのまま採用。悪→飛び組に差し替え。circle_pct上位2艇に絞り込むこと。'}",,,25.6,逃げ狙い,13.24,25.2,3,,,,,0,0,0.7559,0,,逃げ軸流し,A
2025-10-16,丸亀,3,2,佐藤太亮,B1,38.89,2,,10.5077,44.2,63,49,0.1631,3.5784,,,0,低,72,0,差0% ま0%,5 134,0,86.9,0.8162,0,0.0714,0.0714,0,0,0,0.3333,0.3333,,,C,,,0.1682,0.6,,0.5672,S,84,0,◎1着固定 2-3着流し（5〜8点）,0.5777,"{'is_target': True, 'verdict': '点数絞り', 'max_combo_prob': 0.0803, 'est_top_odds': 16.6, 'circle_concentration': 70.0, 'eligible_count': 6, 'bet_adj': 0, 'reason': 'rel_win1=56.7%（本命度） / 最有力組み合わせ確率: 0.080（推定実オッズ?17倍） / 2着集中度: 上位2艇 70.0%（補正+0.04） / 総合判定確率: 0.120 / → ヒモはやや固め。上位2艇以外を切ること', 'tenji_trigger': '展示確認: 1号艇伸び良→そのまま採用。悪→飛び組に差し替え。circle_pct上位2艇に絞り込むこと。'}",,,25.6,逃げ狙い,13.24,25.2,3,,,,,,,,,,,
2025-10-16,丸亀,3,3,眞鳥章太,A2,40.00,3,○,20.8167,20.8,100,62.5,0.1473,2.8359,,,0,低,108,0,差0% ま0% 差ま0%,133314,0,73.5,1.4704,0,0.0968,0.0968,0.1613,0,0.0364,0.0364,0.0721,,,B,◎,,0.3273,0.6335,,0.5672,S,84,0,◎1着固定 2-3着流し（5〜8点）,0.5777,"{'is_target': True, 'verdict': '点数絞り', 'max_combo_prob': 0.0803, 'est_top_odds': 16.6, 'circle_concentration': 70.0, 'eligible_count': 6, 'bet_adj': 0, 'reason': 'rel_win1=56.7%（本命度） / 最有力組み合わせ確率: 0.080（推定実オッズ?17倍） / 2着集中度: 上位2艇 70.0%（補正+0.04） / 総合判定確率: 0.120 / → ヒモはやや固め。上位2艇以外を切ること', 'tenji_trigger': '展示確認: 1号艇伸び良→そのまま採用。悪→飛び組に差し替え。circle_pct上位2艇に絞り込むこと。'}",,,25.6,逃げ狙い,13.24,25.2,3,,,,,,,,,,,
2025-10-16,丸亀,3,4,加藤優弥,B1,21.05,4,,6.0016,25.8,77,52.3,0.1525,3.1136,,,0,低,96,0,差0%,354 25,0,45.2,0.983,0,0.0667,0,0,0,0.1068,0.4902,0.0211,,,E,△,,0.267,0.6035,,0.5672,S,84,0,◎1着固定 2-3着流し（5〜8点）,0.5777,"{'is_target': True, 'verdict': '点数絞り', 'max_combo_prob': 0.0803, 'est_top_odds': 16.6, 'circle_concentration': 70.0, 'eligible_count': 6, 'bet_adj': 0, 'reason': 'rel_win1=56.7%（本命度） / 最有力組み合わせ確率: 0.080（推定実オッズ?17倍） / 2着集中度: 上位2艇 70.0%（補正+0.04） / 総合判定確率: 0.120 / → ヒモはやや固め。上位2艇以外を切ること', 'tenji_trigger': '展示確認: 1号艇伸び良→そのまま採用。悪→飛び組に差し替え。circle_pct上位2艇に絞り込むこと。'}",,,25.6,逃げ狙い,13.24,25.2,3,,,,,,,,,,,
2025-10-16,丸亀,3,5,坂井滉哉,B1,33.33,5,▲,4.7708,7.4,46,20,0.1471,3.1818,,,0,低,72,0,差ま0%,451 53,0,28.8,0.7193,0,0,0,0.0455,0,0.0667,0.0667,0.3067,,,D,○,,0.2884,0.618,,0.5672,S,84,0,◎1着固定 2-3着流し（5〜8点）,0.5777,"{'is_target': True, 'verdict': '点数絞り', 'max_combo_prob': 0.0803, 'est_top_odds': 16.6, 'circle_concentration': 70.0, 'eligible_count': 6, 'bet_adj': 0, 'reason': 'rel_win1=56.7%（本命度） / 最有力組み合わせ確率: 0.080（推定実オッズ?17倍） / 2着集中度: 上位2艇 70.0%（補正+0.04） / 総合判定確率: 0.120 / → ヒモはやや固め。上位2艇以外を切ること', 'tenji_trigger': '展示確認: 1号艇伸び良→そのまま採用。悪→飛び組に差し替え。circle_pct上位2艇に絞り込むこと。'}",,,25.6,逃げ狙い,13.24,25.2,3,,,,,,,,,,,
2025-10-16,丸亀,3,6,田村　慶,A2,52.17,6,△,1.2315,1.8,89,41.4,0.191,3.6379,,,0,低,93,0,-,2 6342,0,28.8,1.6106,,,,,,0,0,0,,,A,,,0.1777,0.5845,,0.5672,S,84,0,◎1着固定 2-3着流し（5〜8点）,0.5777,"{'is_target': True, 'verdict': '点数絞り', 'max_combo_prob': 0.0803, 'est_top_odds': 16.6, 'circle_concentration': 70.0, 'eligible_count': 6, 'bet_adj': 0, 'reason': 'rel_win1=56.7%（本命度） / 最有力組み合わせ確率: 0.080（推定実オッズ?17倍） / 2着集中度: 上位2艇 70.0%（補正+0.04） / 総合判定確率: 0.120 / → ヒモはやや固め。上位2艇以外を切ること', 'tenji_trigger': '展示確認: 1号艇伸び良→そのまま採用。悪→飛び組に差し替え。circle_pct上位2艇に絞り込むこと。'}",,,25.6,逃げ狙い,13.24,25.2,3,,,,,,,,,,,
2025-10-16,丸亀,4,1,大原祥昌,A2,17.65,1,◎,48.3763,,0,82.3,0.1338,2.8088,,,0,低,48,0,逃1%,256 65,0,72.7,1.0365,0.8182,,,,,0,0.1818,0,◎,,E,○,,,0.651,,0.5131,S,93,0,◎1着固定 2-3着流し（5〜8点）,0.5777,"{'is_target': True, 'verdict': '点数絞り', 'max_combo_prob': 0.1016, 'est_top_odds': 13.1, 'circle_concentration': 75.9, 'eligible_count': 6, 'bet_adj': 0, 'reason': 'rel_win1=48.4%（本命度） / 最有力組み合わせ確率: 0.102（推定実オッズ?13倍） / 2着集中度: 上位2艇 75.9%（補正+0.04） / 総合判定確率: 0.142 / → ヒモはやや固め。上位2艇以外を切ること', 'tenji_trigger': '展示確認: 1号艇伸び良→そのまま採用。悪→飛び組に差し替え。circle_pct上位2艇に絞り込むこと。\n展示で1号艇スタート超安定(0.134秒)→ヒモ固まり方向に注意'}",,,27.2,逃げ狙い,19.05,24.8,3,,,,,0,0,0.7559,0,,逃げ軸流し,A
2025-10-16,丸亀,4,2,芝田京介,B1,28.57,2,,7.6191,17.5,100,36.6,0.1807,3.9268,,,0,低,102,0,差0%,243 44,0,51.6,0.6438,0,0.05,0,0,0,0.4167,0.25,0.0833,,,D,△,,0.0599,0.5915,,0.5131,S,93,0,◎1着固定 2-3着流し（5〜8点）,0.5777,"{'is_target': True, 'verdict': '点数絞り', 'max_combo_prob': 0.1016, 'est_top_odds': 13.1, 'circle_concentration': 75.9, 'eligible_count': 6, 'bet_adj': 0, 'reason': 'rel_win1=48.4%（本命度） / 最有力組み合わせ確率: 0.102（推定実オッズ?13倍） / 2着集中度: 上位2艇 75.9%（補正+0.04） / 総合判定確率: 0.142 / → ヒモはやや固め。上位2艇以外を切ること', 'tenji_trigger': '展示確認: 1号艇伸び良→そのまま採用。悪→飛び組に差し替え。circle_pct上位2艇に絞り込むこと。\n展示で1号艇スタート超安定(0.134秒)→ヒモ固まり方向に注意'}",,,27.2,逃げ狙い,19.05,24.8,3,,,,,,,,,,,
2025-10-16,丸亀,4,3,板橋侑我,A1,63.64,3,○,26.8707,58.4,74,82.1,0.115,2.1786,,,0,低,35,0,差0% ま0% 差ま0% 抜0%,631 31,0,93.8,1.9152,0,0.1538,0.0769,0.2308,0.0769,,,,,◎,A,◎,,0.4351,0.6715,,0.5131,S,93,0,◎1着固定 2-3着流し（5〜8点）,0.5777,"{'is_target': True, 'verdict': '点数絞り', 'max_combo_prob': 0.1016, 'est_top_odds': 13.1, 'circle_concentration': 75.9, 'eligible_count': 6, 'bet_adj': 0, 'reason': 'rel_win1=48.4%（本命度） / 最有力組み合わせ確率: 0.102（推定実オッズ?13倍） / 2着集中度: 上位2艇 75.9%（補正+0.04） / 総合判定確率: 0.142 / → ヒモはやや固め。上位2艇以外を切ること', 'tenji_trigger': '展示確認: 1号艇伸び良→そのまま採用。悪→飛び組に差し替え。circle_pct上位2艇に絞り込むこと。\n展示で1号艇スタート超安定(0.134秒)→ヒモ固まり方向に注意'}",,,27.2,逃げ狙い,19.05,24.8,3,,,,,,,,,,,
2025-10-16,丸亀,4,4,三馬崇史,B1,42.86,4,△,10.2689,12,95,40.4,0.1756,3.1731,,,0,低,99,0,差0% ま0% 差ま0%,2 223,0,48.4,1.003,0,0.0526,0.0526,0.0526,0,0.1177,0.1337,0.2514,,,B,△,◎,0.125,0.611,0.3002,0.5131,S,93,0,◎1着固定 2-3着流し（5〜8点）,0.5777,"{'is_target': True, 'verdict': '点数絞り', 'max_combo_prob': 0.1016, 'est_top_odds': 13.1, 'circle_concentration': 75.9, 'eligible_count': 6, 'bet_adj': 0, 'reason': 'rel_win1=48.4%（本命度） / 最有力組み合わせ確率: 0.102（推定実オッズ?13倍） / 2着集中度: 上位2艇 75.9%（補正+0.04） / 総合判定確率: 0.142 / → ヒモはやや固め。上位2艇以外を切ること', 'tenji_trigger': '展示確認: 1号艇伸び良→そのまま採用。悪→飛び組に差し替え。circle_pct上位2艇に絞り込むこと。\n展示で1号艇スタート超安定(0.134秒)→ヒモ固まり方向に注意'}",,,27.2,逃げ狙い,19.05,24.8,3,,,,,,,,,,,
2025-10-16,丸亀,4,5,宮崎心之,B1,29.41,5,,5.8116,11.8,67,33.3,0.1862,3.8571,,,0,低,60,0,ま0%,4 656,0,27.1,1.049,0,0,0.0476,0,0,0,0.2,0.2,,,D,,,0.1213,0.549,,0.5131,S,93,0,◎1着固定 2-3着流し（5〜8点）,0.5777,"{'is_target': True, 'verdict': '点数絞り', 'max_combo_prob': 0.1016, 'est_top_odds': 13.1, 'circle_concentration': 75.9, 'eligible_count': 6, 'bet_adj': 0, 'reason': 'rel_win1=48.4%（本命度） / 最有力組み合わせ確率: 0.102（推定実オッズ?13倍） / 2着集中度: 上位2艇 75.9%（補正+0.04） / 総合判定確率: 0.142 / → ヒモはやや固め。上位2艇以外を切ること', 'tenji_trigger': '展示確認: 1号艇伸び良→そのまま採用。悪→飛び組に差し替え。circle_pct上位2艇に絞り込むこと。\n展示で1号艇スタート超安定(0.134秒)→ヒモ固まり方向に注意'}",,,27.2,逃げ狙い,19.05,24.8,3,,,,,,,,,,,
2025-10-16,丸亀,4,6,有山　望,B2,47.37,6,▲,1.0535,0.3,16,3.2,0.1751,3.8175,,,0,低,45,0,-,556 66,0,38.5,0.8578,,,,,,,,,,,B,,,0.1816,0.4945,,0.5131,S,93,0,◎1着固定 2-3着流し（5〜8点）,0.5777,"{'is_target': True, 'verdict': '点数絞り', 'max_combo_prob': 0.1016, 'est_top_odds': 13.1, 'circle_concentration': 75.9, 'eligible_count': 6, 'bet_adj': 0, 'reason': 'rel_win1=48.4%（本命度） / 最有力組み合わせ確率: 0.102（推定実オッズ?13倍） / 2着集中度: 上位2艇 75.9%（補正+0.04） / 総合判定確率: 0.142 / → ヒモはやや固め。上位2艇以外を切ること', 'tenji_trigger': '展示確認: 1号艇伸び良→そのまま採用。悪→飛び組に差し替え。circle_pct上位2艇に絞り込むこと。\n展示で1号艇スタート超安定(0.134秒)→ヒモ固まり方向に注意'}",,,27.2,逃げ狙い,19.05,24.8,3,,,,,,,,,,,
2025-10-16,丸亀,5,1,原田雄次,A2,12.00,1,◎,50.6656,,0,70,0.1683,3.3167,,,0,低,136,0,逃1%,342 12,0,51.8,0.7778,0.25,,,,,0,0.25,0.375,○,,E,△,,,0.5155,,0.4056,B,54,0,◎○△フォーメーション（15〜20点）,0.5777,"{'is_target': True, 'verdict': '参加推奨', 'max_combo_prob': 0.0607, 'est_top_odds': 22.0, 'circle_concentration': 80.2, 'eligible_count': 9, 'bet_adj': 2, 'reason': 'rel_win1=50.7%（本命度） / 最有力組み合わせ確率: 0.061（推定実オッズ?22倍） / 2着集中度: 上位2艇 80.2%（補正+0.04） / 総合判定確率: 0.101 / → ヒモ分散。1号艇1着固定で広めのヒモ流し推奨（買い目+2点）', 'tenji_trigger': '展示確認: ヒモ分散レース。1号艇伸び確認後、広めのヒモ流しを採用。穴ヒモ（5・6号艇）を積極的に含める。'}",,,28.3,両建て推奨,12.38,33.7,2,,,,,0,0,0.6155,0,,逃げ軸流し,A
2025-10-16,丸亀,5,2,富田恕生,B1,40.00,2,○,16.1279,37.8,100,57.1,0.2012,4.3163,,,0,低,88,0,差0% 抜0%,1 254,0,39.9,0.9816,0,0.0476,0,0,0.0952,0.1667,0.1667,0,,,B,◎,,0.0593,0.64,,0.4056,B,54,0,◎○△フォーメーション（15〜20点）,0.5777,"{'is_target': True, 'verdict': '参加推奨', 'max_combo_prob': 0.0607, 'est_top_odds': 22.0, 'circle_concentration': 80.2, 'eligible_count': 9, 'bet_adj': 2, 'reason': 'rel_win1=50.7%（本命度） / 最有力組み合わせ確率: 0.061（推定実オッズ?22倍） / 2着集中度: 上位2艇 80.2%（補正+0.04） / 総合判定確率: 0.101 / → ヒモ分散。1号艇1着固定で広めのヒモ流し推奨（買い目+2点）', 'tenji_trigger': '展示確認: ヒモ分散レース。1号艇伸び確認後、広めのヒモ流しを採用。穴ヒモ（5・6号艇）を積極的に含める。'}",,,28.3,両建て推奨,12.38,33.7,2,,,,,,,,,,,
2025-10-16,丸亀,5,3,村松栄太,B1,10.53,3,△,12.5971,42.4,63,42.4,0.1563,3.2712,,,0,低,99,0,ま0%,6 65S,0,41.7,0.9344,0,0,0.0385,0,0,0.1808,0.0923,0.0308,,,E,○,,0.3434,0.5975,,0.4056,B,54,0,◎○△フォーメーション（15〜20点）,0.5777,"{'is_target': True, 'verdict': '参加推奨', 'max_combo_prob': 0.0607, 'est_top_odds': 22.0, 'circle_concentration': 80.2, 'eligible_count': 9, 'bet_adj': 2, 'reason': 'rel_win1=50.7%（本命度） / 最有力組み合わせ確率: 0.061（推定実オッズ?22倍） / 2着集中度: 上位2艇 80.2%（補正+0.04） / 総合判定確率: 0.101 / → ヒモ分散。1号艇1着固定で広めのヒモ流し推奨（買い目+2点）', 'tenji_trigger': '展示確認: ヒモ分散レース。1号艇伸び確認後、広めのヒモ流しを採用。穴ヒモ（5・6号艇）を積極的に含める。'}",,,28.3,両建て推奨,12.38,33.7,2,,,,,,,,,,,
2025-10-16,丸亀,5,4,金子龍斗,B1,42.11,4,▲,9.55,3.5,68,17.6,0.2016,3.6373,,,0,低,82,0,-,4 152,0,86.2,0.7306,,,,,,0.1473,0.3802,0,,,A,,,0.1842,0.508,,0.4056,B,54,0,◎○△フォーメーション（15〜20点）,0.5777,"{'is_target': True, 'verdict': '参加推奨', 'max_combo_prob': 0.0607, 'est_top_odds': 22.0, 'circle_concentration': 80.2, 'eligible_count': 9, 'bet_adj': 2, 'reason': 'rel_win1=50.7%（本命度） / 最有力組み合わせ確率: 0.061（推定実オッズ?22倍） / 2着集中度: 上位2艇 80.2%（補正+0.04） / 総合判定確率: 0.101 / → ヒモ分散。1号艇1着固定で広めのヒモ流し推奨（買い目+2点）', 'tenji_trigger': '展示確認: ヒモ分散レース。1号艇伸び確認後、広めのヒモ流しを採用。穴ヒモ（5・6号艇）を積極的に含める。'}",,,28.3,両建て推奨,12.38,33.7,2,,,,,,,,,,,
2025-10-16,丸亀,5,5,上岡巧汰,B2,30.00,5,,9.6227,10.7,91,0,0.24,6,,,0,低,35,1,-,661 56,0,21.9,0.8579,,,,,,,,,,,C,,,0.135,0.483,,0.4056,B,54,0,◎○△フォーメーション（15〜20点）,0.5777,"{'is_target': True, 'verdict': '参加推奨', 'max_combo_prob': 0.0607, 'est_top_odds': 22.0, 'circle_concentration': 80.2, 'eligible_count': 9, 'bet_adj': 2, 'reason': 'rel_win1=50.7%（本命度） / 最有力組み合わせ確率: 0.061（推定実オッズ?22倍） / 2着集中度: 上位2艇 80.2%（補正+0.04） / 総合判定確率: 0.101 / → ヒモ分散。1号艇1着固定で広めのヒモ流し推奨（買い目+2点）', 'tenji_trigger': '展示確認: ヒモ分散レース。1号艇伸び確認後、広めのヒモ流しを採用。穴ヒモ（5・6号艇）を積極的に含める。'}",,,28.3,両建て推奨,12.38,33.7,2,,,,,,,,,,,
2025-10-16,丸亀,5,6,高井雄基,A1,33.33,6,,1.4367,5.6,95,47.2,0.2133,4.6944,,,0,低,86,0,-,345144,0,24.3,1.7356,,,,,,0,0.0889,0.0444,,,C,△,,0.1668,0.579,,0.4056,B,54,0,◎○△フォーメーション（15〜20点）,0.5777,"{'is_target': True, 'verdict': '参加推奨', 'max_combo_prob': 0.0607, 'est_top_odds': 22.0, 'circle_concentration': 80.2, 'eligible_count': 9, 'bet_adj': 2, 'reason': 'rel_win1=50.7%（本命度） / 最有力組み合わせ確率: 0.061（推定実オッズ?22倍） / 2着集中度: 上位2艇 80.2%（補正+0.04） / 総合判定確率: 0.101 / → ヒモ分散。1号艇1着固定で広めのヒモ流し推奨（買い目+2点）', 'tenji_trigger': '展示確認: ヒモ分散レース。1号艇伸び確認後、広めのヒモ流しを採用。穴ヒモ（5・6号艇）を積極的に含める。'}",,,28.3,両建て推奨,12.38,33.7,2,,,,,,,,,,,
2025-10-16,丸亀,6,1,砂長知輝,A1,29.41,1,◎,52.0991,,0,91.4,0.1451,2.8714,,,0,低,57,0,逃0%,42515,0,88.5,1.1447,0.5,,,,,0,0.2,0.025,◎,,D,○,,,0.6395,,0.513,S,94,0,◎1着固定 2-3着流し（5〜8点）,0.5777,"{'is_target': True, 'verdict': '参加推奨', 'max_combo_prob': 0.0889, 'est_top_odds': 15.0, 'circle_concentration': 66.6, 'eligible_count': 6, 'bet_adj': 2, 'reason': 'rel_win1=52.1%（本命度） / 最有力組み合わせ確率: 0.089（推定実オッズ?15倍） / 2着集中度: 上位2艇 66.6%（補正+0.00） / 総合判定確率: 0.089 / → ヒモ分散。1号艇1着固定で広めのヒモ流し推奨（買い目+2点）', 'tenji_trigger': '展示確認: ヒモ分散レース。1号艇伸び確認後、広めのヒモ流しを採用。穴ヒモ（5・6号艇）を積極的に含める。'}",,,27.3,逃げ狙い,18.43,25.6,4,,,,,0,0,0.7559,0,,逃げ軸流し,A
2025-10-16,丸亀,6,2,津田陸翔,A2,40.00,2,▲,13.9798,44.9,100,62.2,0.1743,3.8784,,,0,低,80,0,差0% ま0%,322632,0,49.6,1.0276,0,0.0556,0.1111,0,0,0,0.0842,0.2421,,,B,◎,,0.0685,0.6525,,0.513,S,94,0,◎1着固定 2-3着流し（5〜8点）,0.5777,"{'is_target': True, 'verdict': '参加推奨', 'max_combo_prob': 0.0889, 'est_top_odds': 15.0, 'circle_concentration': 66.6, 'eligible_count': 6, 'bet_adj': 2, 'reason': 'rel_win1=52.1%（本命度） / 最有力組み合わせ確率: 0.089（推定実オッズ?15倍） / 2着集中度: 上位2艇 66.6%（補正+0.00） / 総合判定確率: 0.089 / → ヒモ分散。1号艇1着固定で広めのヒモ流し推奨（買い目+2点）', 'tenji_trigger': '展示確認: ヒモ分散レース。1号艇伸び確認後、広めのヒモ流しを採用。穴ヒモ（5・6号艇）を積極的に含める。'}",,,27.3,逃げ狙い,18.43,25.6,4,,,,,,,,,,,
2025-10-16,丸亀,6,3,常盤海心,B1,31.25,3,,9.6615,11.3,72,35.7,0.1916,4.3482,,,0,低,136,0,ま0%,2 536,0,17.2,0.6256,0,0,0.1667,0.0417,0,0.0667,0.6,0.2667,,,C,,,0.1403,0.592,,0.513,S,94,0,◎1着固定 2-3着流し（5〜8点）,0.5777,"{'is_target': True, 'verdict': '参加推奨', 'max_combo_prob': 0.0889, 'est_top_odds': 15.0, 'circle_concentration': 66.6, 'eligible_count': 6, 'bet_adj': 2, 'reason': 'rel_win1=52.1%（本命度） / 最有力組み合わせ確率: 0.089（推定実オッズ?15倍） / 2着集中度: 上位2艇 66.6%（補正+0.00） / 総合判定確率: 0.089 / → ヒモ分散。1号艇1着固定で広めのヒモ流し推奨（買い目+2点）', 'tenji_trigger': '展示確認: ヒモ分散レース。1号艇伸び確認後、広めのヒモ流しを採用。穴ヒモ（5・6号艇）を積極的に含める。'}",,,27.3,逃げ狙い,18.43,25.6,4,,,,,,,,,,,
2025-10-16,丸亀,6,4,宮脇遼太,A2,50.00,4,○,14.2691,18.8,95,64.4,0.1378,2.5,,,0,低,70,0,ま0% 差ま0%,3 2126,0,84.3,1.4923,0,0,0.375,0.125,0,0.1906,0,0.0706,,◎,A,△,◎,0.4129,0.5925,0.3992,0.513,S,94,0,◎1着固定 2-3着流し（5〜8点）,0.5777,"{'is_target': True, 'verdict': '参加推奨', 'max_combo_prob': 0.0889, 'est_top_odds': 15.0, 'circle_concentration': 66.6, 'eligible_count': 6, 'bet_adj': 2, 'reason': 'rel_win1=52.1%（本命度） / 最有力組み合わせ確率: 0.089（推定実オッズ?15倍） / 2着集中度: 上位2艇 66.6%（補正+0.00） / 総合判定確率: 0.089 / → ヒモ分散。1号艇1着固定で広めのヒモ流し推奨（買い目+2点）', 'tenji_trigger': '展示確認: ヒモ分散レース。1号艇伸び確認後、広めのヒモ流しを採用。穴ヒモ（5・6号艇）を積極的に含める。'}",,,27.3,逃げ狙い,18.43,25.6,4,,,,,,,,,,,
2025-10-16,丸亀,6,5,川崎智稔,B1,40.00,5,△,7.9207,21.7,53,40,0.1398,2.46,,,0,低,62,0,-,565 23,0,80.5,1.424,0,0,0,0.0455,0.0909,0.2267,0.1733,0.0267,,,B,△,,0.2889,0.6335,,0.513,S,94,0,◎1着固定 2-3着流し（5〜8点）,0.5777,"{'is_target': True, 'verdict': '参加推奨', 'max_combo_prob': 0.0889, 'est_top_odds': 15.0, 'circle_concentration': 66.6, 'eligible_count': 6, 'bet_adj': 2, 'reason': 'rel_win1=52.1%（本命度） / 最有力組み合わせ確率: 0.089（推定実オッズ?15倍） / 2着集中度: 上位2艇 66.6%（補正+0.00） / 総合判定確率: 0.089 / → ヒモ分散。1号艇1着固定で広めのヒモ流し推奨（買い目+2点）', 'tenji_trigger': '展示確認: ヒモ分散レース。1号艇伸び確認後、広めのヒモ流しを採用。穴ヒモ（5・6号艇）を積極的に含める。'}",,,27.3,逃げ狙い,18.43,25.6,4,,,,,,,,,,,
2025-10-16,丸亀,6,6,小林甘寧,B2,27.78,6,,2.0698,3.3,30,13.1,0.1705,3.6776,,,0,低,49,0,差ま0%,664 55,0,42.6,0.86,0,0,0,0.04,0,1,0,0,,,D,,,0.2032,0.5545,,0.513,S,94,0,◎1着固定 2-3着流し（5〜8点）,0.5777,"{'is_target': True, 'verdict': '参加推奨', 'max_combo_prob': 0.0889, 'est_top_odds': 15.0, 'circle_concentration': 66.6, 'eligible_count': 6, 'bet_adj': 2, 'reason': 'rel_win1=52.1%（本命度） / 最有力組み合わせ確率: 0.089（推定実オッズ?15倍） / 2着集中度: 上位2艇 66.6%（補正+0.00） / 総合判定確率: 0.089 / → ヒモ分散。1号艇1着固定で広めのヒモ流し推奨（買い目+2点）', 'tenji_trigger': '展示確認: ヒモ分散レース。1号艇伸び確認後、広めのヒモ流しを採用。穴ヒモ（5・6号艇）を積極的に含める。'}",,,27.3,逃げ狙い,18.43,25.6,4,,,,,,,,,,,
2025-10-16,丸亀,7,1,中野希一,A1,10.53,1,◎,48.3589,,0,64.1,0.1669,3.3846,,,0,低,71,0,逃0%,166 13,0,66.1,0.8485,0.4091,,,,,0.1818,0.3636,0.0455,○,,E,,,,0.5435,,0.3634,A,61,0,◎-○軸 3着3〜4艇流し（10〜15点）,0.5777,"{'is_target': True, 'verdict': '参加推奨', 'max_combo_prob': 0.0647, 'est_top_odds': 20.6, 'circle_concentration': 73.3, 'eligible_count': 8, 'bet_adj': 2, 'reason': 'rel_win1=48.4%（本命度） / 最有力組み合わせ確率: 0.065（推定実オッズ?21倍） / 2着集中度: 上位2艇 73.3%（補正+0.04） / 総合判定確率: 0.105 / → ヒモ分散。1号艇1着固定で広めのヒモ流し推奨（買い目+2点）', 'tenji_trigger': '展示確認: ヒモ分散レース。1号艇伸び確認後、広めのヒモ流しを採用。穴ヒモ（5・6号艇）を積極的に含める。'}",,,30.6,両建て推奨,15.59,37.6,2,,,,,0,0,0.6155,0,,主役軸流し,B
2025-10-16,丸亀,7,2,石本裕武,A1,35.00,2,○,24.5571,40.2,100,54.3,0.1669,3.8429,,,0,低,35,0,差0% ま0% 抜0%,15125,0,55.6,1.0402,0,0.2667,0.1333,0,0.0667,0,0.0909,0.0909,,○,B,◎,,0.3861,0.657,,0.3634,A,61,0,◎-○軸 3着3〜4艇流し（10〜15点）,0.5777,"{'is_target': True, 'verdict': '参加推奨', 'max_combo_prob': 0.0647, 'est_top_odds': 20.6, 'circle_concentration': 73.3, 'eligible_count': 8, 'bet_adj': 2, 'reason': 'rel_win1=48.4%（本命度） / 最有力組み合わせ確率: 0.065（推定実オッズ?21倍） / 2着集中度: 上位2艇 73.3%（補正+0.04） / 総合判定確率: 0.105 / → ヒモ分散。1号艇1着固定で広めのヒモ流し推奨（買い目+2点）', 'tenji_trigger': '展示確認: ヒモ分散レース。1号艇伸び確認後、広めのヒモ流しを採用。穴ヒモ（5・6号艇）を積極的に含める。'}",,,30.6,両建て推奨,15.59,37.6,2,,,,,,,,,,,
2025-10-16,丸亀,7,3,加藤優弥,B1,21.05,3,△,11.2197,33.2,99,52,0.1496,2.96,,,0,低,96,0,差0% ま0%,354 25,0,48.5,1.0165,0,0.0476,0.1429,0,0,0.1068,0.4902,0.0211,,◎,C,△,,0.4306,0.6035,,0.3634,A,61,0,◎-○軸 3着3〜4艇流し（10〜15点）,0.5777,"{'is_target': True, 'verdict': '参加推奨', 'max_combo_prob': 0.0647, 'est_top_odds': 20.6, 'circle_concentration': 73.3, 'eligible_count': 8, 'bet_adj': 2, 'reason': 'rel_win1=48.4%（本命度） / 最有力組み合わせ確率: 0.065（推定実オッズ?21倍） / 2着集中度: 上位2艇 73.3%（補正+0.04） / 総合判定確率: 0.105 / → ヒモ分散。1号艇1着固定で広めのヒモ流し推奨（買い目+2点）', 'tenji_trigger': '展示確認: ヒモ分散レース。1号艇伸び確認後、広めのヒモ流しを採用。穴ヒモ（5・6号艇）を積極的に含める。'}",,,30.6,両建て推奨,15.59,37.6,2,,,,,,,,,,,
2025-10-16,丸亀,7,4,山下心一,B2,36.84,4,▲,7.9707,15.2,66,24,0.1644,3.2,,,0,低,60,0,差ま0%,6 665,0,79,0.6596,0,0,0,0.04,0,,,,,,A,,,0.3452,0.494,,0.3634,A,61,0,◎-○軸 3着3〜4艇流し（10〜15点）,0.5777,"{'is_target': True, 'verdict': '参加推奨', 'max_combo_prob': 0.0647, 'est_top_odds': 20.6, 'circle_concentration': 73.3, 'eligible_count': 8, 'bet_adj': 2, 'reason': 'rel_win1=48.4%（本命度） / 最有力組み合わせ確率: 0.065（推定実オッズ?21倍） / 2着集中度: 上位2艇 73.3%（補正+0.04） / 総合判定確率: 0.105 / → ヒモ分散。1号艇1着固定で広めのヒモ流し推奨（買い目+2点）', 'tenji_trigger': '展示確認: ヒモ分散レース。1号艇伸び確認後、広めのヒモ流しを採用。穴ヒモ（5・6号艇）を積極的に含める。'}",,,30.6,両建て推奨,15.59,37.6,2,,,,,,,,,,,
2025-10-16,丸亀,7,5,本村　大,B1,11.76,5,,3.7874,3.7,78,27.1,0.1929,4.1458,,,0,低,117,0,差ま0%,5 555,0,31,0.7712,0,0,0,0.0357,0,0.0667,0,0.1444,,,D,△,,0.2544,0.617,,0.3634,A,61,0,◎-○軸 3着3〜4艇流し（10〜15点）,0.5777,"{'is_target': True, 'verdict': '参加推奨', 'max_combo_prob': 0.0647, 'est_top_odds': 20.6, 'circle_concentration': 73.3, 'eligible_count': 8, 'bet_adj': 2, 'reason': 'rel_win1=48.4%（本命度） / 最有力組み合わせ確率: 0.065（推定実オッズ?21倍） / 2着集中度: 上位2艇 73.3%（補正+0.04） / 総合判定確率: 0.105 / → ヒモ分散。1号艇1着固定で広めのヒモ流し推奨（買い目+2点）', 'tenji_trigger': '展示確認: ヒモ分散レース。1号艇伸び確認後、広めのヒモ流しを採用。穴ヒモ（5・6号艇）を積極的に含める。'}",,,30.6,両建て推奨,15.59,37.6,2,,,,,,,,,,,
2025-10-16,丸亀,7,6,為本智也,A2,21.05,6,,4.1063,7.8,54,30.8,0.1615,2.9615,,,0,低,42,0,ま0%,6F542,0,25.3,1.2903,0,0,0.1111,0,0,0.0333,0.0667,0,,,C,○,,0.3812,0.6205,,0.3634,A,61,0,◎-○軸 3着3〜4艇流し（10〜15点）,0.5777,"{'is_target': True, 'verdict': '参加推奨', 'max_combo_prob': 0.0647, 'est_top_odds': 20.6, 'circle_concentration': 73.3, 'eligible_count': 8, 'bet_adj': 2, 'reason': 'rel_win1=48.4%（本命度） / 最有力組み合わせ確率: 0.065（推定実オッズ?21倍） / 2着集中度: 上位2艇 73.3%（補正+0.04） / 総合判定確率: 0.105 / → ヒモ分散。1号艇1着固定で広めのヒモ流し推奨（買い目+2点）', 'tenji_trigger': '展示確認: ヒモ分散レース。1号艇伸び確認後、広めのヒモ流しを採用。穴ヒモ（5・6号艇）を積極的に含める。'}",,,30.6,両建て推奨,15.59,37.6,2,,,,,,,,,,,
2025-10-16,丸亀,8,1,佐々木翔,A1,42.86,1,◎,62.4789,,0,84.9,0.1421,2.7803,,,0,低,101,0,逃1%,1 4461,0,80.4,0.9468,0.5161,,,,,0.0387,0.1373,0.1502,◎,,B,△,,,0.5985,,0.5287,A,78,0,◎-○軸 3着3〜4艇流し（10〜15点）,0.5777,"{'is_target': True, 'verdict': '点数絞り', 'max_combo_prob': 0.0834, 'est_top_odds': 16.0, 'circle_concentration': 71.3, 'eligible_count': 8, 'bet_adj': 0, 'reason': 'rel_win1=62.5%（本命度） / 最有力組み合わせ確率: 0.083（推定実オッズ?16倍） / 2着集中度: 上位2艇 71.3%（補正+0.04） / 総合判定確率: 0.123 / → ヒモはやや固め。上位2艇以外を切ること', 'tenji_trigger': '展示確認: 1号艇伸び良→そのまま採用。悪→飛び組に差し替え。circle_pct上位2艇に絞り込むこと。'}",,,29.3,逃げ狙い,21.94,28.3,2,,,,,0,0,0.7559,0,,逃げ軸流し,A
2025-10-16,丸亀,8,2,田村　慶,A2,52.17,2,○,13.2109,34.8,100,46.3,0.1849,4.3293,,,0,低,93,0,-,2 6342,0,44.3,0.7974,,,,,,0,0,0,,,A,,,0.0833,0.5845,,0.5287,A,78,0,◎-○軸 3着3〜4艇流し（10〜15点）,0.5777,"{'is_target': True, 'verdict': '点数絞り', 'max_combo_prob': 0.0834, 'est_top_odds': 16.0, 'circle_concentration': 71.3, 'eligible_count': 8, 'bet_adj': 0, 'reason': 'rel_win1=62.5%（本命度） / 最有力組み合わせ確率: 0.083（推定実オッズ?16倍） / 2着集中度: 上位2艇 71.3%（補正+0.04） / 総合判定確率: 0.123 / → ヒモはやや固め。上位2艇以外を切ること', 'tenji_trigger': '展示確認: 1号艇伸び良→そのまま採用。悪→飛び組に差し替え。circle_pct上位2艇に絞り込むこと。'}",,,29.3,逃げ狙い,21.94,28.3,2,,,,,,,,,,,
2025-10-16,丸亀,8,3,山口晃朋,B1,26.32,3,,10.4603,36.4,64,47.6,0.1567,3.3095,,,0,低,72,0,ま0% 差ま0%,1 452,0,40.9,0.9502,0,0,0.0952,0.1429,0,0.1079,0,0.0444,,,D,△,,0.256,0.6005,,0.5287,A,78,0,◎-○軸 3着3〜4艇流し（10〜15点）,0.5777,"{'is_target': True, 'verdict': '点数絞り', 'max_combo_prob': 0.0834, 'est_top_odds': 16.0, 'circle_concentration': 71.3, 'eligible_count': 8, 'bet_adj': 0, 'reason': 'rel_win1=62.5%（本命度） / 最有力組み合わせ確率: 0.083（推定実オッズ?16倍） / 2着集中度: 上位2艇 71.3%（補正+0.04） / 総合判定確率: 0.123 / → ヒモはやや固め。上位2艇以外を切ること', 'tenji_trigger': '展示確認: 1号艇伸び良→そのまま採用。悪→飛び組に差し替え。circle_pct上位2艇に絞り込むこと。'}",,,29.3,逃げ狙い,21.94,28.3,2,,,,,,,,,,,
2025-10-16,丸亀,8,4,大原祥昌,A2,17.65,4,△,9.108,14.1,71,50,0.14,2.7812,,,0,低,48,0,差ま0%,256 65,0,62.2,1.0732,0,0,0,0.1,0,0,0.1818,0,,,E,◎,◎,0.3242,0.651,0.419,0.5287,A,78,0,◎-○軸 3着3〜4艇流し（10〜15点）,0.5777,"{'is_target': True, 'verdict': '点数絞り', 'max_combo_prob': 0.0834, 'est_top_odds': 16.0, 'circle_concentration': 71.3, 'eligible_count': 8, 'bet_adj': 0, 'reason': 'rel_win1=62.5%（本命度） / 最有力組み合わせ確率: 0.083（推定実オッズ?16倍） / 2着集中度: 上位2艇 71.3%（補正+0.04） / 総合判定確率: 0.123 / → ヒモはやや固め。上位2艇以外を切ること', 'tenji_trigger': '展示確認: 1号艇伸び良→そのまま採用。悪→飛び組に差し替え。circle_pct上位2艇に絞り込むこと。'}",,,29.3,逃げ狙い,21.94,28.3,2,,,,,,,,,,,
2025-10-16,丸亀,8,5,澁川　夏,B1,42.11,5,▲,3.0446,14.2,62,29.7,0.1551,3.2432,,,0,低,68,0,-,5 343,0,24,0.8607,,,,,,,,,,,B,○,,0.291,0.625,,0.5287,A,78,0,◎-○軸 3着3〜4艇流し（10〜15点）,0.5777,"{'is_target': True, 'verdict': '点数絞り', 'max_combo_prob': 0.0834, 'est_top_odds': 16.0, 'circle_concentration': 71.3, 'eligible_count': 8, 'bet_adj': 0, 'reason': 'rel_win1=62.5%（本命度） / 最有力組み合わせ確率: 0.083（推定実オッズ?16倍） / 2着集中度: 上位2艇 71.3%（補正+0.04） / 総合判定確率: 0.123 / → ヒモはやや固め。上位2艇以外を切ること', 'tenji_trigger': '展示確認: 1号艇伸び良→そのまま採用。悪→飛び組に差し替え。circle_pct上位2艇に絞り込むこと。'}",,,29.3,逃げ狙い,21.94,28.3,2,,,,,,,,,,,
2025-10-16,丸亀,8,6,宮崎心之,B1,29.41,6,,1.6973,0.4,40,11,0.1963,4.1098,,,0,低,60,0,差ま0%,4 656,0,36.1,0.8244,0,0,0,0.0238,0,0,0.2,0.2,,,D,,,0.1243,0.549,,0.5287,A,78,0,◎-○軸 3着3〜4艇流し（10〜15点）,0.5777,"{'is_target': True, 'verdict': '点数絞り', 'max_combo_prob': 0.0834, 'est_top_odds': 16.0, 'circle_concentration': 71.3, 'eligible_count': 8, 'bet_adj': 0, 'reason': 'rel_win1=62.5%（本命度） / 最有力組み合わせ確率: 0.083（推定実オッズ?16倍） / 2着集中度: 上位2艇 71.3%（補正+0.04） / 総合判定確率: 0.123 / → ヒモはやや固め。上位2艇以外を切ること', 'tenji_trigger': '展示確認: 1号艇伸び良→そのまま採用。悪→飛び組に差し替え。circle_pct上位2艇に絞り込むこと。'}",,,29.3,逃げ狙い,21.94,28.3,2,,,,,,,,,,,
2025-10-16,丸亀,9,1,高井雄基,A1,33.33,1,◎,64.3946,,0,88.9,0.1481,3.2361,,,0,低,86,0,逃0%,345144,0,89.4,1.1665,0.5,,,,,0,0.0889,0.0444,◎,,C,△,,,0.579,,0.5026,A,76,0,◎-○軸 3着3〜4艇流し（10〜15点）,0.5777,"{'is_target': True, 'verdict': '参加推奨', 'max_combo_prob': 0.1152, 'est_top_odds': 11.6, 'circle_concentration': 69.7, 'eligible_count': 8, 'bet_adj': 2, 'reason': 'rel_win1=64.4%（本命度） / 最有力組み合わせ確率: 0.115（推定実オッズ?12倍） / 2着集中度: 上位2艇 69.7%（補正+0.00） / 総合判定確率: 0.115 / → ヒモ分散。1号艇1着固定で広めのヒモ流し推奨（買い目+2点）', 'tenji_trigger': '展示確認: ヒモ分散レース。1号艇伸び確認後、広めのヒモ流しを採用。穴ヒモ（5・6号艇）を積極的に含める。'}",,,25.4,逃げ狙い,13.18,24.8,3,,,,,0,0,0.7559,0,,逃げ軸流し,A
2025-10-16,丸亀,9,2,市川健太,B1,36.84,2,▲,11.6547,13.1,96,35.7,0.1759,3.6607,,,0,低,87,0,差0%,256 46,0,51.1,0.6319,0,0.1875,0,0,0,0.1333,0.1333,0.1333,,,B,○,,0.0939,0.603,,0.5026,A,76,0,◎-○軸 3着3〜4艇流し（10〜15点）,0.5777,"{'is_target': True, 'verdict': '参加推奨', 'max_combo_prob': 0.1152, 'est_top_odds': 11.6, 'circle_concentration': 69.7, 'eligible_count': 8, 'bet_adj': 2, 'reason': 'rel_win1=64.4%（本命度） / 最有力組み合わせ確率: 0.115（推定実オッズ?12倍） / 2着集中度: 上位2艇 69.7%（補正+0.00） / 総合判定確率: 0.115 / → ヒモ分散。1号艇1着固定で広めのヒモ流し推奨（買い目+2点）', 'tenji_trigger': '展示確認: ヒモ分散レース。1号艇伸び確認後、広めのヒモ流しを採用。穴ヒモ（5・6号艇）を積極的に含める。'}",,,25.4,逃げ狙い,13.18,24.8,3,,,,,,,,,,,
2025-10-16,丸亀,9,3,坂井滉哉,B1,33.33,3,○,14.3464,45.6,32,39.5,0.1466,2.8026,,,0,低,72,0,ま0%,451 53,0,42.3,0.9706,0,0,0.1429,0,0,0.0667,0.0667,0.3067,,,C,◎,,0.3134,0.618,,0.5026,A,76,0,◎-○軸 3着3〜4艇流し（10〜15点）,0.5777,"{'is_target': True, 'verdict': '参加推奨', 'max_combo_prob': 0.1152, 'est_top_odds': 11.6, 'circle_concentration': 69.7, 'eligible_count': 8, 'bet_adj': 2, 'reason': 'rel_win1=64.4%（本命度） / 最有力組み合わせ確率: 0.115（推定実オッズ?12倍） / 2着集中度: 上位2艇 69.7%（補正+0.00） / 総合判定確率: 0.115 / → ヒモ分散。1号艇1着固定で広めのヒモ流し推奨（買い目+2点）', 'tenji_trigger': '展示確認: ヒモ分散レース。1号艇伸び確認後、広めのヒモ流しを採用。穴ヒモ（5・6号艇）を積極的に含める。'}",,,25.4,逃げ狙い,13.18,24.8,3,,,,,,,,,,,
2025-10-16,丸亀,9,4,浦野　海,A2,17.65,4,,3.0849,24.1,100,44.4,0.1775,3.8889,,,0,低,75,0,-,433 45,0,39.2,0.8372,,,,,,0,0.1111,0.1422,,,E,△,,0.1958,0.579,,0.5026,A,76,0,◎-○軸 3着3〜4艇流し（10〜15点）,0.5777,"{'is_target': True, 'verdict': '参加推奨', 'max_combo_prob': 0.1152, 'est_top_odds': 11.6, 'circle_concentration': 69.7, 'eligible_count': 8, 'bet_adj': 2, 'reason': 'rel_win1=64.4%（本命度） / 最有力組み合わせ確率: 0.115（推定実オッズ?12倍） / 2着集中度: 上位2艇 69.7%（補正+0.00） / 総合判定確率: 0.115 / → ヒモ分散。1号艇1着固定で広めのヒモ流し推奨（買い目+2点）', 'tenji_trigger': '展示確認: ヒモ分散レース。1号艇伸び確認後、広めのヒモ流しを採用。穴ヒモ（5・6号艇）を積極的に含める。'}",,,25.4,逃げ狙い,13.18,24.8,3,,,,,,,,,,,
2025-10-16,丸亀,9,5,佐藤太亮,B1,38.89,5,△,5.3853,16.8,46,32.5,0.176,3.45,,,0,低,72,0,差ま0%,5 134,0,23.3,0.9819,0,0,0,0.0833,0,0,0.3333,0.3333,,,B,△,,0.2021,0.6,,0.5026,A,76,0,◎-○軸 3着3〜4艇流し（10〜15点）,0.5777,"{'is_target': True, 'verdict': '参加推奨', 'max_combo_prob': 0.1152, 'est_top_odds': 11.6, 'circle_concentration': 69.7, 'eligible_count': 8, 'bet_adj': 2, 'reason': 'rel_win1=64.4%（本命度） / 最有力組み合わせ確率: 0.115（推定実オッズ?12倍） / 2着集中度: 上位2艇 69.7%（補正+0.00） / 総合判定確率: 0.115 / → ヒモ分散。1号艇1着固定で広めのヒモ流し推奨（買い目+2点）', 'tenji_trigger': '展示確認: ヒモ分散レース。1号艇伸び確認後、広めのヒモ流しを採用。穴ヒモ（5・6号艇）を積極的に含める。'}",,,25.4,逃げ狙い,13.18,24.8,3,,,,,,,,,,,
2025-10-16,丸亀,9,6,上岡巧汰,B2,30.00,6,,1.1341,0.4,13,1.2,0.1698,3.657,,,0,低,35,0,-,661 56,0,37.7,0.82,,,,,,,,,,,D,,,0.2434,0.483,,0.5026,A,76,0,◎-○軸 3着3〜4艇流し（10〜15点）,0.5777,"{'is_target': True, 'verdict': '参加推奨', 'max_combo_prob': 0.1152, 'est_top_odds': 11.6, 'circle_concentration': 69.7, 'eligible_count': 8, 'bet_adj': 2, 'reason': 'rel_win1=64.4%（本命度） / 最有力組み合わせ確率: 0.115（推定実オッズ?12倍） / 2着集中度: 上位2艇 69.7%（補正+0.00） / 総合判定確率: 0.115 / → ヒモ分散。1号艇1着固定で広めのヒモ流し推奨（買い目+2点）', 'tenji_trigger': '展示確認: ヒモ分散レース。1号艇伸び確認後、広めのヒモ流しを採用。穴ヒモ（5・6号艇）を積極的に含める。'}",,,25.4,逃げ狙い,13.18,24.8,3,,,,,,,,,,,
2025-10-16,丸亀,10,1,三馬崇史,B1,42.86,1,◎,52.3141,,0,66.7,0.1376,2.9667,,,0,低,99,0,逃1%,2 223,0,76.4,0.8907,0.52,,,,,0.1177,0.1337,0.2514,◎,,B,△,,,0.611,,0.4939,B,52,0,◎○△フォーメーション（15〜20点）,0.5777,"{'is_target': True, 'verdict': '点数絞り', 'max_combo_prob': 0.1046, 'est_top_odds': 12.8, 'circle_concentration': 84.2, 'eligible_count': 9, 'bet_adj': 0, 'reason': 'rel_win1=52.3%（本命度） / 最有力組み合わせ確率: 0.105（推定実オッズ?13倍） / 2着集中度: 上位2艇 84.2%（補正+0.04） / 総合判定確率: 0.145 / → ヒモはやや固め。上位2艇以外を切ること', 'tenji_trigger': '展示確認: 1号艇伸び良→そのまま採用。悪→飛び組に差し替え。circle_pct上位2艇に絞り込むこと。\n展示で1号艇スタート超安定(0.138秒)→ヒモ固まり方向に注意'}",,,31.1,両建て推奨,24.93,31,2,,,,,0,0,0.7559,0,,逃げ軸流し,A
2025-10-16,丸亀,10,2,砂長知輝,A1,29.41,2,,16.6409,57.3,77,76.9,0.1665,3.7308,,,0,低,57,0,差0% 抜0%,42515,0,79,1.2629,0,0.1667,0,0,0.1667,0,0.2,0.025,,,D,◎,,0.1064,0.6395,,0.4939,B,52,0,◎○△フォーメーション（15〜20点）,0.5777,"{'is_target': True, 'verdict': '点数絞り', 'max_combo_prob': 0.1046, 'est_top_odds': 12.8, 'circle_concentration': 84.2, 'eligible_count': 9, 'bet_adj': 0, 'reason': 'rel_win1=52.3%（本命度） / 最有力組み合わせ確率: 0.105（推定実オッズ?13倍） / 2着集中度: 上位2艇 84.2%（補正+0.04） / 総合判定確率: 0.145 / → ヒモはやや固め。上位2艇以外を切ること', 'tenji_trigger': '展示確認: 1号艇伸び良→そのまま採用。悪→飛び組に差し替え。circle_pct上位2艇に絞り込むこと。\n展示で1号艇スタート超安定(0.138秒)→ヒモ固まり方向に注意'}",,,31.1,両建て推奨,24.93,31,2,,,,,,,,,,,
2025-10-16,丸亀,10,3,宮脇遼太,A2,50.00,3,○,14.0107,26.8,81,57.9,0.1395,2.6974,,,0,低,70,0,ま0% 差ま0% 抜0%,3 2126,0,65.6,1.1721,0,0,0.1429,0.0714,0.0714,0.1906,0,0.0706,,,A,△,,0.318,0.5925,,0.4939,B,52,0,◎○△フォーメーション（15〜20点）,0.5777,"{'is_target': True, 'verdict': '点数絞り', 'max_combo_prob': 0.1046, 'est_top_odds': 12.8, 'circle_concentration': 84.2, 'eligible_count': 9, 'bet_adj': 0, 'reason': 'rel_win1=52.3%（本命度） / 最有力組み合わせ確率: 0.105（推定実オッズ?13倍） / 2着集中度: 上位2艇 84.2%（補正+0.04） / 総合判定確率: 0.145 / → ヒモはやや固め。上位2艇以外を切ること', 'tenji_trigger': '展示確認: 1号艇伸び良→そのまま採用。悪→飛び組に差し替え。circle_pct上位2艇に絞り込むこと。\n展示で1号艇スタート超安定(0.138秒)→ヒモ固まり方向に注意'}",,,31.1,両建て推奨,24.93,31,2,,,,,,,,,,,
2025-10-16,丸亀,10,4,眞鳥章太,A2,40.00,4,▲,11.9943,9.3,100,50.8,0.1618,3.2213,,,0,低,108,0,差0% ま0% 差ま0% 抜0%,133314,0,75.9,1.1796,0,0.0312,0.125,0.0312,0.0312,0.0364,0.0364,0.0721,,,C,○,◎,0.2322,0.6335,0.4027,0.4939,B,52,0,◎○△フォーメーション（15〜20点）,0.5777,"{'is_target': True, 'verdict': '点数絞り', 'max_combo_prob': 0.1046, 'est_top_odds': 12.8, 'circle_concentration': 84.2, 'eligible_count': 9, 'bet_adj': 0, 'reason': 'rel_win1=52.3%（本命度） / 最有力組み合わせ確率: 0.105（推定実オッズ?13倍） / 2着集中度: 上位2艇 84.2%（補正+0.04） / 総合判定確率: 0.145 / → ヒモはやや固め。上位2艇以外を切ること', 'tenji_trigger': '展示確認: 1号艇伸び良→そのまま採用。悪→飛び組に差し替え。circle_pct上位2艇に絞り込むこと。\n展示で1号艇スタート超安定(0.138秒)→ヒモ固まり方向に注意'}",,,31.1,両建て推奨,24.93,31,2,,,,,,,,,,,
2025-10-16,丸亀,10,5,岡　暢祐,B1,44.44,5,△,4.1164,3.6,42,14.3,0.1866,3.9554,,,0,低,120,0,-,143 34,0,55.9,0.9395,,,,,,0.1667,0.0833,0.1667,,,B,,,0.1746,0.5595,,0.4939,B,52,0,◎○△フォーメーション（15〜20点）,0.5777,"{'is_target': True, 'verdict': '点数絞り', 'max_combo_prob': 0.1046, 'est_top_odds': 12.8, 'circle_concentration': 84.2, 'eligible_count': 9, 'bet_adj': 0, 'reason': 'rel_win1=52.3%（本命度） / 最有力組み合わせ確率: 0.105（推定実オッズ?13倍） / 2着集中度: 上位2艇 84.2%（補正+0.04） / 総合判定確率: 0.145 / → ヒモはやや固め。上位2艇以外を切ること', 'tenji_trigger': '展示確認: 1号艇伸び良→そのまま採用。悪→飛び組に差し替え。circle_pct上位2艇に絞り込むこと。\n展示で1号艇スタート超安定(0.138秒)→ヒモ固まり方向に注意'}",,,31.1,両建て推奨,24.93,31,2,,,,,,,,,,,
2025-10-16,丸亀,10,6,原田雄次,A2,12.00,6,,0.9237,2.9,64,17.1,0.2089,5.1286,,,0,低,136,0,-,342 12,0,31,0.5944,,,,,,0,0.25,0.375,,,E,,,0.155,0.5155,,0.4939,B,52,0,◎○△フォーメーション（15〜20点）,0.5777,"{'is_target': True, 'verdict': '点数絞り', 'max_combo_prob': 0.1046, 'est_top_odds': 12.8, 'circle_concentration': 84.2, 'eligible_count': 9, 'bet_adj': 0, 'reason': 'rel_win1=52.3%（本命度） / 最有力組み合わせ確率: 0.105（推定実オッズ?13倍） / 2着集中度: 上位2艇 84.2%（補正+0.04） / 総合判定確率: 0.145 / → ヒモはやや固め。上位2艇以外を切ること', 'tenji_trigger': '展示確認: 1号艇伸び良→そのまま採用。悪→飛び組に差し替え。circle_pct上位2艇に絞り込むこと。\n展示で1号艇スタート超安定(0.138秒)→ヒモ固まり方向に注意'}",,,31.1,両建て推奨,24.93,31,2,,,,,,,,,,,
2025-10-16,丸亀,11,1,石本裕武,A1,35.00,1,◎,51.9518,,0,82.1,0.1471,3.1429,,,0,低,35,0,逃1%,15125,0,82.2,1.0482,0.8182,,,,,0,0.0909,0.0909,◎,,D,○,,,0.657,,0.5032,A,77,0,◎-○軸 3着3〜4艇流し（10〜15点）,0.5777,"{'is_target': True, 'verdict': '参加推奨', 'max_combo_prob': 0.0926, 'est_top_odds': 14.4, 'circle_concentration': 67.2, 'eligible_count': 8, 'bet_adj': 2, 'reason': 'rel_win1=52.0%（本命度） / 最有力組み合わせ確率: 0.093（推定実オッズ?14倍） / 2着集中度: 上位2艇 67.2%（補正+0.00） / 総合判定確率: 0.093 / → ヒモ分散。1号艇1着固定で広めのヒモ流し推奨（買い目+2点）', 'tenji_trigger': '展示確認: ヒモ分散レース。1号艇伸び確認後、広めのヒモ流しを採用。穴ヒモ（5・6号艇）を積極的に含める。'}",,,29.1,逃げ狙い,26.52,23.9,2,,,,,0,0,0.7559,0,,逃げ軸流し,A
2025-10-16,丸亀,11,2,板橋侑我,A1,63.64,2,○,22.6688,42.8,65,79.2,0.1421,3,,,0,低,35,0,差0% ま0%,631 31,0,73.5,1.3648,0,0.2857,0.2143,0,0,,,,,◎,A,◎,,0.4168,0.6715,,0.5032,A,77,0,◎-○軸 3着3〜4艇流し（10〜15点）,0.5777,"{'is_target': True, 'verdict': '参加推奨', 'max_combo_prob': 0.0926, 'est_top_odds': 14.4, 'circle_concentration': 67.2, 'eligible_count': 8, 'bet_adj': 2, 'reason': 'rel_win1=52.0%（本命度） / 最有力組み合わせ確率: 0.093（推定実オッズ?14倍） / 2着集中度: 上位2艇 67.2%（補正+0.00） / 総合判定確率: 0.093 / → ヒモ分散。1号艇1着固定で広めのヒモ流し推奨（買い目+2点）', 'tenji_trigger': '展示確認: ヒモ分散レース。1号艇伸び確認後、広めのヒモ流しを採用。穴ヒモ（5・6号艇）を積極的に含める。'}",,,29.1,逃げ狙い,26.52,23.9,2,,,,,,,,,,,
2025-10-16,丸亀,11,3,佐々木翔,A1,42.86,3,▲,10.3458,17.7,100,68.9,0.162,3.5,,,0,低,101,0,差0% 差ま0%,1 4461,0,51.5,1.2129,0,0.0625,0,0.0625,0,0.0387,0.1373,0.1502,,,B,△,,0.2096,0.5985,,0.5032,A,77,0,◎-○軸 3着3〜4艇流し（10〜15点）,0.5777,"{'is_target': True, 'verdict': '参加推奨', 'max_combo_prob': 0.0926, 'est_top_odds': 14.4, 'circle_concentration': 67.2, 'eligible_count': 8, 'bet_adj': 2, 'reason': 'rel_win1=52.0%（本命度） / 最有力組み合わせ確率: 0.093（推定実オッズ?14倍） / 2着集中度: 上位2艇 67.2%（補正+0.00） / 総合判定確率: 0.093 / → ヒモ分散。1号艇1着固定で広めのヒモ流し推奨（買い目+2点）', 'tenji_trigger': '展示確認: ヒモ分散レース。1号艇伸び確認後、広めのヒモ流しを採用。穴ヒモ（5・6号艇）を積極的に含める。'}",,,29.1,逃げ狙い,26.52,23.9,2,,,,,,,,,,,
2025-10-16,丸亀,11,4,中野希一,A1,10.53,4,△,11.3022,24.5,42,70.3,0.1284,2.3514,,,0,低,71,0,差0% ま0% 抜0%,166 13,0,85.1,1.4372,0,0.0526,0.1053,0,0.0526,0.1818,0.3636,0.0455,,,E,,◎,0.3764,0.5435,0.4187,0.5032,A,77,0,◎-○軸 3着3〜4艇流し（10〜15点）,0.5777,"{'is_target': True, 'verdict': '参加推奨', 'max_combo_prob': 0.0926, 'est_top_odds': 14.4, 'circle_concentration': 67.2, 'eligible_count': 8, 'bet_adj': 2, 'reason': 'rel_win1=52.0%（本命度） / 最有力組み合わせ確率: 0.093（推定実オッズ?14倍） / 2着集中度: 上位2艇 67.2%（補正+0.00） / 総合判定確率: 0.093 / → ヒモ分散。1号艇1着固定で広めのヒモ流し推奨（買い目+2点）', 'tenji_trigger': '展示確認: ヒモ分散レース。1号艇伸び確認後、広めのヒモ流しを採用。穴ヒモ（5・6号艇）を積極的に含める。'}",,,29.1,逃げ狙い,26.52,23.9,2,,,,,,,,,,,
2025-10-16,丸亀,11,5,津田陸翔,A2,40.00,5,,1.5731,11.9,50,40.5,0.1574,3.6429,,,0,低,80,0,-,322632,0,38.5,1.0967,,,,,,0,0.0842,0.2421,,,C,△,,0.2783,0.6525,,0.5032,A,77,0,◎-○軸 3着3〜4艇流し（10〜15点）,0.5777,"{'is_target': True, 'verdict': '参加推奨', 'max_combo_prob': 0.0926, 'est_top_odds': 14.4, 'circle_concentration': 67.2, 'eligible_count': 8, 'bet_adj': 2, 'reason': 'rel_win1=52.0%（本命度） / 最有力組み合わせ確率: 0.093（推定実オッズ?14倍） / 2着集中度: 上位2艇 67.2%（補正+0.00） / 総合判定確率: 0.093 / → ヒモ分散。1号艇1着固定で広めのヒモ流し推奨（買い目+2点）', 'tenji_trigger': '展示確認: ヒモ分散レース。1号艇伸び確認後、広めのヒモ流しを採用。穴ヒモ（5・6号艇）を積極的に含める。'}",,,29.1,逃げ狙い,26.52,23.9,2,,,,,,,,,,,
2025-10-16,丸亀,11,6,金子龍斗,B1,42.11,6,,2.1583,3.2,48,31.8,0.1605,3.3882,,,0,低,82,0,差ま0%,4 152,0,35.6,1.2781,0,0,0,0.0385,0,0.1473,0.3802,0,,,C,,,0.2374,0.508,,0.5032,A,77,0,◎-○軸 3着3〜4艇流し（10〜15点）,0.5777,"{'is_target': True, 'verdict': '参加推奨', 'max_combo_prob': 0.0926, 'est_top_odds': 14.4, 'circle_concentration': 67.2, 'eligible_count': 8, 'bet_adj': 2, 'reason': 'rel_win1=52.0%（本命度） / 最有力組み合わせ確率: 0.093（推定実オッズ?14倍） / 2着集中度: 上位2艇 67.2%（補正+0.00） / 総合判定確率: 0.093 / → ヒモ分散。1号艇1着固定で広めのヒモ流し推奨（買い目+2点）', 'tenji_trigger': '展示確認: ヒモ分散レース。1号艇伸び確認後、広めのヒモ流しを採用。穴ヒモ（5・6号艇）を積極的に含める。'}",,,29.1,逃げ狙い,26.52,23.9,2,,,,,,,,,,,
2025-10-16,丸亀,12,1,西岡顕心,A1,11.76,1,◎,57.7588,,0,88.2,0.1341,3.1471,,,0,低,55,0,逃1%,12131,0,71.2,0.9601,0.8571,,,,,0,0.0714,0,◎,,E,○,,,0.6245,,0.5692,S,81,0,◎1着固定 2-3着流し（5〜8点）,0.5777,"{'is_target': True, 'verdict': '参加推奨', 'max_combo_prob': 0.0696, 'est_top_odds': 19.2, 'circle_concentration': 73.5, 'eligible_count': 6, 'bet_adj': 2, 'reason': 'rel_win1=57.8%（本命度） / 最有力組み合わせ確率: 0.070（推定実オッズ?19倍） / 2着集中度: 上位2艇 73.5%（補正+0.04） / 総合判定確率: 0.110 / → ヒモ分散。1号艇1着固定で広めのヒモ流し推奨（買い目+2点）', 'tenji_trigger': '展示確認: ヒモ分散レース。1号艇伸び確認後、広めのヒモ流しを採用。穴ヒモ（5・6号艇）を積極的に含める。\n展示で1号艇スタート超安定(0.134秒)→ヒモ固まり方向に注意'}",,,27.9,逃げ狙い,23.78,22.9,2,,,,,0,0,0.7559,0,,逃げ軸流し,A
2025-10-16,丸亀,12,2,中村泰平,A1,71.43,2,○,11.8621,38.8,83,72.2,0.1586,3.1806,,,0,低,80,0,ま0%,242211,0,60.2,1.1421,0,0,0.125,0,0,0.1864,0.0182,0.0364,,,A,△,,0.0731,0.6085,,0.5692,S,81,0,◎1着固定 2-3着流し（5〜8点）,0.5777,"{'is_target': True, 'verdict': '参加推奨', 'max_combo_prob': 0.0696, 'est_top_odds': 19.2, 'circle_concentration': 73.5, 'eligible_count': 6, 'bet_adj': 2, 'reason': 'rel_win1=57.8%（本命度） / 最有力組み合わせ確率: 0.070（推定実オッズ?19倍） / 2着集中度: 上位2艇 73.5%（補正+0.04） / 総合判定確率: 0.110 / → ヒモ分散。1号艇1着固定で広めのヒモ流し推奨（買い目+2点）', 'tenji_trigger': '展示確認: ヒモ分散レース。1号艇伸び確認後、広めのヒモ流しを採用。穴ヒモ（5・6号艇）を積極的に含める。\n展示で1号艇スタート超安定(0.134秒)→ヒモ固まり方向に注意'}",,,27.9,逃げ狙い,23.78,22.9,2,,,,,,,,,,,
2025-10-16,丸亀,12,3,濱野斗馬,A1,21.05,3,△,10.6346,34.7,84,73.1,0.1292,2.3654,,,0,低,40,0,-,314 12,0,24.6,0.789,0,0,0,0.0833,0,0.0968,0,0.0323,,,E,◎,,0.3202,0.638,,0.5692,S,81,0,◎1着固定 2-3着流し（5〜8点）,0.5777,"{'is_target': True, 'verdict': '参加推奨', 'max_combo_prob': 0.0696, 'est_top_odds': 19.2, 'circle_concentration': 73.5, 'eligible_count': 6, 'bet_adj': 2, 'reason': 'rel_win1=57.8%（本命度） / 最有力組み合わせ確率: 0.070（推定実オッズ?19倍） / 2着集中度: 上位2艇 73.5%（補正+0.04） / 総合判定確率: 0.110 / → ヒモ分散。1号艇1着固定で広めのヒモ流し推奨（買い目+2点）', 'tenji_trigger': '展示確認: ヒモ分散レース。1号艇伸び確認後、広めのヒモ流しを採用。穴ヒモ（5・6号艇）を積極的に含める。\n展示で1号艇スタート超安定(0.134秒)→ヒモ固まり方向に注意'}",,,27.9,逃げ狙い,23.78,22.9,2,,,,,,,,,,,
2025-10-16,丸亀,12,4,藤原仙二,A2,72.22,4,▲,9.2501,11,100,57.4,0.1631,3.1111,,,0,低,93,0,-,41122,0,59.8,1.1428,0,0,0.0625,0,0.0625,0,0.08,0.28,,,A,,○,0.1792,0.577,0.2295,0.5692,S,81,0,◎1着固定 2-3着流し（5〜8点）,0.5777,"{'is_target': True, 'verdict': '参加推奨', 'max_combo_prob': 0.0696, 'est_top_odds': 19.2, 'circle_concentration': 73.5, 'eligible_count': 6, 'bet_adj': 2, 'reason': 'rel_win1=57.8%（本命度） / 最有力組み合わせ確率: 0.070（推定実オッズ?19倍） / 2着集中度: 上位2艇 73.5%（補正+0.04） / 総合判定確率: 0.110 / → ヒモ分散。1号艇1着固定で広めのヒモ流し推奨（買い目+2点）', 'tenji_trigger': '展示確認: ヒモ分散レース。1号艇伸び確認後、広めのヒモ流しを採用。穴ヒモ（5・6号艇）を積極的に含める。\n展示で1号艇スタート超安定(0.134秒)→ヒモ固まり方向に注意'}",,,27.9,逃げ狙い,23.78,22.9,2,,,,,,,,,,,
2025-10-16,丸亀,12,5,上田健太,A1,33.33,5,,7.2362,11.7,88,50.9,0.1596,3.0094,,,0,低,121,0,ま0% 差ま0%,1 3113,0,86.3,1.471,0,0,0.0417,0.125,0,0.1337,0.048,0.1177,,,D,△,◎,0.2239,0.6005,0.2965,0.5692,S,81,0,◎1着固定 2-3着流し（5〜8点）,0.5777,"{'is_target': True, 'verdict': '参加推奨', 'max_combo_prob': 0.0696, 'est_top_odds': 19.2, 'circle_concentration': 73.5, 'eligible_count': 6, 'bet_adj': 2, 'reason': 'rel_win1=57.8%（本命度） / 最有力組み合わせ確率: 0.070（推定実オッズ?19倍） / 2着集中度: 上位2艇 73.5%（補正+0.04） / 総合判定確率: 0.110 / → ヒモ分散。1号艇1着固定で広めのヒモ流し推奨（買い目+2点）', 'tenji_trigger': '展示確認: ヒモ分散レース。1号艇伸び確認後、広めのヒモ流しを採用。穴ヒモ（5・6号艇）を積極的に含める。\n展示で1号艇スタート超安定(0.134秒)→ヒモ固まり方向に注意'}",,,27.9,逃げ狙い,23.78,22.9,2,,,,,,,,,,,
2025-10-16,丸亀,12,6,水谷理人,B1,42.11,6,,3.2582,3.8,50,35.4,0.1454,3.3021,,,0,低,64,0,-,134 33,0,57.6,1.2147,,,,,,0.0533,0.28,0.0267,,,C,,,0.275,0.569,,0.5692,S,81,0,◎1着固定 2-3着流し（5〜8点）,0.5777,"{'is_target': True, 'verdict': '参加推奨', 'max_combo_prob': 0.0696, 'est_top_odds': 19.2, 'circle_concentration': 73.5, 'eligible_count': 6, 'bet_adj': 2, 'reason': 'rel_win1=57.8%（本命度） / 最有力組み合わせ確率: 0.070（推定実オッズ?19倍） / 2着集中度: 上位2艇 73.5%（補正+0.04） / 総合判定確率: 0.110 / → ヒモ分散。1号艇1着固定で広めのヒモ流し推奨（買い目+2点）', 'tenji_trigger': '展示確認: ヒモ分散レース。1号艇伸び確認後、広めのヒモ流しを採用。穴ヒモ（5・6号艇）を積極的に含める。\n展示で1号艇スタート超安定(0.134秒)→ヒモ固まり方向に注意'}",,,27.9,逃げ狙い,23.78,22.9,2,,,,,,,,,,,
2025-10-19,丸亀,1,1,三好勇人,B1,38.71,1,◎,68.3552,,0,98.4,0.1275,1.877,,,0,低,88,0,逃1%,,0,86,1.0841,0.7333,,,,,0.0133,0.16,0.0533,◎,,C,△,,,0.6185,,0.7613,S,84,0,◎1着固定 2-3着流し（5〜8点）,0.5777,"{'is_target': True, 'verdict': '参加推奨', 'max_combo_prob': 0.0987, 'est_top_odds': 13.5, 'circle_concentration': 67.0, 'eligible_count': 6, 'bet_adj': 2, 'reason': 'rel_win1=68.4%（本命度） / 最有力組み合わせ確率: 0.099（推定実オッズ?14倍） / 2着集中度: 上位2艇 67.0%（補正+0.00） / 総合判定確率: 0.099 / → ヒモ分散。1号艇1着固定で広めのヒモ流し推奨（買い目+2点）', 'tenji_trigger': '展示確認: ヒモ分散レース。1号艇伸び確認後、広めのヒモ流しを採用。穴ヒモ（5・6号艇）を積極的に含める。\n展示で1号艇スタート超安定(0.128秒)→ヒモ固まり方向に注意'}",,,25.9,逃げ狙い,13.33,26,2,,,,,0,0,0.7559,0,,逃げ軸流し,A
2025-10-19,丸亀,1,2,大澤大夢,B1,39.29,2,○,7.532,31.4,100,53,0.1477,3.2121,,,0,低,103,0,-,,0,84.7,0.6847,0,0,0.037,0,0.037,0.1632,0.1421,0.1211,,,B,◎,,0.1016,0.644,,0.7613,S,84,0,◎1着固定 2-3着流し（5〜8点）,0.5777,"{'is_target': True, 'verdict': '参加推奨', 'max_combo_prob': 0.0987, 'est_top_odds': 13.5, 'circle_concentration': 67.0, 'eligible_count': 6, 'bet_adj': 2, 'reason': 'rel_win1=68.4%（本命度） / 最有力組み合わせ確率: 0.099（推定実オッズ?14倍） / 2着集中度: 上位2艇 67.0%（補正+0.00） / 総合判定確率: 0.099 / → ヒモ分散。1号艇1着固定で広めのヒモ流し推奨（買い目+2点）', 'tenji_trigger': '展示確認: ヒモ分散レース。1号艇伸び確認後、広めのヒモ流しを採用。穴ヒモ（5・6号艇）を積極的に含める。\n展示で1号艇スタート超安定(0.128秒)→ヒモ固まり方向に注意'}",,,25.9,逃げ狙い,13.33,26,2,,,,,,,,,,,
2025-10-19,丸亀,1,3,三原　司,B1,11.76,3,,10.4503,35.5,65,51.9,0.1794,3.9416,,,0,低,167,0,-,,0,32.7,0.8823,0,0,0.0571,0.0286,0,0.2452,0.2071,0.0571,,,E,○,,0.1151,0.624,,0.7613,S,84,0,◎1着固定 2-3着流し（5〜8点）,0.5777,"{'is_target': True, 'verdict': '参加推奨', 'max_combo_prob': 0.0987, 'est_top_odds': 13.5, 'circle_concentration': 67.0, 'eligible_count': 6, 'bet_adj': 2, 'reason': 'rel_win1=68.4%（本命度） / 最有力組み合わせ確率: 0.099（推定実オッズ?14倍） / 2着集中度: 上位2艇 67.0%（補正+0.00） / 総合判定確率: 0.099 / → ヒモ分散。1号艇1着固定で広めのヒモ流し推奨（買い目+2点）', 'tenji_trigger': '展示確認: ヒモ分散レース。1号艇伸び確認後、広めのヒモ流しを採用。穴ヒモ（5・6号艇）を積極的に含める。\n展示で1号艇スタート超安定(0.128秒)→ヒモ固まり方向に注意'}",,,25.9,逃げ狙い,13.33,26,2,,,,,,,,,,,
2025-10-19,丸亀,1,4,福田　理,B1,33.33,4,▲,10.1672,21.1,64,39,0.1454,2.9576,,,0,低,126,0,-,,0,80.7,1.3957,0,0,0.0345,0.0345,0,0.1446,0.4967,0.1446,,,D,,◎,0.2165,0.594,0.3952,0.7613,S,84,0,◎1着固定 2-3着流し（5〜8点）,0.5777,"{'is_target': True, 'verdict': '参加推奨', 'max_combo_prob': 0.0987, 'est_top_odds': 13.5, 'circle_concentration': 67.0, 'eligible_count': 6, 'bet_adj': 2, 'reason': 'rel_win1=68.4%（本命度） / 最有力組み合わせ確率: 0.099（推定実オッズ?14倍） / 2着集中度: 上位2艇 67.0%（補正+0.00） / 総合判定確率: 0.099 / → ヒモ分散。1号艇1着固定で広めのヒモ流し推奨（買い目+2点）', 'tenji_trigger': '展示確認: ヒモ分散レース。1号艇伸び確認後、広めのヒモ流しを採用。穴ヒモ（5・6号艇）を積極的に含める。\n展示で1号艇スタート超安定(0.128秒)→ヒモ固まり方向に注意'}",,,25.9,逃げ狙い,13.33,26,2,,,,,,,,,,,
2025-10-19,丸亀,1,5,岩永節也,B1,29.63,5,,2.3539,11.5,68,23.4,0.2006,4.7872,,,0,低,117,0,-,,0,27.6,1.559,,,,,,0.3647,0.2706,0.2471,,,D,△,,0.1384,0.5985,,0.7613,S,84,0,◎1着固定 2-3着流し（5〜8点）,0.5777,"{'is_target': True, 'verdict': '参加推奨', 'max_combo_prob': 0.0987, 'est_top_odds': 13.5, 'circle_concentration': 67.0, 'eligible_count': 6, 'bet_adj': 2, 'reason': 'rel_win1=68.4%（本命度） / 最有力組み合わせ確率: 0.099（推定実オッズ?14倍） / 2着集中度: 上位2艇 67.0%（補正+0.00） / 総合判定確率: 0.099 / → ヒモ分散。1号艇1着固定で広めのヒモ流し推奨（買い目+2点）', 'tenji_trigger': '展示確認: ヒモ分散レース。1号艇伸び確認後、広めのヒモ流しを採用。穴ヒモ（5・6号艇）を積極的に含める。\n展示で1号艇スタート超安定(0.128秒)→ヒモ固まり方向に注意'}",,,25.9,逃げ狙い,13.33,26,2,,,,,,,,,,,
2025-10-19,丸亀,1,6,山本凱立,B2,75.00,6,△,1.1413,0.4,14,0,0.2046,4.37,,,0,低,56,0,-,,0,27.6,0.6217,,,,,,,,,,,A,,,0.135,0.4725,,0.7613,S,84,0,◎1着固定 2-3着流し（5〜8点）,0.5777,"{'is_target': True, 'verdict': '参加推奨', 'max_combo_prob': 0.0987, 'est_top_odds': 13.5, 'circle_concentration': 67.0, 'eligible_count': 6, 'bet_adj': 2, 'reason': 'rel_win1=68.4%（本命度） / 最有力組み合わせ確率: 0.099（推定実オッズ?14倍） / 2着集中度: 上位2艇 67.0%（補正+0.00） / 総合判定確率: 0.099 / → ヒモ分散。1号艇1着固定で広めのヒモ流し推奨（買い目+2点）', 'tenji_trigger': '展示確認: ヒモ分散レース。1号艇伸び確認後、広めのヒモ流しを採用。穴ヒモ（5・6号艇）を積極的に含める。\n展示で1号艇スタート超安定(0.128秒)→ヒモ固まり方向に注意'}",,,25.9,逃げ狙い,13.33,26,2,,,,,,,,,,,
2025-10-19,丸亀,2,1,重富伸也,B1,26.67,1,◎,50.061,,0,80.6,0.1772,3.7361,,,0,低,124,0,逃0%,,0,81.8,1.0254,0.4615,,,,,0.0615,0,0.3231,△,,E,△,,,0.6085,,0.2986,A,65,0,◎-○軸 3着3〜4艇流し（10〜15点）,0.5777,"{'is_target': True, 'verdict': '点数絞り', 'max_combo_prob': 0.0853, 'est_top_odds': 15.6, 'circle_concentration': 79.2, 'eligible_count': 8, 'bet_adj': 0, 'reason': 'rel_win1=50.1%（本命度） / 最有力組み合わせ確率: 0.085（推定実オッズ?16倍） / 2着集中度: 上位2艇 79.2%（補正+0.04） / 総合判定確率: 0.125 / → ヒモはやや固め。上位2艇以外を切ること', 'tenji_trigger': '展示確認: 1号艇伸び良→そのまま採用。悪→飛び組に差し替え。circle_pct上位2艇に絞り込むこと。'}",,,31.6,逃げ狙い,12.77,28.5,3,2-1-3|1-2-3|1-2-4|1-3-2|1-3-4|1-5-3,5-1-6|6-1-3|2-1-3|6-1-4|5-1-3|5-6-1|6-4-1|1-2-3|1-2-4|1-3-2|1-3-4|1-5-3,2-1-3:3.07%|1-2-3:8.89%|1-2-4:7.46%|1-3-2:5.34%|1-3-4:5.06%|1-5-3:4.06%,2-1-3:B_main|1-2-3:A|1-2-4:A|1-3-2:A|1-3-4:A|1-5-3:A,6,12,0.4535,1,[!]見送り推奨（主役決まり手「差し」― 逃げ劣勢レースで的中実績なし）,荒れ広め,D
2025-10-19,丸亀,2,2,山下流心,B1,35.71,2,,10.2561,50.1,57,47.5,0.15,3.5508,,,0,低,117,0,-,,0,46.4,0.4684,0,0.0417,0,0,0,0.1571,0.0714,0.2286,,◎,C,○,,0.5578,0.6225,,0.2986,A,65,0,◎-○軸 3着3〜4艇流し（10〜15点）,0.5777,"{'is_target': True, 'verdict': '点数絞り', 'max_combo_prob': 0.0853, 'est_top_odds': 15.6, 'circle_concentration': 79.2, 'eligible_count': 8, 'bet_adj': 0, 'reason': 'rel_win1=50.1%（本命度） / 最有力組み合わせ確率: 0.085（推定実オッズ?16倍） / 2着集中度: 上位2艇 79.2%（補正+0.04） / 総合判定確率: 0.125 / → ヒモはやや固め。上位2艇以外を切ること', 'tenji_trigger': '展示確認: 1号艇伸び良→そのまま採用。悪→飛び組に差し替え。circle_pct上位2艇に絞り込むこと。'}",,,31.6,逃げ狙い,12.77,28.5,3,,,,,,,,,,,
2025-10-19,丸亀,2,3,末永由楽,A1,27.59,3,▲,23.0088,29.1,100,57.6,0.1478,2.6441,,,0,低,68,0,ま0% 差ま0% 抜0%,,0,82.1,1.464,0,0,0.0357,0.1071,0.0714,0.0824,0.1649,0.0716,,△,D,◎,,0.4503,0.6295,,0.2986,A,65,0,◎-○軸 3着3〜4艇流し（10〜15点）,0.5777,"{'is_target': True, 'verdict': '点数絞り', 'max_combo_prob': 0.0853, 'est_top_odds': 15.6, 'circle_concentration': 79.2, 'eligible_count': 8, 'bet_adj': 0, 'reason': 'rel_win1=50.1%（本命度） / 最有力組み合わせ確率: 0.085（推定実オッズ?16倍） / 2着集中度: 上位2艇 79.2%（補正+0.04） / 総合判定確率: 0.125 / → ヒモはやや固め。上位2艇以外を切ること', 'tenji_trigger': '展示確認: 1号艇伸び良→そのまま採用。悪→飛び組に差し替え。circle_pct上位2艇に絞り込むこと。'}",,,31.6,逃げ狙い,12.77,28.5,3,,,,,,,,,,,
2025-10-19,丸亀,2,4,花本　剛,B1,42.86,4,△,7.6144,9.3,88,41.1,0.1766,3.5268,,,0,低,176,0,-,,0,77,1.2704,0,0,0.0357,0,0,0.2077,0.1615,0.1769,,,B,,,0.285,0.5575,,0.2986,A,65,0,◎-○軸 3着3〜4艇流し（10〜15点）,0.5777,"{'is_target': True, 'verdict': '点数絞り', 'max_combo_prob': 0.0853, 'est_top_odds': 15.6, 'circle_concentration': 79.2, 'eligible_count': 8, 'bet_adj': 0, 'reason': 'rel_win1=50.1%（本命度） / 最有力組み合わせ確率: 0.085（推定実オッズ?16倍） / 2着集中度: 上位2艇 79.2%（補正+0.04） / 総合判定確率: 0.125 / → ヒモはやや固め。上位2艇以外を切ること', 'tenji_trigger': '展示確認: 1号艇伸び良→そのまま採用。悪→飛び組に差し替え。circle_pct上位2艇に絞り込むこと。'}",,,31.6,逃げ狙い,12.77,28.5,3,,,,,,,,,,,
2025-10-19,丸亀,2,5,藤原　駿,B2,40.74,5,○,7.7481,10.9,62,0,0.12,4,,,0,低,51,1,-,,0,28.9,0.8031,,,,,,,,,,○,C,,,0.4886,0.42,,0.2986,A,65,0,◎-○軸 3着3〜4艇流し（10〜15点）,0.5777,"{'is_target': True, 'verdict': '点数絞り', 'max_combo_prob': 0.0853, 'est_top_odds': 15.6, 'circle_concentration': 79.2, 'eligible_count': 8, 'bet_adj': 0, 'reason': 'rel_win1=50.1%（本命度） / 最有力組み合わせ確率: 0.085（推定実オッズ?16倍） / 2着集中度: 上位2艇 79.2%（補正+0.04） / 総合判定確率: 0.125 / → ヒモはやや固め。上位2艇以外を切ること', 'tenji_trigger': '展示確認: 1号艇伸び良→そのまま採用。悪→飛び組に差し替え。circle_pct上位2艇に絞り込むこと。'}",,,31.6,逃げ狙い,12.77,28.5,3,,,,,,,,,,,
2025-10-19,丸亀,2,6,中村守成,B1,59.38,6,,1.3117,0.6,44,5.8,0.186,4.5385,,,0,低,159,0,-,,0,42.7,0.7956,,,,,,0.08,0.289,0.123,,,A,△,,0.282,0.591,,0.2986,A,65,0,◎-○軸 3着3〜4艇流し（10〜15点）,0.5777,"{'is_target': True, 'verdict': '点数絞り', 'max_combo_prob': 0.0853, 'est_top_odds': 15.6, 'circle_concentration': 79.2, 'eligible_count': 8, 'bet_adj': 0, 'reason': 'rel_win1=50.1%（本命度） / 最有力組み合わせ確率: 0.085（推定実オッズ?16倍） / 2着集中度: 上位2艇 79.2%（補正+0.04） / 総合判定確率: 0.125 / → ヒモはやや固め。上位2艇以外を切ること', 'tenji_trigger': '展示確認: 1号艇伸び良→そのまま採用。悪→飛び組に差し替え。circle_pct上位2艇に絞り込むこと。'}",,,31.6,逃げ狙い,12.77,28.5,3,,,,,,,,,,,
2025-10-19,丸亀,3,1,宮野　仁,B1,52.94,1,◎,48.1012,,0,86.7,0.1716,3.8778,,,0,低,175,0,逃0%,,0,80.4,1.0807,0.4286,,,,,0.0571,0.0286,0.3143,△,,A,△,,,0.6005,,0.2918,A,72,0,◎-○軸 3着3〜4艇流し（10〜15点）,0.5777,"{'is_target': True, 'verdict': '参加推奨', 'max_combo_prob': 0.0637, 'est_top_odds': 20.9, 'circle_concentration': 71.4, 'eligible_count': 8, 'bet_adj': 2, 'reason': 'rel_win1=48.1%（本命度） / 最有力組み合わせ確率: 0.064（推定実オッズ?21倍） / 2着集中度: 上位2艇 71.4%（補正+0.04） / 総合判定確率: 0.104 / → ヒモ分散。1号艇1着固定で広めのヒモ流し推奨（買い目+2点）', 'tenji_trigger': '展示確認: ヒモ分散レース。1号艇伸び確認後、広めのヒモ流しを採用。穴ヒモ（5・6号艇）を積極的に含める。'}",,,28.7,逃げ狙い,19.41,28.9,3,1-2-3|1-2-5|1-2-6|1-3-5|1-3-6,2-1-3|4-1-3|2-1-5|4-3-1|2-1-4|2-3-1|4-1-2|1-2-3|1-2-5|1-2-6|1-3-5|1-3-6,1-2-3:6.72%|1-2-5:6.5%|1-2-6:5.46%|1-3-5:5.34%|1-3-6:4.49%,1-2-3:A|1-2-5:A|1-2-6:A|1-3-5:A|1-3-6:A,5,12,0.4535,1,[!]見送り推奨（主役決まり手「まくり」― 逃げ劣勢レースで的中実績なし）,荒れ広め,D
2025-10-19,丸亀,3,2,樋口喜彦,B1,47.83,2,▲,11.166,40.3,28,36.5,0.1648,3.7596,,,0,低,79,0,差0% ま0%,,0,21,0.6424,0,0.08,0.04,0,0,0.25,0.3333,0.0833,,○,A,,,0.3839,0.5805,,0.2918,A,72,0,◎-○軸 3着3〜4艇流し（10〜15点）,0.5777,"{'is_target': True, 'verdict': '参加推奨', 'max_combo_prob': 0.0637, 'est_top_odds': 20.9, 'circle_concentration': 71.4, 'eligible_count': 8, 'bet_adj': 2, 'reason': 'rel_win1=48.1%（本命度） / 最有力組み合わせ確率: 0.064（推定実オッズ?21倍） / 2着集中度: 上位2艇 71.4%（補正+0.04） / 総合判定確率: 0.104 / → ヒモ分散。1号艇1着固定で広めのヒモ流し推奨（買い目+2点）', 'tenji_trigger': '展示確認: ヒモ分散レース。1号艇伸び確認後、広めのヒモ流しを採用。穴ヒモ（5・6号艇）を積極的に含める。'}",,,28.7,逃げ狙い,19.41,28.9,3,,,,,,,,,,,
2025-10-19,丸亀,3,3,今泉友吾,A1,33.33,3,○,21.2907,31.2,82,77.8,0.16,3.4167,,,0,低,77,0,差ま0% 抜0%,,0,87.4,1.6681,0,0,0,0.1429,0.1429,0.0211,0.0211,0.3842,,△,C,◎,,0.3714,0.634,,0.2918,A,72,0,◎-○軸 3着3〜4艇流し（10〜15点）,0.5777,"{'is_target': True, 'verdict': '参加推奨', 'max_combo_prob': 0.0637, 'est_top_odds': 20.9, 'circle_concentration': 71.4, 'eligible_count': 8, 'bet_adj': 2, 'reason': 'rel_win1=48.1%（本命度） / 最有力組み合わせ確率: 0.064（推定実オッズ?21倍） / 2着集中度: 上位2艇 71.4%（補正+0.04） / 総合判定確率: 0.104 / → ヒモ分散。1号艇1着固定で広めのヒモ流し推奨（買い目+2点）', 'tenji_trigger': '展示確認: ヒモ分散レース。1号艇伸び確認後、広めのヒモ流しを採用。穴ヒモ（5・6号艇）を積極的に含める。'}",,,28.7,逃げ狙い,19.41,28.9,3,,,,,,,,,,,
2025-10-19,丸亀,3,4,森口和紀,B2,15.00,4,,5.6031,12.2,64,35.9,0.1759,3.7308,,,0,低,98,0,-,,0,39.5,0.734,,,,,,0,0.0923,0.1473,,,E,,,0.2931,0.5585,,0.2918,A,72,0,◎-○軸 3着3〜4艇流し（10〜15点）,0.5777,"{'is_target': True, 'verdict': '参加推奨', 'max_combo_prob': 0.0637, 'est_top_odds': 20.9, 'circle_concentration': 71.4, 'eligible_count': 8, 'bet_adj': 2, 'reason': 'rel_win1=48.1%（本命度） / 最有力組み合わせ確率: 0.064（推定実オッズ?21倍） / 2着集中度: 上位2艇 71.4%（補正+0.04） / 総合判定確率: 0.104 / → ヒモ分散。1号艇1着固定で広めのヒモ流し推奨（買い目+2点）', 'tenji_trigger': '展示確認: ヒモ分散レース。1号艇伸び確認後、広めのヒモ流しを採用。穴ヒモ（5・6号艇）を積極的に含める。'}",,,28.7,逃げ狙い,19.41,28.9,3,,,,,,,,,,,
2025-10-19,丸亀,3,5,石塚裕介,B1,35.48,5,△,8.363,14.8,100,44.2,0.16,3.9419,,,0,低,108,0,差ま0%,,0,76.4,1.3517,0,0,0,0.0769,0,0.1182,0.0545,0.1545,,,C,○,,0.3261,0.61,,0.2918,A,72,0,◎-○軸 3着3〜4艇流し（10〜15点）,0.5777,"{'is_target': True, 'verdict': '参加推奨', 'max_combo_prob': 0.0637, 'est_top_odds': 20.9, 'circle_concentration': 71.4, 'eligible_count': 8, 'bet_adj': 2, 'reason': 'rel_win1=48.1%（本命度） / 最有力組み合わせ確率: 0.064（推定実オッズ?21倍） / 2着集中度: 上位2艇 71.4%（補正+0.04） / 総合判定確率: 0.104 / → ヒモ分散。1号艇1着固定で広めのヒモ流し推奨（買い目+2点）', 'tenji_trigger': '展示確認: ヒモ分散レース。1号艇伸び確認後、広めのヒモ流しを採用。穴ヒモ（5・6号艇）を積極的に含める。'}",,,28.7,逃げ狙い,19.41,28.9,3,,,,,,,,,,,
2025-10-19,丸亀,3,6,向井田直,B1,27.27,6,,5.476,1.6,58,24.2,0.1318,3.1667,,,0,低,29,0,-,,0,32,0.8594,0,0,0.1176,0,0,,,,,◎,D,△,,0.4369,0.589,,0.2918,A,72,0,◎-○軸 3着3〜4艇流し（10〜15点）,0.5777,"{'is_target': True, 'verdict': '参加推奨', 'max_combo_prob': 0.0637, 'est_top_odds': 20.9, 'circle_concentration': 71.4, 'eligible_count': 8, 'bet_adj': 2, 'reason': 'rel_win1=48.1%（本命度） / 最有力組み合わせ確率: 0.064（推定実オッズ?21倍） / 2着集中度: 上位2艇 71.4%（補正+0.04） / 総合判定確率: 0.104 / → ヒモ分散。1号艇1着固定で広めのヒモ流し推奨（買い目+2点）', 'tenji_trigger': '展示確認: ヒモ分散レース。1号艇伸び確認後、広めのヒモ流しを採用。穴ヒモ（5・6号艇）を積極的に含める。'}",,,28.7,逃げ狙い,19.41,28.9,3,,,,,,,,,,,
2025-10-19,丸亀,4,1,山田和佐,B1,34.48,1,◎,47.4528,,0,77.3,0.1509,2.9545,,,0,低,130,0,逃0%,,0,75.7,0.8312,0.5,,,,,0.1769,0.0308,0.1923,◎,,C,△,,,0.5895,,0.4594,B,56,0,◎○△フォーメーション（15〜20点）,0.5777,"{'is_target': True, 'verdict': '参加推奨', 'max_combo_prob': 0.0568, 'est_top_odds': 23.5, 'circle_concentration': 68.6, 'eligible_count': 9, 'bet_adj': 2, 'reason': 'rel_win1=47.5%（本命度） / 最有力組み合わせ確率: 0.057（推定実オッズ?24倍） / 2着集中度: 上位2艇 68.6%（補正+0.00） / 総合判定確率: 0.057 / → ヒモ分散。1号艇1着固定で広めのヒモ流し推奨（買い目+2点）', 'tenji_trigger': '展示確認: ヒモ分散レース。1号艇伸び確認後、広めのヒモ流しを採用。穴ヒモ（5・6号艇）を積極的に含める。'}",,,28.7,両建て推奨,15.89,31.8,2,,,,,0,0,0.7559,0,,逃げ軸流し,A
2025-10-19,丸亀,4,2,星野太郎,B1,35.71,2,○,21.7914,37.8,79,67.8,0.1661,3.8983,,,0,低,157,0,抜1%,,0,64.9,1.0564,0,0.3,0,0,0.1,0.0333,0.0667,0.25,,,B,△,,0.2463,0.63,,0.4594,B,56,0,◎○△フォーメーション（15〜20点）,0.5777,"{'is_target': True, 'verdict': '参加推奨', 'max_combo_prob': 0.0568, 'est_top_odds': 23.5, 'circle_concentration': 68.6, 'eligible_count': 9, 'bet_adj': 2, 'reason': 'rel_win1=47.5%（本命度） / 最有力組み合わせ確率: 0.057（推定実オッズ?24倍） / 2着集中度: 上位2艇 68.6%（補正+0.00） / 総合判定確率: 0.057 / → ヒモ分散。1号艇1着固定で広めのヒモ流し推奨（買い目+2点）', 'tenji_trigger': '展示確認: ヒモ分散レース。1号艇伸び確認後、広めのヒモ流しを採用。穴ヒモ（5・6号艇）を積極的に含める。'}",,,28.7,両建て推奨,15.89,31.8,2,,,,,,,,,,,
2025-10-19,丸亀,4,3,藤田靖弘,A2,22.22,3,△,12.174,30.7,100,67.2,0.1469,2.8134,,,0,低,111,0,-,,0,66.6,1.1292,0,0,0.0556,0.0556,0,0.0533,0.115,0.0267,,,D,◎,,0.316,0.6755,,0.4594,B,56,0,◎○△フォーメーション（15〜20点）,0.5777,"{'is_target': True, 'verdict': '参加推奨', 'max_combo_prob': 0.0568, 'est_top_odds': 23.5, 'circle_concentration': 68.6, 'eligible_count': 9, 'bet_adj': 2, 'reason': 'rel_win1=47.5%（本命度） / 最有力組み合わせ確率: 0.057（推定実オッズ?24倍） / 2着集中度: 上位2艇 68.6%（補正+0.00） / 総合判定確率: 0.057 / → ヒモ分散。1号艇1着固定で広めのヒモ流し推奨（買い目+2点）', 'tenji_trigger': '展示確認: ヒモ分散レース。1号艇伸び確認後、広めのヒモ流しを採用。穴ヒモ（5・6号艇）を積極的に含める。'}",,,28.7,両建て推奨,15.89,31.8,2,,,,,,,,,,,
2025-10-19,丸亀,4,4,小林基樹,B1,21.05,4,,7.198,20.7,93,44,0.2232,4.96,,,0,低,167,0,ま0% 抜0%,,0,22.8,0.8953,0,0,0.0556,0,0.0556,0.2727,0.2727,0.0909,,,E,,,0.1199,0.5755,,0.4594,B,56,0,◎○△フォーメーション（15〜20点）,0.5777,"{'is_target': True, 'verdict': '参加推奨', 'max_combo_prob': 0.0568, 'est_top_odds': 23.5, 'circle_concentration': 68.6, 'eligible_count': 9, 'bet_adj': 2, 'reason': 'rel_win1=47.5%（本命度） / 最有力組み合わせ確率: 0.057（推定実オッズ?24倍） / 2着集中度: 上位2艇 68.6%（補正+0.00） / 総合判定確率: 0.057 / → ヒモ分散。1号艇1着固定で広めのヒモ流し推奨（買い目+2点）', 'tenji_trigger': '展示確認: ヒモ分散レース。1号艇伸び確認後、広めのヒモ流しを採用。穴ヒモ（5・6号艇）を積極的に含める。'}",,,28.7,両建て推奨,15.89,31.8,2,,,,,,,,,,,
2025-10-19,丸亀,4,5,深川真二,A1,26.32,5,,7.3174,9.8,68,,,,,,0,低,21,1,-,,0,,,,,,,,,,,,,D,○,◎,0.3174,0.6545,0.15,0.4594,B,56,0,◎○△フォーメーション（15〜20点）,0.5777,"{'is_target': True, 'verdict': '参加推奨', 'max_combo_prob': 0.0568, 'est_top_odds': 23.5, 'circle_concentration': 68.6, 'eligible_count': 9, 'bet_adj': 2, 'reason': 'rel_win1=47.5%（本命度） / 最有力組み合わせ確率: 0.057（推定実オッズ?24倍） / 2着集中度: 上位2艇 68.6%（補正+0.00） / 総合判定確率: 0.057 / → ヒモ分散。1号艇1着固定で広めのヒモ流し推奨（買い目+2点）', 'tenji_trigger': '展示確認: ヒモ分散レース。1号艇伸び確認後、広めのヒモ流しを採用。穴ヒモ（5・6号艇）を積極的に含める。'}",,,28.7,両建て推奨,15.89,31.8,2,,,,,,,,,,,
2025-10-19,丸亀,4,6,橋口真樹,B1,50.00,6,▲,4.0665,0.9,55,28.9,0.2256,4.5222,,,0,低,162,0,ま0%,,0,55.8,1.2142,0,0,0.0625,0,0,0.5833,0.2833,0.0667,,,A,,,0.1196,0.564,,0.4594,B,56,0,◎○△フォーメーション（15〜20点）,0.5777,"{'is_target': True, 'verdict': '参加推奨', 'max_combo_prob': 0.0568, 'est_top_odds': 23.5, 'circle_concentration': 68.6, 'eligible_count': 9, 'bet_adj': 2, 'reason': 'rel_win1=47.5%（本命度） / 最有力組み合わせ確率: 0.057（推定実オッズ?24倍） / 2着集中度: 上位2艇 68.6%（補正+0.00） / 総合判定確率: 0.057 / → ヒモ分散。1号艇1着固定で広めのヒモ流し推奨（買い目+2点）', 'tenji_trigger': '展示確認: ヒモ分散レース。1号艇伸び確認後、広めのヒモ流しを採用。穴ヒモ（5・6号艇）を積極的に含める。'}",,,28.7,両建て推奨,15.89,31.8,2,,,,,,,,,,,
2025-10-19,丸亀,5,1,山崎　祥,B1,45.16,1,◎,47.0857,,0,85.4,0.1746,3.9634,,,0,低,131,0,逃1%,,0,66,1.0634,0.6111,,,,,0.3238,0,0.0667,○,,C,△,,,0.5955,,0.3593,A,76,0,◎-○軸 3着3〜4艇流し（10〜15点）,0.5777,"{'is_target': True, 'verdict': '参加推奨', 'max_combo_prob': 0.0427, 'est_top_odds': 31.2, 'circle_concentration': 53.9, 'eligible_count': 8, 'bet_adj': 2, 'reason': 'rel_win1=47.1%（本命度） / 最有力組み合わせ確率: 0.043（推定実オッズ?31倍） / 2着集中度: 上位2艇 53.9%（補正-0.04） / 総合判定確率: 0.003 / → ヒモ分散。1号艇1着固定で広めのヒモ流し推奨（買い目+2点）', 'tenji_trigger': '展示確認: ヒモ分散レース。1号艇伸び確認後、広めのヒモ流しを採用。穴ヒモ（5・6号艇）を積極的に含める。'}",,,31.4,逃げ狙い,22.6,34,4,,,,,0,0,0.6155,0,,逃げ軸流し,A
2025-10-19,丸亀,5,2,多田有佑,B1,44.44,2,△,9.2356,21.7,96,39.6,0.1792,3.7075,,,0,低,170,0,-,,0,47.5,1.2112,0,0.05,0,0,0,0,0.2632,0.1579,,,C,,,0.2639,0.5565,,0.3593,A,76,0,◎-○軸 3着3〜4艇流し（10〜15点）,0.5777,"{'is_target': True, 'verdict': '参加推奨', 'max_combo_prob': 0.0427, 'est_top_odds': 31.2, 'circle_concentration': 53.9, 'eligible_count': 8, 'bet_adj': 2, 'reason': 'rel_win1=47.1%（本命度） / 最有力組み合わせ確率: 0.043（推定実オッズ?31倍） / 2着集中度: 上位2艇 53.9%（補正-0.04） / 総合判定確率: 0.003 / → ヒモ分散。1号艇1着固定で広めのヒモ流し推奨（買い目+2点）', 'tenji_trigger': '展示確認: ヒモ分散レース。1号艇伸び確認後、広めのヒモ流しを採用。穴ヒモ（5・6号艇）を積極的に含める。'}",,,31.4,逃げ狙い,22.6,34,4,,,,,,,,,,,
2025-10-19,丸亀,5,3,島田一生,B1,28.57,3,,6.6911,23.5,93,43.9,0.1768,4.0175,,,0,低,101,0,-,,0,95.3,2.0269,0,0,0.069,0,0,0.1905,0.2857,0.0476,,,E,,,0.2806,0.569,,0.3593,A,76,0,◎-○軸 3着3〜4艇流し（10〜15点）,0.5777,"{'is_target': True, 'verdict': '参加推奨', 'max_combo_prob': 0.0427, 'est_top_odds': 31.2, 'circle_concentration': 53.9, 'eligible_count': 8, 'bet_adj': 2, 'reason': 'rel_win1=47.1%（本命度） / 最有力組み合わせ確率: 0.043（推定実オッズ?31倍） / 2着集中度: 上位2艇 53.9%（補正-0.04） / 総合判定確率: 0.003 / → ヒモ分散。1号艇1着固定で広めのヒモ流し推奨（買い目+2点）', 'tenji_trigger': '展示確認: ヒモ分散レース。1号艇伸び確認後、広めのヒモ流しを採用。穴ヒモ（5・6号艇）を積極的に含める。'}",,,31.4,逃げ狙い,22.6,34,4,,,,,,,,,,,
2025-10-19,丸亀,5,4,古賀繁輝,A2,55.17,4,○,22.5579,22.8,100,82.9,0.1206,2.5143,,,0,低,54,0,ま0%,,0,59.6,1.2945,0,0.0625,0.1875,0.125,0,0,0.0308,0.0308,,◎,A,◎,◎,0.5081,0.664,0.551,0.3593,A,76,0,◎-○軸 3着3〜4艇流し（10〜15点）,0.5777,"{'is_target': True, 'verdict': '参加推奨', 'max_combo_prob': 0.0427, 'est_top_odds': 31.2, 'circle_concentration': 53.9, 'eligible_count': 8, 'bet_adj': 2, 'reason': 'rel_win1=47.1%（本命度） / 最有力組み合わせ確率: 0.043（推定実オッズ?31倍） / 2着集中度: 上位2艇 53.9%（補正-0.04） / 総合判定確率: 0.003 / → ヒモ分散。1号艇1着固定で広めのヒモ流し推奨（買い目+2点）', 'tenji_trigger': '展示確認: ヒモ分散レース。1号艇伸び確認後、広めのヒモ流しを採用。穴ヒモ（5・6号艇）を積極的に含める。'}",,,31.4,逃げ狙い,22.6,34,4,,,,,,,,,,,
2025-10-19,丸亀,5,5,船岡洋一,A1,23.81,5,,12.3127,30.4,61,73.2,0.1461,3.1585,,,0,低,67,0,差ま1%,,0,29.1,0.8343,0,0.05,0,0.15,0.05,0.0811,0.027,0.1081,,,E,△,○,0.3916,0.6315,0.4103,0.3593,A,76,0,◎-○軸 3着3〜4艇流し（10〜15点）,0.5777,"{'is_target': True, 'verdict': '参加推奨', 'max_combo_prob': 0.0427, 'est_top_odds': 31.2, 'circle_concentration': 53.9, 'eligible_count': 8, 'bet_adj': 2, 'reason': 'rel_win1=47.1%（本命度） / 最有力組み合わせ確率: 0.043（推定実オッズ?31倍） / 2着集中度: 上位2艇 53.9%（補正-0.04） / 総合判定確率: 0.003 / → ヒモ分散。1号艇1着固定で広めのヒモ流し推奨（買い目+2点）', 'tenji_trigger': '展示確認: ヒモ分散レース。1号艇伸び確認後、広めのヒモ流しを採用。穴ヒモ（5・6号艇）を積極的に含める。'}",,,31.4,逃げ狙い,22.6,34,4,,,,,,,,,,,
2025-10-19,丸亀,5,6,後藤　浩,B1,70.97,6,▲,2.117,1.6,46,23.8,0.18,3.7976,,,0,低,120,0,-,,0,36.7,1.0117,,,,,,0.0556,0.2222,0,,,A,○,,0.2936,0.6325,,0.3593,A,76,0,◎-○軸 3着3〜4艇流し（10〜15点）,0.5777,"{'is_target': True, 'verdict': '参加推奨', 'max_combo_prob': 0.0427, 'est_top_odds': 31.2, 'circle_concentration': 53.9, 'eligible_count': 8, 'bet_adj': 2, 'reason': 'rel_win1=47.1%（本命度） / 最有力組み合わせ確率: 0.043（推定実オッズ?31倍） / 2着集中度: 上位2艇 53.9%（補正-0.04） / 総合判定確率: 0.003 / → ヒモ分散。1号艇1着固定で広めのヒモ流し推奨（買い目+2点）', 'tenji_trigger': '展示確認: ヒモ分散レース。1号艇伸び確認後、広めのヒモ流しを採用。穴ヒモ（5・6号艇）を積極的に含める。'}",,,31.4,逃げ狙い,22.6,34,4,,,,,,,,,,,
2025-10-19,丸亀,6,1,渡邉　健,A2,41.94,1,◎,60.1495,,0,61,0.1637,3.0976,,,0,低,89,0,逃0%,,0,70.9,0.8622,0.4783,,,,,0.1304,0.1304,0.087,○,,C,△,,,0.589,,0.4238,B,57,0,◎○△フォーメーション（15〜20点）,0.5777,"{'is_target': True, 'verdict': '参加推奨', 'max_combo_prob': 0.0684, 'est_top_odds': 19.5, 'circle_concentration': 56.3, 'eligible_count': 9, 'bet_adj': 2, 'reason': 'rel_win1=60.1%（本命度） / 最有力組み合わせ確率: 0.068（推定実オッズ?20倍） / 2着集中度: 上位2艇 56.3%（補正+0.00） / 総合判定確率: 0.068 / → ヒモ分散。1号艇1着固定で広めのヒモ流し推奨（買い目+2点）', 'tenji_trigger': '展示確認: ヒモ分散レース。1号艇伸び確認後、広めのヒモ流しを採用。穴ヒモ（5・6号艇）を積極的に含める。'}",,,26.3,両建て推奨,8.4,31.4,4,,,,,0,0,0.6155,0,,逃げ軸流し,A
2025-10-19,丸亀,6,2,飯田庄吾,B1,40.91,2,,8.7061,26.7,83,37.7,0.1851,4.0797,,,0,低,145,0,-,,0,45,0.6691,0,0.037,0.037,0,0,0,0.2611,0.5833,,,C,△,,0.1128,0.6,,0.4238,B,57,0,◎○△フォーメーション（15〜20点）,0.5777,"{'is_target': True, 'verdict': '参加推奨', 'max_combo_prob': 0.0684, 'est_top_odds': 19.5, 'circle_concentration': 56.3, 'eligible_count': 9, 'bet_adj': 2, 'reason': 'rel_win1=60.1%（本命度） / 最有力組み合わせ確率: 0.068（推定実オッズ?20倍） / 2着集中度: 上位2艇 56.3%（補正+0.00） / 総合判定確率: 0.068 / → ヒモ分散。1号艇1着固定で広めのヒモ流し推奨（買い目+2点）', 'tenji_trigger': '展示確認: ヒモ分散レース。1号艇伸び確認後、広めのヒモ流しを採用。穴ヒモ（5・6号艇）を積極的に含める。'}",,,26.3,両建て推奨,8.4,31.4,4,,,,,,,,,,,
2025-10-19,丸亀,6,3,大澤大夢,B1,39.29,3,△,11.4583,29.7,70,51.7,0.1468,3.1,,,0,低,103,0,ま0%,,0,78.6,1.3283,0,0.0385,0.0385,0.0385,0,0.1632,0.1421,0.1211,,◎,D,◎,,0.3928,0.644,,0.4238,B,57,0,◎○△フォーメーション（15〜20点）,0.5777,"{'is_target': True, 'verdict': '参加推奨', 'max_combo_prob': 0.0684, 'est_top_odds': 19.5, 'circle_concentration': 56.3, 'eligible_count': 9, 'bet_adj': 2, 'reason': 'rel_win1=60.1%（本命度） / 最有力組み合わせ確率: 0.068（推定実オッズ?20倍） / 2着集中度: 上位2艇 56.3%（補正+0.00） / 総合判定確率: 0.068 / → ヒモ分散。1号艇1着固定で広めのヒモ流し推奨（買い目+2点）', 'tenji_trigger': '展示確認: ヒモ分散レース。1号艇伸び確認後、広めのヒモ流しを採用。穴ヒモ（5・6号艇）を積極的に含める。'}",,,26.3,両建て推奨,8.4,31.4,4,,,,,,,,,,,
2025-10-19,丸亀,6,4,竹間隆晟,A1,42.86,4,○,9.7026,25.5,100,61.3,0.1735,2.871,,,0,低,83,0,-,,0,51.9,0.8949,0,0,0.1053,0,0,0,0.12,0.08,,,B,,,0.2882,0.5415,,0.4238,B,57,0,◎○△フォーメーション（15〜20点）,0.5777,"{'is_target': True, 'verdict': '参加推奨', 'max_combo_prob': 0.0684, 'est_top_odds': 19.5, 'circle_concentration': 56.3, 'eligible_count': 9, 'bet_adj': 2, 'reason': 'rel_win1=60.1%（本命度） / 最有力組み合わせ確率: 0.068（推定実オッズ?20倍） / 2着集中度: 上位2艇 56.3%（補正+0.00） / 総合判定確率: 0.068 / → ヒモ分散。1号艇1着固定で広めのヒモ流し推奨（買い目+2点）', 'tenji_trigger': '展示確認: ヒモ分散レース。1号艇伸び確認後、広めのヒモ流しを採用。穴ヒモ（5・6号艇）を積極的に含める。'}",,,26.3,両建て推奨,8.4,31.4,4,,,,,,,,,,,
2025-10-19,丸亀,6,5,浜野孝志,A2,40.63,5,,8.5333,17.8,63,41.3,0.1568,3.2302,,,0,低,118,0,-,,0,24.1,0.791,0,0,0,0.04,0,0.2227,0.0485,0.1235,,,D,○,,0.3223,0.6235,,0.4238,B,57,0,◎○△フォーメーション（15〜20点）,0.5777,"{'is_target': True, 'verdict': '参加推奨', 'max_combo_prob': 0.0684, 'est_top_odds': 19.5, 'circle_concentration': 56.3, 'eligible_count': 9, 'bet_adj': 2, 'reason': 'rel_win1=60.1%（本命度） / 最有力組み合わせ確率: 0.068（推定実オッズ?20倍） / 2着集中度: 上位2艇 56.3%（補正+0.00） / 総合判定確率: 0.068 / → ヒモ分散。1号艇1着固定で広めのヒモ流し推奨（買い目+2点）', 'tenji_trigger': '展示確認: ヒモ分散レース。1号艇伸び確認後、広めのヒモ流しを採用。穴ヒモ（5・6号艇）を積極的に含める。'}",,,26.3,両建て推奨,8.4,31.4,4,,,,,,,,,,,
2025-10-19,丸亀,6,6,吉原快誓,B2,60.00,6,▲,1.4501,0.4,15,1.5,0.1972,4.2826,,,0,低,37,0,-,,0,24.1,0.5617,,,,,,,,,,,A,,,0.2267,0.5335,,0.4238,B,57,0,◎○△フォーメーション（15〜20点）,0.5777,"{'is_target': True, 'verdict': '参加推奨', 'max_combo_prob': 0.0684, 'est_top_odds': 19.5, 'circle_concentration': 56.3, 'eligible_count': 9, 'bet_adj': 2, 'reason': 'rel_win1=60.1%（本命度） / 最有力組み合わせ確率: 0.068（推定実オッズ?20倍） / 2着集中度: 上位2艇 56.3%（補正+0.00） / 総合判定確率: 0.068 / → ヒモ分散。1号艇1着固定で広めのヒモ流し推奨（買い目+2点）', 'tenji_trigger': '展示確認: ヒモ分散レース。1号艇伸び確認後、広めのヒモ流しを採用。穴ヒモ（5・6号艇）を積極的に含める。'}",,,26.3,両建て推奨,8.4,31.4,4,,,,,,,,,,,
2025-10-19,丸亀,7,1,木下大將,B1,48.28,1,◎,58.5008,,0,82,0.1382,2.53,,,0,低,82,0,逃1%,,0,85.6,1.0725,0.7895,,,,,0.1053,0.0526,0.0526,◎,,A,△,,,0.6535,,0.523,A,77,0,◎-○軸 3着3〜4艇流し（10〜15点）,0.5777,"{'is_target': True, 'verdict': '点数絞り', 'max_combo_prob': 0.1283, 'est_top_odds': 10.4, 'circle_concentration': 84.0, 'eligible_count': 8, 'bet_adj': 0, 'reason': 'rel_win1=58.5%（本命度） / 最有力組み合わせ確率: 0.128（推定実オッズ?10倍） / 2着集中度: 上位2艇 84.0%（補正+0.04） / 総合判定確率: 0.168 / → ヒモはやや固め。上位2艇以外を切ること', 'tenji_trigger': '展示確認: 1号艇伸び良→そのまま採用。悪→飛び組に差し替え。circle_pct上位2艇に絞り込むこと。\n展示で1号艇スタート超安定(0.138秒)→ヒモ固まり方向に注意'}",,,27.3,逃げ狙い,17.64,26.4,3,,,,,0,0,0.7559,0,,逃げ軸流し,A
2025-10-19,丸亀,7,2,石丸海渡,A1,34.48,2,○,14.9579,63.3,100,83.3,0.1231,2.2083,,,0,低,26,0,-,,0,73.7,0.7847,0,0.1053,0,0,0,0.0792,0.0125,0,,◎,C,◎,,0.4746,0.687,,0.523,A,77,0,◎-○軸 3着3〜4艇流し（10〜15点）,0.5777,"{'is_target': True, 'verdict': '点数絞り', 'max_combo_prob': 0.1283, 'est_top_odds': 10.4, 'circle_concentration': 84.0, 'eligible_count': 8, 'bet_adj': 0, 'reason': 'rel_win1=58.5%（本命度） / 最有力組み合わせ確率: 0.128（推定実オッズ?10倍） / 2着集中度: 上位2艇 84.0%（補正+0.04） / 総合判定確率: 0.168 / → ヒモはやや固め。上位2艇以外を切ること', 'tenji_trigger': '展示確認: 1号艇伸び良→そのまま採用。悪→飛び組に差し替え。circle_pct上位2艇に絞り込むこと。\n展示で1号艇スタート超安定(0.138秒)→ヒモ固まり方向に注意'}",,,27.3,逃げ狙い,17.64,26.4,3,,,,,,,,,,,
2025-10-19,丸亀,7,3,数原　魁,A2,15.79,3,,13.1392,20.7,97,60.9,0.1607,3.4783,,,0,低,104,0,差0% 差ま0%,,0,61.8,1.2012,0,0.0526,0,0.1053,0,0.0381,0.0762,0.2095,,,E,△,,0.1873,0.631,,0.523,A,77,0,◎-○軸 3着3〜4艇流し（10〜15点）,0.5777,"{'is_target': True, 'verdict': '点数絞り', 'max_combo_prob': 0.1283, 'est_top_odds': 10.4, 'circle_concentration': 84.0, 'eligible_count': 8, 'bet_adj': 0, 'reason': 'rel_win1=58.5%（本命度） / 最有力組み合わせ確率: 0.128（推定実オッズ?10倍） / 2着集中度: 上位2艇 84.0%（補正+0.04） / 総合判定確率: 0.168 / → ヒモはやや固め。上位2艇以外を切ること', 'tenji_trigger': '展示確認: 1号艇伸び良→そのまま採用。悪→飛び組に差し替え。circle_pct上位2艇に絞り込むこと。\n展示で1号艇スタート超安定(0.138秒)→ヒモ固まり方向に注意'}",,,27.3,逃げ狙い,17.64,26.4,3,,,,,,,,,,,
2025-10-19,丸亀,7,4,岩永節也,B1,29.63,4,,3.8959,7.6,77,23.6,0.1965,4.4727,,,0,低,117,0,-,,0,68.6,1.31,,,,,,0.3647,0.2706,0.2471,,,D,,,0.1364,0.5985,,0.523,A,77,0,◎-○軸 3着3〜4艇流し（10〜15点）,0.5777,"{'is_target': True, 'verdict': '点数絞り', 'max_combo_prob': 0.1283, 'est_top_odds': 10.4, 'circle_concentration': 84.0, 'eligible_count': 8, 'bet_adj': 0, 'reason': 'rel_win1=58.5%（本命度） / 最有力組み合わせ確率: 0.128（推定実オッズ?10倍） / 2着集中度: 上位2艇 84.0%（補正+0.04） / 総合判定確率: 0.168 / → ヒモはやや固め。上位2艇以外を切ること', 'tenji_trigger': '展示確認: 1号艇伸び良→そのまま採用。悪→飛び組に差し替え。circle_pct上位2艇に絞り込むこと。\n展示で1号艇スタート超安定(0.138秒)→ヒモ固まり方向に注意'}",,,27.3,逃げ狙い,17.64,26.4,3,,,,,,,,,,,
2025-10-19,丸亀,7,5,松下一也,A1,19.23,5,▲,8.3865,7.8,62,39.3,0.1297,2.2131,,,0,低,48,0,ま0% 差ま0% 抜0%,,0,40.1,1.2545,0,0,0.0741,0.037,0.037,0.1726,0.0211,0.0316,,,E,○,◎,0.3209,0.675,0.3972,0.523,A,77,0,◎-○軸 3着3〜4艇流し（10〜15点）,0.5777,"{'is_target': True, 'verdict': '点数絞り', 'max_combo_prob': 0.1283, 'est_top_odds': 10.4, 'circle_concentration': 84.0, 'eligible_count': 8, 'bet_adj': 0, 'reason': 'rel_win1=58.5%（本命度） / 最有力組み合わせ確率: 0.128（推定実オッズ?10倍） / 2着集中度: 上位2艇 84.0%（補正+0.04） / 総合判定確率: 0.168 / → ヒモはやや固め。上位2艇以外を切ること', 'tenji_trigger': '展示確認: 1号艇伸び良→そのまま採用。悪→飛び組に差し替え。circle_pct上位2艇に絞り込むこと。\n展示で1号艇スタート超安定(0.138秒)→ヒモ固まり方向に注意'}",,,27.3,逃げ狙い,17.64,26.4,3,,,,,,,,,,,
2025-10-19,丸亀,7,6,花本　剛,B1,42.86,6,△,1.1198,0.6,44,13.5,0.2338,5.1154,,,0,低,176,0,-,,0,28.8,0.65,,,,,,0.2077,0.1615,0.1769,,,B,,,0.137,0.5575,,0.523,A,77,0,◎-○軸 3着3〜4艇流し（10〜15点）,0.5777,"{'is_target': True, 'verdict': '点数絞り', 'max_combo_prob': 0.1283, 'est_top_odds': 10.4, 'circle_concentration': 84.0, 'eligible_count': 8, 'bet_adj': 0, 'reason': 'rel_win1=58.5%（本命度） / 最有力組み合わせ確率: 0.128（推定実オッズ?10倍） / 2着集中度: 上位2艇 84.0%（補正+0.04） / 総合判定確率: 0.168 / → ヒモはやや固め。上位2艇以外を切ること', 'tenji_trigger': '展示確認: 1号艇伸び良→そのまま採用。悪→飛び組に差し替え。circle_pct上位2艇に絞り込むこと。\n展示で1号艇スタート超安定(0.138秒)→ヒモ固まり方向に注意'}",,,27.3,逃げ狙い,17.64,26.4,3,,,,,,,,,,,
2025-10-19,丸亀,8,1,中澤和志,A1,15.79,1,◎,67.257,,0,93.8,0.1506,2.7923,,,0,低,46,0,逃1% 抜0%,,0,70.1,1.0403,0.5676,,,,,0.1099,0.1315,0.1207,◎,,E,◎,,,0.6735,,0.5967,S,89,0,◎1着固定 2-3着流し（5〜8点）,0.5777,"{'is_target': True, 'verdict': '点数絞り', 'max_combo_prob': 0.1521, 'est_top_odds': 8.8, 'circle_concentration': 85.7, 'eligible_count': 6, 'bet_adj': 0, 'reason': 'rel_win1=67.3%（本命度） / 最有力組み合わせ確率: 0.152（推定実オッズ?9倍） / 2着集中度: 上位2艇 85.7%（補正+0.04） / 総合判定確率: 0.192 / → ヒモはやや固め。上位2艇以外を切ること', 'tenji_trigger': '展示確認: 1号艇伸び良→そのまま採用。悪→飛び組に差し替え。circle_pct上位2艇に絞り込むこと。'}",,,26.9,逃げ狙い,12.44,29.8,2,,,,,0,0,0.7559,0,,逃げ軸流し,A
2025-10-19,丸亀,8,2,石田章央,A2,37.93,2,△,13.4847,62.6,74,68.5,0.1516,3.0342,,,0,低,127,0,-,,0,100,4.5721,0,0.1071,0,0,0,0.1022,0.0571,0.1022,,◎,C,○,,0.3305,0.652,,0.5967,S,89,0,◎1着固定 2-3着流し（5〜8点）,0.5777,"{'is_target': True, 'verdict': '点数絞り', 'max_combo_prob': 0.1521, 'est_top_odds': 8.8, 'circle_concentration': 85.7, 'eligible_count': 6, 'bet_adj': 0, 'reason': 'rel_win1=67.3%（本命度） / 最有力組み合わせ確率: 0.152（推定実オッズ?9倍） / 2着集中度: 上位2艇 85.7%（補正+0.04） / 総合判定確率: 0.192 / → ヒモはやや固め。上位2艇以外を切ること', 'tenji_trigger': '展示確認: 1号艇伸び良→そのまま採用。悪→飛び組に差し替え。circle_pct上位2艇に絞り込むこと。'}",,,26.9,逃げ狙い,12.44,29.8,2,,,,,,,,,,,
2025-10-19,丸亀,8,3,福田　理,B1,33.33,3,,6.6024,12.2,88,38.5,0.1771,4.0615,,,0,低,126,0,ま0%,,0,28.9,0.7619,0,0,0.0286,0.0286,0,0.1446,0.4967,0.1446,,,D,△,,0.1668,0.594,,0.5967,S,89,0,◎1着固定 2-3着流し（5〜8点）,0.5777,"{'is_target': True, 'verdict': '点数絞り', 'max_combo_prob': 0.1521, 'est_top_odds': 8.8, 'circle_concentration': 85.7, 'eligible_count': 6, 'bet_adj': 0, 'reason': 'rel_win1=67.3%（本命度） / 最有力組み合わせ確率: 0.152（推定実オッズ?9倍） / 2着集中度: 上位2艇 85.7%（補正+0.04） / 総合判定確率: 0.192 / → ヒモはやや固め。上位2艇以外を切ること', 'tenji_trigger': '展示確認: 1号艇伸び良→そのまま採用。悪→飛び組に差し替え。circle_pct上位2艇に絞り込むこと。'}",,,26.9,逃げ狙い,12.44,29.8,2,,,,,,,,,,,
2025-10-19,丸亀,8,4,荒川健太,A2,41.38,4,▲,8.737,23,75,55.1,0.1751,3.7536,,,0,低,145,0,-,,0,53.8,1.0991,0,0.0357,0,0.0714,0,0,0.1957,0.0108,,,B,△,◎,0.2151,0.5905,0.4024,0.5967,S,89,0,◎1着固定 2-3着流し（5〜8点）,0.5777,"{'is_target': True, 'verdict': '点数絞り', 'max_combo_prob': 0.1521, 'est_top_odds': 8.8, 'circle_concentration': 85.7, 'eligible_count': 6, 'bet_adj': 0, 'reason': 'rel_win1=67.3%（本命度） / 最有力組み合わせ確率: 0.152（推定実オッズ?9倍） / 2着集中度: 上位2艇 85.7%（補正+0.04） / 総合判定確率: 0.192 / → ヒモはやや固め。上位2艇以外を切ること', 'tenji_trigger': '展示確認: 1号艇伸び良→そのまま採用。悪→飛び組に差し替え。circle_pct上位2艇に絞り込むこと。'}",,,26.9,逃げ狙い,12.44,29.8,2,,,,,,,,,,,
2025-10-19,丸亀,8,5,樋口喜彦,B1,47.83,5,○,2.7947,1.8,100,26.9,0.1723,3.5481,,,0,低,79,0,-,,0,30.9,0.6298,0,0,0,0.0345,0,0.25,0.3333,0.0833,,,A,,,0.2322,0.5805,,0.5967,S,89,0,◎1着固定 2-3着流し（5〜8点）,0.5777,"{'is_target': True, 'verdict': '点数絞り', 'max_combo_prob': 0.1521, 'est_top_odds': 8.8, 'circle_concentration': 85.7, 'eligible_count': 6, 'bet_adj': 0, 'reason': 'rel_win1=67.3%（本命度） / 最有力組み合わせ確率: 0.152（推定実オッズ?9倍） / 2着集中度: 上位2艇 85.7%（補正+0.04） / 総合判定確率: 0.192 / → ヒモはやや固め。上位2艇以外を切ること', 'tenji_trigger': '展示確認: 1号艇伸び良→そのまま採用。悪→飛び組に差し替え。circle_pct上位2艇に絞り込むこと。'}",,,26.9,逃げ狙い,12.44,29.8,2,,,,,,,,,,,
2025-10-19,丸亀,8,6,藤原　駿,B2,40.74,6,,1.1243,0.3,14,1.2,0.2311,4.8214,,,0,低,51,0,-,,0,24.9,0.6331,,,,,,,,,,,C,,,0.1587,0.42,,0.5967,S,89,0,◎1着固定 2-3着流し（5〜8点）,0.5777,"{'is_target': True, 'verdict': '点数絞り', 'max_combo_prob': 0.1521, 'est_top_odds': 8.8, 'circle_concentration': 85.7, 'eligible_count': 6, 'bet_adj': 0, 'reason': 'rel_win1=67.3%（本命度） / 最有力組み合わせ確率: 0.152（推定実オッズ?9倍） / 2着集中度: 上位2艇 85.7%（補正+0.04） / 総合判定確率: 0.192 / → ヒモはやや固め。上位2艇以外を切ること', 'tenji_trigger': '展示確認: 1号艇伸び良→そのまま採用。悪→飛び組に差し替え。circle_pct上位2艇に絞り込むこと。'}",,,26.9,逃げ狙い,12.44,29.8,2,,,,,,,,,,,
2025-10-19,丸亀,9,1,藤田靖弘,A2,22.22,1,◎,57.4705,,0,84.1,0.1451,2.5,,,0,低,111,0,逃0%,,0,90.7,1.2312,0.6,,,,,0.0533,0.115,0.0267,◎,,D,◎,,,0.6755,,0.6483,A,72,0,◎-○軸 3着3〜4艇流し（10〜15点）,0.5777,"{'is_target': True, 'verdict': '点数絞り', 'max_combo_prob': 0.1177, 'est_top_odds': 11.3, 'circle_concentration': 77.9, 'eligible_count': 8, 'bet_adj': 0, 'reason': 'rel_win1=57.5%（本命度） / 最有力組み合わせ確率: 0.118（推定実オッズ?11倍） / 2着集中度: 上位2艇 77.9%（補正+0.04） / 総合判定確率: 0.158 / → ヒモはやや固め。上位2艇以外を切ること', 'tenji_trigger': '展示確認: 1号艇伸び良→そのまま採用。悪→飛び組に差し替え。circle_pct上位2艇に絞り込むこと。'}",,,26.8,逃げ狙い,16.68,25.9,2,,,,,0,0,0.7559,0,,逃げ軸流し,A
2025-10-19,丸亀,9,2,尾嶋一広,A1,37.93,2,○,20.3937,54.7,90,72.9,0.1653,3.9322,,,0,低,99,0,差0%,,0,60.9,1.1048,0,0.2667,0.0333,0,0,0.0541,0.0541,0.1081,,,A,○,,0.1661,0.6515,,0.6483,A,72,0,◎-○軸 3着3〜4艇流し（10〜15点）,0.5777,"{'is_target': True, 'verdict': '点数絞り', 'max_combo_prob': 0.1177, 'est_top_odds': 11.3, 'circle_concentration': 77.9, 'eligible_count': 8, 'bet_adj': 0, 'reason': 'rel_win1=57.5%（本命度） / 最有力組み合わせ確率: 0.118（推定実オッズ?11倍） / 2着集中度: 上位2艇 77.9%（補正+0.04） / 総合判定確率: 0.158 / → ヒモはやや固め。上位2艇以外を切ること', 'tenji_trigger': '展示確認: 1号艇伸び良→そのまま採用。悪→飛び組に差し替え。circle_pct上位2艇に絞り込むこと。'}",,,26.8,逃げ狙い,16.68,25.9,2,,,,,,,,,,,
2025-10-19,丸亀,9,3,重冨勇哉,B1,30.00,3,△,9.2329,23.2,71,49,0.1727,3.0816,,,0,低,99,0,-,,0,92.9,1.915,0,0.037,0,0.037,0,0.3242,0.0632,0.2042,,,C,,,0.1523,0.57,,0.6483,A,72,0,◎-○軸 3着3〜4艇流し（10〜15点）,0.5777,"{'is_target': True, 'verdict': '点数絞り', 'max_combo_prob': 0.1177, 'est_top_odds': 11.3, 'circle_concentration': 77.9, 'eligible_count': 8, 'bet_adj': 0, 'reason': 'rel_win1=57.5%（本命度） / 最有力組み合わせ確率: 0.118（推定実オッズ?11倍） / 2着集中度: 上位2艇 77.9%（補正+0.04） / 総合判定確率: 0.158 / → ヒモはやや固め。上位2艇以外を切ること', 'tenji_trigger': '展示確認: 1号艇伸び良→そのまま採用。悪→飛び組に差し替え。circle_pct上位2艇に絞り込むこと。'}",,,26.8,逃げ狙い,16.68,25.9,2,,,,,,,,,,,
2025-10-19,丸亀,9,4,山下流心,B1,35.71,4,▲,7.5403,13.7,100,49.2,0.1657,3.3525,,,0,低,117,0,-,,0,27.6,0.8034,0,0,0.0667,0,0,0.1571,0.0714,0.2286,,,B,△,◎,0.232,0.6225,0.3599,0.6483,A,72,0,◎-○軸 3着3〜4艇流し（10〜15点）,0.5777,"{'is_target': True, 'verdict': '点数絞り', 'max_combo_prob': 0.1177, 'est_top_odds': 11.3, 'circle_concentration': 77.9, 'eligible_count': 8, 'bet_adj': 0, 'reason': 'rel_win1=57.5%（本命度） / 最有力組み合わせ確率: 0.118（推定実オッズ?11倍） / 2着集中度: 上位2艇 77.9%（補正+0.04） / 総合判定確率: 0.158 / → ヒモはやや固め。上位2艇以外を切ること', 'tenji_trigger': '展示確認: 1号艇伸び良→そのまま採用。悪→飛び組に差し替え。circle_pct上位2艇に絞り込むこと。'}",,,26.8,逃げ狙い,16.68,25.9,2,,,,,,,,,,,
2025-10-19,丸亀,9,5,三原　司,B1,11.76,5,,2.8597,6.6,51,22.7,0.194,4.1333,,,0,低,167,0,-,,0,89.9,1.7448,,,,,,0.2452,0.2071,0.0571,,,E,△,,0.174,0.624,,0.6483,A,72,0,◎-○軸 3着3〜4艇流し（10〜15点）,0.5777,"{'is_target': True, 'verdict': '点数絞り', 'max_combo_prob': 0.1177, 'est_top_odds': 11.3, 'circle_concentration': 77.9, 'eligible_count': 8, 'bet_adj': 0, 'reason': 'rel_win1=57.5%（本命度） / 最有力組み合わせ確率: 0.118（推定実オッズ?11倍） / 2着集中度: 上位2艇 77.9%（補正+0.04） / 総合判定確率: 0.158 / → ヒモはやや固め。上位2艇以外を切ること', 'tenji_trigger': '展示確認: 1号艇伸び良→そのまま採用。悪→飛び組に差し替え。circle_pct上位2艇に絞り込むこと。'}",,,26.8,逃げ狙い,16.68,25.9,2,,,,,,,,,,,
2025-10-19,丸亀,9,6,石塚裕介,B1,35.48,6,,2.5029,1.8,45,16.7,0.2043,4.925,,,0,低,108,0,-,,0,45.5,1.425,0,0,0,0.04,0,0.1182,0.0545,0.1545,,,C,,,0.1226,0.61,,0.6483,A,72,0,◎-○軸 3着3〜4艇流し（10〜15点）,0.5777,"{'is_target': True, 'verdict': '点数絞り', 'max_combo_prob': 0.1177, 'est_top_odds': 11.3, 'circle_concentration': 77.9, 'eligible_count': 8, 'bet_adj': 0, 'reason': 'rel_win1=57.5%（本命度） / 最有力組み合わせ確率: 0.118（推定実オッズ?11倍） / 2着集中度: 上位2艇 77.9%（補正+0.04） / 総合判定確率: 0.158 / → ヒモはやや固め。上位2艇以外を切ること', 'tenji_trigger': '展示確認: 1号艇伸び良→そのまま採用。悪→飛び組に差し替え。circle_pct上位2艇に絞り込むこと。'}",,,26.8,逃げ狙い,16.68,25.9,2,,,,,,,,,,,
2025-10-19,丸亀,10,1,永田啓二,A1,35.71,1,◎,66.027,,0,96.2,0.1232,2.2356,,,0,低,50,0,逃0%,,0,82.8,1.0572,0.7333,,,,,0.2783,0.0089,0.0267,◎,,C,◎,,,0.688,,0.6939,S,100,0,◎1着固定 2-3着流し（5〜8点）,0.5777,"{'is_target': True, 'verdict': '参加推奨', 'max_combo_prob': 0.104, 'est_top_odds': 12.8, 'circle_concentration': 69.4, 'eligible_count': 6, 'bet_adj': 2, 'reason': 'rel_win1=66.0%（本命度） / 最有力組み合わせ確率: 0.104（推定実オッズ?13倍） / 2着集中度: 上位2艇 69.4%（補正+0.00） / 総合判定確率: 0.104 / → ヒモ分散。1号艇1着固定で広めのヒモ流し推奨（買い目+2点）', 'tenji_trigger': '展示確認: ヒモ分散レース。1号艇伸び確認後、広めのヒモ流しを採用。穴ヒモ（5・6号艇）を積極的に含める。\n展示で1号艇スタート超安定(0.123秒)→ヒモ固まり方向に注意'}",,,28,逃げ狙い,16.27,29.7,3,,,,,0,0,0.7559,0,,逃げ軸流し,A
2025-10-19,丸亀,10,2,浜野孝志,A2,40.63,2,△,8.5026,45.8,100,60.3,0.165,3.4853,,,0,低,118,0,-,,0,86.3,0.8598,0,0.0345,0,0,0.0345,0.2227,0.0485,0.1235,,,B,△,,0.0978,0.6235,,0.6939,S,100,0,◎1着固定 2-3着流し（5〜8点）,0.5777,"{'is_target': True, 'verdict': '参加推奨', 'max_combo_prob': 0.104, 'est_top_odds': 12.8, 'circle_concentration': 69.4, 'eligible_count': 6, 'bet_adj': 2, 'reason': 'rel_win1=66.0%（本命度） / 最有力組み合わせ確率: 0.104（推定実オッズ?13倍） / 2着集中度: 上位2艇 69.4%（補正+0.00） / 総合判定確率: 0.104 / → ヒモ分散。1号艇1着固定で広めのヒモ流し推奨（買い目+2点）', 'tenji_trigger': '展示確認: ヒモ分散レース。1号艇伸び確認後、広めのヒモ流しを採用。穴ヒモ（5・6号艇）を積極的に含める。\n展示で1号艇スタート超安定(0.123秒)→ヒモ固まり方向に注意'}",,,28,逃げ狙い,16.27,29.7,3,,,,,,,,,,,
2025-10-19,丸亀,10,3,山崎　祥,B1,45.16,3,○,13.7883,23.6,86,58.7,0.1707,3.3043,,,0,低,131,0,ま0% 差ま0%,,0,56.5,1.2119,0,0,0.1364,0.0909,0,0.3238,0,0.0667,,,B,△,,0.1575,0.5955,,0.6939,S,100,0,◎1着固定 2-3着流し（5〜8点）,0.5777,"{'is_target': True, 'verdict': '参加推奨', 'max_combo_prob': 0.104, 'est_top_odds': 12.8, 'circle_concentration': 69.4, 'eligible_count': 6, 'bet_adj': 2, 'reason': 'rel_win1=66.0%（本命度） / 最有力組み合わせ確率: 0.104（推定実オッズ?13倍） / 2着集中度: 上位2艇 69.4%（補正+0.00） / 総合判定確率: 0.104 / → ヒモ分散。1号艇1着固定で広めのヒモ流し推奨（買い目+2点）', 'tenji_trigger': '展示確認: ヒモ分散レース。1号艇伸び確認後、広めのヒモ流しを採用。穴ヒモ（5・6号艇）を積極的に含める。\n展示で1号艇スタート超安定(0.123秒)→ヒモ固まり方向に注意'}",,,28,逃げ狙い,16.27,29.7,3,,,,,,,,,,,
2025-10-19,丸亀,10,4,向井田直,B1,27.27,4,,5.9577,20.2,52,53.1,0.1247,2.3125,,,0,低,29,0,-,,0,49.7,0.973,,,,,,,,,,,D,,,0.3053,0.589,,0.6939,S,100,0,◎1着固定 2-3着流し（5〜8点）,0.5777,"{'is_target': True, 'verdict': '参加推奨', 'max_combo_prob': 0.104, 'est_top_odds': 12.8, 'circle_concentration': 69.4, 'eligible_count': 6, 'bet_adj': 2, 'reason': 'rel_win1=66.0%（本命度） / 最有力組み合わせ確率: 0.104（推定実オッズ?13倍） / 2着集中度: 上位2艇 69.4%（補正+0.00） / 総合判定確率: 0.104 / → ヒモ分散。1号艇1着固定で広めのヒモ流し推奨（買い目+2点）', 'tenji_trigger': '展示確認: ヒモ分散レース。1号艇伸び確認後、広めのヒモ流しを採用。穴ヒモ（5・6号艇）を積極的に含める。\n展示で1号艇スタート超安定(0.123秒)→ヒモ固まり方向に注意'}",,,28,逃げ狙い,16.27,29.7,3,,,,,,,,,,,
2025-10-19,丸亀,10,5,橋口真樹,B1,50.00,5,▲,3.2131,7.8,30,17,0.2071,3.9492,,,0,低,162,0,-,,0,27.8,0.7114,,,,,,0.5833,0.2833,0.0667,,,A,,,0.1363,0.564,,0.6939,S,100,0,◎1着固定 2-3着流し（5〜8点）,0.5777,"{'is_target': True, 'verdict': '参加推奨', 'max_combo_prob': 0.104, 'est_top_odds': 12.8, 'circle_concentration': 69.4, 'eligible_count': 6, 'bet_adj': 2, 'reason': 'rel_win1=66.0%（本命度） / 最有力組み合わせ確率: 0.104（推定実オッズ?13倍） / 2着集中度: 上位2艇 69.4%（補正+0.00） / 総合判定確率: 0.104 / → ヒモ分散。1号艇1着固定で広めのヒモ流し推奨（買い目+2点）', 'tenji_trigger': '展示確認: ヒモ分散レース。1号艇伸び確認後、広めのヒモ流しを採用。穴ヒモ（5・6号艇）を積極的に含める。\n展示で1号艇スタート超安定(0.123秒)→ヒモ固まり方向に注意'}",,,28,逃げ狙い,16.27,29.7,3,,,,,,,,,,,
2025-10-19,丸亀,10,6,森　悠稀,A2,17.39,6,,2.5114,2.6,82,39.6,0.1358,2.7292,,,0,低,62,0,ま0% 差ま0%,,0,36.9,1.5867,0,0,0.0435,0.0435,0,0.0552,0.0276,0.0552,,,E,○,,0.2478,0.6755,,0.6939,S,100,0,◎1着固定 2-3着流し（5〜8点）,0.5777,"{'is_target': True, 'verdict': '参加推奨', 'max_combo_prob': 0.104, 'est_top_odds': 12.8, 'circle_concentration': 69.4, 'eligible_count': 6, 'bet_adj': 2, 'reason': 'rel_win1=66.0%（本命度） / 最有力組み合わせ確率: 0.104（推定実オッズ?13倍） / 2着集中度: 上位2艇 69.4%（補正+0.00） / 総合判定確率: 0.104 / → ヒモ分散。1号艇1着固定で広めのヒモ流し推奨（買い目+2点）', 'tenji_trigger': '展示確認: ヒモ分散レース。1号艇伸び確認後、広めのヒモ流しを採用。穴ヒモ（5・6号艇）を積極的に含める。\n展示で1号艇スタート超安定(0.123秒)→ヒモ固まり方向に注意'}",,,28,逃げ狙い,16.27,29.7,3,,,,,,,,,,,
2025-10-19,丸亀,11,1,末永由楽,A1,27.59,1,◎,54.0402,,0,89.3,0.1231,2.48,,,0,低,68,0,逃1%,,0,65.9,0.9576,0.6216,,,,,0.0824,0.1649,0.0716,◎,,D,△,,,0.6295,,0.6132,A,72,0,◎-○軸 3着3〜4艇流し（10〜15点）,0.5777,"{'is_target': True, 'verdict': '参加推奨', 'max_combo_prob': 0.0716, 'est_top_odds': 18.6, 'circle_concentration': 69.9, 'eligible_count': 8, 'bet_adj': 2, 'reason': 'rel_win1=54.0%（本命度） / 最有力組み合わせ確率: 0.072（推定実オッズ?19倍） / 2着集中度: 上位2艇 69.9%（補正+0.00） / 総合判定確率: 0.072 / → ヒモ分散。1号艇1着固定で広めのヒモ流し推奨（買い目+2点）', 'tenji_trigger': '展示確認: ヒモ分散レース。1号艇伸び確認後、広めのヒモ流しを採用。穴ヒモ（5・6号艇）を積極的に含める。\n展示で1号艇スタート超安定(0.123秒)→ヒモ固まり方向に注意'}",,,24.8,逃げ狙い,23.81,28.4,4,,,,,0,0,0.7559,0,,逃げ軸流し,A
2025-10-19,丸亀,11,2,渡邉　健,A2,41.94,2,○,16.432,44.8,70,57.1,0.1335,2.8265,,,0,低,89,0,差0% ま0% 抜0%,,0,36.6,0.985,0,0.0345,0.069,0,0.0345,0.1304,0.1304,0.087,,,B,,,0.2189,0.589,,0.6132,A,72,0,◎-○軸 3着3〜4艇流し（10〜15点）,0.5777,"{'is_target': True, 'verdict': '参加推奨', 'max_combo_prob': 0.0716, 'est_top_odds': 18.6, 'circle_concentration': 69.9, 'eligible_count': 8, 'bet_adj': 2, 'reason': 'rel_win1=54.0%（本命度） / 最有力組み合わせ確率: 0.072（推定実オッズ?19倍） / 2着集中度: 上位2艇 69.9%（補正+0.00） / 総合判定確率: 0.072 / → ヒモ分散。1号艇1着固定で広めのヒモ流し推奨（買い目+2点）', 'tenji_trigger': '展示確認: ヒモ分散レース。1号艇伸び確認後、広めのヒモ流しを採用。穴ヒモ（5・6号艇）を積極的に含める。\n展示で1号艇スタート超安定(0.123秒)→ヒモ固まり方向に注意'}",,,24.8,逃げ狙い,23.81,28.4,4,,,,,,,,,,,
2025-10-19,丸亀,11,3,星野太郎,B1,35.71,3,△,9.9103,25.1,77,58.7,0.1613,3.8095,,,0,低,157,0,-,,0,87.3,1.6652,0,0,0,0.04,0.04,0.0333,0.0667,0.25,,,C,△,,0.1292,0.63,,0.6132,A,72,0,◎-○軸 3着3〜4艇流し（10〜15点）,0.5777,"{'is_target': True, 'verdict': '参加推奨', 'max_combo_prob': 0.0716, 'est_top_odds': 18.6, 'circle_concentration': 69.9, 'eligible_count': 8, 'bet_adj': 2, 'reason': 'rel_win1=54.0%（本命度） / 最有力組み合わせ確率: 0.072（推定実オッズ?19倍） / 2着集中度: 上位2艇 69.9%（補正+0.00） / 総合判定確率: 0.072 / → ヒモ分散。1号艇1着固定で広めのヒモ流し推奨（買い目+2点）', 'tenji_trigger': '展示確認: ヒモ分散レース。1号艇伸び確認後、広めのヒモ流しを採用。穴ヒモ（5・6号艇）を積極的に含める。\n展示で1号艇スタート超安定(0.123秒)→ヒモ固まり方向に注意'}",,,24.8,逃げ狙い,23.81,28.4,4,,,,,,,,,,,
2025-10-19,丸亀,11,4,松下一也,A1,19.23,4,,10.6703,18.6,89,63.6,0.1271,2.2727,,,0,低,48,0,ま0% 差ま0%,,0,68.9,1.3164,0,0,0.1364,0.0455,0,0.1726,0.0211,0.0316,,,E,◎,◎,0.3246,0.675,0.4355,0.6132,A,72,0,◎-○軸 3着3〜4艇流し（10〜15点）,0.5777,"{'is_target': True, 'verdict': '参加推奨', 'max_combo_prob': 0.0716, 'est_top_odds': 18.6, 'circle_concentration': 69.9, 'eligible_count': 8, 'bet_adj': 2, 'reason': 'rel_win1=54.0%（本命度） / 最有力組み合わせ確率: 0.072（推定実オッズ?19倍） / 2着集中度: 上位2艇 69.9%（補正+0.00） / 総合判定確率: 0.072 / → ヒモ分散。1号艇1着固定で広めのヒモ流し推奨（買い目+2点）', 'tenji_trigger': '展示確認: ヒモ分散レース。1号艇伸び確認後、広めのヒモ流しを採用。穴ヒモ（5・6号艇）を積極的に含める。\n展示で1号艇スタート超安定(0.123秒)→ヒモ固まり方向に注意'}",,,24.8,逃げ狙い,23.81,28.4,4,,,,,,,,,,,
2025-10-19,丸亀,11,5,森口和紀,B2,15.00,5,,4.1731,5.4,72,33.3,0.1755,3.2024,,,0,低,98,0,差ま0%,,0,35.8,0.9429,0,0,0,0.1111,0,0,0.0923,0.1473,,,E,,,0.1555,0.5585,,0.6132,A,72,0,◎-○軸 3着3〜4艇流し（10〜15点）,0.5777,"{'is_target': True, 'verdict': '参加推奨', 'max_combo_prob': 0.0716, 'est_top_odds': 18.6, 'circle_concentration': 69.9, 'eligible_count': 8, 'bet_adj': 2, 'reason': 'rel_win1=54.0%（本命度） / 最有力組み合わせ確率: 0.072（推定実オッズ?19倍） / 2着集中度: 上位2艇 69.9%（補正+0.00） / 総合判定確率: 0.072 / → ヒモ分散。1号艇1着固定で広めのヒモ流し推奨（買い目+2点）', 'tenji_trigger': '展示確認: ヒモ分散レース。1号艇伸び確認後、広めのヒモ流しを採用。穴ヒモ（5・6号艇）を積極的に含める。\n展示で1号艇スタート超安定(0.123秒)→ヒモ固まり方向に注意'}",,,24.8,逃げ狙い,23.81,28.4,4,,,,,,,,,,,
2025-10-19,丸亀,11,6,古賀繁輝,A2,55.17,6,▲,4.7741,6.1,100,60,0.16,3.75,,,0,低,54,0,-,,0,30,0.9278,0,0,0.1176,0.0588,0,0,0.0308,0.0308,,,A,○,○,0.2161,0.664,0.2704,0.6132,A,72,0,◎-○軸 3着3〜4艇流し（10〜15点）,0.5777,"{'is_target': True, 'verdict': '参加推奨', 'max_combo_prob': 0.0716, 'est_top_odds': 18.6, 'circle_concentration': 69.9, 'eligible_count': 8, 'bet_adj': 2, 'reason': 'rel_win1=54.0%（本命度） / 最有力組み合わせ確率: 0.072（推定実オッズ?19倍） / 2着集中度: 上位2艇 69.9%（補正+0.00） / 総合判定確率: 0.072 / → ヒモ分散。1号艇1着固定で広めのヒモ流し推奨（買い目+2点）', 'tenji_trigger': '展示確認: ヒモ分散レース。1号艇伸び確認後、広めのヒモ流しを採用。穴ヒモ（5・6号艇）を積極的に含める。\n展示で1号艇スタート超安定(0.123秒)→ヒモ固まり方向に注意'}",,,24.8,逃げ狙い,23.81,28.4,4,,,,,,,,,,,
2025-10-19,丸亀,12,1,深川真二,A1,26.32,1,◎,47.4381,,0,94.5,0.1223,2.6301,,,0,低,21,0,逃1%,,0,90.2,1.2268,0.7632,,,,,0.0105,0.1173,0.0211,◎,,D,△,,,0.6545,,0.6276,S,86,0,◎1着固定 2-3着流し（5〜8点）,0.5777,"{'is_target': True, 'verdict': '参加推奨', 'max_combo_prob': 0.0535, 'est_top_odds': 24.9, 'circle_concentration': 66.4, 'eligible_count': 6, 'bet_adj': 2, 'reason': 'rel_win1=47.4%（本命度） / 最有力組み合わせ確率: 0.054（推定実オッズ?25倍） / 2着集中度: 上位2艇 66.4%（補正+0.00） / 総合判定確率: 0.054 / → ヒモ分散。1号艇1着固定で広めのヒモ流し推奨（買い目+2点）', 'tenji_trigger': '展示確認: ヒモ分散レース。1号艇伸び確認後、広めのヒモ流しを採用。穴ヒモ（5・6号艇）を積極的に含める。\n展示で1号艇スタート超安定(0.122秒)→ヒモ固まり方向に注意'}",,,33.1,逃げ狙い,40.63,23.4,2,,,,,0,0,0.7559,0,,逃げ軸流し,A
2025-10-19,丸亀,12,2,船岡洋一,A1,23.81,2,△,16.0337,32.4,94,81,0.1481,3.1071,,,0,低,67,0,ま0%,,0,63.1,1.0309,0,0.2727,0.1364,0,0,0.0811,0.027,0.1081,,,D,,,0.1102,0.6315,,0.6276,S,86,0,◎1着固定 2-3着流し（5〜8点）,0.5777,"{'is_target': True, 'verdict': '参加推奨', 'max_combo_prob': 0.0535, 'est_top_odds': 24.9, 'circle_concentration': 66.4, 'eligible_count': 6, 'bet_adj': 2, 'reason': 'rel_win1=47.4%（本命度） / 最有力組み合わせ確率: 0.054（推定実オッズ?25倍） / 2着集中度: 上位2艇 66.4%（補正+0.00） / 総合判定確率: 0.054 / → ヒモ分散。1号艇1着固定で広めのヒモ流し推奨（買い目+2点）', 'tenji_trigger': '展示確認: ヒモ分散レース。1号艇伸び確認後、広めのヒモ流しを採用。穴ヒモ（5・6号艇）を積極的に含める。\n展示で1号艇スタート超安定(0.122秒)→ヒモ固まり方向に注意'}",,,33.1,逃げ狙い,40.63,23.4,2,,,,,,,,,,,
2025-10-19,丸亀,12,3,中澤和志,A1,15.79,3,,11.4911,34.1,69,86.5,0.1451,2.8784,,,0,低,46,0,ま0% 差ま0% 抜0%,,0,62.7,1.4767,0,0,0.2,0.1,0.05,0.1099,0.1315,0.1207,,,E,○,,0.2069,0.6735,,0.6276,S,86,0,◎1着固定 2-3着流し（5〜8点）,0.5777,"{'is_target': True, 'verdict': '参加推奨', 'max_combo_prob': 0.0535, 'est_top_odds': 24.9, 'circle_concentration': 66.4, 'eligible_count': 6, 'bet_adj': 2, 'reason': 'rel_win1=47.4%（本命度） / 最有力組み合わせ確率: 0.054（推定実オッズ?25倍） / 2着集中度: 上位2艇 66.4%（補正+0.00） / 総合判定確率: 0.054 / → ヒモ分散。1号艇1着固定で広めのヒモ流し推奨（買い目+2点）', 'tenji_trigger': '展示確認: ヒモ分散レース。1号艇伸び確認後、広めのヒモ流しを採用。穴ヒモ（5・6号艇）を積極的に含める。\n展示で1号艇スタート超安定(0.122秒)→ヒモ固まり方向に注意'}",,,33.1,逃げ狙い,40.63,23.4,2,,,,,,,,,,,
2025-10-19,丸亀,12,4,石丸海渡,A1,34.48,4,○,12.0892,17,100,70,0.1207,2.15,,,0,低,26,0,差0% ま0%,,0,31.9,0.9594,0,0.05,0.25,0,0,0.0792,0.0125,0,,,B,◎,◎,0.3485,0.687,0.452,0.6276,S,86,0,◎1着固定 2-3着流し（5〜8点）,0.5777,"{'is_target': True, 'verdict': '参加推奨', 'max_combo_prob': 0.0535, 'est_top_odds': 24.9, 'circle_concentration': 66.4, 'eligible_count': 6, 'bet_adj': 2, 'reason': 'rel_win1=47.4%（本命度） / 最有力組み合わせ確率: 0.054（推定実オッズ?25倍） / 2着集中度: 上位2艇 66.4%（補正+0.00） / 総合判定確率: 0.054 / → ヒモ分散。1号艇1着固定で広めのヒモ流し推奨（買い目+2点）', 'tenji_trigger': '展示確認: ヒモ分散レース。1号艇伸び確認後、広めのヒモ流しを採用。穴ヒモ（5・6号艇）を積極的に含める。\n展示で1号艇スタート超安定(0.122秒)→ヒモ固まり方向に注意'}",,,33.1,逃げ狙い,40.63,23.4,2,,,,,,,,,,,
2025-10-19,丸亀,12,5,今泉友吾,A1,33.33,5,,8.2616,14.5,66,59.5,0.1643,3.3571,,,0,低,77,0,差ま0%,,0,92.7,1.711,0,0,0,0.0769,0,0.0211,0.0211,0.3842,,,C,△,○,0.1513,0.634,0.2265,0.6276,S,86,0,◎1着固定 2-3着流し（5〜8点）,0.5777,"{'is_target': True, 'verdict': '参加推奨', 'max_combo_prob': 0.0535, 'est_top_odds': 24.9, 'circle_concentration': 66.4, 'eligible_count': 6, 'bet_adj': 2, 'reason': 'rel_win1=47.4%（本命度） / 最有力組み合わせ確率: 0.054（推定実オッズ?25倍） / 2着集中度: 上位2艇 66.4%（補正+0.00） / 総合判定確率: 0.054 / → ヒモ分散。1号艇1着固定で広めのヒモ流し推奨（買い目+2点）', 'tenji_trigger': '展示確認: ヒモ分散レース。1号艇伸び確認後、広めのヒモ流しを採用。穴ヒモ（5・6号艇）を積極的に含める。\n展示で1号艇スタート超安定(0.122秒)→ヒモ固まり方向に注意'}",,,33.1,逃げ狙い,40.63,23.4,2,,,,,,,,,,,
2025-10-19,丸亀,12,6,竹間隆晟,A1,42.86,6,▲,4.6862,2.1,52,32.5,0.1593,3.875,,,0,低,83,0,差0%,,0,35.5,1.4372,0,0.1053,0,0,0,0,0.12,0.08,,,A,,,0.178,0.5415,0.2117,0.6276,S,86,0,◎1着固定 2-3着流し（5〜8点）,0.5777,"{'is_target': True, 'verdict': '参加推奨', 'max_combo_prob': 0.0535, 'est_top_odds': 24.9, 'circle_concentration': 66.4, 'eligible_count': 6, 'bet_adj': 2, 'reason': 'rel_win1=47.4%（本命度） / 最有力組み合わせ確率: 0.054（推定実オッズ?25倍） / 2着集中度: 上位2艇 66.4%（補正+0.00） / 総合判定確率: 0.054 / → ヒモ分散。1号艇1着固定で広めのヒモ流し推奨（買い目+2点）', 'tenji_trigger': '展示確認: ヒモ分散レース。1号艇伸び確認後、広めのヒモ流しを採用。穴ヒモ（5・6号艇）を積極的に含める。\n展示で1号艇スタート超安定(0.122秒)→ヒモ固まり方向に注意'}",,,33.1,逃げ狙い,40.63,23.4,2,,,,,,,,,,,
2025-10-20,丸亀,1,1,多田有佑,B1,44.44,1,◎,57.8078,,0,65,0.1828,3.85,,,0,低,170,0,逃1%,5,0,76.3,0.8944,0.5263,,,,,0,0.2632,0.1579,○,,C,,,,0.5565,,0.3398,B,56,0,◎○△フォーメーション（15〜20点）,0.5777,"{'is_target': True, 'verdict': '参加推奨', 'max_combo_prob': 0.0706, 'est_top_odds': 18.9, 'circle_concentration': 63.1, 'eligible_count': 9, 'bet_adj': 2, 'reason': 'rel_win1=57.8%（本命度） / 最有力組み合わせ確率: 0.071（推定実オッズ?19倍） / 2着集中度: 上位2艇 63.1%（補正+0.00） / 総合判定確率: 0.071 / → ヒモ分散。1号艇1着固定で広めのヒモ流し推奨（買い目+2点）', 'tenji_trigger': '展示確認: ヒモ分散レース。1号艇伸び確認後、広めのヒモ流しを採用。穴ヒモ（5・6号艇）を積極的に含める。\n展示で1号艇スタート遅め(0.183秒)確認→ヒモが荒れやすい'}",,,27.1,両建て推奨,9.13,33,2,,,,,0,0,0.6155,0,,逃げ軸流し,A
2025-10-20,丸亀,1,2,後藤　浩,B1,70.97,2,○,13.7662,34.5,100,49.1,0.1846,4.2797,,,0,低,120,0,差0%,3,0,29.3,0.7445,0,0.0714,0,0,0,0.0556,0.2222,0,,,A,◎,,0.2972,0.6325,,0.3398,B,56,0,◎○△フォーメーション（15〜20点）,0.5777,"{'is_target': True, 'verdict': '参加推奨', 'max_combo_prob': 0.0706, 'est_top_odds': 18.9, 'circle_concentration': 63.1, 'eligible_count': 9, 'bet_adj': 2, 'reason': 'rel_win1=57.8%（本命度） / 最有力組み合わせ確率: 0.071（推定実オッズ?19倍） / 2着集中度: 上位2艇 63.1%（補正+0.00） / 総合判定確率: 0.071 / → ヒモ分散。1号艇1着固定で広めのヒモ流し推奨（買い目+2点）', 'tenji_trigger': '展示確認: ヒモ分散レース。1号艇伸び確認後、広めのヒモ流しを採用。穴ヒモ（5・6号艇）を積極的に含める。\n展示で1号艇スタート遅め(0.183秒)確認→ヒモが荒れやすい'}",,,27.1,両建て推奨,9.13,33,2,,,,,,,,,,,
2025-10-20,丸亀,1,3,中村守成,B1,59.38,3,,8.2168,28.6,92,37.5,0.1986,3.6607,,,0,低,159,0,差ま0%,2,0,19.2,0.7356,0,0,0,0.0435,0,0.08,0.289,0.123,,,B,△,,0.2057,0.591,,0.3398,B,56,0,◎○△フォーメーション（15〜20点）,0.5777,"{'is_target': True, 'verdict': '参加推奨', 'max_combo_prob': 0.0706, 'est_top_odds': 18.9, 'circle_concentration': 63.1, 'eligible_count': 9, 'bet_adj': 2, 'reason': 'rel_win1=57.8%（本命度） / 最有力組み合わせ確率: 0.071（推定実オッズ?19倍） / 2着集中度: 上位2艇 63.1%（補正+0.00） / 総合判定確率: 0.071 / → ヒモ分散。1号艇1着固定で広めのヒモ流し推奨（買い目+2点）', 'tenji_trigger': '展示確認: ヒモ分散レース。1号艇伸び確認後、広めのヒモ流しを採用。穴ヒモ（5・6号艇）を積極的に含める。\n展示で1号艇スタート遅め(0.183秒)確認→ヒモが荒れやすい'}",,,27.1,両建て推奨,9.13,33,2,,,,,,,,,,,
2025-10-20,丸亀,1,4,飯田庄吾,B1,40.91,4,△,9.3535,13.1,85,35.9,0.1743,3.8585,,,0,低,145,0,-,4,0,50.8,0.8436,0,0.0435,0.0435,0,0,0,0.2611,0.5833,,,D,△,,0.3213,0.6,,0.3398,B,56,0,◎○△フォーメーション（15〜20点）,0.5777,"{'is_target': True, 'verdict': '参加推奨', 'max_combo_prob': 0.0706, 'est_top_odds': 18.9, 'circle_concentration': 63.1, 'eligible_count': 9, 'bet_adj': 2, 'reason': 'rel_win1=57.8%（本命度） / 最有力組み合わせ確率: 0.071（推定実オッズ?19倍） / 2着集中度: 上位2艇 63.1%（補正+0.00） / 総合判定確率: 0.071 / → ヒモ分散。1号艇1着固定で広めのヒモ流し推奨（買い目+2点）', 'tenji_trigger': '展示確認: ヒモ分散レース。1号艇伸び確認後、広めのヒモ流しを採用。穴ヒモ（5・6号艇）を積極的に含める。\n展示で1号艇スタート遅め(0.183秒)確認→ヒモが荒れやすい'}",,,27.1,両建て推奨,9.13,33,2,,,,,,,,,,,
2025-10-20,丸亀,1,5,重富伸也,B1,26.67,5,,9.4378,23.3,67,39.2,0.1682,3.5784,,,0,低,124,0,ま0%,5,0,44.8,0.7521,0,0,0.1667,0.0417,0,0.0615,0,0.3231,,,E,○,◎,0.3717,0.6085,0.3078,0.3398,B,56,0,◎○△フォーメーション（15〜20点）,0.5777,"{'is_target': True, 'verdict': '参加推奨', 'max_combo_prob': 0.0706, 'est_top_odds': 18.9, 'circle_concentration': 63.1, 'eligible_count': 9, 'bet_adj': 2, 'reason': 'rel_win1=57.8%（本命度） / 最有力組み合わせ確率: 0.071（推定実オッズ?19倍） / 2着集中度: 上位2艇 63.1%（補正+0.00） / 総合判定確率: 0.071 / → ヒモ分散。1号艇1着固定で広めのヒモ流し推奨（買い目+2点）', 'tenji_trigger': '展示確認: ヒモ分散レース。1号艇伸び確認後、広めのヒモ流しを採用。穴ヒモ（5・6号艇）を積極的に含める。\n展示で1号艇スタート遅め(0.183秒)確認→ヒモが荒れやすい'}",,,27.1,両建て推奨,9.13,33,2,,,,,,,,,,,
2025-10-20,丸亀,1,6,吉原快誓,B2,60.00,6,▲,1.4179,0.5,16,1.5,0.1972,4.2826,,,0,低,37,0,-,6,0,24,0.5594,,,,,,,,,,,B,,,0.2627,0.5335,,0.3398,B,56,0,◎○△フォーメーション（15〜20点）,0.5777,"{'is_target': True, 'verdict': '参加推奨', 'max_combo_prob': 0.0706, 'est_top_odds': 18.9, 'circle_concentration': 63.1, 'eligible_count': 9, 'bet_adj': 2, 'reason': 'rel_win1=57.8%（本命度） / 最有力組み合わせ確率: 0.071（推定実オッズ?19倍） / 2着集中度: 上位2艇 63.1%（補正+0.00） / 総合判定確率: 0.071 / → ヒモ分散。1号艇1着固定で広めのヒモ流し推奨（買い目+2点）', 'tenji_trigger': '展示確認: ヒモ分散レース。1号艇伸び確認後、広めのヒモ流しを採用。穴ヒモ（5・6号艇）を積極的に含める。\n展示で1号艇スタート遅め(0.183秒)確認→ヒモが荒れやすい'}",,,27.1,両建て推奨,9.13,33,2,,,,,,,,,,,
2025-10-20,丸亀,2,1,岩永節也,B1,29.63,1,◎,41.9335,,0,64.7,0.1429,2.5882,,,0,低,117,0,逃0%,45,0,57.9,0.8299,0.1765,,,,,0.3647,0.2706,0.2471,○,,C,○,,,0.5985,,0.4344,C,42,0,荒れ傾向。高配当狙いか見送り,0.5777,"{'is_target': False, 'verdict': '対象外', 'max_combo_prob': None, 'est_top_odds': None, 'circle_concentration': None, 'eligible_count': 0, 'bet_adj': 0, 'reason': '1号艇rel_win1 < 45%: 通常判定に委ねる', 'tenji_trigger': ''}",,,33.7,両建て推奨,20.44,42.4,5,,,,,0,0,0.6155,0,,主役軸流し,B
2025-10-20,丸亀,2,2,島田一生,B1,28.57,2,△,11.1889,41.7,87,58.1,0.1627,3.7339,,,0,低,101,0,差0% 抜0%,6,0,46.1,0.9429,0,0.087,0,0,0.0435,0.1905,0.2857,0.0476,,,D,△,,0.1757,0.569,,0.4344,C,42,0,荒れ傾向。高配当狙いか見送り,0.5777,"{'is_target': False, 'verdict': '対象外', 'max_combo_prob': None, 'est_top_odds': None, 'circle_concentration': None, 'eligible_count': 0, 'bet_adj': 0, 'reason': '1号艇rel_win1 < 45%: 通常判定に委ねる', 'tenji_trigger': ''}",,,33.7,両建て推奨,20.44,42.4,5,,,,,,,,,,,
2025-10-20,丸亀,2,3,小林基樹,B1,21.05,3,,13.5875,26.6,100,51.9,0.1954,4.2404,,,0,低,167,0,-,4,0,15.2,0.5658,0,0,0,0.1579,0,0.2727,0.2727,0.0909,,,E,△,,0.1884,0.5755,,0.4344,C,42,0,荒れ傾向。高配当狙いか見送り,0.5777,"{'is_target': False, 'verdict': '対象外', 'max_combo_prob': None, 'est_top_odds': None, 'circle_concentration': None, 'eligible_count': 0, 'bet_adj': 0, 'reason': '1号艇rel_win1 < 45%: 通常判定に委ねる', 'tenji_trigger': ''}",,,33.7,両建て推奨,20.44,42.4,5,,,,,,,,,,,
2025-10-20,丸亀,2,4,石田章央,A2,37.93,4,○,20.9345,17.3,84,61.4,0.1525,3.1491,,,0,低,127,0,ま0% 差ま0%,5,0,91.9,1.6838,0,0,0.0833,0.0417,0,0.1022,0.0571,0.1022,,,B,◎,◎,0.2989,0.652,0.3931,0.4344,C,42,0,荒れ傾向。高配当狙いか見送り,0.5777,"{'is_target': False, 'verdict': '対象外', 'max_combo_prob': None, 'est_top_odds': None, 'circle_concentration': None, 'eligible_count': 0, 'bet_adj': 0, 'reason': '1号艇rel_win1 < 45%: 通常判定に委ねる', 'tenji_trigger': ''}",,,33.7,両建て推奨,20.44,42.4,5,,,,,,,,,,,
2025-10-20,丸亀,2,5,山本凱立,B2,75.00,5,▲,11.0286,9.6,70,33.3,0.17,3.3333,,,0,低,56,1,ま0%,6,0,63.6,1.1776,0,0,0.3333,0,0,,,,,,A,,,0.3361,0.4725,,0.4344,C,42,0,荒れ傾向。高配当狙いか見送り,0.5777,"{'is_target': False, 'verdict': '対象外', 'max_combo_prob': None, 'est_top_odds': None, 'circle_concentration': None, 'eligible_count': 0, 'bet_adj': 0, 'reason': '1号艇rel_win1 < 45%: 通常判定に委ねる', 'tenji_trigger': ''}",,,33.7,両建て推奨,20.44,42.4,5,,,,,,,,,,,
2025-10-20,丸亀,2,6,森口和紀,B2,15.00,6,,1.327,4.7,65,13.2,0.1947,3.6981,,,0,低,98,0,-,F3,0,26.6,0.5461,,,,,,0,0.0923,0.1473,,,E,,,0.177,0.5585,,0.4344,C,42,0,荒れ傾向。高配当狙いか見送り,0.5777,"{'is_target': False, 'verdict': '対象外', 'max_combo_prob': None, 'est_top_odds': None, 'circle_concentration': None, 'eligible_count': 0, 'bet_adj': 0, 'reason': '1号艇rel_win1 < 45%: 通常判定に委ねる', 'tenji_trigger': ''}",,,33.7,両建て推奨,20.44,42.4,5,,,,,,,,,,,
2025-10-20,丸亀,3,1,山下流心,B1,35.71,1,◎,47.1537,,0,65.9,0.1545,3.7045,,,0,低,117,0,逃0%,33,0,72.5,0.974,0.3214,,,,,0.1571,0.0714,0.2286,△,,C,○,,,0.6225,,0.3076,B,58,0,◎○△フォーメーション（15〜20点）,0.5777,"{'is_target': True, 'verdict': '参加推奨', 'max_combo_prob': 0.0677, 'est_top_odds': 19.7, 'circle_concentration': 64.7, 'eligible_count': 9, 'bet_adj': 2, 'reason': 'rel_win1=47.2%（本命度） / 最有力組み合わせ確率: 0.068（推定実オッズ?20倍） / 2着集中度: 上位2艇 64.7%（補正+0.00） / 総合判定確率: 0.068 / → ヒモ分散。1号艇1着固定で広めのヒモ流し推奨（買い目+2点）', 'tenji_trigger': '展示確認: ヒモ分散レース。1号艇伸び確認後、広めのヒモ流しを採用。穴ヒモ（5・6号艇）を積極的に含める。'}",,,28.1,両建て推奨,13.97,31.9,2,3-5-4|3-4-5|3-4-6|1-3-4|1-2-4|1-3-2|1-4-3|1-2-3,2-1-4|5-1-2|3-5-4|5-1-6|3-4-5|5-2-1|3-4-6|1-3-4|1-2-4|1-3-2|1-4-3|1-2-3,3-5-4:2.32%|3-4-5:1.88%|3-4-6:1.36%|1-3-4:7.36%|1-2-4:5.77%|1-3-2:4.27%|1-4-3:4.15%|1-2-3:3.94%,3-5-4:B_main|3-4-5:B_main|3-4-6:B_main|1-3-4:A|1-2-4:A|1-3-2:A|1-4-3:A|1-2-3:A,8,12,0.4535,1,[!]見送り推奨（主役決まり手「まくり」― 逃げ劣勢レースで的中実績なし）,荒れ広め,D
2025-10-20,丸亀,3,2,山崎　祥,B1,45.16,2,▲,14.2493,31.7,56,49,0.1973,4.5714,,,0,低,131,0,抜0%,44,0,68.2,0.8471,0,0,0,0,0.04,0.3238,0,0.0667,,,A,,,0.1011,0.5955,,0.3076,B,58,0,◎○△フォーメーション（15〜20点）,0.5777,"{'is_target': True, 'verdict': '参加推奨', 'max_combo_prob': 0.0677, 'est_top_odds': 19.7, 'circle_concentration': 64.7, 'eligible_count': 9, 'bet_adj': 2, 'reason': 'rel_win1=47.2%（本命度） / 最有力組み合わせ確率: 0.068（推定実オッズ?20倍） / 2着集中度: 上位2艇 64.7%（補正+0.00） / 総合判定確率: 0.068 / → ヒモ分散。1号艇1着固定で広めのヒモ流し推奨（買い目+2点）', 'tenji_trigger': '展示確認: ヒモ分散レース。1号艇伸び確認後、広めのヒモ流しを採用。穴ヒモ（5・6号艇）を積極的に含める。'}",,,28.1,両建て推奨,13.97,31.9,2,,,,,,,,,,,
2025-10-20,丸亀,3,3,三好勇人,B1,38.71,3,○,17.7795,33,74,62.9,0.1374,2.7823,,,0,低,88,0,-,1,0,40.8,0.9967,0,0.0357,0.0357,0.0357,0.0357,0.0133,0.16,0.0533,,◎,C,△,,0.3856,0.6185,,0.3076,B,58,0,◎○△フォーメーション（15〜20点）,0.5777,"{'is_target': True, 'verdict': '参加推奨', 'max_combo_prob': 0.0677, 'est_top_odds': 19.7, 'circle_concentration': 64.7, 'eligible_count': 9, 'bet_adj': 2, 'reason': 'rel_win1=47.2%（本命度） / 最有力組み合わせ確率: 0.068（推定実オッズ?20倍） / 2着集中度: 上位2艇 64.7%（補正+0.00） / 総合判定確率: 0.068 / → ヒモ分散。1号艇1着固定で広めのヒモ流し推奨（買い目+2点）', 'tenji_trigger': '展示確認: ヒモ分散レース。1号艇伸び確認後、広めのヒモ流しを採用。穴ヒモ（5・6号艇）を積極的に含める。'}",,,28.1,両建て推奨,13.97,31.9,2,,,,,,,,,,,
2025-10-20,丸亀,3,4,末永由楽,A1,27.59,4,,12.5351,24.1,100,70.3,0.1375,3.2656,,,0,低,68,0,ま0%,11,0,86.1,1.4713,0,0,0.0714,0,0,0.0824,0.1649,0.0716,,,E,◎,◎,0.3729,0.6295,0.4406,0.3076,B,58,0,◎○△フォーメーション（15〜20点）,0.5777,"{'is_target': True, 'verdict': '参加推奨', 'max_combo_prob': 0.0677, 'est_top_odds': 19.7, 'circle_concentration': 64.7, 'eligible_count': 9, 'bet_adj': 2, 'reason': 'rel_win1=47.2%（本命度） / 最有力組み合わせ確率: 0.068（推定実オッズ?20倍） / 2着集中度: 上位2艇 64.7%（補正+0.00） / 総合判定確率: 0.068 / → ヒモ分散。1号艇1着固定で広めのヒモ流し推奨（買い目+2点）', 'tenji_trigger': '展示確認: ヒモ分散レース。1号艇伸び確認後、広めのヒモ流しを採用。穴ヒモ（5・6号艇）を積極的に含める。'}",,,28.1,両建て推奨,13.97,31.9,2,,,,,,,,,,,
2025-10-20,丸亀,3,5,渡邉　健,A2,41.94,5,△,6.0686,9.6,35,26.9,0.175,3.5,,,0,低,89,0,ま0%,12,0,39.5,0.8519,0,0,0.0455,0,0,0.1304,0.1304,0.087,,,B,,,0.2326,0.589,,0.3076,B,58,0,◎○△フォーメーション（15〜20点）,0.5777,"{'is_target': True, 'verdict': '参加推奨', 'max_combo_prob': 0.0677, 'est_top_odds': 19.7, 'circle_concentration': 64.7, 'eligible_count': 9, 'bet_adj': 2, 'reason': 'rel_win1=47.2%（本命度） / 最有力組み合わせ確率: 0.068（推定実オッズ?20倍） / 2着集中度: 上位2艇 64.7%（補正+0.00） / 総合判定確率: 0.068 / → ヒモ分散。1号艇1着固定で広めのヒモ流し推奨（買い目+2点）', 'tenji_trigger': '展示確認: ヒモ分散レース。1号艇伸び確認後、広めのヒモ流しを採用。穴ヒモ（5・6号艇）を積極的に含める。'}",,,28.1,両建て推奨,13.97,31.9,2,,,,,,,,,,,
2025-10-20,丸亀,3,6,石塚裕介,B1,35.48,6,,2.2137,1.6,39,16.7,0.2043,4.925,,,0,低,108,0,-,F6,0,27.6,1.3939,0,0,0,0.04,0,0.1182,0.0545,0.1545,,,D,△,,0.1358,0.61,,0.3076,B,58,0,◎○△フォーメーション（15〜20点）,0.5777,"{'is_target': True, 'verdict': '参加推奨', 'max_combo_prob': 0.0677, 'est_top_odds': 19.7, 'circle_concentration': 64.7, 'eligible_count': 9, 'bet_adj': 2, 'reason': 'rel_win1=47.2%（本命度） / 最有力組み合わせ確率: 0.068（推定実オッズ?20倍） / 2着集中度: 上位2艇 64.7%（補正+0.00） / 総合判定確率: 0.068 / → ヒモ分散。1号艇1着固定で広めのヒモ流し推奨（買い目+2点）', 'tenji_trigger': '展示確認: ヒモ分散レース。1号艇伸び確認後、広めのヒモ流しを採用。穴ヒモ（5・6号艇）を積極的に含める。'}",,,28.1,両建て推奨,13.97,31.9,2,,,,,,,,,,,
2025-10-20,丸亀,4,1,星野太郎,B1,35.71,1,◎,54.1396,,0,88.4,0.1491,3.0507,,,0,低,157,0,逃1%,14,0,63.2,0.95,0.5,,,,,0.0333,0.0667,0.25,◎,,C,△,,,0.63,,0.5485,S,88,0,◎1着固定 2-3着流し（5〜8点）,0.5777,"{'is_target': True, 'verdict': '点数絞り', 'max_combo_prob': 0.082, 'est_top_odds': 16.3, 'circle_concentration': 72.3, 'eligible_count': 6, 'bet_adj': 0, 'reason': 'rel_win1=54.1%（本命度） / 最有力組み合わせ確率: 0.082（推定実オッズ?16倍） / 2着集中度: 上位2艇 72.3%（補正+0.04） / 総合判定確率: 0.122 / → ヒモはやや固め。上位2艇以外を切ること', 'tenji_trigger': '展示確認: 1号艇伸び良→そのまま採用。悪→飛び組に差し替え。circle_pct上位2艇に絞り込むこと。'}",,,27.3,逃げ狙い,16.87,27,5,,,,,0,0,0.7559,0,,逃げ軸流し,A
2025-10-20,丸亀,4,2,数原　魁,A2,15.79,2,,12.1249,29.4,80,58.2,0.1665,3.4364,,,0,低,104,0,-,2,0,100,0.5597,0,0.1111,0.0741,0,0.037,0.0381,0.0762,0.2095,,,E,△,,0.1549,0.631,,0.5485,S,88,0,◎1着固定 2-3着流し（5〜8点）,0.5777,"{'is_target': True, 'verdict': '点数絞り', 'max_combo_prob': 0.082, 'est_top_odds': 16.3, 'circle_concentration': 72.3, 'eligible_count': 6, 'bet_adj': 0, 'reason': 'rel_win1=54.1%（本命度） / 最有力組み合わせ確率: 0.082（推定実オッズ?16倍） / 2着集中度: 上位2艇 72.3%（補正+0.04） / 総合判定確率: 0.122 / → ヒモはやや固め。上位2艇以外を切ること', 'tenji_trigger': '展示確認: 1号艇伸び良→そのまま採用。悪→飛び組に差し替え。circle_pct上位2艇に絞り込むこと。'}",,,27.3,逃げ狙い,16.87,27,5,,,,,,,,,,,
2025-10-20,丸亀,4,3,木下大將,B1,48.28,3,○,11.7615,42.8,49,62,0.1512,3.44,,,0,低,82,0,ま0% 差ま0%,1,0,52.2,1.1798,0,0,0.0417,0.0417,0,0.1053,0.0526,0.0526,,,A,○,,0.2831,0.6535,,0.5485,S,88,0,◎1着固定 2-3着流し（5〜8点）,0.5777,"{'is_target': True, 'verdict': '点数絞り', 'max_combo_prob': 0.082, 'est_top_odds': 16.3, 'circle_concentration': 72.3, 'eligible_count': 6, 'bet_adj': 0, 'reason': 'rel_win1=54.1%（本命度） / 最有力組み合わせ確率: 0.082（推定実オッズ?16倍） / 2着集中度: 上位2艇 72.3%（補正+0.04） / 総合判定確率: 0.122 / → ヒモはやや固め。上位2艇以外を切ること', 'tenji_trigger': '展示確認: 1号艇伸び良→そのまま採用。悪→飛び組に差し替え。circle_pct上位2艇に絞り込むこと。'}",,,27.3,逃げ狙い,16.87,27,5,,,,,,,,,,,
2025-10-20,丸亀,4,4,山田和佐,B1,34.48,4,,6.6922,10.5,91,41.2,0.1904,3.9216,,,0,低,130,0,-,5,0,38.3,0.887,0,0,0.0333,0,0.0333,0.1769,0.0308,0.1923,,,C,,,0.1332,0.5895,,0.5485,S,88,0,◎1着固定 2-3着流し（5〜8点）,0.5777,"{'is_target': True, 'verdict': '点数絞り', 'max_combo_prob': 0.082, 'est_top_odds': 16.3, 'circle_concentration': 72.3, 'eligible_count': 6, 'bet_adj': 0, 'reason': 'rel_win1=54.1%（本命度） / 最有力組み合わせ確率: 0.082（推定実オッズ?16倍） / 2着集中度: 上位2艇 72.3%（補正+0.04） / 総合判定確率: 0.122 / → ヒモはやや固め。上位2艇以外を切ること', 'tenji_trigger': '展示確認: 1号艇伸び良→そのまま採用。悪→飛び組に差し替え。circle_pct上位2艇に絞り込むこと。'}",,,27.3,逃げ狙い,16.87,27,5,,,,,,,,,,,
2025-10-20,丸亀,4,5,中澤和志,A1,15.79,5,▲,14.2813,16.9,100,71,0.1366,2.6184,,,0,低,46,0,ま0% 差ま0%,12,0,24.2,2.2107,0,0,0.0435,0.1304,0,0.1099,0.1315,0.1207,,,E,◎,◎,0.3574,0.6735,0.5073,0.5485,S,88,0,◎1着固定 2-3着流し（5〜8点）,0.5777,"{'is_target': True, 'verdict': '点数絞り', 'max_combo_prob': 0.082, 'est_top_odds': 16.3, 'circle_concentration': 72.3, 'eligible_count': 6, 'bet_adj': 0, 'reason': 'rel_win1=54.1%（本命度） / 最有力組み合わせ確率: 0.082（推定実オッズ?16倍） / 2着集中度: 上位2艇 72.3%（補正+0.04） / 総合判定確率: 0.122 / → ヒモはやや固め。上位2艇以外を切ること', 'tenji_trigger': '展示確認: 1号艇伸び良→そのまま採用。悪→飛び組に差し替え。circle_pct上位2艇に絞り込むこと。'}",,,27.3,逃げ狙い,16.87,27,5,,,,,,,,,,,
2025-10-20,丸亀,4,6,藤原　駿,B2,40.74,6,△,1.0006,0.3,12,1.2,0.2311,4.8214,,,0,低,51,0,-,66,0,24.2,0.6306,,,,,,,,,,,B,,,0.1458,0.42,,0.5485,S,88,0,◎1着固定 2-3着流し（5〜8点）,0.5777,"{'is_target': True, 'verdict': '点数絞り', 'max_combo_prob': 0.082, 'est_top_odds': 16.3, 'circle_concentration': 72.3, 'eligible_count': 6, 'bet_adj': 0, 'reason': 'rel_win1=54.1%（本命度） / 最有力組み合わせ確率: 0.082（推定実オッズ?16倍） / 2着集中度: 上位2艇 72.3%（補正+0.04） / 総合判定確率: 0.122 / → ヒモはやや固め。上位2艇以外を切ること', 'tenji_trigger': '展示確認: 1号艇伸び良→そのまま採用。悪→飛び組に差し替え。circle_pct上位2艇に絞り込むこと。'}",,,27.3,逃げ狙い,16.87,27,5,,,,,,,,,,,
2025-10-20,丸亀,5,1,重冨勇哉,B1,30.00,1,◎,45.4326,,0,81.8,0.1585,3.1364,,,0,低,99,0,逃0%,5,0,65.3,1.0199,0.3684,,,,,0.3242,0.0632,0.2042,○,,D,,,,0.57,,0.3856,A,62,0,◎-○軸 3着3〜4艇流し（10〜15点）,0.5777,"{'is_target': True, 'verdict': '点数絞り', 'max_combo_prob': 0.0835, 'est_top_odds': 16.0, 'circle_concentration': 79.9, 'eligible_count': 8, 'bet_adj': 0, 'reason': 'rel_win1=45.4%（本命度） / 最有力組み合わせ確率: 0.084（推定実オッズ?16倍） / 2着集中度: 上位2艇 79.9%（補正+0.04） / 総合判定確率: 0.124 / → ヒモはやや固め。上位2艇以外を切ること', 'tenji_trigger': '展示確認: 1号艇伸び良→そのまま採用。悪→飛び組に差し替え。circle_pct上位2艇に絞り込むこと。'}",,,31.7,両建て推奨,19.78,37.2,3,,,,,0,0,0.6155,0,,逃げ軸流し,A
2025-10-20,丸亀,5,2,福田　理,B1,33.33,2,△,11.3562,26.7,62,36.5,0.169,3.5635,,,0,低,126,0,-,33,0,71.9,1.5131,0,0.0625,0.0625,0,0,0.1446,0.4967,0.1446,,,C,△,,0.2575,0.594,,0.3856,A,62,0,◎-○軸 3着3〜4艇流し（10〜15点）,0.5777,"{'is_target': True, 'verdict': '点数絞り', 'max_combo_prob': 0.0835, 'est_top_odds': 16.0, 'circle_concentration': 79.9, 'eligible_count': 8, 'bet_adj': 0, 'reason': 'rel_win1=45.4%（本命度） / 最有力組み合わせ確率: 0.084（推定実オッズ?16倍） / 2着集中度: 上位2艇 79.9%（補正+0.04） / 総合判定確率: 0.124 / → ヒモはやや固め。上位2艇以外を切ること', 'tenji_trigger': '展示確認: 1号艇伸び良→そのまま採用。悪→飛び組に差し替え。circle_pct上位2艇に絞り込むこと。'}",,,31.7,両建て推奨,19.78,37.2,3,,,,,,,,,,,
2025-10-20,丸亀,5,3,永田啓二,A1,35.71,3,○,20.3287,53.2,100,73.7,0.1389,2.3772,,,0,低,50,0,ま0% 差ま0% 抜0%,2,0,36.9,0.83,0,0,0.0385,0.0769,0.0769,0.2783,0.0089,0.0267,,◎,B,◎,,0.4178,0.688,,0.3856,A,62,0,◎-○軸 3着3〜4艇流し（10〜15点）,0.5777,"{'is_target': True, 'verdict': '点数絞り', 'max_combo_prob': 0.0835, 'est_top_odds': 16.0, 'circle_concentration': 79.9, 'eligible_count': 8, 'bet_adj': 0, 'reason': 'rel_win1=45.4%（本命度） / 最有力組み合わせ確率: 0.084（推定実オッズ?16倍） / 2着集中度: 上位2艇 79.9%（補正+0.04） / 総合判定確率: 0.124 / → ヒモはやや固め。上位2艇以外を切ること', 'tenji_trigger': '展示確認: 1号艇伸び良→そのまま採用。悪→飛び組に差し替え。circle_pct上位2艇に絞り込むこと。'}",,,31.7,両建て推奨,19.78,37.2,3,,,,,,,,,,,
2025-10-20,丸亀,5,4,樋口喜彦,B1,47.83,4,▲,5.8803,8.5,94,20,0.1742,3.6778,,,0,低,79,0,-,4,0,21.1,0.5685,,,,,,0.25,0.3333,0.0833,,,A,,,0.2606,0.5805,,0.3856,A,62,0,◎-○軸 3着3〜4艇流し（10〜15点）,0.5777,"{'is_target': True, 'verdict': '点数絞り', 'max_combo_prob': 0.0835, 'est_top_odds': 16.0, 'circle_concentration': 79.9, 'eligible_count': 8, 'bet_adj': 0, 'reason': 'rel_win1=45.4%（本命度） / 最有力組み合わせ確率: 0.084（推定実オッズ?16倍） / 2着集中度: 上位2艇 79.9%（補正+0.04） / 総合判定確率: 0.124 / → ヒモはやや固め。上位2艇以外を切ること', 'tenji_trigger': '展示確認: 1号艇伸び良→そのまま採用。悪→飛び組に差し替え。circle_pct上位2艇に絞り込むこと。'}",,,31.7,両建て推奨,19.78,37.2,3,,,,,,,,,,,
2025-10-20,丸亀,5,5,藤田靖弘,A2,22.22,5,,10.5187,9.3,56,41.5,0.1589,3.4308,,,0,低,111,0,-,32,0,100,3.0105,0,0,0,0.037,0.037,0.0533,0.115,0.0267,,,E,○,◎,0.2875,0.6755,0.2319,0.3856,A,62,0,◎-○軸 3着3〜4艇流し（10〜15点）,0.5777,"{'is_target': True, 'verdict': '点数絞り', 'max_combo_prob': 0.0835, 'est_top_odds': 16.0, 'circle_concentration': 79.9, 'eligible_count': 8, 'bet_adj': 0, 'reason': 'rel_win1=45.4%（本命度） / 最有力組み合わせ確率: 0.084（推定実オッズ?16倍） / 2着集中度: 上位2艇 79.9%（補正+0.04） / 総合判定確率: 0.124 / → ヒモはやや固め。上位2艇以外を切ること', 'tenji_trigger': '展示確認: 1号艇伸び良→そのまま採用。悪→飛び組に差し替え。circle_pct上位2艇に絞り込むこと。'}",,,31.7,両建て推奨,19.78,37.2,3,,,,,,,,,,,
2025-10-20,丸亀,5,6,向井田直,B1,27.27,6,,6.4835,2.3,60,24.2,0.1318,3.1667,,,0,低,29,0,-,F3,0,30.4,0.8808,0,0,0.1176,0,0,,,,,○,D,△,,0.4059,0.589,,0.3856,A,62,0,◎-○軸 3着3〜4艇流し（10〜15点）,0.5777,"{'is_target': True, 'verdict': '点数絞り', 'max_combo_prob': 0.0835, 'est_top_odds': 16.0, 'circle_concentration': 79.9, 'eligible_count': 8, 'bet_adj': 0, 'reason': 'rel_win1=45.4%（本命度） / 最有力組み合わせ確率: 0.084（推定実オッズ?16倍） / 2着集中度: 上位2艇 79.9%（補正+0.04） / 総合判定確率: 0.124 / → ヒモはやや固め。上位2艇以外を切ること', 'tenji_trigger': '展示確認: 1号艇伸び良→そのまま採用。悪→飛び組に差し替え。circle_pct上位2艇に絞り込むこと。'}",,,31.7,両建て推奨,19.78,37.2,3,,,,,,,,,,,
2025-10-20,丸亀,6,1,森　悠稀,A2,17.39,1,◎,53.3081,,0,88.3,0.1483,2.9333,,,0,低,62,0,逃1%,5,0,80.4,0.9465,0.5862,,,,,0.0552,0.0276,0.0552,○,,E,○,,,0.6755,,0.4224,A,70,0,◎-○軸 3着3〜4艇流し（10〜15点）,0.5777,"{'is_target': True, 'verdict': '参加推奨', 'max_combo_prob': 0.0662, 'est_top_odds': 20.1, 'circle_concentration': 72.8, 'eligible_count': 8, 'bet_adj': 2, 'reason': 'rel_win1=53.3%（本命度） / 最有力組み合わせ確率: 0.066（推定実オッズ?20倍） / 2着集中度: 上位2艇 72.8%（補正+0.04） / 総合判定確率: 0.106 / → ヒモ分散。1号艇1着固定で広めのヒモ流し推奨（買い目+2点）', 'tenji_trigger': '展示確認: ヒモ分散レース。1号艇伸び確認後、広めのヒモ流しを採用。穴ヒモ（5・6号艇）を積極的に含める。'}",,,25.5,逃げ狙い,14.01,24.4,2,,,,,0,0,0.6155,0,,逃げ軸流し,A
2025-10-20,丸亀,6,2,荒川健太,A2,41.38,2,○,15.2483,40.8,100,71.4,0.1469,3.0357,,,0,低,145,0,差1%,2,0,51.5,0.6891,0,0.1786,0,0,0,0,0.1957,0.0108,,○,C,,,0.364,0.5905,,0.4224,A,70,0,◎-○軸 3着3〜4艇流し（10〜15点）,0.5777,"{'is_target': True, 'verdict': '参加推奨', 'max_combo_prob': 0.0662, 'est_top_odds': 20.1, 'circle_concentration': 72.8, 'eligible_count': 8, 'bet_adj': 2, 'reason': 'rel_win1=53.3%（本命度） / 最有力組み合わせ確率: 0.066（推定実オッズ?20倍） / 2着集中度: 上位2艇 72.8%（補正+0.04） / 総合判定確率: 0.106 / → ヒモ分散。1号艇1着固定で広めのヒモ流し推奨（買い目+2点）', 'tenji_trigger': '展示確認: ヒモ分散レース。1号艇伸び確認後、広めのヒモ流しを採用。穴ヒモ（5・6号艇）を積極的に含める。'}",,,25.5,逃げ狙い,14.01,24.4,2,,,,,,,,,,,
2025-10-20,丸亀,6,3,石丸海渡,A1,34.48,3,△,15.3039,32,86,63.2,0.1024,2,,,0,低,26,0,ま0% 差ま0%,31,0,64.3,1.1613,0,0.0455,0.0455,0.0909,0.0455,0.0792,0.0125,0,,◎,D,◎,,0.4753,0.687,,0.4224,A,70,0,◎-○軸 3着3〜4艇流し（10〜15点）,0.5777,"{'is_target': True, 'verdict': '参加推奨', 'max_combo_prob': 0.0662, 'est_top_odds': 20.1, 'circle_concentration': 72.8, 'eligible_count': 8, 'bet_adj': 2, 'reason': 'rel_win1=53.3%（本命度） / 最有力組み合わせ確率: 0.066（推定実オッズ?20倍） / 2着集中度: 上位2艇 72.8%（補正+0.04） / 総合判定確率: 0.106 / → ヒモ分散。1号艇1着固定で広めのヒモ流し推奨（買い目+2点）', 'tenji_trigger': '展示確認: ヒモ分散レース。1号艇伸び確認後、広めのヒモ流しを採用。穴ヒモ（5・6号艇）を積極的に含める。'}",,,25.5,逃げ狙い,14.01,24.4,2,,,,,,,,,,,
2025-10-20,丸亀,6,4,大澤大夢,B1,39.29,4,,6.8303,16.9,91,48.6,0.158,3.2432,,,0,低,103,0,抜0%,55,0,55.5,0.9228,0,0,0.0645,0.0323,0.0323,0.1632,0.1421,0.1211,,,C,△,◎,0.2585,0.644,0.4134,0.4224,A,70,0,◎-○軸 3着3〜4艇流し（10〜15点）,0.5777,"{'is_target': True, 'verdict': '参加推奨', 'max_combo_prob': 0.0662, 'est_top_odds': 20.1, 'circle_concentration': 72.8, 'eligible_count': 8, 'bet_adj': 2, 'reason': 'rel_win1=53.3%（本命度） / 最有力組み合わせ確率: 0.066（推定実オッズ?20倍） / 2着集中度: 上位2艇 72.8%（補正+0.04） / 総合判定確率: 0.106 / → ヒモ分散。1号艇1着固定で広めのヒモ流し推奨（買い目+2点）', 'tenji_trigger': '展示確認: ヒモ分散レース。1号艇伸び確認後、広めのヒモ流しを採用。穴ヒモ（5・6号艇）を積極的に含める。'}",,,25.5,逃げ狙い,14.01,24.4,2,,,,,,,,,,,
2025-10-20,丸亀,6,5,吉原快誓,B2,60.00,5,▲,8.0749,8.2,73,0,0.32,5,,,0,低,37,1,-,6,0,25.2,0.826,,,,,,,,,,,A,,,0.1416,0.5335,,0.4224,A,70,0,◎-○軸 3着3〜4艇流し（10〜15点）,0.5777,"{'is_target': True, 'verdict': '参加推奨', 'max_combo_prob': 0.0662, 'est_top_odds': 20.1, 'circle_concentration': 72.8, 'eligible_count': 8, 'bet_adj': 2, 'reason': 'rel_win1=53.3%（本命度） / 最有力組み合わせ確率: 0.066（推定実オッズ?20倍） / 2着集中度: 上位2艇 72.8%（補正+0.04） / 総合判定確率: 0.106 / → ヒモ分散。1号艇1着固定で広めのヒモ流し推奨（買い目+2点）', 'tenji_trigger': '展示確認: ヒモ分散レース。1号艇伸び確認後、広めのヒモ流しを採用。穴ヒモ（5・6号艇）を積極的に含める。'}",,,25.5,逃げ狙い,14.01,24.4,2,,,,,,,,,,,
2025-10-20,丸亀,6,6,宮野　仁,B1,52.94,6,,1.2345,2.1,49,18,0.2568,5.19,,,0,低,175,0,-,F,0,35.2,1.4206,,,,,,0.0571,0.0286,0.3143,,,B,△,,0.1391,0.6005,,0.4224,A,70,0,◎-○軸 3着3〜4艇流し（10〜15点）,0.5777,"{'is_target': True, 'verdict': '参加推奨', 'max_combo_prob': 0.0662, 'est_top_odds': 20.1, 'circle_concentration': 72.8, 'eligible_count': 8, 'bet_adj': 2, 'reason': 'rel_win1=53.3%（本命度） / 最有力組み合わせ確率: 0.066（推定実オッズ?20倍） / 2着集中度: 上位2艇 72.8%（補正+0.04） / 総合判定確率: 0.106 / → ヒモ分散。1号艇1着固定で広めのヒモ流し推奨（買い目+2点）', 'tenji_trigger': '展示確認: ヒモ分散レース。1号艇伸び確認後、広めのヒモ流しを採用。穴ヒモ（5・6号艇）を積極的に含める。'}",,,25.5,逃げ狙い,14.01,24.4,2,,,,,,,,,,,
2025-10-20,丸亀,7,1,浜野孝志,A2,40.63,1,◎,58.5438,,0,91.7,0.1499,2.9792,,,0,低,118,0,逃0%,31,0,87.4,1.1175,0.5152,,,,,0.2227,0.0485,0.1235,◎,,B,,,,0.6235,,0.4794,S,86,0,◎1着固定 2-3着流し（5〜8点）,0.5777,"{'is_target': True, 'verdict': '点数絞り', 'max_combo_prob': 0.1011, 'est_top_odds': 13.2, 'circle_concentration': 77.7, 'eligible_count': 6, 'bet_adj': 0, 'reason': 'rel_win1=58.5%（本命度） / 最有力組み合わせ確率: 0.101（推定実オッズ?13倍） / 2着集中度: 上位2艇 77.7%（補正+0.04） / 総合判定確率: 0.141 / → ヒモはやや固め。上位2艇以外を切ること', 'tenji_trigger': '展示確認: 1号艇伸び良→そのまま採用。悪→飛び組に差し替え。circle_pct上位2艇に絞り込むこと。'}",,,28.3,逃げ狙い,15.97,30.8,3,,,,,0,0,0.7559,0,,逃げ軸流し,A
2025-10-20,丸亀,7,2,三原　司,B1,11.76,2,,8.3297,27,80,43.8,0.1925,4.4297,,,0,低,167,0,-,24,0,54,0.7302,0,0.0741,0,0,0,0.2452,0.2071,0.0571,,,E,△,,0.0992,0.624,,0.4794,S,86,0,◎1着固定 2-3着流し（5〜8点）,0.5777,"{'is_target': True, 'verdict': '点数絞り', 'max_combo_prob': 0.1011, 'est_top_odds': 13.2, 'circle_concentration': 77.7, 'eligible_count': 6, 'bet_adj': 0, 'reason': 'rel_win1=58.5%（本命度） / 最有力組み合わせ確率: 0.101（推定実オッズ?13倍） / 2着集中度: 上位2艇 77.7%（補正+0.04） / 総合判定確率: 0.141 / → ヒモはやや固め。上位2艇以外を切ること', 'tenji_trigger': '展示確認: 1号艇伸び良→そのまま採用。悪→飛び組に差し替え。circle_pct上位2艇に絞り込むこと。'}",,,28.3,逃げ狙い,15.97,30.8,3,,,,,,,,,,,
2025-10-20,丸亀,7,3,船岡洋一,A1,23.81,3,▲,15.5837,50.7,100,82.2,0.134,2.7556,,,0,低,67,0,-,15,0,39.3,0.8254,0,0,0.0769,0.1923,0,0.0811,0.027,0.1081,,◎,D,△,,0.4237,0.6315,,0.4794,S,86,0,◎1着固定 2-3着流し（5〜8点）,0.5777,"{'is_target': True, 'verdict': '点数絞り', 'max_combo_prob': 0.1011, 'est_top_odds': 13.2, 'circle_concentration': 77.7, 'eligible_count': 6, 'bet_adj': 0, 'reason': 'rel_win1=58.5%（本命度） / 最有力組み合わせ確率: 0.101（推定実オッズ?13倍） / 2着集中度: 上位2艇 77.7%（補正+0.04） / 総合判定確率: 0.141 / → ヒモはやや固め。上位2艇以外を切ること', 'tenji_trigger': '展示確認: 1号艇伸び良→そのまま採用。悪→飛び組に差し替え。circle_pct上位2艇に絞り込むこと。'}",,,28.3,逃げ狙い,15.97,30.8,3,,,,,,,,,,,
2025-10-20,丸亀,7,4,後藤　浩,B1,70.97,4,○,9.3262,13.8,51,37.9,0.1828,3.9741,,,0,低,120,0,差0% 差ま0%,3,0,48.2,0.9247,0,0.0476,0,0.0476,0,0.0556,0.2222,0,,,A,○,◎,0.1608,0.6325,0.3236,0.4794,S,86,0,◎1着固定 2-3着流し（5〜8点）,0.5777,"{'is_target': True, 'verdict': '点数絞り', 'max_combo_prob': 0.1011, 'est_top_odds': 13.2, 'circle_concentration': 77.7, 'eligible_count': 6, 'bet_adj': 0, 'reason': 'rel_win1=58.5%（本命度） / 最有力組み合わせ確率: 0.101（推定実オッズ?13倍） / 2着集中度: 上位2艇 77.7%（補正+0.04） / 総合判定確率: 0.141 / → ヒモはやや固め。上位2艇以外を切ること', 'tenji_trigger': '展示確認: 1号艇伸び良→そのまま採用。悪→飛び組に差し替え。circle_pct上位2艇に絞り込むこと。'}",,,28.3,逃げ狙い,15.97,30.8,3,,,,,,,,,,,
2025-10-20,丸亀,7,5,小林基樹,B1,21.05,5,,2.3635,2.2,47,20,0.2332,5.13,,,0,低,167,0,-,4,0,22.7,0.6148,,,,,,0.2727,0.2727,0.0909,,,E,,,0.1456,0.5755,,0.4794,S,86,0,◎1着固定 2-3着流し（5〜8点）,0.5777,"{'is_target': True, 'verdict': '点数絞り', 'max_combo_prob': 0.1011, 'est_top_odds': 13.2, 'circle_concentration': 77.7, 'eligible_count': 6, 'bet_adj': 0, 'reason': 'rel_win1=58.5%（本命度） / 最有力組み合わせ確率: 0.101（推定実オッズ?13倍） / 2着集中度: 上位2艇 77.7%（補正+0.04） / 総合判定確率: 0.141 / → ヒモはやや固め。上位2艇以外を切ること', 'tenji_trigger': '展示確認: 1号艇伸び良→そのまま採用。悪→飛び組に差し替え。circle_pct上位2艇に絞り込むこと。'}",,,28.3,逃げ狙い,15.97,30.8,3,,,,,,,,,,,
2025-10-20,丸亀,7,6,今泉友吾,A1,33.33,6,△,5.8531,6.3,92,52.1,0.1625,3.7083,,,0,低,77,0,-,F4,0,29.4,1.0169,,,,,,0.0211,0.0211,0.3842,,,C,◎,,0.2772,0.634,,0.4794,S,86,0,◎1着固定 2-3着流し（5〜8点）,0.5777,"{'is_target': True, 'verdict': '点数絞り', 'max_combo_prob': 0.1011, 'est_top_odds': 13.2, 'circle_concentration': 77.7, 'eligible_count': 6, 'bet_adj': 0, 'reason': 'rel_win1=58.5%（本命度） / 最有力組み合わせ確率: 0.101（推定実オッズ?13倍） / 2着集中度: 上位2艇 77.7%（補正+0.04） / 総合判定確率: 0.141 / → ヒモはやや固め。上位2艇以外を切ること', 'tenji_trigger': '展示確認: 1号艇伸び良→そのまま採用。悪→飛び組に差し替え。circle_pct上位2艇に絞り込むこと。'}",,,28.3,逃げ狙い,15.97,30.8,3,,,,,,,,,,,
2025-10-20,丸亀,8,1,尾嶋一広,A1,37.93,1,◎,64.1213,,0,98.6,0.1571,3.2,,,0,低,99,0,逃0%,1,0,85.1,1.0719,0.7568,,,,,0.0541,0.0541,0.1081,◎,,E,○,,,0.6515,,0.522,S,80,0,◎1着固定 2-3着流し（5〜8点）,0.5777,"{'is_target': True, 'verdict': '点数絞り', 'max_combo_prob': 0.1637, 'est_top_odds': 8.1, 'circle_concentration': 81.8, 'eligible_count': 6, 'bet_adj': 0, 'reason': 'rel_win1=64.1%（本命度） / 最有力組み合わせ確率: 0.164（推定実オッズ?8倍） / 2着集中度: 上位2艇 81.8%（補正+0.04） / 総合判定確率: 0.204 / → ヒモはやや固め。上位2艇以外を切ること', 'tenji_trigger': '展示確認: 1号艇伸び良→そのまま採用。悪→飛び組に差し替え。circle_pct上位2艇に絞り込むこと。'}",,,29.3,逃げ狙い,23.84,26.7,4,,,,,0,0,0.7559,0,,逃げ軸流し,A
2025-10-20,丸亀,8,2,古賀繁輝,A2,55.17,2,○,11.9311,60,67,83.3,0.1622,3.3472,,,0,低,54,0,-,25,0,32,0.764,0,0,0.0952,0,0.0476,0,0.0308,0.0308,,,B,◎,,0.2622,0.664,,0.522,S,80,0,◎1着固定 2-3着流し（5〜8点）,0.5777,"{'is_target': True, 'verdict': '点数絞り', 'max_combo_prob': 0.1637, 'est_top_odds': 8.1, 'circle_concentration': 81.8, 'eligible_count': 6, 'bet_adj': 0, 'reason': 'rel_win1=64.1%（本命度） / 最有力組み合わせ確率: 0.164（推定実オッズ?8倍） / 2着集中度: 上位2艇 81.8%（補正+0.04） / 総合判定確率: 0.204 / → ヒモはやや固め。上位2艇以外を切ること', 'tenji_trigger': '展示確認: 1号艇伸び良→そのまま採用。悪→飛び組に差し替え。circle_pct上位2艇に絞り込むこと。'}",,,29.3,逃げ狙い,23.84,26.7,4,,,,,,,,,,,
2025-10-20,丸亀,8,3,花本　剛,B1,42.86,3,,5.9319,21.8,100,54.2,0.176,3.6181,,,0,低,176,0,-,46,0,71.5,1.43,0,0,0.0278,0,0.0278,0.2077,0.1615,0.1769,,,C,,,0.1854,0.5575,,0.522,S,80,0,◎1着固定 2-3着流し（5〜8点）,0.5777,"{'is_target': True, 'verdict': '点数絞り', 'max_combo_prob': 0.1637, 'est_top_odds': 8.1, 'circle_concentration': 81.8, 'eligible_count': 6, 'bet_adj': 0, 'reason': 'rel_win1=64.1%（本命度） / 最有力組み合わせ確率: 0.164（推定実オッズ?8倍） / 2着集中度: 上位2艇 81.8%（補正+0.04） / 総合判定確率: 0.204 / → ヒモはやや固め。上位2艇以外を切ること', 'tenji_trigger': '展示確認: 1号艇伸び良→そのまま採用。悪→飛び組に差し替え。circle_pct上位2艇に絞り込むこと。'}",,,29.3,逃げ狙い,23.84,26.7,4,,,,,,,,,,,
2025-10-20,丸亀,8,4,渡邉　健,A2,41.94,4,▲,12.7094,13.8,63,56,0.131,2.73,,,0,低,89,0,ま0% 差ま0%,12,0,75.4,1.303,0,0,0.1538,0.1154,0,0.1304,0.1304,0.087,,◎,D,△,◎,0.4284,0.589,0.4697,0.522,S,80,0,◎1着固定 2-3着流し（5〜8点）,0.5777,"{'is_target': True, 'verdict': '点数絞り', 'max_combo_prob': 0.1637, 'est_top_odds': 8.1, 'circle_concentration': 81.8, 'eligible_count': 6, 'bet_adj': 0, 'reason': 'rel_win1=64.1%（本命度） / 最有力組み合わせ確率: 0.164（推定実オッズ?8倍） / 2着集中度: 上位2艇 81.8%（補正+0.04） / 総合判定確率: 0.204 / → ヒモはやや固め。上位2艇以外を切ること', 'tenji_trigger': '展示確認: 1号艇伸び良→そのまま採用。悪→飛び組に差し替え。circle_pct上位2艇に絞り込むこと。'}",,,29.3,逃げ狙い,23.84,26.7,4,,,,,,,,,,,
2025-10-20,丸亀,8,5,飯田庄吾,B1,40.91,5,,4.302,4.1,59,23.8,0.1778,3.9286,,,0,低,145,0,-,4,0,31.9,0.6752,,,,,,0,0.2611,0.5833,,,D,△,○,0.2425,0.6,0.1643,0.522,S,80,0,◎1着固定 2-3着流し（5〜8点）,0.5777,"{'is_target': True, 'verdict': '点数絞り', 'max_combo_prob': 0.1637, 'est_top_odds': 8.1, 'circle_concentration': 81.8, 'eligible_count': 6, 'bet_adj': 0, 'reason': 'rel_win1=64.1%（本命度） / 最有力組み合わせ確率: 0.164（推定実オッズ?8倍） / 2着集中度: 上位2艇 81.8%（補正+0.04） / 総合判定確率: 0.204 / → ヒモはやや固め。上位2艇以外を切ること', 'tenji_trigger': '展示確認: 1号艇伸び良→そのまま採用。悪→飛び組に差し替え。circle_pct上位2艇に絞り込むこと。'}",,,29.3,逃げ狙い,23.84,26.7,4,,,,,,,,,,,
2025-10-20,丸亀,8,6,山本凱立,B2,75.00,6,△,1.0043,0.3,13,0,0.2046,4.37,,,0,低,56,0,-,6,0,26.4,0.6128,,,,,,,,,,,A,,,0.1589,0.4725,,0.522,S,80,0,◎1着固定 2-3着流し（5〜8点）,0.5777,"{'is_target': True, 'verdict': '点数絞り', 'max_combo_prob': 0.1637, 'est_top_odds': 8.1, 'circle_concentration': 81.8, 'eligible_count': 6, 'bet_adj': 0, 'reason': 'rel_win1=64.1%（本命度） / 最有力組み合わせ確率: 0.164（推定実オッズ?8倍） / 2着集中度: 上位2艇 81.8%（補正+0.04） / 総合判定確率: 0.204 / → ヒモはやや固め。上位2艇以外を切ること', 'tenji_trigger': '展示確認: 1号艇伸び良→そのまま採用。悪→飛び組に差し替え。circle_pct上位2艇に絞り込むこと。'}",,,29.3,逃げ狙い,23.84,26.7,4,,,,,,,,,,,
2025-10-20,丸亀,9,1,竹間隆晟,A1,42.86,1,◎,55.2581,,0,84.8,0.1552,2.8804,,,0,低,83,0,逃1%,26,0,85.9,1.0888,0.76,,,,,0,0.12,0.08,◎,,C,,,,0.5415,,0.5095,A,66,0,◎-○軸 3着3〜4艇流し（10〜15点）,0.5777,"{'is_target': True, 'verdict': '点数絞り', 'max_combo_prob': 0.0928, 'est_top_odds': 14.4, 'circle_concentration': 77.0, 'eligible_count': 8, 'bet_adj': 0, 'reason': 'rel_win1=55.3%（本命度） / 最有力組み合わせ確率: 0.093（推定実オッズ?14倍） / 2着集中度: 上位2艇 77.0%（補正+0.04） / 総合判定確率: 0.133 / → ヒモはやや固め。上位2艇以外を切ること', 'tenji_trigger': '展示確認: 1号艇伸び良→そのまま採用。悪→飛び組に差し替え。circle_pct上位2艇に絞り込むこと。'}",,,28.5,逃げ狙い,20.82,27,2,,,,,0,0,0.7559,0,,逃げ軸流し,A
2025-10-20,丸亀,9,2,木下大將,B1,48.28,2,○,19.7917,48.4,83,80,0.1487,3.0364,,,0,低,82,0,差0%,1,0,76.6,1.3426,0,0.2593,0,0,0,0.1053,0.0526,0.0526,,◎,A,○,,0.4267,0.6535,,0.5095,A,66,0,◎-○軸 3着3〜4艇流し（10〜15点）,0.5777,"{'is_target': True, 'verdict': '点数絞り', 'max_combo_prob': 0.0928, 'est_top_odds': 14.4, 'circle_concentration': 77.0, 'eligible_count': 8, 'bet_adj': 0, 'reason': 'rel_win1=55.3%（本命度） / 最有力組み合わせ確率: 0.093（推定実オッズ?14倍） / 2着集中度: 上位2艇 77.0%（補正+0.04） / 総合判定確率: 0.133 / → ヒモはやや固め。上位2艇以外を切ること', 'tenji_trigger': '展示確認: 1号艇伸び良→そのまま採用。悪→飛び組に差し替え。circle_pct上位2艇に絞り込むこと。'}",,,28.5,逃げ狙い,20.82,27,2,,,,,,,,,,,
2025-10-20,丸亀,9,3,石田章央,A2,37.93,3,▲,13.1234,28.7,86,67.2,0.1467,2.9609,,,0,低,127,0,差0% 差ま0% 抜0%,5,0,63.5,1.2712,0,0.0345,0,0.1034,0.069,0.1022,0.0571,0.1022,,,D,△,,0.3347,0.652,,0.5095,A,66,0,◎-○軸 3着3〜4艇流し（10〜15点）,0.5777,"{'is_target': True, 'verdict': '点数絞り', 'max_combo_prob': 0.0928, 'est_top_odds': 14.4, 'circle_concentration': 77.0, 'eligible_count': 8, 'bet_adj': 0, 'reason': 'rel_win1=55.3%（本命度） / 最有力組み合わせ確率: 0.093（推定実オッズ?14倍） / 2着集中度: 上位2艇 77.0%（補正+0.04） / 総合判定確率: 0.133 / → ヒモはやや固め。上位2艇以外を切ること', 'tenji_trigger': '展示確認: 1号艇伸び良→そのまま採用。悪→飛び組に差し替え。circle_pct上位2艇に絞り込むこと。'}",,,28.5,逃げ狙い,20.82,27,2,,,,,,,,,,,
2025-10-20,丸亀,9,4,深川真二,A1,26.32,4,,6.3311,14.4,100,,,,,,0,低,21,1,-,23,0,,,,,,,,,,,,,E,◎,◎,0.3115,0.6545,0.15,0.5095,A,66,0,◎-○軸 3着3〜4艇流し（10〜15点）,0.5777,"{'is_target': True, 'verdict': '点数絞り', 'max_combo_prob': 0.0928, 'est_top_odds': 14.4, 'circle_concentration': 77.0, 'eligible_count': 8, 'bet_adj': 0, 'reason': 'rel_win1=55.3%（本命度） / 最有力組み合わせ確率: 0.093（推定実オッズ?14倍） / 2着集中度: 上位2艇 77.0%（補正+0.04） / 総合判定確率: 0.133 / → ヒモはやや固め。上位2艇以外を切ること', 'tenji_trigger': '展示確認: 1号艇伸び良→そのまま採用。悪→飛び組に差し替え。circle_pct上位2艇に絞り込むこと。'}",,,28.5,逃げ狙い,20.82,27,2,,,,,,,,,,,
2025-10-20,丸亀,9,5,多田有佑,B1,44.44,5,,2.833,8.1,67,20.7,0.2057,4.1293,,,0,低,170,0,差ま0%,5,0,20,0.6467,0,0,0,0.0417,0,0,0.2632,0.1579,,,C,,,0.1197,0.5565,,0.5095,A,66,0,◎-○軸 3着3〜4艇流し（10〜15点）,0.5777,"{'is_target': True, 'verdict': '点数絞り', 'max_combo_prob': 0.0928, 'est_top_odds': 14.4, 'circle_concentration': 77.0, 'eligible_count': 8, 'bet_adj': 0, 'reason': 'rel_win1=55.3%（本命度） / 最有力組み合わせ確率: 0.093（推定実オッズ?14倍） / 2着集中度: 上位2艇 77.0%（補正+0.04） / 総合判定確率: 0.133 / → ヒモはやや固め。上位2艇以外を切ること', 'tenji_trigger': '展示確認: 1号艇伸び良→そのまま採用。悪→飛び組に差し替え。circle_pct上位2艇に絞り込むこと。'}",,,28.5,逃げ狙い,20.82,27,2,,,,,,,,,,,
2025-10-20,丸亀,9,6,山崎　祥,B1,45.16,6,△,2.6628,0.5,35,16.3,0.1933,4.4651,,,0,低,131,0,-,44,0,37.4,0.7978,,,,,,0.3238,0,0.0667,,,B,△,,0.1925,0.5955,,0.5095,A,66,0,◎-○軸 3着3〜4艇流し（10〜15点）,0.5777,"{'is_target': True, 'verdict': '点数絞り', 'max_combo_prob': 0.0928, 'est_top_odds': 14.4, 'circle_concentration': 77.0, 'eligible_count': 8, 'bet_adj': 0, 'reason': 'rel_win1=55.3%（本命度） / 最有力組み合わせ確率: 0.093（推定実オッズ?14倍） / 2着集中度: 上位2艇 77.0%（補正+0.04） / 総合判定確率: 0.133 / → ヒモはやや固め。上位2艇以外を切ること', 'tenji_trigger': '展示確認: 1号艇伸び良→そのまま採用。悪→飛び組に差し替え。circle_pct上位2艇に絞り込むこと。'}",,,28.5,逃げ狙い,20.82,27,2,,,,,,,,,,,
2025-10-20,丸亀,10,1,松下一也,A1,19.23,1,◎,56.5631,,0,93.2,0.1155,2.089,,,0,低,48,0,逃0%,46,0,69.2,1,0.7105,,,,,0.1726,0.0211,0.0316,◎,,D,○,,,0.675,,0.7099,S,89,0,◎1着固定 2-3着流し（5〜8点）,0.5777,"{'is_target': True, 'verdict': '参加推奨', 'max_combo_prob': 0.087, 'est_top_odds': 15.3, 'circle_concentration': 67.0, 'eligible_count': 6, 'bet_adj': 2, 'reason': 'rel_win1=56.6%（本命度） / 最有力組み合わせ確率: 0.087（推定実オッズ?15倍） / 2着集中度: 上位2艇 67.0%（補正+0.00） / 総合判定確率: 0.087 / → ヒモ分散。1号艇1着固定で広めのヒモ流し推奨（買い目+2点）', 'tenji_trigger': '展示確認: ヒモ分散レース。1号艇伸び確認後、広めのヒモ流しを採用。穴ヒモ（5・6号艇）を積極的に含める。\n展示で1号艇スタート超安定(0.116秒)→ヒモ固まり方向に注意'}",,,28.9,逃げ狙い,22.93,26.3,4,,,,,0,0,0.7559,0,,逃げ軸流し,A
2025-10-20,丸亀,10,2,重冨勇哉,B1,30.00,2,○,12.484,37.2,45,58,0.1696,3.41,,,0,低,99,0,差0% ま0% 抜0%,5,0,34.8,0.9517,0,0.1,0.0333,0,0.0333,0.3242,0.0632,0.2042,,,B,,,0.0961,0.57,,0.7099,S,89,0,◎1着固定 2-3着流し（5〜8点）,0.5777,"{'is_target': True, 'verdict': '参加推奨', 'max_combo_prob': 0.087, 'est_top_odds': 15.3, 'circle_concentration': 67.0, 'eligible_count': 6, 'bet_adj': 2, 'reason': 'rel_win1=56.6%（本命度） / 最有力組み合わせ確率: 0.087（推定実オッズ?15倍） / 2着集中度: 上位2艇 67.0%（補正+0.00） / 総合判定確率: 0.087 / → ヒモ分散。1号艇1着固定で広めのヒモ流し推奨（買い目+2点）', 'tenji_trigger': '展示確認: ヒモ分散レース。1号艇伸び確認後、広めのヒモ流しを採用。穴ヒモ（5・6号艇）を積極的に含める。\n展示で1号艇スタート超安定(0.116秒)→ヒモ固まり方向に注意'}",,,28.9,逃げ狙い,22.93,26.3,4,,,,,,,,,,,
2025-10-20,丸亀,10,3,森　悠稀,A2,17.39,3,△,9.9337,29.7,100,66.7,0.1297,2.5985,,,0,低,62,0,差ま0%,5,0,32.3,0.9333,0,0,0.0333,0.0333,0,0.0552,0.0276,0.0552,,,E,◎,,0.2245,0.6755,,0.7099,S,89,0,◎1着固定 2-3着流し（5〜8点）,0.5777,"{'is_target': True, 'verdict': '参加推奨', 'max_combo_prob': 0.087, 'est_top_odds': 15.3, 'circle_concentration': 67.0, 'eligible_count': 6, 'bet_adj': 2, 'reason': 'rel_win1=56.6%（本命度） / 最有力組み合わせ確率: 0.087（推定実オッズ?15倍） / 2着集中度: 上位2艇 67.0%（補正+0.00） / 総合判定確率: 0.087 / → ヒモ分散。1号艇1着固定で広めのヒモ流し推奨（買い目+2点）', 'tenji_trigger': '展示確認: ヒモ分散レース。1号艇伸び確認後、広めのヒモ流しを採用。穴ヒモ（5・6号艇）を積極的に含める。\n展示で1号艇スタート超安定(0.116秒)→ヒモ固まり方向に注意'}",,,28.9,逃げ狙い,22.93,26.3,4,,,,,,,,,,,
2025-10-20,丸亀,10,4,中澤和志,A1,15.79,4,,15.4805,18.8,75,71.8,0.1354,2.6923,,,0,低,46,0,差0% ま0% 差ま0%,12,0,90.7,1.6379,0,0.1579,0.0526,0.1053,0,0.1099,0.1315,0.1207,,,E,△,◎,0.2396,0.6735,0.5574,0.7099,S,89,0,◎1着固定 2-3着流し（5〜8点）,0.5777,"{'is_target': True, 'verdict': '参加推奨', 'max_combo_prob': 0.087, 'est_top_odds': 15.3, 'circle_concentration': 67.0, 'eligible_count': 6, 'bet_adj': 2, 'reason': 'rel_win1=56.6%（本命度） / 最有力組み合わせ確率: 0.087（推定実オッズ?15倍） / 2着集中度: 上位2艇 67.0%（補正+0.00） / 総合判定確率: 0.087 / → ヒモ分散。1号艇1着固定で広めのヒモ流し推奨（買い目+2点）', 'tenji_trigger': '展示確認: ヒモ分散レース。1号艇伸び確認後、広めのヒモ流しを採用。穴ヒモ（5・6号艇）を積極的に含める。\n展示で1号艇スタート超安定(0.116秒)→ヒモ固まり方向に注意'}",,,28.9,逃げ狙い,22.93,26.3,4,,,,,,,,,,,
2025-10-20,丸亀,10,5,中村守成,B1,59.38,5,▲,3.0122,12.3,32,27.5,0.1845,3.8478,,,0,低,159,0,-,2,0,26.5,0.7474,,,,,,0.08,0.289,0.123,,,A,△,,0.1381,0.591,,0.7099,S,89,0,◎1着固定 2-3着流し（5〜8点）,0.5777,"{'is_target': True, 'verdict': '参加推奨', 'max_combo_prob': 0.087, 'est_top_odds': 15.3, 'circle_concentration': 67.0, 'eligible_count': 6, 'bet_adj': 2, 'reason': 'rel_win1=56.6%（本命度） / 最有力組み合わせ確率: 0.087（推定実オッズ?15倍） / 2着集中度: 上位2艇 67.0%（補正+0.00） / 総合判定確率: 0.087 / → ヒモ分散。1号艇1着固定で広めのヒモ流し推奨（買い目+2点）', 'tenji_trigger': '展示確認: ヒモ分散レース。1号艇伸び確認後、広めのヒモ流しを採用。穴ヒモ（5・6号艇）を積極的に含める。\n展示で1号艇スタート超安定(0.116秒)→ヒモ固まり方向に注意'}",,,28.9,逃げ狙い,22.93,26.3,4,,,,,,,,,,,
2025-10-20,丸亀,10,6,島田一生,B1,28.57,6,,2.5265,1.9,35,16.7,0.1656,3.5104,,,0,低,101,0,-,6,0,31.4,0.8733,0,0,0.0556,0,0,0.1905,0.2857,0.0476,,,C,,,0.1316,0.569,,0.7099,S,89,0,◎1着固定 2-3着流し（5〜8点）,0.5777,"{'is_target': True, 'verdict': '参加推奨', 'max_combo_prob': 0.087, 'est_top_odds': 15.3, 'circle_concentration': 67.0, 'eligible_count': 6, 'bet_adj': 2, 'reason': 'rel_win1=56.6%（本命度） / 最有力組み合わせ確率: 0.087（推定実オッズ?15倍） / 2着集中度: 上位2艇 67.0%（補正+0.00） / 総合判定確率: 0.087 / → ヒモ分散。1号艇1着固定で広めのヒモ流し推奨（買い目+2点）', 'tenji_trigger': '展示確認: ヒモ分散レース。1号艇伸び確認後、広めのヒモ流しを採用。穴ヒモ（5・6号艇）を積極的に含める。\n展示で1号艇スタート超安定(0.116秒)→ヒモ固まり方向に注意'}",,,28.9,逃げ狙い,22.93,26.3,4,,,,,,,,,,,
2025-10-20,丸亀,11,1,船岡洋一,A1,23.81,1,◎,57.736,,0,94.3,0.1276,2.2071,,,0,低,67,0,逃1%,15,0,70,1.0134,0.6757,,,,,0.0811,0.027,0.1081,◎,,D,○,,,0.6315,,0.6818,S,86,0,◎1着固定 2-3着流し（5〜8点）,0.5777,"{'is_target': True, 'verdict': '参加推奨', 'max_combo_prob': 0.1088, 'est_top_odds': 12.3, 'circle_concentration': 65.0, 'eligible_count': 6, 'bet_adj': 2, 'reason': 'rel_win1=57.7%（本命度） / 最有力組み合わせ確率: 0.109（推定実オッズ?12倍） / 2着集中度: 上位2艇 65.0%（補正+0.00） / 総合判定確率: 0.109 / → ヒモ分散。1号艇1着固定で広めのヒモ流し推奨（買い目+2点）', 'tenji_trigger': '展示確認: ヒモ分散レース。1号艇伸び確認後、広めのヒモ流しを採用。穴ヒモ（5・6号艇）を積極的に含める。\n展示で1号艇スタート超安定(0.128秒)→ヒモ固まり方向に注意'}",,,27.7,逃げ狙い,19.81,25.8,2,,,,,0,0,0.7559,0,,逃げ軸流し,A
2025-10-20,丸亀,11,2,永田啓二,A1,35.71,2,○,18.0241,49.6,61,71.4,0.1271,2.7411,,,0,低,50,0,差1%,2,0,46,0.7081,0,0.2174,0.0435,0,0,0.2783,0.0089,0.0267,,◎,B,◎,,0.3648,0.688,,0.6818,S,86,0,◎1着固定 2-3着流し（5〜8点）,0.5777,"{'is_target': True, 'verdict': '参加推奨', 'max_combo_prob': 0.1088, 'est_top_odds': 12.3, 'circle_concentration': 65.0, 'eligible_count': 6, 'bet_adj': 2, 'reason': 'rel_win1=57.7%（本命度） / 最有力組み合わせ確率: 0.109（推定実オッズ?12倍） / 2着集中度: 上位2艇 65.0%（補正+0.00） / 総合判定確率: 0.109 / → ヒモ分散。1号艇1着固定で広めのヒモ流し推奨（買い目+2点）', 'tenji_trigger': '展示確認: ヒモ分散レース。1号艇伸び確認後、広めのヒモ流しを採用。穴ヒモ（5・6号艇）を積極的に含める。\n展示で1号艇スタート超安定(0.128秒)→ヒモ固まり方向に注意'}",,,27.7,逃げ狙い,19.81,25.8,2,,,,,,,,,,,
2025-10-20,丸亀,11,3,荒川健太,A2,41.38,3,△,10.8266,15.5,100,65.1,0.1808,3.7063,,,0,低,145,0,-,2,0,22.6,0.7858,0,0.0333,0,0.1,0,0,0.1957,0.0108,,,A,,,0.1259,0.5905,,0.6818,S,86,0,◎1着固定 2-3着流し（5〜8点）,0.5777,"{'is_target': True, 'verdict': '参加推奨', 'max_combo_prob': 0.1088, 'est_top_odds': 12.3, 'circle_concentration': 65.0, 'eligible_count': 6, 'bet_adj': 2, 'reason': 'rel_win1=57.7%（本命度） / 最有力組み合わせ確率: 0.109（推定実オッズ?12倍） / 2着集中度: 上位2艇 65.0%（補正+0.00） / 総合判定確率: 0.109 / → ヒモ分散。1号艇1着固定で広めのヒモ流し推奨（買い目+2点）', 'tenji_trigger': '展示確認: ヒモ分散レース。1号艇伸び確認後、広めのヒモ流しを採用。穴ヒモ（5・6号艇）を積極的に含める。\n展示で1号艇スタート超安定(0.128秒)→ヒモ固まり方向に注意'}",,,27.7,逃げ狙い,19.81,25.8,2,,,,,,,,,,,
2025-10-20,丸亀,11,4,三好勇人,B1,38.71,4,▲,6.8883,15.3,73,50,0.1578,3.2963,,,0,低,88,0,-,1,0,93.2,1.7291,0,0.0385,0.0385,0,0,0.0133,0.16,0.0533,,,B,△,◎,0.1713,0.6185,0.3083,0.6818,S,86,0,◎1着固定 2-3着流し（5〜8点）,0.5777,"{'is_target': True, 'verdict': '参加推奨', 'max_combo_prob': 0.1088, 'est_top_odds': 12.3, 'circle_concentration': 65.0, 'eligible_count': 6, 'bet_adj': 2, 'reason': 'rel_win1=57.7%（本命度） / 最有力組み合わせ確率: 0.109（推定実オッズ?12倍） / 2着集中度: 上位2艇 65.0%（補正+0.00） / 総合判定確率: 0.109 / → ヒモ分散。1号艇1着固定で広めのヒモ流し推奨（買い目+2点）', 'tenji_trigger': '展示確認: ヒモ分散レース。1号艇伸び確認後、広めのヒモ流しを採用。穴ヒモ（5・6号艇）を積極的に含める。\n展示で1号艇スタート超安定(0.128秒)→ヒモ固まり方向に注意'}",,,27.7,逃げ狙い,19.81,25.8,2,,,,,,,,,,,
2025-10-20,丸亀,11,5,数原　魁,A2,15.79,5,,3.4088,11.7,57,34,0.1628,3.7358,,,0,低,104,0,-,2,0,26.6,0.9707,,,,,,0.0381,0.0762,0.2095,,,E,△,,0.2054,0.631,,0.6818,S,86,0,◎1着固定 2-3着流し（5〜8点）,0.5777,"{'is_target': True, 'verdict': '参加推奨', 'max_combo_prob': 0.1088, 'est_top_odds': 12.3, 'circle_concentration': 65.0, 'eligible_count': 6, 'bet_adj': 2, 'reason': 'rel_win1=57.7%（本命度） / 最有力組み合わせ確率: 0.109（推定実オッズ?12倍） / 2着集中度: 上位2艇 65.0%（補正+0.00） / 総合判定確率: 0.109 / → ヒモ分散。1号艇1着固定で広めのヒモ流し推奨（買い目+2点）', 'tenji_trigger': '展示確認: ヒモ分散レース。1号艇伸び確認後、広めのヒモ流しを採用。穴ヒモ（5・6号艇）を積極的に含める。\n展示で1号艇スタート超安定(0.128秒)→ヒモ固まり方向に注意'}",,,27.7,逃げ狙い,19.81,25.8,2,,,,,,,,,,,
2025-10-20,丸亀,11,6,重富伸也,B1,26.67,6,,3.1162,8,33,32.1,0.1762,3.9444,,,0,低,124,0,ま0% 差ま0%,5,0,62.6,1.3289,0,0,0.0526,0.0526,0,0.0615,0,0.3231,,,D,,○,0.1394,0.6085,0.1875,0.6818,S,86,0,◎1着固定 2-3着流し（5〜8点）,0.5777,"{'is_target': True, 'verdict': '参加推奨', 'max_combo_prob': 0.1088, 'est_top_odds': 12.3, 'circle_concentration': 65.0, 'eligible_count': 6, 'bet_adj': 2, 'reason': 'rel_win1=57.7%（本命度） / 最有力組み合わせ確率: 0.109（推定実オッズ?12倍） / 2着集中度: 上位2艇 65.0%（補正+0.00） / 総合判定確率: 0.109 / → ヒモ分散。1号艇1着固定で広めのヒモ流し推奨（買い目+2点）', 'tenji_trigger': '展示確認: ヒモ分散レース。1号艇伸び確認後、広めのヒモ流しを採用。穴ヒモ（5・6号艇）を積極的に含める。\n展示で1号艇スタート超安定(0.128秒)→ヒモ固まり方向に注意'}",,,27.7,逃げ狙い,19.81,25.8,2,,,,,,,,,,,
2025-10-20,丸亀,12,1,石丸海渡,A1,34.48,1,◎,63.0049,,0,95.2,0.1129,1.8651,,,0,低,26,0,逃1%,31,0,67.1,1.0385,0.875,,,,,0.0792,0.0125,0,◎,,C,◎,,,0.687,,0.7965,S,92,0,◎1着固定 2-3着流し（5〜8点）,0.5777,"{'is_target': True, 'verdict': '点数絞り', 'max_combo_prob': 0.1193, 'est_top_odds': 11.2, 'circle_concentration': 73.7, 'eligible_count': 6, 'bet_adj': 0, 'reason': 'rel_win1=63.0%（本命度） / 最有力組み合わせ確率: 0.119（推定実オッズ?11倍） / 2着集中度: 上位2艇 73.7%（補正+0.04） / 総合判定確率: 0.159 / → ヒモはやや固め。上位2艇以外を切ること', 'tenji_trigger': '展示確認: 1号艇伸び良→そのまま採用。悪→飛び組に差し替え。circle_pct上位2艇に絞り込むこと。\n展示で1号艇スタート超安定(0.113秒)→ヒモ固まり方向に注意'}",,,26.3,逃げ狙い,18.5,22.8,2,,,,,0,0,0.7559,0,,逃げ軸流し,A
2025-10-20,丸亀,12,2,末永由楽,A1,27.59,2,△,14.5392,53.6,71,82.5,0.1405,2.9211,,,0,低,68,0,差0% ま0% 抜0%,11,0,61.5,1.3164,0,0.2759,0.0345,0,0.0345,0.0824,0.1649,0.0716,,,D,△,,0.1123,0.6295,,0.7965,S,92,0,◎1着固定 2-3着流し（5〜8点）,0.5777,"{'is_target': True, 'verdict': '点数絞り', 'max_combo_prob': 0.1193, 'est_top_odds': 11.2, 'circle_concentration': 73.7, 'eligible_count': 6, 'bet_adj': 0, 'reason': 'rel_win1=63.0%（本命度） / 最有力組み合わせ確率: 0.119（推定実オッズ?11倍） / 2着集中度: 上位2艇 73.7%（補正+0.04） / 総合判定確率: 0.159 / → ヒモはやや固め。上位2艇以外を切ること', 'tenji_trigger': '展示確認: 1号艇伸び良→そのまま採用。悪→飛び組に差し替え。circle_pct上位2艇に絞り込むこと。\n展示で1号艇スタート超安定(0.113秒)→ヒモ固まり方向に注意'}",,,26.3,逃げ狙い,18.5,22.8,2,,,,,,,,,,,
2025-10-20,丸亀,12,3,浜野孝志,A2,40.63,3,○,9.2193,20.1,100,65.1,0.156,3.127,,,0,低,118,0,-,31,0,32.5,0.9019,0,0,0.125,0.0312,0,0.2227,0.0485,0.1235,,,A,,,0.122,0.6235,,0.7965,S,92,0,◎1着固定 2-3着流し（5〜8点）,0.5777,"{'is_target': True, 'verdict': '点数絞り', 'max_combo_prob': 0.1193, 'est_top_odds': 11.2, 'circle_concentration': 73.7, 'eligible_count': 6, 'bet_adj': 0, 'reason': 'rel_win1=63.0%（本命度） / 最有力組み合わせ確率: 0.119（推定実オッズ?11倍） / 2着集中度: 上位2艇 73.7%（補正+0.04） / 総合判定確率: 0.159 / → ヒモはやや固め。上位2艇以外を切ること', 'tenji_trigger': '展示確認: 1号艇伸び良→そのまま採用。悪→飛び組に差し替え。circle_pct上位2艇に絞り込むこと。\n展示で1号艇スタート超安定(0.113秒)→ヒモ固まり方向に注意'}",,,26.3,逃げ狙い,18.5,22.8,2,,,,,,,,,,,
2025-10-20,丸亀,12,4,藤田靖弘,A2,22.22,4,,6.7857,14.6,61,54.3,0.16,3.2429,,,0,低,111,0,差ま0%,32,0,39.1,0.9166,0,0.0645,0,0.0968,0.0323,0.0533,0.115,0.0267,,,E,○,◎,0.1198,0.6755,0.3782,0.7965,S,92,0,◎1着固定 2-3着流し（5〜8点）,0.5777,"{'is_target': True, 'verdict': '点数絞り', 'max_combo_prob': 0.1193, 'est_top_odds': 11.2, 'circle_concentration': 73.7, 'eligible_count': 6, 'bet_adj': 0, 'reason': 'rel_win1=63.0%（本命度） / 最有力組み合わせ確率: 0.119（推定実オッズ?11倍） / 2着集中度: 上位2艇 73.7%（補正+0.04） / 総合判定確率: 0.159 / → ヒモはやや固め。上位2艇以外を切ること', 'tenji_trigger': '展示確認: 1号艇伸び良→そのまま採用。悪→飛び組に差し替え。circle_pct上位2艇に絞り込むこと。\n展示で1号艇スタート超安定(0.113秒)→ヒモ固まり方向に注意'}",,,26.3,逃げ狙い,18.5,22.8,2,,,,,,,,,,,
2025-10-20,丸亀,12,5,尾嶋一広,A1,37.93,5,▲,5.5347,11.1,95,60.3,0.1567,3.4524,,,0,低,99,0,-,1,0,100,2.3888,0,0,0,0.069,0.1034,0.0541,0.0541,0.1081,,,B,△,○,0.1499,0.6515,0.3606,0.7965,S,92,0,◎1着固定 2-3着流し（5〜8点）,0.5777,"{'is_target': True, 'verdict': '点数絞り', 'max_combo_prob': 0.1193, 'est_top_odds': 11.2, 'circle_concentration': 73.7, 'eligible_count': 6, 'bet_adj': 0, 'reason': 'rel_win1=63.0%（本命度） / 最有力組み合わせ確率: 0.119（推定実オッズ?11倍） / 2着集中度: 上位2艇 73.7%（補正+0.04） / 総合判定確率: 0.159 / → ヒモはやや固め。上位2艇以外を切ること', 'tenji_trigger': '展示確認: 1号艇伸び良→そのまま採用。悪→飛び組に差し替え。circle_pct上位2艇に絞り込むこと。\n展示で1号艇スタート超安定(0.113秒)→ヒモ固まり方向に注意'}",,,26.3,逃げ狙い,18.5,22.8,2,,,,,,,,,,,
2025-10-20,丸亀,12,6,山田和佐,B1,34.48,6,,0.9162,0.6,27,16.7,0.1867,4.0714,,,0,低,130,0,-,5,0,26.9,0.6394,,,,,,0.1769,0.0308,0.1923,,,C,,,0.1378,0.5895,,0.7965,S,92,0,◎1着固定 2-3着流し（5〜8点）,0.5777,"{'is_target': True, 'verdict': '点数絞り', 'max_combo_prob': 0.1193, 'est_top_odds': 11.2, 'circle_concentration': 73.7, 'eligible_count': 6, 'bet_adj': 0, 'reason': 'rel_win1=63.0%（本命度） / 最有力組み合わせ確率: 0.119（推定実オッズ?11倍） / 2着集中度: 上位2艇 73.7%（補正+0.04） / 総合判定確率: 0.159 / → ヒモはやや固め。上位2艇以外を切ること', 'tenji_trigger': '展示確認: 1号艇伸び良→そのまま採用。悪→飛び組に差し替え。circle_pct上位2艇に絞り込むこと。\n展示で1号艇スタート超安定(0.113秒)→ヒモ固まり方向に注意'}",,,26.3,逃げ狙い,18.5,22.8,2,,,,,,,,,,,
2025-10-21,丸亀,1,1,樋口喜彦,B1,47.83,1,◎,56.8159,,0,60.7,0.1707,3.4821,,,0,低,79,0,逃0%,44,0,75.1,0.8462,0.3333,,,,,0.25,0.3333,0.0833,△,,A,△,,,0.5805,,0.2629,B,52,0,◎○△フォーメーション（15〜20点）,0.5777,"{'is_target': True, 'verdict': '点数絞り', 'max_combo_prob': 0.0967, 'est_top_odds': 13.8, 'circle_concentration': 72.9, 'eligible_count': 9, 'bet_adj': 0, 'reason': 'rel_win1=56.8%（本命度） / 最有力組み合わせ確率: 0.097（推定実オッズ?14倍） / 2着集中度: 上位2艇 72.9%（補正+0.04） / 総合判定確率: 0.137 / → ヒモはやや固め。上位2艇以外を切ること', 'tenji_trigger': '展示確認: 1号艇伸び良→そのまま採用。悪→飛び組に差し替え。circle_pct上位2艇に絞り込むこと。'}",,,29.5,両建て推奨,9.62,39.5,2,2-3-4|2-4-3|2-3-5|1-2-4|1-2-3|1-3-2|1-3-4|1-4-2,2-3-4|3-1-4|6-1-3|6-1-4|2-4-3|2-3-5|3-1-5|1-2-4|1-2-3|1-3-2|1-3-4|1-4-2,2-3-4:3.56%|2-4-3:1.86%|2-3-5:1.8%|1-2-4:7.13%|1-2-3:6.46%|1-3-2:4.81%|1-3-4:3.91%|1-4-2:3.32%,2-3-4:B_main|2-4-3:B_main|2-3-5:B_main|1-2-4:A|1-2-3:A|1-3-2:A|1-3-4:A|1-4-2:A,8,12,0.4535,1,[!]見送り推奨（主役決まり手「まくり」― 逃げ劣勢レースで的中実績なし）,荒れ広め,D
2025-10-21,丸亀,1,2,三好勇人,B1,38.71,2,▲,15.7767,47.3,100,70.3,0.1291,2.4297,,,0,低,88,0,-,1 52,0,54.9,0.8547,0,0.0345,0.1379,0,0,0.0133,0.16,0.0533,,◎,D,△,,0.5705,0.6185,,0.2629,B,52,0,◎○△フォーメーション（15〜20点）,0.5777,"{'is_target': True, 'verdict': '点数絞り', 'max_combo_prob': 0.0967, 'est_top_odds': 13.8, 'circle_concentration': 72.9, 'eligible_count': 9, 'bet_adj': 0, 'reason': 'rel_win1=56.8%（本命度） / 最有力組み合わせ確率: 0.097（推定実オッズ?14倍） / 2着集中度: 上位2艇 72.9%（補正+0.04） / 総合判定確率: 0.137 / → ヒモはやや固め。上位2艇以外を切ること', 'tenji_trigger': '展示確認: 1号艇伸び良→そのまま採用。悪→飛び組に差し替え。circle_pct上位2艇に絞り込むこと。'}",,,29.5,両建て推奨,9.62,39.5,2,,,,,,,,,,,
2025-10-21,丸亀,1,3,多田有佑,B1,44.44,3,○,11.2124,25.6,60,48.1,0.1761,3.3519,,,0,低,170,0,-,5 46,0,54.6,0.966,0,0,0.125,0,0,0,0.2632,0.1579,,,B,,,0.2779,0.5565,,0.2629,B,52,0,◎○△フォーメーション（15〜20点）,0.5777,"{'is_target': True, 'verdict': '点数絞り', 'max_combo_prob': 0.0967, 'est_top_odds': 13.8, 'circle_concentration': 72.9, 'eligible_count': 9, 'bet_adj': 0, 'reason': 'rel_win1=56.8%（本命度） / 最有力組み合わせ確率: 0.097（推定実オッズ?14倍） / 2着集中度: 上位2艇 72.9%（補正+0.04） / 総合判定確率: 0.137 / → ヒモはやや固め。上位2艇以外を切ること', 'tenji_trigger': '展示確認: 1号艇伸び良→そのまま採用。悪→飛び組に差し替え。circle_pct上位2艇に絞り込むこと。'}",,,29.5,両建て推奨,9.62,39.5,2,,,,,,,,,,,
2025-10-21,丸亀,1,4,星野太郎,B1,35.71,4,,9.5541,14.5,77,46.4,0.1879,3.8571,,,0,低,157,0,ま0% 差ま0%,141,0,64.9,1.0204,0,0,0.0476,0.0476,0,0.0333,0.0667,0.25,,,D,○,,0.222,0.63,,0.2629,B,52,0,◎○△フォーメーション（15〜20点）,0.5777,"{'is_target': True, 'verdict': '点数絞り', 'max_combo_prob': 0.0967, 'est_top_odds': 13.8, 'circle_concentration': 72.9, 'eligible_count': 9, 'bet_adj': 0, 'reason': 'rel_win1=56.8%（本命度） / 最有力組み合わせ確率: 0.097（推定実オッズ?14倍） / 2着集中度: 上位2艇 72.9%（補正+0.04） / 総合判定確率: 0.137 / → ヒモはやや固め。上位2艇以外を切ること', 'tenji_trigger': '展示確認: 1号艇伸び良→そのまま採用。悪→飛び組に差し替え。circle_pct上位2艇に絞り込むこと。'}",,,29.5,両建て推奨,9.62,39.5,2,,,,,,,,,,,
2025-10-21,丸亀,1,5,大澤大夢,B1,39.29,5,△,5.2488,12.3,64,28.6,0.1676,3.5071,,,0,低,103,0,-,554,0,23.4,0.3169,0,0,0,0.0323,0,0.1632,0.1421,0.1211,,,C,◎,,0.2907,0.644,,0.2629,B,52,0,◎○△フォーメーション（15〜20点）,0.5777,"{'is_target': True, 'verdict': '点数絞り', 'max_combo_prob': 0.0967, 'est_top_odds': 13.8, 'circle_concentration': 72.9, 'eligible_count': 9, 'bet_adj': 0, 'reason': 'rel_win1=56.8%（本命度） / 最有力組み合わせ確率: 0.097（推定実オッズ?14倍） / 2着集中度: 上位2艇 72.9%（補正+0.04） / 総合判定確率: 0.137 / → ヒモはやや固め。上位2艇以外を切ること', 'tenji_trigger': '展示確認: 1号艇伸び良→そのまま採用。悪→飛び組に差し替え。circle_pct上位2艇に絞り込むこと。'}",,,29.5,両建て推奨,9.62,39.5,2,,,,,,,,,,,
2025-10-21,丸亀,1,6,藤原　駿,B2,40.74,6,,1.3921,0.3,13,1.2,0.2311,4.8214,,,0,低,51,0,-,665,0,23.4,0.5506,,,,,,,,,,,C,,,0.139,0.42,,0.2629,B,52,0,◎○△フォーメーション（15〜20点）,0.5777,"{'is_target': True, 'verdict': '点数絞り', 'max_combo_prob': 0.0967, 'est_top_odds': 13.8, 'circle_concentration': 72.9, 'eligible_count': 9, 'bet_adj': 0, 'reason': 'rel_win1=56.8%（本命度） / 最有力組み合わせ確率: 0.097（推定実オッズ?14倍） / 2着集中度: 上位2艇 72.9%（補正+0.04） / 総合判定確率: 0.137 / → ヒモはやや固め。上位2艇以外を切ること', 'tenji_trigger': '展示確認: 1号艇伸び良→そのまま採用。悪→飛び組に差し替え。circle_pct上位2艇に絞り込むこと。'}",,,29.5,両建て推奨,9.62,39.5,2,,,,,,,,,,,
2025-10-21,丸亀,2,1,小林基樹,B1,21.05,1,▲,44.3279,,0,50,0.1822,3.8611,,,0,低,167,0,-,4 65,0,87.4,1.1646,0.1818,,,,,0.2727,0.2727,0.0909,△,,E,,,,0.5755,,0.2057,C,37,0,荒れ傾向。高配当狙いか見送り,0.5777,"{'is_target': False, 'verdict': '対象外', 'max_combo_prob': None, 'est_top_odds': None, 'circle_concentration': None, 'eligible_count': 0, 'bet_adj': 0, 'reason': '1号艇rel_win1 < 45%: 通常判定に委ねる', 'tenji_trigger': ''}",,,32.1,両建て推奨,16.77,40.8,4,3-1-4|1-3-4|1-2-4|1-3-5|1-4-3|1-2-3,4-1-5|6-1-4|3-1-4|6-1-2|4-1-6|6-4-1|6-2-1|1-3-4|1-2-4|1-3-5|1-4-3|1-2-3,3-1-4:2.46%|1-3-4:7.64%|1-2-4:6.62%|1-3-5:5.85%|1-4-3:5.34%|1-2-3:5.25%,3-1-4:B_main|1-3-4:A|1-2-4:A|1-3-5:A|1-4-3:A|1-2-3:A,6,12,0.4535,1,[!]見送り推奨（主役決まり手「まくり差し」― 逃げ劣勢レースで的中実績なし）,荒れ広め,D
2025-10-21,丸亀,2,2,岩永節也,B1,29.63,2,,9.5686,20.3,53,34.7,0.1712,3.7857,,,0,低,117,0,-,455,0,12.3,0.3634,,,,,,0.3647,0.2706,0.2471,,△,D,△,,0.4375,0.5985,,0.2057,C,37,0,荒れ傾向。高配当狙いか見送り,0.5777,"{'is_target': False, 'verdict': '対象外', 'max_combo_prob': None, 'est_top_odds': None, 'circle_concentration': None, 'eligible_count': 0, 'bet_adj': 0, 'reason': '1号艇rel_win1 < 45%: 通常判定に委ねる', 'tenji_trigger': ''}",,,32.1,両建て推奨,16.77,40.8,4,,,,,,,,,,,
2025-10-21,丸亀,2,3,渡邉　健,A2,41.94,3,○,20.5797,31.9,96,66.7,0.149,2.7745,,,0,低,89,0,差ま0%,1263,0,70.1,1.1685,0,0,0,0.1071,0.0714,0.1304,0.1304,0.087,,◎,B,,,0.4671,0.589,,0.2057,C,37,0,荒れ傾向。高配当狙いか見送り,0.5777,"{'is_target': False, 'verdict': '対象外', 'max_combo_prob': None, 'est_top_odds': None, 'circle_concentration': None, 'eligible_count': 0, 'bet_adj': 0, 'reason': '1号艇rel_win1 < 45%: 通常判定に委ねる', 'tenji_trigger': ''}",,,32.1,両建て推奨,16.77,40.8,4,,,,,,,,,,,
2025-10-21,丸亀,2,4,船岡洋一,A1,23.81,4,△,16.3813,25.8,100,67.3,0.1439,3.0612,,,0,低,67,0,差ま0%,1521,0,65.2,1.1449,0,0,0.05,0.15,0,0.0811,0.027,0.1081,,○,D,○,◎,0.4601,0.6315,0.4595,0.2057,C,37,0,荒れ傾向。高配当狙いか見送り,0.5777,"{'is_target': False, 'verdict': '対象外', 'max_combo_prob': None, 'est_top_odds': None, 'circle_concentration': None, 'eligible_count': 0, 'bet_adj': 0, 'reason': '1号艇rel_win1 < 45%: 通常判定に委ねる', 'tenji_trigger': ''}",,,32.1,両建て推奨,16.77,40.8,4,,,,,,,,,,,
2025-10-21,丸亀,2,5,木下大將,B1,48.28,5,◎,6.4768,20.2,57,47.5,0.1434,3.5656,,,0,低,82,0,抜0%,1 21,0,75.5,1.3064,0,0,0,0,0.0417,0.1053,0.0526,0.0526,,,A,◎,,0.4335,0.6535,,0.2057,C,37,0,荒れ傾向。高配当狙いか見送り,0.5777,"{'is_target': False, 'verdict': '対象外', 'max_combo_prob': None, 'est_top_odds': None, 'circle_concentration': None, 'eligible_count': 0, 'bet_adj': 0, 'reason': '1号艇rel_win1 < 45%: 通常判定に委ねる', 'tenji_trigger': ''}",,,32.1,両建て推奨,16.77,40.8,4,,,,,,,,,,,
2025-10-21,丸亀,2,6,石塚裕介,B1,35.48,6,,2.6657,1.7,40,16.7,0.2043,4.925,,,0,低,108,0,-,F64,0,59.7,1.3761,0,0,0,0.04,0,0.1182,0.0545,0.1545,,,C,△,,0.2101,0.61,,0.2057,C,37,0,荒れ傾向。高配当狙いか見送り,0.5777,"{'is_target': False, 'verdict': '対象外', 'max_combo_prob': None, 'est_top_odds': None, 'circle_concentration': None, 'eligible_count': 0, 'bet_adj': 0, 'reason': '1号艇rel_win1 < 45%: 通常判定に委ねる', 'tenji_trigger': ''}",,,32.1,両建て推奨,16.77,40.8,4,,,,,,,,,,,
2025-10-21,丸亀,3,1,花本　剛,B1,42.86,1,◎,44.0674,,0,66,0.1787,3.8723,,,0,低,176,0,逃1%,464,0,82.3,1.0819,0.3462,,,,,0.2077,0.1615,0.1769,△,,A,,,,0.5575,,0.2207,B,49,0,◎○△フォーメーション（15〜20点）,0.5777,"{'is_target': False, 'verdict': '対象外', 'max_combo_prob': None, 'est_top_odds': None, 'circle_concentration': None, 'eligible_count': 0, 'bet_adj': 0, 'reason': '1号艇rel_win1 < 45%: 通常判定に委ねる', 'tenji_trigger': ''}",,,31.9,両建て推奨,22.49,35.5,3,3-5-4|3-4-5|1-3-2|1-2-3|1-3-5|1-2-5|1-5-2,6-1-2|6-2-1|3-5-4|3-4-5|2-1-4|6-1-4|2-1-5|1-3-2|1-2-3|1-3-5|1-2-5|1-5-2,3-5-4:1.93%|3-4-5:1.79%|1-3-2:8.3%|1-2-3:6.81%|1-3-5:6.04%|1-2-5:4.98%|1-5-2:3.07%,3-5-4:B_main|3-4-5:B_main|1-3-2:A|1-2-3:A|1-3-5:A|1-2-5:A|1-5-2:A,7,12,0.4535,1,[!]見送り推奨（主役決まり手「まくり」― 逃げ劣勢レースで的中実績なし）,荒れ広め,D
2025-10-21,丸亀,3,2,数原　魁,A2,15.79,2,△,14.8136,31.3,100,58.2,0.1665,3.4364,,,0,低,104,0,-,2 36,0,81.7,0.5781,0,0.1111,0.0741,0,0.037,0.0381,0.0762,0.2095,,○,E,○,,0.477,0.631,,0.2207,B,49,0,◎○△フォーメーション（15〜20点）,0.5777,"{'is_target': False, 'verdict': '対象外', 'max_combo_prob': None, 'est_top_odds': None, 'circle_concentration': None, 'eligible_count': 0, 'bet_adj': 0, 'reason': '1号艇rel_win1 < 45%: 通常判定に委ねる', 'tenji_trigger': ''}",,,31.9,両建て推奨,22.49,35.5,3,,,,,,,,,,,
2025-10-21,丸亀,3,3,松下一也,A1,19.23,3,○,21.112,48.3,64,73.7,0.1307,2.7105,,,0,低,48,0,ま0% 差ま0%,462,0,85.5,1.594,0,0,0.1739,0.087,0,0.1726,0.0211,0.0316,,◎,D,◎,,0.5216,0.675,,0.2207,B,49,0,◎○△フォーメーション（15〜20点）,0.5777,"{'is_target': False, 'verdict': '対象外', 'max_combo_prob': None, 'est_top_odds': None, 'circle_concentration': None, 'eligible_count': 0, 'bet_adj': 0, 'reason': '1号艇rel_win1 < 45%: 通常判定に委ねる', 'tenji_trigger': ''}",,,31.9,両建て推奨,22.49,35.5,3,,,,,,,,,,,
2025-10-21,丸亀,3,4,三原　司,B1,11.76,4,,7.6447,8.4,72,31.5,0.1869,4.1667,,,0,低,167,0,-,243,0,32.7,0.7591,0,0.0385,0,0,0,0.2452,0.2071,0.0571,,,E,△,,0.2697,0.624,,0.2207,B,49,0,◎○△フォーメーション（15〜20点）,0.5777,"{'is_target': False, 'verdict': '対象外', 'max_combo_prob': None, 'est_top_odds': None, 'circle_concentration': None, 'eligible_count': 0, 'bet_adj': 0, 'reason': '1号艇rel_win1 < 45%: 通常判定に委ねる', 'tenji_trigger': ''}",,,31.9,両建て推奨,22.49,35.5,3,,,,,,,,,,,
2025-10-21,丸亀,3,5,重冨勇哉,B1,30.00,5,▲,11.1306,11.7,96,36.6,0.1856,3.3659,,,0,低,99,0,-,5 24,0,27,1.4014,0,0.0417,0,0,0,0.3242,0.0632,0.2042,,,C,△,,0.2854,0.57,,0.2207,B,49,0,◎○△フォーメーション（15〜20点）,0.5777,"{'is_target': False, 'verdict': '対象外', 'max_combo_prob': None, 'est_top_odds': None, 'circle_concentration': None, 'eligible_count': 0, 'bet_adj': 0, 'reason': '1号艇rel_win1 < 45%: 通常判定に委ねる', 'tenji_trigger': ''}",,,31.9,両建て推奨,22.49,35.5,3,,,,,,,,,,,
2025-10-21,丸亀,3,6,吉原快誓,B2,60.00,6,,1.2316,0.3,14,1.5,0.1972,4.2826,,,0,低,37,0,-,6 66,0,27,0.5461,,,,,,,,,,,A,,,0.2792,0.5335,,0.2207,B,49,0,◎○△フォーメーション（15〜20点）,0.5777,"{'is_target': False, 'verdict': '対象外', 'max_combo_prob': None, 'est_top_odds': None, 'circle_concentration': None, 'eligible_count': 0, 'bet_adj': 0, 'reason': '1号艇rel_win1 < 45%: 通常判定に委ねる', 'tenji_trigger': ''}",,,31.9,両建て推奨,22.49,35.5,3,,,,,,,,,,,
2025-10-21,丸亀,4,1,島田一生,B1,28.57,1,◎,45.0593,,0,81.6,0.1484,2.8421,,,0,低,101,0,逃0%,6 35,0,63.2,0.8609,0.381,,,,,0.1905,0.2857,0.0476,○,,D,,,,0.569,,0.4139,B,51,0,◎○△フォーメーション（15〜20点）,0.5777,"{'is_target': True, 'verdict': '点数絞り', 'max_combo_prob': 0.0891, 'est_top_odds': 15.0, 'circle_concentration': 75.8, 'eligible_count': 9, 'bet_adj': 0, 'reason': 'rel_win1=45.1%（本命度） / 最有力組み合わせ確率: 0.089（推定実オッズ?15倍） / 2着集中度: 上位2艇 75.8%（補正+0.04） / 総合判定確率: 0.129 / → ヒモはやや固め。上位2艇以外を切ること', 'tenji_trigger': '展示確認: 1号艇伸び良→そのまま採用。悪→飛び組に差し替え。circle_pct上位2艇に絞り込むこと。'}",,,31.5,両建て推奨,21.67,35,2,,,,,0,0,0.6155,0,,主役軸流し,B
2025-10-21,丸亀,4,2,中澤和志,A1,15.79,2,○,28.9612,56.2,89,85.4,0.1344,2.878,,,0,低,46,0,差0% ま0% 抜0%,1241,0,87.5,1.524,0,0.2727,0.0909,0,0.0455,0.1099,0.1315,0.1207,,◎,E,◎,,0.5281,0.6735,,0.4139,B,51,0,◎○△フォーメーション（15〜20点）,0.5777,"{'is_target': True, 'verdict': '点数絞り', 'max_combo_prob': 0.0891, 'est_top_odds': 15.0, 'circle_concentration': 75.8, 'eligible_count': 9, 'bet_adj': 0, 'reason': 'rel_win1=45.1%（本命度） / 最有力組み合わせ確率: 0.089（推定実オッズ?15倍） / 2着集中度: 上位2艇 75.8%（補正+0.04） / 総合判定確率: 0.129 / → ヒモはやや固め。上位2艇以外を切ること', 'tenji_trigger': '展示確認: 1号艇伸び良→そのまま採用。悪→飛び組に差し替え。circle_pct上位2艇に絞り込むこと。'}",,,31.5,両建て推奨,21.67,35,2,,,,,,,,,,,
2025-10-21,丸亀,4,3,飯田庄吾,B1,40.91,3,,6.0566,10.3,100,33.3,0.1609,3.5789,,,0,低,145,0,-,4 35,0,25.9,0.6354,,,,,,0,0.2611,0.5833,,,B,△,,0.2793,0.6,,0.4139,B,51,0,◎○△フォーメーション（15〜20点）,0.5777,"{'is_target': True, 'verdict': '点数絞り', 'max_combo_prob': 0.0891, 'est_top_odds': 15.0, 'circle_concentration': 75.8, 'eligible_count': 9, 'bet_adj': 0, 'reason': 'rel_win1=45.1%（本命度） / 最有力組み合わせ確率: 0.089（推定実オッズ?15倍） / 2着集中度: 上位2艇 75.8%（補正+0.04） / 総合判定確率: 0.129 / → ヒモはやや固め。上位2艇以外を切ること', 'tenji_trigger': '展示確認: 1号艇伸び良→そのまま採用。悪→飛び組に差し替え。circle_pct上位2艇に絞り込むこと。'}",,,31.5,両建て推奨,21.67,35,2,,,,,,,,,,,
2025-10-21,丸亀,4,4,浜野孝志,A2,40.63,4,▲,13.7148,19.7,64,45.9,0.1516,3.1393,,,0,低,118,0,-,3113,0,63.3,1.1419,0,0.0333,0.1,0.0333,0,0.2227,0.0485,0.1235,,,B,○,◎,0.3297,0.6235,0.4251,0.4139,B,51,0,◎○△フォーメーション（15〜20点）,0.5777,"{'is_target': True, 'verdict': '点数絞り', 'max_combo_prob': 0.0891, 'est_top_odds': 15.0, 'circle_concentration': 75.8, 'eligible_count': 9, 'bet_adj': 0, 'reason': 'rel_win1=45.1%（本命度） / 最有力組み合わせ確率: 0.089（推定実オッズ?15倍） / 2着集中度: 上位2艇 75.8%（補正+0.04） / 総合判定確率: 0.129 / → ヒモはやや固め。上位2艇以外を切ること', 'tenji_trigger': '展示確認: 1号艇伸び良→そのまま採用。悪→飛び組に差し替え。circle_pct上位2艇に絞り込むこと。'}",,,31.5,両建て推奨,21.67,35,2,,,,,,,,,,,
2025-10-21,丸亀,4,5,山崎　祥,B1,45.16,5,△,5.0574,11.1,69,43.5,0.2017,4.0652,,,0,低,131,0,差ま0%,4433,0,58,1.1631,0,0,0,0.04,0,0.3238,0,0.0667,,,A,,,0.1546,0.5955,,0.4139,B,51,0,◎○△フォーメーション（15〜20点）,0.5777,"{'is_target': True, 'verdict': '点数絞り', 'max_combo_prob': 0.0891, 'est_top_odds': 15.0, 'circle_concentration': 75.8, 'eligible_count': 9, 'bet_adj': 0, 'reason': 'rel_win1=45.1%（本命度） / 最有力組み合わせ確率: 0.089（推定実オッズ?15倍） / 2着集中度: 上位2艇 75.8%（補正+0.04） / 総合判定確率: 0.129 / → ヒモはやや固め。上位2艇以外を切ること', 'tenji_trigger': '展示確認: 1号艇伸び良→そのまま採用。悪→飛び組に差し替え。circle_pct上位2艇に絞り込むこと。'}",,,31.5,両建て推奨,21.67,35,2,,,,,,,,,,,
2025-10-21,丸亀,4,6,山下流心,B1,35.71,6,,1.1508,2.8,51,13.5,0.2151,5.1216,,,0,低,117,0,-,331,0,26.2,0.5483,,,,,,0.1571,0.0714,0.2286,,,C,△,,0.1816,0.6225,,0.4139,B,51,0,◎○△フォーメーション（15〜20点）,0.5777,"{'is_target': True, 'verdict': '点数絞り', 'max_combo_prob': 0.0891, 'est_top_odds': 15.0, 'circle_concentration': 75.8, 'eligible_count': 9, 'bet_adj': 0, 'reason': 'rel_win1=45.1%（本命度） / 最有力組み合わせ確率: 0.089（推定実オッズ?15倍） / 2着集中度: 上位2艇 75.8%（補正+0.04） / 総合判定確率: 0.129 / → ヒモはやや固め。上位2艇以外を切ること', 'tenji_trigger': '展示確認: 1号艇伸び良→そのまま採用。悪→飛び組に差し替え。circle_pct上位2艇に絞り込むこと。'}",,,31.5,両建て推奨,21.67,35,2,,,,,,,,,,,
2025-10-21,丸亀,5,1,福田　理,B1,33.33,1,◎,42.4596,,0,66,0.1723,3.7128,,,0,低,126,0,-,335,0,98.4,1.4321,0.3043,,,,,0.1446,0.4967,0.1446,△,,E,△,,,0.594,,0.2418,B,47,0,◎○△フォーメーション（15〜20点）,0.5777,"{'is_target': False, 'verdict': '対象外', 'max_combo_prob': None, 'est_top_odds': None, 'circle_concentration': None, 'eligible_count': 0, 'bet_adj': 0, 'reason': '1号艇rel_win1 < 45%: 通常判定に委ねる', 'tenji_trigger': ''}",,,32.2,両建て推奨,17.28,40.6,2,2-3-5|1-2-5|1-3-5|1-2-3|1-3-2|1-5-2,4-1-5|6-1-3|2-3-5|6-1-4|4-1-6|6-3-1|6-1-5|1-2-5|1-3-5|1-2-3|1-3-2|1-5-2,2-3-5:2.29%|1-2-5:10.84%|1-3-5:7.63%|1-2-3:7.33%|1-3-2:6.71%|1-5-2:5.15%,2-3-5:B_main|1-2-5:A|1-3-5:A|1-2-3:A|1-3-2:A|1-5-2:A,6,12,0.4535,1,[!]見送り推奨（主役決まり手「まくり」― 逃げ劣勢レースで的中実績なし）,荒れ広め,D
2025-10-21,丸亀,5,2,森　悠稀,A2,17.39,2,,11.1473,46.6,95,68.8,0.1497,3.3443,,,0,低,62,0,-,5 23,0,99.4,1.929,0,0,0.037,0,0,0.0552,0.0276,0.0552,,◎,E,○,,0.5513,0.6755,,0.2418,B,47,0,◎○△フォーメーション（15〜20点）,0.5777,"{'is_target': False, 'verdict': '対象外', 'max_combo_prob': None, 'est_top_odds': None, 'circle_concentration': None, 'eligible_count': 0, 'bet_adj': 0, 'reason': '1号艇rel_win1 < 45%: 通常判定に委ねる', 'tenji_trigger': ''}",,,32.2,両建て推奨,17.28,40.6,2,,,,,,,,,,,
2025-10-21,丸亀,5,3,後藤　浩,B1,70.97,3,○,16.8279,31.2,90,66.7,0.1589,3.4907,,,0,低,120,0,-,3 26,0,39,0.9556,0,0,0.0455,0.0455,0,0.0556,0.2222,0,,△,A,△,,0.4107,0.6325,,0.2418,B,47,0,◎○△フォーメーション（15〜20点）,0.5777,"{'is_target': False, 'verdict': '対象外', 'max_combo_prob': None, 'est_top_odds': None, 'circle_concentration': None, 'eligible_count': 0, 'bet_adj': 0, 'reason': '1号艇rel_win1 < 45%: 通常判定に委ねる', 'tenji_trigger': ''}",,,32.2,両建て推奨,17.28,40.6,2,,,,,,,,,,,
2025-10-21,丸亀,5,4,中村守成,B1,59.38,4,,12.0454,7.6,51,40,0.1888,4.06,,,0,低,159,0,-,2 56,0,28.9,0.7485,0,0.0476,0.0476,0,0,0.08,0.289,0.123,,,B,,,0.2995,0.591,,0.2418,B,47,0,◎○△フォーメーション（15〜20点）,0.5777,"{'is_target': False, 'verdict': '対象外', 'max_combo_prob': None, 'est_top_odds': None, 'circle_concentration': None, 'eligible_count': 0, 'bet_adj': 0, 'reason': '1号艇rel_win1 < 45%: 通常判定に委ねる', 'tenji_trigger': ''}",,,32.2,両建て推奨,17.28,40.6,2,,,,,,,,,,,
2025-10-21,丸亀,5,5,永田啓二,A1,35.71,5,▲,16.1438,14.3,100,69.4,0.1224,2.2041,,,0,低,50,0,ま0%,2 15,0,58.7,1.1971,0,0,0.037,0.1111,0,0.2783,0.0089,0.0267,,○,D,◎,◎,0.5351,0.688,0.4943,0.2418,B,47,0,◎○△フォーメーション（15〜20点）,0.5777,"{'is_target': False, 'verdict': '対象外', 'max_combo_prob': None, 'est_top_odds': None, 'circle_concentration': None, 'eligible_count': 0, 'bet_adj': 0, 'reason': '1号艇rel_win1 < 45%: 通常判定に委ねる', 'tenji_trigger': ''}",,,32.2,両建て推奨,17.28,40.6,2,,,,,,,,,,,
2025-10-21,丸亀,5,6,山本凱立,B2,75.00,6,△,1.376,0.2,13,0,0.2046,4.37,,,0,低,56,0,-,6 46,0,28.6,0.5461,,,,,,,,,,,A,,,0.2831,0.4725,,0.2418,B,47,0,◎○△フォーメーション（15〜20点）,0.5777,"{'is_target': False, 'verdict': '対象外', 'max_combo_prob': None, 'est_top_odds': None, 'circle_concentration': None, 'eligible_count': 0, 'bet_adj': 0, 'reason': '1号艇rel_win1 < 45%: 通常判定に委ねる', 'tenji_trigger': ''}",,,32.2,両建て推奨,17.28,40.6,2,,,,,,,,,,,
2025-10-21,丸亀,6,1,荒川健太,A2,41.38,1,◎,54.2233,,0,95.5,0.1403,2.6292,,,0,低,145,0,逃1%,2 13,0,83.1,1.0124,0.7297,,,,,0,0.1957,0.0108,◎,,C,△,,,0.5905,,0.6098,A,70,0,◎-○軸 3着3〜4艇流し（10〜15点）,0.5777,"{'is_target': True, 'verdict': '参加推奨', 'max_combo_prob': 0.0586, 'est_top_odds': 22.8, 'circle_concentration': 60.1, 'eligible_count': 8, 'bet_adj': 2, 'reason': 'rel_win1=54.2%（本命度） / 最有力組み合わせ確率: 0.059（推定実オッズ?23倍） / 2着集中度: 上位2艇 60.1%（補正+0.00） / 総合判定確率: 0.059 / → ヒモ分散。1号艇1着固定で広めのヒモ流し推奨（買い目+2点）', 'tenji_trigger': '展示確認: ヒモ分散レース。1号艇伸び確認後、広めのヒモ流しを採用。穴ヒモ（5・6号艇）を積極的に含める。'}",,,28.4,逃げ狙い,21.09,26.7,4,,,,,0,0,0.7559,0,,逃げ軸流し,A
2025-10-21,丸亀,6,2,山田和佐,B1,34.48,2,,7.879,27.8,96,45.2,0.164,3.6774,,,0,低,130,0,ま0%,5 66,0,36.4,0.8991,0,0.0294,0.0294,0,0,0.1769,0.0308,0.1923,,,E,,,0.0682,0.5895,,0.6098,A,70,0,◎-○軸 3着3〜4艇流し（10〜15点）,0.5777,"{'is_target': True, 'verdict': '参加推奨', 'max_combo_prob': 0.0586, 'est_top_odds': 22.8, 'circle_concentration': 60.1, 'eligible_count': 8, 'bet_adj': 2, 'reason': 'rel_win1=54.2%（本命度） / 最有力組み合わせ確率: 0.059（推定実オッズ?23倍） / 2着集中度: 上位2艇 60.1%（補正+0.00） / 総合判定確率: 0.059 / → ヒモ分散。1号艇1着固定で広めのヒモ流し推奨（買い目+2点）', 'tenji_trigger': '展示確認: ヒモ分散レース。1号艇伸び確認後、広めのヒモ流しを採用。穴ヒモ（5・6号艇）を積極的に含める。'}",,,28.4,逃げ狙い,21.09,26.7,4,,,,,,,,,,,
2025-10-21,丸亀,6,3,古賀繁輝,A2,55.17,3,○,17.691,32.3,89,72.1,0.1416,3.1279,,,0,低,54,0,ま0%,252,0,42.2,1.0373,0,0,0.2353,0,0,0,0.0308,0.0308,,,A,◎,,0.3307,0.664,,0.6098,A,70,0,◎-○軸 3着3〜4艇流し（10〜15点）,0.5777,"{'is_target': True, 'verdict': '参加推奨', 'max_combo_prob': 0.0586, 'est_top_odds': 22.8, 'circle_concentration': 60.1, 'eligible_count': 8, 'bet_adj': 2, 'reason': 'rel_win1=54.2%（本命度） / 最有力組み合わせ確率: 0.059（推定実オッズ?23倍） / 2着集中度: 上位2艇 60.1%（補正+0.00） / 総合判定確率: 0.059 / → ヒモ分散。1号艇1着固定で広めのヒモ流し推奨（買い目+2点）', 'tenji_trigger': '展示確認: ヒモ分散レース。1号艇伸び確認後、広めのヒモ流しを採用。穴ヒモ（5・6号艇）を積極的に含める。'}",,,28.4,逃げ狙い,21.09,26.7,4,,,,,,,,,,,
2025-10-21,丸亀,6,4,尾嶋一広,A1,37.93,4,,13.4093,23.3,100,79.6,0.1531,3.1204,,,0,低,99,0,-,1 15,0,67.2,1.1951,0,0,0.16,0.04,0.08,0.0541,0.0541,0.1081,,,D,○,◎,0.2661,0.6515,0.4469,0.6098,A,70,0,◎-○軸 3着3〜4艇流し（10〜15点）,0.5777,"{'is_target': True, 'verdict': '参加推奨', 'max_combo_prob': 0.0586, 'est_top_odds': 22.8, 'circle_concentration': 60.1, 'eligible_count': 8, 'bet_adj': 2, 'reason': 'rel_win1=54.2%（本命度） / 最有力組み合わせ確率: 0.059（推定実オッズ?23倍） / 2着集中度: 上位2艇 60.1%（補正+0.00） / 総合判定確率: 0.059 / → ヒモ分散。1号艇1着固定で広めのヒモ流し推奨（買い目+2点）', 'tenji_trigger': '展示確認: ヒモ分散レース。1号艇伸び確認後、広めのヒモ流しを採用。穴ヒモ（5・6号艇）を積極的に含める。'}",,,28.4,逃げ狙い,21.09,26.7,4,,,,,,,,,,,
2025-10-21,丸亀,6,5,藤原　駿,B2,40.74,5,▲,5.8188,13.6,58,0,0.12,4,,,0,低,51,1,-,665,0,26.4,0.7348,,,,,,,,,,,C,,,0.3735,0.42,,0.6098,A,70,0,◎-○軸 3着3〜4艇流し（10〜15点）,0.5777,"{'is_target': True, 'verdict': '参加推奨', 'max_combo_prob': 0.0586, 'est_top_odds': 22.8, 'circle_concentration': 60.1, 'eligible_count': 8, 'bet_adj': 2, 'reason': 'rel_win1=54.2%（本命度） / 最有力組み合わせ確率: 0.059（推定実オッズ?23倍） / 2着集中度: 上位2艇 60.1%（補正+0.00） / 総合判定確率: 0.059 / → ヒモ分散。1号艇1着固定で広めのヒモ流し推奨（買い目+2点）', 'tenji_trigger': '展示確認: ヒモ分散レース。1号艇伸び確認後、広めのヒモ流しを採用。穴ヒモ（5・6号艇）を積極的に含める。'}",,,28.4,逃げ狙い,21.09,26.7,4,,,,,,,,,,,
2025-10-21,丸亀,6,6,宮野　仁,B1,52.94,6,△,0.9786,3,45,18,0.2568,5.19,,,0,低,175,0,-,F 5,0,33.9,1.4206,,,,,,0.0571,0.0286,0.3143,,,B,△,,0.135,0.6005,,0.6098,A,70,0,◎-○軸 3着3〜4艇流し（10〜15点）,0.5777,"{'is_target': True, 'verdict': '参加推奨', 'max_combo_prob': 0.0586, 'est_top_odds': 22.8, 'circle_concentration': 60.1, 'eligible_count': 8, 'bet_adj': 2, 'reason': 'rel_win1=54.2%（本命度） / 最有力組み合わせ確率: 0.059（推定実オッズ?23倍） / 2着集中度: 上位2艇 60.1%（補正+0.00） / 総合判定確率: 0.059 / → ヒモ分散。1号艇1着固定で広めのヒモ流し推奨（買い目+2点）', 'tenji_trigger': '展示確認: ヒモ分散レース。1号艇伸び確認後、広めのヒモ流しを採用。穴ヒモ（5・6号艇）を積極的に含める。'}",,,28.4,逃げ狙い,21.09,26.7,4,,,,,,,,,,,
2025-10-21,丸亀,7,1,石田章央,A2,37.93,1,◎,51.1404,,0,92.8,0.1541,3.0515,,,0,低,127,0,逃0%,5 12,0,70.3,0.9787,0.5714,,,,,0.1022,0.0571,0.1022,◎,,C,◎,,,0.652,,0.4586,A,76,0,◎-○軸 3着3〜4艇流し（10〜15点）,0.5777,"{'is_target': True, 'verdict': '点数絞り', 'max_combo_prob': 0.0846, 'est_top_odds': 15.8, 'circle_concentration': 79.0, 'eligible_count': 8, 'bet_adj': 0, 'reason': 'rel_win1=51.1%（本命度） / 最有力組み合わせ確率: 0.085（推定実オッズ?16倍） / 2着集中度: 上位2艇 79.0%（補正+0.04） / 総合判定確率: 0.125 / → ヒモはやや固め。上位2艇以外を切ること', 'tenji_trigger': '展示確認: 1号艇伸び良→そのまま採用。悪→飛び組に差し替え。circle_pct上位2艇に絞り込むこと。'}",,,29.7,逃げ狙い,23.47,28.3,3,,,,,0,0,0.7559,0,,逃げ軸流し,A
2025-10-21,丸亀,7,2,渡邉　健,A2,41.94,2,▲,14.152,48.4,63,57.1,0.1335,2.8265,,,0,低,89,0,差0% ま0% 抜0%,1263,0,48,0.9586,0,0.0345,0.069,0,0.0345,0.1304,0.1304,0.087,,◎,B,△,,0.5319,0.589,,0.4586,A,76,0,◎-○軸 3着3〜4艇流し（10〜15点）,0.5777,"{'is_target': True, 'verdict': '点数絞り', 'max_combo_prob': 0.0846, 'est_top_odds': 15.8, 'circle_concentration': 79.0, 'eligible_count': 8, 'bet_adj': 0, 'reason': 'rel_win1=51.1%（本命度） / 最有力組み合わせ確率: 0.085（推定実オッズ?16倍） / 2着集中度: 上位2艇 79.0%（補正+0.04） / 総合判定確率: 0.125 / → ヒモはやや固め。上位2艇以外を切ること', 'tenji_trigger': '展示確認: 1号艇伸び良→そのまま採用。悪→飛び組に差し替え。circle_pct上位2艇に絞り込むこと。'}",,,29.7,逃げ狙い,23.47,28.3,3,,,,,,,,,,,
2025-10-21,丸亀,7,3,竹間隆晟,A1,42.86,3,○,19.614,30.5,74,78.4,0.1489,2.8649,,,0,低,83,0,差0% ま0% 差ま0%,265,0,86.3,1.6254,0,0.1176,0.1176,0.1176,0,0,0.12,0.08,,△,A,,,0.3571,0.5415,,0.4586,A,76,0,◎-○軸 3着3〜4艇流し（10〜15点）,0.5777,"{'is_target': True, 'verdict': '点数絞り', 'max_combo_prob': 0.0846, 'est_top_odds': 15.8, 'circle_concentration': 79.0, 'eligible_count': 8, 'bet_adj': 0, 'reason': 'rel_win1=51.1%（本命度） / 最有力組み合わせ確率: 0.085（推定実オッズ?16倍） / 2着集中度: 上位2艇 79.0%（補正+0.04） / 総合判定確率: 0.125 / → ヒモはやや固め。上位2艇以外を切ること', 'tenji_trigger': '展示確認: 1号艇伸び良→そのまま採用。悪→飛び組に差し替え。circle_pct上位2艇に絞り込むこと。'}",,,29.7,逃げ狙い,23.47,28.3,3,,,,,,,,,,,
2025-10-21,丸亀,7,4,重富伸也,B1,26.67,4,,6.9191,10.2,50,27.1,0.1727,3.6771,,,0,低,124,0,ま0%,5 14,0,38.7,0.9634,0,0,0.0625,0,0,0.0615,0,0.3231,,,E,△,,0.2253,0.6085,,0.4586,A,76,0,◎-○軸 3着3〜4艇流し（10〜15点）,0.5777,"{'is_target': True, 'verdict': '点数絞り', 'max_combo_prob': 0.0846, 'est_top_odds': 15.8, 'circle_concentration': 79.0, 'eligible_count': 8, 'bet_adj': 0, 'reason': 'rel_win1=51.1%（本命度） / 最有力組み合わせ確率: 0.085（推定実オッズ?16倍） / 2着集中度: 上位2艇 79.0%（補正+0.04） / 総合判定確率: 0.125 / → ヒモはやや固め。上位2艇以外を切ること', 'tenji_trigger': '展示確認: 1号艇伸び良→そのまま採用。悪→飛び組に差し替え。circle_pct上位2艇に絞り込むこと。'}",,,29.7,逃げ狙い,23.47,28.3,3,,,,,,,,,,,
2025-10-21,丸亀,7,5,星野太郎,B1,35.71,5,,2.1504,9.4,100,38.3,0.178,3.8417,,,0,低,157,0,-,141,0,35.4,1.0462,,,,,,0.0333,0.0667,0.25,,,C,○,,0.245,0.63,,0.4586,A,76,0,◎-○軸 3着3〜4艇流し（10〜15点）,0.5777,"{'is_target': True, 'verdict': '点数絞り', 'max_combo_prob': 0.0846, 'est_top_odds': 15.8, 'circle_concentration': 79.0, 'eligible_count': 8, 'bet_adj': 0, 'reason': 'rel_win1=51.1%（本命度） / 最有力組み合わせ確率: 0.085（推定実オッズ?16倍） / 2着集中度: 上位2艇 79.0%（補正+0.04） / 総合判定確率: 0.125 / → ヒモはやや固め。上位2艇以外を切ること', 'tenji_trigger': '展示確認: 1号艇伸び良→そのまま採用。悪→飛び組に差し替え。circle_pct上位2艇に絞り込むこと。'}",,,29.7,逃げ狙い,23.47,28.3,3,,,,,,,,,,,
2025-10-21,丸亀,7,6,向井田直,B1,27.27,6,△,6.0242,1.4,69,24.2,0.1318,3.1667,,,0,低,29,0,-,F36,0,29.2,0.8919,0,0,0.1176,0,0,,,,,,D,△,,0.3871,0.589,,0.4586,A,76,0,◎-○軸 3着3〜4艇流し（10〜15点）,0.5777,"{'is_target': True, 'verdict': '点数絞り', 'max_combo_prob': 0.0846, 'est_top_odds': 15.8, 'circle_concentration': 79.0, 'eligible_count': 8, 'bet_adj': 0, 'reason': 'rel_win1=51.1%（本命度） / 最有力組み合わせ確率: 0.085（推定実オッズ?16倍） / 2着集中度: 上位2艇 79.0%（補正+0.04） / 総合判定確率: 0.125 / → ヒモはやや固め。上位2艇以外を切ること', 'tenji_trigger': '展示確認: 1号艇伸び良→そのまま採用。悪→飛び組に差し替え。circle_pct上位2艇に絞り込むこと。'}",,,29.7,逃げ狙い,23.47,28.3,3,,,,,,,,,,,
2025-10-21,丸亀,8,1,深川真二,A1,26.32,1,◎,71.3719,,0,94.5,0.1223,2.6301,,,0,低,21,0,逃1%,234,0,92.2,1.3249,0.7632,,,,,0.0105,0.1173,0.0211,◎,,C,○,,,0.6545,,0.7272,S,100,0,◎1着固定 2-3着流し（5〜8点）,0.5777,"{'is_target': True, 'verdict': '点数絞り', 'max_combo_prob': 0.0977, 'est_top_odds': 13.6, 'circle_concentration': 75.9, 'eligible_count': 6, 'bet_adj': 0, 'reason': 'rel_win1=71.4%（本命度） / 最有力組み合わせ確率: 0.098（推定実オッズ?14倍） / 2着集中度: 上位2艇 75.9%（補正+0.04） / 総合判定確率: 0.138 / → ヒモはやや固め。上位2艇以外を切ること', 'tenji_trigger': '展示確認: 1号艇伸び良→そのまま採用。悪→飛び組に差し替え。circle_pct上位2艇に絞り込むこと。\n展示で1号艇スタート超安定(0.122秒)→ヒモ固まり方向に注意'}",,,25.8,逃げ狙い,16.19,23.4,3,,,,,0,0,0.7559,0,,逃げ軸流し,A
2025-10-21,丸亀,8,2,藤田靖弘,A2,22.22,2,▲,10.7373,49.7,100,65.4,0.1498,3.2284,,,0,低,111,0,-,3234,0,40.1,0.861,0,0.0976,0.0488,0,0,0.0533,0.115,0.0267,,,D,◎,,0.0699,0.6755,,0.7272,S,100,0,◎1着固定 2-3着流し（5〜8点）,0.5777,"{'is_target': True, 'verdict': '点数絞り', 'max_combo_prob': 0.0977, 'est_top_odds': 13.6, 'circle_concentration': 75.9, 'eligible_count': 6, 'bet_adj': 0, 'reason': 'rel_win1=71.4%（本命度） / 最有力組み合わせ確率: 0.098（推定実オッズ?14倍） / 2着集中度: 上位2艇 75.9%（補正+0.04） / 総合判定確率: 0.138 / → ヒモはやや固め。上位2艇以外を切ること', 'tenji_trigger': '展示確認: 1号艇伸び良→そのまま採用。悪→飛び組に差し替え。circle_pct上位2艇に絞り込むこと。\n展示で1号艇スタート超安定(0.122秒)→ヒモ固まり方向に注意'}",,,25.8,逃げ狙い,16.19,23.4,3,,,,,,,,,,,
2025-10-21,丸亀,8,3,岩永節也,B1,29.63,3,△,5.7725,17.9,89,31.4,0.1782,4.049,,,0,低,117,0,-,455,0,14.6,0.4644,0,0.0345,0,0,0.0345,0.3647,0.2706,0.2471,,,B,,,0.1045,0.5985,,0.7272,S,100,0,◎1着固定 2-3着流し（5〜8点）,0.5777,"{'is_target': True, 'verdict': '点数絞り', 'max_combo_prob': 0.0977, 'est_top_odds': 13.6, 'circle_concentration': 75.9, 'eligible_count': 6, 'bet_adj': 0, 'reason': 'rel_win1=71.4%（本命度） / 最有力組み合わせ確率: 0.098（推定実オッズ?14倍） / 2着集中度: 上位2艇 75.9%（補正+0.04） / 総合判定確率: 0.138 / → ヒモはやや固め。上位2艇以外を切ること', 'tenji_trigger': '展示確認: 1号艇伸び良→そのまま採用。悪→飛び組に差し替え。circle_pct上位2艇に絞り込むこと。\n展示で1号艇スタート超安定(0.122秒)→ヒモ固まり方向に注意'}",,,25.8,逃げ狙い,16.19,23.4,3,,,,,,,,,,,
2025-10-21,丸亀,8,4,数原　魁,A2,15.79,4,,8.7753,26.2,80,52.1,0.1698,3.3021,,,0,低,104,0,ま0% 差ま0%,2 36,0,54.8,1.1068,0,0,0.0909,0.0455,0,0.0381,0.0762,0.2095,,,E,△,◎,0.1278,0.631,0.3017,0.7272,S,100,0,◎1着固定 2-3着流し（5〜8点）,0.5777,"{'is_target': True, 'verdict': '点数絞り', 'max_combo_prob': 0.0977, 'est_top_odds': 13.6, 'circle_concentration': 75.9, 'eligible_count': 6, 'bet_adj': 0, 'reason': 'rel_win1=71.4%（本命度） / 最有力組み合わせ確率: 0.098（推定実オッズ?14倍） / 2着集中度: 上位2艇 75.9%（補正+0.04） / 総合判定確率: 0.138 / → ヒモはやや固め。上位2艇以外を切ること', 'tenji_trigger': '展示確認: 1号艇伸び良→そのまま採用。悪→飛び組に差し替え。circle_pct上位2艇に絞り込むこと。\n展示で1号艇スタート超安定(0.122秒)→ヒモ固まり方向に注意'}",,,25.8,逃げ狙い,16.19,23.4,3,,,,,,,,,,,
2025-10-21,丸亀,8,5,三好勇人,B1,38.71,5,○,2.4473,1,76,26.8,0.1598,3.3214,,,0,低,88,0,-,1 52,0,100,2.3107,0,0,0,0.0333,0,0.0133,0.16,0.0533,,,A,△,,0.1604,0.6185,,0.7272,S,100,0,◎1着固定 2-3着流し（5〜8点）,0.5777,"{'is_target': True, 'verdict': '点数絞り', 'max_combo_prob': 0.0977, 'est_top_odds': 13.6, 'circle_concentration': 75.9, 'eligible_count': 6, 'bet_adj': 0, 'reason': 'rel_win1=71.4%（本命度） / 最有力組み合わせ確率: 0.098（推定実オッズ?14倍） / 2着集中度: 上位2艇 75.9%（補正+0.04） / 総合判定確率: 0.138 / → ヒモはやや固め。上位2艇以外を切ること', 'tenji_trigger': '展示確認: 1号艇伸び良→そのまま採用。悪→飛び組に差し替え。circle_pct上位2艇に絞り込むこと。\n展示で1号艇スタート超安定(0.122秒)→ヒモ固まり方向に注意'}",,,25.8,逃げ狙い,16.19,23.4,3,,,,,,,,,,,
2025-10-21,丸亀,8,6,森口和紀,B2,15.00,6,,0.8957,5.2,78,13.2,0.1947,3.6981,,,0,低,98,0,-,F32,0,31.1,0.6572,,,,,,0,0.0923,0.1473,,,E,,,0.139,0.5585,,0.7272,S,100,0,◎1着固定 2-3着流し（5〜8点）,0.5777,"{'is_target': True, 'verdict': '点数絞り', 'max_combo_prob': 0.0977, 'est_top_odds': 13.6, 'circle_concentration': 75.9, 'eligible_count': 6, 'bet_adj': 0, 'reason': 'rel_win1=71.4%（本命度） / 最有力組み合わせ確率: 0.098（推定実オッズ?14倍） / 2着集中度: 上位2艇 75.9%（補正+0.04） / 総合判定確率: 0.138 / → ヒモはやや固め。上位2艇以外を切ること', 'tenji_trigger': '展示確認: 1号艇伸び良→そのまま採用。悪→飛び組に差し替え。circle_pct上位2艇に絞り込むこと。\n展示で1号艇スタート超安定(0.122秒)→ヒモ固まり方向に注意'}",,,25.8,逃げ狙い,16.19,23.4,3,,,,,,,,,,,
2025-10-21,丸亀,9,1,末永由楽,A1,27.59,1,◎,64.2865,,0,89.3,0.1231,2.48,,,0,低,68,0,逃1%,1122,0,82.2,0.9912,0.6216,,,,,0.0824,0.1649,0.0716,◎,,E,△,,,0.6295,,0.6545,S,80,0,◎1着固定 2-3着流し（5〜8点）,0.5777,"{'is_target': True, 'verdict': '点数絞り', 'max_combo_prob': 0.1147, 'est_top_odds': 11.6, 'circle_concentration': 80.8, 'eligible_count': 6, 'bet_adj': 0, 'reason': 'rel_win1=64.3%（本命度） / 最有力組み合わせ確率: 0.115（推定実オッズ?12倍） / 2着集中度: 上位2艇 80.8%（補正+0.04） / 総合判定確率: 0.155 / → ヒモはやや固め。上位2艇以外を切ること', 'tenji_trigger': '展示確認: 1号艇伸び良→そのまま採用。悪→飛び組に差し替え。circle_pct上位2艇に絞り込むこと。\n展示で1号艇スタート超安定(0.123秒)→ヒモ固まり方向に注意'}",,,25.5,逃げ狙い,9.32,28.4,2,,,,,0,0,0.7559,0,,逃げ軸流し,A
2025-10-21,丸亀,9,2,浜野孝志,A2,40.63,2,△,10.2803,53,80,60.3,0.165,3.4853,,,0,低,118,0,-,3113,0,50.8,0.8598,0,0.0345,0,0,0.0345,0.2227,0.0485,0.1235,,,C,△,,0.0684,0.6235,,0.6545,S,80,0,◎1着固定 2-3着流し（5〜8点）,0.5777,"{'is_target': True, 'verdict': '点数絞り', 'max_combo_prob': 0.1147, 'est_top_odds': 11.6, 'circle_concentration': 80.8, 'eligible_count': 6, 'bet_adj': 0, 'reason': 'rel_win1=64.3%（本命度） / 最有力組み合わせ確率: 0.115（推定実オッズ?12倍） / 2着集中度: 上位2艇 80.8%（補正+0.04） / 総合判定確率: 0.155 / → ヒモはやや固め。上位2艇以外を切ること', 'tenji_trigger': '展示確認: 1号艇伸び良→そのまま採用。悪→飛び組に差し替え。circle_pct上位2艇に絞り込むこと。\n展示で1号艇スタート超安定(0.123秒)→ヒモ固まり方向に注意'}",,,25.5,逃げ狙い,9.32,28.4,2,,,,,,,,,,,
2025-10-21,丸亀,9,3,樋口喜彦,B1,47.83,3,▲,8.1061,10.5,58,24.5,0.1359,3.1122,,,0,低,79,0,-,44,0,39.7,0.9383,0,0,0,0.0417,0,0.25,0.3333,0.0833,,,B,,,0.2414,0.5805,,0.6545,S,80,0,◎1着固定 2-3着流し（5〜8点）,0.5777,"{'is_target': True, 'verdict': '点数絞り', 'max_combo_prob': 0.1147, 'est_top_odds': 11.6, 'circle_concentration': 80.8, 'eligible_count': 6, 'bet_adj': 0, 'reason': 'rel_win1=64.3%（本命度） / 最有力組み合わせ確率: 0.115（推定実オッズ?12倍） / 2着集中度: 上位2艇 80.8%（補正+0.04） / 総合判定確率: 0.155 / → ヒモはやや固め。上位2艇以外を切ること', 'tenji_trigger': '展示確認: 1号艇伸び良→そのまま採用。悪→飛び組に差し替え。circle_pct上位2艇に絞り込むこと。\n展示で1号艇スタート超安定(0.123秒)→ヒモ固まり方向に注意'}",,,25.5,逃げ狙い,9.32,28.4,2,,,,,,,,,,,
2025-10-21,丸亀,9,4,木下大將,B1,48.28,4,○,6.5848,27.8,84,58.3,0.1598,3.2917,,,0,低,82,0,ま0% 抜0%,1 21,0,61,1.0849,0,0,0.087,0,0.0435,0.1053,0.0526,0.0526,,,A,◎,,0.1833,0.6535,,0.6545,S,80,0,◎1着固定 2-3着流し（5〜8点）,0.5777,"{'is_target': True, 'verdict': '点数絞り', 'max_combo_prob': 0.1147, 'est_top_odds': 11.6, 'circle_concentration': 80.8, 'eligible_count': 6, 'bet_adj': 0, 'reason': 'rel_win1=64.3%（本命度） / 最有力組み合わせ確率: 0.115（推定実オッズ?12倍） / 2着集中度: 上位2艇 80.8%（補正+0.04） / 総合判定確率: 0.155 / → ヒモはやや固め。上位2艇以外を切ること', 'tenji_trigger': '展示確認: 1号艇伸び良→そのまま採用。悪→飛び組に差し替え。circle_pct上位2艇に絞り込むこと。\n展示で1号艇スタート超安定(0.123秒)→ヒモ固まり方向に注意'}",,,25.5,逃げ狙い,9.32,28.4,2,,,,,,,,,,,
2025-10-21,丸亀,9,5,花本　剛,B1,42.86,5,,4.642,3.1,55,24.1,0.1952,4.25,,,0,低,176,0,-,464,0,24.4,0.6933,0,0.0333,0,0.0333,0,0.2077,0.1615,0.1769,,,C,,,0.1303,0.5575,,0.6545,S,80,0,◎1着固定 2-3着流し（5〜8点）,0.5777,"{'is_target': True, 'verdict': '点数絞り', 'max_combo_prob': 0.1147, 'est_top_odds': 11.6, 'circle_concentration': 80.8, 'eligible_count': 6, 'bet_adj': 0, 'reason': 'rel_win1=64.3%（本命度） / 最有力組み合わせ確率: 0.115（推定実オッズ?12倍） / 2着集中度: 上位2艇 80.8%（補正+0.04） / 総合判定確率: 0.155 / → ヒモはやや固め。上位2艇以外を切ること', 'tenji_trigger': '展示確認: 1号艇伸び良→そのまま採用。悪→飛び組に差し替え。circle_pct上位2艇に絞り込むこと。\n展示で1号艇スタート超安定(0.123秒)→ヒモ固まり方向に注意'}",,,25.5,逃げ狙い,9.32,28.4,2,,,,,,,,,,,
2025-10-21,丸亀,9,6,今泉友吾,A1,33.33,6,,6.1003,5.6,100,52.1,0.1625,3.7083,,,0,低,77,0,-,F44,0,36.2,1.0106,,,,,,0.0211,0.0211,0.3842,,,D,○,,0.2132,0.634,,0.6545,S,80,0,◎1着固定 2-3着流し（5〜8点）,0.5777,"{'is_target': True, 'verdict': '点数絞り', 'max_combo_prob': 0.1147, 'est_top_odds': 11.6, 'circle_concentration': 80.8, 'eligible_count': 6, 'bet_adj': 0, 'reason': 'rel_win1=64.3%（本命度） / 最有力組み合わせ確率: 0.115（推定実オッズ?12倍） / 2着集中度: 上位2艇 80.8%（補正+0.04） / 総合判定確率: 0.155 / → ヒモはやや固め。上位2艇以外を切ること', 'tenji_trigger': '展示確認: 1号艇伸び良→そのまま採用。悪→飛び組に差し替え。circle_pct上位2艇に絞り込むこと。\n展示で1号艇スタート超安定(0.123秒)→ヒモ固まり方向に注意'}",,,25.5,逃げ狙い,9.32,28.4,2,,,,,,,,,,,
2025-10-21,丸亀,10,1,石丸海渡,A1,34.48,1,◎,63.5375,,0,95.2,0.1129,1.8651,,,0,低,26,0,逃1%,3131,0,84.2,1.0403,0.875,,,,,0.0792,0.0125,0,◎,,D,◎,,,0.687,,0.7787,S,92,0,◎1着固定 2-3着流し（5〜8点）,0.5777,"{'is_target': True, 'verdict': '点数絞り', 'max_combo_prob': 0.1642, 'est_top_odds': 8.1, 'circle_concentration': 85.3, 'eligible_count': 6, 'bet_adj': 0, 'reason': 'rel_win1=63.5%（本命度） / 最有力組み合わせ確率: 0.164（推定実オッズ?8倍） / 2着集中度: 上位2艇 85.3%（補正+0.04） / 総合判定確率: 0.204 / → ヒモはやや固め。上位2艇以外を切ること', 'tenji_trigger': '展示確認: 1号艇伸び良→そのまま採用。悪→飛び組に差し替え。circle_pct上位2艇に絞り込むこと。\n展示で1号艇スタート超安定(0.113秒)→ヒモ固まり方向に注意'}",,,26,逃げ狙い,17.6,22.8,2,,,,,0,0,0.7559,0,,逃げ軸流し,A
2025-10-21,丸亀,10,2,古賀繁輝,A2,55.17,2,○,11.9198,54,59,83.3,0.1622,3.3472,,,0,低,54,0,-,252,0,31.2,0.764,0,0,0.0952,0,0.0476,0,0.0308,0.0308,,,A,○,,0.0632,0.664,,0.7787,S,92,0,◎1着固定 2-3着流し（5〜8点）,0.5777,"{'is_target': True, 'verdict': '点数絞り', 'max_combo_prob': 0.1642, 'est_top_odds': 8.1, 'circle_concentration': 85.3, 'eligible_count': 6, 'bet_adj': 0, 'reason': 'rel_win1=63.5%（本命度） / 最有力組み合わせ確率: 0.164（推定実オッズ?8倍） / 2着集中度: 上位2艇 85.3%（補正+0.04） / 総合判定確率: 0.204 / → ヒモはやや固め。上位2艇以外を切ること', 'tenji_trigger': '展示確認: 1号艇伸び良→そのまま採用。悪→飛び組に差し替え。circle_pct上位2艇に絞り込むこと。\n展示で1号艇スタート超安定(0.113秒)→ヒモ固まり方向に注意'}",,,26,逃げ狙い,17.6,22.8,2,,,,,,,,,,,
2025-10-21,丸亀,10,3,船岡洋一,A1,23.81,3,△,15.0232,31.3,100,82.2,0.134,2.7556,,,0,低,67,0,-,1521,0,32.9,0.8206,0,0,0.0769,0.1923,0,0.0811,0.027,0.1081,,,E,△,,0.2214,0.6315,,0.7787,S,92,0,◎1着固定 2-3着流し（5〜8点）,0.5777,"{'is_target': True, 'verdict': '点数絞り', 'max_combo_prob': 0.1642, 'est_top_odds': 8.1, 'circle_concentration': 85.3, 'eligible_count': 6, 'bet_adj': 0, 'reason': 'rel_win1=63.5%（本命度） / 最有力組み合わせ確率: 0.164（推定実オッズ?8倍） / 2着集中度: 上位2艇 85.3%（補正+0.04） / 総合判定確率: 0.204 / → ヒモはやや固め。上位2艇以外を切ること', 'tenji_trigger': '展示確認: 1号艇伸び良→そのまま採用。悪→飛び組に差し替え。circle_pct上位2艇に絞り込むこと。\n展示で1号艇スタート超安定(0.113秒)→ヒモ固まり方向に注意'}",,,26,逃げ狙い,17.6,22.8,2,,,,,,,,,,,
2025-10-21,丸亀,10,4,多田有佑,B1,44.44,4,▲,5.1018,11.4,32,27.4,0.1861,3.8952,,,0,低,170,0,-,5 46,0,21.2,0.6364,0,0,0.037,0,0,0,0.2632,0.1579,,,B,,,0.105,0.5565,,0.7787,S,92,0,◎1着固定 2-3着流し（5〜8点）,0.5777,"{'is_target': True, 'verdict': '点数絞り', 'max_combo_prob': 0.1642, 'est_top_odds': 8.1, 'circle_concentration': 85.3, 'eligible_count': 6, 'bet_adj': 0, 'reason': 'rel_win1=63.5%（本命度） / 最有力組み合わせ確率: 0.164（推定実オッズ?8倍） / 2着集中度: 上位2艇 85.3%（補正+0.04） / 総合判定確率: 0.204 / → ヒモはやや固め。上位2艇以外を切ること', 'tenji_trigger': '展示確認: 1号艇伸び良→そのまま採用。悪→飛び組に差し替え。circle_pct上位2艇に絞り込むこと。\n展示で1号艇スタート超安定(0.113秒)→ヒモ固まり方向に注意'}",,,26,逃げ狙い,17.6,22.8,2,,,,,,,,,,,
2025-10-21,丸亀,10,5,福田　理,B1,33.33,5,,3.4128,2.5,49,21.5,0.1726,3.5385,,,0,低,126,0,-,335,0,28.2,0.636,0,0,0,0.0294,0,0.1446,0.4967,0.1446,,,D,,,0.1059,0.594,,0.7787,S,92,0,◎1着固定 2-3着流し（5〜8点）,0.5777,"{'is_target': True, 'verdict': '点数絞り', 'max_combo_prob': 0.1642, 'est_top_odds': 8.1, 'circle_concentration': 85.3, 'eligible_count': 6, 'bet_adj': 0, 'reason': 'rel_win1=63.5%（本命度） / 最有力組み合わせ確率: 0.164（推定実オッズ?8倍） / 2着集中度: 上位2艇 85.3%（補正+0.04） / 総合判定確率: 0.204 / → ヒモはやや固め。上位2艇以外を切ること', 'tenji_trigger': '展示確認: 1号艇伸び良→そのまま採用。悪→飛び組に差し替え。circle_pct上位2艇に絞り込むこと。\n展示で1号艇スタート超安定(0.113秒)→ヒモ固まり方向に注意'}",,,26,逃げ狙い,17.6,22.8,2,,,,,,,,,,,
2025-10-21,丸亀,10,6,飯田庄吾,B1,40.91,6,,1.005,0.8,28,4.5,0.2257,5.0227,,,0,低,145,0,-,4 35,0,23.3,0.8556,,,,,,0,0.2611,0.5833,,,C,△,,0.1391,0.6,,0.7787,S,92,0,◎1着固定 2-3着流し（5〜8点）,0.5777,"{'is_target': True, 'verdict': '点数絞り', 'max_combo_prob': 0.1642, 'est_top_odds': 8.1, 'circle_concentration': 85.3, 'eligible_count': 6, 'bet_adj': 0, 'reason': 'rel_win1=63.5%（本命度） / 最有力組み合わせ確率: 0.164（推定実オッズ?8倍） / 2着集中度: 上位2艇 85.3%（補正+0.04） / 総合判定確率: 0.204 / → ヒモはやや固め。上位2艇以外を切ること', 'tenji_trigger': '展示確認: 1号艇伸び良→そのまま採用。悪→飛び組に差し替え。circle_pct上位2艇に絞り込むこと。\n展示で1号艇スタート超安定(0.113秒)→ヒモ固まり方向に注意'}",,,26,逃げ狙い,17.6,22.8,2,,,,,,,,,,,
2025-10-21,丸亀,11,1,竹間隆晟,A1,42.86,1,◎,58.2852,,0,84.8,0.1552,2.8804,,,0,低,83,0,逃1%,265,0,86.4,1.1006,0.76,,,,,0,0.12,0.08,◎,,A,,,,0.5415,,0.4615,A,75,0,◎-○軸 3着3〜4艇流し（10〜15点）,0.5777,"{'is_target': True, 'verdict': '点数絞り', 'max_combo_prob': 0.0848, 'est_top_odds': 15.7, 'circle_concentration': 72.7, 'eligible_count': 8, 'bet_adj': 0, 'reason': 'rel_win1=58.3%（本命度） / 最有力組み合わせ確率: 0.085（推定実オッズ?16倍） / 2着集中度: 上位2艇 72.7%（補正+0.04） / 総合判定確率: 0.125 / → ヒモはやや固め。上位2艇以外を切ること', 'tenji_trigger': '展示確認: 1号艇伸び良→そのまま採用。悪→飛び組に差し替え。circle_pct上位2艇に絞り込むこと。'}",,,28.2,逃げ狙い,19.98,27,4,,,,,0,0,0.7559,0,,逃げ軸流し,A
2025-10-21,丸亀,11,2,松下一也,A1,19.23,2,,12.7285,43.2,71,69,0.1219,2.2931,,,0,低,48,0,-,462,0,72.1,1.3045,0,0.037,0.0741,0,0.037,0.1726,0.0211,0.0316,,◎,E,○,,0.5615,0.675,,0.4615,A,75,0,◎-○軸 3着3〜4艇流し（10〜15点）,0.5777,"{'is_target': True, 'verdict': '点数絞り', 'max_combo_prob': 0.0848, 'est_top_odds': 15.7, 'circle_concentration': 72.7, 'eligible_count': 8, 'bet_adj': 0, 'reason': 'rel_win1=58.3%（本命度） / 最有力組み合わせ確率: 0.085（推定実オッズ?16倍） / 2着集中度: 上位2艇 72.7%（補正+0.04） / 総合判定確率: 0.125 / → ヒモはやや固め。上位2艇以外を切ること', 'tenji_trigger': '展示確認: 1号艇伸び良→そのまま採用。悪→飛び組に差し替え。circle_pct上位2艇に絞り込むこと。'}",,,28.2,逃げ狙い,19.98,27,4,,,,,,,,,,,
2025-10-21,丸亀,11,3,山下流心,B1,35.71,3,△,9.4959,16.3,67,50,0.1582,3.3824,,,0,低,117,0,-,331,0,41.4,0.9902,0,0,0.0556,0.0833,0.0278,0.1571,0.0714,0.2286,,,C,△,,0.2835,0.6225,,0.4615,A,75,0,◎-○軸 3着3〜4艇流し（10〜15点）,0.5777,"{'is_target': True, 'verdict': '点数絞り', 'max_combo_prob': 0.0848, 'est_top_odds': 15.7, 'circle_concentration': 72.7, 'eligible_count': 8, 'bet_adj': 0, 'reason': 'rel_win1=58.3%（本命度） / 最有力組み合わせ確率: 0.085（推定実オッズ?16倍） / 2着集中度: 上位2艇 72.7%（補正+0.04） / 総合判定確率: 0.125 / → ヒモはやや固め。上位2艇以外を切ること', 'tenji_trigger': '展示確認: 1号艇伸び良→そのまま採用。悪→飛び組に差し替え。circle_pct上位2艇に絞り込むこと。'}",,,28.2,逃げ狙い,19.98,27,4,,,,,,,,,,,
2025-10-21,丸亀,11,4,永田啓二,A1,35.71,4,○,14.8801,29.5,100,80.6,0.1166,2.3731,,,0,低,50,0,-,2 15,0,53.7,1.0474,0,0,0.1818,0.0303,0,0.2783,0.0089,0.0267,,○,C,◎,◎,0.4775,0.688,0.4763,0.4615,A,75,0,◎-○軸 3着3〜4艇流し（10〜15点）,0.5777,"{'is_target': True, 'verdict': '点数絞り', 'max_combo_prob': 0.0848, 'est_top_odds': 15.7, 'circle_concentration': 72.7, 'eligible_count': 8, 'bet_adj': 0, 'reason': 'rel_win1=58.3%（本命度） / 最有力組み合わせ確率: 0.085（推定実オッズ?16倍） / 2着集中度: 上位2艇 72.7%（補正+0.04） / 総合判定確率: 0.125 / → ヒモはやや固め。上位2艇以外を切ること', 'tenji_trigger': '展示確認: 1号艇伸び良→そのまま採用。悪→飛び組に差し替え。circle_pct上位2艇に絞り込むこと。'}",,,28.2,逃げ狙い,19.98,27,4,,,,,,,,,,,
2025-10-21,丸亀,11,5,荒川健太,A2,41.38,5,▲,3.6302,10.5,82,46,0.2003,4.3095,,,0,低,145,0,差ま0%,2 13,0,58.9,1.2138,0,0,0,0.08,0,0,0.1957,0.0108,,,B,,,0.1445,0.5905,,0.4615,A,75,0,◎-○軸 3着3〜4艇流し（10〜15点）,0.5777,"{'is_target': True, 'verdict': '点数絞り', 'max_combo_prob': 0.0848, 'est_top_odds': 15.7, 'circle_concentration': 72.7, 'eligible_count': 8, 'bet_adj': 0, 'reason': 'rel_win1=58.3%（本命度） / 最有力組み合わせ確率: 0.085（推定実オッズ?16倍） / 2着集中度: 上位2艇 72.7%（補正+0.04） / 総合判定確率: 0.125 / → ヒモはやや固め。上位2艇以外を切ること', 'tenji_trigger': '展示確認: 1号艇伸び良→そのまま採用。悪→飛び組に差し替え。circle_pct上位2艇に絞り込むこと。'}",,,28.2,逃げ狙い,19.98,27,4,,,,,,,,,,,
2025-10-21,丸亀,11,6,大澤大夢,B1,39.29,6,,0.9801,0.5,48,17.6,0.1643,4.4902,,,0,低,103,0,-,554,0,28,0.6456,,,,,,0.1632,0.1421,0.1211,,,C,△,,0.2836,0.644,,0.4615,A,75,0,◎-○軸 3着3〜4艇流し（10〜15点）,0.5777,"{'is_target': True, 'verdict': '点数絞り', 'max_combo_prob': 0.0848, 'est_top_odds': 15.7, 'circle_concentration': 72.7, 'eligible_count': 8, 'bet_adj': 0, 'reason': 'rel_win1=58.3%（本命度） / 最有力組み合わせ確率: 0.085（推定実オッズ?16倍） / 2着集中度: 上位2艇 72.7%（補正+0.04） / 総合判定確率: 0.125 / → ヒモはやや固め。上位2艇以外を切ること', 'tenji_trigger': '展示確認: 1号艇伸び良→そのまま採用。悪→飛び組に差し替え。circle_pct上位2艇に絞り込むこと。'}",,,28.2,逃げ狙い,19.98,27,4,,,,,,,,,,,
2025-10-21,丸亀,12,1,中澤和志,A1,15.79,1,◎,53.8632,,0,93.8,0.1506,2.7923,,,0,低,46,0,逃1% 抜0%,1241,0,62,0.9963,0.5676,,,,,0.1099,0.1315,0.1207,◎,,D,○,,,0.6735,,0.4974,S,80,0,◎1着固定 2-3着流し（5〜8点）,0.5777,"{'is_target': True, 'verdict': '参加推奨', 'max_combo_prob': 0.0662, 'est_top_odds': 20.2, 'circle_concentration': 74.7, 'eligible_count': 6, 'bet_adj': 2, 'reason': 'rel_win1=53.9%（本命度） / 最有力組み合わせ確率: 0.066（推定実オッズ?20倍） / 2着集中度: 上位2艇 74.7%（補正+0.04） / 総合判定確率: 0.106 / → ヒモ分散。1号艇1着固定で広めのヒモ流し推奨（買い目+2点）', 'tenji_trigger': '展示確認: ヒモ分散レース。1号艇伸び確認後、広めのヒモ流しを採用。穴ヒモ（5・6号艇）を積極的に含める。'}",,,30.4,逃げ狙い,23.89,29.8,3,,,,,0,0,0.7559,0,,逃げ軸流し,A
2025-10-21,丸亀,12,2,深川真二,A1,26.32,2,▲,14.5422,47,62,69.8,0.1304,2.5849,,,0,低,21,0,差0%,234,0,62.7,0.895,0,0.1786,0.0357,0,0,0.0105,0.1173,0.0211,,◎,C,△,,0.5572,0.6545,,0.4974,S,80,0,◎1着固定 2-3着流し（5〜8点）,0.5777,"{'is_target': True, 'verdict': '参加推奨', 'max_combo_prob': 0.0662, 'est_top_odds': 20.2, 'circle_concentration': 74.7, 'eligible_count': 6, 'bet_adj': 2, 'reason': 'rel_win1=53.9%（本命度） / 最有力組み合わせ確率: 0.066（推定実オッズ?20倍） / 2着集中度: 上位2艇 74.7%（補正+0.04） / 総合判定確率: 0.106 / → ヒモ分散。1号艇1着固定で広めのヒモ流し推奨（買い目+2点）', 'tenji_trigger': '展示確認: ヒモ分散レース。1号艇伸び確認後、広めのヒモ流しを採用。穴ヒモ（5・6号艇）を積極的に含める。'}",,,30.4,逃げ狙い,23.89,29.8,3,,,,,,,,,,,
2025-10-21,丸亀,12,3,尾嶋一広,A1,37.93,3,○,15.0983,27.6,95,66,0.1621,3.5377,,,0,低,99,0,ま0%,1 15,0,53.3,1.3296,0,0,0.04,0,0,0.0541,0.0541,0.1081,,,A,,,0.2399,0.6515,,0.4974,S,80,0,◎1着固定 2-3着流し（5〜8点）,0.5777,"{'is_target': True, 'verdict': '参加推奨', 'max_combo_prob': 0.0662, 'est_top_odds': 20.2, 'circle_concentration': 74.7, 'eligible_count': 6, 'bet_adj': 2, 'reason': 'rel_win1=53.9%（本命度） / 最有力組み合わせ確率: 0.066（推定実オッズ?20倍） / 2着集中度: 上位2艇 74.7%（補正+0.04） / 総合判定確率: 0.106 / → ヒモ分散。1号艇1着固定で広めのヒモ流し推奨（買い目+2点）', 'tenji_trigger': '展示確認: ヒモ分散レース。1号艇伸び確認後、広めのヒモ流しを採用。穴ヒモ（5・6号艇）を積極的に含める。'}",,,30.4,逃げ狙い,23.89,29.8,3,,,,,,,,,,,
2025-10-21,丸亀,12,4,森　悠稀,A2,17.39,4,△,9.1512,12.7,100,54.4,0.1246,2.5965,,,0,低,62,0,-,5 23,0,98,1.9036,0,0,0.1765,0,0,0.0552,0.0276,0.0552,,○,D,◎,◎,0.451,0.6755,0.3908,0.4974,S,80,0,◎1着固定 2-3着流し（5〜8点）,0.5777,"{'is_target': True, 'verdict': '参加推奨', 'max_combo_prob': 0.0662, 'est_top_odds': 20.2, 'circle_concentration': 74.7, 'eligible_count': 6, 'bet_adj': 2, 'reason': 'rel_win1=53.9%（本命度） / 最有力組み合わせ確率: 0.066（推定実オッズ?20倍） / 2着集中度: 上位2艇 74.7%（補正+0.04） / 総合判定確率: 0.106 / → ヒモ分散。1号艇1着固定で広めのヒモ流し推奨（買い目+2点）', 'tenji_trigger': '展示確認: ヒモ分散レース。1号艇伸び確認後、広めのヒモ流しを採用。穴ヒモ（5・6号艇）を積極的に含める。'}",,,30.4,逃げ狙い,23.89,29.8,3,,,,,,,,,,,
2025-10-21,丸亀,12,5,石田章央,A2,37.93,5,,6.4879,11.6,94,50.7,0.1518,3.2606,,,0,低,127,0,-,5 12,0,31.4,1.3393,0,0,0,0.0938,0,0.1022,0.0571,0.1022,,,A,△,○,0.3073,0.652,0.2943,0.4974,S,80,0,◎1着固定 2-3着流し（5〜8点）,0.5777,"{'is_target': True, 'verdict': '参加推奨', 'max_combo_prob': 0.0662, 'est_top_odds': 20.2, 'circle_concentration': 74.7, 'eligible_count': 6, 'bet_adj': 2, 'reason': 'rel_win1=53.9%（本命度） / 最有力組み合わせ確率: 0.066（推定実オッズ?20倍） / 2着集中度: 上位2艇 74.7%（補正+0.04） / 総合判定確率: 0.106 / → ヒモ分散。1号艇1着固定で広めのヒモ流し推奨（買い目+2点）', 'tenji_trigger': '展示確認: ヒモ分散レース。1号艇伸び確認後、広めのヒモ流しを採用。穴ヒモ（5・6号艇）を積極的に含める。'}",,,30.4,逃げ狙い,23.89,29.8,3,,,,,,,,,,,
2025-10-21,丸亀,12,6,三原　司,B1,11.76,6,,0.8573,1,94,26.8,0.1766,4.3537,,,0,低,167,0,-,243,0,27.9,0.8211,,,,,,0.2452,0.2071,0.0571,,,E,,,0.2491,0.624,,0.4974,S,80,0,◎1着固定 2-3着流し（5〜8点）,0.5777,"{'is_target': True, 'verdict': '参加推奨', 'max_combo_prob': 0.0662, 'est_top_odds': 20.2, 'circle_concentration': 74.7, 'eligible_count': 6, 'bet_adj': 2, 'reason': 'rel_win1=53.9%（本命度） / 最有力組み合わせ確率: 0.066（推定実オッズ?20倍） / 2着集中度: 上位2艇 74.7%（補正+0.04） / 総合判定確率: 0.106 / → ヒモ分散。1号艇1着固定で広めのヒモ流し推奨（買い目+2点）', 'tenji_trigger': '展示確認: ヒモ分散レース。1号艇伸び確認後、広めのヒモ流しを採用。穴ヒモ（5・6号艇）を積極的に含める。'}",,,30.4,逃げ狙い,23.89,29.8,3,,,,,,,,,,,
2025-10-22,丸亀,1,1,後藤　浩,B1,70.97,1,◎,59.4356,,0,90,0.1578,3.2125,,,0,低,120,0,逃0%,3 263,0,69.1,0.9815,0.6667,,,,,0.0556,0.2222,0,◎,,A,◎,,,0.6325,,0.5476,S,83,0,◎1着固定 2-3着流し（5〜8点）,0.5777,"{'is_target': True, 'verdict': '点数絞り', 'max_combo_prob': 0.1289, 'est_top_odds': 10.3, 'circle_concentration': 69.2, 'eligible_count': 6, 'bet_adj': 0, 'reason': 'rel_win1=59.4%（本命度） / 最有力組み合わせ確率: 0.129（推定実オッズ?10倍） / 2着集中度: 上位2艇 69.2%（補正+0.00） / 総合判定確率: 0.129 / → ヒモはやや固め。上位2艇以外を切ること', 'tenji_trigger': '展示確認: 1号艇伸び良→そのまま採用。悪→飛び組に差し替え。circle_pct上位2艇に絞り込むこと。'}",,,27.6,逃げ狙い,15.46,29.2,4,,,,,0,0,0.7559,0,,逃げ軸流し,A
2025-10-22,丸亀,1,2,小林基樹,B1,21.05,2,,9.5921,42.5,61,47.1,0.2043,4.5882,,,0,低,167,0,-,4 656,0,93.1,1.8605,0,0.1111,0,0,0,0.2727,0.2727,0.0909,,,E,△,,0.075,0.5755,,0.5476,S,83,0,◎1着固定 2-3着流し（5〜8点）,0.5777,"{'is_target': True, 'verdict': '点数絞り', 'max_combo_prob': 0.1289, 'est_top_odds': 10.3, 'circle_concentration': 69.2, 'eligible_count': 6, 'bet_adj': 0, 'reason': 'rel_win1=59.4%（本命度） / 最有力組み合わせ確率: 0.129（推定実オッズ?10倍） / 2着集中度: 上位2艇 69.2%（補正+0.00） / 総合判定確率: 0.129 / → ヒモはやや固め。上位2艇以外を切ること', 'tenji_trigger': '展示確認: 1号艇伸び良→そのまま採用。悪→飛び組に差し替え。circle_pct上位2艇に絞り込むこと。'}",,,27.6,逃げ狙い,15.46,29.2,4,,,,,,,,,,,
2025-10-22,丸亀,1,3,多田有佑,B1,44.44,3,▲,7.764,26.7,46,48.1,0.1761,3.3519,,,0,低,170,0,-,5 4654,0,36.8,0.8796,0,0,0.125,0,0,0,0.2632,0.1579,,,C,,,0.2127,0.5565,,0.5476,S,83,0,◎1着固定 2-3着流し（5〜8点）,0.5777,"{'is_target': True, 'verdict': '点数絞り', 'max_combo_prob': 0.1289, 'est_top_odds': 10.3, 'circle_concentration': 69.2, 'eligible_count': 6, 'bet_adj': 0, 'reason': 'rel_win1=59.4%（本命度） / 最有力組み合わせ確率: 0.129（推定実オッズ?10倍） / 2着集中度: 上位2艇 69.2%（補正+0.00） / 総合判定確率: 0.129 / → ヒモはやや固め。上位2艇以外を切ること', 'tenji_trigger': '展示確認: 1号艇伸び良→そのまま採用。悪→飛び組に差し替え。circle_pct上位2艇に絞り込むこと。'}",,,27.6,逃げ狙い,15.46,29.2,4,,,,,,,,,,,
2025-10-22,丸亀,1,4,山崎　祥,B1,45.16,4,○,15.3817,14.2,100,65.8,0.1851,4.2561,,,0,低,131,0,差0% ま0% 差ま0%,44333,0,79.6,1.5474,0,0.05,0.1,0.1,0,0.3238,0,0.0667,,,B,△,◎,0.2016,0.5955,0.4052,0.5476,S,83,0,◎1着固定 2-3着流し（5〜8点）,0.5777,"{'is_target': True, 'verdict': '点数絞り', 'max_combo_prob': 0.1289, 'est_top_odds': 10.3, 'circle_concentration': 69.2, 'eligible_count': 6, 'bet_adj': 0, 'reason': 'rel_win1=59.4%（本命度） / 最有力組み合わせ確率: 0.129（推定実オッズ?10倍） / 2着集中度: 上位2艇 69.2%（補正+0.00） / 総合判定確率: 0.129 / → ヒモはやや固め。上位2艇以外を切ること', 'tenji_trigger': '展示確認: 1号艇伸び良→そのまま採用。悪→飛び組に差し替え。circle_pct上位2艇に絞り込むこと。'}",,,27.6,逃げ狙い,15.46,29.2,4,,,,,,,,,,,
2025-10-22,丸亀,1,5,重富伸也,B1,26.67,5,△,6.8628,16.2,40,39.2,0.1682,3.5784,,,0,低,124,0,ま0%,5 141,0,38.8,0.7417,0,0,0.1667,0.0417,0,0.0615,0,0.3231,,,E,○,○,0.2894,0.6085,0.3823,0.5476,S,83,0,◎1着固定 2-3着流し（5〜8点）,0.5777,"{'is_target': True, 'verdict': '点数絞り', 'max_combo_prob': 0.1289, 'est_top_odds': 10.3, 'circle_concentration': 69.2, 'eligible_count': 6, 'bet_adj': 0, 'reason': 'rel_win1=59.4%（本命度） / 最有力組み合わせ確率: 0.129（推定実オッズ?10倍） / 2着集中度: 上位2艇 69.2%（補正+0.00） / 総合判定確率: 0.129 / → ヒモはやや固め。上位2艇以外を切ること', 'tenji_trigger': '展示確認: 1号艇伸び良→そのまま採用。悪→飛び組に差し替え。circle_pct上位2艇に絞り込むこと。'}",,,27.6,逃げ狙い,15.46,29.2,4,,,,,,,,,,,
2025-10-22,丸亀,1,6,藤原　駿,B2,40.74,6,,0.9638,0.4,10,1.2,0.2311,4.8214,,,0,低,51,0,-,665 66,0,27.7,0.6194,,,,,,,,,,,C,,,0.1335,0.42,,0.5476,S,83,0,◎1着固定 2-3着流し（5〜8点）,0.5777,"{'is_target': True, 'verdict': '点数絞り', 'max_combo_prob': 0.1289, 'est_top_odds': 10.3, 'circle_concentration': 69.2, 'eligible_count': 6, 'bet_adj': 0, 'reason': 'rel_win1=59.4%（本命度） / 最有力組み合わせ確率: 0.129（推定実オッズ?10倍） / 2着集中度: 上位2艇 69.2%（補正+0.00） / 総合判定確率: 0.129 / → ヒモはやや固め。上位2艇以外を切ること', 'tenji_trigger': '展示確認: 1号艇伸び良→そのまま採用。悪→飛び組に差し替え。circle_pct上位2艇に絞り込むこと。'}",,,27.6,逃げ狙い,15.46,29.2,4,,,,,,,,,,,
2025-10-22,丸亀,2,1,三原　司,B1,11.76,1,○,42.5109,,0,80.4,0.1643,3.4891,,,0,低,167,0,逃0%,243 45,0,83.9,1.0525,0.3333,,,,,0.2452,0.2071,0.0571,△,,E,△,,,0.624,,0.2983,B,50,0,◎○△フォーメーション（15〜20点）,0.5777,"{'is_target': False, 'verdict': '対象外', 'max_combo_prob': None, 'est_top_odds': None, 'circle_concentration': None, 'eligible_count': 0, 'bet_adj': 0, 'reason': '1号艇rel_win1 < 45%: 通常判定に委ねる', 'tenji_trigger': ''}",,,30.1,両建て推奨,16.64,35.4,3,2-3-4|2-3-6|2-3-5|1-2-4|1-2-3|1-3-4|1-3-2|1-4-2,5-1-6|5-1-3|2-3-4|2-3-6|4-1-6|4-1-5|2-3-5|1-2-4|1-2-3|1-3-4|1-3-2|1-4-2,2-3-4:2.26%|2-3-6:1.94%|2-3-5:1.33%|1-2-4:10.57%|1-2-3:9.8%|1-3-4:6.29%|1-3-2:6.05%|1-4-2:3.4%,2-3-4:B_main|2-3-6:B_main|2-3-5:B_main|1-2-4:A|1-2-3:A|1-3-4:A|1-3-2:A|1-4-2:A,8,12,0.4535,1,[!]見送り推奨（主役決まり手「まくり」― 逃げ劣勢レースで的中実績なし）,荒れ広め,D
2025-10-22,丸亀,2,2,松下一也,A1,19.23,2,▲,14.3656,60.4,57,69,0.1219,2.2931,,,0,低,48,0,-,462 54,0,78,1.3269,0,0.037,0.0741,0,0.037,0.1726,0.0211,0.0316,,◎,E,◎,,0.5983,0.675,,0.2983,B,50,0,◎○△フォーメーション（15〜20点）,0.5777,"{'is_target': False, 'verdict': '対象外', 'max_combo_prob': None, 'est_top_odds': None, 'circle_concentration': None, 'eligible_count': 0, 'bet_adj': 0, 'reason': '1号艇rel_win1 < 45%: 通常判定に委ねる', 'tenji_trigger': ''}",,,30.1,両建て推奨,16.64,35.4,3,,,,,,,,,,,
2025-10-22,丸亀,2,3,古賀繁輝,A2,55.17,3,◎,23.8688,26.5,84,72.1,0.1416,3.1279,,,0,低,54,0,ま0%,252 42,0,70.9,1.1587,0,0,0.2353,0,0,0,0.0308,0.0308,,○,A,○,,0.483,0.664,,0.2983,B,50,0,◎○△フォーメーション（15〜20点）,0.5777,"{'is_target': False, 'verdict': '対象外', 'max_combo_prob': None, 'est_top_odds': None, 'circle_concentration': None, 'eligible_count': 0, 'bet_adj': 0, 'reason': '1号艇rel_win1 < 45%: 通常判定に委ねる', 'tenji_trigger': ''}",,,30.1,両建て推奨,16.64,35.4,3,,,,,,,,,,,
2025-10-22,丸亀,2,4,島田一生,B1,28.57,4,△,12.8502,7.2,100,44.6,0.157,3.2768,,,0,低,101,0,差0% ま0%,6 352,0,63.3,1.1285,0,0.0833,0.0833,0,0,0.1905,0.2857,0.0476,,,D,,◎,0.3548,0.569,0.3846,0.2983,B,50,0,◎○△フォーメーション（15〜20点）,0.5777,"{'is_target': False, 'verdict': '対象外', 'max_combo_prob': None, 'est_top_odds': None, 'circle_concentration': None, 'eligible_count': 0, 'bet_adj': 0, 'reason': '1号艇rel_win1 < 45%: 通常判定に委ねる', 'tenji_trigger': ''}",,,30.1,両建て推奨,16.64,35.4,3,,,,,,,,,,,
2025-10-22,丸亀,2,5,山田和佐,B1,34.48,5,,4.1417,4.4,87,31.9,0.1719,3.9348,,,0,低,130,0,-,5 661,0,31.2,0.5664,0,0,0,0.0256,0,0.1769,0.0308,0.1923,,,C,,,0.2847,0.5895,,0.2983,B,50,0,◎○△フォーメーション（15〜20点）,0.5777,"{'is_target': False, 'verdict': '対象外', 'max_combo_prob': None, 'est_top_odds': None, 'circle_concentration': None, 'eligible_count': 0, 'bet_adj': 0, 'reason': '1号艇rel_win1 < 45%: 通常判定に委ねる', 'tenji_trigger': ''}",,,30.1,両建て推奨,16.64,35.4,3,,,,,,,,,,,
2025-10-22,丸亀,2,6,石塚裕介,B1,35.48,6,,2.2627,1.5,40,16.7,0.2043,4.925,,,0,低,108,0,-,F64 5,0,56.6,1.3761,0,0,0,0.04,0,0.1182,0.0545,0.1545,,,B,△,,0.1884,0.61,,0.2983,B,50,0,◎○△フォーメーション（15〜20点）,0.5777,"{'is_target': False, 'verdict': '対象外', 'max_combo_prob': None, 'est_top_odds': None, 'circle_concentration': None, 'eligible_count': 0, 'bet_adj': 0, 'reason': '1号艇rel_win1 < 45%: 通常判定に委ねる', 'tenji_trigger': ''}",,,30.1,両建て推奨,16.64,35.4,3,,,,,,,,,,,
2025-10-22,丸亀,3,1,大澤大夢,B1,39.29,1,◎,51.4131,,0,89.4,0.1298,2.6809,,,0,低,103,0,逃0%,554 25,0,63,0.9499,0.6842,,,,,0.1632,0.1421,0.1211,◎,,C,○,,,0.644,,0.5455,A,73,0,◎-○軸 3着3〜4艇流し（10〜15点）,0.5777,"{'is_target': True, 'verdict': '参加推奨', 'max_combo_prob': 0.0685, 'est_top_odds': 19.5, 'circle_concentration': 68.0, 'eligible_count': 8, 'bet_adj': 2, 'reason': 'rel_win1=51.4%（本命度） / 最有力組み合わせ確率: 0.068（推定実オッズ?20倍） / 2着集中度: 上位2艇 68.0%（補正+0.00） / 総合判定確率: 0.068 / → ヒモ分散。1号艇1着固定で広めのヒモ流し推奨（買い目+2点）', 'tenji_trigger': '展示確認: ヒモ分散レース。1号艇伸び確認後、広めのヒモ流しを採用。穴ヒモ（5・6号艇）を積極的に含める。\n展示で1号艇スタート超安定(0.130秒)→ヒモ固まり方向に注意'}",,,28.6,逃げ狙い,16.58,30.9,3,,,,,0,0,0.7559,0,,逃げ軸流し,A
2025-10-22,丸亀,3,2,樋口喜彦,B1,47.83,2,○,10.522,41.7,28,36.5,0.1648,3.7596,,,0,低,79,0,差0% ま0%,44 35,0,52.8,0.6424,0,0.08,0.04,0,0,0.25,0.3333,0.0833,,,B,△,,0.0659,0.5805,,0.5455,A,73,0,◎-○軸 3着3〜4艇流し（10〜15点）,0.5777,"{'is_target': True, 'verdict': '参加推奨', 'max_combo_prob': 0.0685, 'est_top_odds': 19.5, 'circle_concentration': 68.0, 'eligible_count': 8, 'bet_adj': 2, 'reason': 'rel_win1=51.4%（本命度） / 最有力組み合わせ確率: 0.068（推定実オッズ?20倍） / 2着集中度: 上位2艇 68.0%（補正+0.00） / 総合判定確率: 0.068 / → ヒモ分散。1号艇1着固定で広めのヒモ流し推奨（買い目+2点）', 'tenji_trigger': '展示確認: ヒモ分散レース。1号艇伸び確認後、広めのヒモ流しを採用。穴ヒモ（5・6号艇）を積極的に含める。\n展示で1号艇スタート超安定(0.130秒)→ヒモ固まり方向に注意'}",,,28.6,逃げ狙い,16.58,30.9,3,,,,,,,,,,,
2025-10-22,丸亀,3,3,末永由楽,A1,27.59,3,△,17.2458,26.3,100,57.6,0.1478,2.6441,,,0,低,68,0,ま0% 差ま0% 抜0%,11221,0,57.3,1.2871,0,0,0.0357,0.1071,0.0714,0.0824,0.1649,0.0716,,,D,△,,0.2119,0.6295,,0.5455,A,73,0,◎-○軸 3着3〜4艇流し（10〜15点）,0.5777,"{'is_target': True, 'verdict': '参加推奨', 'max_combo_prob': 0.0685, 'est_top_odds': 19.5, 'circle_concentration': 68.0, 'eligible_count': 8, 'bet_adj': 2, 'reason': 'rel_win1=51.4%（本命度） / 最有力組み合わせ確率: 0.068（推定実オッズ?20倍） / 2着集中度: 上位2艇 68.0%（補正+0.00） / 総合判定確率: 0.068 / → ヒモ分散。1号艇1着固定で広めのヒモ流し推奨（買い目+2点）', 'tenji_trigger': '展示確認: ヒモ分散レース。1号艇伸び確認後、広めのヒモ流しを採用。穴ヒモ（5・6号艇）を積極的に含める。\n展示で1号艇スタート超安定(0.130秒)→ヒモ固まり方向に注意'}",,,28.6,逃げ狙い,16.58,30.9,3,,,,,,,,,,,
2025-10-22,丸亀,3,4,森　悠稀,A2,17.39,4,,11.9615,15.5,82,54.4,0.1246,2.5965,,,0,低,62,0,-,5 2352,0,100,2.0911,0,0,0.1765,0,0,0.0552,0.0276,0.0552,,,E,◎,◎,0.3479,0.6755,0.4088,0.5455,A,73,0,◎-○軸 3着3〜4艇流し（10〜15点）,0.5777,"{'is_target': True, 'verdict': '参加推奨', 'max_combo_prob': 0.0685, 'est_top_odds': 19.5, 'circle_concentration': 68.0, 'eligible_count': 8, 'bet_adj': 2, 'reason': 'rel_win1=51.4%（本命度） / 最有力組み合わせ確率: 0.068（推定実オッズ?20倍） / 2着集中度: 上位2艇 68.0%（補正+0.00） / 総合判定確率: 0.068 / → ヒモ分散。1号艇1着固定で広めのヒモ流し推奨（買い目+2点）', 'tenji_trigger': '展示確認: ヒモ分散レース。1号艇伸び確認後、広めのヒモ流しを採用。穴ヒモ（5・6号艇）を積極的に含める。\n展示で1号艇スタート超安定(0.130秒)→ヒモ固まり方向に注意'}",,,28.6,逃げ狙い,16.58,30.9,3,,,,,,,,,,,
2025-10-22,丸亀,3,5,吉原快誓,B2,60.00,5,▲,7.8968,10.1,74,0,0.32,5,,,0,低,37,1,-,6 666,0,26.2,0.8243,,,,,,,,,,,A,,,0.1329,0.5335,,0.5455,A,73,0,◎-○軸 3着3〜4艇流し（10〜15点）,0.5777,"{'is_target': True, 'verdict': '参加推奨', 'max_combo_prob': 0.0685, 'est_top_odds': 19.5, 'circle_concentration': 68.0, 'eligible_count': 8, 'bet_adj': 2, 'reason': 'rel_win1=51.4%（本命度） / 最有力組み合わせ確率: 0.068（推定実オッズ?20倍） / 2着集中度: 上位2艇 68.0%（補正+0.00） / 総合判定確率: 0.068 / → ヒモ分散。1号艇1着固定で広めのヒモ流し推奨（買い目+2点）', 'tenji_trigger': '展示確認: ヒモ分散レース。1号艇伸び確認後、広めのヒモ流しを採用。穴ヒモ（5・6号艇）を積極的に含める。\n展示で1号艇スタート超安定(0.130秒)→ヒモ固まり方向に注意'}",,,28.6,逃げ狙い,16.58,30.9,3,,,,,,,,,,,
2025-10-22,丸亀,3,6,重冨勇哉,B1,30.00,6,,0.9608,6.4,57,27.8,0.1919,4.4861,,,0,低,99,0,-,5 243,0,26.2,1.1369,,,,,,0.3242,0.0632,0.2042,,,D,,,0.135,0.57,,0.5455,A,73,0,◎-○軸 3着3〜4艇流し（10〜15点）,0.5777,"{'is_target': True, 'verdict': '参加推奨', 'max_combo_prob': 0.0685, 'est_top_odds': 19.5, 'circle_concentration': 68.0, 'eligible_count': 8, 'bet_adj': 2, 'reason': 'rel_win1=51.4%（本命度） / 最有力組み合わせ確率: 0.068（推定実オッズ?20倍） / 2着集中度: 上位2艇 68.0%（補正+0.00） / 総合判定確率: 0.068 / → ヒモ分散。1号艇1着固定で広めのヒモ流し推奨（買い目+2点）', 'tenji_trigger': '展示確認: ヒモ分散レース。1号艇伸び確認後、広めのヒモ流しを採用。穴ヒモ（5・6号艇）を積極的に含める。\n展示で1号艇スタート超安定(0.130秒)→ヒモ固まり方向に注意'}",,,28.6,逃げ狙い,16.58,30.9,3,,,,,,,,,,,
2025-10-22,丸亀,4,1,中村守成,B1,59.38,1,◎,46.915,,0,67.3,0.1609,3.7909,,,0,低,159,0,逃0%,2 564,0,66,0.876,0.36,,,,,0.08,0.289,0.123,△,,A,△,,,0.591,,0.2971,C,44,0,荒れ傾向。高配当狙いか見送り,0.5777,"{'is_target': True, 'verdict': '点数絞り', 'max_combo_prob': 0.085, 'est_top_odds': 15.7, 'circle_concentration': 79.4, 'eligible_count': 6, 'bet_adj': 0, 'reason': 'rel_win1=46.9%（本命度） / 最有力組み合わせ確率: 0.085（推定実オッズ?16倍） / 2着集中度: 上位2艇 79.4%（補正+0.04） / 総合判定確率: 0.125 / → ヒモはやや固め。上位2艇以外を切ること', 'tenji_trigger': '展示確認: 1号艇伸び良→そのまま採用。悪→飛び組に差し替え。circle_pct上位2艇に絞り込むこと。'}",,,31,両建て推奨,21.24,33.9,3,3-5-4|3-4-5|3-4-6|1-3-4|1-3-2|1-4-3|1-4-2|3-1-4,6-1-2|2-1-4|3-5-4|3-4-5|6-1-4|3-4-6|6-2-1|1-3-4|1-3-2|1-4-3|1-4-2|3-1-4,3-5-4:2.74%|3-4-5:2.26%|3-4-6:1.67%|1-3-4:7.7%|1-3-2:6.42%|1-4-3:5.17%|1-4-2:4.0%|3-1-4:3.78%,3-5-4:B_main|3-4-5:B_main|3-4-6:B_main|1-3-4:A|1-3-2:A|1-4-3:A|1-4-2:A|3-1-4:B_sc,8,12,0.4535,1,[!]見送り推奨（主役決まり手「まくり」― 逃げ劣勢レースで的中実績なし）,荒れ広め,D
2025-10-22,丸亀,4,2,花本　剛,B1,42.86,2,,10.3748,11.7,97,30,0.1957,4.2429,,,0,低,176,0,差0%,464 16,0,83.8,0.65,0,0.0312,0.0312,0,0.0312,0.2077,0.1615,0.1769,,,C,,,0.0677,0.5575,,0.2971,C,44,0,荒れ傾向。高配当狙いか見送り,0.5777,"{'is_target': True, 'verdict': '点数絞り', 'max_combo_prob': 0.085, 'est_top_odds': 15.7, 'circle_concentration': 79.4, 'eligible_count': 6, 'bet_adj': 0, 'reason': 'rel_win1=46.9%（本命度） / 最有力組み合わせ確率: 0.085（推定実オッズ?16倍） / 2着集中度: 上位2艇 79.4%（補正+0.04） / 総合判定確率: 0.125 / → ヒモはやや固め。上位2艇以外を切ること', 'tenji_trigger': '展示確認: 1号艇伸び良→そのまま採用。悪→飛び組に差し替え。circle_pct上位2艇に絞り込むこと。'}",,,31,両建て推奨,21.24,33.9,3,,,,,,,,,,,
2025-10-22,丸亀,4,3,深川真二,A1,26.32,3,○,31.171,51.1,66,83.8,0.1184,2.0135,,,0,低,21,0,差0%,234 13,0,82.2,1.5056,0,0.1111,0.1111,0.0556,0.0556,0.0105,0.1173,0.0211,,◎,E,◎,,0.5167,0.6545,,0.2971,C,44,0,荒れ傾向。高配当狙いか見送り,0.5777,"{'is_target': True, 'verdict': '点数絞り', 'max_combo_prob': 0.085, 'est_top_odds': 15.7, 'circle_concentration': 79.4, 'eligible_count': 6, 'bet_adj': 0, 'reason': 'rel_win1=46.9%（本命度） / 最有力組み合わせ確率: 0.085（推定実オッズ?16倍） / 2着集中度: 上位2艇 79.4%（補正+0.04） / 総合判定確率: 0.125 / → ヒモはやや固め。上位2艇以外を切ること', 'tenji_trigger': '展示確認: 1号艇伸び良→そのまま採用。悪→飛び組に差し替え。circle_pct上位2艇に絞り込むこと。'}",,,31,両建て推奨,21.24,33.9,3,,,,,,,,,,,
2025-10-22,丸亀,4,4,木下大將,B1,48.28,4,▲,7.6072,28.3,100,58.3,0.1598,3.2917,,,0,低,82,0,ま0% 抜0%,1 2123,0,63.2,1.1009,0,0,0.087,0,0.0435,0.1053,0.0526,0.0526,,,C,○,,0.3458,0.6535,,0.2971,C,44,0,荒れ傾向。高配当狙いか見送り,0.5777,"{'is_target': True, 'verdict': '点数絞り', 'max_combo_prob': 0.085, 'est_top_odds': 15.7, 'circle_concentration': 79.4, 'eligible_count': 6, 'bet_adj': 0, 'reason': 'rel_win1=46.9%（本命度） / 最有力組み合わせ確率: 0.085（推定実オッズ?16倍） / 2着集中度: 上位2艇 79.4%（補正+0.04） / 総合判定確率: 0.125 / → ヒモはやや固め。上位2艇以外を切ること', 'tenji_trigger': '展示確認: 1号艇伸び良→そのまま採用。悪→飛び組に差し替え。circle_pct上位2艇に絞り込むこと。'}",,,31,両建て推奨,21.24,33.9,3,,,,,,,,,,,
2025-10-22,丸亀,4,5,岩永節也,B1,29.63,5,,2.8084,8.6,71,23.4,0.2006,4.7872,,,0,低,117,0,-,455 33,0,27.7,1.4943,,,,,,0.3647,0.2706,0.2471,,,E,△,,0.2286,0.5985,,0.2971,C,44,0,荒れ傾向。高配当狙いか見送り,0.5777,"{'is_target': True, 'verdict': '点数絞り', 'max_combo_prob': 0.085, 'est_top_odds': 15.7, 'circle_concentration': 79.4, 'eligible_count': 6, 'bet_adj': 0, 'reason': 'rel_win1=46.9%（本命度） / 最有力組み合わせ確率: 0.085（推定実オッズ?16倍） / 2着集中度: 上位2艇 79.4%（補正+0.04） / 総合判定確率: 0.125 / → ヒモはやや固め。上位2艇以外を切ること', 'tenji_trigger': '展示確認: 1号艇伸び良→そのまま採用。悪→飛び組に差し替え。circle_pct上位2艇に絞り込むこと。'}",,,31,両建て推奨,21.24,33.9,3,,,,,,,,,,,
2025-10-22,丸亀,4,6,山本凱立,B2,75.00,6,△,1.1237,0.3,14,0,0.2046,4.37,,,0,低,56,0,-,6 466,0,27.7,0.5461,,,,,,,,,,,A,,,0.2143,0.4725,,0.2971,C,44,0,荒れ傾向。高配当狙いか見送り,0.5777,"{'is_target': True, 'verdict': '点数絞り', 'max_combo_prob': 0.085, 'est_top_odds': 15.7, 'circle_concentration': 79.4, 'eligible_count': 6, 'bet_adj': 0, 'reason': 'rel_win1=46.9%（本命度） / 最有力組み合わせ確率: 0.085（推定実オッズ?16倍） / 2着集中度: 上位2艇 79.4%（補正+0.04） / 総合判定確率: 0.125 / → ヒモはやや固め。上位2艇以外を切ること', 'tenji_trigger': '展示確認: 1号艇伸び良→そのまま採用。悪→飛び組に差し替え。circle_pct上位2艇に絞り込むこと。'}",,,31,両建て推奨,21.24,33.9,3,,,,,,,,,,,
2025-10-22,丸亀,5,1,飯田庄吾,B1,40.91,1,◎,37.9412,,0,42.9,0.1511,2.7,,,0,低,145,0,逃0%,4 3565,0,34.6,0.5896,0.2222,,,,,0,0.2611,0.5833,○,,B,,,,0.6,,0.3375,D,19,1,大荒れ。見送り推奨,0.5777,"{'is_target': False, 'verdict': '対象外', 'max_combo_prob': None, 'est_top_odds': None, 'circle_concentration': None, 'eligible_count': 0, 'bet_adj': 0, 'reason': '1号艇rel_win1 < 45%: 通常判定に委ねる', 'tenji_trigger': ''}",,,31.8,両建て推奨,21.81,35.6,4,,,,,0,0,0.6155,0,,主役軸流し,B
2025-10-22,丸亀,5,2,三好勇人,B1,38.71,2,○,13.9659,37.3,99,70.3,0.1291,2.4297,,,0,低,88,0,-,1 5214,0,39.3,0.8393,0,0.0345,0.1379,0,0,0.0133,0.16,0.0533,,◎,B,△,,0.5405,0.6185,,0.3375,D,19,1,大荒れ。見送り推奨,0.5777,"{'is_target': False, 'verdict': '対象外', 'max_combo_prob': None, 'est_top_odds': None, 'circle_concentration': None, 'eligible_count': 0, 'bet_adj': 0, 'reason': '1号艇rel_win1 < 45%: 通常判定に委ねる', 'tenji_trigger': ''}",,,31.8,両建て推奨,21.81,35.6,4,,,,,,,,,,,
2025-10-22,丸亀,5,3,石田章央,A2,37.93,3,▲,17.0577,32,62,67.2,0.1467,2.9609,,,0,低,127,0,差0% 差ま0% 抜0%,5 1236,0,73.2,1.3838,0,0.0345,0,0.1034,0.069,0.1022,0.0571,0.1022,,,C,◎,,0.3446,0.652,,0.3375,D,19,1,大荒れ。見送り推奨,0.5777,"{'is_target': False, 'verdict': '対象外', 'max_combo_prob': None, 'est_top_odds': None, 'circle_concentration': None, 'eligible_count': 0, 'bet_adj': 0, 'reason': '1号艇rel_win1 < 45%: 通常判定に委ねる', 'tenji_trigger': ''}",,,31.8,両建て推奨,21.81,35.6,4,,,,,,,,,,,
2025-10-22,丸亀,5,4,尾嶋一広,A1,37.93,4,△,26.8696,16.8,100,79.6,0.1531,3.1204,,,0,低,99,0,-,1 1524,0,84.1,1.3987,0,0,0.16,0.04,0.08,0.0541,0.0541,0.1081,,,C,○,◎,0.3517,0.6515,0.4401,0.3375,D,19,1,大荒れ。見送り推奨,0.5777,"{'is_target': False, 'verdict': '対象外', 'max_combo_prob': None, 'est_top_odds': None, 'circle_concentration': None, 'eligible_count': 0, 'bet_adj': 0, 'reason': '1号艇rel_win1 < 45%: 通常判定に委ねる', 'tenji_trigger': ''}",,,31.8,両建て推奨,21.81,35.6,4,,,,,,,,,,,
2025-10-22,丸亀,5,5,星野太郎,B1,35.71,5,,3.1393,9.9,78,38.3,0.178,3.8417,,,0,低,157,0,-,141 44,0,55.4,0.9967,,,,,,0.0333,0.0667,0.25,,,C,△,,0.2625,0.63,,0.3375,D,19,1,大荒れ。見送り推奨,0.5777,"{'is_target': False, 'verdict': '対象外', 'max_combo_prob': None, 'est_top_odds': None, 'circle_concentration': None, 'eligible_count': 0, 'bet_adj': 0, 'reason': '1号艇rel_win1 < 45%: 通常判定に委ねる', 'tenji_trigger': ''}",,,31.8,両建て推奨,21.81,35.6,4,,,,,,,,,,,
2025-10-22,丸亀,5,6,森口和紀,B2,15.00,6,,1.0263,4,58,13.2,0.1947,3.6981,,,0,低,98,0,-,F32 6,0,25.6,0.5461,,,,,,0,0.0923,0.1473,,,E,,,0.2104,0.5585,,0.3375,D,19,1,大荒れ。見送り推奨,0.5777,"{'is_target': False, 'verdict': '対象外', 'max_combo_prob': None, 'est_top_odds': None, 'circle_concentration': None, 'eligible_count': 0, 'bet_adj': 0, 'reason': '1号艇rel_win1 < 45%: 通常判定に委ねる', 'tenji_trigger': ''}",,,31.8,両建て推奨,21.81,35.6,4,,,,,,,,,,,
2025-10-22,丸亀,6,1,数原　魁,A2,15.79,1,◎,50.0452,,0,77.5,0.1525,3.575,,,0,低,104,0,逃1%,2 3625,0,82.2,0.9934,0.619,,,,,0.0381,0.0762,0.2095,○,,E,○,,,0.631,,0.4219,A,67,0,◎-○軸 3着3〜4艇流し（10〜15点）,0.5777,"{'is_target': True, 'verdict': '参加推奨', 'max_combo_prob': 0.0732, 'est_top_odds': 18.2, 'circle_concentration': 78.0, 'eligible_count': 8, 'bet_adj': 2, 'reason': 'rel_win1=50.0%（本命度） / 最有力組み合わせ確率: 0.073（推定実オッズ?18倍） / 2着集中度: 上位2艇 78.0%（補正+0.04） / 総合判定確率: 0.113 / → ヒモ分散。1号艇1着固定で広めのヒモ流し推奨（買い目+2点）', 'tenji_trigger': '展示確認: ヒモ分散レース。1号艇伸び確認後、広めのヒモ流しを採用。穴ヒモ（5・6号艇）を積極的に含める。'}",,,27.7,逃げ狙い,17.17,28,3,,,,,0,0,0.6155,0,,逃げ軸流し,A
2025-10-22,丸亀,6,2,竹間隆晟,A1,42.86,2,▲,14.7856,49.4,100,72.1,0.1807,3.7791,,,0,低,83,0,差0% ま0% 抜0%,265 21,0,60.2,1.1747,0,0.1053,0.1053,0,0.0526,0,0.12,0.08,,,B,,,0.0751,0.5415,,0.4219,A,67,0,◎-○軸 3着3〜4艇流し（10〜15点）,0.5777,"{'is_target': True, 'verdict': '参加推奨', 'max_combo_prob': 0.0732, 'est_top_odds': 18.2, 'circle_concentration': 78.0, 'eligible_count': 8, 'bet_adj': 2, 'reason': 'rel_win1=50.0%（本命度） / 最有力組み合わせ確率: 0.073（推定実オッズ?18倍） / 2着集中度: 上位2艇 78.0%（補正+0.04） / 総合判定確率: 0.113 / → ヒモ分散。1号艇1着固定で広めのヒモ流し推奨（買い目+2点）', 'tenji_trigger': '展示確認: ヒモ分散レース。1号艇伸び確認後、広めのヒモ流しを採用。穴ヒモ（5・6号艇）を積極的に含める。'}",,,27.7,逃げ狙い,17.17,28,3,,,,,,,,,,,
2025-10-22,丸亀,6,3,山崎　祥,B1,45.16,3,○,16.5084,28.6,82,58.7,0.1707,3.3043,,,0,低,131,0,ま0% 差ま0%,44333,0,64.3,1.2729,0,0,0.1364,0.0909,0,0.3238,0,0.0667,,,A,△,,0.2208,0.5955,,0.4219,A,67,0,◎-○軸 3着3〜4艇流し（10〜15点）,0.5777,"{'is_target': True, 'verdict': '参加推奨', 'max_combo_prob': 0.0732, 'est_top_odds': 18.2, 'circle_concentration': 78.0, 'eligible_count': 8, 'bet_adj': 2, 'reason': 'rel_win1=50.0%（本命度） / 最有力組み合わせ確率: 0.073（推定実オッズ?18倍） / 2着集中度: 上位2艇 78.0%（補正+0.04） / 総合判定確率: 0.113 / → ヒモ分散。1号艇1着固定で広めのヒモ流し推奨（買い目+2点）', 'tenji_trigger': '展示確認: ヒモ分散レース。1号艇伸び確認後、広めのヒモ流しを採用。穴ヒモ（5・6号艇）を積極的に含める。'}",,,27.7,逃げ狙い,17.17,28,3,,,,,,,,,,,
2025-10-22,丸亀,6,4,藤田靖弘,A2,22.22,4,,7.2403,17.5,69,54.3,0.16,3.2429,,,0,低,111,0,差ま0%,32342,0,45.8,0.9113,0,0.0645,0,0.0968,0.0323,0.0533,0.115,0.0267,,,D,◎,◎,0.2645,0.6755,0.3132,0.4219,A,67,0,◎-○軸 3着3〜4艇流し（10〜15点）,0.5777,"{'is_target': True, 'verdict': '参加推奨', 'max_combo_prob': 0.0732, 'est_top_odds': 18.2, 'circle_concentration': 78.0, 'eligible_count': 8, 'bet_adj': 2, 'reason': 'rel_win1=50.0%（本命度） / 最有力組み合わせ確率: 0.073（推定実オッズ?18倍） / 2着集中度: 上位2艇 78.0%（補正+0.04） / 総合判定確率: 0.113 / → ヒモ分散。1号艇1着固定で広めのヒモ流し推奨（買い目+2点）', 'tenji_trigger': '展示確認: ヒモ分散レース。1号艇伸び確認後、広めのヒモ流しを採用。穴ヒモ（5・6号艇）を積極的に含める。'}",,,27.7,逃げ狙い,17.17,28,3,,,,,,,,,,,
2025-10-22,丸亀,6,5,福田　理,B1,33.33,5,,4.8834,2.8,63,21.5,0.1726,3.5385,,,0,低,126,0,-,335 26,0,26.5,0.6264,0,0,0,0.0294,0,0.1446,0.4967,0.1446,,,C,△,,0.2154,0.594,,0.4219,A,67,0,◎-○軸 3着3〜4艇流し（10〜15点）,0.5777,"{'is_target': True, 'verdict': '参加推奨', 'max_combo_prob': 0.0732, 'est_top_odds': 18.2, 'circle_concentration': 78.0, 'eligible_count': 8, 'bet_adj': 2, 'reason': 'rel_win1=50.0%（本命度） / 最有力組み合わせ確率: 0.073（推定実オッズ?18倍） / 2着集中度: 上位2艇 78.0%（補正+0.04） / 総合判定確率: 0.113 / → ヒモ分散。1号艇1着固定で広めのヒモ流し推奨（買い目+2点）', 'tenji_trigger': '展示確認: ヒモ分散レース。1号艇伸び確認後、広めのヒモ流しを採用。穴ヒモ（5・6号艇）を積極的に含める。'}",,,27.7,逃げ狙い,17.17,28,3,,,,,,,,,,,
2025-10-22,丸亀,6,6,向井田直,B1,27.27,6,△,6.5372,1.7,63,24.2,0.1318,3.1667,,,0,低,29,0,-,F36 6,0,41.5,0.8942,0,0,0.1176,0,0,,,,,,D,,,0.3776,0.589,,0.4219,A,67,0,◎-○軸 3着3〜4艇流し（10〜15点）,0.5777,"{'is_target': True, 'verdict': '参加推奨', 'max_combo_prob': 0.0732, 'est_top_odds': 18.2, 'circle_concentration': 78.0, 'eligible_count': 8, 'bet_adj': 2, 'reason': 'rel_win1=50.0%（本命度） / 最有力組み合わせ確率: 0.073（推定実オッズ?18倍） / 2着集中度: 上位2艇 78.0%（補正+0.04） / 総合判定確率: 0.113 / → ヒモ分散。1号艇1着固定で広めのヒモ流し推奨（買い目+2点）', 'tenji_trigger': '展示確認: ヒモ分散レース。1号艇伸び確認後、広めのヒモ流しを採用。穴ヒモ（5・6号艇）を積極的に含める。'}",,,27.7,逃げ狙い,17.17,28,3,,,,,,,,,,,
2025-10-22,丸亀,7,1,古賀繁輝,A2,55.17,1,◎,62.6264,,0,94.8,0.1486,2.5776,,,0,低,54,0,逃0% 抜0%,252 42,0,92.4,1.2406,0.7308,,,,,0,0.0308,0.0308,◎,,B,○,,,0.664,,0.5417,S,100,0,◎1着固定 2-3着流し（5〜8点）,0.5777,"{'is_target': True, 'verdict': '点数絞り', 'max_combo_prob': 0.1721, 'est_top_odds': 7.7, 'circle_concentration': 80.6, 'eligible_count': 6, 'bet_adj': 0, 'reason': 'rel_win1=62.6%（本命度） / 最有力組み合わせ確率: 0.172（推定実オッズ?8倍） / 2着集中度: 上位2艇 80.6%（補正+0.04） / 総合判定確率: 0.212 / → ヒモはやや固め。上位2艇以外を切ること', 'tenji_trigger': '展示確認: 1号艇伸び良→そのまま採用。悪→飛び組に差し替え。circle_pct上位2艇に絞り込むこと。'}",,,24.8,逃げ狙い,14.58,21.9,2,,,,,0,0,0.7559,0,,逃げ軸流し,A
2025-10-22,丸亀,7,2,石丸海渡,A1,34.48,2,▲,12.7857,63.2,69,83.3,0.1231,2.2083,,,0,低,26,0,-,31311,0,29,0.7698,0,0.1053,0,0,0,0.0792,0.0125,0,,◎,E,◎,,0.5736,0.687,,0.5417,S,100,0,◎1着固定 2-3着流し（5〜8点）,0.5777,"{'is_target': True, 'verdict': '点数絞り', 'max_combo_prob': 0.1721, 'est_top_odds': 7.7, 'circle_concentration': 80.6, 'eligible_count': 6, 'bet_adj': 0, 'reason': 'rel_win1=62.6%（本命度） / 最有力組み合わせ確率: 0.172（推定実オッズ?8倍） / 2着集中度: 上位2艇 80.6%（補正+0.04） / 総合判定確率: 0.212 / → ヒモはやや固め。上位2艇以外を切ること', 'tenji_trigger': '展示確認: 1号艇伸び良→そのまま採用。悪→飛び組に差し替え。circle_pct上位2艇に絞り込むこと。'}",,,24.8,逃げ狙い,14.58,21.9,2,,,,,,,,,,,
2025-10-22,丸亀,7,3,荒川健太,A2,41.38,3,,10.7822,17.4,100,65.1,0.1808,3.7063,,,0,低,145,0,-,2 1333,0,22.9,0.7958,0,0.0333,0,0.1,0,0,0.1957,0.0108,,,D,,,0.1367,0.5905,,0.5417,S,100,0,◎1着固定 2-3着流し（5〜8点）,0.5777,"{'is_target': True, 'verdict': '点数絞り', 'max_combo_prob': 0.1721, 'est_top_odds': 7.7, 'circle_concentration': 80.6, 'eligible_count': 6, 'bet_adj': 0, 'reason': 'rel_win1=62.6%（本命度） / 最有力組み合わせ確率: 0.172（推定実オッズ?8倍） / 2着集中度: 上位2艇 80.6%（補正+0.04） / 総合判定確率: 0.212 / → ヒモはやや固め。上位2艇以外を切ること', 'tenji_trigger': '展示確認: 1号艇伸び良→そのまま採用。悪→飛び組に差し替え。circle_pct上位2艇に絞り込むこと。'}",,,24.8,逃げ狙い,14.58,21.9,2,,,,,,,,,,,
2025-10-22,丸亀,7,4,山下流心,B1,35.71,4,,8.2213,13.7,81,49.2,0.1657,3.3525,,,0,低,117,0,-,331 56,0,37,0.8496,0,0,0.0667,0,0,0.1571,0.0714,0.2286,,,E,△,◎,0.2265,0.6225,0.3142,0.5417,S,100,0,◎1着固定 2-3着流し（5〜8点）,0.5777,"{'is_target': True, 'verdict': '点数絞り', 'max_combo_prob': 0.1721, 'est_top_odds': 7.7, 'circle_concentration': 80.6, 'eligible_count': 6, 'bet_adj': 0, 'reason': 'rel_win1=62.6%（本命度） / 最有力組み合わせ確率: 0.172（推定実オッズ?8倍） / 2着集中度: 上位2艇 80.6%（補正+0.04） / 総合判定確率: 0.212 / → ヒモはやや固め。上位2艇以外を切ること', 'tenji_trigger': '展示確認: 1号艇伸び良→そのまま採用。悪→飛び組に差し替え。circle_pct上位2艇に絞り込むこと。'}",,,24.8,逃げ狙い,14.58,21.9,2,,,,,,,,,,,
2025-10-22,丸亀,7,5,後藤　浩,B1,70.97,5,○,4.5322,5.4,39,25.9,0.1737,3.6111,,,0,低,120,0,差ま0%,3 263,0,38.3,0.8479,0,0,0,0.0526,0,0.0556,0.2222,0,,,A,△,,0.2056,0.6325,,0.5417,S,100,0,◎1着固定 2-3着流し（5〜8点）,0.5777,"{'is_target': True, 'verdict': '点数絞り', 'max_combo_prob': 0.1721, 'est_top_odds': 7.7, 'circle_concentration': 80.6, 'eligible_count': 6, 'bet_adj': 0, 'reason': 'rel_win1=62.6%（本命度） / 最有力組み合わせ確率: 0.172（推定実オッズ?8倍） / 2着集中度: 上位2艇 80.6%（補正+0.04） / 総合判定確率: 0.212 / → ヒモはやや固め。上位2艇以外を切ること', 'tenji_trigger': '展示確認: 1号艇伸び良→そのまま採用。悪→飛び組に差し替え。circle_pct上位2艇に絞り込むこと。'}",,,24.8,逃げ狙い,14.58,21.9,2,,,,,,,,,,,
2025-10-22,丸亀,7,6,吉原快誓,B2,60.00,6,△,1.0521,0.3,10,1.5,0.1972,4.2826,,,0,低,37,0,-,6 666,0,23.3,0.6572,,,,,,,,,,,B,,,0.1587,0.5335,,0.5417,S,100,0,◎1着固定 2-3着流し（5〜8点）,0.5777,"{'is_target': True, 'verdict': '点数絞り', 'max_combo_prob': 0.1721, 'est_top_odds': 7.7, 'circle_concentration': 80.6, 'eligible_count': 6, 'bet_adj': 0, 'reason': 'rel_win1=62.6%（本命度） / 最有力組み合わせ確率: 0.172（推定実オッズ?8倍） / 2着集中度: 上位2艇 80.6%（補正+0.04） / 総合判定確率: 0.212 / → ヒモはやや固め。上位2艇以外を切ること', 'tenji_trigger': '展示確認: 1号艇伸び良→そのまま採用。悪→飛び組に差し替え。circle_pct上位2艇に絞り込むこと。'}",,,24.8,逃げ狙い,14.58,21.9,2,,,,,,,,,,,
2025-10-22,丸亀,8,1,永田啓二,A1,35.71,1,◎,74.3406,,0,96.2,0.1232,2.2356,,,0,低,50,0,逃0%,2 1512,0,74,1.0844,0.7333,,,,,0.2783,0.0089,0.0267,◎,,C,◎,,,0.688,,0.7395,S,100,0,◎1着固定 2-3着流し（5〜8点）,0.5777,"{'is_target': True, 'verdict': '点数絞り', 'max_combo_prob': 0.1386, 'est_top_odds': 9.6, 'circle_concentration': 76.4, 'eligible_count': 6, 'bet_adj': 0, 'reason': 'rel_win1=74.3%（本命度） / 最有力組み合わせ確率: 0.139（推定実オッズ?10倍） / 2着集中度: 上位2艇 76.4%（補正+0.04） / 総合判定確率: 0.179 / → ヒモはやや固め。上位2艇以外を切ること', 'tenji_trigger': '展示確認: 1号艇伸び良→そのまま採用。悪→飛び組に差し替え。circle_pct上位2艇に絞り込むこと。\n展示で1号艇スタート超安定(0.123秒)→ヒモ固まり方向に注意'}",,,27.1,逃げ狙い,13.05,29.7,2,,,,,0,0,0.7559,0,,逃げ軸流し,A
2025-10-22,丸亀,8,2,森　悠稀,A2,17.39,2,,7.7119,54,100,68.8,0.1497,3.3443,,,0,低,62,0,-,5 2352,0,99.4,1.929,0,0,0.037,0,0,0.0552,0.0276,0.0552,,,E,○,,0.0954,0.6755,,0.7395,S,100,0,◎1着固定 2-3着流し（5〜8点）,0.5777,"{'is_target': True, 'verdict': '点数絞り', 'max_combo_prob': 0.1386, 'est_top_odds': 9.6, 'circle_concentration': 76.4, 'eligible_count': 6, 'bet_adj': 0, 'reason': 'rel_win1=74.3%（本命度） / 最有力組み合わせ確率: 0.139（推定実オッズ?10倍） / 2着集中度: 上位2艇 76.4%（補正+0.04） / 総合判定確率: 0.179 / → ヒモはやや固め。上位2艇以外を切ること', 'tenji_trigger': '展示確認: 1号艇伸び良→そのまま採用。悪→飛び組に差し替え。circle_pct上位2艇に絞り込むこと。\n展示で1号艇スタート超安定(0.123秒)→ヒモ固まり方向に注意'}",,,27.1,逃げ狙い,13.05,29.7,2,,,,,,,,,,,
2025-10-22,丸亀,8,3,山田和佐,B1,34.48,3,△,5.4264,18.6,90,37.5,0.1727,3.5078,,,0,低,130,0,-,5 661,0,47.7,1.1169,0,0,0.0278,0,0,0.1769,0.0308,0.1923,,,C,,,0.124,0.5895,,0.7395,S,100,0,◎1着固定 2-3着流し（5〜8点）,0.5777,"{'is_target': True, 'verdict': '点数絞り', 'max_combo_prob': 0.1386, 'est_top_odds': 9.6, 'circle_concentration': 76.4, 'eligible_count': 6, 'bet_adj': 0, 'reason': 'rel_win1=74.3%（本命度） / 最有力組み合わせ確率: 0.139（推定実オッズ?10倍） / 2着集中度: 上位2艇 76.4%（補正+0.04） / 総合判定確率: 0.179 / → ヒモはやや固め。上位2艇以外を切ること', 'tenji_trigger': '展示確認: 1号艇伸び良→そのまま採用。悪→飛び組に差し替え。circle_pct上位2艇に絞り込むこと。\n展示で1号艇スタート超安定(0.123秒)→ヒモ固まり方向に注意'}",,,27.1,逃げ狙い,13.05,29.7,2,,,,,,,,,,,
2025-10-22,丸亀,8,4,浜野孝志,A2,40.63,4,○,9.7808,22.3,62,45.9,0.1516,3.1393,,,0,低,118,0,-,311344,0,50.8,1.0289,0,0.0333,0.1,0.0333,0,0.2227,0.0485,0.1235,,,B,△,◎,0.1943,0.6235,0.4251,0.7395,S,100,0,◎1着固定 2-3着流し（5〜8点）,0.5777,"{'is_target': True, 'verdict': '点数絞り', 'max_combo_prob': 0.1386, 'est_top_odds': 9.6, 'circle_concentration': 76.4, 'eligible_count': 6, 'bet_adj': 0, 'reason': 'rel_win1=74.3%（本命度） / 最有力組み合わせ確率: 0.139（推定実オッズ?10倍） / 2着集中度: 上位2艇 76.4%（補正+0.04） / 総合判定確率: 0.179 / → ヒモはやや固め。上位2艇以外を切ること', 'tenji_trigger': '展示確認: 1号艇伸び良→そのまま採用。悪→飛び組に差し替え。circle_pct上位2艇に絞り込むこと。\n展示で1号艇スタート超安定(0.123秒)→ヒモ固まり方向に注意'}",,,27.1,逃げ狙い,13.05,29.7,2,,,,,,,,,,,
2025-10-22,丸亀,8,5,小林基樹,B1,21.05,5,,1.656,2.2,58,20,0.2332,5.13,,,0,低,167,0,-,4 656,0,27.7,0.6414,,,,,,0.2727,0.2727,0.0909,,,E,,,0.1377,0.5755,,0.7395,S,100,0,◎1着固定 2-3着流し（5〜8点）,0.5777,"{'is_target': True, 'verdict': '点数絞り', 'max_combo_prob': 0.1386, 'est_top_odds': 9.6, 'circle_concentration': 76.4, 'eligible_count': 6, 'bet_adj': 0, 'reason': 'rel_win1=74.3%（本命度） / 最有力組み合わせ確率: 0.139（推定実オッズ?10倍） / 2着集中度: 上位2艇 76.4%（補正+0.04） / 総合判定確率: 0.179 / → ヒモはやや固め。上位2艇以外を切ること', 'tenji_trigger': '展示確認: 1号艇伸び良→そのまま採用。悪→飛び組に差し替え。circle_pct上位2艇に絞り込むこと。\n展示で1号艇スタート超安定(0.123秒)→ヒモ固まり方向に注意'}",,,27.1,逃げ狙い,13.05,29.7,2,,,,,,,,,,,
2025-10-22,丸亀,8,6,宮野　仁,B1,52.94,6,▲,1.0843,2.8,51,18,0.2568,5.19,,,0,低,175,0,-,F 5 5,0,45.5,1.4872,,,,,,0.0571,0.0286,0.3143,,,A,△,,0.1363,0.6005,,0.7395,S,100,0,◎1着固定 2-3着流し（5〜8点）,0.5777,"{'is_target': True, 'verdict': '点数絞り', 'max_combo_prob': 0.1386, 'est_top_odds': 9.6, 'circle_concentration': 76.4, 'eligible_count': 6, 'bet_adj': 0, 'reason': 'rel_win1=74.3%（本命度） / 最有力組み合わせ確率: 0.139（推定実オッズ?10倍） / 2着集中度: 上位2艇 76.4%（補正+0.04） / 総合判定確率: 0.179 / → ヒモはやや固め。上位2艇以外を切ること', 'tenji_trigger': '展示確認: 1号艇伸び良→そのまま採用。悪→飛び組に差し替え。circle_pct上位2艇に絞り込むこと。\n展示で1号艇スタート超安定(0.123秒)→ヒモ固まり方向に注意'}",,,27.1,逃げ狙い,13.05,29.7,2,,,,,,,,,,,
2025-10-22,丸亀,9,1,船岡洋一,A1,23.81,1,◎,66.277,,0,94.3,0.1276,2.2071,,,0,低,67,0,逃1%,152143,0,77.2,1.0415,0.6757,,,,,0.0811,0.027,0.1081,◎,,E,○,,,0.6315,,0.7434,S,90,0,◎1着固定 2-3着流し（5〜8点）,0.5777,"{'is_target': True, 'verdict': '点数絞り', 'max_combo_prob': 0.0835, 'est_top_odds': 16.0, 'circle_concentration': 75.7, 'eligible_count': 6, 'bet_adj': 0, 'reason': 'rel_win1=66.3%（本命度） / 最有力組み合わせ確率: 0.084（推定実オッズ?16倍） / 2着集中度: 上位2艇 75.7%（補正+0.04） / 総合判定確率: 0.124 / → ヒモはやや固め。上位2艇以外を切ること', 'tenji_trigger': '展示確認: 1号艇伸び良→そのまま採用。悪→飛び組に差し替え。circle_pct上位2艇に絞り込むこと。\n展示で1号艇スタート超安定(0.128秒)→ヒモ固まり方向に注意'}",,,26.4,逃げ狙い,15.33,25.8,2,,,,,0,0,0.7559,0,,逃げ軸流し,A
2025-10-22,丸亀,9,2,中村守成,B1,59.38,2,▲,8.4809,37.9,68,41.9,0.1911,4.2823,,,0,低,159,0,-,2 564,0,89.3,1.6902,,,,,,0.08,0.289,0.123,,,A,△,,0.0897,0.591,,0.7434,S,90,0,◎1着固定 2-3着流し（5〜8点）,0.5777,"{'is_target': True, 'verdict': '点数絞り', 'max_combo_prob': 0.0835, 'est_top_odds': 16.0, 'circle_concentration': 75.7, 'eligible_count': 6, 'bet_adj': 0, 'reason': 'rel_win1=66.3%（本命度） / 最有力組み合わせ確率: 0.084（推定実オッズ?16倍） / 2着集中度: 上位2艇 75.7%（補正+0.04） / 総合判定確率: 0.124 / → ヒモはやや固め。上位2艇以外を切ること', 'tenji_trigger': '展示確認: 1号艇伸び良→そのまま採用。悪→飛び組に差し替え。circle_pct上位2艇に絞り込むこと。\n展示で1号艇スタート超安定(0.128秒)→ヒモ固まり方向に注意'}",,,26.4,逃げ狙い,15.33,25.8,2,,,,,,,,,,,
2025-10-22,丸亀,9,3,渡邉　健,A2,41.94,3,○,12.37,37.8,100,66.7,0.149,2.7745,,,0,低,89,0,差ま0%,126315,0,42.6,0.9946,0,0,0,0.1071,0.0714,0.1304,0.1304,0.087,,,C,△,,0.2014,0.589,,0.7434,S,90,0,◎1着固定 2-3着流し（5〜8点）,0.5777,"{'is_target': True, 'verdict': '点数絞り', 'max_combo_prob': 0.0835, 'est_top_odds': 16.0, 'circle_concentration': 75.7, 'eligible_count': 6, 'bet_adj': 0, 'reason': 'rel_win1=66.3%（本命度） / 最有力組み合わせ確率: 0.084（推定実オッズ?16倍） / 2着集中度: 上位2艇 75.7%（補正+0.04） / 総合判定確率: 0.124 / → ヒモはやや固め。上位2艇以外を切ること', 'tenji_trigger': '展示確認: 1号艇伸び良→そのまま採用。悪→飛び組に差し替え。circle_pct上位2艇に絞り込むこと。\n展示で1号艇スタート超安定(0.128秒)→ヒモ固まり方向に注意'}",,,26.4,逃げ狙い,15.33,25.8,2,,,,,,,,,,,
2025-10-22,丸亀,9,4,樋口喜彦,B1,47.83,4,△,3.2216,8.5,82,20,0.1742,3.6778,,,0,低,79,0,-,44 35,0,48.1,0.5655,,,,,,0.25,0.3333,0.0833,,,B,,,0.1402,0.5805,,0.7434,S,90,0,◎1着固定 2-3着流し（5〜8点）,0.5777,"{'is_target': True, 'verdict': '点数絞り', 'max_combo_prob': 0.0835, 'est_top_odds': 16.0, 'circle_concentration': 75.7, 'eligible_count': 6, 'bet_adj': 0, 'reason': 'rel_win1=66.3%（本命度） / 最有力組み合わせ確率: 0.084（推定実オッズ?16倍） / 2着集中度: 上位2艇 75.7%（補正+0.04） / 総合判定確率: 0.124 / → ヒモはやや固め。上位2艇以外を切ること', 'tenji_trigger': '展示確認: 1号艇伸び良→そのまま採用。悪→飛び組に差し替え。circle_pct上位2艇に絞り込むこと。\n展示で1号艇スタート超安定(0.128秒)→ヒモ固まり方向に注意'}",,,26.4,逃げ狙い,15.33,25.8,2,,,,,,,,,,,
2025-10-22,丸亀,9,5,島田一生,B1,28.57,5,,4.1452,8.6,48,22.1,0.1522,3.25,,,0,低,101,0,-,6 352,0,28.9,0.6555,0,0,0,0.0769,0,0.1905,0.2857,0.0476,,,D,,,0.215,0.569,,0.7434,S,90,0,◎1着固定 2-3着流し（5〜8点）,0.5777,"{'is_target': True, 'verdict': '点数絞り', 'max_combo_prob': 0.0835, 'est_top_odds': 16.0, 'circle_concentration': 75.7, 'eligible_count': 6, 'bet_adj': 0, 'reason': 'rel_win1=66.3%（本命度） / 最有力組み合わせ確率: 0.084（推定実オッズ?16倍） / 2着集中度: 上位2艇 75.7%（補正+0.04） / 総合判定確率: 0.124 / → ヒモはやや固め。上位2艇以外を切ること', 'tenji_trigger': '展示確認: 1号艇伸び良→そのまま採用。悪→飛び組に差し替え。circle_pct上位2艇に絞り込むこと。\n展示で1号艇スタート超安定(0.128秒)→ヒモ固まり方向に注意'}",,,26.4,逃げ狙い,15.33,25.8,2,,,,,,,,,,,
2025-10-22,丸亀,9,6,今泉友吾,A1,33.33,6,,5.5053,7.2,99,52.1,0.1625,3.7083,,,0,低,77,0,-,F44 2,0,25.6,1.0164,,,,,,0.0211,0.0211,0.3842,,,D,◎,,0.2056,0.634,,0.7434,S,90,0,◎1着固定 2-3着流し（5〜8点）,0.5777,"{'is_target': True, 'verdict': '点数絞り', 'max_combo_prob': 0.0835, 'est_top_odds': 16.0, 'circle_concentration': 75.7, 'eligible_count': 6, 'bet_adj': 0, 'reason': 'rel_win1=66.3%（本命度） / 最有力組み合わせ確率: 0.084（推定実オッズ?16倍） / 2着集中度: 上位2艇 75.7%（補正+0.04） / 総合判定確率: 0.124 / → ヒモはやや固め。上位2艇以外を切ること', 'tenji_trigger': '展示確認: 1号艇伸び良→そのまま採用。悪→飛び組に差し替え。circle_pct上位2艇に絞り込むこと。\n展示で1号艇スタート超安定(0.128秒)→ヒモ固まり方向に注意'}",,,26.4,逃げ狙い,15.33,25.8,2,,,,,,,,,,,
2025-10-22,丸亀,10,1,尾嶋一広,A1,37.93,1,◎,61.8755,,0,98.6,0.1571,3.2,,,0,低,99,0,逃0%,1 1524,0,82.8,1.0646,0.7568,,,,,0.0541,0.0541,0.1081,◎,,B,△,,,0.6515,,0.5241,A,74,0,◎-○軸 3着3〜4艇流し（10〜15点）,0.5777,"{'is_target': True, 'verdict': '参加推奨', 'max_combo_prob': 0.0674, 'est_top_odds': 19.8, 'circle_concentration': 72.6, 'eligible_count': 8, 'bet_adj': 2, 'reason': 'rel_win1=61.9%（本命度） / 最有力組み合わせ確率: 0.067（推定実オッズ?20倍） / 2着集中度: 上位2艇 72.6%（補正+0.04） / 総合判定確率: 0.107 / → ヒモ分散。1号艇1着固定で広めのヒモ流し推奨（買い目+2点）', 'tenji_trigger': '展示確認: ヒモ分散レース。1号艇伸び確認後、広めのヒモ流しを採用。穴ヒモ（5・6号艇）を積極的に含める。'}",,,30.2,逃げ狙い,26.94,26.7,5,,,,,0,0,0.7559,0,,逃げ軸流し,A
2025-10-22,丸亀,10,2,藤田靖弘,A2,22.22,2,,9.367,37.6,100,65.4,0.1498,3.2284,,,0,低,111,0,-,32342,0,64.1,0.861,0,0.0976,0.0488,0,0,0.0533,0.115,0.0267,,◎,E,◎,,0.393,0.6755,,0.5241,A,74,0,◎-○軸 3着3〜4艇流し（10〜15点）,0.5777,"{'is_target': True, 'verdict': '参加推奨', 'max_combo_prob': 0.0674, 'est_top_odds': 19.8, 'circle_concentration': 72.6, 'eligible_count': 8, 'bet_adj': 2, 'reason': 'rel_win1=61.9%（本命度） / 最有力組み合わせ確率: 0.067（推定実オッズ?20倍） / 2着集中度: 上位2艇 72.6%（補正+0.04） / 総合判定確率: 0.107 / → ヒモ分散。1号艇1着固定で広めのヒモ流し推奨（買い目+2点）', 'tenji_trigger': '展示確認: ヒモ分散レース。1号艇伸び確認後、広めのヒモ流しを採用。穴ヒモ（5・6号艇）を積極的に含める。'}",,,30.2,逃げ狙い,26.94,26.7,5,,,,,,,,,,,
2025-10-22,丸亀,10,3,中澤和志,A1,15.79,3,△,15.7274,35,91,86.5,0.1451,2.8784,,,0,低,46,0,ま0% 差ま0% 抜0%,124111,0,85.7,1.6019,0,0,0.2,0.1,0.05,0.1099,0.1315,0.1207,,○,E,○,,0.3876,0.6735,,0.5241,A,74,0,◎-○軸 3着3〜4艇流し（10〜15点）,0.5777,"{'is_target': True, 'verdict': '参加推奨', 'max_combo_prob': 0.0674, 'est_top_odds': 19.8, 'circle_concentration': 72.6, 'eligible_count': 8, 'bet_adj': 2, 'reason': 'rel_win1=61.9%（本命度） / 最有力組み合わせ確率: 0.067（推定実オッズ?20倍） / 2着集中度: 上位2艇 72.6%（補正+0.04） / 総合判定確率: 0.107 / → ヒモ分散。1号艇1着固定で広めのヒモ流し推奨（買い目+2点）', 'tenji_trigger': '展示確認: ヒモ分散レース。1号艇伸び確認後、広めのヒモ流しを採用。穴ヒモ（5・6号艇）を積極的に含める。'}",,,30.2,逃げ狙い,26.94,26.7,5,,,,,,,,,,,
2025-10-22,丸亀,10,4,重冨勇哉,B1,30.00,4,▲,3.9498,12.9,88,43.9,0.1541,3.2561,,,0,低,99,0,-,5 243,0,61.6,1.1919,0,0,0,0.0417,0,0.3242,0.0632,0.2042,,,C,,,0.2905,0.57,,0.5241,A,74,0,◎-○軸 3着3〜4艇流し（10〜15点）,0.5777,"{'is_target': True, 'verdict': '参加推奨', 'max_combo_prob': 0.0674, 'est_top_odds': 19.8, 'circle_concentration': 72.6, 'eligible_count': 8, 'bet_adj': 2, 'reason': 'rel_win1=61.9%（本命度） / 最有力組み合わせ確率: 0.067（推定実オッズ?20倍） / 2着集中度: 上位2艇 72.6%（補正+0.04） / 総合判定確率: 0.107 / → ヒモ分散。1号艇1着固定で広めのヒモ流し推奨（買い目+2点）', 'tenji_trigger': '展示確認: ヒモ分散レース。1号艇伸び確認後、広めのヒモ流しを採用。穴ヒモ（5・6号艇）を積極的に含める。'}",,,30.2,逃げ狙い,26.94,26.7,5,,,,,,,,,,,
2025-10-22,丸亀,10,5,山本凱立,B2,75.00,5,○,6.06,7.3,84,33.3,0.17,3.3333,,,0,低,56,1,ま0%,6 466,0,47.9,1.0229,0,0,0.3333,0,0,,,,,,A,,,0.3426,0.4725,,0.5241,A,74,0,◎-○軸 3着3〜4艇流し（10〜15点）,0.5777,"{'is_target': True, 'verdict': '参加推奨', 'max_combo_prob': 0.0674, 'est_top_odds': 19.8, 'circle_concentration': 72.6, 'eligible_count': 8, 'bet_adj': 2, 'reason': 'rel_win1=61.9%（本命度） / 最有力組み合わせ確率: 0.067（推定実オッズ?20倍） / 2着集中度: 上位2艇 72.6%（補正+0.04） / 総合判定確率: 0.107 / → ヒモ分散。1号艇1着固定で広めのヒモ流し推奨（買い目+2点）', 'tenji_trigger': '展示確認: ヒモ分散レース。1号艇伸び確認後、広めのヒモ流しを採用。穴ヒモ（5・6号艇）を積極的に含める。'}",,,30.2,逃げ狙い,26.94,26.7,5,,,,,,,,,,,
2025-10-22,丸亀,10,6,重富伸也,B1,26.67,6,,3.0202,7.2,51,32.1,0.1762,3.9444,,,0,低,124,0,ま0% 差ま0%,5 141,0,30.9,1.2964,0,0,0.0526,0.0526,0,0.0615,0,0.3231,,,D,△,◎,0.2205,0.6085,0.1933,0.5241,A,74,0,◎-○軸 3着3〜4艇流し（10〜15点）,0.5777,"{'is_target': True, 'verdict': '参加推奨', 'max_combo_prob': 0.0674, 'est_top_odds': 19.8, 'circle_concentration': 72.6, 'eligible_count': 8, 'bet_adj': 2, 'reason': 'rel_win1=61.9%（本命度） / 最有力組み合わせ確率: 0.067（推定実オッズ?20倍） / 2着集中度: 上位2艇 72.6%（補正+0.04） / 総合判定確率: 0.107 / → ヒモ分散。1号艇1着固定で広めのヒモ流し推奨（買い目+2点）', 'tenji_trigger': '展示確認: ヒモ分散レース。1号艇伸び確認後、広めのヒモ流しを採用。穴ヒモ（5・6号艇）を積極的に含める。'}",,,30.2,逃げ狙い,26.94,26.7,5,,,,,,,,,,,
2025-10-22,丸亀,11,1,荒川健太,A2,41.38,1,◎,60.7332,,0,95.5,0.1403,2.6292,,,0,低,145,0,逃1%,2 1333,0,84,1.0337,0.7297,,,,,0,0.1957,0.0108,◎,,B,△,,,0.5905,,0.5816,A,77,0,◎-○軸 3着3〜4艇流し（10〜15点）,0.5777,"{'is_target': True, 'verdict': '参加推奨', 'max_combo_prob': 0.0834, 'est_top_odds': 16.0, 'circle_concentration': 68.3, 'eligible_count': 8, 'bet_adj': 2, 'reason': 'rel_win1=60.7%（本命度） / 最有力組み合わせ確率: 0.083（推定実オッズ?16倍） / 2着集中度: 上位2艇 68.3%（補正+0.00） / 総合判定確率: 0.083 / → ヒモ分散。1号艇1着固定で広めのヒモ流し推奨（買い目+2点）', 'tenji_trigger': '展示確認: ヒモ分散レース。1号艇伸び確認後、広めのヒモ流しを採用。穴ヒモ（5・6号艇）を積極的に含める。'}",,,27.8,逃げ狙い,19.07,26.7,2,,,,,0,0,0.7559,0,,逃げ軸流し,A
2025-10-22,丸亀,11,2,深川真二,A1,26.32,2,,16.2794,43.1,56,69.8,0.1304,2.5849,,,0,低,21,0,差0%,234 13,0,50.6,0.9107,0,0.1786,0.0357,0,0,0.0105,0.1173,0.0211,,◎,E,◎,,0.4377,0.6545,,0.5816,A,77,0,◎-○軸 3着3〜4艇流し（10〜15点）,0.5777,"{'is_target': True, 'verdict': '参加推奨', 'max_combo_prob': 0.0834, 'est_top_odds': 16.0, 'circle_concentration': 68.3, 'eligible_count': 8, 'bet_adj': 2, 'reason': 'rel_win1=60.7%（本命度） / 最有力組み合わせ確率: 0.083（推定実オッズ?16倍） / 2着集中度: 上位2艇 68.3%（補正+0.00） / 総合判定確率: 0.083 / → ヒモ分散。1号艇1着固定で広めのヒモ流し推奨（買い目+2点）', 'tenji_trigger': '展示確認: ヒモ分散レース。1号艇伸び確認後、広めのヒモ流しを採用。穴ヒモ（5・6号艇）を積極的に含める。'}",,,27.8,逃げ狙い,19.07,26.7,2,,,,,,,,,,,
2025-10-22,丸亀,11,3,三好勇人,B1,38.71,3,▲,9.6827,25.2,96,62.9,0.1374,2.7823,,,0,低,88,0,-,1 5214,0,41,0.8231,0,0.0357,0.0357,0.0357,0.0357,0.0133,0.16,0.0533,,,C,△,,0.2969,0.6185,,0.5816,A,77,0,◎-○軸 3着3〜4艇流し（10〜15点）,0.5777,"{'is_target': True, 'verdict': '参加推奨', 'max_combo_prob': 0.0834, 'est_top_odds': 16.0, 'circle_concentration': 68.3, 'eligible_count': 8, 'bet_adj': 2, 'reason': 'rel_win1=60.7%（本命度） / 最有力組み合わせ確率: 0.083（推定実オッズ?16倍） / 2着集中度: 上位2艇 68.3%（補正+0.00） / 総合判定確率: 0.083 / → ヒモ分散。1号艇1着固定で広めのヒモ流し推奨（買い目+2点）', 'tenji_trigger': '展示確認: ヒモ分散レース。1号艇伸び確認後、広めのヒモ流しを採用。穴ヒモ（5・6号艇）を積極的に含める。'}",,,27.8,逃げ狙い,19.07,26.7,2,,,,,,,,,,,
2025-10-22,丸亀,11,4,竹間隆晟,A1,42.86,4,○,6.9192,19,98,61.3,0.1735,2.871,,,0,低,83,0,-,265 21,0,47.6,0.8298,0,0,0.1053,0,0,0,0.12,0.08,,,B,,,0.1778,0.5415,,0.5816,A,77,0,◎-○軸 3着3〜4艇流し（10〜15点）,0.5777,"{'is_target': True, 'verdict': '参加推奨', 'max_combo_prob': 0.0834, 'est_top_odds': 16.0, 'circle_concentration': 68.3, 'eligible_count': 8, 'bet_adj': 2, 'reason': 'rel_win1=60.7%（本命度） / 最有力組み合わせ確率: 0.083（推定実オッズ?16倍） / 2着集中度: 上位2艇 68.3%（補正+0.00） / 総合判定確率: 0.083 / → ヒモ分散。1号艇1着固定で広めのヒモ流し推奨（買い目+2点）', 'tenji_trigger': '展示確認: ヒモ分散レース。1号艇伸び確認後、広めのヒモ流しを採用。穴ヒモ（5・6号艇）を積極的に含める。'}",,,27.8,逃げ狙い,19.07,26.7,2,,,,,,,,,,,
2025-10-22,丸亀,11,5,末永由楽,A1,27.59,5,,5.4447,12.2,100,46,0.1422,2.94,,,0,低,68,0,差ま0%,11221,0,77.5,1.2831,0,0,0,0.12,0,0.0824,0.1649,0.0716,,,D,○,◎,0.2947,0.6295,0.452,0.5816,A,77,0,◎-○軸 3着3〜4艇流し（10〜15点）,0.5777,"{'is_target': True, 'verdict': '参加推奨', 'max_combo_prob': 0.0834, 'est_top_odds': 16.0, 'circle_concentration': 68.3, 'eligible_count': 8, 'bet_adj': 2, 'reason': 'rel_win1=60.7%（本命度） / 最有力組み合わせ確率: 0.083（推定実オッズ?16倍） / 2着集中度: 上位2艇 68.3%（補正+0.00） / 総合判定確率: 0.083 / → ヒモ分散。1号艇1着固定で広めのヒモ流し推奨（買い目+2点）', 'tenji_trigger': '展示確認: ヒモ分散レース。1号艇伸び確認後、広めのヒモ流しを採用。穴ヒモ（5・6号艇）を積極的に含める。'}",,,27.8,逃げ狙い,19.07,26.7,2,,,,,,,,,,,
2025-10-22,丸亀,11,6,多田有佑,B1,44.44,6,△,0.9408,0.5,20,7.5,0.2351,5.1604,,,0,低,170,0,-,5 4654,0,26.2,0.6061,,,,,,0,0.2632,0.1579,,,B,,,0.1363,0.5565,,0.5816,A,77,0,◎-○軸 3着3〜4艇流し（10〜15点）,0.5777,"{'is_target': True, 'verdict': '参加推奨', 'max_combo_prob': 0.0834, 'est_top_odds': 16.0, 'circle_concentration': 68.3, 'eligible_count': 8, 'bet_adj': 2, 'reason': 'rel_win1=60.7%（本命度） / 最有力組み合わせ確率: 0.083（推定実オッズ?16倍） / 2着集中度: 上位2艇 68.3%（補正+0.00） / 総合判定確率: 0.083 / → ヒモ分散。1号艇1着固定で広めのヒモ流し推奨（買い目+2点）', 'tenji_trigger': '展示確認: ヒモ分散レース。1号艇伸び確認後、広めのヒモ流しを採用。穴ヒモ（5・6号艇）を積極的に含める。'}",,,27.8,逃げ狙い,19.07,26.7,2,,,,,,,,,,,
2025-10-22,丸亀,12,1,松下一也,A1,19.23,1,◎,55.0146,,0,93.2,0.1155,2.089,,,0,低,48,0,逃0%,462 54,0,58.1,0.9949,0.7105,,,,,0.1726,0.0211,0.0316,◎,,E,△,,,0.675,,0.6402,S,87,0,◎1着固定 2-3着流し（5〜8点）,0.5777,"{'is_target': True, 'verdict': '参加推奨', 'max_combo_prob': 0.0616, 'est_top_odds': 21.6, 'circle_concentration': 62.9, 'eligible_count': 6, 'bet_adj': 2, 'reason': 'rel_win1=55.0%（本命度） / 最有力組み合わせ確率: 0.062（推定実オッズ?22倍） / 2着集中度: 上位2艇 62.9%（補正+0.00） / 総合判定確率: 0.062 / → ヒモ分散。1号艇1着固定で広めのヒモ流し推奨（買い目+2点）', 'tenji_trigger': '展示確認: ヒモ分散レース。1号艇伸び確認後、広めのヒモ流しを採用。穴ヒモ（5・6号艇）を積極的に含める。\n展示で1号艇スタート超安定(0.116秒)→ヒモ固まり方向に注意'}",,,29.1,逃げ狙い,23.65,26.3,4,,,,,0,0,0.7559,0,,逃げ軸流し,A
2025-10-22,丸亀,12,2,石田章央,A2,37.93,2,○,12.2005,36.7,78,68.5,0.1516,3.0342,,,0,低,127,0,-,5 1236,0,100,4.5107,0,0.1071,0,0,0,0.1022,0.0571,0.1022,,,B,,,0.0999,0.652,,0.6402,S,87,0,◎1着固定 2-3着流し（5〜8点）,0.5777,"{'is_target': True, 'verdict': '参加推奨', 'max_combo_prob': 0.0616, 'est_top_odds': 21.6, 'circle_concentration': 62.9, 'eligible_count': 6, 'bet_adj': 2, 'reason': 'rel_win1=55.0%（本命度） / 最有力組み合わせ確率: 0.062（推定実オッズ?22倍） / 2着集中度: 上位2艇 62.9%（補正+0.00） / 総合判定確率: 0.062 / → ヒモ分散。1号艇1着固定で広めのヒモ流し推奨（買い目+2点）', 'tenji_trigger': '展示確認: ヒモ分散レース。1号艇伸び確認後、広めのヒモ流しを採用。穴ヒモ（5・6号艇）を積極的に含める。\n展示で1号艇スタート超安定(0.116秒)→ヒモ固まり方向に注意'}",,,29.1,逃げ狙い,23.65,26.3,4,,,,,,,,,,,
2025-10-22,丸亀,12,3,石丸海渡,A1,34.48,3,△,10.4092,24.5,92,63.2,0.1024,2,,,0,低,26,0,ま0% 差ま0%,31311,0,43.2,1.035,0,0.0455,0.0455,0.0909,0.0455,0.0792,0.0125,0,,◎,C,○,,0.3752,0.687,,0.6402,S,87,0,◎1着固定 2-3着流し（5〜8点）,0.5777,"{'is_target': True, 'verdict': '参加推奨', 'max_combo_prob': 0.0616, 'est_top_odds': 21.6, 'circle_concentration': 62.9, 'eligible_count': 6, 'bet_adj': 2, 'reason': 'rel_win1=55.0%（本命度） / 最有力組み合わせ確率: 0.062（推定実オッズ?22倍） / 2着集中度: 上位2艇 62.9%（補正+0.00） / 総合判定確率: 0.062 / → ヒモ分散。1号艇1着固定で広めのヒモ流し推奨（買い目+2点）', 'tenji_trigger': '展示確認: ヒモ分散レース。1号艇伸び確認後、広めのヒモ流しを採用。穴ヒモ（5・6号艇）を積極的に含める。\n展示で1号艇スタート超安定(0.116秒)→ヒモ固まり方向に注意'}",,,29.1,逃げ狙い,23.65,26.3,4,,,,,,,,,,,
2025-10-22,丸亀,12,4,永田啓二,A1,35.71,4,▲,16.2235,26.1,100,80.6,0.1166,2.3731,,,0,低,50,0,-,2 1512,0,41.8,1.0906,0,0,0.1818,0.0303,0,0.2783,0.0089,0.0267,,,C,◎,◎,0.3262,0.688,0.4697,0.6402,S,87,0,◎1着固定 2-3着流し（5〜8点）,0.5777,"{'is_target': True, 'verdict': '参加推奨', 'max_combo_prob': 0.0616, 'est_top_odds': 21.6, 'circle_concentration': 62.9, 'eligible_count': 6, 'bet_adj': 2, 'reason': 'rel_win1=55.0%（本命度） / 最有力組み合わせ確率: 0.062（推定実オッズ?22倍） / 2着集中度: 上位2艇 62.9%（補正+0.00） / 総合判定確率: 0.062 / → ヒモ分散。1号艇1着固定で広めのヒモ流し推奨（買い目+2点）', 'tenji_trigger': '展示確認: ヒモ分散レース。1号艇伸び確認後、広めのヒモ流しを採用。穴ヒモ（5・6号艇）を積極的に含める。\n展示で1号艇スタート超安定(0.116秒)→ヒモ固まり方向に注意'}",,,29.1,逃げ狙い,23.65,26.3,4,,,,,,,,,,,
2025-10-22,丸亀,12,5,数原　魁,A2,15.79,5,,4.0764,9.7,77,34,0.1628,3.7358,,,0,低,104,0,-,2 3625,0,36,0.9831,,,,,,0.0381,0.0762,0.2095,,,E,,,0.1607,0.631,,0.6402,S,87,0,◎1着固定 2-3着流し（5〜8点）,0.5777,"{'is_target': True, 'verdict': '参加推奨', 'max_combo_prob': 0.0616, 'est_top_odds': 21.6, 'circle_concentration': 62.9, 'eligible_count': 6, 'bet_adj': 2, 'reason': 'rel_win1=55.0%（本命度） / 最有力組み合わせ確率: 0.062（推定実オッズ?22倍） / 2着集中度: 上位2艇 62.9%（補正+0.00） / 総合判定確率: 0.062 / → ヒモ分散。1号艇1着固定で広めのヒモ流し推奨（買い目+2点）', 'tenji_trigger': '展示確認: ヒモ分散レース。1号艇伸び確認後、広めのヒモ流しを採用。穴ヒモ（5・6号艇）を積極的に含める。\n展示で1号艇スタート超安定(0.116秒)→ヒモ固まり方向に注意'}",,,29.1,逃げ狙い,23.65,26.3,4,,,,,,,,,,,
2025-10-22,丸亀,12,6,木下大將,B1,48.28,6,,2.0758,2.9,59,28,0.1564,3.42,,,0,低,82,0,-,1 2123,0,31,1.1747,,,,,,0.1053,0.0526,0.0526,,,A,△,,0.183,0.6535,,0.6402,S,87,0,◎1着固定 2-3着流し（5〜8点）,0.5777,"{'is_target': True, 'verdict': '参加推奨', 'max_combo_prob': 0.0616, 'est_top_odds': 21.6, 'circle_concentration': 62.9, 'eligible_count': 6, 'bet_adj': 2, 'reason': 'rel_win1=55.0%（本命度） / 最有力組み合わせ確率: 0.062（推定実オッズ?22倍） / 2着集中度: 上位2艇 62.9%（補正+0.00） / 総合判定確率: 0.062 / → ヒモ分散。1号艇1着固定で広めのヒモ流し推奨（買い目+2点）', 'tenji_trigger': '展示確認: ヒモ分散レース。1号艇伸び確認後、広めのヒモ流しを採用。穴ヒモ（5・6号艇）を積極的に含める。\n展示で1号艇スタート超安定(0.116秒)→ヒモ固まり方向に注意'}",,,29.1,逃げ狙い,23.65,26.3,4,,,,,,,,,,,
2025-10-23,丸亀,1,1,島田一生,B1,28.57,1,◎,49.7866,,0,81.6,0.1484,2.8421,,,0,低,101,0,逃0%,6 352,0,57.6,0.8763,0.381,,,,,0.1905,0.2857,0.0476,○,,D,,,,0.569,,0.4456,A,61,0,◎-○軸 3着3〜4艇流し（10〜15点）,0.5777,"{'is_target': True, 'verdict': '参加推奨', 'max_combo_prob': 0.0681, 'est_top_odds': 19.6, 'circle_concentration': 70.1, 'eligible_count': 8, 'bet_adj': 2, 'reason': 'rel_win1=49.8%（本命度） / 最有力組み合わせ確率: 0.068（推定実オッズ?20倍） / 2着集中度: 上位2艇 70.1%（補正+0.04） / 総合判定確率: 0.108 / → ヒモ分散。1号艇1着固定で広めのヒモ流し推奨（買い目+2点）', 'tenji_trigger': '展示確認: ヒモ分散レース。1号艇伸び確認後、広めのヒモ流しを採用。穴ヒモ（5・6号艇）を積極的に含める。'}",,,30.5,両建て推奨,18.37,35,3,,,,,0,0,0.6155,0,,主役軸流し,B
2025-10-23,丸亀,1,2,小林基樹,B1,21.05,2,,11.3939,38.7,88,47.1,0.2043,4.5882,,,0,低,167,0,-,4 656,0,93.1,1.8605,0,0.1111,0,0,0,0.2727,0.2727,0.0909,,,E,,,0.1036,0.5755,,0.4456,A,61,0,◎-○軸 3着3〜4艇流し（10〜15点）,0.5777,"{'is_target': True, 'verdict': '参加推奨', 'max_combo_prob': 0.0681, 'est_top_odds': 19.6, 'circle_concentration': 70.1, 'eligible_count': 8, 'bet_adj': 2, 'reason': 'rel_win1=49.8%（本命度） / 最有力組み合わせ確率: 0.068（推定実オッズ?20倍） / 2着集中度: 上位2艇 70.1%（補正+0.04） / 総合判定確率: 0.108 / → ヒモ分散。1号艇1着固定で広めのヒモ流し推奨（買い目+2点）', 'tenji_trigger': '展示確認: ヒモ分散レース。1号艇伸び確認後、広めのヒモ流しを採用。穴ヒモ（5・6号艇）を積極的に含める。'}",,,30.5,両建て推奨,18.37,35,3,,,,,,,,,,,
2025-10-23,丸亀,1,3,古賀繁輝,A2,55.17,3,○,18.3889,31.4,100,72.1,0.1416,3.1279,,,0,低,54,0,ま0%,252 42,0,43.3,1.0458,0,0,0.2353,0,0,0,0.0308,0.0308,,◎,A,◎,,0.4051,0.664,,0.4456,A,61,0,◎-○軸 3着3〜4艇流し（10〜15点）,0.5777,"{'is_target': True, 'verdict': '参加推奨', 'max_combo_prob': 0.0681, 'est_top_odds': 19.6, 'circle_concentration': 70.1, 'eligible_count': 8, 'bet_adj': 2, 'reason': 'rel_win1=49.8%（本命度） / 最有力組み合わせ確率: 0.068（推定実オッズ?20倍） / 2着集中度: 上位2艇 70.1%（補正+0.04） / 総合判定確率: 0.108 / → ヒモ分散。1号艇1着固定で広めのヒモ流し推奨（買い目+2点）', 'tenji_trigger': '展示確認: ヒモ分散レース。1号艇伸び確認後、広めのヒモ流しを採用。穴ヒモ（5・6号艇）を積極的に含める。'}",,,30.5,両建て推奨,18.37,35,3,,,,,,,,,,,
2025-10-23,丸亀,1,4,中村守成,B1,59.38,4,▲,9.3477,9.3,55,40,0.1888,4.06,,,0,低,159,0,-,2 564,0,21.9,0.6783,0,0.0476,0.0476,0,0,0.08,0.289,0.123,,,A,△,,0.169,0.591,,0.4456,A,61,0,◎-○軸 3着3〜4艇流し（10〜15点）,0.5777,"{'is_target': True, 'verdict': '参加推奨', 'max_combo_prob': 0.0681, 'est_top_odds': 19.6, 'circle_concentration': 70.1, 'eligible_count': 8, 'bet_adj': 2, 'reason': 'rel_win1=49.8%（本命度） / 最有力組み合わせ確率: 0.068（推定実オッズ?20倍） / 2着集中度: 上位2艇 70.1%（補正+0.04） / 総合判定確率: 0.108 / → ヒモ分散。1号艇1着固定で広めのヒモ流し推奨（買い目+2点）', 'tenji_trigger': '展示確認: ヒモ分散レース。1号艇伸び確認後、広めのヒモ流しを採用。穴ヒモ（5・6号艇）を積極的に含める。'}",,,30.5,両建て推奨,18.37,35,3,,,,,,,,,,,
2025-10-23,丸亀,1,5,木下大將,B1,48.28,5,△,4.9718,19,68,47.5,0.1434,3.5656,,,0,低,82,0,抜0%,1 2123,0,64.9,1.2667,0,0,0,0,0.0417,0.1053,0.0526,0.0526,,,B,○,,0.3717,0.6535,,0.4456,A,61,0,◎-○軸 3着3〜4艇流し（10〜15点）,0.5777,"{'is_target': True, 'verdict': '参加推奨', 'max_combo_prob': 0.0681, 'est_top_odds': 19.6, 'circle_concentration': 70.1, 'eligible_count': 8, 'bet_adj': 2, 'reason': 'rel_win1=49.8%（本命度） / 最有力組み合わせ確率: 0.068（推定実オッズ?20倍） / 2着集中度: 上位2艇 70.1%（補正+0.04） / 総合判定確率: 0.108 / → ヒモ分散。1号艇1着固定で広めのヒモ流し推奨（買い目+2点）', 'tenji_trigger': '展示確認: ヒモ分散レース。1号艇伸び確認後、広めのヒモ流しを採用。穴ヒモ（5・6号艇）を積極的に含める。'}",,,30.5,両建て推奨,18.37,35,3,,,,,,,,,,,
2025-10-23,丸亀,1,6,向井田直,B1,27.27,6,,6.1111,1.6,60,24.2,0.1318,3.1667,,,0,低,29,0,-,F36 6,0,36.8,0.8625,0,0,0.1176,0,0,,,,,○,E,△,,0.4033,0.589,,0.4456,A,61,0,◎-○軸 3着3〜4艇流し（10〜15点）,0.5777,"{'is_target': True, 'verdict': '参加推奨', 'max_combo_prob': 0.0681, 'est_top_odds': 19.6, 'circle_concentration': 70.1, 'eligible_count': 8, 'bet_adj': 2, 'reason': 'rel_win1=49.8%（本命度） / 最有力組み合わせ確率: 0.068（推定実オッズ?20倍） / 2着集中度: 上位2艇 70.1%（補正+0.04） / 総合判定確率: 0.108 / → ヒモ分散。1号艇1着固定で広めのヒモ流し推奨（買い目+2点）', 'tenji_trigger': '展示確認: ヒモ分散レース。1号艇伸び確認後、広めのヒモ流しを採用。穴ヒモ（5・6号艇）を積極的に含める。'}",,,30.5,両建て推奨,18.37,35,3,,,,,,,,,,,
2025-10-23,丸亀,2,1,後藤　浩,B1,70.97,1,◎,55.9646,,0,90,0.1578,3.2125,,,0,低,120,0,逃0%,3 263,0,61.7,0.97,0.6667,,,,,0.0556,0.2222,0,◎,,A,△,,,0.6325,,0.4816,S,81,0,◎1着固定 2-3着流し（5〜8点）,0.5777,"{'is_target': True, 'verdict': '参加推奨', 'max_combo_prob': 0.0711, 'est_top_odds': 18.7, 'circle_concentration': 67.1, 'eligible_count': 6, 'bet_adj': 2, 'reason': 'rel_win1=56.0%（本命度） / 最有力組み合わせ確率: 0.071（推定実オッズ?19倍） / 2着集中度: 上位2艇 67.1%（補正+0.00） / 総合判定確率: 0.071 / → ヒモ分散。1号艇1着固定で広めのヒモ流し推奨（買い目+2点）', 'tenji_trigger': '展示確認: ヒモ分散レース。1号艇伸び確認後、広めのヒモ流しを採用。穴ヒモ（5・6号艇）を積極的に含める。'}",,,30.6,逃げ狙い,25.29,29.2,5,,,,,0,0,0.7559,0,,逃げ軸流し,A
2025-10-23,丸亀,2,2,大澤大夢,B1,39.29,2,△,6.9863,27.2,100,53,0.1477,3.2121,,,0,低,103,0,-,554 25,0,23,0.6847,0,0,0.037,0,0.037,0.1632,0.1421,0.1211,,◎,D,○,,0.4046,0.644,,0.4816,S,81,0,◎1着固定 2-3着流し（5〜8点）,0.5777,"{'is_target': True, 'verdict': '参加推奨', 'max_combo_prob': 0.0711, 'est_top_odds': 18.7, 'circle_concentration': 67.1, 'eligible_count': 6, 'bet_adj': 2, 'reason': 'rel_win1=56.0%（本命度） / 最有力組み合わせ確率: 0.071（推定実オッズ?19倍） / 2着集中度: 上位2艇 67.1%（補正+0.00） / 総合判定確率: 0.071 / → ヒモ分散。1号艇1着固定で広めのヒモ流し推奨（買い目+2点）', 'tenji_trigger': '展示確認: ヒモ分散レース。1号艇伸び確認後、広めのヒモ流しを採用。穴ヒモ（5・6号艇）を積極的に含める。'}",,,30.6,逃げ狙い,25.29,29.2,5,,,,,,,,,,,
2025-10-23,丸亀,2,3,永田啓二,A1,35.71,3,▲,19.1257,39.9,99,73.7,0.1389,2.3772,,,0,低,50,0,ま0% 差ま0% 抜0%,2 1512,0,38,0.8246,0,0,0.0385,0.0769,0.0769,0.2783,0.0089,0.0267,,○,E,◎,,0.3909,0.688,,0.4816,S,81,0,◎1着固定 2-3着流し（5〜8点）,0.5777,"{'is_target': True, 'verdict': '参加推奨', 'max_combo_prob': 0.0711, 'est_top_odds': 18.7, 'circle_concentration': 67.1, 'eligible_count': 6, 'bet_adj': 2, 'reason': 'rel_win1=56.0%（本命度） / 最有力組み合わせ確率: 0.071（推定実オッズ?19倍） / 2着集中度: 上位2艇 67.1%（補正+0.00） / 総合判定確率: 0.071 / → ヒモ分散。1号艇1着固定で広めのヒモ流し推奨（買い目+2点）', 'tenji_trigger': '展示確認: ヒモ分散レース。1号艇伸び確認後、広めのヒモ流しを採用。穴ヒモ（5・6号艇）を積極的に含める。'}",,,30.6,逃げ狙い,25.29,29.2,5,,,,,,,,,,,
2025-10-23,丸亀,2,4,三好勇人,B1,38.71,4,,9.0669,20.3,93,50,0.1578,3.2963,,,0,低,88,0,-,1 5214,0,97.4,1.8821,0,0.0385,0.0385,0,0,0.0133,0.16,0.0533,,,D,△,◎,0.2853,0.6185,0.4193,0.4816,S,81,0,◎1着固定 2-3着流し（5〜8点）,0.5777,"{'is_target': True, 'verdict': '参加推奨', 'max_combo_prob': 0.0711, 'est_top_odds': 18.7, 'circle_concentration': 67.1, 'eligible_count': 6, 'bet_adj': 2, 'reason': 'rel_win1=56.0%（本命度） / 最有力組み合わせ確率: 0.071（推定実オッズ?19倍） / 2着集中度: 上位2艇 67.1%（補正+0.00） / 総合判定確率: 0.071 / → ヒモ分散。1号艇1着固定で広めのヒモ流し推奨（買い目+2点）', 'tenji_trigger': '展示確認: ヒモ分散レース。1号艇伸び確認後、広めのヒモ流しを採用。穴ヒモ（5・6号艇）を積極的に含める。'}",,,30.6,逃げ狙い,25.29,29.2,5,,,,,,,,,,,
2025-10-23,丸亀,2,5,山本凱立,B2,75.00,5,○,7.8425,10.1,70,33.3,0.17,3.3333,,,0,低,56,1,ま0%,6 466,0,52.1,1.1081,0,0,0.3333,0,0,,,,,,A,,,0.3445,0.4725,,0.4816,S,81,0,◎1着固定 2-3着流し（5〜8点）,0.5777,"{'is_target': True, 'verdict': '参加推奨', 'max_combo_prob': 0.0711, 'est_top_odds': 18.7, 'circle_concentration': 67.1, 'eligible_count': 6, 'bet_adj': 2, 'reason': 'rel_win1=56.0%（本命度） / 最有力組み合わせ確率: 0.071（推定実オッズ?19倍） / 2着集中度: 上位2艇 67.1%（補正+0.00） / 総合判定確率: 0.071 / → ヒモ分散。1号艇1着固定で広めのヒモ流し推奨（買い目+2点）', 'tenji_trigger': '展示確認: ヒモ分散レース。1号艇伸び確認後、広めのヒモ流しを採用。穴ヒモ（5・6号艇）を積極的に含める。'}",,,30.6,逃げ狙い,25.29,29.2,5,,,,,,,,,,,
2025-10-23,丸亀,2,6,宮野　仁,B1,52.94,6,,1.014,2.5,51,18,0.2568,5.19,,,0,低,175,0,-,F 5 5,0,28.5,1.445,,,,,,0.0571,0.0286,0.3143,,,C,,,0.1263,0.6005,,0.4816,S,81,0,◎1着固定 2-3着流し（5〜8点）,0.5777,"{'is_target': True, 'verdict': '参加推奨', 'max_combo_prob': 0.0711, 'est_top_odds': 18.7, 'circle_concentration': 67.1, 'eligible_count': 6, 'bet_adj': 2, 'reason': 'rel_win1=56.0%（本命度） / 最有力組み合わせ確率: 0.071（推定実オッズ?19倍） / 2着集中度: 上位2艇 67.1%（補正+0.00） / 総合判定確率: 0.071 / → ヒモ分散。1号艇1着固定で広めのヒモ流し推奨（買い目+2点）', 'tenji_trigger': '展示確認: ヒモ分散レース。1号艇伸び確認後、広めのヒモ流しを採用。穴ヒモ（5・6号艇）を積極的に含める。'}",,,30.6,逃げ狙い,25.29,29.2,5,,,,,,,,,,,
2025-10-23,丸亀,3,1,浜野孝志,A2,40.63,1,◎,49.339,,0,91.7,0.1499,2.9792,,,0,低,118,0,逃0%,311344,0,71.2,1.0835,0.5152,,,,,0.2227,0.0485,0.1235,◎,,B,△,,,0.6235,,0.5023,A,79,0,◎-○軸 3着3〜4艇流し（10〜15点）,0.5777,"{'is_target': True, 'verdict': '参加推奨', 'max_combo_prob': 0.0823, 'est_top_odds': 16.2, 'circle_concentration': 65.4, 'eligible_count': 8, 'bet_adj': 2, 'reason': 'rel_win1=49.3%（本命度） / 最有力組み合わせ確率: 0.082（推定実オッズ?16倍） / 2着集中度: 上位2艇 65.4%（補正+0.00） / 総合判定確率: 0.082 / → ヒモ分散。1号艇1着固定で広めのヒモ流し推奨（買い目+2点）', 'tenji_trigger': '展示確認: ヒモ分散レース。1号艇伸び確認後、広めのヒモ流しを採用。穴ヒモ（5・6号艇）を積極的に含める。'}",,,29.2,逃げ狙い,18.76,30.8,2,,,,,0,0,0.7559,0,,逃げ軸流し,A
2025-10-23,丸亀,3,2,石田章央,A2,37.93,2,▲,15.6848,45,62,68.5,0.1516,3.0342,,,0,低,127,0,-,5 1236,0,100,4.6772,0,0.1071,0,0,0,0.1022,0.0571,0.1022,,○,B,◎,,0.3404,0.652,,0.5023,A,79,0,◎-○軸 3着3〜4艇流し（10〜15点）,0.5777,"{'is_target': True, 'verdict': '参加推奨', 'max_combo_prob': 0.0823, 'est_top_odds': 16.2, 'circle_concentration': 65.4, 'eligible_count': 8, 'bet_adj': 2, 'reason': 'rel_win1=49.3%（本命度） / 最有力組み合わせ確率: 0.082（推定実オッズ?16倍） / 2着集中度: 上位2艇 65.4%（補正+0.00） / 総合判定確率: 0.082 / → ヒモ分散。1号艇1着固定で広めのヒモ流し推奨（買い目+2点）', 'tenji_trigger': '展示確認: ヒモ分散レース。1号艇伸び確認後、広めのヒモ流しを採用。穴ヒモ（5・6号艇）を積極的に含める。'}",,,29.2,逃げ狙い,18.76,30.8,2,,,,,,,,,,,
2025-10-23,丸亀,3,3,山崎　祥,B1,45.16,3,○,14.8298,20.3,66,58.7,0.1707,3.3043,,,0,低,131,0,ま0% 差ま0%,44333,0,49.2,1.2288,0,0,0.1364,0.0909,0,0.3238,0,0.0667,,,A,,,0.2257,0.5955,,0.5023,A,79,0,◎-○軸 3着3〜4艇流し（10〜15点）,0.5777,"{'is_target': True, 'verdict': '参加推奨', 'max_combo_prob': 0.0823, 'est_top_odds': 16.2, 'circle_concentration': 65.4, 'eligible_count': 8, 'bet_adj': 2, 'reason': 'rel_win1=49.3%（本命度） / 最有力組み合わせ確率: 0.082（推定実オッズ?16倍） / 2着集中度: 上位2艇 65.4%（補正+0.00） / 総合判定確率: 0.082 / → ヒモ分散。1号艇1着固定で広めのヒモ流し推奨（買い目+2点）', 'tenji_trigger': '展示確認: ヒモ分散レース。1号艇伸び確認後、広めのヒモ流しを採用。穴ヒモ（5・6号艇）を積極的に含める。'}",,,29.2,逃げ狙い,18.76,30.8,2,,,,,,,,,,,
2025-10-23,丸亀,3,4,船岡洋一,A1,23.81,4,△,10.5466,20.1,100,67.3,0.1439,3.0612,,,0,低,67,0,差ま0%,152143,0,44.3,0.9974,0,0,0.05,0.15,0,0.0811,0.027,0.1081,,,D,○,◎,0.3404,0.6315,0.4849,0.5023,A,79,0,◎-○軸 3着3〜4艇流し（10〜15点）,0.5777,"{'is_target': True, 'verdict': '参加推奨', 'max_combo_prob': 0.0823, 'est_top_odds': 16.2, 'circle_concentration': 65.4, 'eligible_count': 8, 'bet_adj': 2, 'reason': 'rel_win1=49.3%（本命度） / 最有力組み合わせ確率: 0.082（推定実オッズ?16倍） / 2着集中度: 上位2艇 65.4%（補正+0.00） / 総合判定確率: 0.082 / → ヒモ分散。1号艇1着固定で広めのヒモ流し推奨（買い目+2点）', 'tenji_trigger': '展示確認: ヒモ分散レース。1号艇伸び確認後、広めのヒモ流しを採用。穴ヒモ（5・6号艇）を積極的に含める。'}",,,29.2,逃げ狙い,18.76,30.8,2,,,,,,,,,,,
2025-10-23,丸亀,3,5,重富伸也,B1,26.67,5,,8.6955,10.9,49,39.2,0.1682,3.5784,,,0,低,124,0,ま0%,5 141,0,33.2,0.7781,0,0,0.1667,0.0417,0,0.0615,0,0.3231,,,D,△,○,0.2711,0.6085,0.253,0.5023,A,79,0,◎-○軸 3着3〜4艇流し（10〜15点）,0.5777,"{'is_target': True, 'verdict': '参加推奨', 'max_combo_prob': 0.0823, 'est_top_odds': 16.2, 'circle_concentration': 65.4, 'eligible_count': 8, 'bet_adj': 2, 'reason': 'rel_win1=49.3%（本命度） / 最有力組み合わせ確率: 0.082（推定実オッズ?16倍） / 2着集中度: 上位2艇 65.4%（補正+0.00） / 総合判定確率: 0.082 / → ヒモ分散。1号艇1着固定で広めのヒモ流し推奨（買い目+2点）', 'tenji_trigger': '展示確認: ヒモ分散レース。1号艇伸び確認後、広めのヒモ流しを採用。穴ヒモ（5・6号艇）を積極的に含める。'}",,,29.2,逃げ狙い,18.76,30.8,2,,,,,,,,,,,
2025-10-23,丸亀,3,6,森口和紀,B2,15.00,6,,0.9043,3.6,55,13.2,0.1947,3.6981,,,0,低,98,0,-,F32 6,0,26.7,0.6106,,,,,,0,0.0923,0.1473,,,E,,,0.1732,0.5585,,0.5023,A,79,0,◎-○軸 3着3〜4艇流し（10〜15点）,0.5777,"{'is_target': True, 'verdict': '参加推奨', 'max_combo_prob': 0.0823, 'est_top_odds': 16.2, 'circle_concentration': 65.4, 'eligible_count': 8, 'bet_adj': 2, 'reason': 'rel_win1=49.3%（本命度） / 最有力組み合わせ確率: 0.082（推定実オッズ?16倍） / 2着集中度: 上位2艇 65.4%（補正+0.00） / 総合判定確率: 0.082 / → ヒモ分散。1号艇1着固定で広めのヒモ流し推奨（買い目+2点）', 'tenji_trigger': '展示確認: ヒモ分散レース。1号艇伸び確認後、広めのヒモ流しを採用。穴ヒモ（5・6号艇）を積極的に含める。'}",,,29.2,逃げ狙い,18.76,30.8,2,,,,,,,,,,,
2025-10-23,丸亀,4,1,数原　魁,A2,15.79,1,◎,44.4452,,0,77.5,0.1525,3.575,,,0,低,104,0,逃1%,2 3625,0,62.3,0.9716,0.619,,,,,0.0381,0.0762,0.2095,○,,E,△,,,0.631,,0.3706,B,53,0,◎○△フォーメーション（15〜20点）,0.5777,"{'is_target': False, 'verdict': '対象外', 'max_combo_prob': None, 'est_top_odds': None, 'circle_concentration': None, 'eligible_count': 0, 'bet_adj': 0, 'reason': '1号艇rel_win1 < 45%: 通常判定に委ねる', 'tenji_trigger': ''}",,,29.4,両建て推奨,22.71,28,3,,,,,0,0,0.6155,0,,逃げ軸流し,A
2025-10-23,丸亀,4,2,三原　司,B1,11.76,2,,8.2326,22.2,96,43.8,0.1925,4.4297,,,0,低,167,0,-,243 45,0,100,0.7302,0,0.0741,0,0,0,0.2452,0.2071,0.0571,,,E,△,,0.0658,0.624,,0.3706,B,53,0,◎○△フォーメーション（15〜20点）,0.5777,"{'is_target': False, 'verdict': '対象外', 'max_combo_prob': None, 'est_top_odds': None, 'circle_concentration': None, 'eligible_count': 0, 'bet_adj': 0, 'reason': '1号艇rel_win1 < 45%: 通常判定に委ねる', 'tenji_trigger': ''}",,,29.4,両建て推奨,22.71,28,3,,,,,,,,,,,
2025-10-23,丸亀,4,3,深川真二,A1,26.32,3,○,28.9353,48.9,61,83.8,0.1184,2.0135,,,0,低,21,0,差0%,234 13,0,66.3,1.5079,0,0.1111,0.1111,0.0556,0.0556,0.0105,0.1173,0.0211,,◎,D,◎,,0.4797,0.6545,,0.3706,B,53,0,◎○△フォーメーション（15〜20点）,0.5777,"{'is_target': False, 'verdict': '対象外', 'max_combo_prob': None, 'est_top_odds': None, 'circle_concentration': None, 'eligible_count': 0, 'bet_adj': 0, 'reason': '1号艇rel_win1 < 45%: 通常判定に委ねる', 'tenji_trigger': ''}",,,29.4,両建て推奨,22.71,28,3,,,,,,,,,,,
2025-10-23,丸亀,4,4,福田　理,B1,33.33,4,▲,9.1539,16,62,39,0.1454,2.9576,,,0,低,126,0,-,335 26,0,62.9,1.3096,0,0,0.0345,0.0345,0,0.1446,0.4967,0.1446,,,C,,○,0.3111,0.594,0.3504,0.3706,B,53,0,◎○△フォーメーション（15〜20点）,0.5777,"{'is_target': False, 'verdict': '対象外', 'max_combo_prob': None, 'est_top_odds': None, 'circle_concentration': None, 'eligible_count': 0, 'bet_adj': 0, 'reason': '1号艇rel_win1 < 45%: 通常判定に委ねる', 'tenji_trigger': ''}",,,29.4,両建て推奨,22.71,28,3,,,,,,,,,,,
2025-10-23,丸亀,4,5,尾嶋一広,A1,37.93,5,△,8.196,12.6,100,60.3,0.1567,3.4524,,,0,低,99,0,-,1 1524,0,27.8,2.4745,0,0,0,0.069,0.1034,0.0541,0.0541,0.1081,,,B,○,◎,0.2772,0.6515,0.3538,0.3706,B,53,0,◎○△フォーメーション（15〜20点）,0.5777,"{'is_target': False, 'verdict': '対象外', 'max_combo_prob': None, 'est_top_odds': None, 'circle_concentration': None, 'eligible_count': 0, 'bet_adj': 0, 'reason': '1号艇rel_win1 < 45%: 通常判定に委ねる', 'tenji_trigger': ''}",,,29.4,両建て推奨,22.71,28,3,,,,,,,,,,,
2025-10-23,丸亀,4,6,吉原快誓,B2,60.00,6,,1.0369,0.3,13,1.5,0.1972,4.2826,,,0,低,37,0,-,6 666,0,27.8,0.5531,,,,,,,,,,,A,,,0.1706,0.5335,,0.3706,B,53,0,◎○△フォーメーション（15〜20点）,0.5777,"{'is_target': False, 'verdict': '対象外', 'max_combo_prob': None, 'est_top_odds': None, 'circle_concentration': None, 'eligible_count': 0, 'bet_adj': 0, 'reason': '1号艇rel_win1 < 45%: 通常判定に委ねる', 'tenji_trigger': ''}",,,29.4,両建て推奨,22.71,28,3,,,,,,,,,,,
2025-10-23,丸亀,5,1,山下流心,B1,35.71,1,◎,37.2685,,0,65.9,0.1545,3.7045,,,0,低,117,0,逃0%,331 56,0,57.8,0.9309,0.3214,,,,,0.1571,0.0714,0.2286,△,,C,△,,,0.6225,,0.2879,D,30,1,大荒れ。見送り推奨,0.5777,"{'is_target': False, 'verdict': '対象外', 'max_combo_prob': None, 'est_top_odds': None, 'circle_concentration': None, 'eligible_count': 0, 'bet_adj': 0, 'reason': '1号艇rel_win1 < 45%: 通常判定に委ねる', 'tenji_trigger': ''}",,,31.4,両建て推奨,24.87,31.9,4,3-1-4|3-1-5|1-2-4|1-2-6|1-2-5|1-3-4|1-4-6,5-1-2|5-1-6|3-1-4|6-1-2|5-2-1|6-1-4|3-1-5|1-2-4|1-2-6|1-2-5|1-3-4|1-4-6,3-1-4:2.54%|3-1-5:1.63%|1-2-4:8.42%|1-2-6:6.11%|1-2-5:5.43%|1-3-4:5.02%|1-4-6:4.93%,3-1-4:B_main|3-1-5:B_main|1-2-4:A|1-2-6:A|1-2-5:A|1-3-4:A|1-4-6:A,7,12,0.4535,1,[!]見送り推奨（主役決まり手「まくり差し」― 逃げ劣勢レースで的中実績なし）,荒れ広め,D
2025-10-23,丸亀,5,2,星野太郎,B1,35.71,2,△,17.7811,43.4,100,67.8,0.1661,3.8983,,,0,低,157,0,抜1%,141 44,0,39.9,1.0153,0,0.3,0,0,0.1,0.0333,0.0667,0.25,,,C,△,,0.2793,0.63,,0.2879,D,30,1,大荒れ。見送り推奨,0.5777,"{'is_target': False, 'verdict': '対象外', 'max_combo_prob': None, 'est_top_odds': None, 'circle_concentration': None, 'eligible_count': 0, 'bet_adj': 0, 'reason': '1号艇rel_win1 < 45%: 通常判定に委ねる', 'tenji_trigger': ''}",,,31.4,両建て推奨,24.87,31.9,4,,,,,,,,,,,
2025-10-23,丸亀,5,3,樋口喜彦,B1,47.83,3,○,7.193,11,79,24.5,0.1359,3.1122,,,0,低,79,0,-,44 35,0,27.9,0.8698,0,0,0,0.0417,0,0.25,0.3333,0.0833,,○,A,,,0.3836,0.5805,,0.2879,D,30,1,大荒れ。見送り推奨,0.5777,"{'is_target': False, 'verdict': '対象外', 'max_combo_prob': None, 'est_top_odds': None, 'circle_concentration': None, 'eligible_count': 0, 'bet_adj': 0, 'reason': '1号艇rel_win1 < 45%: 通常判定に委ねる', 'tenji_trigger': ''}",,,31.4,両建て推奨,24.87,31.9,4,,,,,,,,,,,
2025-10-23,丸亀,5,4,中澤和志,A1,15.79,4,▲,22.9962,27.7,89,71.8,0.1354,2.6923,,,0,低,46,0,差0% ま0% 差ま0%,124111,0,95.8,1.8249,0,0.1579,0.0526,0.1053,0,0.1099,0.1315,0.1207,,,E,○,◎,0.3988,0.6735,0.5137,0.2879,D,30,1,大荒れ。見送り推奨,0.5777,"{'is_target': False, 'verdict': '対象外', 'max_combo_prob': None, 'est_top_odds': None, 'circle_concentration': None, 'eligible_count': 0, 'bet_adj': 0, 'reason': '1号艇rel_win1 < 45%: 通常判定に委ねる', 'tenji_trigger': ''}",,,31.4,両建て推奨,24.87,31.9,4,,,,,,,,,,,
2025-10-23,丸亀,5,5,竹間隆晟,A1,42.86,5,,9.073,14.3,97,58.8,0.1847,3.7794,,,0,低,83,0,抜0%,265 21,0,84.8,1.6598,0,0,0,0,0.0769,0,0.12,0.08,,,B,,,0.2246,0.5415,,0.2879,D,30,1,大荒れ。見送り推奨,0.5777,"{'is_target': False, 'verdict': '対象外', 'max_combo_prob': None, 'est_top_odds': None, 'circle_concentration': None, 'eligible_count': 0, 'bet_adj': 0, 'reason': '1号艇rel_win1 < 45%: 通常判定に委ねる', 'tenji_trigger': ''}",,,31.4,両建て推奨,24.87,31.9,4,,,,,,,,,,,
2025-10-23,丸亀,5,6,松下一也,A1,19.23,6,,5.6882,3.7,61,33.9,0.1392,3.0254,,,0,低,48,0,-,462 54,0,27.7,0.7556,0,0,0.037,0.037,0,0.1726,0.0211,0.0316,,,D,◎,○,0.3434,0.675,0.3058,0.2879,D,30,1,大荒れ。見送り推奨,0.5777,"{'is_target': False, 'verdict': '対象外', 'max_combo_prob': None, 'est_top_odds': None, 'circle_concentration': None, 'eligible_count': 0, 'bet_adj': 0, 'reason': '1号艇rel_win1 < 45%: 通常判定に委ねる', 'tenji_trigger': ''}",,,31.4,両建て推奨,24.87,31.9,4,,,,,,,,,,,
2025-10-23,丸亀,6,1,藤田靖弘,A2,22.22,1,◎,53.9295,,0,84.1,0.1451,2.5,,,0,低,111,0,逃0%,32342,0,91.4,1.2157,0.6,,,,,0.0533,0.115,0.0267,◎,,E,○,,,0.6755,,0.5418,A,74,0,◎-○軸 3着3〜4艇流し（10〜15点）,0.5777,"{'is_target': True, 'verdict': '参加推奨', 'max_combo_prob': 0.0622, 'est_top_odds': 21.5, 'circle_concentration': 65.4, 'eligible_count': 8, 'bet_adj': 2, 'reason': 'rel_win1=53.9%（本命度） / 最有力組み合わせ確率: 0.062（推定実オッズ?22倍） / 2着集中度: 上位2艇 65.4%（補正+0.00） / 総合判定確率: 0.062 / → ヒモ分散。1号艇1着固定で広めのヒモ流し推奨（買い目+2点）', 'tenji_trigger': '展示確認: ヒモ分散レース。1号艇伸び確認後、広めのヒモ流しを採用。穴ヒモ（5・6号艇）を積極的に含める。'}",,,26.5,逃げ狙い,15.51,25.9,5,,,,,0,0,0.7559,0,,逃げ軸流し,A
2025-10-23,丸亀,6,2,花本　剛,B1,42.86,2,○,10.3984,21.8,100,30,0.1957,4.2429,,,0,低,176,0,差0%,464 16,0,56.8,0.65,0,0.0312,0.0312,0,0.0312,0.2077,0.1615,0.1769,,,A,,,0.0637,0.5575,,0.5418,A,74,0,◎-○軸 3着3〜4艇流し（10〜15点）,0.5777,"{'is_target': True, 'verdict': '参加推奨', 'max_combo_prob': 0.0622, 'est_top_odds': 21.5, 'circle_concentration': 65.4, 'eligible_count': 8, 'bet_adj': 2, 'reason': 'rel_win1=53.9%（本命度） / 最有力組み合わせ確率: 0.062（推定実オッズ?22倍） / 2着集中度: 上位2艇 65.4%（補正+0.00） / 総合判定確率: 0.062 / → ヒモ分散。1号艇1着固定で広めのヒモ流し推奨（買い目+2点）', 'tenji_trigger': '展示確認: ヒモ分散レース。1号艇伸び確認後、広めのヒモ流しを採用。穴ヒモ（5・6号艇）を積極的に含める。'}",,,26.5,逃げ狙い,15.51,25.9,5,,,,,,,,,,,
2025-10-23,丸亀,6,3,山田和佐,B1,34.48,3,,8.0103,29.9,97,37.5,0.1727,3.5078,,,0,低,130,0,-,5 661,0,53.4,1.155,0,0,0.0278,0,0,0.1769,0.0308,0.1923,,,C,△,,0.1567,0.5895,,0.5418,A,74,0,◎-○軸 3着3〜4艇流し（10〜15点）,0.5777,"{'is_target': True, 'verdict': '参加推奨', 'max_combo_prob': 0.0622, 'est_top_odds': 21.5, 'circle_concentration': 65.4, 'eligible_count': 8, 'bet_adj': 2, 'reason': 'rel_win1=53.9%（本命度） / 最有力組み合わせ確率: 0.062（推定実オッズ?22倍） / 2着集中度: 上位2艇 65.4%（補正+0.00） / 総合判定確率: 0.062 / → ヒモ分散。1号艇1着固定で広めのヒモ流し推奨（買い目+2点）', 'tenji_trigger': '展示確認: ヒモ分散レース。1号艇伸び確認後、広めのヒモ流しを採用。穴ヒモ（5・6号艇）を積極的に含める。'}",,,26.5,逃げ狙い,15.51,25.9,5,,,,,,,,,,,
2025-10-23,丸亀,6,4,荒川健太,A2,41.38,4,▲,8.9223,35.5,79,55.1,0.1751,3.7536,,,0,低,145,0,-,2 1333,0,58.1,1.0936,0,0.0357,0,0.0714,0,0,0.1957,0.0108,,,B,△,○,0.1915,0.5905,0.2879,0.5418,A,74,0,◎-○軸 3着3〜4艇流し（10〜15点）,0.5777,"{'is_target': True, 'verdict': '参加推奨', 'max_combo_prob': 0.0622, 'est_top_odds': 21.5, 'circle_concentration': 65.4, 'eligible_count': 8, 'bet_adj': 2, 'reason': 'rel_win1=53.9%（本命度） / 最有力組み合わせ確率: 0.062（推定実オッズ?22倍） / 2着集中度: 上位2艇 65.4%（補正+0.00） / 総合判定確率: 0.062 / → ヒモ分散。1号艇1着固定で広めのヒモ流し推奨（買い目+2点）', 'tenji_trigger': '展示確認: ヒモ分散レース。1号艇伸び確認後、広めのヒモ流しを採用。穴ヒモ（5・6号艇）を積極的に含める。'}",,,26.5,逃げ狙い,15.51,25.9,5,,,,,,,,,,,
2025-10-23,丸亀,6,5,石丸海渡,A1,34.48,5,△,17.6308,12.3,96,63.6,0.1036,2.3485,,,0,低,26,0,差ま0%,31311,0,24.8,1.0464,0,0,0.0588,0.1176,0,0.0792,0.0125,0,,◎,C,◎,◎,0.4553,0.687,0.4861,0.5418,A,74,0,◎-○軸 3着3〜4艇流し（10〜15点）,0.5777,"{'is_target': True, 'verdict': '参加推奨', 'max_combo_prob': 0.0622, 'est_top_odds': 21.5, 'circle_concentration': 65.4, 'eligible_count': 8, 'bet_adj': 2, 'reason': 'rel_win1=53.9%（本命度） / 最有力組み合わせ確率: 0.062（推定実オッズ?22倍） / 2着集中度: 上位2艇 65.4%（補正+0.00） / 総合判定確率: 0.062 / → ヒモ分散。1号艇1着固定で広めのヒモ流し推奨（買い目+2点）', 'tenji_trigger': '展示確認: ヒモ分散レース。1号艇伸び確認後、広めのヒモ流しを採用。穴ヒモ（5・6号艇）を積極的に含める。'}",,,26.5,逃げ狙い,15.51,25.9,5,,,,,,,,,,,
2025-10-23,丸亀,6,6,藤原　駿,B2,40.74,6,,1.1087,0.5,15,1.2,0.2311,4.8214,,,0,低,51,0,-,665 66,0,24.8,0.5997,,,,,,,,,,,C,,,0.1531,0.42,,0.5418,A,74,0,◎-○軸 3着3〜4艇流し（10〜15点）,0.5777,"{'is_target': True, 'verdict': '参加推奨', 'max_combo_prob': 0.0622, 'est_top_odds': 21.5, 'circle_concentration': 65.4, 'eligible_count': 8, 'bet_adj': 2, 'reason': 'rel_win1=53.9%（本命度） / 最有力組み合わせ確率: 0.062（推定実オッズ?22倍） / 2着集中度: 上位2艇 65.4%（補正+0.00） / 総合判定確率: 0.062 / → ヒモ分散。1号艇1着固定で広めのヒモ流し推奨（買い目+2点）', 'tenji_trigger': '展示確認: ヒモ分散レース。1号艇伸び確認後、広めのヒモ流しを採用。穴ヒモ（5・6号艇）を積極的に含める。'}",,,26.5,逃げ狙い,15.51,25.9,5,,,,,,,,,,,
2025-10-23,丸亀,7,1,森　悠稀,A2,17.39,1,◎,57.28,,0,88.3,0.1483,2.9333,,,0,低,62,0,逃1%,5 2352,0,74.3,0.9594,0.5862,,,,,0.0552,0.0276,0.0552,◎,,E,◎,,,0.6755,,0.5021,S,81,0,◎1着固定 2-3着流し（5〜8点）,0.5777,"{'is_target': True, 'verdict': '参加推奨', 'max_combo_prob': 0.0832, 'est_top_odds': 16.0, 'circle_concentration': 61.5, 'eligible_count': 6, 'bet_adj': 2, 'reason': 'rel_win1=57.3%（本命度） / 最有力組み合わせ確率: 0.083（推定実オッズ?16倍） / 2着集中度: 上位2艇 61.5%（補正+0.00） / 総合判定確率: 0.083 / → ヒモ分散。1号艇1着固定で広めのヒモ流し推奨（買い目+2点）', 'tenji_trigger': '展示確認: ヒモ分散レース。1号艇伸び確認後、広めのヒモ流しを採用。穴ヒモ（5・6号艇）を積極的に含める。'}",,,25.3,逃げ狙い,13.36,24.4,3,,,,,0,0,0.7559,0,,逃げ軸流し,A
2025-10-23,丸亀,7,2,岩永節也,B1,29.63,2,,8.503,23.5,55,34.7,0.1712,3.7857,,,0,低,117,0,-,455 33,0,12.3,0.3634,,,,,,0.3647,0.2706,0.2471,,,D,△,,0.1068,0.5985,,0.5021,S,81,0,◎1着固定 2-3着流し（5〜8点）,0.5777,"{'is_target': True, 'verdict': '参加推奨', 'max_combo_prob': 0.0832, 'est_top_odds': 16.0, 'circle_concentration': 61.5, 'eligible_count': 6, 'bet_adj': 2, 'reason': 'rel_win1=57.3%（本命度） / 最有力組み合わせ確率: 0.083（推定実オッズ?16倍） / 2着集中度: 上位2艇 61.5%（補正+0.00） / 総合判定確率: 0.083 / → ヒモ分散。1号艇1着固定で広めのヒモ流し推奨（買い目+2点）', 'tenji_trigger': '展示確認: ヒモ分散レース。1号艇伸び確認後、広めのヒモ流しを採用。穴ヒモ（5・6号艇）を積極的に含める。'}",,,25.3,逃げ狙い,13.36,24.4,3,,,,,,,,,,,
2025-10-23,丸亀,7,3,渡邉　健,A2,41.94,3,○,13.9874,38,100,66.7,0.149,2.7745,,,0,低,89,0,差ま0%,126315,0,52.4,1.0281,0,0,0,0.1071,0.0714,0.1304,0.1304,0.087,,,B,,,0.3034,0.589,,0.5021,S,81,0,◎1着固定 2-3着流し（5〜8点）,0.5777,"{'is_target': True, 'verdict': '参加推奨', 'max_combo_prob': 0.0832, 'est_top_odds': 16.0, 'circle_concentration': 61.5, 'eligible_count': 6, 'bet_adj': 2, 'reason': 'rel_win1=57.3%（本命度） / 最有力組み合わせ確率: 0.083（推定実オッズ?16倍） / 2着集中度: 上位2艇 61.5%（補正+0.00） / 総合判定確率: 0.083 / → ヒモ分散。1号艇1着固定で広めのヒモ流し推奨（買い目+2点）', 'tenji_trigger': '展示確認: ヒモ分散レース。1号艇伸び確認後、広めのヒモ流しを採用。穴ヒモ（5・6号艇）を積極的に含める。'}",,,25.3,逃げ狙い,13.36,24.4,3,,,,,,,,,,,
2025-10-23,丸亀,7,4,多田有佑,B1,44.44,4,▲,7.1817,16.9,35,27.4,0.1861,3.8952,,,0,低,170,0,-,5 4654,0,74.7,0.7089,0,0,0.037,0,0,0,0.2632,0.1579,,,A,,,0.1401,0.5565,,0.5021,S,81,0,◎1着固定 2-3着流し（5〜8点）,0.5777,"{'is_target': True, 'verdict': '参加推奨', 'max_combo_prob': 0.0832, 'est_top_odds': 16.0, 'circle_concentration': 61.5, 'eligible_count': 6, 'bet_adj': 2, 'reason': 'rel_win1=57.3%（本命度） / 最有力組み合わせ確率: 0.083（推定実オッズ?16倍） / 2着集中度: 上位2艇 61.5%（補正+0.00） / 総合判定確率: 0.083 / → ヒモ分散。1号艇1着固定で広めのヒモ流し推奨（買い目+2点）', 'tenji_trigger': '展示確認: ヒモ分散レース。1号艇伸び確認後、広めのヒモ流しを採用。穴ヒモ（5・6号艇）を積極的に含める。'}",,,25.3,逃げ狙い,13.36,24.4,3,,,,,,,,,,,
2025-10-23,丸亀,7,5,末永由楽,A1,27.59,5,△,10.2236,19.3,81,46,0.1422,2.94,,,0,低,68,0,差ま0%,11221,0,86.6,1.4836,0,0,0,0.12,0,0.0824,0.1649,0.0716,,,D,○,◎,0.3271,0.6295,0.452,0.5021,S,81,0,◎1着固定 2-3着流し（5〜8点）,0.5777,"{'is_target': True, 'verdict': '参加推奨', 'max_combo_prob': 0.0832, 'est_top_odds': 16.0, 'circle_concentration': 61.5, 'eligible_count': 6, 'bet_adj': 2, 'reason': 'rel_win1=57.3%（本命度） / 最有力組み合わせ確率: 0.083（推定実オッズ?16倍） / 2着集中度: 上位2艇 61.5%（補正+0.00） / 総合判定確率: 0.083 / → ヒモ分散。1号艇1着固定で広めのヒモ流し推奨（買い目+2点）', 'tenji_trigger': '展示確認: ヒモ分散レース。1号艇伸び確認後、広めのヒモ流しを採用。穴ヒモ（5・6号艇）を積極的に含める。'}",,,25.3,逃げ狙い,13.36,24.4,3,,,,,,,,,,,
2025-10-23,丸亀,7,6,石塚裕介,B1,35.48,6,,2.8243,2.3,41,16.7,0.2043,4.925,,,0,低,108,0,-,F64 5,0,35.8,1.4511,0,0,0,0.04,0,0.1182,0.0545,0.1545,,,C,△,,0.1108,0.61,,0.5021,S,81,0,◎1着固定 2-3着流し（5〜8点）,0.5777,"{'is_target': True, 'verdict': '参加推奨', 'max_combo_prob': 0.0832, 'est_top_odds': 16.0, 'circle_concentration': 61.5, 'eligible_count': 6, 'bet_adj': 2, 'reason': 'rel_win1=57.3%（本命度） / 最有力組み合わせ確率: 0.083（推定実オッズ?16倍） / 2着集中度: 上位2艇 61.5%（補正+0.00） / 総合判定確率: 0.083 / → ヒモ分散。1号艇1着固定で広めのヒモ流し推奨（買い目+2点）', 'tenji_trigger': '展示確認: ヒモ分散レース。1号艇伸び確認後、広めのヒモ流しを採用。穴ヒモ（5・6号艇）を積極的に含める。'}",,,25.3,逃げ狙い,13.36,24.4,3,,,,,,,,,,,
2025-10-23,丸亀,8,1,木下大將,B1,48.28,1,◎,56.9926,,0,82,0.1382,2.53,,,0,低,82,0,逃1%,1 2123,0,85.3,1.0666,0.7895,,,,,0.1053,0.0526,0.0526,◎,,B,△,,,0.6535,,0.5121,A,69,0,◎-○軸 3着3〜4艇流し（10〜15点）,0.5777,"{'is_target': True, 'verdict': '参加推奨', 'max_combo_prob': 0.0778, 'est_top_odds': 17.1, 'circle_concentration': 67.8, 'eligible_count': 8, 'bet_adj': 2, 'reason': 'rel_win1=57.0%（本命度） / 最有力組み合わせ確率: 0.078（推定実オッズ?17倍） / 2着集中度: 上位2艇 67.8%（補正+0.00） / 総合判定確率: 0.078 / → ヒモ分散。1号艇1着固定で広めのヒモ流し推奨（買い目+2点）', 'tenji_trigger': '展示確認: ヒモ分散レース。1号艇伸び確認後、広めのヒモ流しを採用。穴ヒモ（5・6号艇）を積極的に含める。\n展示で1号艇スタート超安定(0.138秒)→ヒモ固まり方向に注意'}",,,29.8,逃げ狙い,25.82,26.4,4,,,,,0,0,0.7559,0,,逃げ軸流し,A
2025-10-23,丸亀,8,2,永田啓二,A1,35.71,2,▲,12.6625,47.8,72,71.4,0.1271,2.7411,,,0,低,50,0,差1%,2 1512,0,22.6,0.6716,0,0.2174,0.0435,0,0,0.2783,0.0089,0.0267,,◎,D,◎,,0.4586,0.688,,0.5121,A,69,0,◎-○軸 3着3〜4艇流し（10〜15点）,0.5777,"{'is_target': True, 'verdict': '参加推奨', 'max_combo_prob': 0.0778, 'est_top_odds': 17.1, 'circle_concentration': 67.8, 'eligible_count': 8, 'bet_adj': 2, 'reason': 'rel_win1=57.0%（本命度） / 最有力組み合わせ確率: 0.078（推定実オッズ?17倍） / 2着集中度: 上位2艇 67.8%（補正+0.00） / 総合判定確率: 0.078 / → ヒモ分散。1号艇1着固定で広めのヒモ流し推奨（買い目+2点）', 'tenji_trigger': '展示確認: ヒモ分散レース。1号艇伸び確認後、広めのヒモ流しを採用。穴ヒモ（5・6号艇）を積極的に含める。\n展示で1号艇スタート超安定(0.138秒)→ヒモ固まり方向に注意'}",,,29.8,逃げ狙い,25.82,26.4,4,,,,,,,,,,,
2025-10-23,丸亀,8,3,浜野孝志,A2,40.63,3,△,7.5789,20,100,65.1,0.156,3.127,,,0,低,118,0,-,311344,0,72.1,0.8435,0,0,0.125,0.0312,0,0.2227,0.0485,0.1235,,,C,,,0.2105,0.6235,,0.5121,A,69,0,◎-○軸 3着3〜4艇流し（10〜15点）,0.5777,"{'is_target': True, 'verdict': '参加推奨', 'max_combo_prob': 0.0778, 'est_top_odds': 17.1, 'circle_concentration': 67.8, 'eligible_count': 8, 'bet_adj': 2, 'reason': 'rel_win1=57.0%（本命度） / 最有力組み合わせ確率: 0.078（推定実オッズ?17倍） / 2着集中度: 上位2艇 67.8%（補正+0.00） / 総合判定確率: 0.078 / → ヒモ分散。1号艇1着固定で広めのヒモ流し推奨（買い目+2点）', 'tenji_trigger': '展示確認: ヒモ分散レース。1号艇伸び確認後、広めのヒモ流しを採用。穴ヒモ（5・6号艇）を積極的に含める。\n展示で1号艇スタート超安定(0.138秒)→ヒモ固まり方向に注意'}",,,29.8,逃げ狙い,25.82,26.4,4,,,,,,,,,,,
2025-10-23,丸亀,8,4,古賀繁輝,A2,55.17,4,○,14.7303,19.3,89,82.9,0.1206,2.5143,,,0,低,54,0,ま0%,252 42,0,61.1,1.127,0,0.0625,0.1875,0.125,0,0,0.0308,0.0308,,,A,○,◎,0.3998,0.664,0.5595,0.5121,A,69,0,◎-○軸 3着3〜4艇流し（10〜15点）,0.5777,"{'is_target': True, 'verdict': '参加推奨', 'max_combo_prob': 0.0778, 'est_top_odds': 17.1, 'circle_concentration': 67.8, 'eligible_count': 8, 'bet_adj': 2, 'reason': 'rel_win1=57.0%（本命度） / 最有力組み合わせ確率: 0.078（推定実オッズ?17倍） / 2着集中度: 上位2艇 67.8%（補正+0.00） / 総合判定確率: 0.078 / → ヒモ分散。1号艇1着固定で広めのヒモ流し推奨（買い目+2点）', 'tenji_trigger': '展示確認: ヒモ分散レース。1号艇伸び確認後、広めのヒモ流しを採用。穴ヒモ（5・6号艇）を積極的に含める。\n展示で1号艇スタート超安定(0.138秒)→ヒモ固まり方向に注意'}",,,29.8,逃げ狙い,25.82,26.4,4,,,,,,,,,,,
2025-10-23,丸亀,8,5,石田章央,A2,37.93,5,,4.9077,11.1,75,50.7,0.1518,3.2606,,,0,低,127,0,-,5 1236,0,32,1.259,0,0,0,0.0938,0,0.1022,0.0571,0.1022,,,C,△,○,0.2476,0.652,0.3061,0.5121,A,69,0,◎-○軸 3着3〜4艇流し（10〜15点）,0.5777,"{'is_target': True, 'verdict': '参加推奨', 'max_combo_prob': 0.0778, 'est_top_odds': 17.1, 'circle_concentration': 67.8, 'eligible_count': 8, 'bet_adj': 2, 'reason': 'rel_win1=57.0%（本命度） / 最有力組み合わせ確率: 0.078（推定実オッズ?17倍） / 2着集中度: 上位2艇 67.8%（補正+0.00） / 総合判定確率: 0.078 / → ヒモ分散。1号艇1着固定で広めのヒモ流し推奨（買い目+2点）', 'tenji_trigger': '展示確認: ヒモ分散レース。1号艇伸び確認後、広めのヒモ流しを採用。穴ヒモ（5・6号艇）を積極的に含める。\n展示で1号艇スタート超安定(0.138秒)→ヒモ固まり方向に注意'}",,,29.8,逃げ狙い,25.82,26.4,4,,,,,,,,,,,
2025-10-23,丸亀,8,6,数原　魁,A2,15.79,6,,3.128,1.8,86,34.1,0.1877,4.4773,,,0,低,104,0,ま0%,2 3625,0,72.4,1.3581,0,0,0.0455,0,0,0.0381,0.0762,0.2095,,,E,,,0.1291,0.631,,0.5121,A,69,0,◎-○軸 3着3〜4艇流し（10〜15点）,0.5777,"{'is_target': True, 'verdict': '参加推奨', 'max_combo_prob': 0.0778, 'est_top_odds': 17.1, 'circle_concentration': 67.8, 'eligible_count': 8, 'bet_adj': 2, 'reason': 'rel_win1=57.0%（本命度） / 最有力組み合わせ確率: 0.078（推定実オッズ?17倍） / 2着集中度: 上位2艇 67.8%（補正+0.00） / 総合判定確率: 0.078 / → ヒモ分散。1号艇1着固定で広めのヒモ流し推奨（買い目+2点）', 'tenji_trigger': '展示確認: ヒモ分散レース。1号艇伸び確認後、広めのヒモ流しを採用。穴ヒモ（5・6号艇）を積極的に含める。\n展示で1号艇スタート超安定(0.138秒)→ヒモ固まり方向に注意'}",,,29.8,逃げ狙い,25.82,26.4,4,,,,,,,,,,,
2025-10-23,丸亀,9,1,中澤和志,A1,15.79,1,◎,54.0821,,0,93.8,0.1506,2.7923,,,0,低,46,0,逃1% 抜0%,124111,0,82.4,0.9971,0.5676,,,,,0.1099,0.1315,0.1207,◎,,E,◎,,,0.6735,,0.5627,S,81,0,◎1着固定 2-3着流し（5〜8点）,0.5777,"{'is_target': True, 'verdict': '点数絞り', 'max_combo_prob': 0.1032, 'est_top_odds': 12.9, 'circle_concentration': 77.4, 'eligible_count': 6, 'bet_adj': 0, 'reason': 'rel_win1=54.1%（本命度） / 最有力組み合わせ確率: 0.103（推定実オッズ?13倍） / 2着集中度: 上位2艇 77.4%（補正+0.04） / 総合判定確率: 0.143 / → ヒモはやや固め。上位2艇以外を切ること', 'tenji_trigger': '展示確認: 1号艇伸び良→そのまま採用。悪→飛び組に差し替え。circle_pct上位2艇に絞り込むこと。'}",,,29.9,逃げ狙い,22.44,29.8,2,,,,,0,0,0.7559,0,,逃げ軸流し,A
2025-10-23,丸亀,9,2,尾嶋一広,A1,37.93,2,▲,18.0557,47.2,65,72.9,0.1653,3.9322,,,0,低,99,0,差0%,1 1524,0,51.7,1.0809,0,0.2667,0.0333,0,0,0.0541,0.0541,0.1081,,,C,○,,0.2296,0.6515,,0.5627,S,81,0,◎1着固定 2-3着流し（5〜8点）,0.5777,"{'is_target': True, 'verdict': '点数絞り', 'max_combo_prob': 0.1032, 'est_top_odds': 12.9, 'circle_concentration': 77.4, 'eligible_count': 6, 'bet_adj': 0, 'reason': 'rel_win1=54.1%（本命度） / 最有力組み合わせ確率: 0.103（推定実オッズ?13倍） / 2着集中度: 上位2艇 77.4%（補正+0.04） / 総合判定確率: 0.143 / → ヒモはやや固め。上位2艇以外を切ること', 'tenji_trigger': '展示確認: 1号艇伸び良→そのまま採用。悪→飛び組に差し替え。circle_pct上位2艇に絞り込むこと。'}",,,29.9,逃げ狙い,22.44,29.8,2,,,,,,,,,,,
2025-10-23,丸亀,9,3,三好勇人,B1,38.71,3,○,11.7627,30.3,63,62.9,0.1374,2.7823,,,0,低,88,0,-,1 5214,0,26.8,0.8746,0,0.0357,0.0357,0.0357,0.0357,0.0133,0.16,0.0533,,◎,B,△,,0.3633,0.6185,,0.5627,S,81,0,◎1着固定 2-3着流し（5〜8点）,0.5777,"{'is_target': True, 'verdict': '点数絞り', 'max_combo_prob': 0.1032, 'est_top_odds': 12.9, 'circle_concentration': 77.4, 'eligible_count': 6, 'bet_adj': 0, 'reason': 'rel_win1=54.1%（本命度） / 最有力組み合わせ確率: 0.103（推定実オッズ?13倍） / 2着集中度: 上位2艇 77.4%（補正+0.04） / 総合判定確率: 0.143 / → ヒモはやや固め。上位2艇以外を切ること', 'tenji_trigger': '展示確認: 1号艇伸び良→そのまま採用。悪→飛び組に差し替え。circle_pct上位2艇に絞り込むこと。'}",,,29.9,逃げ狙い,22.44,29.8,2,,,,,,,,,,,
2025-10-23,丸亀,9,4,山崎　祥,B1,45.16,4,△,10.4814,10.8,100,65.8,0.1851,4.2561,,,0,低,131,0,差0% ま0% 差ま0%,44333,0,77.1,1.3462,0,0.05,0.1,0.1,0,0.3238,0,0.0667,,,A,,◎,0.1958,0.5955,0.3124,0.5627,S,81,0,◎1着固定 2-3着流し（5〜8点）,0.5777,"{'is_target': True, 'verdict': '点数絞り', 'max_combo_prob': 0.1032, 'est_top_odds': 12.9, 'circle_concentration': 77.4, 'eligible_count': 6, 'bet_adj': 0, 'reason': 'rel_win1=54.1%（本命度） / 最有力組み合わせ確率: 0.103（推定実オッズ?13倍） / 2着集中度: 上位2艇 77.4%（補正+0.04） / 総合判定確率: 0.143 / → ヒモはやや固め。上位2艇以外を切ること', 'tenji_trigger': '展示確認: 1号艇伸び良→そのまま採用。悪→飛び組に差し替え。circle_pct上位2艇に絞り込むこと。'}",,,29.9,逃げ狙い,22.44,29.8,2,,,,,,,,,,,
2025-10-23,丸亀,9,5,星野太郎,B1,35.71,5,,2.0238,9.8,60,38.3,0.178,3.8417,,,0,低,157,0,-,141 44,0,56.1,1.0557,,,,,,0.0333,0.0667,0.25,,,C,△,,0.2429,0.63,,0.5627,S,81,0,◎1着固定 2-3着流し（5〜8点）,0.5777,"{'is_target': True, 'verdict': '点数絞り', 'max_combo_prob': 0.1032, 'est_top_odds': 12.9, 'circle_concentration': 77.4, 'eligible_count': 6, 'bet_adj': 0, 'reason': 'rel_win1=54.1%（本命度） / 最有力組み合わせ確率: 0.103（推定実オッズ?13倍） / 2着集中度: 上位2艇 77.4%（補正+0.04） / 総合判定確率: 0.143 / → ヒモはやや固め。上位2艇以外を切ること', 'tenji_trigger': '展示確認: 1号艇伸び良→そのまま採用。悪→飛び組に差し替え。circle_pct上位2艇に絞り込むこと。'}",,,29.9,逃げ狙い,22.44,29.8,2,,,,,,,,,,,
2025-10-23,丸亀,9,6,島田一生,B1,28.57,6,,3.5944,2,24,16.7,0.1656,3.5104,,,0,低,101,0,-,6 352,0,36.4,0.9069,0,0,0.0556,0,0,0.1905,0.2857,0.0476,,,D,,,0.2598,0.569,,0.5627,S,81,0,◎1着固定 2-3着流し（5〜8点）,0.5777,"{'is_target': True, 'verdict': '点数絞り', 'max_combo_prob': 0.1032, 'est_top_odds': 12.9, 'circle_concentration': 77.4, 'eligible_count': 6, 'bet_adj': 0, 'reason': 'rel_win1=54.1%（本命度） / 最有力組み合わせ確率: 0.103（推定実オッズ?13倍） / 2着集中度: 上位2艇 77.4%（補正+0.04） / 総合判定確率: 0.143 / → ヒモはやや固め。上位2艇以外を切ること', 'tenji_trigger': '展示確認: 1号艇伸び良→そのまま採用。悪→飛び組に差し替え。circle_pct上位2艇に絞り込むこと。'}",,,29.9,逃げ狙い,22.44,29.8,2,,,,,,,,,,,
2025-10-23,丸亀,10,1,石丸海渡,A1,34.48,1,◎,57.5769,,0,95.2,0.1129,1.8651,,,0,低,26,0,逃1%,31311,0,78.7,1.0207,0.875,,,,,0.0792,0.0125,0,◎,,C,◎,,,0.687,,0.7655,S,88,0,◎1着固定 2-3着流し（5〜8点）,0.5777,"{'is_target': True, 'verdict': '点数絞り', 'max_combo_prob': 0.0912, 'est_top_odds': 14.6, 'circle_concentration': 78.3, 'eligible_count': 6, 'bet_adj': 0, 'reason': 'rel_win1=57.6%（本命度） / 最有力組み合わせ確率: 0.091（推定実オッズ?15倍） / 2着集中度: 上位2艇 78.3%（補正+0.04） / 総合判定確率: 0.131 / → ヒモはやや固め。上位2艇以外を切ること', 'tenji_trigger': '展示確認: 1号艇伸び良→そのまま採用。悪→飛び組に差し替え。circle_pct上位2艇に絞り込むこと。\n展示で1号艇スタート超安定(0.113秒)→ヒモ固まり方向に注意'}",,,27.7,逃げ狙い,23.11,22.8,3,,,,,0,0,0.7559,0,,逃げ軸流し,A
2025-10-23,丸亀,10,2,深川真二,A1,26.32,2,△,12.0671,45.8,65,69.8,0.1304,2.5849,,,0,低,21,0,差0%,234 13,0,51.5,0.8724,0,0.1786,0.0357,0,0,0.0105,0.1173,0.0211,,,D,△,,0.1637,0.6545,,0.7655,S,88,0,◎1着固定 2-3着流し（5〜8点）,0.5777,"{'is_target': True, 'verdict': '点数絞り', 'max_combo_prob': 0.0912, 'est_top_odds': 14.6, 'circle_concentration': 78.3, 'eligible_count': 6, 'bet_adj': 0, 'reason': 'rel_win1=57.6%（本命度） / 最有力組み合わせ確率: 0.091（推定実オッズ?15倍） / 2着集中度: 上位2艇 78.3%（補正+0.04） / 総合判定確率: 0.131 / → ヒモはやや固め。上位2艇以外を切ること', 'tenji_trigger': '展示確認: 1号艇伸び良→そのまま採用。悪→飛び組に差し替え。circle_pct上位2艇に絞り込むこと。\n展示で1号艇スタート超安定(0.113秒)→ヒモ固まり方向に注意'}",,,27.7,逃げ狙い,23.11,22.8,3,,,,,,,,,,,
2025-10-23,丸亀,10,3,竹間隆晟,A1,42.86,3,○,19.5481,32.5,80,78.4,0.1489,2.8649,,,0,低,83,0,差0% ま0% 差ま0%,265 21,0,86.5,1.6325,0,0.1176,0.1176,0.1176,0,0,0.12,0.08,,,B,,,0.1402,0.5415,,0.7655,S,88,0,◎1着固定 2-3着流し（5〜8点）,0.5777,"{'is_target': True, 'verdict': '点数絞り', 'max_combo_prob': 0.0912, 'est_top_odds': 14.6, 'circle_concentration': 78.3, 'eligible_count': 6, 'bet_adj': 0, 'reason': 'rel_win1=57.6%（本命度） / 最有力組み合わせ確率: 0.091（推定実オッズ?15倍） / 2着集中度: 上位2艇 78.3%（補正+0.04） / 総合判定確率: 0.131 / → ヒモはやや固め。上位2艇以外を切ること', 'tenji_trigger': '展示確認: 1号艇伸び良→そのまま採用。悪→飛び組に差し替え。circle_pct上位2艇に絞り込むこと。\n展示で1号艇スタート超安定(0.113秒)→ヒモ固まり方向に注意'}",,,27.7,逃げ狙い,23.11,22.8,3,,,,,,,,,,,
2025-10-23,丸亀,10,4,重富伸也,B1,26.67,4,,5.8997,12.2,54,27.1,0.1727,3.6771,,,0,低,124,0,ま0%,5 141,0,46,0.9134,0,0,0.0625,0,0,0.0615,0,0.3231,,,D,,,0.1141,0.6085,,0.7655,S,88,0,◎1着固定 2-3着流し（5〜8点）,0.5777,"{'is_target': True, 'verdict': '点数絞り', 'max_combo_prob': 0.0912, 'est_top_odds': 14.6, 'circle_concentration': 78.3, 'eligible_count': 6, 'bet_adj': 0, 'reason': 'rel_win1=57.6%（本命度） / 最有力組み合わせ確率: 0.091（推定実オッズ?15倍） / 2着集中度: 上位2艇 78.3%（補正+0.04） / 総合判定確率: 0.131 / → ヒモはやや固め。上位2艇以外を切ること', 'tenji_trigger': '展示確認: 1号艇伸び良→そのまま採用。悪→飛び組に差し替え。circle_pct上位2艇に絞り込むこと。\n展示で1号艇スタート超安定(0.113秒)→ヒモ固まり方向に注意'}",,,27.7,逃げ狙い,23.11,22.8,3,,,,,,,,,,,
2025-10-23,丸亀,10,5,森　悠稀,A2,17.39,5,,3.2567,8,100,48.1,0.1319,2.8333,,,0,低,62,0,-,5 2352,0,27,0.5238,0,0,0,0.0909,0,0.0552,0.0276,0.0552,,,E,○,,0.2348,0.6755,,0.7655,S,88,0,◎1着固定 2-3着流し（5〜8点）,0.5777,"{'is_target': True, 'verdict': '点数絞り', 'max_combo_prob': 0.0912, 'est_top_odds': 14.6, 'circle_concentration': 78.3, 'eligible_count': 6, 'bet_adj': 0, 'reason': 'rel_win1=57.6%（本命度） / 最有力組み合わせ確率: 0.091（推定実オッズ?15倍） / 2着集中度: 上位2艇 78.3%（補正+0.04） / 総合判定確率: 0.131 / → ヒモはやや固め。上位2艇以外を切ること', 'tenji_trigger': '展示確認: 1号艇伸び良→そのまま採用。悪→飛び組に差し替え。circle_pct上位2艇に絞り込むこと。\n展示で1号艇スタート超安定(0.113秒)→ヒモ固まり方向に注意'}",,,27.7,逃げ狙い,23.11,22.8,3,,,,,,,,,,,
2025-10-23,丸亀,10,6,後藤　浩,B1,70.97,6,▲,1.6515,1.5,55,23.8,0.18,3.7976,,,0,低,120,0,-,3 263,0,40.6,1.0383,,,,,,0.0556,0.2222,0,,,A,△,,0.1372,0.6325,,0.7655,S,88,0,◎1着固定 2-3着流し（5〜8点）,0.5777,"{'is_target': True, 'verdict': '点数絞り', 'max_combo_prob': 0.0912, 'est_top_odds': 14.6, 'circle_concentration': 78.3, 'eligible_count': 6, 'bet_adj': 0, 'reason': 'rel_win1=57.6%（本命度） / 最有力組み合わせ確率: 0.091（推定実オッズ?15倍） / 2着集中度: 上位2艇 78.3%（補正+0.04） / 総合判定確率: 0.131 / → ヒモはやや固め。上位2艇以外を切ること', 'tenji_trigger': '展示確認: 1号艇伸び良→そのまま採用。悪→飛び組に差し替え。circle_pct上位2艇に絞り込むこと。\n展示で1号艇スタート超安定(0.113秒)→ヒモ固まり方向に注意'}",,,27.7,逃げ狙い,23.11,22.8,3,,,,,,,,,,,
2025-10-23,丸亀,11,1,末永由楽,A1,27.59,1,◎,47.3265,,0,89.3,0.1231,2.48,,,0,低,68,0,逃1%,11221,0,61.2,0.9356,0.6216,,,,,0.0824,0.1649,0.0716,◎,,D,△,,,0.6295,,0.6192,A,63,0,◎-○軸 3着3〜4艇流し（10〜15点）,0.5777,"{'is_target': True, 'verdict': '点数絞り', 'max_combo_prob': 0.0979, 'est_top_odds': 13.6, 'circle_concentration': 70.0, 'eligible_count': 8, 'bet_adj': 0, 'reason': 'rel_win1=47.3%（本命度） / 最有力組み合わせ確率: 0.098（推定実オッズ?14倍） / 2着集中度: 上位2艇 70.0%（補正+0.04） / 総合判定確率: 0.138 / → ヒモはやや固め。上位2艇以外を切ること', 'tenji_trigger': '展示確認: 1号艇伸び良→そのまま採用。悪→飛び組に差し替え。circle_pct上位2艇に絞り込むこと。\n展示で1号艇スタート超安定(0.123秒)→ヒモ固まり方向に注意'}",,,31.8,両建て推奨,30.24,28.4,2,,,,,0,0,0.7559,0,,逃げ軸流し,A
2025-10-23,丸亀,11,2,船岡洋一,A1,23.81,2,▲,23.4685,48.6,81,81,0.1481,3.1071,,,0,低,67,0,ま0%,152143,0,51.8,1.0986,0,0.2727,0.1364,0,0,0.0811,0.027,0.1081,,,D,○,,0.1226,0.6315,,0.6192,A,63,0,◎-○軸 3着3〜4艇流し（10〜15点）,0.5777,"{'is_target': True, 'verdict': '点数絞り', 'max_combo_prob': 0.0979, 'est_top_odds': 13.6, 'circle_concentration': 70.0, 'eligible_count': 8, 'bet_adj': 0, 'reason': 'rel_win1=47.3%（本命度） / 最有力組み合わせ確率: 0.098（推定実オッズ?14倍） / 2着集中度: 上位2艇 70.0%（補正+0.04） / 総合判定確率: 0.138 / → ヒモはやや固め。上位2艇以外を切ること', 'tenji_trigger': '展示確認: 1号艇伸び良→そのまま採用。悪→飛び組に差し替え。circle_pct上位2艇に絞り込むこと。\n展示で1号艇スタート超安定(0.123秒)→ヒモ固まり方向に注意'}",,,31.8,両建て推奨,30.24,28.4,2,,,,,,,,,,,
2025-10-23,丸亀,11,3,荒川健太,A2,41.38,3,△,10.0762,21.4,100,65.1,0.1808,3.7063,,,0,低,145,0,-,2 1333,0,26,0.7525,0,0.0333,0,0.1,0,0,0.1957,0.0108,,,B,,,0.1363,0.5905,,0.6192,A,63,0,◎-○軸 3着3〜4艇流し（10〜15点）,0.5777,"{'is_target': True, 'verdict': '点数絞り', 'max_combo_prob': 0.0979, 'est_top_odds': 13.6, 'circle_concentration': 70.0, 'eligible_count': 8, 'bet_adj': 0, 'reason': 'rel_win1=47.3%（本命度） / 最有力組み合わせ確率: 0.098（推定実オッズ?14倍） / 2着集中度: 上位2艇 70.0%（補正+0.04） / 総合判定確率: 0.138 / → ヒモはやや固め。上位2艇以外を切ること', 'tenji_trigger': '展示確認: 1号艇伸び良→そのまま採用。悪→飛び組に差し替え。circle_pct上位2艇に絞り込むこと。\n展示で1号艇スタート超安定(0.123秒)→ヒモ固まり方向に注意'}",,,31.8,両建て推奨,30.24,28.4,2,,,,,,,,,,,
2025-10-23,丸亀,11,4,渡邉　健,A2,41.94,4,○,13.4653,18.7,53,56,0.131,2.73,,,0,低,89,0,ま0% 差ま0%,126315,0,64.9,1.3194,0,0,0.1538,0.1154,0,0.1304,0.1304,0.087,,,A,,◎,0.3185,0.589,0.4697,0.6192,A,63,0,◎-○軸 3着3〜4艇流し（10〜15点）,0.5777,"{'is_target': True, 'verdict': '点数絞り', 'max_combo_prob': 0.0979, 'est_top_odds': 13.6, 'circle_concentration': 70.0, 'eligible_count': 8, 'bet_adj': 0, 'reason': 'rel_win1=47.3%（本命度） / 最有力組み合わせ確率: 0.098（推定実オッズ?14倍） / 2着集中度: 上位2艇 70.0%（補正+0.04） / 総合判定確率: 0.138 / → ヒモはやや固め。上位2艇以外を切ること', 'tenji_trigger': '展示確認: 1号艇伸び良→そのまま採用。悪→飛び組に差し替え。circle_pct上位2艇に絞り込むこと。\n展示で1号艇スタート超安定(0.123秒)→ヒモ固まり方向に注意'}",,,31.8,両建て推奨,30.24,28.4,2,,,,,,,,,,,
2025-10-23,丸亀,11,5,藤田靖弘,A2,22.22,5,,4.784,7.7,44,41.5,0.1589,3.4308,,,0,低,111,0,-,32342,0,100,2.4957,0,0,0,0.037,0.037,0.0533,0.115,0.0267,,,E,◎,○,0.1885,0.6755,0.2988,0.6192,A,63,0,◎-○軸 3着3〜4艇流し（10〜15点）,0.5777,"{'is_target': True, 'verdict': '点数絞り', 'max_combo_prob': 0.0979, 'est_top_odds': 13.6, 'circle_concentration': 70.0, 'eligible_count': 8, 'bet_adj': 0, 'reason': 'rel_win1=47.3%（本命度） / 最有力組み合わせ確率: 0.098（推定実オッズ?14倍） / 2着集中度: 上位2艇 70.0%（補正+0.04） / 総合判定確率: 0.138 / → ヒモはやや固め。上位2艇以外を切ること', 'tenji_trigger': '展示確認: 1号艇伸び良→そのまま採用。悪→飛び組に差し替え。circle_pct上位2艇に絞り込むこと。\n展示で1号艇スタート超安定(0.123秒)→ヒモ固まり方向に注意'}",,,31.8,両建て推奨,30.24,28.4,2,,,,,,,,,,,
2025-10-23,丸亀,11,6,山下流心,B1,35.71,6,,0.8795,3.6,38,13.5,0.2151,5.1216,,,0,低,117,0,-,331 56,0,26.8,0.575,,,,,,0.1571,0.0714,0.2286,,,C,△,,0.1636,0.6225,,0.6192,A,63,0,◎-○軸 3着3〜4艇流し（10〜15点）,0.5777,"{'is_target': True, 'verdict': '点数絞り', 'max_combo_prob': 0.0979, 'est_top_odds': 13.6, 'circle_concentration': 70.0, 'eligible_count': 8, 'bet_adj': 0, 'reason': 'rel_win1=47.3%（本命度） / 最有力組み合わせ確率: 0.098（推定実オッズ?14倍） / 2着集中度: 上位2艇 70.0%（補正+0.04） / 総合判定確率: 0.138 / → ヒモはやや固め。上位2艇以外を切ること', 'tenji_trigger': '展示確認: 1号艇伸び良→そのまま採用。悪→飛び組に差し替え。circle_pct上位2艇に絞り込むこと。\n展示で1号艇スタート超安定(0.123秒)→ヒモ固まり方向に注意'}",,,31.8,両建て推奨,30.24,28.4,2,,,,,,,,,,,
2025-10-23,丸亀,12,1,松下一也,A1,19.23,1,◎,63.7486,,0,93.2,0.1155,2.089,,,0,低,48,0,逃0%,462 54,0,70.8,1.0235,0.7105,,,,,0.1726,0.0211,0.0316,◎,,E,◎,,,0.675,,0.7659,S,95,0,◎1着固定 2-3着流し（5〜8点）,0.5777,"{'is_target': True, 'verdict': '参加推奨', 'max_combo_prob': 0.0689, 'est_top_odds': 19.3, 'circle_concentration': 60.9, 'eligible_count': 6, 'bet_adj': 2, 'reason': 'rel_win1=63.7%（本命度） / 最有力組み合わせ確率: 0.069（推定実オッズ?19倍） / 2着集中度: 上位2艇 60.9%（補正+0.00） / 総合判定確率: 0.069 / → ヒモ分散。1号艇1着固定で広めのヒモ流し推奨（買い目+2点）', 'tenji_trigger': '展示確認: ヒモ分散レース。1号艇伸び確認後、広めのヒモ流しを採用。穴ヒモ（5・6号艇）を積極的に含める。\n展示で1号艇スタート超安定(0.116秒)→ヒモ固まり方向に注意'}",,,26.1,逃げ狙い,13.91,26.3,5,,,,,0,0,0.7559,0,,逃げ軸流し,A
2025-10-23,丸亀,12,2,福田　理,B1,33.33,2,△,9.3669,28.9,55,36.5,0.169,3.5635,,,0,低,126,0,-,335 26,0,77.8,1.5131,0,0.0625,0.0625,0,0,0.1446,0.4967,0.1446,,,C,,,0.0898,0.594,,0.7659,S,95,0,◎1着固定 2-3着流し（5〜8点）,0.5777,"{'is_target': True, 'verdict': '参加推奨', 'max_combo_prob': 0.0689, 'est_top_odds': 19.3, 'circle_concentration': 60.9, 'eligible_count': 6, 'bet_adj': 2, 'reason': 'rel_win1=63.7%（本命度） / 最有力組み合わせ確率: 0.069（推定実オッズ?19倍） / 2着集中度: 上位2艇 60.9%（補正+0.00） / 総合判定確率: 0.069 / → ヒモ分散。1号艇1着固定で広めのヒモ流し推奨（買い目+2点）', 'tenji_trigger': '展示確認: ヒモ分散レース。1号艇伸び確認後、広めのヒモ流しを採用。穴ヒモ（5・6号艇）を積極的に含める。\n展示で1号艇スタート超安定(0.116秒)→ヒモ固まり方向に注意'}",,,26.1,逃げ狙い,13.91,26.3,5,,,,,,,,,,,
2025-10-23,丸亀,12,3,重冨勇哉,B1,30.00,3,,7.8542,32,65,49,0.1727,3.0816,,,0,低,99,0,-,5 243,0,91,1.8412,0,0.037,0,0.037,0,0.3242,0.0632,0.2042,,,D,,,0.1217,0.57,,0.7659,S,95,0,◎1着固定 2-3着流し（5〜8点）,0.5777,"{'is_target': True, 'verdict': '参加推奨', 'max_combo_prob': 0.0689, 'est_top_odds': 19.3, 'circle_concentration': 60.9, 'eligible_count': 6, 'bet_adj': 2, 'reason': 'rel_win1=63.7%（本命度） / 最有力組み合わせ確率: 0.069（推定実オッズ?19倍） / 2着集中度: 上位2艇 60.9%（補正+0.00） / 総合判定確率: 0.069 / → ヒモ分散。1号艇1着固定で広めのヒモ流し推奨（買い目+2点）', 'tenji_trigger': '展示確認: ヒモ分散レース。1号艇伸び確認後、広めのヒモ流しを採用。穴ヒモ（5・6号艇）を積極的に含める。\n展示で1号艇スタート超安定(0.116秒)→ヒモ固まり方向に注意'}",,,26.1,逃げ狙い,13.91,26.3,5,,,,,,,,,,,
2025-10-23,丸亀,12,4,大澤大夢,B1,39.29,4,○,7.3512,24.9,85,48.6,0.158,3.2432,,,0,低,103,0,抜0%,554 25,0,40.1,0.9645,0,0,0.0645,0.0323,0.0323,0.1632,0.1421,0.1211,,,B,○,◎,0.1318,0.644,0.3039,0.7659,S,95,0,◎1着固定 2-3着流し（5〜8点）,0.5777,"{'is_target': True, 'verdict': '参加推奨', 'max_combo_prob': 0.0689, 'est_top_odds': 19.3, 'circle_concentration': 60.9, 'eligible_count': 6, 'bet_adj': 2, 'reason': 'rel_win1=63.7%（本命度） / 最有力組み合わせ確率: 0.069（推定実オッズ?19倍） / 2着集中度: 上位2艇 60.9%（補正+0.00） / 総合判定確率: 0.069 / → ヒモ分散。1号艇1着固定で広めのヒモ流し推奨（買い目+2点）', 'tenji_trigger': '展示確認: ヒモ分散レース。1号艇伸び確認後、広めのヒモ流しを採用。穴ヒモ（5・6号艇）を積極的に含める。\n展示で1号艇スタート超安定(0.116秒)→ヒモ固まり方向に注意'}",,,26.1,逃げ狙い,13.91,26.3,5,,,,,,,,,,,
2025-10-23,丸亀,12,5,飯田庄吾,B1,40.91,5,▲,6.5338,7,56,23.8,0.1778,3.9286,,,0,低,145,0,-,4 3565,0,28.9,0.7838,,,,,,0,0.2611,0.5833,,,B,△,○,0.1406,0.6,0.1391,0.7659,S,95,0,◎1着固定 2-3着流し（5〜8点）,0.5777,"{'is_target': True, 'verdict': '参加推奨', 'max_combo_prob': 0.0689, 'est_top_odds': 19.3, 'circle_concentration': 60.9, 'eligible_count': 6, 'bet_adj': 2, 'reason': 'rel_win1=63.7%（本命度） / 最有力組み合わせ確率: 0.069（推定実オッズ?19倍） / 2着集中度: 上位2艇 60.9%（補正+0.00） / 総合判定確率: 0.069 / → ヒモ分散。1号艇1着固定で広めのヒモ流し推奨（買い目+2点）', 'tenji_trigger': '展示確認: ヒモ分散レース。1号艇伸び確認後、広めのヒモ流しを採用。穴ヒモ（5・6号艇）を積極的に含める。\n展示で1号艇スタート超安定(0.116秒)→ヒモ固まり方向に注意'}",,,26.1,逃げ狙い,13.91,26.3,5,,,,,,,,,,,
2025-10-23,丸亀,12,6,今泉友吾,A1,33.33,6,,5.1454,7.2,100,52.1,0.1625,3.7083,,,0,低,77,0,-,F44 2,0,39.5,1.0178,,,,,,0.0211,0.0211,0.3842,,,C,△,,0.1636,0.634,,0.7659,S,95,0,◎1着固定 2-3着流し（5〜8点）,0.5777,"{'is_target': True, 'verdict': '参加推奨', 'max_combo_prob': 0.0689, 'est_top_odds': 19.3, 'circle_concentration': 60.9, 'eligible_count': 6, 'bet_adj': 2, 'reason': 'rel_win1=63.7%（本命度） / 最有力組み合わせ確率: 0.069（推定実オッズ?19倍） / 2着集中度: 上位2艇 60.9%（補正+0.00） / 総合判定確率: 0.069 / → ヒモ分散。1号艇1着固定で広めのヒモ流し推奨（買い目+2点）', 'tenji_trigger': '展示確認: ヒモ分散レース。1号艇伸び確認後、広めのヒモ流しを採用。穴ヒモ（5・6号艇）を積極的に含める。\n展示で1号艇スタート超安定(0.116秒)→ヒモ固まり方向に注意'}",,,26.1,逃げ狙い,13.91,26.3,5,,,,,,,,,,,
2025-10-24,丸亀,1,1,三好勇人,B1,38.71,1,◎,69.1652,,0,98.4,0.1275,1.877,,,0,低,88,0,逃1%,1 5214,0,82.4,1.0868,0.7333,,,,,0.0133,0.16,0.0533,◎,,C,○,,,0.6185,,0.7986,S,84,0,◎1着固定 2-3着流し（5〜8点）,0.5777,"{'is_target': True, 'verdict': '点数絞り', 'max_combo_prob': 0.1034, 'est_top_odds': 12.9, 'circle_concentration': 72.7, 'eligible_count': 6, 'bet_adj': 0, 'reason': 'rel_win1=69.2%（本命度） / 最有力組み合わせ確率: 0.103（推定実オッズ?13倍） / 2着集中度: 上位2艇 72.7%（補正+0.04） / 総合判定確率: 0.143 / → ヒモはやや固め。上位2艇以外を切ること', 'tenji_trigger': '展示確認: 1号艇伸び良→そのまま採用。悪→飛び組に差し替え。circle_pct上位2艇に絞り込むこと。\n展示で1号艇スタート超安定(0.128秒)→ヒモ固まり方向に注意'}",,,25.2,逃げ狙い,11.14,26,2,,,,,0,0,0.7559,0,,逃げ軸流し,A
2025-10-24,丸亀,1,2,中村守成,B1,59.38,2,○,9.4154,38.6,85,41.9,0.1911,4.2823,,,0,低,159,0,-,2 564,0,89.3,1.6902,,,,,,0.08,0.289,0.123,,,A,△,,0.0775,0.591,,0.7986,S,84,0,◎1着固定 2-3着流し（5〜8点）,0.5777,"{'is_target': True, 'verdict': '点数絞り', 'max_combo_prob': 0.1034, 'est_top_odds': 12.9, 'circle_concentration': 72.7, 'eligible_count': 6, 'bet_adj': 0, 'reason': 'rel_win1=69.2%（本命度） / 最有力組み合わせ確率: 0.103（推定実オッズ?13倍） / 2着集中度: 上位2艇 72.7%（補正+0.04） / 総合判定確率: 0.143 / → ヒモはやや固め。上位2艇以外を切ること', 'tenji_trigger': '展示確認: 1号艇伸び良→そのまま採用。悪→飛び組に差し替え。circle_pct上位2艇に絞り込むこと。\n展示で1号艇スタート超安定(0.128秒)→ヒモ固まり方向に注意'}",,,25.2,逃げ狙い,11.14,26,2,,,,,,,,,,,
2025-10-24,丸亀,1,3,山下流心,B1,35.71,3,△,11.1175,34.2,68,50,0.1582,3.3824,,,0,低,117,0,-,331 56,0,50.5,1.051,0,0,0.0556,0.0833,0.0278,0.1571,0.0714,0.2286,,,D,◎,,0.1423,0.6225,,0.7986,S,84,0,◎1着固定 2-3着流し（5〜8点）,0.5777,"{'is_target': True, 'verdict': '点数絞り', 'max_combo_prob': 0.1034, 'est_top_odds': 12.9, 'circle_concentration': 72.7, 'eligible_count': 6, 'bet_adj': 0, 'reason': 'rel_win1=69.2%（本命度） / 最有力組み合わせ確率: 0.103（推定実オッズ?13倍） / 2着集中度: 上位2艇 72.7%（補正+0.04） / 総合判定確率: 0.143 / → ヒモはやや固め。上位2艇以外を切ること', 'tenji_trigger': '展示確認: 1号艇伸び良→そのまま採用。悪→飛び組に差し替え。circle_pct上位2艇に絞り込むこと。\n展示で1号艇スタート超安定(0.128秒)→ヒモ固まり方向に注意'}",,,25.2,逃げ狙い,11.14,26,2,,,,,,,,,,,
2025-10-24,丸亀,1,4,花本　剛,B1,42.86,4,▲,6.6984,13.4,100,41.1,0.1766,3.5268,,,0,低,176,0,-,464 16,0,67.1,1.2326,0,0,0.0357,0,0,0.2077,0.1615,0.1769,,,B,,,0.1082,0.5575,,0.7986,S,84,0,◎1着固定 2-3着流し（5〜8点）,0.5777,"{'is_target': True, 'verdict': '点数絞り', 'max_combo_prob': 0.1034, 'est_top_odds': 12.9, 'circle_concentration': 72.7, 'eligible_count': 6, 'bet_adj': 0, 'reason': 'rel_win1=69.2%（本命度） / 最有力組み合わせ確率: 0.103（推定実オッズ?13倍） / 2着集中度: 上位2艇 72.7%（補正+0.04） / 総合判定確率: 0.143 / → ヒモはやや固め。上位2艇以外を切ること', 'tenji_trigger': '展示確認: 1号艇伸び良→そのまま採用。悪→飛び組に差し替え。circle_pct上位2艇に絞り込むこと。\n展示で1号艇スタート超安定(0.128秒)→ヒモ固まり方向に注意'}",,,25.2,逃げ狙い,11.14,26,2,,,,,,,,,,,
2025-10-24,丸亀,1,5,岩永節也,B1,29.63,5,,2.4766,13.4,74,23.4,0.2006,4.7872,,,0,低,117,0,-,455 33,0,81.1,1.559,,,,,,0.3647,0.2706,0.2471,,,E,△,,0.1386,0.5985,,0.7986,S,84,0,◎1着固定 2-3着流し（5〜8点）,0.5777,"{'is_target': True, 'verdict': '点数絞り', 'max_combo_prob': 0.1034, 'est_top_odds': 12.9, 'circle_concentration': 72.7, 'eligible_count': 6, 'bet_adj': 0, 'reason': 'rel_win1=69.2%（本命度） / 最有力組み合わせ確率: 0.103（推定実オッズ?13倍） / 2着集中度: 上位2艇 72.7%（補正+0.04） / 総合判定確率: 0.143 / → ヒモはやや固め。上位2艇以外を切ること', 'tenji_trigger': '展示確認: 1号艇伸び良→そのまま採用。悪→飛び組に差し替え。circle_pct上位2艇に絞り込むこと。\n展示で1号艇スタート超安定(0.128秒)→ヒモ固まり方向に注意'}",,,25.2,逃げ狙い,11.14,26,2,,,,,,,,,,,
2025-10-24,丸亀,1,6,藤原　駿,B2,40.74,6,,1.127,0.5,16,1.2,0.2311,4.8214,,,0,低,51,0,-,665 66,0,32.1,0.6217,,,,,,,,,,,C,,,0.135,0.42,,0.7986,S,84,0,◎1着固定 2-3着流し（5〜8点）,0.5777,"{'is_target': True, 'verdict': '点数絞り', 'max_combo_prob': 0.1034, 'est_top_odds': 12.9, 'circle_concentration': 72.7, 'eligible_count': 6, 'bet_adj': 0, 'reason': 'rel_win1=69.2%（本命度） / 最有力組み合わせ確率: 0.103（推定実オッズ?13倍） / 2着集中度: 上位2艇 72.7%（補正+0.04） / 総合判定確率: 0.143 / → ヒモはやや固め。上位2艇以外を切ること', 'tenji_trigger': '展示確認: 1号艇伸び良→そのまま採用。悪→飛び組に差し替え。circle_pct上位2艇に絞り込むこと。\n展示で1号艇スタート超安定(0.128秒)→ヒモ固まり方向に注意'}",,,25.2,逃げ狙い,11.14,26,2,,,,,,,,,,,
2025-10-24,丸亀,2,1,山崎　祥,B1,45.16,1,◎,61.3382,,0,85.4,0.1746,3.9634,,,0,低,131,0,逃1%,44333,0,77.4,1.1185,0.6111,,,,,0.3238,0,0.0667,○,,B,,,,0.5955,,0.386,S,98,0,◎1着固定 2-3着流し（5〜8点）,0.5777,"{'is_target': True, 'verdict': '参加推奨', 'max_combo_prob': 0.1107, 'est_top_odds': 12.0, 'circle_concentration': 67.3, 'eligible_count': 6, 'bet_adj': 2, 'reason': 'rel_win1=61.3%（本命度） / 最有力組み合わせ確率: 0.111（推定実オッズ?12倍） / 2着集中度: 上位2艇 67.3%（補正+0.00） / 総合判定確率: 0.111 / → ヒモ分散。1号艇1着固定で広めのヒモ流し推奨（買い目+2点）', 'tenji_trigger': '展示確認: ヒモ分散レース。1号艇伸び確認後、広めのヒモ流しを採用。穴ヒモ（5・6号艇）を積極的に含める。'}",,,28.3,逃げ狙い,12.22,34,4,,,,,0,0,0.6155,0,,逃げ軸流し,A
2025-10-24,丸亀,2,2,飯田庄吾,B1,40.91,2,△,7.7016,25.8,64,37.7,0.1851,4.0797,,,0,低,145,0,-,4 3565,0,93.1,0.6691,0,0.037,0.037,0,0,0,0.2611,0.5833,,,B,△,,0.2022,0.6,,0.386,S,98,0,◎1着固定 2-3着流し（5〜8点）,0.5777,"{'is_target': True, 'verdict': '参加推奨', 'max_combo_prob': 0.1107, 'est_top_odds': 12.0, 'circle_concentration': 67.3, 'eligible_count': 6, 'bet_adj': 2, 'reason': 'rel_win1=61.3%（本命度） / 最有力組み合わせ確率: 0.111（推定実オッズ?12倍） / 2着集中度: 上位2艇 67.3%（補正+0.00） / 総合判定確率: 0.111 / → ヒモ分散。1号艇1着固定で広めのヒモ流し推奨（買い目+2点）', 'tenji_trigger': '展示確認: ヒモ分散レース。1号艇伸び確認後、広めのヒモ流しを採用。穴ヒモ（5・6号艇）を積極的に含める。'}",,,28.3,逃げ狙い,12.22,34,4,,,,,,,,,,,
2025-10-24,丸亀,2,3,森　悠稀,A2,17.39,3,▲,13.8731,39.7,83,66.7,0.1297,2.5985,,,0,低,62,0,差ま0%,5 2352,0,44.5,1.0383,0,0,0.0333,0.0333,0,0.0552,0.0276,0.0552,,◎,E,◎,,0.4604,0.6755,,0.386,S,98,0,◎1着固定 2-3着流し（5〜8点）,0.5777,"{'is_target': True, 'verdict': '参加推奨', 'max_combo_prob': 0.1107, 'est_top_odds': 12.0, 'circle_concentration': 67.3, 'eligible_count': 6, 'bet_adj': 2, 'reason': 'rel_win1=61.3%（本命度） / 最有力組み合わせ確率: 0.111（推定実オッズ?12倍） / 2着集中度: 上位2艇 67.3%（補正+0.00） / 総合判定確率: 0.111 / → ヒモ分散。1号艇1着固定で広めのヒモ流し推奨（買い目+2点）', 'tenji_trigger': '展示確認: ヒモ分散レース。1号艇伸び確認後、広めのヒモ流しを採用。穴ヒモ（5・6号艇）を積極的に含める。'}",,,28.3,逃げ狙い,12.22,34,4,,,,,,,,,,,
2025-10-24,丸亀,2,4,船岡洋一,A1,23.81,4,○,12.5009,27.6,100,67.3,0.1439,3.0612,,,0,低,67,0,差ま0%,152143,0,53.2,1.0713,0,0,0.05,0.15,0,0.0811,0.027,0.1081,,○,D,○,◎,0.4329,0.6315,0.5097,0.386,S,98,0,◎1着固定 2-3着流し（5〜8点）,0.5777,"{'is_target': True, 'verdict': '参加推奨', 'max_combo_prob': 0.1107, 'est_top_odds': 12.0, 'circle_concentration': 67.3, 'eligible_count': 6, 'bet_adj': 2, 'reason': 'rel_win1=61.3%（本命度） / 最有力組み合わせ確率: 0.111（推定実オッズ?12倍） / 2着集中度: 上位2艇 67.3%（補正+0.00） / 総合判定確率: 0.111 / → ヒモ分散。1号艇1着固定で広めのヒモ流し推奨（買い目+2点）', 'tenji_trigger': '展示確認: ヒモ分散レース。1号艇伸び確認後、広めのヒモ流しを採用。穴ヒモ（5・6号艇）を積極的に含める。'}",,,28.3,逃げ狙い,12.22,34,4,,,,,,,,,,,
2025-10-24,丸亀,2,5,三原　司,B1,11.76,5,,3.4528,6.6,45,22.7,0.194,4.1333,,,0,低,167,0,-,243 45,0,25.9,1.7943,,,,,,0.2452,0.2071,0.0571,,,E,△,,0.2483,0.624,,0.386,S,98,0,◎1着固定 2-3着流し（5〜8点）,0.5777,"{'is_target': True, 'verdict': '参加推奨', 'max_combo_prob': 0.1107, 'est_top_odds': 12.0, 'circle_concentration': 67.3, 'eligible_count': 6, 'bet_adj': 2, 'reason': 'rel_win1=61.3%（本命度） / 最有力組み合わせ確率: 0.111（推定実オッズ?12倍） / 2着集中度: 上位2艇 67.3%（補正+0.00） / 総合判定確率: 0.111 / → ヒモ分散。1号艇1着固定で広めのヒモ流し推奨（買い目+2点）', 'tenji_trigger': '展示確認: ヒモ分散レース。1号艇伸び確認後、広めのヒモ流しを採用。穴ヒモ（5・6号艇）を積極的に含める。'}",,,28.3,逃げ狙い,12.22,34,4,,,,,,,,,,,
2025-10-24,丸亀,2,6,山本凱立,B2,75.00,6,,1.1334,0.3,11,0,0.2046,4.37,,,0,低,56,0,-,6 466,0,25.9,0.6528,,,,,,,,,,,A,,,0.2145,0.4725,,0.386,S,98,0,◎1着固定 2-3着流し（5〜8点）,0.5777,"{'is_target': True, 'verdict': '参加推奨', 'max_combo_prob': 0.1107, 'est_top_odds': 12.0, 'circle_concentration': 67.3, 'eligible_count': 6, 'bet_adj': 2, 'reason': 'rel_win1=61.3%（本命度） / 最有力組み合わせ確率: 0.111（推定実オッズ?12倍） / 2着集中度: 上位2艇 67.3%（補正+0.00） / 総合判定確率: 0.111 / → ヒモ分散。1号艇1着固定で広めのヒモ流し推奨（買い目+2点）', 'tenji_trigger': '展示確認: ヒモ分散レース。1号艇伸び確認後、広めのヒモ流しを採用。穴ヒモ（5・6号艇）を積極的に含める。'}",,,28.3,逃げ狙い,12.22,34,4,,,,,,,,,,,
2025-10-24,丸亀,3,1,島田一生,B1,28.57,1,◎,35.9652,,0,81.6,0.1484,2.8421,,,0,低,101,0,逃0%,6 352,0,53.4,0.831,0.381,,,,,0.1905,0.2857,0.0476,◎,,D,,,,0.569,,0.4561,D,33,1,大荒れ。見送り推奨,0.5777,"{'is_target': False, 'verdict': '対象外', 'max_combo_prob': None, 'est_top_odds': None, 'circle_concentration': None, 'eligible_count': 0, 'bet_adj': 0, 'reason': '1号艇rel_win1 < 45%: 通常判定に委ねる', 'tenji_trigger': ''}",,,33.4,両建て推奨,27.87,35,3,,,,,0,0,0.7559,0,,逃げ軸流し,A
2025-10-24,丸亀,3,2,木下大將,B1,48.28,2,○,22.7884,45.7,90,80,0.1487,3.0364,,,0,低,82,0,差0%,1 2123,0,74.4,1.3772,0,0.2593,0,0,0,0.1053,0.0526,0.0526,,◎,B,◎,,0.3872,0.6535,,0.4561,D,33,1,大荒れ。見送り推奨,0.5777,"{'is_target': False, 'verdict': '対象外', 'max_combo_prob': None, 'est_top_odds': None, 'circle_concentration': None, 'eligible_count': 0, 'bet_adj': 0, 'reason': '1号艇rel_win1 < 45%: 通常判定に委ねる', 'tenji_trigger': ''}",,,33.4,両建て推奨,27.87,35,3,,,,,,,,,,,
2025-10-24,丸亀,3,3,竹間隆晟,A1,42.86,3,▲,22.5804,28.3,87,78.4,0.1489,2.8649,,,0,低,83,0,差0% ま0% 差ま0%,265 21,0,88.2,1.6996,0,0.1176,0.1176,0.1176,0,0,0.12,0.08,,,C,,,0.346,0.5415,,0.4561,D,33,1,大荒れ。見送り推奨,0.5777,"{'is_target': False, 'verdict': '対象外', 'max_combo_prob': None, 'est_top_odds': None, 'circle_concentration': None, 'eligible_count': 0, 'bet_adj': 0, 'reason': '1号艇rel_win1 < 45%: 通常判定に委ねる', 'tenji_trigger': ''}",,,33.4,両建て推奨,27.87,35,3,,,,,,,,,,,
2025-10-24,丸亀,3,4,荒川健太,A2,41.38,4,,9.4757,15.1,100,55.1,0.1751,3.7536,,,0,低,145,0,-,2 1333,0,52.8,1.0951,0,0.0357,0,0.0714,0,0,0.1957,0.0108,,,C,△,◎,0.225,0.5905,0.4384,0.4561,D,33,1,大荒れ。見送り推奨,0.5777,"{'is_target': False, 'verdict': '対象外', 'max_combo_prob': None, 'est_top_odds': None, 'circle_concentration': None, 'eligible_count': 0, 'bet_adj': 0, 'reason': '1号艇rel_win1 < 45%: 通常判定に委ねる', 'tenji_trigger': ''}",,,33.4,両建て推奨,27.87,35,3,,,,,,,,,,,
2025-10-24,丸亀,3,5,重富伸也,B1,26.67,5,,8.2242,9.2,78,39.2,0.1682,3.5784,,,0,低,124,0,ま0%,5 141,0,27.3,0.7117,0,0,0.1667,0.0417,0,0.0615,0,0.3231,,,E,○,○,0.3048,0.6085,0.3993,0.4561,D,33,1,大荒れ。見送り推奨,0.5777,"{'is_target': False, 'verdict': '対象外', 'max_combo_prob': None, 'est_top_odds': None, 'circle_concentration': None, 'eligible_count': 0, 'bet_adj': 0, 'reason': '1号艇rel_win1 < 45%: 通常判定に委ねる', 'tenji_trigger': ''}",,,33.4,両建て推奨,27.87,35,3,,,,,,,,,,,
2025-10-24,丸亀,3,6,宮野　仁,B1,52.94,6,△,0.9661,1.6,69,18,0.2568,5.19,,,0,低,175,0,-,F 5 5,0,32.7,1.3761,,,,,,0.0571,0.0286,0.3143,,,A,△,,0.1763,0.6005,,0.4561,D,33,1,大荒れ。見送り推奨,0.5777,"{'is_target': False, 'verdict': '対象外', 'max_combo_prob': None, 'est_top_odds': None, 'circle_concentration': None, 'eligible_count': 0, 'bet_adj': 0, 'reason': '1号艇rel_win1 < 45%: 通常判定に委ねる', 'tenji_trigger': ''}",,,33.4,両建て推奨,27.87,35,3,,,,,,,,,,,
2025-10-24,丸亀,4,1,石田章央,A2,37.93,1,◎,59.183,,0,92.8,0.1541,3.0515,,,0,低,127,0,逃0%,5 1236,0,71.1,1.005,0.5714,,,,,0.1022,0.0571,0.1022,◎,,B,◎,,,0.652,,0.5082,S,95,0,◎1着固定 2-3着流し（5〜8点）,0.5777,"{'is_target': True, 'verdict': '参加推奨', 'max_combo_prob': 0.0661, 'est_top_odds': 20.2, 'circle_concentration': 58.8, 'eligible_count': 6, 'bet_adj': 2, 'reason': 'rel_win1=59.2%（本命度） / 最有力組み合わせ確率: 0.066（推定実オッズ?20倍） / 2着集中度: 上位2艇 58.8%（補正+0.00） / 総合判定確率: 0.066 / → ヒモ分散。1号艇1着固定で広めのヒモ流し推奨（買い目+2点）', 'tenji_trigger': '展示確認: ヒモ分散レース。1号艇伸び確認後、広めのヒモ流しを採用。穴ヒモ（5・6号艇）を積極的に含める。'}",,,26,逃げ狙い,10.95,28.3,3,,,,,0,0,0.7559,0,,逃げ軸流し,A
2025-10-24,丸亀,4,2,山田和佐,B1,34.48,2,,11.0929,26.1,87,45.2,0.164,3.6774,,,0,低,130,0,ま0%,5 661,0,41.4,0.8991,0,0.0294,0.0294,0,0,0.1769,0.0308,0.1923,,,C,,,0.2215,0.5895,,0.5082,S,95,0,◎1着固定 2-3着流し（5〜8点）,0.5777,"{'is_target': True, 'verdict': '参加推奨', 'max_combo_prob': 0.0661, 'est_top_odds': 20.2, 'circle_concentration': 58.8, 'eligible_count': 6, 'bet_adj': 2, 'reason': 'rel_win1=59.2%（本命度） / 最有力組み合わせ確率: 0.066（推定実オッズ?20倍） / 2着集中度: 上位2艇 58.8%（補正+0.00） / 総合判定確率: 0.066 / → ヒモ分散。1号艇1着固定で広めのヒモ流し推奨（買い目+2点）', 'tenji_trigger': '展示確認: ヒモ分散レース。1号艇伸び確認後、広めのヒモ流しを採用。穴ヒモ（5・6号艇）を積極的に含める。'}",,,26,逃げ狙い,10.95,28.3,3,,,,,,,,,,,
2025-10-24,丸亀,4,3,星野太郎,B1,35.71,3,○,13.6643,32.5,50,58.7,0.1613,3.8095,,,0,低,157,0,-,141 44,0,92.6,1.8698,0,0,0,0.04,0.04,0.0333,0.0667,0.25,,,C,△,,0.2606,0.63,,0.5082,S,95,0,◎1着固定 2-3着流し（5〜8点）,0.5777,"{'is_target': True, 'verdict': '参加推奨', 'max_combo_prob': 0.0661, 'est_top_odds': 20.2, 'circle_concentration': 58.8, 'eligible_count': 6, 'bet_adj': 2, 'reason': 'rel_win1=59.2%（本命度） / 最有力組み合わせ確率: 0.066（推定実オッズ?20倍） / 2着集中度: 上位2艇 58.8%（補正+0.00） / 総合判定確率: 0.066 / → ヒモ分散。1号艇1着固定で広めのヒモ流し推奨（買い目+2点）', 'tenji_trigger': '展示確認: ヒモ分散レース。1号艇伸び確認後、広めのヒモ流しを採用。穴ヒモ（5・6号艇）を積極的に含める。'}",,,26,逃げ狙い,10.95,28.3,3,,,,,,,,,,,
2025-10-24,丸亀,4,4,末永由楽,A1,27.59,4,△,9.6849,26.3,100,70.3,0.1375,3.2656,,,0,低,68,0,ま0%,11221,0,73.6,1.3866,0,0,0.0714,0,0,0.0824,0.1649,0.0716,,,D,△,◎,0.3695,0.6295,0.4406,0.5082,S,95,0,◎1着固定 2-3着流し（5〜8点）,0.5777,"{'is_target': True, 'verdict': '参加推奨', 'max_combo_prob': 0.0661, 'est_top_odds': 20.2, 'circle_concentration': 58.8, 'eligible_count': 6, 'bet_adj': 2, 'reason': 'rel_win1=59.2%（本命度） / 最有力組み合わせ確率: 0.066（推定実オッズ?20倍） / 2着集中度: 上位2艇 58.8%（補正+0.00） / 総合判定確率: 0.066 / → ヒモ分散。1号艇1着固定で広めのヒモ流し推奨（買い目+2点）', 'tenji_trigger': '展示確認: ヒモ分散レース。1号艇伸び確認後、広めのヒモ流しを採用。穴ヒモ（5・6号艇）を積極的に含める。'}",,,26,逃げ狙い,10.95,28.3,3,,,,,,,,,,,
2025-10-24,丸亀,4,5,大澤大夢,B1,39.29,5,▲,5.3539,11.5,58,28.6,0.1676,3.5071,,,0,低,103,0,-,554 25,0,26.2,0.4005,0,0,0,0.0323,0,0.1632,0.1421,0.1211,,,B,○,,0.2458,0.644,,0.5082,S,95,0,◎1着固定 2-3着流し（5〜8点）,0.5777,"{'is_target': True, 'verdict': '参加推奨', 'max_combo_prob': 0.0661, 'est_top_odds': 20.2, 'circle_concentration': 58.8, 'eligible_count': 6, 'bet_adj': 2, 'reason': 'rel_win1=59.2%（本命度） / 最有力組み合わせ確率: 0.066（推定実オッズ?20倍） / 2着集中度: 上位2艇 58.8%（補正+0.00） / 総合判定確率: 0.066 / → ヒモ分散。1号艇1着固定で広めのヒモ流し推奨（買い目+2点）', 'tenji_trigger': '展示確認: ヒモ分散レース。1号艇伸び確認後、広めのヒモ流しを採用。穴ヒモ（5・6号艇）を積極的に含める。'}",,,26,逃げ狙い,10.95,28.3,3,,,,,,,,,,,
2025-10-24,丸亀,4,6,小林基樹,B1,21.05,6,,1.021,3.6,46,15.4,0.2458,5.5,,,0,低,167,0,-,4 656,0,26.2,0.8622,,,,,,0.2727,0.2727,0.0909,,,E,,,0.1476,0.5755,,0.5082,S,95,0,◎1着固定 2-3着流し（5〜8点）,0.5777,"{'is_target': True, 'verdict': '参加推奨', 'max_combo_prob': 0.0661, 'est_top_odds': 20.2, 'circle_concentration': 58.8, 'eligible_count': 6, 'bet_adj': 2, 'reason': 'rel_win1=59.2%（本命度） / 最有力組み合わせ確率: 0.066（推定実オッズ?20倍） / 2着集中度: 上位2艇 58.8%（補正+0.00） / 総合判定確率: 0.066 / → ヒモ分散。1号艇1着固定で広めのヒモ流し推奨（買い目+2点）', 'tenji_trigger': '展示確認: ヒモ分散レース。1号艇伸び確認後、広めのヒモ流しを採用。穴ヒモ（5・6号艇）を積極的に含める。'}",,,26,逃げ狙い,10.95,28.3,3,,,,,,,,,,,
2025-10-24,丸亀,5,1,永田啓二,A1,35.71,1,◎,53.1228,,0,96.2,0.1232,2.2356,,,0,低,50,0,逃0%,2 1512,0,83.2,1.0149,0.7333,,,,,0.2783,0.0089,0.0267,◎,,D,◎,,,0.688,,0.7759,S,100,0,◎1着固定 2-3着流し（5〜8点）,0.5777,"{'is_target': True, 'verdict': '参加推奨', 'max_combo_prob': 0.074, 'est_top_odds': 18.0, 'circle_concentration': 70.4, 'eligible_count': 6, 'bet_adj': 2, 'reason': 'rel_win1=53.1%（本命度） / 最有力組み合わせ確率: 0.074（推定実オッズ?18倍） / 2着集中度: 上位2艇 70.4%（補正+0.04） / 総合判定確率: 0.114 / → ヒモ分散。1号艇1着固定で広めのヒモ流し推奨（買い目+2点）', 'tenji_trigger': '展示確認: ヒモ分散レース。1号艇伸び確認後、広めのヒモ流しを採用。穴ヒモ（5・6号艇）を積極的に含める。\n展示で1号艇スタート超安定(0.123秒)→ヒモ固まり方向に注意'}",,,28,逃げ狙い,16.21,29.7,3,,,,,0,0,0.7559,0,,逃げ軸流し,A
2025-10-24,丸亀,5,2,多田有佑,B1,44.44,2,△,10.2312,28.2,100,39.6,0.1792,3.7075,,,0,低,170,0,-,5 4654,0,66.2,1.2112,0,0.05,0,0,0,0,0.2632,0.1579,,,C,,,0.1016,0.5565,,0.7759,S,100,0,◎1着固定 2-3着流し（5〜8点）,0.5777,"{'is_target': True, 'verdict': '参加推奨', 'max_combo_prob': 0.074, 'est_top_odds': 18.0, 'circle_concentration': 70.4, 'eligible_count': 6, 'bet_adj': 2, 'reason': 'rel_win1=53.1%（本命度） / 最有力組み合わせ確率: 0.074（推定実オッズ?18倍） / 2着集中度: 上位2艇 70.4%（補正+0.04） / 総合判定確率: 0.114 / → ヒモ分散。1号艇1着固定で広めのヒモ流し推奨（買い目+2点）', 'tenji_trigger': '展示確認: ヒモ分散レース。1号艇伸び確認後、広めのヒモ流しを採用。穴ヒモ（5・6号艇）を積極的に含める。\n展示で1号艇スタート超安定(0.123秒)→ヒモ固まり方向に注意'}",,,28,逃げ狙い,16.21,29.7,3,,,,,,,,,,,
2025-10-24,丸亀,5,3,尾嶋一広,A1,37.93,3,▲,16.7212,42.2,87,66,0.1621,3.5377,,,0,低,99,0,ま0%,1 1524,0,76.1,1.3965,0,0,0.04,0,0,0.0541,0.0541,0.1081,,,D,○,,0.1262,0.6515,,0.7759,S,100,0,◎1着固定 2-3着流し（5〜8点）,0.5777,"{'is_target': True, 'verdict': '参加推奨', 'max_combo_prob': 0.074, 'est_top_odds': 18.0, 'circle_concentration': 70.4, 'eligible_count': 6, 'bet_adj': 2, 'reason': 'rel_win1=53.1%（本命度） / 最有力組み合わせ確率: 0.074（推定実オッズ?18倍） / 2着集中度: 上位2艇 70.4%（補正+0.04） / 総合判定確率: 0.114 / → ヒモ分散。1号艇1着固定で広めのヒモ流し推奨（買い目+2点）', 'tenji_trigger': '展示確認: ヒモ分散レース。1号艇伸び確認後、広めのヒモ流しを採用。穴ヒモ（5・6号艇）を積極的に含める。\n展示で1号艇スタート超安定(0.123秒)→ヒモ固まり方向に注意'}",,,28,逃げ狙い,16.21,29.7,3,,,,,,,,,,,
2025-10-24,丸亀,5,4,後藤　浩,B1,70.97,4,○,10.9265,15.5,68,37.9,0.1828,3.9741,,,0,低,120,0,差0% 差ま0%,3 263,0,80.3,1.0017,0,0.0476,0,0.0476,0,0.0556,0.2222,0,,,A,△,◎,0.1133,0.6325,0.4235,0.7759,S,100,0,◎1着固定 2-3着流し（5〜8点）,0.5777,"{'is_target': True, 'verdict': '参加推奨', 'max_combo_prob': 0.074, 'est_top_odds': 18.0, 'circle_concentration': 70.4, 'eligible_count': 6, 'bet_adj': 2, 'reason': 'rel_win1=53.1%（本命度） / 最有力組み合わせ確率: 0.074（推定実オッズ?18倍） / 2着集中度: 上位2艇 70.4%（補正+0.04） / 総合判定確率: 0.114 / → ヒモ分散。1号艇1着固定で広めのヒモ流し推奨（買い目+2点）', 'tenji_trigger': '展示確認: ヒモ分散レース。1号艇伸び確認後、広めのヒモ流しを採用。穴ヒモ（5・6号艇）を積極的に含める。\n展示で1号艇スタート超安定(0.123秒)→ヒモ固まり方向に注意'}",,,28,逃げ狙い,16.21,29.7,3,,,,,,,,,,,
2025-10-24,丸亀,5,5,吉原快誓,B2,60.00,5,,7.2518,11.9,84,0,0.32,5,,,0,低,37,1,-,6 666,0,31.4,0.8498,,,,,,,,,,,A,,,0.1397,0.5335,,0.7759,S,100,0,◎1着固定 2-3着流し（5〜8点）,0.5777,"{'is_target': True, 'verdict': '参加推奨', 'max_combo_prob': 0.074, 'est_top_odds': 18.0, 'circle_concentration': 70.4, 'eligible_count': 6, 'bet_adj': 2, 'reason': 'rel_win1=53.1%（本命度） / 最有力組み合わせ確率: 0.074（推定実オッズ?18倍） / 2着集中度: 上位2艇 70.4%（補正+0.04） / 総合判定確率: 0.114 / → ヒモ分散。1号艇1着固定で広めのヒモ流し推奨（買い目+2点）', 'tenji_trigger': '展示確認: ヒモ分散レース。1号艇伸び確認後、広めのヒモ流しを採用。穴ヒモ（5・6号艇）を積極的に含める。\n展示で1号艇スタート超安定(0.123秒)→ヒモ固まり方向に注意'}",,,28,逃げ狙い,16.21,29.7,3,,,,,,,,,,,
2025-10-24,丸亀,5,6,石塚裕介,B1,35.48,6,,1.7466,2.2,51,16.7,0.2043,4.925,,,0,低,108,0,-,F64 5,0,54.7,1.4872,0,0,0,0.04,0,0.1182,0.0545,0.1545,,,E,△,,0.1067,0.61,,0.7759,S,100,0,◎1着固定 2-3着流し（5〜8点）,0.5777,"{'is_target': True, 'verdict': '参加推奨', 'max_combo_prob': 0.074, 'est_top_odds': 18.0, 'circle_concentration': 70.4, 'eligible_count': 6, 'bet_adj': 2, 'reason': 'rel_win1=53.1%（本命度） / 最有力組み合わせ確率: 0.074（推定実オッズ?18倍） / 2着集中度: 上位2艇 70.4%（補正+0.04） / 総合判定確率: 0.114 / → ヒモ分散。1号艇1着固定で広めのヒモ流し推奨（買い目+2点）', 'tenji_trigger': '展示確認: ヒモ分散レース。1号艇伸び確認後、広めのヒモ流しを採用。穴ヒモ（5・6号艇）を積極的に含める。\n展示で1号艇スタート超安定(0.123秒)→ヒモ固まり方向に注意'}",,,28,逃げ狙い,16.21,29.7,3,,,,,,,,,,,
2025-10-24,丸亀,6,1,渡邉　健,A2,41.94,1,◎,47.9784,,0,61,0.1637,3.0976,,,0,低,89,0,逃0%,126315,0,74.2,0.8151,0.4783,,,,,0.1304,0.1304,0.087,○,,B,△,,,0.589,,0.3391,C,42,0,荒れ傾向。高配当狙いか見送り,0.5777,"{'is_target': True, 'verdict': '参加推奨', 'max_combo_prob': 0.0709, 'est_top_odds': 18.8, 'circle_concentration': 67.8, 'eligible_count': 6, 'bet_adj': 2, 'reason': 'rel_win1=48.0%（本命度） / 最有力組み合わせ確率: 0.071（推定実オッズ?19倍） / 2着集中度: 上位2艇 67.8%（補正+0.00） / 総合判定確率: 0.071 / → ヒモ分散。1号艇1着固定で広めのヒモ流し推奨（買い目+2点）', 'tenji_trigger': '展示確認: ヒモ分散レース。1号艇伸び確認後、広めのヒモ流しを採用。穴ヒモ（5・6号艇）を積極的に含める。'}",,,35.3,両建て推奨,21.82,31.4,4,,,,,0,0,0.6155,0,,逃げ軸流し,A
2025-10-24,丸亀,6,2,重冨勇哉,B1,30.00,2,,14.688,42.4,40,58,0.1696,3.41,,,0,低,99,0,差0% ま0% 抜0%,5 243,0,50.6,0.9772,0,0.1,0.0333,0,0.0333,0.3242,0.0632,0.2042,,,E,,,0.2808,0.57,,0.3391,C,42,0,荒れ傾向。高配当狙いか見送り,0.5777,"{'is_target': True, 'verdict': '参加推奨', 'max_combo_prob': 0.0709, 'est_top_odds': 18.8, 'circle_concentration': 67.8, 'eligible_count': 6, 'bet_adj': 2, 'reason': 'rel_win1=48.0%（本命度） / 最有力組み合わせ確率: 0.071（推定実オッズ?19倍） / 2着集中度: 上位2艇 67.8%（補正+0.00） / 総合判定確率: 0.071 / → ヒモ分散。1号艇1着固定で広めのヒモ流し推奨（買い目+2点）', 'tenji_trigger': '展示確認: ヒモ分散レース。1号艇伸び確認後、広めのヒモ流しを採用。穴ヒモ（5・6号艇）を積極的に含める。'}",,,35.3,両建て推奨,21.82,31.4,4,,,,,,,,,,,
2025-10-24,丸亀,6,3,浜野孝志,A2,40.63,3,,12.8243,25.4,97,65.1,0.156,3.127,,,0,低,118,0,-,311344,0,42.2,0.9594,0,0,0.125,0.0312,0,0.2227,0.0485,0.1235,,,C,○,,0.3621,0.6235,,0.3391,C,42,0,荒れ傾向。高配当狙いか見送り,0.5777,"{'is_target': True, 'verdict': '参加推奨', 'max_combo_prob': 0.0709, 'est_top_odds': 18.8, 'circle_concentration': 67.8, 'eligible_count': 6, 'bet_adj': 2, 'reason': 'rel_win1=48.0%（本命度） / 最有力組み合わせ確率: 0.071（推定実オッズ?19倍） / 2着集中度: 上位2艇 67.8%（補正+0.00） / 総合判定確率: 0.071 / → ヒモ分散。1号艇1着固定で広めのヒモ流し推奨（買い目+2点）', 'tenji_trigger': '展示確認: ヒモ分散レース。1号艇伸び確認後、広めのヒモ流しを採用。穴ヒモ（5・6号艇）を積極的に含める。'}",,,35.3,両建て推奨,21.82,31.4,4,,,,,,,,,,,
2025-10-24,丸亀,6,4,石丸海渡,A1,34.48,4,△,14.1269,20.2,100,70,0.1207,2.15,,,0,低,26,0,差0% ま0%,31311,0,63.8,0.9821,0,0.05,0.25,0,0,0.0792,0.0125,0,,◎,D,◎,◎,0.532,0.687,0.352,0.3391,C,42,0,荒れ傾向。高配当狙いか見送り,0.5777,"{'is_target': True, 'verdict': '参加推奨', 'max_combo_prob': 0.0709, 'est_top_odds': 18.8, 'circle_concentration': 67.8, 'eligible_count': 6, 'bet_adj': 2, 'reason': 'rel_win1=48.0%（本命度） / 最有力組み合わせ確率: 0.071（推定実オッズ?19倍） / 2着集中度: 上位2艇 67.8%（補正+0.00） / 総合判定確率: 0.071 / → ヒモ分散。1号艇1着固定で広めのヒモ流し推奨（買い目+2点）', 'tenji_trigger': '展示確認: ヒモ分散レース。1号艇伸び確認後、広めのヒモ流しを採用。穴ヒモ（5・6号艇）を積極的に含める。'}",,,35.3,両建て推奨,21.82,31.4,4,,,,,,,,,,,
2025-10-24,丸亀,6,5,藤原　駿,B2,40.74,5,▲,6.841,10.1,58,0,0.12,4,,,0,低,51,1,-,665 66,0,26.5,0.7381,,,,,,,,,,○,C,,,0.4643,0.42,,0.3391,C,42,0,荒れ傾向。高配当狙いか見送り,0.5777,"{'is_target': True, 'verdict': '参加推奨', 'max_combo_prob': 0.0709, 'est_top_odds': 18.8, 'circle_concentration': 67.8, 'eligible_count': 6, 'bet_adj': 2, 'reason': 'rel_win1=48.0%（本命度） / 最有力組み合わせ確率: 0.071（推定実オッズ?19倍） / 2着集中度: 上位2艇 67.8%（補正+0.00） / 総合判定確率: 0.071 / → ヒモ分散。1号艇1着固定で広めのヒモ流し推奨（買い目+2点）', 'tenji_trigger': '展示確認: ヒモ分散レース。1号艇伸び確認後、広めのヒモ流しを採用。穴ヒモ（5・6号艇）を積極的に含める。'}",,,35.3,両建て推奨,21.82,31.4,4,,,,,,,,,,,
2025-10-24,丸亀,6,6,樋口喜彦,B1,47.83,6,○,3.5414,1.9,32,14.3,0.1436,3.0536,,,0,低,79,0,ま0%,44 35,0,30.3,0.8089,0,0,0.0667,0,0,0.25,0.3333,0.0833,,,A,△,,0.3749,0.5805,,0.3391,C,42,0,荒れ傾向。高配当狙いか見送り,0.5777,"{'is_target': True, 'verdict': '参加推奨', 'max_combo_prob': 0.0709, 'est_top_odds': 18.8, 'circle_concentration': 67.8, 'eligible_count': 6, 'bet_adj': 2, 'reason': 'rel_win1=48.0%（本命度） / 最有力組み合わせ確率: 0.071（推定実オッズ?19倍） / 2着集中度: 上位2艇 67.8%（補正+0.00） / 総合判定確率: 0.071 / → ヒモ分散。1号艇1着固定で広めのヒモ流し推奨（買い目+2点）', 'tenji_trigger': '展示確認: ヒモ分散レース。1号艇伸び確認後、広めのヒモ流しを採用。穴ヒモ（5・6号艇）を積極的に含める。'}",,,35.3,両建て推奨,21.82,31.4,4,,,,,,,,,,,
2025-10-24,丸亀,7,1,古賀繁輝,A2,55.17,1,◎,61.067,,0,94.8,0.1486,2.5776,,,0,低,54,0,逃0% 抜0%,252 42,0,85.6,1.2346,0.7308,,,,,0,0.0308,0.0308,◎,,A,○,,,0.664,,0.6096,S,100,0,◎1着固定 2-3着流し（5〜8点）,0.5777,"{'is_target': True, 'verdict': '参加推奨', 'max_combo_prob': 0.0703, 'est_top_odds': 19.0, 'circle_concentration': 57.5, 'eligible_count': 6, 'bet_adj': 2, 'reason': 'rel_win1=61.1%（本命度） / 最有力組み合わせ確率: 0.070（推定実オッズ?19倍） / 2着集中度: 上位2艇 57.5%（補正+0.00） / 総合判定確率: 0.070 / → ヒモ分散。1号艇1着固定で広めのヒモ流し推奨（買い目+2点）', 'tenji_trigger': '展示確認: ヒモ分散レース。1号艇伸び確認後、広めのヒモ流しを採用。穴ヒモ（5・6号艇）を積極的に含める。'}",,,26,逃げ狙い,18.71,21.9,5,,,,,0,0,0.7559,0,,逃げ軸流し,A
2025-10-24,丸亀,7,2,岩永節也,B1,29.63,2,,6.931,24,55,34.7,0.1712,3.7857,,,0,低,117,0,-,455 33,0,100,0.3634,,,,,,0.3647,0.2706,0.2471,,,C,,,0.1015,0.5985,,0.6096,S,100,0,◎1着固定 2-3着流し（5〜8点）,0.5777,"{'is_target': True, 'verdict': '参加推奨', 'max_combo_prob': 0.0703, 'est_top_odds': 19.0, 'circle_concentration': 57.5, 'eligible_count': 6, 'bet_adj': 2, 'reason': 'rel_win1=61.1%（本命度） / 最有力組み合わせ確率: 0.070（推定実オッズ?19倍） / 2着集中度: 上位2艇 57.5%（補正+0.00） / 総合判定確率: 0.070 / → ヒモ分散。1号艇1着固定で広めのヒモ流し推奨（買い目+2点）', 'tenji_trigger': '展示確認: ヒモ分散レース。1号艇伸び確認後、広めのヒモ流しを採用。穴ヒモ（5・6号艇）を積極的に含める。'}",,,26,逃げ狙い,18.71,21.9,5,,,,,,,,,,,
2025-10-24,丸亀,7,3,数原　魁,A2,15.79,3,△,12.0375,31.7,74,60.9,0.1607,3.4783,,,0,低,104,0,差0% 差ま0%,2 3625,0,53.8,1.184,0,0.0526,0,0.1053,0,0.0381,0.0762,0.2095,,,D,△,,0.2386,0.631,,0.6096,S,100,0,◎1着固定 2-3着流し（5〜8点）,0.5777,"{'is_target': True, 'verdict': '参加推奨', 'max_combo_prob': 0.0703, 'est_top_odds': 19.0, 'circle_concentration': 57.5, 'eligible_count': 6, 'bet_adj': 2, 'reason': 'rel_win1=61.1%（本命度） / 最有力組み合わせ確率: 0.070（推定実オッズ?19倍） / 2着集中度: 上位2艇 57.5%（補正+0.00） / 総合判定確率: 0.070 / → ヒモ分散。1号艇1着固定で広めのヒモ流し推奨（買い目+2点）', 'tenji_trigger': '展示確認: ヒモ分散レース。1号艇伸び確認後、広めのヒモ流しを採用。穴ヒモ（5・6号艇）を積極的に含める。'}",,,26,逃げ狙い,18.71,21.9,5,,,,,,,,,,,
2025-10-24,丸亀,7,4,飯田庄吾,B1,40.91,4,○,6.8482,11.6,64,35.9,0.1743,3.8585,,,0,低,145,0,-,4 3565,0,39.3,0.7826,0,0.0435,0.0435,0,0,0,0.2611,0.5833,,,B,△,,0.1862,0.6,,0.6096,S,100,0,◎1着固定 2-3着流し（5〜8点）,0.5777,"{'is_target': True, 'verdict': '参加推奨', 'max_combo_prob': 0.0703, 'est_top_odds': 19.0, 'circle_concentration': 57.5, 'eligible_count': 6, 'bet_adj': 2, 'reason': 'rel_win1=61.1%（本命度） / 最有力組み合わせ確率: 0.070（推定実オッズ?19倍） / 2着集中度: 上位2艇 57.5%（補正+0.00） / 総合判定確率: 0.070 / → ヒモ分散。1号艇1着固定で広めのヒモ流し推奨（買い目+2点）', 'tenji_trigger': '展示確認: ヒモ分散レース。1号艇伸び確認後、広めのヒモ流しを採用。穴ヒモ（5・6号艇）を積極的に含める。'}",,,26,逃げ狙い,18.71,21.9,5,,,,,,,,,,,
2025-10-24,丸亀,7,5,中澤和志,A1,15.79,5,▲,12.2066,25.9,100,71,0.1366,2.6184,,,0,低,46,0,ま0% 差ま0%,124111,0,27,2.1498,0,0,0.0435,0.1304,0,0.1099,0.1315,0.1207,,,D,◎,◎,0.3452,0.6735,0.5073,0.6096,S,100,0,◎1着固定 2-3着流し（5〜8点）,0.5777,"{'is_target': True, 'verdict': '参加推奨', 'max_combo_prob': 0.0703, 'est_top_odds': 19.0, 'circle_concentration': 57.5, 'eligible_count': 6, 'bet_adj': 2, 'reason': 'rel_win1=61.1%（本命度） / 最有力組み合わせ確率: 0.070（推定実オッズ?19倍） / 2着集中度: 上位2艇 57.5%（補正+0.00） / 総合判定確率: 0.070 / → ヒモ分散。1号艇1着固定で広めのヒモ流し推奨（買い目+2点）', 'tenji_trigger': '展示確認: ヒモ分散レース。1号艇伸び確認後、広めのヒモ流しを採用。穴ヒモ（5・6号艇）を積極的に含める。'}",,,26,逃げ狙い,18.71,21.9,5,,,,,,,,,,,
2025-10-24,丸亀,7,6,森口和紀,B2,15.00,6,,0.9098,6.9,56,13.2,0.1947,3.6981,,,0,低,98,0,-,F32 6,0,32.7,0.6572,,,,,,0,0.0923,0.1473,,,E,,,0.1641,0.5585,,0.6096,S,100,0,◎1着固定 2-3着流し（5〜8点）,0.5777,"{'is_target': True, 'verdict': '参加推奨', 'max_combo_prob': 0.0703, 'est_top_odds': 19.0, 'circle_concentration': 57.5, 'eligible_count': 6, 'bet_adj': 2, 'reason': 'rel_win1=61.1%（本命度） / 最有力組み合わせ確率: 0.070（推定実オッズ?19倍） / 2着集中度: 上位2艇 57.5%（補正+0.00） / 総合判定確率: 0.070 / → ヒモ分散。1号艇1着固定で広めのヒモ流し推奨（買い目+2点）', 'tenji_trigger': '展示確認: ヒモ分散レース。1号艇伸び確認後、広めのヒモ流しを採用。穴ヒモ（5・6号艇）を積極的に含める。'}",,,26,逃げ狙い,18.71,21.9,5,,,,,,,,,,,
2025-10-24,丸亀,8,1,深川真二,A1,26.32,1,◎,69.2365,,0,94.5,0.1223,2.6301,,,0,低,21,0,逃1%,234 13,0,95.5,1.316,0.7632,,,,,0.0105,0.1173,0.0211,◎,,D,△,,,0.6545,,0.6563,S,100,0,◎1着固定 2-3着流し（5〜8点）,0.5777,"{'is_target': True, 'verdict': '点数絞り', 'max_combo_prob': 0.138, 'est_top_odds': 9.7, 'circle_concentration': 72.7, 'eligible_count': 6, 'bet_adj': 0, 'reason': 'rel_win1=69.2%（本命度） / 最有力組み合わせ確率: 0.138（推定実オッズ?10倍） / 2着集中度: 上位2艇 72.7%（補正+0.04） / 総合判定確率: 0.178 / → ヒモはやや固め。上位2艇以外を切ること', 'tenji_trigger': '展示確認: 1号艇伸び良→そのまま採用。悪→飛び組に差し替え。circle_pct上位2艇に絞り込むこと。\n展示で1号艇スタート超安定(0.122秒)→ヒモ固まり方向に注意'}",,,25.5,逃げ狙い,15,23.4,2,,,,,0,0,0.7559,0,,逃げ軸流し,A
2025-10-24,丸亀,8,2,松下一也,A1,19.23,2,,10.715,55.6,76,69,0.1219,2.2931,,,0,低,48,0,-,462 54,0,62.6,1.2891,0,0.037,0.0741,0,0.037,0.1726,0.0211,0.0316,,,E,○,,0.3155,0.675,,0.6563,S,100,0,◎1着固定 2-3着流し（5〜8点）,0.5777,"{'is_target': True, 'verdict': '点数絞り', 'max_combo_prob': 0.138, 'est_top_odds': 9.7, 'circle_concentration': 72.7, 'eligible_count': 6, 'bet_adj': 0, 'reason': 'rel_win1=69.2%（本命度） / 最有力組み合わせ確率: 0.138（推定実オッズ?10倍） / 2着集中度: 上位2艇 72.7%（補正+0.04） / 総合判定確率: 0.178 / → ヒモはやや固め。上位2艇以外を切ること', 'tenji_trigger': '展示確認: 1号艇伸び良→そのまま採用。悪→飛び組に差し替え。circle_pct上位2艇に絞り込むこと。\n展示で1号艇スタート超安定(0.122秒)→ヒモ固まり方向に注意'}",,,25.5,逃げ狙い,15,23.4,2,,,,,,,,,,,
2025-10-24,丸亀,8,3,福田　理,B1,33.33,3,○,6.591,11,100,38.5,0.1771,4.0615,,,0,低,126,0,ま0%,335 26,0,35.8,0.7704,0,0,0.0286,0.0286,0,0.1446,0.4967,0.1446,,,B,△,,0.108,0.594,,0.6563,S,100,0,◎1着固定 2-3着流し（5〜8点）,0.5777,"{'is_target': True, 'verdict': '点数絞り', 'max_combo_prob': 0.138, 'est_top_odds': 9.7, 'circle_concentration': 72.7, 'eligible_count': 6, 'bet_adj': 0, 'reason': 'rel_win1=69.2%（本命度） / 最有力組み合わせ確率: 0.138（推定実オッズ?10倍） / 2着集中度: 上位2艇 72.7%（補正+0.04） / 総合判定確率: 0.178 / → ヒモはやや固め。上位2艇以外を切ること', 'tenji_trigger': '展示確認: 1号艇伸び良→そのまま採用。悪→飛び組に差し替え。circle_pct上位2艇に絞り込むこと。\n展示で1号艇スタート超安定(0.122秒)→ヒモ固まり方向に注意'}",,,25.5,逃げ狙い,15,23.4,2,,,,,,,,,,,
2025-10-24,丸亀,8,4,藤田靖弘,A2,22.22,4,,6.6823,17.1,75,54.3,0.16,3.2429,,,0,低,111,0,差ま0%,32342,0,40.7,0.9198,0,0.0645,0,0.0968,0.0323,0.0533,0.115,0.0267,,,D,◎,◎,0.151,0.6755,0.3331,0.6563,S,100,0,◎1着固定 2-3着流し（5〜8点）,0.5777,"{'is_target': True, 'verdict': '点数絞り', 'max_combo_prob': 0.138, 'est_top_odds': 9.7, 'circle_concentration': 72.7, 'eligible_count': 6, 'bet_adj': 0, 'reason': 'rel_win1=69.2%（本命度） / 最有力組み合わせ確率: 0.138（推定実オッズ?10倍） / 2着集中度: 上位2艇 72.7%（補正+0.04） / 総合判定確率: 0.178 / → ヒモはやや固め。上位2艇以外を切ること', 'tenji_trigger': '展示確認: 1号艇伸び良→そのまま採用。悪→飛び組に差し替え。circle_pct上位2艇に絞り込むこと。\n展示で1号艇スタート超安定(0.122秒)→ヒモ固まり方向に注意'}",,,25.5,逃げ狙い,15,23.4,2,,,,,,,,,,,
2025-10-24,丸亀,8,5,中村守成,B1,59.38,5,▲,2.5182,14.7,36,27.5,0.1845,3.8478,,,0,低,159,0,-,2 564,0,32.5,0.7683,,,,,,0.08,0.289,0.123,,,A,,,0.137,0.591,,0.6563,S,100,0,◎1着固定 2-3着流し（5〜8点）,0.5777,"{'is_target': True, 'verdict': '点数絞り', 'max_combo_prob': 0.138, 'est_top_odds': 9.7, 'circle_concentration': 72.7, 'eligible_count': 6, 'bet_adj': 0, 'reason': 'rel_win1=69.2%（本命度） / 最有力組み合わせ確率: 0.138（推定実オッズ?10倍） / 2着集中度: 上位2艇 72.7%（補正+0.04） / 総合判定確率: 0.178 / → ヒモはやや固め。上位2艇以外を切ること', 'tenji_trigger': '展示確認: 1号艇伸び良→そのまま採用。悪→飛び組に差し替え。circle_pct上位2艇に絞り込むこと。\n展示で1号艇スタート超安定(0.122秒)→ヒモ固まり方向に注意'}",,,25.5,逃げ狙い,15,23.4,2,,,,,,,,,,,
2025-10-24,丸亀,8,6,向井田直,B1,27.27,6,△,4.257,1.6,68,24.2,0.1318,3.1667,,,0,低,29,0,-,F36 6,0,24.2,0.8686,0,0,0.1176,0,0,,,,,,C,,,0.2774,0.589,,0.6563,S,100,0,◎1着固定 2-3着流し（5〜8点）,0.5777,"{'is_target': True, 'verdict': '点数絞り', 'max_combo_prob': 0.138, 'est_top_odds': 9.7, 'circle_concentration': 72.7, 'eligible_count': 6, 'bet_adj': 0, 'reason': 'rel_win1=69.2%（本命度） / 最有力組み合わせ確率: 0.138（推定実オッズ?10倍） / 2着集中度: 上位2艇 72.7%（補正+0.04） / 総合判定確率: 0.178 / → ヒモはやや固め。上位2艇以外を切ること', 'tenji_trigger': '展示確認: 1号艇伸び良→そのまま採用。悪→飛び組に差し替え。circle_pct上位2艇に絞り込むこと。\n展示で1号艇スタート超安定(0.122秒)→ヒモ固まり方向に注意'}",,,25.5,逃げ狙い,15,23.4,2,,,,,,,,,,,
2025-10-24,丸亀,9,1,末永由楽,A1,27.59,1,◎,56.2222,,0,89.3,0.1231,2.48,,,0,低,68,0,逃1%,11221,0,81.2,0.9647,0.6216,,,,,0.0824,0.1649,0.0716,◎,,D,△,,,0.6295,,0.6041,A,75,0,◎-○軸 3着3〜4艇流し（10〜15点）,0.5777,"{'is_target': True, 'verdict': '点数絞り', 'max_combo_prob': 0.0826, 'est_top_odds': 16.1, 'circle_concentration': 71.6, 'eligible_count': 8, 'bet_adj': 0, 'reason': 'rel_win1=56.2%（本命度） / 最有力組み合わせ確率: 0.083（推定実オッズ?16倍） / 2着集中度: 上位2艇 71.6%（補正+0.04） / 総合判定確率: 0.123 / → ヒモはやや固め。上位2艇以外を切ること', 'tenji_trigger': '展示確認: 1号艇伸び良→そのまま採用。悪→飛び組に差し替え。circle_pct上位2艇に絞り込むこと。\n展示で1号艇スタート超安定(0.123秒)→ヒモ固まり方向に注意'}",,,27.8,逃げ狙い,16.95,28.4,2,,,,,0,0,0.7559,0,,逃げ軸流し,A
2025-10-24,丸亀,9,2,永田啓二,A1,35.71,2,○,16.4687,47.6,85,71.4,0.1271,2.7411,,,0,低,50,0,差1%,2 1512,0,48,0.6974,0,0.2174,0.0435,0,0,0.2783,0.0089,0.0267,,,C,◎,,0.32,0.688,,0.6041,A,75,0,◎-○軸 3着3〜4艇流し（10〜15点）,0.5777,"{'is_target': True, 'verdict': '点数絞り', 'max_combo_prob': 0.0826, 'est_top_odds': 16.1, 'circle_concentration': 71.6, 'eligible_count': 8, 'bet_adj': 0, 'reason': 'rel_win1=56.2%（本命度） / 最有力組み合わせ確率: 0.083（推定実オッズ?16倍） / 2着集中度: 上位2艇 71.6%（補正+0.04） / 総合判定確率: 0.123 / → ヒモはやや固め。上位2艇以外を切ること', 'tenji_trigger': '展示確認: 1号艇伸び良→そのまま採用。悪→飛び組に差し替え。circle_pct上位2艇に絞り込むこと。\n展示で1号艇スタート超安定(0.123秒)→ヒモ固まり方向に注意'}",,,27.8,逃げ狙い,16.95,28.4,2,,,,,,,,,,,
2025-10-24,丸亀,9,3,三好勇人,B1,38.71,3,▲,12.5856,24,98,62.9,0.1374,2.7823,,,0,低,88,0,-,1 5214,0,40.8,0.889,0,0.0357,0.0357,0.0357,0.0357,0.0133,0.16,0.0533,,,B,△,,0.2292,0.6185,,0.6041,A,75,0,◎-○軸 3着3〜4艇流し（10〜15点）,0.5777,"{'is_target': True, 'verdict': '点数絞り', 'max_combo_prob': 0.0826, 'est_top_odds': 16.1, 'circle_concentration': 71.6, 'eligible_count': 8, 'bet_adj': 0, 'reason': 'rel_win1=56.2%（本命度） / 最有力組み合わせ確率: 0.083（推定実オッズ?16倍） / 2着集中度: 上位2艇 71.6%（補正+0.04） / 総合判定確率: 0.123 / → ヒモはやや固め。上位2艇以外を切ること', 'tenji_trigger': '展示確認: 1号艇伸び良→そのまま採用。悪→飛び組に差し替え。circle_pct上位2艇に絞り込むこと。\n展示で1号艇スタート超安定(0.123秒)→ヒモ固まり方向に注意'}",,,27.8,逃げ狙い,16.95,28.4,2,,,,,,,,,,,
2025-10-24,丸亀,9,4,竹間隆晟,A1,42.86,4,△,7.1343,19.3,100,61.3,0.1735,2.871,,,0,低,83,0,-,265 21,0,44.4,0.8345,0,0,0.1053,0,0,0,0.12,0.08,,,A,,,0.1567,0.5415,,0.6041,A,75,0,◎-○軸 3着3〜4艇流し（10〜15点）,0.5777,"{'is_target': True, 'verdict': '点数絞り', 'max_combo_prob': 0.0826, 'est_top_odds': 16.1, 'circle_concentration': 71.6, 'eligible_count': 8, 'bet_adj': 0, 'reason': 'rel_win1=56.2%（本命度） / 最有力組み合わせ確率: 0.083（推定実オッズ?16倍） / 2着集中度: 上位2艇 71.6%（補正+0.04） / 総合判定確率: 0.123 / → ヒモはやや固め。上位2艇以外を切ること', 'tenji_trigger': '展示確認: 1号艇伸び良→そのまま採用。悪→飛び組に差し替え。circle_pct上位2艇に絞り込むこと。\n展示で1号艇スタート超安定(0.123秒)→ヒモ固まり方向に注意'}",,,27.8,逃げ狙い,16.95,28.4,2,,,,,,,,,,,
2025-10-24,丸亀,9,5,森　悠稀,A2,17.39,5,,3.6566,7.2,88,48.1,0.1319,2.8333,,,0,低,62,0,-,5 2352,0,22,0.499,0,0,0,0.0909,0,0.0552,0.0276,0.0552,,,E,○,,0.2903,0.6755,,0.6041,A,75,0,◎-○軸 3着3〜4艇流し（10〜15点）,0.5777,"{'is_target': True, 'verdict': '点数絞り', 'max_combo_prob': 0.0826, 'est_top_odds': 16.1, 'circle_concentration': 71.6, 'eligible_count': 8, 'bet_adj': 0, 'reason': 'rel_win1=56.2%（本命度） / 最有力組み合わせ確率: 0.083（推定実オッズ?16倍） / 2着集中度: 上位2艇 71.6%（補正+0.04） / 総合判定確率: 0.123 / → ヒモはやや固め。上位2艇以外を切ること', 'tenji_trigger': '展示確認: 1号艇伸び良→そのまま採用。悪→飛び組に差し替え。circle_pct上位2艇に絞り込むこと。\n展示で1号艇スタート超安定(0.123秒)→ヒモ固まり方向に注意'}",,,27.8,逃げ狙い,16.95,28.4,2,,,,,,,,,,,
2025-10-24,丸亀,9,6,島田一生,B1,28.57,6,,3.9326,1.9,38,16.7,0.1656,3.5104,,,0,低,101,0,-,6 352,0,29.7,0.9147,0,0,0.0556,0,0,0.1905,0.2857,0.0476,,,D,,,0.1795,0.569,,0.6041,A,75,0,◎-○軸 3着3〜4艇流し（10〜15点）,0.5777,"{'is_target': True, 'verdict': '点数絞り', 'max_combo_prob': 0.0826, 'est_top_odds': 16.1, 'circle_concentration': 71.6, 'eligible_count': 8, 'bet_adj': 0, 'reason': 'rel_win1=56.2%（本命度） / 最有力組み合わせ確率: 0.083（推定実オッズ?16倍） / 2着集中度: 上位2艇 71.6%（補正+0.04） / 総合判定確率: 0.123 / → ヒモはやや固め。上位2艇以外を切ること', 'tenji_trigger': '展示確認: 1号艇伸び良→そのまま採用。悪→飛び組に差し替え。circle_pct上位2艇に絞り込むこと。\n展示で1号艇スタート超安定(0.123秒)→ヒモ固まり方向に注意'}",,,27.8,逃げ狙い,16.95,28.4,2,,,,,,,,,,,
2025-10-24,丸亀,10,1,石丸海渡,A1,34.48,1,◎,55.6129,,0,95.2,0.1129,1.8651,,,0,低,26,0,逃1%,31311,0,58.6,1.0143,0.875,,,,,0.0792,0.0125,0,◎,,C,◎,,,0.687,,0.7968,S,85,0,◎1着固定 2-3着流し（5〜8点）,0.5777,"{'is_target': True, 'verdict': '参加推奨', 'max_combo_prob': 0.0813, 'est_top_odds': 16.4, 'circle_concentration': 63.7, 'eligible_count': 6, 'bet_adj': 2, 'reason': 'rel_win1=55.6%（本命度） / 最有力組み合わせ確率: 0.081（推定実オッズ?16倍） / 2着集中度: 上位2艇 63.7%（補正+0.00） / 総合判定確率: 0.081 / → ヒモ分散。1号艇1着固定で広めのヒモ流し推奨（買い目+2点）', 'tenji_trigger': '展示確認: ヒモ分散レース。1号艇伸び確認後、広めのヒモ流しを採用。穴ヒモ（5・6号艇）を積極的に含める。\n展示で1号艇スタート超安定(0.113秒)→ヒモ固まり方向に注意'}",,,28.7,逃げ狙い,26.44,22.8,2,,,,,0,0,0.7559,0,,逃げ軸流し,A
2025-10-24,丸亀,10,2,船岡洋一,A1,23.81,2,,17.6754,36,73,81,0.1481,3.1071,,,0,低,67,0,ま0%,152143,0,43.4,1.0459,0,0.2727,0.1364,0,0,0.0811,0.027,0.1081,,,E,△,,0.1102,0.6315,,0.7968,S,85,0,◎1着固定 2-3着流し（5〜8点）,0.5777,"{'is_target': True, 'verdict': '参加推奨', 'max_combo_prob': 0.0813, 'est_top_odds': 16.4, 'circle_concentration': 63.7, 'eligible_count': 6, 'bet_adj': 2, 'reason': 'rel_win1=55.6%（本命度） / 最有力組み合わせ確率: 0.081（推定実オッズ?16倍） / 2着集中度: 上位2艇 63.7%（補正+0.00） / 総合判定確率: 0.081 / → ヒモ分散。1号艇1着固定で広めのヒモ流し推奨（買い目+2点）', 'tenji_trigger': '展示確認: ヒモ分散レース。1号艇伸び確認後、広めのヒモ流しを採用。穴ヒモ（5・6号艇）を積極的に含める。\n展示で1号艇スタート超安定(0.113秒)→ヒモ固まり方向に注意'}",,,28.7,逃げ狙い,26.44,22.8,2,,,,,,,,,,,
2025-10-24,丸亀,10,3,石田章央,A2,37.93,3,○,12.169,27.8,48,67.2,0.1467,2.9609,,,0,低,127,0,差0% 差ま0% 抜0%,5 1236,0,42.7,1.2556,0,0.0345,0,0.1034,0.069,0.1022,0.0571,0.1022,,,C,○,,0.1235,0.652,,0.7968,S,85,0,◎1着固定 2-3着流し（5〜8点）,0.5777,"{'is_target': True, 'verdict': '参加推奨', 'max_combo_prob': 0.0813, 'est_top_odds': 16.4, 'circle_concentration': 63.7, 'eligible_count': 6, 'bet_adj': 2, 'reason': 'rel_win1=55.6%（本命度） / 最有力組み合わせ確率: 0.081（推定実オッズ?16倍） / 2着集中度: 上位2艇 63.7%（補正+0.00） / 総合判定確率: 0.081 / → ヒモ分散。1号艇1着固定で広めのヒモ流し推奨（買い目+2点）', 'tenji_trigger': '展示確認: ヒモ分散レース。1号艇伸び確認後、広めのヒモ流しを採用。穴ヒモ（5・6号艇）を積極的に含める。\n展示で1号艇スタート超安定(0.113秒)→ヒモ固まり方向に注意'}",,,28.7,逃げ狙い,26.44,22.8,2,,,,,,,,,,,
2025-10-24,丸亀,10,4,浜野孝志,A2,40.63,4,▲,8.9479,17.7,44,45.9,0.1516,3.1393,,,0,低,118,0,-,311344,0,32.6,0.9834,0,0.0333,0.1,0.0333,0,0.2227,0.0485,0.1235,,,B,,◎,0.1503,0.6235,0.3708,0.7968,S,85,0,◎1着固定 2-3着流し（5〜8点）,0.5777,"{'is_target': True, 'verdict': '参加推奨', 'max_combo_prob': 0.0813, 'est_top_odds': 16.4, 'circle_concentration': 63.7, 'eligible_count': 6, 'bet_adj': 2, 'reason': 'rel_win1=55.6%（本命度） / 最有力組み合わせ確率: 0.081（推定実オッズ?16倍） / 2着集中度: 上位2艇 63.7%（補正+0.00） / 総合判定確率: 0.081 / → ヒモ分散。1号艇1着固定で広めのヒモ流し推奨（買い目+2点）', 'tenji_trigger': '展示確認: ヒモ分散レース。1号艇伸び確認後、広めのヒモ流しを採用。穴ヒモ（5・6号艇）を積極的に含める。\n展示で1号艇スタート超安定(0.113秒)→ヒモ固まり方向に注意'}",,,28.7,逃げ狙い,26.44,22.8,2,,,,,,,,,,,
2025-10-24,丸亀,10,5,荒川健太,A2,41.38,5,△,3.9907,13.1,54,46,0.2003,4.3095,,,0,低,145,0,差ま0%,2 1333,0,35,1.2398,0,0,0,0.08,0,0,0.1957,0.0108,,,B,,,0.1163,0.5905,,0.7968,S,85,0,◎1着固定 2-3着流し（5〜8点）,0.5777,"{'is_target': True, 'verdict': '参加推奨', 'max_combo_prob': 0.0813, 'est_top_odds': 16.4, 'circle_concentration': 63.7, 'eligible_count': 6, 'bet_adj': 2, 'reason': 'rel_win1=55.6%（本命度） / 最有力組み合わせ確率: 0.081（推定実オッズ?16倍） / 2着集中度: 上位2艇 63.7%（補正+0.00） / 総合判定確率: 0.081 / → ヒモ分散。1号艇1着固定で広めのヒモ流し推奨（買い目+2点）', 'tenji_trigger': '展示確認: ヒモ分散レース。1号艇伸び確認後、広めのヒモ流しを採用。穴ヒモ（5・6号艇）を積極的に含める。\n展示で1号艇スタート超安定(0.113秒)→ヒモ固まり方向に注意'}",,,28.7,逃げ狙い,26.44,22.8,2,,,,,,,,,,,
2025-10-24,丸亀,10,6,尾嶋一広,A1,37.93,6,,1.6042,5.5,100,59,0.1603,3.0513,,,0,低,99,0,-,1 1524,0,100,2.1942,,,,,,0.0541,0.0541,0.1081,,,C,△,,0.1617,0.6515,,0.7968,S,85,0,◎1着固定 2-3着流し（5〜8点）,0.5777,"{'is_target': True, 'verdict': '参加推奨', 'max_combo_prob': 0.0813, 'est_top_odds': 16.4, 'circle_concentration': 63.7, 'eligible_count': 6, 'bet_adj': 2, 'reason': 'rel_win1=55.6%（本命度） / 最有力組み合わせ確率: 0.081（推定実オッズ?16倍） / 2着集中度: 上位2艇 63.7%（補正+0.00） / 総合判定確率: 0.081 / → ヒモ分散。1号艇1着固定で広めのヒモ流し推奨（買い目+2点）', 'tenji_trigger': '展示確認: ヒモ分散レース。1号艇伸び確認後、広めのヒモ流しを採用。穴ヒモ（5・6号艇）を積極的に含める。\n展示で1号艇スタート超安定(0.113秒)→ヒモ固まり方向に注意'}",,,28.7,逃げ狙い,26.44,22.8,2,,,,,,,,,,,
2025-10-24,丸亀,11,1,中澤和志,A1,15.79,1,◎,51.4067,,0,93.8,0.1506,2.7923,,,0,低,46,0,逃1% 抜0%,124111,0,80.4,0.9882,0.5676,,,,,0.1099,0.1315,0.1207,◎,,E,◎,,,0.6735,,0.4956,A,77,0,◎-○軸 3着3〜4艇流し（10〜15点）,0.5777,"{'is_target': True, 'verdict': '参加推奨', 'max_combo_prob': 0.0613, 'est_top_odds': 21.8, 'circle_concentration': 66.1, 'eligible_count': 8, 'bet_adj': 2, 'reason': 'rel_win1=51.4%（本命度） / 最有力組み合わせ確率: 0.061（推定実オッズ?22倍） / 2着集中度: 上位2艇 66.1%（補正+0.00） / 総合判定確率: 0.061 / → ヒモ分散。1号艇1着固定で広めのヒモ流し推奨（買い目+2点）', 'tenji_trigger': '展示確認: ヒモ分散レース。1号艇伸び確認後、広めのヒモ流しを採用。穴ヒモ（5・6号艇）を積極的に含める。'}",,,32.4,逃げ狙い,30.61,29.8,4,,,,,0,0,0.7559,0,,逃げ軸流し,A
2025-10-24,丸亀,11,2,深川真二,A1,26.32,2,,16.2571,44.5,67,69.8,0.1304,2.5849,,,0,低,21,0,差0%,234 13,0,73.2,0.9105,0,0.1786,0.0357,0,0,0.0105,0.1173,0.0211,,◎,E,△,,0.5572,0.6545,,0.4956,A,77,0,◎-○軸 3着3〜4艇流し（10〜15点）,0.5777,"{'is_target': True, 'verdict': '参加推奨', 'max_combo_prob': 0.0613, 'est_top_odds': 21.8, 'circle_concentration': 66.1, 'eligible_count': 8, 'bet_adj': 2, 'reason': 'rel_win1=51.4%（本命度） / 最有力組み合わせ確率: 0.061（推定実オッズ?22倍） / 2着集中度: 上位2艇 66.1%（補正+0.00） / 総合判定確率: 0.061 / → ヒモ分散。1号艇1着固定で広めのヒモ流し推奨（買い目+2点）', 'tenji_trigger': '展示確認: ヒモ分散レース。1号艇伸び確認後、広めのヒモ流しを採用。穴ヒモ（5・6号艇）を積極的に含める。'}",,,32.4,逃げ狙い,30.61,29.8,4,,,,,,,,,,,
2025-10-24,丸亀,11,3,山崎　祥,B1,45.16,3,,11.226,21.7,100,58.7,0.1707,3.3043,,,0,低,131,0,ま0% 差ま0%,44333,0,40.7,1.1129,0,0,0.1364,0.0909,0,0.3238,0,0.0667,,,B,,,0.2274,0.5955,,0.4956,A,77,0,◎-○軸 3着3〜4艇流し（10〜15点）,0.5777,"{'is_target': True, 'verdict': '参加推奨', 'max_combo_prob': 0.0613, 'est_top_odds': 21.8, 'circle_concentration': 66.1, 'eligible_count': 8, 'bet_adj': 2, 'reason': 'rel_win1=51.4%（本命度） / 最有力組み合わせ確率: 0.061（推定実オッズ?22倍） / 2着集中度: 上位2艇 66.1%（補正+0.00） / 総合判定確率: 0.061 / → ヒモ分散。1号艇1着固定で広めのヒモ流し推奨（買い目+2点）', 'tenji_trigger': '展示確認: ヒモ分散レース。1号艇伸び確認後、広めのヒモ流しを採用。穴ヒモ（5・6号艇）を積極的に含める。'}",,,32.4,逃げ狙い,30.61,29.8,4,,,,,,,,,,,
2025-10-24,丸亀,11,4,渡邉　健,A2,41.94,4,▲,13.8619,12.9,87,56,0.131,2.73,,,0,低,89,0,ま0% 差ま0%,126315,0,82.6,1.3474,0,0,0.1538,0.1154,0,0.1304,0.1304,0.087,,○,C,,◎,0.4186,0.589,0.3887,0.4956,A,77,0,◎-○軸 3着3〜4艇流し（10〜15点）,0.5777,"{'is_target': True, 'verdict': '参加推奨', 'max_combo_prob': 0.0613, 'est_top_odds': 21.8, 'circle_concentration': 66.1, 'eligible_count': 8, 'bet_adj': 2, 'reason': 'rel_win1=51.4%（本命度） / 最有力組み合わせ確率: 0.061（推定実オッズ?22倍） / 2着集中度: 上位2艇 66.1%（補正+0.00） / 総合判定確率: 0.061 / → ヒモ分散。1号艇1着固定で広めのヒモ流し推奨（買い目+2点）', 'tenji_trigger': '展示確認: ヒモ分散レース。1号艇伸び確認後、広めのヒモ流しを採用。穴ヒモ（5・6号艇）を積極的に含める。'}",,,32.4,逃げ狙い,30.61,29.8,4,,,,,,,,,,,
2025-10-24,丸亀,11,5,木下大將,B1,48.28,5,△,2.8713,15.2,87,47.5,0.1434,3.5656,,,0,低,82,0,抜0%,1 2123,0,29.6,1.2505,0,0,0,0,0.0417,0.1053,0.0526,0.0526,,,B,△,,0.351,0.6535,,0.4956,A,77,0,◎-○軸 3着3〜4艇流し（10〜15点）,0.5777,"{'is_target': True, 'verdict': '参加推奨', 'max_combo_prob': 0.0613, 'est_top_odds': 21.8, 'circle_concentration': 66.1, 'eligible_count': 8, 'bet_adj': 2, 'reason': 'rel_win1=51.4%（本命度） / 最有力組み合わせ確率: 0.061（推定実オッズ?22倍） / 2着集中度: 上位2艇 66.1%（補正+0.00） / 総合判定確率: 0.061 / → ヒモ分散。1号艇1着固定で広めのヒモ流し推奨（買い目+2点）', 'tenji_trigger': '展示確認: ヒモ分散レース。1号艇伸び確認後、広めのヒモ流しを採用。穴ヒモ（5・6号艇）を積極的に含める。'}",,,32.4,逃げ狙い,30.61,29.8,4,,,,,,,,,,,
2025-10-24,丸亀,11,6,古賀繁輝,A2,55.17,6,○,4.377,5.8,99,60,0.16,3.75,,,0,低,54,0,-,252 42,0,31.5,0.9294,0,0,0.1176,0.0588,0,0,0.0308,0.0308,,,A,○,○,0.2971,0.664,0.2234,0.4956,A,77,0,◎-○軸 3着3〜4艇流し（10〜15点）,0.5777,"{'is_target': True, 'verdict': '参加推奨', 'max_combo_prob': 0.0613, 'est_top_odds': 21.8, 'circle_concentration': 66.1, 'eligible_count': 8, 'bet_adj': 2, 'reason': 'rel_win1=51.4%（本命度） / 最有力組み合わせ確率: 0.061（推定実オッズ?22倍） / 2着集中度: 上位2艇 66.1%（補正+0.00） / 総合判定確率: 0.061 / → ヒモ分散。1号艇1着固定で広めのヒモ流し推奨（買い目+2点）', 'tenji_trigger': '展示確認: ヒモ分散レース。1号艇伸び確認後、広めのヒモ流しを採用。穴ヒモ（5・6号艇）を積極的に含める。'}",,,32.4,逃げ狙い,30.61,29.8,4,,,,,,,,,,,
2025-10-24,丸亀,12,1,星野太郎,B1,35.71,1,◎,60.718,,0,88.4,0.1491,3.0507,,,0,低,157,0,逃1%,141 44,0,81.4,0.9716,0.5,,,,,0.0333,0.0667,0.25,◎,,A,△,,,0.63,,0.5693,S,84,0,◎1着固定 2-3着流し（5〜8点）,0.5777,"{'is_target': True, 'verdict': '参加推奨', 'max_combo_prob': 0.0873, 'est_top_odds': 15.3, 'circle_concentration': 65.2, 'eligible_count': 6, 'bet_adj': 2, 'reason': 'rel_win1=60.7%（本命度） / 最有力組み合わせ確率: 0.087（推定実オッズ?15倍） / 2着集中度: 上位2艇 65.2%（補正+0.00） / 総合判定確率: 0.087 / → ヒモ分散。1号艇1着固定で広めのヒモ流し推奨（買い目+2点）', 'tenji_trigger': '展示確認: ヒモ分散レース。1号艇伸び確認後、広めのヒモ流しを採用。穴ヒモ（5・6号艇）を積極的に含める。'}",,,23.5,逃げ狙い,21.04,27,4,,,,,0,0,0.7559,0,,逃げ軸流し,A
2025-10-24,丸亀,12,2,藤田靖弘,A2,22.22,2,▲,10.3713,42.4,73,65.4,0.1498,3.2284,,,0,低,111,0,-,32342,0,48.3,0.861,0,0.0976,0.0488,0,0,0.0533,0.115,0.0267,,,D,◎,,0.3179,0.6755,,0.5693,S,84,0,◎1着固定 2-3着流し（5〜8点）,0.5777,"{'is_target': True, 'verdict': '参加推奨', 'max_combo_prob': 0.0873, 'est_top_odds': 15.3, 'circle_concentration': 65.2, 'eligible_count': 6, 'bet_adj': 2, 'reason': 'rel_win1=60.7%（本命度） / 最有力組み合わせ確率: 0.087（推定実オッズ?15倍） / 2着集中度: 上位2艇 65.2%（補正+0.00） / 総合判定確率: 0.087 / → ヒモ分散。1号艇1着固定で広めのヒモ流し推奨（買い目+2点）', 'tenji_trigger': '展示確認: ヒモ分散レース。1号艇伸び確認後、広めのヒモ流しを採用。穴ヒモ（5・6号艇）を積極的に含める。'}",,,23.5,逃げ狙い,21.04,27,4,,,,,,,,,,,
2025-10-24,丸亀,12,3,三原　司,B1,11.76,3,,8.3805,22.8,57,51.9,0.1794,3.9416,,,0,低,167,0,-,243 45,0,23.8,0.8252,0,0,0.0571,0.0286,0,0.2452,0.2071,0.0571,,,E,,,0.1439,0.624,,0.5693,S,84,0,◎1着固定 2-3着流し（5〜8点）,0.5777,"{'is_target': True, 'verdict': '参加推奨', 'max_combo_prob': 0.0873, 'est_top_odds': 15.3, 'circle_concentration': 65.2, 'eligible_count': 6, 'bet_adj': 2, 'reason': 'rel_win1=60.7%（本命度） / 最有力組み合わせ確率: 0.087（推定実オッズ?15倍） / 2着集中度: 上位2艇 65.2%（補正+0.00） / 総合判定確率: 0.087 / → ヒモ分散。1号艇1着固定で広めのヒモ流し推奨（買い目+2点）', 'tenji_trigger': '展示確認: ヒモ分散レース。1号艇伸び確認後、広めのヒモ流しを採用。穴ヒモ（5・6号艇）を積極的に含める。'}",,,23.5,逃げ狙い,21.04,27,4,,,,,,,,,,,
2025-10-24,丸亀,12,4,数原　魁,A2,15.79,4,,9.4659,20.2,59,52.1,0.1698,3.3021,,,0,低,104,0,ま0% 差ま0%,2 3625,0,64.9,1.1215,0,0,0.0909,0.0455,0,0.0381,0.0762,0.2095,,,E,△,◎,0.2313,0.631,0.2911,0.5693,S,84,0,◎1着固定 2-3着流し（5〜8点）,0.5777,"{'is_target': True, 'verdict': '参加推奨', 'max_combo_prob': 0.0873, 'est_top_odds': 15.3, 'circle_concentration': 65.2, 'eligible_count': 6, 'bet_adj': 2, 'reason': 'rel_win1=60.7%（本命度） / 最有力組み合わせ確率: 0.087（推定実オッズ?15倍） / 2着集中度: 上位2艇 65.2%（補正+0.00） / 総合判定確率: 0.087 / → ヒモ分散。1号艇1着固定で広めのヒモ流し推奨（買い目+2点）', 'tenji_trigger': '展示確認: ヒモ分散レース。1号艇伸び確認後、広めのヒモ流しを採用。穴ヒモ（5・6号艇）を積極的に含める。'}",,,23.5,逃げ狙い,21.04,27,4,,,,,,,,,,,
2025-10-24,丸亀,12,5,重冨勇哉,B1,30.00,5,△,6.4258,10,79,36.6,0.1856,3.3659,,,0,低,99,0,-,5 243,0,76.7,1.254,0,0.0417,0,0,0,0.3242,0.0632,0.2042,,,C,,,0.1744,0.57,,0.5693,S,84,0,◎1着固定 2-3着流し（5〜8点）,0.5777,"{'is_target': True, 'verdict': '参加推奨', 'max_combo_prob': 0.0873, 'est_top_odds': 15.3, 'circle_concentration': 65.2, 'eligible_count': 6, 'bet_adj': 2, 'reason': 'rel_win1=60.7%（本命度） / 最有力組み合わせ確率: 0.087（推定実オッズ?15倍） / 2着集中度: 上位2艇 65.2%（補正+0.00） / 総合判定確率: 0.087 / → ヒモ分散。1号艇1着固定で広めのヒモ流し推奨（買い目+2点）', 'tenji_trigger': '展示確認: ヒモ分散レース。1号艇伸び確認後、広めのヒモ流しを採用。穴ヒモ（5・6号艇）を積極的に含める。'}",,,23.5,逃げ狙い,21.04,27,4,,,,,,,,,,,
2025-10-24,丸亀,12,6,今泉友吾,A1,33.33,6,○,4.6384,4.6,100,52.1,0.1625,3.7083,,,0,低,77,0,-,F44 2,0,38,0.9794,,,,,,0.0211,0.0211,0.3842,,,B,○,,0.2812,0.634,,0.5693,S,84,0,◎1着固定 2-3着流し（5〜8点）,0.5777,"{'is_target': True, 'verdict': '参加推奨', 'max_combo_prob': 0.0873, 'est_top_odds': 15.3, 'circle_concentration': 65.2, 'eligible_count': 6, 'bet_adj': 2, 'reason': 'rel_win1=60.7%（本命度） / 最有力組み合わせ確率: 0.087（推定実オッズ?15倍） / 2着集中度: 上位2艇 65.2%（補正+0.00） / 総合判定確率: 0.087 / → ヒモ分散。1号艇1着固定で広めのヒモ流し推奨（買い目+2点）', 'tenji_trigger': '展示確認: ヒモ分散レース。1号艇伸び確認後、広めのヒモ流しを採用。穴ヒモ（5・6号艇）を積極的に含める。'}",,,23.5,逃げ狙い,21.04,27,4,,,,,,,,,,,
2025-10-25,丸亀,1,1,島田一生,B1,28.57,1,◎,60.2487,,0,81.6,0.1484,2.8421,,,0,低,101,0,逃0%,6 352,0,79,0.9106,0.381,,,,,0.1905,0.2857,0.0476,◎,,D,,,,0.569,,0.5361,A,67,0,◎-○軸 3着3〜4艇流し（10〜15点）,0.5777,"{'is_target': True, 'verdict': '参加推奨', 'max_combo_prob': 0.064, 'est_top_odds': 20.8, 'circle_concentration': 62.2, 'eligible_count': 8, 'bet_adj': 2, 'reason': 'rel_win1=60.2%（本命度） / 最有力組み合わせ確率: 0.064（推定実オッズ?21倍） / 2着集中度: 上位2艇 62.2%（補正+0.00） / 総合判定確率: 0.064 / → ヒモ分散。1号艇1着固定で広めのヒモ流し推奨（買い目+2点）', 'tenji_trigger': '展示確認: ヒモ分散レース。1号艇伸び確認後、広めのヒモ流しを採用。穴ヒモ（5・6号艇）を積極的に含める。'}",,,27.1,逃げ狙い,7.07,35,2,,,,,0,0,0.7559,0,,逃げ軸流し,A
2025-10-25,丸亀,1,2,山田和佐,B1,34.48,2,○,11.3717,35.1,100,45.2,0.164,3.6774,,,0,低,130,0,ま0%,5 661,0,50.7,0.8991,0,0.0294,0.0294,0,0,0.1769,0.0308,0.1923,,,C,△,,0.1778,0.5895,,0.5361,A,67,0,◎-○軸 3着3〜4艇流し（10〜15点）,0.5777,"{'is_target': True, 'verdict': '参加推奨', 'max_combo_prob': 0.064, 'est_top_odds': 20.8, 'circle_concentration': 62.2, 'eligible_count': 8, 'bet_adj': 2, 'reason': 'rel_win1=60.2%（本命度） / 最有力組み合わせ確率: 0.064（推定実オッズ?21倍） / 2着集中度: 上位2艇 62.2%（補正+0.00） / 総合判定確率: 0.064 / → ヒモ分散。1号艇1着固定で広めのヒモ流し推奨（買い目+2点）', 'tenji_trigger': '展示確認: ヒモ分散レース。1号艇伸び確認後、広めのヒモ流しを採用。穴ヒモ（5・6号艇）を積極的に含める。'}",,,27.1,逃げ狙い,7.07,35,2,,,,,,,,,,,
2025-10-25,丸亀,1,3,中村守成,B1,59.38,3,▲,8.5887,24.8,76,37.5,0.1986,3.6607,,,0,低,159,0,差ま0%,2 564,0,62.9,0.7558,0,0,0,0.0435,0,0.08,0.289,0.123,,,A,○,,0.1485,0.591,,0.5361,A,67,0,◎-○軸 3着3〜4艇流し（10〜15点）,0.5777,"{'is_target': True, 'verdict': '参加推奨', 'max_combo_prob': 0.064, 'est_top_odds': 20.8, 'circle_concentration': 62.2, 'eligible_count': 8, 'bet_adj': 2, 'reason': 'rel_win1=60.2%（本命度） / 最有力組み合わせ確率: 0.064（推定実オッズ?21倍） / 2着集中度: 上位2艇 62.2%（補正+0.00） / 総合判定確率: 0.064 / → ヒモ分散。1号艇1着固定で広めのヒモ流し推奨（買い目+2点）', 'tenji_trigger': '展示確認: ヒモ分散レース。1号艇伸び確認後、広めのヒモ流しを採用。穴ヒモ（5・6号艇）を積極的に含める。'}",,,27.1,逃げ狙い,7.07,35,2,,,,,,,,,,,
2025-10-25,丸亀,1,4,小林基樹,B1,21.05,4,,10.0314,27.1,92,44,0.2232,4.96,,,0,低,167,0,ま0% 抜0%,4 656,0,44.1,1.02,0,0,0.0556,0,0.0556,0.2727,0.2727,0.0909,,,E,△,,0.1591,0.5755,,0.5361,A,67,0,◎-○軸 3着3〜4艇流し（10〜15点）,0.5777,"{'is_target': True, 'verdict': '参加推奨', 'max_combo_prob': 0.064, 'est_top_odds': 20.8, 'circle_concentration': 62.2, 'eligible_count': 8, 'bet_adj': 2, 'reason': 'rel_win1=60.2%（本命度） / 最有力組み合わせ確率: 0.064（推定実オッズ?21倍） / 2着集中度: 上位2艇 62.2%（補正+0.00） / 総合判定確率: 0.064 / → ヒモ分散。1号艇1着固定で広めのヒモ流し推奨（買い目+2点）', 'tenji_trigger': '展示確認: ヒモ分散レース。1号艇伸び確認後、広めのヒモ流しを採用。穴ヒモ（5・6号艇）を積極的に含める。'}",,,27.1,逃げ狙い,7.07,35,2,,,,,,,,,,,
2025-10-25,丸亀,1,5,吉原快誓,B2,60.00,5,△,8.4451,11.6,75,0,0.32,5,,,0,低,37,1,-,6 666,0,23.2,0.835,,,,,,,,,,,A,,,0.1806,0.5335,,0.5361,A,67,0,◎-○軸 3着3〜4艇流し（10〜15点）,0.5777,"{'is_target': True, 'verdict': '参加推奨', 'max_combo_prob': 0.064, 'est_top_odds': 20.8, 'circle_concentration': 62.2, 'eligible_count': 8, 'bet_adj': 2, 'reason': 'rel_win1=60.2%（本命度） / 最有力組み合わせ確率: 0.064（推定実オッズ?21倍） / 2着集中度: 上位2艇 62.2%（補正+0.00） / 総合判定確率: 0.064 / → ヒモ分散。1号艇1着固定で広めのヒモ流し推奨（買い目+2点）', 'tenji_trigger': '展示確認: ヒモ分散レース。1号艇伸び確認後、広めのヒモ流しを採用。穴ヒモ（5・6号艇）を積極的に含める。'}",,,27.1,逃げ狙い,7.07,35,2,,,,,,,,,,,
2025-10-25,丸亀,1,6,福田　理,B1,33.33,6,,1.3143,1.4,61,25.6,0.1682,4.1026,,,0,低,126,0,-,335 26,0,26.4,1.0511,,,,,,0.1446,0.4967,0.1446,,,D,◎,,0.2899,0.594,,0.5361,A,67,0,◎-○軸 3着3〜4艇流し（10〜15点）,0.5777,"{'is_target': True, 'verdict': '参加推奨', 'max_combo_prob': 0.064, 'est_top_odds': 20.8, 'circle_concentration': 62.2, 'eligible_count': 8, 'bet_adj': 2, 'reason': 'rel_win1=60.2%（本命度） / 最有力組み合わせ確率: 0.064（推定実オッズ?21倍） / 2着集中度: 上位2艇 62.2%（補正+0.00） / 総合判定確率: 0.064 / → ヒモ分散。1号艇1着固定で広めのヒモ流し推奨（買い目+2点）', 'tenji_trigger': '展示確認: ヒモ分散レース。1号艇伸び確認後、広めのヒモ流しを採用。穴ヒモ（5・6号艇）を積極的に含める。'}",,,27.1,逃げ狙い,7.07,35,2,,,,,,,,,,,
2025-10-25,丸亀,2,1,森　悠稀,A2,17.39,1,◎,53.0011,,0,88.3,0.1483,2.9333,,,0,低,62,0,逃1%,5 2352,0,67.5,0.9454,0.5862,,,,,0.0552,0.0276,0.0552,◎,,E,◎,,,0.6755,,0.5382,S,82,0,◎1着固定 2-3着流し（5〜8点）,0.5777,"{'is_target': True, 'verdict': '参加推奨', 'max_combo_prob': 0.0532, 'est_top_odds': 25.1, 'circle_concentration': 61.0, 'eligible_count': 6, 'bet_adj': 2, 'reason': 'rel_win1=53.0%（本命度） / 最有力組み合わせ確率: 0.053（推定実オッズ?25倍） / 2着集中度: 上位2艇 61.0%（補正+0.00） / 総合判定確率: 0.053 / → ヒモ分散。1号艇1着固定で広めのヒモ流し推奨（買い目+2点）', 'tenji_trigger': '展示確認: ヒモ分散レース。1号艇伸び確認後、広めのヒモ流しを採用。穴ヒモ（5・6号艇）を積極的に含める。'}",,,24.6,逃げ狙い,10.82,24.4,2,,,,,0,0,0.7559,0,,逃げ軸流し,A
2025-10-25,丸亀,2,2,後藤　浩,B1,70.97,2,○,13.5692,27,80,49.1,0.1846,4.2797,,,0,低,120,0,差0%,3 263,0,37,0.7424,0,0.0714,0,0,0,0.0556,0.2222,0,,,A,○,,0.0735,0.6325,,0.5382,S,82,0,◎1着固定 2-3着流し（5〜8点）,0.5777,"{'is_target': True, 'verdict': '参加推奨', 'max_combo_prob': 0.0532, 'est_top_odds': 25.1, 'circle_concentration': 61.0, 'eligible_count': 6, 'bet_adj': 2, 'reason': 'rel_win1=53.0%（本命度） / 最有力組み合わせ確率: 0.053（推定実オッズ?25倍） / 2着集中度: 上位2艇 61.0%（補正+0.00） / 総合判定確率: 0.053 / → ヒモ分散。1号艇1着固定で広めのヒモ流し推奨（買い目+2点）', 'tenji_trigger': '展示確認: ヒモ分散レース。1号艇伸び確認後、広めのヒモ流しを採用。穴ヒモ（5・6号艇）を積極的に含める。'}",,,24.6,逃げ狙い,10.82,24.4,2,,,,,,,,,,,
2025-10-25,丸亀,2,3,花本　剛,B1,42.86,3,▲,13.8292,34,100,54.2,0.176,3.6181,,,0,低,176,0,-,464 16,0,89,1.7796,0,0,0.0278,0,0.0278,0.2077,0.1615,0.1769,,,B,,,0.1469,0.5575,,0.5382,S,82,0,◎1着固定 2-3着流し（5〜8点）,0.5777,"{'is_target': True, 'verdict': '参加推奨', 'max_combo_prob': 0.0532, 'est_top_odds': 25.1, 'circle_concentration': 61.0, 'eligible_count': 6, 'bet_adj': 2, 'reason': 'rel_win1=53.0%（本命度） / 最有力組み合わせ確率: 0.053（推定実オッズ?25倍） / 2着集中度: 上位2艇 61.0%（補正+0.00） / 総合判定確率: 0.053 / → ヒモ分散。1号艇1着固定で広めのヒモ流し推奨（買い目+2点）', 'tenji_trigger': '展示確認: ヒモ分散レース。1号艇伸び確認後、広めのヒモ流しを採用。穴ヒモ（5・6号艇）を積極的に含める。'}",,,24.6,逃げ狙い,10.82,24.4,2,,,,,,,,,,,
2025-10-25,丸亀,2,4,星野太郎,B1,35.71,4,,9.1402,16.4,78,46.4,0.1879,3.8571,,,0,低,157,0,ま0% 差ま0%,141 44,0,46,1.0291,0,0,0.0476,0.0476,0,0.0333,0.0667,0.25,,,C,△,,0.1423,0.63,,0.5382,S,82,0,◎1着固定 2-3着流し（5〜8点）,0.5777,"{'is_target': True, 'verdict': '参加推奨', 'max_combo_prob': 0.0532, 'est_top_odds': 25.1, 'circle_concentration': 61.0, 'eligible_count': 6, 'bet_adj': 2, 'reason': 'rel_win1=53.0%（本命度） / 最有力組み合わせ確率: 0.053（推定実オッズ?25倍） / 2着集中度: 上位2艇 61.0%（補正+0.00） / 総合判定確率: 0.053 / → ヒモ分散。1号艇1着固定で広めのヒモ流し推奨（買い目+2点）', 'tenji_trigger': '展示確認: ヒモ分散レース。1号艇伸び確認後、広めのヒモ流しを採用。穴ヒモ（5・6号艇）を積極的に含める。'}",,,24.6,逃げ狙い,10.82,24.4,2,,,,,,,,,,,
2025-10-25,丸亀,2,5,重富伸也,B1,26.67,5,△,9.3061,16.9,53,39.2,0.1682,3.5784,,,0,低,124,0,ま0%,5 141,0,23.7,0.7986,0,0,0.1667,0.0417,0,0.0615,0,0.3231,,,D,△,◎,0.2656,0.6085,0.3263,0.5382,S,82,0,◎1着固定 2-3着流し（5〜8点）,0.5777,"{'is_target': True, 'verdict': '参加推奨', 'max_combo_prob': 0.0532, 'est_top_odds': 25.1, 'circle_concentration': 61.0, 'eligible_count': 6, 'bet_adj': 2, 'reason': 'rel_win1=53.0%（本命度） / 最有力組み合わせ確率: 0.053（推定実オッズ?25倍） / 2着集中度: 上位2艇 61.0%（補正+0.00） / 総合判定確率: 0.053 / → ヒモ分散。1号艇1着固定で広めのヒモ流し推奨（買い目+2点）', 'tenji_trigger': '展示確認: ヒモ分散レース。1号艇伸び確認後、広めのヒモ流しを採用。穴ヒモ（5・6号艇）を積極的に含める。'}",,,24.6,逃げ狙い,10.82,24.4,2,,,,,,,,,,,
2025-10-25,丸亀,2,6,森口和紀,B2,15.00,6,,1.1542,5.7,60,13.2,0.1947,3.6981,,,0,低,98,0,-,F32 6,0,23.7,0.6172,,,,,,0,0.0923,0.1473,,,E,,,0.165,0.5585,,0.5382,S,82,0,◎1着固定 2-3着流し（5〜8点）,0.5777,"{'is_target': True, 'verdict': '参加推奨', 'max_combo_prob': 0.0532, 'est_top_odds': 25.1, 'circle_concentration': 61.0, 'eligible_count': 6, 'bet_adj': 2, 'reason': 'rel_win1=53.0%（本命度） / 最有力組み合わせ確率: 0.053（推定実オッズ?25倍） / 2着集中度: 上位2艇 61.0%（補正+0.00） / 総合判定確率: 0.053 / → ヒモ分散。1号艇1着固定で広めのヒモ流し推奨（買い目+2点）', 'tenji_trigger': '展示確認: ヒモ分散レース。1号艇伸び確認後、広めのヒモ流しを採用。穴ヒモ（5・6号艇）を積極的に含める。'}",,,24.6,逃げ狙い,10.82,24.4,2,,,,,,,,,,,
2025-10-25,丸亀,3,1,古賀繁輝,A2,55.17,1,◎,62.0985,,0,94.8,0.1486,2.5776,,,0,低,54,0,逃0% 抜0%,252 42,0,92.3,1.2385,0.7308,,,,,0,0.0308,0.0308,◎,,B,○,,,0.664,,0.6271,S,100,0,◎1着固定 2-3着流し（5〜8点）,0.5777,"{'is_target': True, 'verdict': '点数絞り', 'max_combo_prob': 0.0999, 'est_top_odds': 13.3, 'circle_concentration': 73.8, 'eligible_count': 6, 'bet_adj': 0, 'reason': 'rel_win1=62.1%（本命度） / 最有力組み合わせ確率: 0.100（推定実オッズ?13倍） / 2着集中度: 上位2艇 73.8%（補正+0.04） / 総合判定確率: 0.140 / → ヒモはやや固め。上位2艇以外を切ること', 'tenji_trigger': '展示確認: 1号艇伸び良→そのまま採用。悪→飛び組に差し替え。circle_pct上位2艇に絞り込むこと。'}",,,25.8,逃げ狙い,17.78,21.9,5,,,,,0,0,0.7559,0,,逃げ軸流し,A
2025-10-25,丸亀,3,2,樋口喜彦,B1,47.83,2,▲,9.966,40.7,28,36.5,0.1648,3.7596,,,0,低,79,0,差0% ま0%,44 35,0,21,0.6424,0,0.08,0.04,0,0,0.25,0.3333,0.0833,,,C,△,,0.1539,0.5805,,0.6271,S,100,0,◎1着固定 2-3着流し（5〜8点）,0.5777,"{'is_target': True, 'verdict': '点数絞り', 'max_combo_prob': 0.0999, 'est_top_odds': 13.3, 'circle_concentration': 73.8, 'eligible_count': 6, 'bet_adj': 0, 'reason': 'rel_win1=62.1%（本命度） / 最有力組み合わせ確率: 0.100（推定実オッズ?13倍） / 2着集中度: 上位2艇 73.8%（補正+0.04） / 総合判定確率: 0.140 / → ヒモはやや固め。上位2艇以外を切ること', 'tenji_trigger': '展示確認: 1号艇伸び良→そのまま採用。悪→飛び組に差し替え。circle_pct上位2艇に絞り込むこと。'}",,,25.8,逃げ狙い,17.78,21.9,5,,,,,,,,,,,
2025-10-25,丸亀,3,3,藤田靖弘,A2,22.22,3,△,11.4332,33.1,100,67.2,0.1469,2.8134,,,0,低,111,0,-,32342,0,50,1.1417,0,0,0.0556,0.0556,0,0.0533,0.115,0.0267,,,E,◎,,0.3004,0.6755,,0.6271,S,100,0,◎1着固定 2-3着流し（5〜8点）,0.5777,"{'is_target': True, 'verdict': '点数絞り', 'max_combo_prob': 0.0999, 'est_top_odds': 13.3, 'circle_concentration': 73.8, 'eligible_count': 6, 'bet_adj': 0, 'reason': 'rel_win1=62.1%（本命度） / 最有力組み合わせ確率: 0.100（推定実オッズ?13倍） / 2着集中度: 上位2艇 73.8%（補正+0.04） / 総合判定確率: 0.140 / → ヒモはやや固め。上位2艇以外を切ること', 'tenji_trigger': '展示確認: 1号艇伸び良→そのまま採用。悪→飛び組に差し替え。circle_pct上位2艇に絞り込むこと。'}",,,25.8,逃げ狙い,17.78,21.9,5,,,,,,,,,,,
2025-10-25,丸亀,3,4,多田有佑,B1,44.44,4,,5.6582,13.6,38,27.4,0.1861,3.8952,,,0,低,170,0,-,5 4654,0,43.7,0.6615,0,0,0.037,0,0,0,0.2632,0.1579,,,D,,,0.1385,0.5565,,0.6271,S,100,0,◎1着固定 2-3着流し（5〜8点）,0.5777,"{'is_target': True, 'verdict': '点数絞り', 'max_combo_prob': 0.0999, 'est_top_odds': 13.3, 'circle_concentration': 73.8, 'eligible_count': 6, 'bet_adj': 0, 'reason': 'rel_win1=62.1%（本命度） / 最有力組み合わせ確率: 0.100（推定実オッズ?13倍） / 2着集中度: 上位2艇 73.8%（補正+0.04） / 総合判定確率: 0.140 / → ヒモはやや固め。上位2艇以外を切ること', 'tenji_trigger': '展示確認: 1号艇伸び良→そのまま採用。悪→飛び組に差し替え。circle_pct上位2艇に絞り込むこと。'}",,,25.8,逃げ狙い,17.78,21.9,5,,,,,,,,,,,
2025-10-25,丸亀,3,5,山本凱立,B2,75.00,5,○,9.7535,10,66,33.3,0.17,3.3333,,,0,低,56,1,ま0%,6 466,0,63.2,1.2214,0,0,0.3333,0,0,,,,,,A,,,0.3154,0.4725,,0.6271,S,100,0,◎1着固定 2-3着流し（5〜8点）,0.5777,"{'is_target': True, 'verdict': '点数絞り', 'max_combo_prob': 0.0999, 'est_top_odds': 13.3, 'circle_concentration': 73.8, 'eligible_count': 6, 'bet_adj': 0, 'reason': 'rel_win1=62.1%（本命度） / 最有力組み合わせ確率: 0.100（推定実オッズ?13倍） / 2着集中度: 上位2艇 73.8%（補正+0.04） / 総合判定確率: 0.140 / → ヒモはやや固め。上位2艇以外を切ること', 'tenji_trigger': '展示確認: 1号艇伸び良→そのまま採用。悪→飛び組に差し替え。circle_pct上位2艇に絞り込むこと。'}",,,25.8,逃げ狙い,17.78,21.9,5,,,,,,,,,,,
2025-10-25,丸亀,3,6,宮野　仁,B1,52.94,6,,1.0905,2.6,49,18,0.2568,5.19,,,0,低,175,0,-,F 5 5,0,24.4,1.4872,,,,,,0.0571,0.0286,0.3143,,,B,△,,0.1263,0.6005,,0.6271,S,100,0,◎1着固定 2-3着流し（5〜8点）,0.5777,"{'is_target': True, 'verdict': '点数絞り', 'max_combo_prob': 0.0999, 'est_top_odds': 13.3, 'circle_concentration': 73.8, 'eligible_count': 6, 'bet_adj': 0, 'reason': 'rel_win1=62.1%（本命度） / 最有力組み合わせ確率: 0.100（推定実オッズ?13倍） / 2着集中度: 上位2艇 73.8%（補正+0.04） / 総合判定確率: 0.140 / → ヒモはやや固め。上位2艇以外を切ること', 'tenji_trigger': '展示確認: 1号艇伸び良→そのまま採用。悪→飛び組に差し替え。circle_pct上位2艇に絞り込むこと。'}",,,25.8,逃げ狙い,17.78,21.9,5,,,,,,,,,,,
2025-10-25,丸亀,4,1,浜野孝志,A2,40.63,1,◎,56.2184,,0,91.7,0.1499,2.9792,,,0,低,118,0,逃0%,311344,0,87,1.109,0.5152,,,,,0.2227,0.0485,0.1235,○,,A,△,,,0.6235,,0.4359,S,89,0,◎1着固定 2-3着流し（5〜8点）,0.5777,"{'is_target': True, 'verdict': '参加推奨', 'max_combo_prob': 0.067, 'est_top_odds': 19.9, 'circle_concentration': 67.3, 'eligible_count': 6, 'bet_adj': 2, 'reason': 'rel_win1=56.2%（本命度） / 最有力組み合わせ確率: 0.067（推定実オッズ?20倍） / 2着集中度: 上位2艇 67.3%（補正+0.00） / 総合判定確率: 0.067 / → ヒモ分散。1号艇1着固定で広めのヒモ流し推奨（買い目+2点）', 'tenji_trigger': '展示確認: ヒモ分散レース。1号艇伸び確認後、広めのヒモ流しを採用。穴ヒモ（5・6号艇）を積極的に含める。'}",,,27.5,逃げ狙い,13.28,30.8,2,,,,,0,0,0.6155,0,,逃げ軸流し,A
2025-10-25,丸亀,4,2,三好勇人,B1,38.71,2,○,15.4503,43.6,100,70.3,0.1291,2.4297,,,0,低,88,0,-,1 5214,0,52.8,0.8519,0,0.0345,0.1379,0,0,0.0133,0.16,0.0533,,◎,B,△,,0.5619,0.6185,,0.4359,S,89,0,◎1着固定 2-3着流し（5〜8点）,0.5777,"{'is_target': True, 'verdict': '参加推奨', 'max_combo_prob': 0.067, 'est_top_odds': 19.9, 'circle_concentration': 67.3, 'eligible_count': 6, 'bet_adj': 2, 'reason': 'rel_win1=56.2%（本命度） / 最有力組み合わせ確率: 0.067（推定実オッズ?20倍） / 2着集中度: 上位2艇 67.3%（補正+0.00） / 総合判定確率: 0.067 / → ヒモ分散。1号艇1着固定で広めのヒモ流し推奨（買い目+2点）', 'tenji_trigger': '展示確認: ヒモ分散レース。1号艇伸び確認後、広めのヒモ流しを採用。穴ヒモ（5・6号艇）を積極的に含める。'}",,,27.5,逃げ狙い,13.28,30.8,2,,,,,,,,,,,
2025-10-25,丸亀,4,3,大澤大夢,B1,39.29,3,▲,10.1567,23.7,58,51.7,0.1468,3.1,,,0,低,103,0,ま0%,554 25,0,58.6,1.2988,0,0.0385,0.0385,0.0385,0,0.1632,0.1421,0.1211,,,B,◎,,0.3198,0.644,,0.4359,S,89,0,◎1着固定 2-3着流し（5〜8点）,0.5777,"{'is_target': True, 'verdict': '参加推奨', 'max_combo_prob': 0.067, 'est_top_odds': 19.9, 'circle_concentration': 67.3, 'eligible_count': 6, 'bet_adj': 2, 'reason': 'rel_win1=56.2%（本命度） / 最有力組み合わせ確率: 0.067（推定実オッズ?20倍） / 2着集中度: 上位2艇 67.3%（補正+0.00） / 総合判定確率: 0.067 / → ヒモ分散。1号艇1着固定で広めのヒモ流し推奨（買い目+2点）', 'tenji_trigger': '展示確認: ヒモ分散レース。1号艇伸び確認後、広めのヒモ流しを採用。穴ヒモ（5・6号艇）を積極的に含める。'}",,,27.5,逃げ狙い,13.28,30.8,2,,,,,,,,,,,
2025-10-25,丸亀,4,4,重冨勇哉,B1,30.00,4,,5.5948,16.7,67,43.9,0.1541,3.2561,,,0,低,99,0,-,5 243,0,63.1,1.2266,0,0,0,0.0417,0,0.3242,0.0632,0.2042,,,D,,,0.2749,0.57,,0.4359,S,89,0,◎1着固定 2-3着流し（5〜8点）,0.5777,"{'is_target': True, 'verdict': '参加推奨', 'max_combo_prob': 0.067, 'est_top_odds': 19.9, 'circle_concentration': 67.3, 'eligible_count': 6, 'bet_adj': 2, 'reason': 'rel_win1=56.2%（本命度） / 最有力組み合わせ確率: 0.067（推定実オッズ?20倍） / 2着集中度: 上位2艇 67.3%（補正+0.00） / 総合判定確率: 0.067 / → ヒモ分散。1号艇1着固定で広めのヒモ流し推奨（買い目+2点）', 'tenji_trigger': '展示確認: ヒモ分散レース。1号艇伸び確認後、広めのヒモ流しを採用。穴ヒモ（5・6号艇）を積極的に含める。'}",,,27.5,逃げ狙い,13.28,30.8,2,,,,,,,,,,,
2025-10-25,丸亀,4,5,数原　魁,A2,15.79,5,,6.5933,14.3,66,34,0.1628,3.7358,,,0,低,104,0,-,2 3625,0,27.9,1.0883,,,,,,0.0381,0.0762,0.2095,,,E,○,,0.2799,0.631,,0.4359,S,89,0,◎1着固定 2-3着流し（5〜8点）,0.5777,"{'is_target': True, 'verdict': '参加推奨', 'max_combo_prob': 0.067, 'est_top_odds': 19.9, 'circle_concentration': 67.3, 'eligible_count': 6, 'bet_adj': 2, 'reason': 'rel_win1=56.2%（本命度） / 最有力組み合わせ確率: 0.067（推定実オッズ?20倍） / 2着集中度: 上位2艇 67.3%（補正+0.00） / 総合判定確率: 0.067 / → ヒモ分散。1号艇1着固定で広めのヒモ流し推奨（買い目+2点）', 'tenji_trigger': '展示確認: ヒモ分散レース。1号艇伸び確認後、広めのヒモ流しを採用。穴ヒモ（5・6号艇）を積極的に含める。'}",,,27.5,逃げ狙い,13.28,30.8,2,,,,,,,,,,,
2025-10-25,丸亀,4,6,向井田直,B1,27.27,6,△,5.9865,1.7,54,24.2,0.1318,3.1667,,,0,低,29,0,-,F36 6,0,33.9,0.9192,0,0,0.1176,0,0,,,,,,D,,,0.3725,0.589,,0.4359,S,89,0,◎1着固定 2-3着流し（5〜8点）,0.5777,"{'is_target': True, 'verdict': '参加推奨', 'max_combo_prob': 0.067, 'est_top_odds': 19.9, 'circle_concentration': 67.3, 'eligible_count': 6, 'bet_adj': 2, 'reason': 'rel_win1=56.2%（本命度） / 最有力組み合わせ確率: 0.067（推定実オッズ?20倍） / 2着集中度: 上位2艇 67.3%（補正+0.00） / 総合判定確率: 0.067 / → ヒモ分散。1号艇1着固定で広めのヒモ流し推奨（買い目+2点）', 'tenji_trigger': '展示確認: ヒモ分散レース。1号艇伸び確認後、広めのヒモ流しを採用。穴ヒモ（5・6号艇）を積極的に含める。'}",,,27.5,逃げ狙い,13.28,30.8,2,,,,,,,,,,,
2025-10-25,丸亀,5,1,渡邉　健,A2,41.94,1,◎,49.0236,,0,61,0.1637,3.0976,,,0,低,89,0,逃0%,126315,0,62,0.8191,0.4783,,,,,0.1304,0.1304,0.087,○,,B,,,,0.589,,0.3844,B,50,0,◎○△フォーメーション（15〜20点）,0.5777,"{'is_target': True, 'verdict': '点数絞り', 'max_combo_prob': 0.1098, 'est_top_odds': 12.1, 'circle_concentration': 84.0, 'eligible_count': 9, 'bet_adj': 0, 'reason': 'rel_win1=49.0%（本命度） / 最有力組み合わせ確率: 0.110（推定実オッズ?12倍） / 2着集中度: 上位2艇 84.0%（補正+0.04） / 総合判定確率: 0.150 / → ヒモはやや固め。上位2艇以外を切ること', 'tenji_trigger': '展示確認: 1号艇伸び良→そのまま採用。悪→飛び組に差し替え。circle_pct上位2艇に絞り込むこと。'}",,,29.5,両建て推奨,19,31.4,2,,,,,0,0,0.6155,0,,主役軸流し,B
2025-10-25,丸亀,5,2,木下大將,B1,48.28,2,○,24.7331,60.7,67,80,0.1487,3.0364,,,0,低,82,0,差0%,1 2123,0,83.9,1.3998,0,0.2593,0,0,0,0.1053,0.0526,0.0526,,◎,A,○,,0.5312,0.6535,,0.3844,B,50,0,◎○△フォーメーション（15〜20点）,0.5777,"{'is_target': True, 'verdict': '点数絞り', 'max_combo_prob': 0.1098, 'est_top_odds': 12.1, 'circle_concentration': 84.0, 'eligible_count': 9, 'bet_adj': 0, 'reason': 'rel_win1=49.0%（本命度） / 最有力組み合わせ確率: 0.110（推定実オッズ?12倍） / 2着集中度: 上位2艇 84.0%（補正+0.04） / 総合判定確率: 0.150 / → ヒモはやや固め。上位2艇以外を切ること', 'tenji_trigger': '展示確認: 1号艇伸び良→そのまま採用。悪→飛び組に差し替え。circle_pct上位2艇に絞り込むこと。'}",,,29.5,両建て推奨,19,31.4,2,,,,,,,,,,,
2025-10-25,丸亀,5,3,小林基樹,B1,21.05,3,,8.7443,23.3,100,51.9,0.1954,4.2404,,,0,低,167,0,-,4 656,0,13.1,0.4854,0,0,0,0.1579,0,0.2727,0.2727,0.0909,,,E,,,0.1711,0.5755,,0.3844,B,50,0,◎○△フォーメーション（15〜20点）,0.5777,"{'is_target': True, 'verdict': '点数絞り', 'max_combo_prob': 0.1098, 'est_top_odds': 12.1, 'circle_concentration': 84.0, 'eligible_count': 9, 'bet_adj': 0, 'reason': 'rel_win1=49.0%（本命度） / 最有力組み合わせ確率: 0.110（推定実オッズ?12倍） / 2着集中度: 上位2艇 84.0%（補正+0.04） / 総合判定確率: 0.150 / → ヒモはやや固め。上位2艇以外を切ること', 'tenji_trigger': '展示確認: 1号艇伸び良→そのまま採用。悪→飛び組に差し替え。circle_pct上位2艇に絞り込むこと。'}",,,29.5,両建て推奨,19,31.4,2,,,,,,,,,,,
2025-10-25,丸亀,5,4,岩永節也,B1,29.63,4,,5.0368,6.9,69,23.6,0.1965,4.4727,,,0,低,117,0,-,455 33,0,69.4,1.287,,,,,,0.3647,0.2706,0.2471,,,D,△,,0.2013,0.5985,,0.3844,B,50,0,◎○△フォーメーション（15〜20点）,0.5777,"{'is_target': True, 'verdict': '点数絞り', 'max_combo_prob': 0.1098, 'est_top_odds': 12.1, 'circle_concentration': 84.0, 'eligible_count': 9, 'bet_adj': 0, 'reason': 'rel_win1=49.0%（本命度） / 最有力組み合わせ確率: 0.110（推定実オッズ?12倍） / 2着集中度: 上位2艇 84.0%（補正+0.04） / 総合判定確率: 0.150 / → ヒモはやや固め。上位2艇以外を切ること', 'tenji_trigger': '展示確認: 1号艇伸び良→そのまま採用。悪→飛び組に差し替え。circle_pct上位2艇に絞り込むこと。'}",,,29.5,両建て推奨,19,31.4,2,,,,,,,,,,,
2025-10-25,丸亀,5,5,松下一也,A1,19.23,5,▲,10.3576,7.5,55,39.3,0.1297,2.2131,,,0,低,48,0,ま0% 差ま0% 抜0%,462 54,0,77.6,1.2826,0,0,0.0741,0.037,0.037,0.1726,0.0211,0.0316,,○,E,◎,◎,0.4216,0.675,0.3972,0.3844,B,50,0,◎○△フォーメーション（15〜20点）,0.5777,"{'is_target': True, 'verdict': '点数絞り', 'max_combo_prob': 0.1098, 'est_top_odds': 12.1, 'circle_concentration': 84.0, 'eligible_count': 9, 'bet_adj': 0, 'reason': 'rel_win1=49.0%（本命度） / 最有力組み合わせ確率: 0.110（推定実オッズ?12倍） / 2着集中度: 上位2艇 84.0%（補正+0.04） / 総合判定確率: 0.150 / → ヒモはやや固め。上位2艇以外を切ること', 'tenji_trigger': '展示確認: 1号艇伸び良→そのまま採用。悪→飛び組に差し替え。circle_pct上位2艇に絞り込むこと。'}",,,29.5,両建て推奨,19,31.4,2,,,,,,,,,,,
2025-10-25,丸亀,5,6,石塚裕介,B1,35.48,6,△,2.1046,1.6,47,16.7,0.2043,4.925,,,0,低,108,0,-,F64 5,0,73.3,1.3761,0,0,0,0.04,0,0.1182,0.0545,0.1545,,,C,△,,0.1728,0.61,,0.3844,B,50,0,◎○△フォーメーション（15〜20点）,0.5777,"{'is_target': True, 'verdict': '点数絞り', 'max_combo_prob': 0.1098, 'est_top_odds': 12.1, 'circle_concentration': 84.0, 'eligible_count': 9, 'bet_adj': 0, 'reason': 'rel_win1=49.0%（本命度） / 最有力組み合わせ確率: 0.110（推定実オッズ?12倍） / 2着集中度: 上位2艇 84.0%（補正+0.04） / 総合判定確率: 0.150 / → ヒモはやや固め。上位2艇以外を切ること', 'tenji_trigger': '展示確認: 1号艇伸び良→そのまま採用。悪→飛び組に差し替え。circle_pct上位2艇に絞り込むこと。'}",,,29.5,両建て推奨,19,31.4,2,,,,,,,,,,,
2025-10-25,丸亀,6,1,尾嶋一広,A1,37.93,1,◎,60.6307,,0,98.6,0.1571,3.2,,,0,低,99,0,逃0%,1 1524,0,84.6,1.0604,0.7568,,,,,0.0541,0.0541,0.1081,◎,,C,○,,,0.6515,,0.4851,S,88,0,◎1着固定 2-3着流し（5〜8点）,0.5777,"{'is_target': True, 'verdict': '点数絞り', 'max_combo_prob': 0.119, 'est_top_odds': 11.2, 'circle_concentration': 86.1, 'eligible_count': 6, 'bet_adj': 0, 'reason': 'rel_win1=60.6%（本命度） / 最有力組み合わせ確率: 0.119（推定実オッズ?11倍） / 2着集中度: 上位2艇 86.1%（補正+0.04） / 総合判定確率: 0.159 / → ヒモはやや固め。上位2艇以外を切ること', 'tenji_trigger': '展示確認: 1号艇伸び良→そのまま採用。悪→飛び組に差し替え。circle_pct上位2艇に絞り込むこと。'}",,,27.4,逃げ狙い,17.51,26.7,2,,,,,0,0,0.7559,0,,逃げ軸流し,A
2025-10-25,丸亀,6,2,深川真二,A1,26.32,2,▲,16.0124,53.6,51,69.8,0.1304,2.5849,,,0,低,21,0,差0%,234 13,0,49,0.9083,0,0.1786,0.0357,0,0,0.0105,0.1173,0.0211,,◎,D,◎,,0.5887,0.6545,,0.4851,S,88,0,◎1着固定 2-3着流し（5〜8点）,0.5777,"{'is_target': True, 'verdict': '点数絞り', 'max_combo_prob': 0.119, 'est_top_odds': 11.2, 'circle_concentration': 86.1, 'eligible_count': 6, 'bet_adj': 0, 'reason': 'rel_win1=60.6%（本命度） / 最有力組み合わせ確率: 0.119（推定実オッズ?11倍） / 2着集中度: 上位2艇 86.1%（補正+0.04） / 総合判定確率: 0.159 / → ヒモはやや固め。上位2艇以外を切ること', 'tenji_trigger': '展示確認: 1号艇伸び良→そのまま採用。悪→飛び組に差し替え。circle_pct上位2艇に絞り込むこと。'}",,,27.4,逃げ狙い,17.51,26.7,2,,,,,,,,,,,
2025-10-25,丸亀,6,3,後藤　浩,B1,70.97,3,○,13.8678,32.5,93,66.7,0.1589,3.4907,,,0,低,120,0,-,3 263,0,45.3,0.9192,0,0,0.0455,0.0455,0,0.0556,0.2222,0,,,A,△,,0.2755,0.6325,,0.4851,S,88,0,◎1着固定 2-3着流し（5〜8点）,0.5777,"{'is_target': True, 'verdict': '点数絞り', 'max_combo_prob': 0.119, 'est_top_odds': 11.2, 'circle_concentration': 86.1, 'eligible_count': 6, 'bet_adj': 0, 'reason': 'rel_win1=60.6%（本命度） / 最有力組み合わせ確率: 0.119（推定実オッズ?11倍） / 2着集中度: 上位2艇 86.1%（補正+0.04） / 総合判定確率: 0.159 / → ヒモはやや固め。上位2艇以外を切ること', 'tenji_trigger': '展示確認: 1号艇伸び良→そのまま採用。悪→飛び組に差し替え。circle_pct上位2艇に絞り込むこと。'}",,,27.4,逃げ狙い,17.51,26.7,2,,,,,,,,,,,
2025-10-25,丸亀,6,4,三原　司,B1,11.76,4,,5.0088,8.6,66,31.5,0.1869,4.1667,,,0,低,167,0,-,243 45,0,32.4,0.6902,0,0.0385,0,0,0,0.2452,0.2071,0.0571,,,E,△,,0.1655,0.624,,0.4851,S,88,0,◎1着固定 2-3着流し（5〜8点）,0.5777,"{'is_target': True, 'verdict': '点数絞り', 'max_combo_prob': 0.119, 'est_top_odds': 11.2, 'circle_concentration': 86.1, 'eligible_count': 6, 'bet_adj': 0, 'reason': 'rel_win1=60.6%（本命度） / 最有力組み合わせ確率: 0.119（推定実オッズ?11倍） / 2着集中度: 上位2艇 86.1%（補正+0.04） / 総合判定確率: 0.159 / → ヒモはやや固め。上位2艇以外を切ること', 'tenji_trigger': '展示確認: 1号艇伸び良→そのまま採用。悪→飛び組に差し替え。circle_pct上位2艇に絞り込むこと。'}",,,27.4,逃げ狙い,17.51,26.7,2,,,,,,,,,,,
2025-10-25,丸亀,6,5,山田和佐,B1,34.48,5,,3.4636,5,100,31.9,0.1719,3.9348,,,0,低,130,0,-,5 661,0,34.9,0.6302,0,0,0,0.0256,0,0.1769,0.0308,0.1923,,,D,,,0.2333,0.5895,,0.4851,S,88,0,◎1着固定 2-3着流し（5〜8点）,0.5777,"{'is_target': True, 'verdict': '点数絞り', 'max_combo_prob': 0.119, 'est_top_odds': 11.2, 'circle_concentration': 86.1, 'eligible_count': 6, 'bet_adj': 0, 'reason': 'rel_win1=60.6%（本命度） / 最有力組み合わせ確率: 0.119（推定実オッズ?11倍） / 2着集中度: 上位2艇 86.1%（補正+0.04） / 総合判定確率: 0.159 / → ヒモはやや固め。上位2艇以外を切ること', 'tenji_trigger': '展示確認: 1号艇伸び良→そのまま採用。悪→飛び組に差し替え。circle_pct上位2艇に絞り込むこと。'}",,,27.4,逃げ狙い,17.51,26.7,2,,,,,,,,,,,
2025-10-25,丸亀,6,6,藤原　駿,B2,40.74,6,△,1.0167,0.3,14,1.2,0.2311,4.8214,,,0,低,51,0,-,665 66,0,21.8,0.6306,,,,,,,,,,,B,,,0.1392,0.42,,0.4851,S,88,0,◎1着固定 2-3着流し（5〜8点）,0.5777,"{'is_target': True, 'verdict': '点数絞り', 'max_combo_prob': 0.119, 'est_top_odds': 11.2, 'circle_concentration': 86.1, 'eligible_count': 6, 'bet_adj': 0, 'reason': 'rel_win1=60.6%（本命度） / 最有力組み合わせ確率: 0.119（推定実オッズ?11倍） / 2着集中度: 上位2艇 86.1%（補正+0.04） / 総合判定確率: 0.159 / → ヒモはやや固め。上位2艇以外を切ること', 'tenji_trigger': '展示確認: 1号艇伸び良→そのまま採用。悪→飛び組に差し替え。circle_pct上位2艇に絞り込むこと。'}",,,27.4,逃げ狙い,17.51,26.7,2,,,,,,,,,,,
2025-10-25,丸亀,7,1,石田章央,A2,37.93,1,◎,59.281,,0,92.8,0.1541,3.0515,,,0,低,127,0,逃0%,5 1236,0,82.6,1.0053,0.5714,,,,,0.1022,0.0571,0.1022,◎,,C,◎,,,0.652,,0.4974,S,88,0,◎1着固定 2-3着流し（5〜8点）,0.5777,"{'is_target': True, 'verdict': '点数絞り', 'max_combo_prob': 0.118, 'est_top_odds': 11.3, 'circle_concentration': 76.4, 'eligible_count': 6, 'bet_adj': 0, 'reason': 'rel_win1=59.3%（本命度） / 最有力組み合わせ確率: 0.118（推定実オッズ?11倍） / 2着集中度: 上位2艇 76.4%（補正+0.04） / 総合判定確率: 0.158 / → ヒモはやや固め。上位2艇以外を切ること', 'tenji_trigger': '展示確認: 1号艇伸び良→そのまま採用。悪→飛び組に差し替え。circle_pct上位2艇に絞り込むこと。'}",,,26.5,逃げ狙い,12.76,28.3,2,,,,,0,0,0.7559,0,,逃げ軸流し,A
2025-10-25,丸亀,7,2,荒川健太,A2,41.38,2,○,15.0334,60.3,93,71.4,0.1469,3.0357,,,0,低,145,0,差1%,2 1333,0,23.1,0.6878,0,0.1786,0,0,0,0,0.1957,0.0108,,◎,B,,,0.429,0.5905,,0.4974,S,88,0,◎1着固定 2-3着流し（5〜8点）,0.5777,"{'is_target': True, 'verdict': '点数絞り', 'max_combo_prob': 0.118, 'est_top_odds': 11.3, 'circle_concentration': 76.4, 'eligible_count': 6, 'bet_adj': 0, 'reason': 'rel_win1=59.3%（本命度） / 最有力組み合わせ確率: 0.118（推定実オッズ?11倍） / 2着集中度: 上位2艇 76.4%（補正+0.04） / 総合判定確率: 0.158 / → ヒモはやや固め。上位2艇以外を切ること', 'tenji_trigger': '展示確認: 1号艇伸び良→そのまま採用。悪→飛び組に差し替え。circle_pct上位2艇に絞り込むこと。'}",,,26.5,逃げ狙い,12.76,28.3,2,,,,,,,,,,,
2025-10-25,丸亀,7,3,福田　理,B1,33.33,3,,8.0457,14.1,77,38.5,0.1771,4.0615,,,0,低,126,0,ま0%,335 26,0,24.5,0.8012,0,0,0.0286,0.0286,0,0.1446,0.4967,0.1446,,,D,△,,0.1742,0.594,,0.4974,S,88,0,◎1着固定 2-3着流し（5〜8点）,0.5777,"{'is_target': True, 'verdict': '点数絞り', 'max_combo_prob': 0.118, 'est_top_odds': 11.3, 'circle_concentration': 76.4, 'eligible_count': 6, 'bet_adj': 0, 'reason': 'rel_win1=59.3%（本命度） / 最有力組み合わせ確率: 0.118（推定実オッズ?11倍） / 2着集中度: 上位2艇 76.4%（補正+0.04） / 総合判定確率: 0.158 / → ヒモはやや固め。上位2艇以外を切ること', 'tenji_trigger': '展示確認: 1号艇伸び良→そのまま採用。悪→飛び組に差し替え。circle_pct上位2艇に絞り込むこと。'}",,,26.5,逃げ狙い,12.76,28.3,2,,,,,,,,,,,
2025-10-25,丸亀,7,4,重富伸也,B1,26.67,4,,8.1484,16.1,39,27.1,0.1727,3.6771,,,0,低,124,0,ま0%,5 141,0,57.3,1.0462,0,0,0.0625,0,0,0.0615,0,0.3231,,,D,△,,0.2299,0.6085,,0.4974,S,88,0,◎1着固定 2-3着流し（5〜8点）,0.5777,"{'is_target': True, 'verdict': '点数絞り', 'max_combo_prob': 0.118, 'est_top_odds': 11.3, 'circle_concentration': 76.4, 'eligible_count': 6, 'bet_adj': 0, 'reason': 'rel_win1=59.3%（本命度） / 最有力組み合わせ確率: 0.118（推定実オッズ?11倍） / 2着集中度: 上位2艇 76.4%（補正+0.04） / 総合判定確率: 0.158 / → ヒモはやや固め。上位2艇以外を切ること', 'tenji_trigger': '展示確認: 1号艇伸び良→そのまま採用。悪→飛び組に差し替え。circle_pct上位2艇に絞り込むこと。'}",,,26.5,逃げ狙い,12.76,28.3,2,,,,,,,,,,,
2025-10-25,丸亀,7,5,樋口喜彦,B1,47.83,5,▲,3.8414,2.3,87,26.9,0.1723,3.5481,,,0,低,79,0,-,44 35,0,24.3,0.6286,0,0,0,0.0345,0,0.25,0.3333,0.0833,,,A,,,0.2318,0.5805,,0.4974,S,88,0,◎1着固定 2-3着流し（5〜8点）,0.5777,"{'is_target': True, 'verdict': '点数絞り', 'max_combo_prob': 0.118, 'est_top_odds': 11.3, 'circle_concentration': 76.4, 'eligible_count': 6, 'bet_adj': 0, 'reason': 'rel_win1=59.3%（本命度） / 最有力組み合わせ確率: 0.118（推定実オッズ?11倍） / 2着集中度: 上位2艇 76.4%（補正+0.04） / 総合判定確率: 0.158 / → ヒモはやや固め。上位2艇以外を切ること', 'tenji_trigger': '展示確認: 1号艇伸び良→そのまま採用。悪→飛び組に差し替え。circle_pct上位2艇に絞り込むこと。'}",,,26.5,逃げ狙い,12.76,28.3,2,,,,,,,,,,,
2025-10-25,丸亀,7,6,今泉友吾,A1,33.33,6,△,5.6501,7.2,100,52.1,0.1625,3.7083,,,0,低,77,0,-,F44 2,0,50.9,1.0158,,,,,,0.0211,0.0211,0.3842,,,D,○,,0.2958,0.634,,0.4974,S,88,0,◎1着固定 2-3着流し（5〜8点）,0.5777,"{'is_target': True, 'verdict': '点数絞り', 'max_combo_prob': 0.118, 'est_top_odds': 11.3, 'circle_concentration': 76.4, 'eligible_count': 6, 'bet_adj': 0, 'reason': 'rel_win1=59.3%（本命度） / 最有力組み合わせ確率: 0.118（推定実オッズ?11倍） / 2着集中度: 上位2艇 76.4%（補正+0.04） / 総合判定確率: 0.158 / → ヒモはやや固め。上位2艇以外を切ること', 'tenji_trigger': '展示確認: 1号艇伸び良→そのまま採用。悪→飛び組に差し替え。circle_pct上位2艇に絞り込むこと。'}",,,26.5,逃げ狙い,12.76,28.3,2,,,,,,,,,,,
2025-10-25,丸亀,8,1,竹間隆晟,A1,42.86,1,◎,73.6815,,0,84.8,0.1552,2.8804,,,0,低,83,0,逃1%,265 21,0,88.8,1.1601,0.76,,,,,0,0.12,0.08,◎,,B,,,,0.5415,,0.5732,A,78,0,◎-○軸 3着3〜4艇流し（10〜15点）,0.5777,"{'is_target': True, 'verdict': '点数絞り', 'max_combo_prob': 0.1374, 'est_top_odds': 9.7, 'circle_concentration': 70.3, 'eligible_count': 8, 'bet_adj': 0, 'reason': 'rel_win1=73.7%（本命度） / 最有力組み合わせ確率: 0.137（推定実オッズ?10倍） / 2着集中度: 上位2艇 70.3%（補正+0.04） / 総合判定確率: 0.177 / → ヒモはやや固め。上位2艇以外を切ること', 'tenji_trigger': '展示確認: 1号艇伸び良→そのまま採用。悪→飛び組に差し替え。circle_pct上位2艇に絞り込むこと。'}",,,26,逃げ狙い,12.52,27,2,,,,,0,0,0.7559,0,,逃げ軸流し,A
2025-10-25,丸亀,8,2,数原　魁,A2,15.79,2,,11.2113,44.2,96,58.2,0.1665,3.4364,,,0,低,104,0,-,2 3625,0,26.5,0.556,0,0.1111,0.0741,0,0.037,0.0381,0.0762,0.2095,,,E,○,,0.2109,0.631,,0.5732,A,78,0,◎-○軸 3着3〜4艇流し（10〜15点）,0.5777,"{'is_target': True, 'verdict': '点数絞り', 'max_combo_prob': 0.1374, 'est_top_odds': 9.7, 'circle_concentration': 70.3, 'eligible_count': 8, 'bet_adj': 0, 'reason': 'rel_win1=73.7%（本命度） / 最有力組み合わせ確率: 0.137（推定実オッズ?10倍） / 2着集中度: 上位2艇 70.3%（補正+0.04） / 総合判定確率: 0.177 / → ヒモはやや固め。上位2艇以外を切ること', 'tenji_trigger': '展示確認: 1号艇伸び良→そのまま採用。悪→飛び組に差し替え。circle_pct上位2艇に絞り込むこと。'}",,,26,逃げ狙い,12.52,27,2,,,,,,,,,,,
2025-10-25,丸亀,8,3,飯田庄吾,B1,40.91,3,△,3.907,14.8,100,33.3,0.1609,3.5789,,,0,低,145,0,-,4 3565,0,24.9,0.6562,,,,,,0,0.2611,0.5833,,,C,△,,0.2821,0.6,,0.5732,A,78,0,◎-○軸 3着3〜4艇流し（10〜15点）,0.5777,"{'is_target': True, 'verdict': '点数絞り', 'max_combo_prob': 0.1374, 'est_top_odds': 9.7, 'circle_concentration': 70.3, 'eligible_count': 8, 'bet_adj': 0, 'reason': 'rel_win1=73.7%（本命度） / 最有力組み合わせ確率: 0.137（推定実オッズ?10倍） / 2着集中度: 上位2艇 70.3%（補正+0.04） / 総合判定確率: 0.177 / → ヒモはやや固め。上位2艇以外を切ること', 'tenji_trigger': '展示確認: 1号艇伸び良→そのまま採用。悪→飛び組に差し替え。circle_pct上位2艇に絞り込むこと。'}",,,26,逃げ狙い,12.52,27,2,,,,,,,,,,,
2025-10-25,丸亀,8,4,藤田靖弘,A2,22.22,4,,7.2713,26.1,68,54.3,0.16,3.2429,,,0,低,111,0,差ま0%,32342,0,47.3,0.9219,0,0.0645,0,0.0968,0.0323,0.0533,0.115,0.0267,,,E,◎,◎,0.2752,0.6755,0.4774,0.5732,A,78,0,◎-○軸 3着3〜4艇流し（10〜15点）,0.5777,"{'is_target': True, 'verdict': '点数絞り', 'max_combo_prob': 0.1374, 'est_top_odds': 9.7, 'circle_concentration': 70.3, 'eligible_count': 8, 'bet_adj': 0, 'reason': 'rel_win1=73.7%（本命度） / 最有力組み合わせ確率: 0.137（推定実オッズ?10倍） / 2着集中度: 上位2艇 70.3%（補正+0.04） / 総合判定確率: 0.177 / → ヒモはやや固め。上位2艇以外を切ること', 'tenji_trigger': '展示確認: 1号艇伸び良→そのまま採用。悪→飛び組に差し替え。circle_pct上位2艇に絞り込むこと。'}",,,26,逃げ狙い,12.52,27,2,,,,,,,,,,,
2025-10-25,丸亀,8,5,多田有佑,B1,44.44,5,▲,2.7719,14.4,55,20.7,0.2057,4.1293,,,0,低,170,0,差ま0%,5 4654,0,23.6,0.6695,0,0,0,0.0417,0,0,0.2632,0.1579,,,B,△,,0.1218,0.5565,,0.5732,A,78,0,◎-○軸 3着3〜4艇流し（10〜15点）,0.5777,"{'is_target': True, 'verdict': '点数絞り', 'max_combo_prob': 0.1374, 'est_top_odds': 9.7, 'circle_concentration': 70.3, 'eligible_count': 8, 'bet_adj': 0, 'reason': 'rel_win1=73.7%（本命度） / 最有力組み合わせ確率: 0.137（推定実オッズ?10倍） / 2着集中度: 上位2艇 70.3%（補正+0.04） / 総合判定確率: 0.177 / → ヒモはやや固め。上位2艇以外を切ること', 'tenji_trigger': '展示確認: 1号艇伸び良→そのまま採用。悪→飛び組に差し替え。circle_pct上位2艇に絞り込むこと。'}",,,26,逃げ狙い,12.52,27,2,,,,,,,,,,,
2025-10-25,丸亀,8,6,吉原快誓,B2,60.00,6,○,1.1571,0.5,14,1.5,0.1972,4.2826,,,0,低,37,0,-,6 666,0,19.1,0.6086,,,,,,,,,,,A,,,0.1801,0.5335,,0.5732,A,78,0,◎-○軸 3着3〜4艇流し（10〜15点）,0.5777,"{'is_target': True, 'verdict': '点数絞り', 'max_combo_prob': 0.1374, 'est_top_odds': 9.7, 'circle_concentration': 70.3, 'eligible_count': 8, 'bet_adj': 0, 'reason': 'rel_win1=73.7%（本命度） / 最有力組み合わせ確率: 0.137（推定実オッズ?10倍） / 2着集中度: 上位2艇 70.3%（補正+0.04） / 総合判定確率: 0.177 / → ヒモはやや固め。上位2艇以外を切ること', 'tenji_trigger': '展示確認: 1号艇伸び良→そのまま採用。悪→飛び組に差し替え。circle_pct上位2艇に絞り込むこと。'}",,,26,逃げ狙い,12.52,27,2,,,,,,,,,,,
2025-10-25,丸亀,9,1,重冨勇哉,B1,30.00,1,◎,50.6065,,0,81.8,0.1585,3.1364,,,0,低,99,0,逃0%,5 243,0,82.9,1.0399,0.3684,,,,,0.3242,0.0632,0.2042,○,,D,△,,,0.57,,0.3625,B,59,0,◎○△フォーメーション（15〜20点）,0.5777,"{'is_target': True, 'verdict': '点数絞り', 'max_combo_prob': 0.0869, 'est_top_odds': 15.3, 'circle_concentration': 81.4, 'eligible_count': 9, 'bet_adj': 0, 'reason': 'rel_win1=50.6%（本命度） / 最有力組み合わせ確率: 0.087（推定実オッズ?15倍） / 2着集中度: 上位2艇 81.4%（補正+0.04） / 総合判定確率: 0.127 / → ヒモはやや固め。上位2艇以外を切ること', 'tenji_trigger': '展示確認: 1号艇伸び良→そのまま採用。悪→飛び組に差し替え。circle_pct上位2艇に絞り込むこと。'}",,,31.5,両建て推奨,19.15,37.2,3,,,,,0,0,0.6155,0,,主役軸流し,B
2025-10-25,丸亀,9,2,星野太郎,B1,35.71,2,▲,17.6228,36.1,86,67.8,0.1661,3.8983,,,0,低,157,0,抜1%,141 44,0,51.8,1.0138,0,0.3,0,0,0.1,0.0333,0.0667,0.25,,○,D,△,,0.3444,0.63,,0.3625,B,59,0,◎○△フォーメーション（15〜20点）,0.5777,"{'is_target': True, 'verdict': '点数絞り', 'max_combo_prob': 0.0869, 'est_top_odds': 15.3, 'circle_concentration': 81.4, 'eligible_count': 9, 'bet_adj': 0, 'reason': 'rel_win1=50.6%（本命度） / 最有力組み合わせ確率: 0.087（推定実オッズ?15倍） / 2着集中度: 上位2艇 81.4%（補正+0.04） / 総合判定確率: 0.127 / → ヒモはやや固め。上位2艇以外を切ること', 'tenji_trigger': '展示確認: 1号艇伸び良→そのまま採用。悪→飛び組に差し替え。circle_pct上位2艇に絞り込むこと。'}",,,31.5,両建て推奨,19.15,37.2,3,,,,,,,,,,,
2025-10-25,丸亀,9,3,松下一也,A1,19.23,3,△,19.3831,45.4,62,73.7,0.1307,2.7105,,,0,低,48,0,ま0% 差ま0%,462 54,0,84.2,1.5462,0,0,0.1739,0.087,0,0.1726,0.0211,0.0316,,◎,E,◎,,0.4758,0.675,,0.3625,B,59,0,◎○△フォーメーション（15〜20点）,0.5777,"{'is_target': True, 'verdict': '点数絞り', 'max_combo_prob': 0.0869, 'est_top_odds': 15.3, 'circle_concentration': 81.4, 'eligible_count': 9, 'bet_adj': 0, 'reason': 'rel_win1=50.6%（本命度） / 最有力組み合わせ確率: 0.087（推定実オッズ?15倍） / 2着集中度: 上位2艇 81.4%（補正+0.04） / 総合判定確率: 0.127 / → ヒモはやや固め。上位2艇以外を切ること', 'tenji_trigger': '展示確認: 1号艇伸び良→そのまま採用。悪→飛び組に差し替え。circle_pct上位2艇に絞り込むこと。'}",,,31.5,両建て推奨,19.15,37.2,3,,,,,,,,,,,
2025-10-25,丸亀,9,4,大澤大夢,B1,39.29,4,○,6.4342,16,100,48.6,0.158,3.2432,,,0,低,103,0,抜0%,554 25,0,47.8,0.8979,0,0,0.0645,0.0323,0.0323,0.1632,0.1421,0.1211,,,C,○,◎,0.3007,0.644,0.4031,0.3625,B,59,0,◎○△フォーメーション（15〜20点）,0.5777,"{'is_target': True, 'verdict': '点数絞り', 'max_combo_prob': 0.0869, 'est_top_odds': 15.3, 'circle_concentration': 81.4, 'eligible_count': 9, 'bet_adj': 0, 'reason': 'rel_win1=50.6%（本命度） / 最有力組み合わせ確率: 0.087（推定実オッズ?15倍） / 2着集中度: 上位2艇 81.4%（補正+0.04） / 総合判定確率: 0.127 / → ヒモはやや固め。上位2艇以外を切ること', 'tenji_trigger': '展示確認: 1号艇伸び良→そのまま採用。悪→飛び組に差し替え。circle_pct上位2艇に絞り込むこと。'}",,,31.5,両建て推奨,19.15,37.2,3,,,,,,,,,,,
2025-10-25,丸亀,9,5,花本　剛,B1,42.86,5,,4.6802,2.3,64,24.1,0.1952,4.25,,,0,低,176,0,-,464 16,0,26.7,0.6548,0,0.0333,0,0.0333,0,0.2077,0.1615,0.1769,,,B,,,0.1741,0.5575,,0.3625,B,59,0,◎○△フォーメーション（15〜20点）,0.5777,"{'is_target': True, 'verdict': '点数絞り', 'max_combo_prob': 0.0869, 'est_top_odds': 15.3, 'circle_concentration': 81.4, 'eligible_count': 9, 'bet_adj': 0, 'reason': 'rel_win1=50.6%（本命度） / 最有力組み合わせ確率: 0.087（推定実オッズ?15倍） / 2着集中度: 上位2艇 81.4%（補正+0.04） / 総合判定確率: 0.127 / → ヒモはやや固め。上位2艇以外を切ること', 'tenji_trigger': '展示確認: 1号艇伸び良→そのまま採用。悪→飛び組に差し替え。circle_pct上位2艇に絞り込むこと。'}",,,31.5,両建て推奨,19.15,37.2,3,,,,,,,,,,,
2025-10-25,丸亀,9,6,山本凱立,B2,75.00,6,,1.2731,0.3,14,0,0.2046,4.37,,,0,低,56,0,-,6 466,0,26.1,0.5661,,,,,,,,,,,A,,,0.1767,0.4725,,0.3625,B,59,0,◎○△フォーメーション（15〜20点）,0.5777,"{'is_target': True, 'verdict': '点数絞り', 'max_combo_prob': 0.0869, 'est_top_odds': 15.3, 'circle_concentration': 81.4, 'eligible_count': 9, 'bet_adj': 0, 'reason': 'rel_win1=50.6%（本命度） / 最有力組み合わせ確率: 0.087（推定実オッズ?15倍） / 2着集中度: 上位2艇 81.4%（補正+0.04） / 総合判定確率: 0.127 / → ヒモはやや固め。上位2艇以外を切ること', 'tenji_trigger': '展示確認: 1号艇伸び良→そのまま採用。悪→飛び組に差し替え。circle_pct上位2艇に絞り込むこと。'}",,,31.5,両建て推奨,19.15,37.2,3,,,,,,,,,,,
2025-10-25,丸亀,10,1,三好勇人,B1,38.71,1,◎,64.5849,,0,98.4,0.1275,1.877,,,0,低,88,0,逃1%,1 5214,0,85.5,1.0718,0.7333,,,,,0.0133,0.16,0.0533,◎,,C,,,,0.6185,,0.7247,A,74,0,◎-○軸 3着3〜4艇流し（10〜15点）,0.5777,"{'is_target': True, 'verdict': '参加推奨', 'max_combo_prob': 0.079, 'est_top_odds': 16.9, 'circle_concentration': 72.2, 'eligible_count': 8, 'bet_adj': 2, 'reason': 'rel_win1=64.6%（本命度） / 最有力組み合わせ確率: 0.079（推定実オッズ?17倍） / 2着集中度: 上位2艇 72.2%（補正+0.04） / 総合判定確率: 0.119 / → ヒモ分散。1号艇1着固定で広めのヒモ流し推奨（買い目+2点）', 'tenji_trigger': '展示確認: ヒモ分散レース。1号艇伸び確認後、広めのヒモ流しを採用。穴ヒモ（5・6号艇）を積極的に含める。\n展示で1号艇スタート超安定(0.128秒)→ヒモ固まり方向に注意'}",,,20.9,逃げ狙い,13.49,26,3,,,,,0,0,0.7559,0,,逃げ軸流し,A
2025-10-25,丸亀,10,2,浜野孝志,A2,40.63,2,▲,8.0191,38.1,100,60.3,0.165,3.4853,,,0,低,118,0,-,311344,0,27.4,0.8598,0,0.0345,0,0,0.0345,0.2227,0.0485,0.1235,,,B,△,,0.056,0.6235,,0.7247,A,74,0,◎-○軸 3着3〜4艇流し（10〜15点）,0.5777,"{'is_target': True, 'verdict': '参加推奨', 'max_combo_prob': 0.079, 'est_top_odds': 16.9, 'circle_concentration': 72.2, 'eligible_count': 8, 'bet_adj': 2, 'reason': 'rel_win1=64.6%（本命度） / 最有力組み合わせ確率: 0.079（推定実オッズ?17倍） / 2着集中度: 上位2艇 72.2%（補正+0.04） / 総合判定確率: 0.119 / → ヒモ分散。1号艇1着固定で広めのヒモ流し推奨（買い目+2点）', 'tenji_trigger': '展示確認: ヒモ分散レース。1号艇伸び確認後、広めのヒモ流しを採用。穴ヒモ（5・6号艇）を積極的に含める。\n展示で1号艇スタート超安定(0.128秒)→ヒモ固まり方向に注意'}",,,20.9,逃げ狙い,13.49,26,3,,,,,,,,,,,
2025-10-25,丸亀,10,3,木下大將,B1,48.28,3,○,10.485,34.2,62,62,0.1512,3.44,,,0,低,82,0,ま0% 差ま0%,1 2123,0,46.7,1.1285,0,0,0.0417,0.0417,0,0.1053,0.0526,0.0526,,,A,○,,0.1701,0.6535,,0.7247,A,74,0,◎-○軸 3着3〜4艇流し（10〜15点）,0.5777,"{'is_target': True, 'verdict': '参加推奨', 'max_combo_prob': 0.079, 'est_top_odds': 16.9, 'circle_concentration': 72.2, 'eligible_count': 8, 'bet_adj': 2, 'reason': 'rel_win1=64.6%（本命度） / 最有力組み合わせ確率: 0.079（推定実オッズ?17倍） / 2着集中度: 上位2艇 72.2%（補正+0.04） / 総合判定確率: 0.119 / → ヒモ分散。1号艇1着固定で広めのヒモ流し推奨（買い目+2点）', 'tenji_trigger': '展示確認: ヒモ分散レース。1号艇伸び確認後、広めのヒモ流しを採用。穴ヒモ（5・6号艇）を積極的に含める。\n展示で1号艇スタート超安定(0.128秒)→ヒモ固まり方向に注意'}",,,20.9,逃げ狙い,13.49,26,3,,,,,,,,,,,
2025-10-25,丸亀,10,4,深川真二,A1,26.32,4,,7.6777,15.1,86,,,,,,0,低,21,1,-,234 13,0,,,,,,,,,,,,,E,◎,○,0.3131,0.6545,0.15,0.7247,A,74,0,◎-○軸 3着3〜4艇流し（10〜15点）,0.5777,"{'is_target': True, 'verdict': '参加推奨', 'max_combo_prob': 0.079, 'est_top_odds': 16.9, 'circle_concentration': 72.2, 'eligible_count': 8, 'bet_adj': 2, 'reason': 'rel_win1=64.6%（本命度） / 最有力組み合わせ確率: 0.079（推定実オッズ?17倍） / 2着集中度: 上位2艇 72.2%（補正+0.04） / 総合判定確率: 0.119 / → ヒモ分散。1号艇1着固定で広めのヒモ流し推奨（買い目+2点）', 'tenji_trigger': '展示確認: ヒモ分散レース。1号艇伸び確認後、広めのヒモ流しを採用。穴ヒモ（5・6号艇）を積極的に含める。\n展示で1号艇スタート超安定(0.128秒)→ヒモ固まり方向に注意'}",,,20.9,逃げ狙い,13.49,26,3,,,,,,,,,,,
2025-10-25,丸亀,10,5,石田章央,A2,37.93,5,△,6.8453,10.8,88,50.7,0.1518,3.2606,,,0,低,127,0,-,5 1236,0,76.7,1.3414,0,0,0,0.0938,0,0.1022,0.0571,0.1022,,,C,△,◎,0.2161,0.652,0.3328,0.7247,A,74,0,◎-○軸 3着3〜4艇流し（10〜15点）,0.5777,"{'is_target': True, 'verdict': '参加推奨', 'max_combo_prob': 0.079, 'est_top_odds': 16.9, 'circle_concentration': 72.2, 'eligible_count': 8, 'bet_adj': 2, 'reason': 'rel_win1=64.6%（本命度） / 最有力組み合わせ確率: 0.079（推定実オッズ?17倍） / 2着集中度: 上位2艇 72.2%（補正+0.04） / 総合判定確率: 0.119 / → ヒモ分散。1号艇1着固定で広めのヒモ流し推奨（買い目+2点）', 'tenji_trigger': '展示確認: ヒモ分散レース。1号艇伸び確認後、広めのヒモ流しを採用。穴ヒモ（5・6号艇）を積極的に含める。\n展示で1号艇スタート超安定(0.128秒)→ヒモ固まり方向に注意'}",,,20.9,逃げ狙い,13.49,26,3,,,,,,,,,,,
2025-10-25,丸亀,10,6,島田一生,B1,28.57,6,,2.3879,1.9,38,16.7,0.1656,3.5104,,,0,低,101,0,-,6 352,0,29,0.84,0,0,0.0556,0,0,0.1905,0.2857,0.0476,,,D,,,0.1686,0.569,,0.7247,A,74,0,◎-○軸 3着3〜4艇流し（10〜15点）,0.5777,"{'is_target': True, 'verdict': '参加推奨', 'max_combo_prob': 0.079, 'est_top_odds': 16.9, 'circle_concentration': 72.2, 'eligible_count': 8, 'bet_adj': 2, 'reason': 'rel_win1=64.6%（本命度） / 最有力組み合わせ確率: 0.079（推定実オッズ?17倍） / 2着集中度: 上位2艇 72.2%（補正+0.04） / 総合判定確率: 0.119 / → ヒモ分散。1号艇1着固定で広めのヒモ流し推奨（買い目+2点）', 'tenji_trigger': '展示確認: ヒモ分散レース。1号艇伸び確認後、広めのヒモ流しを採用。穴ヒモ（5・6号艇）を積極的に含める。\n展示で1号艇スタート超安定(0.128秒)→ヒモ固まり方向に注意'}",,,20.9,逃げ狙い,13.49,26,3,,,,,,,,,,,
2025-10-25,丸亀,11,1,荒川健太,A2,41.38,1,◎,62.9223,,0,95.5,0.1403,2.6292,,,0,低,145,0,逃1%,2 1333,0,66,1.0409,0.7297,,,,,0,0.1957,0.0108,◎,,C,△,,,0.5905,,0.6151,A,77,0,◎-○軸 3着3〜4艇流し（10〜15点）,0.5777,"{'is_target': True, 'verdict': '点数絞り', 'max_combo_prob': 0.0821, 'est_top_odds': 16.2, 'circle_concentration': 72.0, 'eligible_count': 8, 'bet_adj': 0, 'reason': 'rel_win1=62.9%（本命度） / 最有力組み合わせ確率: 0.082（推定実オッズ?16倍） / 2着集中度: 上位2艇 72.0%（補正+0.04） / 総合判定確率: 0.122 / → ヒモはやや固め。上位2艇以外を切ること', 'tenji_trigger': '展示確認: 1号艇伸び良→そのまま採用。悪→飛び組に差し替え。circle_pct上位2艇に絞り込むこと。'}",,,27.6,逃げ狙い,18.17,26.7,2,,,,,0,0,0.7559,0,,逃げ軸流し,A
2025-10-25,丸亀,11,2,古賀繁輝,A2,55.17,2,○,15.1284,45,71,83.3,0.1622,3.3472,,,0,低,54,0,-,252 42,0,25.5,0.7859,0,0,0.0952,0,0.0476,0,0.0308,0.0308,,,A,○,,0.0942,0.664,,0.6151,A,77,0,◎-○軸 3着3〜4艇流し（10〜15点）,0.5777,"{'is_target': True, 'verdict': '点数絞り', 'max_combo_prob': 0.0821, 'est_top_odds': 16.2, 'circle_concentration': 72.0, 'eligible_count': 8, 'bet_adj': 0, 'reason': 'rel_win1=62.9%（本命度） / 最有力組み合わせ確率: 0.082（推定実オッズ?16倍） / 2着集中度: 上位2艇 72.0%（補正+0.04） / 総合判定確率: 0.122 / → ヒモはやや固め。上位2艇以外を切ること', 'tenji_trigger': '展示確認: 1号艇伸び良→そのまま採用。悪→飛び組に差し替え。circle_pct上位2艇に絞り込むこと。'}",,,27.6,逃げ狙い,18.17,26.7,2,,,,,,,,,,,
2025-10-25,丸亀,11,3,森　悠稀,A2,17.39,3,△,9.1558,27,95,66.7,0.1297,2.5985,,,0,低,62,0,差ま0%,5 2352,0,43.8,0.9046,0,0,0.0333,0.0333,0,0.0552,0.0276,0.0552,,,E,◎,,0.3374,0.6755,,0.6151,A,77,0,◎-○軸 3着3〜4艇流し（10〜15点）,0.5777,"{'is_target': True, 'verdict': '点数絞り', 'max_combo_prob': 0.0821, 'est_top_odds': 16.2, 'circle_concentration': 72.0, 'eligible_count': 8, 'bet_adj': 0, 'reason': 'rel_win1=62.9%（本命度） / 最有力組み合わせ確率: 0.082（推定実オッズ?16倍） / 2着集中度: 上位2艇 72.0%（補正+0.04） / 総合判定確率: 0.122 / → ヒモはやや固め。上位2艇以外を切ること', 'tenji_trigger': '展示確認: 1号艇伸び良→そのまま採用。悪→飛び組に差し替え。circle_pct上位2艇に絞り込むこと。'}",,,27.6,逃げ狙い,18.17,26.7,2,,,,,,,,,,,
2025-10-25,丸亀,11,4,竹間隆晟,A1,42.86,4,▲,7.2514,16.3,89,61.3,0.1735,2.871,,,0,低,83,0,-,265 21,0,32.2,0.8396,0,0,0.1053,0,0,0,0.12,0.08,,,B,,,0.1781,0.5415,,0.6151,A,77,0,◎-○軸 3着3〜4艇流し（10〜15点）,0.5777,"{'is_target': True, 'verdict': '点数絞り', 'max_combo_prob': 0.0821, 'est_top_odds': 16.2, 'circle_concentration': 72.0, 'eligible_count': 8, 'bet_adj': 0, 'reason': 'rel_win1=62.9%（本命度） / 最有力組み合わせ確率: 0.082（推定実オッズ?16倍） / 2着集中度: 上位2艇 72.0%（補正+0.04） / 総合判定確率: 0.122 / → ヒモはやや固め。上位2艇以外を切ること', 'tenji_trigger': '展示確認: 1号艇伸び良→そのまま採用。悪→飛び組に差し替え。circle_pct上位2艇に絞り込むこと。'}",,,27.6,逃げ狙い,18.17,26.7,2,,,,,,,,,,,
2025-10-25,丸亀,11,5,尾嶋一広,A1,37.93,5,,4.5665,9.7,100,60.3,0.1567,3.4524,,,0,低,99,0,-,1 1524,0,100,2.3021,0,0,0,0.069,0.1034,0.0541,0.0541,0.1081,,,D,△,◎,0.2359,0.6515,0.3806,0.6151,A,77,0,◎-○軸 3着3〜4艇流し（10〜15点）,0.5777,"{'is_target': True, 'verdict': '点数絞り', 'max_combo_prob': 0.0821, 'est_top_odds': 16.2, 'circle_concentration': 72.0, 'eligible_count': 8, 'bet_adj': 0, 'reason': 'rel_win1=62.9%（本命度） / 最有力組み合わせ確率: 0.082（推定実オッズ?16倍） / 2着集中度: 上位2艇 72.0%（補正+0.04） / 総合判定確率: 0.122 / → ヒモはやや固め。上位2艇以外を切ること', 'tenji_trigger': '展示確認: 1号艇伸び良→そのまま採用。悪→飛び組に差し替え。circle_pct上位2艇に絞り込むこと。'}",,,27.6,逃げ狙い,18.17,26.7,2,,,,,,,,,,,
2025-10-25,丸亀,11,6,渡邉　健,A2,41.94,6,,0.9756,2,61,26,0.1852,4.33,,,0,低,89,0,-,126315,0,30.1,1.0864,,,,,,0.1304,0.1304,0.087,,,C,,,0.17,0.589,,0.6151,A,77,0,◎-○軸 3着3〜4艇流し（10〜15点）,0.5777,"{'is_target': True, 'verdict': '点数絞り', 'max_combo_prob': 0.0821, 'est_top_odds': 16.2, 'circle_concentration': 72.0, 'eligible_count': 8, 'bet_adj': 0, 'reason': 'rel_win1=62.9%（本命度） / 最有力組み合わせ確率: 0.082（推定実オッズ?16倍） / 2着集中度: 上位2艇 72.0%（補正+0.04） / 総合判定確率: 0.122 / → ヒモはやや固め。上位2艇以外を切ること', 'tenji_trigger': '展示確認: 1号艇伸び良→そのまま採用。悪→飛び組に差し替え。circle_pct上位2艇に絞り込むこと。'}",,,27.6,逃げ狙い,18.17,26.7,2,,,,,,,,,,,
2025-10-25,丸亀,12,1,石丸海渡,A1,34.48,1,◎,54.7053,,0,95.2,0.1129,1.8651,,,0,低,26,0,逃1%,31311,0,59.7,1.0113,0.875,,,,,0.0792,0.0125,0,◎,,C,○,,,0.687,,0.7447,S,83,0,◎1着固定 2-3着流し（5〜8点）,0.5777,"{'is_target': True, 'verdict': '参加推奨', 'max_combo_prob': 0.0758, 'est_top_odds': 17.6, 'circle_concentration': 64.6, 'eligible_count': 6, 'bet_adj': 2, 'reason': 'rel_win1=54.7%（本命度） / 最有力組み合わせ確率: 0.076（推定実オッズ?18倍） / 2着集中度: 上位2艇 64.6%（補正+0.00） / 総合判定確率: 0.076 / → ヒモ分散。1号艇1着固定で広めのヒモ流し推奨（買い目+2点）', 'tenji_trigger': '展示確認: ヒモ分散レース。1号艇伸び確認後、広めのヒモ流しを採用。穴ヒモ（5・6号艇）を積極的に含める。\n展示で1号艇スタート超安定(0.113秒)→ヒモ固まり方向に注意'}",,,29.7,逃げ狙い,29.96,22.8,4,,,,,0,0,0.7559,0,,逃げ軸流し,A
2025-10-25,丸亀,12,2,末永由楽,A1,27.59,2,△,12.6072,46.2,72,82.5,0.1405,2.9211,,,0,低,68,0,差0% ま0% 抜0%,11221,0,54.4,1.2941,0,0.2759,0.0345,0,0.0345,0.0824,0.1649,0.0716,,,D,,,0.1123,0.6295,,0.7447,S,83,0,◎1着固定 2-3着流し（5〜8点）,0.5777,"{'is_target': True, 'verdict': '参加推奨', 'max_combo_prob': 0.0758, 'est_top_odds': 17.6, 'circle_concentration': 64.6, 'eligible_count': 6, 'bet_adj': 2, 'reason': 'rel_win1=54.7%（本命度） / 最有力組み合わせ確率: 0.076（推定実オッズ?18倍） / 2着集中度: 上位2艇 64.6%（補正+0.00） / 総合判定確率: 0.076 / → ヒモ分散。1号艇1着固定で広めのヒモ流し推奨（買い目+2点）', 'tenji_trigger': '展示確認: ヒモ分散レース。1号艇伸び確認後、広めのヒモ流しを採用。穴ヒモ（5・6号艇）を積極的に含める。\n展示で1号艇スタート超安定(0.113秒)→ヒモ固まり方向に注意'}",,,29.7,逃げ狙い,29.96,22.8,4,,,,,,,,,,,
2025-10-25,丸亀,12,3,山崎　祥,B1,45.16,3,▲,9.4238,18.5,73,58.7,0.1707,3.3043,,,0,低,131,0,ま0% 差ま0%,44333,0,100,1.0604,0,0,0.1364,0.0909,0,0.3238,0,0.0667,,,A,,,0.1306,0.5955,,0.7447,S,83,0,◎1着固定 2-3着流し（5〜8点）,0.5777,"{'is_target': True, 'verdict': '参加推奨', 'max_combo_prob': 0.0758, 'est_top_odds': 17.6, 'circle_concentration': 64.6, 'eligible_count': 6, 'bet_adj': 2, 'reason': 'rel_win1=54.7%（本命度） / 最有力組み合わせ確率: 0.076（推定実オッズ?18倍） / 2着集中度: 上位2艇 64.6%（補正+0.00） / 総合判定確率: 0.076 / → ヒモ分散。1号艇1着固定で広めのヒモ流し推奨（買い目+2点）', 'tenji_trigger': '展示確認: ヒモ分散レース。1号艇伸び確認後、広めのヒモ流しを採用。穴ヒモ（5・6号艇）を積極的に含める。\n展示で1号艇スタート超安定(0.113秒)→ヒモ固まり方向に注意'}",,,29.7,逃げ狙い,29.96,22.8,4,,,,,,,,,,,
2025-10-25,丸亀,12,4,中澤和志,A1,15.79,4,,12.3687,16.3,70,71.8,0.1354,2.6923,,,0,低,46,0,差0% ま0% 差ま0%,124111,0,69.1,1.5062,0,0.1579,0.0526,0.1053,0,0.1099,0.1315,0.1207,,,E,△,◎,0.2227,0.6735,0.4927,0.7447,S,83,0,◎1着固定 2-3着流し（5〜8点）,0.5777,"{'is_target': True, 'verdict': '参加推奨', 'max_combo_prob': 0.0758, 'est_top_odds': 17.6, 'circle_concentration': 64.6, 'eligible_count': 6, 'bet_adj': 2, 'reason': 'rel_win1=54.7%（本命度） / 最有力組み合わせ確率: 0.076（推定実オッズ?18倍） / 2着集中度: 上位2艇 64.6%（補正+0.00） / 総合判定確率: 0.076 / → ヒモ分散。1号艇1着固定で広めのヒモ流し推奨（買い目+2点）', 'tenji_trigger': '展示確認: ヒモ分散レース。1号艇伸び確認後、広めのヒモ流しを採用。穴ヒモ（5・6号艇）を積極的に含める。\n展示で1号艇スタート超安定(0.113秒)→ヒモ固まり方向に注意'}",,,29.7,逃げ狙い,29.96,22.8,4,,,,,,,,,,,
2025-10-25,丸亀,12,5,永田啓二,A1,35.71,5,○,7.8414,12.7,100,69.4,0.1224,2.2041,,,0,低,50,0,ま0%,2 1512,0,43.1,1.0924,0,0,0.037,0.1111,0,0.2783,0.0089,0.0267,,,B,◎,○,0.2686,0.688,0.4768,0.7447,S,83,0,◎1着固定 2-3着流し（5〜8点）,0.5777,"{'is_target': True, 'verdict': '参加推奨', 'max_combo_prob': 0.0758, 'est_top_odds': 17.6, 'circle_concentration': 64.6, 'eligible_count': 6, 'bet_adj': 2, 'reason': 'rel_win1=54.7%（本命度） / 最有力組み合わせ確率: 0.076（推定実オッズ?18倍） / 2着集中度: 上位2艇 64.6%（補正+0.00） / 総合判定確率: 0.076 / → ヒモ分散。1号艇1着固定で広めのヒモ流し推奨（買い目+2点）', 'tenji_trigger': '展示確認: ヒモ分散レース。1号艇伸び確認後、広めのヒモ流しを採用。穴ヒモ（5・6号艇）を積極的に含める。\n展示で1号艇スタート超安定(0.113秒)→ヒモ固まり方向に注意'}",,,29.7,逃げ狙い,29.96,22.8,4,,,,,,,,,,,
2025-10-25,丸亀,12,6,船岡洋一,A1,23.81,6,,3.0537,6.4,90,59.5,0.1889,4.0946,,,0,低,67,0,差ま0%,152143,0,31,2.2236,0,0,0,0.0556,0,0.0811,0.027,0.1081,,,D,△,,0.1109,0.6315,,0.7447,S,83,0,◎1着固定 2-3着流し（5〜8点）,0.5777,"{'is_target': True, 'verdict': '参加推奨', 'max_combo_prob': 0.0758, 'est_top_odds': 17.6, 'circle_concentration': 64.6, 'eligible_count': 6, 'bet_adj': 2, 'reason': 'rel_win1=54.7%（本命度） / 最有力組み合わせ確率: 0.076（推定実オッズ?18倍） / 2着集中度: 上位2艇 64.6%（補正+0.00） / 総合判定確率: 0.076 / → ヒモ分散。1号艇1着固定で広めのヒモ流し推奨（買い目+2点）', 'tenji_trigger': '展示確認: ヒモ分散レース。1号艇伸び確認後、広めのヒモ流しを採用。穴ヒモ（5・6号艇）を積極的に含める。\n展示で1号艇スタート超安定(0.113秒)→ヒモ固まり方向に注意'}",,,29.7,逃げ狙い,29.96,22.8,4,,,,,,,,,,,
2025-10-30,丸亀,1,1,小野寺智,B1,26.67,1,◎,56.5724,,0,87.7,0.1182,2.5411,,,0,低,79,0,逃1%,,0,93.6,1.2693,0.4348,,,,,0.1217,0.0174,0.3096,◎,,C,△,,,0.6185,,0.6271,S,81,0,◎1着固定 2-3着流し（5〜8点）,0.5777,"{'is_target': True, 'verdict': '参加推奨', 'max_combo_prob': 0.07, 'est_top_odds': 19.1, 'circle_concentration': 70.1, 'eligible_count': 6, 'bet_adj': 2, 'reason': 'rel_win1=56.6%（本命度） / 最有力組み合わせ確率: 0.070（推定実オッズ?19倍） / 2着集中度: 上位2艇 70.1%（補正+0.04） / 総合判定確率: 0.110 / → ヒモ分散。1号艇1着固定で広めのヒモ流し推奨（買い目+2点）', 'tenji_trigger': '展示確認: ヒモ分散レース。1号艇伸び確認後、広めのヒモ流しを採用。穴ヒモ（5・6号艇）を積極的に含める。\n展示で1号艇スタート超安定(0.118秒)→ヒモ固まり方向に注意'}",,,27.1,逃げ狙い,14.32,28.7,3,,,,,0,0,0.7559,0,,逃げ軸流し,A
2025-10-30,丸亀,1,2,秋田健太,B1,30.77,2,○,8.2222,36,85,40,0.1565,3.5231,,,0,低,98,0,差0% ま0%,,0,44.5,0.691,0,0.04,0.04,0,0,0.4263,0.1053,0.0211,,,B,○,,0.0763,0.62,,0.6271,S,81,0,◎1着固定 2-3着流し（5〜8点）,0.5777,"{'is_target': True, 'verdict': '参加推奨', 'max_combo_prob': 0.07, 'est_top_odds': 19.1, 'circle_concentration': 70.1, 'eligible_count': 6, 'bet_adj': 2, 'reason': 'rel_win1=56.6%（本命度） / 最有力組み合わせ確率: 0.070（推定実オッズ?19倍） / 2着集中度: 上位2艇 70.1%（補正+0.04） / 総合判定確率: 0.110 / → ヒモ分散。1号艇1着固定で広めのヒモ流し推奨（買い目+2点）', 'tenji_trigger': '展示確認: ヒモ分散レース。1号艇伸び確認後、広めのヒモ流しを採用。穴ヒモ（5・6号艇）を積極的に含める。\n展示で1号艇スタート超安定(0.118秒)→ヒモ固まり方向に注意'}",,,27.1,逃げ狙い,14.32,28.7,3,,,,,,,,,,,
2025-10-30,丸亀,1,3,田頭虎親,B1,23.33,3,△,17.0137,34.1,100,61,0.1668,3.8049,,,0,低,121,0,-,,0,82.9,1.7298,0,0,0,0.1176,0,0.1,0.375,0.025,,,D,△,,0.1412,0.5945,,0.6271,S,81,0,◎1着固定 2-3着流し（5〜8点）,0.5777,"{'is_target': True, 'verdict': '参加推奨', 'max_combo_prob': 0.07, 'est_top_odds': 19.1, 'circle_concentration': 70.1, 'eligible_count': 6, 'bet_adj': 2, 'reason': 'rel_win1=56.6%（本命度） / 最有力組み合わせ確率: 0.070（推定実オッズ?19倍） / 2着集中度: 上位2艇 70.1%（補正+0.04） / 総合判定確率: 0.110 / → ヒモ分散。1号艇1着固定で広めのヒモ流し推奨（買い目+2点）', 'tenji_trigger': '展示確認: ヒモ分散レース。1号艇伸び確認後、広めのヒモ流しを採用。穴ヒモ（5・6号艇）を積極的に含める。\n展示で1号艇スタート超安定(0.118秒)→ヒモ固まり方向に注意'}",,,27.1,逃げ狙い,14.32,28.7,3,,,,,,,,,,,
2025-10-30,丸亀,1,4,来田衣織,B1,19.23,4,,7.5199,15.8,65,28.2,0.1754,3.3077,,,0,低,96,0,ま0%,,0,29.8,0.7153,0,0,0.0714,0,0,0,0.4,0,,,E,,,0.1212,0.585,,0.6271,S,81,0,◎1着固定 2-3着流し（5〜8点）,0.5777,"{'is_target': True, 'verdict': '参加推奨', 'max_combo_prob': 0.07, 'est_top_odds': 19.1, 'circle_concentration': 70.1, 'eligible_count': 6, 'bet_adj': 2, 'reason': 'rel_win1=56.6%（本命度） / 最有力組み合わせ確率: 0.070（推定実オッズ?19倍） / 2着集中度: 上位2艇 70.1%（補正+0.04） / 総合判定確率: 0.110 / → ヒモ分散。1号艇1着固定で広めのヒモ流し推奨（買い目+2点）', 'tenji_trigger': '展示確認: ヒモ分散レース。1号艇伸び確認後、広めのヒモ流しを採用。穴ヒモ（5・6号艇）を積極的に含める。\n展示で1号艇スタート超安定(0.118秒)→ヒモ固まり方向に注意'}",,,27.1,逃げ狙い,14.32,28.7,3,,,,,,,,,,,
2025-10-30,丸亀,1,5,久保田凪,B2,20.00,5,,5.2687,12.7,80,0,0.2129,4.1429,,,0,低,37,1,-,,0,24.8,0.7336,,,,,,,,,,,D,,,0.1398,0.447,,0.6271,S,81,0,◎1着固定 2-3着流し（5〜8点）,0.5777,"{'is_target': True, 'verdict': '参加推奨', 'max_combo_prob': 0.07, 'est_top_odds': 19.1, 'circle_concentration': 70.1, 'eligible_count': 6, 'bet_adj': 2, 'reason': 'rel_win1=56.6%（本命度） / 最有力組み合わせ確率: 0.070（推定実オッズ?19倍） / 2着集中度: 上位2艇 70.1%（補正+0.04） / 総合判定確率: 0.110 / → ヒモ分散。1号艇1着固定で広めのヒモ流し推奨（買い目+2点）', 'tenji_trigger': '展示確認: ヒモ分散レース。1号艇伸び確認後、広めのヒモ流しを採用。穴ヒモ（5・6号艇）を積極的に含める。\n展示で1号艇スタート超安定(0.118秒)→ヒモ固まり方向に注意'}",,,27.1,逃げ狙い,14.32,28.7,3,,,,,,,,,,,
2025-10-30,丸亀,1,6,桑原　啓,B1,31.25,6,▲,5.403,1.4,46,17.4,0.1574,4.0761,,,0,低,104,0,-,,0,25.8,0.9906,,,,,,0.3,0.22,0.18,,,B,◎,,0.1879,0.6545,,0.6271,S,81,0,◎1着固定 2-3着流し（5〜8点）,0.5777,"{'is_target': True, 'verdict': '参加推奨', 'max_combo_prob': 0.07, 'est_top_odds': 19.1, 'circle_concentration': 70.1, 'eligible_count': 6, 'bet_adj': 2, 'reason': 'rel_win1=56.6%（本命度） / 最有力組み合わせ確率: 0.070（推定実オッズ?19倍） / 2着集中度: 上位2艇 70.1%（補正+0.04） / 総合判定確率: 0.110 / → ヒモ分散。1号艇1着固定で広めのヒモ流し推奨（買い目+2点）', 'tenji_trigger': '展示確認: ヒモ分散レース。1号艇伸び確認後、広めのヒモ流しを採用。穴ヒモ（5・6号艇）を積極的に含める。\n展示で1号艇スタート超安定(0.118秒)→ヒモ固まり方向に注意'}",,,27.1,逃げ狙い,14.32,28.7,3,,,,,,,,,,,
2025-10-30,丸亀,2,1,近藤稔也,B1,47.62,1,◎,38.7064,,0,52.7,0.2005,4.4091,,,0,低,180,0,-,,0,100,2.9374,0.2,,,,,0.368,0.32,0.064,,,A,△,,,0.609,,0.0919,D,30,1,大荒れ。見送り推奨,0.5777,"{'is_target': False, 'verdict': '対象外', 'max_combo_prob': None, 'est_top_odds': None, 'circle_concentration': None, 'eligible_count': 0, 'bet_adj': 0, 'reason': '1号艇rel_win1 < 45%: 通常判定に委ねる', 'tenji_trigger': ''}",,,39.3,両建て推奨,21.15,43.5,2,2-1-3|2-1-5|2-1-4|2-3-1|2-5-1|2-5-3|2-3-5|1-2-5|1-2-3|1-3-2|1-3-5,2-1-3|2-1-5|2-1-4|2-3-1|2-5-1|2-5-3|2-3-5|1-2-5|1-2-3|6-1-3|1-3-2|1-3-5,2-1-3:3.78%|2-1-5:1.72%|2-1-4:1.61%|2-3-1:1.14%|2-5-1:0.56%|2-5-3:0.4%|2-3-5:0.37%|1-2-5:5.84%|1-2-3:5.46%|1-3-2:4.33%|1-3-5:4.24%,2-1-3:B_main|2-1-5:B_main|2-1-4:B_main|2-3-1:B_main|2-5-1:B_main|2-5-3:B_main|2-3-5:B_main|1-2-5:A|1-2-3:A|1-3-2:A|1-3-5:A,11,12,0.2915,1,[!]見送り推奨（主役決まり手「差し」― 逃げ劣勢レースで的中実績なし）,主役軸流し,B
2025-10-30,丸亀,2,2,平高奈菜,A1,22.50,2,△,20.1985,45.8,77,75,0.1575,3.1875,,,0,低,46,0,-,,0,66,1.3543,0,0.1667,0,0,0,0.2,0,0.1333,,◎,D,○,,0.644,0.6215,,0.0919,D,30,1,大荒れ。見送り推奨,0.5777,"{'is_target': False, 'verdict': '対象外', 'max_combo_prob': None, 'est_top_odds': None, 'circle_concentration': None, 'eligible_count': 0, 'bet_adj': 0, 'reason': '1号艇rel_win1 < 45%: 通常判定に委ねる', 'tenji_trigger': ''}",,,39.3,両建て推奨,21.15,43.5,2,,,,,,,,,,,
2025-10-30,丸亀,2,3,高橋　勲,A2,40.48,3,○,19.5717,29.3,100,65,0.1503,3.075,,,0,低,68,0,-,,0,48.2,1.1265,0,0,0,0.1429,0.0357,0.1421,0.1421,0.2263,,○,B,,,0.5354,0.565,,0.0919,D,30,1,大荒れ。見送り推奨,0.5777,"{'is_target': False, 'verdict': '対象外', 'max_combo_prob': None, 'est_top_odds': None, 'circle_concentration': None, 'eligible_count': 0, 'bet_adj': 0, 'reason': '1号艇rel_win1 < 45%: 通常判定に委ねる', 'tenji_trigger': ''}",,,39.3,両建て推奨,21.15,43.5,2,,,,,,,,,,,
2025-10-30,丸亀,2,4,野中義生,B1,25.93,4,▲,10.4413,10.5,54,35.3,0.1294,2.951,,,0,低,79,0,-,,0,42.5,0.9043,,,,,,0.06,0.46,0.36,,△,D,△,,0.5328,0.6175,,0.0919,D,30,1,大荒れ。見送り推奨,0.5777,"{'is_target': False, 'verdict': '対象外', 'max_combo_prob': None, 'est_top_odds': None, 'circle_concentration': None, 'eligible_count': 0, 'bet_adj': 0, 'reason': '1号艇rel_win1 < 45%: 通常判定に委ねる', 'tenji_trigger': ''}",,,39.3,両建て推奨,21.15,43.5,2,,,,,,,,,,,
2025-10-30,丸亀,2,5,山崎昂介,B1,27.03,5,,8.9001,14.1,59,37.9,0.1659,3.7155,,,0,低,138,0,差ま0%,,0,54.4,1.1107,0,0.0357,0,0.0357,0.0357,0.0444,0.0667,0.2844,,,C,◎,◎,0.4377,0.64,0.2746,0.0919,D,30,1,大荒れ。見送り推奨,0.5777,"{'is_target': False, 'verdict': '対象外', 'max_combo_prob': None, 'est_top_odds': None, 'circle_concentration': None, 'eligible_count': 0, 'bet_adj': 0, 'reason': '1号艇rel_win1 < 45%: 通常判定に委ねる', 'tenji_trigger': ''}",,,39.3,両建て推奨,21.15,43.5,2,,,,,,,,,,,
2025-10-30,丸亀,2,6,日高龍之,B2,22.22,6,,2.1821,0.3,12,3.3,0.2102,4.5656,,,0,低,49,0,-,,0,27.4,0.5461,0,0,0,0.0164,0,,,,,,E,,,0.2952,0.529,,0.0919,D,30,1,大荒れ。見送り推奨,0.5777,"{'is_target': False, 'verdict': '対象外', 'max_combo_prob': None, 'est_top_odds': None, 'circle_concentration': None, 'eligible_count': 0, 'bet_adj': 0, 'reason': '1号艇rel_win1 < 45%: 通常判定に委ねる', 'tenji_trigger': ''}",,,39.3,両建て推奨,21.15,43.5,2,,,,,,,,,,,
2025-10-30,丸亀,3,1,安達美帆,B1,25.00,1,◎,47.6852,,0,50,0.1675,4,,,0,低,49,0,-,,0,35.8,0.7004,,,,,,0.25,0.5,0.25,,,C,,,,0.53,,0.1597,C,37,0,荒れ傾向。高配当狙いか見送り,0.5777,"{'is_target': True, 'verdict': '参加推奨', 'max_combo_prob': 0.0514, 'est_top_odds': 25.9, 'circle_concentration': 62.8, 'eligible_count': 6, 'bet_adj': 2, 'reason': 'rel_win1=47.7%（本命度） / 最有力組み合わせ確率: 0.051（推定実オッズ?26倍） / 2着集中度: 上位2艇 62.8%（補正+0.00） / 総合判定確率: 0.051 / → ヒモ分散。1号艇1着固定で広めのヒモ流し推奨（買い目+2点）', 'tenji_trigger': '展示確認: ヒモ分散レース。1号艇伸び確認後、広めのヒモ流しを採用。穴ヒモ（5・6号艇）を積極的に含める。'}",,,27,両建て推奨,11.28,45.3,4,2-1-3|2-1-5|2-1-6|2-3-1|2-5-1|2-5-3|2-3-5|1-2-5|1-3-5|1-2-6,2-1-3|2-1-5|2-1-6|2-3-1|2-5-1|2-5-3|2-3-5|4-5-6|1-2-5|5-1-6|1-3-5|1-2-6,2-1-3:2.97%|2-1-5:2.15%|2-1-6:1.39%|2-3-1:0.9%|2-5-1:0.68%|2-5-3:0.5%|2-3-5:0.48%|1-2-5:4.69%|1-3-5:4.23%|1-2-6:3.75%,2-1-3:B_main|2-1-5:B_main|2-1-6:B_main|2-3-1:B_main|2-5-1:B_main|2-5-3:B_main|2-3-5:B_main|1-2-5:A|1-3-5:A|1-2-6:A,10,12,0.2915,1,[!]見送り推奨（主役決まり手「差し」― 逃げ劣勢レースで的中実績なし）,主役軸流し,B
2025-10-30,丸亀,3,2,山田真聖,B1,27.27,2,○,13.1642,32.7,89,39.2,0.1539,3.451,,,0,低,94,0,差0% ま0%,,0,23.4,0.6981,0,0.04,0.04,0,0,0.0952,0.1771,0.019,,◎,B,△,,0.444,0.619,,0.1597,C,37,0,荒れ傾向。高配当狙いか見送り,0.5777,"{'is_target': True, 'verdict': '参加推奨', 'max_combo_prob': 0.0514, 'est_top_odds': 25.9, 'circle_concentration': 62.8, 'eligible_count': 6, 'bet_adj': 2, 'reason': 'rel_win1=47.7%（本命度） / 最有力組み合わせ確率: 0.051（推定実オッズ?26倍） / 2着集中度: 上位2艇 62.8%（補正+0.00） / 総合判定確率: 0.051 / → ヒモ分散。1号艇1着固定で広めのヒモ流し推奨（買い目+2点）', 'tenji_trigger': '展示確認: ヒモ分散レース。1号艇伸び確認後、広めのヒモ流しを採用。穴ヒモ（5・6号艇）を積極的に含める。'}",,,27,両建て推奨,11.28,45.3,4,,,,,,,,,,,
2025-10-30,丸亀,3,3,吉田一郎,A2,14.29,3,△,11.9229,30.2,87,56.2,0.1404,3.2812,,,0,低,66,0,ま0% 差ま0%,,0,41.9,1.0829,0,0,0.0769,0.0385,0,0.1221,0.0316,0.1326,,○,E,○,,0.4304,0.6245,,0.1597,C,37,0,荒れ傾向。高配当狙いか見送り,0.5777,"{'is_target': True, 'verdict': '参加推奨', 'max_combo_prob': 0.0514, 'est_top_odds': 25.9, 'circle_concentration': 62.8, 'eligible_count': 6, 'bet_adj': 2, 'reason': 'rel_win1=47.7%（本命度） / 最有力組み合わせ確率: 0.051（推定実オッズ?26倍） / 2着集中度: 上位2艇 62.8%（補正+0.00） / 総合判定確率: 0.051 / → ヒモ分散。1号艇1着固定で広めのヒモ流し推奨（買い目+2点）', 'tenji_trigger': '展示確認: ヒモ分散レース。1号艇伸び確認後、広めのヒモ流しを採用。穴ヒモ（5・6号艇）を積極的に含める。'}",,,27,両建て推奨,11.28,45.3,4,,,,,,,,,,,
2025-10-30,丸亀,3,4,渡　修平,B1,38.10,4,▲,12.8297,10.3,54,26.9,0.1862,4.0673,,,0,低,148,0,ま0% 差ま0%,,0,33.2,0.8874,0,0,0.0741,0.037,0,0.0235,0.1906,0.1906,,,A,,○,0.223,0.6,0.1838,0.1597,C,37,0,荒れ傾向。高配当狙いか見送り,0.5777,"{'is_target': True, 'verdict': '参加推奨', 'max_combo_prob': 0.0514, 'est_top_odds': 25.9, 'circle_concentration': 62.8, 'eligible_count': 6, 'bet_adj': 2, 'reason': 'rel_win1=47.7%（本命度） / 最有力組み合わせ確率: 0.051（推定実オッズ?26倍） / 2着集中度: 上位2艇 62.8%（補正+0.00） / 総合判定確率: 0.051 / → ヒモ分散。1号艇1着固定で広めのヒモ流し推奨（買い目+2点）', 'tenji_trigger': '展示確認: ヒモ分散レース。1号艇伸び確認後、広めのヒモ流しを採用。穴ヒモ（5・6号艇）を積極的に含める。'}",,,27,両建て推奨,11.28,45.3,4,,,,,,,,,,,
2025-10-30,丸亀,3,5,原　豊土,A2,25.00,5,,11.9292,23.3,100,54.5,0.1708,3.75,,,0,低,122,0,-,,0,100,2.5031,0,0,0,0.0741,0.037,0.1711,0,0.0632,,,C,△,◎,0.2801,0.6015,0.3347,0.1597,C,37,0,荒れ傾向。高配当狙いか見送り,0.5777,"{'is_target': True, 'verdict': '参加推奨', 'max_combo_prob': 0.0514, 'est_top_odds': 25.9, 'circle_concentration': 62.8, 'eligible_count': 6, 'bet_adj': 2, 'reason': 'rel_win1=47.7%（本命度） / 最有力組み合わせ確率: 0.051（推定実オッズ?26倍） / 2着集中度: 上位2艇 62.8%（補正+0.00） / 総合判定確率: 0.051 / → ヒモ分散。1号艇1着固定で広めのヒモ流し推奨（買い目+2点）', 'tenji_trigger': '展示確認: ヒモ分散レース。1号艇伸び確認後、広めのヒモ流しを採用。穴ヒモ（5・6号艇）を積極的に含める。'}",,,27,両建て推奨,11.28,45.3,4,,,,,,,,,,,
2025-10-30,丸亀,3,6,今村暢孝,A1,23.68,6,,2.4687,3.6,62,,,,,,0,低,25,1,-,,0,,,,,,,,,,,,,D,◎,,0.3127,0.669,0.15,0.1597,C,37,0,荒れ傾向。高配当狙いか見送り,0.5777,"{'is_target': True, 'verdict': '参加推奨', 'max_combo_prob': 0.0514, 'est_top_odds': 25.9, 'circle_concentration': 62.8, 'eligible_count': 6, 'bet_adj': 2, 'reason': 'rel_win1=47.7%（本命度） / 最有力組み合わせ確率: 0.051（推定実オッズ?26倍） / 2着集中度: 上位2艇 62.8%（補正+0.00） / 総合判定確率: 0.051 / → ヒモ分散。1号艇1着固定で広めのヒモ流し推奨（買い目+2点）', 'tenji_trigger': '展示確認: ヒモ分散レース。1号艇伸び確認後、広めのヒモ流しを採用。穴ヒモ（5・6号艇）を積極的に含める。'}",,,27,両建て推奨,11.28,45.3,4,,,,,,,,,,,
2025-10-30,丸亀,4,1,岡部　浩,B1,33.33,1,◎,48.8111,,0,60,0.1269,2.3333,,,0,低,155,0,逃0%,,0,59.9,0.8079,0.1667,,,,,0.2311,0.2311,0.0667,◎,,B,,,,0.5865,,0.5377,B,49,0,◎○△フォーメーション（15〜20点）,0.5777,"{'is_target': True, 'verdict': '参加推奨', 'max_combo_prob': 0.0543, 'est_top_odds': 24.5, 'circle_concentration': 60.5, 'eligible_count': 9, 'bet_adj': 2, 'reason': 'rel_win1=48.8%（本命度） / 最有力組み合わせ確率: 0.054（推定実オッズ?24倍） / 2着集中度: 上位2艇 60.5%（補正+0.00） / 総合判定確率: 0.054 / → ヒモ分散。1号艇1着固定で広めのヒモ流し推奨（買い目+2点）', 'tenji_trigger': '展示確認: ヒモ分散レース。1号艇伸び確認後、広めのヒモ流しを採用。穴ヒモ（5・6号艇）を積極的に含める。\n展示で1号艇スタート超安定(0.127秒)→ヒモ固まり方向に注意'}",,,29.6,両建て推奨,14.97,35.3,2,,,,,0,0,0.7559,0,,逃げ軸流し,A
2025-10-30,丸亀,4,2,田代達也,B1,32.14,2,▲,13.1916,20.2,100,33.9,0.1734,3.5893,,,0,低,87,0,-,,0,28.5,0.6341,,,,,,0.0471,0.4412,0.4176,,,C,△,,0.1122,0.604,,0.5377,B,49,0,◎○△フォーメーション（15〜20点）,0.5777,"{'is_target': True, 'verdict': '参加推奨', 'max_combo_prob': 0.0543, 'est_top_odds': 24.5, 'circle_concentration': 60.5, 'eligible_count': 9, 'bet_adj': 2, 'reason': 'rel_win1=48.8%（本命度） / 最有力組み合わせ確率: 0.054（推定実オッズ?24倍） / 2着集中度: 上位2艇 60.5%（補正+0.00） / 総合判定確率: 0.054 / → ヒモ分散。1号艇1着固定で広めのヒモ流し推奨（買い目+2点）', 'tenji_trigger': '展示確認: ヒモ分散レース。1号艇伸び確認後、広めのヒモ流しを採用。穴ヒモ（5・6号艇）を積極的に含める。\n展示で1号艇スタート超安定(0.127秒)→ヒモ固まり方向に注意'}",,,29.6,両建て推奨,14.97,35.3,2,,,,,,,,,,,
2025-10-30,丸亀,4,3,森安弘雅,A2,29.03,3,△,16.2667,33.5,85,50.7,0.1718,3.7183,,,0,低,178,0,ま0%,,0,83.5,1.5492,0,0,0.0968,0.0323,0,0.0167,0.1833,0.2,,,D,△,,0.1555,0.6065,,0.5377,B,49,0,◎○△フォーメーション（15〜20点）,0.5777,"{'is_target': True, 'verdict': '参加推奨', 'max_combo_prob': 0.0543, 'est_top_odds': 24.5, 'circle_concentration': 60.5, 'eligible_count': 9, 'bet_adj': 2, 'reason': 'rel_win1=48.8%（本命度） / 最有力組み合わせ確率: 0.054（推定実オッズ?24倍） / 2着集中度: 上位2艇 60.5%（補正+0.00） / 総合判定確率: 0.054 / → ヒモ分散。1号艇1着固定で広めのヒモ流し推奨（買い目+2点）', 'tenji_trigger': '展示確認: ヒモ分散レース。1号艇伸び確認後、広めのヒモ流しを採用。穴ヒモ（5・6号艇）を積極的に含める。\n展示で1号艇スタート超安定(0.127秒)→ヒモ固まり方向に注意'}",,,29.6,両建て推奨,14.97,35.3,2,,,,,,,,,,,
2025-10-30,丸亀,4,4,津田裕絵,B1,25.00,4,,13.0952,27,99,57.6,0.1855,4.1061,,,0,低,108,0,差ま0%,,0,74,1.3149,0,0,0,0.0667,0,0,0.46,0,,,E,,,0.1488,0.596,,0.5377,B,49,0,◎○△フォーメーション（15〜20点）,0.5777,"{'is_target': True, 'verdict': '参加推奨', 'max_combo_prob': 0.0543, 'est_top_odds': 24.5, 'circle_concentration': 60.5, 'eligible_count': 9, 'bet_adj': 2, 'reason': 'rel_win1=48.8%（本命度） / 最有力組み合わせ確率: 0.054（推定実オッズ?24倍） / 2着集中度: 上位2艇 60.5%（補正+0.00） / 総合判定確率: 0.054 / → ヒモ分散。1号艇1着固定で広めのヒモ流し推奨（買い目+2点）', 'tenji_trigger': '展示確認: ヒモ分散レース。1号艇伸び確認後、広めのヒモ流しを採用。穴ヒモ（5・6号艇）を積極的に含める。\n展示で1号艇スタート超安定(0.127秒)→ヒモ固まり方向に注意'}",,,29.6,両建て推奨,14.97,35.3,2,,,,,,,,,,,
2025-10-30,丸亀,4,5,下河誉史,A2,29.73,5,,5.832,11.2,44,23.3,0.2033,4.3256,,,0,低,163,0,-,,0,24.3,0.7479,,,,,,0.1585,0.1683,0.0293,,,D,○,,0.1725,0.6355,,0.5377,B,49,0,◎○△フォーメーション（15〜20点）,0.5777,"{'is_target': True, 'verdict': '参加推奨', 'max_combo_prob': 0.0543, 'est_top_odds': 24.5, 'circle_concentration': 60.5, 'eligible_count': 9, 'bet_adj': 2, 'reason': 'rel_win1=48.8%（本命度） / 最有力組み合わせ確率: 0.054（推定実オッズ?24倍） / 2着集中度: 上位2艇 60.5%（補正+0.00） / 総合判定確率: 0.054 / → ヒモ分散。1号艇1着固定で広めのヒモ流し推奨（買い目+2点）', 'tenji_trigger': '展示確認: ヒモ分散レース。1号艇伸び確認後、広めのヒモ流しを採用。穴ヒモ（5・6号艇）を積極的に含める。\n展示で1号艇スタート超安定(0.127秒)→ヒモ固まり方向に注意'}",,,29.6,両建て推奨,14.97,35.3,2,,,,,,,,,,,
2025-10-30,丸亀,4,6,横田貴満,A1,39.47,6,○,2.8034,8.1,58,38.2,0.1582,3.8091,,,0,低,87,0,-,,0,26.3,0.6156,0,0,0.0455,0,0,0.1446,0.0435,0.1011,,,B,◎,,0.2196,0.6885,,0.5377,B,49,0,◎○△フォーメーション（15〜20点）,0.5777,"{'is_target': True, 'verdict': '参加推奨', 'max_combo_prob': 0.0543, 'est_top_odds': 24.5, 'circle_concentration': 60.5, 'eligible_count': 9, 'bet_adj': 2, 'reason': 'rel_win1=48.8%（本命度） / 最有力組み合わせ確率: 0.054（推定実オッズ?24倍） / 2着集中度: 上位2艇 60.5%（補正+0.00） / 総合判定確率: 0.054 / → ヒモ分散。1号艇1着固定で広めのヒモ流し推奨（買い目+2点）', 'tenji_trigger': '展示確認: ヒモ分散レース。1号艇伸び確認後、広めのヒモ流しを採用。穴ヒモ（5・6号艇）を積極的に含める。\n展示で1号艇スタート超安定(0.127秒)→ヒモ固まり方向に注意'}",,,29.6,両建て推奨,14.97,35.3,2,,,,,,,,,,,
2025-10-30,丸亀,5,1,谷口佳蓮,B1,21.43,1,◎,52.7755,,0,80,0.1367,2.7,,,0,低,45,0,逃1%,,0,83.7,1.1629,0.5455,,,,,0.1091,0,0.2727,◎⚠️,,D,,,,0.5715,,0.56,A,75,0,◎-○軸 3着3〜4艇流し（10〜15点）,0.5777,"{'is_target': True, 'verdict': '点数絞り', 'max_combo_prob': 0.0866, 'est_top_odds': 15.4, 'circle_concentration': 77.0, 'eligible_count': 8, 'bet_adj': 0, 'reason': 'rel_win1=52.8%（本命度） / 最有力組み合わせ確率: 0.087（推定実オッズ?15倍） / 2着集中度: 上位2艇 77.0%（補正+0.04） / 総合判定確率: 0.127 / → ヒモはやや固め。上位2艇以外を切ること', 'tenji_trigger': '展示確認: 1号艇伸び良→そのまま採用。悪→飛び組に差し替え。circle_pct上位2艇に絞り込むこと。\n展示で1号艇スタート超安定(0.137秒)→ヒモ固まり方向に注意'}",,,27.1,逃げ狙い,14.2,28.9,4,2-1-4|2-1-3|2-1-5|2-3-1|2-4-1|2-3-4|2-4-3|1-2-4|1-4-2|1-2-3,2-1-4|2-1-3|2-1-5|2-3-1|2-4-1|2-3-4|2-4-3|1-2-4|6-1-4|1-4-2|1-2-3|6-4-1,2-1-4:0.67%|2-1-3:0.55%|2-1-5:0.19%|2-3-1:0.18%|2-4-1:0.11%|2-3-4:0.06%|2-4-3:0.03%|1-2-4:6.4%|1-4-2:4.35%|1-2-3:4.28%,2-1-4:B_main|2-1-3:B_main|2-1-5:B_main|2-3-1:B_main|2-4-1:B_main|2-3-4:B_main|2-4-3:B_main|1-2-4:A|1-4-2:A|1-2-3:A,10,12,0.4535,1,[!]見送り推奨（主役決まり手「差し」― 逃げ劣勢レースで的中実績なし）,主役軸流し,B
2025-10-30,丸亀,5,2,山ノ内雅,A2,21.43,2,,11.7573,46.7,100,62.1,0.1609,3.7424,,,0,低,97,0,-,,0,94.3,1.7676,0,0.0312,0.0312,0,0,0.1041,0.0432,0.0324,,,D,◎,,0.0637,0.6915,,0.56,A,75,0,◎-○軸 3着3〜4艇流し（10〜15点）,0.5777,"{'is_target': True, 'verdict': '点数絞り', 'max_combo_prob': 0.0866, 'est_top_odds': 15.4, 'circle_concentration': 77.0, 'eligible_count': 8, 'bet_adj': 0, 'reason': 'rel_win1=52.8%（本命度） / 最有力組み合わせ確率: 0.087（推定実オッズ?15倍） / 2着集中度: 上位2艇 77.0%（補正+0.04） / 総合判定確率: 0.127 / → ヒモはやや固め。上位2艇以外を切ること', 'tenji_trigger': '展示確認: 1号艇伸び良→そのまま採用。悪→飛び組に差し替え。circle_pct上位2艇に絞り込むこと。\n展示で1号艇スタート超安定(0.137秒)→ヒモ固まり方向に注意'}",,,27.1,逃げ狙い,14.2,28.9,4,,,,,,,,,,,
2025-10-30,丸亀,5,3,渥美卓郎,B1,10.71,3,,7.3423,16,80,31,0.1897,4.0423,,,0,低,188,0,ま0%,,0,60,0.641,0,0,0.0345,0,0,0.25,0.02,0.25,,,E,△,,0.108,0.615,,0.56,A,75,0,◎-○軸 3着3〜4艇流し（10〜15点）,0.5777,"{'is_target': True, 'verdict': '点数絞り', 'max_combo_prob': 0.0866, 'est_top_odds': 15.4, 'circle_concentration': 77.0, 'eligible_count': 8, 'bet_adj': 0, 'reason': 'rel_win1=52.8%（本命度） / 最有力組み合わせ確率: 0.087（推定実オッズ?15倍） / 2着集中度: 上位2艇 77.0%（補正+0.04） / 総合判定確率: 0.127 / → ヒモはやや固め。上位2艇以外を切ること', 'tenji_trigger': '展示確認: 1号艇伸び良→そのまま採用。悪→飛び組に差し替え。circle_pct上位2艇に絞り込むこと。\n展示で1号艇スタート超安定(0.137秒)→ヒモ固まり方向に注意'}",,,27.1,逃げ狙い,14.2,28.9,4,,,,,,,,,,,
2025-10-30,丸亀,5,4,井本昌也,A1,21.88,4,○,16.7601,30.4,90,63.5,0.1525,2.8462,,,0,低,62,0,ま0%,,0,82.5,1.5655,0,0,0.1667,0,0,0.2333,0.2667,0.0167,,,C,○,◎,0.2657,0.6625,0.3551,0.56,A,75,0,◎-○軸 3着3〜4艇流し（10〜15点）,0.5777,"{'is_target': True, 'verdict': '点数絞り', 'max_combo_prob': 0.0866, 'est_top_odds': 15.4, 'circle_concentration': 77.0, 'eligible_count': 8, 'bet_adj': 0, 'reason': 'rel_win1=52.8%（本命度） / 最有力組み合わせ確率: 0.087（推定実オッズ?15倍） / 2着集中度: 上位2艇 77.0%（補正+0.04） / 総合判定確率: 0.127 / → ヒモはやや固め。上位2艇以外を切ること', 'tenji_trigger': '展示確認: 1号艇伸び良→そのまま採用。悪→飛び組に差し替え。circle_pct上位2艇に絞り込むこと。\n展示で1号艇スタート超安定(0.137秒)→ヒモ固まり方向に注意'}",,,27.1,逃げ狙い,14.2,28.9,4,,,,,,,,,,,
2025-10-30,丸亀,5,5,近藤友宝,B1,30.56,5,▲,4.803,4.2,34,15.8,0.1754,3.9649,,,0,低,119,0,-,,0,34.1,0.7033,,,,,,0.2889,0.2111,0.1667,,,B,△,,0.1852,0.5765,,0.56,A,75,0,◎-○軸 3着3〜4艇流し（10〜15点）,0.5777,"{'is_target': True, 'verdict': '点数絞り', 'max_combo_prob': 0.0866, 'est_top_odds': 15.4, 'circle_concentration': 77.0, 'eligible_count': 8, 'bet_adj': 0, 'reason': 'rel_win1=52.8%（本命度） / 最有力組み合わせ確率: 0.087（推定実オッズ?15倍） / 2着集中度: 上位2艇 77.0%（補正+0.04） / 総合判定確率: 0.127 / → ヒモはやや固め。上位2艇以外を切ること', 'tenji_trigger': '展示確認: 1号艇伸び良→そのまま採用。悪→飛び組に差し替え。circle_pct上位2艇に絞り込むこと。\n展示で1号艇スタート超安定(0.137秒)→ヒモ固まり方向に注意'}",,,27.1,逃げ狙い,14.2,28.9,4,,,,,,,,,,,
2025-10-30,丸亀,5,6,立間充宏,A2,28.57,6,△,6.5618,2.8,52,24.1,0.1765,4.0278,,,0,低,88,0,差0%,,0,31,1.2489,0,0.0385,0,0,0,0.2727,0.1182,0.0727,,,B,,,0.1518,0.5755,,0.56,A,75,0,◎-○軸 3着3〜4艇流し（10〜15点）,0.5777,"{'is_target': True, 'verdict': '点数絞り', 'max_combo_prob': 0.0866, 'est_top_odds': 15.4, 'circle_concentration': 77.0, 'eligible_count': 8, 'bet_adj': 0, 'reason': 'rel_win1=52.8%（本命度） / 最有力組み合わせ確率: 0.087（推定実オッズ?15倍） / 2着集中度: 上位2艇 77.0%（補正+0.04） / 総合判定確率: 0.127 / → ヒモはやや固め。上位2艇以外を切ること', 'tenji_trigger': '展示確認: 1号艇伸び良→そのまま採用。悪→飛び組に差し替え。circle_pct上位2艇に絞り込むこと。\n展示で1号艇スタート超安定(0.137秒)→ヒモ固まり方向に注意'}",,,27.1,逃げ狙い,14.2,28.9,4,,,,,,,,,,,
2025-10-30,丸亀,6,1,高濱芳久,A2,31.71,1,◎,54.6356,,0,84.2,0.1733,3.8421,,,0,低,114,0,逃0%,,0,65.9,1.0803,0.4848,,,,,0.0485,0.1485,0.1485,○,,B,○,,,0.6335,,0.3351,A,75,0,◎-○軸 3着3〜4艇流し（10〜15点）,0.5777,"{'is_target': True, 'verdict': '参加推奨', 'max_combo_prob': 0.0744, 'est_top_odds': 17.9, 'circle_concentration': 66.1, 'eligible_count': 8, 'bet_adj': 2, 'reason': 'rel_win1=54.6%（本命度） / 最有力組み合わせ確率: 0.074（推定実オッズ?18倍） / 2着集中度: 上位2艇 66.1%（補正+0.00） / 総合判定確率: 0.074 / → ヒモ分散。1号艇1着固定で広めのヒモ流し推奨（買い目+2点）', 'tenji_trigger': '展示確認: ヒモ分散レース。1号艇伸び確認後、広めのヒモ流しを採用。穴ヒモ（5・6号艇）を積極的に含める。'}",,,28,逃げ狙い,16.67,29.3,2,,,,,0,0,0.6155,0,,逃げ軸流し,A
2025-10-30,丸亀,6,2,竹田吉行,A2,31.03,2,○,15.0042,49.6,81,60.6,0.1634,3.2746,,,0,低,115,0,差0% ま0%,,0,38.7,1.0171,0,0.0625,0.0625,0,0,0.0606,0.0825,0.2452,,△,B,△,,0.4202,0.63,,0.3351,A,75,0,◎-○軸 3着3〜4艇流し（10〜15点）,0.5777,"{'is_target': True, 'verdict': '参加推奨', 'max_combo_prob': 0.0744, 'est_top_odds': 17.9, 'circle_concentration': 66.1, 'eligible_count': 8, 'bet_adj': 2, 'reason': 'rel_win1=54.6%（本命度） / 最有力組み合わせ確率: 0.074（推定実オッズ?18倍） / 2着集中度: 上位2艇 66.1%（補正+0.00） / 総合判定確率: 0.074 / → ヒモ分散。1号艇1着固定で広めのヒモ流し推奨（買い目+2点）', 'tenji_trigger': '展示確認: ヒモ分散レース。1号艇伸び確認後、広めのヒモ流しを採用。穴ヒモ（5・6号艇）を積極的に含める。'}",,,28,逃げ狙い,16.67,29.3,2,,,,,,,,,,,
2025-10-30,丸亀,6,3,岡部　哲,B1,23.08,3,,14.475,15.4,95,50,0.143,2.7963,,,0,低,119,0,ま0%,,0,40.3,1.1056,0,0,0.0455,0,0,0.1762,0.3762,0.2143,,◎,E,,,0.4523,0.6265,,0.3351,A,75,0,◎-○軸 3着3〜4艇流し（10〜15点）,0.5777,"{'is_target': True, 'verdict': '参加推奨', 'max_combo_prob': 0.0744, 'est_top_odds': 17.9, 'circle_concentration': 66.1, 'eligible_count': 8, 'bet_adj': 2, 'reason': 'rel_win1=54.6%（本命度） / 最有力組み合わせ確率: 0.074（推定実オッズ?18倍） / 2着集中度: 上位2艇 66.1%（補正+0.00） / 総合判定確率: 0.074 / → ヒモ分散。1号艇1着固定で広めのヒモ流し推奨（買い目+2点）', 'tenji_trigger': '展示確認: ヒモ分散レース。1号艇伸び確認後、広めのヒモ流しを採用。穴ヒモ（5・6号艇）を積極的に含める。'}",,,28,逃げ狙い,16.67,29.3,2,,,,,,,,,,,
2025-10-30,丸亀,6,4,小林孝弘,B1,28.21,4,△,4.5798,16.5,100,46,0.1642,3.2568,,,0,低,119,0,差ま0%,,0,100,0.8581,0,0,0,0.04,0,0.0762,0.2262,0.2071,,,C,△,,0.3415,0.632,,0.3351,A,75,0,◎-○軸 3着3〜4艇流し（10〜15点）,0.5777,"{'is_target': True, 'verdict': '参加推奨', 'max_combo_prob': 0.0744, 'est_top_odds': 17.9, 'circle_concentration': 66.1, 'eligible_count': 8, 'bet_adj': 2, 'reason': 'rel_win1=54.6%（本命度） / 最有力組み合わせ確率: 0.074（推定実オッズ?18倍） / 2着集中度: 上位2艇 66.1%（補正+0.00） / 総合判定確率: 0.074 / → ヒモ分散。1号艇1着固定で広めのヒモ流し推奨（買い目+2点）', 'tenji_trigger': '展示確認: ヒモ分散レース。1号艇伸び確認後、広めのヒモ流しを採用。穴ヒモ（5・6号艇）を積極的に含める。'}",,,28,逃げ狙い,16.67,29.3,2,,,,,,,,,,,
2025-10-30,丸亀,6,5,仁科さや,B2,24.14,5,,4.6029,11.2,81,31.2,0.21,4.1562,,,0,低,24,0,-,,0,26.6,0.9198,,,,,,0.1667,0.3333,0,,,D,,,0.2192,0.6165,,0.3351,A,75,0,◎-○軸 3着3〜4艇流し（10〜15点）,0.5777,"{'is_target': True, 'verdict': '参加推奨', 'max_combo_prob': 0.0744, 'est_top_odds': 17.9, 'circle_concentration': 66.1, 'eligible_count': 8, 'bet_adj': 2, 'reason': 'rel_win1=54.6%（本命度） / 最有力組み合わせ確率: 0.074（推定実オッズ?18倍） / 2着集中度: 上位2艇 66.1%（補正+0.00） / 総合判定確率: 0.074 / → ヒモ分散。1号艇1着固定で広めのヒモ流し推奨（買い目+2点）', 'tenji_trigger': '展示確認: ヒモ分散レース。1号艇伸び確認後、広めのヒモ流しを採用。穴ヒモ（5・6号艇）を積極的に含める。'}",,,28,逃げ狙い,16.67,29.3,2,,,,,,,,,,,
2025-10-30,丸亀,6,6,北野輝季,A1,25.00,6,▲,6.7025,7.3,88,52.3,0.135,2.8636,,,0,低,54,0,ま0% 抜0%,,0,32.1,2.1889,0,0,0.1053,0,0.0526,0,0.1722,0.0174,,○,D,◎,◎,0.4478,0.698,0.4045,0.3351,A,75,0,◎-○軸 3着3〜4艇流し（10〜15点）,0.5777,"{'is_target': True, 'verdict': '参加推奨', 'max_combo_prob': 0.0744, 'est_top_odds': 17.9, 'circle_concentration': 66.1, 'eligible_count': 8, 'bet_adj': 2, 'reason': 'rel_win1=54.6%（本命度） / 最有力組み合わせ確率: 0.074（推定実オッズ?18倍） / 2着集中度: 上位2艇 66.1%（補正+0.00） / 総合判定確率: 0.074 / → ヒモ分散。1号艇1着固定で広めのヒモ流し推奨（買い目+2点）', 'tenji_trigger': '展示確認: ヒモ分散レース。1号艇伸び確認後、広めのヒモ流しを採用。穴ヒモ（5・6号艇）を積極的に含める。'}",,,28,逃げ狙い,16.67,29.3,2,,,,,,,,,,,
2025-10-30,丸亀,7,1,高橋　勲,A2,40.48,1,◎,56.3861,,0,84,0.1484,2.61,,,0,低,68,0,逃0%,,0,77.4,1.085,0.3684,,,,,0.1421,0.1421,0.2263,◎,,A,,,,0.565,,0.493,A,71,0,◎-○軸 3着3〜4艇流し（10〜15点）,0.5777,"{'is_target': True, 'verdict': '参加推奨', 'max_combo_prob': 0.0444, 'est_top_odds': 30.0, 'circle_concentration': 55.5, 'eligible_count': 8, 'bet_adj': 2, 'reason': 'rel_win1=56.4%（本命度） / 最有力組み合わせ確率: 0.044（推定実オッズ?30倍） / 2着集中度: 上位2艇 55.5%（補正+0.00） / 総合判定確率: 0.044 / → ヒモ分散。1号艇1着固定で広めのヒモ流し推奨（買い目+2点）', 'tenji_trigger': '展示確認: ヒモ分散レース。1号艇伸び確認後、広めのヒモ流しを採用。穴ヒモ（5・6号艇）を積極的に含める。'}",,,31,逃げ狙い,22.76,32.5,3,,,,,0,0,0.7559,0,,逃げ軸流し,A
2025-10-30,丸亀,7,2,齋藤真之,B1,17.24,2,,6.9854,27.1,94,31.9,0.1699,3.3056,,,0,低,145,0,-,,0,66.8,0.6812,0,0.0333,0,0,0,0.0588,0.1176,0.1176,,,D,,,0.1121,0.594,,0.493,A,71,0,◎-○軸 3着3〜4艇流し（10〜15点）,0.5777,"{'is_target': True, 'verdict': '参加推奨', 'max_combo_prob': 0.0444, 'est_top_odds': 30.0, 'circle_concentration': 55.5, 'eligible_count': 8, 'bet_adj': 2, 'reason': 'rel_win1=56.4%（本命度） / 最有力組み合わせ確率: 0.044（推定実オッズ?30倍） / 2着集中度: 上位2艇 55.5%（補正+0.00） / 総合判定確率: 0.044 / → ヒモ分散。1号艇1着固定で広めのヒモ流し推奨（買い目+2点）', 'tenji_trigger': '展示確認: ヒモ分散レース。1号艇伸び確認後、広めのヒモ流しを採用。穴ヒモ（5・6号艇）を積極的に含める。'}",,,31,逃げ狙い,22.76,32.5,3,,,,,,,,,,,
2025-10-30,丸亀,7,3,西島義則,A1,11.11,3,,11.7659,26.1,98,33.3,0.2133,3.5,,,0,低,49,1,-,,0,19.3,0.8071,,,,,,0.2106,0.1985,0.0606,,,E,△,,0.1599,0.5995,,0.493,A,71,0,◎-○軸 3着3〜4艇流し（10〜15点）,0.5777,"{'is_target': True, 'verdict': '参加推奨', 'max_combo_prob': 0.0444, 'est_top_odds': 30.0, 'circle_concentration': 55.5, 'eligible_count': 8, 'bet_adj': 2, 'reason': 'rel_win1=56.4%（本命度） / 最有力組み合わせ確率: 0.044（推定実オッズ?30倍） / 2着集中度: 上位2艇 55.5%（補正+0.00） / 総合判定確率: 0.044 / → ヒモ分散。1号艇1着固定で広めのヒモ流し推奨（買い目+2点）', 'tenji_trigger': '展示確認: ヒモ分散レース。1号艇伸び確認後、広めのヒモ流しを採用。穴ヒモ（5・6号艇）を積極的に含める。'}",,,31,逃げ狙い,22.76,32.5,3,,,,,,,,,,,
2025-10-30,丸亀,7,4,桑原　啓,B1,31.25,4,○,11.6602,16.1,100,47,0.1577,3.3258,,,0,低,104,0,-,,0,38.5,0.8238,0,0,0.1,0,0,0.3,0.22,0.18,,,B,○,○,0.2872,0.6545,0.2003,0.493,A,71,0,◎-○軸 3着3〜4艇流し（10〜15点）,0.5777,"{'is_target': True, 'verdict': '参加推奨', 'max_combo_prob': 0.0444, 'est_top_odds': 30.0, 'circle_concentration': 55.5, 'eligible_count': 8, 'bet_adj': 2, 'reason': 'rel_win1=56.4%（本命度） / 最有力組み合わせ確率: 0.044（推定実オッズ?30倍） / 2着集中度: 上位2艇 55.5%（補正+0.00） / 総合判定確率: 0.044 / → ヒモ分散。1号艇1着固定で広めのヒモ流し推奨（買い目+2点）', 'tenji_trigger': '展示確認: ヒモ分散レース。1号艇伸び確認後、広めのヒモ流しを採用。穴ヒモ（5・6号艇）を積極的に含める。'}",,,31,逃げ狙い,22.76,32.5,3,,,,,,,,,,,
2025-10-30,丸亀,7,5,佐々木康,A2,24.14,5,▲,11.3236,28.4,62,56.5,0.1198,2.3587,,,0,低,37,0,差0% 差ま0%,,0,93.5,1.74,0,0.1053,0,0.1053,0,0.1017,0.04,0.04,,◎,D,◎,◎,0.4118,0.668,0.5142,0.493,A,71,0,◎-○軸 3着3〜4艇流し（10〜15点）,0.5777,"{'is_target': True, 'verdict': '参加推奨', 'max_combo_prob': 0.0444, 'est_top_odds': 30.0, 'circle_concentration': 55.5, 'eligible_count': 8, 'bet_adj': 2, 'reason': 'rel_win1=56.4%（本命度） / 最有力組み合わせ確率: 0.044（推定実オッズ?30倍） / 2着集中度: 上位2艇 55.5%（補正+0.00） / 総合判定確率: 0.044 / → ヒモ分散。1号艇1着固定で広めのヒモ流し推奨（買い目+2点）', 'tenji_trigger': '展示確認: ヒモ分散レース。1号艇伸び確認後、広めのヒモ流しを採用。穴ヒモ（5・6号艇）を積極的に含める。'}",,,31,逃げ狙い,22.76,32.5,3,,,,,,,,,,,
2025-10-30,丸亀,7,6,西村美智,B2,28.00,6,△,1.8788,2.3,84,35.3,0.1694,3.5588,,,0,低,25,0,-,,0,26.7,1.3803,,,,,,0.1111,0.1111,0.1111,,,C,△,,0.2659,0.6285,,0.493,A,71,0,◎-○軸 3着3〜4艇流し（10〜15点）,0.5777,"{'is_target': True, 'verdict': '参加推奨', 'max_combo_prob': 0.0444, 'est_top_odds': 30.0, 'circle_concentration': 55.5, 'eligible_count': 8, 'bet_adj': 2, 'reason': 'rel_win1=56.4%（本命度） / 最有力組み合わせ確率: 0.044（推定実オッズ?30倍） / 2着集中度: 上位2艇 55.5%（補正+0.00） / 総合判定確率: 0.044 / → ヒモ分散。1号艇1着固定で広めのヒモ流し推奨（買い目+2点）', 'tenji_trigger': '展示確認: ヒモ分散レース。1号艇伸び確認後、広めのヒモ流しを採用。穴ヒモ（5・6号艇）を積極的に含める。'}",,,31,逃げ狙い,22.76,32.5,3,,,,,,,,,,,
2025-10-30,丸亀,8,1,川原祐明,A1,19.44,1,◎,66.6339,,0,90.3,0.1744,3.5565,,,0,低,110,0,逃0% 抜0%,,0,91.7,1.2596,0.6897,,,,,0.0276,0.1014,0.0138,○,,D,○,,,0.6185,,0.4071,S,91,0,◎1着固定 2-3着流し（5〜8点）,0.5777,"{'is_target': True, 'verdict': '点数絞り', 'max_combo_prob': 0.155, 'est_top_odds': 8.6, 'circle_concentration': 80.4, 'eligible_count': 6, 'bet_adj': 0, 'reason': 'rel_win1=66.6%（本命度） / 最有力組み合わせ確率: 0.155（推定実オッズ?9倍） / 2着集中度: 上位2艇 80.4%（補正+0.04） / 総合判定確率: 0.195 / → ヒモはやや固め。上位2艇以外を切ること', 'tenji_trigger': '展示確認: 1号艇伸び良→そのまま採用。悪→飛び組に差し替え。circle_pct上位2艇に絞り込むこと。'}",,,27.6,逃げ狙い,19.26,25.9,4,,,,,0,0,0.6155,0,,逃げ軸流し,A
2025-10-30,丸亀,8,2,原　豊土,A2,25.00,2,○,12.1468,60,87,68.4,0.1482,3.2982,,,0,低,122,0,-,,0,26.5,0.8043,0,0.0833,0.0417,0,0,0.1711,0,0.0632,,◎,C,,,0.5667,0.6015,,0.4071,S,91,0,◎1着固定 2-3着流し（5〜8点）,0.5777,"{'is_target': True, 'verdict': '点数絞り', 'max_combo_prob': 0.155, 'est_top_odds': 8.6, 'circle_concentration': 80.4, 'eligible_count': 6, 'bet_adj': 0, 'reason': 'rel_win1=66.6%（本命度） / 最有力組み合わせ確率: 0.155（推定実オッズ?9倍） / 2着集中度: 上位2艇 80.4%（補正+0.04） / 総合判定確率: 0.195 / → ヒモはやや固め。上位2艇以外を切ること', 'tenji_trigger': '展示確認: 1号艇伸び良→そのまま採用。悪→飛び組に差し替え。circle_pct上位2艇に絞り込むこと。'}",,,27.6,逃げ狙い,19.26,25.9,4,,,,,,,,,,,
2025-10-30,丸亀,8,3,近藤稔也,B1,47.62,3,▲,5.3748,8.5,78,25.7,0.1819,4.4662,,,0,低,180,0,-,,0,30.1,0.9785,,,,,,0.368,0.32,0.064,,,A,△,,0.2743,0.609,,0.4071,S,91,0,◎1着固定 2-3着流し（5〜8点）,0.5777,"{'is_target': True, 'verdict': '点数絞り', 'max_combo_prob': 0.155, 'est_top_odds': 8.6, 'circle_concentration': 80.4, 'eligible_count': 6, 'bet_adj': 0, 'reason': 'rel_win1=66.6%（本命度） / 最有力組み合わせ確率: 0.155（推定実オッズ?9倍） / 2着集中度: 上位2艇 80.4%（補正+0.04） / 総合判定確率: 0.195 / → ヒモはやや固め。上位2艇以外を切ること', 'tenji_trigger': '展示確認: 1号艇伸び良→そのまま採用。悪→飛び組に差し替え。circle_pct上位2艇に絞り込むこと。'}",,,27.6,逃げ狙い,19.26,25.9,4,,,,,,,,,,,
2025-10-30,丸亀,8,4,登玉隼百,A2,11.54,4,,11.8775,20.4,100,63,0.1196,2.3696,,,0,低,49,0,差0% ま0%,,0,70.1,1.3734,0,0.04,0.08,0,0,0.0348,0.1696,0.1174,,○,E,◎,◎,0.4687,0.6475,0.4461,0.4071,S,91,0,◎1着固定 2-3着流し（5〜8点）,0.5777,"{'is_target': True, 'verdict': '点数絞り', 'max_combo_prob': 0.155, 'est_top_odds': 8.6, 'circle_concentration': 80.4, 'eligible_count': 6, 'bet_adj': 0, 'reason': 'rel_win1=66.6%（本命度） / 最有力組み合わせ確率: 0.155（推定実オッズ?9倍） / 2着集中度: 上位2艇 80.4%（補正+0.04） / 総合判定確率: 0.195 / → ヒモはやや固め。上位2艇以外を切ること', 'tenji_trigger': '展示確認: 1号艇伸び良→そのまま採用。悪→飛び組に差し替え。circle_pct上位2艇に絞り込むこと。'}",,,27.6,逃げ狙い,19.26,25.9,4,,,,,,,,,,,
2025-10-30,丸亀,8,5,田代達也,B1,32.14,5,△,2.9612,10.8,63,29.5,0.1584,3.0114,,,0,低,87,0,-,,0,29.1,0.7902,,,,,,0.0471,0.4412,0.4176,,,B,△,,0.3629,0.604,,0.4071,S,91,0,◎1着固定 2-3着流し（5〜8点）,0.5777,"{'is_target': True, 'verdict': '点数絞り', 'max_combo_prob': 0.155, 'est_top_odds': 8.6, 'circle_concentration': 80.4, 'eligible_count': 6, 'bet_adj': 0, 'reason': 'rel_win1=66.6%（本命度） / 最有力組み合わせ確率: 0.155（推定実オッズ?9倍） / 2着集中度: 上位2艇 80.4%（補正+0.04） / 総合判定確率: 0.195 / → ヒモはやや固め。上位2艇以外を切ること', 'tenji_trigger': '展示確認: 1号艇伸び良→そのまま採用。悪→飛び組に差し替え。circle_pct上位2艇に絞り込むこと。'}",,,27.6,逃げ狙い,19.26,25.9,4,,,,,,,,,,,
2025-10-30,丸亀,8,6,久保田凪,B2,20.00,6,,1.0058,0.3,17,3.2,0.1931,4.4274,,,0,低,37,0,-,,0,30.9,0.8533,,,,,,,,,,,D,,,0.2505,0.447,,0.4071,S,91,0,◎1着固定 2-3着流し（5〜8点）,0.5777,"{'is_target': True, 'verdict': '点数絞り', 'max_combo_prob': 0.155, 'est_top_odds': 8.6, 'circle_concentration': 80.4, 'eligible_count': 6, 'bet_adj': 0, 'reason': 'rel_win1=66.6%（本命度） / 最有力組み合わせ確率: 0.155（推定実オッズ?9倍） / 2着集中度: 上位2艇 80.4%（補正+0.04） / 総合判定確率: 0.195 / → ヒモはやや固め。上位2艇以外を切ること', 'tenji_trigger': '展示確認: 1号艇伸び良→そのまま採用。悪→飛び組に差し替え。circle_pct上位2艇に絞り込むこと。'}",,,27.6,逃げ狙い,19.26,25.9,4,,,,,,,,,,,
2025-10-30,丸亀,9,1,吉田一郎,A2,14.29,1,◎,66.7718,,0,97.1,0.149,2.6643,,,0,低,66,0,逃1%,,0,79.6,1.0675,0.6579,,,,,0.1221,0.0316,0.1326,◎,,E,△,,,0.6245,,0.5659,S,80,0,◎1着固定 2-3着流し（5〜8点）,0.5777,"{'is_target': True, 'verdict': '参加推奨', 'max_combo_prob': 0.0713, 'est_top_odds': 18.7, 'circle_concentration': 71.1, 'eligible_count': 6, 'bet_adj': 2, 'reason': 'rel_win1=66.8%（本命度） / 最有力組み合わせ確率: 0.071（推定実オッズ?19倍） / 2着集中度: 上位2艇 71.1%（補正+0.04） / 総合判定確率: 0.111 / → ヒモ分散。1号艇1着固定で広めのヒモ流し推奨（買い目+2点）', 'tenji_trigger': '展示確認: ヒモ分散レース。1号艇伸び確認後、広めのヒモ流しを採用。穴ヒモ（5・6号艇）を積極的に含める。'}",,,21.3,逃げ狙い,13.29,27.4,2,,,,,0,0,0.7559,0,,逃げ軸流し,A
2025-10-30,丸亀,9,2,来田衣織,B1,19.23,2,,6.7584,35.9,94,34,0.173,4.0319,,,0,低,96,0,ま0%,,0,19.3,0.6076,0,0,0.05,0,0,0,0.4,0,,,D,,,0.0841,0.585,,0.5659,S,80,0,◎1着固定 2-3着流し（5〜8点）,0.5777,"{'is_target': True, 'verdict': '参加推奨', 'max_combo_prob': 0.0713, 'est_top_odds': 18.7, 'circle_concentration': 71.1, 'eligible_count': 6, 'bet_adj': 2, 'reason': 'rel_win1=66.8%（本命度） / 最有力組み合わせ確率: 0.071（推定実オッズ?19倍） / 2着集中度: 上位2艇 71.1%（補正+0.04） / 総合判定確率: 0.111 / → ヒモ分散。1号艇1着固定で広めのヒモ流し推奨（買い目+2点）', 'tenji_trigger': '展示確認: ヒモ分散レース。1号艇伸び確認後、広めのヒモ流しを採用。穴ヒモ（5・6号艇）を積極的に含める。'}",,,21.3,逃げ狙い,13.29,27.4,2,,,,,,,,,,,
2025-10-30,丸亀,9,3,下河誉史,A2,29.73,3,,12.1523,35.2,100,60.6,0.1786,3.7424,,,0,低,163,0,-,,0,89.7,1.8204,0,0,0.0909,0,0,0.1585,0.1683,0.0293,,,C,○,,0.1603,0.6355,,0.5659,S,80,0,◎1着固定 2-3着流し（5〜8点）,0.5777,"{'is_target': True, 'verdict': '参加推奨', 'max_combo_prob': 0.0713, 'est_top_odds': 18.7, 'circle_concentration': 71.1, 'eligible_count': 6, 'bet_adj': 2, 'reason': 'rel_win1=66.8%（本命度） / 最有力組み合わせ確率: 0.071（推定実オッズ?19倍） / 2着集中度: 上位2艇 71.1%（補正+0.04） / 総合判定確率: 0.111 / → ヒモ分散。1号艇1着固定で広めのヒモ流し推奨（買い目+2点）', 'tenji_trigger': '展示確認: ヒモ分散レース。1号艇伸び確認後、広めのヒモ流しを採用。穴ヒモ（5・6号艇）を積極的に含める。'}",,,21.3,逃げ狙い,13.29,27.4,2,,,,,,,,,,,
2025-10-30,丸亀,9,4,近藤友宝,B1,30.56,4,▲,8.7576,7.4,87,31.9,0.1745,3.234,,,0,低,119,0,ま0%,,0,66.7,0.8151,0,0,0.0526,0,0,0.2889,0.2111,0.1667,,,B,,◎,0.1943,0.5765,0.0638,0.5659,S,80,0,◎1着固定 2-3着流し（5〜8点）,0.5777,"{'is_target': True, 'verdict': '参加推奨', 'max_combo_prob': 0.0713, 'est_top_odds': 18.7, 'circle_concentration': 71.1, 'eligible_count': 6, 'bet_adj': 2, 'reason': 'rel_win1=66.8%（本命度） / 最有力組み合わせ確率: 0.071（推定実オッズ?19倍） / 2着集中度: 上位2艇 71.1%（補正+0.04） / 総合判定確率: 0.111 / → ヒモ分散。1号艇1着固定で広めのヒモ流し推奨（買い目+2点）', 'tenji_trigger': '展示確認: ヒモ分散レース。1号艇伸び確認後、広めのヒモ流しを採用。穴ヒモ（5・6号艇）を積極的に含める。'}",,,21.3,逃げ狙い,13.29,27.4,2,,,,,,,,,,,
2025-10-30,丸亀,9,5,池田雄祐,A2,32.43,5,○,2.6032,15,82,37.9,0.1369,2.6983,,,0,低,70,0,-,,0,85.3,1.5288,,,,,,0.0963,0.1259,0.0444,,,B,◎,,0.3561,0.667,,0.5659,S,80,0,◎1着固定 2-3着流し（5〜8点）,0.5777,"{'is_target': True, 'verdict': '参加推奨', 'max_combo_prob': 0.0713, 'est_top_odds': 18.7, 'circle_concentration': 71.1, 'eligible_count': 6, 'bet_adj': 2, 'reason': 'rel_win1=66.8%（本命度） / 最有力組み合わせ確率: 0.071（推定実オッズ?19倍） / 2着集中度: 上位2艇 71.1%（補正+0.04） / 総合判定確率: 0.111 / → ヒモ分散。1号艇1着固定で広めのヒモ流し推奨（買い目+2点）', 'tenji_trigger': '展示確認: ヒモ分散レース。1号艇伸び確認後、広めのヒモ流しを採用。穴ヒモ（5・6号艇）を積極的に含める。'}",,,21.3,逃げ狙い,13.29,27.4,2,,,,,,,,,,,
2025-10-30,丸亀,9,6,野中義生,B1,25.93,6,△,2.9567,6.5,67,32.6,0.1182,2.4898,,,0,低,79,0,-,,0,39.1,1.3225,,,,,,0.06,0.46,0.36,,◎,C,△,,0.4127,0.6175,,0.5659,S,80,0,◎1着固定 2-3着流し（5〜8点）,0.5777,"{'is_target': True, 'verdict': '参加推奨', 'max_combo_prob': 0.0713, 'est_top_odds': 18.7, 'circle_concentration': 71.1, 'eligible_count': 6, 'bet_adj': 2, 'reason': 'rel_win1=66.8%（本命度） / 最有力組み合わせ確率: 0.071（推定実オッズ?19倍） / 2着集中度: 上位2艇 71.1%（補正+0.04） / 総合判定確率: 0.111 / → ヒモ分散。1号艇1着固定で広めのヒモ流し推奨（買い目+2点）', 'tenji_trigger': '展示確認: ヒモ分散レース。1号艇伸び確認後、広めのヒモ流しを採用。穴ヒモ（5・6号艇）を積極的に含める。'}",,,21.3,逃げ狙い,13.29,27.4,2,,,,,,,,,,,
2025-10-30,丸亀,10,1,森安弘雅,A2,29.03,1,◎,59.5925,,0,78.2,0.1765,3.4727,,,0,低,178,0,抜0%,,0,86.8,1.1425,0.3333,,,,,0.0167,0.1833,0.2,○,,C,,,,0.6065,,0.3345,A,69,0,◎-○軸 3着3〜4艇流し（10〜15点）,0.5777,"{'is_target': True, 'verdict': '点数絞り', 'max_combo_prob': 0.1315, 'est_top_odds': 10.1, 'circle_concentration': 75.5, 'eligible_count': 8, 'bet_adj': 0, 'reason': 'rel_win1=59.6%（本命度） / 最有力組み合わせ確率: 0.132（推定実オッズ?10倍） / 2着集中度: 上位2艇 75.5%（補正+0.04） / 総合判定確率: 0.172 / → ヒモはやや固め。上位2艇以外を切ること', 'tenji_trigger': '展示確認: 1号艇伸び良→そのまま採用。悪→飛び組に差し替え。circle_pct上位2艇に絞り込むこと。'}",,,26.8,逃げ狙い,12.06,29.8,2,,,,,0,0,0.6155,0,,逃げ軸流し,A
2025-10-30,丸亀,10,2,山崎昂介,B1,27.03,2,,13.7121,47.9,41,53.6,0.1819,4.0507,,,0,低,138,0,-,,0,34.6,0.5328,0,0.0714,0,0,0,0.0444,0.0667,0.2844,,,D,○,,0.2637,0.64,,0.3345,A,69,0,◎-○軸 3着3〜4艇流し（10〜15点）,0.5777,"{'is_target': True, 'verdict': '点数絞り', 'max_combo_prob': 0.1315, 'est_top_odds': 10.1, 'circle_concentration': 75.5, 'eligible_count': 8, 'bet_adj': 0, 'reason': 'rel_win1=59.6%（本命度） / 最有力組み合わせ確率: 0.132（推定実オッズ?10倍） / 2着集中度: 上位2艇 75.5%（補正+0.04） / 総合判定確率: 0.172 / → ヒモはやや固め。上位2艇以外を切ること', 'tenji_trigger': '展示確認: 1号艇伸び良→そのまま採用。悪→飛び組に差し替え。circle_pct上位2艇に絞り込むこと。'}",,,26.8,逃げ狙い,12.06,29.8,2,,,,,,,,,,,
2025-10-30,丸亀,10,3,高濱芳久,A2,31.71,3,○,10.1211,27.6,61,40.7,0.1744,3.8983,,,0,低,114,0,差ま0%,,0,25.6,0.6669,0,0,0,0.0588,0,0.0485,0.1485,0.1485,,,B,△,,0.3171,0.6335,,0.3345,A,69,0,◎-○軸 3着3〜4艇流し（10〜15点）,0.5777,"{'is_target': True, 'verdict': '点数絞り', 'max_combo_prob': 0.1315, 'est_top_odds': 10.1, 'circle_concentration': 75.5, 'eligible_count': 8, 'bet_adj': 0, 'reason': 'rel_win1=59.6%（本命度） / 最有力組み合わせ確率: 0.132（推定実オッズ?10倍） / 2着集中度: 上位2艇 75.5%（補正+0.04） / 総合判定確率: 0.172 / → ヒモはやや固め。上位2艇以外を切ること', 'tenji_trigger': '展示確認: 1号艇伸び良→そのまま採用。悪→飛び組に差し替え。circle_pct上位2艇に絞り込むこと。'}",,,26.8,逃げ狙い,12.06,29.8,2,,,,,,,,,,,
2025-10-30,丸亀,10,4,山ノ内雅,A2,21.43,4,,11.3772,22.6,100,66.2,0.1425,2.75,,,0,低,97,0,ま0% 差ま0%,,0,79.1,1.3779,0,0,0.0588,0.1471,0,0.1041,0.0432,0.0324,,◎,E,◎,◎,0.4728,0.6915,0.4989,0.3345,A,69,0,◎-○軸 3着3〜4艇流し（10〜15点）,0.5777,"{'is_target': True, 'verdict': '点数絞り', 'max_combo_prob': 0.1315, 'est_top_odds': 10.1, 'circle_concentration': 75.5, 'eligible_count': 8, 'bet_adj': 0, 'reason': 'rel_win1=59.6%（本命度） / 最有力組み合わせ確率: 0.132（推定実オッズ?10倍） / 2着集中度: 上位2艇 75.5%（補正+0.04） / 総合判定確率: 0.172 / → ヒモはやや固め。上位2艇以外を切ること', 'tenji_trigger': '展示確認: 1号艇伸び良→そのまま採用。悪→飛び組に差し替え。circle_pct上位2艇に絞り込むこと。'}",,,26.8,逃げ狙い,12.06,29.8,2,,,,,,,,,,,
2025-10-30,丸亀,10,5,秋田健太,B1,30.77,5,▲,3.8531,1.2,33,13.6,0.1592,3.4773,,,0,低,98,0,差ま0%,,0,21.9,0.6536,0,0,0,0.037,0,0.4263,0.1053,0.0211,,,C,△,,0.3618,0.62,,0.3345,A,69,0,◎-○軸 3着3〜4艇流し（10〜15点）,0.5777,"{'is_target': True, 'verdict': '点数絞り', 'max_combo_prob': 0.1315, 'est_top_odds': 10.1, 'circle_concentration': 75.5, 'eligible_count': 8, 'bet_adj': 0, 'reason': 'rel_win1=59.6%（本命度） / 最有力組み合わせ確率: 0.132（推定実オッズ?10倍） / 2着集中度: 上位2艇 75.5%（補正+0.04） / 総合判定確率: 0.172 / → ヒモはやや固め。上位2艇以外を切ること', 'tenji_trigger': '展示確認: 1号艇伸び良→そのまま採用。悪→飛び組に差し替え。circle_pct上位2艇に絞り込むこと。'}",,,26.8,逃げ狙い,12.06,29.8,2,,,,,,,,,,,
2025-10-30,丸亀,10,6,渡　修平,B1,38.10,6,△,1.3439,0.7,23,2.3,0.2116,4.9186,,,0,低,148,0,-,,0,21.9,0.5883,,,,,,0.0235,0.1906,0.1906,,,B,,,0.2297,0.6,,0.3345,A,69,0,◎-○軸 3着3〜4艇流し（10〜15点）,0.5777,"{'is_target': True, 'verdict': '点数絞り', 'max_combo_prob': 0.1315, 'est_top_odds': 10.1, 'circle_concentration': 75.5, 'eligible_count': 8, 'bet_adj': 0, 'reason': 'rel_win1=59.6%（本命度） / 最有力組み合わせ確率: 0.132（推定実オッズ?10倍） / 2着集中度: 上位2艇 75.5%（補正+0.04） / 総合判定確率: 0.172 / → ヒモはやや固め。上位2艇以外を切ること', 'tenji_trigger': '展示確認: 1号艇伸び良→そのまま採用。悪→飛び組に差し替え。circle_pct上位2艇に絞り込むこと。'}",,,26.8,逃げ狙い,12.06,29.8,2,,,,,,,,,,,
2025-10-30,丸亀,11,1,今村暢孝,A1,23.68,1,◎,55.3549,,0,86.8,0.1403,3.0515,,,0,低,25,0,-,,0,99.3,1.41,0.5,,,,,0.05,0.1583,0.1833,○,,D,◎,,,0.669,,0.417,S,81,0,◎1着固定 2-3着流し（5〜8点）,0.5777,"{'is_target': True, 'verdict': '参加推奨', 'max_combo_prob': 0.0618, 'est_top_odds': 21.6, 'circle_concentration': 64.3, 'eligible_count': 6, 'bet_adj': 2, 'reason': 'rel_win1=55.4%（本命度） / 最有力組み合わせ確率: 0.062（推定実オッズ?22倍） / 2着集中度: 上位2艇 64.3%（補正+0.00） / 総合判定確率: 0.062 / → ヒモ分散。1号艇1着固定で広めのヒモ流し推奨（買い目+2点）', 'tenji_trigger': '展示確認: ヒモ分散レース。1号艇伸び確認後、広めのヒモ流しを採用。穴ヒモ（5・6号艇）を積極的に含める。'}",,,27.2,逃げ狙い,15.22,28.1,2,,,,,0,0,0.6155,0,,主役軸流し,B
2025-10-30,丸亀,11,2,佐々木康,A2,24.14,2,○,19.091,35.7,100,70.9,0.1233,2.4273,,,0,低,37,0,差0% ま0%,,0,54.3,1.2078,0,0.0769,0.1538,0,0,0.1017,0.04,0.04,,◎,D,○,,0.504,0.668,,0.417,S,81,0,◎1着固定 2-3着流し（5〜8点）,0.5777,"{'is_target': True, 'verdict': '参加推奨', 'max_combo_prob': 0.0618, 'est_top_odds': 21.6, 'circle_concentration': 64.3, 'eligible_count': 6, 'bet_adj': 2, 'reason': 'rel_win1=55.4%（本命度） / 最有力組み合わせ確率: 0.062（推定実オッズ?22倍） / 2着集中度: 上位2艇 64.3%（補正+0.00） / 総合判定確率: 0.062 / → ヒモ分散。1号艇1着固定で広めのヒモ流し推奨（買い目+2点）', 'tenji_trigger': '展示確認: ヒモ分散レース。1号艇伸び確認後、広めのヒモ流しを採用。穴ヒモ（5・6号艇）を積極的に含める。'}",,,27.2,逃げ狙い,15.22,28.1,2,,,,,,,,,,,
2025-10-30,丸亀,11,3,立間充宏,A2,28.57,3,△,9.9938,28.6,84,64.3,0.1517,3.1071,,,0,低,88,0,ま0%,,0,44.9,1.1471,0,0,0.1333,0,0,0.2727,0.1182,0.0727,,,B,,,0.2664,0.5755,,0.417,S,81,0,◎1着固定 2-3着流し（5〜8点）,0.5777,"{'is_target': True, 'verdict': '参加推奨', 'max_combo_prob': 0.0618, 'est_top_odds': 21.6, 'circle_concentration': 64.3, 'eligible_count': 6, 'bet_adj': 2, 'reason': 'rel_win1=55.4%（本命度） / 最有力組み合わせ確率: 0.062（推定実オッズ?22倍） / 2着集中度: 上位2艇 64.3%（補正+0.00） / 総合判定確率: 0.062 / → ヒモ分散。1号艇1着固定で広めのヒモ流し推奨（買い目+2点）', 'tenji_trigger': '展示確認: ヒモ分散レース。1号艇伸び確認後、広めのヒモ流しを採用。穴ヒモ（5・6号艇）を積極的に含める。'}",,,27.2,逃げ狙い,15.22,28.1,2,,,,,,,,,,,
2025-10-30,丸亀,11,4,竹田吉行,A2,31.03,4,▲,7.2223,17.7,85,49.2,0.1633,3.627,,,0,低,115,0,ま0%,,0,42.3,0.9881,0,0,0.0833,0,0,0.0606,0.0825,0.2452,,,B,△,,0.2315,0.63,,0.417,S,81,0,◎1着固定 2-3着流し（5〜8点）,0.5777,"{'is_target': True, 'verdict': '参加推奨', 'max_combo_prob': 0.0618, 'est_top_odds': 21.6, 'circle_concentration': 64.3, 'eligible_count': 6, 'bet_adj': 2, 'reason': 'rel_win1=55.4%（本命度） / 最有力組み合わせ確率: 0.062（推定実オッズ?22倍） / 2着集中度: 上位2艇 64.3%（補正+0.00） / 総合判定確率: 0.062 / → ヒモ分散。1号艇1着固定で広めのヒモ流し推奨（買い目+2点）', 'tenji_trigger': '展示確認: ヒモ分散レース。1号艇伸び確認後、広めのヒモ流しを採用。穴ヒモ（5・6号艇）を積極的に含める。'}",,,27.2,逃げ狙い,15.22,28.1,2,,,,,,,,,,,
2025-10-30,丸亀,11,5,津田裕絵,B1,25.00,5,,6.616,10.8,61,37.9,0.2203,4.4828,,,0,低,108,0,差ま0% 抜0%,,0,39.1,1.1598,0,0,0,0.1818,0.0909,0,0.46,0,,,C,△,,0.1659,0.596,,0.417,S,81,0,◎1着固定 2-3着流し（5〜8点）,0.5777,"{'is_target': True, 'verdict': '参加推奨', 'max_combo_prob': 0.0618, 'est_top_odds': 21.6, 'circle_concentration': 64.3, 'eligible_count': 6, 'bet_adj': 2, 'reason': 'rel_win1=55.4%（本命度） / 最有力組み合わせ確率: 0.062（推定実オッズ?22倍） / 2着集中度: 上位2艇 64.3%（補正+0.00） / 総合判定確率: 0.062 / → ヒモ分散。1号艇1着固定で広めのヒモ流し推奨（買い目+2点）', 'tenji_trigger': '展示確認: ヒモ分散レース。1号艇伸び確認後、広めのヒモ流しを採用。穴ヒモ（5・6号艇）を積極的に含める。'}",,,27.2,逃げ狙い,15.22,28.1,2,,,,,,,,,,,
2025-10-30,丸亀,11,6,田頭虎親,B1,23.33,6,,1.7219,7.2,42,22.2,0.2109,4.5741,,,0,低,121,0,差0%,,0,25.3,0.8242,0,0.0417,0,0,0,0.1,0.375,0.025,,,E,,,0.1272,0.5945,,0.417,S,81,0,◎1着固定 2-3着流し（5〜8点）,0.5777,"{'is_target': True, 'verdict': '参加推奨', 'max_combo_prob': 0.0618, 'est_top_odds': 21.6, 'circle_concentration': 64.3, 'eligible_count': 6, 'bet_adj': 2, 'reason': 'rel_win1=55.4%（本命度） / 最有力組み合わせ確率: 0.062（推定実オッズ?22倍） / 2着集中度: 上位2艇 64.3%（補正+0.00） / 総合判定確率: 0.062 / → ヒモ分散。1号艇1着固定で広めのヒモ流し推奨（買い目+2点）', 'tenji_trigger': '展示確認: ヒモ分散レース。1号艇伸び確認後、広めのヒモ流しを採用。穴ヒモ（5・6号艇）を積極的に含める。'}",,,27.2,逃げ狙い,15.22,28.1,2,,,,,,,,,,,
2025-10-30,丸亀,12,1,西島義則,A1,11.11,1,◎,47.6149,,0,83.1,0.1686,3.2792,,,0,低,49,0,逃1%,,0,83.9,1.0588,0.5152,,,,,0.2106,0.1985,0.0606,○,,E,,,,0.5995,,0.3864,A,64,0,◎-○軸 3着3〜4艇流し（10〜15点）,0.5777,"{'is_target': True, 'verdict': '点数絞り', 'max_combo_prob': 0.0804, 'est_top_odds': 16.6, 'circle_concentration': 70.3, 'eligible_count': 8, 'bet_adj': 0, 'reason': 'rel_win1=47.6%（本命度） / 最有力組み合わせ確率: 0.080（推定実オッズ?17倍） / 2着集中度: 上位2艇 70.3%（補正+0.04） / 総合判定確率: 0.120 / → ヒモはやや固め。上位2艇以外を切ること', 'tenji_trigger': '展示確認: 1号艇伸び良→そのまま採用。悪→飛び組に差し替え。circle_pct上位2艇に絞り込むこと。'}",,,33.3,両建て推奨,28.41,34.4,2,,,,,0,0,0.6155,0,,主役軸流し,B
2025-10-30,丸亀,12,2,北野輝季,A1,25.00,2,○,17.9381,48.9,70,75.6,0.151,3.3049,,,0,低,54,0,-,,0,54.1,1.1128,0,0.15,0.2,0,0,0,0.1722,0.0174,,◎,C,◎,,0.5495,0.698,,0.3864,A,64,0,◎-○軸 3着3〜4艇流し（10〜15点）,0.5777,"{'is_target': True, 'verdict': '点数絞り', 'max_combo_prob': 0.0804, 'est_top_odds': 16.6, 'circle_concentration': 70.3, 'eligible_count': 8, 'bet_adj': 0, 'reason': 'rel_win1=47.6%（本命度） / 最有力組み合わせ確率: 0.080（推定実オッズ?17倍） / 2着集中度: 上位2艇 70.3%（補正+0.04） / 総合判定確率: 0.120 / → ヒモはやや固め。上位2艇以外を切ること', 'tenji_trigger': '展示確認: 1号艇伸び良→そのまま採用。悪→飛び組に差し替え。circle_pct上位2艇に絞り込むこと。'}",,,33.3,両建て推奨,28.41,34.4,2,,,,,,,,,,,
2025-10-30,丸亀,12,3,平高奈菜,A1,22.50,3,△,11.6158,20,75,58.3,0.1575,3.0625,,,0,低,46,0,抜0%,,0,28.3,0.9308,0,0,0.0833,0.0833,0.0833,0.2,0,0.1333,,△,C,△,,0.3836,0.6215,,0.3864,A,64,0,◎-○軸 3着3〜4艇流し（10〜15点）,0.5777,"{'is_target': True, 'verdict': '点数絞り', 'max_combo_prob': 0.0804, 'est_top_odds': 16.6, 'circle_concentration': 70.3, 'eligible_count': 8, 'bet_adj': 0, 'reason': 'rel_win1=47.6%（本命度） / 最有力組み合わせ確率: 0.080（推定実オッズ?17倍） / 2着集中度: 上位2艇 70.3%（補正+0.04） / 総合判定確率: 0.120 / → ヒモはやや固め。上位2艇以外を切ること', 'tenji_trigger': '展示確認: 1号艇伸び良→そのまま採用。悪→飛び組に差し替え。circle_pct上位2艇に絞り込むこと。'}",,,33.3,両建て推奨,28.41,34.4,2,,,,,,,,,,,
2025-10-30,丸亀,12,4,横田貴満,A1,39.47,4,▲,10.8324,21.3,67,67.2,0.1549,3.4254,,,0,低,87,0,-,,0,48.5,0.8287,0,0.12,0,0.04,0,0.1446,0.0435,0.1011,,,A,○,○,0.3791,0.6885,0.3646,0.3864,A,64,0,◎-○軸 3着3〜4艇流し（10〜15点）,0.5777,"{'is_target': True, 'verdict': '点数絞り', 'max_combo_prob': 0.0804, 'est_top_odds': 16.6, 'circle_concentration': 70.3, 'eligible_count': 8, 'bet_adj': 0, 'reason': 'rel_win1=47.6%（本命度） / 最有力組み合わせ確率: 0.080（推定実オッズ?17倍） / 2着集中度: 上位2艇 70.3%（補正+0.04） / 総合判定確率: 0.120 / → ヒモはやや固め。上位2艇以外を切ること', 'tenji_trigger': '展示確認: 1号艇伸び良→そのまま採用。悪→飛び組に差し替え。circle_pct上位2艇に絞り込むこと。'}",,,33.3,両建て推奨,28.41,34.4,2,,,,,,,,,,,
2025-10-30,丸亀,12,5,川原祐明,A1,19.44,5,,11.0815,6.4,100,64.8,0.1587,3.5741,,,0,低,110,0,差ま0%,,0,28.3,1.0148,0,0.0357,0,0.2143,0,0.0276,0.1014,0.0138,,,D,,◎,0.3824,0.6185,0.386,0.3864,A,64,0,◎-○軸 3着3〜4艇流し（10〜15点）,0.5777,"{'is_target': True, 'verdict': '点数絞り', 'max_combo_prob': 0.0804, 'est_top_odds': 16.6, 'circle_concentration': 70.3, 'eligible_count': 8, 'bet_adj': 0, 'reason': 'rel_win1=47.6%（本命度） / 最有力組み合わせ確率: 0.080（推定実オッズ?17倍） / 2着集中度: 上位2艇 70.3%（補正+0.04） / 総合判定確率: 0.120 / → ヒモはやや固め。上位2艇以外を切ること', 'tenji_trigger': '展示確認: 1号艇伸び良→そのまま採用。悪→飛び組に差し替え。circle_pct上位2艇に絞り込むこと。'}",,,33.3,両建て推奨,28.41,34.4,2,,,,,,,,,,,
2025-10-30,丸亀,12,6,井本昌也,A1,21.88,6,,0.9174,3.3,48,30.8,0.1513,3.8077,,,0,低,62,0,-,,0,59.8,1.2161,,,,,,0.2333,0.2667,0.0167,,,D,△,,0.3937,0.6625,,0.3864,A,64,0,◎-○軸 3着3〜4艇流し（10〜15点）,0.5777,"{'is_target': True, 'verdict': '点数絞り', 'max_combo_prob': 0.0804, 'est_top_odds': 16.6, 'circle_concentration': 70.3, 'eligible_count': 8, 'bet_adj': 0, 'reason': 'rel_win1=47.6%（本命度） / 最有力組み合わせ確率: 0.080（推定実オッズ?17倍） / 2着集中度: 上位2艇 70.3%（補正+0.04） / 総合判定確率: 0.120 / → ヒモはやや固め。上位2艇以外を切ること', 'tenji_trigger': '展示確認: 1号艇伸び良→そのまま採用。悪→飛び組に差し替え。circle_pct上位2艇に絞り込むこと。'}",,,33.3,両建て推奨,28.41,34.4,2,,,,,,,,,,,
2025-10-31,丸亀,1,1,西村美智,B2,28.00,1,◎,64.6511,,0,93.8,0.145,2.8438,,,0,低,25,0,逃1%,2,0,90,1.2181,0.5556,,,,,0.1111,0.1111,0.1111,◎⚠️,,B,○,,,0.6285,,0.6674,S,88,0,◎1着固定 2-3着流し（5〜8点）,0.5777,"{'is_target': True, 'verdict': '点数絞り', 'max_combo_prob': 0.1038, 'est_top_odds': 12.8, 'circle_concentration': 76.2, 'eligible_count': 6, 'bet_adj': 0, 'reason': 'rel_win1=64.7%（本命度） / 最有力組み合わせ確率: 0.104（推定実オッズ?13倍） / 2着集中度: 上位2艇 76.2%（補正+0.04） / 総合判定確率: 0.144 / → ヒモはやや固め。上位2艇以外を切ること', 'tenji_trigger': '展示確認: 1号艇伸び良→そのまま採用。悪→飛び組に差し替え。circle_pct上位2艇に絞り込むこと。'}",,,26.2,逃げ狙い,11.36,28.6,3,3-4-6|3-5-4|3-4-5|3-5-6|3-6-4|3-4-1|3-6-5|3-1-4|3-1-2|3-1-6|1-3-4|1-2-4,3-4-6|3-5-4|3-4-5|3-5-6|3-6-4|3-4-1|3-6-5|3-1-4|3-1-2|3-1-6|1-3-4|1-2-4,3-4-6:1.63%|3-5-4:1.33%|3-4-5:1.1%|3-5-6:0.81%|3-6-4:0.71%|3-4-1:0.52%|3-6-5:0.29%|3-1-4:18.64%|3-1-2:10.88%|3-1-6:10.56%|1-3-4:5.83%|1-2-4:4.8%,3-4-6:B_main|3-5-4:B_main|3-4-5:B_main|3-5-6:B_main|3-6-4:B_main|3-4-1:B_main|3-6-5:B_main|3-1-4:B_sc|3-1-2:B_sc|3-1-6:B_sc|1-3-4:A|1-2-4:A,12,12,0.4535,1,[!]見送り推奨（主役決まり手「まくり」― 逃げ劣勢レースで的中実績なし）,主役軸流し,B
2025-10-31,丸亀,1,2,岡部　哲,B1,23.08,2,△,6.5746,32,100,40.6,0.1598,3.3984,,,0,低,119,0,-,5,0,23.5,0.7102,0,0.0667,0,0,0,0.1762,0.3762,0.2143,,,D,△,,0.166,0.6265,,0.6674,S,88,0,◎1着固定 2-3着流し（5〜8点）,0.5777,"{'is_target': True, 'verdict': '点数絞り', 'max_combo_prob': 0.1038, 'est_top_odds': 12.8, 'circle_concentration': 76.2, 'eligible_count': 6, 'bet_adj': 0, 'reason': 'rel_win1=64.7%（本命度） / 最有力組み合わせ確率: 0.104（推定実オッズ?13倍） / 2着集中度: 上位2艇 76.2%（補正+0.04） / 総合判定確率: 0.144 / → ヒモはやや固め。上位2艇以外を切ること', 'tenji_trigger': '展示確認: 1号艇伸び良→そのまま採用。悪→飛び組に差し替え。circle_pct上位2艇に絞り込むこと。'}",,,26.2,逃げ狙い,11.36,28.6,3,,,,,,,,,,,
2025-10-31,丸亀,1,3,山田真聖,B1,27.27,3,○,14.8028,44.1,67,52.7,0.1615,3.1636,,,0,低,94,0,-,2,0,32.1,0.7683,0,0.0323,0.1613,0,0.0323,0.0952,0.1771,0.019,,,B,△,,0.2303,0.619,,0.6674,S,88,0,◎1着固定 2-3着流し（5〜8点）,0.5777,"{'is_target': True, 'verdict': '点数絞り', 'max_combo_prob': 0.1038, 'est_top_odds': 12.8, 'circle_concentration': 76.2, 'eligible_count': 6, 'bet_adj': 0, 'reason': 'rel_win1=64.7%（本命度） / 最有力組み合わせ確率: 0.104（推定実オッズ?13倍） / 2着集中度: 上位2艇 76.2%（補正+0.04） / 総合判定確率: 0.144 / → ヒモはやや固め。上位2艇以外を切ること', 'tenji_trigger': '展示確認: 1号艇伸び良→そのまま採用。悪→飛び組に差し替え。circle_pct上位2艇に絞り込むこと。'}",,,26.2,逃げ狙い,11.36,28.6,3,,,,,,,,,,,
2025-10-31,丸亀,1,4,山崎昂介,B1,27.03,4,▲,9.0342,15.3,84,42.9,0.1643,3.2143,,,0,低,138,0,差ま0%,12,0,27.8,0.7206,0,0,0.037,0.1111,0,0.0444,0.0667,0.2844,,,C,◎,◎,0.2245,0.64,0.4113,0.6674,S,88,0,◎1着固定 2-3着流し（5〜8点）,0.5777,"{'is_target': True, 'verdict': '点数絞り', 'max_combo_prob': 0.1038, 'est_top_odds': 12.8, 'circle_concentration': 76.2, 'eligible_count': 6, 'bet_adj': 0, 'reason': 'rel_win1=64.7%（本命度） / 最有力組み合わせ確率: 0.104（推定実オッズ?13倍） / 2着集中度: 上位2艇 76.2%（補正+0.04） / 総合判定確率: 0.144 / → ヒモはやや固め。上位2艇以外を切ること', 'tenji_trigger': '展示確認: 1号艇伸び良→そのまま採用。悪→飛び組に差し替え。circle_pct上位2艇に絞り込むこと。'}",,,26.2,逃げ狙い,11.36,28.6,3,,,,,,,,,,,
2025-10-31,丸亀,1,5,日高龍之,B2,22.22,5,,3.831,6.3,49,11.1,0.1806,4.2222,,,0,低,49,0,-,6,0,24.9,0.7612,,,,,,,,,,,D,,,0.198,0.529,,0.6674,S,88,0,◎1着固定 2-3着流し（5〜8点）,0.5777,"{'is_target': True, 'verdict': '点数絞り', 'max_combo_prob': 0.1038, 'est_top_odds': 12.8, 'circle_concentration': 76.2, 'eligible_count': 6, 'bet_adj': 0, 'reason': 'rel_win1=64.7%（本命度） / 最有力組み合わせ確率: 0.104（推定実オッズ?13倍） / 2着集中度: 上位2艇 76.2%（補正+0.04） / 総合判定確率: 0.144 / → ヒモはやや固め。上位2艇以外を切ること', 'tenji_trigger': '展示確認: 1号艇伸び良→そのまま採用。悪→飛び組に差し替え。circle_pct上位2艇に絞り込むこと。'}",,,26.2,逃げ狙い,11.36,28.6,3,,,,,,,,,,,
2025-10-31,丸亀,1,6,谷口佳蓮,B1,21.43,6,,1.1062,2.2,42,8.7,0.22,4.5435,,,0,低,45,0,-,1,0,92.6,2.0508,,,,,,0.1091,0,0.2727,,,E,,,0.135,0.5715,,0.6674,S,88,0,◎1着固定 2-3着流し（5〜8点）,0.5777,"{'is_target': True, 'verdict': '点数絞り', 'max_combo_prob': 0.1038, 'est_top_odds': 12.8, 'circle_concentration': 76.2, 'eligible_count': 6, 'bet_adj': 0, 'reason': 'rel_win1=64.7%（本命度） / 最有力組み合わせ確率: 0.104（推定実オッズ?13倍） / 2着集中度: 上位2艇 76.2%（補正+0.04） / 総合判定確率: 0.144 / → ヒモはやや固め。上位2艇以外を切ること', 'tenji_trigger': '展示確認: 1号艇伸び良→そのまま採用。悪→飛び組に差し替え。circle_pct上位2艇に絞り込むこと。'}",,,26.2,逃げ狙い,11.36,28.6,3,,,,,,,,,,,
2025-10-31,丸亀,2,1,桑原　啓,B1,31.25,1,◎,49.6632,,0,71.1,0.1564,3.4111,,,0,低,104,0,逃0%,25,0,66.7,0.9259,0.25,,,,,0.3,0.22,0.18,○,,B,○,,,0.6545,,0.3578,B,57,0,◎○△フォーメーション（15〜20点）,0.5777,"{'is_target': True, 'verdict': '点数絞り', 'max_combo_prob': 0.1035, 'est_top_odds': 12.9, 'circle_concentration': 78.0, 'eligible_count': 9, 'bet_adj': 0, 'reason': 'rel_win1=49.7%（本命度） / 最有力組み合わせ確率: 0.104（推定実オッズ?13倍） / 2着集中度: 上位2艇 78.0%（補正+0.04） / 総合判定確率: 0.144 / → ヒモはやや固め。上位2艇以外を切ること', 'tenji_trigger': '展示確認: 1号艇伸び良→そのまま採用。悪→飛び組に差し替え。circle_pct上位2艇に絞り込むこと。'}",,,30,両建て推奨,11.98,38.9,2,,,,,0,0,0.6155,0,,主役軸流し,B
2025-10-31,丸亀,2,2,池田雄祐,A2,32.43,2,○,16.5872,59.5,100,77.8,0.1491,3.1296,,,0,低,70,0,-,2,0,41,0.7507,0,0.1304,0.0435,0,0,0.0963,0.1259,0.0444,,◎,B,◎,,0.4452,0.667,,0.3578,B,57,0,◎○△フォーメーション（15〜20点）,0.5777,"{'is_target': True, 'verdict': '点数絞り', 'max_combo_prob': 0.1035, 'est_top_odds': 12.9, 'circle_concentration': 78.0, 'eligible_count': 9, 'bet_adj': 0, 'reason': 'rel_win1=49.7%（本命度） / 最有力組み合わせ確率: 0.104（推定実オッズ?13倍） / 2着集中度: 上位2艇 78.0%（補正+0.04） / 総合判定確率: 0.144 / → ヒモはやや固め。上位2艇以外を切ること', 'tenji_trigger': '展示確認: 1号艇伸び良→そのまま採用。悪→飛び組に差し替え。circle_pct上位2艇に絞り込むこと。'}",,,30,両建て推奨,11.98,38.9,2,,,,,,,,,,,
2025-10-31,丸亀,2,3,田代達也,B1,32.14,3,▲,15.8489,18.5,67,48.1,0.1426,2.8148,,,0,低,87,0,ま0% 差ま0% 抜0%,46,0,48.5,1.1115,0,0,0.0968,0.0645,0.0323,0.0471,0.4412,0.4176,,○,B,,,0.4062,0.604,,0.3578,B,57,0,◎○△フォーメーション（15〜20点）,0.5777,"{'is_target': True, 'verdict': '点数絞り', 'max_combo_prob': 0.1035, 'est_top_odds': 12.9, 'circle_concentration': 78.0, 'eligible_count': 9, 'bet_adj': 0, 'reason': 'rel_win1=49.7%（本命度） / 最有力組み合わせ確率: 0.104（推定実オッズ?13倍） / 2着集中度: 上位2艇 78.0%（補正+0.04） / 総合判定確率: 0.144 / → ヒモはやや固め。上位2艇以外を切ること', 'tenji_trigger': '展示確認: 1号艇伸び良→そのまま採用。悪→飛び組に差し替え。circle_pct上位2艇に絞り込むこと。'}",,,30,両建て推奨,11.98,38.9,2,,,,,,,,,,,
2025-10-31,丸亀,2,4,西島義則,A1,11.11,4,,11.9337,14.8,82,100,0.26,4,,,0,低,49,1,-,44,0,85.7,1.8489,,,,,,0.2106,0.1985,0.0606,,,E,,,0.1693,0.5995,,0.3578,B,57,0,◎○△フォーメーション（15〜20点）,0.5777,"{'is_target': True, 'verdict': '点数絞り', 'max_combo_prob': 0.1035, 'est_top_odds': 12.9, 'circle_concentration': 78.0, 'eligible_count': 9, 'bet_adj': 0, 'reason': 'rel_win1=49.7%（本命度） / 最有力組み合わせ確率: 0.104（推定実オッズ?13倍） / 2着集中度: 上位2艇 78.0%（補正+0.04） / 総合判定確率: 0.144 / → ヒモはやや固め。上位2艇以外を切ること', 'tenji_trigger': '展示確認: 1号艇伸び良→そのまま採用。悪→飛び組に差し替え。circle_pct上位2艇に絞り込むこと。'}",,,30,両建て推奨,11.98,38.9,2,,,,,,,,,,,
2025-10-31,丸亀,2,5,渥美卓郎,B1,10.71,5,,4.7126,4.2,58,27.1,0.1694,3.8571,,,0,低,188,0,ま0%,6,0,34.4,0.7998,0,0,0.0312,0,0,0.25,0.02,0.25,,,E,△,,0.2719,0.615,,0.3578,B,57,0,◎○△フォーメーション（15〜20点）,0.5777,"{'is_target': True, 'verdict': '点数絞り', 'max_combo_prob': 0.1035, 'est_top_odds': 12.9, 'circle_concentration': 78.0, 'eligible_count': 9, 'bet_adj': 0, 'reason': 'rel_win1=49.7%（本命度） / 最有力組み合わせ確率: 0.104（推定実オッズ?13倍） / 2着集中度: 上位2艇 78.0%（補正+0.04） / 総合判定確率: 0.144 / → ヒモはやや固め。上位2艇以外を切ること', 'tenji_trigger': '展示確認: 1号艇伸び良→そのまま採用。悪→飛び組に差し替え。circle_pct上位2艇に絞り込むこと。'}",,,30,両建て推奨,11.98,38.9,2,,,,,,,,,,,
2025-10-31,丸亀,2,6,小野寺智,B1,26.67,6,△,1.2544,3,27,27.6,0.1712,3.75,,,0,低,79,0,-,1,0,25.1,0.9436,,,,,,0.1217,0.0174,0.3096,,,C,△,,0.2996,0.6185,,0.3578,B,57,0,◎○△フォーメーション（15〜20点）,0.5777,"{'is_target': True, 'verdict': '点数絞り', 'max_combo_prob': 0.1035, 'est_top_odds': 12.9, 'circle_concentration': 78.0, 'eligible_count': 9, 'bet_adj': 0, 'reason': 'rel_win1=49.7%（本命度） / 最有力組み合わせ確率: 0.104（推定実オッズ?13倍） / 2着集中度: 上位2艇 78.0%（補正+0.04） / 総合判定確率: 0.144 / → ヒモはやや固め。上位2艇以外を切ること', 'tenji_trigger': '展示確認: 1号艇伸び良→そのまま採用。悪→飛び組に差し替え。circle_pct上位2艇に絞り込むこと。'}",,,30,両建て推奨,11.98,38.9,2,,,,,,,,,,,
2025-10-31,丸亀,3,1,渡　修平,B1,38.10,1,◎,53.0867,,0,74.4,0.1544,3.6667,,,0,低,148,0,逃1%,56,0,91.5,1.2363,0.5882,,,,,0.0235,0.1906,0.1906,○,,A,△,,,0.6,,0.3975,A,69,0,◎-○軸 3着3〜4艇流し（10〜15点）,0.5777,"{'is_target': True, 'verdict': '点数絞り', 'max_combo_prob': 0.0858, 'est_top_odds': 15.5, 'circle_concentration': 79.6, 'eligible_count': 8, 'bet_adj': 0, 'reason': 'rel_win1=53.1%（本命度） / 最有力組み合わせ確率: 0.086（推定実オッズ?16倍） / 2着集中度: 上位2艇 79.6%（補正+0.04） / 総合判定確率: 0.126 / → ヒモはやや固め。上位2艇以外を切ること', 'tenji_trigger': '展示確認: 1号艇伸び良→そのまま採用。悪→飛び組に差し替え。circle_pct上位2艇に絞り込むこと。'}",,,28.3,逃げ狙い,16.86,29.9,2,,,,,0,0,0.6155,0,,逃げ軸流し,A
2025-10-31,丸亀,3,2,川原祐明,A1,19.44,2,○,21.814,50.8,100,72.2,0.1478,3.3611,,,0,低,110,0,差0% ま0%,11,0,47.7,1.0253,0,0.087,0.2609,0,0,0.0276,0.1014,0.0138,,◎,D,◎,,0.4085,0.6185,,0.3975,A,69,0,◎-○軸 3着3〜4艇流し（10〜15点）,0.5777,"{'is_target': True, 'verdict': '点数絞り', 'max_combo_prob': 0.0858, 'est_top_odds': 15.5, 'circle_concentration': 79.6, 'eligible_count': 8, 'bet_adj': 0, 'reason': 'rel_win1=53.1%（本命度） / 最有力組み合わせ確率: 0.086（推定実オッズ?16倍） / 2着集中度: 上位2艇 79.6%（補正+0.04） / 総合判定確率: 0.126 / → ヒモはやや固め。上位2艇以外を切ること', 'tenji_trigger': '展示確認: 1号艇伸び良→そのまま採用。悪→飛び組に差し替え。circle_pct上位2艇に絞り込むこと。'}",,,28.3,逃げ狙い,16.86,29.9,2,,,,,,,,,,,
2025-10-31,丸亀,3,3,安達美帆,B1,25.00,3,▲,10.3909,28.8,82,31.6,0.18,3.4474,,,0,低,49,0,-,6,0,21.7,0.7448,,,,,,0.25,0.5,0.25,,,D,,,0.1795,0.53,,0.3975,A,69,0,◎-○軸 3着3〜4艇流し（10〜15点）,0.5777,"{'is_target': True, 'verdict': '点数絞り', 'max_combo_prob': 0.0858, 'est_top_odds': 15.5, 'circle_concentration': 79.6, 'eligible_count': 8, 'bet_adj': 0, 'reason': 'rel_win1=53.1%（本命度） / 最有力組み合わせ確率: 0.086（推定実オッズ?16倍） / 2着集中度: 上位2艇 79.6%（補正+0.04） / 総合判定確率: 0.126 / → ヒモはやや固め。上位2艇以外を切ること', 'tenji_trigger': '展示確認: 1号艇伸び良→そのまま採用。悪→飛び組に差し替え。circle_pct上位2艇に絞り込むこと。'}",,,28.3,逃げ狙い,16.86,29.9,2,,,,,,,,,,,
2025-10-31,丸亀,3,4,齋藤真之,B1,17.24,4,,6.5929,8.7,68,27.1,0.1816,3.5714,,,0,低,145,0,-,6,0,24.2,0.67,0,0,0.0294,0,0.0294,0.0588,0.1176,0.1176,,,E,△,,0.1736,0.594,,0.3975,A,69,0,◎-○軸 3着3〜4艇流し（10〜15点）,0.5777,"{'is_target': True, 'verdict': '点数絞り', 'max_combo_prob': 0.0858, 'est_top_odds': 15.5, 'circle_concentration': 79.6, 'eligible_count': 8, 'bet_adj': 0, 'reason': 'rel_win1=53.1%（本命度） / 最有力組み合わせ確率: 0.086（推定実オッズ?16倍） / 2着集中度: 上位2艇 79.6%（補正+0.04） / 総合判定確率: 0.126 / → ヒモはやや固め。上位2艇以外を切ること', 'tenji_trigger': '展示確認: 1号艇伸び良→そのまま採用。悪→飛び組に差し替え。circle_pct上位2艇に絞り込むこと。'}",,,28.3,逃げ狙い,16.86,29.9,2,,,,,,,,,,,
2025-10-31,丸亀,3,5,森安弘雅,A2,29.03,5,△,6.938,8.6,91,33.9,0.1922,4.1462,,,0,低,178,0,-,11,0,92.3,1.7552,0,0,0,0.0435,0,0.0167,0.1833,0.2,,,C,○,,0.1644,0.6065,,0.3975,A,69,0,◎-○軸 3着3〜4艇流し（10〜15点）,0.5777,"{'is_target': True, 'verdict': '点数絞り', 'max_combo_prob': 0.0858, 'est_top_odds': 15.5, 'circle_concentration': 79.6, 'eligible_count': 8, 'bet_adj': 0, 'reason': 'rel_win1=53.1%（本命度） / 最有力組み合わせ確率: 0.086（推定実オッズ?16倍） / 2着集中度: 上位2艇 79.6%（補正+0.04） / 総合判定確率: 0.126 / → ヒモはやや固め。上位2艇以外を切ること', 'tenji_trigger': '展示確認: 1号艇伸び良→そのまま採用。悪→飛び組に差し替え。circle_pct上位2艇に絞り込むこと。'}",,,28.3,逃げ狙い,16.86,29.9,2,,,,,,,,,,,
2025-10-31,丸亀,3,6,岡部　浩,B1,33.33,6,,1.1776,3.1,45,11.3,0.2225,4.8774,,,0,低,155,0,-,6,0,25,0.8289,,,,,,0.2311,0.2311,0.0667,,,B,,,0.1386,0.5865,,0.3975,A,69,0,◎-○軸 3着3〜4艇流し（10〜15点）,0.5777,"{'is_target': True, 'verdict': '点数絞り', 'max_combo_prob': 0.0858, 'est_top_odds': 15.5, 'circle_concentration': 79.6, 'eligible_count': 8, 'bet_adj': 0, 'reason': 'rel_win1=53.1%（本命度） / 最有力組み合わせ確率: 0.086（推定実オッズ?16倍） / 2着集中度: 上位2艇 79.6%（補正+0.04） / 総合判定確率: 0.126 / → ヒモはやや固め。上位2艇以外を切ること', 'tenji_trigger': '展示確認: 1号艇伸び良→そのまま採用。悪→飛び組に差し替え。circle_pct上位2艇に絞り込むこと。'}",,,28.3,逃げ狙い,16.86,29.9,2,,,,,,,,,,,
2025-10-31,丸亀,4,1,田頭虎親,B1,23.33,1,◎,61.1577,,0,83.3,0.1733,3.4792,,,0,低,121,0,逃1%,51,0,69.6,0.9865,0.4375,,,,,0.1,0.375,0.025,○,,D,,,,0.5945,,0.4255,A,76,0,◎-○軸 3着3〜4艇流し（10〜15点）,0.5777,"{'is_target': True, 'verdict': '参加推奨', 'max_combo_prob': 0.0977, 'est_top_odds': 13.6, 'circle_concentration': 61.2, 'eligible_count': 8, 'bet_adj': 2, 'reason': 'rel_win1=61.2%（本命度） / 最有力組み合わせ確率: 0.098（推定実オッズ?14倍） / 2着集中度: 上位2艇 61.2%（補正+0.00） / 総合判定確率: 0.098 / → ヒモ分散。1号艇1着固定で広めのヒモ流し推奨（買い目+2点）', 'tenji_trigger': '展示確認: ヒモ分散レース。1号艇伸び確認後、広めのヒモ流しを採用。穴ヒモ（5・6号艇）を積極的に含める。'}",,,29.5,逃げ狙い,14.99,35.1,3,,,,,0,0,0.6155,0,,逃げ軸流し,A
2025-10-31,丸亀,4,2,小林孝弘,B1,28.21,2,▲,10.8885,39.6,100,59.4,0.1683,3.5435,,,0,低,119,0,差0% 抜0%,4,0,42.3,0.961,0,0.0303,0,0,0.0606,0.0762,0.2262,0.2071,,△,C,△,,0.355,0.632,,0.4255,A,76,0,◎-○軸 3着3〜4艇流し（10〜15点）,0.5777,"{'is_target': True, 'verdict': '参加推奨', 'max_combo_prob': 0.0977, 'est_top_odds': 13.6, 'circle_concentration': 61.2, 'eligible_count': 8, 'bet_adj': 2, 'reason': 'rel_win1=61.2%（本命度） / 最有力組み合わせ確率: 0.098（推定実オッズ?14倍） / 2着集中度: 上位2艇 61.2%（補正+0.00） / 総合判定確率: 0.098 / → ヒモ分散。1号艇1着固定で広めのヒモ流し推奨（買い目+2点）', 'tenji_trigger': '展示確認: ヒモ分散レース。1号艇伸び確認後、広めのヒモ流しを採用。穴ヒモ（5・6号艇）を積極的に含める。'}",,,29.5,逃げ狙い,14.99,35.1,3,,,,,,,,,,,
2025-10-31,丸亀,4,3,秋田健太,B1,30.77,3,○,9.5038,20.7,37,30,0.146,3.3286,,,0,低,98,0,-,34,0,22.3,0.6977,,,,,,0.4263,0.1053,0.0211,,◎,B,,,0.4502,0.62,,0.4255,A,76,0,◎-○軸 3着3〜4艇流し（10〜15点）,0.5777,"{'is_target': True, 'verdict': '参加推奨', 'max_combo_prob': 0.0977, 'est_top_odds': 13.6, 'circle_concentration': 61.2, 'eligible_count': 8, 'bet_adj': 2, 'reason': 'rel_win1=61.2%（本命度） / 最有力組み合わせ確率: 0.098（推定実オッズ?14倍） / 2着集中度: 上位2艇 61.2%（補正+0.00） / 総合判定確率: 0.098 / → ヒモ分散。1号艇1着固定で広めのヒモ流し推奨（買い目+2点）', 'tenji_trigger': '展示確認: ヒモ分散レース。1号艇伸び確認後、広めのヒモ流しを採用。穴ヒモ（5・6号艇）を積極的に含める。'}",,,29.5,逃げ狙い,14.99,35.1,3,,,,,,,,,,,
2025-10-31,丸亀,4,4,平高奈菜,A1,22.50,4,,8.9625,21.6,94,64.3,0.1775,3.9286,,,0,低,46,0,-,26,0,69.3,0.7694,0,0.0909,0,0,0,0.2,0,0.1333,,,D,△,,0.2737,0.6215,,0.4255,A,76,0,◎-○軸 3着3〜4艇流し（10〜15点）,0.5777,"{'is_target': True, 'verdict': '参加推奨', 'max_combo_prob': 0.0977, 'est_top_odds': 13.6, 'circle_concentration': 61.2, 'eligible_count': 8, 'bet_adj': 2, 'reason': 'rel_win1=61.2%（本命度） / 最有力組み合わせ確率: 0.098（推定実オッズ?14倍） / 2着集中度: 上位2艇 61.2%（補正+0.00） / 総合判定確率: 0.098 / → ヒモ分散。1号艇1着固定で広めのヒモ流し推奨（買い目+2点）', 'tenji_trigger': '展示確認: ヒモ分散レース。1号艇伸び確認後、広めのヒモ流しを採用。穴ヒモ（5・6号艇）を積極的に含める。'}",,,29.5,逃げ狙い,14.99,35.1,3,,,,,,,,,,,
2025-10-31,丸亀,4,5,登玉隼百,A2,11.54,5,,7.2075,15,52,41.7,0.1344,2.9306,,,0,低,49,0,差ま0%,3,0,32.2,1.2579,0,0,0,0.0588,0,0.0348,0.1696,0.1174,,○,E,◎,,0.411,0.6475,,0.4255,A,76,0,◎-○軸 3着3〜4艇流し（10〜15点）,0.5777,"{'is_target': True, 'verdict': '参加推奨', 'max_combo_prob': 0.0977, 'est_top_odds': 13.6, 'circle_concentration': 61.2, 'eligible_count': 8, 'bet_adj': 2, 'reason': 'rel_win1=61.2%（本命度） / 最有力組み合わせ確率: 0.098（推定実オッズ?14倍） / 2着集中度: 上位2艇 61.2%（補正+0.00） / 総合判定確率: 0.098 / → ヒモ分散。1号艇1着固定で広めのヒモ流し推奨（買い目+2点）', 'tenji_trigger': '展示確認: ヒモ分散レース。1号艇伸び確認後、広めのヒモ流しを採用。穴ヒモ（5・6号艇）を積極的に含める。'}",,,29.5,逃げ狙い,14.99,35.1,3,,,,,,,,,,,
2025-10-31,丸亀,4,6,高濱芳久,A2,31.71,6,△,2.28,3.1,50,42.9,0.1843,2.8571,,,0,低,114,1,-,35,0,87.6,1.6425,,,,,,0.0485,0.1485,0.1485,,,B,○,,0.2782,0.6335,,0.4255,A,76,0,◎-○軸 3着3〜4艇流し（10〜15点）,0.5777,"{'is_target': True, 'verdict': '参加推奨', 'max_combo_prob': 0.0977, 'est_top_odds': 13.6, 'circle_concentration': 61.2, 'eligible_count': 8, 'bet_adj': 2, 'reason': 'rel_win1=61.2%（本命度） / 最有力組み合わせ確率: 0.098（推定実オッズ?14倍） / 2着集中度: 上位2艇 61.2%（補正+0.00） / 総合判定確率: 0.098 / → ヒモ分散。1号艇1着固定で広めのヒモ流し推奨（買い目+2点）', 'tenji_trigger': '展示確認: ヒモ分散レース。1号艇伸び確認後、広めのヒモ流しを採用。穴ヒモ（5・6号艇）を積極的に含める。'}",,,29.5,逃げ狙い,14.99,35.1,3,,,,,,,,,,,
2025-10-31,丸亀,5,1,野中義生,B1,25.93,1,◎,40.1727,,0,54.2,0.1829,3.6875,,,0,低,79,0,逃0%,43,0,33.3,0.7147,0.25,,,,,0.06,0.46,0.36,△,,B,△,,,0.6175,,0.2112,D,21,1,大荒れ。見送り推奨,0.5777,"{'is_target': False, 'verdict': '対象外', 'max_combo_prob': None, 'est_top_odds': None, 'circle_concentration': None, 'eligible_count': 0, 'bet_adj': 0, 'reason': '1号艇rel_win1 < 45%: 通常判定に委ねる', 'tenji_trigger': ''}",,,37.5,両建て推奨,17.98,40.9,4,2-1-3|1-2-4|1-3-4|1-2-3|1-2-5|1-4-3,6-1-4|6-1-3|6-4-3|2-1-3|4-3-5|6-4-1|6-3-4|1-2-4|1-3-4|1-2-3|1-2-5|1-4-3,2-1-3:2.59%|1-2-4:9.38%|1-3-4:8.16%|1-2-3:7.24%|1-2-5:6.95%|1-4-3:6.26%,2-1-3:B_main|1-2-4:A|1-3-4:A|1-2-3:A|1-2-5:A|1-4-3:A,6,12,0.4535,1,[!]見送り推奨（主役決まり手「差し」― 逃げ劣勢レースで的中実績なし）,荒れ広め,D
2025-10-31,丸亀,5,2,仁科さや,B2,24.14,2,▲,13.0574,32.6,67,45.5,0.1355,3.3182,,,0,低,24,1,差0%,6,0,29.7,0.7845,0,0.0909,0,0,0,0.1667,0.3333,0,,◎,C,,,0.579,0.6165,,0.2112,D,21,1,大荒れ。見送り推奨,0.5777,"{'is_target': False, 'verdict': '対象外', 'max_combo_prob': None, 'est_top_odds': None, 'circle_concentration': None, 'eligible_count': 0, 'bet_adj': 0, 'reason': '1号艇rel_win1 < 45%: 通常判定に委ねる', 'tenji_trigger': ''}",,,37.5,両建て推奨,17.98,40.9,4,,,,,,,,,,,
2025-10-31,丸亀,5,3,今村暢孝,A1,23.68,3,△,12.1503,28.8,67,80,0.134,3.1,,,0,低,25,1,-,12,0,60.3,1.3885,,,,,,0.05,0.1583,0.1833,,△,C,○,,0.5312,0.669,,0.2112,D,21,1,大荒れ。見送り推奨,0.5777,"{'is_target': False, 'verdict': '対象外', 'max_combo_prob': None, 'est_top_odds': None, 'circle_concentration': None, 'eligible_count': 0, 'bet_adj': 0, 'reason': '1号艇rel_win1 < 45%: 通常判定に委ねる', 'tenji_trigger': ''}",,,37.5,両建て推奨,17.98,40.9,4,,,,,,,,,,,
2025-10-31,丸亀,5,4,佐々木康,A2,24.14,4,○,26.0383,29.7,47,67.3,0.1091,1.8909,,,0,低,37,0,差0% ま0% 差ま0%,14,0,94.1,1.7638,0,0.0357,0.0714,0.0714,0,0.1017,0.04,0.04,,○,C,△,◎,0.5404,0.668,0.4881,0.2112,D,21,1,大荒れ。見送り推奨,0.5777,"{'is_target': False, 'verdict': '対象外', 'max_combo_prob': None, 'est_top_odds': None, 'circle_concentration': None, 'eligible_count': 0, 'bet_adj': 0, 'reason': '1号艇rel_win1 < 45%: 通常判定に委ねる', 'tenji_trigger': ''}",,,37.5,両建て推奨,17.98,40.9,4,,,,,,,,,,,
2025-10-31,丸亀,5,5,山ノ内雅,A2,21.43,5,,7.4635,8.5,100,49.3,0.1504,3.2174,,,0,低,97,0,-,43,0,25.9,0.774,0,0,0,0.0541,0,0.1041,0.0432,0.0324,,,D,◎,,0.4576,0.6915,,0.2112,D,21,1,大荒れ。見送り推奨,0.5777,"{'is_target': False, 'verdict': '対象外', 'max_combo_prob': None, 'est_top_odds': None, 'circle_concentration': None, 'eligible_count': 0, 'bet_adj': 0, 'reason': '1号艇rel_win1 < 45%: 通常判定に委ねる', 'tenji_trigger': ''}",,,37.5,両建て推奨,17.98,40.9,4,,,,,,,,,,,
2025-10-31,丸亀,5,6,久保田凪,B2,20.00,6,,1.1178,0.4,12,3.2,0.1931,4.4274,,,0,低,37,0,-,64,0,26,0.7622,,,,,,,,,,,D,,,0.3498,0.447,,0.2112,D,21,1,大荒れ。見送り推奨,0.5777,"{'is_target': False, 'verdict': '対象外', 'max_combo_prob': None, 'est_top_odds': None, 'circle_concentration': None, 'eligible_count': 0, 'bet_adj': 0, 'reason': '1号艇rel_win1 < 45%: 通常判定に委ねる', 'tenji_trigger': ''}",,,37.5,両建て推奨,17.98,40.9,4,,,,,,,,,,,
2025-10-31,丸亀,6,1,立間充宏,A2,28.57,1,◎,53.9895,,0,87.3,0.1429,2.8273,,,0,低,88,0,逃1%,35,0,71,1.1097,0.5455,,,,,0.2727,0.1182,0.0727,◎,,D,,,,0.5755,,0.5652,A,74,0,◎-○軸 3着3〜4艇流し（10〜15点）,0.5777,"{'is_target': True, 'verdict': '参加推奨', 'max_combo_prob': 0.0731, 'est_top_odds': 18.3, 'circle_concentration': 72.4, 'eligible_count': 8, 'bet_adj': 2, 'reason': 'rel_win1=54.0%（本命度） / 最有力組み合わせ確率: 0.073（推定実オッズ?18倍） / 2着集中度: 上位2艇 72.4%（補正+0.04） / 総合判定確率: 0.113 / → ヒモ分散。1号艇1着固定で広めのヒモ流し推奨（買い目+2点）', 'tenji_trigger': '展示確認: ヒモ分散レース。1号艇伸び確認後、広めのヒモ流しを採用。穴ヒモ（5・6号艇）を積極的に含める。'}",,,30,逃げ狙い,17.63,34,3,,,,,0,0,0.7559,0,,逃げ軸流し,A
2025-10-31,丸亀,6,2,近藤友宝,B1,30.56,2,△,7.7219,29.1,51,40,0.1714,3.5385,,,0,低,119,0,-,55,0,49.2,1.221,,,,,,0.2889,0.2111,0.1667,,,C,,,0.1184,0.5765,,0.5652,A,74,0,◎-○軸 3着3〜4艇流し（10〜15点）,0.5777,"{'is_target': True, 'verdict': '参加推奨', 'max_combo_prob': 0.0731, 'est_top_odds': 18.3, 'circle_concentration': 72.4, 'eligible_count': 8, 'bet_adj': 2, 'reason': 'rel_win1=54.0%（本命度） / 最有力組み合わせ確率: 0.073（推定実オッズ?18倍） / 2着集中度: 上位2艇 72.4%（補正+0.04） / 総合判定確率: 0.113 / → ヒモ分散。1号艇1着固定で広めのヒモ流し推奨（買い目+2点）', 'tenji_trigger': '展示確認: ヒモ分散レース。1号艇伸び確認後、広めのヒモ流しを採用。穴ヒモ（5・6号艇）を積極的に含める。'}",,,30,逃げ狙い,17.63,34,3,,,,,,,,,,,
2025-10-31,丸亀,6,3,横田貴満,A1,39.47,3,○,21.567,43.3,100,75.9,0.1583,3,,,0,低,87,0,差ま1%,32,0,37.9,1.0881,0,0,0,0.28,0,0.1446,0.0435,0.1011,,,B,◎,,0.3012,0.6885,,0.5652,A,74,0,◎-○軸 3着3〜4艇流し（10〜15点）,0.5777,"{'is_target': True, 'verdict': '参加推奨', 'max_combo_prob': 0.0731, 'est_top_odds': 18.3, 'circle_concentration': 72.4, 'eligible_count': 8, 'bet_adj': 2, 'reason': 'rel_win1=54.0%（本命度） / 最有力組み合わせ確率: 0.073（推定実オッズ?18倍） / 2着集中度: 上位2艇 72.4%（補正+0.04） / 総合判定確率: 0.113 / → ヒモ分散。1号艇1着固定で広めのヒモ流し推奨（買い目+2点）', 'tenji_trigger': '展示確認: ヒモ分散レース。1号艇伸び確認後、広めのヒモ流しを採用。穴ヒモ（5・6号艇）を積極的に含める。'}",,,30,逃げ狙い,17.63,34,3,,,,,,,,,,,
2025-10-31,丸亀,6,4,原　豊土,A2,25.00,4,,7.5749,16.5,85,53.3,0.1632,3.1167,,,0,低,122,0,-,45,0,71.4,1.5155,0,0,0.08,0,0,0.1711,0,0.0632,,,E,△,◎,0.2292,0.6015,0.317,0.5652,A,74,0,◎-○軸 3着3〜4艇流し（10〜15点）,0.5777,"{'is_target': True, 'verdict': '参加推奨', 'max_combo_prob': 0.0731, 'est_top_odds': 18.3, 'circle_concentration': 72.4, 'eligible_count': 8, 'bet_adj': 2, 'reason': 'rel_win1=54.0%（本命度） / 最有力組み合わせ確率: 0.073（推定実オッズ?18倍） / 2着集中度: 上位2艇 72.4%（補正+0.04） / 総合判定確率: 0.113 / → ヒモ分散。1号艇1着固定で広めのヒモ流し推奨（買い目+2点）', 'tenji_trigger': '展示確認: ヒモ分散レース。1号艇伸び確認後、広めのヒモ流しを採用。穴ヒモ（5・6号艇）を積極的に含める。'}",,,30,逃げ狙い,17.63,34,3,,,,,,,,,,,
2025-10-31,丸亀,6,5,山田真聖,B1,27.27,5,,6.5412,5.1,81,28.8,0.1606,3.5606,,,0,低,94,0,-,2,0,100,2.0507,0,0,0.027,0.027,0,0.0952,0.1771,0.019,,,D,○,,0.2435,0.619,,0.5652,A,74,0,◎-○軸 3着3〜4艇流し（10〜15点）,0.5777,"{'is_target': True, 'verdict': '参加推奨', 'max_combo_prob': 0.0731, 'est_top_odds': 18.3, 'circle_concentration': 72.4, 'eligible_count': 8, 'bet_adj': 2, 'reason': 'rel_win1=54.0%（本命度） / 最有力組み合わせ確率: 0.073（推定実オッズ?18倍） / 2着集中度: 上位2艇 72.4%（補正+0.04） / 総合判定確率: 0.113 / → ヒモ分散。1号艇1着固定で広めのヒモ流し推奨（買い目+2点）', 'tenji_trigger': '展示確認: ヒモ分散レース。1号艇伸び確認後、広めのヒモ流しを採用。穴ヒモ（5・6号艇）を積極的に含める。'}",,,30,逃げ狙い,17.63,34,3,,,,,,,,,,,
2025-10-31,丸亀,6,6,近藤稔也,B1,47.62,6,▲,2.6055,6,55,19.6,0.202,4.4314,,,0,低,180,0,-,52,0,29.8,0.8944,,,,,,0.368,0.32,0.064,,,A,△,,0.1565,0.609,,0.5652,A,74,0,◎-○軸 3着3〜4艇流し（10〜15点）,0.5777,"{'is_target': True, 'verdict': '参加推奨', 'max_combo_prob': 0.0731, 'est_top_odds': 18.3, 'circle_concentration': 72.4, 'eligible_count': 8, 'bet_adj': 2, 'reason': 'rel_win1=54.0%（本命度） / 最有力組み合わせ確率: 0.073（推定実オッズ?18倍） / 2着集中度: 上位2艇 72.4%（補正+0.04） / 総合判定確率: 0.113 / → ヒモ分散。1号艇1着固定で広めのヒモ流し推奨（買い目+2点）', 'tenji_trigger': '展示確認: ヒモ分散レース。1号艇伸び確認後、広めのヒモ流しを採用。穴ヒモ（5・6号艇）を積極的に含める。'}",,,30,逃げ狙い,17.63,34,3,,,,,,,,,,,
2025-10-31,丸亀,7,1,北野輝季,A1,25.00,1,◎,66.3503,,0,93.2,0.1508,3.1441,,,0,低,54,0,逃1%,15,0,83.9,1.0321,0.7826,,,,,0,0.1722,0.0174,◎,,C,◎,,,0.698,,0.6293,S,100,0,◎1着固定 2-3着流し（5〜8点）,0.5777,"{'is_target': True, 'verdict': '点数絞り', 'max_combo_prob': 0.1218, 'est_top_odds': 10.9, 'circle_concentration': 72.6, 'eligible_count': 6, 'bet_adj': 0, 'reason': 'rel_win1=66.4%（本命度） / 最有力組み合わせ確率: 0.122（推定実オッズ?11倍） / 2着集中度: 上位2艇 72.6%（補正+0.04） / 総合判定確率: 0.162 / → ヒモはやや固め。上位2艇以外を切ること', 'tenji_trigger': '展示確認: 1号艇伸び良→そのまま採用。悪→飛び組に差し替え。circle_pct上位2艇に絞り込むこと。'}",,,25.3,逃げ狙い,11.44,26,3,,,,,0,0,0.7559,0,,逃げ軸流し,A
2025-10-31,丸亀,7,2,渥美卓郎,B1,10.71,2,,7.8828,26.2,100,47.7,0.1903,3.9077,,,0,低,188,0,差0%,6,0,23.3,0.7981,0,0.0417,0,0,0,0.25,0.02,0.25,,,E,△,,0.0578,0.615,,0.6293,S,100,0,◎1着固定 2-3着流し（5〜8点）,0.5777,"{'is_target': True, 'verdict': '点数絞り', 'max_combo_prob': 0.1218, 'est_top_odds': 10.9, 'circle_concentration': 72.6, 'eligible_count': 6, 'bet_adj': 0, 'reason': 'rel_win1=66.4%（本命度） / 最有力組み合わせ確率: 0.122（推定実オッズ?11倍） / 2着集中度: 上位2艇 72.6%（補正+0.04） / 総合判定確率: 0.162 / → ヒモはやや固め。上位2艇以外を切ること', 'tenji_trigger': '展示確認: 1号艇伸び良→そのまま採用。悪→飛び組に差し替え。circle_pct上位2艇に絞り込むこと。'}",,,25.3,逃げ狙い,11.44,26,3,,,,,,,,,,,
2025-10-31,丸亀,7,3,竹田吉行,A2,31.03,3,○,13.3206,46.5,35,57.1,0.1635,3.381,,,0,低,115,0,ま0% 差ま0% 抜0%,23,0,56.8,1.1771,0,0,0.12,0.04,0.04,0.0606,0.0825,0.2452,,,B,○,,0.2418,0.63,,0.6293,S,100,0,◎1着固定 2-3着流し（5〜8点）,0.5777,"{'is_target': True, 'verdict': '点数絞り', 'max_combo_prob': 0.1218, 'est_top_odds': 10.9, 'circle_concentration': 72.6, 'eligible_count': 6, 'bet_adj': 0, 'reason': 'rel_win1=66.4%（本命度） / 最有力組み合わせ確率: 0.122（推定実オッズ?11倍） / 2着集中度: 上位2艇 72.6%（補正+0.04） / 総合判定確率: 0.162 / → ヒモはやや固め。上位2艇以外を切ること', 'tenji_trigger': '展示確認: 1号艇伸び良→そのまま採用。悪→飛び組に差し替え。circle_pct上位2艇に絞り込むこと。'}",,,25.3,逃げ狙い,11.44,26,3,,,,,,,,,,,
2025-10-31,丸亀,7,4,谷口佳蓮,B1,21.43,4,▲,7.2893,18.4,39,10,0.1585,3.1,,,0,低,45,0,-,1,0,54.6,0.6753,0,0,0,0.0769,0,0.1091,0,0.2727,,,D,,,0.2611,0.5715,,0.6293,S,100,0,◎1着固定 2-3着流し（5〜8点）,0.5777,"{'is_target': True, 'verdict': '点数絞り', 'max_combo_prob': 0.1218, 'est_top_odds': 10.9, 'circle_concentration': 72.6, 'eligible_count': 6, 'bet_adj': 0, 'reason': 'rel_win1=66.4%（本命度） / 最有力組み合わせ確率: 0.122（推定実オッズ?11倍） / 2着集中度: 上位2艇 72.6%（補正+0.04） / 総合判定確率: 0.162 / → ヒモはやや固め。上位2艇以外を切ること', 'tenji_trigger': '展示確認: 1号艇伸び良→そのまま採用。悪→飛び組に差し替え。circle_pct上位2艇に絞り込むこと。'}",,,25.3,逃げ狙い,11.44,26,3,,,,,,,,,,,
2025-10-31,丸亀,7,5,齋藤真之,B1,17.24,5,,3.0956,6.5,48,18.3,0.1793,4.331,,,0,低,145,0,-,6,0,25.5,1.0129,,,,,,0.0588,0.1176,0.1176,,,D,△,,0.2218,0.594,,0.6293,S,100,0,◎1着固定 2-3着流し（5〜8点）,0.5777,"{'is_target': True, 'verdict': '点数絞り', 'max_combo_prob': 0.1218, 'est_top_odds': 10.9, 'circle_concentration': 72.6, 'eligible_count': 6, 'bet_adj': 0, 'reason': 'rel_win1=66.4%（本命度） / 最有力組み合わせ確率: 0.122（推定実オッズ?11倍） / 2着集中度: 上位2艇 72.6%（補正+0.04） / 総合判定確率: 0.162 / → ヒモはやや固め。上位2艇以外を切ること', 'tenji_trigger': '展示確認: 1号艇伸び良→そのまま採用。悪→飛び組に差し替え。circle_pct上位2艇に絞り込むこと。'}",,,25.3,逃げ狙い,11.44,26,3,,,,,,,,,,,
2025-10-31,丸亀,7,6,高橋　勲,A2,40.48,6,△,2.0614,2.5,66,33.3,0.2175,4.4167,,,0,低,68,1,-,33,0,62.4,1.3786,,,,,,0.1421,0.1421,0.2263,,,A,,,0.135,0.565,,0.6293,S,100,0,◎1着固定 2-3着流し（5〜8点）,0.5777,"{'is_target': True, 'verdict': '点数絞り', 'max_combo_prob': 0.1218, 'est_top_odds': 10.9, 'circle_concentration': 72.6, 'eligible_count': 6, 'bet_adj': 0, 'reason': 'rel_win1=66.4%（本命度） / 最有力組み合わせ確率: 0.122（推定実オッズ?11倍） / 2着集中度: 上位2艇 72.6%（補正+0.04） / 総合判定確率: 0.162 / → ヒモはやや固め。上位2艇以外を切ること', 'tenji_trigger': '展示確認: 1号艇伸び良→そのまま採用。悪→飛び組に差し替え。circle_pct上位2艇に絞り込むこと。'}",,,25.3,逃げ狙い,11.44,26,3,,,,,,,,,,,
2025-10-31,丸亀,8,1,井本昌也,A1,21.88,1,◎,65.9237,,0,92.4,0.1383,2.8712,,,0,低,62,0,逃1%,23,0,82.2,1.2085,0.7083,,,,,0.2333,0.2667,0.0167,◎,,E,○,,,0.6625,,0.5659,S,94,0,◎1着固定 2-3着流し（5〜8点）,0.5777,"{'is_target': True, 'verdict': '点数絞り', 'max_combo_prob': 0.1122, 'est_top_odds': 11.9, 'circle_concentration': 73.9, 'eligible_count': 6, 'bet_adj': 0, 'reason': 'rel_win1=65.9%（本命度） / 最有力組み合わせ確率: 0.112（推定実オッズ?12倍） / 2着集中度: 上位2艇 73.9%（補正+0.04） / 総合判定確率: 0.152 / → ヒモはやや固め。上位2艇以外を切ること', 'tenji_trigger': '展示確認: 1号艇伸び良→そのまま採用。悪→飛び組に差し替え。circle_pct上位2艇に絞り込むこと。\n展示で1号艇スタート超安定(0.138秒)→ヒモ固まり方向に注意'}",,,30.5,逃げ狙い,19.69,33.9,2,,,,,0,0,0.7559,0,,逃げ軸流し,A
2025-10-31,丸亀,8,2,下河誉史,A2,29.73,2,△,16.6869,51.5,100,77,0.1679,3.9344,,,0,低,163,0,差0%,54,0,27.5,0.7448,0,0.1852,0.037,0,0,0.1585,0.1683,0.0293,,,C,△,,0.0902,0.6355,,0.5659,S,94,0,◎1着固定 2-3着流し（5〜8点）,0.5777,"{'is_target': True, 'verdict': '点数絞り', 'max_combo_prob': 0.1122, 'est_top_odds': 11.9, 'circle_concentration': 73.9, 'eligible_count': 6, 'bet_adj': 0, 'reason': 'rel_win1=65.9%（本命度） / 最有力組み合わせ確率: 0.112（推定実オッズ?12倍） / 2着集中度: 上位2艇 73.9%（補正+0.04） / 総合判定確率: 0.152 / → ヒモはやや固め。上位2艇以外を切ること', 'tenji_trigger': '展示確認: 1号艇伸び良→そのまま採用。悪→飛び組に差し替え。circle_pct上位2艇に絞り込むこと。\n展示で1号艇スタート超安定(0.138秒)→ヒモ固まり方向に注意'}",,,30.5,逃げ狙い,19.69,33.9,2,,,,,,,,,,,
2025-10-31,丸亀,8,3,岡部　浩,B1,33.33,3,▲,5.15,19.4,69,35.1,0.1635,3.4561,,,0,低,155,0,-,6,0,25.7,0.7212,,,,,,0.2311,0.2311,0.0667,,,B,,,0.1819,0.5865,,0.5659,S,94,0,◎1着固定 2-3着流し（5〜8点）,0.5777,"{'is_target': True, 'verdict': '点数絞り', 'max_combo_prob': 0.1122, 'est_top_odds': 11.9, 'circle_concentration': 73.9, 'eligible_count': 6, 'bet_adj': 0, 'reason': 'rel_win1=65.9%（本命度） / 最有力組み合わせ確率: 0.112（推定実オッズ?12倍） / 2着集中度: 上位2艇 73.9%（補正+0.04） / 総合判定確率: 0.152 / → ヒモはやや固め。上位2艇以外を切ること', 'tenji_trigger': '展示確認: 1号艇伸び良→そのまま採用。悪→飛び組に差し替え。circle_pct上位2艇に絞り込むこと。\n展示で1号艇スタート超安定(0.138秒)→ヒモ固まり方向に注意'}",,,30.5,逃げ狙い,19.69,33.9,2,,,,,,,,,,,
2025-10-31,丸亀,8,4,池田雄祐,A2,32.43,4,○,9.1755,22.4,79,54.9,0.1171,2.4804,,,0,低,70,0,-,2,0,100,2.1987,0,0.0417,0.0417,0.0833,0,0.0963,0.1259,0.0444,,,B,◎,◎,0.3758,0.667,0.4723,0.5659,S,94,0,◎1着固定 2-3着流し（5〜8点）,0.5777,"{'is_target': True, 'verdict': '点数絞り', 'max_combo_prob': 0.1122, 'est_top_odds': 11.9, 'circle_concentration': 73.9, 'eligible_count': 6, 'bet_adj': 0, 'reason': 'rel_win1=65.9%（本命度） / 最有力組み合わせ確率: 0.112（推定実オッズ?12倍） / 2着集中度: 上位2艇 73.9%（補正+0.04） / 総合判定確率: 0.152 / → ヒモはやや固め。上位2艇以外を切ること', 'tenji_trigger': '展示確認: 1号艇伸び良→そのまま採用。悪→飛び組に差し替え。circle_pct上位2艇に絞り込むこと。\n展示で1号艇スタート超安定(0.138秒)→ヒモ固まり方向に注意'}",,,30.5,逃げ狙い,19.69,33.9,2,,,,,,,,,,,
2025-10-31,丸亀,8,5,小林孝弘,B1,28.21,5,,1.7481,6.3,77,25.7,0.1586,3.4143,,,0,低,119,0,-,4,0,36.5,0.8033,,,,,,0.0762,0.2262,0.2071,,,C,△,,0.2475,0.632,,0.5659,S,94,0,◎1着固定 2-3着流し（5〜8点）,0.5777,"{'is_target': True, 'verdict': '点数絞り', 'max_combo_prob': 0.1122, 'est_top_odds': 11.9, 'circle_concentration': 73.9, 'eligible_count': 6, 'bet_adj': 0, 'reason': 'rel_win1=65.9%（本命度） / 最有力組み合わせ確率: 0.112（推定実オッズ?12倍） / 2着集中度: 上位2艇 73.9%（補正+0.04） / 総合判定確率: 0.152 / → ヒモはやや固め。上位2艇以外を切ること', 'tenji_trigger': '展示確認: 1号艇伸び良→そのまま採用。悪→飛び組に差し替え。circle_pct上位2艇に絞り込むこと。\n展示で1号艇スタート超安定(0.138秒)→ヒモ固まり方向に注意'}",,,30.5,逃げ狙い,19.69,33.9,2,,,,,,,,,,,
2025-10-31,丸亀,8,6,日高龍之,B2,22.22,6,,1.3158,0.4,14,3.3,0.2102,4.5656,,,0,低,49,0,-,6,0,24.3,0.6439,0,0,0,0.0164,0,,,,,,D,,,0.0993,0.529,,0.5659,S,94,0,◎1着固定 2-3着流し（5〜8点）,0.5777,"{'is_target': True, 'verdict': '点数絞り', 'max_combo_prob': 0.1122, 'est_top_odds': 11.9, 'circle_concentration': 73.9, 'eligible_count': 6, 'bet_adj': 0, 'reason': 'rel_win1=65.9%（本命度） / 最有力組み合わせ確率: 0.112（推定実オッズ?12倍） / 2着集中度: 上位2艇 73.9%（補正+0.04） / 総合判定確率: 0.152 / → ヒモはやや固め。上位2艇以外を切ること', 'tenji_trigger': '展示確認: 1号艇伸び良→そのまま採用。悪→飛び組に差し替え。circle_pct上位2艇に絞り込むこと。\n展示で1号艇スタート超安定(0.138秒)→ヒモ固まり方向に注意'}",,,30.5,逃げ狙い,19.69,33.9,2,,,,,,,,,,,
2025-10-31,丸亀,9,1,平高奈菜,A1,22.50,1,◎,60.6044,,0,94.3,0.1354,2.7286,,,0,低,46,0,逃1%,26,0,83.5,1.0228,0.6,,,,,0.2,0,0.1333,◎,,D,○,,,0.6215,,0.5648,A,68,0,◎-○軸 3着3〜4艇流し（10〜15点）,0.5777,"{'is_target': True, 'verdict': '点数絞り', 'max_combo_prob': 0.0802, 'est_top_odds': 16.6, 'circle_concentration': 74.1, 'eligible_count': 8, 'bet_adj': 0, 'reason': 'rel_win1=60.6%（本命度） / 最有力組み合わせ確率: 0.080（推定実オッズ?17倍） / 2着集中度: 上位2艇 74.1%（補正+0.04） / 総合判定確率: 0.120 / → ヒモはやや固め。上位2艇以外を切ること', 'tenji_trigger': '展示確認: 1号艇伸び良→そのまま採用。悪→飛び組に差し替え。circle_pct上位2艇に絞り込むこと。\n展示で1号艇スタート超安定(0.135秒)→ヒモ固まり方向に注意'}",,,27.3,逃げ狙い,15.32,28.5,2,,,,,0,0,0.7559,0,,逃げ軸流し,A
2025-10-31,丸亀,9,2,津田裕絵,B1,25.00,2,▲,16.3553,42.5,100,75.8,0.2006,4.1667,,,0,低,108,0,差0%,26,0,62,1.2443,0,0.2143,0,0,0,0,0.46,0,,,C,△,,0.1005,0.596,,0.5648,A,68,0,◎-○軸 3着3〜4艇流し（10〜15点）,0.5777,"{'is_target': True, 'verdict': '点数絞り', 'max_combo_prob': 0.0802, 'est_top_odds': 16.6, 'circle_concentration': 74.1, 'eligible_count': 8, 'bet_adj': 0, 'reason': 'rel_win1=60.6%（本命度） / 最有力組み合わせ確率: 0.080（推定実オッズ?17倍） / 2着集中度: 上位2艇 74.1%（補正+0.04） / 総合判定確率: 0.120 / → ヒモはやや固め。上位2艇以外を切ること', 'tenji_trigger': '展示確認: 1号艇伸び良→そのまま採用。悪→飛び組に差し替え。circle_pct上位2艇に絞り込むこと。\n展示で1号艇スタート超安定(0.135秒)→ヒモ固まり方向に注意'}",,,27.3,逃げ狙い,15.32,28.5,2,,,,,,,,,,,
2025-10-31,丸亀,9,3,西村美智,B2,28.00,3,○,11.0028,31.5,70,63.6,0.12,2.3636,,,0,低,25,1,ま0%,2,0,58.9,1.1604,0,0,0.1667,0,0,0.1111,0.1111,0.1111,,◎,B,◎,,0.3882,0.6285,,0.5648,A,68,0,◎-○軸 3着3〜4艇流し（10〜15点）,0.5777,"{'is_target': True, 'verdict': '点数絞り', 'max_combo_prob': 0.0802, 'est_top_odds': 16.6, 'circle_concentration': 74.1, 'eligible_count': 8, 'bet_adj': 0, 'reason': 'rel_win1=60.6%（本命度） / 最有力組み合わせ確率: 0.080（推定実オッズ?17倍） / 2着集中度: 上位2艇 74.1%（補正+0.04） / 総合判定確率: 0.120 / → ヒモはやや固め。上位2艇以外を切ること', 'tenji_trigger': '展示確認: 1号艇伸び良→そのまま採用。悪→飛び組に差し替え。circle_pct上位2艇に絞り込むこと。\n展示で1号艇スタート超安定(0.135秒)→ヒモ固まり方向に注意'}",,,27.3,逃げ狙い,15.32,28.5,2,,,,,,,,,,,
2025-10-31,丸亀,9,4,仁科さや,B2,24.14,4,△,6.695,10.3,56,7.7,0.1931,4.8462,,,0,低,24,1,ま0%,6,0,51.3,0.6068,0,0,0.0769,0,0,0.1667,0.3333,0,,,C,△,,0.119,0.6165,,0.5648,A,68,0,◎-○軸 3着3〜4艇流し（10〜15点）,0.5777,"{'is_target': True, 'verdict': '点数絞り', 'max_combo_prob': 0.0802, 'est_top_odds': 16.6, 'circle_concentration': 74.1, 'eligible_count': 8, 'bet_adj': 0, 'reason': 'rel_win1=60.6%（本命度） / 最有力組み合わせ確率: 0.080（推定実オッズ?17倍） / 2着集中度: 上位2艇 74.1%（補正+0.04） / 総合判定確率: 0.120 / → ヒモはやや固め。上位2艇以外を切ること', 'tenji_trigger': '展示確認: 1号艇伸び良→そのまま採用。悪→飛び組に差し替え。circle_pct上位2艇に絞り込むこと。\n展示で1号艇スタート超安定(0.135秒)→ヒモ固まり方向に注意'}",,,27.3,逃げ狙い,15.32,28.5,2,,,,,,,,,,,
2025-10-31,丸亀,9,5,来田衣織,B1,19.23,5,,3.1129,11.9,45,20,0.1705,3.475,,,0,低,96,0,-,46,0,32.1,0.6505,,,,,,0,0.4,0,,,D,,,0.2002,0.585,,0.5648,A,68,0,◎-○軸 3着3〜4艇流し（10〜15点）,0.5777,"{'is_target': True, 'verdict': '点数絞り', 'max_combo_prob': 0.0802, 'est_top_odds': 16.6, 'circle_concentration': 74.1, 'eligible_count': 8, 'bet_adj': 0, 'reason': 'rel_win1=60.6%（本命度） / 最有力組み合わせ確率: 0.080（推定実オッズ?17倍） / 2着集中度: 上位2艇 74.1%（補正+0.04） / 総合判定確率: 0.120 / → ヒモはやや固め。上位2艇以外を切ること', 'tenji_trigger': '展示確認: 1号艇伸び良→そのまま採用。悪→飛び組に差し替え。circle_pct上位2艇に絞り込むこと。\n展示で1号艇スタート超安定(0.135秒)→ヒモ固まり方向に注意'}",,,27.3,逃げ狙い,15.32,28.5,2,,,,,,,,,,,
2025-10-31,丸亀,9,6,安達美帆,B1,25.00,6,,2.2295,3.7,54,28.6,0.2157,3.8571,,,0,低,49,1,-,6,0,25.6,1.1522,,,,,,0.25,0.5,0.25,,,C,,,0.135,0.53,,0.5648,A,68,0,◎-○軸 3着3〜4艇流し（10〜15点）,0.5777,"{'is_target': True, 'verdict': '点数絞り', 'max_combo_prob': 0.0802, 'est_top_odds': 16.6, 'circle_concentration': 74.1, 'eligible_count': 8, 'bet_adj': 0, 'reason': 'rel_win1=60.6%（本命度） / 最有力組み合わせ確率: 0.080（推定実オッズ?17倍） / 2着集中度: 上位2艇 74.1%（補正+0.04） / 総合判定確率: 0.120 / → ヒモはやや固め。上位2艇以外を切ること', 'tenji_trigger': '展示確認: 1号艇伸び良→そのまま採用。悪→飛び組に差し替え。circle_pct上位2艇に絞り込むこと。\n展示で1号艇スタート超安定(0.135秒)→ヒモ固まり方向に注意'}",,,27.3,逃げ狙い,15.32,28.5,2,,,,,,,,,,,
2025-10-31,丸亀,10,1,横田貴満,A1,39.47,1,◎,62.197,,0,93.3,0.1433,2.9,,,0,低,87,0,逃1%,32,0,90.9,1.2034,0.6087,,,,,0.1446,0.0435,0.1011,◎,,A,◎,,,0.6885,,0.5612,A,70,0,◎-○軸 3着3〜4艇流し（10〜15点）,0.5777,"{'is_target': True, 'verdict': '点数絞り', 'max_combo_prob': 0.0841, 'est_top_odds': 15.9, 'circle_concentration': 76.0, 'eligible_count': 8, 'bet_adj': 0, 'reason': 'rel_win1=62.2%（本命度） / 最有力組み合わせ確率: 0.084（推定実オッズ?16倍） / 2着集中度: 上位2艇 76.0%（補正+0.04） / 総合判定確率: 0.124 / → ヒモはやや固め。上位2艇以外を切ること', 'tenji_trigger': '展示確認: 1号艇伸び良→そのまま採用。悪→飛び組に差し替え。circle_pct上位2艇に絞り込むこと。'}",,,27.9,逃げ狙い,17.84,28,2,,,,,0,0,0.7559,0,,逃げ軸流し,A
2025-10-31,丸亀,10,2,登玉隼百,A2,11.54,2,△,14.4942,35.7,99,64.9,0.1535,2.8378,,,0,低,49,0,差0%,3,0,50.9,1.071,0,0.15,0,0,0,0.0348,0.1696,0.1174,,,E,△,,0.2543,0.6475,,0.5612,A,70,0,◎-○軸 3着3〜4艇流し（10〜15点）,0.5777,"{'is_target': True, 'verdict': '点数絞り', 'max_combo_prob': 0.0841, 'est_top_odds': 15.9, 'circle_concentration': 76.0, 'eligible_count': 8, 'bet_adj': 0, 'reason': 'rel_win1=62.2%（本命度） / 最有力組み合わせ確率: 0.084（推定実オッズ?16倍） / 2着集中度: 上位2艇 76.0%（補正+0.04） / 総合判定確率: 0.124 / → ヒモはやや固め。上位2艇以外を切ること', 'tenji_trigger': '展示確認: 1号艇伸び良→そのまま採用。悪→飛び組に差し替え。circle_pct上位2艇に絞り込むこと。'}",,,27.9,逃げ狙い,17.84,28,2,,,,,,,,,,,
2025-10-31,丸亀,10,3,小野寺智,B1,26.67,3,○,9.2691,40.3,100,75,0.1383,2.5865,,,0,低,79,0,ま0%,1,0,29.7,0.8223,0,0,0.0455,0.0455,0,0.1217,0.0174,0.3096,,,B,,,0.3228,0.6185,,0.5612,A,70,0,◎-○軸 3着3〜4艇流し（10〜15点）,0.5777,"{'is_target': True, 'verdict': '点数絞り', 'max_combo_prob': 0.0841, 'est_top_odds': 15.9, 'circle_concentration': 76.0, 'eligible_count': 8, 'bet_adj': 0, 'reason': 'rel_win1=62.2%（本命度） / 最有力組み合わせ確率: 0.084（推定実オッズ?16倍） / 2着集中度: 上位2艇 76.0%（補正+0.04） / 総合判定確率: 0.124 / → ヒモはやや固め。上位2艇以外を切ること', 'tenji_trigger': '展示確認: 1号艇伸び良→そのまま採用。悪→飛び組に差し替え。circle_pct上位2艇に絞り込むこと。'}",,,27.9,逃げ狙い,17.84,28,2,,,,,,,,,,,
2025-10-31,丸亀,10,4,今村暢孝,A1,23.68,4,▲,8.3234,17.5,86,,,,,,0,低,25,1,-,12,0,,,,,,,,,,,,,C,○,◎,0.3195,0.669,0.15,0.5612,A,70,0,◎-○軸 3着3〜4艇流し（10〜15点）,0.5777,"{'is_target': True, 'verdict': '点数絞り', 'max_combo_prob': 0.0841, 'est_top_odds': 15.9, 'circle_concentration': 76.0, 'eligible_count': 8, 'bet_adj': 0, 'reason': 'rel_win1=62.2%（本命度） / 最有力組み合わせ確率: 0.084（推定実オッズ?16倍） / 2着集中度: 上位2艇 76.0%（補正+0.04） / 総合判定確率: 0.124 / → ヒモはやや固め。上位2艇以外を切ること', 'tenji_trigger': '展示確認: 1号艇伸び良→そのまま採用。悪→飛び組に差し替え。circle_pct上位2艇に絞り込むこと。'}",,,27.9,逃げ狙い,17.84,28,2,,,,,,,,,,,
2025-10-31,丸亀,10,5,岡部　哲,B1,23.08,5,,4.5012,3.3,48,28.3,0.1758,3.8083,,,0,低,119,0,-,5,0,32.9,0.7512,,,,,,0.1762,0.3762,0.2143,,,D,△,,0.2131,0.6265,,0.5612,A,70,0,◎-○軸 3着3〜4艇流し（10〜15点）,0.5777,"{'is_target': True, 'verdict': '点数絞り', 'max_combo_prob': 0.0841, 'est_top_odds': 15.9, 'circle_concentration': 76.0, 'eligible_count': 8, 'bet_adj': 0, 'reason': 'rel_win1=62.2%（本命度） / 最有力組み合わせ確率: 0.084（推定実オッズ?16倍） / 2着集中度: 上位2艇 76.0%（補正+0.04） / 総合判定確率: 0.124 / → ヒモはやや固め。上位2艇以外を切ること', 'tenji_trigger': '展示確認: 1号艇伸び良→そのまま採用。悪→飛び組に差し替え。circle_pct上位2艇に絞り込むこと。'}",,,27.9,逃げ狙い,17.84,28,2,,,,,,,,,,,
2025-10-31,丸亀,10,6,吉田一郎,A2,14.29,6,,1.2151,3.2,62,20,0.225,4.35,,,0,低,66,1,-,31,0,22.5,0.8728,,,,,,0.1221,0.0316,0.1326,,,E,,,0.1415,0.6245,,0.5612,A,70,0,◎-○軸 3着3〜4艇流し（10〜15点）,0.5777,"{'is_target': True, 'verdict': '点数絞り', 'max_combo_prob': 0.0841, 'est_top_odds': 15.9, 'circle_concentration': 76.0, 'eligible_count': 8, 'bet_adj': 0, 'reason': 'rel_win1=62.2%（本命度） / 最有力組み合わせ確率: 0.084（推定実オッズ?16倍） / 2着集中度: 上位2艇 76.0%（補正+0.04） / 総合判定確率: 0.124 / → ヒモはやや固め。上位2艇以外を切ること', 'tenji_trigger': '展示確認: 1号艇伸び良→そのまま採用。悪→飛び組に差し替え。circle_pct上位2艇に絞り込むこと。'}",,,27.9,逃げ狙い,17.84,28,2,,,,,,,,,,,
2025-10-31,丸亀,11,1,佐々木康,A2,24.14,1,◎,63.4962,,0,94.5,0.1079,1.8904,,,0,低,37,0,逃1%,14,0,91.6,1.2209,0.7333,,,,,0.1017,0.04,0.04,◎,,D,○,,,0.668,,0.7339,S,100,0,◎1着固定 2-3着流し（5〜8点）,0.5777,"{'is_target': True, 'verdict': '参加推奨', 'max_combo_prob': 0.0741, 'est_top_odds': 18.0, 'circle_concentration': 63.9, 'eligible_count': 6, 'bet_adj': 2, 'reason': 'rel_win1=63.5%（本命度） / 最有力組み合わせ確率: 0.074（推定実オッズ?18倍） / 2着集中度: 上位2艇 63.9%（補正+0.00） / 総合判定確率: 0.074 / → ヒモ分散。1号艇1着固定で広めのヒモ流し推奨（買い目+2点）', 'tenji_trigger': '展示確認: ヒモ分散レース。1号艇伸び確認後、広めのヒモ流しを採用。穴ヒモ（5・6号艇）を積極的に含める。\n展示で1号艇スタート超安定(0.108秒)→ヒモ固まり方向に注意'}",,,25.6,逃げ狙い,13.93,24.6,3,,,,,0,0,0.7559,0,,逃げ軸流し,A
2025-10-31,丸亀,11,2,森安弘雅,A2,29.03,2,▲,12.4752,40.3,80,67.2,0.1793,4.0448,,,0,低,178,0,抜0%,11,0,78.3,1.5259,0,0.0938,0.0312,0,0.0312,0.0167,0.1833,0.2,,,B,△,,0.0688,0.6065,,0.7339,S,100,0,◎1着固定 2-3着流し（5〜8点）,0.5777,"{'is_target': True, 'verdict': '参加推奨', 'max_combo_prob': 0.0741, 'est_top_odds': 18.0, 'circle_concentration': 63.9, 'eligible_count': 6, 'bet_adj': 2, 'reason': 'rel_win1=63.5%（本命度） / 最有力組み合わせ確率: 0.074（推定実オッズ?18倍） / 2着集中度: 上位2艇 63.9%（補正+0.00） / 総合判定確率: 0.074 / → ヒモ分散。1号艇1着固定で広めのヒモ流し推奨（買い目+2点）', 'tenji_trigger': '展示確認: ヒモ分散レース。1号艇伸び確認後、広めのヒモ流しを採用。穴ヒモ（5・6号艇）を積極的に含める。\n展示で1号艇スタート超安定(0.108秒)→ヒモ固まり方向に注意'}",,,25.6,逃げ狙い,13.93,24.6,3,,,,,,,,,,,
2025-10-31,丸亀,11,3,山崎昂介,B1,27.03,3,△,9.8699,20.8,98,56.5,0.169,3.587,,,0,低,138,0,-,12,0,18.6,0.5727,0,0,0.1154,0.0385,0.0385,0.0444,0.0667,0.2844,,,C,△,,0.1272,0.64,,0.7339,S,100,0,◎1着固定 2-3着流し（5〜8点）,0.5777,"{'is_target': True, 'verdict': '参加推奨', 'max_combo_prob': 0.0741, 'est_top_odds': 18.0, 'circle_concentration': 63.9, 'eligible_count': 6, 'bet_adj': 2, 'reason': 'rel_win1=63.5%（本命度） / 最有力組み合わせ確率: 0.074（推定実オッズ?18倍） / 2着集中度: 上位2艇 63.9%（補正+0.00） / 総合判定確率: 0.074 / → ヒモ分散。1号艇1着固定で広めのヒモ流し推奨（買い目+2点）', 'tenji_trigger': '展示確認: ヒモ分散レース。1号艇伸び確認後、広めのヒモ流しを採用。穴ヒモ（5・6号艇）を積極的に含める。\n展示で1号艇スタート超安定(0.108秒)→ヒモ固まり方向に注意'}",,,25.6,逃げ狙い,13.93,24.6,3,,,,,,,,,,,
2025-10-31,丸亀,11,4,立間充宏,A2,28.57,4,○,8.7329,12.4,100,64.1,0.1387,2.6282,,,0,低,88,0,差0% ま0% 差ま0%,35,0,66.9,1.2681,0,0.0769,0.0769,0.0769,0,0.2727,0.1182,0.0727,,,B,,◎,0.1821,0.5755,0.3416,0.7339,S,100,0,◎1着固定 2-3着流し（5〜8点）,0.5777,"{'is_target': True, 'verdict': '参加推奨', 'max_combo_prob': 0.0741, 'est_top_odds': 18.0, 'circle_concentration': 63.9, 'eligible_count': 6, 'bet_adj': 2, 'reason': 'rel_win1=63.5%（本命度） / 最有力組み合わせ確率: 0.074（推定実オッズ?18倍） / 2着集中度: 上位2艇 63.9%（補正+0.00） / 総合判定確率: 0.074 / → ヒモ分散。1号艇1着固定で広めのヒモ流し推奨（買い目+2点）', 'tenji_trigger': '展示確認: ヒモ分散レース。1号艇伸び確認後、広めのヒモ流しを採用。穴ヒモ（5・6号艇）を積極的に含める。\n展示で1号艇スタート超安定(0.108秒)→ヒモ固まり方向に注意'}",,,25.6,逃げ狙い,13.93,24.6,3,,,,,,,,,,,
2025-10-31,丸亀,11,5,北野輝季,A1,25.00,5,,3.9362,23.7,91,66.7,0.1333,2.7549,,,0,低,54,0,-,15,0,51.9,1.0036,0,0,0.0476,0,0,0,0.1722,0.0174,,,C,◎,,0.206,0.698,,0.7339,S,100,0,◎1着固定 2-3着流し（5〜8点）,0.5777,"{'is_target': True, 'verdict': '参加推奨', 'max_combo_prob': 0.0741, 'est_top_odds': 18.0, 'circle_concentration': 63.9, 'eligible_count': 6, 'bet_adj': 2, 'reason': 'rel_win1=63.5%（本命度） / 最有力組み合わせ確率: 0.074（推定実オッズ?18倍） / 2着集中度: 上位2艇 63.9%（補正+0.00） / 総合判定確率: 0.074 / → ヒモ分散。1号艇1着固定で広めのヒモ流し推奨（買い目+2点）', 'tenji_trigger': '展示確認: ヒモ分散レース。1号艇伸び確認後、広めのヒモ流しを採用。穴ヒモ（5・6号艇）を積極的に含める。\n展示で1号艇スタート超安定(0.108秒)→ヒモ固まり方向に注意'}",,,25.6,逃げ狙い,13.93,24.6,3,,,,,,,,,,,
2025-10-31,丸亀,11,6,西島義則,A1,11.11,6,,1.4897,2.9,56,,,,,,0,低,49,1,-,44,0,,,,,,,,,,,,,E,,○,0.313,0.5995,0.15,0.7339,S,100,0,◎1着固定 2-3着流し（5〜8点）,0.5777,"{'is_target': True, 'verdict': '参加推奨', 'max_combo_prob': 0.0741, 'est_top_odds': 18.0, 'circle_concentration': 63.9, 'eligible_count': 6, 'bet_adj': 2, 'reason': 'rel_win1=63.5%（本命度） / 最有力組み合わせ確率: 0.074（推定実オッズ?18倍） / 2着集中度: 上位2艇 63.9%（補正+0.00） / 総合判定確率: 0.074 / → ヒモ分散。1号艇1着固定で広めのヒモ流し推奨（買い目+2点）', 'tenji_trigger': '展示確認: ヒモ分散レース。1号艇伸び確認後、広めのヒモ流しを採用。穴ヒモ（5・6号艇）を積極的に含める。\n展示で1号艇スタート超安定(0.108秒)→ヒモ固まり方向に注意'}",,,25.6,逃げ狙い,13.93,24.6,3,,,,,,,,,,,
2025-10-31,丸亀,12,1,原　豊土,A2,25.00,1,◎,55.7479,,0,89.8,0.1681,3.4915,,,0,低,122,0,逃1%,45,0,87.3,1.1424,0.6316,,,,,0.1711,0,0.0632,○,,C,,,,0.6015,,0.3825,A,74,0,◎-○軸 3着3〜4艇流し（10〜15点）,0.5777,"{'is_target': True, 'verdict': '点数絞り', 'max_combo_prob': 0.0941, 'est_top_odds': 14.2, 'circle_concentration': 78.1, 'eligible_count': 8, 'bet_adj': 0, 'reason': 'rel_win1=55.7%（本命度） / 最有力組み合わせ確率: 0.094（推定実オッズ?14倍） / 2着集中度: 上位2艇 78.1%（補正+0.04） / 総合判定確率: 0.134 / → ヒモはやや固め。上位2艇以外を切ること', 'tenji_trigger': '展示確認: 1号艇伸び良→そのまま採用。悪→飛び組に差し替え。circle_pct上位2艇に絞り込むこと。'}",,,29.6,逃げ狙い,22.91,28.6,2,,,,,0,0,0.6155,0,,逃げ軸流し,A
2025-10-31,丸亀,12,2,井本昌也,A1,21.88,2,▲,16.0476,53.7,80,86.2,0.1228,2.7241,,,0,低,62,0,差0% ま0%,23,0,76.6,1.3853,0,0.2,0.3,0,0,0.2333,0.2667,0.0167,,◎,D,○,,0.6105,0.6625,,0.3825,A,74,0,◎-○軸 3着3〜4艇流し（10〜15点）,0.5777,"{'is_target': True, 'verdict': '点数絞り', 'max_combo_prob': 0.0941, 'est_top_odds': 14.2, 'circle_concentration': 78.1, 'eligible_count': 8, 'bet_adj': 0, 'reason': 'rel_win1=55.7%（本命度） / 最有力組み合わせ確率: 0.094（推定実オッズ?14倍） / 2着集中度: 上位2艇 78.1%（補正+0.04） / 総合判定確率: 0.134 / → ヒモはやや固め。上位2艇以外を切ること', 'tenji_trigger': '展示確認: 1号艇伸び良→そのまま採用。悪→飛び組に差し替え。circle_pct上位2艇に絞り込むこと。'}",,,29.6,逃げ狙い,22.91,28.6,2,,,,,,,,,,,
2025-10-31,丸亀,12,3,山ノ内雅,A2,21.43,3,,12.5161,24.4,100,70.3,0.1506,3.0938,,,0,低,97,0,差0% ま0% 差ま0%,43,0,60.6,1.2969,0,0.0303,0.0606,0.1818,0,0.1041,0.0432,0.0324,,○,D,◎,,0.4014,0.6915,,0.3825,A,74,0,◎-○軸 3着3〜4艇流し（10〜15点）,0.5777,"{'is_target': True, 'verdict': '点数絞り', 'max_combo_prob': 0.0941, 'est_top_odds': 14.2, 'circle_concentration': 78.1, 'eligible_count': 8, 'bet_adj': 0, 'reason': 'rel_win1=55.7%（本命度） / 最有力組み合わせ確率: 0.094（推定実オッズ?14倍） / 2着集中度: 上位2艇 78.1%（補正+0.04） / 総合判定確率: 0.134 / → ヒモはやや固め。上位2艇以外を切ること', 'tenji_trigger': '展示確認: 1号艇伸び良→そのまま採用。悪→飛び組に差し替え。circle_pct上位2艇に絞り込むこと。'}",,,29.6,逃げ狙い,22.91,28.6,2,,,,,,,,,,,
2025-10-31,丸亀,12,4,高濱芳久,A2,31.71,4,○,7.1925,13.7,62,34.8,0.1676,3.6739,,,0,低,114,0,ま0%,35,0,30.6,0.7855,0,0,0.1176,0,0,0.0485,0.1485,0.1485,,,B,△,,0.3084,0.6335,,0.3825,A,74,0,◎-○軸 3着3〜4艇流し（10〜15点）,0.5777,"{'is_target': True, 'verdict': '点数絞り', 'max_combo_prob': 0.0941, 'est_top_odds': 14.2, 'circle_concentration': 78.1, 'eligible_count': 8, 'bet_adj': 0, 'reason': 'rel_win1=55.7%（本命度） / 最有力組み合わせ確率: 0.094（推定実オッズ?14倍） / 2着集中度: 上位2艇 78.1%（補正+0.04） / 総合判定確率: 0.134 / → ヒモはやや固め。上位2艇以外を切ること', 'tenji_trigger': '展示確認: 1号艇伸び良→そのまま採用。悪→飛び組に差し替え。circle_pct上位2艇に絞り込むこと。'}",,,29.6,逃げ狙い,22.91,28.6,2,,,,,,,,,,,
2025-10-31,丸亀,12,5,竹田吉行,A2,31.03,5,△,4.7385,4.2,77,36,0.1656,3.51,,,0,低,115,0,差ま0%,23,0,50.9,1.029,0,0,0,0.0476,0,0.0606,0.0825,0.2452,,,B,△,,0.2902,0.63,,0.3825,A,74,0,◎-○軸 3着3〜4艇流し（10〜15点）,0.5777,"{'is_target': True, 'verdict': '点数絞り', 'max_combo_prob': 0.0941, 'est_top_odds': 14.2, 'circle_concentration': 78.1, 'eligible_count': 8, 'bet_adj': 0, 'reason': 'rel_win1=55.7%（本命度） / 最有力組み合わせ確率: 0.094（推定実オッズ?14倍） / 2着集中度: 上位2艇 78.1%（補正+0.04） / 総合判定確率: 0.134 / → ヒモはやや固め。上位2艇以外を切ること', 'tenji_trigger': '展示確認: 1号艇伸び良→そのまま採用。悪→飛び組に差し替え。circle_pct上位2艇に絞り込むこと。'}",,,29.6,逃げ狙い,22.91,28.6,2,,,,,,,,,,,
2025-10-31,丸亀,12,6,川原祐明,A1,19.44,6,,3.7574,4,79,40.7,0.1822,4.037,,,0,低,110,0,-,11,0,27.6,0.7292,0,0,0,0.037,0,0.0276,0.1014,0.0138,,,E,,,0.2383,0.6185,,0.3825,A,74,0,◎-○軸 3着3〜4艇流し（10〜15点）,0.5777,"{'is_target': True, 'verdict': '点数絞り', 'max_combo_prob': 0.0941, 'est_top_odds': 14.2, 'circle_concentration': 78.1, 'eligible_count': 8, 'bet_adj': 0, 'reason': 'rel_win1=55.7%（本命度） / 最有力組み合わせ確率: 0.094（推定実オッズ?14倍） / 2着集中度: 上位2艇 78.1%（補正+0.04） / 総合判定確率: 0.134 / → ヒモはやや固め。上位2艇以外を切ること', 'tenji_trigger': '展示確認: 1号艇伸び良→そのまま採用。悪→飛び組に差し替え。circle_pct上位2艇に絞り込むこと。'}",,,29.6,逃げ狙い,22.91,28.6,2,,,,,,,,,,,
2025-11-01,丸亀,1,1,岡部　哲,B1,23.08,1,◎,59.8792,,0,72,0.165,3.39,,,0,低,119,0,逃0%,5 55,0,80.7,0.9747,0.2381,,,,,0.1762,0.3762,0.2143,○,,D,○,,,0.6265,,0.4056,A,67,0,◎-○軸 3着3〜4艇流し（10〜15点）,0.5777,"{'is_target': True, 'verdict': '点数絞り', 'max_combo_prob': 0.0903, 'est_top_odds': 14.8, 'circle_concentration': 74.5, 'eligible_count': 8, 'bet_adj': 0, 'reason': 'rel_win1=59.9%（本命度） / 最有力組み合わせ確率: 0.090（推定実オッズ?15倍） / 2着集中度: 上位2艇 74.5%（補正+0.04） / 総合判定確率: 0.130 / → ヒモはやや固め。上位2艇以外を切ること', 'tenji_trigger': '展示確認: 1号艇伸び良→そのまま採用。悪→飛び組に差し替え。circle_pct上位2艇に絞り込むこと。'}",,,30.2,逃げ狙い,12.59,39,4,,,,,0,0,0.6155,0,,主役軸流し,B
2025-11-01,丸亀,1,2,来田衣織,B1,19.23,2,△,9.9222,50.5,89,34,0.173,4.0319,,,0,低,96,0,ま0%,464,0,19.3,0.6076,0,0,0.05,0,0,0,0.4,0,,,D,,,0.2522,0.585,,0.4056,A,67,0,◎-○軸 3着3〜4艇流し（10〜15点）,0.5777,"{'is_target': True, 'verdict': '点数絞り', 'max_combo_prob': 0.0903, 'est_top_odds': 14.8, 'circle_concentration': 74.5, 'eligible_count': 8, 'bet_adj': 0, 'reason': 'rel_win1=59.9%（本命度） / 最有力組み合わせ確率: 0.090（推定実オッズ?15倍） / 2着集中度: 上位2艇 74.5%（補正+0.04） / 総合判定確率: 0.130 / → ヒモはやや固め。上位2艇以外を切ること', 'tenji_trigger': '展示確認: 1号艇伸び良→そのまま採用。悪→飛び組に差し替え。circle_pct上位2艇に絞り込むこと。'}",,,30.2,逃げ狙い,12.59,39,4,,,,,,,,,,,
2025-11-01,丸亀,1,3,齋藤真之,B1,17.24,3,,10.9739,24,95,29.4,0.1799,3.4779,,,0,低,145,0,-,6 55,0,26.5,0.734,0,0,0.0938,0.0312,0,0.0588,0.1176,0.1176,,,E,,,0.2686,0.594,,0.4056,A,67,0,◎-○軸 3着3〜4艇流し（10〜15点）,0.5777,"{'is_target': True, 'verdict': '点数絞り', 'max_combo_prob': 0.0903, 'est_top_odds': 14.8, 'circle_concentration': 74.5, 'eligible_count': 8, 'bet_adj': 0, 'reason': 'rel_win1=59.9%（本命度） / 最有力組み合わせ確率: 0.090（推定実オッズ?15倍） / 2着集中度: 上位2艇 74.5%（補正+0.04） / 総合判定確率: 0.130 / → ヒモはやや固め。上位2艇以外を切ること', 'tenji_trigger': '展示確認: 1号艇伸び良→そのまま採用。悪→飛び組に差し替え。circle_pct上位2艇に絞り込むこと。'}",,,30.2,逃げ狙い,12.59,39,4,,,,,,,,,,,
2025-11-01,丸亀,1,4,近藤稔也,B1,47.62,4,○,12.0524,4.3,100,37.9,0.1947,4.0985,,,0,低,180,0,抜0%,526,0,48.7,0.9853,0,0,0,0,0.0323,0.368,0.32,0.064,,,A,△,,0.2528,0.609,,0.4056,A,67,0,◎-○軸 3着3〜4艇流し（10〜15点）,0.5777,"{'is_target': True, 'verdict': '点数絞り', 'max_combo_prob': 0.0903, 'est_top_odds': 14.8, 'circle_concentration': 74.5, 'eligible_count': 8, 'bet_adj': 0, 'reason': 'rel_win1=59.9%（本命度） / 最有力組み合わせ確率: 0.090（推定実オッズ?15倍） / 2着集中度: 上位2艇 74.5%（補正+0.04） / 総合判定確率: 0.130 / → ヒモはやや固め。上位2艇以外を切ること', 'tenji_trigger': '展示確認: 1号艇伸び良→そのまま採用。悪→飛び組に差し替え。circle_pct上位2艇に絞り込むこと。'}",,,30.2,逃げ狙い,12.59,39,4,,,,,,,,,,,
2025-11-01,丸亀,1,5,渡　修平,B1,38.10,5,▲,4.1182,18.3,78,30.2,0.1964,4.4245,,,0,低,148,0,-,564,0,25.4,0.651,,,,,,0.0235,0.1906,0.1906,,,B,△,,0.2665,0.6,,0.4056,A,67,0,◎-○軸 3着3〜4艇流し（10〜15点）,0.5777,"{'is_target': True, 'verdict': '点数絞り', 'max_combo_prob': 0.0903, 'est_top_odds': 14.8, 'circle_concentration': 74.5, 'eligible_count': 8, 'bet_adj': 0, 'reason': 'rel_win1=59.9%（本命度） / 最有力組み合わせ確率: 0.090（推定実オッズ?15倍） / 2着集中度: 上位2艇 74.5%（補正+0.04） / 総合判定確率: 0.130 / → ヒモはやや固め。上位2艇以外を切ること', 'tenji_trigger': '展示確認: 1号艇伸び良→そのまま採用。悪→飛び組に差し替え。circle_pct上位2艇に絞り込むこと。'}",,,30.2,逃げ狙い,12.59,39,4,,,,,,,,,,,
2025-11-01,丸亀,1,6,山崎昂介,B1,27.03,6,,3.0541,2.9,62,18.5,0.1981,4.5741,,,0,低,138,0,-,1214,0,43.9,0.8592,,,,,,0.0444,0.0667,0.2844,,,C,◎,,0.2611,0.64,,0.4056,A,67,0,◎-○軸 3着3〜4艇流し（10〜15点）,0.5777,"{'is_target': True, 'verdict': '点数絞り', 'max_combo_prob': 0.0903, 'est_top_odds': 14.8, 'circle_concentration': 74.5, 'eligible_count': 8, 'bet_adj': 0, 'reason': 'rel_win1=59.9%（本命度） / 最有力組み合わせ確率: 0.090（推定実オッズ?15倍） / 2着集中度: 上位2艇 74.5%（補正+0.04） / 総合判定確率: 0.130 / → ヒモはやや固め。上位2艇以外を切ること', 'tenji_trigger': '展示確認: 1号艇伸び良→そのまま採用。悪→飛び組に差し替え。circle_pct上位2艇に絞り込むこと。'}",,,30.2,逃げ狙い,12.59,39,4,,,,,,,,,,,
2025-11-01,丸亀,2,1,谷口佳蓮,B1,21.43,1,◎,56.6281,,0,80,0.1367,2.7,,,0,低,45,0,逃1%,1 44,0,83.4,1.1797,0.5455,,,,,0.1091,0,0.2727,◎⚠️,,D,,,,0.5715,,0.5381,S,81,0,◎1着固定 2-3着流し（5〜8点）,0.5777,"{'is_target': True, 'verdict': '参加推奨', 'max_combo_prob': 0.0715, 'est_top_odds': 18.6, 'circle_concentration': 64.6, 'eligible_count': 6, 'bet_adj': 2, 'reason': 'rel_win1=56.6%（本命度） / 最有力組み合わせ確率: 0.072（推定実オッズ?19倍） / 2着集中度: 上位2艇 64.6%（補正+0.00） / 総合判定確率: 0.072 / → ヒモ分散。1号艇1着固定で広めのヒモ流し推奨（買い目+2点）', 'tenji_trigger': '展示確認: ヒモ分散レース。1号艇伸び確認後、広めのヒモ流しを採用。穴ヒモ（5・6号艇）を積極的に含める。\n展示で1号艇スタート超安定(0.137秒)→ヒモ固まり方向に注意'}",,,26.1,逃げ狙い,10.7,28.9,2,4-5-1|4-5-6|4-6-5|4-3-5|4-5-3|4-6-1|4-3-1|4-1-5|4-1-3|1-5-4|4-1-2|1-3-4,4-5-1|4-5-6|4-6-5|4-3-5|4-5-3|4-6-1|4-3-1|4-1-5|4-1-3|1-5-4|4-1-2|1-3-4,4-5-1:1.37%|4-5-6:1.34%|4-6-5:0.7%|4-3-5:0.68%|4-5-3:0.45%|4-6-1:0.25%|4-3-1:0.25%|4-1-5:10.57%|4-1-3:6.7%|1-5-4:5.32%|4-1-2:4.23%|1-3-4:3.96%,4-5-1:B_main|4-5-6:B_main|4-6-5:B_main|4-3-5:B_main|4-5-3:B_main|4-6-1:B_main|4-3-1:B_main|4-1-5:B_sc|4-1-3:B_sc|1-5-4:A|4-1-2:B_sc|1-3-4:A,12,12,0.4535,1,[!]見送り推奨（主役決まり手「まくり」― 逃げ劣勢レースで的中実績なし）,主役軸流し,B
2025-11-01,丸亀,2,2,田代達也,B1,32.14,2,○,12.1105,16,100,33.9,0.1734,3.5893,,,0,低,87,0,-,464,0,19.7,0.6216,,,,,,0.0471,0.4412,0.4176,,,B,△,,0.0775,0.604,,0.5381,S,81,0,◎1着固定 2-3着流し（5〜8点）,0.5777,"{'is_target': True, 'verdict': '参加推奨', 'max_combo_prob': 0.0715, 'est_top_odds': 18.6, 'circle_concentration': 64.6, 'eligible_count': 6, 'bet_adj': 2, 'reason': 'rel_win1=56.6%（本命度） / 最有力組み合わせ確率: 0.072（推定実オッズ?19倍） / 2着集中度: 上位2艇 64.6%（補正+0.00） / 総合判定確率: 0.072 / → ヒモ分散。1号艇1着固定で広めのヒモ流し推奨（買い目+2点）', 'tenji_trigger': '展示確認: ヒモ分散レース。1号艇伸び確認後、広めのヒモ流しを採用。穴ヒモ（5・6号艇）を積極的に含める。\n展示で1号艇スタート超安定(0.137秒)→ヒモ固まり方向に注意'}",,,26.1,逃げ狙い,10.7,28.9,2,,,,,,,,,,,
2025-11-01,丸亀,2,3,野中義生,B1,25.93,3,▲,9.7394,25.7,73,37.9,0.1612,3.1207,,,0,低,79,0,差ま0%,433,0,36.5,0.8081,0,0,0,0.0417,0,0.06,0.46,0.36,,,C,△,,0.1596,0.6175,,0.5381,S,81,0,◎1着固定 2-3着流し（5〜8点）,0.5777,"{'is_target': True, 'verdict': '参加推奨', 'max_combo_prob': 0.0715, 'est_top_odds': 18.6, 'circle_concentration': 64.6, 'eligible_count': 6, 'bet_adj': 2, 'reason': 'rel_win1=56.6%（本命度） / 最有力組み合わせ確率: 0.072（推定実オッズ?19倍） / 2着集中度: 上位2艇 64.6%（補正+0.00） / 総合判定確率: 0.072 / → ヒモ分散。1号艇1着固定で広めのヒモ流し推奨（買い目+2点）', 'tenji_trigger': '展示確認: ヒモ分散レース。1号艇伸び確認後、広めのヒモ流しを採用。穴ヒモ（5・6号艇）を積極的に含める。\n展示で1号艇スタート超安定(0.137秒)→ヒモ固まり方向に注意'}",,,26.1,逃げ狙い,10.7,28.9,2,,,,,,,,,,,
2025-11-01,丸亀,2,4,原　豊土,A2,25.00,4,,12.7431,18,82,53.3,0.1632,3.1167,,,0,低,122,0,-,4532,0,95.9,1.8264,0,0,0.08,0,0,0.1711,0,0.0632,,,D,,◎,0.196,0.6015,0.2317,0.5381,S,81,0,◎1着固定 2-3着流し（5〜8点）,0.5777,"{'is_target': True, 'verdict': '参加推奨', 'max_combo_prob': 0.0715, 'est_top_odds': 18.6, 'circle_concentration': 64.6, 'eligible_count': 6, 'bet_adj': 2, 'reason': 'rel_win1=56.6%（本命度） / 最有力組み合わせ確率: 0.072（推定実オッズ?19倍） / 2着集中度: 上位2艇 64.6%（補正+0.00） / 総合判定確率: 0.072 / → ヒモ分散。1号艇1着固定で広めのヒモ流し推奨（買い目+2点）', 'tenji_trigger': '展示確認: ヒモ分散レース。1号艇伸び確認後、広めのヒモ流しを採用。穴ヒモ（5・6号艇）を積極的に含める。\n展示で1号艇スタート超安定(0.137秒)→ヒモ固まり方向に注意'}",,,26.1,逃げ狙い,10.7,28.9,2,,,,,,,,,,,
2025-11-01,丸亀,2,5,北野輝季,A1,25.00,5,△,7.4182,38.9,92,66.7,0.1333,2.7549,,,0,低,54,0,-,1513,0,51.5,1.046,0,0,0.0476,0,0,0,0.1722,0.0174,,,D,◎,,0.2983,0.698,,0.5381,S,81,0,◎1着固定 2-3着流し（5〜8点）,0.5777,"{'is_target': True, 'verdict': '参加推奨', 'max_combo_prob': 0.0715, 'est_top_odds': 18.6, 'circle_concentration': 64.6, 'eligible_count': 6, 'bet_adj': 2, 'reason': 'rel_win1=56.6%（本命度） / 最有力組み合わせ確率: 0.072（推定実オッズ?19倍） / 2着集中度: 上位2艇 64.6%（補正+0.00） / 総合判定確率: 0.072 / → ヒモ分散。1号艇1着固定で広めのヒモ流し推奨（買い目+2点）', 'tenji_trigger': '展示確認: ヒモ分散レース。1号艇伸び確認後、広めのヒモ流しを採用。穴ヒモ（5・6号艇）を積極的に含める。\n展示で1号艇スタート超安定(0.137秒)→ヒモ固まり方向に注意'}",,,26.1,逃げ狙い,10.7,28.9,2,,,,,,,,,,,
2025-11-01,丸亀,2,6,秋田健太,B1,30.77,6,,1.3608,1.4,53,14.6,0.1781,4.2083,,,0,低,98,0,-,345,0,31.2,0.8311,,,,,,0.4263,0.1053,0.0211,,,B,○,,0.1813,0.62,,0.5381,S,81,0,◎1着固定 2-3着流し（5〜8点）,0.5777,"{'is_target': True, 'verdict': '参加推奨', 'max_combo_prob': 0.0715, 'est_top_odds': 18.6, 'circle_concentration': 64.6, 'eligible_count': 6, 'bet_adj': 2, 'reason': 'rel_win1=56.6%（本命度） / 最有力組み合わせ確率: 0.072（推定実オッズ?19倍） / 2着集中度: 上位2艇 64.6%（補正+0.00） / 総合判定確率: 0.072 / → ヒモ分散。1号艇1着固定で広めのヒモ流し推奨（買い目+2点）', 'tenji_trigger': '展示確認: ヒモ分散レース。1号艇伸び確認後、広めのヒモ流しを採用。穴ヒモ（5・6号艇）を積極的に含める。\n展示で1号艇スタート超安定(0.137秒)→ヒモ固まり方向に注意'}",,,26.1,逃げ狙い,10.7,28.9,2,,,,,,,,,,,
2025-11-01,丸亀,3,1,津田裕絵,B1,25.00,1,◎,48.218,,0,67.7,0.2106,4.7581,,,0,低,108,0,逃0%,261,0,74.3,0.8851,0.5,,,,,0,0.46,0,,,C,,,,0.596,,0.1476,B,46,0,◎○△フォーメーション（15〜20点）,0.5777,"{'is_target': True, 'verdict': '参加推奨', 'max_combo_prob': 0.0803, 'est_top_odds': 16.6, 'circle_concentration': 65.7, 'eligible_count': 9, 'bet_adj': 2, 'reason': 'rel_win1=48.2%（本命度） / 最有力組み合わせ確率: 0.080（推定実オッズ?17倍） / 2着集中度: 上位2艇 65.7%（補正+0.00） / 総合判定確率: 0.080 / → ヒモ分散。1号艇1着固定で広めのヒモ流し推奨（買い目+2点）', 'tenji_trigger': '展示確認: ヒモ分散レース。1号艇伸び確認後、広めのヒモ流しを採用。穴ヒモ（5・6号艇）を積極的に含める。\n展示で1号艇スタート遅め(0.211秒)確認→ヒモが荒れやすい'}",,,30.4,両建て推奨,17.28,35.5,2,2-3-4|2-3-6|2-4-3|2-4-6|2-6-3|2-6-4|2-3-5|2-1-4|1-2-3|1-2-4|2-1-3,2-3-4|2-3-6|2-4-3|2-4-6|2-6-3|2-6-4|2-3-5|2-1-4|1-2-3|1-2-4|2-1-3|5-1-6,2-3-4:3.32%|2-3-6:2.95%|2-4-3:1.77%|2-4-6:1.44%|2-6-3:1.43%|2-6-4:1.31%|2-3-5:0.6%|2-1-4:6.97%|1-2-3:5.32%|1-2-4:5.13%|2-1-3:4.96%,2-3-4:B_main|2-3-6:B_main|2-4-3:B_main|2-4-6:B_main|2-6-3:B_main|2-6-4:B_main|2-3-5:B_main|2-1-4:B_sc|1-2-3:A|1-2-4:A|2-1-3:B_sc,11,12,0.2915,1,[!]見送り推奨（主役決まり手「まくり」― 逃げ劣勢レースで的中実績なし）,主役軸流し,B
2025-11-01,丸亀,3,2,西村美智,B2,28.00,2,▲,18.9814,47.2,82,73.3,0.1573,3.1667,,,0,低,25,0,ま1%,2 63,0,32,0.7302,0,0,0.2857,0,0,0.1111,0.1111,0.1111,,◎,C,△,,0.5946,0.6285,,0.1476,B,46,0,◎○△フォーメーション（15〜20点）,0.5777,"{'is_target': True, 'verdict': '参加推奨', 'max_combo_prob': 0.0803, 'est_top_odds': 16.6, 'circle_concentration': 65.7, 'eligible_count': 9, 'bet_adj': 2, 'reason': 'rel_win1=48.2%（本命度） / 最有力組み合わせ確率: 0.080（推定実オッズ?17倍） / 2着集中度: 上位2艇 65.7%（補正+0.00） / 総合判定確率: 0.080 / → ヒモ分散。1号艇1着固定で広めのヒモ流し推奨（買い目+2点）', 'tenji_trigger': '展示確認: ヒモ分散レース。1号艇伸び確認後、広めのヒモ流しを採用。穴ヒモ（5・6号艇）を積極的に含める。\n展示で1号艇スタート遅め(0.211秒)確認→ヒモが荒れやすい'}",,,30.4,両建て推奨,17.28,35.5,2,,,,,,,,,,,
2025-11-01,丸亀,3,3,小林孝弘,B1,28.21,3,○,11.8914,18.6,100,50,0.1314,2.4295,,,0,低,119,0,差0% 差ま0% 抜0%,4 34,0,57,1.0042,0,0.0345,0,0.069,0.0345,0.0762,0.2262,0.2071,,○,B,△,,0.4612,0.632,,0.1476,B,46,0,◎○△フォーメーション（15〜20点）,0.5777,"{'is_target': True, 'verdict': '参加推奨', 'max_combo_prob': 0.0803, 'est_top_odds': 16.6, 'circle_concentration': 65.7, 'eligible_count': 9, 'bet_adj': 2, 'reason': 'rel_win1=48.2%（本命度） / 最有力組み合わせ確率: 0.080（推定実オッズ?17倍） / 2着集中度: 上位2艇 65.7%（補正+0.00） / 総合判定確率: 0.080 / → ヒモ分散。1号艇1着固定で広めのヒモ流し推奨（買い目+2点）', 'tenji_trigger': '展示確認: ヒモ分散レース。1号艇伸び確認後、広めのヒモ流しを採用。穴ヒモ（5・6号艇）を積極的に含める。\n展示で1号艇スタート遅め(0.211秒)確認→ヒモが荒れやすい'}",,,30.4,両建て推奨,17.28,35.5,2,,,,,,,,,,,
2025-11-01,丸亀,3,4,今村暢孝,A1,23.68,4,,12.1183,17.4,77,,,,,,0,低,25,1,-,1243,0,,,,,,,,,,,,,D,◎,◎,0.3126,0.669,0.15,0.1476,B,46,0,◎○△フォーメーション（15〜20点）,0.5777,"{'is_target': True, 'verdict': '参加推奨', 'max_combo_prob': 0.0803, 'est_top_odds': 16.6, 'circle_concentration': 65.7, 'eligible_count': 9, 'bet_adj': 2, 'reason': 'rel_win1=48.2%（本命度） / 最有力組み合わせ確率: 0.080（推定実オッズ?17倍） / 2着集中度: 上位2艇 65.7%（補正+0.00） / 総合判定確率: 0.080 / → ヒモ分散。1号艇1着固定で広めのヒモ流し推奨（買い目+2点）', 'tenji_trigger': '展示確認: ヒモ分散レース。1号艇伸び確認後、広めのヒモ流しを採用。穴ヒモ（5・6号艇）を積極的に含める。\n展示で1号艇スタート遅め(0.211秒)確認→ヒモが荒れやすい'}",,,30.4,両建て推奨,17.28,35.5,2,,,,,,,,,,,
2025-11-01,丸亀,3,5,久保田凪,B2,20.00,5,,7.4866,9.9,71,0,0.2129,4.1429,,,0,低,37,1,-,645,0,21.9,0.764,,,,,,,,,,,E,,,0.3027,0.447,,0.1476,B,46,0,◎○△フォーメーション（15〜20点）,0.5777,"{'is_target': True, 'verdict': '参加推奨', 'max_combo_prob': 0.0803, 'est_top_odds': 16.6, 'circle_concentration': 65.7, 'eligible_count': 9, 'bet_adj': 2, 'reason': 'rel_win1=48.2%（本命度） / 最有力組み合わせ確率: 0.080（推定実オッズ?17倍） / 2着集中度: 上位2艇 65.7%（補正+0.00） / 総合判定確率: 0.080 / → ヒモ分散。1号艇1着固定で広めのヒモ流し推奨（買い目+2点）', 'tenji_trigger': '展示確認: ヒモ分散レース。1号艇伸び確認後、広めのヒモ流しを採用。穴ヒモ（5・6号艇）を積極的に含める。\n展示で1号艇スタート遅め(0.211秒)確認→ヒモが荒れやすい'}",,,30.4,両建て推奨,17.28,35.5,2,,,,,,,,,,,
2025-11-01,丸亀,3,6,下河誉史,A2,29.73,6,△,1.3044,7,35,25.8,0.2152,5.0806,,,0,低,163,0,-,542,0,48.6,1.0197,,,,,,0.1585,0.1683,0.0293,,,B,○,,0.2954,0.6355,,0.1476,B,46,0,◎○△フォーメーション（15〜20点）,0.5777,"{'is_target': True, 'verdict': '参加推奨', 'max_combo_prob': 0.0803, 'est_top_odds': 16.6, 'circle_concentration': 65.7, 'eligible_count': 9, 'bet_adj': 2, 'reason': 'rel_win1=48.2%（本命度） / 最有力組み合わせ確率: 0.080（推定実オッズ?17倍） / 2着集中度: 上位2艇 65.7%（補正+0.00） / 総合判定確率: 0.080 / → ヒモ分散。1号艇1着固定で広めのヒモ流し推奨（買い目+2点）', 'tenji_trigger': '展示確認: ヒモ分散レース。1号艇伸び確認後、広めのヒモ流しを採用。穴ヒモ（5・6号艇）を積極的に含める。\n展示で1号艇スタート遅め(0.211秒)確認→ヒモが荒れやすい'}",,,30.4,両建て推奨,17.28,35.5,2,,,,,,,,,,,
2025-11-01,丸亀,4,1,竹田吉行,A2,31.03,1,◎,53.3637,,0,91.5,0.1413,2.7183,,,0,低,115,0,逃1%,2336,0,63.2,0.9746,0.5152,,,,,0.0606,0.0825,0.2452,◎,,B,○,,,0.63,,0.5764,S,90,0,◎1着固定 2-3着流し（5〜8点）,0.5777,"{'is_target': True, 'verdict': '点数絞り', 'max_combo_prob': 0.1201, 'est_top_odds': 11.1, 'circle_concentration': 71.9, 'eligible_count': 6, 'bet_adj': 0, 'reason': 'rel_win1=53.4%（本命度） / 最有力組み合わせ確率: 0.120（推定実オッズ?11倍） / 2着集中度: 上位2艇 71.9%（補正+0.04） / 総合判定確率: 0.160 / → ヒモはやや固め。上位2艇以外を切ること', 'tenji_trigger': '展示確認: 1号艇伸び良→そのまま採用。悪→飛び組に差し替え。circle_pct上位2艇に絞り込むこと。'}",,,28.2,逃げ狙い,18.51,28.1,2,,,,,0,0,0.7559,0,,逃げ軸流し,A
2025-11-01,丸亀,4,2,吉田一郎,A2,14.29,2,,14.6237,54.7,64,72.4,0.1545,2.6983,,,0,低,66,0,-,314,0,100,0.6931,0,0.0357,0.1071,0,0.0357,0.1221,0.0316,0.1326,,,E,△,,0.1931,0.6245,,0.5764,S,90,0,◎1着固定 2-3着流し（5〜8点）,0.5777,"{'is_target': True, 'verdict': '点数絞り', 'max_combo_prob': 0.1201, 'est_top_odds': 11.1, 'circle_concentration': 71.9, 'eligible_count': 6, 'bet_adj': 0, 'reason': 'rel_win1=53.4%（本命度） / 最有力組み合わせ確率: 0.120（推定実オッズ?11倍） / 2着集中度: 上位2艇 71.9%（補正+0.04） / 総合判定確率: 0.160 / → ヒモはやや固め。上位2艇以外を切ること', 'tenji_trigger': '展示確認: 1号艇伸び良→そのまま採用。悪→飛び組に差し替え。circle_pct上位2艇に絞り込むこと。'}",,,28.2,逃げ狙い,18.51,28.1,2,,,,,,,,,,,
2025-11-01,丸亀,4,3,近藤友宝,B1,30.56,3,▲,7.5292,17.2,54,42.9,0.1651,3.3333,,,0,低,119,0,抜0%,554,0,30.4,0.8075,0,0,0,0,0.037,0.2889,0.2111,0.1667,,,B,,,0.204,0.5765,,0.5764,S,90,0,◎1着固定 2-3着流し（5〜8点）,0.5777,"{'is_target': True, 'verdict': '点数絞り', 'max_combo_prob': 0.1201, 'est_top_odds': 11.1, 'circle_concentration': 71.9, 'eligible_count': 6, 'bet_adj': 0, 'reason': 'rel_win1=53.4%（本命度） / 最有力組み合わせ確率: 0.120（推定実オッズ?11倍） / 2着集中度: 上位2艇 71.9%（補正+0.04） / 総合判定確率: 0.160 / → ヒモはやや固め。上位2艇以外を切ること', 'tenji_trigger': '展示確認: 1号艇伸び良→そのまま採用。悪→飛び組に差し替え。circle_pct上位2艇に絞り込むこと。'}",,,28.2,逃げ狙い,18.51,28.1,2,,,,,,,,,,,
2025-11-01,丸亀,4,4,田頭虎親,B1,23.33,4,○,10.3095,15.3,79,58.5,0.1629,3.2195,,,0,低,121,0,差0% ま0%,511,0,49.5,1.06,0,0.0556,0.1111,0,0,0.1,0.375,0.025,,,C,△,○,0.2313,0.5945,0.3572,0.5764,S,90,0,◎1着固定 2-3着流し（5〜8点）,0.5777,"{'is_target': True, 'verdict': '点数絞り', 'max_combo_prob': 0.1201, 'est_top_odds': 11.1, 'circle_concentration': 71.9, 'eligible_count': 6, 'bet_adj': 0, 'reason': 'rel_win1=53.4%（本命度） / 最有力組み合わせ確率: 0.120（推定実オッズ?11倍） / 2着集中度: 上位2艇 71.9%（補正+0.04） / 総合判定確率: 0.160 / → ヒモはやや固め。上位2艇以外を切ること', 'tenji_trigger': '展示確認: 1号艇伸び良→そのまま採用。悪→飛び組に差し替え。circle_pct上位2艇に絞り込むこと。'}",,,28.2,逃げ狙い,18.51,28.1,2,,,,,,,,,,,
2025-11-01,丸亀,4,5,井本昌也,A1,21.88,5,△,12.3582,12.5,100,70,0.153,3.325,,,0,低,62,0,ま0%,2311,0,26.7,2.1148,0,0,0.0714,0,0,0.2333,0.2667,0.0167,,,D,◎,◎,0.2696,0.6625,0.4018,0.5764,S,90,0,◎1着固定 2-3着流し（5〜8点）,0.5777,"{'is_target': True, 'verdict': '点数絞り', 'max_combo_prob': 0.1201, 'est_top_odds': 11.1, 'circle_concentration': 71.9, 'eligible_count': 6, 'bet_adj': 0, 'reason': 'rel_win1=53.4%（本命度） / 最有力組み合わせ確率: 0.120（推定実オッズ?11倍） / 2着集中度: 上位2艇 71.9%（補正+0.04） / 総合判定確率: 0.160 / → ヒモはやや固め。上位2艇以外を切ること', 'tenji_trigger': '展示確認: 1号艇伸び良→そのまま採用。悪→飛び組に差し替え。circle_pct上位2艇に絞り込むこと。'}",,,28.2,逃げ狙い,18.51,28.1,2,,,,,,,,,,,
2025-11-01,丸亀,4,6,日高龍之,B2,22.22,6,,1.8157,0.3,10,3.3,0.2102,4.5656,,,0,低,49,0,-,6 36,0,24.1,0.635,0,0,0,0.0164,0,,,,,,D,,,0.1137,0.529,,0.5764,S,90,0,◎1着固定 2-3着流し（5〜8点）,0.5777,"{'is_target': True, 'verdict': '点数絞り', 'max_combo_prob': 0.1201, 'est_top_odds': 11.1, 'circle_concentration': 71.9, 'eligible_count': 6, 'bet_adj': 0, 'reason': 'rel_win1=53.4%（本命度） / 最有力組み合わせ確率: 0.120（推定実オッズ?11倍） / 2着集中度: 上位2艇 71.9%（補正+0.04） / 総合判定確率: 0.160 / → ヒモはやや固め。上位2艇以外を切ること', 'tenji_trigger': '展示確認: 1号艇伸び良→そのまま採用。悪→飛び組に差し替え。circle_pct上位2艇に絞り込むこと。'}",,,28.2,逃げ狙い,18.51,28.1,2,,,,,,,,,,,
2025-11-01,丸亀,5,1,山ノ内雅,A2,21.43,1,◎,50.5131,,0,97.6,0.1432,2.3659,,,0,低,97,0,逃1%,4313,0,86.9,1.2026,0.5676,,,,,0.1041,0.0432,0.0324,◎,,D,◎,,,0.6915,,0.5938,A,79,0,◎-○軸 3着3〜4艇流し（10〜15点）,0.5777,"{'is_target': True, 'verdict': '参加推奨', 'max_combo_prob': 0.0534, 'est_top_odds': 25.0, 'circle_concentration': 70.0, 'eligible_count': 8, 'bet_adj': 2, 'reason': 'rel_win1=50.5%（本命度） / 最有力組み合わせ確率: 0.053（推定実オッズ?25倍） / 2着集中度: 上位2艇 70.0%（補正+0.04） / 総合判定確率: 0.093 / → ヒモ分散。1号艇1着固定で広めのヒモ流し推奨（買い目+2点）', 'tenji_trigger': '展示確認: ヒモ分散レース。1号艇伸び確認後、広めのヒモ流しを採用。穴ヒモ（5・6号艇）を積極的に含める。'}",,,28.4,逃げ狙い,21.91,26,4,,,,,0,0,0.7559,0,,逃げ軸流し,A
2025-11-01,丸亀,5,2,近藤稔也,B1,47.62,2,▲,9.1406,33.8,90,44.4,0.1879,3.9524,,,0,低,180,0,-,526,0,28.4,0.886,,,,,,0.368,0.32,0.064,,,A,,,0.0931,0.609,,0.5938,A,79,0,◎-○軸 3着3〜4艇流し（10〜15点）,0.5777,"{'is_target': True, 'verdict': '参加推奨', 'max_combo_prob': 0.0534, 'est_top_odds': 25.0, 'circle_concentration': 70.0, 'eligible_count': 8, 'bet_adj': 2, 'reason': 'rel_win1=50.5%（本命度） / 最有力組み合わせ確率: 0.053（推定実オッズ?25倍） / 2着集中度: 上位2艇 70.0%（補正+0.04） / 総合判定確率: 0.093 / → ヒモ分散。1号艇1着固定で広めのヒモ流し推奨（買い目+2点）', 'tenji_trigger': '展示確認: ヒモ分散レース。1号艇伸び確認後、広めのヒモ流しを採用。穴ヒモ（5・6号艇）を積極的に含める。'}",,,28.4,逃げ狙い,21.91,26,4,,,,,,,,,,,
2025-11-01,丸亀,5,3,桑原　啓,B1,31.25,3,△,11.2326,17.9,62,33.3,0.1688,3.5583,,,0,低,104,0,差0% ま0% 差ま0%,251,0,24.4,0.7963,0,0.0417,0.0833,0.0417,0,0.3,0.22,0.18,,,C,△,,0.1759,0.6545,,0.5938,A,79,0,◎-○軸 3着3〜4艇流し（10〜15点）,0.5777,"{'is_target': True, 'verdict': '参加推奨', 'max_combo_prob': 0.0534, 'est_top_odds': 25.0, 'circle_concentration': 70.0, 'eligible_count': 8, 'bet_adj': 2, 'reason': 'rel_win1=50.5%（本命度） / 最有力組み合わせ確率: 0.053（推定実オッズ?25倍） / 2着集中度: 上位2艇 70.0%（補正+0.04） / 総合判定確率: 0.093 / → ヒモ分散。1号艇1着固定で広めのヒモ流し推奨（買い目+2点）', 'tenji_trigger': '展示確認: ヒモ分散レース。1号艇伸び確認後、広めのヒモ流しを採用。穴ヒモ（5・6号艇）を積極的に含める。'}",,,28.4,逃げ狙い,21.91,26,4,,,,,,,,,,,
2025-11-01,丸亀,5,4,佐々木康,A2,24.14,4,○,19.9523,36.2,65,67.3,0.1091,1.8909,,,0,低,37,0,差0% ま0% 差ま0%,1425,0,93.8,1.7504,0,0.0357,0.0714,0.0714,0,0.1017,0.04,0.04,,◎,D,○,◎,0.4375,0.668,0.4881,0.5938,A,79,0,◎-○軸 3着3〜4艇流し（10〜15点）,0.5777,"{'is_target': True, 'verdict': '参加推奨', 'max_combo_prob': 0.0534, 'est_top_odds': 25.0, 'circle_concentration': 70.0, 'eligible_count': 8, 'bet_adj': 2, 'reason': 'rel_win1=50.5%（本命度） / 最有力組み合わせ確率: 0.053（推定実オッズ?25倍） / 2着集中度: 上位2艇 70.0%（補正+0.04） / 総合判定確率: 0.093 / → ヒモ分散。1号艇1着固定で広めのヒモ流し推奨（買い目+2点）', 'tenji_trigger': '展示確認: ヒモ分散レース。1号艇伸び確認後、広めのヒモ流しを採用。穴ヒモ（5・6号艇）を積極的に含める。'}",,,28.4,逃げ狙い,21.91,26,4,,,,,,,,,,,
2025-11-01,丸亀,5,5,岡部　浩,B1,33.33,5,,5.316,5.6,100,25,0.1923,4.1154,,,0,低,155,0,-,6 35,0,36.5,0.9095,,,,,,0.2311,0.2311,0.0667,,,B,,,0.162,0.5865,,0.5938,A,79,0,◎-○軸 3着3〜4艇流し（10〜15点）,0.5777,"{'is_target': True, 'verdict': '参加推奨', 'max_combo_prob': 0.0534, 'est_top_odds': 25.0, 'circle_concentration': 70.0, 'eligible_count': 8, 'bet_adj': 2, 'reason': 'rel_win1=50.5%（本命度） / 最有力組み合わせ確率: 0.053（推定実オッズ?25倍） / 2着集中度: 上位2艇 70.0%（補正+0.04） / 総合判定確率: 0.093 / → ヒモ分散。1号艇1着固定で広めのヒモ流し推奨（買い目+2点）', 'tenji_trigger': '展示確認: ヒモ分散レース。1号艇伸び確認後、広めのヒモ流しを採用。穴ヒモ（5・6号艇）を積極的に含める。'}",,,28.4,逃げ狙い,21.91,26,4,,,,,,,,,,,
2025-11-01,丸亀,5,6,川原祐明,A1,19.44,6,,3.8453,6.5,93,40.7,0.1822,4.037,,,0,低,110,0,-,1114,0,27,0.7425,0,0,0,0.037,0,0.0276,0.1014,0.0138,,,E,△,,0.162,0.6185,,0.5938,A,79,0,◎-○軸 3着3〜4艇流し（10〜15点）,0.5777,"{'is_target': True, 'verdict': '参加推奨', 'max_combo_prob': 0.0534, 'est_top_odds': 25.0, 'circle_concentration': 70.0, 'eligible_count': 8, 'bet_adj': 2, 'reason': 'rel_win1=50.5%（本命度） / 最有力組み合わせ確率: 0.053（推定実オッズ?25倍） / 2着集中度: 上位2艇 70.0%（補正+0.04） / 総合判定確率: 0.093 / → ヒモ分散。1号艇1着固定で広めのヒモ流し推奨（買い目+2点）', 'tenji_trigger': '展示確認: ヒモ分散レース。1号艇伸び確認後、広めのヒモ流しを採用。穴ヒモ（5・6号艇）を積極的に含める。'}",,,28.4,逃げ狙い,21.91,26,4,,,,,,,,,,,
2025-11-01,丸亀,6,1,西島義則,A1,11.11,1,◎,54.78,,0,83.1,0.1686,3.2792,,,0,低,49,0,逃1%,4426,0,70.1,1.0871,0.5152,,,,,0.2106,0.1985,0.0606,○,,E,,,,0.5995,,0.3962,S,81,0,◎1着固定 2-3着流し（5〜8点）,0.5777,"{'is_target': True, 'verdict': '点数絞り', 'max_combo_prob': 0.0869, 'est_top_odds': 15.3, 'circle_concentration': 87.6, 'eligible_count': 6, 'bet_adj': 0, 'reason': 'rel_win1=54.8%（本命度） / 最有力組み合わせ確率: 0.087（推定実オッズ?15倍） / 2着集中度: 上位2艇 87.6%（補正+0.04） / 総合判定確率: 0.127 / → ヒモはやや固め。上位2艇以外を切ること', 'tenji_trigger': '展示確認: 1号艇伸び良→そのまま採用。悪→飛び組に差し替え。circle_pct上位2艇に絞り込むこと。'}",,,29.1,逃げ狙い,14.31,34.4,3,,,,,0,0,0.6155,0,,逃げ軸流し,A
2025-11-01,丸亀,6,2,小野寺智,B1,26.67,2,▲,11.2123,49.2,100,67.7,0.1573,3.371,,,0,低,79,0,-,1 66,0,99.4,1.0566,0,0.0741,0.0741,0,0,0.1217,0.0174,0.3096,,○,C,△,,0.4615,0.6185,,0.3962,S,81,0,◎1着固定 2-3着流し（5〜8点）,0.5777,"{'is_target': True, 'verdict': '点数絞り', 'max_combo_prob': 0.0869, 'est_top_odds': 15.3, 'circle_concentration': 87.6, 'eligible_count': 6, 'bet_adj': 0, 'reason': 'rel_win1=54.8%（本命度） / 最有力組み合わせ確率: 0.087（推定実オッズ?15倍） / 2着集中度: 上位2艇 87.6%（補正+0.04） / 総合判定確率: 0.127 / → ヒモはやや固め。上位2艇以外を切ること', 'tenji_trigger': '展示確認: 1号艇伸び良→そのまま採用。悪→飛び組に差し替え。circle_pct上位2艇に絞り込むこと。'}",,,29.1,逃げ狙い,14.31,34.4,3,,,,,,,,,,,
2025-11-01,丸亀,6,3,登玉隼百,A2,11.54,3,△,17.8663,38.5,59,56.7,0.1357,2.7,,,0,低,49,0,ま0%,3 62,0,55.5,1.3017,0,0,0.1111,0,0,0.0348,0.1696,0.1174,,◎,E,◎,,0.4968,0.6475,,0.3962,S,81,0,◎1着固定 2-3着流し（5〜8点）,0.5777,"{'is_target': True, 'verdict': '点数絞り', 'max_combo_prob': 0.0869, 'est_top_odds': 15.3, 'circle_concentration': 87.6, 'eligible_count': 6, 'bet_adj': 0, 'reason': 'rel_win1=54.8%（本命度） / 最有力組み合わせ確率: 0.087（推定実オッズ?15倍） / 2着集中度: 上位2艇 87.6%（補正+0.04） / 総合判定確率: 0.127 / → ヒモはやや固め。上位2艇以外を切ること', 'tenji_trigger': '展示確認: 1号艇伸び良→そのまま採用。悪→飛び組に差し替え。circle_pct上位2艇に絞り込むこと。'}",,,29.1,逃げ狙い,14.31,34.4,3,,,,,,,,,,,
2025-11-01,丸亀,6,4,山田真聖,B1,27.27,4,○,9.8912,6.9,49,30.8,0.1621,3.3558,,,0,低,94,0,-,2 25,0,57.7,1.2157,0,0,0.037,0.0741,0,0.0952,0.1771,0.019,,,B,○,◎,0.3475,0.619,0.3986,0.3962,S,81,0,◎1着固定 2-3着流し（5〜8点）,0.5777,"{'is_target': True, 'verdict': '点数絞り', 'max_combo_prob': 0.0869, 'est_top_odds': 15.3, 'circle_concentration': 87.6, 'eligible_count': 6, 'bet_adj': 0, 'reason': 'rel_win1=54.8%（本命度） / 最有力組み合わせ確率: 0.087（推定実オッズ?15倍） / 2着集中度: 上位2艇 87.6%（補正+0.04） / 総合判定確率: 0.127 / → ヒモはやや固め。上位2艇以外を切ること', 'tenji_trigger': '展示確認: 1号艇伸び良→そのまま採用。悪→飛び組に差し替え。circle_pct上位2艇に絞り込むこと。'}",,,29.1,逃げ狙い,14.31,34.4,3,,,,,,,,,,,
2025-11-01,丸亀,6,5,安達美帆,B1,25.00,5,,5.0137,3.9,43,5.3,0.2116,4.3684,,,0,低,49,0,-,6 65,0,29.2,0.7233,,,,,,0.25,0.5,0.25,,,C,,,0.2053,0.53,,0.3962,S,81,0,◎1着固定 2-3着流し（5〜8点）,0.5777,"{'is_target': True, 'verdict': '点数絞り', 'max_combo_prob': 0.0869, 'est_top_odds': 15.3, 'circle_concentration': 87.6, 'eligible_count': 6, 'bet_adj': 0, 'reason': 'rel_win1=54.8%（本命度） / 最有力組み合わせ確率: 0.087（推定実オッズ?15倍） / 2着集中度: 上位2艇 87.6%（補正+0.04） / 総合判定確率: 0.127 / → ヒモはやや固め。上位2艇以外を切ること', 'tenji_trigger': '展示確認: 1号艇伸び良→そのまま採用。悪→飛び組に差し替え。circle_pct上位2艇に絞り込むこと。'}",,,29.1,逃げ狙い,14.31,34.4,3,,,,,,,,,,,
2025-11-01,丸亀,6,6,森安弘雅,A2,29.03,6,,1.2364,1.6,72,13.6,0.232,5.0254,,,0,低,178,0,-,1121,0,47.2,2.4297,,,,,,0.0167,0.1833,0.2,,,B,△,,0.1648,0.6065,,0.3962,S,81,0,◎1着固定 2-3着流し（5〜8点）,0.5777,"{'is_target': True, 'verdict': '点数絞り', 'max_combo_prob': 0.0869, 'est_top_odds': 15.3, 'circle_concentration': 87.6, 'eligible_count': 6, 'bet_adj': 0, 'reason': 'rel_win1=54.8%（本命度） / 最有力組み合わせ確率: 0.087（推定実オッズ?15倍） / 2着集中度: 上位2艇 87.6%（補正+0.04） / 総合判定確率: 0.127 / → ヒモはやや固め。上位2艇以外を切ること', 'tenji_trigger': '展示確認: 1号艇伸び良→そのまま採用。悪→飛び組に差し替え。circle_pct上位2艇に絞り込むこと。'}",,,29.1,逃げ狙い,14.31,34.4,3,,,,,,,,,,,
2025-11-01,丸亀,7,1,池田雄祐,A2,32.43,1,◎,67.2997,,0,97,0.1494,2.5758,,,0,低,70,0,逃1%,2 33,0,93.3,1.2613,0.6296,,,,,0.0963,0.1259,0.0444,◎,,B,◎,,,0.667,,0.6385,S,86,0,◎1着固定 2-3着流し（5〜8点）,0.5777,"{'is_target': True, 'verdict': '点数絞り', 'max_combo_prob': 0.103, 'est_top_odds': 13.0, 'circle_concentration': 78.9, 'eligible_count': 6, 'bet_adj': 0, 'reason': 'rel_win1=67.3%（本命度） / 最有力組み合わせ確率: 0.103（推定実オッズ?13倍） / 2着集中度: 上位2艇 78.9%（補正+0.04） / 総合判定確率: 0.143 / → ヒモはやや固め。上位2艇以外を切ること', 'tenji_trigger': '展示確認: 1号艇伸び良→そのまま採用。悪→飛び組に差し替え。circle_pct上位2艇に絞り込むこと。'}",,,26.6,逃げ狙い,13.83,27.7,3,,,,,0,0,0.7559,0,,逃げ軸流し,A
2025-11-01,丸亀,7,2,渡　修平,B1,38.10,2,○,8.319,43.6,76,49,0.1937,4.2157,,,0,低,148,0,-,564,0,23.5,0.8162,,,,,,0.0235,0.1906,0.1906,,,A,,,0.0775,0.6,,0.6385,S,86,0,◎1着固定 2-3着流し（5〜8点）,0.5777,"{'is_target': True, 'verdict': '点数絞り', 'max_combo_prob': 0.103, 'est_top_odds': 13.0, 'circle_concentration': 78.9, 'eligible_count': 6, 'bet_adj': 0, 'reason': 'rel_win1=67.3%（本命度） / 最有力組み合わせ確率: 0.103（推定実オッズ?13倍） / 2着集中度: 上位2艇 78.9%（補正+0.04） / 総合判定確率: 0.143 / → ヒモはやや固め。上位2艇以外を切ること', 'tenji_trigger': '展示確認: 1号艇伸び良→そのまま採用。悪→飛び組に差し替え。circle_pct上位2艇に絞り込むこと。'}",,,26.6,逃げ狙い,13.83,27.7,3,,,,,,,,,,,
2025-11-01,丸亀,7,3,平高奈菜,A1,22.50,3,△,13.8415,35.3,99,58.3,0.1575,3.0625,,,0,低,46,0,抜0%,2622,0,39.4,1.0069,0,0,0.0833,0.0833,0.0833,0.2,0,0.1333,,,D,△,,0.2595,0.6215,,0.6385,S,86,0,◎1着固定 2-3着流し（5〜8点）,0.5777,"{'is_target': True, 'verdict': '点数絞り', 'max_combo_prob': 0.103, 'est_top_odds': 13.0, 'circle_concentration': 78.9, 'eligible_count': 6, 'bet_adj': 0, 'reason': 'rel_win1=67.3%（本命度） / 最有力組み合わせ確率: 0.103（推定実オッズ?13倍） / 2着集中度: 上位2艇 78.9%（補正+0.04） / 総合判定確率: 0.143 / → ヒモはやや固め。上位2艇以外を切ること', 'tenji_trigger': '展示確認: 1号艇伸び良→そのまま採用。悪→飛び組に差し替え。circle_pct上位2艇に絞り込むこと。'}",,,26.6,逃げ狙い,13.83,27.7,3,,,,,,,,,,,
2025-11-01,丸亀,7,4,田代達也,B1,32.14,4,▲,6.7908,9.2,100,30.6,0.161,2.8673,,,0,低,87,0,ま0% 差ま0%,464,0,33.9,0.7223,0,0,0.037,0.037,0,0.0471,0.4412,0.4176,,,C,△,,0.2402,0.604,,0.6385,S,86,0,◎1着固定 2-3着流し（5〜8点）,0.5777,"{'is_target': True, 'verdict': '点数絞り', 'max_combo_prob': 0.103, 'est_top_odds': 13.0, 'circle_concentration': 78.9, 'eligible_count': 6, 'bet_adj': 0, 'reason': 'rel_win1=67.3%（本命度） / 最有力組み合わせ確率: 0.103（推定実オッズ?13倍） / 2着集中度: 上位2艇 78.9%（補正+0.04） / 総合判定確率: 0.143 / → ヒモはやや固め。上位2艇以外を切ること', 'tenji_trigger': '展示確認: 1号艇伸び良→そのまま採用。悪→飛び組に差し替え。circle_pct上位2艇に絞り込むこと。'}",,,26.6,逃げ狙い,13.83,27.7,3,,,,,,,,,,,
2025-11-01,丸亀,7,5,高濱芳久,A2,31.71,5,,2.6946,11.5,71,26.5,0.1771,3.9853,,,0,低,114,0,-,3545,0,34.8,0.8057,,,,,,0.0485,0.1485,0.1485,,,C,○,,0.2251,0.6335,,0.6385,S,86,0,◎1着固定 2-3着流し（5〜8点）,0.5777,"{'is_target': True, 'verdict': '点数絞り', 'max_combo_prob': 0.103, 'est_top_odds': 13.0, 'circle_concentration': 78.9, 'eligible_count': 6, 'bet_adj': 0, 'reason': 'rel_win1=67.3%（本命度） / 最有力組み合わせ確率: 0.103（推定実オッズ?13倍） / 2着集中度: 上位2艇 78.9%（補正+0.04） / 総合判定確率: 0.143 / → ヒモはやや固め。上位2艇以外を切ること', 'tenji_trigger': '展示確認: 1号艇伸び良→そのまま採用。悪→飛び組に差し替え。circle_pct上位2艇に絞り込むこと。'}",,,26.6,逃げ狙い,13.83,27.7,3,,,,,,,,,,,
2025-11-01,丸亀,7,6,久保田凪,B2,20.00,6,,1.0542,0.4,15,3.2,0.1931,4.4274,,,0,低,37,0,-,645,0,27.8,0.8422,,,,,,,,,,,E,,,0.1709,0.447,,0.6385,S,86,0,◎1着固定 2-3着流し（5〜8点）,0.5777,"{'is_target': True, 'verdict': '点数絞り', 'max_combo_prob': 0.103, 'est_top_odds': 13.0, 'circle_concentration': 78.9, 'eligible_count': 6, 'bet_adj': 0, 'reason': 'rel_win1=67.3%（本命度） / 最有力組み合わせ確率: 0.103（推定実オッズ?13倍） / 2着集中度: 上位2艇 78.9%（補正+0.04） / 総合判定確率: 0.143 / → ヒモはやや固め。上位2艇以外を切ること', 'tenji_trigger': '展示確認: 1号艇伸び良→そのまま採用。悪→飛び組に差し替え。circle_pct上位2艇に絞り込むこと。'}",,,26.6,逃げ狙い,13.83,27.7,3,,,,,,,,,,,
2025-11-01,丸亀,8,1,横田貴満,A1,39.47,1,◎,71.7273,,0,93.3,0.1433,2.9,,,0,低,87,0,逃1%,3211,0,84.7,1.2403,0.6087,,,,,0.1446,0.0435,0.1011,◎,,B,◎,,,0.6885,,0.5772,S,83,0,◎1着固定 2-3着流し（5〜8点）,0.5777,"{'is_target': True, 'verdict': '点数絞り', 'max_combo_prob': 0.1281, 'est_top_odds': 10.4, 'circle_concentration': 74.6, 'eligible_count': 6, 'bet_adj': 0, 'reason': 'rel_win1=71.7%（本命度） / 最有力組み合わせ確率: 0.128（推定実オッズ?10倍） / 2着集中度: 上位2艇 74.6%（補正+0.04） / 総合判定確率: 0.168 / → ヒモはやや固め。上位2艇以外を切ること', 'tenji_trigger': '展示確認: 1号艇伸び良→そのまま採用。悪→飛び組に差し替え。circle_pct上位2艇に絞り込むこと。'}",,,27.8,逃げ狙い,17.56,28,2,,,,,0,0,0.7559,0,,逃げ軸流し,A
2025-11-01,丸亀,8,2,立間充宏,A2,28.57,2,▲,11.0973,47.8,64,52.9,0.1618,3.3235,,,0,低,88,0,-,3522,0,36.4,0.884,,,,,,0.2727,0.1182,0.0727,,,C,,,0.1642,0.5755,,0.5772,S,83,0,◎1着固定 2-3着流し（5〜8点）,0.5777,"{'is_target': True, 'verdict': '点数絞り', 'max_combo_prob': 0.1281, 'est_top_odds': 10.4, 'circle_concentration': 74.6, 'eligible_count': 6, 'bet_adj': 0, 'reason': 'rel_win1=71.7%（本命度） / 最有力組み合わせ確率: 0.128（推定実オッズ?10倍） / 2着集中度: 上位2艇 74.6%（補正+0.04） / 総合判定確率: 0.168 / → ヒモはやや固め。上位2艇以外を切ること', 'tenji_trigger': '展示確認: 1号艇伸び良→そのまま採用。悪→飛び組に差し替え。circle_pct上位2艇に絞り込むこと。'}",,,27.8,逃げ狙い,17.56,28,2,,,,,,,,,,,
2025-11-01,丸亀,8,3,来田衣織,B1,19.23,3,,4.618,26.7,100,38.1,0.1848,3.75,,,0,低,96,0,-,464,0,20.5,0.7202,,,,,,0,0.4,0,,,D,△,,0.1476,0.585,,0.5772,S,83,0,◎1着固定 2-3着流し（5〜8点）,0.5777,"{'is_target': True, 'verdict': '点数絞り', 'max_combo_prob': 0.1281, 'est_top_odds': 10.4, 'circle_concentration': 74.6, 'eligible_count': 6, 'bet_adj': 0, 'reason': 'rel_win1=71.7%（本命度） / 最有力組み合わせ確率: 0.128（推定実オッズ?10倍） / 2着集中度: 上位2艇 74.6%（補正+0.04） / 総合判定確率: 0.168 / → ヒモはやや固め。上位2艇以外を切ること', 'tenji_trigger': '展示確認: 1号艇伸び良→そのまま採用。悪→飛び組に差し替え。circle_pct上位2艇に絞り込むこと。'}",,,27.8,逃げ狙い,17.56,28,2,,,,,,,,,,,
2025-11-01,丸亀,8,4,高橋　勲,A2,40.48,4,○,8.3778,14.8,86,49.1,0.1438,2.8868,,,0,低,68,0,差ま0%,332,0,100,1.9745,0,0.0455,0.0455,0.0909,0,0.1421,0.1421,0.2263,,,A,,◎,0.3,0.565,0.449,0.5772,S,83,0,◎1着固定 2-3着流し（5〜8点）,0.5777,"{'is_target': True, 'verdict': '点数絞り', 'max_combo_prob': 0.1281, 'est_top_odds': 10.4, 'circle_concentration': 74.6, 'eligible_count': 6, 'bet_adj': 0, 'reason': 'rel_win1=71.7%（本命度） / 最有力組み合わせ確率: 0.128（推定実オッズ?10倍） / 2着集中度: 上位2艇 74.6%（補正+0.04） / 総合判定確率: 0.168 / → ヒモはやや固め。上位2艇以外を切ること', 'tenji_trigger': '展示確認: 1号艇伸び良→そのまま採用。悪→飛び組に差し替え。circle_pct上位2艇に絞り込むこと。'}",,,27.8,逃げ狙い,17.56,28,2,,,,,,,,,,,
2025-11-01,丸亀,8,5,野中義生,B1,25.93,5,△,3.2051,7.9,53,27.3,0.1455,2.7636,,,0,低,79,0,差0%,433,0,36.9,0.8176,0,0.0357,0,0,0,0.06,0.46,0.36,,,D,○,,0.2792,0.6175,,0.5772,S,83,0,◎1着固定 2-3着流し（5〜8点）,0.5777,"{'is_target': True, 'verdict': '点数絞り', 'max_combo_prob': 0.1281, 'est_top_odds': 10.4, 'circle_concentration': 74.6, 'eligible_count': 6, 'bet_adj': 0, 'reason': 'rel_win1=71.7%（本命度） / 最有力組み合わせ確率: 0.128（推定実オッズ?10倍） / 2着集中度: 上位2艇 74.6%（補正+0.04） / 総合判定確率: 0.168 / → ヒモはやや固め。上位2艇以外を切ること', 'tenji_trigger': '展示確認: 1号艇伸び良→そのまま採用。悪→飛び組に差し替え。circle_pct上位2艇に絞り込むこと。'}",,,27.8,逃げ狙い,17.56,28,2,,,,,,,,,,,
2025-11-01,丸亀,8,6,渥美卓郎,B1,10.71,6,,0.9745,2.7,29,8.3,0.2217,4.7708,,,0,低,188,0,-,6 56,0,25.2,0.8356,,,,,,0.25,0.02,0.25,,,E,△,,0.1455,0.615,,0.5772,S,83,0,◎1着固定 2-3着流し（5〜8点）,0.5777,"{'is_target': True, 'verdict': '点数絞り', 'max_combo_prob': 0.1281, 'est_top_odds': 10.4, 'circle_concentration': 74.6, 'eligible_count': 6, 'bet_adj': 0, 'reason': 'rel_win1=71.7%（本命度） / 最有力組み合わせ確率: 0.128（推定実オッズ?10倍） / 2着集中度: 上位2艇 74.6%（補正+0.04） / 総合判定確率: 0.168 / → ヒモはやや固め。上位2艇以外を切ること', 'tenji_trigger': '展示確認: 1号艇伸び良→そのまま採用。悪→飛び組に差し替え。circle_pct上位2艇に絞り込むこと。'}",,,27.8,逃げ狙い,17.56,28,2,,,,,,,,,,,
2025-11-01,丸亀,9,1,川原祐明,A1,19.44,1,◎,52.5722,,0,90.3,0.1744,3.5565,,,0,低,110,0,逃0% 抜0%,1114,0,85.3,1.2019,0.6897,,,,,0.0276,0.1014,0.0138,○,,E,△,,,0.6185,,0.3913,S,80,0,◎1着固定 2-3着流し（5〜8点）,0.5777,"{'is_target': True, 'verdict': '点数絞り', 'max_combo_prob': 0.0958, 'est_top_odds': 13.9, 'circle_concentration': 76.8, 'eligible_count': 6, 'bet_adj': 0, 'reason': 'rel_win1=52.6%（本命度） / 最有力組み合わせ確率: 0.096（推定実オッズ?14倍） / 2着集中度: 上位2艇 76.8%（補正+0.04） / 総合判定確率: 0.136 / → ヒモはやや固め。上位2艇以外を切ること', 'tenji_trigger': '展示確認: 1号艇伸び良→そのまま採用。悪→飛び組に差し替え。circle_pct上位2艇に絞り込むこと。'}",,,29.1,逃げ狙い,24.28,25.9,2,,,,,0,0,0.6155,0,,逃げ軸流し,A
2025-11-01,丸亀,9,2,井本昌也,A1,21.88,2,▲,17.0793,54.7,83,86.2,0.1228,2.7241,,,0,低,62,0,差0% ま0%,2311,0,71.6,1.3974,0,0.2,0.3,0,0,0.2333,0.2667,0.0167,,◎,D,◎,,0.6105,0.6625,,0.3913,S,80,0,◎1着固定 2-3着流し（5〜8点）,0.5777,"{'is_target': True, 'verdict': '点数絞り', 'max_combo_prob': 0.0958, 'est_top_odds': 13.9, 'circle_concentration': 76.8, 'eligible_count': 6, 'bet_adj': 0, 'reason': 'rel_win1=52.6%（本命度） / 最有力組み合わせ確率: 0.096（推定実オッズ?14倍） / 2着集中度: 上位2艇 76.8%（補正+0.04） / 総合判定確率: 0.136 / → ヒモはやや固め。上位2艇以外を切ること', 'tenji_trigger': '展示確認: 1号艇伸び良→そのまま採用。悪→飛び組に差し替え。circle_pct上位2艇に絞り込むこと。'}",,,29.1,逃げ狙い,24.28,25.9,2,,,,,,,,,,,
2025-11-01,丸亀,9,3,田頭虎親,B1,23.33,3,△,15.177,22.2,100,61,0.1668,3.8049,,,0,低,121,0,-,511,0,78.9,1.6527,0,0,0,0.1176,0,0.1,0.375,0.025,,,C,,,0.3366,0.5945,,0.3913,S,80,0,◎1着固定 2-3着流し（5〜8点）,0.5777,"{'is_target': True, 'verdict': '点数絞り', 'max_combo_prob': 0.0958, 'est_top_odds': 13.9, 'circle_concentration': 76.8, 'eligible_count': 6, 'bet_adj': 0, 'reason': 'rel_win1=52.6%（本命度） / 最有力組み合わせ確率: 0.096（推定実オッズ?14倍） / 2着集中度: 上位2艇 76.8%（補正+0.04） / 総合判定確率: 0.136 / → ヒモはやや固め。上位2艇以外を切ること', 'tenji_trigger': '展示確認: 1号艇伸び良→そのまま採用。悪→飛び組に差し替え。circle_pct上位2艇に絞り込むこと。'}",,,29.1,逃げ狙い,24.28,25.9,2,,,,,,,,,,,
2025-11-01,丸亀,9,4,桑原　啓,B1,31.25,4,○,7.4383,11.4,93,47,0.1577,3.3258,,,0,低,104,0,-,251,0,92.2,0.707,0,0,0.1,0,0,0.3,0.22,0.18,,,B,○,◎,0.3677,0.6545,0.3939,0.3913,S,80,0,◎1着固定 2-3着流し（5〜8点）,0.5777,"{'is_target': True, 'verdict': '点数絞り', 'max_combo_prob': 0.0958, 'est_top_odds': 13.9, 'circle_concentration': 76.8, 'eligible_count': 6, 'bet_adj': 0, 'reason': 'rel_win1=52.6%（本命度） / 最有力組み合わせ確率: 0.096（推定実オッズ?14倍） / 2着集中度: 上位2艇 76.8%（補正+0.04） / 総合判定確率: 0.136 / → ヒモはやや固め。上位2艇以外を切ること', 'tenji_trigger': '展示確認: 1号艇伸び良→そのまま採用。悪→飛び組に差し替え。circle_pct上位2艇に絞り込むこと。'}",,,29.1,逃げ狙い,24.28,25.9,2,,,,,,,,,,,
2025-11-01,丸亀,9,5,津田裕絵,B1,25.00,5,,6.5015,10.6,58,37.9,0.2203,4.4828,,,0,低,108,0,差ま0% 抜0%,261,0,40,1.1533,0,0,0,0.1818,0.0909,0,0.46,0,,,C,△,,0.1704,0.596,,0.3913,S,80,0,◎1着固定 2-3着流し（5〜8点）,0.5777,"{'is_target': True, 'verdict': '点数絞り', 'max_combo_prob': 0.0958, 'est_top_odds': 13.9, 'circle_concentration': 76.8, 'eligible_count': 6, 'bet_adj': 0, 'reason': 'rel_win1=52.6%（本命度） / 最有力組み合わせ確率: 0.096（推定実オッズ?14倍） / 2着集中度: 上位2艇 76.8%（補正+0.04） / 総合判定確率: 0.136 / → ヒモはやや固め。上位2艇以外を切ること', 'tenji_trigger': '展示確認: 1号艇伸び良→そのまま採用。悪→飛び組に差し替え。circle_pct上位2艇に絞り込むこと。'}",,,29.1,逃げ狙い,24.28,25.9,2,,,,,,,,,,,
2025-11-01,丸亀,9,6,谷口佳蓮,B1,21.43,6,,1.2317,1.2,49,8.7,0.22,4.5435,,,0,低,45,0,-,1 44,0,32.7,2.0331,,,,,,0.1091,0,0.2727,,,D,,,0.1642,0.5715,,0.3913,S,80,0,◎1着固定 2-3着流し（5〜8点）,0.5777,"{'is_target': True, 'verdict': '点数絞り', 'max_combo_prob': 0.0958, 'est_top_odds': 13.9, 'circle_concentration': 76.8, 'eligible_count': 6, 'bet_adj': 0, 'reason': 'rel_win1=52.6%（本命度） / 最有力組み合わせ確率: 0.096（推定実オッズ?14倍） / 2着集中度: 上位2艇 76.8%（補正+0.04） / 総合判定確率: 0.136 / → ヒモはやや固め。上位2艇以外を切ること', 'tenji_trigger': '展示確認: 1号艇伸び良→そのまま採用。悪→飛び組に差し替え。circle_pct上位2艇に絞り込むこと。'}",,,29.1,逃げ狙い,24.28,25.9,2,,,,,,,,,,,
2025-11-01,丸亀,10,1,山崎昂介,B1,27.03,1,◎,57.2779,,0,73.1,0.1737,3.8173,,,0,低,138,0,-,1214,0,91,1.2399,0.5556,,,,,0.0444,0.0667,0.2844,△,,B,△,,,0.64,,0.3146,A,61,0,◎-○軸 3着3〜4艇流し（10〜15点）,0.5777,"{'is_target': True, 'verdict': '点数絞り', 'max_combo_prob': 0.0906, 'est_top_odds': 14.7, 'circle_concentration': 72.0, 'eligible_count': 8, 'bet_adj': 0, 'reason': 'rel_win1=57.3%（本命度） / 最有力組み合わせ確率: 0.091（推定実オッズ?15倍） / 2着集中度: 上位2艇 72.0%（補正+0.04） / 総合判定確率: 0.131 / → ヒモはやや固め。上位2艇以外を切ること', 'tenji_trigger': '展示確認: 1号艇伸び良→そのまま採用。悪→飛び組に差し替え。circle_pct上位2艇に絞り込むこと。'}",,,28.4,両建て推奨,18.39,28.9,2,2-1-3|1-2-3|1-2-6|1-3-2|1-4-2|1-3-6,5-1-6|6-1-3|5-6-1|6-1-4|6-4-1|6-3-1|2-1-3|1-2-3|1-2-6|1-3-2|1-4-2|1-3-6,2-1-3:2.41%|1-2-3:8.48%|1-2-6:7.5%|1-3-2:5.25%|1-4-2:4.5%|1-3-6:4.32%,2-1-3:B_main|1-2-3:A|1-2-6:A|1-3-2:A|1-4-2:A|1-3-6:A,6,12,0.4535,1,[!]見送り推奨（主役決まり手「差し」― 逃げ劣勢レースで的中実績なし）,荒れ広め,D
2025-11-01,丸亀,10,2,北野輝季,A1,25.00,2,○,18.2702,51.3,100,75.6,0.151,3.3049,,,0,低,54,0,-,1513,0,52.6,1.1162,0,0.15,0.2,0,0,0,0.1722,0.0174,,◎,C,◎,,0.5689,0.698,,0.3146,A,61,0,◎-○軸 3着3〜4艇流し（10〜15点）,0.5777,"{'is_target': True, 'verdict': '点数絞り', 'max_combo_prob': 0.0906, 'est_top_odds': 14.7, 'circle_concentration': 72.0, 'eligible_count': 8, 'bet_adj': 0, 'reason': 'rel_win1=57.3%（本命度） / 最有力組み合わせ確率: 0.091（推定実オッズ?15倍） / 2着集中度: 上位2艇 72.0%（補正+0.04） / 総合判定確率: 0.131 / → ヒモはやや固め。上位2艇以外を切ること', 'tenji_trigger': '展示確認: 1号艇伸び良→そのまま採用。悪→飛び組に差し替え。circle_pct上位2艇に絞り込むこと。'}",,,28.4,両建て推奨,18.39,28.9,2,,,,,,,,,,,
2025-11-01,丸亀,10,3,佐々木康,A2,24.14,3,△,12.8357,17.4,94,61,0.12,2.2881,,,0,低,37,0,ま0% 差ま0%,1425,0,50.5,1.1806,0,0,0.0323,0.1935,0,0.1017,0.04,0.04,,○,C,○,,0.4964,0.668,,0.3146,A,61,0,◎-○軸 3着3〜4艇流し（10〜15点）,0.5777,"{'is_target': True, 'verdict': '点数絞り', 'max_combo_prob': 0.0906, 'est_top_odds': 14.7, 'circle_concentration': 72.0, 'eligible_count': 8, 'bet_adj': 0, 'reason': 'rel_win1=57.3%（本命度） / 最有力組み合わせ確率: 0.091（推定実オッズ?15倍） / 2着集中度: 上位2艇 72.0%（補正+0.04） / 総合判定確率: 0.131 / → ヒモはやや固め。上位2艇以外を切ること', 'tenji_trigger': '展示確認: 1号艇伸び良→そのまま採用。悪→飛び組に差し替え。circle_pct上位2艇に絞り込むこと。'}",,,28.4,両建て推奨,18.39,28.9,2,,,,,,,,,,,
2025-11-01,丸亀,10,4,竹田吉行,A2,31.03,4,▲,6.6261,20.7,92,49.2,0.1633,3.627,,,0,低,115,0,ま0%,2336,0,42.5,0.9468,0,0,0.0833,0,0,0.0606,0.0825,0.2452,,,B,△,,0.3354,0.63,,0.3146,A,61,0,◎-○軸 3着3〜4艇流し（10〜15点）,0.5777,"{'is_target': True, 'verdict': '点数絞り', 'max_combo_prob': 0.0906, 'est_top_odds': 14.7, 'circle_concentration': 72.0, 'eligible_count': 8, 'bet_adj': 0, 'reason': 'rel_win1=57.3%（本命度） / 最有力組み合わせ確率: 0.091（推定実オッズ?15倍） / 2着集中度: 上位2艇 72.0%（補正+0.04） / 総合判定確率: 0.131 / → ヒモはやや固め。上位2艇以外を切ること', 'tenji_trigger': '展示確認: 1号艇伸び良→そのまま採用。悪→飛び組に差し替え。circle_pct上位2艇に絞り込むこと。'}",,,28.4,両建て推奨,18.39,28.9,2,,,,,,,,,,,
2025-11-01,丸亀,10,5,吉田一郎,A2,14.29,5,,3.4449,7.6,56,21.9,0.1537,3.1719,,,0,低,66,0,差ま0%,314,0,24.3,0.6569,0,0,0,0.0526,0,0.1221,0.0316,0.1326,,,E,,,0.3484,0.6245,,0.3146,A,61,0,◎-○軸 3着3〜4艇流し（10〜15点）,0.5777,"{'is_target': True, 'verdict': '点数絞り', 'max_combo_prob': 0.0906, 'est_top_odds': 14.7, 'circle_concentration': 72.0, 'eligible_count': 8, 'bet_adj': 0, 'reason': 'rel_win1=57.3%（本命度） / 最有力組み合わせ確率: 0.091（推定実オッズ?15倍） / 2着集中度: 上位2艇 72.0%（補正+0.04） / 総合判定確率: 0.131 / → ヒモはやや固め。上位2艇以外を切ること', 'tenji_trigger': '展示確認: 1号艇伸び良→そのまま採用。悪→飛び組に差し替え。circle_pct上位2艇に絞り込むこと。'}",,,28.4,両建て推奨,18.39,28.9,2,,,,,,,,,,,
2025-11-01,丸亀,10,6,西島義則,A1,11.11,6,,1.5451,3,63,,,,,,0,低,49,1,-,4426,0,,,,,,,,,,,,,E,,◎,0.3134,0.5995,0.15,0.3146,A,61,0,◎-○軸 3着3〜4艇流し（10〜15点）,0.5777,"{'is_target': True, 'verdict': '点数絞り', 'max_combo_prob': 0.0906, 'est_top_odds': 14.7, 'circle_concentration': 72.0, 'eligible_count': 8, 'bet_adj': 0, 'reason': 'rel_win1=57.3%（本命度） / 最有力組み合わせ確率: 0.091（推定実オッズ?15倍） / 2着集中度: 上位2艇 72.0%（補正+0.04） / 総合判定確率: 0.131 / → ヒモはやや固め。上位2艇以外を切ること', 'tenji_trigger': '展示確認: 1号艇伸び良→そのまま採用。悪→飛び組に差し替え。circle_pct上位2艇に絞り込むこと。'}",,,28.4,両建て推奨,18.39,28.9,2,,,,,,,,,,,
2025-11-01,丸亀,11,1,森安弘雅,A2,29.03,1,◎,55.5307,,0,78.2,0.1765,3.4727,,,0,低,178,0,抜0%,1121,0,86.1,1.1251,0.3333,,,,,0.0167,0.1833,0.2,△,,C,,,,0.6065,,0.2962,B,59,0,◎○△フォーメーション（15〜20点）,0.5777,"{'is_target': True, 'verdict': '点数絞り', 'max_combo_prob': 0.0802, 'est_top_odds': 16.6, 'circle_concentration': 70.4, 'eligible_count': 9, 'bet_adj': 0, 'reason': 'rel_win1=55.5%（本命度） / 最有力組み合わせ確率: 0.080（推定実オッズ?17倍） / 2着集中度: 上位2艇 70.4%（補正+0.04） / 総合判定確率: 0.120 / → ヒモはやや固め。上位2艇以外を切ること', 'tenji_trigger': '展示確認: 1号艇伸び良→そのまま採用。悪→飛び組に差し替え。circle_pct上位2艇に絞り込むこと。'}",,,33.7,両建て推奨,18.25,29.8,2,2-1-3|1-2-3|1-2-5|1-3-2|1-3-5|1-4-2,6-1-3|6-1-4|4-5-6|2-1-3|6-4-1|6-3-1|4-5-1|1-2-3|1-2-5|1-3-2|1-3-5|1-4-2,2-1-3:2.57%|1-2-3:8.36%|1-2-5:7.67%|1-3-2:5.45%|1-3-5:4.8%|1-4-2:4.14%,2-1-3:B_main|1-2-3:A|1-2-5:A|1-3-2:A|1-3-5:A|1-4-2:A,6,12,0.4535,1,[!]見送り推奨（主役決まり手「差し」― 逃げ劣勢レースで的中実績なし）,荒れ広め,D
2025-11-01,丸亀,11,2,横田貴満,A1,39.47,2,○,20.8617,49.3,63,69.7,0.1459,3.2727,,,0,低,87,0,-,3211,0,62.4,1.1893,0,0.1333,0,0,0.1,0.1446,0.0435,0.1011,,◎,A,○,,0.583,0.6885,,0.2962,B,59,0,◎○△フォーメーション（15〜20点）,0.5777,"{'is_target': True, 'verdict': '点数絞り', 'max_combo_prob': 0.0802, 'est_top_odds': 16.6, 'circle_concentration': 70.4, 'eligible_count': 9, 'bet_adj': 0, 'reason': 'rel_win1=55.5%（本命度） / 最有力組み合わせ確率: 0.080（推定実オッズ?17倍） / 2着集中度: 上位2艇 70.4%（補正+0.04） / 総合判定確率: 0.120 / → ヒモはやや固め。上位2艇以外を切ること', 'tenji_trigger': '展示確認: 1号艇伸び良→そのまま採用。悪→飛び組に差し替え。circle_pct上位2艇に絞り込むこと。'}",,,33.7,両建て推奨,18.25,29.8,2,,,,,,,,,,,
2025-11-01,丸亀,11,3,今村暢孝,A1,23.68,3,▲,10.1823,21.2,67,80,0.134,3.1,,,0,低,25,1,-,1243,0,65.1,1.3329,,,,,,0.05,0.1583,0.1833,,○,D,△,,0.502,0.669,,0.2962,B,59,0,◎○△フォーメーション（15〜20点）,0.5777,"{'is_target': True, 'verdict': '点数絞り', 'max_combo_prob': 0.0802, 'est_top_odds': 16.6, 'circle_concentration': 70.4, 'eligible_count': 9, 'bet_adj': 0, 'reason': 'rel_win1=55.5%（本命度） / 最有力組み合わせ確率: 0.080（推定実オッズ?17倍） / 2着集中度: 上位2艇 70.4%（補正+0.04） / 総合判定確率: 0.120 / → ヒモはやや固め。上位2艇以外を切ること', 'tenji_trigger': '展示確認: 1号艇伸び良→そのまま採用。悪→飛び組に差し替え。circle_pct上位2艇に絞り込むこと。'}",,,33.7,両建て推奨,18.25,29.8,2,,,,,,,,,,,
2025-11-01,丸亀,11,4,平高奈菜,A1,22.50,4,,7.0239,19.5,90,64.3,0.1775,3.9286,,,0,低,46,0,-,2622,0,56.8,0.7072,0,0.0909,0,0,0,0.2,0,0.1333,,,D,,,0.3136,0.6215,,0.2962,B,59,0,◎○△フォーメーション（15〜20点）,0.5777,"{'is_target': True, 'verdict': '点数絞り', 'max_combo_prob': 0.0802, 'est_top_odds': 16.6, 'circle_concentration': 70.4, 'eligible_count': 9, 'bet_adj': 0, 'reason': 'rel_win1=55.5%（本命度） / 最有力組み合わせ確率: 0.080（推定実オッズ?17倍） / 2着集中度: 上位2艇 70.4%（補正+0.04） / 総合判定確率: 0.120 / → ヒモはやや固め。上位2艇以外を切ること', 'tenji_trigger': '展示確認: 1号艇伸び良→そのまま採用。悪→飛び組に差し替え。circle_pct上位2艇に絞り込むこと。'}",,,33.7,両建て推奨,18.25,29.8,2,,,,,,,,,,,
2025-11-01,丸亀,11,5,山ノ内雅,A2,21.43,5,,4.4725,6.4,100,49.3,0.1504,3.2174,,,0,低,97,0,-,4313,0,29.2,0.7238,0,0,0,0.0541,0,0.1041,0.0432,0.0324,,,E,◎,,0.3966,0.6915,,0.2962,B,59,0,◎○△フォーメーション（15〜20点）,0.5777,"{'is_target': True, 'verdict': '点数絞り', 'max_combo_prob': 0.0802, 'est_top_odds': 16.6, 'circle_concentration': 70.4, 'eligible_count': 9, 'bet_adj': 0, 'reason': 'rel_win1=55.5%（本命度） / 最有力組み合わせ確率: 0.080（推定実オッズ?17倍） / 2着集中度: 上位2艇 70.4%（補正+0.04） / 総合判定確率: 0.120 / → ヒモはやや固め。上位2艇以外を切ること', 'tenji_trigger': '展示確認: 1号艇伸び良→そのまま採用。悪→飛び組に差し替え。circle_pct上位2艇に絞り込むこと。'}",,,33.7,両建て推奨,18.25,29.8,2,,,,,,,,,,,
2025-11-01,丸亀,11,6,池田雄祐,A2,32.43,6,△,1.9289,3.7,84,39.6,0.1491,2.9623,,,0,低,70,0,-,2 33,0,27,1.1622,,,,,,0.0963,0.1259,0.0444,,△,B,△,,0.428,0.667,,0.2962,B,59,0,◎○△フォーメーション（15〜20点）,0.5777,"{'is_target': True, 'verdict': '点数絞り', 'max_combo_prob': 0.0802, 'est_top_odds': 16.6, 'circle_concentration': 70.4, 'eligible_count': 9, 'bet_adj': 0, 'reason': 'rel_win1=55.5%（本命度） / 最有力組み合わせ確率: 0.080（推定実オッズ?17倍） / 2着集中度: 上位2艇 70.4%（補正+0.04） / 総合判定確率: 0.120 / → ヒモはやや固め。上位2艇以外を切ること', 'tenji_trigger': '展示確認: 1号艇伸び良→そのまま採用。悪→飛び組に差し替え。circle_pct上位2艇に絞り込むこと。'}",,,33.7,両建て推奨,18.25,29.8,2,,,,,,,,,,,
2025-11-01,丸亀,12,1,下河誉史,A2,29.73,1,◎,62.1007,,0,85.4,0.1804,3.8232,,,0,低,163,0,-,542,0,98.1,1.4249,0.5366,,,,,0.1585,0.1683,0.0293,△,,C,○,,,0.6355,,0.3155,A,76,0,◎-○軸 3着3〜4艇流し（10〜15点）,0.5777,"{'is_target': True, 'verdict': '参加推奨', 'max_combo_prob': 0.0848, 'est_top_odds': 15.7, 'circle_concentration': 68.8, 'eligible_count': 8, 'bet_adj': 2, 'reason': 'rel_win1=62.1%（本命度） / 最有力組み合わせ確率: 0.085（推定実オッズ?16倍） / 2着集中度: 上位2艇 68.8%（補正+0.00） / 総合判定確率: 0.085 / → ヒモ分散。1号艇1着固定で広めのヒモ流し推奨（買い目+2点）', 'tenji_trigger': '展示確認: ヒモ分散レース。1号艇伸び確認後、広めのヒモ流しを採用。穴ヒモ（5・6号艇）を積極的に含める。\n展示で1号艇スタート遅め(0.180秒)確認→ヒモが荒れやすい'}",,,34.4,逃げ狙い,16.62,33.3,4,2-1-3|1-2-5|1-2-3|1-3-5|1-3-2|1-4-5,5-1-6|5-6-1|6-1-3|2-1-3|5-1-3|6-3-1|5-6-3|1-2-5|1-2-3|1-3-5|1-3-2|1-4-5,2-1-3:2.49%|1-2-5:7.81%|1-2-3:7.19%|1-3-5:6.57%|1-3-2:5.95%|1-4-5:4.47%,2-1-3:B_main|1-2-5:A|1-2-3:A|1-3-5:A|1-3-2:A|1-4-5:A,6,12,0.4535,1,[!]見送り推奨（主役決まり手「差し」― 逃げ劣勢レースで的中実績なし）,荒れ広め,D
2025-11-01,丸亀,12,2,高橋　勲,A2,40.48,2,○,10.1876,36.6,64,55.6,0.1524,2.8611,,,0,低,68,0,-,332,0,57.2,0.8021,0,0.0476,0.0476,0,0,0.1421,0.1421,0.2263,,◎,A,,,0.5838,0.565,,0.3155,A,76,0,◎-○軸 3着3〜4艇流し（10〜15点）,0.5777,"{'is_target': True, 'verdict': '参加推奨', 'max_combo_prob': 0.0848, 'est_top_odds': 15.7, 'circle_concentration': 68.8, 'eligible_count': 8, 'bet_adj': 2, 'reason': 'rel_win1=62.1%（本命度） / 最有力組み合わせ確率: 0.085（推定実オッズ?16倍） / 2着集中度: 上位2艇 68.8%（補正+0.00） / 総合判定確率: 0.085 / → ヒモ分散。1号艇1着固定で広めのヒモ流し推奨（買い目+2点）', 'tenji_trigger': '展示確認: ヒモ分散レース。1号艇伸び確認後、広めのヒモ流しを採用。穴ヒモ（5・6号艇）を積極的に含める。\n展示で1号艇スタート遅め(0.180秒)確認→ヒモが荒れやすい'}",,,34.4,逃げ狙い,16.62,33.3,4,,,,,,,,,,,
2025-11-01,丸亀,12,3,原　豊土,A2,25.00,3,△,9.2193,32.2,100,61.2,0.1461,2.8265,,,0,低,122,0,ま0%,4532,0,44.6,1.1285,0,0,0.0435,0.087,0.0435,0.1711,0,0.0632,,○,D,△,,0.4945,0.6015,,0.3155,A,76,0,◎-○軸 3着3〜4艇流し（10〜15点）,0.5777,"{'is_target': True, 'verdict': '参加推奨', 'max_combo_prob': 0.0848, 'est_top_odds': 15.7, 'circle_concentration': 68.8, 'eligible_count': 8, 'bet_adj': 2, 'reason': 'rel_win1=62.1%（本命度） / 最有力組み合わせ確率: 0.085（推定実オッズ?16倍） / 2着集中度: 上位2艇 68.8%（補正+0.00） / 総合判定確率: 0.085 / → ヒモ分散。1号艇1着固定で広めのヒモ流し推奨（買い目+2点）', 'tenji_trigger': '展示確認: ヒモ分散レース。1号艇伸び確認後、広めのヒモ流しを採用。穴ヒモ（5・6号艇）を積極的に含める。\n展示で1号艇スタート遅め(0.180秒)確認→ヒモが荒れやすい'}",,,34.4,逃げ狙い,16.62,33.3,4,,,,,,,,,,,
2025-11-01,丸亀,12,4,秋田健太,B1,30.77,4,▲,6.6951,14.2,52,27.6,0.1536,3.4483,,,0,低,98,0,-,345,0,23.9,0.6694,,,,,,0.4263,0.1053,0.0211,,,B,△,,0.4413,0.62,,0.3155,A,76,0,◎-○軸 3着3〜4艇流し（10〜15点）,0.5777,"{'is_target': True, 'verdict': '参加推奨', 'max_combo_prob': 0.0848, 'est_top_odds': 15.7, 'circle_concentration': 68.8, 'eligible_count': 8, 'bet_adj': 2, 'reason': 'rel_win1=62.1%（本命度） / 最有力組み合わせ確率: 0.085（推定実オッズ?16倍） / 2着集中度: 上位2艇 68.8%（補正+0.00） / 総合判定確率: 0.085 / → ヒモ分散。1号艇1着固定で広めのヒモ流し推奨（買い目+2点）', 'tenji_trigger': '展示確認: ヒモ分散レース。1号艇伸び確認後、広めのヒモ流しを採用。穴ヒモ（5・6号艇）を積極的に含める。\n展示で1号艇スタート遅め(0.180秒)確認→ヒモが荒れやすい'}",,,34.4,逃げ狙い,16.62,33.3,4,,,,,,,,,,,
2025-11-01,丸亀,12,5,立間充宏,A2,28.57,5,,10.7512,13.8,61,47.7,0.1573,3.3068,,,0,低,88,0,-,3522,0,86.2,1.7067,0,0,0.0476,0.0476,0,0.2727,0.1182,0.0727,,,C,,◎,0.3868,0.5755,0.2381,0.3155,A,76,0,◎-○軸 3着3〜4艇流し（10〜15点）,0.5777,"{'is_target': True, 'verdict': '参加推奨', 'max_combo_prob': 0.0848, 'est_top_odds': 15.7, 'circle_concentration': 68.8, 'eligible_count': 8, 'bet_adj': 2, 'reason': 'rel_win1=62.1%（本命度） / 最有力組み合わせ確率: 0.085（推定実オッズ?16倍） / 2着集中度: 上位2艇 68.8%（補正+0.00） / 総合判定確率: 0.085 / → ヒモ分散。1号艇1着固定で広めのヒモ流し推奨（買い目+2点）', 'tenji_trigger': '展示確認: ヒモ分散レース。1号艇伸び確認後、広めのヒモ流しを採用。穴ヒモ（5・6号艇）を積極的に含める。\n展示で1号艇スタート遅め(0.180秒)確認→ヒモが荒れやすい'}",,,34.4,逃げ狙い,16.62,33.3,4,,,,,,,,,,,
2025-11-01,丸亀,12,6,登玉隼百,A2,11.54,6,,1.0462,3.2,55,31.4,0.1423,3.0714,,,0,低,49,0,-,3 62,0,29.4,1.3011,,,,,,0.0348,0.1696,0.1174,,△,E,◎,,0.4592,0.6475,,0.3155,A,76,0,◎-○軸 3着3〜4艇流し（10〜15点）,0.5777,"{'is_target': True, 'verdict': '参加推奨', 'max_combo_prob': 0.0848, 'est_top_odds': 15.7, 'circle_concentration': 68.8, 'eligible_count': 8, 'bet_adj': 2, 'reason': 'rel_win1=62.1%（本命度） / 最有力組み合わせ確率: 0.085（推定実オッズ?16倍） / 2着集中度: 上位2艇 68.8%（補正+0.00） / 総合判定確率: 0.085 / → ヒモ分散。1号艇1着固定で広めのヒモ流し推奨（買い目+2点）', 'tenji_trigger': '展示確認: ヒモ分散レース。1号艇伸び確認後、広めのヒモ流しを採用。穴ヒモ（5・6号艇）を積極的に含める。\n展示で1号艇スタート遅め(0.180秒)確認→ヒモが荒れやすい'}",,,34.4,逃げ狙い,16.62,33.3,4,,,,,,,,,,,
2025-11-02,丸亀,1,1,渥美卓郎,B1,10.71,1,◎,58.4748,,0,74.1,0.1815,3.1944,,,0,低,188,0,逃0%,6 563,0,80.3,0.9909,0.35,,,,,0.25,0.02,0.25,○,,E,◎,,,0.615,,0.4395,A,67,0,◎-○軸 3着3〜4艇流し（10〜15点）,0.5777,"{'is_target': True, 'verdict': '点数絞り', 'max_combo_prob': 0.0894, 'est_top_odds': 14.9, 'circle_concentration': 71.5, 'eligible_count': 8, 'bet_adj': 0, 'reason': 'rel_win1=58.5%（本命度） / 最有力組み合わせ確率: 0.089（推定実オッズ?15倍） / 2着集中度: 上位2艇 71.5%（補正+0.04） / 総合判定確率: 0.129 / → ヒモはやや固め。上位2艇以外を切ること', 'tenji_trigger': '展示確認: 1号艇伸び良→そのまま採用。悪→飛び組に差し替え。circle_pct上位2艇に絞り込むこと。\n展示で1号艇スタート遅め(0.181秒)確認→ヒモが荒れやすい'}",,,30.8,逃げ狙い,18.43,35.6,4,,,,,0,0,0.6155,0,,逃げ軸流し,A
2025-11-02,丸亀,1,2,渡　修平,B1,38.10,2,○,9.8938,43.3,70,49,0.1937,4.2157,,,0,低,148,0,-,564 35,0,28.8,0.8162,,,,,,0.0235,0.1906,0.1906,,,A,○,,0.243,0.6,,0.4395,A,67,0,◎-○軸 3着3〜4艇流し（10〜15点）,0.5777,"{'is_target': True, 'verdict': '点数絞り', 'max_combo_prob': 0.0894, 'est_top_odds': 14.9, 'circle_concentration': 71.5, 'eligible_count': 8, 'bet_adj': 0, 'reason': 'rel_win1=58.5%（本命度） / 最有力組み合わせ確率: 0.089（推定実オッズ?15倍） / 2着集中度: 上位2艇 71.5%（補正+0.04） / 総合判定確率: 0.129 / → ヒモはやや固め。上位2艇以外を切ること', 'tenji_trigger': '展示確認: 1号艇伸び良→そのまま採用。悪→飛び組に差し替え。circle_pct上位2艇に絞り込むこと。\n展示で1号艇スタート遅め(0.181秒)確認→ヒモが荒れやすい'}",,,30.8,逃げ狙い,18.43,35.6,4,,,,,,,,,,,
2025-11-02,丸亀,1,3,来田衣織,B1,19.23,3,,7.8531,28.3,100,38.1,0.1848,3.75,,,0,低,96,0,-,464 22,0,21,0.74,,,,,,0,0.4,0,,,D,△,,0.3103,0.585,,0.4395,A,67,0,◎-○軸 3着3〜4艇流し（10〜15点）,0.5777,"{'is_target': True, 'verdict': '点数絞り', 'max_combo_prob': 0.0894, 'est_top_odds': 14.9, 'circle_concentration': 71.5, 'eligible_count': 8, 'bet_adj': 0, 'reason': 'rel_win1=58.5%（本命度） / 最有力組み合わせ確率: 0.089（推定実オッズ?15倍） / 2着集中度: 上位2艇 71.5%（補正+0.04） / 総合判定確率: 0.129 / → ヒモはやや固め。上位2艇以外を切ること', 'tenji_trigger': '展示確認: 1号艇伸び良→そのまま採用。悪→飛び組に差し替え。circle_pct上位2艇に絞り込むこと。\n展示で1号艇スタート遅め(0.181秒)確認→ヒモが荒れやすい'}",,,30.8,逃げ狙い,18.43,35.6,4,,,,,,,,,,,
2025-11-02,丸亀,1,4,安達美帆,B1,25.00,4,▲,15.8866,14.4,90,31.2,0.1994,4,,,0,低,49,0,-,6 654,0,53.4,1.0847,,,,,,0.25,0.5,0.25,,,C,,,0.2434,0.53,,0.4395,A,67,0,◎-○軸 3着3〜4艇流し（10〜15点）,0.5777,"{'is_target': True, 'verdict': '点数絞り', 'max_combo_prob': 0.0894, 'est_top_odds': 14.9, 'circle_concentration': 71.5, 'eligible_count': 8, 'bet_adj': 0, 'reason': 'rel_win1=58.5%（本命度） / 最有力組み合わせ確率: 0.089（推定実オッズ?15倍） / 2着集中度: 上位2艇 71.5%（補正+0.04） / 総合判定確率: 0.129 / → ヒモはやや固め。上位2艇以外を切ること', 'tenji_trigger': '展示確認: 1号艇伸び良→そのまま採用。悪→飛び組に差し替え。circle_pct上位2艇に絞り込むこと。\n展示で1号艇スタート遅め(0.181秒)確認→ヒモが荒れやすい'}",,,30.8,逃げ狙い,18.43,35.6,4,,,,,,,,,,,
2025-11-02,丸亀,1,5,日高龍之,B2,22.22,5,△,5.2325,4.8,54,11.1,0.1806,4.2222,,,0,低,49,0,-,6 365,0,41.7,0.7845,,,,,,,,,,,D,,,0.3159,0.529,,0.4395,A,67,0,◎-○軸 3着3〜4艇流し（10〜15点）,0.5777,"{'is_target': True, 'verdict': '点数絞り', 'max_combo_prob': 0.0894, 'est_top_odds': 14.9, 'circle_concentration': 71.5, 'eligible_count': 8, 'bet_adj': 0, 'reason': 'rel_win1=58.5%（本命度） / 最有力組み合わせ確率: 0.089（推定実オッズ?15倍） / 2着集中度: 上位2艇 71.5%（補正+0.04） / 総合判定確率: 0.129 / → ヒモはやや固め。上位2艇以外を切ること', 'tenji_trigger': '展示確認: 1号艇伸び良→そのまま採用。悪→飛び組に差し替え。circle_pct上位2艇に絞り込むこと。\n展示で1号艇スタート遅め(0.181秒)確認→ヒモが荒れやすい'}",,,30.8,逃げ狙い,18.43,35.6,4,,,,,,,,,,,
2025-11-02,丸亀,1,6,田頭虎親,B1,23.33,6,,2.6592,9.3,39,22.2,0.2109,4.5741,,,0,低,121,0,差0%,511 63,0,28.8,0.7931,0,0.0417,0,0,0,0.1,0.375,0.025,,,C,△,,0.1886,0.5945,,0.4395,A,67,0,◎-○軸 3着3〜4艇流し（10〜15点）,0.5777,"{'is_target': True, 'verdict': '点数絞り', 'max_combo_prob': 0.0894, 'est_top_odds': 14.9, 'circle_concentration': 71.5, 'eligible_count': 8, 'bet_adj': 0, 'reason': 'rel_win1=58.5%（本命度） / 最有力組み合わせ確率: 0.089（推定実オッズ?15倍） / 2着集中度: 上位2艇 71.5%（補正+0.04） / 総合判定確率: 0.129 / → ヒモはやや固め。上位2艇以外を切ること', 'tenji_trigger': '展示確認: 1号艇伸び良→そのまま採用。悪→飛び組に差し替え。circle_pct上位2艇に絞り込むこと。\n展示で1号艇スタート遅め(0.181秒)確認→ヒモが荒れやすい'}",,,30.8,逃げ狙い,18.43,35.6,4,,,,,,,,,,,
2025-11-02,丸亀,2,1,秋田健太,B1,30.77,1,◎,52.3867,,0,74.5,0.1388,2.8235,,,0,低,98,0,逃0%,345 45,0,81.4,0.9715,0.3158,,,,,0.4263,0.1053,0.0211,◎,,D,◎,,,0.62,,0.5024,A,68,0,◎-○軸 3着3〜4艇流し（10〜15点）,0.5777,"{'is_target': True, 'verdict': '点数絞り', 'max_combo_prob': 0.0928, 'est_top_odds': 14.4, 'circle_concentration': 80.8, 'eligible_count': 8, 'bet_adj': 0, 'reason': 'rel_win1=52.4%（本命度） / 最有力組み合わせ確率: 0.093（推定実オッズ?14倍） / 2着集中度: 上位2艇 80.8%（補正+0.04） / 総合判定確率: 0.133 / → ヒモはやや固め。上位2艇以外を切ること', 'tenji_trigger': '展示確認: 1号艇伸び良→そのまま採用。悪→飛び組に差し替え。circle_pct上位2艇に絞り込むこと。\n展示で1号艇スタート超安定(0.139秒)→ヒモ固まり方向に注意'}",,,29.7,逃げ狙い,13.31,37,3,,,,,0,0,0.7559,0,,逃げ軸流し,A
2025-11-02,丸亀,2,2,岡部　浩,B1,33.33,2,△,10.3529,39.5,40,37.3,0.1827,3.5254,,,0,低,155,0,-,6 356,0,45.2,0.5772,0,0.0385,0,0,0.0385,0.2311,0.2311,0.0667,,,C,△,,0.121,0.5865,,0.5024,A,68,0,◎-○軸 3着3〜4艇流し（10〜15点）,0.5777,"{'is_target': True, 'verdict': '点数絞り', 'max_combo_prob': 0.0928, 'est_top_odds': 14.4, 'circle_concentration': 80.8, 'eligible_count': 8, 'bet_adj': 0, 'reason': 'rel_win1=52.4%（本命度） / 最有力組み合わせ確率: 0.093（推定実オッズ?14倍） / 2着集中度: 上位2艇 80.8%（補正+0.04） / 総合判定確率: 0.133 / → ヒモはやや固め。上位2艇以外を切ること', 'tenji_trigger': '展示確認: 1号艇伸び良→そのまま採用。悪→飛び組に差し替え。circle_pct上位2艇に絞り込むこと。\n展示で1号艇スタート超安定(0.139秒)→ヒモ固まり方向に注意'}",,,29.7,逃げ狙い,13.31,37,3,,,,,,,,,,,
2025-11-02,丸亀,2,3,高橋　勲,A2,40.48,3,○,21.0358,41.3,100,65,0.1503,3.075,,,0,低,68,0,-,332 63,0,63.4,1.1769,0,0,0,0.1429,0.0357,0.1421,0.1421,0.2263,,,B,,,0.2924,0.565,,0.5024,A,68,0,◎-○軸 3着3〜4艇流し（10〜15点）,0.5777,"{'is_target': True, 'verdict': '点数絞り', 'max_combo_prob': 0.0928, 'est_top_odds': 14.4, 'circle_concentration': 80.8, 'eligible_count': 8, 'bet_adj': 0, 'reason': 'rel_win1=52.4%（本命度） / 最有力組み合わせ確率: 0.093（推定実オッズ?14倍） / 2着集中度: 上位2艇 80.8%（補正+0.04） / 総合判定確率: 0.133 / → ヒモはやや固め。上位2艇以外を切ること', 'tenji_trigger': '展示確認: 1号艇伸び良→そのまま採用。悪→飛び組に差し替え。circle_pct上位2艇に絞り込むこと。\n展示で1号艇スタート超安定(0.139秒)→ヒモ固まり方向に注意'}",,,29.7,逃げ狙い,13.31,37,3,,,,,,,,,,,
2025-11-02,丸亀,2,4,近藤稔也,B1,47.62,4,▲,9.9231,4.2,67,37.9,0.1947,4.0985,,,0,低,180,0,抜0%,526 43,0,43.5,0.9026,0,0,0,0,0.0323,0.368,0.32,0.064,,,A,○,,0.1506,0.609,,0.5024,A,68,0,◎-○軸 3着3〜4艇流し（10〜15点）,0.5777,"{'is_target': True, 'verdict': '点数絞り', 'max_combo_prob': 0.0928, 'est_top_odds': 14.4, 'circle_concentration': 80.8, 'eligible_count': 8, 'bet_adj': 0, 'reason': 'rel_win1=52.4%（本命度） / 最有力組み合わせ確率: 0.093（推定実オッズ?14倍） / 2着集中度: 上位2艇 80.8%（補正+0.04） / 総合判定確率: 0.133 / → ヒモはやや固め。上位2艇以外を切ること', 'tenji_trigger': '展示確認: 1号艇伸び良→そのまま採用。悪→飛び組に差し替え。circle_pct上位2艇に絞り込むこと。\n展示で1号艇スタート超安定(0.139秒)→ヒモ固まり方向に注意'}",,,29.7,逃げ狙い,13.31,37,3,,,,,,,,,,,
2025-11-02,丸亀,2,5,田代達也,B1,32.14,5,,5.0249,14.6,44,29.5,0.1584,3.0114,,,0,低,87,0,-,464 64,0,24.5,0.7895,,,,,,0.0471,0.4412,0.4176,,,D,△,,0.2634,0.604,,0.5024,A,68,0,◎-○軸 3着3〜4艇流し（10〜15点）,0.5777,"{'is_target': True, 'verdict': '点数絞り', 'max_combo_prob': 0.0928, 'est_top_odds': 14.4, 'circle_concentration': 80.8, 'eligible_count': 8, 'bet_adj': 0, 'reason': 'rel_win1=52.4%（本命度） / 最有力組み合わせ確率: 0.093（推定実オッズ?14倍） / 2着集中度: 上位2艇 80.8%（補正+0.04） / 総合判定確率: 0.133 / → ヒモはやや固め。上位2艇以外を切ること', 'tenji_trigger': '展示確認: 1号艇伸び良→そのまま採用。悪→飛び組に差し替え。circle_pct上位2艇に絞り込むこと。\n展示で1号艇スタート超安定(0.139秒)→ヒモ固まり方向に注意'}",,,29.7,逃げ狙い,13.31,37,3,,,,,,,,,,,
2025-11-02,丸亀,2,6,久保田凪,B2,20.00,6,,1.2766,0.4,12,3.2,0.1931,4.4274,,,0,低,37,0,-,645 66,0,42.7,0.8022,,,,,,,,,,,E,,,0.153,0.447,,0.5024,A,68,0,◎-○軸 3着3〜4艇流し（10〜15点）,0.5777,"{'is_target': True, 'verdict': '点数絞り', 'max_combo_prob': 0.0928, 'est_top_odds': 14.4, 'circle_concentration': 80.8, 'eligible_count': 8, 'bet_adj': 0, 'reason': 'rel_win1=52.4%（本命度） / 最有力組み合わせ確率: 0.093（推定実オッズ?14倍） / 2着集中度: 上位2艇 80.8%（補正+0.04） / 総合判定確率: 0.133 / → ヒモはやや固め。上位2艇以外を切ること', 'tenji_trigger': '展示確認: 1号艇伸び良→そのまま採用。悪→飛び組に差し替え。circle_pct上位2艇に絞り込むこと。\n展示で1号艇スタート超安定(0.139秒)→ヒモ固まり方向に注意'}",,,29.7,逃げ狙い,13.31,37,3,,,,,,,,,,,
2025-11-02,丸亀,3,1,齋藤真之,B1,17.24,1,◎,49.0208,,0,79.1,0.1349,2.5116,,,0,低,145,0,逃1%,6 555,0,73.6,1.0059,0.6471,,,,,0.0588,0.1176,0.1176,◎,,E,△,,,0.594,,0.4949,B,54,0,◎○△フォーメーション（15〜20点）,0.5777,"{'is_target': True, 'verdict': '参加推奨', 'max_combo_prob': 0.0686, 'est_top_odds': 19.4, 'circle_concentration': 69.0, 'eligible_count': 9, 'bet_adj': 2, 'reason': 'rel_win1=49.0%（本命度） / 最有力組み合わせ確率: 0.069（推定実オッズ?19倍） / 2着集中度: 上位2艇 69.0%（補正+0.00） / 総合判定確率: 0.069 / → ヒモ分散。1号艇1着固定で広めのヒモ流し推奨（買い目+2点）', 'tenji_trigger': '展示確認: ヒモ分散レース。1号艇伸び確認後、広めのヒモ流しを採用。穴ヒモ（5・6号艇）を積極的に含める。\n展示で1号艇スタート超安定(0.135秒)→ヒモ固まり方向に注意'}",,,27.4,両建て推奨,15.96,28,2,,,,,0,0,0.7559,0,,逃げ軸流し,A
2025-11-02,丸亀,3,2,立間充宏,A2,28.57,2,△,15.6869,39.6,68,52.9,0.1618,3.3235,,,0,低,88,0,-,352242,0,36.4,0.9321,,,,,,0.2727,0.1182,0.0727,,,B,,,0.0775,0.5755,,0.4949,B,54,0,◎○△フォーメーション（15〜20点）,0.5777,"{'is_target': True, 'verdict': '参加推奨', 'max_combo_prob': 0.0686, 'est_top_odds': 19.4, 'circle_concentration': 69.0, 'eligible_count': 9, 'bet_adj': 2, 'reason': 'rel_win1=49.0%（本命度） / 最有力組み合わせ確率: 0.069（推定実オッズ?19倍） / 2着集中度: 上位2艇 69.0%（補正+0.00） / 総合判定確率: 0.069 / → ヒモ分散。1号艇1着固定で広めのヒモ流し推奨（買い目+2点）', 'tenji_trigger': '展示確認: ヒモ分散レース。1号艇伸び確認後、広めのヒモ流しを採用。穴ヒモ（5・6号艇）を積極的に含める。\n展示で1号艇スタート超安定(0.135秒)→ヒモ固まり方向に注意'}",,,27.4,両建て推奨,15.96,28,2,,,,,,,,,,,
2025-11-02,丸亀,3,3,西村美智,B2,28.00,3,○,13.7152,29.4,80,63.6,0.12,2.3636,,,0,低,25,1,ま0%,2 631,0,54.7,1.2358,0,0,0.1667,0,0,0.1111,0.1111,0.1111,,◎,C,○,,0.3895,0.6285,,0.4949,B,54,0,◎○△フォーメーション（15〜20点）,0.5777,"{'is_target': True, 'verdict': '参加推奨', 'max_combo_prob': 0.0686, 'est_top_odds': 19.4, 'circle_concentration': 69.0, 'eligible_count': 9, 'bet_adj': 2, 'reason': 'rel_win1=49.0%（本命度） / 最有力組み合わせ確率: 0.069（推定実オッズ?19倍） / 2着集中度: 上位2艇 69.0%（補正+0.00） / 総合判定確率: 0.069 / → ヒモ分散。1号艇1着固定で広めのヒモ流し推奨（買い目+2点）', 'tenji_trigger': '展示確認: ヒモ分散レース。1号艇伸び確認後、広めのヒモ流しを採用。穴ヒモ（5・6号艇）を積極的に含める。\n展示で1号艇スタート超安定(0.135秒)→ヒモ固まり方向に注意'}",,,27.4,両建て推奨,15.96,28,2,,,,,,,,,,,
2025-11-02,丸亀,3,4,小野寺智,B1,26.67,4,,11.9564,18.6,100,57.7,0.1388,3.0096,,,0,低,79,0,差ま0%,1 662,0,87.9,1.5368,0,0,0.0476,0.0952,0,0.1217,0.0174,0.3096,,,C,△,◎,0.2815,0.6185,0.3675,0.4949,B,54,0,◎○△フォーメーション（15〜20点）,0.5777,"{'is_target': True, 'verdict': '参加推奨', 'max_combo_prob': 0.0686, 'est_top_odds': 19.4, 'circle_concentration': 69.0, 'eligible_count': 9, 'bet_adj': 2, 'reason': 'rel_win1=49.0%（本命度） / 最有力組み合わせ確率: 0.069（推定実オッズ?19倍） / 2着集中度: 上位2艇 69.0%（補正+0.00） / 総合判定確率: 0.069 / → ヒモ分散。1号艇1着固定で広めのヒモ流し推奨（買い目+2点）', 'tenji_trigger': '展示確認: ヒモ分散レース。1号艇伸び確認後、広めのヒモ流しを採用。穴ヒモ（5・6号艇）を積極的に含める。\n展示で1号艇スタート超安定(0.135秒)→ヒモ固まり方向に注意'}",,,27.4,両建て推奨,15.96,28,2,,,,,,,,,,,
2025-11-02,丸亀,3,5,今村暢孝,A1,23.68,5,,8.3962,11,72,,,,,,0,低,25,1,-,124333,0,,,,,,,,,,,,,D,◎,○,0.3116,0.669,0.15,0.4949,B,54,0,◎○△フォーメーション（15〜20点）,0.5777,"{'is_target': True, 'verdict': '参加推奨', 'max_combo_prob': 0.0686, 'est_top_odds': 19.4, 'circle_concentration': 69.0, 'eligible_count': 9, 'bet_adj': 2, 'reason': 'rel_win1=49.0%（本命度） / 最有力組み合わせ確率: 0.069（推定実オッズ?19倍） / 2着集中度: 上位2艇 69.0%（補正+0.00） / 総合判定確率: 0.069 / → ヒモ分散。1号艇1着固定で広めのヒモ流し推奨（買い目+2点）', 'tenji_trigger': '展示確認: ヒモ分散レース。1号艇伸び確認後、広めのヒモ流しを採用。穴ヒモ（5・6号艇）を積極的に含める。\n展示で1号艇スタート超安定(0.135秒)→ヒモ固まり方向に注意'}",,,27.4,両建て推奨,15.96,28,2,,,,,,,,,,,
2025-11-02,丸亀,3,6,近藤友宝,B1,30.56,6,▲,1.2246,1.4,31,10.2,0.1606,3.3163,,,0,低,119,0,-,554 2,0,26.2,0.7711,,,,,,0.2889,0.2111,0.1667,,,B,,,0.2282,0.5765,,0.4949,B,54,0,◎○△フォーメーション（15〜20点）,0.5777,"{'is_target': True, 'verdict': '参加推奨', 'max_combo_prob': 0.0686, 'est_top_odds': 19.4, 'circle_concentration': 69.0, 'eligible_count': 9, 'bet_adj': 2, 'reason': 'rel_win1=49.0%（本命度） / 最有力組み合わせ確率: 0.069（推定実オッズ?19倍） / 2着集中度: 上位2艇 69.0%（補正+0.00） / 総合判定確率: 0.069 / → ヒモ分散。1号艇1着固定で広めのヒモ流し推奨（買い目+2点）', 'tenji_trigger': '展示確認: ヒモ分散レース。1号艇伸び確認後、広めのヒモ流しを採用。穴ヒモ（5・6号艇）を積極的に含める。\n展示で1号艇スタート超安定(0.135秒)→ヒモ固まり方向に注意'}",,,27.4,両建て推奨,15.96,28,2,,,,,,,,,,,
2025-11-02,丸亀,4,1,小林孝弘,B1,28.21,1,◎,37.6024,,0,74,0.1568,2.91,,,0,低,119,0,逃0%,4 344,0,75.5,0.9091,0.3333,,,,,0.0762,0.2262,0.2071,○,,B,△,,,0.632,,0.3936,C,40,0,荒れ傾向。高配当狙いか見送り,0.5777,"{'is_target': False, 'verdict': '対象外', 'max_combo_prob': None, 'est_top_odds': None, 'circle_concentration': None, 'eligible_count': 0, 'bet_adj': 0, 'reason': '1号艇rel_win1 < 45%: 通常判定に委ねる', 'tenji_trigger': ''}",,,31,両建て推奨,22.72,32.6,2,,,,,0,0,0.6155,0,,主役軸流し,B
2025-11-02,丸亀,4,2,津田裕絵,B1,25.00,2,△,19.6734,40.9,100,75.8,0.2006,4.1667,,,0,低,108,0,差0%,261 55,0,69.9,1.2828,0,0.2143,0,0,0,0,0.46,0,,,D,,,0.112,0.596,,0.3936,C,40,0,荒れ傾向。高配当狙いか見送り,0.5777,"{'is_target': False, 'verdict': '対象外', 'max_combo_prob': None, 'est_top_odds': None, 'circle_concentration': None, 'eligible_count': 0, 'bet_adj': 0, 'reason': '1号艇rel_win1 < 45%: 通常判定に委ねる', 'tenji_trigger': ''}",,,31,両建て推奨,22.72,32.6,2,,,,,,,,,,,
2025-11-02,丸亀,4,3,山崎昂介,B1,27.03,3,▲,13.0188,30.8,86,56.5,0.169,3.587,,,0,低,138,0,-,121464,0,18.9,0.5865,0,0,0.1154,0.0385,0.0385,0.0444,0.0667,0.2844,,,C,○,,0.2609,0.64,,0.3936,C,40,0,荒れ傾向。高配当狙いか見送り,0.5777,"{'is_target': False, 'verdict': '対象外', 'max_combo_prob': None, 'est_top_odds': None, 'circle_concentration': None, 'eligible_count': 0, 'bet_adj': 0, 'reason': '1号艇rel_win1 < 45%: 通常判定に委ねる', 'tenji_trigger': ''}",,,31,両建て推奨,22.72,32.6,2,,,,,,,,,,,
2025-11-02,丸亀,4,4,桑原　啓,B1,31.25,4,○,11.1888,13.7,83,47,0.1577,3.3258,,,0,低,104,0,-,251 54,0,47.5,0.7921,0,0,0.1,0,0,0.3,0.22,0.18,,,B,◎,○,0.3336,0.6545,0.3084,0.3936,C,40,0,荒れ傾向。高配当狙いか見送り,0.5777,"{'is_target': False, 'verdict': '対象外', 'max_combo_prob': None, 'est_top_odds': None, 'circle_concentration': None, 'eligible_count': 0, 'bet_adj': 0, 'reason': '1号艇rel_win1 < 45%: 通常判定に委ねる', 'tenji_trigger': ''}",,,31,両建て推奨,22.72,32.6,2,,,,,,,,,,,
2025-11-02,丸亀,4,5,平高奈菜,A1,22.50,5,,17.4858,12.4,86,66.7,0.1447,2.9667,,,0,低,46,0,-,262236,0,80.1,1.2414,0,0,0,0.1429,0,0.2,0,0.1333,,,D,△,◎,0.3792,0.6215,0.4843,0.3936,C,40,0,荒れ傾向。高配当狙いか見送り,0.5777,"{'is_target': False, 'verdict': '対象外', 'max_combo_prob': None, 'est_top_odds': None, 'circle_concentration': None, 'eligible_count': 0, 'bet_adj': 0, 'reason': '1号艇rel_win1 < 45%: 通常判定に委ねる', 'tenji_trigger': ''}",,,31,両建て推奨,22.72,32.6,2,,,,,,,,,,,
2025-11-02,丸亀,4,6,原　豊土,A2,25.00,6,,1.0308,2.2,44,25,0.2094,4.8333,,,0,低,122,0,-,453221,0,43.1,0.9933,,,,,,0.1711,0,0.0632,,,D,,,0.1771,0.6015,,0.3936,C,40,0,荒れ傾向。高配当狙いか見送り,0.5777,"{'is_target': False, 'verdict': '対象外', 'max_combo_prob': None, 'est_top_odds': None, 'circle_concentration': None, 'eligible_count': 0, 'bet_adj': 0, 'reason': '1号艇rel_win1 < 45%: 通常判定に委ねる', 'tenji_trigger': ''}",,,31,両建て推奨,22.72,32.6,2,,,,,,,,,,,
2025-11-02,丸亀,5,1,野中義生,B1,25.93,1,◎,40.4856,,0,54.2,0.1829,3.6875,,,0,低,79,0,逃0%,433 55,0,42.9,0.7159,0.25,,,,,0.06,0.46,0.36,△,,C,△,,,0.6175,,0.2159,D,25,1,大荒れ。見送り推奨,0.5777,"{'is_target': False, 'verdict': '対象外', 'max_combo_prob': None, 'est_top_odds': None, 'circle_concentration': None, 'eligible_count': 0, 'bet_adj': 0, 'reason': '1号艇rel_win1 < 45%: 通常判定に委ねる', 'tenji_trigger': ''}",,,34.5,両建て推奨,24.64,40.9,3,3-5-4|3-4-5|3-4-6|3-5-6|3-6-4|3-4-2|3-6-5|1-3-4|1-3-2|1-2-3|1-2-4|1-4-3,3-5-4|3-4-5|3-4-6|3-5-6|3-6-4|3-4-2|3-6-5|1-3-4|1-3-2|1-2-3|1-2-4|1-4-3,3-5-4:2.1%|3-4-5:1.88%|3-4-6:1.68%|3-5-6:1.22%|3-6-4:0.69%|3-4-2:0.47%|3-6-5:0.45%|1-3-4:7.61%|1-3-2:6.51%|1-2-3:6.4%|1-2-4:5.13%|1-4-3:4.2%,3-5-4:B_main|3-4-5:B_main|3-4-6:B_main|3-5-6:B_main|3-6-4:B_main|3-4-2:B_main|3-6-5:B_main|1-3-4:A|1-3-2:A|1-2-3:A|1-2-4:A|1-4-3:A,12,12,0.4535,1,[!]見送り推奨（主役決まり手「まくり」― 逃げ劣勢レースで的中実績なし）,主役軸流し,B
2025-11-02,丸亀,5,2,安達美帆,B1,25.00,2,△,8.9275,29.3,91,26.3,0.1821,3.6579,,,0,低,49,0,-,6 654,0,29.8,0.5379,,,,,,0.25,0.5,0.25,,△,C,,,0.3445,0.53,,0.2159,D,25,1,大荒れ。見送り推奨,0.5777,"{'is_target': False, 'verdict': '対象外', 'max_combo_prob': None, 'est_top_odds': None, 'circle_concentration': None, 'eligible_count': 0, 'bet_adj': 0, 'reason': '1号艇rel_win1 < 45%: 通常判定に委ねる', 'tenji_trigger': ''}",,,34.5,両建て推奨,24.64,40.9,3,,,,,,,,,,,
2025-11-02,丸亀,5,3,北野輝季,A1,25.00,3,○,31.5467,51.2,77,80.4,0.1398,2.7283,,,0,低,54,0,ま0% 差ま0% 抜0%,151333,0,92.8,1.8767,0,0,0.2778,0.0556,0.1667,0,0.1722,0.0174,,◎,C,◎,,0.5626,0.698,,0.2159,D,25,1,大荒れ。見送り推奨,0.5777,"{'is_target': False, 'verdict': '対象外', 'max_combo_prob': None, 'est_top_odds': None, 'circle_concentration': None, 'eligible_count': 0, 'bet_adj': 0, 'reason': '1号艇rel_win1 < 45%: 通常判定に委ねる', 'tenji_trigger': ''}",,,34.5,両建て推奨,24.64,40.9,3,,,,,,,,,,,
2025-11-02,丸亀,5,4,岡部　哲,B1,23.08,4,,11.4106,11,100,32.1,0.1821,3.7453,,,0,低,119,0,-,5 551,0,42.9,0.9002,,,,,,0.1762,0.3762,0.2143,,,D,△,,0.378,0.6265,,0.2159,D,25,1,大荒れ。見送り推奨,0.5777,"{'is_target': False, 'verdict': '対象外', 'max_combo_prob': None, 'est_top_odds': None, 'circle_concentration': None, 'eligible_count': 0, 'bet_adj': 0, 'reason': '1号艇rel_win1 < 45%: 通常判定に委ねる', 'tenji_trigger': ''}",,,34.5,両建て推奨,24.64,40.9,3,,,,,,,,,,,
2025-11-02,丸亀,5,5,下河誉史,A2,29.73,5,▲,5.4733,8.1,43,23.3,0.2033,4.3256,,,0,低,163,0,-,542 26,0,20.3,0.7333,,,,,,0.1585,0.1683,0.0293,,,B,○,,0.3141,0.6355,,0.2159,D,25,1,大荒れ。見送り推奨,0.5777,"{'is_target': False, 'verdict': '対象外', 'max_combo_prob': None, 'est_top_odds': None, 'circle_concentration': None, 'eligible_count': 0, 'bet_adj': 0, 'reason': '1号艇rel_win1 < 45%: 通常判定に委ねる', 'tenji_trigger': ''}",,,34.5,両建て推奨,24.64,40.9,3,,,,,,,,,,,
2025-11-02,丸亀,5,6,日高龍之,B2,22.22,6,,2.1564,0.3,15,3.3,0.2102,4.5656,,,0,低,49,0,-,6 365,0,20.3,0.5461,0,0,0,0.0164,0,,,,,,D,,,0.2564,0.529,,0.2159,D,25,1,大荒れ。見送り推奨,0.5777,"{'is_target': False, 'verdict': '対象外', 'max_combo_prob': None, 'est_top_odds': None, 'circle_concentration': None, 'eligible_count': 0, 'bet_adj': 0, 'reason': '1号艇rel_win1 < 45%: 通常判定に委ねる', 'tenji_trigger': ''}",,,34.5,両建て推奨,24.64,40.9,3,,,,,,,,,,,
2025-11-02,丸亀,6,1,山田真聖,B1,27.27,1,◎,62.3776,,0,79,0.1342,2.8553,,,0,低,94,0,逃0%,2 255,0,68.9,1.0566,0.4762,,,,,0.0952,0.1771,0.019,◎,,C,△,,,0.619,,0.5756,S,90,0,◎1着固定 2-3着流し（5〜8点）,0.5777,"{'is_target': True, 'verdict': '参加推奨', 'max_combo_prob': 0.0663, 'est_top_odds': 20.1, 'circle_concentration': 65.3, 'eligible_count': 6, 'bet_adj': 2, 'reason': 'rel_win1=62.4%（本命度） / 最有力組み合わせ確率: 0.066（推定実オッズ?20倍） / 2着集中度: 上位2艇 65.3%（補正+0.00） / 総合判定確率: 0.066 / → ヒモ分散。1号艇1着固定で広めのヒモ流し推奨（買い目+2点）', 'tenji_trigger': '展示確認: ヒモ分散レース。1号艇伸び確認後、広めのヒモ流しを採用。穴ヒモ（5・6号艇）を積極的に含める。\n展示で1号艇スタート超安定(0.134秒)→ヒモ固まり方向に注意'}",,,27.6,逃げ狙い,16.35,28.5,3,,,,,0,0,0.7559,0,,逃げ軸流し,A
2025-11-02,丸亀,6,2,西島義則,A1,11.11,2,△,15.2822,33.5,100,57.9,0.1566,3.4737,,,0,低,49,0,差0% ま0%,442616,0,41.8,0.9828,0,0.0769,0.0769,0,0,0.2106,0.1985,0.0606,,,E,,,0.108,0.5995,,0.5756,S,90,0,◎1着固定 2-3着流し（5〜8点）,0.5777,"{'is_target': True, 'verdict': '参加推奨', 'max_combo_prob': 0.0663, 'est_top_odds': 20.1, 'circle_concentration': 65.3, 'eligible_count': 6, 'bet_adj': 2, 'reason': 'rel_win1=62.4%（本命度） / 最有力組み合わせ確率: 0.066（推定実オッズ?20倍） / 2着集中度: 上位2艇 65.3%（補正+0.00） / 総合判定確率: 0.066 / → ヒモ分散。1号艇1着固定で広めのヒモ流し推奨（買い目+2点）', 'tenji_trigger': '展示確認: ヒモ分散レース。1号艇伸び確認後、広めのヒモ流しを採用。穴ヒモ（5・6号艇）を積極的に含める。\n展示で1号艇スタート超安定(0.134秒)→ヒモ固まり方向に注意'}",,,27.6,逃げ狙い,16.35,28.5,3,,,,,,,,,,,
2025-11-02,丸亀,6,3,秋田健太,B1,30.77,3,▲,9.8756,31.8,42,30,0.146,3.3286,,,0,低,98,0,-,345 45,0,76.1,0.7204,,,,,,0.4263,0.1053,0.0211,,,C,○,,0.2743,0.62,,0.5756,S,90,0,◎1着固定 2-3着流し（5〜8点）,0.5777,"{'is_target': True, 'verdict': '参加推奨', 'max_combo_prob': 0.0663, 'est_top_odds': 20.1, 'circle_concentration': 65.3, 'eligible_count': 6, 'bet_adj': 2, 'reason': 'rel_win1=62.4%（本命度） / 最有力組み合わせ確率: 0.066（推定実オッズ?20倍） / 2着集中度: 上位2艇 65.3%（補正+0.00） / 総合判定確率: 0.066 / → ヒモ分散。1号艇1着固定で広めのヒモ流し推奨（買い目+2点）', 'tenji_trigger': '展示確認: ヒモ分散レース。1号艇伸び確認後、広めのヒモ流しを採用。穴ヒモ（5・6号艇）を積極的に含める。\n展示で1号艇スタート超安定(0.134秒)→ヒモ固まり方向に注意'}",,,27.6,逃げ狙い,16.35,28.5,3,,,,,,,,,,,
2025-11-02,丸亀,6,4,渥美卓郎,B1,10.71,4,,6.2919,8.1,69,26.7,0.1823,3.8733,,,0,低,188,0,-,6 563,0,22.2,0.6526,,,,,,0.25,0.02,0.25,,,E,△,,0.1616,0.615,,0.5756,S,90,0,◎1着固定 2-3着流し（5〜8点）,0.5777,"{'is_target': True, 'verdict': '参加推奨', 'max_combo_prob': 0.0663, 'est_top_odds': 20.1, 'circle_concentration': 65.3, 'eligible_count': 6, 'bet_adj': 2, 'reason': 'rel_win1=62.4%（本命度） / 最有力組み合わせ確率: 0.066（推定実オッズ?20倍） / 2着集中度: 上位2艇 65.3%（補正+0.00） / 総合判定確率: 0.066 / → ヒモ分散。1号艇1着固定で広めのヒモ流し推奨（買い目+2点）', 'tenji_trigger': '展示確認: ヒモ分散レース。1号艇伸び確認後、広めのヒモ流しを採用。穴ヒモ（5・6号艇）を積極的に含める。\n展示で1号艇スタート超安定(0.134秒)→ヒモ固まり方向に注意'}",,,27.6,逃げ狙い,16.35,28.5,3,,,,,,,,,,,
2025-11-02,丸亀,6,5,近藤稔也,B1,47.62,5,○,3.5227,21.1,73,31.1,0.1813,3.7541,,,0,低,180,0,-,526 43,0,100,2.2607,,,,,,0.368,0.32,0.064,,,A,,,0.1867,0.609,,0.5756,S,90,0,◎1着固定 2-3着流し（5〜8点）,0.5777,"{'is_target': True, 'verdict': '参加推奨', 'max_combo_prob': 0.0663, 'est_top_odds': 20.1, 'circle_concentration': 65.3, 'eligible_count': 6, 'bet_adj': 2, 'reason': 'rel_win1=62.4%（本命度） / 最有力組み合わせ確率: 0.066（推定実オッズ?20倍） / 2着集中度: 上位2艇 65.3%（補正+0.00） / 総合判定確率: 0.066 / → ヒモ分散。1号艇1着固定で広めのヒモ流し推奨（買い目+2点）', 'tenji_trigger': '展示確認: ヒモ分散レース。1号艇伸び確認後、広めのヒモ流しを採用。穴ヒモ（5・6号艇）を積極的に含める。\n展示で1号艇スタート超安定(0.134秒)→ヒモ固まり方向に注意'}",,,27.6,逃げ狙い,16.35,28.5,3,,,,,,,,,,,
2025-11-02,丸亀,6,6,高濱芳久,A2,31.71,6,,2.65,5.5,57,42.9,0.1843,2.8571,,,0,低,114,1,-,35452,0,27.7,1.6736,,,,,,0.0485,0.1485,0.1485,,,B,◎,,0.1772,0.6335,,0.5756,S,90,0,◎1着固定 2-3着流し（5〜8点）,0.5777,"{'is_target': True, 'verdict': '参加推奨', 'max_combo_prob': 0.0663, 'est_top_odds': 20.1, 'circle_concentration': 65.3, 'eligible_count': 6, 'bet_adj': 2, 'reason': 'rel_win1=62.4%（本命度） / 最有力組み合わせ確率: 0.066（推定実オッズ?20倍） / 2着集中度: 上位2艇 65.3%（補正+0.00） / 総合判定確率: 0.066 / → ヒモ分散。1号艇1着固定で広めのヒモ流し推奨（買い目+2点）', 'tenji_trigger': '展示確認: ヒモ分散レース。1号艇伸び確認後、広めのヒモ流しを採用。穴ヒモ（5・6号艇）を積極的に含める。\n展示で1号艇スタート超安定(0.134秒)→ヒモ固まり方向に注意'}",,,27.6,逃げ狙い,16.35,28.5,3,,,,,,,,,,,
2025-11-02,丸亀,7,1,登玉隼百,A2,11.54,1,◎,65.001,,0,88.1,0.145,2.8452,,,0,低,49,0,逃1%,3 6234,0,89.2,1.1606,0.6522,,,,,0.0348,0.1696,0.1174,◎,,E,○,,,0.6475,,0.5994,S,100,0,◎1着固定 2-3着流し（5〜8点）,0.5777,"{'is_target': True, 'verdict': '点数絞り', 'max_combo_prob': 0.1173, 'est_top_odds': 11.4, 'circle_concentration': 75.6, 'eligible_count': 6, 'bet_adj': 0, 'reason': 'rel_win1=65.0%（本命度） / 最有力組み合わせ確率: 0.117（推定実オッズ?11倍） / 2着集中度: 上位2艇 75.6%（補正+0.04） / 総合判定確率: 0.157 / → ヒモはやや固め。上位2艇以外を切ること', 'tenji_trigger': '展示確認: 1号艇伸び良→そのまま採用。悪→飛び組に差し替え。circle_pct上位2艇に絞り込むこと。'}",,,26,逃げ狙い,12.65,27.1,3,,,,,0,0,0.7559,0,,逃げ軸流し,A
2025-11-02,丸亀,7,2,今村暢孝,A1,23.68,2,○,10.2123,54.2,100,55.3,0.1511,3.2128,,,0,低,25,0,-,124333,0,50.9,1.0647,0,0.04,0,0,0,0.05,0.1583,0.1833,,,C,◎,,0.2464,0.669,,0.5994,S,100,0,◎1着固定 2-3着流し（5〜8点）,0.5777,"{'is_target': True, 'verdict': '点数絞り', 'max_combo_prob': 0.1173, 'est_top_odds': 11.4, 'circle_concentration': 75.6, 'eligible_count': 6, 'bet_adj': 0, 'reason': 'rel_win1=65.0%（本命度） / 最有力組み合わせ確率: 0.117（推定実オッズ?11倍） / 2着集中度: 上位2艇 75.6%（補正+0.04） / 総合判定確率: 0.157 / → ヒモはやや固め。上位2艇以外を切ること', 'tenji_trigger': '展示確認: 1号艇伸び良→そのまま採用。悪→飛び組に差し替え。circle_pct上位2艇に絞り込むこと。'}",,,26,逃げ狙い,12.65,27.1,3,,,,,,,,,,,
2025-11-02,丸亀,7,3,谷口佳蓮,B1,21.43,3,▲,12.8138,21.5,83,33.3,0.1462,3,,,0,低,45,0,-,1 4416,0,62.5,1.3317,0,0,0.0625,0.0625,0,0.1091,0,0.2727,,,C,,,0.2898,0.5715,,0.5994,S,100,0,◎1着固定 2-3着流し（5〜8点）,0.5777,"{'is_target': True, 'verdict': '点数絞り', 'max_combo_prob': 0.1173, 'est_top_odds': 11.4, 'circle_concentration': 75.6, 'eligible_count': 6, 'bet_adj': 0, 'reason': 'rel_win1=65.0%（本命度） / 最有力組み合わせ確率: 0.117（推定実オッズ?11倍） / 2着集中度: 上位2艇 75.6%（補正+0.04） / 総合判定確率: 0.157 / → ヒモはやや固め。上位2艇以外を切ること', 'tenji_trigger': '展示確認: 1号艇伸び良→そのまま採用。悪→飛び組に差し替え。circle_pct上位2艇に絞り込むこと。'}",,,26,逃げ狙い,12.65,27.1,3,,,,,,,,,,,
2025-11-02,丸亀,7,4,岡部　浩,B1,33.33,4,△,6.5642,10.2,55,23.8,0.1897,4.1984,,,0,低,155,0,-,6 356,0,35,0.8979,,,,,,0.2311,0.2311,0.0667,,,A,△,,0.1384,0.5865,,0.5994,S,100,0,◎1着固定 2-3着流し（5〜8点）,0.5777,"{'is_target': True, 'verdict': '点数絞り', 'max_combo_prob': 0.1173, 'est_top_odds': 11.4, 'circle_concentration': 75.6, 'eligible_count': 6, 'bet_adj': 0, 'reason': 'rel_win1=65.0%（本命度） / 最有力組み合わせ確率: 0.117（推定実オッズ?11倍） / 2着集中度: 上位2艇 75.6%（補正+0.04） / 総合判定確率: 0.157 / → ヒモはやや固め。上位2艇以外を切ること', 'tenji_trigger': '展示確認: 1号艇伸び良→そのまま採用。悪→飛び組に差し替え。circle_pct上位2艇に絞り込むこと。'}",,,26,逃げ狙い,12.65,27.1,3,,,,,,,,,,,
2025-11-02,丸亀,7,5,来田衣織,B1,19.23,5,,4.2728,11.3,65,20,0.1705,3.475,,,0,低,96,0,-,464 22,0,31,0.7298,,,,,,0,0.4,0,,,D,,,0.2289,0.585,,0.5994,S,100,0,◎1着固定 2-3着流し（5〜8点）,0.5777,"{'is_target': True, 'verdict': '点数絞り', 'max_combo_prob': 0.1173, 'est_top_odds': 11.4, 'circle_concentration': 75.6, 'eligible_count': 6, 'bet_adj': 0, 'reason': 'rel_win1=65.0%（本命度） / 最有力組み合わせ確率: 0.117（推定実オッズ?11倍） / 2着集中度: 上位2艇 75.6%（補正+0.04） / 総合判定確率: 0.157 / → ヒモはやや固め。上位2艇以外を切ること', 'tenji_trigger': '展示確認: 1号艇伸び良→そのまま採用。悪→飛び組に差し替え。circle_pct上位2艇に絞り込むこと。'}",,,26,逃げ狙い,12.65,27.1,3,,,,,,,,,,,
2025-11-02,丸亀,7,6,齋藤真之,B1,17.24,6,,1.1359,2.9,46,8.3,0.1965,4.5,,,0,低,145,0,-,6 555,0,24.3,0.6572,,,,,,0.0588,0.1176,0.1176,,,D,△,,0.1461,0.594,,0.5994,S,100,0,◎1着固定 2-3着流し（5〜8点）,0.5777,"{'is_target': True, 'verdict': '点数絞り', 'max_combo_prob': 0.1173, 'est_top_odds': 11.4, 'circle_concentration': 75.6, 'eligible_count': 6, 'bet_adj': 0, 'reason': 'rel_win1=65.0%（本命度） / 最有力組み合わせ確率: 0.117（推定実オッズ?11倍） / 2着集中度: 上位2艇 75.6%（補正+0.04） / 総合判定確率: 0.157 / → ヒモはやや固め。上位2艇以外を切ること', 'tenji_trigger': '展示確認: 1号艇伸び良→そのまま採用。悪→飛び組に差し替え。circle_pct上位2艇に絞り込むこと。'}",,,26,逃げ狙い,12.65,27.1,3,,,,,,,,,,,
2025-11-02,丸亀,8,1,佐々木康,A2,24.14,1,◎,68.422,,0,94.5,0.1079,1.8904,,,0,低,37,0,逃1%,142525,0,84.3,1.2399,0.7333,,,,,0.1017,0.04,0.04,◎,,D,◎,,,0.668,,0.7973,S,100,0,◎1着固定 2-3着流し（5〜8点）,0.5777,"{'is_target': True, 'verdict': '点数絞り', 'max_combo_prob': 0.0915, 'est_top_odds': 14.6, 'circle_concentration': 76.8, 'eligible_count': 6, 'bet_adj': 0, 'reason': 'rel_win1=68.4%（本命度） / 最有力組み合わせ確率: 0.092（推定実オッズ?15倍） / 2着集中度: 上位2艇 76.8%（補正+0.04） / 総合判定確率: 0.132 / → ヒモはやや固め。上位2艇以外を切ること', 'tenji_trigger': '展示確認: 1号艇伸び良→そのまま採用。悪→飛び組に差し替え。circle_pct上位2艇に絞り込むこと。\n展示で1号艇スタート超安定(0.108秒)→ヒモ固まり方向に注意'}",,,26.2,逃げ狙い,16.2,24.6,2,,,,,0,0,0.7559,0,,逃げ軸流し,A
2025-11-02,丸亀,8,2,平高奈菜,A1,22.50,2,,13.7618,41.3,93,75,0.1575,3.1875,,,0,低,46,0,-,262236,0,58.8,1.2752,0,0.1667,0,0,0,0.2,0,0.1333,,,E,△,,0.0888,0.6215,,0.7973,S,100,0,◎1着固定 2-3着流し（5〜8点）,0.5777,"{'is_target': True, 'verdict': '点数絞り', 'max_combo_prob': 0.0915, 'est_top_odds': 14.6, 'circle_concentration': 76.8, 'eligible_count': 6, 'bet_adj': 0, 'reason': 'rel_win1=68.4%（本命度） / 最有力組み合わせ確率: 0.092（推定実オッズ?15倍） / 2着集中度: 上位2艇 76.8%（補正+0.04） / 総合判定確率: 0.132 / → ヒモはやや固め。上位2艇以外を切ること', 'tenji_trigger': '展示確認: 1号艇伸び良→そのまま採用。悪→飛び組に差し替え。circle_pct上位2艇に絞り込むこと。\n展示で1号艇スタート超安定(0.108秒)→ヒモ固まり方向に注意'}",,,26.2,逃げ狙い,16.2,24.6,2,,,,,,,,,,,
2025-11-02,丸亀,8,3,小野寺智,B1,26.67,3,▲,6.8938,35.4,100,75,0.1383,2.5865,,,0,低,79,0,ま0%,1 662,0,39.5,0.7962,0,0,0.0455,0.0455,0,0.1217,0.0174,0.3096,,,D,△,,0.1325,0.6185,,0.7973,S,100,0,◎1着固定 2-3着流し（5〜8点）,0.5777,"{'is_target': True, 'verdict': '点数絞り', 'max_combo_prob': 0.0915, 'est_top_odds': 14.6, 'circle_concentration': 76.8, 'eligible_count': 6, 'bet_adj': 0, 'reason': 'rel_win1=68.4%（本命度） / 最有力組み合わせ確率: 0.092（推定実オッズ?15倍） / 2着集中度: 上位2艇 76.8%（補正+0.04） / 総合判定確率: 0.132 / → ヒモはやや固め。上位2艇以外を切ること', 'tenji_trigger': '展示確認: 1号艇伸び良→そのまま採用。悪→飛び組に差し替え。circle_pct上位2艇に絞り込むこと。\n展示で1号艇スタート超安定(0.108秒)→ヒモ固まり方向に注意'}",,,26.2,逃げ狙い,16.2,24.6,2,,,,,,,,,,,
2025-11-02,丸亀,8,4,高橋　勲,A2,40.48,4,○,8.1088,10.2,90,49.1,0.1438,2.8868,,,0,低,68,0,差ま0%,332 63,0,99.8,1.9679,0,0.0455,0.0455,0.0909,0,0.1421,0.1421,0.2263,,,A,,◎,0.1588,0.565,0.4486,0.7973,S,100,0,◎1着固定 2-3着流し（5〜8点）,0.5777,"{'is_target': True, 'verdict': '点数絞り', 'max_combo_prob': 0.0915, 'est_top_odds': 14.6, 'circle_concentration': 76.8, 'eligible_count': 6, 'bet_adj': 0, 'reason': 'rel_win1=68.4%（本命度） / 最有力組み合わせ確率: 0.092（推定実オッズ?15倍） / 2着集中度: 上位2艇 76.8%（補正+0.04） / 総合判定確率: 0.132 / → ヒモはやや固め。上位2艇以外を切ること', 'tenji_trigger': '展示確認: 1号艇伸び良→そのまま採用。悪→飛び組に差し替え。circle_pct上位2艇に絞り込むこと。\n展示で1号艇スタート超安定(0.108秒)→ヒモ固まり方向に注意'}",,,26.2,逃げ狙い,16.2,24.6,2,,,,,,,,,,,
2025-11-02,丸亀,8,5,渡　修平,B1,38.10,5,△,1.8318,12.6,63,30.2,0.1964,4.4245,,,0,低,148,0,-,564 35,0,27.7,0.7048,,,,,,0.0235,0.1906,0.1906,,,B,,,0.1368,0.6,,0.7973,S,100,0,◎1着固定 2-3着流し（5〜8点）,0.5777,"{'is_target': True, 'verdict': '点数絞り', 'max_combo_prob': 0.0915, 'est_top_odds': 14.6, 'circle_concentration': 76.8, 'eligible_count': 6, 'bet_adj': 0, 'reason': 'rel_win1=68.4%（本命度） / 最有力組み合わせ確率: 0.092（推定実オッズ?15倍） / 2着集中度: 上位2艇 76.8%（補正+0.04） / 総合判定確率: 0.132 / → ヒモはやや固め。上位2艇以外を切ること', 'tenji_trigger': '展示確認: 1号艇伸び良→そのまま採用。悪→飛び組に差し替え。circle_pct上位2艇に絞り込むこと。\n展示で1号艇スタート超安定(0.108秒)→ヒモ固まり方向に注意'}",,,26.2,逃げ狙い,16.2,24.6,2,,,,,,,,,,,
2025-11-02,丸亀,8,6,小林孝弘,B1,28.21,6,,0.9817,0.4,56,20.8,0.1706,4.283,,,0,低,119,0,-,4 344,0,27.7,0.9658,,,,,,0.0762,0.2262,0.2071,,,C,○,,0.135,0.632,,0.7973,S,100,0,◎1着固定 2-3着流し（5〜8点）,0.5777,"{'is_target': True, 'verdict': '点数絞り', 'max_combo_prob': 0.0915, 'est_top_odds': 14.6, 'circle_concentration': 76.8, 'eligible_count': 6, 'bet_adj': 0, 'reason': 'rel_win1=68.4%（本命度） / 最有力組み合わせ確率: 0.092（推定実オッズ?15倍） / 2着集中度: 上位2艇 76.8%（補正+0.04） / 総合判定確率: 0.132 / → ヒモはやや固め。上位2艇以外を切ること', 'tenji_trigger': '展示確認: 1号艇伸び良→そのまま採用。悪→飛び組に差し替え。circle_pct上位2艇に絞り込むこと。\n展示で1号艇スタート超安定(0.108秒)→ヒモ固まり方向に注意'}",,,26.2,逃げ狙い,16.2,24.6,2,,,,,,,,,,,
2025-11-02,丸亀,9,1,近藤友宝,B1,30.56,1,◎,47.8598,,0,62.2,0.1638,3.1333,,,0,低,119,0,逃0%,554 2,0,67.2,0.8271,0.2222,,,,,0.2889,0.2111,0.1667,△,,B,,,,0.5765,,0.3105,C,43,0,荒れ傾向。高配当狙いか見送り,0.5777,"{'is_target': True, 'verdict': '参加推奨', 'max_combo_prob': 0.074, 'est_top_odds': 18.0, 'circle_concentration': 81.8, 'eligible_count': 6, 'bet_adj': 2, 'reason': 'rel_win1=47.9%（本命度） / 最有力組み合わせ確率: 0.074（推定実オッズ?18倍） / 2着集中度: 上位2艇 81.8%（補正+0.04） / 総合判定確率: 0.114 / → ヒモ分散。1号艇1着固定で広めのヒモ流し推奨（買い目+2点）', 'tenji_trigger': '展示確認: ヒモ分散レース。1号艇伸び確認後、広めのヒモ流しを採用。穴ヒモ（5・6号艇）を積極的に含める。'}",,,31.5,両建て推奨,16.97,39,2,3-1-5|3-1-4|1-2-3|1-2-5|1-3-5|1-3-2|1-4-3,6-1-2|5-1-2|6-2-1|3-1-5|5-1-6|3-1-4|5-2-1|1-2-3|1-2-5|1-3-5|1-3-2|1-4-3,3-1-5:1.94%|3-1-4:1.74%|1-2-3:6.56%|1-2-5:6.03%|1-3-5:5.66%|1-3-2:5.55%|1-4-3:2.89%,3-1-5:B_main|3-1-4:B_main|1-2-3:A|1-2-5:A|1-3-5:A|1-3-2:A|1-4-3:A,7,12,0.4535,1,[!]見送り推奨（主役決まり手「まくり差し」― 逃げ劣勢レースで的中実績なし）,荒れ広め,D
2025-11-02,丸亀,9,2,下河誉史,A2,29.73,2,▲,23.1728,43.6,100,77,0.1679,3.9344,,,0,低,163,0,差0%,542 26,0,35,0.7891,0,0.1852,0.037,0,0,0.1585,0.1683,0.0293,,○,C,◎,,0.3425,0.6355,,0.3105,C,43,0,荒れ傾向。高配当狙いか見送り,0.5777,"{'is_target': True, 'verdict': '参加推奨', 'max_combo_prob': 0.074, 'est_top_odds': 18.0, 'circle_concentration': 81.8, 'eligible_count': 6, 'bet_adj': 2, 'reason': 'rel_win1=47.9%（本命度） / 最有力組み合わせ確率: 0.074（推定実オッズ?18倍） / 2着集中度: 上位2艇 81.8%（補正+0.04） / 総合判定確率: 0.114 / → ヒモ分散。1号艇1着固定で広めのヒモ流し推奨（買い目+2点）', 'tenji_trigger': '展示確認: ヒモ分散レース。1号艇伸び確認後、広めのヒモ流しを採用。穴ヒモ（5・6号艇）を積極的に含める。'}",,,31.5,両建て推奨,16.97,39,2,,,,,,,,,,,
2025-11-02,丸亀,9,3,原　豊土,A2,25.00,3,△,12.4098,38.3,92,61.2,0.1461,2.8265,,,0,低,122,0,ま0%,453221,0,71,1.2144,0,0,0.0435,0.087,0.0435,0.1711,0,0.0632,,◎,D,,,0.4181,0.6015,,0.3105,C,43,0,荒れ傾向。高配当狙いか見送り,0.5777,"{'is_target': True, 'verdict': '参加推奨', 'max_combo_prob': 0.074, 'est_top_odds': 18.0, 'circle_concentration': 81.8, 'eligible_count': 6, 'bet_adj': 2, 'reason': 'rel_win1=47.9%（本命度） / 最有力組み合わせ確率: 0.074（推定実オッズ?18倍） / 2着集中度: 上位2艇 81.8%（補正+0.04） / 総合判定確率: 0.114 / → ヒモ分散。1号艇1着固定で広めのヒモ流し推奨（買い目+2点）', 'tenji_trigger': '展示確認: ヒモ分散レース。1号艇伸び確認後、広めのヒモ流しを採用。穴ヒモ（5・6号艇）を積極的に含める。'}",,,31.5,両建て推奨,16.97,39,2,,,,,,,,,,,
2025-11-02,丸亀,9,4,田代達也,B1,32.14,4,○,6.2823,6.4,91,30.6,0.161,2.8673,,,0,低,87,0,ま0% 差ま0%,464 64,0,23.9,0.6711,0,0,0.037,0.037,0,0.0471,0.4412,0.4176,,,B,△,,0.3284,0.604,,0.3105,C,43,0,荒れ傾向。高配当狙いか見送り,0.5777,"{'is_target': True, 'verdict': '参加推奨', 'max_combo_prob': 0.074, 'est_top_odds': 18.0, 'circle_concentration': 81.8, 'eligible_count': 6, 'bet_adj': 2, 'reason': 'rel_win1=47.9%（本命度） / 最有力組み合わせ確率: 0.074（推定実オッズ?18倍） / 2着集中度: 上位2艇 81.8%（補正+0.04） / 総合判定確率: 0.114 / → ヒモ分散。1号艇1着固定で広めのヒモ流し推奨（買い目+2点）', 'tenji_trigger': '展示確認: ヒモ分散レース。1号艇伸び確認後、広めのヒモ流しを採用。穴ヒモ（5・6号艇）を積極的に含める。'}",,,31.5,両建て推奨,16.97,39,2,,,,,,,,,,,
2025-11-02,丸亀,9,5,西村美智,B2,28.00,5,,7.0109,9.4,52,33.3,0.1647,2.6,,,0,低,25,0,-,2 631,0,77.2,1.1345,,,,,,0.1111,0.1111,0.1111,,,C,○,,0.342,0.6285,,0.3105,C,43,0,荒れ傾向。高配当狙いか見送り,0.5777,"{'is_target': True, 'verdict': '参加推奨', 'max_combo_prob': 0.074, 'est_top_odds': 18.0, 'circle_concentration': 81.8, 'eligible_count': 6, 'bet_adj': 2, 'reason': 'rel_win1=47.9%（本命度） / 最有力組み合わせ確率: 0.074（推定実オッズ?18倍） / 2着集中度: 上位2艇 81.8%（補正+0.04） / 総合判定確率: 0.114 / → ヒモ分散。1号艇1着固定で広めのヒモ流し推奨（買い目+2点）', 'tenji_trigger': '展示確認: ヒモ分散レース。1号艇伸び確認後、広めのヒモ流しを採用。穴ヒモ（5・6号艇）を積極的に含める。'}",,,31.5,両建て推奨,16.97,39,2,,,,,,,,,,,
2025-11-02,丸亀,9,6,岡部　哲,B1,23.08,6,,3.2643,2.4,24,15.2,0.193,4.1522,,,0,低,119,0,差ま0%,5 551,0,28.4,0.7922,0,0,0,0.0526,0,0.1762,0.3762,0.2143,,,E,△,,0.2224,0.6265,,0.3105,C,43,0,荒れ傾向。高配当狙いか見送り,0.5777,"{'is_target': True, 'verdict': '参加推奨', 'max_combo_prob': 0.074, 'est_top_odds': 18.0, 'circle_concentration': 81.8, 'eligible_count': 6, 'bet_adj': 2, 'reason': 'rel_win1=47.9%（本命度） / 最有力組み合わせ確率: 0.074（推定実オッズ?18倍） / 2着集中度: 上位2艇 81.8%（補正+0.04） / 総合判定確率: 0.114 / → ヒモ分散。1号艇1着固定で広めのヒモ流し推奨（買い目+2点）', 'tenji_trigger': '展示確認: ヒモ分散レース。1号艇伸び確認後、広めのヒモ流しを採用。穴ヒモ（5・6号艇）を積極的に含める。'}",,,31.5,両建て推奨,16.97,39,2,,,,,,,,,,,
2025-11-02,丸亀,10,1,田頭虎親,B1,23.33,1,◎,60.6743,,0,83.3,0.1733,3.4792,,,0,低,121,0,逃1%,511 63,0,67.6,0.9849,0.4375,,,,,0.1,0.375,0.025,○,,D,,,,0.5945,,0.4145,A,66,0,◎-○軸 3着3〜4艇流し（10〜15点）,0.5777,"{'is_target': True, 'verdict': '参加推奨', 'max_combo_prob': 0.072, 'est_top_odds': 18.5, 'circle_concentration': 65.4, 'eligible_count': 8, 'bet_adj': 2, 'reason': 'rel_win1=60.7%（本命度） / 最有力組み合わせ確率: 0.072（推定実オッズ?18倍） / 2着集中度: 上位2艇 65.4%（補正+0.00） / 総合判定確率: 0.072 / → ヒモ分散。1号艇1着固定で広めのヒモ流し推奨（買い目+2点）', 'tenji_trigger': '展示確認: ヒモ分散レース。1号艇伸び確認後、広めのヒモ流しを採用。穴ヒモ（5・6号艇）を積極的に含める。'}",,,30.6,逃げ狙い,18.66,35.1,3,,,,,0,0,0.6155,0,,逃げ軸流し,A
2025-11-02,丸亀,10,2,山崎昂介,B1,27.03,2,△,12.0241,36.3,60,53.6,0.1819,4.0507,,,0,低,138,0,-,121464,0,16,0.5212,0,0.0714,0,0,0,0.0444,0.0667,0.2844,,,B,◎,,0.2292,0.64,,0.4145,A,66,0,◎-○軸 3着3〜4艇流し（10〜15点）,0.5777,"{'is_target': True, 'verdict': '参加推奨', 'max_combo_prob': 0.072, 'est_top_odds': 18.5, 'circle_concentration': 65.4, 'eligible_count': 8, 'bet_adj': 2, 'reason': 'rel_win1=60.7%（本命度） / 最有力組み合わせ確率: 0.072（推定実オッズ?18倍） / 2着集中度: 上位2艇 65.4%（補正+0.00） / 総合判定確率: 0.072 / → ヒモ分散。1号艇1着固定で広めのヒモ流し推奨（買い目+2点）', 'tenji_trigger': '展示確認: ヒモ分散レース。1号艇伸び確認後、広めのヒモ流しを採用。穴ヒモ（5・6号艇）を積極的に含める。'}",,,30.6,逃げ狙い,18.66,35.1,3,,,,,,,,,,,
2025-11-02,丸亀,10,3,津田裕絵,B1,25.00,3,,6.4042,29.1,88,51.6,0.16,3.7097,,,0,低,108,0,差0%,261 55,0,63.7,0.8763,0,0.125,0,0,0,0,0.46,0,,○,C,△,,0.3685,0.596,,0.4145,A,66,0,◎-○軸 3着3〜4艇流し（10〜15点）,0.5777,"{'is_target': True, 'verdict': '参加推奨', 'max_combo_prob': 0.072, 'est_top_odds': 18.5, 'circle_concentration': 65.4, 'eligible_count': 8, 'bet_adj': 2, 'reason': 'rel_win1=60.7%（本命度） / 最有力組み合わせ確率: 0.072（推定実オッズ?18倍） / 2着集中度: 上位2艇 65.4%（補正+0.00） / 総合判定確率: 0.072 / → ヒモ分散。1号艇1着固定で広めのヒモ流し推奨（買い目+2点）', 'tenji_trigger': '展示確認: ヒモ分散レース。1号艇伸び確認後、広めのヒモ流しを採用。穴ヒモ（5・6号艇）を積極的に含める。'}",,,30.6,逃げ狙い,18.66,35.1,3,,,,,,,,,,,
2025-11-02,丸亀,10,4,西島義則,A1,11.11,4,,8.14,13.9,100,100,0.26,4,,,0,低,49,1,-,442616,0,69.8,1.7021,,,,,,0.2106,0.1985,0.0606,,,E,△,,0.1363,0.5995,,0.4145,A,66,0,◎-○軸 3着3〜4艇流し（10〜15点）,0.5777,"{'is_target': True, 'verdict': '参加推奨', 'max_combo_prob': 0.072, 'est_top_odds': 18.5, 'circle_concentration': 65.4, 'eligible_count': 8, 'bet_adj': 2, 'reason': 'rel_win1=60.7%（本命度） / 最有力組み合わせ確率: 0.072（推定実オッズ?18倍） / 2着集中度: 上位2艇 65.4%（補正+0.00） / 総合判定確率: 0.072 / → ヒモ分散。1号艇1着固定で広めのヒモ流し推奨（買い目+2点）', 'tenji_trigger': '展示確認: ヒモ分散レース。1号艇伸び確認後、広めのヒモ流しを採用。穴ヒモ（5・6号艇）を積極的に含める。'}",,,30.6,逃げ狙い,18.66,35.1,3,,,,,,,,,,,
2025-11-02,丸亀,10,5,立間充宏,A2,28.57,5,○,11.0104,15.1,62,47.7,0.1573,3.3068,,,0,低,88,0,-,352242,0,92.4,1.6993,0,0,0.0476,0.0476,0,0.2727,0.1182,0.0727,,,B,,◎,0.339,0.5755,0.3753,0.4145,A,66,0,◎-○軸 3着3〜4艇流し（10〜15点）,0.5777,"{'is_target': True, 'verdict': '参加推奨', 'max_combo_prob': 0.072, 'est_top_odds': 18.5, 'circle_concentration': 65.4, 'eligible_count': 8, 'bet_adj': 2, 'reason': 'rel_win1=60.7%（本命度） / 最有力組み合わせ確率: 0.072（推定実オッズ?18倍） / 2着集中度: 上位2艇 65.4%（補正+0.00） / 総合判定確率: 0.072 / → ヒモ分散。1号艇1着固定で広めのヒモ流し推奨（買い目+2点）', 'tenji_trigger': '展示確認: ヒモ分散レース。1号艇伸び確認後、広めのヒモ流しを採用。穴ヒモ（5・6号艇）を積極的に含める。'}",,,30.6,逃げ狙い,18.66,35.1,3,,,,,,,,,,,
2025-11-02,丸亀,10,6,野中義生,B1,25.93,6,▲,1.7469,5.6,56,32.6,0.1182,2.4898,,,0,低,79,0,-,433 55,0,38.9,1.28,,,,,,0.06,0.46,0.36,,◎,C,○,,0.4877,0.6175,,0.4145,A,66,0,◎-○軸 3着3〜4艇流し（10〜15点）,0.5777,"{'is_target': True, 'verdict': '参加推奨', 'max_combo_prob': 0.072, 'est_top_odds': 18.5, 'circle_concentration': 65.4, 'eligible_count': 8, 'bet_adj': 2, 'reason': 'rel_win1=60.7%（本命度） / 最有力組み合わせ確率: 0.072（推定実オッズ?18倍） / 2着集中度: 上位2艇 65.4%（補正+0.00） / 総合判定確率: 0.072 / → ヒモ分散。1号艇1着固定で広めのヒモ流し推奨（買い目+2点）', 'tenji_trigger': '展示確認: ヒモ分散レース。1号艇伸び確認後、広めのヒモ流しを採用。穴ヒモ（5・6号艇）を積極的に含める。'}",,,30.6,逃げ狙い,18.66,35.1,3,,,,,,,,,,,
2025-11-02,丸亀,11,1,北野輝季,A1,25.00,1,◎,66.2188,,0,93.2,0.1508,3.1441,,,0,低,54,0,逃1%,151333,0,68.4,1.0316,0.7826,,,,,0,0.1722,0.0174,◎,,C,◎,,,0.698,,0.5092,S,100,0,◎1着固定 2-3着流し（5〜8点）,0.5777,"{'is_target': True, 'verdict': '点数絞り', 'max_combo_prob': 0.0854, 'est_top_odds': 15.6, 'circle_concentration': 70.8, 'eligible_count': 6, 'bet_adj': 0, 'reason': 'rel_win1=66.2%（本命度） / 最有力組み合わせ確率: 0.085（推定実オッズ?16倍） / 2着集中度: 上位2艇 70.8%（補正+0.04） / 総合判定確率: 0.125 / → ヒモはやや固め。上位2艇以外を切ること', 'tenji_trigger': '展示確認: 1号艇伸び良→そのまま採用。悪→飛び組に差し替え。circle_pct上位2艇に絞り込むこと。'}",,,25.6,逃げ狙い,12.54,26,3,,,,,0,0,0.7559,0,,逃げ軸流し,A
2025-11-02,丸亀,11,2,桑原　啓,B1,31.25,2,○,11.8294,41.5,100,48.4,0.1613,3.7031,,,0,低,104,0,差0% ま0%,251 54,0,61.4,0.8105,0,0.0333,0.1333,0,0,0.3,0.22,0.18,,,B,△,,0.2147,0.6545,,0.5092,S,100,0,◎1着固定 2-3着流し（5〜8点）,0.5777,"{'is_target': True, 'verdict': '点数絞り', 'max_combo_prob': 0.0854, 'est_top_odds': 15.6, 'circle_concentration': 70.8, 'eligible_count': 6, 'bet_adj': 0, 'reason': 'rel_win1=66.2%（本命度） / 最有力組み合わせ確率: 0.085（推定実オッズ?16倍） / 2着集中度: 上位2艇 70.8%（補正+0.04） / 総合判定確率: 0.125 / → ヒモはやや固め。上位2艇以外を切ること', 'tenji_trigger': '展示確認: 1号艇伸び良→そのまま採用。悪→飛び組に差し替え。circle_pct上位2艇に絞り込むこと。'}",,,25.6,逃げ狙い,12.54,26,3,,,,,,,,,,,
2025-11-02,丸亀,11,3,佐々木康,A2,24.14,3,▲,11.2095,29.3,97,61,0.12,2.2881,,,0,低,37,0,ま0% 差ま0%,142525,0,47.8,1.1588,0,0,0.0323,0.1935,0,0.1017,0.04,0.04,,◎,C,○,,0.4791,0.668,,0.5092,S,100,0,◎1着固定 2-3着流し（5〜8点）,0.5777,"{'is_target': True, 'verdict': '点数絞り', 'max_combo_prob': 0.0854, 'est_top_odds': 15.6, 'circle_concentration': 70.8, 'eligible_count': 6, 'bet_adj': 0, 'reason': 'rel_win1=66.2%（本命度） / 最有力組み合わせ確率: 0.085（推定実オッズ?16倍） / 2着集中度: 上位2艇 70.8%（補正+0.04） / 総合判定確率: 0.125 / → ヒモはやや固め。上位2艇以外を切ること', 'tenji_trigger': '展示確認: 1号艇伸び良→そのまま採用。悪→飛び組に差し替え。circle_pct上位2艇に絞り込むこと。'}",,,25.6,逃げ狙い,12.54,26,3,,,,,,,,,,,
2025-11-02,丸亀,11,4,谷口佳蓮,B1,21.43,4,,5.7359,17,65,10,0.1585,3.1,,,0,低,45,0,-,1 4416,0,22.3,0.6102,0,0,0,0.0769,0,0.1091,0,0.2727,,,D,,,0.2583,0.5715,,0.5092,S,100,0,◎1着固定 2-3着流し（5〜8点）,0.5777,"{'is_target': True, 'verdict': '点数絞り', 'max_combo_prob': 0.0854, 'est_top_odds': 15.6, 'circle_concentration': 70.8, 'eligible_count': 6, 'bet_adj': 0, 'reason': 'rel_win1=66.2%（本命度） / 最有力組み合わせ確率: 0.085（推定実オッズ?16倍） / 2着集中度: 上位2艇 70.8%（補正+0.04） / 総合判定確率: 0.125 / → ヒモはやや固め。上位2艇以外を切ること', 'tenji_trigger': '展示確認: 1号艇伸び良→そのまま採用。悪→飛び組に差し替え。circle_pct上位2艇に絞り込むこと。'}",,,25.6,逃げ狙い,12.54,26,3,,,,,,,,,,,
2025-11-02,丸亀,11,5,山田真聖,B1,27.27,5,△,4.1174,6.8,89,28.8,0.1606,3.5606,,,0,低,94,0,-,2 255,0,97.3,1.8819,0,0,0.027,0.027,0,0.0952,0.1771,0.019,,,B,,,0.2516,0.619,,0.5092,S,100,0,◎1着固定 2-3着流し（5〜8点）,0.5777,"{'is_target': True, 'verdict': '点数絞り', 'max_combo_prob': 0.0854, 'est_top_odds': 15.6, 'circle_concentration': 70.8, 'eligible_count': 6, 'bet_adj': 0, 'reason': 'rel_win1=66.2%（本命度） / 最有力組み合わせ確率: 0.085（推定実オッズ?16倍） / 2着集中度: 上位2艇 70.8%（補正+0.04） / 総合判定確率: 0.125 / → ヒモはやや固め。上位2艇以外を切ること', 'tenji_trigger': '展示確認: 1号艇伸び良→そのまま採用。悪→飛び組に差し替え。circle_pct上位2艇に絞り込むこと。'}",,,25.6,逃げ狙い,12.54,26,3,,,,,,,,,,,
2025-11-02,丸亀,11,6,登玉隼百,A2,11.54,6,,0.889,5.4,61,31.4,0.1423,3.0714,,,0,低,49,0,-,3 6234,0,30.9,1.3544,,,,,,0.0348,0.1696,0.1174,,,E,△,,0.3408,0.6475,,0.5092,S,100,0,◎1着固定 2-3着流し（5〜8点）,0.5777,"{'is_target': True, 'verdict': '点数絞り', 'max_combo_prob': 0.0854, 'est_top_odds': 15.6, 'circle_concentration': 70.8, 'eligible_count': 6, 'bet_adj': 0, 'reason': 'rel_win1=66.2%（本命度） / 最有力組み合わせ確率: 0.085（推定実オッズ?16倍） / 2着集中度: 上位2艇 70.8%（補正+0.04） / 総合判定確率: 0.125 / → ヒモはやや固め。上位2艇以外を切ること', 'tenji_trigger': '展示確認: 1号艇伸び良→そのまま採用。悪→飛び組に差し替え。circle_pct上位2艇に絞り込むこと。'}",,,25.6,逃げ狙い,12.54,26,3,,,,,,,,,,,
2025-11-02,丸亀,12,1,川原祐明,A1,19.44,1,◎,57.7271,,0,90.3,0.1744,3.5565,,,0,低,110,0,逃0% 抜0%,111441,0,90.2,1.2231,0.6897,,,,,0.0276,0.1014,0.0138,○,,D,,,,0.6185,,0.4141,S,88,0,◎1着固定 2-3着流し（5〜8点）,0.5777,"{'is_target': True, 'verdict': '参加推奨', 'max_combo_prob': 0.0699, 'est_top_odds': 19.1, 'circle_concentration': 71.1, 'eligible_count': 6, 'bet_adj': 2, 'reason': 'rel_win1=57.7%（本命度） / 最有力組み合わせ確率: 0.070（推定実オッズ?19倍） / 2着集中度: 上位2艇 71.1%（補正+0.04） / 総合判定確率: 0.110 / → ヒモ分散。1号艇1着固定で広めのヒモ流し推奨（買い目+2点）', 'tenji_trigger': '展示確認: ヒモ分散レース。1号艇伸び確認後、広めのヒモ流しを採用。穴ヒモ（5・6号艇）を積極的に含める。'}",,,32.9,逃げ狙い,20.26,25.9,3,,,,,0,0,0.6155,0,,逃げ軸流し,A
2025-11-02,丸亀,12,2,吉田一郎,A2,14.29,2,,11.3109,45.3,92,72.4,0.1545,2.6983,,,0,低,66,0,-,314 31,0,58.8,0.6724,0,0.0357,0.1071,0,0.0357,0.1221,0.0316,0.1326,,◎,E,,,0.515,0.6245,,0.4141,S,88,0,◎1着固定 2-3着流し（5〜8点）,0.5777,"{'is_target': True, 'verdict': '参加推奨', 'max_combo_prob': 0.0699, 'est_top_odds': 19.1, 'circle_concentration': 71.1, 'eligible_count': 6, 'bet_adj': 2, 'reason': 'rel_win1=57.7%（本命度） / 最有力組み合わせ確率: 0.070（推定実オッズ?19倍） / 2着集中度: 上位2艇 71.1%（補正+0.04） / 総合判定確率: 0.110 / → ヒモ分散。1号艇1着固定で広めのヒモ流し推奨（買い目+2点）', 'tenji_trigger': '展示確認: ヒモ分散レース。1号艇伸び確認後、広めのヒモ流しを採用。穴ヒモ（5・6号艇）を積極的に含める。'}",,,32.9,逃げ狙い,20.26,25.9,3,,,,,,,,,,,
2025-11-02,丸亀,12,3,山ノ内雅,A2,21.43,3,△,13.6783,25.8,100,70.3,0.1506,3.0938,,,0,低,97,0,差0% ま0% 差ま0%,431311,0,62.7,1.3446,0,0.0303,0.0606,0.1818,0,0.1041,0.0432,0.0324,,○,D,◎,,0.4403,0.6915,,0.4141,S,88,0,◎1着固定 2-3着流し（5〜8点）,0.5777,"{'is_target': True, 'verdict': '参加推奨', 'max_combo_prob': 0.0699, 'est_top_odds': 19.1, 'circle_concentration': 71.1, 'eligible_count': 6, 'bet_adj': 2, 'reason': 'rel_win1=57.7%（本命度） / 最有力組み合わせ確率: 0.070（推定実オッズ?19倍） / 2着集中度: 上位2艇 71.1%（補正+0.04） / 総合判定確率: 0.110 / → ヒモ分散。1号艇1着固定で広めのヒモ流し推奨（買い目+2点）', 'tenji_trigger': '展示確認: ヒモ分散レース。1号艇伸び確認後、広めのヒモ流しを採用。穴ヒモ（5・6号艇）を積極的に含める。'}",,,32.9,逃げ狙い,20.26,25.9,3,,,,,,,,,,,
2025-11-02,丸亀,12,4,井本昌也,A1,21.88,4,▲,10.067,21.1,98,63.5,0.1525,2.8462,,,0,低,62,0,ま0%,231142,0,68.7,1.304,0,0,0.1667,0,0,0.2333,0.2667,0.0167,,△,C,△,◎,0.4073,0.6625,0.2931,0.4141,S,88,0,◎1着固定 2-3着流し（5〜8点）,0.5777,"{'is_target': True, 'verdict': '参加推奨', 'max_combo_prob': 0.0699, 'est_top_odds': 19.1, 'circle_concentration': 71.1, 'eligible_count': 6, 'bet_adj': 2, 'reason': 'rel_win1=57.7%（本命度） / 最有力組み合わせ確率: 0.070（推定実オッズ?19倍） / 2着集中度: 上位2艇 71.1%（補正+0.04） / 総合判定確率: 0.110 / → ヒモ分散。1号艇1着固定で広めのヒモ流し推奨（買い目+2点）', 'tenji_trigger': '展示確認: ヒモ分散レース。1号艇伸び確認後、広めのヒモ流しを採用。穴ヒモ（5・6号艇）を積極的に含める。'}",,,32.9,逃げ狙い,20.26,25.9,3,,,,,,,,,,,
2025-11-02,丸亀,12,5,竹田吉行,A2,31.03,5,,5.0726,4.3,77,36,0.1656,3.51,,,0,低,115,0,差ま0%,233612,0,53.9,1.069,0,0,0,0.0476,0,0.0606,0.0825,0.2452,,,B,△,,0.3082,0.63,,0.4141,S,88,0,◎1着固定 2-3着流し（5〜8点）,0.5777,"{'is_target': True, 'verdict': '参加推奨', 'max_combo_prob': 0.0699, 'est_top_odds': 19.1, 'circle_concentration': 71.1, 'eligible_count': 6, 'bet_adj': 2, 'reason': 'rel_win1=57.7%（本命度） / 最有力組み合わせ確率: 0.070（推定実オッズ?19倍） / 2着集中度: 上位2艇 71.1%（補正+0.04） / 総合判定確率: 0.110 / → ヒモ分散。1号艇1着固定で広めのヒモ流し推奨（買い目+2点）', 'tenji_trigger': '展示確認: ヒモ分散レース。1号艇伸び確認後、広めのヒモ流しを採用。穴ヒモ（5・6号艇）を積極的に含める。'}",,,32.9,逃げ狙い,20.26,25.9,3,,,,,,,,,,,
2025-11-02,丸亀,12,6,池田雄祐,A2,32.43,6,○,2.1441,3.5,99,39.6,0.1491,2.9623,,,0,低,70,0,-,2 3314,0,29.8,1.2267,,,,,,0.0963,0.1259,0.0444,,,B,○,,0.394,0.667,,0.4141,S,88,0,◎1着固定 2-3着流し（5〜8点）,0.5777,"{'is_target': True, 'verdict': '参加推奨', 'max_combo_prob': 0.0699, 'est_top_odds': 19.1, 'circle_concentration': 71.1, 'eligible_count': 6, 'bet_adj': 2, 'reason': 'rel_win1=57.7%（本命度） / 最有力組み合わせ確率: 0.070（推定実オッズ?19倍） / 2着集中度: 上位2艇 71.1%（補正+0.04） / 総合判定確率: 0.110 / → ヒモ分散。1号艇1着固定で広めのヒモ流し推奨（買い目+2点）', 'tenji_trigger': '展示確認: ヒモ分散レース。1号艇伸び確認後、広めのヒモ流しを採用。穴ヒモ（5・6号艇）を積極的に含める。'}",,,32.9,逃げ狙い,20.26,25.9,3,,,,,,,,,,,
2025-11-07,丸亀,1,1,中村日向,A1,40.91,1,◎,48.663,,0,91.4,0.1454,2.5714,,,0,低,40,0,逃0%,,0,41,0.9584,0.7692,,,,,0.1538,0.0769,0,◎,,C,○,,,0.645,,0.5399,S,94,0,◎1着固定 2-3着流し（5〜8点）,0.5777,"{'is_target': True, 'verdict': '参加推奨', 'max_combo_prob': 0.0515, 'est_top_odds': 25.9, 'circle_concentration': 59.8, 'eligible_count': 6, 'bet_adj': 2, 'reason': 'rel_win1=48.7%（本命度） / 最有力組み合わせ確率: 0.051（推定実オッズ?26倍） / 2着集中度: 上位2艇 59.8%（補正+0.00） / 総合判定確率: 0.051 / → ヒモ分散。1号艇1着固定で広めのヒモ流し推奨（買い目+2点）', 'tenji_trigger': '展示確認: ヒモ分散レース。1号艇伸び確認後、広めのヒモ流しを採用。穴ヒモ（5・6号艇）を積極的に含める。'}",,,28.8,逃げ狙い,38.59,27.1,4,,,,,0,0,0.7559,0,,逃げ軸流し,A
2025-11-07,丸亀,1,2,海野康志,A1,36.36,2,▲,11.2985,36.1,82,82.3,0.1403,3.2647,,,0,低,38,0,差0%,,0,60,1.5071,0,0.2941,0.0588,0,0.0588,0,0.0387,0.2516,,○,C,,,0.4163,0.6265,,0.5399,S,94,0,◎1着固定 2-3着流し（5〜8点）,0.5777,"{'is_target': True, 'verdict': '参加推奨', 'max_combo_prob': 0.0515, 'est_top_odds': 25.9, 'circle_concentration': 59.8, 'eligible_count': 6, 'bet_adj': 2, 'reason': 'rel_win1=48.7%（本命度） / 最有力組み合わせ確率: 0.051（推定実オッズ?26倍） / 2着集中度: 上位2艇 59.8%（補正+0.00） / 総合判定確率: 0.051 / → ヒモ分散。1号艇1着固定で広めのヒモ流し推奨（買い目+2点）', 'tenji_trigger': '展示確認: ヒモ分散レース。1号艇伸び確認後、広めのヒモ流しを採用。穴ヒモ（5・6号艇）を積極的に含める。'}",,,28.8,逃げ狙い,38.59,27.1,4,,,,,,,,,,,
2025-11-07,丸亀,1,3,濱崎直矢,A1,50.00,3,○,14.4586,19.2,100,73.6,0.1075,1.9623,,,0,低,95,0,差0% ま0% 差ま0%,,0,40.9,1.4154,0,0.0625,0.3125,0.0625,0,0.0148,0.1444,0.1148,,◎,A,,,0.5169,0.632,,0.5399,S,94,0,◎1着固定 2-3着流し（5〜8点）,0.5777,"{'is_target': True, 'verdict': '参加推奨', 'max_combo_prob': 0.0515, 'est_top_odds': 25.9, 'circle_concentration': 59.8, 'eligible_count': 6, 'bet_adj': 2, 'reason': 'rel_win1=48.7%（本命度） / 最有力組み合わせ確率: 0.051（推定実オッズ?26倍） / 2着集中度: 上位2艇 59.8%（補正+0.00） / 総合判定確率: 0.051 / → ヒモ分散。1号艇1着固定で広めのヒモ流し推奨（買い目+2点）', 'tenji_trigger': '展示確認: ヒモ分散レース。1号艇伸び確認後、広めのヒモ流しを採用。穴ヒモ（5・6号艇）を積極的に含める。'}",,,28.8,逃げ狙い,38.59,27.1,4,,,,,,,,,,,
2025-11-07,丸亀,1,4,仲谷颯仁,A1,33.33,4,,11.771,23.8,71,79.3,0.1728,3.5862,,,0,低,60,0,-,,0,67.3,1.593,,,,,,0,0.1818,0.2727,,,D,△,○,0.1987,0.6445,0.2023,0.5399,S,94,0,◎1着固定 2-3着流し（5〜8点）,0.5777,"{'is_target': True, 'verdict': '参加推奨', 'max_combo_prob': 0.0515, 'est_top_odds': 25.9, 'circle_concentration': 59.8, 'eligible_count': 6, 'bet_adj': 2, 'reason': 'rel_win1=48.7%（本命度） / 最有力組み合わせ確率: 0.051（推定実オッズ?26倍） / 2着集中度: 上位2艇 59.8%（補正+0.00） / 総合判定確率: 0.051 / → ヒモ分散。1号艇1着固定で広めのヒモ流し推奨（買い目+2点）', 'tenji_trigger': '展示確認: ヒモ分散レース。1号艇伸び確認後、広めのヒモ流しを採用。穴ヒモ（5・6号艇）を積極的に含める。'}",,,28.8,逃げ狙い,38.59,27.1,4,,,,,,,,,,,
2025-11-07,丸亀,1,5,永井彪也,A1,27.78,5,,9.5274,14.8,99,67.7,0.1174,2.5968,,,0,低,28,0,差0% 差ま0%,,0,98.1,1.9576,0,0.0714,0,0.1429,0,0,0,0.2762,,,E,◎,◎,0.3915,0.7025,0.5426,0.5399,S,94,0,◎1着固定 2-3着流し（5〜8点）,0.5777,"{'is_target': True, 'verdict': '参加推奨', 'max_combo_prob': 0.0515, 'est_top_odds': 25.9, 'circle_concentration': 59.8, 'eligible_count': 6, 'bet_adj': 2, 'reason': 'rel_win1=48.7%（本命度） / 最有力組み合わせ確率: 0.051（推定実オッズ?26倍） / 2着集中度: 上位2艇 59.8%（補正+0.00） / 総合判定確率: 0.051 / → ヒモ分散。1号艇1着固定で広めのヒモ流し推奨（買い目+2点）', 'tenji_trigger': '展示確認: ヒモ分散レース。1号艇伸び確認後、広めのヒモ流しを採用。穴ヒモ（5・6号艇）を積極的に含める。'}",,,28.8,逃げ狙い,38.59,27.1,4,,,,,,,,,,,
2025-11-07,丸亀,1,6,小池修平,A1,44.44,6,△,4.2815,6.2,71,56.2,0.1644,3.1719,,,0,低,45,0,差0%,,0,100,2.2133,0,0.0588,0,0,0,0.1793,0.0148,0.0296,,,B,△,,0.2234,0.6405,,0.5399,S,94,0,◎1着固定 2-3着流し（5〜8点）,0.5777,"{'is_target': True, 'verdict': '参加推奨', 'max_combo_prob': 0.0515, 'est_top_odds': 25.9, 'circle_concentration': 59.8, 'eligible_count': 6, 'bet_adj': 2, 'reason': 'rel_win1=48.7%（本命度） / 最有力組み合わせ確率: 0.051（推定実オッズ?26倍） / 2着集中度: 上位2艇 59.8%（補正+0.00） / 総合判定確率: 0.051 / → ヒモ分散。1号艇1着固定で広めのヒモ流し推奨（買い目+2点）', 'tenji_trigger': '展示確認: ヒモ分散レース。1号艇伸び確認後、広めのヒモ流しを採用。穴ヒモ（5・6号艇）を積極的に含める。'}",,,28.8,逃げ狙い,38.59,27.1,4,,,,,,,,,,,
2025-11-07,丸亀,2,1,藤原啓史,A1,35.48,1,◎,48.4181,,0,100,0.1257,2.5755,,,0,低,29,0,逃1%,,0,79.2,1.2193,0.875,,,,,0.0167,0,0.2333,◎,,B,△,,,0.685,,0.6976,S,85,0,◎1着固定 2-3着流し（5〜8点）,0.5777,"{'is_target': True, 'verdict': '参加推奨', 'max_combo_prob': 0.049, 'est_top_odds': 27.2, 'circle_concentration': 67.6, 'eligible_count': 6, 'bet_adj': 2, 'reason': 'rel_win1=48.4%（本命度） / 最有力組み合わせ確率: 0.049（推定実オッズ?27倍） / 2着集中度: 上位2艇 67.6%（補正+0.00） / 総合判定確率: 0.049 / → ヒモ分散。1号艇1着固定で広めのヒモ流し推奨（買い目+2点）', 'tenji_trigger': '展示確認: ヒモ分散レース。1号艇伸び確認後、広めのヒモ流しを採用。穴ヒモ（5・6号艇）を積極的に含める。\n展示で1号艇スタート超安定(0.126秒)→ヒモ固まり方向に注意'}",,,30.6,逃げ狙い,32.06,23.5,4,,,,,0,0,0.7559,0,,逃げ軸流し,A
2025-11-07,丸亀,2,2,赤岩善生,A1,43.90,2,○,15.2635,34.8,85,75.5,0.1634,3.9717,,,0,低,38,0,差0% ま0% 抜0%,,0,82.4,1.2274,0,0.2174,0.087,0,0.0435,0.0229,0.1207,0.0571,,,A,○,,0.097,0.691,,0.6976,S,85,0,◎1着固定 2-3着流し（5〜8点）,0.5777,"{'is_target': True, 'verdict': '参加推奨', 'max_combo_prob': 0.049, 'est_top_odds': 27.2, 'circle_concentration': 67.6, 'eligible_count': 6, 'bet_adj': 2, 'reason': 'rel_win1=48.4%（本命度） / 最有力組み合わせ確率: 0.049（推定実オッズ?27倍） / 2着集中度: 上位2艇 67.6%（補正+0.00） / 総合判定確率: 0.049 / → ヒモ分散。1号艇1着固定で広めのヒモ流し推奨（買い目+2点）', 'tenji_trigger': '展示確認: ヒモ分散レース。1号艇伸び確認後、広めのヒモ流しを採用。穴ヒモ（5・6号艇）を積極的に含める。\n展示で1号艇スタート超安定(0.126秒)→ヒモ固まり方向に注意'}",,,30.6,逃げ狙い,32.06,23.5,4,,,,,,,,,,,
2025-11-07,丸亀,2,3,中村晃朋,A1,29.73,3,△,14.6058,32.8,100,85.7,0.1346,2.7143,,,0,低,56,0,差0% ま0% 差ま0%,,0,32.7,1.0994,0,0.0769,0.1538,0.0769,0.0769,0.1745,0,0.1564,,,D,,,0.2661,0.678,,0.6976,S,85,0,◎1着固定 2-3着流し（5〜8点）,0.5777,"{'is_target': True, 'verdict': '参加推奨', 'max_combo_prob': 0.049, 'est_top_odds': 27.2, 'circle_concentration': 67.6, 'eligible_count': 6, 'bet_adj': 2, 'reason': 'rel_win1=48.4%（本命度） / 最有力組み合わせ確率: 0.049（推定実オッズ?27倍） / 2着集中度: 上位2艇 67.6%（補正+0.00） / 総合判定確率: 0.049 / → ヒモ分散。1号艇1着固定で広めのヒモ流し推奨（買い目+2点）', 'tenji_trigger': '展示確認: ヒモ分散レース。1号艇伸び確認後、広めのヒモ流しを採用。穴ヒモ（5・6号艇）を積極的に含める。\n展示で1号艇スタート超安定(0.126秒)→ヒモ固まり方向に注意'}",,,30.6,逃げ狙い,32.06,23.5,4,,,,,,,,,,,
2025-11-07,丸亀,2,4,大上卓人,A1,27.03,4,▲,13.5609,18.4,95,72.2,0.1239,2.6389,,,0,低,42,0,差0% 抜0%,,0,71.8,1.5617,0,0.0667,0,0,0.0667,0.0556,0.0556,0,,,E,◎,◎,0.2912,0.697,0.384,0.6976,S,85,0,◎1着固定 2-3着流し（5〜8点）,0.5777,"{'is_target': True, 'verdict': '参加推奨', 'max_combo_prob': 0.049, 'est_top_odds': 27.2, 'circle_concentration': 67.6, 'eligible_count': 6, 'bet_adj': 2, 'reason': 'rel_win1=48.4%（本命度） / 最有力組み合わせ確率: 0.049（推定実オッズ?27倍） / 2着集中度: 上位2艇 67.6%（補正+0.00） / 総合判定確率: 0.049 / → ヒモ分散。1号艇1着固定で広めのヒモ流し推奨（買い目+2点）', 'tenji_trigger': '展示確認: ヒモ分散レース。1号艇伸び確認後、広めのヒモ流しを採用。穴ヒモ（5・6号艇）を積極的に含める。\n展示で1号艇スタート超安定(0.126秒)→ヒモ固まり方向に注意'}",,,30.6,逃げ狙い,32.06,23.5,4,,,,,,,,,,,
2025-11-07,丸亀,2,5,塩田北斗,A1,30.95,5,,6.7935,11.3,91,62.5,0.1465,2.6625,,,0,低,50,0,ま0%,,0,46.5,1.716,0,0,0.0833,0,0,0,0.0435,0.0435,,,C,,○,0.2345,0.6745,0.2182,0.6976,S,85,0,◎1着固定 2-3着流し（5〜8点）,0.5777,"{'is_target': True, 'verdict': '参加推奨', 'max_combo_prob': 0.049, 'est_top_odds': 27.2, 'circle_concentration': 67.6, 'eligible_count': 6, 'bet_adj': 2, 'reason': 'rel_win1=48.4%（本命度） / 最有力組み合わせ確率: 0.049（推定実オッズ?27倍） / 2着集中度: 上位2艇 67.6%（補正+0.00） / 総合判定確率: 0.049 / → ヒモ分散。1号艇1着固定で広めのヒモ流し推奨（買い目+2点）', 'tenji_trigger': '展示確認: ヒモ分散レース。1号艇伸び確認後、広めのヒモ流しを採用。穴ヒモ（5・6号艇）を積極的に含める。\n展示で1号艇スタート超安定(0.126秒)→ヒモ固まり方向に注意'}",,,30.6,逃げ狙い,32.06,23.5,4,,,,,,,,,,,
2025-11-07,丸亀,2,6,宮地元輝,A1,29.79,6,,1.3583,2.7,58,75,0.135,1.375,,,0,低,13,1,-,,0,100,2.7228,,,,,,0,0,0.1667,,,D,△,,0.282,0.6895,,0.6976,S,85,0,◎1着固定 2-3着流し（5〜8点）,0.5777,"{'is_target': True, 'verdict': '参加推奨', 'max_combo_prob': 0.049, 'est_top_odds': 27.2, 'circle_concentration': 67.6, 'eligible_count': 6, 'bet_adj': 2, 'reason': 'rel_win1=48.4%（本命度） / 最有力組み合わせ確率: 0.049（推定実オッズ?27倍） / 2着集中度: 上位2艇 67.6%（補正+0.00） / 総合判定確率: 0.049 / → ヒモ分散。1号艇1着固定で広めのヒモ流し推奨（買い目+2点）', 'tenji_trigger': '展示確認: ヒモ分散レース。1号艇伸び確認後、広めのヒモ流しを採用。穴ヒモ（5・6号艇）を積極的に含める。\n展示で1号艇スタート超安定(0.126秒)→ヒモ固まり方向に注意'}",,,30.6,逃げ狙い,32.06,23.5,4,,,,,,,,,,,
2025-11-07,丸亀,3,1,長田頼宗,A1,27.78,1,◎,39.8767,,0,97.3,0.1414,2.7027,,,0,低,43,0,逃1%,,0,69.9,1.1584,0.9444,,,,,0,0,0,◎,,E,○,,,0.6725,,0.5832,A,65,0,◎-○軸 3着3〜4艇流し（10〜15点）,0.5777,"{'is_target': False, 'verdict': '対象外', 'max_combo_prob': None, 'est_top_odds': None, 'circle_concentration': None, 'eligible_count': 0, 'bet_adj': 0, 'reason': '1号艇rel_win1 < 45%: 通常判定に委ねる', 'tenji_trigger': ''}",,,32.7,逃げ狙い,42.2,20.7,3,,,,,0,0,0.7559,0,,逃げ軸流し,A
2025-11-07,丸亀,3,2,小坂尚哉,A1,38.78,2,▲,11.3848,50,100,85.5,0.1493,2.7364,,,0,低,81,0,差0% ま0%,,0,100,1.1697,0,0.0833,0.125,0,0,0.0488,0.0488,0.0976,,,B,△,,0.2447,0.657,,0.5832,A,65,0,◎-○軸 3着3〜4艇流し（10〜15点）,0.5777,"{'is_target': False, 'verdict': '対象外', 'max_combo_prob': None, 'est_top_odds': None, 'circle_concentration': None, 'eligible_count': 0, 'bet_adj': 0, 'reason': '1号艇rel_win1 < 45%: 通常判定に委ねる', 'tenji_trigger': ''}",,,32.7,逃げ狙い,42.2,20.7,3,,,,,,,,,,,
2025-11-07,丸亀,3,3,関　浩哉,A1,35.00,3,,16.7537,17.3,79,85.7,0.1764,3.5714,,,0,低,34,1,ま0% 差ま0%,,0,57.9,1.6177,0,0,0.3333,0.3333,0,,,,,,D,,,0.2156,0.6435,,0.5832,A,65,0,◎-○軸 3着3〜4艇流し（10〜15点）,0.5777,"{'is_target': False, 'verdict': '対象外', 'max_combo_prob': None, 'est_top_odds': None, 'circle_concentration': None, 'eligible_count': 0, 'bet_adj': 0, 'reason': '1号艇rel_win1 < 45%: 通常判定に委ねる', 'tenji_trigger': ''}",,,32.7,逃げ狙い,42.2,20.7,3,,,,,,,,,,,
2025-11-07,丸亀,3,4,澤田尚也,A1,35.14,4,△,13.48,17.3,95,67.7,0.1468,3.1324,,,0,低,41,0,差0% ま0% 抜0%,,0,62.3,1.4804,0,0.1176,0.1176,0,0.0588,0,0.237,0.0174,,,C,△,○,0.279,0.668,0.3474,0.5832,A,65,0,◎-○軸 3着3〜4艇流し（10〜15点）,0.5777,"{'is_target': False, 'verdict': '対象外', 'max_combo_prob': None, 'est_top_odds': None, 'circle_concentration': None, 'eligible_count': 0, 'bet_adj': 0, 'reason': '1号艇rel_win1 < 45%: 通常判定に委ねる', 'tenji_trigger': ''}",,,32.7,逃げ狙い,42.2,20.7,3,,,,,,,,,,,
2025-11-07,丸亀,3,5,前田将太,A1,38.46,5,○,15.5663,13.7,57,69,0.1228,2.6897,,,0,低,42,0,ま0% 差ま0%,,0,37.2,2.1629,0,0,0.0909,0.0909,0,0.0476,0.0952,0.0476,,,B,◎,◎,0.3637,0.6935,0.4567,0.5832,A,65,0,◎-○軸 3着3〜4艇流し（10〜15点）,0.5777,"{'is_target': False, 'verdict': '対象外', 'max_combo_prob': None, 'est_top_odds': None, 'circle_concentration': None, 'eligible_count': 0, 'bet_adj': 0, 'reason': '1号艇rel_win1 < 45%: 通常判定に委ねる', 'tenji_trigger': ''}",,,32.7,逃げ狙い,42.2,20.7,3,,,,,,,,,,,
2025-11-07,丸亀,3,6,浜先真範,A1,36.36,6,,2.9385,1.6,92,37.7,0.1728,3.7547,,,0,低,66,0,-,,0,53.4,1.4564,,,,,,0.01,0.02,0.02,,,C,,,0.2108,0.647,,0.5832,A,65,0,◎-○軸 3着3〜4艇流し（10〜15点）,0.5777,"{'is_target': False, 'verdict': '対象外', 'max_combo_prob': None, 'est_top_odds': None, 'circle_concentration': None, 'eligible_count': 0, 'bet_adj': 0, 'reason': '1号艇rel_win1 < 45%: 通常判定に委ねる', 'tenji_trigger': ''}",,,32.7,逃げ狙い,42.2,20.7,3,,,,,,,,,,,
2025-11-07,丸亀,4,1,近江翔吾,A1,54.76,1,◎,49.3428,,0,92.7,0.1291,2.3015,,,0,低,52,0,逃1%,,0,63.2,1.1107,0.7838,,,,,0.0811,0.0541,0.027,◎,,A,,,,0.6415,,0.7085,S,83,0,◎1着固定 2-3着流し（5〜8点）,0.5777,"{'is_target': True, 'verdict': '参加推奨', 'max_combo_prob': 0.0506, 'est_top_odds': 26.3, 'circle_concentration': 57.3, 'eligible_count': 6, 'bet_adj': 2, 'reason': 'rel_win1=49.3%（本命度） / 最有力組み合わせ確率: 0.051（推定実オッズ?26倍） / 2着集中度: 上位2艇 57.3%（補正+0.00） / 総合判定確率: 0.051 / → ヒモ分散。1号艇1着固定で広めのヒモ流し推奨（買い目+2点）', 'tenji_trigger': '展示確認: ヒモ分散レース。1号艇伸び確認後、広めのヒモ流しを採用。穴ヒモ（5・6号艇）を積極的に含める。\n展示で1号艇スタート超安定(0.129秒)→ヒモ固まり方向に注意'}",,,30,逃げ狙い,28.44,24.8,2,,,,,0,0,0.7559,0,,逃げ軸流し,A
2025-11-07,丸亀,4,2,岡崎恭裕,A1,33.33,2,▲,16.5655,31.8,76,73.3,0.1417,2.4333,,,0,低,38,0,差0% 抜0%,,0,38.4,1.2119,0,0.125,0,0,0.125,0.1962,0.0462,0,,,D,○,,0.2024,0.665,,0.7085,S,83,0,◎1着固定 2-3着流し（5〜8点）,0.5777,"{'is_target': True, 'verdict': '参加推奨', 'max_combo_prob': 0.0506, 'est_top_odds': 26.3, 'circle_concentration': 57.3, 'eligible_count': 6, 'bet_adj': 2, 'reason': 'rel_win1=49.3%（本命度） / 最有力組み合わせ確率: 0.051（推定実オッズ?26倍） / 2着集中度: 上位2艇 57.3%（補正+0.00） / 総合判定確率: 0.051 / → ヒモ分散。1号艇1着固定で広めのヒモ流し推奨（買い目+2点）', 'tenji_trigger': '展示確認: ヒモ分散レース。1号艇伸び確認後、広めのヒモ流しを採用。穴ヒモ（5・6号艇）を積極的に含める。\n展示で1号艇スタート超安定(0.129秒)→ヒモ固まり方向に注意'}",,,30,逃げ狙い,28.44,24.8,2,,,,,,,,,,,
2025-11-07,丸亀,4,3,木下翔太,A1,27.91,3,,12.3987,25.5,69,76.2,0.1405,2.5714,,,0,低,63,0,ま0% 差ま0%,,0,82.3,1.374,0,0,0.1,0.1,0,0.0148,0.1148,0.1148,,,D,◎,,0.2488,0.688,,0.7085,S,83,0,◎1着固定 2-3着流し（5〜8点）,0.5777,"{'is_target': True, 'verdict': '参加推奨', 'max_combo_prob': 0.0506, 'est_top_odds': 26.3, 'circle_concentration': 57.3, 'eligible_count': 6, 'bet_adj': 2, 'reason': 'rel_win1=49.3%（本命度） / 最有力組み合わせ確率: 0.051（推定実オッズ?26倍） / 2着集中度: 上位2艇 57.3%（補正+0.00） / 総合判定確率: 0.051 / → ヒモ分散。1号艇1着固定で広めのヒモ流し推奨（買い目+2点）', 'tenji_trigger': '展示確認: ヒモ分散レース。1号艇伸び確認後、広めのヒモ流しを採用。穴ヒモ（5・6号艇）を積極的に含める。\n展示で1号艇スタート超安定(0.129秒)→ヒモ固まり方向に注意'}",,,30,逃げ狙い,28.44,24.8,2,,,,,,,,,,,
2025-11-07,丸亀,4,4,馬場貴也,A1,40.00,4,△,10.5765,20,83,88.2,0.1718,2.7059,,,0,低,17,0,ま0%,,0,74.8,1.6557,0,0,0.1429,0,0,0.0833,0.1667,0,,,C,,,0.1502,0.606,,0.7085,S,83,0,◎1着固定 2-3着流し（5〜8点）,0.5777,"{'is_target': True, 'verdict': '参加推奨', 'max_combo_prob': 0.0506, 'est_top_odds': 26.3, 'circle_concentration': 57.3, 'eligible_count': 6, 'bet_adj': 2, 'reason': 'rel_win1=49.3%（本命度） / 最有力組み合わせ確率: 0.051（推定実オッズ?26倍） / 2着集中度: 上位2艇 57.3%（補正+0.00） / 総合判定確率: 0.051 / → ヒモ分散。1号艇1着固定で広めのヒモ流し推奨（買い目+2点）', 'tenji_trigger': '展示確認: ヒモ分散レース。1号艇伸び確認後、広めのヒモ流しを採用。穴ヒモ（5・6号艇）を積極的に含める。\n展示で1号艇スタート超安定(0.129秒)→ヒモ固まり方向に注意'}",,,30,逃げ狙い,28.44,24.8,2,,,,,,,,,,,
2025-11-07,丸亀,4,5,吉田裕平,A1,40.91,5,○,9.8946,21.1,58,75,0.1588,2.6875,,,0,低,29,0,差ま0%,,0,100,2.1121,0,0,0,0.25,0,0,0.1429,0,,,B,△,,0.2373,0.6645,,0.7085,S,83,0,◎1着固定 2-3着流し（5〜8点）,0.5777,"{'is_target': True, 'verdict': '参加推奨', 'max_combo_prob': 0.0506, 'est_top_odds': 26.3, 'circle_concentration': 57.3, 'eligible_count': 6, 'bet_adj': 2, 'reason': 'rel_win1=49.3%（本命度） / 最有力組み合わせ確率: 0.051（推定実オッズ?26倍） / 2着集中度: 上位2艇 57.3%（補正+0.00） / 総合判定確率: 0.051 / → ヒモ分散。1号艇1着固定で広めのヒモ流し推奨（買い目+2点）', 'tenji_trigger': '展示確認: ヒモ分散レース。1号艇伸び確認後、広めのヒモ流しを採用。穴ヒモ（5・6号艇）を積極的に含める。\n展示で1号艇スタート超安定(0.129秒)→ヒモ固まり方向に注意'}",,,30,逃げ狙い,28.44,24.8,2,,,,,,,,,,,
2025-11-07,丸亀,4,6,寺田　祥,A1,26.67,6,,1.222,1.6,100,50,0.189,4.05,,,0,低,38,1,-,,0,42.3,1.8925,,,,,,0.0182,0.1212,0.0545,,,E,△,,0.1322,0.6605,,0.7085,S,83,0,◎1着固定 2-3着流し（5〜8点）,0.5777,"{'is_target': True, 'verdict': '参加推奨', 'max_combo_prob': 0.0506, 'est_top_odds': 26.3, 'circle_concentration': 57.3, 'eligible_count': 6, 'bet_adj': 2, 'reason': 'rel_win1=49.3%（本命度） / 最有力組み合わせ確率: 0.051（推定実オッズ?26倍） / 2着集中度: 上位2艇 57.3%（補正+0.00） / 総合判定確率: 0.051 / → ヒモ分散。1号艇1着固定で広めのヒモ流し推奨（買い目+2点）', 'tenji_trigger': '展示確認: ヒモ分散レース。1号艇伸び確認後、広めのヒモ流しを採用。穴ヒモ（5・6号艇）を積極的に含める。\n展示で1号艇スタート超安定(0.129秒)→ヒモ固まり方向に注意'}",,,30,逃げ狙い,28.44,24.8,2,,,,,,,,,,,
2025-11-07,丸亀,5,1,井上忠政,A1,32.56,1,◎,43.9276,,0,97.5,0.1512,3.35,,,0,低,51,0,逃1%,,0,78.8,1.176,0.875,,,,,0,0,0.125,◎,,D,◎,,,0.6805,,0.5264,S,86,0,◎1着固定 2-3着流し（5〜8点）,0.5777,"{'is_target': False, 'verdict': '対象外', 'max_combo_prob': None, 'est_top_odds': None, 'circle_concentration': None, 'eligible_count': 0, 'bet_adj': 0, 'reason': '1号艇rel_win1 < 45%: 通常判定に委ねる', 'tenji_trigger': ''}",,,33.4,逃げ狙い,41.46,23.5,3,,,,,0,0,0.7559,0,,逃げ軸流し,A
2025-11-07,丸亀,5,2,土屋智則,A1,31.82,2,,14.1448,27.8,82,61.9,0.1576,3.0476,,,0,低,34,0,差0%,,0,86.5,1.0253,0,0.2857,0,0,0,0.1235,0.1235,0.1471,,,D,,,0.3042,0.627,,0.5264,S,86,0,◎1着固定 2-3着流し（5〜8点）,0.5777,"{'is_target': False, 'verdict': '対象外', 'max_combo_prob': None, 'est_top_odds': None, 'circle_concentration': None, 'eligible_count': 0, 'bet_adj': 0, 'reason': '1号艇rel_win1 < 45%: 通常判定に委ねる', 'tenji_trigger': ''}",,,33.4,逃げ狙い,41.46,23.5,3,,,,,,,,,,,
2025-11-07,丸亀,5,3,山田康二,A1,42.86,3,▲,19.5913,33.4,87,85.2,0.1456,2.6296,,,0,低,35,0,差0% ま0% 差ま0% 抜0%,,0,76.6,1.7175,0,0.1818,0.0909,0.1818,0.0909,0.0211,0.1211,0.1632,,△,B,○,,0.3539,0.6765,,0.5264,S,86,0,◎1着固定 2-3着流し（5〜8点）,0.5777,"{'is_target': False, 'verdict': '対象外', 'max_combo_prob': None, 'est_top_odds': None, 'circle_concentration': None, 'eligible_count': 0, 'bet_adj': 0, 'reason': '1号艇rel_win1 < 45%: 通常判定に委ねる', 'tenji_trigger': ''}",,,33.4,逃げ狙い,41.46,23.5,3,,,,,,,,,,,
2025-11-07,丸亀,5,4,濱野斗馬,A1,32.26,4,△,11.1375,22.3,96,66.7,0.1374,2.0741,,,0,低,40,0,ま0%,,0,24.4,0.6868,0,0,0.0625,0.125,0,0.0968,0,0.0323,,,D,△,◎,0.3567,0.638,0.366,0.5264,S,86,0,◎1着固定 2-3着流し（5〜8点）,0.5777,"{'is_target': False, 'verdict': '対象外', 'max_combo_prob': None, 'est_top_odds': None, 'circle_concentration': None, 'eligible_count': 0, 'bet_adj': 0, 'reason': '1号艇rel_win1 < 45%: 通常判定に委ねる', 'tenji_trigger': ''}",,,33.4,逃げ狙い,41.46,23.5,3,,,,,,,,,,,
2025-11-07,丸亀,5,5,白井英治,A1,43.90,5,○,7.7614,10.7,64,71.4,0.1229,2.7143,,,0,低,29,1,ま0%,,0,99.2,1.9526,0,0,0.25,0,0,0.0588,0.1765,0.0588,,◎,B,△,,0.4431,0.659,,0.5264,S,86,0,◎1着固定 2-3着流し（5〜8点）,0.5777,"{'is_target': False, 'verdict': '対象外', 'max_combo_prob': None, 'est_top_odds': None, 'circle_concentration': None, 'eligible_count': 0, 'bet_adj': 0, 'reason': '1号艇rel_win1 < 45%: 通常判定に委ねる', 'tenji_trigger': ''}",,,33.4,逃げ狙い,41.46,23.5,3,,,,,,,,,,,
2025-11-07,丸亀,5,6,栗城　匠,A1,40.48,6,,3.4375,5.7,100,48,0.164,3.51,,,0,低,83,0,差ま0%,,0,42.7,1.8736,0,0,0,0.0526,0,0,0.2404,0.1409,,,C,,,0.2376,0.623,,0.5264,S,86,0,◎1着固定 2-3着流し（5〜8点）,0.5777,"{'is_target': False, 'verdict': '対象外', 'max_combo_prob': None, 'est_top_odds': None, 'circle_concentration': None, 'eligible_count': 0, 'bet_adj': 0, 'reason': '1号艇rel_win1 < 45%: 通常判定に委ねる', 'tenji_trigger': ''}",,,33.4,逃げ狙い,41.46,23.5,3,,,,,,,,,,,
2025-11-07,丸亀,6,1,海野康志,A1,36.36,1,◎,52.0793,,0,100,0.118,2.413,,,0,低,38,0,逃1%,,0,81.8,1.0447,0.7097,,,,,0,0.0387,0.2516,◎,,C,△,,,0.6265,,0.7006,S,85,0,◎1着固定 2-3着流し（5〜8点）,0.5777,"{'is_target': True, 'verdict': '参加推奨', 'max_combo_prob': 0.0525, 'est_top_odds': 25.4, 'circle_concentration': 55.8, 'eligible_count': 6, 'bet_adj': 2, 'reason': 'rel_win1=52.1%（本命度） / 最有力組み合わせ確率: 0.052（推定実オッズ?25倍） / 2着集中度: 上位2艇 55.8%（補正+0.00） / 総合判定確率: 0.052 / → ヒモ分散。1号艇1着固定で広めのヒモ流し推奨（買い目+2点）', 'tenji_trigger': '展示確認: ヒモ分散レース。1号艇伸び確認後、広めのヒモ流しを採用。穴ヒモ（5・6号艇）を積極的に含める。\n展示で1号艇スタート超安定(0.118秒)→ヒモ固まり方向に注意'}",,,29.1,逃げ狙い,26.23,24.1,2,,,,,0,0,0.7559,0,,逃げ軸流し,A
2025-11-07,丸亀,6,2,末永和也,A1,30.56,2,△,13.4079,25.8,93,62.5,0.1338,2.9688,,,0,低,16,0,差0% ま0%,,0,83.8,1.025,0,0.1429,0.1429,0,0,0,0.1,0,,,D,○,,0.177,0.679,,0.7006,S,85,0,◎1着固定 2-3着流し（5〜8点）,0.5777,"{'is_target': True, 'verdict': '参加推奨', 'max_combo_prob': 0.0525, 'est_top_odds': 25.4, 'circle_concentration': 55.8, 'eligible_count': 6, 'bet_adj': 2, 'reason': 'rel_win1=52.1%（本命度） / 最有力組み合わせ確率: 0.052（推定実オッズ?25倍） / 2着集中度: 上位2艇 55.8%（補正+0.00） / 総合判定確率: 0.052 / → ヒモ分散。1号艇1着固定で広めのヒモ流し推奨（買い目+2点）', 'tenji_trigger': '展示確認: ヒモ分散レース。1号艇伸び確認後、広めのヒモ流しを採用。穴ヒモ（5・6号艇）を積極的に含める。\n展示で1号艇スタート超安定(0.118秒)→ヒモ固まり方向に注意'}",,,29.1,逃げ狙い,26.23,24.1,2,,,,,,,,,,,
2025-11-07,丸亀,6,3,入海　馨,A1,45.45,3,○,16.4388,30,100,85.7,0.1529,3.3929,,,0,低,69,0,差ま0%,,0,86.2,1.6231,0,0,0,0.1818,0,0,0,0,,,A,,,0.147,0.6215,,0.7006,S,85,0,◎1着固定 2-3着流し（5〜8点）,0.5777,"{'is_target': True, 'verdict': '参加推奨', 'max_combo_prob': 0.0525, 'est_top_odds': 25.4, 'circle_concentration': 55.8, 'eligible_count': 6, 'bet_adj': 2, 'reason': 'rel_win1=52.1%（本命度） / 最有力組み合わせ確率: 0.052（推定実オッズ?25倍） / 2着集中度: 上位2艇 55.8%（補正+0.00） / 総合判定確率: 0.052 / → ヒモ分散。1号艇1着固定で広めのヒモ流し推奨（買い目+2点）', 'tenji_trigger': '展示確認: ヒモ分散レース。1号艇伸び確認後、広めのヒモ流しを採用。穴ヒモ（5・6号艇）を積極的に含める。\n展示で1号艇スタート超安定(0.118秒)→ヒモ固まり方向に注意'}",,,29.1,逃げ狙い,26.23,24.1,2,,,,,,,,,,,
2025-11-07,丸亀,6,4,須藤博倫,A1,37.50,4,▲,9.2269,22.5,64,60,0.1391,2.5111,,,0,低,54,0,差0% ま0%,,0,68.8,1.2198,0,0.05,0.1,0,0,0.1171,0.0421,0.0421,,,B,△,◎,0.216,0.6375,0.445,0.7006,S,85,0,◎1着固定 2-3着流し（5〜8点）,0.5777,"{'is_target': True, 'verdict': '参加推奨', 'max_combo_prob': 0.0525, 'est_top_odds': 25.4, 'circle_concentration': 55.8, 'eligible_count': 6, 'bet_adj': 2, 'reason': 'rel_win1=52.1%（本命度） / 最有力組み合わせ確率: 0.052（推定実オッズ?25倍） / 2着集中度: 上位2艇 55.8%（補正+0.00） / 総合判定確率: 0.052 / → ヒモ分散。1号艇1着固定で広めのヒモ流し推奨（買い目+2点）', 'tenji_trigger': '展示確認: ヒモ分散レース。1号艇伸び確認後、広めのヒモ流しを採用。穴ヒモ（5・6号艇）を積極的に含める。\n展示で1号艇スタート超安定(0.118秒)→ヒモ固まり方向に注意'}",,,29.1,逃げ狙い,26.23,24.1,2,,,,,,,,,,,
2025-11-07,丸亀,6,5,青木玄太,A1,25.00,5,,7.0538,19,59,50,0.1861,3.5714,,,0,低,75,0,ま0%,,0,53.8,1.4514,0,0,0.1111,0,0,0,0.0625,0.1875,,,E,,,0.133,0.586,,0.7006,S,85,0,◎1着固定 2-3着流し（5〜8点）,0.5777,"{'is_target': True, 'verdict': '参加推奨', 'max_combo_prob': 0.0525, 'est_top_odds': 25.4, 'circle_concentration': 55.8, 'eligible_count': 6, 'bet_adj': 2, 'reason': 'rel_win1=52.1%（本命度） / 最有力組み合わせ確率: 0.052（推定実オッズ?25倍） / 2着集中度: 上位2艇 55.8%（補正+0.00） / 総合判定確率: 0.052 / → ヒモ分散。1号艇1着固定で広めのヒモ流し推奨（買い目+2点）', 'tenji_trigger': '展示確認: ヒモ分散レース。1号艇伸び確認後、広めのヒモ流しを採用。穴ヒモ（5・6号艇）を積極的に含める。\n展示で1号艇スタート超安定(0.118秒)→ヒモ固まり方向に注意'}",,,29.1,逃げ狙い,26.23,24.1,2,,,,,,,,,,,
2025-11-07,丸亀,6,6,西山貴浩,A1,28.57,6,,1.7933,2.7,61,0,0.24,4,,,0,低,17,1,-,,0,32.8,0.84,,,,,,0,0.1429,0,,,D,◎,,0.1354,0.7,,0.7006,S,85,0,◎1着固定 2-3着流し（5〜8点）,0.5777,"{'is_target': True, 'verdict': '参加推奨', 'max_combo_prob': 0.0525, 'est_top_odds': 25.4, 'circle_concentration': 55.8, 'eligible_count': 6, 'bet_adj': 2, 'reason': 'rel_win1=52.1%（本命度） / 最有力組み合わせ確率: 0.052（推定実オッズ?25倍） / 2着集中度: 上位2艇 55.8%（補正+0.00） / 総合判定確率: 0.052 / → ヒモ分散。1号艇1着固定で広めのヒモ流し推奨（買い目+2点）', 'tenji_trigger': '展示確認: ヒモ分散レース。1号艇伸び確認後、広めのヒモ流しを採用。穴ヒモ（5・6号艇）を積極的に含める。\n展示で1号艇スタート超安定(0.118秒)→ヒモ固まり方向に注意'}",,,29.1,逃げ狙い,26.23,24.1,2,,,,,,,,,,,
2025-11-07,丸亀,7,1,赤岩善生,A1,43.90,1,◎,46.2746,,0,97.4,0.1206,2.5714,,,0,低,38,0,逃1%,,0,78.9,1.1841,0.6857,,,,,0.0229,0.1207,0.0571,◎,,C,○,,,0.691,,0.6241,S,83,0,◎1着固定 2-3着流し（5〜8点）,0.5777,"{'is_target': True, 'verdict': '参加推奨', 'max_combo_prob': 0.0704, 'est_top_odds': 18.9, 'circle_concentration': 68.7, 'eligible_count': 6, 'bet_adj': 2, 'reason': 'rel_win1=46.3%（本命度） / 最有力組み合わせ確率: 0.070（推定実オッズ?19倍） / 2着集中度: 上位2艇 68.7%（補正+0.00） / 総合判定確率: 0.070 / → ヒモ分散。1号艇1着固定で広めのヒモ流し推奨（買い目+2点）', 'tenji_trigger': '展示確認: ヒモ分散レース。1号艇伸び確認後、広めのヒモ流しを採用。穴ヒモ（5・6号艇）を積極的に含める。\n展示で1号艇スタート超安定(0.121秒)→ヒモ固まり方向に注意'}",,,28.1,逃げ狙い,38.6,24.9,3,,,,,0,0,0.7559,0,,逃げ軸流し,A
2025-11-07,丸亀,7,2,渡辺浩司,A1,32.65,2,△,14.1772,49.1,92,84,0.1366,3.11,,,0,低,46,0,差0%,,0,100,1.3331,0,0.2353,0,0,0,0.1467,0,0.0867,,,D,◎,,0.1992,0.699,,0.6241,S,83,0,◎1着固定 2-3着流し（5〜8点）,0.5777,"{'is_target': True, 'verdict': '参加推奨', 'max_combo_prob': 0.0704, 'est_top_odds': 18.9, 'circle_concentration': 68.7, 'eligible_count': 6, 'bet_adj': 2, 'reason': 'rel_win1=46.3%（本命度） / 最有力組み合わせ確率: 0.070（推定実オッズ?19倍） / 2着集中度: 上位2艇 68.7%（補正+0.00） / 総合判定確率: 0.070 / → ヒモ分散。1号艇1着固定で広めのヒモ流し推奨（買い目+2点）', 'tenji_trigger': '展示確認: ヒモ分散レース。1号艇伸び確認後、広めのヒモ流しを採用。穴ヒモ（5・6号艇）を積極的に含める。\n展示で1号艇スタート超安定(0.121秒)→ヒモ固まり方向に注意'}",,,28.1,逃げ狙い,38.6,24.9,3,,,,,,,,,,,
2025-11-07,丸亀,7,3,森高一真,A1,25.71,3,,11.6744,18.5,93,66.7,0.1486,3.0952,,,0,低,28,0,差ま0%,,0,24.8,0.7967,0,0,0.25,0.25,0,0,0.1667,0.3333,,,E,△,,0.2275,0.685,,0.6241,S,83,0,◎1着固定 2-3着流し（5〜8点）,0.5777,"{'is_target': True, 'verdict': '参加推奨', 'max_combo_prob': 0.0704, 'est_top_odds': 18.9, 'circle_concentration': 68.7, 'eligible_count': 6, 'bet_adj': 2, 'reason': 'rel_win1=46.3%（本命度） / 最有力組み合わせ確率: 0.070（推定実オッズ?19倍） / 2着集中度: 上位2艇 68.7%（補正+0.00） / 総合判定確率: 0.070 / → ヒモ分散。1号艇1着固定で広めのヒモ流し推奨（買い目+2点）', 'tenji_trigger': '展示確認: ヒモ分散レース。1号艇伸び確認後、広めのヒモ流しを採用。穴ヒモ（5・6号艇）を積極的に含める。\n展示で1号艇スタート超安定(0.121秒)→ヒモ固まり方向に注意'}",,,28.1,逃げ狙い,38.6,24.9,3,,,,,,,,,,,
2025-11-07,丸亀,7,4,濱崎直矢,A1,50.00,4,▲,13.238,19.5,76,62.3,0.1433,2.8279,,,0,低,95,0,ま0% 差ま0%,,0,66.7,1.4126,0,0,0.0952,0.0476,0,0.0148,0.1444,0.1148,,,B,,○,0.2237,0.632,0.2979,0.6241,S,83,0,◎1着固定 2-3着流し（5〜8点）,0.5777,"{'is_target': True, 'verdict': '参加推奨', 'max_combo_prob': 0.0704, 'est_top_odds': 18.9, 'circle_concentration': 68.7, 'eligible_count': 6, 'bet_adj': 2, 'reason': 'rel_win1=46.3%（本命度） / 最有力組み合わせ確率: 0.070（推定実オッズ?19倍） / 2着集中度: 上位2艇 68.7%（補正+0.00） / 総合判定確率: 0.070 / → ヒモ分散。1号艇1着固定で広めのヒモ流し推奨（買い目+2点）', 'tenji_trigger': '展示確認: ヒモ分散レース。1号艇伸び確認後、広めのヒモ流しを採用。穴ヒモ（5・6号艇）を積極的に含める。\n展示で1号艇スタート超安定(0.121秒)→ヒモ固まり方向に注意'}",,,28.1,逃げ狙い,38.6,24.9,3,,,,,,,,,,,
2025-11-07,丸亀,7,5,柳生泰二,A1,57.89,5,○,11.9577,9.7,100,65.6,0.1388,2.7812,,,0,低,43,0,差ま0%,,0,100,1.9886,0,0,0,0.0909,0,0.1444,0.1148,0,,,A,△,◎,0.2541,0.687,0.3487,0.6241,S,83,0,◎1着固定 2-3着流し（5〜8点）,0.5777,"{'is_target': True, 'verdict': '参加推奨', 'max_combo_prob': 0.0704, 'est_top_odds': 18.9, 'circle_concentration': 68.7, 'eligible_count': 6, 'bet_adj': 2, 'reason': 'rel_win1=46.3%（本命度） / 最有力組み合わせ確率: 0.070（推定実オッズ?19倍） / 2着集中度: 上位2艇 68.7%（補正+0.00） / 総合判定確率: 0.070 / → ヒモ分散。1号艇1着固定で広めのヒモ流し推奨（買い目+2点）', 'tenji_trigger': '展示確認: ヒモ分散レース。1号艇伸び確認後、広めのヒモ流しを採用。穴ヒモ（5・6号艇）を積極的に含める。\n展示で1号艇スタート超安定(0.121秒)→ヒモ固まり方向に注意'}",,,28.1,逃げ狙い,38.6,24.9,3,,,,,,,,,,,
2025-11-07,丸亀,7,6,吉川元浩,A1,52.38,6,,2.6781,3.1,54,75,0.1475,2.75,,,0,低,31,1,差0%,,0,61.5,2.7183,0,0.3333,0,0,0,0.0222,0.2444,0.0222,,,B,,,0.278,0.645,,0.6241,S,83,0,◎1着固定 2-3着流し（5〜8点）,0.5777,"{'is_target': True, 'verdict': '参加推奨', 'max_combo_prob': 0.0704, 'est_top_odds': 18.9, 'circle_concentration': 68.7, 'eligible_count': 6, 'bet_adj': 2, 'reason': 'rel_win1=46.3%（本命度） / 最有力組み合わせ確率: 0.070（推定実オッズ?19倍） / 2着集中度: 上位2艇 68.7%（補正+0.00） / 総合判定確率: 0.070 / → ヒモ分散。1号艇1着固定で広めのヒモ流し推奨（買い目+2点）', 'tenji_trigger': '展示確認: ヒモ分散レース。1号艇伸び確認後、広めのヒモ流しを採用。穴ヒモ（5・6号艇）を積極的に含める。\n展示で1号艇スタート超安定(0.121秒)→ヒモ固まり方向に注意'}",,,28.1,逃げ狙い,38.6,24.9,3,,,,,,,,,,,
2025-11-07,丸亀,8,1,松井　繁,A1,43.90,1,◎,60.5594,,0,89.3,0.1454,3.3929,,,0,低,24,0,逃1%,,0,75.3,1.1557,0.7143,,,,,0.0714,0.2143,0,◎,,B,△,,,0.6505,,0.4536,S,89,0,◎1着固定 2-3着流し（5〜8点）,0.5777,"{'is_target': True, 'verdict': '参加推奨', 'max_combo_prob': 0.074, 'est_top_odds': 18.0, 'circle_concentration': 63.3, 'eligible_count': 6, 'bet_adj': 2, 'reason': 'rel_win1=60.6%（本命度） / 最有力組み合わせ確率: 0.074（推定実オッズ?18倍） / 2着集中度: 上位2艇 63.3%（補正+0.00） / 総合判定確率: 0.074 / → ヒモ分散。1号艇1着固定で広めのヒモ流し推奨（買い目+2点）', 'tenji_trigger': '展示確認: ヒモ分散レース。1号艇伸び確認後、広めのヒモ流しを採用。穴ヒモ（5・6号艇）を積極的に含める。'}",,,31.7,逃げ狙い,31.44,27.1,5,,,,,0,0,0.7559,0,,逃げ軸流し,A
2025-11-07,丸亀,8,2,宮地元輝,A1,29.79,2,△,8.6273,40.8,83,83.3,0.1008,2.875,,,0,低,13,1,差0%,,0,56.4,1.2934,0,0.0556,0,0,0,0,0,0.1667,,◎,D,◎,,0.5613,0.6895,,0.4536,S,89,0,◎1着固定 2-3着流し（5〜8点）,0.5777,"{'is_target': True, 'verdict': '参加推奨', 'max_combo_prob': 0.074, 'est_top_odds': 18.0, 'circle_concentration': 63.3, 'eligible_count': 6, 'bet_adj': 2, 'reason': 'rel_win1=60.6%（本命度） / 最有力組み合わせ確率: 0.074（推定実オッズ?18倍） / 2着集中度: 上位2艇 63.3%（補正+0.00） / 総合判定確率: 0.074 / → ヒモ分散。1号艇1着固定で広めのヒモ流し推奨（買い目+2点）', 'tenji_trigger': '展示確認: ヒモ分散レース。1号艇伸び確認後、広めのヒモ流しを採用。穴ヒモ（5・6号艇）を積極的に含める。'}",,,31.7,逃げ狙い,31.44,27.1,5,,,,,,,,,,,
2025-11-07,丸亀,8,3,杉山正樹,A1,28.89,3,,9.692,22.5,97,78.4,0.1494,3.2451,,,0,低,101,0,-,,0,41.7,1.0423,0,0.0588,0,0.0588,0.0588,0,0.0476,0.0476,,,E,○,,0.2721,0.667,,0.4536,S,89,0,◎1着固定 2-3着流し（5〜8点）,0.5777,"{'is_target': True, 'verdict': '参加推奨', 'max_combo_prob': 0.074, 'est_top_odds': 18.0, 'circle_concentration': 63.3, 'eligible_count': 6, 'bet_adj': 2, 'reason': 'rel_win1=60.6%（本命度） / 最有力組み合わせ確率: 0.074（推定実オッズ?18倍） / 2着集中度: 上位2艇 63.3%（補正+0.00） / 総合判定確率: 0.074 / → ヒモ分散。1号艇1着固定で広めのヒモ流し推奨（買い目+2点）', 'tenji_trigger': '展示確認: ヒモ分散レース。1号艇伸び確認後、広めのヒモ流しを採用。穴ヒモ（5・6号艇）を積極的に含める。'}",,,31.7,逃げ狙い,31.44,27.1,5,,,,,,,,,,,
2025-11-07,丸亀,8,4,浜先真範,A1,36.36,4,▲,7.0181,21,100,73.3,0.1378,2.6889,,,0,低,66,0,-,,0,29.1,0.8579,0,0,0,0.0909,0.0455,0.01,0.02,0.02,,,C,△,○,0.3258,0.647,0.4219,0.4536,S,89,0,◎1着固定 2-3着流し（5〜8点）,0.5777,"{'is_target': True, 'verdict': '参加推奨', 'max_combo_prob': 0.074, 'est_top_odds': 18.0, 'circle_concentration': 63.3, 'eligible_count': 6, 'bet_adj': 2, 'reason': 'rel_win1=60.6%（本命度） / 最有力組み合わせ確率: 0.074（推定実オッズ?18倍） / 2着集中度: 上位2艇 63.3%（補正+0.00） / 総合判定確率: 0.074 / → ヒモ分散。1号艇1着固定で広めのヒモ流し推奨（買い目+2点）', 'tenji_trigger': '展示確認: ヒモ分散レース。1号艇伸び確認後、広めのヒモ流しを採用。穴ヒモ（5・6号艇）を積極的に含める。'}",,,31.7,逃げ狙い,31.44,27.1,5,,,,,,,,,,,
2025-11-07,丸亀,8,5,重成一人,A1,44.19,5,○,10.531,7.7,74,64.5,0.1435,2.7742,,,0,低,51,0,差ま0% 抜0%,,0,34,1.0357,0,0,0,0.3158,0.1053,0.0533,0.2533,0.0133,,,A,,◎,0.357,0.6315,0.4883,0.4536,S,89,0,◎1着固定 2-3着流し（5〜8点）,0.5777,"{'is_target': True, 'verdict': '参加推奨', 'max_combo_prob': 0.074, 'est_top_odds': 18.0, 'circle_concentration': 63.3, 'eligible_count': 6, 'bet_adj': 2, 'reason': 'rel_win1=60.6%（本命度） / 最有力組み合わせ確率: 0.074（推定実オッズ?18倍） / 2着集中度: 上位2艇 63.3%（補正+0.00） / 総合判定確率: 0.074 / → ヒモ分散。1号艇1着固定で広めのヒモ流し推奨（買い目+2点）', 'tenji_trigger': '展示確認: ヒモ分散レース。1号艇伸び確認後、広めのヒモ流しを採用。穴ヒモ（5・6号艇）を積極的に含める。'}",,,31.7,逃げ狙い,31.44,27.1,5,,,,,,,,,,,
2025-11-07,丸亀,8,6,仲谷颯仁,A1,33.33,6,,3.5721,8,63,54.8,0.18,3.8387,,,0,低,60,0,差0%,,0,99.2,2.1131,0,0.1111,0,0,0,0,0.1818,0.2727,,,D,,,0.1795,0.6445,0.1841,0.4536,S,89,0,◎1着固定 2-3着流し（5〜8点）,0.5777,"{'is_target': True, 'verdict': '参加推奨', 'max_combo_prob': 0.074, 'est_top_odds': 18.0, 'circle_concentration': 63.3, 'eligible_count': 6, 'bet_adj': 2, 'reason': 'rel_win1=60.6%（本命度） / 最有力組み合わせ確率: 0.074（推定実オッズ?18倍） / 2着集中度: 上位2艇 63.3%（補正+0.00） / 総合判定確率: 0.074 / → ヒモ分散。1号艇1着固定で広めのヒモ流し推奨（買い目+2点）', 'tenji_trigger': '展示確認: ヒモ分散レース。1号艇伸び確認後、広めのヒモ流しを採用。穴ヒモ（5・6号艇）を積極的に含める。'}",,,31.7,逃げ狙い,31.44,27.1,5,,,,,,,,,,,
2025-11-07,丸亀,9,1,前田将太,A1,38.46,1,◎,53.2514,,0,93.5,0.137,2.7609,,,0,低,42,0,逃1%,,0,82.9,1.1709,0.7619,,,,,0.0476,0.0952,0.0476,◎,,C,○,,,0.6935,,0.6802,A,78,0,◎-○軸 3着3〜4艇流し（10〜15点）,0.5777,"{'is_target': True, 'verdict': '参加推奨', 'max_combo_prob': 0.0657, 'est_top_odds': 20.3, 'circle_concentration': 71.6, 'eligible_count': 8, 'bet_adj': 2, 'reason': 'rel_win1=53.3%（本命度） / 最有力組み合わせ確率: 0.066（推定実オッズ?20倍） / 2着集中度: 上位2艇 71.6%（補正+0.04） / 総合判定確率: 0.106 / → ヒモ分散。1号艇1着固定で広めのヒモ流し推奨（買い目+2点）', 'tenji_trigger': '展示確認: ヒモ分散レース。1号艇伸び確認後、広めのヒモ流しを採用。穴ヒモ（5・6号艇）を積極的に含める。\n展示で1号艇スタート超安定(0.137秒)→ヒモ固まり方向に注意'}",,,32.7,逃げ狙い,37.43,24.9,4,,,,,0,0,0.7559,0,,逃げ軸流し,A
2025-11-07,丸亀,9,2,馬場貴也,A1,40.00,2,▲,9.1905,45.4,67,90,0.156,3.15,,,0,低,17,1,抜0%,,0,94.1,1.3867,0,0,0,0,0.2,0.0833,0.1667,0,,,C,,,0.1375,0.606,,0.6802,A,78,0,◎-○軸 3着3〜4艇流し（10〜15点）,0.5777,"{'is_target': True, 'verdict': '参加推奨', 'max_combo_prob': 0.0657, 'est_top_odds': 20.3, 'circle_concentration': 71.6, 'eligible_count': 8, 'bet_adj': 2, 'reason': 'rel_win1=53.3%（本命度） / 最有力組み合わせ確率: 0.066（推定実オッズ?20倍） / 2着集中度: 上位2艇 71.6%（補正+0.04） / 総合判定確率: 0.106 / → ヒモ分散。1号艇1着固定で広めのヒモ流し推奨（買い目+2点）', 'tenji_trigger': '展示確認: ヒモ分散レース。1号艇伸び確認後、広めのヒモ流しを採用。穴ヒモ（5・6号艇）を積極的に含める。\n展示で1号艇スタート超安定(0.137秒)→ヒモ固まり方向に注意'}",,,32.7,逃げ狙い,37.43,24.9,4,,,,,,,,,,,
2025-11-07,丸亀,9,3,小池修平,A1,44.44,3,○,15.2448,26.2,100,86.2,0.1566,3.0345,,,0,低,45,0,差0% ま0% 差ま0%,,0,72.3,1.586,0,0.0667,0.0667,0.1333,0,0.1793,0.0148,0.0296,,,A,△,,0.2113,0.6405,,0.6802,A,78,0,◎-○軸 3着3〜4艇流し（10〜15点）,0.5777,"{'is_target': True, 'verdict': '参加推奨', 'max_combo_prob': 0.0657, 'est_top_odds': 20.3, 'circle_concentration': 71.6, 'eligible_count': 8, 'bet_adj': 2, 'reason': 'rel_win1=53.3%（本命度） / 最有力組み合わせ確率: 0.066（推定実オッズ?20倍） / 2着集中度: 上位2艇 71.6%（補正+0.04） / 総合判定確率: 0.106 / → ヒモ分散。1号艇1着固定で広めのヒモ流し推奨（買い目+2点）', 'tenji_trigger': '展示確認: ヒモ分散レース。1号艇伸び確認後、広めのヒモ流しを採用。穴ヒモ（5・6号艇）を積極的に含める。\n展示で1号艇スタート超安定(0.137秒)→ヒモ固まり方向に注意'}",,,32.7,逃げ狙い,37.43,24.9,4,,,,,,,,,,,
2025-11-07,丸亀,9,4,椎名　豊,A1,31.91,4,△,11.8629,13.7,95,75.9,0.1455,3.1897,,,0,低,42,0,差0% ま0% 差ま0%,,0,78.7,1.5368,0,0.125,0.0625,0.125,0,0.1382,0,0.0364,,,D,△,◎,0.277,0.664,0.4859,0.6802,A,78,0,◎-○軸 3着3〜4艇流し（10〜15点）,0.5777,"{'is_target': True, 'verdict': '参加推奨', 'max_combo_prob': 0.0657, 'est_top_odds': 20.3, 'circle_concentration': 71.6, 'eligible_count': 8, 'bet_adj': 2, 'reason': 'rel_win1=53.3%（本命度） / 最有力組み合わせ確率: 0.066（推定実オッズ?20倍） / 2着集中度: 上位2艇 71.6%（補正+0.04） / 総合判定確率: 0.106 / → ヒモ分散。1号艇1着固定で広めのヒモ流し推奨（買い目+2点）', 'tenji_trigger': '展示確認: ヒモ分散レース。1号艇伸び確認後、広めのヒモ流しを採用。穴ヒモ（5・6号艇）を積極的に含める。\n展示で1号艇スタート超安定(0.137秒)→ヒモ固まり方向に注意'}",,,32.7,逃げ狙い,37.43,24.9,4,,,,,,,,,,,
2025-11-07,丸亀,9,5,大上卓人,A1,27.03,5,,8.0231,8.6,89,62.9,0.1494,3.3143,,,0,低,42,0,差0% ま0% 差ま0% 抜0%,,0,68,1.761,0,0.0625,0.0625,0.0625,0.125,0.0556,0.0556,0,,,E,◎,○,0.2555,0.697,0.3779,0.6802,A,78,0,◎-○軸 3着3〜4艇流し（10〜15点）,0.5777,"{'is_target': True, 'verdict': '参加推奨', 'max_combo_prob': 0.0657, 'est_top_odds': 20.3, 'circle_concentration': 71.6, 'eligible_count': 8, 'bet_adj': 2, 'reason': 'rel_win1=53.3%（本命度） / 最有力組み合わせ確率: 0.066（推定実オッズ?20倍） / 2着集中度: 上位2艇 71.6%（補正+0.04） / 総合判定確率: 0.106 / → ヒモ分散。1号艇1着固定で広めのヒモ流し推奨（買い目+2点）', 'tenji_trigger': '展示確認: ヒモ分散レース。1号艇伸び確認後、広めのヒモ流しを採用。穴ヒモ（5・6号艇）を積極的に含める。\n展示で1号艇スタート超安定(0.137秒)→ヒモ固まり方向に注意'}",,,32.7,逃げ狙い,37.43,24.9,4,,,,,,,,,,,
2025-11-07,丸亀,9,6,西岡顕心,A1,43.90,6,,2.4272,6.1,84,57.1,0.1771,4.1857,,,0,低,55,0,-,,0,35.2,0.8039,,,,,,0,0.0714,0,,,B,,,0.1843,0.6245,,0.6802,A,78,0,◎-○軸 3着3〜4艇流し（10〜15点）,0.5777,"{'is_target': True, 'verdict': '参加推奨', 'max_combo_prob': 0.0657, 'est_top_odds': 20.3, 'circle_concentration': 71.6, 'eligible_count': 8, 'bet_adj': 2, 'reason': 'rel_win1=53.3%（本命度） / 最有力組み合わせ確率: 0.066（推定実オッズ?20倍） / 2着集中度: 上位2艇 71.6%（補正+0.04） / 総合判定確率: 0.106 / → ヒモ分散。1号艇1着固定で広めのヒモ流し推奨（買い目+2点）', 'tenji_trigger': '展示確認: ヒモ分散レース。1号艇伸び確認後、広めのヒモ流しを採用。穴ヒモ（5・6号艇）を積極的に含める。\n展示で1号艇スタート超安定(0.137秒)→ヒモ固まり方向に注意'}",,,32.7,逃げ狙い,37.43,24.9,4,,,,,,,,,,,
2025-11-07,丸亀,10,1,関　浩哉,A1,35.00,1,◎,50.0831,,0,95.7,0.1352,2.087,,,0,低,34,0,逃1%,,0,76.2,1.1813,0.8571,,,,,,,,◎,,D,,,,0.6435,,0.7138,S,91,0,◎1着固定 2-3着流し（5〜8点）,0.5777,"{'is_target': True, 'verdict': '参加推奨', 'max_combo_prob': 0.0523, 'est_top_odds': 25.5, 'circle_concentration': 65.2, 'eligible_count': 6, 'bet_adj': 2, 'reason': 'rel_win1=50.1%（本命度） / 最有力組み合わせ確率: 0.052（推定実オッズ?26倍） / 2着集中度: 上位2艇 65.2%（補正+0.00） / 総合判定確率: 0.052 / → ヒモ分散。1号艇1着固定で広めのヒモ流し推奨（買い目+2点）', 'tenji_trigger': '展示確認: ヒモ分散レース。1号艇伸び確認後、広めのヒモ流しを採用。穴ヒモ（5・6号艇）を積極的に含める。\n展示で1号艇スタート超安定(0.135秒)→ヒモ固まり方向に注意'}",,,31.1,逃げ狙い,36.88,20.8,4,,,,,0,0,0.7559,0,,逃げ軸流し,A
2025-11-07,丸亀,10,2,中村日向,A1,40.91,2,,12.6184,34,44,67.7,0.1487,3.2097,,,0,低,40,0,-,,0,31.1,0.9612,0,0.1667,0.0833,0,0,0.1538,0.0769,0,,,C,,,0.2008,0.645,,0.7138,S,91,0,◎1着固定 2-3着流し（5〜8点）,0.5777,"{'is_target': True, 'verdict': '参加推奨', 'max_combo_prob': 0.0523, 'est_top_odds': 25.5, 'circle_concentration': 65.2, 'eligible_count': 6, 'bet_adj': 2, 'reason': 'rel_win1=50.1%（本命度） / 最有力組み合わせ確率: 0.052（推定実オッズ?26倍） / 2着集中度: 上位2艇 65.2%（補正+0.00） / 総合判定確率: 0.052 / → ヒモ分散。1号艇1着固定で広めのヒモ流し推奨（買い目+2点）', 'tenji_trigger': '展示確認: ヒモ分散レース。1号艇伸び確認後、広めのヒモ流しを採用。穴ヒモ（5・6号艇）を積極的に含める。\n展示で1号艇スタート超安定(0.135秒)→ヒモ固まり方向に注意'}",,,31.1,逃げ狙い,36.88,20.8,4,,,,,,,,,,,
2025-11-07,丸亀,10,3,柳沢　一,A1,54.76,3,○,13.1157,31.2,78,75,0.1227,2.3571,,,0,低,43,0,差0% ま0% 差ま0%,,0,78.6,1.3881,0,0.04,0.04,0.12,0,0.0432,0.1074,0.1074,,◎,A,◎,,0.3639,0.698,,0.7138,S,91,0,◎1着固定 2-3着流し（5〜8点）,0.5777,"{'is_target': True, 'verdict': '参加推奨', 'max_combo_prob': 0.0523, 'est_top_odds': 25.5, 'circle_concentration': 65.2, 'eligible_count': 6, 'bet_adj': 2, 'reason': 'rel_win1=50.1%（本命度） / 最有力組み合わせ確率: 0.052（推定実オッズ?26倍） / 2着集中度: 上位2艇 65.2%（補正+0.00） / 総合判定確率: 0.052 / → ヒモ分散。1号艇1着固定で広めのヒモ流し推奨（買い目+2点）', 'tenji_trigger': '展示確認: ヒモ分散レース。1号艇伸び確認後、広めのヒモ流しを採用。穴ヒモ（5・6号艇）を積極的に含める。\n展示で1号艇スタート超安定(0.135秒)→ヒモ固まり方向に注意'}",,,31.1,逃げ狙い,36.88,20.8,4,,,,,,,,,,,
2025-11-07,丸亀,10,4,山田康二,A1,42.86,4,▲,15.716,17,100,85.2,0.1496,2.8148,,,0,低,35,0,ま0% 抜0%,,0,90.5,1.8311,0,0,0.4444,0,0.1111,0.0211,0.1211,0.1632,,,B,△,◎,0.3571,0.6765,0.2626,0.7138,S,91,0,◎1着固定 2-3着流し（5〜8点）,0.5777,"{'is_target': True, 'verdict': '参加推奨', 'max_combo_prob': 0.0523, 'est_top_odds': 25.5, 'circle_concentration': 65.2, 'eligible_count': 6, 'bet_adj': 2, 'reason': 'rel_win1=50.1%（本命度） / 最有力組み合わせ確率: 0.052（推定実オッズ?26倍） / 2着集中度: 上位2艇 65.2%（補正+0.00） / 総合判定確率: 0.052 / → ヒモ分散。1号艇1着固定で広めのヒモ流し推奨（買い目+2点）', 'tenji_trigger': '展示確認: ヒモ分散レース。1号艇伸び確認後、広めのヒモ流しを採用。穴ヒモ（5・6号艇）を積極的に含める。\n展示で1号艇スタート超安定(0.135秒)→ヒモ固まり方向に注意'}",,,31.1,逃げ狙い,36.88,20.8,4,,,,,,,,,,,
2025-11-07,丸亀,10,5,藤原啓史,A1,35.48,5,△,6.1692,14.2,80,60,0.122,2.3333,,,0,低,29,0,差ま0%,,0,52.7,1.6471,0,0,0,0.0833,0,0.0167,0,0.2333,,,D,○,,0.3201,0.685,,0.7138,S,91,0,◎1着固定 2-3着流し（5〜8点）,0.5777,"{'is_target': True, 'verdict': '参加推奨', 'max_combo_prob': 0.0523, 'est_top_odds': 25.5, 'circle_concentration': 65.2, 'eligible_count': 6, 'bet_adj': 2, 'reason': 'rel_win1=50.1%（本命度） / 最有力組み合わせ確率: 0.052（推定実オッズ?26倍） / 2着集中度: 上位2艇 65.2%（補正+0.00） / 総合判定確率: 0.052 / → ヒモ分散。1号艇1着固定で広めのヒモ流し推奨（買い目+2点）', 'tenji_trigger': '展示確認: ヒモ分散レース。1号艇伸び確認後、広めのヒモ流しを採用。穴ヒモ（5・6号艇）を積極的に含める。\n展示で1号艇スタート超安定(0.135秒)→ヒモ固まり方向に注意'}",,,31.1,逃げ狙い,36.88,20.8,4,,,,,,,,,,,
2025-11-07,丸亀,10,6,岡崎恭裕,A1,33.33,6,,2.2976,3.6,75,62.5,0.1425,3.25,,,0,低,38,0,差ま0%,,0,100,2.3231,0,0,0,0.1,0,0.1962,0.0462,0,,,E,△,,0.2752,0.665,,0.7138,S,91,0,◎1着固定 2-3着流し（5〜8点）,0.5777,"{'is_target': True, 'verdict': '参加推奨', 'max_combo_prob': 0.0523, 'est_top_odds': 25.5, 'circle_concentration': 65.2, 'eligible_count': 6, 'bet_adj': 2, 'reason': 'rel_win1=50.1%（本命度） / 最有力組み合わせ確率: 0.052（推定実オッズ?26倍） / 2着集中度: 上位2艇 65.2%（補正+0.00） / 総合判定確率: 0.052 / → ヒモ分散。1号艇1着固定で広めのヒモ流し推奨（買い目+2点）', 'tenji_trigger': '展示確認: ヒモ分散レース。1号艇伸び確認後、広めのヒモ流しを採用。穴ヒモ（5・6号艇）を積極的に含める。\n展示で1号艇スタート超安定(0.135秒)→ヒモ固まり方向に注意'}",,,31.1,逃げ狙い,36.88,20.8,4,,,,,,,,,,,
2025-11-07,丸亀,11,1,白井英治,A1,43.90,1,◎,52.9876,,0,94.9,0.1546,3.7308,,,0,低,29,0,逃1%,,0,76.6,1.1843,0.5882,,,,,0.0588,0.1765,0.0588,○,,A,,,,0.659,,0.4396,S,83,0,◎1着固定 2-3着流し（5〜8点）,0.5777,"{'is_target': True, 'verdict': '参加推奨', 'max_combo_prob': 0.0615, 'est_top_odds': 21.7, 'circle_concentration': 67.2, 'eligible_count': 6, 'bet_adj': 2, 'reason': 'rel_win1=53.0%（本命度） / 最有力組み合わせ確率: 0.062（推定実オッズ?22倍） / 2着集中度: 上位2艇 67.2%（補正+0.00） / 総合判定確率: 0.062 / → ヒモ分散。1号艇1着固定で広めのヒモ流し推奨（買い目+2点）', 'tenji_trigger': '展示確認: ヒモ分散レース。1号艇伸び確認後、広めのヒモ流しを採用。穴ヒモ（5・6号艇）を積極的に含める。'}",,,36.5,逃げ狙い,45.74,28.5,2,,,,,0,0,0.6155,0,,逃げ軸流し,A
2025-11-07,丸亀,11,2,吉田裕平,A1,40.91,2,○,16.8708,31.9,100,88.2,0.1612,3.1765,,,0,低,29,0,ま0% 抜0%,,0,77.8,1.4228,0,0,0.2,0,0.2,0,0.1429,0,,,B,△,,0.2645,0.6645,,0.4396,S,83,0,◎1着固定 2-3着流し（5〜8点）,0.5777,"{'is_target': True, 'verdict': '参加推奨', 'max_combo_prob': 0.0615, 'est_top_odds': 21.7, 'circle_concentration': 67.2, 'eligible_count': 6, 'bet_adj': 2, 'reason': 'rel_win1=53.0%（本命度） / 最有力組み合わせ確率: 0.062（推定実オッズ?22倍） / 2着集中度: 上位2艇 67.2%（補正+0.00） / 総合判定確率: 0.062 / → ヒモ分散。1号艇1着固定で広めのヒモ流し推奨（買い目+2点）', 'tenji_trigger': '展示確認: ヒモ分散レース。1号艇伸び確認後、広めのヒモ流しを採用。穴ヒモ（5・6号艇）を積極的に含める。'}",,,36.5,逃げ狙い,45.74,28.5,2,,,,,,,,,,,
2025-11-07,丸亀,11,3,永井彪也,A1,27.78,3,,14.5855,35.3,67,91.2,0.1368,2.6618,,,0,低,28,0,ま0% 差ま0% 抜0%,,0,68.7,1.6315,0,0,0.1538,0.0769,0.0769,0,0,0.2762,,◎,E,◎,,0.4018,0.7025,,0.4396,S,83,0,◎1着固定 2-3着流し（5〜8点）,0.5777,"{'is_target': True, 'verdict': '参加推奨', 'max_combo_prob': 0.0615, 'est_top_odds': 21.7, 'circle_concentration': 67.2, 'eligible_count': 6, 'bet_adj': 2, 'reason': 'rel_win1=53.0%（本命度） / 最有力組み合わせ確率: 0.062（推定実オッズ?22倍） / 2着集中度: 上位2艇 67.2%（補正+0.00） / 総合判定確率: 0.062 / → ヒモ分散。1号艇1着固定で広めのヒモ流し推奨（買い目+2点）', 'tenji_trigger': '展示確認: ヒモ分散レース。1号艇伸び確認後、広めのヒモ流しを採用。穴ヒモ（5・6号艇）を積極的に含める。'}",,,36.5,逃げ狙い,45.74,28.5,2,,,,,,,,,,,
2025-11-07,丸亀,11,4,小坂尚哉,A1,38.78,4,▲,7.9904,21,68,61.5,0.1398,2.7596,,,0,低,81,0,-,,0,29.4,0.8685,0,0.0526,0,0,0,0.0488,0.0488,0.0976,,,C,,○,0.3387,0.657,0.288,0.4396,S,83,0,◎1着固定 2-3着流し（5〜8点）,0.5777,"{'is_target': True, 'verdict': '参加推奨', 'max_combo_prob': 0.0615, 'est_top_odds': 21.7, 'circle_concentration': 67.2, 'eligible_count': 6, 'bet_adj': 2, 'reason': 'rel_win1=53.0%（本命度） / 最有力組み合わせ確率: 0.062（推定実オッズ?22倍） / 2着集中度: 上位2艇 67.2%（補正+0.00） / 総合判定確率: 0.062 / → ヒモ分散。1号艇1着固定で広めのヒモ流し推奨（買い目+2点）', 'tenji_trigger': '展示確認: ヒモ分散レース。1号艇伸び確認後、広めのヒモ流しを採用。穴ヒモ（5・6号艇）を積極的に含める。'}",,,36.5,逃げ狙い,45.74,28.5,2,,,,,,,,,,,
2025-11-07,丸亀,11,5,末永和也,A1,30.56,5,,5.7483,8.3,61,84.6,0.1415,2.4615,,,0,低,16,1,差0% 差ま0%,,0,100,2.1562,0,0.1429,0,0.2857,0,0,0.1,0,,,D,○,◎,0.38,0.679,0.5137,0.4396,S,83,0,◎1着固定 2-3着流し（5〜8点）,0.5777,"{'is_target': True, 'verdict': '参加推奨', 'max_combo_prob': 0.0615, 'est_top_odds': 21.7, 'circle_concentration': 67.2, 'eligible_count': 6, 'bet_adj': 2, 'reason': 'rel_win1=53.0%（本命度） / 最有力組み合わせ確率: 0.062（推定実オッズ?22倍） / 2着集中度: 上位2艇 67.2%（補正+0.00） / 総合判定確率: 0.062 / → ヒモ分散。1号艇1着固定で広めのヒモ流し推奨（買い目+2点）', 'tenji_trigger': '展示確認: ヒモ分散レース。1号艇伸び確認後、広めのヒモ流しを採用。穴ヒモ（5・6号艇）を積極的に含める。'}",,,36.5,逃げ狙い,45.74,28.5,2,,,,,,,,,,,
2025-11-07,丸亀,11,6,塩田北斗,A1,30.95,6,△,1.8173,3.5,75,45.8,0.1313,3.625,,,0,低,50,0,差ま0%,,0,63.5,1.7539,0,0,0,0.1429,0,0,0.0435,0.0435,,,D,△,,0.3782,0.6745,,0.4396,S,83,0,◎1着固定 2-3着流し（5〜8点）,0.5777,"{'is_target': True, 'verdict': '参加推奨', 'max_combo_prob': 0.0615, 'est_top_odds': 21.7, 'circle_concentration': 67.2, 'eligible_count': 6, 'bet_adj': 2, 'reason': 'rel_win1=53.0%（本命度） / 最有力組み合わせ確率: 0.062（推定実オッズ?22倍） / 2着集中度: 上位2艇 67.2%（補正+0.00） / 総合判定確率: 0.062 / → ヒモ分散。1号艇1着固定で広めのヒモ流し推奨（買い目+2点）', 'tenji_trigger': '展示確認: ヒモ分散レース。1号艇伸び確認後、広めのヒモ流しを採用。穴ヒモ（5・6号艇）を積極的に含める。'}",,,36.5,逃げ狙い,45.74,28.5,2,,,,,,,,,,,
2025-11-07,丸亀,12,1,峰　竜太,A1,28.57,1,◎,51.2223,,0,100,0.12,3.2353,,,0,低,4,0,逃1%,,0,80.8,1.2301,0.875,,,,,0,0,0,◎⚠️,,D,○,,,0.8175,,0.6016,S,86,0,◎1着固定 2-3着流し（5〜8点）,0.5777,"{'is_target': True, 'verdict': '参加推奨', 'max_combo_prob': 0.0578, 'est_top_odds': 23.1, 'circle_concentration': 63.1, 'eligible_count': 6, 'bet_adj': 2, 'reason': 'rel_win1=51.2%（本命度） / 最有力組み合わせ確率: 0.058（推定実オッズ?23倍） / 2着集中度: 上位2艇 63.1%（補正+0.00） / 総合判定確率: 0.058 / → ヒモ分散。1号艇1着固定で広めのヒモ流し推奨（買い目+2点）', 'tenji_trigger': '展示確認: ヒモ分散レース。1号艇伸び確認後、広めのヒモ流しを採用。穴ヒモ（5・6号艇）を積極的に含める。\n展示で1号艇スタート超安定(0.120秒)→ヒモ固まり方向に注意'}",,,33.8,逃げ狙い,47.31,19.6,2,2-1-4|2-1-5|2-1-3|1-3-5|1-2-5,5-1-6|4-5-6|5-6-1|4-6-5|4-5-1|5-6-3|5-1-3|2-1-4|2-1-5|2-1-3|1-3-5|1-2-5,2-1-4:9.19%|2-1-5:9.12%|2-1-3:7.46%|1-3-5:4.91%|1-2-5:4.91%,2-1-4:B_sc|2-1-5:B_sc|2-1-3:B_sc|1-3-5:A|1-2-5:A,5,12,0.4535,1,[!]見送り推奨（主役決まり手「差し」― 逃げ劣勢レースで的中実績なし）,荒れ広め,D
2025-11-07,丸亀,12,2,磯部　誠,A1,28.21,2,,13.2231,33.2,72,77.8,0.1433,2.5556,,,0,低,9,1,差0%,,0,100,1.2359,0,0.2,0,0,0,,,,,,D,△,,0.114,0.715,,0.6016,S,86,0,◎1着固定 2-3着流し（5〜8点）,0.5777,"{'is_target': True, 'verdict': '参加推奨', 'max_combo_prob': 0.0578, 'est_top_odds': 23.1, 'circle_concentration': 63.1, 'eligible_count': 6, 'bet_adj': 2, 'reason': 'rel_win1=51.2%（本命度） / 最有力組み合わせ確率: 0.058（推定実オッズ?23倍） / 2着集中度: 上位2艇 63.1%（補正+0.00） / 総合判定確率: 0.058 / → ヒモ分散。1号艇1着固定で広めのヒモ流し推奨（買い目+2点）', 'tenji_trigger': '展示確認: ヒモ分散レース。1号艇伸び確認後、広めのヒモ流しを採用。穴ヒモ（5・6号艇）を積極的に含める。\n展示で1号艇スタート超安定(0.120秒)→ヒモ固まり方向に注意'}",,,33.8,逃げ狙い,47.31,19.6,2,,,,,,,,,,,
2025-11-07,丸亀,12,3,吉田拡郎,A1,47.62,3,○,14.0292,29.9,70,79.2,0.1329,3.0208,,,0,低,10,0,ま0% 抜0%,,0,57.3,1.4658,0,0,0.125,0,0.125,0.0909,0,0,,,A,△,,0.236,0.81,,0.6016,S,86,0,◎1着固定 2-3着流し（5〜8点）,0.5777,"{'is_target': True, 'verdict': '参加推奨', 'max_combo_prob': 0.0578, 'est_top_odds': 23.1, 'circle_concentration': 63.1, 'eligible_count': 6, 'bet_adj': 2, 'reason': 'rel_win1=51.2%（本命度） / 最有力組み合わせ確率: 0.058（推定実オッズ?23倍） / 2着集中度: 上位2艇 63.1%（補正+0.00） / 総合判定確率: 0.058 / → ヒモ分散。1号艇1着固定で広めのヒモ流し推奨（買い目+2点）', 'tenji_trigger': '展示確認: ヒモ分散レース。1号艇伸び確認後、広めのヒモ流しを採用。穴ヒモ（5・6号艇）を積極的に含める。\n展示で1号艇スタート超安定(0.120秒)→ヒモ固まり方向に注意'}",,,33.8,逃げ狙い,47.31,19.6,2,,,,,,,,,,,
2025-11-07,丸亀,12,4,上條暢嵩,A1,30.30,4,△,7.8284,25.2,54,69.2,0.13,3.1538,,,0,低,12,1,差0%,,0,54.6,1.2885,0,0.0312,0,0,0,,,,,,C,,,0.2388,0.7115,,0.6016,S,86,0,◎1着固定 2-3着流し（5〜8点）,0.5777,"{'is_target': True, 'verdict': '参加推奨', 'max_combo_prob': 0.0578, 'est_top_odds': 23.1, 'circle_concentration': 63.1, 'eligible_count': 6, 'bet_adj': 2, 'reason': 'rel_win1=51.2%（本命度） / 最有力組み合わせ確率: 0.058（推定実オッズ?23倍） / 2着集中度: 上位2艇 63.1%（補正+0.00） / 総合判定確率: 0.058 / → ヒモ分散。1号艇1着固定で広めのヒモ流し推奨（買い目+2点）', 'tenji_trigger': '展示確認: ヒモ分散レース。1号艇伸び確認後、広めのヒモ流しを採用。穴ヒモ（5・6号艇）を積極的に含める。\n展示で1号艇スタート超安定(0.120秒)→ヒモ固まり方向に注意'}",,,33.8,逃げ狙い,47.31,19.6,2,,,,,,,,,,,
2025-11-07,丸亀,12,5,佐藤隆太,A1,32.56,5,▲,9.9775,10,70,71.4,0.1376,2.8571,,,0,低,32,0,差ま0% 抜0%,,0,50.1,2.0421,0,0,0,0.25,0.125,0.0833,0.0833,0,,,C,,◎,0.2806,0.6665,0.3879,0.6016,S,86,0,◎1着固定 2-3着流し（5〜8点）,0.5777,"{'is_target': True, 'verdict': '参加推奨', 'max_combo_prob': 0.0578, 'est_top_odds': 23.1, 'circle_concentration': 63.1, 'eligible_count': 6, 'bet_adj': 2, 'reason': 'rel_win1=51.2%（本命度） / 最有力組み合わせ確率: 0.058（推定実オッズ?23倍） / 2着集中度: 上位2艇 63.1%（補正+0.00） / 総合判定確率: 0.058 / → ヒモ分散。1号艇1着固定で広めのヒモ流し推奨（買い目+2点）', 'tenji_trigger': '展示確認: ヒモ分散レース。1号艇伸び確認後、広めのヒモ流しを採用。穴ヒモ（5・6号艇）を積極的に含める。\n展示で1号艇スタート超安定(0.120秒)→ヒモ固まり方向に注意'}",,,33.8,逃げ狙い,47.31,19.6,2,,,,,,,,,,,
2025-11-07,丸亀,12,6,片岡雅裕,A1,28.26,6,,3.7194,1.7,100,72.2,0.1272,2.6389,,,0,低,5,0,-,,0,31.3,0.9778,,,,,,0.0286,0,0.3571,,,D,◎,,0.2843,0.8292,,0.6016,S,86,0,◎1着固定 2-3着流し（5〜8点）,0.5777,"{'is_target': True, 'verdict': '参加推奨', 'max_combo_prob': 0.0578, 'est_top_odds': 23.1, 'circle_concentration': 63.1, 'eligible_count': 6, 'bet_adj': 2, 'reason': 'rel_win1=51.2%（本命度） / 最有力組み合わせ確率: 0.058（推定実オッズ?23倍） / 2着集中度: 上位2艇 63.1%（補正+0.00） / 総合判定確率: 0.058 / → ヒモ分散。1号艇1着固定で広めのヒモ流し推奨（買い目+2点）', 'tenji_trigger': '展示確認: ヒモ分散レース。1号艇伸び確認後、広めのヒモ流しを採用。穴ヒモ（5・6号艇）を積極的に含める。\n展示で1号艇スタート超安定(0.120秒)→ヒモ固まり方向に注意'}",,,33.8,逃げ狙い,47.31,19.6,2,,,,,,,,,,,
2025-11-08,丸亀,1,1,濱野斗馬,A1,32.26,1,◎,46.2508,,0,94.4,0.118,1.9907,,,0,低,40,0,逃1%,2,0,50.4,1.0281,0.7419,,,,,0.0968,0,0.0323,◎,,D,,,,0.638,,0.7462,S,93,0,◎1着固定 2-3着流し（5〜8点）,0.5777,"{'is_target': True, 'verdict': '参加推奨', 'max_combo_prob': 0.0667, 'est_top_odds': 20.0, 'circle_concentration': 64.8, 'eligible_count': 6, 'bet_adj': 2, 'reason': 'rel_win1=46.3%（本命度） / 最有力組み合わせ確率: 0.067（推定実オッズ?20倍） / 2着集中度: 上位2艇 64.8%（補正+0.00） / 総合判定確率: 0.067 / → ヒモ分散。1号艇1着固定で広めのヒモ流し推奨（買い目+2点）', 'tenji_trigger': '展示確認: ヒモ分散レース。1号艇伸び確認後、広めのヒモ流しを採用。穴ヒモ（5・6号艇）を積極的に含める。\n展示で1号艇スタート超安定(0.118秒)→ヒモ固まり方向に注意'}",,,32.1,逃げ狙い,37.07,23.5,3,,,,,0,0,0.7559,0,,逃げ軸流し,A
2025-11-08,丸亀,1,2,須藤博倫,A1,37.50,2,▲,12.4842,38.8,56,81.8,0.143,2.8636,,,0,低,54,0,差0% ま0%,4,0,40.5,1.2829,0,0.1333,0.1333,0,0,0.1171,0.0421,0.0421,,,B,,,0.0825,0.6375,,0.7462,S,93,0,◎1着固定 2-3着流し（5〜8点）,0.5777,"{'is_target': True, 'verdict': '参加推奨', 'max_combo_prob': 0.0667, 'est_top_odds': 20.0, 'circle_concentration': 64.8, 'eligible_count': 6, 'bet_adj': 2, 'reason': 'rel_win1=46.3%（本命度） / 最有力組み合わせ確率: 0.067（推定実オッズ?20倍） / 2着集中度: 上位2艇 64.8%（補正+0.00） / 総合判定確率: 0.067 / → ヒモ分散。1号艇1着固定で広めのヒモ流し推奨（買い目+2点）', 'tenji_trigger': '展示確認: ヒモ分散レース。1号艇伸び確認後、広めのヒモ流しを採用。穴ヒモ（5・6号艇）を積極的に含める。\n展示で1号艇スタート超安定(0.118秒)→ヒモ固まり方向に注意'}",,,32.1,逃げ狙い,37.07,23.5,3,,,,,,,,,,,
2025-11-08,丸亀,1,3,井上忠政,A1,32.56,3,,13.6696,26,56,87.5,0.1508,3.2292,,,0,低,51,0,ま0% 差ま0% 抜0%,1,0,53.3,1.5638,0,0,0.1,0.1,0.1,0,0,0.125,,,D,○,,0.1412,0.6805,,0.7462,S,93,0,◎1着固定 2-3着流し（5〜8点）,0.5777,"{'is_target': True, 'verdict': '参加推奨', 'max_combo_prob': 0.0667, 'est_top_odds': 20.0, 'circle_concentration': 64.8, 'eligible_count': 6, 'bet_adj': 2, 'reason': 'rel_win1=46.3%（本命度） / 最有力組み合わせ確率: 0.067（推定実オッズ?20倍） / 2着集中度: 上位2艇 64.8%（補正+0.00） / 総合判定確率: 0.067 / → ヒモ分散。1号艇1着固定で広めのヒモ流し推奨（買い目+2点）', 'tenji_trigger': '展示確認: ヒモ分散レース。1号艇伸び確認後、広めのヒモ流しを採用。穴ヒモ（5・6号艇）を積極的に含める。\n展示で1号艇スタート超安定(0.118秒)→ヒモ固まり方向に注意'}",,,32.1,逃げ狙い,37.07,23.5,3,,,,,,,,,,,
2025-11-08,丸亀,1,4,杉山正樹,A1,28.89,4,,14.9899,15,100,79.6,0.1516,3.4898,,,0,低,101,0,差0% ま0% 差ま0%,3,0,79.1,1.7272,0,0.125,0.125,0.0625,0,0,0.0476,0.0476,,,E,△,○,0.1836,0.667,0.3644,0.7462,S,93,0,◎1着固定 2-3着流し（5〜8点）,0.5777,"{'is_target': True, 'verdict': '参加推奨', 'max_combo_prob': 0.0667, 'est_top_odds': 20.0, 'circle_concentration': 64.8, 'eligible_count': 6, 'bet_adj': 2, 'reason': 'rel_win1=46.3%（本命度） / 最有力組み合わせ確率: 0.067（推定実オッズ?20倍） / 2着集中度: 上位2艇 64.8%（補正+0.00） / 総合判定確率: 0.067 / → ヒモ分散。1号艇1着固定で広めのヒモ流し推奨（買い目+2点）', 'tenji_trigger': '展示確認: ヒモ分散レース。1号艇伸び確認後、広めのヒモ流しを採用。穴ヒモ（5・6号艇）を積極的に含める。\n展示で1号艇スタート超安定(0.118秒)→ヒモ固まり方向に注意'}",,,32.1,逃げ狙い,37.07,23.5,3,,,,,,,,,,,
2025-11-08,丸亀,1,5,澤田尚也,A1,35.14,5,△,10.7911,13.2,44,60.7,0.1411,2.9107,,,0,低,41,0,-,6,0,100,2.0605,0,0.0714,0,0.2143,0,0,0.237,0.0174,,,C,△,◎,0.2439,0.668,0.4283,0.7462,S,93,0,◎1着固定 2-3着流し（5〜8点）,0.5777,"{'is_target': True, 'verdict': '参加推奨', 'max_combo_prob': 0.0667, 'est_top_odds': 20.0, 'circle_concentration': 64.8, 'eligible_count': 6, 'bet_adj': 2, 'reason': 'rel_win1=46.3%（本命度） / 最有力組み合わせ確率: 0.067（推定実オッズ?20倍） / 2着集中度: 上位2艇 64.8%（補正+0.00） / 総合判定確率: 0.067 / → ヒモ分散。1号艇1着固定で広めのヒモ流し推奨（買い目+2点）', 'tenji_trigger': '展示確認: ヒモ分散レース。1号艇伸び確認後、広めのヒモ流しを採用。穴ヒモ（5・6号艇）を積極的に含める。\n展示で1号艇スタート超安定(0.118秒)→ヒモ固まり方向に注意'}",,,32.1,逃げ狙い,37.07,23.5,3,,,,,,,,,,,
2025-11-08,丸亀,1,6,柳生泰二,A1,57.89,6,○,1.8144,7,69,53.8,0.139,2.8205,,,0,低,43,0,-,5,0,92.2,2.0403,,,,,,0.1444,0.1148,0,,,A,◎,,0.2422,0.687,,0.7462,S,93,0,◎1着固定 2-3着流し（5〜8点）,0.5777,"{'is_target': True, 'verdict': '参加推奨', 'max_combo_prob': 0.0667, 'est_top_odds': 20.0, 'circle_concentration': 64.8, 'eligible_count': 6, 'bet_adj': 2, 'reason': 'rel_win1=46.3%（本命度） / 最有力組み合わせ確率: 0.067（推定実オッズ?20倍） / 2着集中度: 上位2艇 64.8%（補正+0.00） / 総合判定確率: 0.067 / → ヒモ分散。1号艇1着固定で広めのヒモ流し推奨（買い目+2点）', 'tenji_trigger': '展示確認: ヒモ分散レース。1号艇伸び確認後、広めのヒモ流しを採用。穴ヒモ（5・6号艇）を積極的に含める。\n展示で1号艇スタート超安定(0.118秒)→ヒモ固まり方向に注意'}",,,32.1,逃げ狙い,37.07,23.5,3,,,,,,,,,,,
2025-11-08,丸亀,2,1,栗城　匠,A1,40.48,1,◎,47.5713,,0,100,0.1436,2.7636,,,0,低,83,0,逃1%,6,0,84.2,1.216,0.6552,,,,,0,0.2404,0.1409,◎,,B,,,,0.623,,0.5695,A,69,0,◎-○軸 3着3〜4艇流し（10〜15点）,0.5777,"{'is_target': True, 'verdict': '参加推奨', 'max_combo_prob': 0.0643, 'est_top_odds': 20.7, 'circle_concentration': 66.6, 'eligible_count': 8, 'bet_adj': 2, 'reason': 'rel_win1=47.6%（本命度） / 最有力組み合わせ確率: 0.064（推定実オッズ?21倍） / 2着集中度: 上位2艇 66.6%（補正+0.00） / 総合判定確率: 0.064 / → ヒモ分散。1号艇1着固定で広めのヒモ流し推奨（買い目+2点）', 'tenji_trigger': '展示確認: ヒモ分散レース。1号艇伸び確認後、広めのヒモ流しを採用。穴ヒモ（5・6号艇）を積極的に含める。'}",,,31,逃げ狙い,27.69,28.5,4,,,,,0,0,0.7559,0,,逃げ軸流し,A
2025-11-08,丸亀,2,2,西岡顕心,A1,43.90,2,▲,14.4263,37.9,60,80,0.1503,3.05,,,0,低,55,0,差0%,3,0,88,0.9048,0,0.1,0,0,0,0,0.0714,0,,,A,,,0.2552,0.6245,,0.5695,A,69,0,◎-○軸 3着3〜4艇流し（10〜15点）,0.5777,"{'is_target': True, 'verdict': '参加推奨', 'max_combo_prob': 0.0643, 'est_top_odds': 20.7, 'circle_concentration': 66.6, 'eligible_count': 8, 'bet_adj': 2, 'reason': 'rel_win1=47.6%（本命度） / 最有力組み合わせ確率: 0.064（推定実オッズ?21倍） / 2着集中度: 上位2艇 66.6%（補正+0.00） / 総合判定確率: 0.064 / → ヒモ分散。1号艇1着固定で広めのヒモ流し推奨（買い目+2点）', 'tenji_trigger': '展示確認: ヒモ分散レース。1号艇伸び確認後、広めのヒモ流しを採用。穴ヒモ（5・6号艇）を積極的に含める。'}",,,31,逃げ狙い,27.69,28.5,4,,,,,,,,,,,
2025-11-08,丸亀,2,3,小坂尚哉,A1,38.78,3,○,17.019,28.8,77,79.3,0.1284,2.4224,,,0,低,81,0,差0% ま0% 抜0%,32,0,67.5,1.5488,0,0.0455,0.1364,0,0.0909,0.0488,0.0488,0.0976,,○,C,△,,0.381,0.657,,0.5695,A,69,0,◎-○軸 3着3〜4艇流し（10〜15点）,0.5777,"{'is_target': True, 'verdict': '参加推奨', 'max_combo_prob': 0.0643, 'est_top_odds': 20.7, 'circle_concentration': 66.6, 'eligible_count': 8, 'bet_adj': 2, 'reason': 'rel_win1=47.6%（本命度） / 最有力組み合わせ確率: 0.064（推定実オッズ?21倍） / 2着集中度: 上位2艇 66.6%（補正+0.00） / 総合判定確率: 0.064 / → ヒモ分散。1号艇1着固定で広めのヒモ流し推奨（買い目+2点）', 'tenji_trigger': '展示確認: ヒモ分散レース。1号艇伸び確認後、広めのヒモ流しを採用。穴ヒモ（5・6号艇）を積極的に含める。'}",,,31,逃げ狙い,27.69,28.5,4,,,,,,,,,,,
2025-11-08,丸亀,2,4,土屋智則,A1,31.82,4,,11.9214,16.2,100,100,0.1521,2.9737,,,0,低,34,0,差0% 差ま0%,4,0,96.8,1.8587,0,0.125,0,0.125,0,0.1235,0.1235,0.1471,,,D,△,◎,0.2727,0.627,0.4058,0.5695,A,69,0,◎-○軸 3着3〜4艇流し（10〜15点）,0.5777,"{'is_target': True, 'verdict': '参加推奨', 'max_combo_prob': 0.0643, 'est_top_odds': 20.7, 'circle_concentration': 66.6, 'eligible_count': 8, 'bet_adj': 2, 'reason': 'rel_win1=47.6%（本命度） / 最有力組み合わせ確率: 0.064（推定実オッズ?21倍） / 2着集中度: 上位2艇 66.6%（補正+0.00） / 総合判定確率: 0.064 / → ヒモ分散。1号艇1着固定で広めのヒモ流し推奨（買い目+2点）', 'tenji_trigger': '展示確認: ヒモ分散レース。1号艇伸び確認後、広めのヒモ流しを採用。穴ヒモ（5・6号艇）を積極的に含める。'}",,,31,逃げ狙い,27.69,28.5,4,,,,,,,,,,,
2025-11-08,丸亀,2,5,渡辺浩司,A1,32.65,5,△,7.7491,14.6,66,74.1,0.144,2.7931,,,0,低,46,0,-,4,0,33,0.7598,0,0,0,0.0476,0.0952,0.1467,0,0.0867,,,D,○,○,0.2812,0.699,0.2934,0.5695,A,69,0,◎-○軸 3着3〜4艇流し（10〜15点）,0.5777,"{'is_target': True, 'verdict': '参加推奨', 'max_combo_prob': 0.0643, 'est_top_odds': 20.7, 'circle_concentration': 66.6, 'eligible_count': 8, 'bet_adj': 2, 'reason': 'rel_win1=47.6%（本命度） / 最有力組み合わせ確率: 0.064（推定実オッズ?21倍） / 2着集中度: 上位2艇 66.6%（補正+0.00） / 総合判定確率: 0.064 / → ヒモ分散。1号艇1着固定で広めのヒモ流し推奨（買い目+2点）', 'tenji_trigger': '展示確認: ヒモ分散レース。1号艇伸び確認後、広めのヒモ流しを採用。穴ヒモ（5・6号艇）を積極的に含める。'}",,,31,逃げ狙い,27.69,28.5,4,,,,,,,,,,,
2025-11-08,丸亀,2,6,上條暢嵩,A1,30.30,6,,1.313,2.6,37,50,0.1187,2.375,,,0,低,12,1,-,3,0,33,1.8614,,,,,,,,,,,E,◎,,0.3927,0.7115,,0.5695,A,69,0,◎-○軸 3着3〜4艇流し（10〜15点）,0.5777,"{'is_target': True, 'verdict': '参加推奨', 'max_combo_prob': 0.0643, 'est_top_odds': 20.7, 'circle_concentration': 66.6, 'eligible_count': 8, 'bet_adj': 2, 'reason': 'rel_win1=47.6%（本命度） / 最有力組み合わせ確率: 0.064（推定実オッズ?21倍） / 2着集中度: 上位2艇 66.6%（補正+0.00） / 総合判定確率: 0.064 / → ヒモ分散。1号艇1着固定で広めのヒモ流し推奨（買い目+2点）', 'tenji_trigger': '展示確認: ヒモ分散レース。1号艇伸び確認後、広めのヒモ流しを採用。穴ヒモ（5・6号艇）を積極的に含める。'}",,,31,逃げ狙い,27.69,28.5,4,,,,,,,,,,,
2025-11-08,丸亀,3,1,塩田北斗,A1,30.95,1,◎,44.7776,,0,91.8,0.1453,3.1986,,,0,低,50,0,逃1%,34,0,67.2,1.1206,0.913,,,,,0,0.0435,0.0435,◎,,D,◎,,,0.6745,,0.5626,S,82,0,◎1着固定 2-3着流し（5〜8点）,0.5777,"{'is_target': False, 'verdict': '対象外', 'max_combo_prob': None, 'est_top_odds': None, 'circle_concentration': None, 'eligible_count': 0, 'bet_adj': 0, 'reason': '1号艇rel_win1 < 45%: 通常判定に委ねる', 'tenji_trigger': ''}",,,34.4,逃げ狙い,46.24,22.2,5,,,,,0,0,0.7559,0,,逃げ軸流し,A
2025-11-08,丸亀,3,2,寺田　祥,A1,26.67,2,,11.4372,41.5,100,83.3,0.1794,3.3611,,,0,低,38,0,ま0% 抜0%,4,0,100,1.2934,0,0,0.1,0,0.1,0.0182,0.1212,0.0545,,,D,△,,0.064,0.6605,,0.5626,S,82,0,◎1着固定 2-3着流し（5〜8点）,0.5777,"{'is_target': False, 'verdict': '対象外', 'max_combo_prob': None, 'est_top_odds': None, 'circle_concentration': None, 'eligible_count': 0, 'bet_adj': 0, 'reason': '1号艇rel_win1 < 45%: 通常判定に委ねる', 'tenji_trigger': ''}",,,34.4,逃げ狙い,46.24,22.2,5,,,,,,,,,,,
2025-11-08,丸亀,3,3,青木玄太,A1,25.00,3,,15.2697,26.1,93,76.7,0.179,3.4333,,,0,低,75,0,ま0% 差ま0% 抜0%,5,0,49.1,1.4708,0,0,0.0625,0.25,0.1875,0,0.0625,0.1875,,,E,,,0.1731,0.586,,0.5626,S,82,0,◎1着固定 2-3着流し（5〜8点）,0.5777,"{'is_target': False, 'verdict': '対象外', 'max_combo_prob': None, 'est_top_odds': None, 'circle_concentration': None, 'eligible_count': 0, 'bet_adj': 0, 'reason': '1号艇rel_win1 < 45%: 通常判定に委ねる', 'tenji_trigger': ''}",,,34.4,逃げ狙い,46.24,22.2,5,,,,,,,,,,,
2025-11-08,丸亀,3,4,佐藤隆太,A1,32.56,4,▲,12.2364,14.9,82,75,0.145,2.425,,,0,低,32,0,差ま0%,6,0,68.6,1.5432,0,0,0,0.1667,0,0.0833,0.0833,0,,,C,○,○,0.3108,0.6665,0.4095,0.5626,S,82,0,◎1着固定 2-3着流し（5〜8点）,0.5777,"{'is_target': False, 'verdict': '対象外', 'max_combo_prob': None, 'est_top_odds': None, 'circle_concentration': None, 'eligible_count': 0, 'bet_adj': 0, 'reason': '1号艇rel_win1 < 45%: 通常判定に委ねる', 'tenji_trigger': ''}",,,34.4,逃げ狙い,46.24,22.2,5,,,,,,,,,,,
2025-11-08,丸亀,3,5,吉川元浩,A1,52.38,5,○,12.0266,9.1,70,70.6,0.1247,2.6765,,,0,低,31,0,差ま0%,6,0,44.3,2.0995,0,0,0,0.2857,0,0.0222,0.2444,0.0222,,◎,A,△,◎,0.4066,0.645,0.5617,0.5626,S,82,0,◎1着固定 2-3着流し（5〜8点）,0.5777,"{'is_target': False, 'verdict': '対象外', 'max_combo_prob': None, 'est_top_odds': None, 'circle_concentration': None, 'eligible_count': 0, 'bet_adj': 0, 'reason': '1号艇rel_win1 < 45%: 通常判定に委ねる', 'tenji_trigger': ''}",,,34.4,逃げ狙い,46.24,22.2,5,,,,,,,,,,,
2025-11-08,丸亀,3,6,重成一人,A1,44.19,6,△,4.2525,8.4,46,55.2,0.181,3.6034,,,0,低,51,0,抜0%,2,0,35.4,1.1447,0,0.0909,0,0,0.0909,0.0533,0.2533,0.0133,,,B,,,0.1725,0.6315,,0.5626,S,82,0,◎1着固定 2-3着流し（5〜8点）,0.5777,"{'is_target': False, 'verdict': '対象外', 'max_combo_prob': None, 'est_top_odds': None, 'circle_concentration': None, 'eligible_count': 0, 'bet_adj': 0, 'reason': '1号艇rel_win1 < 45%: 通常判定に委ねる', 'tenji_trigger': ''}",,,34.4,逃げ狙い,46.24,22.2,5,,,,,,,,,,,
2025-11-08,丸亀,4,1,大上卓人,A1,27.03,1,◎,46.9224,,0,95.3,0.147,2.8605,,,0,低,42,0,逃1%,65,0,74,1.165,0.7778,,,,,0.0556,0.0556,0,◎,,E,○,,,0.697,,0.5172,S,91,0,◎1着固定 2-3着流し（5〜8点）,0.5777,"{'is_target': True, 'verdict': '参加推奨', 'max_combo_prob': 0.0587, 'est_top_odds': 22.7, 'circle_concentration': 66.4, 'eligible_count': 6, 'bet_adj': 2, 'reason': 'rel_win1=46.9%（本命度） / 最有力組み合わせ確率: 0.059（推定実オッズ?23倍） / 2着集中度: 上位2艇 66.4%（補正+0.00） / 総合判定確率: 0.059 / → ヒモ分散。1号艇1着固定で広めのヒモ流し推奨（買い目+2点）', 'tenji_trigger': '展示確認: ヒモ分散レース。1号艇伸び確認後、広めのヒモ流しを採用。穴ヒモ（5・6号艇）を積極的に含める。'}",,,29.3,逃げ狙い,27.33,23.7,4,,,,,0,0,0.7559,0,,逃げ軸流し,A
2025-11-08,丸亀,4,2,濱崎直矢,A1,50.00,2,△,15.9874,36.6,63,65.3,0.1478,3.5204,,,0,低,95,0,差0% 抜0%,31,0,62,1.094,0,0.0526,0,0,0.1053,0.0148,0.1444,0.1148,,,B,,,0.3025,0.632,,0.5172,S,91,0,◎1着固定 2-3着流し（5〜8点）,0.5777,"{'is_target': True, 'verdict': '参加推奨', 'max_combo_prob': 0.0587, 'est_top_odds': 22.7, 'circle_concentration': 66.4, 'eligible_count': 6, 'bet_adj': 2, 'reason': 'rel_win1=46.9%（本命度） / 最有力組み合わせ確率: 0.059（推定実オッズ?23倍） / 2着集中度: 上位2艇 66.4%（補正+0.00） / 総合判定確率: 0.059 / → ヒモ分散。1号艇1着固定で広めのヒモ流し推奨（買い目+2点）', 'tenji_trigger': '展示確認: ヒモ分散レース。1号艇伸び確認後、広めのヒモ流しを採用。穴ヒモ（5・6号艇）を積極的に含める。'}",,,29.3,逃げ狙い,27.33,23.7,4,,,,,,,,,,,
2025-11-08,丸亀,4,3,近江翔吾,A1,54.76,3,○,16.1118,23.4,100,76.1,0.1315,2.5,,,0,低,52,0,ま0% 差ま0%,1,0,32.1,1.0767,0,0,0.0909,0.0909,0.0455,0.0811,0.0541,0.027,,△,A,,,0.3831,0.6415,,0.5172,S,91,0,◎1着固定 2-3着流し（5〜8点）,0.5777,"{'is_target': True, 'verdict': '参加推奨', 'max_combo_prob': 0.0587, 'est_top_odds': 22.7, 'circle_concentration': 66.4, 'eligible_count': 6, 'bet_adj': 2, 'reason': 'rel_win1=46.9%（本命度） / 最有力組み合わせ確率: 0.059（推定実オッズ?23倍） / 2着集中度: 上位2艇 66.4%（補正+0.00） / 総合判定確率: 0.059 / → ヒモ分散。1号艇1着固定で広めのヒモ流し推奨（買い目+2点）', 'tenji_trigger': '展示確認: ヒモ分散レース。1号艇伸び確認後、広めのヒモ流しを採用。穴ヒモ（5・6号艇）を積極的に含める。'}",,,29.3,逃げ狙い,27.33,23.7,4,,,,,,,,,,,
2025-11-08,丸亀,4,4,吉田拡郎,A1,47.62,4,▲,14.365,29.7,66,100,0.1078,2.3333,,,0,低,10,0,ま0%,4,0,100,1.9768,0,0,0.2222,0,0,0.0909,0,0,,◎,B,◎,◎,0.4945,0.81,0.4735,0.5172,S,91,0,◎1着固定 2-3着流し（5〜8点）,0.5777,"{'is_target': True, 'verdict': '参加推奨', 'max_combo_prob': 0.0587, 'est_top_odds': 22.7, 'circle_concentration': 66.4, 'eligible_count': 6, 'bet_adj': 2, 'reason': 'rel_win1=46.9%（本命度） / 最有力組み合わせ確率: 0.059（推定実オッズ?23倍） / 2着集中度: 上位2艇 66.4%（補正+0.00） / 総合判定確率: 0.059 / → ヒモ分散。1号艇1着固定で広めのヒモ流し推奨（買い目+2点）', 'tenji_trigger': '展示確認: ヒモ分散レース。1号艇伸び確認後、広めのヒモ流しを採用。穴ヒモ（5・6号艇）を積極的に含める。'}",,,29.3,逃げ狙い,27.33,23.7,4,,,,,,,,,,,
2025-11-08,丸亀,4,5,松井　繁,A1,43.90,5,,5.5371,7.4,60,50,0.115,3.75,,,0,低,24,1,-,1,0,39.1,1.4017,,,,,,0.0714,0.2143,0,,○,C,△,,0.4079,0.6505,,0.5172,S,91,0,◎1着固定 2-3着流し（5〜8点）,0.5777,"{'is_target': True, 'verdict': '参加推奨', 'max_combo_prob': 0.0587, 'est_top_odds': 22.7, 'circle_concentration': 66.4, 'eligible_count': 6, 'bet_adj': 2, 'reason': 'rel_win1=46.9%（本命度） / 最有力組み合わせ確率: 0.059（推定実オッズ?23倍） / 2着集中度: 上位2艇 66.4%（補正+0.00） / 総合判定確率: 0.059 / → ヒモ分散。1号艇1着固定で広めのヒモ流し推奨（買い目+2点）', 'tenji_trigger': '展示確認: ヒモ分散レース。1号艇伸び確認後、広めのヒモ流しを採用。穴ヒモ（5・6号艇）を積極的に含める。'}",,,29.3,逃げ狙い,27.33,23.7,4,,,,,,,,,,,
2025-11-08,丸亀,4,6,長田頼宗,A1,27.78,6,,1.0763,2.8,67,52.9,0.1747,3.7059,,,0,低,43,0,-,1,0,91.7,2.0061,,,,,,0,0,0,,,E,△,,0.2219,0.6725,,0.5172,S,91,0,◎1着固定 2-3着流し（5〜8点）,0.5777,"{'is_target': True, 'verdict': '参加推奨', 'max_combo_prob': 0.0587, 'est_top_odds': 22.7, 'circle_concentration': 66.4, 'eligible_count': 6, 'bet_adj': 2, 'reason': 'rel_win1=46.9%（本命度） / 最有力組み合わせ確率: 0.059（推定実オッズ?23倍） / 2着集中度: 上位2艇 66.4%（補正+0.00） / 総合判定確率: 0.059 / → ヒモ分散。1号艇1着固定で広めのヒモ流し推奨（買い目+2点）', 'tenji_trigger': '展示確認: ヒモ分散レース。1号艇伸び確認後、広めのヒモ流しを採用。穴ヒモ（5・6号艇）を積極的に含める。'}",,,29.3,逃げ狙い,27.33,23.7,4,,,,,,,,,,,
2025-11-08,丸亀,5,1,小池修平,A1,44.44,1,◎,46.0576,,0,96,0.1448,2.49,,,0,低,45,0,逃1%,41,0,68,1.1688,0.7037,,,,,0.1793,0.0148,0.0296,◎,,B,,,,0.6405,,0.596,S,90,0,◎1着固定 2-3着流し（5〜8点）,0.5777,"{'is_target': True, 'verdict': '参加推奨', 'max_combo_prob': 0.0526, 'est_top_odds': 25.3, 'circle_concentration': 60.8, 'eligible_count': 6, 'bet_adj': 2, 'reason': 'rel_win1=46.1%（本命度） / 最有力組み合わせ確率: 0.053（推定実オッズ?25倍） / 2着集中度: 上位2艇 60.8%（補正+0.00） / 総合判定確率: 0.053 / → ヒモ分散。1号艇1着固定で広めのヒモ流し推奨（買い目+2点）', 'tenji_trigger': '展示確認: ヒモ分散レース。1号艇伸び確認後、広めのヒモ流しを採用。穴ヒモ（5・6号艇）を積極的に含める。'}",,,33.5,逃げ狙い,37.66,26.9,3,,,,,0,0,0.7559,0,,逃げ軸流し,A
2025-11-08,丸亀,5,2,仲谷颯仁,A1,33.33,2,△,16.0328,35.7,96,78.6,0.1521,2.8214,,,0,低,60,0,差0% 抜0%,25,0,40.4,1.2795,0,0.2857,0,0,0.1429,0,0.1818,0.2727,,,C,,,0.2952,0.6445,,0.596,S,90,0,◎1着固定 2-3着流し（5〜8点）,0.5777,"{'is_target': True, 'verdict': '参加推奨', 'max_combo_prob': 0.0526, 'est_top_odds': 25.3, 'circle_concentration': 60.8, 'eligible_count': 6, 'bet_adj': 2, 'reason': 'rel_win1=46.1%（本命度） / 最有力組み合わせ確率: 0.053（推定実オッズ?25倍） / 2着集中度: 上位2艇 60.8%（補正+0.00） / 総合判定確率: 0.053 / → ヒモ分散。1号艇1着固定で広めのヒモ流し推奨（買い目+2点）', 'tenji_trigger': '展示確認: ヒモ分散レース。1号艇伸び確認後、広めのヒモ流しを採用。穴ヒモ（5・6号艇）を積極的に含める。'}",,,33.5,逃げ狙い,37.66,26.9,3,,,,,,,,,,,
2025-11-08,丸亀,5,3,椎名　豊,A1,31.91,3,▲,16.7544,25.2,77,81.5,0.1385,2.7963,,,0,低,42,0,ま0% 差ま0%,4,0,55.8,1.5842,0,0,0.2857,0.0714,0,0.1382,0,0.0364,,○,D,△,,0.3697,0.664,,0.596,S,90,0,◎1着固定 2-3着流し（5〜8点）,0.5777,"{'is_target': True, 'verdict': '参加推奨', 'max_combo_prob': 0.0526, 'est_top_odds': 25.3, 'circle_concentration': 60.8, 'eligible_count': 6, 'bet_adj': 2, 'reason': 'rel_win1=46.1%（本命度） / 最有力組み合わせ確率: 0.053（推定実オッズ?25倍） / 2着集中度: 上位2艇 60.8%（補正+0.00） / 総合判定確率: 0.053 / → ヒモ分散。1号艇1着固定で広めのヒモ流し推奨（買い目+2点）', 'tenji_trigger': '展示確認: ヒモ分散レース。1号艇伸び確認後、広めのヒモ流しを採用。穴ヒモ（5・6号艇）を積極的に含める。'}",,,33.5,逃げ狙い,37.66,26.9,3,,,,,,,,,,,
2025-11-08,丸亀,5,4,中村晃朋,A1,29.73,4,,10.9793,19.1,88,63.9,0.1389,3.2917,,,0,低,56,0,差0%,5,0,56.9,1.4623,0,0.1429,0,0,0,0.1745,0,0.1564,,,D,△,◎,0.32,0.678,0.3202,0.596,S,90,0,◎1着固定 2-3着流し（5〜8点）,0.5777,"{'is_target': True, 'verdict': '参加推奨', 'max_combo_prob': 0.0526, 'est_top_odds': 25.3, 'circle_concentration': 60.8, 'eligible_count': 6, 'bet_adj': 2, 'reason': 'rel_win1=46.1%（本命度） / 最有力組み合わせ確率: 0.053（推定実オッズ?25倍） / 2着集中度: 上位2艇 60.8%（補正+0.00） / 総合判定確率: 0.053 / → ヒモ分散。1号艇1着固定で広めのヒモ流し推奨（買い目+2点）', 'tenji_trigger': '展示確認: ヒモ分散レース。1号艇伸び確認後、広めのヒモ流しを採用。穴ヒモ（5・6号艇）を積極的に含める。'}",,,33.5,逃げ狙い,37.66,26.9,3,,,,,,,,,,,
2025-11-08,丸亀,5,5,柳沢　一,A1,54.76,5,○,8.7504,16.9,100,67.3,0.1371,2.9818,,,0,低,43,0,-,2,0,55.1,1.4419,0,0.0385,0,0,0,0.0432,0.1074,0.1074,,,A,○,○,0.304,0.698,0.2838,0.596,S,90,0,◎1着固定 2-3着流し（5〜8点）,0.5777,"{'is_target': True, 'verdict': '参加推奨', 'max_combo_prob': 0.0526, 'est_top_odds': 25.3, 'circle_concentration': 60.8, 'eligible_count': 6, 'bet_adj': 2, 'reason': 'rel_win1=46.1%（本命度） / 最有力組み合わせ確率: 0.053（推定実オッズ?25倍） / 2着集中度: 上位2艇 60.8%（補正+0.00） / 総合判定確率: 0.053 / → ヒモ分散。1号艇1着固定で広めのヒモ流し推奨（買い目+2点）', 'tenji_trigger': '展示確認: ヒモ分散レース。1号艇伸び確認後、広めのヒモ流しを採用。穴ヒモ（5・6号艇）を積極的に含める。'}",,,33.5,逃げ狙い,37.66,26.9,3,,,,,,,,,,,
2025-11-08,丸亀,5,6,峰　竜太,A1,28.57,6,,1.4256,3.2,47,66.7,0.1233,2.5,,,0,低,4,1,-,1,0,100,2.4597,,,,,,0,0,0,,,E,◎,,0.3824,0.8175,,0.596,S,90,0,◎1着固定 2-3着流し（5〜8点）,0.5777,"{'is_target': True, 'verdict': '参加推奨', 'max_combo_prob': 0.0526, 'est_top_odds': 25.3, 'circle_concentration': 60.8, 'eligible_count': 6, 'bet_adj': 2, 'reason': 'rel_win1=46.1%（本命度） / 最有力組み合わせ確率: 0.053（推定実オッズ?25倍） / 2着集中度: 上位2艇 60.8%（補正+0.00） / 総合判定確率: 0.053 / → ヒモ分散。1号艇1着固定で広めのヒモ流し推奨（買い目+2点）', 'tenji_trigger': '展示確認: ヒモ分散レース。1号艇伸び確認後、広めのヒモ流しを採用。穴ヒモ（5・6号艇）を積極的に含める。'}",,,33.5,逃げ狙い,37.66,26.9,3,,,,,,,,,,,
2025-11-08,丸亀,6,1,岡崎恭裕,A1,33.33,1,◎,44.0125,,0,93.3,0.127,2.2,,,0,低,38,0,逃1%,26,0,74.7,1.1331,0.6538,,,,,0.1962,0.0462,0,◎,,C,△,,,0.665,,0.671,A,74,0,◎-○軸 3着3〜4艇流し（10〜15点）,0.5777,"{'is_target': False, 'verdict': '対象外', 'max_combo_prob': None, 'est_top_odds': None, 'circle_concentration': None, 'eligible_count': 0, 'bet_adj': 0, 'reason': '1号艇rel_win1 < 45%: 通常判定に委ねる', 'tenji_trigger': ''}",,,36.2,逃げ狙い,45.77,27.8,5,,,,,0,0,0.7559,0,,逃げ軸流し,A
2025-11-08,丸亀,6,2,澤田尚也,A1,35.14,2,△,17.4859,46.4,71,73.3,0.1473,2.6667,,,0,低,41,0,-,6,0,24,0.72,0,0.25,0,0,0,0,0.237,0.0174,,,C,△,,0.1564,0.668,,0.671,A,74,0,◎-○軸 3着3〜4艇流し（10〜15点）,0.5777,"{'is_target': False, 'verdict': '対象外', 'max_combo_prob': None, 'est_top_odds': None, 'circle_concentration': None, 'eligible_count': 0, 'bet_adj': 0, 'reason': '1号艇rel_win1 < 45%: 通常判定に委ねる', 'tenji_trigger': ''}",,,36.2,逃げ狙い,45.77,27.8,5,,,,,,,,,,,
2025-11-08,丸亀,6,3,浜先真範,A1,36.36,3,○,14.318,17,100,70.5,0.1409,2.6477,,,0,低,66,0,ま0% 差ま0%,46,0,85.3,1.3567,0,0,0.1,0.2,0,0.01,0.02,0.02,,,B,,,0.2535,0.647,,0.671,A,74,0,◎-○軸 3着3〜4艇流し（10〜15点）,0.5777,"{'is_target': False, 'verdict': '対象外', 'max_combo_prob': None, 'est_top_odds': None, 'circle_concentration': None, 'eligible_count': 0, 'bet_adj': 0, 'reason': '1号艇rel_win1 < 45%: 通常判定に委ねる', 'tenji_trigger': ''}",,,36.2,逃げ狙い,45.77,27.8,5,,,,,,,,,,,
2025-11-08,丸亀,6,4,中村日向,A1,40.91,4,▲,13.2103,24,78,79.3,0.1483,2.8103,,,0,低,40,0,差0% ま0% 差ま0% 抜0%,11,0,80.1,1.6345,0,0.0909,0.0909,0.2727,0.1818,0.1538,0.0769,0,,,B,,○,0.254,0.645,0.4567,0.671,A,74,0,◎-○軸 3着3〜4艇流し（10〜15点）,0.5777,"{'is_target': False, 'verdict': '対象外', 'max_combo_prob': None, 'est_top_odds': None, 'circle_concentration': None, 'eligible_count': 0, 'bet_adj': 0, 'reason': '1号艇rel_win1 < 45%: 通常判定に委ねる', 'tenji_trigger': ''}",,,36.2,逃げ狙い,45.77,27.8,5,,,,,,,,,,,
2025-11-08,丸亀,6,5,磯部　誠,A1,28.21,5,,7.564,7.6,66,90.9,0.1464,2.4091,,,0,低,9,1,差0% ま0% 差ま0%,2,0,100,2.351,0,0.2,0.2,0.2,0,,,,,,D,◎,◎,0.2846,0.715,0.5077,0.671,A,74,0,◎-○軸 3着3〜4艇流し（10〜15点）,0.5777,"{'is_target': False, 'verdict': '対象外', 'max_combo_prob': None, 'est_top_odds': None, 'circle_concentration': None, 'eligible_count': 0, 'bet_adj': 0, 'reason': '1号艇rel_win1 < 45%: 通常判定に委ねる', 'tenji_trigger': ''}",,,36.2,逃げ狙い,45.77,27.8,5,,,,,,,,,,,
2025-11-08,丸亀,6,6,永井彪也,A1,27.78,6,,3.4093,5,59,48.5,0.13,2.697,,,0,低,28,0,差0%,56,0,56.3,1.8617,0,0.125,0,0,0,0,0,0.2762,,,E,○,,0.2829,0.7025,,0.671,A,74,0,◎-○軸 3着3〜4艇流し（10〜15点）,0.5777,"{'is_target': False, 'verdict': '対象外', 'max_combo_prob': None, 'est_top_odds': None, 'circle_concentration': None, 'eligible_count': 0, 'bet_adj': 0, 'reason': '1号艇rel_win1 < 45%: 通常判定に委ねる', 'tenji_trigger': ''}",,,36.2,逃げ狙い,45.77,27.8,5,,,,,,,,,,,
2025-11-08,丸亀,7,1,木下翔太,A1,27.91,1,◎,46.6368,,0,95.2,0.1577,3.3548,,,0,低,63,0,逃1%,5,0,94.9,1.3132,0.8148,,,,,0.0148,0.1148,0.1148,◎,,E,△,,,0.688,,0.4724,A,67,0,◎-○軸 3着3〜4艇流し（10〜15点）,0.5777,"{'is_target': True, 'verdict': '参加推奨', 'max_combo_prob': 0.0574, 'est_top_odds': 23.2, 'circle_concentration': 64.0, 'eligible_count': 8, 'bet_adj': 2, 'reason': 'rel_win1=46.6%（本命度） / 最有力組み合わせ確率: 0.057（推定実オッズ?23倍） / 2着集中度: 上位2艇 64.0%（補正+0.00） / 総合判定確率: 0.057 / → ヒモ分散。1号艇1着固定で広めのヒモ流し推奨（買い目+2点）', 'tenji_trigger': '展示確認: ヒモ分散レース。1号艇伸び確認後、広めのヒモ流しを採用。穴ヒモ（5・6号艇）を積極的に含める。'}",,,33.9,逃げ狙い,39.13,26.9,2,,,,,0,0,0.7559,0,,逃げ軸流し,A
2025-11-08,丸亀,7,2,片岡雅裕,A1,28.26,2,△,13.8286,40.8,60,86.7,0.1273,2.3667,,,0,低,5,0,ま0%,5,0,77.4,1.0731,0,0,0.1667,0,0,0.0286,0,0.3571,,◎,D,◎,,0.575,0.8292,,0.4724,A,67,0,◎-○軸 3着3〜4艇流し（10〜15点）,0.5777,"{'is_target': True, 'verdict': '参加推奨', 'max_combo_prob': 0.0574, 'est_top_odds': 23.2, 'circle_concentration': 64.0, 'eligible_count': 8, 'bet_adj': 2, 'reason': 'rel_win1=46.6%（本命度） / 最有力組み合わせ確率: 0.057（推定実オッズ?23倍） / 2着集中度: 上位2艇 64.0%（補正+0.00） / 総合判定確率: 0.057 / → ヒモ分散。1号艇1着固定で広めのヒモ流し推奨（買い目+2点）', 'tenji_trigger': '展示確認: ヒモ分散レース。1号艇伸び確認後、広めのヒモ流しを採用。穴ヒモ（5・6号艇）を積極的に含める。'}",,,33.9,逃げ狙い,39.13,26.9,2,,,,,,,,,,,
2025-11-08,丸亀,7,3,栗城　匠,A1,40.48,3,○,16.546,23.3,100,74.4,0.1379,2.3953,,,0,低,83,0,差0% ま0% 差ま0%,6,0,61.7,1.471,0,0.0909,0.0909,0.1818,0,0,0.2404,0.1409,,○,B,,,0.423,0.623,,0.4724,A,67,0,◎-○軸 3着3〜4艇流し（10〜15点）,0.5777,"{'is_target': True, 'verdict': '参加推奨', 'max_combo_prob': 0.0574, 'est_top_odds': 23.2, 'circle_concentration': 64.0, 'eligible_count': 8, 'bet_adj': 2, 'reason': 'rel_win1=46.6%（本命度） / 最有力組み合わせ確率: 0.057（推定実オッズ?23倍） / 2着集中度: 上位2艇 64.0%（補正+0.00） / 総合判定確率: 0.057 / → ヒモ分散。1号艇1着固定で広めのヒモ流し推奨（買い目+2点）', 'tenji_trigger': '展示確認: ヒモ分散レース。1号艇伸び確認後、広めのヒモ流しを採用。穴ヒモ（5・6号艇）を積極的に含める。'}",,,33.9,逃げ狙い,39.13,26.9,2,,,,,,,,,,,
2025-11-08,丸亀,7,4,海野康志,A1,36.36,4,,9.8361,21,78,72.2,0.155,3.3056,,,0,低,38,0,差0%,61,0,30.4,0.9034,0,0.0588,0.0588,0.0588,0,0,0.0387,0.2516,,,C,,◎,0.3023,0.6265,0.3667,0.4724,A,67,0,◎-○軸 3着3〜4艇流し（10〜15点）,0.5777,"{'is_target': True, 'verdict': '参加推奨', 'max_combo_prob': 0.0574, 'est_top_odds': 23.2, 'circle_concentration': 64.0, 'eligible_count': 8, 'bet_adj': 2, 'reason': 'rel_win1=46.6%（本命度） / 最有力組み合わせ確率: 0.057（推定実オッズ?23倍） / 2着集中度: 上位2艇 64.0%（補正+0.00） / 総合判定確率: 0.057 / → ヒモ分散。1号艇1着固定で広めのヒモ流し推奨（買い目+2点）', 'tenji_trigger': '展示確認: ヒモ分散レース。1号艇伸び確認後、広めのヒモ流しを採用。穴ヒモ（5・6号艇）を積極的に含める。'}",,,33.9,逃げ狙い,39.13,26.9,2,,,,,,,,,,,
2025-11-08,丸亀,7,5,杉山正樹,A1,28.89,5,,8.2025,13.7,91,62.5,0.1725,3.4167,,,0,低,101,0,-,3,0,40.9,1.545,0,0,0,0.1111,0,0,0.0476,0.0476,,,D,△,○,0.2527,0.667,0.2566,0.4724,A,67,0,◎-○軸 3着3〜4艇流し（10〜15点）,0.5777,"{'is_target': True, 'verdict': '参加推奨', 'max_combo_prob': 0.0574, 'est_top_odds': 23.2, 'circle_concentration': 64.0, 'eligible_count': 8, 'bet_adj': 2, 'reason': 'rel_win1=46.6%（本命度） / 最有力組み合わせ確率: 0.057（推定実オッズ?23倍） / 2着集中度: 上位2艇 64.0%（補正+0.00） / 総合判定確率: 0.057 / → ヒモ分散。1号艇1着固定で広めのヒモ流し推奨（買い目+2点）', 'tenji_trigger': '展示確認: ヒモ分散レース。1号艇伸び確認後、広めのヒモ流しを採用。穴ヒモ（5・6号艇）を積極的に含める。'}",,,33.9,逃げ狙い,39.13,26.9,2,,,,,,,,,,,
2025-11-08,丸亀,7,6,前田将太,A1,38.46,6,▲,4.9499,1.3,62,48,0.1456,2.66,,,0,低,42,0,-,52,0,93.9,1.9228,,,,,,0.0476,0.0952,0.0476,,,B,○,,0.35,0.6935,,0.4724,A,67,0,◎-○軸 3着3〜4艇流し（10〜15点）,0.5777,"{'is_target': True, 'verdict': '参加推奨', 'max_combo_prob': 0.0574, 'est_top_odds': 23.2, 'circle_concentration': 64.0, 'eligible_count': 8, 'bet_adj': 2, 'reason': 'rel_win1=46.6%（本命度） / 最有力組み合わせ確率: 0.057（推定実オッズ?23倍） / 2着集中度: 上位2艇 64.0%（補正+0.00） / 総合判定確率: 0.057 / → ヒモ分散。1号艇1着固定で広めのヒモ流し推奨（買い目+2点）', 'tenji_trigger': '展示確認: ヒモ分散レース。1号艇伸び確認後、広めのヒモ流しを採用。穴ヒモ（5・6号艇）を積極的に含める。'}",,,33.9,逃げ狙い,39.13,26.9,2,,,,,,,,,,,
2025-11-08,丸亀,8,1,山田康二,A1,42.86,1,◎,61.6564,,0,91.3,0.1287,2.5652,,,0,低,35,0,逃1%,55,0,90,1.1807,0.6842,,,,,0.0211,0.1211,0.1632,◎,,C,△,,,0.6765,,0.5943,S,85,0,◎1着固定 2-3着流し（5〜8点）,0.5777,"{'is_target': True, 'verdict': '参加推奨', 'max_combo_prob': 0.0728, 'est_top_odds': 18.3, 'circle_concentration': 66.2, 'eligible_count': 6, 'bet_adj': 2, 'reason': 'rel_win1=61.7%（本命度） / 最有力組み合わせ確率: 0.073（推定実オッズ?18倍） / 2着集中度: 上位2艇 66.2%（補正+0.00） / 総合判定確率: 0.073 / → ヒモ分散。1号艇1着固定で広めのヒモ流し推奨（買い目+2点）', 'tenji_trigger': '展示確認: ヒモ分散レース。1号艇伸び確認後、広めのヒモ流しを採用。穴ヒモ（5・6号艇）を積極的に含める。\n展示で1号艇スタート超安定(0.129秒)→ヒモ固まり方向に注意'}",,,31.7,逃げ狙い,32.68,26.1,3,,,,,0,0,0.7559,0,,逃げ軸流し,A
2025-11-08,丸亀,8,2,重成一人,A1,44.19,2,▲,9.2218,39.1,66,63.3,0.1577,3.3333,,,0,低,51,0,-,2,0,73.6,0.5979,0,0.0833,0,0,0,0.0533,0.2533,0.0133,,,B,,,0.0681,0.6315,,0.5943,S,85,0,◎1着固定 2-3着流し（5〜8点）,0.5777,"{'is_target': True, 'verdict': '参加推奨', 'max_combo_prob': 0.0728, 'est_top_odds': 18.3, 'circle_concentration': 66.2, 'eligible_count': 6, 'bet_adj': 2, 'reason': 'rel_win1=61.7%（本命度） / 最有力組み合わせ確率: 0.073（推定実オッズ?18倍） / 2着集中度: 上位2艇 66.2%（補正+0.00） / 総合判定確率: 0.073 / → ヒモ分散。1号艇1着固定で広めのヒモ流し推奨（買い目+2点）', 'tenji_trigger': '展示確認: ヒモ分散レース。1号艇伸び確認後、広めのヒモ流しを採用。穴ヒモ（5・6号艇）を積極的に含める。\n展示で1号艇スタート超安定(0.129秒)→ヒモ固まり方向に注意'}",,,31.7,逃げ狙い,32.68,26.1,3,,,,,,,,,,,
2025-11-08,丸亀,8,3,上條暢嵩,A1,30.30,3,△,12.9532,27.1,77,93.3,0.1453,3.4333,,,0,低,12,0,差ま1%,3,0,80.2,1.6075,0,0,0,0.8,0,,,,,◎,E,◎,,0.4206,0.7115,,0.5943,S,85,0,◎1着固定 2-3着流し（5〜8点）,0.5777,"{'is_target': True, 'verdict': '参加推奨', 'max_combo_prob': 0.0728, 'est_top_odds': 18.3, 'circle_concentration': 66.2, 'eligible_count': 6, 'bet_adj': 2, 'reason': 'rel_win1=61.7%（本命度） / 最有力組み合わせ確率: 0.073（推定実オッズ?18倍） / 2着集中度: 上位2艇 66.2%（補正+0.00） / 総合判定確率: 0.073 / → ヒモ分散。1号艇1着固定で広めのヒモ流し推奨（買い目+2点）', 'tenji_trigger': '展示確認: ヒモ分散レース。1号艇伸び確認後、広めのヒモ流しを採用。穴ヒモ（5・6号艇）を積極的に含める。\n展示で1号艇スタート超安定(0.129秒)→ヒモ固まり方向に注意'}",,,31.7,逃げ狙い,32.68,26.1,3,,,,,,,,,,,
2025-11-08,丸亀,8,4,入海　馨,A1,45.45,4,○,11.6104,23.9,100,77.8,0.1319,2.8704,,,0,低,69,0,ま0% 差ま0% 抜0%,2,0,86.4,1.5583,0,0,0.1818,0.0909,0.0909,0,0,0,,,B,,◎,0.2911,0.6215,0.501,0.5943,S,85,0,◎1着固定 2-3着流し（5〜8点）,0.5777,"{'is_target': True, 'verdict': '参加推奨', 'max_combo_prob': 0.0728, 'est_top_odds': 18.3, 'circle_concentration': 66.2, 'eligible_count': 6, 'bet_adj': 2, 'reason': 'rel_win1=61.7%（本命度） / 最有力組み合わせ確率: 0.073（推定実オッズ?18倍） / 2着集中度: 上位2艇 66.2%（補正+0.00） / 総合判定確率: 0.073 / → ヒモ分散。1号艇1着固定で広めのヒモ流し推奨（買い目+2点）', 'tenji_trigger': '展示確認: ヒモ分散レース。1号艇伸び確認後、広めのヒモ流しを採用。穴ヒモ（5・6号艇）を積極的に含める。\n展示で1号艇スタート超安定(0.129秒)→ヒモ固まり方向に注意'}",,,31.7,逃げ狙い,32.68,26.1,3,,,,,,,,,,,
2025-11-08,丸亀,8,5,赤岩善生,A1,43.90,5,,3.7379,7.8,74,0,0.19,3.5,,,0,低,38,1,-,22,0,31.6,0.6829,,,,,,0.0229,0.1207,0.0571,,,C,○,,0.1328,0.691,,0.5943,S,85,0,◎1着固定 2-3着流し（5〜8点）,0.5777,"{'is_target': True, 'verdict': '参加推奨', 'max_combo_prob': 0.0728, 'est_top_odds': 18.3, 'circle_concentration': 66.2, 'eligible_count': 6, 'bet_adj': 2, 'reason': 'rel_win1=61.7%（本命度） / 最有力組み合わせ確率: 0.073（推定実オッズ?18倍） / 2着集中度: 上位2艇 66.2%（補正+0.00） / 総合判定確率: 0.073 / → ヒモ分散。1号艇1着固定で広めのヒモ流し推奨（買い目+2点）', 'tenji_trigger': '展示確認: ヒモ分散レース。1号艇伸び確認後、広めのヒモ流しを採用。穴ヒモ（5・6号艇）を積極的に含める。\n展示で1号艇スタート超安定(0.129秒)→ヒモ固まり方向に注意'}",,,31.7,逃げ狙い,32.68,26.1,3,,,,,,,,,,,
2025-11-08,丸亀,8,6,須藤博倫,A1,37.50,6,,0.8203,2.1,80,36.6,0.1817,4.0244,,,0,低,54,0,-,4,0,31.6,1.4544,,,,,,0.1171,0.0421,0.0421,,,D,△,,0.1414,0.6375,,0.5943,S,85,0,◎1着固定 2-3着流し（5〜8点）,0.5777,"{'is_target': True, 'verdict': '参加推奨', 'max_combo_prob': 0.0728, 'est_top_odds': 18.3, 'circle_concentration': 66.2, 'eligible_count': 6, 'bet_adj': 2, 'reason': 'rel_win1=61.7%（本命度） / 最有力組み合わせ確率: 0.073（推定実オッズ?18倍） / 2着集中度: 上位2艇 66.2%（補正+0.00） / 総合判定確率: 0.073 / → ヒモ分散。1号艇1着固定で広めのヒモ流し推奨（買い目+2点）', 'tenji_trigger': '展示確認: ヒモ分散レース。1号艇伸び確認後、広めのヒモ流しを採用。穴ヒモ（5・6号艇）を積極的に含める。\n展示で1号艇スタート超安定(0.129秒)→ヒモ固まり方向に注意'}",,,31.7,逃げ狙い,32.68,26.1,3,,,,,,,,,,,
2025-11-08,丸亀,9,1,佐藤隆太,A1,32.56,1,◎,54.9487,,0,95,0.1477,2.7375,,,0,低,32,0,逃1%,6,0,76.3,1.1929,0.75,,,,,0.0833,0.0833,0,◎,,C,△,,,0.6665,,0.5373,S,89,0,◎1着固定 2-3着流し（5〜8点）,0.5777,"{'is_target': True, 'verdict': '参加推奨', 'max_combo_prob': 0.0961, 'est_top_odds': 13.9, 'circle_concentration': 65.2, 'eligible_count': 6, 'bet_adj': 2, 'reason': 'rel_win1=54.9%（本命度） / 最有力組み合わせ確率: 0.096（推定実オッズ?14倍） / 2着集中度: 上位2艇 65.2%（補正+0.00） / 総合判定確率: 0.096 / → ヒモ分散。1号艇1着固定で広めのヒモ流し推奨（買い目+2点）', 'tenji_trigger': '展示確認: ヒモ分散レース。1号艇伸び確認後、広めのヒモ流しを採用。穴ヒモ（5・6号艇）を積極的に含める。'}",,,30.1,逃げ狙い,28.5,25.2,2,,,,,0,0,0.7559,0,,逃げ軸流し,A
2025-11-08,丸亀,9,2,藤原啓史,A1,35.48,2,○,20.1008,45.1,59,86.7,0.129,2.7167,,,0,低,29,0,差0%,14,0,62.9,1.4393,0,0.2667,0,0,0,0.0167,0,0.2333,,◎,B,◎,,0.5505,0.685,,0.5373,S,89,0,◎1着固定 2-3着流し（5〜8点）,0.5777,"{'is_target': True, 'verdict': '参加推奨', 'max_combo_prob': 0.0961, 'est_top_odds': 13.9, 'circle_concentration': 65.2, 'eligible_count': 6, 'bet_adj': 2, 'reason': 'rel_win1=54.9%（本命度） / 最有力組み合わせ確率: 0.096（推定実オッズ?14倍） / 2着集中度: 上位2艇 65.2%（補正+0.00） / 総合判定確率: 0.096 / → ヒモ分散。1号艇1着固定で広めのヒモ流し推奨（買い目+2点）', 'tenji_trigger': '展示確認: ヒモ分散レース。1号艇伸び確認後、広めのヒモ流しを採用。穴ヒモ（5・6号艇）を積極的に含める。'}",,,30.1,逃げ狙い,28.5,25.2,2,,,,,,,,,,,
2025-11-08,丸亀,9,3,土屋智則,A1,31.82,3,,7.4903,17.4,66,70.6,0.1735,3.6176,,,0,低,34,0,-,4,0,100,1.1527,,,,,,0.1235,0.1235,0.1471,,,D,,,0.175,0.627,,0.5373,S,89,0,◎1着固定 2-3着流し（5〜8点）,0.5777,"{'is_target': True, 'verdict': '参加推奨', 'max_combo_prob': 0.0961, 'est_top_odds': 13.9, 'circle_concentration': 65.2, 'eligible_count': 6, 'bet_adj': 2, 'reason': 'rel_win1=54.9%（本命度） / 最有力組み合わせ確率: 0.096（推定実オッズ?14倍） / 2着集中度: 上位2艇 65.2%（補正+0.00） / 総合判定確率: 0.096 / → ヒモ分散。1号艇1着固定で広めのヒモ流し推奨（買い目+2点）', 'tenji_trigger': '展示確認: ヒモ分散レース。1号艇伸び確認後、広めのヒモ流しを採用。穴ヒモ（5・6号艇）を積極的に含める。'}",,,30.1,逃げ狙い,28.5,25.2,2,,,,,,,,,,,
2025-11-08,丸亀,9,4,井上忠政,A1,32.56,4,△,8.0337,16,100,85.7,0.1468,3.375,,,0,低,51,0,差0% ま0%,1,0,69,1.5234,0,0.0833,0.0833,0,0,0,0,0.125,,,C,○,◎,0.3018,0.6805,0.3959,0.5373,S,89,0,◎1着固定 2-3着流し（5〜8点）,0.5777,"{'is_target': True, 'verdict': '参加推奨', 'max_combo_prob': 0.0961, 'est_top_odds': 13.9, 'circle_concentration': 65.2, 'eligible_count': 6, 'bet_adj': 2, 'reason': 'rel_win1=54.9%（本命度） / 最有力組み合わせ確率: 0.096（推定実オッズ?14倍） / 2着集中度: 上位2艇 65.2%（補正+0.00） / 総合判定確率: 0.096 / → ヒモ分散。1号艇1着固定で広めのヒモ流し推奨（買い目+2点）', 'tenji_trigger': '展示確認: ヒモ分散レース。1号艇伸び確認後、広めのヒモ流しを採用。穴ヒモ（5・6号艇）を積極的に含める。'}",,,30.1,逃げ狙い,28.5,25.2,2,,,,,,,,,,,
2025-11-08,丸亀,9,5,近江翔吾,A1,54.76,5,▲,4.8504,20.1,44,57.8,0.1538,3.3,,,0,低,52,0,差ま0%,1,0,36.4,1.0307,0,0,0,0.1154,0,0.0811,0.0541,0.027,,,A,,,0.2809,0.6415,,0.5373,S,89,0,◎1着固定 2-3着流し（5〜8点）,0.5777,"{'is_target': True, 'verdict': '参加推奨', 'max_combo_prob': 0.0961, 'est_top_odds': 13.9, 'circle_concentration': 65.2, 'eligible_count': 6, 'bet_adj': 2, 'reason': 'rel_win1=54.9%（本命度） / 最有力組み合わせ確率: 0.096（推定実オッズ?14倍） / 2着集中度: 上位2艇 65.2%（補正+0.00） / 総合判定確率: 0.096 / → ヒモ分散。1号艇1着固定で広めのヒモ流し推奨（買い目+2点）', 'tenji_trigger': '展示確認: ヒモ分散レース。1号艇伸び確認後、広めのヒモ流しを採用。穴ヒモ（5・6号艇）を積極的に含める。'}",,,30.1,逃げ狙い,28.5,25.2,2,,,,,,,,,,,
2025-11-08,丸亀,9,6,末永和也,A1,30.56,6,,4.5761,1.4,48,55,0.1595,3.175,,,0,低,16,0,-,35,0,33,2.1803,,,,,,0,0.1,0,,,D,△,,0.2738,0.679,,0.5373,S,89,0,◎1着固定 2-3着流し（5〜8点）,0.5777,"{'is_target': True, 'verdict': '参加推奨', 'max_combo_prob': 0.0961, 'est_top_odds': 13.9, 'circle_concentration': 65.2, 'eligible_count': 6, 'bet_adj': 2, 'reason': 'rel_win1=54.9%（本命度） / 最有力組み合わせ確率: 0.096（推定実オッズ?14倍） / 2着集中度: 上位2艇 65.2%（補正+0.00） / 総合判定確率: 0.096 / → ヒモ分散。1号艇1着固定で広めのヒモ流し推奨（買い目+2点）', 'tenji_trigger': '展示確認: ヒモ分散レース。1号艇伸び確認後、広めのヒモ流しを採用。穴ヒモ（5・6号艇）を積極的に含める。'}",,,30.1,逃げ狙い,28.5,25.2,2,,,,,,,,,,,
2025-11-08,丸亀,10,1,吉川元浩,A1,52.38,1,◎,56.1151,,0,94.4,0.1547,3.0417,,,0,低,31,0,逃1%,6,0,72.8,1.1912,0.7222,,,,,0.0222,0.2444,0.0222,◎,,A,,,,0.645,,0.459,A,77,0,◎-○軸 3着3〜4艇流し（10〜15点）,0.5777,"{'is_target': True, 'verdict': '参加推奨', 'max_combo_prob': 0.0627, 'est_top_odds': 21.3, 'circle_concentration': 59.8, 'eligible_count': 8, 'bet_adj': 2, 'reason': 'rel_win1=56.1%（本命度） / 最有力組み合わせ確率: 0.063（推定実オッズ?21倍） / 2着集中度: 上位2艇 59.8%（補正+0.00） / 総合判定確率: 0.063 / → ヒモ分散。1号艇1着固定で広めのヒモ流し推奨（買い目+2点）', 'tenji_trigger': '展示確認: ヒモ分散レース。1号艇伸び確認後、広めのヒモ流しを採用。穴ヒモ（5・6号艇）を積極的に含める。'}",,,33.5,逃げ狙い,35.94,28.3,3,,,,,0,0,0.7559,0,,逃げ軸流し,A
2025-11-08,丸亀,10,2,柳生泰二,A1,57.89,2,○,18.0209,39.8,82,88.5,0.1385,2.9423,,,0,低,43,0,差0% ま0%,5,0,59,1.4403,0,0.4167,0.0833,0,0,0.1444,0.1148,0,,◎,A,○,,0.5555,0.687,,0.459,A,77,0,◎-○軸 3着3〜4艇流し（10〜15点）,0.5777,"{'is_target': True, 'verdict': '参加推奨', 'max_combo_prob': 0.0627, 'est_top_odds': 21.3, 'circle_concentration': 59.8, 'eligible_count': 8, 'bet_adj': 2, 'reason': 'rel_win1=56.1%（本命度） / 最有力組み合わせ確率: 0.063（推定実オッズ?21倍） / 2着集中度: 上位2艇 59.8%（補正+0.00） / 総合判定確率: 0.063 / → ヒモ分散。1号艇1着固定で広めのヒモ流し推奨（買い目+2点）', 'tenji_trigger': '展示確認: ヒモ分散レース。1号艇伸び確認後、広めのヒモ流しを採用。穴ヒモ（5・6号艇）を積極的に含める。'}",,,33.5,逃げ狙い,35.94,28.3,3,,,,,,,,,,,
2025-11-08,丸亀,10,3,峰　竜太,A1,28.57,3,▲,11.8843,20.1,89,77.8,0.1267,2.7778,,,0,低,4,1,ま0%,1,0,44.4,1.3733,0,0,0.2,0,0,0,0,0,,○,E,◎,,0.453,0.8175,,0.459,A,77,0,◎-○軸 3着3〜4艇流し（10〜15点）,0.5777,"{'is_target': True, 'verdict': '参加推奨', 'max_combo_prob': 0.0627, 'est_top_odds': 21.3, 'circle_concentration': 59.8, 'eligible_count': 8, 'bet_adj': 2, 'reason': 'rel_win1=56.1%（本命度） / 最有力組み合わせ確率: 0.063（推定実オッズ?21倍） / 2着集中度: 上位2艇 59.8%（補正+0.00） / 総合判定確率: 0.063 / → ヒモ分散。1号艇1着固定で広めのヒモ流し推奨（買い目+2点）', 'tenji_trigger': '展示確認: ヒモ分散レース。1号艇伸び確認後、広めのヒモ流しを採用。穴ヒモ（5・6号艇）を積極的に含める。'}",,,33.5,逃げ狙い,35.94,28.3,3,,,,,,,,,,,
2025-11-08,丸亀,10,4,長田頼宗,A1,27.78,4,,5.9075,18.9,92,65.2,0.1565,3.6304,,,0,低,43,0,差ま0%,1,0,100,1.1483,0,0,0,0.1,0,0,0,0,,,E,△,,0.2873,0.6725,,0.459,A,77,0,◎-○軸 3着3〜4艇流し（10〜15点）,0.5777,"{'is_target': True, 'verdict': '参加推奨', 'max_combo_prob': 0.0627, 'est_top_odds': 21.3, 'circle_concentration': 59.8, 'eligible_count': 8, 'bet_adj': 2, 'reason': 'rel_win1=56.1%（本命度） / 最有力組み合わせ確率: 0.063（推定実オッズ?21倍） / 2着集中度: 上位2艇 59.8%（補正+0.00） / 総合判定確率: 0.063 / → ヒモ分散。1号艇1着固定で広めのヒモ流し推奨（買い目+2点）', 'tenji_trigger': '展示確認: ヒモ分散レース。1号艇伸び確認後、広めのヒモ流しを採用。穴ヒモ（5・6号艇）を積極的に含める。'}",,,33.5,逃げ狙い,35.94,28.3,3,,,,,,,,,,,
2025-11-08,丸亀,10,5,西岡顕心,A1,43.90,5,,4.9458,11.3,100,61.5,0.1577,3.4615,,,0,低,55,0,-,3,0,42.7,1.2079,0,0,0,0.125,0,0,0.0714,0,,,C,,,0.2934,0.6245,,0.459,A,77,0,◎-○軸 3着3〜4艇流し（10〜15点）,0.5777,"{'is_target': True, 'verdict': '参加推奨', 'max_combo_prob': 0.0627, 'est_top_odds': 21.3, 'circle_concentration': 59.8, 'eligible_count': 8, 'bet_adj': 2, 'reason': 'rel_win1=56.1%（本命度） / 最有力組み合わせ確率: 0.063（推定実オッズ?21倍） / 2着集中度: 上位2艇 59.8%（補正+0.00） / 総合判定確率: 0.063 / → ヒモ分散。1号艇1着固定で広めのヒモ流し推奨（買い目+2点）', 'tenji_trigger': '展示確認: ヒモ分散レース。1号艇伸び確認後、広めのヒモ流しを採用。穴ヒモ（5・6号艇）を積極的に含める。'}",,,33.5,逃げ狙い,35.94,28.3,3,,,,,,,,,,,
2025-11-08,丸亀,10,6,吉田裕平,A1,40.91,6,△,3.1264,10,75,77.3,0.1323,3.0909,,,0,低,29,0,差ま0%,63,0,37.1,2.8025,0,0,0,0.3333,0,0,0.1429,0,,△,C,△,,0.429,0.6645,,0.459,A,77,0,◎-○軸 3着3〜4艇流し（10〜15点）,0.5777,"{'is_target': True, 'verdict': '参加推奨', 'max_combo_prob': 0.0627, 'est_top_odds': 21.3, 'circle_concentration': 59.8, 'eligible_count': 8, 'bet_adj': 2, 'reason': 'rel_win1=56.1%（本命度） / 最有力組み合わせ確率: 0.063（推定実オッズ?21倍） / 2着集中度: 上位2艇 59.8%（補正+0.00） / 総合判定確率: 0.063 / → ヒモ分散。1号艇1着固定で広めのヒモ流し推奨（買い目+2点）', 'tenji_trigger': '展示確認: ヒモ分散レース。1号艇伸び確認後、広めのヒモ流しを採用。穴ヒモ（5・6号艇）を積極的に含める。'}",,,33.5,逃げ狙い,35.94,28.3,3,,,,,,,,,,,
2025-11-08,丸亀,11,1,磯部　誠,A1,28.21,1,◎,53.1598,,0,100,0.1215,2.225,,,0,低,9,0,逃1%,2,0,85.5,1.2376,1,,,,,,,,◎,,D,◎,,,0.715,,0.7278,S,98,0,◎1着固定 2-3着流し（5〜8点）,0.5777,"{'is_target': True, 'verdict': '参加推奨', 'max_combo_prob': 0.0504, 'est_top_odds': 26.4, 'circle_concentration': 58.5, 'eligible_count': 6, 'bet_adj': 2, 'reason': 'rel_win1=53.2%（本命度） / 最有力組み合わせ確率: 0.050（推定実オッズ?26倍） / 2着集中度: 上位2艇 58.5%（補正+0.00） / 総合判定確率: 0.050 / → ヒモ分散。1号艇1着固定で広めのヒモ流し推奨（買い目+2点）', 'tenji_trigger': '展示確認: ヒモ分散レース。1号艇伸び確認後、広めのヒモ流しを採用。穴ヒモ（5・6号艇）を積極的に含める。\n展示で1号艇スタート超安定(0.121秒)→ヒモ固まり方向に注意'}",,,29.3,逃げ狙い,31.59,20.1,2,,,,,0,0,0.7559,0,,逃げ軸流し,A
2025-11-08,丸亀,11,2,松井　繁,A1,43.90,2,▲,15.8135,27.3,89,84.6,0.1754,4,,,0,低,24,1,差1%,1,0,55.8,1.3605,0,0.5714,0,0,0,0.0714,0.2143,0,,,A,,,0.1889,0.6505,,0.7278,S,98,0,◎1着固定 2-3着流し（5〜8点）,0.5777,"{'is_target': True, 'verdict': '参加推奨', 'max_combo_prob': 0.0504, 'est_top_odds': 26.4, 'circle_concentration': 58.5, 'eligible_count': 6, 'bet_adj': 2, 'reason': 'rel_win1=53.2%（本命度） / 最有力組み合わせ確率: 0.050（推定実オッズ?26倍） / 2着集中度: 上位2艇 58.5%（補正+0.00） / 総合判定確率: 0.050 / → ヒモ分散。1号艇1着固定で広めのヒモ流し推奨（買い目+2点）', 'tenji_trigger': '展示確認: ヒモ分散レース。1号艇伸び確認後、広めのヒモ流しを採用。穴ヒモ（5・6号艇）を積極的に含める。\n展示で1号艇スタート超安定(0.121秒)→ヒモ固まり方向に注意'}",,,29.3,逃げ狙い,31.59,20.1,2,,,,,,,,,,,
2025-11-08,丸亀,11,3,渡辺浩司,A1,32.65,3,○,10.9781,31.2,92,78.4,0.1243,2.4412,,,0,低,46,0,-,4,0,96.4,1.0812,0,0.0714,0.0714,0.0714,0,0.1467,0,0.0867,,,C,○,,0.266,0.699,,0.7278,S,98,0,◎1着固定 2-3着流し（5〜8点）,0.5777,"{'is_target': True, 'verdict': '参加推奨', 'max_combo_prob': 0.0504, 'est_top_odds': 26.4, 'circle_concentration': 58.5, 'eligible_count': 6, 'bet_adj': 2, 'reason': 'rel_win1=53.2%（本命度） / 最有力組み合わせ確率: 0.050（推定実オッズ?26倍） / 2着集中度: 上位2艇 58.5%（補正+0.00） / 総合判定確率: 0.050 / → ヒモ分散。1号艇1着固定で広めのヒモ流し推奨（買い目+2点）', 'tenji_trigger': '展示確認: ヒモ分散レース。1号艇伸び確認後、広めのヒモ流しを採用。穴ヒモ（5・6号艇）を積極的に含める。\n展示で1号艇スタート超安定(0.121秒)→ヒモ固まり方向に注意'}",,,29.3,逃げ狙い,31.59,20.1,2,,,,,,,,,,,
2025-11-08,丸亀,11,4,寺田　祥,A1,26.67,4,,9.6128,19.4,86,84.2,0.1484,2.8684,,,0,低,38,0,ま0% 差ま0%,4,0,76.6,1.5749,0,0,0.0909,0.1818,0,0.0182,0.1212,0.0545,,,E,△,○,0.2189,0.6605,0.4138,0.7278,S,98,0,◎1着固定 2-3着流し（5〜8点）,0.5777,"{'is_target': True, 'verdict': '参加推奨', 'max_combo_prob': 0.0504, 'est_top_odds': 26.4, 'circle_concentration': 58.5, 'eligible_count': 6, 'bet_adj': 2, 'reason': 'rel_win1=53.2%（本命度） / 最有力組み合わせ確率: 0.050（推定実オッズ?26倍） / 2着集中度: 上位2艇 58.5%（補正+0.00） / 総合判定確率: 0.050 / → ヒモ分散。1号艇1着固定で広めのヒモ流し推奨（買い目+2点）', 'tenji_trigger': '展示確認: ヒモ分散レース。1号艇伸び確認後、広めのヒモ流しを採用。穴ヒモ（5・6号艇）を積極的に含める。\n展示で1号艇スタート超安定(0.121秒)→ヒモ固まり方向に注意'}",,,29.3,逃げ狙い,31.59,20.1,2,,,,,,,,,,,
2025-11-08,丸亀,11,5,濱野斗馬,A1,32.26,5,△,9.5942,16.1,100,72.7,0.1352,2.5303,,,0,低,40,0,差0%,2,0,46.4,1.1483,0,0.0556,0.1111,0.1111,0,0.0968,0,0.0323,,,C,,◎,0.266,0.638,0.4493,0.7278,S,98,0,◎1着固定 2-3着流し（5〜8点）,0.5777,"{'is_target': True, 'verdict': '参加推奨', 'max_combo_prob': 0.0504, 'est_top_odds': 26.4, 'circle_concentration': 58.5, 'eligible_count': 6, 'bet_adj': 2, 'reason': 'rel_win1=53.2%（本命度） / 最有力組み合わせ確率: 0.050（推定実オッズ?26倍） / 2着集中度: 上位2艇 58.5%（補正+0.00） / 総合判定確率: 0.050 / → ヒモ分散。1号艇1着固定で広めのヒモ流し推奨（買い目+2点）', 'tenji_trigger': '展示確認: ヒモ分散レース。1号艇伸び確認後、広めのヒモ流しを採用。穴ヒモ（5・6号艇）を積極的に含める。\n展示で1号艇スタート超安定(0.121秒)→ヒモ固まり方向に注意'}",,,29.3,逃げ狙い,31.59,20.1,2,,,,,,,,,,,
2025-11-08,丸亀,11,6,椎名　豊,A1,31.91,6,,0.8416,6,54,52.2,0.1643,3.2391,,,0,低,42,0,-,4,0,32.7,1.9983,,,,,,0.1382,0,0.0364,,,C,△,,0.1737,0.664,,0.7278,S,98,0,◎1着固定 2-3着流し（5〜8点）,0.5777,"{'is_target': True, 'verdict': '参加推奨', 'max_combo_prob': 0.0504, 'est_top_odds': 26.4, 'circle_concentration': 58.5, 'eligible_count': 6, 'bet_adj': 2, 'reason': 'rel_win1=53.2%（本命度） / 最有力組み合わせ確率: 0.050（推定実オッズ?26倍） / 2着集中度: 上位2艇 58.5%（補正+0.00） / 総合判定確率: 0.050 / → ヒモ分散。1号艇1着固定で広めのヒモ流し推奨（買い目+2点）', 'tenji_trigger': '展示確認: ヒモ分散レース。1号艇伸び確認後、広めのヒモ流しを採用。穴ヒモ（5・6号艇）を積極的に含める。\n展示で1号艇スタート超安定(0.121秒)→ヒモ固まり方向に注意'}",,,29.3,逃げ狙い,31.59,20.1,2,,,,,,,,,,,
2025-11-08,丸亀,12,1,馬場貴也,A1,40.00,1,◎,56.4375,,0,87,0.1265,2.2609,,,0,低,17,0,逃1%,36,0,68.9,1.1162,0.75,,,,,0.0833,0.1667,0,◎,,B,,,,0.606,,0.6666,S,87,0,◎1着固定 2-3着流し（5〜8点）,0.5777,"{'is_target': True, 'verdict': '参加推奨', 'max_combo_prob': 0.0691, 'est_top_odds': 19.3, 'circle_concentration': 65.0, 'eligible_count': 6, 'bet_adj': 2, 'reason': 'rel_win1=56.4%（本命度） / 最有力組み合わせ確率: 0.069（推定実オッズ?19倍） / 2着集中度: 上位2艇 65.0%（補正+0.00） / 総合判定確率: 0.069 / → ヒモ分散。1号艇1着固定で広めのヒモ流し推奨（買い目+2点）', 'tenji_trigger': '展示確認: ヒモ分散レース。1号艇伸び確認後、広めのヒモ流しを採用。穴ヒモ（5・6号艇）を積極的に含める。\n展示で1号艇スタート超安定(0.127秒)→ヒモ固まり方向に注意'}",,,32.2,逃げ狙い,34.07,26.4,5,,,,,0,0,0.7559,0,,逃げ軸流し,A
2025-11-08,丸亀,12,2,西山貴浩,A1,28.57,2,,9.0471,42.3,69,66.7,0.1583,3.6667,,,0,低,17,1,差0% ま0%,6,0,100,1.0626,0,0.0938,0.0312,0,0,0,0.1429,0,,,D,◎,,0.0688,0.7,,0.6666,S,87,0,◎1着固定 2-3着流し（5〜8点）,0.5777,"{'is_target': True, 'verdict': '参加推奨', 'max_combo_prob': 0.0691, 'est_top_odds': 19.3, 'circle_concentration': 65.0, 'eligible_count': 6, 'bet_adj': 2, 'reason': 'rel_win1=56.4%（本命度） / 最有力組み合わせ確率: 0.069（推定実オッズ?19倍） / 2着集中度: 上位2艇 65.0%（補正+0.00） / 総合判定確率: 0.069 / → ヒモ分散。1号艇1着固定で広めのヒモ流し推奨（買い目+2点）', 'tenji_trigger': '展示確認: ヒモ分散レース。1号艇伸び確認後、広めのヒモ流しを採用。穴ヒモ（5・6号艇）を積極的に含める。\n展示で1号艇スタート超安定(0.127秒)→ヒモ固まり方向に注意'}",,,32.2,逃げ狙い,34.07,26.4,5,,,,,,,,,,,
2025-11-08,丸亀,12,3,白井英治,A1,43.90,3,○,12.4611,22.6,100,88.9,0.1567,3.5278,,,0,低,29,0,ま0%,31,0,60.8,1.5383,0,0,0.1429,0,0,0.0588,0.1765,0.0588,,,A,△,,0.159,0.659,,0.6666,S,87,0,◎1着固定 2-3着流し（5〜8点）,0.5777,"{'is_target': True, 'verdict': '参加推奨', 'max_combo_prob': 0.0691, 'est_top_odds': 19.3, 'circle_concentration': 65.0, 'eligible_count': 6, 'bet_adj': 2, 'reason': 'rel_win1=56.4%（本命度） / 最有力組み合わせ確率: 0.069（推定実オッズ?19倍） / 2着集中度: 上位2艇 65.0%（補正+0.00） / 総合判定確率: 0.069 / → ヒモ分散。1号艇1着固定で広めのヒモ流し推奨（買い目+2点）', 'tenji_trigger': '展示確認: ヒモ分散レース。1号艇伸び確認後、広めのヒモ流しを採用。穴ヒモ（5・6号艇）を積極的に含める。\n展示で1号艇スタート超安定(0.127秒)→ヒモ固まり方向に注意'}",,,32.2,逃げ狙い,34.07,26.4,5,,,,,,,,,,,
2025-11-08,丸亀,12,4,宮地元輝,A1,29.79,4,▲,9.8323,13.3,78,60,0.1287,3.0333,,,0,低,13,0,ま0%,44,0,50.5,1.2462,0,0,0.0833,0,0,0,0,0.1667,,,D,○,,0.2883,0.6895,,0.6666,S,87,0,◎1着固定 2-3着流し（5〜8点）,0.5777,"{'is_target': True, 'verdict': '参加推奨', 'max_combo_prob': 0.0691, 'est_top_odds': 19.3, 'circle_concentration': 65.0, 'eligible_count': 6, 'bet_adj': 2, 'reason': 'rel_win1=56.4%（本命度） / 最有力組み合わせ確率: 0.069（推定実オッズ?19倍） / 2着集中度: 上位2艇 65.0%（補正+0.00） / 総合判定確率: 0.069 / → ヒモ分散。1号艇1着固定で広めのヒモ流し推奨（買い目+2点）', 'tenji_trigger': '展示確認: ヒモ分散レース。1号艇伸び確認後、広めのヒモ流しを採用。穴ヒモ（5・6号艇）を積極的に含める。\n展示で1号艇スタート超安定(0.127秒)→ヒモ固まり方向に注意'}",,,32.2,逃げ狙い,34.07,26.4,5,,,,,,,,,,,
2025-11-08,丸亀,12,5,関　浩哉,A1,35.00,5,△,9.3292,20.2,71,83.3,0.1633,2.6111,,,0,低,34,0,差0% 差ま0%,23,0,35.9,2.2795,0,0.1667,0,0.3333,0,,,,,,C,,◎,0.2301,0.6435,0.5128,0.6666,S,87,0,◎1着固定 2-3着流し（5〜8点）,0.5777,"{'is_target': True, 'verdict': '参加推奨', 'max_combo_prob': 0.0691, 'est_top_odds': 19.3, 'circle_concentration': 65.0, 'eligible_count': 6, 'bet_adj': 2, 'reason': 'rel_win1=56.4%（本命度） / 最有力組み合わせ確率: 0.069（推定実オッズ?19倍） / 2着集中度: 上位2艇 65.0%（補正+0.00） / 総合判定確率: 0.069 / → ヒモ分散。1号艇1着固定で広めのヒモ流し推奨（買い目+2点）', 'tenji_trigger': '展示確認: ヒモ分散レース。1号艇伸び確認後、広めのヒモ流しを採用。穴ヒモ（5・6号艇）を積極的に含める。\n展示で1号艇スタート超安定(0.127秒)→ヒモ固まり方向に注意'}",,,32.2,逃げ狙い,34.07,26.4,5,,,,,,,,,,,
2025-11-08,丸亀,12,6,森高一真,A1,25.71,6,,2.8928,1.5,97,68.8,0.1656,3.8438,,,0,低,28,0,-,3,0,32.5,1.0294,0,0.037,0,0,0,0,0.1667,0.3333,,,E,△,,0.1493,0.685,,0.6666,S,87,0,◎1着固定 2-3着流し（5〜8点）,0.5777,"{'is_target': True, 'verdict': '参加推奨', 'max_combo_prob': 0.0691, 'est_top_odds': 19.3, 'circle_concentration': 65.0, 'eligible_count': 6, 'bet_adj': 2, 'reason': 'rel_win1=56.4%（本命度） / 最有力組み合わせ確率: 0.069（推定実オッズ?19倍） / 2着集中度: 上位2艇 65.0%（補正+0.00） / 総合判定確率: 0.069 / → ヒモ分散。1号艇1着固定で広めのヒモ流し推奨（買い目+2点）', 'tenji_trigger': '展示確認: ヒモ分散レース。1号艇伸び確認後、広めのヒモ流しを採用。穴ヒモ（5・6号艇）を積極的に含める。\n展示で1号艇スタート超安定(0.127秒)→ヒモ固まり方向に注意'}",,,32.2,逃げ狙い,34.07,26.4,5,,,,,,,,,,,
2025-11-09,丸亀,1,1,渡辺浩司,A1,32.65,1,◎,54.8521,,0,98.7,0.1197,2.2949,,,0,低,46,0,逃1%,4 55,0,92,1.2307,0.8,,,,,0.1467,0,0.0867,◎,,C,○,,,0.699,,0.6764,A,76,0,◎-○軸 3着3〜4艇流し（10〜15点）,0.5777,"{'is_target': True, 'verdict': '参加推奨', 'max_combo_prob': 0.0665, 'est_top_odds': 20.0, 'circle_concentration': 66.9, 'eligible_count': 8, 'bet_adj': 2, 'reason': 'rel_win1=54.9%（本命度） / 最有力組み合わせ確率: 0.067（推定実オッズ?20倍） / 2着集中度: 上位2艇 66.9%（補正+0.00） / 総合判定確率: 0.067 / → ヒモ分散。1号艇1着固定で広めのヒモ流し推奨（買い目+2点）', 'tenji_trigger': '展示確認: ヒモ分散レース。1号艇伸び確認後、広めのヒモ流しを採用。穴ヒモ（5・6号艇）を積極的に含める。\n展示で1号艇スタート超安定(0.120秒)→ヒモ固まり方向に注意'}",,,28,逃げ狙い,20.91,25.6,2,,,,,0,0,0.7559,0,,逃げ軸流し,A
2025-11-09,丸亀,1,2,柳沢　一,A1,54.76,2,○,18.505,39.9,92,74.4,0.1353,2.8953,,,0,低,43,0,差1%,2 5,0,24.5,0.736,0,0.1818,0.0909,0,0.0455,0.0432,0.1074,0.1074,,,A,△,,0.1833,0.698,,0.6764,A,76,0,◎-○軸 3着3〜4艇流し（10〜15点）,0.5777,"{'is_target': True, 'verdict': '参加推奨', 'max_combo_prob': 0.0665, 'est_top_odds': 20.0, 'circle_concentration': 66.9, 'eligible_count': 8, 'bet_adj': 2, 'reason': 'rel_win1=54.9%（本命度） / 最有力組み合わせ確率: 0.067（推定実オッズ?20倍） / 2着集中度: 上位2艇 66.9%（補正+0.00） / 総合判定確率: 0.067 / → ヒモ分散。1号艇1着固定で広めのヒモ流し推奨（買い目+2点）', 'tenji_trigger': '展示確認: ヒモ分散レース。1号艇伸び確認後、広めのヒモ流しを採用。穴ヒモ（5・6号艇）を積極的に含める。\n展示で1号艇スタート超安定(0.120秒)→ヒモ固まり方向に注意'}",,,28,逃げ狙い,20.91,25.6,2,,,,,,,,,,,
2025-11-09,丸亀,1,3,柳生泰二,A1,57.89,3,▲,10.7761,27,86,69.7,0.1358,2.6515,,,0,低,43,0,差0% ま0% 差ま0%,5 22,0,54,1.2358,0,0.0667,0.0667,0.0667,0,0.1444,0.1148,0,,,A,,,0.2142,0.687,,0.6764,A,76,0,◎-○軸 3着3〜4艇流し（10〜15点）,0.5777,"{'is_target': True, 'verdict': '参加推奨', 'max_combo_prob': 0.0665, 'est_top_odds': 20.0, 'circle_concentration': 66.9, 'eligible_count': 8, 'bet_adj': 2, 'reason': 'rel_win1=54.9%（本命度） / 最有力組み合わせ確率: 0.067（推定実オッズ?20倍） / 2着集中度: 上位2艇 66.9%（補正+0.00） / 総合判定確率: 0.067 / → ヒモ分散。1号艇1着固定で広めのヒモ流し推奨（買い目+2点）', 'tenji_trigger': '展示確認: ヒモ分散レース。1号艇伸び確認後、広めのヒモ流しを採用。穴ヒモ（5・6号艇）を積極的に含める。\n展示で1号艇スタート超安定(0.120秒)→ヒモ固まり方向に注意'}",,,28,逃げ狙い,20.91,25.6,2,,,,,,,,,,,
2025-11-09,丸亀,1,4,青木玄太,A1,25.00,4,,9.2296,12.1,100,68,0.1688,3.96,,,0,低,75,0,ま0%,5 2,0,67.2,1.3209,0,0,0.1,0,0,0,0.0625,0.1875,,,E,,,0.1287,0.586,,0.6764,A,76,0,◎-○軸 3着3〜4艇流し（10〜15点）,0.5777,"{'is_target': True, 'verdict': '参加推奨', 'max_combo_prob': 0.0665, 'est_top_odds': 20.0, 'circle_concentration': 66.9, 'eligible_count': 8, 'bet_adj': 2, 'reason': 'rel_win1=54.9%（本命度） / 最有力組み合わせ確率: 0.067（推定実オッズ?20倍） / 2着集中度: 上位2艇 66.9%（補正+0.00） / 総合判定確率: 0.067 / → ヒモ分散。1号艇1着固定で広めのヒモ流し推奨（買い目+2点）', 'tenji_trigger': '展示確認: ヒモ分散レース。1号艇伸び確認後、広めのヒモ流しを採用。穴ヒモ（5・6号艇）を積極的に含める。\n展示で1号艇スタート超安定(0.120秒)→ヒモ固まり方向に注意'}",,,28,逃げ狙い,20.91,25.6,2,,,,,,,,,,,
2025-11-09,丸亀,1,5,片岡雅裕,A1,28.26,5,△,3.5346,14.4,83,57.1,0.1071,2.4286,,,0,低,5,1,-,5 3,0,64.9,1.275,,,,,,0.0286,0,0.3571,,,D,◎,,0.3511,0.8292,,0.6764,A,76,0,◎-○軸 3着3〜4艇流し（10〜15点）,0.5777,"{'is_target': True, 'verdict': '参加推奨', 'max_combo_prob': 0.0665, 'est_top_odds': 20.0, 'circle_concentration': 66.9, 'eligible_count': 8, 'bet_adj': 2, 'reason': 'rel_win1=54.9%（本命度） / 最有力組み合わせ確率: 0.067（推定実オッズ?20倍） / 2着集中度: 上位2艇 66.9%（補正+0.00） / 総合判定確率: 0.067 / → ヒモ分散。1号艇1着固定で広めのヒモ流し推奨（買い目+2点）', 'tenji_trigger': '展示確認: ヒモ分散レース。1号艇伸び確認後、広めのヒモ流しを採用。穴ヒモ（5・6号艇）を積極的に含める。\n展示で1号艇スタート超安定(0.120秒)→ヒモ固まり方向に注意'}",,,28,逃げ狙い,20.91,25.6,2,,,,,,,,,,,
2025-11-09,丸亀,1,6,木下翔太,A1,27.91,6,,3.1026,6.6,60,47.5,0.162,3.5375,,,0,低,63,0,-,5 2,0,53.2,1.1908,0,0,0,0.0556,0,0.0148,0.1148,0.1148,,,D,△,,0.1499,0.688,,0.6764,A,76,0,◎-○軸 3着3〜4艇流し（10〜15点）,0.5777,"{'is_target': True, 'verdict': '参加推奨', 'max_combo_prob': 0.0665, 'est_top_odds': 20.0, 'circle_concentration': 66.9, 'eligible_count': 8, 'bet_adj': 2, 'reason': 'rel_win1=54.9%（本命度） / 最有力組み合わせ確率: 0.067（推定実オッズ?20倍） / 2着集中度: 上位2艇 66.9%（補正+0.00） / 総合判定確率: 0.067 / → ヒモ分散。1号艇1着固定で広めのヒモ流し推奨（買い目+2点）', 'tenji_trigger': '展示確認: ヒモ分散レース。1号艇伸び確認後、広めのヒモ流しを採用。穴ヒモ（5・6号艇）を積極的に含める。\n展示で1号艇スタート超安定(0.120秒)→ヒモ固まり方向に注意'}",,,28,逃げ狙い,20.91,25.6,2,,,,,,,,,,,
2025-11-09,丸亀,2,1,重成一人,A1,44.19,1,◎,41.7588,,0,89.3,0.1493,2.6875,,,0,低,51,0,逃1%,2 42,0,44.6,0.9174,0.7,,,,,0.0533,0.2533,0.0133,◎,,B,△,,,0.6315,,0.5076,A,74,0,◎-○軸 3着3〜4艇流し（10〜15点）,0.5777,"{'is_target': False, 'verdict': '対象外', 'max_combo_prob': None, 'est_top_odds': None, 'circle_concentration': None, 'eligible_count': 0, 'bet_adj': 0, 'reason': '1号艇rel_win1 < 45%: 通常判定に委ねる', 'tenji_trigger': ''}",,,36.2,逃げ狙い,45.27,28.2,3,,,,,0,0,0.7559,0,,逃げ軸流し,A
2025-11-09,丸亀,2,2,入海　馨,A1,45.45,2,○,13.5468,40.6,66,74.1,0.1759,3.4259,,,0,低,69,0,差0%,2 6,0,36,1.1881,0,0.1818,0,0,0,0,0,0,,,A,,,0.0925,0.6215,,0.5076,A,74,0,◎-○軸 3着3〜4艇流し（10〜15点）,0.5777,"{'is_target': False, 'verdict': '対象外', 'max_combo_prob': None, 'est_top_odds': None, 'circle_concentration': None, 'eligible_count': 0, 'bet_adj': 0, 'reason': '1号艇rel_win1 < 45%: 通常判定に委ねる', 'tenji_trigger': ''}",,,36.2,逃げ狙い,45.27,28.2,3,,,,,,,,,,,
2025-11-09,丸亀,2,3,末永和也,A1,30.56,3,,17.0609,24.2,74,75,0.14,2.7917,,,0,低,16,1,差ま0% 抜0%,352,0,54.8,1.5002,0,0,0,0.3333,0.1667,0,0.1,0,,◎,E,◎,,0.4107,0.679,,0.5076,A,74,0,◎-○軸 3着3〜4艇流し（10〜15点）,0.5777,"{'is_target': False, 'verdict': '対象外', 'max_combo_prob': None, 'est_top_odds': None, 'circle_concentration': None, 'eligible_count': 0, 'bet_adj': 0, 'reason': '1号艇rel_win1 < 45%: 通常判定に委ねる', 'tenji_trigger': ''}",,,36.2,逃げ狙い,45.27,28.2,3,,,,,,,,,,,
2025-11-09,丸亀,2,4,塩田北斗,A1,30.95,4,▲,13.3319,23.3,81,66.7,0.1351,2.2,,,0,低,50,0,ま0% 差ま0%,341,0,62.6,1.4685,0,0,0.0625,0.125,0,0,0.0435,0.0435,,,D,○,◎,0.354,0.6745,0.4355,0.5076,A,74,0,◎-○軸 3着3〜4艇流し（10〜15点）,0.5777,"{'is_target': False, 'verdict': '対象外', 'max_combo_prob': None, 'est_top_odds': None, 'circle_concentration': None, 'eligible_count': 0, 'bet_adj': 0, 'reason': '1号艇rel_win1 < 45%: 通常判定に委ねる', 'tenji_trigger': ''}",,,36.2,逃げ狙い,45.27,28.2,3,,,,,,,,,,,
2025-11-09,丸亀,2,5,栗城　匠,A1,40.48,5,△,11.35,8.6,100,53.8,0.1669,3.1538,,,0,低,83,0,ま0% 差ま0%,6 16,0,78.9,1.6874,0,0,0.0526,0.1579,0,0,0.2404,0.1409,,,C,,○,0.2556,0.623,0.2673,0.5076,A,74,0,◎-○軸 3着3〜4艇流し（10〜15点）,0.5777,"{'is_target': False, 'verdict': '対象外', 'max_combo_prob': None, 'est_top_odds': None, 'circle_concentration': None, 'eligible_count': 0, 'bet_adj': 0, 'reason': '1号艇rel_win1 < 45%: 通常判定に委ねる', 'tenji_trigger': ''}",,,36.2,逃げ狙い,45.27,28.2,3,,,,,,,,,,,
2025-11-09,丸亀,2,6,関　浩哉,A1,35.00,6,,2.9515,3.3,50,92.9,0.1571,3.7143,,,0,低,34,1,差0%,235,0,100,3.3006,0,0.0345,0,0,0,,,,,,D,△,,0.2526,0.6435,,0.5076,A,74,0,◎-○軸 3着3〜4艇流し（10〜15点）,0.5777,"{'is_target': False, 'verdict': '対象外', 'max_combo_prob': None, 'est_top_odds': None, 'circle_concentration': None, 'eligible_count': 0, 'bet_adj': 0, 'reason': '1号艇rel_win1 < 45%: 通常判定に委ねる', 'tenji_trigger': ''}",,,36.2,逃げ狙い,45.27,28.2,3,,,,,,,,,,,
2025-11-09,丸亀,3,1,仲谷颯仁,A1,33.33,1,◎,45.491,,0,95.6,0.1367,2.7889,,,0,低,60,0,-,251,0,59.8,0.9847,0.5455,,,,,0,0.1818,0.2727,◎,,C,,,,0.6445,,0.5358,A,60,0,◎-○軸 3着3〜4艇流し（10〜15点）,0.5777,"{'is_target': True, 'verdict': '参加推奨', 'max_combo_prob': 0.0916, 'est_top_odds': 14.6, 'circle_concentration': 69.1, 'eligible_count': 8, 'bet_adj': 2, 'reason': 'rel_win1=45.5%（本命度） / 最有力組み合わせ確率: 0.092（推定実オッズ?15倍） / 2着集中度: 上位2艇 69.1%（補正+0.00） / 総合判定確率: 0.092 / → ヒモ分散。1号艇1着固定で広めのヒモ流し推奨（買い目+2点）', 'tenji_trigger': '展示確認: ヒモ分散レース。1号艇伸び確認後、広めのヒモ流しを採用。穴ヒモ（5・6号艇）を積極的に含める。\n展示で1号艇スタート超安定(0.137秒)→ヒモ固まり方向に注意'}",,,31.5,両建て推奨,28.93,28.8,4,,,,,0,0,0.7559,0,,逃げ軸流し,A
2025-11-09,丸亀,3,2,浜先真範,A1,36.36,2,▲,19.2494,48.9,56,86.1,0.1302,2.6047,,,0,低,66,0,-,462,0,27.5,0.8369,0,0.1905,0.0476,0,0,0.01,0.02,0.02,,○,B,△,,0.4061,0.647,,0.5358,A,60,0,◎-○軸 3着3〜4艇流し（10〜15点）,0.5777,"{'is_target': True, 'verdict': '参加推奨', 'max_combo_prob': 0.0916, 'est_top_odds': 14.6, 'circle_concentration': 69.1, 'eligible_count': 8, 'bet_adj': 2, 'reason': 'rel_win1=45.5%（本命度） / 最有力組み合わせ確率: 0.092（推定実オッズ?15倍） / 2着集中度: 上位2艇 69.1%（補正+0.00） / 総合判定確率: 0.092 / → ヒモ分散。1号艇1着固定で広めのヒモ流し推奨（買い目+2点）', 'tenji_trigger': '展示確認: ヒモ分散レース。1号艇伸び確認後、広めのヒモ流しを採用。穴ヒモ（5・6号艇）を積極的に含める。\n展示で1号艇スタート超安定(0.137秒)→ヒモ固まり方向に注意'}",,,31.5,両建て推奨,28.93,28.8,4,,,,,,,,,,,
2025-11-09,丸亀,3,3,宮地元輝,A1,29.79,3,△,12.1056,20.1,73,72.7,0.1455,2.4091,,,0,低,13,1,ま0% 差ま0%,442,0,100,1.3033,0,0,0.125,0.0417,0,0,0,0.1667,,,D,◎,,0.2571,0.6895,,0.5358,A,60,0,◎-○軸 3着3〜4艇流し（10〜15点）,0.5777,"{'is_target': True, 'verdict': '参加推奨', 'max_combo_prob': 0.0916, 'est_top_odds': 14.6, 'circle_concentration': 69.1, 'eligible_count': 8, 'bet_adj': 2, 'reason': 'rel_win1=45.5%（本命度） / 最有力組み合わせ確率: 0.092（推定実オッズ?15倍） / 2着集中度: 上位2艇 69.1%（補正+0.00） / 総合判定確率: 0.092 / → ヒモ分散。1号艇1着固定で広めのヒモ流し推奨（買い目+2点）', 'tenji_trigger': '展示確認: ヒモ分散レース。1号艇伸び確認後、広めのヒモ流しを採用。穴ヒモ（5・6号艇）を積極的に含める。\n展示で1号艇スタート超安定(0.137秒)→ヒモ固まり方向に注意'}",,,31.5,両建て推奨,28.93,28.8,4,,,,,,,,,,,
2025-11-09,丸亀,3,4,吉田裕平,A1,40.91,4,○,16.612,16.4,100,92.6,0.1263,2.2593,,,0,低,29,0,ま0% 差ま0%,636,0,97.9,1.9415,0,0,0.25,0.25,0,0,0.1429,0,,◎,B,△,◎,0.4063,0.6645,0.5904,0.5358,A,60,0,◎-○軸 3着3〜4艇流し（10〜15点）,0.5777,"{'is_target': True, 'verdict': '参加推奨', 'max_combo_prob': 0.0916, 'est_top_odds': 14.6, 'circle_concentration': 69.1, 'eligible_count': 8, 'bet_adj': 2, 'reason': 'rel_win1=45.5%（本命度） / 最有力組み合わせ確率: 0.092（推定実オッズ?15倍） / 2着集中度: 上位2艇 69.1%（補正+0.00） / 総合判定確率: 0.092 / → ヒモ分散。1号艇1着固定で広めのヒモ流し推奨（買い目+2点）', 'tenji_trigger': '展示確認: ヒモ分散レース。1号艇伸び確認後、広めのヒモ流しを採用。穴ヒモ（5・6号艇）を積極的に含める。\n展示で1号艇スタート超安定(0.137秒)→ヒモ固まり方向に注意'}",,,31.5,両建て推奨,28.93,28.8,4,,,,,,,,,,,
2025-11-09,丸亀,3,5,中村晃朋,A1,29.73,5,,5.2202,12.1,26,34.2,0.1432,3.4474,,,0,低,56,0,-,5 4,0,100,2.8881,0,0,0,0.0909,0,0.1745,0,0.1564,,,D,○,,0.2652,0.678,,0.5358,A,60,0,◎-○軸 3着3〜4艇流し（10〜15点）,0.5777,"{'is_target': True, 'verdict': '参加推奨', 'max_combo_prob': 0.0916, 'est_top_odds': 14.6, 'circle_concentration': 69.1, 'eligible_count': 8, 'bet_adj': 2, 'reason': 'rel_win1=45.5%（本命度） / 最有力組み合わせ確率: 0.092（推定実オッズ?15倍） / 2着集中度: 上位2艇 69.1%（補正+0.00） / 総合判定確率: 0.092 / → ヒモ分散。1号艇1着固定で広めのヒモ流し推奨（買い目+2点）', 'tenji_trigger': '展示確認: ヒモ分散レース。1号艇伸び確認後、広めのヒモ流しを採用。穴ヒモ（5・6号艇）を積極的に含める。\n展示で1号艇スタート超安定(0.137秒)→ヒモ固まり方向に注意'}",,,31.5,両建て推奨,28.93,28.8,4,,,,,,,,,,,
2025-11-09,丸亀,3,6,土屋智則,A1,31.82,6,,1.3217,2.4,44,87.5,0.1875,4.5,,,0,低,34,1,-,4 33,0,50.8,3.08,,,,,,0.1235,0.1235,0.1471,,,D,,,0.1505,0.627,,0.5358,A,60,0,◎-○軸 3着3〜4艇流し（10〜15点）,0.5777,"{'is_target': True, 'verdict': '参加推奨', 'max_combo_prob': 0.0916, 'est_top_odds': 14.6, 'circle_concentration': 69.1, 'eligible_count': 8, 'bet_adj': 2, 'reason': 'rel_win1=45.5%（本命度） / 最有力組み合わせ確率: 0.092（推定実オッズ?15倍） / 2着集中度: 上位2艇 69.1%（補正+0.00） / 総合判定確率: 0.092 / → ヒモ分散。1号艇1着固定で広めのヒモ流し推奨（買い目+2点）', 'tenji_trigger': '展示確認: ヒモ分散レース。1号艇伸び確認後、広めのヒモ流しを採用。穴ヒモ（5・6号艇）を積極的に含める。\n展示で1号艇スタート超安定(0.137秒)→ヒモ固まり方向に注意'}",,,31.5,両建て推奨,28.93,28.8,4,,,,,,,,,,,
2025-11-09,丸亀,4,1,小坂尚哉,A1,38.78,1,◎,45.154,,0,97.8,0.1389,2.4239,,,0,低,81,0,逃1%,326,0,61.2,1.0028,0.7317,,,,,0.0488,0.0488,0.0976,◎,,C,,,,0.657,,0.6107,A,73,0,◎-○軸 3着3〜4艇流し（10〜15点）,0.5777,"{'is_target': True, 'verdict': '参加推奨', 'max_combo_prob': 0.051, 'est_top_odds': 26.2, 'circle_concentration': 66.6, 'eligible_count': 8, 'bet_adj': 2, 'reason': 'rel_win1=45.2%（本命度） / 最有力組み合わせ確率: 0.051（推定実オッズ?26倍） / 2着集中度: 上位2艇 66.6%（補正+0.00） / 総合判定確率: 0.051 / → ヒモ分散。1号艇1着固定で広めのヒモ流し推奨（買い目+2点）', 'tenji_trigger': '展示確認: ヒモ分散レース。1号艇伸び確認後、広めのヒモ流しを採用。穴ヒモ（5・6号艇）を積極的に含める。\n展示で1号艇スタート超安定(0.139秒)→ヒモ固まり方向に注意'}",,,32.6,逃げ狙い,36.97,25.1,5,,,,,0,0,0.7559,0,,逃げ軸流し,A
2025-11-09,丸亀,4,2,濱野斗馬,A1,32.26,2,,9.5168,35,87,64.3,0.1507,3.0357,,,0,低,40,0,抜0%,2 46,0,27.8,0.8484,0,0.0625,0.125,0,0.0625,0.0968,0,0.0323,,,D,,,0.2104,0.638,,0.6107,A,73,0,◎-○軸 3着3〜4艇流し（10〜15点）,0.5777,"{'is_target': True, 'verdict': '参加推奨', 'max_combo_prob': 0.051, 'est_top_odds': 26.2, 'circle_concentration': 66.6, 'eligible_count': 8, 'bet_adj': 2, 'reason': 'rel_win1=45.2%（本命度） / 最有力組み合わせ確率: 0.051（推定実オッズ?26倍） / 2着集中度: 上位2艇 66.6%（補正+0.00） / 総合判定確率: 0.051 / → ヒモ分散。1号艇1着固定で広めのヒモ流し推奨（買い目+2点）', 'tenji_trigger': '展示確認: ヒモ分散レース。1号艇伸び確認後、広めのヒモ流しを採用。穴ヒモ（5・6号艇）を積極的に含める。\n展示で1号艇スタート超安定(0.139秒)→ヒモ固まり方向に注意'}",,,32.6,逃げ狙い,36.97,25.1,5,,,,,,,,,,,
2025-11-09,丸亀,4,3,佐藤隆太,A1,32.56,3,△,17.8169,31.6,67,89.7,0.1307,2.5,,,0,低,32,0,ま0% 抜0%,6 61,0,74,1.7077,0,0,0.3,0,0.1,0.0833,0.0833,0,,◎,D,△,,0.4004,0.6665,,0.6107,A,73,0,◎-○軸 3着3〜4艇流し（10〜15点）,0.5777,"{'is_target': True, 'verdict': '参加推奨', 'max_combo_prob': 0.051, 'est_top_odds': 26.2, 'circle_concentration': 66.6, 'eligible_count': 8, 'bet_adj': 2, 'reason': 'rel_win1=45.2%（本命度） / 最有力組み合わせ確率: 0.051（推定実オッズ?26倍） / 2着集中度: 上位2艇 66.6%（補正+0.00） / 総合判定確率: 0.051 / → ヒモ分散。1号艇1着固定で広めのヒモ流し推奨（買い目+2点）', 'tenji_trigger': '展示確認: ヒモ分散レース。1号艇伸び確認後、広めのヒモ流しを採用。穴ヒモ（5・6号艇）を積極的に含める。\n展示で1号艇スタート超安定(0.139秒)→ヒモ固まり方向に注意'}",,,32.6,逃げ狙い,36.97,25.1,5,,,,,,,,,,,
2025-11-09,丸亀,4,4,藤原啓史,A1,35.48,4,▲,11.8342,27,92,83.8,0.1265,2.7027,,,0,低,29,0,ま0% 差ま0%,144,0,79.1,1.6387,0,0,0.2353,0.0588,0,0.0167,0,0.2333,,,C,◎,◎,0.3922,0.685,0.4238,0.6107,A,73,0,◎-○軸 3着3〜4艇流し（10〜15点）,0.5777,"{'is_target': True, 'verdict': '参加推奨', 'max_combo_prob': 0.051, 'est_top_odds': 26.2, 'circle_concentration': 66.6, 'eligible_count': 8, 'bet_adj': 2, 'reason': 'rel_win1=45.2%（本命度） / 最有力組み合わせ確率: 0.051（推定実オッズ?26倍） / 2着集中度: 上位2艇 66.6%（補正+0.00） / 総合判定確率: 0.051 / → ヒモ分散。1号艇1着固定で広めのヒモ流し推奨（買い目+2点）', 'tenji_trigger': '展示確認: ヒモ分散レース。1号艇伸び確認後、広めのヒモ流しを採用。穴ヒモ（5・6号艇）を積極的に含める。\n展示で1号艇スタート超安定(0.139秒)→ヒモ固まり方向に注意'}",,,32.6,逃げ狙い,36.97,25.1,5,,,,,,,,,,,
2025-11-09,丸亀,4,5,山田康二,A1,42.86,5,○,14.1228,3.9,100,76.9,0.1458,2.9615,,,0,低,35,0,ま0% 差ま0%,551,0,100,2.3055,0,0,0.1,0.2,0,0.0211,0.1211,0.1632,,,B,○,○,0.3077,0.6765,0.3842,0.6107,A,73,0,◎-○軸 3着3〜4艇流し（10〜15点）,0.5777,"{'is_target': True, 'verdict': '参加推奨', 'max_combo_prob': 0.051, 'est_top_odds': 26.2, 'circle_concentration': 66.6, 'eligible_count': 8, 'bet_adj': 2, 'reason': 'rel_win1=45.2%（本命度） / 最有力組み合わせ確率: 0.051（推定実オッズ?26倍） / 2着集中度: 上位2艇 66.6%（補正+0.00） / 総合判定確率: 0.051 / → ヒモ分散。1号艇1着固定で広めのヒモ流し推奨（買い目+2点）', 'tenji_trigger': '展示確認: ヒモ分散レース。1号艇伸び確認後、広めのヒモ流しを採用。穴ヒモ（5・6号艇）を積極的に含める。\n展示で1号艇スタート超安定(0.139秒)→ヒモ固まり方向に注意'}",,,32.6,逃げ狙い,36.97,25.1,5,,,,,,,,,,,
2025-11-09,丸亀,4,6,白井英治,A1,43.90,6,,1.5553,2.5,51,100,0.1533,3.5,,,0,低,29,1,-,313,0,100,3.5217,,,,,,0.0588,0.1765,0.0588,,,B,△,,0.2695,0.659,,0.6107,A,73,0,◎-○軸 3着3〜4艇流し（10〜15点）,0.5777,"{'is_target': True, 'verdict': '参加推奨', 'max_combo_prob': 0.051, 'est_top_odds': 26.2, 'circle_concentration': 66.6, 'eligible_count': 8, 'bet_adj': 2, 'reason': 'rel_win1=45.2%（本命度） / 最有力組み合わせ確率: 0.051（推定実オッズ?26倍） / 2着集中度: 上位2艇 66.6%（補正+0.00） / 総合判定確率: 0.051 / → ヒモ分散。1号艇1着固定で広めのヒモ流し推奨（買い目+2点）', 'tenji_trigger': '展示確認: ヒモ分散レース。1号艇伸び確認後、広めのヒモ流しを採用。穴ヒモ（5・6号艇）を積極的に含める。\n展示で1号艇スタート超安定(0.139秒)→ヒモ固まり方向に注意'}",,,32.6,逃げ狙い,36.97,25.1,5,,,,,,,,,,,
2025-11-09,丸亀,5,1,澤田尚也,A1,35.14,1,◎,46.1271,,0,95.9,0.1461,2.9694,,,0,低,41,0,-,6 13,0,68.5,0.9894,0.6957,,,,,0,0.237,0.0174,◎,,C,△,,,0.668,,0.5292,A,69,0,◎-○軸 3着3〜4艇流し（10〜15点）,0.5777,"{'is_target': True, 'verdict': '参加推奨', 'max_combo_prob': 0.0609, 'est_top_odds': 21.9, 'circle_concentration': 66.5, 'eligible_count': 8, 'bet_adj': 2, 'reason': 'rel_win1=46.1%（本命度） / 最有力組み合わせ確率: 0.061（推定実オッズ?22倍） / 2着集中度: 上位2艇 66.5%（補正+0.00） / 総合判定確率: 0.061 / → ヒモ分散。1号艇1着固定で広めのヒモ流し推奨（買い目+2点）', 'tenji_trigger': '展示確認: ヒモ分散レース。1号艇伸び確認後、広めのヒモ流しを採用。穴ヒモ（5・6号艇）を積極的に含める。'}",,,31.8,逃げ狙い,32.68,26.3,2,,,,,0,0,0.7559,0,,逃げ軸流し,A
2025-11-09,丸亀,5,2,永井彪也,A1,27.78,2,△,19.7706,45,56,83.3,0.1393,3.0167,,,0,低,28,0,差0% ま0%,565,0,71.6,1.3883,0,0.375,0.125,0,0,0,0,0.2762,,◎,D,◎,,0.4508,0.7025,,0.5292,A,69,0,◎-○軸 3着3〜4艇流し（10〜15点）,0.5777,"{'is_target': True, 'verdict': '参加推奨', 'max_combo_prob': 0.0609, 'est_top_odds': 21.9, 'circle_concentration': 66.5, 'eligible_count': 8, 'bet_adj': 2, 'reason': 'rel_win1=46.1%（本命度） / 最有力組み合わせ確率: 0.061（推定実オッズ?22倍） / 2着集中度: 上位2艇 66.5%（補正+0.00） / 総合判定確率: 0.061 / → ヒモ分散。1号艇1着固定で広めのヒモ流し推奨（買い目+2点）', 'tenji_trigger': '展示確認: ヒモ分散レース。1号艇伸び確認後、広めのヒモ流しを採用。穴ヒモ（5・6号艇）を積極的に含める。'}",,,31.8,逃げ狙い,32.68,26.3,2,,,,,,,,,,,
2025-11-09,丸亀,5,3,松井　繁,A1,43.90,3,▲,9.9306,18.3,100,76.9,0.1508,3.2308,,,0,低,24,1,-,1 54,0,58.7,1.2937,,,,,,0.0714,0.2143,0,,,A,,,0.2773,0.6505,,0.5292,A,69,0,◎-○軸 3着3〜4艇流し（10〜15点）,0.5777,"{'is_target': True, 'verdict': '参加推奨', 'max_combo_prob': 0.0609, 'est_top_odds': 21.9, 'circle_concentration': 66.5, 'eligible_count': 8, 'bet_adj': 2, 'reason': 'rel_win1=46.1%（本命度） / 最有力組み合わせ確率: 0.061（推定実オッズ?22倍） / 2着集中度: 上位2艇 66.5%（補正+0.00） / 総合判定確率: 0.061 / → ヒモ分散。1号艇1着固定で広めのヒモ流し推奨（買い目+2点）', 'tenji_trigger': '展示確認: ヒモ分散レース。1号艇伸び確認後、広めのヒモ流しを採用。穴ヒモ（5・6号艇）を積極的に含める。'}",,,31.8,逃げ狙い,32.68,26.3,2,,,,,,,,,,,
2025-11-09,丸亀,5,4,前田将太,A1,38.46,4,○,17.7102,21.4,80,73.9,0.1465,2.7174,,,0,低,42,0,差ま0%,525,0,93.5,1.7402,0,0,0,0.2,0,0.0476,0.0952,0.0476,,,B,○,◎,0.3204,0.6935,0.4375,0.5292,A,69,0,◎-○軸 3着3〜4艇流し（10〜15点）,0.5777,"{'is_target': True, 'verdict': '参加推奨', 'max_combo_prob': 0.0609, 'est_top_odds': 21.9, 'circle_concentration': 66.5, 'eligible_count': 8, 'bet_adj': 2, 'reason': 'rel_win1=46.1%（本命度） / 最有力組み合わせ確率: 0.061（推定実オッズ?22倍） / 2着集中度: 上位2艇 66.5%（補正+0.00） / 総合判定確率: 0.061 / → ヒモ分散。1号艇1着固定で広めのヒモ流し推奨（買い目+2点）', 'tenji_trigger': '展示確認: ヒモ分散レース。1号艇伸び確認後、広めのヒモ流しを採用。穴ヒモ（5・6号艇）を積極的に含める。'}",,,31.8,逃げ狙い,32.68,26.3,2,,,,,,,,,,,
2025-11-09,丸亀,5,5,森高一真,A1,25.71,5,,3.7529,11.6,87,64.3,0.1493,3.2857,,,0,低,28,1,-,3 6,0,33.9,0.7374,0,0,0,0.0571,0,0,0.1667,0.3333,,,E,△,,0.2726,0.685,,0.5292,A,69,0,◎-○軸 3着3〜4艇流し（10〜15点）,0.5777,"{'is_target': True, 'verdict': '参加推奨', 'max_combo_prob': 0.0609, 'est_top_odds': 21.9, 'circle_concentration': 66.5, 'eligible_count': 8, 'bet_adj': 2, 'reason': 'rel_win1=46.1%（本命度） / 最有力組み合わせ確率: 0.061（推定実オッズ?22倍） / 2着集中度: 上位2艇 66.5%（補正+0.00） / 総合判定確率: 0.061 / → ヒモ分散。1号艇1着固定で広めのヒモ流し推奨（買い目+2点）', 'tenji_trigger': '展示確認: ヒモ分散レース。1号艇伸び確認後、広めのヒモ流しを採用。穴ヒモ（5・6号艇）を積極的に含める。'}",,,31.8,逃げ狙い,32.68,26.3,2,,,,,,,,,,,
2025-11-09,丸亀,5,6,杉山正樹,A1,28.89,6,,2.7086,3.6,74,40.9,0.1675,3.9886,,,0,低,101,0,-,3 61,0,28.9,0.5319,0,0,0.1333,0,0,0,0.0476,0.0476,,,D,,,0.2478,0.667,,0.5292,A,69,0,◎-○軸 3着3〜4艇流し（10〜15点）,0.5777,"{'is_target': True, 'verdict': '参加推奨', 'max_combo_prob': 0.0609, 'est_top_odds': 21.9, 'circle_concentration': 66.5, 'eligible_count': 8, 'bet_adj': 2, 'reason': 'rel_win1=46.1%（本命度） / 最有力組み合わせ確率: 0.061（推定実オッズ?22倍） / 2着集中度: 上位2艇 66.5%（補正+0.00） / 総合判定確率: 0.061 / → ヒモ分散。1号艇1着固定で広めのヒモ流し推奨（買い目+2点）', 'tenji_trigger': '展示確認: ヒモ分散レース。1号艇伸び確認後、広めのヒモ流しを採用。穴ヒモ（5・6号艇）を積極的に含める。'}",,,31.8,逃げ狙い,32.68,26.3,2,,,,,,,,,,,
2025-11-09,丸亀,6,1,濱崎直矢,A1,50.00,1,◎,55.1334,,0,93.8,0.1501,2.8375,,,0,低,95,0,逃1%,312,0,76.8,1.1812,0.8148,,,,,0.0148,0.1444,0.1148,◎,,B,△,,,0.632,,0.5946,S,88,0,◎1着固定 2-3着流し（5〜8点）,0.5777,"{'is_target': True, 'verdict': '参加推奨', 'max_combo_prob': 0.0741, 'est_top_odds': 18.0, 'circle_concentration': 64.1, 'eligible_count': 6, 'bet_adj': 2, 'reason': 'rel_win1=55.1%（本命度） / 最有力組み合わせ確率: 0.074（推定実オッズ?18倍） / 2着集中度: 上位2艇 64.1%（補正+0.00） / 総合判定確率: 0.074 / → ヒモ分散。1号艇1着固定で広めのヒモ流し推奨（買い目+2点）', 'tenji_trigger': '展示確認: ヒモ分散レース。1号艇伸び確認後、広めのヒモ流しを採用。穴ヒモ（5・6号艇）を積極的に含める。'}",,,30.3,逃げ狙い,26.13,27.6,3,,,,,0,0,0.7559,0,,逃げ軸流し,A
2025-11-09,丸亀,6,2,吉川元浩,A1,52.38,2,○,13.0403,39.5,68,81.2,0.1569,3.4375,,,0,低,31,0,差0%,6 55,0,69.6,1.281,0,0.25,0,0,0,0.0222,0.2444,0.0222,,,A,○,,0.2914,0.645,,0.5946,S,88,0,◎1着固定 2-3着流し（5〜8点）,0.5777,"{'is_target': True, 'verdict': '参加推奨', 'max_combo_prob': 0.0741, 'est_top_odds': 18.0, 'circle_concentration': 64.1, 'eligible_count': 6, 'bet_adj': 2, 'reason': 'rel_win1=55.1%（本命度） / 最有力組み合わせ確率: 0.074（推定実オッズ?18倍） / 2着集中度: 上位2艇 64.1%（補正+0.00） / 総合判定確率: 0.074 / → ヒモ分散。1号艇1着固定で広めのヒモ流し推奨（買い目+2点）', 'tenji_trigger': '展示確認: ヒモ分散レース。1号艇伸び確認後、広めのヒモ流しを採用。穴ヒモ（5・6号艇）を積極的に含める。'}",,,30.3,逃げ狙い,26.13,27.6,3,,,,,,,,,,,
2025-11-09,丸亀,6,3,海野康志,A1,36.36,3,,15.9384,24.6,100,79.5,0.1582,3.2179,,,0,低,38,0,差ま0%,614,0,62.6,1.5317,0,0,0,0.1176,0,0,0.0387,0.2516,,,E,△,,0.2583,0.6265,,0.5946,S,88,0,◎1着固定 2-3着流し（5〜8点）,0.5777,"{'is_target': True, 'verdict': '参加推奨', 'max_combo_prob': 0.0741, 'est_top_odds': 18.0, 'circle_concentration': 64.1, 'eligible_count': 6, 'bet_adj': 2, 'reason': 'rel_win1=55.1%（本命度） / 最有力組み合わせ確率: 0.074（推定実オッズ?18倍） / 2着集中度: 上位2艇 64.1%（補正+0.00） / 総合判定確率: 0.074 / → ヒモ分散。1号艇1着固定で広めのヒモ流し推奨（買い目+2点）', 'tenji_trigger': '展示確認: ヒモ分散レース。1号艇伸び確認後、広めのヒモ流しを採用。穴ヒモ（5・6号艇）を積極的に含める。'}",,,30.3,逃げ狙い,26.13,27.6,3,,,,,,,,,,,
2025-11-09,丸亀,6,4,西岡顕心,A1,43.90,4,△,7.6829,18.4,81,76,0.1544,3.24,,,0,低,55,0,ま0%,3 23,0,29.6,0.8764,0,0.1667,0.1667,0,0,0,0.0714,0,,,C,,,0.3107,0.6245,,0.5946,S,88,0,◎1着固定 2-3着流し（5〜8点）,0.5777,"{'is_target': True, 'verdict': '参加推奨', 'max_combo_prob': 0.0741, 'est_top_odds': 18.0, 'circle_concentration': 64.1, 'eligible_count': 6, 'bet_adj': 2, 'reason': 'rel_win1=55.1%（本命度） / 最有力組み合わせ確率: 0.074（推定実オッズ?18倍） / 2着集中度: 上位2艇 64.1%（補正+0.00） / 総合判定確率: 0.074 / → ヒモ分散。1号艇1着固定で広めのヒモ流し推奨（買い目+2点）', 'tenji_trigger': '展示確認: ヒモ分散レース。1号艇伸び確認後、広めのヒモ流しを採用。穴ヒモ（5・6号艇）を積極的に含める。'}",,,30.3,逃げ狙い,26.13,27.6,3,,,,,,,,,,,
2025-11-09,丸亀,6,5,吉田拡郎,A1,47.62,5,▲,6.6632,14.8,63,52.4,0.1219,2.7143,,,0,低,10,0,-,4 1,0,54.6,1.494,,,,,,0.0909,0,0,,,C,◎,,0.3976,0.81,,0.5946,S,88,0,◎1着固定 2-3着流し（5〜8点）,0.5777,"{'is_target': True, 'verdict': '参加推奨', 'max_combo_prob': 0.0741, 'est_top_odds': 18.0, 'circle_concentration': 64.1, 'eligible_count': 6, 'bet_adj': 2, 'reason': 'rel_win1=55.1%（本命度） / 最有力組み合わせ確率: 0.074（推定実オッズ?18倍） / 2着集中度: 上位2艇 64.1%（補正+0.00） / 総合判定確率: 0.074 / → ヒモ分散。1号艇1着固定で広めのヒモ流し推奨（買い目+2点）', 'tenji_trigger': '展示確認: ヒモ分散レース。1号艇伸び確認後、広めのヒモ流しを採用。穴ヒモ（5・6号艇）を積極的に含める。'}",,,30.3,逃げ狙い,26.13,27.6,3,,,,,,,,,,,
2025-11-09,丸亀,6,6,馬場貴也,A1,40.00,6,,1.5417,2.7,50,71.4,0.2257,4,,,0,低,17,1,差ま0%,361,0,100,2.6103,0,0,0,0.0333,0,0.0833,0.1667,0,,,D,,,0.1037,0.606,,0.5946,S,88,0,◎1着固定 2-3着流し（5〜8点）,0.5777,"{'is_target': True, 'verdict': '参加推奨', 'max_combo_prob': 0.0741, 'est_top_odds': 18.0, 'circle_concentration': 64.1, 'eligible_count': 6, 'bet_adj': 2, 'reason': 'rel_win1=55.1%（本命度） / 最有力組み合わせ確率: 0.074（推定実オッズ?18倍） / 2着集中度: 上位2艇 64.1%（補正+0.00） / 総合判定確率: 0.074 / → ヒモ分散。1号艇1着固定で広めのヒモ流し推奨（買い目+2点）', 'tenji_trigger': '展示確認: ヒモ分散レース。1号艇伸び確認後、広めのヒモ流しを採用。穴ヒモ（5・6号艇）を積極的に含める。'}",,,30.3,逃げ狙い,26.13,27.6,3,,,,,,,,,,,
2025-11-09,丸亀,7,1,寺田　祥,A1,26.67,1,◎,46.8247,,0,94.9,0.15,3.859,,,0,低,38,0,逃1%,4 32,0,74.5,1.1604,0.6364,,,,,0.0182,0.1212,0.0545,○,,D,△,,,0.6605,,0.4414,A,74,0,◎-○軸 3着3〜4艇流し（10〜15点）,0.5777,"{'is_target': True, 'verdict': '参加推奨', 'max_combo_prob': 0.0531, 'est_top_odds': 25.1, 'circle_concentration': 63.2, 'eligible_count': 8, 'bet_adj': 2, 'reason': 'rel_win1=46.8%（本命度） / 最有力組み合わせ確率: 0.053（推定実オッズ?25倍） / 2着集中度: 上位2艇 63.2%（補正+0.00） / 総合判定確率: 0.053 / → ヒモ分散。1号艇1着固定で広めのヒモ流し推奨（買い目+2点）', 'tenji_trigger': '展示確認: ヒモ分散レース。1号艇伸び確認後、広めのヒモ流しを採用。穴ヒモ（5・6号艇）を積極的に含める。'}",,,32.4,逃げ狙い,36.54,24.7,4,,,,,0,0,0.6155,0,,逃げ軸流し,A
2025-11-09,丸亀,7,2,青木玄太,A1,25.00,2,,15.5738,35.7,90,80,0.1713,3.9333,,,0,低,75,0,差0% ま0% 抜0%,5 2,0,100,1.2936,0,0.2222,0.0556,0,0.0556,0,0.0625,0.1875,,,E,,,0.1353,0.586,,0.4414,A,74,0,◎-○軸 3着3〜4艇流し（10〜15点）,0.5777,"{'is_target': True, 'verdict': '参加推奨', 'max_combo_prob': 0.0531, 'est_top_odds': 25.1, 'circle_concentration': 63.2, 'eligible_count': 8, 'bet_adj': 2, 'reason': 'rel_win1=46.8%（本命度） / 最有力組み合わせ確率: 0.053（推定実オッズ?25倍） / 2着集中度: 上位2艇 63.2%（補正+0.00） / 総合判定確率: 0.053 / → ヒモ分散。1号艇1着固定で広めのヒモ流し推奨（買い目+2点）', 'tenji_trigger': '展示確認: ヒモ分散レース。1号艇伸び確認後、広めのヒモ流しを採用。穴ヒモ（5・6号艇）を積極的に含める。'}",,,32.4,逃げ狙い,36.54,24.7,4,,,,,,,,,,,
2025-11-09,丸亀,7,3,中村日向,A1,40.91,3,○,13.1087,27.5,70,67.9,0.1311,2.6786,,,0,低,40,0,-,116,0,30.4,1.0125,0,0,0.1429,0.2143,0,0.1538,0.0769,0,,◎,A,,,0.4275,0.645,,0.4414,A,74,0,◎-○軸 3着3〜4艇流し（10〜15点）,0.5777,"{'is_target': True, 'verdict': '参加推奨', 'max_combo_prob': 0.0531, 'est_top_odds': 25.1, 'circle_concentration': 63.2, 'eligible_count': 8, 'bet_adj': 2, 'reason': 'rel_win1=46.8%（本命度） / 最有力組み合わせ確率: 0.053（推定実オッズ?25倍） / 2着集中度: 上位2艇 63.2%（補正+0.00） / 総合判定確率: 0.053 / → ヒモ分散。1号艇1着固定で広めのヒモ流し推奨（買い目+2点）', 'tenji_trigger': '展示確認: ヒモ分散レース。1号艇伸び確認後、広めのヒモ流しを採用。穴ヒモ（5・6号艇）を積極的に含める。'}",,,32.4,逃げ狙い,36.54,24.7,4,,,,,,,,,,,
2025-11-09,丸亀,7,4,末永和也,A1,30.56,4,▲,13.0723,15.4,100,88.2,0.1424,3.1765,,,0,低,16,0,差0% ま0%,352,0,85.3,1.7496,0,0.0333,0.1,0,0,0,0.1,0,,,C,△,◎,0.3256,0.679,0.4461,0.4414,A,74,0,◎-○軸 3着3〜4艇流し（10〜15点）,0.5777,"{'is_target': True, 'verdict': '参加推奨', 'max_combo_prob': 0.0531, 'est_top_odds': 25.1, 'circle_concentration': 63.2, 'eligible_count': 8, 'bet_adj': 2, 'reason': 'rel_win1=46.8%（本命度） / 最有力組み合わせ確率: 0.053（推定実オッズ?25倍） / 2着集中度: 上位2艇 63.2%（補正+0.00） / 総合判定確率: 0.053 / → ヒモ分散。1号艇1着固定で広めのヒモ流し推奨（買い目+2点）', 'tenji_trigger': '展示確認: ヒモ分散レース。1号艇伸び確認後、広めのヒモ流しを採用。穴ヒモ（5・6号艇）を積極的に含める。'}",,,32.4,逃げ狙い,36.54,24.7,4,,,,,,,,,,,
2025-11-09,丸亀,7,5,西山貴浩,A1,28.57,5,,6.4639,14.6,91,80,0.163,2.85,,,0,低,17,1,差ま0%,6 4,0,100,2.0667,0,0,0,0.0385,0,0,0.1429,0,,,D,◎,,0.2396,0.7,,0.4414,A,74,0,◎-○軸 3着3〜4艇流し（10〜15点）,0.5777,"{'is_target': True, 'verdict': '参加推奨', 'max_combo_prob': 0.0531, 'est_top_odds': 25.1, 'circle_concentration': 63.2, 'eligible_count': 8, 'bet_adj': 2, 'reason': 'rel_win1=46.8%（本命度） / 最有力組み合わせ確率: 0.053（推定実オッズ?25倍） / 2着集中度: 上位2艇 63.2%（補正+0.00） / 総合判定確率: 0.053 / → ヒモ分散。1号艇1着固定で広めのヒモ流し推奨（買い目+2点）', 'tenji_trigger': '展示確認: ヒモ分散レース。1号艇伸び確認後、広めのヒモ流しを採用。穴ヒモ（5・6号艇）を積極的に含める。'}",,,32.4,逃げ狙い,36.54,24.7,4,,,,,,,,,,,
2025-11-09,丸亀,7,6,井上忠政,A1,32.56,6,△,4.9566,6.8,54,60,0.1836,5,,,0,低,51,0,-,1 55,0,51.8,2.3353,,,,,,0,0,0.125,,,C,○,,0.2069,0.6805,,0.4414,A,74,0,◎-○軸 3着3〜4艇流し（10〜15点）,0.5777,"{'is_target': True, 'verdict': '参加推奨', 'max_combo_prob': 0.0531, 'est_top_odds': 25.1, 'circle_concentration': 63.2, 'eligible_count': 8, 'bet_adj': 2, 'reason': 'rel_win1=46.8%（本命度） / 最有力組み合わせ確率: 0.053（推定実オッズ?25倍） / 2着集中度: 上位2艇 63.2%（補正+0.00） / 総合判定確率: 0.053 / → ヒモ分散。1号艇1着固定で広めのヒモ流し推奨（買い目+2点）', 'tenji_trigger': '展示確認: ヒモ分散レース。1号艇伸び確認後、広めのヒモ流しを採用。穴ヒモ（5・6号艇）を積極的に含める。'}",,,32.4,逃げ狙い,36.54,24.7,4,,,,,,,,,,,
2025-11-09,丸亀,8,1,吉田裕平,A1,40.91,1,◎,60.2538,,0,96.7,0.1313,2.0167,,,0,低,29,0,逃1%,636,0,86.2,1.231,0.8571,,,,,0,0.1429,0,◎,,B,△,,,0.6645,,0.721,S,100,0,◎1着固定 2-3着流し（5〜8点）,0.5777,"{'is_target': True, 'verdict': '参加推奨', 'max_combo_prob': 0.0608, 'est_top_odds': 21.9, 'circle_concentration': 60.7, 'eligible_count': 6, 'bet_adj': 2, 'reason': 'rel_win1=60.3%（本命度） / 最有力組み合わせ確率: 0.061（推定実オッズ?22倍） / 2着集中度: 上位2艇 60.7%（補正+0.00） / 総合判定確率: 0.061 / → ヒモ分散。1号艇1着固定で広めのヒモ流し推奨（買い目+2点）', 'tenji_trigger': '展示確認: ヒモ分散レース。1号艇伸び確認後、広めのヒモ流しを採用。穴ヒモ（5・6号艇）を積極的に含める。\n展示で1号艇スタート超安定(0.131秒)→ヒモ固まり方向に注意'}",,,33.4,逃げ狙い,40.83,23.9,2,,,,,0,0,0.7559,0,,逃げ軸流し,A
2025-11-09,丸亀,8,2,関　浩哉,A1,35.00,2,▲,13.4478,28.6,73,87.5,0.1694,3.875,,,0,低,34,0,差0% ま0%,235,0,85.1,1.3734,0,0.3333,0.1667,0,0,,,,,,C,,,0.1242,0.6435,,0.721,S,100,0,◎1着固定 2-3着流し（5〜8点）,0.5777,"{'is_target': True, 'verdict': '参加推奨', 'max_combo_prob': 0.0608, 'est_top_odds': 21.9, 'circle_concentration': 60.7, 'eligible_count': 6, 'bet_adj': 2, 'reason': 'rel_win1=60.3%（本命度） / 最有力組み合わせ確率: 0.061（推定実オッズ?22倍） / 2着集中度: 上位2艇 60.7%（補正+0.00） / 総合判定確率: 0.061 / → ヒモ分散。1号艇1着固定で広めのヒモ流し推奨（買い目+2点）', 'tenji_trigger': '展示確認: ヒモ分散レース。1号艇伸び確認後、広めのヒモ流しを採用。穴ヒモ（5・6号艇）を積極的に含める。\n展示で1号艇スタート超安定(0.131秒)→ヒモ固まり方向に注意'}",,,33.4,逃げ狙い,40.83,23.9,2,,,,,,,,,,,
2025-11-09,丸亀,8,3,片岡雅裕,A1,28.26,3,△,7.1085,27.2,63,70.6,0.1271,2.2353,,,0,低,5,0,差ま0% 抜0%,5 3,0,26.7,0.8683,0,0,0,0.1429,0.1429,0.0286,0,0.3571,,,D,◎,,0.3247,0.8292,,0.721,S,100,0,◎1着固定 2-3着流し（5〜8点）,0.5777,"{'is_target': True, 'verdict': '参加推奨', 'max_combo_prob': 0.0608, 'est_top_odds': 21.9, 'circle_concentration': 60.7, 'eligible_count': 6, 'bet_adj': 2, 'reason': 'rel_win1=60.3%（本命度） / 最有力組み合わせ確率: 0.061（推定実オッズ?22倍） / 2着集中度: 上位2艇 60.7%（補正+0.00） / 総合判定確率: 0.061 / → ヒモ分散。1号艇1着固定で広めのヒモ流し推奨（買い目+2点）', 'tenji_trigger': '展示確認: ヒモ分散レース。1号艇伸び確認後、広めのヒモ流しを採用。穴ヒモ（5・6号艇）を積極的に含める。\n展示で1号艇スタート超安定(0.131秒)→ヒモ固まり方向に注意'}",,,33.4,逃げ狙い,40.83,23.9,2,,,,,,,,,,,
2025-11-09,丸亀,8,4,小池修平,A1,44.44,4,○,12.1427,32.1,47,77.8,0.1172,2.6944,,,0,低,45,0,ま0% 抜0%,413,0,80.1,1.5928,0,0,0.1176,0,0.0588,0.1793,0.0148,0.0296,,,A,,◎,0.3623,0.6405,0.4024,0.721,S,100,0,◎1着固定 2-3着流し（5〜8点）,0.5777,"{'is_target': True, 'verdict': '参加推奨', 'max_combo_prob': 0.0608, 'est_top_odds': 21.9, 'circle_concentration': 60.7, 'eligible_count': 6, 'bet_adj': 2, 'reason': 'rel_win1=60.3%（本命度） / 最有力組み合わせ確率: 0.061（推定実オッズ?22倍） / 2着集中度: 上位2艇 60.7%（補正+0.00） / 総合判定確率: 0.061 / → ヒモ分散。1号艇1着固定で広めのヒモ流し推奨（買い目+2点）', 'tenji_trigger': '展示確認: ヒモ分散レース。1号艇伸び確認後、広めのヒモ流しを採用。穴ヒモ（5・6号艇）を積極的に含める。\n展示で1号艇スタート超安定(0.131秒)→ヒモ固まり方向に注意'}",,,33.4,逃げ狙い,40.83,23.9,2,,,,,,,,,,,
2025-11-09,丸亀,8,5,岡崎恭裕,A1,33.33,5,,5.5252,10.9,100,61.3,0.1381,2.6613,,,0,低,38,0,抜0%,261,0,62.7,1.6669,0,0,0,0,0.0625,0.1962,0.0462,0,,,C,△,○,0.2887,0.665,0.2649,0.721,S,100,0,◎1着固定 2-3着流し（5〜8点）,0.5777,"{'is_target': True, 'verdict': '参加推奨', 'max_combo_prob': 0.0608, 'est_top_odds': 21.9, 'circle_concentration': 60.7, 'eligible_count': 6, 'bet_adj': 2, 'reason': 'rel_win1=60.3%（本命度） / 最有力組み合わせ確率: 0.061（推定実オッズ?22倍） / 2着集中度: 上位2艇 60.7%（補正+0.00） / 総合判定確率: 0.061 / → ヒモ分散。1号艇1着固定で広めのヒモ流し推奨（買い目+2点）', 'tenji_trigger': '展示確認: ヒモ分散レース。1号艇伸び確認後、広めのヒモ流しを採用。穴ヒモ（5・6号艇）を積極的に含める。\n展示で1号艇スタート超安定(0.131秒)→ヒモ固まり方向に注意'}",,,33.4,逃げ狙い,40.83,23.9,2,,,,,,,,,,,
2025-11-09,丸亀,8,6,大上卓人,A1,27.03,6,,1.5221,1.2,82,52,0.1544,3.4,,,0,低,42,0,-,656,0,96.4,1.9964,,,,,,0.0556,0.0556,0,,,E,○,,0.2365,0.697,,0.721,S,100,0,◎1着固定 2-3着流し（5〜8点）,0.5777,"{'is_target': True, 'verdict': '参加推奨', 'max_combo_prob': 0.0608, 'est_top_odds': 21.9, 'circle_concentration': 60.7, 'eligible_count': 6, 'bet_adj': 2, 'reason': 'rel_win1=60.3%（本命度） / 最有力組み合わせ確率: 0.061（推定実オッズ?22倍） / 2着集中度: 上位2艇 60.7%（補正+0.00） / 総合判定確率: 0.061 / → ヒモ分散。1号艇1着固定で広めのヒモ流し推奨（買い目+2点）', 'tenji_trigger': '展示確認: ヒモ分散レース。1号艇伸び確認後、広めのヒモ流しを採用。穴ヒモ（5・6号艇）を積極的に含める。\n展示で1号艇スタート超安定(0.131秒)→ヒモ固まり方向に注意'}",,,33.4,逃げ狙い,40.83,23.9,2,,,,,,,,,,,
2025-11-09,丸亀,9,1,椎名　豊,A1,31.91,1,◎,51.5459,,0,95.5,0.1464,2.7955,,,0,低,42,0,逃1%,4 63,0,70.7,1.1849,0.7727,,,,,0.1382,0,0.0364,◎,,D,○,,,0.664,,0.5491,A,79,0,◎-○軸 3着3〜4艇流し（10〜15点）,0.5777,"{'is_target': True, 'verdict': '参加推奨', 'max_combo_prob': 0.0512, 'est_top_odds': 26.0, 'circle_concentration': 59.8, 'eligible_count': 8, 'bet_adj': 2, 'reason': 'rel_win1=51.5%（本命度） / 最有力組み合わせ確率: 0.051（推定実オッズ?26倍） / 2着集中度: 上位2艇 59.8%（補正+0.00） / 総合判定確率: 0.051 / → ヒモ分散。1号艇1着固定で広めのヒモ流し推奨（買い目+2点）', 'tenji_trigger': '展示確認: ヒモ分散レース。1号艇伸び確認後、広めのヒモ流しを採用。穴ヒモ（5・6号艇）を積極的に含める。'}",,,32.7,逃げ狙い,36.7,25.4,2,,,,,0,0,0.7559,0,,逃げ軸流し,A
2025-11-09,丸亀,9,2,白井英治,A1,43.90,2,○,14.4851,33,87,81.2,0.1706,3.4375,,,0,低,29,0,差1%,313,0,39.7,1.2978,0,0.8,0,0,0,0.0588,0.1765,0.0588,,,B,△,,0.2535,0.659,,0.5491,A,79,0,◎-○軸 3着3〜4艇流し（10〜15点）,0.5777,"{'is_target': True, 'verdict': '参加推奨', 'max_combo_prob': 0.0512, 'est_top_odds': 26.0, 'circle_concentration': 59.8, 'eligible_count': 8, 'bet_adj': 2, 'reason': 'rel_win1=51.5%（本命度） / 最有力組み合わせ確率: 0.051（推定実オッズ?26倍） / 2着集中度: 上位2艇 59.8%（補正+0.00） / 総合判定確率: 0.051 / → ヒモ分散。1号艇1着固定で広めのヒモ流し推奨（買い目+2点）', 'tenji_trigger': '展示確認: ヒモ分散レース。1号艇伸び確認後、広めのヒモ流しを採用。穴ヒモ（5・6号艇）を積極的に含める。'}",,,32.7,逃げ狙い,36.7,25.4,2,,,,,,,,,,,
2025-11-09,丸亀,9,3,仲谷颯仁,A1,33.33,3,,10.3837,25.8,100,88.9,0.1517,3.3333,,,0,低,60,0,差ま0%,251,0,74.9,1.4662,0,0,0,0.25,0,0,0.1818,0.2727,,,D,△,,0.288,0.6445,,0.5491,A,79,0,◎-○軸 3着3〜4艇流し（10〜15点）,0.5777,"{'is_target': True, 'verdict': '参加推奨', 'max_combo_prob': 0.0512, 'est_top_odds': 26.0, 'circle_concentration': 59.8, 'eligible_count': 8, 'bet_adj': 2, 'reason': 'rel_win1=51.5%（本命度） / 最有力組み合わせ確率: 0.051（推定実オッズ?26倍） / 2着集中度: 上位2艇 59.8%（補正+0.00） / 総合判定確率: 0.051 / → ヒモ分散。1号艇1着固定で広めのヒモ流し推奨（買い目+2点）', 'tenji_trigger': '展示確認: ヒモ分散レース。1号艇伸び確認後、広めのヒモ流しを採用。穴ヒモ（5・6号艇）を積極的に含める。'}",,,32.7,逃げ狙い,36.7,25.4,2,,,,,,,,,,,
2025-11-09,丸亀,9,4,磯部　誠,A1,28.21,4,,7.5987,26.8,57,87.5,0.1138,2.1875,,,0,低,9,0,差0% ま0%,2 41,0,62.7,1.5215,0,0.125,0.25,0,0,,,,,◎,E,◎,,0.4669,0.715,,0.5491,A,79,0,◎-○軸 3着3〜4艇流し（10〜15点）,0.5777,"{'is_target': True, 'verdict': '参加推奨', 'max_combo_prob': 0.0512, 'est_top_odds': 26.0, 'circle_concentration': 59.8, 'eligible_count': 8, 'bet_adj': 2, 'reason': 'rel_win1=51.5%（本命度） / 最有力組み合わせ確率: 0.051（推定実オッズ?26倍） / 2着集中度: 上位2艇 59.8%（補正+0.00） / 総合判定確率: 0.051 / → ヒモ分散。1号艇1着固定で広めのヒモ流し推奨（買い目+2点）', 'tenji_trigger': '展示確認: ヒモ分散レース。1号艇伸び確認後、広めのヒモ流しを採用。穴ヒモ（5・6号艇）を積極的に含める。'}",,,32.7,逃げ狙い,36.7,25.4,2,,,,,,,,,,,
2025-11-09,丸亀,9,5,須藤博倫,A1,37.50,5,△,11.4929,11.1,84,68.8,0.1566,2.9844,,,0,低,54,0,差0% 差ま0%,4 34,0,100,2.0326,0,0.0667,0,0.1333,0,0.1171,0.0421,0.0421,,,C,,◎,0.2635,0.6375,0.3337,0.5491,A,79,0,◎-○軸 3着3〜4艇流し（10〜15点）,0.5777,"{'is_target': True, 'verdict': '参加推奨', 'max_combo_prob': 0.0512, 'est_top_odds': 26.0, 'circle_concentration': 59.8, 'eligible_count': 8, 'bet_adj': 2, 'reason': 'rel_win1=51.5%（本命度） / 最有力組み合わせ確率: 0.051（推定実オッズ?26倍） / 2着集中度: 上位2艇 59.8%（補正+0.00） / 総合判定確率: 0.051 / → ヒモ分散。1号艇1着固定で広めのヒモ流し推奨（買い目+2点）', 'tenji_trigger': '展示確認: ヒモ分散レース。1号艇伸び確認後、広めのヒモ流しを採用。穴ヒモ（5・6号艇）を積極的に含める。'}",,,32.7,逃げ狙い,36.7,25.4,2,,,,,,,,,,,
2025-11-09,丸亀,9,6,近江翔吾,A1,54.76,6,▲,4.4938,3.3,91,50,0.1671,3.5882,,,0,低,52,0,-,1 46,0,47.1,1.8014,0,0,0.0526,0,0,0.0811,0.0541,0.027,,,A,,,0.2222,0.6415,,0.5491,A,79,0,◎-○軸 3着3〜4艇流し（10〜15点）,0.5777,"{'is_target': True, 'verdict': '参加推奨', 'max_combo_prob': 0.0512, 'est_top_odds': 26.0, 'circle_concentration': 59.8, 'eligible_count': 8, 'bet_adj': 2, 'reason': 'rel_win1=51.5%（本命度） / 最有力組み合わせ確率: 0.051（推定実オッズ?26倍） / 2着集中度: 上位2艇 59.8%（補正+0.00） / 総合判定確率: 0.051 / → ヒモ分散。1号艇1着固定で広めのヒモ流し推奨（買い目+2点）', 'tenji_trigger': '展示確認: ヒモ分散レース。1号艇伸び確認後、広めのヒモ流しを採用。穴ヒモ（5・6号艇）を積極的に含める。'}",,,32.7,逃げ狙い,36.7,25.4,2,,,,,,,,,,,
2025-11-09,丸亀,10,1,宮地元輝,A1,29.79,1,◎,54.5999,,0,90.9,0.1268,2.7045,,,0,低,13,0,逃1%,442,0,75.1,1.1493,0.8333,,,,,0,0,0.1667,◎,,D,△,,,0.6895,,0.6394,S,84,0,◎1着固定 2-3着流し（5〜8点）,0.5777,"{'is_target': True, 'verdict': '参加推奨', 'max_combo_prob': 0.0779, 'est_top_odds': 17.1, 'circle_concentration': 62.7, 'eligible_count': 6, 'bet_adj': 2, 'reason': 'rel_win1=54.6%（本命度） / 最有力組み合わせ確率: 0.078（推定実オッズ?17倍） / 2着集中度: 上位2艇 62.7%（補正+0.00） / 総合判定確率: 0.078 / → ヒモ分散。1号艇1着固定で広めのヒモ流し推奨（買い目+2点）', 'tenji_trigger': '展示確認: ヒモ分散レース。1号艇伸び確認後、広めのヒモ流しを採用。穴ヒモ（5・6号艇）を積極的に含める。\n展示で1号艇スタート超安定(0.127秒)→ヒモ固まり方向に注意'}",,,29.3,逃げ狙い,29.25,22.2,2,,,,,0,0,0.7559,0,,逃げ軸流し,A
2025-11-09,丸亀,10,2,前田将太,A1,38.46,2,△,12.2466,39.8,64,89.3,0.1643,3.0714,,,0,低,42,0,ま0%,525,0,61.5,1.3845,0,0,0.0769,0,0,0.0476,0.0952,0.0476,,,C,◎,,0.0602,0.6935,,0.6394,S,84,0,◎1着固定 2-3着流し（5〜8点）,0.5777,"{'is_target': True, 'verdict': '参加推奨', 'max_combo_prob': 0.0779, 'est_top_odds': 17.1, 'circle_concentration': 62.7, 'eligible_count': 6, 'bet_adj': 2, 'reason': 'rel_win1=54.6%（本命度） / 最有力組み合わせ確率: 0.078（推定実オッズ?17倍） / 2着集中度: 上位2艇 62.7%（補正+0.00） / 総合判定確率: 0.078 / → ヒモ分散。1号艇1着固定で広めのヒモ流し推奨（買い目+2点）', 'tenji_trigger': '展示確認: ヒモ分散レース。1号艇伸び確認後、広めのヒモ流しを採用。穴ヒモ（5・6号艇）を積極的に含める。\n展示で1号艇スタート超安定(0.127秒)→ヒモ固まり方向に注意'}",,,29.3,逃げ狙い,29.25,22.2,2,,,,,,,,,,,
2025-11-09,丸亀,10,3,赤岩善生,A1,43.90,3,▲,9.4477,22.9,58,70,0.1675,3.575,,,0,低,38,0,差0%,223,0,95,1.2035,0,0.0714,0,0,0,0.0229,0.1207,0.0571,,,B,○,,0.115,0.691,,0.6394,S,84,0,◎1着固定 2-3着流し（5〜8点）,0.5777,"{'is_target': True, 'verdict': '参加推奨', 'max_combo_prob': 0.0779, 'est_top_odds': 17.1, 'circle_concentration': 62.7, 'eligible_count': 6, 'bet_adj': 2, 'reason': 'rel_win1=54.6%（本命度） / 最有力組み合わせ確率: 0.078（推定実オッズ?17倍） / 2着集中度: 上位2艇 62.7%（補正+0.00） / 総合判定確率: 0.078 / → ヒモ分散。1号艇1着固定で広めのヒモ流し推奨（買い目+2点）', 'tenji_trigger': '展示確認: ヒモ分散レース。1号艇伸び確認後、広めのヒモ流しを採用。穴ヒモ（5・6号艇）を積極的に含める。\n展示で1号艇スタート超安定(0.127秒)→ヒモ固まり方向に注意'}",,,29.3,逃げ狙い,29.25,22.2,2,,,,,,,,,,,
2025-11-09,丸亀,10,4,木下翔太,A1,27.91,4,,11.5481,14.8,100,87.5,0.12,2.7125,,,0,低,63,0,-,5 2,0,28.3,0.8296,0,0.125,0,0.0625,0,0.0148,0.1148,0.1148,,,E,△,◎,0.3264,0.688,0.5633,0.6394,S,84,0,◎1着固定 2-3着流し（5〜8点）,0.5777,"{'is_target': True, 'verdict': '参加推奨', 'max_combo_prob': 0.0779, 'est_top_odds': 17.1, 'circle_concentration': 62.7, 'eligible_count': 6, 'bet_adj': 2, 'reason': 'rel_win1=54.6%（本命度） / 最有力組み合わせ確率: 0.078（推定実オッズ?17倍） / 2着集中度: 上位2艇 62.7%（補正+0.00） / 総合判定確率: 0.078 / → ヒモ分散。1号艇1着固定で広めのヒモ流し推奨（買い目+2点）', 'tenji_trigger': '展示確認: ヒモ分散レース。1号艇伸び確認後、広めのヒモ流しを採用。穴ヒモ（5・6号艇）を積極的に含める。\n展示で1号艇スタート超安定(0.127秒)→ヒモ固まり方向に注意'}",,,29.3,逃げ狙い,29.25,22.2,2,,,,,,,,,,,
2025-11-09,丸亀,10,5,入海　馨,A1,45.45,5,○,8.1508,15.7,63,67.7,0.1681,3.5645,,,0,低,69,0,差0% 差ま0%,2 6,0,43.8,1.8831,0,0.0769,0,0.2308,0,0,0,0,,,A,,,0.1918,0.6215,,0.6394,S,84,0,◎1着固定 2-3着流し（5〜8点）,0.5777,"{'is_target': True, 'verdict': '参加推奨', 'max_combo_prob': 0.0779, 'est_top_odds': 17.1, 'circle_concentration': 62.7, 'eligible_count': 6, 'bet_adj': 2, 'reason': 'rel_win1=54.6%（本命度） / 最有力組み合わせ確率: 0.078（推定実オッズ?17倍） / 2着集中度: 上位2艇 62.7%（補正+0.00） / 総合判定確率: 0.078 / → ヒモ分散。1号艇1着固定で広めのヒモ流し推奨（買い目+2点）', 'tenji_trigger': '展示確認: ヒモ分散レース。1号艇伸び確認後、広めのヒモ流しを採用。穴ヒモ（5・6号艇）を積極的に含める。\n展示で1号艇スタート超安定(0.127秒)→ヒモ固まり方向に注意'}",,,29.3,逃げ狙い,29.25,22.2,2,,,,,,,,,,,
2025-11-09,丸亀,10,6,佐藤隆太,A1,32.56,6,,4.0069,6.8,58,54.3,0.1586,3.6429,,,0,低,32,0,-,6 61,0,99.2,2.1117,,,,,,0.0833,0.0833,0,,,D,,,0.2074,0.6665,,0.6394,S,84,0,◎1着固定 2-3着流し（5〜8点）,0.5777,"{'is_target': True, 'verdict': '参加推奨', 'max_combo_prob': 0.0779, 'est_top_odds': 17.1, 'circle_concentration': 62.7, 'eligible_count': 6, 'bet_adj': 2, 'reason': 'rel_win1=54.6%（本命度） / 最有力組み合わせ確率: 0.078（推定実オッズ?17倍） / 2着集中度: 上位2艇 62.7%（補正+0.00） / 総合判定確率: 0.078 / → ヒモ分散。1号艇1着固定で広めのヒモ流し推奨（買い目+2点）', 'tenji_trigger': '展示確認: ヒモ分散レース。1号艇伸び確認後、広めのヒモ流しを採用。穴ヒモ（5・6号艇）を積極的に含める。\n展示で1号艇スタート超安定(0.127秒)→ヒモ固まり方向に注意'}",,,29.3,逃げ狙い,29.25,22.2,2,,,,,,,,,,,
2025-11-09,丸亀,11,1,森高一真,A1,25.71,1,◎,46.5357,,0,84,0.1476,3.32,,,0,低,28,0,逃0%,3 6,0,76.8,1.2413,0.5,,,,,0,0.1667,0.3333,○,,E,△,,,0.685,,0.4011,A,66,0,◎-○軸 3着3〜4艇流し（10〜15点）,0.5777,"{'is_target': True, 'verdict': '参加推奨', 'max_combo_prob': 0.0564, 'est_top_odds': 23.7, 'circle_concentration': 65.4, 'eligible_count': 8, 'bet_adj': 2, 'reason': 'rel_win1=46.5%（本命度） / 最有力組み合わせ確率: 0.056（推定実オッズ?24倍） / 2着集中度: 上位2艇 65.4%（補正+0.00） / 総合判定確率: 0.056 / → ヒモ分散。1号艇1着固定で広めのヒモ流し推奨（買い目+2点）', 'tenji_trigger': '展示確認: ヒモ分散レース。1号艇伸び確認後、広めのヒモ流しを採用。穴ヒモ（5・6号艇）を積極的に含める。'}",,,32.4,逃げ狙い,32.81,28,2,,,,,0,0,0.6155,0,,主役軸流し,B
2025-11-09,丸亀,11,2,山田康二,A1,42.86,2,○,22.9731,39.6,74,100,0.1292,2.5,,,0,低,35,0,差0% ま0%,551,0,73.8,1.6578,0,0.25,0.5,0,0,0.0211,0.1211,0.1632,,◎,B,△,,0.5759,0.6765,,0.4011,A,66,0,◎-○軸 3着3〜4艇流し（10〜15点）,0.5777,"{'is_target': True, 'verdict': '参加推奨', 'max_combo_prob': 0.0564, 'est_top_odds': 23.7, 'circle_concentration': 65.4, 'eligible_count': 8, 'bet_adj': 2, 'reason': 'rel_win1=46.5%（本命度） / 最有力組み合わせ確率: 0.056（推定実オッズ?24倍） / 2着集中度: 上位2艇 65.4%（補正+0.00） / 総合判定確率: 0.056 / → ヒモ分散。1号艇1着固定で広めのヒモ流し推奨（買い目+2点）', 'tenji_trigger': '展示確認: ヒモ分散レース。1号艇伸び確認後、広めのヒモ流しを採用。穴ヒモ（5・6号艇）を積極的に含める。'}",,,32.4,逃げ狙い,32.81,28,2,,,,,,,,,,,
2025-11-09,丸亀,11,3,塩田北斗,A1,30.95,3,,13.1231,25.8,76,78,0.1406,2.64,,,0,低,50,0,ま0% 差ま0%,341,0,40.6,1.4065,0,0,0.0667,0.1333,0,0,0.0435,0.0435,,,D,,,0.3332,0.6745,,0.4011,A,66,0,◎-○軸 3着3〜4艇流し（10〜15点）,0.5777,"{'is_target': True, 'verdict': '参加推奨', 'max_combo_prob': 0.0564, 'est_top_odds': 23.7, 'circle_concentration': 65.4, 'eligible_count': 8, 'bet_adj': 2, 'reason': 'rel_win1=46.5%（本命度） / 最有力組み合わせ確率: 0.056（推定実オッズ?24倍） / 2着集中度: 上位2艇 65.4%（補正+0.00） / 総合判定確率: 0.056 / → ヒモ分散。1号艇1着固定で広めのヒモ流し推奨（買い目+2点）', 'tenji_trigger': '展示確認: ヒモ分散レース。1号艇伸び確認後、広めのヒモ流しを採用。穴ヒモ（5・6号艇）を積極的に含める。'}",,,32.4,逃げ狙い,32.81,28,2,,,,,,,,,,,
2025-11-09,丸亀,11,4,柳沢　一,A1,54.76,4,▲,10.3233,21.1,100,83.9,0.1348,2.6875,,,0,低,43,0,差0% ま0%,2 5,0,91.5,1.5726,0,0.1739,0.0435,0,0,0.0432,0.1074,0.1074,,,A,○,◎,0.3582,0.698,0.4291,0.4011,A,66,0,◎-○軸 3着3〜4艇流し（10〜15点）,0.5777,"{'is_target': True, 'verdict': '参加推奨', 'max_combo_prob': 0.0564, 'est_top_odds': 23.7, 'circle_concentration': 65.4, 'eligible_count': 8, 'bet_adj': 2, 'reason': 'rel_win1=46.5%（本命度） / 最有力組み合わせ確率: 0.056（推定実オッズ?24倍） / 2着集中度: 上位2艇 65.4%（補正+0.00） / 総合判定確率: 0.056 / → ヒモ分散。1号艇1着固定で広めのヒモ流し推奨（買い目+2点）', 'tenji_trigger': '展示確認: ヒモ分散レース。1号艇伸び確認後、広めのヒモ流しを採用。穴ヒモ（5・6号艇）を積極的に含める。'}",,,32.4,逃げ狙い,32.81,28,2,,,,,,,,,,,
2025-11-09,丸亀,11,5,長田頼宗,A1,27.78,5,,6.126,7.1,92,72.7,0.1668,3.8409,,,0,低,43,0,差ま0%,1 34,0,65.9,1.8771,0,0,0,0.25,0,0,0,0,,,D,,,0.2716,0.6725,,0.4011,A,66,0,◎-○軸 3着3〜4艇流し（10〜15点）,0.5777,"{'is_target': True, 'verdict': '参加推奨', 'max_combo_prob': 0.0564, 'est_top_odds': 23.7, 'circle_concentration': 65.4, 'eligible_count': 8, 'bet_adj': 2, 'reason': 'rel_win1=46.5%（本命度） / 最有力組み合わせ確率: 0.056（推定実オッズ?24倍） / 2着集中度: 上位2艇 65.4%（補正+0.00） / 総合判定確率: 0.056 / → ヒモ分散。1号艇1着固定で広めのヒモ流し推奨（買い目+2点）', 'tenji_trigger': '展示確認: ヒモ分散レース。1号艇伸び確認後、広めのヒモ流しを採用。穴ヒモ（5・6号艇）を積極的に含める。'}",,,32.4,逃げ狙い,32.81,28,2,,,,,,,,,,,
2025-11-09,丸亀,11,6,吉田拡郎,A1,47.62,6,△,0.9187,6.4,59,68.4,0.1174,2.2632,,,0,低,10,0,ま0%,4 1,0,100,2.4625,0,0,0.0312,0,0,0.0909,0,0,,,B,◎,,0.3733,0.81,,0.4011,A,66,0,◎-○軸 3着3〜4艇流し（10〜15点）,0.5777,"{'is_target': True, 'verdict': '参加推奨', 'max_combo_prob': 0.0564, 'est_top_odds': 23.7, 'circle_concentration': 65.4, 'eligible_count': 8, 'bet_adj': 2, 'reason': 'rel_win1=46.5%（本命度） / 最有力組み合わせ確率: 0.056（推定実オッズ?24倍） / 2着集中度: 上位2艇 65.4%（補正+0.00） / 総合判定確率: 0.056 / → ヒモ分散。1号艇1着固定で広めのヒモ流し推奨（買い目+2点）', 'tenji_trigger': '展示確認: ヒモ分散レース。1号艇伸び確認後、広めのヒモ流しを採用。穴ヒモ（5・6号艇）を積極的に含める。'}",,,32.4,逃げ狙い,32.81,28,2,,,,,,,,,,,
2025-11-09,丸亀,12,1,上條暢嵩,A1,30.30,1,◎,53.3722,,0,95.8,0.1492,4.2292,,,0,低,12,0,逃1%,3 45,0,77.7,1.195,1,,,,,,,,◎,,C,○,,,0.7115,,0.467,A,76,0,◎-○軸 3着3〜4艇流し（10〜15点）,0.5777,"{'is_target': True, 'verdict': '参加推奨', 'max_combo_prob': 0.05, 'est_top_odds': 26.6, 'circle_concentration': 58.9, 'eligible_count': 8, 'bet_adj': 2, 'reason': 'rel_win1=53.4%（本命度） / 最有力組み合わせ確率: 0.050（推定実オッズ?27倍） / 2着集中度: 上位2艇 58.9%（補正+0.00） / 総合判定確率: 0.050 / → ヒモ分散。1号艇1着固定で広めのヒモ流し推奨（買い目+2点）', 'tenji_trigger': '展示確認: ヒモ分散レース。1号艇伸び確認後、広めのヒモ流しを採用。穴ヒモ（5・6号艇）を積極的に含める。'}",,,33.7,逃げ狙い,46.23,20.1,3,,,,,0,0,0.7559,0,,逃げ軸流し,A
2025-11-09,丸亀,12,2,中村晃朋,A1,29.73,2,△,14.4957,35.8,100,90.9,0.1591,3.1818,,,0,低,56,0,抜0%,5 4,0,30.5,0.9493,0,0.1875,0.125,0,0.0625,0.1745,0,0.1564,,,D,,,0.243,0.678,,0.467,A,76,0,◎-○軸 3着3〜4艇流し（10〜15点）,0.5777,"{'is_target': True, 'verdict': '参加推奨', 'max_combo_prob': 0.05, 'est_top_odds': 26.6, 'circle_concentration': 58.9, 'eligible_count': 8, 'bet_adj': 2, 'reason': 'rel_win1=53.4%（本命度） / 最有力組み合わせ確率: 0.050（推定実オッズ?27倍） / 2着集中度: 上位2艇 58.9%（補正+0.00） / 総合判定確率: 0.050 / → ヒモ分散。1号艇1着固定で広めのヒモ流し推奨（買い目+2点）', 'tenji_trigger': '展示確認: ヒモ分散レース。1号艇伸び確認後、広めのヒモ流しを採用。穴ヒモ（5・6号艇）を積極的に含める。'}",,,33.7,逃げ狙い,46.23,20.1,3,,,,,,,,,,,
2025-11-09,丸亀,12,3,西山貴浩,A1,28.57,3,,9.6744,13.6,79,66.7,0.1542,3.7083,,,0,低,17,1,-,6 4,0,84.6,1.1631,,,,,,0,0.1429,0,,,D,△,,0.2826,0.7,,0.467,A,76,0,◎-○軸 3着3〜4艇流し（10〜15点）,0.5777,"{'is_target': True, 'verdict': '参加推奨', 'max_combo_prob': 0.05, 'est_top_odds': 26.6, 'circle_concentration': 58.9, 'eligible_count': 8, 'bet_adj': 2, 'reason': 'rel_win1=53.4%（本命度） / 最有力組み合わせ確率: 0.050（推定実オッズ?27倍） / 2着集中度: 上位2艇 58.9%（補正+0.00） / 総合判定確率: 0.050 / → ヒモ分散。1号艇1着固定で広めのヒモ流し推奨（買い目+2点）', 'tenji_trigger': '展示確認: ヒモ分散レース。1号艇伸び確認後、広めのヒモ流しを採用。穴ヒモ（5・6号艇）を積極的に含める。'}",,,33.7,逃げ狙い,46.23,20.1,3,,,,,,,,,,,
2025-11-09,丸亀,12,4,峰　竜太,A1,28.57,4,,9.2761,23,76,100,0.127,2.8,,,0,低,4,1,差ま0%,1 21,0,85.8,1.757,0,0,0,0.3333,0,0,0,0,,◎,D,◎,,0.443,0.8175,,0.467,A,76,0,◎-○軸 3着3〜4艇流し（10〜15点）,0.5777,"{'is_target': True, 'verdict': '参加推奨', 'max_combo_prob': 0.05, 'est_top_odds': 26.6, 'circle_concentration': 58.9, 'eligible_count': 8, 'bet_adj': 2, 'reason': 'rel_win1=53.4%（本命度） / 最有力組み合わせ確率: 0.050（推定実オッズ?27倍） / 2着集中度: 上位2艇 58.9%（補正+0.00） / 総合判定確率: 0.050 / → ヒモ分散。1号艇1着固定で広めのヒモ流し推奨（買い目+2点）', 'tenji_trigger': '展示確認: ヒモ分散レース。1号艇伸び確認後、広めのヒモ流しを採用。穴ヒモ（5・6号艇）を積極的に含める。'}",,,33.7,逃げ狙い,46.23,20.1,3,,,,,,,,,,,
2025-11-09,丸亀,12,5,濱崎直矢,A1,50.00,5,▲,8.3666,17.2,78,61.4,0.1598,2.9561,,,0,低,95,0,ま0% 差ま0% 抜0%,312,0,39.5,1.7379,0,0,0.0588,0.0588,0.0588,0.0148,0.1444,0.1148,,,A,,○,0.2528,0.632,0.188,0.467,A,76,0,◎-○軸 3着3〜4艇流し（10〜15点）,0.5777,"{'is_target': True, 'verdict': '参加推奨', 'max_combo_prob': 0.05, 'est_top_odds': 26.6, 'circle_concentration': 58.9, 'eligible_count': 8, 'bet_adj': 2, 'reason': 'rel_win1=53.4%（本命度） / 最有力組み合わせ確率: 0.050（推定実オッズ?27倍） / 2着集中度: 上位2艇 58.9%（補正+0.00） / 総合判定確率: 0.050 / → ヒモ分散。1号艇1着固定で広めのヒモ流し推奨（買い目+2点）', 'tenji_trigger': '展示確認: ヒモ分散レース。1号艇伸び確認後、広めのヒモ流しを採用。穴ヒモ（5・6号艇）を積極的に含める。'}",,,33.7,逃げ狙い,46.23,20.1,3,,,,,,,,,,,
2025-11-09,丸亀,12,6,藤原啓史,A1,35.48,6,○,4.8151,10.3,69,63.6,0.1241,2.8977,,,0,低,29,0,差ま0% 抜0%,144,0,100,2.45,0,0,0,0.0833,0.0417,0.0167,0,0.2333,,,B,△,◎,0.3737,0.685,0.3833,0.467,A,76,0,◎-○軸 3着3〜4艇流し（10〜15点）,0.5777,"{'is_target': True, 'verdict': '参加推奨', 'max_combo_prob': 0.05, 'est_top_odds': 26.6, 'circle_concentration': 58.9, 'eligible_count': 8, 'bet_adj': 2, 'reason': 'rel_win1=53.4%（本命度） / 最有力組み合わせ確率: 0.050（推定実オッズ?27倍） / 2着集中度: 上位2艇 58.9%（補正+0.00） / 総合判定確率: 0.050 / → ヒモ分散。1号艇1着固定で広めのヒモ流し推奨（買い目+2点）', 'tenji_trigger': '展示確認: ヒモ分散レース。1号艇伸び確認後、広めのヒモ流しを採用。穴ヒモ（5・6号艇）を積極的に含める。'}",,,33.7,逃げ狙い,46.23,20.1,3,,,,,,,,,,,
2025-11-10,丸亀,1,1,永井彪也,A1,27.78,1,◎,49.6006,,0,88.1,0.1583,3.0238,,,0,低,28,0,逃1%,565 2,0,68.6,1.101,0.7619,,,,,0,0,0.2762,◎,,D,○,,,0.7025,,0.4913,S,94,0,◎1着固定 2-3着流し（5〜8点）,0.5777,"{'is_target': True, 'verdict': '参加推奨', 'max_combo_prob': 0.0586, 'est_top_odds': 22.8, 'circle_concentration': 63.8, 'eligible_count': 6, 'bet_adj': 2, 'reason': 'rel_win1=49.6%（本命度） / 最有力組み合わせ確率: 0.059（推定実オッズ?23倍） / 2着集中度: 上位2艇 63.8%（補正+0.00） / 総合判定確率: 0.059 / → ヒモ分散。1号艇1着固定で広めのヒモ流し推奨（買い目+2点）', 'tenji_trigger': '展示確認: ヒモ分散レース。1号艇伸び確認後、広めのヒモ流しを採用。穴ヒモ（5・6号艇）を積極的に含める。'}",,,30.1,逃げ狙い,28.95,24.7,2,,,,,0,0,0.7559,0,,逃げ軸流し,A
2025-11-10,丸亀,1,2,塩田北斗,A1,30.95,2,▲,16.245,36.6,90,84.2,0.1287,2.6579,,,0,低,50,0,差0%,341 34,0,58.9,1.3598,0,0.1,0,0,0,0,0.0435,0.0435,,◎,C,△,,0.5723,0.6745,,0.4913,S,94,0,◎1着固定 2-3着流し（5〜8点）,0.5777,"{'is_target': True, 'verdict': '参加推奨', 'max_combo_prob': 0.0586, 'est_top_odds': 22.8, 'circle_concentration': 63.8, 'eligible_count': 6, 'bet_adj': 2, 'reason': 'rel_win1=49.6%（本命度） / 最有力組み合わせ確率: 0.059（推定実オッズ?23倍） / 2着集中度: 上位2艇 63.8%（補正+0.00） / 総合判定確率: 0.059 / → ヒモ分散。1号艇1着固定で広めのヒモ流し推奨（買い目+2点）', 'tenji_trigger': '展示確認: ヒモ分散レース。1号艇伸び確認後、広めのヒモ流しを採用。穴ヒモ（5・6号艇）を積極的に含める。'}",,,30.1,逃げ狙い,28.95,24.7,2,,,,,,,,,,,
2025-11-10,丸亀,1,3,磯部　誠,A1,28.21,3,,9.5685,19.5,70,64.3,0.1464,2.5357,,,0,低,9,1,ま0%,2 413,0,33.8,1.1437,0,0,0.1667,0,0,,,,,△,D,◎,,0.3754,0.715,,0.4913,S,94,0,◎1着固定 2-3着流し（5〜8点）,0.5777,"{'is_target': True, 'verdict': '参加推奨', 'max_combo_prob': 0.0586, 'est_top_odds': 22.8, 'circle_concentration': 63.8, 'eligible_count': 6, 'bet_adj': 2, 'reason': 'rel_win1=49.6%（本命度） / 最有力組み合わせ確率: 0.059（推定実オッズ?23倍） / 2着集中度: 上位2艇 63.8%（補正+0.00） / 総合判定確率: 0.059 / → ヒモ分散。1号艇1着固定で広めのヒモ流し推奨（買い目+2点）', 'tenji_trigger': '展示確認: ヒモ分散レース。1号艇伸び確認後、広めのヒモ流しを採用。穴ヒモ（5・6号艇）を積極的に含める。'}",,,30.1,逃げ狙い,28.95,24.7,2,,,,,,,,,,,
2025-11-10,丸亀,1,4,岡崎恭裕,A1,33.33,4,○,14.8283,27.2,68,80.5,0.1317,2.5488,,,0,低,38,0,ま0%,261 1,0,88.5,1.7336,0,0,0.0588,0,0,0.1962,0.0462,0,,,B,△,◎,0.3916,0.665,0.4225,0.4913,S,94,0,◎1着固定 2-3着流し（5〜8点）,0.5777,"{'is_target': True, 'verdict': '参加推奨', 'max_combo_prob': 0.0586, 'est_top_odds': 22.8, 'circle_concentration': 63.8, 'eligible_count': 6, 'bet_adj': 2, 'reason': 'rel_win1=49.6%（本命度） / 最有力組み合わせ確率: 0.059（推定実オッズ?23倍） / 2着集中度: 上位2艇 63.8%（補正+0.00） / 総合判定確率: 0.059 / → ヒモ分散。1号艇1着固定で広めのヒモ流し推奨（買い目+2点）', 'tenji_trigger': '展示確認: ヒモ分散レース。1号艇伸び確認後、広めのヒモ流しを採用。穴ヒモ（5・6号艇）を積極的に含める。'}",,,30.1,逃げ狙い,28.95,24.7,2,,,,,,,,,,,
2025-11-10,丸亀,1,5,海野康志,A1,36.36,5,△,7.5258,12.7,100,66.7,0.187,3.5455,,,0,低,38,0,ま0% 差ま0%,614 1,0,96,1.855,0,0,0.1333,0.1333,0,0,0.0387,0.2516,,,B,,,0.232,0.6265,,0.4913,S,94,0,◎1着固定 2-3着流し（5〜8点）,0.5777,"{'is_target': True, 'verdict': '参加推奨', 'max_combo_prob': 0.0586, 'est_top_odds': 22.8, 'circle_concentration': 63.8, 'eligible_count': 6, 'bet_adj': 2, 'reason': 'rel_win1=49.6%（本命度） / 最有力組み合わせ確率: 0.059（推定実オッズ?23倍） / 2着集中度: 上位2艇 63.8%（補正+0.00） / 総合判定確率: 0.059 / → ヒモ分散。1号艇1着固定で広めのヒモ流し推奨（買い目+2点）', 'tenji_trigger': '展示確認: ヒモ分散レース。1号艇伸び確認後、広めのヒモ流しを採用。穴ヒモ（5・6号艇）を積極的に含める。'}",,,30.1,逃げ狙い,28.95,24.7,2,,,,,,,,,,,
2025-11-10,丸亀,1,6,濱野斗馬,A1,32.26,6,,2.2318,4,72,36.7,0.1433,4.0167,,,0,低,40,0,-,2 465,0,47.9,1.2844,,,,,,0.0968,0,0.0323,,,C,,,0.3564,0.638,,0.4913,S,94,0,◎1着固定 2-3着流し（5〜8点）,0.5777,"{'is_target': True, 'verdict': '参加推奨', 'max_combo_prob': 0.0586, 'est_top_odds': 22.8, 'circle_concentration': 63.8, 'eligible_count': 6, 'bet_adj': 2, 'reason': 'rel_win1=49.6%（本命度） / 最有力組み合わせ確率: 0.059（推定実オッズ?23倍） / 2着集中度: 上位2艇 63.8%（補正+0.00） / 総合判定確率: 0.059 / → ヒモ分散。1号艇1着固定で広めのヒモ流し推奨（買い目+2点）', 'tenji_trigger': '展示確認: ヒモ分散レース。1号艇伸び確認後、広めのヒモ流しを採用。穴ヒモ（5・6号艇）を積極的に含める。'}",,,30.1,逃げ狙い,28.95,24.7,2,,,,,,,,,,,
2025-11-10,丸亀,2,1,浜先真範,A1,36.36,1,◎,41.9491,,0,90.9,0.1309,2.4156,,,0,低,66,0,逃1%,462 6,0,64.3,0.9319,0.8,,,,,0.01,0.02,0.02,◎,,D,△,,,0.647,,0.609,B,59,0,◎○△フォーメーション（15〜20点）,0.5777,"{'is_target': False, 'verdict': '対象外', 'max_combo_prob': None, 'est_top_odds': None, 'circle_concentration': None, 'eligible_count': 0, 'bet_adj': 0, 'reason': '1号艇rel_win1 < 45%: 通常判定に委ねる', 'tenji_trigger': ''}",,,30.7,両建て推奨,33.48,22.4,2,,,,,0,0,0.7559,0,,逃げ軸流し,A
2025-11-10,丸亀,2,2,小池修平,A1,44.44,2,▲,22.4104,25.6,100,80.6,0.1481,3.3472,,,0,低,45,0,差0% ま0%,413 6,0,74.7,1.3812,0,0.3333,0.1667,0,0,0.1793,0.0148,0.0296,,,B,,,0.2022,0.6405,,0.609,B,59,0,◎○△フォーメーション（15〜20点）,0.5777,"{'is_target': False, 'verdict': '対象外', 'max_combo_prob': None, 'est_top_odds': None, 'circle_concentration': None, 'eligible_count': 0, 'bet_adj': 0, 'reason': '1号艇rel_win1 < 45%: 通常判定に委ねる', 'tenji_trigger': ''}",,,30.7,両建て推奨,33.48,22.4,2,,,,,,,,,,,
2025-11-10,丸亀,2,3,柳沢　一,A1,54.76,3,○,17.4739,28.1,84,75,0.1227,2.3571,,,0,低,43,0,差0% ま0% 差ま0%,2 5 23,0,73.9,1.5017,0,0.04,0.04,0.12,0,0.0432,0.1074,0.1074,,,A,○,,0.336,0.698,,0.609,B,59,0,◎○△フォーメーション（15〜20点）,0.5777,"{'is_target': False, 'verdict': '対象外', 'max_combo_prob': None, 'est_top_odds': None, 'circle_concentration': None, 'eligible_count': 0, 'bet_adj': 0, 'reason': '1号艇rel_win1 < 45%: 通常判定に委ねる', 'tenji_trigger': ''}",,,30.7,両建て推奨,33.48,22.4,2,,,,,,,,,,,
2025-11-10,丸亀,2,4,西山貴浩,A1,28.57,4,,9.9203,26,64,80,0.14,3.4333,,,0,低,17,0,差0%,6 4 53,0,84.7,1.4972,0,0.3333,0,0,0,0,0.1429,0,,,E,◎,,0.3088,0.7,,0.609,B,59,0,◎○△フォーメーション（15〜20点）,0.5777,"{'is_target': False, 'verdict': '対象外', 'max_combo_prob': None, 'est_top_odds': None, 'circle_concentration': None, 'eligible_count': 0, 'bet_adj': 0, 'reason': '1号艇rel_win1 < 45%: 通常判定に委ねる', 'tenji_trigger': ''}",,,30.7,両建て推奨,33.48,22.4,2,,,,,,,,,,,
2025-11-10,丸亀,2,5,小坂尚哉,A1,38.78,5,,5.8407,14.4,89,58,0.1523,2.9638,,,0,低,81,0,差ま0%,326 1,0,87.8,1.5288,0,0,0,0.037,0,0.0488,0.0488,0.0976,,,C,△,◎,0.207,0.657,0.2799,0.609,B,59,0,◎○△フォーメーション（15〜20点）,0.5777,"{'is_target': False, 'verdict': '対象外', 'max_combo_prob': None, 'est_top_odds': None, 'circle_concentration': None, 'eligible_count': 0, 'bet_adj': 0, 'reason': '1号艇rel_win1 < 45%: 通常判定に委ねる', 'tenji_trigger': ''}",,,30.7,両建て推奨,33.48,22.4,2,,,,,,,,,,,
2025-11-10,丸亀,2,6,中村日向,A1,40.91,6,△,2.4056,6,64,48.1,0.1619,3.6296,,,0,低,40,0,-,116 1,0,34.4,0.8131,,,,,,0.1538,0.0769,0,,,C,,,0.2152,0.645,,0.609,B,59,0,◎○△フォーメーション（15〜20点）,0.5777,"{'is_target': False, 'verdict': '対象外', 'max_combo_prob': None, 'est_top_odds': None, 'circle_concentration': None, 'eligible_count': 0, 'bet_adj': 0, 'reason': '1号艇rel_win1 < 45%: 通常判定に委ねる', 'tenji_trigger': ''}",,,30.7,両建て推奨,33.48,22.4,2,,,,,,,,,,,
2025-11-10,丸亀,3,1,柳生泰二,A1,57.89,1,◎,46.6743,,0,96.8,0.1435,2.7857,,,0,低,43,0,-,5 223,0,52.9,0.999,0.8148,,,,,0.1444,0.1148,0,◎,,A,△,,,0.687,,0.6025,A,74,0,◎-○軸 3着3〜4艇流し（10〜15点）,0.5777,"{'is_target': True, 'verdict': '参加推奨', 'max_combo_prob': 0.062, 'est_top_odds': 21.5, 'circle_concentration': 64.7, 'eligible_count': 8, 'bet_adj': 2, 'reason': 'rel_win1=46.7%（本命度） / 最有力組み合わせ確率: 0.062（推定実オッズ?22倍） / 2着集中度: 上位2艇 64.7%（補正+0.00） / 総合判定確率: 0.062 / → ヒモ分散。1号艇1着固定で広めのヒモ流し推奨（買い目+2点）', 'tenji_trigger': '展示確認: ヒモ分散レース。1号艇伸び確認後、広めのヒモ流しを採用。穴ヒモ（5・6号艇）を積極的に含める。'}",,,34.9,逃げ狙い,41.5,27.7,5,,,,,0,0,0.7559,0,,逃げ軸流し,A
2025-11-10,丸亀,3,2,大上卓人,A1,27.03,2,,17.7414,38.8,71,83.3,0.159,3.2167,,,0,低,42,0,差0%,656 5,0,53.3,1.3647,0,0.4,0,0,0,0.0556,0.0556,0,,,E,◎,,0.2415,0.697,,0.6025,A,74,0,◎-○軸 3着3〜4艇流し（10〜15点）,0.5777,"{'is_target': True, 'verdict': '参加推奨', 'max_combo_prob': 0.062, 'est_top_odds': 21.5, 'circle_concentration': 64.7, 'eligible_count': 8, 'bet_adj': 2, 'reason': 'rel_win1=46.7%（本命度） / 最有力組み合わせ確率: 0.062（推定実オッズ?22倍） / 2着集中度: 上位2艇 64.7%（補正+0.00） / 総合判定確率: 0.062 / → ヒモ分散。1号艇1着固定で広めのヒモ流し推奨（買い目+2点）', 'tenji_trigger': '展示確認: ヒモ分散レース。1号艇伸び確認後、広めのヒモ流しを採用。穴ヒモ（5・6号艇）を積極的に含める。'}",,,34.9,逃げ狙い,41.5,27.7,5,,,,,,,,,,,
2025-11-10,丸亀,3,3,長田頼宗,A1,27.78,3,△,16.8625,23.9,86,83.3,0.1462,2.625,,,0,低,43,0,差0% ま0% 差ま0%,1 346,0,61.1,1.5979,0,0.0769,0.2308,0.3077,0,0,0,0,,,E,△,,0.3419,0.6725,,0.6025,A,74,0,◎-○軸 3着3〜4艇流し（10〜15点）,0.5777,"{'is_target': True, 'verdict': '参加推奨', 'max_combo_prob': 0.062, 'est_top_odds': 21.5, 'circle_concentration': 64.7, 'eligible_count': 8, 'bet_adj': 2, 'reason': 'rel_win1=46.7%（本命度） / 最有力組み合わせ確率: 0.062（推定実オッズ?22倍） / 2着集中度: 上位2艇 64.7%（補正+0.00） / 総合判定確率: 0.062 / → ヒモ分散。1号艇1着固定で広めのヒモ流し推奨（買い目+2点）', 'tenji_trigger': '展示確認: ヒモ分散レース。1号艇伸び確認後、広めのヒモ流しを採用。穴ヒモ（5・6号艇）を積極的に含める。'}",,,34.9,逃げ狙い,41.5,27.7,5,,,,,,,,,,,
2025-11-10,丸亀,3,4,近江翔吾,A1,54.76,4,○,7.8559,26,100,77.4,0.1394,2.934,,,0,低,52,0,差0%,1 465,0,36.4,1.1234,0,0.037,0.0741,0,0,0.0811,0.0541,0.027,,,A,,◎,0.3008,0.6415,0.3305,0.6025,A,74,0,◎-○軸 3着3〜4艇流し（10〜15点）,0.5777,"{'is_target': True, 'verdict': '参加推奨', 'max_combo_prob': 0.062, 'est_top_odds': 21.5, 'circle_concentration': 64.7, 'eligible_count': 8, 'bet_adj': 2, 'reason': 'rel_win1=46.7%（本命度） / 最有力組み合わせ確率: 0.062（推定実オッズ?22倍） / 2着集中度: 上位2艇 64.7%（補正+0.00） / 総合判定確率: 0.062 / → ヒモ分散。1号艇1着固定で広めのヒモ流し推奨（買い目+2点）', 'tenji_trigger': '展示確認: ヒモ分散レース。1号艇伸び確認後、広めのヒモ流しを採用。穴ヒモ（5・6号艇）を積極的に含める。'}",,,34.9,逃げ狙い,41.5,27.7,5,,,,,,,,,,,
2025-11-10,丸亀,3,5,馬場貴也,A1,40.00,5,▲,9.4243,8.4,60,84.6,0.1423,3.2692,,,0,低,17,1,抜0%,361 4,0,100,2.2874,0,0,0,0,0.1429,0.0833,0.1667,0,,,C,,○,0.3161,0.606,0.312,0.6025,A,74,0,◎-○軸 3着3〜4艇流し（10〜15点）,0.5777,"{'is_target': True, 'verdict': '参加推奨', 'max_combo_prob': 0.062, 'est_top_odds': 21.5, 'circle_concentration': 64.7, 'eligible_count': 8, 'bet_adj': 2, 'reason': 'rel_win1=46.7%（本命度） / 最有力組み合わせ確率: 0.062（推定実オッズ?22倍） / 2着集中度: 上位2艇 64.7%（補正+0.00） / 総合判定確率: 0.062 / → ヒモ分散。1号艇1着固定で広めのヒモ流し推奨（買い目+2点）', 'tenji_trigger': '展示確認: ヒモ分散レース。1号艇伸び確認後、広めのヒモ流しを採用。穴ヒモ（5・6号艇）を積極的に含める。'}",,,34.9,逃げ狙い,41.5,27.7,5,,,,,,,,,,,
2025-11-10,丸亀,3,6,赤岩善生,A1,43.90,6,,1.4416,3,46,,,,,,0,低,38,1,-,223 2,0,,,,,,,,,,,,,C,○,,0.31,0.691,0.15,0.6025,A,74,0,◎-○軸 3着3〜4艇流し（10〜15点）,0.5777,"{'is_target': True, 'verdict': '参加推奨', 'max_combo_prob': 0.062, 'est_top_odds': 21.5, 'circle_concentration': 64.7, 'eligible_count': 8, 'bet_adj': 2, 'reason': 'rel_win1=46.7%（本命度） / 最有力組み合わせ確率: 0.062（推定実オッズ?22倍） / 2着集中度: 上位2艇 64.7%（補正+0.00） / 総合判定確率: 0.062 / → ヒモ分散。1号艇1着固定で広めのヒモ流し推奨（買い目+2点）', 'tenji_trigger': '展示確認: ヒモ分散レース。1号艇伸び確認後、広めのヒモ流しを採用。穴ヒモ（5・6号艇）を積極的に含める。'}",,,34.9,逃げ狙い,41.5,27.7,5,,,,,,,,,,,
2025-11-10,丸亀,4,1,杉山正樹,A1,28.89,1,◎,40.0664,,0,97.1,0.1651,3.2391,,,0,低,101,0,-,3 614,0,53.7,0.98,0.8571,,,,,0,0.0476,0.0476,◎,,D,△,,,0.667,,0.4687,A,73,0,◎-○軸 3着3〜4艇流し（10〜15点）,0.5777,"{'is_target': False, 'verdict': '対象外', 'max_combo_prob': None, 'est_top_odds': None, 'circle_concentration': None, 'eligible_count': 0, 'bet_adj': 0, 'reason': '1号艇rel_win1 < 45%: 通常判定に委ねる', 'tenji_trigger': ''}",,,36.3,逃げ狙い,50.11,24.2,2,,,,,0,0,0.7559,0,,逃げ軸流し,A
2025-11-10,丸亀,4,2,椎名　豊,A1,31.91,2,△,19.5113,37.2,80,93.5,0.1445,2.7742,,,0,低,42,0,差0% ま0%,4 636,0,70.1,1.5271,0,0.2353,0.2941,0,0,0.1382,0,0.0364,,◎,C,,,0.571,0.664,,0.4687,A,73,0,◎-○軸 3着3〜4艇流し（10〜15点）,0.5777,"{'is_target': False, 'verdict': '対象外', 'max_combo_prob': None, 'est_top_odds': None, 'circle_concentration': None, 'eligible_count': 0, 'bet_adj': 0, 'reason': '1号艇rel_win1 < 45%: 通常判定に委ねる', 'tenji_trigger': ''}",,,36.3,逃げ狙い,50.11,24.2,2,,,,,,,,,,,
2025-11-10,丸亀,4,3,藤原啓史,A1,35.48,3,○,18.5375,24.2,100,83.3,0.1378,2.5694,,,0,低,29,0,ま0% 差ま0%,144 35,0,68.4,1.6504,0,0,0.125,0.25,0,0.0167,0,0.2333,,○,B,△,,0.4732,0.685,,0.4687,A,73,0,◎-○軸 3着3〜4艇流し（10〜15点）,0.5777,"{'is_target': False, 'verdict': '対象外', 'max_combo_prob': None, 'est_top_odds': None, 'circle_concentration': None, 'eligible_count': 0, 'bet_adj': 0, 'reason': '1号艇rel_win1 < 45%: 通常判定に委ねる', 'tenji_trigger': ''}",,,36.3,逃げ狙い,50.11,24.2,2,,,,,,,,,,,
2025-11-10,丸亀,4,4,森高一真,A1,25.71,4,,10.4711,14.2,87,64,0.1476,2.96,,,0,低,28,0,-,3 6 51,0,31.9,0.9577,,,,,,0,0.1667,0.3333,,,E,△,○,0.3739,0.685,0.221,0.4687,A,73,0,◎-○軸 3着3〜4艇流し（10〜15点）,0.5777,"{'is_target': False, 'verdict': '対象外', 'max_combo_prob': None, 'est_top_odds': None, 'circle_concentration': None, 'eligible_count': 0, 'bet_adj': 0, 'reason': '1号艇rel_win1 < 45%: 通常判定に委ねる', 'tenji_trigger': ''}",,,36.3,逃げ狙い,50.11,24.2,2,,,,,,,,,,,
2025-11-10,丸亀,4,5,上條暢嵩,A1,30.30,5,,8.2993,17.1,60,76.9,0.1262,2.1154,,,0,低,12,1,ま0% 差ま0% 抜0%,3 451,0,100,2.0705,0,0,0.1667,0.1667,0.1667,,,,,△,C,◎,◎,0.4571,0.7115,0.4372,0.4687,A,73,0,◎-○軸 3着3〜4艇流し（10〜15点）,0.5777,"{'is_target': False, 'verdict': '対象外', 'max_combo_prob': None, 'est_top_odds': None, 'circle_concentration': None, 'eligible_count': 0, 'bet_adj': 0, 'reason': '1号艇rel_win1 < 45%: 通常判定に委ねる', 'tenji_trigger': ''}",,,36.3,逃げ狙い,50.11,24.2,2,,,,,,,,,,,
2025-11-10,丸亀,4,6,渡辺浩司,A1,32.65,6,▲,3.1142,7.3,88,60.4,0.1348,2.8958,,,0,低,46,0,差ま0%,4 551,0,100,2.2347,0,0,0,0.1333,0,0.1467,0,0.0867,,,C,○,,0.3982,0.699,,0.4687,A,73,0,◎-○軸 3着3〜4艇流し（10〜15点）,0.5777,"{'is_target': False, 'verdict': '対象外', 'max_combo_prob': None, 'est_top_odds': None, 'circle_concentration': None, 'eligible_count': 0, 'bet_adj': 0, 'reason': '1号艇rel_win1 < 45%: 通常判定に委ねる', 'tenji_trigger': ''}",,,36.3,逃げ狙い,50.11,24.2,2,,,,,,,,,,,
2025-11-10,丸亀,5,1,須藤博倫,A1,37.50,1,◎,45.4034,,0,95.9,0.1506,2.6735,,,0,低,54,0,逃1%,4 344,0,72.7,1.1653,0.6316,,,,,0.1171,0.0421,0.0421,◎,,C,,,,0.6375,,0.5136,S,89,0,◎1着固定 2-3着流し（5〜8点）,0.5777,"{'is_target': True, 'verdict': '参加推奨', 'max_combo_prob': 0.061, 'est_top_odds': 21.9, 'circle_concentration': 69.0, 'eligible_count': 6, 'bet_adj': 2, 'reason': 'rel_win1=45.4%（本命度） / 最有力組み合わせ確率: 0.061（推定実オッズ?22倍） / 2着集中度: 上位2艇 69.0%（補正+0.00） / 総合判定確率: 0.061 / → ヒモ分散。1号艇1着固定で広めのヒモ流し推奨（買い目+2点）', 'tenji_trigger': '展示確認: ヒモ分散レース。1号艇伸び確認後、広めのヒモ流しを採用。穴ヒモ（5・6号艇）を積極的に含める。'}",,,33.3,逃げ狙い,37.05,27,3,,,,,0,0,0.7559,0,,逃げ軸流し,A
2025-11-10,丸亀,5,2,吉田拡郎,A1,47.62,2,○,11.5733,39.3,59,69.2,0.1362,3.5385,,,0,低,10,1,差0% 抜0%,4 1 35,0,100,1.0972,0,0.2,0,0,0.2,0.0909,0,0,,◎,A,○,,0.491,0.81,,0.5136,S,89,0,◎1着固定 2-3着流し（5〜8点）,0.5777,"{'is_target': True, 'verdict': '参加推奨', 'max_combo_prob': 0.061, 'est_top_odds': 21.9, 'circle_concentration': 69.0, 'eligible_count': 6, 'bet_adj': 2, 'reason': 'rel_win1=45.4%（本命度） / 最有力組み合わせ確率: 0.061（推定実オッズ?22倍） / 2着集中度: 上位2艇 69.0%（補正+0.00） / 総合判定確率: 0.061 / → ヒモ分散。1号艇1着固定で広めのヒモ流し推奨（買い目+2点）', 'tenji_trigger': '展示確認: ヒモ分散レース。1号艇伸び確認後、広めのヒモ流しを採用。穴ヒモ（5・6号艇）を積極的に含める。'}",,,33.3,逃げ狙い,37.05,27,3,,,,,,,,,,,
2025-11-10,丸亀,5,3,吉田裕平,A1,40.91,3,▲,16.9545,15.5,70,89.5,0.1611,3.1842,,,0,低,29,0,差ま0%,636 52,0,69.2,1.69,0,0,0,0.4,0,0,0.1429,0,,,B,△,,0.3302,0.6645,,0.5136,S,89,0,◎1着固定 2-3着流し（5〜8点）,0.5777,"{'is_target': True, 'verdict': '参加推奨', 'max_combo_prob': 0.061, 'est_top_odds': 21.9, 'circle_concentration': 69.0, 'eligible_count': 6, 'bet_adj': 2, 'reason': 'rel_win1=45.4%（本命度） / 最有力組み合わせ確率: 0.061（推定実オッズ?22倍） / 2着集中度: 上位2艇 69.0%（補正+0.00） / 総合判定確率: 0.061 / → ヒモ分散。1号艇1着固定で広めのヒモ流し推奨（買い目+2点）', 'tenji_trigger': '展示確認: ヒモ分散レース。1号艇伸び確認後、広めのヒモ流しを採用。穴ヒモ（5・6号艇）を積極的に含める。'}",,,33.3,逃げ狙い,37.05,27,3,,,,,,,,,,,
2025-11-10,丸亀,5,4,片岡雅裕,A1,28.26,4,△,14.7392,29.6,55,94.7,0.1032,1.8684,,,0,低,5,0,差0% 差ま0%,5 3 44,0,34.3,1.0449,0,0.1,0,0.2,0,0.0286,0,0.3571,,○,D,◎,◎,0.4828,0.8292,0.6395,0.5136,S,89,0,◎1着固定 2-3着流し（5〜8点）,0.5777,"{'is_target': True, 'verdict': '参加推奨', 'max_combo_prob': 0.061, 'est_top_odds': 21.9, 'circle_concentration': 69.0, 'eligible_count': 6, 'bet_adj': 2, 'reason': 'rel_win1=45.4%（本命度） / 最有力組み合わせ確率: 0.061（推定実オッズ?22倍） / 2着集中度: 上位2艇 69.0%（補正+0.00） / 総合判定確率: 0.061 / → ヒモ分散。1号艇1着固定で広めのヒモ流し推奨（買い目+2点）', 'tenji_trigger': '展示確認: ヒモ分散レース。1号艇伸び確認後、広めのヒモ流しを採用。穴ヒモ（5・6号艇）を積極的に含める。'}",,,33.3,逃げ狙い,37.05,27,3,,,,,,,,,,,
2025-11-10,丸亀,5,5,宮地元輝,A1,29.79,5,,7.986,8.8,68,72.2,0.1506,3.1111,,,0,低,13,0,差ま0%,442 41,0,36.3,1.985,0,0,0,0.1667,0,0,0,0.1667,,,D,△,,0.3108,0.6895,,0.5136,S,89,0,◎1着固定 2-3着流し（5〜8点）,0.5777,"{'is_target': True, 'verdict': '参加推奨', 'max_combo_prob': 0.061, 'est_top_odds': 21.9, 'circle_concentration': 69.0, 'eligible_count': 6, 'bet_adj': 2, 'reason': 'rel_win1=45.4%（本命度） / 最有力組み合わせ確率: 0.061（推定実オッズ?22倍） / 2着集中度: 上位2艇 69.0%（補正+0.00） / 総合判定確率: 0.061 / → ヒモ分散。1号艇1着固定で広めのヒモ流し推奨（買い目+2点）', 'tenji_trigger': '展示確認: ヒモ分散レース。1号艇伸び確認後、広めのヒモ流しを採用。穴ヒモ（5・6号艇）を積極的に含める。'}",,,33.3,逃げ狙い,37.05,27,3,,,,,,,,,,,
2025-11-10,丸亀,5,6,青木玄太,A1,25.00,6,,3.3435,6.7,100,75.8,0.2039,4.2727,,,0,低,75,0,-,5 2 54,0,100,2.7928,,,,,,0,0.0625,0.1875,,,E,,,0.1402,0.586,,0.5136,S,89,0,◎1着固定 2-3着流し（5〜8点）,0.5777,"{'is_target': True, 'verdict': '参加推奨', 'max_combo_prob': 0.061, 'est_top_odds': 21.9, 'circle_concentration': 69.0, 'eligible_count': 6, 'bet_adj': 2, 'reason': 'rel_win1=45.4%（本命度） / 最有力組み合わせ確率: 0.061（推定実オッズ?22倍） / 2着集中度: 上位2艇 69.0%（補正+0.00） / 総合判定確率: 0.061 / → ヒモ分散。1号艇1着固定で広めのヒモ流し推奨（買い目+2点）', 'tenji_trigger': '展示確認: ヒモ分散レース。1号艇伸び確認後、広めのヒモ流しを採用。穴ヒモ（5・6号艇）を積極的に含める。'}",,,33.3,逃げ狙い,37.05,27,3,,,,,,,,,,,
2025-11-10,丸亀,6,1,土屋智則,A1,31.82,1,◎,47.9078,,0,87.8,0.1263,3.1585,,,0,低,34,0,逃1%,4 333,0,69.3,1.0913,0.7647,,,,,0.1235,0.1235,0.1471,◎,,C,,,,0.627,,0.5325,A,65,0,◎-○軸 3着3〜4艇流し（10〜15点）,0.5777,"{'is_target': True, 'verdict': '参加推奨', 'max_combo_prob': 0.0632, 'est_top_odds': 21.1, 'circle_concentration': 64.0, 'eligible_count': 8, 'bet_adj': 2, 'reason': 'rel_win1=47.9%（本命度） / 最有力組み合わせ確率: 0.063（推定実オッズ?21倍） / 2着集中度: 上位2艇 64.0%（補正+0.00） / 総合判定確率: 0.063 / → ヒモ分散。1号艇1着固定で広めのヒモ流し推奨（買い目+2点）', 'tenji_trigger': '展示確認: ヒモ分散レース。1号艇伸び確認後、広めのヒモ流しを採用。穴ヒモ（5・6号艇）を積極的に含める。\n展示で1号艇スタート超安定(0.126秒)→ヒモ固まり方向に注意'}",,,35.4,逃げ狙い,41.6,29,2,,,,,0,0,0.7559,0,,逃げ軸流し,A
2025-11-10,丸亀,6,2,峰　竜太,A1,28.57,2,▲,12.5796,35.2,62,100,0.142,3.5,,,0,低,4,1,差1%,1 212,0,72.9,1.5372,0,0.6667,0,0,0,0,0,0,,,D,◎,,0.3055,0.8175,,0.5325,A,65,0,◎-○軸 3着3〜4艇流し（10〜15点）,0.5777,"{'is_target': True, 'verdict': '参加推奨', 'max_combo_prob': 0.0632, 'est_top_odds': 21.1, 'circle_concentration': 64.0, 'eligible_count': 8, 'bet_adj': 2, 'reason': 'rel_win1=47.9%（本命度） / 最有力組み合わせ確率: 0.063（推定実オッズ?21倍） / 2着集中度: 上位2艇 64.0%（補正+0.00） / 総合判定確率: 0.063 / → ヒモ分散。1号艇1着固定で広めのヒモ流し推奨（買い目+2点）', 'tenji_trigger': '展示確認: ヒモ分散レース。1号艇伸び確認後、広めのヒモ流しを採用。穴ヒモ（5・6号艇）を積極的に含める。\n展示で1号艇スタート超安定(0.126秒)→ヒモ固まり方向に注意'}",,,35.4,逃げ狙い,41.6,29,2,,,,,,,,,,,
2025-11-10,丸亀,6,3,寺田　祥,A1,26.67,3,,15.221,28.7,55,85,0.163,3.625,,,0,低,38,0,差0% ま0%,4 323,0,88.1,1.5602,0,0.1667,0.0833,0,0,0.0182,0.1212,0.0545,,,E,○,,0.1128,0.6605,,0.5325,A,65,0,◎-○軸 3着3〜4艇流し（10〜15点）,0.5777,"{'is_target': True, 'verdict': '参加推奨', 'max_combo_prob': 0.0632, 'est_top_odds': 21.1, 'circle_concentration': 64.0, 'eligible_count': 8, 'bet_adj': 2, 'reason': 'rel_win1=47.9%（本命度） / 最有力組み合わせ確率: 0.063（推定実オッズ?21倍） / 2着集中度: 上位2艇 64.0%（補正+0.00） / 総合判定確率: 0.063 / → ヒモ分散。1号艇1着固定で広めのヒモ流し推奨（買い目+2点）', 'tenji_trigger': '展示確認: ヒモ分散レース。1号艇伸び確認後、広めのヒモ流しを採用。穴ヒモ（5・6号艇）を積極的に含める。\n展示で1号艇スタート超安定(0.126秒)→ヒモ固まり方向に注意'}",,,35.4,逃げ狙い,41.6,29,2,,,,,,,,,,,
2025-11-10,丸亀,6,4,重成一人,A1,44.19,4,○,12.4289,17,100,84.4,0.1491,2.9219,,,0,低,51,0,差0%,2 421,0,27.8,0.8104,0,0.0588,0.1765,0,0,0.0533,0.2533,0.0133,,,A,,◎,0.2331,0.6315,0.4398,0.5325,A,65,0,◎-○軸 3着3〜4艇流し（10〜15点）,0.5777,"{'is_target': True, 'verdict': '参加推奨', 'max_combo_prob': 0.0632, 'est_top_odds': 21.1, 'circle_concentration': 64.0, 'eligible_count': 8, 'bet_adj': 2, 'reason': 'rel_win1=47.9%（本命度） / 最有力組み合わせ確率: 0.063（推定実オッズ?21倍） / 2着集中度: 上位2艇 64.0%（補正+0.00） / 総合判定確率: 0.063 / → ヒモ分散。1号艇1着固定で広めのヒモ流し推奨（買い目+2点）', 'tenji_trigger': '展示確認: ヒモ分散レース。1号艇伸び確認後、広めのヒモ流しを採用。穴ヒモ（5・6号艇）を積極的に含める。\n展示で1号艇スタート超安定(0.126秒)→ヒモ固まり方向に注意'}",,,35.4,逃げ狙い,41.6,29,2,,,,,,,,,,,
2025-11-10,丸亀,6,5,仲谷颯仁,A1,33.33,5,△,9.8087,16.2,69,61.8,0.1632,3.1176,,,0,低,60,0,抜0%,251 11,0,65.5,1.784,0,0,0,0,0.1,0,0.1818,0.2727,,,C,△,○,0.1911,0.6445,0.2947,0.5325,A,65,0,◎-○軸 3着3〜4艇流し（10〜15点）,0.5777,"{'is_target': True, 'verdict': '参加推奨', 'max_combo_prob': 0.0632, 'est_top_odds': 21.1, 'circle_concentration': 64.0, 'eligible_count': 8, 'bet_adj': 2, 'reason': 'rel_win1=47.9%（本命度） / 最有力組み合わせ確率: 0.063（推定実オッズ?21倍） / 2着集中度: 上位2艇 64.0%（補正+0.00） / 総合判定確率: 0.063 / → ヒモ分散。1号艇1着固定で広めのヒモ流し推奨（買い目+2点）', 'tenji_trigger': '展示確認: ヒモ分散レース。1号艇伸び確認後、広めのヒモ流しを採用。穴ヒモ（5・6号艇）を積極的に含める。\n展示で1号艇スタート超安定(0.126秒)→ヒモ固まり方向に注意'}",,,35.4,逃げ狙い,41.6,29,2,,,,,,,,,,,
2025-11-10,丸亀,6,6,松井　繁,A1,43.90,6,,2.0539,2.8,43,100,0.19,1.5,,,0,低,24,1,-,1 541,0,100,3.5039,,,,,,0.0714,0.2143,0,,,B,△,,0.135,0.6505,,0.5325,A,65,0,◎-○軸 3着3〜4艇流し（10〜15点）,0.5777,"{'is_target': True, 'verdict': '参加推奨', 'max_combo_prob': 0.0632, 'est_top_odds': 21.1, 'circle_concentration': 64.0, 'eligible_count': 8, 'bet_adj': 2, 'reason': 'rel_win1=47.9%（本命度） / 最有力組み合わせ確率: 0.063（推定実オッズ?21倍） / 2着集中度: 上位2艇 64.0%（補正+0.00） / 総合判定確率: 0.063 / → ヒモ分散。1号艇1着固定で広めのヒモ流し推奨（買い目+2点）', 'tenji_trigger': '展示確認: ヒモ分散レース。1号艇伸び確認後、広めのヒモ流しを採用。穴ヒモ（5・6号艇）を積極的に含める。\n展示で1号艇スタート超安定(0.126秒)→ヒモ固まり方向に注意'}",,,35.4,逃げ狙い,41.6,29,2,,,,,,,,,,,
2025-11-10,丸亀,7,1,西岡顕心,A1,43.90,1,◎,45.6073,,0,88.2,0.1341,3.1471,,,0,低,55,0,逃1%,3 235,0,44.4,0.9203,0.8571,,,,,0,0.0714,0,◎,,B,,,,0.6245,,0.5326,A,69,0,◎-○軸 3着3〜4艇流し（10〜15点）,0.5777,"{'is_target': True, 'verdict': '参加推奨', 'max_combo_prob': 0.044, 'est_top_odds': 30.3, 'circle_concentration': 56.6, 'eligible_count': 8, 'bet_adj': 2, 'reason': 'rel_win1=45.6%（本命度） / 最有力組み合わせ確率: 0.044（推定実オッズ?30倍） / 2着集中度: 上位2艇 56.6%（補正+0.00） / 総合判定確率: 0.044 / → ヒモ分散。1号艇1着固定で広めのヒモ流し推奨（買い目+2点）', 'tenji_trigger': '展示確認: ヒモ分散レース。1号艇伸び確認後、広めのヒモ流しを採用。穴ヒモ（5・6号艇）を積極的に含める。\n展示で1号艇スタート超安定(0.134秒)→ヒモ固まり方向に注意'}",,,34.1,逃げ狙い,44.26,22.9,4,,,,,0,0,0.7559,0,,逃げ軸流し,A
2025-11-10,丸亀,7,2,井上忠政,A1,32.56,2,,16.5701,30.5,71,77.8,0.157,3.0926,,,0,低,51,0,差0% ま0%,1 552,0,46.9,1.2747,0,0.2222,0.2222,0,0,0,0,0.125,,,D,◎,,0.1268,0.6805,,0.5326,A,69,0,◎-○軸 3着3〜4艇流し（10〜15点）,0.5777,"{'is_target': True, 'verdict': '参加推奨', 'max_combo_prob': 0.044, 'est_top_odds': 30.3, 'circle_concentration': 56.6, 'eligible_count': 8, 'bet_adj': 2, 'reason': 'rel_win1=45.6%（本命度） / 最有力組み合わせ確率: 0.044（推定実オッズ?30倍） / 2着集中度: 上位2艇 56.6%（補正+0.00） / 総合判定確率: 0.044 / → ヒモ分散。1号艇1着固定で広めのヒモ流し推奨（買い目+2点）', 'tenji_trigger': '展示確認: ヒモ分散レース。1号艇伸び確認後、広めのヒモ流しを採用。穴ヒモ（5・6号艇）を積極的に含める。\n展示で1号艇スタート超安定(0.134秒)→ヒモ固まり方向に注意'}",,,34.1,逃げ狙い,44.26,22.9,4,,,,,,,,,,,
2025-11-10,丸亀,7,3,岡崎恭裕,A1,33.33,3,,11.0745,22.6,73,70,0.1537,2.65,,,0,低,38,0,差0% 差ま0%,261 1,0,36.4,1.2437,0,0.0769,0,0.1538,0,0.1962,0.0462,0,,,D,○,,0.2098,0.665,,0.5326,A,69,0,◎-○軸 3着3〜4艇流し（10〜15点）,0.5777,"{'is_target': True, 'verdict': '参加推奨', 'max_combo_prob': 0.044, 'est_top_odds': 30.3, 'circle_concentration': 56.6, 'eligible_count': 8, 'bet_adj': 2, 'reason': 'rel_win1=45.6%（本命度） / 最有力組み合わせ確率: 0.044（推定実オッズ?30倍） / 2着集中度: 上位2艇 56.6%（補正+0.00） / 総合判定確率: 0.044 / → ヒモ分散。1号艇1着固定で広めのヒモ流し推奨（買い目+2点）', 'tenji_trigger': '展示確認: ヒモ分散レース。1号艇伸び確認後、広めのヒモ流しを採用。穴ヒモ（5・6号艇）を積極的に含める。\n展示で1号艇スタート超安定(0.134秒)→ヒモ固まり方向に注意'}",,,34.1,逃げ狙い,44.26,22.9,4,,,,,,,,,,,
2025-11-10,丸亀,7,4,白井英治,A1,43.90,4,○,14.078,26.1,54,88.2,0.1294,2.5294,,,0,低,29,0,ま0% 差ま0% 抜0%,313 62,0,86.6,1.7864,0,0,0.2222,0.3333,0.1111,0.0588,0.1765,0.0588,,,B,△,◎,0.3924,0.659,0.5435,0.5326,A,69,0,◎-○軸 3着3〜4艇流し（10〜15点）,0.5777,"{'is_target': True, 'verdict': '参加推奨', 'max_combo_prob': 0.044, 'est_top_odds': 30.3, 'circle_concentration': 56.6, 'eligible_count': 8, 'bet_adj': 2, 'reason': 'rel_win1=45.6%（本命度） / 最有力組み合わせ確率: 0.044（推定実オッズ?30倍） / 2着集中度: 上位2艇 56.6%（補正+0.00） / 総合判定確率: 0.044 / → ヒモ分散。1号艇1着固定で広めのヒモ流し推奨（買い目+2点）', 'tenji_trigger': '展示確認: ヒモ分散レース。1号艇伸び確認後、広めのヒモ流しを採用。穴ヒモ（5・6号艇）を積極的に含める。\n展示で1号艇スタート超安定(0.134秒)→ヒモ固まり方向に注意'}",,,34.1,逃げ狙い,44.26,22.9,4,,,,,,,,,,,
2025-11-10,丸亀,7,5,浜先真範,A1,36.36,5,△,7.7952,12.1,100,73.2,0.142,2.9024,,,0,低,66,0,差ま0% 抜0%,462 6,0,99.5,1.9612,0,0,0,0.05,0.05,0.01,0.02,0.02,,,C,△,○,0.2493,0.647,0.3087,0.5326,A,69,0,◎-○軸 3着3〜4艇流し（10〜15点）,0.5777,"{'is_target': True, 'verdict': '参加推奨', 'max_combo_prob': 0.044, 'est_top_odds': 30.3, 'circle_concentration': 56.6, 'eligible_count': 8, 'bet_adj': 2, 'reason': 'rel_win1=45.6%（本命度） / 最有力組み合わせ確率: 0.044（推定実オッズ?30倍） / 2着集中度: 上位2艇 56.6%（補正+0.00） / 総合判定確率: 0.044 / → ヒモ分散。1号艇1着固定で広めのヒモ流し推奨（買い目+2点）', 'tenji_trigger': '展示確認: ヒモ分散レース。1号艇伸び確認後、広めのヒモ流しを採用。穴ヒモ（5・6号艇）を積極的に含める。\n展示で1号艇スタート超安定(0.134秒)→ヒモ固まり方向に注意'}",,,34.1,逃げ狙い,44.26,22.9,4,,,,,,,,,,,
2025-11-10,丸亀,7,6,濱崎直矢,A1,50.00,6,▲,4.8749,8.7,89,53,0.147,2.9394,,,0,低,95,0,ま0% 差ま0%,312 24,0,97.1,2.0881,0,0,0.0435,0.0435,0,0.0148,0.1444,0.1148,,,A,,,0.2489,0.632,0.2401,0.5326,A,69,0,◎-○軸 3着3〜4艇流し（10〜15点）,0.5777,"{'is_target': True, 'verdict': '参加推奨', 'max_combo_prob': 0.044, 'est_top_odds': 30.3, 'circle_concentration': 56.6, 'eligible_count': 8, 'bet_adj': 2, 'reason': 'rel_win1=45.6%（本命度） / 最有力組み合わせ確率: 0.044（推定実オッズ?30倍） / 2着集中度: 上位2艇 56.6%（補正+0.00） / 総合判定確率: 0.044 / → ヒモ分散。1号艇1着固定で広めのヒモ流し推奨（買い目+2点）', 'tenji_trigger': '展示確認: ヒモ分散レース。1号艇伸び確認後、広めのヒモ流しを採用。穴ヒモ（5・6号艇）を積極的に含める。\n展示で1号艇スタート超安定(0.134秒)→ヒモ固まり方向に注意'}",,,34.1,逃げ狙い,44.26,22.9,4,,,,,,,,,,,
2025-11-10,丸亀,8,1,西山貴浩,A1,28.57,1,◎,54.5936,,0,92,0.132,2.34,,,0,低,17,0,逃1%,6 4 53,0,73.1,1.1606,0.8571,,,,,0,0.1429,0,◎,,D,○,,,0.7,,0.6794,S,87,0,◎1着固定 2-3着流し（5〜8点）,0.5777,"{'is_target': True, 'verdict': '参加推奨', 'max_combo_prob': 0.0517, 'est_top_odds': 25.8, 'circle_concentration': 63.0, 'eligible_count': 6, 'bet_adj': 2, 'reason': 'rel_win1=54.6%（本命度） / 最有力組み合わせ確率: 0.052（推定実オッズ?26倍） / 2着集中度: 上位2艇 63.0%（補正+0.00） / 総合判定確率: 0.052 / → ヒモ分散。1号艇1着固定で広めのヒモ流し推奨（買い目+2点）', 'tenji_trigger': '展示確認: ヒモ分散レース。1号艇伸び確認後、広めのヒモ流しを採用。穴ヒモ（5・6号艇）を積極的に含める。\n展示で1号艇スタート超安定(0.132秒)→ヒモ固まり方向に注意'}",,,31.2,逃げ狙い,34.26,23.3,2,,,,,0,0,0.7559,0,,逃げ軸流し,A
2025-11-10,丸亀,8,2,栗城　匠,A1,40.48,2,▲,17.7759,30.3,63,62.9,0.1754,3.4714,,,0,低,83,0,差0% ま0%,6 166,0,32.9,1.0812,0,0.1333,0.1333,0,0,0,0.2404,0.1409,,,B,,,0.0825,0.623,,0.6794,S,87,0,◎1着固定 2-3着流し（5〜8点）,0.5777,"{'is_target': True, 'verdict': '参加推奨', 'max_combo_prob': 0.0517, 'est_top_odds': 25.8, 'circle_concentration': 63.0, 'eligible_count': 6, 'bet_adj': 2, 'reason': 'rel_win1=54.6%（本命度） / 最有力組み合わせ確率: 0.052（推定実オッズ?26倍） / 2着集中度: 上位2艇 63.0%（補正+0.00） / 総合判定確率: 0.052 / → ヒモ分散。1号艇1着固定で広めのヒモ流し推奨（買い目+2点）', 'tenji_trigger': '展示確認: ヒモ分散レース。1号艇伸び確認後、広めのヒモ流しを採用。穴ヒモ（5・6号艇）を積極的に含める。\n展示で1号艇スタート超安定(0.132秒)→ヒモ固まり方向に注意'}",,,31.2,逃げ狙い,34.26,23.3,2,,,,,,,,,,,
2025-11-10,丸亀,8,3,入海　馨,A1,45.45,3,○,10.7764,32.7,97,85.7,0.1529,3.3929,,,0,低,69,0,差ま0%,2 6 26,0,54.5,1.4448,0,0,0,0.1818,0,0,0,0,,,A,,,0.2174,0.6215,,0.6794,S,87,0,◎1着固定 2-3着流し（5〜8点）,0.5777,"{'is_target': True, 'verdict': '参加推奨', 'max_combo_prob': 0.0517, 'est_top_odds': 25.8, 'circle_concentration': 63.0, 'eligible_count': 6, 'bet_adj': 2, 'reason': 'rel_win1=54.6%（本命度） / 最有力組み合わせ確率: 0.052（推定実オッズ?26倍） / 2着集中度: 上位2艇 63.0%（補正+0.00） / 総合判定確率: 0.052 / → ヒモ分散。1号艇1着固定で広めのヒモ流し推奨（買い目+2点）', 'tenji_trigger': '展示確認: ヒモ分散レース。1号艇伸び確認後、広めのヒモ流しを採用。穴ヒモ（5・6号艇）を積極的に含める。\n展示で1号艇スタート超安定(0.132秒)→ヒモ固まり方向に注意'}",,,31.2,逃げ狙い,34.26,23.3,2,,,,,,,,,,,
2025-11-10,丸亀,8,4,中村晃朋,A1,29.73,4,△,7.4948,18.5,96,63.9,0.1389,3.2917,,,0,低,56,0,差0%,5 4 26,0,95.5,1.3057,0,0.1429,0,0,0,0.1745,0,0.1564,,,C,△,◎,0.273,0.678,0.3559,0.6794,S,87,0,◎1着固定 2-3着流し（5〜8点）,0.5777,"{'is_target': True, 'verdict': '参加推奨', 'max_combo_prob': 0.0517, 'est_top_odds': 25.8, 'circle_concentration': 63.0, 'eligible_count': 6, 'bet_adj': 2, 'reason': 'rel_win1=54.6%（本命度） / 最有力組み合わせ確率: 0.052（推定実オッズ?26倍） / 2着集中度: 上位2艇 63.0%（補正+0.00） / 総合判定確率: 0.052 / → ヒモ分散。1号艇1着固定で広めのヒモ流し推奨（買い目+2点）', 'tenji_trigger': '展示確認: ヒモ分散レース。1号艇伸び確認後、広めのヒモ流しを採用。穴ヒモ（5・6号艇）を積極的に含める。\n展示で1号艇スタート超安定(0.132秒)→ヒモ固まり方向に注意'}",,,31.2,逃げ狙い,34.26,23.3,2,,,,,,,,,,,
2025-11-10,丸亀,8,5,木下翔太,A1,27.91,5,,8.4251,9.2,100,59.5,0.1573,3.3108,,,0,低,63,0,差ま1%,5 2 63,0,54.1,1.9129,0,0,0,0.1875,0,0.0148,0.1148,0.1148,,,E,△,○,0.2374,0.688,0.2773,0.6794,S,87,0,◎1着固定 2-3着流し（5〜8点）,0.5777,"{'is_target': True, 'verdict': '参加推奨', 'max_combo_prob': 0.0517, 'est_top_odds': 25.8, 'circle_concentration': 63.0, 'eligible_count': 6, 'bet_adj': 2, 'reason': 'rel_win1=54.6%（本命度） / 最有力組み合わせ確率: 0.052（推定実オッズ?26倍） / 2着集中度: 上位2艇 63.0%（補正+0.00） / 総合判定確率: 0.052 / → ヒモ分散。1号艇1着固定で広めのヒモ流し推奨（買い目+2点）', 'tenji_trigger': '展示確認: ヒモ分散レース。1号艇伸び確認後、広めのヒモ流しを採用。穴ヒモ（5・6号艇）を積極的に含める。\n展示で1号艇スタート超安定(0.132秒)→ヒモ固まり方向に注意'}",,,31.2,逃げ狙い,34.26,23.3,2,,,,,,,,,,,
2025-11-10,丸亀,8,6,磯部　誠,A1,28.21,6,,0.9342,9.3,86,81.8,0.1245,3.3182,,,0,低,9,1,差ま0% 抜0%,2 413,0,100,2.9517,0,0,0,0.0667,0.0333,,,,,,D,◎,,0.3104,0.715,,0.6794,S,87,0,◎1着固定 2-3着流し（5〜8点）,0.5777,"{'is_target': True, 'verdict': '参加推奨', 'max_combo_prob': 0.0517, 'est_top_odds': 25.8, 'circle_concentration': 63.0, 'eligible_count': 6, 'bet_adj': 2, 'reason': 'rel_win1=54.6%（本命度） / 最有力組み合わせ確率: 0.052（推定実オッズ?26倍） / 2着集中度: 上位2艇 63.0%（補正+0.00） / 総合判定確率: 0.052 / → ヒモ分散。1号艇1着固定で広めのヒモ流し推奨（買い目+2点）', 'tenji_trigger': '展示確認: ヒモ分散レース。1号艇伸び確認後、広めのヒモ流しを採用。穴ヒモ（5・6号艇）を積極的に含める。\n展示で1号艇スタート超安定(0.132秒)→ヒモ固まり方向に注意'}",,,31.2,逃げ狙い,34.26,23.3,2,,,,,,,,,,,
2025-11-10,丸亀,9,1,末永和也,A1,30.56,1,◎,48.974,,0,96,0.1332,2.52,,,0,低,16,0,逃1%,352 56,0,70.1,1.1801,0.9,,,,,0,0.1,0,◎,,C,△,,,0.679,,0.6106,S,80,0,◎1着固定 2-3着流し（5〜8点）,0.5777,"{'is_target': True, 'verdict': '参加推奨', 'max_combo_prob': 0.0712, 'est_top_odds': 18.7, 'circle_concentration': 75.1, 'eligible_count': 6, 'bet_adj': 2, 'reason': 'rel_win1=49.0%（本命度） / 最有力組み合わせ確率: 0.071（推定実オッズ?19倍） / 2着集中度: 上位2艇 75.1%（補正+0.04） / 総合判定確率: 0.111 / → ヒモ分散。1号艇1着固定で広めのヒモ流し推奨（買い目+2点）', 'tenji_trigger': '展示確認: ヒモ分散レース。1号艇伸び確認後、広めのヒモ流しを採用。穴ヒモ（5・6号艇）を積極的に含める。\n展示で1号艇スタート超安定(0.133秒)→ヒモ固まり方向に注意'}",,,33.5,逃げ狙い,42.87,22.4,4,,,,,0,0,0.7559,0,,逃げ軸流し,A
2025-11-10,丸亀,9,2,上條暢嵩,A1,30.30,2,,11.4861,50,77,92.3,0.15,3.3462,,,0,低,12,1,差0% ま0%,3 451,0,58.8,1.4188,0,0.2,0.2,0,0,,,,,,D,◎,,0.182,0.7115,,0.6106,S,80,0,◎1着固定 2-3着流し（5〜8点）,0.5777,"{'is_target': True, 'verdict': '参加推奨', 'max_combo_prob': 0.0712, 'est_top_odds': 18.7, 'circle_concentration': 75.1, 'eligible_count': 6, 'bet_adj': 2, 'reason': 'rel_win1=49.0%（本命度） / 最有力組み合わせ確率: 0.071（推定実オッズ?19倍） / 2着集中度: 上位2艇 75.1%（補正+0.04） / 総合判定確率: 0.111 / → ヒモ分散。1号艇1着固定で広めのヒモ流し推奨（買い目+2点）', 'tenji_trigger': '展示確認: ヒモ分散レース。1号艇伸び確認後、広めのヒモ流しを採用。穴ヒモ（5・6号艇）を積極的に含める。\n展示で1号艇スタート超安定(0.133秒)→ヒモ固まり方向に注意'}",,,33.5,逃げ狙い,42.87,22.4,4,,,,,,,,,,,
2025-11-10,丸亀,9,3,大上卓人,A1,27.03,3,,14.5525,25.1,82,70.8,0.1483,2.875,,,0,低,42,0,ま0% 差ま0% 抜0%,656 5,0,39.7,1.3725,0,0,0.0909,0.1818,0.1818,0.0556,0.0556,0,,,E,○,,0.2438,0.697,,0.6106,S,80,0,◎1着固定 2-3着流し（5〜8点）,0.5777,"{'is_target': True, 'verdict': '参加推奨', 'max_combo_prob': 0.0712, 'est_top_odds': 18.7, 'circle_concentration': 75.1, 'eligible_count': 6, 'bet_adj': 2, 'reason': 'rel_win1=49.0%（本命度） / 最有力組み合わせ確率: 0.071（推定実オッズ?19倍） / 2着集中度: 上位2艇 75.1%（補正+0.04） / 総合判定確率: 0.111 / → ヒモ分散。1号艇1着固定で広めのヒモ流し推奨（買い目+2点）', 'tenji_trigger': '展示確認: ヒモ分散レース。1号艇伸び確認後、広めのヒモ流しを採用。穴ヒモ（5・6号艇）を積極的に含める。\n展示で1号艇スタート超安定(0.133秒)→ヒモ固まり方向に注意'}",,,33.5,逃げ狙い,42.87,22.4,4,,,,,,,,,,,
2025-11-10,丸亀,9,4,関　浩哉,A1,35.00,4,△,11.5691,17.9,98,87.5,0.1531,3.5312,,,0,低,34,0,ま0%,235 43,0,76,1.684,0,0,0.5,0,0,,,,,,C,,○,0.351,0.6435,0.2857,0.6106,S,80,0,◎1着固定 2-3着流し（5〜8点）,0.5777,"{'is_target': True, 'verdict': '参加推奨', 'max_combo_prob': 0.0712, 'est_top_odds': 18.7, 'circle_concentration': 75.1, 'eligible_count': 6, 'bet_adj': 2, 'reason': 'rel_win1=49.0%（本命度） / 最有力組み合わせ確率: 0.071（推定実オッズ?19倍） / 2着集中度: 上位2艇 75.1%（補正+0.04） / 総合判定確率: 0.111 / → ヒモ分散。1号艇1着固定で広めのヒモ流し推奨（買い目+2点）', 'tenji_trigger': '展示確認: ヒモ分散レース。1号艇伸び確認後、広めのヒモ流しを採用。穴ヒモ（5・6号艇）を積極的に含める。\n展示で1号艇スタート超安定(0.133秒)→ヒモ固まり方向に注意'}",,,33.5,逃げ狙い,42.87,22.4,4,,,,,,,,,,,
2025-11-10,丸亀,9,5,中村日向,A1,40.91,5,○,10.0976,4,100,55.2,0.1493,3.3966,,,0,低,40,0,差ま0%,116 1,0,53.8,1.4664,0,0,0,0.25,0.0833,0.1538,0.0769,0,,,B,△,◎,0.2663,0.645,0.365,0.6106,S,80,0,◎1着固定 2-3着流し（5〜8点）,0.5777,"{'is_target': True, 'verdict': '参加推奨', 'max_combo_prob': 0.0712, 'est_top_odds': 18.7, 'circle_concentration': 75.1, 'eligible_count': 6, 'bet_adj': 2, 'reason': 'rel_win1=49.0%（本命度） / 最有力組み合わせ確率: 0.071（推定実オッズ?19倍） / 2着集中度: 上位2艇 75.1%（補正+0.04） / 総合判定確率: 0.111 / → ヒモ分散。1号艇1着固定で広めのヒモ流し推奨（買い目+2点）', 'tenji_trigger': '展示確認: ヒモ分散レース。1号艇伸び確認後、広めのヒモ流しを採用。穴ヒモ（5・6号艇）を積極的に含める。\n展示で1号艇スタート超安定(0.133秒)→ヒモ固まり方向に注意'}",,,33.5,逃げ狙い,42.87,22.4,4,,,,,,,,,,,
2025-11-10,丸亀,9,6,海野康志,A1,36.36,6,▲,3.3207,3,64,77.8,0.1333,2.3333,,,0,低,38,1,差ま0%,614 1,0,100,2.8375,0,0,0,0.1667,0,0,0.0387,0.2516,,,B,,,0.3102,0.6265,,0.6106,S,80,0,◎1着固定 2-3着流し（5〜8点）,0.5777,"{'is_target': True, 'verdict': '参加推奨', 'max_combo_prob': 0.0712, 'est_top_odds': 18.7, 'circle_concentration': 75.1, 'eligible_count': 6, 'bet_adj': 2, 'reason': 'rel_win1=49.0%（本命度） / 最有力組み合わせ確率: 0.071（推定実オッズ?19倍） / 2着集中度: 上位2艇 75.1%（補正+0.04） / 総合判定確率: 0.111 / → ヒモ分散。1号艇1着固定で広めのヒモ流し推奨（買い目+2点）', 'tenji_trigger': '展示確認: ヒモ分散レース。1号艇伸び確認後、広めのヒモ流しを採用。穴ヒモ（5・6号艇）を積極的に含める。\n展示で1号艇スタート超安定(0.133秒)→ヒモ固まり方向に注意'}",,,33.5,逃げ狙い,42.87,22.4,4,,,,,,,,,,,
2025-11-10,丸亀,10,1,片岡雅裕,A1,28.26,1,◎,49.57,,0,93.1,0.129,2.5172,,,0,低,5,0,逃1%,5 3 44,0,45.4,0.9762,0.7857,,,,,0.0286,0,0.3571,◎,,D,◎,,,0.8292,,0.6044,S,92,0,◎1着固定 2-3着流し（5〜8点）,0.5777,"{'is_target': True, 'verdict': '参加推奨', 'max_combo_prob': 0.0421, 'est_top_odds': 31.7, 'circle_concentration': 51.2, 'eligible_count': 6, 'bet_adj': 2, 'reason': 'rel_win1=49.6%（本命度） / 最有力組み合わせ確率: 0.042（推定実オッズ?32倍） / 2着集中度: 上位2艇 51.2%（補正-0.04） / 総合判定確率: 0.002 / → ヒモ分散。1号艇1着固定で広めのヒモ流し推奨（買い目+2点）', 'tenji_trigger': '展示確認: ヒモ分散レース。1号艇伸び確認後、広めのヒモ流しを採用。穴ヒモ（5・6号艇）を積極的に含める。\n展示で1号艇スタート超安定(0.129秒)→ヒモ固まり方向に注意'}",,,31.5,逃げ狙い,32.85,25.4,2,,,,,0,0,0.7559,0,,逃げ軸流し,A
2025-11-10,丸亀,10,2,佐藤隆太,A1,32.56,2,,13.7657,24.6,100,82.6,0.1422,3,,,0,低,32,0,差0% ま0%,6 6145,0,76.7,1.3088,0,0.25,0.125,0,0,0.0833,0.0833,0,,,D,△,,0.223,0.6665,,0.6044,S,92,0,◎1着固定 2-3着流し（5〜8点）,0.5777,"{'is_target': True, 'verdict': '参加推奨', 'max_combo_prob': 0.0421, 'est_top_odds': 31.7, 'circle_concentration': 51.2, 'eligible_count': 6, 'bet_adj': 2, 'reason': 'rel_win1=49.6%（本命度） / 最有力組み合わせ確率: 0.042（推定実オッズ?32倍） / 2着集中度: 上位2艇 51.2%（補正-0.04） / 総合判定確率: 0.002 / → ヒモ分散。1号艇1着固定で広めのヒモ流し推奨（買い目+2点）', 'tenji_trigger': '展示確認: ヒモ分散レース。1号艇伸び確認後、広めのヒモ流しを採用。穴ヒモ（5・6号艇）を積極的に含める。\n展示で1号艇スタート超安定(0.129秒)→ヒモ固まり方向に注意'}",,,31.5,逃げ狙い,32.85,25.4,2,,,,,,,,,,,
2025-11-10,丸亀,10,3,馬場貴也,A1,40.00,3,▲,13.1105,23.2,78,73.7,0.1305,2.7105,,,0,低,17,0,差0% ま0%,361 4,0,39.7,1.3723,0,0.125,0.125,0,0,0.0833,0.1667,0,,,C,,,0.2967,0.606,,0.6044,S,92,0,◎1着固定 2-3着流し（5〜8点）,0.5777,"{'is_target': True, 'verdict': '参加推奨', 'max_combo_prob': 0.0421, 'est_top_odds': 31.7, 'circle_concentration': 51.2, 'eligible_count': 6, 'bet_adj': 2, 'reason': 'rel_win1=49.6%（本命度） / 最有力組み合わせ確率: 0.042（推定実オッズ?32倍） / 2着集中度: 上位2艇 51.2%（補正-0.04） / 総合判定確率: 0.002 / → ヒモ分散。1号艇1着固定で広めのヒモ流し推奨（買い目+2点）', 'tenji_trigger': '展示確認: ヒモ分散レース。1号艇伸び確認後、広めのヒモ流しを採用。穴ヒモ（5・6号艇）を積極的に含める。\n展示で1号艇スタート超安定(0.129秒)→ヒモ固まり方向に注意'}",,,31.5,逃げ狙い,32.85,25.4,2,,,,,,,,,,,
2025-11-10,丸亀,10,4,永井彪也,A1,27.78,4,,9.065,26.6,90,82.3,0.1244,2.3824,,,0,低,28,0,差0% ま0% 差ま0%,565 2,0,62.7,1.5217,0,0.0667,0.0667,0.1333,0,0,0,0.2762,,,E,○,◎,0.3254,0.7025,0.505,0.6044,S,92,0,◎1着固定 2-3着流し（5〜8点）,0.5777,"{'is_target': True, 'verdict': '参加推奨', 'max_combo_prob': 0.0421, 'est_top_odds': 31.7, 'circle_concentration': 51.2, 'eligible_count': 6, 'bet_adj': 2, 'reason': 'rel_win1=49.6%（本命度） / 最有力組み合わせ確率: 0.042（推定実オッズ?32倍） / 2着集中度: 上位2艇 51.2%（補正-0.04） / 総合判定確率: 0.002 / → ヒモ分散。1号艇1着固定で広めのヒモ流し推奨（買い目+2点）', 'tenji_trigger': '展示確認: ヒモ分散レース。1号艇伸び確認後、広めのヒモ流しを採用。穴ヒモ（5・6号艇）を積極的に含める。\n展示で1号艇スタート超安定(0.129秒)→ヒモ固まり方向に注意'}",,,31.5,逃げ狙い,32.85,25.4,2,,,,,,,,,,,
2025-11-10,丸亀,10,5,小池修平,A1,44.44,5,○,12.1596,17.1,83,67.7,0.1356,2.9118,,,0,低,45,0,ま0% 差ま0% 抜0%,413 6,0,100,2.06,0,0,0.0769,0.1538,0.0769,0.1793,0.0148,0.0296,,,A,,○,0.2927,0.6405,0.3965,0.6044,S,92,0,◎1着固定 2-3着流し（5〜8点）,0.5777,"{'is_target': True, 'verdict': '参加推奨', 'max_combo_prob': 0.0421, 'est_top_odds': 31.7, 'circle_concentration': 51.2, 'eligible_count': 6, 'bet_adj': 2, 'reason': 'rel_win1=49.6%（本命度） / 最有力組み合わせ確率: 0.042（推定実オッズ?32倍） / 2着集中度: 上位2艇 51.2%（補正-0.04） / 総合判定確率: 0.002 / → ヒモ分散。1号艇1着固定で広めのヒモ流し推奨（買い目+2点）', 'tenji_trigger': '展示確認: ヒモ分散レース。1号艇伸び確認後、広めのヒモ流しを採用。穴ヒモ（5・6号艇）を積極的に含める。\n展示で1号艇スタート超安定(0.129秒)→ヒモ固まり方向に注意'}",,,31.5,逃げ狙い,32.85,25.4,2,,,,,,,,,,,
2025-11-10,丸亀,10,6,山田康二,A1,42.86,6,△,2.3292,8.5,52,47.4,0.1674,3.3947,,,0,低,35,0,差ま0%,551 22,0,44.3,1.8267,0,0,0,0.0435,0,0.0211,0.1211,0.1632,,,B,△,,0.1587,0.6765,,0.6044,S,92,0,◎1着固定 2-3着流し（5〜8点）,0.5777,"{'is_target': True, 'verdict': '参加推奨', 'max_combo_prob': 0.0421, 'est_top_odds': 31.7, 'circle_concentration': 51.2, 'eligible_count': 6, 'bet_adj': 2, 'reason': 'rel_win1=49.6%（本命度） / 最有力組み合わせ確率: 0.042（推定実オッズ?32倍） / 2着集中度: 上位2艇 51.2%（補正-0.04） / 総合判定確率: 0.002 / → ヒモ分散。1号艇1着固定で広めのヒモ流し推奨（買い目+2点）', 'tenji_trigger': '展示確認: ヒモ分散レース。1号艇伸び確認後、広めのヒモ流しを採用。穴ヒモ（5・6号艇）を積極的に含める。\n展示で1号艇スタート超安定(0.129秒)→ヒモ固まり方向に注意'}",,,31.5,逃げ狙い,32.85,25.4,2,,,,,,,,,,,
2025-11-10,丸亀,11,1,吉田拡郎,A1,47.62,1,◎,60.7075,,0,96.4,0.1089,2.0714,,,0,低,10,0,逃1%,4 1 35,0,82.4,1.2297,0.8182,,,,,0.0909,0,0,◎,,A,○,,,0.81,,0.8105,S,80,0,◎1着固定 2-3着流し（5〜8点）,0.5777,"{'is_target': True, 'verdict': '参加推奨', 'max_combo_prob': 0.0805, 'est_top_odds': 16.6, 'circle_concentration': 68.1, 'eligible_count': 6, 'bet_adj': 2, 'reason': 'rel_win1=60.7%（本命度） / 最有力組み合わせ確率: 0.080（推定実オッズ?17倍） / 2着集中度: 上位2艇 68.1%（補正+0.00） / 総合判定確率: 0.080 / → ヒモ分散。1号艇1着固定で広めのヒモ流し推奨（買い目+2点）', 'tenji_trigger': '展示確認: ヒモ分散レース。1号艇伸び確認後、広めのヒモ流しを採用。穴ヒモ（5・6号艇）を積極的に含める。\n展示で1号艇スタート超安定(0.109秒)→ヒモ固まり方向に注意'}",,,27.2,逃げ狙い,22.04,22.3,3,,,,,0,0,0.7559,0,,逃げ軸流し,A
2025-11-10,丸亀,11,2,森高一真,A1,25.71,2,,11.3034,47.1,100,100,0.1363,2.9688,,,0,低,28,0,-,3 6 51,0,100,0.8986,0,0.25,0,0,0,0,0.1667,0.3333,,,E,,,0.1094,0.685,,0.8105,S,80,0,◎1着固定 2-3着流し（5〜8点）,0.5777,"{'is_target': True, 'verdict': '参加推奨', 'max_combo_prob': 0.0805, 'est_top_odds': 16.6, 'circle_concentration': 68.1, 'eligible_count': 6, 'bet_adj': 2, 'reason': 'rel_win1=60.7%（本命度） / 最有力組み合わせ確率: 0.080（推定実オッズ?17倍） / 2着集中度: 上位2艇 68.1%（補正+0.00） / 総合判定確率: 0.080 / → ヒモ分散。1号艇1着固定で広めのヒモ流し推奨（買い目+2点）', 'tenji_trigger': '展示確認: ヒモ分散レース。1号艇伸び確認後、広めのヒモ流しを採用。穴ヒモ（5・6号艇）を積極的に含める。\n展示で1号艇スタート超安定(0.109秒)→ヒモ固まり方向に注意'}",,,27.2,逃げ狙い,22.04,22.3,3,,,,,,,,,,,
2025-11-10,丸亀,11,3,前田将太,A1,38.46,3,△,17.1678,20.9,88,85.2,0.1581,2.8889,,,0,低,42,0,差ま0%,525 34,0,70.6,1.636,0,0,0,0.0833,0,0.0476,0.0952,0.0476,,,C,△,,0.1138,0.6935,,0.8105,S,80,0,◎1着固定 2-3着流し（5〜8点）,0.5777,"{'is_target': True, 'verdict': '参加推奨', 'max_combo_prob': 0.0805, 'est_top_odds': 16.6, 'circle_concentration': 68.1, 'eligible_count': 6, 'bet_adj': 2, 'reason': 'rel_win1=60.7%（本命度） / 最有力組み合わせ確率: 0.080（推定実オッズ?17倍） / 2着集中度: 上位2艇 68.1%（補正+0.00） / 総合判定確率: 0.080 / → ヒモ分散。1号艇1着固定で広めのヒモ流し推奨（買い目+2点）', 'tenji_trigger': '展示確認: ヒモ分散レース。1号艇伸び確認後、広めのヒモ流しを採用。穴ヒモ（5・6号艇）を積極的に含める。\n展示で1号艇スタート超安定(0.109秒)→ヒモ固まり方向に注意'}",,,27.2,逃げ狙い,22.04,22.3,3,,,,,,,,,,,
2025-11-10,丸亀,11,4,赤岩善生,A1,43.90,4,▲,6.5374,14.9,79,100,0.18,4,,,0,低,38,1,差0%,223 2,0,78.2,1.6489,0,0.0625,0,0,0,0.0229,0.1207,0.0571,,,B,△,,0.1107,0.691,,0.8105,S,80,0,◎1着固定 2-3着流し（5〜8点）,0.5777,"{'is_target': True, 'verdict': '参加推奨', 'max_combo_prob': 0.0805, 'est_top_odds': 16.6, 'circle_concentration': 68.1, 'eligible_count': 6, 'bet_adj': 2, 'reason': 'rel_win1=60.7%（本命度） / 最有力組み合わせ確率: 0.080（推定実オッズ?17倍） / 2着集中度: 上位2艇 68.1%（補正+0.00） / 総合判定確率: 0.080 / → ヒモ分散。1号艇1着固定で広めのヒモ流し推奨（買い目+2点）', 'tenji_trigger': '展示確認: ヒモ分散レース。1号艇伸び確認後、広めのヒモ流しを採用。穴ヒモ（5・6号艇）を積極的に含める。\n展示で1号艇スタート超安定(0.109秒)→ヒモ固まり方向に注意'}",,,27.2,逃げ狙い,22.04,22.3,3,,,,,,,,,,,
2025-11-10,丸亀,11,5,峰　竜太,A1,28.57,5,,2.9865,8.5,66,100,0.156,4,,,0,低,4,1,ま0% 差ま0%,1 212,0,32.7,2.4114,0,0,0.0323,0.0323,0,0,0,0,,,D,◎,,0.1357,0.8175,,0.8105,S,80,0,◎1着固定 2-3着流し（5〜8点）,0.5777,"{'is_target': True, 'verdict': '参加推奨', 'max_combo_prob': 0.0805, 'est_top_odds': 16.6, 'circle_concentration': 68.1, 'eligible_count': 6, 'bet_adj': 2, 'reason': 'rel_win1=60.7%（本命度） / 最有力組み合わせ確率: 0.080（推定実オッズ?17倍） / 2着集中度: 上位2艇 68.1%（補正+0.00） / 総合判定確率: 0.080 / → ヒモ分散。1号艇1着固定で広めのヒモ流し推奨（買い目+2点）', 'tenji_trigger': '展示確認: ヒモ分散レース。1号艇伸び確認後、広めのヒモ流しを採用。穴ヒモ（5・6号艇）を積極的に含める。\n展示で1号艇スタート超安定(0.109秒)→ヒモ固まり方向に注意'}",,,27.2,逃げ狙い,22.04,22.3,3,,,,,,,,,,,
2025-11-10,丸亀,11,6,小坂尚哉,A1,38.78,6,○,1.2974,8.5,80,57.7,0.151,3.3462,,,0,低,81,0,-,326 1,0,32.5,0.78,,,,,,0.0488,0.0488,0.0976,,,C,,,0.1795,0.657,,0.8105,S,80,0,◎1着固定 2-3着流し（5〜8点）,0.5777,"{'is_target': True, 'verdict': '参加推奨', 'max_combo_prob': 0.0805, 'est_top_odds': 16.6, 'circle_concentration': 68.1, 'eligible_count': 6, 'bet_adj': 2, 'reason': 'rel_win1=60.7%（本命度） / 最有力組み合わせ確率: 0.080（推定実オッズ?17倍） / 2着集中度: 上位2艇 68.1%（補正+0.00） / 総合判定確率: 0.080 / → ヒモ分散。1号艇1着固定で広めのヒモ流し推奨（買い目+2点）', 'tenji_trigger': '展示確認: ヒモ分散レース。1号艇伸び確認後、広めのヒモ流しを採用。穴ヒモ（5・6号艇）を積極的に含める。\n展示で1号艇スタート超安定(0.109秒)→ヒモ固まり方向に注意'}",,,27.2,逃げ狙い,22.04,22.3,3,,,,,,,,,,,
2025-11-10,丸亀,12,1,青木玄太,A1,25.00,1,◎,52.4476,,0,93.8,0.1663,3.4062,,,0,低,75,0,逃1%,5 2 54,0,75.4,1.1709,0.6875,,,,,0,0.0625,0.1875,◎,,E,,,,0.586,,0.4745,A,69,0,◎-○軸 3着3〜4艇流し（10〜15点）,0.5777,"{'is_target': True, 'verdict': '参加推奨', 'max_combo_prob': 0.0604, 'est_top_odds': 22.1, 'circle_concentration': 60.3, 'eligible_count': 8, 'bet_adj': 2, 'reason': 'rel_win1=52.4%（本命度） / 最有力組み合わせ確率: 0.060（推定実オッズ?22倍） / 2着集中度: 上位2艇 60.3%（補正+0.00） / 総合判定確率: 0.060 / → ヒモ分散。1号艇1着固定で広めのヒモ流し推奨（買い目+2点）', 'tenji_trigger': '展示確認: ヒモ分散レース。1号艇伸び確認後、広めのヒモ流しを採用。穴ヒモ（5・6号艇）を積極的に含める。'}",,,32.9,逃げ狙い,35.65,27.1,2,,,,,0,0,0.7559,0,,逃げ軸流し,A
2025-11-10,丸亀,12,2,長田頼宗,A1,27.78,2,,15.3971,33.6,90,86.4,0.1595,2.75,,,0,低,43,0,差0% ま0%,1 346,0,96.5,1.3807,0,0.1667,0.25,0,0,0,0,0,,○,D,○,,0.418,0.6725,,0.4745,A,69,0,◎-○軸 3着3〜4艇流し（10〜15点）,0.5777,"{'is_target': True, 'verdict': '参加推奨', 'max_combo_prob': 0.0604, 'est_top_odds': 22.1, 'circle_concentration': 60.3, 'eligible_count': 8, 'bet_adj': 2, 'reason': 'rel_win1=52.4%（本命度） / 最有力組み合わせ確率: 0.060（推定実オッズ?22倍） / 2着集中度: 上位2艇 60.3%（補正+0.00） / 総合判定確率: 0.060 / → ヒモ分散。1号艇1着固定で広めのヒモ流し推奨（買い目+2点）', 'tenji_trigger': '展示確認: ヒモ分散レース。1号艇伸び確認後、広めのヒモ流しを採用。穴ヒモ（5・6号艇）を積極的に含める。'}",,,32.9,逃げ狙い,35.65,27.1,2,,,,,,,,,,,
2025-11-10,丸亀,12,3,西岡顕心,A1,43.90,3,▲,9.2835,26.6,78,70.4,0.1567,2.8519,,,0,低,55,0,-,3 235,0,25.3,0.815,0,0,0,0.25,0,0,0.0714,0,,△,B,,,0.3867,0.6245,,0.4745,A,69,0,◎-○軸 3着3〜4艇流し（10〜15点）,0.5777,"{'is_target': True, 'verdict': '参加推奨', 'max_combo_prob': 0.0604, 'est_top_odds': 22.1, 'circle_concentration': 60.3, 'eligible_count': 8, 'bet_adj': 2, 'reason': 'rel_win1=52.4%（本命度） / 最有力組み合わせ確率: 0.060（推定実オッズ?22倍） / 2着集中度: 上位2艇 60.3%（補正+0.00） / 総合判定確率: 0.060 / → ヒモ分散。1号艇1着固定で広めのヒモ流し推奨（買い目+2点）', 'tenji_trigger': '展示確認: ヒモ分散レース。1号艇伸び確認後、広めのヒモ流しを採用。穴ヒモ（5・6号艇）を積極的に含める。'}",,,32.9,逃げ狙い,35.65,27.1,2,,,,,,,,,,,
2025-11-10,丸亀,12,4,松井　繁,A1,43.90,4,,8.277,12,100,84.6,0.1646,3.7692,,,0,低,24,1,差0%,1 541,0,71.8,1.5013,0,0.125,0,0,0,0.0714,0.2143,0,,,B,△,,0.3,0.6505,,0.4745,A,69,0,◎-○軸 3着3〜4艇流し（10〜15点）,0.5777,"{'is_target': True, 'verdict': '参加推奨', 'max_combo_prob': 0.0604, 'est_top_odds': 22.1, 'circle_concentration': 60.3, 'eligible_count': 8, 'bet_adj': 2, 'reason': 'rel_win1=52.4%（本命度） / 最有力組み合わせ確率: 0.060（推定実オッズ?22倍） / 2着集中度: 上位2艇 60.3%（補正+0.00） / 総合判定確率: 0.060 / → ヒモ分散。1号艇1着固定で広めのヒモ流し推奨（買い目+2点）', 'tenji_trigger': '展示確認: ヒモ分散レース。1号艇伸び確認後、広めのヒモ流しを採用。穴ヒモ（5・6号艇）を積極的に含める。'}",,,32.9,逃げ狙い,35.65,27.1,2,,,,,,,,,,,
2025-11-10,丸亀,12,5,椎名　豊,A1,31.91,5,△,10.9764,19.3,47,65.5,0.1272,1.931,,,0,低,42,0,ま0% 差ま0% 抜0%,4 636,0,63.6,1.9202,0,0,0.0625,0.0625,0.0625,0.1382,0,0.0364,,◎,C,△,◎,0.4197,0.664,0.3875,0.4745,A,69,0,◎-○軸 3着3〜4艇流し（10〜15点）,0.5777,"{'is_target': True, 'verdict': '参加推奨', 'max_combo_prob': 0.0604, 'est_top_odds': 22.1, 'circle_concentration': 60.3, 'eligible_count': 8, 'bet_adj': 2, 'reason': 'rel_win1=52.4%（本命度） / 最有力組み合わせ確率: 0.060（推定実オッズ?22倍） / 2着集中度: 上位2艇 60.3%（補正+0.00） / 総合判定確率: 0.060 / → ヒモ分散。1号艇1着固定で広めのヒモ流し推奨（買い目+2点）', 'tenji_trigger': '展示確認: ヒモ分散レース。1号艇伸び確認後、広めのヒモ流しを採用。穴ヒモ（5・6号艇）を積極的に含める。'}",,,32.9,逃げ狙い,35.65,27.1,2,,,,,,,,,,,
2025-11-10,丸亀,12,6,柳沢　一,A1,54.76,6,○,3.6185,8.4,67,61.5,0.1349,2.8205,,,0,低,43,0,差0%,2 5 23,0,100,2.2925,0,0.05,0,0,0,0.0432,0.1074,0.1074,,,A,◎,,0.3829,0.698,,0.4745,A,69,0,◎-○軸 3着3〜4艇流し（10〜15点）,0.5777,"{'is_target': True, 'verdict': '参加推奨', 'max_combo_prob': 0.0604, 'est_top_odds': 22.1, 'circle_concentration': 60.3, 'eligible_count': 8, 'bet_adj': 2, 'reason': 'rel_win1=52.4%（本命度） / 最有力組み合わせ確率: 0.060（推定実オッズ?22倍） / 2着集中度: 上位2艇 60.3%（補正+0.00） / 総合判定確率: 0.060 / → ヒモ分散。1号艇1着固定で広めのヒモ流し推奨（買い目+2点）', 'tenji_trigger': '展示確認: ヒモ分散レース。1号艇伸び確認後、広めのヒモ流しを採用。穴ヒモ（5・6号艇）を積極的に含める。'}",,,32.9,逃げ狙い,35.65,27.1,2,,,,,,,,,,,
2025-11-11,丸亀,1,1,中村晃朋,A1,29.73,1,◎,44.8695,,0,87.7,0.1656,3.4474,,,0,低,56,0,逃1% 抜0%,5 4 26,0,66.3,1.0441,0.6818,,,,,0.1745,0,0.1564,○,,D,△,,,0.678,,0.3915,A,74,0,◎-○軸 3着3〜4艇流し（10〜15点）,0.5777,"{'is_target': False, 'verdict': '対象外', 'max_combo_prob': None, 'est_top_odds': None, 'circle_concentration': None, 'eligible_count': 0, 'bet_adj': 0, 'reason': '1号艇rel_win1 < 45%: 通常判定に委ねる', 'tenji_trigger': ''}",,,38.5,逃げ狙い,35.11,29.2,3,,,,,0,0,0.6155,0,,逃げ軸流し,A
2025-11-11,丸亀,1,2,末永和也,A1,30.56,2,,12.2603,28.4,81,62.5,0.1338,2.9688,,,0,低,16,0,差0% ま0%,352 56,0,63.8,1.0117,0,0.1429,0.1429,0,0,0,0.1,0,,◎,D,○,,0.585,0.679,,0.3915,A,74,0,◎-○軸 3着3〜4艇流し（10〜15点）,0.5777,"{'is_target': False, 'verdict': '対象外', 'max_combo_prob': None, 'est_top_odds': None, 'circle_concentration': None, 'eligible_count': 0, 'bet_adj': 0, 'reason': '1号艇rel_win1 < 45%: 通常判定に委ねる', 'tenji_trigger': ''}",,,38.5,逃げ狙い,35.11,29.2,3,,,,,,,,,,,
2025-11-11,丸亀,1,3,佐藤隆太,A1,32.56,3,▲,16.7047,33.3,64,89.7,0.1307,2.5,,,0,低,32,0,ま0% 抜0%,6 6145,0,76.1,1.6731,0,0,0.3,0,0.1,0.0833,0.0833,0,,○,C,△,,0.5242,0.6665,,0.3915,A,74,0,◎-○軸 3着3〜4艇流し（10〜15点）,0.5777,"{'is_target': False, 'verdict': '対象外', 'max_combo_prob': None, 'est_top_odds': None, 'circle_concentration': None, 'eligible_count': 0, 'bet_adj': 0, 'reason': '1号艇rel_win1 < 45%: 通常判定に委ねる', 'tenji_trigger': ''}",,,38.5,逃げ狙い,35.11,29.2,3,,,,,,,,,,,
2025-11-11,丸亀,1,4,栗城　匠,A1,40.48,4,○,17.7674,18.2,100,79.1,0.1591,2.9884,,,0,低,83,0,差0% ま0%,6 166,0,95.6,1.8172,0,0.0556,0.1667,0,0,0,0.2404,0.1409,,,B,,○,0.3391,0.623,0.3484,0.3915,A,74,0,◎-○軸 3着3〜4艇流し（10〜15点）,0.5777,"{'is_target': False, 'verdict': '対象外', 'max_combo_prob': None, 'est_top_odds': None, 'circle_concentration': None, 'eligible_count': 0, 'bet_adj': 0, 'reason': '1号艇rel_win1 < 45%: 通常判定に委ねる', 'tenji_trigger': ''}",,,38.5,逃げ狙い,35.11,29.2,3,,,,,,,,,,,
2025-11-11,丸亀,1,5,渡辺浩司,A1,32.65,5,△,7.5646,18.2,81,74.1,0.144,2.7931,,,0,低,46,0,-,4 551,0,30.8,0.7664,0,0,0,0.0476,0.0952,0.1467,0,0.0867,,,C,◎,◎,0.3495,0.699,0.4101,0.3915,A,74,0,◎-○軸 3着3〜4艇流し（10〜15点）,0.5777,"{'is_target': False, 'verdict': '対象外', 'max_combo_prob': None, 'est_top_odds': None, 'circle_concentration': None, 'eligible_count': 0, 'bet_adj': 0, 'reason': '1号艇rel_win1 < 45%: 通常判定に委ねる', 'tenji_trigger': ''}",,,38.5,逃げ狙い,35.11,29.2,3,,,,,,,,,,,
2025-11-11,丸亀,1,6,須藤博倫,A1,37.50,6,,0.8334,1.9,73,36.6,0.1817,4.0244,,,0,低,54,0,-,4 344,0,40.1,1.43,,,,,,0.1171,0.0421,0.0421,,,B,,,0.2623,0.6375,,0.3915,A,74,0,◎-○軸 3着3〜4艇流し（10〜15点）,0.5777,"{'is_target': False, 'verdict': '対象外', 'max_combo_prob': None, 'est_top_odds': None, 'circle_concentration': None, 'eligible_count': 0, 'bet_adj': 0, 'reason': '1号艇rel_win1 < 45%: 通常判定に委ねる', 'tenji_trigger': ''}",,,38.5,逃げ狙い,35.11,29.2,3,,,,,,,,,,,
2025-11-11,丸亀,2,1,入海　馨,A1,45.45,1,◎,44.6627,,0,94.7,0.165,3.1842,,,0,低,69,0,逃1%,2 6 26,0,63,1.15,0.9286,,,,,0,0,0,◎,,A,,,,0.6215,,0.499,S,84,0,◎1着固定 2-3着流し（5〜8点）,0.5777,"{'is_target': False, 'verdict': '対象外', 'max_combo_prob': None, 'est_top_odds': None, 'circle_concentration': None, 'eligible_count': 0, 'bet_adj': 0, 'reason': '1号艇rel_win1 < 45%: 通常判定に委ねる', 'tenji_trigger': ''}",,,31.4,逃げ狙い,36.02,22.5,3,,,,,0,0,0.7559,0,,逃げ軸流し,A
2025-11-11,丸亀,2,2,杉山正樹,A1,28.89,2,,10.8363,37.9,81,85.4,0.171,3.9756,,,0,低,101,0,差0% ま0%,3 614,0,40.4,1.3228,0,0.0667,0.1333,0,0,0,0.0476,0.0476,,,D,○,,0.2627,0.667,,0.499,S,84,0,◎1着固定 2-3着流し（5〜8点）,0.5777,"{'is_target': False, 'verdict': '対象外', 'max_combo_prob': None, 'est_top_odds': None, 'circle_concentration': None, 'eligible_count': 0, 'bet_adj': 0, 'reason': '1号艇rel_win1 < 45%: 通常判定に委ねる', 'tenji_trigger': ''}",,,31.4,逃げ狙い,36.02,22.5,3,,,,,,,,,,,
2025-11-11,丸亀,2,3,吉田裕平,A1,40.91,3,▲,17.775,14.1,70,89.5,0.1611,3.1842,,,0,低,29,0,差ま0%,636 52,0,65.2,1.7123,0,0,0,0.4,0,0,0.1429,0,,△,B,△,,0.4063,0.6645,,0.499,S,84,0,◎1着固定 2-3着流し（5〜8点）,0.5777,"{'is_target': False, 'verdict': '対象外', 'max_combo_prob': None, 'est_top_odds': None, 'circle_concentration': None, 'eligible_count': 0, 'bet_adj': 0, 'reason': '1号艇rel_win1 < 45%: 通常判定に委ねる', 'tenji_trigger': ''}",,,31.4,逃げ狙い,36.02,22.5,3,,,,,,,,,,,
2025-11-11,丸亀,2,4,小池修平,A1,44.44,4,○,16.8982,28,40,77.8,0.1172,2.6944,,,0,低,45,0,ま0% 抜0%,413 6,0,83,1.7728,0,0,0.1176,0,0.0588,0.1793,0.0148,0.0296,,◎,B,△,◎,0.4731,0.6405,0.4556,0.499,S,84,0,◎1着固定 2-3着流し（5〜8点）,0.5777,"{'is_target': False, 'verdict': '対象外', 'max_combo_prob': None, 'est_top_odds': None, 'circle_concentration': None, 'eligible_count': 0, 'bet_adj': 0, 'reason': '1号艇rel_win1 < 45%: 通常判定に委ねる', 'tenji_trigger': ''}",,,31.4,逃げ狙い,36.02,22.5,3,,,,,,,,,,,
2025-11-11,丸亀,2,5,藤原啓史,A1,35.48,5,△,6.8837,14.1,59,60,0.122,2.3333,,,0,低,29,0,差ま0%,144 35,0,74,1.6626,0,0,0,0.0833,0,0.0167,0,0.2333,,○,C,◎,,0.4279,0.685,,0.499,S,84,0,◎1着固定 2-3着流し（5〜8点）,0.5777,"{'is_target': False, 'verdict': '対象外', 'max_combo_prob': None, 'est_top_odds': None, 'circle_concentration': None, 'eligible_count': 0, 'bet_adj': 0, 'reason': '1号艇rel_win1 < 45%: 通常判定に委ねる', 'tenji_trigger': ''}",,,31.4,逃げ狙い,36.02,22.5,3,,,,,,,,,,,
2025-11-11,丸亀,2,6,青木玄太,A1,25.00,6,,2.944,5.9,100,75.8,0.2039,4.2727,,,0,低,75,0,-,5 2 54,0,100,2.7575,,,,,,0,0.0625,0.1875,,,E,,,0.1886,0.586,,0.499,S,84,0,◎1着固定 2-3着流し（5〜8点）,0.5777,"{'is_target': False, 'verdict': '対象外', 'max_combo_prob': None, 'est_top_odds': None, 'circle_concentration': None, 'eligible_count': 0, 'bet_adj': 0, 'reason': '1号艇rel_win1 < 45%: 通常判定に委ねる', 'tenji_trigger': ''}",,,31.4,逃げ狙い,36.02,22.5,3,,,,,,,,,,,
2025-11-11,丸亀,3,1,井上忠政,A1,32.56,1,◎,44.7607,,0,97.5,0.1512,3.35,,,0,低,51,0,逃1%,1 552,0,75.3,1.1793,0.875,,,,,0,0,0.125,◎,,B,,,,0.6805,,0.5127,S,95,0,◎1着固定 2-3着流し（5〜8点）,0.5777,"{'is_target': False, 'verdict': '対象外', 'max_combo_prob': None, 'est_top_odds': None, 'circle_concentration': None, 'eligible_count': 0, 'bet_adj': 0, 'reason': '1号艇rel_win1 < 45%: 通常判定に委ねる', 'tenji_trigger': ''}",,,32.1,逃げ狙い,37.14,23.5,2,,,,,0,0,0.7559,0,,逃げ軸流し,A
2025-11-11,丸亀,3,2,永井彪也,A1,27.78,2,△,19.4239,44.9,57,83.3,0.1393,3.0167,,,0,低,28,0,差0% ま0%,565 2,0,54,1.3841,0,0.375,0.125,0,0,0,0,0.2762,,◎,D,◎,,0.5018,0.7025,,0.5127,S,95,0,◎1着固定 2-3着流し（5〜8点）,0.5777,"{'is_target': False, 'verdict': '対象外', 'max_combo_prob': None, 'est_top_odds': None, 'circle_concentration': None, 'eligible_count': 0, 'bet_adj': 0, 'reason': '1号艇rel_win1 < 45%: 通常判定に委ねる', 'tenji_trigger': ''}",,,32.1,逃げ狙い,37.14,23.5,2,,,,,,,,,,,
2025-11-11,丸亀,3,3,木下翔太,A1,27.91,3,,11.1073,24.3,79,76.2,0.1405,2.5714,,,0,低,63,0,ま0% 差ま0%,5 2 63,0,96.1,1.3423,0,0,0.1,0.1,0,0.0148,0.1148,0.1148,,,D,△,,0.3503,0.688,,0.5127,S,95,0,◎1着固定 2-3着流し（5〜8点）,0.5777,"{'is_target': False, 'verdict': '対象外', 'max_combo_prob': None, 'est_top_odds': None, 'circle_concentration': None, 'eligible_count': 0, 'bet_adj': 0, 'reason': '1号艇rel_win1 < 45%: 通常判定に委ねる', 'tenji_trigger': ''}",,,32.1,逃げ狙い,37.14,23.5,2,,,,,,,,,,,
2025-11-11,丸亀,3,4,宮地元輝,A1,29.79,4,▲,9.5588,12.5,70,60,0.1287,3.0333,,,0,低,13,0,ま0%,442 41,0,41.5,1.2417,0,0,0.0833,0,0,0,0,0.1667,,,C,△,,0.3847,0.6895,,0.5127,S,95,0,◎1着固定 2-3着流し（5〜8点）,0.5777,"{'is_target': False, 'verdict': '対象外', 'max_combo_prob': None, 'est_top_odds': None, 'circle_concentration': None, 'eligible_count': 0, 'bet_adj': 0, 'reason': '1号艇rel_win1 < 45%: 通常判定に委ねる', 'tenji_trigger': ''}",,,32.1,逃げ狙い,37.14,23.5,2,,,,,,,,,,,
2025-11-11,丸亀,3,5,濱野斗馬,A1,32.26,5,○,13.3184,17.3,100,72.7,0.1352,2.5303,,,0,低,40,0,差0%,2 465,0,41,1.2226,0,0.0556,0.1111,0.1111,0,0.0968,0,0.0323,,,B,,◎,0.3637,0.638,0.4,0.5127,S,95,0,◎1着固定 2-3着流し（5〜8点）,0.5777,"{'is_target': False, 'verdict': '対象外', 'max_combo_prob': None, 'est_top_odds': None, 'circle_concentration': None, 'eligible_count': 0, 'bet_adj': 0, 'reason': '1号艇rel_win1 < 45%: 通常判定に委ねる', 'tenji_trigger': ''}",,,32.1,逃げ狙い,37.14,23.5,2,,,,,,,,,,,
2025-11-11,丸亀,3,6,大上卓人,A1,27.03,6,,1.8309,1.1,93,52,0.1544,3.4,,,0,低,42,0,-,656 5,0,39,1.9853,,,,,,0.0556,0.0556,0,,,D,○,,0.2997,0.697,,0.5127,S,95,0,◎1着固定 2-3着流し（5〜8点）,0.5777,"{'is_target': False, 'verdict': '対象外', 'max_combo_prob': None, 'est_top_odds': None, 'circle_concentration': None, 'eligible_count': 0, 'bet_adj': 0, 'reason': '1号艇rel_win1 < 45%: 通常判定に委ねる', 'tenji_trigger': ''}",,,32.1,逃げ狙い,37.14,23.5,2,,,,,,,,,,,
2025-11-11,丸亀,4,1,土屋智則,A1,31.82,1,◎,37.629,,0,87.8,0.1263,3.1585,,,0,低,34,0,逃1%,4 333,0,64.3,1.0516,0.7647,,,,,0.1235,0.1235,0.1471,◎,,D,,,,0.627,,0.5398,B,50,0,◎○△フォーメーション（15〜20点）,0.5777,"{'is_target': False, 'verdict': '対象外', 'max_combo_prob': None, 'est_top_odds': None, 'circle_concentration': None, 'eligible_count': 0, 'bet_adj': 0, 'reason': '1号艇rel_win1 < 45%: 通常判定に委ねる', 'tenji_trigger': ''}",,,35.8,両建て推奨,42.84,29,2,,,,,0,0,0.7559,0,,逃げ軸流し,A
2025-11-11,丸亀,4,2,椎名　豊,A1,31.91,2,△,19.815,41.8,61,93.5,0.1445,2.7742,,,0,低,42,0,差0% ま0%,4 636,0,71.4,1.5307,0,0.2353,0.2941,0,0,0.1382,0,0.0364,,,C,△,,0.183,0.664,,0.5398,B,50,0,◎○△フォーメーション（15〜20点）,0.5777,"{'is_target': False, 'verdict': '対象外', 'max_combo_prob': None, 'est_top_odds': None, 'circle_concentration': None, 'eligible_count': 0, 'bet_adj': 0, 'reason': '1号艇rel_win1 < 45%: 通常判定に委ねる', 'tenji_trigger': ''}",,,35.8,両建て推奨,42.84,29,2,,,,,,,,,,,
2025-11-11,丸亀,4,3,近江翔吾,A1,54.76,3,○,14.0158,22,100,76.1,0.1315,2.5,,,0,低,52,0,ま0% 差ま0%,1 465,0,30,0.9977,0,0,0.0909,0.0909,0.0455,0.0811,0.0541,0.027,,,A,,,0.2705,0.6415,,0.5398,B,50,0,◎○△フォーメーション（15〜20点）,0.5777,"{'is_target': False, 'verdict': '対象外', 'max_combo_prob': None, 'est_top_odds': None, 'circle_concentration': None, 'eligible_count': 0, 'bet_adj': 0, 'reason': '1号艇rel_win1 < 45%: 通常判定に委ねる', 'tenji_trigger': ''}",,,35.8,両建て推奨,42.84,29,2,,,,,,,,,,,
2025-11-11,丸亀,4,4,山田康二,A1,42.86,4,▲,17.5443,16.9,90,85.2,0.1496,2.8148,,,0,低,35,0,ま0% 抜0%,551 22,0,93.2,1.8706,0,0,0.4444,0,0.1111,0.0211,0.1211,0.1632,,,B,○,○,0.3225,0.6765,0.2847,0.5398,B,50,0,◎○△フォーメーション（15〜20点）,0.5777,"{'is_target': False, 'verdict': '対象外', 'max_combo_prob': None, 'est_top_odds': None, 'circle_concentration': None, 'eligible_count': 0, 'bet_adj': 0, 'reason': '1号艇rel_win1 < 45%: 通常判定に委ねる', 'tenji_trigger': ''}",,,35.8,両建て推奨,42.84,29,2,,,,,,,,,,,
2025-11-11,丸亀,4,5,寺田　祥,A1,26.67,5,,9.8894,11.1,59,77.8,0.1533,2.25,,,0,低,38,0,差ま0%,4 323,0,100,2.1107,0,0,0,0.3,0,0.0182,0.1212,0.0545,,,E,△,◎,0.2463,0.6605,0.4014,0.5398,B,50,0,◎○△フォーメーション（15〜20点）,0.5777,"{'is_target': False, 'verdict': '対象外', 'max_combo_prob': None, 'est_top_odds': None, 'circle_concentration': None, 'eligible_count': 0, 'bet_adj': 0, 'reason': '1号艇rel_win1 < 45%: 通常判定に委ねる', 'tenji_trigger': ''}",,,35.8,両建て推奨,42.84,29,2,,,,,,,,,,,
2025-11-11,丸亀,4,6,磯部　誠,A1,28.21,6,,1.1065,8.1,76,81.8,0.1245,3.3182,,,0,低,9,1,差ま0% 抜0%,2 413,0,100,2.8694,0,0,0,0.0667,0.0333,,,,,,D,◎,,0.2887,0.715,,0.5398,B,50,0,◎○△フォーメーション（15〜20点）,0.5777,"{'is_target': False, 'verdict': '対象外', 'max_combo_prob': None, 'est_top_odds': None, 'circle_concentration': None, 'eligible_count': 0, 'bet_adj': 0, 'reason': '1号艇rel_win1 < 45%: 通常判定に委ねる', 'tenji_trigger': ''}",,,35.8,両建て推奨,42.84,29,2,,,,,,,,,,,
2025-11-11,丸亀,5,1,片岡雅裕,A1,28.26,1,◎,44.4113,,0,93.1,0.129,2.5172,,,0,低,5,0,逃1%,5 3 44,0,53.9,0.9593,0.7857,,,,,0.0286,0,0.3571,◎,,E,◎,,,0.8292,,0.6133,S,96,0,◎1着固定 2-3着流し（5〜8点）,0.5777,"{'is_target': False, 'verdict': '対象外', 'max_combo_prob': None, 'est_top_odds': None, 'circle_concentration': None, 'eligible_count': 0, 'bet_adj': 0, 'reason': '1号艇rel_win1 < 45%: 通常判定に委ねる', 'tenji_trigger': ''}",,,29.1,逃げ狙い,24.79,25.4,3,,,,,0,0,0.7559,0,,逃げ軸流し,A
2025-11-11,丸亀,5,2,小坂尚哉,A1,38.78,2,△,11.5728,40,95,85.5,0.1493,2.7364,,,0,低,81,0,差0% ま0%,326 1,0,100,1.1697,0,0.0833,0.125,0,0,0.0488,0.0488,0.0976,,,B,△,,0.1207,0.657,,0.6133,S,96,0,◎1着固定 2-3着流し（5〜8点）,0.5777,"{'is_target': False, 'verdict': '対象外', 'max_combo_prob': None, 'est_top_odds': None, 'circle_concentration': None, 'eligible_count': 0, 'bet_adj': 0, 'reason': '1号艇rel_win1 < 45%: 通常判定に委ねる', 'tenji_trigger': ''}",,,29.1,逃げ狙い,24.79,25.4,3,,,,,,,,,,,
2025-11-11,丸亀,5,3,須藤博倫,A1,37.50,3,▲,13.7441,20.8,70,65,0.1253,2.9125,,,0,低,54,0,ま0% 差ま0% 抜0%,4 344,0,45.6,1.2865,0,0,0.1176,0.0588,0.0588,0.1171,0.0421,0.0421,,,C,,,0.3222,0.6375,,0.6133,S,96,0,◎1着固定 2-3着流し（5〜8点）,0.5777,"{'is_target': False, 'verdict': '対象外', 'max_combo_prob': None, 'est_top_odds': None, 'circle_concentration': None, 'eligible_count': 0, 'bet_adj': 0, 'reason': '1号艇rel_win1 < 45%: 通常判定に委ねる', 'tenji_trigger': ''}",,,29.1,逃げ狙い,24.79,25.4,3,,,,,,,,,,,
2025-11-11,丸亀,5,4,柳生泰二,A1,57.89,4,○,16.3825,25.2,92,84.6,0.1485,2.859,,,0,低,43,0,-,5 223,0,58.5,1.3543,0,0,0.1176,0.1176,0.1176,0.1444,0.1148,0,,,A,○,◎,0.2397,0.687,0.3914,0.6133,S,96,0,◎1着固定 2-3着流し（5〜8点）,0.5777,"{'is_target': False, 'verdict': '対象外', 'max_combo_prob': None, 'est_top_odds': None, 'circle_concentration': None, 'eligible_count': 0, 'bet_adj': 0, 'reason': '1号艇rel_win1 < 45%: 通常判定に委ねる', 'tenji_trigger': ''}",,,29.1,逃げ狙い,24.79,25.4,3,,,,,,,,,,,
2025-11-11,丸亀,5,5,浜先真範,A1,36.36,5,,11.5416,10.6,100,73.2,0.142,2.9024,,,0,低,66,0,差ま0% 抜0%,462 6,0,44.9,2.1638,0,0,0,0.05,0.05,0.01,0.02,0.02,,,C,,○,0.2406,0.647,0.3672,0.6133,S,96,0,◎1着固定 2-3着流し（5〜8点）,0.5777,"{'is_target': False, 'verdict': '対象外', 'max_combo_prob': None, 'est_top_odds': None, 'circle_concentration': None, 'eligible_count': 0, 'bet_adj': 0, 'reason': '1号艇rel_win1 < 45%: 通常判定に委ねる', 'tenji_trigger': ''}",,,29.1,逃げ狙い,24.79,25.4,3,,,,,,,,,,,
2025-11-11,丸亀,5,6,中村晃朋,A1,29.73,6,,2.3478,3.4,68,40,0.163,3.8333,,,0,低,56,0,-,5 4 26,0,31.8,0.9983,,,,,,0.1745,0,0.1564,,,D,△,,0.2053,0.678,,0.6133,S,96,0,◎1着固定 2-3着流し（5〜8点）,0.5777,"{'is_target': False, 'verdict': '対象外', 'max_combo_prob': None, 'est_top_odds': None, 'circle_concentration': None, 'eligible_count': 0, 'bet_adj': 0, 'reason': '1号艇rel_win1 < 45%: 通常判定に委ねる', 'tenji_trigger': ''}",,,29.1,逃げ狙い,24.79,25.4,3,,,,,,,,,,,
2025-11-11,丸亀,6,1,関　浩哉,A1,35.00,1,◎,48.6674,,0,95.7,0.1352,2.087,,,0,低,34,0,逃1%,235 43,0,74.1,1.1759,0.8571,,,,,,,,◎,,C,,,,0.6435,,0.7742,S,89,0,◎1着固定 2-3着流し（5〜8点）,0.5777,"{'is_target': True, 'verdict': '参加推奨', 'max_combo_prob': 0.0604, 'est_top_odds': 22.1, 'circle_concentration': 63.0, 'eligible_count': 6, 'bet_adj': 2, 'reason': 'rel_win1=48.7%（本命度） / 最有力組み合わせ確率: 0.060（推定実オッズ?22倍） / 2着集中度: 上位2艇 63.0%（補正+0.00） / 総合判定確率: 0.060 / → ヒモ分散。1号艇1着固定で広めのヒモ流し推奨（買い目+2点）', 'tenji_trigger': '展示確認: ヒモ分散レース。1号艇伸び確認後、広めのヒモ流しを採用。穴ヒモ（5・6号艇）を積極的に含める。\n展示で1号艇スタート超安定(0.135秒)→ヒモ固まり方向に注意'}",,,30.1,逃げ狙い,33.48,20.8,3,,,,,0,0,0.7559,0,,逃げ軸流し,A
2025-11-11,丸亀,6,2,西山貴浩,A1,28.57,2,,8.8747,41.1,61,66.7,0.1583,3.6667,,,0,低,17,1,差0% ま0%,6 4 53,0,33.9,1.0626,0,0.0938,0.0312,0,0,0,0.1429,0,,,E,◎,,0.0878,0.7,,0.7742,S,89,0,◎1着固定 2-3着流し（5〜8点）,0.5777,"{'is_target': True, 'verdict': '参加推奨', 'max_combo_prob': 0.0604, 'est_top_odds': 22.1, 'circle_concentration': 63.0, 'eligible_count': 6, 'bet_adj': 2, 'reason': 'rel_win1=48.7%（本命度） / 最有力組み合わせ確率: 0.060（推定実オッズ?22倍） / 2着集中度: 上位2艇 63.0%（補正+0.00） / 総合判定確率: 0.060 / → ヒモ分散。1号艇1着固定で広めのヒモ流し推奨（買い目+2点）', 'tenji_trigger': '展示確認: ヒモ分散レース。1号艇伸び確認後、広めのヒモ流しを採用。穴ヒモ（5・6号艇）を積極的に含める。\n展示で1号艇スタート超安定(0.135秒)→ヒモ固まり方向に注意'}",,,30.1,逃げ狙い,33.48,20.8,3,,,,,,,,,,,
2025-11-11,丸亀,6,3,前田将太,A1,38.46,3,○,20.059,18.5,89,85.2,0.1581,2.8889,,,0,低,42,0,差ま0%,525 34,0,72.4,1.7348,0,0,0,0.0833,0,0.0476,0.0952,0.0476,,,C,○,,0.1811,0.6935,,0.7742,S,89,0,◎1着固定 2-3着流し（5〜8点）,0.5777,"{'is_target': True, 'verdict': '参加推奨', 'max_combo_prob': 0.0604, 'est_top_odds': 22.1, 'circle_concentration': 63.0, 'eligible_count': 6, 'bet_adj': 2, 'reason': 'rel_win1=48.7%（本命度） / 最有力組み合わせ確率: 0.060（推定実オッズ?22倍） / 2着集中度: 上位2艇 63.0%（補正+0.00） / 総合判定確率: 0.060 / → ヒモ分散。1号艇1着固定で広めのヒモ流し推奨（買い目+2点）', 'tenji_trigger': '展示確認: ヒモ分散レース。1号艇伸び確認後、広めのヒモ流しを採用。穴ヒモ（5・6号艇）を積極的に含める。\n展示で1号艇スタート超安定(0.135秒)→ヒモ固まり方向に注意'}",,,30.1,逃げ狙い,33.48,20.8,3,,,,,,,,,,,
2025-11-11,丸亀,6,4,佐藤隆太,A1,32.56,4,△,9.3654,13.9,76,75,0.145,2.425,,,0,低,32,0,差ま0%,6 6145,0,85.3,1.4323,0,0,0,0.1667,0,0.0833,0.0833,0,,,D,△,◎,0.2772,0.6665,0.438,0.7742,S,89,0,◎1着固定 2-3着流し（5〜8点）,0.5777,"{'is_target': True, 'verdict': '参加推奨', 'max_combo_prob': 0.0604, 'est_top_odds': 22.1, 'circle_concentration': 63.0, 'eligible_count': 6, 'bet_adj': 2, 'reason': 'rel_win1=48.7%（本命度） / 最有力組み合わせ確率: 0.060（推定実オッズ?22倍） / 2着集中度: 上位2艇 63.0%（補正+0.00） / 総合判定確率: 0.060 / → ヒモ分散。1号艇1着固定で広めのヒモ流し推奨（買い目+2点）', 'tenji_trigger': '展示確認: ヒモ分散レース。1号艇伸び確認後、広めのヒモ流しを採用。穴ヒモ（5・6号艇）を積極的に含める。\n展示で1号艇スタート超安定(0.135秒)→ヒモ固まり方向に注意'}",,,30.1,逃げ狙い,33.48,20.8,3,,,,,,,,,,,
2025-11-11,丸亀,6,5,吉田裕平,A1,40.91,5,▲,9.135,21.9,66,75,0.1588,2.6875,,,0,低,29,0,差ま0%,636 52,0,100,2.0929,0,0,0,0.25,0,0,0.1429,0,,,B,△,,0.257,0.6645,,0.7742,S,89,0,◎1着固定 2-3着流し（5〜8点）,0.5777,"{'is_target': True, 'verdict': '参加推奨', 'max_combo_prob': 0.0604, 'est_top_odds': 22.1, 'circle_concentration': 63.0, 'eligible_count': 6, 'bet_adj': 2, 'reason': 'rel_win1=48.7%（本命度） / 最有力組み合わせ確率: 0.060（推定実オッズ?22倍） / 2着集中度: 上位2艇 63.0%（補正+0.00） / 総合判定確率: 0.060 / → ヒモ分散。1号艇1着固定で広めのヒモ流し推奨（買い目+2点）', 'tenji_trigger': '展示確認: ヒモ分散レース。1号艇伸び確認後、広めのヒモ流しを採用。穴ヒモ（5・6号艇）を積極的に含める。\n展示で1号艇スタート超安定(0.135秒)→ヒモ固まり方向に注意'}",,,30.1,逃げ狙い,33.48,20.8,3,,,,,,,,,,,
2025-11-11,丸亀,6,6,栗城　匠,A1,40.48,6,,3.8985,4.6,100,48,0.164,3.51,,,0,低,83,0,差ま0%,6 166,0,62,1.9081,0,0,0,0.0526,0,0,0.2404,0.1409,,,B,,,0.1892,0.623,,0.7742,S,89,0,◎1着固定 2-3着流し（5〜8点）,0.5777,"{'is_target': True, 'verdict': '参加推奨', 'max_combo_prob': 0.0604, 'est_top_odds': 22.1, 'circle_concentration': 63.0, 'eligible_count': 6, 'bet_adj': 2, 'reason': 'rel_win1=48.7%（本命度） / 最有力組み合わせ確率: 0.060（推定実オッズ?22倍） / 2着集中度: 上位2艇 63.0%（補正+0.00） / 総合判定確率: 0.060 / → ヒモ分散。1号艇1着固定で広めのヒモ流し推奨（買い目+2点）', 'tenji_trigger': '展示確認: ヒモ分散レース。1号艇伸び確認後、広めのヒモ流しを採用。穴ヒモ（5・6号艇）を積極的に含める。\n展示で1号艇スタート超安定(0.135秒)→ヒモ固まり方向に注意'}",,,30.1,逃げ狙い,33.48,20.8,3,,,,,,,,,,,
2025-11-11,丸亀,7,1,宮地元輝,A1,29.79,1,◎,43.1133,,0,90.9,0.1268,2.7045,,,0,低,13,0,逃1%,442 41,0,65.8,1.1049,0.8333,,,,,0,0,0.1667,◎,,D,○,,,0.6895,,0.6221,A,65,0,◎-○軸 3着3〜4艇流し（10〜15点）,0.5777,"{'is_target': False, 'verdict': '対象外', 'max_combo_prob': None, 'est_top_odds': None, 'circle_concentration': None, 'eligible_count': 0, 'bet_adj': 0, 'reason': '1号艇rel_win1 < 45%: 通常判定に委ねる', 'tenji_trigger': ''}",,,34.2,逃げ狙い,45.55,22.2,3,,,,,0,0,0.7559,0,,逃げ軸流し,A
2025-11-11,丸亀,7,2,藤原啓史,A1,35.48,2,○,19.7384,49.4,67,86.7,0.129,2.7167,,,0,低,29,0,差0%,144 35,0,93.3,1.4352,0,0.2667,0,0,0,0.0167,0,0.2333,,◎,B,△,,0.3415,0.685,,0.6221,A,65,0,◎-○軸 3着3〜4艇流し（10〜15点）,0.5777,"{'is_target': False, 'verdict': '対象外', 'max_combo_prob': None, 'est_top_odds': None, 'circle_concentration': None, 'eligible_count': 0, 'bet_adj': 0, 'reason': '1号艇rel_win1 < 45%: 通常判定に委ねる', 'tenji_trigger': ''}",,,34.2,逃げ狙い,45.55,22.2,3,,,,,,,,,,,
2025-11-11,丸亀,7,3,末永和也,A1,30.56,3,,12.8625,17.1,64,75,0.14,2.7917,,,0,低,16,1,差ま0% 抜0%,352 56,0,39.4,1.36,0,0,0,0.3333,0.1667,0,0.1,0,,,D,,,0.2947,0.679,,0.6221,A,65,0,◎-○軸 3着3〜4艇流し（10〜15点）,0.5777,"{'is_target': False, 'verdict': '対象外', 'max_combo_prob': None, 'est_top_odds': None, 'circle_concentration': None, 'eligible_count': 0, 'bet_adj': 0, 'reason': '1号艇rel_win1 < 45%: 通常判定に委ねる', 'tenji_trigger': ''}",,,34.2,逃げ狙い,45.55,22.2,3,,,,,,,,,,,
2025-11-11,丸亀,7,4,渡辺浩司,A1,32.65,4,▲,10.654,22.7,100,79.2,0.134,2.7604,,,0,低,46,0,差ま0% 抜0%,4 551,0,67.8,1.5215,0,0,0,0.0714,0.0714,0.1467,0,0.0867,,,C,◎,◎,0.2535,0.699,0.4589,0.6221,A,65,0,◎-○軸 3着3〜4艇流し（10〜15点）,0.5777,"{'is_target': False, 'verdict': '対象外', 'max_combo_prob': None, 'est_top_odds': None, 'circle_concentration': None, 'eligible_count': 0, 'bet_adj': 0, 'reason': '1号艇rel_win1 < 45%: 通常判定に委ねる', 'tenji_trigger': ''}",,,34.2,逃げ狙い,45.55,22.2,3,,,,,,,,,,,
2025-11-11,丸亀,7,5,井上忠政,A1,32.56,5,,11.1268,9.9,47,59.3,0.1593,3.1852,,,0,低,51,0,差ま0% 抜0%,1 552,0,59,1.7821,0,0,0,0.25,0.0833,0,0,0.125,,,D,△,○,0.2318,0.6805,0.3819,0.6221,A,65,0,◎-○軸 3着3〜4艇流し（10〜15点）,0.5777,"{'is_target': False, 'verdict': '対象外', 'max_combo_prob': None, 'est_top_odds': None, 'circle_concentration': None, 'eligible_count': 0, 'bet_adj': 0, 'reason': '1号艇rel_win1 < 45%: 通常判定に委ねる', 'tenji_trigger': ''}",,,34.2,逃げ狙い,45.55,22.2,3,,,,,,,,,,,
2025-11-11,丸亀,7,6,入海　馨,A1,45.45,6,△,2.505,1,82,52.9,0.1776,3.8088,,,0,低,69,0,抜0%,2 6 26,0,95.2,1.9483,0,0,0,0,0.0667,0,0,0,,,A,,,0.1456,0.6215,,0.6221,A,65,0,◎-○軸 3着3〜4艇流し（10〜15点）,0.5777,"{'is_target': False, 'verdict': '対象外', 'max_combo_prob': None, 'est_top_odds': None, 'circle_concentration': None, 'eligible_count': 0, 'bet_adj': 0, 'reason': '1号艇rel_win1 < 45%: 通常判定に委ねる', 'tenji_trigger': ''}",,,34.2,逃げ狙い,45.55,22.2,3,,,,,,,,,,,
2025-11-11,丸亀,8,1,山田康二,A1,42.86,1,◎,59.1155,,0,91.3,0.1287,2.5652,,,0,低,35,0,逃1%,551 22,0,78.1,1.1709,0.6842,,,,,0.0211,0.1211,0.1632,◎,,B,○,,,0.6765,,0.6397,S,91,0,◎1着固定 2-3着流し（5〜8点）,0.5777,"{'is_target': True, 'verdict': '参加推奨', 'max_combo_prob': 0.0593, 'est_top_odds': 22.5, 'circle_concentration': 55.3, 'eligible_count': 6, 'bet_adj': 2, 'reason': 'rel_win1=59.1%（本命度） / 最有力組み合わせ確率: 0.059（推定実オッズ?22倍） / 2着集中度: 上位2艇 55.3%（補正+0.00） / 総合判定確率: 0.059 / → ヒモ分散。1号艇1着固定で広めのヒモ流し推奨（買い目+2点）', 'tenji_trigger': '展示確認: ヒモ分散レース。1号艇伸び確認後、広めのヒモ流しを採用。穴ヒモ（5・6号艇）を積極的に含める。\n展示で1号艇スタート超安定(0.129秒)→ヒモ固まり方向に注意'}",,,32.3,逃げ狙い,34.62,26.1,2,,,,,0,0,0.7559,0,,逃げ軸流し,A
2025-11-11,丸亀,8,2,木下翔太,A1,27.91,2,,13.6239,24.4,97,80,0.1493,3.3556,,,0,低,63,0,-,5 2 63,0,93.3,1.4971,0,0,0.3,0,0,0.0148,0.1148,0.1148,,,E,◎,,0.141,0.688,,0.6397,S,91,0,◎1着固定 2-3着流し（5〜8点）,0.5777,"{'is_target': True, 'verdict': '参加推奨', 'max_combo_prob': 0.0593, 'est_top_odds': 22.5, 'circle_concentration': 55.3, 'eligible_count': 6, 'bet_adj': 2, 'reason': 'rel_win1=59.1%（本命度） / 最有力組み合わせ確率: 0.059（推定実オッズ?22倍） / 2着集中度: 上位2艇 55.3%（補正+0.00） / 総合判定確率: 0.059 / → ヒモ分散。1号艇1着固定で広めのヒモ流し推奨（買い目+2点）', 'tenji_trigger': '展示確認: ヒモ分散レース。1号艇伸び確認後、広めのヒモ流しを採用。穴ヒモ（5・6号艇）を積極的に含める。\n展示で1号艇スタート超安定(0.129秒)→ヒモ固まり方向に注意'}",,,32.3,逃げ狙い,34.62,26.1,2,,,,,,,,,,,
2025-11-11,丸亀,8,3,濱野斗馬,A1,32.26,3,○,8.1016,30.9,64,73.1,0.1292,2.3654,,,0,低,40,0,-,2 465,0,23.6,0.7475,0,0,0,0.0833,0,0.0968,0,0.0323,,,C,,,0.2884,0.638,,0.6397,S,91,0,◎1着固定 2-3着流し（5〜8点）,0.5777,"{'is_target': True, 'verdict': '参加推奨', 'max_combo_prob': 0.0593, 'est_top_odds': 22.5, 'circle_concentration': 55.3, 'eligible_count': 6, 'bet_adj': 2, 'reason': 'rel_win1=59.1%（本命度） / 最有力組み合わせ確率: 0.059（推定実オッズ?22倍） / 2着集中度: 上位2艇 55.3%（補正+0.00） / 総合判定確率: 0.059 / → ヒモ分散。1号艇1着固定で広めのヒモ流し推奨（買い目+2点）', 'tenji_trigger': '展示確認: ヒモ分散レース。1号艇伸び確認後、広めのヒモ流しを採用。穴ヒモ（5・6号艇）を積極的に含める。\n展示で1号艇スタート超安定(0.129秒)→ヒモ固まり方向に注意'}",,,32.3,逃げ狙い,34.62,26.1,2,,,,,,,,,,,
2025-11-11,丸亀,8,4,杉山正樹,A1,28.89,4,△,11.3822,18,100,79.6,0.1516,3.4898,,,0,低,101,0,差0% ま0% 差ま0%,3 614,0,77,1.5785,0,0.125,0.125,0.0625,0,0,0.0476,0.0476,,,D,△,◎,0.2267,0.667,0.4568,0.6397,S,91,0,◎1着固定 2-3着流し（5〜8点）,0.5777,"{'is_target': True, 'verdict': '参加推奨', 'max_combo_prob': 0.0593, 'est_top_odds': 22.5, 'circle_concentration': 55.3, 'eligible_count': 6, 'bet_adj': 2, 'reason': 'rel_win1=59.1%（本命度） / 最有力組み合わせ確率: 0.059（推定実オッズ?22倍） / 2着集中度: 上位2艇 55.3%（補正+0.00） / 総合判定確率: 0.059 / → ヒモ分散。1号艇1着固定で広めのヒモ流し推奨（買い目+2点）', 'tenji_trigger': '展示確認: ヒモ分散レース。1号艇伸び確認後、広めのヒモ流しを採用。穴ヒモ（5・6号艇）を積極的に含める。\n展示で1号艇スタート超安定(0.129秒)→ヒモ固まり方向に注意'}",,,32.3,逃げ狙い,34.62,26.1,2,,,,,,,,,,,
2025-11-11,丸亀,8,5,土屋智則,A1,31.82,5,,4.0355,18.8,63,73.7,0.1711,3.2368,,,0,低,34,0,差ま0%,4 333,0,72.2,1.8624,0,0,0,0.1111,0,0.1235,0.1235,0.1471,,,D,,,0.1624,0.627,,0.6397,S,91,0,◎1着固定 2-3着流し（5〜8点）,0.5777,"{'is_target': True, 'verdict': '参加推奨', 'max_combo_prob': 0.0593, 'est_top_odds': 22.5, 'circle_concentration': 55.3, 'eligible_count': 6, 'bet_adj': 2, 'reason': 'rel_win1=59.1%（本命度） / 最有力組み合わせ確率: 0.059（推定実オッズ?22倍） / 2着集中度: 上位2艇 55.3%（補正+0.00） / 総合判定確率: 0.059 / → ヒモ分散。1号艇1着固定で広めのヒモ流し推奨（買い目+2点）', 'tenji_trigger': '展示確認: ヒモ分散レース。1号艇伸び確認後、広めのヒモ流しを採用。穴ヒモ（5・6号艇）を積極的に含める。\n展示で1号艇スタート超安定(0.129秒)→ヒモ固まり方向に注意'}",,,32.3,逃げ狙い,34.62,26.1,2,,,,,,,,,,,
2025-11-11,丸亀,8,6,小池修平,A1,44.44,6,▲,3.7414,7.9,48,56.2,0.1644,3.1719,,,0,低,45,0,差0%,413 6,0,100,2.1739,0,0.0588,0,0,0,0.1793,0.0148,0.0296,,,A,△,,0.1709,0.6405,,0.6397,S,91,0,◎1着固定 2-3着流し（5〜8点）,0.5777,"{'is_target': True, 'verdict': '参加推奨', 'max_combo_prob': 0.0593, 'est_top_odds': 22.5, 'circle_concentration': 55.3, 'eligible_count': 6, 'bet_adj': 2, 'reason': 'rel_win1=59.1%（本命度） / 最有力組み合わせ確率: 0.059（推定実オッズ?22倍） / 2着集中度: 上位2艇 55.3%（補正+0.00） / 総合判定確率: 0.059 / → ヒモ分散。1号艇1着固定で広めのヒモ流し推奨（買い目+2点）', 'tenji_trigger': '展示確認: ヒモ分散レース。1号艇伸び確認後、広めのヒモ流しを採用。穴ヒモ（5・6号艇）を積極的に含める。\n展示で1号艇スタート超安定(0.129秒)→ヒモ固まり方向に注意'}",,,32.3,逃げ狙い,34.62,26.1,2,,,,,,,,,,,
2025-11-11,丸亀,9,1,吉田拡郎,A1,47.62,1,◎,56.9937,,0,96.4,0.1089,2.0714,,,0,低,10,0,逃1%,4 1 35,0,80.2,1.2153,0.8182,,,,,0.0909,0,0,◎,,A,◎,,,0.81,,0.8188,S,83,0,◎1着固定 2-3着流し（5〜8点）,0.5777,"{'is_target': True, 'verdict': '参加推奨', 'max_combo_prob': 0.0664, 'est_top_odds': 20.1, 'circle_concentration': 64.2, 'eligible_count': 6, 'bet_adj': 2, 'reason': 'rel_win1=57.0%（本命度） / 最有力組み合わせ確率: 0.066（推定実オッズ?20倍） / 2着集中度: 上位2艇 64.2%（補正+0.00） / 総合判定確率: 0.066 / → ヒモ分散。1号艇1着固定で広めのヒモ流し推奨（買い目+2点）', 'tenji_trigger': '展示確認: ヒモ分散レース。1号艇伸び確認後、広めのヒモ流しを採用。穴ヒモ（5・6号艇）を積極的に含める。\n展示で1号艇スタート超安定(0.109秒)→ヒモ固まり方向に注意'}",,,29.2,逃げ狙い,28.64,22.3,2,,,,,0,0,0.7559,0,,逃げ軸流し,A
2025-11-11,丸亀,9,2,岡崎恭裕,A1,33.33,2,▲,13.5054,37.4,77,73.3,0.1417,2.4333,,,0,低,38,0,差0% 抜0%,261 1,0,97,1.1764,0,0.125,0,0,0.125,0.1962,0.0462,0,,,D,△,,0.0784,0.665,,0.8188,S,83,0,◎1着固定 2-3着流し（5〜8点）,0.5777,"{'is_target': True, 'verdict': '参加推奨', 'max_combo_prob': 0.0664, 'est_top_odds': 20.1, 'circle_concentration': 64.2, 'eligible_count': 6, 'bet_adj': 2, 'reason': 'rel_win1=57.0%（本命度） / 最有力組み合わせ確率: 0.066（推定実オッズ?20倍） / 2着集中度: 上位2艇 64.2%（補正+0.00） / 総合判定確率: 0.066 / → ヒモ分散。1号艇1着固定で広めのヒモ流し推奨（買い目+2点）', 'tenji_trigger': '展示確認: ヒモ分散レース。1号艇伸び確認後、広めのヒモ流しを採用。穴ヒモ（5・6号艇）を積極的に含める。\n展示で1号艇スタート超安定(0.109秒)→ヒモ固まり方向に注意'}",,,29.2,逃げ狙い,28.64,22.3,2,,,,,,,,,,,
2025-11-11,丸亀,9,3,海野康志,A1,36.36,3,△,13.6794,26.8,100,79.5,0.1582,3.2179,,,0,低,38,0,差ま0%,614 1,0,58.5,1.4562,0,0,0,0.1176,0,0,0.0387,0.2516,,,C,,,0.129,0.6265,,0.8188,S,83,0,◎1着固定 2-3着流し（5〜8点）,0.5777,"{'is_target': True, 'verdict': '参加推奨', 'max_combo_prob': 0.0664, 'est_top_odds': 20.1, 'circle_concentration': 64.2, 'eligible_count': 6, 'bet_adj': 2, 'reason': 'rel_win1=57.0%（本命度） / 最有力組み合わせ確率: 0.066（推定実オッズ?20倍） / 2着集中度: 上位2艇 64.2%（補正+0.00） / 総合判定確率: 0.066 / → ヒモ分散。1号艇1着固定で広めのヒモ流し推奨（買い目+2点）', 'tenji_trigger': '展示確認: ヒモ分散レース。1号艇伸び確認後、広めのヒモ流しを採用。穴ヒモ（5・6号艇）を積極的に含める。\n展示で1号艇スタート超安定(0.109秒)→ヒモ固まり方向に注意'}",,,29.2,逃げ狙い,28.64,22.3,2,,,,,,,,,,,
2025-11-11,丸亀,9,4,西岡顕心,A1,43.90,4,○,7.1586,20.3,81,76,0.1544,3.24,,,0,低,55,0,ま0%,3 235,0,29.1,0.8587,0,0.1667,0.1667,0,0,0,0.0714,0,,,B,,,0.1524,0.6245,,0.8188,S,83,0,◎1着固定 2-3着流し（5〜8点）,0.5777,"{'is_target': True, 'verdict': '参加推奨', 'max_combo_prob': 0.0664, 'est_top_odds': 20.1, 'circle_concentration': 64.2, 'eligible_count': 6, 'bet_adj': 2, 'reason': 'rel_win1=57.0%（本命度） / 最有力組み合わせ確率: 0.066（推定実オッズ?20倍） / 2着集中度: 上位2艇 64.2%（補正+0.00） / 総合判定確率: 0.066 / → ヒモ分散。1号艇1着固定で広めのヒモ流し推奨（買い目+2点）', 'tenji_trigger': '展示確認: ヒモ分散レース。1号艇伸び確認後、広めのヒモ流しを採用。穴ヒモ（5・6号艇）を積極的に含める。\n展示で1号艇スタート超安定(0.109秒)→ヒモ固まり方向に注意'}",,,29.2,逃げ狙い,28.64,22.3,2,,,,,,,,,,,
2025-11-11,丸亀,9,5,長田頼宗,A1,27.78,5,,6.6775,12.3,92,72.7,0.1668,3.8409,,,0,低,43,0,差ま0%,1 346,0,48.1,1.9319,0,0,0,0.25,0,0,0,0,,,E,○,,0.1554,0.6725,,0.8188,S,83,0,◎1着固定 2-3着流し（5〜8点）,0.5777,"{'is_target': True, 'verdict': '参加推奨', 'max_combo_prob': 0.0664, 'est_top_odds': 20.1, 'circle_concentration': 64.2, 'eligible_count': 6, 'bet_adj': 2, 'reason': 'rel_win1=57.0%（本命度） / 最有力組み合わせ確率: 0.066（推定実オッズ?20倍） / 2着集中度: 上位2艇 64.2%（補正+0.00） / 総合判定確率: 0.066 / → ヒモ分散。1号艇1着固定で広めのヒモ流し推奨（買い目+2点）', 'tenji_trigger': '展示確認: ヒモ分散レース。1号艇伸び確認後、広めのヒモ流しを採用。穴ヒモ（5・6号艇）を積極的に含める。\n展示で1号艇スタート超安定(0.109秒)→ヒモ固まり方向に注意'}",,,29.2,逃げ狙い,28.64,22.3,2,,,,,,,,,,,
2025-11-11,丸亀,9,6,松井　繁,A1,43.90,6,,1.9853,3.2,48,100,0.19,1.5,,,0,低,24,1,-,1 541,0,100,3.5439,,,,,,0.0714,0.2143,0,,,B,△,,0.1322,0.6505,,0.8188,S,83,0,◎1着固定 2-3着流し（5〜8点）,0.5777,"{'is_target': True, 'verdict': '参加推奨', 'max_combo_prob': 0.0664, 'est_top_odds': 20.1, 'circle_concentration': 64.2, 'eligible_count': 6, 'bet_adj': 2, 'reason': 'rel_win1=57.0%（本命度） / 最有力組み合わせ確率: 0.066（推定実オッズ?20倍） / 2着集中度: 上位2艇 64.2%（補正+0.00） / 総合判定確率: 0.066 / → ヒモ分散。1号艇1着固定で広めのヒモ流し推奨（買い目+2点）', 'tenji_trigger': '展示確認: ヒモ分散レース。1号艇伸び確認後、広めのヒモ流しを採用。穴ヒモ（5・6号艇）を積極的に含める。\n展示で1号艇スタート超安定(0.109秒)→ヒモ固まり方向に注意'}",,,29.2,逃げ狙い,28.64,22.3,2,,,,,,,,,,,
2025-11-11,丸亀,10,1,重成一人,A1,44.19,1,◎,51.3327,,0,89.3,0.1493,2.6875,,,0,低,51,0,逃1%,2 421,0,41.4,0.9487,0.7,,,,,0.0533,0.2533,0.0133,◎,,B,,,,0.6315,,0.5213,S,85,0,◎1着固定 2-3着流し（5〜8点）,0.5777,"{'is_target': True, 'verdict': '参加推奨', 'max_combo_prob': 0.0589, 'est_top_odds': 22.6, 'circle_concentration': 62.9, 'eligible_count': 6, 'bet_adj': 2, 'reason': 'rel_win1=51.3%（本命度） / 最有力組み合わせ確率: 0.059（推定実オッズ?23倍） / 2着集中度: 上位2艇 62.9%（補正+0.00） / 総合判定確率: 0.059 / → ヒモ分散。1号艇1着固定で広めのヒモ流し推奨（買い目+2点）', 'tenji_trigger': '展示確認: ヒモ分散レース。1号艇伸び確認後、広めのヒモ流しを採用。穴ヒモ（5・6号艇）を積極的に含める。'}",,,31.5,逃げ狙い,29.68,28.2,2,,,,,0,0,0.7559,0,,逃げ軸流し,A
2025-11-11,丸亀,10,2,仲谷颯仁,A1,33.33,2,△,15.4965,33.5,87,78.6,0.1521,2.8214,,,0,低,60,0,差0% 抜0%,251 11,0,40.2,1.2733,0,0.2857,0,0,0.1429,0,0.1818,0.2727,,○,D,,,0.3402,0.6445,,0.5213,S,85,0,◎1着固定 2-3着流し（5〜8点）,0.5777,"{'is_target': True, 'verdict': '参加推奨', 'max_combo_prob': 0.0589, 'est_top_odds': 22.6, 'circle_concentration': 62.9, 'eligible_count': 6, 'bet_adj': 2, 'reason': 'rel_win1=51.3%（本命度） / 最有力組み合わせ確率: 0.059（推定実オッズ?23倍） / 2着集中度: 上位2艇 62.9%（補正+0.00） / 総合判定確率: 0.059 / → ヒモ分散。1号艇1着固定で広めのヒモ流し推奨（買い目+2点）', 'tenji_trigger': '展示確認: ヒモ分散レース。1号艇伸び確認後、広めのヒモ流しを採用。穴ヒモ（5・6号艇）を積極的に含める。'}",,,31.5,逃げ狙い,29.68,28.2,2,,,,,,,,,,,
2025-11-11,丸亀,10,3,白井英治,A1,43.90,3,▲,13.4628,22.5,79,88.9,0.1567,3.5278,,,0,低,29,0,ま0%,313 62,0,59.3,1.5687,0,0,0.1429,0,0,0.0588,0.1765,0.0588,,,C,△,,0.2648,0.659,,0.5213,S,85,0,◎1着固定 2-3着流し（5〜8点）,0.5777,"{'is_target': True, 'verdict': '参加推奨', 'max_combo_prob': 0.0589, 'est_top_odds': 22.6, 'circle_concentration': 62.9, 'eligible_count': 6, 'bet_adj': 2, 'reason': 'rel_win1=51.3%（本命度） / 最有力組み合わせ確率: 0.059（推定実オッズ?23倍） / 2着集中度: 上位2艇 62.9%（補正+0.00） / 総合判定確率: 0.059 / → ヒモ分散。1号艇1着固定で広めのヒモ流し推奨（買い目+2点）', 'tenji_trigger': '展示確認: ヒモ分散レース。1号艇伸び確認後、広めのヒモ流しを採用。穴ヒモ（5・6号艇）を積極的に含める。'}",,,31.5,逃げ狙い,29.68,28.2,2,,,,,,,,,,,
2025-11-11,丸亀,10,4,柳沢　一,A1,54.76,4,○,11.4054,29.4,100,83.9,0.1348,2.6875,,,0,低,43,0,差0% ま0%,2 5 23,0,83,1.6328,0,0.1739,0.0435,0,0,0.0432,0.1074,0.1074,,,A,◎,◎,0.3648,0.698,0.4341,0.5213,S,85,0,◎1着固定 2-3着流し（5〜8点）,0.5777,"{'is_target': True, 'verdict': '参加推奨', 'max_combo_prob': 0.0589, 'est_top_odds': 22.6, 'circle_concentration': 62.9, 'eligible_count': 6, 'bet_adj': 2, 'reason': 'rel_win1=51.3%（本命度） / 最有力組み合わせ確率: 0.059（推定実オッズ?23倍） / 2着集中度: 上位2艇 62.9%（補正+0.00） / 総合判定確率: 0.059 / → ヒモ分散。1号艇1着固定で広めのヒモ流し推奨（買い目+2点）', 'tenji_trigger': '展示確認: ヒモ分散レース。1号艇伸び確認後、広めのヒモ流しを採用。穴ヒモ（5・6号艇）を積極的に含める。'}",,,31.5,逃げ狙い,29.68,28.2,2,,,,,,,,,,,
2025-11-11,丸亀,10,5,塩田北斗,A1,30.95,5,,6.8191,11.9,68,62.5,0.1465,2.6625,,,0,低,50,0,ま0%,341 34,0,92.9,1.7169,0,0,0.0833,0,0,0,0.0435,0.0435,,,D,△,○,0.3066,0.6745,0.2457,0.5213,S,85,0,◎1着固定 2-3着流し（5〜8点）,0.5777,"{'is_target': True, 'verdict': '参加推奨', 'max_combo_prob': 0.0589, 'est_top_odds': 22.6, 'circle_concentration': 62.9, 'eligible_count': 6, 'bet_adj': 2, 'reason': 'rel_win1=51.3%（本命度） / 最有力組み合わせ確率: 0.059（推定実オッズ?23倍） / 2着集中度: 上位2艇 62.9%（補正+0.00） / 総合判定確率: 0.059 / → ヒモ分散。1号艇1着固定で広めのヒモ流し推奨（買い目+2点）', 'tenji_trigger': '展示確認: ヒモ分散レース。1号艇伸び確認後、広めのヒモ流しを採用。穴ヒモ（5・6号艇）を積極的に含める。'}",,,31.5,逃げ狙い,29.68,28.2,2,,,,,,,,,,,
2025-11-11,丸亀,10,6,赤岩善生,A1,43.90,6,,1.4836,2.7,45,,,,,,0,低,38,1,-,223 2,0,,,,,,,,,,,,,C,○,,0.3116,0.691,0.15,0.5213,S,85,0,◎1着固定 2-3着流し（5〜8点）,0.5777,"{'is_target': True, 'verdict': '参加推奨', 'max_combo_prob': 0.0589, 'est_top_odds': 22.6, 'circle_concentration': 62.9, 'eligible_count': 6, 'bet_adj': 2, 'reason': 'rel_win1=51.3%（本命度） / 最有力組み合わせ確率: 0.059（推定実オッズ?23倍） / 2着集中度: 上位2艇 62.9%（補正+0.00） / 総合判定確率: 0.059 / → ヒモ分散。1号艇1着固定で広めのヒモ流し推奨（買い目+2点）', 'tenji_trigger': '展示確認: ヒモ分散レース。1号艇伸び確認後、広めのヒモ流しを採用。穴ヒモ（5・6号艇）を積極的に含める。'}",,,31.5,逃げ狙い,29.68,28.2,2,,,,,,,,,,,
2025-11-11,丸亀,11,1,峰　竜太,A1,28.57,1,◎,48.6794,,0,100,0.12,3.2353,,,0,低,4,0,逃1%,1 212,0,80.6,1.2203,0.875,,,,,0,0,0,◎⚠️,,D,◎,,,0.8175,,0.5701,S,90,0,◎1着固定 2-3着流し（5〜8点）,0.5777,"{'is_target': True, 'verdict': '参加推奨', 'max_combo_prob': 0.0503, 'est_top_odds': 26.5, 'circle_concentration': 58.1, 'eligible_count': 6, 'bet_adj': 2, 'reason': 'rel_win1=48.7%（本命度） / 最有力組み合わせ確率: 0.050（推定実オッズ?26倍） / 2着集中度: 上位2艇 58.1%（補正+0.00） / 総合判定確率: 0.050 / → ヒモ分散。1号艇1着固定で広めのヒモ流し推奨（買い目+2点）', 'tenji_trigger': '展示確認: ヒモ分散レース。1号艇伸び確認後、広めのヒモ流しを採用。穴ヒモ（5・6号艇）を積極的に含める。\n展示で1号艇スタート超安定(0.120秒)→ヒモ固まり方向に注意'}",,,31.7,逃げ狙い,40.29,19.6,3,3-1-4|3-1-5|3-1-2|1-2-4|1-3-4|1-2-5|1-2-3,3-1-4|5-1-6|6-1-2|5-1-2|3-1-5|6-2-1|6-1-4|3-1-2|1-2-4|1-3-4|1-2-5|1-2-3,3-1-4:3.34%|3-1-5:2.07%|3-1-2:12.44%|1-2-4:6.68%|1-3-4:5.67%|1-2-5:5.55%|1-2-3:5.52%,3-1-4:B_main|3-1-5:B_main|3-1-2:B_sc|1-2-4:A|1-3-4:A|1-2-5:A|1-2-3:A,7,12,0.4535,1,[!]見送り推奨（主役決まり手「まくり差し」― 逃げ劣勢レースで的中実績なし）,荒れ広め,D
2025-11-11,丸亀,11,2,森高一真,A1,25.71,2,,11.7697,37.1,100,100,0.1363,2.9688,,,0,低,28,0,-,3 6 51,0,29.3,0.8997,0,0.25,0,0,0,0,0.1667,0.3333,,,E,△,,0.1964,0.685,,0.5701,S,90,0,◎1着固定 2-3着流し（5〜8点）,0.5777,"{'is_target': True, 'verdict': '参加推奨', 'max_combo_prob': 0.0503, 'est_top_odds': 26.5, 'circle_concentration': 58.1, 'eligible_count': 6, 'bet_adj': 2, 'reason': 'rel_win1=48.7%（本命度） / 最有力組み合わせ確率: 0.050（推定実オッズ?26倍） / 2着集中度: 上位2艇 58.1%（補正+0.00） / 総合判定確率: 0.050 / → ヒモ分散。1号艇1着固定で広めのヒモ流し推奨（買い目+2点）', 'tenji_trigger': '展示確認: ヒモ分散レース。1号艇伸び確認後、広めのヒモ流しを採用。穴ヒモ（5・6号艇）を積極的に含める。\n展示で1号艇スタート超安定(0.120秒)→ヒモ固まり方向に注意'}",,,31.7,逃げ狙い,40.29,19.6,3,,,,,,,,,,,
2025-11-11,丸亀,11,3,上條暢嵩,A1,30.30,3,△,15.0089,21.1,73,93.3,0.1453,3.4333,,,0,低,12,0,差ま1%,3 451,0,85.1,1.6767,0,0,0,0.8,0,,,,,◎,D,○,,0.3702,0.7115,,0.5701,S,90,0,◎1着固定 2-3着流し（5〜8点）,0.5777,"{'is_target': True, 'verdict': '参加推奨', 'max_combo_prob': 0.0503, 'est_top_odds': 26.5, 'circle_concentration': 58.1, 'eligible_count': 6, 'bet_adj': 2, 'reason': 'rel_win1=48.7%（本命度） / 最有力組み合わせ確率: 0.050（推定実オッズ?26倍） / 2着集中度: 上位2艇 58.1%（補正+0.00） / 総合判定確率: 0.050 / → ヒモ分散。1号艇1着固定で広めのヒモ流し推奨（買い目+2点）', 'tenji_trigger': '展示確認: ヒモ分散レース。1号艇伸び確認後、広めのヒモ流しを採用。穴ヒモ（5・6号艇）を積極的に含める。\n展示で1号艇スタート超安定(0.120秒)→ヒモ固まり方向に注意'}",,,31.7,逃げ狙い,40.29,19.6,3,,,,,,,,,,,
2025-11-11,丸亀,11,4,中村日向,A1,40.91,4,○,15.5101,20.1,77,79.3,0.1483,2.8103,,,0,低,40,0,差0% ま0% 差ま0% 抜0%,116 1,0,85.1,1.7417,0,0.0909,0.0909,0.2727,0.1818,0.1538,0.0769,0,,,B,△,◎,0.205,0.645,0.6386,0.5701,S,90,0,◎1着固定 2-3着流し（5〜8点）,0.5777,"{'is_target': True, 'verdict': '参加推奨', 'max_combo_prob': 0.0503, 'est_top_odds': 26.5, 'circle_concentration': 58.1, 'eligible_count': 6, 'bet_adj': 2, 'reason': 'rel_win1=48.7%（本命度） / 最有力組み合わせ確率: 0.050（推定実オッズ?26倍） / 2着集中度: 上位2艇 58.1%（補正+0.00） / 総合判定確率: 0.050 / → ヒモ分散。1号艇1着固定で広めのヒモ流し推奨（買い目+2点）', 'tenji_trigger': '展示確認: ヒモ分散レース。1号艇伸び確認後、広めのヒモ流しを採用。穴ヒモ（5・6号艇）を積極的に含める。\n展示で1号艇スタート超安定(0.120秒)→ヒモ固まり方向に注意'}",,,31.7,逃げ狙い,40.29,19.6,3,,,,,,,,,,,
2025-11-11,丸亀,11,5,濱崎直矢,A1,50.00,5,▲,7.7714,19.6,71,61.4,0.1598,2.9561,,,0,低,95,0,ま0% 差ま0% 抜0%,312 24,0,71.5,1.7407,0,0,0.0588,0.0588,0.0588,0.0148,0.1444,0.1148,,,A,,○,0.1621,0.632,0.3929,0.5701,S,90,0,◎1着固定 2-3着流し（5〜8点）,0.5777,"{'is_target': True, 'verdict': '参加推奨', 'max_combo_prob': 0.0503, 'est_top_odds': 26.5, 'circle_concentration': 58.1, 'eligible_count': 6, 'bet_adj': 2, 'reason': 'rel_win1=48.7%（本命度） / 最有力組み合わせ確率: 0.050（推定実オッズ?26倍） / 2着集中度: 上位2艇 58.1%（補正+0.00） / 総合判定確率: 0.050 / → ヒモ分散。1号艇1着固定で広めのヒモ流し推奨（買い目+2点）', 'tenji_trigger': '展示確認: ヒモ分散レース。1号艇伸び確認後、広めのヒモ流しを採用。穴ヒモ（5・6号艇）を積極的に含める。\n展示で1号艇スタート超安定(0.120秒)→ヒモ固まり方向に注意'}",,,31.7,逃げ狙い,40.29,19.6,3,,,,,,,,,,,
2025-11-11,丸亀,11,6,馬場貴也,A1,40.00,6,,1.2605,2.2,55,71.4,0.2257,4,,,0,低,17,1,差ま0%,361 4,0,100,2.6147,0,0,0,0.0333,0,0.0833,0.1667,0,,,C,,,0.1059,0.606,,0.5701,S,90,0,◎1着固定 2-3着流し（5〜8点）,0.5777,"{'is_target': True, 'verdict': '参加推奨', 'max_combo_prob': 0.0503, 'est_top_odds': 26.5, 'circle_concentration': 58.1, 'eligible_count': 6, 'bet_adj': 2, 'reason': 'rel_win1=48.7%（本命度） / 最有力組み合わせ確率: 0.050（推定実オッズ?26倍） / 2着集中度: 上位2艇 58.1%（補正+0.00） / 総合判定確率: 0.050 / → ヒモ分散。1号艇1着固定で広めのヒモ流し推奨（買い目+2点）', 'tenji_trigger': '展示確認: ヒモ分散レース。1号艇伸び確認後、広めのヒモ流しを採用。穴ヒモ（5・6号艇）を積極的に含める。\n展示で1号艇スタート超安定(0.120秒)→ヒモ固まり方向に注意'}",,,31.7,逃げ狙い,40.29,19.6,3,,,,,,,,,,,
2025-11-11,丸亀,12,1,柳生泰二,A1,57.89,1,◎,54.6298,,0,96.8,0.1435,2.7857,,,0,低,43,0,-,5 223,0,63.9,1.0251,0.8148,,,,,0.1444,0.1148,0,◎,,A,△,,,0.687,,0.5388,A,74,0,◎-○軸 3着3〜4艇流し（10〜15点）,0.5777,"{'is_target': True, 'verdict': '点数絞り', 'max_combo_prob': 0.0926, 'est_top_odds': 14.4, 'circle_concentration': 73.6, 'eligible_count': 8, 'bet_adj': 0, 'reason': 'rel_win1=54.6%（本命度） / 最有力組み合わせ確率: 0.093（推定実オッズ?14倍） / 2着集中度: 上位2艇 73.6%（補正+0.04） / 総合判定確率: 0.133 / → ヒモはやや固め。上位2艇以外を切ること', 'tenji_trigger': '展示確認: 1号艇伸び良→そのまま採用。悪→飛び組に差し替え。circle_pct上位2艇に絞り込むこと。'}",,,35.6,逃げ狙い,43.9,27.7,3,,,,,0,0,0.7559,0,,逃げ軸流し,A
2025-11-11,丸亀,12,2,近江翔吾,A1,54.76,2,○,11.415,48.2,44,80.6,0.1244,2.5833,,,0,低,52,0,差0%,1 465,0,27,0.8217,0,0.2222,0,0,0,0.0811,0.0541,0.027,,◎,A,,,0.5435,0.6415,,0.5388,A,74,0,◎-○軸 3着3〜4艇流し（10〜15点）,0.5777,"{'is_target': True, 'verdict': '点数絞り', 'max_combo_prob': 0.0926, 'est_top_odds': 14.4, 'circle_concentration': 73.6, 'eligible_count': 8, 'bet_adj': 0, 'reason': 'rel_win1=54.6%（本命度） / 最有力組み合わせ確率: 0.093（推定実オッズ?14倍） / 2着集中度: 上位2艇 73.6%（補正+0.04） / 総合判定確率: 0.133 / → ヒモはやや固め。上位2艇以外を切ること', 'tenji_trigger': '展示確認: 1号艇伸び良→そのまま採用。悪→飛び組に差し替え。circle_pct上位2艇に絞り込むこと。'}",,,35.6,逃げ狙い,43.9,27.7,3,,,,,,,,,,,
2025-11-11,丸亀,12,3,関　浩哉,A1,35.00,3,,12.5676,13.8,70,85.7,0.1764,3.5714,,,0,低,34,1,ま0% 差ま0%,235 43,0,59.1,1.4915,0,0,0.3333,0.3333,0,,,,,,D,,,0.2213,0.6435,,0.5388,A,74,0,◎-○軸 3着3〜4艇流し（10〜15点）,0.5777,"{'is_target': True, 'verdict': '点数絞り', 'max_combo_prob': 0.0926, 'est_top_odds': 14.4, 'circle_concentration': 73.6, 'eligible_count': 8, 'bet_adj': 0, 'reason': 'rel_win1=54.6%（本命度） / 最有力組み合わせ確率: 0.093（推定実オッズ?14倍） / 2着集中度: 上位2艇 73.6%（補正+0.04） / 総合判定確率: 0.133 / → ヒモはやや固め。上位2艇以外を切ること', 'tenji_trigger': '展示確認: 1号艇伸び良→そのまま採用。悪→飛び組に差し替え。circle_pct上位2艇に絞り込むこと。'}",,,35.6,逃げ狙い,43.9,27.7,3,,,,,,,,,,,
2025-11-11,丸亀,12,4,片岡雅裕,A1,28.26,4,△,9.9901,25.5,63,94.7,0.1032,1.8684,,,0,低,5,0,差0% 差ま0%,5 3 44,0,85.4,0.9285,0,0.1,0,0.2,0,0.0286,0,0.3571,,○,E,◎,◎,0.4641,0.8292,0.6395,0.5388,A,74,0,◎-○軸 3着3〜4艇流し（10〜15点）,0.5777,"{'is_target': True, 'verdict': '点数絞り', 'max_combo_prob': 0.0926, 'est_top_odds': 14.4, 'circle_concentration': 73.6, 'eligible_count': 8, 'bet_adj': 0, 'reason': 'rel_win1=54.6%（本命度） / 最有力組み合わせ確率: 0.093（推定実オッズ?14倍） / 2着集中度: 上位2艇 73.6%（補正+0.04） / 総合判定確率: 0.133 / → ヒモはやや固め。上位2艇以外を切ること', 'tenji_trigger': '展示確認: 1号艇伸び良→そのまま採用。悪→飛び組に差し替え。circle_pct上位2艇に絞り込むこと。'}",,,35.6,逃げ狙い,43.9,27.7,3,,,,,,,,,,,
2025-11-11,丸亀,12,5,前田将太,A1,38.46,5,▲,10.1735,11.2,51,69,0.1228,2.6897,,,0,低,42,0,ま0% 差ま0%,525 34,0,99.8,1.9743,0,0,0.0909,0.0909,0,0.0476,0.0952,0.0476,,,C,○,○,0.3695,0.6935,0.4111,0.5388,A,74,0,◎-○軸 3着3〜4艇流し（10〜15点）,0.5777,"{'is_target': True, 'verdict': '点数絞り', 'max_combo_prob': 0.0926, 'est_top_odds': 14.4, 'circle_concentration': 73.6, 'eligible_count': 8, 'bet_adj': 0, 'reason': 'rel_win1=54.6%（本命度） / 最有力組み合わせ確率: 0.093（推定実オッズ?14倍） / 2着集中度: 上位2艇 73.6%（補正+0.04） / 総合判定確率: 0.133 / → ヒモはやや固め。上位2艇以外を切ること', 'tenji_trigger': '展示確認: 1号艇伸び良→そのまま採用。悪→飛び組に差し替え。circle_pct上位2艇に絞り込むこと。'}",,,35.6,逃げ狙い,43.9,27.7,3,,,,,,,,,,,
2025-11-11,丸亀,12,6,寺田　祥,A1,26.67,6,,1.2239,1.4,100,50,0.189,4.05,,,0,低,38,1,-,4 323,0,36,1.8725,,,,,,0.0182,0.1212,0.0545,,,E,△,,0.1659,0.6605,,0.5388,A,74,0,◎-○軸 3着3〜4艇流し（10〜15点）,0.5777,"{'is_target': True, 'verdict': '点数絞り', 'max_combo_prob': 0.0926, 'est_top_odds': 14.4, 'circle_concentration': 73.6, 'eligible_count': 8, 'bet_adj': 0, 'reason': 'rel_win1=54.6%（本命度） / 最有力組み合わせ確率: 0.093（推定実オッズ?14倍） / 2着集中度: 上位2艇 73.6%（補正+0.04） / 総合判定確率: 0.133 / → ヒモはやや固め。上位2艇以外を切ること', 'tenji_trigger': '展示確認: 1号艇伸び良→そのまま採用。悪→飛び組に差し替え。circle_pct上位2艇に絞り込むこと。'}",,,35.6,逃げ狙い,43.9,27.7,3,,,,,,,,,,,
2025-11-12,丸亀,1,1,赤岩善生,A1,43.90,1,◎,54.7843,,0,97.4,0.1206,2.5714,,,0,低,38,0,逃1%,223 2,0,74.5,1.2171,0.6857,,,,,0.0229,0.1207,0.0571,◎,,A,◎,,,0.691,,0.6477,S,96,0,◎1着固定 2-3着流し（5〜8点）,0.5777,"{'is_target': True, 'verdict': '参加推奨', 'max_combo_prob': 0.1038, 'est_top_odds': 12.8, 'circle_concentration': 64.6, 'eligible_count': 6, 'bet_adj': 2, 'reason': 'rel_win1=54.8%（本命度） / 最有力組み合わせ確率: 0.104（推定実オッズ?13倍） / 2着集中度: 上位2艇 64.6%（補正+0.00） / 総合判定確率: 0.104 / → ヒモ分散。1号艇1着固定で広めのヒモ流し推奨（買い目+2点）', 'tenji_trigger': '展示確認: ヒモ分散レース。1号艇伸び確認後、広めのヒモ流しを採用。穴ヒモ（5・6号艇）を積極的に含める。\n展示で1号艇スタート超安定(0.121秒)→ヒモ固まり方向に注意'}",,,28,逃げ狙い,21.88,24.9,3,,,,,0,0,0.7559,0,,逃げ軸流し,A
2025-11-12,丸亀,1,2,杉山正樹,A1,28.89,2,,12.8595,45.3,79,85.4,0.171,3.9756,,,0,低,101,0,差0% ま0%,3 614,0,100,1.3374,0,0.0667,0.1333,0,0,0,0.0476,0.0476,,,D,△,,0.0761,0.667,,0.6477,S,96,0,◎1着固定 2-3着流し（5〜8点）,0.5777,"{'is_target': True, 'verdict': '参加推奨', 'max_combo_prob': 0.1038, 'est_top_odds': 12.8, 'circle_concentration': 64.6, 'eligible_count': 6, 'bet_adj': 2, 'reason': 'rel_win1=54.8%（本命度） / 最有力組み合わせ確率: 0.104（推定実オッズ?13倍） / 2着集中度: 上位2艇 64.6%（補正+0.00） / 総合判定確率: 0.104 / → ヒモ分散。1号艇1着固定で広めのヒモ流し推奨（買い目+2点）', 'tenji_trigger': '展示確認: ヒモ分散レース。1号艇伸び確認後、広めのヒモ流しを採用。穴ヒモ（5・6号艇）を積極的に含める。\n展示で1号艇スタート超安定(0.121秒)→ヒモ固まり方向に注意'}",,,28,逃げ狙い,21.88,24.9,3,,,,,,,,,,,
2025-11-12,丸亀,1,3,浜先真範,A1,36.36,3,○,14.4096,19.3,75,70.5,0.1409,2.6477,,,0,低,66,0,ま0% 差ま0%,462 6,0,39.8,1.3765,0,0,0.1,0.2,0,0.01,0.02,0.02,,,B,,,0.2399,0.647,,0.6477,S,96,0,◎1着固定 2-3着流し（5〜8点）,0.5777,"{'is_target': True, 'verdict': '参加推奨', 'max_combo_prob': 0.1038, 'est_top_odds': 12.8, 'circle_concentration': 64.6, 'eligible_count': 6, 'bet_adj': 2, 'reason': 'rel_win1=54.8%（本命度） / 最有力組み合わせ確率: 0.104（推定実オッズ?13倍） / 2着集中度: 上位2艇 64.6%（補正+0.00） / 総合判定確率: 0.104 / → ヒモ分散。1号艇1着固定で広めのヒモ流し推奨（買い目+2点）', 'tenji_trigger': '展示確認: ヒモ分散レース。1号艇伸び確認後、広めのヒモ流しを採用。穴ヒモ（5・6号艇）を積極的に含める。\n展示で1号艇スタート超安定(0.121秒)→ヒモ固まり方向に注意'}",,,28,逃げ狙い,21.88,24.9,3,,,,,,,,,,,
2025-11-12,丸亀,1,4,井上忠政,A1,32.56,4,▲,12.1935,19,100,85.7,0.1468,3.375,,,0,低,51,0,差0% ま0%,1 552,0,77.1,1.6987,0,0.0833,0.0833,0,0,0,0,0.125,,,C,○,◎,0.2122,0.6805,0.4249,0.6477,S,96,0,◎1着固定 2-3着流し（5〜8点）,0.5777,"{'is_target': True, 'verdict': '参加推奨', 'max_combo_prob': 0.1038, 'est_top_odds': 12.8, 'circle_concentration': 64.6, 'eligible_count': 6, 'bet_adj': 2, 'reason': 'rel_win1=54.8%（本命度） / 最有力組み合わせ確率: 0.104（推定実オッズ?13倍） / 2着集中度: 上位2艇 64.6%（補正+0.00） / 総合判定確率: 0.104 / → ヒモ分散。1号艇1着固定で広めのヒモ流し推奨（買い目+2点）', 'tenji_trigger': '展示確認: ヒモ分散レース。1号艇伸び確認後、広めのヒモ流しを採用。穴ヒモ（5・6号艇）を積極的に含める。\n展示で1号艇スタート超安定(0.121秒)→ヒモ固まり方向に注意'}",,,28,逃げ狙い,21.88,24.9,3,,,,,,,,,,,
2025-11-12,丸亀,1,5,中村晃朋,A1,29.73,5,△,4.2955,13.5,24,34.2,0.1432,3.4474,,,0,低,56,0,-,5 4 26,0,42.7,2.8457,0,0,0,0.0909,0,0.1745,0,0.1564,,,D,△,,0.2404,0.678,,0.6477,S,96,0,◎1着固定 2-3着流し（5〜8点）,0.5777,"{'is_target': True, 'verdict': '参加推奨', 'max_combo_prob': 0.1038, 'est_top_odds': 12.8, 'circle_concentration': 64.6, 'eligible_count': 6, 'bet_adj': 2, 'reason': 'rel_win1=54.8%（本命度） / 最有力組み合わせ確率: 0.104（推定実オッズ?13倍） / 2着集中度: 上位2艇 64.6%（補正+0.00） / 総合判定確率: 0.104 / → ヒモ分散。1号艇1着固定で広めのヒモ流し推奨（買い目+2点）', 'tenji_trigger': '展示確認: ヒモ分散レース。1号艇伸び確認後、広めのヒモ流しを採用。穴ヒモ（5・6号艇）を積極的に含める。\n展示で1号艇スタート超安定(0.121秒)→ヒモ固まり方向に注意'}",,,28,逃げ狙い,21.88,24.9,3,,,,,,,,,,,
2025-11-12,丸亀,1,6,土屋智則,A1,31.82,6,,1.4575,2.9,40,87.5,0.1875,4.5,,,0,低,34,1,-,4 333,0,100,3.16,,,,,,0.1235,0.1235,0.1471,,,D,,,0.1553,0.627,,0.6477,S,96,0,◎1着固定 2-3着流し（5〜8点）,0.5777,"{'is_target': True, 'verdict': '参加推奨', 'max_combo_prob': 0.1038, 'est_top_odds': 12.8, 'circle_concentration': 64.6, 'eligible_count': 6, 'bet_adj': 2, 'reason': 'rel_win1=54.8%（本命度） / 最有力組み合わせ確率: 0.104（推定実オッズ?13倍） / 2着集中度: 上位2艇 64.6%（補正+0.00） / 総合判定確率: 0.104 / → ヒモ分散。1号艇1着固定で広めのヒモ流し推奨（買い目+2点）', 'tenji_trigger': '展示確認: ヒモ分散レース。1号艇伸び確認後、広めのヒモ流しを採用。穴ヒモ（5・6号艇）を積極的に含める。\n展示で1号艇スタート超安定(0.121秒)→ヒモ固まり方向に注意'}",,,28,逃げ狙い,21.88,24.9,3,,,,,,,,,,,
2025-11-12,丸亀,2,1,中村日向,A1,40.91,1,◎,44.66,,0,91.4,0.1454,2.5714,,,0,低,40,0,逃0%,116 1,0,41.2,0.9451,0.7692,,,,,0.1538,0.0769,0,◎,,C,,,,0.645,,0.6012,S,89,0,◎1着固定 2-3着流し（5〜8点）,0.5777,"{'is_target': False, 'verdict': '対象外', 'max_combo_prob': None, 'est_top_odds': None, 'circle_concentration': None, 'eligible_count': 0, 'bet_adj': 0, 'reason': '1号艇rel_win1 < 45%: 通常判定に委ねる', 'tenji_trigger': ''}",,,32.5,逃げ狙い,34.32,27.1,2,,,,,0,0,0.7559,0,,逃げ軸流し,A
2025-11-12,丸亀,2,2,松井　繁,A1,43.90,2,,12.4656,28.5,87,84.6,0.1754,4,,,0,低,24,1,差1%,1 541,0,39.9,1.3216,0,0.5714,0,0,0,0.0714,0.2143,0,,,C,△,,0.1889,0.6505,,0.6012,S,89,0,◎1着固定 2-3着流し（5〜8点）,0.5777,"{'is_target': False, 'verdict': '対象外', 'max_combo_prob': None, 'est_top_odds': None, 'circle_concentration': None, 'eligible_count': 0, 'bet_adj': 0, 'reason': '1号艇rel_win1 < 45%: 通常判定に委ねる', 'tenji_trigger': ''}",,,32.5,逃げ狙い,34.32,27.1,2,,,,,,,,,,,
2025-11-12,丸亀,2,3,小坂尚哉,A1,38.78,3,△,15.25,32.7,100,79.3,0.1284,2.4224,,,0,低,81,0,差0% ま0% 抜0%,326 1,0,49.8,1.5081,0,0.0455,0.1364,0,0.0909,0.0488,0.0488,0.0976,,○,D,△,,0.3705,0.657,,0.6012,S,89,0,◎1着固定 2-3着流し（5〜8点）,0.5777,"{'is_target': False, 'verdict': '対象外', 'max_combo_prob': None, 'est_top_odds': None, 'circle_concentration': None, 'eligible_count': 0, 'bet_adj': 0, 'reason': '1号艇rel_win1 < 45%: 通常判定に委ねる', 'tenji_trigger': ''}",,,32.5,逃げ狙い,34.32,27.1,2,,,,,,,,,,,
2025-11-12,丸亀,2,4,入海　馨,A1,45.45,4,○,14.213,22.1,95,77.8,0.1319,2.8704,,,0,低,69,0,ま0% 差ま0% 抜0%,2 6 26,0,74.5,1.6677,0,0,0.1818,0.0909,0.0909,0,0,0,,,B,,◎,0.3808,0.6215,0.4052,0.6012,S,89,0,◎1着固定 2-3着流し（5〜8点）,0.5777,"{'is_target': False, 'verdict': '対象外', 'max_combo_prob': None, 'est_top_odds': None, 'circle_concentration': None, 'eligible_count': 0, 'bet_adj': 0, 'reason': '1号艇rel_win1 < 45%: 通常判定に委ねる', 'tenji_trigger': ''}",,,32.5,逃げ狙い,34.32,27.1,2,,,,,,,,,,,
2025-11-12,丸亀,2,5,木下翔太,A1,27.91,5,,11.4864,8.5,93,59.5,0.1573,3.3108,,,0,低,63,0,差ま1%,5 2 63,0,100,2.0548,0,0,0,0.1875,0,0.0148,0.1148,0.1148,,,E,◎,○,0.2768,0.688,0.2898,0.6012,S,89,0,◎1着固定 2-3着流し（5〜8点）,0.5777,"{'is_target': False, 'verdict': '対象外', 'max_combo_prob': None, 'est_top_odds': None, 'circle_concentration': None, 'eligible_count': 0, 'bet_adj': 0, 'reason': '1号艇rel_win1 < 45%: 通常判定に委ねる', 'tenji_trigger': ''}",,,32.5,逃げ狙い,34.32,27.1,2,,,,,,,,,,,
2025-11-12,丸亀,2,6,柳生泰二,A1,57.89,6,▲,1.925,8.2,85,53.8,0.139,2.8205,,,0,低,43,0,-,5 223,0,91.7,2.0314,,,,,,0.1444,0.1148,0,,,A,○,,0.3295,0.687,,0.6012,S,89,0,◎1着固定 2-3着流し（5〜8点）,0.5777,"{'is_target': False, 'verdict': '対象外', 'max_combo_prob': None, 'est_top_odds': None, 'circle_concentration': None, 'eligible_count': 0, 'bet_adj': 0, 'reason': '1号艇rel_win1 < 45%: 通常判定に委ねる', 'tenji_trigger': ''}",,,32.5,逃げ狙い,34.32,27.1,2,,,,,,,,,,,
2025-11-12,丸亀,3,1,西岡顕心,A1,43.90,1,◎,45.4758,,0,88.2,0.1341,3.1471,,,0,低,55,0,逃1%,3 235,0,50.2,0.9199,0.8571,,,,,0,0.0714,0,◎,,A,,,,0.6245,,0.5468,A,69,0,◎-○軸 3着3〜4艇流し（10〜15点）,0.5777,"{'is_target': True, 'verdict': '参加推奨', 'max_combo_prob': 0.042, 'est_top_odds': 31.7, 'circle_concentration': 54.7, 'eligible_count': 8, 'bet_adj': 2, 'reason': 'rel_win1=45.5%（本命度） / 最有力組み合わせ確率: 0.042（推定実オッズ?32倍） / 2着集中度: 上位2艇 54.7%（補正-0.04） / 総合判定確率: 0.002 / → ヒモ分散。1号艇1着固定で広めのヒモ流し推奨（買い目+2点）', 'tenji_trigger': '展示確認: ヒモ分散レース。1号艇伸び確認後、広めのヒモ流しを採用。穴ヒモ（5・6号艇）を積極的に含める。\n展示で1号艇スタート超安定(0.134秒)→ヒモ固まり方向に注意'}",,,30.7,逃げ狙い,33.02,22.9,2,,,,,0,0,0.7559,0,,逃げ軸流し,A
2025-11-12,丸亀,3,2,栗城　匠,A1,40.48,2,▲,20.2862,27.2,64,62.9,0.1754,3.4714,,,0,低,83,0,差0% ま0%,6 166,0,33.8,1.1103,0,0.1333,0.1333,0,0,0,0.2404,0.1409,,,C,,,0.0825,0.623,,0.5468,A,69,0,◎-○軸 3着3〜4艇流し（10〜15点）,0.5777,"{'is_target': True, 'verdict': '参加推奨', 'max_combo_prob': 0.042, 'est_top_odds': 31.7, 'circle_concentration': 54.7, 'eligible_count': 8, 'bet_adj': 2, 'reason': 'rel_win1=45.5%（本命度） / 最有力組み合わせ確率: 0.042（推定実オッズ?32倍） / 2着集中度: 上位2艇 54.7%（補正-0.04） / 総合判定確率: 0.002 / → ヒモ分散。1号艇1着固定で広めのヒモ流し推奨（買い目+2点）', 'tenji_trigger': '展示確認: ヒモ分散レース。1号艇伸び確認後、広めのヒモ流しを採用。穴ヒモ（5・6号艇）を積極的に含める。\n展示で1号艇スタート超安定(0.134秒)→ヒモ固まり方向に注意'}",,,30.7,逃げ狙い,33.02,22.9,2,,,,,,,,,,,
2025-11-12,丸亀,3,3,磯部　誠,A1,28.21,3,,10.2023,22.4,69,64.3,0.1464,2.5357,,,0,低,9,1,ま0%,2 413,0,84.4,1.1444,0,0,0.1667,0,0,,,,,,E,◎,,0.2527,0.715,,0.5468,A,69,0,◎-○軸 3着3〜4艇流し（10〜15点）,0.5777,"{'is_target': True, 'verdict': '参加推奨', 'max_combo_prob': 0.042, 'est_top_odds': 31.7, 'circle_concentration': 54.7, 'eligible_count': 8, 'bet_adj': 2, 'reason': 'rel_win1=45.5%（本命度） / 最有力組み合わせ確率: 0.042（推定実オッズ?32倍） / 2着集中度: 上位2艇 54.7%（補正-0.04） / 総合判定確率: 0.002 / → ヒモ分散。1号艇1着固定で広めのヒモ流し推奨（買い目+2点）', 'tenji_trigger': '展示確認: ヒモ分散レース。1号艇伸び確認後、広めのヒモ流しを採用。穴ヒモ（5・6号艇）を積極的に含める。\n展示で1号艇スタート超安定(0.134秒)→ヒモ固まり方向に注意'}",,,30.7,逃げ狙い,33.02,22.9,2,,,,,,,,,,,
2025-11-12,丸亀,3,4,藤原啓史,A1,35.48,4,○,12.4342,27.4,100,83.8,0.1265,2.7027,,,0,低,29,0,ま0% 差ま0%,144 35,0,85.5,1.6598,0,0,0.2353,0.0588,0,0.0167,0,0.2333,,,C,○,◎,0.3707,0.685,0.4763,0.5468,A,69,0,◎-○軸 3着3〜4艇流し（10〜15点）,0.5777,"{'is_target': True, 'verdict': '参加推奨', 'max_combo_prob': 0.042, 'est_top_odds': 31.7, 'circle_concentration': 54.7, 'eligible_count': 8, 'bet_adj': 2, 'reason': 'rel_win1=45.5%（本命度） / 最有力組み合わせ確率: 0.042（推定実オッズ?32倍） / 2着集中度: 上位2艇 54.7%（補正-0.04） / 総合判定確率: 0.002 / → ヒモ分散。1号艇1着固定で広めのヒモ流し推奨（買い目+2点）', 'tenji_trigger': '展示確認: ヒモ分散レース。1号艇伸び確認後、広めのヒモ流しを採用。穴ヒモ（5・6号艇）を積極的に含める。\n展示で1号艇スタート超安定(0.134秒)→ヒモ固まり方向に注意'}",,,30.7,逃げ狙い,33.02,22.9,2,,,,,,,,,,,
2025-11-12,丸亀,3,5,仲谷颯仁,A1,33.33,5,,9.1949,14,93,61.8,0.1632,3.1176,,,0,低,60,0,抜0%,251 11,0,94.2,1.7669,0,0,0,0,0.1,0,0.1818,0.2727,,,D,△,○,0.2134,0.6445,0.2193,0.5468,A,69,0,◎-○軸 3着3〜4艇流し（10〜15点）,0.5777,"{'is_target': True, 'verdict': '参加推奨', 'max_combo_prob': 0.042, 'est_top_odds': 31.7, 'circle_concentration': 54.7, 'eligible_count': 8, 'bet_adj': 2, 'reason': 'rel_win1=45.5%（本命度） / 最有力組み合わせ確率: 0.042（推定実オッズ?32倍） / 2着集中度: 上位2艇 54.7%（補正-0.04） / 総合判定確率: 0.002 / → ヒモ分散。1号艇1着固定で広めのヒモ流し推奨（買い目+2点）', 'tenji_trigger': '展示確認: ヒモ分散レース。1号艇伸び確認後、広めのヒモ流しを採用。穴ヒモ（5・6号艇）を積極的に含める。\n展示で1号艇スタート超安定(0.134秒)→ヒモ固まり方向に注意'}",,,30.7,逃げ狙い,33.02,22.9,2,,,,,,,,,,,
2025-11-12,丸亀,3,6,山田康二,A1,42.86,6,△,2.4067,8.9,50,47.4,0.1674,3.3947,,,0,低,35,0,差ま0%,551 22,0,34,1.7756,0,0,0,0.0435,0,0.0211,0.1211,0.1632,,,B,△,,0.1754,0.6765,,0.5468,A,69,0,◎-○軸 3着3〜4艇流し（10〜15点）,0.5777,"{'is_target': True, 'verdict': '参加推奨', 'max_combo_prob': 0.042, 'est_top_odds': 31.7, 'circle_concentration': 54.7, 'eligible_count': 8, 'bet_adj': 2, 'reason': 'rel_win1=45.5%（本命度） / 最有力組み合わせ確率: 0.042（推定実オッズ?32倍） / 2着集中度: 上位2艇 54.7%（補正-0.04） / 総合判定確率: 0.002 / → ヒモ分散。1号艇1着固定で広めのヒモ流し推奨（買い目+2点）', 'tenji_trigger': '展示確認: ヒモ分散レース。1号艇伸び確認後、広めのヒモ流しを採用。穴ヒモ（5・6号艇）を積極的に含める。\n展示で1号艇スタート超安定(0.134秒)→ヒモ固まり方向に注意'}",,,30.7,逃げ狙い,33.02,22.9,2,,,,,,,,,,,
2025-11-12,丸亀,4,1,寺田　祥,A1,26.67,1,◎,40.6306,,0,94.9,0.15,3.859,,,0,低,38,0,逃1%,4 323,0,65,1.1365,0.6364,,,,,0.0182,0.1212,0.0545,○,,D,△,,,0.6605,,0.3831,A,70,0,◎-○軸 3着3〜4艇流し（10〜15点）,0.5777,"{'is_target': False, 'verdict': '対象外', 'max_combo_prob': None, 'est_top_odds': None, 'circle_concentration': None, 'eligible_count': 0, 'bet_adj': 0, 'reason': '1号艇rel_win1 < 45%: 通常判定に委ねる', 'tenji_trigger': ''}",,,34.2,逃げ狙い,42.57,24.7,5,,,,,0,0,0.6155,0,,逃げ軸流し,A
2025-11-12,丸亀,4,2,青木玄太,A1,25.00,2,,15.7028,29.2,100,80,0.1713,3.9333,,,0,低,75,0,差0% ま0% 抜0%,5 2 54,0,39.5,1.2952,0,0.2222,0.0556,0,0.0556,0,0.0625,0.1875,,,E,,,0.1353,0.586,,0.3831,A,70,0,◎-○軸 3着3〜4艇流し（10〜15点）,0.5777,"{'is_target': False, 'verdict': '対象外', 'max_combo_prob': None, 'est_top_odds': None, 'circle_concentration': None, 'eligible_count': 0, 'bet_adj': 0, 'reason': '1号艇rel_win1 < 45%: 通常判定に委ねる', 'tenji_trigger': ''}",,,34.2,逃げ狙い,42.57,24.7,5,,,,,,,,,,,
2025-11-12,丸亀,4,3,濱崎直矢,A1,50.00,3,○,17.979,24.4,79,73.6,0.1075,1.9623,,,0,低,95,0,差0% ま0% 差ま0%,312 24,0,77.6,1.5087,0,0.0625,0.3125,0.0625,0,0.0148,0.1444,0.1148,,◎,A,,,0.5197,0.632,,0.3831,A,70,0,◎-○軸 3着3〜4艇流し（10〜15点）,0.5777,"{'is_target': False, 'verdict': '対象外', 'max_combo_prob': None, 'est_top_odds': None, 'circle_concentration': None, 'eligible_count': 0, 'bet_adj': 0, 'reason': '1号艇rel_win1 < 45%: 通常判定に委ねる', 'tenji_trigger': ''}",,,34.2,逃げ狙い,42.57,24.7,5,,,,,,,,,,,
2025-11-12,丸亀,4,4,前田将太,A1,38.46,4,▲,13.5137,21.2,75,73.9,0.1465,2.7174,,,0,低,42,0,差ま0%,525 34,0,66.9,1.5702,0,0,0,0.2,0,0.0476,0.0952,0.0476,,,B,△,○,0.3308,0.6935,0.3365,0.3831,A,70,0,◎-○軸 3着3〜4艇流し（10〜15点）,0.5777,"{'is_target': False, 'verdict': '対象外', 'max_combo_prob': None, 'est_top_odds': None, 'circle_concentration': None, 'eligible_count': 0, 'bet_adj': 0, 'reason': '1号艇rel_win1 < 45%: 通常判定に委ねる', 'tenji_trigger': ''}",,,34.2,逃げ狙い,42.57,24.7,5,,,,,,,,,,,
2025-11-12,丸亀,4,5,上條暢嵩,A1,30.30,5,△,9.0456,20.5,45,76.9,0.1262,2.1154,,,0,低,12,1,ま0% 差ま0% 抜0%,3 451,0,100,2.095,0,0,0.1667,0.1667,0.1667,,,,,○,C,◎,◎,0.4076,0.7115,0.4274,0.3831,A,70,0,◎-○軸 3着3〜4艇流し（10〜15点）,0.5777,"{'is_target': False, 'verdict': '対象外', 'max_combo_prob': None, 'est_top_odds': None, 'circle_concentration': None, 'eligible_count': 0, 'bet_adj': 0, 'reason': '1号艇rel_win1 < 45%: 通常判定に委ねる', 'tenji_trigger': ''}",,,34.2,逃げ狙い,42.57,24.7,5,,,,,,,,,,,
2025-11-12,丸亀,4,6,永井彪也,A1,27.78,6,,3.1282,4.7,55,48.5,0.13,2.697,,,0,低,28,0,差0%,565 2,0,50.6,1.8358,0,0.125,0,0,0,0,0,0.2762,,,D,○,,0.3582,0.7025,,0.3831,A,70,0,◎-○軸 3着3〜4艇流し（10〜15点）,0.5777,"{'is_target': False, 'verdict': '対象外', 'max_combo_prob': None, 'est_top_odds': None, 'circle_concentration': None, 'eligible_count': 0, 'bet_adj': 0, 'reason': '1号艇rel_win1 < 45%: 通常判定に委ねる', 'tenji_trigger': ''}",,,34.2,逃げ狙い,42.57,24.7,5,,,,,,,,,,,
2025-11-12,丸亀,5,1,柳沢　一,A1,54.76,1,◎,44.6473,,0,88.8,0.1227,2.3062,,,0,低,43,0,逃1%,2 5 23,0,51.3,0.9225,0.7027,,,,,0.0432,0.1074,0.1074,◎,,A,○,,,0.698,,0.5923,A,68,0,◎-○軸 3着3〜4艇流し（10〜15点）,0.5777,"{'is_target': False, 'verdict': '対象外', 'max_combo_prob': None, 'est_top_odds': None, 'circle_concentration': None, 'eligible_count': 0, 'bet_adj': 0, 'reason': '1号艇rel_win1 < 45%: 通常判定に委ねる', 'tenji_trigger': ''}",,,30.9,逃げ狙い,30.39,25.8,4,,,,,0,0,0.7559,0,,逃げ軸流し,A
2025-11-12,丸亀,5,2,須藤博倫,A1,37.50,2,△,13.6363,41.9,57,81.8,0.143,2.8636,,,0,低,54,0,差0% ま0%,4 344,0,54.7,1.2962,0,0.1333,0.1333,0,0,0.1171,0.0421,0.0421,,,C,,,0.136,0.6375,,0.5923,A,68,0,◎-○軸 3着3〜4艇流し（10〜15点）,0.5777,"{'is_target': False, 'verdict': '対象外', 'max_combo_prob': None, 'est_top_odds': None, 'circle_concentration': None, 'eligible_count': 0, 'bet_adj': 0, 'reason': '1号艇rel_win1 < 45%: 通常判定に委ねる', 'tenji_trigger': ''}",,,30.9,逃げ狙い,30.39,25.8,4,,,,,,,,,,,
2025-11-12,丸亀,5,3,近江翔吾,A1,54.76,3,▲,14.679,22.9,86,76.1,0.1315,2.5,,,0,低,52,0,ま0% 差ま0%,1 465,0,30.8,1.0265,0,0,0.0909,0.0909,0.0455,0.0811,0.0541,0.027,,,A,,,0.2702,0.6415,,0.5923,A,68,0,◎-○軸 3着3〜4艇流し（10〜15点）,0.5777,"{'is_target': False, 'verdict': '対象外', 'max_combo_prob': None, 'est_top_odds': None, 'circle_concentration': None, 'eligible_count': 0, 'bet_adj': 0, 'reason': '1号艇rel_win1 < 45%: 通常判定に委ねる', 'tenji_trigger': ''}",,,30.9,逃げ狙い,30.39,25.8,4,,,,,,,,,,,
2025-11-12,丸亀,5,4,吉田裕平,A1,40.91,4,○,18.4282,16.3,100,92.6,0.1263,2.2593,,,0,低,29,0,ま0% 差ま0%,636 52,0,100,2.0223,0,0,0.25,0.25,0,0,0.1429,0,,,B,△,◎,0.368,0.6645,0.5847,0.5923,A,68,0,◎-○軸 3着3〜4艇流し（10〜15点）,0.5777,"{'is_target': False, 'verdict': '対象外', 'max_combo_prob': None, 'est_top_odds': None, 'circle_concentration': None, 'eligible_count': 0, 'bet_adj': 0, 'reason': '1号艇rel_win1 < 45%: 通常判定に委ねる', 'tenji_trigger': ''}",,,30.9,逃げ狙い,30.39,25.8,4,,,,,,,,,,,
2025-11-12,丸亀,5,5,西山貴浩,A1,28.57,5,,7.71,12.6,88,80,0.163,2.85,,,0,低,17,1,差ま0%,6 4 53,0,100,2.1055,0,0,0,0.0385,0,0,0.1429,0,,,E,◎,,0.1606,0.7,,0.5923,A,68,0,◎-○軸 3着3〜4艇流し（10〜15点）,0.5777,"{'is_target': False, 'verdict': '対象外', 'max_combo_prob': None, 'est_top_odds': None, 'circle_concentration': None, 'eligible_count': 0, 'bet_adj': 0, 'reason': '1号艇rel_win1 < 45%: 通常判定に委ねる', 'tenji_trigger': ''}",,,30.9,逃げ狙い,30.39,25.8,4,,,,,,,,,,,
2025-11-12,丸亀,5,6,椎名　豊,A1,31.91,6,,0.8993,6.3,43,52.2,0.1643,3.2391,,,0,低,42,0,-,4 636,0,87.6,1.9317,,,,,,0.1382,0,0.0364,,,D,△,,0.1975,0.664,,0.5923,A,68,0,◎-○軸 3着3〜4艇流し（10〜15点）,0.5777,"{'is_target': False, 'verdict': '対象外', 'max_combo_prob': None, 'est_top_odds': None, 'circle_concentration': None, 'eligible_count': 0, 'bet_adj': 0, 'reason': '1号艇rel_win1 < 45%: 通常判定に委ねる', 'tenji_trigger': ''}",,,30.9,逃げ狙い,30.39,25.8,4,,,,,,,,,,,
2025-11-12,丸亀,6,1,長田頼宗,A1,27.78,1,◎,46.2209,,0,97.3,0.1414,2.7027,,,0,低,43,0,逃1%,1 346,0,62,1.1829,0.9444,,,,,0,0,0,◎,,E,○,,,0.6725,,0.5891,A,77,0,◎-○軸 3着3〜4艇流し（10〜15点）,0.5777,"{'is_target': True, 'verdict': '参加推奨', 'max_combo_prob': 0.0512, 'est_top_odds': 26.1, 'circle_concentration': 64.7, 'eligible_count': 8, 'bet_adj': 2, 'reason': 'rel_win1=46.2%（本命度） / 最有力組み合わせ確率: 0.051（推定実オッズ?26倍） / 2着集中度: 上位2艇 64.7%（補正+0.00） / 総合判定確率: 0.051 / → ヒモ分散。1号艇1着固定で広めのヒモ流し推奨（買い目+2点）', 'tenji_trigger': '展示確認: ヒモ分散レース。1号艇伸び確認後、広めのヒモ流しを採用。穴ヒモ（5・6号艇）を積極的に含める。'}",,,24,逃げ狙い,30,20.7,3,,,,,0,0,0.7559,0,,逃げ軸流し,A
2025-11-12,丸亀,6,2,海野康志,A1,36.36,2,▲,14.106,39.2,73,82.3,0.1403,3.2647,,,0,低,38,0,差0%,614 1,0,62.9,1.5414,0,0.2941,0.0588,0,0.0588,0,0.0387,0.2516,,◎,C,△,,0.3763,0.6265,,0.5891,A,77,0,◎-○軸 3着3〜4艇流し（10〜15点）,0.5777,"{'is_target': True, 'verdict': '参加推奨', 'max_combo_prob': 0.0512, 'est_top_odds': 26.1, 'circle_concentration': 64.7, 'eligible_count': 8, 'bet_adj': 2, 'reason': 'rel_win1=46.2%（本命度） / 最有力組み合わせ確率: 0.051（推定実オッズ?26倍） / 2着集中度: 上位2艇 64.7%（補正+0.00） / 総合判定確率: 0.051 / → ヒモ分散。1号艇1着固定で広めのヒモ流し推奨（買い目+2点）', 'tenji_trigger': '展示確認: ヒモ分散レース。1号艇伸び確認後、広めのヒモ流しを採用。穴ヒモ（5・6号艇）を積極的に含める。'}",,,24,逃げ狙い,30,20.7,3,,,,,,,,,,,
2025-11-12,丸亀,6,3,入海　馨,A1,45.45,3,○,16.1381,25.5,96,85.7,0.1529,3.3929,,,0,低,69,0,差ま0%,2 6 26,0,45.8,1.6073,0,0,0,0.1818,0,0,0,0,,,A,,,0.2589,0.6215,,0.5891,A,77,0,◎-○軸 3着3〜4艇流し（10〜15点）,0.5777,"{'is_target': True, 'verdict': '参加推奨', 'max_combo_prob': 0.0512, 'est_top_odds': 26.1, 'circle_concentration': 64.7, 'eligible_count': 8, 'bet_adj': 2, 'reason': 'rel_win1=46.2%（本命度） / 最有力組み合わせ確率: 0.051（推定実オッズ?26倍） / 2着集中度: 上位2艇 64.7%（補正+0.00） / 総合判定確率: 0.051 / → ヒモ分散。1号艇1着固定で広めのヒモ流し推奨（買い目+2点）', 'tenji_trigger': '展示確認: ヒモ分散レース。1号艇伸び確認後、広めのヒモ流しを採用。穴ヒモ（5・6号艇）を積極的に含める。'}",,,24,逃げ狙い,30,20.7,3,,,,,,,,,,,
2025-11-12,丸亀,6,4,馬場貴也,A1,40.00,4,△,9.3163,16.3,100,88.2,0.1718,2.7059,,,0,低,17,0,ま0%,361 4,0,60.3,1.5994,0,0,0.1429,0,0,0.0833,0.1667,0,,,B,,,0.1959,0.606,,0.5891,A,77,0,◎-○軸 3着3〜4艇流し（10〜15点）,0.5777,"{'is_target': True, 'verdict': '参加推奨', 'max_combo_prob': 0.0512, 'est_top_odds': 26.1, 'circle_concentration': 64.7, 'eligible_count': 8, 'bet_adj': 2, 'reason': 'rel_win1=46.2%（本命度） / 最有力組み合わせ確率: 0.051（推定実オッズ?26倍） / 2着集中度: 上位2艇 64.7%（補正+0.00） / 総合判定確率: 0.051 / → ヒモ分散。1号艇1着固定で広めのヒモ流し推奨（買い目+2点）', 'tenji_trigger': '展示確認: ヒモ分散レース。1号艇伸び確認後、広めのヒモ流しを採用。穴ヒモ（5・6号艇）を積極的に含める。'}",,,24,逃げ狙い,30,20.7,3,,,,,,,,,,,
2025-11-12,丸亀,6,5,杉山正樹,A1,28.89,5,,9.7671,13.9,91,62.5,0.1725,3.4167,,,0,低,101,0,-,3 614,0,54.4,1.62,0,0,0,0.1111,0,0,0.0476,0.0476,,,D,△,◎,0.1981,0.667,0.3479,0.5891,A,77,0,◎-○軸 3着3〜4艇流し（10〜15点）,0.5777,"{'is_target': True, 'verdict': '参加推奨', 'max_combo_prob': 0.0512, 'est_top_odds': 26.1, 'circle_concentration': 64.7, 'eligible_count': 8, 'bet_adj': 2, 'reason': 'rel_win1=46.2%（本命度） / 最有力組み合わせ確率: 0.051（推定実オッズ?26倍） / 2着集中度: 上位2艇 64.7%（補正+0.00） / 総合判定確率: 0.051 / → ヒモ分散。1号艇1着固定で広めのヒモ流し推奨（買い目+2点）', 'tenji_trigger': '展示確認: ヒモ分散レース。1号艇伸び確認後、広めのヒモ流しを採用。穴ヒモ（5・6号艇）を積極的に含める。'}",,,24,逃げ狙い,30,20.7,3,,,,,,,,,,,
2025-11-12,丸亀,6,6,井上忠政,A1,32.56,6,,4.4515,5.1,67,60,0.1836,5,,,0,低,51,0,-,1 552,0,100,2.3114,,,,,,0,0,0.125,,,D,◎,,0.1773,0.6805,,0.5891,A,77,0,◎-○軸 3着3〜4艇流し（10〜15点）,0.5777,"{'is_target': True, 'verdict': '参加推奨', 'max_combo_prob': 0.0512, 'est_top_odds': 26.1, 'circle_concentration': 64.7, 'eligible_count': 8, 'bet_adj': 2, 'reason': 'rel_win1=46.2%（本命度） / 最有力組み合わせ確率: 0.051（推定実オッズ?26倍） / 2着集中度: 上位2艇 64.7%（補正+0.00） / 総合判定確率: 0.051 / → ヒモ分散。1号艇1着固定で広めのヒモ流し推奨（買い目+2点）', 'tenji_trigger': '展示確認: ヒモ分散レース。1号艇伸び確認後、広めのヒモ流しを採用。穴ヒモ（5・6号艇）を積極的に含める。'}",,,24,逃げ狙い,30,20.7,3,,,,,,,,,,,
2025-11-12,丸亀,7,1,塩田北斗,A1,30.95,1,◎,57.8537,,0,91.8,0.1453,3.1986,,,0,低,50,0,逃1%,341 34,0,76.6,1.1712,0.913,,,,,0,0.0435,0.0435,◎,,D,○,,,0.6745,,0.5768,S,89,0,◎1着固定 2-3着流し（5〜8点）,0.5777,"{'is_target': True, 'verdict': '参加推奨', 'max_combo_prob': 0.0683, 'est_top_odds': 19.5, 'circle_concentration': 66.7, 'eligible_count': 6, 'bet_adj': 2, 'reason': 'rel_win1=57.9%（本命度） / 最有力組み合わせ確率: 0.068（推定実オッズ?20倍） / 2着集中度: 上位2艇 66.7%（補正+0.00） / 総合判定確率: 0.068 / → ヒモ分散。1号艇1着固定で広めのヒモ流し推奨（買い目+2点）', 'tenji_trigger': '展示確認: ヒモ分散レース。1号艇伸び確認後、広めのヒモ流しを採用。穴ヒモ（5・6号艇）を積極的に含める。'}",,,27.9,逃げ狙い,24.68,22.2,5,,,,,0,0,0.7559,0,,逃げ軸流し,A
2025-11-12,丸亀,7,2,濱野斗馬,A1,32.26,2,△,11.0844,40,98,64.3,0.1507,3.0357,,,0,低,40,0,抜0%,2 465,0,27.8,0.8484,0,0.0625,0.125,0,0.0625,0.0968,0,0.0323,,,C,,,0.2671,0.638,,0.5768,S,89,0,◎1着固定 2-3着流し（5〜8点）,0.5777,"{'is_target': True, 'verdict': '参加推奨', 'max_combo_prob': 0.0683, 'est_top_odds': 19.5, 'circle_concentration': 66.7, 'eligible_count': 6, 'bet_adj': 2, 'reason': 'rel_win1=57.9%（本命度） / 最有力組み合わせ確率: 0.068（推定実オッズ?20倍） / 2着集中度: 上位2艇 66.7%（補正+0.00） / 総合判定確率: 0.068 / → ヒモ分散。1号艇1着固定で広めのヒモ流し推奨（買い目+2点）', 'tenji_trigger': '展示確認: ヒモ分散レース。1号艇伸び確認後、広めのヒモ流しを採用。穴ヒモ（5・6号艇）を積極的に含める。'}",,,27.9,逃げ狙い,24.68,22.2,5,,,,,,,,,,,
2025-11-12,丸亀,7,3,土屋智則,A1,31.82,3,,7.4895,20.3,100,70.6,0.1735,3.6176,,,0,低,34,0,-,4 333,0,39.5,1.1527,,,,,,0.1235,0.1235,0.1471,,,C,,,0.1701,0.627,,0.5768,S,89,0,◎1着固定 2-3着流し（5〜8点）,0.5777,"{'is_target': True, 'verdict': '参加推奨', 'max_combo_prob': 0.0683, 'est_top_odds': 19.5, 'circle_concentration': 66.7, 'eligible_count': 6, 'bet_adj': 2, 'reason': 'rel_win1=57.9%（本命度） / 最有力組み合わせ確率: 0.068（推定実オッズ?20倍） / 2着集中度: 上位2艇 66.7%（補正+0.00） / 総合判定確率: 0.068 / → ヒモ分散。1号艇1着固定で広めのヒモ流し推奨（買い目+2点）', 'tenji_trigger': '展示確認: ヒモ分散レース。1号艇伸び確認後、広めのヒモ流しを採用。穴ヒモ（5・6号艇）を積極的に含める。'}",,,27.9,逃げ狙い,24.68,22.2,5,,,,,,,,,,,
2025-11-12,丸亀,7,4,浜先真範,A1,36.36,4,○,9.8706,26.6,97,73.3,0.1378,2.6889,,,0,低,66,0,-,462 6,0,100,0.9326,0,0,0,0.0909,0.0455,0.01,0.02,0.02,,,B,△,○,0.3228,0.647,0.3371,0.5768,S,89,0,◎1着固定 2-3着流し（5〜8点）,0.5777,"{'is_target': True, 'verdict': '参加推奨', 'max_combo_prob': 0.0683, 'est_top_odds': 19.5, 'circle_concentration': 66.7, 'eligible_count': 6, 'bet_adj': 2, 'reason': 'rel_win1=57.9%（本命度） / 最有力組み合わせ確率: 0.068（推定実オッズ?20倍） / 2着集中度: 上位2艇 66.7%（補正+0.00） / 総合判定確率: 0.068 / → ヒモ分散。1号艇1着固定で広めのヒモ流し推奨（買い目+2点）', 'tenji_trigger': '展示確認: ヒモ分散レース。1号艇伸び確認後、広めのヒモ流しを採用。穴ヒモ（5・6号艇）を積極的に含める。'}",,,27.9,逃げ狙い,24.68,22.2,5,,,,,,,,,,,
2025-11-12,丸亀,7,5,佐藤隆太,A1,32.56,5,▲,11.7153,10,86,71.4,0.1376,2.8571,,,0,低,32,0,差ま0% 抜0%,6 6145,0,35.4,2.1179,0,0,0,0.25,0.125,0.0833,0.0833,0,,,C,△,◎,0.359,0.6665,0.4139,0.5768,S,89,0,◎1着固定 2-3着流し（5〜8点）,0.5777,"{'is_target': True, 'verdict': '参加推奨', 'max_combo_prob': 0.0683, 'est_top_odds': 19.5, 'circle_concentration': 66.7, 'eligible_count': 6, 'bet_adj': 2, 'reason': 'rel_win1=57.9%（本命度） / 最有力組み合わせ確率: 0.068（推定実オッズ?20倍） / 2着集中度: 上位2艇 66.7%（補正+0.00） / 総合判定確率: 0.068 / → ヒモ分散。1号艇1着固定で広めのヒモ流し推奨（買い目+2点）', 'tenji_trigger': '展示確認: ヒモ分散レース。1号艇伸び確認後、広めのヒモ流しを採用。穴ヒモ（5・6号艇）を積極的に含める。'}",,,27.9,逃げ狙い,24.68,22.2,5,,,,,,,,,,,
2025-11-12,丸亀,7,6,宮地元輝,A1,29.79,6,,1.9865,3,56,75,0.135,1.375,,,0,低,13,1,-,442 41,0,100,2.7317,,,,,,0,0,0.1667,,,D,◎,,0.34,0.6895,,0.5768,S,89,0,◎1着固定 2-3着流し（5〜8点）,0.5777,"{'is_target': True, 'verdict': '参加推奨', 'max_combo_prob': 0.0683, 'est_top_odds': 19.5, 'circle_concentration': 66.7, 'eligible_count': 6, 'bet_adj': 2, 'reason': 'rel_win1=57.9%（本命度） / 最有力組み合わせ確率: 0.068（推定実オッズ?20倍） / 2着集中度: 上位2艇 66.7%（補正+0.00） / 総合判定確率: 0.068 / → ヒモ分散。1号艇1着固定で広めのヒモ流し推奨（買い目+2点）', 'tenji_trigger': '展示確認: ヒモ分散レース。1号艇伸び確認後、広めのヒモ流しを採用。穴ヒモ（5・6号艇）を積極的に含める。'}",,,27.9,逃げ狙い,24.68,22.2,5,,,,,,,,,,,
2025-11-12,丸亀,8,1,磯部　誠,A1,28.21,1,◎,57.9952,,0,100,0.1215,2.225,,,0,低,9,0,逃1%,2 413,0,93.1,1.2563,1,,,,,,,,◎,,C,○,,,0.715,,0.7284,S,100,0,◎1着固定 2-3着流し（5〜8点）,0.5777,"{'is_target': True, 'verdict': '参加推奨', 'max_combo_prob': 0.0562, 'est_top_odds': 23.7, 'circle_concentration': 62.9, 'eligible_count': 6, 'bet_adj': 2, 'reason': 'rel_win1=58.0%（本命度） / 最有力組み合わせ確率: 0.056（推定実オッズ?24倍） / 2着集中度: 上位2艇 62.9%（補正+0.00） / 総合判定確率: 0.056 / → ヒモ分散。1号艇1着固定で広めのヒモ流し推奨（買い目+2点）', 'tenji_trigger': '展示確認: ヒモ分散レース。1号艇伸び確認後、広めのヒモ流しを採用。穴ヒモ（5・6号艇）を積極的に含める。\n展示で1号艇スタート超安定(0.121秒)→ヒモ固まり方向に注意'}",,,29.4,逃げ狙い,31.83,20.1,2,,,,,0,0,0.7559,0,,逃げ軸流し,A
2025-11-12,丸亀,8,2,大上卓人,A1,27.03,2,,16.4842,31.7,71,83.3,0.159,3.2167,,,0,低,42,0,差0%,656 5,0,62.5,1.3502,0,0.4,0,0,0,0.0556,0.0556,0,,,D,△,,0.1465,0.697,,0.7284,S,100,0,◎1着固定 2-3着流し（5〜8点）,0.5777,"{'is_target': True, 'verdict': '参加推奨', 'max_combo_prob': 0.0562, 'est_top_odds': 23.7, 'circle_concentration': 62.9, 'eligible_count': 6, 'bet_adj': 2, 'reason': 'rel_win1=58.0%（本命度） / 最有力組み合わせ確率: 0.056（推定実オッズ?24倍） / 2着集中度: 上位2艇 62.9%（補正+0.00） / 総合判定確率: 0.056 / → ヒモ分散。1号艇1着固定で広めのヒモ流し推奨（買い目+2点）', 'tenji_trigger': '展示確認: ヒモ分散レース。1号艇伸び確認後、広めのヒモ流しを採用。穴ヒモ（5・6号艇）を積極的に含める。\n展示で1号艇スタート超安定(0.121秒)→ヒモ固まり方向に注意'}",,,29.4,逃げ狙い,31.83,20.1,2,,,,,,,,,,,
2025-11-12,丸亀,8,3,渡辺浩司,A1,32.65,3,○,9.3318,31.1,84,78.4,0.1243,2.4412,,,0,低,46,0,-,4 551,0,31.2,1.0417,0,0.0714,0.0714,0.0714,0,0.1467,0,0.0867,,,B,△,,0.2731,0.699,,0.7284,S,100,0,◎1着固定 2-3着流し（5〜8点）,0.5777,"{'is_target': True, 'verdict': '参加推奨', 'max_combo_prob': 0.0562, 'est_top_odds': 23.7, 'circle_concentration': 62.9, 'eligible_count': 6, 'bet_adj': 2, 'reason': 'rel_win1=58.0%（本命度） / 最有力組み合わせ確率: 0.056（推定実オッズ?24倍） / 2着集中度: 上位2艇 62.9%（補正+0.00） / 総合判定確率: 0.056 / → ヒモ分散。1号艇1着固定で広めのヒモ流し推奨（買い目+2点）', 'tenji_trigger': '展示確認: ヒモ分散レース。1号艇伸び確認後、広めのヒモ流しを採用。穴ヒモ（5・6号艇）を積極的に含める。\n展示で1号艇スタート超安定(0.121秒)→ヒモ固まり方向に注意'}",,,29.4,逃げ狙い,31.83,20.1,2,,,,,,,,,,,
2025-11-12,丸亀,8,4,寺田　祥,A1,26.67,4,,9.0254,20,78,84.2,0.1484,2.8684,,,0,低,38,0,ま0% 差ま0%,4 323,0,79.6,1.5528,0,0,0.0909,0.1818,0,0.0182,0.1212,0.0545,,,D,,◎,0.2189,0.6605,0.3805,0.7284,S,100,0,◎1着固定 2-3着流し（5〜8点）,0.5777,"{'is_target': True, 'verdict': '参加推奨', 'max_combo_prob': 0.0562, 'est_top_odds': 23.7, 'circle_concentration': 62.9, 'eligible_count': 6, 'bet_adj': 2, 'reason': 'rel_win1=58.0%（本命度） / 最有力組み合わせ確率: 0.056（推定実オッズ?24倍） / 2着集中度: 上位2艇 62.9%（補正+0.00） / 総合判定確率: 0.056 / → ヒモ分散。1号艇1着固定で広めのヒモ流し推奨（買い目+2点）', 'tenji_trigger': '展示確認: ヒモ分散レース。1号艇伸び確認後、広めのヒモ流しを採用。穴ヒモ（5・6号艇）を積極的に含める。\n展示で1号艇スタート超安定(0.121秒)→ヒモ固まり方向に注意'}",,,29.4,逃げ狙い,31.83,20.1,2,,,,,,,,,,,
2025-11-12,丸亀,8,5,小坂尚哉,A1,38.78,5,▲,4.492,15.7,72,58,0.1523,2.9638,,,0,低,81,0,差ま0%,326 1,0,80.1,1.5526,0,0,0,0.037,0,0.0488,0.0488,0.0976,,,B,,○,0.1797,0.657,0.2361,0.7284,S,100,0,◎1着固定 2-3着流し（5〜8点）,0.5777,"{'is_target': True, 'verdict': '参加推奨', 'max_combo_prob': 0.0562, 'est_top_odds': 23.7, 'circle_concentration': 62.9, 'eligible_count': 6, 'bet_adj': 2, 'reason': 'rel_win1=58.0%（本命度） / 最有力組み合わせ確率: 0.056（推定実オッズ?24倍） / 2着集中度: 上位2艇 62.9%（補正+0.00） / 総合判定確率: 0.056 / → ヒモ分散。1号艇1着固定で広めのヒモ流し推奨（買い目+2点）', 'tenji_trigger': '展示確認: ヒモ分散レース。1号艇伸び確認後、広めのヒモ流しを採用。穴ヒモ（5・6号艇）を積極的に含める。\n展示で1号艇スタート超安定(0.121秒)→ヒモ固まり方向に注意'}",,,29.4,逃げ狙い,31.83,20.1,2,,,,,,,,,,,
2025-11-12,丸亀,8,6,片岡雅裕,A1,28.26,6,△,2.6714,1.4,100,72.2,0.1272,2.6389,,,0,低,5,0,-,5 3 44,0,32.3,0.9892,,,,,,0.0286,0,0.3571,,,C,◎,,0.2957,0.8292,,0.7284,S,100,0,◎1着固定 2-3着流し（5〜8点）,0.5777,"{'is_target': True, 'verdict': '参加推奨', 'max_combo_prob': 0.0562, 'est_top_odds': 23.7, 'circle_concentration': 62.9, 'eligible_count': 6, 'bet_adj': 2, 'reason': 'rel_win1=58.0%（本命度） / 最有力組み合わせ確率: 0.056（推定実オッズ?24倍） / 2着集中度: 上位2艇 62.9%（補正+0.00） / 総合判定確率: 0.056 / → ヒモ分散。1号艇1着固定で広めのヒモ流し推奨（買い目+2点）', 'tenji_trigger': '展示確認: ヒモ分散レース。1号艇伸び確認後、広めのヒモ流しを採用。穴ヒモ（5・6号艇）を積極的に含める。\n展示で1号艇スタート超安定(0.121秒)→ヒモ固まり方向に注意'}",,,29.4,逃げ狙い,31.83,20.1,2,,,,,,,,,,,
2025-11-12,丸亀,9,1,小池修平,A1,44.44,1,◎,56.1284,,0,96,0.1448,2.49,,,0,低,45,0,逃1%,413 6,0,78.8,1.2078,0.7037,,,,,0.1793,0.0148,0.0296,◎,,B,,,,0.6405,,0.6079,S,86,0,◎1着固定 2-3着流し（5〜8点）,0.5777,"{'is_target': True, 'verdict': '参加推奨', 'max_combo_prob': 0.0697, 'est_top_odds': 19.1, 'circle_concentration': 66.0, 'eligible_count': 6, 'bet_adj': 2, 'reason': 'rel_win1=56.1%（本命度） / 最有力組み合わせ確率: 0.070（推定実オッズ?19倍） / 2着集中度: 上位2艇 66.0%（補正+0.00） / 総合判定確率: 0.070 / → ヒモ分散。1号艇1着固定で広めのヒモ流し推奨（買い目+2点）', 'tenji_trigger': '展示確認: ヒモ分散レース。1号艇伸び確認後、広めのヒモ流しを採用。穴ヒモ（5・6号艇）を積極的に含める。'}",,,35,逃げ狙い,42.57,26.9,5,,,,,0,0,0.7559,0,,逃げ軸流し,A
2025-11-12,丸亀,9,2,中村晃朋,A1,29.73,2,,15.7937,39.9,100,90.9,0.1591,3.1818,,,0,低,56,0,抜0%,5 4 26,0,30.8,0.9591,0,0.1875,0.125,0,0.0625,0.1745,0,0.1564,,,D,△,,0.199,0.678,,0.6079,S,86,0,◎1着固定 2-3着流し（5〜8点）,0.5777,"{'is_target': True, 'verdict': '参加推奨', 'max_combo_prob': 0.0697, 'est_top_odds': 19.1, 'circle_concentration': 66.0, 'eligible_count': 6, 'bet_adj': 2, 'reason': 'rel_win1=56.1%（本命度） / 最有力組み合わせ確率: 0.070（推定実オッズ?19倍） / 2着集中度: 上位2艇 66.0%（補正+0.00） / 総合判定確率: 0.070 / → ヒモ分散。1号艇1着固定で広めのヒモ流し推奨（買い目+2点）', 'tenji_trigger': '展示確認: ヒモ分散レース。1号艇伸び確認後、広めのヒモ流しを採用。穴ヒモ（5・6号艇）を積極的に含める。'}",,,35,逃げ狙い,42.57,26.9,5,,,,,,,,,,,
2025-11-12,丸亀,9,3,柳生泰二,A1,57.89,3,○,10.4106,26.1,85,69.7,0.1358,2.6515,,,0,低,43,0,差0% ま0% 差ま0%,5 223,0,100,1.2317,0,0.0667,0.0667,0.0667,0,0.1444,0.1148,0,,,A,○,,0.3393,0.687,,0.6079,S,86,0,◎1着固定 2-3着流し（5〜8点）,0.5777,"{'is_target': True, 'verdict': '参加推奨', 'max_combo_prob': 0.0697, 'est_top_odds': 19.1, 'circle_concentration': 66.0, 'eligible_count': 6, 'bet_adj': 2, 'reason': 'rel_win1=56.1%（本命度） / 最有力組み合わせ確率: 0.070（推定実オッズ?19倍） / 2着集中度: 上位2艇 66.0%（補正+0.00） / 総合判定確率: 0.070 / → ヒモ分散。1号艇1着固定で広めのヒモ流し推奨（買い目+2点）', 'tenji_trigger': '展示確認: ヒモ分散レース。1号艇伸び確認後、広めのヒモ流しを採用。穴ヒモ（5・6号艇）を積極的に含める。'}",,,35,逃げ狙い,42.57,26.9,5,,,,,,,,,,,
2025-11-12,丸亀,9,4,西山貴浩,A1,28.57,4,,6.8526,25.3,61,80,0.14,3.4333,,,0,低,17,0,差0%,6 4 53,0,62,1.3953,0,0.3333,0,0,0,0,0.1429,0,,,E,◎,,0.3637,0.7,,0.6079,S,86,0,◎1着固定 2-3着流し（5〜8点）,0.5777,"{'is_target': True, 'verdict': '参加推奨', 'max_combo_prob': 0.0697, 'est_top_odds': 19.1, 'circle_concentration': 66.0, 'eligible_count': 6, 'bet_adj': 2, 'reason': 'rel_win1=56.1%（本命度） / 最有力組み合わせ確率: 0.070（推定実オッズ?19倍） / 2着集中度: 上位2艇 66.0%（補正+0.00） / 総合判定確率: 0.070 / → ヒモ分散。1号艇1着固定で広めのヒモ流し推奨（買い目+2点）', 'tenji_trigger': '展示確認: ヒモ分散レース。1号艇伸び確認後、広めのヒモ流しを採用。穴ヒモ（5・6号艇）を積極的に含める。'}",,,35,逃げ狙い,42.57,26.9,5,,,,,,,,,,,
2025-11-12,丸亀,9,5,末永和也,A1,30.56,5,▲,7.125,6.5,71,84.6,0.1415,2.4615,,,0,低,16,1,差0% 差ま0%,352 56,0,43.3,2.2174,0,0.1429,0,0.2857,0,0,0.1,0,,,D,△,◎,0.3411,0.679,0.557,0.6079,S,86,0,◎1着固定 2-3着流し（5〜8点）,0.5777,"{'is_target': True, 'verdict': '参加推奨', 'max_combo_prob': 0.0697, 'est_top_odds': 19.1, 'circle_concentration': 66.0, 'eligible_count': 6, 'bet_adj': 2, 'reason': 'rel_win1=56.1%（本命度） / 最有力組み合わせ確率: 0.070（推定実オッズ?19倍） / 2着集中度: 上位2艇 66.0%（補正+0.00） / 総合判定確率: 0.070 / → ヒモ分散。1号艇1着固定で広めのヒモ流し推奨（買い目+2点）', 'tenji_trigger': '展示確認: ヒモ分散レース。1号艇伸び確認後、広めのヒモ流しを採用。穴ヒモ（5・6号艇）を積極的に含める。'}",,,35,逃げ狙い,42.57,26.9,5,,,,,,,,,,,
2025-11-12,丸亀,9,6,関　浩哉,A1,35.00,6,△,3.6897,2.2,56,92.9,0.1571,3.7143,,,0,低,34,1,差0%,235 43,0,100,3.3719,0,0.0345,0,0,0,,,,,,C,,,0.2354,0.6435,,0.6079,S,86,0,◎1着固定 2-3着流し（5〜8点）,0.5777,"{'is_target': True, 'verdict': '参加推奨', 'max_combo_prob': 0.0697, 'est_top_odds': 19.1, 'circle_concentration': 66.0, 'eligible_count': 6, 'bet_adj': 2, 'reason': 'rel_win1=56.1%（本命度） / 最有力組み合わせ確率: 0.070（推定実オッズ?19倍） / 2着集中度: 上位2艇 66.0%（補正+0.00） / 総合判定確率: 0.070 / → ヒモ分散。1号艇1着固定で広めのヒモ流し推奨（買い目+2点）', 'tenji_trigger': '展示確認: ヒモ分散レース。1号艇伸び確認後、広めのヒモ流しを採用。穴ヒモ（5・6号艇）を積極的に含める。'}",,,35,逃げ狙い,42.57,26.9,5,,,,,,,,,,,
2025-11-12,丸亀,10,1,上條暢嵩,A1,30.30,1,◎,56.2366,,0,95.8,0.1492,4.2292,,,0,低,12,0,逃1%,3 451,0,85.2,1.2062,1,,,,,,,,◎,,E,◎,,,0.7115,,0.4859,S,95,0,◎1着固定 2-3着流し（5〜8点）,0.5777,"{'is_target': True, 'verdict': '参加推奨', 'max_combo_prob': 0.0723, 'est_top_odds': 18.4, 'circle_concentration': 61.0, 'eligible_count': 6, 'bet_adj': 2, 'reason': 'rel_win1=56.2%（本命度） / 最有力組み合わせ確率: 0.072（推定実オッズ?18倍） / 2着集中度: 上位2艇 61.0%（補正+0.00） / 総合判定確率: 0.072 / → ヒモ分散。1号艇1着固定で広めのヒモ流し推奨（買い目+2点）', 'tenji_trigger': '展示確認: ヒモ分散レース。1号艇伸び確認後、広めのヒモ流しを採用。穴ヒモ（5・6号艇）を積極的に含める。'}",,,27.7,逃げ狙い,26.47,20.1,3,,,,,0,0,0.7559,0,,逃げ軸流し,A
2025-11-12,丸亀,10,2,西岡顕心,A1,43.90,2,▲,12.2918,37.8,69,80,0.1503,3.05,,,0,低,55,0,差0%,3 235,0,94.8,0.8874,0,0.1,0,0,0,0,0.0714,0,,,B,,,0.3113,0.6245,,0.4859,S,95,0,◎1着固定 2-3着流し（5〜8点）,0.5777,"{'is_target': True, 'verdict': '参加推奨', 'max_combo_prob': 0.0723, 'est_top_odds': 18.4, 'circle_concentration': 61.0, 'eligible_count': 6, 'bet_adj': 2, 'reason': 'rel_win1=56.2%（本命度） / 最有力組み合わせ確率: 0.072（推定実オッズ?18倍） / 2着集中度: 上位2艇 61.0%（補正+0.00） / 総合判定確率: 0.072 / → ヒモ分散。1号艇1着固定で広めのヒモ流し推奨（買い目+2点）', 'tenji_trigger': '展示確認: ヒモ分散レース。1号艇伸び確認後、広めのヒモ流しを採用。穴ヒモ（5・6号艇）を積極的に含める。'}",,,27.7,逃げ狙い,26.47,20.1,3,,,,,,,,,,,
2025-11-12,丸亀,10,3,馬場貴也,A1,40.00,3,△,12.2251,21.7,62,73.7,0.1305,2.7105,,,0,低,17,0,差0% ま0%,361 4,0,54.7,1.3465,0,0.125,0.125,0,0,0.0833,0.1667,0,,◎,C,,,0.4031,0.606,,0.4859,S,95,0,◎1着固定 2-3着流し（5〜8点）,0.5777,"{'is_target': True, 'verdict': '参加推奨', 'max_combo_prob': 0.0723, 'est_top_odds': 18.4, 'circle_concentration': 61.0, 'eligible_count': 6, 'bet_adj': 2, 'reason': 'rel_win1=56.2%（本命度） / 最有力組み合わせ確率: 0.072（推定実オッズ?18倍） / 2着集中度: 上位2艇 61.0%（補正+0.00） / 総合判定確率: 0.072 / → ヒモ分散。1号艇1着固定で広めのヒモ流し推奨（買い目+2点）', 'tenji_trigger': '展示確認: ヒモ分散レース。1号艇伸び確認後、広めのヒモ流しを採用。穴ヒモ（5・6号艇）を積極的に含める。'}",,,27.7,逃げ狙い,26.47,20.1,3,,,,,,,,,,,
2025-11-12,丸亀,10,4,柳沢　一,A1,54.76,4,○,10.9,23.2,100,83.9,0.1348,2.6875,,,0,低,43,0,差0% ま0%,2 5 23,0,83.1,1.6206,0,0.1739,0.0435,0,0,0.0432,0.1074,0.1074,,,A,○,◎,0.3644,0.698,0.537,0.4859,S,95,0,◎1着固定 2-3着流し（5〜8点）,0.5777,"{'is_target': True, 'verdict': '参加推奨', 'max_combo_prob': 0.0723, 'est_top_odds': 18.4, 'circle_concentration': 61.0, 'eligible_count': 6, 'bet_adj': 2, 'reason': 'rel_win1=56.2%（本命度） / 最有力組み合わせ確率: 0.072（推定実オッズ?18倍） / 2着集中度: 上位2艇 61.0%（補正+0.00） / 総合判定確率: 0.072 / → ヒモ分散。1号艇1着固定で広めのヒモ流し推奨（買い目+2点）', 'tenji_trigger': '展示確認: ヒモ分散レース。1号艇伸び確認後、広めのヒモ流しを採用。穴ヒモ（5・6号艇）を積極的に含める。'}",,,27.7,逃げ狙い,26.47,20.1,3,,,,,,,,,,,
2025-11-12,丸亀,10,5,海野康志,A1,36.36,5,,6.3966,11.8,82,66.7,0.187,3.5455,,,0,低,38,0,ま0% 差ま0%,614 1,0,31.4,1.8114,0,0,0.1333,0.1333,0,0,0.0387,0.2516,,,D,△,,0.2006,0.6265,,0.4859,S,95,0,◎1着固定 2-3着流し（5〜8点）,0.5777,"{'is_target': True, 'verdict': '参加推奨', 'max_combo_prob': 0.0723, 'est_top_odds': 18.4, 'circle_concentration': 61.0, 'eligible_count': 6, 'bet_adj': 2, 'reason': 'rel_win1=56.2%（本命度） / 最有力組み合わせ確率: 0.072（推定実オッズ?18倍） / 2着集中度: 上位2艇 61.0%（補正+0.00） / 総合判定確率: 0.072 / → ヒモ分散。1号艇1着固定で広めのヒモ流し推奨（買い目+2点）', 'tenji_trigger': '展示確認: ヒモ分散レース。1号艇伸び確認後、広めのヒモ流しを採用。穴ヒモ（5・6号艇）を積極的に含める。'}",,,27.7,逃げ狙い,26.47,20.1,3,,,,,,,,,,,
2025-11-12,丸亀,10,6,中村日向,A1,40.91,6,,1.9499,5.5,50,48.1,0.1619,3.6296,,,0,低,40,0,-,116 1,0,31.4,0.8931,,,,,,0.1538,0.0769,0,,,C,△,,0.2683,0.645,,0.4859,S,95,0,◎1着固定 2-3着流し（5〜8点）,0.5777,"{'is_target': True, 'verdict': '参加推奨', 'max_combo_prob': 0.0723, 'est_top_odds': 18.4, 'circle_concentration': 61.0, 'eligible_count': 6, 'bet_adj': 2, 'reason': 'rel_win1=56.2%（本命度） / 最有力組み合わせ確率: 0.072（推定実オッズ?18倍） / 2着集中度: 上位2艇 61.0%（補正+0.00） / 総合判定確率: 0.072 / → ヒモ分散。1号艇1着固定で広めのヒモ流し推奨（買い目+2点）', 'tenji_trigger': '展示確認: ヒモ分散レース。1号艇伸び確認後、広めのヒモ流しを採用。穴ヒモ（5・6号艇）を積極的に含める。'}",,,27.7,逃げ狙い,26.47,20.1,3,,,,,,,,,,,
2025-11-12,丸亀,11,1,仲谷颯仁,A1,33.33,1,◎,48.9412,,0,95.6,0.1367,2.7889,,,0,低,60,0,-,251 11,0,61.3,0.9959,0.5455,,,,,0,0.1818,0.2727,◎,,C,,,,0.6445,,0.5474,B,55,0,◎○△フォーメーション（15〜20点）,0.5777,"{'is_target': True, 'verdict': '参加推奨', 'max_combo_prob': 0.0767, 'est_top_odds': 17.4, 'circle_concentration': 69.6, 'eligible_count': 9, 'bet_adj': 2, 'reason': 'rel_win1=48.9%（本命度） / 最有力組み合わせ確率: 0.077（推定実オッズ?17倍） / 2着集中度: 上位2艇 69.6%（補正+0.00） / 総合判定確率: 0.077 / → ヒモ分散。1号艇1着固定で広めのヒモ流し推奨（買い目+2点）', 'tenji_trigger': '展示確認: ヒモ分散レース。1号艇伸び確認後、広めのヒモ流しを採用。穴ヒモ（5・6号艇）を積極的に含める。\n展示で1号艇スタート超安定(0.137秒)→ヒモ固まり方向に注意'}",,,32.5,両建て推奨,32.22,28.8,3,,,,,0,0,0.7559,0,,逃げ軸流し,A
2025-11-12,丸亀,11,2,塩田北斗,A1,30.95,2,△,18.5304,45.9,88,84.2,0.1287,2.6579,,,0,低,50,0,差0%,341 34,0,74.1,1.3864,0,0.1,0,0,0,0,0.0435,0.0435,,◎,D,○,,0.4022,0.6745,,0.5474,B,55,0,◎○△フォーメーション（15〜20点）,0.5777,"{'is_target': True, 'verdict': '参加推奨', 'max_combo_prob': 0.0767, 'est_top_odds': 17.4, 'circle_concentration': 69.6, 'eligible_count': 9, 'bet_adj': 2, 'reason': 'rel_win1=48.9%（本命度） / 最有力組み合わせ確率: 0.077（推定実オッズ?17倍） / 2着集中度: 上位2艇 69.6%（補正+0.00） / 総合判定確率: 0.077 / → ヒモ分散。1号艇1着固定で広めのヒモ流し推奨（買い目+2点）', 'tenji_trigger': '展示確認: ヒモ分散レース。1号艇伸び確認後、広めのヒモ流しを採用。穴ヒモ（5・6号艇）を積極的に含める。\n展示で1号艇スタート超安定(0.137秒)→ヒモ固まり方向に注意'}",,,32.5,両建て推奨,32.22,28.8,3,,,,,,,,,,,
2025-11-12,丸亀,11,3,長田頼宗,A1,27.78,3,,15.8926,23.7,100,83.3,0.1462,2.625,,,0,低,43,0,差0% ま0% 差ま0%,1 346,0,84.4,1.5525,0,0.0769,0.2308,0.3077,0,0,0,0,,,D,△,,0.3203,0.6725,,0.5474,B,55,0,◎○△フォーメーション（15〜20点）,0.5777,"{'is_target': True, 'verdict': '参加推奨', 'max_combo_prob': 0.0767, 'est_top_odds': 17.4, 'circle_concentration': 69.6, 'eligible_count': 9, 'bet_adj': 2, 'reason': 'rel_win1=48.9%（本命度） / 最有力組み合わせ確率: 0.077（推定実オッズ?17倍） / 2着集中度: 上位2艇 69.6%（補正+0.00） / 総合判定確率: 0.077 / → ヒモ分散。1号艇1着固定で広めのヒモ流し推奨（買い目+2点）', 'tenji_trigger': '展示確認: ヒモ分散レース。1号艇伸び確認後、広めのヒモ流しを採用。穴ヒモ（5・6号艇）を積極的に含める。\n展示で1号艇スタート超安定(0.137秒)→ヒモ固まり方向に注意'}",,,32.5,両建て推奨,32.22,28.8,3,,,,,,,,,,,
2025-11-12,丸亀,11,4,濱崎直矢,A1,50.00,4,▲,11.5628,18.2,75,62.3,0.1433,2.8279,,,0,低,95,0,ま0% 差ま0%,312 24,0,54.9,1.3204,0,0,0.0952,0.0476,0,0.0148,0.1444,0.1148,,,A,,◎,0.2674,0.632,0.2276,0.5474,B,55,0,◎○△フォーメーション（15〜20点）,0.5777,"{'is_target': True, 'verdict': '参加推奨', 'max_combo_prob': 0.0767, 'est_top_odds': 17.4, 'circle_concentration': 69.6, 'eligible_count': 9, 'bet_adj': 2, 'reason': 'rel_win1=48.9%（本命度） / 最有力組み合わせ確率: 0.077（推定実オッズ?17倍） / 2着集中度: 上位2艇 69.6%（補正+0.00） / 総合判定確率: 0.077 / → ヒモ分散。1号艇1着固定で広めのヒモ流し推奨（買い目+2点）', 'tenji_trigger': '展示確認: ヒモ分散レース。1号艇伸び確認後、広めのヒモ流しを採用。穴ヒモ（5・6号艇）を積極的に含める。\n展示で1号艇スタート超安定(0.137秒)→ヒモ固まり方向に注意'}",,,32.5,両建て推奨,32.22,28.8,3,,,,,,,,,,,
2025-11-12,丸亀,11,5,松井　繁,A1,43.90,5,○,3.5898,9.2,66,50,0.115,3.75,,,0,低,24,1,-,1 541,0,40.7,1.2636,,,,,,0.0714,0.2143,0,,,B,△,,0.3803,0.6505,,0.5474,B,55,0,◎○△フォーメーション（15〜20点）,0.5777,"{'is_target': True, 'verdict': '参加推奨', 'max_combo_prob': 0.0767, 'est_top_odds': 17.4, 'circle_concentration': 69.6, 'eligible_count': 9, 'bet_adj': 2, 'reason': 'rel_win1=48.9%（本命度） / 最有力組み合わせ確率: 0.077（推定実オッズ?17倍） / 2着集中度: 上位2艇 69.6%（補正+0.00） / 総合判定確率: 0.077 / → ヒモ分散。1号艇1着固定で広めのヒモ流し推奨（買い目+2点）', 'tenji_trigger': '展示確認: ヒモ分散レース。1号艇伸び確認後、広めのヒモ流しを採用。穴ヒモ（5・6号艇）を積極的に含める。\n展示で1号艇スタート超安定(0.137秒)→ヒモ固まり方向に注意'}",,,32.5,両建て推奨,32.22,28.8,3,,,,,,,,,,,
2025-11-12,丸亀,11,6,赤岩善生,A1,43.90,6,,1.4832,3,52,,,,,,0,低,38,1,-,223 2,0,,,,,,,,,,,,,B,◎,○,0.31,0.691,0.15,0.5474,B,55,0,◎○△フォーメーション（15〜20点）,0.5777,"{'is_target': True, 'verdict': '参加推奨', 'max_combo_prob': 0.0767, 'est_top_odds': 17.4, 'circle_concentration': 69.6, 'eligible_count': 9, 'bet_adj': 2, 'reason': 'rel_win1=48.9%（本命度） / 最有力組み合わせ確率: 0.077（推定実オッズ?17倍） / 2着集中度: 上位2艇 69.6%（補正+0.00） / 総合判定確率: 0.077 / → ヒモ分散。1号艇1着固定で広めのヒモ流し推奨（買い目+2点）', 'tenji_trigger': '展示確認: ヒモ分散レース。1号艇伸び確認後、広めのヒモ流しを採用。穴ヒモ（5・6号艇）を積極的に含める。\n展示で1号艇スタート超安定(0.137秒)→ヒモ固まり方向に注意'}",,,32.5,両建て推奨,32.22,28.8,3,,,,,,,,,,,
2025-11-12,丸亀,12,1,峰　竜太,A1,28.57,1,◎,55.6423,,0,100,0.12,3.2353,,,0,低,4,0,逃1%,1 212,0,85.3,1.2472,0.875,,,,,0,0,0,◎⚠️,,D,◎,,,0.8175,,0.6219,S,94,0,◎1着固定 2-3着流し（5〜8点）,0.5777,"{'is_target': True, 'verdict': '参加推奨', 'max_combo_prob': 0.0597, 'est_top_odds': 22.3, 'circle_concentration': 60.8, 'eligible_count': 6, 'bet_adj': 2, 'reason': 'rel_win1=55.6%（本命度） / 最有力組み合わせ確率: 0.060（推定実オッズ?22倍） / 2着集中度: 上位2艇 60.8%（補正+0.00） / 総合判定確率: 0.060 / → ヒモ分散。1号艇1着固定で広めのヒモ流し推奨（買い目+2点）', 'tenji_trigger': '展示確認: ヒモ分散レース。1号艇伸び確認後、広めのヒモ流しを採用。穴ヒモ（5・6号艇）を積極的に含める。\n展示で1号艇スタート超安定(0.120秒)→ヒモ固まり方向に注意'}",,,25.9,逃げ狙い,20.84,19.6,3,2-1-4|2-1-6|2-1-5|1-2-4|1-3-4,6-1-4|5-1-6|6-1-3|6-4-1|5-6-1|6-3-1|6-4-3|2-1-4|2-1-6|2-1-5|1-2-4|1-3-4,2-1-4:10.56%|2-1-6:7.76%|2-1-5:7.37%|1-2-4:4.97%|1-3-4:4.84%,2-1-4:B_sc|2-1-6:B_sc|2-1-5:B_sc|1-2-4:A|1-3-4:A,5,12,0.4535,1,[!]見送り推奨（主役決まり手「差し」― 逃げ劣勢レースで的中実績なし）,荒れ広め,D
2025-11-12,丸亀,12,2,重成一人,A1,44.19,2,△,10.5145,33.9,73,63.3,0.1577,3.3333,,,0,低,51,0,-,2 421,0,100,0.5979,0,0.0833,0,0,0,0.0533,0.2533,0.0133,,,B,,,0.0681,0.6315,,0.6219,S,94,0,◎1着固定 2-3着流し（5〜8点）,0.5777,"{'is_target': True, 'verdict': '参加推奨', 'max_combo_prob': 0.0597, 'est_top_odds': 22.3, 'circle_concentration': 60.8, 'eligible_count': 6, 'bet_adj': 2, 'reason': 'rel_win1=55.6%（本命度） / 最有力組み合わせ確率: 0.060（推定実オッズ?22倍） / 2着集中度: 上位2艇 60.8%（補正+0.00） / 総合判定確率: 0.060 / → ヒモ分散。1号艇1着固定で広めのヒモ流し推奨（買い目+2点）', 'tenji_trigger': '展示確認: ヒモ分散レース。1号艇伸び確認後、広めのヒモ流しを採用。穴ヒモ（5・6号艇）を積極的に含める。\n展示で1号艇スタート超安定(0.120秒)→ヒモ固まり方向に注意'}",,,25.9,逃げ狙い,20.84,19.6,3,,,,,,,,,,,
2025-11-12,丸亀,12,3,吉田拡郎,A1,47.62,3,○,15.4311,26.1,86,79.2,0.1329,3.0208,,,0,低,10,0,ま0% 抜0%,4 1 35,0,66.8,1.5165,0,0,0.125,0,0.125,0.0909,0,0,,,A,○,,0.2408,0.81,,0.6219,S,94,0,◎1着固定 2-3着流し（5〜8点）,0.5777,"{'is_target': True, 'verdict': '参加推奨', 'max_combo_prob': 0.0597, 'est_top_odds': 22.3, 'circle_concentration': 60.8, 'eligible_count': 6, 'bet_adj': 2, 'reason': 'rel_win1=55.6%（本命度） / 最有力組み合わせ確率: 0.060（推定実オッズ?22倍） / 2着集中度: 上位2艇 60.8%（補正+0.00） / 総合判定確率: 0.060 / → ヒモ分散。1号艇1着固定で広めのヒモ流し推奨（買い目+2点）', 'tenji_trigger': '展示確認: ヒモ分散レース。1号艇伸び確認後、広めのヒモ流しを採用。穴ヒモ（5・6号艇）を積極的に含める。\n展示で1号艇スタート超安定(0.120秒)→ヒモ固まり方向に注意'}",,,25.9,逃げ狙い,20.84,19.6,3,,,,,,,,,,,
2025-11-12,丸亀,12,4,岡崎恭裕,A1,33.33,4,▲,13.0423,26.9,72,80.5,0.1317,2.5488,,,0,低,38,0,ま0%,261 1,0,82.5,1.6609,0,0,0.0588,0,0,0.1962,0.0462,0,,,D,△,◎,0.2441,0.665,0.3763,0.6219,S,94,0,◎1着固定 2-3着流し（5〜8点）,0.5777,"{'is_target': True, 'verdict': '参加推奨', 'max_combo_prob': 0.0597, 'est_top_odds': 22.3, 'circle_concentration': 60.8, 'eligible_count': 6, 'bet_adj': 2, 'reason': 'rel_win1=55.6%（本命度） / 最有力組み合わせ確率: 0.060（推定実オッズ?22倍） / 2着集中度: 上位2艇 60.8%（補正+0.00） / 総合判定確率: 0.060 / → ヒモ分散。1号艇1着固定で広めのヒモ流し推奨（買い目+2点）', 'tenji_trigger': '展示確認: ヒモ分散レース。1号艇伸び確認後、広めのヒモ流しを採用。穴ヒモ（5・6号艇）を積極的に含める。\n展示で1号艇スタート超安定(0.120秒)→ヒモ固まり方向に注意'}",,,25.9,逃げ狙い,20.84,19.6,3,,,,,,,,,,,
2025-11-12,丸亀,12,5,森高一真,A1,25.71,5,,3.3027,10.8,100,64.3,0.1493,3.2857,,,0,低,28,1,-,3 6 51,0,35.2,0.785,0,0,0,0.0571,0,0,0.1667,0.3333,,,E,△,,0.1937,0.685,,0.6219,S,94,0,◎1着固定 2-3着流し（5〜8点）,0.5777,"{'is_target': True, 'verdict': '参加推奨', 'max_combo_prob': 0.0597, 'est_top_odds': 22.3, 'circle_concentration': 60.8, 'eligible_count': 6, 'bet_adj': 2, 'reason': 'rel_win1=55.6%（本命度） / 最有力組み合わせ確率: 0.060（推定実オッズ?22倍） / 2着集中度: 上位2艇 60.8%（補正+0.00） / 総合判定確率: 0.060 / → ヒモ分散。1号艇1着固定で広めのヒモ流し推奨（買い目+2点）', 'tenji_trigger': '展示確認: ヒモ分散レース。1号艇伸び確認後、広めのヒモ流しを採用。穴ヒモ（5・6号艇）を積極的に含める。\n展示で1号艇スタート超安定(0.120秒)→ヒモ固まり方向に注意'}",,,25.9,逃げ狙い,20.84,19.6,3,,,,,,,,,,,
2025-11-12,丸亀,12,6,白井英治,A1,43.90,6,,2.0671,2.3,58,100,0.1533,3.5,,,0,低,29,1,-,313 62,0,32.5,3.5683,,,,,,0.0588,0.1765,0.0588,,,B,,,0.2073,0.659,,0.6219,S,94,0,◎1着固定 2-3着流し（5〜8点）,0.5777,"{'is_target': True, 'verdict': '参加推奨', 'max_combo_prob': 0.0597, 'est_top_odds': 22.3, 'circle_concentration': 60.8, 'eligible_count': 6, 'bet_adj': 2, 'reason': 'rel_win1=55.6%（本命度） / 最有力組み合わせ確率: 0.060（推定実オッズ?22倍） / 2着集中度: 上位2艇 60.8%（補正+0.00） / 総合判定確率: 0.060 / → ヒモ分散。1号艇1着固定で広めのヒモ流し推奨（買い目+2点）', 'tenji_trigger': '展示確認: ヒモ分散レース。1号艇伸び確認後、広めのヒモ流しを採用。穴ヒモ（5・6号艇）を積極的に含める。\n展示で1号艇スタート超安定(0.120秒)→ヒモ固まり方向に注意'}",,,25.9,逃げ狙い,20.84,19.6,3,,,,,,,,,,,
2025-11-16,丸亀,1,1,石井伸長,B1,39.53,1,◎,64.1808,,0,25,0.245,5.25,,,0,低,79,1,-,,0,100,1.5226,,,,,,0,0.5,0.25,,,B,△,,,0.5655,,-0.0338,D,26,1,大荒れ。見送り推奨,0.5777,"{'is_target': True, 'verdict': '点数絞り', 'max_combo_prob': 0.1187, 'est_top_odds': 11.2, 'circle_concentration': 79.0, 'eligible_count': 6, 'bet_adj': 0, 'reason': 'rel_win1=64.2%（本命度） / 最有力組み合わせ確率: 0.119（推定実オッズ?11倍） / 2着集中度: 上位2艇 79.0%（補正+0.04） / 総合判定確率: 0.159 / → ヒモはやや固め。上位2艇以外を切ること', 'tenji_trigger': '展示確認: 1号艇伸び良→そのまま採用。悪→飛び組に差し替え。circle_pct上位2艇に絞り込むこと。\n展示で1号艇スタート遅め(0.245秒)確認→ヒモが荒れやすい'}",,,29.8,両建て推奨,10.64,39.6,4,2-1-3|2-1-5|2-1-4|2-3-1|2-5-1|2-5-3|2-3-5|1-2-5|1-2-3,2-1-3|2-1-5|2-1-4|2-3-1|2-5-1|2-5-3|2-3-5|1-2-5|1-2-3|6-1-3|5-1-6|6-1-4,2-1-3:3.37%|2-1-5:2.27%|2-1-4:2.14%|2-3-1:1.05%|2-5-1:0.76%|2-5-3:0.39%|2-3-5:0.36%|1-2-5:5.27%|1-2-3:4.94%,2-1-3:B_main|2-1-5:B_main|2-1-4:B_main|2-3-1:B_main|2-5-1:B_main|2-5-3:B_main|2-3-5:B_main|1-2-5:A|1-2-3:A,9,12,0.2915,1,[!]見送り推奨（主役決まり手「差し」― 逃げ劣勢レースで的中実績なし）,主役軸流し,B
2025-11-16,丸亀,1,2,松本庸平,B1,32.50,2,△,11.6104,56.4,50,52.7,0.2036,4.5135,,,0,低,228,0,-,,0,68.3,1.5334,0,0.0323,0.0323,0,0,0.4143,0.0571,0.2071,,◎,D,◎,,0.556,0.626,,-0.0338,D,26,1,大荒れ。見送り推奨,0.5777,"{'is_target': True, 'verdict': '点数絞り', 'max_combo_prob': 0.1187, 'est_top_odds': 11.2, 'circle_concentration': 79.0, 'eligible_count': 6, 'bet_adj': 0, 'reason': 'rel_win1=64.2%（本命度） / 最有力組み合わせ確率: 0.119（推定実オッズ?11倍） / 2着集中度: 上位2艇 79.0%（補正+0.04） / 総合判定確率: 0.159 / → ヒモはやや固め。上位2艇以外を切ること', 'tenji_trigger': '展示確認: 1号艇伸び良→そのまま採用。悪→飛び組に差し替え。circle_pct上位2艇に絞り込むこと。\n展示で1号艇スタート遅め(0.245秒)確認→ヒモが荒れやすい'}",,,29.8,両建て推奨,10.64,39.6,4,,,,,,,,,,,
2025-11-16,丸亀,1,3,武藤綾子,B1,34.78,3,▲,8.5454,13.5,100,31.6,0.2316,4.2237,,,0,低,118,0,-,,0,46.6,1.3962,0,0,0.0556,0,0,0.1455,0.2364,0,,△,C,,,0.3556,0.5505,,-0.0338,D,26,1,大荒れ。見送り推奨,0.5777,"{'is_target': True, 'verdict': '点数絞り', 'max_combo_prob': 0.1187, 'est_top_odds': 11.2, 'circle_concentration': 79.0, 'eligible_count': 6, 'bet_adj': 0, 'reason': 'rel_win1=64.2%（本命度） / 最有力組み合わせ確率: 0.119（推定実オッズ?11倍） / 2着集中度: 上位2艇 79.0%（補正+0.04） / 総合判定確率: 0.159 / → ヒモはやや固め。上位2艇以外を切ること', 'tenji_trigger': '展示確認: 1号艇伸び良→そのまま採用。悪→飛び組に差し替え。circle_pct上位2艇に絞り込むこと。\n展示で1号艇スタート遅め(0.245秒)確認→ヒモが荒れやすい'}",,,29.8,両建て推奨,10.64,39.6,4,,,,,,,,,,,
2025-11-16,丸亀,1,4,小澤　学,B1,28.89,4,,7.9558,7.1,96,36.1,0.2611,5.4792,,,0,低,319,0,抜0%,,0,17.1,0.8138,0,0,0,0,0.0571,0.4667,0.4222,0.0222,,,E,△,,0.2505,0.59,,-0.0338,D,26,1,大荒れ。見送り推奨,0.5777,"{'is_target': True, 'verdict': '点数絞り', 'max_combo_prob': 0.1187, 'est_top_odds': 11.2, 'circle_concentration': 79.0, 'eligible_count': 6, 'bet_adj': 0, 'reason': 'rel_win1=64.2%（本命度） / 最有力組み合わせ確率: 0.119（推定実オッズ?11倍） / 2着集中度: 上位2艇 79.0%（補正+0.04） / 総合判定確率: 0.159 / → ヒモはやや固め。上位2艇以外を切ること', 'tenji_trigger': '展示確認: 1号艇伸び良→そのまま採用。悪→飛び組に差し替え。circle_pct上位2艇に絞り込むこと。\n展示で1号艇スタート遅め(0.245秒)確認→ヒモが荒れやすい'}",,,29.8,両建て推奨,10.64,39.6,4,,,,,,,,,,,
2025-11-16,丸亀,1,5,一色凌雅,B1,38.64,5,○,6.3894,22.6,73,39.5,0.1879,4.407,,,0,低,122,0,差ま0%,,0,54,1.1269,0,0,0,0.05,0,0.075,0.3,0.175,,○,B,○,,0.4575,0.6015,,-0.0338,D,26,1,大荒れ。見送り推奨,0.5777,"{'is_target': True, 'verdict': '点数絞り', 'max_combo_prob': 0.1187, 'est_top_odds': 11.2, 'circle_concentration': 79.0, 'eligible_count': 6, 'bet_adj': 0, 'reason': 'rel_win1=64.2%（本命度） / 最有力組み合わせ確率: 0.119（推定実オッズ?11倍） / 2着集中度: 上位2艇 79.0%（補正+0.04） / 総合判定確率: 0.159 / → ヒモはやや固め。上位2艇以外を切ること', 'tenji_trigger': '展示確認: 1号艇伸び良→そのまま採用。悪→飛び組に差し替え。circle_pct上位2艇に絞り込むこと。\n展示で1号艇スタート遅め(0.245秒)確認→ヒモが荒れやすい'}",,,29.8,両建て推奨,10.64,39.6,4,,,,,,,,,,,
2025-11-16,丸亀,1,6,森林　太,B1,37.50,6,,1.3181,0.4,36,7.5,0.2642,5.4623,,,0,低,204,0,-,,0,25.2,0.9833,,,,,,0.0667,0.3556,0.1222,,,C,,,0.2524,0.555,,-0.0338,D,26,1,大荒れ。見送り推奨,0.5777,"{'is_target': True, 'verdict': '点数絞り', 'max_combo_prob': 0.1187, 'est_top_odds': 11.2, 'circle_concentration': 79.0, 'eligible_count': 6, 'bet_adj': 0, 'reason': 'rel_win1=64.2%（本命度） / 最有力組み合わせ確率: 0.119（推定実オッズ?11倍） / 2着集中度: 上位2艇 79.0%（補正+0.04） / 総合判定確率: 0.159 / → ヒモはやや固め。上位2艇以外を切ること', 'tenji_trigger': '展示確認: 1号艇伸び良→そのまま採用。悪→飛び組に差し替え。circle_pct上位2艇に絞り込むこと。\n展示で1号艇スタート遅め(0.245秒)確認→ヒモが荒れやすい'}",,,29.8,両建て推奨,10.64,39.6,4,,,,,,,,,,,
2025-11-16,丸亀,2,1,清水紀克,B1,48.00,1,◎,54.2513,,0,60,0.1605,3.1875,,,0,低,53,0,逃0%,,0,50.7,0.8291,0.4286,,,,,0.4143,0.2262,0.019,○,,A,△,,,0.575,,0.334,B,50,0,◎○△フォーメーション（15〜20点）,0.5777,"{'is_target': True, 'verdict': '点数絞り', 'max_combo_prob': 0.1011, 'est_top_odds': 13.2, 'circle_concentration': 84.3, 'eligible_count': 9, 'bet_adj': 0, 'reason': 'rel_win1=54.3%（本命度） / 最有力組み合わせ確率: 0.101（推定実オッズ?13倍） / 2着集中度: 上位2艇 84.3%（補正+0.04） / 総合判定確率: 0.141 / → ヒモはやや固め。上位2艇以外を切ること', 'tenji_trigger': '展示確認: 1号艇伸び良→そのまま採用。悪→飛び組に差し替え。circle_pct上位2艇に絞り込むこと。'}",,,30.8,両建て推奨,11.93,41.2,3,,,,,0,0,0.6155,0,,主役軸流し,B
2025-11-16,丸亀,2,2,山本修一,A1,48.00,2,○,13.2823,55,91,67.9,0.1602,3.3482,,,0,低,146,0,-,,0,99.4,1.9414,0,0.0476,0,0,0,0.0976,0.1667,0.1976,,○,A,△,,0.3744,0.5625,,0.334,B,50,0,◎○△フォーメーション（15〜20点）,0.5777,"{'is_target': True, 'verdict': '点数絞り', 'max_combo_prob': 0.1011, 'est_top_odds': 13.2, 'circle_concentration': 84.3, 'eligible_count': 9, 'bet_adj': 0, 'reason': 'rel_win1=54.3%（本命度） / 最有力組み合わせ確率: 0.101（推定実オッズ?13倍） / 2着集中度: 上位2艇 84.3%（補正+0.04） / 総合判定確率: 0.141 / → ヒモはやや固め。上位2艇以外を切ること', 'tenji_trigger': '展示確認: 1号艇伸び良→そのまま採用。悪→飛び組に差し替え。circle_pct上位2艇に絞り込むこと。'}",,,30.8,両建て推奨,11.93,41.2,3,,,,,,,,,,,
2025-11-16,丸亀,2,3,山田理央,A2,35.00,3,▲,10.7695,29.3,86,56.8,0.1295,2.4054,,,0,低,62,0,-,,0,67.5,1.5158,,,,,,0.0444,0.1444,0.0222,,◎,C,○,,0.5132,0.6,,0.334,B,50,0,◎○△フォーメーション（15〜20点）,0.5777,"{'is_target': True, 'verdict': '点数絞り', 'max_combo_prob': 0.1011, 'est_top_odds': 13.2, 'circle_concentration': 84.3, 'eligible_count': 9, 'bet_adj': 0, 'reason': 'rel_win1=54.3%（本命度） / 最有力組み合わせ確率: 0.101（推定実オッズ?13倍） / 2着集中度: 上位2艇 84.3%（補正+0.04） / 総合判定確率: 0.141 / → ヒモはやや固め。上位2艇以外を切ること', 'tenji_trigger': '展示確認: 1号艇伸び良→そのまま採用。悪→飛び組に差し替え。circle_pct上位2艇に絞り込むこと。'}",,,30.8,両建て推奨,11.93,41.2,3,,,,,,,,,,,
2025-11-16,丸亀,2,4,浅井　翼,B1,35.71,4,△,13.0068,6.4,59,11.1,0.1617,2.7361,,,0,低,93,0,ま0%,,0,38.4,0.8485,0,0,0.0588,0,0,0.3077,0.3077,0.1538,,,B,,,0.3181,0.4745,,0.334,B,50,0,◎○△フォーメーション（15〜20点）,0.5777,"{'is_target': True, 'verdict': '点数絞り', 'max_combo_prob': 0.1011, 'est_top_odds': 13.2, 'circle_concentration': 84.3, 'eligible_count': 9, 'bet_adj': 0, 'reason': 'rel_win1=54.3%（本命度） / 最有力組み合わせ確率: 0.101（推定実オッズ?13倍） / 2着集中度: 上位2艇 84.3%（補正+0.04） / 総合判定確率: 0.141 / → ヒモはやや固め。上位2艇以外を切ること', 'tenji_trigger': '展示確認: 1号艇伸び良→そのまま採用。悪→飛び組に差し替え。circle_pct上位2艇に絞り込むこと。'}",,,30.8,両建て推奨,11.93,41.2,3,,,,,,,,,,,
2025-11-16,丸亀,2,5,中山鷹輔,B2,21.05,5,,7.3525,7.9,100,0,0.2267,5.0833,,,0,低,36,1,-,,0,25.2,0.7586,,,,,,,,,,,E,,,0.1716,0.5505,,0.334,B,50,0,◎○△フォーメーション（15〜20点）,0.5777,"{'is_target': True, 'verdict': '点数絞り', 'max_combo_prob': 0.1011, 'est_top_odds': 13.2, 'circle_concentration': 84.3, 'eligible_count': 9, 'bet_adj': 0, 'reason': 'rel_win1=54.3%（本命度） / 最有力組み合わせ確率: 0.101（推定実オッズ?13倍） / 2着集中度: 上位2艇 84.3%（補正+0.04） / 総合判定確率: 0.141 / → ヒモはやや固め。上位2艇以外を切ること', 'tenji_trigger': '展示確認: 1号艇伸び良→そのまま採用。悪→飛び組に差し替え。circle_pct上位2艇に絞り込むこと。'}",,,30.8,両建て推奨,11.93,41.2,3,,,,,,,,,,,
2025-11-16,丸亀,2,6,川北浩貴,A2,22.86,6,,1.3377,1.4,50,22.9,0.2039,4.3443,,,0,低,146,0,-,,0,26.9,0.7153,,,,,,0.1399,0.2257,0.0541,,,D,◎,,0.2058,0.6565,,0.334,B,50,0,◎○△フォーメーション（15〜20点）,0.5777,"{'is_target': True, 'verdict': '点数絞り', 'max_combo_prob': 0.1011, 'est_top_odds': 13.2, 'circle_concentration': 84.3, 'eligible_count': 9, 'bet_adj': 0, 'reason': 'rel_win1=54.3%（本命度） / 最有力組み合わせ確率: 0.101（推定実オッズ?13倍） / 2着集中度: 上位2艇 84.3%（補正+0.04） / 総合判定確率: 0.141 / → ヒモはやや固め。上位2艇以外を切ること', 'tenji_trigger': '展示確認: 1号艇伸び良→そのまま採用。悪→飛び組に差し替え。circle_pct上位2艇に絞り込むこと。'}",,,30.8,両建て推奨,11.93,41.2,3,,,,,,,,,,,
2025-11-16,丸亀,3,1,東　健介,B1,30.00,1,○,43.6379,,0,56.8,0.1668,3.5811,,,0,低,99,0,-,,0,93,1.279,0.1667,,,,,0.0667,0.1556,0.5389,△,,C,△,,,0.631,,0.2855,C,43,0,荒れ傾向。高配当狙いか見送り,0.5777,"{'is_target': False, 'verdict': '対象外', 'max_combo_prob': None, 'est_top_odds': None, 'circle_concentration': None, 'eligible_count': 0, 'bet_adj': 0, 'reason': '1号艇rel_win1 < 45%: 通常判定に委ねる', 'tenji_trigger': ''}",,,29.3,両建て推奨,14.36,34.8,2,4-5-6|1-2-6|1-2-3|1-3-2|1-3-6|1-4-2,2-1-3|3-2-5|3-1-5|4-5-6|3-5-6|3-5-2|2-1-5|1-2-6|1-2-3|1-3-2|1-3-6|1-4-2,4-5-6:1.89%|1-2-6:6.13%|1-2-3:5.9%|1-3-2:5.76%|1-3-6:4.93%|1-4-2:3.66%,4-5-6:B_main|1-2-6:A|1-2-3:A|1-3-2:A|1-3-6:A|1-4-2:A,6,12,0.4535,1,[!]見送り推奨（主役決まり手「まくり」― 逃げ劣勢レースで的中実績なし）,荒れ広め,D
2025-11-16,丸亀,3,2,松尾夏海,A1,30.23,2,△,15.937,44.7,98,64.5,0.1616,3.2903,,,0,低,45,0,-,,0,83.3,1.0622,0,0.1,0,0,0,,,,,○,C,◎,,0.3843,0.684,,0.2855,C,43,0,荒れ傾向。高配当狙いか見送り,0.5777,"{'is_target': False, 'verdict': '対象外', 'max_combo_prob': None, 'est_top_odds': None, 'circle_concentration': None, 'eligible_count': 0, 'bet_adj': 0, 'reason': '1号艇rel_win1 < 45%: 通常判定に委ねる', 'tenji_trigger': ''}",,,29.3,両建て推奨,14.36,34.8,2,,,,,,,,,,,
2025-11-16,丸亀,3,3,川田正人,A2,27.27,3,,13.1215,34.6,81,62.7,0.159,3.4328,,,0,低,152,0,-,,0,49.1,1.2579,0,0.0968,0,0.0323,0,0.1373,0.3263,0.0387,,,D,,,0.3508,0.614,,0.2855,C,43,0,荒れ傾向。高配当狙いか見送り,0.5777,"{'is_target': False, 'verdict': '対象外', 'max_combo_prob': None, 'est_top_odds': None, 'circle_concentration': None, 'eligible_count': 0, 'bet_adj': 0, 'reason': '1号艇rel_win1 < 45%: 通常判定に委ねる', 'tenji_trigger': ''}",,,29.3,両建て推奨,14.36,34.8,2,,,,,,,,,,,
2025-11-16,丸亀,3,4,中尾優香,B1,42.00,4,◎,13.7972,8.7,93,36,0.1504,3.02,,,0,低,53,0,ま0% 差ま0%,,0,42.8,1.0502,0,0,0.1667,0.0833,0,0,0.3333,0,,◎,A,,,0.412,0.5435,,0.2855,C,43,0,荒れ傾向。高配当狙いか見送り,0.5777,"{'is_target': False, 'verdict': '対象外', 'max_combo_prob': None, 'est_top_odds': None, 'circle_concentration': None, 'eligible_count': 0, 'bet_adj': 0, 'reason': '1号艇rel_win1 < 45%: 通常判定に委ねる', 'tenji_trigger': ''}",,,29.3,両建て推奨,14.36,34.8,2,,,,,,,,,,,
2025-11-16,丸亀,3,5,馬野　耀,A2,32.65,5,▲,9.7075,6.5,82,60,0.1549,3.7667,,,0,低,78,0,ま1%,,0,29.5,0.85,0,0,0.05,0.05,0.05,0.0455,0.1818,0.0909,,,B,△,,0.3486,0.6435,,0.2855,C,43,0,荒れ傾向。高配当狙いか見送り,0.5777,"{'is_target': False, 'verdict': '対象外', 'max_combo_prob': None, 'est_top_odds': None, 'circle_concentration': None, 'eligible_count': 0, 'bet_adj': 0, 'reason': '1号艇rel_win1 < 45%: 通常判定に委ねる', 'tenji_trigger': ''}",,,29.3,両建て推奨,14.36,34.8,2,,,,,,,,,,,
2025-11-16,丸亀,3,6,桑原将光,A2,16.67,6,,3.799,5.6,100,43.3,0.1515,3.5373,,,0,低,130,0,-,,0,40.6,1.7133,0,0,0,0.0357,0,0.2429,0.4857,0.0714,,,E,○,,0.3539,0.6525,,0.2855,C,43,0,荒れ傾向。高配当狙いか見送り,0.5777,"{'is_target': False, 'verdict': '対象外', 'max_combo_prob': None, 'est_top_odds': None, 'circle_concentration': None, 'eligible_count': 0, 'bet_adj': 0, 'reason': '1号艇rel_win1 < 45%: 通常判定に委ねる', 'tenji_trigger': ''}",,,29.3,両建て推奨,14.36,34.8,2,,,,,,,,,,,
2025-11-16,丸亀,4,1,内山文典,B1,17.14,1,○,37.1609,,0,83.9,0.1637,2.8065,,,0,低,123,0,逃0%,,0,66.4,1.0096,0.3846,,,,,0.0308,0.1769,0.1769,○,,E,△,,,0.618,,0.3685,C,42,0,荒れ傾向。高配当狙いか見送り,0.5777,"{'is_target': False, 'verdict': '対象外', 'max_combo_prob': None, 'est_top_odds': None, 'circle_concentration': None, 'eligible_count': 0, 'bet_adj': 0, 'reason': '1号艇rel_win1 < 45%: 通常判定に委ねる', 'tenji_trigger': ''}",,,31.5,両建て推奨,27.89,29.7,3,,,,,0,0,0.6155,0,,逃げ軸流し,A
2025-11-16,丸亀,4,2,谷野錬志,B1,35.90,2,▲,20.2583,47,68,73.5,0.1422,2.7959,,,0,低,70,0,差0% ま0% 抜0%,,0,60.4,1.2576,0,0.1379,0.1034,0,0.069,0.0121,0.1985,0.0121,,◎,C,◎,,0.5506,0.651,,0.3685,C,42,0,荒れ傾向。高配当狙いか見送り,0.5777,"{'is_target': False, 'verdict': '対象外', 'max_combo_prob': None, 'est_top_odds': None, 'circle_concentration': None, 'eligible_count': 0, 'bet_adj': 0, 'reason': '1号艇rel_win1 < 45%: 通常判定に委ねる', 'tenji_trigger': ''}",,,31.5,両建て推奨,27.89,29.7,3,,,,,,,,,,,
2025-11-16,丸亀,4,3,安河内健,A1,43.24,3,◎,25.371,35.7,67,85.3,0.1403,2.6029,,,0,低,76,0,ま0% 差ま0% 抜0%,,0,92.7,1.8746,0,0,0.0667,0.2667,0.0667,0.1758,0,0.0129,,○,B,○,,0.4782,0.6435,,0.3685,C,42,0,荒れ傾向。高配当狙いか見送り,0.5777,"{'is_target': False, 'verdict': '対象外', 'max_combo_prob': None, 'est_top_odds': None, 'circle_concentration': None, 'eligible_count': 0, 'bet_adj': 0, 'reason': '1号艇rel_win1 < 45%: 通常判定に委ねる', 'tenji_trigger': ''}",,,31.5,両建て推奨,27.89,29.7,3,,,,,,,,,,,
2025-11-16,丸亀,4,4,深川和仁,A2,21.88,4,,8.9591,8.9,100,49.1,0.1643,3.7642,,,0,低,130,0,-,,0,69.1,1.3698,,,,,,0.2,0.0167,0.05,,,E,,◎,0.33,0.606,0.245,0.3685,C,42,0,荒れ傾向。高配当狙いか見送り,0.5777,"{'is_target': False, 'verdict': '対象外', 'max_combo_prob': None, 'est_top_odds': None, 'circle_concentration': None, 'eligible_count': 0, 'bet_adj': 0, 'reason': '1号艇rel_win1 < 45%: 通常判定に委ねる', 'tenji_trigger': ''}",,,31.5,両建て推奨,27.89,29.7,3,,,,,,,,,,,
2025-11-16,丸亀,4,5,大神康司,A2,48.98,5,△,7.2069,6.9,75,0,0.18,2,,,0,低,61,1,-,,0,28.6,0.7529,,,,,,0.2807,0,0.067,,,A,,,0.2847,0.6115,,0.3685,C,42,0,荒れ傾向。高配当狙いか見送り,0.5777,"{'is_target': False, 'verdict': '対象外', 'max_combo_prob': None, 'est_top_odds': None, 'circle_concentration': None, 'eligible_count': 0, 'bet_adj': 0, 'reason': '1号艇rel_win1 < 45%: 通常判定に委ねる', 'tenji_trigger': ''}",,,31.5,両建て推奨,27.89,29.7,3,,,,,,,,,,,
2025-11-16,丸亀,4,6,片岡秀樹,B1,42.86,6,,1.0438,1.5,22,11.1,0.1467,3.5926,,,0,低,85,0,-,,0,28.6,0.7622,,,,,,0.2778,0.3889,0.1111,,,B,△,,0.3906,0.6405,,0.3685,C,42,0,荒れ傾向。高配当狙いか見送り,0.5777,"{'is_target': False, 'verdict': '対象外', 'max_combo_prob': None, 'est_top_odds': None, 'circle_concentration': None, 'eligible_count': 0, 'bet_adj': 0, 'reason': '1号艇rel_win1 < 45%: 通常判定に委ねる', 'tenji_trigger': ''}",,,31.5,両建て推奨,27.89,29.7,3,,,,,,,,,,,
2025-11-16,丸亀,5,1,古場輝義,A2,35.42,1,◎,42.5623,,0,72.4,0.1587,3.4934,,,0,低,140,0,逃0%,,0,51.1,0.9118,0.2667,,,,,0.04,0.2933,0.3067,○,,B,,,,0.619,,0.3654,B,53,0,◎○△フォーメーション（15〜20点）,0.5777,"{'is_target': False, 'verdict': '対象外', 'max_combo_prob': None, 'est_top_odds': None, 'circle_concentration': None, 'eligible_count': 0, 'bet_adj': 0, 'reason': '1号艇rel_win1 < 45%: 通常判定に委ねる', 'tenji_trigger': ''}",,,31.5,両建て推奨,22.45,34.2,3,,,,,0,0,0.6155,0,,主役軸流し,B
2025-11-16,丸亀,5,2,藤田浩人,A2,18.18,2,△,12.1168,47.2,67,76.6,0.1679,3.5519,,,0,低,147,0,-,,0,100,2.1314,0,0.0625,0.0625,0,0.0312,0.1,0.0273,0.0182,,,E,○,,0.2279,0.653,,0.3654,B,53,0,◎○△フォーメーション（15〜20点）,0.5777,"{'is_target': False, 'verdict': '対象外', 'max_combo_prob': None, 'est_top_odds': None, 'circle_concentration': None, 'eligible_count': 0, 'bet_adj': 0, 'reason': '1号艇rel_win1 < 45%: 通常判定に委ねる', 'tenji_trigger': ''}",,,31.5,両建て推奨,22.45,34.2,3,,,,,,,,,,,
2025-11-16,丸亀,5,3,中田元泰,A1,38.10,3,○,19.2804,25.6,100,73.2,0.1555,3.0446,,,0,低,90,0,-,,0,75,1.11,0,0.04,0,0.16,0,0.0323,0.1613,0,,◎,B,◎,,0.3603,0.685,,0.3654,B,53,0,◎○△フォーメーション（15〜20点）,0.5777,"{'is_target': False, 'verdict': '対象外', 'max_combo_prob': None, 'est_top_odds': None, 'circle_concentration': None, 'eligible_count': 0, 'bet_adj': 0, 'reason': '1号艇rel_win1 < 45%: 通常判定に委ねる', 'tenji_trigger': ''}",,,31.5,両建て推奨,22.45,34.2,3,,,,,,,,,,,
2025-11-16,丸亀,5,4,柘植政浩,A2,14.29,4,,14.2118,18.8,77,59.5,0.1638,3.473,,,0,低,143,0,差0%,,0,28.6,0.8394,0,0.0294,0.0294,0.0588,0,0.0222,0.0444,0.0556,,,E,△,◎,0.3102,0.647,0.3525,0.3654,B,53,0,◎○△フォーメーション（15〜20点）,0.5777,"{'is_target': False, 'verdict': '対象外', 'max_combo_prob': None, 'est_top_odds': None, 'circle_concentration': None, 'eligible_count': 0, 'bet_adj': 0, 'reason': '1号艇rel_win1 < 45%: 通常判定に委ねる', 'tenji_trigger': ''}",,,31.5,両建て推奨,22.45,34.2,3,,,,,,,,,,,
2025-11-16,丸亀,5,5,坂口貴彦,B1,24.44,5,,5.7528,6.1,34,27.7,0.1706,3.8077,,,0,低,134,0,-,,0,38.5,1.5726,,,,,,0.0471,0.1235,0.1471,,,D,,,0.3191,0.591,,0.3654,B,53,0,◎○△フォーメーション（15〜20点）,0.5777,"{'is_target': False, 'verdict': '対象外', 'max_combo_prob': None, 'est_top_odds': None, 'circle_concentration': None, 'eligible_count': 0, 'bet_adj': 0, 'reason': '1号艇rel_win1 < 45%: 通常判定に委ねる', 'tenji_trigger': ''}",,,31.5,両建て推奨,22.45,34.2,3,,,,,,,,,,,
2025-11-16,丸亀,5,6,枝尾　賢,B2,44.00,6,▲,6.0759,2.3,85,52.5,0.1807,3.675,,,0,低,61,0,-,,0,98,2.1086,,,,,,0.1828,0.0421,0.0967,,,A,△,,0.284,0.631,,0.3654,B,53,0,◎○△フォーメーション（15〜20点）,0.5777,"{'is_target': False, 'verdict': '対象外', 'max_combo_prob': None, 'est_top_odds': None, 'circle_concentration': None, 'eligible_count': 0, 'bet_adj': 0, 'reason': '1号艇rel_win1 < 45%: 通常判定に委ねる', 'tenji_trigger': ''}",,,31.5,両建て推奨,22.45,34.2,3,,,,,,,,,,,
2025-11-16,丸亀,6,1,青木　蓮,A2,35.71,1,◎,60.0129,,0,80.5,0.162,3,,,0,低,73,0,逃1%,,0,69.7,1.0629,0.75,,,,,0.02,0.24,0.04,◎,,B,△,,,0.589,,0.5163,S,96,0,◎1着固定 2-3着流し（5〜8点）,0.5777,"{'is_target': True, 'verdict': '参加推奨', 'max_combo_prob': 0.086, 'est_top_odds': 15.5, 'circle_concentration': 63.1, 'eligible_count': 6, 'bet_adj': 2, 'reason': 'rel_win1=60.0%（本命度） / 最有力組み合わせ確率: 0.086（推定実オッズ?16倍） / 2着集中度: 上位2艇 63.1%（補正+0.00） / 総合判定確率: 0.086 / → ヒモ分散。1号艇1着固定で広めのヒモ流し推奨（買い目+2点）', 'tenji_trigger': '展示確認: ヒモ分散レース。1号艇伸び確認後、広めのヒモ流しを採用。穴ヒモ（5・6号艇）を積極的に含める。'}",,,28.2,逃げ狙い,16.61,29.8,2,,,,,0,0,0.7559,0,,逃げ軸流し,A
2025-11-16,丸亀,6,2,西尾亮輔,B1,31.91,2,○,9.5488,22.1,95,45.5,0.1614,3.3864,,,0,低,145,0,-,,0,100,0.6779,,,,,,0.12,0.04,0.72,,◎,B,,,0.3335,0.545,,0.5163,S,96,0,◎1着固定 2-3着流し（5〜8点）,0.5777,"{'is_target': True, 'verdict': '参加推奨', 'max_combo_prob': 0.086, 'est_top_odds': 15.5, 'circle_concentration': 63.1, 'eligible_count': 6, 'bet_adj': 2, 'reason': 'rel_win1=60.0%（本命度） / 最有力組み合わせ確率: 0.086（推定実オッズ?16倍） / 2着集中度: 上位2艇 63.1%（補正+0.00） / 総合判定確率: 0.086 / → ヒモ分散。1号艇1着固定で広めのヒモ流し推奨（買い目+2点）', 'tenji_trigger': '展示確認: ヒモ分散レース。1号艇伸び確認後、広めのヒモ流しを採用。穴ヒモ（5・6号艇）を積極的に含める。'}",,,28.2,逃げ狙い,16.61,29.8,2,,,,,,,,,,,
2025-11-16,丸亀,6,3,白水勝也,A1,23.53,3,,12.9852,39.8,86,70.8,0.17,3.5077,,,0,低,134,0,ま0%,,0,37.7,0.9417,0,0.0345,0.069,0.0345,0,0.1045,0.0455,0.0955,,,D,△,,0.2497,0.604,,0.5163,S,96,0,◎1着固定 2-3着流し（5〜8点）,0.5777,"{'is_target': True, 'verdict': '参加推奨', 'max_combo_prob': 0.086, 'est_top_odds': 15.5, 'circle_concentration': 63.1, 'eligible_count': 6, 'bet_adj': 2, 'reason': 'rel_win1=60.0%（本命度） / 最有力組み合わせ確率: 0.086（推定実オッズ?16倍） / 2着集中度: 上位2艇 63.1%（補正+0.00） / 総合判定確率: 0.086 / → ヒモ分散。1号艇1着固定で広めのヒモ流し推奨（買い目+2点）', 'tenji_trigger': '展示確認: ヒモ分散レース。1号艇伸び確認後、広めのヒモ流しを採用。穴ヒモ（5・6号艇）を積極的に含める。'}",,,28.2,逃げ狙い,16.61,29.8,2,,,,,,,,,,,
2025-11-16,丸亀,6,4,高木圭大,B2,25.00,4,▲,4.7125,13.1,42,27.1,0.1605,3.0169,,,0,低,107,0,-,,0,27.9,0.6355,0,0,0,0,0.0312,0.0632,0.1842,0.2632,,,D,○,,0.3184,0.606,,0.5163,S,96,0,◎1着固定 2-3着流し（5〜8点）,0.5777,"{'is_target': True, 'verdict': '参加推奨', 'max_combo_prob': 0.086, 'est_top_odds': 15.5, 'circle_concentration': 63.1, 'eligible_count': 6, 'bet_adj': 2, 'reason': 'rel_win1=60.0%（本命度） / 最有力組み合わせ確率: 0.086（推定実オッズ?16倍） / 2着集中度: 上位2艇 63.1%（補正+0.00） / 総合判定確率: 0.086 / → ヒモ分散。1号艇1着固定で広めのヒモ流し推奨（買い目+2点）', 'tenji_trigger': '展示確認: ヒモ分散レース。1号艇伸び確認後、広めのヒモ流しを採用。穴ヒモ（5・6号艇）を積極的に含める。'}",,,28.2,逃げ狙い,16.61,29.8,2,,,,,,,,,,,
2025-11-16,丸亀,6,5,新田雄史,A1,31.11,5,△,11.4009,23.2,100,87,0.1691,3.3696,,,0,低,30,0,差ま0%,,0,26.8,2.4617,0,0,0,0.125,0,0.0833,0.0833,0.0833,,,C,◎,,0.2787,0.625,,0.5163,S,96,0,◎1着固定 2-3着流し（5〜8点）,0.5777,"{'is_target': True, 'verdict': '参加推奨', 'max_combo_prob': 0.086, 'est_top_odds': 15.5, 'circle_concentration': 63.1, 'eligible_count': 6, 'bet_adj': 2, 'reason': 'rel_win1=60.0%（本命度） / 最有力組み合わせ確率: 0.086（推定実オッズ?16倍） / 2着集中度: 上位2艇 63.1%（補正+0.00） / 総合判定確率: 0.086 / → ヒモ分散。1号艇1着固定で広めのヒモ流し推奨（買い目+2点）', 'tenji_trigger': '展示確認: ヒモ分散レース。1号艇伸び確認後、広めのヒモ流しを採用。穴ヒモ（5・6号艇）を積極的に含める。'}",,,28.2,逃げ狙い,16.61,29.8,2,,,,,,,,,,,
2025-11-16,丸亀,6,6,中澤里桜,B2,17.65,6,,1.3397,1.7,41,4.3,0.2217,4.5435,,,0,低,12,0,-,,0,23.3,0.6483,,,,,,,,,,,E,,,0.1361,0.4195,,0.5163,S,96,0,◎1着固定 2-3着流し（5〜8点）,0.5777,"{'is_target': True, 'verdict': '参加推奨', 'max_combo_prob': 0.086, 'est_top_odds': 15.5, 'circle_concentration': 63.1, 'eligible_count': 6, 'bet_adj': 2, 'reason': 'rel_win1=60.0%（本命度） / 最有力組み合わせ確率: 0.086（推定実オッズ?16倍） / 2着集中度: 上位2艇 63.1%（補正+0.00） / 総合判定確率: 0.086 / → ヒモ分散。1号艇1着固定で広めのヒモ流し推奨（買い目+2点）', 'tenji_trigger': '展示確認: ヒモ分散レース。1号艇伸び確認後、広めのヒモ流しを採用。穴ヒモ（5・6号艇）を積極的に含める。'}",,,28.2,逃げ狙い,16.61,29.8,2,,,,,,,,,,,
2025-11-16,丸亀,7,1,山田理央,A2,35.00,1,◎,50.8033,,0,88.6,0.134,2.4857,,,0,低,62,0,逃0%,,0,86.6,1.176,0.6667,,,,,0.0444,0.1444,0.0222,◎,,C,△,,,0.6,,0.5769,S,82,0,◎1着固定 2-3着流し（5〜8点）,0.5777,"{'is_target': True, 'verdict': '参加推奨', 'max_combo_prob': 0.0886, 'est_top_odds': 15.0, 'circle_concentration': 66.2, 'eligible_count': 6, 'bet_adj': 2, 'reason': 'rel_win1=50.8%（本命度） / 最有力組み合わせ確率: 0.089（推定実オッズ?15倍） / 2着集中度: 上位2艇 66.2%（補正+0.00） / 総合判定確率: 0.089 / → ヒモ分散。1号艇1着固定で広めのヒモ流し推奨（買い目+2点）', 'tenji_trigger': '展示確認: ヒモ分散レース。1号艇伸び確認後、広めのヒモ流しを採用。穴ヒモ（5・6号艇）を積極的に含める。\n展示で1号艇スタート超安定(0.134秒)→ヒモ固まり方向に注意'}",,,29.6,逃げ狙い,25.54,26.2,2,,,,,0,0,0.7559,0,,逃げ軸流し,A
2025-11-16,丸亀,7,2,小野生奈,A1,47.83,2,○,21.9382,28,100,71.4,0.1676,3.2143,,,0,低,35,0,差0%,,0,62.1,1.2478,0,0.3636,0,0,0,0.0714,0,0.1429,,,A,○,,0.1375,0.625,,0.5769,S,82,0,◎1着固定 2-3着流し（5〜8点）,0.5777,"{'is_target': True, 'verdict': '参加推奨', 'max_combo_prob': 0.0886, 'est_top_odds': 15.0, 'circle_concentration': 66.2, 'eligible_count': 6, 'bet_adj': 2, 'reason': 'rel_win1=50.8%（本命度） / 最有力組み合わせ確率: 0.089（推定実オッズ?15倍） / 2着集中度: 上位2艇 66.2%（補正+0.00） / 総合判定確率: 0.089 / → ヒモ分散。1号艇1着固定で広めのヒモ流し推奨（買い目+2点）', 'tenji_trigger': '展示確認: ヒモ分散レース。1号艇伸び確認後、広めのヒモ流しを採用。穴ヒモ（5・6号艇）を積極的に含める。\n展示で1号艇スタート超安定(0.134秒)→ヒモ固まり方向に注意'}",,,29.6,逃げ狙い,25.54,26.2,2,,,,,,,,,,,
2025-11-16,丸亀,7,3,中尾優香,B1,42.00,3,▲,9.4038,26.5,54,36.4,0.2155,4.0455,,,0,低,53,0,差0% ま0%,,0,18.3,0.7794,0,0.0833,0.0833,0,0,0,0.3333,0,,,B,,,0.1108,0.5435,,0.5769,S,82,0,◎1着固定 2-3着流し（5〜8点）,0.5777,"{'is_target': True, 'verdict': '参加推奨', 'max_combo_prob': 0.0886, 'est_top_odds': 15.0, 'circle_concentration': 66.2, 'eligible_count': 6, 'bet_adj': 2, 'reason': 'rel_win1=50.8%（本命度） / 最有力組み合わせ確率: 0.089（推定実オッズ?15倍） / 2着集中度: 上位2艇 66.2%（補正+0.00） / 総合判定確率: 0.089 / → ヒモ分散。1号艇1着固定で広めのヒモ流し推奨（買い目+2点）', 'tenji_trigger': '展示確認: ヒモ分散レース。1号艇伸び確認後、広めのヒモ流しを採用。穴ヒモ（5・6号艇）を積極的に含める。\n展示で1号艇スタート超安定(0.134秒)→ヒモ固まり方向に注意'}",,,29.6,逃げ狙い,25.54,26.2,2,,,,,,,,,,,
2025-11-16,丸亀,7,4,守屋美穂,A1,21.21,4,△,13.3952,38.2,48,83.3,0.1411,3.1667,,,0,低,37,0,ま0% 差ま0%,,0,92.5,1.7032,0,0,0.125,0.1875,0,0.1722,0.1944,0.0222,,,E,◎,◎,0.3029,0.629,0.5604,0.5769,S,82,0,◎1着固定 2-3着流し（5〜8点）,0.5777,"{'is_target': True, 'verdict': '参加推奨', 'max_combo_prob': 0.0886, 'est_top_odds': 15.0, 'circle_concentration': 66.2, 'eligible_count': 6, 'bet_adj': 2, 'reason': 'rel_win1=50.8%（本命度） / 最有力組み合わせ確率: 0.089（推定実オッズ?15倍） / 2着集中度: 上位2艇 66.2%（補正+0.00） / 総合判定確率: 0.089 / → ヒモ分散。1号艇1着固定で広めのヒモ流し推奨（買い目+2点）', 'tenji_trigger': '展示確認: ヒモ分散レース。1号艇伸び確認後、広めのヒモ流しを採用。穴ヒモ（5・6号艇）を積極的に含める。\n展示で1号艇スタート超安定(0.134秒)→ヒモ固まり方向に注意'}",,,29.6,逃げ狙い,25.54,26.2,2,,,,,,,,,,,
2025-11-16,丸亀,7,5,大廣咲季,B1,23.33,5,,3.1627,5.7,34,8,0.1836,4.02,,,0,低,81,0,-,,0,28.3,0.6071,0,0.0526,0,0,0,0.3333,0.3333,0,,,E,,,0.1214,0.543,,0.5769,S,82,0,◎1着固定 2-3着流し（5〜8点）,0.5777,"{'is_target': True, 'verdict': '参加推奨', 'max_combo_prob': 0.0886, 'est_top_odds': 15.0, 'circle_concentration': 66.2, 'eligible_count': 6, 'bet_adj': 2, 'reason': 'rel_win1=50.8%（本命度） / 最有力組み合わせ確率: 0.089（推定実オッズ?15倍） / 2着集中度: 上位2艇 66.2%（補正+0.00） / 総合判定確率: 0.089 / → ヒモ分散。1号艇1着固定で広めのヒモ流し推奨（買い目+2点）', 'tenji_trigger': '展示確認: ヒモ分散レース。1号艇伸び確認後、広めのヒモ流しを採用。穴ヒモ（5・6号艇）を積極的に含める。\n展示で1号艇スタート超安定(0.134秒)→ヒモ固まり方向に注意'}",,,29.6,逃げ狙い,25.54,26.2,2,,,,,,,,,,,
2025-11-16,丸亀,7,6,武藤綾子,B1,34.78,6,,1.2967,1.6,31,0,0.2392,5.6667,,,0,低,118,0,-,,0,25.6,0.8333,,,,,,0.1455,0.2364,0,,,C,△,,0.1386,0.5505,,0.5769,S,82,0,◎1着固定 2-3着流し（5〜8点）,0.5777,"{'is_target': True, 'verdict': '参加推奨', 'max_combo_prob': 0.0886, 'est_top_odds': 15.0, 'circle_concentration': 66.2, 'eligible_count': 6, 'bet_adj': 2, 'reason': 'rel_win1=50.8%（本命度） / 最有力組み合わせ確率: 0.089（推定実オッズ?15倍） / 2着集中度: 上位2艇 66.2%（補正+0.00） / 総合判定確率: 0.089 / → ヒモ分散。1号艇1着固定で広めのヒモ流し推奨（買い目+2点）', 'tenji_trigger': '展示確認: ヒモ分散レース。1号艇伸び確認後、広めのヒモ流しを採用。穴ヒモ（5・6号艇）を積極的に含める。\n展示で1号艇スタート超安定(0.134秒)→ヒモ固まり方向に注意'}",,,29.6,逃げ狙い,25.54,26.2,2,,,,,,,,,,,
2025-11-16,丸亀,8,1,吉永則雄,A1,53.19,1,◎,73.3887,,0,88.3,0.1836,4.1489,,,0,低,112,0,逃1%,,0,86.2,1.1388,0.7391,,,,,0.0896,0.0635,0.1184,○,,A,◎,,,0.696,,0.3591,A,79,0,◎-○軸 3着3〜4艇流し（10〜15点）,0.5777,"{'is_target': True, 'verdict': '点数絞り', 'max_combo_prob': 0.193, 'est_top_odds': 6.9, 'circle_concentration': 81.9, 'eligible_count': 8, 'bet_adj': 0, 'reason': 'rel_win1=73.4%（本命度） / 最有力組み合わせ確率: 0.193（推定実オッズ?7倍） / 2着集中度: 上位2艇 81.9%（補正+0.04） / 総合判定確率: 0.233 / → ヒモはやや固め。上位2艇以外を切ること', 'tenji_trigger': '展示確認: 1号艇伸び良→そのまま採用。悪→飛び組に差し替え。circle_pct上位2艇に絞り込むこと。\n展示で1号艇スタート遅め(0.184秒)確認→ヒモが荒れやすい'}",,,32.9,逃げ狙い,15.46,29.9,2,,,,,0,0,0.6155,0,,逃げ軸流し,A
2025-11-16,丸亀,8,2,石原　翼,A2,15.15,2,▲,14.6448,62,67,73.2,0.1434,2.8293,,,0,低,63,0,差0% ま0%,,0,68.2,1.1883,0,0.12,0.12,0,0,0.348,0.032,0.032,,◎,E,△,,0.5924,0.616,,0.3591,A,79,0,◎-○軸 3着3〜4艇流し（10〜15点）,0.5777,"{'is_target': True, 'verdict': '点数絞り', 'max_combo_prob': 0.193, 'est_top_odds': 6.9, 'circle_concentration': 81.9, 'eligible_count': 8, 'bet_adj': 0, 'reason': 'rel_win1=73.4%（本命度） / 最有力組み合わせ確率: 0.193（推定実オッズ?7倍） / 2着集中度: 上位2艇 81.9%（補正+0.04） / 総合判定確率: 0.233 / → ヒモはやや固め。上位2艇以外を切ること', 'tenji_trigger': '展示確認: 1号艇伸び良→そのまま採用。悪→飛び組に差し替え。circle_pct上位2艇に絞り込むこと。\n展示で1号艇スタート遅め(0.184秒)確認→ヒモが荒れやすい'}",,,32.9,逃げ狙い,15.46,29.9,2,,,,,,,,,,,
2025-11-16,丸亀,8,3,小澤　学,B1,28.89,3,△,4.9451,7.4,65,21.7,0.2409,5.4565,,,0,低,319,0,差0% ま0%,,0,10.4,0.5654,0,0.0303,0.0303,0,0,0.4667,0.4222,0.0222,,,C,,,0.1152,0.59,,0.3591,A,79,0,◎-○軸 3着3〜4艇流し（10〜15点）,0.5777,"{'is_target': True, 'verdict': '点数絞り', 'max_combo_prob': 0.193, 'est_top_odds': 6.9, 'circle_concentration': 81.9, 'eligible_count': 8, 'bet_adj': 0, 'reason': 'rel_win1=73.4%（本命度） / 最有力組み合わせ確率: 0.193（推定実オッズ?7倍） / 2着集中度: 上位2艇 81.9%（補正+0.04） / 総合判定確率: 0.233 / → ヒモはやや固め。上位2艇以外を切ること', 'tenji_trigger': '展示確認: 1号艇伸び良→そのまま採用。悪→飛び組に差し替え。circle_pct上位2艇に絞り込むこと。\n展示で1号艇スタート遅め(0.184秒)確認→ヒモが荒れやすい'}",,,32.9,逃げ狙い,15.46,29.9,2,,,,,,,,,,,
2025-11-16,丸亀,8,4,中村辰也,A2,11.76,4,,4.2454,19.8,100,50.9,0.1435,3.0351,,,0,低,74,0,-,,0,65,1.1155,0,0.0455,0,0,0,0.0286,0.0571,0.1571,,○,E,○,,0.4493,0.647,,0.3591,A,79,0,◎-○軸 3着3〜4艇流し（10〜15点）,0.5777,"{'is_target': True, 'verdict': '点数絞り', 'max_combo_prob': 0.193, 'est_top_odds': 6.9, 'circle_concentration': 81.9, 'eligible_count': 8, 'bet_adj': 0, 'reason': 'rel_win1=73.4%（本命度） / 最有力組み合わせ確率: 0.193（推定実オッズ?7倍） / 2着集中度: 上位2艇 81.9%（補正+0.04） / 総合判定確率: 0.233 / → ヒモはやや固め。上位2艇以外を切ること', 'tenji_trigger': '展示確認: 1号艇伸び良→そのまま採用。悪→飛び組に差し替え。circle_pct上位2艇に絞り込むこと。\n展示で1号艇スタート遅め(0.184秒)確認→ヒモが荒れやすい'}",,,32.9,逃げ狙い,15.46,29.9,2,,,,,,,,,,,
2025-11-16,丸亀,8,5,東　健介,B1,30.00,5,○,1.8205,10.4,37,20,0.1633,3.6636,,,0,低,99,0,-,,0,44.8,0.7436,,,,,,0.0667,0.1556,0.5389,,,B,△,,0.3879,0.631,,0.3591,A,79,0,◎-○軸 3着3〜4艇流し（10〜15点）,0.5777,"{'is_target': True, 'verdict': '点数絞り', 'max_combo_prob': 0.193, 'est_top_odds': 6.9, 'circle_concentration': 81.9, 'eligible_count': 8, 'bet_adj': 0, 'reason': 'rel_win1=73.4%（本命度） / 最有力組み合わせ確率: 0.193（推定実オッズ?7倍） / 2着集中度: 上位2艇 81.9%（補正+0.04） / 総合判定確率: 0.233 / → ヒモはやや固め。上位2艇以外を切ること', 'tenji_trigger': '展示確認: 1号艇伸び良→そのまま採用。悪→飛び組に差し替え。circle_pct上位2艇に絞り込むこと。\n展示で1号艇スタート遅め(0.184秒)確認→ヒモが荒れやすい'}",,,32.9,逃げ狙い,15.46,29.9,2,,,,,,,,,,,
2025-11-16,丸亀,8,6,中山鷹輔,B2,21.05,6,,0.9555,0.3,34,3.6,0.208,4.3727,,,0,低,36,0,-,,0,24.7,0.4578,,,,,,,,,,,D,,,0.2419,0.5505,,0.3591,A,79,0,◎-○軸 3着3〜4艇流し（10〜15点）,0.5777,"{'is_target': True, 'verdict': '点数絞り', 'max_combo_prob': 0.193, 'est_top_odds': 6.9, 'circle_concentration': 81.9, 'eligible_count': 8, 'bet_adj': 0, 'reason': 'rel_win1=73.4%（本命度） / 最有力組み合わせ確率: 0.193（推定実オッズ?7倍） / 2着集中度: 上位2艇 81.9%（補正+0.04） / 総合判定確率: 0.233 / → ヒモはやや固め。上位2艇以外を切ること', 'tenji_trigger': '展示確認: 1号艇伸び良→そのまま採用。悪→飛び組に差し替え。circle_pct上位2艇に絞り込むこと。\n展示で1号艇スタート遅め(0.184秒)確認→ヒモが荒れやすい'}",,,32.9,逃げ狙い,15.46,29.9,2,,,,,,,,,,,
2025-11-16,丸亀,9,1,大神康司,A2,48.98,1,◎,64.3024,,0,87.3,0.1585,3.2606,,,0,低,61,0,逃0% 抜0%,,0,89,1.1685,0.7188,,,,,0.2807,0,0.067,◎,,A,△,,,0.6115,,0.5382,A,78,0,◎-○軸 3着3〜4艇流し（10〜15点）,0.5777,"{'is_target': True, 'verdict': '参加推奨', 'max_combo_prob': 0.0728, 'est_top_odds': 18.3, 'circle_concentration': 61.3, 'eligible_count': 8, 'bet_adj': 2, 'reason': 'rel_win1=64.3%（本命度） / 最有力組み合わせ確率: 0.073（推定実オッズ?18倍） / 2着集中度: 上位2艇 61.3%（補正+0.00） / 総合判定確率: 0.073 / → ヒモ分散。1号艇1着固定で広めのヒモ流し推奨（買い目+2点）', 'tenji_trigger': '展示確認: ヒモ分散レース。1号艇伸び確認後、広めのヒモ流しを採用。穴ヒモ（5・6号艇）を積極的に含める。'}",,,28.6,逃げ狙い,15.64,31.9,4,,,,,0,0,0.7559,0,,逃げ軸流し,A
2025-11-16,丸亀,9,2,一色凌雅,B1,38.64,2,○,12.0729,32.4,67,58.1,0.1763,3.9419,,,0,低,122,0,差0%,,0,34.1,0.9484,0,0.08,0,0,0,0.075,0.3,0.175,,,C,,,0.1393,0.6015,,0.5382,A,78,0,◎-○軸 3着3〜4艇流し（10〜15点）,0.5777,"{'is_target': True, 'verdict': '参加推奨', 'max_combo_prob': 0.0728, 'est_top_odds': 18.3, 'circle_concentration': 61.3, 'eligible_count': 8, 'bet_adj': 2, 'reason': 'rel_win1=64.3%（本命度） / 最有力組み合わせ確率: 0.073（推定実オッズ?18倍） / 2着集中度: 上位2艇 61.3%（補正+0.00） / 総合判定確率: 0.073 / → ヒモ分散。1号艇1着固定で広めのヒモ流し推奨（買い目+2点）', 'tenji_trigger': '展示確認: ヒモ分散レース。1号艇伸び確認後、広めのヒモ流しを採用。穴ヒモ（5・6号艇）を積極的に含める。'}",,,28.6,逃げ狙い,15.64,31.9,4,,,,,,,,,,,
2025-11-16,丸亀,9,3,西丸敦基,B1,24.32,3,,10.0268,21.6,64,52.9,0.1818,3.7941,,,0,低,113,0,-,,0,26,0.9198,0,0,0.0455,0.0455,0,0.0333,0.0667,0.3,,,D,△,,0.1716,0.6165,,0.5382,A,78,0,◎-○軸 3着3〜4艇流し（10〜15点）,0.5777,"{'is_target': True, 'verdict': '参加推奨', 'max_combo_prob': 0.0728, 'est_top_odds': 18.3, 'circle_concentration': 61.3, 'eligible_count': 8, 'bet_adj': 2, 'reason': 'rel_win1=64.3%（本命度） / 最有力組み合わせ確率: 0.073（推定実オッズ?18倍） / 2着集中度: 上位2艇 61.3%（補正+0.00） / 総合判定確率: 0.073 / → ヒモ分散。1号艇1着固定で広めのヒモ流し推奨（買い目+2点）', 'tenji_trigger': '展示確認: ヒモ分散レース。1号艇伸び確認後、広めのヒモ流しを採用。穴ヒモ（5・6号艇）を積極的に含める。'}",,,28.6,逃げ狙い,15.64,31.9,4,,,,,,,,,,,
2025-11-16,丸亀,9,4,馬野　耀,A2,32.65,4,▲,9.4177,28.9,100,66.7,0.1571,2.9479,,,0,低,78,0,-,,0,41.9,0.8019,0,0,0.0556,0,0,0.0455,0.1818,0.0909,,,C,○,◎,0.2962,0.6435,0.4067,0.5382,A,78,0,◎-○軸 3着3〜4艇流し（10〜15点）,0.5777,"{'is_target': True, 'verdict': '参加推奨', 'max_combo_prob': 0.0728, 'est_top_odds': 18.3, 'circle_concentration': 61.3, 'eligible_count': 8, 'bet_adj': 2, 'reason': 'rel_win1=64.3%（本命度） / 最有力組み合わせ確率: 0.073（推定実オッズ?18倍） / 2着集中度: 上位2艇 61.3%（補正+0.00） / 総合判定確率: 0.073 / → ヒモ分散。1号艇1着固定で広めのヒモ流し推奨（買い目+2点）', 'tenji_trigger': '展示確認: ヒモ分散レース。1号艇伸び確認後、広めのヒモ流しを採用。穴ヒモ（5・6号艇）を積極的に含める。'}",,,28.6,逃げ狙い,15.64,31.9,4,,,,,,,,,,,
2025-11-16,丸亀,9,5,山本修一,A1,48.00,5,△,3.199,15,65,46.4,0.2009,4.4018,,,0,低,146,0,-,,0,54.9,1.2283,,,,,,0.0976,0.1667,0.1976,,,B,,,0.1779,0.5625,,0.5382,A,78,0,◎-○軸 3着3〜4艇流し（10〜15点）,0.5777,"{'is_target': True, 'verdict': '参加推奨', 'max_combo_prob': 0.0728, 'est_top_odds': 18.3, 'circle_concentration': 61.3, 'eligible_count': 8, 'bet_adj': 2, 'reason': 'rel_win1=64.3%（本命度） / 最有力組み合わせ確率: 0.073（推定実オッズ?18倍） / 2着集中度: 上位2艇 61.3%（補正+0.00） / 総合判定確率: 0.073 / → ヒモ分散。1号艇1着固定で広めのヒモ流し推奨（買い目+2点）', 'tenji_trigger': '展示確認: ヒモ分散レース。1号艇伸び確認後、広めのヒモ流しを採用。穴ヒモ（5・6号艇）を積極的に含める。'}",,,28.6,逃げ狙い,15.64,31.9,4,,,,,,,,,,,
2025-11-16,丸亀,9,6,柘植政浩,A2,14.29,6,,0.9813,2.1,57,23.3,0.1873,4.2083,,,0,低,143,0,-,,0,30.3,0.9994,,,,,,0.0222,0.0444,0.0556,,,E,◎,,0.2184,0.647,,0.5382,A,78,0,◎-○軸 3着3〜4艇流し（10〜15点）,0.5777,"{'is_target': True, 'verdict': '参加推奨', 'max_combo_prob': 0.0728, 'est_top_odds': 18.3, 'circle_concentration': 61.3, 'eligible_count': 8, 'bet_adj': 2, 'reason': 'rel_win1=64.3%（本命度） / 最有力組み合わせ確率: 0.073（推定実オッズ?18倍） / 2着集中度: 上位2艇 61.3%（補正+0.00） / 総合判定確率: 0.073 / → ヒモ分散。1号艇1着固定で広めのヒモ流し推奨（買い目+2点）', 'tenji_trigger': '展示確認: ヒモ分散レース。1号艇伸び確認後、広めのヒモ流しを採用。穴ヒモ（5・6号艇）を積極的に含める。'}",,,28.6,逃げ狙い,15.64,31.9,4,,,,,,,,,,,
2025-11-16,丸亀,10,1,白水勝也,A1,23.53,1,◎,53.023,,0,91.8,0.1515,2.634,,,0,低,134,0,逃1%,,0,66.3,0.9762,0.5682,,,,,0.1045,0.0455,0.0955,◎,,D,,,,0.604,,0.5415,A,72,0,◎-○軸 3着3〜4艇流し（10〜15点）,0.5777,"{'is_target': True, 'verdict': '参加推奨', 'max_combo_prob': 0.0741, 'est_top_odds': 18.0, 'circle_concentration': 70.6, 'eligible_count': 8, 'bet_adj': 2, 'reason': 'rel_win1=53.0%（本命度） / 最有力組み合わせ確率: 0.074（推定実オッズ?18倍） / 2着集中度: 上位2艇 70.6%（補正+0.04） / 総合判定確率: 0.114 / → ヒモ分散。1号艇1着固定で広めのヒモ流し推奨（買い目+2点）', 'tenji_trigger': '展示確認: ヒモ分散レース。1号艇伸び確認後、広めのヒモ流しを採用。穴ヒモ（5・6号艇）を積極的に含める。'}",,,29.4,逃げ狙い,22.81,28,3,,,,,0,0,0.7559,0,,逃げ軸流し,A
2025-11-16,丸亀,10,2,桑原将光,A2,16.67,2,,11.1886,33.7,100,68.1,0.161,3.3403,,,0,低,130,0,-,,0,21.2,0.6372,0,0.1333,0.0333,0,0.0333,0.2429,0.4857,0.0714,,,E,○,,0.2487,0.6525,,0.5415,A,72,0,◎-○軸 3着3〜4艇流し（10〜15点）,0.5777,"{'is_target': True, 'verdict': '参加推奨', 'max_combo_prob': 0.0741, 'est_top_odds': 18.0, 'circle_concentration': 70.6, 'eligible_count': 8, 'bet_adj': 2, 'reason': 'rel_win1=53.0%（本命度） / 最有力組み合わせ確率: 0.074（推定実オッズ?18倍） / 2着集中度: 上位2艇 70.6%（補正+0.04） / 総合判定確率: 0.114 / → ヒモ分散。1号艇1着固定で広めのヒモ流し推奨（買い目+2点）', 'tenji_trigger': '展示確認: ヒモ分散レース。1号艇伸び確認後、広めのヒモ流しを採用。穴ヒモ（5・6号艇）を積極的に含める。'}",,,29.4,逃げ狙い,22.81,28,3,,,,,,,,,,,
2025-11-16,丸亀,10,3,谷野錬志,B1,35.90,3,○,26.8164,36.9,67,84.4,0.142,2.7667,,,0,低,70,0,差0% ま0% 差ま0% 抜0%,,0,94.1,1.9262,0,0.0385,0.0769,0.1923,0.0769,0.0121,0.1985,0.0121,,◎,B,△,,0.3809,0.651,,0.5415,A,72,0,◎-○軸 3着3〜4艇流し（10〜15点）,0.5777,"{'is_target': True, 'verdict': '参加推奨', 'max_combo_prob': 0.0741, 'est_top_odds': 18.0, 'circle_concentration': 70.6, 'eligible_count': 8, 'bet_adj': 2, 'reason': 'rel_win1=53.0%（本命度） / 最有力組み合わせ確率: 0.074（推定実オッズ?18倍） / 2着集中度: 上位2艇 70.6%（補正+0.04） / 総合判定確率: 0.114 / → ヒモ分散。1号艇1着固定で広めのヒモ流し推奨（買い目+2点）', 'tenji_trigger': '展示確認: ヒモ分散レース。1号艇伸び確認後、広めのヒモ流しを採用。穴ヒモ（5・6号艇）を積極的に含める。'}",,,29.4,逃げ狙い,22.81,28,3,,,,,,,,,,,
2025-11-16,丸亀,10,4,森林　太,B1,37.50,4,▲,5.2371,14.3,57,34.5,0.1905,4.1379,,,0,低,204,0,-,,0,50.2,0.7189,0,0.04,0,0.04,0,0.0667,0.3556,0.1222,,,B,,,0.1347,0.555,,0.5415,A,72,0,◎-○軸 3着3〜4艇流し（10〜15点）,0.5777,"{'is_target': True, 'verdict': '参加推奨', 'max_combo_prob': 0.0741, 'est_top_odds': 18.0, 'circle_concentration': 70.6, 'eligible_count': 8, 'bet_adj': 2, 'reason': 'rel_win1=53.0%（本命度） / 最有力組み合わせ確率: 0.074（推定実オッズ?18倍） / 2着集中度: 上位2艇 70.6%（補正+0.04） / 総合判定確率: 0.114 / → ヒモ分散。1号艇1着固定で広めのヒモ流し推奨（買い目+2点）', 'tenji_trigger': '展示確認: ヒモ分散レース。1号艇伸び確認後、広めのヒモ流しを採用。穴ヒモ（5・6号艇）を積極的に含める。'}",,,29.4,逃げ狙い,22.81,28,3,,,,,,,,,,,
2025-11-16,丸亀,10,5,古場輝義,A2,35.42,5,,2.2767,12.3,57,40,0.1906,4.66,,,0,低,140,0,-,,0,26.2,1.076,,,,,,0.04,0.2933,0.3067,,,C,△,,0.196,0.619,,0.5415,A,72,0,◎-○軸 3着3〜4艇流し（10〜15点）,0.5777,"{'is_target': True, 'verdict': '参加推奨', 'max_combo_prob': 0.0741, 'est_top_odds': 18.0, 'circle_concentration': 70.6, 'eligible_count': 8, 'bet_adj': 2, 'reason': 'rel_win1=53.0%（本命度） / 最有力組み合わせ確率: 0.074（推定実オッズ?18倍） / 2着集中度: 上位2艇 70.6%（補正+0.04） / 総合判定確率: 0.114 / → ヒモ分散。1号艇1着固定で広めのヒモ流し推奨（買い目+2点）', 'tenji_trigger': '展示確認: ヒモ分散レース。1号艇伸び確認後、広めのヒモ流しを採用。穴ヒモ（5・6号艇）を積極的に含める。'}",,,29.4,逃げ狙い,22.81,28,3,,,,,,,,,,,
2025-11-16,丸亀,10,6,吉田慎二,A2,28.21,6,△,1.4581,2.8,50,29.8,0.1893,4.2544,,,0,低,169,0,-,,0,57.7,1.2378,0,0.0357,0,0,0,0.039,0.2683,0.0195,,,D,◎,,0.1644,0.662,,0.5415,A,72,0,◎-○軸 3着3〜4艇流し（10〜15点）,0.5777,"{'is_target': True, 'verdict': '参加推奨', 'max_combo_prob': 0.0741, 'est_top_odds': 18.0, 'circle_concentration': 70.6, 'eligible_count': 8, 'bet_adj': 2, 'reason': 'rel_win1=53.0%（本命度） / 最有力組み合わせ確率: 0.074（推定実オッズ?18倍） / 2着集中度: 上位2艇 70.6%（補正+0.04） / 総合判定確率: 0.114 / → ヒモ分散。1号艇1着固定で広めのヒモ流し推奨（買い目+2点）', 'tenji_trigger': '展示確認: ヒモ分散レース。1号艇伸び確認後、広めのヒモ流しを採用。穴ヒモ（5・6号艇）を積極的に含める。'}",,,29.4,逃げ狙い,22.81,28,3,,,,,,,,,,,
2025-11-16,丸亀,11,1,小野生奈,A1,47.83,1,◎,66.0694,,0,96.3,0.0993,1.963,,,0,低,35,0,逃1%,,0,92.8,1.2494,0.7857,,,,,0.0714,0,0.1429,◎,,A,△,,,0.625,,0.7793,S,92,0,◎1着固定 2-3着流し（5〜8点）,0.5777,"{'is_target': True, 'verdict': '参加推奨', 'max_combo_prob': 0.0653, 'est_top_odds': 20.4, 'circle_concentration': 61.3, 'eligible_count': 6, 'bet_adj': 2, 'reason': 'rel_win1=66.1%（本命度） / 最有力組み合わせ確率: 0.065（推定実オッズ?20倍） / 2着集中度: 上位2艇 61.3%（補正+0.00） / 総合判定確率: 0.065 / → ヒモ分散。1号艇1着固定で広めのヒモ流し推奨（買い目+2点）', 'tenji_trigger': '展示確認: ヒモ分散レース。1号艇伸び確認後、広めのヒモ流しを採用。穴ヒモ（5・6号艇）を積極的に含める。\n展示で1号艇スタート超安定(0.099秒)→ヒモ固まり方向に注意'}",,,25.3,逃げ狙い,13.69,24.1,3,,,,,0,0,0.7559,0,,逃げ軸流し,A
2025-11-16,丸亀,11,2,深川和仁,A2,21.88,2,,11.2809,29,77,50,0.164,3.76,,,0,低,130,0,-,,0,30.9,0.9778,0,0.0435,0.0435,0,0.0435,0.2,0.0167,0.05,,,D,,,0.0589,0.606,,0.7793,S,92,0,◎1着固定 2-3着流し（5〜8点）,0.5777,"{'is_target': True, 'verdict': '参加推奨', 'max_combo_prob': 0.0653, 'est_top_odds': 20.4, 'circle_concentration': 61.3, 'eligible_count': 6, 'bet_adj': 2, 'reason': 'rel_win1=66.1%（本命度） / 最有力組み合わせ確率: 0.065（推定実オッズ?20倍） / 2着集中度: 上位2艇 61.3%（補正+0.00） / 総合判定確率: 0.065 / → ヒモ分散。1号艇1着固定で広めのヒモ流し推奨（買い目+2点）', 'tenji_trigger': '展示確認: ヒモ分散レース。1号艇伸び確認後、広めのヒモ流しを採用。穴ヒモ（5・6号艇）を積極的に含める。\n展示で1号艇スタート超安定(0.099秒)→ヒモ固まり方向に注意'}",,,25.3,逃げ狙い,13.69,24.1,3,,,,,,,,,,,
2025-11-16,丸亀,11,3,川北浩貴,A2,22.86,3,▲,9.7064,32.3,96,69.3,0.1474,2.9355,,,0,低,146,0,差ま0%,,0,39.2,1.0581,0,0.0357,0.1071,0.0357,0,0.1399,0.2257,0.0541,,,D,◎,,0.1259,0.6565,,0.7793,S,92,0,◎1着固定 2-3着流し（5〜8点）,0.5777,"{'is_target': True, 'verdict': '参加推奨', 'max_combo_prob': 0.0653, 'est_top_odds': 20.4, 'circle_concentration': 61.3, 'eligible_count': 6, 'bet_adj': 2, 'reason': 'rel_win1=66.1%（本命度） / 最有力組み合わせ確率: 0.065（推定実オッズ?20倍） / 2着集中度: 上位2艇 61.3%（補正+0.00） / 総合判定確率: 0.065 / → ヒモ分散。1号艇1着固定で広めのヒモ流し推奨（買い目+2点）', 'tenji_trigger': '展示確認: ヒモ分散レース。1号艇伸び確認後、広めのヒモ流しを採用。穴ヒモ（5・6号艇）を積極的に含める。\n展示で1号艇スタート超安定(0.099秒)→ヒモ固まり方向に注意'}",,,25.3,逃げ狙い,13.69,24.1,3,,,,,,,,,,,
2025-11-16,丸亀,11,4,青木　蓮,A2,35.71,4,○,8.4589,21.8,100,67.7,0.1321,2.75,,,0,低,73,0,-,,0,33.1,0.9509,0,0,0.0625,0.0625,0,0.02,0.24,0.04,,,B,,,0.1677,0.589,,0.7793,S,92,0,◎1着固定 2-3着流し（5〜8点）,0.5777,"{'is_target': True, 'verdict': '参加推奨', 'max_combo_prob': 0.0653, 'est_top_odds': 20.4, 'circle_concentration': 61.3, 'eligible_count': 6, 'bet_adj': 2, 'reason': 'rel_win1=66.1%（本命度） / 最有力組み合わせ確率: 0.065（推定実オッズ?20倍） / 2着集中度: 上位2艇 61.3%（補正+0.00） / 総合判定確率: 0.065 / → ヒモ分散。1号艇1着固定で広めのヒモ流し推奨（買い目+2点）', 'tenji_trigger': '展示確認: ヒモ分散レース。1号艇伸び確認後、広めのヒモ流しを採用。穴ヒモ（5・6号艇）を積極的に含める。\n展示で1号艇スタート超安定(0.099秒)→ヒモ固まり方向に注意'}",,,25.3,逃げ狙い,13.69,24.1,3,,,,,,,,,,,
2025-11-16,丸亀,11,5,川田正人,A2,27.27,5,△,3.5752,15.2,86,40.7,0.168,3.4746,,,0,低,152,0,-,,0,32.8,1.0105,0,0,0,0.0833,0.0417,0.1373,0.3263,0.0387,,,C,△,,0.1179,0.614,,0.7793,S,92,0,◎1着固定 2-3着流し（5〜8点）,0.5777,"{'is_target': True, 'verdict': '参加推奨', 'max_combo_prob': 0.0653, 'est_top_odds': 20.4, 'circle_concentration': 61.3, 'eligible_count': 6, 'bet_adj': 2, 'reason': 'rel_win1=66.1%（本命度） / 最有力組み合わせ確率: 0.065（推定実オッズ?20倍） / 2着集中度: 上位2艇 61.3%（補正+0.00） / 総合判定確率: 0.065 / → ヒモ分散。1号艇1着固定で広めのヒモ流し推奨（買い目+2点）', 'tenji_trigger': '展示確認: ヒモ分散レース。1号艇伸び確認後、広めのヒモ流しを採用。穴ヒモ（5・6号艇）を積極的に含める。\n展示で1号艇スタート超安定(0.099秒)→ヒモ固まり方向に注意'}",,,25.3,逃げ狙い,13.69,24.1,3,,,,,,,,,,,
2025-11-16,丸亀,11,6,藤田浩人,A2,18.18,6,,0.9093,1.7,64,34.2,0.1958,4.5685,,,0,低,147,0,-,,0,86.9,1.7669,,,,,,0.1,0.0273,0.0182,,,E,○,,0.1374,0.653,,0.7793,S,92,0,◎1着固定 2-3着流し（5〜8点）,0.5777,"{'is_target': True, 'verdict': '参加推奨', 'max_combo_prob': 0.0653, 'est_top_odds': 20.4, 'circle_concentration': 61.3, 'eligible_count': 6, 'bet_adj': 2, 'reason': 'rel_win1=66.1%（本命度） / 最有力組み合わせ確率: 0.065（推定実オッズ?20倍） / 2着集中度: 上位2艇 61.3%（補正+0.00） / 総合判定確率: 0.065 / → ヒモ分散。1号艇1着固定で広めのヒモ流し推奨（買い目+2点）', 'tenji_trigger': '展示確認: ヒモ分散レース。1号艇伸び確認後、広めのヒモ流しを採用。穴ヒモ（5・6号艇）を積極的に含める。\n展示で1号艇スタート超安定(0.099秒)→ヒモ固まり方向に注意'}",,,25.3,逃げ狙い,13.69,24.1,3,,,,,,,,,,,
2025-11-16,丸亀,12,1,守屋美穂,A1,21.21,1,◎,56.528,,0,92.6,0.1056,2.3704,,,0,低,37,0,逃1%,,0,66.9,0.9946,0.7778,,,,,0.1722,0.1944,0.0222,◎,,E,,,,0.629,,0.7456,S,89,0,◎1着固定 2-3着流し（5〜8点）,0.5777,"{'is_target': True, 'verdict': '参加推奨', 'max_combo_prob': 0.1008, 'est_top_odds': 13.2, 'circle_concentration': 68.0, 'eligible_count': 6, 'bet_adj': 2, 'reason': 'rel_win1=56.5%（本命度） / 最有力組み合わせ確率: 0.101（推定実オッズ?13倍） / 2着集中度: 上位2艇 68.0%（補正+0.00） / 総合判定確率: 0.101 / → ヒモ分散。1号艇1着固定で広めのヒモ流し推奨（買い目+2点）', 'tenji_trigger': '展示確認: ヒモ分散レース。1号艇伸び確認後、広めのヒモ流しを採用。穴ヒモ（5・6号艇）を積極的に含める。\n展示で1号艇スタート超安定(0.106秒)→ヒモ固まり方向に注意'}",,,31.2,逃げ狙い,26.53,29.9,2,,,,,0,0,0.7559,0,,逃げ軸流し,A
2025-11-16,丸亀,12,2,新田雄史,A1,31.11,2,▲,17.3237,47.8,66,95,0.143,2.675,,,0,低,30,0,差0% ま0% 抜0%,,0,78,1.5226,0,0.1667,0.1667,0,0.1667,0.0833,0.0833,0.0833,,,D,,,0.0913,0.625,,0.7456,S,89,0,◎1着固定 2-3着流し（5〜8点）,0.5777,"{'is_target': True, 'verdict': '参加推奨', 'max_combo_prob': 0.1008, 'est_top_odds': 13.2, 'circle_concentration': 68.0, 'eligible_count': 6, 'bet_adj': 2, 'reason': 'rel_win1=56.5%（本命度） / 最有力組み合わせ確率: 0.101（推定実オッズ?13倍） / 2着集中度: 上位2艇 68.0%（補正+0.00） / 総合判定確率: 0.101 / → ヒモ分散。1号艇1着固定で広めのヒモ流し推奨（買い目+2点）', 'tenji_trigger': '展示確認: ヒモ分散レース。1号艇伸び確認後、広めのヒモ流しを採用。穴ヒモ（5・6号艇）を積極的に含める。\n展示で1号艇スタート超安定(0.106秒)→ヒモ固まり方向に注意'}",,,31.2,逃げ狙い,26.53,29.9,2,,,,,,,,,,,
2025-11-16,丸亀,12,3,松尾夏海,A1,30.23,3,,9.0755,20.2,52,51.8,0.1526,2.9444,,,0,低,45,0,-,,0,95.8,1.991,0,0,0.0909,0,0,,,,,,D,△,,0.1172,0.684,,0.7456,S,89,0,◎1着固定 2-3着流し（5〜8点）,0.5777,"{'is_target': True, 'verdict': '参加推奨', 'max_combo_prob': 0.1008, 'est_top_odds': 13.2, 'circle_concentration': 68.0, 'eligible_count': 6, 'bet_adj': 2, 'reason': 'rel_win1=56.5%（本命度） / 最有力組み合わせ確率: 0.101（推定実オッズ?13倍） / 2着集中度: 上位2艇 68.0%（補正+0.00） / 総合判定確率: 0.101 / → ヒモ分散。1号艇1着固定で広めのヒモ流し推奨（買い目+2点）', 'tenji_trigger': '展示確認: ヒモ分散レース。1号艇伸び確認後、広めのヒモ流しを採用。穴ヒモ（5・6号艇）を積極的に含める。\n展示で1号艇スタート超安定(0.106秒)→ヒモ固まり方向に注意'}",,,31.2,逃げ狙い,26.53,29.9,2,,,,,,,,,,,
2025-11-16,丸亀,12,4,吉永則雄,A1,53.19,4,○,8.2976,18.5,68,57.1,0.1533,3.1984,,,0,低,112,0,-,,0,21.2,0.5706,0,0,0.0714,0.0357,0,0.0896,0.0635,0.1184,,,A,◎,◎,0.1195,0.696,0.2848,0.7456,S,89,0,◎1着固定 2-3着流し（5〜8点）,0.5777,"{'is_target': True, 'verdict': '参加推奨', 'max_combo_prob': 0.1008, 'est_top_odds': 13.2, 'circle_concentration': 68.0, 'eligible_count': 6, 'bet_adj': 2, 'reason': 'rel_win1=56.5%（本命度） / 最有力組み合わせ確率: 0.101（推定実オッズ?13倍） / 2着集中度: 上位2艇 68.0%（補正+0.00） / 総合判定確率: 0.101 / → ヒモ分散。1号艇1着固定で広めのヒモ流し推奨（買い目+2点）', 'tenji_trigger': '展示確認: ヒモ分散レース。1号艇伸び確認後、広めのヒモ流しを採用。穴ヒモ（5・6号艇）を積極的に含める。\n展示で1号艇スタート超安定(0.106秒)→ヒモ固まり方向に注意'}",,,31.2,逃げ狙い,26.53,29.9,2,,,,,,,,,,,
2025-11-16,丸亀,12,5,中田元泰,A1,38.10,5,△,2.7887,8.2,100,50,0.1473,3.6731,,,0,低,90,0,-,,0,84.6,1.6312,,,,,,0.0323,0.1613,0,,,C,○,,0.1795,0.685,,0.7456,S,89,0,◎1着固定 2-3着流し（5〜8点）,0.5777,"{'is_target': True, 'verdict': '参加推奨', 'max_combo_prob': 0.1008, 'est_top_odds': 13.2, 'circle_concentration': 68.0, 'eligible_count': 6, 'bet_adj': 2, 'reason': 'rel_win1=56.5%（本命度） / 最有力組み合わせ確率: 0.101（推定実オッズ?13倍） / 2着集中度: 上位2艇 68.0%（補正+0.00） / 総合判定確率: 0.101 / → ヒモ分散。1号艇1着固定で広めのヒモ流し推奨（買い目+2点）', 'tenji_trigger': '展示確認: ヒモ分散レース。1号艇伸び確認後、広めのヒモ流しを採用。穴ヒモ（5・6号艇）を積極的に含める。\n展示で1号艇スタート超安定(0.106秒)→ヒモ固まり方向に注意'}",,,31.2,逃げ狙い,26.53,29.9,2,,,,,,,,,,,
2025-11-16,丸亀,12,6,安河内健,A1,43.24,6,,5.9865,5.3,48,43.4,0.1609,3.4434,,,0,低,76,0,差ま0%,,0,91,1.8825,0,0,0,0.0323,0,0.1758,0,0.0129,,,B,△,○,0.1034,0.6435,0.2176,0.7456,S,89,0,◎1着固定 2-3着流し（5〜8点）,0.5777,"{'is_target': True, 'verdict': '参加推奨', 'max_combo_prob': 0.1008, 'est_top_odds': 13.2, 'circle_concentration': 68.0, 'eligible_count': 6, 'bet_adj': 2, 'reason': 'rel_win1=56.5%（本命度） / 最有力組み合わせ確率: 0.101（推定実オッズ?13倍） / 2着集中度: 上位2艇 68.0%（補正+0.00） / 総合判定確率: 0.101 / → ヒモ分散。1号艇1着固定で広めのヒモ流し推奨（買い目+2点）', 'tenji_trigger': '展示確認: ヒモ分散レース。1号艇伸び確認後、広めのヒモ流しを採用。穴ヒモ（5・6号艇）を積極的に含める。\n展示で1号艇スタート超安定(0.106秒)→ヒモ固まり方向に注意'}",,,31.2,逃げ狙い,26.53,29.9,2,,,,,,,,,,,
2025-11-17,丸亀,1,1,大廣咲季,B1,23.33,1,◎,60.6561,,0,25,0.1888,3.5625,,,0,低,81,1,逃0%,6,0,30.6,0.5856,0.3333,,,,,0.3333,0.3333,0,△⚠️,,E,,,,0.543,,0.2298,D,19,1,大荒れ。見送り推奨,0.5777,"{'is_target': True, 'verdict': '参加推奨', 'max_combo_prob': 0.0829, 'est_top_odds': 16.1, 'circle_concentration': 69.7, 'eligible_count': 6, 'bet_adj': 2, 'reason': 'rel_win1=60.7%（本命度） / 最有力組み合わせ確率: 0.083（推定実オッズ?16倍） / 2着集中度: 上位2艇 69.7%（補正+0.00） / 総合判定確率: 0.083 / → ヒモ分散。1号艇1着固定で広めのヒモ流し推奨（買い目+2点）', 'tenji_trigger': '展示確認: ヒモ分散レース。1号艇伸び確認後、広めのヒモ流しを採用。穴ヒモ（5・6号艇）を積極的に含める。\n展示で1号艇スタート遅め(0.189秒)確認→ヒモが荒れやすい'}",,,31.1,両建て推奨,11.17,42.8,2,5-1-6|5-1-3|5-3-6|5-6-3|5-6-1|5-3-1|5-1-4|1-3-4|1-3-6|1-2-3|1-4-3|1-2-4,5-1-6|5-1-3|5-3-6|5-6-3|5-6-1|5-3-1|5-1-4|1-3-4|1-3-6|1-2-3|1-4-3|1-2-4,5-1-6:2.09%|5-1-3:1.13%|5-3-6:0.98%|5-6-3:0.77%|5-6-1:0.61%|5-3-1:0.42%|5-1-4:0.4%|1-3-4:5.55%|1-3-6:5.51%|1-2-3:4.81%|1-4-3:4.43%|1-2-4:4.31%,5-1-6:B_main|5-1-3:B_main|5-3-6:B_main|5-6-3:B_main|5-6-1:B_main|5-3-1:B_main|5-1-4:B_main|1-3-4:A|1-3-6:A|1-2-3:A|1-4-3:A|1-2-4:A,12,12,0.4535,1,[!]見送り推奨（主役決まり手「まくり差し」― 逃げ劣勢レースで的中実績なし）,主役軸流し,B
2025-11-17,丸亀,1,2,浅井　翼,B1,35.71,2,,10.5358,27.9,100,15.4,0.1954,4.5962,,,0,低,93,0,ま0%,5,0,15.2,0.5379,0,0,0.0526,0,0,0.3077,0.3077,0.1538,,,C,,,0.2402,0.4745,,0.2298,D,19,1,大荒れ。見送り推奨,0.5777,"{'is_target': True, 'verdict': '参加推奨', 'max_combo_prob': 0.0829, 'est_top_odds': 16.1, 'circle_concentration': 69.7, 'eligible_count': 6, 'bet_adj': 2, 'reason': 'rel_win1=60.7%（本命度） / 最有力組み合わせ確率: 0.083（推定実オッズ?16倍） / 2着集中度: 上位2艇 69.7%（補正+0.00） / 総合判定確率: 0.083 / → ヒモ分散。1号艇1着固定で広めのヒモ流し推奨（買い目+2点）', 'tenji_trigger': '展示確認: ヒモ分散レース。1号艇伸び確認後、広めのヒモ流しを採用。穴ヒモ（5・6号艇）を積極的に含める。\n展示で1号艇スタート遅め(0.189秒)確認→ヒモが荒れやすい'}",,,31.1,両建て推奨,11.17,42.8,2,,,,,,,,,,,
2025-11-17,丸亀,1,3,坂口貴彦,B1,24.44,3,,9.9971,41.8,91,54.4,0.1784,3.693,,,0,低,134,0,-,6,0,100,2.6131,0,0,0,0.0741,0,0.0471,0.1235,0.1471,,,D,○,,0.347,0.591,,0.2298,D,19,1,大荒れ。見送り推奨,0.5777,"{'is_target': True, 'verdict': '参加推奨', 'max_combo_prob': 0.0829, 'est_top_odds': 16.1, 'circle_concentration': 69.7, 'eligible_count': 6, 'bet_adj': 2, 'reason': 'rel_win1=60.7%（本命度） / 最有力組み合わせ確率: 0.083（推定実オッズ?16倍） / 2着集中度: 上位2艇 69.7%（補正+0.00） / 総合判定確率: 0.083 / → ヒモ分散。1号艇1着固定で広めのヒモ流し推奨（買い目+2点）', 'tenji_trigger': '展示確認: ヒモ分散レース。1号艇伸び確認後、広めのヒモ流しを採用。穴ヒモ（5・6号艇）を積極的に含める。\n展示で1号艇スタート遅め(0.189秒)確認→ヒモが荒れやすい'}",,,31.1,両建て推奨,11.17,42.8,2,,,,,,,,,,,
2025-11-17,丸亀,1,4,石井伸長,B1,39.53,4,○,12.7118,21.6,95,45,0.169,3.175,,,0,低,79,0,-,4,0,60.8,1.2262,0,0,0.0323,0.0645,0,0,0.5,0.25,,,B,△,,0.3678,0.5655,,0.2298,D,19,1,大荒れ。見送り推奨,0.5777,"{'is_target': True, 'verdict': '参加推奨', 'max_combo_prob': 0.0829, 'est_top_odds': 16.1, 'circle_concentration': 69.7, 'eligible_count': 6, 'bet_adj': 2, 'reason': 'rel_win1=60.7%（本命度） / 最有力組み合わせ確率: 0.083（推定実オッズ?16倍） / 2着集中度: 上位2艇 69.7%（補正+0.00） / 総合判定確率: 0.083 / → ヒモ分散。1号艇1着固定で広めのヒモ流し推奨（買い目+2点）', 'tenji_trigger': '展示確認: ヒモ分散レース。1号艇伸び確認後、広めのヒモ流しを採用。穴ヒモ（5・6号艇）を積極的に含める。\n展示で1号艇スタート遅め(0.189秒)確認→ヒモが荒れやすい'}",,,31.1,両建て推奨,11.17,42.8,2,,,,,,,,,,,
2025-11-17,丸亀,1,5,高木圭大,B2,25.00,5,△,3.0892,4.6,36,10.7,0.1589,3.2054,,,0,低,107,0,-,4,0,26.8,0.5462,,,,,,0.0632,0.1842,0.2632,,◎,D,◎,,0.4078,0.606,,0.2298,D,19,1,大荒れ。見送り推奨,0.5777,"{'is_target': True, 'verdict': '参加推奨', 'max_combo_prob': 0.0829, 'est_top_odds': 16.1, 'circle_concentration': 69.7, 'eligible_count': 6, 'bet_adj': 2, 'reason': 'rel_win1=60.7%（本命度） / 最有力組み合わせ確率: 0.083（推定実オッズ?16倍） / 2着集中度: 上位2艇 69.7%（補正+0.00） / 総合判定確率: 0.083 / → ヒモ分散。1号艇1着固定で広めのヒモ流し推奨（買い目+2点）', 'tenji_trigger': '展示確認: ヒモ分散レース。1号艇伸び確認後、広めのヒモ流しを採用。穴ヒモ（5・6号艇）を積極的に含める。\n展示で1号艇スタート遅め(0.189秒)確認→ヒモが荒れやすい'}",,,31.1,両建て推奨,11.17,42.8,2,,,,,,,,,,,
2025-11-17,丸亀,1,6,清水紀克,B1,48.00,6,▲,3.01,4.1,75,,,,,,0,低,53,1,-,2,0,,,,,,,,,,,,,A,△,◎,0.31,0.575,0.15,0.2298,D,19,1,大荒れ。見送り推奨,0.5777,"{'is_target': True, 'verdict': '参加推奨', 'max_combo_prob': 0.0829, 'est_top_odds': 16.1, 'circle_concentration': 69.7, 'eligible_count': 6, 'bet_adj': 2, 'reason': 'rel_win1=60.7%（本命度） / 最有力組み合わせ確率: 0.083（推定実オッズ?16倍） / 2着集中度: 上位2艇 69.7%（補正+0.00） / 総合判定確率: 0.083 / → ヒモ分散。1号艇1着固定で広めのヒモ流し推奨（買い目+2点）', 'tenji_trigger': '展示確認: ヒモ分散レース。1号艇伸び確認後、広めのヒモ流しを採用。穴ヒモ（5・6号艇）を積極的に含める。\n展示で1号艇スタート遅め(0.189秒)確認→ヒモが荒れやすい'}",,,31.1,両建て推奨,11.17,42.8,2,,,,,,,,,,,
2025-11-17,丸亀,2,1,枝尾　賢,B2,44.00,1,◎,57.6629,,0,87,0.138,2.9167,,,0,低,61,0,逃1%,3,0,87.5,1.1209,0.5789,,,,,0.1828,0.0421,0.0967,◎,,B,○,,,0.631,,0.576,S,94,0,◎1着固定 2-3着流し（5〜8点）,0.5777,"{'is_target': True, 'verdict': '参加推奨', 'max_combo_prob': 0.0729, 'est_top_odds': 18.3, 'circle_concentration': 75.4, 'eligible_count': 6, 'bet_adj': 2, 'reason': 'rel_win1=57.7%（本命度） / 最有力組み合わせ確率: 0.073（推定実オッズ?18倍） / 2着集中度: 上位2艇 75.4%（補正+0.04） / 総合判定確率: 0.113 / → ヒモ分散。1号艇1着固定で広めのヒモ流し推奨（買い目+2点）', 'tenji_trigger': '展示確認: ヒモ分散レース。1号艇伸び確認後、広めのヒモ流しを採用。穴ヒモ（5・6号艇）を積極的に含める。\n展示で1号艇スタート超安定(0.138秒)→ヒモ固まり方向に注意'}",,,27.7,逃げ狙い,15.96,29.1,3,,,,,0,0,0.7559,0,,逃げ軸流し,A
2025-11-17,丸亀,2,2,馬野　耀,A2,32.65,2,▲,11.6534,43.4,100,62.8,0.1514,3.7674,,,0,低,78,0,差0%,16,0,28.2,0.5941,0,0.0952,0,0,0.0476,0.0455,0.1818,0.0909,,,C,◎,,0.2145,0.6435,,0.576,S,94,0,◎1着固定 2-3着流し（5〜8点）,0.5777,"{'is_target': True, 'verdict': '参加推奨', 'max_combo_prob': 0.0729, 'est_top_odds': 18.3, 'circle_concentration': 75.4, 'eligible_count': 6, 'bet_adj': 2, 'reason': 'rel_win1=57.7%（本命度） / 最有力組み合わせ確率: 0.073（推定実オッズ?18倍） / 2着集中度: 上位2艇 75.4%（補正+0.04） / 総合判定確率: 0.113 / → ヒモ分散。1号艇1着固定で広めのヒモ流し推奨（買い目+2点）', 'tenji_trigger': '展示確認: ヒモ分散レース。1号艇伸び確認後、広めのヒモ流しを採用。穴ヒモ（5・6号艇）を積極的に含める。\n展示で1号艇スタート超安定(0.138秒)→ヒモ固まり方向に注意'}",,,27.7,逃げ狙い,15.96,29.1,3,,,,,,,,,,,
2025-11-17,丸亀,2,3,小野生奈,A1,47.83,3,○,18.9948,32,96,79.2,0.14,2.5,,,0,低,35,0,差0% 差ま0%,12,0,85.1,1.6296,0,0.0833,0,0.0833,0,0.0714,0,0.1429,,,A,△,,0.3033,0.625,,0.576,S,94,0,◎1着固定 2-3着流し（5〜8点）,0.5777,"{'is_target': True, 'verdict': '参加推奨', 'max_combo_prob': 0.0729, 'est_top_odds': 18.3, 'circle_concentration': 75.4, 'eligible_count': 6, 'bet_adj': 2, 'reason': 'rel_win1=57.7%（本命度） / 最有力組み合わせ確率: 0.073（推定実オッズ?18倍） / 2着集中度: 上位2艇 75.4%（補正+0.04） / 総合判定確率: 0.113 / → ヒモ分散。1号艇1着固定で広めのヒモ流し推奨（買い目+2点）', 'tenji_trigger': '展示確認: ヒモ分散レース。1号艇伸び確認後、広めのヒモ流しを採用。穴ヒモ（5・6号艇）を積極的に含める。\n展示で1号艇スタート超安定(0.138秒)→ヒモ固まり方向に注意'}",,,27.7,逃げ狙い,15.96,29.1,3,,,,,,,,,,,
2025-11-17,丸亀,2,4,松本庸平,B1,32.50,4,△,6.0981,10.1,68,24.2,0.2341,4.9924,,,0,低,228,0,-,2,0,13.8,0.63,,,,,,0.4143,0.0571,0.2071,,,C,△,,0.1429,0.626,,0.576,S,94,0,◎1着固定 2-3着流し（5〜8点）,0.5777,"{'is_target': True, 'verdict': '参加推奨', 'max_combo_prob': 0.0729, 'est_top_odds': 18.3, 'circle_concentration': 75.4, 'eligible_count': 6, 'bet_adj': 2, 'reason': 'rel_win1=57.7%（本命度） / 最有力組み合わせ確率: 0.073（推定実オッズ?18倍） / 2着集中度: 上位2艇 75.4%（補正+0.04） / 総合判定確率: 0.113 / → ヒモ分散。1号艇1着固定で広めのヒモ流し推奨（買い目+2点）', 'tenji_trigger': '展示確認: ヒモ分散レース。1号艇伸び確認後、広めのヒモ流しを採用。穴ヒモ（5・6号艇）を積極的に含める。\n展示で1号艇スタート超安定(0.138秒)→ヒモ固まり方向に注意'}",,,27.7,逃げ狙い,15.96,29.1,3,,,,,,,,,,,
2025-11-17,丸亀,2,5,深川和仁,A2,21.88,5,,4.4719,13,97,40,0.1733,3.3273,,,0,低,130,0,-,44,0,72.8,1.2688,,,,,,0.2,0.0167,0.05,,,E,,,0.204,0.606,,0.576,S,94,0,◎1着固定 2-3着流し（5〜8点）,0.5777,"{'is_target': True, 'verdict': '参加推奨', 'max_combo_prob': 0.0729, 'est_top_odds': 18.3, 'circle_concentration': 75.4, 'eligible_count': 6, 'bet_adj': 2, 'reason': 'rel_win1=57.7%（本命度） / 最有力組み合わせ確率: 0.073（推定実オッズ?18倍） / 2着集中度: 上位2艇 75.4%（補正+0.04） / 総合判定確率: 0.113 / → ヒモ分散。1号艇1着固定で広めのヒモ流し推奨（買い目+2点）', 'tenji_trigger': '展示確認: ヒモ分散レース。1号艇伸び確認後、広めのヒモ流しを採用。穴ヒモ（5・6号艇）を積極的に含める。\n展示で1号艇スタート超安定(0.138秒)→ヒモ固まり方向に注意'}",,,27.7,逃げ狙い,15.96,29.1,3,,,,,,,,,,,
2025-11-17,丸亀,2,6,中澤里桜,B2,17.65,6,,1.1189,1.5,72,4.3,0.2217,4.5435,,,0,低,12,0,-,S,0,25.8,0.6439,,,,,,,,,,,E,,,0.1413,0.4195,,0.576,S,94,0,◎1着固定 2-3着流し（5〜8点）,0.5777,"{'is_target': True, 'verdict': '参加推奨', 'max_combo_prob': 0.0729, 'est_top_odds': 18.3, 'circle_concentration': 75.4, 'eligible_count': 6, 'bet_adj': 2, 'reason': 'rel_win1=57.7%（本命度） / 最有力組み合わせ確率: 0.073（推定実オッズ?18倍） / 2着集中度: 上位2艇 75.4%（補正+0.04） / 総合判定確率: 0.113 / → ヒモ分散。1号艇1着固定で広めのヒモ流し推奨（買い目+2点）', 'tenji_trigger': '展示確認: ヒモ分散レース。1号艇伸び確認後、広めのヒモ流しを採用。穴ヒモ（5・6号艇）を積極的に含める。\n展示で1号艇スタート超安定(0.138秒)→ヒモ固まり方向に注意'}",,,27.7,逃げ狙い,15.96,29.1,3,,,,,,,,,,,
2025-11-17,丸亀,3,1,片岡秀樹,B1,42.86,1,◎,38.5908,,0,66.7,0.1721,3.6429,,,0,低,85,0,逃0%,6,0,71.9,0.8376,0.1667,,,,,0.2778,0.3889,0.1111,△,,A,○,,,0.6405,,0.2446,D,34,1,大荒れ。見送り推奨,0.5777,"{'is_target': False, 'verdict': '対象外', 'max_combo_prob': None, 'est_top_odds': None, 'circle_concentration': None, 'eligible_count': 0, 'bet_adj': 0, 'reason': '1号艇rel_win1 < 45%: 通常判定に委ねる', 'tenji_trigger': ''}",,,32.9,両建て推奨,19.22,41.1,4,4-5-6|1-2-4|1-3-4|1-4-2|1-4-3|1-3-2,2-1-3|3-1-5|3-2-5|3-5-1|3-5-2|3-1-2|4-5-6|1-2-4|1-3-4|1-4-2|1-4-3|1-3-2,4-5-6:1.41%|1-2-4:6.41%|1-3-4:6.23%|1-4-2:5.99%|1-4-3:5.44%|1-3-2:4.52%,4-5-6:B_main|1-2-4:A|1-3-4:A|1-4-2:A|1-4-3:A|1-3-2:A,6,12,0.4535,1,[!]見送り推奨（主役決まり手「まくり」― 逃げ劣勢レースで的中実績なし）,荒れ広め,D
2025-11-17,丸亀,3,2,内山文典,B1,17.14,2,,15.1343,20.5,94,49.1,0.1658,3.5932,,,0,低,123,0,差0% ま0% 抜0%,3,0,44.6,0.8586,0,0.0385,0.0769,0,0.0385,0.0308,0.1769,0.1769,,△,E,△,,0.4167,0.618,,0.2446,D,34,1,大荒れ。見送り推奨,0.5777,"{'is_target': False, 'verdict': '対象外', 'max_combo_prob': None, 'est_top_odds': None, 'circle_concentration': None, 'eligible_count': 0, 'bet_adj': 0, 'reason': '1号艇rel_win1 < 45%: 通常判定に委ねる', 'tenji_trigger': ''}",,,32.9,両建て推奨,19.22,41.1,4,,,,,,,,,,,
2025-11-17,丸亀,3,3,青木　蓮,A2,35.71,3,△,19.2868,30.9,100,61.7,0.1836,3.3936,,,0,低,73,0,-,13,0,43.5,0.9663,0,0,0.0556,0,0,0.02,0.24,0.04,,,C,,,0.2818,0.589,,0.2446,D,34,1,大荒れ。見送り推奨,0.5777,"{'is_target': False, 'verdict': '対象外', 'max_combo_prob': None, 'est_top_odds': None, 'circle_concentration': None, 'eligible_count': 0, 'bet_adj': 0, 'reason': '1号艇rel_win1 < 45%: 通常判定に委ねる', 'tenji_trigger': ''}",,,32.9,両建て推奨,19.22,41.1,4,,,,,,,,,,,
2025-11-17,丸亀,3,4,中田元泰,A1,38.10,4,○,19.8689,41.2,64,71.7,0.1505,3.2667,,,0,低,90,0,-,25,0,75.7,1.0955,0,0.0455,0.1364,0.0455,0,0.0323,0.1613,0,,◎,C,◎,◎,0.4555,0.685,0.465,0.2446,D,34,1,大荒れ。見送り推奨,0.5777,"{'is_target': False, 'verdict': '対象外', 'max_combo_prob': None, 'est_top_odds': None, 'circle_concentration': None, 'eligible_count': 0, 'bet_adj': 0, 'reason': '1号艇rel_win1 < 45%: 通常判定に委ねる', 'tenji_trigger': ''}",,,32.9,両建て推奨,19.22,41.1,4,,,,,,,,,,,
2025-11-17,丸亀,3,5,中尾優香,B1,42.00,5,▲,5.0726,5.4,72,25,0.1567,3.1042,,,0,低,53,0,-,64,0,43.4,0.7548,,,,,,0,0.3333,0,,○,B,,,0.4173,0.5435,,0.2446,D,34,1,大荒れ。見送り推奨,0.5777,"{'is_target': False, 'verdict': '対象外', 'max_combo_prob': None, 'est_top_odds': None, 'circle_concentration': None, 'eligible_count': 0, 'bet_adj': 0, 'reason': '1号艇rel_win1 < 45%: 通常判定に委ねる', 'tenji_trigger': ''}",,,32.9,両建て推奨,19.22,41.1,4,,,,,,,,,,,
2025-11-17,丸亀,3,6,古場輝義,A2,35.42,6,,2.0465,2,57,14.3,0.22,5.1429,,,0,低,140,1,-,45,0,25,0.7622,,,,,,0.04,0.2933,0.3067,,,D,△,,0.2159,0.619,,0.2446,D,34,1,大荒れ。見送り推奨,0.5777,"{'is_target': False, 'verdict': '対象外', 'max_combo_prob': None, 'est_top_odds': None, 'circle_concentration': None, 'eligible_count': 0, 'bet_adj': 0, 'reason': '1号艇rel_win1 < 45%: 通常判定に委ねる', 'tenji_trigger': ''}",,,32.9,両建て推奨,19.22,41.1,4,,,,,,,,,,,
2025-11-17,丸亀,4,1,小澤　学,B1,28.89,1,▲,34.439,,0,44.9,0.2694,5.3878,,,0,低,319,0,逃0%,14,0,24.2,0.5966,0.1111,,,,,0.4667,0.4222,0.0222,,,D,,,,0.59,,-0.0218,D,16,1,大荒れ。見送り推奨,0.5777,"{'is_target': False, 'verdict': '対象外', 'max_combo_prob': None, 'est_top_odds': None, 'circle_concentration': None, 'eligible_count': 0, 'bet_adj': 0, 'reason': '1号艇rel_win1 < 45%: 通常判定に委ねる', 'tenji_trigger': ''}",,,39.9,両建て推奨,16.63,49.1,2,2-1-3|2-1-4|2-1-6|2-3-1|2-3-4|2-6-3|2-6-1|1-2-4|1-2-3|1-3-4|1-3-2,2-1-3|2-1-4|2-1-6|2-3-1|2-3-4|2-6-3|2-6-1|1-2-4|1-2-3|5-1-6|1-3-4|1-3-2,2-1-3:3.16%|2-1-4:2.1%|2-1-6:1.2%|2-3-1:0.92%|2-3-4:0.62%|2-6-3:0.43%|2-6-1:0.42%|1-2-4:7.06%|1-2-3:5.92%|1-3-4:4.45%|1-3-2:3.67%,2-1-3:B_main|2-1-4:B_main|2-1-6:B_main|2-3-1:B_main|2-3-4:B_main|2-6-3:B_main|2-6-1:B_main|1-2-4:A|1-2-3:A|1-3-4:A|1-3-2:A,11,12,0.2915,1,[!]見送り推奨（主役決まり手「差し」― 逃げ劣勢レースで的中実績なし）,主役軸流し,B
2025-11-17,丸亀,4,2,吉永則雄,A1,53.19,2,◎,25.946,50.5,98,67.9,0.1862,4.217,,,0,低,112,0,-,13,0,21.8,0.7334,0,0.1429,0,0,0,0.0896,0.0635,0.1184,,◎,A,◎,,0.6529,0.696,,-0.0218,D,16,1,大荒れ。見送り推奨,0.5777,"{'is_target': False, 'verdict': '対象外', 'max_combo_prob': None, 'est_top_odds': None, 'circle_concentration': None, 'eligible_count': 0, 'bet_adj': 0, 'reason': '1号艇rel_win1 < 45%: 通常判定に委ねる', 'tenji_trigger': ''}",,,39.9,両建て推奨,16.63,49.1,2,,,,,,,,,,,
2025-11-17,丸亀,4,3,柘植政浩,A2,14.29,3,△,13.7106,24,100,62.1,0.1495,2.9483,,,0,低,143,0,ま0%,15,0,65.9,1.2137,0,0,0.0312,0,0,0.0222,0.0444,0.0556,,,E,○,,0.5185,0.647,,-0.0218,D,16,1,大荒れ。見送り推奨,0.5777,"{'is_target': False, 'verdict': '対象外', 'max_combo_prob': None, 'est_top_odds': None, 'circle_concentration': None, 'eligible_count': 0, 'bet_adj': 0, 'reason': '1号艇rel_win1 < 45%: 通常判定に委ねる', 'tenji_trigger': ''}",,,39.9,両建て推奨,16.63,49.1,2,,,,,,,,,,,
2025-11-17,丸亀,4,4,山田理央,A2,35.00,4,○,13.9779,19.6,87,53.8,0.1582,3.1923,,,0,低,62,0,-,62,0,80.1,1.2551,0,0.0625,0.0625,0.0625,0,0.0444,0.1444,0.0222,,○,C,△,◎,0.5373,0.6,0.384,-0.0218,D,16,1,大荒れ。見送り推奨,0.5777,"{'is_target': False, 'verdict': '対象外', 'max_combo_prob': None, 'est_top_odds': None, 'circle_concentration': None, 'eligible_count': 0, 'bet_adj': 0, 'reason': '1号艇rel_win1 < 45%: 通常判定に委ねる', 'tenji_trigger': ''}",,,39.9,両建て推奨,16.63,49.1,2,,,,,,,,,,,
2025-11-17,丸亀,4,5,西尾亮輔,B1,31.91,5,,8.9594,3,80,30.6,0.1837,3.9113,,,0,低,145,0,差ま0%,5,0,62.1,1.0348,0,0,0,0.0714,0,0.12,0.04,0.72,,△,D,,,0.5281,0.545,,-0.0218,D,16,1,大荒れ。見送り推奨,0.5777,"{'is_target': False, 'verdict': '対象外', 'max_combo_prob': None, 'est_top_odds': None, 'circle_concentration': None, 'eligible_count': 0, 'bet_adj': 0, 'reason': '1号艇rel_win1 < 45%: 通常判定に委ねる', 'tenji_trigger': ''}",,,39.9,両建て推奨,16.63,49.1,2,,,,,,,,,,,
2025-11-17,丸亀,4,6,大神康司,A2,48.98,6,,2.9671,2.8,57,,,,,,0,低,61,1,-,51,0,,,,,,,,,,,,,B,△,○,0.3761,0.6115,0.15,-0.0218,D,16,1,大荒れ。見送り推奨,0.5777,"{'is_target': False, 'verdict': '対象外', 'max_combo_prob': None, 'est_top_odds': None, 'circle_concentration': None, 'eligible_count': 0, 'bet_adj': 0, 'reason': '1号艇rel_win1 < 45%: 通常判定に委ねる', 'tenji_trigger': ''}",,,39.9,両建て推奨,16.63,49.1,2,,,,,,,,,,,
2025-11-17,丸亀,5,1,石原　翼,A2,15.15,1,◎,54.1108,,0,87.2,0.1385,2.2447,,,0,低,63,0,逃1%,5,0,76.3,1.1091,0.72,,,,,0.348,0.032,0.032,◎,,E,△,,,0.616,,0.6665,S,82,0,◎1着固定 2-3着流し（5〜8点）,0.5777,"{'is_target': True, 'verdict': '参加推奨', 'max_combo_prob': 0.0766, 'est_top_odds': 17.4, 'circle_concentration': 65.0, 'eligible_count': 6, 'bet_adj': 2, 'reason': 'rel_win1=54.1%（本命度） / 最有力組み合わせ確率: 0.077（推定実オッズ?17倍） / 2着集中度: 上位2艇 65.0%（補正+0.00） / 総合判定確率: 0.077 / → ヒモ分散。1号艇1着固定で広めのヒモ流し推奨（買い目+2点）', 'tenji_trigger': '展示確認: ヒモ分散レース。1号艇伸び確認後、広めのヒモ流しを採用。穴ヒモ（5・6号艇）を積極的に含める。\n展示で1号艇スタート超安定(0.139秒)→ヒモ固まり方向に注意'}",,,28.1,逃げ狙い,12.67,33,4,,,,,0,0,0.7559,0,,逃げ軸流し,A
2025-11-17,丸亀,5,2,川田正人,A2,27.27,2,,9.6297,43,83,48.5,0.1926,3.9091,,,0,低,152,0,-,55,0,92.7,1.9064,0,0.0645,0.0323,0,0.0323,0.1373,0.3263,0.0387,,,C,△,,0.0623,0.614,,0.6665,S,82,0,◎1着固定 2-3着流し（5〜8点）,0.5777,"{'is_target': True, 'verdict': '参加推奨', 'max_combo_prob': 0.0766, 'est_top_odds': 17.4, 'circle_concentration': 65.0, 'eligible_count': 6, 'bet_adj': 2, 'reason': 'rel_win1=54.1%（本命度） / 最有力組み合わせ確率: 0.077（推定実オッズ?17倍） / 2着集中度: 上位2艇 65.0%（補正+0.00） / 総合判定確率: 0.077 / → ヒモ分散。1号艇1着固定で広めのヒモ流し推奨（買い目+2点）', 'tenji_trigger': '展示確認: ヒモ分散レース。1号艇伸び確認後、広めのヒモ流しを採用。穴ヒモ（5・6号艇）を積極的に含める。\n展示で1号艇スタート超安定(0.139秒)→ヒモ固まり方向に注意'}",,,28.1,逃げ狙い,12.67,33,4,,,,,,,,,,,
2025-11-17,丸亀,5,3,森林　太,B1,37.50,3,▲,12.9254,21.9,100,45.7,0.1867,4.0857,,,0,低,204,0,ま0%,56,0,47.4,1.1817,0,0,0.1786,0,0.0357,0.0667,0.3556,0.1222,,,A,,,0.1457,0.555,,0.6665,S,82,0,◎1着固定 2-3着流し（5〜8点）,0.5777,"{'is_target': True, 'verdict': '参加推奨', 'max_combo_prob': 0.0766, 'est_top_odds': 17.4, 'circle_concentration': 65.0, 'eligible_count': 6, 'bet_adj': 2, 'reason': 'rel_win1=54.1%（本命度） / 最有力組み合わせ確率: 0.077（推定実オッズ?17倍） / 2着集中度: 上位2艇 65.0%（補正+0.00） / 総合判定確率: 0.077 / → ヒモ分散。1号艇1着固定で広めのヒモ流し推奨（買い目+2点）', 'tenji_trigger': '展示確認: ヒモ分散レース。1号艇伸び確認後、広めのヒモ流しを採用。穴ヒモ（5・6号艇）を積極的に含める。\n展示で1号艇スタート超安定(0.139秒)→ヒモ固まり方向に注意'}",,,28.1,逃げ狙い,12.67,33,4,,,,,,,,,,,
2025-11-17,丸亀,5,4,松尾夏海,A1,30.23,4,○,14.6727,18.8,93,52.2,0.1513,2.5435,,,0,低,45,0,差ま0%,44,0,98.5,1.9196,0,0,0,0.125,0,,,,,,B,◎,,0.2517,0.684,,0.6665,S,82,0,◎1着固定 2-3着流し（5〜8点）,0.5777,"{'is_target': True, 'verdict': '参加推奨', 'max_combo_prob': 0.0766, 'est_top_odds': 17.4, 'circle_concentration': 65.0, 'eligible_count': 6, 'bet_adj': 2, 'reason': 'rel_win1=54.1%（本命度） / 最有力組み合わせ確率: 0.077（推定実オッズ?17倍） / 2着集中度: 上位2艇 65.0%（補正+0.00） / 総合判定確率: 0.077 / → ヒモ分散。1号艇1着固定で広めのヒモ流し推奨（買い目+2点）', 'tenji_trigger': '展示確認: ヒモ分散レース。1号艇伸び確認後、広めのヒモ流しを採用。穴ヒモ（5・6号艇）を積極的に含める。\n展示で1号艇スタート超安定(0.139秒)→ヒモ固まり方向に注意'}",,,28.1,逃げ狙い,12.67,33,4,,,,,,,,,,,
2025-11-17,丸亀,5,5,吉田慎二,A2,28.21,5,△,7.6424,15.9,72,39.7,0.1637,3.2937,,,0,低,169,0,差ま0%,2,0,62.8,1.2426,0,0,0,0.0417,0,0.039,0.2683,0.0195,,,C,○,,0.2012,0.662,,0.6665,S,82,0,◎1着固定 2-3着流し（5〜8点）,0.5777,"{'is_target': True, 'verdict': '参加推奨', 'max_combo_prob': 0.0766, 'est_top_odds': 17.4, 'circle_concentration': 65.0, 'eligible_count': 6, 'bet_adj': 2, 'reason': 'rel_win1=54.1%（本命度） / 最有力組み合わせ確率: 0.077（推定実オッズ?17倍） / 2着集中度: 上位2艇 65.0%（補正+0.00） / 総合判定確率: 0.077 / → ヒモ分散。1号艇1着固定で広めのヒモ流し推奨（買い目+2点）', 'tenji_trigger': '展示確認: ヒモ分散レース。1号艇伸び確認後、広めのヒモ流しを採用。穴ヒモ（5・6号艇）を積極的に含める。\n展示で1号艇スタート超安定(0.139秒)→ヒモ固まり方向に注意'}",,,28.1,逃げ狙い,12.67,33,4,,,,,,,,,,,
2025-11-17,丸亀,5,6,中山鷹輔,B2,21.05,6,,1.019,0.3,39,3.6,0.208,4.3727,,,0,低,36,0,-,33,0,32.8,0.4644,,,,,,,,,,,D,,,0.1387,0.5505,,0.6665,S,82,0,◎1着固定 2-3着流し（5〜8点）,0.5777,"{'is_target': True, 'verdict': '参加推奨', 'max_combo_prob': 0.0766, 'est_top_odds': 17.4, 'circle_concentration': 65.0, 'eligible_count': 6, 'bet_adj': 2, 'reason': 'rel_win1=54.1%（本命度） / 最有力組み合わせ確率: 0.077（推定実オッズ?17倍） / 2着集中度: 上位2艇 65.0%（補正+0.00） / 総合判定確率: 0.077 / → ヒモ分散。1号艇1着固定で広めのヒモ流し推奨（買い目+2点）', 'tenji_trigger': '展示確認: ヒモ分散レース。1号艇伸び確認後、広めのヒモ流しを採用。穴ヒモ（5・6号艇）を積極的に含める。\n展示で1号艇スタート超安定(0.139秒)→ヒモ固まり方向に注意'}",,,28.1,逃げ狙い,12.67,33,4,,,,,,,,,,,
2025-11-17,丸亀,6,1,中村辰也,A2,11.76,1,◎,57.2833,,0,88.6,0.1404,3.05,,,0,低,74,0,逃0%,2,0,100,1.4431,0.5357,,,,,0.0286,0.0571,0.1571,◎,,E,◎,,,0.647,,0.5498,S,88,0,◎1着固定 2-3着流し（5〜8点）,0.5777,"{'is_target': True, 'verdict': '参加推奨', 'max_combo_prob': 0.1068, 'est_top_odds': 12.5, 'circle_concentration': 65.1, 'eligible_count': 6, 'bet_adj': 2, 'reason': 'rel_win1=57.3%（本命度） / 最有力組み合わせ確率: 0.107（推定実オッズ?12倍） / 2着集中度: 上位2艇 65.1%（補正+0.00） / 総合判定確率: 0.107 / → ヒモ分散。1号艇1着固定で広めのヒモ流し推奨（買い目+2点）', 'tenji_trigger': '展示確認: ヒモ分散レース。1号艇伸び確認後、広めのヒモ流しを採用。穴ヒモ（5・6号艇）を積極的に含める。'}",,,26.9,逃げ狙い,17.47,25.5,3,,,,,0,0,0.7559,0,,逃げ軸流し,A
2025-11-17,丸亀,6,2,大廣咲季,B1,23.33,2,,6.4562,18.8,100,25,0.1567,3.6875,,,0,低,81,0,-,6,0,19,0.5462,,,,,,0.3333,0.3333,0,,,D,,,0.1688,0.543,,0.5498,S,88,0,◎1着固定 2-3着流し（5〜8点）,0.5777,"{'is_target': True, 'verdict': '参加推奨', 'max_combo_prob': 0.1068, 'est_top_odds': 12.5, 'circle_concentration': 65.1, 'eligible_count': 6, 'bet_adj': 2, 'reason': 'rel_win1=57.3%（本命度） / 最有力組み合わせ確率: 0.107（推定実オッズ?12倍） / 2着集中度: 上位2艇 65.1%（補正+0.00） / 総合判定確率: 0.107 / → ヒモ分散。1号艇1着固定で広めのヒモ流し推奨（買い目+2点）', 'tenji_trigger': '展示確認: ヒモ分散レース。1号艇伸び確認後、広めのヒモ流しを採用。穴ヒモ（5・6号艇）を積極的に含める。'}",,,26.9,逃げ狙い,17.47,25.5,3,,,,,,,,,,,
2025-11-17,丸亀,6,3,新田雄史,A1,31.11,3,▲,12.4357,46,52,76.2,0.1324,2.4762,,,0,低,30,0,抜0%,22,0,60.3,1.379,0,0,0,0,0.0833,0.0833,0.0833,0.0833,,◎,C,△,,0.3569,0.625,,0.5498,S,88,0,◎1着固定 2-3着流し（5〜8点）,0.5777,"{'is_target': True, 'verdict': '参加推奨', 'max_combo_prob': 0.1068, 'est_top_odds': 12.5, 'circle_concentration': 65.1, 'eligible_count': 6, 'bet_adj': 2, 'reason': 'rel_win1=57.3%（本命度） / 最有力組み合わせ確率: 0.107（推定実オッズ?12倍） / 2着集中度: 上位2艇 65.1%（補正+0.00） / 総合判定確率: 0.107 / → ヒモ分散。1号艇1着固定で広めのヒモ流し推奨（買い目+2点）', 'tenji_trigger': '展示確認: ヒモ分散レース。1号艇伸び確認後、広めのヒモ流しを採用。穴ヒモ（5・6号艇）を積極的に含める。'}",,,26.9,逃げ狙い,17.47,25.5,3,,,,,,,,,,,
2025-11-17,丸亀,6,4,一色凌雅,B1,38.64,4,△,6.7932,19,39,38.7,0.1877,4.0645,,,0,低,122,0,ま0% 抜0%,32,0,36.9,0.834,0,0,0.0625,0,0.0625,0.075,0.3,0.175,,,B,,,0.1236,0.6015,,0.5498,S,88,0,◎1着固定 2-3着流し（5〜8点）,0.5777,"{'is_target': True, 'verdict': '参加推奨', 'max_combo_prob': 0.1068, 'est_top_odds': 12.5, 'circle_concentration': 65.1, 'eligible_count': 6, 'bet_adj': 2, 'reason': 'rel_win1=57.3%（本命度） / 最有力組み合わせ確率: 0.107（推定実オッズ?12倍） / 2着集中度: 上位2艇 65.1%（補正+0.00） / 総合判定確率: 0.107 / → ヒモ分散。1号艇1着固定で広めのヒモ流し推奨（買い目+2点）', 'tenji_trigger': '展示確認: ヒモ分散レース。1号艇伸び確認後、広めのヒモ流しを採用。穴ヒモ（5・6号艇）を積極的に含める。'}",,,26.9,逃げ狙い,17.47,25.5,3,,,,,,,,,,,
2025-11-17,丸亀,6,5,安河内健,A1,43.24,5,○,15.9321,15.3,83,60.5,0.1658,3.5395,,,0,低,76,0,-,1S,0,56.3,1.16,0,0,0,0.1667,0,0.1758,0,0.0129,,,A,○,◎,0.2419,0.6435,0.4309,0.5498,S,88,0,◎1着固定 2-3着流し（5〜8点）,0.5777,"{'is_target': True, 'verdict': '参加推奨', 'max_combo_prob': 0.1068, 'est_top_odds': 12.5, 'circle_concentration': 65.1, 'eligible_count': 6, 'bet_adj': 2, 'reason': 'rel_win1=57.3%（本命度） / 最有力組み合わせ確率: 0.107（推定実オッズ?12倍） / 2着集中度: 上位2艇 65.1%（補正+0.00） / 総合判定確率: 0.107 / → ヒモ分散。1号艇1着固定で広めのヒモ流し推奨（買い目+2点）', 'tenji_trigger': '展示確認: ヒモ分散レース。1号艇伸び確認後、広めのヒモ流しを採用。穴ヒモ（5・6号艇）を積極的に含める。'}",,,26.9,逃げ狙い,17.47,25.5,3,,,,,,,,,,,
2025-11-17,丸亀,6,6,東　健介,B1,30.00,6,,1.0997,0.8,25,2.3,0.1898,4.3488,,,0,低,99,0,-,26,0,33.6,0.8467,,,,,,0.0667,0.1556,0.5389,,,C,△,,0.1612,0.631,,0.5498,S,88,0,◎1着固定 2-3着流し（5〜8点）,0.5777,"{'is_target': True, 'verdict': '参加推奨', 'max_combo_prob': 0.1068, 'est_top_odds': 12.5, 'circle_concentration': 65.1, 'eligible_count': 6, 'bet_adj': 2, 'reason': 'rel_win1=57.3%（本命度） / 最有力組み合わせ確率: 0.107（推定実オッズ?12倍） / 2着集中度: 上位2艇 65.1%（補正+0.00） / 総合判定確率: 0.107 / → ヒモ分散。1号艇1着固定で広めのヒモ流し推奨（買い目+2点）', 'tenji_trigger': '展示確認: ヒモ分散レース。1号艇伸び確認後、広めのヒモ流しを採用。穴ヒモ（5・6号艇）を積極的に含める。'}",,,26.9,逃げ狙い,17.47,25.5,3,,,,,,,,,,,
2025-11-17,丸亀,7,1,深川和仁,A2,21.88,1,◎,61.0942,,0,87,0.157,3.0435,,,0,低,130,0,逃1%,44,0,61,0.9606,0.7083,,,,,0.2,0.0167,0.05,◎,,D,△,,,0.606,,0.5652,S,83,0,◎1着固定 2-3着流し（5〜8点）,0.5777,"{'is_target': True, 'verdict': '参加推奨', 'max_combo_prob': 0.0564, 'est_top_odds': 23.6, 'circle_concentration': 60.4, 'eligible_count': 6, 'bet_adj': 2, 'reason': 'rel_win1=61.1%（本命度） / 最有力組み合わせ確率: 0.056（推定実オッズ?24倍） / 2着集中度: 上位2艇 60.4%（補正+0.00） / 総合判定確率: 0.056 / → ヒモ分散。1号艇1着固定で広めのヒモ流し推奨（買い目+2点）', 'tenji_trigger': '展示確認: ヒモ分散レース。1号艇伸び確認後、広めのヒモ流しを採用。穴ヒモ（5・6号艇）を積極的に含める。'}",,,27.9,逃げ狙い,15.92,29.6,3,,,,,0,0,0.7559,0,,逃げ軸流し,A
2025-11-17,丸亀,7,2,高木圭大,B2,25.00,2,△,8.7056,26.3,67,24.6,0.1854,3.9754,,,0,低,107,0,-,4,0,100,2.2171,,,,,,0.0632,0.1842,0.2632,,,C,△,,0.0775,0.606,,0.5652,S,83,0,◎1着固定 2-3着流し（5〜8点）,0.5777,"{'is_target': True, 'verdict': '参加推奨', 'max_combo_prob': 0.0564, 'est_top_odds': 23.6, 'circle_concentration': 60.4, 'eligible_count': 6, 'bet_adj': 2, 'reason': 'rel_win1=61.1%（本命度） / 最有力組み合わせ確率: 0.056（推定実オッズ?24倍） / 2着集中度: 上位2艇 60.4%（補正+0.00） / 総合判定確率: 0.056 / → ヒモ分散。1号艇1着固定で広めのヒモ流し推奨（買い目+2点）', 'tenji_trigger': '展示確認: ヒモ分散レース。1号艇伸び確認後、広めのヒモ流しを採用。穴ヒモ（5・6号艇）を積極的に含める。'}",,,27.9,逃げ狙い,15.92,29.6,3,,,,,,,,,,,
2025-11-17,丸亀,7,3,守屋美穂,A1,21.21,3,,16.1925,29.8,80,47.1,0.1794,3.9412,,,0,低,37,0,差ま0% 抜0%,31,0,76.9,1.1298,0,0,0,0.0909,0.0909,0.1722,0.1944,0.0222,,,E,○,,0.1844,0.629,,0.5652,S,83,0,◎1着固定 2-3着流し（5〜8点）,0.5777,"{'is_target': True, 'verdict': '参加推奨', 'max_combo_prob': 0.0564, 'est_top_odds': 23.6, 'circle_concentration': 60.4, 'eligible_count': 6, 'bet_adj': 2, 'reason': 'rel_win1=61.1%（本命度） / 最有力組み合わせ確率: 0.056（推定実オッズ?24倍） / 2着集中度: 上位2艇 60.4%（補正+0.00） / 総合判定確率: 0.056 / → ヒモ分散。1号艇1着固定で広めのヒモ流し推奨（買い目+2点）', 'tenji_trigger': '展示確認: ヒモ分散レース。1号艇伸び確認後、広めのヒモ流しを採用。穴ヒモ（5・6号艇）を積極的に含める。'}",,,27.9,逃げ狙い,15.92,29.6,3,,,,,,,,,,,
2025-11-17,丸亀,7,4,武藤綾子,B1,34.78,4,▲,7.3633,10,79,21.4,0.1932,3.9643,,,0,低,118,0,ま0%,65,0,20.4,0.6468,0,0,0.0714,0,0,0.1455,0.2364,0,,,B,,,0.1538,0.5505,,0.5652,S,83,0,◎1着固定 2-3着流し（5〜8点）,0.5777,"{'is_target': True, 'verdict': '参加推奨', 'max_combo_prob': 0.0564, 'est_top_odds': 23.6, 'circle_concentration': 60.4, 'eligible_count': 6, 'bet_adj': 2, 'reason': 'rel_win1=61.1%（本命度） / 最有力組み合わせ確率: 0.056（推定実オッズ?24倍） / 2着集中度: 上位2艇 60.4%（補正+0.00） / 総合判定確率: 0.056 / → ヒモ分散。1号艇1着固定で広めのヒモ流し推奨（買い目+2点）', 'tenji_trigger': '展示確認: ヒモ分散レース。1号艇伸び確認後、広めのヒモ流しを採用。穴ヒモ（5・6号艇）を積極的に含める。'}",,,27.9,逃げ狙い,15.92,29.6,3,,,,,,,,,,,
2025-11-17,丸亀,7,5,谷野錬志,B1,35.90,5,○,5.5097,30.5,100,57.7,0.1613,3.4615,,,0,低,70,0,差ま0%,24,0,43.2,1.5548,0,0,0,0.0455,0,0.0121,0.1985,0.0121,,,B,◎,,0.2698,0.651,,0.5652,S,83,0,◎1着固定 2-3着流し（5〜8点）,0.5777,"{'is_target': True, 'verdict': '参加推奨', 'max_combo_prob': 0.0564, 'est_top_odds': 23.6, 'circle_concentration': 60.4, 'eligible_count': 6, 'bet_adj': 2, 'reason': 'rel_win1=61.1%（本命度） / 最有力組み合わせ確率: 0.056（推定実オッズ?24倍） / 2着集中度: 上位2艇 60.4%（補正+0.00） / 総合判定確率: 0.056 / → ヒモ分散。1号艇1着固定で広めのヒモ流し推奨（買い目+2点）', 'tenji_trigger': '展示確認: ヒモ分散レース。1号艇伸び確認後、広めのヒモ流しを採用。穴ヒモ（5・6号艇）を積極的に含める。'}",,,27.9,逃げ狙い,15.92,29.6,3,,,,,,,,,,,
2025-11-17,丸亀,7,6,白水勝也,A1,23.53,6,,1.1347,3.3,98,44.2,0.1938,4.5962,,,0,低,134,0,-,31,0,78.1,1.7008,,,,,,0.1045,0.0455,0.0955,,,D,△,,0.1965,0.604,,0.5652,S,83,0,◎1着固定 2-3着流し（5〜8点）,0.5777,"{'is_target': True, 'verdict': '参加推奨', 'max_combo_prob': 0.0564, 'est_top_odds': 23.6, 'circle_concentration': 60.4, 'eligible_count': 6, 'bet_adj': 2, 'reason': 'rel_win1=61.1%（本命度） / 最有力組み合わせ確率: 0.056（推定実オッズ?24倍） / 2着集中度: 上位2艇 60.4%（補正+0.00） / 総合判定確率: 0.056 / → ヒモ分散。1号艇1着固定で広めのヒモ流し推奨（買い目+2点）', 'tenji_trigger': '展示確認: ヒモ分散レース。1号艇伸び確認後、広めのヒモ流しを採用。穴ヒモ（5・6号艇）を積極的に含める。'}",,,27.9,逃げ狙い,15.92,29.6,3,,,,,,,,,,,
2025-11-17,丸亀,8,1,山本修一,A1,48.00,1,◎,70.4344,,0,93.6,0.1521,2.9468,,,0,低,146,0,逃0%,14,0,98.7,1.3985,0.5714,,,,,0.0976,0.1667,0.1976,◎,,A,,,,0.5625,,0.4999,S,91,0,◎1着固定 2-3着流し（5〜8点）,0.5777,"{'is_target': True, 'verdict': '点数絞り', 'max_combo_prob': 0.1191, 'est_top_odds': 11.2, 'circle_concentration': 70.0, 'eligible_count': 6, 'bet_adj': 0, 'reason': 'rel_win1=70.4%（本命度） / 最有力組み合わせ確率: 0.119（推定実オッズ?11倍） / 2着集中度: 上位2艇 70.0%（補正+0.04） / 総合判定確率: 0.159 / → ヒモはやや固め。上位2艇以外を切ること', 'tenji_trigger': '展示確認: 1号艇伸び良→そのまま採用。悪→飛び組に差し替え。circle_pct上位2艇に絞り込むこと。'}",,,28.7,逃げ狙い,15.19,32.5,2,,,,,0,0,0.7559,0,,逃げ軸流し,A
2025-11-17,丸亀,8,2,川北浩貴,A2,22.86,2,△,12.6905,40.9,100,81.4,0.1551,3.2881,,,0,低,146,0,ま0%,41,0,32.9,0.7536,0,0.1071,0.1429,0,0,0.1399,0.2257,0.0541,,,E,◎,,0.3139,0.6565,,0.4999,S,91,0,◎1着固定 2-3着流し（5〜8点）,0.5777,"{'is_target': True, 'verdict': '点数絞り', 'max_combo_prob': 0.1191, 'est_top_odds': 11.2, 'circle_concentration': 70.0, 'eligible_count': 6, 'bet_adj': 0, 'reason': 'rel_win1=70.4%（本命度） / 最有力組み合わせ確率: 0.119（推定実オッズ?11倍） / 2着集中度: 上位2艇 70.0%（補正+0.04） / 総合判定確率: 0.159 / → ヒモはやや固め。上位2艇以外を切ること', 'tenji_trigger': '展示確認: 1号艇伸び良→そのまま採用。悪→飛び組に差し替え。circle_pct上位2艇に絞り込むこと。'}",,,28.7,逃げ狙い,15.19,32.5,2,,,,,,,,,,,
2025-11-17,丸亀,8,3,片岡秀樹,B1,42.86,3,○,6.9017,29.1,56,50.9,0.1319,3.2018,,,0,低,85,0,差ま0%,6,0,37.1,0.8887,0,0,0,0.0455,0,0.2778,0.3889,0.1111,,◎,B,△,,0.4048,0.6405,,0.4999,S,91,0,◎1着固定 2-3着流し（5〜8点）,0.5777,"{'is_target': True, 'verdict': '点数絞り', 'max_combo_prob': 0.1191, 'est_top_odds': 11.2, 'circle_concentration': 70.0, 'eligible_count': 6, 'bet_adj': 0, 'reason': 'rel_win1=70.4%（本命度） / 最有力組み合わせ確率: 0.119（推定実オッズ?11倍） / 2着集中度: 上位2艇 70.0%（補正+0.04） / 総合判定確率: 0.159 / → ヒモはやや固め。上位2艇以外を切ること', 'tenji_trigger': '展示確認: 1号艇伸び良→そのまま採用。悪→飛び組に差し替え。circle_pct上位2艇に絞り込むこと。'}",,,28.7,逃げ狙い,15.19,32.5,2,,,,,,,,,,,
2025-11-17,丸亀,8,4,藤田浩人,A2,18.18,4,,4.8679,17.7,93,52.3,0.1597,3.4615,,,0,低,147,0,-,56,0,53.4,0.7032,,,,,,0.1,0.0273,0.0182,,,E,○,,0.3088,0.653,,0.4999,S,91,0,◎1着固定 2-3着流し（5〜8点）,0.5777,"{'is_target': True, 'verdict': '点数絞り', 'max_combo_prob': 0.1191, 'est_top_odds': 11.2, 'circle_concentration': 70.0, 'eligible_count': 6, 'bet_adj': 0, 'reason': 'rel_win1=70.4%（本命度） / 最有力組み合わせ確率: 0.119（推定実オッズ?11倍） / 2着集中度: 上位2艇 70.0%（補正+0.04） / 総合判定確率: 0.159 / → ヒモはやや固め。上位2艇以外を切ること', 'tenji_trigger': '展示確認: 1号艇伸び良→そのまま採用。悪→飛び組に差し替え。circle_pct上位2艇に絞り込むこと。'}",,,28.7,逃げ狙い,15.19,32.5,2,,,,,,,,,,,
2025-11-17,丸亀,8,5,松本庸平,B1,32.50,5,,1.7894,9.1,44,21.9,0.2228,4.8438,,,0,低,228,0,-,2,0,22.6,0.6419,,,,,,0.4143,0.0571,0.2071,,,C,△,,0.16,0.626,,0.4999,S,91,0,◎1着固定 2-3着流し（5〜8点）,0.5777,"{'is_target': True, 'verdict': '点数絞り', 'max_combo_prob': 0.1191, 'est_top_odds': 11.2, 'circle_concentration': 70.0, 'eligible_count': 6, 'bet_adj': 0, 'reason': 'rel_win1=70.4%（本命度） / 最有力組み合わせ確率: 0.119（推定実オッズ?11倍） / 2着集中度: 上位2艇 70.0%（補正+0.04） / 総合判定確率: 0.159 / → ヒモはやや固め。上位2艇以外を切ること', 'tenji_trigger': '展示確認: 1号艇伸び良→そのまま採用。悪→飛び組に差し替え。circle_pct上位2艇に絞り込むこと。'}",,,28.7,逃げ狙い,15.19,32.5,2,,,,,,,,,,,
2025-11-17,丸亀,8,6,石井伸長,B1,39.53,6,▲,3.3162,3.2,32,23.5,0.1533,3.4847,,,0,低,79,0,差ま0%,4,0,32.5,1.1497,0,0.027,0.027,0.0811,0,0,0.5,0.25,,,C,,◎,0.3117,0.5655,0.3775,0.4999,S,91,0,◎1着固定 2-3着流し（5〜8点）,0.5777,"{'is_target': True, 'verdict': '点数絞り', 'max_combo_prob': 0.1191, 'est_top_odds': 11.2, 'circle_concentration': 70.0, 'eligible_count': 6, 'bet_adj': 0, 'reason': 'rel_win1=70.4%（本命度） / 最有力組み合わせ確率: 0.119（推定実オッズ?11倍） / 2着集中度: 上位2艇 70.0%（補正+0.04） / 総合判定確率: 0.159 / → ヒモはやや固め。上位2艇以外を切ること', 'tenji_trigger': '展示確認: 1号艇伸び良→そのまま採用。悪→飛び組に差し替え。circle_pct上位2艇に絞り込むこと。'}",,,28.7,逃げ狙い,15.19,32.5,2,,,,,,,,,,,
2025-11-17,丸亀,9,1,川田正人,A2,27.27,1,◎,58.3281,,0,70.8,0.1777,3.4154,,,0,低,152,0,逃1%,55,0,58.6,0.81,0.3871,,,,,0.1373,0.3263,0.0387,○,,C,,,,0.614,,0.3693,A,61,0,◎-○軸 3着3〜4艇流し（10〜15点）,0.5777,"{'is_target': True, 'verdict': '参加推奨', 'max_combo_prob': 0.0825, 'est_top_odds': 16.2, 'circle_concentration': 68.1, 'eligible_count': 8, 'bet_adj': 2, 'reason': 'rel_win1=58.3%（本命度） / 最有力組み合わせ確率: 0.082（推定実オッズ?16倍） / 2着集中度: 上位2艇 68.1%（補正+0.00） / 総合判定確率: 0.082 / → ヒモ分散。1号艇1着固定で広めのヒモ流し推奨（買い目+2点）', 'tenji_trigger': '展示確認: ヒモ分散レース。1号艇伸び確認後、広めのヒモ流しを採用。穴ヒモ（5・6号艇）を積極的に含める。'}",,,29.5,両建て推奨,15.42,34.6,4,,,,,0,0,0.6155,0,,逃げ軸流し,A
2025-11-17,丸亀,9,2,坂口貴彦,B1,24.44,2,△,10.6362,28.8,95,61.3,0.1842,3.9758,,,0,低,134,0,-,6,0,79.3,0.7753,0,0.125,0,0,0,0.0471,0.1235,0.1471,,,D,,,0.284,0.591,,0.3693,A,61,0,◎-○軸 3着3〜4艇流し（10〜15点）,0.5777,"{'is_target': True, 'verdict': '参加推奨', 'max_combo_prob': 0.0825, 'est_top_odds': 16.2, 'circle_concentration': 68.1, 'eligible_count': 8, 'bet_adj': 2, 'reason': 'rel_win1=58.3%（本命度） / 最有力組み合わせ確率: 0.082（推定実オッズ?16倍） / 2着集中度: 上位2艇 68.1%（補正+0.00） / 総合判定確率: 0.082 / → ヒモ分散。1号艇1着固定で広めのヒモ流し推奨（買い目+2点）', 'tenji_trigger': '展示確認: ヒモ分散レース。1号艇伸び確認後、広めのヒモ流しを採用。穴ヒモ（5・6号艇）を積極的に含める。'}",,,29.5,両建て推奨,15.42,34.6,4,,,,,,,,,,,
2025-11-17,丸亀,9,3,吉永則雄,A1,53.19,3,○,13.6397,39.3,75,65.7,0.1614,3.3286,,,0,低,112,0,差0%,13,0,33.4,0.83,0,0.0312,0.0312,0,0,0.0896,0.0635,0.1184,,△,A,◎,,0.3986,0.696,,0.3693,A,61,0,◎-○軸 3着3〜4艇流し（10〜15点）,0.5777,"{'is_target': True, 'verdict': '参加推奨', 'max_combo_prob': 0.0825, 'est_top_odds': 16.2, 'circle_concentration': 68.1, 'eligible_count': 8, 'bet_adj': 2, 'reason': 'rel_win1=58.3%（本命度） / 最有力組み合わせ確率: 0.082（推定実オッズ?16倍） / 2着集中度: 上位2艇 68.1%（補正+0.00） / 総合判定確率: 0.082 / → ヒモ分散。1号艇1着固定で広めのヒモ流し推奨（買い目+2点）', 'tenji_trigger': '展示確認: ヒモ分散レース。1号艇伸び確認後、広めのヒモ流しを採用。穴ヒモ（5・6号艇）を積極的に含める。'}",,,29.5,両建て推奨,15.42,34.6,4,,,,,,,,,,,
2025-11-17,丸亀,9,4,小野生奈,A1,47.83,4,▲,8.0544,11.2,55,30,0.159,3.225,,,0,低,35,0,-,12,0,34.3,0.7445,,,,,,0.0714,0,0.1429,,◎,A,△,,0.4355,0.625,,0.3693,A,61,0,◎-○軸 3着3〜4艇流し（10〜15点）,0.5777,"{'is_target': True, 'verdict': '参加推奨', 'max_combo_prob': 0.0825, 'est_top_odds': 16.2, 'circle_concentration': 68.1, 'eligible_count': 8, 'bet_adj': 2, 'reason': 'rel_win1=58.3%（本命度） / 最有力組み合わせ確率: 0.082（推定実オッズ?16倍） / 2着集中度: 上位2艇 68.1%（補正+0.00） / 総合判定確率: 0.082 / → ヒモ分散。1号艇1着固定で広めのヒモ流し推奨（買い目+2点）', 'tenji_trigger': '展示確認: ヒモ分散レース。1号艇伸び確認後、広めのヒモ流しを採用。穴ヒモ（5・6号艇）を積極的に含める。'}",,,29.5,両建て推奨,15.42,34.6,4,,,,,,,,,,,
2025-11-17,丸亀,9,5,桑原将光,A2,16.67,5,,5.7717,16.4,100,58.6,0.1624,3.4914,,,0,低,130,0,-,33,0,22.5,0.5879,,,,,,0.2429,0.4857,0.0714,,○,E,○,,0.4076,0.6525,,0.3693,A,61,0,◎-○軸 3着3〜4艇流し（10〜15点）,0.5777,"{'is_target': True, 'verdict': '参加推奨', 'max_combo_prob': 0.0825, 'est_top_odds': 16.2, 'circle_concentration': 68.1, 'eligible_count': 8, 'bet_adj': 2, 'reason': 'rel_win1=58.3%（本命度） / 最有力組み合わせ確率: 0.082（推定実オッズ?16倍） / 2着集中度: 上位2艇 68.1%（補正+0.00） / 総合判定確率: 0.082 / → ヒモ分散。1号艇1着固定で広めのヒモ流し推奨（買い目+2点）', 'tenji_trigger': '展示確認: ヒモ分散レース。1号艇伸び確認後、広めのヒモ流しを採用。穴ヒモ（5・6号艇）を積極的に含める。'}",,,29.5,両建て推奨,15.42,34.6,4,,,,,,,,,,,
2025-11-17,丸亀,9,6,西丸敦基,B1,24.32,6,,3.5699,4.3,28,23.5,0.1719,3.537,,,0,低,113,0,-,3,0,24.9,1.3044,,,,,,0.0333,0.0667,0.3,,,D,△,,0.3774,0.6165,,0.3693,A,61,0,◎-○軸 3着3〜4艇流し（10〜15点）,0.5777,"{'is_target': True, 'verdict': '参加推奨', 'max_combo_prob': 0.0825, 'est_top_odds': 16.2, 'circle_concentration': 68.1, 'eligible_count': 8, 'bet_adj': 2, 'reason': 'rel_win1=58.3%（本命度） / 最有力組み合わせ確率: 0.082（推定実オッズ?16倍） / 2着集中度: 上位2艇 68.1%（補正+0.00） / 総合判定確率: 0.082 / → ヒモ分散。1号艇1着固定で広めのヒモ流し推奨（買い目+2点）', 'tenji_trigger': '展示確認: ヒモ分散レース。1号艇伸び確認後、広めのヒモ流しを採用。穴ヒモ（5・6号艇）を積極的に含める。'}",,,29.5,両建て推奨,15.42,34.6,4,,,,,,,,,,,
2025-11-17,丸亀,10,1,松尾夏海,A1,30.23,1,◎,55.4771,,0,88.2,0.1676,3.0441,,,0,低,45,0,逃1%,44,0,86.6,1.1249,1,,,,,,,,◎,,D,◎,,,0.684,,0.5012,S,91,0,◎1着固定 2-3着流し（5〜8点）,0.5777,"{'is_target': True, 'verdict': '参加推奨', 'max_combo_prob': 0.0661, 'est_top_odds': 20.2, 'circle_concentration': 74.1, 'eligible_count': 6, 'bet_adj': 2, 'reason': 'rel_win1=55.5%（本命度） / 最有力組み合わせ確率: 0.066（推定実オッズ?20倍） / 2着集中度: 上位2艇 74.1%（補正+0.04） / 総合判定確率: 0.106 / → ヒモ分散。1号艇1着固定で広めのヒモ流し推奨（買い目+2点）', 'tenji_trigger': '展示確認: ヒモ分散レース。1号艇伸び確認後、広めのヒモ流しを採用。穴ヒモ（5・6号艇）を積極的に含める。'}",,,22.3,逃げ狙い,22.74,21.9,3,,,,,0,0,0.7559,0,,逃げ軸流し,A
2025-11-17,丸亀,10,2,柘植政浩,A2,14.29,2,,9.8627,43.2,73,67.1,0.1501,3.4143,,,0,低,143,0,-,15,0,27.5,0.8386,0,0.1111,0,0,0.037,0.0222,0.0444,0.0556,,◎,E,○,,0.5,0.647,,0.5012,S,91,0,◎1着固定 2-3着流し（5〜8点）,0.5777,"{'is_target': True, 'verdict': '参加推奨', 'max_combo_prob': 0.0661, 'est_top_odds': 20.2, 'circle_concentration': 74.1, 'eligible_count': 6, 'bet_adj': 2, 'reason': 'rel_win1=55.5%（本命度） / 最有力組み合わせ確率: 0.066（推定実オッズ?20倍） / 2着集中度: 上位2艇 74.1%（補正+0.04） / 総合判定確率: 0.106 / → ヒモ分散。1号艇1着固定で広めのヒモ流し推奨（買い目+2点）', 'tenji_trigger': '展示確認: ヒモ分散レース。1号艇伸び確認後、広めのヒモ流しを採用。穴ヒモ（5・6号艇）を積極的に含める。'}",,,22.3,逃げ狙い,22.74,21.9,3,,,,,,,,,,,
2025-11-17,丸亀,10,3,枝尾　賢,B2,44.00,3,▲,13.512,30.8,84,82.9,0.1517,3.3571,,,0,低,61,0,差ま0%,3,0,75.5,1.4996,0,0,0,0.12,0,0.1828,0.0421,0.0967,,△,B,△,,0.3847,0.631,,0.5012,S,91,0,◎1着固定 2-3着流し（5〜8点）,0.5777,"{'is_target': True, 'verdict': '参加推奨', 'max_combo_prob': 0.0661, 'est_top_odds': 20.2, 'circle_concentration': 74.1, 'eligible_count': 6, 'bet_adj': 2, 'reason': 'rel_win1=55.5%（本命度） / 最有力組み合わせ確率: 0.066（推定実オッズ?20倍） / 2着集中度: 上位2艇 74.1%（補正+0.04） / 総合判定確率: 0.106 / → ヒモ分散。1号艇1着固定で広めのヒモ流し推奨（買い目+2点）', 'tenji_trigger': '展示確認: ヒモ分散レース。1号艇伸び確認後、広めのヒモ流しを採用。穴ヒモ（5・6号艇）を積極的に含める。'}",,,22.3,逃げ狙い,22.74,21.9,3,,,,,,,,,,,
2025-11-17,丸亀,10,4,安河内健,A1,43.24,4,○,11.7677,16.4,95,58.5,0.1493,2.7683,,,0,低,76,0,ま0% 抜0%,1S,0,70.9,1.3079,0,0,0.0556,0,0.0556,0.1758,0,0.0129,,,B,△,◎,0.3596,0.6435,0.2346,0.5012,S,91,0,◎1着固定 2-3着流し（5〜8点）,0.5777,"{'is_target': True, 'verdict': '参加推奨', 'max_combo_prob': 0.0661, 'est_top_odds': 20.2, 'circle_concentration': 74.1, 'eligible_count': 6, 'bet_adj': 2, 'reason': 'rel_win1=55.5%（本命度） / 最有力組み合わせ確率: 0.066（推定実オッズ?20倍） / 2着集中度: 上位2艇 74.1%（補正+0.04） / 総合判定確率: 0.106 / → ヒモ分散。1号艇1着固定で広めのヒモ流し推奨（買い目+2点）', 'tenji_trigger': '展示確認: ヒモ分散レース。1号艇伸び確認後、広めのヒモ流しを採用。穴ヒモ（5・6号艇）を積極的に含める。'}",,,22.3,逃げ狙い,22.74,21.9,3,,,,,,,,,,,
2025-11-17,丸亀,10,5,清水紀克,B1,48.00,5,△,5.1884,5.8,100,,,,,,0,低,53,1,-,2,0,,,,,,,,,,,,,A,,○,0.3128,0.575,0.15,0.5012,S,91,0,◎1着固定 2-3着流し（5〜8点）,0.5777,"{'is_target': True, 'verdict': '参加推奨', 'max_combo_prob': 0.0661, 'est_top_odds': 20.2, 'circle_concentration': 74.1, 'eligible_count': 6, 'bet_adj': 2, 'reason': 'rel_win1=55.5%（本命度） / 最有力組み合わせ確率: 0.066（推定実オッズ?20倍） / 2着集中度: 上位2艇 74.1%（補正+0.04） / 総合判定確率: 0.106 / → ヒモ分散。1号艇1着固定で広めのヒモ流し推奨（買い目+2点）', 'tenji_trigger': '展示確認: ヒモ分散レース。1号艇伸び確認後、広めのヒモ流しを採用。穴ヒモ（5・6号艇）を積極的に含める。'}",,,22.3,逃げ狙い,22.74,21.9,3,,,,,,,,,,,
2025-11-17,丸亀,10,6,青木　蓮,A2,35.71,6,,4.1921,3.7,84,34.4,0.1363,2.875,,,0,低,73,0,差0%,13,0,77.5,1.4811,0,0.1111,0,0,0,0.02,0.24,0.04,,,C,,,0.394,0.589,,0.5012,S,91,0,◎1着固定 2-3着流し（5〜8点）,0.5777,"{'is_target': True, 'verdict': '参加推奨', 'max_combo_prob': 0.0661, 'est_top_odds': 20.2, 'circle_concentration': 74.1, 'eligible_count': 6, 'bet_adj': 2, 'reason': 'rel_win1=55.5%（本命度） / 最有力組み合わせ確率: 0.066（推定実オッズ?20倍） / 2着集中度: 上位2艇 74.1%（補正+0.04） / 総合判定確率: 0.106 / → ヒモ分散。1号艇1着固定で広めのヒモ流し推奨（買い目+2点）', 'tenji_trigger': '展示確認: ヒモ分散レース。1号艇伸び確認後、広めのヒモ流しを採用。穴ヒモ（5・6号艇）を積極的に含める。'}",,,22.3,逃げ狙い,22.74,21.9,3,,,,,,,,,,,
2025-11-17,丸亀,11,1,中田元泰,A1,38.10,1,◎,65.4498,,0,94,0.1464,2.7738,,,0,低,90,0,逃1%,25,0,88.5,1.1451,0.8065,,,,,0.0323,0.1613,0,◎,,B,◎,,,0.685,,0.6079,S,90,0,◎1着固定 2-3着流し（5〜8点）,0.5777,"{'is_target': True, 'verdict': '参加推奨', 'max_combo_prob': 0.0978, 'est_top_odds': 13.6, 'circle_concentration': 66.6, 'eligible_count': 6, 'bet_adj': 2, 'reason': 'rel_win1=65.4%（本命度） / 最有力組み合わせ確率: 0.098（推定実オッズ?14倍） / 2着集中度: 上位2艇 66.6%（補正+0.00） / 総合判定確率: 0.098 / → ヒモ分散。1号艇1着固定で広めのヒモ流し推奨（買い目+2点）', 'tenji_trigger': '展示確認: ヒモ分散レース。1号艇伸び確認後、広めのヒモ流しを採用。穴ヒモ（5・6号艇）を積極的に含める。'}",,,26.6,逃げ狙い,15.74,25.9,2,,,,,0,0,0.7559,0,,逃げ軸流し,A
2025-11-17,丸亀,11,2,守屋美穂,A1,21.21,2,,13.1718,48.9,89,80,0.1567,3.1667,,,0,低,37,0,差0% 抜0%,31,0,66.9,1.2659,0,0.0909,0,0,0.0909,0.1722,0.1944,0.0222,,,D,,,0.217,0.629,,0.6079,S,90,0,◎1着固定 2-3着流し（5〜8点）,0.5777,"{'is_target': True, 'verdict': '参加推奨', 'max_combo_prob': 0.0978, 'est_top_odds': 13.6, 'circle_concentration': 66.6, 'eligible_count': 6, 'bet_adj': 2, 'reason': 'rel_win1=65.4%（本命度） / 最有力組み合わせ確率: 0.098（推定実オッズ?14倍） / 2着集中度: 上位2艇 66.6%（補正+0.00） / 総合判定確率: 0.098 / → ヒモ分散。1号艇1着固定で広めのヒモ流し推奨（買い目+2点）', 'tenji_trigger': '展示確認: ヒモ分散レース。1号艇伸び確認後、広めのヒモ流しを採用。穴ヒモ（5・6号艇）を積極的に含める。'}",,,26.6,逃げ狙い,15.74,25.9,2,,,,,,,,,,,
2025-11-17,丸亀,11,3,大神康司,A2,48.98,3,○,10.8264,15.3,100,48.1,0.144,3.1923,,,0,低,61,0,-,51,0,40.6,0.9829,0,0,0.0435,0.087,0,0.2807,0,0.067,,,A,,,0.3086,0.6115,,0.6079,S,90,0,◎1着固定 2-3着流し（5〜8点）,0.5777,"{'is_target': True, 'verdict': '参加推奨', 'max_combo_prob': 0.0978, 'est_top_odds': 13.6, 'circle_concentration': 66.6, 'eligible_count': 6, 'bet_adj': 2, 'reason': 'rel_win1=65.4%（本命度） / 最有力組み合わせ確率: 0.098（推定実オッズ?14倍） / 2着集中度: 上位2艇 66.6%（補正+0.00） / 総合判定確率: 0.098 / → ヒモ分散。1号艇1着固定で広めのヒモ流し推奨（買い目+2点）', 'tenji_trigger': '展示確認: ヒモ分散レース。1号艇伸び確認後、広めのヒモ流しを採用。穴ヒモ（5・6号艇）を積極的に含める。'}",,,26.6,逃げ狙い,15.74,25.9,2,,,,,,,,,,,
2025-11-17,丸亀,11,4,吉田慎二,A2,28.21,4,▲,5.4228,17.8,96,57.4,0.1541,3.418,,,0,低,169,0,-,2,0,32.2,0.7583,0,0.0312,0.0312,0,0,0.039,0.2683,0.0195,,,D,○,,0.2525,0.662,,0.6079,S,90,0,◎1着固定 2-3着流し（5〜8点）,0.5777,"{'is_target': True, 'verdict': '参加推奨', 'max_combo_prob': 0.0978, 'est_top_odds': 13.6, 'circle_concentration': 66.6, 'eligible_count': 6, 'bet_adj': 2, 'reason': 'rel_win1=65.4%（本命度） / 最有力組み合わせ確率: 0.098（推定実オッズ?14倍） / 2着集中度: 上位2艇 66.6%（補正+0.00） / 総合判定確率: 0.098 / → ヒモ分散。1号艇1着固定で広めのヒモ流し推奨（買い目+2点）', 'tenji_trigger': '展示確認: ヒモ分散レース。1号艇伸び確認後、広めのヒモ流しを採用。穴ヒモ（5・6号艇）を積極的に含める。'}",,,26.6,逃げ狙い,15.74,25.9,2,,,,,,,,,,,
2025-11-17,丸亀,11,5,中村辰也,A2,11.76,5,△,3.3065,14.9,51,43.1,0.1334,3.0603,,,0,低,74,0,-,2,0,54.2,1.0536,0,0,0,0.0455,0,0.0286,0.0571,0.1571,,,E,△,,0.3264,0.647,,0.6079,S,90,0,◎1着固定 2-3着流し（5〜8点）,0.5777,"{'is_target': True, 'verdict': '参加推奨', 'max_combo_prob': 0.0978, 'est_top_odds': 13.6, 'circle_concentration': 66.6, 'eligible_count': 6, 'bet_adj': 2, 'reason': 'rel_win1=65.4%（本命度） / 最有力組み合わせ確率: 0.098（推定実オッズ?14倍） / 2着集中度: 上位2艇 66.6%（補正+0.00） / 総合判定確率: 0.098 / → ヒモ分散。1号艇1着固定で広めのヒモ流し推奨（買い目+2点）', 'tenji_trigger': '展示確認: ヒモ分散レース。1号艇伸び確認後、広めのヒモ流しを採用。穴ヒモ（5・6号艇）を積極的に含める。'}",,,26.6,逃げ狙い,15.74,25.9,2,,,,,,,,,,,
2025-11-17,丸亀,11,6,馬野　耀,A2,32.65,6,,1.8226,3.2,80,36.8,0.1671,4.3684,,,0,低,78,0,-,16,0,25.4,0.6242,,,,,,0.0455,0.1818,0.0909,,,C,△,,0.2477,0.6435,,0.6079,S,90,0,◎1着固定 2-3着流し（5〜8点）,0.5777,"{'is_target': True, 'verdict': '参加推奨', 'max_combo_prob': 0.0978, 'est_top_odds': 13.6, 'circle_concentration': 66.6, 'eligible_count': 6, 'bet_adj': 2, 'reason': 'rel_win1=65.4%（本命度） / 最有力組み合わせ確率: 0.098（推定実オッズ?14倍） / 2着集中度: 上位2艇 66.6%（補正+0.00） / 総合判定確率: 0.098 / → ヒモ分散。1号艇1着固定で広めのヒモ流し推奨（買い目+2点）', 'tenji_trigger': '展示確認: ヒモ分散レース。1号艇伸び確認後、広めのヒモ流しを採用。穴ヒモ（5・6号艇）を積極的に含める。'}",,,26.6,逃げ狙い,15.74,25.9,2,,,,,,,,,,,
2025-11-17,丸亀,12,1,新田雄史,A1,31.11,1,◎,63.7501,,0,97.1,0.1271,2.8971,,,0,低,30,0,逃1%,22,0,100,1.5863,0.6667,,,,,0.0833,0.0833,0.0833,◎,,C,◎,,,0.625,,0.6242,S,97,0,◎1着固定 2-3着流し（5〜8点）,0.5777,"{'is_target': True, 'verdict': '参加推奨', 'max_combo_prob': 0.0863, 'est_top_odds': 15.4, 'circle_concentration': 66.5, 'eligible_count': 6, 'bet_adj': 2, 'reason': 'rel_win1=63.8%（本命度） / 最有力組み合わせ確率: 0.086（推定実オッズ?15倍） / 2着集中度: 上位2艇 66.5%（補正+0.00） / 総合判定確率: 0.086 / → ヒモ分散。1号艇1着固定で広めのヒモ流し推奨（買い目+2点）', 'tenji_trigger': '展示確認: ヒモ分散レース。1号艇伸び確認後、広めのヒモ流しを採用。穴ヒモ（5・6号艇）を積極的に含める。\n展示で1号艇スタート超安定(0.127秒)→ヒモ固まり方向に注意'}",,,27.5,逃げ狙い,18.52,26.2,5,,,,,0,0,0.7559,0,,逃げ軸流し,A
2025-11-17,丸亀,12,2,白水勝也,A1,23.53,2,△,8.8701,42.7,74,73.3,0.1552,3.55,,,0,低,134,0,-,31,0,34.8,1.0197,0,0.0385,0.1154,0,0,0.1045,0.0455,0.0955,,,D,△,,0.0674,0.604,,0.6242,S,97,0,◎1着固定 2-3着流し（5〜8点）,0.5777,"{'is_target': True, 'verdict': '参加推奨', 'max_combo_prob': 0.0863, 'est_top_odds': 15.4, 'circle_concentration': 66.5, 'eligible_count': 6, 'bet_adj': 2, 'reason': 'rel_win1=63.8%（本命度） / 最有力組み合わせ確率: 0.086（推定実オッズ?15倍） / 2着集中度: 上位2艇 66.5%（補正+0.00） / 総合判定確率: 0.086 / → ヒモ分散。1号艇1着固定で広めのヒモ流し推奨（買い目+2点）', 'tenji_trigger': '展示確認: ヒモ分散レース。1号艇伸び確認後、広めのヒモ流しを採用。穴ヒモ（5・6号艇）を積極的に含める。\n展示で1号艇スタート超安定(0.127秒)→ヒモ固まり方向に注意'}",,,27.5,逃げ狙い,18.52,26.2,5,,,,,,,,,,,
2025-11-17,丸亀,12,3,古場輝義,A2,35.42,3,▲,9.0203,23.9,71,63,0.1742,3.7123,,,0,低,140,0,差0% ま0% 差ま0%,45,0,61.6,1.1121,0,0.0303,0.0909,0.0303,0,0.04,0.2933,0.3067,,,B,○,,0.1203,0.619,,0.6242,S,97,0,◎1着固定 2-3着流し（5〜8点）,0.5777,"{'is_target': True, 'verdict': '参加推奨', 'max_combo_prob': 0.0863, 'est_top_odds': 15.4, 'circle_concentration': 66.5, 'eligible_count': 6, 'bet_adj': 2, 'reason': 'rel_win1=63.8%（本命度） / 最有力組み合わせ確率: 0.086（推定実オッズ?15倍） / 2着集中度: 上位2艇 66.5%（補正+0.00） / 総合判定確率: 0.086 / → ヒモ分散。1号艇1着固定で広めのヒモ流し推奨（買い目+2点）', 'tenji_trigger': '展示確認: ヒモ分散レース。1号艇伸び確認後、広めのヒモ流しを採用。穴ヒモ（5・6号艇）を積極的に含める。\n展示で1号艇スタート超安定(0.127秒)→ヒモ固まり方向に注意'}",,,27.5,逃げ狙い,18.52,26.2,5,,,,,,,,,,,
2025-11-17,丸亀,12,4,山本修一,A1,48.00,4,○,7.1918,20.8,88,60.9,0.1675,3.7188,,,0,低,146,0,-,14,0,31.4,0.9411,0,0,0,0,0.04,0.0976,0.1667,0.1976,,,A,,○,0.1549,0.5625,0.2187,0.6242,S,97,0,◎1着固定 2-3着流し（5〜8点）,0.5777,"{'is_target': True, 'verdict': '参加推奨', 'max_combo_prob': 0.0863, 'est_top_odds': 15.4, 'circle_concentration': 66.5, 'eligible_count': 6, 'bet_adj': 2, 'reason': 'rel_win1=63.8%（本命度） / 最有力組み合わせ確率: 0.086（推定実オッズ?15倍） / 2着集中度: 上位2艇 66.5%（補正+0.00） / 総合判定確率: 0.086 / → ヒモ分散。1号艇1着固定で広めのヒモ流し推奨（買い目+2点）', 'tenji_trigger': '展示確認: ヒモ分散レース。1号艇伸び確認後、広めのヒモ流しを採用。穴ヒモ（5・6号艇）を積極的に含める。\n展示で1号艇スタート超安定(0.127秒)→ヒモ固まり方向に注意'}",,,27.5,逃げ狙い,18.52,26.2,5,,,,,,,,,,,
2025-11-17,丸亀,12,5,石原　翼,A2,15.15,5,,10.1589,10.3,100,63.9,0.1331,2.3889,,,0,低,63,0,差ま0%,5,0,95.1,1.9052,0,0,0,0.1111,0,0.348,0.032,0.032,,,E,△,◎,0.2787,0.616,0.4522,0.6242,S,97,0,◎1着固定 2-3着流し（5〜8点）,0.5777,"{'is_target': True, 'verdict': '参加推奨', 'max_combo_prob': 0.0863, 'est_top_odds': 15.4, 'circle_concentration': 66.5, 'eligible_count': 6, 'bet_adj': 2, 'reason': 'rel_win1=63.8%（本命度） / 最有力組み合わせ確率: 0.086（推定実オッズ?15倍） / 2着集中度: 上位2艇 66.5%（補正+0.00） / 総合判定確率: 0.086 / → ヒモ分散。1号艇1着固定で広めのヒモ流し推奨（買い目+2点）', 'tenji_trigger': '展示確認: ヒモ分散レース。1号艇伸び確認後、広めのヒモ流しを採用。穴ヒモ（5・6号艇）を積極的に含める。\n展示で1号艇スタート超安定(0.127秒)→ヒモ固まり方向に注意'}",,,27.5,逃げ狙い,18.52,26.2,5,,,,,,,,,,,
2025-11-17,丸亀,12,6,山田理央,A2,35.00,6,,1.0088,2.4,56,39.4,0.17,4.0606,,,0,低,62,0,-,62,0,32.6,1.4942,,,,,,0.0444,0.1444,0.0222,,,C,,,0.175,0.6,,0.6242,S,97,0,◎1着固定 2-3着流し（5〜8点）,0.5777,"{'is_target': True, 'verdict': '参加推奨', 'max_combo_prob': 0.0863, 'est_top_odds': 15.4, 'circle_concentration': 66.5, 'eligible_count': 6, 'bet_adj': 2, 'reason': 'rel_win1=63.8%（本命度） / 最有力組み合わせ確率: 0.086（推定実オッズ?15倍） / 2着集中度: 上位2艇 66.5%（補正+0.00） / 総合判定確率: 0.086 / → ヒモ分散。1号艇1着固定で広めのヒモ流し推奨（買い目+2点）', 'tenji_trigger': '展示確認: ヒモ分散レース。1号艇伸び確認後、広めのヒモ流しを採用。穴ヒモ（5・6号艇）を積極的に含める。\n展示で1号艇スタート超安定(0.127秒)→ヒモ固まり方向に注意'}",,,27.5,逃げ狙い,18.52,26.2,5,,,,,,,,,,,
2025-11-18,丸亀,1,1,西丸敦基,B1,24.32,1,◎,54.9319,,0,87.5,0.1806,3.1562,,,0,低,113,0,逃0%,3 5,0,84.9,1.1024,0.5,,,,,0.0333,0.0667,0.3,○⚠️,,C,△,,,0.6165,,0.4236,A,75,0,◎-○軸 3着3〜4艇流し（10〜15点）,0.5777,"{'is_target': True, 'verdict': '点数絞り', 'max_combo_prob': 0.0971, 'est_top_odds': 13.7, 'circle_concentration': 74.0, 'eligible_count': 8, 'bet_adj': 0, 'reason': 'rel_win1=54.9%（本命度） / 最有力組み合わせ確率: 0.097（推定実オッズ?14倍） / 2着集中度: 上位2艇 74.0%（補正+0.04） / 総合判定確率: 0.137 / → ヒモはやや固め。上位2艇以外を切ること', 'tenji_trigger': '展示確認: 1号艇伸び良→そのまま採用。悪→飛び組に差し替え。circle_pct上位2艇に絞り込むこと。\n展示で1号艇スタート遅め(0.181秒)確認→ヒモが荒れやすい'}",,,28.6,逃げ狙い,17.18,30.6,2,3-1-4|3-1-5|3-4-1|3-1-2|3-5-1|3-4-5|3-5-4|1-2-5|1-2-4|1-3-5|1-3-4|1-4-5,3-1-4|3-1-5|3-4-1|3-1-2|3-5-1|3-4-5|3-5-4|1-2-5|1-2-4|1-3-5|1-3-4|1-4-5,3-1-4:2.61%|3-1-5:1.31%|3-4-1:0.97%|3-1-2:0.43%|3-5-1:0.3%|3-4-5:0.23%|3-5-4:0.14%|1-2-5:8.34%|1-2-4:7.82%|1-3-5:5.03%|1-3-4:4.72%|1-4-5:4.43%,3-1-4:B_main|3-1-5:B_main|3-4-1:B_main|3-1-2:B_main|3-5-1:B_main|3-4-5:B_main|3-5-4:B_main|1-2-5:A|1-2-4:A|1-3-5:A|1-3-4:A|1-4-5:A,12,12,0.4535,1,[!]見送り推奨（主役決まり手「まくり差し」― 逃げ劣勢レースで的中実績なし）,主役軸流し,B
2025-11-18,丸亀,1,2,吉田慎二,A2,28.21,2,△,11.9392,54.2,100,54.1,0.1815,4.0246,,,0,低,169,0,-,2 23,0,34,0.7872,0,0,0.1154,0,0.0385,0.039,0.2683,0.0195,,,B,◎,,0.3075,0.662,,0.4236,A,75,0,◎-○軸 3着3〜4艇流し（10〜15点）,0.5777,"{'is_target': True, 'verdict': '点数絞り', 'max_combo_prob': 0.0971, 'est_top_odds': 13.7, 'circle_concentration': 74.0, 'eligible_count': 8, 'bet_adj': 0, 'reason': 'rel_win1=54.9%（本命度） / 最有力組み合わせ確率: 0.097（推定実オッズ?14倍） / 2着集中度: 上位2艇 74.0%（補正+0.04） / 総合判定確率: 0.137 / → ヒモはやや固め。上位2艇以外を切ること', 'tenji_trigger': '展示確認: 1号艇伸び良→そのまま採用。悪→飛び組に差し替え。circle_pct上位2艇に絞り込むこと。\n展示で1号艇スタート遅め(0.181秒)確認→ヒモが荒れやすい'}",,,28.6,逃げ狙い,17.18,30.6,2,,,,,,,,,,,
2025-11-18,丸亀,1,3,浅井　翼,B1,35.71,3,○,10.1203,19.8,63,25,0.1646,3.125,,,0,低,93,0,差ま0%,5 4,0,28.4,0.6663,0,0,0,0.0667,0,0.3077,0.3077,0.1538,,◎,A,,,0.3712,0.4745,,0.4236,A,75,0,◎-○軸 3着3〜4艇流し（10〜15点）,0.5777,"{'is_target': True, 'verdict': '点数絞り', 'max_combo_prob': 0.0971, 'est_top_odds': 13.7, 'circle_concentration': 74.0, 'eligible_count': 8, 'bet_adj': 0, 'reason': 'rel_win1=54.9%（本命度） / 最有力組み合わせ確率: 0.097（推定実オッズ?14倍） / 2着集中度: 上位2艇 74.0%（補正+0.04） / 総合判定確率: 0.137 / → ヒモはやや固め。上位2艇以外を切ること', 'tenji_trigger': '展示確認: 1号艇伸び良→そのまま採用。悪→飛び組に差し替え。circle_pct上位2艇に絞り込むこと。\n展示で1号艇スタート遅め(0.181秒)確認→ヒモが荒れやすい'}",,,28.6,逃げ狙い,17.18,30.6,2,,,,,,,,,,,
2025-11-18,丸亀,1,4,坂口貴彦,B1,24.44,4,▲,14.4576,16.1,80,52.6,0.1682,3.6316,,,0,低,134,0,ま0%,6 14,0,46.9,0.86,0,0,0.12,0.08,0,0.0471,0.1235,0.1471,,,C,△,◎,0.3608,0.591,0.3884,0.4236,A,75,0,◎-○軸 3着3〜4艇流し（10〜15点）,0.5777,"{'is_target': True, 'verdict': '点数絞り', 'max_combo_prob': 0.0971, 'est_top_odds': 13.7, 'circle_concentration': 74.0, 'eligible_count': 8, 'bet_adj': 0, 'reason': 'rel_win1=54.9%（本命度） / 最有力組み合わせ確率: 0.097（推定実オッズ?14倍） / 2着集中度: 上位2艇 74.0%（補正+0.04） / 総合判定確率: 0.137 / → ヒモはやや固め。上位2艇以外を切ること', 'tenji_trigger': '展示確認: 1号艇伸び良→そのまま採用。悪→飛び組に差し替え。circle_pct上位2艇に絞り込むこと。\n展示で1号艇スタート遅め(0.181秒)確認→ヒモが荒れやすい'}",,,28.6,逃げ狙い,17.18,30.6,2,,,,,,,,,,,
2025-11-18,丸亀,1,5,藤田浩人,A2,18.18,5,,7.4215,8.1,92,45.5,0.1706,3.9091,,,0,低,147,0,-,562,0,58.6,1.0162,0,0,0,0.1071,0,0.1,0.0273,0.0182,,,D,○,○,0.3286,0.653,0.3756,0.4236,A,75,0,◎-○軸 3着3〜4艇流し（10〜15点）,0.5777,"{'is_target': True, 'verdict': '点数絞り', 'max_combo_prob': 0.0971, 'est_top_odds': 13.7, 'circle_concentration': 74.0, 'eligible_count': 8, 'bet_adj': 0, 'reason': 'rel_win1=54.9%（本命度） / 最有力組み合わせ確率: 0.097（推定実オッズ?14倍） / 2着集中度: 上位2艇 74.0%（補正+0.04） / 総合判定確率: 0.137 / → ヒモはやや固め。上位2艇以外を切ること', 'tenji_trigger': '展示確認: 1号艇伸び良→そのまま採用。悪→飛び組に差し替え。circle_pct上位2艇に絞り込むこと。\n展示で1号艇スタート遅め(0.181秒)確認→ヒモが荒れやすい'}",,,28.6,逃げ狙い,17.18,30.6,2,,,,,,,,,,,
2025-11-18,丸亀,1,6,中澤里桜,B2,17.65,6,,1.1294,1.8,47,4.3,0.2217,4.5435,,,0,低,12,0,-,S 6,0,22.4,0.6017,,,,,,,,,,,E,,,0.1809,0.4195,,0.4236,A,75,0,◎-○軸 3着3〜4艇流し（10〜15点）,0.5777,"{'is_target': True, 'verdict': '点数絞り', 'max_combo_prob': 0.0971, 'est_top_odds': 13.7, 'circle_concentration': 74.0, 'eligible_count': 8, 'bet_adj': 0, 'reason': 'rel_win1=54.9%（本命度） / 最有力組み合わせ確率: 0.097（推定実オッズ?14倍） / 2着集中度: 上位2艇 74.0%（補正+0.04） / 総合判定確率: 0.137 / → ヒモはやや固め。上位2艇以外を切ること', 'tenji_trigger': '展示確認: 1号艇伸び良→そのまま採用。悪→飛び組に差し替え。circle_pct上位2艇に絞り込むこと。\n展示で1号艇スタート遅め(0.181秒)確認→ヒモが荒れやすい'}",,,28.6,逃げ狙い,17.18,30.6,2,,,,,,,,,,,
2025-11-18,丸亀,2,1,森林　太,B1,37.50,1,◎,46.1798,,0,63,0.1872,4.1848,,,0,低,204,0,-,564,0,100,2.1062,0.2222,,,,,0.0667,0.3556,0.1222,,,C,△,,,0.555,,0.1935,B,49,0,◎○△フォーメーション（15〜20点）,0.5777,"{'is_target': True, 'verdict': '参加推奨', 'max_combo_prob': 0.0657, 'est_top_odds': 20.3, 'circle_concentration': 84.3, 'eligible_count': 9, 'bet_adj': 2, 'reason': 'rel_win1=46.2%（本命度） / 最有力組み合わせ確率: 0.066（推定実オッズ?20倍） / 2着集中度: 上位2艇 84.3%（補正+0.04） / 総合判定確率: 0.106 / → ヒモ分散。1号艇1着固定で広めのヒモ流し推奨（買い目+2点）', 'tenji_trigger': '展示確認: ヒモ分散レース。1号艇伸び確認後、広めのヒモ流しを採用。穴ヒモ（5・6号艇）を積極的に含める。\n展示で1号艇スタート遅め(0.187秒)確認→ヒモが荒れやすい'}",,,31,両建て推奨,17.76,36.8,2,6-1-3|6-3-1|6-1-2|6-2-3|6-3-2|6-2-1|6-1-4|1-2-5|1-2-6|1-3-5|1-3-6,6-1-3|6-3-1|6-1-2|6-2-3|6-3-2|6-2-1|6-1-4|2-1-3|1-2-5|1-2-6|1-3-5|1-3-6,6-1-3:1.42%|6-3-1:1.1%|6-1-2:1.1%|6-2-3:1.09%|6-3-2:1.04%|6-2-1:0.89%|6-1-4:0.8%|1-2-5:4.56%|1-2-6:4.36%|1-3-5:3.86%|1-3-6:3.69%,6-1-3:B_main|6-3-1:B_main|6-1-2:B_main|6-2-3:B_main|6-3-2:B_main|6-2-1:B_main|6-1-4:B_main|1-2-5:A|1-2-6:A|1-3-5:A|1-3-6:A,11,12,0.2915,1,[!]見送り推奨（主役決まり手「差し」― 逃げ劣勢レースで的中実績なし）,主役軸流し,B
2025-11-18,丸亀,2,2,中尾優香,B1,42.00,2,▲,16.1586,42.8,72,40.9,0.1741,3.3636,,,0,低,53,0,差0% ま0%,646,0,53.7,0.7564,0,0.1429,0.2857,0,0,0,0.3333,0,,○,B,,,0.4924,0.5435,,0.1935,B,49,0,◎○△フォーメーション（15〜20点）,0.5777,"{'is_target': True, 'verdict': '参加推奨', 'max_combo_prob': 0.0657, 'est_top_odds': 20.3, 'circle_concentration': 84.3, 'eligible_count': 9, 'bet_adj': 2, 'reason': 'rel_win1=46.2%（本命度） / 最有力組み合わせ確率: 0.066（推定実オッズ?20倍） / 2着集中度: 上位2艇 84.3%（補正+0.04） / 総合判定確率: 0.106 / → ヒモ分散。1号艇1着固定で広めのヒモ流し推奨（買い目+2点）', 'tenji_trigger': '展示確認: ヒモ分散レース。1号艇伸び確認後、広めのヒモ流しを採用。穴ヒモ（5・6号艇）を積極的に含める。\n展示で1号艇スタート遅め(0.187秒)確認→ヒモが荒れやすい'}",,,31,両建て推奨,17.76,36.8,2,,,,,,,,,,,
2025-11-18,丸亀,2,3,深川和仁,A2,21.88,3,,14.9883,41.5,61,58,0.184,3.99,,,0,低,130,0,差ま0%,4451,0,42.4,1.1796,0,0,0.0476,0.1429,0,0.2,0.0167,0.05,,,E,△,,0.358,0.606,,0.1935,B,49,0,◎○△フォーメーション（15〜20点）,0.5777,"{'is_target': True, 'verdict': '参加推奨', 'max_combo_prob': 0.0657, 'est_top_odds': 20.3, 'circle_concentration': 84.3, 'eligible_count': 9, 'bet_adj': 2, 'reason': 'rel_win1=46.2%（本命度） / 最有力組み合わせ確率: 0.066（推定実オッズ?20倍） / 2着集中度: 上位2艇 84.3%（補正+0.04） / 総合判定確率: 0.106 / → ヒモ分散。1号艇1着固定で広めのヒモ流し推奨（買い目+2点）', 'tenji_trigger': '展示確認: ヒモ分散レース。1号艇伸び確認後、広めのヒモ流しを採用。穴ヒモ（5・6号艇）を積極的に含める。\n展示で1号艇スタート遅め(0.187秒)確認→ヒモが荒れやすい'}",,,31,両建て推奨,17.76,36.8,2,,,,,,,,,,,
2025-11-18,丸亀,2,4,西尾亮輔,B1,31.91,4,△,7.2745,4.4,100,31.2,0.1652,3.7109,,,0,低,145,0,-,5 3,0,46.1,1.0428,0,0.0294,0,0,0,0.12,0.04,0.72,,△,D,,,0.4154,0.545,,0.1935,B,49,0,◎○△フォーメーション（15〜20点）,0.5777,"{'is_target': True, 'verdict': '参加推奨', 'max_combo_prob': 0.0657, 'est_top_odds': 20.3, 'circle_concentration': 84.3, 'eligible_count': 9, 'bet_adj': 2, 'reason': 'rel_win1=46.2%（本命度） / 最有力組み合わせ確率: 0.066（推定実オッズ?20倍） / 2着集中度: 上位2艇 84.3%（補正+0.04） / 総合判定確率: 0.106 / → ヒモ分散。1号艇1着固定で広めのヒモ流し推奨（買い目+2点）', 'tenji_trigger': '展示確認: ヒモ分散レース。1号艇伸び確認後、広めのヒモ流しを採用。穴ヒモ（5・6号艇）を積極的に含める。\n展示で1号艇スタート遅め(0.187秒)確認→ヒモが荒れやすい'}",,,31,両建て推奨,17.76,36.8,2,,,,,,,,,,,
2025-11-18,丸亀,2,5,川北浩貴,A2,22.86,5,,8.8649,3.9,74,40.3,0.1663,3.3507,,,0,低,146,0,-,413,0,24.1,1.1583,0,0,0,0.069,0,0.1399,0.2257,0.0541,,,E,○,◎,0.4113,0.6565,0.2063,0.1935,B,49,0,◎○△フォーメーション（15〜20点）,0.5777,"{'is_target': True, 'verdict': '参加推奨', 'max_combo_prob': 0.0657, 'est_top_odds': 20.3, 'circle_concentration': 84.3, 'eligible_count': 9, 'bet_adj': 2, 'reason': 'rel_win1=46.2%（本命度） / 最有力組み合わせ確率: 0.066（推定実オッズ?20倍） / 2着集中度: 上位2艇 84.3%（補正+0.04） / 総合判定確率: 0.106 / → ヒモ分散。1号艇1着固定で広めのヒモ流し推奨（買い目+2点）', 'tenji_trigger': '展示確認: ヒモ分散レース。1号艇伸び確認後、広めのヒモ流しを採用。穴ヒモ（5・6号艇）を積極的に含める。\n展示で1号艇スタート遅め(0.187秒)確認→ヒモが荒れやすい'}",,,31,両建て推奨,17.76,36.8,2,,,,,,,,,,,
2025-11-18,丸亀,2,6,吉永則雄,A1,53.19,6,○,6.5339,7.4,66,39.3,0.1321,2.9643,,,0,低,112,0,差0%,1313,0,24.1,0.6556,0,0.0625,0,0,0,0.0896,0.0635,0.1184,,◎,A,◎,,0.5149,0.696,,0.1935,B,49,0,◎○△フォーメーション（15〜20点）,0.5777,"{'is_target': True, 'verdict': '参加推奨', 'max_combo_prob': 0.0657, 'est_top_odds': 20.3, 'circle_concentration': 84.3, 'eligible_count': 9, 'bet_adj': 2, 'reason': 'rel_win1=46.2%（本命度） / 最有力組み合わせ確率: 0.066（推定実オッズ?20倍） / 2着集中度: 上位2艇 84.3%（補正+0.04） / 総合判定確率: 0.106 / → ヒモ分散。1号艇1着固定で広めのヒモ流し推奨（買い目+2点）', 'tenji_trigger': '展示確認: ヒモ分散レース。1号艇伸び確認後、広めのヒモ流しを採用。穴ヒモ（5・6号艇）を積極的に含める。\n展示で1号艇スタート遅め(0.187秒)確認→ヒモが荒れやすい'}",,,31,両建て推奨,17.76,36.8,2,,,,,,,,,,,
2025-11-18,丸亀,3,1,桑原将光,A2,16.67,1,◎,44.7606,,0,79.5,0.1623,3.1346,,,0,低,130,0,逃0%,332,0,84,1.0519,0.4643,,,,,0.2429,0.4857,0.0714,○,,E,◎,,,0.6525,,0.3851,A,62,0,◎-○軸 3着3〜4艇流し（10〜15点）,0.5777,"{'is_target': False, 'verdict': '対象外', 'max_combo_prob': None, 'est_top_odds': None, 'circle_concentration': None, 'eligible_count': 0, 'bet_adj': 0, 'reason': '1号艇rel_win1 < 45%: 通常判定に委ねる', 'tenji_trigger': ''}",,,32.8,両建て推奨,18.3,41.6,2,,,,,0,0,0.6155,0,,主役軸流し,B
2025-11-18,丸亀,3,2,安河内健,A1,43.24,2,○,22.855,45.9,91,79.1,0.1386,3.2209,,,0,低,76,0,差0%,1S31,0,80.6,1.3655,0,0.2083,0,0,0,0.1758,0,0.0129,,◎,A,○,,0.6225,0.6435,,0.3851,A,62,0,◎-○軸 3着3〜4艇流し（10〜15点）,0.5777,"{'is_target': False, 'verdict': '対象外', 'max_combo_prob': None, 'est_top_odds': None, 'circle_concentration': None, 'eligible_count': 0, 'bet_adj': 0, 'reason': '1号艇rel_win1 < 45%: 通常判定に委ねる', 'tenji_trigger': ''}",,,32.8,両建て推奨,18.3,41.6,2,,,,,,,,,,,
2025-11-18,丸亀,3,3,青木　蓮,A2,35.71,3,,16.3481,27.6,100,61.7,0.1836,3.3936,,,0,低,73,0,-,1314,0,25.5,0.9104,0,0,0.0556,0,0,0.02,0.24,0.04,,,C,△,,0.2332,0.589,,0.3851,A,62,0,◎-○軸 3着3〜4艇流し（10〜15点）,0.5777,"{'is_target': False, 'verdict': '対象外', 'max_combo_prob': None, 'est_top_odds': None, 'circle_concentration': None, 'eligible_count': 0, 'bet_adj': 0, 'reason': '1号艇rel_win1 < 45%: 通常判定に委ねる', 'tenji_trigger': ''}",,,32.8,両建て推奨,18.3,41.6,2,,,,,,,,,,,
2025-11-18,丸亀,3,4,片岡秀樹,B1,42.86,4,▲,7.4023,8.9,73,41.4,0.1597,3.3707,,,0,低,85,0,ま0%,6 25,0,40.6,0.8734,0,0,0.0417,0,0,0.2778,0.3889,0.1111,,,B,△,,0.3694,0.6405,,0.3851,A,62,0,◎-○軸 3着3〜4艇流し（10〜15点）,0.5777,"{'is_target': False, 'verdict': '対象外', 'max_combo_prob': None, 'est_top_odds': None, 'circle_concentration': None, 'eligible_count': 0, 'bet_adj': 0, 'reason': '1号艇rel_win1 < 45%: 通常判定に委ねる', 'tenji_trigger': ''}",,,32.8,両建て推奨,18.3,41.6,2,,,,,,,,,,,
2025-11-18,丸亀,3,5,石井伸長,B1,39.53,5,△,7.667,17.4,47,44,0.1714,3.54,,,0,低,79,0,-,4 24,0,38.2,0.879,0,0,0.0286,0.0286,0,0,0.5,0.25,,,B,,,0.3281,0.5655,,0.3851,A,62,0,◎-○軸 3着3〜4艇流し（10〜15点）,0.5777,"{'is_target': False, 'verdict': '対象外', 'max_combo_prob': None, 'est_top_odds': None, 'circle_concentration': None, 'eligible_count': 0, 'bet_adj': 0, 'reason': '1号艇rel_win1 < 45%: 通常判定に委ねる', 'tenji_trigger': ''}",,,32.8,両建て推奨,18.3,41.6,2,,,,,,,,,,,
2025-11-18,丸亀,3,6,大廣咲季,B1,23.33,6,,0.9669,0.3,12,6.6,0.1836,3.7377,,,0,低,81,0,-,6 55,0,76.9,1.4028,,,,,,0.3333,0.3333,0,,,E,,,0.3187,0.543,,0.3851,A,62,0,◎-○軸 3着3〜4艇流し（10〜15点）,0.5777,"{'is_target': False, 'verdict': '対象外', 'max_combo_prob': None, 'est_top_odds': None, 'circle_concentration': None, 'eligible_count': 0, 'bet_adj': 0, 'reason': '1号艇rel_win1 < 45%: 通常判定に委ねる', 'tenji_trigger': ''}",,,32.8,両建て推奨,18.3,41.6,2,,,,,,,,,,,
2025-11-18,丸亀,4,1,武藤綾子,B1,34.78,1,◎,43.6595,,0,66.7,0.1929,3.9167,,,0,低,118,0,逃0%,654,0,52.8,0.8572,0.4545,,,,,0.1455,0.2364,0,,,B,,,,0.5505,,0.1806,B,48,0,◎○△フォーメーション（15〜20点）,0.5777,"{'is_target': False, 'verdict': '対象外', 'max_combo_prob': None, 'est_top_odds': None, 'circle_concentration': None, 'eligible_count': 0, 'bet_adj': 0, 'reason': '1号艇rel_win1 < 45%: 通常判定に委ねる', 'tenji_trigger': ''}",,,35.2,両建て推奨,17.24,34.9,3,2-1-3|2-1-4|2-1-5|2-3-1|2-3-4|2-5-1|2-5-3|1-2-4|1-3-4|1-2-5|1-3-2,2-1-3|2-1-4|2-1-5|2-3-1|2-3-4|2-5-1|2-5-3|1-2-4|1-3-4|1-2-5|6-1-4|1-3-2,2-1-3:3.13%|2-1-4:2.33%|2-1-5:1.47%|2-3-1:0.95%|2-3-4:0.51%|2-5-1:0.48%|2-5-3:0.35%|1-2-4:6.24%|1-3-4:4.7%|1-2-5:4.61%|1-3-2:3.67%,2-1-3:B_main|2-1-4:B_main|2-1-5:B_main|2-3-1:B_main|2-3-4:B_main|2-5-1:B_main|2-5-3:B_main|1-2-4:A|1-3-4:A|1-2-5:A|1-3-2:A,11,12,0.2915,1,[!]見送り推奨（主役決まり手「差し」― 逃げ劣勢レースで的中実績なし）,主役軸流し,B
2025-11-18,丸亀,4,2,中村辰也,A2,11.76,2,△,14.8245,42.1,61,71,0.1297,3.2258,,,0,低,74,0,-,2 24,0,59.1,1.1383,0,0.0435,0.0435,0,0.0435,0.0286,0.0571,0.1571,,◎,E,◎,,0.5589,0.647,,0.1806,B,48,0,◎○△フォーメーション（15〜20点）,0.5777,"{'is_target': False, 'verdict': '対象外', 'max_combo_prob': None, 'est_top_odds': None, 'circle_concentration': None, 'eligible_count': 0, 'bet_adj': 0, 'reason': '1号艇rel_win1 < 45%: 通常判定に委ねる', 'tenji_trigger': ''}",,,35.2,両建て推奨,17.24,34.9,3,,,,,,,,,,,
2025-11-18,丸亀,4,3,山本修一,A1,48.00,3,○,19.5397,29.2,100,72.7,0.1553,3.3636,,,0,低,146,0,差1%,1412,0,24.9,0.801,0,0.0667,0,0.0667,0.0333,0.0976,0.1667,0.1976,,○,A,,,0.4701,0.5625,,0.1806,B,48,0,◎○△フォーメーション（15〜20点）,0.5777,"{'is_target': False, 'verdict': '対象外', 'max_combo_prob': None, 'est_top_odds': None, 'circle_concentration': None, 'eligible_count': 0, 'bet_adj': 0, 'reason': '1号艇rel_win1 < 45%: 通常判定に委ねる', 'tenji_trigger': ''}",,,35.2,両建て推奨,17.24,34.9,3,,,,,,,,,,,
2025-11-18,丸亀,4,4,枝尾　賢,B2,44.00,4,▲,12.7856,15.6,97,66.7,0.1423,3.1667,,,0,低,61,0,ま0% 差ま0%,3 23,0,84.8,1.4257,0,0,0.0357,0.0357,0,0.1828,0.0421,0.0967,,△,A,○,◎,0.4608,0.631,0.3965,0.1806,B,48,0,◎○△フォーメーション（15〜20点）,0.5777,"{'is_target': False, 'verdict': '対象外', 'max_combo_prob': None, 'est_top_odds': None, 'circle_concentration': None, 'eligible_count': 0, 'bet_adj': 0, 'reason': '1号艇rel_win1 < 45%: 通常判定に委ねる', 'tenji_trigger': ''}",,,35.2,両建て推奨,17.24,34.9,3,,,,,,,,,,,
2025-11-18,丸亀,4,5,内山文典,B1,17.14,5,,5.5936,9.3,88,47.3,0.1753,3.5545,,,0,低,123,0,ま0%,3 4,0,72.6,1.2664,0,0,0.037,0,0,0.0308,0.1769,0.1769,,,D,△,,0.3415,0.618,,0.1806,B,48,0,◎○△フォーメーション（15〜20点）,0.5777,"{'is_target': False, 'verdict': '対象外', 'max_combo_prob': None, 'est_top_odds': None, 'circle_concentration': None, 'eligible_count': 0, 'bet_adj': 0, 'reason': '1号艇rel_win1 < 45%: 通常判定に委ねる', 'tenji_trigger': ''}",,,35.2,両建て推奨,17.24,34.9,3,,,,,,,,,,,
2025-11-18,丸亀,4,6,石原　翼,A2,15.15,6,,3.5971,3.8,47,25,0.1665,3.5521,,,0,低,63,0,抜0%,5 13,0,48.9,1.0436,0,0,0,0,0.0435,0.348,0.032,0.032,,,E,△,,0.3975,0.616,,0.1806,B,48,0,◎○△フォーメーション（15〜20点）,0.5777,"{'is_target': False, 'verdict': '対象外', 'max_combo_prob': None, 'est_top_odds': None, 'circle_concentration': None, 'eligible_count': 0, 'bet_adj': 0, 'reason': '1号艇rel_win1 < 45%: 通常判定に委ねる', 'tenji_trigger': ''}",,,35.2,両建て推奨,17.24,34.9,3,,,,,,,,,,,
2025-11-18,丸亀,5,1,馬野　耀,A2,32.65,1,◎,55.3424,,0,86.3,0.1586,3.1569,,,0,低,78,0,逃1%,1616,0,74.6,1.1047,0.6364,,,,,0.0455,0.1818,0.0909,◎,,B,◎,,,0.6435,,0.5506,A,76,0,◎-○軸 3着3〜4艇流し（10〜15点）,0.5777,"{'is_target': True, 'verdict': '参加推奨', 'max_combo_prob': 0.0684, 'est_top_odds': 19.5, 'circle_concentration': 57.6, 'eligible_count': 8, 'bet_adj': 2, 'reason': 'rel_win1=55.3%（本命度） / 最有力組み合わせ確率: 0.068（推定実オッズ?20倍） / 2着集中度: 上位2艇 57.6%（補正+0.00） / 総合判定確率: 0.068 / → ヒモ分散。1号艇1着固定で広めのヒモ流し推奨（買い目+2点）', 'tenji_trigger': '展示確認: ヒモ分散レース。1号艇伸び確認後、広めのヒモ流しを採用。穴ヒモ（5・6号艇）を積極的に含める。'}",,,29.7,逃げ狙い,22.45,29.1,5,,,,,0,0,0.7559,0,,逃げ軸流し,A
2025-11-18,丸亀,5,2,清水紀克,B1,48.00,2,○,7.4277,29.8,55,32.2,0.178,3.7373,,,0,低,53,0,ま0%,2 65,0,99.1,0.5826,0,0,0.0357,0,0,0.4143,0.2262,0.019,,,A,,,0.1094,0.575,,0.5506,A,76,0,◎-○軸 3着3〜4艇流し（10〜15点）,0.5777,"{'is_target': True, 'verdict': '参加推奨', 'max_combo_prob': 0.0684, 'est_top_odds': 19.5, 'circle_concentration': 57.6, 'eligible_count': 8, 'bet_adj': 2, 'reason': 'rel_win1=55.3%（本命度） / 最有力組み合わせ確率: 0.068（推定実オッズ?20倍） / 2着集中度: 上位2艇 57.6%（補正+0.00） / 総合判定確率: 0.068 / → ヒモ分散。1号艇1着固定で広めのヒモ流し推奨（買い目+2点）', 'tenji_trigger': '展示確認: ヒモ分散レース。1号艇伸び確認後、広めのヒモ流しを採用。穴ヒモ（5・6号艇）を積極的に含める。'}",,,29.7,逃げ狙い,22.45,29.1,5,,,,,,,,,,,
2025-11-18,丸亀,5,3,松本庸平,B1,32.50,3,▲,12.2024,26.8,58,47.6,0.1852,4.0159,,,0,低,228,0,ま0% 差ま0% 抜0%,2 46,0,38.9,1.004,0,0,0.0909,0.0455,0.0455,0.4143,0.0571,0.2071,,,C,△,,0.1666,0.626,,0.5506,A,76,0,◎-○軸 3着3〜4艇流し（10〜15点）,0.5777,"{'is_target': True, 'verdict': '参加推奨', 'max_combo_prob': 0.0684, 'est_top_odds': 19.5, 'circle_concentration': 57.6, 'eligible_count': 8, 'bet_adj': 2, 'reason': 'rel_win1=55.3%（本命度） / 最有力組み合わせ確率: 0.068（推定実オッズ?20倍） / 2着集中度: 上位2艇 57.6%（補正+0.00） / 総合判定確率: 0.068 / → ヒモ分散。1号艇1着固定で広めのヒモ流し推奨（買い目+2点）', 'tenji_trigger': '展示確認: ヒモ分散レース。1号艇伸び確認後、広めのヒモ流しを採用。穴ヒモ（5・6号艇）を積極的に含める。'}",,,29.7,逃げ狙い,22.45,29.1,5,,,,,,,,,,,
2025-11-18,丸亀,5,4,白水勝也,A1,23.53,4,△,11.1691,27.8,100,65.6,0.1743,3.7131,,,0,低,134,0,差0% 差ま0%,3156,0,68.4,1.3672,0,0.05,0,0.05,0,0.1045,0.0455,0.0955,,,D,△,◎,0.2247,0.604,0.4111,0.5506,A,76,0,◎-○軸 3着3〜4艇流し（10〜15点）,0.5777,"{'is_target': True, 'verdict': '参加推奨', 'max_combo_prob': 0.0684, 'est_top_odds': 19.5, 'circle_concentration': 57.6, 'eligible_count': 8, 'bet_adj': 2, 'reason': 'rel_win1=55.3%（本命度） / 最有力組み合わせ確率: 0.068（推定実オッズ?20倍） / 2着集中度: 上位2艇 57.6%（補正+0.00） / 総合判定確率: 0.068 / → ヒモ分散。1号艇1着固定で広めのヒモ流し推奨（買い目+2点）', 'tenji_trigger': '展示確認: ヒモ分散レース。1号艇伸び確認後、広めのヒモ流しを採用。穴ヒモ（5・6号艇）を積極的に含める。'}",,,29.7,逃げ狙い,22.45,29.1,5,,,,,,,,,,,
2025-11-18,丸亀,5,5,守屋美穂,A1,21.21,5,,12.8632,15.2,57,64.3,0.1886,3.25,,,0,低,37,1,ま0% 差ま0%,3161,0,26.4,1.9831,0,0,0.25,0.1667,0,0.1722,0.1944,0.0222,,,D,○,○,0.262,0.629,0.3704,0.5506,A,76,0,◎-○軸 3着3〜4艇流し（10〜15点）,0.5777,"{'is_target': True, 'verdict': '参加推奨', 'max_combo_prob': 0.0684, 'est_top_odds': 19.5, 'circle_concentration': 57.6, 'eligible_count': 8, 'bet_adj': 2, 'reason': 'rel_win1=55.3%（本命度） / 最有力組み合わせ確率: 0.068（推定実オッズ?20倍） / 2着集中度: 上位2艇 57.6%（補正+0.00） / 総合判定確率: 0.068 / → ヒモ分散。1号艇1着固定で広めのヒモ流し推奨（買い目+2点）', 'tenji_trigger': '展示確認: ヒモ分散レース。1号艇伸び確認後、広めのヒモ流しを採用。穴ヒモ（5・6号艇）を積極的に含める。'}",,,29.7,逃げ狙い,22.45,29.1,5,,,,,,,,,,,
2025-11-18,丸亀,5,6,中山鷹輔,B2,21.05,6,,0.9952,0.4,26,3.6,0.208,4.3727,,,0,低,36,0,-,333,0,26.4,0.4511,,,,,,,,,,,E,,,0.1473,0.5505,,0.5506,A,76,0,◎-○軸 3着3〜4艇流し（10〜15点）,0.5777,"{'is_target': True, 'verdict': '参加推奨', 'max_combo_prob': 0.0684, 'est_top_odds': 19.5, 'circle_concentration': 57.6, 'eligible_count': 8, 'bet_adj': 2, 'reason': 'rel_win1=55.3%（本命度） / 最有力組み合わせ確率: 0.068（推定実オッズ?20倍） / 2着集中度: 上位2艇 57.6%（補正+0.00） / 総合判定確率: 0.068 / → ヒモ分散。1号艇1着固定で広めのヒモ流し推奨（買い目+2点）', 'tenji_trigger': '展示確認: ヒモ分散レース。1号艇伸び確認後、広めのヒモ流しを採用。穴ヒモ（5・6号艇）を積極的に含める。'}",,,29.7,逃げ狙い,22.45,29.1,5,,,,,,,,,,,
2025-11-18,丸亀,6,1,柘植政浩,A2,14.29,1,◎,49.8914,,0,89.6,0.1717,3.4675,,,0,低,143,0,逃1%,1522,0,79.3,1.1176,0.6111,,,,,0.0222,0.0444,0.0556,○,,E,△,,,0.647,,0.3964,A,67,0,◎-○軸 3着3〜4艇流し（10〜15点）,0.5777,"{'is_target': True, 'verdict': '参加推奨', 'max_combo_prob': 0.0764, 'est_top_odds': 17.4, 'circle_concentration': 66.3, 'eligible_count': 8, 'bet_adj': 2, 'reason': 'rel_win1=49.9%（本命度） / 最有力組み合わせ確率: 0.076（推定実オッズ?17倍） / 2着集中度: 上位2艇 66.3%（補正+0.00） / 総合判定確率: 0.076 / → ヒモ分散。1号艇1着固定で広めのヒモ流し推奨（買い目+2点）', 'tenji_trigger': '展示確認: ヒモ分散レース。1号艇伸び確認後、広めのヒモ流しを採用。穴ヒモ（5・6号艇）を積極的に含める。'}",,,28.6,逃げ狙い,23.46,25,3,,,,,0,0,0.6155,0,,逃げ軸流し,A
2025-11-18,丸亀,6,2,東　健介,B1,30.00,2,,8.4104,18.2,64,41.5,0.1532,3.5,,,0,低,99,0,ま0%,266,0,23.8,0.7119,0,0,0.0455,0,0,0.0667,0.1556,0.5389,,◎,C,△,,0.4933,0.631,,0.3964,A,67,0,◎-○軸 3着3〜4艇流し（10〜15点）,0.5777,"{'is_target': True, 'verdict': '参加推奨', 'max_combo_prob': 0.0764, 'est_top_odds': 17.4, 'circle_concentration': 66.3, 'eligible_count': 8, 'bet_adj': 2, 'reason': 'rel_win1=49.9%（本命度） / 最有力組み合わせ確率: 0.076（推定実オッズ?17倍） / 2着集中度: 上位2艇 66.3%（補正+0.00） / 総合判定確率: 0.076 / → ヒモ分散。1号艇1着固定で広めのヒモ流し推奨（買い目+2点）', 'tenji_trigger': '展示確認: ヒモ分散レース。1号艇伸び確認後、広めのヒモ流しを採用。穴ヒモ（5・6号艇）を積極的に含める。'}",,,28.6,逃げ狙い,23.46,25,3,,,,,,,,,,,
2025-11-18,丸亀,6,3,中田元泰,A1,38.10,3,○,19.3981,25.7,100,73.2,0.1555,3.0446,,,0,低,90,0,-,2532,0,47.4,1.1235,0,0.04,0,0.16,0,0.0323,0.1613,0,,△,B,◎,,0.4033,0.685,,0.3964,A,67,0,◎-○軸 3着3〜4艇流し（10〜15点）,0.5777,"{'is_target': True, 'verdict': '参加推奨', 'max_combo_prob': 0.0764, 'est_top_odds': 17.4, 'circle_concentration': 66.3, 'eligible_count': 8, 'bet_adj': 2, 'reason': 'rel_win1=49.9%（本命度） / 最有力組み合わせ確率: 0.076（推定実オッズ?17倍） / 2着集中度: 上位2艇 66.3%（補正+0.00） / 総合判定確率: 0.076 / → ヒモ分散。1号艇1着固定で広めのヒモ流し推奨（買い目+2点）', 'tenji_trigger': '展示確認: ヒモ分散レース。1号艇伸び確認後、広めのヒモ流しを採用。穴ヒモ（5・6号艇）を積極的に含める。'}",,,28.6,逃げ狙い,23.46,25,3,,,,,,,,,,,
2025-11-18,丸亀,6,4,谷野錬志,B1,35.90,4,▲,12.8521,40.6,56,81.1,0.1264,2.1887,,,0,低,70,0,差0% ま0% 差ま0% 抜0%,242,0,90.7,1.6383,0,0.0417,0.125,0.0417,0.0417,0.0121,0.1985,0.0121,,○,C,○,◎,0.4879,0.651,0.504,0.3964,A,67,0,◎-○軸 3着3〜4艇流し（10〜15点）,0.5777,"{'is_target': True, 'verdict': '参加推奨', 'max_combo_prob': 0.0764, 'est_top_odds': 17.4, 'circle_concentration': 66.3, 'eligible_count': 8, 'bet_adj': 2, 'reason': 'rel_win1=49.9%（本命度） / 最有力組み合わせ確率: 0.076（推定実オッズ?17倍） / 2着集中度: 上位2艇 66.3%（補正+0.00） / 総合判定確率: 0.076 / → ヒモ分散。1号艇1着固定で広めのヒモ流し推奨（買い目+2点）', 'tenji_trigger': '展示確認: ヒモ分散レース。1号艇伸び確認後、広めのヒモ流しを採用。穴ヒモ（5・6号艇）を積極的に含める。'}",,,28.6,逃げ狙い,23.46,25,3,,,,,,,,,,,
2025-11-18,丸亀,6,5,中澤里桜,B2,17.65,5,,6.035,7.5,56,,,,,,0,低,12,1,-,S 6,0,,,,,,,,,,,,,E,,○,0.3171,0.4195,0.15,0.3964,A,67,0,◎-○軸 3着3〜4艇流し（10〜15点）,0.5777,"{'is_target': True, 'verdict': '参加推奨', 'max_combo_prob': 0.0764, 'est_top_odds': 17.4, 'circle_concentration': 66.3, 'eligible_count': 8, 'bet_adj': 2, 'reason': 'rel_win1=49.9%（本命度） / 最有力組み合わせ確率: 0.076（推定実オッズ?17倍） / 2着集中度: 上位2艇 66.3%（補正+0.00） / 総合判定確率: 0.076 / → ヒモ分散。1号艇1着固定で広めのヒモ流し推奨（買い目+2点）', 'tenji_trigger': '展示確認: ヒモ分散レース。1号艇伸び確認後、広めのヒモ流しを採用。穴ヒモ（5・6号艇）を積極的に含める。'}",,,28.6,逃げ狙い,23.46,25,3,,,,,,,,,,,
2025-11-18,丸亀,6,6,小野生奈,A1,47.83,6,△,3.413,8,45,38.5,0.1865,3.9808,,,0,低,35,0,-,1236,0,75.4,1.5161,,,,,,0.0714,0,0.1429,,,A,,,0.2696,0.625,,0.3964,A,67,0,◎-○軸 3着3〜4艇流し（10〜15点）,0.5777,"{'is_target': True, 'verdict': '参加推奨', 'max_combo_prob': 0.0764, 'est_top_odds': 17.4, 'circle_concentration': 66.3, 'eligible_count': 8, 'bet_adj': 2, 'reason': 'rel_win1=49.9%（本命度） / 最有力組み合わせ確率: 0.076（推定実オッズ?17倍） / 2着集中度: 上位2艇 66.3%（補正+0.00） / 総合判定確率: 0.076 / → ヒモ分散。1号艇1着固定で広めのヒモ流し推奨（買い目+2点）', 'tenji_trigger': '展示確認: ヒモ分散レース。1号艇伸び確認後、広めのヒモ流しを採用。穴ヒモ（5・6号艇）を積極的に含める。'}",,,28.6,逃げ狙い,23.46,25,3,,,,,,,,,,,
2025-11-18,丸亀,7,1,吉田慎二,A2,28.21,1,◎,52.7604,,0,83.1,0.1778,3.5964,,,0,低,169,0,-,2 23,0,100,1.7984,0.5122,,,,,0.039,0.2683,0.0195,○,,D,○,,,0.662,,0.3729,S,82,0,◎1着固定 2-3着流し（5〜8点）,0.5777,"{'is_target': True, 'verdict': '参加推奨', 'max_combo_prob': 0.064, 'est_top_odds': 20.8, 'circle_concentration': 61.4, 'eligible_count': 6, 'bet_adj': 2, 'reason': 'rel_win1=52.8%（本命度） / 最有力組み合わせ確率: 0.064（推定実オッズ?21倍） / 2着集中度: 上位2艇 61.4%（補正+0.00） / 総合判定確率: 0.064 / → ヒモ分散。1号艇1着固定で広めのヒモ流し推奨（買い目+2点）', 'tenji_trigger': '展示確認: ヒモ分散レース。1号艇伸び確認後、広めのヒモ流しを採用。穴ヒモ（5・6号艇）を積極的に含める。'}",,,31.1,逃げ狙い,26.13,30.1,4,,,,,0,0,0.6155,0,,逃げ軸流し,A
2025-11-18,丸亀,7,2,石井伸長,B1,39.53,2,▲,13.9733,28.9,100,54.5,0.22,4.4091,,,0,低,79,1,差0% 抜0%,4 24,0,100,0.9203,0,0.0909,0,0,0.0909,0,0.5,0.25,,,A,,,0.0759,0.5655,,0.3729,S,82,0,◎1着固定 2-3着流し（5〜8点）,0.5777,"{'is_target': True, 'verdict': '参加推奨', 'max_combo_prob': 0.064, 'est_top_odds': 20.8, 'circle_concentration': 61.4, 'eligible_count': 6, 'bet_adj': 2, 'reason': 'rel_win1=52.8%（本命度） / 最有力組み合わせ確率: 0.064（推定実オッズ?21倍） / 2着集中度: 上位2艇 61.4%（補正+0.00） / 総合判定確率: 0.064 / → ヒモ分散。1号艇1着固定で広めのヒモ流し推奨（買い目+2点）', 'tenji_trigger': '展示確認: ヒモ分散レース。1号艇伸び確認後、広めのヒモ流しを採用。穴ヒモ（5・6号艇）を積極的に含める。'}",,,31.1,逃げ狙い,26.13,30.1,4,,,,,,,,,,,
2025-11-18,丸亀,7,3,高木圭大,B2,25.00,3,,5.4726,18.4,59,36.5,0.1671,3.5673,,,0,低,107,0,-,4 33,0,82,1.789,,,,,,0.0632,0.1842,0.2632,,△,E,△,,0.3912,0.606,,0.3729,S,82,0,◎1着固定 2-3着流し（5〜8点）,0.5777,"{'is_target': True, 'verdict': '参加推奨', 'max_combo_prob': 0.064, 'est_top_odds': 20.8, 'circle_concentration': 61.4, 'eligible_count': 6, 'bet_adj': 2, 'reason': 'rel_win1=52.8%（本命度） / 最有力組み合わせ確率: 0.064（推定実オッズ?21倍） / 2着集中度: 上位2艇 61.4%（補正+0.00） / 総合判定確率: 0.064 / → ヒモ分散。1号艇1着固定で広めのヒモ流し推奨（買い目+2点）', 'tenji_trigger': '展示確認: ヒモ分散レース。1号艇伸び確認後、広めのヒモ流しを採用。穴ヒモ（5・6号艇）を積極的に含める。'}",,,31.1,逃げ狙い,26.13,30.1,4,,,,,,,,,,,
2025-11-18,丸亀,7,4,新田雄史,A1,31.11,4,○,16.9367,32.5,83,87.5,0.1442,2.9167,,,0,低,30,0,抜1%,2241,0,62.1,1.2362,0,0,0,0.4286,0.1429,0.0833,0.0833,0.0833,,◎,C,△,◎,0.5524,0.625,0.6893,0.3729,S,82,0,◎1着固定 2-3着流し（5〜8点）,0.5777,"{'is_target': True, 'verdict': '参加推奨', 'max_combo_prob': 0.064, 'est_top_odds': 20.8, 'circle_concentration': 61.4, 'eligible_count': 6, 'bet_adj': 2, 'reason': 'rel_win1=52.8%（本命度） / 最有力組み合わせ確率: 0.064（推定実オッズ?21倍） / 2着集中度: 上位2艇 61.4%（補正+0.00） / 総合判定確率: 0.064 / → ヒモ分散。1号艇1着固定で広めのヒモ流し推奨（買い目+2点）', 'tenji_trigger': '展示確認: ヒモ分散レース。1号艇伸び確認後、広めのヒモ流しを採用。穴ヒモ（5・6号艇）を積極的に含める。'}",,,31.1,逃げ狙い,26.13,30.1,4,,,,,,,,,,,
2025-11-18,丸亀,7,5,松尾夏海,A1,30.23,5,△,9.8639,18.8,73,66.7,0.1407,2.9259,,,0,低,45,0,-,4466,0,33.5,2.1452,,,,,,,,,,○,C,◎,,0.4594,0.684,,0.3729,S,82,0,◎1着固定 2-3着流し（5〜8点）,0.5777,"{'is_target': True, 'verdict': '参加推奨', 'max_combo_prob': 0.064, 'est_top_odds': 20.8, 'circle_concentration': 61.4, 'eligible_count': 6, 'bet_adj': 2, 'reason': 'rel_win1=52.8%（本命度） / 最有力組み合わせ確率: 0.064（推定実オッズ?21倍） / 2着集中度: 上位2艇 61.4%（補正+0.00） / 総合判定確率: 0.064 / → ヒモ分散。1号艇1着固定で広めのヒモ流し推奨（買い目+2点）', 'tenji_trigger': '展示確認: ヒモ分散レース。1号艇伸び確認後、広めのヒモ流しを採用。穴ヒモ（5・6号艇）を積極的に含める。'}",,,31.1,逃げ狙い,26.13,30.1,4,,,,,,,,,,,
2025-11-18,丸亀,7,6,小澤　学,B1,28.89,6,,0.9931,1.4,36,16,0.2688,5.55,,,0,低,319,0,-,145,0,32.6,0.8333,,,,,,0.4667,0.4222,0.0222,,,D,,,0.1752,0.59,,0.3729,S,82,0,◎1着固定 2-3着流し（5〜8点）,0.5777,"{'is_target': True, 'verdict': '参加推奨', 'max_combo_prob': 0.064, 'est_top_odds': 20.8, 'circle_concentration': 61.4, 'eligible_count': 6, 'bet_adj': 2, 'reason': 'rel_win1=52.8%（本命度） / 最有力組み合わせ確率: 0.064（推定実オッズ?21倍） / 2着集中度: 上位2艇 61.4%（補正+0.00） / 総合判定確率: 0.064 / → ヒモ分散。1号艇1着固定で広めのヒモ流し推奨（買い目+2点）', 'tenji_trigger': '展示確認: ヒモ分散レース。1号艇伸び確認後、広めのヒモ流しを採用。穴ヒモ（5・6号艇）を積極的に含める。'}",,,31.1,逃げ狙い,26.13,30.1,4,,,,,,,,,,,
2025-11-18,丸亀,8,1,安河内健,A1,43.24,1,◎,75.817,,0,96.4,0.1562,3.1518,,,0,低,76,0,逃1%,1S31,0,94,1.2881,0.871,,,,,0.1758,0,0.0129,◎,,A,◎,,,0.6435,,0.6209,S,80,0,◎1着固定 2-3着流し（5〜8点）,0.5777,"{'is_target': True, 'verdict': '点数絞り', 'max_combo_prob': 0.1233, 'est_top_odds': 10.8, 'circle_concentration': 71.4, 'eligible_count': 6, 'bet_adj': 0, 'reason': 'rel_win1=75.8%（本命度） / 最有力組み合わせ確率: 0.123（推定実オッズ?11倍） / 2着集中度: 上位2艇 71.4%（補正+0.04） / 総合判定確率: 0.163 / → ヒモはやや固め。上位2艇以外を切ること', 'tenji_trigger': '展示確認: 1号艇伸び良→そのまま採用。悪→飛び組に差し替え。circle_pct上位2艇に絞り込むこと。'}",,,25.3,逃げ狙い,9.22,28,4,,,,,0,0,0.7559,0,,逃げ軸流し,A
2025-11-18,丸亀,8,2,古場輝義,A2,35.42,2,△,8.5801,49.3,100,69.6,0.1871,3.7464,,,0,低,140,0,差0% ま0%,4555,0,51.9,1.1029,0,0.037,0.037,0,0,0.04,0.2933,0.3067,,,C,○,,0.0572,0.619,,0.6209,S,80,0,◎1着固定 2-3着流し（5〜8点）,0.5777,"{'is_target': True, 'verdict': '点数絞り', 'max_combo_prob': 0.1233, 'est_top_odds': 10.8, 'circle_concentration': 71.4, 'eligible_count': 6, 'bet_adj': 0, 'reason': 'rel_win1=75.8%（本命度） / 最有力組み合わせ確率: 0.123（推定実オッズ?11倍） / 2着集中度: 上位2艇 71.4%（補正+0.04） / 総合判定確率: 0.163 / → ヒモはやや固め。上位2艇以外を切ること', 'tenji_trigger': '展示確認: 1号艇伸び良→そのまま採用。悪→飛び組に差し替え。circle_pct上位2艇に絞り込むこと。'}",,,25.3,逃げ狙い,9.22,28,4,,,,,,,,,,,
2025-11-18,丸亀,8,3,西尾亮輔,B1,31.91,3,,4.3724,20.1,72,32.8,0.173,3.377,,,0,低,145,0,差ま0%,5 3,0,59.2,0.3517,0,0,0,0.0385,0,0.12,0.04,0.72,,,D,,,0.2006,0.545,,0.6209,S,80,0,◎1着固定 2-3着流し（5〜8点）,0.5777,"{'is_target': True, 'verdict': '点数絞り', 'max_combo_prob': 0.1233, 'est_top_odds': 10.8, 'circle_concentration': 71.4, 'eligible_count': 6, 'bet_adj': 0, 'reason': 'rel_win1=75.8%（本命度） / 最有力組み合わせ確率: 0.123（推定実オッズ?11倍） / 2着集中度: 上位2艇 71.4%（補正+0.04） / 総合判定確率: 0.163 / → ヒモはやや固め。上位2艇以外を切ること', 'tenji_trigger': '展示確認: 1号艇伸び良→そのまま採用。悪→飛び組に差し替え。circle_pct上位2艇に絞り込むこと。'}",,,25.3,逃げ狙い,9.22,28,4,,,,,,,,,,,
2025-11-18,丸亀,8,4,山田理央,A2,35.00,4,▲,7.8836,22.1,97,53.8,0.1582,3.1923,,,0,低,62,0,-,6244,0,55.1,1.0409,0,0.0625,0.0625,0.0625,0,0.0444,0.1444,0.0222,,,C,△,◎,0.2908,0.6,0.3669,0.6209,S,80,0,◎1着固定 2-3着流し（5〜8点）,0.5777,"{'is_target': True, 'verdict': '点数絞り', 'max_combo_prob': 0.1233, 'est_top_odds': 10.8, 'circle_concentration': 71.4, 'eligible_count': 6, 'bet_adj': 0, 'reason': 'rel_win1=75.8%（本命度） / 最有力組み合わせ確率: 0.123（推定実オッズ?11倍） / 2着集中度: 上位2艇 71.4%（補正+0.04） / 総合判定確率: 0.163 / → ヒモはやや固め。上位2艇以外を切ること', 'tenji_trigger': '展示確認: 1号艇伸び良→そのまま採用。悪→飛び組に差し替え。circle_pct上位2艇に絞り込むこと。'}",,,25.3,逃げ狙い,9.22,28,4,,,,,,,,,,,
2025-11-18,丸亀,8,5,浅井　翼,B1,35.71,5,○,2.4674,4.1,57,12.8,0.1717,3.266,,,0,低,93,0,-,5 4,0,24.6,0.4012,0,0,0.0476,0,0,0.3077,0.3077,0.1538,,,B,,,0.2383,0.4745,,0.6209,S,80,0,◎1着固定 2-3着流し（5〜8点）,0.5777,"{'is_target': True, 'verdict': '点数絞り', 'max_combo_prob': 0.1233, 'est_top_odds': 10.8, 'circle_concentration': 71.4, 'eligible_count': 6, 'bet_adj': 0, 'reason': 'rel_win1=75.8%（本命度） / 最有力組み合わせ確率: 0.123（推定実オッズ?11倍） / 2着集中度: 上位2艇 71.4%（補正+0.04） / 総合判定確率: 0.163 / → ヒモはやや固め。上位2艇以外を切ること', 'tenji_trigger': '展示確認: 1号艇伸び良→そのまま採用。悪→飛び組に差し替え。circle_pct上位2艇に絞り込むこと。'}",,,25.3,逃げ狙い,9.22,28,4,,,,,,,,,,,
2025-11-18,丸亀,8,6,内山文典,B1,17.14,6,,0.8795,4.4,68,28.6,0.1727,3.8367,,,0,低,123,0,-,3 4,0,24.6,1.1789,,,,,,0.0308,0.1769,0.1769,,,E,△,,0.2605,0.618,,0.6209,S,80,0,◎1着固定 2-3着流し（5〜8点）,0.5777,"{'is_target': True, 'verdict': '点数絞り', 'max_combo_prob': 0.1233, 'est_top_odds': 10.8, 'circle_concentration': 71.4, 'eligible_count': 6, 'bet_adj': 0, 'reason': 'rel_win1=75.8%（本命度） / 最有力組み合わせ確率: 0.123（推定実オッズ?11倍） / 2着集中度: 上位2艇 71.4%（補正+0.04） / 総合判定確率: 0.163 / → ヒモはやや固め。上位2艇以外を切ること', 'tenji_trigger': '展示確認: 1号艇伸び良→そのまま採用。悪→飛び組に差し替え。circle_pct上位2艇に絞り込むこと。'}",,,25.3,逃げ狙い,9.22,28,4,,,,,,,,,,,
2025-11-18,丸亀,9,1,藤田浩人,A2,18.18,1,◎,61.2479,,0,90.3,0.1491,2.9731,,,0,低,147,0,-,562,0,62.2,0.99,0.7273,,,,,0.1,0.0273,0.0182,◎,,D,○,,,0.653,,0.5613,S,86,0,◎1着固定 2-3着流し（5〜8点）,0.5777,"{'is_target': True, 'verdict': '参加推奨', 'max_combo_prob': 0.06, 'est_top_odds': 22.2, 'circle_concentration': 60.1, 'eligible_count': 6, 'bet_adj': 2, 'reason': 'rel_win1=61.2%（本命度） / 最有力組み合わせ確率: 0.060（推定実オッズ?22倍） / 2着集中度: 上位2艇 60.1%（補正+0.00） / 総合判定確率: 0.060 / → ヒモ分散。1号艇1着固定で広めのヒモ流し推奨（買い目+2点）', 'tenji_trigger': '展示確認: ヒモ分散レース。1号艇伸び確認後、広めのヒモ流しを採用。穴ヒモ（5・6号艇）を積極的に含める。'}",,,21.5,逃げ狙い,16.41,25.3,5,,,,,0,0,0.7559,0,,逃げ軸流し,A
2025-11-18,丸亀,9,2,大神康司,A2,48.98,2,▲,12.7409,34.3,76,60.7,0.1769,3.6885,,,0,低,61,0,-,5165,0,31.9,0.935,0,0.1923,0,0,0,0.2807,0,0.067,,,A,,,0.1101,0.6115,,0.5613,S,86,0,◎1着固定 2-3着流し（5〜8点）,0.5777,"{'is_target': True, 'verdict': '参加推奨', 'max_combo_prob': 0.06, 'est_top_odds': 22.2, 'circle_concentration': 60.1, 'eligible_count': 6, 'bet_adj': 2, 'reason': 'rel_win1=61.2%（本命度） / 最有力組み合わせ確率: 0.060（推定実オッズ?22倍） / 2着集中度: 上位2艇 60.1%（補正+0.00） / 総合判定確率: 0.060 / → ヒモ分散。1号艇1着固定で広めのヒモ流し推奨（買い目+2点）', 'tenji_trigger': '展示確認: ヒモ分散レース。1号艇伸び確認後、広めのヒモ流しを採用。穴ヒモ（5・6号艇）を積極的に含める。'}",,,21.5,逃げ狙い,16.41,25.3,5,,,,,,,,,,,
2025-11-18,丸亀,9,3,一色凌雅,B1,38.64,3,△,12.5093,25.8,82,46.3,0.1959,3.5732,,,0,低,122,0,ま0% 差ま0%,321,0,55.8,1.0052,0,0,0.0526,0.0526,0,0.075,0.3,0.175,,,B,,,0.1195,0.6015,,0.5613,S,86,0,◎1着固定 2-3着流し（5〜8点）,0.5777,"{'is_target': True, 'verdict': '参加推奨', 'max_combo_prob': 0.06, 'est_top_odds': 22.2, 'circle_concentration': 60.1, 'eligible_count': 6, 'bet_adj': 2, 'reason': 'rel_win1=61.2%（本命度） / 最有力組み合わせ確率: 0.060（推定実オッズ?22倍） / 2着集中度: 上位2艇 60.1%（補正+0.00） / 総合判定確率: 0.060 / → ヒモ分散。1号艇1着固定で広めのヒモ流し推奨（買い目+2点）', 'tenji_trigger': '展示確認: ヒモ分散レース。1号艇伸び確認後、広めのヒモ流しを採用。穴ヒモ（5・6号艇）を積極的に含める。'}",,,21.5,逃げ狙い,16.41,25.3,5,,,,,,,,,,,
2025-11-18,丸亀,9,4,桑原将光,A2,16.67,4,,4.147,16.8,100,56.8,0.1636,3.3716,,,0,低,130,0,-,332,0,98.8,1.9306,,,,,,0.2429,0.4857,0.0714,,,E,△,,0.2603,0.6525,,0.5613,S,86,0,◎1着固定 2-3着流し（5〜8点）,0.5777,"{'is_target': True, 'verdict': '参加推奨', 'max_combo_prob': 0.06, 'est_top_odds': 22.2, 'circle_concentration': 60.1, 'eligible_count': 6, 'bet_adj': 2, 'reason': 'rel_win1=61.2%（本命度） / 最有力組み合わせ確率: 0.060（推定実オッズ?22倍） / 2着集中度: 上位2艇 60.1%（補正+0.00） / 総合判定確率: 0.060 / → ヒモ分散。1号艇1着固定で広めのヒモ流し推奨（買い目+2点）', 'tenji_trigger': '展示確認: ヒモ分散レース。1号艇伸び確認後、広めのヒモ流しを採用。穴ヒモ（5・6号艇）を積極的に含める。'}",,,21.5,逃げ狙い,16.41,25.3,5,,,,,,,,,,,
2025-11-18,丸亀,9,5,吉永則雄,A1,53.19,5,○,6.7718,19.2,82,50,0.1433,2.8077,,,0,低,112,0,-,1313,0,25.7,0.7079,,,,,,0.0896,0.0635,0.1184,,,A,◎,,0.3326,0.696,,0.5613,S,86,0,◎1着固定 2-3着流し（5〜8点）,0.5777,"{'is_target': True, 'verdict': '参加推奨', 'max_combo_prob': 0.06, 'est_top_odds': 22.2, 'circle_concentration': 60.1, 'eligible_count': 6, 'bet_adj': 2, 'reason': 'rel_win1=61.2%（本命度） / 最有力組み合わせ確率: 0.060（推定実オッズ?22倍） / 2着集中度: 上位2艇 60.1%（補正+0.00） / 総合判定確率: 0.060 / → ヒモ分散。1号艇1着固定で広めのヒモ流し推奨（買い目+2点）', 'tenji_trigger': '展示確認: ヒモ分散レース。1号艇伸び確認後、広めのヒモ流しを採用。穴ヒモ（5・6号艇）を積極的に含める。'}",,,21.5,逃げ狙い,16.41,25.3,5,,,,,,,,,,,
2025-11-18,丸亀,9,6,中村辰也,A2,11.76,6,,2.5831,3.9,86,32,0.157,3.34,,,0,低,74,0,差ま0%,2 24,0,27.5,1.3047,0,0,0,0.05,0,0.0286,0.0571,0.1571,,,E,△,,0.262,0.647,,0.5613,S,86,0,◎1着固定 2-3着流し（5〜8点）,0.5777,"{'is_target': True, 'verdict': '参加推奨', 'max_combo_prob': 0.06, 'est_top_odds': 22.2, 'circle_concentration': 60.1, 'eligible_count': 6, 'bet_adj': 2, 'reason': 'rel_win1=61.2%（本命度） / 最有力組み合わせ確率: 0.060（推定実オッズ?22倍） / 2着集中度: 上位2艇 60.1%（補正+0.00） / 総合判定確率: 0.060 / → ヒモ分散。1号艇1着固定で広めのヒモ流し推奨（買い目+2点）', 'tenji_trigger': '展示確認: ヒモ分散レース。1号艇伸び確認後、広めのヒモ流しを採用。穴ヒモ（5・6号艇）を積極的に含める。'}",,,21.5,逃げ狙い,16.41,25.3,5,,,,,,,,,,,
2025-11-18,丸亀,10,1,川北浩貴,A2,22.86,1,◎,56.1732,,0,87.6,0.1571,2.8557,,,0,低,146,0,-,413,0,83.9,1.1872,0.4865,,,,,0.1399,0.2257,0.0541,◎,,D,○,,,0.6565,,0.4613,S,83,0,◎1着固定 2-3着流し（5〜8点）,0.5777,"{'is_target': True, 'verdict': '参加推奨', 'max_combo_prob': 0.0674, 'est_top_odds': 19.8, 'circle_concentration': 73.0, 'eligible_count': 6, 'bet_adj': 2, 'reason': 'rel_win1=56.2%（本命度） / 最有力組み合わせ確率: 0.067（推定実オッズ?20倍） / 2着集中度: 上位2艇 73.0%（補正+0.04） / 総合判定確率: 0.107 / → ヒモ分散。1号艇1着固定で広めのヒモ流し推奨（買い目+2点）', 'tenji_trigger': '展示確認: ヒモ分散レース。1号艇伸び確認後、広めのヒモ流しを採用。穴ヒモ（5・6号艇）を積極的に含める。'}",,,30.5,逃げ狙い,21.13,32.6,2,,,,,0,0,0.7559,0,,逃げ軸流し,A
2025-11-18,丸亀,10,2,中田元泰,A1,38.10,2,○,14.1849,39.4,78,71.7,0.1596,3.2717,,,0,低,90,0,-,2532,0,93.7,0.8364,0,0,0.0476,0,0,0.0323,0.1613,0,,,A,◎,,0.3013,0.685,,0.4613,S,83,0,◎1着固定 2-3着流し（5〜8点）,0.5777,"{'is_target': True, 'verdict': '参加推奨', 'max_combo_prob': 0.0674, 'est_top_odds': 19.8, 'circle_concentration': 73.0, 'eligible_count': 6, 'bet_adj': 2, 'reason': 'rel_win1=56.2%（本命度） / 最有力組み合わせ確率: 0.067（推定実オッズ?20倍） / 2着集中度: 上位2艇 73.0%（補正+0.04） / 総合判定確率: 0.107 / → ヒモ分散。1号艇1着固定で広めのヒモ流し推奨（買い目+2点）', 'tenji_trigger': '展示確認: ヒモ分散レース。1号艇伸び確認後、広めのヒモ流しを採用。穴ヒモ（5・6号艇）を積極的に含める。'}",,,30.5,逃げ狙い,21.13,32.6,2,,,,,,,,,,,
2025-11-18,丸亀,10,3,石原　翼,A2,15.15,3,△,12.8426,33.7,100,80,0.1315,2.8375,,,0,低,63,0,差0% ま0%,5 13,0,62.8,1.4358,0,0.0909,0.1364,0,0,0.348,0.032,0.032,,◎,E,△,,0.4672,0.616,,0.4613,S,83,0,◎1着固定 2-3着流し（5〜8点）,0.5777,"{'is_target': True, 'verdict': '参加推奨', 'max_combo_prob': 0.0674, 'est_top_odds': 19.8, 'circle_concentration': 73.0, 'eligible_count': 6, 'bet_adj': 2, 'reason': 'rel_win1=56.2%（本命度） / 最有力組み合わせ確率: 0.067（推定実オッズ?20倍） / 2着集中度: 上位2艇 73.0%（補正+0.04） / 総合判定確率: 0.107 / → ヒモ分散。1号艇1着固定で広めのヒモ流し推奨（買い目+2点）', 'tenji_trigger': '展示確認: ヒモ分散レース。1号艇伸び確認後、広めのヒモ流しを採用。穴ヒモ（5・6号艇）を積極的に含める。'}",,,30.5,逃げ狙い,21.13,32.6,2,,,,,,,,,,,
2025-11-18,丸亀,10,4,西丸敦基,B1,24.32,4,▲,8.006,14.5,72,46.3,0.1715,3.6852,,,0,低,113,0,-,3 5,0,70.3,1.4111,0,0.0476,0.0476,0.0476,0,0.0333,0.0667,0.3,,,C,△,○,0.2673,0.6165,0.3172,0.4613,S,83,0,◎1着固定 2-3着流し（5〜8点）,0.5777,"{'is_target': True, 'verdict': '参加推奨', 'max_combo_prob': 0.0674, 'est_top_odds': 19.8, 'circle_concentration': 73.0, 'eligible_count': 6, 'bet_adj': 2, 'reason': 'rel_win1=56.2%（本命度） / 最有力組み合わせ確率: 0.067（推定実オッズ?20倍） / 2着集中度: 上位2艇 73.0%（補正+0.04） / 総合判定確率: 0.107 / → ヒモ分散。1号艇1着固定で広めのヒモ流し推奨（買い目+2点）', 'tenji_trigger': '展示確認: ヒモ分散レース。1号艇伸び確認後、広めのヒモ流しを採用。穴ヒモ（5・6号艇）を積極的に含める。'}",,,30.5,逃げ狙い,21.13,32.6,2,,,,,,,,,,,
2025-11-18,丸亀,10,5,白水勝也,A1,23.53,5,,7.1531,12.2,94,63.5,0.1667,3.3846,,,0,低,134,0,差0% 差ま0%,3156,0,31.6,1.7486,0,0.04,0,0.04,0,0.1045,0.0455,0.0955,,,D,,◎,0.2867,0.604,0.3679,0.4613,S,83,0,◎1着固定 2-3着流し（5〜8点）,0.5777,"{'is_target': True, 'verdict': '参加推奨', 'max_combo_prob': 0.0674, 'est_top_odds': 19.8, 'circle_concentration': 73.0, 'eligible_count': 6, 'bet_adj': 2, 'reason': 'rel_win1=56.2%（本命度） / 最有力組み合わせ確率: 0.067（推定実オッズ?20倍） / 2着集中度: 上位2艇 73.0%（補正+0.04） / 総合判定確率: 0.107 / → ヒモ分散。1号艇1着固定で広めのヒモ流し推奨（買い目+2点）', 'tenji_trigger': '展示確認: ヒモ分散レース。1号艇伸び確認後、広めのヒモ流しを採用。穴ヒモ（5・6号艇）を積極的に含める。'}",,,30.5,逃げ狙い,21.13,32.6,2,,,,,,,,,,,
2025-11-18,丸亀,10,6,川田正人,A2,27.27,6,,1.6402,0.3,62,23.2,0.1925,4.5982,,,0,低,152,0,-,5551,0,41.1,1.0372,0,0.0357,0,0,0,0.1373,0.3263,0.0387,,,C,,,0.2027,0.614,,0.4613,S,83,0,◎1着固定 2-3着流し（5〜8点）,0.5777,"{'is_target': True, 'verdict': '参加推奨', 'max_combo_prob': 0.0674, 'est_top_odds': 19.8, 'circle_concentration': 73.0, 'eligible_count': 6, 'bet_adj': 2, 'reason': 'rel_win1=56.2%（本命度） / 最有力組み合わせ確率: 0.067（推定実オッズ?20倍） / 2着集中度: 上位2艇 73.0%（補正+0.04） / 総合判定確率: 0.107 / → ヒモ分散。1号艇1着固定で広めのヒモ流し推奨（買い目+2点）', 'tenji_trigger': '展示確認: ヒモ分散レース。1号艇伸び確認後、広めのヒモ流しを採用。穴ヒモ（5・6号艇）を積極的に含める。'}",,,30.5,逃げ狙い,21.13,32.6,2,,,,,,,,,,,
2025-11-18,丸亀,11,1,新田雄史,A1,31.11,1,◎,58.2379,,0,97.1,0.1271,2.8971,,,0,低,30,0,逃1%,2241,0,100,1.5593,0.6667,,,,,0.0833,0.0833,0.0833,◎,,C,△,,,0.625,,0.6847,S,94,0,◎1着固定 2-3着流し（5〜8点）,0.5777,"{'is_target': True, 'verdict': '参加推奨', 'max_combo_prob': 0.0716, 'est_top_odds': 18.6, 'circle_concentration': 73.1, 'eligible_count': 6, 'bet_adj': 2, 'reason': 'rel_win1=58.2%（本命度） / 最有力組み合わせ確率: 0.072（推定実オッズ?19倍） / 2着集中度: 上位2艇 73.1%（補正+0.04） / 総合判定確率: 0.112 / → ヒモ分散。1号艇1着固定で広めのヒモ流し推奨（買い目+2点）', 'tenji_trigger': '展示確認: ヒモ分散レース。1号艇伸び確認後、広めのヒモ流しを採用。穴ヒモ（5・6号艇）を積極的に含める。\n展示で1号艇スタート超安定(0.127秒)→ヒモ固まり方向に注意'}",,,29.3,逃げ狙い,24.61,26.2,2,,,,,0,0,0.7559,0,,逃げ軸流し,A
2025-11-18,丸亀,11,2,青木　蓮,A2,35.71,2,○,19.8788,40.3,100,68.2,0.1518,2.9886,,,0,低,73,0,ま0%,1314,0,53.7,1.1795,0,0,0.2,0,0,0.02,0.24,0.04,,,B,,,0.0835,0.589,,0.6847,S,94,0,◎1着固定 2-3着流し（5〜8点）,0.5777,"{'is_target': True, 'verdict': '参加推奨', 'max_combo_prob': 0.0716, 'est_top_odds': 18.6, 'circle_concentration': 73.1, 'eligible_count': 6, 'bet_adj': 2, 'reason': 'rel_win1=58.2%（本命度） / 最有力組み合わせ確率: 0.072（推定実オッズ?19倍） / 2着集中度: 上位2艇 73.1%（補正+0.04） / 総合判定確率: 0.112 / → ヒモ分散。1号艇1着固定で広めのヒモ流し推奨（買い目+2点）', 'tenji_trigger': '展示確認: ヒモ分散レース。1号艇伸び確認後、広めのヒモ流しを採用。穴ヒモ（5・6号艇）を積極的に含める。\n展示で1号艇スタート超安定(0.127秒)→ヒモ固まり方向に注意'}",,,29.3,逃げ狙い,24.61,26.2,2,,,,,,,,,,,
2025-11-18,丸亀,11,3,馬野　耀,A2,32.65,3,▲,11.2271,32.8,75,70.5,0.157,3.4886,,,0,低,78,0,-,1616,0,27.5,0.8987,0,0,0.125,0.0625,0,0.0455,0.1818,0.0909,,,C,○,,0.1552,0.6435,,0.6847,S,94,0,◎1着固定 2-3着流し（5〜8点）,0.5777,"{'is_target': True, 'verdict': '参加推奨', 'max_combo_prob': 0.0716, 'est_top_odds': 18.6, 'circle_concentration': 73.1, 'eligible_count': 6, 'bet_adj': 2, 'reason': 'rel_win1=58.2%（本命度） / 最有力組み合わせ確率: 0.072（推定実オッズ?19倍） / 2着集中度: 上位2艇 73.1%（補正+0.04） / 総合判定確率: 0.112 / → ヒモ分散。1号艇1着固定で広めのヒモ流し推奨（買い目+2点）', 'tenji_trigger': '展示確認: ヒモ分散レース。1号艇伸び確認後、広めのヒモ流しを採用。穴ヒモ（5・6号艇）を積極的に含める。\n展示で1号艇スタート超安定(0.127秒)→ヒモ固まり方向に注意'}",,,29.3,逃げ狙い,24.61,26.2,2,,,,,,,,,,,
2025-11-18,丸亀,11,4,深川和仁,A2,21.88,4,,6.7517,10.4,97,49.1,0.1643,3.7642,,,0,低,130,0,-,4451,0,57.6,1.2879,,,,,,0.2,0.0167,0.05,,,D,△,◎,0.1659,0.606,0.3488,0.6847,S,94,0,◎1着固定 2-3着流し（5〜8点）,0.5777,"{'is_target': True, 'verdict': '参加推奨', 'max_combo_prob': 0.0716, 'est_top_odds': 18.6, 'circle_concentration': 73.1, 'eligible_count': 6, 'bet_adj': 2, 'reason': 'rel_win1=58.2%（本命度） / 最有力組み合わせ確率: 0.072（推定実オッズ?19倍） / 2着集中度: 上位2艇 73.1%（補正+0.04） / 総合判定確率: 0.112 / → ヒモ分散。1号艇1着固定で広めのヒモ流し推奨（買い目+2点）', 'tenji_trigger': '展示確認: ヒモ分散レース。1号艇伸び確認後、広めのヒモ流しを採用。穴ヒモ（5・6号艇）を積極的に含める。\n展示で1号艇スタート超安定(0.127秒)→ヒモ固まり方向に注意'}",,,29.3,逃げ狙い,24.61,26.2,2,,,,,,,,,,,
2025-11-18,丸亀,11,5,柘植政浩,A2,14.29,5,,2.9598,12,56,38.8,0.1746,3.6194,,,0,低,143,0,-,1522,0,49.8,1.2098,0,0,0,0.0345,0,0.0222,0.0444,0.0556,,,E,◎,,0.1275,0.647,,0.6847,S,94,0,◎1着固定 2-3着流し（5〜8点）,0.5777,"{'is_target': True, 'verdict': '参加推奨', 'max_combo_prob': 0.0716, 'est_top_odds': 18.6, 'circle_concentration': 73.1, 'eligible_count': 6, 'bet_adj': 2, 'reason': 'rel_win1=58.2%（本命度） / 最有力組み合わせ確率: 0.072（推定実オッズ?19倍） / 2着集中度: 上位2艇 73.1%（補正+0.04） / 総合判定確率: 0.112 / → ヒモ分散。1号艇1着固定で広めのヒモ流し推奨（買い目+2点）', 'tenji_trigger': '展示確認: ヒモ分散レース。1号艇伸び確認後、広めのヒモ流しを採用。穴ヒモ（5・6号艇）を積極的に含める。\n展示で1号艇スタート超安定(0.127秒)→ヒモ固まり方向に注意'}",,,29.3,逃げ狙い,24.61,26.2,2,,,,,,,,,,,
2025-11-18,丸亀,11,6,山本修一,A1,48.00,6,△,0.9446,4.5,90,46.2,0.2144,4.9519,,,0,低,146,0,-,1412,0,71.9,1.7914,,,,,,0.0976,0.1667,0.1976,,,A,,,0.1389,0.5625,,0.6847,S,94,0,◎1着固定 2-3着流し（5〜8点）,0.5777,"{'is_target': True, 'verdict': '参加推奨', 'max_combo_prob': 0.0716, 'est_top_odds': 18.6, 'circle_concentration': 73.1, 'eligible_count': 6, 'bet_adj': 2, 'reason': 'rel_win1=58.2%（本命度） / 最有力組み合わせ確率: 0.072（推定実オッズ?19倍） / 2着集中度: 上位2艇 73.1%（補正+0.04） / 総合判定確率: 0.112 / → ヒモ分散。1号艇1着固定で広めのヒモ流し推奨（買い目+2点）', 'tenji_trigger': '展示確認: ヒモ分散レース。1号艇伸び確認後、広めのヒモ流しを採用。穴ヒモ（5・6号艇）を積極的に含める。\n展示で1号艇スタート超安定(0.127秒)→ヒモ固まり方向に注意'}",,,29.3,逃げ狙い,24.61,26.2,2,,,,,,,,,,,
2025-11-18,丸亀,12,1,守屋美穂,A1,21.21,1,◎,62.5701,,0,92.6,0.1056,2.3704,,,0,低,37,0,逃1%,3161,0,67.1,1.0144,0.7778,,,,,0.1722,0.1944,0.0222,◎,,E,○,,,0.629,,0.7164,S,87,0,◎1着固定 2-3着流し（5〜8点）,0.5777,"{'is_target': True, 'verdict': '点数絞り', 'max_combo_prob': 0.0964, 'est_top_odds': 13.8, 'circle_concentration': 79.8, 'eligible_count': 6, 'bet_adj': 0, 'reason': 'rel_win1=62.6%（本命度） / 最有力組み合わせ確率: 0.096（推定実オッズ?14倍） / 2着集中度: 上位2艇 79.8%（補正+0.04） / 総合判定確率: 0.136 / → ヒモはやや固め。上位2艇以外を切ること', 'tenji_trigger': '展示確認: 1号艇伸び良→そのまま採用。悪→飛び組に差し替え。circle_pct上位2艇に絞り込むこと。\n展示で1号艇スタート超安定(0.106秒)→ヒモ固まり方向に注意'}",,,28.1,逃げ狙い,16.31,29.9,5,,,,,0,0,0.7559,0,,逃げ軸流し,A
2025-11-18,丸亀,12,2,山田理央,A2,35.00,2,▲,10.8164,51.7,84,55.3,0.1476,3.2632,,,0,低,62,0,-,6244,0,56.9,1.1978,0,0.0833,0,0,0,0.0444,0.1444,0.0222,,,C,△,,0.0681,0.6,,0.7164,S,87,0,◎1着固定 2-3着流し（5〜8点）,0.5777,"{'is_target': True, 'verdict': '点数絞り', 'max_combo_prob': 0.0964, 'est_top_odds': 13.8, 'circle_concentration': 79.8, 'eligible_count': 6, 'bet_adj': 0, 'reason': 'rel_win1=62.6%（本命度） / 最有力組み合わせ確率: 0.096（推定実オッズ?14倍） / 2着集中度: 上位2艇 79.8%（補正+0.04） / 総合判定確率: 0.136 / → ヒモはやや固め。上位2艇以外を切ること', 'tenji_trigger': '展示確認: 1号艇伸び良→そのまま採用。悪→飛び組に差し替え。circle_pct上位2艇に絞り込むこと。\n展示で1号艇スタート超安定(0.106秒)→ヒモ固まり方向に注意'}",,,28.1,逃げ狙い,16.31,29.9,5,,,,,,,,,,,
2025-11-18,丸亀,12,3,中尾優香,B1,42.00,3,△,9.2219,28,81,36.4,0.2155,4.0455,,,0,低,53,0,差0% ま0%,646,0,18.3,0.7775,0,0.0833,0.0833,0,0,0,0.3333,0,,,B,,,0.1224,0.5435,,0.7164,S,87,0,◎1着固定 2-3着流し（5〜8点）,0.5777,"{'is_target': True, 'verdict': '点数絞り', 'max_combo_prob': 0.0964, 'est_top_odds': 13.8, 'circle_concentration': 79.8, 'eligible_count': 6, 'bet_adj': 0, 'reason': 'rel_win1=62.6%（本命度） / 最有力組み合わせ確率: 0.096（推定実オッズ?14倍） / 2着集中度: 上位2艇 79.8%（補正+0.04） / 総合判定確率: 0.136 / → ヒモはやや固め。上位2艇以外を切ること', 'tenji_trigger': '展示確認: 1号艇伸び良→そのまま採用。悪→飛び組に差し替え。circle_pct上位2艇に絞り込むこと。\n展示で1号艇スタート超安定(0.106秒)→ヒモ固まり方向に注意'}",,,28.1,逃げ狙い,16.31,29.9,5,,,,,,,,,,,
2025-11-18,丸亀,12,4,大廣咲季,B1,23.33,4,,6.6399,6.3,64,17.3,0.1679,3.5481,,,0,低,81,0,-,6 55,0,100,2.5932,0,0,0.1053,0,0,0.3333,0.3333,0,,,D,,,0.1305,0.543,,0.7164,S,87,0,◎1着固定 2-3着流し（5〜8点）,0.5777,"{'is_target': True, 'verdict': '点数絞り', 'max_combo_prob': 0.0964, 'est_top_odds': 13.8, 'circle_concentration': 79.8, 'eligible_count': 6, 'bet_adj': 0, 'reason': 'rel_win1=62.6%（本命度） / 最有力組み合わせ確率: 0.096（推定実オッズ?14倍） / 2着集中度: 上位2艇 79.8%（補正+0.04） / 総合判定確率: 0.136 / → ヒモはやや固め。上位2艇以外を切ること', 'tenji_trigger': '展示確認: 1号艇伸び良→そのまま採用。悪→飛び組に差し替え。circle_pct上位2艇に絞り込むこと。\n展示で1号艇スタート超安定(0.106秒)→ヒモ固まり方向に注意'}",,,28.1,逃げ狙い,16.31,29.9,5,,,,,,,,,,,
2025-11-18,丸亀,12,5,小野生奈,A1,47.83,5,○,7.7154,10,91,81.8,0.1391,2.3636,,,0,低,35,1,差ま0%,1236,0,100,2.1814,0,0,0,0.2,0,0.0714,0,0.1429,,,A,△,,0.2142,0.625,,0.7164,S,87,0,◎1着固定 2-3着流し（5〜8点）,0.5777,"{'is_target': True, 'verdict': '点数絞り', 'max_combo_prob': 0.0964, 'est_top_odds': 13.8, 'circle_concentration': 79.8, 'eligible_count': 6, 'bet_adj': 0, 'reason': 'rel_win1=62.6%（本命度） / 最有力組み合わせ確率: 0.096（推定実オッズ?14倍） / 2着集中度: 上位2艇 79.8%（補正+0.04） / 総合判定確率: 0.136 / → ヒモはやや固め。上位2艇以外を切ること', 'tenji_trigger': '展示確認: 1号艇伸び良→そのまま採用。悪→飛び組に差し替え。circle_pct上位2艇に絞り込むこと。\n展示で1号艇スタート超安定(0.106秒)→ヒモ固まり方向に注意'}",,,28.1,逃げ狙い,16.31,29.9,5,,,,,,,,,,,
2025-11-18,丸亀,12,6,松尾夏海,A1,30.23,6,,3.0363,3.9,100,44.4,0.1615,3.1852,,,0,低,45,0,-,4466,0,48.5,1.0756,0,0,0,0,0.1667,,,,,,D,◎,,0.1338,0.684,,0.7164,S,87,0,◎1着固定 2-3着流し（5〜8点）,0.5777,"{'is_target': True, 'verdict': '点数絞り', 'max_combo_prob': 0.0964, 'est_top_odds': 13.8, 'circle_concentration': 79.8, 'eligible_count': 6, 'bet_adj': 0, 'reason': 'rel_win1=62.6%（本命度） / 最有力組み合わせ確率: 0.096（推定実オッズ?14倍） / 2着集中度: 上位2艇 79.8%（補正+0.04） / 総合判定確率: 0.136 / → ヒモはやや固め。上位2艇以外を切ること', 'tenji_trigger': '展示確認: 1号艇伸び良→そのまま採用。悪→飛び組に差し替え。circle_pct上位2艇に絞り込むこと。\n展示で1号艇スタート超安定(0.106秒)→ヒモ固まり方向に注意'}",,,28.1,逃げ狙い,16.31,29.9,5,,,,,,,,,,,
2025-11-19,丸亀,1,1,西尾亮輔,B1,31.91,1,◎,51.0519,,0,68.3,0.1683,3.3902,,,0,低,145,0,逃0%,5 3 52,0,77.5,0.9024,0.1,,,,,0.12,0.04,0.72,△,,B,,,,0.545,,0.2852,B,52,0,◎○△フォーメーション（15〜20点）,0.5777,"{'is_target': True, 'verdict': '参加推奨', 'max_combo_prob': 0.062, 'est_top_odds': 21.5, 'circle_concentration': 67.6, 'eligible_count': 9, 'bet_adj': 2, 'reason': 'rel_win1=51.1%（本命度） / 最有力組み合わせ確率: 0.062（推定実オッズ?22倍） / 2着集中度: 上位2艇 67.6%（補正+0.00） / 総合判定確率: 0.062 / → ヒモ分散。1号艇1着固定で広めのヒモ流し推奨（買い目+2点）', 'tenji_trigger': '展示確認: ヒモ分散レース。1号艇伸び確認後、広めのヒモ流しを採用。穴ヒモ（5・6号艇）を積極的に含める。'}",,,30.4,両建て推奨,15.83,36.9,4,3-5-4|3-4-5|1-3-4|1-3-5|1-4-3|1-2-4|1-4-5,2-1-4|3-5-4|6-1-2|3-4-5|6-1-4|6-2-1|6-4-1|1-3-4|1-3-5|1-4-3|1-2-4|1-4-5,3-5-4:2.71%|3-4-5:2.31%|1-3-4:7.29%|1-3-5:5.17%|1-4-3:4.55%|1-2-4:3.66%|1-4-5:3.62%,3-5-4:B_main|3-4-5:B_main|1-3-4:A|1-3-5:A|1-4-3:A|1-2-4:A|1-4-5:A,7,12,0.4535,1,[!]見送り推奨（主役決まり手「まくり」― 逃げ劣勢レースで的中実績なし）,荒れ広め,D
2025-11-19,丸亀,1,2,小澤　学,B1,28.89,2,△,10.3927,18.3,93,43.9,0.2432,5.4015,,,0,低,319,0,抜0%,145 3,0,66.5,0.7453,0,0,0,0,0.0385,0.4667,0.4222,0.0222,,,B,△,,0.0955,0.59,,0.2852,B,52,0,◎○△フォーメーション（15〜20点）,0.5777,"{'is_target': True, 'verdict': '参加推奨', 'max_combo_prob': 0.062, 'est_top_odds': 21.5, 'circle_concentration': 67.6, 'eligible_count': 9, 'bet_adj': 2, 'reason': 'rel_win1=51.1%（本命度） / 最有力組み合わせ確率: 0.062（推定実オッズ?22倍） / 2着集中度: 上位2艇 67.6%（補正+0.00） / 総合判定確率: 0.062 / → ヒモ分散。1号艇1着固定で広めのヒモ流し推奨（買い目+2点）', 'tenji_trigger': '展示確認: ヒモ分散レース。1号艇伸び確認後、広めのヒモ流しを採用。穴ヒモ（5・6号艇）を積極的に含める。'}",,,30.4,両建て推奨,15.83,36.9,4,,,,,,,,,,,
2025-11-19,丸亀,1,3,川北浩貴,A2,22.86,3,○,15.6191,41.3,100,69.3,0.1474,2.9355,,,0,低,146,0,差ま0%,413 3,0,70.6,1.191,0,0.0357,0.1071,0.0357,0,0.1399,0.2257,0.0541,,◎,D,◎,,0.4132,0.6565,,0.2852,B,52,0,◎○△フォーメーション（15〜20点）,0.5777,"{'is_target': True, 'verdict': '参加推奨', 'max_combo_prob': 0.062, 'est_top_odds': 21.5, 'circle_concentration': 67.6, 'eligible_count': 9, 'bet_adj': 2, 'reason': 'rel_win1=51.1%（本命度） / 最有力組み合わせ確率: 0.062（推定実オッズ?22倍） / 2着集中度: 上位2艇 67.6%（補正+0.00） / 総合判定確率: 0.062 / → ヒモ分散。1号艇1着固定で広めのヒモ流し推奨（買い目+2点）', 'tenji_trigger': '展示確認: ヒモ分散レース。1号艇伸び確認後、広めのヒモ流しを採用。穴ヒモ（5・6号艇）を積極的に含める。'}",,,30.4,両建て推奨,15.83,36.9,4,,,,,,,,,,,
2025-11-19,丸亀,1,4,柘植政浩,A2,14.29,4,,16.8598,26.3,97,59.5,0.1638,3.473,,,0,低,143,0,差0%,15221,0,57.5,0.9036,0,0.0294,0.0294,0.0588,0,0.0222,0.0444,0.0556,,,E,○,◎,0.3115,0.647,0.4145,0.2852,B,52,0,◎○△フォーメーション（15〜20点）,0.5777,"{'is_target': True, 'verdict': '参加推奨', 'max_combo_prob': 0.062, 'est_top_odds': 21.5, 'circle_concentration': 67.6, 'eligible_count': 9, 'bet_adj': 2, 'reason': 'rel_win1=51.1%（本命度） / 最有力組み合わせ確率: 0.062（推定実オッズ?22倍） / 2着集中度: 上位2艇 67.6%（補正+0.00） / 総合判定確率: 0.062 / → ヒモ分散。1号艇1着固定で広めのヒモ流し推奨（買い目+2点）', 'tenji_trigger': '展示確認: ヒモ分散レース。1号艇伸び確認後、広めのヒモ流しを採用。穴ヒモ（5・6号艇）を積極的に含める。'}",,,30.4,両建て推奨,15.83,36.9,4,,,,,,,,,,,
2025-11-19,丸亀,1,5,西丸敦基,B1,24.32,5,▲,4.6239,12.5,92,35,0.1668,3.6667,,,0,低,113,0,-,3 5 3,0,26,1.0014,,,,,,0.0333,0.0667,0.3,,,C,△,,0.3237,0.6165,,0.2852,B,52,0,◎○△フォーメーション（15〜20点）,0.5777,"{'is_target': True, 'verdict': '参加推奨', 'max_combo_prob': 0.062, 'est_top_odds': 21.5, 'circle_concentration': 67.6, 'eligible_count': 9, 'bet_adj': 2, 'reason': 'rel_win1=51.1%（本命度） / 最有力組み合わせ確率: 0.062（推定実オッズ?22倍） / 2着集中度: 上位2艇 67.6%（補正+0.00） / 総合判定確率: 0.062 / → ヒモ分散。1号艇1着固定で広めのヒモ流し推奨（買い目+2点）', 'tenji_trigger': '展示確認: ヒモ分散レース。1号艇伸び確認後、広めのヒモ流しを採用。穴ヒモ（5・6号艇）を積極的に含める。'}",,,30.4,両建て推奨,15.83,36.9,4,,,,,,,,,,,
2025-11-19,丸亀,1,6,中澤里桜,B2,17.65,6,,1.4526,1.6,48,4.3,0.2217,4.5435,,,0,低,12,0,-,S 6 66,0,26,0.5506,,,,,,,,,,,D,,,0.1461,0.4195,,0.2852,B,52,0,◎○△フォーメーション（15〜20点）,0.5777,"{'is_target': True, 'verdict': '参加推奨', 'max_combo_prob': 0.062, 'est_top_odds': 21.5, 'circle_concentration': 67.6, 'eligible_count': 9, 'bet_adj': 2, 'reason': 'rel_win1=51.1%（本命度） / 最有力組み合わせ確率: 0.062（推定実オッズ?22倍） / 2着集中度: 上位2艇 67.6%（補正+0.00） / 総合判定確率: 0.062 / → ヒモ分散。1号艇1着固定で広めのヒモ流し推奨（買い目+2点）', 'tenji_trigger': '展示確認: ヒモ分散レース。1号艇伸び確認後、広めのヒモ流しを採用。穴ヒモ（5・6号艇）を積極的に含める。'}",,,30.4,両建て推奨,15.83,36.9,4,,,,,,,,,,,
2025-11-19,丸亀,2,1,一色凌雅,B1,38.64,1,◎,56.178,,0,78.1,0.1966,3.7812,,,0,低,122,0,逃0%,321,0,68.6,1.0232,0.375,,,,,0.075,0.3,0.175,△,,A,△,,,0.6015,,0.2712,A,77,0,◎-○軸 3着3〜4艇流し（10〜15点）,0.5777,"{'is_target': True, 'verdict': '参加推奨', 'max_combo_prob': 0.066, 'est_top_odds': 20.2, 'circle_concentration': 61.9, 'eligible_count': 8, 'bet_adj': 2, 'reason': 'rel_win1=56.2%（本命度） / 最有力組み合わせ確率: 0.066（推定実オッズ?20倍） / 2着集中度: 上位2艇 61.9%（補正+0.00） / 総合判定確率: 0.066 / → ヒモ分散。1号艇1着固定で広めのヒモ流し推奨（買い目+2点）', 'tenji_trigger': '展示確認: ヒモ分散レース。1号艇伸び確認後、広めのヒモ流しを採用。穴ヒモ（5・6号艇）を積極的に含める。\n展示で1号艇スタート遅め(0.197秒)確認→ヒモが荒れやすい'}",,,35.5,逃げ狙い,17.5,35.6,4,5-1-3|1-3-5|1-3-4|1-2-5|1-4-5|1-2-3,2-1-3|6-1-3|2-1-4|6-1-2|6-1-4|6-2-1|5-1-3|1-3-5|1-3-4|1-2-5|1-4-5|1-2-3,5-1-3:1.62%|1-3-5:7.05%|1-3-4:5.95%|1-2-5:5.9%|1-4-5:5.79%|1-2-3:5.29%,5-1-3:B_main|1-3-5:A|1-3-4:A|1-2-5:A|1-4-5:A|1-2-3:A,6,12,0.4535,1,[!]見送り推奨（主役決まり手「まくり差し」― 逃げ劣勢レースで的中実績なし）,荒れ広め,D
2025-11-19,丸亀,2,2,森林　太,B1,37.50,2,△,10.5334,29.7,63,35.9,0.2031,4.5625,,,0,低,204,0,-,564 6,0,60.7,1.3069,,,,,,0.0667,0.3556,0.1222,,,B,,,0.2737,0.555,,0.2712,A,77,0,◎-○軸 3着3〜4艇流し（10〜15点）,0.5777,"{'is_target': True, 'verdict': '参加推奨', 'max_combo_prob': 0.066, 'est_top_odds': 20.2, 'circle_concentration': 61.9, 'eligible_count': 8, 'bet_adj': 2, 'reason': 'rel_win1=56.2%（本命度） / 最有力組み合わせ確率: 0.066（推定実オッズ?20倍） / 2着集中度: 上位2艇 61.9%（補正+0.00） / 総合判定確率: 0.066 / → ヒモ分散。1号艇1着固定で広めのヒモ流し推奨（買い目+2点）', 'tenji_trigger': '展示確認: ヒモ分散レース。1号艇伸び確認後、広めのヒモ流しを採用。穴ヒモ（5・6号艇）を積極的に含める。\n展示で1号艇スタート遅め(0.197秒)確認→ヒモが荒れやすい'}",,,35.5,逃げ狙い,17.5,35.6,4,,,,,,,,,,,
2025-11-19,丸亀,2,3,藤田浩人,A2,18.18,3,,17.3936,32.2,100,69.2,0.1635,3.4692,,,0,低,147,0,-,562 2,0,53.4,1.1344,0,0,0.0323,0.0968,0,0.1,0.0273,0.0182,,○,E,○,,0.4941,0.653,,0.2712,A,77,0,◎-○軸 3着3〜4艇流し（10〜15点）,0.5777,"{'is_target': True, 'verdict': '参加推奨', 'max_combo_prob': 0.066, 'est_top_odds': 20.2, 'circle_concentration': 61.9, 'eligible_count': 8, 'bet_adj': 2, 'reason': 'rel_win1=56.2%（本命度） / 最有力組み合わせ確率: 0.066（推定実オッズ?20倍） / 2着集中度: 上位2艇 61.9%（補正+0.00） / 総合判定確率: 0.066 / → ヒモ分散。1号艇1着固定で広めのヒモ流し推奨（買い目+2点）', 'tenji_trigger': '展示確認: ヒモ分散レース。1号艇伸び確認後、広めのヒモ流しを採用。穴ヒモ（5・6号艇）を積極的に含める。\n展示で1号艇スタート遅め(0.197秒)確認→ヒモが荒れやすい'}",,,35.5,逃げ狙い,17.5,35.6,4,,,,,,,,,,,
2025-11-19,丸亀,2,4,川田正人,A2,27.27,4,▲,9.5924,21.2,74,50,0.1615,3.5648,,,0,低,152,0,-,5551,0,59.4,1.1217,,,,,,0.1373,0.3263,0.0387,,△,D,△,,0.4931,0.614,,0.2712,A,77,0,◎-○軸 3着3〜4艇流し（10〜15点）,0.5777,"{'is_target': True, 'verdict': '参加推奨', 'max_combo_prob': 0.066, 'est_top_odds': 20.2, 'circle_concentration': 61.9, 'eligible_count': 8, 'bet_adj': 2, 'reason': 'rel_win1=56.2%（本命度） / 最有力組み合わせ確率: 0.066（推定実オッズ?20倍） / 2着集中度: 上位2艇 61.9%（補正+0.00） / 総合判定確率: 0.066 / → ヒモ分散。1号艇1着固定で広めのヒモ流し推奨（買い目+2点）', 'tenji_trigger': '展示確認: ヒモ分散レース。1号艇伸び確認後、広めのヒモ流しを採用。穴ヒモ（5・6号艇）を積極的に含める。\n展示で1号艇スタート遅め(0.197秒)確認→ヒモが荒れやすい'}",,,35.5,逃げ狙い,17.5,35.6,4,,,,,,,,,,,
2025-11-19,丸亀,2,5,中田元泰,A1,38.10,5,○,5.0537,16.5,93,50,0.1473,3.6731,,,0,低,90,0,-,25322,0,91.6,1.67,,,,,,0.0323,0.1613,0,,◎,B,◎,,0.5119,0.685,,0.2712,A,77,0,◎-○軸 3着3〜4艇流し（10〜15点）,0.5777,"{'is_target': True, 'verdict': '参加推奨', 'max_combo_prob': 0.066, 'est_top_odds': 20.2, 'circle_concentration': 61.9, 'eligible_count': 8, 'bet_adj': 2, 'reason': 'rel_win1=56.2%（本命度） / 最有力組み合わせ確率: 0.066（推定実オッズ?20倍） / 2着集中度: 上位2艇 61.9%（補正+0.00） / 総合判定確率: 0.066 / → ヒモ分散。1号艇1着固定で広めのヒモ流し推奨（買い目+2点）', 'tenji_trigger': '展示確認: ヒモ分散レース。1号艇伸び確認後、広めのヒモ流しを採用。穴ヒモ（5・6号艇）を積極的に含める。\n展示で1号艇スタート遅め(0.197秒)確認→ヒモが荒れやすい'}",,,35.5,逃げ狙い,17.5,35.6,4,,,,,,,,,,,
2025-11-19,丸亀,2,6,中山鷹輔,B2,21.05,6,,1.2489,0.4,25,3.6,0.208,4.3727,,,0,低,36,0,-,333 6,0,29.1,0.4533,,,,,,,,,,,E,,,0.3187,0.5505,,0.2712,A,77,0,◎-○軸 3着3〜4艇流し（10〜15点）,0.5777,"{'is_target': True, 'verdict': '参加推奨', 'max_combo_prob': 0.066, 'est_top_odds': 20.2, 'circle_concentration': 61.9, 'eligible_count': 8, 'bet_adj': 2, 'reason': 'rel_win1=56.2%（本命度） / 最有力組み合わせ確率: 0.066（推定実オッズ?20倍） / 2着集中度: 上位2艇 61.9%（補正+0.00） / 総合判定確率: 0.066 / → ヒモ分散。1号艇1着固定で広めのヒモ流し推奨（買い目+2点）', 'tenji_trigger': '展示確認: ヒモ分散レース。1号艇伸び確認後、広めのヒモ流しを採用。穴ヒモ（5・6号艇）を積極的に含める。\n展示で1号艇スタート遅め(0.197秒)確認→ヒモが荒れやすい'}",,,35.5,逃げ狙い,17.5,35.6,4,,,,,,,,,,,
2025-11-19,丸亀,3,1,谷野錬志,B1,35.90,1,◎,53.1416,,0,90.6,0.1348,3.1016,,,0,低,70,0,逃1%,242 3,0,60.2,0.966,0.7576,,,,,0.0121,0.1985,0.0121,◎,,B,○,,,0.651,,0.5555,S,100,0,◎1着固定 2-3着流し（5〜8点）,0.5777,"{'is_target': True, 'verdict': '点数絞り', 'max_combo_prob': 0.1108, 'est_top_odds': 12.0, 'circle_concentration': 80.4, 'eligible_count': 6, 'bet_adj': 0, 'reason': 'rel_win1=53.1%（本命度） / 最有力組み合わせ確率: 0.111（推定実オッズ?12倍） / 2着集中度: 上位2艇 80.4%（補正+0.04） / 総合判定確率: 0.151 / → ヒモはやや固め。上位2艇以外を切ること', 'tenji_trigger': '展示確認: 1号艇伸び良→そのまま採用。悪→飛び組に差し替え。circle_pct上位2艇に絞り込むこと。\n展示で1号艇スタート超安定(0.135秒)→ヒモ固まり方向に注意'}",,,27.2,逃げ狙い,17.58,26.3,2,,,,,0,0,0.7559,0,,逃げ軸流し,A
2025-11-19,丸亀,3,2,枝尾　賢,B2,44.00,2,○,15.0418,53.8,77,63.6,0.1461,3.8939,,,0,低,61,0,差0%,3 235,0,44.8,1.0593,0,0.125,0,0,0,0.1828,0.0421,0.0967,,,A,△,,0.2154,0.631,,0.5555,S,100,0,◎1着固定 2-3着流し（5〜8点）,0.5777,"{'is_target': True, 'verdict': '点数絞り', 'max_combo_prob': 0.1108, 'est_top_odds': 12.0, 'circle_concentration': 80.4, 'eligible_count': 6, 'bet_adj': 0, 'reason': 'rel_win1=53.1%（本命度） / 最有力組み合わせ確率: 0.111（推定実オッズ?12倍） / 2着集中度: 上位2艇 80.4%（補正+0.04） / 総合判定確率: 0.151 / → ヒモはやや固め。上位2艇以外を切ること', 'tenji_trigger': '展示確認: 1号艇伸び良→そのまま採用。悪→飛び組に差し替え。circle_pct上位2艇に絞り込むこと。\n展示で1号艇スタート超安定(0.135秒)→ヒモ固まり方向に注意'}",,,27.2,逃げ狙い,17.58,26.3,2,,,,,,,,,,,
2025-11-19,丸亀,3,3,松尾夏海,A1,30.23,3,,11.3798,26.6,72,51.8,0.1526,2.9444,,,0,低,45,0,-,44662,0,99.9,2.1525,0,0,0.0909,0,0,,,,,,D,◎,,0.2054,0.684,,0.5555,S,100,0,◎1着固定 2-3着流し（5〜8点）,0.5777,"{'is_target': True, 'verdict': '点数絞り', 'max_combo_prob': 0.1108, 'est_top_odds': 12.0, 'circle_concentration': 80.4, 'eligible_count': 6, 'bet_adj': 0, 'reason': 'rel_win1=53.1%（本命度） / 最有力組み合わせ確率: 0.111（推定実オッズ?12倍） / 2着集中度: 上位2艇 80.4%（補正+0.04） / 総合判定確率: 0.151 / → ヒモはやや固め。上位2艇以外を切ること', 'tenji_trigger': '展示確認: 1号艇伸び良→そのまま採用。悪→飛び組に差し替え。circle_pct上位2艇に絞り込むこと。\n展示で1号艇スタート超安定(0.135秒)→ヒモ固まり方向に注意'}",,,27.2,逃げ狙い,17.58,26.3,2,,,,,,,,,,,
2025-11-19,丸亀,3,4,浅井　翼,B1,35.71,4,△,7.9014,7.3,50,11.1,0.1617,2.7361,,,0,低,93,0,ま0%,5 4 55,0,49.5,0.6832,0,0,0.0588,0,0,0.3077,0.3077,0.1538,,,C,,,0.1861,0.4745,,0.5555,S,100,0,◎1着固定 2-3着流し（5〜8点）,0.5777,"{'is_target': True, 'verdict': '点数絞り', 'max_combo_prob': 0.1108, 'est_top_odds': 12.0, 'circle_concentration': 80.4, 'eligible_count': 6, 'bet_adj': 0, 'reason': 'rel_win1=53.1%（本命度） / 最有力組み合わせ確率: 0.111（推定実オッズ?12倍） / 2着集中度: 上位2艇 80.4%（補正+0.04） / 総合判定確率: 0.151 / → ヒモはやや固め。上位2艇以外を切ること', 'tenji_trigger': '展示確認: 1号艇伸び良→そのまま採用。悪→飛び組に差し替え。circle_pct上位2艇に絞り込むこと。\n展示で1号艇スタート超安定(0.135秒)→ヒモ固まり方向に注意'}",,,27.2,逃げ狙い,17.58,26.3,2,,,,,,,,,,,
2025-11-19,丸亀,3,5,青木　蓮,A2,35.71,5,▲,11.6797,9.4,100,45.7,0.124,2.4714,,,0,低,73,0,-,13142,0,39.4,0.92,0,0,0.0769,0.2308,0,0.02,0.24,0.04,,,C,,◎,0.367,0.589,0.5068,0.5555,S,100,0,◎1着固定 2-3着流し（5〜8点）,0.5777,"{'is_target': True, 'verdict': '点数絞り', 'max_combo_prob': 0.1108, 'est_top_odds': 12.0, 'circle_concentration': 80.4, 'eligible_count': 6, 'bet_adj': 0, 'reason': 'rel_win1=53.1%（本命度） / 最有力組み合わせ確率: 0.111（推定実オッズ?12倍） / 2着集中度: 上位2艇 80.4%（補正+0.04） / 総合判定確率: 0.151 / → ヒモはやや固め。上位2艇以外を切ること', 'tenji_trigger': '展示確認: 1号艇伸び良→そのまま採用。悪→飛び組に差し替え。circle_pct上位2艇に絞り込むこと。\n展示で1号艇スタート超安定(0.135秒)→ヒモ固まり方向に注意'}",,,27.2,逃げ狙い,17.58,26.3,2,,,,,,,,,,,
2025-11-19,丸亀,3,6,深川和仁,A2,21.88,6,,0.8557,2.9,36,22.7,0.1905,4.2614,,,0,低,130,0,-,44514,0,26.5,1.1764,,,,,,0.2,0.0167,0.05,,,E,△,,0.1325,0.606,,0.5555,S,100,0,◎1着固定 2-3着流し（5〜8点）,0.5777,"{'is_target': True, 'verdict': '点数絞り', 'max_combo_prob': 0.1108, 'est_top_odds': 12.0, 'circle_concentration': 80.4, 'eligible_count': 6, 'bet_adj': 0, 'reason': 'rel_win1=53.1%（本命度） / 最有力組み合わせ確率: 0.111（推定実オッズ?12倍） / 2着集中度: 上位2艇 80.4%（補正+0.04） / 総合判定確率: 0.151 / → ヒモはやや固め。上位2艇以外を切ること', 'tenji_trigger': '展示確認: 1号艇伸び良→そのまま採用。悪→飛び組に差し替え。circle_pct上位2艇に絞り込むこと。\n展示で1号艇スタート超安定(0.135秒)→ヒモ固まり方向に注意'}",,,27.2,逃げ狙い,17.58,26.3,2,,,,,,,,,,,
2025-11-19,丸亀,4,1,坂口貴彦,B1,24.44,1,◎,56.7298,,0,90.9,0.1414,2.9205,,,0,低,134,0,逃0%,6 141,0,91.8,1.2254,0.6471,,,,,0.0471,0.1235,0.1471,◎,,D,△,,,0.591,,0.5241,S,86,0,◎1着固定 2-3着流し（5〜8点）,0.5777,"{'is_target': True, 'verdict': '点数絞り', 'max_combo_prob': 0.1024, 'est_top_odds': 13.0, 'circle_concentration': 73.9, 'eligible_count': 6, 'bet_adj': 0, 'reason': 'rel_win1=56.7%（本命度） / 最有力組み合わせ確率: 0.102（推定実オッズ?13倍） / 2着集中度: 上位2艇 73.9%（補正+0.04） / 総合判定確率: 0.142 / → ヒモはやや固め。上位2艇以外を切ること', 'tenji_trigger': '展示確認: 1号艇伸び良→そのまま採用。悪→飛び組に差し替え。circle_pct上位2艇に絞り込むこと。'}",,,26.8,逃げ狙い,13.91,28.2,4,,,,,0,0,0.7559,0,,逃げ軸流し,A
2025-11-19,丸亀,4,2,馬野　耀,A2,32.65,2,▲,15.2466,53.8,65,62.8,0.1514,3.7674,,,0,低,78,0,差0%,16162,0,30.6,0.6186,0,0.0952,0,0,0.0476,0.0455,0.1818,0.0909,,,C,△,,0.2211,0.6435,,0.5241,S,86,0,◎1着固定 2-3着流し（5〜8点）,0.5777,"{'is_target': True, 'verdict': '点数絞り', 'max_combo_prob': 0.1024, 'est_top_odds': 13.0, 'circle_concentration': 73.9, 'eligible_count': 6, 'bet_adj': 0, 'reason': 'rel_win1=56.7%（本命度） / 最有力組み合わせ確率: 0.102（推定実オッズ?13倍） / 2着集中度: 上位2艇 73.9%（補正+0.04） / 総合判定確率: 0.142 / → ヒモはやや固め。上位2艇以外を切ること', 'tenji_trigger': '展示確認: 1号艇伸び良→そのまま採用。悪→飛び組に差し替え。circle_pct上位2艇に絞り込むこと。'}",,,26.8,逃げ狙い,13.91,28.2,4,,,,,,,,,,,
2025-11-19,丸亀,4,3,武藤綾子,B1,34.78,3,△,10.4066,12.4,97,31.6,0.2316,4.2237,,,0,低,118,0,-,654 6,0,56.1,1.5475,0,0,0.0556,0,0,0.1455,0.2364,0,,,B,,,0.1111,0.5505,,0.5241,S,86,0,◎1着固定 2-3着流し（5〜8点）,0.5777,"{'is_target': True, 'verdict': '点数絞り', 'max_combo_prob': 0.1024, 'est_top_odds': 13.0, 'circle_concentration': 73.9, 'eligible_count': 6, 'bet_adj': 0, 'reason': 'rel_win1=56.7%（本命度） / 最有力組み合わせ確率: 0.102（推定実オッズ?13倍） / 2着集中度: 上位2艇 73.9%（補正+0.04） / 総合判定確率: 0.142 / → ヒモはやや固め。上位2艇以外を切ること', 'tenji_trigger': '展示確認: 1号艇伸び良→そのまま採用。悪→飛び組に差し替え。circle_pct上位2艇に絞り込むこと。'}",,,26.8,逃げ狙い,13.91,28.2,4,,,,,,,,,,,
2025-11-19,丸亀,4,4,中村辰也,A2,11.76,4,,6.5218,20.1,100,50.9,0.1435,3.0351,,,0,低,74,0,-,2 242,0,60.4,1.1853,0,0.0455,0,0,0,0.0286,0.0571,0.1571,,,E,○,,0.275,0.647,,0.5241,S,86,0,◎1着固定 2-3着流し（5〜8点）,0.5777,"{'is_target': True, 'verdict': '点数絞り', 'max_combo_prob': 0.1024, 'est_top_odds': 13.0, 'circle_concentration': 73.9, 'eligible_count': 6, 'bet_adj': 0, 'reason': 'rel_win1=56.7%（本命度） / 最有力組み合わせ確率: 0.102（推定実オッズ?13倍） / 2着集中度: 上位2艇 73.9%（補正+0.04） / 総合判定確率: 0.142 / → ヒモはやや固め。上位2艇以外を切ること', 'tenji_trigger': '展示確認: 1号艇伸び良→そのまま採用。悪→飛び組に差し替え。circle_pct上位2艇に絞り込むこと。'}",,,26.8,逃げ狙い,13.91,28.2,4,,,,,,,,,,,
2025-11-19,丸亀,4,5,大廣咲季,B1,23.33,5,,4.7379,5.7,38,8,0.1836,4.02,,,0,低,81,0,-,6 556,0,27.8,0.6476,0,0.0526,0,0,0,0.3333,0.3333,0,,,D,,,0.151,0.543,,0.5241,S,86,0,◎1着固定 2-3着流し（5〜8点）,0.5777,"{'is_target': True, 'verdict': '点数絞り', 'max_combo_prob': 0.1024, 'est_top_odds': 13.0, 'circle_concentration': 73.9, 'eligible_count': 6, 'bet_adj': 0, 'reason': 'rel_win1=56.7%（本命度） / 最有力組み合わせ確率: 0.102（推定実オッズ?13倍） / 2着集中度: 上位2艇 73.9%（補正+0.04） / 総合判定確率: 0.142 / → ヒモはやや固め。上位2艇以外を切ること', 'tenji_trigger': '展示確認: 1号艇伸び良→そのまま採用。悪→飛び組に差し替え。circle_pct上位2艇に絞り込むこと。'}",,,26.8,逃げ狙い,13.91,28.2,4,,,,,,,,,,,
2025-11-19,丸亀,4,6,吉永則雄,A1,53.19,6,○,6.3572,8,63,39.3,0.1321,2.9643,,,0,低,112,0,差0%,13131,0,24,0.7314,0,0.0625,0,0,0,0.0896,0.0635,0.1184,,,A,◎,,0.3169,0.696,,0.5241,S,86,0,◎1着固定 2-3着流し（5〜8点）,0.5777,"{'is_target': True, 'verdict': '点数絞り', 'max_combo_prob': 0.1024, 'est_top_odds': 13.0, 'circle_concentration': 73.9, 'eligible_count': 6, 'bet_adj': 0, 'reason': 'rel_win1=56.7%（本命度） / 最有力組み合わせ確率: 0.102（推定実オッズ?13倍） / 2着集中度: 上位2艇 73.9%（補正+0.04） / 総合判定確率: 0.142 / → ヒモはやや固め。上位2艇以外を切ること', 'tenji_trigger': '展示確認: 1号艇伸び良→そのまま採用。悪→飛び組に差し替え。circle_pct上位2艇に絞り込むこと。'}",,,26.8,逃げ狙い,13.91,28.2,4,,,,,,,,,,,
2025-11-19,丸亀,5,1,小野生奈,A1,47.83,1,◎,63.5293,,0,96.3,0.0993,1.963,,,0,低,35,0,逃1%,12365,0,92.4,1.2396,0.7857,,,,,0.0714,0,0.1429,◎,,B,△,,,0.625,,0.7273,S,98,0,◎1着固定 2-3着流し（5〜8点）,0.5777,"{'is_target': True, 'verdict': '参加推奨', 'max_combo_prob': 0.0773, 'est_top_odds': 17.2, 'circle_concentration': 62.7, 'eligible_count': 6, 'bet_adj': 2, 'reason': 'rel_win1=63.5%（本命度） / 最有力組み合わせ確率: 0.077（推定実オッズ?17倍） / 2着集中度: 上位2艇 62.7%（補正+0.00） / 総合判定確率: 0.077 / → ヒモ分散。1号艇1着固定で広めのヒモ流し推奨（買い目+2点）', 'tenji_trigger': '展示確認: ヒモ分散レース。1号艇伸び確認後、広めのヒモ流しを採用。穴ヒモ（5・6号艇）を積極的に含める。\n展示で1号艇スタート超安定(0.099秒)→ヒモ固まり方向に注意'}",,,24.4,逃げ狙い,10.79,24.1,3,,,,,0,0,0.7559,0,,逃げ軸流し,A
2025-11-19,丸亀,5,2,片岡秀樹,B1,42.86,2,▲,7.9314,37.2,78,48.3,0.148,3.2,,,0,低,85,0,差0%,6 255,0,26.6,0.8066,0,0.1,0,0,0,0.2778,0.3889,0.1111,,,C,◎,,0.0722,0.6405,,0.7273,S,98,0,◎1着固定 2-3着流し（5〜8点）,0.5777,"{'is_target': True, 'verdict': '参加推奨', 'max_combo_prob': 0.0773, 'est_top_odds': 17.2, 'circle_concentration': 62.7, 'eligible_count': 6, 'bet_adj': 2, 'reason': 'rel_win1=63.5%（本命度） / 最有力組み合わせ確率: 0.077（推定実オッズ?17倍） / 2着集中度: 上位2艇 62.7%（補正+0.00） / 総合判定確率: 0.077 / → ヒモ分散。1号艇1着固定で広めのヒモ流し推奨（買い目+2点）', 'tenji_trigger': '展示確認: ヒモ分散レース。1号艇伸び確認後、広めのヒモ流しを採用。穴ヒモ（5・6号艇）を積極的に含める。\n展示で1号艇スタート超安定(0.099秒)→ヒモ固まり方向に注意'}",,,24.4,逃げ狙い,10.79,24.1,3,,,,,,,,,,,
2025-11-19,丸亀,5,3,松本庸平,B1,32.50,3,,11.1112,25.4,63,47.6,0.1852,4.0159,,,0,低,228,0,ま0% 差ま0% 抜0%,2 461,0,28.5,0.9863,0,0,0.0909,0.0455,0.0455,0.4143,0.0571,0.2071,,,D,○,,0.1215,0.626,,0.7273,S,98,0,◎1着固定 2-3着流し（5〜8点）,0.5777,"{'is_target': True, 'verdict': '参加推奨', 'max_combo_prob': 0.0773, 'est_top_odds': 17.2, 'circle_concentration': 62.7, 'eligible_count': 6, 'bet_adj': 2, 'reason': 'rel_win1=63.5%（本命度） / 最有力組み合わせ確率: 0.077（推定実オッズ?17倍） / 2着集中度: 上位2艇 62.7%（補正+0.00） / 総合判定確率: 0.077 / → ヒモ分散。1号艇1着固定で広めのヒモ流し推奨（買い目+2点）', 'tenji_trigger': '展示確認: ヒモ分散レース。1号艇伸び確認後、広めのヒモ流しを採用。穴ヒモ（5・6号艇）を積極的に含める。\n展示で1号艇スタート超安定(0.099秒)→ヒモ固まり方向に注意'}",,,24.4,逃げ狙い,10.79,24.1,3,,,,,,,,,,,
2025-11-19,丸亀,5,4,清水紀克,B1,48.00,4,○,13.4906,22.4,68,,,,,,0,低,53,1,-,2 654,0,,,,,,,,,,,,,B,,◎,0.3118,0.575,0.15,0.7273,S,98,0,◎1着固定 2-3着流し（5〜8点）,0.5777,"{'is_target': True, 'verdict': '参加推奨', 'max_combo_prob': 0.0773, 'est_top_odds': 17.2, 'circle_concentration': 62.7, 'eligible_count': 6, 'bet_adj': 2, 'reason': 'rel_win1=63.5%（本命度） / 最有力組み合わせ確率: 0.077（推定実オッズ?17倍） / 2着集中度: 上位2艇 62.7%（補正+0.00） / 総合判定確率: 0.077 / → ヒモ分散。1号艇1着固定で広めのヒモ流し推奨（買い目+2点）', 'tenji_trigger': '展示確認: ヒモ分散レース。1号艇伸び確認後、広めのヒモ流しを採用。穴ヒモ（5・6号艇）を積極的に含める。\n展示で1号艇スタート超安定(0.099秒)→ヒモ固まり方向に注意'}",,,24.4,逃げ狙い,10.79,24.1,3,,,,,,,,,,,
2025-11-19,丸亀,5,5,山田理央,A2,35.00,5,,2.8155,8.7,100,52.9,0.1591,3.1912,,,0,低,62,0,-,62444,0,49.4,1.0731,,,,,,0.0444,0.1444,0.0222,,,D,△,,0.135,0.6,,0.7273,S,98,0,◎1着固定 2-3着流し（5〜8点）,0.5777,"{'is_target': True, 'verdict': '参加推奨', 'max_combo_prob': 0.0773, 'est_top_odds': 17.2, 'circle_concentration': 62.7, 'eligible_count': 6, 'bet_adj': 2, 'reason': 'rel_win1=63.5%（本命度） / 最有力組み合わせ確率: 0.077（推定実オッズ?17倍） / 2着集中度: 上位2艇 62.7%（補正+0.00） / 総合判定確率: 0.077 / → ヒモ分散。1号艇1着固定で広めのヒモ流し推奨（買い目+2点）', 'tenji_trigger': '展示確認: ヒモ分散レース。1号艇伸び確認後、広めのヒモ流しを採用。穴ヒモ（5・6号艇）を積極的に含める。\n展示で1号艇スタート超安定(0.099秒)→ヒモ固まり方向に注意'}",,,24.4,逃げ狙い,10.79,24.1,3,,,,,,,,,,,
2025-11-19,丸亀,5,6,山本修一,A1,48.00,6,△,1.122,6.2,75,46.2,0.2144,4.9519,,,0,低,146,0,-,14121,0,80.2,1.8003,,,,,,0.0976,0.1667,0.1976,,,B,,,0.135,0.5625,,0.7273,S,98,0,◎1着固定 2-3着流し（5〜8点）,0.5777,"{'is_target': True, 'verdict': '参加推奨', 'max_combo_prob': 0.0773, 'est_top_odds': 17.2, 'circle_concentration': 62.7, 'eligible_count': 6, 'bet_adj': 2, 'reason': 'rel_win1=63.5%（本命度） / 最有力組み合わせ確率: 0.077（推定実オッズ?17倍） / 2着集中度: 上位2艇 62.7%（補正+0.00） / 総合判定確率: 0.077 / → ヒモ分散。1号艇1着固定で広めのヒモ流し推奨（買い目+2点）', 'tenji_trigger': '展示確認: ヒモ分散レース。1号艇伸び確認後、広めのヒモ流しを採用。穴ヒモ（5・6号艇）を積極的に含める。\n展示で1号艇スタート超安定(0.099秒)→ヒモ固まり方向に注意'}",,,24.4,逃げ狙い,10.79,24.1,3,,,,,,,,,,,
2025-11-19,丸亀,6,1,吉田慎二,A2,28.21,1,◎,54.578,,0,83.1,0.1778,3.5964,,,0,低,169,0,-,2 2345,0,100,1.8103,0.5122,,,,,0.039,0.2683,0.0195,○,,B,◎,,,0.662,,0.3541,S,86,0,◎1着固定 2-3着流し（5〜8点）,0.5777,"{'is_target': True, 'verdict': '参加推奨', 'max_combo_prob': 0.0708, 'est_top_odds': 18.8, 'circle_concentration': 69.9, 'eligible_count': 6, 'bet_adj': 2, 'reason': 'rel_win1=54.6%（本命度） / 最有力組み合わせ確率: 0.071（推定実オッズ?19倍） / 2着集中度: 上位2艇 69.9%（補正+0.00） / 総合判定確率: 0.071 / → ヒモ分散。1号艇1着固定で広めのヒモ流し推奨（買い目+2点）', 'tenji_trigger': '展示確認: ヒモ分散レース。1号艇伸び確認後、広めのヒモ流しを採用。穴ヒモ（5・6号艇）を積極的に含める。'}",,,29.8,逃げ狙い,21.8,30.1,2,,,,,0,0,0.6155,0,,逃げ軸流し,A
2025-11-19,丸亀,6,2,安河内健,A1,43.24,2,○,20.1315,42.3,100,79.1,0.1386,3.2209,,,0,低,76,0,差0%,1S3131,0,62.7,1.334,0,0.2083,0,0,0,0.1758,0,0.0129,,◎,A,○,,0.6049,0.6435,,0.3541,S,86,0,◎1着固定 2-3着流し（5〜8点）,0.5777,"{'is_target': True, 'verdict': '参加推奨', 'max_combo_prob': 0.0708, 'est_top_odds': 18.8, 'circle_concentration': 69.9, 'eligible_count': 6, 'bet_adj': 2, 'reason': 'rel_win1=54.6%（本命度） / 最有力組み合わせ確率: 0.071（推定実オッズ?19倍） / 2着集中度: 上位2艇 69.9%（補正+0.00） / 総合判定確率: 0.071 / → ヒモ分散。1号艇1着固定で広めのヒモ流し推奨（買い目+2点）', 'tenji_trigger': '展示確認: ヒモ分散レース。1号艇伸び確認後、広めのヒモ流しを採用。穴ヒモ（5・6号艇）を積極的に含める。'}",,,29.8,逃げ狙い,21.8,30.1,2,,,,,,,,,,,
2025-11-19,丸亀,6,3,内山文典,B1,17.14,3,,10.6885,27.6,58,53.2,0.1648,3.3468,,,0,低,123,0,ま0% 差ま0%,3 4 3S,0,39.8,1.0338,0,0,0.0625,0.0625,0,0.0308,0.1769,0.1769,,,E,△,,0.3804,0.618,,0.3541,S,86,0,◎1着固定 2-3着流し（5〜8点）,0.5777,"{'is_target': True, 'verdict': '参加推奨', 'max_combo_prob': 0.0708, 'est_top_odds': 18.8, 'circle_concentration': 69.9, 'eligible_count': 6, 'bet_adj': 2, 'reason': 'rel_win1=54.6%（本命度） / 最有力組み合わせ確率: 0.071（推定実オッズ?19倍） / 2着集中度: 上位2艇 69.9%（補正+0.00） / 総合判定確率: 0.071 / → ヒモ分散。1号艇1着固定で広めのヒモ流し推奨（買い目+2点）', 'tenji_trigger': '展示確認: ヒモ分散レース。1号艇伸び確認後、広めのヒモ流しを採用。穴ヒモ（5・6号艇）を積極的に含める。'}",,,29.8,逃げ狙い,21.8,30.1,2,,,,,,,,,,,
2025-11-19,丸亀,6,4,高木圭大,B2,25.00,4,▲,4.2299,10.7,48,27.1,0.1605,3.0169,,,0,低,107,0,-,4 336,0,22.7,0.627,0,0,0,0,0.0312,0.0632,0.1842,0.2632,,○,C,,,0.4197,0.606,,0.3541,S,86,0,◎1着固定 2-3着流し（5〜8点）,0.5777,"{'is_target': True, 'verdict': '参加推奨', 'max_combo_prob': 0.0708, 'est_top_odds': 18.8, 'circle_concentration': 69.9, 'eligible_count': 6, 'bet_adj': 2, 'reason': 'rel_win1=54.6%（本命度） / 最有力組み合わせ確率: 0.071（推定実オッズ?19倍） / 2着集中度: 上位2艇 69.9%（補正+0.00） / 総合判定確率: 0.071 / → ヒモ分散。1号艇1着固定で広めのヒモ流し推奨（買い目+2点）', 'tenji_trigger': '展示確認: ヒモ分散レース。1号艇伸び確認後、広めのヒモ流しを採用。穴ヒモ（5・6号艇）を積極的に含める。'}",,,29.8,逃げ狙い,21.8,30.1,2,,,,,,,,,,,
2025-11-19,丸亀,6,5,中澤里桜,B2,17.65,5,,6.205,8.8,69,,,,,,0,低,12,1,-,S 6 66,0,,,,,,,,,,,,,D,,◎,0.3503,0.4195,0.15,0.3541,S,86,0,◎1着固定 2-3着流し（5〜8点）,0.5777,"{'is_target': True, 'verdict': '参加推奨', 'max_combo_prob': 0.0708, 'est_top_odds': 18.8, 'circle_concentration': 69.9, 'eligible_count': 6, 'bet_adj': 2, 'reason': 'rel_win1=54.6%（本命度） / 最有力組み合わせ確率: 0.071（推定実オッズ?19倍） / 2着集中度: 上位2艇 69.9%（補正+0.00） / 総合判定確率: 0.071 / → ヒモ分散。1号艇1着固定で広めのヒモ流し推奨（買い目+2点）', 'tenji_trigger': '展示確認: ヒモ分散レース。1号艇伸び確認後、広めのヒモ流しを採用。穴ヒモ（5・6号艇）を積極的に含める。'}",,,29.8,逃げ狙い,21.8,30.1,2,,,,,,,,,,,
2025-11-19,丸亀,6,6,守屋美穂,A1,21.21,6,△,4.1672,10.6,50,53.3,0.16,3.5667,,,0,低,37,0,ま0% 差ま0%,31615,0,97.4,2.0928,0,0,0.1111,0.1111,0,0.1722,0.1944,0.0222,,△,D,△,,0.4091,0.629,,0.3541,S,86,0,◎1着固定 2-3着流し（5〜8点）,0.5777,"{'is_target': True, 'verdict': '参加推奨', 'max_combo_prob': 0.0708, 'est_top_odds': 18.8, 'circle_concentration': 69.9, 'eligible_count': 6, 'bet_adj': 2, 'reason': 'rel_win1=54.6%（本命度） / 最有力組み合わせ確率: 0.071（推定実オッズ?19倍） / 2着集中度: 上位2艇 69.9%（補正+0.00） / 総合判定確率: 0.071 / → ヒモ分散。1号艇1着固定で広めのヒモ流し推奨（買い目+2点）', 'tenji_trigger': '展示確認: ヒモ分散レース。1号艇伸び確認後、広めのヒモ流しを採用。穴ヒモ（5・6号艇）を積極的に含める。'}",,,29.8,逃げ狙い,21.8,30.1,2,,,,,,,,,,,
2025-11-19,丸亀,7,1,石原　翼,A2,15.15,1,◎,57.2843,,0,87.2,0.1385,2.2447,,,0,低,63,0,逃1%,5 134,0,77.2,1.1215,0.72,,,,,0.348,0.032,0.032,◎,,E,△,,,0.616,,0.7189,A,61,0,◎-○軸 3着3〜4艇流し（10〜15点）,0.5777,"{'is_target': True, 'verdict': '参加推奨', 'max_combo_prob': 0.0738, 'est_top_odds': 18.1, 'circle_concentration': 74.6, 'eligible_count': 8, 'bet_adj': 2, 'reason': 'rel_win1=57.3%（本命度） / 最有力組み合わせ確率: 0.074（推定実オッズ?18倍） / 2着集中度: 上位2艇 74.6%（補正+0.04） / 総合判定確率: 0.114 / → ヒモ分散。1号艇1着固定で広めのヒモ流し推奨（買い目+2点）', 'tenji_trigger': '展示確認: ヒモ分散レース。1号艇伸び確認後、広めのヒモ流しを採用。穴ヒモ（5・6号艇）を積極的に含める。\n展示で1号艇スタート超安定(0.139秒)→ヒモ固まり方向に注意'}",,,30.8,両建て推奨,21.62,33,6,,,,,0,0,0.7559,0,,逃げ軸流し,A
2025-11-19,丸亀,7,2,大神康司,A2,48.98,2,○,13.611,46.1,100,60.7,0.1769,3.6885,,,0,低,61,0,-,5165,0,39.9,0.9445,0,0.1923,0,0,0,0.2807,0,0.067,,,A,△,,0.0951,0.6115,,0.7189,A,61,0,◎-○軸 3着3〜4艇流し（10〜15点）,0.5777,"{'is_target': True, 'verdict': '参加推奨', 'max_combo_prob': 0.0738, 'est_top_odds': 18.1, 'circle_concentration': 74.6, 'eligible_count': 8, 'bet_adj': 2, 'reason': 'rel_win1=57.3%（本命度） / 最有力組み合わせ確率: 0.074（推定実オッズ?18倍） / 2着集中度: 上位2艇 74.6%（補正+0.04） / 総合判定確率: 0.114 / → ヒモ分散。1号艇1着固定で広めのヒモ流し推奨（買い目+2点）', 'tenji_trigger': '展示確認: ヒモ分散レース。1号艇伸び確認後、広めのヒモ流しを採用。穴ヒモ（5・6号艇）を積極的に含める。\n展示で1号艇スタート超安定(0.139秒)→ヒモ固まり方向に注意'}",,,30.8,両建て推奨,21.62,33,6,,,,,,,,,,,
2025-11-19,丸亀,7,3,石井伸長,B1,39.53,3,▲,12.0787,28.5,96,85.7,0.1871,3.5,,,0,低,79,1,差ま0%,4 2444,0,61.2,1.4662,0,0,0,0.1429,0,0,0.5,0.25,,,B,,,0.1335,0.5655,,0.7189,A,61,0,◎-○軸 3着3〜4艇流し（10〜15点）,0.5777,"{'is_target': True, 'verdict': '参加推奨', 'max_combo_prob': 0.0738, 'est_top_odds': 18.1, 'circle_concentration': 74.6, 'eligible_count': 8, 'bet_adj': 2, 'reason': 'rel_win1=57.3%（本命度） / 最有力組み合わせ確率: 0.074（推定実オッズ?18倍） / 2着集中度: 上位2艇 74.6%（補正+0.04） / 総合判定確率: 0.114 / → ヒモ分散。1号艇1着固定で広めのヒモ流し推奨（買い目+2点）', 'tenji_trigger': '展示確認: ヒモ分散レース。1号艇伸び確認後、広めのヒモ流しを採用。穴ヒモ（5・6号艇）を積極的に含める。\n展示で1号艇スタート超安定(0.139秒)→ヒモ固まり方向に注意'}",,,30.8,両建て推奨,21.62,33,6,,,,,,,,,,,
2025-11-19,丸亀,7,4,東　健介,B1,30.00,4,△,7.6125,9.4,97,32.6,0.183,3.3587,,,0,低,99,0,差0%,266 4,0,98.1,0.7617,0,0.0526,0,0,0,0.0667,0.1556,0.5389,,,C,◎,,0.1083,0.631,,0.7189,A,61,0,◎-○軸 3着3〜4艇流し（10〜15点）,0.5777,"{'is_target': True, 'verdict': '参加推奨', 'max_combo_prob': 0.0738, 'est_top_odds': 18.1, 'circle_concentration': 74.6, 'eligible_count': 8, 'bet_adj': 2, 'reason': 'rel_win1=57.3%（本命度） / 最有力組み合わせ確率: 0.074（推定実オッズ?18倍） / 2着集中度: 上位2艇 74.6%（補正+0.04） / 総合判定確率: 0.114 / → ヒモ分散。1号艇1着固定で広めのヒモ流し推奨（買い目+2点）', 'tenji_trigger': '展示確認: ヒモ分散レース。1号艇伸び確認後、広めのヒモ流しを採用。穴ヒモ（5・6号艇）を積極的に含める。\n展示で1号艇スタート超安定(0.139秒)→ヒモ固まり方向に注意'}",,,30.8,両建て推奨,21.62,33,6,,,,,,,,,,,
2025-11-19,丸亀,7,5,中山鷹輔,B2,21.05,5,,5.2386,11.8,89,0,0.2267,5.0833,,,0,低,36,1,-,333 6,0,27.2,0.6943,,,,,,,,,,,E,,,0.1386,0.5505,,0.7189,A,61,0,◎-○軸 3着3〜4艇流し（10〜15点）,0.5777,"{'is_target': True, 'verdict': '参加推奨', 'max_combo_prob': 0.0738, 'est_top_odds': 18.1, 'circle_concentration': 74.6, 'eligible_count': 8, 'bet_adj': 2, 'reason': 'rel_win1=57.3%（本命度） / 最有力組み合わせ確率: 0.074（推定実オッズ?18倍） / 2着集中度: 上位2艇 74.6%（補正+0.04） / 総合判定確率: 0.114 / → ヒモ分散。1号艇1着固定で広めのヒモ流し推奨（買い目+2点）', 'tenji_trigger': '展示確認: ヒモ分散レース。1号艇伸び確認後、広めのヒモ流しを採用。穴ヒモ（5・6号艇）を積極的に含める。\n展示で1号艇スタート超安定(0.139秒)→ヒモ固まり方向に注意'}",,,30.8,両建て推奨,21.62,33,6,,,,,,,,,,,
2025-11-19,丸亀,7,6,新田雄史,A1,31.11,6,,4.1749,4.2,65,55.6,0.2011,3.6667,,,0,低,30,1,-,22411,0,32.6,2.1136,0,0,0,0,0,0.0833,0.0833,0.0833,,,C,○,,0.135,0.625,,0.7189,A,61,0,◎-○軸 3着3〜4艇流し（10〜15点）,0.5777,"{'is_target': True, 'verdict': '参加推奨', 'max_combo_prob': 0.0738, 'est_top_odds': 18.1, 'circle_concentration': 74.6, 'eligible_count': 8, 'bet_adj': 2, 'reason': 'rel_win1=57.3%（本命度） / 最有力組み合わせ確率: 0.074（推定実オッズ?18倍） / 2着集中度: 上位2艇 74.6%（補正+0.04） / 総合判定確率: 0.114 / → ヒモ分散。1号艇1着固定で広めのヒモ流し推奨（買い目+2点）', 'tenji_trigger': '展示確認: ヒモ分散レース。1号艇伸び確認後、広めのヒモ流しを採用。穴ヒモ（5・6号艇）を積極的に含める。\n展示で1号艇スタート超安定(0.139秒)→ヒモ固まり方向に注意'}",,,30.8,両建て推奨,21.62,33,6,,,,,,,,,,,
2025-11-19,丸亀,8,1,桑原将光,A2,16.67,1,◎,68.0256,,0,79.5,0.1623,3.1346,,,0,低,130,0,逃0%,332 1,0,87.9,1.1472,0.4643,,,,,0.2429,0.4857,0.0714,◎,,E,◎,,,0.6525,,0.4687,A,71,0,◎-○軸 3着3〜4艇流し（10〜15点）,0.5777,"{'is_target': True, 'verdict': '点数絞り', 'max_combo_prob': 0.1387, 'est_top_odds': 9.6, 'circle_concentration': 76.9, 'eligible_count': 8, 'bet_adj': 0, 'reason': 'rel_win1=68.0%（本命度） / 最有力組み合わせ確率: 0.139（推定実オッズ?10倍） / 2着集中度: 上位2艇 76.9%（補正+0.04） / 総合判定確率: 0.179 / → ヒモはやや固め。上位2艇以外を切ること', 'tenji_trigger': '展示確認: 1号艇伸び良→そのまま採用。悪→飛び組に差し替え。circle_pct上位2艇に絞り込むこと。'}",,,31.5,逃げ狙い,13.91,41.6,3,,,,,0,0,0.7559,0,,逃げ軸流し,A
2025-11-19,丸亀,8,2,白水勝也,A1,23.53,2,△,11.563,58.3,66,73.3,0.1552,3.55,,,0,低,134,0,-,31563,0,52.2,1.0197,0,0.0385,0.1154,0,0,0.1045,0.0455,0.0955,,◎,D,△,,0.4248,0.604,,0.4687,A,71,0,◎-○軸 3着3〜4艇流し（10〜15点）,0.5777,"{'is_target': True, 'verdict': '点数絞り', 'max_combo_prob': 0.1387, 'est_top_odds': 9.6, 'circle_concentration': 76.9, 'eligible_count': 8, 'bet_adj': 0, 'reason': 'rel_win1=68.0%（本命度） / 最有力組み合わせ確率: 0.139（推定実オッズ?10倍） / 2着集中度: 上位2艇 76.9%（補正+0.04） / 総合判定確率: 0.179 / → ヒモはやや固め。上位2艇以外を切ること', 'tenji_trigger': '展示確認: 1号艇伸び良→そのまま採用。悪→飛び組に差し替え。circle_pct上位2艇に絞り込むこと。'}",,,31.5,逃げ狙い,13.91,41.6,3,,,,,,,,,,,
2025-11-19,丸亀,8,3,森林　太,B1,37.50,3,▲,11.3911,18.6,76,45.7,0.1867,4.0857,,,0,低,204,0,ま0%,564 6,0,46.8,1.116,0,0,0.1786,0,0.0357,0.0667,0.3556,0.1222,,,B,,,0.2562,0.555,,0.4687,A,71,0,◎-○軸 3着3〜4艇流し（10〜15点）,0.5777,"{'is_target': True, 'verdict': '点数絞り', 'max_combo_prob': 0.1387, 'est_top_odds': 9.6, 'circle_concentration': 76.9, 'eligible_count': 8, 'bet_adj': 0, 'reason': 'rel_win1=68.0%（本命度） / 最有力組み合わせ確率: 0.139（推定実オッズ?10倍） / 2着集中度: 上位2艇 76.9%（補正+0.04） / 総合判定確率: 0.179 / → ヒモはやや固め。上位2艇以外を切ること', 'tenji_trigger': '展示確認: 1号艇伸び良→そのまま採用。悪→飛び組に差し替え。circle_pct上位2艇に絞り込むこと。'}",,,31.5,逃げ狙い,13.91,41.6,3,,,,,,,,,,,
2025-11-19,丸亀,8,4,古場輝義,A2,35.42,4,,4.0716,16.4,100,49.1,0.1824,4.0169,,,0,低,140,0,-,45553,0,43,0.8968,,,,,,0.04,0.2933,0.3067,,,C,○,,0.3037,0.619,,0.4687,A,71,0,◎-○軸 3着3〜4艇流し（10〜15点）,0.5777,"{'is_target': True, 'verdict': '点数絞り', 'max_combo_prob': 0.1387, 'est_top_odds': 9.6, 'circle_concentration': 76.9, 'eligible_count': 8, 'bet_adj': 0, 'reason': 'rel_win1=68.0%（本命度） / 最有力組み合わせ確率: 0.139（推定実オッズ?10倍） / 2着集中度: 上位2艇 76.9%（補正+0.04） / 総合判定確率: 0.179 / → ヒモはやや固め。上位2艇以外を切ること', 'tenji_trigger': '展示確認: 1号艇伸び良→そのまま採用。悪→飛び組に差し替え。circle_pct上位2艇に絞り込むこと。'}",,,31.5,逃げ狙い,13.91,41.6,3,,,,,,,,,,,
2025-11-19,丸亀,8,5,小澤　学,B1,28.89,5,,3.5938,4.1,69,26.5,0.2331,5.3603,,,0,低,319,0,-,145 3,0,23.9,0.7771,,,,,,0.4667,0.4222,0.0222,,,D,△,,0.2079,0.59,,0.4687,A,71,0,◎-○軸 3着3〜4艇流し（10〜15点）,0.5777,"{'is_target': True, 'verdict': '点数絞り', 'max_combo_prob': 0.1387, 'est_top_odds': 9.6, 'circle_concentration': 76.9, 'eligible_count': 8, 'bet_adj': 0, 'reason': 'rel_win1=68.0%（本命度） / 最有力組み合わせ確率: 0.139（推定実オッズ?10倍） / 2着集中度: 上位2艇 76.9%（補正+0.04） / 総合判定確率: 0.179 / → ヒモはやや固め。上位2艇以外を切ること', 'tenji_trigger': '展示確認: 1号艇伸び良→そのまま採用。悪→飛び組に差し替え。circle_pct上位2艇に絞り込むこと。'}",,,31.5,逃げ狙い,13.91,41.6,3,,,,,,,,,,,
2025-11-19,丸亀,8,6,中尾優香,B1,42.00,6,○,1.3548,2.6,41,14.3,0.1789,4.0179,,,0,低,53,0,-,646 2,0,38.8,0.8089,,,,,,0,0.3333,0,,,A,,,0.33,0.5435,,0.4687,A,71,0,◎-○軸 3着3〜4艇流し（10〜15点）,0.5777,"{'is_target': True, 'verdict': '点数絞り', 'max_combo_prob': 0.1387, 'est_top_odds': 9.6, 'circle_concentration': 76.9, 'eligible_count': 8, 'bet_adj': 0, 'reason': 'rel_win1=68.0%（本命度） / 最有力組み合わせ確率: 0.139（推定実オッズ?10倍） / 2着集中度: 上位2艇 76.9%（補正+0.04） / 総合判定確率: 0.179 / → ヒモはやや固め。上位2艇以外を切ること', 'tenji_trigger': '展示確認: 1号艇伸び良→そのまま採用。悪→飛び組に差し替え。circle_pct上位2艇に絞り込むこと。'}",,,31.5,逃げ狙い,13.91,41.6,3,,,,,,,,,,,
2025-11-19,丸亀,9,1,吉永則雄,A1,53.19,1,◎,60.3877,,0,88.3,0.1836,4.1489,,,0,低,112,0,逃1%,13131,0,76.3,1.0909,0.7391,,,,,0.0896,0.0635,0.1184,○,,A,◎,,,0.696,,0.3459,A,79,0,◎-○軸 3着3〜4艇流し（10〜15点）,0.5777,"{'is_target': True, 'verdict': '点数絞り', 'max_combo_prob': 0.0835, 'est_top_odds': 16.0, 'circle_concentration': 71.9, 'eligible_count': 8, 'bet_adj': 0, 'reason': 'rel_win1=60.4%（本命度） / 最有力組み合わせ確率: 0.083（推定実オッズ?16倍） / 2着集中度: 上位2艇 71.9%（補正+0.04） / 総合判定確率: 0.123 / → ヒモはやや固め。上位2艇以外を切ること', 'tenji_trigger': '展示確認: 1号艇伸び良→そのまま採用。悪→飛び組に差し替え。circle_pct上位2艇に絞り込むこと。\n展示で1号艇スタート遅め(0.184秒)確認→ヒモが荒れやすい'}",,,35.5,逃げ狙い,24.27,29.9,2,,,,,0,0,0.6155,0,,逃げ軸流し,A
2025-11-19,丸亀,9,2,中田元泰,A1,38.10,2,○,13.1513,37.5,81,71.7,0.1596,3.2717,,,0,低,90,0,-,25322,0,26.9,0.8278,0,0,0.0476,0,0,0.0323,0.1613,0,,◎,C,○,,0.5588,0.685,,0.3459,A,79,0,◎-○軸 3着3〜4艇流し（10〜15点）,0.5777,"{'is_target': True, 'verdict': '点数絞り', 'max_combo_prob': 0.0835, 'est_top_odds': 16.0, 'circle_concentration': 71.9, 'eligible_count': 8, 'bet_adj': 0, 'reason': 'rel_win1=60.4%（本命度） / 最有力組み合わせ確率: 0.083（推定実オッズ?16倍） / 2着集中度: 上位2艇 71.9%（補正+0.04） / 総合判定確率: 0.123 / → ヒモはやや固め。上位2艇以外を切ること', 'tenji_trigger': '展示確認: 1号艇伸び良→そのまま採用。悪→飛び組に差し替え。circle_pct上位2艇に絞り込むこと。\n展示で1号艇スタート遅め(0.184秒)確認→ヒモが荒れやすい'}",,,35.5,逃げ狙い,24.27,29.9,2,,,,,,,,,,,
2025-11-19,丸亀,9,3,柘植政浩,A2,14.29,3,,8.4035,15.6,100,62.1,0.1495,2.9483,,,0,低,143,0,ま0%,15221,0,79.5,1.0675,0,0,0.0312,0,0,0.0222,0.0444,0.0556,,△,E,△,,0.4637,0.647,,0.3459,A,79,0,◎-○軸 3着3〜4艇流し（10〜15点）,0.5777,"{'is_target': True, 'verdict': '点数絞り', 'max_combo_prob': 0.0835, 'est_top_odds': 16.0, 'circle_concentration': 71.9, 'eligible_count': 8, 'bet_adj': 0, 'reason': 'rel_win1=60.4%（本命度） / 最有力組み合わせ確率: 0.083（推定実オッズ?16倍） / 2着集中度: 上位2艇 71.9%（補正+0.04） / 総合判定確率: 0.123 / → ヒモはやや固め。上位2艇以外を切ること', 'tenji_trigger': '展示確認: 1号艇伸び良→そのまま採用。悪→飛び組に差し替え。circle_pct上位2艇に絞り込むこと。\n展示で1号艇スタート遅め(0.184秒)確認→ヒモが荒れやすい'}",,,35.5,逃げ狙い,24.27,29.9,2,,,,,,,,,,,
2025-11-19,丸亀,9,4,谷野錬志,B1,35.90,4,▲,10.7804,34.5,71,81.1,0.1264,2.1887,,,0,低,70,0,差0% ま0% 差ま0% 抜0%,242 3,0,88.6,1.5643,0,0.0417,0.125,0.0417,0.0417,0.0121,0.1985,0.0121,,○,C,△,◎,0.4951,0.651,0.504,0.3459,A,79,0,◎-○軸 3着3〜4艇流し（10〜15点）,0.5777,"{'is_target': True, 'verdict': '点数絞り', 'max_combo_prob': 0.0835, 'est_top_odds': 16.0, 'circle_concentration': 71.9, 'eligible_count': 8, 'bet_adj': 0, 'reason': 'rel_win1=60.4%（本命度） / 最有力組み合わせ確率: 0.083（推定実オッズ?16倍） / 2着集中度: 上位2艇 71.9%（補正+0.04） / 総合判定確率: 0.123 / → ヒモはやや固め。上位2艇以外を切ること', 'tenji_trigger': '展示確認: 1号艇伸び良→そのまま採用。悪→飛び組に差し替え。circle_pct上位2艇に絞り込むこと。\n展示で1号艇スタート遅め(0.184秒)確認→ヒモが荒れやすい'}",,,35.5,逃げ狙い,24.27,29.9,2,,,,,,,,,,,
2025-11-19,丸亀,9,5,坂口貴彦,B1,24.44,5,,3.7142,5.4,43,27.7,0.1706,3.8077,,,0,低,134,0,-,6 141,0,82.4,1.4769,,,,,,0.0471,0.1235,0.1471,,,E,,,0.3613,0.591,,0.3459,A,79,0,◎-○軸 3着3〜4艇流し（10〜15点）,0.5777,"{'is_target': True, 'verdict': '点数絞り', 'max_combo_prob': 0.0835, 'est_top_odds': 16.0, 'circle_concentration': 71.9, 'eligible_count': 8, 'bet_adj': 0, 'reason': 'rel_win1=60.4%（本命度） / 最有力組み合わせ確率: 0.083（推定実オッズ?16倍） / 2着集中度: 上位2艇 71.9%（補正+0.04） / 総合判定確率: 0.123 / → ヒモはやや固め。上位2艇以外を切ること', 'tenji_trigger': '展示確認: 1号艇伸び良→そのまま採用。悪→飛び組に差し替え。circle_pct上位2艇に絞り込むこと。\n展示で1号艇スタート遅め(0.184秒)確認→ヒモが荒れやすい'}",,,35.5,逃げ狙い,24.27,29.9,2,,,,,,,,,,,
2025-11-19,丸亀,9,6,小野生奈,A1,47.83,6,△,3.5629,7.1,57,38.5,0.1865,3.9808,,,0,低,35,0,-,12365,0,40.9,1.5519,,,,,,0.0714,0,0.1429,,,B,,,0.3103,0.625,,0.3459,A,79,0,◎-○軸 3着3〜4艇流し（10〜15点）,0.5777,"{'is_target': True, 'verdict': '点数絞り', 'max_combo_prob': 0.0835, 'est_top_odds': 16.0, 'circle_concentration': 71.9, 'eligible_count': 8, 'bet_adj': 0, 'reason': 'rel_win1=60.4%（本命度） / 最有力組み合わせ確率: 0.083（推定実オッズ?16倍） / 2着集中度: 上位2艇 71.9%（補正+0.04） / 総合判定確率: 0.123 / → ヒモはやや固め。上位2艇以外を切ること', 'tenji_trigger': '展示確認: 1号艇伸び良→そのまま採用。悪→飛び組に差し替え。circle_pct上位2艇に絞り込むこと。\n展示で1号艇スタート遅め(0.184秒)確認→ヒモが荒れやすい'}",,,35.5,逃げ狙い,24.27,29.9,2,,,,,,,,,,,
2025-11-19,丸亀,10,1,山本修一,A1,48.00,1,◎,53.7234,,0,93.6,0.1521,2.9468,,,0,低,146,0,逃0%,14121,0,93.1,1.3256,0.5714,,,,,0.0976,0.1667,0.1976,◎,,A,,,,0.5625,,0.5192,S,82,0,◎1着固定 2-3着流し（5〜8点）,0.5777,"{'is_target': True, 'verdict': '参加推奨', 'max_combo_prob': 0.063, 'est_top_odds': 21.2, 'circle_concentration': 67.2, 'eligible_count': 6, 'bet_adj': 2, 'reason': 'rel_win1=53.7%（本命度） / 最有力組み合わせ確率: 0.063（推定実オッズ?21倍） / 2着集中度: 上位2艇 67.2%（補正+0.00） / 総合判定確率: 0.063 / → ヒモ分散。1号艇1着固定で広めのヒモ流し推奨（買い目+2点）', 'tenji_trigger': '展示確認: ヒモ分散レース。1号艇伸び確認後、広めのヒモ流しを採用。穴ヒモ（5・6号艇）を積極的に含める。'}",,,33.5,逃げ狙い,31.27,32.5,2,,,,,0,0,0.7559,0,,逃げ軸流し,A
2025-11-19,丸亀,10,2,青木　蓮,A2,35.71,2,○,14.7657,39.1,100,68.2,0.1518,2.9886,,,0,低,73,0,ま0%,13142,0,40.3,1.1202,0,0,0.2,0,0,0.02,0.24,0.04,,○,B,,,0.3481,0.589,,0.5192,S,82,0,◎1着固定 2-3着流し（5〜8点）,0.5777,"{'is_target': True, 'verdict': '参加推奨', 'max_combo_prob': 0.063, 'est_top_odds': 21.2, 'circle_concentration': 67.2, 'eligible_count': 6, 'bet_adj': 2, 'reason': 'rel_win1=53.7%（本命度） / 最有力組み合わせ確率: 0.063（推定実オッズ?21倍） / 2着集中度: 上位2艇 67.2%（補正+0.00） / 総合判定確率: 0.063 / → ヒモ分散。1号艇1着固定で広めのヒモ流し推奨（買い目+2点）', 'tenji_trigger': '展示確認: ヒモ分散レース。1号艇伸び確認後、広めのヒモ流しを採用。穴ヒモ（5・6号艇）を積極的に含める。'}",,,33.5,逃げ狙い,31.27,32.5,2,,,,,,,,,,,
2025-11-19,丸亀,10,3,中村辰也,A2,11.76,3,△,13.3296,28.2,81,69.4,0.1435,3.102,,,0,低,74,0,-,2 242,0,97.4,2.0537,0,0,0.0909,0,0,0.0286,0.0571,0.1571,,◎,E,○,,0.3579,0.647,,0.5192,S,82,0,◎1着固定 2-3着流し（5〜8点）,0.5777,"{'is_target': True, 'verdict': '参加推奨', 'max_combo_prob': 0.063, 'est_top_odds': 21.2, 'circle_concentration': 67.2, 'eligible_count': 6, 'bet_adj': 2, 'reason': 'rel_win1=53.7%（本命度） / 最有力組み合わせ確率: 0.063（推定実オッズ?21倍） / 2着集中度: 上位2艇 67.2%（補正+0.00） / 総合判定確率: 0.063 / → ヒモ分散。1号艇1着固定で広めのヒモ流し推奨（買い目+2点）', 'tenji_trigger': '展示確認: ヒモ分散レース。1号艇伸び確認後、広めのヒモ流しを採用。穴ヒモ（5・6号艇）を積極的に含める。'}",,,33.5,逃げ狙い,31.27,32.5,2,,,,,,,,,,,
2025-11-19,丸亀,10,4,川北浩貴,A2,22.86,4,,5.6487,15.3,94,54.5,0.1661,3.2879,,,0,低,146,0,-,413 3,0,32.9,0.9968,,,,,,0.1399,0.2257,0.0541,,,D,◎,○,0.2825,0.6565,0.2593,0.5192,S,82,0,◎1着固定 2-3着流し（5〜8点）,0.5777,"{'is_target': True, 'verdict': '参加推奨', 'max_combo_prob': 0.063, 'est_top_odds': 21.2, 'circle_concentration': 67.2, 'eligible_count': 6, 'bet_adj': 2, 'reason': 'rel_win1=53.7%（本命度） / 最有力組み合わせ確率: 0.063（推定実オッズ?21倍） / 2着集中度: 上位2艇 67.2%（補正+0.00） / 総合判定確率: 0.063 / → ヒモ分散。1号艇1着固定で広めのヒモ流し推奨（買い目+2点）', 'tenji_trigger': '展示確認: ヒモ分散レース。1号艇伸び確認後、広めのヒモ流しを採用。穴ヒモ（5・6号艇）を積極的に含める。'}",,,33.5,逃げ狙い,31.27,32.5,2,,,,,,,,,,,
2025-11-19,丸亀,10,5,安河内健,A1,43.24,5,▲,10.3629,13.9,79,60.5,0.1658,3.5395,,,0,低,76,0,-,1S3131,0,37.3,1.0381,0,0,0,0.1667,0,0.1758,0,0.0129,,,B,△,◎,0.2931,0.6435,0.3561,0.5192,S,82,0,◎1着固定 2-3着流し（5〜8点）,0.5777,"{'is_target': True, 'verdict': '参加推奨', 'max_combo_prob': 0.063, 'est_top_odds': 21.2, 'circle_concentration': 67.2, 'eligible_count': 6, 'bet_adj': 2, 'reason': 'rel_win1=53.7%（本命度） / 最有力組み合わせ確率: 0.063（推定実オッズ?21倍） / 2着集中度: 上位2艇 67.2%（補正+0.00） / 総合判定確率: 0.063 / → ヒモ分散。1号艇1着固定で広めのヒモ流し推奨（買い目+2点）', 'tenji_trigger': '展示確認: ヒモ分散レース。1号艇伸び確認後、広めのヒモ流しを採用。穴ヒモ（5・6号艇）を積極的に含める。'}",,,33.5,逃げ狙い,31.27,32.5,2,,,,,,,,,,,
2025-11-19,丸亀,10,6,石原　翼,A2,15.15,6,,2.1697,3.6,59,25,0.1665,3.5521,,,0,低,63,0,抜0%,5 134,0,34.2,1.0644,0,0,0,0,0.0435,0.348,0.032,0.032,,,E,△,,0.289,0.616,,0.5192,S,82,0,◎1着固定 2-3着流し（5〜8点）,0.5777,"{'is_target': True, 'verdict': '参加推奨', 'max_combo_prob': 0.063, 'est_top_odds': 21.2, 'circle_concentration': 67.2, 'eligible_count': 6, 'bet_adj': 2, 'reason': 'rel_win1=53.7%（本命度） / 最有力組み合わせ確率: 0.063（推定実オッズ?21倍） / 2着集中度: 上位2艇 67.2%（補正+0.00） / 総合判定確率: 0.063 / → ヒモ分散。1号艇1着固定で広めのヒモ流し推奨（買い目+2点）', 'tenji_trigger': '展示確認: ヒモ分散レース。1号艇伸び確認後、広めのヒモ流しを採用。穴ヒモ（5・6号艇）を積極的に含める。'}",,,33.5,逃げ狙い,31.27,32.5,2,,,,,,,,,,,
2025-11-19,丸亀,11,1,新田雄史,A1,31.11,1,◎,61.4626,,0,97.1,0.1271,2.8971,,,0,低,30,0,逃1%,22411,0,100,1.575,0.6667,,,,,0.0833,0.0833,0.0833,◎,,C,,,,0.625,,0.6257,S,97,0,◎1着固定 2-3着流し（5〜8点）,0.5777,"{'is_target': True, 'verdict': '参加推奨', 'max_combo_prob': 0.0601, 'est_top_odds': 22.2, 'circle_concentration': 62.8, 'eligible_count': 6, 'bet_adj': 2, 'reason': 'rel_win1=61.5%（本命度） / 最有力組み合わせ確率: 0.060（推定実オッズ?22倍） / 2着集中度: 上位2艇 62.8%（補正+0.00） / 総合判定確率: 0.060 / → ヒモ分散。1号艇1着固定で広めのヒモ流し推奨（買い目+2点）', 'tenji_trigger': '展示確認: ヒモ分散レース。1号艇伸び確認後、広めのヒモ流しを採用。穴ヒモ（5・6号艇）を積極的に含める。\n展示で1号艇スタート超安定(0.127秒)→ヒモ固まり方向に注意'}",,,28.1,逃げ狙い,20.47,26.2,4,,,,,0,0,0.7559,0,,逃げ軸流し,A
2025-11-19,丸亀,11,2,一色凌雅,B1,38.64,2,○,13.0822,27.5,100,58.1,0.1763,3.9419,,,0,低,122,0,差0%,321,0,33.4,0.96,0,0.08,0,0,0,0.075,0.3,0.175,,,A,,,0.0673,0.6015,,0.6257,S,97,0,◎1着固定 2-3着流し（5〜8点）,0.5777,"{'is_target': True, 'verdict': '参加推奨', 'max_combo_prob': 0.0601, 'est_top_odds': 22.2, 'circle_concentration': 62.8, 'eligible_count': 6, 'bet_adj': 2, 'reason': 'rel_win1=61.5%（本命度） / 最有力組み合わせ確率: 0.060（推定実オッズ?22倍） / 2着集中度: 上位2艇 62.8%（補正+0.00） / 総合判定確率: 0.060 / → ヒモ分散。1号艇1着固定で広めのヒモ流し推奨（買い目+2点）', 'tenji_trigger': '展示確認: ヒモ分散レース。1号艇伸び確認後、広めのヒモ流しを採用。穴ヒモ（5・6号艇）を積極的に含める。\n展示で1号艇スタート超安定(0.127秒)→ヒモ固まり方向に注意'}",,,28.1,逃げ狙い,20.47,26.2,4,,,,,,,,,,,
2025-11-19,丸亀,11,3,桑原将光,A2,16.67,3,,9.3709,28.5,92,57.5,0.1599,3.1438,,,0,低,130,0,-,332 1,0,54.5,0.8348,0,0.0769,0.0769,0.0385,0.0385,0.2429,0.4857,0.0714,,,E,○,,0.1335,0.6525,,0.6257,S,97,0,◎1着固定 2-3着流し（5〜8点）,0.5777,"{'is_target': True, 'verdict': '参加推奨', 'max_combo_prob': 0.0601, 'est_top_odds': 22.2, 'circle_concentration': 62.8, 'eligible_count': 6, 'bet_adj': 2, 'reason': 'rel_win1=61.5%（本命度） / 最有力組み合わせ確率: 0.060（推定実オッズ?22倍） / 2着集中度: 上位2艇 62.8%（補正+0.00） / 総合判定確率: 0.060 / → ヒモ分散。1号艇1着固定で広めのヒモ流し推奨（買い目+2点）', 'tenji_trigger': '展示確認: ヒモ分散レース。1号艇伸び確認後、広めのヒモ流しを採用。穴ヒモ（5・6号艇）を積極的に含める。\n展示で1号艇スタート超安定(0.127秒)→ヒモ固まり方向に注意'}",,,28.1,逃げ狙い,20.47,26.2,4,,,,,,,,,,,
2025-11-19,丸亀,11,4,守屋美穂,A1,21.21,4,△,10.4732,34.2,60,83.3,0.1411,3.1667,,,0,低,37,0,ま0% 差ま0%,31615,0,77.3,1.5968,0,0,0.125,0.1875,0,0.1722,0.1944,0.0222,,,D,△,◎,0.2761,0.629,0.5137,0.6257,S,97,0,◎1着固定 2-3着流し（5〜8点）,0.5777,"{'is_target': True, 'verdict': '参加推奨', 'max_combo_prob': 0.0601, 'est_top_odds': 22.2, 'circle_concentration': 62.8, 'eligible_count': 6, 'bet_adj': 2, 'reason': 'rel_win1=61.5%（本命度） / 最有力組み合わせ確率: 0.060（推定実オッズ?22倍） / 2着集中度: 上位2艇 62.8%（補正+0.00） / 総合判定確率: 0.060 / → ヒモ分散。1号艇1着固定で広めのヒモ流し推奨（買い目+2点）', 'tenji_trigger': '展示確認: ヒモ分散レース。1号艇伸び確認後、広めのヒモ流しを採用。穴ヒモ（5・6号艇）を積極的に含める。\n展示で1号艇スタート超安定(0.127秒)→ヒモ固まり方向に注意'}",,,28.1,逃げ狙い,20.47,26.2,4,,,,,,,,,,,
2025-11-19,丸亀,11,5,馬野　耀,A2,32.65,5,▲,4.242,6.8,85,60,0.1549,3.7667,,,0,低,78,0,ま1%,16162,0,32.7,0.83,0,0,0.05,0.05,0.05,0.0455,0.1818,0.0909,,,B,△,,0.1982,0.6435,,0.6257,S,97,0,◎1着固定 2-3着流し（5〜8点）,0.5777,"{'is_target': True, 'verdict': '参加推奨', 'max_combo_prob': 0.0601, 'est_top_odds': 22.2, 'circle_concentration': 62.8, 'eligible_count': 6, 'bet_adj': 2, 'reason': 'rel_win1=61.5%（本命度） / 最有力組み合わせ確率: 0.060（推定実オッズ?22倍） / 2着集中度: 上位2艇 62.8%（補正+0.00） / 総合判定確率: 0.060 / → ヒモ分散。1号艇1着固定で広めのヒモ流し推奨（買い目+2点）', 'tenji_trigger': '展示確認: ヒモ分散レース。1号艇伸び確認後、広めのヒモ流しを採用。穴ヒモ（5・6号艇）を積極的に含める。\n展示で1号艇スタート超安定(0.127秒)→ヒモ固まり方向に注意'}",,,28.1,逃げ狙い,20.47,26.2,4,,,,,,,,,,,
2025-11-19,丸亀,11,6,吉田慎二,A2,28.21,6,,1.3692,2.9,73,29.8,0.1893,4.2544,,,0,低,169,0,-,2 2345,0,27,1.2933,0,0.0357,0,0,0,0.039,0.2683,0.0195,,,C,◎,,0.1055,0.662,,0.6257,S,97,0,◎1着固定 2-3着流し（5〜8点）,0.5777,"{'is_target': True, 'verdict': '参加推奨', 'max_combo_prob': 0.0601, 'est_top_odds': 22.2, 'circle_concentration': 62.8, 'eligible_count': 6, 'bet_adj': 2, 'reason': 'rel_win1=61.5%（本命度） / 最有力組み合わせ確率: 0.060（推定実オッズ?22倍） / 2着集中度: 上位2艇 62.8%（補正+0.00） / 総合判定確率: 0.060 / → ヒモ分散。1号艇1着固定で広めのヒモ流し推奨（買い目+2点）', 'tenji_trigger': '展示確認: ヒモ分散レース。1号艇伸び確認後、広めのヒモ流しを採用。穴ヒモ（5・6号艇）を積極的に含める。\n展示で1号艇スタート超安定(0.127秒)→ヒモ固まり方向に注意'}",,,28.1,逃げ狙い,20.47,26.2,4,,,,,,,,,,,
2025-11-19,丸亀,12,1,松本庸平,B1,32.50,1,◎,61.9743,,0,71.1,0.1711,3.8889,,,0,低,228,0,逃0%,2 461,0,66.3,0.9735,0.381,,,,,0.4143,0.0571,0.2071,△,,B,△,,,0.626,,0.2756,A,63,0,◎-○軸 3着3〜4艇流し（10〜15点）,0.5777,"{'is_target': True, 'verdict': '参加推奨', 'max_combo_prob': 0.0647, 'est_top_odds': 20.6, 'circle_concentration': 55.1, 'eligible_count': 8, 'bet_adj': 2, 'reason': 'rel_win1=62.0%（本命度） / 最有力組み合わせ確率: 0.065（推定実オッズ?21倍） / 2着集中度: 上位2艇 55.1%（補正+0.00） / 総合判定確率: 0.065 / → ヒモ分散。1号艇1着固定で広めのヒモ流し推奨（買い目+2点）', 'tenji_trigger': '展示確認: ヒモ分散レース。1号艇伸び確認後、広めのヒモ流しを採用。穴ヒモ（5・6号艇）を積極的に含める。'}",,,30.4,両建て推奨,13.37,39,4,3-1-4|3-1-5|1-3-4|1-3-5|1-2-4|1-4-5|1-4-3,3-1-4|5-1-2|5-1-6|6-1-4|6-1-2|3-1-5|6-4-1|1-3-4|1-3-5|1-2-4|1-4-5|1-4-3,3-1-4:3.65%|3-1-5:2.01%|1-3-4:5.9%|1-3-5:5.5%|1-2-4:4.71%|1-4-5:4.63%|1-4-3:4.48%,3-1-4:B_main|3-1-5:B_main|1-3-4:A|1-3-5:A|1-2-4:A|1-4-5:A|1-4-3:A,7,12,0.4535,1,[!]見送り推奨（主役決まり手「まくり差し」― 逃げ劣勢レースで的中実績なし）,荒れ広め,D
2025-11-19,丸亀,12,2,武藤綾子,B1,34.78,2,△,5.7916,29.6,100,35,0.2203,4.325,,,0,低,118,0,-,654 6,0,93.5,0.6216,,,,,,0.1455,0.2364,0,,,B,,,0.1396,0.5505,,0.2756,A,63,0,◎-○軸 3着3〜4艇流し（10〜15点）,0.5777,"{'is_target': True, 'verdict': '参加推奨', 'max_combo_prob': 0.0647, 'est_top_odds': 20.6, 'circle_concentration': 55.1, 'eligible_count': 8, 'bet_adj': 2, 'reason': 'rel_win1=62.0%（本命度） / 最有力組み合わせ確率: 0.065（推定実オッズ?21倍） / 2着集中度: 上位2艇 55.1%（補正+0.00） / 総合判定確率: 0.065 / → ヒモ分散。1号艇1着固定で広めのヒモ流し推奨（買い目+2点）', 'tenji_trigger': '展示確認: ヒモ分散レース。1号艇伸び確認後、広めのヒモ流しを採用。穴ヒモ（5・6号艇）を積極的に含める。'}",,,30.4,両建て推奨,13.37,39,4,,,,,,,,,,,
2025-11-19,丸亀,12,3,東　健介,B1,30.00,3,▲,11.245,25.4,69,42.5,0.133,2.8191,,,0,低,99,0,-,266 4,0,54.7,1.1733,0,0,0,0.0769,0,0.0667,0.1556,0.5389,,◎,C,○,,0.4973,0.631,,0.2756,A,63,0,◎-○軸 3着3〜4艇流し（10〜15点）,0.5777,"{'is_target': True, 'verdict': '参加推奨', 'max_combo_prob': 0.0647, 'est_top_odds': 20.6, 'circle_concentration': 55.1, 'eligible_count': 8, 'bet_adj': 2, 'reason': 'rel_win1=62.0%（本命度） / 最有力組み合わせ確率: 0.065（推定実オッズ?21倍） / 2着集中度: 上位2艇 55.1%（補正+0.00） / 総合判定確率: 0.065 / → ヒモ分散。1号艇1着固定で広めのヒモ流し推奨（買い目+2点）', 'tenji_trigger': '展示確認: ヒモ分散レース。1号艇伸び確認後、広めのヒモ流しを採用。穴ヒモ（5・6号艇）を積極的に含める。'}",,,30.4,両建て推奨,13.37,39,4,,,,,,,,,,,
2025-11-19,丸亀,12,4,松尾夏海,A1,30.23,4,○,11.878,23.4,83,52.2,0.1513,2.5435,,,0,低,45,0,差ま0%,44662,0,93.4,1.7385,0,0,0,0.125,0,,,,,,C,◎,,0.3903,0.684,,0.2756,A,63,0,◎-○軸 3着3〜4艇流し（10〜15点）,0.5777,"{'is_target': True, 'verdict': '参加推奨', 'max_combo_prob': 0.0647, 'est_top_odds': 20.6, 'circle_concentration': 55.1, 'eligible_count': 8, 'bet_adj': 2, 'reason': 'rel_win1=62.0%（本命度） / 最有力組み合わせ確率: 0.065（推定実オッズ?21倍） / 2着集中度: 上位2艇 55.1%（補正+0.00） / 総合判定確率: 0.065 / → ヒモ分散。1号艇1着固定で広めのヒモ流し推奨（買い目+2点）', 'tenji_trigger': '展示確認: ヒモ分散レース。1号艇伸び確認後、広めのヒモ流しを採用。穴ヒモ（5・6号艇）を積極的に含める。'}",,,30.4,両建て推奨,13.37,39,4,,,,,,,,,,,
2025-11-19,丸亀,12,5,白水勝也,A1,23.53,5,,7.9033,20.7,99,63.5,0.1667,3.3846,,,0,低,134,0,差0% 差ま0%,31563,0,29.2,1.7407,0,0.04,0,0.04,0,0.1045,0.0455,0.0955,,,E,,◎,0.3043,0.604,0.3169,0.2756,A,63,0,◎-○軸 3着3〜4艇流し（10〜15点）,0.5777,"{'is_target': True, 'verdict': '参加推奨', 'max_combo_prob': 0.0647, 'est_top_odds': 20.6, 'circle_concentration': 55.1, 'eligible_count': 8, 'bet_adj': 2, 'reason': 'rel_win1=62.0%（本命度） / 最有力組み合わせ確率: 0.065（推定実オッズ?21倍） / 2着集中度: 上位2艇 55.1%（補正+0.00） / 総合判定確率: 0.065 / → ヒモ分散。1号艇1着固定で広めのヒモ流し推奨（買い目+2点）', 'tenji_trigger': '展示確認: ヒモ分散レース。1号艇伸び確認後、広めのヒモ流しを採用。穴ヒモ（5・6号艇）を積極的に含める。'}",,,30.4,両建て推奨,13.37,39,4,,,,,,,,,,,
2025-11-19,丸亀,12,6,高木圭大,B2,25.00,6,,1.2078,0.8,30,9.3,0.1821,3.6047,,,0,低,107,0,-,4 336,0,29.2,0.575,,,,,,0.0632,0.1842,0.2632,,,D,△,,0.2872,0.606,,0.2756,A,63,0,◎-○軸 3着3〜4艇流し（10〜15点）,0.5777,"{'is_target': True, 'verdict': '参加推奨', 'max_combo_prob': 0.0647, 'est_top_odds': 20.6, 'circle_concentration': 55.1, 'eligible_count': 8, 'bet_adj': 2, 'reason': 'rel_win1=62.0%（本命度） / 最有力組み合わせ確率: 0.065（推定実オッズ?21倍） / 2着集中度: 上位2艇 55.1%（補正+0.00） / 総合判定確率: 0.065 / → ヒモ分散。1号艇1着固定で広めのヒモ流し推奨（買い目+2点）', 'tenji_trigger': '展示確認: ヒモ分散レース。1号艇伸び確認後、広めのヒモ流しを採用。穴ヒモ（5・6号艇）を積極的に含める。'}",,,30.4,両建て推奨,13.37,39,4,,,,,,,,,,,
2025-11-20,丸亀,1,1,浅井　翼,B1,35.71,1,◎,57.2326,,0,42.9,0.1771,3.0238,,,0,低,93,0,逃0%,5 4 55,0,46.2,0.6641,0.0769,,,,,0.3077,0.3077,0.1538,△,,B,,,,0.4745,,0.2237,D,34,1,大荒れ。見送り推奨,0.5777,"{'is_target': True, 'verdict': '点数絞り', 'max_combo_prob': 0.0833, 'est_top_odds': 16.0, 'circle_concentration': 80.1, 'eligible_count': 6, 'bet_adj': 0, 'reason': 'rel_win1=57.2%（本命度） / 最有力組み合わせ確率: 0.083（推定実オッズ?16倍） / 2着集中度: 上位2艇 80.1%（補正+0.04） / 総合判定確率: 0.123 / → ヒモはやや固め。上位2艇以外を切ること', 'tenji_trigger': '展示確認: 1号艇伸び良→そのまま採用。悪→飛び組に差し替え。circle_pct上位2艇に絞り込むこと。'}",,,31.3,両建て推奨,12.37,42.4,2,2-1-3|2-1-5|1-2-3|1-2-5|1-3-2|1-3-5|1-4-2,6-1-3|2-1-3|6-1-4|4-5-6|6-3-1|6-1-5|2-1-5|1-2-3|1-2-5|1-3-2|1-3-5|1-4-2,2-1-3:3.17%|2-1-5:1.68%|1-2-3:8.41%|1-2-5:7.63%|1-3-2:6.67%|1-3-5:5.61%|1-4-2:3.7%,2-1-3:B_main|2-1-5:B_main|1-2-3:A|1-2-5:A|1-3-2:A|1-3-5:A|1-4-2:A,7,12,0.4535,1,[!]見送り推奨（主役決まり手「差し」― 逃げ劣勢レースで的中実績なし）,荒れ広め,D
2025-11-20,丸亀,1,2,山田理央,A2,35.00,2,▲,17.5483,47.9,82,55.3,0.1476,3.2632,,,0,低,62,0,-,62444,0,80.7,1.2893,0,0.0833,0,0,0,0.0444,0.1444,0.0222,,◎,C,△,,0.6143,0.6,,0.2237,D,34,1,大荒れ。見送り推奨,0.5777,"{'is_target': True, 'verdict': '点数絞り', 'max_combo_prob': 0.0833, 'est_top_odds': 16.0, 'circle_concentration': 80.1, 'eligible_count': 6, 'bet_adj': 0, 'reason': 'rel_win1=57.2%（本命度） / 最有力組み合わせ確率: 0.083（推定実オッズ?16倍） / 2着集中度: 上位2艇 80.1%（補正+0.04） / 総合判定確率: 0.123 / → ヒモはやや固め。上位2艇以外を切ること', 'tenji_trigger': '展示確認: 1号艇伸び良→そのまま採用。悪→飛び組に差し替え。circle_pct上位2艇に絞り込むこと。'}",,,31.3,両建て推奨,12.37,42.4,2,,,,,,,,,,,
2025-11-20,丸亀,1,3,片岡秀樹,B1,42.86,3,○,11.9015,32.2,96,50.9,0.1319,3.2018,,,0,低,85,0,差ま0%,6 255,0,54.5,1.0158,0,0,0,0.0455,0,0.2778,0.3889,0.1111,,○,A,◎,,0.5059,0.6405,,0.2237,D,34,1,大荒れ。見送り推奨,0.5777,"{'is_target': True, 'verdict': '点数絞り', 'max_combo_prob': 0.0833, 'est_top_odds': 16.0, 'circle_concentration': 80.1, 'eligible_count': 6, 'bet_adj': 0, 'reason': 'rel_win1=57.2%（本命度） / 最有力組み合わせ確率: 0.083（推定実オッズ?16倍） / 2着集中度: 上位2艇 80.1%（補正+0.04） / 総合判定確率: 0.123 / → ヒモはやや固め。上位2艇以外を切ること', 'tenji_trigger': '展示確認: 1号艇伸び良→そのまま採用。悪→飛び組に差し替え。circle_pct上位2艇に絞り込むこと。'}",,,31.3,両建て推奨,12.37,42.4,2,,,,,,,,,,,
2025-11-20,丸亀,1,4,内山文典,B1,17.14,4,,8.1269,7.1,70,26,0.1628,3.33,,,0,低,123,0,-,3 4 3S,0,38.6,0.6838,,,,,,0.0308,0.1769,0.1769,,△,E,△,,0.4151,0.618,,0.2237,D,34,1,大荒れ。見送り推奨,0.5777,"{'is_target': True, 'verdict': '点数絞り', 'max_combo_prob': 0.0833, 'est_top_odds': 16.0, 'circle_concentration': 80.1, 'eligible_count': 6, 'bet_adj': 0, 'reason': 'rel_win1=57.2%（本命度） / 最有力組み合わせ確率: 0.083（推定実オッズ?16倍） / 2着集中度: 上位2艇 80.1%（補正+0.04） / 総合判定確率: 0.123 / → ヒモはやや固め。上位2艇以外を切ること', 'tenji_trigger': '展示確認: 1号艇伸び良→そのまま採用。悪→飛び組に差し替え。circle_pct上位2艇に絞り込むこと。'}",,,31.3,両建て推奨,12.37,42.4,2,,,,,,,,,,,
2025-11-20,丸亀,1,5,古場輝義,A2,35.42,5,△,3.6689,11.5,100,40,0.1906,4.66,,,0,低,140,0,-,45553,0,61.4,1.034,,,,,,0.04,0.2933,0.3067,,,C,○,,0.3132,0.619,,0.2237,D,34,1,大荒れ。見送り推奨,0.5777,"{'is_target': True, 'verdict': '点数絞り', 'max_combo_prob': 0.0833, 'est_top_odds': 16.0, 'circle_concentration': 80.1, 'eligible_count': 6, 'bet_adj': 0, 'reason': 'rel_win1=57.2%（本命度） / 最有力組み合わせ確率: 0.083（推定実オッズ?16倍） / 2着集中度: 上位2艇 80.1%（補正+0.04） / 総合判定確率: 0.123 / → ヒモはやや固め。上位2艇以外を切ること', 'tenji_trigger': '展示確認: 1号艇伸び良→そのまま採用。悪→飛び組に差し替え。circle_pct上位2艇に絞り込むこと。'}",,,31.3,両建て推奨,12.37,42.4,2,,,,,,,,,,,
2025-11-20,丸亀,1,6,中澤里桜,B2,17.65,6,,1.5217,1.3,63,4.3,0.2217,4.5435,,,0,低,12,0,-,S 6 66,0,24.7,0.5461,,,,,,,,,,,E,,,0.2142,0.4195,,0.2237,D,34,1,大荒れ。見送り推奨,0.5777,"{'is_target': True, 'verdict': '点数絞り', 'max_combo_prob': 0.0833, 'est_top_odds': 16.0, 'circle_concentration': 80.1, 'eligible_count': 6, 'bet_adj': 0, 'reason': 'rel_win1=57.2%（本命度） / 最有力組み合わせ確率: 0.083（推定実オッズ?16倍） / 2着集中度: 上位2艇 80.1%（補正+0.04） / 総合判定確率: 0.123 / → ヒモはやや固め。上位2艇以外を切ること', 'tenji_trigger': '展示確認: 1号艇伸び良→そのまま採用。悪→飛び組に差し替え。circle_pct上位2艇に絞り込むこと。'}",,,31.3,両建て推奨,12.37,42.4,2,,,,,,,,,,,
2025-11-20,丸亀,2,1,高木圭大,B2,25.00,1,◎,44.9419,,0,68.6,0.1366,2.5571,,,0,低,107,0,逃0%,4 336,0,77.8,0.8818,0.4211,,,,,0.0632,0.1842,0.2632,◎,,E,△,,,0.606,,0.5168,B,45,0,◎○△フォーメーション（15〜20点）,0.5777,"{'is_target': False, 'verdict': '対象外', 'max_combo_prob': None, 'est_top_odds': None, 'circle_concentration': None, 'eligible_count': 0, 'bet_adj': 0, 'reason': '1号艇rel_win1 < 45%: 通常判定に委ねる', 'tenji_trigger': ''}",,,28.2,両建て推奨,15.53,30.7,2,,,,,0,0,0.7559,0,,逃げ軸流し,A
2025-11-20,丸亀,2,2,石井伸長,B1,39.53,2,△,16.3741,37.1,100,54.5,0.22,4.4091,,,0,低,79,1,差0% 抜0%,4 2444,0,76.6,0.9481,0,0.0909,0,0,0.0909,0,0.5,0.25,,,C,,,0.0795,0.5655,,0.5168,B,45,0,◎○△フォーメーション（15〜20点）,0.5777,"{'is_target': False, 'verdict': '対象外', 'max_combo_prob': None, 'est_top_odds': None, 'circle_concentration': None, 'eligible_count': 0, 'bet_adj': 0, 'reason': '1号艇rel_win1 < 45%: 通常判定に委ねる', 'tenji_trigger': ''}",,,28.2,両建て推奨,15.53,30.7,2,,,,,,,,,,,
2025-11-20,丸亀,2,3,川田正人,A2,27.27,3,,13.5065,41.1,84,62.7,0.159,3.4328,,,0,低,152,0,-,5551,0,75,1.2706,0,0.0968,0,0.0323,0,0.1373,0.3263,0.0387,,,D,◎,,0.2025,0.614,,0.5168,B,45,0,◎○△フォーメーション（15〜20点）,0.5777,"{'is_target': False, 'verdict': '対象外', 'max_combo_prob': None, 'est_top_odds': None, 'circle_concentration': None, 'eligible_count': 0, 'bet_adj': 0, 'reason': '1号艇rel_win1 < 45%: 通常判定に委ねる', 'tenji_trigger': ''}",,,28.2,両建て推奨,15.53,30.7,2,,,,,,,,,,,
2025-11-20,丸亀,2,4,中尾優香,B1,42.00,4,○,14.1689,8.5,96,36,0.1504,3.02,,,0,低,53,0,ま0% 差ま0%,646 2,0,65.7,1.0655,0,0,0.1667,0.0833,0,0,0.3333,0,,,B,,,0.2989,0.5435,,0.5168,B,45,0,◎○△フォーメーション（15〜20点）,0.5777,"{'is_target': False, 'verdict': '対象外', 'max_combo_prob': None, 'est_top_odds': None, 'circle_concentration': None, 'eligible_count': 0, 'bet_adj': 0, 'reason': '1号艇rel_win1 < 45%: 通常判定に委ねる', 'tenji_trigger': ''}",,,28.2,両建て推奨,15.53,30.7,2,,,,,,,,,,,
2025-11-20,丸亀,2,5,大神康司,A2,48.98,5,▲,7.8349,8.7,79,0,0.18,2,,,0,低,61,1,-,5165,0,35.6,0.7781,,,,,,0.2807,0,0.067,,,A,○,,0.1979,0.6115,,0.5168,B,45,0,◎○△フォーメーション（15〜20点）,0.5777,"{'is_target': False, 'verdict': '対象外', 'max_combo_prob': None, 'est_top_odds': None, 'circle_concentration': None, 'eligible_count': 0, 'bet_adj': 0, 'reason': '1号艇rel_win1 < 45%: 通常判定に委ねる', 'tenji_trigger': ''}",,,28.2,両建て推奨,15.53,30.7,2,,,,,,,,,,,
2025-11-20,丸亀,2,6,一色凌雅,B1,38.64,6,,3.1738,4.6,90,37.1,0.2177,4.8143,,,0,低,122,0,抜0%,321,0,29.6,1.4175,0,0,0,0,0.05,0.075,0.3,0.175,,,C,△,,0.1626,0.6015,,0.5168,B,45,0,◎○△フォーメーション（15〜20点）,0.5777,"{'is_target': False, 'verdict': '対象外', 'max_combo_prob': None, 'est_top_odds': None, 'circle_concentration': None, 'eligible_count': 0, 'bet_adj': 0, 'reason': '1号艇rel_win1 < 45%: 通常判定に委ねる', 'tenji_trigger': ''}",,,28.2,両建て推奨,15.53,30.7,2,,,,,,,,,,,
2025-11-20,丸亀,3,1,坂口貴彦,B1,24.44,1,◎,58.5382,,0,90.9,0.1414,2.9205,,,0,低,134,0,逃0%,6 141,0,92.1,1.2329,0.6471,,,,,0.0471,0.1235,0.1471,◎,,C,△,,,0.591,,0.5334,S,89,0,◎1着固定 2-3着流し（5〜8点）,0.5777,"{'is_target': True, 'verdict': '参加推奨', 'max_combo_prob': 0.0613, 'est_top_odds': 21.8, 'circle_concentration': 54.3, 'eligible_count': 6, 'bet_adj': 2, 'reason': 'rel_win1=58.5%（本命度） / 最有力組み合わせ確率: 0.061（推定実オッズ?22倍） / 2着集中度: 上位2艇 54.3%（補正-0.04） / 総合判定確率: 0.021 / → ヒモ分散。1号艇1着固定で広めのヒモ流し推奨（買い目+2点）', 'tenji_trigger': '展示確認: ヒモ分散レース。1号艇伸び確認後、広めのヒモ流しを採用。穴ヒモ（5・6号艇）を積極的に含める。'}",,,26.6,逃げ狙い,13.22,28.2,4,,,,,0,0,0.7559,0,,逃げ軸流し,A
2025-11-20,丸亀,3,2,大廣咲季,B1,23.33,2,,8.1249,25.2,100,25,0.1567,3.6875,,,0,低,81,0,-,6 556,0,37.9,0.5462,,,,,,0.3333,0.3333,0,,,D,,,0.1745,0.543,,0.5334,S,89,0,◎1着固定 2-3着流し（5〜8点）,0.5777,"{'is_target': True, 'verdict': '参加推奨', 'max_combo_prob': 0.0613, 'est_top_odds': 21.8, 'circle_concentration': 54.3, 'eligible_count': 6, 'bet_adj': 2, 'reason': 'rel_win1=58.5%（本命度） / 最有力組み合わせ確率: 0.061（推定実オッズ?22倍） / 2着集中度: 上位2艇 54.3%（補正-0.04） / 総合判定確率: 0.021 / → ヒモ分散。1号艇1着固定で広めのヒモ流し推奨（買い目+2点）', 'tenji_trigger': '展示確認: ヒモ分散レース。1号艇伸び確認後、広めのヒモ流しを採用。穴ヒモ（5・6号艇）を積極的に含める。'}",,,26.6,逃げ狙い,13.22,28.2,4,,,,,,,,,,,
2025-11-20,丸亀,3,3,西尾亮輔,B1,31.91,3,○,8.7732,26.9,68,32.8,0.173,3.377,,,0,低,145,0,差ま0%,5 3 52,0,13.4,0.3908,0,0,0,0.0385,0,0.12,0.04,0.72,,,B,,,0.1232,0.545,,0.5334,S,89,0,◎1着固定 2-3着流し（5〜8点）,0.5777,"{'is_target': True, 'verdict': '参加推奨', 'max_combo_prob': 0.0613, 'est_top_odds': 21.8, 'circle_concentration': 54.3, 'eligible_count': 6, 'bet_adj': 2, 'reason': 'rel_win1=58.5%（本命度） / 最有力組み合わせ確率: 0.061（推定実オッズ?22倍） / 2着集中度: 上位2艇 54.3%（補正-0.04） / 総合判定確率: 0.021 / → ヒモ分散。1号艇1着固定で広めのヒモ流し推奨（買い目+2点）', 'tenji_trigger': '展示確認: ヒモ分散レース。1号艇伸び確認後、広めのヒモ流しを採用。穴ヒモ（5・6号艇）を積極的に含める。'}",,,26.6,逃げ狙い,13.22,28.2,4,,,,,,,,,,,
2025-11-20,丸亀,3,4,石原　翼,A2,15.15,4,△,15.8801,27.3,78,62.5,0.1352,2.8854,,,0,低,63,0,差0% ま0% 差ま0%,5 134,0,83,1.5279,0,0.0417,0.0417,0.0417,0,0.348,0.032,0.032,,,E,○,◎,0.3144,0.616,0.4667,0.5334,S,89,0,◎1着固定 2-3着流し（5〜8点）,0.5777,"{'is_target': True, 'verdict': '参加推奨', 'max_combo_prob': 0.0613, 'est_top_odds': 21.8, 'circle_concentration': 54.3, 'eligible_count': 6, 'bet_adj': 2, 'reason': 'rel_win1=58.5%（本命度） / 最有力組み合わせ確率: 0.061（推定実オッズ?22倍） / 2着集中度: 上位2艇 54.3%（補正-0.04） / 総合判定確率: 0.021 / → ヒモ分散。1号艇1着固定で広めのヒモ流し推奨（買い目+2点）', 'tenji_trigger': '展示確認: ヒモ分散レース。1号艇伸び確認後、広めのヒモ流しを採用。穴ヒモ（5・6号艇）を積極的に含める。'}",,,26.6,逃げ狙い,13.22,28.2,4,,,,,,,,,,,
2025-11-20,丸亀,3,5,深川和仁,A2,21.88,5,,6.3272,17.9,68,40,0.1733,3.3273,,,0,低,130,0,-,44514,0,73.2,1.3429,,,,,,0.2,0.0167,0.05,,,D,△,,0.2114,0.606,,0.5334,S,89,0,◎1着固定 2-3着流し（5〜8点）,0.5777,"{'is_target': True, 'verdict': '参加推奨', 'max_combo_prob': 0.0613, 'est_top_odds': 21.8, 'circle_concentration': 54.3, 'eligible_count': 6, 'bet_adj': 2, 'reason': 'rel_win1=58.5%（本命度） / 最有力組み合わせ確率: 0.061（推定実オッズ?22倍） / 2着集中度: 上位2艇 54.3%（補正-0.04） / 総合判定確率: 0.021 / → ヒモ分散。1号艇1着固定で広めのヒモ流し推奨（買い目+2点）', 'tenji_trigger': '展示確認: ヒモ分散レース。1号艇伸び確認後、広めのヒモ流しを採用。穴ヒモ（5・6号艇）を積極的に含める。'}",,,26.6,逃げ狙い,13.22,28.2,4,,,,,,,,,,,
2025-11-20,丸亀,3,6,松本庸平,B1,32.50,6,▲,2.3564,2.6,25,7.8,0.2084,4.8725,,,0,低,228,0,-,2 461,0,27,0.8489,,,,,,0.4143,0.0571,0.2071,,,B,◎,,0.135,0.626,,0.5334,S,89,0,◎1着固定 2-3着流し（5〜8点）,0.5777,"{'is_target': True, 'verdict': '参加推奨', 'max_combo_prob': 0.0613, 'est_top_odds': 21.8, 'circle_concentration': 54.3, 'eligible_count': 6, 'bet_adj': 2, 'reason': 'rel_win1=58.5%（本命度） / 最有力組み合わせ確率: 0.061（推定実オッズ?22倍） / 2着集中度: 上位2艇 54.3%（補正-0.04） / 総合判定確率: 0.021 / → ヒモ分散。1号艇1着固定で広めのヒモ流し推奨（買い目+2点）', 'tenji_trigger': '展示確認: ヒモ分散レース。1号艇伸び確認後、広めのヒモ流しを採用。穴ヒモ（5・6号艇）を積極的に含める。'}",,,26.6,逃げ狙い,13.22,28.2,4,,,,,,,,,,,
2025-11-20,丸亀,4,1,馬野　耀,A2,32.65,1,◎,51.8391,,0,86.3,0.1586,3.1569,,,0,低,78,0,逃1%,16162,0,85.8,1.0912,0.6364,,,,,0.0455,0.1818,0.0909,◎,,C,○,,,0.6435,,0.4906,A,71,0,◎-○軸 3着3〜4艇流し（10〜15点）,0.5777,"{'is_target': True, 'verdict': '点数絞り', 'max_combo_prob': 0.121, 'est_top_odds': 11.0, 'circle_concentration': 76.2, 'eligible_count': 8, 'bet_adj': 0, 'reason': 'rel_win1=51.8%（本命度） / 最有力組み合わせ確率: 0.121（推定実オッズ?11倍） / 2着集中度: 上位2艇 76.2%（補正+0.04） / 総合判定確率: 0.161 / → ヒモはやや固め。上位2艇以外を切ること', 'tenji_trigger': '展示確認: 1号艇伸び良→そのまま採用。悪→飛び組に差し替え。circle_pct上位2艇に絞り込むこと。'}",,,29.2,逃げ狙い,20.95,29.1,2,,,,,0,0,0.7559,0,,逃げ軸流し,A
2025-11-20,丸亀,4,2,青木　蓮,A2,35.71,2,○,21.9377,53.7,73,68.2,0.1518,2.9886,,,0,低,73,0,ま0%,13142,0,68.1,1.2033,0,0,0.2,0,0,0.02,0.24,0.04,,◎,B,△,,0.3985,0.589,,0.4906,A,71,0,◎-○軸 3着3〜4艇流し（10〜15点）,0.5777,"{'is_target': True, 'verdict': '点数絞り', 'max_combo_prob': 0.121, 'est_top_odds': 11.0, 'circle_concentration': 76.2, 'eligible_count': 8, 'bet_adj': 0, 'reason': 'rel_win1=51.8%（本命度） / 最有力組み合わせ確率: 0.121（推定実オッズ?11倍） / 2着集中度: 上位2艇 76.2%（補正+0.04） / 総合判定確率: 0.161 / → ヒモはやや固め。上位2艇以外を切ること', 'tenji_trigger': '展示確認: 1号艇伸び良→そのまま採用。悪→飛び組に差し替え。circle_pct上位2艇に絞り込むこと。'}",,,29.2,逃げ狙い,20.95,29.1,2,,,,,,,,,,,
2025-11-20,丸亀,4,3,藤田浩人,A2,18.18,3,,12.1019,22.5,100,69.2,0.1635,3.4692,,,0,低,147,0,-,562 2,0,49.3,0.9979,0,0,0.0323,0.0968,0,0.1,0.0273,0.0182,,,E,◎,,0.2721,0.653,,0.4906,A,71,0,◎-○軸 3着3〜4艇流し（10〜15点）,0.5777,"{'is_target': True, 'verdict': '点数絞り', 'max_combo_prob': 0.121, 'est_top_odds': 11.0, 'circle_concentration': 76.2, 'eligible_count': 8, 'bet_adj': 0, 'reason': 'rel_win1=51.8%（本命度） / 最有力組み合わせ確率: 0.121（推定実オッズ?11倍） / 2着集中度: 上位2艇 76.2%（補正+0.04） / 総合判定確率: 0.161 / → ヒモはやや固め。上位2艇以外を切ること', 'tenji_trigger': '展示確認: 1号艇伸び良→そのまま採用。悪→飛び組に差し替え。circle_pct上位2艇に絞り込むこと。'}",,,29.2,逃げ狙い,20.95,29.1,2,,,,,,,,,,,
2025-11-20,丸亀,4,4,清水紀克,B1,48.00,4,▲,10.2273,19.5,61,,,,,,0,低,53,1,-,2 654,0,,,,,,,,,,,,,A,△,◎,0.3116,0.575,0.15,0.4906,A,71,0,◎-○軸 3着3〜4艇流し（10〜15点）,0.5777,"{'is_target': True, 'verdict': '点数絞り', 'max_combo_prob': 0.121, 'est_top_odds': 11.0, 'circle_concentration': 76.2, 'eligible_count': 8, 'bet_adj': 0, 'reason': 'rel_win1=51.8%（本命度） / 最有力組み合わせ確率: 0.121（推定実オッズ?11倍） / 2着集中度: 上位2艇 76.2%（補正+0.04） / 総合判定確率: 0.161 / → ヒモはやや固め。上位2艇以外を切ること', 'tenji_trigger': '展示確認: 1号艇伸び良→そのまま採用。悪→飛び組に差し替え。circle_pct上位2艇に絞り込むこと。'}",,,29.2,逃げ狙い,20.95,29.1,2,,,,,,,,,,,
2025-11-20,丸亀,4,5,武藤綾子,B1,34.78,5,△,2.9461,3.9,44,15.2,0.1891,4.2273,,,0,低,118,0,-,654 6,0,33.5,0.656,,,,,,0.1455,0.2364,0,,,C,,,0.213,0.5505,,0.4906,A,71,0,◎-○軸 3着3〜4艇流し（10〜15点）,0.5777,"{'is_target': True, 'verdict': '点数絞り', 'max_combo_prob': 0.121, 'est_top_odds': 11.0, 'circle_concentration': 76.2, 'eligible_count': 8, 'bet_adj': 0, 'reason': 'rel_win1=51.8%（本命度） / 最有力組み合わせ確率: 0.121（推定実オッズ?11倍） / 2着集中度: 上位2艇 76.2%（補正+0.04） / 総合判定確率: 0.161 / → ヒモはやや固め。上位2艇以外を切ること', 'tenji_trigger': '展示確認: 1号艇伸び良→そのまま採用。悪→飛び組に差し替え。circle_pct上位2艇に絞り込むこと。'}",,,29.2,逃げ狙い,20.95,29.1,2,,,,,,,,,,,
2025-11-20,丸亀,4,6,中山鷹輔,B2,21.05,6,,0.9479,0.4,25,3.6,0.208,4.3727,,,0,低,36,0,-,333 6,0,15.5,0.44,,,,,,,,,,,E,,,0.1528,0.5505,,0.4906,A,71,0,◎-○軸 3着3〜4艇流し（10〜15点）,0.5777,"{'is_target': True, 'verdict': '点数絞り', 'max_combo_prob': 0.121, 'est_top_odds': 11.0, 'circle_concentration': 76.2, 'eligible_count': 8, 'bet_adj': 0, 'reason': 'rel_win1=51.8%（本命度） / 最有力組み合わせ確率: 0.121（推定実オッズ?11倍） / 2着集中度: 上位2艇 76.2%（補正+0.04） / 総合判定確率: 0.161 / → ヒモはやや固め。上位2艇以外を切ること', 'tenji_trigger': '展示確認: 1号艇伸び良→そのまま採用。悪→飛び組に差し替え。circle_pct上位2艇に絞り込むこと。'}",,,29.2,逃げ狙い,20.95,29.1,2,,,,,,,,,,,
2025-11-20,丸亀,5,1,安河内健,A1,43.24,1,◎,62.5822,,0,96.4,0.1562,3.1518,,,0,低,76,0,逃1%,1S3131,0,91.9,1.2369,0.871,,,,,0.1758,0,0.0129,◎,,B,○,,,0.6435,,0.5536,S,94,0,◎1着固定 2-3着流し（5〜8点）,0.5777,"{'is_target': True, 'verdict': '参加推奨', 'max_combo_prob': 0.0835, 'est_top_odds': 16.0, 'circle_concentration': 64.3, 'eligible_count': 6, 'bet_adj': 2, 'reason': 'rel_win1=62.6%（本命度） / 最有力組み合わせ確率: 0.084（推定実オッズ?16倍） / 2着集中度: 上位2艇 64.3%（補正+0.00） / 総合判定確率: 0.084 / → ヒモ分散。1号艇1着固定で広めのヒモ流し推奨（買い目+2点）', 'tenji_trigger': '展示確認: ヒモ分散レース。1号艇伸び確認後、広めのヒモ流しを採用。穴ヒモ（5・6号艇）を積極的に含める。'}",,,26,逃げ狙い,11.5,28,3,,,,,0,0,0.7559,0,,逃げ軸流し,A
2025-11-20,丸亀,5,2,古場輝義,A2,35.42,2,△,10.076,45.3,91,69.6,0.1871,3.7464,,,0,低,140,0,差0% ま0%,45553,0,32.5,1.1029,0,0.037,0.037,0,0,0.04,0.2933,0.3067,,,C,△,,0.0572,0.619,,0.5536,S,94,0,◎1着固定 2-3着流し（5〜8点）,0.5777,"{'is_target': True, 'verdict': '参加推奨', 'max_combo_prob': 0.0835, 'est_top_odds': 16.0, 'circle_concentration': 64.3, 'eligible_count': 6, 'bet_adj': 2, 'reason': 'rel_win1=62.6%（本命度） / 最有力組み合わせ確率: 0.084（推定実オッズ?16倍） / 2着集中度: 上位2艇 64.3%（補正+0.00） / 総合判定確率: 0.084 / → ヒモ分散。1号艇1着固定で広めのヒモ流し推奨（買い目+2点）', 'tenji_trigger': '展示確認: ヒモ分散レース。1号艇伸び確認後、広めのヒモ流しを採用。穴ヒモ（5・6号艇）を積極的に含める。'}",,,26,逃げ狙い,11.5,28,3,,,,,,,,,,,
2025-11-20,丸亀,5,3,東　健介,B1,30.00,3,▲,9.4263,18.6,68,42.5,0.133,2.8191,,,0,低,99,0,-,266 4,0,61.6,1.1217,0,0,0,0.0769,0,0.0667,0.1556,0.5389,,◎,D,△,,0.4117,0.631,,0.5536,S,94,0,◎1着固定 2-3着流し（5〜8点）,0.5777,"{'is_target': True, 'verdict': '参加推奨', 'max_combo_prob': 0.0835, 'est_top_odds': 16.0, 'circle_concentration': 64.3, 'eligible_count': 6, 'bet_adj': 2, 'reason': 'rel_win1=62.6%（本命度） / 最有力組み合わせ確率: 0.084（推定実オッズ?16倍） / 2着集中度: 上位2艇 64.3%（補正+0.00） / 総合判定確率: 0.084 / → ヒモ分散。1号艇1着固定で広めのヒモ流し推奨（買い目+2点）', 'tenji_trigger': '展示確認: ヒモ分散レース。1号艇伸び確認後、広めのヒモ流しを採用。穴ヒモ（5・6号艇）を積極的に含める。'}",,,26,逃げ狙い,11.5,28,3,,,,,,,,,,,
2025-11-20,丸亀,5,4,西丸敦基,B1,24.32,4,,9.7648,19.1,75,46.3,0.1715,3.6852,,,0,低,113,0,-,3 5 3,0,78.5,1.5243,0,0.0476,0.0476,0.0476,0,0.0333,0.0667,0.3,,,D,,◎,0.2318,0.6165,0.2029,0.5536,S,94,0,◎1着固定 2-3着流し（5〜8点）,0.5777,"{'is_target': True, 'verdict': '参加推奨', 'max_combo_prob': 0.0835, 'est_top_odds': 16.0, 'circle_concentration': 64.3, 'eligible_count': 6, 'bet_adj': 2, 'reason': 'rel_win1=62.6%（本命度） / 最有力組み合わせ確率: 0.084（推定実オッズ?16倍） / 2着集中度: 上位2艇 64.3%（補正+0.00） / 総合判定確率: 0.084 / → ヒモ分散。1号艇1着固定で広めのヒモ流し推奨（買い目+2点）', 'tenji_trigger': '展示確認: ヒモ分散レース。1号艇伸び確認後、広めのヒモ流しを採用。穴ヒモ（5・6号艇）を積極的に含める。'}",,,26,逃げ狙い,11.5,28,3,,,,,,,,,,,
2025-11-20,丸亀,5,5,枝尾　賢,B2,44.00,5,○,4.9063,11.1,100,46.9,0.1391,3.5625,,,0,低,61,0,差ま0%,3 235,0,34.8,1.3136,0,0,0,0.0435,0,0.1828,0.0421,0.0967,,,A,△,,0.3379,0.631,,0.5536,S,94,0,◎1着固定 2-3着流し（5〜8点）,0.5777,"{'is_target': True, 'verdict': '参加推奨', 'max_combo_prob': 0.0835, 'est_top_odds': 16.0, 'circle_concentration': 64.3, 'eligible_count': 6, 'bet_adj': 2, 'reason': 'rel_win1=62.6%（本命度） / 最有力組み合わせ確率: 0.084（推定実オッズ?16倍） / 2着集中度: 上位2艇 64.3%（補正+0.00） / 総合判定確率: 0.084 / → ヒモ分散。1号艇1着固定で広めのヒモ流し推奨（買い目+2点）', 'tenji_trigger': '展示確認: ヒモ分散レース。1号艇伸び確認後、広めのヒモ流しを採用。穴ヒモ（5・6号艇）を積極的に含める。'}",,,26,逃げ狙い,11.5,28,3,,,,,,,,,,,
2025-11-20,丸亀,5,6,桑原将光,A2,16.67,6,,3.2445,6,96,43.3,0.1515,3.5373,,,0,低,130,0,-,332 1,0,89,1.7764,0,0,0,0.0357,0,0.2429,0.4857,0.0714,,,E,◎,,0.2979,0.6525,,0.5536,S,94,0,◎1着固定 2-3着流し（5〜8点）,0.5777,"{'is_target': True, 'verdict': '参加推奨', 'max_combo_prob': 0.0835, 'est_top_odds': 16.0, 'circle_concentration': 64.3, 'eligible_count': 6, 'bet_adj': 2, 'reason': 'rel_win1=62.6%（本命度） / 最有力組み合わせ確率: 0.084（推定実オッズ?16倍） / 2着集中度: 上位2艇 64.3%（補正+0.00） / 総合判定確率: 0.084 / → ヒモ分散。1号艇1着固定で広めのヒモ流し推奨（買い目+2点）', 'tenji_trigger': '展示確認: ヒモ分散レース。1号艇伸び確認後、広めのヒモ流しを採用。穴ヒモ（5・6号艇）を積極的に含める。'}",,,26,逃げ狙い,11.5,28,3,,,,,,,,,,,
2025-11-20,丸亀,6,1,川北浩貴,A2,22.86,1,◎,56.3245,,0,87.6,0.1571,2.8557,,,0,低,146,0,-,413 3,0,89.8,1.1878,0.4865,,,,,0.1399,0.2257,0.0541,◎,,E,○,,,0.6565,,0.505,S,84,0,◎1着固定 2-3着流し（5〜8点）,0.5777,"{'is_target': True, 'verdict': '参加推奨', 'max_combo_prob': 0.0649, 'est_top_odds': 20.6, 'circle_concentration': 58.9, 'eligible_count': 6, 'bet_adj': 2, 'reason': 'rel_win1=56.3%（本命度） / 最有力組み合わせ確率: 0.065（推定実オッズ?21倍） / 2着集中度: 上位2艇 58.9%（補正+0.00） / 総合判定確率: 0.065 / → ヒモ分散。1号艇1着固定で広めのヒモ流し推奨（買い目+2点）', 'tenji_trigger': '展示確認: ヒモ分散レース。1号艇伸び確認後、広めのヒモ流しを採用。穴ヒモ（5・6号艇）を積極的に含める。'}",,,28.1,逃げ狙い,13.02,32.6,2,,,,,0,0,0.7559,0,,逃げ軸流し,A
2025-11-20,丸亀,6,2,内山文典,B1,17.14,2,,13.1874,40.3,100,49.1,0.1658,3.5932,,,0,低,123,0,差0% ま0% 抜0%,3 4 3S,0,42.5,0.836,0,0.0385,0.0769,0,0.0385,0.0308,0.1769,0.1769,,,E,△,,0.246,0.618,,0.505,S,84,0,◎1着固定 2-3着流し（5〜8点）,0.5777,"{'is_target': True, 'verdict': '参加推奨', 'max_combo_prob': 0.0649, 'est_top_odds': 20.6, 'circle_concentration': 58.9, 'eligible_count': 6, 'bet_adj': 2, 'reason': 'rel_win1=56.3%（本命度） / 最有力組み合わせ確率: 0.065（推定実オッズ?21倍） / 2着集中度: 上位2艇 58.9%（補正+0.00） / 総合判定確率: 0.065 / → ヒモ分散。1号艇1着固定で広めのヒモ流し推奨（買い目+2点）', 'tenji_trigger': '展示確認: ヒモ分散レース。1号艇伸び確認後、広めのヒモ流しを採用。穴ヒモ（5・6号艇）を積極的に含める。'}",,,28.1,逃げ狙い,13.02,32.6,2,,,,,,,,,,,
2025-11-20,丸亀,6,3,小澤　学,B1,28.89,3,,7.7575,16.1,63,21.7,0.2409,5.4565,,,0,低,319,0,差0% ま0%,145 3,0,11.3,0.5983,0,0.0303,0.0303,0,0,0.4667,0.4222,0.0222,,,D,,,0.1357,0.59,,0.505,S,84,0,◎1着固定 2-3着流し（5〜8点）,0.5777,"{'is_target': True, 'verdict': '参加推奨', 'max_combo_prob': 0.0649, 'est_top_odds': 20.6, 'circle_concentration': 58.9, 'eligible_count': 6, 'bet_adj': 2, 'reason': 'rel_win1=56.3%（本命度） / 最有力組み合わせ確率: 0.065（推定実オッズ?21倍） / 2着集中度: 上位2艇 58.9%（補正+0.00） / 総合判定確率: 0.065 / → ヒモ分散。1号艇1着固定で広めのヒモ流し推奨（買い目+2点）', 'tenji_trigger': '展示確認: ヒモ分散レース。1号艇伸び確認後、広めのヒモ流しを採用。穴ヒモ（5・6号艇）を積極的に含める。'}",,,28.1,逃げ狙い,13.02,32.6,2,,,,,,,,,,,
2025-11-20,丸亀,6,4,大神康司,A2,48.98,4,▲,8.1881,18.6,81,25,0.1725,3.9375,,,0,低,61,1,-,5165,0,40,0.7015,,,,,,0.2807,0,0.067,,,A,△,,0.2878,0.6115,,0.505,S,84,0,◎1着固定 2-3着流し（5〜8点）,0.5777,"{'is_target': True, 'verdict': '参加推奨', 'max_combo_prob': 0.0649, 'est_top_odds': 20.6, 'circle_concentration': 58.9, 'eligible_count': 6, 'bet_adj': 2, 'reason': 'rel_win1=56.3%（本命度） / 最有力組み合わせ確率: 0.065（推定実オッズ?21倍） / 2着集中度: 上位2艇 58.9%（補正+0.00） / 総合判定確率: 0.065 / → ヒモ分散。1号艇1着固定で広めのヒモ流し推奨（買い目+2点）', 'tenji_trigger': '展示確認: ヒモ分散レース。1号艇伸び確認後、広めのヒモ流しを採用。穴ヒモ（5・6号艇）を積極的に含める。'}",,,28.1,逃げ狙い,13.02,32.6,2,,,,,,,,,,,
2025-11-20,丸亀,6,5,森林　太,B1,37.50,5,△,7.7144,10.7,82,30.3,0.2191,4.5833,,,0,低,204,0,-,564 6,0,62.2,1.3393,0,0,0,0.0385,0,0.0667,0.3556,0.1222,,,C,,,0.1385,0.555,,0.505,S,84,0,◎1着固定 2-3着流し（5〜8点）,0.5777,"{'is_target': True, 'verdict': '参加推奨', 'max_combo_prob': 0.0649, 'est_top_odds': 20.6, 'circle_concentration': 58.9, 'eligible_count': 6, 'bet_adj': 2, 'reason': 'rel_win1=56.3%（本命度） / 最有力組み合わせ確率: 0.065（推定実オッズ?21倍） / 2着集中度: 上位2艇 58.9%（補正+0.00） / 総合判定確率: 0.065 / → ヒモ分散。1号艇1着固定で広めのヒモ流し推奨（買い目+2点）', 'tenji_trigger': '展示確認: ヒモ分散レース。1号艇伸び確認後、広めのヒモ流しを採用。穴ヒモ（5・6号艇）を積極的に含める。'}",,,28.1,逃げ狙い,13.02,32.6,2,,,,,,,,,,,
2025-11-20,丸亀,6,6,吉永則雄,A1,53.19,6,○,6.8281,14.3,61,39.3,0.1321,2.9643,,,0,低,112,0,差0%,13131,0,38.8,0.7378,0,0.0625,0,0,0,0.0896,0.0635,0.1184,,◎,A,◎,,0.4009,0.696,,0.505,S,84,0,◎1着固定 2-3着流し（5〜8点）,0.5777,"{'is_target': True, 'verdict': '参加推奨', 'max_combo_prob': 0.0649, 'est_top_odds': 20.6, 'circle_concentration': 58.9, 'eligible_count': 6, 'bet_adj': 2, 'reason': 'rel_win1=56.3%（本命度） / 最有力組み合わせ確率: 0.065（推定実オッズ?21倍） / 2着集中度: 上位2艇 58.9%（補正+0.00） / 総合判定確率: 0.065 / → ヒモ分散。1号艇1着固定で広めのヒモ流し推奨（買い目+2点）', 'tenji_trigger': '展示確認: ヒモ分散レース。1号艇伸び確認後、広めのヒモ流しを採用。穴ヒモ（5・6号艇）を積極的に含める。'}",,,28.1,逃げ狙い,13.02,32.6,2,,,,,,,,,,,
2025-11-20,丸亀,7,1,中尾優香,B1,42.00,1,◎,62.5204,,0,60,0.1367,3.0667,,,0,低,53,0,逃1%,646 2,0,49,0.861,0.6667,,,,,0,0.3333,0,◎⚠️,,B,,,,0.5435,,0.5006,B,59,0,◎○△フォーメーション（15〜20点）,0.5777,"{'is_target': True, 'verdict': '参加推奨', 'max_combo_prob': 0.1022, 'est_top_odds': 13.1, 'circle_concentration': 68.8, 'eligible_count': 9, 'bet_adj': 2, 'reason': 'rel_win1=62.5%（本命度） / 最有力組み合わせ確率: 0.102（推定実オッズ?13倍） / 2着集中度: 上位2艇 68.8%（補正+0.00） / 総合判定確率: 0.102 / → ヒモ分散。1号艇1着固定で広めのヒモ流し推奨（買い目+2点）', 'tenji_trigger': '展示確認: ヒモ分散レース。1号艇伸び確認後、広めのヒモ流しを採用。穴ヒモ（5・6号艇）を積極的に含める。\n展示で1号艇スタート超安定(0.137秒)→ヒモ固まり方向に注意'}",,,27.9,両建て推奨,15.78,29.6,4,6-1-2|6-1-3|6-2-1|6-1-4|6-3-1|6-2-3|6-3-2|6-1-5|1-2-6|1-2-3|1-2-5|1-3-6,6-1-2|6-1-3|6-2-1|6-1-4|6-3-1|6-2-3|6-3-2|6-1-5|1-2-6|1-2-3|1-2-5|1-3-6,6-1-2:1.87%|6-1-3:1.1%|6-2-1:0.97%|6-1-4:0.67%|6-3-1:0.51%|6-2-3:0.47%|6-3-2:0.41%|6-1-5:10.36%|1-2-6:4.91%|1-2-3:4.62%|1-2-5:4.51%|1-3-6:3.78%,6-1-2:B_main|6-1-3:B_main|6-2-1:B_main|6-1-4:B_main|6-3-1:B_main|6-2-3:B_main|6-3-2:B_main|6-1-5:B_sc|1-2-6:A|1-2-3:A|1-2-5:A|1-3-6:A,12,12,0.4535,1,[!]見送り推奨（主役決まり手「まくり差し」― 逃げ劣勢レースで的中実績なし）,主役軸流し,B
2025-11-20,丸亀,7,2,松尾夏海,A1,30.23,2,,13.5156,46.2,79,64.5,0.1616,3.2903,,,0,低,45,0,-,44662,0,41.3,1.0347,0,0.1,0,0,0,,,,,,D,◎,,0.0732,0.684,,0.5006,B,59,0,◎○△フォーメーション（15〜20点）,0.5777,"{'is_target': True, 'verdict': '参加推奨', 'max_combo_prob': 0.1022, 'est_top_odds': 13.1, 'circle_concentration': 68.8, 'eligible_count': 9, 'bet_adj': 2, 'reason': 'rel_win1=62.5%（本命度） / 最有力組み合わせ確率: 0.102（推定実オッズ?13倍） / 2着集中度: 上位2艇 68.8%（補正+0.00） / 総合判定確率: 0.102 / → ヒモ分散。1号艇1着固定で広めのヒモ流し推奨（買い目+2点）', 'tenji_trigger': '展示確認: ヒモ分散レース。1号艇伸び確認後、広めのヒモ流しを採用。穴ヒモ（5・6号艇）を積極的に含める。\n展示で1号艇スタート超安定(0.137秒)→ヒモ固まり方向に注意'}",,,27.9,両建て推奨,15.78,29.6,4,,,,,,,,,,,
2025-11-20,丸亀,7,3,大廣咲季,B1,23.33,3,▲,6.4506,22.5,78,30.3,0.1361,3.0909,,,0,低,81,0,-,6 556,0,66.9,1.5681,0,0,0.0455,0,0,0.3333,0.3333,0,,,D,,,0.2862,0.543,,0.5006,B,59,0,◎○△フォーメーション（15〜20点）,0.5777,"{'is_target': True, 'verdict': '参加推奨', 'max_combo_prob': 0.1022, 'est_top_odds': 13.1, 'circle_concentration': 68.8, 'eligible_count': 9, 'bet_adj': 2, 'reason': 'rel_win1=62.5%（本命度） / 最有力組み合わせ確率: 0.102（推定実オッズ?13倍） / 2着集中度: 上位2艇 68.8%（補正+0.00） / 総合判定確率: 0.102 / → ヒモ分散。1号艇1着固定で広めのヒモ流し推奨（買い目+2点）', 'tenji_trigger': '展示確認: ヒモ分散レース。1号艇伸び確認後、広めのヒモ流しを採用。穴ヒモ（5・6号艇）を積極的に含める。\n展示で1号艇スタート超安定(0.137秒)→ヒモ固まり方向に注意'}",,,27.9,両建て推奨,15.78,29.6,4,,,,,,,,,,,
2025-11-20,丸亀,7,4,小野生奈,A1,47.83,4,○,9.3332,12.2,62,30,0.159,3.225,,,0,低,35,0,-,12365,0,27.4,0.7949,,,,,,0.0714,0,0.1429,,,A,△,,0.2267,0.625,,0.5006,B,59,0,◎○△フォーメーション（15〜20点）,0.5777,"{'is_target': True, 'verdict': '参加推奨', 'max_combo_prob': 0.1022, 'est_top_odds': 13.1, 'circle_concentration': 68.8, 'eligible_count': 9, 'bet_adj': 2, 'reason': 'rel_win1=62.5%（本命度） / 最有力組み合わせ確率: 0.102（推定実オッズ?13倍） / 2着集中度: 上位2艇 68.8%（補正+0.00） / 総合判定確率: 0.102 / → ヒモ分散。1号艇1着固定で広めのヒモ流し推奨（買い目+2点）', 'tenji_trigger': '展示確認: ヒモ分散レース。1号艇伸び確認後、広めのヒモ流しを採用。穴ヒモ（5・6号艇）を積極的に含める。\n展示で1号艇スタート超安定(0.137秒)→ヒモ固まり方向に注意'}",,,27.9,両建て推奨,15.78,29.6,4,,,,,,,,,,,
2025-11-20,丸亀,7,5,山田理央,A2,35.00,5,△,2.851,7.6,100,52.9,0.1591,3.1912,,,0,低,62,0,-,62444,0,39.7,0.9988,,,,,,0.0444,0.1444,0.0222,,,C,△,,0.2387,0.6,,0.5006,B,59,0,◎○△フォーメーション（15〜20点）,0.5777,"{'is_target': True, 'verdict': '参加推奨', 'max_combo_prob': 0.1022, 'est_top_odds': 13.1, 'circle_concentration': 68.8, 'eligible_count': 9, 'bet_adj': 2, 'reason': 'rel_win1=62.5%（本命度） / 最有力組み合わせ確率: 0.102（推定実オッズ?13倍） / 2着集中度: 上位2艇 68.8%（補正+0.00） / 総合判定確率: 0.102 / → ヒモ分散。1号艇1着固定で広めのヒモ流し推奨（買い目+2点）', 'tenji_trigger': '展示確認: ヒモ分散レース。1号艇伸び確認後、広めのヒモ流しを採用。穴ヒモ（5・6号艇）を積極的に含める。\n展示で1号艇スタート超安定(0.137秒)→ヒモ固まり方向に注意'}",,,27.9,両建て推奨,15.78,29.6,4,,,,,,,,,,,
2025-11-20,丸亀,7,6,守屋美穂,A1,21.21,6,,5.3292,11.4,43,53.3,0.16,3.5667,,,0,低,37,0,ま0% 差ま0%,31615,0,99,2.1031,0,0,0.1111,0.1111,0,0.1722,0.1944,0.0222,,,E,○,,0.2381,0.629,,0.5006,B,59,0,◎○△フォーメーション（15〜20点）,0.5777,"{'is_target': True, 'verdict': '参加推奨', 'max_combo_prob': 0.1022, 'est_top_odds': 13.1, 'circle_concentration': 68.8, 'eligible_count': 9, 'bet_adj': 2, 'reason': 'rel_win1=62.5%（本命度） / 最有力組み合わせ確率: 0.102（推定実オッズ?13倍） / 2着集中度: 上位2艇 68.8%（補正+0.00） / 総合判定確率: 0.102 / → ヒモ分散。1号艇1着固定で広めのヒモ流し推奨（買い目+2点）', 'tenji_trigger': '展示確認: ヒモ分散レース。1号艇伸び確認後、広めのヒモ流しを採用。穴ヒモ（5・6号艇）を積極的に含める。\n展示で1号艇スタート超安定(0.137秒)→ヒモ固まり方向に注意'}",,,27.9,両建て推奨,15.78,29.6,4,,,,,,,,,,,
2025-11-20,丸亀,8,1,柘植政浩,A2,14.29,1,◎,70.1235,,0,89.6,0.1717,3.4675,,,0,低,143,0,逃1%,15221,0,89.3,1.1959,0.6111,,,,,0.0222,0.0444,0.0556,◎,,E,◎,,,0.647,,0.4762,A,73,0,◎-○軸 3着3〜4艇流し（10〜15点）,0.5777,"{'is_target': True, 'verdict': '点数絞り', 'max_combo_prob': 0.1218, 'est_top_odds': 10.9, 'circle_concentration': 67.2, 'eligible_count': 8, 'bet_adj': 0, 'reason': 'rel_win1=70.1%（本命度） / 最有力組み合わせ確率: 0.122（推定実オッズ?11倍） / 2着集中度: 上位2艇 67.2%（補正+0.00） / 総合判定確率: 0.122 / → ヒモはやや固め。上位2艇以外を切ること', 'tenji_trigger': '展示確認: 1号艇伸び良→そのまま採用。悪→飛び組に差し替え。circle_pct上位2艇に絞り込むこと。'}",,,26.3,逃げ狙い,15.95,25,4,,,,,0,0,0.7559,0,,逃げ軸流し,A
2025-11-20,丸亀,8,2,深川和仁,A2,21.88,2,,10.6579,44.6,80,50,0.164,3.76,,,0,低,130,0,-,44514,0,48.9,0.9778,0,0.0435,0.0435,0,0.0435,0.2,0.0167,0.05,,◎,D,△,,0.3892,0.606,,0.4762,A,73,0,◎-○軸 3着3〜4艇流し（10〜15点）,0.5777,"{'is_target': True, 'verdict': '点数絞り', 'max_combo_prob': 0.1218, 'est_top_odds': 10.9, 'circle_concentration': 67.2, 'eligible_count': 8, 'bet_adj': 0, 'reason': 'rel_win1=70.1%（本命度） / 最有力組み合わせ確率: 0.122（推定実オッズ?11倍） / 2着集中度: 上位2艇 67.2%（補正+0.00） / 総合判定確率: 0.122 / → ヒモはやや固め。上位2艇以外を切ること', 'tenji_trigger': '展示確認: 1号艇伸び良→そのまま採用。悪→飛び組に差し替え。circle_pct上位2艇に絞り込むこと。'}",,,26.3,逃げ狙い,15.95,25,4,,,,,,,,,,,
2025-11-20,丸亀,8,3,清水紀克,B1,48.00,3,▲,8.476,20.4,68,0,0.2,3.45,,,0,低,53,1,-,2 654,0,40.8,0.6127,,,,,,0.4143,0.2262,0.019,,,A,,,0.1769,0.575,,0.4762,A,73,0,◎-○軸 3着3〜4艇流し（10〜15点）,0.5777,"{'is_target': True, 'verdict': '点数絞り', 'max_combo_prob': 0.1218, 'est_top_odds': 10.9, 'circle_concentration': 67.2, 'eligible_count': 8, 'bet_adj': 0, 'reason': 'rel_win1=70.1%（本命度） / 最有力組み合わせ確率: 0.122（推定実オッズ?11倍） / 2着集中度: 上位2艇 67.2%（補正+0.00） / 総合判定確率: 0.122 / → ヒモはやや固め。上位2艇以外を切ること', 'tenji_trigger': '展示確認: 1号艇伸び良→そのまま採用。悪→飛び組に差し替え。circle_pct上位2艇に絞り込むこと。'}",,,26.3,逃げ狙い,15.95,25,4,,,,,,,,,,,
2025-11-20,丸亀,8,4,川田正人,A2,27.27,4,△,5.7997,22.5,100,50,0.1615,3.5648,,,0,低,152,0,-,5551,0,51.1,0.9596,,,,,,0.1373,0.3263,0.0387,,,D,△,,0.3563,0.614,,0.4762,A,73,0,◎-○軸 3着3〜4艇流し（10〜15点）,0.5777,"{'is_target': True, 'verdict': '点数絞り', 'max_combo_prob': 0.1218, 'est_top_odds': 10.9, 'circle_concentration': 67.2, 'eligible_count': 8, 'bet_adj': 0, 'reason': 'rel_win1=70.1%（本命度） / 最有力組み合わせ確率: 0.122（推定実オッズ?11倍） / 2着集中度: 上位2艇 67.2%（補正+0.00） / 総合判定確率: 0.122 / → ヒモはやや固め。上位2艇以外を切ること', 'tenji_trigger': '展示確認: 1号艇伸び良→そのまま採用。悪→飛び組に差し替え。circle_pct上位2艇に絞り込むこと。'}",,,26.3,逃げ狙い,15.95,25,4,,,,,,,,,,,
2025-11-20,丸亀,8,5,片岡秀樹,B1,42.86,5,○,2.912,10.3,76,32.8,0.1603,3.1885,,,0,低,85,0,-,6 255,0,21.9,0.37,,,,,,0.2778,0.3889,0.1111,,,B,○,,0.3529,0.6405,,0.4762,A,73,0,◎-○軸 3着3〜4艇流し（10〜15点）,0.5777,"{'is_target': True, 'verdict': '点数絞り', 'max_combo_prob': 0.1218, 'est_top_odds': 10.9, 'circle_concentration': 67.2, 'eligible_count': 8, 'bet_adj': 0, 'reason': 'rel_win1=70.1%（本命度） / 最有力組み合わせ確率: 0.122（推定実オッズ?11倍） / 2着集中度: 上位2艇 67.2%（補正+0.00） / 総合判定確率: 0.122 / → ヒモはやや固め。上位2艇以外を切ること', 'tenji_trigger': '展示確認: 1号艇伸び良→そのまま採用。悪→飛び組に差し替え。circle_pct上位2艇に絞り込むこと。'}",,,26.3,逃げ狙い,15.95,25,4,,,,,,,,,,,
2025-11-20,丸亀,8,6,浅井　翼,B1,35.71,6,,2.0309,2.1,13,6.8,0.1827,4.0114,,,0,低,93,0,差ま0%,5 4 55,0,21.9,0.8133,0,0,0,0.0625,0,0.3077,0.3077,0.1538,,,C,,,0.2579,0.4745,,0.4762,A,73,0,◎-○軸 3着3〜4艇流し（10〜15点）,0.5777,"{'is_target': True, 'verdict': '点数絞り', 'max_combo_prob': 0.1218, 'est_top_odds': 10.9, 'circle_concentration': 67.2, 'eligible_count': 8, 'bet_adj': 0, 'reason': 'rel_win1=70.1%（本命度） / 最有力組み合わせ確率: 0.122（推定実オッズ?11倍） / 2着集中度: 上位2艇 67.2%（補正+0.00） / 総合判定確率: 0.122 / → ヒモはやや固め。上位2艇以外を切ること', 'tenji_trigger': '展示確認: 1号艇伸び良→そのまま採用。悪→飛び組に差し替え。circle_pct上位2艇に絞り込むこと。'}",,,26.3,逃げ狙い,15.95,25,4,,,,,,,,,,,
2025-11-20,丸亀,9,1,藤田浩人,A2,18.18,1,◎,62.6148,,0,90.3,0.1491,2.9731,,,0,低,147,0,-,562 2,0,82.4,0.9944,0.7273,,,,,0.1,0.0273,0.0182,◎,,E,◎,,,0.653,,0.556,S,86,0,◎1着固定 2-3着流し（5〜8点）,0.5777,"{'is_target': True, 'verdict': '参加推奨', 'max_combo_prob': 0.0829, 'est_top_odds': 16.1, 'circle_concentration': 65.6, 'eligible_count': 6, 'bet_adj': 2, 'reason': 'rel_win1=62.6%（本命度） / 最有力組み合わせ確率: 0.083（推定実オッズ?16倍） / 2着集中度: 上位2艇 65.6%（補正+0.00） / 総合判定確率: 0.083 / → ヒモ分散。1号艇1着固定で広めのヒモ流し推奨（買い目+2点）', 'tenji_trigger': '展示確認: ヒモ分散レース。1号艇伸び確認後、広めのヒモ流しを採用。穴ヒモ（5・6号艇）を積極的に含める。'}",,,26.2,逃げ狙い,15.3,25.3,2,,,,,0,0,0.7559,0,,逃げ軸流し,A
2025-11-20,丸亀,9,2,西丸敦基,B1,24.32,2,△,9.3512,35.1,55,44.1,0.1691,4.2794,,,0,低,113,0,-,3 5 3,0,32.9,0.881,0,0,0,0,0.0556,0.0333,0.0667,0.3,,,D,△,,0.1425,0.6165,,0.556,S,86,0,◎1着固定 2-3着流し（5〜8点）,0.5777,"{'is_target': True, 'verdict': '参加推奨', 'max_combo_prob': 0.0829, 'est_top_odds': 16.1, 'circle_concentration': 65.6, 'eligible_count': 6, 'bet_adj': 2, 'reason': 'rel_win1=62.6%（本命度） / 最有力組み合わせ確率: 0.083（推定実オッズ?16倍） / 2着集中度: 上位2艇 65.6%（補正+0.00） / 総合判定確率: 0.083 / → ヒモ分散。1号艇1着固定で広めのヒモ流し推奨（買い目+2点）', 'tenji_trigger': '展示確認: ヒモ分散レース。1号艇伸び確認後、広めのヒモ流しを採用。穴ヒモ（5・6号艇）を積極的に含める。'}",,,26.2,逃げ狙い,15.3,25.3,2,,,,,,,,,,,
2025-11-20,丸亀,9,3,白水勝也,A1,23.53,3,,11.3984,30.6,83,70.8,0.17,3.5077,,,0,低,134,0,ま0%,31563,0,30.3,0.8988,0,0.0345,0.069,0.0345,0,0.1045,0.0455,0.0955,,,D,△,,0.1936,0.604,,0.556,S,86,0,◎1着固定 2-3着流し（5〜8点）,0.5777,"{'is_target': True, 'verdict': '参加推奨', 'max_combo_prob': 0.0829, 'est_top_odds': 16.1, 'circle_concentration': 65.6, 'eligible_count': 6, 'bet_adj': 2, 'reason': 'rel_win1=62.6%（本命度） / 最有力組み合わせ確率: 0.083（推定実オッズ?16倍） / 2着集中度: 上位2艇 65.6%（補正+0.00） / 総合判定確率: 0.083 / → ヒモ分散。1号艇1着固定で広めのヒモ流し推奨（買い目+2点）', 'tenji_trigger': '展示確認: ヒモ分散レース。1号艇伸び確認後、広めのヒモ流しを採用。穴ヒモ（5・6号艇）を積極的に含める。'}",,,26.2,逃げ狙い,15.3,25.3,2,,,,,,,,,,,
2025-11-20,丸亀,9,4,枝尾　賢,B2,44.00,4,○,9.5005,16.5,100,66.7,0.1423,3.1667,,,0,低,61,0,ま0% 差ま0%,3 235,0,81,1.3226,0,0,0.0357,0.0357,0,0.1828,0.0421,0.0967,,,A,○,◎,0.3166,0.631,0.4512,0.556,S,86,0,◎1着固定 2-3着流し（5〜8点）,0.5777,"{'is_target': True, 'verdict': '参加推奨', 'max_combo_prob': 0.0829, 'est_top_odds': 16.1, 'circle_concentration': 65.6, 'eligible_count': 6, 'bet_adj': 2, 'reason': 'rel_win1=62.6%（本命度） / 最有力組み合わせ確率: 0.083（推定実オッズ?16倍） / 2着集中度: 上位2艇 65.6%（補正+0.00） / 総合判定確率: 0.083 / → ヒモ分散。1号艇1着固定で広めのヒモ流し推奨（買い目+2点）', 'tenji_trigger': '展示確認: ヒモ分散レース。1号艇伸び確認後、広めのヒモ流しを採用。穴ヒモ（5・6号艇）を積極的に含める。'}",,,26.2,逃げ狙い,15.3,25.3,2,,,,,,,,,,,
2025-11-20,丸亀,9,5,石井伸長,B1,39.53,5,▲,5.9552,17,43,44,0.1714,3.54,,,0,低,79,0,-,4 2444,0,41.8,0.8786,0,0,0.0286,0.0286,0,0,0.5,0.25,,,B,,,0.2173,0.5655,,0.556,S,86,0,◎1着固定 2-3着流し（5〜8点）,0.5777,"{'is_target': True, 'verdict': '参加推奨', 'max_combo_prob': 0.0829, 'est_top_odds': 16.1, 'circle_concentration': 65.6, 'eligible_count': 6, 'bet_adj': 2, 'reason': 'rel_win1=62.6%（本命度） / 最有力組み合わせ確率: 0.083（推定実オッズ?16倍） / 2着集中度: 上位2艇 65.6%（補正+0.00） / 総合判定確率: 0.083 / → ヒモ分散。1号艇1着固定で広めのヒモ流し推奨（買い目+2点）', 'tenji_trigger': '展示確認: ヒモ分散レース。1号艇伸び確認後、広めのヒモ流しを採用。穴ヒモ（5・6号艇）を積極的に含める。'}",,,26.2,逃げ狙い,15.3,25.3,2,,,,,,,,,,,
2025-11-20,丸亀,9,6,西尾亮輔,B1,31.91,6,,1.1799,0.9,39,11.3,0.2077,4.4623,,,0,低,145,0,-,5 3 52,0,25.4,0.8422,,,,,,0.12,0.04,0.72,,,C,,,0.1427,0.545,,0.556,S,86,0,◎1着固定 2-3着流し（5〜8点）,0.5777,"{'is_target': True, 'verdict': '参加推奨', 'max_combo_prob': 0.0829, 'est_top_odds': 16.1, 'circle_concentration': 65.6, 'eligible_count': 6, 'bet_adj': 2, 'reason': 'rel_win1=62.6%（本命度） / 最有力組み合わせ確率: 0.083（推定実オッズ?16倍） / 2着集中度: 上位2艇 65.6%（補正+0.00） / 総合判定確率: 0.083 / → ヒモ分散。1号艇1着固定で広めのヒモ流し推奨（買い目+2点）', 'tenji_trigger': '展示確認: ヒモ分散レース。1号艇伸び確認後、広めのヒモ流しを採用。穴ヒモ（5・6号艇）を積極的に含める。'}",,,26.2,逃げ狙い,15.3,25.3,2,,,,,,,,,,,
2025-11-20,丸亀,10,1,吉永則雄,A1,53.19,1,◎,61.1054,,0,88.3,0.1836,4.1489,,,0,低,112,0,逃1%,13131,0,69.3,1.0935,0.7391,,,,,0.0896,0.0635,0.1184,○,,A,◎,,,0.696,,0.3465,A,79,0,◎-○軸 3着3〜4艇流し（10〜15点）,0.5777,"{'is_target': True, 'verdict': '参加推奨', 'max_combo_prob': 0.0917, 'est_top_odds': 14.5, 'circle_concentration': 68.5, 'eligible_count': 8, 'bet_adj': 2, 'reason': 'rel_win1=61.1%（本命度） / 最有力組み合わせ確率: 0.092（推定実オッズ?14倍） / 2着集中度: 上位2艇 68.5%（補正+0.00） / 総合判定確率: 0.092 / → ヒモ分散。1号艇1着固定で広めのヒモ流し推奨（買い目+2点）', 'tenji_trigger': '展示確認: ヒモ分散レース。1号艇伸び確認後、広めのヒモ流しを採用。穴ヒモ（5・6号艇）を積極的に含める。\n展示で1号艇スタート遅め(0.184秒)確認→ヒモが荒れやすい'}",,,35,逃げ狙い,22.67,29.9,2,,,,,0,0,0.6155,0,,逃げ軸流し,A
2025-11-20,丸亀,10,2,石原　翼,A2,15.15,2,△,12.6736,44.7,60,73.2,0.1434,2.8293,,,0,低,63,0,差0% ま0%,5 134,0,54.2,1.1653,0,0.12,0.12,0,0,0.348,0.032,0.032,,◎,E,,,0.5924,0.616,,0.3465,A,79,0,◎-○軸 3着3〜4艇流し（10〜15点）,0.5777,"{'is_target': True, 'verdict': '参加推奨', 'max_combo_prob': 0.0917, 'est_top_odds': 14.5, 'circle_concentration': 68.5, 'eligible_count': 8, 'bet_adj': 2, 'reason': 'rel_win1=61.1%（本命度） / 最有力組み合わせ確率: 0.092（推定実オッズ?14倍） / 2着集中度: 上位2艇 68.5%（補正+0.00） / 総合判定確率: 0.092 / → ヒモ分散。1号艇1着固定で広めのヒモ流し推奨（買い目+2点）', 'tenji_trigger': '展示確認: ヒモ分散レース。1号艇伸び確認後、広めのヒモ流しを採用。穴ヒモ（5・6号艇）を積極的に含める。\n展示で1号艇スタート遅め(0.184秒)確認→ヒモが荒れやすい'}",,,35,逃げ狙い,22.67,29.9,2,,,,,,,,,,,
2025-11-20,丸亀,10,3,川北浩貴,A2,22.86,3,▲,9.902,23.8,88,69.3,0.1474,2.9355,,,0,低,146,0,差ま0%,413 3,0,42.7,1.0535,0,0.0357,0.1071,0.0357,0,0.1399,0.2257,0.0541,,○,D,○,,0.4837,0.6565,,0.3465,A,79,0,◎-○軸 3着3〜4艇流し（10〜15点）,0.5777,"{'is_target': True, 'verdict': '参加推奨', 'max_combo_prob': 0.0917, 'est_top_odds': 14.5, 'circle_concentration': 68.5, 'eligible_count': 8, 'bet_adj': 2, 'reason': 'rel_win1=61.1%（本命度） / 最有力組み合わせ確率: 0.092（推定実オッズ?14倍） / 2着集中度: 上位2艇 68.5%（補正+0.00） / 総合判定確率: 0.092 / → ヒモ分散。1号艇1着固定で広めのヒモ流し推奨（買い目+2点）', 'tenji_trigger': '展示確認: ヒモ分散レース。1号艇伸び確認後、広めのヒモ流しを採用。穴ヒモ（5・6号艇）を積極的に含める。\n展示で1号艇スタート遅め(0.184秒)確認→ヒモが荒れやすい'}",,,35,逃げ狙い,22.67,29.9,2,,,,,,,,,,,
2025-11-20,丸亀,10,4,桑原将光,A2,16.67,4,,4.0244,14.1,100,56.8,0.1636,3.3716,,,0,低,130,0,-,332 1,0,98.6,1.9247,,,,,,0.2429,0.4857,0.0714,,,E,△,,0.3988,0.6525,,0.3465,A,79,0,◎-○軸 3着3〜4艇流し（10〜15点）,0.5777,"{'is_target': True, 'verdict': '参加推奨', 'max_combo_prob': 0.0917, 'est_top_odds': 14.5, 'circle_concentration': 68.5, 'eligible_count': 8, 'bet_adj': 2, 'reason': 'rel_win1=61.1%（本命度） / 最有力組み合わせ確率: 0.092（推定実オッズ?14倍） / 2着集中度: 上位2艇 68.5%（補正+0.00） / 総合判定確率: 0.092 / → ヒモ分散。1号艇1着固定で広めのヒモ流し推奨（買い目+2点）', 'tenji_trigger': '展示確認: ヒモ分散レース。1号艇伸び確認後、広めのヒモ流しを採用。穴ヒモ（5・6号艇）を積極的に含める。\n展示で1号艇スタート遅め(0.184秒)確認→ヒモが荒れやすい'}",,,35,逃げ狙い,22.67,29.9,2,,,,,,,,,,,
2025-11-20,丸亀,10,5,安河内健,A1,43.24,5,○,10.8695,13.9,69,60.5,0.1658,3.5395,,,0,低,76,0,-,1S3131,0,49.4,1.0438,0,0,0,0.1667,0,0.1758,0,0.0129,,,B,△,◎,0.3778,0.6435,0.4109,0.3465,A,79,0,◎-○軸 3着3〜4艇流し（10〜15点）,0.5777,"{'is_target': True, 'verdict': '参加推奨', 'max_combo_prob': 0.0917, 'est_top_odds': 14.5, 'circle_concentration': 68.5, 'eligible_count': 8, 'bet_adj': 2, 'reason': 'rel_win1=61.1%（本命度） / 最有力組み合わせ確率: 0.092（推定実オッズ?14倍） / 2着集中度: 上位2艇 68.5%（補正+0.00） / 総合判定確率: 0.092 / → ヒモ分散。1号艇1着固定で広めのヒモ流し推奨（買い目+2点）', 'tenji_trigger': '展示確認: ヒモ分散レース。1号艇伸び確認後、広めのヒモ流しを採用。穴ヒモ（5・6号艇）を積極的に含める。\n展示で1号艇スタート遅め(0.184秒)確認→ヒモが荒れやすい'}",,,35,逃げ狙い,22.67,29.9,2,,,,,,,,,,,
2025-11-20,丸亀,10,6,坂口貴彦,B1,24.44,6,,1.4251,3.5,41,16.7,0.2019,4.2188,,,0,低,134,0,-,6 141,0,27.9,0.6106,,,,,,0.0471,0.1235,0.1471,,,C,,,0.2611,0.591,,0.3465,A,79,0,◎-○軸 3着3〜4艇流し（10〜15点）,0.5777,"{'is_target': True, 'verdict': '参加推奨', 'max_combo_prob': 0.0917, 'est_top_odds': 14.5, 'circle_concentration': 68.5, 'eligible_count': 8, 'bet_adj': 2, 'reason': 'rel_win1=61.1%（本命度） / 最有力組み合わせ確率: 0.092（推定実オッズ?14倍） / 2着集中度: 上位2艇 68.5%（補正+0.00） / 総合判定確率: 0.092 / → ヒモ分散。1号艇1着固定で広めのヒモ流し推奨（買い目+2点）', 'tenji_trigger': '展示確認: ヒモ分散レース。1号艇伸び確認後、広めのヒモ流しを採用。穴ヒモ（5・6号艇）を積極的に含める。\n展示で1号艇スタート遅め(0.184秒)確認→ヒモが荒れやすい'}",,,35,逃げ狙い,22.67,29.9,2,,,,,,,,,,,
2025-11-20,丸亀,11,1,守屋美穂,A1,21.21,1,◎,56.4926,,0,92.6,0.1056,2.3704,,,0,低,37,0,逃1%,31615,0,82.4,0.9944,0.7778,,,,,0.1722,0.1944,0.0222,◎,,D,△,,,0.629,,0.689,S,89,0,◎1着固定 2-3着流し（5〜8点）,0.5777,"{'is_target': True, 'verdict': '参加推奨', 'max_combo_prob': 0.0563, 'est_top_odds': 23.7, 'circle_concentration': 65.5, 'eligible_count': 6, 'bet_adj': 2, 'reason': 'rel_win1=56.5%（本命度） / 最有力組み合わせ確率: 0.056（推定実オッズ?24倍） / 2着集中度: 上位2艇 65.5%（補正+0.00） / 総合判定確率: 0.056 / → ヒモ分散。1号艇1着固定で広めのヒモ流し推奨（買い目+2点）', 'tenji_trigger': '展示確認: ヒモ分散レース。1号艇伸び確認後、広めのヒモ流しを採用。穴ヒモ（5・6号艇）を積極的に含める。\n展示で1号艇スタート超安定(0.106秒)→ヒモ固まり方向に注意'}",,,29.5,逃げ狙い,20.87,29.9,3,,,,,0,0,0.7559,0,,逃げ軸流し,A
2025-11-20,丸亀,11,2,一色凌雅,B1,38.64,2,△,13.3648,29.2,92,58.1,0.1763,3.9419,,,0,低,122,0,差0%,321,0,43.2,0.9633,0,0.08,0,0,0,0.075,0.3,0.175,,,B,,,0.0673,0.6015,,0.689,S,89,0,◎1着固定 2-3着流し（5〜8点）,0.5777,"{'is_target': True, 'verdict': '参加推奨', 'max_combo_prob': 0.0563, 'est_top_odds': 23.7, 'circle_concentration': 65.5, 'eligible_count': 6, 'bet_adj': 2, 'reason': 'rel_win1=56.5%（本命度） / 最有力組み合わせ確率: 0.056（推定実オッズ?24倍） / 2着集中度: 上位2艇 65.5%（補正+0.00） / 総合判定確率: 0.056 / → ヒモ分散。1号艇1着固定で広めのヒモ流し推奨（買い目+2点）', 'tenji_trigger': '展示確認: ヒモ分散レース。1号艇伸び確認後、広めのヒモ流しを採用。穴ヒモ（5・6号艇）を積極的に含める。\n展示で1号艇スタート超安定(0.106秒)→ヒモ固まり方向に注意'}",,,29.5,逃げ狙い,20.87,29.9,3,,,,,,,,,,,
2025-11-20,丸亀,11,3,小野生奈,A1,47.83,3,○,12.6655,36.3,66,79.2,0.14,2.5,,,0,低,35,0,差0% 差ま0%,12365,0,78.5,1.4248,0,0.0833,0,0.0833,0,0.0714,0,0.1429,,,A,△,,0.1272,0.625,,0.689,S,89,0,◎1着固定 2-3着流し（5〜8点）,0.5777,"{'is_target': True, 'verdict': '参加推奨', 'max_combo_prob': 0.0563, 'est_top_odds': 23.7, 'circle_concentration': 65.5, 'eligible_count': 6, 'bet_adj': 2, 'reason': 'rel_win1=56.5%（本命度） / 最有力組み合わせ確率: 0.056（推定実オッズ?24倍） / 2着集中度: 上位2艇 65.5%（補正+0.00） / 総合判定確率: 0.056 / → ヒモ分散。1号艇1着固定で広めのヒモ流し推奨（買い目+2点）', 'tenji_trigger': '展示確認: ヒモ分散レース。1号艇伸び確認後、広めのヒモ流しを採用。穴ヒモ（5・6号艇）を積極的に含める。\n展示で1号艇スタート超安定(0.106秒)→ヒモ固まり方向に注意'}",,,29.5,逃げ狙い,20.87,29.9,3,,,,,,,,,,,
2025-11-20,丸亀,11,4,柘植政浩,A2,14.29,4,,8.4019,23.2,100,59.5,0.1638,3.473,,,0,低,143,0,差0%,15221,0,31.5,0.7272,0,0.0294,0.0294,0.0588,0,0.0222,0.0444,0.0556,,,E,◎,○,0.113,0.647,0.2522,0.689,S,89,0,◎1着固定 2-3着流し（5〜8点）,0.5777,"{'is_target': True, 'verdict': '参加推奨', 'max_combo_prob': 0.0563, 'est_top_odds': 23.7, 'circle_concentration': 65.5, 'eligible_count': 6, 'bet_adj': 2, 'reason': 'rel_win1=56.5%（本命度） / 最有力組み合わせ確率: 0.056（推定実オッズ?24倍） / 2着集中度: 上位2艇 65.5%（補正+0.00） / 総合判定確率: 0.056 / → ヒモ分散。1号艇1着固定で広めのヒモ流し推奨（買い目+2点）', 'tenji_trigger': '展示確認: ヒモ分散レース。1号艇伸び確認後、広めのヒモ流しを採用。穴ヒモ（5・6号艇）を積極的に含める。\n展示で1号艇スタート超安定(0.106秒)→ヒモ固まり方向に注意'}",,,29.5,逃げ狙い,20.87,29.9,3,,,,,,,,,,,
2025-11-20,丸亀,11,5,青木　蓮,A2,35.71,5,▲,7.2684,8.2,94,45.7,0.124,2.4714,,,0,低,73,0,-,13142,0,39.5,0.7998,0,0,0.0769,0.2308,0,0.02,0.24,0.04,,,C,,◎,0.2744,0.589,0.495,0.689,S,89,0,◎1着固定 2-3着流し（5〜8点）,0.5777,"{'is_target': True, 'verdict': '参加推奨', 'max_combo_prob': 0.0563, 'est_top_odds': 23.7, 'circle_concentration': 65.5, 'eligible_count': 6, 'bet_adj': 2, 'reason': 'rel_win1=56.5%（本命度） / 最有力組み合わせ確率: 0.056（推定実オッズ?24倍） / 2着集中度: 上位2艇 65.5%（補正+0.00） / 総合判定確率: 0.056 / → ヒモ分散。1号艇1着固定で広めのヒモ流し推奨（買い目+2点）', 'tenji_trigger': '展示確認: ヒモ分散レース。1号艇伸び確認後、広めのヒモ流しを採用。穴ヒモ（5・6号艇）を積極的に含める。\n展示で1号艇スタート超安定(0.106秒)→ヒモ固まり方向に注意'}",,,29.5,逃げ狙い,20.87,29.9,3,,,,,,,,,,,
2025-11-20,丸亀,11,6,馬野　耀,A2,32.65,6,,1.8067,3.1,78,36.8,0.1671,4.3684,,,0,低,78,0,-,16162,0,24.8,0.6219,,,,,,0.0455,0.1818,0.0909,,,C,○,,0.1325,0.6435,,0.689,S,89,0,◎1着固定 2-3着流し（5〜8点）,0.5777,"{'is_target': True, 'verdict': '参加推奨', 'max_combo_prob': 0.0563, 'est_top_odds': 23.7, 'circle_concentration': 65.5, 'eligible_count': 6, 'bet_adj': 2, 'reason': 'rel_win1=56.5%（本命度） / 最有力組み合わせ確率: 0.056（推定実オッズ?24倍） / 2着集中度: 上位2艇 65.5%（補正+0.00） / 総合判定確率: 0.056 / → ヒモ分散。1号艇1着固定で広めのヒモ流し推奨（買い目+2点）', 'tenji_trigger': '展示確認: ヒモ分散レース。1号艇伸び確認後、広めのヒモ流しを採用。穴ヒモ（5・6号艇）を積極的に含める。\n展示で1号艇スタート超安定(0.106秒)→ヒモ固まり方向に注意'}",,,29.5,逃げ狙い,20.87,29.9,3,,,,,,,,,,,
2025-11-20,丸亀,12,1,新田雄史,A1,31.11,1,◎,55.3704,,0,97.1,0.1271,2.8971,,,0,低,30,0,逃1%,22411,0,100,1.5451,0.6667,,,,,0.0833,0.0833,0.0833,◎,,C,,,,0.625,,0.6246,S,90,0,◎1着固定 2-3着流し（5〜8点）,0.5777,"{'is_target': True, 'verdict': '参加推奨', 'max_combo_prob': 0.0714, 'est_top_odds': 18.7, 'circle_concentration': 65.5, 'eligible_count': 6, 'bet_adj': 2, 'reason': 'rel_win1=55.4%（本命度） / 最有力組み合わせ確率: 0.071（推定実オッズ?19倍） / 2着集中度: 上位2艇 65.5%（補正+0.00） / 総合判定確率: 0.071 / → ヒモ分散。1号艇1着固定で広めのヒモ流し推奨（買い目+2点）', 'tenji_trigger': '展示確認: ヒモ分散レース。1号艇伸び確認後、広めのヒモ流しを採用。穴ヒモ（5・6号艇）を積極的に含める。\n展示で1号艇スタート超安定(0.127秒)→ヒモ固まり方向に注意'}",,,29.4,逃げ狙い,24.91,26.2,3,,,,,0,0,0.7559,0,,逃げ軸流し,A
2025-11-20,丸亀,12,2,山本修一,A1,48.00,2,△,6.8664,39.8,80,67.9,0.1602,3.3482,,,0,低,146,0,-,14121,0,96.2,1.9069,0,0.0476,0,0,0,0.0976,0.1667,0.1976,,,A,,,0.0593,0.5625,,0.6246,S,90,0,◎1着固定 2-3着流し（5〜8点）,0.5777,"{'is_target': True, 'verdict': '参加推奨', 'max_combo_prob': 0.0714, 'est_top_odds': 18.7, 'circle_concentration': 65.5, 'eligible_count': 6, 'bet_adj': 2, 'reason': 'rel_win1=55.4%（本命度） / 最有力組み合わせ確率: 0.071（推定実オッズ?19倍） / 2着集中度: 上位2艇 65.5%（補正+0.00） / 総合判定確率: 0.071 / → ヒモ分散。1号艇1着固定で広めのヒモ流し推奨（買い目+2点）', 'tenji_trigger': '展示確認: ヒモ分散レース。1号艇伸び確認後、広めのヒモ流しを採用。穴ヒモ（5・6号艇）を積極的に含める。\n展示で1号艇スタート超安定(0.127秒)→ヒモ固まり方向に注意'}",,,29.4,逃げ狙い,24.91,26.2,3,,,,,,,,,,,
2025-11-20,丸亀,12,3,谷野錬志,B1,35.90,3,○,20.6161,23.1,100,84.4,0.142,2.7667,,,0,低,70,0,差0% ま0% 差ま0% 抜0%,242 3,0,74.6,1.7433,0,0.0385,0.0769,0.1923,0.0769,0.0121,0.1985,0.0121,,,C,△,,0.2516,0.651,,0.6246,S,90,0,◎1着固定 2-3着流し（5〜8点）,0.5777,"{'is_target': True, 'verdict': '参加推奨', 'max_combo_prob': 0.0714, 'est_top_odds': 18.7, 'circle_concentration': 65.5, 'eligible_count': 6, 'bet_adj': 2, 'reason': 'rel_win1=55.4%（本命度） / 最有力組み合わせ確率: 0.071（推定実オッズ?19倍） / 2着集中度: 上位2艇 65.5%（補正+0.00） / 総合判定確率: 0.071 / → ヒモ分散。1号艇1着固定で広めのヒモ流し推奨（買い目+2点）', 'tenji_trigger': '展示確認: ヒモ分散レース。1号艇伸び確認後、広めのヒモ流しを採用。穴ヒモ（5・6号艇）を積極的に含める。\n展示で1号艇スタート超安定(0.127秒)→ヒモ固まり方向に注意'}",,,29.4,逃げ狙い,24.91,26.2,3,,,,,,,,,,,
2025-11-20,丸亀,12,4,中田元泰,A1,38.10,4,▲,11.9578,25.6,80,71.7,0.1505,3.2667,,,0,低,90,0,-,25322,0,49.1,0.9315,0,0.0455,0.1364,0.0455,0,0.0323,0.1613,0,,,B,◎,◎,0.2174,0.685,0.375,0.6246,S,90,0,◎1着固定 2-3着流し（5〜8点）,0.5777,"{'is_target': True, 'verdict': '参加推奨', 'max_combo_prob': 0.0714, 'est_top_odds': 18.7, 'circle_concentration': 65.5, 'eligible_count': 6, 'bet_adj': 2, 'reason': 'rel_win1=55.4%（本命度） / 最有力組み合わせ確率: 0.071（推定実オッズ?19倍） / 2着集中度: 上位2艇 65.5%（補正+0.00） / 総合判定確率: 0.071 / → ヒモ分散。1号艇1着固定で広めのヒモ流し推奨（買い目+2点）', 'tenji_trigger': '展示確認: ヒモ分散レース。1号艇伸び確認後、広めのヒモ流しを採用。穴ヒモ（5・6号艇）を積極的に含める。\n展示で1号艇スタート超安定(0.127秒)→ヒモ固まり方向に注意'}",,,29.4,逃げ狙い,24.91,26.2,3,,,,,,,,,,,
2025-11-20,丸亀,12,5,中村辰也,A2,11.76,5,,3.5897,9.4,55,43.1,0.1334,3.0603,,,0,低,74,0,-,2 242,0,40.4,1.0536,0,0,0,0.0455,0,0.0286,0.0571,0.1571,,,E,△,,0.2613,0.647,,0.6246,S,90,0,◎1着固定 2-3着流し（5〜8点）,0.5777,"{'is_target': True, 'verdict': '参加推奨', 'max_combo_prob': 0.0714, 'est_top_odds': 18.7, 'circle_concentration': 65.5, 'eligible_count': 6, 'bet_adj': 2, 'reason': 'rel_win1=55.4%（本命度） / 最有力組み合わせ確率: 0.071（推定実オッズ?19倍） / 2着集中度: 上位2艇 65.5%（補正+0.00） / 総合判定確率: 0.071 / → ヒモ分散。1号艇1着固定で広めのヒモ流し推奨（買い目+2点）', 'tenji_trigger': '展示確認: ヒモ分散レース。1号艇伸び確認後、広めのヒモ流しを採用。穴ヒモ（5・6号艇）を積極的に含める。\n展示で1号艇スタート超安定(0.127秒)→ヒモ固まり方向に注意'}",,,29.4,逃げ狙い,24.91,26.2,3,,,,,,,,,,,
2025-11-20,丸亀,12,6,吉田慎二,A2,28.21,6,,1.5995,2,74,29.8,0.1893,4.2544,,,0,低,169,0,-,2 2345,0,32.6,1.2778,0,0.0357,0,0,0,0.039,0.2683,0.0195,,,D,○,,0.1064,0.662,,0.6246,S,90,0,◎1着固定 2-3着流し（5〜8点）,0.5777,"{'is_target': True, 'verdict': '参加推奨', 'max_combo_prob': 0.0714, 'est_top_odds': 18.7, 'circle_concentration': 65.5, 'eligible_count': 6, 'bet_adj': 2, 'reason': 'rel_win1=55.4%（本命度） / 最有力組み合わせ確率: 0.071（推定実オッズ?19倍） / 2着集中度: 上位2艇 65.5%（補正+0.00） / 総合判定確率: 0.071 / → ヒモ分散。1号艇1着固定で広めのヒモ流し推奨（買い目+2点）', 'tenji_trigger': '展示確認: ヒモ分散レース。1号艇伸び確認後、広めのヒモ流しを採用。穴ヒモ（5・6号艇）を積極的に含める。\n展示で1号艇スタート超安定(0.127秒)→ヒモ固まり方向に注意'}",,,29.4,逃げ狙い,24.91,26.2,3,,,,,,,,,,,
2025-11-25,丸亀,1,1,大西隆洋,B1,31.91,1,◎,55.9053,,0,65.8,0.1397,2.8026,,,0,低,103,0,-,,0,82,0.9859,0.1538,,,,,0.3077,0.0769,0.3077,○,,B,,,,0.6055,,0.428,B,57,0,◎○△フォーメーション（15〜20点）,0.5777,"{'is_target': True, 'verdict': '点数絞り', 'max_combo_prob': 0.1287, 'est_top_odds': 10.4, 'circle_concentration': 71.7, 'eligible_count': 9, 'bet_adj': 0, 'reason': 'rel_win1=55.9%（本命度） / 最有力組み合わせ確率: 0.129（推定実オッズ?10倍） / 2着集中度: 上位2艇 71.7%（補正+0.04） / 総合判定確率: 0.169 / → ヒモはやや固め。上位2艇以外を切ること', 'tenji_trigger': '展示確認: 1号艇伸び良→そのまま採用。悪→飛び組に差し替え。circle_pct上位2艇に絞り込むこと。\n展示で1号艇スタート超安定(0.140秒)→ヒモ固まり方向に注意'}",,,24,両建て推奨,11.83,36.3,2,,,,,0,0,0.6155,0,,主役軸流し,B
2025-11-25,丸亀,1,2,神里琴音,B1,19.51,2,,12.2328,52.8,100,58.8,0.1641,3.7745,,,0,低,61,0,差0%,,0,44.3,0.96,0,0.0741,0,0,0,0.0267,0.6633,0.0267,,,E,○,,0.118,0.674,,0.428,B,57,0,◎○△フォーメーション（15〜20点）,0.5777,"{'is_target': True, 'verdict': '点数絞り', 'max_combo_prob': 0.1287, 'est_top_odds': 10.4, 'circle_concentration': 71.7, 'eligible_count': 9, 'bet_adj': 0, 'reason': 'rel_win1=55.9%（本命度） / 最有力組み合わせ確率: 0.129（推定実オッズ?10倍） / 2着集中度: 上位2艇 71.7%（補正+0.04） / 総合判定確率: 0.169 / → ヒモはやや固め。上位2艇以外を切ること', 'tenji_trigger': '展示確認: 1号艇伸び良→そのまま採用。悪→飛び組に差し替え。circle_pct上位2艇に絞り込むこと。\n展示で1号艇スタート超安定(0.140秒)→ヒモ固まり方向に注意'}",,,24,両建て推奨,11.83,36.3,2,,,,,,,,,,,
2025-11-25,丸亀,1,3,廣中良一,B1,27.45,3,△,11.3256,18.9,61,34.8,0.1449,2.9638,,,0,低,151,0,-,,0,45.4,0.8058,0,0,0.0385,0.0385,0,0.1581,0.0762,0.1771,,,C,△,,0.2852,0.6395,,0.428,B,57,0,◎○△フォーメーション（15〜20点）,0.5777,"{'is_target': True, 'verdict': '点数絞り', 'max_combo_prob': 0.1287, 'est_top_odds': 10.4, 'circle_concentration': 71.7, 'eligible_count': 9, 'bet_adj': 0, 'reason': 'rel_win1=55.9%（本命度） / 最有力組み合わせ確率: 0.129（推定実オッズ?10倍） / 2着集中度: 上位2艇 71.7%（補正+0.04） / 総合判定確率: 0.169 / → ヒモはやや固め。上位2艇以外を切ること', 'tenji_trigger': '展示確認: 1号艇伸び良→そのまま採用。悪→飛び組に差し替え。circle_pct上位2艇に絞り込むこと。\n展示で1号艇スタート超安定(0.140秒)→ヒモ固まり方向に注意'}",,,24,両建て推奨,11.83,36.3,2,,,,,,,,,,,
2025-11-25,丸亀,1,4,眞鳥康太,B1,31.58,4,▲,12.6659,16.7,92,42.9,0.1794,3.6224,,,0,低,138,0,差0% ま0% 差ま0%,,0,59.5,1.1038,0,0.0556,0.0556,0.0556,0,0.0444,0.2444,0.0444,,,C,,,0.1527,0.5595,,0.428,B,57,0,◎○△フォーメーション（15〜20点）,0.5777,"{'is_target': True, 'verdict': '点数絞り', 'max_combo_prob': 0.1287, 'est_top_odds': 10.4, 'circle_concentration': 71.7, 'eligible_count': 9, 'bet_adj': 0, 'reason': 'rel_win1=55.9%（本命度） / 最有力組み合わせ確率: 0.129（推定実オッズ?10倍） / 2着集中度: 上位2艇 71.7%（補正+0.04） / 総合判定確率: 0.169 / → ヒモはやや固め。上位2艇以外を切ること', 'tenji_trigger': '展示確認: 1号艇伸び良→そのまま採用。悪→飛び組に差し替え。circle_pct上位2艇に絞り込むこと。\n展示で1号艇スタート超安定(0.140秒)→ヒモ固まり方向に注意'}",,,24,両建て推奨,11.83,36.3,2,,,,,,,,,,,
2025-11-25,丸亀,1,5,信濃由行,B1,23.26,5,,6.4231,7.5,16,18.3,0.1802,3.875,,,0,低,146,0,-,,0,24.2,0.6529,,,,,,0.0348,0.0696,0.3096,,,D,△,,0.1949,0.6165,,0.428,B,57,0,◎○△フォーメーション（15〜20点）,0.5777,"{'is_target': True, 'verdict': '点数絞り', 'max_combo_prob': 0.1287, 'est_top_odds': 10.4, 'circle_concentration': 71.7, 'eligible_count': 9, 'bet_adj': 0, 'reason': 'rel_win1=55.9%（本命度） / 最有力組み合わせ確率: 0.129（推定実オッズ?10倍） / 2着集中度: 上位2艇 71.7%（補正+0.04） / 総合判定確率: 0.169 / → ヒモはやや固め。上位2艇以外を切ること', 'tenji_trigger': '展示確認: 1号艇伸び良→そのまま採用。悪→飛び組に差し替え。circle_pct上位2艇に絞り込むこと。\n展示で1号艇スタート超安定(0.140秒)→ヒモ固まり方向に注意'}",,,24,両建て推奨,11.83,36.3,2,,,,,,,,,,,
2025-11-25,丸亀,1,6,峰重力也,B1,32.69,6,○,1.4473,4.1,42,23.4,0.1255,2.9362,,,0,低,41,0,-,,0,27,0.9561,,,,,,0.0211,0.1699,0.1699,,,B,◎,,0.3667,0.677,,0.428,B,57,0,◎○△フォーメーション（15〜20点）,0.5777,"{'is_target': True, 'verdict': '点数絞り', 'max_combo_prob': 0.1287, 'est_top_odds': 10.4, 'circle_concentration': 71.7, 'eligible_count': 9, 'bet_adj': 0, 'reason': 'rel_win1=55.9%（本命度） / 最有力組み合わせ確率: 0.129（推定実オッズ?10倍） / 2着集中度: 上位2艇 71.7%（補正+0.04） / 総合判定確率: 0.169 / → ヒモはやや固め。上位2艇以外を切ること', 'tenji_trigger': '展示確認: 1号艇伸び良→そのまま採用。悪→飛び組に差し替え。circle_pct上位2艇に絞り込むこと。\n展示で1号艇スタート超安定(0.140秒)→ヒモ固まり方向に注意'}",,,24,両建て推奨,11.83,36.3,2,,,,,,,,,,,
2025-11-25,丸亀,2,1,西村秀樹,B1,32.14,1,◎,43.9436,,0,67.7,0.1726,3.2206,,,0,低,122,0,-,,0,59.6,0.981,0.125,,,,,0.25,0.1875,0.3125,△,,B,○,,,0.6095,,0.2613,B,52,0,◎○△フォーメーション（15〜20点）,0.5777,"{'is_target': False, 'verdict': '対象外', 'max_combo_prob': None, 'est_top_odds': None, 'circle_concentration': None, 'eligible_count': 0, 'bet_adj': 0, 'reason': '1号艇rel_win1 < 45%: 通常判定に委ねる', 'tenji_trigger': ''}",,,25.8,両建て推奨,15.48,38.3,5,3-1-5|1-3-5|1-2-5|1-3-2|1-5-3|1-5-2,4-1-5|6-1-2|3-1-5|6-2-1|4-1-6|4-5-1|6-1-5|1-3-5|1-2-5|1-3-2|1-5-3|1-5-2,3-1-5:2.51%|1-3-5:8.28%|1-2-5:5.28%|1-3-2:5.27%|1-5-3:4.32%|1-5-2:4.03%,3-1-5:B_main|1-3-5:A|1-2-5:A|1-3-2:A|1-5-3:A|1-5-2:A,6,12,0.4535,1,[!]見送り推奨（主役決まり手「まくり差し」― 逃げ劣勢レースで的中実績なし）,荒れ広め,D
2025-11-25,丸亀,2,2,畔柳俊吾,B1,30.77,2,△,16.5726,22.3,100,50,0.1885,4.2583,,,0,低,164,0,差0% ま0%,,0,33.5,0.8878,0,0.1071,0.1071,0,0,0.287,0.2217,0.2696,,,C,△,,0.2041,0.5885,,0.2613,B,52,0,◎○△フォーメーション（15〜20点）,0.5777,"{'is_target': False, 'verdict': '対象外', 'max_combo_prob': None, 'est_top_odds': None, 'circle_concentration': None, 'eligible_count': 0, 'bet_adj': 0, 'reason': '1号艇rel_win1 < 45%: 通常判定に委ねる', 'tenji_trigger': ''}",,,25.8,両建て推奨,15.48,38.3,5,,,,,,,,,,,
2025-11-25,丸亀,2,3,黒澤めぐ,A2,26.92,3,○,16.9807,36.1,53,52,0.1356,3.06,,,0,低,48,0,差ま0% 抜0%,,0,48.4,1.1925,0,0,0,0.0909,0.0909,0,0.0571,0,,◎,C,,,0.5036,0.5305,,0.2613,B,52,0,◎○△フォーメーション（15〜20点）,0.5777,"{'is_target': False, 'verdict': '対象外', 'max_combo_prob': None, 'est_top_odds': None, 'circle_concentration': None, 'eligible_count': 0, 'bet_adj': 0, 'reason': '1号艇rel_win1 < 45%: 通常判定に委ねる', 'tenji_trigger': ''}",,,25.8,両建て推奨,15.48,38.3,5,,,,,,,,,,,
2025-11-25,丸亀,2,4,米玉利大,B2,22.50,4,,8.2057,10.7,54,21.1,0.1832,4.1053,,,0,低,58,0,-,,0,22.6,0.6728,,,,,,0,0.6667,0,,,D,,,0.2986,0.5175,,0.2613,B,52,0,◎○△フォーメーション（15〜20点）,0.5777,"{'is_target': False, 'verdict': '対象外', 'max_combo_prob': None, 'est_top_odds': None, 'circle_concentration': None, 'eligible_count': 0, 'bet_adj': 0, 'reason': '1号艇rel_win1 < 45%: 通常判定に委ねる', 'tenji_trigger': ''}",,,25.8,両建て推奨,15.48,38.3,5,,,,,,,,,,,
2025-11-25,丸亀,2,5,石橋道友,A1,19.51,5,,12.8989,26.4,44,58.1,0.1251,2.4302,,,0,低,72,0,-,,0,100,2.6831,0,0,0,0.05,0.05,0.0516,0.0129,0.0129,,○,E,◎,◎,0.4618,0.64,0.4413,0.2613,B,52,0,◎○△フォーメーション（15〜20点）,0.5777,"{'is_target': False, 'verdict': '対象外', 'max_combo_prob': None, 'est_top_odds': None, 'circle_concentration': None, 'eligible_count': 0, 'bet_adj': 0, 'reason': '1号艇rel_win1 < 45%: 通常判定に委ねる', 'tenji_trigger': ''}",,,25.8,両建て推奨,15.48,38.3,5,,,,,,,,,,,
2025-11-25,丸亀,2,6,北川幸典,B1,33.33,6,▲,1.3986,4.5,55,22.9,0.1734,3.6857,,,0,低,79,0,-,,0,29.8,0.8389,,,,,,0.3125,0.125,0.1875,,,B,△,,0.339,0.5995,,0.2613,B,52,0,◎○△フォーメーション（15〜20点）,0.5777,"{'is_target': False, 'verdict': '対象外', 'max_combo_prob': None, 'est_top_odds': None, 'circle_concentration': None, 'eligible_count': 0, 'bet_adj': 0, 'reason': '1号艇rel_win1 < 45%: 通常判定に委ねる', 'tenji_trigger': ''}",,,25.8,両建て推奨,15.48,38.3,5,,,,,,,,,,,
2025-11-25,丸亀,3,1,芹澤克彦,B1,29.79,1,◎,43.2986,,0,61.9,0.1469,3.0238,,,0,低,65,0,逃0%,,0,50.7,0.8063,0.2857,,,,,0.1962,0.0952,0.0571,○,,B,◎,,,0.643,,0.3805,C,43,0,荒れ傾向。高配当狙いか見送り,0.5777,"{'is_target': False, 'verdict': '対象外', 'max_combo_prob': None, 'est_top_odds': None, 'circle_concentration': None, 'eligible_count': 0, 'bet_adj': 0, 'reason': '1号艇rel_win1 < 45%: 通常判定に委ねる', 'tenji_trigger': ''}",,,30.5,両建て推奨,23.78,30.3,4,,,,,0,0,0.6155,0,,主役軸流し,B
2025-11-25,丸亀,3,2,平川香織,B1,17.78,2,,18.6348,44.7,56,66.7,0.1873,4.1,,,0,低,85,0,-,,0,50.8,1.1791,0,0.1765,0.1176,0,0,0.075,0.075,0.275,,,D,,,0.1188,0.56,,0.3805,C,43,0,荒れ傾向。高配当狙いか見送り,0.5777,"{'is_target': False, 'verdict': '対象外', 'max_combo_prob': None, 'est_top_odds': None, 'circle_concentration': None, 'eligible_count': 0, 'bet_adj': 0, 'reason': '1号艇rel_win1 < 45%: 通常判定に委ねる', 'tenji_trigger': ''}",,,30.5,両建て推奨,23.78,30.3,4,,,,,,,,,,,
2025-11-25,丸亀,3,3,森　雄利,B2,26.19,3,○,13.8928,24.5,74,40,0.128,1.8,,,0,低,68,1,差ま0%,,0,36.7,0.9425,0,0,0,0.2,0,0.25,0.25,0,,◎,C,△,,0.4409,0.61,,0.3805,C,43,0,荒れ傾向。高配当狙いか見送り,0.5777,"{'is_target': False, 'verdict': '対象外', 'max_combo_prob': None, 'est_top_odds': None, 'circle_concentration': None, 'eligible_count': 0, 'bet_adj': 0, 'reason': '1号艇rel_win1 < 45%: 通常判定に委ねる', 'tenji_trigger': ''}",,,30.5,両建て推奨,23.78,30.3,4,,,,,,,,,,,
2025-11-25,丸亀,3,4,山口達也,A1,26.19,4,△,18.4526,19.8,100,71.9,0.1666,3.3906,,,0,低,66,0,ま0%,,0,93.1,1.727,0,0,0.5,0,0,0,0.1154,0.1154,,,C,○,◎,0.3654,0.625,0.3899,0.3805,C,43,0,荒れ傾向。高配当狙いか見送り,0.5777,"{'is_target': False, 'verdict': '対象外', 'max_combo_prob': None, 'est_top_odds': None, 'circle_concentration': None, 'eligible_count': 0, 'bet_adj': 0, 'reason': '1号艇rel_win1 < 45%: 通常判定に委ねる', 'tenji_trigger': ''}",,,30.5,両建て推奨,23.78,30.3,4,,,,,,,,,,,
2025-11-25,丸亀,3,5,宮地秀祈,B1,34.04,5,▲,4.6605,8.3,58,27.9,0.1861,3.9016,,,0,低,145,0,-,,0,34.7,0.8019,,,,,,0.2914,0.2714,0.06,,,B,,,0.1845,0.6005,,0.3805,C,43,0,荒れ傾向。高配当狙いか見送り,0.5777,"{'is_target': False, 'verdict': '対象外', 'max_combo_prob': None, 'est_top_odds': None, 'circle_concentration': None, 'eligible_count': 0, 'bet_adj': 0, 'reason': '1号艇rel_win1 < 45%: 通常判定に委ねる', 'tenji_trigger': ''}",,,30.5,両建て推奨,23.78,30.3,4,,,,,,,,,,,
2025-11-25,丸亀,3,6,岡本慎治,A2,25.49,6,,1.0608,2.7,39,24.2,0.2048,4.3636,,,0,低,107,0,-,,0,24,0.6931,,,,,,0.4053,0.0421,0.2132,,,D,△,,0.1493,0.611,,0.3805,C,43,0,荒れ傾向。高配当狙いか見送り,0.5777,"{'is_target': False, 'verdict': '対象外', 'max_combo_prob': None, 'est_top_odds': None, 'circle_concentration': None, 'eligible_count': 0, 'bet_adj': 0, 'reason': '1号艇rel_win1 < 45%: 通常判定に委ねる', 'tenji_trigger': ''}",,,30.5,両建て推奨,23.78,30.3,4,,,,,,,,,,,
2025-11-25,丸亀,4,1,滝川真由,B1,18.18,1,◎,57.7491,,0,83.3,0.1638,3.7708,,,0,低,60,0,逃1%,,0,85.2,1.0831,0.6667,,,,,0.2333,0.2667,0.0333,◎,,D,,,,0.612,,0.4625,S,83,0,◎1着固定 2-3着流し（5〜8点）,0.5777,"{'is_target': True, 'verdict': '参加推奨', 'max_combo_prob': 0.0738, 'est_top_odds': 18.1, 'circle_concentration': 59.4, 'eligible_count': 6, 'bet_adj': 2, 'reason': 'rel_win1=57.7%（本命度） / 最有力組み合わせ確率: 0.074（推定実オッズ?18倍） / 2着集中度: 上位2艇 59.4%（補正+0.00） / 総合判定確率: 0.074 / → ヒモ分散。1号艇1着固定で広めのヒモ流し推奨（買い目+2点）', 'tenji_trigger': '展示確認: ヒモ分散レース。1号艇伸び確認後、広めのヒモ流しを採用。穴ヒモ（5・6号艇）を積極的に含める。'}",,,24.6,逃げ狙い,14.16,35.9,3,,,,,0,0,0.7559,0,,逃げ軸流し,A
2025-11-25,丸亀,4,2,木村光宏,B1,20.93,2,△,11.3311,42.2,70,46,0.1772,3.7,,,0,低,99,0,-,,0,66.4,0.6841,0,0.0455,0,0,0,0.3952,0.3571,0.0571,,,D,△,,0.1748,0.6335,,0.4625,S,83,0,◎1着固定 2-3着流し（5〜8点）,0.5777,"{'is_target': True, 'verdict': '参加推奨', 'max_combo_prob': 0.0738, 'est_top_odds': 18.1, 'circle_concentration': 59.4, 'eligible_count': 6, 'bet_adj': 2, 'reason': 'rel_win1=57.7%（本命度） / 最有力組み合わせ確率: 0.074（推定実オッズ?18倍） / 2着集中度: 上位2艇 59.4%（補正+0.00） / 総合判定確率: 0.074 / → ヒモ分散。1号艇1着固定で広めのヒモ流し推奨（買い目+2点）', 'tenji_trigger': '展示確認: ヒモ分散レース。1号艇伸び確認後、広めのヒモ流しを採用。穴ヒモ（5・6号艇）を積極的に含める。'}",,,24.6,逃げ狙い,14.16,35.9,3,,,,,,,,,,,
2025-11-25,丸亀,4,3,貫地谷直,B1,25.00,3,,8.2841,17.2,83,34.8,0.2258,4.4545,,,0,低,204,0,-,,0,15.8,0.7287,,,,,,0.0571,0.6214,0.2643,,,C,,,0.1381,0.5725,,0.4625,S,83,0,◎1着固定 2-3着流し（5〜8点）,0.5777,"{'is_target': True, 'verdict': '参加推奨', 'max_combo_prob': 0.0738, 'est_top_odds': 18.1, 'circle_concentration': 59.4, 'eligible_count': 6, 'bet_adj': 2, 'reason': 'rel_win1=57.7%（本命度） / 最有力組み合わせ確率: 0.074（推定実オッズ?18倍） / 2着集中度: 上位2艇 59.4%（補正+0.00） / 総合判定確率: 0.074 / → ヒモ分散。1号艇1着固定で広めのヒモ流し推奨（買い目+2点）', 'tenji_trigger': '展示確認: ヒモ分散レース。1号艇伸び確認後、広めのヒモ流しを採用。穴ヒモ（5・6号艇）を積極的に含める。'}",,,24.6,逃げ狙い,14.16,35.9,3,,,,,,,,,,,
2025-11-25,丸亀,4,4,大場　敏,A2,29.09,4,○,10.785,15.5,100,53.8,0.1532,3.8077,,,0,低,93,0,-,,0,79.1,1.3457,0,0,0.0385,0,0,0.0933,0.1756,0.0111,,,B,◎,◎,0.3235,0.7095,0.3122,0.4625,S,83,0,◎1着固定 2-3着流し（5〜8点）,0.5777,"{'is_target': True, 'verdict': '参加推奨', 'max_combo_prob': 0.0738, 'est_top_odds': 18.1, 'circle_concentration': 59.4, 'eligible_count': 6, 'bet_adj': 2, 'reason': 'rel_win1=57.7%（本命度） / 最有力組み合わせ確率: 0.074（推定実オッズ?18倍） / 2着集中度: 上位2艇 59.4%（補正+0.00） / 総合判定確率: 0.074 / → ヒモ分散。1号艇1着固定で広めのヒモ流し推奨（買い目+2点）', 'tenji_trigger': '展示確認: ヒモ分散レース。1号艇伸び確認後、広めのヒモ流しを採用。穴ヒモ（5・6号艇）を積極的に含める。'}",,,24.6,逃げ狙い,14.16,35.9,3,,,,,,,,,,,
2025-11-25,丸亀,4,5,草場康幸,B1,14.63,5,,4.5045,8.5,72,32.1,0.1511,3.3019,,,0,低,98,0,-,,0,82.3,1.3857,,,,,,0.21,0.02,0,,,E,○,,0.3539,0.6715,,0.4625,S,83,0,◎1着固定 2-3着流し（5〜8点）,0.5777,"{'is_target': True, 'verdict': '参加推奨', 'max_combo_prob': 0.0738, 'est_top_odds': 18.1, 'circle_concentration': 59.4, 'eligible_count': 6, 'bet_adj': 2, 'reason': 'rel_win1=57.7%（本命度） / 最有力組み合わせ確率: 0.074（推定実オッズ?18倍） / 2着集中度: 上位2艇 59.4%（補正+0.00） / 総合判定確率: 0.074 / → ヒモ分散。1号艇1着固定で広めのヒモ流し推奨（買い目+2点）', 'tenji_trigger': '展示確認: ヒモ分散レース。1号艇伸び確認後、広めのヒモ流しを採用。穴ヒモ（5・6号艇）を積極的に含める。'}",,,24.6,逃げ狙い,14.16,35.9,3,,,,,,,,,,,
2025-11-25,丸亀,4,6,松田大志,A1,39.62,6,▲,7.3462,16.6,75,53.8,0.188,4.1385,,,0,低,125,0,-,,0,29.8,1.2197,0,0.0345,0.0345,0.0345,0,0.0948,0.0273,0.113,,,A,△,○,0.2068,0.631,0.1727,0.4625,S,83,0,◎1着固定 2-3着流し（5〜8点）,0.5777,"{'is_target': True, 'verdict': '参加推奨', 'max_combo_prob': 0.0738, 'est_top_odds': 18.1, 'circle_concentration': 59.4, 'eligible_count': 6, 'bet_adj': 2, 'reason': 'rel_win1=57.7%（本命度） / 最有力組み合わせ確率: 0.074（推定実オッズ?18倍） / 2着集中度: 上位2艇 59.4%（補正+0.00） / 総合判定確率: 0.074 / → ヒモ分散。1号艇1着固定で広めのヒモ流し推奨（買い目+2点）', 'tenji_trigger': '展示確認: ヒモ分散レース。1号艇伸び確認後、広めのヒモ流しを採用。穴ヒモ（5・6号艇）を積極的に含める。'}",,,24.6,逃げ狙い,14.16,35.9,3,,,,,,,,,,,
2025-11-25,丸亀,5,1,盛本真輔,B1,39.66,1,◎,47.7537,,0,88.2,0.1443,2.7105,,,0,低,190,0,逃0%,,0,63.2,0.9274,0.5526,,,,,0.1487,0.0211,0.2237,◎,,C,△,,,0.596,,0.5756,A,75,0,◎-○軸 3着3〜4艇流し（10〜15点）,0.5777,"{'is_target': True, 'verdict': '参加推奨', 'max_combo_prob': 0.0773, 'est_top_odds': 17.2, 'circle_concentration': 76.2, 'eligible_count': 8, 'bet_adj': 2, 'reason': 'rel_win1=47.8%（本命度） / 最有力組み合わせ確率: 0.077（推定実オッズ?17倍） / 2着集中度: 上位2艇 76.2%（補正+0.04） / 総合判定確率: 0.117 / → ヒモ分散。1号艇1着固定で広めのヒモ流し推奨（買い目+2点）', 'tenji_trigger': '展示確認: ヒモ分散レース。1号艇伸び確認後、広めのヒモ流しを採用。穴ヒモ（5・6号艇）を積極的に含める。'}",,,31,逃げ狙い,25.86,29.9,2,,,,,0,0,0.7559,0,,逃げ軸流し,A
2025-11-25,丸亀,5,2,安河内将,A1,43.14,2,○,24.6923,56,100,85,0.1638,3.3375,,,0,低,99,0,差0% ま0%,,0,76.7,1.469,0,0.3684,0.0526,0,0,0.0781,0.0781,0.0781,,,B,◎,,0.2109,0.6335,,0.5756,A,75,0,◎-○軸 3着3〜4艇流し（10〜15点）,0.5777,"{'is_target': True, 'verdict': '参加推奨', 'max_combo_prob': 0.0773, 'est_top_odds': 17.2, 'circle_concentration': 76.2, 'eligible_count': 8, 'bet_adj': 2, 'reason': 'rel_win1=47.8%（本命度） / 最有力組み合わせ確率: 0.077（推定実オッズ?17倍） / 2着集中度: 上位2艇 76.2%（補正+0.04） / 総合判定確率: 0.117 / → ヒモ分散。1号艇1着固定で広めのヒモ流し推奨（買い目+2点）', 'tenji_trigger': '展示確認: ヒモ分散レース。1号艇伸び確認後、広めのヒモ流しを採用。穴ヒモ（5・6号艇）を積極的に含める。'}",,,31,逃げ狙い,25.86,29.9,2,,,,,,,,,,,
2025-11-25,丸亀,5,3,浜崎準也,B1,28.30,3,,8.6893,20.2,75,46.9,0.1516,3.2656,,,0,低,122,0,差0%,,0,91.5,1.8262,0,0.05,0,0,0,0.3,0.3,0,,,D,△,,0.247,0.5915,,0.5756,A,75,0,◎-○軸 3着3〜4艇流し（10〜15点）,0.5777,"{'is_target': True, 'verdict': '参加推奨', 'max_combo_prob': 0.0773, 'est_top_odds': 17.2, 'circle_concentration': 76.2, 'eligible_count': 8, 'bet_adj': 2, 'reason': 'rel_win1=47.8%（本命度） / 最有力組み合わせ確率: 0.077（推定実オッズ?17倍） / 2着集中度: 上位2艇 76.2%（補正+0.04） / 総合判定確率: 0.117 / → ヒモ分散。1号艇1着固定で広めのヒモ流し推奨（買い目+2点）', 'tenji_trigger': '展示確認: ヒモ分散レース。1号艇伸び確認後、広めのヒモ流しを採用。穴ヒモ（5・6号艇）を積極的に含める。'}",,,31,逃げ狙い,25.86,29.9,2,,,,,,,,,,,
2025-11-25,丸亀,5,4,滝沢織寧,B1,45.28,4,△,6.87,7.5,87,30.6,0.1906,3.8611,,,0,低,58,0,差0%,,0,22.7,0.7162,0,0.0714,0,0,0,0.2857,0.4286,0.2857,,,B,,,0.1174,0.5245,,0.5756,A,75,0,◎-○軸 3着3〜4艇流し（10〜15点）,0.5777,"{'is_target': True, 'verdict': '参加推奨', 'max_combo_prob': 0.0773, 'est_top_odds': 17.2, 'circle_concentration': 76.2, 'eligible_count': 8, 'bet_adj': 2, 'reason': 'rel_win1=47.8%（本命度） / 最有力組み合わせ確率: 0.077（推定実オッズ?17倍） / 2着集中度: 上位2艇 76.2%（補正+0.04） / 総合判定確率: 0.117 / → ヒモ分散。1号艇1着固定で広めのヒモ流し推奨（買い目+2点）', 'tenji_trigger': '展示確認: ヒモ分散レース。1号艇伸び確認後、広めのヒモ流しを採用。穴ヒモ（5・6号艇）を積極的に含める。'}",,,31,逃げ狙い,25.86,29.9,2,,,,,,,,,,,
2025-11-25,丸亀,5,5,西丸侑太,A2,54.90,5,▲,9.9889,13.4,98,44.7,0.1598,3.5745,,,0,低,100,0,-,,0,64.9,1.2524,0,0,0,0.0909,0,0,0.1314,0.0429,,,A,○,◎,0.2496,0.6105,0.3933,0.5756,A,75,0,◎-○軸 3着3〜4艇流し（10〜15点）,0.5777,"{'is_target': True, 'verdict': '参加推奨', 'max_combo_prob': 0.0773, 'est_top_odds': 17.2, 'circle_concentration': 76.2, 'eligible_count': 8, 'bet_adj': 2, 'reason': 'rel_win1=47.8%（本命度） / 最有力組み合わせ確率: 0.077（推定実オッズ?17倍） / 2着集中度: 上位2艇 76.2%（補正+0.04） / 総合判定確率: 0.117 / → ヒモ分散。1号艇1着固定で広めのヒモ流し推奨（買い目+2点）', 'tenji_trigger': '展示確認: ヒモ分散レース。1号艇伸び確認後、広めのヒモ流しを採用。穴ヒモ（5・6号艇）を積極的に含める。'}",,,31,逃げ狙い,25.86,29.9,2,,,,,,,,,,,
2025-11-25,丸亀,5,6,村上彰一,B1,18.92,6,,2.0058,2.9,79,23.9,0.1941,3.9891,,,0,低,120,0,-,,0,45.2,1.0125,,,,,,0.225,0.25,0.25,,,E,,,0.1569,0.5715,,0.5756,A,75,0,◎-○軸 3着3〜4艇流し（10〜15点）,0.5777,"{'is_target': True, 'verdict': '参加推奨', 'max_combo_prob': 0.0773, 'est_top_odds': 17.2, 'circle_concentration': 76.2, 'eligible_count': 8, 'bet_adj': 2, 'reason': 'rel_win1=47.8%（本命度） / 最有力組み合わせ確率: 0.077（推定実オッズ?17倍） / 2着集中度: 上位2艇 76.2%（補正+0.04） / 総合判定確率: 0.117 / → ヒモ分散。1号艇1着固定で広めのヒモ流し推奨（買い目+2点）', 'tenji_trigger': '展示確認: ヒモ分散レース。1号艇伸び確認後、広めのヒモ流しを採用。穴ヒモ（5・6号艇）を積極的に含める。'}",,,31,逃げ狙い,25.86,29.9,2,,,,,,,,,,,
2025-11-25,丸亀,6,1,田川大貴,A2,23.21,1,◎,52.7275,,0,87.3,0.1525,2.9444,,,0,低,91,0,逃0%,,0,57.1,0.9359,0.6,,,,,0.1434,0.0774,0.1003,◎,,D,△,,,0.616,,0.4959,A,73,0,◎-○軸 3着3〜4艇流し（10〜15点）,0.5777,"{'is_target': True, 'verdict': '参加推奨', 'max_combo_prob': 0.0563, 'est_top_odds': 23.7, 'circle_concentration': 73.9, 'eligible_count': 8, 'bet_adj': 2, 'reason': 'rel_win1=52.7%（本命度） / 最有力組み合わせ確率: 0.056（推定実オッズ?24倍） / 2着集中度: 上位2艇 73.9%（補正+0.04） / 総合判定確率: 0.096 / → ヒモ分散。1号艇1着固定で広めのヒモ流し推奨（買い目+2点）', 'tenji_trigger': '展示確認: ヒモ分散レース。1号艇伸び確認後、広めのヒモ流しを採用。穴ヒモ（5・6号艇）を積極的に含める。'}",,,30,逃げ狙い,22.51,29.9,6,,,,,0,0,0.7559,0,,逃げ軸流し,A
2025-11-25,丸亀,6,2,三嶌さら,B1,42.55,2,△,13.2022,37.2,96,44.4,0.1611,3.7222,,,0,低,82,1,抜0%,,0,48.4,1.1348,0,0,0,0,0.1111,0,0.25,0,,,B,,,0.263,0.576,,0.4959,A,73,0,◎-○軸 3着3〜4艇流し（10〜15点）,0.5777,"{'is_target': True, 'verdict': '参加推奨', 'max_combo_prob': 0.0563, 'est_top_odds': 23.7, 'circle_concentration': 73.9, 'eligible_count': 8, 'bet_adj': 2, 'reason': 'rel_win1=52.7%（本命度） / 最有力組み合わせ確率: 0.056（推定実オッズ?24倍） / 2着集中度: 上位2艇 73.9%（補正+0.04） / 総合判定確率: 0.096 / → ヒモ分散。1号艇1着固定で広めのヒモ流し推奨（買い目+2点）', 'tenji_trigger': '展示確認: ヒモ分散レース。1号艇伸び確認後、広めのヒモ流しを採用。穴ヒモ（5・6号艇）を積極的に含める。'}",,,30,逃げ狙い,22.51,29.9,6,,,,,,,,,,,
2025-11-25,丸亀,6,3,北川潤二,A1,42.59,3,○,13.4376,36.6,97,63.2,0.1367,2.6382,,,0,低,54,0,-,,0,100,0.8144,0,0,0.0556,0,0,0.0848,0.1348,0.0435,,◎,A,◎,,0.3796,0.673,,0.4959,A,73,0,◎-○軸 3着3〜4艇流し（10〜15点）,0.5777,"{'is_target': True, 'verdict': '参加推奨', 'max_combo_prob': 0.0563, 'est_top_odds': 23.7, 'circle_concentration': 73.9, 'eligible_count': 8, 'bet_adj': 2, 'reason': 'rel_win1=52.7%（本命度） / 最有力組み合わせ確率: 0.056（推定実オッズ?24倍） / 2着集中度: 上位2艇 73.9%（補正+0.04） / 総合判定確率: 0.096 / → ヒモ分散。1号艇1着固定で広めのヒモ流し推奨（買い目+2点）', 'tenji_trigger': '展示確認: ヒモ分散レース。1号艇伸び確認後、広めのヒモ流しを採用。穴ヒモ（5・6号艇）を積極的に含める。'}",,,30,逃げ狙い,22.51,29.9,6,,,,,,,,,,,
2025-11-25,丸亀,6,4,信濃由行,B1,23.26,4,,7.4211,14.3,100,41.7,0.1595,3.4917,,,0,低,146,0,ま0%,,0,34.2,0.8581,0,0.0909,0.0303,0.0303,0,0.0348,0.0696,0.3096,,,D,△,○,0.2781,0.6165,0.3318,0.4959,A,73,0,◎-○軸 3着3〜4艇流し（10〜15点）,0.5777,"{'is_target': True, 'verdict': '参加推奨', 'max_combo_prob': 0.0563, 'est_top_odds': 23.7, 'circle_concentration': 73.9, 'eligible_count': 8, 'bet_adj': 2, 'reason': 'rel_win1=52.7%（本命度） / 最有力組み合わせ確率: 0.056（推定実オッズ?24倍） / 2着集中度: 上位2艇 73.9%（補正+0.04） / 総合判定確率: 0.096 / → ヒモ分散。1号艇1着固定で広めのヒモ流し推奨（買い目+2点）', 'tenji_trigger': '展示確認: ヒモ分散レース。1号艇伸び確認後、広めのヒモ流しを採用。穴ヒモ（5・6号艇）を積極的に含める。'}",,,30,逃げ狙い,22.51,29.9,6,,,,,,,,,,,
2025-11-25,丸亀,6,5,米玉利大,B2,22.50,5,,6.0857,4.1,74,5,0.196,4.125,,,0,低,58,0,-,,0,24.6,0.7514,0,0,0,0,0,0,0.6667,0,,,E,,,0.1856,0.5175,,0.4959,A,73,0,◎-○軸 3着3〜4艇流し（10〜15点）,0.5777,"{'is_target': True, 'verdict': '参加推奨', 'max_combo_prob': 0.0563, 'est_top_odds': 23.7, 'circle_concentration': 73.9, 'eligible_count': 8, 'bet_adj': 2, 'reason': 'rel_win1=52.7%（本命度） / 最有力組み合わせ確率: 0.056（推定実オッズ?24倍） / 2着集中度: 上位2艇 73.9%（補正+0.04） / 総合判定確率: 0.096 / → ヒモ分散。1号艇1着固定で広めのヒモ流し推奨（買い目+2点）', 'tenji_trigger': '展示確認: ヒモ分散レース。1号艇伸び確認後、広めのヒモ流しを採用。穴ヒモ（5・6号艇）を積極的に含める。'}",,,30,逃げ狙い,22.51,29.9,6,,,,,,,,,,,
2025-11-25,丸亀,6,6,山田祐也,A1,39.13,6,▲,7.126,7.7,78,57.1,0.1457,3.4286,,,0,低,53,0,差ま0% 抜0%,,0,26.1,2.3686,0,0,0,0.0714,0.0714,0,0.0455,0.1364,,,B,○,◎,0.3218,0.663,0.4068,0.4959,A,73,0,◎-○軸 3着3〜4艇流し（10〜15点）,0.5777,"{'is_target': True, 'verdict': '参加推奨', 'max_combo_prob': 0.0563, 'est_top_odds': 23.7, 'circle_concentration': 73.9, 'eligible_count': 8, 'bet_adj': 2, 'reason': 'rel_win1=52.7%（本命度） / 最有力組み合わせ確率: 0.056（推定実オッズ?24倍） / 2着集中度: 上位2艇 73.9%（補正+0.04） / 総合判定確率: 0.096 / → ヒモ分散。1号艇1着固定で広めのヒモ流し推奨（買い目+2点）', 'tenji_trigger': '展示確認: ヒモ分散レース。1号艇伸び確認後、広めのヒモ流しを採用。穴ヒモ（5・6号艇）を積極的に含める。'}",,,30,逃げ狙い,22.51,29.9,6,,,,,,,,,,,
2025-11-25,丸亀,7,1,眞鳥康太,B1,31.58,1,◎,43.7226,,0,73.2,0.1634,3.1707,,,0,低,138,0,逃0%,,0,51,0.9246,0.5,,,,,0.0444,0.2444,0.0444,△,,C,,,,0.5595,,0.3242,B,49,0,◎○△フォーメーション（15〜20点）,0.5777,"{'is_target': False, 'verdict': '対象外', 'max_combo_prob': None, 'est_top_odds': None, 'circle_concentration': None, 'eligible_count': 0, 'bet_adj': 0, 'reason': '1号艇rel_win1 < 45%: 通常判定に委ねる', 'tenji_trigger': ''}",,,31.5,両建て推奨,26.54,30.8,3,3-4-5|3-5-4|1-2-5|1-3-5|1-2-3|1-3-2|1-4-5,4-1-5|2-1-5|2-1-4|4-1-6|3-4-5|3-5-4|4-1-2|1-2-5|1-3-5|1-2-3|1-3-2|1-4-5,3-4-5:1.88%|3-5-4:1.87%|1-2-5:6.76%|1-3-5:6.19%|1-2-3:6.03%|1-3-2:5.12%|1-4-5:4.79%,3-4-5:B_main|3-5-4:B_main|1-2-5:A|1-3-5:A|1-2-3:A|1-3-2:A|1-4-5:A,7,12,0.4535,1,[!]見送り推奨（主役決まり手「まくり」― 逃げ劣勢レースで的中実績なし）,荒れ広め,D
2025-11-25,丸亀,7,2,北川幸典,B1,33.33,2,△,15.5092,35.1,83,66.7,0.1652,3.4697,,,0,低,79,0,抜0%,,0,99.4,1.9574,0,0.1176,0.0588,0,0.0588,0.3125,0.125,0.1875,,,C,△,,0.3065,0.5995,,0.3242,B,49,0,◎○△フォーメーション（15〜20点）,0.5777,"{'is_target': False, 'verdict': '対象外', 'max_combo_prob': None, 'est_top_odds': None, 'circle_concentration': None, 'eligible_count': 0, 'bet_adj': 0, 'reason': '1号艇rel_win1 < 45%: 通常判定に委ねる', 'tenji_trigger': ''}",,,31.5,両建て推奨,26.54,30.8,3,,,,,,,,,,,
2025-11-25,丸亀,7,3,山田哲也,A1,29.41,3,▲,16.0137,23.1,78,58.3,0.1131,2.0729,,,0,低,17,0,ま0% 抜0%,,0,45.4,1.2392,0,0,0.1176,0,0.0588,0.1046,0.1194,0.0898,,◎,D,◎,,0.4772,0.8045,,0.3242,B,49,0,◎○△フォーメーション（15〜20点）,0.5777,"{'is_target': False, 'verdict': '対象外', 'max_combo_prob': None, 'est_top_odds': None, 'circle_concentration': None, 'eligible_count': 0, 'bet_adj': 0, 'reason': '1号艇rel_win1 < 45%: 通常判定に委ねる', 'tenji_trigger': ''}",,,31.5,両建て推奨,26.54,30.8,3,,,,,,,,,,,
2025-11-25,丸亀,7,4,三木晴斗,B1,34.04,4,○,6.2471,20.7,60,37.2,0.1625,3.1667,,,0,低,97,0,-,,0,67.9,1.4668,,,,,,0.095,0.195,0.155,,,B,,,0.3145,0.5655,,0.3242,B,49,0,◎○△フォーメーション（15〜20点）,0.5777,"{'is_target': False, 'verdict': '対象外', 'max_combo_prob': None, 'est_top_odds': None, 'circle_concentration': None, 'eligible_count': 0, 'bet_adj': 0, 'reason': '1号艇rel_win1 < 45%: 通常判定に委ねる', 'tenji_trigger': ''}",,,31.5,両建て推奨,26.54,30.8,3,,,,,,,,,,,
2025-11-25,丸亀,7,5,前原大道,A1,25.93,5,,14.9754,17.1,69,58.5,0.1512,3.5,,,0,低,90,0,ま0% 差ま0%,,0,95.1,1.8912,0,0,0.0455,0.1818,0,0,0.037,0,,,E,△,◎,0.3547,0.5915,0.4062,0.3242,B,49,0,◎○△フォーメーション（15〜20点）,0.5777,"{'is_target': False, 'verdict': '対象外', 'max_combo_prob': None, 'est_top_odds': None, 'circle_concentration': None, 'eligible_count': 0, 'bet_adj': 0, 'reason': '1号艇rel_win1 < 45%: 通常判定に委ねる', 'tenji_trigger': ''}",,,31.5,両建て推奨,26.54,30.8,3,,,,,,,,,,,
2025-11-25,丸亀,7,6,鶴田勇雄,A2,37.25,6,,3.5319,3.9,100,31.8,0.1688,3.9924,,,0,低,167,0,-,,0,32.4,0.9061,,,,,,0.0258,0.3819,0.0387,,,B,○,,0.2921,0.609,,0.3242,B,49,0,◎○△フォーメーション（15〜20点）,0.5777,"{'is_target': False, 'verdict': '対象外', 'max_combo_prob': None, 'est_top_odds': None, 'circle_concentration': None, 'eligible_count': 0, 'bet_adj': 0, 'reason': '1号艇rel_win1 < 45%: 通常判定に委ねる', 'tenji_trigger': ''}",,,31.5,両建て推奨,26.54,30.8,3,,,,,,,,,,,
2025-11-25,丸亀,8,1,原田篤志,A1,29.41,1,◎,73.6182,,0,91.2,0.1485,2.6758,,,0,低,122,0,逃1%,,0,67.4,1.0384,0.725,,,,,0.02,0.125,0.02,◎,,C,,,,0.5685,,0.6467,A,78,0,◎-○軸 3着3〜4艇流し（10〜15点）,0.5777,"{'is_target': True, 'verdict': '点数絞り', 'max_combo_prob': 0.1758, 'est_top_odds': 7.6, 'circle_concentration': 82.4, 'eligible_count': 8, 'bet_adj': 0, 'reason': 'rel_win1=73.6%（本命度） / 最有力組み合わせ確率: 0.176（推定実オッズ?8倍） / 2着集中度: 上位2艇 82.4%（補正+0.04） / 総合判定確率: 0.216 / → ヒモはやや固め。上位2艇以外を切ること', 'tenji_trigger': '展示確認: 1号艇伸び良→そのまま採用。悪→飛び組に差し替え。circle_pct上位2艇に絞り込むこと。'}",,,25.9,逃げ狙い,13.68,25.8,3,,,,,0,0,0.7559,0,,逃げ軸流し,A
2025-11-25,丸亀,8,2,安田政彦,A2,22.50,2,,9.1598,60.9,100,61.8,0.1902,4.0273,,,0,低,147,0,ま0%,,0,46.9,1.1712,0,0.0303,0.0606,0,0,0.2188,0.3285,0.1918,,,E,,,0.0589,0.5665,,0.6467,A,78,0,◎-○軸 3着3〜4艇流し（10〜15点）,0.5777,"{'is_target': True, 'verdict': '点数絞り', 'max_combo_prob': 0.1758, 'est_top_odds': 7.6, 'circle_concentration': 82.4, 'eligible_count': 8, 'bet_adj': 0, 'reason': 'rel_win1=73.6%（本命度） / 最有力組み合わせ確率: 0.176（推定実オッズ?8倍） / 2着集中度: 上位2艇 82.4%（補正+0.04） / 総合判定確率: 0.216 / → ヒモはやや固め。上位2艇以外を切ること', 'tenji_trigger': '展示確認: 1号艇伸び良→そのまま採用。悪→飛び組に差し替え。circle_pct上位2艇に絞り込むこと。'}",,,25.9,逃げ狙い,13.68,25.8,3,,,,,,,,,,,
2025-11-25,丸亀,8,3,大西隆洋,B1,31.91,3,▲,5.1066,6.7,36,15.5,0.1947,4.181,,,0,低,103,0,-,,0,100,4.5663,,,,,,0.3077,0.0769,0.3077,,,B,△,,0.1381,0.6055,,0.6467,A,78,0,◎-○軸 3着3〜4艇流し（10〜15点）,0.5777,"{'is_target': True, 'verdict': '点数絞り', 'max_combo_prob': 0.1758, 'est_top_odds': 7.6, 'circle_concentration': 82.4, 'eligible_count': 8, 'bet_adj': 0, 'reason': 'rel_win1=73.6%（本命度） / 最有力組み合わせ確率: 0.176（推定実オッズ?8倍） / 2着集中度: 上位2艇 82.4%（補正+0.04） / 総合判定確率: 0.216 / → ヒモはやや固め。上位2艇以外を切ること', 'tenji_trigger': '展示確認: 1号艇伸び良→そのまま採用。悪→飛び組に差し替え。circle_pct上位2艇に絞り込むこと。'}",,,25.9,逃げ狙い,13.68,25.8,3,,,,,,,,,,,
2025-11-25,丸亀,8,4,西舘　健,A2,42.00,4,○,9.3025,21.4,67,45.9,0.1508,3.2541,,,0,低,130,0,差0% 差ま0% 抜0%,,0,46,1.0255,0,0.037,0,0.037,0.037,0.0895,0.1581,0.1124,,,A,○,◎,0.2714,0.6065,0.3553,0.6467,A,78,0,◎-○軸 3着3〜4艇流し（10〜15点）,0.5777,"{'is_target': True, 'verdict': '点数絞り', 'max_combo_prob': 0.1758, 'est_top_odds': 7.6, 'circle_concentration': 82.4, 'eligible_count': 8, 'bet_adj': 0, 'reason': 'rel_win1=73.6%（本命度） / 最有力組み合わせ確率: 0.176（推定実オッズ?8倍） / 2着集中度: 上位2艇 82.4%（補正+0.04） / 総合判定確率: 0.216 / → ヒモはやや固め。上位2艇以外を切ること', 'tenji_trigger': '展示確認: 1号艇伸び良→そのまま採用。悪→飛び組に差し替え。circle_pct上位2艇に絞り込むこと。'}",,,25.9,逃げ狙い,13.68,25.8,3,,,,,,,,,,,
2025-11-25,丸亀,8,5,畔柳俊吾,B1,30.77,5,△,1.8162,10.4,57,33.3,0.1917,3.9881,,,0,低,164,0,-,,0,44.9,1.044,,,,,,0.287,0.2217,0.2696,,,C,△,,0.1762,0.5885,,0.6467,A,78,0,◎-○軸 3着3〜4艇流し（10〜15点）,0.5777,"{'is_target': True, 'verdict': '点数絞り', 'max_combo_prob': 0.1758, 'est_top_odds': 7.6, 'circle_concentration': 82.4, 'eligible_count': 8, 'bet_adj': 0, 'reason': 'rel_win1=73.6%（本命度） / 最有力組み合わせ確率: 0.176（推定実オッズ?8倍） / 2着集中度: 上位2艇 82.4%（補正+0.04） / 総合判定確率: 0.216 / → ヒモはやや固め。上位2艇以外を切ること', 'tenji_trigger': '展示確認: 1号艇伸び良→そのまま採用。悪→飛び組に差し替え。circle_pct上位2艇に絞り込むこと。'}",,,25.9,逃げ狙い,13.68,25.8,3,,,,,,,,,,,
2025-11-25,丸亀,8,6,森　雄利,B2,26.19,6,,0.9968,0.5,11,1.8,0.1558,3.5973,,,0,低,68,0,-,,0,27.3,0.6086,,,,,,0.25,0.25,0,,,D,◎,,0.2868,0.61,,0.6467,A,78,0,◎-○軸 3着3〜4艇流し（10〜15点）,0.5777,"{'is_target': True, 'verdict': '点数絞り', 'max_combo_prob': 0.1758, 'est_top_odds': 7.6, 'circle_concentration': 82.4, 'eligible_count': 8, 'bet_adj': 0, 'reason': 'rel_win1=73.6%（本命度） / 最有力組み合わせ確率: 0.176（推定実オッズ?8倍） / 2着集中度: 上位2艇 82.4%（補正+0.04） / 総合判定確率: 0.216 / → ヒモはやや固め。上位2艇以外を切ること', 'tenji_trigger': '展示確認: 1号艇伸び良→そのまま採用。悪→飛び組に差し替え。circle_pct上位2艇に絞り込むこと。'}",,,25.9,逃げ狙い,13.68,25.8,3,,,,,,,,,,,
2025-11-25,丸亀,9,1,若狭奈美,A2,39.62,1,◎,65.2257,,0,92.1,0.1571,3.0658,,,0,低,81,0,逃1%,,0,96.8,1.3582,0.5,,,,,0.08,0.28,0.1,○,,A,,,,0.542,,0.4323,S,90,0,◎1着固定 2-3着流し（5〜8点）,0.5777,"{'is_target': True, 'verdict': '参加推奨', 'max_combo_prob': 0.1037, 'est_top_odds': 12.9, 'circle_concentration': 65.5, 'eligible_count': 6, 'bet_adj': 2, 'reason': 'rel_win1=65.2%（本命度） / 最有力組み合わせ確率: 0.104（推定実オッズ?13倍） / 2着集中度: 上位2艇 65.5%（補正+0.00） / 総合判定確率: 0.104 / → ヒモ分散。1号艇1着固定で広めのヒモ流し推奨（買い目+2点）', 'tenji_trigger': '展示確認: ヒモ分散レース。1号艇伸び確認後、広めのヒモ流しを採用。穴ヒモ（5・6号艇）を積極的に含める。'}",,,28.8,逃げ狙い,14.71,33.3,2,,,,,0,0,0.6155,0,,逃げ軸流し,A
2025-11-25,丸亀,9,2,黒澤めぐ,A2,26.92,2,○,13.1848,36.1,67,40.9,0.1782,4.1364,,,0,低,48,0,抜0%,,0,44.7,0.7219,0,0,0,0,0.1111,0,0.0571,0,,,B,,,0.1165,0.5305,,0.4323,S,90,0,◎1着固定 2-3着流し（5〜8点）,0.5777,"{'is_target': True, 'verdict': '参加推奨', 'max_combo_prob': 0.1037, 'est_top_odds': 12.9, 'circle_concentration': 65.5, 'eligible_count': 6, 'bet_adj': 2, 'reason': 'rel_win1=65.2%（本命度） / 最有力組み合わせ確率: 0.104（推定実オッズ?13倍） / 2着集中度: 上位2艇 65.5%（補正+0.00） / 総合判定確率: 0.104 / → ヒモ分散。1号艇1着固定で広めのヒモ流し推奨（買い目+2点）', 'tenji_trigger': '展示確認: ヒモ分散レース。1号艇伸び確認後、広めのヒモ流しを採用。穴ヒモ（5・6号艇）を積極的に含める。'}",,,28.8,逃げ狙い,14.71,33.3,2,,,,,,,,,,,
2025-11-25,丸亀,9,3,平川香織,B1,17.78,3,,10.8566,29.4,100,63,0.1889,4.2037,,,0,低,85,0,-,,0,45.2,1.2173,0,0,0.0667,0.0667,0,0.075,0.075,0.275,,,E,△,,0.135,0.56,,0.4323,S,90,0,◎1着固定 2-3着流し（5〜8点）,0.5777,"{'is_target': True, 'verdict': '参加推奨', 'max_combo_prob': 0.1037, 'est_top_odds': 12.9, 'circle_concentration': 65.5, 'eligible_count': 6, 'bet_adj': 2, 'reason': 'rel_win1=65.2%（本命度） / 最有力組み合わせ確率: 0.104（推定実オッズ?13倍） / 2着集中度: 上位2艇 65.5%（補正+0.00） / 総合判定確率: 0.104 / → ヒモ分散。1号艇1着固定で広めのヒモ流し推奨（買い目+2点）', 'tenji_trigger': '展示確認: ヒモ分散レース。1号艇伸び確認後、広めのヒモ流しを採用。穴ヒモ（5・6号艇）を積極的に含める。'}",,,28.8,逃げ狙い,14.71,33.3,2,,,,,,,,,,,
2025-11-25,丸亀,9,4,神里琴音,B1,19.51,4,▲,5.7417,23.5,43,33.3,0.1423,2.9688,,,0,低,61,0,-,,0,30,0.7387,0,0.0312,0,0,0.0312,0.0267,0.6633,0.0267,,,D,◎,,0.3364,0.674,,0.4323,S,90,0,◎1着固定 2-3着流し（5〜8点）,0.5777,"{'is_target': True, 'verdict': '参加推奨', 'max_combo_prob': 0.1037, 'est_top_odds': 12.9, 'circle_concentration': 65.5, 'eligible_count': 6, 'bet_adj': 2, 'reason': 'rel_win1=65.2%（本命度） / 最有力組み合わせ確率: 0.104（推定実オッズ?13倍） / 2着集中度: 上位2艇 65.5%（補正+0.00） / 総合判定確率: 0.104 / → ヒモ分散。1号艇1着固定で広めのヒモ流し推奨（買い目+2点）', 'tenji_trigger': '展示確認: ヒモ分散レース。1号艇伸び確認後、広めのヒモ流しを採用。穴ヒモ（5・6号艇）を積極的に含める。'}",,,28.8,逃げ狙い,14.71,33.3,2,,,,,,,,,,,
2025-11-25,丸亀,9,5,滝川真由,B1,18.18,5,,3.5925,7.1,51,17.4,0.1778,4.1957,,,0,低,60,0,-,,0,28.8,0.6921,,,,,,0.2333,0.2667,0.0333,,,D,○,,0.2483,0.612,,0.4323,S,90,0,◎1着固定 2-3着流し（5〜8点）,0.5777,"{'is_target': True, 'verdict': '参加推奨', 'max_combo_prob': 0.1037, 'est_top_odds': 12.9, 'circle_concentration': 65.5, 'eligible_count': 6, 'bet_adj': 2, 'reason': 'rel_win1=65.2%（本命度） / 最有力組み合わせ確率: 0.104（推定実オッズ?13倍） / 2着集中度: 上位2艇 65.5%（補正+0.00） / 総合判定確率: 0.104 / → ヒモ分散。1号艇1着固定で広めのヒモ流し推奨（買い目+2点）', 'tenji_trigger': '展示確認: ヒモ分散レース。1号艇伸び確認後、広めのヒモ流しを採用。穴ヒモ（5・6号艇）を積極的に含める。'}",,,28.8,逃げ狙い,14.71,33.3,2,,,,,,,,,,,
2025-11-25,丸亀,9,6,薮内瑞希,B1,25.93,6,△,1.3988,3.9,33,23.5,0.1609,3.6324,,,0,低,68,0,-,,0,22.3,1.0328,,,,,,0.0333,0.0667,0.1833,,,C,△,,0.2979,0.592,,0.4323,S,90,0,◎1着固定 2-3着流し（5〜8点）,0.5777,"{'is_target': True, 'verdict': '参加推奨', 'max_combo_prob': 0.1037, 'est_top_odds': 12.9, 'circle_concentration': 65.5, 'eligible_count': 6, 'bet_adj': 2, 'reason': 'rel_win1=65.2%（本命度） / 最有力組み合わせ確率: 0.104（推定実オッズ?13倍） / 2着集中度: 上位2艇 65.5%（補正+0.00） / 総合判定確率: 0.104 / → ヒモ分散。1号艇1着固定で広めのヒモ流し推奨（買い目+2点）', 'tenji_trigger': '展示確認: ヒモ分散レース。1号艇伸び確認後、広めのヒモ流しを採用。穴ヒモ（5・6号艇）を積極的に含める。'}",,,28.8,逃げ狙い,14.71,33.3,2,,,,,,,,,,,
2025-11-25,丸亀,10,1,木谷賢太,A2,38.00,1,◎,61.8331,,0,90,0.1334,2.6357,,,0,低,107,0,逃1%,,0,86.2,1.0882,0.7429,,,,,0.0343,0.0114,0.1957,◎,,B,○,,,0.663,,0.5867,S,86,0,◎1着固定 2-3着流し（5〜8点）,0.5777,"{'is_target': True, 'verdict': '参加推奨', 'max_combo_prob': 0.0956, 'est_top_odds': 14.0, 'circle_concentration': 69.1, 'eligible_count': 6, 'bet_adj': 2, 'reason': 'rel_win1=61.8%（本命度） / 最有力組み合わせ確率: 0.096（推定実オッズ?14倍） / 2着集中度: 上位2艇 69.1%（補正+0.00） / 総合判定確率: 0.096 / → ヒモ分散。1号艇1着固定で広めのヒモ流し推奨（買い目+2点）', 'tenji_trigger': '展示確認: ヒモ分散レース。1号艇伸び確認後、広めのヒモ流しを採用。穴ヒモ（5・6号艇）を積極的に含める。\n展示で1号艇スタート超安定(0.133秒)→ヒモ固まり方向に注意'}",,,26.9,逃げ狙い,17.87,25.1,3,,,,,0,0,0.7559,0,,逃げ軸流し,A
2025-11-25,丸亀,10,2,杉山貴博,A1,50.00,2,○,11.5593,36.6,100,70.3,0.158,3.6172,,,0,低,125,0,差0%,,0,56,1.1126,0,0.0323,0,0,0,0.0343,0.1657,0.1771,,,A,△,,0.0595,0.655,,0.5867,S,86,0,◎1着固定 2-3着流し（5〜8点）,0.5777,"{'is_target': True, 'verdict': '参加推奨', 'max_combo_prob': 0.0956, 'est_top_odds': 14.0, 'circle_concentration': 69.1, 'eligible_count': 6, 'bet_adj': 2, 'reason': 'rel_win1=61.8%（本命度） / 最有力組み合わせ確率: 0.096（推定実オッズ?14倍） / 2着集中度: 上位2艇 69.1%（補正+0.00） / 総合判定確率: 0.096 / → ヒモ分散。1号艇1着固定で広めのヒモ流し推奨（買い目+2点）', 'tenji_trigger': '展示確認: ヒモ分散レース。1号艇伸び確認後、広めのヒモ流しを採用。穴ヒモ（5・6号艇）を積極的に含める。\n展示で1号艇スタート超安定(0.133秒)→ヒモ固まり方向に注意'}",,,26.9,逃げ狙い,17.87,25.1,3,,,,,,,,,,,
2025-11-25,丸亀,10,3,田川大貴,A2,23.21,3,△,12.3259,32.5,64,57.4,0.1567,3.1885,,,0,低,91,0,-,,0,57.4,0.996,0,0,0.0714,0.0714,0.0714,0.1434,0.0774,0.1003,,,E,△,,0.1829,0.616,,0.5867,S,86,0,◎1着固定 2-3着流し（5〜8点）,0.5777,"{'is_target': True, 'verdict': '参加推奨', 'max_combo_prob': 0.0956, 'est_top_odds': 14.0, 'circle_concentration': 69.1, 'eligible_count': 6, 'bet_adj': 2, 'reason': 'rel_win1=61.8%（本命度） / 最有力組み合わせ確率: 0.096（推定実オッズ?14倍） / 2着集中度: 上位2艇 69.1%（補正+0.00） / 総合判定確率: 0.096 / → ヒモ分散。1号艇1着固定で広めのヒモ流し推奨（買い目+2点）', 'tenji_trigger': '展示確認: ヒモ分散レース。1号艇伸び確認後、広めのヒモ流しを採用。穴ヒモ（5・6号艇）を積極的に含める。\n展示で1号艇スタート超安定(0.133秒)→ヒモ固まり方向に注意'}",,,26.9,逃げ狙い,17.87,25.1,3,,,,,,,,,,,
2025-11-25,丸亀,10,4,中山雄太,A1,29.09,4,▲,10.4701,16.3,95,62.7,0.13,2.7119,,,0,低,75,0,-,,0,53.9,1.0587,0,0,0.1111,0.0741,0,0.0385,0.0769,0.1154,,,D,◎,◎,0.3221,0.671,0.4625,0.5867,S,86,0,◎1着固定 2-3着流し（5〜8点）,0.5777,"{'is_target': True, 'verdict': '参加推奨', 'max_combo_prob': 0.0956, 'est_top_odds': 14.0, 'circle_concentration': 69.1, 'eligible_count': 6, 'bet_adj': 2, 'reason': 'rel_win1=61.8%（本命度） / 最有力組み合わせ確率: 0.096（推定実オッズ?14倍） / 2着集中度: 上位2艇 69.1%（補正+0.00） / 総合判定確率: 0.096 / → ヒモ分散。1号艇1着固定で広めのヒモ流し推奨（買い目+2点）', 'tenji_trigger': '展示確認: ヒモ分散レース。1号艇伸び確認後、広めのヒモ流しを採用。穴ヒモ（5・6号艇）を積極的に含める。\n展示で1号艇スタート超安定(0.133秒)→ヒモ固まり方向に注意'}",,,26.9,逃げ狙い,17.87,25.1,3,,,,,,,,,,,
2025-11-25,丸亀,10,5,浜崎準也,B1,28.30,5,,2.8199,13,24,22.4,0.1791,3.8276,,,0,低,122,0,-,,0,26.5,0.6421,,,,,,0.3,0.3,0,,,D,,,0.165,0.5915,,0.5867,S,86,0,◎1着固定 2-3着流し（5〜8点）,0.5777,"{'is_target': True, 'verdict': '参加推奨', 'max_combo_prob': 0.0956, 'est_top_odds': 14.0, 'circle_concentration': 69.1, 'eligible_count': 6, 'bet_adj': 2, 'reason': 'rel_win1=61.8%（本命度） / 最有力組み合わせ確率: 0.096（推定実オッズ?14倍） / 2着集中度: 上位2艇 69.1%（補正+0.00） / 総合判定確率: 0.096 / → ヒモ分散。1号艇1着固定で広めのヒモ流し推奨（買い目+2点）', 'tenji_trigger': '展示確認: ヒモ分散レース。1号艇伸び確認後、広めのヒモ流しを採用。穴ヒモ（5・6号艇）を積極的に含める。\n展示で1号艇スタート超安定(0.133秒)→ヒモ固まり方向に注意'}",,,26.9,逃げ狙い,17.87,25.1,3,,,,,,,,,,,
2025-11-25,丸亀,10,6,宮地秀祈,B1,34.04,6,,0.9917,1.6,42,20.4,0.1909,4.3182,,,0,低,145,0,-,,0,40.9,1.1656,,,,,,0.2914,0.2714,0.06,,,C,,,0.135,0.6005,,0.5867,S,86,0,◎1着固定 2-3着流し（5〜8点）,0.5777,"{'is_target': True, 'verdict': '参加推奨', 'max_combo_prob': 0.0956, 'est_top_odds': 14.0, 'circle_concentration': 69.1, 'eligible_count': 6, 'bet_adj': 2, 'reason': 'rel_win1=61.8%（本命度） / 最有力組み合わせ確率: 0.096（推定実オッズ?14倍） / 2着集中度: 上位2艇 69.1%（補正+0.00） / 総合判定確率: 0.096 / → ヒモ分散。1号艇1着固定で広めのヒモ流し推奨（買い目+2点）', 'tenji_trigger': '展示確認: ヒモ分散レース。1号艇伸び確認後、広めのヒモ流しを採用。穴ヒモ（5・6号艇）を積極的に含める。\n展示で1号艇スタート超安定(0.133秒)→ヒモ固まり方向に注意'}",,,26.9,逃げ狙い,17.87,25.1,3,,,,,,,,,,,
2025-11-25,丸亀,11,1,石橋道友,A1,19.51,1,◎,56.7331,,0,95.1,0.133,2.784,,,0,低,72,0,逃0%,,0,93.7,1.2713,0.7419,,,,,0.0516,0.0129,0.0129,◎,,E,△,,,0.64,,0.6176,S,86,0,◎1着固定 2-3着流し（5〜8点）,0.5777,"{'is_target': True, 'verdict': '点数絞り', 'max_combo_prob': 0.0852, 'est_top_odds': 15.7, 'circle_concentration': 76.1, 'eligible_count': 6, 'bet_adj': 0, 'reason': 'rel_win1=56.7%（本命度） / 最有力組み合わせ確率: 0.085（推定実オッズ?16倍） / 2着集中度: 上位2艇 76.1%（補正+0.04） / 総合判定確率: 0.125 / → ヒモはやや固め。上位2艇以外を切ること', 'tenji_trigger': '展示確認: 1号艇伸び良→そのまま採用。悪→飛び組に差し替え。circle_pct上位2艇に絞り込むこと。\n展示で1号艇スタート超安定(0.133秒)→ヒモ固まり方向に注意'}",,,27.3,逃げ狙い,21.15,23.4,2,,,,,0,0,0.7559,0,,逃げ軸流し,A
2025-11-25,丸亀,11,2,前原大道,A1,25.93,2,△,20.2991,47,100,75,0.179,3.7604,,,0,低,90,0,差0% 抜0%,,0,56.9,1.279,0,0.3043,0,0,0.0435,0,0.037,0,,,D,,,0.1228,0.5915,,0.6176,S,86,0,◎1着固定 2-3着流し（5〜8点）,0.5777,"{'is_target': True, 'verdict': '点数絞り', 'max_combo_prob': 0.0852, 'est_top_odds': 15.7, 'circle_concentration': 76.1, 'eligible_count': 6, 'bet_adj': 0, 'reason': 'rel_win1=56.7%（本命度） / 最有力組み合わせ確率: 0.085（推定実オッズ?16倍） / 2着集中度: 上位2艇 76.1%（補正+0.04） / 総合判定確率: 0.125 / → ヒモはやや固め。上位2艇以外を切ること', 'tenji_trigger': '展示確認: 1号艇伸び良→そのまま採用。悪→飛び組に差し替え。circle_pct上位2艇に絞り込むこと。\n展示で1号艇スタート超安定(0.133秒)→ヒモ固まり方向に注意'}",,,27.3,逃げ狙い,21.15,23.4,2,,,,,,,,,,,
2025-11-25,丸亀,11,3,西丸侑太,A2,54.90,3,○,11.8075,29.1,99,72.5,0.1655,3.2375,,,0,低,100,0,-,,0,29.4,0.8481,0,0.0476,0.0476,0.0476,0.0476,0,0.1314,0.0429,,,A,,,0.119,0.6105,,0.6176,S,86,0,◎1着固定 2-3着流し（5〜8点）,0.5777,"{'is_target': True, 'verdict': '点数絞り', 'max_combo_prob': 0.0852, 'est_top_odds': 15.7, 'circle_concentration': 76.1, 'eligible_count': 6, 'bet_adj': 0, 'reason': 'rel_win1=56.7%（本命度） / 最有力組み合わせ確率: 0.085（推定実オッズ?16倍） / 2着集中度: 上位2艇 76.1%（補正+0.04） / 総合判定確率: 0.125 / → ヒモはやや固め。上位2艇以外を切ること', 'tenji_trigger': '展示確認: 1号艇伸び良→そのまま採用。悪→飛び組に差し替え。circle_pct上位2艇に絞り込むこと。\n展示で1号艇スタート超安定(0.133秒)→ヒモ固まり方向に注意'}",,,27.3,逃げ狙い,21.15,23.4,2,,,,,,,,,,,
2025-11-25,丸亀,11,4,北川潤二,A1,42.59,4,▲,7.4458,17.5,81,55.9,0.1297,2.2712,,,0,低,54,0,差0% ま0%,,0,25.1,0.7145,0,0.0303,0.0909,0,0,0.0848,0.1348,0.0435,,,B,○,◎,0.3121,0.673,0.427,0.6176,S,86,0,◎1着固定 2-3着流し（5〜8点）,0.5777,"{'is_target': True, 'verdict': '点数絞り', 'max_combo_prob': 0.0852, 'est_top_odds': 15.7, 'circle_concentration': 76.1, 'eligible_count': 6, 'bet_adj': 0, 'reason': 'rel_win1=56.7%（本命度） / 最有力組み合わせ確率: 0.085（推定実オッズ?16倍） / 2着集中度: 上位2艇 76.1%（補正+0.04） / 総合判定確率: 0.125 / → ヒモはやや固め。上位2艇以外を切ること', 'tenji_trigger': '展示確認: 1号艇伸び良→そのまま採用。悪→飛び組に差し替え。circle_pct上位2艇に絞り込むこと。\n展示で1号艇スタート超安定(0.133秒)→ヒモ固まり方向に注意'}",,,27.3,逃げ狙い,21.15,23.4,2,,,,,,,,,,,
2025-11-25,丸亀,11,5,岡本慎治,A2,25.49,5,,2.3165,4.6,73,31.8,0.1741,3.8182,,,0,低,107,0,-,,0,34.1,0.8255,,,,,,0.4053,0.0421,0.2132,,,D,△,,0.1809,0.611,,0.6176,S,86,0,◎1着固定 2-3着流し（5〜8点）,0.5777,"{'is_target': True, 'verdict': '点数絞り', 'max_combo_prob': 0.0852, 'est_top_odds': 15.7, 'circle_concentration': 76.1, 'eligible_count': 6, 'bet_adj': 0, 'reason': 'rel_win1=56.7%（本命度） / 最有力組み合わせ確率: 0.085（推定実オッズ?16倍） / 2着集中度: 上位2艇 76.1%（補正+0.04） / 総合判定確率: 0.125 / → ヒモはやや固め。上位2艇以外を切ること', 'tenji_trigger': '展示確認: 1号艇伸び良→そのまま採用。悪→飛び組に差し替え。circle_pct上位2艇に絞り込むこと。\n展示で1号艇スタート超安定(0.133秒)→ヒモ固まり方向に注意'}",,,27.3,逃げ狙い,21.15,23.4,2,,,,,,,,,,,
2025-11-25,丸亀,11,6,大場　敏,A2,29.09,6,,1.3981,1.8,57,23.1,0.184,4.8365,,,0,低,93,0,-,,0,27.4,0.8003,0,0.0357,0,0,0,0.0933,0.1756,0.0111,,,C,◎,,0.1156,0.7095,,0.6176,S,86,0,◎1着固定 2-3着流し（5〜8点）,0.5777,"{'is_target': True, 'verdict': '点数絞り', 'max_combo_prob': 0.0852, 'est_top_odds': 15.7, 'circle_concentration': 76.1, 'eligible_count': 6, 'bet_adj': 0, 'reason': 'rel_win1=56.7%（本命度） / 最有力組み合わせ確率: 0.085（推定実オッズ?16倍） / 2着集中度: 上位2艇 76.1%（補正+0.04） / 総合判定確率: 0.125 / → ヒモはやや固め。上位2艇以外を切ること', 'tenji_trigger': '展示確認: 1号艇伸び良→そのまま採用。悪→飛び組に差し替え。circle_pct上位2艇に絞り込むこと。\n展示で1号艇スタート超安定(0.133秒)→ヒモ固まり方向に注意'}",,,27.3,逃げ狙い,21.15,23.4,2,,,,,,,,,,,
2025-11-25,丸亀,12,1,山田哲也,A1,29.41,1,◎,52.6998,,0,94.8,0.1231,2.4052,,,0,低,17,0,逃1%,,0,86.1,1.1822,0.7037,,,,,0.1046,0.1194,0.0898,◎,,D,◎,,,0.8045,,0.6663,S,88,0,◎1着固定 2-3着流し（5〜8点）,0.5777,"{'is_target': True, 'verdict': '参加推奨', 'max_combo_prob': 0.0674, 'est_top_odds': 19.8, 'circle_concentration': 70.2, 'eligible_count': 6, 'bet_adj': 2, 'reason': 'rel_win1=52.7%（本命度） / 最有力組み合わせ確率: 0.067（推定実オッズ?20倍） / 2着集中度: 上位2艇 70.2%（補正+0.04） / 総合判定確率: 0.107 / → ヒモ分散。1号艇1着固定で広めのヒモ流し推奨（買い目+2点）', 'tenji_trigger': '展示確認: ヒモ分散レース。1号艇伸び確認後、広めのヒモ流しを採用。穴ヒモ（5・6号艇）を積極的に含める。\n展示で1号艇スタート超安定(0.123秒)→ヒモ固まり方向に注意'}",,,31.6,逃げ狙い,31.02,27.1,4,,,,,0,0,0.7559,0,,逃げ軸流し,A
2025-11-25,丸亀,12,2,山田祐也,A1,39.13,2,△,13.3003,41.5,75,82.9,0.1689,3.5,,,0,低,53,0,-,,0,24.4,0.77,0,0.1875,0,0,0,0,0.0455,0.1364,,,B,○,,0.0939,0.663,,0.6663,S,88,0,◎1着固定 2-3着流し（5〜8点）,0.5777,"{'is_target': True, 'verdict': '参加推奨', 'max_combo_prob': 0.0674, 'est_top_odds': 19.8, 'circle_concentration': 70.2, 'eligible_count': 6, 'bet_adj': 2, 'reason': 'rel_win1=52.7%（本命度） / 最有力組み合わせ確率: 0.067（推定実オッズ?20倍） / 2着集中度: 上位2艇 70.2%（補正+0.04） / 総合判定確率: 0.107 / → ヒモ分散。1号艇1着固定で広めのヒモ流し推奨（買い目+2点）', 'tenji_trigger': '展示確認: ヒモ分散レース。1号艇伸び確認後、広めのヒモ流しを採用。穴ヒモ（5・6号艇）を積極的に含める。\n展示で1号艇スタート超安定(0.123秒)→ヒモ固まり方向に注意'}",,,31.6,逃げ狙い,31.02,27.1,4,,,,,,,,,,,
2025-11-25,丸亀,12,3,原田篤志,A1,29.41,3,,6.2135,28.6,91,78.3,0.1675,3.3417,,,0,低,122,0,-,,0,89.1,0.9069,0,0,0.0345,0.0345,0.0345,0.02,0.125,0.02,,,D,,,0.1047,0.5685,,0.6663,S,88,0,◎1着固定 2-3着流し（5〜8点）,0.5777,"{'is_target': True, 'verdict': '参加推奨', 'max_combo_prob': 0.0674, 'est_top_odds': 19.8, 'circle_concentration': 70.2, 'eligible_count': 6, 'bet_adj': 2, 'reason': 'rel_win1=52.7%（本命度） / 最有力組み合わせ確率: 0.067（推定実オッズ?20倍） / 2着集中度: 上位2艇 70.2%（補正+0.04） / 総合判定確率: 0.107 / → ヒモ分散。1号艇1着固定で広めのヒモ流し推奨（買い目+2点）', 'tenji_trigger': '展示確認: ヒモ分散レース。1号艇伸び確認後、広めのヒモ流しを採用。穴ヒモ（5・6号艇）を積極的に含める。\n展示で1号艇スタート超安定(0.123秒)→ヒモ固まり方向に注意'}",,,31.6,逃げ狙い,31.02,27.1,4,,,,,,,,,,,
2025-11-25,丸亀,12,4,松田大志,A1,39.62,4,○,19.2781,13.7,87,84.2,0.1309,2.7281,,,0,低,125,0,ま1%,,0,42.7,0.9634,0,0.0417,0.4583,0.0833,0,0.0948,0.0273,0.113,,,B,△,◎,0.3789,0.631,0.4736,0.6663,S,88,0,◎1着固定 2-3着流し（5〜8点）,0.5777,"{'is_target': True, 'verdict': '参加推奨', 'max_combo_prob': 0.0674, 'est_top_odds': 19.8, 'circle_concentration': 70.2, 'eligible_count': 6, 'bet_adj': 2, 'reason': 'rel_win1=52.7%（本命度） / 最有力組み合わせ確率: 0.067（推定実オッズ?20倍） / 2着集中度: 上位2艇 70.2%（補正+0.04） / 総合判定確率: 0.107 / → ヒモ分散。1号艇1着固定で広めのヒモ流し推奨（買い目+2点）', 'tenji_trigger': '展示確認: ヒモ分散レース。1号艇伸び確認後、広めのヒモ流しを採用。穴ヒモ（5・6号艇）を積極的に含める。\n展示で1号艇スタート超安定(0.123秒)→ヒモ固まり方向に注意'}",,,31.6,逃げ狙い,31.02,27.1,4,,,,,,,,,,,
2025-11-25,丸亀,12,5,安河内将,A1,43.14,5,▲,4.7853,8.7,100,63.2,0.1571,3.1184,,,0,低,99,0,差ま0%,,0,31.6,1.656,0,0,0,0.0714,0,0.0781,0.0781,0.0781,,,A,△,,0.1677,0.6335,,0.6663,S,88,0,◎1着固定 2-3着流し（5〜8点）,0.5777,"{'is_target': True, 'verdict': '参加推奨', 'max_combo_prob': 0.0674, 'est_top_odds': 19.8, 'circle_concentration': 70.2, 'eligible_count': 6, 'bet_adj': 2, 'reason': 'rel_win1=52.7%（本命度） / 最有力組み合わせ確率: 0.067（推定実オッズ?20倍） / 2着集中度: 上位2艇 70.2%（補正+0.04） / 総合判定確率: 0.107 / → ヒモ分散。1号艇1着固定で広めのヒモ流し推奨（買い目+2点）', 'tenji_trigger': '展示確認: ヒモ分散レース。1号艇伸び確認後、広めのヒモ流しを採用。穴ヒモ（5・6号艇）を積極的に含める。\n展示で1号艇スタート超安定(0.123秒)→ヒモ固まり方向に注意'}",,,31.6,逃げ狙い,31.02,27.1,4,,,,,,,,,,,
2025-11-25,丸亀,12,6,山口達也,A1,26.19,6,,3.723,7.4,47,46.7,0.1603,3.6667,,,0,低,66,0,ま0%,,0,92.8,1.8522,0,0,0.1333,0,0,0,0.1154,0.1154,,,D,,,0.1971,0.625,,0.6663,S,88,0,◎1着固定 2-3着流し（5〜8点）,0.5777,"{'is_target': True, 'verdict': '参加推奨', 'max_combo_prob': 0.0674, 'est_top_odds': 19.8, 'circle_concentration': 70.2, 'eligible_count': 6, 'bet_adj': 2, 'reason': 'rel_win1=52.7%（本命度） / 最有力組み合わせ確率: 0.067（推定実オッズ?20倍） / 2着集中度: 上位2艇 70.2%（補正+0.04） / 総合判定確率: 0.107 / → ヒモ分散。1号艇1着固定で広めのヒモ流し推奨（買い目+2点）', 'tenji_trigger': '展示確認: ヒモ分散レース。1号艇伸び確認後、広めのヒモ流しを採用。穴ヒモ（5・6号艇）を積極的に含める。\n展示で1号艇スタート超安定(0.123秒)→ヒモ固まり方向に注意'}",,,31.6,逃げ狙い,31.02,27.1,4,,,,,,,,,,,
2025-11-26,丸亀,1,1,木村光宏,B1,20.93,1,◎,64.9176,,0,71.7,0.1528,3.2283,,,0,低,99,0,逃0%,3,0,81.1,0.9685,0.3333,,,,,0.3952,0.3571,0.0571,◎,,E,○,,,0.6335,,0.4929,A,67,0,◎-○軸 3着3〜4艇流し（10〜15点）,0.5777,"{'is_target': True, 'verdict': '不参加推奨', 'max_combo_prob': 0.2139, 'est_top_odds': 6.2, 'circle_concentration': 92.1, 'eligible_count': 8, 'bet_adj': -99, 'reason': 'rel_win1=64.9%（本命度） / 最有力組み合わせ確率: 0.214（推定実オッズ?6倍） / 2着集中度: 上位2艇 92.1%（補正+0.04） / 総合判定確率: 0.254 / → ヒモ固まり（推定1番人気6倍台）。回収率が構造的に低い', 'tenji_trigger': '展示確認: 1号艇の伸びが平凡以下なら見送り確定。好伸びでも推定オッズ6倍台のため回収期待値低。'}",,,30.8,逃げ狙い,9.69,43.2,2,,,,,0,0,0.7559,0,,逃げ軸流し,A
2025-11-26,丸亀,1,2,薮内瑞希,B1,25.93,2,▲,9.6527,62.2,48,50,0.1679,3.5132,,,0,低,68,0,-,6,0,43.9,0.7333,,,,,,0.0333,0.0667,0.1833,,,C,△,,0.2358,0.592,,0.4929,A,67,0,◎-○軸 3着3〜4艇流し（10〜15点）,0.5777,"{'is_target': True, 'verdict': '不参加推奨', 'max_combo_prob': 0.2139, 'est_top_odds': 6.2, 'circle_concentration': 92.1, 'eligible_count': 8, 'bet_adj': -99, 'reason': 'rel_win1=64.9%（本命度） / 最有力組み合わせ確率: 0.214（推定実オッズ?6倍） / 2着集中度: 上位2艇 92.1%（補正+0.04） / 総合判定確率: 0.254 / → ヒモ固まり（推定1番人気6倍台）。回収率が構造的に低い', 'tenji_trigger': '展示確認: 1号艇の伸びが平凡以下なら見送り確定。好伸びでも推定オッズ6倍台のため回収期待値低。'}",,,30.8,逃げ狙い,9.69,43.2,2,,,,,,,,,,,
2025-11-26,丸亀,1,3,畔柳俊吾,B1,30.77,3,○,12.6234,29.8,100,71.2,0.1698,3.7788,,,0,低,164,0,-,33,0,48.7,0.96,0,0,0.0476,0,0,0.287,0.2217,0.2696,,,B,△,,0.2537,0.5885,,0.4929,A,67,0,◎-○軸 3着3〜4艇流し（10〜15点）,0.5777,"{'is_target': True, 'verdict': '不参加推奨', 'max_combo_prob': 0.2139, 'est_top_odds': 6.2, 'circle_concentration': 92.1, 'eligible_count': 8, 'bet_adj': -99, 'reason': 'rel_win1=64.9%（本命度） / 最有力組み合わせ確率: 0.214（推定実オッズ?6倍） / 2着集中度: 上位2艇 92.1%（補正+0.04） / 総合判定確率: 0.254 / → ヒモ固まり（推定1番人気6倍台）。回収率が構造的に低い', 'tenji_trigger': '展示確認: 1号艇の伸びが平凡以下なら見送り確定。好伸びでも推定オッズ6倍台のため回収期待値低。'}",,,30.8,逃げ狙い,9.69,43.2,2,,,,,,,,,,,
2025-11-26,丸亀,1,4,貫地谷直,B1,25.00,4,,6.3674,3.6,38,21.3,0.2189,4.8511,,,0,低,204,0,-,6,0,15.5,0.6087,,,,,,0.0571,0.6214,0.2643,,,D,,,0.192,0.5725,,0.4929,A,67,0,◎-○軸 3着3〜4艇流し（10〜15点）,0.5777,"{'is_target': True, 'verdict': '不参加推奨', 'max_combo_prob': 0.2139, 'est_top_odds': 6.2, 'circle_concentration': 92.1, 'eligible_count': 8, 'bet_adj': -99, 'reason': 'rel_win1=64.9%（本命度） / 最有力組み合わせ確率: 0.214（推定実オッズ?6倍） / 2着集中度: 上位2艇 92.1%（補正+0.04） / 総合判定確率: 0.254 / → ヒモ固まり（推定1番人気6倍台）。回収率が構造的に低い', 'tenji_trigger': '展示確認: 1号艇の伸びが平凡以下なら見送り確定。好伸びでも推定オッズ6倍台のため回収期待値低。'}",,,30.8,逃げ狙い,9.69,43.2,2,,,,,,,,,,,
2025-11-26,丸亀,1,5,廣中良一,B1,27.45,5,△,4.9738,3.9,37,21.2,0.1888,4.1894,,,0,低,151,0,-,4,0,35.8,0.7776,0,0,0.0385,0,0,0.1581,0.0762,0.1771,,,C,◎,,0.2217,0.6395,,0.4929,A,67,0,◎-○軸 3着3〜4艇流し（10〜15点）,0.5777,"{'is_target': True, 'verdict': '不参加推奨', 'max_combo_prob': 0.2139, 'est_top_odds': 6.2, 'circle_concentration': 92.1, 'eligible_count': 8, 'bet_adj': -99, 'reason': 'rel_win1=64.9%（本命度） / 最有力組み合わせ確率: 0.214（推定実オッズ?6倍） / 2着集中度: 上位2艇 92.1%（補正+0.04） / 総合判定確率: 0.254 / → ヒモ固まり（推定1番人気6倍台）。回収率が構造的に低い', 'tenji_trigger': '展示確認: 1号艇の伸びが平凡以下なら見送り確定。好伸びでも推定オッズ6倍台のため回収期待値低。'}",,,30.8,逃げ狙い,9.69,43.2,2,,,,,,,,,,,
2025-11-26,丸亀,1,6,米玉利大,B2,22.50,6,,1.4651,0.4,14,2.5,0.1812,4.2222,,,0,低,58,0,-,45,0,46.2,0.8244,,,,,,0,0.6667,0,,,D,,,0.2766,0.5175,,0.4929,A,67,0,◎-○軸 3着3〜4艇流し（10〜15点）,0.5777,"{'is_target': True, 'verdict': '不参加推奨', 'max_combo_prob': 0.2139, 'est_top_odds': 6.2, 'circle_concentration': 92.1, 'eligible_count': 8, 'bet_adj': -99, 'reason': 'rel_win1=64.9%（本命度） / 最有力組み合わせ確率: 0.214（推定実オッズ?6倍） / 2着集中度: 上位2艇 92.1%（補正+0.04） / 総合判定確率: 0.254 / → ヒモ固まり（推定1番人気6倍台）。回収率が構造的に低い', 'tenji_trigger': '展示確認: 1号艇の伸びが平凡以下なら見送り確定。好伸びでも推定オッズ6倍台のため回収期待値低。'}",,,30.8,逃げ狙い,9.69,43.2,2,,,,,,,,,,,
2025-11-26,丸亀,2,1,信濃由行,B1,23.26,1,◎,55.1247,,0,73.9,0.157,3.5543,,,0,低,146,0,逃0%,26,0,60.2,0.9759,0.4348,,,,,0.0348,0.0696,0.3096,○,,D,○,,,0.6165,,0.4196,A,71,0,◎-○軸 3着3〜4艇流し（10〜15点）,0.5777,"{'is_target': True, 'verdict': '点数絞り', 'max_combo_prob': 0.1218, 'est_top_odds': 11.0, 'circle_concentration': 80.1, 'eligible_count': 8, 'bet_adj': 0, 'reason': 'rel_win1=55.1%（本命度） / 最有力組み合わせ確率: 0.122（推定実オッズ?11倍） / 2着集中度: 上位2艇 80.1%（補正+0.04） / 総合判定確率: 0.162 / → ヒモはやや固め。上位2艇以外を切ること', 'tenji_trigger': '展示確認: 1号艇伸び良→そのまま採用。悪→飛び組に差し替え。circle_pct上位2艇に絞り込むこと。'}",,,26.4,逃げ狙い,11.55,29.1,4,,,,,0,0,0.6155,0,,逃げ軸流し,A
2025-11-26,丸亀,2,2,滝沢織寧,B1,45.28,2,○,16.1879,56.6,57,47.6,0.1652,3.3333,,,0,低,58,0,-,5,0,24.2,0.7509,0,0.0833,0,0,0.0833,0.2857,0.4286,0.2857,,,A,,,0.2413,0.5245,,0.4196,A,71,0,◎-○軸 3着3〜4艇流し（10〜15点）,0.5777,"{'is_target': True, 'verdict': '点数絞り', 'max_combo_prob': 0.1218, 'est_top_odds': 11.0, 'circle_concentration': 80.1, 'eligible_count': 8, 'bet_adj': 0, 'reason': 'rel_win1=55.1%（本命度） / 最有力組み合わせ確率: 0.122（推定実オッズ?11倍） / 2着集中度: 上位2艇 80.1%（補正+0.04） / 総合判定確率: 0.162 / → ヒモはやや固め。上位2艇以外を切ること', 'tenji_trigger': '展示確認: 1号艇伸び良→そのまま採用。悪→飛び組に差し替え。circle_pct上位2艇に絞り込むこと。'}",,,26.4,逃げ狙い,11.55,29.1,4,,,,,,,,,,,
2025-11-26,丸亀,2,3,草場康幸,B1,14.63,3,△,14.0589,23.6,100,61.2,0.1633,3,,,0,低,98,0,-,4,0,100,3.1892,0,0,0,0.0435,0,0.21,0.02,0,,,E,◎,,0.261,0.6715,,0.4196,A,71,0,◎-○軸 3着3〜4艇流し（10〜15点）,0.5777,"{'is_target': True, 'verdict': '点数絞り', 'max_combo_prob': 0.1218, 'est_top_odds': 11.0, 'circle_concentration': 80.1, 'eligible_count': 8, 'bet_adj': 0, 'reason': 'rel_win1=55.1%（本命度） / 最有力組み合わせ確率: 0.122（推定実オッズ?11倍） / 2着集中度: 上位2艇 80.1%（補正+0.04） / 総合判定確率: 0.162 / → ヒモはやや固め。上位2艇以外を切ること', 'tenji_trigger': '展示確認: 1号艇伸び良→そのまま採用。悪→飛び組に差し替え。circle_pct上位2艇に絞り込むこと。'}",,,26.4,逃げ狙い,11.55,29.1,4,,,,,,,,,,,
2025-11-26,丸亀,2,4,西村秀樹,B1,32.14,4,▲,8.6599,6.8,32,15.4,0.1585,3.6827,,,0,低,122,0,-,2,0,28.1,0.6894,,,,,,0.25,0.1875,0.3125,,,B,△,,0.318,0.6095,,0.4196,A,71,0,◎-○軸 3着3〜4艇流し（10〜15点）,0.5777,"{'is_target': True, 'verdict': '点数絞り', 'max_combo_prob': 0.1218, 'est_top_odds': 11.0, 'circle_concentration': 80.1, 'eligible_count': 8, 'bet_adj': 0, 'reason': 'rel_win1=55.1%（本命度） / 最有力組み合わせ確率: 0.122（推定実オッズ?11倍） / 2着集中度: 上位2艇 80.1%（補正+0.04） / 総合判定確率: 0.162 / → ヒモはやや固め。上位2艇以外を切ること', 'tenji_trigger': '展示確認: 1号艇伸び良→そのまま採用。悪→飛び組に差し替え。circle_pct上位2艇に絞り込むこと。'}",,,26.4,逃げ狙い,11.55,29.1,4,,,,,,,,,,,
2025-11-26,丸亀,2,5,黒澤めぐ,A2,26.92,5,,4.5028,8.2,66,25,0.1737,3.8958,,,0,低,48,0,-,12,0,31,0.7717,,,,,,0,0.0571,0,,,D,,,0.2673,0.5305,,0.4196,A,71,0,◎-○軸 3着3〜4艇流し（10〜15点）,0.5777,"{'is_target': True, 'verdict': '点数絞り', 'max_combo_prob': 0.1218, 'est_top_odds': 11.0, 'circle_concentration': 80.1, 'eligible_count': 8, 'bet_adj': 0, 'reason': 'rel_win1=55.1%（本命度） / 最有力組み合わせ確率: 0.122（推定実オッズ?11倍） / 2着集中度: 上位2艇 80.1%（補正+0.04） / 総合判定確率: 0.162 / → ヒモはやや固め。上位2艇以外を切ること', 'tenji_trigger': '展示確認: 1号艇伸び良→そのまま採用。悪→飛び組に差し替え。circle_pct上位2艇に絞り込むこと。'}",,,26.4,逃げ狙い,11.55,29.1,4,,,,,,,,,,,
2025-11-26,丸亀,2,6,眞鳥康太,B1,31.58,6,,1.4659,4.9,58,20.7,0.2114,4.8103,,,0,低,138,0,-,36,0,24.8,0.8981,,,,,,0.0444,0.2444,0.0444,,,C,△,,0.1474,0.5595,,0.4196,A,71,0,◎-○軸 3着3〜4艇流し（10〜15点）,0.5777,"{'is_target': True, 'verdict': '点数絞り', 'max_combo_prob': 0.1218, 'est_top_odds': 11.0, 'circle_concentration': 80.1, 'eligible_count': 8, 'bet_adj': 0, 'reason': 'rel_win1=55.1%（本命度） / 最有力組み合わせ確率: 0.122（推定実オッズ?11倍） / 2着集中度: 上位2艇 80.1%（補正+0.04） / 総合判定確率: 0.162 / → ヒモはやや固め。上位2艇以外を切ること', 'tenji_trigger': '展示確認: 1号艇伸び良→そのまま採用。悪→飛び組に差し替え。circle_pct上位2艇に絞り込むこと。'}",,,26.4,逃げ狙い,11.55,29.1,4,,,,,,,,,,,
2025-11-26,丸亀,3,1,平川香織,B1,17.78,1,◎,47.3292,,0,72.7,0.1955,4.2576,,,0,低,85,0,-,23,0,81,1.1857,0.3125,,,,,0.075,0.075,0.275,△,,E,,,,0.56,,0.2111,A,61,0,◎-○軸 3着3〜4艇流し（10〜15点）,0.5777,"{'is_target': True, 'verdict': '参加推奨', 'max_combo_prob': 0.0718, 'est_top_odds': 18.6, 'circle_concentration': 68.4, 'eligible_count': 8, 'bet_adj': 2, 'reason': 'rel_win1=47.3%（本命度） / 最有力組み合わせ確率: 0.072（推定実オッズ?19倍） / 2着集中度: 上位2艇 68.4%（補正+0.00） / 総合判定確率: 0.072 / → ヒモ分散。1号艇1着固定で広めのヒモ流し推奨（買い目+2点）', 'tenji_trigger': '展示確認: ヒモ分散レース。1号艇伸び確認後、広めのヒモ流しを採用。穴ヒモ（5・6号艇）を積極的に含める。\n展示で1号艇スタート遅め(0.196秒)確認→ヒモが荒れやすい'}",,,31.1,両建て推奨,23.13,32.6,4,2-1-3|1-2-6|1-2-3|1-3-6|1-3-2|1-4-6,5-1-6|5-6-1|3-5-6|2-1-3|3-4-6|3-4-5|3-5-4|1-2-6|1-2-3|1-3-6|1-3-2|1-4-6,2-1-3:2.32%|1-2-6:9.27%|1-2-3:7.14%|1-3-6:6.44%|1-3-2:5.16%|1-4-6:5.04%,2-1-3:B_main|1-2-6:A|1-2-3:A|1-3-6:A|1-3-2:A|1-4-6:A,6,12,0.4535,1,[!]見送り推奨（主役決まり手「差し」― 逃げ劣勢レースで的中実績なし）,荒れ広め,D
2025-11-26,丸亀,3,2,村上彰一,B1,18.92,2,,10.7761,45.3,74,58.1,0.1772,3.6744,,,0,低,120,0,-,6,0,63.1,1.1105,,,,,,0.225,0.25,0.25,,◎,D,△,,0.5218,0.5715,,0.2111,A,61,0,◎-○軸 3着3〜4艇流し（10〜15点）,0.5777,"{'is_target': True, 'verdict': '参加推奨', 'max_combo_prob': 0.0718, 'est_top_odds': 18.6, 'circle_concentration': 68.4, 'eligible_count': 8, 'bet_adj': 2, 'reason': 'rel_win1=47.3%（本命度） / 最有力組み合わせ確率: 0.072（推定実オッズ?19倍） / 2着集中度: 上位2艇 68.4%（補正+0.00） / 総合判定確率: 0.072 / → ヒモ分散。1号艇1着固定で広めのヒモ流し推奨（買い目+2点）', 'tenji_trigger': '展示確認: ヒモ分散レース。1号艇伸び確認後、広めのヒモ流しを採用。穴ヒモ（5・6号艇）を積極的に含める。\n展示で1号艇スタート遅め(0.196秒)確認→ヒモが荒れやすい'}",,,31.1,両建て推奨,23.13,32.6,4,,,,,,,,,,,
2025-11-26,丸亀,3,3,三木晴斗,B1,34.04,3,○,17.8664,23,70,57.9,0.1382,2.5395,,,0,低,97,0,抜0%,4,0,58.5,1.361,0,0.05,0.05,0.15,0.05,0.095,0.195,0.155,,○,B,,,0.4973,0.5655,,0.2111,A,61,0,◎-○軸 3着3〜4艇流し（10〜15点）,0.5777,"{'is_target': True, 'verdict': '参加推奨', 'max_combo_prob': 0.0718, 'est_top_odds': 18.6, 'circle_concentration': 68.4, 'eligible_count': 8, 'bet_adj': 2, 'reason': 'rel_win1=47.3%（本命度） / 最有力組み合わせ確率: 0.072（推定実オッズ?19倍） / 2着集中度: 上位2艇 68.4%（補正+0.00） / 総合判定確率: 0.072 / → ヒモ分散。1号艇1着固定で広めのヒモ流し推奨（買い目+2点）', 'tenji_trigger': '展示確認: ヒモ分散レース。1号艇伸び確認後、広めのヒモ流しを採用。穴ヒモ（5・6号艇）を積極的に含める。\n展示で1号艇スタート遅め(0.196秒)確認→ヒモが荒れやすい'}",,,31.1,両建て推奨,23.13,32.6,4,,,,,,,,,,,
2025-11-26,丸亀,3,4,芹澤克彦,B1,29.79,4,▲,9.5842,13,46,33.3,0.1304,3.1222,,,0,低,65,0,差0%,1,0,28.9,0.8515,0,0.0435,0,0,0,0.1962,0.0952,0.0571,,△,C,○,,0.4657,0.643,,0.2111,A,61,0,◎-○軸 3着3〜4艇流し（10〜15点）,0.5777,"{'is_target': True, 'verdict': '参加推奨', 'max_combo_prob': 0.0718, 'est_top_odds': 18.6, 'circle_concentration': 68.4, 'eligible_count': 8, 'bet_adj': 2, 'reason': 'rel_win1=47.3%（本命度） / 最有力組み合わせ確率: 0.072（推定実オッズ?19倍） / 2着集中度: 上位2艇 68.4%（補正+0.00） / 総合判定確率: 0.072 / → ヒモ分散。1号艇1着固定で広めのヒモ流し推奨（買い目+2点）', 'tenji_trigger': '展示確認: ヒモ分散レース。1号艇伸び確認後、広めのヒモ流しを採用。穴ヒモ（5・6号艇）を積極的に含める。\n展示で1号艇スタート遅め(0.196秒)確認→ヒモが荒れやすい'}",,,31.1,両建て推奨,23.13,32.6,4,,,,,,,,,,,
2025-11-26,丸亀,3,5,鶴田勇雄,A2,37.25,5,△,7.7258,13.6,100,44.9,0.1896,3.8043,,,0,低,167,0,-,5,0,42.1,1.3205,,,,,,0.0258,0.3819,0.0387,,,B,△,,0.3438,0.609,,0.2111,A,61,0,◎-○軸 3着3〜4艇流し（10〜15点）,0.5777,"{'is_target': True, 'verdict': '参加推奨', 'max_combo_prob': 0.0718, 'est_top_odds': 18.6, 'circle_concentration': 68.4, 'eligible_count': 8, 'bet_adj': 2, 'reason': 'rel_win1=47.3%（本命度） / 最有力組み合わせ確率: 0.072（推定実オッズ?19倍） / 2着集中度: 上位2艇 68.4%（補正+0.00） / 総合判定確率: 0.072 / → ヒモ分散。1号艇1着固定で広めのヒモ流し推奨（買い目+2点）', 'tenji_trigger': '展示確認: ヒモ分散レース。1号艇伸び確認後、広めのヒモ流しを採用。穴ヒモ（5・6号艇）を積極的に含める。\n展示で1号艇スタート遅め(0.196秒)確認→ヒモが荒れやすい'}",,,31.1,両建て推奨,23.13,32.6,4,,,,,,,,,,,
2025-11-26,丸亀,3,6,中山雄太,A1,29.09,6,,6.7182,5,83,40.8,0.1584,3.3163,,,0,低,75,0,-,2,0,91,1.7789,,,,,,0.0385,0.0769,0.1154,,,C,◎,◎,0.4393,0.671,0.237,0.2111,A,61,0,◎-○軸 3着3〜4艇流し（10〜15点）,0.5777,"{'is_target': True, 'verdict': '参加推奨', 'max_combo_prob': 0.0718, 'est_top_odds': 18.6, 'circle_concentration': 68.4, 'eligible_count': 8, 'bet_adj': 2, 'reason': 'rel_win1=47.3%（本命度） / 最有力組み合わせ確率: 0.072（推定実オッズ?19倍） / 2着集中度: 上位2艇 68.4%（補正+0.00） / 総合判定確率: 0.072 / → ヒモ分散。1号艇1着固定で広めのヒモ流し推奨（買い目+2点）', 'tenji_trigger': '展示確認: ヒモ分散レース。1号艇伸び確認後、広めのヒモ流しを採用。穴ヒモ（5・6号艇）を積極的に含める。\n展示で1号艇スタート遅め(0.196秒)確認→ヒモが荒れやすい'}",,,31.1,両建て推奨,23.13,32.6,4,,,,,,,,,,,
2025-11-26,丸亀,4,1,峰重力也,B1,32.69,1,◎,50.2912,,0,73.7,0.1387,2.8158,,,0,低,41,0,逃0%,6,0,67.5,0.9551,0.4737,,,,,0.0211,0.1699,0.1699,○,,B,○,,,0.677,,0.4211,A,63,0,◎-○軸 3着3〜4艇流し（10〜15点）,0.5777,"{'is_target': True, 'verdict': '参加推奨', 'max_combo_prob': 0.0673, 'est_top_odds': 19.8, 'circle_concentration': 67.9, 'eligible_count': 8, 'bet_adj': 2, 'reason': 'rel_win1=50.3%（本命度） / 最有力組み合わせ確率: 0.067（推定実オッズ?20倍） / 2着集中度: 上位2艇 67.9%（補正+0.00） / 総合判定確率: 0.067 / → ヒモ分散。1号艇1着固定で広めのヒモ流し推奨（買い目+2点）', 'tenji_trigger': '展示確認: ヒモ分散レース。1号艇伸び確認後、広めのヒモ流しを採用。穴ヒモ（5・6号艇）を積極的に含める。\n展示で1号艇スタート超安定(0.139秒)→ヒモ固まり方向に注意'}",,,27.8,両建て推奨,18.31,27.4,4,,,,,0,0,0.6155,0,,逃げ軸流し,A
2025-11-26,丸亀,4,2,森　雄利,B2,26.19,2,△,11.0216,37.8,81,10,0.172,4.15,,,0,低,68,1,-,46,0,37.3,0.5379,,,,,,0.25,0.25,0,,,D,△,,0.0807,0.61,,0.4211,A,63,0,◎-○軸 3着3〜4艇流し（10〜15点）,0.5777,"{'is_target': True, 'verdict': '参加推奨', 'max_combo_prob': 0.0673, 'est_top_odds': 19.8, 'circle_concentration': 67.9, 'eligible_count': 8, 'bet_adj': 2, 'reason': 'rel_win1=50.3%（本命度） / 最有力組み合わせ確率: 0.067（推定実オッズ?20倍） / 2着集中度: 上位2艇 67.9%（補正+0.00） / 総合判定確率: 0.067 / → ヒモ分散。1号艇1着固定で広めのヒモ流し推奨（買い目+2点）', 'tenji_trigger': '展示確認: ヒモ分散レース。1号艇伸び確認後、広めのヒモ流しを採用。穴ヒモ（5・6号艇）を積極的に含める。\n展示で1号艇スタート超安定(0.139秒)→ヒモ固まり方向に注意'}",,,27.8,両建て推奨,18.31,27.4,4,,,,,,,,,,,
2025-11-26,丸亀,4,3,安田政彦,A2,22.50,3,,10.429,30.2,90,58.5,0.1766,3.4528,,,0,低,147,0,-,4,0,38.2,0.9377,0,0.0357,0.0357,0.0714,0,0.2188,0.3285,0.1918,,,D,,,0.1326,0.5665,,0.4211,A,63,0,◎-○軸 3着3〜4艇流し（10〜15点）,0.5777,"{'is_target': True, 'verdict': '参加推奨', 'max_combo_prob': 0.0673, 'est_top_odds': 19.8, 'circle_concentration': 67.9, 'eligible_count': 8, 'bet_adj': 2, 'reason': 'rel_win1=50.3%（本命度） / 最有力組み合わせ確率: 0.067（推定実オッズ?20倍） / 2着集中度: 上位2艇 67.9%（補正+0.00） / 総合判定確率: 0.067 / → ヒモ分散。1号艇1着固定で広めのヒモ流し推奨（買い目+2点）', 'tenji_trigger': '展示確認: ヒモ分散レース。1号艇伸び確認後、広めのヒモ流しを採用。穴ヒモ（5・6号艇）を積極的に含める。\n展示で1号艇スタート超安定(0.139秒)→ヒモ固まり方向に注意'}",,,27.8,両建て推奨,18.31,27.4,4,,,,,,,,,,,
2025-11-26,丸亀,4,4,山田哲也,A1,29.41,4,○,22.3115,22.4,100,61.9,0.095,1.8333,,,0,低,17,0,ま0%,22,0,92.4,1.7017,0,0,0.15,0,0,0.1046,0.1194,0.0898,,◎,C,◎,◎,0.5158,0.8045,0.4238,0.4211,A,63,0,◎-○軸 3着3〜4艇流し（10〜15点）,0.5777,"{'is_target': True, 'verdict': '参加推奨', 'max_combo_prob': 0.0673, 'est_top_odds': 19.8, 'circle_concentration': 67.9, 'eligible_count': 8, 'bet_adj': 2, 'reason': 'rel_win1=50.3%（本命度） / 最有力組み合わせ確率: 0.067（推定実オッズ?20倍） / 2着集中度: 上位2艇 67.9%（補正+0.00） / 総合判定確率: 0.067 / → ヒモ分散。1号艇1着固定で広めのヒモ流し推奨（買い目+2点）', 'tenji_trigger': '展示確認: ヒモ分散レース。1号艇伸び確認後、広めのヒモ流しを採用。穴ヒモ（5・6号艇）を積極的に含める。\n展示で1号艇スタート超安定(0.139秒)→ヒモ固まり方向に注意'}",,,27.8,両建て推奨,18.31,27.4,4,,,,,,,,,,,
2025-11-26,丸亀,4,5,三嶌さら,B1,42.55,5,▲,4.9383,8.9,47,16.7,0.1812,4.381,,,0,低,82,0,-,4,0,29.6,0.6112,,,,,,0,0.25,0,,,A,,,0.1993,0.576,,0.4211,A,63,0,◎-○軸 3着3〜4艇流し（10〜15点）,0.5777,"{'is_target': True, 'verdict': '参加推奨', 'max_combo_prob': 0.0673, 'est_top_odds': 19.8, 'circle_concentration': 67.9, 'eligible_count': 8, 'bet_adj': 2, 'reason': 'rel_win1=50.3%（本命度） / 最有力組み合わせ確率: 0.067（推定実オッズ?20倍） / 2着集中度: 上位2艇 67.9%（補正+0.00） / 総合判定確率: 0.067 / → ヒモ分散。1号艇1着固定で広めのヒモ流し推奨（買い目+2点）', 'tenji_trigger': '展示確認: ヒモ分散レース。1号艇伸び確認後、広めのヒモ流しを採用。穴ヒモ（5・6号艇）を積極的に含める。\n展示で1号艇スタート超安定(0.139秒)→ヒモ固まり方向に注意'}",,,27.8,両建て推奨,18.31,27.4,4,,,,,,,,,,,
2025-11-26,丸亀,4,6,神里琴音,B1,19.51,6,,1.0084,0.8,45,11.4,0.1443,3.4143,,,0,低,61,0,-,54,0,23.5,0.7911,,,,,,0.0267,0.6633,0.0267,,,E,△,,0.3177,0.674,,0.4211,A,63,0,◎-○軸 3着3〜4艇流し（10〜15点）,0.5777,"{'is_target': True, 'verdict': '参加推奨', 'max_combo_prob': 0.0673, 'est_top_odds': 19.8, 'circle_concentration': 67.9, 'eligible_count': 8, 'bet_adj': 2, 'reason': 'rel_win1=50.3%（本命度） / 最有力組み合わせ確率: 0.067（推定実オッズ?20倍） / 2着集中度: 上位2艇 67.9%（補正+0.00） / 総合判定確率: 0.067 / → ヒモ分散。1号艇1着固定で広めのヒモ流し推奨（買い目+2点）', 'tenji_trigger': '展示確認: ヒモ分散レース。1号艇伸び確認後、広めのヒモ流しを採用。穴ヒモ（5・6号艇）を積極的に含める。\n展示で1号艇スタート超安定(0.139秒)→ヒモ固まり方向に注意'}",,,27.8,両建て推奨,18.31,27.4,4,,,,,,,,,,,
2025-11-26,丸亀,5,1,宮地秀祈,B1,34.04,1,◎,44.4053,,0,67.4,0.1635,3.1977,,,0,低,145,0,-,55,0,57.2,0.7346,0.2,,,,,0.2914,0.2714,0.06,○,,C,○,,,0.6005,,0.399,B,52,0,◎○△フォーメーション（15〜20点）,0.5777,"{'is_target': False, 'verdict': '対象外', 'max_combo_prob': None, 'est_top_odds': None, 'circle_concentration': None, 'eligible_count': 0, 'bet_adj': 0, 'reason': '1号艇rel_win1 < 45%: 通常判定に委ねる', 'tenji_trigger': ''}",,,31.1,両建て推奨,16.36,38.3,4,,,,,0,0,0.6155,0,,主役軸流し,B
2025-11-26,丸亀,5,2,大西隆洋,B1,31.91,2,,9.2039,29.4,98,35,0.1812,4.0833,,,0,低,103,0,抜0%,15,0,45,0.7319,0,0,0,0,0.0435,0.3077,0.0769,0.3077,,,D,◎,,0.1942,0.6055,,0.399,B,52,0,◎○△フォーメーション（15〜20点）,0.5777,"{'is_target': False, 'verdict': '対象外', 'max_combo_prob': None, 'est_top_odds': None, 'circle_concentration': None, 'eligible_count': 0, 'bet_adj': 0, 'reason': '1号艇rel_win1 < 45%: 通常判定に委ねる', 'tenji_trigger': ''}",,,31.1,両建て推奨,16.36,38.3,4,,,,,,,,,,,
2025-11-26,丸亀,5,3,若狭奈美,A2,39.62,3,○,14.495,32.8,93,65.4,0.175,3.8654,,,0,低,81,0,-,1,0,38.3,0.894,0,0,0.1111,0,0,0.08,0.28,0.1,,,B,,,0.2844,0.542,,0.399,B,52,0,◎○△フォーメーション（15〜20点）,0.5777,"{'is_target': False, 'verdict': '対象外', 'max_combo_prob': None, 'est_top_odds': None, 'circle_concentration': None, 'eligible_count': 0, 'bet_adj': 0, 'reason': '1号艇rel_win1 < 45%: 通常判定に委ねる', 'tenji_trigger': ''}",,,31.1,両建て推奨,16.36,38.3,4,,,,,,,,,,,
2025-11-26,丸亀,5,4,原田篤志,A1,29.41,4,△,20.4035,22.5,100,63.8,0.171,3.6293,,,0,低,122,0,差ま0%,15,0,75.6,1.0943,0,0.1429,0.0476,0.0476,0.0476,0.02,0.125,0.02,,,E,,◎,0.3152,0.5685,0.407,0.399,B,52,0,◎○△フォーメーション（15〜20点）,0.5777,"{'is_target': False, 'verdict': '対象外', 'max_combo_prob': None, 'est_top_odds': None, 'circle_concentration': None, 'eligible_count': 0, 'bet_adj': 0, 'reason': '1号艇rel_win1 < 45%: 通常判定に委ねる', 'tenji_trigger': ''}",,,31.1,両建て推奨,16.36,38.3,4,,,,,,,,,,,
2025-11-26,丸亀,5,5,盛本真輔,B1,39.66,5,▲,10.2349,9.4,93,36.8,0.1891,3.8603,,,0,低,190,0,-,2,0,22,0.611,0,0,0.0345,0,0,0.1487,0.0211,0.2237,,,B,△,○,0.2416,0.596,0.1672,0.399,B,52,0,◎○△フォーメーション（15〜20点）,0.5777,"{'is_target': False, 'verdict': '対象外', 'max_combo_prob': None, 'est_top_odds': None, 'circle_concentration': None, 'eligible_count': 0, 'bet_adj': 0, 'reason': '1号艇rel_win1 < 45%: 通常判定に委ねる', 'tenji_trigger': ''}",,,31.1,両建て推奨,16.36,38.3,4,,,,,,,,,,,
2025-11-26,丸亀,5,6,北川幸典,B1,33.33,6,,1.2574,5.9,70,22.9,0.1734,3.6857,,,0,低,79,0,-,F1,0,22.6,0.8389,,,,,,0.3125,0.125,0.1875,,,D,△,,0.3228,0.5995,,0.399,B,52,0,◎○△フォーメーション（15〜20点）,0.5777,"{'is_target': False, 'verdict': '対象外', 'max_combo_prob': None, 'est_top_odds': None, 'circle_concentration': None, 'eligible_count': 0, 'bet_adj': 0, 'reason': '1号艇rel_win1 < 45%: 通常判定に委ねる', 'tenji_trigger': ''}",,,31.1,両建て推奨,16.36,38.3,4,,,,,,,,,,,
2025-11-26,丸亀,6,1,西舘　健,A2,42.00,1,◎,51.4496,,0,80.9,0.1507,2.8235,,,0,低,130,0,逃0%,2,0,70.2,0.8757,0.5429,,,,,0.0895,0.1581,0.1124,◎,,A,△,,,0.6065,,0.5106,A,72,0,◎-○軸 3着3〜4艇流し（10〜15点）,0.5777,"{'is_target': True, 'verdict': '参加推奨', 'max_combo_prob': 0.0713, 'est_top_odds': 18.7, 'circle_concentration': 69.2, 'eligible_count': 8, 'bet_adj': 2, 'reason': 'rel_win1=51.4%（本命度） / 最有力組み合わせ確率: 0.071（推定実オッズ?19倍） / 2着集中度: 上位2艇 69.2%（補正+0.00） / 総合判定確率: 0.071 / → ヒモ分散。1号艇1着固定で広めのヒモ流し推奨（買い目+2点）', 'tenji_trigger': '展示確認: ヒモ分散レース。1号艇伸び確認後、広めのヒモ流しを採用。穴ヒモ（5・6号艇）を積極的に含める。'}",,,30.2,逃げ狙い,22.91,30.2,3,,,,,0,0,0.7559,0,,逃げ軸流し,A
2025-11-26,丸亀,6,2,滝川真由,B1,18.18,2,,9.9394,37.3,69,50,0.171,3.6,,,0,低,60,0,-,15,0,48.2,0.8302,,,,,,0.2333,0.2667,0.0333,,,E,△,,0.1379,0.612,,0.5106,A,72,0,◎-○軸 3着3〜4艇流し（10〜15点）,0.5777,"{'is_target': True, 'verdict': '参加推奨', 'max_combo_prob': 0.0713, 'est_top_odds': 18.7, 'circle_concentration': 69.2, 'eligible_count': 8, 'bet_adj': 2, 'reason': 'rel_win1=51.4%（本命度） / 最有力組み合わせ確率: 0.071（推定実オッズ?19倍） / 2着集中度: 上位2艇 69.2%（補正+0.00） / 総合判定確率: 0.071 / → ヒモ分散。1号艇1着固定で広めのヒモ流し推奨（買い目+2点）', 'tenji_trigger': '展示確認: ヒモ分散レース。1号艇伸び確認後、広めのヒモ流しを採用。穴ヒモ（5・6号艇）を積極的に含める。'}",,,30.2,逃げ狙い,22.91,30.2,3,,,,,,,,,,,
2025-11-26,丸亀,6,3,木谷賢太,A2,38.00,3,▲,19.8781,31.9,100,76.9,0.1562,3.0673,,,0,低,107,0,ま0% 差ま0%,1,0,52.2,1.0596,0,0,0.12,0.12,0,0.0343,0.0114,0.1957,,,B,◎,,0.3053,0.663,,0.5106,A,72,0,◎-○軸 3着3〜4艇流し（10〜15点）,0.5777,"{'is_target': True, 'verdict': '参加推奨', 'max_combo_prob': 0.0713, 'est_top_odds': 18.7, 'circle_concentration': 69.2, 'eligible_count': 8, 'bet_adj': 2, 'reason': 'rel_win1=51.4%（本命度） / 最有力組み合わせ確率: 0.071（推定実オッズ?19倍） / 2着集中度: 上位2艇 69.2%（補正+0.00） / 総合判定確率: 0.071 / → ヒモ分散。1号艇1着固定で広めのヒモ流し推奨（買い目+2点）', 'tenji_trigger': '展示確認: ヒモ分散レース。1号艇伸び確認後、広めのヒモ流しを採用。穴ヒモ（5・6号艇）を積極的に含める。'}",,,30.2,逃げ狙い,22.91,30.2,3,,,,,,,,,,,
2025-11-26,丸亀,6,4,廣中良一,B1,27.45,4,△,4.1946,13.4,69,32.8,0.1597,3.3443,,,0,低,151,0,-,4,0,81,1.2896,,,,,,0.1581,0.0762,0.1771,,,D,○,,0.2983,0.6395,,0.5106,A,72,0,◎-○軸 3着3〜4艇流し（10〜15点）,0.5777,"{'is_target': True, 'verdict': '参加推奨', 'max_combo_prob': 0.0713, 'est_top_odds': 18.7, 'circle_concentration': 69.2, 'eligible_count': 8, 'bet_adj': 2, 'reason': 'rel_win1=51.4%（本命度） / 最有力組み合わせ確率: 0.071（推定実オッズ?19倍） / 2着集中度: 上位2艇 69.2%（補正+0.00） / 総合判定確率: 0.071 / → ヒモ分散。1号艇1着固定で広めのヒモ流し推奨（買い目+2点）', 'tenji_trigger': '展示確認: ヒモ分散レース。1号艇伸び確認後、広めのヒモ流しを採用。穴ヒモ（5・6号艇）を積極的に含める。'}",,,30.2,逃げ狙い,22.91,30.2,3,,,,,,,,,,,
2025-11-26,丸亀,6,5,山田祐也,A1,39.13,5,○,12.475,17.1,46,59,0.1395,3.141,,,0,低,53,0,-,13,0,34.9,0.8805,0,0,0,0.0667,0,0,0.0455,0.1364,,,B,◎,◎,0.346,0.663,0.4343,0.5106,A,72,0,◎-○軸 3着3〜4艇流し（10〜15点）,0.5777,"{'is_target': True, 'verdict': '参加推奨', 'max_combo_prob': 0.0713, 'est_top_odds': 18.7, 'circle_concentration': 69.2, 'eligible_count': 8, 'bet_adj': 2, 'reason': 'rel_win1=51.4%（本命度） / 最有力組み合わせ確率: 0.071（推定実オッズ?19倍） / 2着集中度: 上位2艇 69.2%（補正+0.00） / 総合判定確率: 0.071 / → ヒモ分散。1号艇1着固定で広めのヒモ流し推奨（買い目+2点）', 'tenji_trigger': '展示確認: ヒモ分散レース。1号艇伸び確認後、広めのヒモ流しを採用。穴ヒモ（5・6号艇）を積極的に含める。'}",,,30.2,逃げ狙い,22.91,30.2,3,,,,,,,,,,,
2025-11-26,丸亀,6,6,浜崎準也,B1,28.30,6,,2.0632,0.3,54,18.9,0.1991,4.717,,,0,低,122,0,-,46,0,25.7,0.6164,,,,,,0.3,0.3,0,,,D,,,0.1826,0.5915,,0.5106,A,72,0,◎-○軸 3着3〜4艇流し（10〜15点）,0.5777,"{'is_target': True, 'verdict': '参加推奨', 'max_combo_prob': 0.0713, 'est_top_odds': 18.7, 'circle_concentration': 69.2, 'eligible_count': 8, 'bet_adj': 2, 'reason': 'rel_win1=51.4%（本命度） / 最有力組み合わせ確率: 0.071（推定実オッズ?19倍） / 2着集中度: 上位2艇 69.2%（補正+0.00） / 総合判定確率: 0.071 / → ヒモ分散。1号艇1着固定で広めのヒモ流し推奨（買い目+2点）', 'tenji_trigger': '展示確認: ヒモ分散レース。1号艇伸び確認後、広めのヒモ流しを採用。穴ヒモ（5・6号艇）を積極的に含める。'}",,,30.2,逃げ狙い,22.91,30.2,3,,,,,,,,,,,
2025-11-26,丸亀,7,1,三木晴斗,B1,34.04,1,◎,45.6804,,0,62.2,0.1784,3.4595,,,0,低,97,0,逃1%,4,0,51.1,0.8666,0.4,,,,,0.095,0.195,0.155,△,,C,,,,0.5655,,0.249,C,39,0,荒れ傾向。高配当狙いか見送り,0.5777,"{'is_target': True, 'verdict': '参加推奨', 'max_combo_prob': 0.0606, 'est_top_odds': 22.0, 'circle_concentration': 60.5, 'eligible_count': 6, 'bet_adj': 2, 'reason': 'rel_win1=45.7%（本命度） / 最有力組み合わせ確率: 0.061（推定実オッズ?22倍） / 2着集中度: 上位2艇 60.5%（補正+0.00） / 総合判定確率: 0.061 / → ヒモ分散。1号艇1着固定で広めのヒモ流し推奨（買い目+2点）', 'tenji_trigger': '展示確認: ヒモ分散レース。1号艇伸び確認後、広めのヒモ流しを採用。穴ヒモ（5・6号艇）を積極的に含める。'}",,,30.9,両建て推奨,22.53,32.6,3,3-1-4|1-3-6|1-3-2|1-2-3|1-4-3|1-2-6,5-1-6|5-1-2|3-1-4|6-1-2|5-6-1|5-2-1|6-2-1|1-3-6|1-3-2|1-2-3|1-4-3|1-2-6,3-1-4:2.78%|1-3-6:6.31%|1-3-2:6.18%|1-2-3:4.86%|1-4-3:4.45%|1-2-6:4.05%,3-1-4:B_main|1-3-6:A|1-3-2:A|1-2-3:A|1-4-3:A|1-2-6:A,6,12,0.4535,1,[!]見送り推奨（主役決まり手「まくり差し」― 逃げ劣勢レースで的中実績なし）,荒れ広め,D
2025-11-26,丸亀,7,2,西村秀樹,B1,32.14,2,△,9.3711,21.9,69,37.2,0.1829,3.7843,,,0,低,122,0,-,2,0,75.1,1.1522,0,0.0357,0,0,0.0357,0.25,0.1875,0.3125,,,C,△,,0.2756,0.6095,,0.249,C,39,0,荒れ傾向。高配当狙いか見送り,0.5777,"{'is_target': True, 'verdict': '参加推奨', 'max_combo_prob': 0.0606, 'est_top_odds': 22.0, 'circle_concentration': 60.5, 'eligible_count': 6, 'bet_adj': 2, 'reason': 'rel_win1=45.7%（本命度） / 最有力組み合わせ確率: 0.061（推定実オッズ?22倍） / 2着集中度: 上位2艇 60.5%（補正+0.00） / 総合判定確率: 0.061 / → ヒモ分散。1号艇1着固定で広めのヒモ流し推奨（買い目+2点）', 'tenji_trigger': '展示確認: ヒモ分散レース。1号艇伸び確認後、広めのヒモ流しを採用。穴ヒモ（5・6号艇）を積極的に含める。'}",,,30.9,両建て推奨,22.53,32.6,3,,,,,,,,,,,
2025-11-26,丸亀,7,3,安河内将,A1,43.14,3,○,28.6174,38.2,62,77.5,0.144,3.1875,,,0,低,99,0,差0% 差ま0% 抜0%,14,0,91.9,1.8404,0,0.0556,0,0.3333,0.0556,0.0781,0.0781,0.0781,,◎,B,○,,0.5597,0.6335,,0.249,C,39,0,荒れ傾向。高配当狙いか見送り,0.5777,"{'is_target': True, 'verdict': '参加推奨', 'max_combo_prob': 0.0606, 'est_top_odds': 22.0, 'circle_concentration': 60.5, 'eligible_count': 6, 'bet_adj': 2, 'reason': 'rel_win1=45.7%（本命度） / 最有力組み合わせ確率: 0.061（推定実オッズ?22倍） / 2着集中度: 上位2艇 60.5%（補正+0.00） / 総合判定確率: 0.061 / → ヒモ分散。1号艇1着固定で広めのヒモ流し推奨（買い目+2点）', 'tenji_trigger': '展示確認: ヒモ分散レース。1号艇伸び確認後、広めのヒモ流しを採用。穴ヒモ（5・6号艇）を積極的に含める。'}",,,30.9,両建て推奨,22.53,32.6,3,,,,,,,,,,,
2025-11-26,丸亀,7,4,岡本慎治,A2,25.49,4,,8.1631,22.3,63,48.9,0.1891,3.6556,,,0,低,107,0,-,66,0,69.9,1.4434,,,,,,0.4053,0.0421,0.2132,,,E,△,,0.2913,0.611,,0.249,C,39,0,荒れ傾向。高配当狙いか見送り,0.5777,"{'is_target': True, 'verdict': '参加推奨', 'max_combo_prob': 0.0606, 'est_top_odds': 22.0, 'circle_concentration': 60.5, 'eligible_count': 6, 'bet_adj': 2, 'reason': 'rel_win1=45.7%（本命度） / 最有力組み合わせ確率: 0.061（推定実オッズ?22倍） / 2着集中度: 上位2艇 60.5%（補正+0.00） / 総合判定確率: 0.061 / → ヒモ分散。1号艇1着固定で広めのヒモ流し推奨（買い目+2点）', 'tenji_trigger': '展示確認: ヒモ分散レース。1号艇伸び確認後、広めのヒモ流しを採用。穴ヒモ（5・6号艇）を積極的に含める。'}",,,30.9,両建て推奨,22.53,32.6,3,,,,,,,,,,,
2025-11-26,丸亀,7,5,薮内瑞希,B1,25.93,5,,4.3827,10,56,22.9,0.1563,3.3,,,0,低,68,0,-,6,0,30.1,0.6807,0,0,0,0,0,0.0333,0.0667,0.1833,,○,D,,,0.4096,0.592,,0.249,C,39,0,荒れ傾向。高配当狙いか見送り,0.5777,"{'is_target': True, 'verdict': '参加推奨', 'max_combo_prob': 0.0606, 'est_top_odds': 22.0, 'circle_concentration': 60.5, 'eligible_count': 6, 'bet_adj': 2, 'reason': 'rel_win1=45.7%（本命度） / 最有力組み合わせ確率: 0.061（推定実オッズ?22倍） / 2着集中度: 上位2艇 60.5%（補正+0.00） / 総合判定確率: 0.061 / → ヒモ分散。1号艇1着固定で広めのヒモ流し推奨（買い目+2点）', 'tenji_trigger': '展示確認: ヒモ分散レース。1号艇伸び確認後、広めのヒモ流しを採用。穴ヒモ（5・6号艇）を積極的に含める。'}",,,30.9,両建て推奨,22.53,32.6,3,,,,,,,,,,,
2025-11-26,丸亀,7,6,杉山貴博,A1,50.00,6,▲,3.7852,7.6,100,39.7,0.1884,4.2192,,,0,低,125,0,ま0%,3,0,48.2,1.5406,0,0,0.0312,0,0,0.0343,0.1657,0.1771,,,A,◎,,0.2774,0.655,,0.249,C,39,0,荒れ傾向。高配当狙いか見送り,0.5777,"{'is_target': True, 'verdict': '参加推奨', 'max_combo_prob': 0.0606, 'est_top_odds': 22.0, 'circle_concentration': 60.5, 'eligible_count': 6, 'bet_adj': 2, 'reason': 'rel_win1=45.7%（本命度） / 最有力組み合わせ確率: 0.061（推定実オッズ?22倍） / 2着集中度: 上位2艇 60.5%（補正+0.00） / 総合判定確率: 0.061 / → ヒモ分散。1号艇1着固定で広めのヒモ流し推奨（買い目+2点）', 'tenji_trigger': '展示確認: ヒモ分散レース。1号艇伸び確認後、広めのヒモ流しを採用。穴ヒモ（5・6号艇）を積極的に含める。'}",,,30.9,両建て推奨,22.53,32.6,3,,,,,,,,,,,
2025-11-26,丸亀,8,1,北川潤二,A1,42.59,1,◎,74.2509,,0,93.9,0.127,2.0408,,,0,低,54,0,逃1%,23,0,85.2,1.064,0.7174,,,,,0.0848,0.1348,0.0435,◎,,B,○,,,0.673,,0.6958,S,89,0,◎1着固定 2-3着流し（5〜8点）,0.5777,"{'is_target': True, 'verdict': '点数絞り', 'max_combo_prob': 0.1325, 'est_top_odds': 10.1, 'circle_concentration': 77.3, 'eligible_count': 6, 'bet_adj': 0, 'reason': 'rel_win1=74.3%（本命度） / 最有力組み合わせ確率: 0.133（推定実オッズ?10倍） / 2着集中度: 上位2艇 77.3%（補正+0.04） / 総合判定確率: 0.173 / → ヒモはやや固め。上位2艇以外を切ること', 'tenji_trigger': '展示確認: 1号艇伸び良→そのまま採用。悪→飛び組に差し替え。circle_pct上位2艇に絞り込むこと。\n展示で1号艇スタート超安定(0.127秒)→ヒモ固まり方向に注意'}",,,26.5,逃げ狙い,14.23,26.9,3,,,,,0,0,0.7559,0,,逃げ軸流し,A
2025-11-26,丸亀,8,2,大場　敏,A2,29.09,2,▲,8.7424,55.8,100,68.9,0.1449,3.1824,,,0,低,93,0,-,54,0,41.7,0.9655,0,0.0571,0,0,0,0.0933,0.1756,0.0111,,,C,◎,,0.1454,0.7095,,0.6958,S,89,0,◎1着固定 2-3着流し（5〜8点）,0.5777,"{'is_target': True, 'verdict': '点数絞り', 'max_combo_prob': 0.1325, 'est_top_odds': 10.1, 'circle_concentration': 77.3, 'eligible_count': 6, 'bet_adj': 0, 'reason': 'rel_win1=74.3%（本命度） / 最有力組み合わせ確率: 0.133（推定実オッズ?10倍） / 2着集中度: 上位2艇 77.3%（補正+0.04） / 総合判定確率: 0.173 / → ヒモはやや固め。上位2艇以外を切ること', 'tenji_trigger': '展示確認: 1号艇伸び良→そのまま採用。悪→飛び組に差し替え。circle_pct上位2艇に絞り込むこと。\n展示で1号艇スタート超安定(0.127秒)→ヒモ固まり方向に注意'}",,,26.5,逃げ狙い,14.23,26.9,3,,,,,,,,,,,
2025-11-26,丸亀,8,3,村上彰一,B1,18.92,3,,5.4781,17.5,85,46.2,0.1675,3.2692,,,0,低,120,0,-,6,0,26.2,0.8629,,,,,,0.225,0.25,0.25,,,E,,,0.1549,0.5715,,0.6958,S,89,0,◎1着固定 2-3着流し（5〜8点）,0.5777,"{'is_target': True, 'verdict': '点数絞り', 'max_combo_prob': 0.1325, 'est_top_odds': 10.1, 'circle_concentration': 77.3, 'eligible_count': 6, 'bet_adj': 0, 'reason': 'rel_win1=74.3%（本命度） / 最有力組み合わせ確率: 0.133（推定実オッズ?10倍） / 2着集中度: 上位2艇 77.3%（補正+0.04） / 総合判定確率: 0.173 / → ヒモはやや固め。上位2艇以外を切ること', 'tenji_trigger': '展示確認: 1号艇伸び良→そのまま採用。悪→飛び組に差し替え。circle_pct上位2艇に絞り込むこと。\n展示で1号艇スタート超安定(0.127秒)→ヒモ固まり方向に注意'}",,,26.5,逃げ狙い,14.23,26.9,3,,,,,,,,,,,
2025-11-26,丸亀,8,4,田川大貴,A2,23.21,4,△,6.4856,21.6,97,56.4,0.1316,2.6727,,,0,低,91,0,-,34,0,35.5,0.8619,0,0,0.0385,0.0385,0.0385,0.1434,0.0774,0.1003,,,D,△,◎,0.287,0.616,0.3911,0.6958,S,89,0,◎1着固定 2-3着流し（5〜8点）,0.5777,"{'is_target': True, 'verdict': '点数絞り', 'max_combo_prob': 0.1325, 'est_top_odds': 10.1, 'circle_concentration': 77.3, 'eligible_count': 6, 'bet_adj': 0, 'reason': 'rel_win1=74.3%（本命度） / 最有力組み合わせ確率: 0.133（推定実オッズ?10倍） / 2着集中度: 上位2艇 77.3%（補正+0.04） / 総合判定確率: 0.173 / → ヒモはやや固め。上位2艇以外を切ること', 'tenji_trigger': '展示確認: 1号艇伸び良→そのまま採用。悪→飛び組に差し替え。circle_pct上位2艇に絞り込むこと。\n展示で1号艇スタート超安定(0.127秒)→ヒモ固まり方向に注意'}",,,26.5,逃げ狙い,14.23,26.9,3,,,,,,,,,,,
2025-11-26,丸亀,8,5,木村光宏,B1,20.93,5,,3.954,4,89,21.2,0.1803,3.9848,,,0,低,99,0,-,3,0,49.6,1.0067,,,,,,0.3952,0.3571,0.0571,,,D,△,,0.1638,0.6335,,0.6958,S,89,0,◎1着固定 2-3着流し（5〜8点）,0.5777,"{'is_target': True, 'verdict': '点数絞り', 'max_combo_prob': 0.1325, 'est_top_odds': 10.1, 'circle_concentration': 77.3, 'eligible_count': 6, 'bet_adj': 0, 'reason': 'rel_win1=74.3%（本命度） / 最有力組み合わせ確率: 0.133（推定実オッズ?10倍） / 2着集中度: 上位2艇 77.3%（補正+0.04） / 総合判定確率: 0.173 / → ヒモはやや固め。上位2艇以外を切ること', 'tenji_trigger': '展示確認: 1号艇伸び良→そのまま採用。悪→飛び組に差し替え。circle_pct上位2艇に絞り込むこと。\n展示で1号艇スタート超安定(0.127秒)→ヒモ固まり方向に注意'}",,,26.5,逃げ狙い,14.23,26.9,3,,,,,,,,,,,
2025-11-26,丸亀,8,6,滝沢織寧,B1,45.28,6,○,1.089,1.2,32,0,0.1484,2.9868,,,0,低,58,0,-,5,0,32,0.8489,,,,,,0.2857,0.4286,0.2857,,,A,,,0.2621,0.5245,,0.6958,S,89,0,◎1着固定 2-3着流し（5〜8点）,0.5777,"{'is_target': True, 'verdict': '点数絞り', 'max_combo_prob': 0.1325, 'est_top_odds': 10.1, 'circle_concentration': 77.3, 'eligible_count': 6, 'bet_adj': 0, 'reason': 'rel_win1=74.3%（本命度） / 最有力組み合わせ確率: 0.133（推定実オッズ?10倍） / 2着集中度: 上位2艇 77.3%（補正+0.04） / 総合判定確率: 0.173 / → ヒモはやや固め。上位2艇以外を切ること', 'tenji_trigger': '展示確認: 1号艇伸び良→そのまま採用。悪→飛び組に差し替え。circle_pct上位2艇に絞り込むこと。\n展示で1号艇スタート超安定(0.127秒)→ヒモ固まり方向に注意'}",,,26.5,逃げ狙い,14.23,26.9,3,,,,,,,,,,,
2025-11-26,丸亀,9,1,西丸侑太,A2,54.90,1,◎,59.7967,,0,87.5,0.15,3.125,,,0,低,100,0,逃1%,32,0,71.1,1.0979,0.6786,,,,,0,0.1314,0.0429,○,,A,,,,0.6105,,0.4291,S,89,0,◎1着固定 2-3着流し（5〜8点）,0.5777,"{'is_target': True, 'verdict': '点数絞り', 'max_combo_prob': 0.1168, 'est_top_odds': 11.4, 'circle_concentration': 79.9, 'eligible_count': 6, 'bet_adj': 0, 'reason': 'rel_win1=59.8%（本命度） / 最有力組み合わせ確率: 0.117（推定実オッズ?11倍） / 2着集中度: 上位2艇 79.9%（補正+0.04） / 総合判定確率: 0.157 / → ヒモはやや固め。上位2艇以外を切ること', 'tenji_trigger': '展示確認: 1号艇伸び良→そのまま採用。悪→飛び組に差し替え。circle_pct上位2艇に絞り込むこと。'}",,,29.1,逃げ狙い,25.31,24.9,2,,,,,0,0,0.6155,0,,逃げ軸流し,A
2025-11-26,丸亀,9,2,山口達也,A1,26.19,2,△,17.1374,52,41,79.5,0.1477,3.4487,,,0,低,66,0,-,36,0,100,0.7684,0,0,0.25,0,0.125,0,0.1154,0.1154,,△,D,△,,0.3618,0.625,,0.4291,S,89,0,◎1着固定 2-3着流し（5〜8点）,0.5777,"{'is_target': True, 'verdict': '点数絞り', 'max_combo_prob': 0.1168, 'est_top_odds': 11.4, 'circle_concentration': 79.9, 'eligible_count': 6, 'bet_adj': 0, 'reason': 'rel_win1=59.8%（本命度） / 最有力組み合わせ確率: 0.117（推定実オッズ?11倍） / 2着集中度: 上位2艇 79.9%（補正+0.04） / 総合判定確率: 0.157 / → ヒモはやや固め。上位2艇以外を切ること', 'tenji_trigger': '展示確認: 1号艇伸び良→そのまま採用。悪→飛び組に差し替え。circle_pct上位2艇に絞り込むこと。'}",,,29.1,逃げ狙い,25.31,24.9,2,,,,,,,,,,,
2025-11-26,丸亀,9,3,芹澤克彦,B1,29.79,3,○,8.4503,28,67,54.9,0.1333,2.8922,,,0,低,65,0,ま0% 差ま0%,1,0,34.7,0.9863,0,0,0.0333,0.0333,0,0.1962,0.0952,0.0571,,○,C,△,,0.3636,0.643,,0.4291,S,89,0,◎1着固定 2-3着流し（5〜8点）,0.5777,"{'is_target': True, 'verdict': '点数絞り', 'max_combo_prob': 0.1168, 'est_top_odds': 11.4, 'circle_concentration': 79.9, 'eligible_count': 6, 'bet_adj': 0, 'reason': 'rel_win1=59.8%（本命度） / 最有力組み合わせ確率: 0.117（推定実オッズ?11倍） / 2着集中度: 上位2艇 79.9%（補正+0.04） / 総合判定確率: 0.157 / → ヒモはやや固め。上位2艇以外を切ること', 'tenji_trigger': '展示確認: 1号艇伸び良→そのまま採用。悪→飛び組に差し替え。circle_pct上位2艇に絞り込むこと。'}",,,29.1,逃げ狙い,25.31,24.9,2,,,,,,,,,,,
2025-11-26,丸亀,9,4,草場康幸,B1,14.63,4,,4.8011,7.2,100,54.7,0.1657,3.6509,,,0,低,98,0,-,4,0,66.7,1.417,,,,,,0.21,0.02,0,,,E,○,,0.2525,0.6715,,0.4291,S,89,0,◎1着固定 2-3着流し（5〜8点）,0.5777,"{'is_target': True, 'verdict': '点数絞り', 'max_combo_prob': 0.1168, 'est_top_odds': 11.4, 'circle_concentration': 79.9, 'eligible_count': 6, 'bet_adj': 0, 'reason': 'rel_win1=59.8%（本命度） / 最有力組み合わせ確率: 0.117（推定実オッズ?11倍） / 2着集中度: 上位2艇 79.9%（補正+0.04） / 総合判定確率: 0.157 / → ヒモはやや固め。上位2艇以外を切ること', 'tenji_trigger': '展示確認: 1号艇伸び良→そのまま採用。悪→飛び組に差し替え。circle_pct上位2艇に絞り込むこと。'}",,,29.1,逃げ狙い,25.31,24.9,2,,,,,,,,,,,
2025-11-26,丸亀,9,5,貫地谷直,B1,25.00,5,,2.7199,4,68,35,0.1967,4.3167,,,0,低,204,0,-,6,0,33.9,0.9345,,,,,,0.0571,0.6214,0.2643,,,D,,,0.1614,0.5725,,0.4291,S,89,0,◎1着固定 2-3着流し（5〜8点）,0.5777,"{'is_target': True, 'verdict': '点数絞り', 'max_combo_prob': 0.1168, 'est_top_odds': 11.4, 'circle_concentration': 79.9, 'eligible_count': 6, 'bet_adj': 0, 'reason': 'rel_win1=59.8%（本命度） / 最有力組み合わせ確率: 0.117（推定実オッズ?11倍） / 2着集中度: 上位2艇 79.9%（補正+0.04） / 総合判定確率: 0.157 / → ヒモはやや固め。上位2艇以外を切ること', 'tenji_trigger': '展示確認: 1号艇伸び良→そのまま採用。悪→飛び組に差し替え。circle_pct上位2艇に絞り込むこと。'}",,,29.1,逃げ狙い,25.31,24.9,2,,,,,,,,,,,
2025-11-26,丸亀,9,6,山田哲也,A1,29.41,6,▲,7.0947,8.9,31,52.8,0.1039,2.2917,,,0,低,17,0,ま0% 差ま0%,22,0,27.7,2.2603,0,0,0.2,0.0667,0,0.1046,0.1194,0.0898,,◎,C,◎,◎,0.478,0.8045,0.4389,0.4291,S,89,0,◎1着固定 2-3着流し（5〜8点）,0.5777,"{'is_target': True, 'verdict': '点数絞り', 'max_combo_prob': 0.1168, 'est_top_odds': 11.4, 'circle_concentration': 79.9, 'eligible_count': 6, 'bet_adj': 0, 'reason': 'rel_win1=59.8%（本命度） / 最有力組み合わせ確率: 0.117（推定実オッズ?11倍） / 2着集中度: 上位2艇 79.9%（補正+0.04） / 総合判定確率: 0.157 / → ヒモはやや固め。上位2艇以外を切ること', 'tenji_trigger': '展示確認: 1号艇伸び良→そのまま採用。悪→飛び組に差し替え。circle_pct上位2艇に絞り込むこと。'}",,,29.1,逃げ狙い,25.31,24.9,2,,,,,,,,,,,
2025-11-26,丸亀,10,1,前原大道,A1,25.93,1,◎,55.2217,,0,91.7,0.1377,2.875,,,0,低,90,0,逃1%,31,0,71.3,0.9825,0.8889,,,,,0,0.037,0,◎,,D,,,,0.5915,,0.6457,A,72,0,◎-○軸 3着3〜4艇流し（10〜15点）,0.5777,"{'is_target': True, 'verdict': '参加推奨', 'max_combo_prob': 0.0629, 'est_top_odds': 21.2, 'circle_concentration': 66.5, 'eligible_count': 8, 'bet_adj': 2, 'reason': 'rel_win1=55.2%（本命度） / 最有力組み合わせ確率: 0.063（推定実オッズ?21倍） / 2着集中度: 上位2艇 66.5%（補正+0.00） / 総合判定確率: 0.063 / → ヒモ分散。1号艇1着固定で広めのヒモ流し推奨（買い目+2点）', 'tenji_trigger': '展示確認: ヒモ分散レース。1号艇伸び確認後、広めのヒモ流しを採用。穴ヒモ（5・6号艇）を積極的に含める。\n展示で1号艇スタート超安定(0.138秒)→ヒモ固まり方向に注意'}",,,28.3,逃げ狙い,24.98,23,3,,,,,0,0,0.7559,0,,逃げ軸流し,A
2025-11-26,丸亀,10,2,盛本真輔,B1,39.66,2,,11.6017,37.1,100,64.4,0.1863,3.9178,,,0,低,190,0,-,2,0,40.7,1.0116,0,0.0278,0.1389,0,0,0.1487,0.0211,0.2237,,,B,△,,0.0703,0.596,,0.6457,A,72,0,◎-○軸 3着3〜4艇流し（10〜15点）,0.5777,"{'is_target': True, 'verdict': '参加推奨', 'max_combo_prob': 0.0629, 'est_top_odds': 21.2, 'circle_concentration': 66.5, 'eligible_count': 8, 'bet_adj': 2, 'reason': 'rel_win1=55.2%（本命度） / 最有力組み合わせ確率: 0.063（推定実オッズ?21倍） / 2着集中度: 上位2艇 66.5%（補正+0.00） / 総合判定確率: 0.063 / → ヒモ分散。1号艇1着固定で広めのヒモ流し推奨（買い目+2点）', 'tenji_trigger': '展示確認: ヒモ分散レース。1号艇伸び確認後、広めのヒモ流しを採用。穴ヒモ（5・6号艇）を積極的に含める。\n展示で1号艇スタート超安定(0.138秒)→ヒモ固まり方向に注意'}",,,28.3,逃げ狙い,24.98,23,3,,,,,,,,,,,
2025-11-26,丸亀,10,3,松田大志,A1,39.62,3,○,23.0251,29.4,93,77.5,0.1616,3.2959,,,0,低,125,0,ま0% 差ま0% 抜0%,21,0,88.7,1.7194,0,0,0.2727,0.1364,0.0455,0.0948,0.0273,0.113,,,C,○,,0.2285,0.631,,0.6457,A,72,0,◎-○軸 3着3〜4艇流し（10〜15点）,0.5777,"{'is_target': True, 'verdict': '参加推奨', 'max_combo_prob': 0.0629, 'est_top_odds': 21.2, 'circle_concentration': 66.5, 'eligible_count': 8, 'bet_adj': 2, 'reason': 'rel_win1=55.2%（本命度） / 最有力組み合わせ確率: 0.063（推定実オッズ?21倍） / 2着集中度: 上位2艇 66.5%（補正+0.00） / 総合判定確率: 0.063 / → ヒモ分散。1号艇1着固定で広めのヒモ流し推奨（買い目+2点）', 'tenji_trigger': '展示確認: ヒモ分散レース。1号艇伸び確認後、広めのヒモ流しを採用。穴ヒモ（5・6号艇）を積極的に含める。\n展示で1号艇スタート超安定(0.138秒)→ヒモ固まり方向に注意'}",,,28.3,逃げ狙い,24.98,23,3,,,,,,,,,,,
2025-11-26,丸亀,10,4,三嶌さら,B1,42.55,4,△,4.4619,9.2,74,24.2,0.1927,4.2424,,,0,低,82,0,差0%,4,0,23,0.7374,0,0.0455,0,0,0,0,0.25,0,,,A,,,0.1004,0.576,,0.6457,A,72,0,◎-○軸 3着3〜4艇流し（10〜15点）,0.5777,"{'is_target': True, 'verdict': '参加推奨', 'max_combo_prob': 0.0629, 'est_top_odds': 21.2, 'circle_concentration': 66.5, 'eligible_count': 8, 'bet_adj': 2, 'reason': 'rel_win1=55.2%（本命度） / 最有力組み合わせ確率: 0.063（推定実オッズ?21倍） / 2着集中度: 上位2艇 66.5%（補正+0.00） / 総合判定確率: 0.063 / → ヒモ分散。1号艇1着固定で広めのヒモ流し推奨（買い目+2点）', 'tenji_trigger': '展示確認: ヒモ分散レース。1号艇伸び確認後、広めのヒモ流しを採用。穴ヒモ（5・6号艇）を積極的に含める。\n展示で1号艇スタート超安定(0.138秒)→ヒモ固まり方向に注意'}",,,28.3,逃げ狙い,24.98,23,3,,,,,,,,,,,
2025-11-26,丸亀,10,5,西舘　健,A2,42.00,5,▲,3.4715,13.2,63,41.3,0.1665,3.3492,,,0,低,130,0,差ま0%,2,0,57.2,1.1045,0,0,0,0.037,0,0.0895,0.1581,0.1124,,,B,△,,0.1914,0.6065,,0.6457,A,72,0,◎-○軸 3着3〜4艇流し（10〜15点）,0.5777,"{'is_target': True, 'verdict': '参加推奨', 'max_combo_prob': 0.0629, 'est_top_odds': 21.2, 'circle_concentration': 66.5, 'eligible_count': 8, 'bet_adj': 2, 'reason': 'rel_win1=55.2%（本命度） / 最有力組み合わせ確率: 0.063（推定実オッズ?21倍） / 2着集中度: 上位2艇 66.5%（補正+0.00） / 総合判定確率: 0.063 / → ヒモ分散。1号艇1着固定で広めのヒモ流し推奨（買い目+2点）', 'tenji_trigger': '展示確認: ヒモ分散レース。1号艇伸び確認後、広めのヒモ流しを採用。穴ヒモ（5・6号艇）を積極的に含める。\n展示で1号艇スタート超安定(0.138秒)→ヒモ固まり方向に注意'}",,,28.3,逃げ狙い,24.98,23,3,,,,,,,,,,,
2025-11-26,丸亀,10,6,石橋道友,A1,19.51,6,,2.2181,11.1,73,63.8,0.1487,3.3191,,,0,低,72,0,-,F5,0,31.9,0.7825,0,0,0.04,0,0,0.0516,0.0129,0.0129,,,E,◎,,0.2516,0.64,,0.6457,A,72,0,◎-○軸 3着3〜4艇流し（10〜15点）,0.5777,"{'is_target': True, 'verdict': '参加推奨', 'max_combo_prob': 0.0629, 'est_top_odds': 21.2, 'circle_concentration': 66.5, 'eligible_count': 8, 'bet_adj': 2, 'reason': 'rel_win1=55.2%（本命度） / 最有力組み合わせ確率: 0.063（推定実オッズ?21倍） / 2着集中度: 上位2艇 66.5%（補正+0.00） / 総合判定確率: 0.063 / → ヒモ分散。1号艇1着固定で広めのヒモ流し推奨（買い目+2点）', 'tenji_trigger': '展示確認: ヒモ分散レース。1号艇伸び確認後、広めのヒモ流しを採用。穴ヒモ（5・6号艇）を積極的に含める。\n展示で1号艇スタート超安定(0.138秒)→ヒモ固まり方向に注意'}",,,28.3,逃げ狙い,24.98,23,3,,,,,,,,,,,
2025-11-26,丸亀,11,1,安河内将,A1,43.14,1,◎,61.7437,,0,91.5,0.1601,3.4939,,,0,低,99,0,逃1%,14,0,76.9,1.0021,0.7941,,,,,0.0781,0.0781,0.0781,◎,,A,△,,,0.6335,,0.4699,S,82,0,◎1着固定 2-3着流し（5〜8点）,0.5777,"{'is_target': True, 'verdict': '点数絞り', 'max_combo_prob': 0.1265, 'est_top_odds': 10.5, 'circle_concentration': 75.8, 'eligible_count': 6, 'bet_adj': 0, 'reason': 'rel_win1=61.7%（本命度） / 最有力組み合わせ確率: 0.127（推定実オッズ?10倍） / 2着集中度: 上位2艇 75.8%（補正+0.04） / 総合判定確率: 0.167 / → ヒモはやや固め。上位2艇以外を切ること', 'tenji_trigger': '展示確認: 1号艇伸び良→そのまま採用。悪→飛び組に差し替え。circle_pct上位2艇に絞り込むこと。'}",,,28.5,逃げ狙い,20.26,27.6,2,,,,,0,0,0.7559,0,,逃げ軸流し,A
2025-11-26,丸亀,11,2,原田篤志,A1,29.41,2,▲,18.9471,45.9,52,76.6,0.1485,3.4574,,,0,低,122,0,差0%,15,0,26.9,0.7571,0,0.2632,0,0,0.0526,0.02,0.125,0.02,,◎,D,,,0.4786,0.5685,,0.4699,S,82,0,◎1着固定 2-3着流し（5〜8点）,0.5777,"{'is_target': True, 'verdict': '点数絞り', 'max_combo_prob': 0.1265, 'est_top_odds': 10.5, 'circle_concentration': 75.8, 'eligible_count': 6, 'bet_adj': 0, 'reason': 'rel_win1=61.7%（本命度） / 最有力組み合わせ確率: 0.127（推定実オッズ?10倍） / 2着集中度: 上位2艇 75.8%（補正+0.04） / 総合判定確率: 0.167 / → ヒモはやや固め。上位2艇以外を切ること', 'tenji_trigger': '展示確認: 1号艇伸び良→そのまま採用。悪→飛び組に差し替え。circle_pct上位2艇に絞り込むこと。'}",,,28.5,逃げ狙い,20.26,27.6,2,,,,,,,,,,,
2025-11-26,丸亀,11,3,中山雄太,A1,29.09,3,,9.7762,29.9,59,66.7,0.1455,3.0167,,,0,低,75,0,-,2,0,24.2,0.774,0,0,0.0476,0.0952,0,0.0385,0.0769,0.1154,,△,D,○,,0.3649,0.671,,0.4699,S,82,0,◎1着固定 2-3着流し（5〜8点）,0.5777,"{'is_target': True, 'verdict': '点数絞り', 'max_combo_prob': 0.1265, 'est_top_odds': 10.5, 'circle_concentration': 75.8, 'eligible_count': 6, 'bet_adj': 0, 'reason': 'rel_win1=61.7%（本命度） / 最有力組み合わせ確率: 0.127（推定実オッズ?10倍） / 2着集中度: 上位2艇 75.8%（補正+0.04） / 総合判定確率: 0.167 / → ヒモはやや固め。上位2艇以外を切ること', 'tenji_trigger': '展示確認: 1号艇伸び良→そのまま採用。悪→飛び組に差し替え。circle_pct上位2艇に絞り込むこと。'}",,,28.5,逃げ狙い,20.26,27.6,2,,,,,,,,,,,
2025-11-26,丸亀,11,4,木谷賢太,A2,38.00,4,△,5.2186,16.6,100,66.7,0.1559,3.5926,,,0,低,107,0,-,1,0,41.4,0.687,0,0.0385,0,0.0385,0,0.0343,0.0114,0.1957,,,B,△,,0.2986,0.663,,0.4699,S,82,0,◎1着固定 2-3着流し（5〜8点）,0.5777,"{'is_target': True, 'verdict': '点数絞り', 'max_combo_prob': 0.1265, 'est_top_odds': 10.5, 'circle_concentration': 75.8, 'eligible_count': 6, 'bet_adj': 0, 'reason': 'rel_win1=61.7%（本命度） / 最有力組み合わせ確率: 0.127（推定実オッズ?10倍） / 2着集中度: 上位2艇 75.8%（補正+0.04） / 総合判定確率: 0.167 / → ヒモはやや固め。上位2艇以外を切ること', 'tenji_trigger': '展示確認: 1号艇伸び良→そのまま採用。悪→飛び組に差し替え。circle_pct上位2艇に絞り込むこと。'}",,,28.5,逃げ狙い,20.26,27.6,2,,,,,,,,,,,
2025-11-26,丸亀,11,5,峰重力也,B1,32.69,5,○,3.4831,6,19,25.9,0.1144,2.7407,,,0,低,41,0,-,6,0,24.7,0.8698,,,,,,0.0211,0.1699,0.1699,,○,C,◎,,0.4591,0.677,,0.4699,S,82,0,◎1着固定 2-3着流し（5〜8点）,0.5777,"{'is_target': True, 'verdict': '点数絞り', 'max_combo_prob': 0.1265, 'est_top_odds': 10.5, 'circle_concentration': 75.8, 'eligible_count': 6, 'bet_adj': 0, 'reason': 'rel_win1=61.7%（本命度） / 最有力組み合わせ確率: 0.127（推定実オッズ?10倍） / 2着集中度: 上位2艇 75.8%（補正+0.04） / 総合判定確率: 0.167 / → ヒモはやや固め。上位2艇以外を切ること', 'tenji_trigger': '展示確認: 1号艇伸び良→そのまま採用。悪→飛び組に差し替え。circle_pct上位2艇に絞り込むこと。'}",,,28.5,逃げ狙い,20.26,27.6,2,,,,,,,,,,,
2025-11-26,丸亀,11,6,黒澤めぐ,A2,26.92,6,,0.8313,1.6,46,33.3,0.2171,4.6667,,,0,低,48,0,-,12,0,84.7,1.7064,,,,,,0,0.0571,0,,,E,,,0.135,0.5305,,0.4699,S,82,0,◎1着固定 2-3着流し（5〜8点）,0.5777,"{'is_target': True, 'verdict': '点数絞り', 'max_combo_prob': 0.1265, 'est_top_odds': 10.5, 'circle_concentration': 75.8, 'eligible_count': 6, 'bet_adj': 0, 'reason': 'rel_win1=61.7%（本命度） / 最有力組み合わせ確率: 0.127（推定実オッズ?10倍） / 2着集中度: 上位2艇 75.8%（補正+0.04） / 総合判定確率: 0.167 / → ヒモはやや固め。上位2艇以外を切ること', 'tenji_trigger': '展示確認: 1号艇伸び良→そのまま採用。悪→飛び組に差し替え。circle_pct上位2艇に絞り込むこと。'}",,,28.5,逃げ狙い,20.26,27.6,2,,,,,,,,,,,
2025-11-26,丸亀,12,1,山田祐也,A1,39.13,1,◎,66.7088,,0,98.2,0.1409,2.8611,,,0,低,53,0,逃1%,13,0,85.7,1.0769,0.7727,,,,,0,0.0455,0.1364,◎,,C,○,,,0.663,,0.6722,S,84,0,◎1着固定 2-3着流し（5〜8点）,0.5777,"{'is_target': True, 'verdict': '点数絞り', 'max_combo_prob': 0.1011, 'est_top_odds': 13.2, 'circle_concentration': 76.8, 'eligible_count': 6, 'bet_adj': 0, 'reason': 'rel_win1=66.7%（本命度） / 最有力組み合わせ確率: 0.101（推定実オッズ?13倍） / 2着集中度: 上位2艇 76.8%（補正+0.04） / 総合判定確率: 0.141 / → ヒモはやや固め。上位2艇以外を切ること', 'tenji_trigger': '展示確認: 1号艇伸び良→そのまま採用。悪→飛び組に差し替え。circle_pct上位2艇に絞り込むこと。'}",,,28.5,逃げ狙い,25.13,23.5,5,,,,,0,0,0.7559,0,,逃げ軸流し,A
2025-11-26,丸亀,12,2,鶴田勇雄,A2,37.25,2,,6.5686,45.3,68,61.5,0.184,4.1,,,0,低,167,0,-,5,0,67.6,0.8747,0,0.0323,0,0,0.0323,0.0258,0.3819,0.0387,,,D,△,,0.0555,0.609,,0.6722,S,84,0,◎1着固定 2-3着流し（5〜8点）,0.5777,"{'is_target': True, 'verdict': '点数絞り', 'max_combo_prob': 0.1011, 'est_top_odds': 13.2, 'circle_concentration': 76.8, 'eligible_count': 6, 'bet_adj': 0, 'reason': 'rel_win1=66.7%（本命度） / 最有力組み合わせ確率: 0.101（推定実オッズ?13倍） / 2着集中度: 上位2艇 76.8%（補正+0.04） / 総合判定確率: 0.141 / → ヒモはやや固め。上位2艇以外を切ること', 'tenji_trigger': '展示確認: 1号艇伸び良→そのまま採用。悪→飛び組に差し替え。circle_pct上位2艇に絞り込むこと。'}",,,28.5,逃げ狙い,25.13,23.5,5,,,,,,,,,,,
2025-11-26,丸亀,12,3,杉山貴博,A1,50.00,3,○,13.0737,31.5,100,75.8,0.1598,2.9597,,,0,低,125,0,-,3,0,23.4,0.7402,0,0,0.037,0.0741,0.037,0.0343,0.1657,0.1771,,,A,△,,0.2008,0.655,,0.6722,S,84,0,◎1着固定 2-3着流し（5〜8点）,0.5777,"{'is_target': True, 'verdict': '点数絞り', 'max_combo_prob': 0.1011, 'est_top_odds': 13.2, 'circle_concentration': 76.8, 'eligible_count': 6, 'bet_adj': 0, 'reason': 'rel_win1=66.7%（本命度） / 最有力組み合わせ確率: 0.101（推定実オッズ?13倍） / 2着集中度: 上位2艇 76.8%（補正+0.04） / 総合判定確率: 0.141 / → ヒモはやや固め。上位2艇以外を切ること', 'tenji_trigger': '展示確認: 1号艇伸び良→そのまま採用。悪→飛び組に差し替え。circle_pct上位2艇に絞り込むこと。'}",,,28.5,逃げ狙い,25.13,23.5,5,,,,,,,,,,,
2025-11-26,丸亀,12,4,安田政彦,A2,22.50,4,,6.145,6.9,95,54.9,0.21,4.2451,,,0,低,147,0,-,4,0,53,1.2306,0,0,0.0625,0,0,0.2188,0.3285,0.1918,,,E,,,0.1173,0.5665,,0.6722,S,84,0,◎1着固定 2-3着流し（5〜8点）,0.5777,"{'is_target': True, 'verdict': '点数絞り', 'max_combo_prob': 0.1011, 'est_top_odds': 13.2, 'circle_concentration': 76.8, 'eligible_count': 6, 'bet_adj': 0, 'reason': 'rel_win1=66.7%（本命度） / 最有力組み合わせ確率: 0.101（推定実オッズ?13倍） / 2着集中度: 上位2艇 76.8%（補正+0.04） / 総合判定確率: 0.141 / → ヒモはやや固め。上位2艇以外を切ること', 'tenji_trigger': '展示確認: 1号艇伸び良→そのまま採用。悪→飛び組に差し替え。circle_pct上位2艇に絞り込むこと。'}",,,28.5,逃げ狙い,25.13,23.5,5,,,,,,,,,,,
2025-11-26,丸亀,12,5,北川潤二,A1,42.59,5,▲,6.562,10.5,49,40,0.146,2.4,,,0,低,54,1,-,23,0,31,1.2095,,,,,,0.0848,0.1348,0.0435,,,B,◎,,0.2963,0.673,,0.6722,S,84,0,◎1着固定 2-3着流し（5〜8点）,0.5777,"{'is_target': True, 'verdict': '点数絞り', 'max_combo_prob': 0.1011, 'est_top_odds': 13.2, 'circle_concentration': 76.8, 'eligible_count': 6, 'bet_adj': 0, 'reason': 'rel_win1=66.7%（本命度） / 最有力組み合わせ確率: 0.101（推定実オッズ?13倍） / 2着集中度: 上位2艇 76.8%（補正+0.04） / 総合判定確率: 0.141 / → ヒモはやや固め。上位2艇以外を切ること', 'tenji_trigger': '展示確認: 1号艇伸び良→そのまま採用。悪→飛び組に差し替え。circle_pct上位2艇に絞り込むこと。'}",,,28.5,逃げ狙い,25.13,23.5,5,,,,,,,,,,,
2025-11-26,丸亀,12,6,若狭奈美,A2,39.62,6,△,0.9419,5.8,55,45.5,0.1964,4,,,0,低,81,0,-,1,0,71.9,1.3686,,,,,,0.08,0.28,0.1,,,C,,,0.135,0.542,,0.6722,S,84,0,◎1着固定 2-3着流し（5〜8点）,0.5777,"{'is_target': True, 'verdict': '点数絞り', 'max_combo_prob': 0.1011, 'est_top_odds': 13.2, 'circle_concentration': 76.8, 'eligible_count': 6, 'bet_adj': 0, 'reason': 'rel_win1=66.7%（本命度） / 最有力組み合わせ確率: 0.101（推定実オッズ?13倍） / 2着集中度: 上位2艇 76.8%（補正+0.04） / 総合判定確率: 0.141 / → ヒモはやや固め。上位2艇以外を切ること', 'tenji_trigger': '展示確認: 1号艇伸び良→そのまま採用。悪→飛び組に差し替え。circle_pct上位2艇に絞り込むこと。'}",,,28.5,逃げ狙い,25.13,23.5,5,,,,,,,,,,,
2025-11-27,丸亀,1,1,村上彰一,B1,18.92,1,◎,47.6122,,0,63.8,0.1583,3.5957,,,0,低,120,0,逃0%,6 34,0,55.4,0.8426,0.1875,,,,,0.225,0.25,0.25,△,,E,,,,0.5715,,0.3016,B,46,0,◎○△フォーメーション（15〜20点）,0.5777,"{'is_target': True, 'verdict': '参加推奨', 'max_combo_prob': 0.0851, 'est_top_odds': 15.7, 'circle_concentration': 69.7, 'eligible_count': 9, 'bet_adj': 2, 'reason': 'rel_win1=47.6%（本命度） / 最有力組み合わせ確率: 0.085（推定実オッズ?16倍） / 2着集中度: 上位2艇 69.7%（補正+0.00） / 総合判定確率: 0.085 / → ヒモ分散。1号艇1着固定で広めのヒモ流し推奨（買い目+2点）', 'tenji_trigger': '展示確認: ヒモ分散レース。1号艇伸び確認後、広めのヒモ流しを採用。穴ヒモ（5・6号艇）を積極的に含める。'}",,,30.5,両建て推奨,13.47,39,2,2-1-3|1-2-5|1-2-3|1-4-5|1-4-2|1-4-3,6-1-3|4-5-6|2-1-3|6-3-1|6-1-4|6-1-5|4-5-1|1-2-5|1-2-3|1-4-5|1-4-2|1-4-3,2-1-3:2.53%|1-2-5:7.13%|1-2-3:6.96%|1-4-5:3.26%|1-4-2:3.2%|1-4-3:3.18%,2-1-3:B_main|1-2-5:A|1-2-3:A|1-4-5:A|1-4-2:A|1-4-3:A,6,12,0.4535,1,[!]見送り推奨（主役決まり手「差し」― 逃げ劣勢レースで的中実績なし）,荒れ広め,D
2025-11-27,丸亀,1,2,浜崎準也,B1,28.30,2,○,26.6903,52.6,100,60.9,0.1589,3.2717,,,0,低,122,0,差0%,465,0,57.5,1.1567,0,0.1818,0,0,0,0.3,0.3,0,,◎,C,△,,0.3703,0.5915,,0.3016,B,46,0,◎○△フォーメーション（15〜20点）,0.5777,"{'is_target': True, 'verdict': '参加推奨', 'max_combo_prob': 0.0851, 'est_top_odds': 15.7, 'circle_concentration': 69.7, 'eligible_count': 9, 'bet_adj': 2, 'reason': 'rel_win1=47.6%（本命度） / 最有力組み合わせ確率: 0.085（推定実オッズ?16倍） / 2着集中度: 上位2艇 69.7%（補正+0.00） / 総合判定確率: 0.085 / → ヒモ分散。1号艇1着固定で広めのヒモ流し推奨（買い目+2点）', 'tenji_trigger': '展示確認: ヒモ分散レース。1号艇伸び確認後、広めのヒモ流しを採用。穴ヒモ（5・6号艇）を積極的に含める。'}",,,30.5,両建て推奨,13.47,39,2,,,,,,,,,,,
2025-11-27,丸亀,1,3,信濃由行,B1,23.26,3,,8.3332,15.6,93,27.3,0.1841,3.9545,,,0,低,146,0,-,261,0,91.2,1.9037,0,0,0,0.0345,0,0.0348,0.0696,0.3096,,,D,○,,0.1845,0.6165,,0.3016,B,46,0,◎○△フォーメーション（15〜20点）,0.5777,"{'is_target': True, 'verdict': '参加推奨', 'max_combo_prob': 0.0851, 'est_top_odds': 15.7, 'circle_concentration': 69.7, 'eligible_count': 9, 'bet_adj': 2, 'reason': 'rel_win1=47.6%（本命度） / 最有力組み合わせ確率: 0.085（推定実オッズ?16倍） / 2着集中度: 上位2艇 69.7%（補正+0.00） / 総合判定確率: 0.085 / → ヒモ分散。1号艇1着固定で広めのヒモ流し推奨（買い目+2点）', 'tenji_trigger': '展示確認: ヒモ分散レース。1号艇伸び確認後、広めのヒモ流しを採用。穴ヒモ（5・6号艇）を積極的に含める。'}",,,30.5,両建て推奨,13.47,39,2,,,,,,,,,,,
2025-11-27,丸亀,1,4,米玉利大,B2,22.50,4,,9.3044,17,76,21.1,0.1832,4.1053,,,0,低,58,0,-,456,0,28,0.717,,,,,,0,0.6667,0,,,D,,,0.2544,0.5175,,0.3016,B,46,0,◎○△フォーメーション（15〜20点）,0.5777,"{'is_target': True, 'verdict': '参加推奨', 'max_combo_prob': 0.0851, 'est_top_odds': 15.7, 'circle_concentration': 69.7, 'eligible_count': 9, 'bet_adj': 2, 'reason': 'rel_win1=47.6%（本命度） / 最有力組み合わせ確率: 0.085（推定実オッズ?16倍） / 2着集中度: 上位2艇 69.7%（補正+0.00） / 総合判定確率: 0.085 / → ヒモ分散。1号艇1着固定で広めのヒモ流し推奨（買い目+2点）', 'tenji_trigger': '展示確認: ヒモ分散レース。1号艇伸び確認後、広めのヒモ流しを採用。穴ヒモ（5・6号艇）を積極的に含める。'}",,,30.5,両建て推奨,13.47,39,2,,,,,,,,,,,
2025-11-27,丸亀,1,5,大場　敏,A2,29.09,5,▲,6.4552,12.9,87,38.6,0.1639,3.6754,,,0,低,93,0,差ま0%,543,0,57.3,1.1098,0,0,0,0.04,0,0.0933,0.1756,0.0111,,,C,◎,,0.2997,0.7095,,0.3016,B,46,0,◎○△フォーメーション（15〜20点）,0.5777,"{'is_target': True, 'verdict': '参加推奨', 'max_combo_prob': 0.0851, 'est_top_odds': 15.7, 'circle_concentration': 69.7, 'eligible_count': 9, 'bet_adj': 2, 'reason': 'rel_win1=47.6%（本命度） / 最有力組み合わせ確率: 0.085（推定実オッズ?16倍） / 2着集中度: 上位2艇 69.7%（補正+0.00） / 総合判定確率: 0.085 / → ヒモ分散。1号艇1着固定で広めのヒモ流し推奨（買い目+2点）', 'tenji_trigger': '展示確認: ヒモ分散レース。1号艇伸び確認後、広めのヒモ流しを採用。穴ヒモ（5・6号艇）を積極的に含める。'}",,,30.5,両建て推奨,13.47,39,2,,,,,,,,,,,
2025-11-27,丸亀,1,6,三嶌さら,B1,42.55,6,△,1.6047,1.8,18,3,0.1863,4.0152,,,0,低,82,0,-,4 46,0,25.8,0.5461,,,,,,0,0.25,0,,,A,△,,0.2622,0.576,,0.3016,B,46,0,◎○△フォーメーション（15〜20点）,0.5777,"{'is_target': True, 'verdict': '参加推奨', 'max_combo_prob': 0.0851, 'est_top_odds': 15.7, 'circle_concentration': 69.7, 'eligible_count': 9, 'bet_adj': 2, 'reason': 'rel_win1=47.6%（本命度） / 最有力組み合わせ確率: 0.085（推定実オッズ?16倍） / 2着集中度: 上位2艇 69.7%（補正+0.00） / 総合判定確率: 0.085 / → ヒモ分散。1号艇1着固定で広めのヒモ流し推奨（買い目+2点）', 'tenji_trigger': '展示確認: ヒモ分散レース。1号艇伸び確認後、広めのヒモ流しを採用。穴ヒモ（5・6号艇）を積極的に含める。'}",,,30.5,両建て推奨,13.47,39,2,,,,,,,,,,,
2025-11-27,丸亀,2,1,貫地谷直,B1,25.00,1,▲,38.0181,,0,40.9,0.1943,4.0455,,,0,低,204,0,逃0%,6 46,0,100,1.9282,0.0476,,,,,0.0571,0.6214,0.2643,,,D,,,,0.5725,,0.0908,D,25,1,大荒れ。見送り推奨,0.5777,"{'is_target': False, 'verdict': '対象外', 'max_combo_prob': None, 'est_top_odds': None, 'circle_concentration': None, 'eligible_count': 0, 'bet_adj': 0, 'reason': '1号艇rel_win1 < 45%: 通常判定に委ねる', 'tenji_trigger': ''}",,,39.3,両建て推奨,20.48,44.1,3,2-1-3|2-1-4|2-3-1|2-1-5|2-6-1|2-6-3|2-3-4|1-2-6|1-2-3|1-3-6|1-3-2,2-1-3|2-1-4|2-3-1|2-1-5|2-6-1|2-6-3|2-3-4|6-1-3|1-2-6|1-2-3|1-3-6|1-3-2,2-1-3:3.91%|2-1-4:1.25%|2-3-1:1.16%|2-1-5:1.1%|2-6-1:0.4%|2-6-3:0.34%|2-3-4:0.32%|1-2-6:5.07%|1-2-3:4.95%|1-3-6:4.8%|1-3-2:4.33%,2-1-3:B_main|2-1-4:B_main|2-3-1:B_main|2-1-5:B_main|2-6-1:B_main|2-6-3:B_main|2-3-4:B_main|1-2-6:A|1-2-3:A|1-3-6:A|1-3-2:A,11,12,0.2915,1,[!]見送り推奨（主役決まり手「差し」― 逃げ劣勢レースで的中実績なし）,主役軸流し,B
2025-11-27,丸亀,2,2,峰重力也,B1,32.69,2,◎,19.9347,33.4,60,54.1,0.1211,2.3934,,,0,低,41,0,差1%,6 16,0,43,0.9657,0,0.1111,0.037,0,0,0.0211,0.1699,0.1699,,◎,B,◎,,0.5813,0.677,,0.0908,D,25,1,大荒れ。見送り推奨,0.5777,"{'is_target': False, 'verdict': '対象外', 'max_combo_prob': None, 'est_top_odds': None, 'circle_concentration': None, 'eligible_count': 0, 'bet_adj': 0, 'reason': '1号艇rel_win1 < 45%: 通常判定に委ねる', 'tenji_trigger': ''}",,,39.3,両建て推奨,20.48,44.1,3,,,,,,,,,,,
2025-11-27,丸亀,2,3,鶴田勇雄,A2,37.25,3,○,18.8152,37.5,68,74.3,0.1668,3.4122,,,0,低,167,0,-,5 45,0,100,2.3987,,,,,,0.0258,0.3819,0.0387,,○,A,△,,0.5076,0.609,,0.0908,D,25,1,大荒れ。見送り推奨,0.5777,"{'is_target': False, 'verdict': '対象外', 'max_combo_prob': None, 'est_top_odds': None, 'circle_concentration': None, 'eligible_count': 0, 'bet_adj': 0, 'reason': '1号艇rel_win1 < 45%: 通常判定に委ねる', 'tenji_trigger': ''}",,,39.3,両建て推奨,20.48,44.1,3,,,,,,,,,,,
2025-11-27,丸亀,2,4,平川香織,B1,17.78,4,,9.4067,23.3,45,40.7,0.207,4.4444,,,0,低,85,0,-,236,0,19.2,0.6777,,,,,,0.075,0.075,0.275,,,E,,,0.3538,0.56,,0.0908,D,25,1,大荒れ。見送り推奨,0.5777,"{'is_target': False, 'verdict': '対象外', 'max_combo_prob': None, 'est_top_odds': None, 'circle_concentration': None, 'eligible_count': 0, 'bet_adj': 0, 'reason': '1号艇rel_win1 < 45%: 通常判定に委ねる', 'tenji_trigger': ''}",,,39.3,両建て推奨,20.48,44.1,3,,,,,,,,,,,
2025-11-27,丸亀,2,5,森　雄利,B2,26.19,5,△,5.308,1.7,24,6.2,0.1581,2.9792,,,0,低,68,0,差ま0%,462,0,100,2.0145,0,0,0,0.0323,0,0.25,0.25,0,,△,C,○,,0.4865,0.61,,0.0908,D,25,1,大荒れ。見送り推奨,0.5777,"{'is_target': False, 'verdict': '対象外', 'max_combo_prob': None, 'est_top_odds': None, 'circle_concentration': None, 'eligible_count': 0, 'bet_adj': 0, 'reason': '1号艇rel_win1 < 45%: 通常判定に委ねる', 'tenji_trigger': ''}",,,39.3,両建て推奨,20.48,44.1,3,,,,,,,,,,,
2025-11-27,丸亀,2,6,前原大道,A1,25.93,6,,8.5174,4,100,60,0.179,4.32,,,0,低,90,0,-,311,0,37.4,0.8592,0,0.0455,0,0.0455,0.0909,0,0.037,0,,,D,△,◎,0.4286,0.5915,0.3273,0.0908,D,25,1,大荒れ。見送り推奨,0.5777,"{'is_target': False, 'verdict': '対象外', 'max_combo_prob': None, 'est_top_odds': None, 'circle_concentration': None, 'eligible_count': 0, 'bet_adj': 0, 'reason': '1号艇rel_win1 < 45%: 通常判定に委ねる', 'tenji_trigger': ''}",,,39.3,両建て推奨,20.48,44.1,3,,,,,,,,,,,
2025-11-27,丸亀,3,1,草場康幸,B1,14.63,1,◎,46.4193,,0,89.8,0.1557,3.1327,,,0,低,98,0,-,4 25,0,97.7,1.3779,0.55,,,,,0.21,0.02,0,◎,,E,◎,,,0.6715,,0.4973,A,72,0,◎-○軸 3着3〜4艇流し（10〜15点）,0.5777,"{'is_target': True, 'verdict': '参加推奨', 'max_combo_prob': 0.0464, 'est_top_odds': 28.7, 'circle_concentration': 59.7, 'eligible_count': 8, 'bet_adj': 2, 'reason': 'rel_win1=46.4%（本命度） / 最有力組み合わせ確率: 0.046（推定実オッズ?29倍） / 2着集中度: 上位2艇 59.7%（補正+0.00） / 総合判定確率: 0.046 / → ヒモ分散。1号艇1着固定で広めのヒモ流し推奨（買い目+2点）', 'tenji_trigger': '展示確認: ヒモ分散レース。1号艇伸び確認後、広めのヒモ流しを採用。穴ヒモ（5・6号艇）を積極的に含める。'}",,,28.6,逃げ狙い,18.44,29.5,3,,,,,0,0,0.7559,0,,逃げ軸流し,A
2025-11-27,丸亀,3,2,三木晴斗,B1,34.04,2,△,10.9186,23.4,80,40.4,0.1734,3.8723,,,0,低,97,0,差0%,4 12,0,31.5,1.0255,0,0.1154,0,0,0,0.095,0.195,0.155,,,B,,,0.1491,0.5655,,0.4973,A,72,0,◎-○軸 3着3〜4艇流し（10〜15点）,0.5777,"{'is_target': True, 'verdict': '参加推奨', 'max_combo_prob': 0.0464, 'est_top_odds': 28.7, 'circle_concentration': 59.7, 'eligible_count': 8, 'bet_adj': 2, 'reason': 'rel_win1=46.4%（本命度） / 最有力組み合わせ確率: 0.046（推定実オッズ?29倍） / 2着集中度: 上位2艇 59.7%（補正+0.00） / 総合判定確率: 0.046 / → ヒモ分散。1号艇1着固定で広めのヒモ流し推奨（買い目+2点）', 'tenji_trigger': '展示確認: ヒモ分散レース。1号艇伸び確認後、広めのヒモ流しを採用。穴ヒモ（5・6号艇）を積極的に含める。'}",,,28.6,逃げ狙い,18.44,29.5,3,,,,,,,,,,,
2025-11-27,丸亀,3,3,山口達也,A1,26.19,3,○,22.6641,36.3,100,82.5,0.1547,3.2625,,,0,低,66,0,ま0% 差ま0% 抜0%,363,0,78.4,1.7706,0,0,0.2143,0.0714,0.0714,0,0.1154,0.1154,,,C,△,,0.3324,0.625,,0.4973,A,72,0,◎-○軸 3着3〜4艇流し（10〜15点）,0.5777,"{'is_target': True, 'verdict': '参加推奨', 'max_combo_prob': 0.0464, 'est_top_odds': 28.7, 'circle_concentration': 59.7, 'eligible_count': 8, 'bet_adj': 2, 'reason': 'rel_win1=46.4%（本命度） / 最有力組み合わせ確率: 0.046（推定実オッズ?29倍） / 2着集中度: 上位2艇 59.7%（補正+0.00） / 総合判定確率: 0.046 / → ヒモ分散。1号艇1着固定で広めのヒモ流し推奨（買い目+2点）', 'tenji_trigger': '展示確認: ヒモ分散レース。1号艇伸び確認後、広めのヒモ流しを採用。穴ヒモ（5・6号艇）を積極的に含める。'}",,,28.6,逃げ狙い,18.44,29.5,3,,,,,,,,,,,
2025-11-27,丸亀,3,4,畔柳俊吾,B1,30.77,4,,7.9807,18.1,78,47.5,0.1939,3.7459,,,0,低,164,0,-,333,0,49.4,1.1896,0,0,0.0435,0.0435,0,0.287,0.2217,0.2696,,,C,,,0.1358,0.5885,,0.4973,A,72,0,◎-○軸 3着3〜4艇流し（10〜15点）,0.5777,"{'is_target': True, 'verdict': '参加推奨', 'max_combo_prob': 0.0464, 'est_top_odds': 28.7, 'circle_concentration': 59.7, 'eligible_count': 8, 'bet_adj': 2, 'reason': 'rel_win1=46.4%（本命度） / 最有力組み合わせ確率: 0.046（推定実オッズ?29倍） / 2着集中度: 上位2艇 59.7%（補正+0.00） / 総合判定確率: 0.046 / → ヒモ分散。1号艇1着固定で広めのヒモ流し推奨（買い目+2点）', 'tenji_trigger': '展示確認: ヒモ分散レース。1号艇伸び確認後、広めのヒモ流しを採用。穴ヒモ（5・6号艇）を積極的に含める。'}",,,28.6,逃げ狙い,18.44,29.5,3,,,,,,,,,,,
2025-11-27,丸亀,3,5,木谷賢太,A2,38.00,5,▲,9.3663,17,84,59.6,0.177,3.9787,,,0,低,107,0,差ま0%,1 12,0,71.5,1.5095,0,0,0,0.0476,0,0.0343,0.0114,0.1957,,,A,○,,0.2171,0.663,,0.4973,A,72,0,◎-○軸 3着3〜4艇流し（10〜15点）,0.5777,"{'is_target': True, 'verdict': '参加推奨', 'max_combo_prob': 0.0464, 'est_top_odds': 28.7, 'circle_concentration': 59.7, 'eligible_count': 8, 'bet_adj': 2, 'reason': 'rel_win1=46.4%（本命度） / 最有力組み合わせ確率: 0.046（推定実オッズ?29倍） / 2着集中度: 上位2艇 59.7%（補正+0.00） / 総合判定確率: 0.046 / → ヒモ分散。1号艇1着固定で広めのヒモ流し推奨（買い目+2点）', 'tenji_trigger': '展示確認: ヒモ分散レース。1号艇伸び確認後、広めのヒモ流しを採用。穴ヒモ（5・6号艇）を積極的に含める。'}",,,28.6,逃げ狙い,18.44,29.5,3,,,,,,,,,,,
2025-11-27,丸亀,3,6,滝川真由,B1,18.18,6,,2.651,5.2,63,32,0.1796,4.2,,,0,低,60,0,差ま0%,154,0,41.1,1.2736,0,0,0,0.0667,0,0.2333,0.2667,0.0333,,,E,△,,0.2148,0.612,,0.4973,A,72,0,◎-○軸 3着3〜4艇流し（10〜15点）,0.5777,"{'is_target': True, 'verdict': '参加推奨', 'max_combo_prob': 0.0464, 'est_top_odds': 28.7, 'circle_concentration': 59.7, 'eligible_count': 8, 'bet_adj': 2, 'reason': 'rel_win1=46.4%（本命度） / 最有力組み合わせ確率: 0.046（推定実オッズ?29倍） / 2着集中度: 上位2艇 59.7%（補正+0.00） / 総合判定確率: 0.046 / → ヒモ分散。1号艇1着固定で広めのヒモ流し推奨（買い目+2点）', 'tenji_trigger': '展示確認: ヒモ分散レース。1号艇伸び確認後、広めのヒモ流しを採用。穴ヒモ（5・6号艇）を積極的に含める。'}",,,28.6,逃げ狙い,18.44,29.5,3,,,,,,,,,,,
2025-11-27,丸亀,4,1,神里琴音,B1,19.51,1,◎,57.5196,,0,72.7,0.1532,3.4545,,,0,低,61,0,逃0%,543,0,63.4,0.9728,0.2,,,,,0.0267,0.6633,0.0267,○,,E,◎,,,0.674,,0.3538,A,72,0,◎-○軸 3着3〜4艇流し（10〜15点）,0.5777,"{'is_target': True, 'verdict': '参加推奨', 'max_combo_prob': 0.08, 'est_top_odds': 16.7, 'circle_concentration': 62.4, 'eligible_count': 8, 'bet_adj': 2, 'reason': 'rel_win1=57.5%（本命度） / 最有力組み合わせ確率: 0.080（推定実オッズ?17倍） / 2着集中度: 上位2艇 62.4%（補正+0.00） / 総合判定確率: 0.080 / → ヒモ分散。1号艇1着固定で広めのヒモ流し推奨（買い目+2点）', 'tenji_trigger': '展示確認: ヒモ分散レース。1号艇伸び確認後、広めのヒモ流しを採用。穴ヒモ（5・6号艇）を積極的に含める。'}",,,31.3,逃げ狙い,16.71,38.6,4,,,,,0,0,0.6155,0,,主役軸流し,B
2025-11-27,丸亀,4,2,眞鳥康太,B1,31.58,2,,11.1836,40.6,100,53.4,0.1741,3.8534,,,0,低,138,0,-,363,0,33,0.8774,,,,,,0.0444,0.2444,0.0444,,,C,,,0.1225,0.5595,,0.3538,A,72,0,◎-○軸 3着3〜4艇流し（10〜15点）,0.5777,"{'is_target': True, 'verdict': '参加推奨', 'max_combo_prob': 0.08, 'est_top_odds': 16.7, 'circle_concentration': 62.4, 'eligible_count': 8, 'bet_adj': 2, 'reason': 'rel_win1=57.5%（本命度） / 最有力組み合わせ確率: 0.080（推定実オッズ?17倍） / 2着集中度: 上位2艇 62.4%（補正+0.00） / 総合判定確率: 0.080 / → ヒモ分散。1号艇1着固定で広めのヒモ流し推奨（買い目+2点）', 'tenji_trigger': '展示確認: ヒモ分散レース。1号艇伸び確認後、広めのヒモ流しを採用。穴ヒモ（5・6号艇）を積極的に含める。'}",,,31.3,逃げ狙い,16.71,38.6,4,,,,,,,,,,,
2025-11-27,丸亀,4,3,滝沢織寧,B1,45.28,3,○,10.8422,16,87,26.1,0.1378,2.7391,,,0,低,58,0,-,5 45,0,22.2,0.6883,,,,,,0.2857,0.4286,0.2857,,◎,A,,,0.4483,0.5245,,0.3538,A,72,0,◎-○軸 3着3〜4艇流し（10〜15点）,0.5777,"{'is_target': True, 'verdict': '参加推奨', 'max_combo_prob': 0.08, 'est_top_odds': 16.7, 'circle_concentration': 62.4, 'eligible_count': 8, 'bet_adj': 2, 'reason': 'rel_win1=57.5%（本命度） / 最有力組み合わせ確率: 0.080（推定実オッズ?17倍） / 2着集中度: 上位2艇 62.4%（補正+0.00） / 総合判定確率: 0.080 / → ヒモ分散。1号艇1着固定で広めのヒモ流し推奨（買い目+2点）', 'tenji_trigger': '展示確認: ヒモ分散レース。1号艇伸び確認後、広めのヒモ流しを採用。穴ヒモ（5・6号艇）を積極的に含める。'}",,,31.3,逃げ狙い,16.71,38.6,4,,,,,,,,,,,
2025-11-27,丸亀,4,4,大西隆洋,B1,31.91,4,▲,10.2095,19.3,64,40,0.1445,2.9818,,,0,低,103,0,-,155,0,42.5,0.9447,,,,,,0.3077,0.0769,0.3077,,○,B,△,,0.4433,0.6055,,0.3538,A,72,0,◎-○軸 3着3〜4艇流し（10〜15点）,0.5777,"{'is_target': True, 'verdict': '参加推奨', 'max_combo_prob': 0.08, 'est_top_odds': 16.7, 'circle_concentration': 62.4, 'eligible_count': 8, 'bet_adj': 2, 'reason': 'rel_win1=57.5%（本命度） / 最有力組み合わせ確率: 0.080（推定実オッズ?17倍） / 2着集中度: 上位2艇 62.4%（補正+0.00） / 総合判定確率: 0.080 / → ヒモ分散。1号艇1着固定で広めのヒモ流し推奨（買い目+2点）', 'tenji_trigger': '展示確認: ヒモ分散レース。1号艇伸び確認後、広めのヒモ流しを採用。穴ヒモ（5・6号艇）を積極的に含める。'}",,,31.3,逃げ狙い,16.71,38.6,4,,,,,,,,,,,
2025-11-27,丸亀,4,5,中山雄太,A1,29.09,5,△,7.6487,21.8,69,41.8,0.1516,3.1091,,,0,低,75,0,-,2 55,0,97.1,1.8714,,,,,,0.0385,0.0769,0.1154,,△,D,○,,0.4146,0.671,,0.3538,A,72,0,◎-○軸 3着3〜4艇流し（10〜15点）,0.5777,"{'is_target': True, 'verdict': '参加推奨', 'max_combo_prob': 0.08, 'est_top_odds': 16.7, 'circle_concentration': 62.4, 'eligible_count': 8, 'bet_adj': 2, 'reason': 'rel_win1=57.5%（本命度） / 最有力組み合わせ確率: 0.080（推定実オッズ?17倍） / 2着集中度: 上位2艇 62.4%（補正+0.00） / 総合判定確率: 0.080 / → ヒモ分散。1号艇1着固定で広めのヒモ流し推奨（買い目+2点）', 'tenji_trigger': '展示確認: ヒモ分散レース。1号艇伸び確認後、広めのヒモ流しを採用。穴ヒモ（5・6号艇）を積極的に含める。'}",,,31.3,逃げ狙い,16.71,38.6,4,,,,,,,,,,,
2025-11-27,丸亀,4,6,田川大貴,A2,23.21,6,,2.5963,2.3,34,17,0.1517,3.6356,,,0,低,91,0,-,342,0,23.3,0.595,,,,,,0.1434,0.0774,0.1003,,,D,△,,0.4143,0.616,,0.3538,A,72,0,◎-○軸 3着3〜4艇流し（10〜15点）,0.5777,"{'is_target': True, 'verdict': '参加推奨', 'max_combo_prob': 0.08, 'est_top_odds': 16.7, 'circle_concentration': 62.4, 'eligible_count': 8, 'bet_adj': 2, 'reason': 'rel_win1=57.5%（本命度） / 最有力組み合わせ確率: 0.080（推定実オッズ?17倍） / 2着集中度: 上位2艇 62.4%（補正+0.00） / 総合判定確率: 0.080 / → ヒモ分散。1号艇1着固定で広めのヒモ流し推奨（買い目+2点）', 'tenji_trigger': '展示確認: ヒモ分散レース。1号艇伸び確認後、広めのヒモ流しを採用。穴ヒモ（5・6号艇）を積極的に含める。'}",,,31.3,逃げ狙い,16.71,38.6,4,,,,,,,,,,,
2025-11-27,丸亀,5,1,廣中良一,B1,27.45,1,◎,44.308,,0,77.1,0.169,3.2917,,,0,低,151,0,逃1%,4 56,0,80.1,0.9671,0.5238,,,,,0.1581,0.0762,0.1771,○,,E,○,,,0.6395,,0.354,B,59,0,◎○△フォーメーション（15〜20点）,0.5777,"{'is_target': False, 'verdict': '対象外', 'max_combo_prob': None, 'est_top_odds': None, 'circle_concentration': None, 'eligible_count': 0, 'bet_adj': 0, 'reason': '1号艇rel_win1 < 45%: 通常判定に委ねる', 'tenji_trigger': ''}",,,29.3,両建て推奨,18.59,31.3,2,,,,,0,0,0.6155,0,,逃げ軸流し,A
2025-11-27,丸亀,5,2,西丸侑太,A2,54.90,2,○,22.3859,43.9,100,76.2,0.1864,3.75,,,0,低,100,0,差0% ま0%,322,0,44.6,0.9067,0,0.2,0.16,0,0,0,0.1314,0.0429,,,A,△,,0.1965,0.6105,,0.354,B,59,0,◎○△フォーメーション（15〜20点）,0.5777,"{'is_target': False, 'verdict': '対象外', 'max_combo_prob': None, 'est_top_odds': None, 'circle_concentration': None, 'eligible_count': 0, 'bet_adj': 0, 'reason': '1号艇rel_win1 < 45%: 通常判定に委ねる', 'tenji_trigger': ''}",,,29.3,両建て推奨,18.59,31.3,2,,,,,,,,,,,
2025-11-27,丸亀,5,3,盛本真輔,B1,39.66,3,▲,11.8825,24.1,98,59,0.1707,3.5656,,,0,低,190,0,-,2 43,0,43.4,0.8829,0,0.037,0.1111,0,0,0.1487,0.0211,0.2237,,,B,,,0.3024,0.596,,0.354,B,59,0,◎○△フォーメーション（15〜20点）,0.5777,"{'is_target': False, 'verdict': '対象外', 'max_combo_prob': None, 'est_top_odds': None, 'circle_concentration': None, 'eligible_count': 0, 'bet_adj': 0, 'reason': '1号艇rel_win1 < 45%: 通常判定に委ねる', 'tenji_trigger': ''}",,,29.3,両建て推奨,18.59,31.3,2,,,,,,,,,,,
2025-11-27,丸亀,5,4,宮地秀祈,B1,34.04,4,,7.4241,5.3,61,27.1,0.1868,4.0085,,,0,低,145,0,-,552,0,16.2,0.4606,0,0,0,0.0435,0,0.2914,0.2714,0.06,,,C,,,0.2251,0.6005,,0.354,B,59,0,◎○△フォーメーション（15〜20点）,0.5777,"{'is_target': False, 'verdict': '対象外', 'max_combo_prob': None, 'est_top_odds': None, 'circle_concentration': None, 'eligible_count': 0, 'bet_adj': 0, 'reason': '1号艇rel_win1 < 45%: 通常判定に委ねる', 'tenji_trigger': ''}",,,29.3,両建て推奨,18.59,31.3,2,,,,,,,,,,,
2025-11-27,丸亀,5,5,山田哲也,A1,29.41,5,△,12.971,25.4,73,60,0.1047,2.0333,,,0,低,17,0,差ま0%,2261,0,41.2,0.7036,0,0,0,0.2,0,0.1046,0.1194,0.0898,,◎,D,◎,◎,0.51,0.8045,0.52,0.354,B,59,0,◎○△フォーメーション（15〜20点）,0.5777,"{'is_target': False, 'verdict': '対象外', 'max_combo_prob': None, 'est_top_odds': None, 'circle_concentration': None, 'eligible_count': 0, 'bet_adj': 0, 'reason': '1号艇rel_win1 < 45%: 通常判定に委ねる', 'tenji_trigger': ''}",,,29.3,両建て推奨,18.59,31.3,2,,,,,,,,,,,
2025-11-27,丸亀,5,6,西村秀樹,B1,32.14,6,,1.0285,1.3,42,5,0.2283,5.0875,,,0,低,122,0,-,2 54,0,26.9,0.8067,,,,,,0.25,0.1875,0.3125,,,D,△,,0.1452,0.6095,,0.354,B,59,0,◎○△フォーメーション（15〜20点）,0.5777,"{'is_target': False, 'verdict': '対象外', 'max_combo_prob': None, 'est_top_odds': None, 'circle_concentration': None, 'eligible_count': 0, 'bet_adj': 0, 'reason': '1号艇rel_win1 < 45%: 通常判定に委ねる', 'tenji_trigger': ''}",,,29.3,両建て推奨,18.59,31.3,2,,,,,,,,,,,
2025-11-27,丸亀,6,1,岡本慎治,A2,25.49,1,◎,45.8177,,0,71.4,0.1693,3.5833,,,0,低,107,0,逃0%,666,0,68.8,0.9141,0.3684,,,,,0.4053,0.0421,0.2132,△,,D,,,,0.611,,0.3083,B,53,0,◎○△フォーメーション（15〜20点）,0.5777,"{'is_target': True, 'verdict': '参加推奨', 'max_combo_prob': 0.0383, 'est_top_odds': 34.8, 'circle_concentration': 52.5, 'eligible_count': 9, 'bet_adj': 2, 'reason': 'rel_win1=45.8%（本命度） / 最有力組み合わせ確率: 0.038（推定実オッズ?35倍） / 2着集中度: 上位2艇 52.5%（補正-0.04） / 総合判定確率: -0.002 / → ヒモ分散。1号艇1着固定で広めのヒモ流し推奨（買い目+2点）', 'tenji_trigger': '展示確認: ヒモ分散レース。1号艇伸び確認後、広めのヒモ流しを採用。穴ヒモ（5・6号艇）を積極的に含める。'}",,,31.2,両建て推奨,16.37,38.5,5,4-1-5|4-1-6|1-4-5|1-2-4|1-2-5|1-5-4|1-4-3,6-1-3|4-1-5|5-1-3|6-3-1|6-1-2|5-1-6|4-1-6|1-4-5|1-2-4|1-2-5|1-5-4|1-4-3,4-1-5:2.88%|4-1-6:1.53%|1-4-5:5.2%|1-2-4:4.75%|1-2-5:4.69%|1-5-4:4.29%|1-4-3:4.2%,4-1-5:B_main|4-1-6:B_main|1-4-5:A|1-2-4:A|1-2-5:A|1-5-4:A|1-4-3:A,7,12,0.4535,1,[!]見送り推奨（主役決まり手「まくり差し」― 逃げ劣勢レースで的中実績なし）,荒れ広め,D
2025-11-27,丸亀,6,2,信濃由行,B1,23.26,2,,8.8449,25.8,71,38.4,0.1837,4.0411,,,0,低,146,0,-,261,0,19.8,0.6564,0,0.0882,0,0,0,0.0348,0.0696,0.3096,,,D,△,,0.2361,0.6165,,0.3083,B,53,0,◎○△フォーメーション（15〜20点）,0.5777,"{'is_target': True, 'verdict': '参加推奨', 'max_combo_prob': 0.0383, 'est_top_odds': 34.8, 'circle_concentration': 52.5, 'eligible_count': 9, 'bet_adj': 2, 'reason': 'rel_win1=45.8%（本命度） / 最有力組み合わせ確率: 0.038（推定実オッズ?35倍） / 2着集中度: 上位2艇 52.5%（補正-0.04） / 総合判定確率: -0.002 / → ヒモ分散。1号艇1着固定で広めのヒモ流し推奨（買い目+2点）', 'tenji_trigger': '展示確認: ヒモ分散レース。1号艇伸び確認後、広めのヒモ流しを採用。穴ヒモ（5・6号艇）を積極的に含める。'}",,,31.2,両建て推奨,16.37,38.5,5,,,,,,,,,,,
2025-11-27,丸亀,6,3,木村光宏,B1,20.93,3,,13.7812,16.8,100,53.1,0.1851,3.602,,,0,低,99,0,差0% ま0%,3 16,0,41.7,0.9638,0,0.0385,0.0385,0,0,0.3952,0.3571,0.0571,,,E,○,,0.2324,0.6335,,0.3083,B,53,0,◎○△フォーメーション（15〜20点）,0.5777,"{'is_target': True, 'verdict': '参加推奨', 'max_combo_prob': 0.0383, 'est_top_odds': 34.8, 'circle_concentration': 52.5, 'eligible_count': 9, 'bet_adj': 2, 'reason': 'rel_win1=45.8%（本命度） / 最有力組み合わせ確率: 0.038（推定実オッズ?35倍） / 2着集中度: 上位2艇 52.5%（補正-0.04） / 総合判定確率: -0.002 / → ヒモ分散。1号艇1着固定で広めのヒモ流し推奨（買い目+2点）', 'tenji_trigger': '展示確認: ヒモ分散レース。1号艇伸び確認後、広めのヒモ流しを採用。穴ヒモ（5・6号艇）を積極的に含める。'}",,,31.2,両建て推奨,16.37,38.5,5,,,,,,,,,,,
2025-11-27,丸亀,6,4,山田祐也,A1,39.13,4,▲,11.0831,26.2,85,67.7,0.1423,2.9516,,,0,低,53,0,ま0% 差ま0%,1331,0,83.3,1.3726,0,0,0.0714,0.1429,0,0,0.0455,0.1364,,◎,B,◎,,0.4258,0.663,,0.3083,B,53,0,◎○△フォーメーション（15〜20点）,0.5777,"{'is_target': True, 'verdict': '参加推奨', 'max_combo_prob': 0.0383, 'est_top_odds': 34.8, 'circle_concentration': 52.5, 'eligible_count': 9, 'bet_adj': 2, 'reason': 'rel_win1=45.8%（本命度） / 最有力組み合わせ確率: 0.038（推定実オッズ?35倍） / 2着集中度: 上位2艇 52.5%（補正-0.04） / 総合判定確率: -0.002 / → ヒモ分散。1号艇1着固定で広めのヒモ流し推奨（買い目+2点）', 'tenji_trigger': '展示確認: ヒモ分散レース。1号艇伸び確認後、広めのヒモ流しを採用。穴ヒモ（5・6号艇）を積極的に含める。'}",,,31.2,両建て推奨,16.37,38.5,5,,,,,,,,,,,
2025-11-27,丸亀,6,5,松田大志,A1,39.62,5,○,19.2091,26.2,97,70.4,0.1748,3.6019,,,0,低,125,0,抜1%,212,0,43.3,0.8119,0,0,0.125,0.125,0.0417,0.0948,0.0273,0.113,,,A,△,◎,0.3062,0.631,0.2967,0.3083,B,53,0,◎○△フォーメーション（15〜20点）,0.5777,"{'is_target': True, 'verdict': '参加推奨', 'max_combo_prob': 0.0383, 'est_top_odds': 34.8, 'circle_concentration': 52.5, 'eligible_count': 9, 'bet_adj': 2, 'reason': 'rel_win1=45.8%（本命度） / 最有力組み合わせ確率: 0.038（推定実オッズ?35倍） / 2着集中度: 上位2艇 52.5%（補正-0.04） / 総合判定確率: -0.002 / → ヒモ分散。1号艇1着固定で広めのヒモ流し推奨（買い目+2点）', 'tenji_trigger': '展示確認: ヒモ分散レース。1号艇伸び確認後、広めのヒモ流しを採用。穴ヒモ（5・6号艇）を積極的に含める。'}",,,31.2,両建て推奨,16.37,38.5,5,,,,,,,,,,,
2025-11-27,丸亀,6,6,北川幸典,B1,33.33,6,△,1.2638,4.9,58,22.9,0.1734,3.6857,,,0,低,79,0,-,F16,0,38.6,0.8411,,,,,,0.3125,0.125,0.1875,,,C,,,0.3023,0.5995,,0.3083,B,53,0,◎○△フォーメーション（15〜20点）,0.5777,"{'is_target': True, 'verdict': '参加推奨', 'max_combo_prob': 0.0383, 'est_top_odds': 34.8, 'circle_concentration': 52.5, 'eligible_count': 9, 'bet_adj': 2, 'reason': 'rel_win1=45.8%（本命度） / 最有力組み合わせ確率: 0.038（推定実オッズ?35倍） / 2着集中度: 上位2艇 52.5%（補正-0.04） / 総合判定確率: -0.002 / → ヒモ分散。1号艇1着固定で広めのヒモ流し推奨（買い目+2点）', 'tenji_trigger': '展示確認: ヒモ分散レース。1号艇伸び確認後、広めのヒモ流しを採用。穴ヒモ（5・6号艇）を積極的に含める。'}",,,31.2,両建て推奨,16.37,38.5,5,,,,,,,,,,,
2025-11-27,丸亀,7,1,浜崎準也,B1,28.30,1,◎,58.7574,,0,75,0.16,3.1146,,,0,低,122,0,逃0%,465,0,100,1.6962,0.4167,,,,,0.3,0.3,0,◎,,D,,,,0.5915,,0.4609,A,68,0,◎-○軸 3着3〜4艇流し（10〜15点）,0.5777,"{'is_target': True, 'verdict': '点数絞り', 'max_combo_prob': 0.1151, 'est_top_odds': 11.6, 'circle_concentration': 84.4, 'eligible_count': 8, 'bet_adj': 0, 'reason': 'rel_win1=58.8%（本命度） / 最有力組み合わせ確率: 0.115（推定実オッズ?12倍） / 2着集中度: 上位2艇 84.4%（補正+0.04） / 総合判定確率: 0.155 / → ヒモはやや固め。上位2艇以外を切ること', 'tenji_trigger': '展示確認: 1号艇伸び良→そのまま採用。悪→飛び組に差し替え。circle_pct上位2艇に絞り込むこと。'}",,,30.7,逃げ狙い,13.94,39.2,3,,,,,0,0,0.7559,0,,逃げ軸流し,A
2025-11-27,丸亀,7,2,北川潤二,A1,42.59,2,○,12.1399,54.9,90,60.8,0.1437,3.3165,,,0,低,54,0,差0%,2316,0,29,0.7264,0,0.0476,0.0238,0,0,0.0848,0.1348,0.0435,,◎,A,◎,,0.4714,0.673,,0.4609,A,68,0,◎-○軸 3着3〜4艇流し（10〜15点）,0.5777,"{'is_target': True, 'verdict': '点数絞り', 'max_combo_prob': 0.1151, 'est_top_odds': 11.6, 'circle_concentration': 84.4, 'eligible_count': 8, 'bet_adj': 0, 'reason': 'rel_win1=58.8%（本命度） / 最有力組み合わせ確率: 0.115（推定実オッズ?12倍） / 2着集中度: 上位2艇 84.4%（補正+0.04） / 総合判定確率: 0.155 / → ヒモはやや固め。上位2艇以外を切ること', 'tenji_trigger': '展示確認: 1号艇伸び良→そのまま採用。悪→飛び組に差し替え。circle_pct上位2艇に絞り込むこと。'}",,,30.7,逃げ狙い,13.94,39.2,3,,,,,,,,,,,
2025-11-27,丸亀,7,3,西舘　健,A2,42.00,3,▲,14.7282,29.6,100,58.8,0.1538,3.2941,,,0,低,130,0,差0% ま0% 差ま0% 抜0%,2 25,0,51.9,1.2185,0,0.0333,0.0667,0.0333,0.0667,0.0895,0.1581,0.1124,,,B,△,,0.3232,0.6065,,0.4609,A,68,0,◎-○軸 3着3〜4艇流し（10〜15点）,0.5777,"{'is_target': True, 'verdict': '点数絞り', 'max_combo_prob': 0.1151, 'est_top_odds': 11.6, 'circle_concentration': 84.4, 'eligible_count': 8, 'bet_adj': 0, 'reason': 'rel_win1=58.8%（本命度） / 最有力組み合わせ確率: 0.115（推定実オッズ?12倍） / 2着集中度: 上位2艇 84.4%（補正+0.04） / 総合判定確率: 0.155 / → ヒモはやや固め。上位2艇以外を切ること', 'tenji_trigger': '展示確認: 1号艇伸び良→そのまま採用。悪→飛び組に差し替え。circle_pct上位2艇に絞り込むこと。'}",,,30.7,逃げ狙い,13.94,39.2,3,,,,,,,,,,,
2025-11-27,丸亀,7,4,森　雄利,B2,26.19,4,,4.2232,4.9,37,0,0.1768,3.6053,,,0,低,68,0,-,462,0,21.6,0.5615,,,,,,0.25,0.25,0,,,E,△,,0.2473,0.61,,0.4609,A,68,0,◎-○軸 3着3〜4艇流し（10〜15点）,0.5777,"{'is_target': True, 'verdict': '点数絞り', 'max_combo_prob': 0.1151, 'est_top_odds': 11.6, 'circle_concentration': 84.4, 'eligible_count': 8, 'bet_adj': 0, 'reason': 'rel_win1=58.8%（本命度） / 最有力組み合わせ確率: 0.115（推定実オッズ?12倍） / 2着集中度: 上位2艇 84.4%（補正+0.04） / 総合判定確率: 0.155 / → ヒモはやや固め。上位2艇以外を切ること', 'tenji_trigger': '展示確認: 1号艇伸び良→そのまま採用。悪→飛び組に差し替え。circle_pct上位2艇に絞り込むこと。'}",,,30.7,逃げ狙い,13.94,39.2,3,,,,,,,,,,,
2025-11-27,丸亀,7,5,芹澤克彦,B1,29.79,5,△,7.0841,3.5,64,23.6,0.1564,3.4091,,,0,低,65,0,ま0%,1 24,0,60,1.2333,0,0,0.0645,0.0645,0,0.1962,0.0952,0.0571,,,C,○,,0.306,0.643,,0.4609,A,68,0,◎-○軸 3着3〜4艇流し（10〜15点）,0.5777,"{'is_target': True, 'verdict': '点数絞り', 'max_combo_prob': 0.1151, 'est_top_odds': 11.6, 'circle_concentration': 84.4, 'eligible_count': 8, 'bet_adj': 0, 'reason': 'rel_win1=58.8%（本命度） / 最有力組み合わせ確率: 0.115（推定実オッズ?12倍） / 2着集中度: 上位2艇 84.4%（補正+0.04） / 総合判定確率: 0.155 / → ヒモはやや固め。上位2艇以外を切ること', 'tenji_trigger': '展示確認: 1号艇伸び良→そのまま採用。悪→飛び組に差し替え。circle_pct上位2艇に絞り込むこと。'}",,,30.7,逃げ狙い,13.94,39.2,3,,,,,,,,,,,
2025-11-27,丸亀,7,6,原田篤志,A1,29.41,6,,3.0672,7.2,79,42.9,0.2071,4.5119,,,0,低,122,0,-,1513,0,23.5,0.5914,,,,,,0.02,0.125,0.02,,,D,,,0.1621,0.5685,,0.4609,A,68,0,◎-○軸 3着3〜4艇流し（10〜15点）,0.5777,"{'is_target': True, 'verdict': '点数絞り', 'max_combo_prob': 0.1151, 'est_top_odds': 11.6, 'circle_concentration': 84.4, 'eligible_count': 8, 'bet_adj': 0, 'reason': 'rel_win1=58.8%（本命度） / 最有力組み合わせ確率: 0.115（推定実オッズ?12倍） / 2着集中度: 上位2艇 84.4%（補正+0.04） / 総合判定確率: 0.155 / → ヒモはやや固め。上位2艇以外を切ること', 'tenji_trigger': '展示確認: 1号艇伸び良→そのまま採用。悪→飛び組に差し替え。circle_pct上位2艇に絞り込むこと。'}",,,30.7,逃げ狙い,13.94,39.2,3,,,,,,,,,,,
2025-11-27,丸亀,8,1,杉山貴博,A1,50.00,1,◎,69.002,,0,85,0.1319,2.6562,,,0,低,125,0,逃1%,3 32,0,67.5,0.9691,0.6286,,,,,0.0343,0.1657,0.1771,◎,,A,○,,,0.655,,0.6144,A,76,0,◎-○軸 3着3〜4艇流し（10〜15点）,0.5777,"{'is_target': True, 'verdict': '点数絞り', 'max_combo_prob': 0.1254, 'est_top_odds': 10.6, 'circle_concentration': 74.7, 'eligible_count': 8, 'bet_adj': 0, 'reason': 'rel_win1=69.0%（本命度） / 最有力組み合わせ確率: 0.125（推定実オッズ?11倍） / 2着集中度: 上位2艇 74.7%（補正+0.04） / 総合判定確率: 0.165 / → ヒモはやや固め。上位2艇以外を切ること', 'tenji_trigger': '展示確認: 1号艇伸び良→そのまま採用。悪→飛び組に差し替え。circle_pct上位2艇に絞り込むこと。\n展示で1号艇スタート超安定(0.132秒)→ヒモ固まり方向に注意'}",,,27.9,逃げ狙い,17.27,28.3,2,,,,,0,0,0.7559,0,,逃げ軸流し,A
2025-11-27,丸亀,8,2,木谷賢太,A2,38.00,2,○,14.8235,47.8,72,76.4,0.152,3.5909,,,0,低,107,0,差0%,1 12,0,38.9,0.895,0,0.25,0.0357,0,0,0.0343,0.0114,0.1957,,,B,◎,,0.16,0.663,,0.6144,A,76,0,◎-○軸 3着3〜4艇流し（10〜15点）,0.5777,"{'is_target': True, 'verdict': '点数絞り', 'max_combo_prob': 0.1254, 'est_top_odds': 10.6, 'circle_concentration': 74.7, 'eligible_count': 8, 'bet_adj': 0, 'reason': 'rel_win1=69.0%（本命度） / 最有力組み合わせ確率: 0.125（推定実オッズ?11倍） / 2着集中度: 上位2艇 74.7%（補正+0.04） / 総合判定確率: 0.165 / → ヒモはやや固め。上位2艇以外を切ること', 'tenji_trigger': '展示確認: 1号艇伸び良→そのまま採用。悪→飛び組に差し替え。circle_pct上位2艇に絞り込むこと。\n展示で1号艇スタート超安定(0.132秒)→ヒモ固まり方向に注意'}",,,27.9,逃げ狙い,17.27,28.3,2,,,,,,,,,,,
2025-11-27,丸亀,8,3,薮内瑞希,B1,25.93,3,△,8.7336,26.9,62,63.6,0.1397,2.3788,,,0,低,68,0,-,6 25,0,88.4,1.706,0,0.1875,0.0625,0,0,0.0333,0.0667,0.1833,,,D,△,,0.2864,0.592,,0.6144,A,76,0,◎-○軸 3着3〜4艇流し（10〜15点）,0.5777,"{'is_target': True, 'verdict': '点数絞り', 'max_combo_prob': 0.1254, 'est_top_odds': 10.6, 'circle_concentration': 74.7, 'eligible_count': 8, 'bet_adj': 0, 'reason': 'rel_win1=69.0%（本命度） / 最有力組み合わせ確率: 0.125（推定実オッズ?11倍） / 2着集中度: 上位2艇 74.7%（補正+0.04） / 総合判定確率: 0.165 / → ヒモはやや固め。上位2艇以外を切ること', 'tenji_trigger': '展示確認: 1号艇伸び良→そのまま採用。悪→飛び組に差し替え。circle_pct上位2艇に絞り込むこと。\n展示で1号艇スタート超安定(0.132秒)→ヒモ固まり方向に注意'}",,,27.9,逃げ狙い,17.27,28.3,2,,,,,,,,,,,
2025-11-27,丸亀,8,4,鶴田勇雄,A2,37.25,4,▲,4.8331,16,100,55.4,0.1759,3.5338,,,0,低,167,0,差0%,5 45,0,41,0.9866,0,0.0357,0,0,0,0.0258,0.3819,0.0387,,,C,△,,0.1312,0.609,,0.6144,A,76,0,◎-○軸 3着3〜4艇流し（10〜15点）,0.5777,"{'is_target': True, 'verdict': '点数絞り', 'max_combo_prob': 0.1254, 'est_top_odds': 10.6, 'circle_concentration': 74.7, 'eligible_count': 8, 'bet_adj': 0, 'reason': 'rel_win1=69.0%（本命度） / 最有力組み合わせ確率: 0.125（推定実オッズ?11倍） / 2着集中度: 上位2艇 74.7%（補正+0.04） / 総合判定確率: 0.165 / → ヒモはやや固め。上位2艇以外を切ること', 'tenji_trigger': '展示確認: 1号艇伸び良→そのまま採用。悪→飛び組に差し替え。circle_pct上位2艇に絞り込むこと。\n展示で1号艇スタート超安定(0.132秒)→ヒモ固まり方向に注意'}",,,27.9,逃げ狙い,17.27,28.3,2,,,,,,,,,,,
2025-11-27,丸亀,8,5,眞鳥康太,B1,31.58,5,,1.6679,9,81,38,0.1998,3.91,,,0,低,138,0,-,363,0,31.4,1.0395,,,,,,0.0444,0.2444,0.0444,,,D,,,0.1639,0.5595,,0.6144,A,76,0,◎-○軸 3着3〜4艇流し（10〜15点）,0.5777,"{'is_target': True, 'verdict': '点数絞り', 'max_combo_prob': 0.1254, 'est_top_odds': 10.6, 'circle_concentration': 74.7, 'eligible_count': 8, 'bet_adj': 0, 'reason': 'rel_win1=69.0%（本命度） / 最有力組み合わせ確率: 0.125（推定実オッズ?11倍） / 2着集中度: 上位2艇 74.7%（補正+0.04） / 総合判定確率: 0.165 / → ヒモはやや固め。上位2艇以外を切ること', 'tenji_trigger': '展示確認: 1号艇伸び良→そのまま採用。悪→飛び組に差し替え。circle_pct上位2艇に絞り込むこと。\n展示で1号艇スタート超安定(0.132秒)→ヒモ固まり方向に注意'}",,,27.9,逃げ狙い,17.27,28.3,2,,,,,,,,,,,
2025-11-27,丸亀,8,6,米玉利大,B2,22.50,6,,0.94,0.3,20,2.5,0.1812,4.2222,,,0,低,58,0,-,456,0,28,0.8444,,,,,,0,0.6667,0,,,E,,,0.178,0.5175,,0.6144,A,76,0,◎-○軸 3着3〜4艇流し（10〜15点）,0.5777,"{'is_target': True, 'verdict': '点数絞り', 'max_combo_prob': 0.1254, 'est_top_odds': 10.6, 'circle_concentration': 74.7, 'eligible_count': 8, 'bet_adj': 0, 'reason': 'rel_win1=69.0%（本命度） / 最有力組み合わせ確率: 0.125（推定実オッズ?11倍） / 2着集中度: 上位2艇 74.7%（補正+0.04） / 総合判定確率: 0.165 / → ヒモはやや固め。上位2艇以外を切ること', 'tenji_trigger': '展示確認: 1号艇伸び良→そのまま採用。悪→飛び組に差し替え。circle_pct上位2艇に絞り込むこと。\n展示で1号艇スタート超安定(0.132秒)→ヒモ固まり方向に注意'}",,,27.9,逃げ狙い,17.27,28.3,2,,,,,,,,,,,
2025-11-27,丸亀,9,1,黒澤めぐ,A2,26.92,1,◎,54.2245,,0,72.2,0.1472,3.4167,,,0,低,48,0,逃0%,1264,0,80.8,0.9549,0.4286,,,,,0,0.0571,0,○⚠️,,C,,,,0.5305,,0.4143,B,55,0,◎○△フォーメーション（15〜20点）,0.5777,"{'is_target': True, 'verdict': '参加推奨', 'max_combo_prob': 0.0664, 'est_top_odds': 20.1, 'circle_concentration': 67.6, 'eligible_count': 9, 'bet_adj': 2, 'reason': 'rel_win1=54.2%（本命度） / 最有力組み合わせ確率: 0.066（推定実オッズ?20倍） / 2着集中度: 上位2艇 67.6%（補正+0.00） / 総合判定確率: 0.066 / → ヒモ分散。1号艇1着固定で広めのヒモ流し推奨（買い目+2点）', 'tenji_trigger': '展示確認: ヒモ分散レース。1号艇伸び確認後、広めのヒモ流しを採用。穴ヒモ（5・6号艇）を積極的に含める。'}",,,26.2,両建て推奨,17.93,23,2,3-1-4|3-1-5|3-4-1|3-1-6|3-5-1|3-4-5|3-5-4|1-2-4|1-2-5|1-2-3|1-3-4|1-3-5,3-1-4|3-1-5|3-4-1|3-1-6|3-5-1|3-4-5|3-5-4|1-2-4|1-2-5|1-2-3|1-3-4|1-3-5,3-1-4:3.53%|3-1-5:1.57%|3-4-1:1.3%|3-1-6:0.91%|3-5-1:0.35%|3-4-5:0.31%|3-5-4:0.19%|1-2-4:4.61%|1-2-5:4.3%|1-2-3:4.22%|1-3-4:4.21%|1-3-5:3.93%,3-1-4:B_main|3-1-5:B_main|3-4-1:B_main|3-1-6:B_main|3-5-1:B_main|3-4-5:B_main|3-5-4:B_main|1-2-4:A|1-2-5:A|1-2-3:A|1-3-4:A|1-3-5:A,12,12,0.4535,1,[!]見送り推奨（主役決まり手「まくり差し」― 逃げ劣勢レースで的中実績なし）,主役軸流し,B
2025-11-27,丸亀,9,2,若狭奈美,A2,39.62,2,▲,16.5879,42.6,100,80,0.188,3.55,,,0,低,81,0,-,1 33,0,51.2,1.025,0,0.1538,0,0,0.0769,0.08,0.28,0.1,,,B,,,0.0856,0.542,,0.4143,B,55,0,◎○△フォーメーション（15〜20点）,0.5777,"{'is_target': True, 'verdict': '参加推奨', 'max_combo_prob': 0.0664, 'est_top_odds': 20.1, 'circle_concentration': 67.6, 'eligible_count': 9, 'bet_adj': 2, 'reason': 'rel_win1=54.2%（本命度） / 最有力組み合わせ確率: 0.066（推定実オッズ?20倍） / 2着集中度: 上位2艇 67.6%（補正+0.00） / 総合判定確率: 0.066 / → ヒモ分散。1号艇1着固定で広めのヒモ流し推奨（買い目+2点）', 'tenji_trigger': '展示確認: ヒモ分散レース。1号艇伸び確認後、広めのヒモ流しを採用。穴ヒモ（5・6号艇）を積極的に含める。'}",,,26.2,両建て推奨,17.93,23,2,,,,,,,,,,,
2025-11-27,丸亀,9,3,三嶌さら,B1,42.55,3,○,11.9245,25,96,20,0.138,2.7,,,0,低,82,1,-,4 46,0,30,0.7083,,,,,,0,0.25,0,,◎,A,△,,0.3547,0.576,,0.4143,B,55,0,◎○△フォーメーション（15〜20点）,0.5777,"{'is_target': True, 'verdict': '参加推奨', 'max_combo_prob': 0.0664, 'est_top_odds': 20.1, 'circle_concentration': 67.6, 'eligible_count': 9, 'bet_adj': 2, 'reason': 'rel_win1=54.2%（本命度） / 最有力組み合わせ確率: 0.066（推定実オッズ?20倍） / 2着集中度: 上位2艇 67.6%（補正+0.00） / 総合判定確率: 0.066 / → ヒモ分散。1号艇1着固定で広めのヒモ流し推奨（買い目+2点）', 'tenji_trigger': '展示確認: ヒモ分散レース。1号艇伸び確認後、広めのヒモ流しを採用。穴ヒモ（5・6号艇）を積極的に含める。'}",,,26.2,両建て推奨,17.93,23,2,,,,,,,,,,,
2025-11-27,丸亀,9,4,滝川真由,B1,18.18,4,,9.2149,21.3,95,60,0.1676,3.6,,,0,低,60,0,差0% 差ま0%,154,0,74.2,1.1936,0,0.0833,0,0.1667,0,0.2333,0.2667,0.0333,,,E,○,,0.2301,0.612,,0.4143,B,55,0,◎○△フォーメーション（15〜20点）,0.5777,"{'is_target': True, 'verdict': '参加推奨', 'max_combo_prob': 0.0664, 'est_top_odds': 20.1, 'circle_concentration': 67.6, 'eligible_count': 9, 'bet_adj': 2, 'reason': 'rel_win1=54.2%（本命度） / 最有力組み合わせ確率: 0.066（推定実オッズ?20倍） / 2着集中度: 上位2艇 67.6%（補正+0.00） / 総合判定確率: 0.066 / → ヒモ分散。1号艇1着固定で広めのヒモ流し推奨（買い目+2点）', 'tenji_trigger': '展示確認: ヒモ分散レース。1号艇伸び確認後、広めのヒモ流しを採用。穴ヒモ（5・6号艇）を積極的に含める。'}",,,26.2,両建て推奨,17.93,23,2,,,,,,,,,,,
2025-11-27,丸亀,9,5,神里琴音,B1,19.51,5,△,4.4506,9.9,63,27.3,0.1498,3.1477,,,0,低,61,0,差ま0%,543,0,44.9,0.7898,0,0,0,0.0769,0,0.0267,0.6633,0.0267,,,D,◎,,0.281,0.674,,0.4143,B,55,0,◎○△フォーメーション（15〜20点）,0.5777,"{'is_target': True, 'verdict': '参加推奨', 'max_combo_prob': 0.0664, 'est_top_odds': 20.1, 'circle_concentration': 67.6, 'eligible_count': 9, 'bet_adj': 2, 'reason': 'rel_win1=54.2%（本命度） / 最有力組み合わせ確率: 0.066（推定実オッズ?20倍） / 2着集中度: 上位2艇 67.6%（補正+0.00） / 総合判定確率: 0.066 / → ヒモ分散。1号艇1着固定で広めのヒモ流し推奨（買い目+2点）', 'tenji_trigger': '展示確認: ヒモ分散レース。1号艇伸び確認後、広めのヒモ流しを採用。穴ヒモ（5・6号艇）を積極的に含める。'}",,,26.2,両建て推奨,17.93,23,2,,,,,,,,,,,
2025-11-27,丸亀,9,6,平川香織,B1,17.78,6,,3.5976,1.2,80,20,0.2237,5.2167,,,0,低,85,0,抜0%,236,0,24.9,0.6911,0,0,0,0,0.0667,0.075,0.075,0.275,,,E,△,,0.1376,0.56,,0.4143,B,55,0,◎○△フォーメーション（15〜20点）,0.5777,"{'is_target': True, 'verdict': '参加推奨', 'max_combo_prob': 0.0664, 'est_top_odds': 20.1, 'circle_concentration': 67.6, 'eligible_count': 9, 'bet_adj': 2, 'reason': 'rel_win1=54.2%（本命度） / 最有力組み合わせ確率: 0.066（推定実オッズ?20倍） / 2着集中度: 上位2艇 67.6%（補正+0.00） / 総合判定確率: 0.066 / → ヒモ分散。1号艇1着固定で広めのヒモ流し推奨（買い目+2点）', 'tenji_trigger': '展示確認: ヒモ分散レース。1号艇伸び確認後、広めのヒモ流しを採用。穴ヒモ（5・6号艇）を積極的に含める。'}",,,26.2,両建て推奨,17.93,23,2,,,,,,,,,,,
2025-11-27,丸亀,10,1,安田政彦,A2,22.50,1,◎,53.7737,,0,86,0.1748,3.57,,,0,低,147,0,逃0%,4 54,0,93.7,1.3918,0.3793,,,,,0.2188,0.3285,0.1918,○,,D,,,,0.5665,,0.36,A,66,0,◎-○軸 3着3〜4艇流し（10〜15点）,0.5777,"{'is_target': True, 'verdict': '参加推奨', 'max_combo_prob': 0.056, 'est_top_odds': 23.8, 'circle_concentration': 68.5, 'eligible_count': 8, 'bet_adj': 2, 'reason': 'rel_win1=53.8%（本命度） / 最有力組み合わせ確率: 0.056（推定実オッズ?24倍） / 2着集中度: 上位2艇 68.5%（補正+0.00） / 総合判定確率: 0.056 / → ヒモ分散。1号艇1着固定で広めのヒモ流し推奨（買い目+2点）', 'tenji_trigger': '展示確認: ヒモ分散レース。1号艇伸び確認後、広めのヒモ流しを採用。穴ヒモ（5・6号艇）を積極的に含める。'}",,,36.6,逃げ狙い,16.58,39.7,3,,,,,0,0,0.6155,0,,逃げ軸流し,A
2025-11-27,丸亀,10,2,宮地秀祈,B1,34.04,2,,6.6095,15.4,95,41.2,0.1947,4.6471,,,0,低,145,0,-,552,0,100,1.2505,0,0.0476,0,0,0,0.2914,0.2714,0.06,,,C,,,0.1431,0.6005,,0.36,A,66,0,◎-○軸 3着3〜4艇流し（10〜15点）,0.5777,"{'is_target': True, 'verdict': '参加推奨', 'max_combo_prob': 0.056, 'est_top_odds': 23.8, 'circle_concentration': 68.5, 'eligible_count': 8, 'bet_adj': 2, 'reason': 'rel_win1=53.8%（本命度） / 最有力組み合わせ確率: 0.056（推定実オッズ?24倍） / 2着集中度: 上位2艇 68.5%（補正+0.00） / 総合判定確率: 0.056 / → ヒモ分散。1号艇1着固定で広めのヒモ流し推奨（買い目+2点）', 'tenji_trigger': '展示確認: ヒモ分散レース。1号艇伸び確認後、広めのヒモ流しを採用。穴ヒモ（5・6号艇）を積極的に含める。'}",,,36.6,逃げ狙い,16.58,39.7,3,,,,,,,,,,,
2025-11-27,丸亀,10,3,山田祐也,A1,39.13,3,▲,16.8733,32.9,100,69.2,0.1518,3.3205,,,0,低,53,0,差0% ま0% 差ま0%,1331,0,58.2,1.4154,0,0.1111,0.0556,0.0556,0,0,0.0455,0.1364,,○,B,◎,,0.4607,0.663,,0.36,A,66,0,◎-○軸 3着3〜4艇流し（10〜15点）,0.5777,"{'is_target': True, 'verdict': '参加推奨', 'max_combo_prob': 0.056, 'est_top_odds': 23.8, 'circle_concentration': 68.5, 'eligible_count': 8, 'bet_adj': 2, 'reason': 'rel_win1=53.8%（本命度） / 最有力組み合わせ確率: 0.056（推定実オッズ?24倍） / 2着集中度: 上位2艇 68.5%（補正+0.00） / 総合判定確率: 0.056 / → ヒモ分散。1号艇1着固定で広めのヒモ流し推奨（買い目+2点）', 'tenji_trigger': '展示確認: ヒモ分散レース。1号艇伸び確認後、広めのヒモ流しを採用。穴ヒモ（5・6号艇）を積極的に含める。'}",,,36.6,逃げ狙い,16.58,39.7,3,,,,,,,,,,,
2025-11-27,丸亀,10,4,安河内将,A1,43.14,4,○,14.7023,35.6,86,76.4,0.1507,2.8636,,,0,低,99,0,ま0% 差ま0% 抜0%,1411,0,80.3,1.6491,0,0,0.0909,0.1364,0.0455,0.0781,0.0781,0.0781,,△,A,△,◎,0.457,0.6335,0.3431,0.36,A,66,0,◎-○軸 3着3〜4艇流し（10〜15点）,0.5777,"{'is_target': True, 'verdict': '参加推奨', 'max_combo_prob': 0.056, 'est_top_odds': 23.8, 'circle_concentration': 68.5, 'eligible_count': 8, 'bet_adj': 2, 'reason': 'rel_win1=53.8%（本命度） / 最有力組み合わせ確率: 0.056（推定実オッズ?24倍） / 2着集中度: 上位2艇 68.5%（補正+0.00） / 総合判定確率: 0.056 / → ヒモ分散。1号艇1着固定で広めのヒモ流し推奨（買い目+2点）', 'tenji_trigger': '展示確認: ヒモ分散レース。1号艇伸び確認後、広めのヒモ流しを採用。穴ヒモ（5・6号艇）を積極的に含める。'}",,,36.6,逃げ狙い,16.58,39.7,3,,,,,,,,,,,
2025-11-27,丸亀,10,5,大西隆洋,B1,31.91,5,△,5.2406,7,69,24.1,0.136,2.7328,,,0,低,103,0,-,155,0,47.9,2.1024,0,0,0,0.0833,0,0.3077,0.0769,0.3077,,◎,C,△,,0.4632,0.6055,,0.36,A,66,0,◎-○軸 3着3〜4艇流し（10〜15点）,0.5777,"{'is_target': True, 'verdict': '参加推奨', 'max_combo_prob': 0.056, 'est_top_odds': 23.8, 'circle_concentration': 68.5, 'eligible_count': 8, 'bet_adj': 2, 'reason': 'rel_win1=53.8%（本命度） / 最有力組み合わせ確率: 0.056（推定実オッズ?24倍） / 2着集中度: 上位2艇 68.5%（補正+0.00） / 総合判定確率: 0.056 / → ヒモ分散。1号艇1着固定で広めのヒモ流し推奨（買い目+2点）', 'tenji_trigger': '展示確認: ヒモ分散レース。1号艇伸び確認後、広めのヒモ流しを採用。穴ヒモ（5・6号艇）を積極的に含める。'}",,,36.6,逃げ狙い,16.58,39.7,3,,,,,,,,,,,
2025-11-27,丸亀,10,6,石橋道友,A1,19.51,6,,2.8007,9.1,78,63.8,0.1487,3.3191,,,0,低,72,0,-,F54,0,33.9,0.7697,0,0,0.04,0,0,0.0516,0.0129,0.0129,,,E,○,,0.4175,0.64,,0.36,A,66,0,◎-○軸 3着3〜4艇流し（10〜15点）,0.5777,"{'is_target': True, 'verdict': '参加推奨', 'max_combo_prob': 0.056, 'est_top_odds': 23.8, 'circle_concentration': 68.5, 'eligible_count': 8, 'bet_adj': 2, 'reason': 'rel_win1=53.8%（本命度） / 最有力組み合わせ確率: 0.056（推定実オッズ?24倍） / 2着集中度: 上位2艇 68.5%（補正+0.00） / 総合判定確率: 0.056 / → ヒモ分散。1号艇1着固定で広めのヒモ流し推奨（買い目+2点）', 'tenji_trigger': '展示確認: ヒモ分散レース。1号艇伸び確認後、広めのヒモ流しを採用。穴ヒモ（5・6号艇）を積極的に含める。'}",,,36.6,逃げ狙い,16.58,39.7,3,,,,,,,,,,,
2025-11-27,丸亀,11,1,松田大志,A1,39.62,1,◎,63.9647,,0,94.6,0.1489,2.7065,,,0,低,125,0,逃0%,212,0,87,1.2438,0.8182,,,,,0.0948,0.0273,0.113,◎,,A,△,,,0.631,,0.5504,S,96,0,◎1着固定 2-3着流し（5〜8点）,0.5777,"{'is_target': True, 'verdict': '点数絞り', 'max_combo_prob': 0.1137, 'est_top_odds': 11.7, 'circle_concentration': 70.4, 'eligible_count': 6, 'bet_adj': 0, 'reason': 'rel_win1=64.0%（本命度） / 最有力組み合わせ確率: 0.114（推定実オッズ?12倍） / 2着集中度: 上位2艇 70.4%（補正+0.04） / 総合判定確率: 0.154 / → ヒモはやや固め。上位2艇以外を切ること', 'tenji_trigger': '展示確認: 1号艇伸び良→そのまま採用。悪→飛び組に差し替え。circle_pct上位2艇に絞り込むこと。'}",,,26.9,逃げ狙い,16.47,26.2,2,,,,,0,0,0.7559,0,,逃げ軸流し,A
2025-11-27,丸亀,11,2,山田哲也,A1,29.41,2,○,17.0714,43,75,78,0.1178,2.1463,,,0,低,17,0,差0% ま0% 抜0%,2261,0,60.2,1.2833,0,0.0455,0.0909,0,0.0455,0.1046,0.1194,0.0898,,◎,C,◎,,0.5647,0.8045,,0.5504,S,96,0,◎1着固定 2-3着流し（5〜8点）,0.5777,"{'is_target': True, 'verdict': '点数絞り', 'max_combo_prob': 0.1137, 'est_top_odds': 11.7, 'circle_concentration': 70.4, 'eligible_count': 6, 'bet_adj': 0, 'reason': 'rel_win1=64.0%（本命度） / 最有力組み合わせ確率: 0.114（推定実オッズ?12倍） / 2着集中度: 上位2艇 70.4%（補正+0.04） / 総合判定確率: 0.154 / → ヒモはやや固め。上位2艇以外を切ること', 'tenji_trigger': '展示確認: 1号艇伸び良→そのまま採用。悪→飛び組に差し替え。circle_pct上位2艇に絞り込むこと。'}",,,26.9,逃げ狙い,16.47,26.2,2,,,,,,,,,,,
2025-11-27,丸亀,11,3,大場　敏,A2,29.09,3,▲,7.6157,27.4,69,72.5,0.1326,2.5362,,,0,低,93,0,-,543,0,39.2,1.0383,0,0,0.0312,0.0625,0,0.0933,0.1756,0.0111,,○,C,○,,0.3719,0.7095,,0.5504,S,96,0,◎1着固定 2-3着流し（5〜8点）,0.5777,"{'is_target': True, 'verdict': '点数絞り', 'max_combo_prob': 0.1137, 'est_top_odds': 11.7, 'circle_concentration': 70.4, 'eligible_count': 6, 'bet_adj': 0, 'reason': 'rel_win1=64.0%（本命度） / 最有力組み合わせ確率: 0.114（推定実オッズ?12倍） / 2着集中度: 上位2艇 70.4%（補正+0.04） / 総合判定確率: 0.154 / → ヒモはやや固め。上位2艇以外を切ること', 'tenji_trigger': '展示確認: 1号艇伸び良→そのまま採用。悪→飛び組に差し替え。circle_pct上位2艇に絞り込むこと。'}",,,26.9,逃げ狙い,16.47,26.2,2,,,,,,,,,,,
2025-11-27,丸亀,11,4,前原大道,A1,25.93,4,,7.103,19.8,100,75.6,0.1493,3.1951,,,0,低,90,0,差0% ま0%,311,0,65.4,1.3543,0,0.05,0.05,0,0,0,0.037,0,,,D,,◎,0.2882,0.5915,0.3694,0.5504,S,96,0,◎1着固定 2-3着流し（5〜8点）,0.5777,"{'is_target': True, 'verdict': '点数絞り', 'max_combo_prob': 0.1137, 'est_top_odds': 11.7, 'circle_concentration': 70.4, 'eligible_count': 6, 'bet_adj': 0, 'reason': 'rel_win1=64.0%（本命度） / 最有力組み合わせ確率: 0.114（推定実オッズ?12倍） / 2着集中度: 上位2艇 70.4%（補正+0.04） / 総合判定確率: 0.154 / → ヒモはやや固め。上位2艇以外を切ること', 'tenji_trigger': '展示確認: 1号艇伸び良→そのまま採用。悪→飛び組に差し替え。circle_pct上位2艇に絞り込むこと。'}",,,26.9,逃げ狙い,16.47,26.2,2,,,,,,,,,,,
2025-11-27,丸亀,11,5,田川大貴,A2,23.21,5,,3.3522,9.2,36,36.5,0.1335,3.1154,,,0,低,91,0,-,342,0,97,1.8698,0,0,0.0345,0.069,0,0.1434,0.0774,0.1003,,,E,△,,0.3413,0.616,,0.5504,S,96,0,◎1着固定 2-3着流し（5〜8点）,0.5777,"{'is_target': True, 'verdict': '点数絞り', 'max_combo_prob': 0.1137, 'est_top_odds': 11.7, 'circle_concentration': 70.4, 'eligible_count': 6, 'bet_adj': 0, 'reason': 'rel_win1=64.0%（本命度） / 最有力組み合わせ確率: 0.114（推定実オッズ?12倍） / 2着集中度: 上位2艇 70.4%（補正+0.04） / 総合判定確率: 0.154 / → ヒモはやや固め。上位2艇以外を切ること', 'tenji_trigger': '展示確認: 1号艇伸び良→そのまま採用。悪→飛び組に差し替え。circle_pct上位2艇に絞り込むこと。'}",,,26.9,逃げ狙い,16.47,26.2,2,,,,,,,,,,,
2025-11-27,丸亀,11,6,畔柳俊吾,B1,30.77,6,△,0.8928,0.6,37,18.4,0.191,4.2857,,,0,低,164,0,-,333,0,31.1,0.7025,,,,,,0.287,0.2217,0.2696,,,C,,,0.1786,0.5885,,0.5504,S,96,0,◎1着固定 2-3着流し（5〜8点）,0.5777,"{'is_target': True, 'verdict': '点数絞り', 'max_combo_prob': 0.1137, 'est_top_odds': 11.7, 'circle_concentration': 70.4, 'eligible_count': 6, 'bet_adj': 0, 'reason': 'rel_win1=64.0%（本命度） / 最有力組み合わせ確率: 0.114（推定実オッズ?12倍） / 2着集中度: 上位2艇 70.4%（補正+0.04） / 総合判定確率: 0.154 / → ヒモはやや固め。上位2艇以外を切ること', 'tenji_trigger': '展示確認: 1号艇伸び良→そのまま採用。悪→飛び組に差し替え。circle_pct上位2艇に絞り込むこと。'}",,,26.9,逃げ狙い,16.47,26.2,2,,,,,,,,,,,
2025-11-27,丸亀,12,1,山口達也,A1,26.19,1,◎,59.8031,,0,92.9,0.1471,3.1339,,,0,低,66,0,逃1%,363,0,76.6,1.0079,0.7692,,,,,0,0.1154,0.1154,◎,,D,△,,,0.625,,0.5601,S,100,0,◎1着固定 2-3着流し（5〜8点）,0.5777,"{'is_target': True, 'verdict': '参加推奨', 'max_combo_prob': 0.0785, 'est_top_odds': 17.0, 'circle_concentration': 72.4, 'eligible_count': 6, 'bet_adj': 2, 'reason': 'rel_win1=59.8%（本命度） / 最有力組み合わせ確率: 0.079（推定実オッズ?17倍） / 2着集中度: 上位2艇 72.4%（補正+0.04） / 総合判定確率: 0.119 / → ヒモ分散。1号艇1着固定で広めのヒモ流し推奨（買い目+2点）', 'tenji_trigger': '展示確認: ヒモ分散レース。1号艇伸び確認後、広めのヒモ流しを採用。穴ヒモ（5・6号艇）を積極的に含める。'}",,,27.1,逃げ狙い,18.22,25.3,2,,,,,0,0,0.7559,0,,逃げ軸流し,A
2025-11-27,丸亀,12,2,中山雄太,A1,29.09,2,▲,13.0497,45.3,77,74.6,0.1436,2.6356,,,0,低,75,0,-,2 55,0,86.6,0.7003,0,0.0769,0.1154,0,0,0.0385,0.0769,0.1154,,◎,D,◎,,0.3567,0.671,,0.5601,S,100,0,◎1着固定 2-3着流し（5〜8点）,0.5777,"{'is_target': True, 'verdict': '参加推奨', 'max_combo_prob': 0.0785, 'est_top_odds': 17.0, 'circle_concentration': 72.4, 'eligible_count': 6, 'bet_adj': 2, 'reason': 'rel_win1=59.8%（本命度） / 最有力組み合わせ確率: 0.079（推定実オッズ?17倍） / 2着集中度: 上位2艇 72.4%（補正+0.04） / 総合判定確率: 0.119 / → ヒモ分散。1号艇1着固定で広めのヒモ流し推奨（買い目+2点）', 'tenji_trigger': '展示確認: ヒモ分散レース。1号艇伸び確認後、広めのヒモ流しを採用。穴ヒモ（5・6号艇）を積極的に含める。'}",,,27.1,逃げ狙い,18.22,25.3,2,,,,,,,,,,,
2025-11-27,丸亀,12,3,岡本慎治,A2,25.49,3,,9.2138,27.1,94,67.4,0.157,3.2093,,,0,低,107,0,ま0%,666,0,57.7,1.2281,0,0,0.15,0,0,0.4053,0.0421,0.2132,,,E,△,,0.262,0.611,,0.5601,S,100,0,◎1着固定 2-3着流し（5〜8点）,0.5777,"{'is_target': True, 'verdict': '参加推奨', 'max_combo_prob': 0.0785, 'est_top_odds': 17.0, 'circle_concentration': 72.4, 'eligible_count': 6, 'bet_adj': 2, 'reason': 'rel_win1=59.8%（本命度） / 最有力組み合わせ確率: 0.079（推定実オッズ?17倍） / 2着集中度: 上位2艇 72.4%（補正+0.04） / 総合判定確率: 0.119 / → ヒモ分散。1号艇1着固定で広めのヒモ流し推奨（買い目+2点）', 'tenji_trigger': '展示確認: ヒモ分散レース。1号艇伸び確認後、広めのヒモ流しを採用。穴ヒモ（5・6号艇）を積極的に含める。'}",,,27.1,逃げ狙い,18.22,25.3,2,,,,,,,,,,,
2025-11-27,丸亀,12,4,西丸侑太,A2,54.90,4,○,10.8055,13.3,94,58.8,0.1496,3.1373,,,0,低,100,0,ま0%,322,0,56.3,1.0889,0,0,0.08,0.04,0.08,0,0.1314,0.0429,,,A,,◎,0.2856,0.6105,0.3515,0.5601,S,100,0,◎1着固定 2-3着流し（5〜8点）,0.5777,"{'is_target': True, 'verdict': '参加推奨', 'max_combo_prob': 0.0785, 'est_top_odds': 17.0, 'circle_concentration': 72.4, 'eligible_count': 6, 'bet_adj': 2, 'reason': 'rel_win1=59.8%（本命度） / 最有力組み合わせ確率: 0.079（推定実オッズ?17倍） / 2着集中度: 上位2艇 72.4%（補正+0.04） / 総合判定確率: 0.119 / → ヒモ分散。1号艇1着固定で広めのヒモ流し推奨（買い目+2点）', 'tenji_trigger': '展示確認: ヒモ分散レース。1号艇伸び確認後、広めのヒモ流しを採用。穴ヒモ（5・6号艇）を積極的に含める。'}",,,27.1,逃げ狙い,18.22,25.3,2,,,,,,,,,,,
2025-11-27,丸亀,12,5,杉山貴博,A1,50.00,5,△,5.0473,12.8,100,53.8,0.1586,3.4923,,,0,低,125,0,差ま0%,3 32,0,28.7,1.4826,0,0,0,0.0588,0,0.0343,0.1657,0.1771,,,B,○,,0.2499,0.655,,0.5601,S,100,0,◎1着固定 2-3着流し（5〜8点）,0.5777,"{'is_target': True, 'verdict': '参加推奨', 'max_combo_prob': 0.0785, 'est_top_odds': 17.0, 'circle_concentration': 72.4, 'eligible_count': 6, 'bet_adj': 2, 'reason': 'rel_win1=59.8%（本命度） / 最有力組み合わせ確率: 0.079（推定実オッズ?17倍） / 2着集中度: 上位2艇 72.4%（補正+0.04） / 総合判定確率: 0.119 / → ヒモ分散。1号艇1着固定で広めのヒモ流し推奨（買い目+2点）', 'tenji_trigger': '展示確認: ヒモ分散レース。1号艇伸び確認後、広めのヒモ流しを採用。穴ヒモ（5・6号艇）を積極的に含める。'}",,,27.1,逃げ狙い,18.22,25.3,2,,,,,,,,,,,
2025-11-27,丸亀,12,6,西舘　健,A2,42.00,6,,2.0806,1.5,57,28.3,0.1789,3.9717,,,0,低,130,0,-,2 25,0,43.9,0.9644,0,0,0,0.0357,0,0.0895,0.1581,0.1124,,,C,,,0.1813,0.6065,,0.5601,S,100,0,◎1着固定 2-3着流し（5〜8点）,0.5777,"{'is_target': True, 'verdict': '参加推奨', 'max_combo_prob': 0.0785, 'est_top_odds': 17.0, 'circle_concentration': 72.4, 'eligible_count': 6, 'bet_adj': 2, 'reason': 'rel_win1=59.8%（本命度） / 最有力組み合わせ確率: 0.079（推定実オッズ?17倍） / 2着集中度: 上位2艇 72.4%（補正+0.04） / 総合判定確率: 0.119 / → ヒモ分散。1号艇1着固定で広めのヒモ流し推奨（買い目+2点）', 'tenji_trigger': '展示確認: ヒモ分散レース。1号艇伸び確認後、広めのヒモ流しを採用。穴ヒモ（5・6号艇）を積極的に含める。'}",,,27.1,逃げ狙い,18.22,25.3,2,,,,,,,,,,,
2025-11-28,丸亀,1,1,三嶌さら,B1,42.55,1,◎,65.3233,,0,75,0.2175,4.125,,,0,低,82,1,逃0%,4 4644,0,80.1,1.0266,0.5,,,,,0,0.25,0,△⚠️,,A,△,,,0.576,,0.2589,A,62,0,◎-○軸 3着3〜4艇流し（10〜15点）,0.5777,"{'is_target': True, 'verdict': '点数絞り', 'max_combo_prob': 0.1152, 'est_top_odds': 11.6, 'circle_concentration': 80.3, 'eligible_count': 8, 'bet_adj': 0, 'reason': 'rel_win1=65.3%（本命度） / 最有力組み合わせ確率: 0.115（推定実オッズ?12倍） / 2着集中度: 上位2艇 80.3%（補正+0.04） / 総合判定確率: 0.155 / → ヒモはやや固め。上位2艇以外を切ること', 'tenji_trigger': '展示確認: 1号艇伸び良→そのまま採用。悪→飛び組に差し替え。circle_pct上位2艇に絞り込むこと。\n展示で1号艇スタート遅め(0.217秒)確認→ヒモが荒れやすい'}",,,34,両建て推奨,17.9,30.9,4,2-1-3|2-1-4|2-3-1|2-1-6|2-4-1|2-3-4|2-4-3|1-2-4|1-2-3|1-3-4|1-3-2|1-4-3,2-1-3|2-1-4|2-3-1|2-1-6|2-4-1|2-3-4|2-4-3|1-2-4|1-2-3|1-3-4|1-3-2|1-4-3,2-1-3:2.6%|2-1-4:1.81%|2-3-1:0.82%|2-1-6:0.64%|2-4-1:0.29%|2-3-4:0.25%|2-4-3:0.12%|1-2-4:10.52%|1-2-3:8.35%|1-3-4:7.69%|1-3-2:5.86%|1-4-3:4.22%,2-1-3:B_main|2-1-4:B_main|2-3-1:B_main|2-1-6:B_main|2-4-1:B_main|2-3-4:B_main|2-4-3:B_main|1-2-4:A|1-2-3:A|1-3-4:A|1-3-2:A|1-4-3:A,12,12,0.4535,1,[!]見送り推奨（主役決まり手「差し」― 逃げ劣勢レースで的中実績なし）,主役軸流し,B
2025-11-28,丸亀,1,2,廣中良一,B1,27.45,2,▲,9.7996,48.5,71,47,0.1727,3.7727,,,0,低,151,0,差0%,4 566,0,36.4,0.7884,0,0.12,0,0,0,0.1581,0.0762,0.1771,,◎,D,○,,0.5772,0.6395,,0.2589,A,62,0,◎-○軸 3着3〜4艇流し（10〜15点）,0.5777,"{'is_target': True, 'verdict': '点数絞り', 'max_combo_prob': 0.1152, 'est_top_odds': 11.6, 'circle_concentration': 80.3, 'eligible_count': 8, 'bet_adj': 0, 'reason': 'rel_win1=65.3%（本命度） / 最有力組み合わせ確率: 0.115（推定実オッズ?12倍） / 2着集中度: 上位2艇 80.3%（補正+0.04） / 総合判定確率: 0.155 / → ヒモはやや固め。上位2艇以外を切ること', 'tenji_trigger': '展示確認: 1号艇伸び良→そのまま採用。悪→飛び組に差し替え。circle_pct上位2艇に絞り込むこと。\n展示で1号艇スタート遅め(0.217秒)確認→ヒモが荒れやすい'}",,,34,両建て推奨,17.9,30.9,4,,,,,,,,,,,
2025-11-28,丸亀,1,3,西村秀樹,B1,32.14,3,△,5.1978,31.8,76,41.2,0.1753,3.6176,,,0,低,122,0,-,2 543,0,73.5,0.5848,,,,,,0.25,0.1875,0.3125,,○,C,△,,0.485,0.6095,,0.2589,A,62,0,◎-○軸 3着3〜4艇流し（10〜15点）,0.5777,"{'is_target': True, 'verdict': '点数絞り', 'max_combo_prob': 0.1152, 'est_top_odds': 11.6, 'circle_concentration': 80.3, 'eligible_count': 8, 'bet_adj': 0, 'reason': 'rel_win1=65.3%（本命度） / 最有力組み合わせ確率: 0.115（推定実オッズ?12倍） / 2着集中度: 上位2艇 80.3%（補正+0.04） / 総合判定確率: 0.155 / → ヒモはやや固め。上位2艇以外を切ること', 'tenji_trigger': '展示確認: 1号艇伸び良→そのまま採用。悪→飛び組に差し替え。circle_pct上位2艇に絞り込むこと。\n展示で1号艇スタート遅め(0.217秒)確認→ヒモが荒れやすい'}",,,34,両建て推奨,17.9,30.9,4,,,,,,,,,,,
2025-11-28,丸亀,1,4,峰重力也,B1,32.69,4,○,12.5823,11.7,100,37.5,0.1296,2.75,,,0,低,41,0,抜0%,6 166,0,62.7,1.0315,0,0,0,0,0.0625,0.0211,0.1699,0.1699,,△,B,◎,◎,0.485,0.677,0.375,0.2589,A,62,0,◎-○軸 3着3〜4艇流し（10〜15点）,0.5777,"{'is_target': True, 'verdict': '点数絞り', 'max_combo_prob': 0.1152, 'est_top_odds': 11.6, 'circle_concentration': 80.3, 'eligible_count': 8, 'bet_adj': 0, 'reason': 'rel_win1=65.3%（本命度） / 最有力組み合わせ確率: 0.115（推定実オッズ?12倍） / 2着集中度: 上位2艇 80.3%（補正+0.04） / 総合判定確率: 0.155 / → ヒモはやや固め。上位2艇以外を切ること', 'tenji_trigger': '展示確認: 1号艇伸び良→そのまま採用。悪→飛び組に差し替え。circle_pct上位2艇に絞り込むこと。\n展示で1号艇スタート遅め(0.217秒)確認→ヒモが荒れやすい'}",,,34,両建て推奨,17.9,30.9,4,,,,,,,,,,,
2025-11-28,丸亀,1,5,米玉利大,B2,22.50,5,,5.9616,6.6,54,5,0.196,4.125,,,0,低,58,0,-,456 56,0,34.4,0.7255,0,0,0,0,0,0,0.6667,0,,,E,,,0.3784,0.5175,,0.2589,A,62,0,◎-○軸 3着3〜4艇流し（10〜15点）,0.5777,"{'is_target': True, 'verdict': '点数絞り', 'max_combo_prob': 0.1152, 'est_top_odds': 11.6, 'circle_concentration': 80.3, 'eligible_count': 8, 'bet_adj': 0, 'reason': 'rel_win1=65.3%（本命度） / 最有力組み合わせ確率: 0.115（推定実オッズ?12倍） / 2着集中度: 上位2艇 80.3%（補正+0.04） / 総合判定確率: 0.155 / → ヒモはやや固め。上位2艇以外を切ること', 'tenji_trigger': '展示確認: 1号艇伸び良→そのまま採用。悪→飛び組に差し替え。circle_pct上位2艇に絞り込むこと。\n展示で1号艇スタート遅め(0.217秒)確認→ヒモが荒れやすい'}",,,34,両建て推奨,17.9,30.9,4,,,,,,,,,,,
2025-11-28,丸亀,1,6,貫地谷直,B1,25.00,6,,1.1354,1.4,45,14,0.2379,5.3023,,,0,低,204,0,-,6 461,0,25.4,1.6,,,,,,0.0571,0.6214,0.2643,,,D,,,0.2451,0.5725,,0.2589,A,62,0,◎-○軸 3着3〜4艇流し（10〜15点）,0.5777,"{'is_target': True, 'verdict': '点数絞り', 'max_combo_prob': 0.1152, 'est_top_odds': 11.6, 'circle_concentration': 80.3, 'eligible_count': 8, 'bet_adj': 0, 'reason': 'rel_win1=65.3%（本命度） / 最有力組み合わせ確率: 0.115（推定実オッズ?12倍） / 2着集中度: 上位2艇 80.3%（補正+0.04） / 総合判定確率: 0.155 / → ヒモはやや固め。上位2艇以外を切ること', 'tenji_trigger': '展示確認: 1号艇伸び良→そのまま採用。悪→飛び組に差し替え。circle_pct上位2艇に絞り込むこと。\n展示で1号艇スタート遅め(0.217秒)確認→ヒモが荒れやすい'}",,,34,両建て推奨,17.9,30.9,4,,,,,,,,,,,
2025-11-28,丸亀,2,1,滝沢織寧,B1,45.28,1,◎,46.206,,0,40,0.138,3.2333,,,0,低,58,0,-,5 455,0,44.3,0.5916,,,,,,0.2857,0.4286,0.2857,○⚠️,,B,,,,0.5245,,0.3548,D,31,1,大荒れ。見送り推奨,0.5777,"{'is_target': True, 'verdict': '点数絞り', 'max_combo_prob': 0.0815, 'est_top_odds': 16.4, 'circle_concentration': 74.9, 'eligible_count': 6, 'bet_adj': 0, 'reason': 'rel_win1=46.2%（本命度） / 最有力組み合わせ確率: 0.082（推定実オッズ?16倍） / 2着集中度: 上位2艇 74.9%（補正+0.04） / 総合判定確率: 0.122 / → ヒモはやや固め。上位2艇以外を切ること', 'tenji_trigger': '展示確認: 1号艇伸び良→そのまま採用。悪→飛び組に差し替え。circle_pct上位2艇に絞り込むこと。\n展示で1号艇スタート超安定(0.138秒)→ヒモ固まり方向に注意'}",,,33.7,両建て推奨,18.58,44,3,3-1-4|3-1-5|3-4-1|3-1-2|3-4-5|3-5-1|3-5-4|1-2-4|1-2-3|1-3-4|1-3-2,3-1-4|3-1-5|3-4-1|3-1-2|3-4-5|3-5-1|3-5-4|1-2-4|1-2-3|1-3-4|1-3-2|5-1-2,3-1-4:2.25%|3-1-5:1.6%|3-4-1:0.81%|3-1-2:0.81%|3-4-5:0.39%|3-5-1:0.34%|3-5-4:0.23%|1-2-4:5.19%|1-2-3:4.78%|1-3-4:4.5%|1-3-2:4.42%,3-1-4:B_main|3-1-5:B_main|3-4-1:B_main|3-1-2:B_main|3-4-5:B_main|3-5-1:B_main|3-5-4:B_main|1-2-4:A|1-2-3:A|1-3-4:A|1-3-2:A,11,12,0.4535,1,[!]見送り推奨（主役決まり手「まくり差し」― 逃げ劣勢レースで的中実績なし）,主役軸流し,B
2025-11-28,丸亀,2,2,草場康幸,B1,14.63,2,▲,15.152,40.4,83,68.8,0.1533,3.2705,,,0,低,98,0,ま0%,4 255,0,82,1.3343,0,0.069,0.069,0,0,0.21,0.02,0,,,E,◎,,0.1626,0.6715,,0.3548,D,31,1,大荒れ。見送り推奨,0.5777,"{'is_target': True, 'verdict': '点数絞り', 'max_combo_prob': 0.0815, 'est_top_odds': 16.4, 'circle_concentration': 74.9, 'eligible_count': 6, 'bet_adj': 0, 'reason': 'rel_win1=46.2%（本命度） / 最有力組み合わせ確率: 0.082（推定実オッズ?16倍） / 2着集中度: 上位2艇 74.9%（補正+0.04） / 総合判定確率: 0.122 / → ヒモはやや固め。上位2艇以外を切ること', 'tenji_trigger': '展示確認: 1号艇伸び良→そのまま採用。悪→飛び組に差し替え。circle_pct上位2艇に絞り込むこと。\n展示で1号艇スタート超安定(0.138秒)→ヒモ固まり方向に注意'}",,,33.7,両建て推奨,18.58,44,3,,,,,,,,,,,
2025-11-28,丸亀,2,3,杉山貴博,A1,50.00,3,○,22.6574,34.5,100,75.8,0.1598,2.9597,,,0,低,125,0,-,3 3215,0,46.3,0.8731,0,0,0.037,0.0741,0.037,0.0343,0.1657,0.1771,,,A,○,,0.1846,0.655,,0.3548,D,31,1,大荒れ。見送り推奨,0.5777,"{'is_target': True, 'verdict': '点数絞り', 'max_combo_prob': 0.0815, 'est_top_odds': 16.4, 'circle_concentration': 74.9, 'eligible_count': 6, 'bet_adj': 0, 'reason': 'rel_win1=46.2%（本命度） / 最有力組み合わせ確率: 0.082（推定実オッズ?16倍） / 2着集中度: 上位2艇 74.9%（補正+0.04） / 総合判定確率: 0.122 / → ヒモはやや固め。上位2艇以外を切ること', 'tenji_trigger': '展示確認: 1号艇伸び良→そのまま採用。悪→飛び組に差し替え。circle_pct上位2艇に絞り込むこと。\n展示で1号艇スタート超安定(0.138秒)→ヒモ固まり方向に注意'}",,,33.7,両建て推奨,18.58,44,3,,,,,,,,,,,
2025-11-28,丸亀,2,4,浜崎準也,B1,28.30,4,△,10.322,14.7,41,35.1,0.1719,3.1667,,,0,低,122,0,-,465 14,0,66.3,1.0826,,,,,,0.3,0.3,0,,,D,△,◎,0.1805,0.5915,0.359,0.3548,D,31,1,大荒れ。見送り推奨,0.5777,"{'is_target': True, 'verdict': '点数絞り', 'max_combo_prob': 0.0815, 'est_top_odds': 16.4, 'circle_concentration': 74.9, 'eligible_count': 6, 'bet_adj': 0, 'reason': 'rel_win1=46.2%（本命度） / 最有力組み合わせ確率: 0.082（推定実オッズ?16倍） / 2着集中度: 上位2艇 74.9%（補正+0.04） / 総合判定確率: 0.122 / → ヒモはやや固め。上位2艇以外を切ること', 'tenji_trigger': '展示確認: 1号艇伸び良→そのまま採用。悪→飛び組に差し替え。circle_pct上位2艇に絞り込むこと。\n展示で1号艇スタート超安定(0.138秒)→ヒモ固まり方向に注意'}",,,33.7,両建て推奨,18.58,44,3,,,,,,,,,,,
2025-11-28,丸亀,2,5,若狭奈美,A2,39.62,5,,4.4372,8.4,71,33.3,0.1919,3.9762,,,0,低,81,0,-,1 332,0,59.7,1.0186,,,,,,0.08,0.28,0.1,,,C,,,0.1385,0.542,,0.3548,D,31,1,大荒れ。見送り推奨,0.5777,"{'is_target': True, 'verdict': '点数絞り', 'max_combo_prob': 0.0815, 'est_top_odds': 16.4, 'circle_concentration': 74.9, 'eligible_count': 6, 'bet_adj': 0, 'reason': 'rel_win1=46.2%（本命度） / 最有力組み合わせ確率: 0.082（推定実オッズ?16倍） / 2着集中度: 上位2艇 74.9%（補正+0.04） / 総合判定確率: 0.122 / → ヒモはやや固め。上位2艇以外を切ること', 'tenji_trigger': '展示確認: 1号艇伸び良→そのまま採用。悪→飛び組に差し替え。circle_pct上位2艇に絞り込むこと。\n展示で1号艇スタート超安定(0.138秒)→ヒモ固まり方向に注意'}",,,33.7,両建て推奨,18.58,44,3,,,,,,,,,,,
2025-11-28,丸亀,2,6,盛本真輔,B1,39.66,6,,1.2255,2,17,11.5,0.2352,4.8115,,,0,低,190,0,-,2 434,0,25.9,0.5461,,,,,,0.1487,0.0211,0.2237,,,C,△,,0.135,0.596,,0.3548,D,31,1,大荒れ。見送り推奨,0.5777,"{'is_target': True, 'verdict': '点数絞り', 'max_combo_prob': 0.0815, 'est_top_odds': 16.4, 'circle_concentration': 74.9, 'eligible_count': 6, 'bet_adj': 0, 'reason': 'rel_win1=46.2%（本命度） / 最有力組み合わせ確率: 0.082（推定実オッズ?16倍） / 2着集中度: 上位2艇 74.9%（補正+0.04） / 総合判定確率: 0.122 / → ヒモはやや固め。上位2艇以外を切ること', 'tenji_trigger': '展示確認: 1号艇伸び良→そのまま採用。悪→飛び組に差し替え。circle_pct上位2艇に絞り込むこと。\n展示で1号艇スタート超安定(0.138秒)→ヒモ固まり方向に注意'}",,,33.7,両建て推奨,18.58,44,3,,,,,,,,,,,
2025-11-28,丸亀,3,1,薮内瑞希,B1,25.93,1,◎,45.7109,,0,84.9,0.1476,2.7727,,,0,低,68,0,逃1%,6 254,0,73.6,1.0529,0.6667,,,,,0.0333,0.0667,0.1833,◎,,D,△,,,0.592,,0.5326,A,65,0,◎-○軸 3着3〜4艇流し（10〜15点）,0.5777,"{'is_target': True, 'verdict': '参加推奨', 'max_combo_prob': 0.0744, 'est_top_odds': 17.9, 'circle_concentration': 85.0, 'eligible_count': 8, 'bet_adj': 2, 'reason': 'rel_win1=45.7%（本命度） / 最有力組み合わせ確率: 0.074（推定実オッズ?18倍） / 2着集中度: 上位2艇 85.0%（補正+0.04） / 総合判定確率: 0.114 / → ヒモ分散。1号艇1着固定で広めのヒモ流し推奨（買い目+2点）', 'tenji_trigger': '展示確認: ヒモ分散レース。1号艇伸び確認後、広めのヒモ流しを採用。穴ヒモ（5・6号艇）を積極的に含める。'}",,,29.5,逃げ狙い,24.34,26.9,3,,,,,0,0,0.7559,0,,逃げ軸流し,A
2025-11-28,丸亀,3,2,木谷賢太,A2,38.00,2,○,18.3883,50,76,76.4,0.152,3.5909,,,0,低,107,0,差0%,1 1232,0,46.5,0.925,0,0.25,0.0357,0,0,0.0343,0.0114,0.1957,,,A,◎,,0.3119,0.663,,0.5326,A,65,0,◎-○軸 3着3〜4艇流し（10〜15点）,0.5777,"{'is_target': True, 'verdict': '参加推奨', 'max_combo_prob': 0.0744, 'est_top_odds': 17.9, 'circle_concentration': 85.0, 'eligible_count': 8, 'bet_adj': 2, 'reason': 'rel_win1=45.7%（本命度） / 最有力組み合わせ確率: 0.074（推定実オッズ?18倍） / 2着集中度: 上位2艇 85.0%（補正+0.04） / 総合判定確率: 0.114 / → ヒモ分散。1号艇1着固定で広めのヒモ流し推奨（買い目+2点）', 'tenji_trigger': '展示確認: ヒモ分散レース。1号艇伸び確認後、広めのヒモ流しを採用。穴ヒモ（5・6号艇）を積極的に含める。'}",,,29.5,逃げ狙い,24.34,26.9,3,,,,,,,,,,,
2025-11-28,丸亀,3,3,前原大道,A1,25.93,3,▲,20.7282,35,100,92.9,0.1493,3.1905,,,0,低,90,0,差0% ま0% 差ま0%,311 33,0,91.7,1.834,0,0.0526,0.0526,0.1579,0,0,0.037,0,,,D,△,,0.2999,0.5915,,0.5326,A,65,0,◎-○軸 3着3〜4艇流し（10〜15点）,0.5777,"{'is_target': True, 'verdict': '参加推奨', 'max_combo_prob': 0.0744, 'est_top_odds': 17.9, 'circle_concentration': 85.0, 'eligible_count': 8, 'bet_adj': 2, 'reason': 'rel_win1=45.7%（本命度） / 最有力組み合わせ確率: 0.074（推定実オッズ?18倍） / 2着集中度: 上位2艇 85.0%（補正+0.04） / 総合判定確率: 0.114 / → ヒモ分散。1号艇1着固定で広めのヒモ流し推奨（買い目+2点）', 'tenji_trigger': '展示確認: ヒモ分散レース。1号艇伸び確認後、広めのヒモ流しを採用。穴ヒモ（5・6号艇）を積極的に含める。'}",,,29.5,逃げ狙い,24.34,26.9,3,,,,,,,,,,,
2025-11-28,丸亀,3,4,村上彰一,B1,18.92,4,,5.0889,11.2,92,46,0.1922,3.76,,,0,低,120,0,-,6 342,0,52.2,1.2255,,,,,,0.225,0.25,0.25,,,E,,,0.1362,0.5715,,0.5326,A,65,0,◎-○軸 3着3〜4艇流し（10〜15点）,0.5777,"{'is_target': True, 'verdict': '参加推奨', 'max_combo_prob': 0.0744, 'est_top_odds': 17.9, 'circle_concentration': 85.0, 'eligible_count': 8, 'bet_adj': 2, 'reason': 'rel_win1=45.7%（本命度） / 最有力組み合わせ確率: 0.074（推定実オッズ?18倍） / 2着集中度: 上位2艇 85.0%（補正+0.04） / 総合判定確率: 0.114 / → ヒモ分散。1号艇1着固定で広めのヒモ流し推奨（買い目+2点）', 'tenji_trigger': '展示確認: ヒモ分散レース。1号艇伸び確認後、広めのヒモ流しを採用。穴ヒモ（5・6号艇）を積極的に含める。'}",,,29.5,逃げ狙い,24.34,26.9,3,,,,,,,,,,,
2025-11-28,丸亀,3,5,三木晴斗,B1,34.04,5,△,9.0866,2.8,87,32.2,0.1605,3.339,,,0,低,97,0,-,4 126,0,35.3,1.0295,0,0,0,0,0.0455,0.095,0.195,0.155,,,B,,◎,0.269,0.5655,0.2891,0.5326,A,65,0,◎-○軸 3着3〜4艇流し（10〜15点）,0.5777,"{'is_target': True, 'verdict': '参加推奨', 'max_combo_prob': 0.0744, 'est_top_odds': 17.9, 'circle_concentration': 85.0, 'eligible_count': 8, 'bet_adj': 2, 'reason': 'rel_win1=45.7%（本命度） / 最有力組み合わせ確率: 0.074（推定実オッズ?18倍） / 2着集中度: 上位2艇 85.0%（補正+0.04） / 総合判定確率: 0.114 / → ヒモ分散。1号艇1着固定で広めのヒモ流し推奨（買い目+2点）', 'tenji_trigger': '展示確認: ヒモ分散レース。1号艇伸び確認後、広めのヒモ流しを採用。穴ヒモ（5・6号艇）を積極的に含める。'}",,,29.5,逃げ狙い,24.34,26.9,3,,,,,,,,,,,
2025-11-28,丸亀,3,6,芹澤克彦,B1,29.79,6,,0.9972,1,28,10.3,0.1736,4,,,0,低,65,0,-,1 245,0,27.2,0.7956,,,,,,0.1962,0.0952,0.0571,,,C,○,,0.2273,0.643,,0.5326,A,65,0,◎-○軸 3着3〜4艇流し（10〜15点）,0.5777,"{'is_target': True, 'verdict': '参加推奨', 'max_combo_prob': 0.0744, 'est_top_odds': 17.9, 'circle_concentration': 85.0, 'eligible_count': 8, 'bet_adj': 2, 'reason': 'rel_win1=45.7%（本命度） / 最有力組み合わせ確率: 0.074（推定実オッズ?18倍） / 2着集中度: 上位2艇 85.0%（補正+0.04） / 総合判定確率: 0.114 / → ヒモ分散。1号艇1着固定で広めのヒモ流し推奨（買い目+2点）', 'tenji_trigger': '展示確認: ヒモ分散レース。1号艇伸び確認後、広めのヒモ流しを採用。穴ヒモ（5・6号艇）を積極的に含める。'}",,,29.5,逃げ狙い,24.34,26.9,3,,,,,,,,,,,
2025-11-28,丸亀,4,1,畔柳俊吾,B1,30.77,1,○,41.3014,,0,69.8,0.2055,4.4717,,,0,低,164,0,-,333 26,0,100,2.2365,0.3043,,,,,0.287,0.2217,0.2696,,,C,△,,,0.5885,,0.1789,C,40,0,荒れ傾向。高配当狙いか見送り,0.5777,"{'is_target': False, 'verdict': '対象外', 'max_combo_prob': None, 'est_top_odds': None, 'circle_concentration': None, 'eligible_count': 0, 'bet_adj': 0, 'reason': '1号艇rel_win1 < 45%: 通常判定に委ねる', 'tenji_trigger': ''}",,,39.2,両建て推奨,22.12,42.2,2,2-1-3|2-1-4|2-3-1|2-1-5|2-3-4|2-4-1|2-4-3|1-2-4|1-2-5,2-1-3|2-1-4|2-3-1|2-1-5|2-3-4|2-4-1|2-4-3|1-2-4|6-1-3|1-2-5|5-1-6|6-1-4,2-1-3:3.72%|2-1-4:2.39%|2-3-1:1.11%|2-1-5:0.94%|2-3-4:0.57%|2-4-1:0.35%|2-4-3:0.28%|1-2-4:6.54%|1-2-5:4.37%,2-1-3:B_main|2-1-4:B_main|2-3-1:B_main|2-1-5:B_main|2-3-4:B_main|2-4-1:B_main|2-4-3:B_main|1-2-4:A|1-2-5:A,9,12,0.2915,1,[!]見送り推奨（主役決まり手「差し」― 逃げ劣勢レースで的中実績なし）,主役軸流し,B
2025-11-28,丸亀,4,2,西丸侑太,A2,54.90,2,◎,24.4135,41.8,75,76.2,0.1864,3.75,,,0,低,100,0,差0% ま0%,322 13,0,30.5,0.9229,0,0.2,0.16,0,0,0,0.1314,0.0429,,◎,A,○,,0.5808,0.6105,,0.1789,C,40,0,荒れ傾向。高配当狙いか見送り,0.5777,"{'is_target': False, 'verdict': '対象外', 'max_combo_prob': None, 'est_top_odds': None, 'circle_concentration': None, 'eligible_count': 0, 'bet_adj': 0, 'reason': '1号艇rel_win1 < 45%: 通常判定に委ねる', 'tenji_trigger': ''}",,,39.2,両建て推奨,22.12,42.2,2,,,,,,,,,,,
2025-11-28,丸亀,4,3,木村光宏,B1,20.93,3,,11.9811,17.8,100,53.1,0.1851,3.602,,,0,低,99,0,差0% ま0%,3 162,0,25.4,0.9117,0,0.0385,0.0385,0,0,0.3952,0.3571,0.0571,,,E,◎,,0.4179,0.6335,,0.1789,C,40,0,荒れ傾向。高配当狙いか見送り,0.5777,"{'is_target': False, 'verdict': '対象外', 'max_combo_prob': None, 'est_top_odds': None, 'circle_concentration': None, 'eligible_count': 0, 'bet_adj': 0, 'reason': '1号艇rel_win1 < 45%: 通常判定に委ねる', 'tenji_trigger': ''}",,,39.2,両建て推奨,22.12,42.2,2,,,,,,,,,,,
2025-11-28,丸亀,4,4,安河内将,A1,43.14,4,▲,15.9575,32.2,79,76.4,0.1507,2.8636,,,0,低,99,0,ま0% 差ま0% 抜0%,14111,0,82.8,1.6866,0,0,0.0909,0.1364,0.0455,0.0781,0.0781,0.0781,,○,B,◎,◎,0.5245,0.6335,0.4928,0.1789,C,40,0,荒れ傾向。高配当狙いか見送り,0.5777,"{'is_target': False, 'verdict': '対象外', 'max_combo_prob': None, 'est_top_odds': None, 'circle_concentration': None, 'eligible_count': 0, 'bet_adj': 0, 'reason': '1号艇rel_win1 < 45%: 通常判定に委ねる', 'tenji_trigger': ''}",,,39.2,両建て推奨,22.12,42.2,2,,,,,,,,,,,
2025-11-28,丸亀,4,5,平川香織,B1,17.78,5,,5.276,3.3,93,25,0.2011,4.4643,,,0,低,85,0,-,236 21,0,60.6,1.4205,,,,,,0.075,0.075,0.275,,,E,,,0.3569,0.56,,0.1789,C,40,0,荒れ傾向。高配当狙いか見送り,0.5777,"{'is_target': False, 'verdict': '対象外', 'max_combo_prob': None, 'est_top_odds': None, 'circle_concentration': None, 'eligible_count': 0, 'bet_adj': 0, 'reason': '1号艇rel_win1 < 45%: 通常判定に委ねる', 'tenji_trigger': ''}",,,39.2,両建て推奨,22.12,42.2,2,,,,,,,,,,,
2025-11-28,丸亀,4,6,北川幸典,B1,33.33,6,△,1.0704,4.9,58,22.9,0.1734,3.6857,,,0,低,79,0,-,F16 6,0,29.5,0.8344,,,,,,0.3125,0.125,0.1875,,△,C,△,,0.4454,0.5995,,0.1789,C,40,0,荒れ傾向。高配当狙いか見送り,0.5777,"{'is_target': False, 'verdict': '対象外', 'max_combo_prob': None, 'est_top_odds': None, 'circle_concentration': None, 'eligible_count': 0, 'bet_adj': 0, 'reason': '1号艇rel_win1 < 45%: 通常判定に委ねる', 'tenji_trigger': ''}",,,39.2,両建て推奨,22.12,42.2,2,,,,,,,,,,,
2025-11-28,丸亀,5,1,森　雄利,B2,26.19,1,◎,55.0788,,0,50,0.105,2.25,,,0,低,68,1,逃0%,462 56,0,70.7,0.7291,0.5,,,,,0.25,0.25,0,◎⚠️,,C,△,,,0.61,,0.6228,C,44,0,荒れ傾向。高配当狙いか見送り,0.5777,"{'is_target': True, 'verdict': '点数絞り', 'max_combo_prob': 0.1053, 'est_top_odds': 12.7, 'circle_concentration': 83.4, 'eligible_count': 6, 'bet_adj': 0, 'reason': 'rel_win1=55.1%（本命度） / 最有力組み合わせ確率: 0.105（推定実オッズ?13倍） / 2着集中度: 上位2艇 83.4%（補正+0.04） / 総合判定確率: 0.145 / → ヒモはやや固め。上位2艇以外を切ること', 'tenji_trigger': '展示確認: 1号艇伸び良→そのまま採用。悪→飛び組に差し替え。circle_pct上位2艇に絞り込むこと。\n展示で1号艇スタート超安定(0.105秒)→ヒモ固まり方向に注意'}",,,27.9,両建て推奨,10.62,34,2,4-5-6|4-5-2|4-3-5|4-2-5|4-5-1|4-3-6|4-2-6|4-1-2|4-1-3|1-2-4|1-2-3|1-3-4,4-5-6|4-5-2|4-3-5|4-2-5|4-5-1|4-3-6|4-2-6|4-1-2|4-1-3|1-2-4|1-2-3|1-3-4,4-5-6:1.63%|4-5-2:1.24%|4-3-5:1.23%|4-2-5:1.05%|4-5-1:1.02%|4-3-6:0.7%|4-2-6:0.59%|4-1-2:10.25%|4-1-3:7.19%|1-2-4:7.11%|1-2-3:4.71%|1-3-4:4.5%,4-5-6:B_main|4-5-2:B_main|4-3-5:B_main|4-2-5:B_main|4-5-1:B_main|4-3-6:B_main|4-2-6:B_main|4-1-2:B_sc|4-1-3:B_sc|1-2-4:A|1-2-3:A|1-3-4:A,12,12,0.4535,1,[!]見送り推奨（主役決まり手「まくり」― 逃げ劣勢レースで的中実績なし）,主役軸流し,B
2025-11-28,丸亀,5,2,田川大貴,A2,23.21,2,△,14.4061,53.7,66,70,0.141,2.9667,,,0,低,91,0,差1%,342 65,0,71.8,0.6719,0,0.1562,0.0312,0,0,0.1434,0.0774,0.1003,,,D,△,,0.0835,0.616,,0.6228,C,44,0,荒れ傾向。高配当狙いか見送り,0.5777,"{'is_target': True, 'verdict': '点数絞り', 'max_combo_prob': 0.1053, 'est_top_odds': 12.7, 'circle_concentration': 83.4, 'eligible_count': 6, 'bet_adj': 0, 'reason': 'rel_win1=55.1%（本命度） / 最有力組み合わせ確率: 0.105（推定実オッズ?13倍） / 2着集中度: 上位2艇 83.4%（補正+0.04） / 総合判定確率: 0.145 / → ヒモはやや固め。上位2艇以外を切ること', 'tenji_trigger': '展示確認: 1号艇伸び良→そのまま採用。悪→飛び組に差し替え。circle_pct上位2艇に絞り込むこと。\n展示で1号艇スタート超安定(0.105秒)→ヒモ固まり方向に注意'}",,,27.9,両建て推奨,10.62,34,2,,,,,,,,,,,
2025-11-28,丸亀,5,3,宮地秀祈,B1,34.04,3,▲,9.7892,29.7,82,48.1,0.1767,3.7115,,,0,低,145,0,-,552 55,0,54.7,0.9558,0,0,0.0333,0,0.0333,0.2914,0.2714,0.06,,,B,,,0.103,0.6005,,0.6228,C,44,0,荒れ傾向。高配当狙いか見送り,0.5777,"{'is_target': True, 'verdict': '点数絞り', 'max_combo_prob': 0.1053, 'est_top_odds': 12.7, 'circle_concentration': 83.4, 'eligible_count': 6, 'bet_adj': 0, 'reason': 'rel_win1=55.1%（本命度） / 最有力組み合わせ確率: 0.105（推定実オッズ?13倍） / 2着集中度: 上位2艇 83.4%（補正+0.04） / 総合判定確率: 0.145 / → ヒモはやや固め。上位2艇以外を切ること', 'tenji_trigger': '展示確認: 1号艇伸び良→そのまま採用。悪→飛び組に差し替え。circle_pct上位2艇に絞り込むこと。\n展示で1号艇スタート超安定(0.105秒)→ヒモ固まり方向に注意'}",,,27.9,両建て推奨,10.62,34,2,,,,,,,,,,,
2025-11-28,丸亀,5,4,北川潤二,A1,42.59,4,○,14.6964,14.8,100,55.9,0.1297,2.2712,,,0,低,54,0,差0% ま0%,23161,0,62.7,0.8738,0,0.0303,0.0909,0,0,0.0848,0.1348,0.0435,,,A,◎,◎,0.2045,0.673,0.427,0.6228,C,44,0,荒れ傾向。高配当狙いか見送り,0.5777,"{'is_target': True, 'verdict': '点数絞り', 'max_combo_prob': 0.1053, 'est_top_odds': 12.7, 'circle_concentration': 83.4, 'eligible_count': 6, 'bet_adj': 0, 'reason': 'rel_win1=55.1%（本命度） / 最有力組み合わせ確率: 0.105（推定実オッズ?13倍） / 2着集中度: 上位2艇 83.4%（補正+0.04） / 総合判定確率: 0.145 / → ヒモはやや固め。上位2艇以外を切ること', 'tenji_trigger': '展示確認: 1号艇伸び良→そのまま採用。悪→飛び組に差し替え。circle_pct上位2艇に絞り込むこと。\n展示で1号艇スタート超安定(0.105秒)→ヒモ固まり方向に注意'}",,,27.9,両建て推奨,10.62,34,2,,,,,,,,,,,
2025-11-28,丸亀,5,5,安田政彦,A2,22.50,5,,4.8897,1,71,18.2,0.2086,4.4659,,,0,低,147,0,-,4 544,0,35.2,1.105,0,0,0,0.04,0,0.2188,0.3285,0.1918,,,E,,,0.1067,0.5665,,0.6228,C,44,0,荒れ傾向。高配当狙いか見送り,0.5777,"{'is_target': True, 'verdict': '点数絞り', 'max_combo_prob': 0.1053, 'est_top_odds': 12.7, 'circle_concentration': 83.4, 'eligible_count': 6, 'bet_adj': 0, 'reason': 'rel_win1=55.1%（本命度） / 最有力組み合わせ確率: 0.105（推定実オッズ?13倍） / 2着集中度: 上位2艇 83.4%（補正+0.04） / 総合判定確率: 0.145 / → ヒモはやや固め。上位2艇以外を切ること', 'tenji_trigger': '展示確認: 1号艇伸び良→そのまま採用。悪→飛び組に差し替え。circle_pct上位2艇に絞り込むこと。\n展示で1号艇スタート超安定(0.105秒)→ヒモ固まり方向に注意'}",,,27.9,両建て推奨,10.62,34,2,,,,,,,,,,,
2025-11-28,丸亀,5,6,信濃由行,B1,23.26,6,,1.1399,0.8,28,8.7,0.2063,4.4022,,,0,低,146,0,-,261 65,0,26.1,0.5461,,,,,,0.0348,0.0696,0.3096,,,D,○,,0.1388,0.6165,,0.6228,C,44,0,荒れ傾向。高配当狙いか見送り,0.5777,"{'is_target': True, 'verdict': '点数絞り', 'max_combo_prob': 0.1053, 'est_top_odds': 12.7, 'circle_concentration': 83.4, 'eligible_count': 6, 'bet_adj': 0, 'reason': 'rel_win1=55.1%（本命度） / 最有力組み合わせ確率: 0.105（推定実オッズ?13倍） / 2着集中度: 上位2艇 83.4%（補正+0.04） / 総合判定確率: 0.145 / → ヒモはやや固め。上位2艇以外を切ること', 'tenji_trigger': '展示確認: 1号艇伸び良→そのまま採用。悪→飛び組に差し替え。circle_pct上位2艇に絞り込むこと。\n展示で1号艇スタート超安定(0.105秒)→ヒモ固まり方向に注意'}",,,27.9,両建て推奨,10.62,34,2,,,,,,,,,,,
2025-11-28,丸亀,6,1,鶴田勇雄,A2,37.25,1,◎,51.151,,0,92.4,0.1711,3.1456,,,0,低,167,0,-,5 4543,0,61.8,0.9753,0.4839,,,,,0.0258,0.3819,0.0387,○,,B,△,,,0.609,,0.4052,A,77,0,◎-○軸 3着3〜4艇流し（10〜15点）,0.5777,"{'is_target': True, 'verdict': '参加推奨', 'max_combo_prob': 0.0673, 'est_top_odds': 19.8, 'circle_concentration': 61.2, 'eligible_count': 8, 'bet_adj': 2, 'reason': 'rel_win1=51.2%（本命度） / 最有力組み合わせ確率: 0.067（推定実オッズ?20倍） / 2着集中度: 上位2艇 61.2%（補正+0.00） / 総合判定確率: 0.067 / → ヒモ分散。1号艇1着固定で広めのヒモ流し推奨（買い目+2点）', 'tenji_trigger': '展示確認: ヒモ分散レース。1号艇伸び確認後、広めのヒモ流しを採用。穴ヒモ（5・6号艇）を積極的に含める。'}",,,30.8,逃げ狙い,22.22,32.4,5,,,,,0,0,0.6155,0,,逃げ軸流し,A
2025-11-28,丸亀,6,2,西舘　健,A2,42.00,2,○,15.7811,38.6,100,65.2,0.1641,3.3333,,,0,低,130,0,差0%,2 252S,0,49.9,1.0902,0,0.037,0,0,0,0.0895,0.1581,0.1124,,,A,,,0.3805,0.6065,,0.4052,A,77,0,◎-○軸 3着3〜4艇流し（10〜15点）,0.5777,"{'is_target': True, 'verdict': '参加推奨', 'max_combo_prob': 0.0673, 'est_top_odds': 19.8, 'circle_concentration': 61.2, 'eligible_count': 8, 'bet_adj': 2, 'reason': 'rel_win1=51.2%（本命度） / 最有力組み合わせ確率: 0.067（推定実オッズ?20倍） / 2着集中度: 上位2艇 61.2%（補正+0.00） / 総合判定確率: 0.067 / → ヒモ分散。1号艇1着固定で広めのヒモ流し推奨（買い目+2点）', 'tenji_trigger': '展示確認: ヒモ分散レース。1号艇伸び確認後、広めのヒモ流しを採用。穴ヒモ（5・6号艇）を積極的に含める。'}",,,30.8,逃げ狙い,22.22,32.4,5,,,,,,,,,,,
2025-11-28,丸亀,6,3,神里琴音,B1,19.51,3,,10.1219,18.1,46,32.7,0.1498,3.2019,,,0,低,61,0,差0% ま0%,543 13,0,29.4,0.7519,0,0.037,0.1481,0,0,0.0267,0.6633,0.0267,,○,E,◎,,0.4529,0.674,,0.4052,A,77,0,◎-○軸 3着3〜4艇流し（10〜15点）,0.5777,"{'is_target': True, 'verdict': '参加推奨', 'max_combo_prob': 0.0673, 'est_top_odds': 19.8, 'circle_concentration': 61.2, 'eligible_count': 8, 'bet_adj': 2, 'reason': 'rel_win1=51.2%（本命度） / 最有力組み合わせ確率: 0.067（推定実オッズ?20倍） / 2着集中度: 上位2艇 61.2%（補正+0.00） / 総合判定確率: 0.067 / → ヒモ分散。1号艇1着固定で広めのヒモ流し推奨（買い目+2点）', 'tenji_trigger': '展示確認: ヒモ分散レース。1号艇伸び確認後、広めのヒモ流しを採用。穴ヒモ（5・6号艇）を積極的に含める。'}",,,30.8,逃げ狙い,22.22,32.4,5,,,,,,,,,,,
2025-11-28,丸亀,6,4,大西隆洋,B1,31.91,4,▲,5.6092,22.6,61,40,0.1445,2.9818,,,0,低,103,0,-,155 46,0,35.1,0.7681,,,,,,0.3077,0.0769,0.3077,,◎,C,,,0.4711,0.6055,,0.4052,A,77,0,◎-○軸 3着3〜4艇流し（10〜15点）,0.5777,"{'is_target': True, 'verdict': '参加推奨', 'max_combo_prob': 0.0673, 'est_top_odds': 19.8, 'circle_concentration': 61.2, 'eligible_count': 8, 'bet_adj': 2, 'reason': 'rel_win1=51.2%（本命度） / 最有力組み合わせ確率: 0.067（推定実オッズ?20倍） / 2着集中度: 上位2艇 61.2%（補正+0.00） / 総合判定確率: 0.067 / → ヒモ分散。1号艇1着固定で広めのヒモ流し推奨（買い目+2点）', 'tenji_trigger': '展示確認: ヒモ分散レース。1号艇伸び確認後、広めのヒモ流しを採用。穴ヒモ（5・6号艇）を積極的に含める。'}",,,30.8,逃げ狙い,22.22,32.4,5,,,,,,,,,,,
2025-11-28,丸亀,6,5,山口達也,A1,26.19,5,△,16.358,19.8,54,59.3,0.1611,3.1481,,,0,低,66,0,ま0% 差ま0%,363 11,0,99.8,1.9721,0,0,0.0833,0.1667,0,0,0.1154,0.1154,,△,D,△,◎,0.4061,0.625,0.4594,0.4052,A,77,0,◎-○軸 3着3〜4艇流し（10〜15点）,0.5777,"{'is_target': True, 'verdict': '参加推奨', 'max_combo_prob': 0.0673, 'est_top_odds': 19.8, 'circle_concentration': 61.2, 'eligible_count': 8, 'bet_adj': 2, 'reason': 'rel_win1=51.2%（本命度） / 最有力組み合わせ確率: 0.067（推定実オッズ?20倍） / 2着集中度: 上位2艇 61.2%（補正+0.00） / 総合判定確率: 0.067 / → ヒモ分散。1号艇1着固定で広めのヒモ流し推奨（買い目+2点）', 'tenji_trigger': '展示確認: ヒモ分散レース。1号艇伸び確認後、広めのヒモ流しを採用。穴ヒモ（5・6号艇）を積極的に含める。'}",,,30.8,逃げ狙い,22.22,32.4,5,,,,,,,,,,,
2025-11-28,丸亀,6,6,廣中良一,B1,27.45,6,,0.9789,0.9,18,6.5,0.2422,5.4565,,,0,低,151,0,-,4 566,0,24.5,0.8222,,,,,,0.1581,0.0762,0.1771,,,D,○,,0.1914,0.6395,,0.4052,A,77,0,◎-○軸 3着3〜4艇流し（10〜15点）,0.5777,"{'is_target': True, 'verdict': '参加推奨', 'max_combo_prob': 0.0673, 'est_top_odds': 19.8, 'circle_concentration': 61.2, 'eligible_count': 8, 'bet_adj': 2, 'reason': 'rel_win1=51.2%（本命度） / 最有力組み合わせ確率: 0.067（推定実オッズ?20倍） / 2着集中度: 上位2艇 61.2%（補正+0.00） / 総合判定確率: 0.067 / → ヒモ分散。1号艇1着固定で広めのヒモ流し推奨（買い目+2点）', 'tenji_trigger': '展示確認: ヒモ分散レース。1号艇伸び確認後、広めのヒモ流しを採用。穴ヒモ（5・6号艇）を積極的に含める。'}",,,30.8,逃げ狙い,22.22,32.4,5,,,,,,,,,,,
2025-11-28,丸亀,7,1,大場　敏,A2,29.09,1,◎,52.0028,,0,86.9,0.1417,2.8214,,,0,低,93,0,逃0%,543 34,0,81.4,1.085,0.6667,,,,,0.0933,0.1756,0.0111,◎,,C,◎,,,0.7095,,0.5348,S,80,0,◎1着固定 2-3着流し（5〜8点）,0.5777,"{'is_target': True, 'verdict': '点数絞り', 'max_combo_prob': 0.08, 'est_top_odds': 16.7, 'circle_concentration': 76.9, 'eligible_count': 6, 'bet_adj': 0, 'reason': 'rel_win1=52.0%（本命度） / 最有力組み合わせ確率: 0.080（推定実オッズ?17倍） / 2着集中度: 上位2艇 76.9%（補正+0.04） / 総合判定確率: 0.120 / → ヒモはやや固め。上位2艇以外を切ること', 'tenji_trigger': '展示確認: 1号艇伸び良→そのまま採用。悪→飛び組に差し替え。circle_pct上位2艇に絞り込むこと。'}",,,30.2,逃げ狙い,25.03,28.3,2,,,,,0,0,0.7559,0,,逃げ軸流し,A
2025-11-28,丸亀,7,2,松田大志,A1,39.62,2,○,28.8205,44,88,86.5,0.161,3.8654,,,0,低,125,0,差0% 抜0%,212 11,0,58.5,1.2074,0,0.2381,0.1429,0,0.1429,0.0948,0.0273,0.113,,,A,△,,0.1742,0.631,,0.5348,S,80,0,◎1着固定 2-3着流し（5〜8点）,0.5777,"{'is_target': True, 'verdict': '点数絞り', 'max_combo_prob': 0.08, 'est_top_odds': 16.7, 'circle_concentration': 76.9, 'eligible_count': 6, 'bet_adj': 0, 'reason': 'rel_win1=52.0%（本命度） / 最有力組み合わせ確率: 0.080（推定実オッズ?17倍） / 2着集中度: 上位2艇 76.9%（補正+0.04） / 総合判定確率: 0.120 / → ヒモはやや固め。上位2艇以外を切ること', 'tenji_trigger': '展示確認: 1号艇伸び良→そのまま採用。悪→飛び組に差し替え。circle_pct上位2艇に絞り込むこと。'}",,,30.2,逃げ狙い,25.03,28.3,2,,,,,,,,,,,
2025-11-28,丸亀,7,3,峰重力也,B1,32.69,3,▲,9.1513,32.9,82,58.5,0.1236,2.4906,,,0,低,41,0,-,6 166,0,43.3,1.094,0,0.0417,0.125,0.0833,0,0.0211,0.1699,0.1699,,◎,B,○,,0.415,0.677,,0.5348,S,80,0,◎1着固定 2-3着流し（5〜8点）,0.5777,"{'is_target': True, 'verdict': '点数絞り', 'max_combo_prob': 0.08, 'est_top_odds': 16.7, 'circle_concentration': 76.9, 'eligible_count': 6, 'bet_adj': 0, 'reason': 'rel_win1=52.0%（本命度） / 最有力組み合わせ確率: 0.080（推定実オッズ?17倍） / 2着集中度: 上位2艇 76.9%（補正+0.04） / 総合判定確率: 0.120 / → ヒモはやや固め。上位2艇以外を切ること', 'tenji_trigger': '展示確認: 1号艇伸び良→そのまま採用。悪→飛び組に差し替え。circle_pct上位2艇に絞り込むこと。'}",,,30.2,逃げ狙い,25.03,28.3,2,,,,,,,,,,,
2025-11-28,丸亀,7,4,薮内瑞希,B1,25.93,4,,3.3692,10.2,63,17.6,0.19,3.5882,,,0,低,68,0,-,6 254,0,42.1,1.0526,,,,,,0.0333,0.0667,0.1833,,,D,,,0.1617,0.592,,0.5348,S,80,0,◎1着固定 2-3着流し（5〜8点）,0.5777,"{'is_target': True, 'verdict': '点数絞り', 'max_combo_prob': 0.08, 'est_top_odds': 16.7, 'circle_concentration': 76.9, 'eligible_count': 6, 'bet_adj': 0, 'reason': 'rel_win1=52.0%（本命度） / 最有力組み合わせ確率: 0.080（推定実オッズ?17倍） / 2着集中度: 上位2艇 76.9%（補正+0.04） / 総合判定確率: 0.120 / → ヒモはやや固め。上位2艇以外を切ること', 'tenji_trigger': '展示確認: 1号艇伸び良→そのまま採用。悪→飛び組に差し替え。circle_pct上位2艇に絞り込むこと。'}",,,30.2,逃げ狙い,25.03,28.3,2,,,,,,,,,,,
2025-11-28,丸亀,7,5,原田篤志,A1,29.41,5,△,5.7916,10.3,100,58.5,0.1863,3.9756,,,0,低,122,0,抜0%,15133,0,88.6,1.5779,0,0,0,0,0.1111,0.02,0.125,0.02,,,C,,,0.1944,0.5685,,0.5348,S,80,0,◎1着固定 2-3着流し（5〜8点）,0.5777,"{'is_target': True, 'verdict': '点数絞り', 'max_combo_prob': 0.08, 'est_top_odds': 16.7, 'circle_concentration': 76.9, 'eligible_count': 6, 'bet_adj': 0, 'reason': 'rel_win1=52.0%（本命度） / 最有力組み合わせ確率: 0.080（推定実オッズ?17倍） / 2着集中度: 上位2艇 76.9%（補正+0.04） / 総合判定確率: 0.120 / → ヒモはやや固め。上位2艇以外を切ること', 'tenji_trigger': '展示確認: 1号艇伸び良→そのまま採用。悪→飛び組に差し替え。circle_pct上位2艇に絞り込むこと。'}",,,30.2,逃げ狙い,25.03,28.3,2,,,,,,,,,,,
2025-11-28,丸亀,7,6,草場康幸,B1,14.63,6,,0.8646,2.6,41,23.1,0.1685,3.6154,,,0,低,98,0,-,4 255,0,28.4,0.7869,,,,,,0.21,0.02,0,,,E,△,,0.2511,0.6715,,0.5348,S,80,0,◎1着固定 2-3着流し（5〜8点）,0.5777,"{'is_target': True, 'verdict': '点数絞り', 'max_combo_prob': 0.08, 'est_top_odds': 16.7, 'circle_concentration': 76.9, 'eligible_count': 6, 'bet_adj': 0, 'reason': 'rel_win1=52.0%（本命度） / 最有力組み合わせ確率: 0.080（推定実オッズ?17倍） / 2着集中度: 上位2艇 76.9%（補正+0.04） / 総合判定確率: 0.120 / → ヒモはやや固め。上位2艇以外を切ること', 'tenji_trigger': '展示確認: 1号艇伸び良→そのまま採用。悪→飛び組に差し替え。circle_pct上位2艇に絞り込むこと。'}",,,30.2,逃げ狙い,25.03,28.3,2,,,,,,,,,,,
2025-11-28,丸亀,8,1,中山雄太,A1,29.09,1,◎,70.8456,,0,90.8,0.1305,2.4868,,,0,低,75,0,逃0%,2 5522,0,78.5,1.1724,0.6923,,,,,0.0385,0.0769,0.1154,◎,,D,◎,,,0.671,,0.705,S,86,0,◎1着固定 2-3着流し（5〜8点）,0.5777,"{'is_target': True, 'verdict': '点数絞り', 'max_combo_prob': 0.1429, 'est_top_odds': 9.3, 'circle_concentration': 75.6, 'eligible_count': 6, 'bet_adj': 0, 'reason': 'rel_win1=70.8%（本命度） / 最有力組み合わせ確率: 0.143（推定実オッズ?9倍） / 2着集中度: 上位2艇 75.6%（補正+0.04） / 総合判定確率: 0.183 / → ヒモはやや固め。上位2艇以外を切ること', 'tenji_trigger': '展示確認: 1号艇伸び良→そのまま採用。悪→飛び組に差し替え。circle_pct上位2艇に絞り込むこと。\n展示で1号艇スタート超安定(0.131秒)→ヒモ固まり方向に注意'}",,,25.8,逃げ狙い,13.44,25.7,2,,,,,0,0,0.7559,0,,逃げ軸流し,A
2025-11-28,丸亀,8,2,岡本慎治,A2,25.49,2,,10.7941,48.4,100,73.1,0.1617,3.4712,,,0,低,107,0,-,666 44,0,100,2.0347,0,0.0952,0.1429,0,0,0.4053,0.0421,0.2132,,,E,○,,0.0775,0.611,,0.705,S,86,0,◎1着固定 2-3着流し（5〜8点）,0.5777,"{'is_target': True, 'verdict': '点数絞り', 'max_combo_prob': 0.1429, 'est_top_odds': 9.3, 'circle_concentration': 75.6, 'eligible_count': 6, 'bet_adj': 0, 'reason': 'rel_win1=70.8%（本命度） / 最有力組み合わせ確率: 0.143（推定実オッズ?9倍） / 2着集中度: 上位2艇 75.6%（補正+0.04） / 総合判定確率: 0.183 / → ヒモはやや固め。上位2艇以外を切ること', 'tenji_trigger': '展示確認: 1号艇伸び良→そのまま採用。悪→飛び組に差し替え。circle_pct上位2艇に絞り込むこと。\n展示で1号艇スタート超安定(0.131秒)→ヒモ固まり方向に注意'}",,,25.8,逃げ狙い,13.44,25.7,2,,,,,,,,,,,
2025-11-28,丸亀,8,3,眞鳥康太,B1,31.58,3,△,8.0728,16.8,68,43.1,0.1578,3.6765,,,0,低,138,0,ま0% 差ま0%,363 35,0,28.7,0.8242,0,0,0.0556,0.1111,0,0.0444,0.2444,0.0444,,,C,,,0.1659,0.5595,,0.705,S,86,0,◎1着固定 2-3着流し（5〜8点）,0.5777,"{'is_target': True, 'verdict': '点数絞り', 'max_combo_prob': 0.1429, 'est_top_odds': 9.3, 'circle_concentration': 75.6, 'eligible_count': 6, 'bet_adj': 0, 'reason': 'rel_win1=70.8%（本命度） / 最有力組み合わせ確率: 0.143（推定実オッズ?9倍） / 2着集中度: 上位2艇 75.6%（補正+0.04） / 総合判定確率: 0.183 / → ヒモはやや固め。上位2艇以外を切ること', 'tenji_trigger': '展示確認: 1号艇伸び良→そのまま採用。悪→飛び組に差し替え。circle_pct上位2艇に絞り込むこと。\n展示で1号艇スタート超安定(0.131秒)→ヒモ固まり方向に注意'}",,,25.8,逃げ狙い,13.44,25.7,2,,,,,,,,,,,
2025-11-28,丸亀,8,4,若狭奈美,A2,39.62,4,○,7.493,27.2,85,67.7,0.1706,3.5645,,,0,低,81,0,-,1 332,0,30,0.6217,0,0.0769,0.0769,0,0,0.08,0.28,0.1,,,B,,,0.1411,0.542,,0.705,S,86,0,◎1着固定 2-3着流し（5〜8点）,0.5777,"{'is_target': True, 'verdict': '点数絞り', 'max_combo_prob': 0.1429, 'est_top_odds': 9.3, 'circle_concentration': 75.6, 'eligible_count': 6, 'bet_adj': 0, 'reason': 'rel_win1=70.8%（本命度） / 最有力組み合わせ確率: 0.143（推定実オッズ?9倍） / 2着集中度: 上位2艇 75.6%（補正+0.04） / 総合判定確率: 0.183 / → ヒモはやや固め。上位2艇以外を切ること', 'tenji_trigger': '展示確認: 1号艇伸び良→そのまま採用。悪→飛び組に差し替え。circle_pct上位2艇に絞り込むこと。\n展示で1号艇スタート超安定(0.131秒)→ヒモ固まり方向に注意'}",,,25.8,逃げ狙い,13.44,25.7,2,,,,,,,,,,,
2025-11-28,丸亀,8,5,西村秀樹,B1,32.14,5,,1.7533,2.4,21,2,0.1742,3.92,,,0,低,122,0,-,2 543,0,23.8,0.6148,,,,,,0.25,0.1875,0.3125,,,C,△,,0.1727,0.6095,,0.705,S,86,0,◎1着固定 2-3着流し（5〜8点）,0.5777,"{'is_target': True, 'verdict': '点数絞り', 'max_combo_prob': 0.1429, 'est_top_odds': 9.3, 'circle_concentration': 75.6, 'eligible_count': 6, 'bet_adj': 0, 'reason': 'rel_win1=70.8%（本命度） / 最有力組み合わせ確率: 0.143（推定実オッズ?9倍） / 2着集中度: 上位2艇 75.6%（補正+0.04） / 総合判定確率: 0.183 / → ヒモはやや固め。上位2艇以外を切ること', 'tenji_trigger': '展示確認: 1号艇伸び良→そのまま採用。悪→飛び組に差し替え。circle_pct上位2艇に絞り込むこと。\n展示で1号艇スタート超安定(0.131秒)→ヒモ固まり方向に注意'}",,,25.8,逃げ狙い,13.44,25.7,2,,,,,,,,,,,
2025-11-28,丸亀,8,6,三木晴斗,B1,34.04,6,▲,1.0412,5.2,30,24.1,0.15,3.1204,,,0,低,97,0,-,4 126,0,23.6,0.7706,,,,,,0.095,0.195,0.155,,,B,△,,0.248,0.5655,,0.705,S,86,0,◎1着固定 2-3着流し（5〜8点）,0.5777,"{'is_target': True, 'verdict': '点数絞り', 'max_combo_prob': 0.1429, 'est_top_odds': 9.3, 'circle_concentration': 75.6, 'eligible_count': 6, 'bet_adj': 0, 'reason': 'rel_win1=70.8%（本命度） / 最有力組み合わせ確率: 0.143（推定実オッズ?9倍） / 2着集中度: 上位2艇 75.6%（補正+0.04） / 総合判定確率: 0.183 / → ヒモはやや固め。上位2艇以外を切ること', 'tenji_trigger': '展示確認: 1号艇伸び良→そのまま採用。悪→飛び組に差し替え。circle_pct上位2艇に絞り込むこと。\n展示で1号艇スタート超安定(0.131秒)→ヒモ固まり方向に注意'}",,,25.8,逃げ狙い,13.44,25.7,2,,,,,,,,,,,
2025-11-28,丸亀,9,1,山田哲也,A1,29.41,1,◎,66.6498,,0,94.8,0.1231,2.4052,,,0,低,17,0,逃1%,226122,0,92.2,1.2362,0.7037,,,,,0.1046,0.1194,0.0898,◎,,C,◎,,,0.8045,,0.7385,S,100,0,◎1着固定 2-3着流し（5〜8点）,0.5777,"{'is_target': True, 'verdict': '参加推奨', 'max_combo_prob': 0.0738, 'est_top_odds': 18.1, 'circle_concentration': 70.8, 'eligible_count': 6, 'bet_adj': 2, 'reason': 'rel_win1=66.6%（本命度） / 最有力組み合わせ確率: 0.074（推定実オッズ?18倍） / 2着集中度: 上位2艇 70.8%（補正+0.04） / 総合判定確率: 0.114 / → ヒモ分散。1号艇1着固定で広めのヒモ流し推奨（買い目+2点）', 'tenji_trigger': '展示確認: ヒモ分散レース。1号艇伸び確認後、広めのヒモ流しを採用。穴ヒモ（5・6号艇）を積極的に含める。\n展示で1号艇スタート超安定(0.123秒)→ヒモ固まり方向に注意'}",,,26.7,逃げ狙い,14.99,27.1,3,,,,,0,0,0.7559,0,,逃げ軸流し,A
2025-11-28,丸亀,9,2,芹澤克彦,B1,29.79,2,○,11.2929,40.5,58,52.8,0.1358,2.9623,,,0,低,65,0,差0% ま0% 抜0%,1 245,0,33.8,0.8691,0,0.1071,0.0357,0,0.0357,0.1962,0.0952,0.0571,,,B,○,,0.1949,0.643,,0.7385,S,100,0,◎1着固定 2-3着流し（5〜8点）,0.5777,"{'is_target': True, 'verdict': '参加推奨', 'max_combo_prob': 0.0738, 'est_top_odds': 18.1, 'circle_concentration': 70.8, 'eligible_count': 6, 'bet_adj': 2, 'reason': 'rel_win1=66.6%（本命度） / 最有力組み合わせ確率: 0.074（推定実オッズ?18倍） / 2着集中度: 上位2艇 70.8%（補正+0.04） / 総合判定確率: 0.114 / → ヒモ分散。1号艇1着固定で広めのヒモ流し推奨（買い目+2点）', 'tenji_trigger': '展示確認: ヒモ分散レース。1号艇伸び確認後、広めのヒモ流しを採用。穴ヒモ（5・6号艇）を積極的に含める。\n展示で1号艇スタート超安定(0.123秒)→ヒモ固まり方向に注意'}",,,26.7,逃げ狙い,14.99,27.1,3,,,,,,,,,,,
2025-11-28,丸亀,9,3,滝川真由,B1,18.18,3,,10.5492,30.3,100,65.4,0.1492,2.5962,,,0,低,60,0,差ま0%,154 45,0,34.4,0.9442,0,0,0,0.125,0,0.2333,0.2667,0.0333,,,E,,,0.1767,0.612,,0.7385,S,100,0,◎1着固定 2-3着流し（5〜8点）,0.5777,"{'is_target': True, 'verdict': '参加推奨', 'max_combo_prob': 0.0738, 'est_top_odds': 18.1, 'circle_concentration': 70.8, 'eligible_count': 6, 'bet_adj': 2, 'reason': 'rel_win1=66.6%（本命度） / 最有力組み合わせ確率: 0.074（推定実オッズ?18倍） / 2着集中度: 上位2艇 70.8%（補正+0.04） / 総合判定確率: 0.114 / → ヒモ分散。1号艇1着固定で広めのヒモ流し推奨（買い目+2点）', 'tenji_trigger': '展示確認: ヒモ分散レース。1号艇伸び確認後、広めのヒモ流しを採用。穴ヒモ（5・6号艇）を積極的に含める。\n展示で1号艇スタート超安定(0.123秒)→ヒモ固まり方向に注意'}",,,26.7,逃げ狙い,14.99,27.1,3,,,,,,,,,,,
2025-11-28,丸亀,9,4,木村光宏,B1,20.93,4,,4.6636,16.4,85,37.5,0.1783,3.7604,,,0,低,99,0,ま0%,3 162,0,33.8,0.7396,0,0,0.0769,0.0385,0,0.3952,0.3571,0.0571,,,D,△,,0.1198,0.6335,,0.7385,S,100,0,◎1着固定 2-3着流し（5〜8点）,0.5777,"{'is_target': True, 'verdict': '参加推奨', 'max_combo_prob': 0.0738, 'est_top_odds': 18.1, 'circle_concentration': 70.8, 'eligible_count': 6, 'bet_adj': 2, 'reason': 'rel_win1=66.6%（本命度） / 最有力組み合わせ確率: 0.074（推定実オッズ?18倍） / 2着集中度: 上位2艇 70.8%（補正+0.04） / 総合判定確率: 0.114 / → ヒモ分散。1号艇1着固定で広めのヒモ流し推奨（買い目+2点）', 'tenji_trigger': '展示確認: ヒモ分散レース。1号艇伸び確認後、広めのヒモ流しを採用。穴ヒモ（5・6号艇）を積極的に含める。\n展示で1号艇スタート超安定(0.123秒)→ヒモ固まり方向に注意'}",,,26.7,逃げ狙い,14.99,27.1,3,,,,,,,,,,,
2025-11-28,丸亀,9,5,滝沢織寧,B1,45.28,5,▲,3.2398,4.4,83,22.5,0.1613,3.15,,,0,低,58,0,-,5 455,0,24.7,0.6707,,,,,,0.2857,0.4286,0.2857,,,A,,,0.1904,0.5245,,0.7385,S,100,0,◎1着固定 2-3着流し（5〜8点）,0.5777,"{'is_target': True, 'verdict': '参加推奨', 'max_combo_prob': 0.0738, 'est_top_odds': 18.1, 'circle_concentration': 70.8, 'eligible_count': 6, 'bet_adj': 2, 'reason': 'rel_win1=66.6%（本命度） / 最有力組み合わせ確率: 0.074（推定実オッズ?18倍） / 2着集中度: 上位2艇 70.8%（補正+0.04） / 総合判定確率: 0.114 / → ヒモ分散。1号艇1着固定で広めのヒモ流し推奨（買い目+2点）', 'tenji_trigger': '展示確認: ヒモ分散レース。1号艇伸び確認後、広めのヒモ流しを採用。穴ヒモ（5・6号艇）を積極的に含める。\n展示で1号艇スタート超安定(0.123秒)→ヒモ固まり方向に注意'}",,,26.7,逃げ狙い,14.99,27.1,3,,,,,,,,,,,
2025-11-28,丸亀,9,6,石橋道友,A1,19.51,6,△,3.6047,8.4,98,63.8,0.1487,3.3191,,,0,低,72,0,-,F54 3,0,25.9,0.8611,0,0,0.04,0,0,0.0516,0.0129,0.0129,,,D,△,,0.2014,0.64,,0.7385,S,100,0,◎1着固定 2-3着流し（5〜8点）,0.5777,"{'is_target': True, 'verdict': '参加推奨', 'max_combo_prob': 0.0738, 'est_top_odds': 18.1, 'circle_concentration': 70.8, 'eligible_count': 6, 'bet_adj': 2, 'reason': 'rel_win1=66.6%（本命度） / 最有力組み合わせ確率: 0.074（推定実オッズ?18倍） / 2着集中度: 上位2艇 70.8%（補正+0.04） / 総合判定確率: 0.114 / → ヒモ分散。1号艇1着固定で広めのヒモ流し推奨（買い目+2点）', 'tenji_trigger': '展示確認: ヒモ分散レース。1号艇伸び確認後、広めのヒモ流しを採用。穴ヒモ（5・6号艇）を積極的に含める。\n展示で1号艇スタート超安定(0.123秒)→ヒモ固まり方向に注意'}",,,26.7,逃げ狙い,14.99,27.1,3,,,,,,,,,,,
2025-11-28,丸亀,10,1,山田祐也,A1,39.13,1,◎,65.8226,,0,98.2,0.1409,2.8611,,,0,低,53,0,逃1%,133132,0,85.6,1.074,0.7727,,,,,0,0.0455,0.1364,◎,,B,◎,,,0.663,,0.6702,S,92,0,◎1着固定 2-3着流し（5〜8点）,0.5777,"{'is_target': True, 'verdict': '参加推奨', 'max_combo_prob': 0.0602, 'est_top_odds': 22.2, 'circle_concentration': 61.4, 'eligible_count': 6, 'bet_adj': 2, 'reason': 'rel_win1=65.8%（本命度） / 最有力組み合わせ確率: 0.060（推定実オッズ?22倍） / 2着集中度: 上位2艇 61.4%（補正+0.00） / 総合判定確率: 0.060 / → ヒモ分散。1号艇1着固定で広めのヒモ流し推奨（買い目+2点）', 'tenji_trigger': '展示確認: ヒモ分散レース。1号艇伸び確認後、広めのヒモ流しを採用。穴ヒモ（5・6号艇）を積極的に含める。'}",,,26.6,逃げ狙い,18.66,23.5,3,,,,,0,0,0.7559,0,,逃げ軸流し,A
2025-11-28,丸亀,10,2,貫地谷直,B1,25.00,2,,3.3657,26.8,66,28.3,0.2157,4.3774,,,0,低,204,0,-,6 461,0,13.7,0.5462,,,,,,0.0571,0.6214,0.2643,,,D,△,,0.0775,0.5725,,0.6702,S,92,0,◎1着固定 2-3着流し（5〜8点）,0.5777,"{'is_target': True, 'verdict': '参加推奨', 'max_combo_prob': 0.0602, 'est_top_odds': 22.2, 'circle_concentration': 61.4, 'eligible_count': 6, 'bet_adj': 2, 'reason': 'rel_win1=65.8%（本命度） / 最有力組み合わせ確率: 0.060（推定実オッズ?22倍） / 2着集中度: 上位2艇 61.4%（補正+0.00） / 総合判定確率: 0.060 / → ヒモ分散。1号艇1着固定で広めのヒモ流し推奨（買い目+2点）', 'tenji_trigger': '展示確認: ヒモ分散レース。1号艇伸び確認後、広めのヒモ流しを採用。穴ヒモ（5・6号艇）を積極的に含める。'}",,,26.6,逃げ狙い,18.66,23.5,3,,,,,,,,,,,
2025-11-28,丸亀,10,3,山口達也,A1,26.19,3,▲,16.635,31.7,100,82.5,0.1547,3.2625,,,0,低,66,0,ま0% 差ま0% 抜0%,363 11,0,85.3,1.5944,0,0,0.2143,0.0714,0.0714,0,0.1154,0.1154,,,D,△,,0.2581,0.625,,0.6702,S,92,0,◎1着固定 2-3着流し（5〜8点）,0.5777,"{'is_target': True, 'verdict': '参加推奨', 'max_combo_prob': 0.0602, 'est_top_odds': 22.2, 'circle_concentration': 61.4, 'eligible_count': 6, 'bet_adj': 2, 'reason': 'rel_win1=65.8%（本命度） / 最有力組み合わせ確率: 0.060（推定実オッズ?22倍） / 2着集中度: 上位2艇 61.4%（補正+0.00） / 総合判定確率: 0.060 / → ヒモ分散。1号艇1着固定で広めのヒモ流し推奨（買い目+2点）', 'tenji_trigger': '展示確認: ヒモ分散レース。1号艇伸び確認後、広めのヒモ流しを採用。穴ヒモ（5・6号艇）を積極的に含める。'}",,,26.6,逃げ狙い,18.66,23.5,3,,,,,,,,,,,
2025-11-28,丸亀,10,4,杉山貴博,A1,50.00,4,○,10.7602,29.7,70,64.5,0.1647,3.2984,,,0,低,125,0,ま0%,3 3215,0,47.4,0.6702,0,0,0.12,0,0,0.0343,0.1657,0.1771,,,A,○,◎,0.2137,0.655,0.3724,0.6702,S,92,0,◎1着固定 2-3着流し（5〜8点）,0.5777,"{'is_target': True, 'verdict': '参加推奨', 'max_combo_prob': 0.0602, 'est_top_odds': 22.2, 'circle_concentration': 61.4, 'eligible_count': 6, 'bet_adj': 2, 'reason': 'rel_win1=65.8%（本命度） / 最有力組み合わせ確率: 0.060（推定実オッズ?22倍） / 2着集中度: 上位2艇 61.4%（補正+0.00） / 総合判定確率: 0.060 / → ヒモ分散。1号艇1着固定で広めのヒモ流し推奨（買い目+2点）', 'tenji_trigger': '展示確認: ヒモ分散レース。1号艇伸び確認後、広めのヒモ流しを採用。穴ヒモ（5・6号艇）を積極的に含める。'}",,,26.6,逃げ狙い,18.66,23.5,3,,,,,,,,,,,
2025-11-28,丸亀,10,5,村上彰一,B1,18.92,5,,2.5829,10.2,77,30.8,0.1683,3.8077,,,0,低,120,0,-,6 342,0,36.8,0.8174,0,0,0,0.0435,0,0.225,0.25,0.25,,,E,,,0.1939,0.5715,,0.6702,S,92,0,◎1着固定 2-3着流し（5〜8点）,0.5777,"{'is_target': True, 'verdict': '参加推奨', 'max_combo_prob': 0.0602, 'est_top_odds': 22.2, 'circle_concentration': 61.4, 'eligible_count': 6, 'bet_adj': 2, 'reason': 'rel_win1=65.8%（本命度） / 最有力組み合わせ確率: 0.060（推定実オッズ?22倍） / 2着集中度: 上位2艇 61.4%（補正+0.00） / 総合判定確率: 0.060 / → ヒモ分散。1号艇1着固定で広めのヒモ流し推奨（買い目+2点）', 'tenji_trigger': '展示確認: ヒモ分散レース。1号艇伸び確認後、広めのヒモ流しを採用。穴ヒモ（5・6号艇）を積極的に含める。'}",,,26.6,逃げ狙い,18.66,23.5,3,,,,,,,,,,,
2025-11-28,丸亀,10,6,黒澤めぐ,A2,26.92,6,△,0.8336,1.6,82,33.3,0.2171,4.6667,,,0,低,48,0,-,1264F,0,84.8,1.7286,,,,,,0,0.0571,0,,,C,,,0.1386,0.5305,,0.6702,S,92,0,◎1着固定 2-3着流し（5〜8点）,0.5777,"{'is_target': True, 'verdict': '参加推奨', 'max_combo_prob': 0.0602, 'est_top_odds': 22.2, 'circle_concentration': 61.4, 'eligible_count': 6, 'bet_adj': 2, 'reason': 'rel_win1=65.8%（本命度） / 最有力組み合わせ確率: 0.060（推定実オッズ?22倍） / 2着集中度: 上位2艇 61.4%（補正+0.00） / 総合判定確率: 0.060 / → ヒモ分散。1号艇1着固定で広めのヒモ流し推奨（買い目+2点）', 'tenji_trigger': '展示確認: ヒモ分散レース。1号艇伸び確認後、広めのヒモ流しを採用。穴ヒモ（5・6号艇）を積極的に含める。'}",,,26.6,逃げ狙い,18.66,23.5,3,,,,,,,,,,,
2025-11-28,丸亀,11,1,松田大志,A1,39.62,1,◎,54.1175,,0,94.6,0.1489,2.7065,,,0,低,125,0,逃0%,212 11,0,78.3,1.205,0.8182,,,,,0.0948,0.0273,0.113,◎,,D,△,,,0.631,,0.6399,A,79,0,◎-○軸 3着3〜4艇流し（10〜15点）,0.5777,"{'is_target': True, 'verdict': '参加推奨', 'max_combo_prob': 0.0786, 'est_top_odds': 17.0, 'circle_concentration': 70.9, 'eligible_count': 8, 'bet_adj': 2, 'reason': 'rel_win1=54.1%（本命度） / 最有力組み合わせ確率: 0.079（推定実オッズ?17倍） / 2着集中度: 上位2艇 70.9%（補正+0.04） / 総合判定確率: 0.119 / → ヒモ分散。1号艇1着固定で広めのヒモ流し推奨（買い目+2点）', 'tenji_trigger': '展示確認: ヒモ分散レース。1号艇伸び確認後、広めのヒモ流しを採用。穴ヒモ（5・6号艇）を積極的に含める。'}",,,29.7,逃げ狙い,25.72,26.2,2,,,,,0,0,0.7559,0,,逃げ軸流し,A
2025-11-28,丸亀,11,2,安河内将,A1,43.14,2,○,22.0031,47.1,83,85,0.1638,3.3375,,,0,低,99,0,差0% ま0%,14111,0,62.5,1.4378,0,0.3684,0.0526,0,0,0.0781,0.0781,0.0781,,,B,△,,0.2346,0.6335,,0.6399,A,79,0,◎-○軸 3着3〜4艇流し（10〜15点）,0.5777,"{'is_target': True, 'verdict': '参加推奨', 'max_combo_prob': 0.0786, 'est_top_odds': 17.0, 'circle_concentration': 70.9, 'eligible_count': 8, 'bet_adj': 2, 'reason': 'rel_win1=54.1%（本命度） / 最有力組み合わせ確率: 0.079（推定実オッズ?17倍） / 2着集中度: 上位2艇 70.9%（補正+0.04） / 総合判定確率: 0.119 / → ヒモ分散。1号艇1着固定で広めのヒモ流し推奨（買い目+2点）', 'tenji_trigger': '展示確認: ヒモ分散レース。1号艇伸び確認後、広めのヒモ流しを採用。穴ヒモ（5・6号艇）を積極的に含める。'}",,,29.7,逃げ狙い,25.72,26.2,2,,,,,,,,,,,
2025-11-28,丸亀,11,3,西舘　健,A2,42.00,3,△,9.2806,23.9,100,58.8,0.1538,3.2941,,,0,低,130,0,差0% ま0% 差ま0% 抜0%,2 252S,0,100,1.054,0,0.0333,0.0667,0.0333,0.0667,0.0895,0.1581,0.1124,,,C,,,0.2552,0.6065,,0.6399,A,79,0,◎-○軸 3着3〜4艇流し（10〜15点）,0.5777,"{'is_target': True, 'verdict': '参加推奨', 'max_combo_prob': 0.0786, 'est_top_odds': 17.0, 'circle_concentration': 70.9, 'eligible_count': 8, 'bet_adj': 2, 'reason': 'rel_win1=54.1%（本命度） / 最有力組み合わせ確率: 0.079（推定実オッズ?17倍） / 2着集中度: 上位2艇 70.9%（補正+0.04） / 総合判定確率: 0.119 / → ヒモ分散。1号艇1着固定で広めのヒモ流し推奨（買い目+2点）', 'tenji_trigger': '展示確認: ヒモ分散レース。1号艇伸び確認後、広めのヒモ流しを採用。穴ヒモ（5・6号艇）を積極的に含める。'}",,,29.7,逃げ狙い,25.72,26.2,2,,,,,,,,,,,
2025-11-28,丸亀,11,4,盛本真輔,B1,39.66,4,,9.2838,10.9,92,57.3,0.1775,3.4667,,,0,低,190,0,ま1%,2 434,0,80.4,1.6994,0,0.0667,0.1333,0,0.0333,0.1487,0.0211,0.2237,,,C,,◎,0.2009,0.596,0.2347,0.6399,A,79,0,◎-○軸 3着3〜4艇流し（10〜15点）,0.5777,"{'is_target': True, 'verdict': '参加推奨', 'max_combo_prob': 0.0786, 'est_top_odds': 17.0, 'circle_concentration': 70.9, 'eligible_count': 8, 'bet_adj': 2, 'reason': 'rel_win1=54.1%（本命度） / 最有力組み合わせ確率: 0.079（推定実オッズ?17倍） / 2着集中度: 上位2艇 70.9%（補正+0.04） / 総合判定確率: 0.119 / → ヒモ分散。1号艇1着固定で広めのヒモ流し推奨（買い目+2点）', 'tenji_trigger': '展示確認: ヒモ分散レース。1号艇伸び確認後、広めのヒモ流しを採用。穴ヒモ（5・6号艇）を積極的に含める。'}",,,29.7,逃げ狙い,25.72,26.2,2,,,,,,,,,,,
2025-11-28,丸亀,11,5,木谷賢太,A2,38.00,5,,3.9798,14.9,80,59.6,0.177,3.9787,,,0,低,107,0,差ま0%,1 1232,0,58.1,1.334,0,0,0,0.0476,0,0.0343,0.0114,0.1957,,,D,○,,0.1925,0.663,,0.6399,A,79,0,◎-○軸 3着3〜4艇流し（10〜15点）,0.5777,"{'is_target': True, 'verdict': '参加推奨', 'max_combo_prob': 0.0786, 'est_top_odds': 17.0, 'circle_concentration': 70.9, 'eligible_count': 8, 'bet_adj': 2, 'reason': 'rel_win1=54.1%（本命度） / 最有力組み合わせ確率: 0.079（推定実オッズ?17倍） / 2着集中度: 上位2艇 70.9%（補正+0.04） / 総合判定確率: 0.119 / → ヒモ分散。1号艇1着固定で広めのヒモ流し推奨（買い目+2点）', 'tenji_trigger': '展示確認: ヒモ分散レース。1号艇伸び確認後、広めのヒモ流しを採用。穴ヒモ（5・6号艇）を積極的に含める。'}",,,29.7,逃げ狙い,25.72,26.2,2,,,,,,,,,,,
2025-11-28,丸亀,11,6,北川潤二,A1,42.59,6,▲,1.3352,3.3,52,100,0.14,4,,,0,低,54,1,-,23161,0,34.2,3.535,,,,,,0.0848,0.1348,0.0435,,,B,◎,,0.3418,0.673,,0.6399,A,79,0,◎-○軸 3着3〜4艇流し（10〜15点）,0.5777,"{'is_target': True, 'verdict': '参加推奨', 'max_combo_prob': 0.0786, 'est_top_odds': 17.0, 'circle_concentration': 70.9, 'eligible_count': 8, 'bet_adj': 2, 'reason': 'rel_win1=54.1%（本命度） / 最有力組み合わせ確率: 0.079（推定実オッズ?17倍） / 2着集中度: 上位2艇 70.9%（補正+0.04） / 総合判定確率: 0.119 / → ヒモ分散。1号艇1着固定で広めのヒモ流し推奨（買い目+2点）', 'tenji_trigger': '展示確認: ヒモ分散レース。1号艇伸び確認後、広めのヒモ流しを採用。穴ヒモ（5・6号艇）を積極的に含める。'}",,,29.7,逃げ狙い,25.72,26.2,2,,,,,,,,,,,
2025-11-28,丸亀,12,1,前原大道,A1,25.93,1,◎,58.2831,,0,91.7,0.1377,2.875,,,0,低,90,0,逃1%,311 33,0,68.5,0.9925,0.8889,,,,,0,0.037,0,◎,,D,△,,,0.5915,,0.6005,A,76,0,◎-○軸 3着3〜4艇流し（10〜15点）,0.5777,"{'is_target': True, 'verdict': '点数絞り', 'max_combo_prob': 0.1026, 'est_top_odds': 13.0, 'circle_concentration': 75.0, 'eligible_count': 8, 'bet_adj': 0, 'reason': 'rel_win1=58.3%（本命度） / 最有力組み合わせ確率: 0.103（推定実オッズ?13倍） / 2着集中度: 上位2艇 75.0%（補正+0.04） / 総合判定確率: 0.143 / → ヒモはやや固め。上位2艇以外を切ること', 'tenji_trigger': '展示確認: 1号艇伸び良→そのまま採用。悪→飛び組に差し替え。circle_pct上位2艇に絞り込むこと。\n展示で1号艇スタート超安定(0.138秒)→ヒモ固まり方向に注意'}",,,28.4,逃げ狙い,25.28,23,2,,,,,0,0,0.7559,0,,逃げ軸流し,A
2025-11-28,丸亀,12,2,原田篤志,A1,29.41,2,▲,15.7122,46,64,76.6,0.1485,3.4574,,,0,低,122,0,差0%,15133,0,57.7,0.735,0,0.2632,0,0,0.0526,0.02,0.125,0.02,,,C,,,0.2546,0.5685,,0.6005,A,76,0,◎-○軸 3着3〜4艇流し（10〜15点）,0.5777,"{'is_target': True, 'verdict': '点数絞り', 'max_combo_prob': 0.1026, 'est_top_odds': 13.0, 'circle_concentration': 75.0, 'eligible_count': 8, 'bet_adj': 0, 'reason': 'rel_win1=58.3%（本命度） / 最有力組み合わせ確率: 0.103（推定実オッズ?13倍） / 2着集中度: 上位2艇 75.0%（補正+0.04） / 総合判定確率: 0.143 / → ヒモはやや固め。上位2艇以外を切ること', 'tenji_trigger': '展示確認: 1号艇伸び良→そのまま採用。悪→飛び組に差し替え。circle_pct上位2艇に絞り込むこと。\n展示で1号艇スタート超安定(0.138秒)→ヒモ固まり方向に注意'}",,,28.4,逃げ狙い,25.28,23,2,,,,,,,,,,,
2025-11-28,丸亀,12,3,鶴田勇雄,A2,37.25,3,,8.4801,29.1,65,74.3,0.1668,3.4122,,,0,低,167,0,-,5 4543,0,93.3,1.9038,,,,,,0.0258,0.3819,0.0387,,,B,△,,0.1586,0.609,,0.6005,A,76,0,◎-○軸 3着3〜4艇流し（10〜15点）,0.5777,"{'is_target': True, 'verdict': '点数絞り', 'max_combo_prob': 0.1026, 'est_top_odds': 13.0, 'circle_concentration': 75.0, 'eligible_count': 8, 'bet_adj': 0, 'reason': 'rel_win1=58.3%（本命度） / 最有力組み合わせ確率: 0.103（推定実オッズ?13倍） / 2着集中度: 上位2艇 75.0%（補正+0.04） / 総合判定確率: 0.143 / → ヒモはやや固め。上位2艇以外を切ること', 'tenji_trigger': '展示確認: 1号艇伸び良→そのまま採用。悪→飛び組に差し替え。circle_pct上位2艇に絞り込むこと。\n展示で1号艇スタート超安定(0.138秒)→ヒモ固まり方向に注意'}",,,28.4,逃げ狙い,25.28,23,2,,,,,,,,,,,
2025-11-28,丸亀,12,4,中山雄太,A1,29.09,4,△,9.7466,11.7,100,62.7,0.13,2.7119,,,0,低,75,0,-,2 5522,0,49.3,1.0266,0,0,0.1111,0.0741,0,0.0385,0.0769,0.1154,,,D,◎,◎,0.337,0.671,0.4625,0.6005,A,76,0,◎-○軸 3着3〜4艇流し（10〜15点）,0.5777,"{'is_target': True, 'verdict': '点数絞り', 'max_combo_prob': 0.1026, 'est_top_odds': 13.0, 'circle_concentration': 75.0, 'eligible_count': 8, 'bet_adj': 0, 'reason': 'rel_win1=58.3%（本命度） / 最有力組み合わせ確率: 0.103（推定実オッズ?13倍） / 2着集中度: 上位2艇 75.0%（補正+0.04） / 総合判定確率: 0.143 / → ヒモはやや固め。上位2艇以外を切ること', 'tenji_trigger': '展示確認: 1号艇伸び良→そのまま採用。悪→飛び組に差し替え。circle_pct上位2艇に絞り込むこと。\n展示で1号艇スタート超安定(0.138秒)→ヒモ固まり方向に注意'}",,,28.4,逃げ狙い,25.28,23,2,,,,,,,,,,,
2025-11-28,丸亀,12,5,西丸侑太,A2,54.90,5,○,6.8689,12.2,60,44.7,0.1598,3.5745,,,0,低,100,0,-,322 13,0,28.4,1.1448,0,0,0,0.0909,0,0,0.1314,0.0429,,,A,○,○,0.2228,0.6105,0.3476,0.6005,A,76,0,◎-○軸 3着3〜4艇流し（10〜15点）,0.5777,"{'is_target': True, 'verdict': '点数絞り', 'max_combo_prob': 0.1026, 'est_top_odds': 13.0, 'circle_concentration': 75.0, 'eligible_count': 8, 'bet_adj': 0, 'reason': 'rel_win1=58.3%（本命度） / 最有力組み合わせ確率: 0.103（推定実オッズ?13倍） / 2着集中度: 上位2艇 75.0%（補正+0.04） / 総合判定確率: 0.143 / → ヒモはやや固め。上位2艇以外を切ること', 'tenji_trigger': '展示確認: 1号艇伸び良→そのまま採用。悪→飛び組に差し替え。circle_pct上位2艇に絞り込むこと。\n展示で1号艇スタート超安定(0.138秒)→ヒモ固まり方向に注意'}",,,28.4,逃げ狙い,25.28,23,2,,,,,,,,,,,
2025-11-28,丸亀,12,6,安田政彦,A2,22.50,6,,0.9091,1.1,36,15.4,0.2273,4.9038,,,0,低,147,0,-,4 544,0,26.6,0.8444,,,,,,0.2188,0.3285,0.1918,,,E,,,0.1372,0.5665,,0.6005,A,76,0,◎-○軸 3着3〜4艇流し（10〜15点）,0.5777,"{'is_target': True, 'verdict': '点数絞り', 'max_combo_prob': 0.1026, 'est_top_odds': 13.0, 'circle_concentration': 75.0, 'eligible_count': 8, 'bet_adj': 0, 'reason': 'rel_win1=58.3%（本命度） / 最有力組み合わせ確率: 0.103（推定実オッズ?13倍） / 2着集中度: 上位2艇 75.0%（補正+0.04） / 総合判定確率: 0.143 / → ヒモはやや固め。上位2艇以外を切ること', 'tenji_trigger': '展示確認: 1号艇伸び良→そのまま採用。悪→飛び組に差し替え。circle_pct上位2艇に絞り込むこと。\n展示で1号艇スタート超安定(0.138秒)→ヒモ固まり方向に注意'}",,,28.4,逃げ狙い,25.28,23,2,,,,,,,,,,,
2025-11-29,丸亀,1,1,盛本真輔,B1,39.66,1,◎,58.7528,,0,88.2,0.1443,2.7105,,,0,低,190,0,逃0%,2 434,0,69.6,0.9634,0.5526,,,,,0.1487,0.0211,0.2237,◎,,A,△,,,0.596,,0.4762,S,83,0,◎1着固定 2-3着流し（5〜8点）,0.5777,"{'is_target': True, 'verdict': '点数絞り', 'max_combo_prob': 0.1298, 'est_top_odds': 10.3, 'circle_concentration': 69.6, 'eligible_count': 6, 'bet_adj': 0, 'reason': 'rel_win1=58.8%（本命度） / 最有力組み合わせ確率: 0.130（推定実オッズ?10倍） / 2着集中度: 上位2艇 69.6%（補正+0.00） / 総合判定確率: 0.130 / → ヒモはやや固め。上位2艇以外を切ること', 'tenji_trigger': '展示確認: 1号艇伸び良→そのまま採用。悪→飛び組に差し替え。circle_pct上位2艇に絞り込むこと。'}",,,23.7,逃げ狙い,18.12,29.9,5,,,,,0,0,0.7559,0,,逃げ軸流し,A
2025-11-29,丸亀,1,2,田川大貴,A2,23.21,2,△,11.9518,49.2,54,70,0.141,2.9667,,,0,低,91,0,差1%,342 65,0,22.2,0.6552,0,0.1562,0.0312,0,0,0.1434,0.0774,0.1003,,○,D,△,,0.3888,0.616,,0.4762,S,83,0,◎1着固定 2-3着流し（5〜8点）,0.5777,"{'is_target': True, 'verdict': '点数絞り', 'max_combo_prob': 0.1298, 'est_top_odds': 10.3, 'circle_concentration': 69.6, 'eligible_count': 6, 'bet_adj': 0, 'reason': 'rel_win1=58.8%（本命度） / 最有力組み合わせ確率: 0.130（推定実オッズ?10倍） / 2着集中度: 上位2艇 69.6%（補正+0.00） / 総合判定確率: 0.130 / → ヒモはやや固め。上位2艇以外を切ること', 'tenji_trigger': '展示確認: 1号艇伸び良→そのまま採用。悪→飛び組に差し替え。circle_pct上位2艇に絞り込むこと。'}",,,23.7,逃げ狙い,18.12,29.9,5,,,,,,,,,,,
2025-11-29,丸亀,1,3,木村光宏,B1,20.93,3,,9.8766,13.8,100,53.1,0.1851,3.602,,,0,低,99,0,差0% ま0%,3 162,0,32,0.8788,0,0.0385,0.0385,0,0,0.3952,0.3571,0.0571,,,E,○,,0.1168,0.6335,,0.4762,S,83,0,◎1着固定 2-3着流し（5〜8点）,0.5777,"{'is_target': True, 'verdict': '点数絞り', 'max_combo_prob': 0.1298, 'est_top_odds': 10.3, 'circle_concentration': 69.6, 'eligible_count': 6, 'bet_adj': 0, 'reason': 'rel_win1=58.8%（本命度） / 最有力組み合わせ確率: 0.130（推定実オッズ?10倍） / 2着集中度: 上位2艇 69.6%（補正+0.00） / 総合判定確率: 0.130 / → ヒモはやや固め。上位2艇以外を切ること', 'tenji_trigger': '展示確認: 1号艇伸び良→そのまま採用。悪→飛び組に差し替え。circle_pct上位2艇に絞り込むこと。'}",,,23.7,逃げ狙い,18.12,29.9,5,,,,,,,,,,,
2025-11-29,丸亀,1,4,三木晴斗,B1,34.04,4,▲,7.196,16.4,50,37.2,0.1625,3.1667,,,0,低,97,0,-,4 126,0,88.8,1.5696,,,,,,0.095,0.195,0.155,,,B,,,0.2459,0.5655,,0.4762,S,83,0,◎1着固定 2-3着流し（5〜8点）,0.5777,"{'is_target': True, 'verdict': '点数絞り', 'max_combo_prob': 0.1298, 'est_top_odds': 10.3, 'circle_concentration': 69.6, 'eligible_count': 6, 'bet_adj': 0, 'reason': 'rel_win1=58.8%（本命度） / 最有力組み合わせ確率: 0.130（推定実オッズ?10倍） / 2着集中度: 上位2艇 69.6%（補正+0.00） / 総合判定確率: 0.130 / → ヒモはやや固め。上位2艇以外を切ること', 'tenji_trigger': '展示確認: 1号艇伸び良→そのまま採用。悪→飛び組に差し替え。circle_pct上位2艇に絞り込むこと。'}",,,23.7,逃げ狙い,18.12,29.9,5,,,,,,,,,,,
2025-11-29,丸亀,1,5,山田哲也,A1,29.41,5,○,11.2332,20.3,53,60,0.1047,2.0333,,,0,低,17,0,差ま0%,226122,0,28.1,0.7233,0,0,0,0.2,0,0.1046,0.1194,0.0898,,◎,C,◎,◎,0.4492,0.8045,0.52,0.4762,S,83,0,◎1着固定 2-3着流し（5〜8点）,0.5777,"{'is_target': True, 'verdict': '点数絞り', 'max_combo_prob': 0.1298, 'est_top_odds': 10.3, 'circle_concentration': 69.6, 'eligible_count': 6, 'bet_adj': 0, 'reason': 'rel_win1=58.8%（本命度） / 最有力組み合わせ確率: 0.130（推定実オッズ?10倍） / 2着集中度: 上位2艇 69.6%（補正+0.00） / 総合判定確率: 0.130 / → ヒモはやや固め。上位2艇以外を切ること', 'tenji_trigger': '展示確認: 1号艇伸び良→そのまま採用。悪→飛び組に差し替え。circle_pct上位2艇に絞り込むこと。'}",,,23.7,逃げ狙い,18.12,29.9,5,,,,,,,,,,,
2025-11-29,丸亀,1,6,米玉利大,B2,22.50,6,,0.9897,0.2,20,2.5,0.1812,4.2222,,,0,低,58,0,-,456 56,0,37.7,0.86,,,,,,0,0.6667,0,,,D,,,0.1945,0.5175,,0.4762,S,83,0,◎1着固定 2-3着流し（5〜8点）,0.5777,"{'is_target': True, 'verdict': '点数絞り', 'max_combo_prob': 0.1298, 'est_top_odds': 10.3, 'circle_concentration': 69.6, 'eligible_count': 6, 'bet_adj': 0, 'reason': 'rel_win1=58.8%（本命度） / 最有力組み合わせ確率: 0.130（推定実オッズ?10倍） / 2着集中度: 上位2艇 69.6%（補正+0.00） / 総合判定確率: 0.130 / → ヒモはやや固め。上位2艇以外を切ること', 'tenji_trigger': '展示確認: 1号艇伸び良→そのまま採用。悪→飛び組に差し替え。circle_pct上位2艇に絞り込むこと。'}",,,23.7,逃げ狙い,18.12,29.9,5,,,,,,,,,,,
2025-11-29,丸亀,2,1,浜崎準也,B1,28.30,1,◎,52.0185,,0,75,0.16,3.1146,,,0,低,122,0,逃0%,465 14,0,100,1.6519,0.4167,,,,,0.3,0.3,0,○,,D,△,,,0.5915,,0.4236,A,65,0,◎-○軸 3着3〜4艇流し（10〜15点）,0.5777,"{'is_target': True, 'verdict': '参加推奨', 'max_combo_prob': 0.0882, 'est_top_odds': 15.1, 'circle_concentration': 69.2, 'eligible_count': 8, 'bet_adj': 2, 'reason': 'rel_win1=52.0%（本命度） / 最有力組み合わせ確率: 0.088（推定実オッズ?15倍） / 2着集中度: 上位2艇 69.2%（補正+0.00） / 総合判定確率: 0.088 / → ヒモ分散。1号艇1着固定で広めのヒモ流し推奨（買い目+2点）', 'tenji_trigger': '展示確認: ヒモ分散レース。1号艇伸び確認後、広めのヒモ流しを採用。穴ヒモ（5・6号艇）を積極的に含める。'}",,,26.8,逃げ狙い,17.68,39.2,2,,,,,0,0,0.6155,0,,逃げ軸流し,A
2025-11-29,丸亀,2,2,芹澤克彦,B1,29.79,2,▲,14.0099,47.8,29,52.8,0.1358,2.9623,,,0,低,65,0,差0% ま0% 抜0%,1 245,0,31.3,0.8971,0,0.1071,0.0357,0,0.0357,0.1962,0.0952,0.0571,,◎,C,◎,,0.5639,0.643,,0.4236,A,65,0,◎-○軸 3着3〜4艇流し（10〜15点）,0.5777,"{'is_target': True, 'verdict': '参加推奨', 'max_combo_prob': 0.0882, 'est_top_odds': 15.1, 'circle_concentration': 69.2, 'eligible_count': 8, 'bet_adj': 2, 'reason': 'rel_win1=52.0%（本命度） / 最有力組み合わせ確率: 0.088（推定実オッズ?15倍） / 2着集中度: 上位2艇 69.2%（補正+0.00） / 総合判定確率: 0.088 / → ヒモ分散。1号艇1着固定で広めのヒモ流し推奨（買い目+2点）', 'tenji_trigger': '展示確認: ヒモ分散レース。1号艇伸び確認後、広めのヒモ流しを採用。穴ヒモ（5・6号艇）を積極的に含める。'}",,,26.8,逃げ狙い,17.68,39.2,2,,,,,,,,,,,
2025-11-29,丸亀,2,3,畔柳俊吾,B1,30.77,3,△,11.1581,21.4,100,71.2,0.1698,3.7788,,,0,低,164,0,-,333 26,0,27.6,0.9244,0,0,0.0476,0,0,0.287,0.2217,0.2696,,,C,,,0.2348,0.5885,,0.4236,A,65,0,◎-○軸 3着3〜4艇流し（10〜15点）,0.5777,"{'is_target': True, 'verdict': '参加推奨', 'max_combo_prob': 0.0882, 'est_top_odds': 15.1, 'circle_concentration': 69.2, 'eligible_count': 8, 'bet_adj': 2, 'reason': 'rel_win1=52.0%（本命度） / 最有力組み合わせ確率: 0.088（推定実オッズ?15倍） / 2着集中度: 上位2艇 69.2%（補正+0.00） / 総合判定確率: 0.088 / → ヒモ分散。1号艇1着固定で広めのヒモ流し推奨（買い目+2点）', 'tenji_trigger': '展示確認: ヒモ分散レース。1号艇伸び確認後、広めのヒモ流しを採用。穴ヒモ（5・6号艇）を積極的に含める。'}",,,26.8,逃げ狙い,17.68,39.2,2,,,,,,,,,,,
2025-11-29,丸亀,2,4,廣中良一,B1,27.45,4,,6.4728,14.1,44,32.8,0.1597,3.3443,,,0,低,151,0,-,4 566,0,63.4,1.3819,,,,,,0.1581,0.0762,0.1771,,,D,○,,0.3146,0.6395,,0.4236,A,65,0,◎-○軸 3着3〜4艇流し（10〜15点）,0.5777,"{'is_target': True, 'verdict': '参加推奨', 'max_combo_prob': 0.0882, 'est_top_odds': 15.1, 'circle_concentration': 69.2, 'eligible_count': 8, 'bet_adj': 2, 'reason': 'rel_win1=52.0%（本命度） / 最有力組み合わせ確率: 0.088（推定実オッズ?15倍） / 2着集中度: 上位2艇 69.2%（補正+0.00） / 総合判定確率: 0.088 / → ヒモ分散。1号艇1着固定で広めのヒモ流し推奨（買い目+2点）', 'tenji_trigger': '展示確認: ヒモ分散レース。1号艇伸び確認後、広めのヒモ流しを採用。穴ヒモ（5・6号艇）を積極的に含める。'}",,,26.8,逃げ狙い,17.68,39.2,2,,,,,,,,,,,
2025-11-29,丸亀,2,5,西丸侑太,A2,54.90,5,○,10.1178,13.1,53,44.7,0.1598,3.5745,,,0,低,100,0,-,322 13,0,55.3,1.2379,0,0,0,0.0909,0,0,0.1314,0.0429,,,A,△,◎,0.2934,0.6105,0.3166,0.4236,A,65,0,◎-○軸 3着3〜4艇流し（10〜15点）,0.5777,"{'is_target': True, 'verdict': '参加推奨', 'max_combo_prob': 0.0882, 'est_top_odds': 15.1, 'circle_concentration': 69.2, 'eligible_count': 8, 'bet_adj': 2, 'reason': 'rel_win1=52.0%（本命度） / 最有力組み合わせ確率: 0.088（推定実オッズ?15倍） / 2着集中度: 上位2艇 69.2%（補正+0.00） / 総合判定確率: 0.088 / → ヒモ分散。1号艇1着固定で広めのヒモ流し推奨（買い目+2点）', 'tenji_trigger': '展示確認: ヒモ分散レース。1号艇伸び確認後、広めのヒモ流しを採用。穴ヒモ（5・6号艇）を積極的に含める。'}",,,26.8,逃げ狙い,17.68,39.2,2,,,,,,,,,,,
2025-11-29,丸亀,2,6,前原大道,A1,25.93,6,,6.2228,3.6,85,60,0.179,4.32,,,0,低,90,0,-,311 33,0,28.5,0.8447,0,0.0455,0,0.0455,0.0909,0,0.037,0,,,E,△,○,0.2244,0.5915,0.2513,0.4236,A,65,0,◎-○軸 3着3〜4艇流し（10〜15点）,0.5777,"{'is_target': True, 'verdict': '参加推奨', 'max_combo_prob': 0.0882, 'est_top_odds': 15.1, 'circle_concentration': 69.2, 'eligible_count': 8, 'bet_adj': 2, 'reason': 'rel_win1=52.0%（本命度） / 最有力組み合わせ確率: 0.088（推定実オッズ?15倍） / 2着集中度: 上位2艇 69.2%（補正+0.00） / 総合判定確率: 0.088 / → ヒモ分散。1号艇1着固定で広めのヒモ流し推奨（買い目+2点）', 'tenji_trigger': '展示確認: ヒモ分散レース。1号艇伸び確認後、広めのヒモ流しを採用。穴ヒモ（5・6号艇）を積極的に含める。'}",,,26.8,逃げ狙い,17.68,39.2,2,,,,,,,,,,,
2025-11-29,丸亀,3,1,山口達也,A1,26.19,1,◎,61.0729,,0,92.9,0.1471,3.1339,,,0,低,66,0,逃1%,363 11,0,83.1,1.0121,0.7692,,,,,0,0.1154,0.1154,◎,,D,△,,,0.625,,0.5443,S,100,0,◎1着固定 2-3着流し（5〜8点）,0.5777,"{'is_target': True, 'verdict': '点数絞り', 'max_combo_prob': 0.1076, 'est_top_odds': 12.4, 'circle_concentration': 75.7, 'eligible_count': 6, 'bet_adj': 0, 'reason': 'rel_win1=61.1%（本命度） / 最有力組み合わせ確率: 0.108（推定実オッズ?12倍） / 2着集中度: 上位2艇 75.7%（補正+0.04） / 総合判定確率: 0.148 / → ヒモはやや固め。上位2艇以外を切ること', 'tenji_trigger': '展示確認: 1号艇伸び良→そのまま採用。悪→飛び組に差し替え。circle_pct上位2艇に絞り込むこと。'}",,,25.9,逃げ狙い,14.27,25.3,3,,,,,0,0,0.7559,0,,逃げ軸流し,A
2025-11-29,丸亀,3,2,西村秀樹,B1,32.14,2,,9.9701,26.5,83,37.2,0.1829,3.7843,,,0,低,122,0,-,2 543,0,58.3,1.1522,0,0.0357,0,0,0.0357,0.25,0.1875,0.3125,,,C,,,0.0563,0.6095,,0.5443,S,100,0,◎1着固定 2-3着流し（5〜8点）,0.5777,"{'is_target': True, 'verdict': '点数絞り', 'max_combo_prob': 0.1076, 'est_top_odds': 12.4, 'circle_concentration': 75.7, 'eligible_count': 6, 'bet_adj': 0, 'reason': 'rel_win1=61.1%（本命度） / 最有力組み合わせ確率: 0.108（推定実オッズ?12倍） / 2着集中度: 上位2艇 75.7%（補正+0.04） / 総合判定確率: 0.148 / → ヒモはやや固め。上位2艇以外を切ること', 'tenji_trigger': '展示確認: 1号艇伸び良→そのまま採用。悪→飛び組に差し替え。circle_pct上位2艇に絞り込むこと。'}",,,25.9,逃げ狙い,14.27,25.3,3,,,,,,,,,,,
2025-11-29,丸亀,3,3,中山雄太,A1,29.09,3,▲,15.691,49.3,100,66.7,0.1455,3.0167,,,0,低,75,0,-,2 5522,0,61.8,0.9108,0,0,0.0476,0.0952,0,0.0385,0.0769,0.1154,,,C,○,,0.3093,0.671,,0.5443,S,100,0,◎1着固定 2-3着流し（5〜8点）,0.5777,"{'is_target': True, 'verdict': '点数絞り', 'max_combo_prob': 0.1076, 'est_top_odds': 12.4, 'circle_concentration': 75.7, 'eligible_count': 6, 'bet_adj': 0, 'reason': 'rel_win1=61.1%（本命度） / 最有力組み合わせ確率: 0.108（推定実オッズ?12倍） / 2着集中度: 上位2艇 75.7%（補正+0.04） / 総合判定確率: 0.148 / → ヒモはやや固め。上位2艇以外を切ること', 'tenji_trigger': '展示確認: 1号艇伸び良→そのまま採用。悪→飛び組に差し替え。circle_pct上位2艇に絞り込むこと。'}",,,25.9,逃げ狙い,14.27,25.3,3,,,,,,,,,,,
2025-11-29,丸亀,3,4,森　雄利,B2,26.19,4,,4.2733,7.1,37,0,0.1768,3.6053,,,0,低,68,0,-,462 56,0,21.3,0.5887,,,,,,0.25,0.25,0,,,D,,,0.196,0.61,,0.5443,S,100,0,◎1着固定 2-3着流し（5〜8点）,0.5777,"{'is_target': True, 'verdict': '点数絞り', 'max_combo_prob': 0.1076, 'est_top_odds': 12.4, 'circle_concentration': 75.7, 'eligible_count': 6, 'bet_adj': 0, 'reason': 'rel_win1=61.1%（本命度） / 最有力組み合わせ確率: 0.108（推定実オッズ?12倍） / 2着集中度: 上位2艇 75.7%（補正+0.04） / 総合判定確率: 0.148 / → ヒモはやや固め。上位2艇以外を切ること', 'tenji_trigger': '展示確認: 1号艇伸び良→そのまま採用。悪→飛び組に差し替え。circle_pct上位2艇に絞り込むこと。'}",,,25.9,逃げ狙い,14.27,25.3,3,,,,,,,,,,,
2025-11-29,丸亀,3,5,峰重力也,B1,32.69,5,○,7.7942,9.7,32,25.9,0.1144,2.7407,,,0,低,41,0,-,6 166,0,62.5,1.0833,,,,,,0.0211,0.1699,0.1699,,◎,B,◎,,0.414,0.677,,0.5443,S,100,0,◎1着固定 2-3着流し（5〜8点）,0.5777,"{'is_target': True, 'verdict': '点数絞り', 'max_combo_prob': 0.1076, 'est_top_odds': 12.4, 'circle_concentration': 75.7, 'eligible_count': 6, 'bet_adj': 0, 'reason': 'rel_win1=61.1%（本命度） / 最有力組み合わせ確率: 0.108（推定実オッズ?12倍） / 2着集中度: 上位2艇 75.7%（補正+0.04） / 総合判定確率: 0.148 / → ヒモはやや固め。上位2艇以外を切ること', 'tenji_trigger': '展示確認: 1号艇伸び良→そのまま採用。悪→飛び組に差し替え。circle_pct上位2艇に絞り込むこと。'}",,,25.9,逃げ狙い,14.27,25.3,3,,,,,,,,,,,
2025-11-29,丸亀,3,6,木谷賢太,A2,38.00,6,△,1.1985,7.5,80,41.5,0.1823,4.7736,,,0,低,107,0,-,1 1232,0,39.8,1.1528,,,,,,0.0343,0.0114,0.1957,,,B,△,,0.198,0.663,,0.5443,S,100,0,◎1着固定 2-3着流し（5〜8点）,0.5777,"{'is_target': True, 'verdict': '点数絞り', 'max_combo_prob': 0.1076, 'est_top_odds': 12.4, 'circle_concentration': 75.7, 'eligible_count': 6, 'bet_adj': 0, 'reason': 'rel_win1=61.1%（本命度） / 最有力組み合わせ確率: 0.108（推定実オッズ?12倍） / 2着集中度: 上位2艇 75.7%（補正+0.04） / 総合判定確率: 0.148 / → ヒモはやや固め。上位2艇以外を切ること', 'tenji_trigger': '展示確認: 1号艇伸び良→そのまま採用。悪→飛び組に差し替え。circle_pct上位2艇に絞り込むこと。'}",,,25.9,逃げ狙い,14.27,25.3,3,,,,,,,,,,,
2025-11-29,丸亀,4,1,鶴田勇雄,A2,37.25,1,◎,45.9462,,0,92.4,0.1711,3.1456,,,0,低,167,0,-,5 4543,0,56.3,0.9582,0.4839,,,,,0.0258,0.3819,0.0387,○,,C,△,,,0.609,,0.413,A,73,0,◎-○軸 3着3〜4艇流し（10〜15点）,0.5777,"{'is_target': True, 'verdict': '参加推奨', 'max_combo_prob': 0.0498, 'est_top_odds': 26.8, 'circle_concentration': 57.4, 'eligible_count': 8, 'bet_adj': 2, 'reason': 'rel_win1=45.9%（本命度） / 最有力組み合わせ確率: 0.050（推定実オッズ?27倍） / 2着集中度: 上位2艇 57.4%（補正+0.00） / 総合判定確率: 0.050 / → ヒモ分散。1号艇1着固定で広めのヒモ流し推奨（買い目+2点）', 'tenji_trigger': '展示確認: ヒモ分散レース。1号艇伸び確認後、広めのヒモ流しを採用。穴ヒモ（5・6号艇）を積極的に含める。'}",,,29.7,逃げ狙い,18.8,32.4,2,,,,,0,0,0.6155,0,,主役軸流し,B
2025-11-29,丸亀,4,2,西舘　健,A2,42.00,2,▲,17.1169,26.5,96,65.2,0.1641,3.3333,,,0,低,130,0,差0%,2 252S,0,45.6,1.1057,0,0.037,0,0,0,0.0895,0.1581,0.1124,,△,B,,,0.3805,0.6065,,0.413,A,73,0,◎-○軸 3着3〜4艇流し（10〜15点）,0.5777,"{'is_target': True, 'verdict': '参加推奨', 'max_combo_prob': 0.0498, 'est_top_odds': 26.8, 'circle_concentration': 57.4, 'eligible_count': 8, 'bet_adj': 2, 'reason': 'rel_win1=45.9%（本命度） / 最有力組み合わせ確率: 0.050（推定実オッズ?27倍） / 2着集中度: 上位2艇 57.4%（補正+0.00） / 総合判定確率: 0.050 / → ヒモ分散。1号艇1着固定で広めのヒモ流し推奨（買い目+2点）', 'tenji_trigger': '展示確認: ヒモ分散レース。1号艇伸び確認後、広めのヒモ流しを採用。穴ヒモ（5・6号艇）を積極的に含める。'}",,,29.7,逃げ狙い,18.8,32.4,2,,,,,,,,,,,
2025-11-29,丸亀,4,3,草場康幸,B1,14.63,3,,9.1035,21.1,100,61.2,0.1633,3,,,0,低,98,0,-,4 255,0,100,2.7794,0,0,0,0.0435,0,0.21,0.02,0,,,E,◎,,0.361,0.6715,,0.413,A,73,0,◎-○軸 3着3〜4艇流し（10〜15点）,0.5777,"{'is_target': True, 'verdict': '参加推奨', 'max_combo_prob': 0.0498, 'est_top_odds': 26.8, 'circle_concentration': 57.4, 'eligible_count': 8, 'bet_adj': 2, 'reason': 'rel_win1=45.9%（本命度） / 最有力組み合わせ確率: 0.050（推定実オッズ?27倍） / 2着集中度: 上位2艇 57.4%（補正+0.00） / 総合判定確率: 0.050 / → ヒモ分散。1号艇1着固定で広めのヒモ流し推奨（買い目+2点）', 'tenji_trigger': '展示確認: ヒモ分散レース。1号艇伸び確認後、広めのヒモ流しを採用。穴ヒモ（5・6号艇）を積極的に含める。'}",,,29.7,逃げ狙い,18.8,32.4,2,,,,,,,,,,,
2025-11-29,丸亀,4,4,杉山貴博,A1,50.00,4,○,13.7488,30.9,56,64.5,0.1647,3.2984,,,0,低,125,0,ま0%,3 3215,0,25.1,0.7128,0,0,0.12,0,0,0.0343,0.1657,0.1771,,,A,△,○,0.394,0.655,0.2515,0.413,A,73,0,◎-○軸 3着3〜4艇流し（10〜15点）,0.5777,"{'is_target': True, 'verdict': '参加推奨', 'max_combo_prob': 0.0498, 'est_top_odds': 26.8, 'circle_concentration': 57.4, 'eligible_count': 8, 'bet_adj': 2, 'reason': 'rel_win1=45.9%（本命度） / 最有力組み合わせ確率: 0.050（推定実オッズ?27倍） / 2着集中度: 上位2艇 57.4%（補正+0.00） / 総合判定確率: 0.050 / → ヒモ分散。1号艇1着固定で広めのヒモ流し推奨（買い目+2点）', 'tenji_trigger': '展示確認: ヒモ分散レース。1号艇伸び確認後、広めのヒモ流しを採用。穴ヒモ（5・6号艇）を積極的に含める。'}",,,29.7,逃げ狙い,18.8,32.4,2,,,,,,,,,,,
2025-11-29,丸亀,4,5,山田祐也,A1,39.13,5,△,13.1129,16.6,38,59,0.1395,3.141,,,0,低,53,0,-,133132,0,37.2,0.8943,0,0,0,0.0667,0,0,0.0455,0.1364,,◎,C,○,◎,0.4447,0.663,0.3998,0.413,A,73,0,◎-○軸 3着3〜4艇流し（10〜15点）,0.5777,"{'is_target': True, 'verdict': '参加推奨', 'max_combo_prob': 0.0498, 'est_top_odds': 26.8, 'circle_concentration': 57.4, 'eligible_count': 8, 'bet_adj': 2, 'reason': 'rel_win1=45.9%（本命度） / 最有力組み合わせ確率: 0.050（推定実オッズ?27倍） / 2着集中度: 上位2艇 57.4%（補正+0.00） / 総合判定確率: 0.050 / → ヒモ分散。1号艇1着固定で広めのヒモ流し推奨（買い目+2点）', 'tenji_trigger': '展示確認: ヒモ分散レース。1号艇伸び確認後、広めのヒモ流しを採用。穴ヒモ（5・6号艇）を積極的に含める。'}",,,29.7,逃げ狙い,18.8,32.4,2,,,,,,,,,,,
2025-11-29,丸亀,4,6,北川幸典,B1,33.33,6,,0.9717,4.9,51,22.9,0.1734,3.6857,,,0,低,79,0,-,F16 6,0,33.5,0.8856,,,,,,0.3125,0.125,0.1875,,,D,,,0.3629,0.5995,,0.413,A,73,0,◎-○軸 3着3〜4艇流し（10〜15点）,0.5777,"{'is_target': True, 'verdict': '参加推奨', 'max_combo_prob': 0.0498, 'est_top_odds': 26.8, 'circle_concentration': 57.4, 'eligible_count': 8, 'bet_adj': 2, 'reason': 'rel_win1=45.9%（本命度） / 最有力組み合わせ確率: 0.050（推定実オッズ?27倍） / 2着集中度: 上位2艇 57.4%（補正+0.00） / 総合判定確率: 0.050 / → ヒモ分散。1号艇1着固定で広めのヒモ流し推奨（買い目+2点）', 'tenji_trigger': '展示確認: ヒモ分散レース。1号艇伸び確認後、広めのヒモ流しを採用。穴ヒモ（5・6号艇）を積極的に含める。'}",,,29.7,逃げ狙い,18.8,32.4,2,,,,,,,,,,,
2025-11-29,丸亀,5,1,神里琴音,B1,19.51,1,◎,45.6875,,0,72.7,0.1532,3.4545,,,0,低,61,0,逃0%,543 13,0,71.1,0.9269,0.2,,,,,0.0267,0.6633,0.0267,○,,D,◎,,,0.674,,0.3766,B,58,0,◎○△フォーメーション（15〜20点）,0.5777,"{'is_target': True, 'verdict': '参加推奨', 'max_combo_prob': 0.0617, 'est_top_odds': 21.6, 'circle_concentration': 77.4, 'eligible_count': 9, 'bet_adj': 2, 'reason': 'rel_win1=45.7%（本命度） / 最有力組み合わせ確率: 0.062（推定実オッズ?22倍） / 2着集中度: 上位2艇 77.4%（補正+0.04） / 総合判定確率: 0.102 / → ヒモ分散。1号艇1着固定で広めのヒモ流し推奨（買い目+2点）', 'tenji_trigger': '展示確認: ヒモ分散レース。1号艇伸び確認後、広めのヒモ流しを採用。穴ヒモ（5・6号艇）を積極的に含める。'}",,,31.7,両建て推奨,17.99,38.6,2,,,,,0,0,0.6155,0,,主役軸流し,B
2025-11-29,丸亀,5,2,平川香織,B1,17.78,2,,19.0489,42.7,57,66.7,0.1873,4.1,,,0,低,85,0,-,236 21,0,57,1.1841,0,0.1765,0.1176,0,0,0.075,0.075,0.275,,,E,△,,0.0934,0.56,,0.3766,B,58,0,◎○△フォーメーション（15〜20点）,0.5777,"{'is_target': True, 'verdict': '参加推奨', 'max_combo_prob': 0.0617, 'est_top_odds': 21.6, 'circle_concentration': 77.4, 'eligible_count': 9, 'bet_adj': 2, 'reason': 'rel_win1=45.7%（本命度） / 最有力組み合わせ確率: 0.062（推定実オッズ?22倍） / 2着集中度: 上位2艇 77.4%（補正+0.04） / 総合判定確率: 0.102 / → ヒモ分散。1号艇1着固定で広めのヒモ流し推奨（買い目+2点）', 'tenji_trigger': '展示確認: ヒモ分散レース。1号艇伸び確認後、広めのヒモ流しを採用。穴ヒモ（5・6号艇）を積極的に含める。'}",,,31.7,両建て推奨,17.99,38.6,2,,,,,,,,,,,
2025-11-29,丸亀,5,3,滝川真由,B1,18.18,3,△,13.9792,34.7,75,65.4,0.1492,2.5962,,,0,低,60,0,差ま0%,154 45,0,42,0.9973,0,0,0,0.125,0,0.2333,0.2667,0.0333,,◎,E,○,,0.3856,0.612,,0.3766,B,58,0,◎○△フォーメーション（15〜20点）,0.5777,"{'is_target': True, 'verdict': '参加推奨', 'max_combo_prob': 0.0617, 'est_top_odds': 21.6, 'circle_concentration': 77.4, 'eligible_count': 9, 'bet_adj': 2, 'reason': 'rel_win1=45.7%（本命度） / 最有力組み合わせ確率: 0.062（推定実オッズ?22倍） / 2着集中度: 上位2艇 77.4%（補正+0.04） / 総合判定確率: 0.102 / → ヒモ分散。1号艇1着固定で広めのヒモ流し推奨（買い目+2点）', 'tenji_trigger': '展示確認: ヒモ分散レース。1号艇伸び確認後、広めのヒモ流しを採用。穴ヒモ（5・6号艇）を積極的に含める。'}",,,31.7,両建て推奨,17.99,38.6,2,,,,,,,,,,,
2025-11-29,丸亀,5,4,若狭奈美,A2,39.62,4,▲,14.1575,17.4,100,67.7,0.1706,3.5645,,,0,低,81,0,-,1 332,0,83.4,0.7289,0,0.0769,0.0769,0,0,0.08,0.28,0.1,,,B,△,,0.3284,0.542,,0.3766,B,58,0,◎○△フォーメーション（15〜20点）,0.5777,"{'is_target': True, 'verdict': '参加推奨', 'max_combo_prob': 0.0617, 'est_top_odds': 21.6, 'circle_concentration': 77.4, 'eligible_count': 9, 'bet_adj': 2, 'reason': 'rel_win1=45.7%（本命度） / 最有力組み合わせ確率: 0.062（推定実オッズ?22倍） / 2着集中度: 上位2艇 77.4%（補正+0.04） / 総合判定確率: 0.102 / → ヒモ分散。1号艇1着固定で広めのヒモ流し推奨（買い目+2点）', 'tenji_trigger': '展示確認: ヒモ分散レース。1号艇伸び確認後、広めのヒモ流しを採用。穴ヒモ（5・6号艇）を積極的に含める。'}",,,31.7,両建て推奨,17.99,38.6,2,,,,,,,,,,,
2025-11-29,丸亀,5,5,滝沢織寧,B1,45.28,5,○,5.6489,3.8,63,22.5,0.1613,3.15,,,0,低,58,0,-,5 455,0,25.5,0.6562,,,,,,0.2857,0.4286,0.2857,,,A,,,0.3855,0.5245,,0.3766,B,58,0,◎○△フォーメーション（15〜20点）,0.5777,"{'is_target': True, 'verdict': '参加推奨', 'max_combo_prob': 0.0617, 'est_top_odds': 21.6, 'circle_concentration': 77.4, 'eligible_count': 9, 'bet_adj': 2, 'reason': 'rel_win1=45.7%（本命度） / 最有力組み合わせ確率: 0.062（推定実オッズ?22倍） / 2着集中度: 上位2艇 77.4%（補正+0.04） / 総合判定確率: 0.102 / → ヒモ分散。1号艇1着固定で広めのヒモ流し推奨（買い目+2点）', 'tenji_trigger': '展示確認: ヒモ分散レース。1号艇伸び確認後、広めのヒモ流しを採用。穴ヒモ（5・6号艇）を積極的に含める。'}",,,31.7,両建て推奨,17.99,38.6,2,,,,,,,,,,,
2025-11-29,丸亀,5,6,黒澤めぐ,A2,26.92,6,,1.478,1.4,78,33.3,0.2171,4.6667,,,0,低,48,0,-,1264F,0,28.2,1.6531,,,,,,0,0.0571,0,,,C,,,0.2345,0.5305,,0.3766,B,58,0,◎○△フォーメーション（15〜20点）,0.5777,"{'is_target': True, 'verdict': '参加推奨', 'max_combo_prob': 0.0617, 'est_top_odds': 21.6, 'circle_concentration': 77.4, 'eligible_count': 9, 'bet_adj': 2, 'reason': 'rel_win1=45.7%（本命度） / 最有力組み合わせ確率: 0.062（推定実オッズ?22倍） / 2着集中度: 上位2艇 77.4%（補正+0.04） / 総合判定確率: 0.102 / → ヒモ分散。1号艇1着固定で広めのヒモ流し推奨（買い目+2点）', 'tenji_trigger': '展示確認: ヒモ分散レース。1号艇伸び確認後、広めのヒモ流しを採用。穴ヒモ（5・6号艇）を積極的に含める。'}",,,31.7,両建て推奨,17.99,38.6,2,,,,,,,,,,,
2025-11-29,丸亀,6,1,北川潤二,A1,42.59,1,◎,62.1818,,0,93.9,0.127,2.0408,,,0,低,54,0,逃1%,23161,0,83.6,1.0246,0.7174,,,,,0.0848,0.1348,0.0435,◎,,B,○,,,0.673,,0.7043,S,90,0,◎1着固定 2-3着流し（5〜8点）,0.5777,"{'is_target': True, 'verdict': '点数絞り', 'max_combo_prob': 0.0868, 'est_top_odds': 15.4, 'circle_concentration': 84.7, 'eligible_count': 6, 'bet_adj': 0, 'reason': 'rel_win1=62.2%（本命度） / 最有力組み合わせ確率: 0.087（推定実オッズ?15倍） / 2着集中度: 上位2艇 84.7%（補正+0.04） / 総合判定確率: 0.127 / → ヒモはやや固め。上位2艇以外を切ること', 'tenji_trigger': '展示確認: 1号艇伸び良→そのまま採用。悪→飛び組に差し替え。circle_pct上位2艇に絞り込むこと。\n展示で1号艇スタート超安定(0.127秒)→ヒモ固まり方向に注意'}",,,26.6,逃げ狙い,14.77,26.9,2,,,,,0,0,0.7559,0,,逃げ軸流し,A
2025-11-29,丸亀,6,2,三嶌さら,B1,42.55,2,▲,12.3537,46.3,71,44.4,0.1611,3.7222,,,0,低,82,1,抜0%,4 4644,0,63.7,1.1203,0,0,0,0,0.1111,0,0.25,0,,,B,,,0.0902,0.576,,0.7043,S,90,0,◎1着固定 2-3着流し（5〜8点）,0.5777,"{'is_target': True, 'verdict': '点数絞り', 'max_combo_prob': 0.0868, 'est_top_odds': 15.4, 'circle_concentration': 84.7, 'eligible_count': 6, 'bet_adj': 0, 'reason': 'rel_win1=62.2%（本命度） / 最有力組み合わせ確率: 0.087（推定実オッズ?15倍） / 2着集中度: 上位2艇 84.7%（補正+0.04） / 総合判定確率: 0.127 / → ヒモはやや固め。上位2艇以外を切ること', 'tenji_trigger': '展示確認: 1号艇伸び良→そのまま採用。悪→飛び組に差し替え。circle_pct上位2艇に絞り込むこと。\n展示で1号艇スタート超安定(0.127秒)→ヒモ固まり方向に注意'}",,,26.6,逃げ狙い,14.77,26.9,2,,,,,,,,,,,
2025-11-29,丸亀,6,3,大場　敏,A2,29.09,3,△,10.259,38.3,100,72.5,0.1326,2.5362,,,0,低,93,0,-,543 34,0,57.7,1.1067,0,0,0.0312,0.0625,0,0.0933,0.1756,0.0111,,,D,◎,,0.2774,0.7095,,0.7043,S,90,0,◎1着固定 2-3着流し（5〜8点）,0.5777,"{'is_target': True, 'verdict': '点数絞り', 'max_combo_prob': 0.0868, 'est_top_odds': 15.4, 'circle_concentration': 84.7, 'eligible_count': 6, 'bet_adj': 0, 'reason': 'rel_win1=62.2%（本命度） / 最有力組み合わせ確率: 0.087（推定実オッズ?15倍） / 2着集中度: 上位2艇 84.7%（補正+0.04） / 総合判定確率: 0.127 / → ヒモはやや固め。上位2艇以外を切ること', 'tenji_trigger': '展示確認: 1号艇伸び良→そのまま採用。悪→飛び組に差し替え。circle_pct上位2艇に絞り込むこと。\n展示で1号艇スタート超安定(0.127秒)→ヒモ固まり方向に注意'}",,,26.6,逃げ狙い,14.77,26.9,2,,,,,,,,,,,
2025-11-29,丸亀,6,4,宮地秀祈,B1,34.04,4,,4.465,6.5,51,27.1,0.1868,4.0085,,,0,低,145,0,-,552 55,0,15.3,0.4266,0,0,0,0.0435,0,0.2914,0.2714,0.06,,,C,,,0.1293,0.6005,,0.7043,S,90,0,◎1着固定 2-3着流し（5〜8点）,0.5777,"{'is_target': True, 'verdict': '点数絞り', 'max_combo_prob': 0.0868, 'est_top_odds': 15.4, 'circle_concentration': 84.7, 'eligible_count': 6, 'bet_adj': 0, 'reason': 'rel_win1=62.2%（本命度） / 最有力組み合わせ確率: 0.087（推定実オッズ?15倍） / 2着集中度: 上位2艇 84.7%（補正+0.04） / 総合判定確率: 0.127 / → ヒモはやや固め。上位2艇以外を切ること', 'tenji_trigger': '展示確認: 1号艇伸び良→そのまま採用。悪→飛び組に差し替え。circle_pct上位2艇に絞り込むこと。\n展示で1号艇スタート超安定(0.127秒)→ヒモ固まり方向に注意'}",,,26.6,逃げ狙い,14.77,26.9,2,,,,,,,,,,,
2025-11-29,丸亀,6,5,岡本慎治,A2,25.49,5,,3.8237,5.7,82,31.8,0.1741,3.8182,,,0,低,107,0,-,666 44,0,48.6,0.8333,,,,,,0.4053,0.0421,0.2132,,,E,△,,0.1839,0.611,,0.7043,S,90,0,◎1着固定 2-3着流し（5〜8点）,0.5777,"{'is_target': True, 'verdict': '点数絞り', 'max_combo_prob': 0.0868, 'est_top_odds': 15.4, 'circle_concentration': 84.7, 'eligible_count': 6, 'bet_adj': 0, 'reason': 'rel_win1=62.2%（本命度） / 最有力組み合わせ確率: 0.087（推定実オッズ?15倍） / 2着集中度: 上位2艇 84.7%（補正+0.04） / 総合判定確率: 0.127 / → ヒモはやや固め。上位2艇以外を切ること', 'tenji_trigger': '展示確認: 1号艇伸び良→そのまま採用。悪→飛び組に差し替え。circle_pct上位2艇に絞り込むこと。\n展示で1号艇スタート超安定(0.127秒)→ヒモ固まり方向に注意'}",,,26.6,逃げ狙い,14.77,26.9,2,,,,,,,,,,,
2025-11-29,丸亀,6,6,安河内将,A1,43.14,6,○,6.9168,3.1,99,47.9,0.1821,4.0104,,,0,低,99,0,-,14111,0,42,0.7772,0,0,0,0.0476,0,0.0781,0.0781,0.0781,,,B,△,,0.1276,0.6335,,0.7043,S,90,0,◎1着固定 2-3着流し（5〜8点）,0.5777,"{'is_target': True, 'verdict': '点数絞り', 'max_combo_prob': 0.0868, 'est_top_odds': 15.4, 'circle_concentration': 84.7, 'eligible_count': 6, 'bet_adj': 0, 'reason': 'rel_win1=62.2%（本命度） / 最有力組み合わせ確率: 0.087（推定実オッズ?15倍） / 2着集中度: 上位2艇 84.7%（補正+0.04） / 総合判定確率: 0.127 / → ヒモはやや固め。上位2艇以外を切ること', 'tenji_trigger': '展示確認: 1号艇伸び良→そのまま採用。悪→飛び組に差し替え。circle_pct上位2艇に絞り込むこと。\n展示で1号艇スタート超安定(0.127秒)→ヒモ固まり方向に注意'}",,,26.6,逃げ狙い,14.77,26.9,2,,,,,,,,,,,
2025-11-29,丸亀,7,1,原田篤志,A1,29.41,1,◎,70.8231,,0,91.2,0.1485,2.6758,,,0,低,122,0,逃1%,15133,0,78.9,1.0293,0.725,,,,,0.02,0.125,0.02,◎,,B,,,,0.5685,,0.7092,S,84,0,◎1着固定 2-3着流し（5〜8点）,0.5777,"{'is_target': True, 'verdict': '参加推奨', 'max_combo_prob': 0.0904, 'est_top_odds': 14.8, 'circle_concentration': 63.3, 'eligible_count': 6, 'bet_adj': 2, 'reason': 'rel_win1=70.8%（本命度） / 最有力組み合わせ確率: 0.090（推定実オッズ?15倍） / 2着集中度: 上位2艇 63.3%（補正+0.00） / 総合判定確率: 0.090 / → ヒモ分散。1号艇1着固定で広めのヒモ流し推奨（買い目+2点）', 'tenji_trigger': '展示確認: ヒモ分散レース。1号艇伸び確認後、広めのヒモ流しを採用。穴ヒモ（5・6号艇）を積極的に含める。'}",,,24.8,逃げ狙い,9.86,25.8,4,,,,,0,0,0.7559,0,,逃げ軸流し,A
2025-11-29,丸亀,7,2,貫地谷直,B1,25.00,2,△,5.393,43,68,28.3,0.2157,4.3774,,,0,低,204,0,-,6 461,0,66.4,0.5462,,,,,,0.0571,0.6214,0.2643,,,C,△,,0.0775,0.5725,,0.7092,S,84,0,◎1着固定 2-3着流し（5〜8点）,0.5777,"{'is_target': True, 'verdict': '参加推奨', 'max_combo_prob': 0.0904, 'est_top_odds': 14.8, 'circle_concentration': 63.3, 'eligible_count': 6, 'bet_adj': 2, 'reason': 'rel_win1=70.8%（本命度） / 最有力組み合わせ確率: 0.090（推定実オッズ?15倍） / 2着集中度: 上位2艇 63.3%（補正+0.00） / 総合判定確率: 0.090 / → ヒモ分散。1号艇1着固定で広めのヒモ流し推奨（買い目+2点）', 'tenji_trigger': '展示確認: ヒモ分散レース。1号艇伸び確認後、広めのヒモ流しを採用。穴ヒモ（5・6号艇）を積極的に含める。'}",,,24.8,逃げ狙い,9.86,25.8,4,,,,,,,,,,,
2025-11-29,丸亀,7,3,信濃由行,B1,23.26,3,▲,6.1983,15.9,77,27.3,0.1841,3.9545,,,0,低,146,0,-,261 65,0,88,1.7812,0,0,0,0.0345,0,0.0348,0.0696,0.3096,,,D,○,,0.105,0.6165,,0.7092,S,84,0,◎1着固定 2-3着流し（5〜8点）,0.5777,"{'is_target': True, 'verdict': '参加推奨', 'max_combo_prob': 0.0904, 'est_top_odds': 14.8, 'circle_concentration': 63.3, 'eligible_count': 6, 'bet_adj': 2, 'reason': 'rel_win1=70.8%（本命度） / 最有力組み合わせ確率: 0.090（推定実オッズ?15倍） / 2着集中度: 上位2艇 63.3%（補正+0.00） / 総合判定確率: 0.090 / → ヒモ分散。1号艇1着固定で広めのヒモ流し推奨（買い目+2点）', 'tenji_trigger': '展示確認: ヒモ分散レース。1号艇伸び確認後、広めのヒモ流しを採用。穴ヒモ（5・6号艇）を積極的に含める。'}",,,24.8,逃げ狙い,9.86,25.8,4,,,,,,,,,,,
2025-11-29,丸亀,7,4,村上彰一,B1,18.92,4,,5.48,19.2,100,46,0.1922,3.76,,,0,低,120,0,-,6 342,0,65.1,1.257,,,,,,0.225,0.25,0.25,,,E,△,,0.1438,0.5715,,0.7092,S,84,0,◎1着固定 2-3着流し（5〜8点）,0.5777,"{'is_target': True, 'verdict': '参加推奨', 'max_combo_prob': 0.0904, 'est_top_odds': 14.8, 'circle_concentration': 63.3, 'eligible_count': 6, 'bet_adj': 2, 'reason': 'rel_win1=70.8%（本命度） / 最有力組み合わせ確率: 0.090（推定実オッズ?15倍） / 2着集中度: 上位2艇 63.3%（補正+0.00） / 総合判定確率: 0.090 / → ヒモ分散。1号艇1着固定で広めのヒモ流し推奨（買い目+2点）', 'tenji_trigger': '展示確認: ヒモ分散レース。1号艇伸び確認後、広めのヒモ流しを採用。穴ヒモ（5・6号艇）を積極的に含める。'}",,,24.8,逃げ狙い,9.86,25.8,4,,,,,,,,,,,
2025-11-29,丸亀,7,5,安田政彦,A2,22.50,5,,3.7878,1.6,65,18.2,0.2086,4.4659,,,0,低,147,0,-,4 544,0,52.6,1.0974,0,0,0,0.04,0,0.2188,0.3285,0.1918,,,D,,,0.105,0.5665,,0.7092,S,84,0,◎1着固定 2-3着流し（5〜8点）,0.5777,"{'is_target': True, 'verdict': '参加推奨', 'max_combo_prob': 0.0904, 'est_top_odds': 14.8, 'circle_concentration': 63.3, 'eligible_count': 6, 'bet_adj': 2, 'reason': 'rel_win1=70.8%（本命度） / 最有力組み合わせ確率: 0.090（推定実オッズ?15倍） / 2着集中度: 上位2艇 63.3%（補正+0.00） / 総合判定確率: 0.090 / → ヒモ分散。1号艇1着固定で広めのヒモ流し推奨（買い目+2点）', 'tenji_trigger': '展示確認: ヒモ分散レース。1号艇伸び確認後、広めのヒモ流しを採用。穴ヒモ（5・6号艇）を積極的に含める。'}",,,24.8,逃げ狙い,9.86,25.8,4,,,,,,,,,,,
2025-11-29,丸亀,7,6,松田大志,A1,39.62,6,○,8.3177,20.3,95,53.8,0.188,4.1385,,,0,低,125,0,-,212 11,0,30.4,1.2522,0,0.0345,0.0345,0.0345,0,0.0948,0.0273,0.113,,,A,◎,◎,0.1619,0.631,0.3335,0.7092,S,84,0,◎1着固定 2-3着流し（5〜8点）,0.5777,"{'is_target': True, 'verdict': '参加推奨', 'max_combo_prob': 0.0904, 'est_top_odds': 14.8, 'circle_concentration': 63.3, 'eligible_count': 6, 'bet_adj': 2, 'reason': 'rel_win1=70.8%（本命度） / 最有力組み合わせ確率: 0.090（推定実オッズ?15倍） / 2着集中度: 上位2艇 63.3%（補正+0.00） / 総合判定確率: 0.090 / → ヒモ分散。1号艇1着固定で広めのヒモ流し推奨（買い目+2点）', 'tenji_trigger': '展示確認: ヒモ分散レース。1号艇伸び確認後、広めのヒモ流しを採用。穴ヒモ（5・6号艇）を積極的に含める。'}",,,24.8,逃げ狙い,9.86,25.8,4,,,,,,,,,,,
2025-11-29,丸亀,8,1,木谷賢太,A2,38.00,1,◎,61.1834,,0,90,0.1334,2.6357,,,0,低,107,0,逃1%,1 1232,0,86.1,1.0859,0.7429,,,,,0.0343,0.0114,0.1957,◎,,C,◎,,,0.663,,0.6558,S,86,0,◎1着固定 2-3着流し（5〜8点）,0.5777,"{'is_target': True, 'verdict': '点数絞り', 'max_combo_prob': 0.1102, 'est_top_odds': 12.1, 'circle_concentration': 71.4, 'eligible_count': 6, 'bet_adj': 0, 'reason': 'rel_win1=61.2%（本命度） / 最有力組み合わせ確率: 0.110（推定実オッズ?12倍） / 2着集中度: 上位2艇 71.4%（補正+0.04） / 総合判定確率: 0.150 / → ヒモはやや固め。上位2艇以外を切ること', 'tenji_trigger': '展示確認: 1号艇伸び良→そのまま採用。悪→飛び組に差し替え。circle_pct上位2艇に絞り込むこと。\n展示で1号艇スタート超安定(0.133秒)→ヒモ固まり方向に注意'}",,,27.3,逃げ狙い,19.01,25.1,2,,,,,0,0,0.7559,0,,逃げ軸流し,A
2025-11-29,丸亀,8,2,西丸侑太,A2,54.90,2,▲,17.6355,41.2,55,76.2,0.1864,3.75,,,0,低,100,0,差0% ま0%,322 13,0,31.3,0.869,0,0.2,0.16,0,0,0,0.1314,0.0429,,,A,△,,0.0967,0.6105,,0.6558,S,86,0,◎1着固定 2-3着流し（5〜8点）,0.5777,"{'is_target': True, 'verdict': '点数絞り', 'max_combo_prob': 0.1102, 'est_top_odds': 12.1, 'circle_concentration': 71.4, 'eligible_count': 6, 'bet_adj': 0, 'reason': 'rel_win1=61.2%（本命度） / 最有力組み合わせ確率: 0.110（推定実オッズ?12倍） / 2着集中度: 上位2艇 71.4%（補正+0.04） / 総合判定確率: 0.150 / → ヒモはやや固め。上位2艇以外を切ること', 'tenji_trigger': '展示確認: 1号艇伸び良→そのまま採用。悪→飛び組に差し替え。circle_pct上位2艇に絞り込むこと。\n展示で1号艇スタート超安定(0.133秒)→ヒモ固まり方向に注意'}",,,27.3,逃げ狙い,19.01,25.1,2,,,,,,,,,,,
2025-11-29,丸亀,8,3,杉山貴博,A1,50.00,3,○,11.7889,30.1,100,75.8,0.1598,2.9597,,,0,低,125,0,-,3 3215,0,23.6,0.7204,0,0,0.037,0.0741,0.037,0.0343,0.1657,0.1771,,,B,○,,0.1564,0.655,,0.6558,S,86,0,◎1着固定 2-3着流し（5〜8点）,0.5777,"{'is_target': True, 'verdict': '点数絞り', 'max_combo_prob': 0.1102, 'est_top_odds': 12.1, 'circle_concentration': 71.4, 'eligible_count': 6, 'bet_adj': 0, 'reason': 'rel_win1=61.2%（本命度） / 最有力組み合わせ確率: 0.110（推定実オッズ?12倍） / 2着集中度: 上位2艇 71.4%（補正+0.04） / 総合判定確率: 0.150 / → ヒモはやや固め。上位2艇以外を切ること', 'tenji_trigger': '展示確認: 1号艇伸び良→そのまま採用。悪→飛び組に差し替え。circle_pct上位2艇に絞り込むこと。\n展示で1号艇スタート超安定(0.133秒)→ヒモ固まり方向に注意'}",,,27.3,逃げ狙い,19.01,25.1,2,,,,,,,,,,,
2025-11-29,丸亀,8,4,木村光宏,B1,20.93,4,,5.0589,17.2,46,37.5,0.1783,3.7604,,,0,低,99,0,ま0%,3 162,0,29,0.7277,0,0,0.0769,0.0385,0,0.3952,0.3571,0.0571,,,E,△,,0.122,0.6335,,0.6558,S,86,0,◎1着固定 2-3着流し（5〜8点）,0.5777,"{'is_target': True, 'verdict': '点数絞り', 'max_combo_prob': 0.1102, 'est_top_odds': 12.1, 'circle_concentration': 71.4, 'eligible_count': 6, 'bet_adj': 0, 'reason': 'rel_win1=61.2%（本命度） / 最有力組み合わせ確率: 0.110（推定実オッズ?12倍） / 2着集中度: 上位2艇 71.4%（補正+0.04） / 総合判定確率: 0.150 / → ヒモはやや固め。上位2艇以外を切ること', 'tenji_trigger': '展示確認: 1号艇伸び良→そのまま採用。悪→飛び組に差し替え。circle_pct上位2艇に絞り込むこと。\n展示で1号艇スタート超安定(0.133秒)→ヒモ固まり方向に注意'}",,,27.3,逃げ狙い,19.01,25.1,2,,,,,,,,,,,
2025-11-29,丸亀,8,5,西舘　健,A2,42.00,5,△,2.9712,11.1,45,41.3,0.1665,3.3492,,,0,低,130,0,差ま0%,2 252S,0,61.9,1.1312,0,0,0,0.037,0,0.0895,0.1581,0.1124,,,C,,,0.1759,0.6065,,0.6558,S,86,0,◎1着固定 2-3着流し（5〜8点）,0.5777,"{'is_target': True, 'verdict': '点数絞り', 'max_combo_prob': 0.1102, 'est_top_odds': 12.1, 'circle_concentration': 71.4, 'eligible_count': 6, 'bet_adj': 0, 'reason': 'rel_win1=61.2%（本命度） / 最有力組み合わせ確率: 0.110（推定実オッズ?12倍） / 2着集中度: 上位2艇 71.4%（補正+0.04） / 総合判定確率: 0.150 / → ヒモはやや固め。上位2艇以外を切ること', 'tenji_trigger': '展示確認: 1号艇伸び良→そのまま採用。悪→飛び組に差し替え。circle_pct上位2艇に絞り込むこと。\n展示で1号艇スタート超安定(0.133秒)→ヒモ固まり方向に注意'}",,,27.3,逃げ狙い,19.01,25.1,2,,,,,,,,,,,
2025-11-29,丸亀,8,6,浜崎準也,B1,28.30,6,,1.3622,0.3,38,18.9,0.1991,4.717,,,0,低,122,0,-,465 14,0,22.4,0.6475,,,,,,0.3,0.3,0,,,E,,,0.1388,0.5915,,0.6558,S,86,0,◎1着固定 2-3着流し（5〜8点）,0.5777,"{'is_target': True, 'verdict': '点数絞り', 'max_combo_prob': 0.1102, 'est_top_odds': 12.1, 'circle_concentration': 71.4, 'eligible_count': 6, 'bet_adj': 0, 'reason': 'rel_win1=61.2%（本命度） / 最有力組み合わせ確率: 0.110（推定実オッズ?12倍） / 2着集中度: 上位2艇 71.4%（補正+0.04） / 総合判定確率: 0.150 / → ヒモはやや固め。上位2艇以外を切ること', 'tenji_trigger': '展示確認: 1号艇伸び良→そのまま採用。悪→飛び組に差し替え。circle_pct上位2艇に絞り込むこと。\n展示で1号艇スタート超安定(0.133秒)→ヒモ固まり方向に注意'}",,,27.3,逃げ狙い,19.01,25.1,2,,,,,,,,,,,
2025-11-29,丸亀,9,1,前原大道,A1,25.93,1,◎,59.5094,,0,91.7,0.1377,2.875,,,0,低,90,0,逃1%,311 33,0,64.8,0.9965,0.8889,,,,,0,0.037,0,◎,,C,,,,0.5915,,0.5924,A,78,0,◎-○軸 3着3〜4艇流し（10〜15点）,0.5777,"{'is_target': True, 'verdict': '点数絞り', 'max_combo_prob': 0.1482, 'est_top_odds': 9.0, 'circle_concentration': 78.9, 'eligible_count': 8, 'bet_adj': 0, 'reason': 'rel_win1=59.5%（本命度） / 最有力組み合わせ確率: 0.148（推定実オッズ?9倍） / 2着集中度: 上位2艇 78.9%（補正+0.04） / 総合判定確率: 0.188 / → ヒモはやや固め。上位2艇以外を切ること', 'tenji_trigger': '展示確認: 1号艇伸び良→そのまま採用。悪→飛び組に差し替え。circle_pct上位2艇に絞り込むこと。\n展示で1号艇スタート超安定(0.138秒)→ヒモ固まり方向に注意'}",,,27.5,逃げ狙い,22.38,23,2,,,,,0,0,0.7559,0,,逃げ軸流し,A
2025-11-29,丸亀,9,2,山口達也,A1,26.19,2,△,16.2764,54.8,42,79.5,0.1477,3.4487,,,0,低,66,0,-,363 11,0,31.6,0.7626,0,0,0.25,0,0.125,0,0.1154,0.1154,,,C,△,,0.2387,0.625,,0.5924,A,78,0,◎-○軸 3着3〜4艇流し（10〜15点）,0.5777,"{'is_target': True, 'verdict': '点数絞り', 'max_combo_prob': 0.1482, 'est_top_odds': 9.0, 'circle_concentration': 78.9, 'eligible_count': 8, 'bet_adj': 0, 'reason': 'rel_win1=59.5%（本命度） / 最有力組み合わせ確率: 0.148（推定実オッズ?9倍） / 2着集中度: 上位2艇 78.9%（補正+0.04） / 総合判定確率: 0.188 / → ヒモはやや固め。上位2艇以外を切ること', 'tenji_trigger': '展示確認: 1号艇伸び良→そのまま採用。悪→飛び組に差し替え。circle_pct上位2艇に絞り込むこと。\n展示で1号艇スタート超安定(0.138秒)→ヒモ固まり方向に注意'}",,,27.5,逃げ狙い,22.38,23,2,,,,,,,,,,,
2025-11-29,丸亀,9,3,若狭奈美,A2,39.62,3,▲,10.1633,24.1,58,65.4,0.175,3.8654,,,0,低,81,0,-,1 332,0,24.2,0.8181,0,0,0.1111,0,0,0.08,0.28,0.1,,,A,,,0.1231,0.542,,0.5924,A,78,0,◎-○軸 3着3〜4艇流し（10〜15点）,0.5777,"{'is_target': True, 'verdict': '点数絞り', 'max_combo_prob': 0.1482, 'est_top_odds': 9.0, 'circle_concentration': 78.9, 'eligible_count': 8, 'bet_adj': 0, 'reason': 'rel_win1=59.5%（本命度） / 最有力組み合わせ確率: 0.148（推定実オッズ?9倍） / 2着集中度: 上位2艇 78.9%（補正+0.04） / 総合判定確率: 0.188 / → ヒモはやや固め。上位2艇以外を切ること', 'tenji_trigger': '展示確認: 1号艇伸び良→そのまま採用。悪→飛び組に差し替え。circle_pct上位2艇に絞り込むこと。\n展示で1号艇スタート超安定(0.138秒)→ヒモ固まり方向に注意'}",,,27.5,逃げ狙い,22.38,23,2,,,,,,,,,,,
2025-11-29,丸亀,9,4,中山雄太,A1,29.09,4,○,8.9352,11,100,62.7,0.13,2.7119,,,0,低,75,0,-,2 5522,0,44,1.0017,0,0,0.1111,0.0741,0,0.0385,0.0769,0.1154,,,C,○,◎,0.3382,0.671,0.3421,0.5924,A,78,0,◎-○軸 3着3〜4艇流し（10〜15点）,0.5777,"{'is_target': True, 'verdict': '点数絞り', 'max_combo_prob': 0.1482, 'est_top_odds': 9.0, 'circle_concentration': 78.9, 'eligible_count': 8, 'bet_adj': 0, 'reason': 'rel_win1=59.5%（本命度） / 最有力組み合わせ確率: 0.148（推定実オッズ?9倍） / 2着集中度: 上位2艇 78.9%（補正+0.04） / 総合判定確率: 0.188 / → ヒモはやや固め。上位2艇以外を切ること', 'tenji_trigger': '展示確認: 1号艇伸び良→そのまま採用。悪→飛び組に差し替え。circle_pct上位2艇に絞り込むこと。\n展示で1号艇スタート超安定(0.138秒)→ヒモ固まり方向に注意'}",,,27.5,逃げ狙い,22.38,23,2,,,,,,,,,,,
2025-11-29,丸亀,9,5,田川大貴,A2,23.21,5,,4.2347,9.4,35,36.5,0.1335,3.1154,,,0,低,91,0,-,342 65,0,96.9,1.8667,0,0,0.0345,0.069,0,0.1434,0.0774,0.1003,,,D,△,,0.3032,0.616,,0.5924,A,78,0,◎-○軸 3着3〜4艇流し（10〜15点）,0.5777,"{'is_target': True, 'verdict': '点数絞り', 'max_combo_prob': 0.1482, 'est_top_odds': 9.0, 'circle_concentration': 78.9, 'eligible_count': 8, 'bet_adj': 0, 'reason': 'rel_win1=59.5%（本命度） / 最有力組み合わせ確率: 0.148（推定実オッズ?9倍） / 2着集中度: 上位2艇 78.9%（補正+0.04） / 総合判定確率: 0.188 / → ヒモはやや固め。上位2艇以外を切ること', 'tenji_trigger': '展示確認: 1号艇伸び良→そのまま採用。悪→飛び組に差し替え。circle_pct上位2艇に絞り込むこと。\n展示で1号艇スタート超安定(0.138秒)→ヒモ固まり方向に注意'}",,,27.5,逃げ狙い,22.38,23,2,,,,,,,,,,,
2025-11-29,丸亀,9,6,神里琴音,B1,19.51,6,,0.8809,0.7,27,11.4,0.1443,3.4143,,,0,低,61,0,-,543 13,0,26.6,0.8244,,,,,,0.0267,0.6633,0.0267,,,E,◎,,0.2916,0.674,,0.5924,A,78,0,◎-○軸 3着3〜4艇流し（10〜15点）,0.5777,"{'is_target': True, 'verdict': '点数絞り', 'max_combo_prob': 0.1482, 'est_top_odds': 9.0, 'circle_concentration': 78.9, 'eligible_count': 8, 'bet_adj': 0, 'reason': 'rel_win1=59.5%（本命度） / 最有力組み合わせ確率: 0.148（推定実オッズ?9倍） / 2着集中度: 上位2艇 78.9%（補正+0.04） / 総合判定確率: 0.188 / → ヒモはやや固め。上位2艇以外を切ること', 'tenji_trigger': '展示確認: 1号艇伸び良→そのまま採用。悪→飛び組に差し替え。circle_pct上位2艇に絞り込むこと。\n展示で1号艇スタート超安定(0.138秒)→ヒモ固まり方向に注意'}",,,27.5,逃げ狙い,22.38,23,2,,,,,,,,,,,
2025-11-29,丸亀,10,1,安河内将,A1,43.14,1,◎,67.8131,,0,91.5,0.1601,3.4939,,,0,低,99,0,逃1%,14111,0,82.9,1.0219,0.7941,,,,,0.0781,0.0781,0.0781,◎,,A,○,,,0.6335,,0.4633,S,82,0,◎1着固定 2-3着流し（5〜8点）,0.5777,"{'is_target': True, 'verdict': '点数絞り', 'max_combo_prob': 0.1078, 'est_top_odds': 12.4, 'circle_concentration': 78.5, 'eligible_count': 6, 'bet_adj': 0, 'reason': 'rel_win1=67.8%（本命度） / 最有力組み合わせ確率: 0.108（推定実オッズ?12倍） / 2着集中度: 上位2艇 78.5%（補正+0.04） / 総合判定確率: 0.148 / → ヒモはやや固め。上位2艇以外を切ること', 'tenji_trigger': '展示確認: 1号艇伸び良→そのまま採用。悪→飛び組に差し替え。circle_pct上位2艇に絞り込むこと。'}",,,27.1,逃げ狙い,15.74,27.6,2,,,,,0,0,0.7559,0,,逃げ軸流し,A
2025-11-29,丸亀,10,2,山田哲也,A1,29.41,2,○,13.4902,43.6,94,78,0.1178,2.1463,,,0,低,17,0,差0% ま0% 抜0%,226122,0,72.1,1.2417,0,0.0455,0.0909,0,0.0455,0.1046,0.1194,0.0898,,◎,D,◎,,0.5647,0.8045,,0.4633,S,82,0,◎1着固定 2-3着流し（5〜8点）,0.5777,"{'is_target': True, 'verdict': '点数絞り', 'max_combo_prob': 0.1078, 'est_top_odds': 12.4, 'circle_concentration': 78.5, 'eligible_count': 6, 'bet_adj': 0, 'reason': 'rel_win1=67.8%（本命度） / 最有力組み合わせ確率: 0.108（推定実オッズ?12倍） / 2着集中度: 上位2艇 78.5%（補正+0.04） / 総合判定確率: 0.148 / → ヒモはやや固め。上位2艇以外を切ること', 'tenji_trigger': '展示確認: 1号艇伸び良→そのまま採用。悪→飛び組に差し替え。circle_pct上位2艇に絞り込むこと。'}",,,27.1,逃げ狙い,15.74,27.6,2,,,,,,,,,,,
2025-11-29,丸亀,10,3,原田篤志,A1,29.41,3,,8.5465,35,100,78.3,0.1675,3.3417,,,0,低,122,0,-,15133,0,45.4,0.9419,0,0,0.0345,0.0345,0.0345,0.02,0.125,0.02,,,D,,,0.2476,0.5685,,0.4633,S,82,0,◎1着固定 2-3着流し（5〜8点）,0.5777,"{'is_target': True, 'verdict': '点数絞り', 'max_combo_prob': 0.1078, 'est_top_odds': 12.4, 'circle_concentration': 78.5, 'eligible_count': 6, 'bet_adj': 0, 'reason': 'rel_win1=67.8%（本命度） / 最有力組み合わせ確率: 0.108（推定実オッズ?12倍） / 2着集中度: 上位2艇 78.5%（補正+0.04） / 総合判定確率: 0.148 / → ヒモはやや固め。上位2艇以外を切ること', 'tenji_trigger': '展示確認: 1号艇伸び良→そのまま採用。悪→飛び組に差し替え。circle_pct上位2艇に絞り込むこと。'}",,,27.1,逃げ狙い,15.74,27.6,2,,,,,,,,,,,
2025-11-29,丸亀,10,4,畔柳俊吾,B1,30.77,4,,5.9783,15.9,70,47.5,0.1939,3.7459,,,0,低,164,0,-,333 26,0,52.6,1.0996,0,0,0.0435,0.0435,0,0.287,0.2217,0.2696,,,D,,,0.1585,0.5885,,0.4633,S,82,0,◎1着固定 2-3着流し（5〜8点）,0.5777,"{'is_target': True, 'verdict': '点数絞り', 'max_combo_prob': 0.1078, 'est_top_odds': 12.4, 'circle_concentration': 78.5, 'eligible_count': 6, 'bet_adj': 0, 'reason': 'rel_win1=67.8%（本命度） / 最有力組み合わせ確率: 0.108（推定実オッズ?12倍） / 2着集中度: 上位2艇 78.5%（補正+0.04） / 総合判定確率: 0.148 / → ヒモはやや固め。上位2艇以外を切ること', 'tenji_trigger': '展示確認: 1号艇伸び良→そのまま採用。悪→飛び組に差し替え。circle_pct上位2艇に絞り込むこと。'}",,,27.1,逃げ狙い,15.74,27.6,2,,,,,,,,,,,
2025-11-29,丸亀,10,5,西村秀樹,B1,32.14,5,△,2.0543,1.8,24,2,0.1742,3.92,,,0,低,122,0,-,2 543,0,26.2,0.6071,,,,,,0.25,0.1875,0.3125,,,C,△,,0.2681,0.6095,,0.4633,S,82,0,◎1着固定 2-3着流し（5〜8点）,0.5777,"{'is_target': True, 'verdict': '点数絞り', 'max_combo_prob': 0.1078, 'est_top_odds': 12.4, 'circle_concentration': 78.5, 'eligible_count': 6, 'bet_adj': 0, 'reason': 'rel_win1=67.8%（本命度） / 最有力組み合わせ確率: 0.108（推定実オッズ?12倍） / 2着集中度: 上位2艇 78.5%（補正+0.04） / 総合判定確率: 0.148 / → ヒモはやや固め。上位2艇以外を切ること', 'tenji_trigger': '展示確認: 1号艇伸び良→そのまま採用。悪→飛び組に差し替え。circle_pct上位2艇に絞り込むこと。'}",,,27.1,逃げ狙い,15.74,27.6,2,,,,,,,,,,,
2025-11-29,丸亀,10,6,鶴田勇雄,A2,37.25,6,▲,2.1177,3.8,80,31.8,0.1688,3.9924,,,0,低,167,0,-,5 4543,0,39,0.9439,,,,,,0.0258,0.3819,0.0387,,,B,△,,0.2823,0.609,,0.4633,S,82,0,◎1着固定 2-3着流し（5〜8点）,0.5777,"{'is_target': True, 'verdict': '点数絞り', 'max_combo_prob': 0.1078, 'est_top_odds': 12.4, 'circle_concentration': 78.5, 'eligible_count': 6, 'bet_adj': 0, 'reason': 'rel_win1=67.8%（本命度） / 最有力組み合わせ確率: 0.108（推定実オッズ?12倍） / 2着集中度: 上位2艇 78.5%（補正+0.04） / 総合判定確率: 0.148 / → ヒモはやや固め。上位2艇以外を切ること', 'tenji_trigger': '展示確認: 1号艇伸び良→そのまま採用。悪→飛び組に差し替え。circle_pct上位2艇に絞り込むこと。'}",,,27.1,逃げ狙い,15.74,27.6,2,,,,,,,,,,,
2025-11-29,丸亀,11,1,松田大志,A1,39.62,1,◎,62.2796,,0,94.6,0.1489,2.7065,,,0,低,125,0,逃0%,212 11,0,92.3,1.2372,0.8182,,,,,0.0948,0.0273,0.113,◎,,C,,,,0.631,,0.6214,S,96,0,◎1着固定 2-3着流し（5〜8点）,0.5777,"{'is_target': True, 'verdict': '点数絞り', 'max_combo_prob': 0.1283, 'est_top_odds': 10.4, 'circle_concentration': 84.0, 'eligible_count': 6, 'bet_adj': 0, 'reason': 'rel_win1=62.3%（本命度） / 最有力組み合わせ確率: 0.128（推定実オッズ?10倍） / 2着集中度: 上位2艇 84.0%（補正+0.04） / 総合判定確率: 0.168 / → ヒモはやや固め。上位2艇以外を切ること', 'tenji_trigger': '展示確認: 1号艇伸び良→そのまま採用。悪→飛び組に差し替え。circle_pct上位2艇に絞り込むこと。'}",,,27,逃げ狙い,17.02,26.2,2,,,,,0,0,0.7559,0,,逃げ軸流し,A
2025-11-29,丸亀,11,2,山田祐也,A1,39.13,2,▲,18.2433,47.6,74,82.9,0.1689,3.5,,,0,低,53,0,-,133132,0,36.7,0.8038,0,0.1875,0,0,0,0,0.0455,0.1364,,,C,△,,0.1439,0.663,,0.6214,S,96,0,◎1着固定 2-3着流し（5〜8点）,0.5777,"{'is_target': True, 'verdict': '点数絞り', 'max_combo_prob': 0.1283, 'est_top_odds': 10.4, 'circle_concentration': 84.0, 'eligible_count': 6, 'bet_adj': 0, 'reason': 'rel_win1=62.3%（本命度） / 最有力組み合わせ確率: 0.128（推定実オッズ?10倍） / 2着集中度: 上位2艇 84.0%（補正+0.04） / 総合判定確率: 0.168 / → ヒモはやや固め。上位2艇以外を切ること', 'tenji_trigger': '展示確認: 1号艇伸び良→そのまま採用。悪→飛び組に差し替え。circle_pct上位2艇に絞り込むこと。'}",,,27,逃げ狙い,17.02,26.2,2,,,,,,,,,,,
2025-11-29,丸亀,11,3,北川潤二,A1,42.59,3,○,8.8232,36.4,57,63.2,0.1367,2.6382,,,0,低,54,0,-,23161,0,32.2,0.7363,0,0,0.0556,0,0,0.0848,0.1348,0.0435,,,B,○,,0.3433,0.673,,0.6214,S,96,0,◎1着固定 2-3着流し（5〜8点）,0.5777,"{'is_target': True, 'verdict': '点数絞り', 'max_combo_prob': 0.1283, 'est_top_odds': 10.4, 'circle_concentration': 84.0, 'eligible_count': 6, 'bet_adj': 0, 'reason': 'rel_win1=62.3%（本命度） / 最有力組み合わせ確率: 0.128（推定実オッズ?10倍） / 2着集中度: 上位2艇 84.0%（補正+0.04） / 総合判定確率: 0.168 / → ヒモはやや固め。上位2艇以外を切ること', 'tenji_trigger': '展示確認: 1号艇伸び良→そのまま採用。悪→飛び組に差し替え。circle_pct上位2艇に絞り込むこと。'}",,,27,逃げ狙い,17.02,26.2,2,,,,,,,,,,,
2025-11-29,丸亀,11,4,大場　敏,A2,29.09,4,,5.9108,11.4,100,53.8,0.1532,3.8077,,,0,低,93,0,-,543 34,0,60.1,1.1332,0,0,0.0385,0,0,0.0933,0.1756,0.0111,,,E,◎,◎,0.2687,0.7095,0.3997,0.6214,S,96,0,◎1着固定 2-3着流し（5〜8点）,0.5777,"{'is_target': True, 'verdict': '点数絞り', 'max_combo_prob': 0.1283, 'est_top_odds': 10.4, 'circle_concentration': 84.0, 'eligible_count': 6, 'bet_adj': 0, 'reason': 'rel_win1=62.3%（本命度） / 最有力組み合わせ確率: 0.128（推定実オッズ?10倍） / 2着集中度: 上位2艇 84.0%（補正+0.04） / 総合判定確率: 0.168 / → ヒモはやや固め。上位2艇以外を切ること', 'tenji_trigger': '展示確認: 1号艇伸び良→そのまま採用。悪→飛び組に差し替え。circle_pct上位2艇に絞り込むこと。'}",,,27,逃げ狙い,17.02,26.2,2,,,,,,,,,,,
2025-11-29,丸亀,11,5,芹澤克彦,B1,29.79,5,,3.8333,3,54,23.6,0.1564,3.4091,,,0,低,65,0,ま0%,1 245,0,58.7,1.0914,0,0,0.0645,0.0645,0,0.1962,0.0952,0.0571,,,D,△,,0.2741,0.643,,0.6214,S,96,0,◎1着固定 2-3着流し（5〜8点）,0.5777,"{'is_target': True, 'verdict': '点数絞り', 'max_combo_prob': 0.1283, 'est_top_odds': 10.4, 'circle_concentration': 84.0, 'eligible_count': 6, 'bet_adj': 0, 'reason': 'rel_win1=62.3%（本命度） / 最有力組み合わせ確率: 0.128（推定実オッズ?10倍） / 2着集中度: 上位2艇 84.0%（補正+0.04） / 総合判定確率: 0.168 / → ヒモはやや固め。上位2艇以外を切ること', 'tenji_trigger': '展示確認: 1号艇伸び良→そのまま採用。悪→飛び組に差し替え。circle_pct上位2艇に絞り込むこと。'}",,,27,逃げ狙い,17.02,26.2,2,,,,,,,,,,,
2025-11-29,丸亀,11,6,盛本真輔,B1,39.66,6,△,0.9099,1.6,20,11.5,0.2352,4.8115,,,0,低,190,0,-,2 434,0,24.6,0.6483,,,,,,0.1487,0.0211,0.2237,,,B,,,0.1369,0.596,,0.6214,S,96,0,◎1着固定 2-3着流し（5〜8点）,0.5777,"{'is_target': True, 'verdict': '点数絞り', 'max_combo_prob': 0.1283, 'est_top_odds': 10.4, 'circle_concentration': 84.0, 'eligible_count': 6, 'bet_adj': 0, 'reason': 'rel_win1=62.3%（本命度） / 最有力組み合わせ確率: 0.128（推定実オッズ?10倍） / 2着集中度: 上位2艇 84.0%（補正+0.04） / 総合判定確率: 0.168 / → ヒモはやや固め。上位2艇以外を切ること', 'tenji_trigger': '展示確認: 1号艇伸び良→そのまま採用。悪→飛び組に差し替え。circle_pct上位2艇に絞り込むこと。'}",,,27,逃げ狙い,17.02,26.2,2,,,,,,,,,,,
2025-11-29,丸亀,12,1,安田政彦,A2,22.50,1,◎,65.5937,,0,86,0.1748,3.57,,,0,低,147,0,逃0%,4 544,0,98.8,1.4499,0.3793,,,,,0.2188,0.3285,0.1918,○,,D,,,,0.5665,,0.3821,A,74,0,◎-○軸 3着3〜4艇流し（10〜15点）,0.5777,"{'is_target': True, 'verdict': '点数絞り', 'max_combo_prob': 0.1206, 'est_top_odds': 11.1, 'circle_concentration': 69.5, 'eligible_count': 8, 'bet_adj': 0, 'reason': 'rel_win1=65.6%（本命度） / 最有力組み合わせ確率: 0.121（推定実オッズ?11倍） / 2着集中度: 上位2艇 69.5%（補正+0.00） / 総合判定確率: 0.121 / → ヒモはやや固め。上位2艇以外を切ること', 'tenji_trigger': '展示確認: 1号艇伸び良→そのまま採用。悪→飛び組に差し替え。circle_pct上位2艇に絞り込むこと。'}",,,31.5,逃げ狙い,16.19,39.7,3,,,,,0,0,0.6155,0,,主役軸流し,B
2025-11-29,丸亀,12,2,岡本慎治,A2,25.49,2,▲,14.9376,55.2,100,73.1,0.1617,3.4712,,,0,低,107,0,-,666 44,0,100,2.1031,0,0.0952,0.1429,0,0,0.4053,0.0421,0.2132,,◎,C,○,,0.4913,0.611,,0.3821,A,74,0,◎-○軸 3着3〜4艇流し（10〜15点）,0.5777,"{'is_target': True, 'verdict': '点数絞り', 'max_combo_prob': 0.1206, 'est_top_odds': 11.1, 'circle_concentration': 69.5, 'eligible_count': 8, 'bet_adj': 0, 'reason': 'rel_win1=65.6%（本命度） / 最有力組み合わせ確率: 0.121（推定実オッズ?11倍） / 2着集中度: 上位2艇 69.5%（補正+0.00） / 総合判定確率: 0.121 / → ヒモはやや固め。上位2艇以外を切ること', 'tenji_trigger': '展示確認: 1号艇伸び良→そのまま採用。悪→飛び組に差し替え。circle_pct上位2艇に絞り込むこと。'}",,,31.5,逃げ狙い,16.19,39.7,3,,,,,,,,,,,
2025-11-29,丸亀,12,3,大西隆洋,B1,31.91,3,○,7.7146,5.7,34,15.5,0.1947,4.181,,,0,低,103,0,-,155 46,0,100,4.795,,,,,,0.3077,0.0769,0.3077,,,B,△,,0.2532,0.6055,,0.3821,A,74,0,◎-○軸 3着3〜4艇流し（10〜15点）,0.5777,"{'is_target': True, 'verdict': '点数絞り', 'max_combo_prob': 0.1206, 'est_top_odds': 11.1, 'circle_concentration': 69.5, 'eligible_count': 8, 'bet_adj': 0, 'reason': 'rel_win1=65.6%（本命度） / 最有力組み合わせ確率: 0.121（推定実オッズ?11倍） / 2着集中度: 上位2艇 69.5%（補正+0.00） / 総合判定確率: 0.121 / → ヒモはやや固め。上位2艇以外を切ること', 'tenji_trigger': '展示確認: 1号艇伸び良→そのまま採用。悪→飛び組に差し替え。circle_pct上位2艇に絞り込むこと。'}",,,31.5,逃げ狙い,16.19,39.7,3,,,,,,,,,,,
2025-11-29,丸亀,12,4,薮内瑞希,B1,25.93,4,△,4.4745,14.4,47,17.6,0.19,3.5882,,,0,低,68,0,-,6 254,0,37.6,1.0474,,,,,,0.0333,0.0667,0.1833,,,C,△,,0.3002,0.592,,0.3821,A,74,0,◎-○軸 3着3〜4艇流し（10〜15点）,0.5777,"{'is_target': True, 'verdict': '点数絞り', 'max_combo_prob': 0.1206, 'est_top_odds': 11.1, 'circle_concentration': 69.5, 'eligible_count': 8, 'bet_adj': 0, 'reason': 'rel_win1=65.6%（本命度） / 最有力組み合わせ確率: 0.121（推定実オッズ?11倍） / 2着集中度: 上位2艇 69.5%（補正+0.00） / 総合判定確率: 0.121 / → ヒモはやや固め。上位2艇以外を切ること', 'tenji_trigger': '展示確認: 1号艇伸び良→そのまま採用。悪→飛び組に差し替え。circle_pct上位2艇に絞り込むこと。'}",,,31.5,逃げ狙い,16.19,39.7,3,,,,,,,,,,,
2025-11-29,丸亀,12,5,眞鳥康太,B1,31.58,5,,2.884,12.5,72,38,0.1998,3.91,,,0,低,138,0,-,363 35,0,36.7,1.0357,,,,,,0.0444,0.2444,0.0444,,,B,,,0.2797,0.5595,,0.3821,A,74,0,◎-○軸 3着3〜4艇流し（10〜15点）,0.5777,"{'is_target': True, 'verdict': '点数絞り', 'max_combo_prob': 0.1206, 'est_top_odds': 11.1, 'circle_concentration': 69.5, 'eligible_count': 8, 'bet_adj': 0, 'reason': 'rel_win1=65.6%（本命度） / 最有力組み合わせ確率: 0.121（推定実オッズ?11倍） / 2着集中度: 上位2艇 69.5%（補正+0.00） / 総合判定確率: 0.121 / → ヒモはやや固め。上位2艇以外を切ること', 'tenji_trigger': '展示確認: 1号艇伸び良→そのまま採用。悪→飛び組に差し替え。circle_pct上位2艇に絞り込むこと。'}",,,31.5,逃げ狙い,16.19,39.7,3,,,,,,,,,,,
2025-11-29,丸亀,12,6,石橋道友,A1,19.51,6,,4.3957,12.3,63,63.8,0.1487,3.3191,,,0,低,72,0,-,F54 3,0,33.4,0.8189,0,0,0.04,0,0,0.0516,0.0129,0.0129,,○,E,◎,,0.4151,0.64,,0.3821,A,74,0,◎-○軸 3着3〜4艇流し（10〜15点）,0.5777,"{'is_target': True, 'verdict': '点数絞り', 'max_combo_prob': 0.1206, 'est_top_odds': 11.1, 'circle_concentration': 69.5, 'eligible_count': 8, 'bet_adj': 0, 'reason': 'rel_win1=65.6%（本命度） / 最有力組み合わせ確率: 0.121（推定実オッズ?11倍） / 2着集中度: 上位2艇 69.5%（補正+0.00） / 総合判定確率: 0.121 / → ヒモはやや固め。上位2艇以外を切ること', 'tenji_trigger': '展示確認: 1号艇伸び良→そのまま採用。悪→飛び組に差し替え。circle_pct上位2艇に絞り込むこと。'}",,,31.5,逃げ狙い,16.19,39.7,3,,,,,,,,,,,
2025-11-30,丸亀,1,1,大西隆洋,B1,31.91,1,◎,56.997,,0,65.8,0.1397,2.8026,,,0,低,103,0,-,155 46,0,81.9,0.9904,0.1538,,,,,0.3077,0.0769,0.3077,○,,C,△,,,0.6055,,0.3755,B,58,0,◎○△フォーメーション（15〜20点）,0.5777,"{'is_target': True, 'verdict': '点数絞り', 'max_combo_prob': 0.0848, 'est_top_odds': 15.7, 'circle_concentration': 77.6, 'eligible_count': 9, 'bet_adj': 0, 'reason': 'rel_win1=57.0%（本命度） / 最有力組み合わせ確率: 0.085（推定実オッズ?16倍） / 2着集中度: 上位2艇 77.6%（補正+0.04） / 総合判定確率: 0.125 / → ヒモはやや固め。上位2艇以外を切ること', 'tenji_trigger': '展示確認: 1号艇伸び良→そのまま採用。悪→飛び組に差し替え。circle_pct上位2艇に絞り込むこと。\n展示で1号艇スタート超安定(0.140秒)→ヒモ固まり方向に注意'}",,,30.6,両建て推奨,17.19,36.3,3,,,,,0,0,0.6155,0,,主役軸流し,B
2025-11-30,丸亀,1,2,峰重力也,B1,32.69,2,○,17.4834,51.7,92,54.1,0.1211,2.3934,,,0,低,41,0,差1%,6 166,0,50.4,0.9378,0,0.1111,0.037,0,0,0.0211,0.1699,0.1699,,◎,B,◎,,0.5549,0.677,,0.3755,B,58,0,◎○△フォーメーション（15〜20点）,0.5777,"{'is_target': True, 'verdict': '点数絞り', 'max_combo_prob': 0.0848, 'est_top_odds': 15.7, 'circle_concentration': 77.6, 'eligible_count': 9, 'bet_adj': 0, 'reason': 'rel_win1=57.0%（本命度） / 最有力組み合わせ確率: 0.085（推定実オッズ?16倍） / 2着集中度: 上位2艇 77.6%（補正+0.04） / 総合判定確率: 0.125 / → ヒモはやや固め。上位2艇以外を切ること', 'tenji_trigger': '展示確認: 1号艇伸び良→そのまま採用。悪→飛び組に差し替え。circle_pct上位2艇に絞り込むこと。\n展示で1号艇スタート超安定(0.140秒)→ヒモ固まり方向に注意'}",,,30.6,両建て推奨,17.19,36.3,3,,,,,,,,,,,
2025-11-30,丸亀,1,3,村上彰一,B1,18.92,3,△,8.9967,25.8,84,46.2,0.1675,3.2692,,,0,低,120,0,-,6 342,0,42.6,0.9106,,,,,,0.225,0.25,0.25,,,D,,,0.1972,0.5715,,0.3755,B,58,0,◎○△フォーメーション（15〜20点）,0.5777,"{'is_target': True, 'verdict': '点数絞り', 'max_combo_prob': 0.0848, 'est_top_odds': 15.7, 'circle_concentration': 77.6, 'eligible_count': 9, 'bet_adj': 0, 'reason': 'rel_win1=57.0%（本命度） / 最有力組み合わせ確率: 0.085（推定実オッズ?16倍） / 2着集中度: 上位2艇 77.6%（補正+0.04） / 総合判定確率: 0.125 / → ヒモはやや固め。上位2艇以外を切ること', 'tenji_trigger': '展示確認: 1号艇伸び良→そのまま採用。悪→飛び組に差し替え。circle_pct上位2艇に絞り込むこと。\n展示で1号艇スタート超安定(0.140秒)→ヒモ固まり方向に注意'}",,,30.6,両建て推奨,17.19,36.3,3,,,,,,,,,,,
2025-11-30,丸亀,1,4,三嶌さら,B1,42.55,4,▲,8.6886,10.9,88,24.2,0.1927,4.2424,,,0,低,82,0,差0%,4 4644,0,43.5,0.913,0,0.0455,0,0,0,0,0.25,0,,,A,△,,0.1166,0.576,,0.3755,B,58,0,◎○△フォーメーション（15〜20点）,0.5777,"{'is_target': True, 'verdict': '点数絞り', 'max_combo_prob': 0.0848, 'est_top_odds': 15.7, 'circle_concentration': 77.6, 'eligible_count': 9, 'bet_adj': 0, 'reason': 'rel_win1=57.0%（本命度） / 最有力組み合わせ確率: 0.085（推定実オッズ?16倍） / 2着集中度: 上位2艇 77.6%（補正+0.04） / 総合判定確率: 0.125 / → ヒモはやや固め。上位2艇以外を切ること', 'tenji_trigger': '展示確認: 1号艇伸び良→そのまま採用。悪→飛び組に差し替え。circle_pct上位2艇に絞り込むこと。\n展示で1号艇スタート超安定(0.140秒)→ヒモ固まり方向に注意'}",,,30.6,両建て推奨,17.19,36.3,3,,,,,,,,,,,
2025-11-30,丸亀,1,5,草場康幸,B1,14.63,5,,4.3121,9.7,100,32.1,0.1511,3.3019,,,0,低,98,0,-,4 255,0,82.4,1.3264,,,,,,0.21,0.02,0,,,E,○,,0.289,0.6715,,0.3755,B,58,0,◎○△フォーメーション（15〜20点）,0.5777,"{'is_target': True, 'verdict': '点数絞り', 'max_combo_prob': 0.0848, 'est_top_odds': 15.7, 'circle_concentration': 77.6, 'eligible_count': 9, 'bet_adj': 0, 'reason': 'rel_win1=57.0%（本命度） / 最有力組み合わせ確率: 0.085（推定実オッズ?16倍） / 2着集中度: 上位2艇 77.6%（補正+0.04） / 総合判定確率: 0.125 / → ヒモはやや固め。上位2艇以外を切ること', 'tenji_trigger': '展示確認: 1号艇伸び良→そのまま採用。悪→飛び組に差し替え。circle_pct上位2艇に絞り込むこと。\n展示で1号艇スタート超安定(0.140秒)→ヒモ固まり方向に注意'}",,,30.6,両建て推奨,17.19,36.3,3,,,,,,,,,,,
2025-11-30,丸亀,1,6,平川香織,B1,17.78,6,,3.5223,1.8,76,20,0.2237,5.2167,,,0,低,85,0,抜0%,236 21,0,26.6,0.6942,0,0,0,0,0.0667,0.075,0.075,0.275,,,E,,,0.1465,0.56,,0.3755,B,58,0,◎○△フォーメーション（15〜20点）,0.5777,"{'is_target': True, 'verdict': '点数絞り', 'max_combo_prob': 0.0848, 'est_top_odds': 15.7, 'circle_concentration': 77.6, 'eligible_count': 9, 'bet_adj': 0, 'reason': 'rel_win1=57.0%（本命度） / 最有力組み合わせ確率: 0.085（推定実オッズ?16倍） / 2着集中度: 上位2艇 77.6%（補正+0.04） / 総合判定確率: 0.125 / → ヒモはやや固め。上位2艇以外を切ること', 'tenji_trigger': '展示確認: 1号艇伸び良→そのまま採用。悪→飛び組に差し替え。circle_pct上位2艇に絞り込むこと。\n展示で1号艇スタート超安定(0.140秒)→ヒモ固まり方向に注意'}",,,30.6,両建て推奨,17.19,36.3,3,,,,,,,,,,,
2025-11-30,丸亀,2,1,浜崎準也,B1,28.30,1,◎,54.2051,,0,75,0.16,3.1146,,,0,低,122,0,逃0%,465 14,0,100,1.6663,0.4167,,,,,0.3,0.3,0,◎,,C,△,,,0.5915,,0.5474,A,68,0,◎-○軸 3着3〜4艇流し（10〜15点）,0.5777,"{'is_target': True, 'verdict': '参加推奨', 'max_combo_prob': 0.0657, 'est_top_odds': 20.3, 'circle_concentration': 80.2, 'eligible_count': 8, 'bet_adj': 2, 'reason': 'rel_win1=54.2%（本命度） / 最有力組み合わせ確率: 0.066（推定実オッズ?20倍） / 2着集中度: 上位2艇 80.2%（補正+0.04） / 総合判定確率: 0.106 / → ヒモ分散。1号艇1着固定で広めのヒモ流し推奨（買い目+2点）', 'tenji_trigger': '展示確認: ヒモ分散レース。1号艇伸び確認後、広めのヒモ流しを採用。穴ヒモ（5・6号艇）を積極的に含める。'}",,,30.7,逃げ狙い,14.06,39.2,4,,,,,0,0,0.7559,0,,逃げ軸流し,A
2025-11-30,丸亀,2,2,木村光宏,B1,20.93,2,△,9.6026,35.5,77,46,0.1772,3.7,,,0,低,99,0,-,3 162,0,67.4,0.6841,0,0.0455,0,0,0,0.3952,0.3571,0.0571,,,E,◎,,0.1368,0.6335,,0.5474,A,68,0,◎-○軸 3着3〜4艇流し（10〜15点）,0.5777,"{'is_target': True, 'verdict': '参加推奨', 'max_combo_prob': 0.0657, 'est_top_odds': 20.3, 'circle_concentration': 80.2, 'eligible_count': 8, 'bet_adj': 2, 'reason': 'rel_win1=54.2%（本命度） / 最有力組み合わせ確率: 0.066（推定実オッズ?20倍） / 2着集中度: 上位2艇 80.2%（補正+0.04） / 総合判定確率: 0.106 / → ヒモ分散。1号艇1着固定で広めのヒモ流し推奨（買い目+2点）', 'tenji_trigger': '展示確認: ヒモ分散レース。1号艇伸び確認後、広めのヒモ流しを採用。穴ヒモ（5・6号艇）を積極的に含める。'}",,,30.7,逃げ狙い,14.06,39.2,4,,,,,,,,,,,
2025-11-30,丸亀,2,3,原田篤志,A1,29.41,3,▲,12.9745,44.8,100,78.3,0.1675,3.3417,,,0,低,122,0,-,15133,0,40.5,1.034,0,0,0.0345,0.0345,0.0345,0.02,0.125,0.02,,,C,,,0.248,0.5685,,0.5474,A,68,0,◎-○軸 3着3〜4艇流し（10〜15点）,0.5777,"{'is_target': True, 'verdict': '参加推奨', 'max_combo_prob': 0.0657, 'est_top_odds': 20.3, 'circle_concentration': 80.2, 'eligible_count': 8, 'bet_adj': 2, 'reason': 'rel_win1=54.2%（本命度） / 最有力組み合わせ確率: 0.066（推定実オッズ?20倍） / 2着集中度: 上位2艇 80.2%（補正+0.04） / 総合判定確率: 0.106 / → ヒモ分散。1号艇1着固定で広めのヒモ流し推奨（買い目+2点）', 'tenji_trigger': '展示確認: ヒモ分散レース。1号艇伸び確認後、広めのヒモ流しを採用。穴ヒモ（5・6号艇）を積極的に含める。'}",,,30.7,逃げ狙い,14.06,39.2,4,,,,,,,,,,,
2025-11-30,丸亀,2,4,盛本真輔,B1,39.66,4,○,18.2451,13.1,86,57.3,0.1775,3.4667,,,0,低,190,0,ま1%,2 434,0,100,2.2187,0,0.0667,0.1333,0,0.0333,0.1487,0.0211,0.2237,,,A,○,◎,0.2449,0.596,0.396,0.5474,A,68,0,◎-○軸 3着3〜4艇流し（10〜15点）,0.5777,"{'is_target': True, 'verdict': '参加推奨', 'max_combo_prob': 0.0657, 'est_top_odds': 20.3, 'circle_concentration': 80.2, 'eligible_count': 8, 'bet_adj': 2, 'reason': 'rel_win1=54.2%（本命度） / 最有力組み合わせ確率: 0.066（推定実オッズ?20倍） / 2着集中度: 上位2艇 80.2%（補正+0.04） / 総合判定確率: 0.106 / → ヒモ分散。1号艇1着固定で広めのヒモ流し推奨（買い目+2点）', 'tenji_trigger': '展示確認: ヒモ分散レース。1号艇伸び確認後、広めのヒモ流しを採用。穴ヒモ（5・6号艇）を積極的に含める。'}",,,30.7,逃げ狙い,14.06,39.2,4,,,,,,,,,,,
2025-11-30,丸亀,2,5,貫地谷直,B1,25.00,5,,3.6443,4.9,88,35,0.1967,4.3167,,,0,低,204,0,-,6 461,0,35.7,0.8945,,,,,,0.0571,0.6214,0.2643,,,D,△,,0.1933,0.5725,,0.5474,A,68,0,◎-○軸 3着3〜4艇流し（10〜15点）,0.5777,"{'is_target': True, 'verdict': '参加推奨', 'max_combo_prob': 0.0657, 'est_top_odds': 20.3, 'circle_concentration': 80.2, 'eligible_count': 8, 'bet_adj': 2, 'reason': 'rel_win1=54.2%（本命度） / 最有力組み合わせ確率: 0.066（推定実オッズ?20倍） / 2着集中度: 上位2艇 80.2%（補正+0.04） / 総合判定確率: 0.106 / → ヒモ分散。1号艇1着固定で広めのヒモ流し推奨（買い目+2点）', 'tenji_trigger': '展示確認: ヒモ分散レース。1号艇伸び確認後、広めのヒモ流しを採用。穴ヒモ（5・6号艇）を積極的に含める。'}",,,30.7,逃げ狙い,14.06,39.2,4,,,,,,,,,,,
2025-11-30,丸亀,2,6,黒澤めぐ,A2,26.92,6,,1.3284,1.8,74,33.3,0.2171,4.6667,,,0,低,48,0,-,1264F,0,30.4,1.6753,,,,,,0,0.0571,0,,,D,,,0.135,0.5305,,0.5474,A,68,0,◎-○軸 3着3〜4艇流し（10〜15点）,0.5777,"{'is_target': True, 'verdict': '参加推奨', 'max_combo_prob': 0.0657, 'est_top_odds': 20.3, 'circle_concentration': 80.2, 'eligible_count': 8, 'bet_adj': 2, 'reason': 'rel_win1=54.2%（本命度） / 最有力組み合わせ確率: 0.066（推定実オッズ?20倍） / 2着集中度: 上位2艇 80.2%（補正+0.04） / 総合判定確率: 0.106 / → ヒモ分散。1号艇1着固定で広めのヒモ流し推奨（買い目+2点）', 'tenji_trigger': '展示確認: ヒモ分散レース。1号艇伸び確認後、広めのヒモ流しを採用。穴ヒモ（5・6号艇）を積極的に含める。'}",,,30.7,逃げ狙い,14.06,39.2,4,,,,,,,,,,,
2025-11-30,丸亀,3,1,畔柳俊吾,B1,30.77,1,◎,50.9756,,0,69.8,0.2055,4.4717,,,0,低,164,0,-,333 26,0,100,2.3316,0.3043,,,,,0.287,0.2217,0.2696,,,C,,,,0.5885,,0.1855,B,55,0,◎○△フォーメーション（15〜20点）,0.5777,"{'is_target': True, 'verdict': '参加推奨', 'max_combo_prob': 0.067, 'est_top_odds': 19.9, 'circle_concentration': 69.9, 'eligible_count': 9, 'bet_adj': 2, 'reason': 'rel_win1=51.0%（本命度） / 最有力組み合わせ確率: 0.067（推定実オッズ?20倍） / 2着集中度: 上位2艇 69.9%（補正+0.00） / 総合判定確率: 0.067 / → ヒモ分散。1号艇1着固定で広めのヒモ流し推奨（買い目+2点）', 'tenji_trigger': '展示確認: ヒモ分散レース。1号艇伸び確認後、広めのヒモ流しを採用。穴ヒモ（5・6号艇）を積極的に含める。\n展示で1号艇スタート遅め(0.205秒)確認→ヒモが荒れやすい'}",,,37.6,両建て推奨,16.85,42.2,3,2-1-3|2-1-4|2-3-1|2-1-5|2-3-4|2-4-1|2-4-3|1-2-3|1-2-4|1-3-4,2-1-3|2-1-4|2-3-1|2-1-5|2-3-4|2-4-1|2-4-3|1-2-3|1-2-4|6-1-3|6-1-4|1-3-4,2-1-3:3.82%|2-1-4:2.3%|2-3-1:1.17%|2-1-5:0.8%|2-3-4:0.42%|2-4-1:0.35%|2-4-3:0.21%|1-2-3:5.24%|1-2-4:4.7%|1-3-4:3.85%,2-1-3:B_main|2-1-4:B_main|2-3-1:B_main|2-1-5:B_main|2-3-4:B_main|2-4-1:B_main|2-4-3:B_main|1-2-3:A|1-2-4:A|1-3-4:A,10,12,0.2915,1,[!]見送り推奨（主役決まり手「差し」― 逃げ劣勢レースで的中実績なし）,主役軸流し,B
2025-11-30,丸亀,3,2,森　雄利,B2,26.19,2,△,12.8426,37.9,64,10,0.172,4.15,,,0,低,68,1,-,462 56,0,30.9,0.5524,,,,,,0.25,0.25,0,,◎,D,△,,0.6206,0.61,,0.1855,B,55,0,◎○△フォーメーション（15〜20点）,0.5777,"{'is_target': True, 'verdict': '参加推奨', 'max_combo_prob': 0.067, 'est_top_odds': 19.9, 'circle_concentration': 69.9, 'eligible_count': 9, 'bet_adj': 2, 'reason': 'rel_win1=51.0%（本命度） / 最有力組み合わせ確率: 0.067（推定実オッズ?20倍） / 2着集中度: 上位2艇 69.9%（補正+0.00） / 総合判定確率: 0.067 / → ヒモ分散。1号艇1着固定で広めのヒモ流し推奨（買い目+2点）', 'tenji_trigger': '展示確認: ヒモ分散レース。1号艇伸び確認後、広めのヒモ流しを採用。穴ヒモ（5・6号艇）を積極的に含める。\n展示で1号艇スタート遅め(0.205秒)確認→ヒモが荒れやすい'}",,,37.6,両建て推奨,16.85,42.2,3,,,,,,,,,,,
2025-11-30,丸亀,3,3,山田祐也,A1,39.13,3,○,21.8486,32.1,90,69.2,0.1518,3.3205,,,0,低,53,0,差0% ま0% 差ま0%,133132,0,70.3,1.5648,0,0.1111,0.0556,0.0556,0,0,0.0455,0.1364,,○,A,◎,,0.5122,0.663,,0.1855,B,55,0,◎○△フォーメーション（15〜20点）,0.5777,"{'is_target': True, 'verdict': '参加推奨', 'max_combo_prob': 0.067, 'est_top_odds': 19.9, 'circle_concentration': 69.9, 'eligible_count': 9, 'bet_adj': 2, 'reason': 'rel_win1=51.0%（本命度） / 最有力組み合わせ確率: 0.067（推定実オッズ?20倍） / 2着集中度: 上位2艇 69.9%（補正+0.00） / 総合判定確率: 0.067 / → ヒモ分散。1号艇1着固定で広めのヒモ流し推奨（買い目+2点）', 'tenji_trigger': '展示確認: ヒモ分散レース。1号艇伸び確認後、広めのヒモ流しを採用。穴ヒモ（5・6号艇）を積極的に含める。\n展示で1号艇スタート遅め(0.205秒)確認→ヒモが荒れやすい'}",,,37.6,両建て推奨,16.85,42.2,3,,,,,,,,,,,
2025-11-30,丸亀,3,4,鶴田勇雄,A2,37.25,4,▲,8.3278,21.1,100,55.4,0.1759,3.5338,,,0,低,167,0,差0%,5 4543,0,52.1,1.0951,0,0.0357,0,0,0,0.0258,0.3819,0.0387,,,B,,,0.4275,0.609,,0.1855,B,55,0,◎○△フォーメーション（15〜20点）,0.5777,"{'is_target': True, 'verdict': '参加推奨', 'max_combo_prob': 0.067, 'est_top_odds': 19.9, 'circle_concentration': 69.9, 'eligible_count': 9, 'bet_adj': 2, 'reason': 'rel_win1=51.0%（本命度） / 最有力組み合わせ確率: 0.067（推定実オッズ?20倍） / 2着集中度: 上位2艇 69.9%（補正+0.00） / 総合判定確率: 0.067 / → ヒモ分散。1号艇1着固定で広めのヒモ流し推奨（買い目+2点）', 'tenji_trigger': '展示確認: ヒモ分散レース。1号艇伸び確認後、広めのヒモ流しを採用。穴ヒモ（5・6号艇）を積極的に含める。\n展示で1号艇スタート遅め(0.205秒)確認→ヒモが荒れやすい'}",,,37.6,両建て推奨,16.85,42.2,3,,,,,,,,,,,
2025-11-30,丸亀,3,5,滝川真由,B1,18.18,5,,4.7961,5.8,60,17.4,0.1778,4.1957,,,0,低,60,0,-,154 45,0,24.9,0.665,,,,,,0.2333,0.2667,0.0333,,△,E,○,,0.4354,0.612,,0.1855,B,55,0,◎○△フォーメーション（15〜20点）,0.5777,"{'is_target': True, 'verdict': '参加推奨', 'max_combo_prob': 0.067, 'est_top_odds': 19.9, 'circle_concentration': 69.9, 'eligible_count': 9, 'bet_adj': 2, 'reason': 'rel_win1=51.0%（本命度） / 最有力組み合わせ確率: 0.067（推定実オッズ?20倍） / 2着集中度: 上位2艇 69.9%（補正+0.00） / 総合判定確率: 0.067 / → ヒモ分散。1号艇1着固定で広めのヒモ流し推奨（買い目+2点）', 'tenji_trigger': '展示確認: ヒモ分散レース。1号艇伸び確認後、広めのヒモ流しを採用。穴ヒモ（5・6号艇）を積極的に含める。\n展示で1号艇スタート遅め(0.205秒)確認→ヒモが荒れやすい'}",,,37.6,両建て推奨,16.85,42.2,3,,,,,,,,,,,
2025-11-30,丸亀,3,6,岡本慎治,A2,25.49,6,,1.2093,3.2,38,24.2,0.2048,4.3636,,,0,低,107,0,-,666 44,0,27.2,0.7042,,,,,,0.4053,0.0421,0.2132,,,D,△,,0.3455,0.611,,0.1855,B,55,0,◎○△フォーメーション（15〜20点）,0.5777,"{'is_target': True, 'verdict': '参加推奨', 'max_combo_prob': 0.067, 'est_top_odds': 19.9, 'circle_concentration': 69.9, 'eligible_count': 9, 'bet_adj': 2, 'reason': 'rel_win1=51.0%（本命度） / 最有力組み合わせ確率: 0.067（推定実オッズ?20倍） / 2着集中度: 上位2艇 69.9%（補正+0.00） / 総合判定確率: 0.067 / → ヒモ分散。1号艇1着固定で広めのヒモ流し推奨（買い目+2点）', 'tenji_trigger': '展示確認: ヒモ分散レース。1号艇伸び確認後、広めのヒモ流しを採用。穴ヒモ（5・6号艇）を積極的に含める。\n展示で1号艇スタート遅め(0.205秒)確認→ヒモが荒れやすい'}",,,37.6,両建て推奨,16.85,42.2,3,,,,,,,,,,,
2025-11-30,丸亀,4,1,西村秀樹,B1,32.14,1,○,38.4722,,0,67.7,0.1726,3.2206,,,0,低,122,0,-,2 543,0,72.8,0.9571,0.125,,,,,0.25,0.1875,0.3125,△,,D,△,,,0.6095,,0.2515,C,37,0,荒れ傾向。高配当狙いか見送り,0.5777,"{'is_target': False, 'verdict': '対象外', 'max_combo_prob': None, 'est_top_odds': None, 'circle_concentration': None, 'eligible_count': 0, 'bet_adj': 0, 'reason': '1号艇rel_win1 < 45%: 通常判定に委ねる', 'tenji_trigger': ''}",,,31.3,両建て推奨,17.02,38.3,2,3-1-4|1-3-4|1-2-4|1-3-5|1-2-5|1-2-3,5-1-6|3-1-4|6-1-2|5-1-2|6-1-4|6-2-1|5-6-1|1-3-4|1-2-4|1-3-5|1-2-5|1-2-3,3-1-4:2.77%|1-3-4:7.07%|1-2-4:7.0%|1-3-5:5.89%|1-2-5:5.83%|1-2-3:5.75%,3-1-4:B_main|1-3-4:A|1-2-4:A|1-3-5:A|1-2-5:A|1-2-3:A,6,12,0.4535,1,[!]見送り推奨（主役決まり手「まくり差し」― 逃げ劣勢レースで的中実績なし）,荒れ広め,D
2025-11-30,丸亀,4,2,若狭奈美,A2,39.62,2,▲,22.0757,43.8,95,80,0.188,3.55,,,0,低,81,0,-,1 332,0,47.3,1.075,0,0.1538,0,0,0.0769,0.08,0.28,0.1,,,B,,,0.2191,0.542,,0.2515,C,37,0,荒れ傾向。高配当狙いか見送り,0.5777,"{'is_target': False, 'verdict': '対象外', 'max_combo_prob': None, 'est_top_odds': None, 'circle_concentration': None, 'eligible_count': 0, 'bet_adj': 0, 'reason': '1号艇rel_win1 < 45%: 通常判定に委ねる', 'tenji_trigger': ''}",,,31.3,両建て推奨,17.02,38.3,2,,,,,,,,,,,
2025-11-30,丸亀,4,3,三木晴斗,B1,34.04,3,△,17.075,30.8,74,57.9,0.1382,2.5395,,,0,低,97,0,抜0%,4 126,0,69.2,1.3262,0,0.05,0.05,0.15,0.05,0.095,0.195,0.155,,◎,C,,,0.5135,0.5655,,0.2515,C,37,0,荒れ傾向。高配当狙いか見送り,0.5777,"{'is_target': False, 'verdict': '対象外', 'max_combo_prob': None, 'est_top_odds': None, 'circle_concentration': None, 'eligible_count': 0, 'bet_adj': 0, 'reason': '1号艇rel_win1 < 45%: 通常判定に委ねる', 'tenji_trigger': ''}",,,31.3,両建て推奨,17.02,38.3,2,,,,,,,,,,,
2025-11-30,丸亀,4,4,北川潤二,A1,42.59,4,◎,12.19,17.4,100,55.9,0.1297,2.2712,,,0,低,54,0,差0% ま0%,23161,0,27.7,0.8081,0,0.0303,0.0909,0,0,0.0848,0.1348,0.0435,,○,B,◎,◎,0.4915,0.673,0.4092,0.2515,C,37,0,荒れ傾向。高配当狙いか見送り,0.5777,"{'is_target': False, 'verdict': '対象外', 'max_combo_prob': None, 'est_top_odds': None, 'circle_concentration': None, 'eligible_count': 0, 'bet_adj': 0, 'reason': '1号艇rel_win1 < 45%: 通常判定に委ねる', 'tenji_trigger': ''}",,,31.3,両建て推奨,17.02,38.3,2,,,,,,,,,,,
2025-11-30,丸亀,4,5,芹澤克彦,B1,29.79,5,,8.8917,3.2,75,23.6,0.1564,3.4091,,,0,低,65,0,ま0%,1 245,0,81.9,1.3079,0,0,0.0645,0.0645,0,0.1962,0.0952,0.0571,,,E,△,,0.3759,0.643,,0.2515,C,37,0,荒れ傾向。高配当狙いか見送り,0.5777,"{'is_target': False, 'verdict': '対象外', 'max_combo_prob': None, 'est_top_odds': None, 'circle_concentration': None, 'eligible_count': 0, 'bet_adj': 0, 'reason': '1号艇rel_win1 < 45%: 通常判定に委ねる', 'tenji_trigger': ''}",,,31.3,両建て推奨,17.02,38.3,2,,,,,,,,,,,
2025-11-30,丸亀,4,6,木谷賢太,A2,38.00,6,,1.2954,4.8,93,41.5,0.1823,4.7736,,,0,低,107,0,-,1 1232,0,42.6,1.0417,,,,,,0.0343,0.0114,0.1957,,,C,○,,0.3092,0.663,,0.2515,C,37,0,荒れ傾向。高配当狙いか見送り,0.5777,"{'is_target': False, 'verdict': '対象外', 'max_combo_prob': None, 'est_top_odds': None, 'circle_concentration': None, 'eligible_count': 0, 'bet_adj': 0, 'reason': '1号艇rel_win1 < 45%: 通常判定に委ねる', 'tenji_trigger': ''}",,,31.3,両建て推奨,17.02,38.3,2,,,,,,,,,,,
2025-11-30,丸亀,5,1,西丸侑太,A2,54.90,1,◎,44.2069,,0,87.5,0.15,3.125,,,0,低,100,0,逃1%,322 13,0,69.9,1.0396,0.6786,,,,,0,0.1314,0.0429,◎,,A,△,,,0.6105,,0.4849,A,64,0,◎-○軸 3着3〜4艇流し（10〜15点）,0.5777,"{'is_target': False, 'verdict': '対象外', 'max_combo_prob': None, 'est_top_odds': None, 'circle_concentration': None, 'eligible_count': 0, 'bet_adj': 0, 'reason': '1号艇rel_win1 < 45%: 通常判定に委ねる', 'tenji_trigger': ''}",,,30.5,両建て推奨,30.19,24.9,2,,,,,0,0,0.7559,0,,逃げ軸流し,A
2025-11-30,丸亀,5,2,松田大志,A1,39.62,2,○,25.547,45.9,100,86.5,0.161,3.8654,,,0,低,125,0,差0% 抜0%,212 11,0,75,1.1776,0,0.2381,0.1429,0,0.1429,0.0948,0.0273,0.113,,,B,◎,,0.2432,0.631,,0.4849,A,64,0,◎-○軸 3着3〜4艇流し（10〜15点）,0.5777,"{'is_target': False, 'verdict': '対象外', 'max_combo_prob': None, 'est_top_odds': None, 'circle_concentration': None, 'eligible_count': 0, 'bet_adj': 0, 'reason': '1号艇rel_win1 < 45%: 通常判定に委ねる', 'tenji_trigger': ''}",,,30.5,両建て推奨,30.19,24.9,2,,,,,,,,,,,
2025-11-30,丸亀,5,3,薮内瑞希,B1,25.93,3,△,9.6376,29.6,84,63.6,0.1397,2.3788,,,0,低,68,0,-,6 254,0,80.4,1.7417,0,0.1875,0.0625,0,0,0.0333,0.0667,0.1833,,◎,D,,,0.3603,0.592,,0.4849,A,64,0,◎-○軸 3着3〜4艇流し（10〜15点）,0.5777,"{'is_target': False, 'verdict': '対象外', 'max_combo_prob': None, 'est_top_odds': None, 'circle_concentration': None, 'eligible_count': 0, 'bet_adj': 0, 'reason': '1号艇rel_win1 < 45%: 通常判定に委ねる', 'tenji_trigger': ''}",,,30.5,両建て推奨,30.19,24.9,2,,,,,,,,,,,
2025-11-30,丸亀,5,4,米玉利大,B2,22.50,4,,5.8237,11.1,76,21.1,0.1832,4.1053,,,0,低,58,0,-,456 56,0,20.1,0.5834,,,,,,0,0.6667,0,,,E,,,0.1805,0.5175,,0.4849,A,64,0,◎-○軸 3着3〜4艇流し（10〜15点）,0.5777,"{'is_target': False, 'verdict': '対象外', 'max_combo_prob': None, 'est_top_odds': None, 'circle_concentration': None, 'eligible_count': 0, 'bet_adj': 0, 'reason': '1号艇rel_win1 < 45%: 通常判定に委ねる', 'tenji_trigger': ''}",,,30.5,両建て推奨,30.19,24.9,2,,,,,,,,,,,
2025-11-30,丸亀,5,5,山口達也,A1,26.19,5,,13.9739,12.3,80,59.3,0.1611,3.1481,,,0,低,66,0,ま0% 差ま0%,363 11,0,97.7,1.895,0,0,0.0833,0.1667,0,0,0.1154,0.1154,,,D,○,◎,0.2816,0.625,0.3467,0.4849,A,64,0,◎-○軸 3着3〜4艇流し（10〜15点）,0.5777,"{'is_target': False, 'verdict': '対象外', 'max_combo_prob': None, 'est_top_odds': None, 'circle_concentration': None, 'eligible_count': 0, 'bet_adj': 0, 'reason': '1号艇rel_win1 < 45%: 通常判定に委ねる', 'tenji_trigger': ''}",,,30.5,両建て推奨,30.19,24.9,2,,,,,,,,,,,
2025-11-30,丸亀,5,6,大西隆洋,B1,31.91,6,▲,0.811,1,43,15.2,0.1359,2.8696,,,0,低,103,0,-,155 46,0,55,1.6044,,,,,,0.3077,0.0769,0.3077,,,C,△,,0.354,0.6055,,0.4849,A,64,0,◎-○軸 3着3〜4艇流し（10〜15点）,0.5777,"{'is_target': False, 'verdict': '対象外', 'max_combo_prob': None, 'est_top_odds': None, 'circle_concentration': None, 'eligible_count': 0, 'bet_adj': 0, 'reason': '1号艇rel_win1 < 45%: 通常判定に委ねる', 'tenji_trigger': ''}",,,30.5,両建て推奨,30.19,24.9,2,,,,,,,,,,,
2025-11-30,丸亀,6,1,西舘　健,A2,42.00,1,◎,57.7626,,0,80.9,0.1507,2.8235,,,0,低,130,0,逃0%,2 252S,0,78.3,0.8963,0.5429,,,,,0.0895,0.1581,0.1124,○,,A,△,,,0.6065,,0.4425,S,81,0,◎1着固定 2-3着流し（5〜8点）,0.5777,"{'is_target': True, 'verdict': '参加推奨', 'max_combo_prob': 0.0707, 'est_top_odds': 18.9, 'circle_concentration': 57.7, 'eligible_count': 6, 'bet_adj': 2, 'reason': 'rel_win1=57.8%（本命度） / 最有力組み合わせ確率: 0.071（推定実オッズ?19倍） / 2着集中度: 上位2艇 57.7%（補正+0.00） / 総合判定確率: 0.071 / → ヒモ分散。1号艇1着固定で広めのヒモ流し推奨（買い目+2点）', 'tenji_trigger': '展示確認: ヒモ分散レース。1号艇伸び確認後、広めのヒモ流しを採用。穴ヒモ（5・6号艇）を積極的に含める。'}",,,23.7,逃げ狙い,17.78,30.2,5,,,,,0,0,0.6155,0,,逃げ軸流し,A
2025-11-30,丸亀,6,2,眞鳥康太,B1,31.58,2,△,7.4419,29,84,53.4,0.1741,3.8534,,,0,低,138,0,-,363 35,0,33.3,0.8774,,,,,,0.0444,0.2444,0.0444,,,C,,,0.1069,0.5595,,0.4425,S,81,0,◎1着固定 2-3着流し（5〜8点）,0.5777,"{'is_target': True, 'verdict': '参加推奨', 'max_combo_prob': 0.0707, 'est_top_odds': 18.9, 'circle_concentration': 57.7, 'eligible_count': 6, 'bet_adj': 2, 'reason': 'rel_win1=57.8%（本命度） / 最有力組み合わせ確率: 0.071（推定実オッズ?19倍） / 2着集中度: 上位2艇 57.7%（補正+0.00） / 総合判定確率: 0.071 / → ヒモ分散。1号艇1着固定で広めのヒモ流し推奨（買い目+2点）', 'tenji_trigger': '展示確認: ヒモ分散レース。1号艇伸び確認後、広めのヒモ流しを採用。穴ヒモ（5・6号艇）を積極的に含める。'}",,,23.7,逃げ狙い,17.78,30.2,5,,,,,,,,,,,
2025-11-30,丸亀,6,3,宮地秀祈,B1,34.04,3,▲,9.6945,28.7,54,48.1,0.1767,3.7115,,,0,低,145,0,-,552 55,0,37.3,0.9763,0,0,0.0333,0,0.0333,0.2914,0.2714,0.06,,,B,△,,0.1686,0.6005,,0.4425,S,81,0,◎1着固定 2-3着流し（5〜8点）,0.5777,"{'is_target': True, 'verdict': '参加推奨', 'max_combo_prob': 0.0707, 'est_top_odds': 18.9, 'circle_concentration': 57.7, 'eligible_count': 6, 'bet_adj': 2, 'reason': 'rel_win1=57.8%（本命度） / 最有力組み合わせ確率: 0.071（推定実オッズ?19倍） / 2着集中度: 上位2艇 57.7%（補正+0.00） / 総合判定確率: 0.071 / → ヒモ分散。1号艇1着固定で広めのヒモ流し推奨（買い目+2点）', 'tenji_trigger': '展示確認: ヒモ分散レース。1号艇伸び確認後、広めのヒモ流しを採用。穴ヒモ（5・6号艇）を積極的に含める。'}",,,23.7,逃げ狙い,17.78,30.2,5,,,,,,,,,,,
2025-11-30,丸亀,6,4,神里琴音,B1,19.51,4,,5.084,15.2,41,33.3,0.1423,2.9688,,,0,低,61,0,-,543 13,0,41.8,0.7094,0,0.0312,0,0,0.0312,0.0267,0.6633,0.0267,,,E,○,,0.3371,0.674,,0.4425,S,81,0,◎1着固定 2-3着流し（5〜8点）,0.5777,"{'is_target': True, 'verdict': '参加推奨', 'max_combo_prob': 0.0707, 'est_top_odds': 18.9, 'circle_concentration': 57.7, 'eligible_count': 6, 'bet_adj': 2, 'reason': 'rel_win1=57.8%（本命度） / 最有力組み合わせ確率: 0.071（推定実オッズ?19倍） / 2着集中度: 上位2艇 57.7%（補正+0.00） / 総合判定確率: 0.071 / → ヒモ分散。1号艇1着固定で広めのヒモ流し推奨（買い目+2点）', 'tenji_trigger': '展示確認: ヒモ分散レース。1号艇伸び確認後、広めのヒモ流しを採用。穴ヒモ（5・6号艇）を積極的に含める。'}",,,23.7,逃げ狙い,17.78,30.2,5,,,,,,,,,,,
2025-11-30,丸亀,6,5,山田哲也,A1,29.41,5,○,13.1699,23.8,42,60,0.1047,2.0333,,,0,低,17,0,差ま0%,226122,0,32.1,0.7486,0,0,0,0.2,0,0.1046,0.1194,0.0898,,◎,D,◎,◎,0.4942,0.8045,0.52,0.4425,S,81,0,◎1着固定 2-3着流し（5〜8点）,0.5777,"{'is_target': True, 'verdict': '参加推奨', 'max_combo_prob': 0.0707, 'est_top_odds': 18.9, 'circle_concentration': 57.7, 'eligible_count': 6, 'bet_adj': 2, 'reason': 'rel_win1=57.8%（本命度） / 最有力組み合わせ確率: 0.071（推定実オッズ?19倍） / 2着集中度: 上位2艇 57.7%（補正+0.00） / 総合判定確率: 0.071 / → ヒモ分散。1号艇1着固定で広めのヒモ流し推奨（買い目+2点）', 'tenji_trigger': '展示確認: ヒモ分散レース。1号艇伸び確認後、広めのヒモ流しを採用。穴ヒモ（5・6号艇）を積極的に含める。'}",,,23.7,逃げ狙い,17.78,30.2,5,,,,,,,,,,,
2025-11-30,丸亀,6,6,前原大道,A1,25.93,6,,6.8471,3.3,100,60,0.179,4.32,,,0,低,90,0,-,311 33,0,25,0.8933,0,0.0455,0,0.0455,0.0909,0,0.037,0,,,D,,○,0.2152,0.5915,0.1655,0.4425,S,81,0,◎1着固定 2-3着流し（5〜8点）,0.5777,"{'is_target': True, 'verdict': '参加推奨', 'max_combo_prob': 0.0707, 'est_top_odds': 18.9, 'circle_concentration': 57.7, 'eligible_count': 6, 'bet_adj': 2, 'reason': 'rel_win1=57.8%（本命度） / 最有力組み合わせ確率: 0.071（推定実オッズ?19倍） / 2着集中度: 上位2艇 57.7%（補正+0.00） / 総合判定確率: 0.071 / → ヒモ分散。1号艇1着固定で広めのヒモ流し推奨（買い目+2点）', 'tenji_trigger': '展示確認: ヒモ分散レース。1号艇伸び確認後、広めのヒモ流しを採用。穴ヒモ（5・6号艇）を積極的に含める。'}",,,23.7,逃げ狙い,17.78,30.2,5,,,,,,,,,,,
2025-11-30,丸亀,7,1,田川大貴,A2,23.21,1,◎,54.3446,,0,87.3,0.1525,2.9444,,,0,低,91,0,逃0%,342 65,0,67.3,0.9412,0.6,,,,,0.1434,0.0774,0.1003,◎,,E,△,,,0.616,,0.5561,S,81,0,◎1着固定 2-3着流し（5〜8点）,0.5777,"{'is_target': True, 'verdict': '点数絞り', 'max_combo_prob': 0.0954, 'est_top_odds': 14.0, 'circle_concentration': 80.5, 'eligible_count': 6, 'bet_adj': 0, 'reason': 'rel_win1=54.3%（本命度） / 最有力組み合わせ確率: 0.095（推定実オッズ?14倍） / 2着集中度: 上位2艇 80.5%（補正+0.04） / 総合判定確率: 0.135 / → ヒモはやや固め。上位2艇以外を切ること', 'tenji_trigger': '展示確認: 1号艇伸び良→そのまま採用。悪→飛び組に差し替え。circle_pct上位2艇に絞り込むこと。'}",,,27.6,逃げ狙い,14.49,29.9,4,,,,,0,0,0.7559,0,,逃げ軸流し,A
2025-11-30,丸亀,7,2,滝沢織寧,B1,45.28,2,▲,12.4475,51.1,72,47.6,0.1652,3.3333,,,0,低,58,0,-,5 455,0,31.9,0.7124,0,0.0833,0,0,0.0833,0.2857,0.4286,0.2857,,,B,,,0.2126,0.5245,,0.5561,S,81,0,◎1着固定 2-3着流し（5〜8点）,0.5777,"{'is_target': True, 'verdict': '点数絞り', 'max_combo_prob': 0.0954, 'est_top_odds': 14.0, 'circle_concentration': 80.5, 'eligible_count': 6, 'bet_adj': 0, 'reason': 'rel_win1=54.3%（本命度） / 最有力組み合わせ確率: 0.095（推定実オッズ?14倍） / 2着集中度: 上位2艇 80.5%（補正+0.04） / 総合判定確率: 0.135 / → ヒモはやや固め。上位2艇以外を切ること', 'tenji_trigger': '展示確認: 1号艇伸び良→そのまま採用。悪→飛び組に差し替え。circle_pct上位2艇に絞り込むこと。'}",,,27.6,逃げ狙い,14.49,29.9,4,,,,,,,,,,,
2025-11-30,丸亀,7,3,信濃由行,B1,23.26,3,,5.9626,10.3,77,27.3,0.1841,3.9545,,,0,低,146,0,-,261 65,0,88,1.7788,0,0,0,0.0345,0,0.0348,0.0696,0.3096,,,E,△,,0.1391,0.6165,,0.5561,S,81,0,◎1着固定 2-3着流し（5〜8点）,0.5777,"{'is_target': True, 'verdict': '点数絞り', 'max_combo_prob': 0.0954, 'est_top_odds': 14.0, 'circle_concentration': 80.5, 'eligible_count': 6, 'bet_adj': 0, 'reason': 'rel_win1=54.3%（本命度） / 最有力組み合わせ確率: 0.095（推定実オッズ?14倍） / 2着集中度: 上位2艇 80.5%（補正+0.04） / 総合判定確率: 0.135 / → ヒモはやや固め。上位2艇以外を切ること', 'tenji_trigger': '展示確認: 1号艇伸び良→そのまま採用。悪→飛び組に差し替え。circle_pct上位2艇に絞り込むこと。'}",,,27.6,逃げ狙い,14.49,29.9,4,,,,,,,,,,,
2025-11-30,丸亀,7,4,杉山貴博,A1,50.00,4,○,14.9179,29.4,72,64.5,0.1647,3.2984,,,0,低,125,0,ま0%,3 3215,0,30.5,0.7426,0,0,0.12,0,0,0.0343,0.1657,0.1771,,,A,◎,◎,0.2763,0.655,0.3355,0.5561,S,81,0,◎1着固定 2-3着流し（5〜8点）,0.5777,"{'is_target': True, 'verdict': '点数絞り', 'max_combo_prob': 0.0954, 'est_top_odds': 14.0, 'circle_concentration': 80.5, 'eligible_count': 6, 'bet_adj': 0, 'reason': 'rel_win1=54.3%（本命度） / 最有力組み合わせ確率: 0.095（推定実オッズ?14倍） / 2着集中度: 上位2艇 80.5%（補正+0.04） / 総合判定確率: 0.135 / → ヒモはやや固め。上位2艇以外を切ること', 'tenji_trigger': '展示確認: 1号艇伸び良→そのまま採用。悪→飛び組に差し替え。circle_pct上位2艇に絞り込むこと。'}",,,27.6,逃げ狙い,14.49,29.9,4,,,,,,,,,,,
2025-11-30,丸亀,7,5,三嶌さら,B1,42.55,5,,4.1997,6.9,42,16.7,0.1812,4.381,,,0,低,82,0,-,4 4644,0,23.7,0.619,,,,,,0,0.25,0,,,C,,,0.2305,0.576,,0.5561,S,81,0,◎1着固定 2-3着流し（5〜8点）,0.5777,"{'is_target': True, 'verdict': '点数絞り', 'max_combo_prob': 0.0954, 'est_top_odds': 14.0, 'circle_concentration': 80.5, 'eligible_count': 6, 'bet_adj': 0, 'reason': 'rel_win1=54.3%（本命度） / 最有力組み合わせ確率: 0.095（推定実オッズ?14倍） / 2着集中度: 上位2艇 80.5%（補正+0.04） / 総合判定確率: 0.135 / → ヒモはやや固め。上位2艇以外を切ること', 'tenji_trigger': '展示確認: 1号艇伸び良→そのまま採用。悪→飛び組に差し替え。circle_pct上位2艇に絞り込むこと。'}",,,27.6,逃げ狙い,14.49,29.9,4,,,,,,,,,,,
2025-11-30,丸亀,7,6,安河内将,A1,43.14,6,△,8.1276,2.3,100,47.9,0.1821,4.0104,,,0,低,99,0,-,14111,0,23.1,0.7825,0,0,0,0.0476,0,0.0781,0.0781,0.0781,,,C,○,,0.1998,0.6335,,0.5561,S,81,0,◎1着固定 2-3着流し（5〜8点）,0.5777,"{'is_target': True, 'verdict': '点数絞り', 'max_combo_prob': 0.0954, 'est_top_odds': 14.0, 'circle_concentration': 80.5, 'eligible_count': 6, 'bet_adj': 0, 'reason': 'rel_win1=54.3%（本命度） / 最有力組み合わせ確率: 0.095（推定実オッズ?14倍） / 2着集中度: 上位2艇 80.5%（補正+0.04） / 総合判定確率: 0.135 / → ヒモはやや固め。上位2艇以外を切ること', 'tenji_trigger': '展示確認: 1号艇伸び良→そのまま採用。悪→飛び組に差し替え。circle_pct上位2艇に絞り込むこと。'}",,,27.6,逃げ狙い,14.49,29.9,4,,,,,,,,,,,
2025-11-30,丸亀,8,1,中山雄太,A1,29.09,1,◎,73.5655,,0,90.8,0.1305,2.4868,,,0,低,75,0,逃0%,2 5522,0,90,1.1825,0.6923,,,,,0.0385,0.0769,0.1154,◎,,B,○,,,0.671,,0.7051,S,86,0,◎1着固定 2-3着流し（5〜8点）,0.5777,"{'is_target': True, 'verdict': '点数絞り', 'max_combo_prob': 0.1327, 'est_top_odds': 10.0, 'circle_concentration': 71.2, 'eligible_count': 6, 'bet_adj': 0, 'reason': 'rel_win1=73.6%（本命度） / 最有力組み合わせ確率: 0.133（推定実オッズ?10倍） / 2着集中度: 上位2艇 71.2%（補正+0.04） / 総合判定確率: 0.173 / → ヒモはやや固め。上位2艇以外を切ること', 'tenji_trigger': '展示確認: 1号艇伸び良→そのまま採用。悪→飛び組に差し替え。circle_pct上位2艇に絞り込むこと。\n展示で1号艇スタート超安定(0.131秒)→ヒモ固まり方向に注意'}",,,25.3,逃げ狙い,11.81,25.7,2,,,,,0,0,0.7559,0,,逃げ軸流し,A
2025-11-30,丸亀,8,2,安田政彦,A2,22.50,2,,8.7213,52.5,95,61.8,0.1902,4.0273,,,0,低,147,0,ま0%,4 544,0,51.7,1.1712,0,0.0303,0.0606,0,0,0.2188,0.3285,0.1918,,,D,,,0.0589,0.5665,,0.7051,S,86,0,◎1着固定 2-3着流し（5〜8点）,0.5777,"{'is_target': True, 'verdict': '点数絞り', 'max_combo_prob': 0.1327, 'est_top_odds': 10.0, 'circle_concentration': 71.2, 'eligible_count': 6, 'bet_adj': 0, 'reason': 'rel_win1=73.6%（本命度） / 最有力組み合わせ確率: 0.133（推定実オッズ?10倍） / 2着集中度: 上位2艇 71.2%（補正+0.04） / 総合判定確率: 0.173 / → ヒモはやや固め。上位2艇以外を切ること', 'tenji_trigger': '展示確認: 1号艇伸び良→そのまま採用。悪→飛び組に差し替え。circle_pct上位2艇に絞り込むこと。\n展示で1号艇スタート超安定(0.131秒)→ヒモ固まり方向に注意'}",,,25.3,逃げ狙い,11.81,25.7,2,,,,,,,,,,,
2025-11-30,丸亀,8,3,廣中良一,B1,27.45,3,△,6.7963,18.7,58,34.8,0.1449,2.9638,,,0,低,151,0,-,4 566,0,21.9,0.6848,0,0,0.0385,0.0385,0,0.1581,0.0762,0.1771,,,C,△,,0.215,0.6395,,0.7051,S,86,0,◎1着固定 2-3着流し（5〜8点）,0.5777,"{'is_target': True, 'verdict': '点数絞り', 'max_combo_prob': 0.1327, 'est_top_odds': 10.0, 'circle_concentration': 71.2, 'eligible_count': 6, 'bet_adj': 0, 'reason': 'rel_win1=73.6%（本命度） / 最有力組み合わせ確率: 0.133（推定実オッズ?10倍） / 2着集中度: 上位2艇 71.2%（補正+0.04） / 総合判定確率: 0.173 / → ヒモはやや固め。上位2艇以外を切ること', 'tenji_trigger': '展示確認: 1号艇伸び良→そのまま採用。悪→飛び組に差し替え。circle_pct上位2艇に絞り込むこと。\n展示で1号艇スタート超安定(0.131秒)→ヒモ固まり方向に注意'}",,,25.3,逃げ狙い,11.81,25.7,2,,,,,,,,,,,
2025-11-30,丸亀,8,4,大場　敏,A2,29.09,4,▲,6.8979,16.4,100,53.8,0.1532,3.8077,,,0,低,93,0,-,543 34,0,60.2,1.17,0,0,0.0385,0,0,0.0933,0.1756,0.0111,,,B,◎,◎,0.1973,0.7095,0.3712,0.7051,S,86,0,◎1着固定 2-3着流し（5〜8点）,0.5777,"{'is_target': True, 'verdict': '点数絞り', 'max_combo_prob': 0.1327, 'est_top_odds': 10.0, 'circle_concentration': 71.2, 'eligible_count': 6, 'bet_adj': 0, 'reason': 'rel_win1=73.6%（本命度） / 最有力組み合わせ確率: 0.133（推定実オッズ?10倍） / 2着集中度: 上位2艇 71.2%（補正+0.04） / 総合判定確率: 0.173 / → ヒモはやや固め。上位2艇以外を切ること', 'tenji_trigger': '展示確認: 1号艇伸び良→そのまま採用。悪→飛び組に差し替え。circle_pct上位2艇に絞り込むこと。\n展示で1号艇スタート超安定(0.131秒)→ヒモ固まり方向に注意'}",,,25.3,逃げ狙い,11.81,25.7,2,,,,,,,,,,,
2025-11-30,丸亀,8,5,平川香織,B1,17.78,5,,2.9715,5.2,82,25,0.2011,4.4643,,,0,低,85,0,-,236 21,0,67.2,1.3795,,,,,,0.075,0.075,0.275,,,E,,,0.1385,0.56,,0.7051,S,86,0,◎1着固定 2-3着流し（5〜8点）,0.5777,"{'is_target': True, 'verdict': '点数絞り', 'max_combo_prob': 0.1327, 'est_top_odds': 10.0, 'circle_concentration': 71.2, 'eligible_count': 6, 'bet_adj': 0, 'reason': 'rel_win1=73.6%（本命度） / 最有力組み合わせ確率: 0.133（推定実オッズ?10倍） / 2着集中度: 上位2艇 71.2%（補正+0.04） / 総合判定確率: 0.173 / → ヒモはやや固め。上位2艇以外を切ること', 'tenji_trigger': '展示確認: 1号艇伸び良→そのまま採用。悪→飛び組に差し替え。circle_pct上位2艇に絞り込むこと。\n展示で1号艇スタート超安定(0.131秒)→ヒモ固まり方向に注意'}",,,25.3,逃げ狙い,11.81,25.7,2,,,,,,,,,,,
2025-11-30,丸亀,8,6,北川幸典,B1,33.33,6,○,1.0475,7.2,51,22.9,0.1734,3.6857,,,0,低,79,0,-,F16 6,0,40.8,0.9144,,,,,,0.3125,0.125,0.1875,,,B,△,,0.1735,0.5995,,0.7051,S,86,0,◎1着固定 2-3着流し（5〜8点）,0.5777,"{'is_target': True, 'verdict': '点数絞り', 'max_combo_prob': 0.1327, 'est_top_odds': 10.0, 'circle_concentration': 71.2, 'eligible_count': 6, 'bet_adj': 0, 'reason': 'rel_win1=73.6%（本命度） / 最有力組み合わせ確率: 0.133（推定実オッズ?10倍） / 2着集中度: 上位2艇 71.2%（補正+0.04） / 総合判定確率: 0.173 / → ヒモはやや固め。上位2艇以外を切ること', 'tenji_trigger': '展示確認: 1号艇伸び良→そのまま採用。悪→飛び組に差し替え。circle_pct上位2艇に絞り込むこと。\n展示で1号艇スタート超安定(0.131秒)→ヒモ固まり方向に注意'}",,,25.3,逃げ狙い,11.81,25.7,2,,,,,,,,,,,
2025-11-30,丸亀,9,1,木谷賢太,A2,38.00,1,◎,60.5513,,0,90,0.1334,2.6357,,,0,低,107,0,逃1%,1 1232,0,86,1.0835,0.7429,,,,,0.0343,0.0114,0.1957,◎,,C,◎,,,0.663,,0.5991,S,86,0,◎1着固定 2-3着流し（5〜8点）,0.5777,"{'is_target': True, 'verdict': '参加推奨', 'max_combo_prob': 0.0839, 'est_top_odds': 15.9, 'circle_concentration': 69.1, 'eligible_count': 6, 'bet_adj': 2, 'reason': 'rel_win1=60.6%（本命度） / 最有力組み合わせ確率: 0.084（推定実オッズ?16倍） / 2着集中度: 上位2艇 69.1%（補正+0.00） / 総合判定確率: 0.084 / → ヒモ分散。1号艇1着固定で広めのヒモ流し推奨（買い目+2点）', 'tenji_trigger': '展示確認: ヒモ分散レース。1号艇伸び確認後、広めのヒモ流しを採用。穴ヒモ（5・6号艇）を積極的に含める。\n展示で1号艇スタート超安定(0.133秒)→ヒモ固まり方向に注意'}",,,26.8,逃げ狙い,17.66,25.1,3,,,,,0,0,0.7559,0,,逃げ軸流し,A
2025-11-30,丸亀,9,2,芹澤克彦,B1,29.79,2,△,11.1935,42.4,43,52.8,0.1358,2.9623,,,0,低,65,0,差0% ま0% 抜0%,1 245,0,36.5,0.8691,0,0.1071,0.0357,0,0.0357,0.1962,0.0952,0.0571,,,D,○,,0.2979,0.643,,0.5991,S,86,0,◎1着固定 2-3着流し（5〜8点）,0.5777,"{'is_target': True, 'verdict': '参加推奨', 'max_combo_prob': 0.0839, 'est_top_odds': 15.9, 'circle_concentration': 69.1, 'eligible_count': 6, 'bet_adj': 2, 'reason': 'rel_win1=60.6%（本命度） / 最有力組み合わせ確率: 0.084（推定実オッズ?16倍） / 2着集中度: 上位2艇 69.1%（補正+0.00） / 総合判定確率: 0.084 / → ヒモ分散。1号艇1着固定で広めのヒモ流し推奨（買い目+2点）', 'tenji_trigger': '展示確認: ヒモ分散レース。1号艇伸び確認後、広めのヒモ流しを採用。穴ヒモ（5・6号艇）を積極的に含める。\n展示で1号艇スタート超安定(0.133秒)→ヒモ固まり方向に注意'}",,,26.8,逃げ狙い,17.66,25.1,3,,,,,,,,,,,
2025-11-30,丸亀,9,3,西丸侑太,A2,54.90,3,○,14.1822,26.7,100,72.5,0.1655,3.2375,,,0,低,100,0,-,322 13,0,33.5,0.8963,0,0.0476,0.0476,0.0476,0.0476,0,0.1314,0.0429,,,A,△,,0.1295,0.6105,,0.5991,S,86,0,◎1着固定 2-3着流し（5〜8点）,0.5777,"{'is_target': True, 'verdict': '参加推奨', 'max_combo_prob': 0.0839, 'est_top_odds': 15.9, 'circle_concentration': 69.1, 'eligible_count': 6, 'bet_adj': 2, 'reason': 'rel_win1=60.6%（本命度） / 最有力組み合わせ確率: 0.084（推定実オッズ?16倍） / 2着集中度: 上位2艇 69.1%（補正+0.00） / 総合判定確率: 0.084 / → ヒモ分散。1号艇1着固定で広めのヒモ流し推奨（買い目+2点）', 'tenji_trigger': '展示確認: ヒモ分散レース。1号艇伸び確認後、広めのヒモ流しを採用。穴ヒモ（5・6号艇）を積極的に含める。\n展示で1号艇スタート超安定(0.133秒)→ヒモ固まり方向に注意'}",,,26.8,逃げ狙い,17.66,25.1,3,,,,,,,,,,,
2025-11-30,丸亀,9,4,山田祐也,A1,39.13,4,▲,8.3648,26.3,86,67.7,0.1423,2.9516,,,0,低,53,0,ま0% 差ま0%,133132,0,72.1,1.29,0,0,0.0714,0.1429,0,0,0.0455,0.1364,,,B,◎,,0.279,0.663,,0.5991,S,86,0,◎1着固定 2-3着流し（5〜8点）,0.5777,"{'is_target': True, 'verdict': '参加推奨', 'max_combo_prob': 0.0839, 'est_top_odds': 15.9, 'circle_concentration': 69.1, 'eligible_count': 6, 'bet_adj': 2, 'reason': 'rel_win1=60.6%（本命度） / 最有力組み合わせ確率: 0.084（推定実オッズ?16倍） / 2着集中度: 上位2艇 69.1%（補正+0.00） / 総合判定確率: 0.084 / → ヒモ分散。1号艇1着固定で広めのヒモ流し推奨（買い目+2点）', 'tenji_trigger': '展示確認: ヒモ分散レース。1号艇伸び確認後、広めのヒモ流しを採用。穴ヒモ（5・6号艇）を積極的に含める。\n展示で1号艇スタート超安定(0.133秒)→ヒモ固まり方向に注意'}",,,26.8,逃げ狙い,17.66,25.1,3,,,,,,,,,,,
2025-11-30,丸亀,9,5,木村光宏,B1,20.93,5,,4.7363,3.9,72,21.2,0.1803,3.9848,,,0,低,99,0,-,3 162,0,54.6,1.0481,,,,,,0.3952,0.3571,0.0571,,,E,△,,0.1606,0.6335,,0.5991,S,86,0,◎1着固定 2-3着流し（5〜8点）,0.5777,"{'is_target': True, 'verdict': '参加推奨', 'max_combo_prob': 0.0839, 'est_top_odds': 15.9, 'circle_concentration': 69.1, 'eligible_count': 6, 'bet_adj': 2, 'reason': 'rel_win1=60.6%（本命度） / 最有力組み合わせ確率: 0.084（推定実オッズ?16倍） / 2着集中度: 上位2艇 69.1%（補正+0.00） / 総合判定確率: 0.084 / → ヒモ分散。1号艇1着固定で広めのヒモ流し推奨（買い目+2点）', 'tenji_trigger': '展示確認: ヒモ分散レース。1号艇伸び確認後、広めのヒモ流しを採用。穴ヒモ（5・6号艇）を積極的に含める。\n展示で1号艇スタート超安定(0.133秒)→ヒモ固まり方向に注意'}",,,26.8,逃げ狙い,17.66,25.1,3,,,,,,,,,,,
2025-11-30,丸亀,9,6,畔柳俊吾,B1,30.77,6,,0.9719,0.7,48,18.4,0.191,4.2857,,,0,低,164,0,-,333 26,0,25.6,0.6803,,,,,,0.287,0.2217,0.2696,,,D,,,0.135,0.5885,,0.5991,S,86,0,◎1着固定 2-3着流し（5〜8点）,0.5777,"{'is_target': True, 'verdict': '参加推奨', 'max_combo_prob': 0.0839, 'est_top_odds': 15.9, 'circle_concentration': 69.1, 'eligible_count': 6, 'bet_adj': 2, 'reason': 'rel_win1=60.6%（本命度） / 最有力組み合わせ確率: 0.084（推定実オッズ?16倍） / 2着集中度: 上位2艇 69.1%（補正+0.00） / 総合判定確率: 0.084 / → ヒモ分散。1号艇1着固定で広めのヒモ流し推奨（買い目+2点）', 'tenji_trigger': '展示確認: ヒモ分散レース。1号艇伸び確認後、広めのヒモ流しを採用。穴ヒモ（5・6号艇）を積極的に含める。\n展示で1号艇スタート超安定(0.133秒)→ヒモ固まり方向に注意'}",,,26.8,逃げ狙い,17.66,25.1,3,,,,,,,,,,,
2025-11-30,丸亀,10,1,前原大道,A1,25.93,1,◎,58.3082,,0,91.7,0.1377,2.875,,,0,低,90,0,逃1%,311 33,0,82.3,0.9925,0.8889,,,,,0,0.037,0,◎,,D,△,,,0.5915,,0.6421,A,76,0,◎-○軸 3着3〜4艇流し（10〜15点）,0.5777,"{'is_target': True, 'verdict': '点数絞り', 'max_combo_prob': 0.0966, 'est_top_odds': 13.8, 'circle_concentration': 75.7, 'eligible_count': 8, 'bet_adj': 0, 'reason': 'rel_win1=58.3%（本命度） / 最有力組み合わせ確率: 0.097（推定実オッズ?14倍） / 2着集中度: 上位2艇 75.7%（補正+0.04） / 総合判定確率: 0.137 / → ヒモはやや固め。上位2艇以外を切ること', 'tenji_trigger': '展示確認: 1号艇伸び良→そのまま採用。悪→飛び組に差し替え。circle_pct上位2艇に絞り込むこと。\n展示で1号艇スタート超安定(0.138秒)→ヒモ固まり方向に注意'}",,,28.2,逃げ狙い,24.55,23,2,,,,,0,0,0.7559,0,,逃げ軸流し,A
2025-11-30,丸亀,10,2,山口達也,A1,26.19,2,▲,14.2829,53.1,57,79.5,0.1477,3.4487,,,0,低,66,0,-,363 11,0,54.9,0.749,0,0,0.25,0,0.125,0,0.1154,0.1154,,,D,◎,,0.2387,0.625,,0.6421,A,76,0,◎-○軸 3着3〜4艇流し（10〜15点）,0.5777,"{'is_target': True, 'verdict': '点数絞り', 'max_combo_prob': 0.0966, 'est_top_odds': 13.8, 'circle_concentration': 75.7, 'eligible_count': 8, 'bet_adj': 0, 'reason': 'rel_win1=58.3%（本命度） / 最有力組み合わせ確率: 0.097（推定実オッズ?14倍） / 2着集中度: 上位2艇 75.7%（補正+0.04） / 総合判定確率: 0.137 / → ヒモはやや固め。上位2艇以外を切ること', 'tenji_trigger': '展示確認: 1号艇伸び良→そのまま採用。悪→飛び組に差し替え。circle_pct上位2艇に絞り込むこと。\n展示で1号艇スタート超安定(0.138秒)→ヒモ固まり方向に注意'}",,,28.2,逃げ狙い,24.55,23,2,,,,,,,,,,,
2025-11-30,丸亀,10,3,西舘　健,A2,42.00,3,○,12.0881,22.5,99,58.8,0.1538,3.2941,,,0,低,130,0,差0% ま0% 差ま0% 抜0%,2 252S,0,56.8,1.1408,0,0.0333,0.0667,0.0333,0.0667,0.0895,0.1581,0.1124,,,A,△,,0.2066,0.6065,,0.6421,A,76,0,◎-○軸 3着3〜4艇流し（10〜15点）,0.5777,"{'is_target': True, 'verdict': '点数絞り', 'max_combo_prob': 0.0966, 'est_top_odds': 13.8, 'circle_concentration': 75.7, 'eligible_count': 8, 'bet_adj': 0, 'reason': 'rel_win1=58.3%（本命度） / 最有力組み合わせ確率: 0.097（推定実オッズ?14倍） / 2着集中度: 上位2艇 75.7%（補正+0.04） / 総合判定確率: 0.137 / → ヒモはやや固め。上位2艇以外を切ること', 'tenji_trigger': '展示確認: 1号艇伸び良→そのまま採用。悪→飛び組に差し替え。circle_pct上位2艇に絞り込むこと。\n展示で1号艇スタート超安定(0.138秒)→ヒモ固まり方向に注意'}",,,28.2,逃げ狙い,24.55,23,2,,,,,,,,,,,
2025-11-30,丸亀,10,4,原田篤志,A1,29.41,4,△,10.9529,16.6,85,63.8,0.171,3.6293,,,0,低,122,0,差ま0%,15133,0,43.8,0.867,0,0.1429,0.0476,0.0476,0.0476,0.02,0.125,0.02,,,C,,◎,0.1755,0.5685,0.3755,0.6421,A,76,0,◎-○軸 3着3〜4艇流し（10〜15点）,0.5777,"{'is_target': True, 'verdict': '点数絞り', 'max_combo_prob': 0.0966, 'est_top_odds': 13.8, 'circle_concentration': 75.7, 'eligible_count': 8, 'bet_adj': 0, 'reason': 'rel_win1=58.3%（本命度） / 最有力組み合わせ確率: 0.097（推定実オッズ?14倍） / 2着集中度: 上位2艇 75.7%（補正+0.04） / 総合判定確率: 0.137 / → ヒモはやや固め。上位2艇以外を切ること', 'tenji_trigger': '展示確認: 1号艇伸び良→そのまま採用。悪→飛び組に差し替え。circle_pct上位2艇に絞り込むこと。\n展示で1号艇スタート超安定(0.138秒)→ヒモ固まり方向に注意'}",,,28.2,逃げ狙い,24.55,23,2,,,,,,,,,,,
2025-11-30,丸亀,10,5,若狭奈美,A2,39.62,5,,3.0893,6.2,100,33.3,0.1919,3.9762,,,0,低,81,0,-,1 332,0,30.5,1.0402,,,,,,0.08,0.28,0.1,,,B,,,0.1385,0.542,,0.6421,A,76,0,◎-○軸 3着3〜4艇流し（10〜15点）,0.5777,"{'is_target': True, 'verdict': '点数絞り', 'max_combo_prob': 0.0966, 'est_top_odds': 13.8, 'circle_concentration': 75.7, 'eligible_count': 8, 'bet_adj': 0, 'reason': 'rel_win1=58.3%（本命度） / 最有力組み合わせ確率: 0.097（推定実オッズ?14倍） / 2着集中度: 上位2艇 75.7%（補正+0.04） / 総合判定確率: 0.137 / → ヒモはやや固め。上位2艇以外を切ること', 'tenji_trigger': '展示確認: 1号艇伸び良→そのまま採用。悪→飛び組に差し替え。circle_pct上位2艇に絞り込むこと。\n展示で1号艇スタート超安定(0.138秒)→ヒモ固まり方向に注意'}",,,28.2,逃げ狙い,24.55,23,2,,,,,,,,,,,
2025-11-30,丸亀,10,6,田川大貴,A2,23.21,6,,1.2786,1.5,37,17,0.1517,3.6356,,,0,低,91,0,-,342 65,0,24.2,0.6039,,,,,,0.1434,0.0774,0.1003,,,E,○,,0.2655,0.616,,0.6421,A,76,0,◎-○軸 3着3〜4艇流し（10〜15点）,0.5777,"{'is_target': True, 'verdict': '点数絞り', 'max_combo_prob': 0.0966, 'est_top_odds': 13.8, 'circle_concentration': 75.7, 'eligible_count': 8, 'bet_adj': 0, 'reason': 'rel_win1=58.3%（本命度） / 最有力組み合わせ確率: 0.097（推定実オッズ?14倍） / 2着集中度: 上位2艇 75.7%（補正+0.04） / 総合判定確率: 0.137 / → ヒモはやや固め。上位2艇以外を切ること', 'tenji_trigger': '展示確認: 1号艇伸び良→そのまま採用。悪→飛び組に差し替え。circle_pct上位2艇に絞り込むこと。\n展示で1号艇スタート超安定(0.138秒)→ヒモ固まり方向に注意'}",,,28.2,逃げ狙い,24.55,23,2,,,,,,,,,,,
2025-11-30,丸亀,11,1,安河内将,A1,43.14,1,◎,58.2831,,0,91.5,0.1601,3.4939,,,0,低,99,0,逃1%,14111,0,81.6,0.9907,0.7941,,,,,0.0781,0.0781,0.0781,○,,A,△,,,0.6335,,0.4492,A,79,0,◎-○軸 3着3〜4艇流し（10〜15点）,0.5777,"{'is_target': True, 'verdict': '参加推奨', 'max_combo_prob': 0.0843, 'est_top_odds': 15.8, 'circle_concentration': 68.3, 'eligible_count': 8, 'bet_adj': 2, 'reason': 'rel_win1=58.3%（本命度） / 最有力組み合わせ確率: 0.084（推定実オッズ?16倍） / 2着集中度: 上位2艇 68.3%（補正+0.00） / 総合判定確率: 0.084 / → ヒモ分散。1号艇1着固定で広めのヒモ流し推奨（買い目+2点）', 'tenji_trigger': '展示確認: ヒモ分散レース。1号艇伸び確認後、広めのヒモ流しを採用。穴ヒモ（5・6号艇）を積極的に含める。'}",,,34.5,逃げ狙い,23.51,27.6,2,,,,,0,0,0.6155,0,,逃げ軸流し,A
2025-11-30,丸亀,11,2,山田哲也,A1,29.41,2,▲,15.2492,37.9,74,78,0.1178,2.1463,,,0,低,17,0,差0% ま0% 抜0%,226122,0,76.4,1.2621,0,0.0455,0.0909,0,0.0455,0.1046,0.1194,0.0898,,◎,D,◎,,0.5647,0.8045,,0.4492,A,79,0,◎-○軸 3着3〜4艇流し（10〜15点）,0.5777,"{'is_target': True, 'verdict': '参加推奨', 'max_combo_prob': 0.0843, 'est_top_odds': 15.8, 'circle_concentration': 68.3, 'eligible_count': 8, 'bet_adj': 2, 'reason': 'rel_win1=58.3%（本命度） / 最有力組み合わせ確率: 0.084（推定実オッズ?16倍） / 2着集中度: 上位2艇 68.3%（補正+0.00） / 総合判定確率: 0.084 / → ヒモ分散。1号艇1着固定で広めのヒモ流し推奨（買い目+2点）', 'tenji_trigger': '展示確認: ヒモ分散レース。1号艇伸び確認後、広めのヒモ流しを採用。穴ヒモ（5・6号艇）を積極的に含める。'}",,,34.5,逃げ狙い,23.51,27.6,2,,,,,,,,,,,
2025-11-30,丸亀,11,3,北川潤二,A1,42.59,3,○,8.3873,30.4,49,63.2,0.1367,2.6382,,,0,低,54,0,-,23161,0,24,0.7142,0,0,0.0556,0,0,0.0848,0.1348,0.0435,,△,B,○,,0.4042,0.673,,0.4492,A,79,0,◎-○軸 3着3〜4艇流し（10〜15点）,0.5777,"{'is_target': True, 'verdict': '参加推奨', 'max_combo_prob': 0.0843, 'est_top_odds': 15.8, 'circle_concentration': 68.3, 'eligible_count': 8, 'bet_adj': 2, 'reason': 'rel_win1=58.3%（本命度） / 最有力組み合わせ確率: 0.084（推定実オッズ?16倍） / 2着集中度: 上位2艇 68.3%（補正+0.00） / 総合判定確率: 0.084 / → ヒモ分散。1号艇1着固定で広めのヒモ流し推奨（買い目+2点）', 'tenji_trigger': '展示確認: ヒモ分散レース。1号艇伸び確認後、広めのヒモ流しを採用。穴ヒモ（5・6号艇）を積極的に含める。'}",,,34.5,逃げ狙い,23.51,27.6,2,,,,,,,,,,,
2025-11-30,丸亀,11,4,中山雄太,A1,29.09,4,,8.2105,9.7,100,62.7,0.13,2.7119,,,0,低,75,0,-,2 5522,0,53.7,0.9787,0,0,0.1111,0.0741,0,0.0385,0.0769,0.1154,,○,D,△,◎,0.4272,0.671,0.4625,0.4492,A,79,0,◎-○軸 3着3〜4艇流し（10〜15点）,0.5777,"{'is_target': True, 'verdict': '参加推奨', 'max_combo_prob': 0.0843, 'est_top_odds': 15.8, 'circle_concentration': 68.3, 'eligible_count': 8, 'bet_adj': 2, 'reason': 'rel_win1=58.3%（本命度） / 最有力組み合わせ確率: 0.084（推定実オッズ?16倍） / 2着集中度: 上位2艇 68.3%（補正+0.00） / 総合判定確率: 0.084 / → ヒモ分散。1号艇1着固定で広めのヒモ流し推奨（買い目+2点）', 'tenji_trigger': '展示確認: ヒモ分散レース。1号艇伸び確認後、広めのヒモ流しを採用。穴ヒモ（5・6号艇）を積極的に含める。'}",,,34.5,逃げ狙い,23.51,27.6,2,,,,,,,,,,,
2025-11-30,丸亀,11,5,松田大志,A1,39.62,5,△,8.6427,21.8,74,70.4,0.1748,3.6019,,,0,低,125,0,抜1%,212 11,0,37.5,0.7619,0,0,0.125,0.125,0.0417,0.0948,0.0273,0.113,,,C,,○,0.2711,0.631,0.3191,0.4492,A,79,0,◎-○軸 3着3〜4艇流し（10〜15点）,0.5777,"{'is_target': True, 'verdict': '参加推奨', 'max_combo_prob': 0.0843, 'est_top_odds': 15.8, 'circle_concentration': 68.3, 'eligible_count': 8, 'bet_adj': 2, 'reason': 'rel_win1=58.3%（本命度） / 最有力組み合わせ確率: 0.084（推定実オッズ?16倍） / 2着集中度: 上位2艇 68.3%（補正+0.00） / 総合判定確率: 0.084 / → ヒモ分散。1号艇1着固定で広めのヒモ流し推奨（買い目+2点）', 'tenji_trigger': '展示確認: ヒモ分散レース。1号艇伸び確認後、広めのヒモ流しを採用。穴ヒモ（5・6号艇）を積極的に含める。'}",,,34.5,逃げ狙い,23.51,27.6,2,,,,,,,,,,,
2025-11-30,丸亀,11,6,浜崎準也,B1,28.30,6,,1.2272,0.2,39,18.9,0.1991,4.717,,,0,低,122,0,-,465 14,0,24.6,0.6319,,,,,,0.3,0.3,0,,,E,,,0.185,0.5915,,0.4492,A,79,0,◎-○軸 3着3〜4艇流し（10〜15点）,0.5777,"{'is_target': True, 'verdict': '参加推奨', 'max_combo_prob': 0.0843, 'est_top_odds': 15.8, 'circle_concentration': 68.3, 'eligible_count': 8, 'bet_adj': 2, 'reason': 'rel_win1=58.3%（本命度） / 最有力組み合わせ確率: 0.084（推定実オッズ?16倍） / 2着集中度: 上位2艇 68.3%（補正+0.00） / 総合判定確率: 0.084 / → ヒモ分散。1号艇1着固定で広めのヒモ流し推奨（買い目+2点）', 'tenji_trigger': '展示確認: ヒモ分散レース。1号艇伸び確認後、広めのヒモ流しを採用。穴ヒモ（5・6号艇）を積極的に含める。'}",,,34.5,逃げ狙い,23.51,27.6,2,,,,,,,,,,,
2025-11-30,丸亀,12,1,杉山貴博,A1,50.00,1,◎,71.6408,,0,85,0.1319,2.6562,,,0,低,125,0,逃1%,3 3215,0,81.7,0.9776,0.6286,,,,,0.0343,0.1657,0.1771,◎,,A,○,,,0.655,,0.6618,A,76,0,◎-○軸 3着3〜4艇流し（10〜15点）,0.5777,"{'is_target': True, 'verdict': '参加推奨', 'max_combo_prob': 0.0881, 'est_top_odds': 15.1, 'circle_concentration': 69.5, 'eligible_count': 8, 'bet_adj': 2, 'reason': 'rel_win1=71.6%（本命度） / 最有力組み合わせ確率: 0.088（推定実オッズ?15倍） / 2着集中度: 上位2艇 69.5%（補正+0.00） / 総合判定確率: 0.088 / → ヒモ分散。1号艇1着固定で広めのヒモ流し推奨（買い目+2点）', 'tenji_trigger': '展示確認: ヒモ分散レース。1号艇伸び確認後、広めのヒモ流しを採用。穴ヒモ（5・6号艇）を積極的に含める。\n展示で1号艇スタート超安定(0.132秒)→ヒモ固まり方向に注意'}",,,27.1,逃げ狙い,14.73,28.3,2,,,,,0,0,0.7559,0,,逃げ軸流し,A
2025-11-30,丸亀,12,2,滝川真由,B1,18.18,2,,9.9699,43.9,94,50,0.171,3.6,,,0,低,60,0,-,154 45,0,40,0.8302,,,,,,0.2333,0.2667,0.0333,,,E,△,,0.0826,0.612,,0.6618,A,76,0,◎-○軸 3着3〜4艇流し（10〜15点）,0.5777,"{'is_target': True, 'verdict': '参加推奨', 'max_combo_prob': 0.0881, 'est_top_odds': 15.1, 'circle_concentration': 69.5, 'eligible_count': 8, 'bet_adj': 2, 'reason': 'rel_win1=71.6%（本命度） / 最有力組み合わせ確率: 0.088（推定実オッズ?15倍） / 2着集中度: 上位2艇 69.5%（補正+0.00） / 総合判定確率: 0.088 / → ヒモ分散。1号艇1着固定で広めのヒモ流し推奨（買い目+2点）', 'tenji_trigger': '展示確認: ヒモ分散レース。1号艇伸び確認後、広めのヒモ流しを採用。穴ヒモ（5・6号艇）を積極的に含める。\n展示で1号艇スタート超安定(0.132秒)→ヒモ固まり方向に注意'}",,,27.1,逃げ狙い,14.73,28.3,2,,,,,,,,,,,
2025-11-30,丸亀,12,3,西村秀樹,B1,32.14,3,○,4.4874,25.6,100,41.2,0.1753,3.6176,,,0,低,122,0,-,2 543,0,18.4,0.5956,,,,,,0.25,0.1875,0.3125,,,C,,,0.152,0.6095,,0.6618,A,76,0,◎-○軸 3着3〜4艇流し（10〜15点）,0.5777,"{'is_target': True, 'verdict': '参加推奨', 'max_combo_prob': 0.0881, 'est_top_odds': 15.1, 'circle_concentration': 69.5, 'eligible_count': 8, 'bet_adj': 2, 'reason': 'rel_win1=71.6%（本命度） / 最有力組み合わせ確率: 0.088（推定実オッズ?15倍） / 2着集中度: 上位2艇 69.5%（補正+0.00） / 総合判定確率: 0.088 / → ヒモ分散。1号艇1着固定で広めのヒモ流し推奨（買い目+2点）', 'tenji_trigger': '展示確認: ヒモ分散レース。1号艇伸び確認後、広めのヒモ流しを採用。穴ヒモ（5・6号艇）を積極的に含める。\n展示で1号艇スタート超安定(0.132秒)→ヒモ固まり方向に注意'}",,,27.1,逃げ狙い,14.73,28.3,2,,,,,,,,,,,
2025-11-30,丸亀,12,4,信濃由行,B1,23.26,4,▲,8.3728,17.8,94,41.7,0.1595,3.4917,,,0,低,146,0,ま0%,261 65,0,50.5,0.8981,0,0.0909,0.0303,0.0303,0,0.0348,0.0696,0.3096,,,D,△,◎,0.2081,0.6165,0.3791,0.6618,A,76,0,◎-○軸 3着3〜4艇流し（10〜15点）,0.5777,"{'is_target': True, 'verdict': '参加推奨', 'max_combo_prob': 0.0881, 'est_top_odds': 15.1, 'circle_concentration': 69.5, 'eligible_count': 8, 'bet_adj': 2, 'reason': 'rel_win1=71.6%（本命度） / 最有力組み合わせ確率: 0.088（推定実オッズ?15倍） / 2着集中度: 上位2艇 69.5%（補正+0.00） / 総合判定確率: 0.088 / → ヒモ分散。1号艇1着固定で広めのヒモ流し推奨（買い目+2点）', 'tenji_trigger': '展示確認: ヒモ分散レース。1号艇伸び確認後、広めのヒモ流しを採用。穴ヒモ（5・6号艇）を積極的に含める。\n展示で1号艇スタート超安定(0.132秒)→ヒモ固まり方向に注意'}",,,27.1,逃げ狙い,14.73,28.3,2,,,,,,,,,,,
2025-11-30,丸亀,12,5,宮地秀祈,B1,34.04,5,△,3.2694,10.6,82,27.9,0.1861,3.9016,,,0,低,145,0,-,552 55,0,44.9,0.8174,,,,,,0.2914,0.2714,0.06,,,B,,,0.1648,0.6005,,0.6618,A,76,0,◎-○軸 3着3〜4艇流し（10〜15点）,0.5777,"{'is_target': True, 'verdict': '参加推奨', 'max_combo_prob': 0.0881, 'est_top_odds': 15.1, 'circle_concentration': 69.5, 'eligible_count': 8, 'bet_adj': 2, 'reason': 'rel_win1=71.6%（本命度） / 最有力組み合わせ確率: 0.088（推定実オッズ?15倍） / 2着集中度: 上位2艇 69.5%（補正+0.00） / 総合判定確率: 0.088 / → ヒモ分散。1号艇1着固定で広めのヒモ流し推奨（買い目+2点）', 'tenji_trigger': '展示確認: ヒモ分散レース。1号艇伸び確認後、広めのヒモ流しを採用。穴ヒモ（5・6号艇）を積極的に含める。\n展示で1号艇スタート超安定(0.132秒)→ヒモ固まり方向に注意'}",,,27.1,逃げ狙い,14.73,28.3,2,,,,,,,,,,,
2025-11-30,丸亀,12,6,大場　敏,A2,29.09,6,,2.2596,2.1,81,23.1,0.184,4.8365,,,0,低,93,0,-,543 34,0,39,0.7781,0,0.0357,0,0,0,0.0933,0.1756,0.0111,,,D,◎,,0.1369,0.7095,,0.6618,A,76,0,◎-○軸 3着3〜4艇流し（10〜15点）,0.5777,"{'is_target': True, 'verdict': '参加推奨', 'max_combo_prob': 0.0881, 'est_top_odds': 15.1, 'circle_concentration': 69.5, 'eligible_count': 8, 'bet_adj': 2, 'reason': 'rel_win1=71.6%（本命度） / 最有力組み合わせ確率: 0.088（推定実オッズ?15倍） / 2着集中度: 上位2艇 69.5%（補正+0.00） / 総合判定確率: 0.088 / → ヒモ分散。1号艇1着固定で広めのヒモ流し推奨（買い目+2点）', 'tenji_trigger': '展示確認: ヒモ分散レース。1号艇伸び確認後、広めのヒモ流しを採用。穴ヒモ（5・6号艇）を積極的に含める。\n展示で1号艇スタート超安定(0.132秒)→ヒモ固まり方向に注意'}",,,27.1,逃げ狙い,14.73,28.3,2,,,,,,,,,,,
2025-12-01,丸亀,1,1,木村光宏,B1,20.93,1,◎,58.4,,0,71.7,0.1528,3.2283,,,0,低,99,0,逃0%,3 162,0,58.3,0.9438,0.3333,,,,,0.3952,0.3571,0.0571,○,,D,○,,,0.6335,,0.434,A,65,0,◎-○軸 3着3〜4艇流し（10〜15点）,0.5777,"{'is_target': True, 'verdict': '点数絞り', 'max_combo_prob': 0.1524, 'est_top_odds': 8.8, 'circle_concentration': 81.0, 'eligible_count': 8, 'bet_adj': 0, 'reason': 'rel_win1=58.4%（本命度） / 最有力組み合わせ確率: 0.152（推定実オッズ?9倍） / 2着集中度: 上位2艇 81.0%（補正+0.04） / 総合判定確率: 0.192 / → ヒモはやや固め。上位2艇以外を切ること', 'tenji_trigger': '展示確認: 1号艇伸び良→そのまま採用。悪→飛び組に差し替え。circle_pct上位2艇に絞り込むこと。'}",,,31.3,逃げ狙い,11.5,43.2,4,,,,,0,0,0.6155,0,,主役軸流し,B
2025-12-01,丸亀,1,2,滝沢織寧,B1,45.28,2,▲,14.5815,57.4,57,47.6,0.1652,3.3333,,,0,低,58,0,-,5 455,0,23.7,0.7343,0,0.0833,0,0,0.0833,0.2857,0.4286,0.2857,,,A,,,0.2534,0.5245,,0.434,A,65,0,◎-○軸 3着3〜4艇流し（10〜15点）,0.5777,"{'is_target': True, 'verdict': '点数絞り', 'max_combo_prob': 0.1524, 'est_top_odds': 8.8, 'circle_concentration': 81.0, 'eligible_count': 8, 'bet_adj': 0, 'reason': 'rel_win1=58.4%（本命度） / 最有力組み合わせ確率: 0.152（推定実オッズ?9倍） / 2着集中度: 上位2艇 81.0%（補正+0.04） / 総合判定確率: 0.192 / → ヒモはやや固め。上位2艇以外を切ること', 'tenji_trigger': '展示確認: 1号艇伸び良→そのまま採用。悪→飛び組に差し替え。circle_pct上位2艇に絞り込むこと。'}",,,31.3,逃げ狙い,11.5,43.2,4,,,,,,,,,,,
2025-12-01,丸亀,1,3,草場康幸,B1,14.63,3,,10.4213,23.6,100,61.2,0.1633,3,,,0,低,98,0,-,4 255,0,100,2.8827,0,0,0,0.0435,0,0.21,0.02,0,,,E,◎,,0.2875,0.6715,,0.434,A,65,0,◎-○軸 3着3〜4艇流し（10〜15点）,0.5777,"{'is_target': True, 'verdict': '点数絞り', 'max_combo_prob': 0.1524, 'est_top_odds': 8.8, 'circle_concentration': 81.0, 'eligible_count': 8, 'bet_adj': 0, 'reason': 'rel_win1=58.4%（本命度） / 最有力組み合わせ確率: 0.152（推定実オッズ?9倍） / 2着集中度: 上位2艇 81.0%（補正+0.04） / 総合判定確率: 0.192 / → ヒモはやや固め。上位2艇以外を切ること', 'tenji_trigger': '展示確認: 1号艇伸び良→そのまま採用。悪→飛び組に差し替え。circle_pct上位2艇に絞り込むこと。'}",,,31.3,逃げ狙い,11.5,43.2,4,,,,,,,,,,,
2025-12-01,丸亀,1,4,大西隆洋,B1,31.91,4,○,10.616,16.2,59,40,0.1445,2.9818,,,0,低,103,0,-,155 46,0,53.6,0.9547,,,,,,0.3077,0.0769,0.3077,,,B,△,,0.3993,0.6055,,0.434,A,65,0,◎-○軸 3着3〜4艇流し（10〜15点）,0.5777,"{'is_target': True, 'verdict': '点数絞り', 'max_combo_prob': 0.1524, 'est_top_odds': 8.8, 'circle_concentration': 81.0, 'eligible_count': 8, 'bet_adj': 0, 'reason': 'rel_win1=58.4%（本命度） / 最有力組み合わせ確率: 0.152（推定実オッズ?9倍） / 2着集中度: 上位2艇 81.0%（補正+0.04） / 総合判定確率: 0.192 / → ヒモはやや固め。上位2艇以外を切ること', 'tenji_trigger': '展示確認: 1号艇伸び良→そのまま採用。悪→飛び組に差し替え。circle_pct上位2艇に絞り込むこと。'}",,,31.3,逃げ狙い,11.5,43.2,4,,,,,,,,,,,
2025-12-01,丸亀,1,5,森　雄利,B2,26.19,5,△,4.6448,1.6,26,6.2,0.1581,2.9792,,,0,低,68,0,差ま0%,462 56,0,99,1.9633,0,0,0,0.0323,0,0.25,0.25,0,,,C,△,,0.3148,0.61,,0.434,A,65,0,◎-○軸 3着3〜4艇流し（10〜15点）,0.5777,"{'is_target': True, 'verdict': '点数絞り', 'max_combo_prob': 0.1524, 'est_top_odds': 8.8, 'circle_concentration': 81.0, 'eligible_count': 8, 'bet_adj': 0, 'reason': 'rel_win1=58.4%（本命度） / 最有力組み合わせ確率: 0.152（推定実オッズ?9倍） / 2着集中度: 上位2艇 81.0%（補正+0.04） / 総合判定確率: 0.192 / → ヒモはやや固め。上位2艇以外を切ること', 'tenji_trigger': '展示確認: 1号艇伸び良→そのまま採用。悪→飛び組に差し替え。circle_pct上位2艇に絞り込むこと。'}",,,31.3,逃げ狙い,11.5,43.2,4,,,,,,,,,,,
2025-12-01,丸亀,1,6,貫地谷直,B1,25.00,6,,1.3365,1.2,35,14,0.2379,5.3023,,,0,低,204,0,-,6 461,0,40.7,1.6067,,,,,,0.0571,0.6214,0.2643,,,D,,,0.1926,0.5725,,0.434,A,65,0,◎-○軸 3着3〜4艇流し（10〜15点）,0.5777,"{'is_target': True, 'verdict': '点数絞り', 'max_combo_prob': 0.1524, 'est_top_odds': 8.8, 'circle_concentration': 81.0, 'eligible_count': 8, 'bet_adj': 0, 'reason': 'rel_win1=58.4%（本命度） / 最有力組み合わせ確率: 0.152（推定実オッズ?9倍） / 2着集中度: 上位2艇 81.0%（補正+0.04） / 総合判定確率: 0.192 / → ヒモはやや固め。上位2艇以外を切ること', 'tenji_trigger': '展示確認: 1号艇伸び良→そのまま採用。悪→飛び組に差し替え。circle_pct上位2艇に絞り込むこと。'}",,,31.3,逃げ狙い,11.5,43.2,4,,,,,,,,,,,
2025-12-01,丸亀,2,1,浜崎準也,B1,28.30,1,◎,59.7122,,0,75,0.16,3.1146,,,0,低,122,0,逃0%,465 14,0,100,1.7024,0.4167,,,,,0.3,0.3,0,○,,B,△,,,0.5915,,0.4396,A,75,0,◎-○軸 3着3〜4艇流し（10〜15点）,0.5777,"{'is_target': True, 'verdict': '点数絞り', 'max_combo_prob': 0.1392, 'est_top_odds': 9.6, 'circle_concentration': 76.4, 'eligible_count': 8, 'bet_adj': 0, 'reason': 'rel_win1=59.7%（本命度） / 最有力組み合わせ確率: 0.139（推定実オッズ?10倍） / 2着集中度: 上位2艇 76.4%（補正+0.04） / 総合判定確率: 0.179 / → ヒモはやや固め。上位2艇以外を切ること', 'tenji_trigger': '展示確認: 1号艇伸び良→そのまま採用。悪→飛び組に差し替え。circle_pct上位2艇に絞り込むこと。'}",,,30.2,逃げ狙い,12.26,39.2,2,,,,,0,0,0.6155,0,,主役軸流し,B
2025-12-01,丸亀,2,2,田川大貴,A2,23.21,2,○,14.7886,58.3,45,70,0.141,2.9667,,,0,低,91,0,差1%,342 65,0,36.9,0.6745,0,0.1562,0.0312,0,0,0.1434,0.0774,0.1003,,◎,D,○,,0.5235,0.616,,0.4396,A,75,0,◎-○軸 3着3〜4艇流し（10〜15点）,0.5777,"{'is_target': True, 'verdict': '点数絞り', 'max_combo_prob': 0.1392, 'est_top_odds': 9.6, 'circle_concentration': 76.4, 'eligible_count': 8, 'bet_adj': 0, 'reason': 'rel_win1=59.7%（本命度） / 最有力組み合わせ確率: 0.139（推定実オッズ?10倍） / 2着集中度: 上位2艇 76.4%（補正+0.04） / 総合判定確率: 0.179 / → ヒモはやや固め。上位2艇以外を切ること', 'tenji_trigger': '展示確認: 1号艇伸び良→そのまま採用。悪→飛び組に差し替え。circle_pct上位2艇に絞り込むこと。'}",,,30.2,逃げ狙い,12.26,39.2,2,,,,,,,,,,,
2025-12-01,丸亀,2,3,平川香織,B1,17.78,3,,11.6114,18.1,100,63,0.1889,4.2037,,,0,低,85,0,-,236 21,0,44.5,1.2308,0,0,0.0667,0.0667,0,0.075,0.075,0.275,,,E,,,0.1485,0.56,,0.4396,A,75,0,◎-○軸 3着3〜4艇流し（10〜15点）,0.5777,"{'is_target': True, 'verdict': '点数絞り', 'max_combo_prob': 0.1392, 'est_top_odds': 9.6, 'circle_concentration': 76.4, 'eligible_count': 8, 'bet_adj': 0, 'reason': 'rel_win1=59.7%（本命度） / 最有力組み合わせ確率: 0.139（推定実オッズ?10倍） / 2着集中度: 上位2艇 76.4%（補正+0.04） / 総合判定確率: 0.179 / → ヒモはやや固め。上位2艇以外を切ること', 'tenji_trigger': '展示確認: 1号艇伸び良→そのまま採用。悪→飛び組に差し替え。circle_pct上位2艇に絞り込むこと。'}",,,30.2,逃げ狙い,12.26,39.2,2,,,,,,,,,,,
2025-12-01,丸亀,2,4,廣中良一,B1,27.45,4,▲,7.3978,12.1,54,32.8,0.1597,3.3443,,,0,低,151,0,-,4 566,0,70.6,1.4632,,,,,,0.1581,0.0762,0.1771,,,C,◎,,0.3132,0.6395,,0.4396,A,75,0,◎-○軸 3着3〜4艇流し（10〜15点）,0.5777,"{'is_target': True, 'verdict': '点数絞り', 'max_combo_prob': 0.1392, 'est_top_odds': 9.6, 'circle_concentration': 76.4, 'eligible_count': 8, 'bet_adj': 0, 'reason': 'rel_win1=59.7%（本命度） / 最有力組み合わせ確率: 0.139（推定実オッズ?10倍） / 2着集中度: 上位2艇 76.4%（補正+0.04） / 総合判定確率: 0.179 / → ヒモはやや固め。上位2艇以外を切ること', 'tenji_trigger': '展示確認: 1号艇伸び良→そのまま採用。悪→飛び組に差し替え。circle_pct上位2艇に絞り込むこと。'}",,,30.2,逃げ狙い,12.26,39.2,2,,,,,,,,,,,
2025-12-01,丸亀,2,5,村上彰一,B1,18.92,5,,3.9943,9.6,59,30.8,0.1683,3.8077,,,0,低,120,0,-,6 342,0,33.5,0.7914,0,0,0,0.0435,0,0.225,0.25,0.25,,,D,,,0.2545,0.5715,,0.4396,A,75,0,◎-○軸 3着3〜4艇流し（10〜15点）,0.5777,"{'is_target': True, 'verdict': '点数絞り', 'max_combo_prob': 0.1392, 'est_top_odds': 9.6, 'circle_concentration': 76.4, 'eligible_count': 8, 'bet_adj': 0, 'reason': 'rel_win1=59.7%（本命度） / 最有力組み合わせ確率: 0.139（推定実オッズ?10倍） / 2着集中度: 上位2艇 76.4%（補正+0.04） / 総合判定確率: 0.179 / → ヒモはやや固め。上位2艇以外を切ること', 'tenji_trigger': '展示確認: 1号艇伸び良→そのまま採用。悪→飛び組に差し替え。circle_pct上位2艇に絞り込むこと。'}",,,30.2,逃げ狙い,12.26,39.2,2,,,,,,,,,,,
2025-12-01,丸亀,2,6,西舘　健,A2,42.00,6,△,2.4958,1.9,37,28.3,0.1789,3.9717,,,0,低,130,0,-,2 252S,0,25.7,0.9089,0,0,0,0.0357,0,0.0895,0.1581,0.1124,,,A,△,,0.2228,0.6065,,0.4396,A,75,0,◎-○軸 3着3〜4艇流し（10〜15点）,0.5777,"{'is_target': True, 'verdict': '点数絞り', 'max_combo_prob': 0.1392, 'est_top_odds': 9.6, 'circle_concentration': 76.4, 'eligible_count': 8, 'bet_adj': 0, 'reason': 'rel_win1=59.7%（本命度） / 最有力組み合わせ確率: 0.139（推定実オッズ?10倍） / 2着集中度: 上位2艇 76.4%（補正+0.04） / 総合判定確率: 0.179 / → ヒモはやや固め。上位2艇以外を切ること', 'tenji_trigger': '展示確認: 1号艇伸び良→そのまま採用。悪→飛び組に差し替え。circle_pct上位2艇に絞り込むこと。'}",,,30.2,逃げ狙い,12.26,39.2,2,,,,,,,,,,,
2025-12-01,丸亀,3,1,芹澤克彦,B1,29.79,1,○,41.2874,,0,61.9,0.1469,3.0238,,,0,低,65,0,逃0%,1 245,0,74.4,0.7985,0.2857,,,,,0.1962,0.0952,0.0571,○,,C,○,,,0.643,,0.3625,D,30,1,大荒れ。見送り推奨,0.5777,"{'is_target': False, 'verdict': '対象外', 'max_combo_prob': None, 'est_top_odds': None, 'circle_concentration': None, 'eligible_count': 0, 'bet_adj': 0, 'reason': '1号艇rel_win1 < 45%: 通常判定に委ねる', 'tenji_trigger': ''}",,,31.5,両建て推奨,27.22,30.3,4,,,,,0,0,0.6155,0,,主役軸流し,B
2025-12-01,丸亀,3,2,薮内瑞希,B1,25.93,2,△,7.3649,51.6,72,50,0.1679,3.5132,,,0,低,68,0,-,6 254,0,27,0.7333,,,,,,0.0333,0.0667,0.1833,,,D,,,0.1469,0.592,,0.3625,D,30,1,大荒れ。見送り推奨,0.5777,"{'is_target': False, 'verdict': '対象外', 'max_combo_prob': None, 'est_top_odds': None, 'circle_concentration': None, 'eligible_count': 0, 'bet_adj': 0, 'reason': '1号艇rel_win1 < 45%: 通常判定に委ねる', 'tenji_trigger': ''}",,,31.5,両建て推奨,27.22,30.3,4,,,,,,,,,,,
2025-12-01,丸亀,3,3,神里琴音,B1,19.51,3,,10.2542,15.2,52,32.7,0.1498,3.2019,,,0,低,61,0,差0% ま0%,543 13,0,26.2,0.7354,0,0.037,0.1481,0,0,0.0267,0.6633,0.0267,,,E,◎,,0.3129,0.674,,0.3625,D,30,1,大荒れ。見送り推奨,0.5777,"{'is_target': False, 'verdict': '対象外', 'max_combo_prob': None, 'est_top_odds': None, 'circle_concentration': None, 'eligible_count': 0, 'bet_adj': 0, 'reason': '1号艇rel_win1 < 45%: 通常判定に委ねる', 'tenji_trigger': ''}",,,31.5,両建て推奨,27.22,30.3,4,,,,,,,,,,,
2025-12-01,丸亀,3,4,松田大志,A1,39.62,4,◎,30.3532,25.3,100,84.2,0.1309,2.7281,,,0,低,125,0,ま1%,212 11,0,64.1,0.9628,0,0.0417,0.4583,0.0833,0,0.0948,0.0273,0.113,,◎,A,△,◎,0.4827,0.631,0.5309,0.3625,D,30,1,大荒れ。見送り推奨,0.5777,"{'is_target': False, 'verdict': '対象外', 'max_combo_prob': None, 'est_top_odds': None, 'circle_concentration': None, 'eligible_count': 0, 'bet_adj': 0, 'reason': '1号艇rel_win1 < 45%: 通常判定に委ねる', 'tenji_trigger': ''}",,,31.5,両建て推奨,27.22,30.3,4,,,,,,,,,,,
2025-12-01,丸亀,3,5,三木晴斗,B1,34.04,5,▲,9.7303,4.1,85,32.2,0.1605,3.339,,,0,低,97,0,-,4 126,0,73.8,1.025,0,0,0,0,0.0455,0.095,0.195,0.155,,,B,,○,0.269,0.5655,0.2389,0.3625,D,30,1,大荒れ。見送り推奨,0.5777,"{'is_target': False, 'verdict': '対象外', 'max_combo_prob': None, 'est_top_odds': None, 'circle_concentration': None, 'eligible_count': 0, 'bet_adj': 0, 'reason': '1号艇rel_win1 < 45%: 通常判定に委ねる', 'tenji_trigger': ''}",,,31.5,両建て推奨,27.22,30.3,4,,,,,,,,,,,
2025-12-01,丸亀,3,6,岡本慎治,A2,25.49,6,,1.01,3.8,39,24.2,0.2048,4.3636,,,0,低,107,0,-,666 44,0,24,0.6931,,,,,,0.4053,0.0421,0.2132,,,D,△,,0.1493,0.611,,0.3625,D,30,1,大荒れ。見送り推奨,0.5777,"{'is_target': False, 'verdict': '対象外', 'max_combo_prob': None, 'est_top_odds': None, 'circle_concentration': None, 'eligible_count': 0, 'bet_adj': 0, 'reason': '1号艇rel_win1 < 45%: 通常判定に委ねる', 'tenji_trigger': ''}",,,31.5,両建て推奨,27.22,30.3,4,,,,,,,,,,,
2025-12-01,丸亀,4,1,大場　敏,A2,29.09,1,◎,51.2645,,0,86.9,0.1417,2.8214,,,0,低,93,0,逃0%,543 34,0,86,1.0822,0.6667,,,,,0.0933,0.1756,0.0111,◎,,D,◎,,,0.7095,,0.587,S,85,0,◎1着固定 2-3着流し（5〜8点）,0.5777,"{'is_target': True, 'verdict': '参加推奨', 'max_combo_prob': 0.075, 'est_top_odds': 17.8, 'circle_concentration': 62.1, 'eligible_count': 6, 'bet_adj': 2, 'reason': 'rel_win1=51.3%（本命度） / 最有力組み合わせ確率: 0.075（推定実オッズ?18倍） / 2着集中度: 上位2艇 62.1%（補正+0.00） / 総合判定確率: 0.075 / → ヒモ分散。1号艇1着固定で広めのヒモ流し推奨（買い目+2点）', 'tenji_trigger': '展示確認: ヒモ分散レース。1号艇伸び確認後、広めのヒモ流しを採用。穴ヒモ（5・6号艇）を積極的に含める。'}",,,27.8,逃げ狙い,17,28.3,2,,,,,0,0,0.7559,0,,逃げ軸流し,A
2025-12-01,丸亀,4,2,盛本真輔,B1,39.66,2,▲,17.2624,39.2,100,64.4,0.1863,3.9178,,,0,低,190,0,-,2 434,0,49.7,1.0759,0,0.0278,0.1389,0,0,0.1487,0.0211,0.2237,,,A,△,,0.0843,0.596,,0.587,S,85,0,◎1着固定 2-3着流し（5〜8点）,0.5777,"{'is_target': True, 'verdict': '参加推奨', 'max_combo_prob': 0.075, 'est_top_odds': 17.8, 'circle_concentration': 62.1, 'eligible_count': 6, 'bet_adj': 2, 'reason': 'rel_win1=51.3%（本命度） / 最有力組み合わせ確率: 0.075（推定実オッズ?18倍） / 2着集中度: 上位2艇 62.1%（補正+0.00） / 総合判定確率: 0.075 / → ヒモ分散。1号艇1着固定で広めのヒモ流し推奨（買い目+2点）', 'tenji_trigger': '展示確認: ヒモ分散レース。1号艇伸び確認後、広めのヒモ流しを採用。穴ヒモ（5・6号艇）を積極的に含める。'}",,,27.8,逃げ狙い,17,28.3,2,,,,,,,,,,,
2025-12-01,丸亀,4,3,眞鳥康太,B1,31.58,3,△,11.5301,19.4,80,43.1,0.1578,3.6765,,,0,低,138,0,ま0% 差ま0%,363 35,0,40.9,0.9333,0,0,0.0556,0.1111,0,0.0444,0.2444,0.0444,,,C,,,0.2445,0.5595,,0.587,S,85,0,◎1着固定 2-3着流し（5〜8点）,0.5777,"{'is_target': True, 'verdict': '参加推奨', 'max_combo_prob': 0.075, 'est_top_odds': 17.8, 'circle_concentration': 62.1, 'eligible_count': 6, 'bet_adj': 2, 'reason': 'rel_win1=51.3%（本命度） / 最有力組み合わせ確率: 0.075（推定実オッズ?18倍） / 2着集中度: 上位2艇 62.1%（補正+0.00） / 総合判定確率: 0.075 / → ヒモ分散。1号艇1着固定で広めのヒモ流し推奨（買い目+2点）', 'tenji_trigger': '展示確認: ヒモ分散レース。1号艇伸び確認後、広めのヒモ流しを採用。穴ヒモ（5・6号艇）を積極的に含める。'}",,,27.8,逃げ狙い,17,28.3,2,,,,,,,,,,,
2025-12-01,丸亀,4,4,米玉利大,B2,22.50,4,,5.5834,16.8,58,21.1,0.1832,4.1053,,,0,低,58,0,-,456 56,0,20.4,0.5911,,,,,,0,0.6667,0,,,E,,,0.1759,0.5175,,0.587,S,85,0,◎1着固定 2-3着流し（5〜8点）,0.5777,"{'is_target': True, 'verdict': '参加推奨', 'max_combo_prob': 0.075, 'est_top_odds': 17.8, 'circle_concentration': 62.1, 'eligible_count': 6, 'bet_adj': 2, 'reason': 'rel_win1=51.3%（本命度） / 最有力組み合わせ確率: 0.075（推定実オッズ?18倍） / 2着集中度: 上位2艇 62.1%（補正+0.00） / 総合判定確率: 0.075 / → ヒモ分散。1号艇1着固定で広めのヒモ流し推奨（買い目+2点）', 'tenji_trigger': '展示確認: ヒモ分散レース。1号艇伸び確認後、広めのヒモ流しを採用。穴ヒモ（5・6号艇）を積極的に含める。'}",,,27.8,逃げ狙い,17,28.3,2,,,,,,,,,,,
2025-12-01,丸亀,4,5,山田祐也,A1,39.13,5,○,13.361,23,44,59,0.1395,3.141,,,0,低,53,0,-,133132,0,48.8,0.9219,0,0,0,0.0667,0,0,0.0455,0.1364,,,B,○,◎,0.32,0.663,0.4513,0.587,S,85,0,◎1着固定 2-3着流し（5〜8点）,0.5777,"{'is_target': True, 'verdict': '参加推奨', 'max_combo_prob': 0.075, 'est_top_odds': 17.8, 'circle_concentration': 62.1, 'eligible_count': 6, 'bet_adj': 2, 'reason': 'rel_win1=51.3%（本命度） / 最有力組み合わせ確率: 0.075（推定実オッズ?18倍） / 2着集中度: 上位2艇 62.1%（補正+0.00） / 総合判定確率: 0.075 / → ヒモ分散。1号艇1着固定で広めのヒモ流し推奨（買い目+2点）', 'tenji_trigger': '展示確認: ヒモ分散レース。1号艇伸び確認後、広めのヒモ流しを採用。穴ヒモ（5・6号艇）を積極的に含める。'}",,,27.8,逃げ狙い,17,28.3,2,,,,,,,,,,,
2025-12-01,丸亀,4,6,西村秀樹,B1,32.14,6,,0.9987,1.7,32,5,0.2283,5.0875,,,0,低,122,0,-,2 543,0,23.7,0.8644,,,,,,0.25,0.1875,0.3125,,,C,△,,0.1643,0.6095,,0.587,S,85,0,◎1着固定 2-3着流し（5〜8点）,0.5777,"{'is_target': True, 'verdict': '参加推奨', 'max_combo_prob': 0.075, 'est_top_odds': 17.8, 'circle_concentration': 62.1, 'eligible_count': 6, 'bet_adj': 2, 'reason': 'rel_win1=51.3%（本命度） / 最有力組み合わせ確率: 0.075（推定実オッズ?18倍） / 2着集中度: 上位2艇 62.1%（補正+0.00） / 総合判定確率: 0.075 / → ヒモ分散。1号艇1着固定で広めのヒモ流し推奨（買い目+2点）', 'tenji_trigger': '展示確認: ヒモ分散レース。1号艇伸び確認後、広めのヒモ流しを採用。穴ヒモ（5・6号艇）を積極的に含める。'}",,,27.8,逃げ狙い,17,28.3,2,,,,,,,,,,,
2025-12-01,丸亀,5,1,峰重力也,B1,32.69,1,◎,54.2583,,0,73.7,0.1387,2.8158,,,0,低,41,0,逃0%,6 166,0,70.6,0.9704,0.4737,,,,,0.0211,0.1699,0.1699,◎,,B,◎,,,0.677,,0.5495,A,74,0,◎-○軸 3着3〜4艇流し（10〜15点）,0.5777,"{'is_target': True, 'verdict': '参加推奨', 'max_combo_prob': 0.0877, 'est_top_odds': 15.2, 'circle_concentration': 67.3, 'eligible_count': 8, 'bet_adj': 2, 'reason': 'rel_win1=54.3%（本命度） / 最有力組み合わせ確率: 0.088（推定実オッズ?15倍） / 2着集中度: 上位2艇 67.3%（補正+0.00） / 総合判定確率: 0.088 / → ヒモ分散。1号艇1着固定で広めのヒモ流し推奨（買い目+2点）', 'tenji_trigger': '展示確認: ヒモ分散レース。1号艇伸び確認後、広めのヒモ流しを採用。穴ヒモ（5・6号艇）を積極的に含める。\n展示で1号艇スタート超安定(0.139秒)→ヒモ固まり方向に注意'}",,,26.9,逃げ狙い,15.3,27.4,2,,,,,0,0,0.7559,0,,逃げ軸流し,A
2025-12-01,丸亀,5,2,草場康幸,B1,14.63,2,△,14.8094,42.2,76,68.8,0.1533,3.2705,,,0,低,98,0,ま0%,4 255,0,71.7,1.3297,0,0.069,0.069,0,0,0.21,0.02,0,,,E,○,,0.1728,0.6715,,0.5495,A,74,0,◎-○軸 3着3〜4艇流し（10〜15点）,0.5777,"{'is_target': True, 'verdict': '参加推奨', 'max_combo_prob': 0.0877, 'est_top_odds': 15.2, 'circle_concentration': 67.3, 'eligible_count': 8, 'bet_adj': 2, 'reason': 'rel_win1=54.3%（本命度） / 最有力組み合わせ確率: 0.088（推定実オッズ?15倍） / 2着集中度: 上位2艇 67.3%（補正+0.00） / 総合判定確率: 0.088 / → ヒモ分散。1号艇1着固定で広めのヒモ流し推奨（買い目+2点）', 'tenji_trigger': '展示確認: ヒモ分散レース。1号艇伸び確認後、広めのヒモ流しを採用。穴ヒモ（5・6号艇）を積極的に含める。\n展示で1号艇スタート超安定(0.139秒)→ヒモ固まり方向に注意'}",,,26.9,逃げ狙い,15.3,27.4,2,,,,,,,,,,,
2025-12-01,丸亀,5,3,畔柳俊吾,B1,30.77,3,▲,10.2534,25.1,100,71.2,0.1698,3.7788,,,0,低,164,0,-,333 26,0,40,0.9102,0,0,0.0476,0,0,0.287,0.2217,0.2696,,,C,,,0.1459,0.5885,,0.5495,A,74,0,◎-○軸 3着3〜4艇流し（10〜15点）,0.5777,"{'is_target': True, 'verdict': '参加推奨', 'max_combo_prob': 0.0877, 'est_top_odds': 15.2, 'circle_concentration': 67.3, 'eligible_count': 8, 'bet_adj': 2, 'reason': 'rel_win1=54.3%（本命度） / 最有力組み合わせ確率: 0.088（推定実オッズ?15倍） / 2着集中度: 上位2艇 67.3%（補正+0.00） / 総合判定確率: 0.088 / → ヒモ分散。1号艇1着固定で広めのヒモ流し推奨（買い目+2点）', 'tenji_trigger': '展示確認: ヒモ分散レース。1号艇伸び確認後、広めのヒモ流しを採用。穴ヒモ（5・6号艇）を積極的に含める。\n展示で1号艇スタート超安定(0.139秒)→ヒモ固まり方向に注意'}",,,26.9,逃げ狙い,15.3,27.4,2,,,,,,,,,,,
2025-12-01,丸亀,5,4,森　雄利,B2,26.19,4,,5.4433,5.8,24,0,0.1768,3.6053,,,0,低,68,0,-,462 56,0,20.9,0.576,,,,,,0.25,0.25,0,,,D,△,,0.1907,0.61,,0.5495,A,74,0,◎-○軸 3着3〜4艇流し（10〜15点）,0.5777,"{'is_target': True, 'verdict': '参加推奨', 'max_combo_prob': 0.0877, 'est_top_odds': 15.2, 'circle_concentration': 67.3, 'eligible_count': 8, 'bet_adj': 2, 'reason': 'rel_win1=54.3%（本命度） / 最有力組み合わせ確率: 0.088（推定実オッズ?15倍） / 2着集中度: 上位2艇 67.3%（補正+0.00） / 総合判定確率: 0.088 / → ヒモ分散。1号艇1着固定で広めのヒモ流し推奨（買い目+2点）', 'tenji_trigger': '展示確認: ヒモ分散レース。1号艇伸び確認後、広めのヒモ流しを採用。穴ヒモ（5・6号艇）を積極的に含める。\n展示で1号艇スタート超安定(0.139秒)→ヒモ固まり方向に注意'}",,,26.9,逃げ狙い,15.3,27.4,2,,,,,,,,,,,
2025-12-01,丸亀,5,5,杉山貴博,A1,50.00,5,○,8.4898,22.4,52,53.8,0.1586,3.4923,,,0,低,125,0,差ま0%,3 3215,0,89,1.5719,0,0,0,0.0588,0,0.0343,0.1657,0.1771,,,A,△,,0.2469,0.655,,0.5495,A,74,0,◎-○軸 3着3〜4艇流し（10〜15点）,0.5777,"{'is_target': True, 'verdict': '参加推奨', 'max_combo_prob': 0.0877, 'est_top_odds': 15.2, 'circle_concentration': 67.3, 'eligible_count': 8, 'bet_adj': 2, 'reason': 'rel_win1=54.3%（本命度） / 最有力組み合わせ確率: 0.088（推定実オッズ?15倍） / 2着集中度: 上位2艇 67.3%（補正+0.00） / 総合判定確率: 0.088 / → ヒモ分散。1号艇1着固定で広めのヒモ流し推奨（買い目+2点）', 'tenji_trigger': '展示確認: ヒモ分散レース。1号艇伸び確認後、広めのヒモ流しを採用。穴ヒモ（5・6号艇）を積極的に含める。\n展示で1号艇スタート超安定(0.139秒)→ヒモ固まり方向に注意'}",,,26.9,逃げ狙い,15.3,27.4,2,,,,,,,,,,,
2025-12-01,丸亀,5,6,前原大道,A1,25.93,6,,6.7458,4.5,85,60,0.179,4.32,,,0,低,90,0,-,311 33,0,36.2,0.8756,0,0.0455,0,0.0455,0.0909,0,0.037,0,,,D,,◎,0.1832,0.5915,0.2778,0.5495,A,74,0,◎-○軸 3着3〜4艇流し（10〜15点）,0.5777,"{'is_target': True, 'verdict': '参加推奨', 'max_combo_prob': 0.0877, 'est_top_odds': 15.2, 'circle_concentration': 67.3, 'eligible_count': 8, 'bet_adj': 2, 'reason': 'rel_win1=54.3%（本命度） / 最有力組み合わせ確率: 0.088（推定実オッズ?15倍） / 2着集中度: 上位2艇 67.3%（補正+0.00） / 総合判定確率: 0.088 / → ヒモ分散。1号艇1着固定で広めのヒモ流し推奨（買い目+2点）', 'tenji_trigger': '展示確認: ヒモ分散レース。1号艇伸び確認後、広めのヒモ流しを採用。穴ヒモ（5・6号艇）を積極的に含める。\n展示で1号艇スタート超安定(0.139秒)→ヒモ固まり方向に注意'}",,,26.9,逃げ狙い,15.3,27.4,2,,,,,,,,,,,
2025-12-01,丸亀,6,1,鶴田勇雄,A2,37.25,1,◎,64.061,,0,92.4,0.1711,3.1456,,,0,低,167,0,-,5 4543,0,58.2,1.0175,0.4839,,,,,0.0258,0.3819,0.0387,○,,A,△,,,0.609,,0.4487,S,90,0,◎1着固定 2-3着流し（5〜8点）,0.5777,"{'is_target': True, 'verdict': '点数絞り', 'max_combo_prob': 0.1111, 'est_top_odds': 12.0, 'circle_concentration': 74.1, 'eligible_count': 6, 'bet_adj': 0, 'reason': 'rel_win1=64.1%（本命度） / 最有力組み合わせ確率: 0.111（推定実オッズ?12倍） / 2着集中度: 上位2艇 74.1%（補正+0.04） / 総合判定確率: 0.151 / → ヒモはやや固め。上位2艇以外を切ること', 'tenji_trigger': '展示確認: 1号艇伸び良→そのまま採用。悪→飛び組に差し替え。circle_pct上位2艇に絞り込むこと。'}",,,29.1,逃げ狙い,16.5,32.4,3,,,,,0,0,0.6155,0,,逃げ軸流し,A
2025-12-01,丸亀,6,2,村上彰一,B1,18.92,2,,10.2057,56.2,87,58.1,0.1772,3.6744,,,0,低,120,0,-,6 342,0,38.5,1.1105,,,,,,0.225,0.25,0.25,,,E,,,0.2704,0.5715,,0.4487,S,90,0,◎1着固定 2-3着流し（5〜8点）,0.5777,"{'is_target': True, 'verdict': '点数絞り', 'max_combo_prob': 0.1111, 'est_top_odds': 12.0, 'circle_concentration': 74.1, 'eligible_count': 6, 'bet_adj': 0, 'reason': 'rel_win1=64.1%（本命度） / 最有力組み合わせ確率: 0.111（推定実オッズ?12倍） / 2着集中度: 上位2艇 74.1%（補正+0.04） / 総合判定確率: 0.151 / → ヒモはやや固め。上位2艇以外を切ること', 'tenji_trigger': '展示確認: 1号艇伸び良→そのまま採用。悪→飛び組に差し替え。circle_pct上位2艇に絞り込むこと。'}",,,29.1,逃げ狙い,16.5,32.4,3,,,,,,,,,,,
2025-12-01,丸亀,6,3,大西隆洋,B1,31.91,3,,9.3405,4.3,54,15.5,0.1947,4.181,,,0,低,103,0,-,155 46,0,100,5.2394,,,,,,0.3077,0.0769,0.3077,,,C,△,,0.2279,0.6055,,0.4487,S,90,0,◎1着固定 2-3着流し（5〜8点）,0.5777,"{'is_target': True, 'verdict': '点数絞り', 'max_combo_prob': 0.1111, 'est_top_odds': 12.0, 'circle_concentration': 74.1, 'eligible_count': 6, 'bet_adj': 0, 'reason': 'rel_win1=64.1%（本命度） / 最有力組み合わせ確率: 0.111（推定実オッズ?12倍） / 2着集中度: 上位2艇 74.1%（補正+0.04） / 総合判定確率: 0.151 / → ヒモはやや固め。上位2艇以外を切ること', 'tenji_trigger': '展示確認: 1号艇伸び良→そのまま採用。悪→飛び組に差し替え。circle_pct上位2艇に絞り込むこと。'}",,,29.1,逃げ狙い,16.5,32.4,3,,,,,,,,,,,
2025-12-01,丸亀,6,4,信濃由行,B1,23.26,4,△,8.8155,16.5,90,41.7,0.1595,3.4917,,,0,低,146,0,ま0%,261 65,0,32.5,0.9274,0,0.0909,0.0303,0.0303,0,0.0348,0.0696,0.3096,,,D,○,◎,0.393,0.6165,0.3039,0.4487,S,90,0,◎1着固定 2-3着流し（5〜8点）,0.5777,"{'is_target': True, 'verdict': '点数絞り', 'max_combo_prob': 0.1111, 'est_top_odds': 12.0, 'circle_concentration': 74.1, 'eligible_count': 6, 'bet_adj': 0, 'reason': 'rel_win1=64.1%（本命度） / 最有力組み合わせ確率: 0.111（推定実オッズ?12倍） / 2着集中度: 上位2艇 74.1%（補正+0.04） / 総合判定確率: 0.151 / → ヒモはやや固め。上位2艇以外を切ること', 'tenji_trigger': '展示確認: 1号艇伸び良→そのまま採用。悪→飛び組に差し替え。circle_pct上位2艇に絞り込むこと。'}",,,29.1,逃げ狙い,16.5,32.4,3,,,,,,,,,,,
2025-12-01,丸亀,6,5,中山雄太,A1,29.09,5,○,6.2344,17.9,100,41.8,0.1516,3.1091,,,0,低,75,0,-,2 5522,0,90,1.8207,,,,,,0.0385,0.0769,0.1154,,◎,C,◎,,0.4318,0.671,,0.4487,S,90,0,◎1着固定 2-3着流し（5〜8点）,0.5777,"{'is_target': True, 'verdict': '点数絞り', 'max_combo_prob': 0.1111, 'est_top_odds': 12.0, 'circle_concentration': 74.1, 'eligible_count': 6, 'bet_adj': 0, 'reason': 'rel_win1=64.1%（本命度） / 最有力組み合わせ確率: 0.111（推定実オッズ?12倍） / 2着集中度: 上位2艇 74.1%（補正+0.04） / 総合判定確率: 0.151 / → ヒモはやや固め。上位2艇以外を切ること', 'tenji_trigger': '展示確認: 1号艇伸び良→そのまま採用。悪→飛び組に差し替え。circle_pct上位2艇に絞り込むこと。'}",,,29.1,逃げ狙い,16.5,32.4,3,,,,,,,,,,,
2025-12-01,丸亀,6,6,北川幸典,B1,33.33,6,▲,1.3429,5.1,80,22.9,0.1734,3.6857,,,0,低,79,0,-,F16 6,0,29.9,0.9233,,,,,,0.3125,0.125,0.1875,,,B,,,0.36,0.5995,,0.4487,S,90,0,◎1着固定 2-3着流し（5〜8点）,0.5777,"{'is_target': True, 'verdict': '点数絞り', 'max_combo_prob': 0.1111, 'est_top_odds': 12.0, 'circle_concentration': 74.1, 'eligible_count': 6, 'bet_adj': 0, 'reason': 'rel_win1=64.1%（本命度） / 最有力組み合わせ確率: 0.111（推定実オッズ?12倍） / 2着集中度: 上位2艇 74.1%（補正+0.04） / 総合判定確率: 0.151 / → ヒモはやや固め。上位2艇以外を切ること', 'tenji_trigger': '展示確認: 1号艇伸び良→そのまま採用。悪→飛び組に差し替え。circle_pct上位2艇に絞り込むこと。'}",,,29.1,逃げ狙い,16.5,32.4,3,,,,,,,,,,,
2025-12-01,丸亀,7,1,若狭奈美,A2,39.62,1,◎,57.5498,,0,92.1,0.1571,3.0658,,,0,低,81,0,逃1%,1 332,0,95.4,1.3247,0.5,,,,,0.08,0.28,0.1,○,,B,△,,,0.542,,0.4205,S,85,0,◎1着固定 2-3着流し（5〜8点）,0.5777,"{'is_target': True, 'verdict': '参加推奨', 'max_combo_prob': 0.0694, 'est_top_odds': 19.2, 'circle_concentration': 77.1, 'eligible_count': 6, 'bet_adj': 2, 'reason': 'rel_win1=57.5%（本命度） / 最有力組み合わせ確率: 0.069（推定実オッズ?19倍） / 2着集中度: 上位2艇 77.1%（補正+0.04） / 総合判定確率: 0.109 / → ヒモ分散。1号艇1着固定で広めのヒモ流し推奨（買い目+2点）', 'tenji_trigger': '展示確認: ヒモ分散レース。1号艇伸び確認後、広めのヒモ流しを採用。穴ヒモ（5・6号艇）を積極的に含める。'}",,,30,逃げ狙い,18.74,33.3,2,,,,,0,0,0.6155,0,,逃げ軸流し,A
2025-12-01,丸亀,7,2,三嶌さら,B1,42.55,2,○,15.651,41.5,84,44.4,0.1611,3.7222,,,0,低,82,1,抜0%,4 4644,0,52.8,1.1767,0,0,0,0,0.1111,0,0.25,0,,,B,△,,0.2875,0.576,,0.4205,S,85,0,◎1着固定 2-3着流し（5〜8点）,0.5777,"{'is_target': True, 'verdict': '参加推奨', 'max_combo_prob': 0.0694, 'est_top_odds': 19.2, 'circle_concentration': 77.1, 'eligible_count': 6, 'bet_adj': 2, 'reason': 'rel_win1=57.5%（本命度） / 最有力組み合わせ確率: 0.069（推定実オッズ?19倍） / 2着集中度: 上位2艇 77.1%（補正+0.04） / 総合判定確率: 0.109 / → ヒモ分散。1号艇1着固定で広めのヒモ流し推奨（買い目+2点）', 'tenji_trigger': '展示確認: ヒモ分散レース。1号艇伸び確認後、広めのヒモ流しを採用。穴ヒモ（5・6号艇）を積極的に含める。'}",,,30,逃げ狙い,18.74,33.3,2,,,,,,,,,,,
2025-12-01,丸亀,7,3,滝川真由,B1,18.18,3,,13.2296,35.7,96,65.4,0.1492,2.5962,,,0,低,60,0,差ま0%,154 45,0,36.8,0.9994,0,0,0,0.125,0,0.2333,0.2667,0.0333,,,E,○,,0.3458,0.612,,0.4205,S,85,0,◎1着固定 2-3着流し（5〜8点）,0.5777,"{'is_target': True, 'verdict': '参加推奨', 'max_combo_prob': 0.0694, 'est_top_odds': 19.2, 'circle_concentration': 77.1, 'eligible_count': 6, 'bet_adj': 2, 'reason': 'rel_win1=57.5%（本命度） / 最有力組み合わせ確率: 0.069（推定実オッズ?19倍） / 2着集中度: 上位2艇 77.1%（補正+0.04） / 総合判定確率: 0.109 / → ヒモ分散。1号艇1着固定で広めのヒモ流し推奨（買い目+2点）', 'tenji_trigger': '展示確認: ヒモ分散レース。1号艇伸び確認後、広めのヒモ流しを採用。穴ヒモ（5・6号艇）を積極的に含める。'}",,,30,逃げ狙い,18.74,33.3,2,,,,,,,,,,,
2025-12-01,丸亀,7,4,神里琴音,B1,19.51,4,△,6.9769,16.5,68,33.3,0.1423,2.9688,,,0,低,61,0,-,543 13,0,71.1,0.7862,0,0.0312,0,0,0.0312,0.0267,0.6633,0.0267,,,E,◎,,0.3349,0.674,,0.4205,S,85,0,◎1着固定 2-3着流し（5〜8点）,0.5777,"{'is_target': True, 'verdict': '参加推奨', 'max_combo_prob': 0.0694, 'est_top_odds': 19.2, 'circle_concentration': 77.1, 'eligible_count': 6, 'bet_adj': 2, 'reason': 'rel_win1=57.5%（本命度） / 最有力組み合わせ確率: 0.069（推定実オッズ?19倍） / 2着集中度: 上位2艇 77.1%（補正+0.04） / 総合判定確率: 0.109 / → ヒモ分散。1号艇1着固定で広めのヒモ流し推奨（買い目+2点）', 'tenji_trigger': '展示確認: ヒモ分散レース。1号艇伸び確認後、広めのヒモ流しを採用。穴ヒモ（5・6号艇）を積極的に含める。'}",,,30,逃げ狙い,18.74,33.3,2,,,,,,,,,,,
2025-12-01,丸亀,7,5,滝沢織寧,B1,45.28,5,▲,4.882,4.7,80,22.5,0.1613,3.15,,,0,低,58,0,-,5 455,0,25.9,0.6802,,,,,,0.2857,0.4286,0.2857,,,A,,,0.3008,0.5245,,0.4205,S,85,0,◎1着固定 2-3着流し（5〜8点）,0.5777,"{'is_target': True, 'verdict': '参加推奨', 'max_combo_prob': 0.0694, 'est_top_odds': 19.2, 'circle_concentration': 77.1, 'eligible_count': 6, 'bet_adj': 2, 'reason': 'rel_win1=57.5%（本命度） / 最有力組み合わせ確率: 0.069（推定実オッズ?19倍） / 2着集中度: 上位2艇 77.1%（補正+0.04） / 総合判定確率: 0.109 / → ヒモ分散。1号艇1着固定で広めのヒモ流し推奨（買い目+2点）', 'tenji_trigger': '展示確認: ヒモ分散レース。1号艇伸び確認後、広めのヒモ流しを採用。穴ヒモ（5・6号艇）を積極的に含める。'}",,,30,逃げ狙い,18.74,33.3,2,,,,,,,,,,,
2025-12-01,丸亀,7,6,黒澤めぐ,A2,26.92,6,,1.7107,1.7,100,33.3,0.2171,4.6667,,,0,低,48,0,-,1264F,0,30,1.7131,,,,,,0,0.0571,0,,,D,,,0.135,0.5305,,0.4205,S,85,0,◎1着固定 2-3着流し（5〜8点）,0.5777,"{'is_target': True, 'verdict': '参加推奨', 'max_combo_prob': 0.0694, 'est_top_odds': 19.2, 'circle_concentration': 77.1, 'eligible_count': 6, 'bet_adj': 2, 'reason': 'rel_win1=57.5%（本命度） / 最有力組み合わせ確率: 0.069（推定実オッズ?19倍） / 2着集中度: 上位2艇 77.1%（補正+0.04） / 総合判定確率: 0.109 / → ヒモ分散。1号艇1着固定で広めのヒモ流し推奨（買い目+2点）', 'tenji_trigger': '展示確認: ヒモ分散レース。1号艇伸び確認後、広めのヒモ流しを採用。穴ヒモ（5・6号艇）を積極的に含める。'}",,,30,逃げ狙い,18.74,33.3,2,,,,,,,,,,,
2025-12-01,丸亀,8,1,北川潤二,A1,42.59,1,◎,73.9813,,0,93.9,0.127,2.0408,,,0,低,54,0,逃1%,23161,0,85.2,1.0631,0.7174,,,,,0.0848,0.1348,0.0435,◎,,A,○,,,0.673,,0.7302,S,89,0,◎1着固定 2-3着流し（5〜8点）,0.5777,"{'is_target': True, 'verdict': '点数絞り', 'max_combo_prob': 0.12, 'est_top_odds': 11.1, 'circle_concentration': 62.4, 'eligible_count': 6, 'bet_adj': 0, 'reason': 'rel_win1=74.0%（本命度） / 最有力組み合わせ確率: 0.120（推定実オッズ?11倍） / 2着集中度: 上位2艇 62.4%（補正+0.00） / 総合判定確率: 0.120 / → ヒモはやや固め。上位2艇以外を切ること', 'tenji_trigger': '展示確認: 1号艇伸び良→そのまま採用。悪→飛び組に差し替え。circle_pct上位2艇に絞り込むこと。\n展示で1号艇スタート超安定(0.127秒)→ヒモ固まり方向に注意'}",,,20.5,逃げ狙い,11.13,26.9,4,,,,,0,0,0.7559,0,,逃げ軸流し,A
2025-12-01,丸亀,8,2,三木晴斗,B1,34.04,2,▲,8.7356,37.8,65,40.4,0.1734,3.8723,,,0,低,97,0,差0%,4 126,0,47.8,1.0255,0,0.1154,0,0,0,0.095,0.195,0.155,,,B,,,0.0888,0.5655,,0.7302,S,89,0,◎1着固定 2-3着流し（5〜8点）,0.5777,"{'is_target': True, 'verdict': '点数絞り', 'max_combo_prob': 0.12, 'est_top_odds': 11.1, 'circle_concentration': 62.4, 'eligible_count': 6, 'bet_adj': 0, 'reason': 'rel_win1=74.0%（本命度） / 最有力組み合わせ確率: 0.120（推定実オッズ?11倍） / 2着集中度: 上位2艇 62.4%（補正+0.00） / 総合判定確率: 0.120 / → ヒモはやや固め。上位2艇以外を切ること', 'tenji_trigger': '展示確認: 1号艇伸び良→そのまま採用。悪→飛び組に差し替え。circle_pct上位2艇に絞り込むこと。\n展示で1号艇スタート超安定(0.127秒)→ヒモ固まり方向に注意'}",,,20.5,逃げ狙い,11.13,26.9,4,,,,,,,,,,,
2025-12-01,丸亀,8,3,廣中良一,B1,27.45,3,△,6.7284,24.6,59,34.8,0.1449,2.9638,,,0,低,151,0,-,4 566,0,40.3,0.6871,0,0,0.0385,0.0385,0,0.1581,0.0762,0.1771,,,D,△,,0.2118,0.6395,,0.7302,S,89,0,◎1着固定 2-3着流し（5〜8点）,0.5777,"{'is_target': True, 'verdict': '点数絞り', 'max_combo_prob': 0.12, 'est_top_odds': 11.1, 'circle_concentration': 62.4, 'eligible_count': 6, 'bet_adj': 0, 'reason': 'rel_win1=74.0%（本命度） / 最有力組み合わせ確率: 0.120（推定実オッズ?11倍） / 2着集中度: 上位2艇 62.4%（補正+0.00） / 総合判定確率: 0.120 / → ヒモはやや固め。上位2艇以外を切ること', 'tenji_trigger': '展示確認: 1号艇伸び良→そのまま採用。悪→飛び組に差し替え。circle_pct上位2艇に絞り込むこと。\n展示で1号艇スタート超安定(0.127秒)→ヒモ固まり方向に注意'}",,,20.5,逃げ狙い,11.13,26.9,4,,,,,,,,,,,
2025-12-01,丸亀,8,4,大場　敏,A2,29.09,4,○,6.8349,22.3,100,53.8,0.1532,3.8077,,,0,低,93,0,-,543 34,0,64.9,1.1696,0,0,0.0385,0,0,0.0933,0.1756,0.0111,,,C,◎,◎,0.2039,0.7095,0.3095,0.7302,S,89,0,◎1着固定 2-3着流し（5〜8点）,0.5777,"{'is_target': True, 'verdict': '点数絞り', 'max_combo_prob': 0.12, 'est_top_odds': 11.1, 'circle_concentration': 62.4, 'eligible_count': 6, 'bet_adj': 0, 'reason': 'rel_win1=74.0%（本命度） / 最有力組み合わせ確率: 0.120（推定実オッズ?11倍） / 2着集中度: 上位2艇 62.4%（補正+0.00） / 総合判定確率: 0.120 / → ヒモはやや固め。上位2艇以外を切ること', 'tenji_trigger': '展示確認: 1号艇伸び良→そのまま採用。悪→飛び組に差し替え。circle_pct上位2艇に絞り込むこと。\n展示で1号艇スタート超安定(0.127秒)→ヒモ固まり方向に注意'}",,,20.5,逃げ狙い,11.13,26.9,4,,,,,,,,,,,
2025-12-01,丸亀,8,5,薮内瑞希,B1,25.93,5,,2.7576,14.7,56,22.9,0.1563,3.3,,,0,低,68,0,-,6 254,0,33.8,0.7321,0,0,0,0,0,0.0333,0.0667,0.1833,,,D,△,,0.2404,0.592,,0.7302,S,89,0,◎1着固定 2-3着流し（5〜8点）,0.5777,"{'is_target': True, 'verdict': '点数絞り', 'max_combo_prob': 0.12, 'est_top_odds': 11.1, 'circle_concentration': 62.4, 'eligible_count': 6, 'bet_adj': 0, 'reason': 'rel_win1=74.0%（本命度） / 最有力組み合わせ確率: 0.120（推定実オッズ?11倍） / 2着集中度: 上位2艇 62.4%（補正+0.00） / 総合判定確率: 0.120 / → ヒモはやや固め。上位2艇以外を切ること', 'tenji_trigger': '展示確認: 1号艇伸び良→そのまま採用。悪→飛び組に差し替え。circle_pct上位2艇に絞り込むこと。\n展示で1号艇スタート超安定(0.127秒)→ヒモ固まり方向に注意'}",,,20.5,逃げ狙い,11.13,26.9,4,,,,,,,,,,,
2025-12-01,丸亀,8,6,米玉利大,B2,22.50,6,,0.9622,0.6,18,2.5,0.1812,4.2222,,,0,低,58,0,-,456 56,0,24.5,0.8733,,,,,,0,0.6667,0,,,E,,,0.1578,0.5175,,0.7302,S,89,0,◎1着固定 2-3着流し（5〜8点）,0.5777,"{'is_target': True, 'verdict': '点数絞り', 'max_combo_prob': 0.12, 'est_top_odds': 11.1, 'circle_concentration': 62.4, 'eligible_count': 6, 'bet_adj': 0, 'reason': 'rel_win1=74.0%（本命度） / 最有力組み合わせ確率: 0.120（推定実オッズ?11倍） / 2着集中度: 上位2艇 62.4%（補正+0.00） / 総合判定確率: 0.120 / → ヒモはやや固め。上位2艇以外を切ること', 'tenji_trigger': '展示確認: 1号艇伸び良→そのまま採用。悪→飛び組に差し替え。circle_pct上位2艇に絞り込むこと。\n展示で1号艇スタート超安定(0.127秒)→ヒモ固まり方向に注意'}",,,20.5,逃げ狙い,11.13,26.9,4,,,,,,,,,,,
2025-12-01,丸亀,9,1,平川香織,B1,17.78,1,◎,55.1224,,0,72.7,0.1955,4.2576,,,0,低,85,0,-,236 21,0,89,1.224,0.3125,,,,,0.075,0.075,0.275,△,,E,,,,0.56,,0.2248,A,61,0,◎-○軸 3着3〜4艇流し（10〜15点）,0.5777,"{'is_target': True, 'verdict': '参加推奨', 'max_combo_prob': 0.0831, 'est_top_odds': 16.1, 'circle_concentration': 69.3, 'eligible_count': 8, 'bet_adj': 2, 'reason': 'rel_win1=55.1%（本命度） / 最有力組み合わせ確率: 0.083（推定実オッズ?16倍） / 2着集中度: 上位2艇 69.3%（補正+0.00） / 総合判定確率: 0.083 / → ヒモ分散。1号艇1着固定で広めのヒモ流し推奨（買い目+2点）', 'tenji_trigger': '展示確認: ヒモ分散レース。1号艇伸び確認後、広めのヒモ流しを採用。穴ヒモ（5・6号艇）を積極的に含める。\n展示で1号艇スタート遅め(0.196秒)確認→ヒモが荒れやすい'}",,,28.1,両建て推奨,13.05,32.6,3,6-1-3|1-3-6|1-3-2|1-2-3|1-2-6|1-4-3,2-1-3|4-1-3|4-1-2|4-3-1|6-1-3|2-1-4|4-2-1|1-3-6|1-3-2|1-2-3|1-2-6|1-4-3,6-1-3:1.67%|1-3-6:6.38%|1-3-2:6.28%|1-2-3:4.9%|1-2-6:4.21%|1-4-3:4.03%,6-1-3:B_main|1-3-6:A|1-3-2:A|1-2-3:A|1-2-6:A|1-4-3:A,6,12,0.4535,1,[!]見送り推奨（主役決まり手「まくり差し」― 逃げ劣勢レースで的中実績なし）,荒れ広め,D
2025-12-01,丸亀,9,2,宮地秀祈,B1,34.04,2,,8.1555,22.6,64,41.2,0.1947,4.6471,,,0,低,145,0,-,552 55,0,57.7,1.2505,0,0.0476,0,0,0,0.2914,0.2714,0.06,,,C,△,,0.3285,0.6005,,0.2248,A,61,0,◎-○軸 3着3〜4艇流し（10〜15点）,0.5777,"{'is_target': True, 'verdict': '参加推奨', 'max_combo_prob': 0.0831, 'est_top_odds': 16.1, 'circle_concentration': 69.3, 'eligible_count': 8, 'bet_adj': 2, 'reason': 'rel_win1=55.1%（本命度） / 最有力組み合わせ確率: 0.083（推定実オッズ?16倍） / 2着集中度: 上位2艇 69.3%（補正+0.00） / 総合判定確率: 0.083 / → ヒモ分散。1号艇1着固定で広めのヒモ流し推奨（買い目+2点）', 'tenji_trigger': '展示確認: ヒモ分散レース。1号艇伸び確認後、広めのヒモ流しを採用。穴ヒモ（5・6号艇）を積極的に含める。\n展示で1号艇スタート遅め(0.196秒)確認→ヒモが荒れやすい'}",,,28.1,両建て推奨,13.05,32.6,3,,,,,,,,,,,
2025-12-01,丸亀,9,3,杉山貴博,A1,50.00,3,○,20.283,46.6,100,75.8,0.1598,2.9597,,,0,低,125,0,-,3 3215,0,45.1,0.8421,0,0,0.037,0.0741,0.037,0.0343,0.1657,0.1771,,○,A,○,,0.4809,0.655,,0.2248,A,61,0,◎-○軸 3着3〜4艇流し（10〜15点）,0.5777,"{'is_target': True, 'verdict': '参加推奨', 'max_combo_prob': 0.0831, 'est_top_odds': 16.1, 'circle_concentration': 69.3, 'eligible_count': 8, 'bet_adj': 2, 'reason': 'rel_win1=55.1%（本命度） / 最有力組み合わせ確率: 0.083（推定実オッズ?16倍） / 2着集中度: 上位2艇 69.3%（補正+0.00） / 総合判定確率: 0.083 / → ヒモ分散。1号艇1着固定で広めのヒモ流し推奨（買い目+2点）', 'tenji_trigger': '展示確認: ヒモ分散レース。1号艇伸び確認後、広めのヒモ流しを採用。穴ヒモ（5・6号艇）を積極的に含める。\n展示で1号艇スタート遅め(0.196秒)確認→ヒモが荒れやすい'}",,,28.1,両建て推奨,13.05,32.6,3,,,,,,,,,,,
2025-12-01,丸亀,9,4,眞鳥康太,B1,31.58,4,,7.5466,16,73,42.9,0.1794,3.6224,,,0,低,138,0,差0% ま0% 差ま0%,363 35,0,41.4,0.8987,0,0.0556,0.0556,0.0556,0,0.0444,0.2444,0.0444,,,D,,,0.3684,0.5595,,0.2248,A,61,0,◎-○軸 3着3〜4艇流し（10〜15点）,0.5777,"{'is_target': True, 'verdict': '参加推奨', 'max_combo_prob': 0.0831, 'est_top_odds': 16.1, 'circle_concentration': 69.3, 'eligible_count': 8, 'bet_adj': 2, 'reason': 'rel_win1=55.1%（本命度） / 最有力組み合わせ確率: 0.083（推定実オッズ?16倍） / 2着集中度: 上位2艇 69.3%（補正+0.00） / 総合判定確率: 0.083 / → ヒモ分散。1号艇1着固定で広めのヒモ流し推奨（買い目+2点）', 'tenji_trigger': '展示確認: ヒモ分散レース。1号艇伸び確認後、広めのヒモ流しを採用。穴ヒモ（5・6号艇）を積極的に含める。\n展示で1号艇スタート遅め(0.196秒)確認→ヒモが荒れやすい'}",,,28.1,両建て推奨,13.05,32.6,3,,,,,,,,,,,
2025-12-01,丸亀,9,5,盛本真輔,B1,39.66,5,▲,7.6094,11.2,56,36.8,0.1891,3.8603,,,0,低,190,0,-,2 434,0,23.9,0.5755,0,0,0.0345,0,0,0.1487,0.0211,0.2237,,,B,△,◎,0.3152,0.596,0.1013,0.2248,A,61,0,◎-○軸 3着3〜4艇流し（10〜15点）,0.5777,"{'is_target': True, 'verdict': '参加推奨', 'max_combo_prob': 0.0831, 'est_top_odds': 16.1, 'circle_concentration': 69.3, 'eligible_count': 8, 'bet_adj': 2, 'reason': 'rel_win1=55.1%（本命度） / 最有力組み合わせ確率: 0.083（推定実オッズ?16倍） / 2着集中度: 上位2艇 69.3%（補正+0.00） / 総合判定確率: 0.083 / → ヒモ分散。1号艇1着固定で広めのヒモ流し推奨（買い目+2点）', 'tenji_trigger': '展示確認: ヒモ分散レース。1号艇伸び確認後、広めのヒモ流しを採用。穴ヒモ（5・6号艇）を積極的に含める。\n展示で1号艇スタート遅め(0.196秒)確認→ヒモが荒れやすい'}",,,28.1,両建て推奨,13.05,32.6,3,,,,,,,,,,,
2025-12-01,丸亀,9,6,峰重力也,B1,32.69,6,△,1.2831,3.5,33,23.4,0.1255,2.9362,,,0,低,41,0,-,6 166,0,33.1,0.965,,,,,,0.0211,0.1699,0.1699,,◎,D,◎,,0.4998,0.677,,0.2248,A,61,0,◎-○軸 3着3〜4艇流し（10〜15点）,0.5777,"{'is_target': True, 'verdict': '参加推奨', 'max_combo_prob': 0.0831, 'est_top_odds': 16.1, 'circle_concentration': 69.3, 'eligible_count': 8, 'bet_adj': 2, 'reason': 'rel_win1=55.1%（本命度） / 最有力組み合わせ確率: 0.083（推定実オッズ?16倍） / 2着集中度: 上位2艇 69.3%（補正+0.00） / 総合判定確率: 0.083 / → ヒモ分散。1号艇1着固定で広めのヒモ流し推奨（買い目+2点）', 'tenji_trigger': '展示確認: ヒモ分散レース。1号艇伸び確認後、広めのヒモ流しを採用。穴ヒモ（5・6号艇）を積極的に含める。\n展示で1号艇スタート遅め(0.196秒)確認→ヒモが荒れやすい'}",,,28.1,両建て推奨,13.05,32.6,3,,,,,,,,,,,
2025-12-01,丸亀,10,1,西舘　健,A2,42.00,1,◎,50.7948,,0,80.9,0.1507,2.8235,,,0,低,130,0,逃0%,2 252S,0,77.4,0.8735,0.5429,,,,,0.0895,0.1581,0.1124,◎,,A,,,,0.6065,,0.4762,A,65,0,◎-○軸 3着3〜4艇流し（10〜15点）,0.5777,"{'is_target': True, 'verdict': '点数絞り', 'max_combo_prob': 0.105, 'est_top_odds': 12.7, 'circle_concentration': 78.7, 'eligible_count': 8, 'bet_adj': 0, 'reason': 'rel_win1=50.8%（本命度） / 最有力組み合わせ確率: 0.105（推定実オッズ?13倍） / 2着集中度: 上位2艇 78.7%（補正+0.04） / 総合判定確率: 0.145 / → ヒモはやや固め。上位2艇以外を切ること', 'tenji_trigger': '展示確認: 1号艇伸び良→そのまま採用。悪→飛び組に差し替え。circle_pct上位2艇に絞り込むこと。'}",,,31.5,逃げ狙い,27.32,30.2,2,,,,,0,0,0.7559,0,,逃げ軸流し,A
2025-12-01,丸亀,10,2,松田大志,A1,39.62,2,○,23.7262,59.1,56,86.5,0.161,3.8654,,,0,低,125,0,差0% 抜0%,212 11,0,74.1,1.161,0,0.2381,0.1429,0,0.1429,0.0948,0.0273,0.113,,,B,△,,0.2636,0.631,,0.4762,A,65,0,◎-○軸 3着3〜4艇流し（10〜15点）,0.5777,"{'is_target': True, 'verdict': '点数絞り', 'max_combo_prob': 0.105, 'est_top_odds': 12.7, 'circle_concentration': 78.7, 'eligible_count': 8, 'bet_adj': 0, 'reason': 'rel_win1=50.8%（本命度） / 最有力組み合わせ確率: 0.105（推定実オッズ?13倍） / 2着集中度: 上位2艇 78.7%（補正+0.04） / 総合判定確率: 0.145 / → ヒモはやや固め。上位2艇以外を切ること', 'tenji_trigger': '展示確認: 1号艇伸び良→そのまま採用。悪→飛び組に差し替え。circle_pct上位2艇に絞り込むこと。'}",,,31.5,逃げ狙い,27.32,30.2,2,,,,,,,,,,,
2025-12-01,丸亀,10,3,木村光宏,B1,20.93,3,,8.8661,19.6,76,53.1,0.1851,3.602,,,0,低,99,0,差0% ま0%,3 162,0,23.5,0.8371,0,0.0385,0.0385,0,0,0.3952,0.3571,0.0571,,,E,△,,0.1253,0.6335,,0.4762,A,65,0,◎-○軸 3着3〜4艇流し（10〜15点）,0.5777,"{'is_target': True, 'verdict': '点数絞り', 'max_combo_prob': 0.105, 'est_top_odds': 12.7, 'circle_concentration': 78.7, 'eligible_count': 8, 'bet_adj': 0, 'reason': 'rel_win1=50.8%（本命度） / 最有力組み合わせ確率: 0.105（推定実オッズ?13倍） / 2着集中度: 上位2艇 78.7%（補正+0.04） / 総合判定確率: 0.145 / → ヒモはやや固め。上位2艇以外を切ること', 'tenji_trigger': '展示確認: 1号艇伸び良→そのまま採用。悪→飛び組に差し替え。circle_pct上位2艇に絞り込むこと。'}",,,31.5,逃げ狙い,27.32,30.2,2,,,,,,,,,,,
2025-12-01,丸亀,10,4,中山雄太,A1,29.09,4,▲,9.6127,13.3,100,62.7,0.13,2.7119,,,0,低,75,0,-,2 5522,0,61.9,1.0128,0,0,0.1111,0.0741,0,0.0385,0.0769,0.1154,,◎,D,◎,◎,0.4148,0.671,0.4211,0.4762,A,65,0,◎-○軸 3着3〜4艇流し（10〜15点）,0.5777,"{'is_target': True, 'verdict': '点数絞り', 'max_combo_prob': 0.105, 'est_top_odds': 12.7, 'circle_concentration': 78.7, 'eligible_count': 8, 'bet_adj': 0, 'reason': 'rel_win1=50.8%（本命度） / 最有力組み合わせ確率: 0.105（推定実オッズ?13倍） / 2着集中度: 上位2艇 78.7%（補正+0.04） / 総合判定確率: 0.145 / → ヒモはやや固め。上位2艇以外を切ること', 'tenji_trigger': '展示確認: 1号艇伸び良→そのまま採用。悪→飛び組に差し替え。circle_pct上位2艇に絞り込むこと。'}",,,31.5,逃げ狙い,27.32,30.2,2,,,,,,,,,,,
2025-12-01,丸亀,10,5,芹澤克彦,B1,29.79,5,△,5.0005,3.6,47,23.6,0.1564,3.4091,,,0,低,65,0,ま0%,1 245,0,73.3,1.1026,0,0,0.0645,0.0645,0,0.1962,0.0952,0.0571,,,D,○,,0.3005,0.643,,0.4762,A,65,0,◎-○軸 3着3〜4艇流し（10〜15点）,0.5777,"{'is_target': True, 'verdict': '点数絞り', 'max_combo_prob': 0.105, 'est_top_odds': 12.7, 'circle_concentration': 78.7, 'eligible_count': 8, 'bet_adj': 0, 'reason': 'rel_win1=50.8%（本命度） / 最有力組み合わせ確率: 0.105（推定実オッズ?13倍） / 2着集中度: 上位2艇 78.7%（補正+0.04） / 総合判定確率: 0.145 / → ヒモはやや固め。上位2艇以外を切ること', 'tenji_trigger': '展示確認: 1号艇伸び良→そのまま採用。悪→飛び組に差し替え。circle_pct上位2艇に絞り込むこと。'}",,,31.5,逃げ狙い,27.32,30.2,2,,,,,,,,,,,
2025-12-01,丸亀,10,6,鶴田勇雄,A2,37.25,6,,1.9998,4.4,63,31.8,0.1688,3.9924,,,0,低,167,0,-,5 4543,0,46.9,0.9061,,,,,,0.0258,0.3819,0.0387,,,C,,,0.2781,0.609,,0.4762,A,65,0,◎-○軸 3着3〜4艇流し（10〜15点）,0.5777,"{'is_target': True, 'verdict': '点数絞り', 'max_combo_prob': 0.105, 'est_top_odds': 12.7, 'circle_concentration': 78.7, 'eligible_count': 8, 'bet_adj': 0, 'reason': 'rel_win1=50.8%（本命度） / 最有力組み合わせ確率: 0.105（推定実オッズ?13倍） / 2着集中度: 上位2艇 78.7%（補正+0.04） / 総合判定確率: 0.145 / → ヒモはやや固め。上位2艇以外を切ること', 'tenji_trigger': '展示確認: 1号艇伸び良→そのまま採用。悪→飛び組に差し替え。circle_pct上位2艇に絞り込むこと。'}",,,31.5,逃げ狙い,27.32,30.2,2,,,,,,,,,,,
2025-12-01,丸亀,11,1,山田祐也,A1,39.13,1,◎,69.6447,,0,98.2,0.1409,2.8611,,,0,低,53,0,逃1%,133132,0,73.6,1.0865,0.7727,,,,,0,0.0455,0.1364,◎,,B,○,,,0.663,,0.6411,S,92,0,◎1着固定 2-3着流し（5〜8点）,0.5777,"{'is_target': True, 'verdict': '点数絞り', 'max_combo_prob': 0.1007, 'est_top_odds': 13.2, 'circle_concentration': 72.1, 'eligible_count': 6, 'bet_adj': 0, 'reason': 'rel_win1=69.6%（本命度） / 最有力組み合わせ確率: 0.101（推定実オッズ?13倍） / 2着集中度: 上位2艇 72.1%（補正+0.04） / 総合判定確率: 0.141 / → ヒモはやや固め。上位2艇以外を切ること', 'tenji_trigger': '展示確認: 1号艇伸び良→そのまま採用。悪→飛び組に差し替え。circle_pct上位2艇に絞り込むこと。'}",,,24.3,逃げ狙い,11.07,23.5,3,,,,,0,0,0.7559,0,,逃げ軸流し,A
2025-12-01,丸亀,11,2,北川潤二,A1,42.59,2,○,10.5577,46.3,100,60.8,0.1437,3.3165,,,0,低,54,0,差0%,23161,0,25.7,0.7217,0,0.0476,0.0238,0,0,0.0848,0.1348,0.0435,,,A,◎,,0.2804,0.673,,0.6411,S,92,0,◎1着固定 2-3着流し（5〜8点）,0.5777,"{'is_target': True, 'verdict': '点数絞り', 'max_combo_prob': 0.1007, 'est_top_odds': 13.2, 'circle_concentration': 72.1, 'eligible_count': 6, 'bet_adj': 0, 'reason': 'rel_win1=69.6%（本命度） / 最有力組み合わせ確率: 0.101（推定実オッズ?13倍） / 2着集中度: 上位2艇 72.1%（補正+0.04） / 総合判定確率: 0.141 / → ヒモはやや固め。上位2艇以外を切ること', 'tenji_trigger': '展示確認: 1号艇伸び良→そのまま採用。悪→飛び組に差し替え。circle_pct上位2艇に絞り込むこと。'}",,,24.3,逃げ狙い,11.07,23.5,3,,,,,,,,,,,
2025-12-01,丸亀,11,3,若狭奈美,A2,39.62,3,▲,9.413,25.7,88,65.4,0.175,3.8654,,,0,低,81,0,-,1 332,0,25.5,0.8123,0,0,0.1111,0,0,0.08,0.28,0.1,,,B,,,0.1327,0.542,,0.6411,S,92,0,◎1着固定 2-3着流し（5〜8点）,0.5777,"{'is_target': True, 'verdict': '点数絞り', 'max_combo_prob': 0.1007, 'est_top_odds': 13.2, 'circle_concentration': 72.1, 'eligible_count': 6, 'bet_adj': 0, 'reason': 'rel_win1=69.6%（本命度） / 最有力組み合わせ確率: 0.101（推定実オッズ?13倍） / 2着集中度: 上位2艇 72.1%（補正+0.04） / 総合判定確率: 0.141 / → ヒモはやや固め。上位2艇以外を切ること', 'tenji_trigger': '展示確認: 1号艇伸び良→そのまま採用。悪→飛び組に差し替え。circle_pct上位2艇に絞り込むこと。'}",,,24.3,逃げ狙い,11.07,23.5,3,,,,,,,,,,,
2025-12-01,丸亀,11,4,畔柳俊吾,B1,30.77,4,,5.431,17.6,82,47.5,0.1939,3.7459,,,0,低,164,0,-,333 26,0,43.5,1.0811,0,0,0.0435,0.0435,0,0.287,0.2217,0.2696,,,D,,,0.1128,0.5885,,0.6411,S,92,0,◎1着固定 2-3着流し（5〜8点）,0.5777,"{'is_target': True, 'verdict': '点数絞り', 'max_combo_prob': 0.1007, 'est_top_odds': 13.2, 'circle_concentration': 72.1, 'eligible_count': 6, 'bet_adj': 0, 'reason': 'rel_win1=69.6%（本命度） / 最有力組み合わせ確率: 0.101（推定実オッズ?13倍） / 2着集中度: 上位2艇 72.1%（補正+0.04） / 総合判定確率: 0.141 / → ヒモはやや固め。上位2艇以外を切ること', 'tenji_trigger': '展示確認: 1号艇伸び良→そのまま採用。悪→飛び組に差し替え。circle_pct上位2艇に絞り込むこと。'}",,,24.3,逃げ狙い,11.07,23.5,3,,,,,,,,,,,
2025-12-01,丸亀,11,5,田川大貴,A2,23.21,5,△,3.5728,10,53,36.5,0.1335,3.1154,,,0,低,91,0,-,342 65,0,96.8,1.8621,0,0,0.0345,0.069,0,0.1434,0.0774,0.1003,,,E,△,,0.3159,0.616,,0.6411,S,92,0,◎1着固定 2-3着流し（5〜8点）,0.5777,"{'is_target': True, 'verdict': '点数絞り', 'max_combo_prob': 0.1007, 'est_top_odds': 13.2, 'circle_concentration': 72.1, 'eligible_count': 6, 'bet_adj': 0, 'reason': 'rel_win1=69.6%（本命度） / 最有力組み合わせ確率: 0.101（推定実オッズ?13倍） / 2着集中度: 上位2艇 72.1%（補正+0.04） / 総合判定確率: 0.141 / → ヒモはやや固め。上位2艇以外を切ること', 'tenji_trigger': '展示確認: 1号艇伸び良→そのまま採用。悪→飛び組に差し替え。circle_pct上位2艇に絞り込むこと。'}",,,24.3,逃げ狙い,11.07,23.5,3,,,,,,,,,,,
2025-12-01,丸亀,11,6,浜崎準也,B1,28.30,6,,1.3808,0.3,59,18.9,0.1991,4.717,,,0,低,122,0,-,465 14,0,24,0.6608,,,,,,0.3,0.3,0,,,D,△,,0.1376,0.5915,,0.6411,S,92,0,◎1着固定 2-3着流し（5〜8点）,0.5777,"{'is_target': True, 'verdict': '点数絞り', 'max_combo_prob': 0.1007, 'est_top_odds': 13.2, 'circle_concentration': 72.1, 'eligible_count': 6, 'bet_adj': 0, 'reason': 'rel_win1=69.6%（本命度） / 最有力組み合わせ確率: 0.101（推定実オッズ?13倍） / 2着集中度: 上位2艇 72.1%（補正+0.04） / 総合判定確率: 0.141 / → ヒモはやや固め。上位2艇以外を切ること', 'tenji_trigger': '展示確認: 1号艇伸び良→そのまま採用。悪→飛び組に差し替え。circle_pct上位2艇に絞り込むこと。'}",,,24.3,逃げ狙い,11.07,23.5,3,,,,,,,,,,,
2025-12-01,丸亀,12,1,安河内将,A1,43.14,1,◎,59.8396,,0,91.5,0.1601,3.4939,,,0,低,99,0,逃1%,14111,0,73.7,0.9959,0.7941,,,,,0.0781,0.0781,0.0781,○,,B,△,,,0.6335,,0.4355,S,81,0,◎1着固定 2-3着流し（5〜8点）,0.5777,"{'is_target': True, 'verdict': '参加推奨', 'max_combo_prob': 0.0788, 'est_top_odds': 16.9, 'circle_concentration': 65.6, 'eligible_count': 6, 'bet_adj': 2, 'reason': 'rel_win1=59.8%（本命度） / 最有力組み合わせ確率: 0.079（推定実オッズ?17倍） / 2着集中度: 上位2艇 65.6%（補正+0.00） / 総合判定確率: 0.079 / → ヒモ分散。1号艇1着固定で広めのヒモ流し推奨（買い目+2点）', 'tenji_trigger': '展示確認: ヒモ分散レース。1号艇伸び確認後、広めのヒモ流しを採用。穴ヒモ（5・6号艇）を積極的に含める。'}",,,29.5,逃げ狙い,23.72,27.6,4,,,,,0,0,0.6155,0,,逃げ軸流し,A
2025-12-01,丸亀,12,2,木谷賢太,A2,38.00,2,○,12.2717,40.1,71,76.4,0.152,3.5909,,,0,低,107,0,差0%,1 1232,0,36,0.8736,0,0.25,0.0357,0,0,0.0343,0.0114,0.1957,,○,C,○,,0.4369,0.663,,0.4355,S,81,0,◎1着固定 2-3着流し（5〜8点）,0.5777,"{'is_target': True, 'verdict': '参加推奨', 'max_combo_prob': 0.0788, 'est_top_odds': 16.9, 'circle_concentration': 65.6, 'eligible_count': 6, 'bet_adj': 2, 'reason': 'rel_win1=59.8%（本命度） / 最有力組み合わせ確率: 0.079（推定実オッズ?17倍） / 2着集中度: 上位2艇 65.6%（補正+0.00） / 総合判定確率: 0.079 / → ヒモ分散。1号艇1着固定で広めのヒモ流し推奨（買い目+2点）', 'tenji_trigger': '展示確認: ヒモ分散レース。1号艇伸び確認後、広めのヒモ流しを採用。穴ヒモ（5・6号艇）を積極的に含める。'}",,,29.5,逃げ狙い,23.72,27.6,4,,,,,,,,,,,
2025-12-01,丸亀,12,3,原田篤志,A1,29.41,3,,6.7004,25.4,100,78.3,0.1675,3.3417,,,0,低,122,0,-,15133,0,81.3,0.9015,0,0,0.0345,0.0345,0.0345,0.02,0.125,0.02,,,D,,,0.2407,0.5685,,0.4355,S,81,0,◎1着固定 2-3着流し（5〜8点）,0.5777,"{'is_target': True, 'verdict': '参加推奨', 'max_combo_prob': 0.0788, 'est_top_odds': 16.9, 'circle_concentration': 65.6, 'eligible_count': 6, 'bet_adj': 2, 'reason': 'rel_win1=59.8%（本命度） / 最有力組み合わせ確率: 0.079（推定実オッズ?17倍） / 2着集中度: 上位2艇 65.6%（補正+0.00） / 総合判定確率: 0.079 / → ヒモ分散。1号艇1着固定で広めのヒモ流し推奨（買い目+2点）', 'tenji_trigger': '展示確認: ヒモ分散レース。1号艇伸び確認後、広めのヒモ流しを採用。穴ヒモ（5・6号艇）を積極的に含める。'}",,,29.5,逃げ狙い,23.72,27.6,4,,,,,,,,,,,
2025-12-01,丸亀,12,4,山口達也,A1,26.19,4,,11.6977,15,96,71.9,0.1666,3.3906,,,0,低,66,0,ま0%,363 11,0,86.3,1.4785,0,0,0.5,0,0,0,0.1154,0.1154,,△,D,△,○,0.4082,0.625,0.1841,0.4355,S,81,0,◎1着固定 2-3着流し（5〜8点）,0.5777,"{'is_target': True, 'verdict': '参加推奨', 'max_combo_prob': 0.0788, 'est_top_odds': 16.9, 'circle_concentration': 65.6, 'eligible_count': 6, 'bet_adj': 2, 'reason': 'rel_win1=59.8%（本命度） / 最有力組み合わせ確率: 0.079（推定実オッズ?17倍） / 2着集中度: 上位2艇 65.6%（補正+0.00） / 総合判定確率: 0.079 / → ヒモ分散。1号艇1着固定で広めのヒモ流し推奨（買い目+2点）', 'tenji_trigger': '展示確認: ヒモ分散レース。1号艇伸び確認後、広めのヒモ流しを採用。穴ヒモ（5・6号艇）を積極的に含める。'}",,,29.5,逃げ狙い,23.72,27.6,4,,,,,,,,,,,
2025-12-01,丸亀,12,5,山田哲也,A1,29.41,5,△,7.4319,16.9,52,60,0.1047,2.0333,,,0,低,17,0,差ま0%,226122,0,27.8,0.6624,0,0,0,0.2,0,0.1046,0.1194,0.0898,,◎,D,◎,◎,0.48,0.8045,0.52,0.4355,S,81,0,◎1着固定 2-3着流し（5〜8点）,0.5777,"{'is_target': True, 'verdict': '参加推奨', 'max_combo_prob': 0.0788, 'est_top_odds': 16.9, 'circle_concentration': 65.6, 'eligible_count': 6, 'bet_adj': 2, 'reason': 'rel_win1=59.8%（本命度） / 最有力組み合わせ確率: 0.079（推定実オッズ?17倍） / 2着集中度: 上位2艇 65.6%（補正+0.00） / 総合判定確率: 0.079 / → ヒモ分散。1号艇1着固定で広めのヒモ流し推奨（買い目+2点）', 'tenji_trigger': '展示確認: ヒモ分散レース。1号艇伸び確認後、広めのヒモ流しを採用。穴ヒモ（5・6号艇）を積極的に含める。'}",,,29.5,逃げ狙い,23.72,27.6,4,,,,,,,,,,,
2025-12-01,丸亀,12,6,西丸侑太,A2,54.90,6,▲,2.0589,2.5,57,34.1,0.1627,4.0114,,,0,低,100,0,-,322 13,0,32.4,1.5153,,,,,,0,0.1314,0.0429,,,A,,,0.3005,0.6105,,0.4355,S,81,0,◎1着固定 2-3着流し（5〜8点）,0.5777,"{'is_target': True, 'verdict': '参加推奨', 'max_combo_prob': 0.0788, 'est_top_odds': 16.9, 'circle_concentration': 65.6, 'eligible_count': 6, 'bet_adj': 2, 'reason': 'rel_win1=59.8%（本命度） / 最有力組み合わせ確率: 0.079（推定実オッズ?17倍） / 2着集中度: 上位2艇 65.6%（補正+0.00） / 総合判定確率: 0.079 / → ヒモ分散。1号艇1着固定で広めのヒモ流し推奨（買い目+2点）', 'tenji_trigger': '展示確認: ヒモ分散レース。1号艇伸び確認後、広めのヒモ流しを採用。穴ヒモ（5・6号艇）を積極的に含める。'}",,,29.5,逃げ狙い,23.72,27.6,4,,,,,,,,,,,
2025-12-04,丸亀,1,1,上田隆章,B1,37.25,1,◎,61.238,,0,72,0.1642,3.81,,,0,低,192,0,逃0%,,0,95.1,1.3279,0.35,,,,,0.3,0.22,0.1,○,,C,,,,0.5515,,0.337,A,65,0,◎-○軸 3着3〜4艇流し（10〜15点）,0.5777,"{'is_target': True, 'verdict': '参加推奨', 'max_combo_prob': 0.0543, 'est_top_odds': 24.6, 'circle_concentration': 53.5, 'eligible_count': 8, 'bet_adj': 2, 'reason': 'rel_win1=61.2%（本命度） / 最有力組み合わせ確率: 0.054（推定実オッズ?25倍） / 2着集中度: 上位2艇 53.5%（補正-0.04） / 総合判定確率: 0.014 / → ヒモ分散。1号艇1着固定で広めのヒモ流し推奨（買い目+2点）', 'tenji_trigger': '展示確認: ヒモ分散レース。1号艇伸び確認後、広めのヒモ流しを採用。穴ヒモ（5・6号艇）を積極的に含める。'}",,,30.5,逃げ狙い,14.07,38.7,3,,,,,0,0,0.6155,0,,逃げ軸流し,A
2025-12-04,丸亀,1,2,赤池修平,B1,20.41,2,,8.1295,25.8,81,35.3,0.1796,4.2843,,,0,低,135,0,-,,0,41.7,0.6257,,,,,,0.0444,0.3111,0.3333,,,E,△,,0.2185,0.614,,0.337,A,65,0,◎-○軸 3着3〜4艇流し（10〜15点）,0.5777,"{'is_target': True, 'verdict': '参加推奨', 'max_combo_prob': 0.0543, 'est_top_odds': 24.6, 'circle_concentration': 53.5, 'eligible_count': 8, 'bet_adj': 2, 'reason': 'rel_win1=61.2%（本命度） / 最有力組み合わせ確率: 0.054（推定実オッズ?25倍） / 2着集中度: 上位2艇 53.5%（補正-0.04） / 総合判定確率: 0.014 / → ヒモ分散。1号艇1着固定で広めのヒモ流し推奨（買い目+2点）', 'tenji_trigger': '展示確認: ヒモ分散レース。1号艇伸び確認後、広めのヒモ流しを採用。穴ヒモ（5・6号艇）を積極的に含める。'}",,,30.5,逃げ狙い,14.07,38.7,3,,,,,,,,,,,
2025-12-04,丸亀,1,3,金田幸子,A2,36.84,3,△,9.7369,27.7,100,60.9,0.1835,3.5,,,0,低,50,0,-,,0,42.1,1.084,,,,,,0.2,0.0667,0.2,,,C,△,,0.2513,0.636,,0.337,A,65,0,◎-○軸 3着3〜4艇流し（10〜15点）,0.5777,"{'is_target': True, 'verdict': '参加推奨', 'max_combo_prob': 0.0543, 'est_top_odds': 24.6, 'circle_concentration': 53.5, 'eligible_count': 8, 'bet_adj': 2, 'reason': 'rel_win1=61.2%（本命度） / 最有力組み合わせ確率: 0.054（推定実オッズ?25倍） / 2着集中度: 上位2艇 53.5%（補正-0.04） / 総合判定確率: 0.014 / → ヒモ分散。1号艇1着固定で広めのヒモ流し推奨（買い目+2点）', 'tenji_trigger': '展示確認: ヒモ分散レース。1号艇伸び確認後、広めのヒモ流しを採用。穴ヒモ（5・6号艇）を積極的に含める。'}",,,30.5,逃げ狙い,14.07,38.7,3,,,,,,,,,,,
2025-12-04,丸亀,1,4,石川　諒,B1,46.43,4,○,12.6169,17.1,80,44.1,0.1378,2.6356,,,0,低,71,0,差0% ま0% 抜0%,,0,55.7,1.1249,0,0.04,0.04,0,0.04,0.0421,0.1278,0.1489,,◎,A,◎,◎,0.4193,0.6605,0.3885,0.337,A,65,0,◎-○軸 3着3〜4艇流し（10〜15点）,0.5777,"{'is_target': True, 'verdict': '参加推奨', 'max_combo_prob': 0.0543, 'est_top_odds': 24.6, 'circle_concentration': 53.5, 'eligible_count': 8, 'bet_adj': 2, 'reason': 'rel_win1=61.2%（本命度） / 最有力組み合わせ確率: 0.054（推定実オッズ?25倍） / 2着集中度: 上位2艇 53.5%（補正-0.04） / 総合判定確率: 0.014 / → ヒモ分散。1号艇1着固定で広めのヒモ流し推奨（買い目+2点）', 'tenji_trigger': '展示確認: ヒモ分散レース。1号艇伸び確認後、広めのヒモ流しを採用。穴ヒモ（5・6号艇）を積極的に含める。'}",,,30.5,逃げ狙い,14.07,38.7,3,,,,,,,,,,,
2025-12-04,丸亀,1,5,深水慎一,B1,26.42,5,,6.8828,23.1,60,42.9,0.1649,3.6633,,,0,低,116,0,-,,0,33.1,0.711,0,0,0.04,0.04,0,0.1685,0.2404,0.1547,,,D,○,,0.3193,0.6455,,0.337,A,65,0,◎-○軸 3着3〜4艇流し（10〜15点）,0.5777,"{'is_target': True, 'verdict': '参加推奨', 'max_combo_prob': 0.0543, 'est_top_odds': 24.6, 'circle_concentration': 53.5, 'eligible_count': 8, 'bet_adj': 2, 'reason': 'rel_win1=61.2%（本命度） / 最有力組み合わせ確率: 0.054（推定実オッズ?25倍） / 2着集中度: 上位2艇 53.5%（補正-0.04） / 総合判定確率: 0.014 / → ヒモ分散。1号艇1着固定で広めのヒモ流し推奨（買い目+2点）', 'tenji_trigger': '展示確認: ヒモ分散レース。1号艇伸び確認後、広めのヒモ流しを採用。穴ヒモ（5・6号艇）を積極的に含める。'}",,,30.5,逃げ狙い,14.07,38.7,3,,,,,,,,,,,
2025-12-04,丸亀,1,6,澤　大介,B1,44.64,6,▲,1.3958,6.3,51,29.6,0.1889,3.6204,,,0,低,129,0,-,,0,23.9,0.92,,,,,,0.46,0.28,0.04,,,B,,,0.2675,0.5755,,0.337,A,65,0,◎-○軸 3着3〜4艇流し（10〜15点）,0.5777,"{'is_target': True, 'verdict': '参加推奨', 'max_combo_prob': 0.0543, 'est_top_odds': 24.6, 'circle_concentration': 53.5, 'eligible_count': 8, 'bet_adj': 2, 'reason': 'rel_win1=61.2%（本命度） / 最有力組み合わせ確率: 0.054（推定実オッズ?25倍） / 2着集中度: 上位2艇 53.5%（補正-0.04） / 総合判定確率: 0.014 / → ヒモ分散。1号艇1着固定で広めのヒモ流し推奨（買い目+2点）', 'tenji_trigger': '展示確認: ヒモ分散レース。1号艇伸び確認後、広めのヒモ流しを採用。穴ヒモ（5・6号艇）を積極的に含める。'}",,,30.5,逃げ狙い,14.07,38.7,3,,,,,,,,,,,
2025-12-04,丸亀,2,1,吉田宗弘,B1,19.23,1,○,37.3602,,0,79.3,0.1671,3.6293,,,0,低,210,0,-,,0,49.1,0.8156,0.1923,,,,,0.0615,0.5385,0.1462,△,,E,,,,0.5345,,0.2962,D,33,1,大荒れ。見送り推奨,0.5777,"{'is_target': False, 'verdict': '対象外', 'max_combo_prob': None, 'est_top_odds': None, 'circle_concentration': None, 'eligible_count': 0, 'bet_adj': 0, 'reason': '1号艇rel_win1 < 45%: 通常判定に委ねる', 'tenji_trigger': ''}",,,33.1,両建て推奨,22,39.2,3,5-1-3|5-1-6|1-3-5|1-2-5|1-3-6|1-2-3|1-2-6,4-1-3|6-1-3|6-1-2|5-1-3|5-1-6|4-1-2|4-3-1|1-3-5|1-2-5|1-3-6|1-2-3|1-2-6,5-1-3:1.84%|5-1-6:1.68%|1-3-5:8.22%|1-2-5:6.86%|1-3-6:5.74%|1-2-3:5.53%|1-2-6:4.79%,5-1-3:B_main|5-1-6:B_main|1-3-5:A|1-2-5:A|1-3-6:A|1-2-3:A|1-2-6:A,7,12,0.4535,1,[!]見送り推奨（主役決まり手「まくり差し」― 逃げ劣勢レースで的中実績なし）,荒れ広め,D
2025-12-04,丸亀,2,2,酒井陽祐,B1,29.31,2,,11.5581,33.7,72,46.4,0.1745,4.0089,,,0,低,117,0,-,,0,69.4,0.9188,0,0.069,0,0,0,0.2222,0,0.3333,,,B,○,,0.2498,0.62,,0.2962,D,33,1,大荒れ。見送り推奨,0.5777,"{'is_target': False, 'verdict': '対象外', 'max_combo_prob': None, 'est_top_odds': None, 'circle_concentration': None, 'eligible_count': 0, 'bet_adj': 0, 'reason': '1号艇rel_win1 < 45%: 通常判定に委ねる', 'tenji_trigger': ''}",,,33.1,両建て推奨,22,39.2,3,,,,,,,,,,,
2025-12-04,丸亀,2,3,清水敦揮,A1,26.47,3,◎,25.7022,41.7,100,90.6,0.1626,3.4434,,,0,低,120,0,ま0% 差ま0% 抜0%,,0,94.7,1.9515,0,0,0.1429,0.0952,0.0476,0.0308,0.2115,0.1808,,△,C,△,,0.3901,0.607,,0.2962,D,33,1,大荒れ。見送り推奨,0.5777,"{'is_target': False, 'verdict': '対象外', 'max_combo_prob': None, 'est_top_odds': None, 'circle_concentration': None, 'eligible_count': 0, 'bet_adj': 0, 'reason': '1号艇rel_win1 < 45%: 通常判定に委ねる', 'tenji_trigger': ''}",,,33.1,両建て推奨,22,39.2,3,,,,,,,,,,,
2025-12-04,丸亀,2,4,森下愛梨,B1,32.14,4,▲,10.4635,7.4,67,22.2,0.2033,4.3333,,,0,低,64,0,抜0%,,0,21.6,0.7449,0,0,0,0,0.125,0,0.38,0,,,B,,,0.2496,0.537,,0.2962,D,33,1,大荒れ。見送り推奨,0.5777,"{'is_target': False, 'verdict': '対象外', 'max_combo_prob': None, 'est_top_odds': None, 'circle_concentration': None, 'eligible_count': 0, 'bet_adj': 0, 'reason': '1号艇rel_win1 < 45%: 通常判定に委ねる', 'tenji_trigger': ''}",,,33.1,両建て推奨,22,39.2,3,,,,,,,,,,,
2025-12-04,丸亀,2,5,木下雄介,A2,22.64,5,△,11.2335,13.8,83,52.9,0.1441,3.1373,,,0,低,69,0,差ま0%,,0,84.7,1.6171,0,0,0,0.1923,0,0,0.3169,0.0462,,◎,D,△,◎,0.472,0.612,0.4822,0.2962,D,33,1,大荒れ。見送り推奨,0.5777,"{'is_target': False, 'verdict': '対象外', 'max_combo_prob': None, 'est_top_odds': None, 'circle_concentration': None, 'eligible_count': 0, 'bet_adj': 0, 'reason': '1号艇rel_win1 < 45%: 通常判定に委ねる', 'tenji_trigger': ''}",,,33.1,両建て推奨,22,39.2,3,,,,,,,,,,,
2025-12-04,丸亀,2,6,坪口竜也,A2,21.43,6,,3.6825,3.4,77,36.2,0.163,4.2979,,,0,低,84,0,-,,0,36.3,1.4642,0,0,0,0,0.0556,0,0.0667,0.0333,,○,D,◎,,0.4028,0.6815,,0.2962,D,33,1,大荒れ。見送り推奨,0.5777,"{'is_target': False, 'verdict': '対象外', 'max_combo_prob': None, 'est_top_odds': None, 'circle_concentration': None, 'eligible_count': 0, 'bet_adj': 0, 'reason': '1号艇rel_win1 < 45%: 通常判定に委ねる', 'tenji_trigger': ''}",,,33.1,両建て推奨,22,39.2,3,,,,,,,,,,,
2025-12-04,丸亀,3,1,中里昌志,B1,21.31,1,◎,46.9233,,0,75,0.176,3.8654,,,0,低,140,0,逃0%,,0,81.5,1.0116,0.2381,,,,,0.3162,0.2152,0.1962,△,,D,,,,0.604,,0.2085,A,61,0,◎-○軸 3着3〜4艇流し（10〜15点）,0.5777,"{'is_target': True, 'verdict': '参加推奨', 'max_combo_prob': 0.0498, 'est_top_odds': 26.8, 'circle_concentration': 60.1, 'eligible_count': 8, 'bet_adj': 2, 'reason': 'rel_win1=46.9%（本命度） / 最有力組み合わせ確率: 0.050（推定実オッズ?27倍） / 2着集中度: 上位2艇 60.1%（補正+0.00） / 総合判定確率: 0.050 / → ヒモ分散。1号艇1着固定で広めのヒモ流し推奨（買い目+2点）', 'tenji_trigger': '展示確認: ヒモ分散レース。1号艇伸び確認後、広めのヒモ流しを採用。穴ヒモ（5・6号艇）を積極的に含める。'}",,,30.3,両建て推奨,12.46,39.5,4,5-1-6|1-2-5|1-3-5|1-2-4|1-3-2|1-5-2,6-1-2|3-1-2|3-2-1|3-1-6|5-1-6|3-2-6|6-2-1|1-2-5|1-3-5|1-2-4|1-3-2|1-5-2,5-1-6:2.1%|1-2-5:7.48%|1-3-5:5.87%|1-2-4:5.32%|1-3-2:4.8%|1-5-2:4.47%,5-1-6:B_main|1-2-5:A|1-3-5:A|1-2-4:A|1-3-2:A|1-5-2:A,6,12,0.4535,1,[!]見送り推奨（主役決まり手「まくり差し」― 逃げ劣勢レースで的中実績なし）,荒れ広め,D
2025-12-04,丸亀,3,2,山地正樹,B1,15.69,2,,14.5714,33.3,97,50,0.1675,3.9191,,,0,低,88,0,差0%,,0,55.5,0.7638,0,0.0588,0,0,0,0.2091,0.1545,0.1364,,○,E,○,,0.4445,0.642,,0.2085,A,61,0,◎-○軸 3着3〜4艇流し（10〜15点）,0.5777,"{'is_target': True, 'verdict': '参加推奨', 'max_combo_prob': 0.0498, 'est_top_odds': 26.8, 'circle_concentration': 60.1, 'eligible_count': 8, 'bet_adj': 2, 'reason': 'rel_win1=46.9%（本命度） / 最有力組み合わせ確率: 0.050（推定実オッズ?27倍） / 2着集中度: 上位2艇 60.1%（補正+0.00） / 総合判定確率: 0.050 / → ヒモ分散。1号艇1着固定で広めのヒモ流し推奨（買い目+2点）', 'tenji_trigger': '展示確認: ヒモ分散レース。1号艇伸び確認後、広めのヒモ流しを採用。穴ヒモ（5・6号艇）を積極的に含める。'}",,,30.3,両建て推奨,12.46,39.5,4,,,,,,,,,,,
2025-12-04,丸亀,3,3,石原凪紗,B2,21.57,3,△,11.7634,26.8,61,33.3,0.1737,3.75,,,0,低,62,0,差ま0%,,0,23.9,0.7994,0,0,0,0.1,0,0.2643,0.0571,0.0571,,,D,,,0.3514,0.537,,0.2085,A,61,0,◎-○軸 3着3〜4艇流し（10〜15点）,0.5777,"{'is_target': True, 'verdict': '参加推奨', 'max_combo_prob': 0.0498, 'est_top_odds': 26.8, 'circle_concentration': 60.1, 'eligible_count': 8, 'bet_adj': 2, 'reason': 'rel_win1=46.9%（本命度） / 最有力組み合わせ確率: 0.050（推定実オッズ?27倍） / 2着集中度: 上位2艇 60.1%（補正+0.00） / 総合判定確率: 0.050 / → ヒモ分散。1号艇1着固定で広めのヒモ流し推奨（買い目+2点）', 'tenji_trigger': '展示確認: ヒモ分散レース。1号艇伸び確認後、広めのヒモ流しを採用。穴ヒモ（5・6号艇）を積極的に含める。'}",,,30.3,両建て推奨,12.46,39.5,4,,,,,,,,,,,
2025-12-04,丸亀,3,4,下田哲也,B1,51.72,4,○,10.1517,12.9,100,48.9,0.1667,3.7,,,0,低,104,0,差0%,,0,30.2,0.7377,0,0.0714,0,0,0,0.3333,0.1667,0.25,,,A,△,,0.3555,0.615,,0.2085,A,61,0,◎-○軸 3着3〜4艇流し（10〜15点）,0.5777,"{'is_target': True, 'verdict': '参加推奨', 'max_combo_prob': 0.0498, 'est_top_odds': 26.8, 'circle_concentration': 60.1, 'eligible_count': 8, 'bet_adj': 2, 'reason': 'rel_win1=46.9%（本命度） / 最有力組み合わせ確率: 0.050（推定実オッズ?27倍） / 2着集中度: 上位2艇 60.1%（補正+0.00） / 総合判定確率: 0.050 / → ヒモ分散。1号艇1着固定で広めのヒモ流し推奨（買い目+2点）', 'tenji_trigger': '展示確認: ヒモ分散レース。1号艇伸び確認後、広めのヒモ流しを採用。穴ヒモ（5・6号艇）を積極的に含める。'}",,,30.3,両建て推奨,12.46,39.5,4,,,,,,,,,,,
2025-12-04,丸亀,3,5,麻生慎介,A2,26.23,5,▲,15.1686,19,89,61.7,0.1179,2.4362,,,0,低,66,0,差ま0%,,0,25.5,0.9988,0,0,0,0.125,0.0833,0.0381,0.4362,0.0381,,◎,C,◎,◎,0.5116,0.661,0.4859,0.2085,A,61,0,◎-○軸 3着3〜4艇流し（10〜15点）,0.5777,"{'is_target': True, 'verdict': '参加推奨', 'max_combo_prob': 0.0498, 'est_top_odds': 26.8, 'circle_concentration': 60.1, 'eligible_count': 8, 'bet_adj': 2, 'reason': 'rel_win1=46.9%（本命度） / 最有力組み合わせ確率: 0.050（推定実オッズ?27倍） / 2着集中度: 上位2艇 60.1%（補正+0.00） / 総合判定確率: 0.050 / → ヒモ分散。1号艇1着固定で広めのヒモ流し推奨（買い目+2点）', 'tenji_trigger': '展示確認: ヒモ分散レース。1号艇伸び確認後、広めのヒモ流しを採用。穴ヒモ（5・6号艇）を積極的に含める。'}",,,30.3,両建て推奨,12.46,39.5,4,,,,,,,,,,,
2025-12-04,丸亀,3,6,榎　幸司,A1,22.22,6,,1.4216,8,64,36.2,0.2167,4.8333,,,0,低,175,0,-,,0,66.7,1.3878,,,,,,0.0945,0.02,0.04,,,C,△,,0.2139,0.622,,0.2085,A,61,0,◎-○軸 3着3〜4艇流し（10〜15点）,0.5777,"{'is_target': True, 'verdict': '参加推奨', 'max_combo_prob': 0.0498, 'est_top_odds': 26.8, 'circle_concentration': 60.1, 'eligible_count': 8, 'bet_adj': 2, 'reason': 'rel_win1=46.9%（本命度） / 最有力組み合わせ確率: 0.050（推定実オッズ?27倍） / 2着集中度: 上位2艇 60.1%（補正+0.00） / 総合判定確率: 0.050 / → ヒモ分散。1号艇1着固定で広めのヒモ流し推奨（買い目+2点）', 'tenji_trigger': '展示確認: ヒモ分散レース。1号艇伸び確認後、広めのヒモ流しを採用。穴ヒモ（5・6号艇）を積極的に含める。'}",,,30.3,両建て推奨,12.46,39.5,4,,,,,,,,,,,
2025-12-04,丸亀,4,1,一宮稔弘,B1,22.95,1,◎,51.3719,,0,95.7,0.1094,2.0106,,,0,低,40,0,逃1%,,0,90.2,1.1863,0.7895,,,,,0.0211,0.1921,0.1711,◎,,D,○,,,0.6275,,0.7335,S,97,0,◎1着固定 2-3着流し（5〜8点）,0.5777,"{'is_target': True, 'verdict': '参加推奨', 'max_combo_prob': 0.0707, 'est_top_odds': 18.9, 'circle_concentration': 78.4, 'eligible_count': 6, 'bet_adj': 2, 'reason': 'rel_win1=51.4%（本命度） / 最有力組み合わせ確率: 0.071（推定実オッズ?19倍） / 2着集中度: 上位2艇 78.4%（補正+0.04） / 総合判定確率: 0.111 / → ヒモ分散。1号艇1着固定で広めのヒモ流し推奨（買い目+2点）', 'tenji_trigger': '展示確認: ヒモ分散レース。1号艇伸び確認後、広めのヒモ流しを採用。穴ヒモ（5・6号艇）を積極的に含める。\n展示で1号艇スタート超安定(0.109秒)→ヒモ固まり方向に注意'}",,,27.2,逃げ狙い,16.59,27.1,5,,,,,0,0,0.7559,0,,逃げ軸流し,A
2025-12-04,丸亀,4,2,中北将史,B1,26.56,2,△,12.0962,40.3,99,53.6,0.1419,2.8551,,,0,低,132,0,差0% 抜0%,,0,61.6,0.886,0,0.1515,0,0,0.0303,0.4471,0.0941,0.0941,,,D,,,0.085,0.6005,,0.7335,S,97,0,◎1着固定 2-3着流し（5〜8点）,0.5777,"{'is_target': True, 'verdict': '参加推奨', 'max_combo_prob': 0.0707, 'est_top_odds': 18.9, 'circle_concentration': 78.4, 'eligible_count': 6, 'bet_adj': 2, 'reason': 'rel_win1=51.4%（本命度） / 最有力組み合わせ確率: 0.071（推定実オッズ?19倍） / 2着集中度: 上位2艇 78.4%（補正+0.04） / 総合判定確率: 0.111 / → ヒモ分散。1号艇1着固定で広めのヒモ流し推奨（買い目+2点）', 'tenji_trigger': '展示確認: ヒモ分散レース。1号艇伸び確認後、広めのヒモ流しを採用。穴ヒモ（5・6号艇）を積極的に含める。\n展示で1号艇スタート超安定(0.109秒)→ヒモ固まり方向に注意'}",,,27.2,逃げ狙い,16.59,27.1,5,,,,,,,,,,,
2025-12-04,丸亀,4,3,松尾　祭,A2,33.33,3,▲,13.5744,38.1,100,68.8,0.1472,2.8689,,,0,低,144,0,-,,0,77.4,1.5583,0,0.0294,0.0294,0.0882,0,0.1086,0.0654,0.2501,,,C,△,,0.1179,0.6215,,0.7335,S,97,0,◎1着固定 2-3着流し（5〜8点）,0.5777,"{'is_target': True, 'verdict': '参加推奨', 'max_combo_prob': 0.0707, 'est_top_odds': 18.9, 'circle_concentration': 78.4, 'eligible_count': 6, 'bet_adj': 2, 'reason': 'rel_win1=51.4%（本命度） / 最有力組み合わせ確率: 0.071（推定実オッズ?19倍） / 2着集中度: 上位2艇 78.4%（補正+0.04） / 総合判定確率: 0.111 / → ヒモ分散。1号艇1着固定で広めのヒモ流し推奨（買い目+2点）', 'tenji_trigger': '展示確認: ヒモ分散レース。1号艇伸び確認後、広めのヒモ流しを採用。穴ヒモ（5・6号艇）を積極的に含める。\n展示で1号艇スタート超安定(0.109秒)→ヒモ固まり方向に注意'}",,,27.2,逃げ狙い,16.59,27.1,5,,,,,,,,,,,
2025-12-04,丸亀,4,4,松本浩貴,B1,17.39,4,,5.5045,6.2,83,30.6,0.2106,4.4286,,,0,低,171,0,差ま0%,,0,18.7,0.6794,0,0,0,0.05,0,0.0522,0.3617,0.3791,,,E,,,0.11,0.599,,0.7335,S,97,0,◎1着固定 2-3着流し（5〜8点）,0.5777,"{'is_target': True, 'verdict': '参加推奨', 'max_combo_prob': 0.0707, 'est_top_odds': 18.9, 'circle_concentration': 78.4, 'eligible_count': 6, 'bet_adj': 2, 'reason': 'rel_win1=51.4%（本命度） / 最有力組み合わせ確率: 0.071（推定実オッズ?19倍） / 2着集中度: 上位2艇 78.4%（補正+0.04） / 総合判定確率: 0.111 / → ヒモ分散。1号艇1着固定で広めのヒモ流し推奨（買い目+2点）', 'tenji_trigger': '展示確認: ヒモ分散レース。1号艇伸び確認後、広めのヒモ流しを採用。穴ヒモ（5・6号艇）を積極的に含める。\n展示で1号艇スタート超安定(0.109秒)→ヒモ固まり方向に注意'}",,,27.2,逃げ狙い,16.59,27.1,5,,,,,,,,,,,
2025-12-04,丸亀,4,5,井上一輝,A1,45.45,5,○,15.3398,7.2,75,58.3,0.136,2.8646,,,0,低,55,0,差ま0%,,0,41.9,1.1502,0,0,0.0476,0.0476,0,0.025,0.025,0.025,,,A,◎,◎,0.2068,0.691,0.4405,0.7335,S,97,0,◎1着固定 2-3着流し（5〜8点）,0.5777,"{'is_target': True, 'verdict': '参加推奨', 'max_combo_prob': 0.0707, 'est_top_odds': 18.9, 'circle_concentration': 78.4, 'eligible_count': 6, 'bet_adj': 2, 'reason': 'rel_win1=51.4%（本命度） / 最有力組み合わせ確率: 0.071（推定実オッズ?19倍） / 2着集中度: 上位2艇 78.4%（補正+0.04） / 総合判定確率: 0.111 / → ヒモ分散。1号艇1着固定で広めのヒモ流し推奨（買い目+2点）', 'tenji_trigger': '展示確認: ヒモ分散レース。1号艇伸び確認後、広めのヒモ流しを採用。穴ヒモ（5・6号艇）を積極的に含める。\n展示で1号艇スタート超安定(0.109秒)→ヒモ固まり方向に注意'}",,,27.2,逃げ狙い,16.59,27.1,5,,,,,,,,,,,
2025-12-04,丸亀,4,6,藤生雄人,A2,35.19,6,,2.1132,8.2,35,30,0.1904,4.31,,,0,低,117,0,-,,0,63.2,1.2631,,,,,,0.019,0.0762,0.019,,,B,△,,0.1377,0.6185,,0.7335,S,97,0,◎1着固定 2-3着流し（5〜8点）,0.5777,"{'is_target': True, 'verdict': '参加推奨', 'max_combo_prob': 0.0707, 'est_top_odds': 18.9, 'circle_concentration': 78.4, 'eligible_count': 6, 'bet_adj': 2, 'reason': 'rel_win1=51.4%（本命度） / 最有力組み合わせ確率: 0.071（推定実オッズ?19倍） / 2着集中度: 上位2艇 78.4%（補正+0.04） / 総合判定確率: 0.111 / → ヒモ分散。1号艇1着固定で広めのヒモ流し推奨（買い目+2点）', 'tenji_trigger': '展示確認: ヒモ分散レース。1号艇伸び確認後、広めのヒモ流しを採用。穴ヒモ（5・6号艇）を積極的に含める。\n展示で1号艇スタート超安定(0.109秒)→ヒモ固まり方向に注意'}",,,27.2,逃げ狙い,16.59,27.1,5,,,,,,,,,,,
2025-12-04,丸亀,5,1,吉田和仁,B1,40.68,1,◎,56.1386,,0,79.7,0.1531,2.5,,,0,低,132,0,-,,0,89.5,1.1741,0.3478,,,,,0.0174,0.3965,0.0696,◎,,A,△,,,0.606,,0.506,A,71,0,◎-○軸 3着3〜4艇流し（10〜15点）,0.5777,"{'is_target': True, 'verdict': '参加推奨', 'max_combo_prob': 0.0773, 'est_top_odds': 17.3, 'circle_concentration': 71.3, 'eligible_count': 8, 'bet_adj': 2, 'reason': 'rel_win1=56.1%（本命度） / 最有力組み合わせ確率: 0.077（推定実オッズ?17倍） / 2着集中度: 上位2艇 71.3%（補正+0.04） / 総合判定確率: 0.117 / → ヒモ分散。1号艇1着固定で広めのヒモ流し推奨（買い目+2点）', 'tenji_trigger': '展示確認: ヒモ分散レース。1号艇伸び確認後、広めのヒモ流しを採用。穴ヒモ（5・6号艇）を積極的に含める。'}",,,28.4,逃げ狙い,13.85,32.9,5,,,,,0,0,0.7559,0,,逃げ軸流し,A
2025-12-04,丸亀,5,2,増本杏珠,B1,21.82,2,,10.9876,21.5,100,9.1,0.2336,4.5,,,0,低,74,1,-,,0,12.7,0.5379,,,,,,0.1667,0.5,0.1667,,,E,,,0.0801,0.5195,,0.506,A,71,0,◎-○軸 3着3〜4艇流し（10〜15点）,0.5777,"{'is_target': True, 'verdict': '参加推奨', 'max_combo_prob': 0.0773, 'est_top_odds': 17.3, 'circle_concentration': 71.3, 'eligible_count': 8, 'bet_adj': 2, 'reason': 'rel_win1=56.1%（本命度） / 最有力組み合わせ確率: 0.077（推定実オッズ?17倍） / 2着集中度: 上位2艇 71.3%（補正+0.04） / 総合判定確率: 0.117 / → ヒモ分散。1号艇1着固定で広めのヒモ流し推奨（買い目+2点）', 'tenji_trigger': '展示確認: ヒモ分散レース。1号艇伸び確認後、広めのヒモ流しを採用。穴ヒモ（5・6号艇）を積極的に含める。'}",,,28.4,逃げ狙い,13.85,32.9,5,,,,,,,,,,,
2025-12-04,丸亀,5,3,濱本優一,A2,39.62,3,○,13.5662,45.1,88,68.8,0.1661,3.2266,,,0,低,141,0,差0% ま0% 差ま0% 抜0%,,0,65.4,1.3092,0,0.04,0.08,0.04,0.04,0.0429,0.1629,0,,,B,△,,0.2645,0.61,,0.506,A,71,0,◎-○軸 3着3〜4艇流し（10〜15点）,0.5777,"{'is_target': True, 'verdict': '参加推奨', 'max_combo_prob': 0.0773, 'est_top_odds': 17.3, 'circle_concentration': 71.3, 'eligible_count': 8, 'bet_adj': 2, 'reason': 'rel_win1=56.1%（本命度） / 最有力組み合わせ確率: 0.077（推定実オッズ?17倍） / 2着集中度: 上位2艇 71.3%（補正+0.04） / 総合判定確率: 0.117 / → ヒモ分散。1号艇1着固定で広めのヒモ流し推奨（買い目+2点）', 'tenji_trigger': '展示確認: ヒモ分散レース。1号艇伸び確認後、広めのヒモ流しを採用。穴ヒモ（5・6号艇）を積極的に含める。'}",,,28.4,逃げ狙い,13.85,32.9,5,,,,,,,,,,,
2025-12-04,丸亀,5,4,服部　剛,B1,30.51,4,,8.0669,5.8,56,27.5,0.218,4.9314,,,0,低,197,0,差0%,,0,47.2,0.7196,0,0.0385,0,0,0,0.2196,0.3065,0.0348,,,D,○,,0.1651,0.6415,,0.506,A,71,0,◎-○軸 3着3〜4艇流し（10〜15点）,0.5777,"{'is_target': True, 'verdict': '参加推奨', 'max_combo_prob': 0.0773, 'est_top_odds': 17.3, 'circle_concentration': 71.3, 'eligible_count': 8, 'bet_adj': 2, 'reason': 'rel_win1=56.1%（本命度） / 最有力組み合わせ確率: 0.077（推定実オッズ?17倍） / 2着集中度: 上位2艇 71.3%（補正+0.04） / 総合判定確率: 0.117 / → ヒモ分散。1号艇1着固定で広めのヒモ流し推奨（買い目+2点）', 'tenji_trigger': '展示確認: ヒモ分散レース。1号艇伸び確認後、広めのヒモ流しを採用。穴ヒモ（5・6号艇）を積極的に含める。'}",,,28.4,逃げ狙い,13.85,32.9,5,,,,,,,,,,,
2025-12-04,丸亀,5,5,中岡正彦,A1,29.82,5,▲,9.0764,26.1,86,66.7,0.1304,2.9815,,,0,低,42,0,-,,0,56,0.996,,,,,,0.1103,0,0.0588,,◎,D,◎,,0.4456,0.649,,0.506,A,71,0,◎-○軸 3着3〜4艇流し（10〜15点）,0.5777,"{'is_target': True, 'verdict': '参加推奨', 'max_combo_prob': 0.0773, 'est_top_odds': 17.3, 'circle_concentration': 71.3, 'eligible_count': 8, 'bet_adj': 2, 'reason': 'rel_win1=56.1%（本命度） / 最有力組み合わせ確率: 0.077（推定実オッズ?17倍） / 2着集中度: 上位2艇 71.3%（補正+0.04） / 総合判定確率: 0.117 / → ヒモ分散。1号艇1着固定で広めのヒモ流し推奨（買い目+2点）', 'tenji_trigger': '展示確認: ヒモ分散レース。1号艇伸び確認後、広めのヒモ流しを採用。穴ヒモ（5・6号艇）を積極的に含める。'}",,,28.4,逃げ狙い,13.85,32.9,5,,,,,,,,,,,
2025-12-04,丸亀,5,6,吉島祥之,A2,33.33,6,△,2.1642,1.4,86,29.6,0.2003,4.0704,,,0,低,154,0,-,,0,25.2,0.9333,,,,,,0.0114,0.1676,0.0229,,,C,,,0.2193,0.5955,,0.506,A,71,0,◎-○軸 3着3〜4艇流し（10〜15点）,0.5777,"{'is_target': True, 'verdict': '参加推奨', 'max_combo_prob': 0.0773, 'est_top_odds': 17.3, 'circle_concentration': 71.3, 'eligible_count': 8, 'bet_adj': 2, 'reason': 'rel_win1=56.1%（本命度） / 最有力組み合わせ確率: 0.077（推定実オッズ?17倍） / 2着集中度: 上位2艇 71.3%（補正+0.04） / 総合判定確率: 0.117 / → ヒモ分散。1号艇1着固定で広めのヒモ流し推奨（買い目+2点）', 'tenji_trigger': '展示確認: ヒモ分散レース。1号艇伸び確認後、広めのヒモ流しを採用。穴ヒモ（5・6号艇）を積極的に含める。'}",,,28.4,逃げ狙い,13.85,32.9,5,,,,,,,,,,,
2025-12-04,丸亀,6,1,前野竜一,A2,40.00,1,◎,52.8918,,0,86.4,0.1652,3.0076,,,0,低,115,0,逃1%,,0,72.2,1.0962,0.5667,,,,,0.0133,0.2267,0.1067,◎,,C,△,,,0.5985,,0.4671,A,70,0,◎-○軸 3着3〜4艇流し（10〜15点）,0.5777,"{'is_target': True, 'verdict': '参加推奨', 'max_combo_prob': 0.0499, 'est_top_odds': 26.7, 'circle_concentration': 57.8, 'eligible_count': 8, 'bet_adj': 2, 'reason': 'rel_win1=52.9%（本命度） / 最有力組み合わせ確率: 0.050（推定実オッズ?27倍） / 2着集中度: 上位2艇 57.8%（補正+0.00） / 総合判定確率: 0.050 / → ヒモ分散。1号艇1着固定で広めのヒモ流し推奨（買い目+2点）', 'tenji_trigger': '展示確認: ヒモ分散レース。1号艇伸び確認後、広めのヒモ流しを採用。穴ヒモ（5・6号艇）を積極的に含める。'}",,,29,逃げ狙い,18.98,30.2,5,,,,,0,0,0.7559,0,,逃げ軸流し,A
2025-12-04,丸亀,6,2,常盤海心,B1,32.14,2,,7.8365,31.2,71,39.7,0.196,4.4138,,,0,低,136,0,-,,0,17.2,0.6067,0,0,0.04,0,0,0.0667,0.6,0.2667,,,D,△,,0.0561,0.592,,0.4671,A,70,0,◎-○軸 3着3〜4艇流し（10〜15点）,0.5777,"{'is_target': True, 'verdict': '参加推奨', 'max_combo_prob': 0.0499, 'est_top_odds': 26.7, 'circle_concentration': 57.8, 'eligible_count': 8, 'bet_adj': 2, 'reason': 'rel_win1=52.9%（本命度） / 最有力組み合わせ確率: 0.050（推定実オッズ?27倍） / 2着集中度: 上位2艇 57.8%（補正+0.00） / 総合判定確率: 0.050 / → ヒモ分散。1号艇1着固定で広めのヒモ流し推奨（買い目+2点）', 'tenji_trigger': '展示確認: ヒモ分散レース。1号艇伸び確認後、広めのヒモ流しを採用。穴ヒモ（5・6号艇）を積極的に含める。'}",,,29,逃げ狙い,18.98,30.2,5,,,,,,,,,,,
2025-12-04,丸亀,6,3,早川尚人,B1,40.35,3,▲,11.8286,16.5,71,43.5,0.1581,3.1522,,,0,低,158,0,ま0%,,0,38.9,0.9362,0,0,0.0333,0,0,0.4743,0.1771,0.0952,,,C,,,0.3396,0.5805,,0.4671,A,70,0,◎-○軸 3着3〜4艇流し（10〜15点）,0.5777,"{'is_target': True, 'verdict': '参加推奨', 'max_combo_prob': 0.0499, 'est_top_odds': 26.7, 'circle_concentration': 57.8, 'eligible_count': 8, 'bet_adj': 2, 'reason': 'rel_win1=52.9%（本命度） / 最有力組み合わせ確率: 0.050（推定実オッズ?27倍） / 2着集中度: 上位2艇 57.8%（補正+0.00） / 総合判定確率: 0.050 / → ヒモ分散。1号艇1着固定で広めのヒモ流し推奨（買い目+2点）', 'tenji_trigger': '展示確認: ヒモ分散レース。1号艇伸び確認後、広めのヒモ流しを採用。穴ヒモ（5・6号艇）を積極的に含める。'}",,,29,逃げ狙い,18.98,30.2,5,,,,,,,,,,,
2025-12-04,丸亀,6,4,澤　大介,B1,44.64,4,△,8.6412,22.6,92,58.5,0.1673,3.4024,,,0,低,129,0,ま0% 差ま0%,,0,56.5,1.1628,0,0,0.05,0.05,0,0.46,0.28,0.04,,,B,,○,0.3187,0.5755,0.2083,0.4671,A,70,0,◎-○軸 3着3〜4艇流し（10〜15点）,0.5777,"{'is_target': True, 'verdict': '参加推奨', 'max_combo_prob': 0.0499, 'est_top_odds': 26.7, 'circle_concentration': 57.8, 'eligible_count': 8, 'bet_adj': 2, 'reason': 'rel_win1=52.9%（本命度） / 最有力組み合わせ確率: 0.050（推定実オッズ?27倍） / 2着集中度: 上位2艇 57.8%（補正+0.00） / 総合判定確率: 0.050 / → ヒモ分散。1号艇1着固定で広めのヒモ流し推奨（買い目+2点）', 'tenji_trigger': '展示確認: ヒモ分散レース。1号艇伸び確認後、広めのヒモ流しを採用。穴ヒモ（5・6号艇）を積極的に含める。'}",,,29,逃げ狙い,18.98,30.2,5,,,,,,,,,,,
2025-12-04,丸亀,6,5,金子拓矢,A1,55.36,5,○,16.6405,26.6,100,71.1,0.1338,2.4667,,,0,低,69,0,差0% ま0% 差ま0% 抜0%,,0,100,2.2186,0,0.0385,0.0769,0.1538,0.0769,0.0105,0.1516,0.0705,,◎,A,○,◎,0.4481,0.661,0.4721,0.4671,A,70,0,◎-○軸 3着3〜4艇流し（10〜15点）,0.5777,"{'is_target': True, 'verdict': '参加推奨', 'max_combo_prob': 0.0499, 'est_top_odds': 26.7, 'circle_concentration': 57.8, 'eligible_count': 8, 'bet_adj': 2, 'reason': 'rel_win1=52.9%（本命度） / 最有力組み合わせ確率: 0.050（推定実オッズ?27倍） / 2着集中度: 上位2艇 57.8%（補正+0.00） / 総合判定確率: 0.050 / → ヒモ分散。1号艇1着固定で広めのヒモ流し推奨（買い目+2点）', 'tenji_trigger': '展示確認: ヒモ分散レース。1号艇伸び確認後、広めのヒモ流しを採用。穴ヒモ（5・6号艇）を積極的に含める。'}",,,29,逃げ狙い,18.98,30.2,5,,,,,,,,,,,
2025-12-04,丸亀,6,6,吉川昭男,A2,14.63,6,,2.1615,3.1,68,,,,,,0,低,79,1,-,,0,,,,,,,,,,,,,E,◎,,0.3438,0.667,0.15,0.4671,A,70,0,◎-○軸 3着3〜4艇流し（10〜15点）,0.5777,"{'is_target': True, 'verdict': '参加推奨', 'max_combo_prob': 0.0499, 'est_top_odds': 26.7, 'circle_concentration': 57.8, 'eligible_count': 8, 'bet_adj': 2, 'reason': 'rel_win1=52.9%（本命度） / 最有力組み合わせ確率: 0.050（推定実オッズ?27倍） / 2着集中度: 上位2艇 57.8%（補正+0.00） / 総合判定確率: 0.050 / → ヒモ分散。1号艇1着固定で広めのヒモ流し推奨（買い目+2点）', 'tenji_trigger': '展示確認: ヒモ分散レース。1号艇伸び確認後、広めのヒモ流しを採用。穴ヒモ（5・6号艇）を積極的に含める。'}",,,29,逃げ狙い,18.98,30.2,5,,,,,,,,,,,
2025-12-04,丸亀,7,1,金田幸子,A2,36.84,1,◎,63.3598,,0,86.2,0.1607,2.9483,,,0,低,50,0,逃1%,,0,87.5,1.1347,0.5333,,,,,0.2,0.0667,0.2,◎,,A,△,,,0.636,,0.4793,S,83,0,◎1着固定 2-3着流し（5〜8点）,0.5777,"{'is_target': True, 'verdict': '点数絞り', 'max_combo_prob': 0.1134, 'est_top_odds': 11.8, 'circle_concentration': 70.7, 'eligible_count': 6, 'bet_adj': 0, 'reason': 'rel_win1=63.4%（本命度） / 最有力組み合わせ確率: 0.113（推定実オッズ?12倍） / 2着集中度: 上位2艇 70.7%（補正+0.04） / 総合判定確率: 0.153 / → ヒモはやや固め。上位2艇以外を切ること', 'tenji_trigger': '展示確認: 1号艇伸び良→そのまま採用。悪→飛び組に差し替え。circle_pct上位2艇に絞り込むこと。'}",,,29.8,逃げ狙い,18.68,32.6,3,,,,,0,0,0.7559,0,,逃げ軸流し,A
2025-12-04,丸亀,7,2,森下愛梨,B1,32.14,2,▲,8.4394,42.2,82,38.1,0.2295,4.1905,,,0,低,64,0,-,,0,35.8,0.6647,,,,,,0,0.38,0,,,B,△,,0.0775,0.537,,0.4793,S,83,0,◎1着固定 2-3着流し（5〜8点）,0.5777,"{'is_target': True, 'verdict': '点数絞り', 'max_combo_prob': 0.1134, 'est_top_odds': 11.8, 'circle_concentration': 70.7, 'eligible_count': 6, 'bet_adj': 0, 'reason': 'rel_win1=63.4%（本命度） / 最有力組み合わせ確率: 0.113（推定実オッズ?12倍） / 2着集中度: 上位2艇 70.7%（補正+0.04） / 総合判定確率: 0.153 / → ヒモはやや固め。上位2艇以外を切ること', 'tenji_trigger': '展示確認: 1号艇伸び良→そのまま採用。悪→飛び組に差し替え。circle_pct上位2艇に絞り込むこと。'}",,,29.8,逃げ狙い,18.68,32.6,3,,,,,,,,,,,
2025-12-04,丸亀,7,3,平山智加,A1,18.37,3,,14.3013,28.4,100,68.2,0.1609,3.2727,,,0,低,46,0,差ま0%,,0,30.5,0.71,0,0,0.1111,0.2222,0,0,0.1818,0.1818,,,E,◎,,0.3338,0.651,,0.4793,S,83,0,◎1着固定 2-3着流し（5〜8点）,0.5777,"{'is_target': True, 'verdict': '点数絞り', 'max_combo_prob': 0.1134, 'est_top_odds': 11.8, 'circle_concentration': 70.7, 'eligible_count': 6, 'bet_adj': 0, 'reason': 'rel_win1=63.4%（本命度） / 最有力組み合わせ確率: 0.113（推定実オッズ?12倍） / 2着集中度: 上位2艇 70.7%（補正+0.04） / 総合判定確率: 0.153 / → ヒモはやや固め。上位2艇以外を切ること', 'tenji_trigger': '展示確認: 1号艇伸び良→そのまま採用。悪→飛び組に差し替え。circle_pct上位2艇に絞り込むこと。'}",,,29.8,逃げ狙い,18.68,32.6,3,,,,,,,,,,,
2025-12-04,丸亀,7,4,竹井奈美,B2,30.19,4,○,10.3344,20.3,86,61.9,0.1262,2.9762,,,0,低,30,0,-,,0,31.5,0.637,0,0,0,0,0.0588,0,0.0667,0,,◎,C,○,,0.4411,0.6455,,0.4793,S,83,0,◎1着固定 2-3着流し（5〜8点）,0.5777,"{'is_target': True, 'verdict': '点数絞り', 'max_combo_prob': 0.1134, 'est_top_odds': 11.8, 'circle_concentration': 70.7, 'eligible_count': 6, 'bet_adj': 0, 'reason': 'rel_win1=63.4%（本命度） / 最有力組み合わせ確率: 0.113（推定実オッズ?12倍） / 2着集中度: 上位2艇 70.7%（補正+0.04） / 総合判定確率: 0.153 / → ヒモはやや固め。上位2艇以外を切ること', 'tenji_trigger': '展示確認: 1号艇伸び良→そのまま採用。悪→飛び組に差し替え。circle_pct上位2艇に絞り込むこと。'}",,,29.8,逃げ狙い,18.68,32.6,3,,,,,,,,,,,
2025-12-04,丸亀,7,5,石原凪紗,B2,21.57,5,,2.4726,8.6,31,9.7,0.1565,3.6129,,,0,低,62,0,-,,0,19.3,0.679,,,,,,0.2643,0.0571,0.0571,,,D,△,,0.3234,0.537,,0.4793,S,83,0,◎1着固定 2-3着流し（5〜8点）,0.5777,"{'is_target': True, 'verdict': '点数絞り', 'max_combo_prob': 0.1134, 'est_top_odds': 11.8, 'circle_concentration': 70.7, 'eligible_count': 6, 'bet_adj': 0, 'reason': 'rel_win1=63.4%（本命度） / 最有力組み合わせ確率: 0.113（推定実オッズ?12倍） / 2着集中度: 上位2艇 70.7%（補正+0.04） / 総合判定確率: 0.153 / → ヒモはやや固め。上位2艇以外を切ること', 'tenji_trigger': '展示確認: 1号艇伸び良→そのまま採用。悪→飛び組に差し替え。circle_pct上位2艇に絞り込むこと。'}",,,29.8,逃げ狙い,18.68,32.6,3,,,,,,,,,,,
2025-12-04,丸亀,7,6,宮城那菜,B2,25.00,6,△,1.0924,0.4,19,1.6,0.159,3.3175,,,0,低,29,0,-,,0,30.2,0.6194,,,,,,,,,,,D,,,0.3154,0.4685,,0.4793,S,83,0,◎1着固定 2-3着流し（5〜8点）,0.5777,"{'is_target': True, 'verdict': '点数絞り', 'max_combo_prob': 0.1134, 'est_top_odds': 11.8, 'circle_concentration': 70.7, 'eligible_count': 6, 'bet_adj': 0, 'reason': 'rel_win1=63.4%（本命度） / 最有力組み合わせ確率: 0.113（推定実オッズ?12倍） / 2着集中度: 上位2艇 70.7%（補正+0.04） / 総合判定確率: 0.153 / → ヒモはやや固め。上位2艇以外を切ること', 'tenji_trigger': '展示確認: 1号艇伸び良→そのまま採用。悪→飛び組に差し替え。circle_pct上位2艇に絞り込むこと。'}",,,29.8,逃げ狙い,18.68,32.6,3,,,,,,,,,,,
2025-12-04,丸亀,8,1,田中辰彦,A1,36.36,1,◎,69.7684,,0,92.8,0.1523,2.8976,,,0,低,117,0,逃1%,,0,84.1,1.0397,0.7429,,,,,0.0114,0.2229,0.0571,◎,,C,○,,,0.662,,0.5391,S,88,0,◎1着固定 2-3着流し（5〜8点）,0.5777,"{'is_target': True, 'verdict': '点数絞り', 'max_combo_prob': 0.1572, 'est_top_odds': 8.5, 'circle_concentration': 76.1, 'eligible_count': 6, 'bet_adj': 0, 'reason': 'rel_win1=69.8%（本命度） / 最有力組み合わせ確率: 0.157（推定実オッズ?8倍） / 2着集中度: 上位2艇 76.1%（補正+0.04） / 総合判定確率: 0.197 / → ヒモはやや固め。上位2艇以外を切ること', 'tenji_trigger': '展示確認: 1号艇伸び良→そのまま採用。悪→飛び組に差し替え。circle_pct上位2艇に絞り込むこと。'}",,,28.9,逃げ狙い,20.45,28.6,2,,,,,0,0,0.7559,0,,逃げ軸流し,A
2025-12-04,丸亀,8,2,坪口竜也,A2,21.43,2,△,13.3413,55.2,34,68.4,0.1456,3.4123,,,0,低,84,0,差0%,,0,75,1.3031,0,0.2,0.04,0,0,0,0.0667,0.0333,,◎,E,◎,,0.4106,0.6815,,0.5391,S,88,0,◎1着固定 2-3着流し（5〜8点）,0.5777,"{'is_target': True, 'verdict': '点数絞り', 'max_combo_prob': 0.1572, 'est_top_odds': 8.5, 'circle_concentration': 76.1, 'eligible_count': 6, 'bet_adj': 0, 'reason': 'rel_win1=69.8%（本命度） / 最有力組み合わせ確率: 0.157（推定実オッズ?8倍） / 2着集中度: 上位2艇 76.1%（補正+0.04） / 総合判定確率: 0.197 / → ヒモはやや固め。上位2艇以外を切ること', 'tenji_trigger': '展示確認: 1号艇伸び良→そのまま採用。悪→飛び組に差し替え。circle_pct上位2艇に絞り込むこと。'}",,,28.9,逃げ狙い,20.45,28.6,2,,,,,,,,,,,
2025-12-04,丸亀,8,3,前原　哉,B1,24.53,3,,5.9792,17.8,43,30.9,0.1979,4.119,,,0,低,107,0,-,,0,52.7,1.2938,0,0.0833,0,0,0,0,0.4286,0.1429,,,D,,,0.1123,0.5705,,0.5391,S,88,0,◎1着固定 2-3着流し（5〜8点）,0.5777,"{'is_target': True, 'verdict': '点数絞り', 'max_combo_prob': 0.1572, 'est_top_odds': 8.5, 'circle_concentration': 76.1, 'eligible_count': 6, 'bet_adj': 0, 'reason': 'rel_win1=69.8%（本命度） / 最有力組み合わせ確率: 0.157（推定実オッズ?8倍） / 2着集中度: 上位2艇 76.1%（補正+0.04） / 総合判定確率: 0.197 / → ヒモはやや固め。上位2艇以外を切ること', 'tenji_trigger': '展示確認: 1号艇伸び良→そのまま採用。悪→飛び組に差し替え。circle_pct上位2艇に絞り込むこと。'}",,,28.9,逃げ狙い,20.45,28.6,2,,,,,,,,,,,
2025-12-04,丸亀,8,4,品川二千,A2,41.07,4,▲,4.9817,20.9,100,65.4,0.166,3.2981,,,0,低,103,0,抜0%,,0,61.6,1.1326,0,0,0,0,0.0385,0.1681,0.1188,0.0348,,,B,,,0.2592,0.605,,0.5391,S,88,0,◎1着固定 2-3着流し（5〜8点）,0.5777,"{'is_target': True, 'verdict': '点数絞り', 'max_combo_prob': 0.1572, 'est_top_odds': 8.5, 'circle_concentration': 76.1, 'eligible_count': 6, 'bet_adj': 0, 'reason': 'rel_win1=69.8%（本命度） / 最有力組み合わせ確率: 0.157（推定実オッズ?8倍） / 2着集中度: 上位2艇 76.1%（補正+0.04） / 総合判定確率: 0.197 / → ヒモはやや固め。上位2艇以外を切ること', 'tenji_trigger': '展示確認: 1号艇伸び良→そのまま採用。悪→飛び組に差し替え。circle_pct上位2艇に絞り込むこと。'}",,,28.9,逃げ狙い,20.45,28.6,2,,,,,,,,,,,
2025-12-04,丸亀,8,5,下田哲也,B1,51.72,5,○,4.1922,5.3,53,27.3,0.1631,3.9091,,,0,低,104,0,-,,0,28.9,0.7174,,,,,,0.3333,0.1667,0.25,,,A,△,,0.2756,0.615,,0.5391,S,88,0,◎1着固定 2-3着流し（5〜8点）,0.5777,"{'is_target': True, 'verdict': '点数絞り', 'max_combo_prob': 0.1572, 'est_top_odds': 8.5, 'circle_concentration': 76.1, 'eligible_count': 6, 'bet_adj': 0, 'reason': 'rel_win1=69.8%（本命度） / 最有力組み合わせ確率: 0.157（推定実オッズ?8倍） / 2着集中度: 上位2艇 76.1%（補正+0.04） / 総合判定確率: 0.197 / → ヒモはやや固め。上位2艇以外を切ること', 'tenji_trigger': '展示確認: 1号艇伸び良→そのまま採用。悪→飛び組に差し替え。circle_pct上位2艇に絞り込むこと。'}",,,28.9,逃げ狙い,20.45,28.6,2,,,,,,,,,,,
2025-12-04,丸亀,8,6,深水慎一,B1,26.42,6,,1.7372,0.8,49,17.9,0.2126,5.141,,,0,低,116,0,差ま0%,,0,27.2,0.8467,0,0,0,0.0435,0,0.1685,0.2404,0.1547,,,D,△,,0.1063,0.6455,,0.5391,S,88,0,◎1着固定 2-3着流し（5〜8点）,0.5777,"{'is_target': True, 'verdict': '点数絞り', 'max_combo_prob': 0.1572, 'est_top_odds': 8.5, 'circle_concentration': 76.1, 'eligible_count': 6, 'bet_adj': 0, 'reason': 'rel_win1=69.8%（本命度） / 最有力組み合わせ確率: 0.157（推定実オッズ?8倍） / 2着集中度: 上位2艇 76.1%（補正+0.04） / 総合判定確率: 0.197 / → ヒモはやや固め。上位2艇以外を切ること', 'tenji_trigger': '展示確認: 1号艇伸び良→そのまま採用。悪→飛び組に差し替え。circle_pct上位2艇に絞り込むこと。'}",,,28.9,逃げ狙い,20.45,28.6,2,,,,,,,,,,,
2025-12-04,丸亀,9,1,木下雄介,A2,22.64,1,◎,61.7744,,0,87.8,0.1588,3.3469,,,0,低,69,0,逃1%,,0,77.7,1.145,0.5769,,,,,0,0.3169,0.0462,○,,E,,,,0.612,,0.4303,A,78,0,◎-○軸 3着3〜4艇流し（10〜15点）,0.5777,"{'is_target': True, 'verdict': '点数絞り', 'max_combo_prob': 0.0905, 'est_top_odds': 14.7, 'circle_concentration': 73.0, 'eligible_count': 8, 'bet_adj': 0, 'reason': 'rel_win1=61.8%（本命度） / 最有力組み合わせ確率: 0.090（推定実オッズ?15倍） / 2着集中度: 上位2艇 73.0%（補正+0.04） / 総合判定確率: 0.130 / → ヒモはやや固め。上位2艇以外を切ること', 'tenji_trigger': '展示確認: 1号艇伸び良→そのまま採用。悪→飛び組に差し替え。circle_pct上位2艇に絞り込むこと。'}",,,27.3,逃げ狙い,13.1,30.2,2,,,,,0,0,0.6155,0,,逃げ軸流し,A
2025-12-04,丸亀,9,2,麻生慎介,A2,26.23,2,△,13.6677,39.1,90,63.5,0.1377,3.0288,,,0,低,66,0,-,,0,94.1,1.841,0,0.125,0.0417,0,0,0.0381,0.4362,0.0381,,◎,D,◎,,0.5369,0.661,,0.4303,A,78,0,◎-○軸 3着3〜4艇流し（10〜15点）,0.5777,"{'is_target': True, 'verdict': '点数絞り', 'max_combo_prob': 0.0905, 'est_top_odds': 14.7, 'circle_concentration': 73.0, 'eligible_count': 8, 'bet_adj': 0, 'reason': 'rel_win1=61.8%（本命度） / 最有力組み合わせ確率: 0.090（推定実オッズ?15倍） / 2着集中度: 上位2艇 73.0%（補正+0.04） / 総合判定確率: 0.130 / → ヒモはやや固め。上位2艇以外を切ること', 'tenji_trigger': '展示確認: 1号艇伸び良→そのまま採用。悪→飛び組に差し替え。circle_pct上位2艇に絞り込むこと。'}",,,27.3,逃げ狙い,13.1,30.2,2,,,,,,,,,,,
2025-12-04,丸亀,9,3,藤生雄人,A2,35.19,3,,8.3603,33.9,66,61.1,0.17,3.5278,,,0,低,117,0,差0% ま0%,,0,46,1.0527,0,0.0455,0.0455,0,0,0.019,0.0762,0.019,,,C,△,,0.2569,0.6185,,0.4303,A,78,0,◎-○軸 3着3〜4艇流し（10〜15点）,0.5777,"{'is_target': True, 'verdict': '点数絞り', 'max_combo_prob': 0.0905, 'est_top_odds': 14.7, 'circle_concentration': 73.0, 'eligible_count': 8, 'bet_adj': 0, 'reason': 'rel_win1=61.8%（本命度） / 最有力組み合わせ確率: 0.090（推定実オッズ?15倍） / 2着集中度: 上位2艇 73.0%（補正+0.04） / 総合判定確率: 0.130 / → ヒモはやや固め。上位2艇以外を切ること', 'tenji_trigger': '展示確認: 1号艇伸び良→そのまま採用。悪→飛び組に差し替え。circle_pct上位2艇に絞り込むこと。'}",,,27.3,逃げ狙い,13.1,30.2,2,,,,,,,,,,,
2025-12-04,丸亀,9,4,山谷　央,B1,42.11,4,▲,9.7982,8.1,100,46.2,0.1571,3.125,,,0,低,90,0,-,,0,100,2.006,0,0.0345,0.0345,0.1034,0,0.3443,0.1548,0.0348,,,B,△,◎,0.3536,0.639,0.4221,0.4303,A,78,0,◎-○軸 3着3〜4艇流し（10〜15点）,0.5777,"{'is_target': True, 'verdict': '点数絞り', 'max_combo_prob': 0.0905, 'est_top_odds': 14.7, 'circle_concentration': 73.0, 'eligible_count': 8, 'bet_adj': 0, 'reason': 'rel_win1=61.8%（本命度） / 最有力組み合わせ確率: 0.090（推定実オッズ?15倍） / 2着集中度: 上位2艇 73.0%（補正+0.04） / 総合判定確率: 0.130 / → ヒモはやや固め。上位2艇以外を切ること', 'tenji_trigger': '展示確認: 1号艇伸び良→そのまま採用。悪→飛び組に差し替え。circle_pct上位2艇に絞り込むこと。'}",,,27.3,逃げ狙い,13.1,30.2,2,,,,,,,,,,,
2025-12-04,丸亀,9,5,石川　諒,B1,46.43,5,○,5.2436,17.7,68,34.9,0.1419,2.6746,,,0,低,71,0,差ま0%,,0,52.6,1.0326,0,0,0,0.0667,0,0.0421,0.1278,0.1489,,,A,○,,0.3897,0.6605,,0.4303,A,78,0,◎-○軸 3着3〜4艇流し（10〜15点）,0.5777,"{'is_target': True, 'verdict': '点数絞り', 'max_combo_prob': 0.0905, 'est_top_odds': 14.7, 'circle_concentration': 73.0, 'eligible_count': 8, 'bet_adj': 0, 'reason': 'rel_win1=61.8%（本命度） / 最有力組み合わせ確率: 0.090（推定実オッズ?15倍） / 2着集中度: 上位2艇 73.0%（補正+0.04） / 総合判定確率: 0.130 / → ヒモはやや固め。上位2艇以外を切ること', 'tenji_trigger': '展示確認: 1号艇伸び良→そのまま採用。悪→飛び組に差し替え。circle_pct上位2艇に絞り込むこと。'}",,,27.3,逃げ狙い,13.1,30.2,2,,,,,,,,,,,
2025-12-04,丸亀,9,6,渡邊哲也,B1,34.48,6,,1.1559,1.2,33,9.3,0.2388,4.6163,,,0,低,114,0,-,,0,32,0.6086,,,,,,0.04,0.28,0.32,,,C,,,0.1855,0.4815,,0.4303,A,78,0,◎-○軸 3着3〜4艇流し（10〜15点）,0.5777,"{'is_target': True, 'verdict': '点数絞り', 'max_combo_prob': 0.0905, 'est_top_odds': 14.7, 'circle_concentration': 73.0, 'eligible_count': 8, 'bet_adj': 0, 'reason': 'rel_win1=61.8%（本命度） / 最有力組み合わせ確率: 0.090（推定実オッズ?15倍） / 2着集中度: 上位2艇 73.0%（補正+0.04） / 総合判定確率: 0.130 / → ヒモはやや固め。上位2艇以外を切ること', 'tenji_trigger': '展示確認: 1号艇伸び良→そのまま採用。悪→飛び組に差し替え。circle_pct上位2艇に絞り込むこと。'}",,,27.3,逃げ狙い,13.1,30.2,2,,,,,,,,,,,
2025-12-04,丸亀,10,1,濱本優一,A2,39.62,1,◎,65.5632,,0,96.3,0.1468,2.5244,,,0,低,141,0,逃1%,,0,92.7,1.2474,0.7857,,,,,0.0429,0.1629,0,◎,,A,△,,,0.61,,0.5821,A,74,0,◎-○軸 3着3〜4艇流し（10〜15点）,0.5777,"{'is_target': True, 'verdict': '参加推奨', 'max_combo_prob': 0.0757, 'est_top_odds': 17.6, 'circle_concentration': 71.5, 'eligible_count': 8, 'bet_adj': 2, 'reason': 'rel_win1=65.6%（本命度） / 最有力組み合わせ確率: 0.076（推定実オッズ?18倍） / 2着集中度: 上位2艇 71.5%（補正+0.04） / 総合判定確率: 0.116 / → ヒモ分散。1号艇1着固定で広めのヒモ流し推奨（買い目+2点）', 'tenji_trigger': '展示確認: ヒモ分散レース。1号艇伸び確認後、広めのヒモ流しを採用。穴ヒモ（5・6号艇）を積極的に含める。'}",,,26.9,逃げ狙い,16.27,26.3,2,,,,,0,0,0.7559,0,,逃げ軸流し,A
2025-12-04,丸亀,10,2,外崎　悟,A2,17.02,2,△,13.3486,37.6,93,56.4,0.1591,3.3727,,,0,低,91,0,-,,0,57.5,1.1066,0,0.2222,0,0,0.0556,0,0.219,0.0333,,,D,◎,,0.2295,0.6445,,0.5821,A,74,0,◎-○軸 3着3〜4艇流し（10〜15点）,0.5777,"{'is_target': True, 'verdict': '参加推奨', 'max_combo_prob': 0.0757, 'est_top_odds': 17.6, 'circle_concentration': 71.5, 'eligible_count': 8, 'bet_adj': 2, 'reason': 'rel_win1=65.6%（本命度） / 最有力組み合わせ確率: 0.076（推定実オッズ?18倍） / 2着集中度: 上位2艇 71.5%（補正+0.04） / 総合判定確率: 0.116 / → ヒモ分散。1号艇1着固定で広めのヒモ流し推奨（買い目+2点）', 'tenji_trigger': '展示確認: ヒモ分散レース。1号艇伸び確認後、広めのヒモ流しを採用。穴ヒモ（5・6号艇）を積極的に含める。'}",,,26.9,逃げ狙い,16.27,26.3,2,,,,,,,,,,,
2025-12-04,丸亀,10,3,前野竜一,A2,40.00,3,○,9.3684,33.8,100,59.3,0.1643,3.5556,,,0,低,115,0,-,,0,50.8,1.0652,0,0,0.0476,0.0476,0,0.0133,0.2267,0.1067,,,A,,,0.1955,0.5985,,0.5821,A,74,0,◎-○軸 3着3〜4艇流し（10〜15点）,0.5777,"{'is_target': True, 'verdict': '参加推奨', 'max_combo_prob': 0.0757, 'est_top_odds': 17.6, 'circle_concentration': 71.5, 'eligible_count': 8, 'bet_adj': 2, 'reason': 'rel_win1=65.6%（本命度） / 最有力組み合わせ確率: 0.076（推定実オッズ?18倍） / 2着集中度: 上位2艇 71.5%（補正+0.04） / 総合判定確率: 0.116 / → ヒモ分散。1号艇1着固定で広めのヒモ流し推奨（買い目+2点）', 'tenji_trigger': '展示確認: ヒモ分散レース。1号艇伸び確認後、広めのヒモ流しを採用。穴ヒモ（5・6号艇）を積極的に含める。'}",,,26.9,逃げ狙い,16.27,26.3,2,,,,,,,,,,,
2025-12-04,丸亀,10,4,吉田宗弘,B1,19.23,4,,3.1516,10.1,74,30.8,0.2082,4.1923,,,0,低,210,0,-,,0,24.6,0.6685,,,,,,0.0615,0.5385,0.1462,,,D,,,0.1379,0.5345,,0.5821,A,74,0,◎-○軸 3着3〜4艇流し（10〜15点）,0.5777,"{'is_target': True, 'verdict': '参加推奨', 'max_combo_prob': 0.0757, 'est_top_odds': 17.6, 'circle_concentration': 71.5, 'eligible_count': 8, 'bet_adj': 2, 'reason': 'rel_win1=65.6%（本命度） / 最有力組み合わせ確率: 0.076（推定実オッズ?18倍） / 2着集中度: 上位2艇 71.5%（補正+0.04） / 総合判定確率: 0.116 / → ヒモ分散。1号艇1着固定で広めのヒモ流し推奨（買い目+2点）', 'tenji_trigger': '展示確認: ヒモ分散レース。1号艇伸び確認後、広めのヒモ流しを採用。穴ヒモ（5・6号艇）を積極的に含める。'}",,,26.9,逃げ狙い,16.27,26.3,2,,,,,,,,,,,
2025-12-04,丸亀,10,5,一宮稔弘,B1,22.95,5,▲,7.0591,15.1,86,46.8,0.1168,2.3085,,,0,低,40,0,差0% ま0% 差ま0%,,0,73.8,1.3602,0,0.0417,0.0833,0.0417,0,0.0211,0.1921,0.1711,,,C,△,◎,0.3917,0.6275,0.4353,0.5821,A,74,0,◎-○軸 3着3〜4艇流し（10〜15点）,0.5777,"{'is_target': True, 'verdict': '参加推奨', 'max_combo_prob': 0.0757, 'est_top_odds': 17.6, 'circle_concentration': 71.5, 'eligible_count': 8, 'bet_adj': 2, 'reason': 'rel_win1=65.6%（本命度） / 最有力組み合わせ確率: 0.076（推定実オッズ?18倍） / 2着集中度: 上位2艇 71.5%（補正+0.04） / 総合判定確率: 0.116 / → ヒモ分散。1号艇1着固定で広めのヒモ流し推奨（買い目+2点）', 'tenji_trigger': '展示確認: ヒモ分散レース。1号艇伸び確認後、広めのヒモ流しを採用。穴ヒモ（5・6号艇）を積極的に含める。'}",,,26.9,逃げ狙い,16.27,26.3,2,,,,,,,,,,,
2025-12-04,丸亀,10,6,山地正樹,B1,15.69,6,,1.509,3.3,66,0,0.27,5,,,0,低,88,1,-,,0,26,0.8156,,,,,,0.2091,0.1545,0.1364,,,E,○,,0.1367,0.642,,0.5821,A,74,0,◎-○軸 3着3〜4艇流し（10〜15点）,0.5777,"{'is_target': True, 'verdict': '参加推奨', 'max_combo_prob': 0.0757, 'est_top_odds': 17.6, 'circle_concentration': 71.5, 'eligible_count': 8, 'bet_adj': 2, 'reason': 'rel_win1=65.6%（本命度） / 最有力組み合わせ確率: 0.076（推定実オッズ?18倍） / 2着集中度: 上位2艇 71.5%（補正+0.04） / 総合判定確率: 0.116 / → ヒモ分散。1号艇1着固定で広めのヒモ流し推奨（買い目+2点）', 'tenji_trigger': '展示確認: ヒモ分散レース。1号艇伸び確認後、広めのヒモ流しを採用。穴ヒモ（5・6号艇）を積極的に含める。'}",,,26.9,逃げ狙い,16.27,26.3,2,,,,,,,,,,,
2025-12-04,丸亀,11,1,清水敦揮,A1,26.47,1,◎,63.4148,,0,97.6,0.1414,2.6726,,,0,低,120,0,逃1%,,0,70.5,1.0609,0.6667,,,,,0.0308,0.2115,0.1808,◎,,C,△,,,0.607,,0.6782,A,79,0,◎-○軸 3着3〜4艇流し（10〜15点）,0.5777,"{'is_target': True, 'verdict': '参加推奨', 'max_combo_prob': 0.104, 'est_top_odds': 12.8, 'circle_concentration': 59.6, 'eligible_count': 8, 'bet_adj': 2, 'reason': 'rel_win1=63.4%（本命度） / 最有力組み合わせ確率: 0.104（推定実オッズ?13倍） / 2着集中度: 上位2艇 59.6%（補正+0.00） / 総合判定確率: 0.104 / → ヒモ分散。1号艇1着固定で広めのヒモ流し推奨（買い目+2点）', 'tenji_trigger': '展示確認: ヒモ分散レース。1号艇伸び確認後、広めのヒモ流しを採用。穴ヒモ（5・6号艇）を積極的に含める。'}",,,27.1,逃げ狙い,13.64,29.2,2,,,,,0,0,0.7559,0,,逃げ軸流し,A
2025-12-04,丸亀,11,2,吉川昭男,A2,14.63,2,,14.0588,39.2,80,66.2,0.1657,3.9412,,,0,低,79,0,-,,0,98.2,1.9155,0,0.0323,0.0323,0,0.0323,0.1771,0.2257,0.0343,,,E,◎,,0.0676,0.667,,0.6782,A,79,0,◎-○軸 3着3〜4艇流し（10〜15点）,0.5777,"{'is_target': True, 'verdict': '参加推奨', 'max_combo_prob': 0.104, 'est_top_odds': 12.8, 'circle_concentration': 59.6, 'eligible_count': 8, 'bet_adj': 2, 'reason': 'rel_win1=63.4%（本命度） / 最有力組み合わせ確率: 0.104（推定実オッズ?13倍） / 2着集中度: 上位2艇 59.6%（補正+0.00） / 総合判定確率: 0.104 / → ヒモ分散。1号艇1着固定で広めのヒモ流し推奨（買い目+2点）', 'tenji_trigger': '展示確認: ヒモ分散レース。1号艇伸び確認後、広めのヒモ流しを採用。穴ヒモ（5・6号艇）を積極的に含める。'}",,,27.1,逃げ狙い,13.64,29.2,2,,,,,,,,,,,
2025-12-04,丸亀,11,3,中里昌志,B1,21.31,3,,6.8682,19.7,50,43.1,0.184,3.7759,,,0,低,140,0,-,,0,22.2,0.785,0,0,0,0.0435,0,0.3162,0.2152,0.1962,,,D,,,0.1321,0.604,,0.6782,A,79,0,◎-○軸 3着3〜4艇流し（10〜15点）,0.5777,"{'is_target': True, 'verdict': '参加推奨', 'max_combo_prob': 0.104, 'est_top_odds': 12.8, 'circle_concentration': 59.6, 'eligible_count': 8, 'bet_adj': 2, 'reason': 'rel_win1=63.4%（本命度） / 最有力組み合わせ確率: 0.104（推定実オッズ?13倍） / 2着集中度: 上位2艇 59.6%（補正+0.00） / 総合判定確率: 0.104 / → ヒモ分散。1号艇1着固定で広めのヒモ流し推奨（買い目+2点）', 'tenji_trigger': '展示確認: ヒモ分散レース。1号艇伸び確認後、広めのヒモ流しを採用。穴ヒモ（5・6号艇）を積極的に含める。'}",,,27.1,逃げ狙い,13.64,29.2,2,,,,,,,,,,,
2025-12-04,丸亀,11,4,松尾　祭,A2,33.33,4,○,8.5441,16,100,61.1,0.1704,3.9444,,,0,低,144,0,-,,0,65.5,0.8368,0,0,0.0357,0,0,0.1086,0.0654,0.2501,,,B,△,◎,0.2038,0.6215,0.2872,0.6782,A,79,0,◎-○軸 3着3〜4艇流し（10〜15点）,0.5777,"{'is_target': True, 'verdict': '参加推奨', 'max_combo_prob': 0.104, 'est_top_odds': 12.8, 'circle_concentration': 59.6, 'eligible_count': 8, 'bet_adj': 2, 'reason': 'rel_win1=63.4%（本命度） / 最有力組み合わせ確率: 0.104（推定実オッズ?13倍） / 2着集中度: 上位2艇 59.6%（補正+0.00） / 総合判定確率: 0.104 / → ヒモ分散。1号艇1着固定で広めのヒモ流し推奨（買い目+2点）', 'tenji_trigger': '展示確認: ヒモ分散レース。1号艇伸び確認後、広めのヒモ流しを採用。穴ヒモ（5・6号艇）を積極的に含める。'}",,,27.1,逃げ狙い,13.64,29.2,2,,,,,,,,,,,
2025-12-04,丸亀,11,5,吉島祥之,A2,33.33,5,▲,5.8144,20.4,49,47.7,0.1783,3.5923,,,0,低,154,0,差ま0%,,0,35.5,1.3393,0,0,0,0.037,0,0.0114,0.1676,0.0229,,,B,,○,0.1971,0.5955,0.2394,0.6782,A,79,0,◎-○軸 3着3〜4艇流し（10〜15点）,0.5777,"{'is_target': True, 'verdict': '参加推奨', 'max_combo_prob': 0.104, 'est_top_odds': 12.8, 'circle_concentration': 59.6, 'eligible_count': 8, 'bet_adj': 2, 'reason': 'rel_win1=63.4%（本命度） / 最有力組み合わせ確率: 0.104（推定実オッズ?13倍） / 2着集中度: 上位2艇 59.6%（補正+0.00） / 総合判定確率: 0.104 / → ヒモ分散。1号艇1着固定で広めのヒモ流し推奨（買い目+2点）', 'tenji_trigger': '展示確認: ヒモ分散レース。1号艇伸び確認後、広めのヒモ流しを採用。穴ヒモ（5・6号艇）を積極的に含める。'}",,,27.1,逃げ狙い,13.64,29.2,2,,,,,,,,,,,
2025-12-04,丸亀,11,6,竹井奈美,B2,30.19,6,△,1.2997,4.7,40,38.5,0.1715,4.5,,,0,低,30,1,-,,0,68.7,1.5036,,,,,,0,0.0667,0,,,B,○,,0.2498,0.6455,,0.6782,A,79,0,◎-○軸 3着3〜4艇流し（10〜15点）,0.5777,"{'is_target': True, 'verdict': '参加推奨', 'max_combo_prob': 0.104, 'est_top_odds': 12.8, 'circle_concentration': 59.6, 'eligible_count': 8, 'bet_adj': 2, 'reason': 'rel_win1=63.4%（本命度） / 最有力組み合わせ確率: 0.104（推定実オッズ?13倍） / 2着集中度: 上位2艇 59.6%（補正+0.00） / 総合判定確率: 0.104 / → ヒモ分散。1号艇1着固定で広めのヒモ流し推奨（買い目+2点）', 'tenji_trigger': '展示確認: ヒモ分散レース。1号艇伸び確認後、広めのヒモ流しを採用。穴ヒモ（5・6号艇）を積極的に含める。'}",,,27.1,逃げ狙い,13.64,29.2,2,,,,,,,,,,,
2025-12-04,丸亀,12,1,平山智加,A1,18.37,1,◎,49.2643,,0,91.4,0.1529,3.5286,,,0,低,46,0,逃0%,,0,96.5,1.3444,0.6364,,,,,0,0.1818,0.1818,○,,E,△,,,0.651,,0.391,S,81,0,◎1着固定 2-3着流し（5〜8点）,0.5777,"{'is_target': True, 'verdict': '参加推奨', 'max_combo_prob': 0.0767, 'est_top_odds': 17.4, 'circle_concentration': 68.9, 'eligible_count': 6, 'bet_adj': 2, 'reason': 'rel_win1=49.3%（本命度） / 最有力組み合わせ確率: 0.077（推定実オッズ?17倍） / 2着集中度: 上位2艇 68.9%（補正+0.00） / 総合判定確率: 0.077 / → ヒモ分散。1号艇1着固定で広めのヒモ流し推奨（買い目+2点）', 'tenji_trigger': '展示確認: ヒモ分散レース。1号艇伸び確認後、広めのヒモ流しを採用。穴ヒモ（5・6号艇）を積極的に含める。'}",,,31.9,逃げ狙い,30.91,28.3,2,,,,,0,0,0.6155,0,,逃げ軸流し,A
2025-12-04,丸亀,12,2,金子拓矢,A1,55.36,2,○,19.8378,47.2,90,87.8,0.1469,2.8061,,,0,低,69,0,差0% ま0%,,0,71.9,1.4516,0,0.1304,0.2174,0,0,0.0105,0.1516,0.0705,,○,A,△,,0.4012,0.661,,0.391,S,81,0,◎1着固定 2-3着流し（5〜8点）,0.5777,"{'is_target': True, 'verdict': '参加推奨', 'max_combo_prob': 0.0767, 'est_top_odds': 17.4, 'circle_concentration': 68.9, 'eligible_count': 6, 'bet_adj': 2, 'reason': 'rel_win1=49.3%（本命度） / 最有力組み合わせ確率: 0.077（推定実オッズ?17倍） / 2着集中度: 上位2艇 68.9%（補正+0.00） / 総合判定確率: 0.077 / → ヒモ分散。1号艇1着固定で広めのヒモ流し推奨（買い目+2点）', 'tenji_trigger': '展示確認: ヒモ分散レース。1号艇伸び確認後、広めのヒモ流しを採用。穴ヒモ（5・6号艇）を積極的に含める。'}",,,31.9,逃げ狙い,30.91,28.3,2,,,,,,,,,,,
2025-12-04,丸亀,12,3,中岡正彦,A1,29.82,3,△,14.4268,21.8,67,63.8,0.1291,2.4574,,,0,低,42,0,ま1%,,0,41.1,1.0575,0,0,0.4762,0,0,0.1103,0,0.0588,,◎,D,,,0.5153,0.649,,0.391,S,81,0,◎1着固定 2-3着流し（5〜8点）,0.5777,"{'is_target': True, 'verdict': '参加推奨', 'max_combo_prob': 0.0767, 'est_top_odds': 17.4, 'circle_concentration': 68.9, 'eligible_count': 6, 'bet_adj': 2, 'reason': 'rel_win1=49.3%（本命度） / 最有力組み合わせ確率: 0.077（推定実オッズ?17倍） / 2着集中度: 上位2艇 68.9%（補正+0.00） / 総合判定確率: 0.077 / → ヒモ分散。1号艇1着固定で広めのヒモ流し推奨（買い目+2点）', 'tenji_trigger': '展示確認: ヒモ分散レース。1号艇伸び確認後、広めのヒモ流しを採用。穴ヒモ（5・6号艇）を積極的に含める。'}",,,31.9,逃げ狙い,30.91,28.3,2,,,,,,,,,,,
2025-12-04,丸亀,12,4,田中辰彦,A1,36.36,4,,7.7602,19.9,75,68.7,0.1439,3.1493,,,0,低,117,0,-,,0,94.2,0.75,0,0,0,0.069,0,0.0114,0.2229,0.0571,,,C,○,◎,0.3119,0.662,0.3693,0.391,S,81,0,◎1着固定 2-3着流し（5〜8点）,0.5777,"{'is_target': True, 'verdict': '参加推奨', 'max_combo_prob': 0.0767, 'est_top_odds': 17.4, 'circle_concentration': 68.9, 'eligible_count': 6, 'bet_adj': 2, 'reason': 'rel_win1=49.3%（本命度） / 最有力組み合わせ確率: 0.077（推定実オッズ?17倍） / 2着集中度: 上位2艇 68.9%（補正+0.00） / 総合判定確率: 0.077 / → ヒモ分散。1号艇1着固定で広めのヒモ流し推奨（買い目+2点）', 'tenji_trigger': '展示確認: ヒモ分散レース。1号艇伸び確認後、広めのヒモ流しを採用。穴ヒモ（5・6号艇）を積極的に含める。'}",,,31.9,逃げ狙い,30.91,28.3,2,,,,,,,,,,,
2025-12-04,丸亀,12,5,榎　幸司,A1,22.22,5,,3.7106,9,61,40,0.1811,4.0909,,,0,低,175,0,-,,0,29.7,0.6367,,,,,,0.0945,0.02,0.04,,,E,,,0.223,0.622,,0.391,S,81,0,◎1着固定 2-3着流し（5〜8点）,0.5777,"{'is_target': True, 'verdict': '参加推奨', 'max_combo_prob': 0.0767, 'est_top_odds': 17.4, 'circle_concentration': 68.9, 'eligible_count': 6, 'bet_adj': 2, 'reason': 'rel_win1=49.3%（本命度） / 最有力組み合わせ確率: 0.077（推定実オッズ?17倍） / 2着集中度: 上位2艇 68.9%（補正+0.00） / 総合判定確率: 0.077 / → ヒモ分散。1号艇1着固定で広めのヒモ流し推奨（買い目+2点）', 'tenji_trigger': '展示確認: ヒモ分散レース。1号艇伸び確認後、広めのヒモ流しを採用。穴ヒモ（5・6号艇）を積極的に含める。'}",,,31.9,逃げ狙い,30.91,28.3,2,,,,,,,,,,,
2025-12-04,丸亀,12,6,井上一輝,A1,45.45,6,▲,5.0004,2.2,100,48.1,0.1352,2.8241,,,0,低,55,0,ま0% 差ま0%,,0,29.7,1.9603,0,0,0.0455,0.0455,0,0.025,0.025,0.025,,,B,◎,,0.3436,0.691,,0.391,S,81,0,◎1着固定 2-3着流し（5〜8点）,0.5777,"{'is_target': True, 'verdict': '参加推奨', 'max_combo_prob': 0.0767, 'est_top_odds': 17.4, 'circle_concentration': 68.9, 'eligible_count': 6, 'bet_adj': 2, 'reason': 'rel_win1=49.3%（本命度） / 最有力組み合わせ確率: 0.077（推定実オッズ?17倍） / 2着集中度: 上位2艇 68.9%（補正+0.00） / 総合判定確率: 0.077 / → ヒモ分散。1号艇1着固定で広めのヒモ流し推奨（買い目+2点）', 'tenji_trigger': '展示確認: ヒモ分散レース。1号艇伸び確認後、広めのヒモ流しを採用。穴ヒモ（5・6号艇）を積極的に含める。'}",,,31.9,逃げ狙い,30.91,28.3,2,,,,,,,,,,,
2025-12-05,丸亀,1,1,下田哲也,B1,51.72,1,◎,53.7643,,0,61.9,0.1467,2.9762,,,0,低,104,0,-,23,0,81.3,1.0041,0.0833,,,,,0.3333,0.1667,0.25,◎,,A,○,,,0.615,,0.4561,B,48,0,◎○△フォーメーション（15〜20点）,0.5777,"{'is_target': True, 'verdict': '参加推奨', 'max_combo_prob': 0.0747, 'est_top_odds': 17.8, 'circle_concentration': 68.8, 'eligible_count': 9, 'bet_adj': 2, 'reason': 'rel_win1=53.8%（本命度） / 最有力組み合わせ確率: 0.075（推定実オッズ?18倍） / 2着集中度: 上位2艇 68.8%（補正+0.00） / 総合判定確率: 0.075 / → ヒモ分散。1号艇1着固定で広めのヒモ流し推奨（買い目+2点）', 'tenji_trigger': '展示確認: ヒモ分散レース。1号艇伸び確認後、広めのヒモ流しを採用。穴ヒモ（5・6号艇）を積極的に含める。'}",,,31.1,両建て推奨,16.41,38.4,2,,,,,0,0,0.7559,0,,逃げ軸流し,A
2025-12-05,丸亀,1,2,前原　哉,B1,24.53,2,△,15.7918,47.4,90,47.2,0.1886,3.5556,,,0,低,107,0,-,4,0,83.5,1.4838,,,,,,0,0.4286,0.1429,,,D,,,0.1275,0.5705,,0.4561,B,48,0,◎○△フォーメーション（15〜20点）,0.5777,"{'is_target': True, 'verdict': '参加推奨', 'max_combo_prob': 0.0747, 'est_top_odds': 17.8, 'circle_concentration': 68.8, 'eligible_count': 9, 'bet_adj': 2, 'reason': 'rel_win1=53.8%（本命度） / 最有力組み合わせ確率: 0.075（推定実オッズ?18倍） / 2着集中度: 上位2艇 68.8%（補正+0.00） / 総合判定確率: 0.075 / → ヒモ分散。1号艇1着固定で広めのヒモ流し推奨（買い目+2点）', 'tenji_trigger': '展示確認: ヒモ分散レース。1号艇伸び確認後、広めのヒモ流しを採用。穴ヒモ（5・6号艇）を積極的に含める。'}",,,31.1,両建て推奨,16.41,38.4,2,,,,,,,,,,,
2025-12-05,丸亀,1,3,赤池修平,B1,20.41,3,,13.7072,21.4,100,43.1,0.1855,3.7846,,,0,低,135,0,ま0% 差ま0%,5,0,41.1,0.9754,0,0,0.1071,0.0357,0,0.0444,0.3111,0.3333,,,E,△,,0.1586,0.614,,0.4561,B,48,0,◎○△フォーメーション（15〜20点）,0.5777,"{'is_target': True, 'verdict': '参加推奨', 'max_combo_prob': 0.0747, 'est_top_odds': 17.8, 'circle_concentration': 68.8, 'eligible_count': 9, 'bet_adj': 2, 'reason': 'rel_win1=53.8%（本命度） / 最有力組み合わせ確率: 0.075（推定実オッズ?18倍） / 2着集中度: 上位2艇 68.8%（補正+0.00） / 総合判定確率: 0.075 / → ヒモ分散。1号艇1着固定で広めのヒモ流し推奨（買い目+2点）', 'tenji_trigger': '展示確認: ヒモ分散レース。1号艇伸び確認後、広めのヒモ流しを採用。穴ヒモ（5・6号艇）を積極的に含める。'}",,,31.1,両建て推奨,16.41,38.4,2,,,,,,,,,,,
2025-12-05,丸亀,1,4,酒井陽祐,B1,29.31,4,○,9.3018,15.3,96,37.5,0.1729,3.8438,,,0,低,117,0,-,3,0,42.3,0.8877,,,,,,0.2222,0,0.3333,,,C,◎,,0.2346,0.62,,0.4561,B,48,0,◎○△フォーメーション（15〜20点）,0.5777,"{'is_target': True, 'verdict': '参加推奨', 'max_combo_prob': 0.0747, 'est_top_odds': 17.8, 'circle_concentration': 68.8, 'eligible_count': 9, 'bet_adj': 2, 'reason': 'rel_win1=53.8%（本命度） / 最有力組み合わせ確率: 0.075（推定実オッズ?18倍） / 2着集中度: 上位2艇 68.8%（補正+0.00） / 総合判定確率: 0.075 / → ヒモ分散。1号艇1着固定で広めのヒモ流し推奨（買い目+2点）', 'tenji_trigger': '展示確認: ヒモ分散レース。1号艇伸び確認後、広めのヒモ流しを採用。穴ヒモ（5・6号艇）を積極的に含める。'}",,,31.1,両建て推奨,16.41,38.4,2,,,,,,,,,,,
2025-12-05,丸亀,1,5,宮城那菜,B2,25.00,5,,5.8909,15.1,68,7.7,0.1923,3.7692,,,0,低,29,1,-,6,0,25.5,0.6998,,,,,,,,,,,D,,,0.1899,0.4685,,0.4561,B,48,0,◎○△フォーメーション（15〜20点）,0.5777,"{'is_target': True, 'verdict': '参加推奨', 'max_combo_prob': 0.0747, 'est_top_odds': 17.8, 'circle_concentration': 68.8, 'eligible_count': 9, 'bet_adj': 2, 'reason': 'rel_win1=53.8%（本命度） / 最有力組み合わせ確率: 0.075（推定実オッズ?18倍） / 2着集中度: 上位2艇 68.8%（補正+0.00） / 総合判定確率: 0.075 / → ヒモ分散。1号艇1着固定で広めのヒモ流し推奨（買い目+2点）', 'tenji_trigger': '展示確認: ヒモ分散レース。1号艇伸び確認後、広めのヒモ流しを採用。穴ヒモ（5・6号艇）を積極的に含める。'}",,,31.1,両建て推奨,16.41,38.4,2,,,,,,,,,,,
2025-12-05,丸亀,1,6,早川尚人,B1,40.35,6,▲,1.5439,0.8,77,22.4,0.1782,3.7551,,,0,低,158,0,-,5,0,33.4,0.9075,,,,,,0.4743,0.1771,0.0952,,,B,△,,0.2348,0.5805,,0.4561,B,48,0,◎○△フォーメーション（15〜20点）,0.5777,"{'is_target': True, 'verdict': '参加推奨', 'max_combo_prob': 0.0747, 'est_top_odds': 17.8, 'circle_concentration': 68.8, 'eligible_count': 9, 'bet_adj': 2, 'reason': 'rel_win1=53.8%（本命度） / 最有力組み合わせ確率: 0.075（推定実オッズ?18倍） / 2着集中度: 上位2艇 68.8%（補正+0.00） / 総合判定確率: 0.075 / → ヒモ分散。1号艇1着固定で広めのヒモ流し推奨（買い目+2点）', 'tenji_trigger': '展示確認: ヒモ分散レース。1号艇伸び確認後、広めのヒモ流しを採用。穴ヒモ（5・6号艇）を積極的に含める。'}",,,31.1,両建て推奨,16.41,38.4,2,,,,,,,,,,,
2025-12-05,丸亀,2,1,渡邊哲也,B1,34.48,1,◎,45.6393,,0,62.5,0.1697,3.1094,,,0,低,114,0,逃0%,6,0,74.1,0.8215,0.4,,,,,0.04,0.28,0.32,△,,C,,,,0.4815,,0.2957,B,47,0,◎○△フォーメーション（15〜20点）,0.5777,"{'is_target': True, 'verdict': '点数絞り', 'max_combo_prob': 0.0854, 'est_top_odds': 15.6, 'circle_concentration': 71.3, 'eligible_count': 9, 'bet_adj': 0, 'reason': 'rel_win1=45.6%（本命度） / 最有力組み合わせ確率: 0.085（推定実オッズ?16倍） / 2着集中度: 上位2艇 71.3%（補正+0.04） / 総合判定確率: 0.125 / → ヒモはやや固め。上位2艇以外を切ること', 'tenji_trigger': '展示確認: 1号艇伸び良→そのまま採用。悪→飛び組に差し替え。circle_pct上位2艇に絞り込むこと。'}",,,24.6,両建て推奨,14.7,35.6,3,3-5-4|3-4-5|1-2-3|1-2-4|1-3-2|1-3-4|1-4-3,2-1-4|5-1-2|3-5-4|2-1-5|3-4-5|5-1-6|5-2-1|1-2-3|1-2-4|1-3-2|1-3-4|1-4-3,3-5-4:2.11%|3-4-5:1.78%|1-2-3:6.07%|1-2-4:5.85%|1-3-2:5.3%|1-3-4:5.3%|1-4-3:3.24%,3-5-4:B_main|3-4-5:B_main|1-2-3:A|1-2-4:A|1-3-2:A|1-3-4:A|1-4-3:A,7,12,0.4535,1,[!]見送り推奨（主役決まり手「まくり」― 逃げ劣勢レースで的中実績なし）,荒れ広め,D
2025-12-05,丸亀,2,2,吉島祥之,A2,33.33,2,△,15.5146,41,72,59.4,0.1677,3.4531,,,0,低,154,0,差0%,35,0,62.7,1.0064,0,0.087,0,0,0,0.0114,0.1676,0.0229,,△,C,,,0.339,0.5955,,0.2957,B,47,0,◎○△フォーメーション（15〜20点）,0.5777,"{'is_target': True, 'verdict': '点数絞り', 'max_combo_prob': 0.0854, 'est_top_odds': 15.6, 'circle_concentration': 71.3, 'eligible_count': 9, 'bet_adj': 0, 'reason': 'rel_win1=45.6%（本命度） / 最有力組み合わせ確率: 0.085（推定実オッズ?16倍） / 2着集中度: 上位2艇 71.3%（補正+0.04） / 総合判定確率: 0.125 / → ヒモはやや固め。上位2艇以外を切ること', 'tenji_trigger': '展示確認: 1号艇伸び良→そのまま採用。悪→飛び組に差し替え。circle_pct上位2艇に絞り込むこと。'}",,,24.6,両建て推奨,14.7,35.6,3,,,,,,,,,,,
2025-12-05,丸亀,2,3,吉田和仁,B1,40.68,3,○,18.3043,30.4,57,48.6,0.1367,2.6528,,,0,低,132,0,-,S,0,61.2,1.0375,0,0,0.0741,0.0741,0,0.0174,0.3965,0.0696,,◎,A,△,,0.4631,0.606,,0.2957,B,47,0,◎○△フォーメーション（15〜20点）,0.5777,"{'is_target': True, 'verdict': '点数絞り', 'max_combo_prob': 0.0854, 'est_top_odds': 15.6, 'circle_concentration': 71.3, 'eligible_count': 9, 'bet_adj': 0, 'reason': 'rel_win1=45.6%（本命度） / 最有力組み合わせ確率: 0.085（推定実オッズ?16倍） / 2着集中度: 上位2艇 71.3%（補正+0.04） / 総合判定確率: 0.125 / → ヒモはやや固め。上位2艇以外を切ること', 'tenji_trigger': '展示確認: 1号艇伸び良→そのまま採用。悪→飛び組に差し替え。circle_pct上位2艇に絞り込むこと。'}",,,24.6,両建て推奨,14.7,35.6,3,,,,,,,,,,,
2025-12-05,丸亀,2,4,榎　幸司,A1,22.22,4,,10.2024,16.8,100,63.8,0.1791,4.3534,,,0,低,175,0,-,36,0,49.4,0.6189,0,0,0.0417,0.0417,0,0.0945,0.02,0.04,,,E,○,,0.251,0.622,,0.2957,B,47,0,◎○△フォーメーション（15〜20点）,0.5777,"{'is_target': True, 'verdict': '点数絞り', 'max_combo_prob': 0.0854, 'est_top_odds': 15.6, 'circle_concentration': 71.3, 'eligible_count': 9, 'bet_adj': 0, 'reason': 'rel_win1=45.6%（本命度） / 最有力組み合わせ確率: 0.085（推定実オッズ?16倍） / 2着集中度: 上位2艇 71.3%（補正+0.04） / 総合判定確率: 0.125 / → ヒモはやや固め。上位2艇以外を切ること', 'tenji_trigger': '展示確認: 1号艇伸び良→そのまま採用。悪→飛び組に差し替え。circle_pct上位2艇に絞り込むこと。'}",,,24.6,両建て推奨,14.7,35.6,3,,,,,,,,,,,
2025-12-05,丸亀,2,5,中北将史,B1,26.56,5,,6.0185,10,33,26.4,0.1811,3.5625,,,0,低,132,0,-,2,0,41,0.7302,0,0,0,0,0.0333,0.4471,0.0941,0.0941,,,D,△,,0.2767,0.6005,,0.2957,B,47,0,◎○△フォーメーション（15〜20点）,0.5777,"{'is_target': True, 'verdict': '点数絞り', 'max_combo_prob': 0.0854, 'est_top_odds': 15.6, 'circle_concentration': 71.3, 'eligible_count': 9, 'bet_adj': 0, 'reason': 'rel_win1=45.6%（本命度） / 最有力組み合わせ確率: 0.085（推定実オッズ?16倍） / 2着集中度: 上位2艇 71.3%（補正+0.04） / 総合判定確率: 0.125 / → ヒモはやや固め。上位2艇以外を切ること', 'tenji_trigger': '展示確認: 1号艇伸び良→そのまま採用。悪→飛び組に差し替え。circle_pct上位2艇に絞り込むこと。'}",,,24.6,両建て推奨,14.7,35.6,3,,,,,,,,,,,
2025-12-05,丸亀,2,6,金田幸子,A2,36.84,6,▲,4.3209,1.9,29,16.7,0.1529,3.25,,,0,低,50,0,-,22,0,25.8,0.8561,,,,,,0.2,0.0667,0.2,,,B,◎,,0.3634,0.636,,0.2957,B,47,0,◎○△フォーメーション（15〜20点）,0.5777,"{'is_target': True, 'verdict': '点数絞り', 'max_combo_prob': 0.0854, 'est_top_odds': 15.6, 'circle_concentration': 71.3, 'eligible_count': 9, 'bet_adj': 0, 'reason': 'rel_win1=45.6%（本命度） / 最有力組み合わせ確率: 0.085（推定実オッズ?16倍） / 2着集中度: 上位2艇 71.3%（補正+0.04） / 総合判定確率: 0.125 / → ヒモはやや固め。上位2艇以外を切ること', 'tenji_trigger': '展示確認: 1号艇伸び良→そのまま採用。悪→飛び組に差し替え。circle_pct上位2艇に絞り込むこと。'}",,,24.6,両建て推奨,14.7,35.6,3,,,,,,,,,,,
2025-12-05,丸亀,3,1,服部　剛,B1,30.51,1,◎,49.4255,,0,68.8,0.1973,4.3542,,,0,低,197,0,逃0%,5,0,75.7,0.9012,0.3043,,,,,0.2196,0.3065,0.0348,△,,C,○,,,0.6415,,0.2019,A,63,0,◎-○軸 3着3〜4艇流し（10〜15点）,0.5777,"{'is_target': True, 'verdict': '点数絞り', 'max_combo_prob': 0.0823, 'est_top_odds': 16.2, 'circle_concentration': 72.7, 'eligible_count': 8, 'bet_adj': 0, 'reason': 'rel_win1=49.4%（本命度） / 最有力組み合わせ確率: 0.082（推定実オッズ?16倍） / 2着集中度: 上位2艇 72.7%（補正+0.04） / 総合判定確率: 0.122 / → ヒモはやや固め。上位2艇以外を切ること', 'tenji_trigger': '展示確認: 1号艇伸び良→そのまま採用。悪→飛び組に差し替え。circle_pct上位2艇に絞り込むこと。\n展示で1号艇スタート遅め(0.197秒)確認→ヒモが荒れやすい'}",,,30.2,両建て推奨,13.45,38.4,2,6-1-2|6-1-3|1-2-5|1-2-6|1-5-6|1-5-2|1-3-5,2-1-3|4-1-2|2-1-5|6-1-2|4-2-1|4-1-3|6-1-3|1-2-5|1-2-6|1-5-6|1-5-2|1-3-5,6-1-2:2.58%|6-1-3:1.36%|1-2-5:6.74%|1-2-6:6.08%|1-5-6:3.81%|1-5-2:3.67%|1-3-5:3.58%,6-1-2:B_main|6-1-3:B_main|1-2-5:A|1-2-6:A|1-5-6:A|1-5-2:A|1-3-5:A,7,12,0.4535,1,[!]見送り推奨（主役決まり手「まくり差し」― 逃げ劣勢レースで的中実績なし）,荒れ広め,D
2025-12-05,丸亀,3,2,上田隆章,B1,37.25,2,○,18.5862,45.6,72,59.4,0.1919,4.2681,,,0,低,192,0,-,6,0,35.6,0.8181,0,0.0909,0.0303,0,0,0.3,0.22,0.1,,○,A,,,0.4051,0.5515,,0.2019,A,63,0,◎-○軸 3着3〜4艇流し（10〜15点）,0.5777,"{'is_target': True, 'verdict': '点数絞り', 'max_combo_prob': 0.0823, 'est_top_odds': 16.2, 'circle_concentration': 72.7, 'eligible_count': 8, 'bet_adj': 0, 'reason': 'rel_win1=49.4%（本命度） / 最有力組み合わせ確率: 0.082（推定実オッズ?16倍） / 2着集中度: 上位2艇 72.7%（補正+0.04） / 総合判定確率: 0.122 / → ヒモはやや固め。上位2艇以外を切ること', 'tenji_trigger': '展示確認: 1号艇伸び良→そのまま採用。悪→飛び組に差し替え。circle_pct上位2艇に絞り込むこと。\n展示で1号艇スタート遅め(0.197秒)確認→ヒモが荒れやすい'}",,,30.2,両建て推奨,13.45,38.4,2,,,,,,,,,,,
2025-12-05,丸亀,3,3,常盤海心,B1,32.14,3,▲,13.3848,11.3,73,35.7,0.1916,4.3482,,,0,低,136,0,ま0%,3,0,25.7,0.6944,0,0,0.1667,0.0417,0,0.0667,0.6,0.2667,,△,B,△,,0.3846,0.592,,0.2019,A,63,0,◎-○軸 3着3〜4艇流し（10〜15点）,0.5777,"{'is_target': True, 'verdict': '点数絞り', 'max_combo_prob': 0.0823, 'est_top_odds': 16.2, 'circle_concentration': 72.7, 'eligible_count': 8, 'bet_adj': 0, 'reason': 'rel_win1=49.4%（本命度） / 最有力組み合わせ確率: 0.082（推定実オッズ?16倍） / 2着集中度: 上位2艇 72.7%（補正+0.04） / 総合判定確率: 0.122 / → ヒモはやや固め。上位2艇以外を切ること', 'tenji_trigger': '展示確認: 1号艇伸び良→そのまま採用。悪→飛び組に差し替え。circle_pct上位2艇に絞り込むこと。\n展示で1号艇スタート遅め(0.197秒)確認→ヒモが荒れやすい'}",,,30.2,両建て推奨,13.45,38.4,2,,,,,,,,,,,
2025-12-05,丸亀,3,4,増本杏珠,B1,21.82,4,,6.8161,9.5,64,9.1,0.1973,4.4091,,,0,低,74,0,-,4,0,18.7,0.6074,,,,,,0.1667,0.5,0.1667,,,E,,,0.3555,0.5195,,0.2019,A,63,0,◎-○軸 3着3〜4艇流し（10〜15点）,0.5777,"{'is_target': True, 'verdict': '点数絞り', 'max_combo_prob': 0.0823, 'est_top_odds': 16.2, 'circle_concentration': 72.7, 'eligible_count': 8, 'bet_adj': 0, 'reason': 'rel_win1=49.4%（本命度） / 最有力組み合わせ確率: 0.082（推定実オッズ?16倍） / 2着集中度: 上位2艇 72.7%（補正+0.04） / 総合判定確率: 0.122 / → ヒモはやや固め。上位2艇以外を切ること', 'tenji_trigger': '展示確認: 1号艇伸び良→そのまま採用。悪→飛び組に差し替え。circle_pct上位2艇に絞り込むこと。\n展示で1号艇スタート遅め(0.197秒)確認→ヒモが荒れやすい'}",,,30.2,両建て推奨,13.45,38.4,2,,,,,,,,,,,
2025-12-05,丸亀,3,5,清水敦揮,A1,26.47,5,△,9.2697,27.1,100,56.5,0.1893,3.4565,,,0,低,120,0,-,11,0,58.4,0.9281,0,0,0,0.0455,0,0.0308,0.2115,0.1808,,,D,△,,0.3528,0.607,,0.2019,A,63,0,◎-○軸 3着3〜4艇流し（10〜15点）,0.5777,"{'is_target': True, 'verdict': '点数絞り', 'max_combo_prob': 0.0823, 'est_top_odds': 16.2, 'circle_concentration': 72.7, 'eligible_count': 8, 'bet_adj': 0, 'reason': 'rel_win1=49.4%（本命度） / 最有力組み合わせ確率: 0.082（推定実オッズ?16倍） / 2着集中度: 上位2艇 72.7%（補正+0.04） / 総合判定確率: 0.122 / → ヒモはやや固め。上位2艇以外を切ること', 'tenji_trigger': '展示確認: 1号艇伸び良→そのまま採用。悪→飛び組に差し替え。circle_pct上位2艇に絞り込むこと。\n展示で1号艇スタート遅め(0.197秒)確認→ヒモが荒れやすい'}",,,30.2,両建て推奨,13.45,38.4,2,,,,,,,,,,,
2025-12-05,丸亀,3,6,麻生慎介,A2,26.23,6,,2.5177,6.5,37,40.9,0.1366,2.7614,,,0,低,66,0,-,14,0,19.7,0.5514,,,,,,0.0381,0.4362,0.0381,,◎,D,◎,,0.5345,0.661,,0.2019,A,63,0,◎-○軸 3着3〜4艇流し（10〜15点）,0.5777,"{'is_target': True, 'verdict': '点数絞り', 'max_combo_prob': 0.0823, 'est_top_odds': 16.2, 'circle_concentration': 72.7, 'eligible_count': 8, 'bet_adj': 0, 'reason': 'rel_win1=49.4%（本命度） / 最有力組み合わせ確率: 0.082（推定実オッズ?16倍） / 2着集中度: 上位2艇 72.7%（補正+0.04） / 総合判定確率: 0.122 / → ヒモはやや固め。上位2艇以外を切ること', 'tenji_trigger': '展示確認: 1号艇伸び良→そのまま採用。悪→飛び組に差し替え。circle_pct上位2艇に絞り込むこと。\n展示で1号艇スタート遅め(0.197秒)確認→ヒモが荒れやすい'}",,,30.2,両建て推奨,13.45,38.4,2,,,,,,,,,,,
2025-12-05,丸亀,4,1,山地正樹,B1,15.69,1,○,41.916,,0,68.4,0.1779,3.6316,,,0,低,88,0,逃0%,54,0,100,1.4704,0.3636,,,,,0.2091,0.1545,0.1364,△,,E,△,,,0.642,,0.2757,B,49,0,◎○△フォーメーション（15〜20点）,0.5777,"{'is_target': False, 'verdict': '対象外', 'max_combo_prob': None, 'est_top_odds': None, 'circle_concentration': None, 'eligible_count': 0, 'bet_adj': 0, 'reason': '1号艇rel_win1 < 45%: 通常判定に委ねる', 'tenji_trigger': ''}",,,30.3,両建て推奨,18.64,34.1,4,2-1-4|2-1-3|1-2-4|1-2-6|1-3-4|1-4-2|1-3-2,5-1-6|6-1-4|5-6-1|6-4-1|6-1-3|2-1-4|2-1-3|1-2-4|1-2-6|1-3-4|1-4-2|1-3-2,2-1-4:1.91%|2-1-3:1.89%|1-2-4:9.79%|1-2-6:6.28%|1-3-4:5.96%|1-4-2:4.48%|1-3-2:4.23%,2-1-4:B_main|2-1-3:B_main|1-2-4:A|1-2-6:A|1-3-4:A|1-4-2:A|1-3-2:A,7,12,0.4535,1,[!]見送り推奨（主役決まり手「差し」― 逃げ劣勢レースで的中実績なし）,荒れ広め,D
2025-12-05,丸亀,4,2,松尾　祭,A2,33.33,2,▲,15.9173,41.1,100,76.7,0.163,3.6,,,0,低,144,0,-,32,0,33.6,1.0648,0,0.1613,0.0323,0,0,0.1086,0.0654,0.2501,,◎,C,,,0.515,0.6215,,0.2757,B,49,0,◎○△フォーメーション（15〜20点）,0.5777,"{'is_target': False, 'verdict': '対象外', 'max_combo_prob': None, 'est_top_odds': None, 'circle_concentration': None, 'eligible_count': 0, 'bet_adj': 0, 'reason': '1号艇rel_win1 < 45%: 通常判定に委ねる', 'tenji_trigger': ''}",,,30.3,両建て推奨,18.64,34.1,4,,,,,,,,,,,
2025-12-05,丸亀,4,3,竹井奈美,B2,30.19,3,,16.3591,23.5,57,57.1,0.1805,3.9286,,,0,低,30,0,差0% ま0%,33,0,42.3,1.235,0,0.0556,0.1111,0,0,0,0.0667,0,,,D,○,,0.3108,0.6455,,0.2757,B,49,0,◎○△フォーメーション（15〜20点）,0.5777,"{'is_target': False, 'verdict': '対象外', 'max_combo_prob': None, 'est_top_odds': None, 'circle_concentration': None, 'eligible_count': 0, 'bet_adj': 0, 'reason': '1号艇rel_win1 < 45%: 通常判定に委ねる', 'tenji_trigger': ''}",,,30.3,両建て推奨,18.64,34.1,4,,,,,,,,,,,
2025-12-05,丸亀,4,4,金子拓矢,A1,55.36,4,◎,19.3062,19.3,93,73.6,0.1423,2.8585,,,0,低,69,0,差0% ま0% 差ま0% 抜0%,13,0,86.7,1.7849,0,0.0952,0.0476,0.0952,0.0476,0.0105,0.1516,0.0705,,○,A,◎,◎,0.4635,0.661,0.4855,0.2757,B,49,0,◎○△フォーメーション（15〜20点）,0.5777,"{'is_target': False, 'verdict': '対象外', 'max_combo_prob': None, 'est_top_odds': None, 'circle_concentration': None, 'eligible_count': 0, 'bet_adj': 0, 'reason': '1号艇rel_win1 < 45%: 通常判定に委ねる', 'tenji_trigger': ''}",,,30.3,両建て推奨,18.64,34.1,4,,,,,,,,,,,
2025-12-05,丸亀,4,5,品川二千,A2,41.07,5,,5.2443,15,63,55.3,0.1721,3.9468,,,0,低,103,0,差ま0%,6,0,62.6,1.4283,0,0,0,0.0417,0,0.1681,0.1188,0.0348,,,C,,,0.3232,0.605,,0.2757,B,49,0,◎○△フォーメーション（15〜20点）,0.5777,"{'is_target': False, 'verdict': '対象外', 'max_combo_prob': None, 'est_top_odds': None, 'circle_concentration': None, 'eligible_count': 0, 'bet_adj': 0, 'reason': '1号艇rel_win1 < 45%: 通常判定に委ねる', 'tenji_trigger': ''}",,,30.3,両建て推奨,18.64,34.1,4,,,,,,,,,,,
2025-12-05,丸亀,4,6,山谷　央,B1,42.11,6,△,1.257,1.1,83,31.6,0.1684,3.9868,,,0,低,90,0,-,3,0,35.5,1.2114,,,,,,0.3443,0.1548,0.0348,,,B,△,,0.3671,0.639,,0.2757,B,49,0,◎○△フォーメーション（15〜20点）,0.5777,"{'is_target': False, 'verdict': '対象外', 'max_combo_prob': None, 'est_top_odds': None, 'circle_concentration': None, 'eligible_count': 0, 'bet_adj': 0, 'reason': '1号艇rel_win1 < 45%: 通常判定に委ねる', 'tenji_trigger': ''}",,,30.3,両建て推奨,18.64,34.1,4,,,,,,,,,,,
2025-12-05,丸亀,5,1,松本浩貴,B1,17.39,1,,36.5625,,0,42.9,0.1759,3.9286,,,0,低,171,0,逃0%,5,0,33.6,0.5841,0.1304,,,,,0.0522,0.3617,0.3791,△,,E,△,,,0.599,,0.2014,D,17,1,大荒れ。見送り推奨,0.5777,"{'is_target': False, 'verdict': '対象外', 'max_combo_prob': None, 'est_top_odds': None, 'circle_concentration': None, 'eligible_count': 0, 'bet_adj': 0, 'reason': '1号艇rel_win1 < 45%: 通常判定に委ねる', 'tenji_trigger': ''}",,,30.8,両建て推奨,15.85,37.8,4,4-5-6|1-3-4|1-3-5|1-4-3|1-4-5|1-2-4,2-1-3|6-1-3|6-1-2|4-5-6|6-2-1|6-3-1|2-1-5|1-3-4|1-3-5|1-4-3|1-4-5|1-2-4,4-5-6:2.6%|1-3-4:6.78%|1-3-5:4.69%|1-4-3:4.65%|1-4-5:4.54%|1-2-4:4.49%,4-5-6:B_main|1-3-4:A|1-3-5:A|1-4-3:A|1-4-5:A|1-2-4:A,6,12,0.4535,1,[!]見送り推奨（主役決まり手「まくり」― 逃げ劣勢レースで的中実績なし）,荒れ広め,D
2025-12-05,丸亀,5,2,石原凪紗,B2,21.57,2,,9.9227,22.1,77,25.9,0.1996,3.7963,,,0,低,62,0,-,65,0,72.2,0.5379,,,,,,0.2643,0.0571,0.0571,,,D,,,0.0983,0.537,,0.2014,D,17,1,大荒れ。見送り推奨,0.5777,"{'is_target': False, 'verdict': '対象外', 'max_combo_prob': None, 'est_top_odds': None, 'circle_concentration': None, 'eligible_count': 0, 'bet_adj': 0, 'reason': '1号艇rel_win1 < 45%: 通常判定に委ねる', 'tenji_trigger': ''}",,,30.8,両建て推奨,15.85,37.8,4,,,,,,,,,,,
2025-12-05,丸亀,5,3,深水慎一,B1,26.42,3,△,17.972,31,59,56.4,0.1673,3.6909,,,0,低,116,0,差0% ま0% 差ま0%,45,0,59.9,1.2775,0,0.0323,0.0323,0.0968,0,0.1685,0.2404,0.1547,,○,D,○,,0.3751,0.6455,,0.2014,D,17,1,大荒れ。見送り推奨,0.5777,"{'is_target': False, 'verdict': '対象外', 'max_combo_prob': None, 'est_top_odds': None, 'circle_concentration': None, 'eligible_count': 0, 'bet_adj': 0, 'reason': '1号艇rel_win1 < 45%: 通常判定に委ねる', 'tenji_trigger': ''}",,,30.8,両建て推奨,15.85,37.8,4,,,,,,,,,,,
2025-12-05,丸亀,5,4,濱本優一,A2,39.62,4,◎,26.2724,28,100,65.8,0.1644,3.3904,,,0,低,141,0,差0% ま0% 差ま0%,22,0,93.6,1.7434,0,0.1481,0.1481,0.037,0,0.0429,0.1629,0,,◎,B,△,◎,0.4208,0.61,0.3852,0.2014,D,17,1,大荒れ。見送り推奨,0.5777,"{'is_target': False, 'verdict': '対象外', 'max_combo_prob': None, 'est_top_odds': None, 'circle_concentration': None, 'eligible_count': 0, 'bet_adj': 0, 'reason': '1号艇rel_win1 < 45%: 通常判定に委ねる', 'tenji_trigger': ''}",,,30.8,両建て推奨,15.85,37.8,4,,,,,,,,,,,
2025-12-05,丸亀,5,5,田中辰彦,A1,36.36,5,○,6.0701,13.2,97,43.9,0.1635,3.7632,,,0,低,117,0,-,14,0,25.2,1.3529,0,0,0,0.0385,0,0.0114,0.2229,0.0571,,,C,◎,,0.3721,0.662,,0.2014,D,17,1,大荒れ。見送り推奨,0.5777,"{'is_target': False, 'verdict': '対象外', 'max_combo_prob': None, 'est_top_odds': None, 'circle_concentration': None, 'eligible_count': 0, 'bet_adj': 0, 'reason': '1号艇rel_win1 < 45%: 通常判定に委ねる', 'tenji_trigger': ''}",,,30.8,両建て推奨,15.85,37.8,4,,,,,,,,,,,
2025-12-05,丸亀,5,6,前野竜一,A2,40.00,6,▲,3.2004,5.7,77,44,0.172,3.96,,,0,低,115,0,差ま0%,23,0,27.7,0.5667,0,0,0,0.0455,0,0.0133,0.2267,0.1067,,,A,,,0.3523,0.5985,,0.2014,D,17,1,大荒れ。見送り推奨,0.5777,"{'is_target': False, 'verdict': '対象外', 'max_combo_prob': None, 'est_top_odds': None, 'circle_concentration': None, 'eligible_count': 0, 'bet_adj': 0, 'reason': '1号艇rel_win1 < 45%: 通常判定に委ねる', 'tenji_trigger': ''}",,,30.8,両建て推奨,15.85,37.8,4,,,,,,,,,,,
2025-12-05,丸亀,6,1,藤生雄人,A2,35.19,1,◎,55.8239,,0,90.6,0.1562,3,,,0,低,117,0,逃1%,62,0,88.4,1.1509,0.5714,,,,,0.019,0.0762,0.019,○,,A,△,,,0.6185,,0.4386,S,82,0,◎1着固定 2-3着流し（5〜8点）,0.5777,"{'is_target': True, 'verdict': '点数絞り', 'max_combo_prob': 0.1182, 'est_top_odds': 11.3, 'circle_concentration': 74.1, 'eligible_count': 6, 'bet_adj': 0, 'reason': 'rel_win1=55.8%（本命度） / 最有力組み合わせ確率: 0.118（推定実オッズ?11倍） / 2着集中度: 上位2艇 74.1%（補正+0.04） / 総合判定確率: 0.158 / → ヒモはやや固め。上位2艇以外を切ること', 'tenji_trigger': '展示確認: 1号艇伸び良→そのまま採用。悪→飛び組に差し替え。circle_pct上位2艇に絞り込むこと。'}",,,25.5,逃げ狙い,13.16,25.2,3,,,,,0,0,0.6155,0,,主役軸流し,B
2025-12-05,丸亀,6,2,中岡正彦,A1,29.82,2,○,14.205,50.2,70,63.5,0.1477,2.9231,,,0,低,42,0,差0%,11,0,49.5,1.0288,0,0.0909,0.1364,0,0,0.1103,0,0.0588,,◎,C,○,,0.4111,0.649,,0.4386,S,82,0,◎1着固定 2-3着流し（5〜8点）,0.5777,"{'is_target': True, 'verdict': '点数絞り', 'max_combo_prob': 0.1182, 'est_top_odds': 11.3, 'circle_concentration': 74.1, 'eligible_count': 6, 'bet_adj': 0, 'reason': 'rel_win1=55.8%（本命度） / 最有力組み合わせ確率: 0.118（推定実オッズ?11倍） / 2着集中度: 上位2艇 74.1%（補正+0.04） / 総合判定確率: 0.158 / → ヒモはやや固め。上位2艇以外を切ること', 'tenji_trigger': '展示確認: 1号艇伸び良→そのまま採用。悪→飛び組に差し替え。circle_pct上位2艇に絞り込むこと。'}",,,25.5,逃げ狙い,13.16,25.2,3,,,,,,,,,,,
2025-12-05,丸亀,6,3,森下愛梨,B1,32.14,3,▲,17.2472,17.5,60,41.7,0.1767,3.7083,,,0,低,64,0,差0% ま0%,44,0,44.6,1.0948,0,0.1,0.2,0,0,0,0.38,0,,,B,,,0.2191,0.537,,0.4386,S,82,0,◎1着固定 2-3着流し（5〜8点）,0.5777,"{'is_target': True, 'verdict': '点数絞り', 'max_combo_prob': 0.1182, 'est_top_odds': 11.3, 'circle_concentration': 74.1, 'eligible_count': 6, 'bet_adj': 0, 'reason': 'rel_win1=55.8%（本命度） / 最有力組み合わせ確率: 0.118（推定実オッズ?11倍） / 2着集中度: 上位2艇 74.1%（補正+0.04） / 総合判定確率: 0.158 / → ヒモはやや固め。上位2艇以外を切ること', 'tenji_trigger': '展示確認: 1号艇伸び良→そのまま採用。悪→飛び組に差し替え。circle_pct上位2艇に絞り込むこと。'}",,,25.5,逃げ狙い,13.16,25.2,3,,,,,,,,,,,
2025-12-05,丸亀,6,4,坪口竜也,A2,21.43,4,△,7.4806,23.9,100,69.6,0.1623,3.8214,,,0,低,84,0,-,52,0,65.8,1.2338,0,0,0.0476,0.0952,0,0,0.0667,0.0333,,,D,◎,◎,0.2722,0.6815,0.3999,0.4386,S,82,0,◎1着固定 2-3着流し（5〜8点）,0.5777,"{'is_target': True, 'verdict': '点数絞り', 'max_combo_prob': 0.1182, 'est_top_odds': 11.3, 'circle_concentration': 74.1, 'eligible_count': 6, 'bet_adj': 0, 'reason': 'rel_win1=55.8%（本命度） / 最有力組み合わせ確率: 0.118（推定実オッズ?11倍） / 2着集中度: 上位2艇 74.1%（補正+0.04） / 総合判定確率: 0.158 / → ヒモはやや固め。上位2艇以外を切ること', 'tenji_trigger': '展示確認: 1号艇伸び良→そのまま採用。悪→飛び組に差し替え。circle_pct上位2艇に絞り込むこと。'}",,,25.5,逃げ狙い,13.16,25.2,3,,,,,,,,,,,
2025-12-05,丸亀,6,5,赤池修平,B1,20.41,5,,4.1588,7.4,31,17.3,0.1873,3.9904,,,0,低,135,0,ま0%,5,0,27.8,0.6907,0,0,0.0476,0,0,0.0444,0.3111,0.3333,,,E,△,,0.1883,0.614,,0.4386,S,82,0,◎1着固定 2-3着流し（5〜8点）,0.5777,"{'is_target': True, 'verdict': '点数絞り', 'max_combo_prob': 0.1182, 'est_top_odds': 11.3, 'circle_concentration': 74.1, 'eligible_count': 6, 'bet_adj': 0, 'reason': 'rel_win1=55.8%（本命度） / 最有力組み合わせ確率: 0.118（推定実オッズ?11倍） / 2着集中度: 上位2艇 74.1%（補正+0.04） / 総合判定確率: 0.158 / → ヒモはやや固め。上位2艇以外を切ること', 'tenji_trigger': '展示確認: 1号艇伸び良→そのまま採用。悪→飛び組に差し替え。circle_pct上位2艇に絞り込むこと。'}",,,25.5,逃げ狙い,13.16,25.2,3,,,,,,,,,,,
2025-12-05,丸亀,6,6,中里昌志,B1,21.31,6,,1.0845,1,46,13.5,0.1751,3.8243,,,0,低,140,0,-,46,0,24.9,0.6172,,,,,,0.3162,0.2152,0.1962,,,D,,,0.2529,0.604,,0.4386,S,82,0,◎1着固定 2-3着流し（5〜8点）,0.5777,"{'is_target': True, 'verdict': '点数絞り', 'max_combo_prob': 0.1182, 'est_top_odds': 11.3, 'circle_concentration': 74.1, 'eligible_count': 6, 'bet_adj': 0, 'reason': 'rel_win1=55.8%（本命度） / 最有力組み合わせ確率: 0.118（推定実オッズ?11倍） / 2着集中度: 上位2艇 74.1%（補正+0.04） / 総合判定確率: 0.158 / → ヒモはやや固め。上位2艇以外を切ること', 'tenji_trigger': '展示確認: 1号艇伸び良→そのまま採用。悪→飛び組に差し替え。circle_pct上位2艇に絞り込むこと。'}",,,25.5,逃げ狙い,13.16,25.2,3,,,,,,,,,,,
2025-12-05,丸亀,7,1,吉島祥之,A2,33.33,1,◎,59.2186,,0,87.8,0.1311,2.7,,,0,低,154,0,逃1%,35,0,61.5,0.9615,0.7143,,,,,0.0114,0.1676,0.0229,◎,,B,△,,,0.5955,,0.5789,S,80,0,◎1着固定 2-3着流し（5〜8点）,0.5777,"{'is_target': True, 'verdict': '参加推奨', 'max_combo_prob': 0.083, 'est_top_odds': 16.1, 'circle_concentration': 68.3, 'eligible_count': 6, 'bet_adj': 2, 'reason': 'rel_win1=59.2%（本命度） / 最有力組み合わせ確率: 0.083（推定実オッズ?16倍） / 2着集中度: 上位2艇 68.3%（補正+0.00） / 総合判定確率: 0.083 / → ヒモ分散。1号艇1着固定で広めのヒモ流し推奨（買い目+2点）', 'tenji_trigger': '展示確認: ヒモ分散レース。1号艇伸び確認後、広めのヒモ流しを採用。穴ヒモ（5・6号艇）を積極的に含める。\n展示で1号艇スタート超安定(0.131秒)→ヒモ固まり方向に注意'}",,,27.9,逃げ狙い,19.61,26.5,5,,,,,0,0,0.7559,0,,逃げ軸流し,A
2025-12-05,丸亀,7,2,一宮稔弘,B1,22.95,2,○,12.8582,50.8,100,65.2,0.1311,2.5435,,,0,低,40,0,差0% ま0% 抜0%,16,0,47,1.0562,0,0.1429,0.0476,0,0.0476,0.0211,0.1921,0.1711,,◎,C,△,,0.33,0.6275,,0.5789,S,80,0,◎1着固定 2-3着流し（5〜8点）,0.5777,"{'is_target': True, 'verdict': '参加推奨', 'max_combo_prob': 0.083, 'est_top_odds': 16.1, 'circle_concentration': 68.3, 'eligible_count': 6, 'bet_adj': 2, 'reason': 'rel_win1=59.2%（本命度） / 最有力組み合わせ確率: 0.083（推定実オッズ?16倍） / 2着集中度: 上位2艇 68.3%（補正+0.00） / 総合判定確率: 0.083 / → ヒモ分散。1号艇1着固定で広めのヒモ流し推奨（買い目+2点）', 'tenji_trigger': '展示確認: ヒモ分散レース。1号艇伸び確認後、広めのヒモ流しを採用。穴ヒモ（5・6号艇）を積極的に含める。\n展示で1号艇スタート超安定(0.131秒)→ヒモ固まり方向に注意'}",,,27.9,逃げ狙い,19.61,26.5,5,,,,,,,,,,,
2025-12-05,丸亀,7,3,増本杏珠,B1,21.82,3,△,9.3941,16.4,75,26.3,0.1595,3.6842,,,0,低,74,0,-,4,0,21.1,0.651,,,,,,0.1667,0.5,0.1667,,,D,,,0.1676,0.5195,,0.5789,S,80,0,◎1着固定 2-3着流し（5〜8点）,0.5777,"{'is_target': True, 'verdict': '参加推奨', 'max_combo_prob': 0.083, 'est_top_odds': 16.1, 'circle_concentration': 68.3, 'eligible_count': 6, 'bet_adj': 2, 'reason': 'rel_win1=59.2%（本命度） / 最有力組み合わせ確率: 0.083（推定実オッズ?16倍） / 2着集中度: 上位2艇 68.3%（補正+0.00） / 総合判定確率: 0.083 / → ヒモ分散。1号艇1着固定で広めのヒモ流し推奨（買い目+2点）', 'tenji_trigger': '展示確認: ヒモ分散レース。1号艇伸び確認後、広めのヒモ流しを採用。穴ヒモ（5・6号艇）を積極的に含める。\n展示で1号艇スタート超安定(0.131秒)→ヒモ固まり方向に注意'}",,,27.9,逃げ狙い,19.61,26.5,5,,,,,,,,,,,
2025-12-05,丸亀,7,4,早川尚人,B1,40.35,4,▲,5.6567,11.6,80,30.6,0.186,3.6806,,,0,低,158,0,差ま0%,5,0,65.7,0.6711,0,0,0,0.0294,0,0.4743,0.1771,0.0952,,,A,,,0.1026,0.5805,,0.5789,S,80,0,◎1着固定 2-3着流し（5〜8点）,0.5777,"{'is_target': True, 'verdict': '参加推奨', 'max_combo_prob': 0.083, 'est_top_odds': 16.1, 'circle_concentration': 68.3, 'eligible_count': 6, 'bet_adj': 2, 'reason': 'rel_win1=59.2%（本命度） / 最有力組み合わせ確率: 0.083（推定実オッズ?16倍） / 2着集中度: 上位2艇 68.3%（補正+0.00） / 総合判定確率: 0.083 / → ヒモ分散。1号艇1着固定で広めのヒモ流し推奨（買い目+2点）', 'tenji_trigger': '展示確認: ヒモ分散レース。1号艇伸び確認後、広めのヒモ流しを採用。穴ヒモ（5・6号艇）を積極的に含める。\n展示で1号艇スタート超安定(0.131秒)→ヒモ固まり方向に注意'}",,,27.9,逃げ狙い,19.61,26.5,5,,,,,,,,,,,
2025-12-05,丸亀,7,5,平山智加,A1,18.37,5,,10.414,17.5,84,66.7,0.19,3.2778,,,0,低,46,0,-,15,0,100,2.869,0,0,0,0.1429,0.1429,0,0.1818,0.1818,,,D,◎,,0.1348,0.651,,0.5789,S,80,0,◎1着固定 2-3着流し（5〜8点）,0.5777,"{'is_target': True, 'verdict': '参加推奨', 'max_combo_prob': 0.083, 'est_top_odds': 16.1, 'circle_concentration': 68.3, 'eligible_count': 6, 'bet_adj': 2, 'reason': 'rel_win1=59.2%（本命度） / 最有力組み合わせ確率: 0.083（推定実オッズ?16倍） / 2着集中度: 上位2艇 68.3%（補正+0.00） / 総合判定確率: 0.083 / → ヒモ分散。1号艇1着固定で広めのヒモ流し推奨（買い目+2点）', 'tenji_trigger': '展示確認: ヒモ分散レース。1号艇伸び確認後、広めのヒモ流しを採用。穴ヒモ（5・6号艇）を積極的に含める。\n展示で1号艇スタート超安定(0.131秒)→ヒモ固まり方向に注意'}",,,27.9,逃げ狙い,19.61,26.5,5,,,,,,,,,,,
2025-12-05,丸亀,7,6,外崎　悟,A2,17.02,6,,2.4584,3.7,91,37,0.1728,3.75,,,0,低,91,0,差ま0%,1,0,26.6,1.4564,0,0,0,0.0526,0,0,0.219,0.0333,,,E,○,,0.1515,0.6445,,0.5789,S,80,0,◎1着固定 2-3着流し（5〜8点）,0.5777,"{'is_target': True, 'verdict': '参加推奨', 'max_combo_prob': 0.083, 'est_top_odds': 16.1, 'circle_concentration': 68.3, 'eligible_count': 6, 'bet_adj': 2, 'reason': 'rel_win1=59.2%（本命度） / 最有力組み合わせ確率: 0.083（推定実オッズ?16倍） / 2着集中度: 上位2艇 68.3%（補正+0.00） / 総合判定確率: 0.083 / → ヒモ分散。1号艇1着固定で広めのヒモ流し推奨（買い目+2点）', 'tenji_trigger': '展示確認: ヒモ分散レース。1号艇伸び確認後、広めのヒモ流しを採用。穴ヒモ（5・6号艇）を積極的に含める。\n展示で1号艇スタート超安定(0.131秒)→ヒモ固まり方向に注意'}",,,27.9,逃げ狙い,19.61,26.5,5,,,,,,,,,,,
2025-12-05,丸亀,8,1,井上一輝,A1,45.45,1,◎,74.6861,,0,96.6,0.1348,2.5449,,,0,低,55,0,逃1%,42,0,94.3,1.2857,0.9,,,,,0.025,0.025,0.025,◎,,B,◎,,,0.691,,0.7472,S,92,0,◎1着固定 2-3着流し（5〜8点）,0.5777,"{'is_target': True, 'verdict': '参加推奨', 'max_combo_prob': 0.1199, 'est_top_odds': 11.1, 'circle_concentration': 68.5, 'eligible_count': 6, 'bet_adj': 2, 'reason': 'rel_win1=74.7%（本命度） / 最有力組み合わせ確率: 0.120（推定実オッズ?11倍） / 2着集中度: 上位2艇 68.5%（補正+0.00） / 総合判定確率: 0.120 / → ヒモ分散。1号艇1着固定で広めのヒモ流し推奨（買い目+2点）', 'tenji_trigger': '展示確認: ヒモ分散レース。1号艇伸び確認後、広めのヒモ流しを採用。穴ヒモ（5・6号艇）を積極的に含める。\n展示で1号艇スタート超安定(0.135秒)→ヒモ固まり方向に注意'}",,,25.2,逃げ狙い,15.15,22.4,2,,,,,0,0,0.7559,0,,逃げ軸流し,A
2025-12-05,丸亀,8,2,木下雄介,A2,22.64,2,△,11.3696,44.9,83,68.2,0.1559,3.625,,,0,低,69,0,差0% ま0% 抜0%,61,0,49.7,1.0834,0,0.1905,0.0476,0,0.0476,0,0.3169,0.0462,,,E,△,,0.1301,0.612,,0.7472,S,92,0,◎1着固定 2-3着流し（5〜8点）,0.5777,"{'is_target': True, 'verdict': '参加推奨', 'max_combo_prob': 0.1199, 'est_top_odds': 11.1, 'circle_concentration': 68.5, 'eligible_count': 6, 'bet_adj': 2, 'reason': 'rel_win1=74.7%（本命度） / 最有力組み合わせ確率: 0.120（推定実オッズ?11倍） / 2着集中度: 上位2艇 68.5%（補正+0.00） / 総合判定確率: 0.120 / → ヒモ分散。1号艇1着固定で広めのヒモ流し推奨（買い目+2点）', 'tenji_trigger': '展示確認: ヒモ分散レース。1号艇伸び確認後、広めのヒモ流しを採用。穴ヒモ（5・6号艇）を積極的に含める。\n展示で1号艇スタート超安定(0.135秒)→ヒモ固まり方向に注意'}",,,25.2,逃げ狙い,15.15,22.4,2,,,,,,,,,,,
2025-12-05,丸亀,8,3,石川　諒,B1,46.43,3,○,6.5225,20.5,90,52.2,0.154,3.1567,,,0,低,71,0,差ま0%,15,0,33.6,0.9038,0,0,0,0.069,0,0.0421,0.1278,0.1489,,,A,○,,0.1918,0.6605,,0.7472,S,92,0,◎1着固定 2-3着流し（5〜8点）,0.5777,"{'is_target': True, 'verdict': '参加推奨', 'max_combo_prob': 0.1199, 'est_top_odds': 11.1, 'circle_concentration': 68.5, 'eligible_count': 6, 'bet_adj': 2, 'reason': 'rel_win1=74.7%（本命度） / 最有力組み合わせ確率: 0.120（推定実オッズ?11倍） / 2着集中度: 上位2艇 68.5%（補正+0.00） / 総合判定確率: 0.120 / → ヒモ分散。1号艇1着固定で広めのヒモ流し推奨（買い目+2点）', 'tenji_trigger': '展示確認: ヒモ分散レース。1号艇伸び確認後、広めのヒモ流しを採用。穴ヒモ（5・6号艇）を積極的に含める。\n展示で1号艇スタート超安定(0.135秒)→ヒモ固まり方向に注意'}",,,25.2,逃げ狙い,15.15,22.4,2,,,,,,,,,,,
2025-12-05,丸亀,8,4,金田幸子,A2,36.84,4,▲,5.0968,23.5,67,54.5,0.17,3.4091,,,0,低,50,0,-,22,0,45.2,0.9881,,,,,,0.2,0.0667,0.2,,,C,△,,0.1756,0.636,,0.7472,S,92,0,◎1着固定 2-3着流し（5〜8点）,0.5777,"{'is_target': True, 'verdict': '参加推奨', 'max_combo_prob': 0.1199, 'est_top_odds': 11.1, 'circle_concentration': 68.5, 'eligible_count': 6, 'bet_adj': 2, 'reason': 'rel_win1=74.7%（本命度） / 最有力組み合わせ確率: 0.120（推定実オッズ?11倍） / 2着集中度: 上位2艇 68.5%（補正+0.00） / 総合判定確率: 0.120 / → ヒモ分散。1号艇1着固定で広めのヒモ流し推奨（買い目+2点）', 'tenji_trigger': '展示確認: ヒモ分散レース。1号艇伸び確認後、広めのヒモ流しを採用。穴ヒモ（5・6号艇）を積極的に含める。\n展示で1号艇スタート超安定(0.135秒)→ヒモ固まり方向に注意'}",,,25.2,逃げ狙い,15.15,22.4,2,,,,,,,,,,,
2025-12-05,丸亀,8,5,常盤海心,B1,32.14,5,,1.4871,10.7,100,35.2,0.1756,4.0463,,,0,低,136,0,-,3,0,47.7,1.0086,,,,,,0.0667,0.6,0.2667,,,D,,,0.1802,0.592,,0.7472,S,92,0,◎1着固定 2-3着流し（5〜8点）,0.5777,"{'is_target': True, 'verdict': '参加推奨', 'max_combo_prob': 0.1199, 'est_top_odds': 11.1, 'circle_concentration': 68.5, 'eligible_count': 6, 'bet_adj': 2, 'reason': 'rel_win1=74.7%（本命度） / 最有力組み合わせ確率: 0.120（推定実オッズ?11倍） / 2着集中度: 上位2艇 68.5%（補正+0.00） / 総合判定確率: 0.120 / → ヒモ分散。1号艇1着固定で広めのヒモ流し推奨（買い目+2点）', 'tenji_trigger': '展示確認: ヒモ分散レース。1号艇伸び確認後、広めのヒモ流しを採用。穴ヒモ（5・6号艇）を積極的に含める。\n展示で1号艇スタート超安定(0.135秒)→ヒモ固まり方向に注意'}",,,25.2,逃げ狙い,15.15,22.4,2,,,,,,,,,,,
2025-12-05,丸亀,8,6,宮城那菜,B2,25.00,6,,0.8379,0.3,23,1.6,0.159,3.3175,,,0,低,29,0,-,6,0,24.4,0.6394,,,,,,,,,,,E,,,0.233,0.4685,,0.7472,S,92,0,◎1着固定 2-3着流し（5〜8点）,0.5777,"{'is_target': True, 'verdict': '参加推奨', 'max_combo_prob': 0.1199, 'est_top_odds': 11.1, 'circle_concentration': 68.5, 'eligible_count': 6, 'bet_adj': 2, 'reason': 'rel_win1=74.7%（本命度） / 最有力組み合わせ確率: 0.120（推定実オッズ?11倍） / 2着集中度: 上位2艇 68.5%（補正+0.00） / 総合判定確率: 0.120 / → ヒモ分散。1号艇1着固定で広めのヒモ流し推奨（買い目+2点）', 'tenji_trigger': '展示確認: ヒモ分散レース。1号艇伸び確認後、広めのヒモ流しを採用。穴ヒモ（5・6号艇）を積極的に含める。\n展示で1号艇スタート超安定(0.135秒)→ヒモ固まり方向に注意'}",,,25.2,逃げ狙い,15.15,22.4,2,,,,,,,,,,,
2025-12-05,丸亀,9,1,松尾　祭,A2,33.33,1,◎,60.5382,,0,87.2,0.1624,3.1218,,,0,低,144,0,逃0% 抜0%,32,0,84.2,1.0566,0.5135,,,,,0.1086,0.0654,0.2501,◎,,A,△,,,0.6215,,0.5576,A,72,0,◎-○軸 3着3〜4艇流し（10〜15点）,0.5777,"{'is_target': True, 'verdict': '参加推奨', 'max_combo_prob': 0.083, 'est_top_odds': 16.1, 'circle_concentration': 69.0, 'eligible_count': 8, 'bet_adj': 2, 'reason': 'rel_win1=60.5%（本命度） / 最有力組み合わせ確率: 0.083（推定実オッズ?16倍） / 2着集中度: 上位2艇 69.0%（補正+0.00） / 総合判定確率: 0.083 / → ヒモ分散。1号艇1着固定で広めのヒモ流し推奨（買い目+2点）', 'tenji_trigger': '展示確認: ヒモ分散レース。1号艇伸び確認後、広めのヒモ流しを採用。穴ヒモ（5・6号艇）を積極的に含める。'}",,,28.5,逃げ狙い,16.92,30.4,2,,,,,0,0,0.7559,0,,逃げ軸流し,A
2025-12-05,丸亀,9,2,榎　幸司,A1,22.22,2,▲,16.0575,47.7,100,80.3,0.1754,4.0738,,,0,低,175,0,差0%,36,0,73.4,1.3034,0,0.1364,0,0,0,0.0945,0.02,0.04,,,D,△,,0.2175,0.622,,0.5576,A,72,0,◎-○軸 3着3〜4艇流し（10〜15点）,0.5777,"{'is_target': True, 'verdict': '参加推奨', 'max_combo_prob': 0.083, 'est_top_odds': 16.1, 'circle_concentration': 69.0, 'eligible_count': 8, 'bet_adj': 2, 'reason': 'rel_win1=60.5%（本命度） / 最有力組み合わせ確率: 0.083（推定実オッズ?16倍） / 2着集中度: 上位2艇 69.0%（補正+0.00） / 総合判定確率: 0.083 / → ヒモ分散。1号艇1着固定で広めのヒモ流し推奨（買い目+2点）', 'tenji_trigger': '展示確認: ヒモ分散レース。1号艇伸び確認後、広めのヒモ流しを採用。穴ヒモ（5・6号艇）を積極的に含める。'}",,,28.5,逃げ狙い,16.92,30.4,2,,,,,,,,,,,
2025-12-05,丸亀,9,3,服部　剛,B1,30.51,3,○,9.1219,21.2,48,48.2,0.2011,4.7232,,,0,低,197,0,ま0% 差ま0% 抜0%,5,0,37.2,0.9106,0,0,0.0357,0.0357,0.0357,0.2196,0.3065,0.0348,,,B,○,,0.1196,0.6415,,0.5576,A,72,0,◎-○軸 3着3〜4艇流し（10〜15点）,0.5777,"{'is_target': True, 'verdict': '参加推奨', 'max_combo_prob': 0.083, 'est_top_odds': 16.1, 'circle_concentration': 69.0, 'eligible_count': 8, 'bet_adj': 2, 'reason': 'rel_win1=60.5%（本命度） / 最有力組み合わせ確率: 0.083（推定実オッズ?16倍） / 2着集中度: 上位2艇 69.0%（補正+0.00） / 総合判定確率: 0.083 / → ヒモ分散。1号艇1着固定で広めのヒモ流し推奨（買い目+2点）', 'tenji_trigger': '展示確認: ヒモ分散レース。1号艇伸び確認後、広めのヒモ流しを採用。穴ヒモ（5・6号艇）を積極的に含める。'}",,,28.5,逃げ狙い,16.92,30.4,2,,,,,,,,,,,
2025-12-05,丸亀,9,4,前原　哉,B1,24.53,4,△,6.6578,16.8,49,37.1,0.2057,4.3,,,0,低,107,0,抜0%,4,0,35.2,0.7932,0,0,0,0,0.1111,0,0.4286,0.1429,,,C,,,0.1548,0.5705,,0.5576,A,72,0,◎-○軸 3着3〜4艇流し（10〜15点）,0.5777,"{'is_target': True, 'verdict': '参加推奨', 'max_combo_prob': 0.083, 'est_top_odds': 16.1, 'circle_concentration': 69.0, 'eligible_count': 8, 'bet_adj': 2, 'reason': 'rel_win1=60.5%（本命度） / 最有力組み合わせ確率: 0.083（推定実オッズ?16倍） / 2着集中度: 上位2艇 69.0%（補正+0.00） / 総合判定確率: 0.083 / → ヒモ分散。1号艇1着固定で広めのヒモ流し推奨（買い目+2点）', 'tenji_trigger': '展示確認: ヒモ分散レース。1号艇伸び確認後、広めのヒモ流しを採用。穴ヒモ（5・6号艇）を積極的に含める。'}",,,28.5,逃げ狙い,16.92,30.4,2,,,,,,,,,,,
2025-12-05,丸亀,9,5,吉川昭男,A2,14.63,5,,5.1204,10.7,52,0,0.33,3,,,0,低,79,1,-,64,0,23.1,0.7105,,,,,,0.1771,0.2257,0.0343,,,E,◎,,0.1448,0.667,,0.5576,A,72,0,◎-○軸 3着3〜4艇流し（10〜15点）,0.5777,"{'is_target': True, 'verdict': '参加推奨', 'max_combo_prob': 0.083, 'est_top_odds': 16.1, 'circle_concentration': 69.0, 'eligible_count': 8, 'bet_adj': 2, 'reason': 'rel_win1=60.5%（本命度） / 最有力組み合わせ確率: 0.083（推定実オッズ?16倍） / 2着集中度: 上位2艇 69.0%（補正+0.00） / 総合判定確率: 0.083 / → ヒモ分散。1号艇1着固定で広めのヒモ流し推奨（買い目+2点）', 'tenji_trigger': '展示確認: ヒモ分散レース。1号艇伸び確認後、広めのヒモ流しを採用。穴ヒモ（5・6号艇）を積極的に含める。'}",,,28.5,逃げ狙い,16.92,30.4,2,,,,,,,,,,,
2025-12-05,丸亀,9,6,吉田宗弘,B1,19.23,6,,2.5042,3.5,32,18.4,0.2233,4.7143,,,0,低,210,0,-,25,0,34.7,0.8492,,,,,,0.0615,0.5385,0.1462,,,D,,,0.1448,0.5345,,0.5576,A,72,0,◎-○軸 3着3〜4艇流し（10〜15点）,0.5777,"{'is_target': True, 'verdict': '参加推奨', 'max_combo_prob': 0.083, 'est_top_odds': 16.1, 'circle_concentration': 69.0, 'eligible_count': 8, 'bet_adj': 2, 'reason': 'rel_win1=60.5%（本命度） / 最有力組み合わせ確率: 0.083（推定実オッズ?16倍） / 2着集中度: 上位2艇 69.0%（補正+0.00） / 総合判定確率: 0.083 / → ヒモ分散。1号艇1着固定で広めのヒモ流し推奨（買い目+2点）', 'tenji_trigger': '展示確認: ヒモ分散レース。1号艇伸び確認後、広めのヒモ流しを採用。穴ヒモ（5・6号艇）を積極的に含める。'}",,,28.5,逃げ狙い,16.92,30.4,2,,,,,,,,,,,
2025-12-05,丸亀,10,1,品川二千,A2,41.07,1,◎,63.861,,0,92.9,0.161,3.0357,,,0,低,103,0,逃1%,6,0,90.3,1.2057,0.6087,,,,,0.1681,0.1188,0.0348,◎,,B,△,,,0.605,,0.4621,S,88,0,◎1着固定 2-3着流し（5〜8点）,0.5777,"{'is_target': True, 'verdict': '点数絞り', 'max_combo_prob': 0.0986, 'est_top_odds': 13.5, 'circle_concentration': 72.4, 'eligible_count': 6, 'bet_adj': 0, 'reason': 'rel_win1=63.9%（本命度） / 最有力組み合わせ確率: 0.099（推定実オッズ?14倍） / 2着集中度: 上位2艇 72.4%（補正+0.04） / 総合判定確率: 0.139 / → ヒモはやや固め。上位2艇以外を切ること', 'tenji_trigger': '展示確認: 1号艇伸び良→そのまま採用。悪→飛び組に差し替え。circle_pct上位2艇に絞り込むこと。'}",,,28,逃げ狙い,14.71,30.8,2,,,,,0,0,0.7559,0,,逃げ軸流し,A
2025-12-05,丸亀,10,2,澤　大介,B1,44.64,2,○,7.9476,29,49,37,0.1748,3.7407,,,0,低,129,0,-,34,0,42.3,0.6493,,,,,,0.46,0.28,0.04,,,B,,,0.1895,0.5755,,0.4621,S,88,0,◎1着固定 2-3着流し（5〜8点）,0.5777,"{'is_target': True, 'verdict': '点数絞り', 'max_combo_prob': 0.0986, 'est_top_odds': 13.5, 'circle_concentration': 72.4, 'eligible_count': 6, 'bet_adj': 0, 'reason': 'rel_win1=63.9%（本命度） / 最有力組み合わせ確率: 0.099（推定実オッズ?14倍） / 2着集中度: 上位2艇 72.4%（補正+0.04） / 総合判定確率: 0.139 / → ヒモはやや固め。上位2艇以外を切ること', 'tenji_trigger': '展示確認: 1号艇伸び良→そのまま採用。悪→飛び組に差し替え。circle_pct上位2艇に絞り込むこと。'}",,,28,逃げ狙い,14.71,30.8,2,,,,,,,,,,,
2025-12-05,丸亀,10,3,田中辰彦,A1,36.36,3,▲,12.6445,43.4,100,63.5,0.1435,3.0794,,,0,低,117,0,差ま0%,14,0,22.3,0.6554,0,0.0333,0.0667,0.1667,0,0.0114,0.2229,0.0571,,◎,D,◎,,0.4035,0.662,,0.4621,S,88,0,◎1着固定 2-3着流し（5〜8点）,0.5777,"{'is_target': True, 'verdict': '点数絞り', 'max_combo_prob': 0.0986, 'est_top_odds': 13.5, 'circle_concentration': 72.4, 'eligible_count': 6, 'bet_adj': 0, 'reason': 'rel_win1=63.9%（本命度） / 最有力組み合わせ確率: 0.099（推定実オッズ?14倍） / 2着集中度: 上位2艇 72.4%（補正+0.04） / 総合判定確率: 0.139 / → ヒモはやや固め。上位2艇以外を切ること', 'tenji_trigger': '展示確認: 1号艇伸び良→そのまま採用。悪→飛び組に差し替え。circle_pct上位2艇に絞り込むこと。'}",,,28,逃げ狙い,14.71,30.8,2,,,,,,,,,,,
2025-12-05,丸亀,10,4,藤生雄人,A2,35.19,4,,9.8697,16.3,84,55.1,0.1659,3.2449,,,0,低,117,0,ま0% 差ま0% 抜0%,62,0,61.7,1.1819,0,0,0.125,0.0417,0.0417,0.019,0.0762,0.019,,,D,○,◎,0.2885,0.6185,0.3947,0.4621,S,88,0,◎1着固定 2-3着流し（5〜8点）,0.5777,"{'is_target': True, 'verdict': '点数絞り', 'max_combo_prob': 0.0986, 'est_top_odds': 13.5, 'circle_concentration': 72.4, 'eligible_count': 6, 'bet_adj': 0, 'reason': 'rel_win1=63.9%（本命度） / 最有力組み合わせ確率: 0.099（推定実オッズ?14倍） / 2着集中度: 上位2艇 72.4%（補正+0.04） / 総合判定確率: 0.139 / → ヒモはやや固め。上位2艇以外を切ること', 'tenji_trigger': '展示確認: 1号艇伸び良→そのまま採用。悪→飛び組に差し替え。circle_pct上位2艇に絞り込むこと。'}",,,28,逃げ狙い,14.71,30.8,2,,,,,,,,,,,
2025-12-05,丸亀,10,5,上田隆章,B1,37.25,5,,4.5155,8.7,62,39.6,0.2047,4.6509,,,0,低,192,0,-,6,0,21.5,0.6607,0,0,0,0.0833,0,0.3,0.22,0.1,,,C,,,0.152,0.5515,,0.4621,S,88,0,◎1着固定 2-3着流し（5〜8点）,0.5777,"{'is_target': True, 'verdict': '点数絞り', 'max_combo_prob': 0.0986, 'est_top_odds': 13.5, 'circle_concentration': 72.4, 'eligible_count': 6, 'bet_adj': 0, 'reason': 'rel_win1=63.9%（本命度） / 最有力組み合わせ確率: 0.099（推定実オッズ?14倍） / 2着集中度: 上位2艇 72.4%（補正+0.04） / 総合判定確率: 0.139 / → ヒモはやや固め。上位2艇以外を切ること', 'tenji_trigger': '展示確認: 1号艇伸び良→そのまま採用。悪→飛び組に差し替え。circle_pct上位2艇に絞り込むこと。'}",,,28,逃げ狙い,14.71,30.8,2,,,,,,,,,,,
2025-12-05,丸亀,10,6,吉田和仁,B1,40.68,6,△,1.1616,2.6,41,19.3,0.1953,4.1579,,,0,低,132,0,-,S,0,21.5,0.9153,,,,,,0.0174,0.3965,0.0696,,,C,△,,0.2033,0.606,,0.4621,S,88,0,◎1着固定 2-3着流し（5〜8点）,0.5777,"{'is_target': True, 'verdict': '点数絞り', 'max_combo_prob': 0.0986, 'est_top_odds': 13.5, 'circle_concentration': 72.4, 'eligible_count': 6, 'bet_adj': 0, 'reason': 'rel_win1=63.9%（本命度） / 最有力組み合わせ確率: 0.099（推定実オッズ?14倍） / 2着集中度: 上位2艇 72.4%（補正+0.04） / 総合判定確率: 0.139 / → ヒモはやや固め。上位2艇以外を切ること', 'tenji_trigger': '展示確認: 1号艇伸び良→そのまま採用。悪→飛び組に差し替え。circle_pct上位2艇に絞り込むこと。'}",,,28,逃げ狙い,14.71,30.8,2,,,,,,,,,,,
2025-12-05,丸亀,11,1,金子拓矢,A1,55.36,1,◎,61.0164,,0,98.7,0.1408,2.4667,,,0,低,69,0,逃1%,13,0,93,1.2546,0.8158,,,,,0.0105,0.1516,0.0705,◎,,A,○,,,0.661,,0.6382,S,91,0,◎1着固定 2-3着流し（5〜8点）,0.5777,"{'is_target': True, 'verdict': '参加推奨', 'max_combo_prob': 0.0725, 'est_top_odds': 18.4, 'circle_concentration': 62.8, 'eligible_count': 6, 'bet_adj': 2, 'reason': 'rel_win1=61.0%（本命度） / 最有力組み合わせ確率: 0.072（推定実オッズ?18倍） / 2着集中度: 上位2艇 62.8%（補正+0.00） / 総合判定確率: 0.072 / → ヒモ分散。1号艇1着固定で広めのヒモ流し推奨（買い目+2点）', 'tenji_trigger': '展示確認: ヒモ分散レース。1号艇伸び確認後、広めのヒモ流しを採用。穴ヒモ（5・6号艇）を積極的に含める。'}",,,29.9,逃げ狙い,26.76,25.9,2,,,,,0,0,0.7559,0,,逃げ軸流し,A
2025-12-05,丸亀,11,2,平山智加,A1,18.37,2,,15.9598,34.1,44,65,0.1745,3.6,,,0,低,46,0,-,15,0,36.6,0.9622,0,0.25,0,0,0,0,0.1818,0.1818,,,E,△,,0.1094,0.651,,0.6382,S,91,0,◎1着固定 2-3着流し（5〜8点）,0.5777,"{'is_target': True, 'verdict': '参加推奨', 'max_combo_prob': 0.0725, 'est_top_odds': 18.4, 'circle_concentration': 62.8, 'eligible_count': 6, 'bet_adj': 2, 'reason': 'rel_win1=61.0%（本命度） / 最有力組み合わせ確率: 0.072（推定実オッズ?18倍） / 2着集中度: 上位2艇 62.8%（補正+0.00） / 総合判定確率: 0.072 / → ヒモ分散。1号艇1着固定で広めのヒモ流し推奨（買い目+2点）', 'tenji_trigger': '展示確認: ヒモ分散レース。1号艇伸び確認後、広めのヒモ流しを採用。穴ヒモ（5・6号艇）を積極的に含める。'}",,,29.9,逃げ狙い,26.76,25.9,2,,,,,,,,,,,
2025-12-05,丸亀,11,3,酒井陽祐,B1,29.31,3,▲,6.314,28.7,54,50.7,0.149,3.0149,,,0,低,117,0,差0%,3,0,30.7,0.8842,0,0.0571,0,0,0,0.2222,0,0.3333,,,C,△,,0.2374,0.62,,0.6382,S,91,0,◎1着固定 2-3着流し（5〜8点）,0.5777,"{'is_target': True, 'verdict': '参加推奨', 'max_combo_prob': 0.0725, 'est_top_odds': 18.4, 'circle_concentration': 62.8, 'eligible_count': 6, 'bet_adj': 2, 'reason': 'rel_win1=61.0%（本命度） / 最有力組み合わせ確率: 0.072（推定実オッズ?18倍） / 2着集中度: 上位2艇 62.8%（補正+0.00） / 総合判定確率: 0.072 / → ヒモ分散。1号艇1着固定で広めのヒモ流し推奨（買い目+2点）', 'tenji_trigger': '展示確認: ヒモ分散レース。1号艇伸び確認後、広めのヒモ流しを採用。穴ヒモ（5・6号艇）を積極的に含める。'}",,,29.9,逃げ狙い,26.76,25.9,2,,,,,,,,,,,
2025-12-05,丸亀,11,4,麻生慎介,A2,26.23,4,○,11.293,16.7,100,78.8,0.1308,2.5288,,,0,低,66,0,-,14,0,46.3,1.0198,0,0.0952,0,0.0952,0,0.0381,0.4362,0.0381,,,D,○,◎,0.3388,0.661,0.5529,0.6382,S,91,0,◎1着固定 2-3着流し（5〜8点）,0.5777,"{'is_target': True, 'verdict': '参加推奨', 'max_combo_prob': 0.0725, 'est_top_odds': 18.4, 'circle_concentration': 62.8, 'eligible_count': 6, 'bet_adj': 2, 'reason': 'rel_win1=61.0%（本命度） / 最有力組み合わせ確率: 0.072（推定実オッズ?18倍） / 2着集中度: 上位2艇 62.8%（補正+0.00） / 総合判定確率: 0.072 / → ヒモ分散。1号艇1着固定で広めのヒモ流し推奨（買い目+2点）', 'tenji_trigger': '展示確認: ヒモ分散レース。1号艇伸び確認後、広めのヒモ流しを採用。穴ヒモ（5・6号艇）を積極的に含める。'}",,,29.9,逃げ狙い,26.76,25.9,2,,,,,,,,,,,
2025-12-05,丸亀,11,5,坪口竜也,A2,21.43,5,,2.0223,17.4,58,50.9,0.1584,3.8,,,0,低,84,0,-,52,0,32.7,0.7898,,,,,,0,0.0667,0.0333,,,E,◎,,0.2557,0.6815,,0.6382,S,91,0,◎1着固定 2-3着流し（5〜8点）,0.5777,"{'is_target': True, 'verdict': '参加推奨', 'max_combo_prob': 0.0725, 'est_top_odds': 18.4, 'circle_concentration': 62.8, 'eligible_count': 6, 'bet_adj': 2, 'reason': 'rel_win1=61.0%（本命度） / 最有力組み合わせ確率: 0.072（推定実オッズ?18倍） / 2着集中度: 上位2艇 62.8%（補正+0.00） / 総合判定確率: 0.072 / → ヒモ分散。1号艇1着固定で広めのヒモ流し推奨（買い目+2点）', 'tenji_trigger': '展示確認: ヒモ分散レース。1号艇伸び確認後、広めのヒモ流しを採用。穴ヒモ（5・6号艇）を積極的に含める。'}",,,29.9,逃げ狙い,26.76,25.9,2,,,,,,,,,,,
2025-12-05,丸亀,11,6,濱本優一,A2,39.62,6,△,3.3945,3.1,75,47.6,0.1937,4.373,,,0,低,141,0,-,22,0,24.5,0.7028,0,0,0,0.069,0.0345,0.0429,0.1629,0,,,B,,,0.1196,0.61,,0.6382,S,91,0,◎1着固定 2-3着流し（5〜8点）,0.5777,"{'is_target': True, 'verdict': '参加推奨', 'max_combo_prob': 0.0725, 'est_top_odds': 18.4, 'circle_concentration': 62.8, 'eligible_count': 6, 'bet_adj': 2, 'reason': 'rel_win1=61.0%（本命度） / 最有力組み合わせ確率: 0.072（推定実オッズ?18倍） / 2着集中度: 上位2艇 62.8%（補正+0.00） / 総合判定確率: 0.072 / → ヒモ分散。1号艇1着固定で広めのヒモ流し推奨（買い目+2点）', 'tenji_trigger': '展示確認: ヒモ分散レース。1号艇伸び確認後、広めのヒモ流しを採用。穴ヒモ（5・6号艇）を積極的に含める。'}",,,29.9,逃げ狙い,26.76,25.9,2,,,,,,,,,,,
2025-12-05,丸亀,12,1,中岡正彦,A1,29.82,1,◎,62.1378,,0,93.3,0.1175,2.4083,,,0,低,42,0,逃1%,11,0,69.8,1.0975,0.7647,,,,,0.1103,0,0.0588,◎,,C,○,,,0.649,,0.7104,S,100,0,◎1着固定 2-3着流し（5〜8点）,0.5777,"{'is_target': True, 'verdict': '参加推奨', 'max_combo_prob': 0.0881, 'est_top_odds': 15.1, 'circle_concentration': 69.0, 'eligible_count': 6, 'bet_adj': 2, 'reason': 'rel_win1=62.1%（本命度） / 最有力組み合わせ確率: 0.088（推定実オッズ?15倍） / 2着集中度: 上位2艇 69.0%（補正+0.00） / 総合判定確率: 0.088 / → ヒモ分散。1号艇1着固定で広めのヒモ流し推奨（買い目+2点）', 'tenji_trigger': '展示確認: ヒモ分散レース。1号艇伸び確認後、広めのヒモ流しを採用。穴ヒモ（5・6号艇）を積極的に含める。\n展示で1号艇スタート超安定(0.117秒)→ヒモ固まり方向に注意'}",,,26.7,逃げ狙い,18.22,24.2,2,,,,,0,0,0.7559,0,,逃げ軸流し,A
2025-12-05,丸亀,12,2,井上一輝,A1,45.45,2,○,14.3642,49.9,90,86.3,0.1355,3.098,,,0,低,55,0,差0% ま0% 抜0%,42,0,61.6,1.3672,0,0.1905,0.0476,0,0.0476,0.025,0.025,0.025,,,A,◎,,0.1611,0.691,,0.7104,S,100,0,◎1着固定 2-3着流し（5〜8点）,0.5777,"{'is_target': True, 'verdict': '参加推奨', 'max_combo_prob': 0.0881, 'est_top_odds': 15.1, 'circle_concentration': 69.0, 'eligible_count': 6, 'bet_adj': 2, 'reason': 'rel_win1=62.1%（本命度） / 最有力組み合わせ確率: 0.088（推定実オッズ?15倍） / 2着集中度: 上位2艇 69.0%（補正+0.00） / 総合判定確率: 0.088 / → ヒモ分散。1号艇1着固定で広めのヒモ流し推奨（買い目+2点）', 'tenji_trigger': '展示確認: ヒモ分散レース。1号艇伸び確認後、広めのヒモ流しを採用。穴ヒモ（5・6号艇）を積極的に含める。\n展示で1号艇スタート超安定(0.117秒)→ヒモ固まり方向に注意'}",,,26.7,逃げ狙い,18.22,24.2,2,,,,,,,,,,,
2025-12-05,丸亀,12,3,中北将史,B1,26.56,3,△,7.8078,12.1,92,50.7,0.1487,2.6418,,,0,低,132,0,ま0% 差ま0% 抜0%,2,0,28.1,0.9217,0,0,0.0294,0.0294,0.0294,0.4471,0.0941,0.0941,,,D,,,0.1223,0.6005,,0.7104,S,100,0,◎1着固定 2-3着流し（5〜8点）,0.5777,"{'is_target': True, 'verdict': '参加推奨', 'max_combo_prob': 0.0881, 'est_top_odds': 15.1, 'circle_concentration': 69.0, 'eligible_count': 6, 'bet_adj': 2, 'reason': 'rel_win1=62.1%（本命度） / 最有力組み合わせ確率: 0.088（推定実オッズ?15倍） / 2着集中度: 上位2艇 69.0%（補正+0.00） / 総合判定確率: 0.088 / → ヒモ分散。1号艇1着固定で広めのヒモ流し推奨（買い目+2点）', 'tenji_trigger': '展示確認: ヒモ分散レース。1号艇伸び確認後、広めのヒモ流しを採用。穴ヒモ（5・6号艇）を積極的に含める。\n展示で1号艇スタート超安定(0.117秒)→ヒモ固まり方向に注意'}",,,26.7,逃げ狙い,18.22,24.2,2,,,,,,,,,,,
2025-12-05,丸亀,12,4,外崎　悟,A2,17.02,4,,6.0439,19.1,84,56.4,0.1436,2.7636,,,0,低,91,0,-,1,0,94.3,1.0196,0,0.0909,0.0455,0,0,0,0.219,0.0333,,,E,△,,0.1946,0.6445,,0.7104,S,100,0,◎1着固定 2-3着流し（5〜8点）,0.5777,"{'is_target': True, 'verdict': '参加推奨', 'max_combo_prob': 0.0881, 'est_top_odds': 15.1, 'circle_concentration': 69.0, 'eligible_count': 6, 'bet_adj': 2, 'reason': 'rel_win1=62.1%（本命度） / 最有力組み合わせ確率: 0.088（推定実オッズ?15倍） / 2着集中度: 上位2艇 69.0%（補正+0.00） / 総合判定確率: 0.088 / → ヒモ分散。1号艇1着固定で広めのヒモ流し推奨（買い目+2点）', 'tenji_trigger': '展示確認: ヒモ分散レース。1号艇伸び確認後、広めのヒモ流しを採用。穴ヒモ（5・6号艇）を積極的に含める。\n展示で1号艇スタート超安定(0.117秒)→ヒモ固まり方向に注意'}",,,26.7,逃げ狙い,18.22,24.2,2,,,,,,,,,,,
2025-12-05,丸亀,12,5,前野竜一,A2,40.00,5,▲,4.1034,11.4,76,36.2,0.1613,3.7021,,,0,低,115,0,-,23,0,40.5,1.8864,0,0,0,0,0.0476,0.0133,0.2267,0.1067,,,B,,,0.1728,0.5985,,0.7104,S,100,0,◎1着固定 2-3着流し（5〜8点）,0.5777,"{'is_target': True, 'verdict': '参加推奨', 'max_combo_prob': 0.0881, 'est_top_odds': 15.1, 'circle_concentration': 69.0, 'eligible_count': 6, 'bet_adj': 2, 'reason': 'rel_win1=62.1%（本命度） / 最有力組み合わせ確率: 0.088（推定実オッズ?15倍） / 2着集中度: 上位2艇 69.0%（補正+0.00） / 総合判定確率: 0.088 / → ヒモ分散。1号艇1着固定で広めのヒモ流し推奨（買い目+2点）', 'tenji_trigger': '展示確認: ヒモ分散レース。1号艇伸び確認後、広めのヒモ流しを採用。穴ヒモ（5・6号艇）を積極的に含める。\n展示で1号艇スタート超安定(0.117秒)→ヒモ固まり方向に注意'}",,,26.7,逃げ狙い,18.22,24.2,2,,,,,,,,,,,
2025-12-05,丸亀,12,6,清水敦揮,A1,26.47,6,,5.5429,7.5,100,66,0.1919,4.1489,,,0,低,120,0,ま0% 差ま0% 抜0%,11,0,100,2.6267,0,0,0.05,0.05,0.05,0.0308,0.2115,0.1808,,,D,△,◎,0.114,0.607,0.1754,0.7104,S,100,0,◎1着固定 2-3着流し（5〜8点）,0.5777,"{'is_target': True, 'verdict': '参加推奨', 'max_combo_prob': 0.0881, 'est_top_odds': 15.1, 'circle_concentration': 69.0, 'eligible_count': 6, 'bet_adj': 2, 'reason': 'rel_win1=62.1%（本命度） / 最有力組み合わせ確率: 0.088（推定実オッズ?15倍） / 2着集中度: 上位2艇 69.0%（補正+0.00） / 総合判定確率: 0.088 / → ヒモ分散。1号艇1着固定で広めのヒモ流し推奨（買い目+2点）', 'tenji_trigger': '展示確認: ヒモ分散レース。1号艇伸び確認後、広めのヒモ流しを採用。穴ヒモ（5・6号艇）を積極的に含める。\n展示で1号艇スタート超安定(0.117秒)→ヒモ固まり方向に注意'}",,,26.7,逃げ狙い,18.22,24.2,2,,,,,,,,,,,
2025-12-06,丸亀,1,1,澤　大介,B1,44.64,1,◎,58.067,,0,73.3,0.1703,3.6667,,,0,低,129,0,逃0%,345,0,80.6,0.981,0.45,,,,,0.46,0.28,0.04,△,,A,,,,0.5755,,0.3167,A,64,0,◎-○軸 3着3〜4艇流し（10〜15点）,0.5777,"{'is_target': True, 'verdict': '参加推奨', 'max_combo_prob': 0.0683, 'est_top_odds': 19.5, 'circle_concentration': 69.5, 'eligible_count': 8, 'bet_adj': 2, 'reason': 'rel_win1=58.1%（本命度） / 最有力組み合わせ確率: 0.068（推定実オッズ?20倍） / 2着集中度: 上位2艇 69.5%（補正+0.00） / 総合判定確率: 0.068 / → ヒモ分散。1号艇1着固定で広めのヒモ流し推奨（買い目+2点）', 'tenji_trigger': '展示確認: ヒモ分散レース。1号艇伸び確認後、広めのヒモ流しを採用。穴ヒモ（5・6号艇）を積極的に含める。'}",,,31.6,両建て推奨,11.35,44,3,3-5-4|3-4-5|3-4-6|1-3-4|1-2-4|1-2-3|1-3-5|1-2-5,3-5-4|2-1-4|3-4-5|4-1-5|2-1-5|4-1-6|3-4-6|1-3-4|1-2-4|1-2-3|1-3-5|1-2-5,3-5-4:2.67%|3-4-5:2.51%|3-4-6:1.29%|1-3-4:7.27%|1-2-4:5.47%|1-2-3:5.37%|1-3-5:5.1%|1-2-5:3.83%,3-5-4:B_main|3-4-5:B_main|3-4-6:B_main|1-3-4:A|1-2-4:A|1-2-3:A|1-3-5:A|1-2-5:A,8,12,0.4535,1,[!]見送り推奨（主役決まり手「まくり」― 逃げ劣勢レースで的中実績なし）,荒れ広め,D
2025-12-06,丸亀,1,2,渡邊哲也,B1,34.48,2,▲,10.322,31.8,63,39,0.1871,4.0122,,,0,低,114,0,差0% ま0%,6 2,0,53.4,0.6771,0,0.0952,0.0476,0,0,0.04,0.28,0.32,,,C,,,0.2204,0.4815,,0.3167,A,64,0,◎-○軸 3着3〜4艇流し（10〜15点）,0.5777,"{'is_target': True, 'verdict': '参加推奨', 'max_combo_prob': 0.0683, 'est_top_odds': 19.5, 'circle_concentration': 69.5, 'eligible_count': 8, 'bet_adj': 2, 'reason': 'rel_win1=58.1%（本命度） / 最有力組み合わせ確率: 0.068（推定実オッズ?20倍） / 2着集中度: 上位2艇 69.5%（補正+0.00） / 総合判定確率: 0.068 / → ヒモ分散。1号艇1着固定で広めのヒモ流し推奨（買い目+2点）', 'tenji_trigger': '展示確認: ヒモ分散レース。1号艇伸び確認後、広めのヒモ流しを採用。穴ヒモ（5・6号艇）を積極的に含める。'}",,,31.6,両建て推奨,11.35,44,3,,,,,,,,,,,
2025-12-06,丸亀,1,3,一宮稔弘,B1,22.95,3,△,12.84,37.8,100,62.5,0.1387,2.6875,,,0,低,40,0,ま0% 差ま0%,164,0,65.4,1.2017,0,0,0.1053,0.0526,0,0.0211,0.1921,0.1711,,◎,D,◎,,0.5118,0.6275,,0.3167,A,64,0,◎-○軸 3着3〜4艇流し（10〜15点）,0.5777,"{'is_target': True, 'verdict': '参加推奨', 'max_combo_prob': 0.0683, 'est_top_odds': 19.5, 'circle_concentration': 69.5, 'eligible_count': 8, 'bet_adj': 2, 'reason': 'rel_win1=58.1%（本命度） / 最有力組み合わせ確率: 0.068（推定実オッズ?20倍） / 2着集中度: 上位2艇 69.5%（補正+0.00） / 総合判定確率: 0.068 / → ヒモ分散。1号艇1着固定で広めのヒモ流し推奨（買い目+2点）', 'tenji_trigger': '展示確認: ヒモ分散レース。1号艇伸び確認後、広めのヒモ流しを採用。穴ヒモ（5・6号艇）を積極的に含める。'}",,,31.6,両建て推奨,11.35,44,3,,,,,,,,,,,
2025-12-06,丸亀,1,4,吉田和仁,B1,40.68,4,○,13.6698,11.9,58,38.7,0.1731,3.2823,,,0,低,132,0,-,S 56,0,68.7,1.1236,0,0.0345,0.069,0.0345,0,0.0174,0.3965,0.0696,,,B,△,◎,0.3238,0.606,0.3916,0.3167,A,64,0,◎-○軸 3着3〜4艇流し（10〜15点）,0.5777,"{'is_target': True, 'verdict': '参加推奨', 'max_combo_prob': 0.0683, 'est_top_odds': 19.5, 'circle_concentration': 69.5, 'eligible_count': 8, 'bet_adj': 2, 'reason': 'rel_win1=58.1%（本命度） / 最有力組み合わせ確率: 0.068（推定実オッズ?20倍） / 2着集中度: 上位2艇 69.5%（補正+0.00） / 総合判定確率: 0.068 / → ヒモ分散。1号艇1着固定で広めのヒモ流し推奨（買い目+2点）', 'tenji_trigger': '展示確認: ヒモ分散レース。1号艇伸び確認後、広めのヒモ流しを採用。穴ヒモ（5・6号艇）を積極的に含める。'}",,,31.6,両建て推奨,11.35,44,3,,,,,,,,,,,
2025-12-06,丸亀,1,5,松尾　祭,A2,33.33,5,,3.9597,13.8,71,40.7,0.1924,4.3559,,,0,低,144,0,差ま0%,3264,0,25.8,0.9698,0,0,0,0.0385,0,0.1086,0.0654,0.2501,,,C,○,,0.2536,0.6215,,0.3167,A,64,0,◎-○軸 3着3〜4艇流し（10〜15点）,0.5777,"{'is_target': True, 'verdict': '参加推奨', 'max_combo_prob': 0.0683, 'est_top_odds': 19.5, 'circle_concentration': 69.5, 'eligible_count': 8, 'bet_adj': 2, 'reason': 'rel_win1=58.1%（本命度） / 最有力組み合わせ確率: 0.068（推定実オッズ?20倍） / 2着集中度: 上位2艇 69.5%（補正+0.00） / 総合判定確率: 0.068 / → ヒモ分散。1号艇1着固定で広めのヒモ流し推奨（買い目+2点）', 'tenji_trigger': '展示確認: ヒモ分散レース。1号艇伸び確認後、広めのヒモ流しを採用。穴ヒモ（5・6号艇）を積極的に含める。'}",,,31.6,両建て推奨,11.35,44,3,,,,,,,,,,,
2025-12-06,丸亀,1,6,松本浩貴,B1,17.39,6,,1.1414,4.8,41,15.9,0.2316,5.0227,,,0,低,171,0,-,5 5,0,25.8,0.7933,,,,,,0.0522,0.3617,0.3791,,,E,△,,0.1808,0.599,,0.3167,A,64,0,◎-○軸 3着3〜4艇流し（10〜15点）,0.5777,"{'is_target': True, 'verdict': '参加推奨', 'max_combo_prob': 0.0683, 'est_top_odds': 19.5, 'circle_concentration': 69.5, 'eligible_count': 8, 'bet_adj': 2, 'reason': 'rel_win1=58.1%（本命度） / 最有力組み合わせ確率: 0.068（推定実オッズ?20倍） / 2着集中度: 上位2艇 69.5%（補正+0.00） / 総合判定確率: 0.068 / → ヒモ分散。1号艇1着固定で広めのヒモ流し推奨（買い目+2点）', 'tenji_trigger': '展示確認: ヒモ分散レース。1号艇伸び確認後、広めのヒモ流しを採用。穴ヒモ（5・6号艇）を積極的に含める。'}",,,31.6,両建て推奨,11.35,44,3,,,,,,,,,,,
2025-12-06,丸亀,2,1,深水慎一,B1,26.42,1,◎,47.3381,,0,82,0.1576,3.25,,,0,低,116,0,逃0%,454,0,66.6,1.0293,0.4483,,,,,0.1685,0.2404,0.1547,○,,C,◎,,,0.6455,,0.3856,A,72,0,◎-○軸 3着3〜4艇流し（10〜15点）,0.5777,"{'is_target': True, 'verdict': '点数絞り', 'max_combo_prob': 0.0993, 'est_top_odds': 13.4, 'circle_concentration': 82.0, 'eligible_count': 8, 'bet_adj': 0, 'reason': 'rel_win1=47.3%（本命度） / 最有力組み合わせ確率: 0.099（推定実オッズ?13倍） / 2着集中度: 上位2艇 82.0%（補正+0.04） / 総合判定確率: 0.139 / → ヒモはやや固め。上位2艇以外を切ること', 'tenji_trigger': '展示確認: 1号艇伸び良→そのまま採用。悪→飛び組に差し替え。circle_pct上位2艇に絞り込むこと。'}",,,30.5,逃げ狙い,18.4,35,2,,,,,0,0,0.6155,0,,主役軸流し,B
2025-12-06,丸亀,2,2,清水敦揮,A1,26.47,2,○,20.2831,50.1,83,73.6,0.1519,3.2264,,,0,低,120,0,-,1145,0,50.8,1.1122,0,0.24,0,0,0,0.0308,0.2115,0.1808,,◎,C,△,,0.4392,0.607,,0.3856,A,72,0,◎-○軸 3着3〜4艇流し（10〜15点）,0.5777,"{'is_target': True, 'verdict': '点数絞り', 'max_combo_prob': 0.0993, 'est_top_odds': 13.4, 'circle_concentration': 82.0, 'eligible_count': 8, 'bet_adj': 0, 'reason': 'rel_win1=47.3%（本命度） / 最有力組み合わせ確率: 0.099（推定実オッズ?13倍） / 2着集中度: 上位2艇 82.0%（補正+0.04） / 総合判定確率: 0.139 / → ヒモはやや固め。上位2艇以外を切ること', 'tenji_trigger': '展示確認: 1号艇伸び良→そのまま採用。悪→飛び組に差し替え。circle_pct上位2艇に絞り込むこと。'}",,,30.5,逃げ狙い,18.4,35,2,,,,,,,,,,,
2025-12-06,丸亀,2,3,榎　幸司,A1,22.22,3,▲,19.0605,31.8,100,71.2,0.1837,3.8814,,,0,低,175,0,差0% 差ま0%,3632,0,62.2,1.5144,0,0.0385,0,0.1154,0,0.0945,0.02,0.04,,,D,○,,0.1975,0.622,,0.3856,A,72,0,◎-○軸 3着3〜4艇流し（10〜15点）,0.5777,"{'is_target': True, 'verdict': '点数絞り', 'max_combo_prob': 0.0993, 'est_top_odds': 13.4, 'circle_concentration': 82.0, 'eligible_count': 8, 'bet_adj': 0, 'reason': 'rel_win1=47.3%（本命度） / 最有力組み合わせ確率: 0.099（推定実オッズ?13倍） / 2着集中度: 上位2艇 82.0%（補正+0.04） / 総合判定確率: 0.139 / → ヒモはやや固め。上位2艇以外を切ること', 'tenji_trigger': '展示確認: 1号艇伸び良→そのまま採用。悪→飛び組に差し替え。circle_pct上位2艇に絞り込むこと。'}",,,30.5,逃げ狙い,18.4,35,2,,,,,,,,,,,
2025-12-06,丸亀,2,4,石原凪紗,B2,21.57,4,,7.4553,11.3,56,10.5,0.1505,3.6842,,,0,低,62,0,-,656,0,100,0.6413,,,,,,0.2643,0.0571,0.0571,,,D,,,0.3748,0.537,,0.3856,A,72,0,◎-○軸 3着3〜4艇流し（10〜15点）,0.5777,"{'is_target': True, 'verdict': '点数絞り', 'max_combo_prob': 0.0993, 'est_top_odds': 13.4, 'circle_concentration': 82.0, 'eligible_count': 8, 'bet_adj': 0, 'reason': 'rel_win1=47.3%（本命度） / 最有力組み合わせ確率: 0.099（推定実オッズ?13倍） / 2着集中度: 上位2艇 82.0%（補正+0.04） / 総合判定確率: 0.139 / → ヒモはやや固め。上位2艇以外を切ること', 'tenji_trigger': '展示確認: 1号艇伸び良→そのまま採用。悪→飛び組に差し替え。circle_pct上位2艇に絞り込むこと。'}",,,30.5,逃げ狙い,18.4,35,2,,,,,,,,,,,
2025-12-06,丸亀,2,5,吉田宗弘,B1,19.23,5,,4.6091,6.4,33,17.4,0.222,4.3768,,,0,低,210,0,-,253,0,27.2,0.766,,,,,,0.0615,0.5385,0.1462,,,E,,,0.1711,0.5345,,0.3856,A,72,0,◎-○軸 3着3〜4艇流し（10〜15点）,0.5777,"{'is_target': True, 'verdict': '点数絞り', 'max_combo_prob': 0.0993, 'est_top_odds': 13.4, 'circle_concentration': 82.0, 'eligible_count': 8, 'bet_adj': 0, 'reason': 'rel_win1=47.3%（本命度） / 最有力組み合わせ確率: 0.099（推定実オッズ?13倍） / 2着集中度: 上位2艇 82.0%（補正+0.04） / 総合判定確率: 0.139 / → ヒモはやや固め。上位2艇以外を切ること', 'tenji_trigger': '展示確認: 1号艇伸び良→そのまま採用。悪→飛び組に差し替え。circle_pct上位2艇に絞り込むこと。'}",,,30.5,逃げ狙い,18.4,35,2,,,,,,,,,,,
2025-12-06,丸亀,2,6,上田隆章,B1,37.25,6,△,1.2539,0.3,50,16.1,0.2268,5.1696,,,0,低,192,0,-,6 52,0,27.2,2.8031,,,,,,0.3,0.22,0.1,,,A,△,,0.1711,0.5515,,0.3856,A,72,0,◎-○軸 3着3〜4艇流し（10〜15点）,0.5777,"{'is_target': True, 'verdict': '点数絞り', 'max_combo_prob': 0.0993, 'est_top_odds': 13.4, 'circle_concentration': 82.0, 'eligible_count': 8, 'bet_adj': 0, 'reason': 'rel_win1=47.3%（本命度） / 最有力組み合わせ確率: 0.099（推定実オッズ?13倍） / 2着集中度: 上位2艇 82.0%（補正+0.04） / 総合判定確率: 0.139 / → ヒモはやや固め。上位2艇以外を切ること', 'tenji_trigger': '展示確認: 1号艇伸び良→そのまま採用。悪→飛び組に差し替え。circle_pct上位2艇に絞り込むこと。'}",,,30.5,逃げ狙い,18.4,35,2,,,,,,,,,,,
2025-12-06,丸亀,3,1,山谷　央,B1,42.11,1,◎,52.3613,,0,83,0.144,2.8298,,,0,低,90,0,逃0%,3 4,0,85,1.0591,0.4348,,,,,0.3443,0.1548,0.0348,○,,B,△,,,0.639,,0.4481,A,69,0,◎-○軸 3着3〜4艇流し（10〜15点）,0.5777,"{'is_target': True, 'verdict': '参加推奨', 'max_combo_prob': 0.0748, 'est_top_odds': 17.8, 'circle_concentration': 63.0, 'eligible_count': 8, 'bet_adj': 2, 'reason': 'rel_win1=52.4%（本命度） / 最有力組み合わせ確率: 0.075（推定実オッズ?18倍） / 2着集中度: 上位2艇 63.0%（補正+0.00） / 総合判定確率: 0.075 / → ヒモ分散。1号艇1着固定で広めのヒモ流し推奨（買い目+2点）', 'tenji_trigger': '展示確認: ヒモ分散レース。1号艇伸び確認後、広めのヒモ流しを採用。穴ヒモ（5・6号艇）を積極的に含める。'}",,,30.1,逃げ狙い,16.25,35.7,4,,,,,0,0,0.6155,0,,主役軸流し,B
2025-12-06,丸亀,3,2,下田哲也,B1,51.72,2,▲,9.608,37.1,83,58.1,0.1685,3.6371,,,0,低,104,0,-,232,0,56.2,1.2217,0,0,0.0526,0,0,0.3333,0.1667,0.25,,,A,,,0.1128,0.615,,0.4481,A,69,0,◎-○軸 3着3〜4艇流し（10〜15点）,0.5777,"{'is_target': True, 'verdict': '参加推奨', 'max_combo_prob': 0.0748, 'est_top_odds': 17.8, 'circle_concentration': 63.0, 'eligible_count': 8, 'bet_adj': 2, 'reason': 'rel_win1=52.4%（本命度） / 最有力組み合わせ確率: 0.075（推定実オッズ?18倍） / 2着集中度: 上位2艇 63.0%（補正+0.00） / 総合判定確率: 0.075 / → ヒモ分散。1号艇1着固定で広めのヒモ流し推奨（買い目+2点）', 'tenji_trigger': '展示確認: ヒモ分散レース。1号艇伸び確認後、広めのヒモ流しを採用。穴ヒモ（5・6号艇）を積極的に含める。'}",,,30.1,逃げ狙い,16.25,35.7,4,,,,,,,,,,,
2025-12-06,丸亀,3,3,藤生雄人,A2,35.19,3,△,9.0562,25.8,49,61.1,0.17,3.5278,,,0,低,117,0,差0% ま0%,6224,0,83,1.0679,0,0.0455,0.0455,0,0,0.019,0.0762,0.019,,,C,△,,0.1923,0.6185,,0.4481,A,69,0,◎-○軸 3着3〜4艇流し（10〜15点）,0.5777,"{'is_target': True, 'verdict': '参加推奨', 'max_combo_prob': 0.0748, 'est_top_odds': 17.8, 'circle_concentration': 63.0, 'eligible_count': 8, 'bet_adj': 2, 'reason': 'rel_win1=52.4%（本命度） / 最有力組み合わせ確率: 0.075（推定実オッズ?18倍） / 2着集中度: 上位2艇 63.0%（補正+0.00） / 総合判定確率: 0.075 / → ヒモ分散。1号艇1着固定で広めのヒモ流し推奨（買い目+2点）', 'tenji_trigger': '展示確認: ヒモ分散レース。1号艇伸び確認後、広めのヒモ流しを採用。穴ヒモ（5・6号艇）を積極的に含める。'}",,,30.1,逃げ狙い,16.25,35.7,4,,,,,,,,,,,
2025-12-06,丸亀,3,4,井上一輝,A1,45.45,4,○,20.5369,22,100,71.9,0.1259,2.5781,,,0,低,55,0,ま0%,42S3,0,73.7,1.3289,0,0.037,0.2593,0.037,0,0.025,0.025,0.025,,◎,B,◎,◎,0.4429,0.691,0.4448,0.4481,A,69,0,◎-○軸 3着3〜4艇流し（10〜15点）,0.5777,"{'is_target': True, 'verdict': '参加推奨', 'max_combo_prob': 0.0748, 'est_top_odds': 17.8, 'circle_concentration': 63.0, 'eligible_count': 8, 'bet_adj': 2, 'reason': 'rel_win1=52.4%（本命度） / 最有力組み合わせ確率: 0.075（推定実オッズ?18倍） / 2着集中度: 上位2艇 63.0%（補正+0.00） / 総合判定確率: 0.075 / → ヒモ分散。1号艇1着固定で広めのヒモ流し推奨（買い目+2点）', 'tenji_trigger': '展示確認: ヒモ分散レース。1号艇伸び確認後、広めのヒモ流しを採用。穴ヒモ（5・6号艇）を積極的に含める。'}",,,30.1,逃げ狙い,16.25,35.7,4,,,,,,,,,,,
2025-12-06,丸亀,3,5,山地正樹,B1,15.69,5,,7.3816,8.5,55,33.3,0.1467,3.1667,,,0,低,88,1,-,545,0,47.3,1.0667,,,,,,0.2091,0.1545,0.1364,,,E,○,,0.3201,0.642,,0.4481,A,69,0,◎-○軸 3着3〜4艇流し（10〜15点）,0.5777,"{'is_target': True, 'verdict': '参加推奨', 'max_combo_prob': 0.0748, 'est_top_odds': 17.8, 'circle_concentration': 63.0, 'eligible_count': 8, 'bet_adj': 2, 'reason': 'rel_win1=52.4%（本命度） / 最有力組み合わせ確率: 0.075（推定実オッズ?18倍） / 2着集中度: 上位2艇 63.0%（補正+0.00） / 総合判定確率: 0.075 / → ヒモ分散。1号艇1着固定で広めのヒモ流し推奨（買い目+2点）', 'tenji_trigger': '展示確認: ヒモ分散レース。1号艇伸び確認後、広めのヒモ流しを採用。穴ヒモ（5・6号艇）を積極的に含める。'}",,,30.1,逃げ狙い,16.25,35.7,4,,,,,,,,,,,
2025-12-06,丸亀,3,6,木下雄介,A2,22.64,6,,1.0559,6.5,56,39.5,0.1735,3.8256,,,0,低,69,0,-,611,0,31.4,1.5144,,,,,,0,0.3169,0.0462,,,E,,,0.2394,0.612,,0.4481,A,69,0,◎-○軸 3着3〜4艇流し（10〜15点）,0.5777,"{'is_target': True, 'verdict': '参加推奨', 'max_combo_prob': 0.0748, 'est_top_odds': 17.8, 'circle_concentration': 63.0, 'eligible_count': 8, 'bet_adj': 2, 'reason': 'rel_win1=52.4%（本命度） / 最有力組み合わせ確率: 0.075（推定実オッズ?18倍） / 2着集中度: 上位2艇 63.0%（補正+0.00） / 総合判定確率: 0.075 / → ヒモ分散。1号艇1着固定で広めのヒモ流し推奨（買い目+2点）', 'tenji_trigger': '展示確認: ヒモ分散レース。1号艇伸び確認後、広めのヒモ流しを採用。穴ヒモ（5・6号艇）を積極的に含める。'}",,,30.1,逃げ狙い,16.25,35.7,4,,,,,,,,,,,
2025-12-06,丸亀,4,1,早川尚人,B1,40.35,1,◎,44.7827,,0,71.7,0.1675,3.5377,,,0,低,158,0,逃0%,5 55,0,68.8,0.9131,0.2857,,,,,0.4743,0.1771,0.0952,△,,A,,,,0.5805,,0.2952,B,53,0,◎○△フォーメーション（15〜20点）,0.5777,"{'is_target': False, 'verdict': '対象外', 'max_combo_prob': None, 'est_top_odds': None, 'circle_concentration': None, 'eligible_count': 0, 'bet_adj': 0, 'reason': '1号艇rel_win1 < 45%: 通常判定に委ねる', 'tenji_trigger': ''}",,,34.2,両建て推奨,21.24,42.9,2,2-1-3|2-1-4|1-2-6|1-2-3|1-3-2|1-3-6|1-4-2,5-1-6|2-1-3|5-6-1|6-1-3|6-1-4|2-1-4|6-3-1|1-2-6|1-2-3|1-3-2|1-3-6|1-4-2,2-1-3:3.49%|2-1-4:1.63%|1-2-6:8.11%|1-2-3:7.17%|1-3-2:5.86%|1-3-6:5.45%|1-4-2:2.65%,2-1-3:B_main|2-1-4:B_main|1-2-6:A|1-2-3:A|1-3-2:A|1-3-6:A|1-4-2:A,7,12,0.4535,1,[!]見送り推奨（主役決まり手「差し」― 逃げ劣勢レースで的中実績なし）,荒れ広め,D
2025-12-06,丸亀,4,2,濱本優一,A2,39.62,2,○,22.8278,48.1,91,74.6,0.1497,2.9403,,,0,低,141,0,-,2213,0,65.5,1.1507,0,0.1724,0,0,0.069,0.0429,0.1629,0,,◎,B,△,,0.5893,0.61,,0.2952,B,53,0,◎○△フォーメーション（15〜20点）,0.5777,"{'is_target': False, 'verdict': '対象外', 'max_combo_prob': None, 'est_top_odds': None, 'circle_concentration': None, 'eligible_count': 0, 'bet_adj': 0, 'reason': '1号艇rel_win1 < 45%: 通常判定に委ねる', 'tenji_trigger': ''}",,,34.2,両建て推奨,21.24,42.9,2,,,,,,,,,,,
2025-12-06,丸亀,4,3,吉川昭男,A2,14.63,3,▲,19.5943,32.3,59,65.3,0.1596,3.44,,,0,低,79,0,-,641,0,42.1,0.7558,0,0.025,0.125,0.05,0.025,0.1771,0.2257,0.0343,,○,E,◎,,0.3848,0.667,,0.2952,B,53,0,◎○△フォーメーション（15〜20点）,0.5777,"{'is_target': False, 'verdict': '対象外', 'max_combo_prob': None, 'est_top_odds': None, 'circle_concentration': None, 'eligible_count': 0, 'bet_adj': 0, 'reason': '1号艇rel_win1 < 45%: 通常判定に委ねる', 'tenji_trigger': ''}",,,34.2,両建て推奨,21.24,42.9,2,,,,,,,,,,,
2025-12-06,丸亀,4,4,常盤海心,B1,32.14,4,,4.4099,9.2,100,39.5,0.2026,4.2442,,,0,低,136,0,-,3 13,0,16.2,0.5449,,,,,,0.0667,0.6,0.2667,,,C,△,,0.2009,0.592,,0.2952,B,53,0,◎○△フォーメーション（15〜20点）,0.5777,"{'is_target': False, 'verdict': '対象外', 'max_combo_prob': None, 'est_top_odds': None, 'circle_concentration': None, 'eligible_count': 0, 'bet_adj': 0, 'reason': '1号艇rel_win1 < 45%: 通常判定に委ねる', 'tenji_trigger': ''}",,,34.2,両建て推奨,21.24,42.9,2,,,,,,,,,,,
2025-12-06,丸亀,4,5,前原　哉,B1,24.53,5,,5.1011,4.8,55,18.2,0.2203,4.7121,,,0,低,107,0,-,4 46,0,34.5,1.0005,,,,,,0,0.4286,0.1429,,,D,,,0.1686,0.5705,,0.2952,B,53,0,◎○△フォーメーション（15〜20点）,0.5777,"{'is_target': False, 'verdict': '対象外', 'max_combo_prob': None, 'est_top_odds': None, 'circle_concentration': None, 'eligible_count': 0, 'bet_adj': 0, 'reason': '1号艇rel_win1 < 45%: 通常判定に委ねる', 'tenji_trigger': ''}",,,34.2,両建て推奨,21.24,42.9,2,,,,,,,,,,,
2025-12-06,丸亀,4,6,田中辰彦,A1,36.36,6,△,3.2842,5.5,91,39.7,0.1816,4.5238,,,0,低,117,0,-,1421,0,84.5,1.5167,,,,,,0.0114,0.2229,0.0571,,,C,○,,0.2917,0.662,,0.2952,B,53,0,◎○△フォーメーション（15〜20点）,0.5777,"{'is_target': False, 'verdict': '対象外', 'max_combo_prob': None, 'est_top_odds': None, 'circle_concentration': None, 'eligible_count': 0, 'bet_adj': 0, 'reason': '1号艇rel_win1 < 45%: 通常判定に委ねる', 'tenji_trigger': ''}",,,34.2,両建て推奨,21.24,42.9,2,,,,,,,,,,,
2025-12-06,丸亀,5,1,竹井奈美,B2,30.19,1,◎,55.1338,,0,100,0.154,3.475,,,0,低,30,0,逃1%,332,0,83.1,1.2451,0.9333,,,,,0,0.0667,0,◎,,C,○,,,0.6455,,0.4916,S,92,0,◎1着固定 2-3着流し（5〜8点）,0.5777,"{'is_target': True, 'verdict': '点数絞り', 'max_combo_prob': 0.0864, 'est_top_odds': 15.4, 'circle_concentration': 70.9, 'eligible_count': 6, 'bet_adj': 0, 'reason': 'rel_win1=55.1%（本命度） / 最有力組み合わせ確率: 0.086（推定実オッズ?15倍） / 2着集中度: 上位2艇 70.9%（補正+0.04） / 総合判定確率: 0.126 / → ヒモはやや固め。上位2艇以外を切ること', 'tenji_trigger': '展示確認: 1号艇伸び良→そのまま採用。悪→飛び組に差し替え。circle_pct上位2艇に絞り込むこと。'}",,,26.6,逃げ狙い,17.97,24,4,,,,,0,0,0.7559,0,,逃げ軸流し,A
2025-12-06,丸亀,5,2,品川二千,A2,41.07,2,○,10.455,47.5,100,66,0.1821,3.8936,,,0,低,103,0,-,6 33,0,100,1.0528,,,,,,0.1681,0.1188,0.0348,,,A,,,0.0775,0.605,,0.4916,S,92,0,◎1着固定 2-3着流し（5〜8点）,0.5777,"{'is_target': True, 'verdict': '点数絞り', 'max_combo_prob': 0.0864, 'est_top_odds': 15.4, 'circle_concentration': 70.9, 'eligible_count': 6, 'bet_adj': 0, 'reason': 'rel_win1=55.1%（本命度） / 最有力組み合わせ確率: 0.086（推定実オッズ?15倍） / 2着集中度: 上位2艇 70.9%（補正+0.04） / 総合判定確率: 0.126 / → ヒモはやや固め。上位2艇以外を切ること', 'tenji_trigger': '展示確認: 1号艇伸び良→そのまま採用。悪→飛び組に差し替え。circle_pct上位2艇に絞り込むこと。'}",,,26.6,逃げ狙い,17.97,24,4,,,,,,,,,,,
2025-12-06,丸亀,5,3,松本浩貴,B1,17.39,3,,6.2888,15.3,71,40.6,0.1853,4.2344,,,0,低,171,0,-,5 5,0,38.4,1.1717,0,0.0303,0.0303,0.0303,0,0.0522,0.3617,0.3791,,,E,,,0.1256,0.599,,0.4916,S,92,0,◎1着固定 2-3着流し（5〜8点）,0.5777,"{'is_target': True, 'verdict': '点数絞り', 'max_combo_prob': 0.0864, 'est_top_odds': 15.4, 'circle_concentration': 70.9, 'eligible_count': 6, 'bet_adj': 0, 'reason': 'rel_win1=55.1%（本命度） / 最有力組み合わせ確率: 0.086（推定実オッズ?15倍） / 2着集中度: 上位2艇 70.9%（補正+0.04） / 総合判定確率: 0.126 / → ヒモはやや固め。上位2艇以外を切ること', 'tenji_trigger': '展示確認: 1号艇伸び良→そのまま採用。悪→飛び組に差し替え。circle_pct上位2艇に絞り込むこと。'}",,,26.6,逃げ狙い,17.97,24,4,,,,,,,,,,,
2025-12-06,丸亀,5,4,中岡正彦,A1,29.82,4,▲,18.9223,23.4,93,68.8,0.1175,2.2604,,,0,低,42,0,ま0%,1111,0,48.6,1.1332,0,0,0.2609,0,0,0.1103,0,0.0588,,◎,C,◎,◎,0.4989,0.649,0.4375,0.4916,S,92,0,◎1着固定 2-3着流し（5〜8点）,0.5777,"{'is_target': True, 'verdict': '点数絞り', 'max_combo_prob': 0.0864, 'est_top_odds': 15.4, 'circle_concentration': 70.9, 'eligible_count': 6, 'bet_adj': 0, 'reason': 'rel_win1=55.1%（本命度） / 最有力組み合わせ確率: 0.086（推定実オッズ?15倍） / 2着集中度: 上位2艇 70.9%（補正+0.04） / 総合判定確率: 0.126 / → ヒモはやや固め。上位2艇以外を切ること', 'tenji_trigger': '展示確認: 1号艇伸び良→そのまま採用。悪→飛び組に差し替え。circle_pct上位2艇に絞り込むこと。'}",,,26.6,逃げ狙い,17.97,24,4,,,,,,,,,,,
2025-12-06,丸亀,5,5,外崎　悟,A2,17.02,5,,7.1073,10.5,80,52,0.145,2.72,,,0,低,91,0,-,1 34,0,37,2.2114,0,0,0,0.1176,0,0,0.219,0.0333,,,E,△,,0.3226,0.6445,,0.4916,S,92,0,◎1着固定 2-3着流し（5〜8点）,0.5777,"{'is_target': True, 'verdict': '点数絞り', 'max_combo_prob': 0.0864, 'est_top_odds': 15.4, 'circle_concentration': 70.9, 'eligible_count': 6, 'bet_adj': 0, 'reason': 'rel_win1=55.1%（本命度） / 最有力組み合わせ確率: 0.086（推定実オッズ?15倍） / 2着集中度: 上位2艇 70.9%（補正+0.04） / 総合判定確率: 0.126 / → ヒモはやや固め。上位2艇以外を切ること', 'tenji_trigger': '展示確認: 1号艇伸び良→そのまま採用。悪→飛び組に差し替え。circle_pct上位2艇に絞り込むこと。'}",,,26.6,逃げ狙い,17.97,24,4,,,,,,,,,,,
2025-12-06,丸亀,5,6,服部　剛,B1,30.51,6,△,2.0927,3.3,38,20.8,0.2131,4.7917,,,0,低,197,0,差ま0%,5 25,0,27.8,0.9481,0,0,0,0.0435,0,0.2196,0.3065,0.0348,,,B,△,,0.1076,0.6415,,0.4916,S,92,0,◎1着固定 2-3着流し（5〜8点）,0.5777,"{'is_target': True, 'verdict': '点数絞り', 'max_combo_prob': 0.0864, 'est_top_odds': 15.4, 'circle_concentration': 70.9, 'eligible_count': 6, 'bet_adj': 0, 'reason': 'rel_win1=55.1%（本命度） / 最有力組み合わせ確率: 0.086（推定実オッズ?15倍） / 2着集中度: 上位2艇 70.9%（補正+0.04） / 総合判定確率: 0.126 / → ヒモはやや固め。上位2艇以外を切ること', 'tenji_trigger': '展示確認: 1号艇伸び良→そのまま採用。悪→飛び組に差し替え。circle_pct上位2艇に絞り込むこと。'}",,,26.6,逃げ狙い,17.97,24,4,,,,,,,,,,,
2025-12-06,丸亀,6,1,麻生慎介,A2,26.23,1,◎,59.4308,,0,86.1,0.1578,2.8198,,,0,低,66,0,逃0%,1434,0,90.8,1.3262,0.5952,,,,,0.0381,0.4362,0.0381,◎,,D,◎,,,0.661,,0.5696,S,100,0,◎1着固定 2-3着流し（5〜8点）,0.5777,"{'is_target': True, 'verdict': '参加推奨', 'max_combo_prob': 0.0578, 'est_top_odds': 23.1, 'circle_concentration': 52.3, 'eligible_count': 6, 'bet_adj': 2, 'reason': 'rel_win1=59.4%（本命度） / 最有力組み合わせ確率: 0.058（推定実オッズ?23倍） / 2着集中度: 上位2艇 52.3%（補正-0.04） / 総合判定確率: 0.018 / → ヒモ分散。1号艇1着固定で広めのヒモ流し推奨（買い目+2点）', 'tenji_trigger': '展示確認: ヒモ分散レース。1号艇伸び確認後、広めのヒモ流しを採用。穴ヒモ（5・6号艇）を積極的に含める。'}",,,28.5,逃げ狙い,12.91,33.9,3,,,,,0,0,0.7559,0,,逃げ軸流し,A
2025-12-06,丸亀,6,2,吉田宗弘,B1,19.23,2,,7.9895,27.4,100,42.6,0.2025,4.4344,,,0,低,210,0,-,253,0,20.5,0.7384,0,0.04,0,0,0,0.0615,0.5385,0.1462,,,E,,,0.0631,0.5345,,0.5696,S,100,0,◎1着固定 2-3着流し（5〜8点）,0.5777,"{'is_target': True, 'verdict': '参加推奨', 'max_combo_prob': 0.0578, 'est_top_odds': 23.1, 'circle_concentration': 52.3, 'eligible_count': 6, 'bet_adj': 2, 'reason': 'rel_win1=59.4%（本命度） / 最有力組み合わせ確率: 0.058（推定実オッズ?23倍） / 2着集中度: 上位2艇 52.3%（補正-0.04） / 総合判定確率: 0.018 / → ヒモ分散。1号艇1着固定で広めのヒモ流し推奨（買い目+2点）', 'tenji_trigger': '展示確認: ヒモ分散レース。1号艇伸び確認後、広めのヒモ流しを採用。穴ヒモ（5・6号艇）を積極的に含める。'}",,,28.5,逃げ狙い,12.91,33.9,3,,,,,,,,,,,
2025-12-06,丸亀,6,3,金田幸子,A2,36.84,3,△,10.4177,25,83,60.9,0.1835,3.5,,,0,低,50,0,-,2265,0,63,1.1325,,,,,,0.2,0.0667,0.2,,,C,○,,0.2264,0.636,,0.5696,S,100,0,◎1着固定 2-3着流し（5〜8点）,0.5777,"{'is_target': True, 'verdict': '参加推奨', 'max_combo_prob': 0.0578, 'est_top_odds': 23.1, 'circle_concentration': 52.3, 'eligible_count': 6, 'bet_adj': 2, 'reason': 'rel_win1=59.4%（本命度） / 最有力組み合わせ確率: 0.058（推定実オッズ?23倍） / 2着集中度: 上位2艇 52.3%（補正-0.04） / 総合判定確率: 0.018 / → ヒモ分散。1号艇1着固定で広めのヒモ流し推奨（買い目+2点）', 'tenji_trigger': '展示確認: ヒモ分散レース。1号艇伸び確認後、広めのヒモ流しを採用。穴ヒモ（5・6号艇）を積極的に含める。'}",,,28.5,逃げ狙い,12.91,33.9,3,,,,,,,,,,,
2025-12-06,丸亀,6,4,中里昌志,B1,21.31,4,,4.7431,12.7,56,37.9,0.1652,3.5303,,,0,低,140,0,-,465,0,51.1,1.096,0,0,0.0357,0,0,0.3162,0.2152,0.1962,,,E,△,,0.3181,0.604,,0.5696,S,100,0,◎1着固定 2-3着流し（5〜8点）,0.5777,"{'is_target': True, 'verdict': '参加推奨', 'max_combo_prob': 0.0578, 'est_top_odds': 23.1, 'circle_concentration': 52.3, 'eligible_count': 6, 'bet_adj': 2, 'reason': 'rel_win1=59.4%（本命度） / 最有力組み合わせ確率: 0.058（推定実オッズ?23倍） / 2着集中度: 上位2艇 52.3%（補正-0.04） / 総合判定確率: 0.018 / → ヒモ分散。1号艇1着固定で広めのヒモ流し推奨（買い目+2点）', 'tenji_trigger': '展示確認: ヒモ分散レース。1号艇伸び確認後、広めのヒモ流しを採用。穴ヒモ（5・6号艇）を積極的に含める。'}",,,28.5,逃げ狙い,12.91,33.9,3,,,,,,,,,,,
2025-12-06,丸亀,6,5,澤　大介,B1,44.64,5,▲,9.4805,20.9,34,37.3,0.1636,3.2797,,,0,低,129,0,差ま0%,345,0,42.3,1.2983,0,0,0,0.0417,0,0.46,0.28,0.04,,,B,△,○,0.331,0.5755,0.2301,0.5696,S,100,0,◎1着固定 2-3着流し（5〜8点）,0.5777,"{'is_target': True, 'verdict': '参加推奨', 'max_combo_prob': 0.0578, 'est_top_odds': 23.1, 'circle_concentration': 52.3, 'eligible_count': 6, 'bet_adj': 2, 'reason': 'rel_win1=59.4%（本命度） / 最有力組み合わせ確率: 0.058（推定実オッズ?23倍） / 2着集中度: 上位2艇 52.3%（補正-0.04） / 総合判定確率: 0.018 / → ヒモ分散。1号艇1着固定で広めのヒモ流し推奨（買い目+2点）', 'tenji_trigger': '展示確認: ヒモ分散レース。1号艇伸び確認後、広めのヒモ流しを採用。穴ヒモ（5・6号艇）を積極的に含める。'}",,,28.5,逃げ狙い,12.91,33.9,3,,,,,,,,,,,
2025-12-06,丸亀,6,6,金子拓矢,A1,55.36,6,○,7.9384,14.1,67,61.4,0.1528,3.4035,,,0,低,69,0,ま0% 差ま0% 抜0%,1311,0,100,2.6197,0,0,0.0345,0.0345,0.0345,0.0105,0.1516,0.0705,,,A,◎,◎,0.3681,0.661,0.3287,0.5696,S,100,0,◎1着固定 2-3着流し（5〜8点）,0.5777,"{'is_target': True, 'verdict': '参加推奨', 'max_combo_prob': 0.0578, 'est_top_odds': 23.1, 'circle_concentration': 52.3, 'eligible_count': 6, 'bet_adj': 2, 'reason': 'rel_win1=59.4%（本命度） / 最有力組み合わせ確率: 0.058（推定実オッズ?23倍） / 2着集中度: 上位2艇 52.3%（補正-0.04） / 総合判定確率: 0.018 / → ヒモ分散。1号艇1着固定で広めのヒモ流し推奨（買い目+2点）', 'tenji_trigger': '展示確認: ヒモ分散レース。1号艇伸び確認後、広めのヒモ流しを採用。穴ヒモ（5・6号艇）を積極的に含める。'}",,,28.5,逃げ狙い,12.91,33.9,3,,,,,,,,,,,
2025-12-06,丸亀,7,1,坪口竜也,A2,21.43,1,◎,54.919,,0,92.5,0.1363,2.7388,,,0,低,84,0,逃1%,5245,0,88.9,1.1532,0.8333,,,,,0,0.0667,0.0333,◎,,D,◎,,,0.6815,,0.6243,S,81,0,◎1着固定 2-3着流し（5〜8点）,0.5777,"{'is_target': True, 'verdict': '参加推奨', 'max_combo_prob': 0.0716, 'est_top_odds': 18.6, 'circle_concentration': 69.0, 'eligible_count': 6, 'bet_adj': 2, 'reason': 'rel_win1=54.9%（本命度） / 最有力組み合わせ確率: 0.072（推定実オッズ?19倍） / 2着集中度: 上位2艇 69.0%（補正+0.00） / 総合判定確率: 0.072 / → ヒモ分散。1号艇1着固定で広めのヒモ流し推奨（買い目+2点）', 'tenji_trigger': '展示確認: ヒモ分散レース。1号艇伸び確認後、広めのヒモ流しを採用。穴ヒモ（5・6号艇）を積極的に含める。\n展示で1号艇スタート超安定(0.136秒)→ヒモ固まり方向に注意'}",,,27.9,逃げ狙い,23.22,23.3,3,,,,,0,0,0.7559,0,,逃げ軸流し,A
2025-12-06,丸亀,7,2,深水慎一,B1,26.42,2,○,12.8538,34.2,100,63.6,0.1878,3.8909,,,0,低,116,0,差0%,454,0,42.6,1.034,0,0.125,0,0,0,0.1685,0.2404,0.1547,,,B,△,,0.0784,0.6455,,0.6243,S,81,0,◎1着固定 2-3着流し（5〜8点）,0.5777,"{'is_target': True, 'verdict': '参加推奨', 'max_combo_prob': 0.0716, 'est_top_odds': 18.6, 'circle_concentration': 69.0, 'eligible_count': 6, 'bet_adj': 2, 'reason': 'rel_win1=54.9%（本命度） / 最有力組み合わせ確率: 0.072（推定実オッズ?19倍） / 2着集中度: 上位2艇 69.0%（補正+0.00） / 総合判定確率: 0.072 / → ヒモ分散。1号艇1着固定で広めのヒモ流し推奨（買い目+2点）', 'tenji_trigger': '展示確認: ヒモ分散レース。1号艇伸び確認後、広めのヒモ流しを採用。穴ヒモ（5・6号艇）を積極的に含める。\n展示で1号艇スタート超安定(0.136秒)→ヒモ固まり方向に注意'}",,,27.9,逃げ狙い,23.22,23.3,3,,,,,,,,,,,
2025-12-06,丸亀,7,3,木下雄介,A2,22.64,3,▲,18.2927,34.8,65,67.5,0.1423,2.65,,,0,低,69,0,差0% 差ま0% 抜0%,611,0,71.1,1.4508,0,0.0952,0,0.0476,0.0476,0,0.3169,0.0462,,,C,△,,0.2638,0.612,,0.6243,S,81,0,◎1着固定 2-3着流し（5〜8点）,0.5777,"{'is_target': True, 'verdict': '参加推奨', 'max_combo_prob': 0.0716, 'est_top_odds': 18.6, 'circle_concentration': 69.0, 'eligible_count': 6, 'bet_adj': 2, 'reason': 'rel_win1=54.9%（本命度） / 最有力組み合わせ確率: 0.072（推定実オッズ?19倍） / 2着集中度: 上位2艇 69.0%（補正+0.00） / 総合判定確率: 0.072 / → ヒモ分散。1号艇1着固定で広めのヒモ流し推奨（買い目+2点）', 'tenji_trigger': '展示確認: ヒモ分散レース。1号艇伸び確認後、広めのヒモ流しを採用。穴ヒモ（5・6号艇）を積極的に含める。\n展示で1号艇スタート超安定(0.136秒)→ヒモ固まり方向に注意'}",,,27.9,逃げ狙い,23.22,23.3,3,,,,,,,,,,,
2025-12-06,丸亀,7,4,平山智加,A1,18.37,4,,10.3715,25.6,78,72.7,0.1382,3.1136,,,0,低,46,0,-,1566,0,44.6,0.9336,0,0.125,0.125,0,0,0,0.1818,0.1818,,,E,○,,0.3071,0.651,,0.6243,S,81,0,◎1着固定 2-3着流し（5〜8点）,0.5777,"{'is_target': True, 'verdict': '参加推奨', 'max_combo_prob': 0.0716, 'est_top_odds': 18.6, 'circle_concentration': 69.0, 'eligible_count': 6, 'bet_adj': 2, 'reason': 'rel_win1=54.9%（本命度） / 最有力組み合わせ確率: 0.072（推定実オッズ?19倍） / 2着集中度: 上位2艇 69.0%（補正+0.00） / 総合判定確率: 0.072 / → ヒモ分散。1号艇1着固定で広めのヒモ流し推奨（買い目+2点）', 'tenji_trigger': '展示確認: ヒモ分散レース。1号艇伸び確認後、広めのヒモ流しを採用。穴ヒモ（5・6号艇）を積極的に含める。\n展示で1号艇スタート超安定(0.136秒)→ヒモ固まり方向に注意'}",,,27.9,逃げ狙い,23.22,23.3,3,,,,,,,,,,,
2025-12-06,丸亀,7,5,増本杏珠,B1,21.82,5,,2.6294,5,69,28,0.188,4.12,,,0,低,74,0,-,4 62,0,36.8,0.829,,,,,,0.1667,0.5,0.1667,,,D,,,0.1452,0.5195,,0.6243,S,81,0,◎1着固定 2-3着流し（5〜8点）,0.5777,"{'is_target': True, 'verdict': '参加推奨', 'max_combo_prob': 0.0716, 'est_top_odds': 18.6, 'circle_concentration': 69.0, 'eligible_count': 6, 'bet_adj': 2, 'reason': 'rel_win1=54.9%（本命度） / 最有力組み合わせ確率: 0.072（推定実オッズ?19倍） / 2着集中度: 上位2艇 69.0%（補正+0.00） / 総合判定確率: 0.072 / → ヒモ分散。1号艇1着固定で広めのヒモ流し推奨（買い目+2点）', 'tenji_trigger': '展示確認: ヒモ分散レース。1号艇伸び確認後、広めのヒモ流しを採用。穴ヒモ（5・6号艇）を積極的に含める。\n展示で1号艇スタート超安定(0.136秒)→ヒモ固まり方向に注意'}",,,27.9,逃げ狙い,23.22,23.3,3,,,,,,,,,,,
2025-12-06,丸亀,7,6,宮城那菜,B2,25.00,6,△,0.9336,0.4,20,1.6,0.159,3.3175,,,0,低,29,0,-,6 K4,0,25.5,0.615,,,,,,,,,,,C,,,0.2378,0.4685,,0.6243,S,81,0,◎1着固定 2-3着流し（5〜8点）,0.5777,"{'is_target': True, 'verdict': '参加推奨', 'max_combo_prob': 0.0716, 'est_top_odds': 18.6, 'circle_concentration': 69.0, 'eligible_count': 6, 'bet_adj': 2, 'reason': 'rel_win1=54.9%（本命度） / 最有力組み合わせ確率: 0.072（推定実オッズ?19倍） / 2着集中度: 上位2艇 69.0%（補正+0.00） / 総合判定確率: 0.072 / → ヒモ分散。1号艇1着固定で広めのヒモ流し推奨（買い目+2点）', 'tenji_trigger': '展示確認: ヒモ分散レース。1号艇伸び確認後、広めのヒモ流しを採用。穴ヒモ（5・6号艇）を積極的に含める。\n展示で1号艇スタート超安定(0.136秒)→ヒモ固まり方向に注意'}",,,27.9,逃げ狙い,23.22,23.3,3,,,,,,,,,,,
2025-12-06,丸亀,8,1,榎　幸司,A1,22.22,1,◎,67.5435,,0,92.9,0.1595,3.4133,,,0,低,175,0,逃1%,3632,0,64,1.0334,0.75,,,,,0.0945,0.02,0.04,◎,,E,△,,,0.622,,0.5279,S,83,0,◎1着固定 2-3着流し（5〜8点）,0.5777,"{'is_target': True, 'verdict': '点数絞り', 'max_combo_prob': 0.0977, 'est_top_odds': 13.6, 'circle_concentration': 75.8, 'eligible_count': 6, 'bet_adj': 0, 'reason': 'rel_win1=67.5%（本命度） / 最有力組み合わせ確率: 0.098（推定実オッズ?14倍） / 2着集中度: 上位2艇 75.8%（補正+0.04） / 総合判定確率: 0.138 / → ヒモはやや固め。上位2艇以外を切ること', 'tenji_trigger': '展示確認: 1号艇伸び良→そのまま採用。悪→飛び組に差し替え。circle_pct上位2艇に絞り込むこと。'}",,,26,逃げ狙い,13.35,26.4,4,,,,,0,0,0.7559,0,,逃げ軸流し,A
2025-12-06,丸亀,8,2,前野竜一,A2,40.00,2,○,11.3977,47.3,89,67.2,0.159,3.2586,,,0,低,115,0,-,2336,0,30.2,0.8398,0,0.1071,0.0357,0,0.0714,0.0133,0.2267,0.1067,,◎,B,△,,0.341,0.5985,,0.5279,S,83,0,◎1着固定 2-3着流し（5〜8点）,0.5777,"{'is_target': True, 'verdict': '点数絞り', 'max_combo_prob': 0.0977, 'est_top_odds': 13.6, 'circle_concentration': 75.8, 'eligible_count': 6, 'bet_adj': 0, 'reason': 'rel_win1=67.5%（本命度） / 最有力組み合わせ確率: 0.098（推定実オッズ?14倍） / 2着集中度: 上位2艇 75.8%（補正+0.04） / 総合判定確率: 0.138 / → ヒモはやや固め。上位2艇以外を切ること', 'tenji_trigger': '展示確認: 1号艇伸び良→そのまま採用。悪→飛び組に差し替え。circle_pct上位2艇に絞り込むこと。'}",,,26,逃げ狙い,13.35,26.4,4,,,,,,,,,,,
2025-12-06,丸亀,8,3,山谷　央,B1,42.11,3,△,6.5786,12.3,100,46.6,0.1648,3.3793,,,0,低,90,0,-,3 4,0,25.7,0.8313,0,0,0,0.037,0,0.3443,0.1548,0.0348,,,A,◎,,0.2626,0.639,,0.5279,S,83,0,◎1着固定 2-3着流し（5〜8点）,0.5777,"{'is_target': True, 'verdict': '点数絞り', 'max_combo_prob': 0.0977, 'est_top_odds': 13.6, 'circle_concentration': 75.8, 'eligible_count': 6, 'bet_adj': 0, 'reason': 'rel_win1=67.5%（本命度） / 最有力組み合わせ確率: 0.098（推定実オッズ?14倍） / 2着集中度: 上位2艇 75.8%（補正+0.04） / 総合判定確率: 0.138 / → ヒモはやや固め。上位2艇以外を切ること', 'tenji_trigger': '展示確認: 1号艇伸び良→そのまま採用。悪→飛び組に差し替え。circle_pct上位2艇に絞り込むこと。'}",,,26,逃げ狙い,13.35,26.4,4,,,,,,,,,,,
2025-12-06,丸亀,8,4,吉島祥之,A2,33.33,4,▲,8.9492,28.5,93,58.2,0.1565,3.1203,,,0,低,154,0,-,3511,0,100,2.2581,0,0,0.1562,0,0,0.0114,0.1676,0.0229,,,C,,◎,0.3383,0.5955,0.3303,0.5279,S,83,0,◎1着固定 2-3着流し（5〜8点）,0.5777,"{'is_target': True, 'verdict': '点数絞り', 'max_combo_prob': 0.0977, 'est_top_odds': 13.6, 'circle_concentration': 75.8, 'eligible_count': 6, 'bet_adj': 0, 'reason': 'rel_win1=67.5%（本命度） / 最有力組み合わせ確率: 0.098（推定実オッズ?14倍） / 2着集中度: 上位2艇 75.8%（補正+0.04） / 総合判定確率: 0.138 / → ヒモはやや固め。上位2艇以外を切ること', 'tenji_trigger': '展示確認: 1号艇伸び良→そのまま採用。悪→飛び組に差し替え。circle_pct上位2艇に絞り込むこと。'}",,,26,逃げ狙い,13.35,26.4,4,,,,,,,,,,,
2025-12-06,丸亀,8,5,森下愛梨,B1,32.14,5,,4.5759,8.9,99,42.9,0.1993,3.9286,,,0,低,64,0,差ま0%,443,0,47.7,1.1914,0,0,0,0.0909,0,0,0.38,0,,,C,,,0.1678,0.537,,0.5279,S,83,0,◎1着固定 2-3着流し（5〜8点）,0.5777,"{'is_target': True, 'verdict': '点数絞り', 'max_combo_prob': 0.0977, 'est_top_odds': 13.6, 'circle_concentration': 75.8, 'eligible_count': 6, 'bet_adj': 0, 'reason': 'rel_win1=67.5%（本命度） / 最有力組み合わせ確率: 0.098（推定実オッズ?14倍） / 2着集中度: 上位2艇 75.8%（補正+0.04） / 総合判定確率: 0.138 / → ヒモはやや固め。上位2艇以外を切ること', 'tenji_trigger': '展示確認: 1号艇伸び良→そのまま採用。悪→飛び組に差し替え。circle_pct上位2艇に絞り込むこと。'}",,,26,逃げ狙い,13.35,26.4,4,,,,,,,,,,,
2025-12-06,丸亀,8,6,一宮稔弘,B1,22.95,6,,0.955,3,35,17.1,0.152,3.2429,,,0,低,40,0,-,164,0,29.2,0.8356,,,,,,0.0211,0.1921,0.1711,,,E,○,,0.339,0.6275,,0.5279,S,83,0,◎1着固定 2-3着流し（5〜8点）,0.5777,"{'is_target': True, 'verdict': '点数絞り', 'max_combo_prob': 0.0977, 'est_top_odds': 13.6, 'circle_concentration': 75.8, 'eligible_count': 6, 'bet_adj': 0, 'reason': 'rel_win1=67.5%（本命度） / 最有力組み合わせ確率: 0.098（推定実オッズ?14倍） / 2着集中度: 上位2艇 75.8%（補正+0.04） / 総合判定確率: 0.138 / → ヒモはやや固め。上位2艇以外を切ること', 'tenji_trigger': '展示確認: 1号艇伸び良→そのまま採用。悪→飛び組に差し替え。circle_pct上位2艇に絞り込むこと。'}",,,26,逃げ狙い,13.35,26.4,4,,,,,,,,,,,
2025-12-06,丸亀,9,1,吉川昭男,A2,14.63,1,◎,58.6378,,0,84,0.1468,3.24,,,0,低,79,0,逃1%,641,0,89,1.1579,0.6,,,,,0.1771,0.2257,0.0343,○,,E,○,,,0.667,,0.4491,A,78,0,◎-○軸 3着3〜4艇流し（10〜15点）,0.5777,"{'is_target': True, 'verdict': '点数絞り', 'max_combo_prob': 0.0882, 'est_top_odds': 15.1, 'circle_concentration': 85.9, 'eligible_count': 8, 'bet_adj': 0, 'reason': 'rel_win1=58.6%（本命度） / 最有力組み合わせ確率: 0.088（推定実オッズ?15倍） / 2着集中度: 上位2艇 85.9%（補正+0.04） / 総合判定確率: 0.128 / → ヒモはやや固め。上位2艇以外を切ること', 'tenji_trigger': '展示確認: 1号艇伸び良→そのまま採用。悪→飛び組に差し替え。circle_pct上位2艇に絞り込むこと。'}",,,28.5,逃げ狙い,14.87,32.2,3,,,,,0,0,0.6155,0,,逃げ軸流し,A
2025-12-06,丸亀,9,2,石川　諒,B1,46.43,2,▲,12.5376,44.1,100,68.4,0.1414,2.9561,,,0,低,71,0,差0% ま0% 抜0%,152,0,52.4,1.0971,0,0.0345,0.069,0,0.0345,0.0421,0.1278,0.1489,,○,A,△,,0.3911,0.6605,,0.4491,A,78,0,◎-○軸 3着3〜4艇流し（10〜15点）,0.5777,"{'is_target': True, 'verdict': '点数絞り', 'max_combo_prob': 0.0882, 'est_top_odds': 15.1, 'circle_concentration': 85.9, 'eligible_count': 8, 'bet_adj': 0, 'reason': 'rel_win1=58.6%（本命度） / 最有力組み合わせ確率: 0.088（推定実オッズ?15倍） / 2着集中度: 上位2艇 85.9%（補正+0.04） / 総合判定確率: 0.128 / → ヒモはやや固め。上位2艇以外を切ること', 'tenji_trigger': '展示確認: 1号艇伸び良→そのまま採用。悪→飛び組に差し替え。circle_pct上位2艇に絞り込むこと。'}",,,28.5,逃げ狙い,14.87,32.2,3,,,,,,,,,,,
2025-12-06,丸亀,9,3,井上一輝,A1,45.45,3,○,16.6703,41.8,62,69.6,0.1272,2.6159,,,0,低,55,0,-,42S3,0,39.3,0.999,0,0,0.1,0.0667,0.0667,0.025,0.025,0.025,,◎,B,◎,,0.4321,0.691,,0.4491,A,78,0,◎-○軸 3着3〜4艇流し（10〜15点）,0.5777,"{'is_target': True, 'verdict': '点数絞り', 'max_combo_prob': 0.0882, 'est_top_odds': 15.1, 'circle_concentration': 85.9, 'eligible_count': 8, 'bet_adj': 0, 'reason': 'rel_win1=58.6%（本命度） / 最有力組み合わせ確率: 0.088（推定実オッズ?15倍） / 2着集中度: 上位2艇 85.9%（補正+0.04） / 総合判定確率: 0.128 / → ヒモはやや固め。上位2艇以外を切ること', 'tenji_trigger': '展示確認: 1号艇伸び良→そのまま採用。悪→飛び組に差し替え。circle_pct上位2艇に絞り込むこと。'}",,,28.5,逃げ狙い,14.87,32.2,3,,,,,,,,,,,
2025-12-06,丸亀,9,4,赤池修平,B1,20.41,4,△,6.5476,6.8,43,29.2,0.1398,2.9896,,,0,低,135,0,ま0%,5 16,0,54.1,0.6866,0,0,0.1,0,0,0.0444,0.3111,0.3333,,,E,△,,0.3643,0.614,,0.4491,A,78,0,◎-○軸 3着3〜4艇流し（10〜15点）,0.5777,"{'is_target': True, 'verdict': '点数絞り', 'max_combo_prob': 0.0882, 'est_top_odds': 15.1, 'circle_concentration': 85.9, 'eligible_count': 8, 'bet_adj': 0, 'reason': 'rel_win1=58.6%（本命度） / 最有力組み合わせ確率: 0.088（推定実オッズ?15倍） / 2着集中度: 上位2艇 85.9%（補正+0.04） / 総合判定確率: 0.128 / → ヒモはやや固め。上位2艇以外を切ること', 'tenji_trigger': '展示確認: 1号艇伸び良→そのまま採用。悪→飛び組に差し替え。circle_pct上位2艇に絞り込むこと。'}",,,28.5,逃げ狙い,14.87,32.2,3,,,,,,,,,,,
2025-12-06,丸亀,9,5,渡邊哲也,B1,34.48,5,,2.3955,3.3,73,22.2,0.1964,3.6528,,,0,低,114,0,-,6 2,0,26.1,0.7712,,,,,,0.04,0.28,0.32,,,C,,,0.187,0.4815,,0.4491,A,78,0,◎-○軸 3着3〜4艇流し（10〜15点）,0.5777,"{'is_target': True, 'verdict': '点数絞り', 'max_combo_prob': 0.0882, 'est_top_odds': 15.1, 'circle_concentration': 85.9, 'eligible_count': 8, 'bet_adj': 0, 'reason': 'rel_win1=58.6%（本命度） / 最有力組み合わせ確率: 0.088（推定実オッズ?15倍） / 2着集中度: 上位2艇 85.9%（補正+0.04） / 総合判定確率: 0.128 / → ヒモはやや固め。上位2艇以外を切ること', 'tenji_trigger': '展示確認: 1号艇伸び良→そのまま採用。悪→飛び組に差し替え。circle_pct上位2艇に絞り込むこと。'}",,,28.5,逃げ狙い,14.87,32.2,3,,,,,,,,,,,
2025-12-06,丸亀,9,6,品川二千,A2,41.07,6,,3.2111,4,62,27.3,0.1834,4.0568,,,0,低,103,0,-,6 33,0,24.4,1.1583,,,,,,0.1681,0.1188,0.0348,,,B,,,0.2274,0.605,,0.4491,A,78,0,◎-○軸 3着3〜4艇流し（10〜15点）,0.5777,"{'is_target': True, 'verdict': '点数絞り', 'max_combo_prob': 0.0882, 'est_top_odds': 15.1, 'circle_concentration': 85.9, 'eligible_count': 8, 'bet_adj': 0, 'reason': 'rel_win1=58.6%（本命度） / 最有力組み合わせ確率: 0.088（推定実オッズ?15倍） / 2着集中度: 上位2艇 85.9%（補正+0.04） / 総合判定確率: 0.128 / → ヒモはやや固め。上位2艇以外を切ること', 'tenji_trigger': '展示確認: 1号艇伸び良→そのまま採用。悪→飛び組に差し替え。circle_pct上位2艇に絞り込むこと。'}",,,28.5,逃げ狙い,14.87,32.2,3,,,,,,,,,,,
2025-12-06,丸亀,10,1,外崎　悟,A2,17.02,1,◎,53.3637,,0,72.5,0.1551,2.7451,,,0,低,91,0,逃0%,1 34,0,63.8,0.9546,0.4167,,,,,0,0.219,0.0333,◎,,E,△,,,0.6445,,0.5024,A,61,0,◎-○軸 3着3〜4艇流し（10〜15点）,0.5777,"{'is_target': True, 'verdict': '参加推奨', 'max_combo_prob': 0.0751, 'est_top_odds': 17.7, 'circle_concentration': 82.3, 'eligible_count': 8, 'bet_adj': 2, 'reason': 'rel_win1=53.4%（本命度） / 最有力組み合わせ確率: 0.075（推定実オッズ?18倍） / 2着集中度: 上位2艇 82.3%（補正+0.04） / 総合判定確率: 0.115 / → ヒモ分散。1号艇1着固定で広めのヒモ流し推奨（買い目+2点）', 'tenji_trigger': '展示確認: ヒモ分散レース。1号艇伸び確認後、広めのヒモ流しを採用。穴ヒモ（5・6号艇）を積極的に含める。'}",,,29.4,両建て推奨,22.63,28,2,,,,,0,0,0.7559,0,,逃げ軸流し,A
2025-12-06,丸亀,10,2,田中辰彦,A1,36.36,2,▲,16.9583,42.8,79,70.8,0.168,3.5077,,,0,低,117,0,差0% ま0% 抜0%,1421,0,55.1,1.1817,0,0.25,0.0556,0,0.0278,0.0114,0.2229,0.0571,,,C,◎,,0.2259,0.662,,0.5024,A,61,0,◎-○軸 3着3〜4艇流し（10〜15点）,0.5777,"{'is_target': True, 'verdict': '参加推奨', 'max_combo_prob': 0.0751, 'est_top_odds': 17.7, 'circle_concentration': 82.3, 'eligible_count': 8, 'bet_adj': 2, 'reason': 'rel_win1=53.4%（本命度） / 最有力組み合わせ確率: 0.075（推定実オッズ?18倍） / 2着集中度: 上位2艇 82.3%（補正+0.04） / 総合判定確率: 0.115 / → ヒモ分散。1号艇1着固定で広めのヒモ流し推奨（買い目+2点）', 'tenji_trigger': '展示確認: ヒモ分散レース。1号艇伸び確認後、広めのヒモ流しを採用。穴ヒモ（5・6号艇）を積極的に含める。'}",,,29.4,両建て推奨,22.63,28,2,,,,,,,,,,,
2025-12-06,丸亀,10,3,金子拓矢,A1,55.36,3,○,19.3034,39.5,100,78.8,0.1437,3.1442,,,0,低,69,0,差0% ま0% 差ま0%,1311,0,75.8,1.609,0,0.0833,0.1667,0.0833,0,0.0105,0.1516,0.0705,,◎,A,○,,0.3896,0.661,,0.5024,A,61,0,◎-○軸 3着3〜4艇流し（10〜15点）,0.5777,"{'is_target': True, 'verdict': '参加推奨', 'max_combo_prob': 0.0751, 'est_top_odds': 17.7, 'circle_concentration': 82.3, 'eligible_count': 8, 'bet_adj': 2, 'reason': 'rel_win1=53.4%（本命度） / 最有力組み合わせ確率: 0.075（推定実オッズ?18倍） / 2着集中度: 上位2艇 82.3%（補正+0.04） / 総合判定確率: 0.115 / → ヒモ分散。1号艇1着固定で広めのヒモ流し推奨（買い目+2点）', 'tenji_trigger': '展示確認: ヒモ分散レース。1号艇伸び確認後、広めのヒモ流しを採用。穴ヒモ（5・6号艇）を積極的に含める。'}",,,29.4,両建て推奨,22.63,28,2,,,,,,,,,,,
2025-12-06,丸亀,10,4,中北将史,B1,26.56,4,,5.5724,7.8,78,29.5,0.1752,3.5246,,,0,低,132,0,-,2 42,0,24.7,0.6366,,,,,,0.4471,0.0941,0.0941,,,D,,,0.2637,0.6005,,0.5024,A,61,0,◎-○軸 3着3〜4艇流し（10〜15点）,0.5777,"{'is_target': True, 'verdict': '参加推奨', 'max_combo_prob': 0.0751, 'est_top_odds': 17.7, 'circle_concentration': 82.3, 'eligible_count': 8, 'bet_adj': 2, 'reason': 'rel_win1=53.4%（本命度） / 最有力組み合わせ確率: 0.075（推定実オッズ?18倍） / 2着集中度: 上位2艇 82.3%（補正+0.04） / 総合判定確率: 0.115 / → ヒモ分散。1号艇1着固定で広めのヒモ流し推奨（買い目+2点）', 'tenji_trigger': '展示確認: ヒモ分散レース。1号艇伸び確認後、広めのヒモ流しを採用。穴ヒモ（5・6号艇）を積極的に含める。'}",,,29.4,両建て推奨,22.63,28,2,,,,,,,,,,,
2025-12-06,丸亀,10,5,酒井陽祐,B1,29.31,5,,3.6995,9.4,82,35.5,0.1752,3.9758,,,0,低,117,0,-,3 32,0,94.1,1.7621,0,0,0,0.0323,0,0.2222,0,0.3333,,,D,△,,0.247,0.62,,0.5024,A,61,0,◎-○軸 3着3〜4艇流し（10〜15点）,0.5777,"{'is_target': True, 'verdict': '参加推奨', 'max_combo_prob': 0.0751, 'est_top_odds': 17.7, 'circle_concentration': 82.3, 'eligible_count': 8, 'bet_adj': 2, 'reason': 'rel_win1=53.4%（本命度） / 最有力組み合わせ確率: 0.075（推定実オッズ?18倍） / 2着集中度: 上位2艇 82.3%（補正+0.04） / 総合判定確率: 0.115 / → ヒモ分散。1号艇1着固定で広めのヒモ流し推奨（買い目+2点）', 'tenji_trigger': '展示確認: ヒモ分散レース。1号艇伸び確認後、広めのヒモ流しを採用。穴ヒモ（5・6号艇）を積極的に含める。'}",,,29.4,両建て推奨,22.63,28,2,,,,,,,,,,,
2025-12-06,丸亀,10,6,下田哲也,B1,51.72,6,△,1.1027,0.5,44,8.9,0.1876,4.5667,,,0,低,104,0,-,232,0,27.9,0.5706,,,,,,0.3333,0.1667,0.25,,,A,,,0.2434,0.615,,0.5024,A,61,0,◎-○軸 3着3〜4艇流し（10〜15点）,0.5777,"{'is_target': True, 'verdict': '参加推奨', 'max_combo_prob': 0.0751, 'est_top_odds': 17.7, 'circle_concentration': 82.3, 'eligible_count': 8, 'bet_adj': 2, 'reason': 'rel_win1=53.4%（本命度） / 最有力組み合わせ確率: 0.075（推定実オッズ?18倍） / 2着集中度: 上位2艇 82.3%（補正+0.04） / 総合判定確率: 0.115 / → ヒモ分散。1号艇1着固定で広めのヒモ流し推奨（買い目+2点）', 'tenji_trigger': '展示確認: ヒモ分散レース。1号艇伸び確認後、広めのヒモ流しを採用。穴ヒモ（5・6号艇）を積極的に含める。'}",,,29.4,両建て推奨,22.63,28,2,,,,,,,,,,,
2025-12-06,丸亀,11,1,中岡正彦,A1,29.82,1,◎,58.5707,,0,93.3,0.1175,2.4083,,,0,低,42,0,逃1%,1111,0,69.3,1.0849,0.7647,,,,,0.1103,0,0.0588,◎,,C,○,,,0.649,,0.6547,S,99,0,◎1着固定 2-3着流し（5〜8点）,0.5777,"{'is_target': True, 'verdict': '参加推奨', 'max_combo_prob': 0.0579, 'est_top_odds': 23.0, 'circle_concentration': 59.9, 'eligible_count': 6, 'bet_adj': 2, 'reason': 'rel_win1=58.6%（本命度） / 最有力組み合わせ確率: 0.058（推定実オッズ?23倍） / 2着集中度: 上位2艇 59.9%（補正+0.00） / 総合判定確率: 0.058 / → ヒモ分散。1号艇1着固定で広めのヒモ流し推奨（買い目+2点）', 'tenji_trigger': '展示確認: ヒモ分散レース。1号艇伸び確認後、広めのヒモ流しを採用。穴ヒモ（5・6号艇）を積極的に含める。\n展示で1号艇スタート超安定(0.117秒)→ヒモ固まり方向に注意'}",,,28.3,逃げ狙い,23.46,24.2,3,,,,,0,0,0.7559,0,,逃げ軸流し,A
2025-12-06,丸亀,11,2,藤生雄人,A2,35.19,2,○,10.3014,32.7,88,69.1,0.1565,3.4091,,,0,低,117,0,-,6224,0,45.1,1.0959,,,,,,0.019,0.0762,0.019,,,B,△,,0.0775,0.6185,,0.6547,S,99,0,◎1着固定 2-3着流し（5〜8点）,0.5777,"{'is_target': True, 'verdict': '参加推奨', 'max_combo_prob': 0.0579, 'est_top_odds': 23.0, 'circle_concentration': 59.9, 'eligible_count': 6, 'bet_adj': 2, 'reason': 'rel_win1=58.6%（本命度） / 最有力組み合わせ確率: 0.058（推定実オッズ?23倍） / 2着集中度: 上位2艇 59.9%（補正+0.00） / 総合判定確率: 0.058 / → ヒモ分散。1号艇1着固定で広めのヒモ流し推奨（買い目+2点）', 'tenji_trigger': '展示確認: ヒモ分散レース。1号艇伸び確認後、広めのヒモ流しを採用。穴ヒモ（5・6号艇）を積極的に含める。\n展示で1号艇スタート超安定(0.117秒)→ヒモ固まり方向に注意'}",,,28.3,逃げ狙い,23.46,24.2,3,,,,,,,,,,,
2025-12-06,丸亀,11,3,麻生慎介,A2,26.23,3,△,15.1526,27.2,86,74,0.1206,2.61,,,0,低,66,0,-,1434,0,35.3,1.02,0,0,0,0.24,0.04,0.0381,0.4362,0.0381,,,E,◎,,0.3241,0.661,,0.6547,S,99,0,◎1着固定 2-3着流し（5〜8点）,0.5777,"{'is_target': True, 'verdict': '参加推奨', 'max_combo_prob': 0.0579, 'est_top_odds': 23.0, 'circle_concentration': 59.9, 'eligible_count': 6, 'bet_adj': 2, 'reason': 'rel_win1=58.6%（本命度） / 最有力組み合わせ確率: 0.058（推定実オッズ?23倍） / 2着集中度: 上位2艇 59.9%（補正+0.00） / 総合判定確率: 0.058 / → ヒモ分散。1号艇1着固定で広めのヒモ流し推奨（買い目+2点）', 'tenji_trigger': '展示確認: ヒモ分散レース。1号艇伸び確認後、広めのヒモ流しを採用。穴ヒモ（5・6号艇）を積極的に含める。\n展示で1号艇スタート超安定(0.117秒)→ヒモ固まり方向に注意'}",,,28.3,逃げ狙い,23.46,24.2,3,,,,,,,,,,,
2025-12-06,丸亀,11,4,清水敦揮,A1,26.47,4,,9.0651,19.9,100,66.1,0.1619,3.6949,,,0,低,120,0,差ま0% 抜0%,1145,0,59.4,1.3079,0,0,0,0.1034,0.1034,0.0308,0.2115,0.1808,,,D,,◎,0.1205,0.607,0.3972,0.6547,S,99,0,◎1着固定 2-3着流し（5〜8点）,0.5777,"{'is_target': True, 'verdict': '参加推奨', 'max_combo_prob': 0.0579, 'est_top_odds': 23.0, 'circle_concentration': 59.9, 'eligible_count': 6, 'bet_adj': 2, 'reason': 'rel_win1=58.6%（本命度） / 最有力組み合わせ確率: 0.058（推定実オッズ?23倍） / 2着集中度: 上位2艇 59.9%（補正+0.00） / 総合判定確率: 0.058 / → ヒモ分散。1号艇1着固定で広めのヒモ流し推奨（買い目+2点）', 'tenji_trigger': '展示確認: ヒモ分散レース。1号艇伸び確認後、広めのヒモ流しを採用。穴ヒモ（5・6号艇）を積極的に含める。\n展示で1号艇スタート超安定(0.117秒)→ヒモ固まり方向に注意'}",,,28.3,逃げ狙い,23.46,24.2,3,,,,,,,,,,,
2025-12-06,丸亀,11,5,濱本優一,A2,39.62,5,▲,5.9713,19.4,83,61.6,0.1574,3.1918,,,0,低,141,0,-,2213,0,100,2.4712,0,0,0.0323,0.0645,0,0.0429,0.1629,0,,,B,,○,0.1629,0.61,0.3914,0.6547,S,99,0,◎1着固定 2-3着流し（5〜8点）,0.5777,"{'is_target': True, 'verdict': '参加推奨', 'max_combo_prob': 0.0579, 'est_top_odds': 23.0, 'circle_concentration': 59.9, 'eligible_count': 6, 'bet_adj': 2, 'reason': 'rel_win1=58.6%（本命度） / 最有力組み合わせ確率: 0.058（推定実オッズ?23倍） / 2着集中度: 上位2艇 59.9%（補正+0.00） / 総合判定確率: 0.058 / → ヒモ分散。1号艇1着固定で広めのヒモ流し推奨（買い目+2点）', 'tenji_trigger': '展示確認: ヒモ分散レース。1号艇伸び確認後、広めのヒモ流しを採用。穴ヒモ（5・6号艇）を積極的に含める。\n展示で1号艇スタート超安定(0.117秒)→ヒモ固まり方向に注意'}",,,28.3,逃げ狙い,23.46,24.2,3,,,,,,,,,,,
2025-12-06,丸亀,11,6,松尾　祭,A2,33.33,6,,0.9388,0.8,62,26.9,0.2044,4.7788,,,0,低,144,0,-,3264,0,28,0.8658,,,,,,0.1086,0.0654,0.2501,,,C,△,,0.1377,0.6215,,0.6547,S,99,0,◎1着固定 2-3着流し（5〜8点）,0.5777,"{'is_target': True, 'verdict': '参加推奨', 'max_combo_prob': 0.0579, 'est_top_odds': 23.0, 'circle_concentration': 59.9, 'eligible_count': 6, 'bet_adj': 2, 'reason': 'rel_win1=58.6%（本命度） / 最有力組み合わせ確率: 0.058（推定実オッズ?23倍） / 2着集中度: 上位2艇 59.9%（補正+0.00） / 総合判定確率: 0.058 / → ヒモ分散。1号艇1着固定で広めのヒモ流し推奨（買い目+2点）', 'tenji_trigger': '展示確認: ヒモ分散レース。1号艇伸び確認後、広めのヒモ流しを採用。穴ヒモ（5・6号艇）を積極的に含める。\n展示で1号艇スタート超安定(0.117秒)→ヒモ固まり方向に注意'}",,,28.3,逃げ狙い,23.46,24.2,3,,,,,,,,,,,
2025-12-06,丸亀,12,1,平山智加,A1,18.37,1,◎,63.4346,,0,91.4,0.1529,3.5286,,,0,低,46,0,逃0%,1566,0,98.3,1.4094,0.6364,,,,,0,0.1818,0.1818,◎,,E,◎,,,0.651,,0.5298,S,91,0,◎1着固定 2-3着流し（5〜8点）,0.5777,"{'is_target': True, 'verdict': '点数絞り', 'max_combo_prob': 0.1021, 'est_top_odds': 13.1, 'circle_concentration': 74.6, 'eligible_count': 6, 'bet_adj': 0, 'reason': 'rel_win1=63.4%（本命度） / 最有力組み合わせ確率: 0.102（推定実オッズ?13倍） / 2着集中度: 上位2艇 74.6%（補正+0.04） / 総合判定確率: 0.142 / → ヒモはやや固め。上位2艇以外を切ること', 'tenji_trigger': '展示確認: 1号艇伸び良→そのまま採用。悪→飛び組に差し替え。circle_pct上位2艇に絞り込むこと。'}",,,28.4,逃げ狙い,19.03,28.3,2,,,,,0,0,0.7559,0,,逃げ軸流し,A
2025-12-06,丸亀,12,2,金田幸子,A2,36.84,2,○,14.2416,49.9,74,58.6,0.1614,3.9483,,,0,低,50,0,-,2265,0,43.4,0.9805,,,,,,0.2,0.0667,0.2,,,A,△,,0.2425,0.636,,0.5298,S,91,0,◎1着固定 2-3着流し（5〜8点）,0.5777,"{'is_target': True, 'verdict': '点数絞り', 'max_combo_prob': 0.1021, 'est_top_odds': 13.1, 'circle_concentration': 74.6, 'eligible_count': 6, 'bet_adj': 0, 'reason': 'rel_win1=63.4%（本命度） / 最有力組み合わせ確率: 0.102（推定実オッズ?13倍） / 2着集中度: 上位2艇 74.6%（補正+0.04） / 総合判定確率: 0.142 / → ヒモはやや固め。上位2艇以外を切ること', 'tenji_trigger': '展示確認: 1号艇伸び良→そのまま採用。悪→飛び組に差し替え。circle_pct上位2艇に絞り込むこと。'}",,,28.4,逃げ狙い,19.03,28.3,2,,,,,,,,,,,
2025-12-06,丸亀,12,3,石原凪紗,B2,21.57,3,,6.8922,24.7,71,33.3,0.1737,3.75,,,0,低,62,0,差ま0%,656,0,22.2,0.6677,0,0,0,0.1,0,0.2643,0.0571,0.0571,,,D,,,0.195,0.537,,0.5298,S,91,0,◎1着固定 2-3着流し（5〜8点）,0.5777,"{'is_target': True, 'verdict': '点数絞り', 'max_combo_prob': 0.1021, 'est_top_odds': 13.1, 'circle_concentration': 74.6, 'eligible_count': 6, 'bet_adj': 0, 'reason': 'rel_win1=63.4%（本命度） / 最有力組み合わせ確率: 0.102（推定実オッズ?13倍） / 2着集中度: 上位2艇 74.6%（補正+0.04） / 総合判定確率: 0.142 / → ヒモはやや固め。上位2艇以外を切ること', 'tenji_trigger': '展示確認: 1号艇伸び良→そのまま採用。悪→飛び組に差し替え。circle_pct上位2艇に絞り込むこと。'}",,,28.4,逃げ狙い,19.03,28.3,2,,,,,,,,,,,
2025-12-06,丸亀,12,4,森下愛梨,B1,32.14,4,△,8.1268,7.9,100,22.2,0.2033,4.3333,,,0,低,64,0,抜0%,443,0,21.2,0.6847,0,0,0,0,0.125,0,0.38,0,,,B,,,0.1364,0.537,,0.5298,S,91,0,◎1着固定 2-3着流し（5〜8点）,0.5777,"{'is_target': True, 'verdict': '点数絞り', 'max_combo_prob': 0.1021, 'est_top_odds': 13.1, 'circle_concentration': 74.6, 'eligible_count': 6, 'bet_adj': 0, 'reason': 'rel_win1=63.4%（本命度） / 最有力組み合わせ確率: 0.102（推定実オッズ?13倍） / 2着集中度: 上位2艇 74.6%（補正+0.04） / 総合判定確率: 0.142 / → ヒモはやや固め。上位2艇以外を切ること', 'tenji_trigger': '展示確認: 1号艇伸び良→そのまま採用。悪→飛び組に差し替え。circle_pct上位2艇に絞り込むこと。'}",,,28.4,逃げ狙い,19.03,28.3,2,,,,,,,,,,,
2025-12-06,丸亀,12,5,竹井奈美,B2,30.19,5,▲,6.2445,16.2,97,83.3,0.1542,3.375,,,0,低,30,1,-,332,0,100,2.1629,,,,,,0,0.0667,0,,,C,○,,0.3059,0.6455,,0.5298,S,91,0,◎1着固定 2-3着流し（5〜8点）,0.5777,"{'is_target': True, 'verdict': '点数絞り', 'max_combo_prob': 0.1021, 'est_top_odds': 13.1, 'circle_concentration': 74.6, 'eligible_count': 6, 'bet_adj': 0, 'reason': 'rel_win1=63.4%（本命度） / 最有力組み合わせ確率: 0.102（推定実オッズ?13倍） / 2着集中度: 上位2艇 74.6%（補正+0.04） / 総合判定確率: 0.142 / → ヒモはやや固め。上位2艇以外を切ること', 'tenji_trigger': '展示確認: 1号艇伸び良→そのまま採用。悪→飛び組に差し替え。circle_pct上位2艇に絞り込むこと。'}",,,28.4,逃げ狙い,19.03,28.3,2,,,,,,,,,,,
2025-12-06,丸亀,12,6,前原　哉,B1,24.53,6,,1.0603,1.3,42,6.9,0.2414,4.7759,,,0,低,107,0,-,4 46,0,25.3,0.8533,,,,,,0,0.4286,0.1429,,,D,△,,0.135,0.5705,,0.5298,S,91,0,◎1着固定 2-3着流し（5〜8点）,0.5777,"{'is_target': True, 'verdict': '点数絞り', 'max_combo_prob': 0.1021, 'est_top_odds': 13.1, 'circle_concentration': 74.6, 'eligible_count': 6, 'bet_adj': 0, 'reason': 'rel_win1=63.4%（本命度） / 最有力組み合わせ確率: 0.102（推定実オッズ?13倍） / 2着集中度: 上位2艇 74.6%（補正+0.04） / 総合判定確率: 0.142 / → ヒモはやや固め。上位2艇以外を切ること', 'tenji_trigger': '展示確認: 1号艇伸び良→そのまま採用。悪→飛び組に差し替え。circle_pct上位2艇に絞り込むこと。'}",,,28.4,逃げ狙い,19.03,28.3,2,,,,,,,,,,,
2025-12-07,丸亀,1,1,常盤海心,B1,32.14,1,◎,53.5277,,0,52,0.2096,4.92,,,0,低,136,0,逃0%,3 134,0,41.5,0.7437,0.1667,,,,,0.0667,0.6,0.2667,,,C,,,,0.592,,0.0605,C,42,0,荒れ傾向。高配当狙いか見送り,0.5777,"{'is_target': True, 'verdict': '参加推奨', 'max_combo_prob': 0.0561, 'est_top_odds': 23.7, 'circle_concentration': 58.2, 'eligible_count': 6, 'bet_adj': 2, 'reason': 'rel_win1=53.5%（本命度） / 最有力組み合わせ確率: 0.056（推定実オッズ?24倍） / 2着集中度: 上位2艇 58.2%（補正+0.00） / 総合判定確率: 0.056 / → ヒモ分散。1号艇1着固定で広めのヒモ流し推奨（買い目+2点）', 'tenji_trigger': '展示確認: ヒモ分散レース。1号艇伸び確認後、広めのヒモ流しを採用。穴ヒモ（5・6号艇）を積極的に含める。\n展示で1号艇スタート遅め(0.210秒)確認→ヒモが荒れやすい'}",,,37.3,両建て推奨,13.87,43.9,3,4-1-3|4-1-2|4-3-1|4-1-6|4-2-1|4-2-3|4-3-2|1-2-3|1-3-5|1-3-4,4-1-3|4-1-2|4-3-1|4-1-6|4-2-1|4-2-3|4-3-2|6-1-3|1-2-3|1-3-5|5-1-6|1-3-4,4-1-3:2.1%|4-1-2:1.28%|4-3-1:1.18%|4-1-6:1.14%|4-2-1:0.87%|4-2-3:0.77%|4-3-2:0.64%|1-2-3:3.91%|1-3-5:3.91%|1-3-4:3.68%,4-1-3:B_main|4-1-2:B_main|4-3-1:B_main|4-1-6:B_main|4-2-1:B_main|4-2-3:B_main|4-3-2:B_main|1-2-3:A|1-3-5:A|1-3-4:A,10,12,0.2915,1,[!]見送り推奨（主役決まり手「差し」― 逃げ劣勢レースで的中実績なし）,主役軸流し,B
2025-12-07,丸亀,1,2,吉田宗弘,B1,19.23,2,,10.0772,29.5,100,42.6,0.2025,4.4344,,,0,低,210,0,-,253 45,0,20.5,0.7384,0,0.04,0,0,0,0.0615,0.5385,0.1462,,,E,,,0.3884,0.5345,,0.0605,C,42,0,荒れ傾向。高配当狙いか見送り,0.5777,"{'is_target': True, 'verdict': '参加推奨', 'max_combo_prob': 0.0561, 'est_top_odds': 23.7, 'circle_concentration': 58.2, 'eligible_count': 6, 'bet_adj': 2, 'reason': 'rel_win1=53.5%（本命度） / 最有力組み合わせ確率: 0.056（推定実オッズ?24倍） / 2着集中度: 上位2艇 58.2%（補正+0.00） / 総合判定確率: 0.056 / → ヒモ分散。1号艇1着固定で広めのヒモ流し推奨（買い目+2点）', 'tenji_trigger': '展示確認: ヒモ分散レース。1号艇伸び確認後、広めのヒモ流しを採用。穴ヒモ（5・6号艇）を積極的に含める。\n展示で1号艇スタート遅め(0.210秒)確認→ヒモが荒れやすい'}",,,37.3,両建て推奨,13.87,43.9,3,,,,,,,,,,,
2025-12-07,丸亀,1,3,外崎　悟,A2,17.02,3,,18.4032,28.7,96,61,0.1731,3.6695,,,0,低,91,0,差0% ま0%,1 3451,0,66.5,1.3488,0,0.1364,0.0455,0,0,0,0.219,0.0333,,○,E,◎,,0.5377,0.6445,,0.0605,C,42,0,荒れ傾向。高配当狙いか見送り,0.5777,"{'is_target': True, 'verdict': '参加推奨', 'max_combo_prob': 0.0561, 'est_top_odds': 23.7, 'circle_concentration': 58.2, 'eligible_count': 6, 'bet_adj': 2, 'reason': 'rel_win1=53.5%（本命度） / 最有力組み合わせ確率: 0.056（推定実オッズ?24倍） / 2着集中度: 上位2艇 58.2%（補正+0.00） / 総合判定確率: 0.056 / → ヒモ分散。1号艇1着固定で広めのヒモ流し推奨（買い目+2点）', 'tenji_trigger': '展示確認: ヒモ分散レース。1号艇伸び確認後、広めのヒモ流しを採用。穴ヒモ（5・6号艇）を積極的に含める。\n展示で1号艇スタート遅め(0.210秒)確認→ヒモが荒れやすい'}",,,37.3,両建て推奨,13.87,43.9,3,,,,,,,,,,,
2025-12-07,丸亀,1,4,下田哲也,B1,51.72,4,○,10.8379,15.1,77,48.9,0.1667,3.7,,,0,低,104,0,差0%,232 55,0,39.2,0.747,0,0.0714,0,0,0,0.3333,0.1667,0.25,,◎,A,○,,0.5436,0.615,,0.0605,C,42,0,荒れ傾向。高配当狙いか見送り,0.5777,"{'is_target': True, 'verdict': '参加推奨', 'max_combo_prob': 0.0561, 'est_top_odds': 23.7, 'circle_concentration': 58.2, 'eligible_count': 6, 'bet_adj': 2, 'reason': 'rel_win1=53.5%（本命度） / 最有力組み合わせ確率: 0.056（推定実オッズ?24倍） / 2着集中度: 上位2艇 58.2%（補正+0.00） / 総合判定確率: 0.056 / → ヒモ分散。1号艇1着固定で広めのヒモ流し推奨（買い目+2点）', 'tenji_trigger': '展示確認: ヒモ分散レース。1号艇伸び確認後、広めのヒモ流しを採用。穴ヒモ（5・6号艇）を積極的に含める。\n展示で1号艇スタート遅め(0.210秒)確認→ヒモが荒れやすい'}",,,37.3,両建て推奨,13.87,43.9,3,,,,,,,,,,,
2025-12-07,丸亀,1,5,品川二千,A2,41.07,5,▲,5.547,24.2,60,55.3,0.1721,3.9468,,,0,低,103,0,差ま0%,6 3326,0,85.4,1.4405,0,0,0,0.0417,0,0.1681,0.1188,0.0348,,△,B,△,,0.4928,0.605,,0.0605,C,42,0,荒れ傾向。高配当狙いか見送り,0.5777,"{'is_target': True, 'verdict': '参加推奨', 'max_combo_prob': 0.0561, 'est_top_odds': 23.7, 'circle_concentration': 58.2, 'eligible_count': 6, 'bet_adj': 2, 'reason': 'rel_win1=53.5%（本命度） / 最有力組み合わせ確率: 0.056（推定実オッズ?24倍） / 2着集中度: 上位2艇 58.2%（補正+0.00） / 総合判定確率: 0.056 / → ヒモ分散。1号艇1着固定で広めのヒモ流し推奨（買い目+2点）', 'tenji_trigger': '展示確認: ヒモ分散レース。1号艇伸び確認後、広めのヒモ流しを採用。穴ヒモ（5・6号艇）を積極的に含める。\n展示で1号艇スタート遅め(0.210秒)確認→ヒモが荒れやすい'}",,,37.3,両建て推奨,13.87,43.9,3,,,,,,,,,,,
2025-12-07,丸亀,1,6,吉田和仁,B1,40.68,6,△,1.6071,2.5,37,19.3,0.1953,4.1579,,,0,低,132,0,-,S 564,0,35,0.8308,,,,,,0.0174,0.3965,0.0696,,,B,△,,0.4492,0.606,,0.0605,C,42,0,荒れ傾向。高配当狙いか見送り,0.5777,"{'is_target': True, 'verdict': '参加推奨', 'max_combo_prob': 0.0561, 'est_top_odds': 23.7, 'circle_concentration': 58.2, 'eligible_count': 6, 'bet_adj': 2, 'reason': 'rel_win1=53.5%（本命度） / 最有力組み合わせ確率: 0.056（推定実オッズ?24倍） / 2着集中度: 上位2艇 58.2%（補正+0.00） / 総合判定確率: 0.056 / → ヒモ分散。1号艇1着固定で広めのヒモ流し推奨（買い目+2点）', 'tenji_trigger': '展示確認: ヒモ分散レース。1号艇伸び確認後、広めのヒモ流しを採用。穴ヒモ（5・6号艇）を積極的に含める。\n展示で1号艇スタート遅め(0.210秒)確認→ヒモが荒れやすい'}",,,37.3,両建て推奨,13.87,43.9,3,,,,,,,,,,,
2025-12-07,丸亀,2,1,前原　哉,B1,24.53,1,◎,53.4587,,0,66.7,0.1662,3.2857,,,0,低,107,0,逃0%,4 4652,0,54.5,0.8951,0.4286,,,,,0,0.4286,0.1429,○,,D,,,,0.5705,,0.3547,A,60,0,◎-○軸 3着3〜4艇流し（10〜15点）,0.5777,"{'is_target': True, 'verdict': '点数絞り', 'max_combo_prob': 0.0816, 'est_top_odds': 16.3, 'circle_concentration': 70.0, 'eligible_count': 8, 'bet_adj': 0, 'reason': 'rel_win1=53.5%（本命度） / 最有力組み合わせ確率: 0.082（推定実オッズ?16倍） / 2着集中度: 上位2艇 70.0%（補正+0.04） / 総合判定確率: 0.122 / → ヒモはやや固め。上位2艇以外を切ること', 'tenji_trigger': '展示確認: 1号艇伸び良→そのまま採用。悪→飛び組に差し替え。circle_pct上位2艇に絞り込むこと。'}",,,31.4,両建て推奨,21.69,34.7,4,,,,,0,0,0.6155,0,,逃げ軸流し,A
2025-12-07,丸亀,2,2,澤　大介,B1,44.64,2,▲,11.2057,24.7,56,37,0.1748,3.7407,,,0,低,129,0,-,345 12,0,100,0.6493,,,,,,0.46,0.28,0.04,,,A,,,0.2415,0.5755,,0.3547,A,60,0,◎-○軸 3着3〜4艇流し（10〜15点）,0.5777,"{'is_target': True, 'verdict': '点数絞り', 'max_combo_prob': 0.0816, 'est_top_odds': 16.3, 'circle_concentration': 70.0, 'eligible_count': 8, 'bet_adj': 0, 'reason': 'rel_win1=53.5%（本命度） / 最有力組み合わせ確率: 0.082（推定実オッズ?16倍） / 2着集中度: 上位2艇 70.0%（補正+0.04） / 総合判定確率: 0.122 / → ヒモはやや固め。上位2艇以外を切ること', 'tenji_trigger': '展示確認: 1号艇伸び良→そのまま採用。悪→飛び組に差し替え。circle_pct上位2艇に絞り込むこと。'}",,,31.4,両建て推奨,21.69,34.7,4,,,,,,,,,,,
2025-12-07,丸亀,2,3,坪口竜也,A2,21.43,3,,13.8523,45.4,80,75,0.1532,3.4432,,,0,低,84,0,-,52451,0,33.4,0.8737,,,,,,0,0.0667,0.0333,,○,D,◎,,0.375,0.6815,,0.3547,A,60,0,◎-○軸 3着3〜4艇流し（10〜15点）,0.5777,"{'is_target': True, 'verdict': '点数絞り', 'max_combo_prob': 0.0816, 'est_top_odds': 16.3, 'circle_concentration': 70.0, 'eligible_count': 8, 'bet_adj': 0, 'reason': 'rel_win1=53.5%（本命度） / 最有力組み合わせ確率: 0.082（推定実オッズ?16倍） / 2着集中度: 上位2艇 70.0%（補正+0.04） / 総合判定確率: 0.122 / → ヒモはやや固め。上位2艇以外を切ること', 'tenji_trigger': '展示確認: 1号艇伸び良→そのまま採用。悪→飛び組に差し替え。circle_pct上位2艇に絞り込むこと。'}",,,31.4,両建て推奨,21.69,34.7,4,,,,,,,,,,,
2025-12-07,丸亀,2,4,竹井奈美,B2,30.19,4,○,13.3027,15.3,100,61.9,0.1262,2.9762,,,0,低,30,0,-,332 11,0,27.8,0.676,0,0,0,0,0.0588,0,0.0667,0,,◎,C,○,,0.4656,0.6455,,0.3547,A,60,0,◎-○軸 3着3〜4艇流し（10〜15点）,0.5777,"{'is_target': True, 'verdict': '点数絞り', 'max_combo_prob': 0.0816, 'est_top_odds': 16.3, 'circle_concentration': 70.0, 'eligible_count': 8, 'bet_adj': 0, 'reason': 'rel_win1=53.5%（本命度） / 最有力組み合わせ確率: 0.082（推定実オッズ?16倍） / 2着集中度: 上位2艇 70.0%（補正+0.04） / 総合判定確率: 0.122 / → ヒモはやや固め。上位2艇以外を切ること', 'tenji_trigger': '展示確認: 1号艇伸び良→そのまま採用。悪→飛び組に差し替え。circle_pct上位2艇に絞り込むこと。'}",,,31.4,両建て推奨,21.69,34.7,4,,,,,,,,,,,
2025-12-07,丸亀,2,5,前野竜一,A2,40.00,5,△,6.9307,13.9,79,36.2,0.1613,3.7021,,,0,低,115,0,-,23362,0,21.5,2.0226,0,0,0,0,0.0476,0.0133,0.2267,0.1067,,,B,△,,0.3256,0.5985,,0.3547,A,60,0,◎-○軸 3着3〜4艇流し（10〜15点）,0.5777,"{'is_target': True, 'verdict': '点数絞り', 'max_combo_prob': 0.0816, 'est_top_odds': 16.3, 'circle_concentration': 70.0, 'eligible_count': 8, 'bet_adj': 0, 'reason': 'rel_win1=53.5%（本命度） / 最有力組み合わせ確率: 0.082（推定実オッズ?16倍） / 2着集中度: 上位2艇 70.0%（補正+0.04） / 総合判定確率: 0.122 / → ヒモはやや固め。上位2艇以外を切ること', 'tenji_trigger': '展示確認: 1号艇伸び良→そのまま採用。悪→飛び組に差し替え。circle_pct上位2艇に絞り込むこと。'}",,,31.4,両建て推奨,21.69,34.7,4,,,,,,,,,,,
2025-12-07,丸亀,2,6,中里昌志,B1,21.31,6,,1.2499,0.8,62,13.5,0.1751,3.8243,,,0,低,140,0,-,465 6,0,22.1,0.5683,,,,,,0.3162,0.2152,0.1962,,,E,△,,0.2817,0.604,,0.3547,A,60,0,◎-○軸 3着3〜4艇流し（10〜15点）,0.5777,"{'is_target': True, 'verdict': '点数絞り', 'max_combo_prob': 0.0816, 'est_top_odds': 16.3, 'circle_concentration': 70.0, 'eligible_count': 8, 'bet_adj': 0, 'reason': 'rel_win1=53.5%（本命度） / 最有力組み合わせ確率: 0.082（推定実オッズ?16倍） / 2着集中度: 上位2艇 70.0%（補正+0.04） / 総合判定確率: 0.122 / → ヒモはやや固め。上位2艇以外を切ること', 'tenji_trigger': '展示確認: 1号艇伸び良→そのまま採用。悪→飛び組に差し替え。circle_pct上位2艇に絞り込むこと。'}",,,31.4,両建て推奨,21.69,34.7,4,,,,,,,,,,,
2025-12-07,丸亀,3,1,酒井陽祐,B1,29.31,1,◎,47.5178,,0,71.8,0.1618,2.8333,,,0,低,117,0,逃0%,3 326,0,78.8,0.9247,0.3889,,,,,0.2222,0,0.3333,◎,,C,△,,,0.62,,0.4565,B,55,0,◎○△フォーメーション（15〜20点）,0.5777,"{'is_target': True, 'verdict': '参加推奨', 'max_combo_prob': 0.0717, 'est_top_odds': 18.6, 'circle_concentration': 71.8, 'eligible_count': 9, 'bet_adj': 2, 'reason': 'rel_win1=47.5%（本命度） / 最有力組み合わせ確率: 0.072（推定実オッズ?19倍） / 2着集中度: 上位2艇 71.8%（補正+0.04） / 総合判定確率: 0.112 / → ヒモ分散。1号艇1着固定で広めのヒモ流し推奨（買い目+2点）', 'tenji_trigger': '展示確認: ヒモ分散レース。1号艇伸び確認後、広めのヒモ流しを採用。穴ヒモ（5・6号艇）を積極的に含める。'}",,,29.4,両建て推奨,16.26,33.5,3,,,,,0,0,0.7559,0,,逃げ軸流し,A
2025-12-07,丸亀,3,2,上田隆章,B1,37.25,2,○,16.1563,33.4,59,59.4,0.1919,4.2681,,,0,低,192,0,-,6 526,0,65.4,0.796,0,0.0909,0.0303,0,0,0.3,0.22,0.1,,,A,,,0.1015,0.5515,,0.4565,B,55,0,◎○△フォーメーション（15〜20点）,0.5777,"{'is_target': True, 'verdict': '参加推奨', 'max_combo_prob': 0.0717, 'est_top_odds': 18.6, 'circle_concentration': 71.8, 'eligible_count': 9, 'bet_adj': 2, 'reason': 'rel_win1=47.5%（本命度） / 最有力組み合わせ確率: 0.072（推定実オッズ?19倍） / 2着集中度: 上位2艇 71.8%（補正+0.04） / 総合判定確率: 0.112 / → ヒモ分散。1号艇1着固定で広めのヒモ流し推奨（買い目+2点）', 'tenji_trigger': '展示確認: ヒモ分散レース。1号艇伸び確認後、広めのヒモ流しを採用。穴ヒモ（5・6号艇）を積極的に含める。'}",,,29.4,両建て推奨,16.26,33.5,3,,,,,,,,,,,
2025-12-07,丸亀,3,3,吉川昭男,A2,14.63,3,▲,19.16,38.3,43,65.3,0.1596,3.44,,,0,低,79,0,-,641 31,0,29.8,0.75,0,0.025,0.125,0.05,0.025,0.1771,0.2257,0.0343,,,E,◎,,0.3289,0.667,,0.4565,B,55,0,◎○△フォーメーション（15〜20点）,0.5777,"{'is_target': True, 'verdict': '参加推奨', 'max_combo_prob': 0.0717, 'est_top_odds': 18.6, 'circle_concentration': 71.8, 'eligible_count': 9, 'bet_adj': 2, 'reason': 'rel_win1=47.5%（本命度） / 最有力組み合わせ確率: 0.072（推定実オッズ?19倍） / 2着集中度: 上位2艇 71.8%（補正+0.04） / 総合判定確率: 0.112 / → ヒモ分散。1号艇1着固定で広めのヒモ流し推奨（買い目+2点）', 'tenji_trigger': '展示確認: ヒモ分散レース。1号艇伸び確認後、広めのヒモ流しを採用。穴ヒモ（5・6号艇）を積極的に含める。'}",,,29.4,両建て推奨,16.26,33.5,3,,,,,,,,,,,
2025-12-07,丸亀,3,4,榎　幸司,A1,22.22,4,,8.3886,14.6,100,63.8,0.1791,4.3534,,,0,低,175,0,-,363231,0,20.9,0.5874,0,0,0.0417,0.0417,0,0.0945,0.02,0.04,,,D,△,,0.2194,0.622,,0.4565,B,55,0,◎○△フォーメーション（15〜20点）,0.5777,"{'is_target': True, 'verdict': '参加推奨', 'max_combo_prob': 0.0717, 'est_top_odds': 18.6, 'circle_concentration': 71.8, 'eligible_count': 9, 'bet_adj': 2, 'reason': 'rel_win1=47.5%（本命度） / 最有力組み合わせ確率: 0.072（推定実オッズ?19倍） / 2着集中度: 上位2艇 71.8%（補正+0.04） / 総合判定確率: 0.112 / → ヒモ分散。1号艇1着固定で広めのヒモ流し推奨（買い目+2点）', 'tenji_trigger': '展示確認: ヒモ分散レース。1号艇伸び確認後、広めのヒモ流しを採用。穴ヒモ（5・6号艇）を積極的に含める。'}",,,29.4,両建て推奨,16.26,33.5,3,,,,,,,,,,,
2025-12-07,丸亀,3,5,山地正樹,B1,15.69,5,△,7.403,10.1,47,33.3,0.1467,3.1667,,,0,低,88,1,-,545 2,0,28.1,1.0407,,,,,,0.2091,0.1545,0.1364,,,E,○,,0.3611,0.642,,0.4565,B,55,0,◎○△フォーメーション（15〜20点）,0.5777,"{'is_target': True, 'verdict': '参加推奨', 'max_combo_prob': 0.0717, 'est_top_odds': 18.6, 'circle_concentration': 71.8, 'eligible_count': 9, 'bet_adj': 2, 'reason': 'rel_win1=47.5%（本命度） / 最有力組み合わせ確率: 0.072（推定実オッズ?19倍） / 2着集中度: 上位2艇 71.8%（補正+0.04） / 総合判定確率: 0.112 / → ヒモ分散。1号艇1着固定で広めのヒモ流し推奨（買い目+2点）', 'tenji_trigger': '展示確認: ヒモ分散レース。1号艇伸び確認後、広めのヒモ流しを採用。穴ヒモ（5・6号艇）を積極的に含める。'}",,,29.4,両建て推奨,16.26,33.5,3,,,,,,,,,,,
2025-12-07,丸亀,3,6,森下愛梨,B1,32.14,6,,1.3743,3.5,48,35,0.205,4.575,,,0,低,64,0,-,443 43,0,76.6,1.3347,,,,,,0,0.38,0,,,B,,,0.1726,0.537,,0.4565,B,55,0,◎○△フォーメーション（15〜20点）,0.5777,"{'is_target': True, 'verdict': '参加推奨', 'max_combo_prob': 0.0717, 'est_top_odds': 18.6, 'circle_concentration': 71.8, 'eligible_count': 9, 'bet_adj': 2, 'reason': 'rel_win1=47.5%（本命度） / 最有力組み合わせ確率: 0.072（推定実オッズ?19倍） / 2着集中度: 上位2艇 71.8%（補正+0.04） / 総合判定確率: 0.112 / → ヒモ分散。1号艇1着固定で広めのヒモ流し推奨（買い目+2点）', 'tenji_trigger': '展示確認: ヒモ分散レース。1号艇伸び確認後、広めのヒモ流しを採用。穴ヒモ（5・6号艇）を積極的に含める。'}",,,29.4,両建て推奨,16.26,33.5,3,,,,,,,,,,,
2025-12-07,丸亀,4,1,中北将史,B1,26.56,1,◎,47.7619,,0,70.5,0.1486,2.8182,,,0,低,132,0,逃0%,2 422,0,57.5,0.9124,0.4118,,,,,0.4471,0.0941,0.0941,○,,D,△,,,0.6005,,0.4453,B,58,0,◎○△フォーメーション（15〜20点）,0.5777,"{'is_target': True, 'verdict': '参加推奨', 'max_combo_prob': 0.0634, 'est_top_odds': 21.0, 'circle_concentration': 63.4, 'eligible_count': 9, 'bet_adj': 2, 'reason': 'rel_win1=47.8%（本命度） / 最有力組み合わせ確率: 0.063（推定実オッズ?21倍） / 2着集中度: 上位2艇 63.4%（補正+0.00） / 総合判定確率: 0.063 / → ヒモ分散。1号艇1着固定で広めのヒモ流し推奨（買い目+2点）', 'tenji_trigger': '展示確認: ヒモ分散レース。1号艇伸び確認後、広めのヒモ流しを採用。穴ヒモ（5・6号艇）を積極的に含める。'}",,,30.2,両建て推奨,13.54,38.2,3,,,,,0,0,0.6155,0,,主役軸流し,B
2025-12-07,丸亀,4,2,服部　剛,B1,30.51,2,△,12.1285,32.8,82,61.5,0.2098,4.8654,,,0,低,197,0,差0%,5 256,0,33.8,0.9964,0,0.08,0,0,0,0.2196,0.3065,0.0348,,,C,△,,0.1344,0.6415,,0.4453,B,58,0,◎○△フォーメーション（15〜20点）,0.5777,"{'is_target': True, 'verdict': '参加推奨', 'max_combo_prob': 0.0634, 'est_top_odds': 21.0, 'circle_concentration': 63.4, 'eligible_count': 9, 'bet_adj': 2, 'reason': 'rel_win1=47.8%（本命度） / 最有力組み合わせ確率: 0.063（推定実オッズ?21倍） / 2着集中度: 上位2艇 63.4%（補正+0.00） / 総合判定確率: 0.063 / → ヒモ分散。1号艇1着固定で広めのヒモ流し推奨（買い目+2点）', 'tenji_trigger': '展示確認: ヒモ分散レース。1号艇伸び確認後、広めのヒモ流しを採用。穴ヒモ（5・6号艇）を積極的に含める。'}",,,30.2,両建て推奨,13.54,38.2,3,,,,,,,,,,,
2025-12-07,丸亀,4,3,田中辰彦,A1,36.36,3,○,16.923,30.7,100,63.5,0.1435,3.0794,,,0,低,117,0,差ま0%,142164,0,23.8,0.7035,0,0.0333,0.0667,0.1667,0,0.0114,0.2229,0.0571,,◎,B,◎,,0.3785,0.662,,0.4453,B,58,0,◎○△フォーメーション（15〜20点）,0.5777,"{'is_target': True, 'verdict': '参加推奨', 'max_combo_prob': 0.0634, 'est_top_odds': 21.0, 'circle_concentration': 63.4, 'eligible_count': 9, 'bet_adj': 2, 'reason': 'rel_win1=47.8%（本命度） / 最有力組み合わせ確率: 0.063（推定実オッズ?21倍） / 2着集中度: 上位2艇 63.4%（補正+0.00） / 総合判定確率: 0.063 / → ヒモ分散。1号艇1着固定で広めのヒモ流し推奨（買い目+2点）', 'tenji_trigger': '展示確認: ヒモ分散レース。1号艇伸び確認後、広めのヒモ流しを採用。穴ヒモ（5・6号艇）を積極的に含める。'}",,,30.2,両建て推奨,13.54,38.2,3,,,,,,,,,,,
2025-12-07,丸亀,4,4,吉島祥之,A2,33.33,4,▲,14.0826,21.7,73,58.2,0.1565,3.1203,,,0,低,154,0,-,35113,0,100,2.6406,0,0,0.1562,0,0,0.0114,0.1676,0.0229,,,B,,◎,0.3026,0.5955,0.2846,0.4453,B,58,0,◎○△フォーメーション（15〜20点）,0.5777,"{'is_target': True, 'verdict': '参加推奨', 'max_combo_prob': 0.0634, 'est_top_odds': 21.0, 'circle_concentration': 63.4, 'eligible_count': 9, 'bet_adj': 2, 'reason': 'rel_win1=47.8%（本命度） / 最有力組み合わせ確率: 0.063（推定実オッズ?21倍） / 2着集中度: 上位2艇 63.4%（補正+0.00） / 総合判定確率: 0.063 / → ヒモ分散。1号艇1着固定で広めのヒモ流し推奨（買い目+2点）', 'tenji_trigger': '展示確認: ヒモ分散レース。1号艇伸び確認後、広めのヒモ流しを採用。穴ヒモ（5・6号艇）を積極的に含める。'}",,,30.2,両建て推奨,13.54,38.2,3,,,,,,,,,,,
2025-12-07,丸亀,4,5,深水慎一,B1,26.42,5,,7.9456,14.6,55,42.9,0.1649,3.6633,,,0,低,116,0,-,454 13,0,31.2,0.7214,0,0,0.04,0.04,0,0.1685,0.2404,0.1547,,,D,○,,0.2462,0.6455,,0.4453,B,58,0,◎○△フォーメーション（15〜20点）,0.5777,"{'is_target': True, 'verdict': '参加推奨', 'max_combo_prob': 0.0634, 'est_top_odds': 21.0, 'circle_concentration': 63.4, 'eligible_count': 9, 'bet_adj': 2, 'reason': 'rel_win1=47.8%（本命度） / 最有力組み合わせ確率: 0.063（推定実オッズ?21倍） / 2着集中度: 上位2艇 63.4%（補正+0.00） / 総合判定確率: 0.063 / → ヒモ分散。1号艇1着固定で広めのヒモ流し推奨（買い目+2点）', 'tenji_trigger': '展示確認: ヒモ分散レース。1号艇伸び確認後、広めのヒモ流しを採用。穴ヒモ（5・6号艇）を積極的に含める。'}",,,30.2,両建て推奨,13.54,38.2,3,,,,,,,,,,,
2025-12-07,丸亀,4,6,宮城那菜,B2,25.00,6,,1.1583,0.3,19,1.6,0.159,3.3175,,,0,低,29,0,-,6 K46,0,22.3,0.5639,,,,,,,,,,,E,,,0.2941,0.4685,,0.4453,B,58,0,◎○△フォーメーション（15〜20点）,0.5777,"{'is_target': True, 'verdict': '参加推奨', 'max_combo_prob': 0.0634, 'est_top_odds': 21.0, 'circle_concentration': 63.4, 'eligible_count': 9, 'bet_adj': 2, 'reason': 'rel_win1=47.8%（本命度） / 最有力組み合わせ確率: 0.063（推定実オッズ?21倍） / 2着集中度: 上位2艇 63.4%（補正+0.00） / 総合判定確率: 0.063 / → ヒモ分散。1号艇1着固定で広めのヒモ流し推奨（買い目+2点）', 'tenji_trigger': '展示確認: ヒモ分散レース。1号艇伸び確認後、広めのヒモ流しを採用。穴ヒモ（5・6号艇）を積極的に含める。'}",,,30.2,両建て推奨,13.54,38.2,3,,,,,,,,,,,
2025-12-07,丸亀,5,1,木下雄介,A2,22.64,1,◎,49.0627,,0,87.8,0.1588,3.3469,,,0,低,69,0,逃1%,611 44,0,80.5,1.0959,0.5769,,,,,0,0.3169,0.0462,○,,D,△,,,0.612,,0.4297,A,75,0,◎-○軸 3着3〜4艇流し（10〜15点）,0.5777,"{'is_target': True, 'verdict': '参加推奨', 'max_combo_prob': 0.0604, 'est_top_odds': 22.1, 'circle_concentration': 71.9, 'eligible_count': 8, 'bet_adj': 2, 'reason': 'rel_win1=49.1%（本命度） / 最有力組み合わせ確率: 0.060（推定実オッズ?22倍） / 2着集中度: 上位2艇 71.9%（補正+0.04） / 総合判定確率: 0.100 / → ヒモ分散。1号艇1着固定で広めのヒモ流し推奨（買い目+2点）', 'tenji_trigger': '展示確認: ヒモ分散レース。1号艇伸び確認後、広めのヒモ流しを採用。穴ヒモ（5・6号艇）を積極的に含める。'}",,,29.8,逃げ狙い,21.46,30.2,4,,,,,0,0,0.6155,0,,逃げ軸流し,A
2025-12-07,丸亀,5,2,松本浩貴,B1,17.39,2,,8.4765,42.3,66,52.4,0.1886,4.1111,,,0,低,171,0,差0% 抜0%,5 5 54,0,29.8,0.8636,0,0.0333,0,0,0.0333,0.0522,0.3617,0.3791,,,E,,,0.0557,0.599,,0.4297,A,75,0,◎-○軸 3着3〜4艇流し（10〜15点）,0.5777,"{'is_target': True, 'verdict': '参加推奨', 'max_combo_prob': 0.0604, 'est_top_odds': 22.1, 'circle_concentration': 71.9, 'eligible_count': 8, 'bet_adj': 2, 'reason': 'rel_win1=49.1%（本命度） / 最有力組み合わせ確率: 0.060（推定実オッズ?22倍） / 2着集中度: 上位2艇 71.9%（補正+0.04） / 総合判定確率: 0.100 / → ヒモ分散。1号艇1着固定で広めのヒモ流し推奨（買い目+2点）', 'tenji_trigger': '展示確認: ヒモ分散レース。1号艇伸び確認後、広めのヒモ流しを採用。穴ヒモ（5・6号艇）を積極的に含める。'}",,,29.8,逃げ狙い,21.46,30.2,4,,,,,,,,,,,
2025-12-07,丸亀,5,3,平山智加,A1,18.37,3,,14.0817,29.7,95,68.2,0.1609,3.2727,,,0,低,46,0,差ま0%,156624,0,22.3,0.7002,0,0,0.1111,0.2222,0,0,0.1818,0.1818,,△,D,◎,,0.3565,0.651,,0.4297,A,75,0,◎-○軸 3着3〜4艇流し（10〜15点）,0.5777,"{'is_target': True, 'verdict': '参加推奨', 'max_combo_prob': 0.0604, 'est_top_odds': 22.1, 'circle_concentration': 71.9, 'eligible_count': 8, 'bet_adj': 2, 'reason': 'rel_win1=49.1%（本命度） / 最有力組み合わせ確率: 0.060（推定実オッズ?22倍） / 2着集中度: 上位2艇 71.9%（補正+0.04） / 総合判定確率: 0.100 / → ヒモ分散。1号艇1着固定で広めのヒモ流し推奨（買い目+2点）', 'tenji_trigger': '展示確認: ヒモ分散レース。1号艇伸び確認後、広めのヒモ流しを採用。穴ヒモ（5・6号艇）を積極的に含める。'}",,,29.8,逃げ狙い,21.46,30.2,4,,,,,,,,,,,
2025-12-07,丸亀,5,4,一宮稔弘,B1,22.95,4,○,19.0328,20.4,86,59.5,0.1288,2.3929,,,0,低,40,0,ま0%,164 36,0,89.7,1.6036,0,0,0.25,0,0,0.0211,0.1921,0.1711,,◎,C,△,◎,0.5111,0.6275,0.4079,0.4297,A,75,0,◎-○軸 3着3〜4艇流し（10〜15点）,0.5777,"{'is_target': True, 'verdict': '参加推奨', 'max_combo_prob': 0.0604, 'est_top_odds': 22.1, 'circle_concentration': 71.9, 'eligible_count': 8, 'bet_adj': 2, 'reason': 'rel_win1=49.1%（本命度） / 最有力組み合わせ確率: 0.060（推定実オッズ?22倍） / 2着集中度: 上位2艇 71.9%（補正+0.04） / 総合判定確率: 0.100 / → ヒモ分散。1号艇1着固定で広めのヒモ流し推奨（買い目+2点）', 'tenji_trigger': '展示確認: ヒモ分散レース。1号艇伸び確認後、広めのヒモ流しを採用。穴ヒモ（5・6号艇）を積極的に含める。'}",,,29.8,逃げ狙い,21.46,30.2,4,,,,,,,,,,,
2025-12-07,丸亀,5,5,山谷　央,B1,42.11,5,▲,4.297,3.6,62,28.3,0.1472,3.1792,,,0,低,90,0,抜0%,3 4 15,0,39.6,0.8436,0,0,0,0,0.0385,0.3443,0.1548,0.0348,,,A,○,,0.3894,0.639,,0.4297,A,75,0,◎-○軸 3着3〜4艇流し（10〜15点）,0.5777,"{'is_target': True, 'verdict': '参加推奨', 'max_combo_prob': 0.0604, 'est_top_odds': 22.1, 'circle_concentration': 71.9, 'eligible_count': 8, 'bet_adj': 2, 'reason': 'rel_win1=49.1%（本命度） / 最有力組み合わせ確率: 0.060（推定実オッズ?22倍） / 2着集中度: 上位2艇 71.9%（補正+0.04） / 総合判定確率: 0.100 / → ヒモ分散。1号艇1着固定で広めのヒモ流し推奨（買い目+2点）', 'tenji_trigger': '展示確認: ヒモ分散レース。1号艇伸び確認後、広めのヒモ流しを採用。穴ヒモ（5・6号艇）を積極的に含める。'}",,,29.8,逃げ狙い,21.46,30.2,4,,,,,,,,,,,
2025-12-07,丸亀,5,6,濱本優一,A2,39.62,6,△,5.0492,4.1,100,47.6,0.1937,4.373,,,0,低,141,0,-,221326,0,27.6,0.7017,0,0,0,0.069,0.0345,0.0429,0.1629,0,,,B,,,0.2244,0.61,,0.4297,A,75,0,◎-○軸 3着3〜4艇流し（10〜15点）,0.5777,"{'is_target': True, 'verdict': '参加推奨', 'max_combo_prob': 0.0604, 'est_top_odds': 22.1, 'circle_concentration': 71.9, 'eligible_count': 8, 'bet_adj': 2, 'reason': 'rel_win1=49.1%（本命度） / 最有力組み合わせ確率: 0.060（推定実オッズ?22倍） / 2着集中度: 上位2艇 71.9%（補正+0.04） / 総合判定確率: 0.100 / → ヒモ分散。1号艇1着固定で広めのヒモ流し推奨（買い目+2点）', 'tenji_trigger': '展示確認: ヒモ分散レース。1号艇伸び確認後、広めのヒモ流しを採用。穴ヒモ（5・6号艇）を積極的に含める。'}",,,29.8,逃げ狙い,21.46,30.2,4,,,,,,,,,,,
2025-12-07,丸亀,6,1,石川　諒,B1,46.43,1,◎,58.7019,,0,83.9,0.1371,2.4911,,,0,低,71,0,逃1%,152 2,0,74.3,1.0929,0.5789,,,,,0.0421,0.1278,0.1489,◎,,A,○,,,0.6605,,0.5963,A,79,0,◎-○軸 3着3〜4艇流し（10〜15点）,0.5777,"{'is_target': True, 'verdict': '点数絞り', 'max_combo_prob': 0.1059, 'est_top_odds': 12.6, 'circle_concentration': 73.4, 'eligible_count': 8, 'bet_adj': 0, 'reason': 'rel_win1=58.7%（本命度） / 最有力組み合わせ確率: 0.106（推定実オッズ?13倍） / 2着集中度: 上位2艇 73.4%（補正+0.04） / 総合判定確率: 0.146 / → ヒモはやや固め。上位2艇以外を切ること', 'tenji_trigger': '展示確認: 1号艇伸び良→そのまま採用。悪→飛び組に差し替え。circle_pct上位2艇に絞り込むこと。\n展示で1号艇スタート超安定(0.137秒)→ヒモ固まり方向に注意'}",,,27.6,逃げ狙い,17.49,27.4,3,,,,,0,0,0.7559,0,,逃げ軸流し,A
2025-12-07,丸亀,6,2,麻生慎介,A2,26.23,2,○,13.4488,54.1,95,63.5,0.1377,3.0288,,,0,低,66,0,-,143432,0,96.7,1.8366,0,0.125,0.0417,0,0,0.0381,0.4362,0.0381,,,D,◎,,0.3199,0.661,,0.5963,A,79,0,◎-○軸 3着3〜4艇流し（10〜15点）,0.5777,"{'is_target': True, 'verdict': '点数絞り', 'max_combo_prob': 0.1059, 'est_top_odds': 12.6, 'circle_concentration': 73.4, 'eligible_count': 8, 'bet_adj': 0, 'reason': 'rel_win1=58.7%（本命度） / 最有力組み合わせ確率: 0.106（推定実オッズ?13倍） / 2着集中度: 上位2艇 73.4%（補正+0.04） / 総合判定確率: 0.146 / → ヒモはやや固め。上位2艇以外を切ること', 'tenji_trigger': '展示確認: 1号艇伸び良→そのまま採用。悪→飛び組に差し替え。circle_pct上位2艇に絞り込むこと。\n展示で1号艇スタート超安定(0.137秒)→ヒモ固まり方向に注意'}",,,27.6,逃げ狙い,17.49,27.4,3,,,,,,,,,,,
2025-12-07,丸亀,6,3,増本杏珠,B1,21.82,3,△,11.1961,19.3,79,26.3,0.1595,3.6842,,,0,低,74,0,-,4 625,0,22.5,0.7075,,,,,,0.1667,0.5,0.1667,,,D,,,0.1983,0.5195,,0.5963,A,79,0,◎-○軸 3着3〜4艇流し（10〜15点）,0.5777,"{'is_target': True, 'verdict': '点数絞り', 'max_combo_prob': 0.1059, 'est_top_odds': 12.6, 'circle_concentration': 73.4, 'eligible_count': 8, 'bet_adj': 0, 'reason': 'rel_win1=58.7%（本命度） / 最有力組み合わせ確率: 0.106（推定実オッズ?13倍） / 2着集中度: 上位2艇 73.4%（補正+0.04） / 総合判定確率: 0.146 / → ヒモはやや固め。上位2艇以外を切ること', 'tenji_trigger': '展示確認: 1号艇伸び良→そのまま採用。悪→飛び組に差し替え。circle_pct上位2艇に絞り込むこと。\n展示で1号艇スタート超安定(0.137秒)→ヒモ固まり方向に注意'}",,,27.6,逃げ狙い,17.49,27.4,3,,,,,,,,,,,
2025-12-07,丸亀,6,4,赤池修平,B1,20.41,4,,6.3805,10.3,55,29.2,0.1398,2.9896,,,0,低,135,0,ま0%,5 164,0,53.3,0.6806,0,0,0.1,0,0,0.0444,0.3111,0.3333,,,E,,,0.2915,0.614,,0.5963,A,79,0,◎-○軸 3着3〜4艇流し（10〜15点）,0.5777,"{'is_target': True, 'verdict': '点数絞り', 'max_combo_prob': 0.1059, 'est_top_odds': 12.6, 'circle_concentration': 73.4, 'eligible_count': 8, 'bet_adj': 0, 'reason': 'rel_win1=58.7%（本命度） / 最有力組み合わせ確率: 0.106（推定実オッズ?13倍） / 2着集中度: 上位2艇 73.4%（補正+0.04） / 総合判定確率: 0.146 / → ヒモはやや固め。上位2艇以外を切ること', 'tenji_trigger': '展示確認: 1号艇伸び良→そのまま採用。悪→飛び組に差し替え。circle_pct上位2艇に絞り込むこと。\n展示で1号艇スタート超安定(0.137秒)→ヒモ固まり方向に注意'}",,,27.6,逃げ狙い,17.49,27.4,3,,,,,,,,,,,
2025-12-07,丸亀,6,5,金田幸子,A2,36.84,5,▲,8.1369,11.3,100,33.3,0.1812,4.1042,,,0,低,50,0,ま0%,226545,0,27.9,1.1162,0,0,0.0769,0,0,0.2,0.0667,0.2,,,B,△,,0.1561,0.636,,0.5963,A,79,0,◎-○軸 3着3〜4艇流し（10〜15点）,0.5777,"{'is_target': True, 'verdict': '点数絞り', 'max_combo_prob': 0.1059, 'est_top_odds': 12.6, 'circle_concentration': 73.4, 'eligible_count': 8, 'bet_adj': 0, 'reason': 'rel_win1=58.7%（本命度） / 最有力組み合わせ確率: 0.106（推定実オッズ?13倍） / 2着集中度: 上位2艇 73.4%（補正+0.04） / 総合判定確率: 0.146 / → ヒモはやや固め。上位2艇以外を切ること', 'tenji_trigger': '展示確認: 1号艇伸び良→そのまま採用。悪→飛び組に差し替え。circle_pct上位2艇に絞り込むこと。\n展示で1号艇スタート超安定(0.137秒)→ヒモ固まり方向に注意'}",,,27.6,逃げ狙い,17.49,27.4,3,,,,,,,,,,,
2025-12-07,丸亀,6,6,中岡正彦,A1,29.82,6,,2.1358,5,66,40,0.218,4.6,,,0,低,42,1,-,111131,0,62.1,1.5533,,,,,,0.1103,0,0.0588,,,C,△,,0.1368,0.649,,0.5963,A,79,0,◎-○軸 3着3〜4艇流し（10〜15点）,0.5777,"{'is_target': True, 'verdict': '点数絞り', 'max_combo_prob': 0.1059, 'est_top_odds': 12.6, 'circle_concentration': 73.4, 'eligible_count': 8, 'bet_adj': 0, 'reason': 'rel_win1=58.7%（本命度） / 最有力組み合わせ確率: 0.106（推定実オッズ?13倍） / 2着集中度: 上位2艇 73.4%（補正+0.04） / 総合判定確率: 0.146 / → ヒモはやや固め。上位2艇以外を切ること', 'tenji_trigger': '展示確認: 1号艇伸び良→そのまま採用。悪→飛び組に差し替え。circle_pct上位2艇に絞り込むこと。\n展示で1号艇スタート超安定(0.137秒)→ヒモ固まり方向に注意'}",,,27.6,逃げ狙い,17.49,27.4,3,,,,,,,,,,,
2025-12-07,丸亀,7,1,松尾　祭,A2,33.33,1,◎,54.7829,,0,87.2,0.1624,3.1218,,,0,低,144,0,逃0% 抜0%,326425,0,64.8,1.0359,0.5135,,,,,0.1086,0.0654,0.2501,○,,C,,,,0.6215,,0.4082,A,76,0,◎-○軸 3着3〜4艇流し（10〜15点）,0.5777,"{'is_target': True, 'verdict': '参加推奨', 'max_combo_prob': 0.0409, 'est_top_odds': 32.6, 'circle_concentration': 47.4, 'eligible_count': 8, 'bet_adj': 2, 'reason': 'rel_win1=54.8%（本命度） / 最有力組み合わせ確率: 0.041（推定実オッズ?33倍） / 2着集中度: 上位2艇 47.4%（補正-0.04） / 総合判定確率: 0.001 / → ヒモ分散。1号艇1着固定で広めのヒモ流し推奨（買い目+2点）', 'tenji_trigger': '展示確認: ヒモ分散レース。1号艇伸び確認後、広めのヒモ流しを採用。穴ヒモ（5・6号艇）を積極的に含める。'}",,,28.4,逃げ狙い,16.75,30.4,4,,,,,0,0,0.6155,0,,逃げ軸流し,A
2025-12-07,丸亀,7,2,中里昌志,B1,21.31,2,,9.6988,22.2,68,50,0.2015,4.2045,,,0,低,140,0,差0%,465 6,0,100,0.8557,0,0.04,0,0,0,0.3162,0.2152,0.1962,,,E,,,0.0737,0.604,,0.4082,A,76,0,◎-○軸 3着3〜4艇流し（10〜15点）,0.5777,"{'is_target': True, 'verdict': '参加推奨', 'max_combo_prob': 0.0409, 'est_top_odds': 32.6, 'circle_concentration': 47.4, 'eligible_count': 8, 'bet_adj': 2, 'reason': 'rel_win1=54.8%（本命度） / 最有力組み合わせ確率: 0.041（推定実オッズ?33倍） / 2着集中度: 上位2艇 47.4%（補正-0.04） / 総合判定確率: 0.001 / → ヒモ分散。1号艇1着固定で広めのヒモ流し推奨（買い目+2点）', 'tenji_trigger': '展示確認: ヒモ分散レース。1号艇伸び確認後、広めのヒモ流しを採用。穴ヒモ（5・6号艇）を積極的に含める。'}",,,28.4,逃げ狙い,16.75,30.4,4,,,,,,,,,,,
2025-12-07,丸亀,7,3,山地正樹,B1,15.69,3,,6.0935,21.3,54,38.9,0.1653,3.5972,,,0,低,88,0,差ま0%,545 2,0,37,1.0029,0,0,0,0.0741,0.037,0.2091,0.1545,0.1364,,,E,△,,0.2927,0.642,,0.4082,A,76,0,◎-○軸 3着3〜4艇流し（10〜15点）,0.5777,"{'is_target': True, 'verdict': '参加推奨', 'max_combo_prob': 0.0409, 'est_top_odds': 32.6, 'circle_concentration': 47.4, 'eligible_count': 8, 'bet_adj': 2, 'reason': 'rel_win1=54.8%（本命度） / 最有力組み合わせ確率: 0.041（推定実オッズ?33倍） / 2着集中度: 上位2艇 47.4%（補正-0.04） / 総合判定確率: 0.001 / → ヒモ分散。1号艇1着固定で広めのヒモ流し推奨（買い目+2点）', 'tenji_trigger': '展示確認: ヒモ分散レース。1号艇伸び確認後、広めのヒモ流しを採用。穴ヒモ（5・6号艇）を積極的に含める。'}",,,28.4,逃げ狙い,16.75,30.4,4,,,,,,,,,,,
2025-12-07,丸亀,7,4,井上一輝,A1,45.45,4,○,18.2962,25.2,100,71.9,0.1259,2.5781,,,0,低,55,0,ま0%,42S363,0,58.8,1.2687,0,0.037,0.2593,0.037,0,0.025,0.025,0.025,,◎,A,◎,◎,0.5001,0.691,0.4298,0.4082,A,76,0,◎-○軸 3着3〜4艇流し（10〜15点）,0.5777,"{'is_target': True, 'verdict': '参加推奨', 'max_combo_prob': 0.0409, 'est_top_odds': 32.6, 'circle_concentration': 47.4, 'eligible_count': 8, 'bet_adj': 2, 'reason': 'rel_win1=54.8%（本命度） / 最有力組み合わせ確率: 0.041（推定実オッズ?33倍） / 2着集中度: 上位2艇 47.4%（補正-0.04） / 総合判定確率: 0.001 / → ヒモ分散。1号艇1着固定で広めのヒモ流し推奨（買い目+2点）', 'tenji_trigger': '展示確認: ヒモ分散レース。1号艇伸び確認後、広めのヒモ流しを採用。穴ヒモ（5・6号艇）を積極的に含める。'}",,,28.4,逃げ狙い,16.75,30.4,4,,,,,,,,,,,
2025-12-07,丸亀,7,5,坪口竜也,A2,21.43,5,△,3.2864,17.7,75,50.9,0.1584,3.8,,,0,低,84,0,-,52451,0,30.6,0.7612,,,,,,0,0.0667,0.0333,,,D,○,,0.328,0.6815,,0.4082,A,76,0,◎-○軸 3着3〜4艇流し（10〜15点）,0.5777,"{'is_target': True, 'verdict': '参加推奨', 'max_combo_prob': 0.0409, 'est_top_odds': 32.6, 'circle_concentration': 47.4, 'eligible_count': 8, 'bet_adj': 2, 'reason': 'rel_win1=54.8%（本命度） / 最有力組み合わせ確率: 0.041（推定実オッズ?33倍） / 2着集中度: 上位2艇 47.4%（補正-0.04） / 総合判定確率: 0.001 / → ヒモ分散。1号艇1着固定で広めのヒモ流し推奨（買い目+2点）', 'tenji_trigger': '展示確認: ヒモ分散レース。1号艇伸び確認後、広めのヒモ流しを採用。穴ヒモ（5・6号艇）を積極的に含める。'}",,,28.4,逃げ狙い,16.75,30.4,4,,,,,,,,,,,
2025-12-07,丸亀,7,6,金子拓矢,A1,55.36,6,▲,7.8423,13.7,68,61.4,0.1528,3.4035,,,0,低,69,0,ま0% 差ま0% 抜0%,131113,0,26.3,2.5606,0,0,0.0345,0.0345,0.0345,0.0105,0.1516,0.0705,,,A,△,○,0.3235,0.661,0.2545,0.4082,A,76,0,◎-○軸 3着3〜4艇流し（10〜15点）,0.5777,"{'is_target': True, 'verdict': '参加推奨', 'max_combo_prob': 0.0409, 'est_top_odds': 32.6, 'circle_concentration': 47.4, 'eligible_count': 8, 'bet_adj': 2, 'reason': 'rel_win1=54.8%（本命度） / 最有力組み合わせ確率: 0.041（推定実オッズ?33倍） / 2着集中度: 上位2艇 47.4%（補正-0.04） / 総合判定確率: 0.001 / → ヒモ分散。1号艇1着固定で広めのヒモ流し推奨（買い目+2点）', 'tenji_trigger': '展示確認: ヒモ分散レース。1号艇伸び確認後、広めのヒモ流しを採用。穴ヒモ（5・6号艇）を積極的に含める。'}",,,28.4,逃げ狙い,16.75,30.4,4,,,,,,,,,,,
2025-12-07,丸亀,8,1,清水敦揮,A1,26.47,1,◎,71.7353,,0,97.6,0.1414,2.6726,,,0,低,120,0,逃1%,114523,0,86.2,1.0881,0.6667,,,,,0.0308,0.2115,0.1808,◎,,D,○,,,0.607,,0.664,S,86,0,◎1着固定 2-3着流し（5〜8点）,0.5777,"{'is_target': True, 'verdict': '点数絞り', 'max_combo_prob': 0.1546, 'est_top_odds': 8.6, 'circle_concentration': 78.9, 'eligible_count': 6, 'bet_adj': 0, 'reason': 'rel_win1=71.7%（本命度） / 最有力組み合わせ確率: 0.155（推定実オッズ?9倍） / 2着集中度: 上位2艇 78.9%（補正+0.04） / 総合判定確率: 0.195 / → ヒモはやや固め。上位2艇以外を切ること', 'tenji_trigger': '展示確認: 1号艇伸び良→そのまま採用。悪→飛び組に差し替え。circle_pct上位2艇に絞り込むこと。'}",,,27.2,逃げ狙い,14.18,29.2,2,,,,,0,0,0.7559,0,,逃げ軸流し,A
2025-12-07,丸亀,8,2,品川二千,A2,41.07,2,○,10.8387,63.8,96,66,0.1821,3.8936,,,0,低,103,0,-,6 3326,0,49.6,1.0528,,,,,,0.1681,0.1188,0.0348,,,A,△,,0.0821,0.605,,0.664,S,86,0,◎1着固定 2-3着流し（5〜8点）,0.5777,"{'is_target': True, 'verdict': '点数絞り', 'max_combo_prob': 0.1546, 'est_top_odds': 8.6, 'circle_concentration': 78.9, 'eligible_count': 6, 'bet_adj': 0, 'reason': 'rel_win1=71.7%（本命度） / 最有力組み合わせ確率: 0.155（推定実オッズ?9倍） / 2着集中度: 上位2艇 78.9%（補正+0.04） / 総合判定確率: 0.195 / → ヒモはやや固め。上位2艇以外を切ること', 'tenji_trigger': '展示確認: 1号艇伸び良→そのまま採用。悪→飛び組に差し替え。circle_pct上位2艇に絞り込むこと。'}",,,27.2,逃げ狙い,14.18,29.2,2,,,,,,,,,,,
2025-12-07,丸亀,8,3,渡邊哲也,B1,34.48,3,,3.9113,15.1,84,31.7,0.1773,4.2805,,,0,低,114,0,-,6 2 65,0,40.7,0.6423,,,,,,0.04,0.28,0.32,,,C,,,0.1559,0.4815,,0.664,S,86,0,◎1着固定 2-3着流し（5〜8点）,0.5777,"{'is_target': True, 'verdict': '点数絞り', 'max_combo_prob': 0.1546, 'est_top_odds': 8.6, 'circle_concentration': 78.9, 'eligible_count': 6, 'bet_adj': 0, 'reason': 'rel_win1=71.7%（本命度） / 最有力組み合わせ確率: 0.155（推定実オッズ?9倍） / 2着集中度: 上位2艇 78.9%（補正+0.04） / 総合判定確率: 0.195 / → ヒモはやや固め。上位2艇以外を切ること', 'tenji_trigger': '展示確認: 1号艇伸び良→そのまま採用。悪→飛び組に差し替え。circle_pct上位2艇に絞り込むこと。'}",,,27.2,逃げ狙い,14.18,29.2,2,,,,,,,,,,,
2025-12-07,丸亀,8,4,藤生雄人,A2,35.19,4,▲,9.1534,14.5,100,55.1,0.1659,3.2449,,,0,低,117,0,ま0% 差ま0% 抜0%,622434,0,63.8,1.1511,0,0,0.125,0.0417,0.0417,0.019,0.0762,0.019,,,C,◎,◎,0.2448,0.6185,0.3339,0.664,S,86,0,◎1着固定 2-3着流し（5〜8点）,0.5777,"{'is_target': True, 'verdict': '点数絞り', 'max_combo_prob': 0.1546, 'est_top_odds': 8.6, 'circle_concentration': 78.9, 'eligible_count': 6, 'bet_adj': 0, 'reason': 'rel_win1=71.7%（本命度） / 最有力組み合わせ確率: 0.155（推定実オッズ?9倍） / 2着集中度: 上位2艇 78.9%（補正+0.04） / 総合判定確率: 0.195 / → ヒモはやや固め。上位2艇以外を切ること', 'tenji_trigger': '展示確認: 1号艇伸び良→そのまま採用。悪→飛び組に差し替え。circle_pct上位2艇に絞り込むこと。'}",,,27.2,逃げ狙い,14.18,29.2,2,,,,,,,,,,,
2025-12-07,丸亀,8,5,早川尚人,B1,40.35,5,△,3.3107,5.5,75,24.7,0.1788,3.4178,,,0,低,158,0,差ま0%,5 551,0,39,0.766,0,0,0,0.0345,0,0.4743,0.1771,0.0952,,,B,△,,0.1916,0.5805,,0.664,S,86,0,◎1着固定 2-3着流し（5〜8点）,0.5777,"{'is_target': True, 'verdict': '点数絞り', 'max_combo_prob': 0.1546, 'est_top_odds': 8.6, 'circle_concentration': 78.9, 'eligible_count': 6, 'bet_adj': 0, 'reason': 'rel_win1=71.7%（本命度） / 最有力組み合わせ確率: 0.155（推定実オッズ?9倍） / 2着集中度: 上位2艇 78.9%（補正+0.04） / 総合判定確率: 0.195 / → ヒモはやや固め。上位2艇以外を切ること', 'tenji_trigger': '展示確認: 1号艇伸び良→そのまま採用。悪→飛び組に差し替え。circle_pct上位2艇に絞り込むこと。'}",,,27.2,逃げ狙い,14.18,29.2,2,,,,,,,,,,,
2025-12-07,丸亀,8,6,石原凪紗,B2,21.57,6,,1.0505,1.1,37,6.7,0.1847,4.0667,,,0,低,62,0,-,656 56,0,24.9,0.8422,,,,,,0.2643,0.0571,0.0571,,,E,,,0.2079,0.537,,0.664,S,86,0,◎1着固定 2-3着流し（5〜8点）,0.5777,"{'is_target': True, 'verdict': '点数絞り', 'max_combo_prob': 0.1546, 'est_top_odds': 8.6, 'circle_concentration': 78.9, 'eligible_count': 6, 'bet_adj': 0, 'reason': 'rel_win1=71.7%（本命度） / 最有力組み合わせ確率: 0.155（推定実オッズ?9倍） / 2着集中度: 上位2艇 78.9%（補正+0.04） / 総合判定確率: 0.195 / → ヒモはやや固め。上位2艇以外を切ること', 'tenji_trigger': '展示確認: 1号艇伸び良→そのまま採用。悪→飛び組に差し替え。circle_pct上位2艇に絞り込むこと。'}",,,27.2,逃げ狙い,14.18,29.2,2,,,,,,,,,,,
2025-12-07,丸亀,9,1,濱本優一,A2,39.62,1,◎,59.0751,,0,96.3,0.1468,2.5244,,,0,低,141,0,逃1%,221326,0,91.7,1.2224,0.7857,,,,,0.0429,0.1629,0,◎,,B,,,,0.61,,0.6216,A,73,0,◎-○軸 3着3〜4艇流し（10〜15点）,0.5777,"{'is_target': True, 'verdict': '参加推奨', 'max_combo_prob': 0.0663, 'est_top_odds': 20.1, 'circle_concentration': 58.0, 'eligible_count': 8, 'bet_adj': 2, 'reason': 'rel_win1=59.1%（本命度） / 最有力組み合わせ確率: 0.066（推定実オッズ?20倍） / 2着集中度: 上位2艇 58.0%（補正+0.00） / 総合判定確率: 0.066 / → ヒモ分散。1号艇1着固定で広めのヒモ流し推奨（買い目+2点）', 'tenji_trigger': '展示確認: ヒモ分散レース。1号艇伸び確認後、広めのヒモ流しを採用。穴ヒモ（5・6号艇）を積極的に含める。'}",,,29.6,逃げ狙い,25.43,26.3,2,,,,,0,0,0.7559,0,,逃げ軸流し,A
2025-12-07,丸亀,9,2,竹井奈美,B2,30.19,2,△,15.362,31.3,76,85.7,0.1607,3.2143,,,0,低,30,1,差0% ま0%,332 11,0,69,1.3705,0,0.25,0.0833,0,0,0,0.0667,0,,,C,○,,0.2154,0.6455,,0.6216,A,73,0,◎-○軸 3着3〜4艇流し（10〜15点）,0.5777,"{'is_target': True, 'verdict': '参加推奨', 'max_combo_prob': 0.0663, 'est_top_odds': 20.1, 'circle_concentration': 58.0, 'eligible_count': 8, 'bet_adj': 2, 'reason': 'rel_win1=59.1%（本命度） / 最有力組み合わせ確率: 0.066（推定実オッズ?20倍） / 2着集中度: 上位2艇 58.0%（補正+0.00） / 総合判定確率: 0.066 / → ヒモ分散。1号艇1着固定で広めのヒモ流し推奨（買い目+2点）', 'tenji_trigger': '展示確認: ヒモ分散レース。1号艇伸び確認後、広めのヒモ流しを採用。穴ヒモ（5・6号艇）を積極的に含める。'}",,,29.6,逃げ狙い,25.43,26.3,2,,,,,,,,,,,
2025-12-07,丸亀,9,3,榎　幸司,A1,22.22,3,,11.6985,26.6,100,71.2,0.1837,3.8814,,,0,低,175,0,差0% 差ま0%,363231,0,52.8,1.2815,0,0.0385,0,0.1154,0,0.0945,0.02,0.04,,,E,△,,0.1217,0.622,,0.6216,A,73,0,◎-○軸 3着3〜4艇流し（10〜15点）,0.5777,"{'is_target': True, 'verdict': '参加推奨', 'max_combo_prob': 0.0663, 'est_top_odds': 20.1, 'circle_concentration': 58.0, 'eligible_count': 8, 'bet_adj': 2, 'reason': 'rel_win1=59.1%（本命度） / 最有力組み合わせ確率: 0.066（推定実オッズ?20倍） / 2着集中度: 上位2艇 58.0%（補正+0.00） / 総合判定確率: 0.066 / → ヒモ分散。1号艇1着固定で広めのヒモ流し推奨（買い目+2点）', 'tenji_trigger': '展示確認: ヒモ分散レース。1号艇伸び確認後、広めのヒモ流しを採用。穴ヒモ（5・6号艇）を積極的に含める。'}",,,29.6,逃げ狙い,25.43,26.3,2,,,,,,,,,,,
2025-12-07,丸亀,9,4,田中辰彦,A1,36.36,4,▲,7.1318,20.2,76,68.7,0.1439,3.1493,,,0,低,117,0,-,142164,0,25.5,0.7283,0,0,0,0.069,0,0.0114,0.2229,0.0571,,,C,◎,◎,0.3003,0.662,0.404,0.6216,A,73,0,◎-○軸 3着3〜4艇流し（10〜15点）,0.5777,"{'is_target': True, 'verdict': '参加推奨', 'max_combo_prob': 0.0663, 'est_top_odds': 20.1, 'circle_concentration': 58.0, 'eligible_count': 8, 'bet_adj': 2, 'reason': 'rel_win1=59.1%（本命度） / 最有力組み合わせ確率: 0.066（推定実オッズ?20倍） / 2着集中度: 上位2艇 58.0%（補正+0.00） / 総合判定確率: 0.066 / → ヒモ分散。1号艇1着固定で広めのヒモ流し推奨（買い目+2点）', 'tenji_trigger': '展示確認: ヒモ分散レース。1号艇伸び確認後、広めのヒモ流しを採用。穴ヒモ（5・6号艇）を積極的に含める。'}",,,29.6,逃げ狙い,25.43,26.3,2,,,,,,,,,,,
2025-12-07,丸亀,9,5,澤　大介,B1,44.64,5,○,5.867,15.8,40,37.3,0.1636,3.2797,,,0,低,129,0,差ま0%,345 12,0,49.8,1.1012,0,0,0,0.0417,0,0.46,0.28,0.04,,,A,,○,0.2297,0.5755,0.2291,0.6216,A,73,0,◎-○軸 3着3〜4艇流し（10〜15点）,0.5777,"{'is_target': True, 'verdict': '参加推奨', 'max_combo_prob': 0.0663, 'est_top_odds': 20.1, 'circle_concentration': 58.0, 'eligible_count': 8, 'bet_adj': 2, 'reason': 'rel_win1=59.1%（本命度） / 最有力組み合わせ確率: 0.066（推定実オッズ?20倍） / 2着集中度: 上位2艇 58.0%（補正+0.00） / 総合判定確率: 0.066 / → ヒモ分散。1号艇1着固定で広めのヒモ流し推奨（買い目+2点）', 'tenji_trigger': '展示確認: ヒモ分散レース。1号艇伸び確認後、広めのヒモ流しを採用。穴ヒモ（5・6号艇）を積極的に含める。'}",,,29.6,逃げ狙い,25.43,26.3,2,,,,,,,,,,,
2025-12-07,丸亀,9,6,木下雄介,A2,22.64,6,,0.8657,6,63,39.5,0.1735,3.8256,,,0,低,69,0,-,611 44,0,74.1,1.5233,,,,,,0,0.3169,0.0462,,,E,△,,0.2287,0.612,,0.6216,A,73,0,◎-○軸 3着3〜4艇流し（10〜15点）,0.5777,"{'is_target': True, 'verdict': '参加推奨', 'max_combo_prob': 0.0663, 'est_top_odds': 20.1, 'circle_concentration': 58.0, 'eligible_count': 8, 'bet_adj': 2, 'reason': 'rel_win1=59.1%（本命度） / 最有力組み合わせ確率: 0.066（推定実オッズ?20倍） / 2着集中度: 上位2艇 58.0%（補正+0.00） / 総合判定確率: 0.066 / → ヒモ分散。1号艇1着固定で広めのヒモ流し推奨（買い目+2点）', 'tenji_trigger': '展示確認: ヒモ分散レース。1号艇伸び確認後、広めのヒモ流しを採用。穴ヒモ（5・6号艇）を積極的に含める。'}",,,29.6,逃げ狙い,25.43,26.3,2,,,,,,,,,,,
2025-12-07,丸亀,10,1,中岡正彦,A1,29.82,1,◎,65.4985,,0,93.3,0.1175,2.4083,,,0,低,42,0,逃1%,111131,0,87.1,1.1093,0.7647,,,,,0.1103,0,0.0588,◎,,C,○,,,0.649,,0.7398,S,100,0,◎1着固定 2-3着流し（5〜8点）,0.5777,"{'is_target': True, 'verdict': '参加推奨', 'max_combo_prob': 0.0802, 'est_top_odds': 16.6, 'circle_concentration': 67.7, 'eligible_count': 6, 'bet_adj': 2, 'reason': 'rel_win1=65.5%（本命度） / 最有力組み合わせ確率: 0.080（推定実オッズ?17倍） / 2着集中度: 上位2艇 67.7%（補正+0.00） / 総合判定確率: 0.080 / → ヒモ分散。1号艇1着固定で広めのヒモ流し推奨（買い目+2点）', 'tenji_trigger': '展示確認: ヒモ分散レース。1号艇伸び確認後、広めのヒモ流しを採用。穴ヒモ（5・6号艇）を積極的に含める。\n展示で1号艇スタート超安定(0.117秒)→ヒモ固まり方向に注意'}",,,25.9,逃げ狙い,15.38,24.2,3,,,,,0,0,0.7559,0,,逃げ軸流し,A
2025-12-07,丸亀,10,2,中北将史,B1,26.56,2,△,9.4724,36.2,100,53.6,0.1419,2.8551,,,0,低,132,0,差0% 抜0%,2 422,0,46.2,0.8803,0,0.1515,0,0,0.0303,0.4471,0.0941,0.0941,,,D,△,,0.091,0.6005,,0.7398,S,100,0,◎1着固定 2-3着流し（5〜8点）,0.5777,"{'is_target': True, 'verdict': '参加推奨', 'max_combo_prob': 0.0802, 'est_top_odds': 16.6, 'circle_concentration': 67.7, 'eligible_count': 6, 'bet_adj': 2, 'reason': 'rel_win1=65.5%（本命度） / 最有力組み合わせ確率: 0.080（推定実オッズ?17倍） / 2着集中度: 上位2艇 67.7%（補正+0.00） / 総合判定確率: 0.080 / → ヒモ分散。1号艇1着固定で広めのヒモ流し推奨（買い目+2点）', 'tenji_trigger': '展示確認: ヒモ分散レース。1号艇伸び確認後、広めのヒモ流しを採用。穴ヒモ（5・6号艇）を積極的に含める。\n展示で1号艇スタート超安定(0.117秒)→ヒモ固まり方向に注意'}",,,25.9,逃げ狙い,15.38,24.2,3,,,,,,,,,,,
2025-12-07,丸亀,10,3,吉島祥之,A2,33.33,3,○,14.0181,31.5,85,60.9,0.1575,3.2174,,,0,低,154,0,ま0% 差ま0%,35113,0,53.5,1.2469,0,0,0.0435,0.1739,0,0.0114,0.1676,0.0229,,,B,,,0.142,0.5955,,0.7398,S,100,0,◎1着固定 2-3着流し（5〜8点）,0.5777,"{'is_target': True, 'verdict': '参加推奨', 'max_combo_prob': 0.0802, 'est_top_odds': 16.6, 'circle_concentration': 67.7, 'eligible_count': 6, 'bet_adj': 2, 'reason': 'rel_win1=65.5%（本命度） / 最有力組み合わせ確率: 0.080（推定実オッズ?17倍） / 2着集中度: 上位2艇 67.7%（補正+0.00） / 総合判定確率: 0.080 / → ヒモ分散。1号艇1着固定で広めのヒモ流し推奨（買い目+2点）', 'tenji_trigger': '展示確認: ヒモ分散レース。1号艇伸び確認後、広めのヒモ流しを採用。穴ヒモ（5・6号艇）を積極的に含める。\n展示で1号艇スタート超安定(0.117秒)→ヒモ固まり方向に注意'}",,,25.9,逃げ狙い,15.38,24.2,3,,,,,,,,,,,
2025-12-07,丸亀,10,4,吉川昭男,A2,14.63,4,,7.7949,18.1,65,50,0.1739,3.75,,,0,低,79,0,ま0%,641 31,0,45.9,1.0385,0,0,0.0909,0,0,0.1771,0.2257,0.0343,,,E,◎,,0.1231,0.667,,0.7398,S,100,0,◎1着固定 2-3着流し（5〜8点）,0.5777,"{'is_target': True, 'verdict': '参加推奨', 'max_combo_prob': 0.0802, 'est_top_odds': 16.6, 'circle_concentration': 67.7, 'eligible_count': 6, 'bet_adj': 2, 'reason': 'rel_win1=65.5%（本命度） / 最有力組み合わせ確率: 0.080（推定実オッズ?17倍） / 2着集中度: 上位2艇 67.7%（補正+0.00） / 総合判定確率: 0.080 / → ヒモ分散。1号艇1着固定で広めのヒモ流し推奨（買い目+2点）', 'tenji_trigger': '展示確認: ヒモ分散レース。1号艇伸び確認後、広めのヒモ流しを採用。穴ヒモ（5・6号艇）を積極的に含める。\n展示で1号艇スタート超安定(0.117秒)→ヒモ固まり方向に注意'}",,,25.9,逃げ狙い,15.38,24.2,3,,,,,,,,,,,
2025-12-07,丸亀,10,5,常盤海心,B1,32.14,5,▲,2.2279,13.2,93,35.2,0.1756,4.0463,,,0,低,136,0,-,3 134,0,28.8,1.0238,,,,,,0.0667,0.6,0.2667,,,B,,,0.1364,0.592,,0.7398,S,100,0,◎1着固定 2-3着流し（5〜8点）,0.5777,"{'is_target': True, 'verdict': '参加推奨', 'max_combo_prob': 0.0802, 'est_top_odds': 16.6, 'circle_concentration': 67.7, 'eligible_count': 6, 'bet_adj': 2, 'reason': 'rel_win1=65.5%（本命度） / 最有力組み合わせ確率: 0.080（推定実オッズ?17倍） / 2着集中度: 上位2艇 67.7%（補正+0.00） / 総合判定確率: 0.080 / → ヒモ分散。1号艇1着固定で広めのヒモ流し推奨（買い目+2点）', 'tenji_trigger': '展示確認: ヒモ分散レース。1号艇伸び確認後、広めのヒモ流しを採用。穴ヒモ（5・6号艇）を積極的に含める。\n展示で1号艇スタート超安定(0.117秒)→ヒモ固まり方向に注意'}",,,25.9,逃げ狙い,15.38,24.2,3,,,,,,,,,,,
2025-12-07,丸亀,10,6,酒井陽祐,B1,29.31,6,,0.9883,1,32,14,0.19,4.7209,,,0,低,117,0,-,3 326,0,28.7,0.8733,,,,,,0.2222,0,0.3333,,,C,△,,0.135,0.62,,0.7398,S,100,0,◎1着固定 2-3着流し（5〜8点）,0.5777,"{'is_target': True, 'verdict': '参加推奨', 'max_combo_prob': 0.0802, 'est_top_odds': 16.6, 'circle_concentration': 67.7, 'eligible_count': 6, 'bet_adj': 2, 'reason': 'rel_win1=65.5%（本命度） / 最有力組み合わせ確率: 0.080（推定実オッズ?17倍） / 2着集中度: 上位2艇 67.7%（補正+0.00） / 総合判定確率: 0.080 / → ヒモ分散。1号艇1着固定で広めのヒモ流し推奨（買い目+2点）', 'tenji_trigger': '展示確認: ヒモ分散レース。1号艇伸び確認後、広めのヒモ流しを採用。穴ヒモ（5・6号艇）を積極的に含める。\n展示で1号艇スタート超安定(0.117秒)→ヒモ固まり方向に注意'}",,,25.9,逃げ狙い,15.38,24.2,3,,,,,,,,,,,
2025-12-07,丸亀,11,1,金子拓矢,A1,55.36,1,◎,64.5499,,0,98.7,0.1408,2.4667,,,0,低,69,0,逃1%,131113,0,93.5,1.2682,0.8158,,,,,0.0105,0.1516,0.0705,◎,,A,◎,,,0.661,,0.6152,S,91,0,◎1着固定 2-3着流し（5〜8点）,0.5777,"{'is_target': True, 'verdict': '参加推奨', 'max_combo_prob': 0.0706, 'est_top_odds': 18.9, 'circle_concentration': 62.1, 'eligible_count': 6, 'bet_adj': 2, 'reason': 'rel_win1=64.5%（本命度） / 最有力組み合わせ確率: 0.071（推定実オッズ?19倍） / 2着集中度: 上位2艇 62.1%（補正+0.00） / 総合判定確率: 0.071 / → ヒモ分散。1号艇1着固定で広めのヒモ流し推奨（買い目+2点）', 'tenji_trigger': '展示確認: ヒモ分散レース。1号艇伸び確認後、広めのヒモ流しを採用。穴ヒモ（5・6号艇）を積極的に含める。'}",,,26.5,逃げ狙い,15.67,25.9,2,,,,,0,0,0.7559,0,,逃げ軸流し,A
2025-12-07,丸亀,11,2,清水敦揮,A1,26.47,2,▲,15.9478,41.5,100,73.6,0.1519,3.2264,,,0,低,120,0,-,114523,0,45.9,1.0679,0,0.24,0,0,0,0.0308,0.2115,0.1808,,,D,,,0.2459,0.607,,0.6152,S,91,0,◎1着固定 2-3着流し（5〜8点）,0.5777,"{'is_target': True, 'verdict': '参加推奨', 'max_combo_prob': 0.0706, 'est_top_odds': 18.9, 'circle_concentration': 62.1, 'eligible_count': 6, 'bet_adj': 2, 'reason': 'rel_win1=64.5%（本命度） / 最有力組み合わせ確率: 0.071（推定実オッズ?19倍） / 2着集中度: 上位2艇 62.1%（補正+0.00） / 総合判定確率: 0.071 / → ヒモ分散。1号艇1着固定で広めのヒモ流し推奨（買い目+2点）', 'tenji_trigger': '展示確認: ヒモ分散レース。1号艇伸び確認後、広めのヒモ流しを採用。穴ヒモ（5・6号艇）を積極的に含める。'}",,,26.5,逃げ狙い,15.67,25.9,2,,,,,,,,,,,
2025-12-07,丸亀,11,3,石川　諒,B1,46.43,3,○,7.9584,19.2,97,52.2,0.154,3.1567,,,0,低,71,0,差ま0%,152 2,0,31.8,0.9385,0,0,0,0.069,0,0.0421,0.1278,0.1489,,,A,○,,0.2191,0.6605,,0.6152,S,91,0,◎1着固定 2-3着流し（5〜8点）,0.5777,"{'is_target': True, 'verdict': '参加推奨', 'max_combo_prob': 0.0706, 'est_top_odds': 18.9, 'circle_concentration': 62.1, 'eligible_count': 6, 'bet_adj': 2, 'reason': 'rel_win1=64.5%（本命度） / 最有力組み合わせ確率: 0.071（推定実オッズ?19倍） / 2着集中度: 上位2艇 62.1%（補正+0.00） / 総合判定確率: 0.071 / → ヒモ分散。1号艇1着固定で広めのヒモ流し推奨（買い目+2点）', 'tenji_trigger': '展示確認: ヒモ分散レース。1号艇伸び確認後、広めのヒモ流しを採用。穴ヒモ（5・6号艇）を積極的に含める。'}",,,26.5,逃げ狙い,15.67,25.9,2,,,,,,,,,,,
2025-12-07,丸亀,11,4,外崎　悟,A2,17.02,4,,5.4601,20.6,95,56.4,0.1436,2.7636,,,0,低,91,0,-,1 3451,0,42.2,0.9889,0,0.0909,0.0455,0,0,0,0.219,0.0333,,,E,△,,0.284,0.6445,,0.6152,S,91,0,◎1着固定 2-3着流し（5〜8点）,0.5777,"{'is_target': True, 'verdict': '参加推奨', 'max_combo_prob': 0.0706, 'est_top_odds': 18.9, 'circle_concentration': 62.1, 'eligible_count': 6, 'bet_adj': 2, 'reason': 'rel_win1=64.5%（本命度） / 最有力組み合わせ確率: 0.071（推定実オッズ?19倍） / 2着集中度: 上位2艇 62.1%（補正+0.00） / 総合判定確率: 0.071 / → ヒモ分散。1号艇1着固定で広めのヒモ流し推奨（買い目+2点）', 'tenji_trigger': '展示確認: ヒモ分散レース。1号艇伸び確認後、広めのヒモ流しを採用。穴ヒモ（5・6号艇）を積極的に含める。'}",,,26.5,逃げ狙い,15.67,25.9,2,,,,,,,,,,,
2025-12-07,丸亀,11,5,麻生慎介,A2,26.23,5,△,5.1732,18,95,61.7,0.1179,2.4362,,,0,低,66,0,差ま0%,143432,0,34.7,0.8557,0,0,0,0.125,0.0833,0.0381,0.4362,0.0381,,,D,◎,◎,0.3763,0.661,0.4859,0.6152,S,91,0,◎1着固定 2-3着流し（5〜8点）,0.5777,"{'is_target': True, 'verdict': '参加推奨', 'max_combo_prob': 0.0706, 'est_top_odds': 18.9, 'circle_concentration': 62.1, 'eligible_count': 6, 'bet_adj': 2, 'reason': 'rel_win1=64.5%（本命度） / 最有力組み合わせ確率: 0.071（推定実オッズ?19倍） / 2着集中度: 上位2艇 62.1%（補正+0.00） / 総合判定確率: 0.071 / → ヒモ分散。1号艇1着固定で広めのヒモ流し推奨（買い目+2点）', 'tenji_trigger': '展示確認: ヒモ分散レース。1号艇伸び確認後、広めのヒモ流しを採用。穴ヒモ（5・6号艇）を積極的に含める。'}",,,26.5,逃げ狙い,15.67,25.9,2,,,,,,,,,,,
2025-12-07,丸亀,11,6,松尾　祭,A2,33.33,6,,0.9106,0.7,81,26.9,0.2044,4.7788,,,0,低,144,0,-,326425,0,26.3,0.8481,,,,,,0.1086,0.0654,0.2501,,,C,△,,0.1361,0.6215,,0.6152,S,91,0,◎1着固定 2-3着流し（5〜8点）,0.5777,"{'is_target': True, 'verdict': '参加推奨', 'max_combo_prob': 0.0706, 'est_top_odds': 18.9, 'circle_concentration': 62.1, 'eligible_count': 6, 'bet_adj': 2, 'reason': 'rel_win1=64.5%（本命度） / 最有力組み合わせ確率: 0.071（推定実オッズ?19倍） / 2着集中度: 上位2艇 62.1%（補正+0.00） / 総合判定確率: 0.071 / → ヒモ分散。1号艇1着固定で広めのヒモ流し推奨（買い目+2点）', 'tenji_trigger': '展示確認: ヒモ分散レース。1号艇伸び確認後、広めのヒモ流しを採用。穴ヒモ（5・6号艇）を積極的に含める。'}",,,26.5,逃げ狙い,15.67,25.9,2,,,,,,,,,,,
2025-12-07,丸亀,12,1,赤池修平,B1,20.41,1,○,52.3224,,0,54,0.2078,4.4595,,,0,低,135,0,逃0%,5 164,0,40.4,0.7597,0.2778,,,,,0.0444,0.3111,0.3333,,,E,,,,0.614,,0.1452,C,42,0,荒れ傾向。高配当狙いか見送り,0.5777,"{'is_target': True, 'verdict': '点数絞り', 'max_combo_prob': 0.0812, 'est_top_odds': 16.4, 'circle_concentration': 74.6, 'eligible_count': 6, 'bet_adj': 0, 'reason': 'rel_win1=52.3%（本命度） / 最有力組み合わせ確率: 0.081（推定実オッズ?16倍） / 2着集中度: 上位2艇 74.6%（補正+0.04） / 総合判定確率: 0.121 / → ヒモはやや固め。上位2艇以外を切ること', 'tenji_trigger': '展示確認: 1号艇伸び良→そのまま採用。悪→飛び組に差し替え。circle_pct上位2艇に絞り込むこと。\n展示で1号艇スタート遅め(0.208秒)確認→ヒモが荒れやすい'}",,,35.9,両建て推奨,17.49,36.8,2,2-1-3|2-1-4|2-1-5|2-3-1|2-5-1|2-3-4|2-5-3|1-2-4|1-2-6|1-4-2,2-1-3|2-1-4|2-1-5|2-3-1|2-5-1|2-3-4|2-5-3|1-2-4|4-5-6|1-2-6|1-4-2|6-1-4,2-1-3:2.52%|2-1-4:2.35%|2-1-5:1.53%|2-3-1:0.78%|2-5-1:0.51%|2-3-4:0.39%|2-5-3:0.28%|1-2-4:5.94%|1-2-6:5.63%|1-4-2:3.68%,2-1-3:B_main|2-1-4:B_main|2-1-5:B_main|2-3-1:B_main|2-5-1:B_main|2-3-4:B_main|2-5-3:B_main|1-2-4:A|1-2-6:A|1-4-2:A,10,12,0.2915,1,[!]見送り推奨（主役決まり手「差し」― 逃げ劣勢レースで的中実績なし）,主役軸流し,B
2025-12-07,丸亀,12,2,井上一輝,A1,45.45,2,◎,20.285,57,100,86.3,0.1355,3.098,,,0,低,55,0,差0% ま0% 抜0%,42S363,0,85,1.4359,0,0.1905,0.0476,0,0.0476,0.025,0.025,0.025,,◎,A,◎,,0.5977,0.691,,0.1452,C,42,0,荒れ傾向。高配当狙いか見送り,0.5777,"{'is_target': True, 'verdict': '点数絞り', 'max_combo_prob': 0.0812, 'est_top_odds': 16.4, 'circle_concentration': 74.6, 'eligible_count': 6, 'bet_adj': 0, 'reason': 'rel_win1=52.3%（本命度） / 最有力組み合わせ確率: 0.081（推定実オッズ?16倍） / 2着集中度: 上位2艇 74.6%（補正+0.04） / 総合判定確率: 0.121 / → ヒモはやや固め。上位2艇以外を切ること', 'tenji_trigger': '展示確認: 1号艇伸び良→そのまま採用。悪→飛び組に差し替え。circle_pct上位2艇に絞り込むこと。\n展示で1号艇スタート遅め(0.208秒)確認→ヒモが荒れやすい'}",,,35.9,両建て推奨,17.49,36.8,2,,,,,,,,,,,
2025-12-07,丸亀,12,3,服部　剛,B1,30.51,3,,9.5113,17.7,82,48.2,0.2011,4.7232,,,0,低,197,0,ま0% 差ま0% 抜0%,5 256,0,23.3,0.9062,0,0,0.0357,0.0357,0.0357,0.2196,0.3065,0.0348,,,C,△,,0.3448,0.6415,,0.1452,C,42,0,荒れ傾向。高配当狙いか見送り,0.5777,"{'is_target': True, 'verdict': '点数絞り', 'max_combo_prob': 0.0812, 'est_top_odds': 16.4, 'circle_concentration': 74.6, 'eligible_count': 6, 'bet_adj': 0, 'reason': 'rel_win1=52.3%（本命度） / 最有力組み合わせ確率: 0.081（推定実オッズ?16倍） / 2着集中度: 上位2艇 74.6%（補正+0.04） / 総合判定確率: 0.121 / → ヒモはやや固め。上位2艇以外を切ること', 'tenji_trigger': '展示確認: 1号艇伸び良→そのまま採用。悪→飛び組に差し替え。circle_pct上位2艇に絞り込むこと。\n展示で1号艇スタート遅め(0.208秒)確認→ヒモが荒れやすい'}",,,35.9,両建て推奨,17.49,36.8,2,,,,,,,,,,,
2025-12-07,丸亀,12,4,前野竜一,A2,40.00,4,▲,8.3716,17.5,91,51.8,0.1593,3.0357,,,0,低,115,0,-,23362,0,71.5,1.2604,,,,,,0.0133,0.2267,0.1067,,○,B,,,0.5351,0.5985,,0.1452,C,42,0,荒れ傾向。高配当狙いか見送り,0.5777,"{'is_target': True, 'verdict': '点数絞り', 'max_combo_prob': 0.0812, 'est_top_odds': 16.4, 'circle_concentration': 74.6, 'eligible_count': 6, 'bet_adj': 0, 'reason': 'rel_win1=52.3%（本命度） / 最有力組み合わせ確率: 0.081（推定実オッズ?16倍） / 2着集中度: 上位2艇 74.6%（補正+0.04） / 総合判定確率: 0.121 / → ヒモはやや固め。上位2艇以外を切ること', 'tenji_trigger': '展示確認: 1号艇伸び良→そのまま採用。悪→飛び組に差し替え。circle_pct上位2艇に絞り込むこと。\n展示で1号艇スタート遅め(0.208秒)確認→ヒモが荒れやすい'}",,,35.9,両建て推奨,17.49,36.8,2,,,,,,,,,,,
2025-12-07,丸亀,12,5,藤生雄人,A2,35.19,5,△,7.9557,3,81,36.5,0.1856,3.7115,,,0,低,117,0,差ま0%,622434,0,60.8,1.124,0,0,0,0.0741,0,0.019,0.0762,0.019,,,C,△,,0.4058,0.6185,,0.1452,C,42,0,荒れ傾向。高配当狙いか見送り,0.5777,"{'is_target': True, 'verdict': '点数絞り', 'max_combo_prob': 0.0812, 'est_top_odds': 16.4, 'circle_concentration': 74.6, 'eligible_count': 6, 'bet_adj': 0, 'reason': 'rel_win1=52.3%（本命度） / 最有力組み合わせ確率: 0.081（推定実オッズ?16倍） / 2着集中度: 上位2艇 74.6%（補正+0.04） / 総合判定確率: 0.121 / → ヒモはやや固め。上位2艇以外を切ること', 'tenji_trigger': '展示確認: 1号艇伸び良→そのまま採用。悪→飛び組に差し替え。circle_pct上位2艇に絞り込むこと。\n展示で1号艇スタート遅め(0.208秒)確認→ヒモが荒れやすい'}",,,35.9,両建て推奨,17.49,36.8,2,,,,,,,,,,,
2025-12-07,丸亀,12,6,平山智加,A1,18.37,6,,1.554,4.9,80,40.9,0.1764,4.2727,,,0,低,46,0,-,156624,0,59.8,1.1756,,,,,,0,0.1818,0.1818,,△,E,○,,0.4593,0.651,,0.1452,C,42,0,荒れ傾向。高配当狙いか見送り,0.5777,"{'is_target': True, 'verdict': '点数絞り', 'max_combo_prob': 0.0812, 'est_top_odds': 16.4, 'circle_concentration': 74.6, 'eligible_count': 6, 'bet_adj': 0, 'reason': 'rel_win1=52.3%（本命度） / 最有力組み合わせ確率: 0.081（推定実オッズ?16倍） / 2着集中度: 上位2艇 74.6%（補正+0.04） / 総合判定確率: 0.121 / → ヒモはやや固め。上位2艇以外を切ること', 'tenji_trigger': '展示確認: 1号艇伸び良→そのまま採用。悪→飛び組に差し替え。circle_pct上位2艇に絞り込むこと。\n展示で1号艇スタート遅め(0.208秒)確認→ヒモが荒れやすい'}",,,35.9,両建て推奨,17.49,36.8,2,,,,,,,,,,,
2025-12-08,丸亀,1,1,石原凪紗,B2,21.57,1,◎,55.9947,,0,71.4,0.1664,3.25,,,0,低,62,1,逃0%,656 56,0,79.7,0.9534,0.4286,,,,,0.2643,0.0571,0.0571,○⚠️,,E,,,,0.537,,0.3678,B,55,0,◎○△フォーメーション（15〜20点）,0.5777,"{'is_target': True, 'verdict': '点数絞り', 'max_combo_prob': 0.098, 'est_top_odds': 13.6, 'circle_concentration': 77.9, 'eligible_count': 9, 'bet_adj': 0, 'reason': 'rel_win1=56.0%（本命度） / 最有力組み合わせ確率: 0.098（推定実オッズ?14倍） / 2着集中度: 上位2艇 77.9%（補正+0.04） / 総合判定確率: 0.138 / → ヒモはやや固め。上位2艇以外を切ること', 'tenji_trigger': '展示確認: 1号艇伸び良→そのまま採用。悪→飛び組に差し替え。circle_pct上位2艇に絞り込むこと。'}",,,28.9,両建て推奨,14.8,33.5,4,3-5-4|3-4-5|3-4-2|3-5-2|3-4-6|3-2-4|3-5-6|1-2-3|1-2-4|1-3-2|1-3-4,3-5-4|3-4-5|3-4-2|3-5-2|3-4-6|3-2-4|3-5-6|1-2-3|1-2-4|1-3-2|1-3-4|6-1-2,3-5-4:2.43%|3-4-5:2.21%|3-4-2:0.95%|3-5-2:0.94%|3-4-6:0.91%|3-2-4:0.91%|3-5-6:0.9%|1-2-3:7.3%|1-2-4:5.14%|1-3-2:4.85%|1-3-4:4.31%,3-5-4:B_main|3-4-5:B_main|3-4-2:B_main|3-5-2:B_main|3-4-6:B_main|3-2-4:B_main|3-5-6:B_main|1-2-3:A|1-2-4:A|1-3-2:A|1-3-4:A,11,12,0.4535,1,[!]見送り推奨（主役決まり手「まくり」― 逃げ劣勢レースで的中実績なし）,主役軸流し,B
2025-12-08,丸亀,1,2,吉田和仁,B1,40.68,2,○,13.4949,45.5,64,48.6,0.1603,3.1214,,,0,低,132,0,-,S 564,0,33.1,0.6129,0,0.0714,0,0,0,0.0174,0.3965,0.0696,,○,A,○,,0.3762,0.606,,0.3678,B,55,0,◎○△フォーメーション（15〜20点）,0.5777,"{'is_target': True, 'verdict': '点数絞り', 'max_combo_prob': 0.098, 'est_top_odds': 13.6, 'circle_concentration': 77.9, 'eligible_count': 9, 'bet_adj': 0, 'reason': 'rel_win1=56.0%（本命度） / 最有力組み合わせ確率: 0.098（推定実オッズ?14倍） / 2着集中度: 上位2艇 77.9%（補正+0.04） / 総合判定確率: 0.138 / → ヒモはやや固め。上位2艇以外を切ること', 'tenji_trigger': '展示確認: 1号艇伸び良→そのまま採用。悪→飛び組に差し替え。circle_pct上位2艇に絞り込むこと。'}",,,28.9,両建て推奨,14.8,33.5,4,,,,,,,,,,,
2025-12-08,丸亀,1,3,一宮稔弘,B1,22.95,3,△,13.0338,32.4,100,62.5,0.1387,2.6875,,,0,低,40,0,ま0% 差ま0%,164 36,0,69,1.201,0,0,0.1053,0.0526,0,0.0211,0.1921,0.1711,,◎,D,◎,,0.4402,0.6275,,0.3678,B,55,0,◎○△フォーメーション（15〜20点）,0.5777,"{'is_target': True, 'verdict': '点数絞り', 'max_combo_prob': 0.098, 'est_top_odds': 13.6, 'circle_concentration': 77.9, 'eligible_count': 9, 'bet_adj': 0, 'reason': 'rel_win1=56.0%（本命度） / 最有力組み合わせ確率: 0.098（推定実オッズ?14倍） / 2着集中度: 上位2艇 77.9%（補正+0.04） / 総合判定確率: 0.138 / → ヒモはやや固め。上位2艇以外を切ること', 'tenji_trigger': '展示確認: 1号艇伸び良→そのまま採用。悪→飛び組に差し替え。circle_pct上位2艇に絞り込むこと。'}",,,28.9,両建て推奨,14.8,33.5,4,,,,,,,,,,,
2025-12-08,丸亀,1,4,前原　哉,B1,24.53,4,,10.5392,13.8,69,37.1,0.2057,4.3,,,0,低,107,0,抜0%,4 4652,0,47.6,0.9368,0,0,0,0,0.1111,0,0.4286,0.1429,,,D,△,,0.1585,0.5705,,0.3678,B,55,0,◎○△フォーメーション（15〜20点）,0.5777,"{'is_target': True, 'verdict': '点数絞り', 'max_combo_prob': 0.098, 'est_top_odds': 13.6, 'circle_concentration': 77.9, 'eligible_count': 9, 'bet_adj': 0, 'reason': 'rel_win1=56.0%（本命度） / 最有力組み合わせ確率: 0.098（推定実オッズ?14倍） / 2着集中度: 上位2艇 77.9%（補正+0.04） / 総合判定確率: 0.138 / → ヒモはやや固め。上位2艇以外を切ること', 'tenji_trigger': '展示確認: 1号艇伸び良→そのまま採用。悪→飛び組に差し替え。circle_pct上位2艇に絞り込むこと。'}",,,28.9,両建て推奨,14.8,33.5,4,,,,,,,,,,,
2025-12-08,丸亀,1,5,上田隆章,B1,37.25,5,▲,5.6423,7.1,63,39.6,0.2047,4.6509,,,0,低,192,0,-,6 526,0,30.6,0.6233,0,0,0,0.0833,0,0.3,0.22,0.1,,,B,△,,0.169,0.5515,,0.3678,B,55,0,◎○△フォーメーション（15〜20点）,0.5777,"{'is_target': True, 'verdict': '点数絞り', 'max_combo_prob': 0.098, 'est_top_odds': 13.6, 'circle_concentration': 77.9, 'eligible_count': 9, 'bet_adj': 0, 'reason': 'rel_win1=56.0%（本命度） / 最有力組み合わせ確率: 0.098（推定実オッズ?14倍） / 2着集中度: 上位2艇 77.9%（補正+0.04） / 総合判定確率: 0.138 / → ヒモはやや固め。上位2艇以外を切ること', 'tenji_trigger': '展示確認: 1号艇伸び良→そのまま採用。悪→飛び組に差し替え。circle_pct上位2艇に絞り込むこと。'}",,,28.9,両建て推奨,14.8,33.5,4,,,,,,,,,,,
2025-12-08,丸亀,1,6,渡邊哲也,B1,34.48,6,,1.2953,1.2,28,9.3,0.2388,4.6163,,,0,低,114,0,-,6 2 65,0,22.7,0.5572,,,,,,0.04,0.28,0.32,,,C,,,0.1374,0.4815,,0.3678,B,55,0,◎○△フォーメーション（15〜20点）,0.5777,"{'is_target': True, 'verdict': '点数絞り', 'max_combo_prob': 0.098, 'est_top_odds': 13.6, 'circle_concentration': 77.9, 'eligible_count': 9, 'bet_adj': 0, 'reason': 'rel_win1=56.0%（本命度） / 最有力組み合わせ確率: 0.098（推定実オッズ?14倍） / 2着集中度: 上位2艇 77.9%（補正+0.04） / 総合判定確率: 0.138 / → ヒモはやや固め。上位2艇以外を切ること', 'tenji_trigger': '展示確認: 1号艇伸び良→そのまま採用。悪→飛び組に差し替え。circle_pct上位2艇に絞り込むこと。'}",,,28.9,両建て推奨,14.8,33.5,4,,,,,,,,,,,
2025-12-08,丸亀,2,1,増本杏珠,B1,21.82,1,◎,47.5094,,0,66.7,0.1433,3.0833,,,0,低,74,1,-,4 625,0,66.6,0.8721,,,,,,0.1667,0.5,0.1667,△⚠️,,D,,,,0.5195,,0.3021,B,49,0,◎○△フォーメーション（15〜20点）,0.5777,"{'is_target': True, 'verdict': '参加推奨', 'max_combo_prob': 0.0628, 'est_top_odds': 21.2, 'circle_concentration': 63.4, 'eligible_count': 9, 'bet_adj': 2, 'reason': 'rel_win1=47.5%（本命度） / 最有力組み合わせ確率: 0.063（推定実オッズ?21倍） / 2着集中度: 上位2艇 63.4%（補正+0.00） / 総合判定確率: 0.063 / → ヒモ分散。1号艇1着固定で広めのヒモ流し推奨（買い目+2点）', 'tenji_trigger': '展示確認: ヒモ分散レース。1号艇伸び確認後、広めのヒモ流しを採用。穴ヒモ（5・6号艇）を積極的に含める。'}",,,31,両建て推奨,13.33,40.6,3,2-1-3|2-1-4|2-1-5|2-3-1|2-5-1|2-3-4|2-5-3|1-2-4|1-3-4|1-2-3|1-4-3,2-1-3|2-1-4|2-1-5|2-3-1|2-5-1|2-3-4|2-5-3|1-2-4|1-3-4|1-2-3|6-1-4|1-4-3,2-1-3:0.94%|2-1-4:0.8%|2-1-5:0.43%|2-3-1:0.29%|2-5-1:0.14%|2-3-4:0.14%|2-5-3:0.08%|1-2-4:5.64%|1-3-4:4.76%|1-2-3:4.3%|1-4-3:3.72%,2-1-3:B_main|2-1-4:B_main|2-1-5:B_main|2-3-1:B_main|2-5-1:B_main|2-3-4:B_main|2-5-3:B_main|1-2-4:A|1-3-4:A|1-2-3:A|1-4-3:A,11,12,0.4535,1,[!]見送り推奨（主役決まり手「差し」― 逃げ劣勢レースで的中実績なし）,主役軸流し,B
2025-12-08,丸亀,2,2,山谷　央,B1,42.11,2,▲,15.622,36.9,99,65.4,0.1675,3.4615,,,0,低,90,0,差0% ま0% 抜0%,3 4 15,0,57.8,1.091,0,0.1304,0.0435,0,0.0435,0.3443,0.1548,0.0348,,,A,○,,0.0852,0.639,,0.3021,B,49,0,◎○△フォーメーション（15〜20点）,0.5777,"{'is_target': True, 'verdict': '参加推奨', 'max_combo_prob': 0.0628, 'est_top_odds': 21.2, 'circle_concentration': 63.4, 'eligible_count': 9, 'bet_adj': 2, 'reason': 'rel_win1=47.5%（本命度） / 最有力組み合わせ確率: 0.063（推定実オッズ?21倍） / 2着集中度: 上位2艇 63.4%（補正+0.00） / 総合判定確率: 0.063 / → ヒモ分散。1号艇1着固定で広めのヒモ流し推奨（買い目+2点）', 'tenji_trigger': '展示確認: ヒモ分散レース。1号艇伸び確認後、広めのヒモ流しを採用。穴ヒモ（5・6号艇）を積極的に含める。'}",,,31,両建て推奨,13.33,40.6,3,,,,,,,,,,,
2025-12-08,丸亀,2,3,品川二千,A2,41.07,3,○,18.0085,21.1,100,56,0.152,3.32,,,0,低,103,0,差ま0%,6 3326,0,66.1,1.2737,0,0,0,0.1429,0,0.1681,0.1188,0.0348,,,B,△,,0.268,0.605,,0.3021,B,49,0,◎○△フォーメーション（15〜20点）,0.5777,"{'is_target': True, 'verdict': '参加推奨', 'max_combo_prob': 0.0628, 'est_top_odds': 21.2, 'circle_concentration': 63.4, 'eligible_count': 9, 'bet_adj': 2, 'reason': 'rel_win1=47.5%（本命度） / 最有力組み合わせ確率: 0.063（推定実オッズ?21倍） / 2着集中度: 上位2艇 63.4%（補正+0.00） / 総合判定確率: 0.063 / → ヒモ分散。1号艇1着固定で広めのヒモ流し推奨（買い目+2点）', 'tenji_trigger': '展示確認: ヒモ分散レース。1号艇伸び確認後、広めのヒモ流しを採用。穴ヒモ（5・6号艇）を積極的に含める。'}",,,31,両建て推奨,13.33,40.6,3,,,,,,,,,,,
2025-12-08,丸亀,2,4,深水慎一,B1,26.42,4,△,13.3799,26.5,65,63.8,0.1621,3.5213,,,0,低,116,0,差0% 差ま0%,454 13,0,84.4,1.4106,0,0.1304,0,0.087,0,0.1685,0.2404,0.1547,,,D,◎,◎,0.2271,0.6455,0.5364,0.3021,B,49,0,◎○△フォーメーション（15〜20点）,0.5777,"{'is_target': True, 'verdict': '参加推奨', 'max_combo_prob': 0.0628, 'est_top_odds': 21.2, 'circle_concentration': 63.4, 'eligible_count': 9, 'bet_adj': 2, 'reason': 'rel_win1=47.5%（本命度） / 最有力組み合わせ確率: 0.063（推定実オッズ?21倍） / 2着集中度: 上位2艇 63.4%（補正+0.00） / 総合判定確率: 0.063 / → ヒモ分散。1号艇1着固定で広めのヒモ流し推奨（買い目+2点）', 'tenji_trigger': '展示確認: ヒモ分散レース。1号艇伸び確認後、広めのヒモ流しを採用。穴ヒモ（5・6号艇）を積極的に含める。'}",,,31,両建て推奨,13.33,40.6,3,,,,,,,,,,,
2025-12-08,丸亀,2,5,松尾　祭,A2,33.33,5,,4.3408,11.5,72,40.7,0.1924,4.3559,,,0,低,144,0,差ま0%,326425,0,49.8,0.9569,0,0,0,0.0385,0,0.1086,0.0654,0.2501,,,C,△,,0.1246,0.6215,,0.3021,B,49,0,◎○△フォーメーション（15〜20点）,0.5777,"{'is_target': True, 'verdict': '参加推奨', 'max_combo_prob': 0.0628, 'est_top_odds': 21.2, 'circle_concentration': 63.4, 'eligible_count': 9, 'bet_adj': 2, 'reason': 'rel_win1=47.5%（本命度） / 最有力組み合わせ確率: 0.063（推定実オッズ?21倍） / 2着集中度: 上位2艇 63.4%（補正+0.00） / 総合判定確率: 0.063 / → ヒモ分散。1号艇1着固定で広めのヒモ流し推奨（買い目+2点）', 'tenji_trigger': '展示確認: ヒモ分散レース。1号艇伸び確認後、広めのヒモ流しを採用。穴ヒモ（5・6号艇）を積極的に含める。'}",,,31,両建て推奨,13.33,40.6,3,,,,,,,,,,,
2025-12-08,丸亀,2,6,松本浩貴,B1,17.39,6,,1.1394,4,42,15.9,0.2316,5.0227,,,0,低,171,0,-,5 5 54,0,28.6,0.7622,,,,,,0.0522,0.3617,0.3791,,,E,,,0.1388,0.599,,0.3021,B,49,0,◎○△フォーメーション（15〜20点）,0.5777,"{'is_target': True, 'verdict': '参加推奨', 'max_combo_prob': 0.0628, 'est_top_odds': 21.2, 'circle_concentration': 63.4, 'eligible_count': 9, 'bet_adj': 2, 'reason': 'rel_win1=47.5%（本命度） / 最有力組み合わせ確率: 0.063（推定実オッズ?21倍） / 2着集中度: 上位2艇 63.4%（補正+0.00） / 総合判定確率: 0.063 / → ヒモ分散。1号艇1着固定で広めのヒモ流し推奨（買い目+2点）', 'tenji_trigger': '展示確認: ヒモ分散レース。1号艇伸び確認後、広めのヒモ流しを採用。穴ヒモ（5・6号艇）を積極的に含める。'}",,,31,両建て推奨,13.33,40.6,3,,,,,,,,,,,
2025-12-08,丸亀,3,1,澤　大介,B1,44.64,1,◎,56.8075,,0,73.3,0.1703,3.6667,,,0,低,129,0,逃0%,345 12,0,80.4,0.9762,0.45,,,,,0.46,0.28,0.04,○,,A,,,,0.5755,,0.4029,A,70,0,◎-○軸 3着3〜4艇流し（10〜15点）,0.5777,"{'is_target': True, 'verdict': '参加推奨', 'max_combo_prob': 0.0755, 'est_top_odds': 17.7, 'circle_concentration': 79.1, 'eligible_count': 8, 'bet_adj': 2, 'reason': 'rel_win1=56.8%（本命度） / 最有力組み合わせ確率: 0.075（推定実オッズ?18倍） / 2着集中度: 上位2艇 79.1%（補正+0.04） / 総合判定確率: 0.115 / → ヒモ分散。1号艇1着固定で広めのヒモ流し推奨（買い目+2点）', 'tenji_trigger': '展示確認: ヒモ分散レース。1号艇伸び確認後、広めのヒモ流しを採用。穴ヒモ（5・6号艇）を積極的に含める。'}",,,31.5,逃げ狙い,11.01,44,2,,,,,0,0,0.6155,0,,逃げ軸流し,A
2025-12-08,丸亀,3,2,常盤海心,B1,32.14,2,,11.6397,41.5,64,39.7,0.196,4.4138,,,0,低,136,0,-,3 134,0,77.9,0.6071,0,0,0.04,0,0,0.0667,0.6,0.2667,,,D,△,,0.1231,0.592,,0.4029,A,70,0,◎-○軸 3着3〜4艇流し（10〜15点）,0.5777,"{'is_target': True, 'verdict': '参加推奨', 'max_combo_prob': 0.0755, 'est_top_odds': 17.7, 'circle_concentration': 79.1, 'eligible_count': 8, 'bet_adj': 2, 'reason': 'rel_win1=56.8%（本命度） / 最有力組み合わせ確率: 0.075（推定実オッズ?18倍） / 2着集中度: 上位2艇 79.1%（補正+0.04） / 総合判定確率: 0.115 / → ヒモ分散。1号艇1着固定で広めのヒモ流し推奨（買い目+2点）', 'tenji_trigger': '展示確認: ヒモ分散レース。1号艇伸び確認後、広めのヒモ流しを採用。穴ヒモ（5・6号艇）を積極的に含める。'}",,,31.5,逃げ狙い,11.01,44,2,,,,,,,,,,,
2025-12-08,丸亀,3,3,藤生雄人,A2,35.19,3,○,10.5533,37.7,70,61.1,0.17,3.5278,,,0,低,117,0,差0% ま0%,622434,0,58.9,1.1163,0,0.0455,0.0455,0,0,0.019,0.0762,0.019,,,C,○,,0.3423,0.6185,,0.4029,A,70,0,◎-○軸 3着3〜4艇流し（10〜15点）,0.5777,"{'is_target': True, 'verdict': '参加推奨', 'max_combo_prob': 0.0755, 'est_top_odds': 17.7, 'circle_concentration': 79.1, 'eligible_count': 8, 'bet_adj': 2, 'reason': 'rel_win1=56.8%（本命度） / 最有力組み合わせ確率: 0.075（推定実オッズ?18倍） / 2着集中度: 上位2艇 79.1%（補正+0.04） / 総合判定確率: 0.115 / → ヒモ分散。1号艇1着固定で広めのヒモ流し推奨（買い目+2点）', 'tenji_trigger': '展示確認: ヒモ分散レース。1号艇伸び確認後、広めのヒモ流しを採用。穴ヒモ（5・6号艇）を積極的に含める。'}",,,31.5,逃げ狙い,11.01,44,2,,,,,,,,,,,
2025-12-08,丸亀,3,4,早川尚人,B1,40.35,4,△,7.5616,9.6,84,30.6,0.186,3.6806,,,0,低,158,0,差ま0%,5 551,0,35.9,0.7402,0,0,0,0.0294,0,0.4743,0.1771,0.0952,,,B,△,,0.2618,0.5805,,0.4029,A,70,0,◎-○軸 3着3〜4艇流し（10〜15点）,0.5777,"{'is_target': True, 'verdict': '参加推奨', 'max_combo_prob': 0.0755, 'est_top_odds': 17.7, 'circle_concentration': 79.1, 'eligible_count': 8, 'bet_adj': 2, 'reason': 'rel_win1=56.8%（本命度） / 最有力組み合わせ確率: 0.075（推定実オッズ?18倍） / 2着集中度: 上位2艇 79.1%（補正+0.04） / 総合判定確率: 0.115 / → ヒモ分散。1号艇1着固定で広めのヒモ流し推奨（買い目+2点）', 'tenji_trigger': '展示確認: ヒモ分散レース。1号艇伸び確認後、広めのヒモ流しを採用。穴ヒモ（5・6号艇）を積極的に含める。'}",,,31.5,逃げ狙い,11.01,44,2,,,,,,,,,,,
2025-12-08,丸亀,3,5,金田幸子,A2,36.84,5,▲,11.1386,8.2,100,33.3,0.1812,4.1042,,,0,低,50,0,ま0%,226545,0,25.1,1.22,0,0,0.0769,0,0,0.2,0.0667,0.2,,,C,◎,,0.3067,0.636,,0.4029,A,70,0,◎-○軸 3着3〜4艇流し（10〜15点）,0.5777,"{'is_target': True, 'verdict': '参加推奨', 'max_combo_prob': 0.0755, 'est_top_odds': 17.7, 'circle_concentration': 79.1, 'eligible_count': 8, 'bet_adj': 2, 'reason': 'rel_win1=56.8%（本命度） / 最有力組み合わせ確率: 0.075（推定実オッズ?18倍） / 2着集中度: 上位2艇 79.1%（補正+0.04） / 総合判定確率: 0.115 / → ヒモ分散。1号艇1着固定で広めのヒモ流し推奨（買い目+2点）', 'tenji_trigger': '展示確認: ヒモ分散レース。1号艇伸び確認後、広めのヒモ流しを採用。穴ヒモ（5・6号艇）を積極的に含める。'}",,,31.5,逃げ狙い,11.01,44,2,,,,,,,,,,,
2025-12-08,丸亀,3,6,吉田宗弘,B1,19.23,6,,2.2993,3.1,58,18.4,0.2233,4.7143,,,0,低,210,0,-,253 45,0,30.8,0.8447,,,,,,0.0615,0.5385,0.1462,,,E,,,0.1852,0.5345,,0.4029,A,70,0,◎-○軸 3着3〜4艇流し（10〜15点）,0.5777,"{'is_target': True, 'verdict': '参加推奨', 'max_combo_prob': 0.0755, 'est_top_odds': 17.7, 'circle_concentration': 79.1, 'eligible_count': 8, 'bet_adj': 2, 'reason': 'rel_win1=56.8%（本命度） / 最有力組み合わせ確率: 0.075（推定実オッズ?18倍） / 2着集中度: 上位2艇 79.1%（補正+0.04） / 総合判定確率: 0.115 / → ヒモ分散。1号艇1着固定で広めのヒモ流し推奨（買い目+2点）', 'tenji_trigger': '展示確認: ヒモ分散レース。1号艇伸び確認後、広めのヒモ流しを採用。穴ヒモ（5・6号艇）を積極的に含める。'}",,,31.5,逃げ狙い,11.01,44,2,,,,,,,,,,,
2025-12-08,丸亀,4,1,竹井奈美,B2,30.19,1,◎,58.9284,,0,100,0.154,3.475,,,0,低,30,0,逃1%,332 11,0,93,1.2599,0.9333,,,,,0,0.0667,0,◎,,C,○,,,0.6455,,0.5986,S,98,0,◎1着固定 2-3着流し（5〜8点）,0.5777,"{'is_target': True, 'verdict': '参加推奨', 'max_combo_prob': 0.0863, 'est_top_odds': 15.5, 'circle_concentration': 61.8, 'eligible_count': 6, 'bet_adj': 2, 'reason': 'rel_win1=58.9%（本命度） / 最有力組み合わせ確率: 0.086（推定実オッズ?16倍） / 2着集中度: 上位2艇 61.8%（補正+0.00） / 総合判定確率: 0.086 / → ヒモ分散。1号艇1着固定で広めのヒモ流し推奨（買い目+2点）', 'tenji_trigger': '展示確認: ヒモ分散レース。1号艇伸び確認後、広めのヒモ流しを採用。穴ヒモ（5・6号艇）を積極的に含める。'}",,,25.7,逃げ狙い,15.13,24,3,,,,,0,0,0.7559,0,,逃げ軸流し,A
2025-12-08,丸亀,4,2,下田哲也,B1,51.72,2,○,8.9726,40.4,78,58.1,0.1685,3.6371,,,0,低,104,0,-,232 55,0,52.5,1.2217,0,0,0.0526,0,0,0.3333,0.1667,0.25,,,A,△,,0.1612,0.615,,0.5986,S,98,0,◎1着固定 2-3着流し（5〜8点）,0.5777,"{'is_target': True, 'verdict': '参加推奨', 'max_combo_prob': 0.0863, 'est_top_odds': 15.5, 'circle_concentration': 61.8, 'eligible_count': 6, 'bet_adj': 2, 'reason': 'rel_win1=58.9%（本命度） / 最有力組み合わせ確率: 0.086（推定実オッズ?16倍） / 2着集中度: 上位2艇 61.8%（補正+0.00） / 総合判定確率: 0.086 / → ヒモ分散。1号艇1着固定で広めのヒモ流し推奨（買い目+2点）', 'tenji_trigger': '展示確認: ヒモ分散レース。1号艇伸び確認後、広めのヒモ流しを採用。穴ヒモ（5・6号艇）を積極的に含める。'}",,,25.7,逃げ狙い,15.13,24,3,,,,,,,,,,,
2025-12-08,丸亀,4,3,森下愛梨,B1,32.14,3,▲,14.8204,14.2,60,41.7,0.1767,3.7083,,,0,低,64,0,差0% ま0%,443 43,0,30.9,1.0302,0,0.1,0.2,0,0,0,0.38,0,,,B,,,0.2114,0.537,,0.5986,S,98,0,◎1着固定 2-3着流し（5〜8点）,0.5777,"{'is_target': True, 'verdict': '参加推奨', 'max_combo_prob': 0.0863, 'est_top_odds': 15.5, 'circle_concentration': 61.8, 'eligible_count': 6, 'bet_adj': 2, 'reason': 'rel_win1=58.9%（本命度） / 最有力組み合わせ確率: 0.086（推定実オッズ?16倍） / 2着集中度: 上位2艇 61.8%（補正+0.00） / 総合判定確率: 0.086 / → ヒモ分散。1号艇1着固定で広めのヒモ流し推奨（買い目+2点）', 'tenji_trigger': '展示確認: ヒモ分散レース。1号艇伸び確認後、広めのヒモ流しを採用。穴ヒモ（5・6号艇）を積極的に含める。'}",,,25.7,逃げ狙い,15.13,24,3,,,,,,,,,,,
2025-12-08,丸亀,4,4,坪口竜也,A2,21.43,4,△,8.2641,19.9,100,69.6,0.1623,3.8214,,,0,低,84,0,-,52451,0,60.6,1.2783,0,0,0.0476,0.0952,0,0,0.0667,0.0333,,,D,◎,◎,0.2636,0.6815,0.4352,0.5986,S,98,0,◎1着固定 2-3着流し（5〜8点）,0.5777,"{'is_target': True, 'verdict': '参加推奨', 'max_combo_prob': 0.0863, 'est_top_odds': 15.5, 'circle_concentration': 61.8, 'eligible_count': 6, 'bet_adj': 2, 'reason': 'rel_win1=58.9%（本命度） / 最有力組み合わせ確率: 0.086（推定実オッズ?16倍） / 2着集中度: 上位2艇 61.8%（補正+0.00） / 総合判定確率: 0.086 / → ヒモ分散。1号艇1着固定で広めのヒモ流し推奨（買い目+2点）', 'tenji_trigger': '展示確認: ヒモ分散レース。1号艇伸び確認後、広めのヒモ流しを採用。穴ヒモ（5・6号艇）を積極的に含める。'}",,,25.7,逃げ狙い,15.13,24,3,,,,,,,,,,,
2025-12-08,丸亀,4,5,清水敦揮,A1,26.47,5,,6.9377,21.4,92,56.5,0.1893,3.4565,,,0,低,120,0,-,114523,0,34.8,0.9421,0,0,0,0.0455,0,0.0308,0.2115,0.1808,,,D,,,0.1706,0.607,,0.5986,S,98,0,◎1着固定 2-3着流し（5〜8点）,0.5777,"{'is_target': True, 'verdict': '参加推奨', 'max_combo_prob': 0.0863, 'est_top_odds': 15.5, 'circle_concentration': 61.8, 'eligible_count': 6, 'bet_adj': 2, 'reason': 'rel_win1=58.9%（本命度） / 最有力組み合わせ確率: 0.086（推定実オッズ?16倍） / 2着集中度: 上位2艇 61.8%（補正+0.00） / 総合判定確率: 0.086 / → ヒモ分散。1号艇1着固定で広めのヒモ流し推奨（買い目+2点）', 'tenji_trigger': '展示確認: ヒモ分散レース。1号艇伸び確認後、広めのヒモ流しを採用。穴ヒモ（5・6号艇）を積極的に含める。'}",,,25.7,逃げ狙い,15.13,24,3,,,,,,,,,,,
2025-12-08,丸亀,4,6,赤池修平,B1,20.41,6,,2.0768,4.1,24,15.2,0.1943,3.8913,,,0,低,135,0,ま0%,5 164,0,28.6,0.8689,0,0,0.05,0,0,0.0444,0.3111,0.3333,,,E,△,,0.1613,0.614,,0.5986,S,98,0,◎1着固定 2-3着流し（5〜8点）,0.5777,"{'is_target': True, 'verdict': '参加推奨', 'max_combo_prob': 0.0863, 'est_top_odds': 15.5, 'circle_concentration': 61.8, 'eligible_count': 6, 'bet_adj': 2, 'reason': 'rel_win1=58.9%（本命度） / 最有力組み合わせ確率: 0.086（推定実オッズ?16倍） / 2着集中度: 上位2艇 61.8%（補正+0.00） / 総合判定確率: 0.086 / → ヒモ分散。1号艇1着固定で広めのヒモ流し推奨（買い目+2点）', 'tenji_trigger': '展示確認: ヒモ分散レース。1号艇伸び確認後、広めのヒモ流しを採用。穴ヒモ（5・6号艇）を積極的に含める。'}",,,25.7,逃げ狙い,15.13,24,3,,,,,,,,,,,
2025-12-08,丸亀,5,1,酒井陽祐,B1,29.31,1,◎,45.7587,,0,71.8,0.1618,2.8333,,,0,低,117,0,逃0%,3 326,0,64.5,0.9179,0.3889,,,,,0.2222,0,0.3333,○,,C,○,,,0.62,,0.3888,B,57,0,◎○△フォーメーション（15〜20点）,0.5777,"{'is_target': True, 'verdict': '点数絞り', 'max_combo_prob': 0.0862, 'est_top_odds': 15.5, 'circle_concentration': 73.1, 'eligible_count': 9, 'bet_adj': 0, 'reason': 'rel_win1=45.8%（本命度） / 最有力組み合わせ確率: 0.086（推定実オッズ?16倍） / 2着集中度: 上位2艇 73.1%（補正+0.04） / 総合判定確率: 0.126 / → ヒモはやや固め。上位2艇以外を切ること', 'tenji_trigger': '展示確認: 1号艇伸び良→そのまま採用。悪→飛び組に差し替え。circle_pct上位2艇に絞り込むこと。'}",,,29.3,両建て推奨,15.97,33.5,4,,,,,0,0,0.6155,0,,主役軸流し,B
2025-12-08,丸亀,5,2,前野竜一,A2,40.00,2,○,14.5176,45,65,67.2,0.159,3.2586,,,0,低,115,0,-,23362,0,40.5,0.8664,0,0.1071,0.0357,0,0.0714,0.0133,0.2267,0.1067,,○,A,△,,0.3832,0.5985,,0.3888,B,57,0,◎○△フォーメーション（15〜20点）,0.5777,"{'is_target': True, 'verdict': '点数絞り', 'max_combo_prob': 0.0862, 'est_top_odds': 15.5, 'circle_concentration': 73.1, 'eligible_count': 9, 'bet_adj': 0, 'reason': 'rel_win1=45.8%（本命度） / 最有力組み合わせ確率: 0.086（推定実オッズ?16倍） / 2着集中度: 上位2艇 73.1%（補正+0.04） / 総合判定確率: 0.126 / → ヒモはやや固め。上位2艇以外を切ること', 'tenji_trigger': '展示確認: 1号艇伸び良→そのまま採用。悪→飛び組に差し替え。circle_pct上位2艇に絞り込むこと。'}",,,29.3,両建て推奨,15.97,33.5,4,,,,,,,,,,,
2025-12-08,丸亀,5,3,上田隆章,B1,37.25,3,▲,9.6923,28,59,50.8,0.1952,4.2377,,,0,低,192,0,-,6 526,0,18.6,0.6969,0,0,0.0667,0,0,0.3,0.22,0.1,,,B,,,0.1353,0.5515,,0.3888,B,57,0,◎○△フォーメーション（15〜20点）,0.5777,"{'is_target': True, 'verdict': '点数絞り', 'max_combo_prob': 0.0862, 'est_top_odds': 15.5, 'circle_concentration': 73.1, 'eligible_count': 9, 'bet_adj': 0, 'reason': 'rel_win1=45.8%（本命度） / 最有力組み合わせ確率: 0.086（推定実オッズ?16倍） / 2着集中度: 上位2艇 73.1%（補正+0.04） / 総合判定確率: 0.126 / → ヒモはやや固め。上位2艇以外を切ること', 'tenji_trigger': '展示確認: 1号艇伸び良→そのまま採用。悪→飛び組に差し替え。circle_pct上位2艇に絞り込むこと。'}",,,29.3,両建て推奨,15.97,33.5,4,,,,,,,,,,,
2025-12-08,丸亀,5,4,木下雄介,A2,22.64,4,,18.597,12.5,100,60.9,0.1541,3.0543,,,0,低,69,0,差0% ま0%,611 44,0,89.3,1.5896,0,0.1,0.05,0,0,0,0.3169,0.0462,,,E,△,○,0.3274,0.612,0.2677,0.3888,B,57,0,◎○△フォーメーション（15〜20点）,0.5777,"{'is_target': True, 'verdict': '点数絞り', 'max_combo_prob': 0.0862, 'est_top_odds': 15.5, 'circle_concentration': 73.1, 'eligible_count': 9, 'bet_adj': 0, 'reason': 'rel_win1=45.8%（本命度） / 最有力組み合わせ確率: 0.086（推定実オッズ?16倍） / 2着集中度: 上位2艇 73.1%（補正+0.04） / 総合判定確率: 0.126 / → ヒモはやや固め。上位2艇以外を切ること', 'tenji_trigger': '展示確認: 1号艇伸び良→そのまま採用。悪→飛び組に差し替え。circle_pct上位2艇に絞り込むこと。'}",,,29.3,両建て推奨,15.97,33.5,4,,,,,,,,,,,
2025-12-08,丸亀,5,5,一宮稔弘,B1,22.95,5,△,10.3568,14.1,62,46.8,0.1168,2.3085,,,0,低,40,0,差0% ま0% 差ま0%,164 36,0,81.6,1.4607,0,0.0417,0.0833,0.0417,0,0.0211,0.1921,0.1711,,◎,D,◎,◎,0.4413,0.6275,0.4178,0.3888,B,57,0,◎○△フォーメーション（15〜20点）,0.5777,"{'is_target': True, 'verdict': '点数絞り', 'max_combo_prob': 0.0862, 'est_top_odds': 15.5, 'circle_concentration': 73.1, 'eligible_count': 9, 'bet_adj': 0, 'reason': 'rel_win1=45.8%（本命度） / 最有力組み合わせ確率: 0.086（推定実オッズ?16倍） / 2着集中度: 上位2艇 73.1%（補正+0.04） / 総合判定確率: 0.126 / → ヒモはやや固め。上位2艇以外を切ること', 'tenji_trigger': '展示確認: 1号艇伸び良→そのまま採用。悪→飛び組に差し替え。circle_pct上位2艇に絞り込むこと。'}",,,29.3,両建て推奨,15.97,33.5,4,,,,,,,,,,,
2025-12-08,丸亀,5,6,宮城那菜,B2,25.00,6,,1.0776,0.3,18,1.6,0.159,3.3175,,,0,低,29,0,-,6 K46,0,26.6,0.5617,,,,,,,,,,,D,,,0.3206,0.4685,,0.3888,B,57,0,◎○△フォーメーション（15〜20点）,0.5777,"{'is_target': True, 'verdict': '点数絞り', 'max_combo_prob': 0.0862, 'est_top_odds': 15.5, 'circle_concentration': 73.1, 'eligible_count': 9, 'bet_adj': 0, 'reason': 'rel_win1=45.8%（本命度） / 最有力組み合わせ確率: 0.086（推定実オッズ?16倍） / 2着集中度: 上位2艇 73.1%（補正+0.04） / 総合判定確率: 0.126 / → ヒモはやや固め。上位2艇以外を切ること', 'tenji_trigger': '展示確認: 1号艇伸び良→そのまま採用。悪→飛び組に差し替え。circle_pct上位2艇に絞り込むこと。'}",,,29.3,両建て推奨,15.97,33.5,4,,,,,,,,,,,
2025-12-08,丸亀,6,1,石川　諒,B1,46.43,1,◎,54.8469,,0,83.9,0.1371,2.4911,,,0,低,71,0,逃1%,152 2,0,70.9,1.0779,0.5789,,,,,0.0421,0.1278,0.1489,◎,,A,○,,,0.6605,,0.5976,S,80,0,◎1着固定 2-3着流し（5〜8点）,0.5777,"{'is_target': True, 'verdict': '参加推奨', 'max_combo_prob': 0.0637, 'est_top_odds': 20.9, 'circle_concentration': 75.7, 'eligible_count': 6, 'bet_adj': 2, 'reason': 'rel_win1=54.8%（本命度） / 最有力組み合わせ確率: 0.064（推定実オッズ?21倍） / 2着集中度: 上位2艇 75.7%（補正+0.04） / 総合判定確率: 0.104 / → ヒモ分散。1号艇1着固定で広めのヒモ流し推奨（買い目+2点）', 'tenji_trigger': '展示確認: ヒモ分散レース。1号艇伸び確認後、広めのヒモ流しを採用。穴ヒモ（5・6号艇）を積極的に含める。\n展示で1号艇スタート超安定(0.137秒)→ヒモ固まり方向に注意'}",,,27.6,逃げ狙い,17.33,27.4,5,,,,,0,0,0.7559,0,,逃げ軸流し,A
2025-12-08,丸亀,6,2,中里昌志,B1,21.31,2,,8.6322,33.8,91,50,0.2015,4.2045,,,0,低,140,0,差0%,465 6,0,24,0.8557,0,0.04,0,0,0,0.3162,0.2152,0.1962,,,E,,,0.0574,0.604,,0.5976,S,80,0,◎1着固定 2-3着流し（5〜8点）,0.5777,"{'is_target': True, 'verdict': '参加推奨', 'max_combo_prob': 0.0637, 'est_top_odds': 20.9, 'circle_concentration': 75.7, 'eligible_count': 6, 'bet_adj': 2, 'reason': 'rel_win1=54.8%（本命度） / 最有力組み合わせ確率: 0.064（推定実オッズ?21倍） / 2着集中度: 上位2艇 75.7%（補正+0.04） / 総合判定確率: 0.104 / → ヒモ分散。1号艇1着固定で広めのヒモ流し推奨（買い目+2点）', 'tenji_trigger': '展示確認: ヒモ分散レース。1号艇伸び確認後、広めのヒモ流しを採用。穴ヒモ（5・6号艇）を積極的に含める。\n展示で1号艇スタート超安定(0.137秒)→ヒモ固まり方向に注意'}",,,27.6,逃げ狙い,17.33,27.4,5,,,,,,,,,,,
2025-12-08,丸亀,6,3,吉田和仁,B1,40.68,3,▲,11.9565,41.9,90,48.6,0.1367,2.6528,,,0,低,132,0,-,S 564,0,36.3,0.885,0,0,0.0741,0.0741,0,0.0174,0.3965,0.0696,,,C,△,,0.302,0.606,,0.5976,S,80,0,◎1着固定 2-3着流し（5〜8点）,0.5777,"{'is_target': True, 'verdict': '参加推奨', 'max_combo_prob': 0.0637, 'est_top_odds': 20.9, 'circle_concentration': 75.7, 'eligible_count': 6, 'bet_adj': 2, 'reason': 'rel_win1=54.8%（本命度） / 最有力組み合わせ確率: 0.064（推定実オッズ?21倍） / 2着集中度: 上位2艇 75.7%（補正+0.04） / 総合判定確率: 0.104 / → ヒモ分散。1号艇1着固定で広めのヒモ流し推奨（買い目+2点）', 'tenji_trigger': '展示確認: ヒモ分散レース。1号艇伸び確認後、広めのヒモ流しを採用。穴ヒモ（5・6号艇）を積極的に含める。\n展示で1号艇スタート超安定(0.137秒)→ヒモ固まり方向に注意'}",,,27.6,逃げ狙い,17.33,27.4,5,,,,,,,,,,,
2025-12-08,丸亀,6,4,山谷　央,B1,42.11,4,△,8.8031,12.2,100,46.2,0.1571,3.125,,,0,低,90,0,-,3 4 15,0,98.7,1.9294,0,0.0345,0.0345,0.1034,0,0.3443,0.1548,0.0348,,,C,△,○,0.2201,0.639,0.3481,0.5976,S,80,0,◎1着固定 2-3着流し（5〜8点）,0.5777,"{'is_target': True, 'verdict': '参加推奨', 'max_combo_prob': 0.0637, 'est_top_odds': 20.9, 'circle_concentration': 75.7, 'eligible_count': 6, 'bet_adj': 2, 'reason': 'rel_win1=54.8%（本命度） / 最有力組み合わせ確率: 0.064（推定実オッズ?21倍） / 2着集中度: 上位2艇 75.7%（補正+0.04） / 総合判定確率: 0.104 / → ヒモ分散。1号艇1着固定で広めのヒモ流し推奨（買い目+2点）', 'tenji_trigger': '展示確認: ヒモ分散レース。1号艇伸び確認後、広めのヒモ流しを採用。穴ヒモ（5・6号艇）を積極的に含める。\n展示で1号艇スタート超安定(0.137秒)→ヒモ固まり方向に注意'}",,,27.6,逃げ狙い,17.33,27.4,5,,,,,,,,,,,
2025-12-08,丸亀,6,5,井上一輝,A1,45.45,5,○,14.0768,9.8,85,58.3,0.136,2.8646,,,0,低,55,0,差ま0%,42S363,0,49.9,1.0907,0,0,0.0476,0.0476,0,0.025,0.025,0.025,,,B,◎,◎,0.2933,0.691,0.4328,0.5976,S,80,0,◎1着固定 2-3着流し（5〜8点）,0.5777,"{'is_target': True, 'verdict': '参加推奨', 'max_combo_prob': 0.0637, 'est_top_odds': 20.9, 'circle_concentration': 75.7, 'eligible_count': 6, 'bet_adj': 2, 'reason': 'rel_win1=54.8%（本命度） / 最有力組み合わせ確率: 0.064（推定実オッズ?21倍） / 2着集中度: 上位2艇 75.7%（補正+0.04） / 総合判定確率: 0.104 / → ヒモ分散。1号艇1着固定で広めのヒモ流し推奨（買い目+2点）', 'tenji_trigger': '展示確認: ヒモ分散レース。1号艇伸び確認後、広めのヒモ流しを採用。穴ヒモ（5・6号艇）を積極的に含める。\n展示で1号艇スタート超安定(0.137秒)→ヒモ固まり方向に注意'}",,,27.6,逃げ狙い,17.33,27.4,5,,,,,,,,,,,
2025-12-08,丸亀,6,6,吉島祥之,A2,33.33,6,,1.6846,2.3,85,29.6,0.2003,4.0704,,,0,低,154,0,-,35113,0,30.7,0.9533,,,,,,0.0114,0.1676,0.0229,,,D,,,0.1377,0.5955,,0.5976,S,80,0,◎1着固定 2-3着流し（5〜8点）,0.5777,"{'is_target': True, 'verdict': '参加推奨', 'max_combo_prob': 0.0637, 'est_top_odds': 20.9, 'circle_concentration': 75.7, 'eligible_count': 6, 'bet_adj': 2, 'reason': 'rel_win1=54.8%（本命度） / 最有力組み合わせ確率: 0.064（推定実オッズ?21倍） / 2着集中度: 上位2艇 75.7%（補正+0.04） / 総合判定確率: 0.104 / → ヒモ分散。1号艇1着固定で広めのヒモ流し推奨（買い目+2点）', 'tenji_trigger': '展示確認: ヒモ分散レース。1号艇伸び確認後、広めのヒモ流しを採用。穴ヒモ（5・6号艇）を積極的に含める。\n展示で1号艇スタート超安定(0.137秒)→ヒモ固まり方向に注意'}",,,27.6,逃げ狙い,17.33,27.4,5,,,,,,,,,,,
2025-12-08,丸亀,7,1,外崎　悟,A2,17.02,1,◎,60.1527,,0,72.5,0.1551,2.7451,,,0,低,91,0,逃0%,1 3451,0,81.5,0.9809,0.4167,,,,,0,0.219,0.0333,◎,,D,○,,,0.6445,,0.5778,A,74,0,◎-○軸 3着3〜4艇流し（10〜15点）,0.5777,"{'is_target': True, 'verdict': '参加推奨', 'max_combo_prob': 0.0675, 'est_top_odds': 19.7, 'circle_concentration': 67.2, 'eligible_count': 8, 'bet_adj': 2, 'reason': 'rel_win1=60.2%（本命度） / 最有力組み合わせ確率: 0.068（推定実オッズ?20倍） / 2着集中度: 上位2艇 67.2%（補正+0.00） / 総合判定確率: 0.068 / → ヒモ分散。1号艇1着固定で広めのヒモ流し推奨（買い目+2点）', 'tenji_trigger': '展示確認: ヒモ分散レース。1号艇伸び確認後、広めのヒモ流しを採用。穴ヒモ（5・6号艇）を積極的に含める。'}",,,26.5,逃げ狙い,12.96,28,2,,,,,0,0,0.7559,0,,逃げ軸流し,A
2025-12-08,丸亀,7,2,深水慎一,B1,26.42,2,○,18.0086,38.8,100,63.6,0.1878,3.8909,,,0,低,116,0,差0%,454 13,0,55.8,1.0938,0,0.125,0,0,0,0.1685,0.2404,0.1547,,,B,◎,,0.0784,0.6455,,0.5778,A,74,0,◎-○軸 3着3〜4艇流し（10〜15点）,0.5777,"{'is_target': True, 'verdict': '参加推奨', 'max_combo_prob': 0.0675, 'est_top_odds': 19.7, 'circle_concentration': 67.2, 'eligible_count': 8, 'bet_adj': 2, 'reason': 'rel_win1=60.2%（本命度） / 最有力組み合わせ確率: 0.068（推定実オッズ?20倍） / 2着集中度: 上位2艇 67.2%（補正+0.00） / 総合判定確率: 0.068 / → ヒモ分散。1号艇1着固定で広めのヒモ流し推奨（買い目+2点）', 'tenji_trigger': '展示確認: ヒモ分散レース。1号艇伸び確認後、広めのヒモ流しを採用。穴ヒモ（5・6号艇）を積極的に含める。'}",,,26.5,逃げ狙い,12.96,28,2,,,,,,,,,,,
2025-12-08,丸亀,7,3,山地正樹,B1,15.69,3,,7.2673,28.4,60,38.9,0.1653,3.5972,,,0,低,88,0,差ま0%,545 2,0,51.4,1.0202,0,0,0,0.0741,0.037,0.2091,0.1545,0.1364,,,E,△,,0.26,0.642,,0.5778,A,74,0,◎-○軸 3着3〜4艇流し（10〜15点）,0.5777,"{'is_target': True, 'verdict': '参加推奨', 'max_combo_prob': 0.0675, 'est_top_odds': 19.7, 'circle_concentration': 67.2, 'eligible_count': 8, 'bet_adj': 2, 'reason': 'rel_win1=60.2%（本命度） / 最有力組み合わせ確率: 0.068（推定実オッズ?20倍） / 2着集中度: 上位2艇 67.2%（補正+0.00） / 総合判定確率: 0.068 / → ヒモ分散。1号艇1着固定で広めのヒモ流し推奨（買い目+2点）', 'tenji_trigger': '展示確認: ヒモ分散レース。1号艇伸び確認後、広めのヒモ流しを採用。穴ヒモ（5・6号艇）を積極的に含める。'}",,,26.5,逃げ狙い,12.96,28,2,,,,,,,,,,,
2025-12-08,丸亀,7,4,吉田宗弘,B1,19.23,4,,4.6177,12.8,60,30.8,0.2082,4.1923,,,0,低,210,0,-,253 45,0,40.7,0.6685,,,,,,0.0615,0.5385,0.1462,,,D,,,0.1702,0.5345,,0.5778,A,74,0,◎-○軸 3着3〜4艇流し（10〜15点）,0.5777,"{'is_target': True, 'verdict': '参加推奨', 'max_combo_prob': 0.0675, 'est_top_odds': 19.7, 'circle_concentration': 67.2, 'eligible_count': 8, 'bet_adj': 2, 'reason': 'rel_win1=60.2%（本命度） / 最有力組み合わせ確率: 0.068（推定実オッズ?20倍） / 2着集中度: 上位2艇 67.2%（補正+0.00） / 総合判定確率: 0.068 / → ヒモ分散。1号艇1着固定で広めのヒモ流し推奨（買い目+2点）', 'tenji_trigger': '展示確認: ヒモ分散レース。1号艇伸び確認後、広めのヒモ流しを採用。穴ヒモ（5・6号艇）を積極的に含める。'}",,,26.5,逃げ狙い,12.96,28,2,,,,,,,,,,,
2025-12-08,丸亀,7,5,榎　幸司,A1,22.22,5,▲,6.6324,15.3,61,40,0.1811,4.0909,,,0,低,175,0,-,363231,0,36.3,0.6867,,,,,,0.0945,0.02,0.04,,,C,,,0.2601,0.622,,0.5778,A,74,0,◎-○軸 3着3〜4艇流し（10〜15点）,0.5777,"{'is_target': True, 'verdict': '参加推奨', 'max_combo_prob': 0.0675, 'est_top_odds': 19.7, 'circle_concentration': 67.2, 'eligible_count': 8, 'bet_adj': 2, 'reason': 'rel_win1=60.2%（本命度） / 最有力組み合わせ確率: 0.068（推定実オッズ?20倍） / 2着集中度: 上位2艇 67.2%（補正+0.00） / 総合判定確率: 0.068 / → ヒモ分散。1号艇1着固定で広めのヒモ流し推奨（買い目+2点）', 'tenji_trigger': '展示確認: ヒモ分散レース。1号艇伸び確認後、広めのヒモ流しを採用。穴ヒモ（5・6号艇）を積極的に含める。'}",,,26.5,逃げ狙い,12.96,28,2,,,,,,,,,,,
2025-12-08,丸亀,7,6,服部　剛,B1,30.51,6,△,3.3212,4.7,32,20.8,0.2131,4.7917,,,0,低,197,0,差ま0%,5 256,0,23.7,0.9414,0,0,0,0.0435,0,0.2196,0.3065,0.0348,,,B,△,,0.1392,0.6415,,0.5778,A,74,0,◎-○軸 3着3〜4艇流し（10〜15点）,0.5777,"{'is_target': True, 'verdict': '参加推奨', 'max_combo_prob': 0.0675, 'est_top_odds': 19.7, 'circle_concentration': 67.2, 'eligible_count': 8, 'bet_adj': 2, 'reason': 'rel_win1=60.2%（本命度） / 最有力組み合わせ確率: 0.068（推定実オッズ?20倍） / 2着集中度: 上位2艇 67.2%（補正+0.00） / 総合判定確率: 0.068 / → ヒモ分散。1号艇1着固定で広めのヒモ流し推奨（買い目+2点）', 'tenji_trigger': '展示確認: ヒモ分散レース。1号艇伸び確認後、広めのヒモ流しを採用。穴ヒモ（5・6号艇）を積極的に含める。'}",,,26.5,逃げ狙い,12.96,28,2,,,,,,,,,,,
2025-12-08,丸亀,8,1,吉川昭男,A2,14.63,1,◎,64.485,,0,84,0.1468,3.24,,,0,低,79,0,逃1%,641 31,0,90,1.1819,0.6,,,,,0.1771,0.2257,0.0343,◎,,E,○,,,0.667,,0.4866,S,80,0,◎1着固定 2-3着流し（5〜8点）,0.5777,"{'is_target': True, 'verdict': '点数絞り', 'max_combo_prob': 0.1792, 'est_top_odds': 7.4, 'circle_concentration': 78.8, 'eligible_count': 6, 'bet_adj': 0, 'reason': 'rel_win1=64.5%（本命度） / 最有力組み合わせ確率: 0.179（推定実オッズ?7倍） / 2着集中度: 上位2艇 78.8%（補正+0.04） / 総合判定確率: 0.219 / → ヒモはやや固め。上位2艇以外を切ること', 'tenji_trigger': '展示確認: 1号艇伸び良→そのまま採用。悪→飛び組に差し替え。circle_pct上位2艇に絞り込むこと。'}",,,29.6,逃げ狙い,18.54,32.2,2,,,,,0,0,0.7559,0,,逃げ軸流し,A
2025-12-08,丸亀,8,2,坪口竜也,A2,21.43,2,△,14.7659,59.2,34,68.4,0.1456,3.4123,,,0,低,84,0,差0%,52451,0,67.8,1.3226,0,0.2,0.04,0,0,0,0.0667,0.0333,,◎,D,◎,,0.3822,0.6815,,0.4866,S,80,0,◎1着固定 2-3着流し（5〜8点）,0.5777,"{'is_target': True, 'verdict': '点数絞り', 'max_combo_prob': 0.1792, 'est_top_odds': 7.4, 'circle_concentration': 78.8, 'eligible_count': 6, 'bet_adj': 0, 'reason': 'rel_win1=64.5%（本命度） / 最有力組み合わせ確率: 0.179（推定実オッズ?7倍） / 2着集中度: 上位2艇 78.8%（補正+0.04） / 総合判定確率: 0.219 / → ヒモはやや固め。上位2艇以外を切ること', 'tenji_trigger': '展示確認: 1号艇伸び良→そのまま採用。悪→飛び組に差し替え。circle_pct上位2艇に絞り込むこと。'}",,,29.6,逃げ狙い,18.54,32.2,2,,,,,,,,,,,
2025-12-08,丸亀,8,3,早川尚人,B1,40.35,3,▲,9.5285,15.1,48,43.5,0.1581,3.1522,,,0,低,158,0,ま0%,5 551,0,28.1,0.8708,0,0,0.0333,0,0,0.4743,0.1771,0.0952,,,B,,,0.2507,0.5805,,0.4866,S,80,0,◎1着固定 2-3着流し（5〜8点）,0.5777,"{'is_target': True, 'verdict': '点数絞り', 'max_combo_prob': 0.1792, 'est_top_odds': 7.4, 'circle_concentration': 78.8, 'eligible_count': 6, 'bet_adj': 0, 'reason': 'rel_win1=64.5%（本命度） / 最有力組み合わせ確率: 0.179（推定実オッズ?7倍） / 2着集中度: 上位2艇 78.8%（補正+0.04） / 総合判定確率: 0.219 / → ヒモはやや固め。上位2艇以外を切ること', 'tenji_trigger': '展示確認: 1号艇伸び良→そのまま採用。悪→飛び組に差し替え。circle_pct上位2艇に絞り込むこと。'}",,,29.6,逃げ狙い,18.54,32.2,2,,,,,,,,,,,
2025-12-08,丸亀,8,4,品川二千,A2,41.07,4,,5.5136,19.6,100,65.4,0.166,3.2981,,,0,低,103,0,抜0%,6 3326,0,54.9,1.1377,0,0,0,0,0.0385,0.1681,0.1188,0.0348,,,B,△,,0.2731,0.605,,0.4866,S,80,0,◎1着固定 2-3着流し（5〜8点）,0.5777,"{'is_target': True, 'verdict': '点数絞り', 'max_combo_prob': 0.1792, 'est_top_odds': 7.4, 'circle_concentration': 78.8, 'eligible_count': 6, 'bet_adj': 0, 'reason': 'rel_win1=64.5%（本命度） / 最有力組み合わせ確率: 0.179（推定実オッズ?7倍） / 2着集中度: 上位2艇 78.8%（補正+0.04） / 総合判定確率: 0.219 / → ヒモはやや固め。上位2艇以外を切ること', 'tenji_trigger': '展示確認: 1号艇伸び良→そのまま採用。悪→飛び組に差し替え。circle_pct上位2艇に絞り込むこと。'}",,,29.6,逃げ狙い,18.54,32.2,2,,,,,,,,,,,
2025-12-08,丸亀,8,5,下田哲也,B1,51.72,5,○,4.6398,4.9,53,27.3,0.1631,3.9091,,,0,低,104,0,-,232 55,0,25.9,0.7174,,,,,,0.3333,0.1667,0.25,,,A,△,,0.292,0.615,,0.4866,S,80,0,◎1着固定 2-3着流し（5〜8点）,0.5777,"{'is_target': True, 'verdict': '点数絞り', 'max_combo_prob': 0.1792, 'est_top_odds': 7.4, 'circle_concentration': 78.8, 'eligible_count': 6, 'bet_adj': 0, 'reason': 'rel_win1=64.5%（本命度） / 最有力組み合わせ確率: 0.179（推定実オッズ?7倍） / 2着集中度: 上位2艇 78.8%（補正+0.04） / 総合判定確率: 0.219 / → ヒモはやや固め。上位2艇以外を切ること', 'tenji_trigger': '展示確認: 1号艇伸び良→そのまま採用。悪→飛び組に差し替え。circle_pct上位2艇に絞り込むこと。'}",,,29.6,逃げ狙い,18.54,32.2,2,,,,,,,,,,,
2025-12-08,丸亀,8,6,増本杏珠,B1,21.82,6,,1.0672,1.2,12,2.6,0.2022,4.3158,,,0,低,74,0,-,4 625,0,26.8,0.8289,,,,,,0.1667,0.5,0.1667,,,D,,,0.1689,0.5195,,0.4866,S,80,0,◎1着固定 2-3着流し（5〜8点）,0.5777,"{'is_target': True, 'verdict': '点数絞り', 'max_combo_prob': 0.1792, 'est_top_odds': 7.4, 'circle_concentration': 78.8, 'eligible_count': 6, 'bet_adj': 0, 'reason': 'rel_win1=64.5%（本命度） / 最有力組み合わせ確率: 0.179（推定実オッズ?7倍） / 2着集中度: 上位2艇 78.8%（補正+0.04） / 総合判定確率: 0.219 / → ヒモはやや固め。上位2艇以外を切ること', 'tenji_trigger': '展示確認: 1号艇伸び良→そのまま採用。悪→飛び組に差し替え。circle_pct上位2艇に絞り込むこと。'}",,,29.6,逃げ狙い,18.54,32.2,2,,,,,,,,,,,
2025-12-08,丸亀,9,1,森下愛梨,B1,32.14,1,◎,64.4512,,0,72.2,0.2,3.5556,,,0,低,64,0,逃1%,443 43,0,79.4,0.9944,0.8,,,,,0,0.38,0,○⚠️,,B,△,,,0.537,,0.357,B,57,0,◎○△フォーメーション（15〜20点）,0.5777,"{'is_target': True, 'verdict': '点数絞り', 'max_combo_prob': 0.0996, 'est_top_odds': 13.4, 'circle_concentration': 70.8, 'eligible_count': 9, 'bet_adj': 0, 'reason': 'rel_win1=64.5%（本命度） / 最有力組み合わせ確率: 0.100（推定実オッズ?13倍） / 2着集中度: 上位2艇 70.8%（補正+0.04） / 総合判定確率: 0.140 / → ヒモはやや固め。上位2艇以外を切ること', 'tenji_trigger': '展示確認: 1号艇伸び良→そのまま採用。悪→飛び組に差し替え。circle_pct上位2艇に絞り込むこと。\n展示で1号艇スタート遅め(0.200秒)確認→ヒモが荒れやすい'}",,,35.7,両建て推奨,20.53,33.6,2,2-1-3|2-1-4|2-1-6|2-3-1|2-6-1|2-6-3|2-3-4|1-2-4|1-2-6|1-4-2|1-3-2,2-1-3|2-1-4|2-1-6|2-3-1|2-6-1|2-6-3|2-3-4|1-2-4|1-2-6|5-1-6|1-4-2|1-3-2,2-1-3:2.57%|2-1-4:1.31%|2-1-6:1.08%|2-3-1:0.82%|2-6-1:0.43%|2-6-3:0.17%|2-3-4:0.16%|1-2-4:7.95%|1-2-6:7.4%|1-4-2:4.27%|1-3-2:4.2%,2-1-3:B_main|2-1-4:B_main|2-1-6:B_main|2-3-1:B_main|2-6-1:B_main|2-6-3:B_main|2-3-4:B_main|1-2-4:A|1-2-6:A|1-4-2:A|1-3-2:A,11,12,0.4535,1,[!]見送り推奨（主役決まり手「差し」― 逃げ劣勢レースで的中実績なし）,主役軸流し,B
2025-12-08,丸亀,9,2,金田幸子,A2,36.84,2,○,15.5786,50.6,83,58.6,0.1614,3.9483,,,0,低,50,0,-,226545,0,55.6,0.996,,,,,,0.2,0.0667,0.2,,◎,A,○,,0.5775,0.636,,0.357,B,57,0,◎○△フォーメーション（15〜20点）,0.5777,"{'is_target': True, 'verdict': '点数絞り', 'max_combo_prob': 0.0996, 'est_top_odds': 13.4, 'circle_concentration': 70.8, 'eligible_count': 9, 'bet_adj': 0, 'reason': 'rel_win1=64.5%（本命度） / 最有力組み合わせ確率: 0.100（推定実オッズ?13倍） / 2着集中度: 上位2艇 70.8%（補正+0.04） / 総合判定確率: 0.140 / → ヒモはやや固め。上位2艇以外を切ること', 'tenji_trigger': '展示確認: 1号艇伸び良→そのまま採用。悪→飛び組に差し替え。circle_pct上位2艇に絞り込むこと。\n展示で1号艇スタート遅め(0.200秒)確認→ヒモが荒れやすい'}",,,35.7,両建て推奨,20.53,33.6,2,,,,,,,,,,,
2025-12-08,丸亀,9,3,前原　哉,B1,24.53,3,,9.1498,20.3,67,30.9,0.1979,4.119,,,0,低,107,0,-,4 4652,0,72.4,1.4233,0,0.0833,0,0,0,0,0.4286,0.1429,,,D,△,,0.3005,0.5705,,0.357,B,57,0,◎○△フォーメーション（15〜20点）,0.5777,"{'is_target': True, 'verdict': '点数絞り', 'max_combo_prob': 0.0996, 'est_top_odds': 13.4, 'circle_concentration': 70.8, 'eligible_count': 9, 'bet_adj': 0, 'reason': 'rel_win1=64.5%（本命度） / 最有力組み合わせ確率: 0.100（推定実オッズ?13倍） / 2着集中度: 上位2艇 70.8%（補正+0.04） / 総合判定確率: 0.140 / → ヒモはやや固め。上位2艇以外を切ること', 'tenji_trigger': '展示確認: 1号艇伸び良→そのまま採用。悪→飛び組に差し替え。circle_pct上位2艇に絞り込むこと。\n展示で1号艇スタート遅め(0.200秒)確認→ヒモが荒れやすい'}",,,35.7,両建て推奨,20.53,33.6,2,,,,,,,,,,,
2025-12-08,丸亀,9,4,石原凪紗,B2,21.57,4,△,4.8728,11.7,82,10.5,0.1505,3.6842,,,0,低,62,0,-,656 56,0,70.6,0.5374,,,,,,0.2643,0.0571,0.0571,,○,D,△,,0.4875,0.537,,0.357,B,57,0,◎○△フォーメーション（15〜20点）,0.5777,"{'is_target': True, 'verdict': '点数絞り', 'max_combo_prob': 0.0996, 'est_top_odds': 13.4, 'circle_concentration': 70.8, 'eligible_count': 9, 'bet_adj': 0, 'reason': 'rel_win1=64.5%（本命度） / 最有力組み合わせ確率: 0.100（推定実オッズ?13倍） / 2着集中度: 上位2艇 70.8%（補正+0.04） / 総合判定確率: 0.140 / → ヒモはやや固め。上位2艇以外を切ること', 'tenji_trigger': '展示確認: 1号艇伸び良→そのまま採用。悪→飛び組に差し替え。circle_pct上位2艇に絞り込むこと。\n展示で1号艇スタート遅め(0.200秒)確認→ヒモが荒れやすい'}",,,35.7,両建て推奨,20.53,33.6,2,,,,,,,,,,,
2025-12-08,丸亀,9,5,宮城那菜,B2,25.00,5,▲,4.3986,11.7,78,7.7,0.1923,3.7692,,,0,低,29,1,-,6 K46,0,27.5,0.6529,,,,,,,,,,,C,,,0.3345,0.4685,,0.357,B,57,0,◎○△フォーメーション（15〜20点）,0.5777,"{'is_target': True, 'verdict': '点数絞り', 'max_combo_prob': 0.0996, 'est_top_odds': 13.4, 'circle_concentration': 70.8, 'eligible_count': 9, 'bet_adj': 0, 'reason': 'rel_win1=64.5%（本命度） / 最有力組み合わせ確率: 0.100（推定実オッズ?13倍） / 2着集中度: 上位2艇 70.8%（補正+0.04） / 総合判定確率: 0.140 / → ヒモはやや固め。上位2艇以外を切ること', 'tenji_trigger': '展示確認: 1号艇伸び良→そのまま採用。悪→飛び組に差し替え。circle_pct上位2艇に絞り込むこと。\n展示で1号艇スタート遅め(0.200秒)確認→ヒモが荒れやすい'}",,,35.7,両建て推奨,20.53,33.6,2,,,,,,,,,,,
2025-12-08,丸亀,9,6,平山智加,A1,18.37,6,,1.5489,5.8,100,40.9,0.1764,4.2727,,,0,低,46,0,-,156624,0,27.1,1.1911,,,,,,0,0.1818,0.1818,,,E,◎,,0.3851,0.651,,0.357,B,57,0,◎○△フォーメーション（15〜20点）,0.5777,"{'is_target': True, 'verdict': '点数絞り', 'max_combo_prob': 0.0996, 'est_top_odds': 13.4, 'circle_concentration': 70.8, 'eligible_count': 9, 'bet_adj': 0, 'reason': 'rel_win1=64.5%（本命度） / 最有力組み合わせ確率: 0.100（推定実オッズ?13倍） / 2着集中度: 上位2艇 70.8%（補正+0.04） / 総合判定確率: 0.140 / → ヒモはやや固め。上位2艇以外を切ること', 'tenji_trigger': '展示確認: 1号艇伸び良→そのまま採用。悪→飛び組に差し替え。circle_pct上位2艇に絞り込むこと。\n展示で1号艇スタート遅め(0.200秒)確認→ヒモが荒れやすい'}",,,35.7,両建て推奨,20.53,33.6,2,,,,,,,,,,,
2025-12-08,丸亀,10,1,吉島祥之,A2,33.33,1,◎,57.0599,,0,87.8,0.1311,2.7,,,0,低,154,0,逃1%,35113,0,77.5,0.9544,0.7143,,,,,0.0114,0.1676,0.0229,◎,,B,,,,0.5955,,0.5799,A,72,0,◎-○軸 3着3〜4艇流し（10〜15点）,0.5777,"{'is_target': True, 'verdict': '参加推奨', 'max_combo_prob': 0.0841, 'est_top_odds': 15.9, 'circle_concentration': 68.4, 'eligible_count': 8, 'bet_adj': 2, 'reason': 'rel_win1=57.1%（本命度） / 最有力組み合わせ確率: 0.084（推定実オッズ?16倍） / 2着集中度: 上位2艇 68.4%（補正+0.00） / 総合判定確率: 0.084 / → ヒモ分散。1号艇1着固定で広めのヒモ流し推奨（買い目+2点）', 'tenji_trigger': '展示確認: ヒモ分散レース。1号艇伸び確認後、広めのヒモ流しを採用。穴ヒモ（5・6号艇）を積極的に含める。\n展示で1号艇スタート超安定(0.131秒)→ヒモ固まり方向に注意'}",,,28.9,逃げ狙い,22.92,26.5,3,,,,,0,0,0.7559,0,,逃げ軸流し,A
2025-12-08,丸亀,10,2,松尾　祭,A2,33.33,2,△,10.4439,42.8,100,76.7,0.163,3.6,,,0,低,144,0,-,326425,0,53.2,1.0222,0,0.1613,0.0323,0,0,0.1086,0.0654,0.2501,,,B,△,,0.0847,0.6215,,0.5799,A,72,0,◎-○軸 3着3〜4艇流し（10〜15点）,0.5777,"{'is_target': True, 'verdict': '参加推奨', 'max_combo_prob': 0.0841, 'est_top_odds': 15.9, 'circle_concentration': 68.4, 'eligible_count': 8, 'bet_adj': 2, 'reason': 'rel_win1=57.1%（本命度） / 最有力組み合わせ確率: 0.084（推定実オッズ?16倍） / 2着集中度: 上位2艇 68.4%（補正+0.00） / 総合判定確率: 0.084 / → ヒモ分散。1号艇1着固定で広めのヒモ流し推奨（買い目+2点）', 'tenji_trigger': '展示確認: ヒモ分散レース。1号艇伸び確認後、広めのヒモ流しを採用。穴ヒモ（5・6号艇）を積極的に含める。\n展示で1号艇スタート超安定(0.131秒)→ヒモ固まり方向に注意'}",,,28.9,逃げ狙い,22.92,26.5,3,,,,,,,,,,,
2025-12-08,丸亀,10,3,木下雄介,A2,22.64,3,,19.3696,25.7,60,67.5,0.1423,2.65,,,0,低,69,0,差0% 差ま0% 抜0%,611 44,0,82.5,1.4779,0,0.0952,0,0.0476,0.0476,0,0.3169,0.0462,,,D,△,,0.2368,0.612,,0.5799,A,72,0,◎-○軸 3着3〜4艇流し（10〜15点）,0.5777,"{'is_target': True, 'verdict': '参加推奨', 'max_combo_prob': 0.0841, 'est_top_odds': 15.9, 'circle_concentration': 68.4, 'eligible_count': 8, 'bet_adj': 2, 'reason': 'rel_win1=57.1%（本命度） / 最有力組み合わせ確率: 0.084（推定実オッズ?16倍） / 2着集中度: 上位2艇 68.4%（補正+0.00） / 総合判定確率: 0.084 / → ヒモ分散。1号艇1着固定で広めのヒモ流し推奨（買い目+2点）', 'tenji_trigger': '展示確認: ヒモ分散レース。1号艇伸び確認後、広めのヒモ流しを採用。穴ヒモ（5・6号艇）を積極的に含める。\n展示で1号艇スタート超安定(0.131秒)→ヒモ固まり方向に注意'}",,,28.9,逃げ狙い,22.92,26.5,3,,,,,,,,,,,
2025-12-08,丸亀,10,4,竹井奈美,B2,30.19,4,▲,7.5153,14.4,82,61.9,0.1262,2.9762,,,0,低,30,0,-,332 11,0,21.2,0.5723,0,0,0,0,0.0588,0,0.0667,0,,,D,○,,0.3311,0.6455,,0.5799,A,72,0,◎-○軸 3着3〜4艇流し（10〜15点）,0.5777,"{'is_target': True, 'verdict': '参加推奨', 'max_combo_prob': 0.0841, 'est_top_odds': 15.9, 'circle_concentration': 68.4, 'eligible_count': 8, 'bet_adj': 2, 'reason': 'rel_win1=57.1%（本命度） / 最有力組み合わせ確率: 0.084（推定実オッズ?16倍） / 2着集中度: 上位2艇 68.4%（補正+0.00） / 総合判定確率: 0.084 / → ヒモ分散。1号艇1着固定で広めのヒモ流し推奨（買い目+2点）', 'tenji_trigger': '展示確認: ヒモ分散レース。1号艇伸び確認後、広めのヒモ流しを採用。穴ヒモ（5・6号艇）を積極的に含める。\n展示で1号艇スタート超安定(0.131秒)→ヒモ固まり方向に注意'}",,,28.9,逃げ狙い,22.92,26.5,3,,,,,,,,,,,
2025-12-08,丸亀,10,5,石川　諒,B1,46.43,5,○,4.6547,16,53,34.9,0.1419,2.6746,,,0,低,71,0,差ま0%,152 2,0,56.6,0.9976,0,0,0,0.0667,0,0.0421,0.1278,0.1489,,,A,◎,,0.2523,0.6605,,0.5799,A,72,0,◎-○軸 3着3〜4艇流し（10〜15点）,0.5777,"{'is_target': True, 'verdict': '参加推奨', 'max_combo_prob': 0.0841, 'est_top_odds': 15.9, 'circle_concentration': 68.4, 'eligible_count': 8, 'bet_adj': 2, 'reason': 'rel_win1=57.1%（本命度） / 最有力組み合わせ確率: 0.084（推定実オッズ?16倍） / 2着集中度: 上位2艇 68.4%（補正+0.00） / 総合判定確率: 0.084 / → ヒモ分散。1号艇1着固定で広めのヒモ流し推奨（買い目+2点）', 'tenji_trigger': '展示確認: ヒモ分散レース。1号艇伸び確認後、広めのヒモ流しを採用。穴ヒモ（5・6号艇）を積極的に含める。\n展示で1号艇スタート超安定(0.131秒)→ヒモ固まり方向に注意'}",,,28.9,逃げ狙い,22.92,26.5,3,,,,,,,,,,,
2025-12-08,丸亀,10,6,常盤海心,B1,32.14,6,,0.9567,1.2,43,18.4,0.2084,4.5921,,,0,低,136,0,-,3 134,0,31.6,0.8244,,,,,,0.0667,0.6,0.2667,,,C,,,0.1379,0.592,,0.5799,A,72,0,◎-○軸 3着3〜4艇流し（10〜15点）,0.5777,"{'is_target': True, 'verdict': '参加推奨', 'max_combo_prob': 0.0841, 'est_top_odds': 15.9, 'circle_concentration': 68.4, 'eligible_count': 8, 'bet_adj': 2, 'reason': 'rel_win1=57.1%（本命度） / 最有力組み合わせ確率: 0.084（推定実オッズ?16倍） / 2着集中度: 上位2艇 68.4%（補正+0.00） / 総合判定確率: 0.084 / → ヒモ分散。1号艇1着固定で広めのヒモ流し推奨（買い目+2点）', 'tenji_trigger': '展示確認: ヒモ分散レース。1号艇伸び確認後、広めのヒモ流しを採用。穴ヒモ（5・6号艇）を積極的に含める。\n展示で1号艇スタート超安定(0.131秒)→ヒモ固まり方向に注意'}",,,28.9,逃げ狙い,22.92,26.5,3,,,,,,,,,,,
2025-12-08,丸亀,11,1,榎　幸司,A1,22.22,1,◎,59.2942,,0,92.9,0.1595,3.4133,,,0,低,175,0,逃1%,363231,0,66.9,1.0063,0.75,,,,,0.0945,0.02,0.04,◎,,D,△,,,0.622,,0.4935,S,82,0,◎1着固定 2-3着流し（5〜8点）,0.5777,"{'is_target': True, 'verdict': '参加推奨', 'max_combo_prob': 0.0741, 'est_top_odds': 18.0, 'circle_concentration': 67.7, 'eligible_count': 6, 'bet_adj': 2, 'reason': 'rel_win1=59.3%（本命度） / 最有力組み合わせ確率: 0.074（推定実オッズ?18倍） / 2着集中度: 上位2艇 67.7%（補正+0.00） / 総合判定確率: 0.074 / → ヒモ分散。1号艇1着固定で広めのヒモ流し推奨（買い目+2点）', 'tenji_trigger': '展示確認: ヒモ分散レース。1号艇伸び確認後、広めのヒモ流しを採用。穴ヒモ（5・6号艇）を積極的に含める。'}",,,27.4,逃げ狙い,18.11,26.4,3,,,,,0,0,0.7559,0,,逃げ軸流し,A
2025-12-08,丸亀,11,2,清水敦揮,A1,26.47,2,○,17.7268,40.2,100,73.6,0.1519,3.2264,,,0,低,120,0,-,114523,0,50.4,1.086,0,0.24,0,0,0,0.0308,0.2115,0.1808,,◎,C,,,0.4471,0.607,,0.4935,S,82,0,◎1着固定 2-3着流し（5〜8点）,0.5777,"{'is_target': True, 'verdict': '参加推奨', 'max_combo_prob': 0.0741, 'est_top_odds': 18.0, 'circle_concentration': 67.7, 'eligible_count': 6, 'bet_adj': 2, 'reason': 'rel_win1=59.3%（本命度） / 最有力組み合わせ確率: 0.074（推定実オッズ?18倍） / 2着集中度: 上位2艇 67.7%（補正+0.00） / 総合判定確率: 0.074 / → ヒモ分散。1号艇1着固定で広めのヒモ流し推奨（買い目+2点）', 'tenji_trigger': '展示確認: ヒモ分散レース。1号艇伸び確認後、広めのヒモ流しを採用。穴ヒモ（5・6号艇）を積極的に含める。'}",,,27.4,逃げ狙い,18.11,26.4,3,,,,,,,,,,,
2025-12-08,丸亀,11,3,吉川昭男,A2,14.63,3,,13.3001,27.4,70,65.3,0.1596,3.44,,,0,低,79,0,-,641 31,0,21.6,0.6735,0,0.025,0.125,0.05,0.025,0.1771,0.2257,0.0343,,,E,◎,,0.3051,0.667,,0.4935,S,82,0,◎1着固定 2-3着流し（5〜8点）,0.5777,"{'is_target': True, 'verdict': '参加推奨', 'max_combo_prob': 0.0741, 'est_top_odds': 18.0, 'circle_concentration': 67.7, 'eligible_count': 6, 'bet_adj': 2, 'reason': 'rel_win1=59.3%（本命度） / 最有力組み合わせ確率: 0.074（推定実オッズ?18倍） / 2着集中度: 上位2艇 67.7%（補正+0.00） / 総合判定確率: 0.074 / → ヒモ分散。1号艇1着固定で広めのヒモ流し推奨（買い目+2点）', 'tenji_trigger': '展示確認: ヒモ分散レース。1号艇伸び確認後、広めのヒモ流しを採用。穴ヒモ（5・6号艇）を積極的に含める。'}",,,27.4,逃げ狙い,18.11,26.4,3,,,,,,,,,,,
2025-12-08,丸亀,11,4,外崎　悟,A2,17.02,4,,5.6538,19.5,95,56.4,0.1436,2.7636,,,0,低,91,0,-,1 3451,0,45.9,0.9889,0,0.0909,0.0455,0,0,0,0.219,0.0333,,,D,○,,0.3581,0.6445,,0.4935,S,82,0,◎1着固定 2-3着流し（5〜8点）,0.5777,"{'is_target': True, 'verdict': '参加推奨', 'max_combo_prob': 0.0741, 'est_top_odds': 18.0, 'circle_concentration': 67.7, 'eligible_count': 6, 'bet_adj': 2, 'reason': 'rel_win1=59.3%（本命度） / 最有力組み合わせ確率: 0.074（推定実オッズ?18倍） / 2着集中度: 上位2艇 67.7%（補正+0.00） / 総合判定確率: 0.074 / → ヒモ分散。1号艇1着固定で広めのヒモ流し推奨（買い目+2点）', 'tenji_trigger': '展示確認: ヒモ分散レース。1号艇伸び確認後、広めのヒモ流しを採用。穴ヒモ（5・6号艇）を積極的に含める。'}",,,27.4,逃げ狙い,18.11,26.4,3,,,,,,,,,,,
2025-12-08,丸亀,11,5,酒井陽祐,B1,29.31,5,△,3.0157,8.9,82,35.5,0.1752,3.9758,,,0,低,117,0,-,3 326,0,95.2,1.8021,0,0,0,0.0323,0,0.2222,0,0.3333,,,B,△,,0.2333,0.62,,0.4935,S,82,0,◎1着固定 2-3着流し（5〜8点）,0.5777,"{'is_target': True, 'verdict': '参加推奨', 'max_combo_prob': 0.0741, 'est_top_odds': 18.0, 'circle_concentration': 67.7, 'eligible_count': 6, 'bet_adj': 2, 'reason': 'rel_win1=59.3%（本命度） / 最有力組み合わせ確率: 0.074（推定実オッズ?18倍） / 2着集中度: 上位2艇 67.7%（補正+0.00） / 総合判定確率: 0.074 / → ヒモ分散。1号艇1着固定で広めのヒモ流し推奨（買い目+2点）', 'tenji_trigger': '展示確認: ヒモ分散レース。1号艇伸び確認後、広めのヒモ流しを採用。穴ヒモ（5・6号艇）を積極的に含める。'}",,,27.4,逃げ狙い,18.11,26.4,3,,,,,,,,,,,
2025-12-08,丸亀,11,6,澤　大介,B1,44.64,6,▲,1.0093,3.9,59,29.6,0.1889,3.6204,,,0,低,129,0,-,345 12,0,41.7,0.9578,,,,,,0.46,0.28,0.04,,,A,,,0.2235,0.5755,,0.4935,S,82,0,◎1着固定 2-3着流し（5〜8点）,0.5777,"{'is_target': True, 'verdict': '参加推奨', 'max_combo_prob': 0.0741, 'est_top_odds': 18.0, 'circle_concentration': 67.7, 'eligible_count': 6, 'bet_adj': 2, 'reason': 'rel_win1=59.3%（本命度） / 最有力組み合わせ確率: 0.074（推定実オッズ?18倍） / 2着集中度: 上位2艇 67.7%（補正+0.00） / 総合判定確率: 0.074 / → ヒモ分散。1号艇1着固定で広めのヒモ流し推奨（買い目+2点）', 'tenji_trigger': '展示確認: ヒモ分散レース。1号艇伸び確認後、広めのヒモ流しを採用。穴ヒモ（5・6号艇）を積極的に含める。'}",,,27.4,逃げ狙い,18.11,26.4,3,,,,,,,,,,,
2025-12-08,丸亀,12,1,中岡正彦,A1,29.82,1,◎,59.1386,,0,93.3,0.1175,2.4083,,,0,低,42,0,逃1%,111131,0,86,1.0869,0.7647,,,,,0.1103,0,0.0588,◎,,D,△,,,0.649,,0.7059,S,100,0,◎1着固定 2-3着流し（5〜8点）,0.5777,"{'is_target': True, 'verdict': '点数絞り', 'max_combo_prob': 0.0845, 'est_top_odds': 15.8, 'circle_concentration': 76.4, 'eligible_count': 6, 'bet_adj': 0, 'reason': 'rel_win1=59.1%（本命度） / 最有力組み合わせ確率: 0.084（推定実オッズ?16倍） / 2着集中度: 上位2艇 76.4%（補正+0.04） / 総合判定確率: 0.124 / → ヒモはやや固め。上位2艇以外を切ること', 'tenji_trigger': '展示確認: 1号艇伸び良→そのまま採用。悪→飛び組に差し替え。circle_pct上位2艇に絞り込むこと。\n展示で1号艇スタート超安定(0.117秒)→ヒモ固まり方向に注意'}",,,27.5,逃げ狙い,20.77,24.2,2,,,,,0,0,0.7559,0,,逃げ軸流し,A
2025-12-08,丸亀,12,2,金子拓矢,A1,55.36,2,○,22.117,45.2,100,87.8,0.1469,2.8061,,,0,低,69,0,差0% ま0%,131113,0,86.2,1.4781,0,0.1304,0.2174,0,0,0.0105,0.1516,0.0705,,,A,○,,0.0912,0.661,,0.7059,S,100,0,◎1着固定 2-3着流し（5〜8点）,0.5777,"{'is_target': True, 'verdict': '点数絞り', 'max_combo_prob': 0.0845, 'est_top_odds': 15.8, 'circle_concentration': 76.4, 'eligible_count': 6, 'bet_adj': 0, 'reason': 'rel_win1=59.1%（本命度） / 最有力組み合わせ確率: 0.084（推定実オッズ?16倍） / 2着集中度: 上位2艇 76.4%（補正+0.04） / 総合判定確率: 0.124 / → ヒモはやや固め。上位2艇以外を切ること', 'tenji_trigger': '展示確認: 1号艇伸び良→そのまま採用。悪→飛び組に差し替え。circle_pct上位2艇に絞り込むこと。\n展示で1号艇スタート超安定(0.117秒)→ヒモ固まり方向に注意'}",,,27.5,逃げ狙い,20.77,24.2,2,,,,,,,,,,,
2025-12-08,丸亀,12,3,濱本優一,A2,39.62,3,▲,8.8407,31.1,80,68.8,0.1661,3.2266,,,0,低,141,0,差0% ま0% 差ま0% 抜0%,221326,0,54.9,1.1815,0,0.04,0.08,0.04,0.04,0.0429,0.1629,0,,,B,△,,0.1155,0.61,,0.7059,S,100,0,◎1着固定 2-3着流し（5〜8点）,0.5777,"{'is_target': True, 'verdict': '点数絞り', 'max_combo_prob': 0.0845, 'est_top_odds': 15.8, 'circle_concentration': 76.4, 'eligible_count': 6, 'bet_adj': 0, 'reason': 'rel_win1=59.1%（本命度） / 最有力組み合わせ確率: 0.084（推定実オッズ?16倍） / 2着集中度: 上位2艇 76.4%（補正+0.04） / 総合判定確率: 0.124 / → ヒモはやや固め。上位2艇以外を切ること', 'tenji_trigger': '展示確認: 1号艇伸び良→そのまま採用。悪→飛び組に差し替え。circle_pct上位2艇に絞り込むこと。\n展示で1号艇スタート超安定(0.117秒)→ヒモ固まり方向に注意'}",,,27.5,逃げ狙い,20.77,24.2,2,,,,,,,,,,,
2025-12-08,丸亀,12,4,中北将史,B1,26.56,4,,5.0733,7.9,70,29.5,0.1752,3.5246,,,0,低,132,0,-,2 422,0,24.2,0.6555,,,,,,0.4471,0.0941,0.0941,,,D,,,0.1371,0.6005,,0.7059,S,100,0,◎1着固定 2-3着流し（5〜8点）,0.5777,"{'is_target': True, 'verdict': '点数絞り', 'max_combo_prob': 0.0845, 'est_top_odds': 15.8, 'circle_concentration': 76.4, 'eligible_count': 6, 'bet_adj': 0, 'reason': 'rel_win1=59.1%（本命度） / 最有力組み合わせ確率: 0.084（推定実オッズ?16倍） / 2着集中度: 上位2艇 76.4%（補正+0.04） / 総合判定確率: 0.124 / → ヒモはやや固め。上位2艇以外を切ること', 'tenji_trigger': '展示確認: 1号艇伸び良→そのまま採用。悪→飛び組に差し替え。circle_pct上位2艇に絞り込むこと。\n展示で1号艇スタート超安定(0.117秒)→ヒモ固まり方向に注意'}",,,27.5,逃げ狙い,20.77,24.2,2,,,,,,,,,,,
2025-12-08,丸亀,12,5,田中辰彦,A1,36.36,5,△,2.7709,11.5,90,43.9,0.1635,3.7632,,,0,低,117,0,-,142164,0,77.3,1.3467,0,0,0,0.0385,0,0.0114,0.2229,0.0571,,,C,◎,,0.1333,0.662,,0.7059,S,100,0,◎1着固定 2-3着流し（5〜8点）,0.5777,"{'is_target': True, 'verdict': '点数絞り', 'max_combo_prob': 0.0845, 'est_top_odds': 15.8, 'circle_concentration': 76.4, 'eligible_count': 6, 'bet_adj': 0, 'reason': 'rel_win1=59.1%（本命度） / 最有力組み合わせ確率: 0.084（推定実オッズ?16倍） / 2着集中度: 上位2艇 76.4%（補正+0.04） / 総合判定確率: 0.124 / → ヒモはやや固め。上位2艇以外を切ること', 'tenji_trigger': '展示確認: 1号艇伸び良→そのまま採用。悪→飛び組に差し替え。circle_pct上位2艇に絞り込むこと。\n展示で1号艇スタート超安定(0.117秒)→ヒモ固まり方向に注意'}",,,27.5,逃げ狙い,20.77,24.2,2,,,,,,,,,,,
2025-12-08,丸亀,12,6,麻生慎介,A2,26.23,6,,2.0594,4.2,45,40.9,0.1366,2.7614,,,0,低,66,0,-,143432,0,29.3,0.6336,,,,,,0.0381,0.4362,0.0381,,,E,○,,0.253,0.661,,0.7059,S,100,0,◎1着固定 2-3着流し（5〜8点）,0.5777,"{'is_target': True, 'verdict': '点数絞り', 'max_combo_prob': 0.0845, 'est_top_odds': 15.8, 'circle_concentration': 76.4, 'eligible_count': 6, 'bet_adj': 0, 'reason': 'rel_win1=59.1%（本命度） / 最有力組み合わせ確率: 0.084（推定実オッズ?16倍） / 2着集中度: 上位2艇 76.4%（補正+0.04） / 総合判定確率: 0.124 / → ヒモはやや固め。上位2艇以外を切ること', 'tenji_trigger': '展示確認: 1号艇伸び良→そのまま採用。悪→飛び組に差し替え。circle_pct上位2艇に絞り込むこと。\n展示で1号艇スタート超安定(0.117秒)→ヒモ固まり方向に注意'}",,,27.5,逃げ狙い,20.77,24.2,2,,,,,,,,,,,
2025-12-11,丸亀,1,1,川上清人,B1,35.09,1,◎,55.1776,,0,73.3,0.1593,2.9778,,,0,低,150,0,逃0%,,0,100,1.6429,0.3333,,,,,0.3733,0.0381,0.1962,○,,C,△,,,0.595,,0.4388,B,56,0,◎○△フォーメーション（15〜20点）,0.5777,"{'is_target': True, 'verdict': '点数絞り', 'max_combo_prob': 0.1105, 'est_top_odds': 12.1, 'circle_concentration': 79.8, 'eligible_count': 9, 'bet_adj': 0, 'reason': 'rel_win1=55.2%（本命度） / 最有力組み合わせ確率: 0.111（推定実オッズ?12倍） / 2着集中度: 上位2艇 79.8%（補正+0.04） / 総合判定確率: 0.151 / → ヒモはやや固め。上位2艇以外を切ること', 'tenji_trigger': '展示確認: 1号艇伸び良→そのまま採用。悪→飛び組に差し替え。circle_pct上位2艇に絞り込むこと。'}",,,29.5,両建て推奨,11.42,38,2,,,,,0,0,0.6155,0,,主役軸流し,B
2025-12-11,丸亀,1,2,石岡将太,B1,39.66,2,○,17.1887,56.9,80,49.3,0.1607,3.5217,,,0,低,108,0,差0% ま0%,,0,37.3,0.8852,0,0.1786,0.0357,0,0,0.2159,0.1153,0.1185,,◎,B,◎,,0.3807,0.6615,,0.4388,B,56,0,◎○△フォーメーション（15〜20点）,0.5777,"{'is_target': True, 'verdict': '点数絞り', 'max_combo_prob': 0.1105, 'est_top_odds': 12.1, 'circle_concentration': 79.8, 'eligible_count': 9, 'bet_adj': 0, 'reason': 'rel_win1=55.2%（本命度） / 最有力組み合わせ確率: 0.111（推定実オッズ?12倍） / 2着集中度: 上位2艇 79.8%（補正+0.04） / 総合判定確率: 0.151 / → ヒモはやや固め。上位2艇以外を切ること', 'tenji_trigger': '展示確認: 1号艇伸び良→そのまま採用。悪→飛び組に差し替え。circle_pct上位2艇に絞り込むこと。'}",,,29.5,両建て推奨,11.42,38,2,,,,,,,,,,,
2025-12-11,丸亀,1,3,金子順一,B1,15.38,3,,7.8163,22.9,67,32.8,0.1747,4.1484,,,0,低,148,0,-,,0,22.4,0.6942,0,0,0.0345,0,0,0.38,0.18,0.064,,,E,○,,0.2263,0.6315,,0.4388,B,56,0,◎○△フォーメーション（15〜20点）,0.5777,"{'is_target': True, 'verdict': '点数絞り', 'max_combo_prob': 0.1105, 'est_top_odds': 12.1, 'circle_concentration': 79.8, 'eligible_count': 9, 'bet_adj': 0, 'reason': 'rel_win1=55.2%（本命度） / 最有力組み合わせ確率: 0.111（推定実オッズ?12倍） / 2着集中度: 上位2艇 79.8%（補正+0.04） / 総合判定確率: 0.151 / → ヒモはやや固め。上位2艇以外を切ること', 'tenji_trigger': '展示確認: 1号艇伸び良→そのまま採用。悪→飛び組に差し替え。circle_pct上位2艇に絞り込むこと。'}",,,29.5,両建て推奨,11.42,38,2,,,,,,,,,,,
2025-12-11,丸亀,1,4,高橋直哉,B1,47.62,4,▲,12.3963,12.2,100,49.1,0.1941,4.1356,,,0,低,172,0,差0% ま0%,,0,37.5,0.9479,0,0.0385,0.0385,0.0769,0,0.05,0.2833,0.05,,,A,△,◎,0.1658,0.606,0.327,0.4388,B,56,0,◎○△フォーメーション（15〜20点）,0.5777,"{'is_target': True, 'verdict': '点数絞り', 'max_combo_prob': 0.1105, 'est_top_odds': 12.1, 'circle_concentration': 79.8, 'eligible_count': 9, 'bet_adj': 0, 'reason': 'rel_win1=55.2%（本命度） / 最有力組み合わせ確率: 0.111（推定実オッズ?12倍） / 2着集中度: 上位2艇 79.8%（補正+0.04） / 総合判定確率: 0.151 / → ヒモはやや固め。上位2艇以外を切ること', 'tenji_trigger': '展示確認: 1号艇伸び良→そのまま採用。悪→飛び組に差し替え。circle_pct上位2艇に絞り込むこと。'}",,,29.5,両建て推奨,11.42,38,2,,,,,,,,,,,
2025-12-11,丸亀,1,5,小柳勝希,B2,39.06,5,△,6.2049,7.3,52,9.1,0.1818,3.3636,,,0,低,42,1,-,,0,28.2,0.6431,,,,,,,,,,,C,,,0.2464,0.504,,0.4388,B,56,0,◎○△フォーメーション（15〜20点）,0.5777,"{'is_target': True, 'verdict': '点数絞り', 'max_combo_prob': 0.1105, 'est_top_odds': 12.1, 'circle_concentration': 79.8, 'eligible_count': 9, 'bet_adj': 0, 'reason': 'rel_win1=55.2%（本命度） / 最有力組み合わせ確率: 0.111（推定実オッズ?12倍） / 2着集中度: 上位2艇 79.8%（補正+0.04） / 総合判定確率: 0.151 / → ヒモはやや固め。上位2艇以外を切ること', 'tenji_trigger': '展示確認: 1号艇伸び良→そのまま採用。悪→飛び組に差し替え。circle_pct上位2艇に絞り込むこと。'}",,,29.5,両建て推奨,11.42,38,2,,,,,,,,,,,
2025-12-11,丸亀,1,6,原村拓也,B1,28.79,6,,1.2161,0.7,65,14.3,0.219,4.9082,,,0,低,159,0,-,,0,20.4,0.7017,,,,,,0.3114,0.1257,0.02,,,D,,,0.1407,0.5855,,0.4388,B,56,0,◎○△フォーメーション（15〜20点）,0.5777,"{'is_target': True, 'verdict': '点数絞り', 'max_combo_prob': 0.1105, 'est_top_odds': 12.1, 'circle_concentration': 79.8, 'eligible_count': 9, 'bet_adj': 0, 'reason': 'rel_win1=55.2%（本命度） / 最有力組み合わせ確率: 0.111（推定実オッズ?12倍） / 2着集中度: 上位2艇 79.8%（補正+0.04） / 総合判定確率: 0.151 / → ヒモはやや固め。上位2艇以外を切ること', 'tenji_trigger': '展示確認: 1号艇伸び良→そのまま採用。悪→飛び組に差し替え。circle_pct上位2艇に絞り込むこと。'}",,,29.5,両建て推奨,11.42,38,2,,,,,,,,,,,
2025-12-11,丸亀,2,1,上之晃弘,B1,47.76,1,◎,54.1604,,0,89.2,0.1437,2.6615,,,0,低,123,0,逃0%,,0,82,1.13,0.4545,,,,,0.0545,0.0727,0.2045,◎,,A,○,,,0.659,,0.5128,A,76,0,◎-○軸 3着3〜4艇流し（10〜15点）,0.5777,"{'is_target': True, 'verdict': '参加推奨', 'max_combo_prob': 0.0636, 'est_top_odds': 21.0, 'circle_concentration': 65.9, 'eligible_count': 8, 'bet_adj': 2, 'reason': 'rel_win1=54.2%（本命度） / 最有力組み合わせ確率: 0.064（推定実オッズ?21倍） / 2着集中度: 上位2艇 65.9%（補正+0.00） / 総合判定確率: 0.064 / → ヒモ分散。1号艇1着固定で広めのヒモ流し推奨（買い目+2点）', 'tenji_trigger': '展示確認: ヒモ分散レース。1号艇伸び確認後、広めのヒモ流しを採用。穴ヒモ（5・6号艇）を積極的に含める。'}",,,26.8,逃げ狙い,14.97,27.3,2,,,,,0,0,0.7559,0,,逃げ軸流し,A
2025-12-11,丸亀,2,2,寺島美里,B1,41.54,2,△,8.7814,33.1,100,55.6,0.1604,3.0926,,,0,低,67,0,-,,0,83.3,0.9081,,,,,,0,0,0.4444,,,B,△,,0.1687,0.6185,,0.5128,A,76,0,◎-○軸 3着3〜4艇流し（10〜15点）,0.5777,"{'is_target': True, 'verdict': '参加推奨', 'max_combo_prob': 0.0636, 'est_top_odds': 21.0, 'circle_concentration': 65.9, 'eligible_count': 8, 'bet_adj': 2, 'reason': 'rel_win1=54.2%（本命度） / 最有力組み合わせ確率: 0.064（推定実オッズ?21倍） / 2着集中度: 上位2艇 65.9%（補正+0.00） / 総合判定確率: 0.064 / → ヒモ分散。1号艇1着固定で広めのヒモ流し推奨（買い目+2点）', 'tenji_trigger': '展示確認: ヒモ分散レース。1号艇伸び確認後、広めのヒモ流しを採用。穴ヒモ（5・6号艇）を積極的に含める。'}",,,26.8,逃げ狙い,14.97,27.3,2,,,,,,,,,,,
2025-12-11,丸亀,2,3,井上慧人,B1,18.64,3,,13.2321,14.6,78,27.3,0.2482,4.2273,,,0,低,110,1,差ま0%,,0,16.1,0.7823,0,0,0,0.0909,0,0,0.7,0,,,E,,,0.1312,0.578,,0.5128,A,76,0,◎-○軸 3着3〜4艇流し（10〜15点）,0.5777,"{'is_target': True, 'verdict': '参加推奨', 'max_combo_prob': 0.0636, 'est_top_odds': 21.0, 'circle_concentration': 65.9, 'eligible_count': 8, 'bet_adj': 2, 'reason': 'rel_win1=54.2%（本命度） / 最有力組み合わせ確率: 0.064（推定実オッズ?21倍） / 2着集中度: 上位2艇 65.9%（補正+0.00） / 総合判定確率: 0.064 / → ヒモ分散。1号艇1着固定で広めのヒモ流し推奨（買い目+2点）', 'tenji_trigger': '展示確認: ヒモ分散レース。1号艇伸び確認後、広めのヒモ流しを採用。穴ヒモ（5・6号艇）を積極的に含める。'}",,,26.8,逃げ狙い,14.97,27.3,2,,,,,,,,,,,
2025-12-11,丸亀,2,4,佐竹恒彦,A2,21.82,4,,11.2298,16,54,34.1,0.1555,3.5909,,,0,低,110,0,ま0% 抜0%,,0,47.9,0.9421,0,0,0.0588,0,0.0588,0.032,0.2514,0.2194,,,E,,○,0.2555,0.6025,0.2109,0.5128,A,76,0,◎-○軸 3着3〜4艇流し（10〜15点）,0.5777,"{'is_target': True, 'verdict': '参加推奨', 'max_combo_prob': 0.0636, 'est_top_odds': 21.0, 'circle_concentration': 65.9, 'eligible_count': 8, 'bet_adj': 2, 'reason': 'rel_win1=54.2%（本命度） / 最有力組み合わせ確率: 0.064（推定実オッズ?21倍） / 2着集中度: 上位2艇 65.9%（補正+0.00） / 総合判定確率: 0.064 / → ヒモ分散。1号艇1着固定で広めのヒモ流し推奨（買い目+2点）', 'tenji_trigger': '展示確認: ヒモ分散レース。1号艇伸び確認後、広めのヒモ流しを採用。穴ヒモ（5・6号艇）を積極的に含める。'}",,,26.8,逃げ狙い,14.97,27.3,2,,,,,,,,,,,
2025-12-11,丸亀,2,5,中村　尊,A2,26.87,5,○,10.2138,32.8,38,54.8,0.1266,2.7742,,,0,低,55,0,-,,0,43.3,1.5557,0,0,0.04,0.12,0,0.24,0.04,0.0667,,,D,◎,◎,0.3692,0.6655,0.4568,0.5128,A,76,0,◎-○軸 3着3〜4艇流し（10〜15点）,0.5777,"{'is_target': True, 'verdict': '参加推奨', 'max_combo_prob': 0.0636, 'est_top_odds': 21.0, 'circle_concentration': 65.9, 'eligible_count': 8, 'bet_adj': 2, 'reason': 'rel_win1=54.2%（本命度） / 最有力組み合わせ確率: 0.064（推定実オッズ?21倍） / 2着集中度: 上位2艇 65.9%（補正+0.00） / 総合判定確率: 0.064 / → ヒモ分散。1号艇1着固定で広めのヒモ流し推奨（買い目+2点）', 'tenji_trigger': '展示確認: ヒモ分散レース。1号艇伸び確認後、広めのヒモ流しを採用。穴ヒモ（5・6号艇）を積極的に含める。'}",,,26.8,逃げ狙い,14.97,27.3,2,,,,,,,,,,,
2025-12-11,丸亀,2,6,柴田　光,A1,50.79,6,▲,2.3824,3.5,50,50,0.18,5,,,0,低,58,1,-,,0,93.4,1.8769,,,,,,0,0.1538,0.1154,,,A,△,,0.2065,0.6475,,0.5128,A,76,0,◎-○軸 3着3〜4艇流し（10〜15点）,0.5777,"{'is_target': True, 'verdict': '参加推奨', 'max_combo_prob': 0.0636, 'est_top_odds': 21.0, 'circle_concentration': 65.9, 'eligible_count': 8, 'bet_adj': 2, 'reason': 'rel_win1=54.2%（本命度） / 最有力組み合わせ確率: 0.064（推定実オッズ?21倍） / 2着集中度: 上位2艇 65.9%（補正+0.00） / 総合判定確率: 0.064 / → ヒモ分散。1号艇1着固定で広めのヒモ流し推奨（買い目+2点）', 'tenji_trigger': '展示確認: ヒモ分散レース。1号艇伸び確認後、広めのヒモ流しを採用。穴ヒモ（5・6号艇）を積極的に含める。'}",,,26.8,逃げ狙い,14.97,27.3,2,,,,,,,,,,,
2025-12-11,丸亀,3,1,池田紫乃,B1,34.92,1,◎,55.6793,,0,93.3,0.1213,2.2667,,,0,低,61,0,逃0%,,0,79.2,1.1782,0.5,,,,,0.3333,0.1667,0,◎⚠️,,C,△,,,0.6185,,0.6465,S,83,0,◎1着固定 2-3着流し（5〜8点）,0.5777,"{'is_target': True, 'verdict': '点数絞り', 'max_combo_prob': 0.1022, 'est_top_odds': 13.0, 'circle_concentration': 78.8, 'eligible_count': 6, 'bet_adj': 0, 'reason': 'rel_win1=55.7%（本命度） / 最有力組み合わせ確率: 0.102（推定実オッズ?13倍） / 2着集中度: 上位2艇 78.8%（補正+0.04） / 総合判定確率: 0.142 / → ヒモはやや固め。上位2艇以外を切ること', 'tenji_trigger': '展示確認: 1号艇伸び良→そのまま採用。悪→飛び組に差し替え。circle_pct上位2艇に絞り込むこと。\n展示で1号艇スタート超安定(0.121秒)→ヒモ固まり方向に注意'}",,,28.5,逃げ狙い,11.32,35.2,3,3-1-5|3-1-6|3-5-1|3-5-6|3-1-2|3-2-5|3-2-1|1-2-3|1-2-4|1-3-4,3-1-5|3-1-6|3-5-1|3-5-6|3-1-2|3-2-5|3-2-1|1-2-3|1-2-4|5-1-6|1-3-4|5-6-1,3-1-5:0.97%|3-1-6:0.86%|3-5-1:0.76%|3-5-6:0.7%|3-1-2:0.66%|3-2-5:0.65%|3-2-1:0.62%|1-2-3:5.05%|1-2-4:4.84%|1-3-4:3.32%,3-1-5:B_main|3-1-6:B_main|3-5-1:B_main|3-5-6:B_main|3-1-2:B_main|3-2-5:B_main|3-2-1:B_main|1-2-3:A|1-2-4:A|1-3-4:A,10,12,0.4535,1,[!]見送り推奨（主役決まり手「差し」― 逃げ劣勢レースで的中実績なし）,主役軸流し,B
2025-12-11,丸亀,3,2,池　千夏,B1,22.41,2,,12.3553,49,52,36.4,0.1455,3.0909,,,0,低,8,1,-,,0,64,0.6497,,,,,,0,0.3714,0.3143,,,E,◎,,0.0855,0.7065,,0.6465,S,83,0,◎1着固定 2-3着流し（5〜8点）,0.5777,"{'is_target': True, 'verdict': '点数絞り', 'max_combo_prob': 0.1022, 'est_top_odds': 13.0, 'circle_concentration': 78.8, 'eligible_count': 6, 'bet_adj': 0, 'reason': 'rel_win1=55.7%（本命度） / 最有力組み合わせ確率: 0.102（推定実オッズ?13倍） / 2着集中度: 上位2艇 78.8%（補正+0.04） / 総合判定確率: 0.142 / → ヒモはやや固め。上位2艇以外を切ること', 'tenji_trigger': '展示確認: 1号艇伸び良→そのまま採用。悪→飛び組に差し替え。circle_pct上位2艇に絞り込むこと。\n展示で1号艇スタート超安定(0.121秒)→ヒモ固まり方向に注意'}",,,28.5,逃げ狙い,11.32,35.2,3,,,,,,,,,,,
2025-12-11,丸亀,3,3,向井美鈴,A2,43.75,3,○,14.4326,29.8,66,54.2,0.1664,3.4237,,,0,低,136,0,-,,0,100,3.5944,0,0.0645,0.0323,0.0323,0,0.264,0.048,0.116,,,B,,,0.1124,0.604,,0.6465,S,83,0,◎1着固定 2-3着流し（5〜8点）,0.5777,"{'is_target': True, 'verdict': '点数絞り', 'max_combo_prob': 0.1022, 'est_top_odds': 13.0, 'circle_concentration': 78.8, 'eligible_count': 6, 'bet_adj': 0, 'reason': 'rel_win1=55.7%（本命度） / 最有力組み合わせ確率: 0.102（推定実オッズ?13倍） / 2着集中度: 上位2艇 78.8%（補正+0.04） / 総合判定確率: 0.142 / → ヒモはやや固め。上位2艇以外を切ること', 'tenji_trigger': '展示確認: 1号艇伸び良→そのまま採用。悪→飛び組に差し替え。circle_pct上位2艇に絞り込むこと。\n展示で1号艇スタート超安定(0.121秒)→ヒモ固まり方向に注意'}",,,28.5,逃げ狙い,11.32,35.2,3,,,,,,,,,,,
2025-12-11,丸亀,3,4,野田彩加,B1,33.33,4,,9.9454,7.5,100,51.8,0.1889,4.0185,,,0,低,56,0,ま0%,,0,47.8,1.136,0,0,0.0909,0,0,0.1,0.2,0.2,,,D,○,,0.1269,0.6425,,0.6465,S,83,0,◎1着固定 2-3着流し（5〜8点）,0.5777,"{'is_target': True, 'verdict': '点数絞り', 'max_combo_prob': 0.1022, 'est_top_odds': 13.0, 'circle_concentration': 78.8, 'eligible_count': 6, 'bet_adj': 0, 'reason': 'rel_win1=55.7%（本命度） / 最有力組み合わせ確率: 0.102（推定実オッズ?13倍） / 2着集中度: 上位2艇 78.8%（補正+0.04） / 総合判定確率: 0.142 / → ヒモはやや固め。上位2艇以外を切ること', 'tenji_trigger': '展示確認: 1号艇伸び良→そのまま採用。悪→飛び組に差し替え。circle_pct上位2艇に絞り込むこと。\n展示で1号艇スタート超安定(0.121秒)→ヒモ固まり方向に注意'}",,,28.5,逃げ狙い,11.32,35.2,3,,,,,,,,,,,
2025-12-11,丸亀,3,5,藤田美代,B1,37.68,5,△,3.8078,11.7,49,28.1,0.1744,3.3906,,,0,低,85,0,-,,0,36.6,0.8352,,,,,,0.04,0.4,0.04,,,C,,,0.1424,0.564,,0.6465,S,83,0,◎1着固定 2-3着流し（5〜8点）,0.5777,"{'is_target': True, 'verdict': '点数絞り', 'max_combo_prob': 0.1022, 'est_top_odds': 13.0, 'circle_concentration': 78.8, 'eligible_count': 6, 'bet_adj': 0, 'reason': 'rel_win1=55.7%（本命度） / 最有力組み合わせ確率: 0.102（推定実オッズ?13倍） / 2着集中度: 上位2艇 78.8%（補正+0.04） / 総合判定確率: 0.142 / → ヒモはやや固め。上位2艇以外を切ること', 'tenji_trigger': '展示確認: 1号艇伸び良→そのまま採用。悪→飛び組に差し替え。circle_pct上位2艇に絞り込むこと。\n展示で1号艇スタート超安定(0.121秒)→ヒモ固まり方向に注意'}",,,28.5,逃げ狙い,11.32,35.2,3,,,,,,,,,,,
2025-12-11,丸亀,3,6,川野芽唯,A1,53.97,6,▲,3.7796,2,52,48,0.2012,5.04,,,0,低,72,0,-,,0,29.1,1.4778,0,0,0,0,0.0769,0,0.0556,0.0556,,,A,△,,0.135,0.625,,0.6465,S,83,0,◎1着固定 2-3着流し（5〜8点）,0.5777,"{'is_target': True, 'verdict': '点数絞り', 'max_combo_prob': 0.1022, 'est_top_odds': 13.0, 'circle_concentration': 78.8, 'eligible_count': 6, 'bet_adj': 0, 'reason': 'rel_win1=55.7%（本命度） / 最有力組み合わせ確率: 0.102（推定実オッズ?13倍） / 2着集中度: 上位2艇 78.8%（補正+0.04） / 総合判定確率: 0.142 / → ヒモはやや固め。上位2艇以外を切ること', 'tenji_trigger': '展示確認: 1号艇伸び良→そのまま採用。悪→飛び組に差し替え。circle_pct上位2艇に絞り込むこと。\n展示で1号艇スタート超安定(0.121秒)→ヒモ固まり方向に注意'}",,,28.5,逃げ狙い,11.32,35.2,3,,,,,,,,,,,
2025-12-11,丸亀,4,1,水原　慎,B1,29.85,1,◎,52.8094,,0,73.5,0.1278,2.7449,,,0,低,126,0,逃1%,,0,67.8,0.9628,0.55,,,,,0.05,0.2,0.2,◎,,E,,,,0.598,,0.6045,A,64,0,◎-○軸 3着3〜4艇流し（10〜15点）,0.5777,"{'is_target': True, 'verdict': '参加推奨', 'max_combo_prob': 0.0674, 'est_top_odds': 19.8, 'circle_concentration': 61.6, 'eligible_count': 8, 'bet_adj': 2, 'reason': 'rel_win1=52.8%（本命度） / 最有力組み合わせ確率: 0.067（推定実オッズ?20倍） / 2着集中度: 上位2艇 61.6%（補正+0.00） / 総合判定確率: 0.067 / → ヒモ分散。1号艇1着固定で広めのヒモ流し推奨（買い目+2点）', 'tenji_trigger': '展示確認: ヒモ分散レース。1号艇伸び確認後、広めのヒモ流しを採用。穴ヒモ（5・6号艇）を積極的に含める。\n展示で1号艇スタート超安定(0.128秒)→ヒモ固まり方向に注意'}",,,27.1,両建て推奨,11.92,30.6,3,,,,,0,0,0.7559,0,,逃げ軸流し,A
2025-12-11,丸亀,4,2,花田凱成,B2,43.55,2,△,13.6763,35.5,62,48.7,0.1685,3.8205,,,0,低,83,0,差0%,,0,38.3,0.8362,0,0.0435,0,0,0,0.2731,0.5731,0.0308,,,C,△,,0.0583,0.623,,0.6045,A,64,0,◎-○軸 3着3〜4艇流し（10〜15点）,0.5777,"{'is_target': True, 'verdict': '参加推奨', 'max_combo_prob': 0.0674, 'est_top_odds': 19.8, 'circle_concentration': 61.6, 'eligible_count': 8, 'bet_adj': 2, 'reason': 'rel_win1=52.8%（本命度） / 最有力組み合わせ確率: 0.067（推定実オッズ?20倍） / 2着集中度: 上位2艇 61.6%（補正+0.00） / 総合判定確率: 0.067 / → ヒモ分散。1号艇1着固定で広めのヒモ流し推奨（買い目+2点）', 'tenji_trigger': '展示確認: ヒモ分散レース。1号艇伸び確認後、広めのヒモ流しを採用。穴ヒモ（5・6号艇）を積極的に含める。\n展示で1号艇スタート超安定(0.128秒)→ヒモ固まり方向に注意'}",,,27.1,両建て推奨,11.92,30.6,3,,,,,,,,,,,
2025-12-11,丸亀,4,3,渡邊裕貴,B1,41.94,3,▲,14.5862,26.1,42,44.3,0.1577,3.3643,,,0,低,99,0,差1%,,0,25.2,0.8096,0,0.0357,0.0714,0,0,0,0.2311,0.1644,,,C,△,,0.142,0.6215,,0.6045,A,64,0,◎-○軸 3着3〜4艇流し（10〜15点）,0.5777,"{'is_target': True, 'verdict': '参加推奨', 'max_combo_prob': 0.0674, 'est_top_odds': 19.8, 'circle_concentration': 61.6, 'eligible_count': 8, 'bet_adj': 2, 'reason': 'rel_win1=52.8%（本命度） / 最有力組み合わせ確率: 0.067（推定実オッズ?20倍） / 2着集中度: 上位2艇 61.6%（補正+0.00） / 総合判定確率: 0.067 / → ヒモ分散。1号艇1着固定で広めのヒモ流し推奨（買い目+2点）', 'tenji_trigger': '展示確認: ヒモ分散レース。1号艇伸び確認後、広めのヒモ流しを採用。穴ヒモ（5・6号艇）を積極的に含める。\n展示で1号艇スタート超安定(0.128秒)→ヒモ固まり方向に注意'}",,,27.1,両建て推奨,11.92,30.6,3,,,,,,,,,,,
2025-12-11,丸亀,4,4,前田　翔,A1,41.27,4,,10.4551,24.6,100,83.9,0.1603,3.7258,,,0,低,48,0,ま0% 差ま0%,,0,89,1.5762,0,0,0.0714,0.0714,0,0.0952,0.0476,0.0952,,,D,◎,,0.1734,0.6585,,0.6045,A,64,0,◎-○軸 3着3〜4艇流し（10〜15点）,0.5777,"{'is_target': True, 'verdict': '参加推奨', 'max_combo_prob': 0.0674, 'est_top_odds': 19.8, 'circle_concentration': 61.6, 'eligible_count': 8, 'bet_adj': 2, 'reason': 'rel_win1=52.8%（本命度） / 最有力組み合わせ確率: 0.067（推定実オッズ?20倍） / 2着集中度: 上位2艇 61.6%（補正+0.00） / 総合判定確率: 0.067 / → ヒモ分散。1号艇1着固定で広めのヒモ流し推奨（買い目+2点）', 'tenji_trigger': '展示確認: ヒモ分散レース。1号艇伸び確認後、広めのヒモ流しを採用。穴ヒモ（5・6号艇）を積極的に含める。\n展示で1号艇スタート超安定(0.128秒)→ヒモ固まり方向に注意'}",,,27.1,両建て推奨,11.92,30.6,3,,,,,,,,,,,
2025-12-11,丸亀,4,5,松村康太,A2,48.48,5,○,7.2318,11.3,94,48.5,0.1662,3.7727,,,0,低,166,0,抜0%,,0,28.4,0.87,0,0,0.037,0,0.037,0.22,0.1756,0.2689,,,A,,,0.1616,0.6195,,0.6045,A,64,0,◎-○軸 3着3〜4艇流し（10〜15点）,0.5777,"{'is_target': True, 'verdict': '参加推奨', 'max_combo_prob': 0.0674, 'est_top_odds': 19.8, 'circle_concentration': 61.6, 'eligible_count': 8, 'bet_adj': 2, 'reason': 'rel_win1=52.8%（本命度） / 最有力組み合わせ確率: 0.067（推定実オッズ?20倍） / 2着集中度: 上位2艇 61.6%（補正+0.00） / 総合判定確率: 0.067 / → ヒモ分散。1号艇1着固定で広めのヒモ流し推奨（買い目+2点）', 'tenji_trigger': '展示確認: ヒモ分散レース。1号艇伸び確認後、広めのヒモ流しを採用。穴ヒモ（5・6号艇）を積極的に含める。\n展示で1号艇スタート超安定(0.128秒)→ヒモ固まり方向に注意'}",,,27.1,両建て推奨,11.92,30.6,3,,,,,,,,,,,
2025-12-11,丸亀,4,6,赤羽克也,A2,45.31,6,,1.2412,2.5,42,35.1,0.1705,4.0877,,,0,低,137,0,-,,0,41.8,0.9822,,,,,,0.2828,0.1885,0.0138,,,B,○,,0.1776,0.633,,0.6045,A,64,0,◎-○軸 3着3〜4艇流し（10〜15点）,0.5777,"{'is_target': True, 'verdict': '参加推奨', 'max_combo_prob': 0.0674, 'est_top_odds': 19.8, 'circle_concentration': 61.6, 'eligible_count': 8, 'bet_adj': 2, 'reason': 'rel_win1=52.8%（本命度） / 最有力組み合わせ確率: 0.067（推定実オッズ?20倍） / 2着集中度: 上位2艇 61.6%（補正+0.00） / 総合判定確率: 0.067 / → ヒモ分散。1号艇1着固定で広めのヒモ流し推奨（買い目+2点）', 'tenji_trigger': '展示確認: ヒモ分散レース。1号艇伸び確認後、広めのヒモ流しを採用。穴ヒモ（5・6号艇）を積極的に含める。\n展示で1号艇スタート超安定(0.128秒)→ヒモ固まり方向に注意'}",,,27.1,両建て推奨,11.92,30.6,3,,,,,,,,,,,
2025-12-11,丸亀,5,1,岡部大輝,B1,37.88,1,◎,57.7367,,0,80,0.1324,2.2444,,,0,低,84,0,逃1%,,0,74.3,0.8884,0.6316,,,,,0.1832,0.1832,0.0211,◎,,B,○,,,0.66,,0.6573,S,86,0,◎1着固定 2-3着流し（5〜8点）,0.5777,"{'is_target': True, 'verdict': '点数絞り', 'max_combo_prob': 0.087, 'est_top_odds': 15.3, 'circle_concentration': 76.3, 'eligible_count': 6, 'bet_adj': 0, 'reason': 'rel_win1=57.7%（本命度） / 最有力組み合わせ確率: 0.087（推定実オッズ?15倍） / 2着集中度: 上位2艇 76.3%（補正+0.04） / 総合判定確率: 0.127 / → ヒモはやや固め。上位2艇以外を切ること', 'tenji_trigger': '展示確認: 1号艇伸び良→そのまま採用。悪→飛び組に差し替え。circle_pct上位2艇に絞り込むこと。\n展示で1号艇スタート超安定(0.132秒)→ヒモ固まり方向に注意'}",,,29.1,逃げ狙い,17.95,31.3,2,,,,,0,0,0.7559,0,,逃げ軸流し,A
2025-12-11,丸亀,5,2,吉村　誠,A2,26.56,2,△,15.0031,50.5,85,69.7,0.1486,3.1053,,,0,低,86,0,-,,0,40.1,0.8419,0,0.25,0,0,0.0357,0.0098,0.0195,0.1735,,,E,◎,,0.1974,0.675,,0.6573,S,86,0,◎1着固定 2-3着流し（5〜8点）,0.5777,"{'is_target': True, 'verdict': '点数絞り', 'max_combo_prob': 0.087, 'est_top_odds': 15.3, 'circle_concentration': 76.3, 'eligible_count': 6, 'bet_adj': 0, 'reason': 'rel_win1=57.7%（本命度） / 最有力組み合わせ確率: 0.087（推定実オッズ?15倍） / 2着集中度: 上位2艇 76.3%（補正+0.04） / 総合判定確率: 0.127 / → ヒモはやや固め。上位2艇以外を切ること', 'tenji_trigger': '展示確認: 1号艇伸び良→そのまま採用。悪→飛び組に差し替え。circle_pct上位2艇に絞り込むこと。\n展示で1号艇スタート超安定(0.132秒)→ヒモ固まり方向に注意'}",,,29.1,逃げ狙い,17.95,31.3,2,,,,,,,,,,,
2025-12-11,丸亀,5,3,伊藤喜智,B1,30.88,3,▲,9.0001,25.8,95,62.5,0.1722,4.1562,,,0,低,184,0,差ま0%,,0,22.2,0.7265,0,0,0.0417,0.0833,0,0.2075,0.1379,0.0174,,,C,,,0.114,0.646,,0.6573,S,86,0,◎1着固定 2-3着流し（5〜8点）,0.5777,"{'is_target': True, 'verdict': '点数絞り', 'max_combo_prob': 0.087, 'est_top_odds': 15.3, 'circle_concentration': 76.3, 'eligible_count': 6, 'bet_adj': 0, 'reason': 'rel_win1=57.7%（本命度） / 最有力組み合わせ確率: 0.087（推定実オッズ?15倍） / 2着集中度: 上位2艇 76.3%（補正+0.04） / 総合判定確率: 0.127 / → ヒモはやや固め。上位2艇以外を切ること', 'tenji_trigger': '展示確認: 1号艇伸び良→そのまま採用。悪→飛び組に差し替え。circle_pct上位2艇に絞り込むこと。\n展示で1号艇スタート超安定(0.132秒)→ヒモ固まり方向に注意'}",,,29.1,逃げ狙い,17.95,31.3,2,,,,,,,,,,,
2025-12-11,丸亀,5,4,中本大樹,B1,43.08,4,○,8.775,6,69,29.5,0.1516,3.5568,,,0,低,68,0,差0%,,0,50,0.7883,0,0.0476,0,0,0,0.25,0.1667,0.0833,,,A,,,0.2078,0.5725,,0.6573,S,86,0,◎1着固定 2-3着流し（5〜8点）,0.5777,"{'is_target': True, 'verdict': '点数絞り', 'max_combo_prob': 0.087, 'est_top_odds': 15.3, 'circle_concentration': 76.3, 'eligible_count': 6, 'bet_adj': 0, 'reason': 'rel_win1=57.7%（本命度） / 最有力組み合わせ確率: 0.087（推定実オッズ?15倍） / 2着集中度: 上位2艇 76.3%（補正+0.04） / 総合判定確率: 0.127 / → ヒモはやや固め。上位2艇以外を切ること', 'tenji_trigger': '展示確認: 1号艇伸び良→そのまま採用。悪→飛び組に差し替え。circle_pct上位2艇に絞り込むこと。\n展示で1号艇スタート超安定(0.132秒)→ヒモ固まり方向に注意'}",,,29.1,逃げ狙い,17.95,31.3,2,,,,,,,,,,,
2025-12-11,丸亀,5,5,宮崎　奨,A2,29.85,5,,6.3659,10.2,100,52.6,0.176,3.9561,,,0,低,134,0,-,,0,79.7,1.2271,,,,,,0.0343,0.1571,0.2686,,,D,△,,0.175,0.658,,0.6573,S,86,0,◎1着固定 2-3着流し（5〜8点）,0.5777,"{'is_target': True, 'verdict': '点数絞り', 'max_combo_prob': 0.087, 'est_top_odds': 15.3, 'circle_concentration': 76.3, 'eligible_count': 6, 'bet_adj': 0, 'reason': 'rel_win1=57.7%（本命度） / 最有力組み合わせ確率: 0.087（推定実オッズ?15倍） / 2着集中度: 上位2艇 76.3%（補正+0.04） / 総合判定確率: 0.127 / → ヒモはやや固め。上位2艇以外を切ること', 'tenji_trigger': '展示確認: 1号艇伸び良→そのまま採用。悪→飛び組に差し替え。circle_pct上位2艇に絞り込むこと。\n展示で1号艇スタート超安定(0.132秒)→ヒモ固まり方向に注意'}",,,29.1,逃げ狙い,17.95,31.3,2,,,,,,,,,,,
2025-12-11,丸亀,5,6,山田晃大,A1,27.69,6,,3.1193,7.5,71,35.2,0.1535,3.0463,,,0,低,63,0,-,,0,38.7,0.9517,,,,,,0.0089,0.1911,0.1822,,,D,△,,0.2429,0.655,,0.6573,S,86,0,◎1着固定 2-3着流し（5〜8点）,0.5777,"{'is_target': True, 'verdict': '点数絞り', 'max_combo_prob': 0.087, 'est_top_odds': 15.3, 'circle_concentration': 76.3, 'eligible_count': 6, 'bet_adj': 0, 'reason': 'rel_win1=57.7%（本命度） / 最有力組み合わせ確率: 0.087（推定実オッズ?15倍） / 2着集中度: 上位2艇 76.3%（補正+0.04） / 総合判定確率: 0.127 / → ヒモはやや固め。上位2艇以外を切ること', 'tenji_trigger': '展示確認: 1号艇伸び良→そのまま採用。悪→飛び組に差し替え。circle_pct上位2艇に絞り込むこと。\n展示で1号艇スタート超安定(0.132秒)→ヒモ固まり方向に注意'}",,,29.1,逃げ狙い,17.95,31.3,2,,,,,,,,,,,
2025-12-11,丸亀,6,1,中山　将,A2,18.33,1,◎,53.8097,,0,90.6,0.1492,2.8828,,,0,低,86,0,逃1%,,0,81.7,1.1431,0.7407,,,,,0.0741,0.0741,0.0741,◎,,E,△,,,0.62,,0.5843,S,93,0,◎1着固定 2-3着流し（5〜8点）,0.5777,"{'is_target': True, 'verdict': '参加推奨', 'max_combo_prob': 0.0602, 'est_top_odds': 22.2, 'circle_concentration': 69.8, 'eligible_count': 6, 'bet_adj': 2, 'reason': 'rel_win1=53.8%（本命度） / 最有力組み合わせ確率: 0.060（推定実オッズ?22倍） / 2着集中度: 上位2艇 69.8%（補正+0.00） / 総合判定確率: 0.060 / → ヒモ分散。1号艇1着固定で広めのヒモ流し推奨（買い目+2点）', 'tenji_trigger': '展示確認: ヒモ分散レース。1号艇伸び確認後、広めのヒモ流しを採用。穴ヒモ（5・6号艇）を積極的に含める。'}",,,26.9,逃げ狙い,16.38,26.2,3,,,,,0,0,0.7559,0,,逃げ軸流し,A
2025-12-11,丸亀,6,2,森　陽多,B1,39.68,2,,10.5569,32.5,82,12.5,0.2562,4.8125,,,0,低,64,1,-,,0,95.7,0.5379,,,,,,0,0.4,0.2,,,B,,,0.0775,0.472,,0.5843,S,93,0,◎1着固定 2-3着流し（5〜8点）,0.5777,"{'is_target': True, 'verdict': '参加推奨', 'max_combo_prob': 0.0602, 'est_top_odds': 22.2, 'circle_concentration': 69.8, 'eligible_count': 6, 'bet_adj': 2, 'reason': 'rel_win1=53.8%（本命度） / 最有力組み合わせ確率: 0.060（推定実オッズ?22倍） / 2着集中度: 上位2艇 69.8%（補正+0.00） / 総合判定確率: 0.060 / → ヒモ分散。1号艇1着固定で広めのヒモ流し推奨（買い目+2点）', 'tenji_trigger': '展示確認: ヒモ分散レース。1号艇伸び確認後、広めのヒモ流しを採用。穴ヒモ（5・6号艇）を積極的に含める。'}",,,26.9,逃げ狙い,16.38,26.2,3,,,,,,,,,,,
2025-12-11,丸亀,6,3,北村征嗣,A1,38.46,3,▲,15.8277,37.2,100,75,0.1492,2.9583,,,0,低,114,0,差0% ま0% 差ま0%,,0,70,1.4756,0,0.0476,0.1429,0.0952,0,0.0186,0.1742,0.0825,,,C,◎,,0.3127,0.656,,0.5843,S,93,0,◎1着固定 2-3着流し（5〜8点）,0.5777,"{'is_target': True, 'verdict': '参加推奨', 'max_combo_prob': 0.0602, 'est_top_odds': 22.2, 'circle_concentration': 69.8, 'eligible_count': 6, 'bet_adj': 2, 'reason': 'rel_win1=53.8%（本命度） / 最有力組み合わせ確率: 0.060（推定実オッズ?22倍） / 2着集中度: 上位2艇 69.8%（補正+0.00） / 総合判定確率: 0.060 / → ヒモ分散。1号艇1着固定で広めのヒモ流し推奨（買い目+2点）', 'tenji_trigger': '展示確認: ヒモ分散レース。1号艇伸び確認後、広めのヒモ流しを採用。穴ヒモ（5・6号艇）を積極的に含める。'}",,,26.9,逃げ狙い,16.38,26.2,3,,,,,,,,,,,
2025-12-11,丸亀,6,4,田中宏典,B1,41.54,4,○,9.3986,13.2,66,50,0.1703,3.4444,,,0,低,103,0,差ま0%,,0,82.6,1.5745,0,0.0714,0.0714,0.1429,0,0,0.1,0.2167,,,B,,○,0.2276,0.581,0.3985,0.5843,S,93,0,◎1着固定 2-3着流し（5〜8点）,0.5777,"{'is_target': True, 'verdict': '参加推奨', 'max_combo_prob': 0.0602, 'est_top_odds': 22.2, 'circle_concentration': 69.8, 'eligible_count': 6, 'bet_adj': 2, 'reason': 'rel_win1=53.8%（本命度） / 最有力組み合わせ確率: 0.060（推定実オッズ?22倍） / 2着集中度: 上位2艇 69.8%（補正+0.00） / 総合判定確率: 0.060 / → ヒモ分散。1号艇1着固定で広めのヒモ流し推奨（買い目+2点）', 'tenji_trigger': '展示確認: ヒモ分散レース。1号艇伸び確認後、広めのヒモ流しを採用。穴ヒモ（5・6号艇）を積極的に含める。'}",,,26.9,逃げ狙い,16.38,26.2,3,,,,,,,,,,,
2025-12-11,丸亀,6,5,吉田俊彦,A2,39.06,5,△,9.4572,13.2,70,61.7,0.1591,3.6064,,,0,低,80,0,差ま0%,,0,32.7,1.821,0,0,0,0.08,0,0.0953,0,0.2259,,,C,○,◎,0.2585,0.6545,0.4107,0.5843,S,93,0,◎1着固定 2-3着流し（5〜8点）,0.5777,"{'is_target': True, 'verdict': '参加推奨', 'max_combo_prob': 0.0602, 'est_top_odds': 22.2, 'circle_concentration': 69.8, 'eligible_count': 6, 'bet_adj': 2, 'reason': 'rel_win1=53.8%（本命度） / 最有力組み合わせ確率: 0.060（推定実オッズ?22倍） / 2着集中度: 上位2艇 69.8%（補正+0.00） / 総合判定確率: 0.060 / → ヒモ分散。1号艇1着固定で広めのヒモ流し推奨（買い目+2点）', 'tenji_trigger': '展示確認: ヒモ分散レース。1号艇伸び確認後、広めのヒモ流しを採用。穴ヒモ（5・6号艇）を積極的に含める。'}",,,26.9,逃げ狙い,16.38,26.2,3,,,,,,,,,,,
2025-12-11,丸亀,6,6,河合三弘,B1,31.75,6,,0.9498,3.8,55,24.5,0.2063,4.5102,,,0,低,158,0,-,,0,50.2,1.1036,,,,,,0.2132,0.1053,0.2342,,,D,△,,0.1375,0.612,,0.5843,S,93,0,◎1着固定 2-3着流し（5〜8点）,0.5777,"{'is_target': True, 'verdict': '参加推奨', 'max_combo_prob': 0.0602, 'est_top_odds': 22.2, 'circle_concentration': 69.8, 'eligible_count': 6, 'bet_adj': 2, 'reason': 'rel_win1=53.8%（本命度） / 最有力組み合わせ確率: 0.060（推定実オッズ?22倍） / 2着集中度: 上位2艇 69.8%（補正+0.00） / 総合判定確率: 0.060 / → ヒモ分散。1号艇1着固定で広めのヒモ流し推奨（買い目+2点）', 'tenji_trigger': '展示確認: ヒモ分散レース。1号艇伸び確認後、広めのヒモ流しを採用。穴ヒモ（5・6号艇）を積極的に含める。'}",,,26.9,逃げ狙い,16.38,26.2,3,,,,,,,,,,,
2025-12-11,丸亀,7,1,間嶋仁志,A2,20.00,1,◎,49.4623,,0,84.4,0.1706,3.1406,,,0,低,136,0,逃0%,,0,84.6,1.0797,0.48,,,,,0.048,0.048,0.412,○,,E,,,,0.6285,,0.3906,A,67,0,◎-○軸 3着3〜4艇流し（10〜15点）,0.5777,"{'is_target': True, 'verdict': '参加推奨', 'max_combo_prob': 0.0706, 'est_top_odds': 18.9, 'circle_concentration': 81.8, 'eligible_count': 8, 'bet_adj': 2, 'reason': 'rel_win1=49.5%（本命度） / 最有力組み合わせ確率: 0.071（推定実オッズ?19倍） / 2着集中度: 上位2艇 81.8%（補正+0.04） / 総合判定確率: 0.111 / → ヒモ分散。1号艇1着固定で広めのヒモ流し推奨（買い目+2点）', 'tenji_trigger': '展示確認: ヒモ分散レース。1号艇伸び確認後、広めのヒモ流しを採用。穴ヒモ（5・6号艇）を積極的に含める。'}",,,29,逃げ狙い,18.89,30.2,2,,,,,0,0,0.6155,0,,主役軸流し,B
2025-12-11,丸亀,7,2,古結　宏,A1,46.77,2,○,23.2287,47.5,100,76.1,0.1552,3.3261,,,0,低,59,0,差0% ま0% 抜0%,,0,75.7,1.3281,0,0.1579,0.0526,0,0.0526,0.0143,0,0.0571,,◎,B,○,,0.4946,0.677,,0.3906,A,67,0,◎-○軸 3着3〜4艇流し（10〜15点）,0.5777,"{'is_target': True, 'verdict': '参加推奨', 'max_combo_prob': 0.0706, 'est_top_odds': 18.9, 'circle_concentration': 81.8, 'eligible_count': 8, 'bet_adj': 2, 'reason': 'rel_win1=49.5%（本命度） / 最有力組み合わせ確率: 0.071（推定実オッズ?19倍） / 2着集中度: 上位2艇 81.8%（補正+0.04） / 総合判定確率: 0.111 / → ヒモ分散。1号艇1着固定で広めのヒモ流し推奨（買い目+2点）', 'tenji_trigger': '展示確認: ヒモ分散レース。1号艇伸び確認後、広めのヒモ流しを採用。穴ヒモ（5・6号艇）を積極的に含める。'}",,,29,逃げ狙い,18.89,30.2,2,,,,,,,,,,,
2025-12-11,丸亀,7,3,秋山広一,A2,48.48,3,▲,13.5591,34.4,87,64.7,0.1445,2.8529,,,0,低,90,0,差0%,,0,40.4,0.9058,0,0.0455,0,0.0455,0,0,0.168,0.168,,○,A,△,,0.4217,0.651,,0.3906,A,67,0,◎-○軸 3着3〜4艇流し（10〜15点）,0.5777,"{'is_target': True, 'verdict': '参加推奨', 'max_combo_prob': 0.0706, 'est_top_odds': 18.9, 'circle_concentration': 81.8, 'eligible_count': 8, 'bet_adj': 2, 'reason': 'rel_win1=49.5%（本命度） / 最有力組み合わせ確率: 0.071（推定実オッズ?19倍） / 2着集中度: 上位2艇 81.8%（補正+0.04） / 総合判定確率: 0.111 / → ヒモ分散。1号艇1着固定で広めのヒモ流し推奨（買い目+2点）', 'tenji_trigger': '展示確認: ヒモ分散レース。1号艇伸び確認後、広めのヒモ流しを採用。穴ヒモ（5・6号艇）を積極的に含める。'}",,,29,逃げ狙い,18.89,30.2,2,,,,,,,,,,,
2025-12-11,丸亀,7,4,石岡将太,B1,39.66,4,,8.6383,11.3,61,37.9,0.1588,3.2348,,,0,低,108,0,差0% ま0% 差ま0%,,0,36.9,0.8804,0,0.0714,0.0357,0.0357,0,0.2159,0.1153,0.1185,,,C,△,◎,0.3448,0.6615,0.2953,0.3906,A,67,0,◎-○軸 3着3〜4艇流し（10〜15点）,0.5777,"{'is_target': True, 'verdict': '参加推奨', 'max_combo_prob': 0.0706, 'est_top_odds': 18.9, 'circle_concentration': 81.8, 'eligible_count': 8, 'bet_adj': 2, 'reason': 'rel_win1=49.5%（本命度） / 最有力組み合わせ確率: 0.071（推定実オッズ?19倍） / 2着集中度: 上位2艇 81.8%（補正+0.04） / 総合判定確率: 0.111 / → ヒモ分散。1号艇1着固定で広めのヒモ流し推奨（買い目+2点）', 'tenji_trigger': '展示確認: ヒモ分散レース。1号艇伸び確認後、広めのヒモ流しを採用。穴ヒモ（5・6号艇）を積極的に含める。'}",,,29,逃げ狙い,18.89,30.2,2,,,,,,,,,,,
2025-12-11,丸亀,7,5,寺島美里,B1,41.54,5,△,2.6989,5.2,90,25,0.1556,3.1806,,,0,低,67,0,-,,0,26.5,0.7364,,,,,,0,0,0.4444,,,C,,,0.3676,0.6185,,0.3906,A,67,0,◎-○軸 3着3〜4艇流し（10〜15点）,0.5777,"{'is_target': True, 'verdict': '参加推奨', 'max_combo_prob': 0.0706, 'est_top_odds': 18.9, 'circle_concentration': 81.8, 'eligible_count': 8, 'bet_adj': 2, 'reason': 'rel_win1=49.5%（本命度） / 最有力組み合わせ確率: 0.071（推定実オッズ?19倍） / 2着集中度: 上位2艇 81.8%（補正+0.04） / 総合判定確率: 0.111 / → ヒモ分散。1号艇1着固定で広めのヒモ流し推奨（買い目+2点）', 'tenji_trigger': '展示確認: ヒモ分散レース。1号艇伸び確認後、広めのヒモ流しを採用。穴ヒモ（5・6号艇）を積極的に含める。'}",,,29,逃げ狙い,18.89,30.2,2,,,,,,,,,,,
2025-12-11,丸亀,7,6,木場雄二,B1,35.48,6,,2.4127,1.7,61,22.8,0.1716,3.5965,,,0,低,139,0,-,,0,30.3,0.9586,,,,,,0.1508,0.0615,0.0154,,,D,◎,,0.314,0.6955,,0.3906,A,67,0,◎-○軸 3着3〜4艇流し（10〜15点）,0.5777,"{'is_target': True, 'verdict': '参加推奨', 'max_combo_prob': 0.0706, 'est_top_odds': 18.9, 'circle_concentration': 81.8, 'eligible_count': 8, 'bet_adj': 2, 'reason': 'rel_win1=49.5%（本命度） / 最有力組み合わせ確率: 0.071（推定実オッズ?19倍） / 2着集中度: 上位2艇 81.8%（補正+0.04） / 総合判定確率: 0.111 / → ヒモ分散。1号艇1着固定で広めのヒモ流し推奨（買い目+2点）', 'tenji_trigger': '展示確認: ヒモ分散レース。1号艇伸び確認後、広めのヒモ流しを採用。穴ヒモ（5・6号艇）を積極的に含める。'}",,,29,逃げ狙い,18.89,30.2,2,,,,,,,,,,,
2025-12-11,丸亀,8,1,赤坂俊輔,A1,15.52,1,◎,66.235,,0,90.2,0.1448,2.7256,,,0,低,76,0,逃1%,,0,100,1.5081,0.7619,,,,,0.0095,0.1321,0.0286,◎,,E,◎,,,0.668,,0.6625,S,80,0,◎1着固定 2-3着流し（5〜8点）,0.5777,"{'is_target': True, 'verdict': '点数絞り', 'max_combo_prob': 0.1046, 'est_top_odds': 12.7, 'circle_concentration': 71.1, 'eligible_count': 6, 'bet_adj': 0, 'reason': 'rel_win1=66.2%（本命度） / 最有力組み合わせ確率: 0.105（推定実オッズ?13倍） / 2着集中度: 上位2艇 71.1%（補正+0.04） / 総合判定確率: 0.145 / → ヒモはやや固め。上位2艇以外を切ること', 'tenji_trigger': '展示確認: 1号艇伸び良→そのまま採用。悪→飛び組に差し替え。circle_pct上位2艇に絞り込むこと。'}",,,26.6,逃げ狙い,16.97,25,4,,,,,0,0,0.7559,0,,逃げ軸流し,A
2025-12-11,丸亀,8,2,佐竹恒彦,A2,21.82,2,,8.5465,32.4,100,72.3,0.1698,3.9362,,,0,低,110,0,差0% 抜0%,,0,51.2,1.1405,0,0.0833,0,0,0.0417,0.032,0.2514,0.2194,,,E,△,,0.0695,0.6025,,0.6625,S,80,0,◎1着固定 2-3着流し（5〜8点）,0.5777,"{'is_target': True, 'verdict': '点数絞り', 'max_combo_prob': 0.1046, 'est_top_odds': 12.7, 'circle_concentration': 71.1, 'eligible_count': 6, 'bet_adj': 0, 'reason': 'rel_win1=66.2%（本命度） / 最有力組み合わせ確率: 0.105（推定実オッズ?13倍） / 2着集中度: 上位2艇 71.1%（補正+0.04） / 総合判定確率: 0.145 / → ヒモはやや固め。上位2艇以外を切ること', 'tenji_trigger': '展示確認: 1号艇伸び良→そのまま採用。悪→飛び組に差し替え。circle_pct上位2艇に絞り込むこと。'}",,,26.6,逃げ狙い,16.97,25,4,,,,,,,,,,,
2025-12-11,丸亀,8,3,國分将太,B1,36.36,3,▲,9.6455,38.7,50,62.2,0.1624,3.4444,,,0,低,111,0,-,,0,34.9,0.8748,0,0,0,0.125,0,0,0.6154,0,,,C,,,0.2323,0.585,,0.6625,S,80,0,◎1着固定 2-3着流し（5〜8点）,0.5777,"{'is_target': True, 'verdict': '点数絞り', 'max_combo_prob': 0.1046, 'est_top_odds': 12.7, 'circle_concentration': 71.1, 'eligible_count': 6, 'bet_adj': 0, 'reason': 'rel_win1=66.2%（本命度） / 最有力組み合わせ確率: 0.105（推定実オッズ?13倍） / 2着集中度: 上位2艇 71.1%（補正+0.04） / 総合判定確率: 0.145 / → ヒモはやや固め。上位2艇以外を切ること', 'tenji_trigger': '展示確認: 1号艇伸び良→そのまま採用。悪→飛び組に差し替え。circle_pct上位2艇に絞り込むこと。'}",,,26.6,逃げ狙い,16.97,25,4,,,,,,,,,,,
2025-12-11,丸亀,8,4,三宅　潤,A2,58.46,4,○,11.1157,16.6,79,60,0.1633,3.4071,,,0,低,174,0,差ま0%,,0,34,0.7598,0,0.0625,0.0938,0.0312,0.0312,0.0222,0.0444,0.2111,,,A,△,◎,0.2473,0.6355,0.3839,0.6625,S,80,0,◎1着固定 2-3着流し（5〜8点）,0.5777,"{'is_target': True, 'verdict': '点数絞り', 'max_combo_prob': 0.1046, 'est_top_odds': 12.7, 'circle_concentration': 71.1, 'eligible_count': 6, 'bet_adj': 0, 'reason': 'rel_win1=66.2%（本命度） / 最有力組み合わせ確率: 0.105（推定実オッズ?13倍） / 2着集中度: 上位2艇 71.1%（補正+0.04） / 総合判定確率: 0.145 / → ヒモはやや固め。上位2艇以外を切ること', 'tenji_trigger': '展示確認: 1号艇伸び良→そのまま採用。悪→飛び組に差し替え。circle_pct上位2艇に絞り込むこと。'}",,,26.6,逃げ狙い,16.97,25,4,,,,,,,,,,,
2025-12-11,丸亀,8,5,野田彩加,B1,33.33,5,,3.4044,10.8,46,24,0.1756,4.34,,,0,低,56,0,-,,0,34.3,0.7393,,,,,,0.1,0.2,0.2,,,C,○,,0.2332,0.6425,,0.6625,S,80,0,◎1着固定 2-3着流し（5〜8点）,0.5777,"{'is_target': True, 'verdict': '点数絞り', 'max_combo_prob': 0.1046, 'est_top_odds': 12.7, 'circle_concentration': 71.1, 'eligible_count': 6, 'bet_adj': 0, 'reason': 'rel_win1=66.2%（本命度） / 最有力組み合わせ確率: 0.105（推定実オッズ?13倍） / 2着集中度: 上位2艇 71.1%（補正+0.04） / 総合判定確率: 0.145 / → ヒモはやや固め。上位2艇以外を切ること', 'tenji_trigger': '展示確認: 1号艇伸び良→そのまま採用。悪→飛び組に差し替え。circle_pct上位2艇に絞り込むこと。'}",,,26.6,逃げ狙い,16.97,25,4,,,,,,,,,,,
2025-12-11,丸亀,8,6,小柳勝希,B2,39.06,6,△,1.0529,1.5,20,10.1,0.1912,3.8768,,,0,低,42,0,-,,0,22.7,0.46,,,,,,,,,,,B,,,0.1822,0.504,,0.6625,S,80,0,◎1着固定 2-3着流し（5〜8点）,0.5777,"{'is_target': True, 'verdict': '点数絞り', 'max_combo_prob': 0.1046, 'est_top_odds': 12.7, 'circle_concentration': 71.1, 'eligible_count': 6, 'bet_adj': 0, 'reason': 'rel_win1=66.2%（本命度） / 最有力組み合わせ確率: 0.105（推定実オッズ?13倍） / 2着集中度: 上位2艇 71.1%（補正+0.04） / 総合判定確率: 0.145 / → ヒモはやや固め。上位2艇以外を切ること', 'tenji_trigger': '展示確認: 1号艇伸び良→そのまま採用。悪→飛び組に差し替え。circle_pct上位2艇に絞り込むこと。'}",,,26.6,逃げ狙い,16.97,25,4,,,,,,,,,,,
2025-12-11,丸亀,9,1,中村　尊,A2,26.87,1,◎,65.0883,,0,93.5,0.1089,1.9185,,,0,低,55,0,逃0%,,0,83.8,1.0306,0.5333,,,,,0.24,0.04,0.0667,◎,,D,○,,,0.6655,,0.7876,S,89,0,◎1着固定 2-3着流し（5〜8点）,0.5777,"{'is_target': True, 'verdict': '点数絞り', 'max_combo_prob': 0.1095, 'est_top_odds': 12.2, 'circle_concentration': 83.3, 'eligible_count': 6, 'bet_adj': 0, 'reason': 'rel_win1=65.1%（本命度） / 最有力組み合わせ確率: 0.110（推定実オッズ?12倍） / 2着集中度: 上位2艇 83.3%（補正+0.04） / 総合判定確率: 0.150 / → ヒモはやや固め。上位2艇以外を切ること', 'tenji_trigger': '展示確認: 1号艇伸び良→そのまま採用。悪→飛び組に差し替え。circle_pct上位2艇に絞り込むこと。\n展示で1号艇スタート超安定(0.109秒)→ヒモ固まり方向に注意'}",,,27.8,逃げ狙い,15.94,29.2,3,,,,,0,0,0.7559,0,,逃げ軸流し,A
2025-12-11,丸亀,9,2,松村康太,A2,48.48,2,○,11.1588,55.6,100,77.5,0.1856,4.2606,,,0,低,166,0,-,,0,42.2,0.8928,0,0.0303,0.0303,0,0.0303,0.22,0.1756,0.2689,,,A,△,,0.0915,0.6195,,0.7876,S,89,0,◎1着固定 2-3着流し（5〜8点）,0.5777,"{'is_target': True, 'verdict': '点数絞り', 'max_combo_prob': 0.1095, 'est_top_odds': 12.2, 'circle_concentration': 83.3, 'eligible_count': 6, 'bet_adj': 0, 'reason': 'rel_win1=65.1%（本命度） / 最有力組み合わせ確率: 0.110（推定実オッズ?12倍） / 2着集中度: 上位2艇 83.3%（補正+0.04） / 総合判定確率: 0.150 / → ヒモはやや固め。上位2艇以外を切ること', 'tenji_trigger': '展示確認: 1号艇伸び良→そのまま採用。悪→飛び組に差し替え。circle_pct上位2艇に絞り込むこと。\n展示で1号艇スタート超安定(0.109秒)→ヒモ固まり方向に注意'}",,,27.8,逃げ狙い,15.94,29.2,3,,,,,,,,,,,
2025-12-11,丸亀,9,3,吉村　誠,A2,26.56,3,▲,15.4295,27.7,56,54.2,0.1483,2.9861,,,0,低,86,0,差0% 差ま0%,,0,61.1,1.1992,0,0.0312,0,0.2812,0,0.0098,0.0195,0.1735,,,D,◎,,0.1945,0.675,,0.7876,S,89,0,◎1着固定 2-3着流し（5〜8点）,0.5777,"{'is_target': True, 'verdict': '点数絞り', 'max_combo_prob': 0.1095, 'est_top_odds': 12.2, 'circle_concentration': 83.3, 'eligible_count': 6, 'bet_adj': 0, 'reason': 'rel_win1=65.1%（本命度） / 最有力組み合わせ確率: 0.110（推定実オッズ?12倍） / 2着集中度: 上位2艇 83.3%（補正+0.04） / 総合判定確率: 0.150 / → ヒモはやや固め。上位2艇以外を切ること', 'tenji_trigger': '展示確認: 1号艇伸び良→そのまま採用。悪→飛び組に差し替え。circle_pct上位2艇に絞り込むこと。\n展示で1号艇スタート超安定(0.109秒)→ヒモ固まり方向に注意'}",,,27.8,逃げ狙い,15.94,29.2,3,,,,,,,,,,,
2025-12-11,丸亀,9,4,富永夏哉,B1,21.43,4,,3.952,11,69,29.7,0.2027,4.1486,,,0,低,104,0,-,,0,19.5,0.666,0,0,0,0,0.0556,0.04,0.28,0,,,E,,,0.1363,0.5565,,0.7876,S,89,0,◎1着固定 2-3着流し（5〜8点）,0.5777,"{'is_target': True, 'verdict': '点数絞り', 'max_combo_prob': 0.1095, 'est_top_odds': 12.2, 'circle_concentration': 83.3, 'eligible_count': 6, 'bet_adj': 0, 'reason': 'rel_win1=65.1%（本命度） / 最有力組み合わせ確率: 0.110（推定実オッズ?12倍） / 2着集中度: 上位2艇 83.3%（補正+0.04） / 総合判定確率: 0.150 / → ヒモはやや固め。上位2艇以外を切ること', 'tenji_trigger': '展示確認: 1号艇伸び良→そのまま採用。悪→飛び組に差し替え。circle_pct上位2艇に絞り込むこと。\n展示で1号艇スタート超安定(0.109秒)→ヒモ固まり方向に注意'}",,,27.8,逃げ狙い,15.94,29.2,3,,,,,,,,,,,
2025-12-11,丸亀,9,5,原村拓也,B1,28.79,5,△,2.9426,3.4,59,30.9,0.1841,3.8382,,,0,低,159,0,-,,0,61.2,1.0681,,,,,,0.3114,0.1257,0.02,,,C,△,,0.141,0.5855,,0.7876,S,89,0,◎1着固定 2-3着流し（5〜8点）,0.5777,"{'is_target': True, 'verdict': '点数絞り', 'max_combo_prob': 0.1095, 'est_top_odds': 12.2, 'circle_concentration': 83.3, 'eligible_count': 6, 'bet_adj': 0, 'reason': 'rel_win1=65.1%（本命度） / 最有力組み合わせ確率: 0.110（推定実オッズ?12倍） / 2着集中度: 上位2艇 83.3%（補正+0.04） / 総合判定確率: 0.150 / → ヒモはやや固め。上位2艇以外を切ること', 'tenji_trigger': '展示確認: 1号艇伸び良→そのまま採用。悪→飛び組に差し替え。circle_pct上位2艇に絞り込むこと。\n展示で1号艇スタート超安定(0.109秒)→ヒモ固まり方向に注意'}",,,27.8,逃げ狙い,15.94,29.2,3,,,,,,,,,,,
2025-12-11,丸亀,9,6,藤田美代,B1,37.68,6,,1.4288,2.3,44,4,0.1956,3.78,,,0,低,85,0,-,,0,38,0.8489,,,,,,0.04,0.4,0.04,,,B,,,0.141,0.564,,0.7876,S,89,0,◎1着固定 2-3着流し（5〜8点）,0.5777,"{'is_target': True, 'verdict': '点数絞り', 'max_combo_prob': 0.1095, 'est_top_odds': 12.2, 'circle_concentration': 83.3, 'eligible_count': 6, 'bet_adj': 0, 'reason': 'rel_win1=65.1%（本命度） / 最有力組み合わせ確率: 0.110（推定実オッズ?12倍） / 2着集中度: 上位2艇 83.3%（補正+0.04） / 総合判定確率: 0.150 / → ヒモはやや固め。上位2艇以外を切ること', 'tenji_trigger': '展示確認: 1号艇伸び良→そのまま採用。悪→飛び組に差し替え。circle_pct上位2艇に絞り込むこと。\n展示で1号艇スタート超安定(0.109秒)→ヒモ固まり方向に注意'}",,,27.8,逃げ狙い,15.94,29.2,3,,,,,,,,,,,
2025-12-11,丸亀,10,1,宮崎　奨,A2,29.85,1,◎,59.7346,,0,95,0.1571,2.8625,,,0,低,134,0,逃1%,,0,76.6,1.026,0.5429,,,,,0.0343,0.1571,0.2686,◎,,C,◎,,,0.658,,0.5801,S,80,0,◎1着固定 2-3着流し（5〜8点）,0.5777,"{'is_target': True, 'verdict': '点数絞り', 'max_combo_prob': 0.1002, 'est_top_odds': 13.3, 'circle_concentration': 76.6, 'eligible_count': 6, 'bet_adj': 0, 'reason': 'rel_win1=59.7%（本命度） / 最有力組み合わせ確率: 0.100（推定実オッズ?13倍） / 2着集中度: 上位2艇 76.6%（補正+0.04） / 総合判定確率: 0.140 / → ヒモはやや固め。上位2艇以外を切ること', 'tenji_trigger': '展示確認: 1号艇伸び良→そのまま採用。悪→飛び組に差し替え。circle_pct上位2艇に絞り込むこと。'}",,,29.2,逃げ狙い,19.33,30.4,4,,,,,0,0,0.7559,0,,逃げ軸流し,A
2025-12-11,丸亀,10,2,赤羽克也,A2,45.31,2,○,11.2071,45.4,96,59.7,0.1658,3.7708,,,0,低,137,0,-,,0,70.1,1.326,0,0.0968,0,0,0.0323,0.2828,0.1885,0.0138,,,A,○,,0.2396,0.633,,0.5801,S,80,0,◎1着固定 2-3着流し（5〜8点）,0.5777,"{'is_target': True, 'verdict': '点数絞り', 'max_combo_prob': 0.1002, 'est_top_odds': 13.3, 'circle_concentration': 76.6, 'eligible_count': 6, 'bet_adj': 0, 'reason': 'rel_win1=59.7%（本命度） / 最有力組み合わせ確率: 0.100（推定実オッズ?13倍） / 2着集中度: 上位2艇 76.6%（補正+0.04） / 総合判定確率: 0.140 / → ヒモはやや固め。上位2艇以外を切ること', 'tenji_trigger': '展示確認: 1号艇伸び良→そのまま採用。悪→飛び組に差し替え。circle_pct上位2艇に絞り込むこと。'}",,,29.2,逃げ狙い,19.33,30.4,4,,,,,,,,,,,
2025-12-11,丸亀,10,3,池田紫乃,B1,34.92,3,▲,12.0878,16,93,40,0.172,3.58,,,0,低,61,0,-,,0,67.3,1.4119,0,0.0625,0.0625,0,0,0.3333,0.1667,0,,,C,△,,0.2321,0.6185,,0.5801,S,80,0,◎1着固定 2-3着流し（5〜8点）,0.5777,"{'is_target': True, 'verdict': '点数絞り', 'max_combo_prob': 0.1002, 'est_top_odds': 13.3, 'circle_concentration': 76.6, 'eligible_count': 6, 'bet_adj': 0, 'reason': 'rel_win1=59.7%（本命度） / 最有力組み合わせ確率: 0.100（推定実オッズ?13倍） / 2着集中度: 上位2艇 76.6%（補正+0.04） / 総合判定確率: 0.140 / → ヒモはやや固め。上位2艇以外を切ること', 'tenji_trigger': '展示確認: 1号艇伸び良→そのまま採用。悪→飛び組に差し替え。circle_pct上位2艇に絞り込むこと。'}",,,29.2,逃げ狙い,19.33,30.4,4,,,,,,,,,,,
2025-12-11,丸亀,10,4,中山　将,A2,18.33,4,,13.3052,31.1,100,68.9,0.1598,2.6222,,,0,低,86,0,ま0% 差ま0%,,0,86.9,1.5023,0,0,0.2,0.05,0,0.0741,0.0741,0.0741,,,E,△,◎,0.3466,0.62,0.3946,0.5801,S,80,0,◎1着固定 2-3着流し（5〜8点）,0.5777,"{'is_target': True, 'verdict': '点数絞り', 'max_combo_prob': 0.1002, 'est_top_odds': 13.3, 'circle_concentration': 76.6, 'eligible_count': 6, 'bet_adj': 0, 'reason': 'rel_win1=59.7%（本命度） / 最有力組み合わせ確率: 0.100（推定実オッズ?13倍） / 2着集中度: 上位2艇 76.6%（補正+0.04） / 総合判定確率: 0.140 / → ヒモはやや固め。上位2艇以外を切ること', 'tenji_trigger': '展示確認: 1号艇伸び良→そのまま採用。悪→飛び組に差し替え。circle_pct上位2艇に絞り込むこと。'}",,,29.2,逃げ狙い,19.33,30.4,4,,,,,,,,,,,
2025-12-11,丸亀,10,5,井上慧人,B1,18.64,5,,1.9923,5.1,57,11.4,0.1791,4.0114,,,0,低,110,0,-,,0,30.2,0.6731,,,,,,0,0.7,0,,,E,,,0.2609,0.578,,0.5801,S,80,0,◎1着固定 2-3着流し（5〜8点）,0.5777,"{'is_target': True, 'verdict': '点数絞り', 'max_combo_prob': 0.1002, 'est_top_odds': 13.3, 'circle_concentration': 76.6, 'eligible_count': 6, 'bet_adj': 0, 'reason': 'rel_win1=59.7%（本命度） / 最有力組み合わせ確率: 0.100（推定実オッズ?13倍） / 2着集中度: 上位2艇 76.6%（補正+0.04） / 総合判定確率: 0.140 / → ヒモはやや固め。上位2艇以外を切ること', 'tenji_trigger': '展示確認: 1号艇伸び良→そのまま採用。悪→飛び組に差し替え。circle_pct上位2艇に絞り込むこと。'}",,,29.2,逃げ狙い,19.33,30.4,4,,,,,,,,,,,
2025-12-11,丸亀,10,6,高橋直哉,B1,47.62,6,△,1.673,2.3,21,20,0.1896,3.89,,,0,低,172,0,差ま0%,,0,37.3,0.895,0,0,0,0.0476,0,0.05,0.2833,0.05,,,A,,,0.2025,0.606,,0.5801,S,80,0,◎1着固定 2-3着流し（5〜8点）,0.5777,"{'is_target': True, 'verdict': '点数絞り', 'max_combo_prob': 0.1002, 'est_top_odds': 13.3, 'circle_concentration': 76.6, 'eligible_count': 6, 'bet_adj': 0, 'reason': 'rel_win1=59.7%（本命度） / 最有力組み合わせ確率: 0.100（推定実オッズ?13倍） / 2着集中度: 上位2艇 76.6%（補正+0.04） / 総合判定確率: 0.140 / → ヒモはやや固め。上位2艇以外を切ること', 'tenji_trigger': '展示確認: 1号艇伸び良→そのまま採用。悪→飛び組に差し替え。circle_pct上位2艇に絞り込むこと。'}",,,29.2,逃げ狙い,19.33,30.4,4,,,,,,,,,,,
2025-12-11,丸亀,11,1,前田　翔,A1,41.27,1,◎,57.9455,,0,95.1,0.1302,2.4146,,,0,低,48,0,逃1%,,0,62.5,1.021,0.7619,,,,,0.0952,0.0476,0.0952,◎,,C,△,,,0.6585,,0.6653,S,94,0,◎1着固定 2-3着流し（5〜8点）,0.5777,"{'is_target': True, 'verdict': '参加推奨', 'max_combo_prob': 0.0728, 'est_top_odds': 18.3, 'circle_concentration': 65.7, 'eligible_count': 6, 'bet_adj': 2, 'reason': 'rel_win1=57.9%（本命度） / 最有力組み合わせ確率: 0.073（推定実オッズ?18倍） / 2着集中度: 上位2艇 65.7%（補正+0.00） / 総合判定確率: 0.073 / → ヒモ分散。1号艇1着固定で広めのヒモ流し推奨（買い目+2点）', 'tenji_trigger': '展示確認: ヒモ分散レース。1号艇伸び確認後、広めのヒモ流しを採用。穴ヒモ（5・6号艇）を積極的に含める。\n展示で1号艇スタート超安定(0.130秒)→ヒモ固まり方向に注意'}",,,27.3,逃げ狙い,18.08,25.9,2,,,,,0,0,0.7559,0,,逃げ軸流し,A
2025-12-11,丸亀,11,2,吉田俊彦,A2,39.06,2,△,18.2274,42.7,100,79.6,0.151,2.8776,,,0,低,80,0,-,,0,100,3.1067,0,0.1852,0.0741,0,0,0.0953,0,0.2259,,,D,△,,0.1317,0.6545,,0.6653,S,94,0,◎1着固定 2-3着流し（5〜8点）,0.5777,"{'is_target': True, 'verdict': '参加推奨', 'max_combo_prob': 0.0728, 'est_top_odds': 18.3, 'circle_concentration': 65.7, 'eligible_count': 6, 'bet_adj': 2, 'reason': 'rel_win1=57.9%（本命度） / 最有力組み合わせ確率: 0.073（推定実オッズ?18倍） / 2着集中度: 上位2艇 65.7%（補正+0.00） / 総合判定確率: 0.073 / → ヒモ分散。1号艇1着固定で広めのヒモ流し推奨（買い目+2点）', 'tenji_trigger': '展示確認: ヒモ分散レース。1号艇伸び確認後、広めのヒモ流しを採用。穴ヒモ（5・6号艇）を積極的に含める。\n展示で1号艇スタート超安定(0.130秒)→ヒモ固まり方向に注意'}",,,27.3,逃げ狙い,18.08,25.9,2,,,,,,,,,,,
2025-12-11,丸亀,11,3,上之晃弘,B1,47.76,3,▲,9.5667,23,77,49.3,0.167,3.5141,,,0,低,123,0,ま0%,,0,29,0.9556,0,0,0.1071,0,0,0.0545,0.0727,0.2045,,,B,○,,0.1219,0.659,,0.6653,S,94,0,◎1着固定 2-3着流し（5〜8点）,0.5777,"{'is_target': True, 'verdict': '参加推奨', 'max_combo_prob': 0.0728, 'est_top_odds': 18.3, 'circle_concentration': 65.7, 'eligible_count': 6, 'bet_adj': 2, 'reason': 'rel_win1=57.9%（本命度） / 最有力組み合わせ確率: 0.073（推定実オッズ?18倍） / 2着集中度: 上位2艇 65.7%（補正+0.00） / 総合判定確率: 0.073 / → ヒモ分散。1号艇1着固定で広めのヒモ流し推奨（買い目+2点）', 'tenji_trigger': '展示確認: ヒモ分散レース。1号艇伸び確認後、広めのヒモ流しを採用。穴ヒモ（5・6号艇）を積極的に含める。\n展示で1号艇スタート超安定(0.130秒)→ヒモ固まり方向に注意'}",,,27.3,逃げ狙い,18.08,25.9,2,,,,,,,,,,,
2025-12-11,丸亀,11,4,岡部大輝,B1,37.88,4,,6.7652,20.3,64,50,0.1617,3.2212,,,0,低,84,0,-,,0,94,1.8806,0,0.0952,0.0476,0.0476,0,0.1832,0.1832,0.0211,,,D,◎,○,0.1736,0.66,0.3766,0.6653,S,94,0,◎1着固定 2-3着流し（5〜8点）,0.5777,"{'is_target': True, 'verdict': '参加推奨', 'max_combo_prob': 0.0728, 'est_top_odds': 18.3, 'circle_concentration': 65.7, 'eligible_count': 6, 'bet_adj': 2, 'reason': 'rel_win1=57.9%（本命度） / 最有力組み合わせ確率: 0.073（推定実オッズ?18倍） / 2着集中度: 上位2艇 65.7%（補正+0.00） / 総合判定確率: 0.073 / → ヒモ分散。1号艇1着固定で広めのヒモ流し推奨（買い目+2点）', 'tenji_trigger': '展示確認: ヒモ分散レース。1号艇伸び確認後、広めのヒモ流しを採用。穴ヒモ（5・6号艇）を積極的に含める。\n展示で1号艇スタート超安定(0.130秒)→ヒモ固まり方向に注意'}",,,27.3,逃げ狙い,18.08,25.9,2,,,,,,,,,,,
2025-12-11,丸亀,11,5,秋山広一,A2,48.48,5,○,5.9649,12.1,90,50,0.1584,3.58,,,0,低,90,0,-,,0,45.1,1.0824,0,0,0.0526,0.1579,0,0,0.168,0.168,,,B,,◎,0.2232,0.651,0.4006,0.6653,S,94,0,◎1着固定 2-3着流し（5〜8点）,0.5777,"{'is_target': True, 'verdict': '参加推奨', 'max_combo_prob': 0.0728, 'est_top_odds': 18.3, 'circle_concentration': 65.7, 'eligible_count': 6, 'bet_adj': 2, 'reason': 'rel_win1=57.9%（本命度） / 最有力組み合わせ確率: 0.073（推定実オッズ?18倍） / 2着集中度: 上位2艇 65.7%（補正+0.00） / 総合判定確率: 0.073 / → ヒモ分散。1号艇1着固定で広めのヒモ流し推奨（買い目+2点）', 'tenji_trigger': '展示確認: ヒモ分散レース。1号艇伸び確認後、広めのヒモ流しを採用。穴ヒモ（5・6号艇）を積極的に含める。\n展示で1号艇スタート超安定(0.130秒)→ヒモ固まり方向に注意'}",,,27.3,逃げ狙い,18.08,25.9,2,,,,,,,,,,,
2025-12-11,丸亀,11,6,向井美鈴,A2,43.75,6,,1.5303,1.9,75,16.7,0.1981,4.2037,,,0,低,136,0,-,,0,29.9,0.8844,0,0.0476,0,0,0,0.264,0.048,0.116,,,C,,,0.1053,0.604,,0.6653,S,94,0,◎1着固定 2-3着流し（5〜8点）,0.5777,"{'is_target': True, 'verdict': '参加推奨', 'max_combo_prob': 0.0728, 'est_top_odds': 18.3, 'circle_concentration': 65.7, 'eligible_count': 6, 'bet_adj': 2, 'reason': 'rel_win1=57.9%（本命度） / 最有力組み合わせ確率: 0.073（推定実オッズ?18倍） / 2着集中度: 上位2艇 65.7%（補正+0.00） / 総合判定確率: 0.073 / → ヒモ分散。1号艇1着固定で広めのヒモ流し推奨（買い目+2点）', 'tenji_trigger': '展示確認: ヒモ分散レース。1号艇伸び確認後、広めのヒモ流しを採用。穴ヒモ（5・6号艇）を積極的に含める。\n展示で1号艇スタート超安定(0.130秒)→ヒモ固まり方向に注意'}",,,27.3,逃げ狙い,18.08,25.9,2,,,,,,,,,,,
2025-12-11,丸亀,12,1,北村征嗣,A1,38.46,1,◎,55.2164,,0,92.3,0.1377,2.8365,,,0,低,114,0,逃1%,,0,64.5,0.9876,0.6744,,,,,0.0186,0.1742,0.0825,◎,,C,△,,,0.656,,0.5734,S,81,0,◎1着固定 2-3着流し（5〜8点）,0.5777,"{'is_target': True, 'verdict': '参加推奨', 'max_combo_prob': 0.0772, 'est_top_odds': 17.3, 'circle_concentration': 70.2, 'eligible_count': 6, 'bet_adj': 2, 'reason': 'rel_win1=55.2%（本命度） / 最有力組み合わせ確率: 0.077（推定実オッズ?17倍） / 2着集中度: 上位2艇 70.2%（補正+0.04） / 総合判定確率: 0.117 / → ヒモ分散。1号艇1着固定で広めのヒモ流し推奨（買い目+2点）', 'tenji_trigger': '展示確認: ヒモ分散レース。1号艇伸び確認後、広めのヒモ流しを採用。穴ヒモ（5・6号艇）を積極的に含める。\n展示で1号艇スタート超安定(0.138秒)→ヒモ固まり方向に注意'}",,,29.6,逃げ狙い,24.92,26.8,2,,,,,0,0,0.7559,0,,逃げ軸流し,A
2025-12-11,丸亀,12,2,川野芽唯,A1,53.97,2,▲,14.1234,31.2,77,60.9,0.1765,4.1522,,,0,低,72,0,-,,0,27.3,0.8931,0,0.1,0.1,0,0.1,0,0.0556,0.0556,,,A,,,0.0765,0.625,,0.5734,S,81,0,◎1着固定 2-3着流し（5〜8点）,0.5777,"{'is_target': True, 'verdict': '参加推奨', 'max_combo_prob': 0.0772, 'est_top_odds': 17.3, 'circle_concentration': 70.2, 'eligible_count': 6, 'bet_adj': 2, 'reason': 'rel_win1=55.2%（本命度） / 最有力組み合わせ確率: 0.077（推定実オッズ?17倍） / 2着集中度: 上位2艇 70.2%（補正+0.04） / 総合判定確率: 0.117 / → ヒモ分散。1号艇1着固定で広めのヒモ流し推奨（買い目+2点）', 'tenji_trigger': '展示確認: ヒモ分散レース。1号艇伸び確認後、広めのヒモ流しを採用。穴ヒモ（5・6号艇）を積極的に含める。\n展示で1号艇スタート超安定(0.138秒)→ヒモ固まり方向に注意'}",,,29.6,逃げ狙い,24.92,26.8,2,,,,,,,,,,,
2025-12-11,丸亀,12,3,柴田　光,A1,50.79,3,○,14.1233,39,71,76.9,0.1406,2.9327,,,0,低,58,0,ま0% 差ま0% 抜0%,,0,62.7,1.4362,0,0,0.1111,0.1111,0.0556,0,0.1538,0.1154,,,A,,,0.3129,0.6475,,0.5734,S,81,0,◎1着固定 2-3着流し（5〜8点）,0.5777,"{'is_target': True, 'verdict': '参加推奨', 'max_combo_prob': 0.0772, 'est_top_odds': 17.3, 'circle_concentration': 70.2, 'eligible_count': 6, 'bet_adj': 2, 'reason': 'rel_win1=55.2%（本命度） / 最有力組み合わせ確率: 0.077（推定実オッズ?17倍） / 2着集中度: 上位2艇 70.2%（補正+0.04） / 総合判定確率: 0.117 / → ヒモ分散。1号艇1着固定で広めのヒモ流し推奨（買い目+2点）', 'tenji_trigger': '展示確認: ヒモ分散レース。1号艇伸び確認後、広めのヒモ流しを採用。穴ヒモ（5・6号艇）を積極的に含める。\n展示で1号艇スタート超安定(0.138秒)→ヒモ固まり方向に注意'}",,,29.6,逃げ狙い,24.92,26.8,2,,,,,,,,,,,
2025-12-11,丸亀,12,4,赤坂俊輔,A1,15.52,4,,9.8608,12.1,100,66.7,0.1513,3.2833,,,0,低,76,0,-,,0,88.9,1.2887,0,0,0.1071,0.0714,0,0.0095,0.1321,0.0286,,,E,○,○,0.2789,0.668,0.2632,0.5734,S,81,0,◎1着固定 2-3着流し（5〜8点）,0.5777,"{'is_target': True, 'verdict': '参加推奨', 'max_combo_prob': 0.0772, 'est_top_odds': 17.3, 'circle_concentration': 70.2, 'eligible_count': 6, 'bet_adj': 2, 'reason': 'rel_win1=55.2%（本命度） / 最有力組み合わせ確率: 0.077（推定実オッズ?17倍） / 2着集中度: 上位2艇 70.2%（補正+0.04） / 総合判定確率: 0.117 / → ヒモ分散。1号艇1着固定で広めのヒモ流し推奨（買い目+2点）', 'tenji_trigger': '展示確認: ヒモ分散レース。1号艇伸び確認後、広めのヒモ流しを採用。穴ヒモ（5・6号艇）を積極的に含める。\n展示で1号艇スタート超安定(0.138秒)→ヒモ固まり方向に注意'}",,,29.6,逃げ狙い,24.92,26.8,2,,,,,,,,,,,
2025-12-11,丸亀,12,5,山田晃大,A1,27.69,5,,5.735,14.7,45,38.8,0.132,2.8776,,,0,低,63,0,-,,0,61.8,1.6752,0,0,0,0.0741,0,0.0089,0.1911,0.1822,,,E,△,◎,0.3333,0.655,0.3053,0.5734,S,81,0,◎1着固定 2-3着流し（5〜8点）,0.5777,"{'is_target': True, 'verdict': '参加推奨', 'max_combo_prob': 0.0772, 'est_top_odds': 17.3, 'circle_concentration': 70.2, 'eligible_count': 6, 'bet_adj': 2, 'reason': 'rel_win1=55.2%（本命度） / 最有力組み合わせ確率: 0.077（推定実オッズ?17倍） / 2着集中度: 上位2艇 70.2%（補正+0.04） / 総合判定確率: 0.117 / → ヒモ分散。1号艇1着固定で広めのヒモ流し推奨（買い目+2点）', 'tenji_trigger': '展示確認: ヒモ分散レース。1号艇伸び確認後、広めのヒモ流しを採用。穴ヒモ（5・6号艇）を積極的に含める。\n展示で1号艇スタート超安定(0.138秒)→ヒモ固まり方向に注意'}",,,29.6,逃げ狙い,24.92,26.8,2,,,,,,,,,,,
2025-12-11,丸亀,12,6,古結　宏,A1,46.77,6,△,0.9412,3,57,50,0.1371,3.1711,,,0,低,59,0,-,,0,93.7,1.8881,,,,,,0.0143,0,0.0571,,,B,◎,,0.3407,0.677,,0.5734,S,81,0,◎1着固定 2-3着流し（5〜8点）,0.5777,"{'is_target': True, 'verdict': '参加推奨', 'max_combo_prob': 0.0772, 'est_top_odds': 17.3, 'circle_concentration': 70.2, 'eligible_count': 6, 'bet_adj': 2, 'reason': 'rel_win1=55.2%（本命度） / 最有力組み合わせ確率: 0.077（推定実オッズ?17倍） / 2着集中度: 上位2艇 70.2%（補正+0.04） / 総合判定確率: 0.117 / → ヒモ分散。1号艇1着固定で広めのヒモ流し推奨（買い目+2点）', 'tenji_trigger': '展示確認: ヒモ分散レース。1号艇伸び確認後、広めのヒモ流しを採用。穴ヒモ（5・6号艇）を積極的に含める。\n展示で1号艇スタート超安定(0.138秒)→ヒモ固まり方向に注意'}",,,29.6,逃げ狙い,24.92,26.8,2,,,,,,,,,,,
2025-12-12,丸亀,1,1,池　千夏,B1,22.41,1,◎,56.0878,,0,57.1,0.1314,2.8571,,,0,低,8,1,逃0%,4,0,56.5,0.8062,0.2857,,,,,0,0.3714,0.3143,◎⚠️,,D,◎,,,0.7065,,0.453,B,47,0,◎○△フォーメーション（15〜20点）,0.5777,"{'is_target': True, 'verdict': '点数絞り', 'max_combo_prob': 0.1019, 'est_top_odds': 13.1, 'circle_concentration': 72.2, 'eligible_count': 9, 'bet_adj': 0, 'reason': 'rel_win1=56.1%（本命度） / 最有力組み合わせ確率: 0.102（推定実オッズ?13倍） / 2着集中度: 上位2艇 72.2%（補正+0.04） / 総合判定確率: 0.142 / → ヒモはやや固め。上位2艇以外を切ること', 'tenji_trigger': '展示確認: 1号艇伸び良→そのまま採用。悪→飛び組に差し替え。circle_pct上位2艇に絞り込むこと。\n展示で1号艇スタート超安定(0.131秒)→ヒモ固まり方向に注意'}",,,27.9,両建て推奨,11.93,33,2,4-5-6|4-6-5|4-3-6|4-5-1|4-3-5|4-5-2|4-6-1|1-2-4|1-3-4|1-2-3|1-3-2,4-5-6|4-6-5|4-3-6|4-5-1|4-3-5|4-5-2|4-6-1|1-2-4|1-3-4|1-2-3|2-1-3|1-3-2,4-5-6:2.1%|4-6-5:0.95%|4-3-6:0.86%|4-5-1:0.78%|4-3-5:0.63%|4-5-2:0.52%|4-6-1:0.48%|1-2-4:5.84%|1-3-4:4.45%|1-2-3:4.06%|1-3-2:2.84%,4-5-6:B_main|4-6-5:B_main|4-3-6:B_main|4-5-1:B_main|4-3-5:B_main|4-5-2:B_main|4-6-1:B_main|1-2-4:A|1-3-4:A|1-2-3:A|1-3-2:A,11,12,0.4535,1,[!]見送り推奨（主役決まり手「まくり」― 逃げ劣勢レースで的中実績なし）,主役軸流し,B
2025-12-12,丸亀,1,2,井上慧人,B1,18.64,2,,13.4108,44.7,81,57.1,0.24,5.1429,,,0,低,110,1,差0%,62,0,34.1,0.95,0,0.1429,0,0,0,0,0.7,0,,,E,,,0.0829,0.578,,0.453,B,47,0,◎○△フォーメーション（15〜20点）,0.5777,"{'is_target': True, 'verdict': '点数絞り', 'max_combo_prob': 0.1019, 'est_top_odds': 13.1, 'circle_concentration': 72.2, 'eligible_count': 9, 'bet_adj': 0, 'reason': 'rel_win1=56.1%（本命度） / 最有力組み合わせ確率: 0.102（推定実オッズ?13倍） / 2着集中度: 上位2艇 72.2%（補正+0.04） / 総合判定確率: 0.142 / → ヒモはやや固め。上位2艇以外を切ること', 'tenji_trigger': '展示確認: 1号艇伸び良→そのまま採用。悪→飛び組に差し替え。circle_pct上位2艇に絞り込むこと。\n展示で1号艇スタート超安定(0.131秒)→ヒモ固まり方向に注意'}",,,27.9,両建て推奨,11.93,33,2,,,,,,,,,,,
2025-12-12,丸亀,1,3,水原　慎,B1,29.85,3,△,9.5747,27.5,100,53,0.1571,3.1591,,,0,低,126,0,-,6,0,17.3,0.5063,0,0,0.1538,0,0.0385,0.05,0.2,0.2,,,C,△,,0.1821,0.598,,0.453,B,47,0,◎○△フォーメーション（15〜20点）,0.5777,"{'is_target': True, 'verdict': '点数絞り', 'max_combo_prob': 0.1019, 'est_top_odds': 13.1, 'circle_concentration': 72.2, 'eligible_count': 9, 'bet_adj': 0, 'reason': 'rel_win1=56.1%（本命度） / 最有力組み合わせ確率: 0.102（推定実オッズ?13倍） / 2着集中度: 上位2艇 72.2%（補正+0.04） / 総合判定確率: 0.142 / → ヒモはやや固め。上位2艇以外を切ること', 'tenji_trigger': '展示確認: 1号艇伸び良→そのまま採用。悪→飛び組に差し替え。circle_pct上位2艇に絞り込むこと。\n展示で1号艇スタート超安定(0.131秒)→ヒモ固まり方向に注意'}",,,27.9,両建て推奨,11.93,33,2,,,,,,,,,,,
2025-12-12,丸亀,1,4,渡邊裕貴,B1,41.94,4,○,12.7342,17.5,70,42.3,0.1548,3.2115,,,0,低,99,0,-,1,0,89.2,1.5832,0,0.0455,0.0909,0,0,0,0.2311,0.1644,,,A,△,◎,0.2058,0.6215,0.3175,0.453,B,47,0,◎○△フォーメーション（15〜20点）,0.5777,"{'is_target': True, 'verdict': '点数絞り', 'max_combo_prob': 0.1019, 'est_top_odds': 13.1, 'circle_concentration': 72.2, 'eligible_count': 9, 'bet_adj': 0, 'reason': 'rel_win1=56.1%（本命度） / 最有力組み合わせ確率: 0.102（推定実オッズ?13倍） / 2着集中度: 上位2艇 72.2%（補正+0.04） / 総合判定確率: 0.142 / → ヒモはやや固め。上位2艇以外を切ること', 'tenji_trigger': '展示確認: 1号艇伸び良→そのまま採用。悪→飛び組に差し替え。circle_pct上位2艇に絞り込むこと。\n展示で1号艇スタート超安定(0.131秒)→ヒモ固まり方向に注意'}",,,27.9,両建て推奨,11.93,33,2,,,,,,,,,,,
2025-12-12,丸亀,1,5,森　陽多,B1,39.68,5,▲,5.9849,9.9,47,23.1,0.1488,3.4423,,,0,低,64,0,差ま0%,6,0,38.8,0.7498,0,0,0,0.0769,0,0,0.4,0.2,,,B,,,0.2355,0.472,,0.453,B,47,0,◎○△フォーメーション（15〜20点）,0.5777,"{'is_target': True, 'verdict': '点数絞り', 'max_combo_prob': 0.1019, 'est_top_odds': 13.1, 'circle_concentration': 72.2, 'eligible_count': 9, 'bet_adj': 0, 'reason': 'rel_win1=56.1%（本命度） / 最有力組み合わせ確率: 0.102（推定実オッズ?13倍） / 2着集中度: 上位2艇 72.2%（補正+0.04） / 総合判定確率: 0.142 / → ヒモはやや固め。上位2艇以外を切ること', 'tenji_trigger': '展示確認: 1号艇伸び良→そのまま採用。悪→飛び組に差し替え。circle_pct上位2艇に絞り込むこと。\n展示で1号艇スタート超安定(0.131秒)→ヒモ固まり方向に注意'}",,,27.9,両建て推奨,11.93,33,2,,,,,,,,,,,
2025-12-12,丸亀,1,6,伊藤喜智,B1,30.88,6,,2.2076,0.4,29,20.3,0.1969,4.339,,,0,低,184,0,-,4,0,30,0.6489,,,,,,0.2075,0.1379,0.0174,,,C,○,,0.1376,0.646,,0.453,B,47,0,◎○△フォーメーション（15〜20点）,0.5777,"{'is_target': True, 'verdict': '点数絞り', 'max_combo_prob': 0.1019, 'est_top_odds': 13.1, 'circle_concentration': 72.2, 'eligible_count': 9, 'bet_adj': 0, 'reason': 'rel_win1=56.1%（本命度） / 最有力組み合わせ確率: 0.102（推定実オッズ?13倍） / 2着集中度: 上位2艇 72.2%（補正+0.04） / 総合判定確率: 0.142 / → ヒモはやや固め。上位2艇以外を切ること', 'tenji_trigger': '展示確認: 1号艇伸び良→そのまま採用。悪→飛び組に差し替え。circle_pct上位2艇に絞り込むこと。\n展示で1号艇スタート超安定(0.131秒)→ヒモ固まり方向に注意'}",,,27.9,両建て推奨,11.93,33,2,,,,,,,,,,,
2025-12-12,丸亀,2,1,河合三弘,B1,31.75,1,◎,45.2395,,0,65.9,0.1795,3.7955,,,0,低,158,0,-,5,0,38.2,0.7243,0.3158,,,,,0.2132,0.1053,0.2342,△,,D,△,,,0.612,,0.3105,B,52,0,◎○△フォーメーション（15〜20点）,0.5777,"{'is_target': True, 'verdict': '参加推奨', 'max_combo_prob': 0.0555, 'est_top_odds': 24.0, 'circle_concentration': 59.8, 'eligible_count': 9, 'bet_adj': 2, 'reason': 'rel_win1=45.2%（本命度） / 最有力組み合わせ確率: 0.055（推定実オッズ?24倍） / 2着集中度: 上位2艇 59.8%（補正+0.00） / 総合判定確率: 0.055 / → ヒモ分散。1号艇1着固定で広めのヒモ流し推奨（買い目+2点）', 'tenji_trigger': '展示確認: ヒモ分散レース。1号艇伸び確認後、広めのヒモ流しを採用。穴ヒモ（5・6号艇）を積極的に含める。'}",,,29.5,両建て推奨,15.76,34.4,3,1-2-5|1-3-5|1-2-3|1-2-6|1-3-6,4-5-6|6-1-3|6-1-4|4-5-1|6-1-5|4-6-5|6-4-1|1-2-5|1-3-5|1-2-3|1-2-6|1-3-6,1-2-5:6.1%|1-3-5:4.89%|1-2-3:4.34%|1-2-6:4.29%|1-3-6:3.44%,1-2-5:A|1-3-5:A|1-2-3:A|1-2-6:A|1-3-6:A,5,12,0.4535,1,[!]見送り推奨（主役決まり手「差し」― 逃げ劣勢レースで的中実績なし）,荒れ広め,D
2025-12-12,丸亀,2,2,池田紫乃,B1,34.92,2,,13.2264,39.6,86,50,0.2029,3.8958,,,0,低,61,0,差0%,16,0,23.7,0.849,0,0.1,0,0,0,0.3333,0.1667,0,,,C,△,,0.1202,0.6185,,0.3105,B,52,0,◎○△フォーメーション（15〜20点）,0.5777,"{'is_target': True, 'verdict': '参加推奨', 'max_combo_prob': 0.0555, 'est_top_odds': 24.0, 'circle_concentration': 59.8, 'eligible_count': 9, 'bet_adj': 2, 'reason': 'rel_win1=45.2%（本命度） / 最有力組み合わせ確率: 0.055（推定実オッズ?24倍） / 2着集中度: 上位2艇 59.8%（補正+0.00） / 総合判定確率: 0.055 / → ヒモ分散。1号艇1着固定で広めのヒモ流し推奨（買い目+2点）', 'tenji_trigger': '展示確認: ヒモ分散レース。1号艇伸び確認後、広めのヒモ流しを採用。穴ヒモ（5・6号艇）を積極的に含める。'}",,,29.5,両建て推奨,15.76,34.4,3,,,,,,,,,,,
2025-12-12,丸亀,2,3,富永夏哉,B1,21.43,3,,18.2003,20.2,100,55,0.1822,3.7375,,,0,低,104,0,差0% ま0% 差ま0%,5,0,51.4,1.2688,0,0.05,0.1,0.05,0,0.04,0.28,0,,,E,,,0.3081,0.5565,,0.3105,B,52,0,◎○△フォーメーション（15〜20点）,0.5777,"{'is_target': True, 'verdict': '参加推奨', 'max_combo_prob': 0.0555, 'est_top_odds': 24.0, 'circle_concentration': 59.8, 'eligible_count': 9, 'bet_adj': 2, 'reason': 'rel_win1=45.2%（本命度） / 最有力組み合わせ確率: 0.055（推定実オッズ?24倍） / 2着集中度: 上位2艇 59.8%（補正+0.00） / 総合判定確率: 0.055 / → ヒモ分散。1号艇1着固定で広めのヒモ流し推奨（買い目+2点）', 'tenji_trigger': '展示確認: ヒモ分散レース。1号艇伸び確認後、広めのヒモ流しを採用。穴ヒモ（5・6号艇）を積極的に含める。'}",,,29.5,両建て推奨,15.76,34.4,3,,,,,,,,,,,
2025-12-12,丸亀,2,4,國分将太,B1,36.36,4,△,7.882,13.9,77,41.3,0.1728,3.6413,,,0,低,111,0,-,5,0,40.4,0.9074,,,,,,0,0.6154,0,,,C,,,0.3533,0.585,,0.3105,B,52,0,◎○△フォーメーション（15〜20点）,0.5777,"{'is_target': True, 'verdict': '参加推奨', 'max_combo_prob': 0.0555, 'est_top_odds': 24.0, 'circle_concentration': 59.8, 'eligible_count': 9, 'bet_adj': 2, 'reason': 'rel_win1=45.2%（本命度） / 最有力組み合わせ確率: 0.055（推定実オッズ?24倍） / 2着集中度: 上位2艇 59.8%（補正+0.00） / 総合判定確率: 0.055 / → ヒモ分散。1号艇1着固定で広めのヒモ流し推奨（買い目+2点）', 'tenji_trigger': '展示確認: ヒモ分散レース。1号艇伸び確認後、広めのヒモ流しを採用。穴ヒモ（5・6号艇）を積極的に含める。'}",,,29.5,両建て推奨,15.76,34.4,3,,,,,,,,,,,
2025-12-12,丸亀,2,5,北村征嗣,A1,38.46,5,○,11.3859,19.9,83,54.2,0.1669,3.5508,,,0,低,114,0,差ま0%,11,0,91.2,1.6557,0,0,0,0.08,0,0.0186,0.1742,0.0825,,,B,◎,◎,0.3459,0.656,0.3245,0.3105,B,52,0,◎○△フォーメーション（15〜20点）,0.5777,"{'is_target': True, 'verdict': '参加推奨', 'max_combo_prob': 0.0555, 'est_top_odds': 24.0, 'circle_concentration': 59.8, 'eligible_count': 9, 'bet_adj': 2, 'reason': 'rel_win1=45.2%（本命度） / 最有力組み合わせ確率: 0.055（推定実オッズ?24倍） / 2着集中度: 上位2艇 59.8%（補正+0.00） / 総合判定確率: 0.055 / → ヒモ分散。1号艇1着固定で広めのヒモ流し推奨（買い目+2点）', 'tenji_trigger': '展示確認: ヒモ分散レース。1号艇伸び確認後、広めのヒモ流しを採用。穴ヒモ（5・6号艇）を積極的に含める。'}",,,29.5,両建て推奨,15.76,34.4,3,,,,,,,,,,,
2025-12-12,丸亀,2,6,秋山広一,A2,48.48,6,▲,4.0659,6.4,63,37.3,0.1766,4.0932,,,0,低,90,0,-,13,0,41.1,0.9578,0,0,0,0,0,0,0.168,0.168,,,A,○,,0.3375,0.651,,0.3105,B,52,0,◎○△フォーメーション（15〜20点）,0.5777,"{'is_target': True, 'verdict': '参加推奨', 'max_combo_prob': 0.0555, 'est_top_odds': 24.0, 'circle_concentration': 59.8, 'eligible_count': 9, 'bet_adj': 2, 'reason': 'rel_win1=45.2%（本命度） / 最有力組み合わせ確率: 0.055（推定実オッズ?24倍） / 2着集中度: 上位2艇 59.8%（補正+0.00） / 総合判定確率: 0.055 / → ヒモ分散。1号艇1着固定で広めのヒモ流し推奨（買い目+2点）', 'tenji_trigger': '展示確認: ヒモ分散レース。1号艇伸び確認後、広めのヒモ流しを採用。穴ヒモ（5・6号艇）を積極的に含める。'}",,,29.5,両建て推奨,15.76,34.4,3,,,,,,,,,,,
2025-12-12,丸亀,3,1,木場雄二,B1,35.48,1,◎,55.1811,,0,83,0.1577,3.0094,,,0,低,139,0,逃1%,3,0,84,1.07,0.6538,,,,,0.1508,0.0615,0.0154,◎,,C,◎,,,0.6955,,0.4948,A,73,0,◎-○軸 3着3〜4艇流し（10〜15点）,0.5777,"{'is_target': True, 'verdict': '参加推奨', 'max_combo_prob': 0.0741, 'est_top_odds': 18.0, 'circle_concentration': 63.2, 'eligible_count': 8, 'bet_adj': 2, 'reason': 'rel_win1=55.2%（本命度） / 最有力組み合わせ確率: 0.074（推定実オッズ?18倍） / 2着集中度: 上位2艇 63.2%（補正+0.00） / 総合判定確率: 0.074 / → ヒモ分散。1号艇1着固定で広めのヒモ流し推奨（買い目+2点）', 'tenji_trigger': '展示確認: ヒモ分散レース。1号艇伸び確認後、広めのヒモ流しを採用。穴ヒモ（5・6号艇）を積極的に含める。'}",,,27.2,逃げ狙い,14.53,28.7,4,,,,,0,0,0.7559,0,,逃げ軸流し,A
2025-12-12,丸亀,3,2,中本大樹,B1,43.08,2,○,13.6859,39.9,58,34.6,0.1585,3.5192,,,0,低,68,0,差0% ま0%,5,0,24.5,0.6402,0,0.1111,0.0556,0,0,0.25,0.1667,0.0833,,,A,,,0.315,0.5725,,0.4948,A,73,0,◎-○軸 3着3〜4艇流し（10〜15点）,0.5777,"{'is_target': True, 'verdict': '参加推奨', 'max_combo_prob': 0.0741, 'est_top_odds': 18.0, 'circle_concentration': 63.2, 'eligible_count': 8, 'bet_adj': 2, 'reason': 'rel_win1=55.2%（本命度） / 最有力組み合わせ確率: 0.074（推定実オッズ?18倍） / 2着集中度: 上位2艇 63.2%（補正+0.00） / 総合判定確率: 0.074 / → ヒモ分散。1号艇1着固定で広めのヒモ流し推奨（買い目+2点）', 'tenji_trigger': '展示確認: ヒモ分散レース。1号艇伸び確認後、広めのヒモ流しを採用。穴ヒモ（5・6号艇）を積極的に含める。'}",,,27.2,逃げ狙い,14.53,28.7,4,,,,,,,,,,,
2025-12-12,丸亀,3,3,川上清人,B1,35.09,3,,9.7109,23.3,100,49.1,0.1642,3.7273,,,0,低,150,0,-,4,0,20.7,0.6388,0,0,0.0952,0,0,0.3733,0.0381,0.1962,,,D,△,,0.2639,0.595,,0.4948,A,73,0,◎-○軸 3着3〜4艇流し（10〜15点）,0.5777,"{'is_target': True, 'verdict': '参加推奨', 'max_combo_prob': 0.0741, 'est_top_odds': 18.0, 'circle_concentration': 63.2, 'eligible_count': 8, 'bet_adj': 2, 'reason': 'rel_win1=55.2%（本命度） / 最有力組み合わせ確率: 0.074（推定実オッズ?18倍） / 2着集中度: 上位2艇 63.2%（補正+0.00） / 総合判定確率: 0.074 / → ヒモ分散。1号艇1着固定で広めのヒモ流し推奨（買い目+2点）', 'tenji_trigger': '展示確認: ヒモ分散レース。1号艇伸び確認後、広めのヒモ流しを採用。穴ヒモ（5・6号艇）を積極的に含める。'}",,,27.2,逃げ狙い,14.53,28.7,4,,,,,,,,,,,
2025-12-12,丸亀,3,4,吉田俊彦,A2,39.06,4,▲,13.1196,22.6,97,55.1,0.1533,3.5408,,,0,低,80,0,ま0%,34,0,74.6,1.3015,0,0,0.12,0,0,0.0953,0,0.2259,,,C,△,◎,0.3273,0.6545,0.3309,0.4948,A,73,0,◎-○軸 3着3〜4艇流し（10〜15点）,0.5777,"{'is_target': True, 'verdict': '参加推奨', 'max_combo_prob': 0.0741, 'est_top_odds': 18.0, 'circle_concentration': 63.2, 'eligible_count': 8, 'bet_adj': 2, 'reason': 'rel_win1=55.2%（本命度） / 最有力組み合わせ確率: 0.074（推定実オッズ?18倍） / 2着集中度: 上位2艇 63.2%（補正+0.00） / 総合判定確率: 0.074 / → ヒモ分散。1号艇1着固定で広めのヒモ流し推奨（買い目+2点）', 'tenji_trigger': '展示確認: ヒモ分散レース。1号艇伸び確認後、広めのヒモ流しを採用。穴ヒモ（5・6号艇）を積極的に含める。'}",,,27.2,逃げ狙い,14.53,28.7,4,,,,,,,,,,,
2025-12-12,丸亀,3,5,田中宏典,B1,41.54,5,△,5.2096,2.9,58,16.7,0.204,4.2381,,,0,低,103,0,差ま0%,4,0,26,0.716,0,0,0,0.0526,0,0,0.1,0.2167,,,B,,,0.136,0.581,,0.4948,A,73,0,◎-○軸 3着3〜4艇流し（10〜15点）,0.5777,"{'is_target': True, 'verdict': '参加推奨', 'max_combo_prob': 0.0741, 'est_top_odds': 18.0, 'circle_concentration': 63.2, 'eligible_count': 8, 'bet_adj': 2, 'reason': 'rel_win1=55.2%（本命度） / 最有力組み合わせ確率: 0.074（推定実オッズ?18倍） / 2着集中度: 上位2艇 63.2%（補正+0.00） / 総合判定確率: 0.074 / → ヒモ分散。1号艇1着固定で広めのヒモ流し推奨（買い目+2点）', 'tenji_trigger': '展示確認: ヒモ分散レース。1号艇伸び確認後、広めのヒモ流しを採用。穴ヒモ（5・6号艇）を積極的に含める。'}",,,27.2,逃げ狙い,14.53,28.7,4,,,,,,,,,,,
2025-12-12,丸亀,3,6,赤坂俊輔,A1,15.52,6,,3.093,11.3,42,40,0.145,3.4,,,0,低,76,1,差0%,44,0,85.6,1.5594,0,0.3333,0,0,0,0.0095,0.1321,0.0286,,,E,○,,0.3871,0.668,,0.4948,A,73,0,◎-○軸 3着3〜4艇流し（10〜15点）,0.5777,"{'is_target': True, 'verdict': '参加推奨', 'max_combo_prob': 0.0741, 'est_top_odds': 18.0, 'circle_concentration': 63.2, 'eligible_count': 8, 'bet_adj': 2, 'reason': 'rel_win1=55.2%（本命度） / 最有力組み合わせ確率: 0.074（推定実オッズ?18倍） / 2着集中度: 上位2艇 63.2%（補正+0.00） / 総合判定確率: 0.074 / → ヒモ分散。1号艇1着固定で広めのヒモ流し推奨（買い目+2点）', 'tenji_trigger': '展示確認: ヒモ分散レース。1号艇伸び確認後、広めのヒモ流しを採用。穴ヒモ（5・6号艇）を積極的に含める。'}",,,27.2,逃げ狙い,14.53,28.7,4,,,,,,,,,,,
2025-12-12,丸亀,4,1,金子順一,B1,15.38,1,◎,38.9123,,0,74.1,0.1565,3.3333,,,0,低,148,0,-,6,0,100,2.3257,0.36,,,,,0.38,0.18,0.064,△,,E,△,,,0.6315,,0.2666,C,41,0,荒れ傾向。高配当狙いか見送り,0.5777,"{'is_target': False, 'verdict': '対象外', 'max_combo_prob': None, 'est_top_odds': None, 'circle_concentration': None, 'eligible_count': 0, 'bet_adj': 0, 'reason': '1号艇rel_win1 < 45%: 通常判定に委ねる', 'tenji_trigger': ''}",,,27,両建て推奨,18.79,38.9,3,2-1-3|1-2-5|1-3-5|1-2-3|1-3-2|1-5-2,6-1-3|6-1-4|3-4-5|2-1-3|3-5-4|6-1-5|6-4-1|1-2-5|1-3-5|1-2-3|1-3-2|1-5-2,2-1-3:2.26%|1-2-5:8.93%|1-3-5:7.28%|1-2-3:6.4%|1-3-2:5.55%|1-5-2:3.97%,2-1-3:B_main|1-2-5:A|1-3-5:A|1-2-3:A|1-3-2:A|1-5-2:A,6,12,0.4535,1,[!]見送り推奨（主役決まり手「差し」― 逃げ劣勢レースで的中実績なし）,荒れ広め,D
2025-12-12,丸亀,4,2,山田晃大,A1,27.69,2,▲,17.3467,36.3,94,60,0.1404,3,,,0,低,63,0,-,S5,0,29.7,0.915,0,0.1429,0,0,0,0.0089,0.1911,0.1822,,◎,C,○,,0.5509,0.655,,0.2666,C,41,0,荒れ傾向。高配当狙いか見送り,0.5777,"{'is_target': False, 'verdict': '対象外', 'max_combo_prob': None, 'est_top_odds': None, 'circle_concentration': None, 'eligible_count': 0, 'bet_adj': 0, 'reason': '1号艇rel_win1 < 45%: 通常判定に委ねる', 'tenji_trigger': ''}",,,27,両建て推奨,18.79,38.9,3,,,,,,,,,,,
2025-12-12,丸亀,4,3,寺島美里,B1,41.54,3,○,19.1128,32.9,87,54.8,0.1403,2.7903,,,0,低,67,0,ま0%,56,0,48.2,1.2937,0,0,0.1,0,0,0,0,0.4444,,△,B,,,0.4161,0.6185,,0.2666,C,41,0,荒れ傾向。高配当狙いか見送り,0.5777,"{'is_target': False, 'verdict': '対象外', 'max_combo_prob': None, 'est_top_odds': None, 'circle_concentration': None, 'eligible_count': 0, 'bet_adj': 0, 'reason': '1号艇rel_win1 < 45%: 通常判定に委ねる', 'tenji_trigger': ''}",,,27,両建て推奨,18.79,38.9,3,,,,,,,,,,,
2025-12-12,丸亀,4,4,花田凱成,B2,43.55,4,,8.5039,9.6,100,39.5,0.1679,3.314,,,0,低,83,0,差0%,5,0,49.3,0.8823,0,0.0435,0,0,0,0.2731,0.5731,0.0308,,,A,△,,0.2639,0.623,,0.2666,C,41,0,荒れ傾向。高配当狙いか見送り,0.5777,"{'is_target': False, 'verdict': '対象外', 'max_combo_prob': None, 'est_top_odds': None, 'circle_concentration': None, 'eligible_count': 0, 'bet_adj': 0, 'reason': '1号艇rel_win1 < 45%: 通常判定に委ねる', 'tenji_trigger': ''}",,,27,両建て推奨,18.79,38.9,3,,,,,,,,,,,
2025-12-12,丸亀,4,5,吉村　誠,A2,26.56,5,△,12.5921,17.7,70,50.9,0.1302,2.7358,,,0,低,86,0,差ま0% 抜0%,21,0,77.9,1.6279,0,0,0,0.2353,0.0588,0.0098,0.0195,0.1735,,○,D,◎,◎,0.4433,0.675,0.4719,0.2666,C,41,0,荒れ傾向。高配当狙いか見送り,0.5777,"{'is_target': False, 'verdict': '対象外', 'max_combo_prob': None, 'est_top_odds': None, 'circle_concentration': None, 'eligible_count': 0, 'bet_adj': 0, 'reason': '1号艇rel_win1 < 45%: 通常判定に委ねる', 'tenji_trigger': ''}",,,27,両建て推奨,18.79,38.9,3,,,,,,,,,,,
2025-12-12,丸亀,4,6,中山　将,A2,18.33,6,,3.5322,3.5,73,31.6,0.1539,3.5789,,,0,低,86,0,差ま0%,23,0,29.8,1.2575,0,0,0,0.0476,0,0.0741,0.0741,0.0741,,,E,,,0.3153,0.62,,0.2666,C,41,0,荒れ傾向。高配当狙いか見送り,0.5777,"{'is_target': False, 'verdict': '対象外', 'max_combo_prob': None, 'est_top_odds': None, 'circle_concentration': None, 'eligible_count': 0, 'bet_adj': 0, 'reason': '1号艇rel_win1 < 45%: 通常判定に委ねる', 'tenji_trigger': ''}",,,27,両建て推奨,18.79,38.9,3,,,,,,,,,,,
2025-12-12,丸亀,5,1,石岡将太,B1,39.66,1,◎,48.9611,,0,79.3,0.1421,2.2672,,,0,低,108,0,逃0%,24,0,81,1.0078,0.4815,,,,,0.2159,0.1153,0.1185,◎,,B,○,,,0.6615,,0.5313,A,62,0,◎-○軸 3着3〜4艇流し（10〜15点）,0.5777,"{'is_target': True, 'verdict': '参加推奨', 'max_combo_prob': 0.0621, 'est_top_odds': 21.5, 'circle_concentration': 64.8, 'eligible_count': 8, 'bet_adj': 2, 'reason': 'rel_win1=49.0%（本命度） / 最有力組み合わせ確率: 0.062（推定実オッズ?22倍） / 2着集中度: 上位2艇 64.8%（補正+0.00） / 総合判定確率: 0.062 / → ヒモ分散。1号艇1着固定で広めのヒモ流し推奨（買い目+2点）', 'tenji_trigger': '展示確認: ヒモ分散レース。1号艇伸び確認後、広めのヒモ流しを採用。穴ヒモ（5・6号艇）を積極的に含める。'}",,,30.1,両建て推奨,20.35,32,3,,,,,0,0,0.7559,0,,逃げ軸流し,A
2025-12-12,丸亀,5,2,野田彩加,B1,33.33,2,△,10.4906,34.3,83,65.5,0.1624,3.6379,,,0,低,56,0,ま0%,56,0,58.3,1.0459,0,0,0.0833,0,0,0.1,0.2,0.2,,,C,△,,0.1406,0.6425,,0.5313,A,62,0,◎-○軸 3着3〜4艇流し（10〜15点）,0.5777,"{'is_target': True, 'verdict': '参加推奨', 'max_combo_prob': 0.0621, 'est_top_odds': 21.5, 'circle_concentration': 64.8, 'eligible_count': 8, 'bet_adj': 2, 'reason': 'rel_win1=49.0%（本命度） / 最有力組み合わせ確率: 0.062（推定実オッズ?22倍） / 2着集中度: 上位2艇 64.8%（補正+0.00） / 総合判定確率: 0.062 / → ヒモ分散。1号艇1着固定で広めのヒモ流し推奨（買い目+2点）', 'tenji_trigger': '展示確認: ヒモ分散レース。1号艇伸び確認後、広めのヒモ流しを採用。穴ヒモ（5・6号艇）を積極的に含める。'}",,,30.1,両建て推奨,20.35,32,3,,,,,,,,,,,
2025-12-12,丸亀,5,3,前田　翔,A1,41.27,3,○,19.9129,27.2,100,72.7,0.1345,2.8333,,,0,低,48,0,ま0%,21,0,84.4,1.5527,0,0,0.1429,0,0,0.0952,0.0476,0.0952,,○,A,△,,0.3726,0.6585,,0.5313,A,62,0,◎-○軸 3着3〜4艇流し（10〜15点）,0.5777,"{'is_target': True, 'verdict': '参加推奨', 'max_combo_prob': 0.0621, 'est_top_odds': 21.5, 'circle_concentration': 64.8, 'eligible_count': 8, 'bet_adj': 2, 'reason': 'rel_win1=49.0%（本命度） / 最有力組み合わせ確率: 0.062（推定実オッズ?22倍） / 2着集中度: 上位2艇 64.8%（補正+0.00） / 総合判定確率: 0.062 / → ヒモ分散。1号艇1着固定で広めのヒモ流し推奨（買い目+2点）', 'tenji_trigger': '展示確認: ヒモ分散レース。1号艇伸び確認後、広めのヒモ流しを採用。穴ヒモ（5・6号艇）を積極的に含める。'}",,,30.1,両建て推奨,20.35,32,3,,,,,,,,,,,
2025-12-12,丸亀,5,4,中村　尊,A2,26.87,4,▲,12.9196,30.6,60,65.7,0.1225,2.6269,,,0,低,55,0,ま0%,42,0,53.3,0.9232,0,0.12,0.08,0,0,0.24,0.04,0.0667,,,D,◎,◎,0.3965,0.6655,0.4913,0.5313,A,62,0,◎-○軸 3着3〜4艇流し（10〜15点）,0.5777,"{'is_target': True, 'verdict': '参加推奨', 'max_combo_prob': 0.0621, 'est_top_odds': 21.5, 'circle_concentration': 64.8, 'eligible_count': 8, 'bet_adj': 2, 'reason': 'rel_win1=49.0%（本命度） / 最有力組み合わせ確率: 0.062（推定実オッズ?22倍） / 2着集中度: 上位2艇 64.8%（補正+0.00） / 総合判定確率: 0.062 / → ヒモ分散。1号艇1着固定で広めのヒモ流し推奨（買い目+2点）', 'tenji_trigger': '展示確認: ヒモ分散レース。1号艇伸び確認後、広めのヒモ流しを採用。穴ヒモ（5・6号艇）を積極的に含める。'}",,,30.1,両建て推奨,20.35,32,3,,,,,,,,,,,
2025-12-12,丸亀,5,5,間嶋仁志,A2,20.00,5,,6.6364,6.9,81,0,0.27,6,,,0,低,136,1,-,5,0,26.1,0.7526,,,,,,0.048,0.048,0.412,,,E,,,0.1532,0.6285,,0.5313,A,62,0,◎-○軸 3着3〜4艇流し（10〜15点）,0.5777,"{'is_target': True, 'verdict': '参加推奨', 'max_combo_prob': 0.0621, 'est_top_odds': 21.5, 'circle_concentration': 64.8, 'eligible_count': 8, 'bet_adj': 2, 'reason': 'rel_win1=49.0%（本命度） / 最有力組み合わせ確率: 0.062（推定実オッズ?22倍） / 2着集中度: 上位2艇 64.8%（補正+0.00） / 総合判定確率: 0.062 / → ヒモ分散。1号艇1着固定で広めのヒモ流し推奨（買い目+2点）', 'tenji_trigger': '展示確認: ヒモ分散レース。1号艇伸び確認後、広めのヒモ流しを採用。穴ヒモ（5・6号艇）を積極的に含める。'}",,,30.1,両建て推奨,20.35,32,3,,,,,,,,,,,
2025-12-12,丸亀,5,6,小柳勝希,B2,39.06,6,,1.0794,1.1,29,10.1,0.1912,3.8768,,,0,低,42,0,-,52,0,26.1,0.42,,,,,,,,,,,C,,,0.1711,0.504,,0.5313,A,62,0,◎-○軸 3着3〜4艇流し（10〜15点）,0.5777,"{'is_target': True, 'verdict': '参加推奨', 'max_combo_prob': 0.0621, 'est_top_odds': 21.5, 'circle_concentration': 64.8, 'eligible_count': 8, 'bet_adj': 2, 'reason': 'rel_win1=49.0%（本命度） / 最有力組み合わせ確率: 0.062（推定実オッズ?22倍） / 2着集中度: 上位2艇 64.8%（補正+0.00） / 総合判定確率: 0.062 / → ヒモ分散。1号艇1着固定で広めのヒモ流し推奨（買い目+2点）', 'tenji_trigger': '展示確認: ヒモ分散レース。1号艇伸び確認後、広めのヒモ流しを採用。穴ヒモ（5・6号艇）を積極的に含める。'}",,,30.1,両建て推奨,20.35,32,3,,,,,,,,,,,
2025-12-12,丸亀,6,1,三宅　潤,A2,58.46,1,◎,62.4376,,0,89.9,0.161,3.0633,,,0,低,174,0,-,1,0,59,0.9903,0.6111,,,,,0.0222,0.0444,0.2111,◎,,A,○,,,0.6355,,0.5617,S,87,0,◎1着固定 2-3着流し（5〜8点）,0.5777,"{'is_target': True, 'verdict': '参加推奨', 'max_combo_prob': 0.086, 'est_top_odds': 15.5, 'circle_concentration': 66.8, 'eligible_count': 6, 'bet_adj': 2, 'reason': 'rel_win1=62.4%（本命度） / 最有力組み合わせ確率: 0.086（推定実オッズ?16倍） / 2着集中度: 上位2艇 66.8%（補正+0.00） / 総合判定確率: 0.086 / → ヒモ分散。1号艇1着固定で広めのヒモ流し推奨（買い目+2点）', 'tenji_trigger': '展示確認: ヒモ分散レース。1号艇伸び確認後、広めのヒモ流しを採用。穴ヒモ（5・6号艇）を積極的に含める。'}",,,28.4,逃げ狙い,20.82,26.9,5,,,,,0,0,0.7559,0,,逃げ軸流し,A
2025-12-12,丸亀,6,2,高橋直哉,B1,47.62,2,▲,13.2823,41,95,56.2,0.1917,4.3125,,,0,低,172,0,差0% 抜0%,15,0,70.3,0.936,0,0.12,0,0,0.04,0.05,0.2833,0.05,,,B,△,,0.0805,0.606,,0.5617,S,87,0,◎1着固定 2-3着流し（5〜8点）,0.5777,"{'is_target': True, 'verdict': '参加推奨', 'max_combo_prob': 0.086, 'est_top_odds': 15.5, 'circle_concentration': 66.8, 'eligible_count': 6, 'bet_adj': 2, 'reason': 'rel_win1=62.4%（本命度） / 最有力組み合わせ確率: 0.086（推定実オッズ?16倍） / 2着集中度: 上位2艇 66.8%（補正+0.00） / 総合判定確率: 0.086 / → ヒモ分散。1号艇1着固定で広めのヒモ流し推奨（買い目+2点）', 'tenji_trigger': '展示確認: ヒモ分散レース。1号艇伸び確認後、広めのヒモ流しを採用。穴ヒモ（5・6号艇）を積極的に含める。'}",,,28.4,逃げ狙い,20.82,26.9,5,,,,,,,,,,,
2025-12-12,丸亀,6,3,原村拓也,B1,28.79,3,,7.3848,25.7,100,50.7,0.1648,3.6087,,,0,低,159,0,-,33,0,30.1,0.9385,,,,,,0.3114,0.1257,0.02,,,E,,,0.2964,0.5855,,0.5617,S,87,0,◎1着固定 2-3着流し（5〜8点）,0.5777,"{'is_target': True, 'verdict': '参加推奨', 'max_combo_prob': 0.086, 'est_top_odds': 15.5, 'circle_concentration': 66.8, 'eligible_count': 6, 'bet_adj': 2, 'reason': 'rel_win1=62.4%（本命度） / 最有力組み合わせ確率: 0.086（推定実オッズ?16倍） / 2着集中度: 上位2艇 66.8%（補正+0.00） / 総合判定確率: 0.086 / → ヒモ分散。1号艇1着固定で広めのヒモ流し推奨（買い目+2点）', 'tenji_trigger': '展示確認: ヒモ分散レース。1号艇伸び確認後、広めのヒモ流しを採用。穴ヒモ（5・6号艇）を積極的に含める。'}",,,28.4,逃げ狙い,20.82,26.9,5,,,,,,,,,,,
2025-12-12,丸亀,6,4,向井美鈴,A2,43.75,4,△,6.3506,15.1,65,42.1,0.1733,3.5439,,,0,低,136,0,-,25,0,100,2.0357,,,,,,0.264,0.048,0.116,,,C,△,,0.2688,0.604,,0.5617,S,87,0,◎1着固定 2-3着流し（5〜8点）,0.5777,"{'is_target': True, 'verdict': '参加推奨', 'max_combo_prob': 0.086, 'est_top_odds': 15.5, 'circle_concentration': 66.8, 'eligible_count': 6, 'bet_adj': 2, 'reason': 'rel_win1=62.4%（本命度） / 最有力組み合わせ確率: 0.086（推定実オッズ?16倍） / 2着集中度: 上位2艇 66.8%（補正+0.00） / 総合判定確率: 0.086 / → ヒモ分散。1号艇1着固定で広めのヒモ流し推奨（買い目+2点）', 'tenji_trigger': '展示確認: ヒモ分散レース。1号艇伸び確認後、広めのヒモ流しを採用。穴ヒモ（5・6号艇）を積極的に含める。'}",,,28.4,逃げ狙い,20.82,26.9,5,,,,,,,,,,,
2025-12-12,丸亀,6,5,柴田　光,A1,50.79,5,○,9.5709,15.7,61,46.7,0.1567,3.7,,,0,低,58,0,-,22,0,27.2,1.484,,,,,,0,0.1538,0.1154,,,B,◎,,0.3303,0.6475,,0.5617,S,87,0,◎1着固定 2-3着流し（5〜8点）,0.5777,"{'is_target': True, 'verdict': '参加推奨', 'max_combo_prob': 0.086, 'est_top_odds': 15.5, 'circle_concentration': 66.8, 'eligible_count': 6, 'bet_adj': 2, 'reason': 'rel_win1=62.4%（本命度） / 最有力組み合わせ確率: 0.086（推定実オッズ?16倍） / 2着集中度: 上位2艇 66.8%（補正+0.00） / 総合判定確率: 0.086 / → ヒモ分散。1号艇1着固定で広めのヒモ流し推奨（買い目+2点）', 'tenji_trigger': '展示確認: ヒモ分散レース。1号艇伸び確認後、広めのヒモ流しを採用。穴ヒモ（5・6号艇）を積極的に含める。'}",,,28.4,逃げ狙い,20.82,26.9,5,,,,,,,,,,,
2025-12-12,丸亀,6,6,水原　慎,B1,29.85,6,,0.9738,2.4,72,15.4,0.1669,3.7788,,,0,低,126,0,-,6,0,29,0.8444,,,,,,0.05,0.2,0.2,,,E,,,0.2979,0.598,,0.5617,S,87,0,◎1着固定 2-3着流し（5〜8点）,0.5777,"{'is_target': True, 'verdict': '参加推奨', 'max_combo_prob': 0.086, 'est_top_odds': 15.5, 'circle_concentration': 66.8, 'eligible_count': 6, 'bet_adj': 2, 'reason': 'rel_win1=62.4%（本命度） / 最有力組み合わせ確率: 0.086（推定実オッズ?16倍） / 2着集中度: 上位2艇 66.8%（補正+0.00） / 総合判定確率: 0.086 / → ヒモ分散。1号艇1着固定で広めのヒモ流し推奨（買い目+2点）', 'tenji_trigger': '展示確認: ヒモ分散レース。1号艇伸び確認後、広めのヒモ流しを採用。穴ヒモ（5・6号艇）を積極的に含める。'}",,,28.4,逃げ狙い,20.82,26.9,5,,,,,,,,,,,
2025-12-12,丸亀,7,1,松村康太,A2,48.48,1,◎,57.1754,,0,89.8,0.158,3.3125,,,0,低,166,0,逃0%,34,0,85.9,1.0938,0.3333,,,,,0.22,0.1756,0.2689,◎,,B,△,,,0.6195,,0.4762,S,82,0,◎1着固定 2-3着流し（5〜8点）,0.5777,"{'is_target': True, 'verdict': '参加推奨', 'max_combo_prob': 0.0858, 'est_top_odds': 15.5, 'circle_concentration': 64.4, 'eligible_count': 6, 'bet_adj': 2, 'reason': 'rel_win1=57.2%（本命度） / 最有力組み合わせ確率: 0.086（推定実オッズ?16倍） / 2着集中度: 上位2艇 64.4%（補正+0.00） / 総合判定確率: 0.086 / → ヒモ分散。1号艇1着固定で広めのヒモ流し推奨（買い目+2点）', 'tenji_trigger': '展示確認: ヒモ分散レース。1号艇伸び確認後、広めのヒモ流しを採用。穴ヒモ（5・6号艇）を積極的に含める。'}",,,30,逃げ狙い,14.93,36.5,2,,,,,0,0,0.7559,0,,逃げ軸流し,A
2025-12-12,丸亀,7,2,宮崎　奨,A2,29.85,2,△,16.9443,48.6,94,73.4,0.1681,3.9766,,,0,低,134,0,差0%,31,0,60.1,1.1474,0,0.16,0,0,0,0.0343,0.1571,0.2686,,,E,○,,0.2691,0.658,,0.4762,S,82,0,◎1着固定 2-3着流し（5〜8点）,0.5777,"{'is_target': True, 'verdict': '参加推奨', 'max_combo_prob': 0.0858, 'est_top_odds': 15.5, 'circle_concentration': 64.4, 'eligible_count': 6, 'bet_adj': 2, 'reason': 'rel_win1=57.2%（本命度） / 最有力組み合わせ確率: 0.086（推定実オッズ?16倍） / 2着集中度: 上位2艇 64.4%（補正+0.00） / 総合判定確率: 0.086 / → ヒモ分散。1号艇1着固定で広めのヒモ流し推奨（買い目+2点）', 'tenji_trigger': '展示確認: ヒモ分散レース。1号艇伸び確認後、広めのヒモ流しを採用。穴ヒモ（5・6号艇）を積極的に含める。'}",,,30,逃げ狙い,14.93,36.5,2,,,,,,,,,,,
2025-12-12,丸亀,7,3,森　陽多,B1,39.68,3,○,8.4038,15.8,100,33.3,0.172,3.6,,,0,低,64,0,-,6,0,29.1,0.7088,,,,,,0,0.4,0.2,,,C,,,0.2674,0.472,,0.4762,S,82,0,◎1着固定 2-3着流し（5〜8点）,0.5777,"{'is_target': True, 'verdict': '参加推奨', 'max_combo_prob': 0.0858, 'est_top_odds': 15.5, 'circle_concentration': 64.4, 'eligible_count': 6, 'bet_adj': 2, 'reason': 'rel_win1=57.2%（本命度） / 最有力組み合わせ確率: 0.086（推定実オッズ?16倍） / 2着集中度: 上位2艇 64.4%（補正+0.00） / 総合判定確率: 0.086 / → ヒモ分散。1号艇1着固定で広めのヒモ流し推奨（買い目+2点）', 'tenji_trigger': '展示確認: ヒモ分散レース。1号艇伸び確認後、広めのヒモ流しを採用。穴ヒモ（5・6号艇）を積極的に含める。'}",,,30,逃げ狙い,14.93,36.5,2,,,,,,,,,,,
2025-12-12,丸亀,7,4,河合三弘,B1,31.75,4,,8.5242,14.5,59,30.2,0.1787,3.9127,,,0,低,158,0,-,5,0,18.9,0.5147,0,0.0345,0,0.069,0,0.2132,0.1053,0.2342,,,D,,◎,0.2322,0.612,0.2996,0.4762,S,82,0,◎1着固定 2-3着流し（5〜8点）,0.5777,"{'is_target': True, 'verdict': '参加推奨', 'max_combo_prob': 0.0858, 'est_top_odds': 15.5, 'circle_concentration': 64.4, 'eligible_count': 6, 'bet_adj': 2, 'reason': 'rel_win1=57.2%（本命度） / 最有力組み合わせ確率: 0.086（推定実オッズ?16倍） / 2着集中度: 上位2艇 64.4%（補正+0.00） / 総合判定確率: 0.086 / → ヒモ分散。1号艇1着固定で広めのヒモ流し推奨（買い目+2点）', 'tenji_trigger': '展示確認: ヒモ分散レース。1号艇伸び確認後、広めのヒモ流しを採用。穴ヒモ（5・6号艇）を積極的に含める。'}",,,30,逃げ狙い,14.93,36.5,2,,,,,,,,,,,
2025-12-12,丸亀,7,5,川野芽唯,A1,53.97,5,▲,6.0473,15,76,43.5,0.2017,4.587,,,0,低,72,0,-,33,0,25.9,0.7319,0,0,0,0.0667,0,0,0.0556,0.0556,,,A,△,,0.1769,0.625,,0.4762,S,82,0,◎1着固定 2-3着流し（5〜8点）,0.5777,"{'is_target': True, 'verdict': '参加推奨', 'max_combo_prob': 0.0858, 'est_top_odds': 15.5, 'circle_concentration': 64.4, 'eligible_count': 6, 'bet_adj': 2, 'reason': 'rel_win1=57.2%（本命度） / 最有力組み合わせ確率: 0.086（推定実オッズ?16倍） / 2着集中度: 上位2艇 64.4%（補正+0.00） / 総合判定確率: 0.086 / → ヒモ分散。1号艇1着固定で広めのヒモ流し推奨（買い目+2点）', 'tenji_trigger': '展示確認: ヒモ分散レース。1号艇伸び確認後、広めのヒモ流しを採用。穴ヒモ（5・6号艇）を積極的に含める。'}",,,30,逃げ狙い,14.93,36.5,2,,,,,,,,,,,
2025-12-12,丸亀,7,6,岡部大輝,B1,37.88,6,,2.9049,6.1,89,35.6,0.1782,4.0778,,,0,低,84,0,-,12,0,53.3,1.0397,,,,,,0.1832,0.1832,0.0211,,,D,◎,,0.275,0.66,,0.4762,S,82,0,◎1着固定 2-3着流し（5〜8点）,0.5777,"{'is_target': True, 'verdict': '参加推奨', 'max_combo_prob': 0.0858, 'est_top_odds': 15.5, 'circle_concentration': 64.4, 'eligible_count': 6, 'bet_adj': 2, 'reason': 'rel_win1=57.2%（本命度） / 最有力組み合わせ確率: 0.086（推定実オッズ?16倍） / 2着集中度: 上位2艇 64.4%（補正+0.00） / 総合判定確率: 0.086 / → ヒモ分散。1号艇1着固定で広めのヒモ流し推奨（買い目+2点）', 'tenji_trigger': '展示確認: ヒモ分散レース。1号艇伸び確認後、広めのヒモ流しを採用。穴ヒモ（5・6号艇）を積極的に含める。'}",,,30,逃げ狙い,14.93,36.5,2,,,,,,,,,,,
2025-12-12,丸亀,8,1,古結　宏,A1,46.77,1,◎,68.7358,,0,91.5,0.1418,3.1408,,,0,低,59,0,逃1%,26,0,78,1.025,0.7143,,,,,0.0143,0,0.0571,◎,,B,◎,,,0.677,,0.5898,S,82,0,◎1着固定 2-3着流し（5〜8点）,0.5777,"{'is_target': True, 'verdict': '点数絞り', 'max_combo_prob': 0.1142, 'est_top_odds': 11.7, 'circle_concentration': 71.6, 'eligible_count': 6, 'bet_adj': 0, 'reason': 'rel_win1=68.7%（本命度） / 最有力組み合わせ確率: 0.114（推定実オッズ?12倍） / 2着集中度: 上位2艇 71.6%（補正+0.04） / 総合判定確率: 0.154 / → ヒモはやや固め。上位2艇以外を切ること', 'tenji_trigger': '展示確認: 1号艇伸び良→そのまま採用。悪→飛び組に差し替え。circle_pct上位2艇に絞り込むこと。'}",,,26,逃げ狙い,17.73,22.6,2,,,,,0,0,0.7559,0,,逃げ軸流し,A
2025-12-12,丸亀,8,2,秋山広一,A2,48.48,2,○,15.3358,52.5,87,76.8,0.1448,2.9464,,,0,低,90,0,差0%,13,0,30.6,0.734,0,0.1364,0.0455,0,0,0,0.168,0.168,,,A,○,,0.2985,0.651,,0.5898,S,82,0,◎1着固定 2-3着流し（5〜8点）,0.5777,"{'is_target': True, 'verdict': '点数絞り', 'max_combo_prob': 0.1142, 'est_top_odds': 11.7, 'circle_concentration': 71.6, 'eligible_count': 6, 'bet_adj': 0, 'reason': 'rel_win1=68.7%（本命度） / 最有力組み合わせ確率: 0.114（推定実オッズ?12倍） / 2着集中度: 上位2艇 71.6%（補正+0.04） / 総合判定確率: 0.154 / → ヒモはやや固め。上位2艇以外を切ること', 'tenji_trigger': '展示確認: 1号艇伸び良→そのまま採用。悪→飛び組に差し替え。circle_pct上位2艇に絞り込むこと。'}",,,26,逃げ狙い,17.73,22.6,2,,,,,,,,,,,
2025-12-12,丸亀,8,3,藤田美代,B1,37.68,3,,6.2888,16.9,100,41.9,0.1797,3.7903,,,0,低,85,0,抜0%,66,0,25.2,0.7669,0,0,0,0,0.0833,0.04,0.4,0.04,,,D,,,0.1348,0.564,,0.5898,S,82,0,◎1着固定 2-3着流し（5〜8点）,0.5777,"{'is_target': True, 'verdict': '点数絞り', 'max_combo_prob': 0.1142, 'est_top_odds': 11.7, 'circle_concentration': 71.6, 'eligible_count': 6, 'bet_adj': 0, 'reason': 'rel_win1=68.7%（本命度） / 最有力組み合わせ確率: 0.114（推定実オッズ?12倍） / 2着集中度: 上位2艇 71.6%（補正+0.04） / 総合判定確率: 0.154 / → ヒモはやや固め。上位2艇以外を切ること', 'tenji_trigger': '展示確認: 1号艇伸び良→そのまま採用。悪→飛び組に差し替え。circle_pct上位2艇に絞り込むこと。'}",,,26,逃げ狙い,17.73,22.6,2,,,,,,,,,,,
2025-12-12,丸亀,8,4,赤羽克也,A2,45.31,4,▲,5.6928,19.1,90,58.8,0.1621,3.4926,,,0,低,137,0,ま0%,44,0,87.4,1.5196,0,0,0.0667,0,0,0.2828,0.1885,0.0138,,,C,△,◎,0.2124,0.633,0.2758,0.5898,S,82,0,◎1着固定 2-3着流し（5〜8点）,0.5777,"{'is_target': True, 'verdict': '点数絞り', 'max_combo_prob': 0.1142, 'est_top_odds': 11.7, 'circle_concentration': 71.6, 'eligible_count': 6, 'bet_adj': 0, 'reason': 'rel_win1=68.7%（本命度） / 最有力組み合わせ確率: 0.114（推定実オッズ?12倍） / 2着集中度: 上位2艇 71.6%（補正+0.04） / 総合判定確率: 0.154 / → ヒモはやや固め。上位2艇以外を切ること', 'tenji_trigger': '展示確認: 1号艇伸び良→そのまま採用。悪→飛び組に差し替え。circle_pct上位2艇に絞り込むこと。'}",,,26,逃げ狙い,17.73,22.6,2,,,,,,,,,,,
2025-12-12,丸亀,8,5,中本大樹,B1,43.08,5,,2.5392,6.6,77,31.6,0.1739,3.3158,,,0,低,68,0,ま0%,5,0,47.1,0.9102,0,0,0.0625,0,0,0.25,0.1667,0.0833,,,C,,,0.1908,0.5725,,0.5898,S,82,0,◎1着固定 2-3着流し（5〜8点）,0.5777,"{'is_target': True, 'verdict': '点数絞り', 'max_combo_prob': 0.1142, 'est_top_odds': 11.7, 'circle_concentration': 71.6, 'eligible_count': 6, 'bet_adj': 0, 'reason': 'rel_win1=68.7%（本命度） / 最有力組み合わせ確率: 0.114（推定実オッズ?12倍） / 2着集中度: 上位2艇 71.6%（補正+0.04） / 総合判定確率: 0.154 / → ヒモはやや固め。上位2艇以外を切ること', 'tenji_trigger': '展示確認: 1号艇伸び良→そのまま採用。悪→飛び組に差し替え。circle_pct上位2艇に絞り込むこと。'}",,,26,逃げ狙い,17.73,22.6,2,,,,,,,,,,,
2025-12-12,丸亀,8,6,渡邊裕貴,B1,41.94,6,△,1.4077,4.9,49,22,0.1552,3.71,,,0,低,99,0,-,1,0,24.1,0.5325,,,,,,0,0.2311,0.1644,,,D,△,,0.2698,0.6215,,0.5898,S,82,0,◎1着固定 2-3着流し（5〜8点）,0.5777,"{'is_target': True, 'verdict': '点数絞り', 'max_combo_prob': 0.1142, 'est_top_odds': 11.7, 'circle_concentration': 71.6, 'eligible_count': 6, 'bet_adj': 0, 'reason': 'rel_win1=68.7%（本命度） / 最有力組み合わせ確率: 0.114（推定実オッズ?12倍） / 2着集中度: 上位2艇 71.6%（補正+0.04） / 総合判定確率: 0.154 / → ヒモはやや固め。上位2艇以外を切ること', 'tenji_trigger': '展示確認: 1号艇伸び良→そのまま採用。悪→飛び組に差し替え。circle_pct上位2艇に絞り込むこと。'}",,,26,逃げ狙い,17.73,22.6,2,,,,,,,,,,,
2025-12-12,丸亀,9,1,吉田俊彦,A2,39.06,1,◎,60.3696,,0,90.6,0.1467,2.8984,,,0,低,80,0,逃1%,34,0,81,0.9897,0.6176,,,,,0.0953,0,0.2259,◎,,B,△,,,0.6545,,0.5609,S,80,0,◎1着固定 2-3着流し（5〜8点）,0.5777,"{'is_target': True, 'verdict': '点数絞り', 'max_combo_prob': 0.1103, 'est_top_odds': 12.1, 'circle_concentration': 79.3, 'eligible_count': 6, 'bet_adj': 0, 'reason': 'rel_win1=60.4%（本命度） / 最有力組み合わせ確率: 0.110（推定実オッズ?12倍） / 2着集中度: 上位2艇 79.3%（補正+0.04） / 総合判定確率: 0.150 / → ヒモはやや固め。上位2艇以外を切ること', 'tenji_trigger': '展示確認: 1号艇伸び良→そのまま採用。悪→飛び組に差し替え。circle_pct上位2艇に絞り込むこと。'}",,,27,逃げ狙い,15.94,27.1,2,,,,,0,0,0.7559,0,,逃げ軸流し,A
2025-12-12,丸亀,9,2,北村征嗣,A1,38.46,2,○,20.7072,59.7,94,81,0.1493,3.5,,,0,低,114,0,差0% ま0% 抜0%,11,0,83,1.3671,0,0.2727,0.0909,0,0.0455,0.0186,0.1742,0.0825,,◎,B,△,,0.3478,0.656,,0.5609,S,80,0,◎1着固定 2-3着流し（5〜8点）,0.5777,"{'is_target': True, 'verdict': '点数絞り', 'max_combo_prob': 0.1103, 'est_top_odds': 12.1, 'circle_concentration': 79.3, 'eligible_count': 6, 'bet_adj': 0, 'reason': 'rel_win1=60.4%（本命度） / 最有力組み合わせ確率: 0.110（推定実オッズ?12倍） / 2着集中度: 上位2艇 79.3%（補正+0.04） / 総合判定確率: 0.150 / → ヒモはやや固め。上位2艇以外を切ること', 'tenji_trigger': '展示確認: 1号艇伸び良→そのまま採用。悪→飛び組に差し替え。circle_pct上位2艇に絞り込むこと。'}",,,27,逃げ狙い,15.94,27.1,2,,,,,,,,,,,
2025-12-12,丸亀,9,3,池　千夏,B1,22.41,3,△,8.6202,19.5,81,21.4,0.1379,2.5,,,0,低,8,1,差ま0%,4,0,51.9,0.6227,0,0,0,0.0714,0,0,0.3714,0.3143,,,D,◎,,0.3351,0.7065,,0.5609,S,80,0,◎1着固定 2-3着流し（5〜8点）,0.5777,"{'is_target': True, 'verdict': '点数絞り', 'max_combo_prob': 0.1103, 'est_top_odds': 12.1, 'circle_concentration': 79.3, 'eligible_count': 6, 'bet_adj': 0, 'reason': 'rel_win1=60.4%（本命度） / 最有力組み合わせ確率: 0.110（推定実オッズ?12倍） / 2着集中度: 上位2艇 79.3%（補正+0.04） / 総合判定確率: 0.150 / → ヒモはやや固め。上位2艇以外を切ること', 'tenji_trigger': '展示確認: 1号艇伸び良→そのまま採用。悪→飛び組に差し替え。circle_pct上位2艇に絞り込むこと。'}",,,27,逃げ狙い,15.94,27.1,2,,,,,,,,,,,
2025-12-12,丸亀,9,4,金子順一,B1,15.38,4,,3.5019,5.8,73,21,0.1985,4.3387,,,0,低,148,0,-,6,0,17.5,0.5717,0,0,0,0.0333,0,0.38,0.18,0.064,,,E,,,0.1061,0.6315,,0.5609,S,80,0,◎1着固定 2-3着流し（5〜8点）,0.5777,"{'is_target': True, 'verdict': '点数絞り', 'max_combo_prob': 0.1103, 'est_top_odds': 12.1, 'circle_concentration': 79.3, 'eligible_count': 6, 'bet_adj': 0, 'reason': 'rel_win1=60.4%（本命度） / 最有力組み合わせ確率: 0.110（推定実オッズ?12倍） / 2着集中度: 上位2艇 79.3%（補正+0.04） / 総合判定確率: 0.150 / → ヒモはやや固め。上位2艇以外を切ること', 'tenji_trigger': '展示確認: 1号艇伸び良→そのまま採用。悪→飛び組に差し替え。circle_pct上位2艇に絞り込むこと。'}",,,27,逃げ狙い,15.94,27.1,2,,,,,,,,,,,
2025-12-12,丸亀,9,5,上之晃弘,B1,47.76,5,▲,4.4082,11.6,73,26.2,0.1625,3.582,,,0,低,123,0,-,16,0,26.9,0.9,0,0,0,0.0833,0,0.0545,0.0727,0.2045,,,A,○,,0.2445,0.659,,0.5609,S,80,0,◎1着固定 2-3着流し（5〜8点）,0.5777,"{'is_target': True, 'verdict': '点数絞り', 'max_combo_prob': 0.1103, 'est_top_odds': 12.1, 'circle_concentration': 79.3, 'eligible_count': 6, 'bet_adj': 0, 'reason': 'rel_win1=60.4%（本命度） / 最有力組み合わせ確率: 0.110（推定実オッズ?12倍） / 2着集中度: 上位2艇 79.3%（補正+0.04） / 総合判定確率: 0.150 / → ヒモはやや固め。上位2艇以外を切ること', 'tenji_trigger': '展示確認: 1号艇伸び良→そのまま採用。悪→飛び組に差し替え。circle_pct上位2艇に絞り込むこと。'}",,,27,逃げ狙い,15.94,27.1,2,,,,,,,,,,,
2025-12-12,丸亀,9,6,佐竹恒彦,A2,21.82,6,,2.3929,3.3,100,30.2,0.2026,5.0233,,,0,低,110,0,-,33,0,65.3,1.2319,,,,,,0.032,0.2514,0.2194,,,E,,,0.1374,0.6025,,0.5609,S,80,0,◎1着固定 2-3着流し（5〜8点）,0.5777,"{'is_target': True, 'verdict': '点数絞り', 'max_combo_prob': 0.1103, 'est_top_odds': 12.1, 'circle_concentration': 79.3, 'eligible_count': 6, 'bet_adj': 0, 'reason': 'rel_win1=60.4%（本命度） / 最有力組み合わせ確率: 0.110（推定実オッズ?12倍） / 2着集中度: 上位2艇 79.3%（補正+0.04） / 総合判定確率: 0.150 / → ヒモはやや固め。上位2艇以外を切ること', 'tenji_trigger': '展示確認: 1号艇伸び良→そのまま採用。悪→飛び組に差し替え。circle_pct上位2艇に絞り込むこと。'}",,,27,逃げ狙い,15.94,27.1,2,,,,,,,,,,,
2025-12-12,丸亀,10,1,向井美鈴,A2,43.75,1,◎,61.4685,,0,90.6,0.1578,3.0391,,,0,低,136,0,逃1%,25,0,58.7,0.9932,0.68,,,,,0.264,0.048,0.116,◎,,A,△,,,0.604,,0.4534,S,81,0,◎1着固定 2-3着流し（5〜8点）,0.5777,"{'is_target': True, 'verdict': '参加推奨', 'max_combo_prob': 0.0732, 'est_top_odds': 18.2, 'circle_concentration': 68.4, 'eligible_count': 6, 'bet_adj': 2, 'reason': 'rel_win1=61.5%（本命度） / 最有力組み合わせ確率: 0.073（推定実オッズ?18倍） / 2着集中度: 上位2艇 68.4%（補正+0.00） / 総合判定確率: 0.073 / → ヒモ分散。1号艇1着固定で広めのヒモ流し推奨（買い目+2点）', 'tenji_trigger': '展示確認: ヒモ分散レース。1号艇伸び確認後、広めのヒモ流しを採用。穴ヒモ（5・6号艇）を積極的に含める。'}",,,30.9,逃げ狙い,21.9,33,2,,,,,0,0,0.7559,0,,逃げ軸流し,A
2025-12-12,丸亀,10,2,國分将太,B1,36.36,2,○,11.5768,35,79,56.5,0.1602,3.337,,,0,低,111,0,ま0%,5,0,38.8,0.9207,0,0,0.0625,0,0,0,0.6154,0,,,C,,,0.2838,0.585,,0.4534,S,81,0,◎1着固定 2-3着流し（5〜8点）,0.5777,"{'is_target': True, 'verdict': '参加推奨', 'max_combo_prob': 0.0732, 'est_top_odds': 18.2, 'circle_concentration': 68.4, 'eligible_count': 6, 'bet_adj': 2, 'reason': 'rel_win1=61.5%（本命度） / 最有力組み合わせ確率: 0.073（推定実オッズ?18倍） / 2着集中度: 上位2艇 68.4%（補正+0.00） / 総合判定確率: 0.073 / → ヒモ分散。1号艇1着固定で広めのヒモ流し推奨（買い目+2点）', 'tenji_trigger': '展示確認: ヒモ分散レース。1号艇伸び確認後、広めのヒモ流しを採用。穴ヒモ（5・6号艇）を積極的に含める。'}",,,30.9,逃げ狙い,21.9,33,2,,,,,,,,,,,
2025-12-12,丸亀,10,3,山田晃大,A1,27.69,3,△,13.6945,33.4,87,70.8,0.1225,2.2923,,,0,低,63,0,-,S5,0,28.7,0.9458,0,0,0.0698,0.093,0,0.0089,0.1911,0.1822,,◎,E,○,,0.4782,0.655,,0.4534,S,81,0,◎1着固定 2-3着流し（5〜8点）,0.5777,"{'is_target': True, 'verdict': '参加推奨', 'max_combo_prob': 0.0732, 'est_top_odds': 18.2, 'circle_concentration': 68.4, 'eligible_count': 6, 'bet_adj': 2, 'reason': 'rel_win1=61.5%（本命度） / 最有力組み合わせ確率: 0.073（推定実オッズ?18倍） / 2着集中度: 上位2艇 68.4%（補正+0.00） / 総合判定確率: 0.073 / → ヒモ分散。1号艇1着固定で広めのヒモ流し推奨（買い目+2点）', 'tenji_trigger': '展示確認: ヒモ分散レース。1号艇伸び確認後、広めのヒモ流しを採用。穴ヒモ（5・6号艇）を積極的に含める。'}",,,30.9,逃げ狙い,21.9,33,2,,,,,,,,,,,
2025-12-12,丸亀,10,4,伊藤喜智,B1,30.88,4,,8.4403,10,100,52.8,0.1625,3.5556,,,0,低,184,0,-,4,0,100,2.5868,0,0,0.0323,0,0,0.2075,0.1379,0.0174,,,D,△,◎,0.2633,0.646,0.3084,0.4534,S,81,0,◎1着固定 2-3着流し（5〜8点）,0.5777,"{'is_target': True, 'verdict': '参加推奨', 'max_combo_prob': 0.0732, 'est_top_odds': 18.2, 'circle_concentration': 68.4, 'eligible_count': 6, 'bet_adj': 2, 'reason': 'rel_win1=61.5%（本命度） / 最有力組み合わせ確率: 0.073（推定実オッズ?18倍） / 2着集中度: 上位2艇 68.4%（補正+0.00） / 総合判定確率: 0.073 / → ヒモ分散。1号艇1着固定で広めのヒモ流し推奨（買い目+2点）', 'tenji_trigger': '展示確認: ヒモ分散レース。1号艇伸び確認後、広めのヒモ流しを採用。穴ヒモ（5・6号艇）を積極的に含める。'}",,,30.9,逃げ狙い,21.9,33,2,,,,,,,,,,,
2025-12-12,丸亀,10,5,前田　翔,A1,41.27,5,▲,3.8536,18.6,85,65.6,0.1644,3.7188,,,0,低,48,0,-,21,0,80.2,1.6579,,,,,,0.0952,0.0476,0.0952,,,B,◎,,0.2927,0.6585,,0.4534,S,81,0,◎1着固定 2-3着流し（5〜8点）,0.5777,"{'is_target': True, 'verdict': '参加推奨', 'max_combo_prob': 0.0732, 'est_top_odds': 18.2, 'circle_concentration': 68.4, 'eligible_count': 6, 'bet_adj': 2, 'reason': 'rel_win1=61.5%（本命度） / 最有力組み合わせ確率: 0.073（推定実オッズ?18倍） / 2着集中度: 上位2艇 68.4%（補正+0.00） / 総合判定確率: 0.073 / → ヒモ分散。1号艇1着固定で広めのヒモ流し推奨（買い目+2点）', 'tenji_trigger': '展示確認: ヒモ分散レース。1号艇伸び確認後、広めのヒモ流しを採用。穴ヒモ（5・6号艇）を積極的に含める。'}",,,30.9,逃げ狙い,21.9,33,2,,,,,,,,,,,
2025-12-12,丸亀,10,6,川上清人,B1,35.09,6,,0.9662,3,22,10.6,0.1923,4.4574,,,0,低,150,0,-,4,0,30.8,1.0522,,,,,,0.3733,0.0381,0.1962,,,C,,,0.2002,0.595,,0.4534,S,81,0,◎1着固定 2-3着流し（5〜8点）,0.5777,"{'is_target': True, 'verdict': '参加推奨', 'max_combo_prob': 0.0732, 'est_top_odds': 18.2, 'circle_concentration': 68.4, 'eligible_count': 6, 'bet_adj': 2, 'reason': 'rel_win1=61.5%（本命度） / 最有力組み合わせ確率: 0.073（推定実オッズ?18倍） / 2着集中度: 上位2艇 68.4%（補正+0.00） / 総合判定確率: 0.073 / → ヒモ分散。1号艇1着固定で広めのヒモ流し推奨（買い目+2点）', 'tenji_trigger': '展示確認: ヒモ分散レース。1号艇伸び確認後、広めのヒモ流しを採用。穴ヒモ（5・6号艇）を積極的に含める。'}",,,30.9,逃げ狙い,21.9,33,2,,,,,,,,,,,
2025-12-12,丸亀,11,1,柴田　光,A1,50.79,1,◎,69.3983,,0,90.8,0.1585,3.2077,,,0,低,58,0,逃1%,22,0,90.5,1.2054,0.6154,,,,,0,0.1538,0.1154,◎,,A,△,,,0.6475,,0.497,S,86,0,◎1着固定 2-3着流し（5〜8点）,0.5777,"{'is_target': True, 'verdict': '点数絞り', 'max_combo_prob': 0.1208, 'est_top_odds': 11.0, 'circle_concentration': 66.8, 'eligible_count': 6, 'bet_adj': 0, 'reason': 'rel_win1=69.4%（本命度） / 最有力組み合わせ確率: 0.121（推定実オッズ?11倍） / 2着集中度: 上位2艇 66.8%（補正+0.00） / 総合判定確率: 0.121 / → ヒモはやや固め。上位2艇以外を切ること', 'tenji_trigger': '展示確認: 1号艇伸び良→そのまま採用。悪→飛び組に差し替え。circle_pct上位2艇に絞り込むこと。'}",,,26.4,逃げ狙い,13.32,27.5,2,,,,,0,0,0.7559,0,,逃げ軸流し,A
2025-12-12,丸亀,11,2,赤坂俊輔,A1,15.52,2,△,12.7392,44.4,78,76,0.1526,2.67,,,0,低,76,0,-,44,0,52.9,1.0645,0,0,0,0,0.0417,0.0095,0.1321,0.0286,,○,E,○,,0.3865,0.668,,0.497,S,86,0,◎1着固定 2-3着流し（5〜8点）,0.5777,"{'is_target': True, 'verdict': '点数絞り', 'max_combo_prob': 0.1208, 'est_top_odds': 11.0, 'circle_concentration': 66.8, 'eligible_count': 6, 'bet_adj': 0, 'reason': 'rel_win1=69.4%（本命度） / 最有力組み合わせ確率: 0.121（推定実オッズ?11倍） / 2着集中度: 上位2艇 66.8%（補正+0.00） / 総合判定確率: 0.121 / → ヒモはやや固め。上位2艇以外を切ること', 'tenji_trigger': '展示確認: 1号艇伸び良→そのまま採用。悪→飛び組に差し替え。circle_pct上位2艇に絞り込むこと。'}",,,26.4,逃げ狙い,13.32,27.5,2,,,,,,,,,,,
2025-12-12,丸亀,11,3,間嶋仁志,A2,20.00,3,,8.5098,19.9,81,49.2,0.1914,3.8923,,,0,低,136,0,-,5,0,70.5,0.7235,0,0,0.0323,0.0323,0,0.048,0.048,0.412,,,D,,,0.1171,0.6285,,0.497,S,86,0,◎1着固定 2-3着流し（5〜8点）,0.5777,"{'is_target': True, 'verdict': '点数絞り', 'max_combo_prob': 0.1208, 'est_top_odds': 11.0, 'circle_concentration': 66.8, 'eligible_count': 6, 'bet_adj': 0, 'reason': 'rel_win1=69.4%（本命度） / 最有力組み合わせ確率: 0.121（推定実オッズ?11倍） / 2着集中度: 上位2艇 66.8%（補正+0.00） / 総合判定確率: 0.121 / → ヒモはやや固め。上位2艇以外を切ること', 'tenji_trigger': '展示確認: 1号艇伸び良→そのまま採用。悪→飛び組に差し替え。circle_pct上位2艇に絞り込むこと。'}",,,26.4,逃げ狙い,13.32,27.5,2,,,,,,,,,,,
2025-12-12,丸亀,11,4,宮崎　奨,A2,29.85,4,▲,5.0329,22.4,100,70.2,0.1772,3.694,,,0,低,134,0,-,31,0,45.8,0.9453,0,0,0,0.0333,0,0.0343,0.1571,0.2686,,,B,△,,0.2095,0.658,,0.497,S,86,0,◎1着固定 2-3着流し（5〜8点）,0.5777,"{'is_target': True, 'verdict': '点数絞り', 'max_combo_prob': 0.1208, 'est_top_odds': 11.0, 'circle_concentration': 66.8, 'eligible_count': 6, 'bet_adj': 0, 'reason': 'rel_win1=69.4%（本命度） / 最有力組み合わせ確率: 0.121（推定実オッズ?11倍） / 2着集中度: 上位2艇 66.8%（補正+0.00） / 総合判定確率: 0.121 / → ヒモはやや固め。上位2艇以外を切ること', 'tenji_trigger': '展示確認: 1号艇伸び良→そのまま採用。悪→飛び組に差し替え。circle_pct上位2艇に絞り込むこと。'}",,,26.4,逃げ狙い,13.32,27.5,2,,,,,,,,,,,
2025-12-12,丸亀,11,5,富永夏哉,B1,21.43,5,,2.8438,9.6,34,25.6,0.201,4.3333,,,0,低,104,0,-,5,0,24.9,0.6029,,,,,,0.04,0.28,0,,,D,,,0.1787,0.5565,,0.497,S,86,0,◎1着固定 2-3着流し（5〜8点）,0.5777,"{'is_target': True, 'verdict': '点数絞り', 'max_combo_prob': 0.1208, 'est_top_odds': 11.0, 'circle_concentration': 66.8, 'eligible_count': 6, 'bet_adj': 0, 'reason': 'rel_win1=69.4%（本命度） / 最有力組み合わせ確率: 0.121（推定実オッズ?11倍） / 2着集中度: 上位2艇 66.8%（補正+0.00） / 総合判定確率: 0.121 / → ヒモはやや固め。上位2艇以外を切ること', 'tenji_trigger': '展示確認: 1号艇伸び良→そのまま採用。悪→飛び組に差し替え。circle_pct上位2艇に絞り込むこと。'}",,,26.4,逃げ狙い,13.32,27.5,2,,,,,,,,,,,
2025-12-12,丸亀,11,6,吉村　誠,A2,26.56,6,○,1.476,3.7,40,33.8,0.1247,2.9118,,,0,低,86,0,-,21,0,24.9,1.4053,,,,,,0.0098,0.0195,0.1735,,◎,C,◎,,0.4175,0.675,,0.497,S,86,0,◎1着固定 2-3着流し（5〜8点）,0.5777,"{'is_target': True, 'verdict': '点数絞り', 'max_combo_prob': 0.1208, 'est_top_odds': 11.0, 'circle_concentration': 66.8, 'eligible_count': 6, 'bet_adj': 0, 'reason': 'rel_win1=69.4%（本命度） / 最有力組み合わせ確率: 0.121（推定実オッズ?11倍） / 2着集中度: 上位2艇 66.8%（補正+0.00） / 総合判定確率: 0.121 / → ヒモはやや固め。上位2艇以外を切ること', 'tenji_trigger': '展示確認: 1号艇伸び良→そのまま採用。悪→飛び組に差し替え。circle_pct上位2艇に絞り込むこと。'}",,,26.4,逃げ狙い,13.32,27.5,2,,,,,,,,,,,
2025-12-12,丸亀,12,1,川野芽唯,A1,53.97,1,◎,61.5193,,0,88.9,0.1722,3.8472,,,0,低,72,0,逃0%,33,0,64,0.9787,0.8333,,,,,0,0.0556,0.0556,○,,A,,,,0.625,,0.4005,S,90,0,◎1着固定 2-3着流し（5〜8点）,0.5777,"{'is_target': True, 'verdict': '参加推奨', 'max_combo_prob': 0.0804, 'est_top_odds': 16.6, 'circle_concentration': 64.0, 'eligible_count': 6, 'bet_adj': 2, 'reason': 'rel_win1=61.5%（本命度） / 最有力組み合わせ確率: 0.080（推定実オッズ?17倍） / 2着集中度: 上位2艇 64.0%（補正+0.00） / 総合判定確率: 0.080 / → ヒモ分散。1号艇1着固定で広めのヒモ流し推奨（買い目+2点）', 'tenji_trigger': '展示確認: ヒモ分散レース。1号艇伸び確認後、広めのヒモ流しを採用。穴ヒモ（5・6号艇）を積極的に含める。'}",,,22.4,逃げ狙い,20.11,24.5,4,,,,,0,0,0.6155,0,,逃げ軸流し,A
2025-12-12,丸亀,12,2,三宅　潤,A2,58.46,2,○,9.3246,40.9,100,73.8,0.1604,3.8687,,,0,低,174,0,差0%,1,0,22.7,0.684,0,0.0732,0.0244,0,0.0244,0.0222,0.0444,0.2111,,○,A,△,,0.4321,0.6355,,0.4005,S,90,0,◎1着固定 2-3着流し（5〜8点）,0.5777,"{'is_target': True, 'verdict': '参加推奨', 'max_combo_prob': 0.0804, 'est_top_odds': 16.6, 'circle_concentration': 64.0, 'eligible_count': 6, 'bet_adj': 2, 'reason': 'rel_win1=61.5%（本命度） / 最有力組み合わせ確率: 0.080（推定実オッズ?17倍） / 2着集中度: 上位2艇 64.0%（補正+0.00） / 総合判定確率: 0.080 / → ヒモ分散。1号艇1着固定で広めのヒモ流し推奨（買い目+2点）', 'tenji_trigger': '展示確認: ヒモ分散レース。1号艇伸び確認後、広めのヒモ流しを採用。穴ヒモ（5・6号艇）を積極的に含める。'}",,,22.4,逃げ狙い,20.11,24.5,4,,,,,,,,,,,
2025-12-12,丸亀,12,3,中山　将,A2,18.33,3,,8.9516,23.1,86,62.7,0.1345,2.6078,,,0,低,86,0,差0% ま0% 差ま0%,23,0,46.1,1.1008,0,0.0455,0.1364,0.0455,0,0.0741,0.0741,0.0741,,◎,E,,,0.4827,0.62,,0.4005,S,90,0,◎1着固定 2-3着流し（5〜8点）,0.5777,"{'is_target': True, 'verdict': '参加推奨', 'max_combo_prob': 0.0804, 'est_top_odds': 16.6, 'circle_concentration': 64.0, 'eligible_count': 6, 'bet_adj': 2, 'reason': 'rel_win1=61.5%（本命度） / 最有力組み合わせ確率: 0.080（推定実オッズ?17倍） / 2着集中度: 上位2艇 64.0%（補正+0.00） / 総合判定確率: 0.080 / → ヒモ分散。1号艇1着固定で広めのヒモ流し推奨（買い目+2点）', 'tenji_trigger': '展示確認: ヒモ分散レース。1号艇伸び確認後、広めのヒモ流しを採用。穴ヒモ（5・6号艇）を積極的に含める。'}",,,22.4,逃げ狙い,20.11,24.5,4,,,,,,,,,,,
2025-12-12,丸亀,12,4,木場雄二,B1,35.48,4,△,9.0827,10.3,54,41.7,0.1622,3.6917,,,0,低,139,0,ま0%,3,0,45,0.9698,0,0,0.1429,0,0,0.1508,0.0615,0.0154,,,D,◎,○,0.3552,0.6955,0.199,0.4005,S,90,0,◎1着固定 2-3着流し（5〜8点）,0.5777,"{'is_target': True, 'verdict': '参加推奨', 'max_combo_prob': 0.0804, 'est_top_odds': 16.6, 'circle_concentration': 64.0, 'eligible_count': 6, 'bet_adj': 2, 'reason': 'rel_win1=61.5%（本命度） / 最有力組み合わせ確率: 0.080（推定実オッズ?17倍） / 2着集中度: 上位2艇 64.0%（補正+0.00） / 総合判定確率: 0.080 / → ヒモ分散。1号艇1着固定で広めのヒモ流し推奨（買い目+2点）', 'tenji_trigger': '展示確認: ヒモ分散レース。1号艇伸び確認後、広めのヒモ流しを採用。穴ヒモ（5・6号艇）を積極的に含める。'}",,,22.4,逃げ狙い,20.11,24.5,4,,,,,,,,,,,
2025-12-12,丸亀,12,5,古結　宏,A1,46.77,5,▲,8.8251,21.4,47,58,0.1378,2.59,,,0,低,59,0,差ま0% 抜0%,26,0,92.7,1.7083,0,0,0,0.0952,0.0476,0.0143,0,0.0571,,△,B,○,◎,0.4025,0.677,0.4013,0.4005,S,90,0,◎1着固定 2-3着流し（5〜8点）,0.5777,"{'is_target': True, 'verdict': '参加推奨', 'max_combo_prob': 0.0804, 'est_top_odds': 16.6, 'circle_concentration': 64.0, 'eligible_count': 6, 'bet_adj': 2, 'reason': 'rel_win1=61.5%（本命度） / 最有力組み合わせ確率: 0.080（推定実オッズ?17倍） / 2着集中度: 上位2艇 64.0%（補正+0.00） / 総合判定確率: 0.080 / → ヒモ分散。1号艇1着固定で広めのヒモ流し推奨（買い目+2点）', 'tenji_trigger': '展示確認: ヒモ分散レース。1号艇伸び確認後、広めのヒモ流しを採用。穴ヒモ（5・6号艇）を積極的に含める。'}",,,22.4,逃げ狙い,20.11,24.5,4,,,,,,,,,,,
2025-12-12,丸亀,12,6,中村　尊,A2,26.87,6,,2.2967,4.3,82,38.5,0.166,3.6923,,,0,低,55,0,-,42,0,44.9,1.0172,0,0,0,0,0.0357,0.24,0.04,0.0667,,,E,△,,0.3317,0.6655,,0.4005,S,90,0,◎1着固定 2-3着流し（5〜8点）,0.5777,"{'is_target': True, 'verdict': '参加推奨', 'max_combo_prob': 0.0804, 'est_top_odds': 16.6, 'circle_concentration': 64.0, 'eligible_count': 6, 'bet_adj': 2, 'reason': 'rel_win1=61.5%（本命度） / 最有力組み合わせ確率: 0.080（推定実オッズ?17倍） / 2着集中度: 上位2艇 64.0%（補正+0.00） / 総合判定確率: 0.080 / → ヒモ分散。1号艇1着固定で広めのヒモ流し推奨（買い目+2点）', 'tenji_trigger': '展示確認: ヒモ分散レース。1号艇伸び確認後、広めのヒモ流しを採用。穴ヒモ（5・6号艇）を積極的に含める。'}",,,22.4,逃げ狙い,20.11,24.5,4,,,,,,,,,,,
2025-12-13,丸亀,1,1,原村拓也,B1,28.79,1,◎,64.4103,,0,71.1,0.1676,3.6222,,,0,低,159,0,逃1%,335,0,64.2,1.0175,0.35,,,,,0.3114,0.1257,0.02,○,,D,,,,0.5855,,0.3533,B,59,0,◎○△フォーメーション（15〜20点）,0.5777,"{'is_target': True, 'verdict': '点数絞り', 'max_combo_prob': 0.0917, 'est_top_odds': 14.5, 'circle_concentration': 79.4, 'eligible_count': 9, 'bet_adj': 0, 'reason': 'rel_win1=64.4%（本命度） / 最有力組み合わせ確率: 0.092（推定実オッズ?14倍） / 2着集中度: 上位2艇 79.4%（補正+0.04） / 総合判定確率: 0.132 / → ヒモはやや固め。上位2艇以外を切ること', 'tenji_trigger': '展示確認: 1号艇伸び良→そのまま採用。悪→飛び組に差し替え。circle_pct上位2艇に絞り込むこと。'}",,,29.9,両建て推奨,15.2,36,3,,,,,0,0,0.6155,0,,逃げ軸流し,A
2025-12-13,丸亀,1,2,上之晃弘,B1,47.76,2,○,10.0458,40.3,84,54.8,0.1585,3.379,,,0,低,123,0,-,164,0,46.9,1.0564,0,0,0.0385,0,0,0.0545,0.0727,0.2045,,◎,B,○,,0.4416,0.659,,0.3533,B,59,0,◎○△フォーメーション（15〜20点）,0.5777,"{'is_target': True, 'verdict': '点数絞り', 'max_combo_prob': 0.0917, 'est_top_odds': 14.5, 'circle_concentration': 79.4, 'eligible_count': 9, 'bet_adj': 0, 'reason': 'rel_win1=64.4%（本命度） / 最有力組み合わせ確率: 0.092（推定実オッズ?14倍） / 2着集中度: 上位2艇 79.4%（補正+0.04） / 総合判定確率: 0.132 / → ヒモはやや固め。上位2艇以外を切ること', 'tenji_trigger': '展示確認: 1号艇伸び良→そのまま採用。悪→飛び組に差し替え。circle_pct上位2艇に絞り込むこと。'}",,,29.9,両建て推奨,15.2,36,3,,,,,,,,,,,
2025-12-13,丸亀,1,3,花田凱成,B2,43.55,3,▲,9.213,39.1,76,46,0.1489,3.6216,,,0,低,83,0,-,5 1,0,34.5,0.876,,,,,,0.2731,0.5731,0.0308,,○,B,△,,0.4374,0.623,,0.3533,B,59,0,◎○△フォーメーション（15〜20点）,0.5777,"{'is_target': True, 'verdict': '点数絞り', 'max_combo_prob': 0.0917, 'est_top_odds': 14.5, 'circle_concentration': 79.4, 'eligible_count': 9, 'bet_adj': 0, 'reason': 'rel_win1=64.4%（本命度） / 最有力組み合わせ確率: 0.092（推定実オッズ?14倍） / 2着集中度: 上位2艇 79.4%（補正+0.04） / 総合判定確率: 0.132 / → ヒモはやや固め。上位2艇以外を切ること', 'tenji_trigger': '展示確認: 1号艇伸び良→そのまま採用。悪→飛び組に差し替え。circle_pct上位2艇に絞り込むこと。'}",,,29.9,両建て推奨,15.2,36,3,,,,,,,,,,,
2025-12-13,丸亀,1,4,森　陽多,B1,39.68,4,,8.0192,7.5,51,4,0.192,4.12,,,0,低,64,0,-,6 56,0,20.7,0.653,,,,,,0,0.4,0.2,,,C,,,0.234,0.472,,0.3533,B,59,0,◎○△フォーメーション（15〜20点）,0.5777,"{'is_target': True, 'verdict': '点数絞り', 'max_combo_prob': 0.0917, 'est_top_odds': 14.5, 'circle_concentration': 79.4, 'eligible_count': 9, 'bet_adj': 0, 'reason': 'rel_win1=64.4%（本命度） / 最有力組み合わせ確率: 0.092（推定実オッズ?14倍） / 2着集中度: 上位2艇 79.4%（補正+0.04） / 総合判定確率: 0.132 / → ヒモはやや固め。上位2艇以外を切ること', 'tenji_trigger': '展示確認: 1号艇伸び良→そのまま採用。悪→飛び組に差し替え。circle_pct上位2艇に絞り込むこと。'}",,,29.9,両建て推奨,15.2,36,3,,,,,,,,,,,
2025-12-13,丸亀,1,5,池　千夏,B1,22.41,5,,6.7218,7.8,56,22.2,0.1356,2.5556,,,0,低,8,1,-,4 25,0,33.1,0.7767,,,,,,0,0.3714,0.3143,,△,E,◎,,0.4307,0.7065,,0.3533,B,59,0,◎○△フォーメーション（15〜20点）,0.5777,"{'is_target': True, 'verdict': '点数絞り', 'max_combo_prob': 0.0917, 'est_top_odds': 14.5, 'circle_concentration': 79.4, 'eligible_count': 9, 'bet_adj': 0, 'reason': 'rel_win1=64.4%（本命度） / 最有力組み合わせ確率: 0.092（推定実オッズ?14倍） / 2着集中度: 上位2艇 79.4%（補正+0.04） / 総合判定確率: 0.132 / → ヒモはやや固め。上位2艇以外を切ること', 'tenji_trigger': '展示確認: 1号艇伸び良→そのまま採用。悪→飛び組に差し替え。circle_pct上位2艇に絞り込むこと。'}",,,29.9,両建て推奨,15.2,36,3,,,,,,,,,,,
2025-12-13,丸亀,1,6,松村康太,A2,48.48,6,△,1.5898,5.3,100,45.2,0.1895,4.1935,,,0,低,166,0,-,341,0,100,2.1622,,,,,,0.22,0.1756,0.2689,,,A,△,,0.2592,0.6195,,0.3533,B,59,0,◎○△フォーメーション（15〜20点）,0.5777,"{'is_target': True, 'verdict': '点数絞り', 'max_combo_prob': 0.0917, 'est_top_odds': 14.5, 'circle_concentration': 79.4, 'eligible_count': 9, 'bet_adj': 0, 'reason': 'rel_win1=64.4%（本命度） / 最有力組み合わせ確率: 0.092（推定実オッズ?14倍） / 2着集中度: 上位2艇 79.4%（補正+0.04） / 総合判定確率: 0.132 / → ヒモはやや固め。上位2艇以外を切ること', 'tenji_trigger': '展示確認: 1号艇伸び良→そのまま採用。悪→飛び組に差し替え。circle_pct上位2艇に絞り込むこと。'}",,,29.9,両建て推奨,15.2,36,3,,,,,,,,,,,
2025-12-13,丸亀,2,1,高橋直哉,B1,47.62,1,◎,46.0563,,0,78.2,0.1664,3.1182,,,0,低,172,0,逃0%,153,0,59.3,0.9851,0.4167,,,,,0.05,0.2833,0.05,○,,A,,,,0.606,,0.3489,A,63,0,◎-○軸 3着3〜4艇流し（10〜15点）,0.5777,"{'is_target': True, 'verdict': '点数絞り', 'max_combo_prob': 0.0833, 'est_top_odds': 16.0, 'circle_concentration': 72.2, 'eligible_count': 8, 'bet_adj': 0, 'reason': 'rel_win1=46.1%（本命度） / 最有力組み合わせ確率: 0.083（推定実オッズ?16倍） / 2着集中度: 上位2艇 72.2%（補正+0.04） / 総合判定確率: 0.123 / → ヒモはやや固め。上位2艇以外を切ること', 'tenji_trigger': '展示確認: 1号艇伸び良→そのまま採用。悪→飛び組に差し替え。circle_pct上位2艇に絞り込むこと。'}",,,29.2,両建て推奨,18.4,31.1,2,,,,,0,0,0.6155,0,,主役軸流し,B
2025-12-13,丸亀,2,2,前田　翔,A1,41.27,2,○,24.6362,47.2,98,79.3,0.1521,2.9138,,,0,低,48,0,差0% 抜0%,2122,0,64.9,1.389,0,0.3125,0,0,0.0625,0.0952,0.0476,0.0952,,◎,C,○,,0.5253,0.6585,,0.3489,A,63,0,◎-○軸 3着3〜4艇流し（10〜15点）,0.5777,"{'is_target': True, 'verdict': '点数絞り', 'max_combo_prob': 0.0833, 'est_top_odds': 16.0, 'circle_concentration': 72.2, 'eligible_count': 8, 'bet_adj': 0, 'reason': 'rel_win1=46.1%（本命度） / 最有力組み合わせ確率: 0.083（推定実オッズ?16倍） / 2着集中度: 上位2艇 72.2%（補正+0.04） / 総合判定確率: 0.123 / → ヒモはやや固め。上位2艇以外を切ること', 'tenji_trigger': '展示確認: 1号艇伸び良→そのまま採用。悪→飛び組に差し替え。circle_pct上位2艇に絞り込むこと。'}",,,29.2,両建て推奨,18.4,31.1,2,,,,,,,,,,,
2025-12-13,丸亀,2,3,岡部大輝,B1,37.88,3,▲,14.1149,25,100,58.5,0.1423,2.7547,,,0,低,84,0,ま0% 差ま0%,124,0,46.6,1.1913,0,0,0.04,0.08,0,0.1832,0.1832,0.0211,,○,C,◎,,0.4344,0.66,,0.3489,A,63,0,◎-○軸 3着3〜4艇流し（10〜15点）,0.5777,"{'is_target': True, 'verdict': '点数絞り', 'max_combo_prob': 0.0833, 'est_top_odds': 16.0, 'circle_concentration': 72.2, 'eligible_count': 8, 'bet_adj': 0, 'reason': 'rel_win1=46.1%（本命度） / 最有力組み合わせ確率: 0.083（推定実オッズ?16倍） / 2着集中度: 上位2艇 72.2%（補正+0.04） / 総合判定確率: 0.123 / → ヒモはやや固め。上位2艇以外を切ること', 'tenji_trigger': '展示確認: 1号艇伸び良→そのまま採用。悪→飛び組に差し替え。circle_pct上位2艇に絞り込むこと。'}",,,29.2,両建て推奨,18.4,31.1,2,,,,,,,,,,,
2025-12-13,丸亀,2,4,川上清人,B1,35.09,4,,7.8715,11.7,35,30.6,0.1776,3.8163,,,0,低,150,0,-,4 53,0,45.7,1.0772,0,0,0,0.08,0,0.3733,0.0381,0.1962,,,D,,,0.2918,0.595,,0.3489,A,63,0,◎-○軸 3着3〜4艇流し（10〜15点）,0.5777,"{'is_target': True, 'verdict': '点数絞り', 'max_combo_prob': 0.0833, 'est_top_odds': 16.0, 'circle_concentration': 72.2, 'eligible_count': 8, 'bet_adj': 0, 'reason': 'rel_win1=46.1%（本命度） / 最有力組み合わせ確率: 0.083（推定実オッズ?16倍） / 2着集中度: 上位2艇 72.2%（補正+0.04） / 総合判定確率: 0.123 / → ヒモはやや固め。上位2艇以外を切ること', 'tenji_trigger': '展示確認: 1号艇伸び良→そのまま採用。悪→飛び組に差し替え。circle_pct上位2艇に絞り込むこと。'}",,,29.2,両建て推奨,18.4,31.1,2,,,,,,,,,,,
2025-12-13,丸亀,2,5,赤羽克也,A2,45.31,5,△,5.8266,14.6,80,49.2,0.1592,3.6077,,,0,低,137,0,抜0%,444,0,100,2.9681,0,0,0,0.0357,0.0357,0.2828,0.1885,0.0138,,,B,△,,0.3467,0.633,,0.3489,A,63,0,◎-○軸 3着3〜4艇流し（10〜15点）,0.5777,"{'is_target': True, 'verdict': '点数絞り', 'max_combo_prob': 0.0833, 'est_top_odds': 16.0, 'circle_concentration': 72.2, 'eligible_count': 8, 'bet_adj': 0, 'reason': 'rel_win1=46.1%（本命度） / 最有力組み合わせ確率: 0.083（推定実オッズ?16倍） / 2着集中度: 上位2艇 72.2%（補正+0.04） / 総合判定確率: 0.123 / → ヒモはやや固め。上位2艇以外を切ること', 'tenji_trigger': '展示確認: 1号艇伸び良→そのまま採用。悪→飛び組に差し替え。circle_pct上位2艇に絞り込むこと。'}",,,29.2,両建て推奨,18.4,31.1,2,,,,,,,,,,,
2025-12-13,丸亀,2,6,池田紫乃,B1,34.92,6,,1.4945,1.5,46,0,0.204,4.4667,,,0,低,61,0,-,165,0,28.4,0.7911,,,,,,0.3333,0.1667,0,,,E,△,,0.2367,0.6185,,0.3489,A,63,0,◎-○軸 3着3〜4艇流し（10〜15点）,0.5777,"{'is_target': True, 'verdict': '点数絞り', 'max_combo_prob': 0.0833, 'est_top_odds': 16.0, 'circle_concentration': 72.2, 'eligible_count': 8, 'bet_adj': 0, 'reason': 'rel_win1=46.1%（本命度） / 最有力組み合わせ確率: 0.083（推定実オッズ?16倍） / 2着集中度: 上位2艇 72.2%（補正+0.04） / 総合判定確率: 0.123 / → ヒモはやや固め。上位2艇以外を切ること', 'tenji_trigger': '展示確認: 1号艇伸び良→そのまま採用。悪→飛び組に差し替え。circle_pct上位2艇に絞り込むこと。'}",,,29.2,両建て推奨,18.4,31.1,2,,,,,,,,,,,
2025-12-13,丸亀,3,1,藤田美代,B1,37.68,1,◎,46.8439,,0,72,0.1888,3.96,,,0,低,85,0,逃0%,666,0,56.1,0.9243,0.2,,,,,0.04,0.4,0.04,△,,C,,,,0.564,,0.2294,B,56,0,◎○△フォーメーション（15〜20点）,0.5777,"{'is_target': True, 'verdict': '参加推奨', 'max_combo_prob': 0.0764, 'est_top_odds': 17.5, 'circle_concentration': 68.3, 'eligible_count': 9, 'bet_adj': 2, 'reason': 'rel_win1=46.8%（本命度） / 最有力組み合わせ確率: 0.076（推定実オッズ?18倍） / 2着集中度: 上位2艇 68.3%（補正+0.00） / 総合判定確率: 0.076 / → ヒモ分散。1号艇1着固定で広めのヒモ流し推奨（買い目+2点）', 'tenji_trigger': '展示確認: ヒモ分散レース。1号艇伸び確認後、広めのヒモ流しを採用。穴ヒモ（5・6号艇）を積極的に含める。\n展示で1号艇スタート遅め(0.189秒)確認→ヒモが荒れやすい'}",,,35.2,両建て推奨,16.07,36,4,1-3-4|1-2-4|1-2-3|1-3-2|1-4-3,2-1-3|3-2-5|3-1-5|2-1-5|3-5-2|2-3-1|3-1-2|1-3-4|1-2-4|1-2-3|1-3-2|1-4-3,1-3-4:8.83%|1-2-4:7.71%|1-2-3:5.38%|1-3-2:5.35%|1-4-3:4.43%,1-3-4:A|1-2-4:A|1-2-3:A|1-3-2:A|1-4-3:A,5,12,0.4535,1,[!]見送り推奨（主役決まり手「まくり」― 逃げ劣勢レースで的中実績なし）,荒れ広め,D
2025-12-13,丸亀,3,2,河合三弘,B1,31.75,2,,13.3239,31.4,66,64.7,0.1878,4.5588,,,0,低,158,0,-,5 25,0,46.1,0.7764,0,0.0435,0.0435,0,0,0.2132,0.1053,0.2342,,,C,,,0.3189,0.612,,0.2294,B,56,0,◎○△フォーメーション（15〜20点）,0.5777,"{'is_target': True, 'verdict': '参加推奨', 'max_combo_prob': 0.0764, 'est_top_odds': 17.5, 'circle_concentration': 68.3, 'eligible_count': 9, 'bet_adj': 2, 'reason': 'rel_win1=46.8%（本命度） / 最有力組み合わせ確率: 0.076（推定実オッズ?18倍） / 2着集中度: 上位2艇 68.3%（補正+0.00） / 総合判定確率: 0.076 / → ヒモ分散。1号艇1着固定で広めのヒモ流し推奨（買い目+2点）', 'tenji_trigger': '展示確認: ヒモ分散レース。1号艇伸び確認後、広めのヒモ流しを採用。穴ヒモ（5・6号艇）を積極的に含める。\n展示で1号艇スタート遅め(0.189秒)確認→ヒモが荒れやすい'}",,,35.2,両建て推奨,16.07,36,4,,,,,,,,,,,
2025-12-13,丸亀,3,3,宮崎　奨,A2,29.85,3,△,14.2591,36.8,76,70.4,0.1585,3.5,,,0,低,134,0,-,3133,0,48,1.1392,0,0,0,0.0952,0.0476,0.0343,0.1571,0.2686,,○,D,△,,0.4522,0.658,,0.2294,B,56,0,◎○△フォーメーション（15〜20点）,0.5777,"{'is_target': True, 'verdict': '参加推奨', 'max_combo_prob': 0.0764, 'est_top_odds': 17.5, 'circle_concentration': 68.3, 'eligible_count': 9, 'bet_adj': 2, 'reason': 'rel_win1=46.8%（本命度） / 最有力組み合わせ確率: 0.076（推定実オッズ?18倍） / 2着集中度: 上位2艇 68.3%（補正+0.00） / 総合判定確率: 0.076 / → ヒモ分散。1号艇1着固定で広めのヒモ流し推奨（買い目+2点）', 'tenji_trigger': '展示確認: ヒモ分散レース。1号艇伸び確認後、広めのヒモ流しを採用。穴ヒモ（5・6号艇）を積極的に含める。\n展示で1号艇スタート遅め(0.189秒)確認→ヒモが荒れやすい'}",,,35.2,両建て推奨,16.07,36,4,,,,,,,,,,,
2025-12-13,丸亀,3,4,古結　宏,A1,46.77,4,○,18.5016,17,100,71.4,0.1364,2.8095,,,0,低,59,0,ま0% 差ま0% 抜0%,2616,0,93.1,1.7274,0,0,0.05,0.05,0.1,0.0143,0,0.0571,,◎,A,◎,◎,0.4656,0.677,0.43,0.2294,B,56,0,◎○△フォーメーション（15〜20点）,0.5777,"{'is_target': True, 'verdict': '参加推奨', 'max_combo_prob': 0.0764, 'est_top_odds': 17.5, 'circle_concentration': 68.3, 'eligible_count': 9, 'bet_adj': 2, 'reason': 'rel_win1=46.8%（本命度） / 最有力組み合わせ確率: 0.076（推定実オッズ?18倍） / 2着集中度: 上位2艇 68.3%（補正+0.00） / 総合判定確率: 0.076 / → ヒモ分散。1号艇1着固定で広めのヒモ流し推奨（買い目+2点）', 'tenji_trigger': '展示確認: ヒモ分散レース。1号艇伸び確認後、広めのヒモ流しを採用。穴ヒモ（5・6号艇）を積極的に含める。\n展示で1号艇スタート遅め(0.189秒)確認→ヒモが荒れやすい'}",,,35.2,両建て推奨,16.07,36,4,,,,,,,,,,,
2025-12-13,丸亀,3,5,石岡将太,B1,39.66,5,▲,6.0056,13.4,30,32.8,0.1597,3.7164,,,0,低,108,0,差ま0%,241,0,24.8,0.9755,0,0,0,0.0357,0,0.2159,0.1153,0.1185,,,B,○,,0.3741,0.6615,,0.2294,B,56,0,◎○△フォーメーション（15〜20点）,0.5777,"{'is_target': True, 'verdict': '参加推奨', 'max_combo_prob': 0.0764, 'est_top_odds': 17.5, 'circle_concentration': 68.3, 'eligible_count': 9, 'bet_adj': 2, 'reason': 'rel_win1=46.8%（本命度） / 最有力組み合わせ確率: 0.076（推定実オッズ?18倍） / 2着集中度: 上位2艇 68.3%（補正+0.00） / 総合判定確率: 0.076 / → ヒモ分散。1号艇1着固定で広めのヒモ流し推奨（買い目+2点）', 'tenji_trigger': '展示確認: ヒモ分散レース。1号艇伸び確認後、広めのヒモ流しを採用。穴ヒモ（5・6号艇）を積極的に含める。\n展示で1号艇スタート遅め(0.189秒)確認→ヒモが荒れやすい'}",,,35.2,両建て推奨,16.07,36,4,,,,,,,,,,,
2025-12-13,丸亀,3,6,金子順一,B1,15.38,6,,1.0659,1.3,30,4,0.1804,4.46,,,0,低,148,0,-,6 66,0,30.8,0.7756,,,,,,0.38,0.18,0.064,,,E,△,,0.3406,0.6315,,0.2294,B,56,0,◎○△フォーメーション（15〜20点）,0.5777,"{'is_target': True, 'verdict': '参加推奨', 'max_combo_prob': 0.0764, 'est_top_odds': 17.5, 'circle_concentration': 68.3, 'eligible_count': 9, 'bet_adj': 2, 'reason': 'rel_win1=46.8%（本命度） / 最有力組み合わせ確率: 0.076（推定実オッズ?18倍） / 2着集中度: 上位2艇 68.3%（補正+0.00） / 総合判定確率: 0.076 / → ヒモ分散。1号艇1着固定で広めのヒモ流し推奨（買い目+2点）', 'tenji_trigger': '展示確認: ヒモ分散レース。1号艇伸び確認後、広めのヒモ流しを採用。穴ヒモ（5・6号艇）を積極的に含める。\n展示で1号艇スタート遅め(0.189秒)確認→ヒモが荒れやすい'}",,,35.2,両建て推奨,16.07,36,4,,,,,,,,,,,
2025-12-13,丸亀,4,1,渡邊裕貴,B1,41.94,1,◎,55.4949,,0,72.5,0.1507,2.925,,,0,低,99,0,逃1%,1 13,0,55,0.9628,0.6111,,,,,0,0.2311,0.1644,◎,,A,△,,,0.6215,,0.5195,A,64,0,◎-○軸 3着3〜4艇流し（10〜15点）,0.5777,"{'is_target': True, 'verdict': '参加推奨', 'max_combo_prob': 0.0555, 'est_top_odds': 24.0, 'circle_concentration': 60.4, 'eligible_count': 8, 'bet_adj': 2, 'reason': 'rel_win1=55.5%（本命度） / 最有力組み合わせ確率: 0.055（推定実オッズ?24倍） / 2着集中度: 上位2艇 60.4%（補正+0.00） / 総合判定確率: 0.055 / → ヒモ分散。1号艇1着固定で広めのヒモ流し推奨（買い目+2点）', 'tenji_trigger': '展示確認: ヒモ分散レース。1号艇伸び確認後、広めのヒモ流しを採用。穴ヒモ（5・6号艇）を積極的に含める。'}",,,26.5,両建て推奨,11.11,29.8,4,,,,,0,0,0.7559,0,,逃げ軸流し,A
2025-12-13,丸亀,4,2,田中宏典,B1,41.54,2,○,12.3747,27.6,100,57.5,0.1966,4.3617,,,0,低,103,0,-,4 6,0,100,2.2226,0,0.1364,0,0,0,0,0.1,0.2167,,,B,,,0.0813,0.581,,0.5195,A,64,0,◎-○軸 3着3〜4艇流し（10〜15点）,0.5777,"{'is_target': True, 'verdict': '参加推奨', 'max_combo_prob': 0.0555, 'est_top_odds': 24.0, 'circle_concentration': 60.4, 'eligible_count': 8, 'bet_adj': 2, 'reason': 'rel_win1=55.5%（本命度） / 最有力組み合わせ確率: 0.055（推定実オッズ?24倍） / 2着集中度: 上位2艇 60.4%（補正+0.00） / 総合判定確率: 0.055 / → ヒモ分散。1号艇1着固定で広めのヒモ流し推奨（買い目+2点）', 'tenji_trigger': '展示確認: ヒモ分散レース。1号艇伸び確認後、広めのヒモ流しを採用。穴ヒモ（5・6号艇）を積極的に含める。'}",,,26.5,両建て推奨,11.11,29.8,4,,,,,,,,,,,
2025-12-13,丸亀,4,3,野田彩加,B1,33.33,3,△,9.4066,24.5,95,57.6,0.1618,3.5152,,,0,低,56,0,ま0%,564,0,30.9,1.0313,0,0,0.125,0,0,0.1,0.2,0.2,,,D,○,,0.2476,0.6425,,0.5195,A,64,0,◎-○軸 3着3〜4艇流し（10〜15点）,0.5777,"{'is_target': True, 'verdict': '参加推奨', 'max_combo_prob': 0.0555, 'est_top_odds': 24.0, 'circle_concentration': 60.4, 'eligible_count': 8, 'bet_adj': 2, 'reason': 'rel_win1=55.5%（本命度） / 最有力組み合わせ確率: 0.055（推定実オッズ?24倍） / 2着集中度: 上位2艇 60.4%（補正+0.00） / 総合判定確率: 0.055 / → ヒモ分散。1号艇1着固定で広めのヒモ流し推奨（買い目+2点）', 'tenji_trigger': '展示確認: ヒモ分散レース。1号艇伸び確認後、広めのヒモ流しを採用。穴ヒモ（5・6号艇）を積極的に含める。'}",,,26.5,両建て推奨,11.11,29.8,4,,,,,,,,,,,
2025-12-13,丸亀,4,4,北村征嗣,A1,38.46,4,▲,13.64,32.8,79,76.7,0.1703,3.8667,,,0,低,114,0,差0% ま0%,1132,0,75.9,1.6081,0,0.087,0.0435,0,0,0.0186,0.1742,0.0825,,,C,◎,◎,0.216,0.656,0.4308,0.5195,A,64,0,◎-○軸 3着3〜4艇流し（10〜15点）,0.5777,"{'is_target': True, 'verdict': '参加推奨', 'max_combo_prob': 0.0555, 'est_top_odds': 24.0, 'circle_concentration': 60.4, 'eligible_count': 8, 'bet_adj': 2, 'reason': 'rel_win1=55.5%（本命度） / 最有力組み合わせ確率: 0.055（推定実オッズ?24倍） / 2着集中度: 上位2艇 60.4%（補正+0.00） / 総合判定確率: 0.055 / → ヒモ分散。1号艇1着固定で広めのヒモ流し推奨（買い目+2点）', 'tenji_trigger': '展示確認: ヒモ分散レース。1号艇伸び確認後、広めのヒモ流しを採用。穴ヒモ（5・6号艇）を積極的に含める。'}",,,26.5,両建て推奨,11.11,29.8,4,,,,,,,,,,,
2025-12-13,丸亀,4,5,國分将太,B1,36.36,5,,6.8565,11.6,86,36.6,0.2039,4.0122,,,0,低,111,0,差ま0%,5 64,0,35.4,1.1086,0,0,0,0.0588,0,0,0.6154,0,,,C,,,0.1177,0.585,,0.5195,A,64,0,◎-○軸 3着3〜4艇流し（10〜15点）,0.5777,"{'is_target': True, 'verdict': '参加推奨', 'max_combo_prob': 0.0555, 'est_top_odds': 24.0, 'circle_concentration': 60.4, 'eligible_count': 8, 'bet_adj': 2, 'reason': 'rel_win1=55.5%（本命度） / 最有力組み合わせ確率: 0.055（推定実オッズ?24倍） / 2着集中度: 上位2艇 60.4%（補正+0.00） / 総合判定確率: 0.055 / → ヒモ分散。1号艇1着固定で広めのヒモ流し推奨（買い目+2点）', 'tenji_trigger': '展示確認: ヒモ分散レース。1号艇伸び確認後、広めのヒモ流しを採用。穴ヒモ（5・6号艇）を積極的に含める。'}",,,26.5,両建て推奨,11.11,29.8,4,,,,,,,,,,,
2025-12-13,丸亀,4,6,間嶋仁志,A2,20.00,6,,2.2273,3.5,47,,,,,,0,低,136,1,-,5 66,0,,,,,,,,,,,,,E,△,○,0.3132,0.6285,0.15,0.5195,A,64,0,◎-○軸 3着3〜4艇流し（10〜15点）,0.5777,"{'is_target': True, 'verdict': '参加推奨', 'max_combo_prob': 0.0555, 'est_top_odds': 24.0, 'circle_concentration': 60.4, 'eligible_count': 8, 'bet_adj': 2, 'reason': 'rel_win1=55.5%（本命度） / 最有力組み合わせ確率: 0.055（推定実オッズ?24倍） / 2着集中度: 上位2艇 60.4%（補正+0.00） / 総合判定確率: 0.055 / → ヒモ分散。1号艇1着固定で広めのヒモ流し推奨（買い目+2点）', 'tenji_trigger': '展示確認: ヒモ分散レース。1号艇伸び確認後、広めのヒモ流しを採用。穴ヒモ（5・6号艇）を積極的に含める。'}",,,26.5,両建て推奨,11.11,29.8,4,,,,,,,,,,,
2025-12-13,丸亀,5,1,伊藤喜智,B1,30.88,1,◎,43.9714,,0,78.7,0.1862,4.4836,,,0,低,184,0,逃0%,4 S6,0,68.9,0.9822,0.3478,,,,,0.2075,0.1379,0.0174,,,C,○,,,0.646,,0.158,A,60,0,◎-○軸 3着3〜4艇流し（10〜15点）,0.5777,"{'is_target': False, 'verdict': '対象外', 'max_combo_prob': None, 'est_top_odds': None, 'circle_concentration': None, 'eligible_count': 0, 'bet_adj': 0, 'reason': '1号艇rel_win1 < 45%: 通常判定に委ねる', 'tenji_trigger': ''}",,,30.1,両建て推奨,17.98,34.1,4,3-5-4|3-4-5|3-5-6|3-4-6|3-5-2|3-4-2|3-6-5|1-3-4|1-3-5|1-2-3|1-2-4,3-5-4|3-4-5|3-5-6|3-4-6|3-5-2|3-4-2|3-6-5|1-3-4|1-3-5|4-1-5|1-2-3|1-2-4,3-5-4:2.53%|3-4-5:2.48%|3-5-6:1.77%|3-4-6:1.69%|3-5-2:0.71%|3-4-2:0.68%|3-6-5:0.65%|1-3-4:4.06%|1-3-5:3.65%|1-2-3:3.14%|1-2-4:3.07%,3-5-4:B_main|3-4-5:B_main|3-5-6:B_main|3-4-6:B_main|3-5-2:B_main|3-4-2:B_main|3-6-5:B_main|1-3-4:A|1-3-5:A|1-2-3:A|1-2-4:A,11,12,0.2915,1,[!]見送り推奨（主役決まり手「まくり」― 逃げ劣勢レースで的中実績なし）,主役軸流し,B
2025-12-13,丸亀,5,2,富永夏哉,B1,21.43,2,,9.5664,29.5,94,45.5,0.1994,3.9545,,,0,低,104,0,差0% 抜0%,5 12,0,86.4,0.7676,0,0.0526,0,0,0.0526,0.04,0.28,0,,,D,,,0.2096,0.5565,,0.158,A,60,0,◎-○軸 3着3〜4艇流し（10〜15点）,0.5777,"{'is_target': False, 'verdict': '対象外', 'max_combo_prob': None, 'est_top_odds': None, 'circle_concentration': None, 'eligible_count': 0, 'bet_adj': 0, 'reason': '1号艇rel_win1 < 45%: 通常判定に委ねる', 'tenji_trigger': ''}",,,30.1,両建て推奨,17.98,34.1,4,,,,,,,,,,,
2025-12-13,丸亀,5,3,中山　将,A2,18.33,3,▲,15.138,33.7,100,62.7,0.1345,2.6078,,,0,低,86,0,差0% ま0% 差ま0%,2333,0,62.4,1.2742,0,0.0455,0.1364,0.0455,0,0.0741,0.0741,0.0741,,◎,E,△,,0.5082,0.62,,0.158,A,60,0,◎-○軸 3着3〜4艇流し（10〜15点）,0.5777,"{'is_target': False, 'verdict': '対象外', 'max_combo_prob': None, 'est_top_odds': None, 'circle_concentration': None, 'eligible_count': 0, 'bet_adj': 0, 'reason': '1号艇rel_win1 < 45%: 通常判定に委ねる', 'tenji_trigger': ''}",,,30.1,両建て推奨,17.98,34.1,4,,,,,,,,,,,
2025-12-13,丸亀,5,4,寺島美里,B1,41.54,4,○,19.6436,12.7,65,33.3,0.1833,3.4545,,,0,低,67,0,-,564,0,66.6,1.2602,,,,,,0,0,0.4444,,,B,,◎,0.3425,0.6185,0.216,0.158,A,60,0,◎-○軸 3着3〜4艇流し（10〜15点）,0.5777,"{'is_target': False, 'verdict': '対象外', 'max_combo_prob': None, 'est_top_odds': None, 'circle_concentration': None, 'eligible_count': 0, 'bet_adj': 0, 'reason': '1号艇rel_win1 < 45%: 通常判定に委ねる', 'tenji_trigger': ''}",,,30.1,両建て推奨,17.98,34.1,4,,,,,,,,,,,
2025-12-13,丸亀,5,5,赤坂俊輔,A1,15.52,5,,7.8137,16.4,93,51.9,0.151,3.4423,,,0,低,76,0,差ま0%,4424,0,27.6,1.4762,0,0,0,0.0357,0,0.0095,0.1321,0.0286,,○,E,◎,,0.4116,0.668,,0.158,A,60,0,◎-○軸 3着3〜4艇流し（10〜15点）,0.5777,"{'is_target': False, 'verdict': '対象外', 'max_combo_prob': None, 'est_top_odds': None, 'circle_concentration': None, 'eligible_count': 0, 'bet_adj': 0, 'reason': '1号艇rel_win1 < 45%: 通常判定に委ねる', 'tenji_trigger': ''}",,,30.1,両建て推奨,17.98,34.1,4,,,,,,,,,,,
2025-12-13,丸亀,5,6,三宅　潤,A2,58.46,6,△,3.8669,7.7,43,29.5,0.2152,5.2377,,,0,低,174,0,-,1 22,0,27.6,0.8017,,,,,,0.0222,0.0444,0.2111,,,A,△,,0.2423,0.6355,,0.158,A,60,0,◎-○軸 3着3〜4艇流し（10〜15点）,0.5777,"{'is_target': False, 'verdict': '対象外', 'max_combo_prob': None, 'est_top_odds': None, 'circle_concentration': None, 'eligible_count': 0, 'bet_adj': 0, 'reason': '1号艇rel_win1 < 45%: 通常判定に委ねる', 'tenji_trigger': ''}",,,30.1,両建て推奨,17.98,34.1,4,,,,,,,,,,,
2025-12-13,丸亀,6,1,佐竹恒彦,A2,21.82,1,◎,52.3081,,0,86.5,0.1352,2.7692,,,0,低,110,0,逃0% 抜0%,333,0,60.2,0.9275,0.48,,,,,0.032,0.2514,0.2194,◎,,E,△,,,0.6025,,0.5622,A,73,0,◎-○軸 3着3〜4艇流し（10〜15点）,0.5777,"{'is_target': True, 'verdict': '点数絞り', 'max_combo_prob': 0.0945, 'est_top_odds': 14.1, 'circle_concentration': 73.4, 'eligible_count': 8, 'bet_adj': 0, 'reason': 'rel_win1=52.3%（本命度） / 最有力組み合わせ確率: 0.095（推定実オッズ?14倍） / 2着集中度: 上位2艇 73.4%（補正+0.04） / 総合判定確率: 0.135 / → ヒモはやや固め。上位2艇以外を切ること', 'tenji_trigger': '展示確認: 1号艇伸び良→そのまま採用。悪→飛び組に差し替え。circle_pct上位2艇に絞り込むこと。\n展示で1号艇スタート超安定(0.135秒)→ヒモ固まり方向に注意'}",,,29.9,逃げ狙い,21.29,30.7,2,,,,,0,0,0.7559,0,,逃げ軸流し,A
2025-12-13,丸亀,6,2,柴田　光,A1,50.79,2,○,22.1263,51.7,100,78.7,0.1451,2.9255,,,0,低,58,0,ま0% 抜0%,2211,0,65.8,1.3516,0,0,0.1176,0,0.0588,0,0.1538,0.1154,,,A,◎,,0.2227,0.6475,,0.5622,A,73,0,◎-○軸 3着3〜4艇流し（10〜15点）,0.5777,"{'is_target': True, 'verdict': '点数絞り', 'max_combo_prob': 0.0945, 'est_top_odds': 14.1, 'circle_concentration': 73.4, 'eligible_count': 8, 'bet_adj': 0, 'reason': 'rel_win1=52.3%（本命度） / 最有力組み合わせ確率: 0.095（推定実オッズ?14倍） / 2着集中度: 上位2艇 73.4%（補正+0.04） / 総合判定確率: 0.135 / → ヒモはやや固め。上位2艇以外を切ること', 'tenji_trigger': '展示確認: 1号艇伸び良→そのまま採用。悪→飛び組に差し替え。circle_pct上位2艇に絞り込むこと。\n展示で1号艇スタート超安定(0.135秒)→ヒモ固まり方向に注意'}",,,29.9,逃げ狙い,21.29,30.7,2,,,,,,,,,,,
2025-12-13,丸亀,6,3,中本大樹,B1,43.08,3,△,13.8596,21.7,56,40,0.1611,3.2857,,,0,低,68,0,-,5 35,0,39.7,0.9646,0,0,0,0.087,0,0.25,0.1667,0.0833,,,C,,,0.192,0.5725,,0.5622,A,73,0,◎-○軸 3着3〜4艇流し（10〜15点）,0.5777,"{'is_target': True, 'verdict': '点数絞り', 'max_combo_prob': 0.0945, 'est_top_odds': 14.1, 'circle_concentration': 73.4, 'eligible_count': 8, 'bet_adj': 0, 'reason': 'rel_win1=52.3%（本命度） / 最有力組み合わせ確率: 0.095（推定実オッズ?14倍） / 2着集中度: 上位2艇 73.4%（補正+0.04） / 総合判定確率: 0.135 / → ヒモはやや固め。上位2艇以外を切ること', 'tenji_trigger': '展示確認: 1号艇伸び良→そのまま採用。悪→飛び組に差し替え。circle_pct上位2艇に絞り込むこと。\n展示で1号艇スタート超安定(0.135秒)→ヒモ固まり方向に注意'}",,,29.9,逃げ狙い,21.29,30.7,2,,,,,,,,,,,
2025-12-13,丸亀,6,4,向井美鈴,A2,43.75,4,▲,7.3502,16.1,65,42.1,0.1733,3.5439,,,0,低,136,0,-,2541,0,100,2.1221,,,,,,0.264,0.048,0.116,,,B,△,,0.2014,0.604,,0.5622,A,73,0,◎-○軸 3着3〜4艇流し（10〜15点）,0.5777,"{'is_target': True, 'verdict': '点数絞り', 'max_combo_prob': 0.0945, 'est_top_odds': 14.1, 'circle_concentration': 73.4, 'eligible_count': 8, 'bet_adj': 0, 'reason': 'rel_win1=52.3%（本命度） / 最有力組み合わせ確率: 0.095（推定実オッズ?14倍） / 2着集中度: 上位2艇 73.4%（補正+0.04） / 総合判定確率: 0.135 / → ヒモはやや固め。上位2艇以外を切ること', 'tenji_trigger': '展示確認: 1号艇伸び良→そのまま採用。悪→飛び組に差し替え。circle_pct上位2艇に絞り込むこと。\n展示で1号艇スタート超安定(0.135秒)→ヒモ固まり方向に注意'}",,,29.9,逃げ狙い,21.29,30.7,2,,,,,,,,,,,
2025-12-13,丸亀,6,5,花田凱成,B2,43.55,5,,3.2142,9,79,31.8,0.1723,3.1932,,,0,低,83,0,-,5 1,0,42.9,0.8976,,,,,,0.2731,0.5731,0.0308,,,C,○,,0.2297,0.623,,0.5622,A,73,0,◎-○軸 3着3〜4艇流し（10〜15点）,0.5777,"{'is_target': True, 'verdict': '点数絞り', 'max_combo_prob': 0.0945, 'est_top_odds': 14.1, 'circle_concentration': 73.4, 'eligible_count': 8, 'bet_adj': 0, 'reason': 'rel_win1=52.3%（本命度） / 最有力組み合わせ確率: 0.095（推定実オッズ?14倍） / 2着集中度: 上位2艇 73.4%（補正+0.04） / 総合判定確率: 0.135 / → ヒモはやや固め。上位2艇以外を切ること', 'tenji_trigger': '展示確認: 1号艇伸び良→そのまま採用。悪→飛び組に差し替え。circle_pct上位2艇に絞り込むこと。\n展示で1号艇スタート超安定(0.135秒)→ヒモ固まり方向に注意'}",,,29.9,逃げ狙い,21.29,30.7,2,,,,,,,,,,,
2025-12-13,丸亀,6,6,小柳勝希,B2,39.06,6,,1.1415,1.5,26,10.1,0.1912,3.8768,,,0,低,42,0,-,523,0,27.2,0.4444,,,,,,,,,,,D,,,0.1727,0.504,,0.5622,A,73,0,◎-○軸 3着3〜4艇流し（10〜15点）,0.5777,"{'is_target': True, 'verdict': '点数絞り', 'max_combo_prob': 0.0945, 'est_top_odds': 14.1, 'circle_concentration': 73.4, 'eligible_count': 8, 'bet_adj': 0, 'reason': 'rel_win1=52.3%（本命度） / 最有力組み合わせ確率: 0.095（推定実オッズ?14倍） / 2着集中度: 上位2艇 73.4%（補正+0.04） / 総合判定確率: 0.135 / → ヒモはやや固め。上位2艇以外を切ること', 'tenji_trigger': '展示確認: 1号艇伸び良→そのまま採用。悪→飛び組に差し替え。circle_pct上位2艇に絞り込むこと。\n展示で1号艇スタート超安定(0.135秒)→ヒモ固まり方向に注意'}",,,29.9,逃げ狙い,21.29,30.7,2,,,,,,,,,,,
2025-12-13,丸亀,7,1,赤羽克也,A2,45.31,1,◎,62.3797,,0,87.3,0.1633,3.2911,,,0,低,137,0,逃1%,444,0,61.5,0.9675,0.6207,,,,,0.2828,0.1885,0.0138,◎,,B,△,,,0.633,,0.5057,S,95,0,◎1着固定 2-3着流し（5〜8点）,0.5777,"{'is_target': True, 'verdict': '参加推奨', 'max_combo_prob': 0.0686, 'est_top_odds': 19.4, 'circle_concentration': 65.4, 'eligible_count': 6, 'bet_adj': 2, 'reason': 'rel_win1=62.4%（本命度） / 最有力組み合わせ確率: 0.069（推定実オッズ?19倍） / 2着集中度: 上位2艇 65.4%（補正+0.00） / 総合判定確率: 0.069 / → ヒモ分散。1号艇1着固定で広めのヒモ流し推奨（買い目+2点）', 'tenji_trigger': '展示確認: ヒモ分散レース。1号艇伸び確認後、広めのヒモ流しを採用。穴ヒモ（5・6号艇）を積極的に含める。'}",,,28.4,逃げ狙い,10.86,35.5,4,,,,,0,0,0.7559,0,,逃げ軸流し,A
2025-12-13,丸亀,7,2,原村拓也,B1,28.79,2,,7.386,32.5,69,45.7,0.178,4.0071,,,0,低,159,0,-,335,0,69.4,1.2703,0,0.0345,0,0,0,0.3114,0.1257,0.02,,,E,,,0.2015,0.5855,,0.5057,S,95,0,◎1着固定 2-3着流し（5〜8点）,0.5777,"{'is_target': True, 'verdict': '参加推奨', 'max_combo_prob': 0.0686, 'est_top_odds': 19.4, 'circle_concentration': 65.4, 'eligible_count': 6, 'bet_adj': 2, 'reason': 'rel_win1=62.4%（本命度） / 最有力組み合わせ確率: 0.069（推定実オッズ?19倍） / 2着集中度: 上位2艇 65.4%（補正+0.00） / 総合判定確率: 0.069 / → ヒモ分散。1号艇1着固定で広めのヒモ流し推奨（買い目+2点）', 'tenji_trigger': '展示確認: ヒモ分散レース。1号艇伸び確認後、広めのヒモ流しを採用。穴ヒモ（5・6号艇）を積極的に含める。'}",,,28.4,逃げ狙い,10.86,35.5,4,,,,,,,,,,,
2025-12-13,丸亀,7,3,木場雄二,B1,35.48,3,△,7.2899,32.9,66,46.3,0.1716,3.3657,,,0,低,139,0,-,3 14,0,37.3,1.3085,0,0,0.0345,0,0,0.1508,0.0615,0.0154,,,C,◎,,0.2753,0.6955,,0.5057,S,95,0,◎1着固定 2-3着流し（5〜8点）,0.5777,"{'is_target': True, 'verdict': '参加推奨', 'max_combo_prob': 0.0686, 'est_top_odds': 19.4, 'circle_concentration': 65.4, 'eligible_count': 6, 'bet_adj': 2, 'reason': 'rel_win1=62.4%（本命度） / 最有力組み合わせ確率: 0.069（推定実オッズ?19倍） / 2着集中度: 上位2艇 65.4%（補正+0.00） / 総合判定確率: 0.069 / → ヒモ分散。1号艇1着固定で広めのヒモ流し推奨（買い目+2点）', 'tenji_trigger': '展示確認: ヒモ分散レース。1号艇伸び確認後、広めのヒモ流しを採用。穴ヒモ（5・6号艇）を積極的に含める。'}",,,28.4,逃げ狙い,10.86,35.5,4,,,,,,,,,,,
2025-12-13,丸亀,7,4,川野芽唯,A1,53.97,4,○,12.235,19.7,100,66.7,0.1914,4.1905,,,0,低,72,0,ま0%,3321,0,77.8,1.4417,0,0,0.0909,0,0,0,0.0556,0.0556,,,A,△,,0.2219,0.625,,0.5057,S,95,0,◎1着固定 2-3着流し（5〜8点）,0.5777,"{'is_target': True, 'verdict': '参加推奨', 'max_combo_prob': 0.0686, 'est_top_odds': 19.4, 'circle_concentration': 65.4, 'eligible_count': 6, 'bet_adj': 2, 'reason': 'rel_win1=62.4%（本命度） / 最有力組み合わせ確率: 0.069（推定実オッズ?19倍） / 2着集中度: 上位2艇 65.4%（補正+0.00） / 総合判定確率: 0.069 / → ヒモ分散。1号艇1着固定で広めのヒモ流し推奨（買い目+2点）', 'tenji_trigger': '展示確認: ヒモ分散レース。1号艇伸び確認後、広めのヒモ流しを採用。穴ヒモ（5・6号艇）を積極的に含める。'}",,,28.4,逃げ狙い,10.86,35.5,4,,,,,,,,,,,
2025-12-13,丸亀,7,5,河合三弘,B1,31.75,5,,4.2522,9.1,75,30.5,0.1902,4.0847,,,0,低,158,0,-,5 25,0,44.3,1.341,0,0,0.0417,0,0,0.2132,0.1053,0.2342,,,D,,,0.2278,0.612,,0.5057,S,95,0,◎1着固定 2-3着流し（5〜8点）,0.5777,"{'is_target': True, 'verdict': '参加推奨', 'max_combo_prob': 0.0686, 'est_top_odds': 19.4, 'circle_concentration': 65.4, 'eligible_count': 6, 'bet_adj': 2, 'reason': 'rel_win1=62.4%（本命度） / 最有力組み合わせ確率: 0.069（推定実オッズ?19倍） / 2着集中度: 上位2艇 65.4%（補正+0.00） / 総合判定確率: 0.069 / → ヒモ分散。1号艇1着固定で広めのヒモ流し推奨（買い目+2点）', 'tenji_trigger': '展示確認: ヒモ分散レース。1号艇伸び確認後、広めのヒモ流しを採用。穴ヒモ（5・6号艇）を積極的に含める。'}",,,28.4,逃げ狙い,10.86,35.5,4,,,,,,,,,,,
2025-12-13,丸亀,7,6,吉田俊彦,A2,39.06,6,▲,6.4571,5.8,55,29.6,0.1644,4.2778,,,0,低,80,0,差ま0%,3441,0,83.4,1.4686,0,0,0,0.1667,0,0.0953,0,0.2259,,,C,○,,0.3414,0.6545,,0.5057,S,95,0,◎1着固定 2-3着流し（5〜8点）,0.5777,"{'is_target': True, 'verdict': '参加推奨', 'max_combo_prob': 0.0686, 'est_top_odds': 19.4, 'circle_concentration': 65.4, 'eligible_count': 6, 'bet_adj': 2, 'reason': 'rel_win1=62.4%（本命度） / 最有力組み合わせ確率: 0.069（推定実オッズ?19倍） / 2着集中度: 上位2艇 65.4%（補正+0.00） / 総合判定確率: 0.069 / → ヒモ分散。1号艇1着固定で広めのヒモ流し推奨（買い目+2点）', 'tenji_trigger': '展示確認: ヒモ分散レース。1号艇伸び確認後、広めのヒモ流しを採用。穴ヒモ（5・6号艇）を積極的に含める。'}",,,28.4,逃げ狙い,10.86,35.5,4,,,,,,,,,,,
2025-12-13,丸亀,8,1,山田晃大,A1,27.69,1,◎,68.4648,,0,87.9,0.138,2.4242,,,0,低,63,0,逃0% 抜0%,S555,0,88.1,1.1344,0.5333,,,,,0.0089,0.1911,0.1822,◎,,D,△,,,0.655,,0.6237,A,78,0,◎-○軸 3着3〜4艇流し（10〜15点）,0.5777,"{'is_target': True, 'verdict': '点数絞り', 'max_combo_prob': 0.1301, 'est_top_odds': 10.3, 'circle_concentration': 76.0, 'eligible_count': 8, 'bet_adj': 0, 'reason': 'rel_win1=68.5%（本命度） / 最有力組み合わせ確率: 0.130（推定実オッズ?10倍） / 2着集中度: 上位2艇 76.0%（補正+0.04） / 総合判定確率: 0.170 / → ヒモはやや固め。上位2艇以外を切ること', 'tenji_trigger': '展示確認: 1号艇伸び良→そのまま採用。悪→飛び組に差し替え。circle_pct上位2艇に絞り込むこと。\n展示で1号艇スタート超安定(0.138秒)→ヒモ固まり方向に注意'}",,,27.4,逃げ狙い,15.96,28.2,3,,,,,0,0,0.7559,0,,逃げ軸流し,A
2025-12-13,丸亀,8,2,中村　尊,A2,26.87,2,,12.973,51.1,91,63.3,0.143,2.8417,,,0,低,55,0,-,4255,0,51.2,0.7288,0,0.0909,0.0909,0,0,0.24,0.04,0.0667,,,E,◎,,0.2727,0.6655,,0.6237,A,78,0,◎-○軸 3着3〜4艇流し（10〜15点）,0.5777,"{'is_target': True, 'verdict': '点数絞り', 'max_combo_prob': 0.1301, 'est_top_odds': 10.3, 'circle_concentration': 76.0, 'eligible_count': 8, 'bet_adj': 0, 'reason': 'rel_win1=68.5%（本命度） / 最有力組み合わせ確率: 0.130（推定実オッズ?10倍） / 2着集中度: 上位2艇 76.0%（補正+0.04） / 総合判定確率: 0.170 / → ヒモはやや固め。上位2艇以外を切ること', 'tenji_trigger': '展示確認: 1号艇伸び良→そのまま採用。悪→飛び組に差し替え。circle_pct上位2艇に絞り込むこと。\n展示で1号艇スタート超安定(0.138秒)→ヒモ固まり方向に注意'}",,,27.4,逃げ狙い,15.96,28.2,3,,,,,,,,,,,
2025-12-13,丸亀,8,3,田中宏典,B1,41.54,3,▲,7.9045,11.7,63,35.1,0.1678,3.8108,,,0,低,103,0,-,4 6,0,47.5,1.1058,,,,,,0,0.1,0.2167,,,C,,,0.1798,0.581,,0.6237,A,78,0,◎-○軸 3着3〜4艇流し（10〜15点）,0.5777,"{'is_target': True, 'verdict': '点数絞り', 'max_combo_prob': 0.1301, 'est_top_odds': 10.3, 'circle_concentration': 76.0, 'eligible_count': 8, 'bet_adj': 0, 'reason': 'rel_win1=68.5%（本命度） / 最有力組み合わせ確率: 0.130（推定実オッズ?10倍） / 2着集中度: 上位2艇 76.0%（補正+0.04） / 総合判定確率: 0.170 / → ヒモはやや固め。上位2艇以外を切ること', 'tenji_trigger': '展示確認: 1号艇伸び良→そのまま採用。悪→飛び組に差し替え。circle_pct上位2艇に絞り込むこと。\n展示で1号艇スタート超安定(0.138秒)→ヒモ固まり方向に注意'}",,,27.4,逃げ狙い,15.96,28.2,3,,,,,,,,,,,
2025-12-13,丸亀,8,4,松村康太,A2,48.48,4,○,5.8327,24.9,100,57.8,0.181,3.8169,,,0,低,166,0,-,341,0,23.2,0.6819,0,0,0.0323,0,0,0.22,0.1756,0.2689,,,A,△,,0.1418,0.6195,,0.6237,A,78,0,◎-○軸 3着3〜4艇流し（10〜15点）,0.5777,"{'is_target': True, 'verdict': '点数絞り', 'max_combo_prob': 0.1301, 'est_top_odds': 10.3, 'circle_concentration': 76.0, 'eligible_count': 8, 'bet_adj': 0, 'reason': 'rel_win1=68.5%（本命度） / 最有力組み合わせ確率: 0.130（推定実オッズ?10倍） / 2着集中度: 上位2艇 76.0%（補正+0.04） / 総合判定確率: 0.170 / → ヒモはやや固め。上位2艇以外を切ること', 'tenji_trigger': '展示確認: 1号艇伸び良→そのまま採用。悪→飛び組に差し替え。circle_pct上位2艇に絞り込むこと。\n展示で1号艇スタート超安定(0.138秒)→ヒモ固まり方向に注意'}",,,27.4,逃げ狙い,15.96,28.2,3,,,,,,,,,,,
2025-12-13,丸亀,8,5,高橋直哉,B1,47.62,5,△,3.649,9.7,72,38.1,0.1881,4.0159,,,0,低,172,0,-,153,0,26.1,1.0457,,,,,,0.05,0.2833,0.05,,,B,,,0.183,0.606,,0.6237,A,78,0,◎-○軸 3着3〜4艇流し（10〜15点）,0.5777,"{'is_target': True, 'verdict': '点数絞り', 'max_combo_prob': 0.1301, 'est_top_odds': 10.3, 'circle_concentration': 76.0, 'eligible_count': 8, 'bet_adj': 0, 'reason': 'rel_win1=68.5%（本命度） / 最有力組み合わせ確率: 0.130（推定実オッズ?10倍） / 2着集中度: 上位2艇 76.0%（補正+0.04） / 総合判定確率: 0.170 / → ヒモはやや固め。上位2艇以外を切ること', 'tenji_trigger': '展示確認: 1号艇伸び良→そのまま採用。悪→飛び組に差し替え。circle_pct上位2艇に絞り込むこと。\n展示で1号艇スタート超安定(0.138秒)→ヒモ固まり方向に注意'}",,,27.4,逃げ狙い,15.96,28.2,3,,,,,,,,,,,
2025-12-13,丸亀,8,6,石岡将太,B1,39.66,6,,1.1759,2.6,34,28.3,0.1587,3.6038,,,0,低,108,0,-,241,0,56.3,1.1647,,,,,,0.2159,0.1153,0.1185,,,C,○,,0.2728,0.6615,,0.6237,A,78,0,◎-○軸 3着3〜4艇流し（10〜15点）,0.5777,"{'is_target': True, 'verdict': '点数絞り', 'max_combo_prob': 0.1301, 'est_top_odds': 10.3, 'circle_concentration': 76.0, 'eligible_count': 8, 'bet_adj': 0, 'reason': 'rel_win1=68.5%（本命度） / 最有力組み合わせ確率: 0.130（推定実オッズ?10倍） / 2着集中度: 上位2艇 76.0%（補正+0.04） / 総合判定確率: 0.170 / → ヒモはやや固め。上位2艇以外を切ること', 'tenji_trigger': '展示確認: 1号艇伸び良→そのまま採用。悪→飛び組に差し替え。circle_pct上位2艇に絞り込むこと。\n展示で1号艇スタート超安定(0.138秒)→ヒモ固まり方向に注意'}",,,27.4,逃げ狙い,15.96,28.2,3,,,,,,,,,,,
2025-12-13,丸亀,9,1,吉村　誠,A2,26.56,1,◎,58.3368,,0,90.8,0.1324,2.4655,,,0,低,86,0,逃0%,2125,0,95.4,1.3131,0.6098,,,,,0.0098,0.0195,0.1735,◎,,D,○,,,0.675,,0.5975,S,100,0,◎1着固定 2-3着流し（5〜8点）,0.5777,"{'is_target': True, 'verdict': '点数絞り', 'max_combo_prob': 0.0894, 'est_top_odds': 14.9, 'circle_concentration': 84.3, 'eligible_count': 6, 'bet_adj': 0, 'reason': 'rel_win1=58.3%（本命度） / 最有力組み合わせ確率: 0.089（推定実オッズ?15倍） / 2着集中度: 上位2艇 84.3%（補正+0.04） / 総合判定確率: 0.129 / → ヒモはやや固め。上位2艇以外を切ること', 'tenji_trigger': '展示確認: 1号艇伸び良→そのまま採用。悪→飛び組に差し替え。circle_pct上位2艇に絞り込むこと。\n展示で1号艇スタート超安定(0.132秒)→ヒモ固まり方向に注意'}",,,26.1,逃げ狙い,15.98,24.3,3,,,,,0,0,0.7559,0,,逃げ軸流し,A
2025-12-13,丸亀,9,2,間嶋仁志,A2,20.00,2,,7.999,45.5,78,64.7,0.2085,4.4118,,,0,低,136,0,-,5 66,0,32.7,1.0155,0,0.1071,0,0,0,0.048,0.048,0.412,,,E,,,0.0755,0.6285,,0.5975,S,100,0,◎1着固定 2-3着流し（5〜8点）,0.5777,"{'is_target': True, 'verdict': '点数絞り', 'max_combo_prob': 0.0894, 'est_top_odds': 14.9, 'circle_concentration': 84.3, 'eligible_count': 6, 'bet_adj': 0, 'reason': 'rel_win1=58.3%（本命度） / 最有力組み合わせ確率: 0.089（推定実オッズ?15倍） / 2着集中度: 上位2艇 84.3%（補正+0.04） / 総合判定確率: 0.129 / → ヒモはやや固め。上位2艇以外を切ること', 'tenji_trigger': '展示確認: 1号艇伸び良→そのまま採用。悪→飛び組に差し替え。circle_pct上位2艇に絞り込むこと。\n展示で1号艇スタート超安定(0.132秒)→ヒモ固まり方向に注意'}",,,26.1,逃げ狙い,15.98,24.3,3,,,,,,,,,,,
2025-12-13,丸亀,9,3,古結　宏,A1,46.77,3,○,21.7188,38.8,84,69.8,0.1309,2.7209,,,0,低,59,0,ま0% 差ま0%,2616,0,72.7,1.6029,0,0,0.1333,0.2,0,0.0143,0,0.0571,,,B,◎,,0.3424,0.677,,0.5975,S,100,0,◎1着固定 2-3着流し（5〜8点）,0.5777,"{'is_target': True, 'verdict': '点数絞り', 'max_combo_prob': 0.0894, 'est_top_odds': 14.9, 'circle_concentration': 84.3, 'eligible_count': 6, 'bet_adj': 0, 'reason': 'rel_win1=58.3%（本命度） / 最有力組み合わせ確率: 0.089（推定実オッズ?15倍） / 2着集中度: 上位2艇 84.3%（補正+0.04） / 総合判定確率: 0.129 / → ヒモはやや固め。上位2艇以外を切ること', 'tenji_trigger': '展示確認: 1号艇伸び良→そのまま採用。悪→飛び組に差し替え。circle_pct上位2艇に絞り込むこと。\n展示で1号艇スタート超安定(0.132秒)→ヒモ固まり方向に注意'}",,,26.1,逃げ狙い,15.98,24.3,3,,,,,,,,,,,
2025-12-13,丸亀,9,4,井上慧人,B1,18.64,4,,5.9161,4.1,100,33.3,0.1669,3.7941,,,0,低,110,0,差0% ま0% 差ま0% 抜0%,623,0,25.7,0.7353,0,0.0385,0.0385,0.0385,0.0385,0,0.7,0,,,E,,,0.1514,0.578,,0.5975,S,100,0,◎1着固定 2-3着流し（5〜8点）,0.5777,"{'is_target': True, 'verdict': '点数絞り', 'max_combo_prob': 0.0894, 'est_top_odds': 14.9, 'circle_concentration': 84.3, 'eligible_count': 6, 'bet_adj': 0, 'reason': 'rel_win1=58.3%（本命度） / 最有力組み合わせ確率: 0.089（推定実オッズ?15倍） / 2着集中度: 上位2艇 84.3%（補正+0.04） / 総合判定確率: 0.129 / → ヒモはやや固め。上位2艇以外を切ること', 'tenji_trigger': '展示確認: 1号艇伸び良→そのまま採用。悪→飛び組に差し替え。circle_pct上位2艇に絞り込むこと。\n展示で1号艇スタート超安定(0.132秒)→ヒモ固まり方向に注意'}",,,26.1,逃げ狙い,15.98,24.3,3,,,,,,,,,,,
2025-12-13,丸亀,9,5,三宅　潤,A2,58.46,5,▲,4.8868,10.8,86,45.2,0.1857,3.9345,,,0,低,174,0,差ま0%,1 22,0,42.1,0.9829,0,0,0.0238,0.0476,0,0.0222,0.0444,0.2111,,,A,△,,0.1198,0.6355,,0.5975,S,100,0,◎1着固定 2-3着流し（5〜8点）,0.5777,"{'is_target': True, 'verdict': '点数絞り', 'max_combo_prob': 0.0894, 'est_top_odds': 14.9, 'circle_concentration': 84.3, 'eligible_count': 6, 'bet_adj': 0, 'reason': 'rel_win1=58.3%（本命度） / 最有力組み合わせ確率: 0.089（推定実オッズ?15倍） / 2着集中度: 上位2艇 84.3%（補正+0.04） / 総合判定確率: 0.129 / → ヒモはやや固め。上位2艇以外を切ること', 'tenji_trigger': '展示確認: 1号艇伸び良→そのまま採用。悪→飛び組に差し替え。circle_pct上位2艇に絞り込むこと。\n展示で1号艇スタート超安定(0.132秒)→ヒモ固まり方向に注意'}",,,26.1,逃げ狙い,15.98,24.3,3,,,,,,,,,,,
2025-12-13,丸亀,9,6,上之晃弘,B1,47.76,6,△,1.1424,0.8,27,9.6,0.1625,4.1058,,,0,低,123,0,-,164,0,31.1,0.8733,,,,,,0.0545,0.0727,0.2045,,,B,△,,0.2205,0.659,,0.5975,S,100,0,◎1着固定 2-3着流し（5〜8点）,0.5777,"{'is_target': True, 'verdict': '点数絞り', 'max_combo_prob': 0.0894, 'est_top_odds': 14.9, 'circle_concentration': 84.3, 'eligible_count': 6, 'bet_adj': 0, 'reason': 'rel_win1=58.3%（本命度） / 最有力組み合わせ確率: 0.089（推定実オッズ?15倍） / 2着集中度: 上位2艇 84.3%（補正+0.04） / 総合判定確率: 0.129 / → ヒモはやや固め。上位2艇以外を切ること', 'tenji_trigger': '展示確認: 1号艇伸び良→そのまま採用。悪→飛び組に差し替え。circle_pct上位2艇に絞り込むこと。\n展示で1号艇スタート超安定(0.132秒)→ヒモ固まり方向に注意'}",,,26.1,逃げ狙い,15.98,24.3,3,,,,,,,,,,,
2025-12-13,丸亀,10,1,秋山広一,A2,48.48,1,◎,65.5097,,0,93.7,0.1343,2.5476,,,0,低,90,0,逃0%,1342,0,67.3,1.0337,0.72,,,,,0,0.168,0.168,◎,,A,△,,,0.651,,0.6419,S,89,0,◎1着固定 2-3着流し（5〜8点）,0.5777,"{'is_target': True, 'verdict': '参加推奨', 'max_combo_prob': 0.0871, 'est_top_odds': 15.3, 'circle_concentration': 67.9, 'eligible_count': 6, 'bet_adj': 2, 'reason': 'rel_win1=65.5%（本命度） / 最有力組み合わせ確率: 0.087（推定実オッズ?15倍） / 2着集中度: 上位2艇 67.9%（補正+0.00） / 総合判定確率: 0.087 / → ヒモ分散。1号艇1着固定で広めのヒモ流し推奨（買い目+2点）', 'tenji_trigger': '展示確認: ヒモ分散レース。1号艇伸び確認後、広めのヒモ流しを採用。穴ヒモ（5・6号艇）を積極的に含める。\n展示で1号艇スタート超安定(0.134秒)→ヒモ固まり方向に注意'}",,,26.8,逃げ狙い,15.14,27.2,3,,,,,0,0,0.7559,0,,逃げ軸流し,A
2025-12-13,丸亀,10,2,藤田美代,B1,37.68,2,,6.9474,23.8,70,41.2,0.1791,3.4265,,,0,低,85,0,差0%,666,0,46.4,0.7078,0,0.0667,0,0,0,0.04,0.4,0.04,,,C,,,0.064,0.564,,0.6419,S,89,0,◎1着固定 2-3着流し（5〜8点）,0.5777,"{'is_target': True, 'verdict': '参加推奨', 'max_combo_prob': 0.0871, 'est_top_odds': 15.3, 'circle_concentration': 67.9, 'eligible_count': 6, 'bet_adj': 2, 'reason': 'rel_win1=65.5%（本命度） / 最有力組み合わせ確率: 0.087（推定実オッズ?15倍） / 2着集中度: 上位2艇 67.9%（補正+0.00） / 総合判定確率: 0.087 / → ヒモ分散。1号艇1着固定で広めのヒモ流し推奨（買い目+2点）', 'tenji_trigger': '展示確認: ヒモ分散レース。1号艇伸び確認後、広めのヒモ流しを採用。穴ヒモ（5・6号艇）を積極的に含める。\n展示で1号艇スタート超安定(0.134秒)→ヒモ固まり方向に注意'}",,,26.8,逃げ狙い,15.14,27.2,3,,,,,,,,,,,
2025-12-13,丸亀,10,3,赤坂俊輔,A1,15.52,3,△,14.4932,39.5,76,73.9,0.1428,2.8846,,,0,低,76,0,差0% ま0% 差ま0%,4424,0,60.9,1.4163,0,0.1,0.0333,0.1333,0,0.0095,0.1321,0.0286,,,E,◎,,0.2697,0.668,,0.6419,S,89,0,◎1着固定 2-3着流し（5〜8点）,0.5777,"{'is_target': True, 'verdict': '参加推奨', 'max_combo_prob': 0.0871, 'est_top_odds': 15.3, 'circle_concentration': 67.9, 'eligible_count': 6, 'bet_adj': 2, 'reason': 'rel_win1=65.5%（本命度） / 最有力組み合わせ確率: 0.087（推定実オッズ?15倍） / 2着集中度: 上位2艇 67.9%（補正+0.00） / 総合判定確率: 0.087 / → ヒモ分散。1号艇1着固定で広めのヒモ流し推奨（買い目+2点）', 'tenji_trigger': '展示確認: ヒモ分散レース。1号艇伸び確認後、広めのヒモ流しを採用。穴ヒモ（5・6号艇）を積極的に含める。\n展示で1号艇スタート超安定(0.134秒)→ヒモ固まり方向に注意'}",,,26.8,逃げ狙い,15.14,27.2,3,,,,,,,,,,,
2025-12-13,丸亀,10,4,岡部大輝,B1,37.88,4,○,8.1668,28.4,47,50,0.1617,3.2212,,,0,低,84,0,-,124,0,100,1.9866,0,0.0952,0.0476,0.0476,0,0.1832,0.1832,0.0211,,,C,○,◎,0.1882,0.66,0.3721,0.6419,S,89,0,◎1着固定 2-3着流し（5〜8点）,0.5777,"{'is_target': True, 'verdict': '参加推奨', 'max_combo_prob': 0.0871, 'est_top_odds': 15.3, 'circle_concentration': 67.9, 'eligible_count': 6, 'bet_adj': 2, 'reason': 'rel_win1=65.5%（本命度） / 最有力組み合わせ確率: 0.087（推定実オッズ?15倍） / 2着集中度: 上位2艇 67.9%（補正+0.00） / 総合判定確率: 0.087 / → ヒモ分散。1号艇1着固定で広めのヒモ流し推奨（買い目+2点）', 'tenji_trigger': '展示確認: ヒモ分散レース。1号艇伸び確認後、広めのヒモ流しを採用。穴ヒモ（5・6号艇）を積極的に含める。\n展示で1号艇スタート超安定(0.134秒)→ヒモ固まり方向に注意'}",,,26.8,逃げ狙い,15.14,27.2,3,,,,,,,,,,,
2025-12-13,丸亀,10,5,佐竹恒彦,A2,21.82,5,,2.9702,1.7,80,35.4,0.1648,3.6146,,,0,低,110,0,-,333,0,27.5,1.0071,,,,,,0.032,0.2514,0.2194,,,E,,,0.2149,0.6025,,0.6419,S,89,0,◎1着固定 2-3着流し（5〜8点）,0.5777,"{'is_target': True, 'verdict': '参加推奨', 'max_combo_prob': 0.0871, 'est_top_odds': 15.3, 'circle_concentration': 67.9, 'eligible_count': 6, 'bet_adj': 2, 'reason': 'rel_win1=65.5%（本命度） / 最有力組み合わせ確率: 0.087（推定実オッズ?15倍） / 2着集中度: 上位2艇 67.9%（補正+0.00） / 総合判定確率: 0.087 / → ヒモ分散。1号艇1着固定で広めのヒモ流し推奨（買い目+2点）', 'tenji_trigger': '展示確認: ヒモ分散レース。1号艇伸び確認後、広めのヒモ流しを採用。穴ヒモ（5・6号艇）を積極的に含める。\n展示で1号艇スタート超安定(0.134秒)→ヒモ固まり方向に注意'}",,,26.8,逃げ狙い,15.14,27.2,3,,,,,,,,,,,
2025-12-13,丸亀,10,6,北村征嗣,A1,38.46,6,▲,1.9127,6.6,100,53.7,0.189,4.2805,,,0,低,114,0,-,1132,0,34.3,0.8381,,,,,,0.0186,0.1742,0.0825,,,B,△,,0.1359,0.656,,0.6419,S,89,0,◎1着固定 2-3着流し（5〜8点）,0.5777,"{'is_target': True, 'verdict': '参加推奨', 'max_combo_prob': 0.0871, 'est_top_odds': 15.3, 'circle_concentration': 67.9, 'eligible_count': 6, 'bet_adj': 2, 'reason': 'rel_win1=65.5%（本命度） / 最有力組み合わせ確率: 0.087（推定実オッズ?15倍） / 2着集中度: 上位2艇 67.9%（補正+0.00） / 総合判定確率: 0.087 / → ヒモ分散。1号艇1着固定で広めのヒモ流し推奨（買い目+2点）', 'tenji_trigger': '展示確認: ヒモ分散レース。1号艇伸び確認後、広めのヒモ流しを採用。穴ヒモ（5・6号艇）を積極的に含める。\n展示で1号艇スタート超安定(0.134秒)→ヒモ固まり方向に注意'}",,,26.8,逃げ狙い,15.14,27.2,3,,,,,,,,,,,
2025-12-13,丸亀,11,1,川野芽唯,A1,53.97,1,◎,63.0251,,0,88.9,0.1722,3.8472,,,0,低,72,0,逃0%,3321,0,80.6,0.9835,0.8333,,,,,0,0.0556,0.0556,○,,A,△,,,0.625,,0.4232,S,83,0,◎1着固定 2-3着流し（5〜8点）,0.5777,"{'is_target': True, 'verdict': '点数絞り', 'max_combo_prob': 0.1111, 'est_top_odds': 12.0, 'circle_concentration': 85.2, 'eligible_count': 6, 'bet_adj': 0, 'reason': 'rel_win1=63.0%（本命度） / 最有力組み合わせ確率: 0.111（推定実オッズ?12倍） / 2着集中度: 上位2艇 85.2%（補正+0.04） / 総合判定確率: 0.151 / → ヒモはやや固め。上位2艇以外を切ること', 'tenji_trigger': '展示確認: 1号艇伸び良→そのまま採用。悪→飛び組に差し替え。circle_pct上位2艇に絞り込むこと。'}",,,27.2,逃げ狙い,19.57,24.5,2,,,,,0,0,0.6155,0,,逃げ軸流し,A
2025-12-13,丸亀,11,2,向井美鈴,A2,43.75,2,○,18.0028,46.3,76,64.3,0.1709,3.4643,,,0,低,136,0,ま0%,2541,0,60.6,1.1372,0,0,0.12,0,0.04,0.264,0.048,0.116,,△,B,,,0.3303,0.604,,0.4232,S,83,0,◎1着固定 2-3着流し（5〜8点）,0.5777,"{'is_target': True, 'verdict': '点数絞り', 'max_combo_prob': 0.1111, 'est_top_odds': 12.0, 'circle_concentration': 85.2, 'eligible_count': 6, 'bet_adj': 0, 'reason': 'rel_win1=63.0%（本命度） / 最有力組み合わせ確率: 0.111（推定実オッズ?12倍） / 2着集中度: 上位2艇 85.2%（補正+0.04） / 総合判定確率: 0.151 / → ヒモはやや固め。上位2艇以外を切ること', 'tenji_trigger': '展示確認: 1号艇伸び良→そのまま採用。悪→飛び組に差し替え。circle_pct上位2艇に絞り込むこと。'}",,,27.2,逃げ狙い,19.57,24.5,2,,,,,,,,,,,
2025-12-13,丸亀,11,3,寺島美里,B1,41.54,3,▲,10.7043,38.8,73,54.8,0.1403,2.7903,,,0,低,67,0,ま0%,564,0,48.1,1.0521,0,0,0.1,0,0,0,0,0.4444,,◎,C,△,,0.4582,0.6185,,0.4232,S,83,0,◎1着固定 2-3着流し（5〜8点）,0.5777,"{'is_target': True, 'verdict': '点数絞り', 'max_combo_prob': 0.1111, 'est_top_odds': 12.0, 'circle_concentration': 85.2, 'eligible_count': 6, 'bet_adj': 0, 'reason': 'rel_win1=63.0%（本命度） / 最有力組み合わせ確率: 0.111（推定実オッズ?12倍） / 2着集中度: 上位2艇 85.2%（補正+0.04） / 総合判定確率: 0.151 / → ヒモはやや固め。上位2艇以外を切ること', 'tenji_trigger': '展示確認: 1号艇伸び良→そのまま採用。悪→飛び組に差し替え。circle_pct上位2艇に絞り込むこと。'}",,,27.2,逃げ狙い,19.57,24.5,2,,,,,,,,,,,
2025-12-13,丸亀,11,4,野田彩加,B1,33.33,4,,5.5596,6.3,100,51.8,0.1889,4.0185,,,0,低,56,0,ま0%,564,0,55.3,0.9574,0,0,0.0909,0,0,0.1,0.2,0.2,,,D,○,,0.2358,0.6425,,0.4232,S,83,0,◎1着固定 2-3着流し（5〜8点）,0.5777,"{'is_target': True, 'verdict': '点数絞り', 'max_combo_prob': 0.1111, 'est_top_odds': 12.0, 'circle_concentration': 85.2, 'eligible_count': 6, 'bet_adj': 0, 'reason': 'rel_win1=63.0%（本命度） / 最有力組み合わせ確率: 0.111（推定実オッズ?12倍） / 2着集中度: 上位2艇 85.2%（補正+0.04） / 総合判定確率: 0.151 / → ヒモはやや固め。上位2艇以外を切ること', 'tenji_trigger': '展示確認: 1号艇伸び良→そのまま採用。悪→飛び組に差し替え。circle_pct上位2艇に絞り込むこと。'}",,,27.2,逃げ狙い,19.57,24.5,2,,,,,,,,,,,
2025-12-13,丸亀,11,5,池田紫乃,B1,34.92,5,△,1.5196,4.9,45,9.7,0.1632,3.9355,,,0,低,61,0,-,165,0,25.9,0.679,,,,,,0.3333,0.1667,0,,,D,△,,0.34,0.6185,,0.4232,S,83,0,◎1着固定 2-3着流し（5〜8点）,0.5777,"{'is_target': True, 'verdict': '点数絞り', 'max_combo_prob': 0.1111, 'est_top_odds': 12.0, 'circle_concentration': 85.2, 'eligible_count': 6, 'bet_adj': 0, 'reason': 'rel_win1=63.0%（本命度） / 最有力組み合わせ確率: 0.111（推定実オッズ?12倍） / 2着集中度: 上位2艇 85.2%（補正+0.04） / 総合判定確率: 0.151 / → ヒモはやや固め。上位2艇以外を切ること', 'tenji_trigger': '展示確認: 1号艇伸び良→そのまま採用。悪→飛び組に差し替え。circle_pct上位2艇に絞り込むこと。'}",,,27.2,逃げ狙い,19.57,24.5,2,,,,,,,,,,,
2025-12-13,丸亀,11,6,池　千夏,B1,22.41,6,,1.1887,3.6,45,25,0.1688,4.0625,,,0,低,8,1,-,4 25,0,41.6,1.0667,,,,,,0,0.3714,0.3143,,,E,◎,,0.3208,0.7065,,0.4232,S,83,0,◎1着固定 2-3着流し（5〜8点）,0.5777,"{'is_target': True, 'verdict': '点数絞り', 'max_combo_prob': 0.1111, 'est_top_odds': 12.0, 'circle_concentration': 85.2, 'eligible_count': 6, 'bet_adj': 0, 'reason': 'rel_win1=63.0%（本命度） / 最有力組み合わせ確率: 0.111（推定実オッズ?12倍） / 2着集中度: 上位2艇 85.2%（補正+0.04） / 総合判定確率: 0.151 / → ヒモはやや固め。上位2艇以外を切ること', 'tenji_trigger': '展示確認: 1号艇伸び良→そのまま採用。悪→飛び組に差し替え。circle_pct上位2艇に絞り込むこと。'}",,,27.2,逃げ狙い,19.57,24.5,2,,,,,,,,,,,
2025-12-13,丸亀,12,1,柴田　光,A1,50.79,1,◎,58.4249,,0,90.8,0.1585,3.2077,,,0,低,58,0,逃1%,2211,0,88.7,1.1631,0.6154,,,,,0,0.1538,0.1154,○,,A,,,,0.6475,,0.4266,S,84,0,◎1着固定 2-3着流し（5〜8点）,0.5777,"{'is_target': True, 'verdict': '参加推奨', 'max_combo_prob': 0.0761, 'est_top_odds': 17.5, 'circle_concentration': 66.8, 'eligible_count': 6, 'bet_adj': 2, 'reason': 'rel_win1=58.4%（本命度） / 最有力組み合わせ確率: 0.076（推定実オッズ?18倍） / 2着集中度: 上位2艇 66.8%（補正+0.00） / 総合判定確率: 0.076 / → ヒモ分散。1号艇1着固定で広めのヒモ流し推奨（買い目+2点）', 'tenji_trigger': '展示確認: ヒモ分散レース。1号艇伸び確認後、広めのヒモ流しを採用。穴ヒモ（5・6号艇）を積極的に含める。'}",,,29.5,逃げ狙い,23.81,27.5,3,,,,,0,0,0.6155,0,,逃げ軸流し,A
2025-12-13,丸亀,12,2,中山　将,A2,18.33,2,,12.5887,41.4,76,70.2,0.1326,2.7281,,,0,低,86,0,差0% 抜0%,2333,0,55.9,1.1228,0,0.16,0,0,0.08,0.0741,0.0741,0.0741,,◎,E,,,0.5871,0.62,,0.4266,S,84,0,◎1着固定 2-3着流し（5〜8点）,0.5777,"{'is_target': True, 'verdict': '参加推奨', 'max_combo_prob': 0.0761, 'est_top_odds': 17.5, 'circle_concentration': 66.8, 'eligible_count': 6, 'bet_adj': 2, 'reason': 'rel_win1=58.4%（本命度） / 最有力組み合わせ確率: 0.076（推定実オッズ?18倍） / 2着集中度: 上位2艇 66.8%（補正+0.00） / 総合判定確率: 0.076 / → ヒモ分散。1号艇1着固定で広めのヒモ流し推奨（買い目+2点）', 'tenji_trigger': '展示確認: ヒモ分散レース。1号艇伸び確認後、広めのヒモ流しを採用。穴ヒモ（5・6号艇）を積極的に含める。'}",,,29.5,逃げ狙い,23.81,27.5,3,,,,,,,,,,,
2025-12-13,丸亀,12,3,吉田俊彦,A2,39.06,3,○,14.0422,25.4,66,65.8,0.1517,2.8537,,,0,低,80,0,-,3441,0,61.3,1.304,0,0.0417,0.125,0.0417,0,0.0953,0,0.2259,,,C,△,,0.3349,0.6545,,0.4266,S,84,0,◎1着固定 2-3着流し（5〜8点）,0.5777,"{'is_target': True, 'verdict': '参加推奨', 'max_combo_prob': 0.0761, 'est_top_odds': 17.5, 'circle_concentration': 66.8, 'eligible_count': 6, 'bet_adj': 2, 'reason': 'rel_win1=58.4%（本命度） / 最有力組み合わせ確率: 0.076（推定実オッズ?18倍） / 2着集中度: 上位2艇 66.8%（補正+0.00） / 総合判定確率: 0.076 / → ヒモ分散。1号艇1着固定で広めのヒモ流し推奨（買い目+2点）', 'tenji_trigger': '展示確認: ヒモ分散レース。1号艇伸び確認後、広めのヒモ流しを採用。穴ヒモ（5・6号艇）を積極的に含める。'}",,,29.5,逃げ狙い,23.81,27.5,3,,,,,,,,,,,
2025-12-13,丸亀,12,4,山田晃大,A1,27.69,4,△,9.9721,20.1,100,61.8,0.1333,2.3273,,,0,低,63,0,-,S555,0,22.8,0.6302,0,0.0645,0,0.0323,0.0323,0.0089,0.1911,0.1822,,,D,△,◎,0.3829,0.655,0.4579,0.4266,S,84,0,◎1着固定 2-3着流し（5〜8点）,0.5777,"{'is_target': True, 'verdict': '参加推奨', 'max_combo_prob': 0.0761, 'est_top_odds': 17.5, 'circle_concentration': 66.8, 'eligible_count': 6, 'bet_adj': 2, 'reason': 'rel_win1=58.4%（本命度） / 最有力組み合わせ確率: 0.076（推定実オッズ?18倍） / 2着集中度: 上位2艇 66.8%（補正+0.00） / 総合判定確率: 0.076 / → ヒモ分散。1号艇1着固定で広めのヒモ流し推奨（買い目+2点）', 'tenji_trigger': '展示確認: ヒモ分散レース。1号艇伸び確認後、広めのヒモ流しを採用。穴ヒモ（5・6号艇）を積極的に含める。'}",,,29.5,逃げ狙い,23.81,27.5,3,,,,,,,,,,,
2025-12-13,丸亀,12,5,宮崎　奨,A2,29.85,5,,3.8766,9.7,94,52.6,0.176,3.9561,,,0,低,134,0,-,3133,0,59.8,1.1412,,,,,,0.0343,0.1571,0.2686,,,D,○,,0.2576,0.658,,0.4266,S,84,0,◎1着固定 2-3着流し（5〜8点）,0.5777,"{'is_target': True, 'verdict': '参加推奨', 'max_combo_prob': 0.0761, 'est_top_odds': 17.5, 'circle_concentration': 66.8, 'eligible_count': 6, 'bet_adj': 2, 'reason': 'rel_win1=58.4%（本命度） / 最有力組み合わせ確率: 0.076（推定実オッズ?18倍） / 2着集中度: 上位2艇 66.8%（補正+0.00） / 総合判定確率: 0.076 / → ヒモ分散。1号艇1着固定で広めのヒモ流し推奨（買い目+2点）', 'tenji_trigger': '展示確認: ヒモ分散レース。1号艇伸び確認後、広めのヒモ流しを採用。穴ヒモ（5・6号艇）を積極的に含める。'}",,,29.5,逃げ狙い,23.81,27.5,3,,,,,,,,,,,
2025-12-13,丸亀,12,6,前田　翔,A1,41.27,6,▲,1.0955,3.4,58,20.8,0.1721,4.3958,,,0,低,48,0,-,2122,0,41.4,0.9303,,,,,,0.0952,0.0476,0.0952,,,B,◎,,0.2667,0.6585,,0.4266,S,84,0,◎1着固定 2-3着流し（5〜8点）,0.5777,"{'is_target': True, 'verdict': '参加推奨', 'max_combo_prob': 0.0761, 'est_top_odds': 17.5, 'circle_concentration': 66.8, 'eligible_count': 6, 'bet_adj': 2, 'reason': 'rel_win1=58.4%（本命度） / 最有力組み合わせ確率: 0.076（推定実オッズ?18倍） / 2着集中度: 上位2艇 66.8%（補正+0.00） / 総合判定確率: 0.076 / → ヒモ分散。1号艇1着固定で広めのヒモ流し推奨（買い目+2点）', 'tenji_trigger': '展示確認: ヒモ分散レース。1号艇伸び確認後、広めのヒモ流しを採用。穴ヒモ（5・6号艇）を積極的に含める。'}",,,29.5,逃げ狙い,23.81,27.5,3,,,,,,,,,,,
2025-12-14,丸亀,1,1,田中宏典,B1,41.54,1,◎,63.1671,,0,68.2,0.1809,4.4773,,,0,低,103,0,逃1%,4 6 3S,0,78.6,0.9482,0.5833,,,,,0,0.1,0.2167,△,,A,,,,0.581,,0.2342,B,56,0,◎○△フォーメーション（15〜20点）,0.5777,"{'is_target': True, 'verdict': '点数絞り', 'max_combo_prob': 0.095, 'est_top_odds': 14.0, 'circle_concentration': 83.4, 'eligible_count': 9, 'bet_adj': 0, 'reason': 'rel_win1=63.2%（本命度） / 最有力組み合わせ確率: 0.095（推定実オッズ?14倍） / 2着集中度: 上位2艇 83.4%（補正+0.04） / 総合判定確率: 0.135 / → ヒモはやや固め。上位2艇以外を切ること', 'tenji_trigger': '展示確認: 1号艇伸び良→そのまま採用。悪→飛び組に差し替え。circle_pct上位2艇に絞り込むこと。\n展示で1号艇スタート遅め(0.181秒)確認→ヒモが荒れやすい'}",,,25.7,両建て推奨,8,30.1,3,5-1-2|5-1-3|5-1-6|5-2-1|5-3-1|5-2-3|5-2-6|1-3-5|1-2-5|1-2-3|5-1-4|1-3-4,5-1-2|5-1-3|5-1-6|5-2-1|5-3-1|5-2-3|5-2-6|1-3-5|1-2-5|1-2-3|5-1-4|1-3-4,5-1-2:1.9%|5-1-3:1.87%|5-1-6:1.51%|5-2-1:1.12%|5-3-1:0.71%|5-2-3:0.53%|5-2-6:0.42%|1-3-5:6.1%|1-2-5:5.97%|1-2-3:5.88%|5-1-4:5.26%|1-3-4:4.55%,5-1-2:B_main|5-1-3:B_main|5-1-6:B_main|5-2-1:B_main|5-3-1:B_main|5-2-3:B_main|5-2-6:B_main|1-3-5:A|1-2-5:A|1-2-3:A|5-1-4:B_sc|1-3-4:A,12,12,0.4535,1,[!]見送り推奨（主役決まり手「まくり差し」― 逃げ劣勢レースで的中実績なし）,主役軸流し,B
2025-12-14,丸亀,1,2,川上清人,B1,35.09,2,△,9.3837,42,63,38.2,0.1868,4.0809,,,0,低,150,0,-,4 533,0,31.7,0.7845,0,0.037,0.037,0,0,0.3733,0.0381,0.1962,,,B,△,,0.2482,0.595,,0.2342,B,56,0,◎○△フォーメーション（15〜20点）,0.5777,"{'is_target': True, 'verdict': '点数絞り', 'max_combo_prob': 0.095, 'est_top_odds': 14.0, 'circle_concentration': 83.4, 'eligible_count': 9, 'bet_adj': 0, 'reason': 'rel_win1=63.2%（本命度） / 最有力組み合わせ確率: 0.095（推定実オッズ?14倍） / 2着集中度: 上位2艇 83.4%（補正+0.04） / 総合判定確率: 0.135 / → ヒモはやや固め。上位2艇以外を切ること', 'tenji_trigger': '展示確認: 1号艇伸び良→そのまま採用。悪→飛び組に差し替え。circle_pct上位2艇に絞り込むこと。\n展示で1号艇スタート遅め(0.181秒)確認→ヒモが荒れやすい'}",,,25.7,両建て推奨,8,30.1,3,,,,,,,,,,,
2025-12-14,丸亀,1,3,石岡将太,B1,39.66,3,○,13.3286,41.5,100,52.2,0.1729,3.3406,,,0,低,108,0,ま0%,241 43,0,56.2,1.0821,0,0,0.129,0,0,0.2159,0.1153,0.1185,,,B,○,,0.3482,0.6615,,0.2342,B,56,0,◎○△フォーメーション（15〜20点）,0.5777,"{'is_target': True, 'verdict': '点数絞り', 'max_combo_prob': 0.095, 'est_top_odds': 14.0, 'circle_concentration': 83.4, 'eligible_count': 9, 'bet_adj': 0, 'reason': 'rel_win1=63.2%（本命度） / 最有力組み合わせ確率: 0.095（推定実オッズ?14倍） / 2着集中度: 上位2艇 83.4%（補正+0.04） / 総合判定確率: 0.135 / → ヒモはやや固め。上位2艇以外を切ること', 'tenji_trigger': '展示確認: 1号艇伸び良→そのまま採用。悪→飛び組に差し替え。circle_pct上位2艇に絞り込むこと。\n展示で1号艇スタート遅め(0.181秒)確認→ヒモが荒れやすい'}",,,25.7,両建て推奨,8,30.1,3,,,,,,,,,,,
2025-12-14,丸亀,1,4,金子順一,B1,15.38,4,,7.0772,7.2,78,21,0.1985,4.3387,,,0,低,148,0,-,6 665,0,19.1,0.6289,0,0,0,0.0333,0,0.38,0.18,0.064,,,E,△,,0.2109,0.6315,,0.2342,B,56,0,◎○△フォーメーション（15〜20点）,0.5777,"{'is_target': True, 'verdict': '点数絞り', 'max_combo_prob': 0.095, 'est_top_odds': 14.0, 'circle_concentration': 83.4, 'eligible_count': 9, 'bet_adj': 0, 'reason': 'rel_win1=63.2%（本命度） / 最有力組み合わせ確率: 0.095（推定実オッズ?14倍） / 2着集中度: 上位2艇 83.4%（補正+0.04） / 総合判定確率: 0.135 / → ヒモはやや固め。上位2艇以外を切ること', 'tenji_trigger': '展示確認: 1号艇伸び良→そのまま採用。悪→飛び組に差し替え。circle_pct上位2艇に絞り込むこと。\n展示で1号艇スタート遅め(0.181秒)確認→ヒモが荒れやすい'}",,,25.7,両建て推奨,8,30.1,3,,,,,,,,,,,
2025-12-14,丸亀,1,5,池　千夏,B1,22.41,5,▲,5.8222,8.9,83,22.2,0.1356,2.5556,,,0,低,8,1,-,4 2546,0,41.4,0.7348,,,,,,0,0.3714,0.3143,,◎,D,◎,,0.4581,0.7065,,0.2342,B,56,0,◎○△フォーメーション（15〜20点）,0.5777,"{'is_target': True, 'verdict': '点数絞り', 'max_combo_prob': 0.095, 'est_top_odds': 14.0, 'circle_concentration': 83.4, 'eligible_count': 9, 'bet_adj': 0, 'reason': 'rel_win1=63.2%（本命度） / 最有力組み合わせ確率: 0.095（推定実オッズ?14倍） / 2着集中度: 上位2艇 83.4%（補正+0.04） / 総合判定確率: 0.135 / → ヒモはやや固め。上位2艇以外を切ること', 'tenji_trigger': '展示確認: 1号艇伸び良→そのまま採用。悪→飛び組に差し替え。circle_pct上位2艇に絞り込むこと。\n展示で1号艇スタート遅め(0.181秒)確認→ヒモが荒れやすい'}",,,25.7,両建て推奨,8,30.1,3,,,,,,,,,,,
2025-12-14,丸亀,1,6,井上慧人,B1,18.64,6,,1.2212,0.5,18,4.7,0.1847,4.2642,,,0,低,110,0,-,623 6,0,24.8,0.5594,,,,,,0,0.7,0,,,E,,,0.2979,0.578,,0.2342,B,56,0,◎○△フォーメーション（15〜20点）,0.5777,"{'is_target': True, 'verdict': '点数絞り', 'max_combo_prob': 0.095, 'est_top_odds': 14.0, 'circle_concentration': 83.4, 'eligible_count': 9, 'bet_adj': 0, 'reason': 'rel_win1=63.2%（本命度） / 最有力組み合わせ確率: 0.095（推定実オッズ?14倍） / 2着集中度: 上位2艇 83.4%（補正+0.04） / 総合判定確率: 0.135 / → ヒモはやや固め。上位2艇以外を切ること', 'tenji_trigger': '展示確認: 1号艇伸び良→そのまま採用。悪→飛び組に差し替え。circle_pct上位2艇に絞り込むこと。\n展示で1号艇スタート遅め(0.181秒)確認→ヒモが荒れやすい'}",,,25.7,両建て推奨,8,30.1,3,,,,,,,,,,,
2025-12-14,丸亀,2,1,寺島美里,B1,41.54,1,◎,51.0003,,0,88.5,0.1581,2.75,,,0,低,67,0,逃0%,564 61,0,74.1,1.1106,0.4444,,,,,0,0,0.4444,○,,B,,,,0.6185,,0.4466,A,79,0,◎-○軸 3着3〜4艇流し（10〜15点）,0.5777,"{'is_target': True, 'verdict': '参加推奨', 'max_combo_prob': 0.0785, 'est_top_odds': 17.0, 'circle_concentration': 67.8, 'eligible_count': 8, 'bet_adj': 2, 'reason': 'rel_win1=51.0%（本命度） / 最有力組み合わせ確率: 0.078（推定実オッズ?17倍） / 2着集中度: 上位2艇 67.8%（補正+0.00） / 総合判定確率: 0.078 / → ヒモ分散。1号艇1着固定で広めのヒモ流し推奨（買い目+2点）', 'tenji_trigger': '展示確認: ヒモ分散レース。1号艇伸び確認後、広めのヒモ流しを採用。穴ヒモ（5・6号艇）を積極的に含める。'}",,,21.5,逃げ狙い,13.08,28.1,2,,,,,0,0,0.6155,0,,逃げ軸流し,A
2025-12-14,丸亀,2,2,松村康太,A2,48.48,2,▲,13.7108,41.4,100,77.5,0.1856,4.2606,,,0,低,166,0,-,341 52,0,40.3,0.9109,0,0.0303,0.0303,0,0.0303,0.22,0.1756,0.2689,,,A,△,,0.0554,0.6195,,0.4466,A,79,0,◎-○軸 3着3〜4艇流し（10〜15点）,0.5777,"{'is_target': True, 'verdict': '参加推奨', 'max_combo_prob': 0.0785, 'est_top_odds': 17.0, 'circle_concentration': 67.8, 'eligible_count': 8, 'bet_adj': 2, 'reason': 'rel_win1=51.0%（本命度） / 最有力組み合わせ確率: 0.078（推定実オッズ?17倍） / 2着集中度: 上位2艇 67.8%（補正+0.00） / 総合判定確率: 0.078 / → ヒモ分散。1号艇1着固定で広めのヒモ流し推奨（買い目+2点）', 'tenji_trigger': '展示確認: ヒモ分散レース。1号艇伸び確認後、広めのヒモ流しを採用。穴ヒモ（5・6号艇）を積極的に含める。'}",,,21.5,逃げ狙い,13.08,28.1,2,,,,,,,,,,,
2025-12-14,丸亀,2,3,伊藤喜智,B1,30.88,3,,11.3912,26.4,84,62.5,0.1722,4.1562,,,0,低,184,0,差ま0%,4 S61,0,23.3,0.771,0,0,0.0417,0.0833,0,0.2075,0.1379,0.0174,,,D,○,,0.2275,0.646,,0.4466,A,79,0,◎-○軸 3着3〜4艇流し（10〜15点）,0.5777,"{'is_target': True, 'verdict': '参加推奨', 'max_combo_prob': 0.0785, 'est_top_odds': 17.0, 'circle_concentration': 67.8, 'eligible_count': 8, 'bet_adj': 2, 'reason': 'rel_win1=51.0%（本命度） / 最有力組み合わせ確率: 0.078（推定実オッズ?17倍） / 2着集中度: 上位2艇 67.8%（補正+0.00） / 総合判定確率: 0.078 / → ヒモ分散。1号艇1着固定で広めのヒモ流し推奨（買い目+2点）', 'tenji_trigger': '展示確認: ヒモ分散レース。1号艇伸び確認後、広めのヒモ流しを採用。穴ヒモ（5・6号艇）を積極的に含める。'}",,,21.5,逃げ狙い,13.08,28.1,2,,,,,,,,,,,
2025-12-14,丸亀,2,4,渡邊裕貴,B1,41.94,4,○,12.102,14.7,65,42.3,0.1548,3.2115,,,0,低,99,0,-,1 135,0,78.9,1.5706,0,0.0455,0.0909,0,0,0,0.2311,0.1644,,,B,△,○,0.3118,0.6215,0.3125,0.4466,A,79,0,◎-○軸 3着3〜4艇流し（10〜15点）,0.5777,"{'is_target': True, 'verdict': '参加推奨', 'max_combo_prob': 0.0785, 'est_top_odds': 17.0, 'circle_concentration': 67.8, 'eligible_count': 8, 'bet_adj': 2, 'reason': 'rel_win1=51.0%（本命度） / 最有力組み合わせ確率: 0.078（推定実オッズ?17倍） / 2着集中度: 上位2艇 67.8%（補正+0.00） / 総合判定確率: 0.078 / → ヒモ分散。1号艇1着固定で広めのヒモ流し推奨（買い目+2点）', 'tenji_trigger': '展示確認: ヒモ分散レース。1号艇伸び確認後、広めのヒモ流しを採用。穴ヒモ（5・6号艇）を積極的に含める。'}",,,21.5,逃げ狙い,13.08,28.1,2,,,,,,,,,,,
2025-12-14,丸亀,2,5,山田晃大,A1,27.69,5,△,9.1578,16.7,48,38.8,0.132,2.8776,,,0,低,63,0,-,S55512,0,97.2,1.8771,0,0,0,0.0741,0,0.0089,0.1911,0.1822,,,E,◎,◎,0.3732,0.655,0.4146,0.4466,A,79,0,◎-○軸 3着3〜4艇流し（10〜15点）,0.5777,"{'is_target': True, 'verdict': '参加推奨', 'max_combo_prob': 0.0785, 'est_top_odds': 17.0, 'circle_concentration': 67.8, 'eligible_count': 8, 'bet_adj': 2, 'reason': 'rel_win1=51.0%（本命度） / 最有力組み合わせ確率: 0.078（推定実オッズ?17倍） / 2着集中度: 上位2艇 67.8%（補正+0.00） / 総合判定確率: 0.078 / → ヒモ分散。1号艇1着固定で広めのヒモ流し推奨（買い目+2点）', 'tenji_trigger': '展示確認: ヒモ分散レース。1号艇伸び確認後、広めのヒモ流しを採用。穴ヒモ（5・6号艇）を積極的に含める。'}",,,21.5,逃げ狙い,13.08,28.1,2,,,,,,,,,,,
2025-12-14,丸亀,2,6,國分将太,B1,36.36,6,,2.6379,0.8,29,26.2,0.2107,4.8929,,,0,低,111,0,-,5 646,0,31.4,1.0975,,,,,,0,0.6154,0,,,C,,,0.1453,0.585,,0.4466,A,79,0,◎-○軸 3着3〜4艇流し（10〜15点）,0.5777,"{'is_target': True, 'verdict': '参加推奨', 'max_combo_prob': 0.0785, 'est_top_odds': 17.0, 'circle_concentration': 67.8, 'eligible_count': 8, 'bet_adj': 2, 'reason': 'rel_win1=51.0%（本命度） / 最有力組み合わせ確率: 0.078（推定実オッズ?17倍） / 2着集中度: 上位2艇 67.8%（補正+0.00） / 総合判定確率: 0.078 / → ヒモ分散。1号艇1着固定で広めのヒモ流し推奨（買い目+2点）', 'tenji_trigger': '展示確認: ヒモ分散レース。1号艇伸び確認後、広めのヒモ流しを採用。穴ヒモ（5・6号艇）を積極的に含める。'}",,,21.5,逃げ狙い,13.08,28.1,2,,,,,,,,,,,
2025-12-14,丸亀,3,1,富永夏哉,B1,21.43,1,◎,47.3485,,0,70,0.14,3.175,,,0,低,104,0,逃1%,5 123,0,58.7,0.9056,0.6,,,,,0.04,0.28,0,◎,,E,,,,0.5565,,0.5012,B,59,0,◎○△フォーメーション（15〜20点）,0.5777,"{'is_target': True, 'verdict': '点数絞り', 'max_combo_prob': 0.1097, 'est_top_odds': 12.2, 'circle_concentration': 73.5, 'eligible_count': 9, 'bet_adj': 0, 'reason': 'rel_win1=47.3%（本命度） / 最有力組み合わせ確率: 0.110（推定実オッズ?12倍） / 2着集中度: 上位2艇 73.5%（補正+0.04） / 総合判定確率: 0.150 / → ヒモはやや固め。上位2艇以外を切ること', 'tenji_trigger': '展示確認: 1号艇伸び良→そのまま採用。悪→飛び組に差し替え。circle_pct上位2艇に絞り込むこと。'}",,,28.5,両建て推奨,17.73,29.7,2,,,,,0,0,0.7559,0,,逃げ軸流し,A
2025-12-14,丸亀,3,2,吉田俊彦,A2,39.06,2,▲,21.8338,54.6,80,79.6,0.151,2.8776,,,0,低,80,0,-,344135,0,100,3.2052,0,0.1852,0.0741,0,0,0.0953,0,0.2259,,,C,○,,0.2297,0.6545,,0.5012,B,59,0,◎○△フォーメーション（15〜20点）,0.5777,"{'is_target': True, 'verdict': '点数絞り', 'max_combo_prob': 0.1097, 'est_top_odds': 12.2, 'circle_concentration': 73.5, 'eligible_count': 9, 'bet_adj': 0, 'reason': 'rel_win1=47.3%（本命度） / 最有力組み合わせ確率: 0.110（推定実オッズ?12倍） / 2着集中度: 上位2艇 73.5%（補正+0.04） / 総合判定確率: 0.150 / → ヒモはやや固め。上位2艇以外を切ること', 'tenji_trigger': '展示確認: 1号艇伸び良→そのまま採用。悪→飛び組に差し替え。circle_pct上位2艇に絞り込むこと。'}",,,28.5,両建て推奨,17.73,29.7,2,,,,,,,,,,,
2025-12-14,丸亀,3,3,中本大樹,B1,43.08,3,○,13.3339,18.8,59,40,0.1611,3.2857,,,0,低,68,0,-,5 354,0,38.7,0.9369,0,0,0,0.087,0,0.25,0.1667,0.0833,,,A,△,,0.1877,0.5725,,0.5012,B,59,0,◎○△フォーメーション（15〜20点）,0.5777,"{'is_target': True, 'verdict': '点数絞り', 'max_combo_prob': 0.1097, 'est_top_odds': 12.2, 'circle_concentration': 73.5, 'eligible_count': 9, 'bet_adj': 0, 'reason': 'rel_win1=47.3%（本命度） / 最有力組み合わせ確率: 0.110（推定実オッズ?12倍） / 2着集中度: 上位2艇 73.5%（補正+0.04） / 総合判定確率: 0.150 / → ヒモはやや固め。上位2艇以外を切ること', 'tenji_trigger': '展示確認: 1号艇伸び良→そのまま採用。悪→飛び組に差し替え。circle_pct上位2艇に絞り込むこと。'}",,,28.5,両建て推奨,17.73,29.7,2,,,,,,,,,,,
2025-12-14,丸亀,3,4,藤田美代,B1,37.68,4,,4.4992,10.1,64,22.9,0.1923,4.2429,,,0,低,85,0,-,666 36,0,17.6,0.5391,,,,,,0.04,0.4,0.04,,,D,△,,0.1368,0.564,,0.5012,B,59,0,◎○△フォーメーション（15〜20点）,0.5777,"{'is_target': True, 'verdict': '点数絞り', 'max_combo_prob': 0.1097, 'est_top_odds': 12.2, 'circle_concentration': 73.5, 'eligible_count': 9, 'bet_adj': 0, 'reason': 'rel_win1=47.3%（本命度） / 最有力組み合わせ確率: 0.110（推定実オッズ?12倍） / 2着集中度: 上位2艇 73.5%（補正+0.04） / 総合判定確率: 0.150 / → ヒモはやや固め。上位2艇以外を切ること', 'tenji_trigger': '展示確認: 1号艇伸び良→そのまま採用。悪→飛び組に差し替え。circle_pct上位2艇に絞り込むこと。'}",,,28.5,両建て推奨,17.73,29.7,2,,,,,,,,,,,
2025-12-14,丸亀,3,5,北村征嗣,A1,38.46,5,,11.1847,13.2,100,54.2,0.1669,3.5508,,,0,低,114,0,差ま0%,113213,0,83.3,1.661,0,0,0,0.08,0,0.0186,0.1742,0.0825,,,C,◎,◎,0.2044,0.656,0.3638,0.5012,B,59,0,◎○△フォーメーション（15〜20点）,0.5777,"{'is_target': True, 'verdict': '点数絞り', 'max_combo_prob': 0.1097, 'est_top_odds': 12.2, 'circle_concentration': 73.5, 'eligible_count': 9, 'bet_adj': 0, 'reason': 'rel_win1=47.3%（本命度） / 最有力組み合わせ確率: 0.110（推定実オッズ?12倍） / 2着集中度: 上位2艇 73.5%（補正+0.04） / 総合判定確率: 0.150 / → ヒモはやや固め。上位2艇以外を切ること', 'tenji_trigger': '展示確認: 1号艇伸び良→そのまま採用。悪→飛び組に差し替え。circle_pct上位2艇に絞り込むこと。'}",,,28.5,両建て推奨,17.73,29.7,2,,,,,,,,,,,
2025-12-14,丸亀,3,6,森　陽多,B1,39.68,6,△,1.7999,3.2,13,7.2,0.1807,4.2971,,,0,低,64,0,抜0%,6 566,0,34.9,0.7822,0,0,0,0,0.05,0,0.4,0.2,,,B,,,0.183,0.472,,0.5012,B,59,0,◎○△フォーメーション（15〜20点）,0.5777,"{'is_target': True, 'verdict': '点数絞り', 'max_combo_prob': 0.1097, 'est_top_odds': 12.2, 'circle_concentration': 73.5, 'eligible_count': 9, 'bet_adj': 0, 'reason': 'rel_win1=47.3%（本命度） / 最有力組み合わせ確率: 0.110（推定実オッズ?12倍） / 2着集中度: 上位2艇 73.5%（補正+0.04） / 総合判定確率: 0.150 / → ヒモはやや固め。上位2艇以外を切ること', 'tenji_trigger': '展示確認: 1号艇伸び良→そのまま採用。悪→飛び組に差し替え。circle_pct上位2艇に絞り込むこと。'}",,,28.5,両建て推奨,17.73,29.7,2,,,,,,,,,,,
2025-12-14,丸亀,4,1,岡部大輝,B1,37.88,1,◎,60.416,,0,80,0.1324,2.2444,,,0,低,84,0,逃1%,124 54,0,78.4,0.8972,0.6316,,,,,0.1832,0.1832,0.0211,◎,,C,○,,,0.66,,0.7155,S,81,0,◎1着固定 2-3着流し（5〜8点）,0.5777,"{'is_target': True, 'verdict': '参加推奨', 'max_combo_prob': 0.1022, 'est_top_odds': 13.1, 'circle_concentration': 67.7, 'eligible_count': 6, 'bet_adj': 2, 'reason': 'rel_win1=60.4%（本命度） / 最有力組み合わせ確率: 0.102（推定実オッズ?13倍） / 2着集中度: 上位2艇 67.7%（補正+0.00） / 総合判定確率: 0.102 / → ヒモ分散。1号艇1着固定で広めのヒモ流し推奨（買い目+2点）', 'tenji_trigger': '展示確認: ヒモ分散レース。1号艇伸び確認後、広めのヒモ流しを採用。穴ヒモ（5・6号艇）を積極的に含める。\n展示で1号艇スタート超安定(0.132秒)→ヒモ固まり方向に注意'}",,,27.3,逃げ狙い,12.02,31.3,2,,,,,0,0,0.7559,0,,逃げ軸流し,A
2025-12-14,丸亀,4,2,赤坂俊輔,A1,15.52,2,,13.477,44.3,78,76,0.1526,2.67,,,0,低,76,0,-,442442,0,66.1,1.0721,0,0,0,0,0.0417,0.0095,0.1321,0.0286,,,E,◎,,0.1255,0.668,,0.7155,S,81,0,◎1着固定 2-3着流し（5〜8点）,0.5777,"{'is_target': True, 'verdict': '参加推奨', 'max_combo_prob': 0.1022, 'est_top_odds': 13.1, 'circle_concentration': 67.7, 'eligible_count': 6, 'bet_adj': 2, 'reason': 'rel_win1=60.4%（本命度） / 最有力組み合わせ確率: 0.102（推定実オッズ?13倍） / 2着集中度: 上位2艇 67.7%（補正+0.00） / 総合判定確率: 0.102 / → ヒモ分散。1号艇1着固定で広めのヒモ流し推奨（買い目+2点）', 'tenji_trigger': '展示確認: ヒモ分散レース。1号艇伸び確認後、広めのヒモ流しを採用。穴ヒモ（5・6号艇）を積極的に含める。\n展示で1号艇スタート超安定(0.132秒)→ヒモ固まり方向に注意'}",,,27.3,逃げ狙い,12.02,31.3,2,,,,,,,,,,,
2025-12-14,丸亀,4,3,高橋直哉,B1,47.62,3,○,10.2087,20.1,82,47.9,0.1811,3.4789,,,0,低,172,0,-,153 2S,0,18.5,0.6283,0,0,0.0345,0.0345,0,0.05,0.2833,0.05,,,B,,,0.1074,0.606,,0.7155,S,81,0,◎1着固定 2-3着流し（5〜8点）,0.5777,"{'is_target': True, 'verdict': '参加推奨', 'max_combo_prob': 0.1022, 'est_top_odds': 13.1, 'circle_concentration': 67.7, 'eligible_count': 6, 'bet_adj': 2, 'reason': 'rel_win1=60.4%（本命度） / 最有力組み合わせ確率: 0.102（推定実オッズ?13倍） / 2着集中度: 上位2艇 67.7%（補正+0.00） / 総合判定確率: 0.102 / → ヒモ分散。1号艇1着固定で広めのヒモ流し推奨（買い目+2点）', 'tenji_trigger': '展示確認: ヒモ分散レース。1号艇伸び確認後、広めのヒモ流しを採用。穴ヒモ（5・6号艇）を積極的に含める。\n展示で1号艇スタート超安定(0.132秒)→ヒモ固まり方向に注意'}",,,27.3,逃げ狙い,12.02,31.3,2,,,,,,,,,,,
2025-12-14,丸亀,4,4,宮崎　奨,A2,29.85,4,,5.9216,23.4,100,70.2,0.1772,3.694,,,0,低,134,0,-,313323,0,57.7,0.9634,0,0,0,0.0333,0,0.0343,0.1571,0.2686,,,D,△,,0.1079,0.658,,0.7155,S,81,0,◎1着固定 2-3着流し（5〜8点）,0.5777,"{'is_target': True, 'verdict': '参加推奨', 'max_combo_prob': 0.1022, 'est_top_odds': 13.1, 'circle_concentration': 67.7, 'eligible_count': 6, 'bet_adj': 2, 'reason': 'rel_win1=60.4%（本命度） / 最有力組み合わせ確率: 0.102（推定実オッズ?13倍） / 2着集中度: 上位2艇 67.7%（補正+0.00） / 総合判定確率: 0.102 / → ヒモ分散。1号艇1着固定で広めのヒモ流し推奨（買い目+2点）', 'tenji_trigger': '展示確認: ヒモ分散レース。1号艇伸び確認後、広めのヒモ流しを採用。穴ヒモ（5・6号艇）を積極的に含める。\n展示で1号艇スタート超安定(0.132秒)→ヒモ固まり方向に注意'}",,,27.3,逃げ狙い,12.02,31.3,2,,,,,,,,,,,
2025-12-14,丸亀,4,5,小柳勝希,B2,39.06,5,△,6.5192,5.1,45,9.1,0.1818,3.3636,,,0,低,42,1,-,523 5,0,39.6,0.7019,,,,,,,,,,,C,,,0.1567,0.504,,0.7155,S,81,0,◎1着固定 2-3着流し（5〜8点）,0.5777,"{'is_target': True, 'verdict': '参加推奨', 'max_combo_prob': 0.1022, 'est_top_odds': 13.1, 'circle_concentration': 67.7, 'eligible_count': 6, 'bet_adj': 2, 'reason': 'rel_win1=60.4%（本命度） / 最有力組み合わせ確率: 0.102（推定実オッズ?13倍） / 2着集中度: 上位2艇 67.7%（補正+0.00） / 総合判定確率: 0.102 / → ヒモ分散。1号艇1着固定で広めのヒモ流し推奨（買い目+2点）', 'tenji_trigger': '展示確認: ヒモ分散レース。1号艇伸び確認後、広めのヒモ流しを採用。穴ヒモ（5・6号艇）を積極的に含める。\n展示で1号艇スタート超安定(0.132秒)→ヒモ固まり方向に注意'}",,,27.3,逃げ狙い,12.02,31.3,2,,,,,,,,,,,
2025-12-14,丸亀,4,6,三宅　潤,A2,58.46,6,▲,3.4575,7.1,35,29.5,0.2152,5.2377,,,0,低,174,0,-,1 2221,0,33.8,0.8325,,,,,,0.0222,0.0444,0.2111,,,A,△,,0.135,0.6355,,0.7155,S,81,0,◎1着固定 2-3着流し（5〜8点）,0.5777,"{'is_target': True, 'verdict': '参加推奨', 'max_combo_prob': 0.1022, 'est_top_odds': 13.1, 'circle_concentration': 67.7, 'eligible_count': 6, 'bet_adj': 2, 'reason': 'rel_win1=60.4%（本命度） / 最有力組み合わせ確率: 0.102（推定実オッズ?13倍） / 2着集中度: 上位2艇 67.7%（補正+0.00） / 総合判定確率: 0.102 / → ヒモ分散。1号艇1着固定で広めのヒモ流し推奨（買い目+2点）', 'tenji_trigger': '展示確認: ヒモ分散レース。1号艇伸び確認後、広めのヒモ流しを採用。穴ヒモ（5・6号艇）を積極的に含める。\n展示で1号艇スタート超安定(0.132秒)→ヒモ固まり方向に注意'}",,,27.3,逃げ狙い,12.02,31.3,2,,,,,,,,,,,
2025-12-14,丸亀,5,1,野田彩加,B1,33.33,1,◎,47.4998,,0,92.6,0.1544,2.7037,,,0,低,56,0,逃0%,564 43,0,81.8,1.1393,0.5,,,,,0.1,0.2,0.2,◎,,D,,,,0.6425,,0.4618,A,75,0,◎-○軸 3着3〜4艇流し（10〜15点）,0.5777,"{'is_target': True, 'verdict': '参加推奨', 'max_combo_prob': 0.0596, 'est_top_odds': 22.4, 'circle_concentration': 63.2, 'eligible_count': 8, 'bet_adj': 2, 'reason': 'rel_win1=47.5%（本命度） / 最有力組み合わせ確率: 0.060（推定実オッズ?22倍） / 2着集中度: 上位2艇 63.2%（補正+0.00） / 総合判定確率: 0.060 / → ヒモ分散。1号艇1着固定で広めのヒモ流し推奨（買い目+2点）', 'tenji_trigger': '展示確認: ヒモ分散レース。1号艇伸び確認後、広めのヒモ流しを採用。穴ヒモ（5・6号艇）を積極的に含める。'}",,,30,逃げ狙い,19.49,32.5,3,,,,,0,0,0.7559,0,,逃げ軸流し,A
2025-12-14,丸亀,5,2,木場雄二,B1,35.48,2,△,9.2034,29.3,60,42.5,0.1818,4.3219,,,0,低,139,0,ま0%,3 146,0,63.8,0.7259,0,0,0.0625,0,0,0.1508,0.0615,0.0154,,,C,◎,,0.0578,0.6955,,0.4618,A,75,0,◎-○軸 3着3〜4艇流し（10〜15点）,0.5777,"{'is_target': True, 'verdict': '参加推奨', 'max_combo_prob': 0.0596, 'est_top_odds': 22.4, 'circle_concentration': 63.2, 'eligible_count': 8, 'bet_adj': 2, 'reason': 'rel_win1=47.5%（本命度） / 最有力組み合わせ確率: 0.060（推定実オッズ?22倍） / 2着集中度: 上位2艇 63.2%（補正+0.00） / 総合判定確率: 0.060 / → ヒモ分散。1号艇1着固定で広めのヒモ流し推奨（買い目+2点）', 'tenji_trigger': '展示確認: ヒモ分散レース。1号艇伸び確認後、広めのヒモ流しを採用。穴ヒモ（5・6号艇）を積極的に含める。'}",,,30,逃げ狙い,19.49,32.5,3,,,,,,,,,,,
2025-12-14,丸亀,5,3,河合三弘,B1,31.75,3,,16.7127,33.9,48,47.4,0.1967,4.0263,,,0,低,158,0,-,5 2565,0,19.2,0.7252,,,,,,0.2132,0.1053,0.2342,,,D,,,0.1383,0.612,,0.4618,A,75,0,◎-○軸 3着3〜4艇流し（10〜15点）,0.5777,"{'is_target': True, 'verdict': '参加推奨', 'max_combo_prob': 0.0596, 'est_top_odds': 22.4, 'circle_concentration': 63.2, 'eligible_count': 8, 'bet_adj': 2, 'reason': 'rel_win1=47.5%（本命度） / 最有力組み合わせ確率: 0.060（推定実オッズ?22倍） / 2着集中度: 上位2艇 63.2%（補正+0.00） / 総合判定確率: 0.060 / → ヒモ分散。1号艇1着固定で広めのヒモ流し推奨（買い目+2点）', 'tenji_trigger': '展示確認: ヒモ分散レース。1号艇伸び確認後、広めのヒモ流しを採用。穴ヒモ（5・6号艇）を積極的に含める。'}",,,30,逃げ狙い,19.49,32.5,3,,,,,,,,,,,
2025-12-14,丸亀,5,4,吉村　誠,A2,26.56,4,,11.8453,16,100,58.3,0.14,2.8958,,,0,低,86,0,ま0% 差ま0%,21253,0,66.9,1.2947,0,0,0.0385,0.0385,0,0.0098,0.0195,0.1735,,,E,○,◎,0.3406,0.675,0.3832,0.4618,A,75,0,◎-○軸 3着3〜4艇流し（10〜15点）,0.5777,"{'is_target': True, 'verdict': '参加推奨', 'max_combo_prob': 0.0596, 'est_top_odds': 22.4, 'circle_concentration': 63.2, 'eligible_count': 8, 'bet_adj': 2, 'reason': 'rel_win1=47.5%（本命度） / 最有力組み合わせ確率: 0.060（推定実オッズ?22倍） / 2着集中度: 上位2艇 63.2%（補正+0.00） / 総合判定確率: 0.060 / → ヒモ分散。1号艇1着固定で広めのヒモ流し推奨（買い目+2点）', 'tenji_trigger': '展示確認: ヒモ分散レース。1号艇伸び確認後、広めのヒモ流しを採用。穴ヒモ（5・6号艇）を積極的に含める。'}",,,30,逃げ狙い,19.49,32.5,3,,,,,,,,,,,
2025-12-14,丸亀,5,5,秋山広一,A2,48.48,5,○,12.056,17.3,62,50,0.1584,3.58,,,0,低,90,0,-,13421,0,29.2,1.2293,0,0,0.0526,0.1579,0,0,0.168,0.168,,,B,△,○,0.3015,0.651,0.3343,0.4618,A,75,0,◎-○軸 3着3〜4艇流し（10〜15点）,0.5777,"{'is_target': True, 'verdict': '参加推奨', 'max_combo_prob': 0.0596, 'est_top_odds': 22.4, 'circle_concentration': 63.2, 'eligible_count': 8, 'bet_adj': 2, 'reason': 'rel_win1=47.5%（本命度） / 最有力組み合わせ確率: 0.060（推定実オッズ?22倍） / 2着集中度: 上位2艇 63.2%（補正+0.00） / 総合判定確率: 0.060 / → ヒモ分散。1号艇1着固定で広めのヒモ流し推奨（買い目+2点）', 'tenji_trigger': '展示確認: ヒモ分散レース。1号艇伸び確認後、広めのヒモ流しを採用。穴ヒモ（5・6号艇）を積極的に含める。'}",,,30,逃げ狙い,19.49,32.5,3,,,,,,,,,,,
2025-12-14,丸亀,5,6,柴田　光,A1,50.79,6,▲,2.6828,3.5,48,50,0.18,5,,,0,低,58,1,-,221121,0,93.4,1.8747,,,,,,0,0.1538,0.1154,,,A,△,,0.2284,0.6475,,0.4618,A,75,0,◎-○軸 3着3〜4艇流し（10〜15点）,0.5777,"{'is_target': True, 'verdict': '参加推奨', 'max_combo_prob': 0.0596, 'est_top_odds': 22.4, 'circle_concentration': 63.2, 'eligible_count': 8, 'bet_adj': 2, 'reason': 'rel_win1=47.5%（本命度） / 最有力組み合わせ確率: 0.060（推定実オッズ?22倍） / 2着集中度: 上位2艇 63.2%（補正+0.00） / 総合判定確率: 0.060 / → ヒモ分散。1号艇1着固定で広めのヒモ流し推奨（買い目+2点）', 'tenji_trigger': '展示確認: ヒモ分散レース。1号艇伸び確認後、広めのヒモ流しを採用。穴ヒモ（5・6号艇）を積極的に含める。'}",,,30,逃げ狙い,19.49,32.5,3,,,,,,,,,,,
2025-12-14,丸亀,6,1,花田凱成,B2,43.55,1,◎,57.3318,,0,63.2,0.1468,3.1316,,,0,低,83,0,逃0%,5 1 33,0,69.7,0.874,0.3077,,,,,0.2731,0.5731,0.0308,○⚠️,,C,,,,0.623,,0.4464,B,59,0,◎○△フォーメーション（15〜20点）,0.5777,"{'is_target': True, 'verdict': '参加推奨', 'max_combo_prob': 0.0721, 'est_top_odds': 18.5, 'circle_concentration': 67.0, 'eligible_count': 9, 'bet_adj': 2, 'reason': 'rel_win1=57.3%（本命度） / 最有力組み合わせ確率: 0.072（推定実オッズ?18倍） / 2着集中度: 上位2艇 67.0%（補正+0.00） / 総合判定確率: 0.072 / → ヒモ分散。1号艇1着固定で広めのヒモ流し推奨（買い目+2点）', 'tenji_trigger': '展示確認: ヒモ分散レース。1号艇伸び確認後、広めのヒモ流しを採用。穴ヒモ（5・6号艇）を積極的に含める。'}",,,31.2,両建て推奨,11.4,42.8,3,3-4-6|3-5-4|3-5-6|3-4-5|3-6-4|3-6-5|3-4-1|1-3-4|1-3-6|1-5-4|1-5-3,3-4-6|3-5-4|3-5-6|3-4-5|3-6-4|3-6-5|3-4-1|1-3-4|1-3-6|5-1-6|1-5-4|1-5-3,3-4-6:1.66%|3-5-4:1.52%|3-5-6:1.48%|3-4-5:1.42%|3-6-4:0.63%|3-6-5:0.52%|3-4-1:0.27%|1-3-4:6.21%|1-3-6:4.74%|1-5-4:4.21%|1-5-3:3.54%,3-4-6:B_main|3-5-4:B_main|3-5-6:B_main|3-4-5:B_main|3-6-4:B_main|3-6-5:B_main|3-4-1:B_main|1-3-4:A|1-3-6:A|1-5-4:A|1-5-3:A,11,12,0.4535,1,[!]見送り推奨（主役決まり手「まくり」― 逃げ劣勢レースで的中実績なし）,主役軸流し,B
2025-12-14,丸亀,6,2,金子順一,B1,15.38,2,,8.8445,19.5,88,35.3,0.1729,3.8824,,,0,低,148,0,差0%,6 665,0,19.8,0.6257,0,0.0667,0,0,0,0.38,0.18,0.064,,,E,△,,0.064,0.6315,,0.4464,B,59,0,◎○△フォーメーション（15〜20点）,0.5777,"{'is_target': True, 'verdict': '参加推奨', 'max_combo_prob': 0.0721, 'est_top_odds': 18.5, 'circle_concentration': 67.0, 'eligible_count': 9, 'bet_adj': 2, 'reason': 'rel_win1=57.3%（本命度） / 最有力組み合わせ確率: 0.072（推定実オッズ?18倍） / 2着集中度: 上位2艇 67.0%（補正+0.00） / 総合判定確率: 0.072 / → ヒモ分散。1号艇1着固定で広めのヒモ流し推奨（買い目+2点）', 'tenji_trigger': '展示確認: ヒモ分散レース。1号艇伸び確認後、広めのヒモ流しを採用。穴ヒモ（5・6号艇）を積極的に含める。'}",,,31.2,両建て推奨,11.4,42.8,3,,,,,,,,,,,
2025-12-14,丸亀,6,3,赤羽克也,A2,45.31,3,○,14.4637,43.2,94,66.1,0.1619,3.1532,,,0,低,137,0,差ま0%,444 41,0,78.9,0.9048,0,0,0.1481,0.0741,0.037,0.2828,0.1885,0.0138,,,B,○,,0.2385,0.633,,0.4464,B,59,0,◎○△フォーメーション（15〜20点）,0.5777,"{'is_target': True, 'verdict': '参加推奨', 'max_combo_prob': 0.0721, 'est_top_odds': 18.5, 'circle_concentration': 67.0, 'eligible_count': 9, 'bet_adj': 2, 'reason': 'rel_win1=57.3%（本命度） / 最有力組み合わせ確率: 0.072（推定実オッズ?18倍） / 2着集中度: 上位2艇 67.0%（補正+0.00） / 総合判定確率: 0.072 / → ヒモ分散。1号艇1着固定で広めのヒモ流し推奨（買い目+2点）', 'tenji_trigger': '展示確認: ヒモ分散レース。1号艇伸び確認後、広めのヒモ流しを採用。穴ヒモ（5・6号艇）を積極的に含める。'}",,,31.2,両建て推奨,11.4,42.8,3,,,,,,,,,,,
2025-12-14,丸亀,6,4,上之晃弘,B1,47.76,4,▲,8.4864,11.7,100,38.6,0.1621,3.3786,,,0,低,123,0,-,164 25,0,78.1,1.2674,0,0,0.08,0.04,0,0.0545,0.0727,0.2045,,,B,◎,◎,0.2356,0.659,0.2811,0.4464,B,59,0,◎○△フォーメーション（15〜20点）,0.5777,"{'is_target': True, 'verdict': '参加推奨', 'max_combo_prob': 0.0721, 'est_top_odds': 18.5, 'circle_concentration': 67.0, 'eligible_count': 9, 'bet_adj': 2, 'reason': 'rel_win1=57.3%（本命度） / 最有力組み合わせ確率: 0.072（推定実オッズ?18倍） / 2着集中度: 上位2艇 67.0%（補正+0.00） / 総合判定確率: 0.072 / → ヒモ分散。1号艇1着固定で広めのヒモ流し推奨（買い目+2点）', 'tenji_trigger': '展示確認: ヒモ分散レース。1号艇伸び確認後、広めのヒモ流しを採用。穴ヒモ（5・6号艇）を積極的に含める。'}",,,31.2,両建て推奨,11.4,42.8,3,,,,,,,,,,,
2025-12-14,丸亀,6,5,中山　将,A2,18.33,5,,6.6067,23.7,83,44.6,0.1434,2.6339,,,0,低,86,0,ま0%,233356,0,41.9,1.265,0,0,0.0476,0,0,0.0741,0.0741,0.0741,,,E,,,0.2984,0.62,,0.4464,B,59,0,◎○△フォーメーション（15〜20点）,0.5777,"{'is_target': True, 'verdict': '参加推奨', 'max_combo_prob': 0.0721, 'est_top_odds': 18.5, 'circle_concentration': 67.0, 'eligible_count': 9, 'bet_adj': 2, 'reason': 'rel_win1=57.3%（本命度） / 最有力組み合わせ確率: 0.072（推定実オッズ?18倍） / 2着集中度: 上位2艇 67.0%（補正+0.00） / 総合判定確率: 0.072 / → ヒモ分散。1号艇1着固定で広めのヒモ流し推奨（買い目+2点）', 'tenji_trigger': '展示確認: ヒモ分散レース。1号艇伸び確認後、広めのヒモ流しを採用。穴ヒモ（5・6号艇）を積極的に含める。'}",,,31.2,両建て推奨,11.4,42.8,3,,,,,,,,,,,
2025-12-14,丸亀,6,6,川野芽唯,A1,53.97,6,△,4.2669,1.8,73,48,0.2012,5.04,,,0,低,72,0,-,332122,0,81.7,1.4472,0,0,0,0,0.0769,0,0.0556,0.0556,,,A,△,,0.1399,0.625,,0.4464,B,59,0,◎○△フォーメーション（15〜20点）,0.5777,"{'is_target': True, 'verdict': '参加推奨', 'max_combo_prob': 0.0721, 'est_top_odds': 18.5, 'circle_concentration': 67.0, 'eligible_count': 9, 'bet_adj': 2, 'reason': 'rel_win1=57.3%（本命度） / 最有力組み合わせ確率: 0.072（推定実オッズ?18倍） / 2着集中度: 上位2艇 67.0%（補正+0.00） / 総合判定確率: 0.072 / → ヒモ分散。1号艇1着固定で広めのヒモ流し推奨（買い目+2点）', 'tenji_trigger': '展示確認: ヒモ分散レース。1号艇伸び確認後、広めのヒモ流しを採用。穴ヒモ（5・6号艇）を積極的に含める。'}",,,31.2,両建て推奨,11.4,42.8,3,,,,,,,,,,,
2025-12-14,丸亀,7,1,佐竹恒彦,A2,21.82,1,◎,57.8305,,0,86.5,0.1352,2.7692,,,0,低,110,0,逃0% 抜0%,333 15,0,80.4,0.9456,0.48,,,,,0.032,0.2514,0.2194,◎,,D,△,,,0.6025,,0.5993,A,73,0,◎-○軸 3着3〜4艇流し（10〜15点）,0.5777,"{'is_target': True, 'verdict': '参加推奨', 'max_combo_prob': 0.0744, 'est_top_odds': 17.9, 'circle_concentration': 59.5, 'eligible_count': 8, 'bet_adj': 2, 'reason': 'rel_win1=57.8%（本命度） / 最有力組み合わせ確率: 0.074（推定実オッズ?18倍） / 2着集中度: 上位2艇 59.5%（補正+0.00） / 総合判定確率: 0.074 / → ヒモ分散。1号艇1着固定で広めのヒモ流し推奨（買い目+2点）', 'tenji_trigger': '展示確認: ヒモ分散レース。1号艇伸び確認後、広めのヒモ流しを採用。穴ヒモ（5・6号艇）を積極的に含める。\n展示で1号艇スタート超安定(0.135秒)→ヒモ固まり方向に注意'}",,,27.8,逃げ狙い,14.28,30.7,4,,,,,0,0,0.7559,0,,逃げ軸流し,A
2025-12-14,丸亀,7,2,伊藤喜智,B1,30.88,2,△,13.4935,40.1,80,54.5,0.2002,4.5,,,0,低,184,0,-,4 S61,0,55.3,1.0774,0,0.0741,0.037,0,0.037,0.2075,0.1379,0.0174,,,C,○,,0.0693,0.646,,0.5993,A,73,0,◎-○軸 3着3〜4艇流し（10〜15点）,0.5777,"{'is_target': True, 'verdict': '参加推奨', 'max_combo_prob': 0.0744, 'est_top_odds': 17.9, 'circle_concentration': 59.5, 'eligible_count': 8, 'bet_adj': 2, 'reason': 'rel_win1=57.8%（本命度） / 最有力組み合わせ確率: 0.074（推定実オッズ?18倍） / 2着集中度: 上位2艇 59.5%（補正+0.00） / 総合判定確率: 0.074 / → ヒモ分散。1号艇1着固定で広めのヒモ流し推奨（買い目+2点）', 'tenji_trigger': '展示確認: ヒモ分散レース。1号艇伸び確認後、広めのヒモ流しを採用。穴ヒモ（5・6号艇）を積極的に含める。\n展示で1号艇スタート超安定(0.135秒)→ヒモ固まり方向に注意'}",,,27.8,逃げ狙い,14.28,30.7,4,,,,,,,,,,,
2025-12-14,丸亀,7,3,井上慧人,B1,18.64,3,,11.6598,19,83,27.3,0.2482,4.2273,,,0,低,110,1,差ま0%,623 6,0,52.6,0.73,0,0,0,0.0909,0,0,0.7,0,,,E,,,0.1481,0.578,,0.5993,A,73,0,◎-○軸 3着3〜4艇流し（10〜15点）,0.5777,"{'is_target': True, 'verdict': '参加推奨', 'max_combo_prob': 0.0744, 'est_top_odds': 17.9, 'circle_concentration': 59.5, 'eligible_count': 8, 'bet_adj': 2, 'reason': 'rel_win1=57.8%（本命度） / 最有力組み合わせ確率: 0.074（推定実オッズ?18倍） / 2着集中度: 上位2艇 59.5%（補正+0.00） / 総合判定確率: 0.074 / → ヒモ分散。1号艇1着固定で広めのヒモ流し推奨（買い目+2点）', 'tenji_trigger': '展示確認: ヒモ分散レース。1号艇伸び確認後、広めのヒモ流しを採用。穴ヒモ（5・6号艇）を積極的に含める。\n展示で1号艇スタート超安定(0.135秒)→ヒモ固まり方向に注意'}",,,27.8,逃げ狙い,14.28,30.7,4,,,,,,,,,,,
2025-12-14,丸亀,7,4,原村拓也,B1,28.79,4,,12.0865,16.8,100,50.7,0.1842,3.7536,,,0,低,159,0,差0%,335 14,0,62.2,1.0645,0,0.0286,0,0,0.0571,0.3114,0.1257,0.02,,,D,,◎,0.1407,0.5855,0.2364,0.5993,A,73,0,◎-○軸 3着3〜4艇流し（10〜15点）,0.5777,"{'is_target': True, 'verdict': '参加推奨', 'max_combo_prob': 0.0744, 'est_top_odds': 17.9, 'circle_concentration': 59.5, 'eligible_count': 8, 'bet_adj': 2, 'reason': 'rel_win1=57.8%（本命度） / 最有力組み合わせ確率: 0.074（推定実オッズ?18倍） / 2着集中度: 上位2艇 59.5%（補正+0.00） / 総合判定確率: 0.074 / → ヒモ分散。1号艇1着固定で広めのヒモ流し推奨（買い目+2点）', 'tenji_trigger': '展示確認: ヒモ分散レース。1号艇伸び確認後、広めのヒモ流しを採用。穴ヒモ（5・6号艇）を積極的に含める。\n展示で1号艇スタート超安定(0.135秒)→ヒモ固まり方向に注意'}",,,27.8,逃げ狙い,14.28,30.7,4,,,,,,,,,,,
2025-12-14,丸亀,7,5,向井美鈴,A2,43.75,5,○,3.1691,19.3,68,38.3,0.1787,4.0426,,,0,低,136,0,-,254164,0,48.2,0.7862,,,,,,0.264,0.048,0.116,,,A,△,,0.2135,0.604,,0.5993,A,73,0,◎-○軸 3着3〜4艇流し（10〜15点）,0.5777,"{'is_target': True, 'verdict': '参加推奨', 'max_combo_prob': 0.0744, 'est_top_odds': 17.9, 'circle_concentration': 59.5, 'eligible_count': 8, 'bet_adj': 2, 'reason': 'rel_win1=57.8%（本命度） / 最有力組み合わせ確率: 0.074（推定実オッズ?18倍） / 2着集中度: 上位2艇 59.5%（補正+0.00） / 総合判定確率: 0.074 / → ヒモ分散。1号艇1着固定で広めのヒモ流し推奨（買い目+2点）', 'tenji_trigger': '展示確認: ヒモ分散レース。1号艇伸び確認後、広めのヒモ流しを採用。穴ヒモ（5・6号艇）を積極的に含める。\n展示で1号艇スタート超安定(0.135秒)→ヒモ固まり方向に注意'}",,,27.8,逃げ狙い,14.28,30.7,4,,,,,,,,,,,
2025-12-14,丸亀,7,6,前田　翔,A1,41.27,6,▲,1.7606,4.7,61,20.8,0.1721,4.3958,,,0,低,48,0,-,212214,0,26.1,0.9058,,,,,,0.0952,0.0476,0.0952,,,B,◎,,0.2303,0.6585,,0.5993,A,73,0,◎-○軸 3着3〜4艇流し（10〜15点）,0.5777,"{'is_target': True, 'verdict': '参加推奨', 'max_combo_prob': 0.0744, 'est_top_odds': 17.9, 'circle_concentration': 59.5, 'eligible_count': 8, 'bet_adj': 2, 'reason': 'rel_win1=57.8%（本命度） / 最有力組み合わせ確率: 0.074（推定実オッズ?18倍） / 2着集中度: 上位2艇 59.5%（補正+0.00） / 総合判定確率: 0.074 / → ヒモ分散。1号艇1着固定で広めのヒモ流し推奨（買い目+2点）', 'tenji_trigger': '展示確認: ヒモ分散レース。1号艇伸び確認後、広めのヒモ流しを採用。穴ヒモ（5・6号艇）を積極的に含める。\n展示で1号艇スタート超安定(0.135秒)→ヒモ固まり方向に注意'}",,,27.8,逃げ狙い,14.28,30.7,4,,,,,,,,,,,
2025-12-14,丸亀,8,1,古結　宏,A1,46.77,1,◎,71.1213,,0,91.5,0.1418,3.1408,,,0,低,59,0,逃1%,261614,0,74.7,1.0328,0.7143,,,,,0.0143,0,0.0571,◎,,A,◎,,,0.677,,0.5957,S,82,0,◎1着固定 2-3着流し（5〜8点）,0.5777,"{'is_target': True, 'verdict': '点数絞り', 'max_combo_prob': 0.1258, 'est_top_odds': 10.6, 'circle_concentration': 68.9, 'eligible_count': 6, 'bet_adj': 0, 'reason': 'rel_win1=71.1%（本命度） / 最有力組み合わせ確率: 0.126（推定実オッズ?11倍） / 2着集中度: 上位2艇 68.9%（補正+0.00） / 総合判定確率: 0.126 / → ヒモはやや固め。上位2艇以外を切ること', 'tenji_trigger': '展示確認: 1号艇伸び良→そのまま採用。悪→飛び組に差し替え。circle_pct上位2艇に絞り込むこと。'}",,,25.3,逃げ狙い,15.39,22.6,2,,,,,0,0,0.7559,0,,逃げ軸流し,A
2025-12-14,丸亀,8,2,中村　尊,A2,26.87,2,△,10.5078,51.6,100,63.3,0.143,2.8417,,,0,低,55,0,-,4255S,0,91.5,0.7174,0,0.0909,0.0909,0,0,0.24,0.04,0.0667,,,D,○,,0.3094,0.6655,,0.5957,S,82,0,◎1着固定 2-3着流し（5〜8点）,0.5777,"{'is_target': True, 'verdict': '点数絞り', 'max_combo_prob': 0.1258, 'est_top_odds': 10.6, 'circle_concentration': 68.9, 'eligible_count': 6, 'bet_adj': 0, 'reason': 'rel_win1=71.1%（本命度） / 最有力組み合わせ確率: 0.126（推定実オッズ?11倍） / 2着集中度: 上位2艇 68.9%（補正+0.00） / 総合判定確率: 0.126 / → ヒモはやや固め。上位2艇以外を切ること', 'tenji_trigger': '展示確認: 1号艇伸び良→そのまま採用。悪→飛び組に差し替え。circle_pct上位2艇に絞り込むこと。'}",,,25.3,逃げ狙い,15.39,22.6,2,,,,,,,,,,,
2025-12-14,丸亀,8,3,池田紫乃,B1,34.92,3,○,9.0155,17.3,78,40,0.172,3.58,,,0,低,61,0,-,165 65,0,57.1,1.2604,0,0.0625,0.0625,0,0,0.3333,0.1667,0,,,C,△,,0.1394,0.6185,,0.5957,S,82,0,◎1着固定 2-3着流し（5〜8点）,0.5777,"{'is_target': True, 'verdict': '点数絞り', 'max_combo_prob': 0.1258, 'est_top_odds': 10.6, 'circle_concentration': 68.9, 'eligible_count': 6, 'bet_adj': 0, 'reason': 'rel_win1=71.1%（本命度） / 最有力組み合わせ確率: 0.126（推定実オッズ?11倍） / 2着集中度: 上位2艇 68.9%（補正+0.00） / 総合判定確率: 0.126 / → ヒモはやや固め。上位2艇以外を切ること', 'tenji_trigger': '展示確認: 1号艇伸び良→そのまま採用。悪→飛び組に差し替え。circle_pct上位2艇に絞り込むこと。'}",,,25.3,逃げ狙い,15.39,22.6,2,,,,,,,,,,,
2025-12-14,丸亀,8,4,間嶋仁志,A2,20.00,4,,5.526,15.7,85,46,0.1932,3.9921,,,0,低,136,0,-,5 6622,0,34.8,0.8477,0,0.0417,0.0417,0,0,0.048,0.048,0.412,,,E,△,◎,0.1118,0.6285,0.2336,0.5957,S,82,0,◎1着固定 2-3着流し（5〜8点）,0.5777,"{'is_target': True, 'verdict': '点数絞り', 'max_combo_prob': 0.1258, 'est_top_odds': 10.6, 'circle_concentration': 68.9, 'eligible_count': 6, 'bet_adj': 0, 'reason': 'rel_win1=71.1%（本命度） / 最有力組み合わせ確率: 0.126（推定実オッズ?11倍） / 2着集中度: 上位2艇 68.9%（補正+0.00） / 総合判定確率: 0.126 / → ヒモはやや固め。上位2艇以外を切ること', 'tenji_trigger': '展示確認: 1号艇伸び良→そのまま採用。悪→飛び組に差し替え。circle_pct上位2艇に絞り込むこと。'}",,,25.3,逃げ狙い,15.39,22.6,2,,,,,,,,,,,
2025-12-14,丸亀,8,5,川上清人,B1,35.09,5,,2.8319,13.6,57,28.6,0.1776,3.7222,,,0,低,150,0,-,4 533,0,30.5,1.6655,,,,,,0.3733,0.0381,0.1962,,,C,,,0.1993,0.595,,0.5957,S,82,0,◎1着固定 2-3着流し（5〜8点）,0.5777,"{'is_target': True, 'verdict': '点数絞り', 'max_combo_prob': 0.1258, 'est_top_odds': 10.6, 'circle_concentration': 68.9, 'eligible_count': 6, 'bet_adj': 0, 'reason': 'rel_win1=71.1%（本命度） / 最有力組み合わせ確率: 0.126（推定実オッズ?11倍） / 2着集中度: 上位2艇 68.9%（補正+0.00） / 総合判定確率: 0.126 / → ヒモはやや固め。上位2艇以外を切ること', 'tenji_trigger': '展示確認: 1号艇伸び良→そのまま採用。悪→飛び組に差し替え。circle_pct上位2艇に絞り込むこと。'}",,,25.3,逃げ狙い,15.39,22.6,2,,,,,,,,,,,
2025-12-14,丸亀,8,6,小柳勝希,B2,39.06,6,▲,0.9975,1.8,28,10.1,0.1912,3.8768,,,0,低,42,0,-,523 5,0,25.6,0.4644,,,,,,,,,,,B,,,0.1528,0.504,,0.5957,S,82,0,◎1着固定 2-3着流し（5〜8点）,0.5777,"{'is_target': True, 'verdict': '点数絞り', 'max_combo_prob': 0.1258, 'est_top_odds': 10.6, 'circle_concentration': 68.9, 'eligible_count': 6, 'bet_adj': 0, 'reason': 'rel_win1=71.1%（本命度） / 最有力組み合わせ確率: 0.126（推定実オッズ?11倍） / 2着集中度: 上位2艇 68.9%（補正+0.00） / 総合判定確率: 0.126 / → ヒモはやや固め。上位2艇以外を切ること', 'tenji_trigger': '展示確認: 1号艇伸び良→そのまま採用。悪→飛び組に差し替え。circle_pct上位2艇に絞り込むこと。'}",,,25.3,逃げ狙い,15.39,22.6,2,,,,,,,,,,,
2025-12-14,丸亀,9,1,三宅　潤,A2,58.46,1,◎,60.3572,,0,89.9,0.161,3.0633,,,0,低,174,0,-,1 2221,0,79.3,0.9835,0.6111,,,,,0.0222,0.0444,0.2111,◎,,A,△,,,0.6355,,0.4916,S,80,0,◎1着固定 2-3着流し（5〜8点）,0.5777,"{'is_target': True, 'verdict': '点数絞り', 'max_combo_prob': 0.1169, 'est_top_odds': 11.4, 'circle_concentration': 74.4, 'eligible_count': 6, 'bet_adj': 0, 'reason': 'rel_win1=60.4%（本命度） / 最有力組み合わせ確率: 0.117（推定実オッズ?11倍） / 2着集中度: 上位2艇 74.4%（補正+0.04） / 総合判定確率: 0.157 / → ヒモはやや固め。上位2艇以外を切ること', 'tenji_trigger': '展示確認: 1号艇伸び良→そのまま採用。悪→飛び組に差し替え。circle_pct上位2艇に絞り込むこと。'}",,,28.3,逃げ狙い,20.31,26.9,2,,,,,0,0,0.7559,0,,逃げ軸流し,A
2025-12-14,丸亀,9,2,北村征嗣,A1,38.46,2,○,19.0328,51.9,58,81,0.1493,3.5,,,0,低,114,0,差0% ま0% 抜0%,113213,0,82.4,1.3478,0,0.2727,0.0909,0,0.0455,0.0186,0.1742,0.0825,,◎,C,○,,0.4799,0.656,,0.4916,S,80,0,◎1着固定 2-3着流し（5〜8点）,0.5777,"{'is_target': True, 'verdict': '点数絞り', 'max_combo_prob': 0.1169, 'est_top_odds': 11.4, 'circle_concentration': 74.4, 'eligible_count': 6, 'bet_adj': 0, 'reason': 'rel_win1=60.4%（本命度） / 最有力組み合わせ確率: 0.117（推定実オッズ?11倍） / 2着集中度: 上位2艇 74.4%（補正+0.04） / 総合判定確率: 0.157 / → ヒモはやや固め。上位2艇以外を切ること', 'tenji_trigger': '展示確認: 1号艇伸び良→そのまま採用。悪→飛び組に差し替え。circle_pct上位2艇に絞り込むこと。'}",,,28.3,逃げ狙い,20.31,26.9,2,,,,,,,,,,,
2025-12-14,丸亀,9,3,渡邊裕貴,B1,41.94,3,▲,10.4367,22.5,44,44.3,0.1577,3.3643,,,0,低,99,0,差1%,1 135,0,45.5,0.7187,0,0.0357,0.0714,0,0,0,0.2311,0.1644,,,C,△,,0.3048,0.6215,,0.4916,S,80,0,◎1着固定 2-3着流し（5〜8点）,0.5777,"{'is_target': True, 'verdict': '点数絞り', 'max_combo_prob': 0.1169, 'est_top_odds': 11.4, 'circle_concentration': 74.4, 'eligible_count': 6, 'bet_adj': 0, 'reason': 'rel_win1=60.4%（本命度） / 最有力組み合わせ確率: 0.117（推定実オッズ?11倍） / 2着集中度: 上位2艇 74.4%（補正+0.04） / 総合判定確率: 0.157 / → ヒモはやや固め。上位2艇以外を切ること', 'tenji_trigger': '展示確認: 1号艇伸び良→そのまま採用。悪→飛び組に差し替え。circle_pct上位2艇に絞り込むこと。'}",,,28.3,逃げ狙い,20.31,26.9,2,,,,,,,,,,,
2025-12-14,丸亀,9,4,富永夏哉,B1,21.43,4,,3.5238,8.2,65,29.7,0.2027,4.1486,,,0,低,104,0,-,5 123,0,19.3,0.6583,0,0,0,0,0.0556,0.04,0.28,0,,,E,,,0.1572,0.5565,,0.4916,S,80,0,◎1着固定 2-3着流し（5〜8点）,0.5777,"{'is_target': True, 'verdict': '点数絞り', 'max_combo_prob': 0.1169, 'est_top_odds': 11.4, 'circle_concentration': 74.4, 'eligible_count': 6, 'bet_adj': 0, 'reason': 'rel_win1=60.4%（本命度） / 最有力組み合わせ確率: 0.117（推定実オッズ?11倍） / 2着集中度: 上位2艇 74.4%（補正+0.04） / 総合判定確率: 0.157 / → ヒモはやや固め。上位2艇以外を切ること', 'tenji_trigger': '展示確認: 1号艇伸び良→そのまま採用。悪→飛び組に差し替え。circle_pct上位2艇に絞り込むこと。'}",,,28.3,逃げ狙い,20.31,26.9,2,,,,,,,,,,,
2025-12-14,丸亀,9,5,松村康太,A2,48.48,5,△,4.2597,11,100,48.5,0.1662,3.7727,,,0,低,166,0,抜0%,341 52,0,28.9,0.8262,0,0,0.037,0,0.037,0.22,0.1756,0.2689,,,B,,,0.2723,0.6195,,0.4916,S,80,0,◎1着固定 2-3着流し（5〜8点）,0.5777,"{'is_target': True, 'verdict': '点数絞り', 'max_combo_prob': 0.1169, 'est_top_odds': 11.4, 'circle_concentration': 74.4, 'eligible_count': 6, 'bet_adj': 0, 'reason': 'rel_win1=60.4%（本命度） / 最有力組み合わせ確率: 0.117（推定実オッズ?11倍） / 2着集中度: 上位2艇 74.4%（補正+0.04） / 総合判定確率: 0.157 / → ヒモはやや固め。上位2艇以外を切ること', 'tenji_trigger': '展示確認: 1号艇伸び良→そのまま採用。悪→飛び組に差し替え。circle_pct上位2艇に絞り込むこと。'}",,,28.3,逃げ狙い,20.31,26.9,2,,,,,,,,,,,
2025-12-14,丸亀,9,6,岡部大輝,B1,37.88,6,,2.3898,6.4,59,35.6,0.1782,4.0778,,,0,低,84,0,-,124 54,0,55.5,1.0294,,,,,,0.1832,0.1832,0.0211,,,D,◎,,0.2654,0.66,,0.4916,S,80,0,◎1着固定 2-3着流し（5〜8点）,0.5777,"{'is_target': True, 'verdict': '点数絞り', 'max_combo_prob': 0.1169, 'est_top_odds': 11.4, 'circle_concentration': 74.4, 'eligible_count': 6, 'bet_adj': 0, 'reason': 'rel_win1=60.4%（本命度） / 最有力組み合わせ確率: 0.117（推定実オッズ?11倍） / 2着集中度: 上位2艇 74.4%（補正+0.04） / 総合判定確率: 0.157 / → ヒモはやや固め。上位2艇以外を切ること', 'tenji_trigger': '展示確認: 1号艇伸び良→そのまま採用。悪→飛び組に差し替え。circle_pct上位2艇に絞り込むこと。'}",,,28.3,逃げ狙い,20.31,26.9,2,,,,,,,,,,,
2025-12-14,丸亀,10,1,柴田　光,A1,50.79,1,◎,60.5112,,0,90.8,0.1585,3.2077,,,0,低,58,0,逃1%,221121,0,84.3,1.171,0.6154,,,,,0,0.1538,0.1154,◎,,A,,,,0.6475,,0.4756,S,86,0,◎1着固定 2-3着流し（5〜8点）,0.5777,"{'is_target': True, 'verdict': '点数絞り', 'max_combo_prob': 0.1047, 'est_top_odds': 12.7, 'circle_concentration': 76.3, 'eligible_count': 6, 'bet_adj': 0, 'reason': 'rel_win1=60.5%（本命度） / 最有力組み合わせ確率: 0.105（推定実オッズ?13倍） / 2着集中度: 上位2艇 76.3%（補正+0.04） / 総合判定確率: 0.145 / → ヒモはやや固め。上位2艇以外を切ること', 'tenji_trigger': '展示確認: 1号艇伸び良→そのまま採用。悪→飛び組に差し替え。circle_pct上位2艇に絞り込むこと。'}",,,27.8,逃げ狙い,18.19,27.5,2,,,,,0,0,0.7559,0,,逃げ軸流し,A
2025-12-14,丸亀,10,2,秋山広一,A2,48.48,2,○,15.0435,46.4,85,76.8,0.1448,2.9464,,,0,低,90,0,差0%,13421,0,92.4,0.7321,0,0.1364,0.0455,0,0,0,0.168,0.168,,◎,B,△,,0.4655,0.651,,0.4756,S,86,0,◎1着固定 2-3着流し（5〜8点）,0.5777,"{'is_target': True, 'verdict': '点数絞り', 'max_combo_prob': 0.1047, 'est_top_odds': 12.7, 'circle_concentration': 76.3, 'eligible_count': 6, 'bet_adj': 0, 'reason': 'rel_win1=60.5%（本命度） / 最有力組み合わせ確率: 0.105（推定実オッズ?13倍） / 2着集中度: 上位2艇 76.3%（補正+0.04） / 総合判定確率: 0.145 / → ヒモはやや固め。上位2艇以外を切ること', 'tenji_trigger': '展示確認: 1号艇伸び良→そのまま採用。悪→飛び組に差し替え。circle_pct上位2艇に絞り込むこと。'}",,,27.8,逃げ狙い,18.19,27.5,2,,,,,,,,,,,
2025-12-14,丸亀,10,3,宮崎　奨,A2,29.85,3,,10.3647,30,100,70.4,0.1585,3.5,,,0,低,134,0,-,313323,0,41.8,1.0573,0,0,0,0.0952,0.0476,0.0343,0.1571,0.2686,,,E,○,,0.2974,0.658,,0.4756,S,86,0,◎1着固定 2-3着流し（5〜8点）,0.5777,"{'is_target': True, 'verdict': '点数絞り', 'max_combo_prob': 0.1047, 'est_top_odds': 12.7, 'circle_concentration': 76.3, 'eligible_count': 6, 'bet_adj': 0, 'reason': 'rel_win1=60.5%（本命度） / 最有力組み合わせ確率: 0.105（推定実オッズ?13倍） / 2着集中度: 上位2艇 76.3%（補正+0.04） / 総合判定確率: 0.145 / → ヒモはやや固め。上位2艇以外を切ること', 'tenji_trigger': '展示確認: 1号艇伸び良→そのまま採用。悪→飛び組に差し替え。circle_pct上位2艇に絞り込むこと。'}",,,27.8,逃げ狙い,18.19,27.5,2,,,,,,,,,,,
2025-12-14,丸亀,10,4,石岡将太,B1,39.66,4,▲,6.3439,11.3,50,37.9,0.1588,3.2348,,,0,低,108,0,差0% ま0% 差ま0%,241 43,0,32.1,0.8032,0,0.0714,0.0357,0.0357,0,0.2159,0.1153,0.1185,,,C,◎,○,0.2889,0.6615,0.3445,0.4756,S,86,0,◎1着固定 2-3着流し（5〜8点）,0.5777,"{'is_target': True, 'verdict': '点数絞り', 'max_combo_prob': 0.1047, 'est_top_odds': 12.7, 'circle_concentration': 76.3, 'eligible_count': 6, 'bet_adj': 0, 'reason': 'rel_win1=60.5%（本命度） / 最有力組み合わせ確率: 0.105（推定実オッズ?13倍） / 2着集中度: 上位2艇 76.3%（補正+0.04） / 総合判定確率: 0.145 / → ヒモはやや固め。上位2艇以外を切ること', 'tenji_trigger': '展示確認: 1号艇伸び良→そのまま採用。悪→飛び組に差し替え。circle_pct上位2艇に絞り込むこと。'}",,,27.8,逃げ狙い,18.19,27.5,2,,,,,,,,,,,
2025-12-14,丸亀,10,5,吉田俊彦,A2,39.06,5,,6.7772,10.8,88,61.7,0.1591,3.6064,,,0,低,80,0,差ま0%,344135,0,25.6,1.6995,0,0,0,0.08,0,0.0953,0,0.2259,,,D,△,◎,0.2908,0.6545,0.3771,0.4756,S,86,0,◎1着固定 2-3着流し（5〜8点）,0.5777,"{'is_target': True, 'verdict': '点数絞り', 'max_combo_prob': 0.1047, 'est_top_odds': 12.7, 'circle_concentration': 76.3, 'eligible_count': 6, 'bet_adj': 0, 'reason': 'rel_win1=60.5%（本命度） / 最有力組み合わせ確率: 0.105（推定実オッズ?13倍） / 2着集中度: 上位2艇 76.3%（補正+0.04） / 総合判定確率: 0.145 / → ヒモはやや固め。上位2艇以外を切ること', 'tenji_trigger': '展示確認: 1号艇伸び良→そのまま採用。悪→飛び組に差し替え。circle_pct上位2艇に絞り込むこと。'}",,,27.8,逃げ狙い,18.19,27.5,2,,,,,,,,,,,
2025-12-14,丸亀,10,6,花田凱成,B2,43.55,6,△,0.9595,1.6,30,12.2,0.1976,3.9024,,,0,低,83,0,-,5 1 33,0,32,0.8422,,,,,,0.2731,0.5731,0.0308,,,C,,,0.1881,0.623,,0.4756,S,86,0,◎1着固定 2-3着流し（5〜8点）,0.5777,"{'is_target': True, 'verdict': '点数絞り', 'max_combo_prob': 0.1047, 'est_top_odds': 12.7, 'circle_concentration': 76.3, 'eligible_count': 6, 'bet_adj': 0, 'reason': 'rel_win1=60.5%（本命度） / 最有力組み合わせ確率: 0.105（推定実オッズ?13倍） / 2着集中度: 上位2艇 76.3%（補正+0.04） / 総合判定確率: 0.145 / → ヒモはやや固め。上位2艇以外を切ること', 'tenji_trigger': '展示確認: 1号艇伸び良→そのまま採用。悪→飛び組に差し替え。circle_pct上位2艇に絞り込むこと。'}",,,27.8,逃げ狙い,18.19,27.5,2,,,,,,,,,,,
2025-12-14,丸亀,11,1,前田　翔,A1,41.27,1,◎,55.2897,,0,95.1,0.1302,2.4146,,,0,低,48,0,逃1%,212214,0,76.9,1.0124,0.7619,,,,,0.0952,0.0476,0.0952,◎,,B,△,,,0.6585,,0.6383,S,90,0,◎1着固定 2-3着流し（5〜8点）,0.5777,"{'is_target': True, 'verdict': '参加推奨', 'max_combo_prob': 0.0686, 'est_top_odds': 19.4, 'circle_concentration': 59.8, 'eligible_count': 6, 'bet_adj': 2, 'reason': 'rel_win1=55.3%（本命度） / 最有力組み合わせ確率: 0.069（推定実オッズ?19倍） / 2着集中度: 上位2艇 59.8%（補正+0.00） / 総合判定確率: 0.069 / → ヒモ分散。1号艇1着固定で広めのヒモ流し推奨（買い目+2点）', 'tenji_trigger': '展示確認: ヒモ分散レース。1号艇伸び確認後、広めのヒモ流しを採用。穴ヒモ（5・6号艇）を積極的に含める。\n展示で1号艇スタート超安定(0.130秒)→ヒモ固まり方向に注意'}",,,29.1,逃げ狙い,24.15,25.9,2,,,,,0,0,0.7559,0,,逃げ軸流し,A
2025-12-14,丸亀,11,2,川野芽唯,A1,53.97,2,▲,17.211,37.2,84,60.9,0.1765,4.1522,,,0,低,72,0,-,332122,0,28.2,0.9247,0,0.1,0.1,0,0.1,0,0.0556,0.0556,,,A,,,0.0737,0.625,,0.6383,S,90,0,◎1着固定 2-3着流し（5〜8点）,0.5777,"{'is_target': True, 'verdict': '参加推奨', 'max_combo_prob': 0.0686, 'est_top_odds': 19.4, 'circle_concentration': 59.8, 'eligible_count': 6, 'bet_adj': 2, 'reason': 'rel_win1=55.3%（本命度） / 最有力組み合わせ確率: 0.069（推定実オッズ?19倍） / 2着集中度: 上位2艇 59.8%（補正+0.00） / 総合判定確率: 0.069 / → ヒモ分散。1号艇1着固定で広めのヒモ流し推奨（買い目+2点）', 'tenji_trigger': '展示確認: ヒモ分散レース。1号艇伸び確認後、広めのヒモ流しを採用。穴ヒモ（5・6号艇）を積極的に含める。\n展示で1号艇スタート超安定(0.130秒)→ヒモ固まり方向に注意'}",,,29.1,逃げ狙い,24.15,25.9,2,,,,,,,,,,,
2025-12-14,丸亀,11,3,吉村　誠,A2,26.56,3,△,11.4484,22.4,56,54.2,0.1483,2.9861,,,0,低,86,0,差0% 差ま0%,21253,0,55.7,1.0737,0,0.0312,0,0.2812,0,0.0098,0.0195,0.1735,,,D,○,,0.2579,0.675,,0.6383,S,90,0,◎1着固定 2-3着流し（5〜8点）,0.5777,"{'is_target': True, 'verdict': '参加推奨', 'max_combo_prob': 0.0686, 'est_top_odds': 19.4, 'circle_concentration': 59.8, 'eligible_count': 6, 'bet_adj': 2, 'reason': 'rel_win1=55.3%（本命度） / 最有力組み合わせ確率: 0.069（推定実オッズ?19倍） / 2着集中度: 上位2艇 59.8%（補正+0.00） / 総合判定確率: 0.069 / → ヒモ分散。1号艇1着固定で広めのヒモ流し推奨（買い目+2点）', 'tenji_trigger': '展示確認: ヒモ分散レース。1号艇伸び確認後、広めのヒモ流しを採用。穴ヒモ（5・6号艇）を積極的に含める。\n展示で1号艇スタート超安定(0.130秒)→ヒモ固まり方向に注意'}",,,29.1,逃げ狙い,24.15,25.9,2,,,,,,,,,,,
2025-12-14,丸亀,11,4,古結　宏,A1,46.77,4,○,11.317,22.5,100,71.4,0.1364,2.8095,,,0,低,59,0,ま0% 差ま0% 抜0%,261614,0,85.9,1.4638,0,0,0.05,0.05,0.1,0.0143,0,0.0571,,,B,◎,◎,0.2602,0.677,0.4525,0.6383,S,90,0,◎1着固定 2-3着流し（5〜8点）,0.5777,"{'is_target': True, 'verdict': '参加推奨', 'max_combo_prob': 0.0686, 'est_top_odds': 19.4, 'circle_concentration': 59.8, 'eligible_count': 6, 'bet_adj': 2, 'reason': 'rel_win1=55.3%（本命度） / 最有力組み合わせ確率: 0.069（推定実オッズ?19倍） / 2着集中度: 上位2艇 59.8%（補正+0.00） / 総合判定確率: 0.069 / → ヒモ分散。1号艇1着固定で広めのヒモ流し推奨（買い目+2点）', 'tenji_trigger': '展示確認: ヒモ分散レース。1号艇伸び確認後、広めのヒモ流しを採用。穴ヒモ（5・6号艇）を積極的に含める。\n展示で1号艇スタート超安定(0.130秒)→ヒモ固まり方向に注意'}",,,29.1,逃げ狙い,24.15,25.9,2,,,,,,,,,,,
2025-12-14,丸亀,11,5,赤坂俊輔,A1,15.52,5,,3.2917,14.8,78,51.9,0.151,3.4423,,,0,低,76,0,差ま0%,442442,0,78.5,1.3721,0,0,0,0.0357,0,0.0095,0.1321,0.0286,,,E,△,,0.2154,0.668,,0.6383,S,90,0,◎1着固定 2-3着流し（5〜8点）,0.5777,"{'is_target': True, 'verdict': '参加推奨', 'max_combo_prob': 0.0686, 'est_top_odds': 19.4, 'circle_concentration': 59.8, 'eligible_count': 6, 'bet_adj': 2, 'reason': 'rel_win1=55.3%（本命度） / 最有力組み合わせ確率: 0.069（推定実オッズ?19倍） / 2着集中度: 上位2艇 59.8%（補正+0.00） / 総合判定確率: 0.069 / → ヒモ分散。1号艇1着固定で広めのヒモ流し推奨（買い目+2点）', 'tenji_trigger': '展示確認: ヒモ分散レース。1号艇伸び確認後、広めのヒモ流しを採用。穴ヒモ（5・6号艇）を積極的に含める。\n展示で1号艇スタート超安定(0.130秒)→ヒモ固まり方向に注意'}",,,29.1,逃げ狙い,24.15,25.9,2,,,,,,,,,,,
2025-12-14,丸亀,11,6,佐竹恒彦,A2,21.82,6,,1.4423,3,66,30.2,0.2026,5.0233,,,0,低,110,0,-,333 15,0,40.5,1.2542,,,,,,0.032,0.2514,0.2194,,,E,,,0.1389,0.6025,,0.6383,S,90,0,◎1着固定 2-3着流し（5〜8点）,0.5777,"{'is_target': True, 'verdict': '参加推奨', 'max_combo_prob': 0.0686, 'est_top_odds': 19.4, 'circle_concentration': 59.8, 'eligible_count': 6, 'bet_adj': 2, 'reason': 'rel_win1=55.3%（本命度） / 最有力組み合わせ確率: 0.069（推定実オッズ?19倍） / 2着集中度: 上位2艇 59.8%（補正+0.00） / 総合判定確率: 0.069 / → ヒモ分散。1号艇1着固定で広めのヒモ流し推奨（買い目+2点）', 'tenji_trigger': '展示確認: ヒモ分散レース。1号艇伸び確認後、広めのヒモ流しを採用。穴ヒモ（5・6号艇）を積極的に含める。\n展示で1号艇スタート超安定(0.130秒)→ヒモ固まり方向に注意'}",,,29.1,逃げ狙い,24.15,25.9,2,,,,,,,,,,,
2025-12-14,丸亀,12,1,國分将太,B1,36.36,1,◎,58.8852,,0,76.2,0.1681,3.0595,,,0,低,111,0,逃0%,5 646,0,67,1.0141,0.2308,,,,,0,0.6154,0,○,,C,,,,0.585,,0.3757,A,68,0,◎-○軸 3着3〜4艇流し（10〜15点）,0.5777,"{'is_target': True, 'verdict': '参加推奨', 'max_combo_prob': 0.1044, 'est_top_odds': 12.8, 'circle_concentration': 64.6, 'eligible_count': 8, 'bet_adj': 2, 'reason': 'rel_win1=58.9%（本命度） / 最有力組み合わせ確率: 0.104（推定実オッズ?13倍） / 2着集中度: 上位2艇 64.6%（補正+0.00） / 総合判定確率: 0.104 / → ヒモ分散。1号艇1着固定で広めのヒモ流し推奨（買い目+2点）', 'tenji_trigger': '展示確認: ヒモ分散レース。1号艇伸び確認後、広めのヒモ流しを採用。穴ヒモ（5・6号艇）を積極的に含める。'}",,,31.1,逃げ狙い,17.78,37.2,3,,,,,0,0,0.6155,0,,主役軸流し,B
2025-12-14,丸亀,12,2,山田晃大,A1,27.69,2,▲,11.6226,38.8,67,60,0.1404,3,,,0,低,63,0,-,S55512,0,66.2,0.8564,0,0.1429,0,0,0,0.0089,0.1911,0.1822,,◎,D,△,,0.5829,0.655,,0.3757,A,68,0,◎-○軸 3着3〜4艇流し（10〜15点）,0.5777,"{'is_target': True, 'verdict': '参加推奨', 'max_combo_prob': 0.1044, 'est_top_odds': 12.8, 'circle_concentration': 64.6, 'eligible_count': 8, 'bet_adj': 2, 'reason': 'rel_win1=58.9%（本命度） / 最有力組み合わせ確率: 0.104（推定実オッズ?13倍） / 2着集中度: 上位2艇 64.6%（補正+0.00） / 総合判定確率: 0.104 / → ヒモ分散。1号艇1着固定で広めのヒモ流し推奨（買い目+2点）', 'tenji_trigger': '展示確認: ヒモ分散レース。1号艇伸び確認後、広めのヒモ流しを採用。穴ヒモ（5・6号艇）を積極的に含める。'}",,,31.1,逃げ狙い,17.78,37.2,3,,,,,,,,,,,
2025-12-14,丸亀,12,3,中村　尊,A2,26.87,3,△,14.2097,25.7,100,71.6,0.1215,2.4122,,,0,低,55,0,-,4255S,0,31.2,0.9542,0,0.0714,0.0714,0.1071,0,0.24,0.04,0.0667,,○,E,○,,0.4789,0.6655,,0.3757,A,68,0,◎-○軸 3着3〜4艇流し（10〜15点）,0.5777,"{'is_target': True, 'verdict': '参加推奨', 'max_combo_prob': 0.1044, 'est_top_odds': 12.8, 'circle_concentration': 64.6, 'eligible_count': 8, 'bet_adj': 2, 'reason': 'rel_win1=58.9%（本命度） / 最有力組み合わせ確率: 0.104（推定実オッズ?13倍） / 2着集中度: 上位2艇 64.6%（補正+0.00） / 総合判定確率: 0.104 / → ヒモ分散。1号艇1着固定で広めのヒモ流し推奨（買い目+2点）', 'tenji_trigger': '展示確認: ヒモ分散レース。1号艇伸び確認後、広めのヒモ流しを採用。穴ヒモ（5・6号艇）を積極的に含める。'}",,,31.1,逃げ狙い,17.78,37.2,3,,,,,,,,,,,
2025-12-14,丸亀,12,4,赤羽克也,A2,45.31,4,○,8.0501,24.3,57,58.8,0.1621,3.4926,,,0,低,137,0,ま0%,444 41,0,90.9,1.6466,0,0,0.0667,0,0,0.2828,0.1885,0.0138,,,A,△,◎,0.3153,0.633,0.2856,0.3757,A,68,0,◎-○軸 3着3〜4艇流し（10〜15点）,0.5777,"{'is_target': True, 'verdict': '参加推奨', 'max_combo_prob': 0.1044, 'est_top_odds': 12.8, 'circle_concentration': 64.6, 'eligible_count': 8, 'bet_adj': 2, 'reason': 'rel_win1=58.9%（本命度） / 最有力組み合わせ確率: 0.104（推定実オッズ?13倍） / 2着集中度: 上位2艇 64.6%（補正+0.00） / 総合判定確率: 0.104 / → ヒモ分散。1号艇1着固定で広めのヒモ流し推奨（買い目+2点）', 'tenji_trigger': '展示確認: ヒモ分散レース。1号艇伸び確認後、広めのヒモ流しを採用。穴ヒモ（5・6号艇）を積極的に含める。'}",,,31.1,逃げ狙い,17.78,37.2,3,,,,,,,,,,,
2025-12-14,丸亀,12,5,木場雄二,B1,35.48,5,,4.5773,10.1,45,30.4,0.1635,3.558,,,0,低,139,0,-,3 146,0,28.8,1.3057,,,,,,0.1508,0.0615,0.0154,,,C,◎,,0.327,0.6955,,0.3757,A,68,0,◎-○軸 3着3〜4艇流し（10〜15点）,0.5777,"{'is_target': True, 'verdict': '参加推奨', 'max_combo_prob': 0.1044, 'est_top_odds': 12.8, 'circle_concentration': 64.6, 'eligible_count': 8, 'bet_adj': 2, 'reason': 'rel_win1=58.9%（本命度） / 最有力組み合わせ確率: 0.104（推定実オッズ?13倍） / 2着集中度: 上位2艇 64.6%（補正+0.00） / 総合判定確率: 0.104 / → ヒモ分散。1号艇1着固定で広めのヒモ流し推奨（買い目+2点）', 'tenji_trigger': '展示確認: ヒモ分散レース。1号艇伸び確認後、広めのヒモ流しを採用。穴ヒモ（5・6号艇）を積極的に含める。'}",,,31.1,逃げ狙い,17.78,37.2,3,,,,,,,,,,,
2025-12-14,丸亀,12,6,中本大樹,B1,43.08,6,,2.6551,1,17,10.9,0.1715,3.4457,,,0,低,68,0,-,5 354,0,27.6,0.8267,,,,,,0.25,0.1667,0.0833,,,B,,,0.2992,0.5725,,0.3757,A,68,0,◎-○軸 3着3〜4艇流し（10〜15点）,0.5777,"{'is_target': True, 'verdict': '参加推奨', 'max_combo_prob': 0.1044, 'est_top_odds': 12.8, 'circle_concentration': 64.6, 'eligible_count': 8, 'bet_adj': 2, 'reason': 'rel_win1=58.9%（本命度） / 最有力組み合わせ確率: 0.104（推定実オッズ?13倍） / 2着集中度: 上位2艇 64.6%（補正+0.00） / 総合判定確率: 0.104 / → ヒモ分散。1号艇1着固定で広めのヒモ流し推奨（買い目+2点）', 'tenji_trigger': '展示確認: ヒモ分散レース。1号艇伸び確認後、広めのヒモ流しを採用。穴ヒモ（5・6号艇）を積極的に含める。'}",,,31.1,逃げ狙い,17.78,37.2,3,,,,,,,,,,,
2025-12-15,丸亀,1,1,森　陽多,B1,39.68,1,◎,62.7027,,0,60,0.162,3.1,,,0,低,64,1,逃0%,6 566,0,76.2,0.8618,0.4,,,,,0,0.4,0.2,○⚠️,,B,,,,0.472,,0.3897,C,42,0,荒れ傾向。高配当狙いか見送り,0.5777,"{'is_target': True, 'verdict': '点数絞り', 'max_combo_prob': 0.0987, 'est_top_odds': 13.5, 'circle_concentration': 71.5, 'eligible_count': 6, 'bet_adj': 0, 'reason': 'rel_win1=62.7%（本命度） / 最有力組み合わせ確率: 0.099（推定実オッズ?14倍） / 2着集中度: 上位2艇 71.5%（補正+0.04） / 総合判定確率: 0.139 / → ヒモはやや固め。上位2艇以外を切ること', 'tenji_trigger': '展示確認: 1号艇伸び良→そのまま採用。悪→飛び組に差し替え。circle_pct上位2艇に絞り込むこと。'}",,,28.8,両建て推奨,12.03,35.6,4,2-1-3|2-1-4|2-1-5|2-3-1|2-5-1|2-3-4|2-5-3|1-2-3|1-2-4|1-3-2|1-3-4,2-1-3|2-1-4|2-1-5|2-3-1|2-5-1|2-3-4|2-5-3|1-2-3|1-2-4|1-3-2|1-3-4|6-1-3,2-1-3:3.62%|2-1-4:2.07%|2-1-5:1.42%|2-3-1:1.11%|2-5-1:0.48%|2-3-4:0.37%|2-5-3:0.28%|1-2-3:7.01%|1-2-4:6.23%|1-3-2:4.4%|1-3-4:3.79%,2-1-3:B_main|2-1-4:B_main|2-1-5:B_main|2-3-1:B_main|2-5-1:B_main|2-3-4:B_main|2-5-3:B_main|1-2-3:A|1-2-4:A|1-3-2:A|1-3-4:A,11,12,0.4535,1,[!]見送り推奨（主役決まり手「差し」― 逃げ劣勢レースで的中実績なし）,主役軸流し,B
2025-12-15,丸亀,1,2,池　千夏,B1,22.41,2,,10.0249,45.7,56,36.4,0.1455,3.0909,,,0,低,8,1,-,4 2546,0,40.1,0.641,,,,,,0,0.3714,0.3143,,◎,E,◎,,0.4925,0.7065,,0.3897,C,42,0,荒れ傾向。高配当狙いか見送り,0.5777,"{'is_target': True, 'verdict': '点数絞り', 'max_combo_prob': 0.0987, 'est_top_odds': 13.5, 'circle_concentration': 71.5, 'eligible_count': 6, 'bet_adj': 0, 'reason': 'rel_win1=62.7%（本命度） / 最有力組み合わせ確率: 0.099（推定実オッズ?14倍） / 2着集中度: 上位2艇 71.5%（補正+0.04） / 総合判定確率: 0.139 / → ヒモはやや固め。上位2艇以外を切ること', 'tenji_trigger': '展示確認: 1号艇伸び良→そのまま採用。悪→飛び組に差し替え。circle_pct上位2艇に絞り込むこと。'}",,,28.8,両建て推奨,12.03,35.6,4,,,,,,,,,,,
2025-12-15,丸亀,1,3,野田彩加,B1,33.33,3,▲,8.2197,25.9,100,57.6,0.1618,3.5152,,,0,低,56,0,ま0%,564 43,0,51.5,0.9829,0,0,0.125,0,0,0.1,0.2,0.2,,,D,○,,0.3048,0.6425,,0.3897,C,42,0,荒れ傾向。高配当狙いか見送り,0.5777,"{'is_target': True, 'verdict': '点数絞り', 'max_combo_prob': 0.0987, 'est_top_odds': 13.5, 'circle_concentration': 71.5, 'eligible_count': 6, 'bet_adj': 0, 'reason': 'rel_win1=62.7%（本命度） / 最有力組み合わせ確率: 0.099（推定実オッズ?14倍） / 2着集中度: 上位2艇 71.5%（補正+0.04） / 総合判定確率: 0.139 / → ヒモはやや固め。上位2艇以外を切ること', 'tenji_trigger': '展示確認: 1号艇伸び良→そのまま採用。悪→飛び組に差し替え。circle_pct上位2艇に絞り込むこと。'}",,,28.8,両建て推奨,12.03,35.6,4,,,,,,,,,,,
2025-12-15,丸亀,1,4,池田紫乃,B1,34.92,4,△,14.8887,11,78,34.6,0.1965,4.3462,,,0,低,61,0,ま0%,165 65,0,59.4,1.0757,0,0,0.1429,0,0,0.3333,0.1667,0,,,C,△,,0.1823,0.6185,,0.3897,C,42,0,荒れ傾向。高配当狙いか見送り,0.5777,"{'is_target': True, 'verdict': '点数絞り', 'max_combo_prob': 0.0987, 'est_top_odds': 13.5, 'circle_concentration': 71.5, 'eligible_count': 6, 'bet_adj': 0, 'reason': 'rel_win1=62.7%（本命度） / 最有力組み合わせ確率: 0.099（推定実オッズ?14倍） / 2着集中度: 上位2艇 71.5%（補正+0.04） / 総合判定確率: 0.139 / → ヒモはやや固め。上位2艇以外を切ること', 'tenji_trigger': '展示確認: 1号艇伸び良→そのまま採用。悪→飛び組に差し替え。circle_pct上位2艇に絞り込むこと。'}",,,28.8,両建て推奨,12.03,35.6,4,,,,,,,,,,,
2025-12-15,丸亀,1,5,向井美鈴,A2,43.75,5,○,2.934,15.6,65,38.3,0.1787,4.0426,,,0,低,136,0,-,254164,0,23.9,0.7424,,,,,,0.264,0.048,0.116,,,A,△,,0.2561,0.604,,0.3897,C,42,0,荒れ傾向。高配当狙いか見送り,0.5777,"{'is_target': True, 'verdict': '点数絞り', 'max_combo_prob': 0.0987, 'est_top_odds': 13.5, 'circle_concentration': 71.5, 'eligible_count': 6, 'bet_adj': 0, 'reason': 'rel_win1=62.7%（本命度） / 最有力組み合わせ確率: 0.099（推定実オッズ?14倍） / 2着集中度: 上位2艇 71.5%（補正+0.04） / 総合判定確率: 0.139 / → ヒモはやや固め。上位2艇以外を切ること', 'tenji_trigger': '展示確認: 1号艇伸び良→そのまま採用。悪→飛び組に差し替え。circle_pct上位2艇に絞り込むこと。'}",,,28.8,両建て推奨,12.03,35.6,4,,,,,,,,,,,
2025-12-15,丸亀,1,6,藤田美代,B1,37.68,6,,1.23,1.9,47,4,0.1956,3.78,,,0,低,85,0,-,666 36,0,37.6,0.7622,,,,,,0.04,0.4,0.04,,,C,,,0.2031,0.564,,0.3897,C,42,0,荒れ傾向。高配当狙いか見送り,0.5777,"{'is_target': True, 'verdict': '点数絞り', 'max_combo_prob': 0.0987, 'est_top_odds': 13.5, 'circle_concentration': 71.5, 'eligible_count': 6, 'bet_adj': 0, 'reason': 'rel_win1=62.7%（本命度） / 最有力組み合わせ確率: 0.099（推定実オッズ?14倍） / 2着集中度: 上位2艇 71.5%（補正+0.04） / 総合判定確率: 0.139 / → ヒモはやや固め。上位2艇以外を切ること', 'tenji_trigger': '展示確認: 1号艇伸び良→そのまま採用。悪→飛び組に差し替え。circle_pct上位2艇に絞り込むこと。'}",,,28.8,両建て推奨,12.03,35.6,4,,,,,,,,,,,
2025-12-15,丸亀,2,1,中本大樹,B1,43.08,1,◎,57.3098,,0,62.5,0.1594,3.25,,,0,低,68,0,逃0%,5 354,0,54.6,0.8666,0.4167,,,,,0.25,0.1667,0.0833,○⚠️,,B,,,,0.5725,,0.4493,A,60,0,◎-○軸 3着3〜4艇流し（10〜15点）,0.5777,"{'is_target': True, 'verdict': '参加推奨', 'max_combo_prob': 0.1078, 'est_top_odds': 12.4, 'circle_concentration': 66.9, 'eligible_count': 8, 'bet_adj': 2, 'reason': 'rel_win1=57.3%（本命度） / 最有力組み合わせ確率: 0.108（推定実オッズ?12倍） / 2着集中度: 上位2艇 66.9%（補正+0.00） / 総合判定確率: 0.108 / → ヒモ分散。1号艇1着固定で広めのヒモ流し推奨（買い目+2点）', 'tenji_trigger': '展示確認: ヒモ分散レース。1号艇伸び確認後、広めのヒモ流しを採用。穴ヒモ（5・6号艇）を積極的に含める。'}",,,28,両建て推奨,9.09,35.8,2,3-4-5|3-5-4|3-5-6|3-4-6|3-5-2|3-2-5|3-4-2|1-2-5|1-2-3|1-2-4|1-3-5,3-4-5|3-5-4|3-5-6|3-4-6|3-5-2|3-2-5|3-4-2|1-2-5|1-2-3|1-2-4|1-3-5|6-1-2,3-4-5:1.51%|3-5-4:1.42%|3-5-6:0.66%|3-4-6:0.41%|3-5-2:0.4%|3-2-5:0.35%|3-4-2:0.25%|1-2-5:5.17%|1-2-3:4.0%|1-2-4:3.79%|1-3-5:3.77%,3-4-5:B_main|3-5-4:B_main|3-5-6:B_main|3-4-6:B_main|3-5-2:B_main|3-2-5:B_main|3-4-2:B_main|1-2-5:A|1-2-3:A|1-2-4:A|1-3-5:A,11,12,0.4535,1,[!]見送り推奨（主役決まり手「まくり」― 逃げ劣勢レースで的中実績なし）,主役軸流し,B
2025-12-15,丸亀,2,2,河合三弘,B1,31.75,2,,13.352,43.2,77,64.7,0.1878,4.5588,,,0,低,158,0,-,5 2565,0,28,0.7766,0,0.0435,0.0435,0,0,0.2132,0.1053,0.2342,,,E,○,,0.0589,0.612,,0.4493,A,60,0,◎-○軸 3着3〜4艇流し（10〜15点）,0.5777,"{'is_target': True, 'verdict': '参加推奨', 'max_combo_prob': 0.1078, 'est_top_odds': 12.4, 'circle_concentration': 66.9, 'eligible_count': 8, 'bet_adj': 2, 'reason': 'rel_win1=57.3%（本命度） / 最有力組み合わせ確率: 0.108（推定実オッズ?12倍） / 2着集中度: 上位2艇 66.9%（補正+0.00） / 総合判定確率: 0.108 / → ヒモ分散。1号艇1着固定で広めのヒモ流し推奨（買い目+2点）', 'tenji_trigger': '展示確認: ヒモ分散レース。1号艇伸び確認後、広めのヒモ流しを採用。穴ヒモ（5・6号艇）を積極的に含める。'}",,,28,両建て推奨,9.09,35.8,2,,,,,,,,,,,
2025-12-15,丸亀,2,3,高橋直哉,B1,47.62,3,○,12.0074,23.6,100,47.9,0.1811,3.4789,,,0,低,172,0,-,153 2S,0,20.6,0.6494,0,0,0.0345,0.0345,0,0.05,0.2833,0.05,,,A,△,,0.177,0.606,,0.4493,A,60,0,◎-○軸 3着3〜4艇流し（10〜15点）,0.5777,"{'is_target': True, 'verdict': '参加推奨', 'max_combo_prob': 0.1078, 'est_top_odds': 12.4, 'circle_concentration': 66.9, 'eligible_count': 8, 'bet_adj': 2, 'reason': 'rel_win1=57.3%（本命度） / 最有力組み合わせ確率: 0.108（推定実オッズ?12倍） / 2着集中度: 上位2艇 66.9%（補正+0.00） / 総合判定確率: 0.108 / → ヒモ分散。1号艇1着固定で広めのヒモ流し推奨（買い目+2点）', 'tenji_trigger': '展示確認: ヒモ分散レース。1号艇伸び確認後、広めのヒモ流しを採用。穴ヒモ（5・6号艇）を積極的に含める。'}",,,28,両建て推奨,9.09,35.8,2,,,,,,,,,,,
2025-12-15,丸亀,2,4,川上清人,B1,35.09,4,△,9.244,14,31,30.6,0.1776,3.8163,,,0,低,150,0,-,4 533,0,55,1.1557,0,0,0,0.08,0,0.3733,0.0381,0.1962,,,D,△,,0.2235,0.595,,0.4493,A,60,0,◎-○軸 3着3〜4艇流し（10〜15点）,0.5777,"{'is_target': True, 'verdict': '参加推奨', 'max_combo_prob': 0.1078, 'est_top_odds': 12.4, 'circle_concentration': 66.9, 'eligible_count': 8, 'bet_adj': 2, 'reason': 'rel_win1=57.3%（本命度） / 最有力組み合わせ確率: 0.108（推定実オッズ?12倍） / 2着集中度: 上位2艇 66.9%（補正+0.00） / 総合判定確率: 0.108 / → ヒモ分散。1号艇1着固定で広めのヒモ流し推奨（買い目+2点）', 'tenji_trigger': '展示確認: ヒモ分散レース。1号艇伸び確認後、広めのヒモ流しを採用。穴ヒモ（5・6号艇）を積極的に含める。'}",,,28,両建て推奨,9.09,35.8,2,,,,,,,,,,,
2025-12-15,丸亀,2,5,赤羽克也,A2,45.31,5,▲,6.8449,17.6,72,49.2,0.1592,3.6077,,,0,低,137,0,抜0%,444 41,0,100,3.0543,0,0,0,0.0357,0.0357,0.2828,0.1885,0.0138,,,B,◎,,0.282,0.633,,0.4493,A,60,0,◎-○軸 3着3〜4艇流し（10〜15点）,0.5777,"{'is_target': True, 'verdict': '参加推奨', 'max_combo_prob': 0.1078, 'est_top_odds': 12.4, 'circle_concentration': 66.9, 'eligible_count': 8, 'bet_adj': 2, 'reason': 'rel_win1=57.3%（本命度） / 最有力組み合わせ確率: 0.108（推定実オッズ?12倍） / 2着集中度: 上位2艇 66.9%（補正+0.00） / 総合判定確率: 0.108 / → ヒモ分散。1号艇1着固定で広めのヒモ流し推奨（買い目+2点）', 'tenji_trigger': '展示確認: ヒモ分散レース。1号艇伸び確認後、広めのヒモ流しを採用。穴ヒモ（5・6号艇）を積極的に含める。'}",,,28,両建て推奨,9.09,35.8,2,,,,,,,,,,,
2025-12-15,丸亀,2,6,小柳勝希,B2,39.06,6,,1.2419,1.5,27,10.1,0.1912,3.8768,,,0,低,42,0,-,523 5,0,23,0.4156,,,,,,,,,,,C,,,0.2127,0.504,,0.4493,A,60,0,◎-○軸 3着3〜4艇流し（10〜15点）,0.5777,"{'is_target': True, 'verdict': '参加推奨', 'max_combo_prob': 0.1078, 'est_top_odds': 12.4, 'circle_concentration': 66.9, 'eligible_count': 8, 'bet_adj': 2, 'reason': 'rel_win1=57.3%（本命度） / 最有力組み合わせ確率: 0.108（推定実オッズ?12倍） / 2着集中度: 上位2艇 66.9%（補正+0.00） / 総合判定確率: 0.108 / → ヒモ分散。1号艇1着固定で広めのヒモ流し推奨（買い目+2点）', 'tenji_trigger': '展示確認: ヒモ分散レース。1号艇伸び確認後、広めのヒモ流しを採用。穴ヒモ（5・6号艇）を積極的に含める。'}",,,28,両建て推奨,9.09,35.8,2,,,,,,,,,,,
2025-12-15,丸亀,3,1,井上慧人,B1,18.64,1,◎,47.4225,,0,25,0.1675,4.125,,,0,低,110,1,逃0%,623 6,0,23.4,0.5344,0.25,,,,,0,0.7,0,,,E,,,,0.578,,0.1998,D,18,1,大荒れ。見送り推奨,0.5777,"{'is_target': True, 'verdict': '参加推奨', 'max_combo_prob': 0.0521, 'est_top_odds': 25.6, 'circle_concentration': 61.4, 'eligible_count': 6, 'bet_adj': 2, 'reason': 'rel_win1=47.4%（本命度） / 最有力組み合わせ確率: 0.052（推定実オッズ?26倍） / 2着集中度: 上位2艇 61.4%（補正+0.00） / 総合判定確率: 0.052 / → ヒモ分散。1号艇1着固定で広めのヒモ流し推奨（買い目+2点）', 'tenji_trigger': '展示確認: ヒモ分散レース。1号艇伸び確認後、広めのヒモ流しを採用。穴ヒモ（5・6号艇）を積極的に含める。'}",,,32.8,両建て推奨,21.25,39.1,4,5-1-3|5-1-2|5-1-6|5-2-3|5-2-1|5-2-6|5-3-2|1-3-5|1-2-5|1-3-4|1-5-3,5-1-3|5-1-2|5-1-6|5-2-3|5-2-1|5-2-6|5-3-2|1-3-5|1-2-5|1-3-4|4-1-3|1-5-3,5-1-3:2.22%|5-1-2:1.91%|5-1-6:1.43%|5-2-3:1.42%|5-2-1:0.99%|5-2-6:0.91%|5-3-2:0.84%|1-3-5:4.79%|1-2-5:3.47%|1-3-4:3.35%|1-5-3:3.18%,5-1-3:B_main|5-1-2:B_main|5-1-6:B_main|5-2-3:B_main|5-2-1:B_main|5-2-6:B_main|5-3-2:B_main|1-3-5:A|1-2-5:A|1-3-4:A|1-5-3:A,11,12,0.2915,1,[!]見送り推奨（主役決まり手「まくり差し」― 逃げ劣勢レースで的中実績なし）,主役軸流し,B
2025-12-15,丸亀,3,2,木場雄二,B1,35.48,2,,9.9942,26.3,76,42.5,0.1818,4.3219,,,0,低,139,0,ま0%,3 146,0,22,0.7259,0,0,0.0625,0,0,0.1508,0.0615,0.0154,,,B,◎,,0.1648,0.6955,,0.1998,D,18,1,大荒れ。見送り推奨,0.5777,"{'is_target': True, 'verdict': '参加推奨', 'max_combo_prob': 0.0521, 'est_top_odds': 25.6, 'circle_concentration': 61.4, 'eligible_count': 6, 'bet_adj': 2, 'reason': 'rel_win1=47.4%（本命度） / 最有力組み合わせ確率: 0.052（推定実オッズ?26倍） / 2着集中度: 上位2艇 61.4%（補正+0.00） / 総合判定確率: 0.052 / → ヒモ分散。1号艇1着固定で広めのヒモ流し推奨（買い目+2点）', 'tenji_trigger': '展示確認: ヒモ分散レース。1号艇伸び確認後、広めのヒモ流しを採用。穴ヒモ（5・6号艇）を積極的に含める。'}",,,32.8,両建て推奨,21.25,39.1,4,,,,,,,,,,,
2025-12-15,丸亀,3,3,岡部大輝,B1,37.88,3,○,14.5537,34,100,58.5,0.1423,2.7547,,,0,低,84,0,ま0% 差ま0%,124 54,0,54.2,1.1954,0,0,0.04,0.08,0,0.1832,0.1832,0.0211,,○,B,△,,0.4226,0.66,,0.1998,D,18,1,大荒れ。見送り推奨,0.5777,"{'is_target': True, 'verdict': '参加推奨', 'max_combo_prob': 0.0521, 'est_top_odds': 25.6, 'circle_concentration': 61.4, 'eligible_count': 6, 'bet_adj': 2, 'reason': 'rel_win1=47.4%（本命度） / 最有力組み合わせ確率: 0.052（推定実オッズ?26倍） / 2着集中度: 上位2艇 61.4%（補正+0.00） / 総合判定確率: 0.052 / → ヒモ分散。1号艇1着固定で広めのヒモ流し推奨（買い目+2点）', 'tenji_trigger': '展示確認: ヒモ分散レース。1号艇伸び確認後、広めのヒモ流しを採用。穴ヒモ（5・6号艇）を積極的に含める。'}",,,32.8,両建て推奨,21.25,39.1,4,,,,,,,,,,,
2025-12-15,丸亀,3,4,寺島美里,B1,41.54,4,▲,14.3469,10.8,72,33.3,0.1833,3.4545,,,0,低,67,0,-,564 61,0,48.1,1.036,,,,,,0,0,0.4444,,,A,,○,0.2506,0.6185,0.1173,0.1998,D,18,1,大荒れ。見送り推奨,0.5777,"{'is_target': True, 'verdict': '参加推奨', 'max_combo_prob': 0.0521, 'est_top_odds': 25.6, 'circle_concentration': 61.4, 'eligible_count': 6, 'bet_adj': 2, 'reason': 'rel_win1=47.4%（本命度） / 最有力組み合わせ確率: 0.052（推定実オッズ?26倍） / 2着集中度: 上位2艇 61.4%（補正+0.00） / 総合判定確率: 0.052 / → ヒモ分散。1号艇1着固定で広めのヒモ流し推奨（買い目+2点）', 'tenji_trigger': '展示確認: ヒモ分散レース。1号艇伸び確認後、広めのヒモ流しを採用。穴ヒモ（5・6号艇）を積極的に含める。'}",,,32.8,両建て推奨,21.25,39.1,4,,,,,,,,,,,
2025-12-15,丸亀,3,5,中村　尊,A2,26.87,5,△,12.6324,27.4,47,54.8,0.1266,2.7742,,,0,低,55,0,-,4255S,0,89.7,1.5969,0,0,0.04,0.12,0,0.24,0.04,0.0667,,◎,D,○,◎,0.4313,0.6655,0.4697,0.1998,D,18,1,大荒れ。見送り推奨,0.5777,"{'is_target': True, 'verdict': '参加推奨', 'max_combo_prob': 0.0521, 'est_top_odds': 25.6, 'circle_concentration': 61.4, 'eligible_count': 6, 'bet_adj': 2, 'reason': 'rel_win1=47.4%（本命度） / 最有力組み合わせ確率: 0.052（推定実オッズ?26倍） / 2着集中度: 上位2艇 61.4%（補正+0.00） / 総合判定確率: 0.052 / → ヒモ分散。1号艇1着固定で広めのヒモ流し推奨（買い目+2点）', 'tenji_trigger': '展示確認: ヒモ分散レース。1号艇伸び確認後、広めのヒモ流しを採用。穴ヒモ（5・6号艇）を積極的に含める。'}",,,32.8,両建て推奨,21.25,39.1,4,,,,,,,,,,,
2025-12-15,丸亀,3,6,金子順一,B1,15.38,6,,1.0502,1.5,40,4,0.1804,4.46,,,0,低,148,0,-,6 665,0,31.8,0.7622,,,,,,0.38,0.18,0.064,,,E,△,,0.2701,0.6315,,0.1998,D,18,1,大荒れ。見送り推奨,0.5777,"{'is_target': True, 'verdict': '参加推奨', 'max_combo_prob': 0.0521, 'est_top_odds': 25.6, 'circle_concentration': 61.4, 'eligible_count': 6, 'bet_adj': 2, 'reason': 'rel_win1=47.4%（本命度） / 最有力組み合わせ確率: 0.052（推定実オッズ?26倍） / 2着集中度: 上位2艇 61.4%（補正+0.00） / 総合判定確率: 0.052 / → ヒモ分散。1号艇1着固定で広めのヒモ流し推奨（買い目+2点）', 'tenji_trigger': '展示確認: ヒモ分散レース。1号艇伸び確認後、広めのヒモ流しを採用。穴ヒモ（5・6号艇）を積極的に含める。'}",,,32.8,両建て推奨,21.25,39.1,4,,,,,,,,,,,
2025-12-15,丸亀,4,1,吉田俊彦,A2,39.06,1,◎,67.3945,,0,90.6,0.1467,2.8984,,,0,低,80,0,逃1%,344135,0,77.9,1.0128,0.6176,,,,,0.0953,0,0.2259,◎,,B,△,,,0.6545,,0.5969,S,100,0,◎1着固定 2-3着流し（5〜8点）,0.5777,"{'is_target': True, 'verdict': '参加推奨', 'max_combo_prob': 0.082, 'est_top_odds': 16.3, 'circle_concentration': 68.2, 'eligible_count': 6, 'bet_adj': 2, 'reason': 'rel_win1=67.4%（本命度） / 最有力組み合わせ確率: 0.082（推定実オッズ?16倍） / 2着集中度: 上位2艇 68.2%（補正+0.00） / 総合判定確率: 0.082 / → ヒモ分散。1号艇1着固定で広めのヒモ流し推奨（買い目+2点）', 'tenji_trigger': '展示確認: ヒモ分散レース。1号艇伸び確認後、広めのヒモ流しを採用。穴ヒモ（5・6号艇）を積極的に含める。'}",,,27.3,逃げ狙い,16.71,27.1,3,,,,,0,0,0.7559,0,,逃げ軸流し,A
2025-12-15,丸亀,4,2,上之晃弘,B1,47.76,2,○,9.0855,36.4,86,54.8,0.1585,3.379,,,0,低,123,0,-,164 25,0,54,1.0564,0,0,0.0385,0,0,0.0545,0.0727,0.2045,,,A,◎,,0.2001,0.659,,0.5969,S,100,0,◎1着固定 2-3着流し（5〜8点）,0.5777,"{'is_target': True, 'verdict': '参加推奨', 'max_combo_prob': 0.082, 'est_top_odds': 16.3, 'circle_concentration': 68.2, 'eligible_count': 6, 'bet_adj': 2, 'reason': 'rel_win1=67.4%（本命度） / 最有力組み合わせ確率: 0.082（推定実オッズ?16倍） / 2着集中度: 上位2艇 68.2%（補正+0.00） / 総合判定確率: 0.082 / → ヒモ分散。1号艇1着固定で広めのヒモ流し推奨（買い目+2点）', 'tenji_trigger': '展示確認: ヒモ分散レース。1号艇伸び確認後、広めのヒモ流しを採用。穴ヒモ（5・6号艇）を積極的に含める。'}",,,27.3,逃げ狙い,16.71,27.1,3,,,,,,,,,,,
2025-12-15,丸亀,4,3,原村拓也,B1,28.79,3,△,8.2608,31.8,100,50.7,0.1648,3.6087,,,0,低,159,0,-,335 14,0,48.7,0.9775,,,,,,0.3114,0.1257,0.02,,,D,,,0.2292,0.5855,,0.5969,S,100,0,◎1着固定 2-3着流し（5〜8点）,0.5777,"{'is_target': True, 'verdict': '参加推奨', 'max_combo_prob': 0.082, 'est_top_odds': 16.3, 'circle_concentration': 68.2, 'eligible_count': 6, 'bet_adj': 2, 'reason': 'rel_win1=67.4%（本命度） / 最有力組み合わせ確率: 0.082（推定実オッズ?16倍） / 2着集中度: 上位2艇 68.2%（補正+0.00） / 総合判定確率: 0.082 / → ヒモ分散。1号艇1着固定で広めのヒモ流し推奨（買い目+2点）', 'tenji_trigger': '展示確認: ヒモ分散レース。1号艇伸び確認後、広めのヒモ流しを採用。穴ヒモ（5・6号艇）を積極的に含める。'}",,,27.3,逃げ狙い,16.71,27.1,3,,,,,,,,,,,
2025-12-15,丸亀,4,4,富永夏哉,B1,21.43,4,,5.8015,11.2,78,29.7,0.2027,4.1486,,,0,低,104,0,-,5 123,0,20.4,0.6996,0,0,0,0,0.0556,0.04,0.28,0,,,E,,,0.135,0.5565,,0.5969,S,100,0,◎1着固定 2-3着流し（5〜8点）,0.5777,"{'is_target': True, 'verdict': '参加推奨', 'max_combo_prob': 0.082, 'est_top_odds': 16.3, 'circle_concentration': 68.2, 'eligible_count': 6, 'bet_adj': 2, 'reason': 'rel_win1=67.4%（本命度） / 最有力組み合わせ確率: 0.082（推定実オッズ?16倍） / 2着集中度: 上位2艇 68.2%（補正+0.00） / 総合判定確率: 0.082 / → ヒモ分散。1号艇1着固定で広めのヒモ流し推奨（買い目+2点）', 'tenji_trigger': '展示確認: ヒモ分散レース。1号艇伸び確認後、広めのヒモ流しを採用。穴ヒモ（5・6号艇）を積極的に含める。'}",,,27.3,逃げ狙い,16.71,27.1,3,,,,,,,,,,,
2025-12-15,丸亀,4,5,渡邊裕貴,B1,41.94,5,▲,6.1151,10.1,51,31.1,0.1493,3.3934,,,0,低,99,0,-,1 135,0,86.6,1.4819,,,,,,0,0.2311,0.1644,,,B,△,,0.3017,0.6215,,0.5969,S,100,0,◎1着固定 2-3着流し（5〜8点）,0.5777,"{'is_target': True, 'verdict': '参加推奨', 'max_combo_prob': 0.082, 'est_top_odds': 16.3, 'circle_concentration': 68.2, 'eligible_count': 6, 'bet_adj': 2, 'reason': 'rel_win1=67.4%（本命度） / 最有力組み合わせ確率: 0.082（推定実オッズ?16倍） / 2着集中度: 上位2艇 68.2%（補正+0.00） / 総合判定確率: 0.082 / → ヒモ分散。1号艇1着固定で広めのヒモ流し推奨（買い目+2点）', 'tenji_trigger': '展示確認: ヒモ分散レース。1号艇伸び確認後、広めのヒモ流しを採用。穴ヒモ（5・6号艇）を積極的に含める。'}",,,27.3,逃げ狙い,16.71,27.1,3,,,,,,,,,,,
2025-12-15,丸亀,4,6,山田晃大,A1,27.69,6,,3.3427,10.5,70,35.2,0.1535,3.0463,,,0,低,63,0,-,S55512,0,43.4,0.9917,,,,,,0.0089,0.1911,0.1822,,,D,○,,0.2884,0.655,,0.5969,S,100,0,◎1着固定 2-3着流し（5〜8点）,0.5777,"{'is_target': True, 'verdict': '参加推奨', 'max_combo_prob': 0.082, 'est_top_odds': 16.3, 'circle_concentration': 68.2, 'eligible_count': 6, 'bet_adj': 2, 'reason': 'rel_win1=67.4%（本命度） / 最有力組み合わせ確率: 0.082（推定実オッズ?16倍） / 2着集中度: 上位2艇 68.2%（補正+0.00） / 総合判定確率: 0.082 / → ヒモ分散。1号艇1着固定で広めのヒモ流し推奨（買い目+2点）', 'tenji_trigger': '展示確認: ヒモ分散レース。1号艇伸び確認後、広めのヒモ流しを採用。穴ヒモ（5・6号艇）を積極的に含める。'}",,,27.3,逃げ狙い,16.71,27.1,3,,,,,,,,,,,
2025-12-15,丸亀,5,1,佐竹恒彦,A2,21.82,1,◎,54.384,,0,86.5,0.1352,2.7692,,,0,低,110,0,逃0% 抜0%,333 15,0,73.7,0.9343,0.48,,,,,0.032,0.2514,0.2194,◎,,D,,,,0.6025,,0.5459,S,82,0,◎1着固定 2-3着流し（5〜8点）,0.5777,"{'is_target': True, 'verdict': '参加推奨', 'max_combo_prob': 0.0606, 'est_top_odds': 22.0, 'circle_concentration': 61.5, 'eligible_count': 6, 'bet_adj': 2, 'reason': 'rel_win1=54.4%（本命度） / 最有力組み合わせ確率: 0.061（推定実オッズ?22倍） / 2着集中度: 上位2艇 61.5%（補正+0.00） / 総合判定確率: 0.061 / → ヒモ分散。1号艇1着固定で広めのヒモ流し推奨（買い目+2点）', 'tenji_trigger': '展示確認: ヒモ分散レース。1号艇伸び確認後、広めのヒモ流しを採用。穴ヒモ（5・6号艇）を積極的に含める。\n展示で1号艇スタート超安定(0.135秒)→ヒモ固まり方向に注意'}",,,26.9,逃げ狙い,11.21,30.7,3,,,,,0,0,0.7559,0,,逃げ軸流し,A
2025-12-15,丸亀,5,2,花田凱成,B2,43.55,2,○,13.7718,37,100,48.7,0.1685,3.8205,,,0,低,83,0,差0%,5 1 33,0,36,0.8372,0,0.0435,0,0,0,0.2731,0.5731,0.0308,,,A,△,,0.0631,0.623,,0.5459,S,82,0,◎1着固定 2-3着流し（5〜8点）,0.5777,"{'is_target': True, 'verdict': '参加推奨', 'max_combo_prob': 0.0606, 'est_top_odds': 22.0, 'circle_concentration': 61.5, 'eligible_count': 6, 'bet_adj': 2, 'reason': 'rel_win1=54.4%（本命度） / 最有力組み合わせ確率: 0.061（推定実オッズ?22倍） / 2着集中度: 上位2艇 61.5%（補正+0.00） / 総合判定確率: 0.061 / → ヒモ分散。1号艇1着固定で広めのヒモ流し推奨（買い目+2点）', 'tenji_trigger': '展示確認: ヒモ分散レース。1号艇伸び確認後、広めのヒモ流しを採用。穴ヒモ（5・6号艇）を積極的に含める。\n展示で1号艇スタート超安定(0.135秒)→ヒモ固まり方向に注意'}",,,26.9,逃げ狙い,11.21,30.7,3,,,,,,,,,,,
2025-12-15,丸亀,5,3,森　陽多,B1,39.68,3,▲,10.9254,19.8,99,33.3,0.172,3.6,,,0,低,64,0,-,6 566,0,23.8,0.7888,,,,,,0,0.4,0.2,,,B,,,0.1628,0.472,,0.5459,S,82,0,◎1着固定 2-3着流し（5〜8点）,0.5777,"{'is_target': True, 'verdict': '参加推奨', 'max_combo_prob': 0.0606, 'est_top_odds': 22.0, 'circle_concentration': 61.5, 'eligible_count': 6, 'bet_adj': 2, 'reason': 'rel_win1=54.4%（本命度） / 最有力組み合わせ確率: 0.061（推定実オッズ?22倍） / 2着集中度: 上位2艇 61.5%（補正+0.00） / 総合判定確率: 0.061 / → ヒモ分散。1号艇1着固定で広めのヒモ流し推奨（買い目+2点）', 'tenji_trigger': '展示確認: ヒモ分散レース。1号艇伸び確認後、広めのヒモ流しを採用。穴ヒモ（5・6号艇）を積極的に含める。\n展示で1号艇スタート超安定(0.135秒)→ヒモ固まり方向に注意'}",,,26.9,逃げ狙い,11.21,30.7,3,,,,,,,,,,,
2025-12-15,丸亀,5,4,間嶋仁志,A2,20.00,4,,11.9787,14.4,98,46,0.1932,3.9921,,,0,低,136,0,-,5 6622,0,52.2,1.1015,0,0.0417,0.0417,0,0,0.048,0.048,0.412,,,E,○,◎,0.1469,0.6285,0.1146,0.5459,S,82,0,◎1着固定 2-3着流し（5〜8点）,0.5777,"{'is_target': True, 'verdict': '参加推奨', 'max_combo_prob': 0.0606, 'est_top_odds': 22.0, 'circle_concentration': 61.5, 'eligible_count': 6, 'bet_adj': 2, 'reason': 'rel_win1=54.4%（本命度） / 最有力組み合わせ確率: 0.061（推定実オッズ?22倍） / 2着集中度: 上位2艇 61.5%（補正+0.00） / 総合判定確率: 0.061 / → ヒモ分散。1号艇1着固定で広めのヒモ流し推奨（買い目+2点）', 'tenji_trigger': '展示確認: ヒモ分散レース。1号艇伸び確認後、広めのヒモ流しを採用。穴ヒモ（5・6号艇）を積極的に含める。\n展示で1号艇スタート超安定(0.135秒)→ヒモ固まり方向に注意'}",,,26.9,逃げ狙い,11.21,30.7,3,,,,,,,,,,,
2025-12-15,丸亀,5,5,中山　将,A2,18.33,5,,7.5103,24.4,82,44.6,0.1434,2.6339,,,0,低,86,0,ま0%,233356,0,82.9,1.3452,0,0,0.0476,0,0,0.0741,0.0741,0.0741,,,E,△,,0.3005,0.62,,0.5459,S,82,0,◎1着固定 2-3着流し（5〜8点）,0.5777,"{'is_target': True, 'verdict': '参加推奨', 'max_combo_prob': 0.0606, 'est_top_odds': 22.0, 'circle_concentration': 61.5, 'eligible_count': 6, 'bet_adj': 2, 'reason': 'rel_win1=54.4%（本命度） / 最有力組み合わせ確率: 0.061（推定実オッズ?22倍） / 2着集中度: 上位2艇 61.5%（補正+0.00） / 総合判定確率: 0.061 / → ヒモ分散。1号艇1着固定で広めのヒモ流し推奨（買い目+2点）', 'tenji_trigger': '展示確認: ヒモ分散レース。1号艇伸び確認後、広めのヒモ流しを採用。穴ヒモ（5・6号艇）を積極的に含める。\n展示で1号艇スタート超安定(0.135秒)→ヒモ固まり方向に注意'}",,,26.9,逃げ狙い,11.21,30.7,3,,,,,,,,,,,
2025-12-15,丸亀,5,6,野田彩加,B1,33.33,6,△,1.4298,4.3,50,16,0.154,4.44,,,0,低,56,0,-,564 43,0,31.9,0.8333,,,,,,0.1,0.2,0.2,,,C,◎,,0.2909,0.6425,,0.5459,S,82,0,◎1着固定 2-3着流し（5〜8点）,0.5777,"{'is_target': True, 'verdict': '参加推奨', 'max_combo_prob': 0.0606, 'est_top_odds': 22.0, 'circle_concentration': 61.5, 'eligible_count': 6, 'bet_adj': 2, 'reason': 'rel_win1=54.4%（本命度） / 最有力組み合わせ確率: 0.061（推定実オッズ?22倍） / 2着集中度: 上位2艇 61.5%（補正+0.00） / 総合判定確率: 0.061 / → ヒモ分散。1号艇1着固定で広めのヒモ流し推奨（買い目+2点）', 'tenji_trigger': '展示確認: ヒモ分散レース。1号艇伸び確認後、広めのヒモ流しを採用。穴ヒモ（5・6号艇）を積極的に含める。\n展示で1号艇スタート超安定(0.135秒)→ヒモ固まり方向に注意'}",,,26.9,逃げ狙い,11.21,30.7,3,,,,,,,,,,,
2025-12-15,丸亀,6,1,松村康太,A2,48.48,1,◎,58.1545,,0,89.8,0.158,3.3125,,,0,低,166,0,逃0%,341 52,0,86.1,1.0974,0.3333,,,,,0.22,0.1756,0.2689,○,,B,△,,,0.6195,,0.4164,S,85,0,◎1着固定 2-3着流し（5〜8点）,0.5777,"{'is_target': True, 'verdict': '参加推奨', 'max_combo_prob': 0.0713, 'est_top_odds': 18.7, 'circle_concentration': 57.5, 'eligible_count': 6, 'bet_adj': 2, 'reason': 'rel_win1=58.2%（本命度） / 最有力組み合わせ確率: 0.071（推定実オッズ?19倍） / 2着集中度: 上位2艇 57.5%（補正+0.00） / 総合判定確率: 0.071 / → ヒモ分散。1号艇1着固定で広めのヒモ流し推奨（買い目+2点）', 'tenji_trigger': '展示確認: ヒモ分散レース。1号艇伸び確認後、広めのヒモ流しを採用。穴ヒモ（5・6号艇）を積極的に含める。'}",,,29.1,逃げ狙い,11.71,36.5,3,,,,,0,0,0.6155,0,,逃げ軸流し,A
2025-12-15,丸亀,6,2,藤田美代,B1,37.68,2,,8.9231,34,71,41.2,0.1791,3.4265,,,0,低,85,0,差0%,666 36,0,74.6,0.7078,0,0.0667,0,0,0,0.04,0.4,0.04,,,C,,,0.136,0.564,,0.4164,S,85,0,◎1着固定 2-3着流し（5〜8点）,0.5777,"{'is_target': True, 'verdict': '参加推奨', 'max_combo_prob': 0.0713, 'est_top_odds': 18.7, 'circle_concentration': 57.5, 'eligible_count': 6, 'bet_adj': 2, 'reason': 'rel_win1=58.2%（本命度） / 最有力組み合わせ確率: 0.071（推定実オッズ?19倍） / 2着集中度: 上位2艇 57.5%（補正+0.00） / 総合判定確率: 0.071 / → ヒモ分散。1号艇1着固定で広めのヒモ流し推奨（買い目+2点）', 'tenji_trigger': '展示確認: ヒモ分散レース。1号艇伸び確認後、広めのヒモ流しを採用。穴ヒモ（5・6号艇）を積極的に含める。'}",,,29.1,逃げ狙い,11.71,36.5,3,,,,,,,,,,,
2025-12-15,丸亀,6,3,池田紫乃,B1,34.92,3,△,15.3719,22.3,71,40,0.172,3.58,,,0,低,61,0,-,165 65,0,81.3,1.5794,0,0.0625,0.0625,0,0,0.3333,0.1667,0,,,D,△,,0.2506,0.6185,,0.4164,S,85,0,◎1着固定 2-3着流し（5〜8点）,0.5777,"{'is_target': True, 'verdict': '参加推奨', 'max_combo_prob': 0.0713, 'est_top_odds': 18.7, 'circle_concentration': 57.5, 'eligible_count': 6, 'bet_adj': 2, 'reason': 'rel_win1=58.2%（本命度） / 最有力組み合わせ確率: 0.071（推定実オッズ?19倍） / 2着集中度: 上位2艇 57.5%（補正+0.00） / 総合判定確率: 0.071 / → ヒモ分散。1号艇1着固定で広めのヒモ流し推奨（買い目+2点）', 'tenji_trigger': '展示確認: ヒモ分散レース。1号艇伸び確認後、広めのヒモ流しを採用。穴ヒモ（5・6号艇）を積極的に含める。'}",,,29.1,逃げ狙い,11.71,36.5,3,,,,,,,,,,,
2025-12-15,丸亀,6,4,高橋直哉,B1,47.62,4,▲,8.386,13.8,100,49.1,0.1941,4.1356,,,0,低,172,0,差0% ま0%,153 2S,0,32.1,0.8411,0,0.0385,0.0385,0.0769,0,0.05,0.2833,0.05,,,B,,◎,0.1801,0.606,0.203,0.4164,S,85,0,◎1着固定 2-3着流し（5〜8点）,0.5777,"{'is_target': True, 'verdict': '参加推奨', 'max_combo_prob': 0.0713, 'est_top_odds': 18.7, 'circle_concentration': 57.5, 'eligible_count': 6, 'bet_adj': 2, 'reason': 'rel_win1=58.2%（本命度） / 最有力組み合わせ確率: 0.071（推定実オッズ?19倍） / 2着集中度: 上位2艇 57.5%（補正+0.00） / 総合判定確率: 0.071 / → ヒモ分散。1号艇1着固定で広めのヒモ流し推奨（買い目+2点）', 'tenji_trigger': '展示確認: ヒモ分散レース。1号艇伸び確認後、広めのヒモ流しを採用。穴ヒモ（5・6号艇）を積極的に含める。'}",,,29.1,逃げ狙い,11.71,36.5,3,,,,,,,,,,,
2025-12-15,丸亀,6,5,川野芽唯,A1,53.97,5,○,7.0402,23.6,61,43.5,0.2017,4.587,,,0,低,72,0,-,332122,0,27.3,0.76,0,0,0,0.0667,0,0,0.0556,0.0556,,,A,○,,0.1763,0.625,,0.4164,S,85,0,◎1着固定 2-3着流し（5〜8点）,0.5777,"{'is_target': True, 'verdict': '参加推奨', 'max_combo_prob': 0.0713, 'est_top_odds': 18.7, 'circle_concentration': 57.5, 'eligible_count': 6, 'bet_adj': 2, 'reason': 'rel_win1=58.2%（本命度） / 最有力組み合わせ確率: 0.071（推定実オッズ?19倍） / 2着集中度: 上位2艇 57.5%（補正+0.00） / 総合判定確率: 0.071 / → ヒモ分散。1号艇1着固定で広めのヒモ流し推奨（買い目+2点）', 'tenji_trigger': '展示確認: ヒモ分散レース。1号艇伸び確認後、広めのヒモ流しを採用。穴ヒモ（5・6号艇）を積極的に含める。'}",,,29.1,逃げ狙い,11.71,36.5,3,,,,,,,,,,,
2025-12-15,丸亀,6,6,吉村　誠,A2,26.56,6,,2.1243,6.4,45,33.8,0.1247,2.9118,,,0,低,86,0,-,21253,0,26.9,1.4031,,,,,,0.0098,0.0195,0.1735,,◎,E,◎,,0.4452,0.675,,0.4164,S,85,0,◎1着固定 2-3着流し（5〜8点）,0.5777,"{'is_target': True, 'verdict': '参加推奨', 'max_combo_prob': 0.0713, 'est_top_odds': 18.7, 'circle_concentration': 57.5, 'eligible_count': 6, 'bet_adj': 2, 'reason': 'rel_win1=58.2%（本命度） / 最有力組み合わせ確率: 0.071（推定実オッズ?19倍） / 2着集中度: 上位2艇 57.5%（補正+0.00） / 総合判定確率: 0.071 / → ヒモ分散。1号艇1着固定で広めのヒモ流し推奨（買い目+2点）', 'tenji_trigger': '展示確認: ヒモ分散レース。1号艇伸び確認後、広めのヒモ流しを採用。穴ヒモ（5・6号艇）を積極的に含める。'}",,,29.1,逃げ狙い,11.71,36.5,3,,,,,,,,,,,
2025-12-15,丸亀,7,1,赤坂俊輔,A1,15.52,1,◎,58.1999,,0,90.2,0.1448,2.7256,,,0,低,76,0,逃1%,442442,0,100,1.4685,0.7619,,,,,0.0095,0.1321,0.0286,◎,,E,○,,,0.668,,0.5862,A,70,0,◎-○軸 3着3〜4艇流し（10〜15点）,0.5777,"{'is_target': True, 'verdict': '参加推奨', 'max_combo_prob': 0.0684, 'est_top_odds': 19.5, 'circle_concentration': 77.8, 'eligible_count': 8, 'bet_adj': 2, 'reason': 'rel_win1=58.2%（本命度） / 最有力組み合わせ確率: 0.068（推定実オッズ?20倍） / 2着集中度: 上位2艇 77.8%（補正+0.04） / 総合判定確率: 0.108 / → ヒモ分散。1号艇1着固定で広めのヒモ流し推奨（買い目+2点）', 'tenji_trigger': '展示確認: ヒモ分散レース。1号艇伸び確認後、広めのヒモ流しを採用。穴ヒモ（5・6号艇）を積極的に含める。'}",,,26.3,逃げ狙い,15.81,25,3,,,,,0,0,0.7559,0,,逃げ軸流し,A
2025-12-15,丸亀,7,2,赤羽克也,A2,45.31,2,○,13.9798,42.5,100,59.7,0.1658,3.7708,,,0,低,137,0,-,444 41,0,62.6,1.364,0,0.0968,0,0,0.0323,0.2828,0.1885,0.0138,,,B,△,,0.1129,0.633,,0.5862,A,70,0,◎-○軸 3着3〜4艇流し（10〜15点）,0.5777,"{'is_target': True, 'verdict': '参加推奨', 'max_combo_prob': 0.0684, 'est_top_odds': 19.5, 'circle_concentration': 77.8, 'eligible_count': 8, 'bet_adj': 2, 'reason': 'rel_win1=58.2%（本命度） / 最有力組み合わせ確率: 0.068（推定実オッズ?20倍） / 2着集中度: 上位2艇 77.8%（補正+0.04） / 総合判定確率: 0.108 / → ヒモ分散。1号艇1着固定で広めのヒモ流し推奨（買い目+2点）', 'tenji_trigger': '展示確認: ヒモ分散レース。1号艇伸び確認後、広めのヒモ流しを採用。穴ヒモ（5・6号艇）を積極的に含める。'}",,,26.3,逃げ狙い,15.81,25,3,,,,,,,,,,,
2025-12-15,丸亀,7,3,國分将太,B1,36.36,3,△,11.8488,35.2,87,62.2,0.1624,3.4444,,,0,低,111,0,-,5 646,0,33.6,0.9221,0,0,0,0.125,0,0,0.6154,0,,,C,,,0.2317,0.585,,0.5862,A,70,0,◎-○軸 3着3〜4艇流し（10〜15点）,0.5777,"{'is_target': True, 'verdict': '参加推奨', 'max_combo_prob': 0.0684, 'est_top_odds': 19.5, 'circle_concentration': 77.8, 'eligible_count': 8, 'bet_adj': 2, 'reason': 'rel_win1=58.2%（本命度） / 最有力組み合わせ確率: 0.068（推定実オッズ?20倍） / 2着集中度: 上位2艇 77.8%（補正+0.04） / 総合判定確率: 0.108 / → ヒモ分散。1号艇1着固定で広めのヒモ流し推奨（買い目+2点）', 'tenji_trigger': '展示確認: ヒモ分散レース。1号艇伸び確認後、広めのヒモ流しを採用。穴ヒモ（5・6号艇）を積極的に含める。'}",,,26.3,逃げ狙い,15.81,25,3,,,,,,,,,,,
2025-12-15,丸亀,7,4,池　千夏,B1,22.41,4,,7.402,12,92,22.2,0.1178,2.6111,,,0,低,8,1,-,4 2546,0,40.5,0.6372,,,,,,0,0.3714,0.3143,,◎,E,◎,,0.4353,0.7065,,0.5862,A,70,0,◎-○軸 3着3〜4艇流し（10〜15点）,0.5777,"{'is_target': True, 'verdict': '参加推奨', 'max_combo_prob': 0.0684, 'est_top_odds': 19.5, 'circle_concentration': 77.8, 'eligible_count': 8, 'bet_adj': 2, 'reason': 'rel_win1=58.2%（本命度） / 最有力組み合わせ確率: 0.068（推定実オッズ?20倍） / 2着集中度: 上位2艇 77.8%（補正+0.04） / 総合判定確率: 0.108 / → ヒモ分散。1号艇1着固定で広めのヒモ流し推奨（買い目+2点）', 'tenji_trigger': '展示確認: ヒモ分散レース。1号艇伸び確認後、広めのヒモ流しを採用。穴ヒモ（5・6号艇）を積極的に含める。'}",,,26.3,逃げ狙い,15.81,25,3,,,,,,,,,,,
2025-12-15,丸亀,7,5,小柳勝希,B2,39.06,5,,4.8864,5.5,70,9.1,0.1818,3.3636,,,0,低,42,1,-,523 5,0,23.8,0.6226,,,,,,,,,,,C,,,0.2121,0.504,,0.5862,A,70,0,◎-○軸 3着3〜4艇流し（10〜15点）,0.5777,"{'is_target': True, 'verdict': '参加推奨', 'max_combo_prob': 0.0684, 'est_top_odds': 19.5, 'circle_concentration': 77.8, 'eligible_count': 8, 'bet_adj': 2, 'reason': 'rel_win1=58.2%（本命度） / 最有力組み合わせ確率: 0.068（推定実オッズ?20倍） / 2着集中度: 上位2艇 77.8%（補正+0.04） / 総合判定確率: 0.108 / → ヒモ分散。1号艇1着固定で広めのヒモ流し推奨（買い目+2点）', 'tenji_trigger': '展示確認: ヒモ分散レース。1号艇伸び確認後、広めのヒモ流しを採用。穴ヒモ（5・6号艇）を積極的に含める。'}",,,26.3,逃げ狙い,15.81,25,3,,,,,,,,,,,
2025-12-15,丸亀,7,6,秋山広一,A2,48.48,6,▲,3.6832,4.7,95,37.3,0.1766,4.0932,,,0,低,90,0,-,13421,0,23.6,0.9831,0,0,0,0,0,0,0.168,0.168,,,A,△,,0.2286,0.651,,0.5862,A,70,0,◎-○軸 3着3〜4艇流し（10〜15点）,0.5777,"{'is_target': True, 'verdict': '参加推奨', 'max_combo_prob': 0.0684, 'est_top_odds': 19.5, 'circle_concentration': 77.8, 'eligible_count': 8, 'bet_adj': 2, 'reason': 'rel_win1=58.2%（本命度） / 最有力組み合わせ確率: 0.068（推定実オッズ?20倍） / 2着集中度: 上位2艇 77.8%（補正+0.04） / 総合判定確率: 0.108 / → ヒモ分散。1号艇1着固定で広めのヒモ流し推奨（買い目+2点）', 'tenji_trigger': '展示確認: ヒモ分散レース。1号艇伸び確認後、広めのヒモ流しを採用。穴ヒモ（5・6号艇）を積極的に含める。'}",,,26.3,逃げ狙い,15.81,25,3,,,,,,,,,,,
2025-12-15,丸亀,8,1,宮崎　奨,A2,29.85,1,◎,64.9019,,0,95,0.1571,2.8625,,,0,低,134,0,逃1%,313323,0,83.9,1.0431,0.5429,,,,,0.0343,0.1571,0.2686,◎,,D,△,,,0.658,,0.5208,S,80,0,◎1着固定 2-3着流し（5〜8点）,0.5777,"{'is_target': True, 'verdict': '参加推奨', 'max_combo_prob': 0.0859, 'est_top_odds': 15.5, 'circle_concentration': 69.5, 'eligible_count': 6, 'bet_adj': 2, 'reason': 'rel_win1=64.9%（本命度） / 最有力組み合わせ確率: 0.086（推定実オッズ?16倍） / 2着集中度: 上位2艇 69.5%（補正+0.00） / 総合判定確率: 0.086 / → ヒモ分散。1号艇1着固定で広めのヒモ流し推奨（買い目+2点）', 'tenji_trigger': '展示確認: ヒモ分散レース。1号艇伸び確認後、広めのヒモ流しを採用。穴ヒモ（5・6号艇）を積極的に含める。'}",,,28.9,逃げ狙い,18.42,30.4,2,,,,,0,0,0.7559,0,,逃げ軸流し,A
2025-12-15,丸亀,8,2,向井美鈴,A2,43.75,2,▲,15.8799,37.6,94,64.3,0.1709,3.4643,,,0,低,136,0,ま0%,254164,0,58.4,1.1117,0,0,0.12,0,0.04,0.264,0.048,0.116,,,B,,,0.1844,0.604,,0.5208,S,80,0,◎1着固定 2-3着流し（5〜8点）,0.5777,"{'is_target': True, 'verdict': '参加推奨', 'max_combo_prob': 0.0859, 'est_top_odds': 15.5, 'circle_concentration': 69.5, 'eligible_count': 6, 'bet_adj': 2, 'reason': 'rel_win1=64.9%（本命度） / 最有力組み合わせ確率: 0.086（推定実オッズ?16倍） / 2着集中度: 上位2艇 69.5%（補正+0.00） / 総合判定確率: 0.086 / → ヒモ分散。1号艇1着固定で広めのヒモ流し推奨（買い目+2点）', 'tenji_trigger': '展示確認: ヒモ分散レース。1号艇伸び確認後、広めのヒモ流しを採用。穴ヒモ（5・6号艇）を積極的に含める。'}",,,28.9,逃げ狙い,18.42,30.4,2,,,,,,,,,,,
2025-12-15,丸亀,8,3,川上清人,B1,35.09,3,△,6.2701,19.3,100,49.1,0.1642,3.7273,,,0,低,150,0,-,4 533,0,19.3,0.5829,0,0,0.0952,0,0,0.3733,0.0381,0.1962,,,C,,,0.2781,0.595,,0.5208,S,80,0,◎1着固定 2-3着流し（5〜8点）,0.5777,"{'is_target': True, 'verdict': '参加推奨', 'max_combo_prob': 0.0859, 'est_top_odds': 15.5, 'circle_concentration': 69.5, 'eligible_count': 6, 'bet_adj': 2, 'reason': 'rel_win1=64.9%（本命度） / 最有力組み合わせ確率: 0.086（推定実オッズ?16倍） / 2着集中度: 上位2艇 69.5%（補正+0.00） / 総合判定確率: 0.086 / → ヒモ分散。1号艇1着固定で広めのヒモ流し推奨（買い目+2点）', 'tenji_trigger': '展示確認: ヒモ分散レース。1号艇伸び確認後、広めのヒモ流しを採用。穴ヒモ（5・6号艇）を積極的に含める。'}",,,28.9,逃げ狙い,18.42,30.4,2,,,,,,,,,,,
2025-12-15,丸亀,8,4,中村　尊,A2,26.87,4,,8.0714,31.9,59,65.7,0.1225,2.6269,,,0,低,55,0,ま0%,4255S,0,48.1,0.8115,0,0.12,0.08,0,0,0.24,0.04,0.0667,,◎,E,◎,◎,0.4627,0.6655,0.4913,0.5208,S,80,0,◎1着固定 2-3着流し（5〜8点）,0.5777,"{'is_target': True, 'verdict': '参加推奨', 'max_combo_prob': 0.0859, 'est_top_odds': 15.5, 'circle_concentration': 69.5, 'eligible_count': 6, 'bet_adj': 2, 'reason': 'rel_win1=64.9%（本命度） / 最有力組み合わせ確率: 0.086（推定実オッズ?16倍） / 2着集中度: 上位2艇 69.5%（補正+0.00） / 総合判定確率: 0.086 / → ヒモ分散。1号艇1着固定で広めのヒモ流し推奨（買い目+2点）', 'tenji_trigger': '展示確認: ヒモ分散レース。1号艇伸び確認後、広めのヒモ流しを採用。穴ヒモ（5・6号艇）を積極的に含める。'}",,,28.9,逃げ狙い,18.42,30.4,2,,,,,,,,,,,
2025-12-15,丸亀,8,5,上之晃弘,B1,47.76,5,○,3.9142,8,60,26.2,0.1625,3.582,,,0,低,123,0,-,164 25,0,41.7,0.8776,0,0,0,0.0833,0,0.0545,0.0727,0.2045,,,A,○,,0.2981,0.659,,0.5208,S,80,0,◎1着固定 2-3着流し（5〜8点）,0.5777,"{'is_target': True, 'verdict': '参加推奨', 'max_combo_prob': 0.0859, 'est_top_odds': 15.5, 'circle_concentration': 69.5, 'eligible_count': 6, 'bet_adj': 2, 'reason': 'rel_win1=64.9%（本命度） / 最有力組み合わせ確率: 0.086（推定実オッズ?16倍） / 2着集中度: 上位2艇 69.5%（補正+0.00） / 総合判定確率: 0.086 / → ヒモ分散。1号艇1着固定で広めのヒモ流し推奨（買い目+2点）', 'tenji_trigger': '展示確認: ヒモ分散レース。1号艇伸び確認後、広めのヒモ流しを採用。穴ヒモ（5・6号艇）を積極的に含める。'}",,,28.9,逃げ狙い,18.42,30.4,2,,,,,,,,,,,
2025-12-15,丸亀,8,6,河合三弘,B1,31.75,6,,0.9625,3.2,65,24.5,0.2063,4.5102,,,0,低,158,0,-,5 2565,0,51.2,1.0747,,,,,,0.2132,0.1053,0.2342,,,D,△,,0.1794,0.612,,0.5208,S,80,0,◎1着固定 2-3着流し（5〜8点）,0.5777,"{'is_target': True, 'verdict': '参加推奨', 'max_combo_prob': 0.0859, 'est_top_odds': 15.5, 'circle_concentration': 69.5, 'eligible_count': 6, 'bet_adj': 2, 'reason': 'rel_win1=64.9%（本命度） / 最有力組み合わせ確率: 0.086（推定実オッズ?16倍） / 2着集中度: 上位2艇 69.5%（補正+0.00） / 総合判定確率: 0.086 / → ヒモ分散。1号艇1着固定で広めのヒモ流し推奨（買い目+2点）', 'tenji_trigger': '展示確認: ヒモ分散レース。1号艇伸び確認後、広めのヒモ流しを採用。穴ヒモ（5・6号艇）を積極的に含める。'}",,,28.9,逃げ狙い,18.42,30.4,2,,,,,,,,,,,
2025-12-15,丸亀,9,1,山田晃大,A1,27.69,1,◎,60.9271,,0,87.9,0.138,2.4242,,,0,低,63,0,逃0% 抜0%,S55512,0,86.9,1.1062,0.5333,,,,,0.0089,0.1911,0.1822,◎,,C,○,,,0.655,,0.5814,A,79,0,◎-○軸 3着3〜4艇流し（10〜15点）,0.5777,"{'is_target': True, 'verdict': '点数絞り', 'max_combo_prob': 0.0962, 'est_top_odds': 13.9, 'circle_concentration': 71.3, 'eligible_count': 8, 'bet_adj': 0, 'reason': 'rel_win1=60.9%（本命度） / 最有力組み合わせ確率: 0.096（推定実オッズ?14倍） / 2着集中度: 上位2艇 71.3%（補正+0.04） / 総合判定確率: 0.136 / → ヒモはやや固め。上位2艇以外を切ること', 'tenji_trigger': '展示確認: 1号艇伸び良→そのまま採用。悪→飛び組に差し替え。circle_pct上位2艇に絞り込むこと。\n展示で1号艇スタート超安定(0.138秒)→ヒモ固まり方向に注意'}",,,28.6,逃げ狙い,19.72,28.2,2,,,,,0,0,0.7559,0,,逃げ軸流し,A
2025-12-15,丸亀,9,2,中山　将,A2,18.33,2,,15.6619,46,80,70.2,0.1326,2.7281,,,0,低,86,0,差0% 抜0%,233356,0,61.8,1.1583,0,0.16,0,0,0.08,0.0741,0.0741,0.0741,,◎,E,△,,0.3924,0.62,,0.5814,A,79,0,◎-○軸 3着3〜4艇流し（10〜15点）,0.5777,"{'is_target': True, 'verdict': '点数絞り', 'max_combo_prob': 0.0962, 'est_top_odds': 13.9, 'circle_concentration': 71.3, 'eligible_count': 8, 'bet_adj': 0, 'reason': 'rel_win1=60.9%（本命度） / 最有力組み合わせ確率: 0.096（推定実オッズ?14倍） / 2着集中度: 上位2艇 71.3%（補正+0.04） / 総合判定確率: 0.136 / → ヒモはやや固め。上位2艇以外を切ること', 'tenji_trigger': '展示確認: 1号艇伸び良→そのまま採用。悪→飛び組に差し替え。circle_pct上位2艇に絞り込むこと。\n展示で1号艇スタート超安定(0.138秒)→ヒモ固まり方向に注意'}",,,28.6,逃げ狙い,19.72,28.2,2,,,,,,,,,,,
2025-12-15,丸亀,9,3,間嶋仁志,A2,20.00,3,,9.3135,25.4,93,49.2,0.1914,3.8923,,,0,低,136,0,-,5 6622,0,20.1,0.7381,0,0,0.0323,0.0323,0,0.048,0.048,0.412,,,D,△,,0.1228,0.6285,,0.5814,A,79,0,◎-○軸 3着3〜4艇流し（10〜15点）,0.5777,"{'is_target': True, 'verdict': '点数絞り', 'max_combo_prob': 0.0962, 'est_top_odds': 13.9, 'circle_concentration': 71.3, 'eligible_count': 8, 'bet_adj': 0, 'reason': 'rel_win1=60.9%（本命度） / 最有力組み合わせ確率: 0.096（推定実オッズ?14倍） / 2着集中度: 上位2艇 71.3%（補正+0.04） / 総合判定確率: 0.136 / → ヒモはやや固め。上位2艇以外を切ること', 'tenji_trigger': '展示確認: 1号艇伸び良→そのまま採用。悪→飛び組に差し替え。circle_pct上位2艇に絞り込むこと。\n展示で1号艇スタート超安定(0.138秒)→ヒモ固まり方向に注意'}",,,28.6,逃げ狙い,19.72,28.2,2,,,,,,,,,,,
2025-12-15,丸亀,9,4,原村拓也,B1,28.79,4,▲,8.0369,13.5,100,50.7,0.1842,3.7536,,,0,低,159,0,差0%,335 14,0,43.6,0.9236,0,0.0286,0,0,0.0571,0.3114,0.1257,0.02,,,C,,◎,0.1335,0.5855,0.2564,0.5814,A,79,0,◎-○軸 3着3〜4艇流し（10〜15点）,0.5777,"{'is_target': True, 'verdict': '点数絞り', 'max_combo_prob': 0.0962, 'est_top_odds': 13.9, 'circle_concentration': 71.3, 'eligible_count': 8, 'bet_adj': 0, 'reason': 'rel_win1=60.9%（本命度） / 最有力組み合わせ確率: 0.096（推定実オッズ?14倍） / 2着集中度: 上位2艇 71.3%（補正+0.04） / 総合判定確率: 0.136 / → ヒモはやや固め。上位2艇以外を切ること', 'tenji_trigger': '展示確認: 1号艇伸び良→そのまま採用。悪→飛び組に差し替え。circle_pct上位2艇に絞り込むこと。\n展示で1号艇スタート超安定(0.138秒)→ヒモ固まり方向に注意'}",,,28.6,逃げ狙い,19.72,28.2,2,,,,,,,,,,,
2025-12-15,丸亀,9,5,木場雄二,B1,35.48,5,○,4.7752,9.7,60,30.4,0.1635,3.558,,,0,低,139,0,-,3 146,0,76.4,1.3386,,,,,,0.1508,0.0615,0.0154,,,B,◎,,0.2617,0.6955,,0.5814,A,79,0,◎-○軸 3着3〜4艇流し（10〜15点）,0.5777,"{'is_target': True, 'verdict': '点数絞り', 'max_combo_prob': 0.0962, 'est_top_odds': 13.9, 'circle_concentration': 71.3, 'eligible_count': 8, 'bet_adj': 0, 'reason': 'rel_win1=60.9%（本命度） / 最有力組み合わせ確率: 0.096（推定実オッズ?14倍） / 2着集中度: 上位2艇 71.3%（補正+0.04） / 総合判定確率: 0.136 / → ヒモはやや固め。上位2艇以外を切ること', 'tenji_trigger': '展示確認: 1号艇伸び良→そのまま採用。悪→飛び組に差し替え。circle_pct上位2艇に絞り込むこと。\n展示で1号艇スタート超安定(0.138秒)→ヒモ固まり方向に注意'}",,,28.6,逃げ狙い,19.72,28.2,2,,,,,,,,,,,
2025-12-15,丸亀,9,6,寺島美里,B1,41.54,6,△,1.2855,5.5,38,21.4,0.1993,4.3036,,,0,低,67,0,-,564 61,0,43.2,0.9389,,,,,,0,0,0.4444,,,A,,,0.1637,0.6185,,0.5814,A,79,0,◎-○軸 3着3〜4艇流し（10〜15点）,0.5777,"{'is_target': True, 'verdict': '点数絞り', 'max_combo_prob': 0.0962, 'est_top_odds': 13.9, 'circle_concentration': 71.3, 'eligible_count': 8, 'bet_adj': 0, 'reason': 'rel_win1=60.9%（本命度） / 最有力組み合わせ確率: 0.096（推定実オッズ?14倍） / 2着集中度: 上位2艇 71.3%（補正+0.04） / 総合判定確率: 0.136 / → ヒモはやや固め。上位2艇以外を切ること', 'tenji_trigger': '展示確認: 1号艇伸び良→そのまま採用。悪→飛び組に差し替え。circle_pct上位2艇に絞り込むこと。\n展示で1号艇スタート超安定(0.138秒)→ヒモ固まり方向に注意'}",,,28.6,逃げ狙い,19.72,28.2,2,,,,,,,,,,,
2025-12-15,丸亀,10,1,吉村　誠,A2,26.56,1,◎,60.1701,,0,90.8,0.1324,2.4655,,,0,低,86,0,逃0%,21253,0,95.7,1.321,0.6098,,,,,0.0098,0.0195,0.1735,◎,,D,◎,,,0.675,,0.6483,S,100,0,◎1着固定 2-3着流し（5〜8点）,0.5777,"{'is_target': True, 'verdict': '参加推奨', 'max_combo_prob': 0.0817, 'est_top_odds': 16.3, 'circle_concentration': 61.5, 'eligible_count': 6, 'bet_adj': 2, 'reason': 'rel_win1=60.2%（本命度） / 最有力組み合わせ確率: 0.082（推定実オッズ?16倍） / 2着集中度: 上位2艇 61.5%（補正+0.00） / 総合判定確率: 0.082 / → ヒモ分散。1号艇1着固定で広めのヒモ流し推奨（買い目+2点）', 'tenji_trigger': '展示確認: ヒモ分散レース。1号艇伸び確認後、広めのヒモ流しを採用。穴ヒモ（5・6号艇）を積極的に含める。\n展示で1号艇スタート超安定(0.132秒)→ヒモ固まり方向に注意'}",,,27.2,逃げ狙い,19.65,24.3,3,,,,,0,0,0.7559,0,,逃げ軸流し,A
2025-12-15,丸亀,10,2,渡邊裕貴,B1,41.94,2,▲,10.6394,39.8,61,50.7,0.1691,3.709,,,0,低,99,0,-,1 135,0,42.2,0.9893,0,0.08,0.04,0,0,0,0.2311,0.1644,,,B,,,0.0674,0.6215,,0.6483,S,100,0,◎1着固定 2-3着流し（5〜8点）,0.5777,"{'is_target': True, 'verdict': '参加推奨', 'max_combo_prob': 0.0817, 'est_top_odds': 16.3, 'circle_concentration': 61.5, 'eligible_count': 6, 'bet_adj': 2, 'reason': 'rel_win1=60.2%（本命度） / 最有力組み合わせ確率: 0.082（推定実オッズ?16倍） / 2着集中度: 上位2艇 61.5%（補正+0.00） / 総合判定確率: 0.082 / → ヒモ分散。1号艇1着固定で広めのヒモ流し推奨（買い目+2点）', 'tenji_trigger': '展示確認: ヒモ分散レース。1号艇伸び確認後、広めのヒモ流しを採用。穴ヒモ（5・6号艇）を積極的に含める。\n展示で1号艇スタート超安定(0.132秒)→ヒモ固まり方向に注意'}",,,27.2,逃げ狙い,19.65,24.3,3,,,,,,,,,,,
2025-12-15,丸亀,10,3,松村康太,A2,48.48,3,○,10.4916,21.7,83,60.8,0.1706,3.7745,,,0,低,166,0,-,341 52,0,24.3,0.8021,0,0,0,0,0.0909,0.22,0.1756,0.2689,,,A,,,0.1393,0.6195,,0.6483,S,100,0,◎1着固定 2-3着流し（5〜8点）,0.5777,"{'is_target': True, 'verdict': '参加推奨', 'max_combo_prob': 0.0817, 'est_top_odds': 16.3, 'circle_concentration': 61.5, 'eligible_count': 6, 'bet_adj': 2, 'reason': 'rel_win1=60.2%（本命度） / 最有力組み合わせ確率: 0.082（推定実オッズ?16倍） / 2着集中度: 上位2艇 61.5%（補正+0.00） / 総合判定確率: 0.082 / → ヒモ分散。1号艇1着固定で広めのヒモ流し推奨（買い目+2点）', 'tenji_trigger': '展示確認: ヒモ分散レース。1号艇伸び確認後、広めのヒモ流しを採用。穴ヒモ（5・6号艇）を積極的に含める。\n展示で1号艇スタート超安定(0.132秒)→ヒモ固まり方向に注意'}",,,27.2,逃げ狙い,19.65,24.3,3,,,,,,,,,,,
2025-12-15,丸亀,10,4,赤坂俊輔,A1,15.52,4,,11.8586,19,100,66.7,0.1513,3.2833,,,0,低,76,0,-,442442,0,68.3,1.3834,0,0,0.1071,0.0714,0,0.0095,0.1321,0.0286,,,E,○,◎,0.2351,0.668,0.3759,0.6483,S,100,0,◎1着固定 2-3着流し（5〜8点）,0.5777,"{'is_target': True, 'verdict': '参加推奨', 'max_combo_prob': 0.0817, 'est_top_odds': 16.3, 'circle_concentration': 61.5, 'eligible_count': 6, 'bet_adj': 2, 'reason': 'rel_win1=60.2%（本命度） / 最有力組み合わせ確率: 0.082（推定実オッズ?16倍） / 2着集中度: 上位2艇 61.5%（補正+0.00） / 総合判定確率: 0.082 / → ヒモ分散。1号艇1着固定で広めのヒモ流し推奨（買い目+2点）', 'tenji_trigger': '展示確認: ヒモ分散レース。1号艇伸び確認後、広めのヒモ流しを採用。穴ヒモ（5・6号艇）を積極的に含める。\n展示で1号艇スタート超安定(0.132秒)→ヒモ固まり方向に注意'}",,,27.2,逃げ狙い,19.65,24.3,3,,,,,,,,,,,
2025-12-15,丸亀,10,5,花田凱成,B2,43.55,5,,2.4637,12.2,64,31.8,0.1723,3.1932,,,0,低,83,0,-,5 1 33,0,39.1,0.949,,,,,,0.2731,0.5731,0.0308,,,B,△,,0.1865,0.623,,0.6483,S,100,0,◎1着固定 2-3着流し（5〜8点）,0.5777,"{'is_target': True, 'verdict': '参加推奨', 'max_combo_prob': 0.0817, 'est_top_odds': 16.3, 'circle_concentration': 61.5, 'eligible_count': 6, 'bet_adj': 2, 'reason': 'rel_win1=60.2%（本命度） / 最有力組み合わせ確率: 0.082（推定実オッズ?16倍） / 2着集中度: 上位2艇 61.5%（補正+0.00） / 総合判定確率: 0.082 / → ヒモ分散。1号艇1着固定で広めのヒモ流し推奨（買い目+2点）', 'tenji_trigger': '展示確認: ヒモ分散レース。1号艇伸び確認後、広めのヒモ流しを採用。穴ヒモ（5・6号艇）を積極的に含める。\n展示で1号艇スタート超安定(0.132秒)→ヒモ固まり方向に注意'}",,,27.2,逃げ狙い,19.65,24.3,3,,,,,,,,,,,
2025-12-15,丸亀,10,6,吉田俊彦,A2,39.06,6,△,4.3766,7.3,46,29.6,0.1644,4.2778,,,0,低,80,0,差ま0%,344135,0,61.2,1.3539,0,0,0,0.1667,0,0.0953,0,0.2259,,,C,△,,0.2145,0.6545,,0.6483,S,100,0,◎1着固定 2-3着流し（5〜8点）,0.5777,"{'is_target': True, 'verdict': '参加推奨', 'max_combo_prob': 0.0817, 'est_top_odds': 16.3, 'circle_concentration': 61.5, 'eligible_count': 6, 'bet_adj': 2, 'reason': 'rel_win1=60.2%（本命度） / 最有力組み合わせ確率: 0.082（推定実オッズ?16倍） / 2着集中度: 上位2艇 61.5%（補正+0.00） / 総合判定確率: 0.082 / → ヒモ分散。1号艇1着固定で広めのヒモ流し推奨（買い目+2点）', 'tenji_trigger': '展示確認: ヒモ分散レース。1号艇伸び確認後、広めのヒモ流しを採用。穴ヒモ（5・6号艇）を積極的に含める。\n展示で1号艇スタート超安定(0.132秒)→ヒモ固まり方向に注意'}",,,27.2,逃げ狙い,19.65,24.3,3,,,,,,,,,,,
2025-12-15,丸亀,11,1,秋山広一,A2,48.48,1,◎,61.1261,,0,93.7,0.1343,2.5476,,,0,低,90,0,逃0%,13421,0,68.2,1.0193,0.72,,,,,0,0.168,0.168,◎,,A,△,,,0.651,,0.6827,S,89,0,◎1着固定 2-3着流し（5〜8点）,0.5777,"{'is_target': True, 'verdict': '参加推奨', 'max_combo_prob': 0.0778, 'est_top_odds': 17.1, 'circle_concentration': 65.7, 'eligible_count': 6, 'bet_adj': 2, 'reason': 'rel_win1=61.1%（本命度） / 最有力組み合わせ確率: 0.078（推定実オッズ?17倍） / 2着集中度: 上位2艇 65.7%（補正+0.00） / 総合判定確率: 0.078 / → ヒモ分散。1号艇1着固定で広めのヒモ流し推奨（買い目+2点）', 'tenji_trigger': '展示確認: ヒモ分散レース。1号艇伸び確認後、広めのヒモ流しを採用。穴ヒモ（5・6号艇）を積極的に含める。\n展示で1号艇スタート超安定(0.134秒)→ヒモ固まり方向に注意'}",,,27.9,逃げ狙い,18.72,27.2,2,,,,,0,0,0.7559,0,,逃げ軸流し,A
2025-12-15,丸亀,11,2,川野芽唯,A1,53.97,2,○,18.4767,31.2,100,60.9,0.1765,4.1522,,,0,低,72,0,-,332122,0,54.3,0.9378,0,0.1,0.1,0,0.1,0,0.0556,0.0556,,,A,△,,0.0737,0.625,,0.6827,S,89,0,◎1着固定 2-3着流し（5〜8点）,0.5777,"{'is_target': True, 'verdict': '参加推奨', 'max_combo_prob': 0.0778, 'est_top_odds': 17.1, 'circle_concentration': 65.7, 'eligible_count': 6, 'bet_adj': 2, 'reason': 'rel_win1=61.1%（本命度） / 最有力組み合わせ確率: 0.078（推定実オッズ?17倍） / 2着集中度: 上位2艇 65.7%（補正+0.00） / 総合判定確率: 0.078 / → ヒモ分散。1号艇1着固定で広めのヒモ流し推奨（買い目+2点）', 'tenji_trigger': '展示確認: ヒモ分散レース。1号艇伸び確認後、広めのヒモ流しを採用。穴ヒモ（5・6号艇）を積極的に含める。\n展示で1号艇スタート超安定(0.134秒)→ヒモ固まり方向に注意'}",,,27.9,逃げ狙い,18.72,27.2,2,,,,,,,,,,,
2025-12-15,丸亀,11,3,宮崎　奨,A2,29.85,3,△,9.4342,34.5,90,70.4,0.1585,3.5,,,0,低,134,0,-,313323,0,42.8,1.0344,0,0,0,0.0952,0.0476,0.0343,0.1571,0.2686,,,D,○,,0.1772,0.658,,0.6827,S,89,0,◎1着固定 2-3着流し（5〜8点）,0.5777,"{'is_target': True, 'verdict': '参加推奨', 'max_combo_prob': 0.0778, 'est_top_odds': 17.1, 'circle_concentration': 65.7, 'eligible_count': 6, 'bet_adj': 2, 'reason': 'rel_win1=61.1%（本命度） / 最有力組み合わせ確率: 0.078（推定実オッズ?17倍） / 2着集中度: 上位2艇 65.7%（補正+0.00） / 総合判定確率: 0.078 / → ヒモ分散。1号艇1着固定で広めのヒモ流し推奨（買い目+2点）', 'tenji_trigger': '展示確認: ヒモ分散レース。1号艇伸び確認後、広めのヒモ流しを採用。穴ヒモ（5・6号艇）を積極的に含める。\n展示で1号艇スタート超安定(0.134秒)→ヒモ固まり方向に注意'}",,,27.9,逃げ狙い,18.72,27.2,2,,,,,,,,,,,
2025-12-15,丸亀,11,4,岡部大輝,B1,37.88,4,▲,6.9963,21.8,51,50,0.1617,3.2212,,,0,低,84,0,-,124 54,0,97.8,1.8945,0,0.0952,0.0476,0.0476,0,0.1832,0.1832,0.0211,,,C,◎,◎,0.1898,0.66,0.4551,0.6827,S,89,0,◎1着固定 2-3着流し（5〜8点）,0.5777,"{'is_target': True, 'verdict': '参加推奨', 'max_combo_prob': 0.0778, 'est_top_odds': 17.1, 'circle_concentration': 65.7, 'eligible_count': 6, 'bet_adj': 2, 'reason': 'rel_win1=61.1%（本命度） / 最有力組み合わせ確率: 0.078（推定実オッズ?17倍） / 2着集中度: 上位2艇 65.7%（補正+0.00） / 総合判定確率: 0.078 / → ヒモ分散。1号艇1着固定で広めのヒモ流し推奨（買い目+2点）', 'tenji_trigger': '展示確認: ヒモ分散レース。1号艇伸び確認後、広めのヒモ流しを採用。穴ヒモ（5・6号艇）を積極的に含める。\n展示で1号艇スタート超安定(0.134秒)→ヒモ固まり方向に注意'}",,,27.9,逃げ狙い,18.72,27.2,2,,,,,,,,,,,
2025-12-15,丸亀,11,5,富永夏哉,B1,21.43,5,,2.4184,10,41,25.6,0.201,4.3333,,,0,低,104,0,-,5 123,0,26.7,0.6086,,,,,,0.04,0.28,0,,,E,,,0.1369,0.5565,,0.6827,S,89,0,◎1着固定 2-3着流し（5〜8点）,0.5777,"{'is_target': True, 'verdict': '参加推奨', 'max_combo_prob': 0.0778, 'est_top_odds': 17.1, 'circle_concentration': 65.7, 'eligible_count': 6, 'bet_adj': 2, 'reason': 'rel_win1=61.1%（本命度） / 最有力組み合わせ確率: 0.078（推定実オッズ?17倍） / 2着集中度: 上位2艇 65.7%（補正+0.00） / 総合判定確率: 0.078 / → ヒモ分散。1号艇1着固定で広めのヒモ流し推奨（買い目+2点）', 'tenji_trigger': '展示確認: ヒモ分散レース。1号艇伸び確認後、広めのヒモ流しを採用。穴ヒモ（5・6号艇）を積極的に含める。\n展示で1号艇スタート超安定(0.134秒)→ヒモ固まり方向に注意'}",,,27.9,逃げ狙い,18.72,27.2,2,,,,,,,,,,,
2025-12-15,丸亀,11,6,佐竹恒彦,A2,21.82,6,,1.5483,2.5,79,30.2,0.2026,5.0233,,,0,低,110,0,-,333 15,0,37.9,1.2519,,,,,,0.032,0.2514,0.2194,,,E,,,0.135,0.6025,,0.6827,S,89,0,◎1着固定 2-3着流し（5〜8点）,0.5777,"{'is_target': True, 'verdict': '参加推奨', 'max_combo_prob': 0.0778, 'est_top_odds': 17.1, 'circle_concentration': 65.7, 'eligible_count': 6, 'bet_adj': 2, 'reason': 'rel_win1=61.1%（本命度） / 最有力組み合わせ確率: 0.078（推定実オッズ?17倍） / 2着集中度: 上位2艇 65.7%（補正+0.00） / 総合判定確率: 0.078 / → ヒモ分散。1号艇1着固定で広めのヒモ流し推奨（買い目+2点）', 'tenji_trigger': '展示確認: ヒモ分散レース。1号艇伸び確認後、広めのヒモ流しを採用。穴ヒモ（5・6号艇）を積極的に含める。\n展示で1号艇スタート超安定(0.134秒)→ヒモ固まり方向に注意'}",,,27.9,逃げ狙い,18.72,27.2,2,,,,,,,,,,,
2025-12-15,丸亀,12,1,柴田　光,A1,50.79,1,◎,56.7451,,0,90.8,0.1585,3.2077,,,0,低,58,0,逃1%,221121,0,88.5,1.1565,0.6154,,,,,0,0.1538,0.1154,○,,B,,,,0.6475,,0.4405,S,82,0,◎1着固定 2-3着流し（5〜8点）,0.5777,"{'is_target': True, 'verdict': '参加推奨', 'max_combo_prob': 0.0898, 'est_top_odds': 14.8, 'circle_concentration': 69.5, 'eligible_count': 6, 'bet_adj': 2, 'reason': 'rel_win1=56.7%（本命度） / 最有力組み合わせ確率: 0.090（推定実オッズ?15倍） / 2着集中度: 上位2艇 69.5%（補正+0.00） / 総合判定確率: 0.090 / → ヒモ分散。1号艇1着固定で広めのヒモ流し推奨（買い目+2点）', 'tenji_trigger': '展示確認: ヒモ分散レース。1号艇伸び確認後、広めのヒモ流しを採用。穴ヒモ（5・6号艇）を積極的に含める。'}",,,29.9,逃げ狙い,24.87,27.5,2,,,,,0,0,0.6155,0,,逃げ軸流し,A
2025-12-15,丸亀,12,2,北村征嗣,A1,38.46,2,△,16.5688,42.1,54,81,0.1493,3.5,,,0,低,114,0,差0% ま0% 抜0%,113213,0,65.7,1.3191,0,0.2727,0.0909,0,0.0455,0.0186,0.1742,0.0825,,○,D,△,,0.4515,0.656,,0.4405,S,82,0,◎1着固定 2-3着流し（5〜8点）,0.5777,"{'is_target': True, 'verdict': '参加推奨', 'max_combo_prob': 0.0898, 'est_top_odds': 14.8, 'circle_concentration': 69.5, 'eligible_count': 6, 'bet_adj': 2, 'reason': 'rel_win1=56.7%（本命度） / 最有力組み合わせ確率: 0.090（推定実オッズ?15倍） / 2着集中度: 上位2艇 69.5%（補正+0.00） / 総合判定確率: 0.090 / → ヒモ分散。1号艇1着固定で広めのヒモ流し推奨（買い目+2点）', 'tenji_trigger': '展示確認: ヒモ分散レース。1号艇伸び確認後、広めのヒモ流しを採用。穴ヒモ（5・6号艇）を積極的に含める。'}",,,29.9,逃げ狙い,24.87,27.5,2,,,,,,,,,,,
2025-12-15,丸亀,12,3,古結　宏,A1,46.77,3,○,15.3106,27.4,69,69.8,0.1309,2.7209,,,0,低,59,0,ま0% 差ま0%,261614,0,60.8,1.3856,0,0,0.1333,0.2,0,0.0143,0,0.0571,,◎,C,◎,,0.4647,0.677,,0.4405,S,82,0,◎1着固定 2-3着流し（5〜8点）,0.5777,"{'is_target': True, 'verdict': '参加推奨', 'max_combo_prob': 0.0898, 'est_top_odds': 14.8, 'circle_concentration': 69.5, 'eligible_count': 6, 'bet_adj': 2, 'reason': 'rel_win1=56.7%（本命度） / 最有力組み合わせ確率: 0.090（推定実オッズ?15倍） / 2着集中度: 上位2艇 69.5%（補正+0.00） / 総合判定確率: 0.090 / → ヒモ分散。1号艇1着固定で広めのヒモ流し推奨（買い目+2点）', 'tenji_trigger': '展示確認: ヒモ分散レース。1号艇伸び確認後、広めのヒモ流しを採用。穴ヒモ（5・6号艇）を積極的に含める。'}",,,29.9,逃げ狙い,24.87,27.5,2,,,,,,,,,,,
2025-12-15,丸亀,12,4,前田　翔,A1,41.27,4,,6.537,20.5,100,83.9,0.1603,3.7258,,,0,低,48,0,ま0% 差ま0%,212214,0,77,1.4321,0,0,0.0714,0.0714,0,0.0952,0.0476,0.0952,,,D,△,,0.2874,0.6585,,0.4405,S,82,0,◎1着固定 2-3着流し（5〜8点）,0.5777,"{'is_target': True, 'verdict': '参加推奨', 'max_combo_prob': 0.0898, 'est_top_odds': 14.8, 'circle_concentration': 69.5, 'eligible_count': 6, 'bet_adj': 2, 'reason': 'rel_win1=56.7%（本命度） / 最有力組み合わせ確率: 0.090（推定実オッズ?15倍） / 2着集中度: 上位2艇 69.5%（補正+0.00） / 総合判定確率: 0.090 / → ヒモ分散。1号艇1着固定で広めのヒモ流し推奨（買い目+2点）', 'tenji_trigger': '展示確認: ヒモ分散レース。1号艇伸び確認後、広めのヒモ流しを採用。穴ヒモ（5・6号艇）を積極的に含める。'}",,,29.9,逃げ狙い,24.87,27.5,2,,,,,,,,,,,
2025-12-15,丸亀,12,5,三宅　潤,A2,58.46,5,▲,4.0131,8,70,45.2,0.1857,3.9345,,,0,低,174,0,差ま0%,1 2221,0,31,0.9221,0,0,0.0238,0.0476,0,0.0222,0.0444,0.2111,,,A,,,0.1985,0.6355,,0.4405,S,82,0,◎1着固定 2-3着流し（5〜8点）,0.5777,"{'is_target': True, 'verdict': '参加推奨', 'max_combo_prob': 0.0898, 'est_top_odds': 14.8, 'circle_concentration': 69.5, 'eligible_count': 6, 'bet_adj': 2, 'reason': 'rel_win1=56.7%（本命度） / 最有力組み合わせ確率: 0.090（推定実オッズ?15倍） / 2着集中度: 上位2艇 69.5%（補正+0.00） / 総合判定確率: 0.090 / → ヒモ分散。1号艇1着固定で広めのヒモ流し推奨（買い目+2点）', 'tenji_trigger': '展示確認: ヒモ分散レース。1号艇伸び確認後、広めのヒモ流しを採用。穴ヒモ（5・6号艇）を積極的に含める。'}",,,29.9,逃げ狙い,24.87,27.5,2,,,,,,,,,,,
2025-12-15,丸亀,12,6,石岡将太,B1,39.66,6,,0.8255,2,27,28.3,0.1587,3.6038,,,0,低,108,0,-,241 43,0,47.7,1.1736,,,,,,0.2159,0.1153,0.1185,,,D,○,,0.3127,0.6615,,0.4405,S,82,0,◎1着固定 2-3着流し（5〜8点）,0.5777,"{'is_target': True, 'verdict': '参加推奨', 'max_combo_prob': 0.0898, 'est_top_odds': 14.8, 'circle_concentration': 69.5, 'eligible_count': 6, 'bet_adj': 2, 'reason': 'rel_win1=56.7%（本命度） / 最有力組み合わせ確率: 0.090（推定実オッズ?15倍） / 2着集中度: 上位2艇 69.5%（補正+0.00） / 総合判定確率: 0.090 / → ヒモ分散。1号艇1着固定で広めのヒモ流し推奨（買い目+2点）', 'tenji_trigger': '展示確認: ヒモ分散レース。1号艇伸び確認後、広めのヒモ流しを採用。穴ヒモ（5・6号艇）を積極的に含める。'}",,,29.9,逃げ狙い,24.87,27.5,2,,,,,,,,,,,
2025-12-22,丸亀,1,1,谷口知優,B1,32.88,1,◎,66.8246,,0,80,0.1429,2.5143,,,0,低,83,0,逃1%,,0,83.9,1.0329,0.5909,,,,,0,0.3481,0.1039,◎,,B,△,,,0.6165,,0.605,A,69,0,◎-○軸 3着3〜4艇流し（10〜15点）,0.5777,"{'is_target': True, 'verdict': '点数絞り', 'max_combo_prob': 0.102, 'est_top_odds': 13.1, 'circle_concentration': 81.7, 'eligible_count': 8, 'bet_adj': 0, 'reason': 'rel_win1=66.8%（本命度） / 最有力組み合わせ確率: 0.102（推定実オッズ?13倍） / 2着集中度: 上位2艇 81.7%（補正+0.04） / 総合判定確率: 0.142 / → ヒモはやや固め。上位2艇以外を切ること', 'tenji_trigger': '展示確認: 1号艇伸び良→そのまま採用。悪→飛び組に差し替え。circle_pct上位2艇に絞り込むこと。'}",,,27.6,逃げ狙い,13.85,30.4,2,,,,,0,0,0.7559,0,,逃げ軸流し,A
2025-12-22,丸亀,1,2,山崎義明,B1,25.81,2,,8.5108,39.8,100,53.7,0.159,3.0149,,,0,低,95,0,-,,0,51.7,1.0384,0,0,0,0,0.0526,0.0833,0.3571,0.2714,,,D,◎,,0.1665,0.6385,,0.605,A,69,0,◎-○軸 3着3〜4艇流し（10〜15点）,0.5777,"{'is_target': True, 'verdict': '点数絞り', 'max_combo_prob': 0.102, 'est_top_odds': 13.1, 'circle_concentration': 81.7, 'eligible_count': 8, 'bet_adj': 0, 'reason': 'rel_win1=66.8%（本命度） / 最有力組み合わせ確率: 0.102（推定実オッズ?13倍） / 2着集中度: 上位2艇 81.7%（補正+0.04） / 総合判定確率: 0.142 / → ヒモはやや固め。上位2艇以外を切ること', 'tenji_trigger': '展示確認: 1号艇伸び良→そのまま採用。悪→飛び組に差し替え。circle_pct上位2艇に絞り込むこと。'}",,,27.6,逃げ狙い,13.85,30.4,2,,,,,,,,,,,
2025-12-22,丸亀,1,3,渡辺　崇,B1,29.73,3,○,12.696,41.8,76,65.6,0.1516,3.2656,,,0,低,135,0,-,,0,40.7,0.9758,0,0.087,0.087,0.0435,0,0.075,0.315,0.025,,,B,△,,0.2556,0.608,,0.605,A,69,0,◎-○軸 3着3〜4艇流し（10〜15点）,0.5777,"{'is_target': True, 'verdict': '点数絞り', 'max_combo_prob': 0.102, 'est_top_odds': 13.1, 'circle_concentration': 81.7, 'eligible_count': 8, 'bet_adj': 0, 'reason': 'rel_win1=66.8%（本命度） / 最有力組み合わせ確率: 0.102（推定実オッズ?13倍） / 2着集中度: 上位2艇 81.7%（補正+0.04） / 総合判定確率: 0.142 / → ヒモはやや固め。上位2艇以外を切ること', 'tenji_trigger': '展示確認: 1号艇伸び良→そのまま採用。悪→飛び組に差し替え。circle_pct上位2艇に絞り込むこと。'}",,,27.6,逃げ狙い,13.85,30.4,2,,,,,,,,,,,
2025-12-22,丸亀,1,4,日隈　茜,B2,19.12,4,△,8.1428,11,75,7.1,0.1429,3.4643,,,0,低,62,1,-,,0,23.8,0.6666,,,,,,,,,,,E,,,0.3114,0.457,,0.605,A,69,0,◎-○軸 3着3〜4艇流し（10〜15点）,0.5777,"{'is_target': True, 'verdict': '点数絞り', 'max_combo_prob': 0.102, 'est_top_odds': 13.1, 'circle_concentration': 81.7, 'eligible_count': 8, 'bet_adj': 0, 'reason': 'rel_win1=66.8%（本命度） / 最有力組み合わせ確率: 0.102（推定実オッズ?13倍） / 2着集中度: 上位2艇 81.7%（補正+0.04） / 総合判定確率: 0.142 / → ヒモはやや固め。上位2艇以外を切ること', 'tenji_trigger': '展示確認: 1号艇伸び良→そのまま採用。悪→飛び組に差し替え。circle_pct上位2艇に絞り込むこと。'}",,,27.6,逃げ狙い,13.85,30.4,2,,,,,,,,,,,
2025-12-22,丸亀,1,5,大西　賢,B1,27.40,5,,2.6554,5.4,55,26.2,0.1959,3.9426,,,0,低,150,0,-,,0,56.2,1.1243,,,,,,0.1722,0.1722,0.2591,,,C,,,0.1414,0.549,,0.605,A,69,0,◎-○軸 3着3〜4艇流し（10〜15点）,0.5777,"{'is_target': True, 'verdict': '点数絞り', 'max_combo_prob': 0.102, 'est_top_odds': 13.1, 'circle_concentration': 81.7, 'eligible_count': 8, 'bet_adj': 0, 'reason': 'rel_win1=66.8%（本命度） / 最有力組み合わせ確率: 0.102（推定実オッズ?13倍） / 2着集中度: 上位2艇 81.7%（補正+0.04） / 総合判定確率: 0.142 / → ヒモはやや固め。上位2艇以外を切ること', 'tenji_trigger': '展示確認: 1号艇伸び良→そのまま採用。悪→飛び組に差し替え。circle_pct上位2艇に絞り込むこと。'}",,,27.6,逃げ狙い,13.85,30.4,2,,,,,,,,,,,
2025-12-22,丸亀,1,6,井川大作,B1,29.49,6,▲,1.1704,1.9,44,15.4,0.191,3.9327,,,0,低,89,0,-,,0,33.3,0.8044,,,,,,0.3033,0.0933,0.2633,,,C,○,,0.157,0.617,,0.605,A,69,0,◎-○軸 3着3〜4艇流し（10〜15点）,0.5777,"{'is_target': True, 'verdict': '点数絞り', 'max_combo_prob': 0.102, 'est_top_odds': 13.1, 'circle_concentration': 81.7, 'eligible_count': 8, 'bet_adj': 0, 'reason': 'rel_win1=66.8%（本命度） / 最有力組み合わせ確率: 0.102（推定実オッズ?13倍） / 2着集中度: 上位2艇 81.7%（補正+0.04） / 総合判定確率: 0.142 / → ヒモはやや固め。上位2艇以外を切ること', 'tenji_trigger': '展示確認: 1号艇伸び良→そのまま採用。悪→飛び組に差し替え。circle_pct上位2艇に絞り込むこと。'}",,,27.6,逃げ狙い,13.85,30.4,2,,,,,,,,,,,
2025-12-22,丸亀,2,1,吉原聖人,B1,23.19,1,◎,38.9415,,0,68.2,0.1482,2.9773,,,0,低,129,0,逃0%,,0,69.1,0.8544,0.1667,,,,,0.2533,0.0667,0.3733,○,,D,△,,,0.5965,,0.3391,C,37,0,荒れ傾向。高配当狙いか見送り,0.5777,"{'is_target': False, 'verdict': '対象外', 'max_combo_prob': None, 'est_top_odds': None, 'circle_concentration': None, 'eligible_count': 0, 'bet_adj': 0, 'reason': '1号艇rel_win1 < 45%: 通常判定に委ねる', 'tenji_trigger': ''}",,,31.5,両建て推奨,20.34,36.1,4,,,,,0,0,0.6155,0,,逃げ軸流し,A
2025-12-22,丸亀,2,2,角山雄哉,B1,40.58,2,▲,13.1314,34.2,54,43.3,0.1715,3.2,,,0,低,95,0,ま0%,,0,79.2,0.7547,0,0,0.0741,0,0,0.2833,0.0333,0.05,,,A,,,0.1147,0.568,,0.3391,C,37,0,荒れ傾向。高配当狙いか見送り,0.5777,"{'is_target': False, 'verdict': '対象外', 'max_combo_prob': None, 'est_top_odds': None, 'circle_concentration': None, 'eligible_count': 0, 'bet_adj': 0, 'reason': '1号艇rel_win1 < 45%: 通常判定に委ねる', 'tenji_trigger': ''}",,,31.5,両建て推奨,20.34,36.1,4,,,,,,,,,,,
2025-12-22,丸亀,2,3,戸塚邦好,A2,28.57,3,○,19.6721,28.6,65,52.2,0.1261,2.4457,,,0,低,59,0,ま0%,,0,70.8,1.2788,0,0,0.0556,0,0,0.032,0.232,0.048,,◎,C,○,,0.4197,0.655,,0.3391,C,37,0,荒れ傾向。高配当狙いか見送り,0.5777,"{'is_target': False, 'verdict': '対象外', 'max_combo_prob': None, 'est_top_odds': None, 'circle_concentration': None, 'eligible_count': 0, 'bet_adj': 0, 'reason': '1号艇rel_win1 < 45%: 通常判定に委ねる', 'tenji_trigger': ''}",,,31.5,両建て推奨,20.34,36.1,4,,,,,,,,,,,
2025-12-22,丸亀,2,4,田中宏樹,B1,17.65,4,,19.25,21.8,100,63.6,0.1775,3.8091,,,0,低,128,0,差0% ま0%,,0,81.5,1.3257,0,0.0833,0.0417,0,0.0417,0.2,0.02,0.18,,,E,△,◎,0.1897,0.6195,0.3904,0.3391,C,37,0,荒れ傾向。高配当狙いか見送り,0.5777,"{'is_target': False, 'verdict': '対象外', 'max_combo_prob': None, 'est_top_odds': None, 'circle_concentration': None, 'eligible_count': 0, 'bet_adj': 0, 'reason': '1号艇rel_win1 < 45%: 通常判定に委ねる', 'tenji_trigger': ''}",,,31.5,両建て推奨,20.34,36.1,4,,,,,,,,,,,
2025-12-22,丸亀,2,5,烏野賢太,A1,32.31,5,△,7.7725,14.9,65,47.3,0.1735,3.8273,,,0,低,135,0,-,,0,36.2,1.2607,0,0.0625,0,0,0,0.1153,0.145,0,,,B,◎,,0.2157,0.663,,0.3391,C,37,0,荒れ傾向。高配当狙いか見送り,0.5777,"{'is_target': False, 'verdict': '対象外', 'max_combo_prob': None, 'est_top_odds': None, 'circle_concentration': None, 'eligible_count': 0, 'bet_adj': 0, 'reason': '1号艇rel_win1 < 45%: 通常判定に委ねる', 'tenji_trigger': ''}",,,31.5,両建て推奨,20.34,36.1,4,,,,,,,,,,,
2025-12-22,丸亀,2,6,志道吉和,B1,20.29,6,,1.2324,0.6,20,4.9,0.2244,5.122,,,0,低,116,0,-,,0,29.4,0.59,,,,,,0.0833,0.1667,0.4167,,,D,,,0.1483,0.566,,0.3391,C,37,0,荒れ傾向。高配当狙いか見送り,0.5777,"{'is_target': False, 'verdict': '対象外', 'max_combo_prob': None, 'est_top_odds': None, 'circle_concentration': None, 'eligible_count': 0, 'bet_adj': 0, 'reason': '1号艇rel_win1 < 45%: 通常判定に委ねる', 'tenji_trigger': ''}",,,31.5,両建て推奨,20.34,36.1,4,,,,,,,,,,,
2025-12-22,丸亀,3,1,横川聖志,B1,30.99,1,◎,48.94,,0,98.1,0.1245,2.1038,,,0,低,68,0,逃1%,,0,90.8,1.2016,0.5238,,,,,0.1131,0.019,0.0762,◎,,C,△,,,0.641,,0.6747,A,77,0,◎-○軸 3着3〜4艇流し（10〜15点）,0.5777,"{'is_target': True, 'verdict': '参加推奨', 'max_combo_prob': 0.0593, 'est_top_odds': 22.5, 'circle_concentration': 67.5, 'eligible_count': 8, 'bet_adj': 2, 'reason': 'rel_win1=48.9%（本命度） / 最有力組み合わせ確率: 0.059（推定実オッズ?22倍） / 2着集中度: 上位2艇 67.5%（補正+0.00） / 総合判定確率: 0.059 / → ヒモ分散。1号艇1着固定で広めのヒモ流し推奨（買い目+2点）', 'tenji_trigger': '展示確認: ヒモ分散レース。1号艇伸び確認後、広めのヒモ流しを採用。穴ヒモ（5・6号艇）を積極的に含める。\n展示で1号艇スタート超安定(0.124秒)→ヒモ固まり方向に注意'}",,,28.5,逃げ狙い,21.6,26.3,5,,,,,0,0,0.7559,0,,逃げ軸流し,A
2025-12-22,丸亀,3,2,品田直樹,B1,20.69,2,,10.2845,30.4,91,55.3,0.1688,3.7303,,,0,低,201,0,差0% ま0%,,0,31.8,0.904,0,0.1,0.0667,0,0,0.1167,0.119,0.1357,,,E,○,,0.0712,0.656,,0.6747,A,77,0,◎-○軸 3着3〜4艇流し（10〜15点）,0.5777,"{'is_target': True, 'verdict': '参加推奨', 'max_combo_prob': 0.0593, 'est_top_odds': 22.5, 'circle_concentration': 67.5, 'eligible_count': 8, 'bet_adj': 2, 'reason': 'rel_win1=48.9%（本命度） / 最有力組み合わせ確率: 0.059（推定実オッズ?22倍） / 2着集中度: 上位2艇 67.5%（補正+0.00） / 総合判定確率: 0.059 / → ヒモ分散。1号艇1着固定で広めのヒモ流し推奨（買い目+2点）', 'tenji_trigger': '展示確認: ヒモ分散レース。1号艇伸び確認後、広めのヒモ流しを採用。穴ヒモ（5・6号艇）を積極的に含める。\n展示で1号艇スタート超安定(0.124秒)→ヒモ固まり方向に注意'}",,,28.5,逃げ狙い,21.6,26.3,5,,,,,,,,,,,
2025-12-22,丸亀,3,3,富永修一,A2,23.08,3,,12.7298,37.1,67,68.8,0.1598,3.2049,,,0,低,92,0,差ま0%,,0,26.2,0.8487,0,0.04,0.04,0.04,0.04,0.1257,0.1257,0.1124,,,D,△,,0.112,0.6455,,0.6747,A,77,0,◎-○軸 3着3〜4艇流し（10〜15点）,0.5777,"{'is_target': True, 'verdict': '参加推奨', 'max_combo_prob': 0.0593, 'est_top_odds': 22.5, 'circle_concentration': 67.5, 'eligible_count': 8, 'bet_adj': 2, 'reason': 'rel_win1=48.9%（本命度） / 最有力組み合わせ確率: 0.059（推定実オッズ?22倍） / 2着集中度: 上位2艇 67.5%（補正+0.00） / 総合判定確率: 0.059 / → ヒモ分散。1号艇1着固定で広めのヒモ流し推奨（買い目+2点）', 'tenji_trigger': '展示確認: ヒモ分散レース。1号艇伸び確認後、広めのヒモ流しを採用。穴ヒモ（5・6号艇）を積極的に含める。\n展示で1号艇スタート超安定(0.124秒)→ヒモ固まり方向に注意'}",,,28.5,逃げ狙い,21.6,26.3,5,,,,,,,,,,,
2025-12-22,丸亀,3,4,村越　篤,B1,30.26,4,△,10.4271,16.8,100,63.2,0.1626,3.4737,,,0,低,142,0,ま0%,,0,48.2,1.0551,0,0.0385,0.0385,0,0,0.2516,0.0129,0.0774,,,C,◎,○,0.1379,0.667,0.2621,0.6747,A,77,0,◎-○軸 3着3〜4艇流し（10〜15点）,0.5777,"{'is_target': True, 'verdict': '参加推奨', 'max_combo_prob': 0.0593, 'est_top_odds': 22.5, 'circle_concentration': 67.5, 'eligible_count': 8, 'bet_adj': 2, 'reason': 'rel_win1=48.9%（本命度） / 最有力組み合わせ確率: 0.059（推定実オッズ?22倍） / 2着集中度: 上位2艇 67.5%（補正+0.00） / 総合判定確率: 0.059 / → ヒモ分散。1号艇1着固定で広めのヒモ流し推奨（買い目+2点）', 'tenji_trigger': '展示確認: ヒモ分散レース。1号艇伸び確認後、広めのヒモ流しを採用。穴ヒモ（5・6号艇）を積極的に含める。\n展示で1号艇スタート超安定(0.124秒)→ヒモ固まり方向に注意'}",,,28.5,逃げ狙い,21.6,26.3,5,,,,,,,,,,,
2025-12-22,丸亀,3,5,村松修二,A2,34.33,5,○,12.1132,5.2,38,39.5,0.1539,2.7763,,,0,低,81,0,-,,0,74.5,1.409,,,,,,0.0308,0.0308,0.3341,,,B,,,0.2198,0.596,0.2389,0.6747,A,77,0,◎-○軸 3着3〜4艇流し（10〜15点）,0.5777,"{'is_target': True, 'verdict': '参加推奨', 'max_combo_prob': 0.0593, 'est_top_odds': 22.5, 'circle_concentration': 67.5, 'eligible_count': 8, 'bet_adj': 2, 'reason': 'rel_win1=48.9%（本命度） / 最有力組み合わせ確率: 0.059（推定実オッズ?22倍） / 2着集中度: 上位2艇 67.5%（補正+0.00） / 総合判定確率: 0.059 / → ヒモ分散。1号艇1着固定で広めのヒモ流し推奨（買い目+2点）', 'tenji_trigger': '展示確認: ヒモ分散レース。1号艇伸び確認後、広めのヒモ流しを採用。穴ヒモ（5・6号艇）を積極的に含める。\n展示で1号艇スタート超安定(0.124秒)→ヒモ固まり方向に注意'}",,,28.5,逃げ狙い,21.6,26.3,5,,,,,,,,,,,
2025-12-22,丸亀,3,6,平田忠則,A1,33.87,6,▲,5.5054,10.5,77,58.3,0.1512,3.2188,,,0,低,74,0,-,,0,30.5,0.8372,0,0,0.0455,0,0,0.1148,0.1889,0.0148,,,B,,◎,0.1996,0.603,0.2902,0.6747,A,77,0,◎-○軸 3着3〜4艇流し（10〜15点）,0.5777,"{'is_target': True, 'verdict': '参加推奨', 'max_combo_prob': 0.0593, 'est_top_odds': 22.5, 'circle_concentration': 67.5, 'eligible_count': 8, 'bet_adj': 2, 'reason': 'rel_win1=48.9%（本命度） / 最有力組み合わせ確率: 0.059（推定実オッズ?22倍） / 2着集中度: 上位2艇 67.5%（補正+0.00） / 総合判定確率: 0.059 / → ヒモ分散。1号艇1着固定で広めのヒモ流し推奨（買い目+2点）', 'tenji_trigger': '展示確認: ヒモ分散レース。1号艇伸び確認後、広めのヒモ流しを採用。穴ヒモ（5・6号艇）を積極的に含める。\n展示で1号艇スタート超安定(0.124秒)→ヒモ固まり方向に注意'}",,,28.5,逃げ狙い,21.6,26.3,5,,,,,,,,,,,
2025-12-22,丸亀,4,1,野田部宏,B1,30.99,1,◎,55.1328,,0,64,0.1264,2.74,,,0,低,35,0,-,,0,80.3,1.11,0.4,,,,,0.1,0.2,0.2,◎,,B,◎,,,0.616,,0.4896,A,60,0,◎-○軸 3着3〜4艇流し（10〜15点）,0.5777,"{'is_target': True, 'verdict': '点数絞り', 'max_combo_prob': 0.0938, 'est_top_odds': 14.2, 'circle_concentration': 81.9, 'eligible_count': 8, 'bet_adj': 0, 'reason': 'rel_win1=55.1%（本命度） / 最有力組み合わせ確率: 0.094（推定実オッズ?14倍） / 2着集中度: 上位2艇 81.9%（補正+0.04） / 総合判定確率: 0.134 / → ヒモはやや固め。上位2艇以外を切ること', 'tenji_trigger': '展示確認: 1号艇伸び良→そのまま採用。悪→飛び組に差し替え。circle_pct上位2艇に絞り込むこと。\n展示で1号艇スタート超安定(0.126秒)→ヒモ固まり方向に注意'}",,,27.2,両建て推奨,12.2,30.8,3,,,,,0,0,0.7559,0,,逃げ軸流し,A
2025-12-22,丸亀,4,2,香川素子,A2,18.18,2,,14.1025,50.8,100,63.4,0.1844,4.0244,,,0,低,92,0,-,,0,94.5,1.8476,0,0.125,0,0,0.0625,0.0182,0.0182,0.4273,,,D,△,,0.0784,0.5835,,0.4896,A,60,0,◎-○軸 3着3〜4艇流し（10〜15点）,0.5777,"{'is_target': True, 'verdict': '点数絞り', 'max_combo_prob': 0.0938, 'est_top_odds': 14.2, 'circle_concentration': 81.9, 'eligible_count': 8, 'bet_adj': 0, 'reason': 'rel_win1=55.1%（本命度） / 最有力組み合わせ確率: 0.094（推定実オッズ?14倍） / 2着集中度: 上位2艇 81.9%（補正+0.04） / 総合判定確率: 0.134 / → ヒモはやや固め。上位2艇以外を切ること', 'tenji_trigger': '展示確認: 1号艇伸び良→そのまま採用。悪→飛び組に差し替え。circle_pct上位2艇に絞り込むこと。\n展示で1号艇スタート超安定(0.126秒)→ヒモ固まり方向に注意'}",,,27.2,両建て推奨,12.2,30.8,3,,,,,,,,,,,
2025-12-22,丸亀,4,3,山川美由,B1,24.59,3,○,13.0811,31,79,25,0.1367,3.375,,,0,低,16,1,-,,0,35.7,0.7533,,,,,,0,0,0.3333,,,C,△,,0.2583,0.584,,0.4896,A,60,0,◎-○軸 3着3〜4艇流し（10〜15点）,0.5777,"{'is_target': True, 'verdict': '点数絞り', 'max_combo_prob': 0.0938, 'est_top_odds': 14.2, 'circle_concentration': 81.9, 'eligible_count': 8, 'bet_adj': 0, 'reason': 'rel_win1=55.1%（本命度） / 最有力組み合わせ確率: 0.094（推定実オッズ?14倍） / 2着集中度: 上位2艇 81.9%（補正+0.04） / 総合判定確率: 0.134 / → ヒモはやや固め。上位2艇以外を切ること', 'tenji_trigger': '展示確認: 1号艇伸び良→そのまま採用。悪→飛び組に差し替え。circle_pct上位2艇に絞り込むこと。\n展示で1号艇スタート超安定(0.126秒)→ヒモ固まり方向に注意'}",,,27.2,両建て推奨,12.2,30.8,3,,,,,,,,,,,
2025-12-22,丸亀,4,4,西田和加,B2,21.21,4,,5.0169,8.6,52,3.3,0.2397,4.6333,,,0,低,88,0,-,,0,10.5,0.54,,,,,,0.4,0.4,0.2,,,D,,,0.135,0.431,,0.4896,A,60,0,◎-○軸 3着3〜4艇流し（10〜15点）,0.5777,"{'is_target': True, 'verdict': '点数絞り', 'max_combo_prob': 0.0938, 'est_top_odds': 14.2, 'circle_concentration': 81.9, 'eligible_count': 8, 'bet_adj': 0, 'reason': 'rel_win1=55.1%（本命度） / 最有力組み合わせ確率: 0.094（推定実オッズ?14倍） / 2着集中度: 上位2艇 81.9%（補正+0.04） / 総合判定確率: 0.134 / → ヒモはやや固め。上位2艇以外を切ること', 'tenji_trigger': '展示確認: 1号艇伸び良→そのまま採用。悪→飛び組に差し替え。circle_pct上位2艇に絞り込むこと。\n展示で1号艇スタート超安定(0.126秒)→ヒモ固まり方向に注意'}",,,27.2,両建て推奨,12.2,30.8,3,,,,,,,,,,,
2025-12-22,丸亀,4,5,登みひ果,B1,24.59,5,▲,10.7553,7.5,56,26.3,0.1679,3.4868,,,0,低,78,0,差ま0%,,0,56.2,1.0317,0,0,0,0.1176,0,0.2143,0.6429,0,,,C,,,0.1673,0.508,,0.4896,A,60,0,◎-○軸 3着3〜4艇流し（10〜15点）,0.5777,"{'is_target': True, 'verdict': '点数絞り', 'max_combo_prob': 0.0938, 'est_top_odds': 14.2, 'circle_concentration': 81.9, 'eligible_count': 8, 'bet_adj': 0, 'reason': 'rel_win1=55.1%（本命度） / 最有力組み合わせ確率: 0.094（推定実オッズ?14倍） / 2着集中度: 上位2艇 81.9%（補正+0.04） / 総合判定確率: 0.134 / → ヒモはやや固め。上位2艇以外を切ること', 'tenji_trigger': '展示確認: 1号艇伸び良→そのまま採用。悪→飛び組に差し替え。circle_pct上位2艇に絞り込むこと。\n展示で1号艇スタート超安定(0.126秒)→ヒモ固まり方向に注意'}",,,27.2,両建て推奨,12.2,30.8,3,,,,,,,,,,,
2025-12-22,丸亀,4,6,松尾怜実,B2,28.79,6,△,1.9115,2,49,11.1,0.1978,4.2222,,,0,低,40,0,-,,0,30.1,0.5683,,,,,,0.3333,0,0.3333,,,B,○,,0.1363,0.599,,0.4896,A,60,0,◎-○軸 3着3〜4艇流し（10〜15点）,0.5777,"{'is_target': True, 'verdict': '点数絞り', 'max_combo_prob': 0.0938, 'est_top_odds': 14.2, 'circle_concentration': 81.9, 'eligible_count': 8, 'bet_adj': 0, 'reason': 'rel_win1=55.1%（本命度） / 最有力組み合わせ確率: 0.094（推定実オッズ?14倍） / 2着集中度: 上位2艇 81.9%（補正+0.04） / 総合判定確率: 0.134 / → ヒモはやや固め。上位2艇以外を切ること', 'tenji_trigger': '展示確認: 1号艇伸び良→そのまま採用。悪→飛び組に差し替え。circle_pct上位2艇に絞り込むこと。\n展示で1号艇スタート超安定(0.126秒)→ヒモ固まり方向に注意'}",,,27.2,両建て推奨,12.2,30.8,3,,,,,,,,,,,
2025-12-22,丸亀,5,1,三品隆浩,B1,39.06,1,◎,43.8016,,0,64.3,0.1771,3.5893,,,0,低,181,0,-,,0,100,2.1168,0.2917,,,,,0.2881,0.2714,0.119,△,,B,,,,0.59,,0.2587,B,47,0,◎○△フォーメーション（15〜20点）,0.5777,"{'is_target': False, 'verdict': '対象外', 'max_combo_prob': None, 'est_top_odds': None, 'circle_concentration': None, 'eligible_count': 0, 'bet_adj': 0, 'reason': '1号艇rel_win1 < 45%: 通常判定に委ねる', 'tenji_trigger': ''}",,,32.8,両建て推奨,20.6,39.7,3,1-3-4|1-2-4|1-3-5|1-2-5|1-3-2,3-1-2|3-2-1|6-1-2|6-1-3|3-1-4|6-1-4|3-1-6|1-3-4|1-2-4|1-3-5|1-2-5|1-3-2,1-3-4:6.83%|1-2-4:6.57%|1-3-5:6.34%|1-2-5:6.09%|1-3-2:5.61%,1-3-4:A|1-2-4:A|1-3-5:A|1-2-5:A|1-3-2:A,5,12,0.4535,1,[!]見送り推奨（主役決まり手「まくり差し」― 逃げ劣勢レースで的中実績なし）,荒れ広め,D
2025-12-22,丸亀,5,2,中里優子,B1,25.00,2,,7.2622,26.8,75,34.4,0.1753,3.8906,,,0,低,61,0,ま0%,,0,96.8,0.6131,0,0,0.0714,0,0,0.05,0,0.25,,,D,△,,0.3705,0.621,,0.2587,B,47,0,◎○△フォーメーション（15〜20点）,0.5777,"{'is_target': False, 'verdict': '対象外', 'max_combo_prob': None, 'est_top_odds': None, 'circle_concentration': None, 'eligible_count': 0, 'bet_adj': 0, 'reason': '1号艇rel_win1 < 45%: 通常判定に委ねる', 'tenji_trigger': ''}",,,32.8,両建て推奨,20.6,39.7,3,,,,,,,,,,,
2025-12-22,丸亀,5,3,重木輝彦,A1,20.69,3,△,19.7453,31.3,84,76.9,0.166,3.5192,,,0,低,127,0,-,,0,48.9,1.1092,0,0.0417,0.0417,0.125,0.0417,0.05,0.02,0.15,,△,D,,,0.4044,0.578,,0.2587,B,47,0,◎○△フォーメーション（15〜20点）,0.5777,"{'is_target': False, 'verdict': '対象外', 'max_combo_prob': None, 'est_top_odds': None, 'circle_concentration': None, 'eligible_count': 0, 'bet_adj': 0, 'reason': '1号艇rel_win1 < 45%: 通常判定に委ねる', 'tenji_trigger': ''}",,,32.8,両建て推奨,20.6,39.7,3,,,,,,,,,,,
2025-12-22,丸亀,5,4,嶋　義信,A2,33.33,4,○,12.4369,20.8,100,60,0.1442,3.0833,,,0,低,90,0,-,,0,80.2,1.5947,0,0,0,0.0417,0,0.125,0.15,0.1875,,○,C,○,○,0.4502,0.632,0.3149,0.2587,B,47,0,◎○△フォーメーション（15〜20点）,0.5777,"{'is_target': False, 'verdict': '対象外', 'max_combo_prob': None, 'est_top_odds': None, 'circle_concentration': None, 'eligible_count': 0, 'bet_adj': 0, 'reason': '1号艇rel_win1 < 45%: 通常判定に委ねる', 'tenji_trigger': ''}",,,32.8,両建て推奨,20.6,39.7,3,,,,,,,,,,,
2025-12-22,丸亀,5,5,池永　太,A1,13.56,5,,15.5356,18.3,62,59.1,0.1298,2.8068,,,0,低,54,0,ま0% 差ま0%,,0,30.3,1.9164,0,0,0.0909,0.0909,0,0.0541,0.0811,0,,◎,E,◎,◎,0.4994,0.6845,0.4096,0.2587,B,47,0,◎○△フォーメーション（15〜20点）,0.5777,"{'is_target': False, 'verdict': '対象外', 'max_combo_prob': None, 'est_top_odds': None, 'circle_concentration': None, 'eligible_count': 0, 'bet_adj': 0, 'reason': '1号艇rel_win1 < 45%: 通常判定に委ねる', 'tenji_trigger': ''}",,,32.8,両建て推奨,20.6,39.7,3,,,,,,,,,,,
2025-12-22,丸亀,5,6,樫葉次郎,B2,41.10,6,▲,1.2184,2.9,56,17.5,0.173,3.925,,,0,低,84,0,-,,0,30.3,0.295,,,,,,0.275,0.25,0.3,,,A,△,,0.3644,0.6065,,0.2587,B,47,0,◎○△フォーメーション（15〜20点）,0.5777,"{'is_target': False, 'verdict': '対象外', 'max_combo_prob': None, 'est_top_odds': None, 'circle_concentration': None, 'eligible_count': 0, 'bet_adj': 0, 'reason': '1号艇rel_win1 < 45%: 通常判定に委ねる', 'tenji_trigger': ''}",,,32.8,両建て推奨,20.6,39.7,3,,,,,,,,,,,
2025-12-22,丸亀,6,1,福田雅一,A2,33.77,1,◎,59.6998,,0,92.2,0.1457,3.0098,,,0,低,91,0,逃1%,,0,82.7,1.0015,0.5,,,,,0.2,0.1,0.2,◎,,B,○,,,0.66,,0.4912,S,89,0,◎1着固定 2-3着流し（5〜8点）,0.5777,"{'is_target': True, 'verdict': '参加推奨', 'max_combo_prob': 0.0688, 'est_top_odds': 19.4, 'circle_concentration': 66.7, 'eligible_count': 6, 'bet_adj': 2, 'reason': 'rel_win1=59.7%（本命度） / 最有力組み合わせ確率: 0.069（推定実オッズ?19倍） / 2着集中度: 上位2艇 66.7%（補正+0.00） / 総合判定確率: 0.069 / → ヒモ分散。1号艇1着固定で広めのヒモ流し推奨（買い目+2点）', 'tenji_trigger': '展示確認: ヒモ分散レース。1号艇伸び確認後、広めのヒモ流しを採用。穴ヒモ（5・6号艇）を積極的に含める。'}",,,28.6,逃げ狙い,15.45,32.1,5,,,,,0,0,0.7559,0,,逃げ軸流し,A
2025-12-22,丸亀,6,2,井川大作,B1,29.49,2,▲,7.1748,41.7,62,42.4,0.1354,3.1949,,,0,低,89,0,抜0%,,0,42.3,0.8533,0,0.0435,0,0,0.0435,0.3033,0.0933,0.2633,,◎,C,,,0.4413,0.617,,0.4912,S,89,0,◎1着固定 2-3着流し（5〜8点）,0.5777,"{'is_target': True, 'verdict': '参加推奨', 'max_combo_prob': 0.0688, 'est_top_odds': 19.4, 'circle_concentration': 66.7, 'eligible_count': 6, 'bet_adj': 2, 'reason': 'rel_win1=59.7%（本命度） / 最有力組み合わせ確率: 0.069（推定実オッズ?19倍） / 2着集中度: 上位2艇 66.7%（補正+0.00） / 総合判定確率: 0.069 / → ヒモ分散。1号艇1着固定で広めのヒモ流し推奨（買い目+2点）', 'tenji_trigger': '展示確認: ヒモ分散レース。1号艇伸び確認後、広めのヒモ流しを採用。穴ヒモ（5・6号艇）を積極的に含める。'}",,,28.6,逃げ狙い,15.45,32.1,5,,,,,,,,,,,
2025-12-22,丸亀,6,3,沖島広和,B1,23.44,3,,7.2439,17.8,97,45.8,0.1722,3.7034,,,0,低,143,0,-,,0,34.4,0.8387,0,0,0,0,0.0476,0.2615,0.0308,0.1769,,,E,△,,0.2017,0.637,,0.4912,S,89,0,◎1着固定 2-3着流し（5〜8点）,0.5777,"{'is_target': True, 'verdict': '参加推奨', 'max_combo_prob': 0.0688, 'est_top_odds': 19.4, 'circle_concentration': 66.7, 'eligible_count': 6, 'bet_adj': 2, 'reason': 'rel_win1=59.7%（本命度） / 最有力組み合わせ確率: 0.069（推定実オッズ?19倍） / 2着集中度: 上位2艇 66.7%（補正+0.00） / 総合判定確率: 0.069 / → ヒモ分散。1号艇1着固定で広めのヒモ流し推奨（買い目+2点）', 'tenji_trigger': '展示確認: ヒモ分散レース。1号艇伸び確認後、広めのヒモ流しを採用。穴ヒモ（5・6号艇）を積極的に含める。'}",,,28.6,逃げ狙い,15.45,32.1,5,,,,,,,,,,,
2025-12-22,丸亀,6,4,上村宏太,B1,28.99,4,△,9.13,9.8,100,49.2,0.1694,3.4127,,,0,低,125,0,ま0% 差ま0%,,0,61.8,1.0726,0,0,0.0286,0.1143,0,0.2,0.3,0.3,,,D,,○,0.2225,0.5525,0.2659,0.4912,S,89,0,◎1着固定 2-3着流し（5〜8点）,0.5777,"{'is_target': True, 'verdict': '参加推奨', 'max_combo_prob': 0.0688, 'est_top_odds': 19.4, 'circle_concentration': 66.7, 'eligible_count': 6, 'bet_adj': 2, 'reason': 'rel_win1=59.7%（本命度） / 最有力組み合わせ確率: 0.069（推定実オッズ?19倍） / 2着集中度: 上位2艇 66.7%（補正+0.00） / 総合判定確率: 0.069 / → ヒモ分散。1号艇1着固定で広めのヒモ流し推奨（買い目+2点）', 'tenji_trigger': '展示確認: ヒモ分散レース。1号艇伸び確認後、広めのヒモ流しを採用。穴ヒモ（5・6号艇）を積極的に含める。'}",,,28.6,逃げ狙い,15.45,32.1,5,,,,,,,,,,,
2025-12-22,丸亀,6,5,永田啓二,A1,36.11,5,○,14.51,25,96,69.4,0.1224,2.2041,,,0,低,50,0,ま0%,,0,76.5,1.254,0,0,0.037,0.1111,0,0.2783,0.0089,0.0267,,,B,◎,◎,0.3893,0.688,0.4943,0.4912,S,89,0,◎1着固定 2-3着流し（5〜8点）,0.5777,"{'is_target': True, 'verdict': '参加推奨', 'max_combo_prob': 0.0688, 'est_top_odds': 19.4, 'circle_concentration': 66.7, 'eligible_count': 6, 'bet_adj': 2, 'reason': 'rel_win1=59.7%（本命度） / 最有力組み合わせ確率: 0.069（推定実オッズ?19倍） / 2着集中度: 上位2艇 66.7%（補正+0.00） / 総合判定確率: 0.069 / → ヒモ分散。1号艇1着固定で広めのヒモ流し推奨（買い目+2点）', 'tenji_trigger': '展示確認: ヒモ分散レース。1号艇伸び確認後、広めのヒモ流しを採用。穴ヒモ（5・6号艇）を積極的に含める。'}",,,28.6,逃げ狙い,15.45,32.1,5,,,,,,,,,,,
2025-12-22,丸亀,6,6,興津　藍,A1,31.25,6,,2.2415,5.7,69,34.4,0.1926,4.4754,,,0,低,133,0,-,,0,26.4,0.5072,,,,,,0.1562,0.0343,0.179,,,C,△,,0.1772,0.6195,,0.4912,S,89,0,◎1着固定 2-3着流し（5〜8点）,0.5777,"{'is_target': True, 'verdict': '参加推奨', 'max_combo_prob': 0.0688, 'est_top_odds': 19.4, 'circle_concentration': 66.7, 'eligible_count': 6, 'bet_adj': 2, 'reason': 'rel_win1=59.7%（本命度） / 最有力組み合わせ確率: 0.069（推定実オッズ?19倍） / 2着集中度: 上位2艇 66.7%（補正+0.00） / 総合判定確率: 0.069 / → ヒモ分散。1号艇1着固定で広めのヒモ流し推奨（買い目+2点）', 'tenji_trigger': '展示確認: ヒモ分散レース。1号艇伸び確認後、広めのヒモ流しを採用。穴ヒモ（5・6号艇）を積極的に含める。'}",,,28.6,逃げ狙い,15.45,32.1,5,,,,,,,,,,,
2025-12-22,丸亀,7,1,渡辺　崇,B1,29.73,1,◎,53.8797,,0,84.6,0.1395,2.9487,,,0,低,135,0,逃0%,,0,85.9,1.0815,0.5,,,,,0.075,0.315,0.025,◎,,C,,,,0.608,,0.5014,A,78,0,◎-○軸 3着3〜4艇流し（10〜15点）,0.5777,"{'is_target': True, 'verdict': '参加推奨', 'max_combo_prob': 0.0815, 'est_top_odds': 16.4, 'circle_concentration': 68.6, 'eligible_count': 8, 'bet_adj': 2, 'reason': 'rel_win1=53.9%（本命度） / 最有力組み合わせ確率: 0.082（推定実オッズ?16倍） / 2着集中度: 上位2艇 68.6%（補正+0.00） / 総合判定確率: 0.082 / → ヒモ分散。1号艇1着固定で広めのヒモ流し推奨（買い目+2点）', 'tenji_trigger': '展示確認: ヒモ分散レース。1号艇伸び確認後、広めのヒモ流しを採用。穴ヒモ（5・6号艇）を積極的に含める。\n展示で1号艇スタート超安定(0.140秒)→ヒモ固まり方向に注意'}",,,29.6,逃げ狙い,19.93,31,2,,,,,0,0,0.7559,0,,逃げ軸流し,A
2025-12-22,丸亀,7,2,河野　大,A1,31.94,2,▲,18.2905,44.8,91,67.9,0.1623,3.5094,,,0,低,88,0,差0% 抜0%,,0,60.1,1.1569,0,0.069,0,0,0.1034,0.1143,0.0381,0.0286,,,C,○,,0.0866,0.6455,,0.5014,A,78,0,◎-○軸 3着3〜4艇流し（10〜15点）,0.5777,"{'is_target': True, 'verdict': '参加推奨', 'max_combo_prob': 0.0815, 'est_top_odds': 16.4, 'circle_concentration': 68.6, 'eligible_count': 8, 'bet_adj': 2, 'reason': 'rel_win1=53.9%（本命度） / 最有力組み合わせ確率: 0.082（推定実オッズ?16倍） / 2着集中度: 上位2艇 68.6%（補正+0.00） / 総合判定確率: 0.082 / → ヒモ分散。1号艇1着固定で広めのヒモ流し推奨（買い目+2点）', 'tenji_trigger': '展示確認: ヒモ分散レース。1号艇伸び確認後、広めのヒモ流しを採用。穴ヒモ（5・6号艇）を積極的に含める。\n展示で1号艇スタート超安定(0.140秒)→ヒモ固まり方向に注意'}",,,29.6,逃げ狙い,19.93,31,2,,,,,,,,,,,
2025-12-22,丸亀,7,3,近藤雄一,B1,33.80,3,△,9.1387,14.1,100,47,0.1668,3.2727,,,0,低,163,0,抜0%,,0,35.9,0.9008,0,0,0,0,0.0312,0.22,0.3114,0.0143,,,B,△,,0.1757,0.624,,0.5014,A,78,0,◎-○軸 3着3〜4艇流し（10〜15点）,0.5777,"{'is_target': True, 'verdict': '参加推奨', 'max_combo_prob': 0.0815, 'est_top_odds': 16.4, 'circle_concentration': 68.6, 'eligible_count': 8, 'bet_adj': 2, 'reason': 'rel_win1=53.9%（本命度） / 最有力組み合わせ確率: 0.082（推定実オッズ?16倍） / 2着集中度: 上位2艇 68.6%（補正+0.00） / 総合判定確率: 0.082 / → ヒモ分散。1号艇1着固定で広めのヒモ流し推奨（買い目+2点）', 'tenji_trigger': '展示確認: ヒモ分散レース。1号艇伸び確認後、広めのヒモ流しを採用。穴ヒモ（5・6号艇）を積極的に含める。\n展示で1号艇スタート超安定(0.140秒)→ヒモ固まり方向に注意'}",,,29.6,逃げ狙い,19.93,31,2,,,,,,,,,,,
2025-12-22,丸亀,7,4,角山雄哉,B1,40.58,4,○,10.7992,16,77,50,0.1512,2.9917,,,0,低,95,0,差0% ま0% 差ま0% 抜0%,,0,61.9,1.1421,0,0.0323,0.0323,0.0323,0.0323,0.2833,0.0333,0.05,,,A,,◎,0.2374,0.568,0.307,0.5014,A,78,0,◎-○軸 3着3〜4艇流し（10〜15点）,0.5777,"{'is_target': True, 'verdict': '参加推奨', 'max_combo_prob': 0.0815, 'est_top_odds': 16.4, 'circle_concentration': 68.6, 'eligible_count': 8, 'bet_adj': 2, 'reason': 'rel_win1=53.9%（本命度） / 最有力組み合わせ確率: 0.082（推定実オッズ?16倍） / 2着集中度: 上位2艇 68.6%（補正+0.00） / 総合判定確率: 0.082 / → ヒモ分散。1号艇1着固定で広めのヒモ流し推奨（買い目+2点）', 'tenji_trigger': '展示確認: ヒモ分散レース。1号艇伸び確認後、広めのヒモ流しを採用。穴ヒモ（5・6号艇）を積極的に含める。\n展示で1号艇スタート超安定(0.140秒)→ヒモ固まり方向に注意'}",,,29.6,逃げ狙い,19.93,31,2,,,,,,,,,,,
2025-12-22,丸亀,7,5,中岡正彦,A1,27.27,5,,6.8149,23.8,76,66.7,0.1304,2.9815,,,0,低,42,0,-,,0,50,0.9617,,,,,,0.1103,0,0.0588,,,D,◎,,0.3423,0.649,,0.5014,A,78,0,◎-○軸 3着3〜4艇流し（10〜15点）,0.5777,"{'is_target': True, 'verdict': '参加推奨', 'max_combo_prob': 0.0815, 'est_top_odds': 16.4, 'circle_concentration': 68.6, 'eligible_count': 8, 'bet_adj': 2, 'reason': 'rel_win1=53.9%（本命度） / 最有力組み合わせ確率: 0.082（推定実オッズ?16倍） / 2着集中度: 上位2艇 68.6%（補正+0.00） / 総合判定確率: 0.082 / → ヒモ分散。1号艇1着固定で広めのヒモ流し推奨（買い目+2点）', 'tenji_trigger': '展示確認: ヒモ分散レース。1号艇伸び確認後、広めのヒモ流しを採用。穴ヒモ（5・6号艇）を積極的に含める。\n展示で1号艇スタート超安定(0.140秒)→ヒモ固まり方向に注意'}",,,29.6,逃げ狙い,19.93,31,2,,,,,,,,,,,
2025-12-22,丸亀,7,6,岸本　隆,A2,23.44,6,,1.0768,1.3,43,9.8,0.1868,4.3902,,,0,低,91,0,-,,0,26.3,0.6086,,,,,,0.0769,0.1538,0.1923,,,E,△,,0.1595,0.6225,,0.5014,A,78,0,◎-○軸 3着3〜4艇流し（10〜15点）,0.5777,"{'is_target': True, 'verdict': '参加推奨', 'max_combo_prob': 0.0815, 'est_top_odds': 16.4, 'circle_concentration': 68.6, 'eligible_count': 8, 'bet_adj': 2, 'reason': 'rel_win1=53.9%（本命度） / 最有力組み合わせ確率: 0.082（推定実オッズ?16倍） / 2着集中度: 上位2艇 68.6%（補正+0.00） / 総合判定確率: 0.082 / → ヒモ分散。1号艇1着固定で広めのヒモ流し推奨（買い目+2点）', 'tenji_trigger': '展示確認: ヒモ分散レース。1号艇伸び確認後、広めのヒモ流しを採用。穴ヒモ（5・6号艇）を積極的に含める。\n展示で1号艇スタート超安定(0.140秒)→ヒモ固まり方向に注意'}",,,29.6,逃げ狙い,19.93,31,2,,,,,,,,,,,
2025-12-22,丸亀,8,1,谷津幸宏,A1,45.07,1,◎,60.6401,,0,87.2,0.1251,2.1221,,,0,低,52,0,逃0% 抜0%,,0,86.6,1.0981,0.6905,,,,,0.0476,0.0714,0.119,◎,,A,○,,,0.6535,,0.6634,S,83,0,◎1着固定 2-3着流し（5〜8点）,0.5777,"{'is_target': True, 'verdict': '点数絞り', 'max_combo_prob': 0.1271, 'est_top_odds': 10.5, 'circle_concentration': 70.8, 'eligible_count': 6, 'bet_adj': 0, 'reason': 'rel_win1=60.6%（本命度） / 最有力組み合わせ確率: 0.127（推定実オッズ?10倍） / 2着集中度: 上位2艇 70.8%（補正+0.04） / 総合判定確率: 0.167 / → ヒモはやや固め。上位2艇以外を切ること', 'tenji_trigger': '展示確認: 1号艇伸び良→そのまま採用。悪→飛び組に差し替え。circle_pct上位2艇に絞り込むこと。\n展示で1号艇スタート超安定(0.125秒)→ヒモ固まり方向に注意'}",,,28.7,逃げ狙い,23.62,25.3,2,,,,,0,0,0.7559,0,,逃げ軸流し,A
2025-12-22,丸亀,8,2,西野雄貴,A2,29.69,2,○,21.4486,52.2,99,79,0.1361,2.8553,,,0,低,50,0,差0% ま0% 抜0%,,0,75.9,1.3479,0,0.1739,0.2174,0,0.087,0.0435,0.0435,0.0435,,,C,△,,0.2446,0.652,,0.6634,S,83,0,◎1着固定 2-3着流し（5〜8点）,0.5777,"{'is_target': True, 'verdict': '点数絞り', 'max_combo_prob': 0.1271, 'est_top_odds': 10.5, 'circle_concentration': 70.8, 'eligible_count': 6, 'bet_adj': 0, 'reason': 'rel_win1=60.6%（本命度） / 最有力組み合わせ確率: 0.127（推定実オッズ?10倍） / 2着集中度: 上位2艇 70.8%（補正+0.04） / 総合判定確率: 0.167 / → ヒモはやや固め。上位2艇以外を切ること', 'tenji_trigger': '展示確認: 1号艇伸び良→そのまま採用。悪→飛び組に差し替え。circle_pct上位2艇に絞り込むこと。\n展示で1号艇スタート超安定(0.125秒)→ヒモ固まり方向に注意'}",,,28.7,逃げ狙い,23.62,25.3,2,,,,,,,,,,,
2025-12-22,丸亀,8,3,吉原聖人,B1,23.19,3,,5.8012,15.6,77,32.8,0.185,3.7069,,,0,低,129,0,差ま0%,,0,60.8,1.3398,0,0,0.1,0.05,0,0.2533,0.0667,0.3733,,,D,,,0.1291,0.5965,,0.6634,S,83,0,◎1着固定 2-3着流し（5〜8点）,0.5777,"{'is_target': True, 'verdict': '点数絞り', 'max_combo_prob': 0.1271, 'est_top_odds': 10.5, 'circle_concentration': 70.8, 'eligible_count': 6, 'bet_adj': 0, 'reason': 'rel_win1=60.6%（本命度） / 最有力組み合わせ確率: 0.127（推定実オッズ?10倍） / 2着集中度: 上位2艇 70.8%（補正+0.04） / 総合判定確率: 0.167 / → ヒモはやや固め。上位2艇以外を切ること', 'tenji_trigger': '展示確認: 1号艇伸び良→そのまま採用。悪→飛び組に差し替え。circle_pct上位2艇に絞り込むこと。\n展示で1号艇スタート超安定(0.125秒)→ヒモ固まり方向に注意'}",,,28.7,逃げ狙い,23.62,25.3,2,,,,,,,,,,,
2025-12-22,丸亀,8,4,篠原飛翔,A2,20.97,4,△,7.8775,18.6,100,54.4,0.1674,3.8043,,,0,低,97,0,-,,0,37.5,0.7953,0,0.0769,0.0769,0.0769,0,0.0808,0.1423,0.0462,,,D,△,◎,0.1484,0.603,0.3973,0.6634,S,83,0,◎1着固定 2-3着流し（5〜8点）,0.5777,"{'is_target': True, 'verdict': '点数絞り', 'max_combo_prob': 0.1271, 'est_top_odds': 10.5, 'circle_concentration': 70.8, 'eligible_count': 6, 'bet_adj': 0, 'reason': 'rel_win1=60.6%（本命度） / 最有力組み合わせ確率: 0.127（推定実オッズ?10倍） / 2着集中度: 上位2艇 70.8%（補正+0.04） / 総合判定確率: 0.167 / → ヒモはやや固め。上位2艇以外を切ること', 'tenji_trigger': '展示確認: 1号艇伸び良→そのまま採用。悪→飛び組に差し替え。circle_pct上位2艇に絞り込むこと。\n展示で1号艇スタート超安定(0.125秒)→ヒモ固まり方向に注意'}",,,28.7,逃げ狙い,23.62,25.3,2,,,,,,,,,,,
2025-12-22,丸亀,8,5,村越　篤,B1,30.26,5,▲,3.3774,13.2,57,37.1,0.1685,3.9032,,,0,低,142,0,-,,0,63.4,1.1469,,,,,,0.2516,0.0129,0.0774,,,C,◎,,0.1838,0.667,,0.6634,S,83,0,◎1着固定 2-3着流し（5〜8点）,0.5777,"{'is_target': True, 'verdict': '点数絞り', 'max_combo_prob': 0.1271, 'est_top_odds': 10.5, 'circle_concentration': 70.8, 'eligible_count': 6, 'bet_adj': 0, 'reason': 'rel_win1=60.6%（本命度） / 最有力組み合わせ確率: 0.127（推定実オッズ?10倍） / 2着集中度: 上位2艇 70.8%（補正+0.04） / 総合判定確率: 0.167 / → ヒモはやや固め。上位2艇以外を切ること', 'tenji_trigger': '展示確認: 1号艇伸び良→そのまま採用。悪→飛び組に差し替え。circle_pct上位2艇に絞り込むこと。\n展示で1号艇スタート超安定(0.125秒)→ヒモ固まり方向に注意'}",,,28.7,逃げ狙い,23.62,25.3,2,,,,,,,,,,,
2025-12-22,丸亀,8,6,日隈　茜,B2,19.12,6,,0.8551,0.4,15,0,0.2033,4.1446,,,0,低,62,0,-,,0,28.8,0.6194,,,,,,,,,,,E,,,0.1457,0.457,,0.6634,S,83,0,◎1着固定 2-3着流し（5〜8点）,0.5777,"{'is_target': True, 'verdict': '点数絞り', 'max_combo_prob': 0.1271, 'est_top_odds': 10.5, 'circle_concentration': 70.8, 'eligible_count': 6, 'bet_adj': 0, 'reason': 'rel_win1=60.6%（本命度） / 最有力組み合わせ確率: 0.127（推定実オッズ?10倍） / 2着集中度: 上位2艇 70.8%（補正+0.04） / 総合判定確率: 0.167 / → ヒモはやや固め。上位2艇以外を切ること', 'tenji_trigger': '展示確認: 1号艇伸び良→そのまま採用。悪→飛び組に差し替え。circle_pct上位2艇に絞り込むこと。\n展示で1号艇スタート超安定(0.125秒)→ヒモ固まり方向に注意'}",,,28.7,逃げ狙い,23.62,25.3,2,,,,,,,,,,,
2025-12-22,丸亀,9,1,戸塚邦好,A2,28.57,1,◎,62.1769,,0,91.8,0.1305,2.459,,,0,低,59,0,逃1%,,0,87.9,1.1878,0.72,,,,,0.032,0.232,0.048,◎,,C,◎,,,0.655,,0.6269,S,100,0,◎1着固定 2-3着流し（5〜8点）,0.5777,"{'is_target': True, 'verdict': '参加推奨', 'max_combo_prob': 0.1165, 'est_top_odds': 11.4, 'circle_concentration': 64.2, 'eligible_count': 6, 'bet_adj': 2, 'reason': 'rel_win1=62.2%（本命度） / 最有力組み合わせ確率: 0.117（推定実オッズ?11倍） / 2着集中度: 上位2艇 64.2%（補正+0.00） / 総合判定確率: 0.117 / → ヒモ分散。1号艇1着固定で広めのヒモ流し推奨（買い目+2点）', 'tenji_trigger': '展示確認: ヒモ分散レース。1号艇伸び確認後、広めのヒモ流しを採用。穴ヒモ（5・6号艇）を積極的に含める。\n展示で1号艇スタート超安定(0.131秒)→ヒモ固まり方向に注意'}",,,28.3,逃げ狙い,18.93,28.1,4,,,,,0,0,0.7559,0,,逃げ軸流し,A
2025-12-22,丸亀,9,2,竹下大樹,A1,28.57,2,▲,13.6747,41.8,85,68.6,0.1753,3.6471,,,0,低,123,0,-,,0,54.8,1.1302,0,0.0455,0.1818,0,0.0455,0.0385,0.0385,0,,,C,△,,0.0778,0.6165,,0.6269,S,100,0,◎1着固定 2-3着流し（5〜8点）,0.5777,"{'is_target': True, 'verdict': '参加推奨', 'max_combo_prob': 0.1165, 'est_top_odds': 11.4, 'circle_concentration': 64.2, 'eligible_count': 6, 'bet_adj': 2, 'reason': 'rel_win1=62.2%（本命度） / 最有力組み合わせ確率: 0.117（推定実オッズ?11倍） / 2着集中度: 上位2艇 64.2%（補正+0.00） / 総合判定確率: 0.117 / → ヒモ分散。1号艇1着固定で広めのヒモ流し推奨（買い目+2点）', 'tenji_trigger': '展示確認: ヒモ分散レース。1号艇伸び確認後、広めのヒモ流しを採用。穴ヒモ（5・6号艇）を積極的に含める。\n展示で1号艇スタート超安定(0.131秒)→ヒモ固まり方向に注意'}",,,28.3,逃げ狙い,18.93,28.1,4,,,,,,,,,,,
2025-12-22,丸亀,9,3,登みひ果,B1,24.59,3,,6.2174,13.5,44,25.7,0.1969,3.7,,,0,低,78,0,-,,0,15.4,0.5815,0,0,0,0,0,0.2143,0.6429,0,,,D,,,0.1349,0.508,,0.6269,S,100,0,◎1着固定 2-3着流し（5〜8点）,0.5777,"{'is_target': True, 'verdict': '参加推奨', 'max_combo_prob': 0.1165, 'est_top_odds': 11.4, 'circle_concentration': 64.2, 'eligible_count': 6, 'bet_adj': 2, 'reason': 'rel_win1=62.2%（本命度） / 最有力組み合わせ確率: 0.117（推定実オッズ?11倍） / 2着集中度: 上位2艇 64.2%（補正+0.00） / 総合判定確率: 0.117 / → ヒモ分散。1号艇1着固定で広めのヒモ流し推奨（買い目+2点）', 'tenji_trigger': '展示確認: ヒモ分散レース。1号艇伸び確認後、広めのヒモ流しを採用。穴ヒモ（5・6号艇）を積極的に含める。\n展示で1号艇スタート超安定(0.131秒)→ヒモ固まり方向に注意'}",,,28.3,逃げ狙い,18.93,28.1,4,,,,,,,,,,,
2025-12-22,丸亀,9,4,村松修二,A2,34.33,4,○,12.0856,22,60,65.9,0.1439,2.6136,,,0,低,81,0,差0% 差ま0%,,0,35.5,0.7121,0,0.0556,0.0556,0.0556,0.0556,0.0308,0.0308,0.3341,,,B,,◎,0.2401,0.596,0.4386,0.6269,S,100,0,◎1着固定 2-3着流し（5〜8点）,0.5777,"{'is_target': True, 'verdict': '参加推奨', 'max_combo_prob': 0.1165, 'est_top_odds': 11.4, 'circle_concentration': 64.2, 'eligible_count': 6, 'bet_adj': 2, 'reason': 'rel_win1=62.2%（本命度） / 最有力組み合わせ確率: 0.117（推定実オッズ?11倍） / 2着集中度: 上位2艇 64.2%（補正+0.00） / 総合判定確率: 0.117 / → ヒモ分散。1号艇1着固定で広めのヒモ流し推奨（買い目+2点）', 'tenji_trigger': '展示確認: ヒモ分散レース。1号艇伸び確認後、広めのヒモ流しを採用。穴ヒモ（5・6号艇）を積極的に含める。\n展示で1号艇スタート超安定(0.131秒)→ヒモ固まり方向に注意'}",,,28.3,逃げ狙い,18.93,28.1,4,,,,,,,,,,,
2025-12-22,丸亀,9,5,山崎義明,B1,25.81,5,△,3.1432,22.4,100,58.3,0.1281,2.6771,,,0,低,95,0,-,,0,92.5,1.7005,,,,,,0.0833,0.3571,0.2714,,,D,△,,0.3199,0.6385,,0.6269,S,100,0,◎1着固定 2-3着流し（5〜8点）,0.5777,"{'is_target': True, 'verdict': '参加推奨', 'max_combo_prob': 0.1165, 'est_top_odds': 11.4, 'circle_concentration': 64.2, 'eligible_count': 6, 'bet_adj': 2, 'reason': 'rel_win1=62.2%（本命度） / 最有力組み合わせ確率: 0.117（推定実オッズ?11倍） / 2着集中度: 上位2艇 64.2%（補正+0.00） / 総合判定確率: 0.117 / → ヒモ分散。1号艇1着固定で広めのヒモ流し推奨（買い目+2点）', 'tenji_trigger': '展示確認: ヒモ分散レース。1号艇伸び確認後、広めのヒモ流しを採用。穴ヒモ（5・6号艇）を積極的に含める。\n展示で1号艇スタート超安定(0.131秒)→ヒモ固まり方向に注意'}",,,28.3,逃げ狙い,18.93,28.1,4,,,,,,,,,,,
2025-12-22,丸亀,9,6,西原明生,B1,28.38,6,,2.7022,0.3,19,12.8,0.2204,5.0745,,,0,低,192,0,-,,0,25.6,0.6572,,,,,,0.2571,0.2571,0.2762,,,C,○,,0.135,0.641,,0.6269,S,100,0,◎1着固定 2-3着流し（5〜8点）,0.5777,"{'is_target': True, 'verdict': '参加推奨', 'max_combo_prob': 0.1165, 'est_top_odds': 11.4, 'circle_concentration': 64.2, 'eligible_count': 6, 'bet_adj': 2, 'reason': 'rel_win1=62.2%（本命度） / 最有力組み合わせ確率: 0.117（推定実オッズ?11倍） / 2着集中度: 上位2艇 64.2%（補正+0.00） / 総合判定確率: 0.117 / → ヒモ分散。1号艇1着固定で広めのヒモ流し推奨（買い目+2点）', 'tenji_trigger': '展示確認: ヒモ分散レース。1号艇伸び確認後、広めのヒモ流しを採用。穴ヒモ（5・6号艇）を積極的に含める。\n展示で1号艇スタート超安定(0.131秒)→ヒモ固まり方向に注意'}",,,28.3,逃げ狙い,18.93,28.1,4,,,,,,,,,,,
2025-12-22,丸亀,10,1,重木輝彦,A1,20.69,1,◎,64.5978,,0,91.4,0.146,2.8086,,,0,低,127,0,-,,0,100,1.5157,0.675,,,,,0.05,0.02,0.15,◎,,D,,,,0.578,,0.5993,A,77,0,◎-○軸 3着3〜4艇流し（10〜15点）,0.5777,"{'is_target': True, 'verdict': '参加推奨', 'max_combo_prob': 0.0974, 'est_top_odds': 13.7, 'circle_concentration': 66.9, 'eligible_count': 8, 'bet_adj': 2, 'reason': 'rel_win1=64.6%（本命度） / 最有力組み合わせ確率: 0.097（推定実オッズ?14倍） / 2着集中度: 上位2艇 66.9%（補正+0.00） / 総合判定確率: 0.097 / → ヒモ分散。1号艇1着固定で広めのヒモ流し推奨（買い目+2点）', 'tenji_trigger': '展示確認: ヒモ分散レース。1号艇伸び確認後、広めのヒモ流しを採用。穴ヒモ（5・6号艇）を積極的に含める。'}",,,25.8,逃げ狙い,13.2,26,4,,,,,0,0,0.7559,0,,逃げ軸流し,A
2025-12-22,丸亀,10,2,田中宏樹,B1,17.65,2,,9.4135,48.3,70,66,0.177,3.717,,,0,低,128,0,-,,0,34.2,0.93,0,0.0455,0.0455,0,0.0455,0.2,0.02,0.18,,,D,△,,0.0669,0.6195,,0.5993,A,77,0,◎-○軸 3着3〜4艇流し（10〜15点）,0.5777,"{'is_target': True, 'verdict': '参加推奨', 'max_combo_prob': 0.0974, 'est_top_odds': 13.7, 'circle_concentration': 66.9, 'eligible_count': 8, 'bet_adj': 2, 'reason': 'rel_win1=64.6%（本命度） / 最有力組み合わせ確率: 0.097（推定実オッズ?14倍） / 2着集中度: 上位2艇 66.9%（補正+0.00） / 総合判定確率: 0.097 / → ヒモ分散。1号艇1着固定で広めのヒモ流し推奨（買い目+2点）', 'tenji_trigger': '展示確認: ヒモ分散レース。1号艇伸び確認後、広めのヒモ流しを採用。穴ヒモ（5・6号艇）を積極的に含める。'}",,,25.8,逃げ狙い,13.2,26,4,,,,,,,,,,,
2025-12-22,丸亀,10,3,福田雅一,A2,33.77,3,○,12.7092,14.9,78,52.8,0.1568,3.5283,,,0,低,91,0,-,,0,30.1,0.8565,0,0,0.2273,0,0,0.2,0.1,0.2,,,B,◎,,0.2852,0.66,,0.5993,A,77,0,◎-○軸 3着3〜4艇流し（10〜15点）,0.5777,"{'is_target': True, 'verdict': '参加推奨', 'max_combo_prob': 0.0974, 'est_top_odds': 13.7, 'circle_concentration': 66.9, 'eligible_count': 8, 'bet_adj': 2, 'reason': 'rel_win1=64.6%（本命度） / 最有力組み合わせ確率: 0.097（推定実オッズ?14倍） / 2着集中度: 上位2艇 66.9%（補正+0.00） / 総合判定確率: 0.097 / → ヒモ分散。1号艇1着固定で広めのヒモ流し推奨（買い目+2点）', 'tenji_trigger': '展示確認: ヒモ分散レース。1号艇伸び確認後、広めのヒモ流しを採用。穴ヒモ（5・6号艇）を積極的に含める。'}",,,25.8,逃げ狙い,13.2,26,4,,,,,,,,,,,
2025-12-22,丸亀,10,4,品田直樹,B1,20.69,4,,7.3655,18.7,100,54,0.179,3.9841,,,0,低,201,0,差0%,,0,45.6,1.0557,0,0.0714,0,0,0,0.1167,0.119,0.1357,,,D,○,◎,0.1577,0.656,0.2178,0.5993,A,77,0,◎-○軸 3着3〜4艇流し（10〜15点）,0.5777,"{'is_target': True, 'verdict': '参加推奨', 'max_combo_prob': 0.0974, 'est_top_odds': 13.7, 'circle_concentration': 66.9, 'eligible_count': 8, 'bet_adj': 2, 'reason': 'rel_win1=64.6%（本命度） / 最有力組み合わせ確率: 0.097（推定実オッズ?14倍） / 2着集中度: 上位2艇 66.9%（補正+0.00） / 総合判定確率: 0.097 / → ヒモ分散。1号艇1着固定で広めのヒモ流し推奨（買い目+2点）', 'tenji_trigger': '展示確認: ヒモ分散レース。1号艇伸び確認後、広めのヒモ流しを採用。穴ヒモ（5・6号艇）を積極的に含める。'}",,,25.8,逃げ狙い,13.2,26,4,,,,,,,,,,,
2025-12-22,丸亀,10,5,山川美由,B1,24.59,5,△,4.7531,10.9,53,30,0.165,3.8,,,0,低,16,1,-,,0,34.2,0.8067,0,0,0,0.25,0,0,0,0.3333,,,C,,,0.2781,0.584,,0.5993,A,77,0,◎-○軸 3着3〜4艇流し（10〜15点）,0.5777,"{'is_target': True, 'verdict': '参加推奨', 'max_combo_prob': 0.0974, 'est_top_odds': 13.7, 'circle_concentration': 66.9, 'eligible_count': 8, 'bet_adj': 2, 'reason': 'rel_win1=64.6%（本命度） / 最有力組み合わせ確率: 0.097（推定実オッズ?14倍） / 2着集中度: 上位2艇 66.9%（補正+0.00） / 総合判定確率: 0.097 / → ヒモ分散。1号艇1着固定で広めのヒモ流し推奨（買い目+2点）', 'tenji_trigger': '展示確認: ヒモ分散レース。1号艇伸び確認後、広めのヒモ流しを採用。穴ヒモ（5・6号艇）を積極的に含める。'}",,,25.8,逃げ狙い,13.2,26,4,,,,,,,,,,,
2025-12-22,丸亀,10,6,葛原大陽,A1,32.81,6,▲,1.1608,7.3,89,49.2,0.1475,3.5308,,,0,低,92,0,-,,0,22.9,0.6381,,,,,,0.1832,0.0316,0.1937,,,B,△,,0.3054,0.645,,0.5993,A,77,0,◎-○軸 3着3〜4艇流し（10〜15点）,0.5777,"{'is_target': True, 'verdict': '参加推奨', 'max_combo_prob': 0.0974, 'est_top_odds': 13.7, 'circle_concentration': 66.9, 'eligible_count': 8, 'bet_adj': 2, 'reason': 'rel_win1=64.6%（本命度） / 最有力組み合わせ確率: 0.097（推定実オッズ?14倍） / 2着集中度: 上位2艇 66.9%（補正+0.00） / 総合判定確率: 0.097 / → ヒモ分散。1号艇1着固定で広めのヒモ流し推奨（買い目+2点）', 'tenji_trigger': '展示確認: ヒモ分散レース。1号艇伸び確認後、広めのヒモ流しを採用。穴ヒモ（5・6号艇）を積極的に含める。'}",,,25.8,逃げ狙い,13.2,26,4,,,,,,,,,,,
2025-12-22,丸亀,11,1,永田啓二,A1,36.11,1,◎,59.2642,,0,96.2,0.1232,2.2356,,,0,低,50,0,逃0%,,0,84,1.035,0.7333,,,,,0.2783,0.0089,0.0267,◎,,B,◎,,,0.688,,0.6741,S,100,0,◎1着固定 2-3着流し（5〜8点）,0.5777,"{'is_target': True, 'verdict': '参加推奨', 'max_combo_prob': 0.0622, 'est_top_odds': 21.4, 'circle_concentration': 59.0, 'eligible_count': 6, 'bet_adj': 2, 'reason': 'rel_win1=59.3%（本命度） / 最有力組み合わせ確率: 0.062（推定実オッズ?21倍） / 2着集中度: 上位2艇 59.0%（補正+0.00） / 総合判定確率: 0.062 / → ヒモ分散。1号艇1着固定で広めのヒモ流し推奨（買い目+2点）', 'tenji_trigger': '展示確認: ヒモ分散レース。1号艇伸び確認後、広めのヒモ流しを採用。穴ヒモ（5・6号艇）を積極的に含める。\n展示で1号艇スタート超安定(0.123秒)→ヒモ固まり方向に注意'}",,,29.5,逃げ狙い,21.15,29.7,2,,,,,0,0,0.7559,0,,逃げ軸流し,A
2025-12-22,丸亀,11,2,富永修一,A2,23.08,2,△,15.3972,29.7,100,70.2,0.1387,2.75,,,0,低,92,0,差0%,,0,43.3,0.9524,0,0.2632,0.0263,0,0,0.1257,0.1257,0.1124,,,D,○,,0.2465,0.6455,,0.6741,S,100,0,◎1着固定 2-3着流し（5〜8点）,0.5777,"{'is_target': True, 'verdict': '参加推奨', 'max_combo_prob': 0.0622, 'est_top_odds': 21.4, 'circle_concentration': 59.0, 'eligible_count': 6, 'bet_adj': 2, 'reason': 'rel_win1=59.3%（本命度） / 最有力組み合わせ確率: 0.062（推定実オッズ?21倍） / 2着集中度: 上位2艇 59.0%（補正+0.00） / 総合判定確率: 0.062 / → ヒモ分散。1号艇1着固定で広めのヒモ流し推奨（買い目+2点）', 'tenji_trigger': '展示確認: ヒモ分散レース。1号艇伸び確認後、広めのヒモ流しを採用。穴ヒモ（5・6号艇）を積極的に含める。\n展示で1号艇スタート超安定(0.123秒)→ヒモ固まり方向に注意'}",,,29.5,逃げ狙い,21.15,29.7,2,,,,,,,,,,,
2025-12-22,丸亀,11,3,嶋　義信,A2,33.33,3,○,10.4536,29.3,65,73.8,0.1267,2.6066,,,0,低,90,0,差ま0%,,0,36.4,0.9423,0,0,0,0.1818,0,0.125,0.15,0.1875,,,B,△,,0.3173,0.632,,0.6741,S,100,0,◎1着固定 2-3着流し（5〜8点）,0.5777,"{'is_target': True, 'verdict': '参加推奨', 'max_combo_prob': 0.0622, 'est_top_odds': 21.4, 'circle_concentration': 59.0, 'eligible_count': 6, 'bet_adj': 2, 'reason': 'rel_win1=59.3%（本命度） / 最有力組み合わせ確率: 0.062（推定実オッズ?21倍） / 2着集中度: 上位2艇 59.0%（補正+0.00） / 総合判定確率: 0.062 / → ヒモ分散。1号艇1着固定で広めのヒモ流し推奨（買い目+2点）', 'tenji_trigger': '展示確認: ヒモ分散レース。1号艇伸び確認後、広めのヒモ流しを採用。穴ヒモ（5・6号艇）を積極的に含める。\n展示で1号艇スタート超安定(0.123秒)→ヒモ固まり方向に注意'}",,,29.5,逃げ狙い,21.15,29.7,2,,,,,,,,,,,
2025-12-22,丸亀,11,4,河野　大,A1,31.94,4,▲,10.3656,25.9,49,66.1,0.1593,3.4375,,,0,低,88,0,差0% ま0%,,0,81,1.3617,0,0.037,0.2222,0,0,0.1143,0.0381,0.0286,,,C,○,◎,0.1959,0.6455,0.4096,0.6741,S,100,0,◎1着固定 2-3着流し（5〜8点）,0.5777,"{'is_target': True, 'verdict': '参加推奨', 'max_combo_prob': 0.0622, 'est_top_odds': 21.4, 'circle_concentration': 59.0, 'eligible_count': 6, 'bet_adj': 2, 'reason': 'rel_win1=59.3%（本命度） / 最有力組み合わせ確率: 0.062（推定実オッズ?21倍） / 2着集中度: 上位2艇 59.0%（補正+0.00） / 総合判定確率: 0.062 / → ヒモ分散。1号艇1着固定で広めのヒモ流し推奨（買い目+2点）', 'tenji_trigger': '展示確認: ヒモ分散レース。1号艇伸び確認後、広めのヒモ流しを採用。穴ヒモ（5・6号艇）を積極的に含める。\n展示で1号艇スタート超安定(0.123秒)→ヒモ固まり方向に注意'}",,,29.5,逃げ狙い,21.15,29.7,2,,,,,,,,,,,
2025-12-22,丸亀,11,5,香川素子,A2,18.18,5,,3.1937,14.8,86,55.6,0.17,3.1944,,,0,低,92,0,-,,0,40.4,0.8645,0,0,0,0.0667,0,0.0182,0.0182,0.4273,,,E,△,,0.1358,0.5835,,0.6741,S,100,0,◎1着固定 2-3着流し（5〜8点）,0.5777,"{'is_target': True, 'verdict': '参加推奨', 'max_combo_prob': 0.0622, 'est_top_odds': 21.4, 'circle_concentration': 59.0, 'eligible_count': 6, 'bet_adj': 2, 'reason': 'rel_win1=59.3%（本命度） / 最有力組み合わせ確率: 0.062（推定実オッズ?21倍） / 2着集中度: 上位2艇 59.0%（補正+0.00） / 総合判定確率: 0.062 / → ヒモ分散。1号艇1着固定で広めのヒモ流し推奨（買い目+2点）', 'tenji_trigger': '展示確認: ヒモ分散レース。1号艇伸び確認後、広めのヒモ流しを採用。穴ヒモ（5・6号艇）を積極的に含める。\n展示で1号艇スタート超安定(0.123秒)→ヒモ固まり方向に注意'}",,,29.5,逃げ狙い,21.15,29.7,2,,,,,,,,,,,
2025-12-22,丸亀,11,6,大西　賢,B1,27.40,6,,1.3256,0.3,44,13.2,0.214,4.6604,,,0,低,150,0,-,,0,25.8,0.8733,,,,,,0.1722,0.1722,0.2591,,,D,,,0.1393,0.549,,0.6741,S,100,0,◎1着固定 2-3着流し（5〜8点）,0.5777,"{'is_target': True, 'verdict': '参加推奨', 'max_combo_prob': 0.0622, 'est_top_odds': 21.4, 'circle_concentration': 59.0, 'eligible_count': 6, 'bet_adj': 2, 'reason': 'rel_win1=59.3%（本命度） / 最有力組み合わせ確率: 0.062（推定実オッズ?21倍） / 2着集中度: 上位2艇 59.0%（補正+0.00） / 総合判定確率: 0.062 / → ヒモ分散。1号艇1着固定で広めのヒモ流し推奨（買い目+2点）', 'tenji_trigger': '展示確認: ヒモ分散レース。1号艇伸び確認後、広めのヒモ流しを採用。穴ヒモ（5・6号艇）を積極的に含める。\n展示で1号艇スタート超安定(0.123秒)→ヒモ固まり方向に注意'}",,,29.5,逃げ狙い,21.15,29.7,2,,,,,,,,,,,
2025-12-22,丸亀,12,1,中岡正彦,A1,27.27,1,◎,54.7321,,0,93.3,0.1175,2.4083,,,0,低,42,0,逃1%,,0,66.8,1.0713,0.7647,,,,,0.1103,0,0.0588,◎,,D,△,,,0.649,,0.6593,S,92,0,◎1着固定 2-3着流し（5〜8点）,0.5777,"{'is_target': True, 'verdict': '参加推奨', 'max_combo_prob': 0.0507, 'est_top_odds': 26.3, 'circle_concentration': 57.4, 'eligible_count': 6, 'bet_adj': 2, 'reason': 'rel_win1=54.7%（本命度） / 最有力組み合わせ確率: 0.051（推定実オッズ?26倍） / 2着集中度: 上位2艇 57.4%（補正+0.00） / 総合判定確率: 0.051 / → ヒモ分散。1号艇1着固定で広めのヒモ流し推奨（買い目+2点）', 'tenji_trigger': '展示確認: ヒモ分散レース。1号艇伸び確認後、広めのヒモ流しを採用。穴ヒモ（5・6号艇）を積極的に含める。\n展示で1号艇スタート超安定(0.117秒)→ヒモ固まり方向に注意'}",,,28.4,逃げ狙い,23.79,24.2,4,,,,,0,0,0.7559,0,,逃げ軸流し,A
2025-12-22,丸亀,12,2,烏野賢太,A1,32.31,2,△,9.3308,34.6,77,62.7,0.1708,4.0169,,,0,低,135,0,-,,0,100,2.3719,0,0.1905,0,0,0,0.1153,0.145,0,,,C,○,,0.0946,0.663,,0.6593,S,92,0,◎1着固定 2-3着流し（5〜8点）,0.5777,"{'is_target': True, 'verdict': '参加推奨', 'max_combo_prob': 0.0507, 'est_top_odds': 26.3, 'circle_concentration': 57.4, 'eligible_count': 6, 'bet_adj': 2, 'reason': 'rel_win1=54.7%（本命度） / 最有力組み合わせ確率: 0.051（推定実オッズ?26倍） / 2着集中度: 上位2艇 57.4%（補正+0.00） / 総合判定確率: 0.051 / → ヒモ分散。1号艇1着固定で広めのヒモ流し推奨（買い目+2点）', 'tenji_trigger': '展示確認: ヒモ分散レース。1号艇伸び確認後、広めのヒモ流しを採用。穴ヒモ（5・6号艇）を積極的に含める。\n展示で1号艇スタート超安定(0.117秒)→ヒモ固まり方向に注意'}",,,28.4,逃げ狙い,23.79,24.2,4,,,,,,,,,,,
2025-12-22,丸亀,12,3,谷津幸宏,A1,45.07,3,○,12.7826,22.9,87,62.1,0.1167,1.9848,,,0,低,52,0,-,,0,100,0.9613,0,0.0323,0,0.0968,0,0.0476,0.0714,0.119,,,A,△,,0.2973,0.6535,,0.6593,S,92,0,◎1着固定 2-3着流し（5〜8点）,0.5777,"{'is_target': True, 'verdict': '参加推奨', 'max_combo_prob': 0.0507, 'est_top_odds': 26.3, 'circle_concentration': 57.4, 'eligible_count': 6, 'bet_adj': 2, 'reason': 'rel_win1=54.7%（本命度） / 最有力組み合わせ確率: 0.051（推定実オッズ?26倍） / 2着集中度: 上位2艇 57.4%（補正+0.00） / 総合判定確率: 0.051 / → ヒモ分散。1号艇1着固定で広めのヒモ流し推奨（買い目+2点）', 'tenji_trigger': '展示確認: ヒモ分散レース。1号艇伸び確認後、広めのヒモ流しを採用。穴ヒモ（5・6号艇）を積極的に含める。\n展示で1号艇スタート超安定(0.117秒)→ヒモ固まり方向に注意'}",,,28.4,逃げ狙い,23.79,24.2,4,,,,,,,,,,,
2025-12-22,丸亀,12,4,平田忠則,A1,33.87,4,▲,15.9561,22.4,100,80.8,0.1506,3.1489,,,0,低,74,0,-,,0,30.5,0.8791,0,0,0.1429,0.1429,0,0.1148,0.1889,0.0148,,,B,,◎,0.1973,0.603,0.4493,0.6593,S,92,0,◎1着固定 2-3着流し（5〜8点）,0.5777,"{'is_target': True, 'verdict': '参加推奨', 'max_combo_prob': 0.0507, 'est_top_odds': 26.3, 'circle_concentration': 57.4, 'eligible_count': 6, 'bet_adj': 2, 'reason': 'rel_win1=54.7%（本命度） / 最有力組み合わせ確率: 0.051（推定実オッズ?26倍） / 2着集中度: 上位2艇 57.4%（補正+0.00） / 総合判定確率: 0.051 / → ヒモ分散。1号艇1着固定で広めのヒモ流し推奨（買い目+2点）', 'tenji_trigger': '展示確認: ヒモ分散レース。1号艇伸び確認後、広めのヒモ流しを採用。穴ヒモ（5・6号艇）を積極的に含める。\n展示で1号艇スタート超安定(0.117秒)→ヒモ固まり方向に注意'}",,,28.4,逃げ狙い,23.79,24.2,4,,,,,,,,,,,
2025-12-22,丸亀,12,5,興津　藍,A1,31.25,5,,2.5787,13.5,92,55.8,0.1717,4.0962,,,0,低,133,0,-,,0,30.2,0.8519,0,0,0.0435,0,0,0.1562,0.0343,0.179,,,C,,,0.1101,0.6195,,0.6593,S,92,0,◎1着固定 2-3着流し（5〜8点）,0.5777,"{'is_target': True, 'verdict': '参加推奨', 'max_combo_prob': 0.0507, 'est_top_odds': 26.3, 'circle_concentration': 57.4, 'eligible_count': 6, 'bet_adj': 2, 'reason': 'rel_win1=54.7%（本命度） / 最有力組み合わせ確率: 0.051（推定実オッズ?26倍） / 2着集中度: 上位2艇 57.4%（補正+0.00） / 総合判定確率: 0.051 / → ヒモ分散。1号艇1着固定で広めのヒモ流し推奨（買い目+2点）', 'tenji_trigger': '展示確認: ヒモ分散レース。1号艇伸び確認後、広めのヒモ流しを採用。穴ヒモ（5・6号艇）を積極的に含める。\n展示で1号艇スタート超安定(0.117秒)→ヒモ固まり方向に注意'}",,,28.4,逃げ狙い,23.79,24.2,4,,,,,,,,,,,
2025-12-22,丸亀,12,6,池永　太,A1,13.56,6,,4.6197,6.7,94,59,0.1692,3.7436,,,0,低,54,0,ま0%,,0,29.7,2.3217,0,0,0.1111,0,0,0.0541,0.0811,0,,,E,◎,,0.1443,0.6845,,0.6593,S,92,0,◎1着固定 2-3着流し（5〜8点）,0.5777,"{'is_target': True, 'verdict': '参加推奨', 'max_combo_prob': 0.0507, 'est_top_odds': 26.3, 'circle_concentration': 57.4, 'eligible_count': 6, 'bet_adj': 2, 'reason': 'rel_win1=54.7%（本命度） / 最有力組み合わせ確率: 0.051（推定実オッズ?26倍） / 2着集中度: 上位2艇 57.4%（補正+0.00） / 総合判定確率: 0.051 / → ヒモ分散。1号艇1着固定で広めのヒモ流し推奨（買い目+2点）', 'tenji_trigger': '展示確認: ヒモ分散レース。1号艇伸び確認後、広めのヒモ流しを採用。穴ヒモ（5・6号艇）を積極的に含める。\n展示で1号艇スタート超安定(0.117秒)→ヒモ固まり方向に注意'}",,,28.4,逃げ狙い,23.79,24.2,4,,,,,,,,,,,
2025-12-23,丸亀,1,1,村越　篤,B1,30.26,1,◎,65.2169,,0,94.7,0.1692,3.625,,,0,低,142,0,逃1%,14,0,85.6,1.1028,0.6452,,,,,0.2516,0.0129,0.0774,○,,B,◎,,,0.667,,0.4208,S,89,0,◎1着固定 2-3着流し（5〜8点）,0.5777,"{'is_target': True, 'verdict': '点数絞り', 'max_combo_prob': 0.1728, 'est_top_odds': 7.7, 'circle_concentration': 77.1, 'eligible_count': 6, 'bet_adj': 0, 'reason': 'rel_win1=65.2%（本命度） / 最有力組み合わせ確率: 0.173（推定実オッズ?8倍） / 2着集中度: 上位2艇 77.1%（補正+0.04） / 総合判定確率: 0.213 / → ヒモはやや固め。上位2艇以外を切ること', 'tenji_trigger': '展示確認: 1号艇伸び良→そのまま採用。悪→飛び組に差し替え。circle_pct上位2艇に絞り込むこと。'}",,,27.9,逃げ狙い,13.96,31.4,4,,,,,0,0,0.6155,0,,逃げ軸流し,A
2025-12-23,丸亀,1,2,横川聖志,B1,30.99,2,○,9.0893,58.3,65,56.3,0.1423,2.8944,,,0,低,68,0,差0%,6,0,43.9,0.9178,0,0.0455,0,0,0,0.1131,0.019,0.0762,,◎,B,○,,0.5965,0.641,,0.4208,S,89,0,◎1着固定 2-3着流し（5〜8点）,0.5777,"{'is_target': True, 'verdict': '点数絞り', 'max_combo_prob': 0.1728, 'est_top_odds': 7.7, 'circle_concentration': 77.1, 'eligible_count': 6, 'bet_adj': 0, 'reason': 'rel_win1=65.2%（本命度） / 最有力組み合わせ確率: 0.173（推定実オッズ?8倍） / 2着集中度: 上位2艇 77.1%（補正+0.04） / 総合判定確率: 0.213 / → ヒモはやや固め。上位2艇以外を切ること', 'tenji_trigger': '展示確認: 1号艇伸び良→そのまま採用。悪→飛び組に差し替え。circle_pct上位2艇に絞り込むこと。'}",,,27.9,逃げ狙い,13.96,31.4,4,,,,,,,,,,,
2025-12-23,丸亀,1,3,上村宏太,B1,28.99,3,▲,12.4025,18.8,100,54.2,0.1775,3.4407,,,0,低,125,0,差0% 差ま0% 抜0%,1,0,47.7,1.1031,0,0.0333,0,0.1333,0.0333,0.2,0.3,0.3,,,C,△,,0.2839,0.5525,,0.4208,S,89,0,◎1着固定 2-3着流し（5〜8点）,0.5777,"{'is_target': True, 'verdict': '点数絞り', 'max_combo_prob': 0.1728, 'est_top_odds': 7.7, 'circle_concentration': 77.1, 'eligible_count': 6, 'bet_adj': 0, 'reason': 'rel_win1=65.2%（本命度） / 最有力組み合わせ確率: 0.173（推定実オッズ?8倍） / 2着集中度: 上位2艇 77.1%（補正+0.04） / 総合判定確率: 0.213 / → ヒモはやや固め。上位2艇以外を切ること', 'tenji_trigger': '展示確認: 1号艇伸び良→そのまま採用。悪→飛び組に差し替え。circle_pct上位2艇に絞り込むこと。'}",,,27.9,逃げ狙い,13.96,31.4,4,,,,,,,,,,,
2025-12-23,丸亀,1,4,西原明生,B1,28.38,4,△,8.5482,15.8,35,27.4,0.1813,4.2742,,,0,低,192,0,差0%,4,0,80.4,1.424,0,0.04,0,0,0,0.2571,0.2571,0.2762,,,C,○,,0.2342,0.641,,0.4208,S,89,0,◎1着固定 2-3着流し（5〜8点）,0.5777,"{'is_target': True, 'verdict': '点数絞り', 'max_combo_prob': 0.1728, 'est_top_odds': 7.7, 'circle_concentration': 77.1, 'eligible_count': 6, 'bet_adj': 0, 'reason': 'rel_win1=65.2%（本命度） / 最有力組み合わせ確率: 0.173（推定実オッズ?8倍） / 2着集中度: 上位2艇 77.1%（補正+0.04） / 総合判定確率: 0.213 / → ヒモはやや固め。上位2艇以外を切ること', 'tenji_trigger': '展示確認: 1号艇伸び良→そのまま採用。悪→飛び組に差し替え。circle_pct上位2艇に絞り込むこと。'}",,,27.9,逃げ狙い,13.96,31.4,4,,,,,,,,,,,
2025-12-23,丸亀,1,5,日隈　茜,B2,19.12,5,,3.7226,6.6,43,0,0.2056,4.25,,,0,低,62,0,-,66,0,26.5,0.6905,,,,,,,,,,,E,,,0.2,0.457,,0.4208,S,89,0,◎1着固定 2-3着流し（5〜8点）,0.5777,"{'is_target': True, 'verdict': '点数絞り', 'max_combo_prob': 0.1728, 'est_top_odds': 7.7, 'circle_concentration': 77.1, 'eligible_count': 6, 'bet_adj': 0, 'reason': 'rel_win1=65.2%（本命度） / 最有力組み合わせ確率: 0.173（推定実オッズ?8倍） / 2着集中度: 上位2艇 77.1%（補正+0.04） / 総合判定確率: 0.213 / → ヒモはやや固め。上位2艇以外を切ること', 'tenji_trigger': '展示確認: 1号艇伸び良→そのまま採用。悪→飛び組に差し替え。circle_pct上位2艇に絞り込むこと。'}",,,27.9,逃げ狙い,13.96,31.4,4,,,,,,,,,,,
2025-12-23,丸亀,1,6,沖島広和,B1,23.44,6,,1.0205,0.5,42,13.7,0.1886,4.402,,,0,低,143,0,-,6,0,39.4,0.8489,,,,,,0.2615,0.0308,0.1769,,,D,△,,0.2502,0.637,,0.4208,S,89,0,◎1着固定 2-3着流し（5〜8点）,0.5777,"{'is_target': True, 'verdict': '点数絞り', 'max_combo_prob': 0.1728, 'est_top_odds': 7.7, 'circle_concentration': 77.1, 'eligible_count': 6, 'bet_adj': 0, 'reason': 'rel_win1=65.2%（本命度） / 最有力組み合わせ確率: 0.173（推定実オッズ?8倍） / 2着集中度: 上位2艇 77.1%（補正+0.04） / 総合判定確率: 0.213 / → ヒモはやや固め。上位2艇以外を切ること', 'tenji_trigger': '展示確認: 1号艇伸び良→そのまま採用。悪→飛び組に差し替え。circle_pct上位2艇に絞り込むこと。'}",,,27.9,逃げ狙い,13.96,31.4,4,,,,,,,,,,,
2025-12-23,丸亀,2,1,松尾怜実,B2,28.79,1,◎,56.7589,,0,50,0.136,2.55,,,0,低,40,1,逃0%,5,0,45.4,0.7356,0.3333,,,,,0.3333,0,0.3333,◎⚠️,,D,,,,0.599,,0.5141,B,50,0,◎○△フォーメーション（15〜20点）,0.5777,"{'is_target': True, 'verdict': '参加推奨', 'max_combo_prob': 0.0607, 'est_top_odds': 22.0, 'circle_concentration': 63.6, 'eligible_count': 9, 'bet_adj': 2, 'reason': 'rel_win1=56.8%（本命度） / 最有力組み合わせ確率: 0.061（推定実オッズ?22倍） / 2着集中度: 上位2艇 63.6%（補正+0.00） / 総合判定確率: 0.061 / → ヒモ分散。1号艇1着固定で広めのヒモ流し推奨（買い目+2点）', 'tenji_trigger': '展示確認: ヒモ分散レース。1号艇伸び確認後、広めのヒモ流しを採用。穴ヒモ（5・6号艇）を積極的に含める。\n展示で1号艇スタート超安定(0.136秒)→ヒモ固まり方向に注意'}",,,29.2,両建て推奨,12.43,36.4,3,2-1-3|2-1-4|2-1-5|2-3-1|2-5-1|2-3-4|2-5-3|1-2-4|1-2-6|1-3-2|1-3-4,2-1-3|2-1-4|2-1-5|2-3-1|2-5-1|2-3-4|2-5-3|1-2-4|1-2-6|1-3-2|1-3-4|4-5-6,2-1-3:0.72%|2-1-4:0.58%|2-1-5:0.42%|2-3-1:0.22%|2-5-1:0.14%|2-3-4:0.1%|2-5-3:0.08%|1-2-4:3.72%|1-2-6:3.67%|1-3-2:3.49%|1-3-4:3.29%,2-1-3:B_main|2-1-4:B_main|2-1-5:B_main|2-3-1:B_main|2-5-1:B_main|2-3-4:B_main|2-5-3:B_main|1-2-4:A|1-2-6:A|1-3-2:A|1-3-4:A,11,12,0.4535,1,[!]見送り推奨（主役決まり手「差し」― 逃げ劣勢レースで的中実績なし）,主役軸流し,B
2025-12-23,丸亀,2,2,樫葉次郎,B2,41.10,2,▲,7.1061,35.8,86,34.2,0.1726,3.4737,,,0,低,84,0,-,2,0,100,0.5391,,,,,,0.275,0.25,0.3,,,B,,,0.0775,0.6065,,0.5141,B,50,0,◎○△フォーメーション（15〜20点）,0.5777,"{'is_target': True, 'verdict': '参加推奨', 'max_combo_prob': 0.0607, 'est_top_odds': 22.0, 'circle_concentration': 63.6, 'eligible_count': 9, 'bet_adj': 2, 'reason': 'rel_win1=56.8%（本命度） / 最有力組み合わせ確率: 0.061（推定実オッズ?22倍） / 2着集中度: 上位2艇 63.6%（補正+0.00） / 総合判定確率: 0.061 / → ヒモ分散。1号艇1着固定で広めのヒモ流し推奨（買い目+2点）', 'tenji_trigger': '展示確認: ヒモ分散レース。1号艇伸び確認後、広めのヒモ流しを採用。穴ヒモ（5・6号艇）を積極的に含める。\n展示で1号艇スタート超安定(0.136秒)→ヒモ固まり方向に注意'}",,,29.2,両建て推奨,12.43,36.4,3,,,,,,,,,,,
2025-12-23,丸亀,2,3,中里優子,B1,25.00,3,,9.8377,27.7,100,45.5,0.1636,3.8864,,,0,低,61,0,-,6,0,36.2,0.8827,,,,,,0.05,0,0.25,,,E,△,,0.172,0.621,,0.5141,B,50,0,◎○△フォーメーション（15〜20点）,0.5777,"{'is_target': True, 'verdict': '参加推奨', 'max_combo_prob': 0.0607, 'est_top_odds': 22.0, 'circle_concentration': 63.6, 'eligible_count': 9, 'bet_adj': 2, 'reason': 'rel_win1=56.8%（本命度） / 最有力組み合わせ確率: 0.061（推定実オッズ?22倍） / 2着集中度: 上位2艇 63.6%（補正+0.00） / 総合判定確率: 0.061 / → ヒモ分散。1号艇1着固定で広めのヒモ流し推奨（買い目+2点）', 'tenji_trigger': '展示確認: ヒモ分散レース。1号艇伸び確認後、広めのヒモ流しを採用。穴ヒモ（5・6号艇）を積極的に含める。\n展示で1号艇スタート超安定(0.136秒)→ヒモ固まり方向に注意'}",,,29.2,両建て推奨,12.43,36.4,3,,,,,,,,,,,
2025-12-23,丸亀,2,4,渡辺　崇,B1,29.73,4,,13.3052,22.3,75,47.4,0.1916,4.3158,,,0,低,135,0,差0% ま0% 差ま0%,21,0,52.5,1.1849,0,0.0455,0.0455,0.0455,0,0.075,0.315,0.025,,,D,△,◎,0.1132,0.608,0.1402,0.5141,B,50,0,◎○△フォーメーション（15〜20点）,0.5777,"{'is_target': True, 'verdict': '参加推奨', 'max_combo_prob': 0.0607, 'est_top_odds': 22.0, 'circle_concentration': 63.6, 'eligible_count': 9, 'bet_adj': 2, 'reason': 'rel_win1=56.8%（本命度） / 最有力組み合わせ確率: 0.061（推定実オッズ?22倍） / 2着集中度: 上位2艇 63.6%（補正+0.00） / 総合判定確率: 0.061 / → ヒモ分散。1号艇1着固定で広めのヒモ流し推奨（買い目+2点）', 'tenji_trigger': '展示確認: ヒモ分散レース。1号艇伸び確認後、広めのヒモ流しを採用。穴ヒモ（5・6号艇）を積極的に含める。\n展示で1号艇スタート超安定(0.136秒)→ヒモ固まり方向に注意'}",,,29.2,両建て推奨,12.43,36.4,3,,,,,,,,,,,
2025-12-23,丸亀,2,5,福田雅一,A2,33.77,5,△,6.344,10.9,68,38.5,0.1463,3.1731,,,0,低,91,0,差ま1%,26,0,32.3,0.6845,0,0,0,0.0909,0,0.2,0.1,0.2,,,C,◎,,0.2627,0.66,,0.5141,B,50,0,◎○△フォーメーション（15〜20点）,0.5777,"{'is_target': True, 'verdict': '参加推奨', 'max_combo_prob': 0.0607, 'est_top_odds': 22.0, 'circle_concentration': 63.6, 'eligible_count': 9, 'bet_adj': 2, 'reason': 'rel_win1=56.8%（本命度） / 最有力組み合わせ確率: 0.061（推定実オッズ?22倍） / 2着集中度: 上位2艇 63.6%（補正+0.00） / 総合判定確率: 0.061 / → ヒモ分散。1号艇1着固定で広めのヒモ流し推奨（買い目+2点）', 'tenji_trigger': '展示確認: ヒモ分散レース。1号艇伸び確認後、広めのヒモ流しを採用。穴ヒモ（5・6号艇）を積極的に含める。\n展示で1号艇スタート超安定(0.136秒)→ヒモ固まり方向に注意'}",,,29.2,両建て推奨,12.43,36.4,3,,,,,,,,,,,
2025-12-23,丸亀,2,6,谷津幸宏,A1,45.07,6,○,6.6482,3.2,92,42.2,0.1416,3.0469,,,0,低,52,0,-,26,0,23.6,2.3172,0,0.04,0.04,0,0,0.0476,0.0714,0.119,,,A,○,,0.2679,0.6535,,0.5141,B,50,0,◎○△フォーメーション（15〜20点）,0.5777,"{'is_target': True, 'verdict': '参加推奨', 'max_combo_prob': 0.0607, 'est_top_odds': 22.0, 'circle_concentration': 63.6, 'eligible_count': 9, 'bet_adj': 2, 'reason': 'rel_win1=56.8%（本命度） / 最有力組み合わせ確率: 0.061（推定実オッズ?22倍） / 2着集中度: 上位2艇 63.6%（補正+0.00） / 総合判定確率: 0.061 / → ヒモ分散。1号艇1着固定で広めのヒモ流し推奨（買い目+2点）', 'tenji_trigger': '展示確認: ヒモ分散レース。1号艇伸び確認後、広めのヒモ流しを採用。穴ヒモ（5・6号艇）を積極的に含める。\n展示で1号艇スタート超安定(0.136秒)→ヒモ固まり方向に注意'}",,,29.2,両建て推奨,12.43,36.4,3,,,,,,,,,,,
2025-12-23,丸亀,3,1,志道吉和,B1,20.29,1,◎,51.2518,,0,75.8,0.1455,2.5455,,,0,低,116,0,逃0%,6,0,80.7,0.9804,0.3333,,,,,0.0833,0.1667,0.4167,◎,,E,,,,0.566,,0.4964,A,65,0,◎-○軸 3着3〜4艇流し（10〜15点）,0.5777,"{'is_target': True, 'verdict': '参加推奨', 'max_combo_prob': 0.0722, 'est_top_odds': 18.5, 'circle_concentration': 74.2, 'eligible_count': 8, 'bet_adj': 2, 'reason': 'rel_win1=51.3%（本命度） / 最有力組み合わせ確率: 0.072（推定実オッズ?18倍） / 2着集中度: 上位2艇 74.2%（補正+0.04） / 総合判定確率: 0.112 / → ヒモ分散。1号艇1着固定で広めのヒモ流し推奨（買い目+2点）', 'tenji_trigger': '展示確認: ヒモ分散レース。1号艇伸び確認後、広めのヒモ流しを採用。穴ヒモ（5・6号艇）を積極的に含める。'}",,,27.8,逃げ狙い,10.87,33.6,2,,,,,0,0,0.7559,0,,逃げ軸流し,A
2025-12-23,丸亀,3,2,嶋　義信,A2,33.33,2,○,16.9268,46.6,88,58.5,0.1345,3.0094,,,0,低,90,0,-,34,0,35.5,0.7933,0,0.04,0.04,0,0,0.125,0.15,0.1875,,◎,B,◎,,0.418,0.632,,0.4964,A,65,0,◎-○軸 3着3〜4艇流し（10〜15点）,0.5777,"{'is_target': True, 'verdict': '参加推奨', 'max_combo_prob': 0.0722, 'est_top_odds': 18.5, 'circle_concentration': 74.2, 'eligible_count': 8, 'bet_adj': 2, 'reason': 'rel_win1=51.3%（本命度） / 最有力組み合わせ確率: 0.072（推定実オッズ?18倍） / 2着集中度: 上位2艇 74.2%（補正+0.04） / 総合判定確率: 0.112 / → ヒモ分散。1号艇1着固定で広めのヒモ流し推奨（買い目+2点）', 'tenji_trigger': '展示確認: ヒモ分散レース。1号艇伸び確認後、広めのヒモ流しを採用。穴ヒモ（5・6号艇）を積極的に含める。'}",,,27.8,逃げ狙い,10.87,33.6,2,,,,,,,,,,,
2025-12-23,丸亀,3,3,野田部宏,B1,30.99,3,△,14.3367,27.6,100,70.3,0.1392,2.8243,,,0,低,35,0,-,3,0,22.6,0.7104,0,0,0.0769,0,0,0.1,0.2,0.2,,,C,△,,0.3255,0.616,,0.4964,A,65,0,◎-○軸 3着3〜4艇流し（10〜15点）,0.5777,"{'is_target': True, 'verdict': '参加推奨', 'max_combo_prob': 0.0722, 'est_top_odds': 18.5, 'circle_concentration': 74.2, 'eligible_count': 8, 'bet_adj': 2, 'reason': 'rel_win1=51.3%（本命度） / 最有力組み合わせ確率: 0.072（推定実オッズ?18倍） / 2着集中度: 上位2艇 74.2%（補正+0.04） / 総合判定確率: 0.112 / → ヒモ分散。1号艇1着固定で広めのヒモ流し推奨（買い目+2点）', 'tenji_trigger': '展示確認: ヒモ分散レース。1号艇伸び確認後、広めのヒモ流しを採用。穴ヒモ（5・6号艇）を積極的に含める。'}",,,27.8,逃げ狙い,10.87,33.6,2,,,,,,,,,,,
2025-12-23,丸亀,3,4,近藤雄一,B1,33.80,4,▲,8.0606,10.2,81,37.7,0.1683,3.3571,,,0,低,163,0,ま0% 差ま0%,3,0,41.9,0.8526,0,0,0.0312,0.0312,0,0.22,0.3114,0.0143,,,B,○,,0.1956,0.624,,0.4964,A,65,0,◎-○軸 3着3〜4艇流し（10〜15点）,0.5777,"{'is_target': True, 'verdict': '参加推奨', 'max_combo_prob': 0.0722, 'est_top_odds': 18.5, 'circle_concentration': 74.2, 'eligible_count': 8, 'bet_adj': 2, 'reason': 'rel_win1=51.3%（本命度） / 最有力組み合わせ確率: 0.072（推定実オッズ?18倍） / 2着集中度: 上位2艇 74.2%（補正+0.04） / 総合判定確率: 0.112 / → ヒモ分散。1号艇1着固定で広めのヒモ流し推奨（買い目+2点）', 'tenji_trigger': '展示確認: ヒモ分散レース。1号艇伸び確認後、広めのヒモ流しを採用。穴ヒモ（5・6号艇）を積極的に含める。'}",,,27.8,逃げ狙い,10.87,33.6,2,,,,,,,,,,,
2025-12-23,丸亀,3,5,重木輝彦,A1,20.69,5,,8.2357,14.4,98,50,0.2036,4.32,,,0,低,127,0,差ま0%,45,0,82.3,1.461,0,0,0,0.1429,0,0.05,0.02,0.15,,,D,,,0.1342,0.578,,0.4964,A,65,0,◎-○軸 3着3〜4艇流し（10〜15点）,0.5777,"{'is_target': True, 'verdict': '参加推奨', 'max_combo_prob': 0.0722, 'est_top_odds': 18.5, 'circle_concentration': 74.2, 'eligible_count': 8, 'bet_adj': 2, 'reason': 'rel_win1=51.3%（本命度） / 最有力組み合わせ確率: 0.072（推定実オッズ?18倍） / 2着集中度: 上位2艇 74.2%（補正+0.04） / 総合判定確率: 0.112 / → ヒモ分散。1号艇1着固定で広めのヒモ流し推奨（買い目+2点）', 'tenji_trigger': '展示確認: ヒモ分散レース。1号艇伸び確認後、広めのヒモ流しを採用。穴ヒモ（5・6号艇）を積極的に含める。'}",,,27.8,逃げ狙い,10.87,33.6,2,,,,,,,,,,,
2025-12-23,丸亀,3,6,吉原聖人,B1,23.19,6,,1.1883,1.2,52,17.4,0.1983,4.2283,,,0,低,129,0,-,25,0,33.5,0.82,,,,,,0.2533,0.0667,0.3733,,,D,△,,0.1425,0.5965,,0.4964,A,65,0,◎-○軸 3着3〜4艇流し（10〜15点）,0.5777,"{'is_target': True, 'verdict': '参加推奨', 'max_combo_prob': 0.0722, 'est_top_odds': 18.5, 'circle_concentration': 74.2, 'eligible_count': 8, 'bet_adj': 2, 'reason': 'rel_win1=51.3%（本命度） / 最有力組み合わせ確率: 0.072（推定実オッズ?18倍） / 2着集中度: 上位2艇 74.2%（補正+0.04） / 総合判定確率: 0.112 / → ヒモ分散。1号艇1着固定で広めのヒモ流し推奨（買い目+2点）', 'tenji_trigger': '展示確認: ヒモ分散レース。1号艇伸び確認後、広めのヒモ流しを採用。穴ヒモ（5・6号艇）を積極的に含める。'}",,,27.8,逃げ狙い,10.87,33.6,2,,,,,,,,,,,
2025-12-23,丸亀,4,1,大西　賢,B1,27.40,1,◎,40.1942,,0,64.7,0.1702,3.1765,,,0,低,150,0,逃0%,56,0,48,0.8231,0.3478,,,,,0.1722,0.1722,0.2591,○,,C,,,,0.549,,0.3398,D,26,1,大荒れ。見送り推奨,0.5777,"{'is_target': False, 'verdict': '対象外', 'max_combo_prob': None, 'est_top_odds': None, 'circle_concentration': None, 'eligible_count': 0, 'bet_adj': 0, 'reason': '1号艇rel_win1 < 45%: 通常判定に委ねる', 'tenji_trigger': ''}",,,32.4,両建て推奨,23.67,35.7,2,,,,,0,0,0.6155,0,,主役軸流し,B
2025-12-23,丸亀,4,2,葛原大陽,A1,32.81,2,○,26.6706,47.8,52,79.7,0.159,3.1949,,,0,低,92,0,差1%,3,0,58.5,1.2526,0,0.2222,0.1111,0,0,0.1832,0.0316,0.1937,,◎,C,○,,0.4864,0.645,,0.3398,D,26,1,大荒れ。見送り推奨,0.5777,"{'is_target': False, 'verdict': '対象外', 'max_combo_prob': None, 'est_top_odds': None, 'circle_concentration': None, 'eligible_count': 0, 'bet_adj': 0, 'reason': '1号艇rel_win1 < 45%: 通常判定に委ねる', 'tenji_trigger': ''}",,,32.4,両建て推奨,23.67,35.7,2,,,,,,,,,,,
2025-12-23,丸亀,4,3,西田和加,B2,21.21,3,,10.7405,16.9,75,12.5,0.1725,4.375,,,0,低,88,1,-,6,0,20.6,0.6669,,,,,,0.4,0.4,0.2,,,E,,,0.3208,0.431,,0.3398,D,26,1,大荒れ。見送り推奨,0.5777,"{'is_target': False, 'verdict': '対象外', 'max_combo_prob': None, 'est_top_odds': None, 'circle_concentration': None, 'eligible_count': 0, 'bet_adj': 0, 'reason': '1号艇rel_win1 < 45%: 通常判定に委ねる', 'tenji_trigger': ''}",,,32.4,両建て推奨,23.67,35.7,2,,,,,,,,,,,
2025-12-23,丸亀,4,4,谷口知優,B1,32.88,4,△,10.3528,17,55,38.8,0.1724,3.7347,,,0,低,83,0,差0%,1,0,100,2.2896,0,0.1053,0,0,0,0,0.3481,0.1039,,,B,△,○,0.3104,0.6165,0.233,0.3398,D,26,1,大荒れ。見送り推奨,0.5777,"{'is_target': False, 'verdict': '対象外', 'max_combo_prob': None, 'est_top_odds': None, 'circle_concentration': None, 'eligible_count': 0, 'bet_adj': 0, 'reason': '1号艇rel_win1 < 45%: 通常判定に委ねる', 'tenji_trigger': ''}",,,32.4,両建て推奨,23.67,35.7,2,,,,,,,,,,,
2025-12-23,丸亀,4,5,富永修一,A2,23.08,5,,7.1527,10.8,86,47.4,0.1442,3.2368,,,0,低,92,0,-,31,0,56.5,1.1805,0,0,0,0.037,0,0.1257,0.1257,0.1124,,,D,◎,◎,0.3899,0.6455,0.3571,0.3398,D,26,1,大荒れ。見送り推奨,0.5777,"{'is_target': False, 'verdict': '対象外', 'max_combo_prob': None, 'est_top_odds': None, 'circle_concentration': None, 'eligible_count': 0, 'bet_adj': 0, 'reason': '1号艇rel_win1 < 45%: 通常判定に委ねる', 'tenji_trigger': ''}",,,32.4,両建て推奨,23.67,35.7,2,,,,,,,,,,,
2025-12-23,丸亀,4,6,村松修二,A2,34.33,6,▲,4.8891,7.5,100,50,0.1723,3.4327,,,0,低,81,0,-,23,0,43.5,1.005,0,0,0.0455,0,0,0.0308,0.0308,0.3341,,,B,△,,0.3075,0.596,,0.3398,D,26,1,大荒れ。見送り推奨,0.5777,"{'is_target': False, 'verdict': '対象外', 'max_combo_prob': None, 'est_top_odds': None, 'circle_concentration': None, 'eligible_count': 0, 'bet_adj': 0, 'reason': '1号艇rel_win1 < 45%: 通常判定に委ねる', 'tenji_trigger': ''}",,,32.4,両建て推奨,23.67,35.7,2,,,,,,,,,,,
2025-12-23,丸亀,5,1,角山雄哉,B1,40.58,1,◎,50.4029,,0,79.1,0.154,2.7674,,,0,低,95,0,逃0%,55,0,51.4,0.8565,0.4583,,,,,0.2833,0.0333,0.05,◎,,A,,,,0.568,,0.4721,A,71,0,◎-○軸 3着3〜4艇流し（10〜15点）,0.5777,"{'is_target': True, 'verdict': '参加推奨', 'max_combo_prob': 0.06, 'est_top_odds': 22.2, 'circle_concentration': 61.7, 'eligible_count': 8, 'bet_adj': 2, 'reason': 'rel_win1=50.4%（本命度） / 最有力組み合わせ確率: 0.060（推定実オッズ?22倍） / 2着集中度: 上位2艇 61.7%（補正+0.00） / 総合判定確率: 0.060 / → ヒモ分散。1号艇1着固定で広めのヒモ流し推奨（買い目+2点）', 'tenji_trigger': '展示確認: ヒモ分散レース。1号艇伸び確認後、広めのヒモ流しを採用。穴ヒモ（5・6号艇）を積極的に含める。'}",,,28.5,逃げ狙い,13.49,33.4,5,,,,,0,0,0.7559,0,,逃げ軸流し,A
2025-12-23,丸亀,5,2,三品隆浩,B1,39.06,2,▲,8.2044,34.5,70,48.4,0.1876,4.0323,,,0,低,181,0,-,5,0,100,0.8203,0,0.0333,0,0,0,0.2881,0.2714,0.119,,,B,△,,0.0982,0.59,,0.4721,A,71,0,◎-○軸 3着3〜4艇流し（10〜15点）,0.5777,"{'is_target': True, 'verdict': '参加推奨', 'max_combo_prob': 0.06, 'est_top_odds': 22.2, 'circle_concentration': 61.7, 'eligible_count': 8, 'bet_adj': 2, 'reason': 'rel_win1=50.4%（本命度） / 最有力組み合わせ確率: 0.060（推定実オッズ?22倍） / 2着集中度: 上位2艇 61.7%（補正+0.00） / 総合判定確率: 0.060 / → ヒモ分散。1号艇1着固定で広めのヒモ流し推奨（買い目+2点）', 'tenji_trigger': '展示確認: ヒモ分散レース。1号艇伸び確認後、広めのヒモ流しを採用。穴ヒモ（5・6号艇）を積極的に含める。'}",,,28.5,逃げ狙い,13.49,33.4,5,,,,,,,,,,,
2025-12-23,丸亀,5,3,品田直樹,B1,20.69,3,,12.8295,27.1,67,60.3,0.1605,3.3082,,,0,低,201,0,差0% ま0% 抜0%,51,0,47.7,1.1792,0,0.0278,0.0833,0,0.0278,0.1167,0.119,0.1357,,,E,◎,,0.2819,0.656,,0.4721,A,71,0,◎-○軸 3着3〜4艇流し（10〜15点）,0.5777,"{'is_target': True, 'verdict': '参加推奨', 'max_combo_prob': 0.06, 'est_top_odds': 22.2, 'circle_concentration': 61.7, 'eligible_count': 8, 'bet_adj': 2, 'reason': 'rel_win1=50.4%（本命度） / 最有力組み合わせ確率: 0.060（推定実オッズ?22倍） / 2着集中度: 上位2艇 61.7%（補正+0.00） / 総合判定確率: 0.060 / → ヒモ分散。1号艇1着固定で広めのヒモ流し推奨（買い目+2点）', 'tenji_trigger': '展示確認: ヒモ分散レース。1号艇伸び確認後、広めのヒモ流しを採用。穴ヒモ（5・6号艇）を積極的に含める。'}",,,28.5,逃げ狙い,13.49,33.4,5,,,,,,,,,,,
2025-12-23,丸亀,5,4,登みひ果,B1,24.59,4,,9.5364,12.1,54,35.3,0.1735,3.0441,,,0,低,78,0,ま0%,12,0,37.6,0.8851,0,0,0.0667,0,0,0.2143,0.6429,0,,,D,,,0.2229,0.508,,0.4721,A,71,0,◎-○軸 3着3〜4艇流し（10〜15点）,0.5777,"{'is_target': True, 'verdict': '参加推奨', 'max_combo_prob': 0.06, 'est_top_odds': 22.2, 'circle_concentration': 61.7, 'eligible_count': 8, 'bet_adj': 2, 'reason': 'rel_win1=50.4%（本命度） / 最有力組み合わせ確率: 0.060（推定実オッズ?22倍） / 2着集中度: 上位2艇 61.7%（補正+0.00） / 総合判定確率: 0.060 / → ヒモ分散。1号艇1着固定で広めのヒモ流し推奨（買い目+2点）', 'tenji_trigger': '展示確認: ヒモ分散レース。1号艇伸び確認後、広めのヒモ流しを採用。穴ヒモ（5・6号艇）を積極的に含める。'}",,,28.5,逃げ狙い,13.49,33.4,5,,,,,,,,,,,
2025-12-23,丸亀,5,5,平田忠則,A1,33.87,5,○,14.6159,20.3,100,70.8,0.151,3.2292,,,0,低,74,0,差ま0% 抜0%,42,0,25.9,2.1874,0,0,0,0.1053,0.0526,0.1148,0.1889,0.0148,,,C,△,◎,0.3132,0.603,0.3956,0.4721,A,71,0,◎-○軸 3着3〜4艇流し（10〜15点）,0.5777,"{'is_target': True, 'verdict': '参加推奨', 'max_combo_prob': 0.06, 'est_top_odds': 22.2, 'circle_concentration': 61.7, 'eligible_count': 8, 'bet_adj': 2, 'reason': 'rel_win1=50.4%（本命度） / 最有力組み合わせ確率: 0.060（推定実オッズ?22倍） / 2着集中度: 上位2艇 61.7%（補正+0.00） / 総合判定確率: 0.060 / → ヒモ分散。1号艇1着固定で広めのヒモ流し推奨（買い目+2点）', 'tenji_trigger': '展示確認: ヒモ分散レース。1号艇伸び確認後、広めのヒモ流しを採用。穴ヒモ（5・6号艇）を積極的に含める。'}",,,28.5,逃げ狙い,13.49,33.4,5,,,,,,,,,,,
2025-12-23,丸亀,5,6,西野雄貴,A2,29.69,6,△,4.411,5.9,69,46.3,0.1593,3.2073,,,0,低,50,0,-,1,0,23.8,0.6261,,,,,,0.0435,0.0435,0.0435,,,D,○,,0.2998,0.652,,0.4721,A,71,0,◎-○軸 3着3〜4艇流し（10〜15点）,0.5777,"{'is_target': True, 'verdict': '参加推奨', 'max_combo_prob': 0.06, 'est_top_odds': 22.2, 'circle_concentration': 61.7, 'eligible_count': 8, 'bet_adj': 2, 'reason': 'rel_win1=50.4%（本命度） / 最有力組み合わせ確率: 0.060（推定実オッズ?22倍） / 2着集中度: 上位2艇 61.7%（補正+0.00） / 総合判定確率: 0.060 / → ヒモ分散。1号艇1着固定で広めのヒモ流し推奨（買い目+2点）', 'tenji_trigger': '展示確認: ヒモ分散レース。1号艇伸び確認後、広めのヒモ流しを採用。穴ヒモ（5・6号艇）を積極的に含める。'}",,,28.5,逃げ狙い,13.49,33.4,5,,,,,,,,,,,
2025-12-23,丸亀,6,1,岸本　隆,A2,23.44,1,◎,59.9775,,0,82.7,0.139,2.7308,,,0,低,91,0,逃1%,6,0,91.8,1.2259,0.5,,,,,0.0769,0.1538,0.1923,◎,,D,△,,,0.6225,,0.5317,S,80,0,◎1着固定 2-3着流し（5〜8点）,0.5777,"{'is_target': True, 'verdict': '参加推奨', 'max_combo_prob': 0.1075, 'est_top_odds': 12.4, 'circle_concentration': 61.0, 'eligible_count': 6, 'bet_adj': 2, 'reason': 'rel_win1=60.0%（本命度） / 最有力組み合わせ確率: 0.107（推定実オッズ?12倍） / 2着集中度: 上位2艇 61.0%（補正+0.00） / 総合判定確率: 0.107 / → ヒモ分散。1号艇1着固定で広めのヒモ流し推奨（買い目+2点）', 'tenji_trigger': '展示確認: ヒモ分散レース。1号艇伸び確認後、広めのヒモ流しを採用。穴ヒモ（5・6号艇）を積極的に含める。\n展示で1号艇スタート超安定(0.139秒)→ヒモ固まり方向に注意'}",,,21.6,逃げ狙い,11.75,29.5,3,,,,,0,0,0.7559,0,,逃げ軸流し,A
2025-12-23,丸亀,6,2,西原明生,B1,28.38,2,,8.6247,17.3,95,39.7,0.1997,4.6164,,,0,低,192,0,-,4,0,55.8,0.7584,,,,,,0.2571,0.2571,0.2762,,,C,○,,0.089,0.641,,0.5317,S,80,0,◎1着固定 2-3着流し（5〜8点）,0.5777,"{'is_target': True, 'verdict': '参加推奨', 'max_combo_prob': 0.1075, 'est_top_odds': 12.4, 'circle_concentration': 61.0, 'eligible_count': 6, 'bet_adj': 2, 'reason': 'rel_win1=60.0%（本命度） / 最有力組み合わせ確率: 0.107（推定実オッズ?12倍） / 2着集中度: 上位2艇 61.0%（補正+0.00） / 総合判定確率: 0.107 / → ヒモ分散。1号艇1着固定で広めのヒモ流し推奨（買い目+2点）', 'tenji_trigger': '展示確認: ヒモ分散レース。1号艇伸び確認後、広めのヒモ流しを採用。穴ヒモ（5・6号艇）を積極的に含める。\n展示で1号艇スタート超安定(0.139秒)→ヒモ固まり方向に注意'}",,,21.6,逃げ狙い,11.75,29.5,3,,,,,,,,,,,
2025-12-23,丸亀,6,3,篠原飛翔,A2,20.97,3,,12.7371,43.8,100,65.8,0.1695,3.439,,,0,低,97,0,ま0% 差ま0%,3,0,57.1,1.2521,0,0,0.0556,0.1111,0,0.0808,0.1423,0.0462,,,E,,,0.1684,0.603,,0.5317,S,80,0,◎1着固定 2-3着流し（5〜8点）,0.5777,"{'is_target': True, 'verdict': '参加推奨', 'max_combo_prob': 0.1075, 'est_top_odds': 12.4, 'circle_concentration': 61.0, 'eligible_count': 6, 'bet_adj': 2, 'reason': 'rel_win1=60.0%（本命度） / 最有力組み合わせ確率: 0.107（推定実オッズ?12倍） / 2着集中度: 上位2艇 61.0%（補正+0.00） / 総合判定確率: 0.107 / → ヒモ分散。1号艇1着固定で広めのヒモ流し推奨（買い目+2点）', 'tenji_trigger': '展示確認: ヒモ分散レース。1号艇伸び確認後、広めのヒモ流しを採用。穴ヒモ（5・6号艇）を積極的に含める。\n展示で1号艇スタート超安定(0.139秒)→ヒモ固まり方向に注意'}",,,21.6,逃げ狙い,11.75,29.5,3,,,,,,,,,,,
2025-12-23,丸亀,6,4,山崎義明,B1,25.81,4,▲,8.7163,16.8,68,44.8,0.1376,2.791,,,0,低,95,0,差ま0%,35,0,26.5,0.6068,0,0,0.0417,0.0833,0,0.0833,0.3571,0.2714,,,D,△,◎,0.3234,0.6385,0.3339,0.5317,S,80,0,◎1着固定 2-3着流し（5〜8点）,0.5777,"{'is_target': True, 'verdict': '参加推奨', 'max_combo_prob': 0.1075, 'est_top_odds': 12.4, 'circle_concentration': 61.0, 'eligible_count': 6, 'bet_adj': 2, 'reason': 'rel_win1=60.0%（本命度） / 最有力組み合わせ確率: 0.107（推定実オッズ?12倍） / 2着集中度: 上位2艇 61.0%（補正+0.00） / 総合判定確率: 0.107 / → ヒモ分散。1号艇1着固定で広めのヒモ流し推奨（買い目+2点）', 'tenji_trigger': '展示確認: ヒモ分散レース。1号艇伸び確認後、広めのヒモ流しを採用。穴ヒモ（5・6号艇）を積極的に含める。\n展示で1号艇スタート超安定(0.139秒)→ヒモ固まり方向に注意'}",,,21.6,逃げ狙い,11.75,29.5,3,,,,,,,,,,,
2025-12-23,丸亀,6,5,松尾怜実,B2,28.79,5,△,5.4078,8.7,39,10.5,0.1584,3.3158,,,0,低,40,0,-,5,0,24.6,1.0705,,,,,,0.3333,0,0.3333,,,C,,,0.2734,0.599,,0.5317,S,80,0,◎1着固定 2-3着流し（5〜8点）,0.5777,"{'is_target': True, 'verdict': '参加推奨', 'max_combo_prob': 0.1075, 'est_top_odds': 12.4, 'circle_concentration': 61.0, 'eligible_count': 6, 'bet_adj': 2, 'reason': 'rel_win1=60.0%（本命度） / 最有力組み合わせ確率: 0.107（推定実オッズ?12倍） / 2着集中度: 上位2艇 61.0%（補正+0.00） / 総合判定確率: 0.107 / → ヒモ分散。1号艇1着固定で広めのヒモ流し推奨（買い目+2点）', 'tenji_trigger': '展示確認: ヒモ分散レース。1号艇伸び確認後、広めのヒモ流しを採用。穴ヒモ（5・6号艇）を積極的に含める。\n展示で1号艇スタート超安定(0.139秒)→ヒモ固まり方向に注意'}",,,21.6,逃げ狙い,11.75,29.5,3,,,,,,,,,,,
2025-12-23,丸亀,6,6,河野　大,A1,31.94,6,○,4.5366,13.5,30,38.2,0.1484,3.1273,,,0,低,88,0,ま0%,25,0,22.9,0.4631,0,0,0.0323,0,0,0.1143,0.0381,0.0286,,,B,◎,,0.2735,0.6455,,0.5317,S,80,0,◎1着固定 2-3着流し（5〜8点）,0.5777,"{'is_target': True, 'verdict': '参加推奨', 'max_combo_prob': 0.1075, 'est_top_odds': 12.4, 'circle_concentration': 61.0, 'eligible_count': 6, 'bet_adj': 2, 'reason': 'rel_win1=60.0%（本命度） / 最有力組み合わせ確率: 0.107（推定実オッズ?12倍） / 2着集中度: 上位2艇 61.0%（補正+0.00） / 総合判定確率: 0.107 / → ヒモ分散。1号艇1着固定で広めのヒモ流し推奨（買い目+2点）', 'tenji_trigger': '展示確認: ヒモ分散レース。1号艇伸び確認後、広めのヒモ流しを採用。穴ヒモ（5・6号艇）を積極的に含める。\n展示で1号艇スタート超安定(0.139秒)→ヒモ固まり方向に注意'}",,,21.6,逃げ狙い,11.75,29.5,3,,,,,,,,,,,
2025-12-23,丸亀,7,1,田中宏樹,B1,17.65,1,◎,49.1856,,0,82.2,0.1682,3.4,,,0,低,128,0,逃0%,12,0,81.3,1.1728,0.45,,,,,0.2,0.02,0.18,○,,D,,,,0.6195,,0.3454,A,65,0,◎-○軸 3着3〜4艇流し（10〜15点）,0.5777,"{'is_target': True, 'verdict': '参加推奨', 'max_combo_prob': 0.0626, 'est_top_odds': 21.3, 'circle_concentration': 67.7, 'eligible_count': 8, 'bet_adj': 2, 'reason': 'rel_win1=49.2%（本命度） / 最有力組み合わせ確率: 0.063（推定実オッズ?21倍） / 2着集中度: 上位2艇 67.7%（補正+0.00） / 総合判定確率: 0.063 / → ヒモ分散。1号艇1着固定で広めのヒモ流し推奨（買い目+2点）', 'tenji_trigger': '展示確認: ヒモ分散レース。1号艇伸び確認後、広めのヒモ流しを採用。穴ヒモ（5・6号艇）を積極的に含める。'}",,,34.2,逃げ狙い,18.01,31.4,2,,,,,0,0,0.6155,0,,逃げ軸流し,A
2025-12-23,丸亀,7,2,池永　太,A1,13.56,2,▲,22.816,44.7,72,76.3,0.1303,2.6053,,,0,低,54,0,差0% ま0% 抜0%,14,0,61.9,1.3262,0,0.0952,0.1429,0,0.0476,0.0541,0.0811,0,,◎,E,◎,,0.5775,0.6845,,0.3454,A,65,0,◎-○軸 3着3〜4艇流し（10〜15点）,0.5777,"{'is_target': True, 'verdict': '参加推奨', 'max_combo_prob': 0.0626, 'est_top_odds': 21.3, 'circle_concentration': 67.7, 'eligible_count': 8, 'bet_adj': 2, 'reason': 'rel_win1=49.2%（本命度） / 最有力組み合わせ確率: 0.063（推定実オッズ?21倍） / 2着集中度: 上位2艇 67.7%（補正+0.00） / 総合判定確率: 0.063 / → ヒモ分散。1号艇1着固定で広めのヒモ流し推奨（買い目+2点）', 'tenji_trigger': '展示確認: ヒモ分散レース。1号艇伸び確認後、広めのヒモ流しを採用。穴ヒモ（5・6号艇）を積極的に含める。'}",,,34.2,逃げ狙い,18.01,31.4,2,,,,,,,,,,,
2025-12-23,丸亀,7,3,井川大作,B1,29.49,3,,8.1213,23,100,57.4,0.143,2.8852,,,0,低,89,0,ま0% 差ま0%,44,0,31,1.0338,0,0,0.0357,0.0714,0,0.3033,0.0933,0.2633,,○,C,,,0.4168,0.617,,0.3454,A,65,0,◎-○軸 3着3〜4艇流し（10〜15点）,0.5777,"{'is_target': True, 'verdict': '参加推奨', 'max_combo_prob': 0.0626, 'est_top_odds': 21.3, 'circle_concentration': 67.7, 'eligible_count': 8, 'bet_adj': 2, 'reason': 'rel_win1=49.2%（本命度） / 最有力組み合わせ確率: 0.063（推定実オッズ?21倍） / 2着集中度: 上位2艇 67.7%（補正+0.00） / 総合判定確率: 0.063 / → ヒモ分散。1号艇1着固定で広めのヒモ流し推奨（買い目+2点）', 'tenji_trigger': '展示確認: ヒモ分散レース。1号艇伸び確認後、広めのヒモ流しを採用。穴ヒモ（5・6号艇）を積極的に含める。'}",,,34.2,逃げ狙い,18.01,31.4,2,,,,,,,,,,,
2025-12-23,丸亀,7,4,福田雅一,A2,33.77,4,△,8.6731,16.3,74,43.4,0.1706,3.4245,,,0,低,91,0,ま0%,26,0,66.9,1.2643,0,0,0.08,0.04,0,0.2,0.1,0.2,,,B,○,,0.2884,0.66,,0.3454,A,65,0,◎-○軸 3着3〜4艇流し（10〜15点）,0.5777,"{'is_target': True, 'verdict': '参加推奨', 'max_combo_prob': 0.0626, 'est_top_odds': 21.3, 'circle_concentration': 67.7, 'eligible_count': 8, 'bet_adj': 2, 'reason': 'rel_win1=49.2%（本命度） / 最有力組み合わせ確率: 0.063（推定実オッズ?21倍） / 2着集中度: 上位2艇 67.7%（補正+0.00） / 総合判定確率: 0.063 / → ヒモ分散。1号艇1着固定で広めのヒモ流し推奨（買い目+2点）', 'tenji_trigger': '展示確認: ヒモ分散レース。1号艇伸び確認後、広めのヒモ流しを採用。穴ヒモ（5・6号艇）を積極的に含める。'}",,,34.2,逃げ狙い,18.01,31.4,2,,,,,,,,,,,
2025-12-23,丸亀,7,5,横川聖志,B1,30.99,5,○,5.5293,11.4,80,44.4,0.1325,2.7063,,,0,低,68,0,-,6,0,57.8,1.3693,0,0,0,0.0476,0,0.1131,0.019,0.0762,,,B,△,,0.3973,0.641,,0.3454,A,65,0,◎-○軸 3着3〜4艇流し（10〜15点）,0.5777,"{'is_target': True, 'verdict': '参加推奨', 'max_combo_prob': 0.0626, 'est_top_odds': 21.3, 'circle_concentration': 67.7, 'eligible_count': 8, 'bet_adj': 2, 'reason': 'rel_win1=49.2%（本命度） / 最有力組み合わせ確率: 0.063（推定実オッズ?21倍） / 2着集中度: 上位2艇 67.7%（補正+0.00） / 総合判定確率: 0.063 / → ヒモ分散。1号艇1着固定で広めのヒモ流し推奨（買い目+2点）', 'tenji_trigger': '展示確認: ヒモ分散レース。1号艇伸び確認後、広めのヒモ流しを採用。穴ヒモ（5・6号艇）を積極的に含める。'}",,,34.2,逃げ狙い,18.01,31.4,2,,,,,,,,,,,
2025-12-23,丸亀,7,6,戸塚邦好,A2,28.57,6,,5.6747,4.6,97,44.2,0.1558,3.4904,,,0,低,59,0,差ま0% 抜0%,41,0,92.4,1.8369,0,0,0,0.0556,0.0556,0.032,0.232,0.048,,,C,△,,0.3274,0.655,,0.3454,A,65,0,◎-○軸 3着3〜4艇流し（10〜15点）,0.5777,"{'is_target': True, 'verdict': '参加推奨', 'max_combo_prob': 0.0626, 'est_top_odds': 21.3, 'circle_concentration': 67.7, 'eligible_count': 8, 'bet_adj': 2, 'reason': 'rel_win1=49.2%（本命度） / 最有力組み合わせ確率: 0.063（推定実オッズ?21倍） / 2着集中度: 上位2艇 67.7%（補正+0.00） / 総合判定確率: 0.063 / → ヒモ分散。1号艇1着固定で広めのヒモ流し推奨（買い目+2点）', 'tenji_trigger': '展示確認: ヒモ分散レース。1号艇伸び確認後、広めのヒモ流しを採用。穴ヒモ（5・6号艇）を積極的に含める。'}",,,34.2,逃げ狙い,18.01,31.4,2,,,,,,,,,,,
2025-12-23,丸亀,8,1,竹下大樹,A1,28.57,1,◎,70.2392,,0,96.7,0.1513,3.0167,,,0,低,123,0,逃1%,6,0,85.6,1.0753,0.8846,,,,,0.0385,0.0385,0,◎,,C,△,,,0.6165,,0.5428,S,91,0,◎1着固定 2-3着流し（5〜8点）,0.5777,"{'is_target': True, 'verdict': '点数絞り', 'max_combo_prob': 0.1279, 'est_top_odds': 10.4, 'circle_concentration': 76.2, 'eligible_count': 6, 'bet_adj': 0, 'reason': 'rel_win1=70.2%（本命度） / 最有力組み合わせ確率: 0.128（推定実オッズ?10倍） / 2着集中度: 上位2艇 76.2%（補正+0.04） / 総合判定確率: 0.168 / → ヒモはやや固め。上位2艇以外を切ること', 'tenji_trigger': '展示確認: 1号艇伸び良→そのまま採用。悪→飛び組に差し替え。circle_pct上位2艇に絞り込むこと。'}",,,27.8,逃げ狙い,21.31,24.6,2,,,,,0,0,0.7559,0,,逃げ軸流し,A
2025-12-23,丸亀,8,2,村松修二,A2,34.33,2,○,14.8683,57.5,95,78.6,0.1371,2.8333,,,0,低,81,0,ま0%,23,0,71.5,1.266,0,0,0.1875,0,0,0.0308,0.0308,0.3341,,◎,B,,,0.4704,0.596,,0.5428,S,91,0,◎1着固定 2-3着流し（5〜8点）,0.5777,"{'is_target': True, 'verdict': '点数絞り', 'max_combo_prob': 0.1279, 'est_top_odds': 10.4, 'circle_concentration': 76.2, 'eligible_count': 6, 'bet_adj': 0, 'reason': 'rel_win1=70.2%（本命度） / 最有力組み合わせ確率: 0.128（推定実オッズ?10倍） / 2着集中度: 上位2艇 76.2%（補正+0.04） / 総合判定確率: 0.168 / → ヒモはやや固め。上位2艇以外を切ること', 'tenji_trigger': '展示確認: 1号艇伸び良→そのまま採用。悪→飛び組に差し替え。circle_pct上位2艇に絞り込むこと。'}",,,27.8,逃げ狙い,21.31,24.6,2,,,,,,,,,,,
2025-12-23,丸亀,8,3,樫葉次郎,B2,41.10,3,▲,5.0637,10.9,60,27.3,0.1664,3.5114,,,0,低,84,0,-,2,0,19.3,0.591,,,,,,0.275,0.25,0.3,,,A,△,,0.2343,0.6065,,0.5428,S,91,0,◎1着固定 2-3着流し（5〜8点）,0.5777,"{'is_target': True, 'verdict': '点数絞り', 'max_combo_prob': 0.1279, 'est_top_odds': 10.4, 'circle_concentration': 76.2, 'eligible_count': 6, 'bet_adj': 0, 'reason': 'rel_win1=70.2%（本命度） / 最有力組み合わせ確率: 0.128（推定実オッズ?10倍） / 2着集中度: 上位2艇 76.2%（補正+0.04） / 総合判定確率: 0.168 / → ヒモはやや固め。上位2艇以外を切ること', 'tenji_trigger': '展示確認: 1号艇伸び良→そのまま採用。悪→飛び組に差し替え。circle_pct上位2艇に絞り込むこと。'}",,,27.8,逃げ狙い,21.31,24.6,2,,,,,,,,,,,
2025-12-23,丸亀,8,4,香川素子,A2,18.18,4,,6.5296,18.6,67,47.6,0.1786,3.7738,,,0,低,92,0,-,23,0,58.4,0.9157,0,0.0625,0,0,0.0625,0.0182,0.0182,0.4273,,,E,,,0.1776,0.5835,,0.5428,S,91,0,◎1着固定 2-3着流し（5〜8点）,0.5777,"{'is_target': True, 'verdict': '点数絞り', 'max_combo_prob': 0.1279, 'est_top_odds': 10.4, 'circle_concentration': 76.2, 'eligible_count': 6, 'bet_adj': 0, 'reason': 'rel_win1=70.2%（本命度） / 最有力組み合わせ確率: 0.128（推定実オッズ?10倍） / 2着集中度: 上位2艇 76.2%（補正+0.04） / 総合判定確率: 0.168 / → ヒモはやや固め。上位2艇以外を切ること', 'tenji_trigger': '展示確認: 1号艇伸び良→そのまま採用。悪→飛び組に差し替え。circle_pct上位2艇に絞り込むこと。'}",,,27.8,逃げ狙い,21.31,24.6,2,,,,,,,,,,,
2025-12-23,丸亀,8,5,沖島広和,B1,23.44,5,,2.244,5.8,89,34.4,0.1908,4.3361,,,0,低,143,0,-,6,0,46.3,1.096,0,0,0,0.0357,0,0.2615,0.0308,0.1769,,,D,◎,,0.1565,0.637,,0.5428,S,91,0,◎1着固定 2-3着流し（5〜8点）,0.5777,"{'is_target': True, 'verdict': '点数絞り', 'max_combo_prob': 0.1279, 'est_top_odds': 10.4, 'circle_concentration': 76.2, 'eligible_count': 6, 'bet_adj': 0, 'reason': 'rel_win1=70.2%（本命度） / 最有力組み合わせ確率: 0.128（推定実オッズ?10倍） / 2着集中度: 上位2艇 76.2%（補正+0.04） / 総合判定確率: 0.168 / → ヒモはやや固め。上位2艇以外を切ること', 'tenji_trigger': '展示確認: 1号艇伸び良→そのまま採用。悪→飛び組に差し替え。circle_pct上位2艇に絞り込むこと。'}",,,27.8,逃げ狙い,21.31,24.6,2,,,,,,,,,,,
2025-12-23,丸亀,8,6,近藤雄一,B1,33.80,6,△,1.0552,7.1,100,37.5,0.195,4.1875,,,0,低,163,0,-,3,0,81.8,1.4975,,,,,,0.22,0.3114,0.0143,,,C,○,,0.1748,0.624,,0.5428,S,91,0,◎1着固定 2-3着流し（5〜8点）,0.5777,"{'is_target': True, 'verdict': '点数絞り', 'max_combo_prob': 0.1279, 'est_top_odds': 10.4, 'circle_concentration': 76.2, 'eligible_count': 6, 'bet_adj': 0, 'reason': 'rel_win1=70.2%（本命度） / 最有力組み合わせ確率: 0.128（推定実オッズ?10倍） / 2着集中度: 上位2艇 76.2%（補正+0.04） / 総合判定確率: 0.168 / → ヒモはやや固め。上位2艇以外を切ること', 'tenji_trigger': '展示確認: 1号艇伸び良→そのまま採用。悪→飛び組に差し替え。circle_pct上位2艇に絞り込むこと。'}",,,27.8,逃げ狙い,21.31,24.6,2,,,,,,,,,,,
2025-12-23,丸亀,9,1,富永修一,A2,23.08,1,◎,59.021,,0,88.1,0.1252,2.0655,,,0,低,92,0,逃0% 抜0%,31,0,79.4,0.9634,0.6667,,,,,0.1257,0.1257,0.1124,◎,,D,○,,,0.6455,,0.7407,A,71,0,◎-○軸 3着3〜4艇流し（10〜15点）,0.5777,"{'is_target': True, 'verdict': '参加推奨', 'max_combo_prob': 0.0779, 'est_top_odds': 17.1, 'circle_concentration': 68.6, 'eligible_count': 8, 'bet_adj': 2, 'reason': 'rel_win1=59.0%（本命度） / 最有力組み合わせ確率: 0.078（推定実オッズ?17倍） / 2着集中度: 上位2艇 68.6%（補正+0.00） / 総合判定確率: 0.078 / → ヒモ分散。1号艇1着固定で広めのヒモ流し推奨（買い目+2点）', 'tenji_trigger': '展示確認: ヒモ分散レース。1号艇伸び確認後、広めのヒモ流しを採用。穴ヒモ（5・6号艇）を積極的に含める。\n展示で1号艇スタート超安定(0.125秒)→ヒモ固まり方向に注意'}",,,28.9,逃げ狙い,19.52,29.4,3,,,,,0,0,0.7559,0,,逃げ軸流し,A
2025-12-23,丸亀,9,2,上村宏太,B1,28.99,2,▲,8.4924,33.9,85,37.2,0.1793,4.0233,,,0,低,125,0,-,1,0,77.2,0.6521,,,,,,0.2,0.3,0.3,,,B,,,0.0775,0.5525,,0.7407,A,71,0,◎-○軸 3着3〜4艇流し（10〜15点）,0.5777,"{'is_target': True, 'verdict': '参加推奨', 'max_combo_prob': 0.0779, 'est_top_odds': 17.1, 'circle_concentration': 68.6, 'eligible_count': 8, 'bet_adj': 2, 'reason': 'rel_win1=59.0%（本命度） / 最有力組み合わせ確率: 0.078（推定実オッズ?17倍） / 2着集中度: 上位2艇 68.6%（補正+0.00） / 総合判定確率: 0.078 / → ヒモ分散。1号艇1着固定で広めのヒモ流し推奨（買い目+2点）', 'tenji_trigger': '展示確認: ヒモ分散レース。1号艇伸び確認後、広めのヒモ流しを採用。穴ヒモ（5・6号艇）を積極的に含める。\n展示で1号艇スタート超安定(0.125秒)→ヒモ固まり方向に注意'}",,,28.9,逃げ狙い,19.52,29.4,3,,,,,,,,,,,
2025-12-23,丸亀,9,3,興津　藍,A1,31.25,3,○,17.1344,34.6,100,73.3,0.1689,3.4111,,,0,低,133,0,ま0% 差ま0% 抜0%,33,0,82,1.4788,0,0,0.15,0.05,0.05,0.1562,0.0343,0.179,,,B,△,,0.135,0.6195,,0.7407,A,71,0,◎-○軸 3着3〜4艇流し（10〜15点）,0.5777,"{'is_target': True, 'verdict': '参加推奨', 'max_combo_prob': 0.0779, 'est_top_odds': 17.1, 'circle_concentration': 68.6, 'eligible_count': 8, 'bet_adj': 2, 'reason': 'rel_win1=59.0%（本命度） / 最有力組み合わせ確率: 0.078（推定実オッズ?17倍） / 2着集中度: 上位2艇 68.6%（補正+0.00） / 総合判定確率: 0.078 / → ヒモ分散。1号艇1着固定で広めのヒモ流し推奨（買い目+2点）', 'tenji_trigger': '展示確認: ヒモ分散レース。1号艇伸び確認後、広めのヒモ流しを採用。穴ヒモ（5・6号艇）を積極的に含める。\n展示で1号艇スタート超安定(0.125秒)→ヒモ固まり方向に注意'}",,,28.9,逃げ狙い,19.52,29.4,3,,,,,,,,,,,
2025-12-23,丸亀,9,4,中里優子,B1,25.00,4,△,8.9309,22.4,50,38.5,0.1692,3.0769,,,0,低,61,0,ま0%,6,0,49.2,0.904,0,0,0.1111,0,0,0.05,0,0.25,,,D,△,,0.1344,0.621,,0.7407,A,71,0,◎-○軸 3着3〜4艇流し（10〜15点）,0.5777,"{'is_target': True, 'verdict': '参加推奨', 'max_combo_prob': 0.0779, 'est_top_odds': 17.1, 'circle_concentration': 68.6, 'eligible_count': 8, 'bet_adj': 2, 'reason': 'rel_win1=59.0%（本命度） / 最有力組み合わせ確率: 0.078（推定実オッズ?17倍） / 2着集中度: 上位2艇 68.6%（補正+0.00） / 総合判定確率: 0.078 / → ヒモ分散。1号艇1着固定で広めのヒモ流し推奨（買い目+2点）', 'tenji_trigger': '展示確認: ヒモ分散レース。1号艇伸び確認後、広めのヒモ流しを採用。穴ヒモ（5・6号艇）を積極的に含める。\n展示で1号艇スタート超安定(0.125秒)→ヒモ固まり方向に注意'}",,,28.9,逃げ狙い,19.52,29.4,3,,,,,,,,,,,
2025-12-23,丸亀,9,5,志道吉和,B1,20.29,5,,3.9949,4.4,54,16.7,0.176,3.875,,,0,低,116,0,差0%,6,0,32.6,0.6631,0,0.0667,0,0,0,0.0833,0.1667,0.4167,,,E,,,0.1236,0.566,,0.7407,A,71,0,◎-○軸 3着3〜4艇流し（10〜15点）,0.5777,"{'is_target': True, 'verdict': '参加推奨', 'max_combo_prob': 0.0779, 'est_top_odds': 17.1, 'circle_concentration': 68.6, 'eligible_count': 8, 'bet_adj': 2, 'reason': 'rel_win1=59.0%（本命度） / 最有力組み合わせ確率: 0.078（推定実オッズ?17倍） / 2着集中度: 上位2艇 68.6%（補正+0.00） / 総合判定確率: 0.078 / → ヒモ分散。1号艇1着固定で広めのヒモ流し推奨（買い目+2点）', 'tenji_trigger': '展示確認: ヒモ分散レース。1号艇伸び確認後、広めのヒモ流しを採用。穴ヒモ（5・6号艇）を積極的に含める。\n展示で1号艇スタート超安定(0.125秒)→ヒモ固まり方向に注意'}",,,28.9,逃げ狙い,19.52,29.4,3,,,,,,,,,,,
2025-12-23,丸亀,9,6,中岡正彦,A1,27.27,6,,2.4263,4.6,53,40,0.218,4.6,,,0,低,42,1,-,41,0,28.4,1.5356,,,,,,0.1103,0,0.0588,,,C,◎,,0.1382,0.649,,0.7407,A,71,0,◎-○軸 3着3〜4艇流し（10〜15点）,0.5777,"{'is_target': True, 'verdict': '参加推奨', 'max_combo_prob': 0.0779, 'est_top_odds': 17.1, 'circle_concentration': 68.6, 'eligible_count': 8, 'bet_adj': 2, 'reason': 'rel_win1=59.0%（本命度） / 最有力組み合わせ確率: 0.078（推定実オッズ?17倍） / 2着集中度: 上位2艇 68.6%（補正+0.00） / 総合判定確率: 0.078 / → ヒモ分散。1号艇1着固定で広めのヒモ流し推奨（買い目+2点）', 'tenji_trigger': '展示確認: ヒモ分散レース。1号艇伸び確認後、広めのヒモ流しを採用。穴ヒモ（5・6号艇）を積極的に含める。\n展示で1号艇スタート超安定(0.125秒)→ヒモ固まり方向に注意'}",,,28.9,逃げ狙い,19.52,29.4,3,,,,,,,,,,,
2025-12-23,丸亀,10,1,篠原飛翔,A2,20.97,1,◎,50.8976,,0,77.5,0.191,3.9625,,,0,低,97,0,逃0%,3,0,71.6,0.9966,0.4615,,,,,0.0808,0.1423,0.0462,△,,E,△,,,0.603,,0.2496,B,59,0,◎○△フォーメーション（15〜20点）,0.5777,"{'is_target': True, 'verdict': '点数絞り', 'max_combo_prob': 0.1129, 'est_top_odds': 11.8, 'circle_concentration': 80.7, 'eligible_count': 9, 'bet_adj': 0, 'reason': 'rel_win1=50.9%（本命度） / 最有力組み合わせ確率: 0.113（推定実オッズ?12倍） / 2着集中度: 上位2艇 80.7%（補正+0.04） / 総合判定確率: 0.153 / → ヒモはやや固め。上位2艇以外を切ること', 'tenji_trigger': '展示確認: 1号艇伸び良→そのまま採用。悪→飛び組に差し替え。circle_pct上位2艇に絞り込むこと。\n展示で1号艇スタート遅め(0.191秒)確認→ヒモが荒れやすい'}",,,29.5,両建て推奨,19.95,30.7,3,2-1-3|1-2-3|1-2-4|1-3-2|1-3-4|1-4-2,2-1-3|6-1-3|5-1-6|6-3-1|5-6-1|5-1-3|6-1-4|1-2-3|1-2-4|1-3-2|1-3-4|1-4-2,2-1-3:4.13%|1-2-3:9.07%|1-2-4:7.26%|1-3-2:6.2%|1-3-4:4.32%|1-4-2:4.08%,2-1-3:B_main|1-2-3:A|1-2-4:A|1-3-2:A|1-3-4:A|1-4-2:A,6,12,0.4535,1,[!]見送り推奨（主役決まり手「差し」― 逃げ劣勢レースで的中実績なし）,荒れ広め,D
2025-12-23,丸亀,10,2,永田啓二,A1,36.11,2,○,17.0771,56.1,64,71.4,0.1271,2.7411,,,0,低,50,0,差1%,52,0,85,0.7017,0,0.2174,0.0435,0,0,0.2783,0.0089,0.0267,,◎,B,◎,,0.6097,0.688,,0.2496,B,59,0,◎○△フォーメーション（15〜20点）,0.5777,"{'is_target': True, 'verdict': '点数絞り', 'max_combo_prob': 0.1129, 'est_top_odds': 11.8, 'circle_concentration': 80.7, 'eligible_count': 9, 'bet_adj': 0, 'reason': 'rel_win1=50.9%（本命度） / 最有力組み合わせ確率: 0.113（推定実オッズ?12倍） / 2着集中度: 上位2艇 80.7%（補正+0.04） / 総合判定確率: 0.153 / → ヒモはやや固め。上位2艇以外を切ること', 'tenji_trigger': '展示確認: 1号艇伸び良→そのまま採用。悪→飛び組に差し替え。circle_pct上位2艇に絞り込むこと。\n展示で1号艇スタート遅め(0.191秒)確認→ヒモが荒れやすい'}",,,29.5,両建て推奨,19.95,30.7,3,,,,,,,,,,,
2025-12-23,丸亀,10,3,烏野賢太,A1,32.31,3,△,20.7882,24.6,100,71.9,0.1581,3.6094,,,0,低,135,0,-,35,0,33.2,0.8235,0,0,0.0526,0.1053,0,0.1153,0.145,0,,○,C,○,,0.4795,0.663,,0.2496,B,59,0,◎○△フォーメーション（15〜20点）,0.5777,"{'is_target': True, 'verdict': '点数絞り', 'max_combo_prob': 0.1129, 'est_top_odds': 11.8, 'circle_concentration': 80.7, 'eligible_count': 9, 'bet_adj': 0, 'reason': 'rel_win1=50.9%（本命度） / 最有力組み合わせ確率: 0.113（推定実オッズ?12倍） / 2着集中度: 上位2艇 80.7%（補正+0.04） / 総合判定確率: 0.153 / → ヒモはやや固め。上位2艇以外を切ること', 'tenji_trigger': '展示確認: 1号艇伸び良→そのまま採用。悪→飛び組に差し替え。circle_pct上位2艇に絞り込むこと。\n展示で1号艇スタート遅め(0.191秒)確認→ヒモが荒れやすい'}",,,29.5,両建て推奨,19.95,30.7,3,,,,,,,,,,,
2025-12-23,丸亀,10,4,三品隆浩,B1,39.06,4,▲,7.5337,14.1,61,41.7,0.1867,4,,,0,低,181,0,ま0%,5,0,39.2,0.8802,0,0,0.0417,0,0,0.2881,0.2714,0.119,,,A,,,0.3226,0.59,,0.2496,B,59,0,◎○△フォーメーション（15〜20点）,0.5777,"{'is_target': True, 'verdict': '点数絞り', 'max_combo_prob': 0.1129, 'est_top_odds': 11.8, 'circle_concentration': 80.7, 'eligible_count': 9, 'bet_adj': 0, 'reason': 'rel_win1=50.9%（本命度） / 最有力組み合わせ確率: 0.113（推定実オッズ?12倍） / 2着集中度: 上位2艇 80.7%（補正+0.04） / 総合判定確率: 0.153 / → ヒモはやや固め。上位2艇以外を切ること', 'tenji_trigger': '展示確認: 1号艇伸び良→そのまま採用。悪→飛び組に差し替え。circle_pct上位2艇に絞り込むこと。\n展示で1号艇スタート遅め(0.191秒)確認→ヒモが荒れやすい'}",,,29.5,両建て推奨,19.95,30.7,3,,,,,,,,,,,
2025-12-23,丸亀,10,5,西田和加,B2,21.21,5,,2.5394,3.5,33,0,0.1986,3.8929,,,0,低,88,0,-,6,0,23.1,0.6331,,,,,,0.4,0.4,0.2,,,E,,,0.3105,0.431,,0.2496,B,59,0,◎○△フォーメーション（15〜20点）,0.5777,"{'is_target': True, 'verdict': '点数絞り', 'max_combo_prob': 0.1129, 'est_top_odds': 11.8, 'circle_concentration': 80.7, 'eligible_count': 9, 'bet_adj': 0, 'reason': 'rel_win1=50.9%（本命度） / 最有力組み合わせ確率: 0.113（推定実オッズ?12倍） / 2着集中度: 上位2艇 80.7%（補正+0.04） / 総合判定確率: 0.153 / → ヒモはやや固め。上位2艇以外を切ること', 'tenji_trigger': '展示確認: 1号艇伸び良→そのまま採用。悪→飛び組に差し替え。circle_pct上位2艇に絞り込むこと。\n展示で1号艇スタート遅め(0.191秒)確認→ヒモが荒れやすい'}",,,29.5,両建て推奨,19.95,30.7,3,,,,,,,,,,,
2025-12-23,丸亀,10,6,嶋　義信,A2,33.33,6,,1.1639,1.7,59,24.6,0.191,4.3361,,,0,低,90,0,-,34,0,27.8,1.5369,,,,,,0.125,0.15,0.1875,,,C,△,,0.3313,0.632,,0.2496,B,59,0,◎○△フォーメーション（15〜20点）,0.5777,"{'is_target': True, 'verdict': '点数絞り', 'max_combo_prob': 0.1129, 'est_top_odds': 11.8, 'circle_concentration': 80.7, 'eligible_count': 9, 'bet_adj': 0, 'reason': 'rel_win1=50.9%（本命度） / 最有力組み合わせ確率: 0.113（推定実オッズ?12倍） / 2着集中度: 上位2艇 80.7%（補正+0.04） / 総合判定確率: 0.153 / → ヒモはやや固め。上位2艇以外を切ること', 'tenji_trigger': '展示確認: 1号艇伸び良→そのまま採用。悪→飛び組に差し替え。circle_pct上位2艇に絞り込むこと。\n展示で1号艇スタート遅め(0.191秒)確認→ヒモが荒れやすい'}",,,29.5,両建て推奨,19.95,30.7,3,,,,,,,,,,,
2025-12-23,丸亀,11,1,平田忠則,A1,33.87,1,◎,56.9767,,0,91.5,0.1286,2.5211,,,0,低,74,0,逃1%,42,0,92.1,1.2331,0.7037,,,,,0.1148,0.1889,0.0148,◎,,B,,,,0.603,,0.5812,A,77,0,◎-○軸 3着3〜4艇流し（10〜15点）,0.5777,"{'is_target': True, 'verdict': '参加推奨', 'max_combo_prob': 0.0864, 'est_top_odds': 15.4, 'circle_concentration': 68.5, 'eligible_count': 8, 'bet_adj': 2, 'reason': 'rel_win1=57.0%（本命度） / 最有力組み合わせ確率: 0.086（推定実オッズ?15倍） / 2着集中度: 上位2艇 68.5%（補正+0.00） / 総合判定確率: 0.086 / → ヒモ分散。1号艇1着固定で広めのヒモ流し推奨（買い目+2点）', 'tenji_trigger': '展示確認: ヒモ分散レース。1号艇伸び確認後、広めのヒモ流しを採用。穴ヒモ（5・6号艇）を積極的に含める。\n展示で1号艇スタート超安定(0.129秒)→ヒモ固まり方向に注意'}",,,29.9,逃げ狙い,22.88,29.2,4,,,,,0,0,0.7559,0,,逃げ軸流し,A
2025-12-23,丸亀,11,2,谷津幸宏,A1,45.07,2,○,15.9092,31.2,99,68.1,0.117,2.5942,,,0,低,52,0,ま0%,26,0,40.3,0.9333,0,0.0323,0.1613,0,0,0.0476,0.0714,0.119,,◎,A,○,,0.44,0.6535,,0.5812,A,77,0,◎-○軸 3着3〜4艇流し（10〜15点）,0.5777,"{'is_target': True, 'verdict': '参加推奨', 'max_combo_prob': 0.0864, 'est_top_odds': 15.4, 'circle_concentration': 68.5, 'eligible_count': 8, 'bet_adj': 2, 'reason': 'rel_win1=57.0%（本命度） / 最有力組み合わせ確率: 0.086（推定実オッズ?15倍） / 2着集中度: 上位2艇 68.5%（補正+0.00） / 総合判定確率: 0.086 / → ヒモ分散。1号艇1着固定で広めのヒモ流し推奨（買い目+2点）', 'tenji_trigger': '展示確認: ヒモ分散レース。1号艇伸び確認後、広めのヒモ流しを採用。穴ヒモ（5・6号艇）を積極的に含める。\n展示で1号艇スタート超安定(0.129秒)→ヒモ固まり方向に注意'}",,,29.9,逃げ狙い,22.88,29.2,4,,,,,,,,,,,
2025-12-23,丸亀,11,3,葛原大陽,A1,32.81,3,▲,11.2595,37.4,100,84.2,0.1488,2.8509,,,0,低,92,0,差0% 差ま0%,3,0,62.5,1.4337,0,0.0333,0,0.1667,0,0.1832,0.0316,0.1937,,,C,△,,0.2148,0.645,,0.5812,A,77,0,◎-○軸 3着3〜4艇流し（10〜15点）,0.5777,"{'is_target': True, 'verdict': '参加推奨', 'max_combo_prob': 0.0864, 'est_top_odds': 15.4, 'circle_concentration': 68.5, 'eligible_count': 8, 'bet_adj': 2, 'reason': 'rel_win1=57.0%（本命度） / 最有力組み合わせ確率: 0.086（推定実オッズ?15倍） / 2着集中度: 上位2艇 68.5%（補正+0.00） / 総合判定確率: 0.086 / → ヒモ分散。1号艇1着固定で広めのヒモ流し推奨（買い目+2点）', 'tenji_trigger': '展示確認: ヒモ分散レース。1号艇伸び確認後、広めのヒモ流しを採用。穴ヒモ（5・6号艇）を積極的に含める。\n展示で1号艇スタート超安定(0.129秒)→ヒモ固まり方向に注意'}",,,29.9,逃げ狙い,22.88,29.2,4,,,,,,,,,,,
2025-12-23,丸亀,11,4,戸塚邦好,A2,28.57,4,△,9.9685,18.1,89,72.7,0.1198,2.2727,,,0,低,59,0,ま0%,41,0,71.3,1.4155,0,0,0.1739,0,0,0.032,0.232,0.048,,,D,◎,◎,0.3592,0.655,0.379,0.5812,A,77,0,◎-○軸 3着3〜4艇流し（10〜15点）,0.5777,"{'is_target': True, 'verdict': '参加推奨', 'max_combo_prob': 0.0864, 'est_top_odds': 15.4, 'circle_concentration': 68.5, 'eligible_count': 8, 'bet_adj': 2, 'reason': 'rel_win1=57.0%（本命度） / 最有力組み合わせ確率: 0.086（推定実オッズ?15倍） / 2着集中度: 上位2艇 68.5%（補正+0.00） / 総合判定確率: 0.086 / → ヒモ分散。1号艇1着固定で広めのヒモ流し推奨（買い目+2点）', 'tenji_trigger': '展示確認: ヒモ分散レース。1号艇伸び確認後、広めのヒモ流しを採用。穴ヒモ（5・6号艇）を積極的に含める。\n展示で1号艇スタート超安定(0.129秒)→ヒモ固まり方向に注意'}",,,29.9,逃げ狙い,22.88,29.2,4,,,,,,,,,,,
2025-12-23,丸亀,11,5,岸本　隆,A2,23.44,5,,2.554,9,28,28.8,0.1673,3.5339,,,0,低,91,0,-,6,0,29.2,0.839,,,,,,0.0769,0.1538,0.1923,,,E,△,,0.1849,0.6225,,0.5812,A,77,0,◎-○軸 3着3〜4艇流し（10〜15点）,0.5777,"{'is_target': True, 'verdict': '参加推奨', 'max_combo_prob': 0.0864, 'est_top_odds': 15.4, 'circle_concentration': 68.5, 'eligible_count': 8, 'bet_adj': 2, 'reason': 'rel_win1=57.0%（本命度） / 最有力組み合わせ確率: 0.086（推定実オッズ?15倍） / 2着集中度: 上位2艇 68.5%（補正+0.00） / 総合判定確率: 0.086 / → ヒモ分散。1号艇1着固定で広めのヒモ流し推奨（買い目+2点）', 'tenji_trigger': '展示確認: ヒモ分散レース。1号艇伸び確認後、広めのヒモ流しを採用。穴ヒモ（5・6号艇）を積極的に含める。\n展示で1号艇スタート超安定(0.129秒)→ヒモ固まり方向に注意'}",,,29.9,逃げ狙い,22.88,29.2,4,,,,,,,,,,,
2025-12-23,丸亀,11,6,野田部宏,B1,30.99,6,,3.332,4.4,28,24.1,0.1224,2.8448,,,0,低,35,0,ま0%,3,0,32.1,1.0578,0,0,0.1111,0,0,0.1,0.2,0.2,,,D,,,0.3253,0.616,,0.5812,A,77,0,◎-○軸 3着3〜4艇流し（10〜15点）,0.5777,"{'is_target': True, 'verdict': '参加推奨', 'max_combo_prob': 0.0864, 'est_top_odds': 15.4, 'circle_concentration': 68.5, 'eligible_count': 8, 'bet_adj': 2, 'reason': 'rel_win1=57.0%（本命度） / 最有力組み合わせ確率: 0.086（推定実オッズ?15倍） / 2着集中度: 上位2艇 68.5%（補正+0.00） / 総合判定確率: 0.086 / → ヒモ分散。1号艇1着固定で広めのヒモ流し推奨（買い目+2点）', 'tenji_trigger': '展示確認: ヒモ分散レース。1号艇伸び確認後、広めのヒモ流しを採用。穴ヒモ（5・6号艇）を積極的に含める。\n展示で1号艇スタート超安定(0.129秒)→ヒモ固まり方向に注意'}",,,29.9,逃げ狙い,22.88,29.2,4,,,,,,,,,,,
2025-12-23,丸亀,12,1,池永　太,A1,13.56,1,◎,57.6039,,0,97.2,0.145,2.9375,,,0,低,54,0,逃1%,14,0,81.6,1.2259,0.8108,,,,,0.0541,0.0811,0,◎,,E,◎,,,0.6845,,0.6193,S,93,0,◎1着固定 2-3着流し（5〜8点）,0.5777,"{'is_target': True, 'verdict': '参加推奨', 'max_combo_prob': 0.0618, 'est_top_odds': 21.6, 'circle_concentration': 62.7, 'eligible_count': 6, 'bet_adj': 2, 'reason': 'rel_win1=57.6%（本命度） / 最有力組み合わせ確率: 0.062（推定実オッズ?22倍） / 2着集中度: 上位2艇 62.7%（補正+0.00） / 総合判定確率: 0.062 / → ヒモ分散。1号艇1着固定で広めのヒモ流し推奨（買い目+2点）', 'tenji_trigger': '展示確認: ヒモ分散レース。1号艇伸び確認後、広めのヒモ流しを採用。穴ヒモ（5・6号艇）を積極的に含める。'}",,,28.3,逃げ狙い,23.54,24.2,3,,,,,0,0,0.7559,0,,逃げ軸流し,A
2025-12-23,丸亀,12,2,重木輝彦,A1,20.69,2,,12.0003,35.1,100,78.8,0.1552,3.4038,,,0,低,127,0,-,45,0,100,2.1831,0,0.25,0.0417,0,0,0.05,0.02,0.15,,,D,,,0.2535,0.578,,0.6193,S,93,0,◎1着固定 2-3着流し（5〜8点）,0.5777,"{'is_target': True, 'verdict': '参加推奨', 'max_combo_prob': 0.0618, 'est_top_odds': 21.6, 'circle_concentration': 62.7, 'eligible_count': 6, 'bet_adj': 2, 'reason': 'rel_win1=57.6%（本命度） / 最有力組み合わせ確率: 0.062（推定実オッズ?22倍） / 2着集中度: 上位2艇 62.7%（補正+0.00） / 総合判定確率: 0.062 / → ヒモ分散。1号艇1着固定で広めのヒモ流し推奨（買い目+2点）', 'tenji_trigger': '展示確認: ヒモ分散レース。1号艇伸び確認後、広めのヒモ流しを採用。穴ヒモ（5・6号艇）を積極的に含める。'}",,,28.3,逃げ狙い,23.54,24.2,3,,,,,,,,,,,
2025-12-23,丸亀,12,3,西野雄貴,A2,29.69,3,○,14.979,27.7,51,70.7,0.1398,2.9756,,,0,低,50,0,差0% ま0% 差ま0%,1,0,55.6,1.3948,0,0.0476,0.0952,0.0952,0,0.0435,0.0435,0.0435,,,C,○,,0.3256,0.652,,0.6193,S,93,0,◎1着固定 2-3着流し（5〜8点）,0.5777,"{'is_target': True, 'verdict': '参加推奨', 'max_combo_prob': 0.0618, 'est_top_odds': 21.6, 'circle_concentration': 62.7, 'eligible_count': 6, 'bet_adj': 2, 'reason': 'rel_win1=57.6%（本命度） / 最有力組み合わせ確率: 0.062（推定実オッズ?22倍） / 2着集中度: 上位2艇 62.7%（補正+0.00） / 総合判定確率: 0.062 / → ヒモ分散。1号艇1着固定で広めのヒモ流し推奨（買い目+2点）', 'tenji_trigger': '展示確認: ヒモ分散レース。1号艇伸び確認後、広めのヒモ流しを採用。穴ヒモ（5・6号艇）を積極的に含める。'}",,,28.3,逃げ狙い,23.54,24.2,3,,,,,,,,,,,
2025-12-23,丸亀,12,4,竹下大樹,A1,28.57,4,,6.919,14.1,61,54.8,0.1766,3.8387,,,0,低,123,0,差ま0%,6,0,42.2,1.0619,0,0,0,0.0833,0,0.0385,0.0385,0,,,C,△,○,0.1695,0.6165,0.2598,0.6193,S,93,0,◎1着固定 2-3着流し（5〜8点）,0.5777,"{'is_target': True, 'verdict': '参加推奨', 'max_combo_prob': 0.0618, 'est_top_odds': 21.6, 'circle_concentration': 62.7, 'eligible_count': 6, 'bet_adj': 2, 'reason': 'rel_win1=57.6%（本命度） / 最有力組み合わせ確率: 0.062（推定実オッズ?22倍） / 2着集中度: 上位2艇 62.7%（補正+0.00） / 総合判定確率: 0.062 / → ヒモ分散。1号艇1着固定で広めのヒモ流し推奨（買い目+2点）', 'tenji_trigger': '展示確認: ヒモ分散レース。1号艇伸び確認後、広めのヒモ流しを採用。穴ヒモ（5・6号艇）を積極的に含める。'}",,,28.3,逃げ狙い,23.54,24.2,3,,,,,,,,,,,
2025-12-23,丸亀,12,5,河野　大,A1,31.94,5,▲,6.3124,21,63,62.5,0.16,3.4688,,,0,低,88,0,差ま0%,25,0,83.7,1.7117,0,0,0,0.0476,0,0.1143,0.0381,0.0286,,,B,△,◎,0.2365,0.6455,0.3403,0.6193,S,93,0,◎1着固定 2-3着流し（5〜8点）,0.5777,"{'is_target': True, 'verdict': '参加推奨', 'max_combo_prob': 0.0618, 'est_top_odds': 21.6, 'circle_concentration': 62.7, 'eligible_count': 6, 'bet_adj': 2, 'reason': 'rel_win1=57.6%（本命度） / 最有力組み合わせ確率: 0.062（推定実オッズ?22倍） / 2着集中度: 上位2艇 62.7%（補正+0.00） / 総合判定確率: 0.062 / → ヒモ分散。1号艇1着固定で広めのヒモ流し推奨（買い目+2点）', 'tenji_trigger': '展示確認: ヒモ分散レース。1号艇伸び確認後、広めのヒモ流しを採用。穴ヒモ（5・6号艇）を積極的に含める。'}",,,28.3,逃げ狙い,23.54,24.2,3,,,,,,,,,,,
2025-12-23,丸亀,12,6,谷口知優,B1,32.88,6,△,2.1854,2.2,34,24.4,0.1683,3.9512,,,0,低,83,0,-,1,0,32.6,0.8492,,,,,,0,0.3481,0.1039,,,B,△,,0.2394,0.6165,,0.6193,S,93,0,◎1着固定 2-3着流し（5〜8点）,0.5777,"{'is_target': True, 'verdict': '参加推奨', 'max_combo_prob': 0.0618, 'est_top_odds': 21.6, 'circle_concentration': 62.7, 'eligible_count': 6, 'bet_adj': 2, 'reason': 'rel_win1=57.6%（本命度） / 最有力組み合わせ確率: 0.062（推定実オッズ?22倍） / 2着集中度: 上位2艇 62.7%（補正+0.00） / 総合判定確率: 0.062 / → ヒモ分散。1号艇1着固定で広めのヒモ流し推奨（買い目+2点）', 'tenji_trigger': '展示確認: ヒモ分散レース。1号艇伸び確認後、広めのヒモ流しを採用。穴ヒモ（5・6号艇）を積極的に含める。'}",,,28.3,逃げ狙い,23.54,24.2,3,,,,,,,,,,,
2025-12-24,丸亀,1,1,西原明生,B1,28.38,1,◎,52.3635,,0,76.6,0.1485,3.5745,,,0,低,192,0,逃1%,4 44,0,93.3,1.2616,0.4762,,,,,0.2571,0.2571,0.2762,○,,C,◎,,,0.641,,0.3616,B,58,0,◎○△フォーメーション（15〜20点）,0.5777,"{'is_target': True, 'verdict': '点数絞り', 'max_combo_prob': 0.0831, 'est_top_odds': 16.0, 'circle_concentration': 71.6, 'eligible_count': 9, 'bet_adj': 0, 'reason': 'rel_win1=52.4%（本命度） / 最有力組み合わせ確率: 0.083（推定実オッズ?16倍） / 2着集中度: 上位2艇 71.6%（補正+0.04） / 総合判定確率: 0.123 / → ヒモはやや固め。上位2艇以外を切ること', 'tenji_trigger': '展示確認: 1号艇伸び良→そのまま採用。悪→飛び組に差し替え。circle_pct上位2艇に絞り込むこと。'}",,,31.6,両建て推奨,18.08,38.2,3,,,,,0,0,0.6155,0,,逃げ軸流し,A
2025-12-24,丸亀,1,2,大西　賢,B1,27.40,2,,12.7064,47,55,49.1,0.1709,3.6579,,,0,低,150,0,-,563,0,31.5,0.7336,0,0.037,0.037,0,0,0.1722,0.1722,0.2591,,,C,,,0.1218,0.549,,0.3616,B,58,0,◎○△フォーメーション（15〜20点）,0.5777,"{'is_target': True, 'verdict': '点数絞り', 'max_combo_prob': 0.0831, 'est_top_odds': 16.0, 'circle_concentration': 71.6, 'eligible_count': 9, 'bet_adj': 0, 'reason': 'rel_win1=52.4%（本命度） / 最有力組み合わせ確率: 0.083（推定実オッズ?16倍） / 2着集中度: 上位2艇 71.6%（補正+0.04） / 総合判定確率: 0.123 / → ヒモはやや固め。上位2艇以外を切ること', 'tenji_trigger': '展示確認: 1号艇伸び良→そのまま採用。悪→飛び組に差し替え。circle_pct上位2艇に絞り込むこと。'}",,,31.6,両建て推奨,18.08,38.2,3,,,,,,,,,,,
2025-12-24,丸亀,1,3,田中宏樹,B1,17.65,3,,13.8102,24.6,100,62.2,0.1682,3.2556,,,0,低,128,0,-,125,0,26,0.6433,0,0.0909,0,0,0,0.2,0.02,0.18,,,E,○,,0.2353,0.6195,,0.3616,B,58,0,◎○△フォーメーション（15〜20点）,0.5777,"{'is_target': True, 'verdict': '点数絞り', 'max_combo_prob': 0.0831, 'est_top_odds': 16.0, 'circle_concentration': 71.6, 'eligible_count': 9, 'bet_adj': 0, 'reason': 'rel_win1=52.4%（本命度） / 最有力組み合わせ確率: 0.083（推定実オッズ?16倍） / 2着集中度: 上位2艇 71.6%（補正+0.04） / 総合判定確率: 0.123 / → ヒモはやや固め。上位2艇以外を切ること', 'tenji_trigger': '展示確認: 1号艇伸び良→そのまま採用。悪→飛び組に差し替え。circle_pct上位2艇に絞り込むこと。'}",,,31.6,両建て推奨,18.08,38.2,3,,,,,,,,,,,
2025-12-24,丸亀,1,4,日隈　茜,B2,19.12,4,△,9.1061,11.7,70,7.1,0.1429,3.4643,,,0,低,62,1,-,666,0,34.6,0.6964,,,,,,,,,,,D,,,0.3726,0.457,,0.3616,B,58,0,◎○△フォーメーション（15〜20点）,0.5777,"{'is_target': True, 'verdict': '点数絞り', 'max_combo_prob': 0.0831, 'est_top_odds': 16.0, 'circle_concentration': 71.6, 'eligible_count': 9, 'bet_adj': 0, 'reason': 'rel_win1=52.4%（本命度） / 最有力組み合わせ確率: 0.083（推定実オッズ?16倍） / 2着集中度: 上位2艇 71.6%（補正+0.04） / 総合判定確率: 0.123 / → ヒモはやや固め。上位2艇以外を切ること', 'tenji_trigger': '展示確認: 1号艇伸び良→そのまま採用。悪→飛び組に差し替え。circle_pct上位2艇に絞り込むこと。'}",,,31.6,両建て推奨,18.08,38.2,3,,,,,,,,,,,
2025-12-24,丸亀,1,5,井川大作,B1,29.49,5,○,10.6604,14.5,72,45.5,0.1451,3.1,,,0,低,89,0,差ま0%,444,0,72.1,1.3476,0,0,0,0.1304,0,0.3033,0.0933,0.2633,,,B,△,◎,0.352,0.617,0.4348,0.3616,B,58,0,◎○△フォーメーション（15〜20点）,0.5777,"{'is_target': True, 'verdict': '点数絞り', 'max_combo_prob': 0.0831, 'est_top_odds': 16.0, 'circle_concentration': 71.6, 'eligible_count': 9, 'bet_adj': 0, 'reason': 'rel_win1=52.4%（本命度） / 最有力組み合わせ確率: 0.083（推定実オッズ?16倍） / 2着集中度: 上位2艇 71.6%（補正+0.04） / 総合判定確率: 0.123 / → ヒモはやや固め。上位2艇以外を切ること', 'tenji_trigger': '展示確認: 1号艇伸び良→そのまま採用。悪→飛び組に差し替え。circle_pct上位2艇に絞り込むこと。'}",,,31.6,両建て推奨,18.08,38.2,3,,,,,,,,,,,
2025-12-24,丸亀,1,6,三品隆浩,B1,39.06,6,▲,1.3535,2.2,54,18.3,0.2245,4.875,,,0,低,181,0,-,5 45,0,22.7,0.5711,,,,,,0.2881,0.2714,0.119,,,A,△,,0.1745,0.59,,0.3616,B,58,0,◎○△フォーメーション（15〜20点）,0.5777,"{'is_target': True, 'verdict': '点数絞り', 'max_combo_prob': 0.0831, 'est_top_odds': 16.0, 'circle_concentration': 71.6, 'eligible_count': 9, 'bet_adj': 0, 'reason': 'rel_win1=52.4%（本命度） / 最有力組み合わせ確率: 0.083（推定実オッズ?16倍） / 2着集中度: 上位2艇 71.6%（補正+0.04） / 総合判定確率: 0.123 / → ヒモはやや固め。上位2艇以外を切ること', 'tenji_trigger': '展示確認: 1号艇伸び良→そのまま採用。悪→飛び組に差し替え。circle_pct上位2艇に絞り込むこと。'}",,,31.6,両建て推奨,18.08,38.2,3,,,,,,,,,,,
2025-12-24,丸亀,2,1,品田直樹,B1,20.69,1,◎,45.3916,,0,74.6,0.1731,3.5424,,,0,低,201,0,逃0%,515,0,61.9,0.9454,0.4583,,,,,0.1167,0.119,0.1357,△,,D,◎,,,0.656,,0.3013,A,67,0,◎-○軸 3着3〜4艇流し（10〜15点）,0.5777,"{'is_target': True, 'verdict': '参加推奨', 'max_combo_prob': 0.0619, 'est_top_odds': 21.5, 'circle_concentration': 72.4, 'eligible_count': 8, 'bet_adj': 2, 'reason': 'rel_win1=45.4%（本命度） / 最有力組み合わせ確率: 0.062（推定実オッズ?22倍） / 2着集中度: 上位2艇 72.4%（補正+0.04） / 総合判定確率: 0.102 / → ヒモ分散。1号艇1着固定で広めのヒモ流し推奨（買い目+2点）', 'tenji_trigger': '展示確認: ヒモ分散レース。1号艇伸び確認後、広めのヒモ流しを採用。穴ヒモ（5・6号艇）を積極的に含める。'}",,,28.4,逃げ狙い,16.45,30.5,3,2-1-3|1-2-5|1-2-3|1-3-5|1-3-2|1-5-2,6-1-3|2-1-3|6-3-1|5-1-6|5-6-1|5-6-3|5-1-3|1-2-5|1-2-3|1-3-5|1-3-2|1-5-2,2-1-3:3.96%|1-2-5:8.54%|1-2-3:7.04%|1-3-5:5.41%|1-3-2:5.32%|1-5-2:3.68%,2-1-3:B_main|1-2-5:A|1-2-3:A|1-3-5:A|1-3-2:A|1-5-2:A,6,12,0.4535,1,[!]見送り推奨（主役決まり手「差し」― 逃げ劣勢レースで的中実績なし）,荒れ広め,D
2025-12-24,丸亀,2,2,登みひ果,B1,24.59,2,△,10.3255,45.2,100,52.2,0.1491,3.3261,,,0,低,78,0,-,126,0,85.7,0.7603,0,0,0,0,0.0625,0.2143,0.6429,0,,◎,C,,,0.585,0.508,,0.3013,A,67,0,◎-○軸 3着3〜4艇流し（10〜15点）,0.5777,"{'is_target': True, 'verdict': '参加推奨', 'max_combo_prob': 0.0619, 'est_top_odds': 21.5, 'circle_concentration': 72.4, 'eligible_count': 8, 'bet_adj': 2, 'reason': 'rel_win1=45.4%（本命度） / 最有力組み合わせ確率: 0.062（推定実オッズ?22倍） / 2着集中度: 上位2艇 72.4%（補正+0.04） / 総合判定確率: 0.102 / → ヒモ分散。1号艇1着固定で広めのヒモ流し推奨（買い目+2点）', 'tenji_trigger': '展示確認: ヒモ分散レース。1号艇伸び確認後、広めのヒモ流しを採用。穴ヒモ（5・6号艇）を積極的に含める。'}",,,28.4,逃げ狙い,16.45,30.5,3,,,,,,,,,,,
2025-12-24,丸亀,2,3,谷口知優,B1,32.88,3,○,21.4456,27.1,83,50,0.1627,3.2955,,,0,低,83,0,差0% ま0% 差ま0%,1 53,0,47.6,1.1244,0,0.125,0.0417,0.0833,0,0,0.3481,0.1039,,△,B,△,,0.3746,0.6165,,0.3013,A,67,0,◎-○軸 3着3〜4艇流し（10〜15点）,0.5777,"{'is_target': True, 'verdict': '参加推奨', 'max_combo_prob': 0.0619, 'est_top_odds': 21.5, 'circle_concentration': 72.4, 'eligible_count': 8, 'bet_adj': 2, 'reason': 'rel_win1=45.4%（本命度） / 最有力組み合わせ確率: 0.062（推定実オッズ?22倍） / 2着集中度: 上位2艇 72.4%（補正+0.04） / 総合判定確率: 0.102 / → ヒモ分散。1号艇1着固定で広めのヒモ流し推奨（買い目+2点）', 'tenji_trigger': '展示確認: ヒモ分散レース。1号艇伸び確認後、広めのヒモ流しを採用。穴ヒモ（5・6号艇）を積極的に含める。'}",,,28.4,逃げ狙い,16.45,30.5,3,,,,,,,,,,,
2025-12-24,丸亀,2,4,吉原聖人,B1,23.19,4,,12.7581,10.8,50,33.3,0.1819,3.8981,,,0,低,129,0,-,255,0,24.1,0.7181,0,0,0.0556,0,0,0.2533,0.0667,0.3733,,,D,△,◎,0.2721,0.5965,0.1548,0.3013,A,67,0,◎-○軸 3着3〜4艇流し（10〜15点）,0.5777,"{'is_target': True, 'verdict': '参加推奨', 'max_combo_prob': 0.0619, 'est_top_odds': 21.5, 'circle_concentration': 72.4, 'eligible_count': 8, 'bet_adj': 2, 'reason': 'rel_win1=45.4%（本命度） / 最有力組み合わせ確率: 0.062（推定実オッズ?22倍） / 2着集中度: 上位2艇 72.4%（補正+0.04） / 総合判定確率: 0.102 / → ヒモ分散。1号艇1着固定で広めのヒモ流し推奨（買い目+2点）', 'tenji_trigger': '展示確認: ヒモ分散レース。1号艇伸び確認後、広めのヒモ流しを採用。穴ヒモ（5・6号艇）を積極的に含める。'}",,,28.4,逃げ狙い,16.45,30.5,3,,,,,,,,,,,
2025-12-24,丸亀,2,5,戸塚邦好,A2,28.57,5,▲,7.5394,10.8,92,58,0.1358,2.86,,,0,低,59,0,ま0%,4114,0,90.1,1.6126,0,0,0.0833,0,0,0.032,0.232,0.048,,○,B,○,,0.4368,0.655,,0.3013,A,67,0,◎-○軸 3着3〜4艇流し（10〜15点）,0.5777,"{'is_target': True, 'verdict': '参加推奨', 'max_combo_prob': 0.0619, 'est_top_odds': 21.5, 'circle_concentration': 72.4, 'eligible_count': 8, 'bet_adj': 2, 'reason': 'rel_win1=45.4%（本命度） / 最有力組み合わせ確率: 0.062（推定実オッズ?22倍） / 2着集中度: 上位2艇 72.4%（補正+0.04） / 総合判定確率: 0.102 / → ヒモ分散。1号艇1着固定で広めのヒモ流し推奨（買い目+2点）', 'tenji_trigger': '展示確認: ヒモ分散レース。1号艇伸び確認後、広めのヒモ流しを採用。穴ヒモ（5・6号艇）を積極的に含める。'}",,,28.4,逃げ狙い,16.45,30.5,3,,,,,,,,,,,
2025-12-24,丸亀,2,6,重木輝彦,A1,20.69,6,,2.5397,6,80,44.4,0.1909,4.1889,,,0,低,127,0,-,4524,0,28,1.6719,,,,,,0.05,0.02,0.15,,,D,,,0.2728,0.578,,0.3013,A,67,0,◎-○軸 3着3〜4艇流し（10〜15点）,0.5777,"{'is_target': True, 'verdict': '参加推奨', 'max_combo_prob': 0.0619, 'est_top_odds': 21.5, 'circle_concentration': 72.4, 'eligible_count': 8, 'bet_adj': 2, 'reason': 'rel_win1=45.4%（本命度） / 最有力組み合わせ確率: 0.062（推定実オッズ?22倍） / 2着集中度: 上位2艇 72.4%（補正+0.04） / 総合判定確率: 0.102 / → ヒモ分散。1号艇1着固定で広めのヒモ流し推奨（買い目+2点）', 'tenji_trigger': '展示確認: ヒモ分散レース。1号艇伸び確認後、広めのヒモ流しを採用。穴ヒモ（5・6号艇）を積極的に含める。'}",,,28.4,逃げ狙い,16.45,30.5,3,,,,,,,,,,,
2025-12-24,丸亀,3,1,中里優子,B1,25.00,1,◎,49.0856,,0,87.5,0.1463,3.1667,,,0,低,61,0,逃0%,6 52,0,78.7,1.0928,0.375,,,,,0.05,0,0.25,◎,,C,,,,0.621,,0.4701,A,75,0,◎-○軸 3着3〜4艇流し（10〜15点）,0.5777,"{'is_target': True, 'verdict': '点数絞り', 'max_combo_prob': 0.0827, 'est_top_odds': 16.1, 'circle_concentration': 77.2, 'eligible_count': 8, 'bet_adj': 0, 'reason': 'rel_win1=49.1%（本命度） / 最有力組み合わせ確率: 0.083（推定実オッズ?16倍） / 2着集中度: 上位2艇 77.2%（補正+0.04） / 総合判定確率: 0.123 / → ヒモはやや固め。上位2艇以外を切ること', 'tenji_trigger': '展示確認: 1号艇伸び良→そのまま採用。悪→飛び組に差し替え。circle_pct上位2艇に絞り込むこと。'}",,,26.1,逃げ狙い,13.98,26.1,2,,,,,0,0,0.7559,0,,逃げ軸流し,A
2025-12-24,丸亀,3,2,村越　篤,B1,30.26,2,○,17.5684,51.2,59,68.7,0.1593,3.2836,,,0,低,142,0,差0%,141,0,90.7,1.6388,0,0.1875,0,0,0,0.2516,0.0129,0.0774,,,B,◎,,0.2139,0.667,,0.4701,A,75,0,◎-○軸 3着3〜4艇流し（10〜15点）,0.5777,"{'is_target': True, 'verdict': '点数絞り', 'max_combo_prob': 0.0827, 'est_top_odds': 16.1, 'circle_concentration': 77.2, 'eligible_count': 8, 'bet_adj': 0, 'reason': 'rel_win1=49.1%（本命度） / 最有力組み合わせ確率: 0.083（推定実オッズ?16倍） / 2着集中度: 上位2艇 77.2%（補正+0.04） / 総合判定確率: 0.123 / → ヒモはやや固め。上位2艇以外を切ること', 'tenji_trigger': '展示確認: 1号艇伸び良→そのまま採用。悪→飛び組に差し替え。circle_pct上位2艇に絞り込むこと。'}",,,26.1,逃げ狙い,13.98,26.1,2,,,,,,,,,,,
2025-12-24,丸亀,3,3,岸本　隆,A2,23.44,3,△,7.7397,26,83,60.7,0.1523,2.7946,,,0,低,91,0,差ま0%,6 15,0,35.2,1.0258,0,0,0,0.0741,0,0.0769,0.1538,0.1923,,,D,△,,0.2587,0.6225,,0.4701,A,75,0,◎-○軸 3着3〜4艇流し（10〜15点）,0.5777,"{'is_target': True, 'verdict': '点数絞り', 'max_combo_prob': 0.0827, 'est_top_odds': 16.1, 'circle_concentration': 77.2, 'eligible_count': 8, 'bet_adj': 0, 'reason': 'rel_win1=49.1%（本命度） / 最有力組み合わせ確率: 0.083（推定実オッズ?16倍） / 2着集中度: 上位2艇 77.2%（補正+0.04） / 総合判定確率: 0.123 / → ヒモはやや固め。上位2艇以外を切ること', 'tenji_trigger': '展示確認: 1号艇伸び良→そのまま採用。悪→飛び組に差し替え。circle_pct上位2艇に絞り込むこと。'}",,,26.1,逃げ狙い,13.98,26.1,2,,,,,,,,,,,
2025-12-24,丸亀,3,4,沖島広和,B1,23.44,4,,8.4938,9.1,100,52.5,0.1822,4.1186,,,0,低,143,0,-,6 24,0,50.2,0.8732,0,0,0.0526,0,0,0.2615,0.0308,0.1769,,,D,△,,0.1495,0.637,,0.4701,A,75,0,◎-○軸 3着3〜4艇流し（10〜15点）,0.5777,"{'is_target': True, 'verdict': '点数絞り', 'max_combo_prob': 0.0827, 'est_top_odds': 16.1, 'circle_concentration': 77.2, 'eligible_count': 8, 'bet_adj': 0, 'reason': 'rel_win1=49.1%（本命度） / 最有力組み合わせ確率: 0.083（推定実オッズ?16倍） / 2着集中度: 上位2艇 77.2%（補正+0.04） / 総合判定確率: 0.123 / → ヒモはやや固め。上位2艇以外を切ること', 'tenji_trigger': '展示確認: 1号艇伸び良→そのまま採用。悪→飛び組に差し替え。circle_pct上位2艇に絞り込むこと。'}",,,26.1,逃げ狙い,13.98,26.1,2,,,,,,,,,,,
2025-12-24,丸亀,3,5,竹下大樹,A1,28.57,5,▲,13.7841,13.4,48,44.4,0.1672,3.75,,,0,低,123,0,-,6 16,0,28.6,0.8088,0,0,0,0.2353,0,0.0385,0.0385,0,,,C,,◎,0.2652,0.6165,0.4032,0.4701,A,75,0,◎-○軸 3着3〜4艇流し（10〜15点）,0.5777,"{'is_target': True, 'verdict': '点数絞り', 'max_combo_prob': 0.0827, 'est_top_odds': 16.1, 'circle_concentration': 77.2, 'eligible_count': 8, 'bet_adj': 0, 'reason': 'rel_win1=49.1%（本命度） / 最有力組み合わせ確率: 0.083（推定実オッズ?16倍） / 2着集中度: 上位2艇 77.2%（補正+0.04） / 総合判定確率: 0.123 / → ヒモはやや固め。上位2艇以外を切ること', 'tenji_trigger': '展示確認: 1号艇伸び良→そのまま採用。悪→飛び組に差し替え。circle_pct上位2艇に絞り込むこと。'}",,,26.1,逃げ狙い,13.98,26.1,2,,,,,,,,,,,
2025-12-24,丸亀,3,6,山崎義明,B1,25.81,6,,3.3285,0.3,73,41.2,0.1802,4.1569,,,0,低,95,0,-,355,0,28.3,1.1753,0,0.0625,0,0,0,0.0833,0.3571,0.2714,,,C,○,,0.1735,0.6385,,0.4701,A,75,0,◎-○軸 3着3〜4艇流し（10〜15点）,0.5777,"{'is_target': True, 'verdict': '点数絞り', 'max_combo_prob': 0.0827, 'est_top_odds': 16.1, 'circle_concentration': 77.2, 'eligible_count': 8, 'bet_adj': 0, 'reason': 'rel_win1=49.1%（本命度） / 最有力組み合わせ確率: 0.083（推定実オッズ?16倍） / 2着集中度: 上位2艇 77.2%（補正+0.04） / 総合判定確率: 0.123 / → ヒモはやや固め。上位2艇以外を切ること', 'tenji_trigger': '展示確認: 1号艇伸び良→そのまま採用。悪→飛び組に差し替え。circle_pct上位2艇に絞り込むこと。'}",,,26.1,逃げ狙い,13.98,26.1,2,,,,,,,,,,,
2025-12-24,丸亀,4,1,上村宏太,B1,28.99,1,◎,47.0412,,0,71,0.1871,4.0645,,,0,低,125,0,逃0%,1 34,0,55.4,0.9147,0.2,,,,,0.2,0.3,0.3,,,D,,,,0.5525,,0.1958,B,55,0,◎○△フォーメーション（15〜20点）,0.5777,"{'is_target': True, 'verdict': '参加推奨', 'max_combo_prob': 0.0374, 'est_top_odds': 35.6, 'circle_concentration': 51.3, 'eligible_count': 9, 'bet_adj': 2, 'reason': 'rel_win1=47.0%（本命度） / 最有力組み合わせ確率: 0.037（推定実オッズ?36倍） / 2着集中度: 上位2艇 51.3%（補正-0.04） / 総合判定確率: -0.003 / → ヒモ分散。1号艇1着固定で広めのヒモ流し推奨（買い目+2点）', 'tenji_trigger': '展示確認: ヒモ分散レース。1号艇伸び確認後、広めのヒモ流しを採用。穴ヒモ（5・6号艇）を積極的に含める。\n展示で1号艇スタート遅め(0.187秒)確認→ヒモが荒れやすい'}",,,37.5,両建て推奨,17.28,41.7,4,4-1-6|4-1-5|4-6-1|4-1-3|4-5-1|4-5-6|4-6-5|1-2-4|1-3-4|1-2-6|1-4-6,4-1-6|4-1-5|4-6-1|4-1-3|4-5-1|4-5-6|4-6-5|5-1-6|1-2-4|1-3-4|1-2-6|1-4-6,4-1-6:3.66%|4-1-5:1.51%|4-6-1:0.91%|4-1-3:0.75%|4-5-1:0.46%|4-5-6:0.38%|4-6-5:0.31%|1-2-4:4.67%|1-3-4:4.56%|1-2-6:4.5%|1-4-6:4.44%,4-1-6:B_main|4-1-5:B_main|4-6-1:B_main|4-1-3:B_main|4-5-1:B_main|4-5-6:B_main|4-6-5:B_main|1-2-4:A|1-3-4:A|1-2-6:A|1-4-6:A,11,12,0.2915,1,[!]見送り推奨（主役決まり手「まくり差し」― 逃げ劣勢レースで的中実績なし）,主役軸流し,B
2025-12-24,丸亀,4,2,松尾怜実,B2,28.79,2,,6.5994,25.8,64,23.3,0.1787,4.0333,,,0,低,40,0,-,5 36,0,17,0.5462,,,,,,0.3333,0,0.3333,,,D,△,,0.4115,0.599,,0.1958,B,55,0,◎○△フォーメーション（15〜20点）,0.5777,"{'is_target': True, 'verdict': '参加推奨', 'max_combo_prob': 0.0374, 'est_top_odds': 35.6, 'circle_concentration': 51.3, 'eligible_count': 9, 'bet_adj': 2, 'reason': 'rel_win1=47.0%（本命度） / 最有力組み合わせ確率: 0.037（推定実オッズ?36倍） / 2着集中度: 上位2艇 51.3%（補正-0.04） / 総合判定確率: -0.003 / → ヒモ分散。1号艇1着固定で広めのヒモ流し推奨（買い目+2点）', 'tenji_trigger': '展示確認: ヒモ分散レース。1号艇伸び確認後、広めのヒモ流しを採用。穴ヒモ（5・6号艇）を積極的に含める。\n展示で1号艇スタート遅め(0.187秒)確認→ヒモが荒れやすい'}",,,37.5,両建て推奨,17.28,41.7,4,,,,,,,,,,,
2025-12-24,丸亀,4,3,横川聖志,B1,30.99,3,,10.1511,25,92,44.8,0.1253,2.319,,,0,低,68,0,差0% ま0%,6 53,0,46.3,0.8877,0,0.087,0.0435,0,0,0.1131,0.019,0.0762,,○,C,△,,0.466,0.641,,0.1958,B,55,0,◎○△フォーメーション（15〜20点）,0.5777,"{'is_target': True, 'verdict': '参加推奨', 'max_combo_prob': 0.0374, 'est_top_odds': 35.6, 'circle_concentration': 51.3, 'eligible_count': 9, 'bet_adj': 2, 'reason': 'rel_win1=47.0%（本命度） / 最有力組み合わせ確率: 0.037（推定実オッズ?36倍） / 2着集中度: 上位2艇 51.3%（補正-0.04） / 総合判定確率: -0.003 / → ヒモ分散。1号艇1着固定で広めのヒモ流し推奨（買い目+2点）', 'tenji_trigger': '展示確認: ヒモ分散レース。1号艇伸び確認後、広めのヒモ流しを採用。穴ヒモ（5・6号艇）を積極的に含める。\n展示で1号艇スタート遅め(0.187秒)確認→ヒモが荒れやすい'}",,,37.5,両建て推奨,17.28,41.7,4,,,,,,,,,,,
2025-12-24,丸亀,4,4,西野雄貴,A2,29.69,4,○,21.1604,25.6,100,76.9,0.1251,2.3846,,,0,低,50,0,差ま1%,1 35,0,68,1.3764,0,0.0417,0.0417,0.2083,0,0.0435,0.0435,0.0435,,◎,D,○,◎,0.4978,0.652,0.5107,0.1958,B,55,0,◎○△フォーメーション（15〜20点）,0.5777,"{'is_target': True, 'verdict': '参加推奨', 'max_combo_prob': 0.0374, 'est_top_odds': 35.6, 'circle_concentration': 51.3, 'eligible_count': 9, 'bet_adj': 2, 'reason': 'rel_win1=47.0%（本命度） / 最有力組み合わせ確率: 0.037（推定実オッズ?36倍） / 2着集中度: 上位2艇 51.3%（補正-0.04） / 総合判定確率: -0.003 / → ヒモ分散。1号艇1着固定で広めのヒモ流し推奨（買い目+2点）', 'tenji_trigger': '展示確認: ヒモ分散レース。1号艇伸び確認後、広めのヒモ流しを採用。穴ヒモ（5・6号艇）を積極的に含める。\n展示で1号艇スタート遅め(0.187秒)確認→ヒモが荒れやすい'}",,,37.5,両建て推奨,17.28,41.7,4,,,,,,,,,,,
2025-12-24,丸亀,4,5,角山雄哉,B1,40.58,5,▲,7.1484,13.8,65,29.6,0.1643,3.2315,,,0,低,95,0,差ま0%,552,0,36.7,0.949,0,0,0,0.0435,0,0.2833,0.0333,0.05,,,B,,,0.3521,0.568,,0.1958,B,55,0,◎○△フォーメーション（15〜20点）,0.5777,"{'is_target': True, 'verdict': '参加推奨', 'max_combo_prob': 0.0374, 'est_top_odds': 35.6, 'circle_concentration': 51.3, 'eligible_count': 9, 'bet_adj': 2, 'reason': 'rel_win1=47.0%（本命度） / 最有力組み合わせ確率: 0.037（推定実オッズ?36倍） / 2着集中度: 上位2艇 51.3%（補正-0.04） / 総合判定確率: -0.003 / → ヒモ分散。1号艇1着固定で広めのヒモ流し推奨（買い目+2点）', 'tenji_trigger': '展示確認: ヒモ分散レース。1号艇伸び確認後、広めのヒモ流しを採用。穴ヒモ（5・6号艇）を積極的に含める。\n展示で1号艇スタート遅め(0.187秒)確認→ヒモが荒れやすい'}",,,37.5,両建て推奨,17.28,41.7,4,,,,,,,,,,,
2025-12-24,丸亀,4,6,永田啓二,A1,36.11,6,△,7.8994,9.9,85,58.1,0.135,2.5484,,,0,低,50,0,ま0%,521,0,100,2.4083,0,0,0.0741,0,0,0.2783,0.0089,0.0267,,△,B,◎,○,0.4631,0.688,0.2984,0.1958,B,55,0,◎○△フォーメーション（15〜20点）,0.5777,"{'is_target': True, 'verdict': '参加推奨', 'max_combo_prob': 0.0374, 'est_top_odds': 35.6, 'circle_concentration': 51.3, 'eligible_count': 9, 'bet_adj': 2, 'reason': 'rel_win1=47.0%（本命度） / 最有力組み合わせ確率: 0.037（推定実オッズ?36倍） / 2着集中度: 上位2艇 51.3%（補正-0.04） / 総合判定確率: -0.003 / → ヒモ分散。1号艇1着固定で広めのヒモ流し推奨（買い目+2点）', 'tenji_trigger': '展示確認: ヒモ分散レース。1号艇伸び確認後、広めのヒモ流しを採用。穴ヒモ（5・6号艇）を積極的に含める。\n展示で1号艇スタート遅め(0.187秒)確認→ヒモが荒れやすい'}",,,37.5,両建て推奨,17.28,41.7,4,,,,,,,,,,,
2025-12-24,丸亀,5,1,西田和加,B2,21.21,1,◎,55.7398,,0,0,0.168,4,,,0,低,88,1,-,6 66,0,28.6,0.5665,,,,,,0.4,0.4,0.2,,,E,,,,0.431,,0.1836,D,0,1,大荒れ。見送り推奨,0.5777,"{'is_target': True, 'verdict': '参加推奨', 'max_combo_prob': 0.0693, 'est_top_odds': 19.2, 'circle_concentration': 64.7, 'eligible_count': 6, 'bet_adj': 2, 'reason': 'rel_win1=55.7%（本命度） / 最有力組み合わせ確率: 0.069（推定実オッズ?19倍） / 2着集中度: 上位2艇 64.7%（補正+0.00） / 総合判定確率: 0.069 / → ヒモ分散。1号艇1着固定で広めのヒモ流し推奨（買い目+2点）', 'tenji_trigger': '展示確認: ヒモ分散レース。1号艇伸び確認後、広めのヒモ流しを採用。穴ヒモ（5・6号艇）を積極的に含める。'}",,,34.2,両建て推奨,15.7,47.8,4,2-1-4|2-1-3|2-3-4|2-1-5|2-1-6|2-4-3|2-3-5|1-2-4|1-2-6|1-3-4,2-1-4|2-1-3|2-3-4|2-1-5|2-1-6|2-4-3|2-3-5|1-2-4|5-4-6|1-2-6|5-6-4|1-3-4,2-1-4:2.18%|2-1-3:1.39%|2-3-4:1.16%|2-1-5:0.92%|2-1-6:0.73%|2-4-3:0.52%|2-3-5:0.49%|1-2-4:4.42%|1-2-6:3.19%|1-3-4:3.01%,2-1-4:B_main|2-1-3:B_main|2-3-4:B_main|2-1-5:B_main|2-1-6:B_main|2-4-3:B_main|2-3-5:B_main|1-2-4:A|1-2-6:A|1-3-4:A,10,12,0.2915,1,[!]見送り推奨（主役決まり手「差し」― 逃げ劣勢レースで的中実績なし）,主役軸流し,B
2025-12-24,丸亀,5,2,近藤雄一,B1,33.80,2,○,12.401,40,80,42.2,0.1694,3.7042,,,0,低,163,0,差0%,3 45,0,42.5,0.7309,0,0.0588,0,0,0,0.22,0.3114,0.0143,,,B,△,,0.298,0.624,,0.1836,D,0,1,大荒れ。見送り推奨,0.5777,"{'is_target': True, 'verdict': '参加推奨', 'max_combo_prob': 0.0693, 'est_top_odds': 19.2, 'circle_concentration': 64.7, 'eligible_count': 6, 'bet_adj': 2, 'reason': 'rel_win1=55.7%（本命度） / 最有力組み合わせ確率: 0.069（推定実オッズ?19倍） / 2着集中度: 上位2艇 64.7%（補正+0.00） / 総合判定確率: 0.069 / → ヒモ分散。1号艇1着固定で広めのヒモ流し推奨（買い目+2点）', 'tenji_trigger': '展示確認: ヒモ分散レース。1号艇伸び確認後、広めのヒモ流しを採用。穴ヒモ（5・6号艇）を積極的に含める。'}",,,34.2,両建て推奨,15.7,47.8,4,,,,,,,,,,,
2025-12-24,丸亀,5,3,大西　賢,B1,27.40,3,,8.5782,22.6,100,35.2,0.1765,3.6481,,,0,低,150,0,-,563,0,22.2,0.7502,,,,,,0.1722,0.1722,0.2591,,,D,,,0.2701,0.549,,0.1836,D,0,1,大荒れ。見送り推奨,0.5777,"{'is_target': True, 'verdict': '参加推奨', 'max_combo_prob': 0.0693, 'est_top_odds': 19.2, 'circle_concentration': 64.7, 'eligible_count': 6, 'bet_adj': 2, 'reason': 'rel_win1=55.7%（本命度） / 最有力組み合わせ確率: 0.069（推定実オッズ?19倍） / 2着集中度: 上位2艇 64.7%（補正+0.00） / 総合判定確率: 0.069 / → ヒモ分散。1号艇1着固定で広めのヒモ流し推奨（買い目+2点）', 'tenji_trigger': '展示確認: ヒモ分散レース。1号艇伸び確認後、広めのヒモ流しを採用。穴ヒモ（5・6号艇）を積極的に含める。'}",,,34.2,両建て推奨,15.7,47.8,4,,,,,,,,,,,
2025-12-24,丸亀,5,4,烏野賢太,A1,32.31,4,▲,14.6729,24.6,87,55,0.1657,3.4333,,,0,低,135,0,差0%,352,0,75.4,1.086,0,0.0455,0,0,0.0455,0.1153,0.145,0,,,C,◎,◎,0.2889,0.663,0.3361,0.1836,D,0,1,大荒れ。見送り推奨,0.5777,"{'is_target': True, 'verdict': '参加推奨', 'max_combo_prob': 0.0693, 'est_top_odds': 19.2, 'circle_concentration': 64.7, 'eligible_count': 6, 'bet_adj': 2, 'reason': 'rel_win1=55.7%（本命度） / 最有力組み合わせ確率: 0.069（推定実オッズ?19倍） / 2着集中度: 上位2艇 64.7%（補正+0.00） / 総合判定確率: 0.069 / → ヒモ分散。1号艇1着固定で広めのヒモ流し推奨（買い目+2点）', 'tenji_trigger': '展示確認: ヒモ分散レース。1号艇伸び確認後、広めのヒモ流しを採用。穴ヒモ（5・6号艇）を積極的に含める。'}",,,34.2,両建て推奨,15.7,47.8,4,,,,,,,,,,,
2025-12-24,丸亀,5,5,渡辺　崇,B1,29.73,5,,5.4594,11.6,79,36.2,0.1828,3.8793,,,0,低,135,0,-,214,0,26.2,0.7667,,,,,,0.075,0.315,0.025,,,C,△,,0.2667,0.608,,0.1836,D,0,1,大荒れ。見送り推奨,0.5777,"{'is_target': True, 'verdict': '参加推奨', 'max_combo_prob': 0.0693, 'est_top_odds': 19.2, 'circle_concentration': 64.7, 'eligible_count': 6, 'bet_adj': 2, 'reason': 'rel_win1=55.7%（本命度） / 最有力組み合わせ確率: 0.069（推定実オッズ?19倍） / 2着集中度: 上位2艇 64.7%（補正+0.00） / 総合判定確率: 0.069 / → ヒモ分散。1号艇1着固定で広めのヒモ流し推奨（買い目+2点）', 'tenji_trigger': '展示確認: ヒモ分散レース。1号艇伸び確認後、広めのヒモ流しを採用。穴ヒモ（5・6号艇）を積極的に含める。'}",,,34.2,両建て推奨,15.7,47.8,4,,,,,,,,,,,
2025-12-24,丸亀,5,6,福田雅一,A2,33.77,6,△,3.1487,1.1,56,23.4,0.1806,4.0106,,,0,低,91,0,-,2616,0,49.1,0.8811,,,,,,0.2,0.1,0.2,,,B,○,,0.2699,0.66,,0.1836,D,0,1,大荒れ。見送り推奨,0.5777,"{'is_target': True, 'verdict': '参加推奨', 'max_combo_prob': 0.0693, 'est_top_odds': 19.2, 'circle_concentration': 64.7, 'eligible_count': 6, 'bet_adj': 2, 'reason': 'rel_win1=55.7%（本命度） / 最有力組み合わせ確率: 0.069（推定実オッズ?19倍） / 2着集中度: 上位2艇 64.7%（補正+0.00） / 総合判定確率: 0.069 / → ヒモ分散。1号艇1着固定で広めのヒモ流し推奨（買い目+2点）', 'tenji_trigger': '展示確認: ヒモ分散レース。1号艇伸び確認後、広めのヒモ流しを採用。穴ヒモ（5・6号艇）を積極的に含める。'}",,,34.2,両建て推奨,15.7,47.8,4,,,,,,,,,,,
2025-12-24,丸亀,6,1,村松修二,A2,34.33,1,◎,60.3315,,0,84.9,0.1586,3.2652,,,0,低,81,0,逃1%,2322,0,72,0.9397,0.6154,,,,,0.0308,0.0308,0.3341,◎,,B,△,,,0.596,,0.5306,A,79,0,◎-○軸 3着3〜4艇流し（10〜15点）,0.5777,"{'is_target': True, 'verdict': '点数絞り', 'max_combo_prob': 0.1222, 'est_top_odds': 10.9, 'circle_concentration': 76.8, 'eligible_count': 8, 'bet_adj': 0, 'reason': 'rel_win1=60.3%（本命度） / 最有力組み合わせ確率: 0.122（推定実オッズ?11倍） / 2着集中度: 上位2艇 76.8%（補正+0.04） / 総合判定確率: 0.162 / → ヒモはやや固め。上位2艇以外を切ること', 'tenji_trigger': '展示確認: 1号艇伸び良→そのまま採用。悪→飛び組に差し替え。circle_pct上位2艇に絞り込むこと。'}",,,27,逃げ狙い,13.45,29.1,2,,,,,0,0,0.7559,0,,逃げ軸流し,A
2025-12-24,丸亀,6,2,興津　藍,A1,31.25,2,▲,14.1717,58.5,64,65.6,0.1608,3.541,,,0,低,133,0,-,333,0,63.7,1.0571,0,0.1724,0,0,0,0.1562,0.0343,0.179,,◎,C,◎,,0.3228,0.6195,,0.5306,A,79,0,◎-○軸 3着3〜4艇流し（10〜15点）,0.5777,"{'is_target': True, 'verdict': '点数絞り', 'max_combo_prob': 0.1222, 'est_top_odds': 10.9, 'circle_concentration': 76.8, 'eligible_count': 8, 'bet_adj': 0, 'reason': 'rel_win1=60.3%（本命度） / 最有力組み合わせ確率: 0.122（推定実オッズ?11倍） / 2着集中度: 上位2艇 76.8%（補正+0.04） / 総合判定確率: 0.162 / → ヒモはやや固め。上位2艇以外を切ること', 'tenji_trigger': '展示確認: 1号艇伸び良→そのまま採用。悪→飛び組に差し替え。circle_pct上位2艇に絞り込むこと。'}",,,27,逃げ狙い,13.45,29.1,2,,,,,,,,,,,
2025-12-24,丸亀,6,3,香川素子,A2,18.18,3,,9.1714,18.2,100,55.1,0.1763,3.6939,,,0,低,92,0,差ま0%,233,0,83.3,1.5629,0,0,0,0.0435,0,0.0182,0.0182,0.4273,,,D,△,,0.1966,0.5835,,0.5306,A,79,0,◎-○軸 3着3〜4艇流し（10〜15点）,0.5777,"{'is_target': True, 'verdict': '点数絞り', 'max_combo_prob': 0.1222, 'est_top_odds': 10.9, 'circle_concentration': 76.8, 'eligible_count': 8, 'bet_adj': 0, 'reason': 'rel_win1=60.3%（本命度） / 最有力組み合わせ確率: 0.122（推定実オッズ?11倍） / 2着集中度: 上位2艇 76.8%（補正+0.04） / 総合判定確率: 0.162 / → ヒモはやや固め。上位2艇以外を切ること', 'tenji_trigger': '展示確認: 1号艇伸び良→そのまま採用。悪→飛び組に差し替え。circle_pct上位2艇に絞り込むこと。'}",,,27,逃げ狙い,13.45,29.1,2,,,,,,,,,,,
2025-12-24,丸亀,6,4,志道吉和,B1,20.29,4,△,5.4729,14.2,52,29.8,0.1734,3.5,,,0,低,116,0,-,6 15,0,23.9,0.6694,0,0,0,0.0667,0,0.0833,0.1667,0.4167,,,D,,,0.2378,0.566,,0.5306,A,79,0,◎-○軸 3着3〜4艇流し（10〜15点）,0.5777,"{'is_target': True, 'verdict': '点数絞り', 'max_combo_prob': 0.1222, 'est_top_odds': 10.9, 'circle_concentration': 76.8, 'eligible_count': 8, 'bet_adj': 0, 'reason': 'rel_win1=60.3%（本命度） / 最有力組み合わせ確率: 0.122（推定実オッズ?11倍） / 2着集中度: 上位2艇 76.8%（補正+0.04） / 総合判定確率: 0.162 / → ヒモはやや固め。上位2艇以外を切ること', 'tenji_trigger': '展示確認: 1号艇伸び良→そのまま採用。悪→飛び組に差し替え。circle_pct上位2艇に絞り込むこと。'}",,,27,逃げ狙い,13.45,29.1,2,,,,,,,,,,,
2025-12-24,丸亀,6,5,谷口知優,B1,32.88,5,○,8.55,5.9,84,46.7,0.1598,3.3444,,,0,低,83,0,-,1 53,0,70.4,1.2052,0,0,0.0476,0.0476,0,0,0.3481,0.1039,,,B,○,,0.2917,0.6165,,0.5306,A,79,0,◎-○軸 3着3〜4艇流し（10〜15点）,0.5777,"{'is_target': True, 'verdict': '点数絞り', 'max_combo_prob': 0.1222, 'est_top_odds': 10.9, 'circle_concentration': 76.8, 'eligible_count': 8, 'bet_adj': 0, 'reason': 'rel_win1=60.3%（本命度） / 最有力組み合わせ確率: 0.122（推定実オッズ?11倍） / 2着集中度: 上位2艇 76.8%（補正+0.04） / 総合判定確率: 0.162 / → ヒモはやや固め。上位2艇以外を切ること', 'tenji_trigger': '展示確認: 1号艇伸び良→そのまま採用。悪→飛び組に差し替え。circle_pct上位2艇に絞り込むこと。'}",,,27,逃げ狙い,13.45,29.1,2,,,,,,,,,,,
2025-12-24,丸亀,6,6,田中宏樹,B1,17.65,6,,2.3024,3.1,53,29.5,0.1866,3.6818,,,0,低,128,0,-,125,0,53.4,1.2064,,,,,,0.2,0.02,0.18,,,E,◎,,0.2283,0.6195,,0.5306,A,79,0,◎-○軸 3着3〜4艇流し（10〜15点）,0.5777,"{'is_target': True, 'verdict': '点数絞り', 'max_combo_prob': 0.1222, 'est_top_odds': 10.9, 'circle_concentration': 76.8, 'eligible_count': 8, 'bet_adj': 0, 'reason': 'rel_win1=60.3%（本命度） / 最有力組み合わせ確率: 0.122（推定実オッズ?11倍） / 2着集中度: 上位2艇 76.8%（補正+0.04） / 総合判定確率: 0.162 / → ヒモはやや固め。上位2艇以外を切ること', 'tenji_trigger': '展示確認: 1号艇伸び良→そのまま採用。悪→飛び組に差し替え。circle_pct上位2艇に絞り込むこと。'}",,,27,逃げ狙い,13.45,29.1,2,,,,,,,,,,,
2025-12-24,丸亀,7,1,樫葉次郎,B2,41.10,1,◎,39.3409,,0,57.1,0.1589,3.1286,,,0,低,84,0,-,2 SS,0,62.1,0.8374,0.0625,,,,,0.275,0.25,0.3,,,A,△,,,0.6065,,0.1922,D,30,1,大荒れ。見送り推奨,0.5777,"{'is_target': False, 'verdict': '対象外', 'max_combo_prob': None, 'est_top_odds': None, 'circle_concentration': None, 'eligible_count': 0, 'bet_adj': 0, 'reason': '1号艇rel_win1 < 45%: 通常判定に委ねる', 'tenji_trigger': ''}",,,33.1,両建て推奨,20.71,40.3,4,2-1-4|2-1-3|2-1-5|2-3-1|2-3-4|2-5-1|2-5-4|1-2-4|1-2-5|1-3-4|1-4-2,2-1-4|2-1-3|2-1-5|2-3-1|2-3-4|2-5-1|2-5-4|1-2-4|1-2-5|6-1-4|1-3-4|1-4-2,2-1-4:3.28%|2-1-3:3.23%|2-1-5:1.68%|2-3-1:0.99%|2-3-4:0.62%|2-5-1:0.56%|2-5-4:0.35%|1-2-4:6.96%|1-2-5:5.24%|1-3-4:3.96%|1-4-2:3.64%,2-1-4:B_main|2-1-3:B_main|2-1-5:B_main|2-3-1:B_main|2-3-4:B_main|2-5-1:B_main|2-5-4:B_main|1-2-4:A|1-2-5:A|1-3-4:A|1-4-2:A,11,12,0.2915,1,[!]見送り推奨（主役決まり手「差し」― 逃げ劣勢レースで的中実績なし）,主役軸流し,B
2025-12-24,丸亀,7,2,戸塚邦好,A2,28.57,2,○,19.7864,49.7,79,72.3,0.137,2.7872,,,0,低,59,0,差0% ま0%,4114,0,71.8,1.2353,0,0.0476,0.0476,0,0,0.032,0.232,0.048,,◎,B,◎,,0.5703,0.655,,0.1922,D,30,1,大荒れ。見送り推奨,0.5777,"{'is_target': False, 'verdict': '対象外', 'max_combo_prob': None, 'est_top_odds': None, 'circle_concentration': None, 'eligible_count': 0, 'bet_adj': 0, 'reason': '1号艇rel_win1 < 45%: 通常判定に委ねる', 'tenji_trigger': ''}",,,33.1,両建て推奨,20.71,40.3,4,,,,,,,,,,,
2025-12-24,丸亀,7,3,山崎義明,B1,25.81,3,△,12.3656,23.4,89,63.2,0.1516,3.0515,,,0,低,95,0,ま0%,355,0,36.3,0.8262,0,0,0.08,0,0,0.0833,0.3571,0.2714,,△,D,△,,0.37,0.6385,,0.1922,D,30,1,大荒れ。見送り推奨,0.5777,"{'is_target': False, 'verdict': '対象外', 'max_combo_prob': None, 'est_top_odds': None, 'circle_concentration': None, 'eligible_count': 0, 'bet_adj': 0, 'reason': '1号艇rel_win1 < 45%: 通常判定に委ねる', 'tenji_trigger': ''}",,,33.1,両建て推奨,20.71,40.3,4,,,,,,,,,,,
2025-12-24,丸亀,7,4,中岡正彦,A1,27.27,4,▲,19.9025,20.3,90,68.8,0.1175,2.2604,,,0,低,42,0,ま0%,411,0,64.8,1.1232,0,0,0.2609,0,0,0.1103,0,0.0588,,○,C,○,◎,0.5543,0.649,0.4375,0.1922,D,30,1,大荒れ。見送り推奨,0.5777,"{'is_target': False, 'verdict': '対象外', 'max_combo_prob': None, 'est_top_odds': None, 'circle_concentration': None, 'eligible_count': 0, 'bet_adj': 0, 'reason': '1号艇rel_win1 < 45%: 通常判定に委ねる', 'tenji_trigger': ''}",,,33.1,両建て推奨,20.71,40.3,4,,,,,,,,,,,
2025-12-24,丸亀,7,5,篠原飛翔,A2,20.97,5,,7.3845,6.4,100,48.8,0.1651,3.7093,,,0,低,97,0,-,3 33,0,83.6,1.3717,,,,,,0.0808,0.1423,0.0462,,,D,,,0.3223,0.603,,0.1922,D,30,1,大荒れ。見送り推奨,0.5777,"{'is_target': False, 'verdict': '対象外', 'max_combo_prob': None, 'est_top_odds': None, 'circle_concentration': None, 'eligible_count': 0, 'bet_adj': 0, 'reason': '1号艇rel_win1 < 45%: 通常判定に委ねる', 'tenji_trigger': ''}",,,33.1,両建て推奨,20.71,40.3,4,,,,,,,,,,,
2025-12-24,丸亀,7,6,日隈　茜,B2,19.12,6,,1.2202,0.2,14,0,0.2033,4.1446,,,0,低,62,0,-,666,0,28.1,0.5461,,,,,,,,,,,E,,,0.2062,0.457,,0.1922,D,30,1,大荒れ。見送り推奨,0.5777,"{'is_target': False, 'verdict': '対象外', 'max_combo_prob': None, 'est_top_odds': None, 'circle_concentration': None, 'eligible_count': 0, 'bet_adj': 0, 'reason': '1号艇rel_win1 < 45%: 通常判定に委ねる', 'tenji_trigger': ''}",,,33.1,両建て推奨,20.71,40.3,4,,,,,,,,,,,
2025-12-24,丸亀,8,1,葛原大陽,A1,32.81,1,◎,68.9136,,0,88.6,0.1453,2.8038,,,0,低,92,0,-,3 12,0,82.6,1.0003,0.5,,,,,0.1832,0.0316,0.1937,◎,,B,△,,,0.645,,0.5235,A,79,0,◎-○軸 3着3〜4艇流し（10〜15点）,0.5777,"{'is_target': True, 'verdict': '点数絞り', 'max_combo_prob': 0.108, 'est_top_odds': 12.3, 'circle_concentration': 75.3, 'eligible_count': 8, 'bet_adj': 0, 'reason': 'rel_win1=68.9%（本命度） / 最有力組み合わせ確率: 0.108（推定実オッズ?12倍） / 2着集中度: 上位2艇 75.3%（補正+0.04） / 総合判定確率: 0.148 / → ヒモはやや固め。上位2艇以外を切ること', 'tenji_trigger': '展示確認: 1号艇伸び良→そのまま採用。悪→飛び組に差し替え。circle_pct上位2艇に絞り込むこと。'}",,,27.1,逃げ狙い,12.63,30.1,2,,,,,0,0,0.7559,0,,逃げ軸流し,A
2025-12-24,丸亀,8,2,岸本　隆,A2,23.44,2,▲,11.7316,50.9,77,63.9,0.1611,3.2705,,,0,低,91,0,-,6 15,0,67,1.2074,0,0.1724,0.0345,0,0,0.0769,0.1538,0.1923,,,D,,,0.2067,0.6225,,0.5235,A,79,0,◎-○軸 3着3〜4艇流し（10〜15点）,0.5777,"{'is_target': True, 'verdict': '点数絞り', 'max_combo_prob': 0.108, 'est_top_odds': 12.3, 'circle_concentration': 75.3, 'eligible_count': 8, 'bet_adj': 0, 'reason': 'rel_win1=68.9%（本命度） / 最有力組み合わせ確率: 0.108（推定実オッズ?12倍） / 2着集中度: 上位2艇 75.3%（補正+0.04） / 総合判定確率: 0.148 / → ヒモはやや固め。上位2艇以外を切ること', 'tenji_trigger': '展示確認: 1号艇伸び良→そのまま採用。悪→飛び組に差し替え。circle_pct上位2艇に絞り込むこと。'}",,,27.1,逃げ狙い,12.63,30.1,2,,,,,,,,,,,
2025-12-24,丸亀,8,3,西原明生,B1,28.38,3,,6.5783,19.1,96,40,0.1844,3.6643,,,0,低,192,0,差ま0%,4 44,0,54.3,1.2437,0,0,0,0.069,0,0.2571,0.2571,0.2762,,,C,△,,0.1272,0.641,,0.5235,A,79,0,◎-○軸 3着3〜4艇流し（10〜15点）,0.5777,"{'is_target': True, 'verdict': '点数絞り', 'max_combo_prob': 0.108, 'est_top_odds': 12.3, 'circle_concentration': 75.3, 'eligible_count': 8, 'bet_adj': 0, 'reason': 'rel_win1=68.9%（本命度） / 最有力組み合わせ確率: 0.108（推定実オッズ?12倍） / 2着集中度: 上位2艇 75.3%（補正+0.04） / 総合判定確率: 0.148 / → ヒモはやや固め。上位2艇以外を切ること', 'tenji_trigger': '展示確認: 1号艇伸び良→そのまま採用。悪→飛び組に差し替え。circle_pct上位2艇に絞り込むこと。'}",,,27.1,逃げ狙い,12.63,30.1,2,,,,,,,,,,,
2025-12-24,丸亀,8,4,富永修一,A2,23.08,4,△,8.2227,24.3,100,66.1,0.1245,2.5403,,,0,低,92,0,-,3146,0,26.8,0.7387,0,0,0,0.087,0,0.1257,0.1257,0.1124,,,D,○,◎,0.3807,0.6455,0.4758,0.5235,A,79,0,◎-○軸 3着3〜4艇流し（10〜15点）,0.5777,"{'is_target': True, 'verdict': '点数絞り', 'max_combo_prob': 0.108, 'est_top_odds': 12.3, 'circle_concentration': 75.3, 'eligible_count': 8, 'bet_adj': 0, 'reason': 'rel_win1=68.9%（本命度） / 最有力組み合わせ確率: 0.108（推定実オッズ?12倍） / 2着集中度: 上位2艇 75.3%（補正+0.04） / 総合判定確率: 0.148 / → ヒモはやや固め。上位2艇以外を切ること', 'tenji_trigger': '展示確認: 1号艇伸び良→そのまま採用。悪→飛び組に差し替え。circle_pct上位2艇に絞り込むこと。'}",,,27.1,逃げ狙い,12.63,30.1,2,,,,,,,,,,,
2025-12-24,丸亀,8,5,品田直樹,B1,20.69,5,,2.7525,4.8,59,29.3,0.2064,4.3467,,,0,低,201,0,差ま0%,515,0,25.7,0.854,0,0,0,0.0303,0,0.1167,0.119,0.1357,,,E,◎,,0.1095,0.656,,0.5235,A,79,0,◎-○軸 3着3〜4艇流し（10〜15点）,0.5777,"{'is_target': True, 'verdict': '点数絞り', 'max_combo_prob': 0.108, 'est_top_odds': 12.3, 'circle_concentration': 75.3, 'eligible_count': 8, 'bet_adj': 0, 'reason': 'rel_win1=68.9%（本命度） / 最有力組み合わせ確率: 0.108（推定実オッズ?12倍） / 2着集中度: 上位2艇 75.3%（補正+0.04） / 総合判定確率: 0.148 / → ヒモはやや固め。上位2艇以外を切ること', 'tenji_trigger': '展示確認: 1号艇伸び良→そのまま採用。悪→飛び組に差し替え。circle_pct上位2艇に絞り込むこと。'}",,,27.1,逃げ狙い,12.63,30.1,2,,,,,,,,,,,
2025-12-24,丸亀,8,6,角山雄哉,B1,40.58,6,○,1.8013,0.8,70,21.3,0.1679,3.7979,,,0,低,95,0,差ま0%,552,0,25.4,0.7389,0,0,0,0.0455,0,0.2833,0.0333,0.05,,,A,,,0.2187,0.568,,0.5235,A,79,0,◎-○軸 3着3〜4艇流し（10〜15点）,0.5777,"{'is_target': True, 'verdict': '点数絞り', 'max_combo_prob': 0.108, 'est_top_odds': 12.3, 'circle_concentration': 75.3, 'eligible_count': 8, 'bet_adj': 0, 'reason': 'rel_win1=68.9%（本命度） / 最有力組み合わせ確率: 0.108（推定実オッズ?12倍） / 2着集中度: 上位2艇 75.3%（補正+0.04） / 総合判定確率: 0.148 / → ヒモはやや固め。上位2艇以外を切ること', 'tenji_trigger': '展示確認: 1号艇伸び良→そのまま採用。悪→飛び組に差し替え。circle_pct上位2艇に絞り込むこと。'}",,,27.1,逃げ狙い,12.63,30.1,2,,,,,,,,,,,
2025-12-24,丸亀,9,1,西野雄貴,A2,29.69,1,◎,59.041,,0,91.3,0.1454,2.7283,,,0,低,50,0,抜1%,1 35,0,91.7,1.2393,0.7391,,,,,0.0435,0.0435,0.0435,◎,,D,△,,,0.652,,0.5912,S,86,0,◎1着固定 2-3着流し（5〜8点）,0.5777,"{'is_target': True, 'verdict': '参加推奨', 'max_combo_prob': 0.0825, 'est_top_odds': 16.2, 'circle_concentration': 67.1, 'eligible_count': 6, 'bet_adj': 2, 'reason': 'rel_win1=59.0%（本命度） / 最有力組み合わせ確率: 0.082（推定実オッズ?16倍） / 2着集中度: 上位2艇 67.1%（補正+0.00） / 総合判定確率: 0.082 / → ヒモ分散。1号艇1着固定で広めのヒモ流し推奨（買い目+2点）', 'tenji_trigger': '展示確認: ヒモ分散レース。1号艇伸び確認後、広めのヒモ流しを採用。穴ヒモ（5・6号艇）を積極的に含める。'}",,,27.8,逃げ狙い,21.81,24.2,4,,,,,0,0,0.7559,0,,逃げ軸流し,A
2025-12-24,丸亀,9,2,渡辺　崇,B1,29.73,2,,6.8555,44.8,100,58.3,0.161,3.7833,,,0,低,135,0,差0%,214,0,41.3,0.9457,0,0.0435,0,0,0,0.075,0.315,0.025,,,C,,,0.1523,0.608,,0.5912,S,86,0,◎1着固定 2-3着流し（5〜8点）,0.5777,"{'is_target': True, 'verdict': '参加推奨', 'max_combo_prob': 0.0825, 'est_top_odds': 16.2, 'circle_concentration': 67.1, 'eligible_count': 6, 'bet_adj': 2, 'reason': 'rel_win1=59.0%（本命度） / 最有力組み合わせ確率: 0.082（推定実オッズ?16倍） / 2着集中度: 上位2艇 67.1%（補正+0.00） / 総合判定確率: 0.082 / → ヒモ分散。1号艇1着固定で広めのヒモ流し推奨（買い目+2点）', 'tenji_trigger': '展示確認: ヒモ分散レース。1号艇伸び確認後、広めのヒモ流しを採用。穴ヒモ（5・6号艇）を積極的に含める。'}",,,27.8,逃げ狙い,21.81,24.2,4,,,,,,,,,,,
2025-12-24,丸亀,9,3,三品隆浩,B1,39.06,3,▲,7.7162,19.2,88,40.4,0.1881,4.0965,,,0,低,181,0,ま0% 差ま0% 抜0%,5 45,0,21.6,0.779,0,0,0.0345,0.0345,0.0345,0.2881,0.2714,0.119,,,B,,,0.1106,0.59,,0.5912,S,86,0,◎1着固定 2-3着流し（5〜8点）,0.5777,"{'is_target': True, 'verdict': '参加推奨', 'max_combo_prob': 0.0825, 'est_top_odds': 16.2, 'circle_concentration': 67.1, 'eligible_count': 6, 'bet_adj': 2, 'reason': 'rel_win1=59.0%（本命度） / 最有力組み合わせ確率: 0.082（推定実オッズ?16倍） / 2着集中度: 上位2艇 67.1%（補正+0.00） / 総合判定確率: 0.082 / → ヒモ分散。1号艇1着固定で広めのヒモ流し推奨（買い目+2点）', 'tenji_trigger': '展示確認: ヒモ分散レース。1号艇伸び確認後、広めのヒモ流しを採用。穴ヒモ（5・6号艇）を積極的に含める。'}",,,27.8,逃げ狙い,21.81,24.2,4,,,,,,,,,,,
2025-12-24,丸亀,9,4,池永　太,A1,13.56,4,△,15.4781,22.3,97,78,0.1366,2.61,,,0,低,54,0,差0% ま0% 差ま0%,1421,0,92.9,1.7194,0,0.0455,0.3182,0.0455,0,0.0541,0.0811,0,,◎,E,◎,◎,0.401,0.6845,0.4158,0.5912,S,86,0,◎1着固定 2-3着流し（5〜8点）,0.5777,"{'is_target': True, 'verdict': '参加推奨', 'max_combo_prob': 0.0825, 'est_top_odds': 16.2, 'circle_concentration': 67.1, 'eligible_count': 6, 'bet_adj': 2, 'reason': 'rel_win1=59.0%（本命度） / 最有力組み合わせ確率: 0.082（推定実オッズ?16倍） / 2着集中度: 上位2艇 67.1%（補正+0.00） / 総合判定確率: 0.082 / → ヒモ分散。1号艇1着固定で広めのヒモ流し推奨（買い目+2点）', 'tenji_trigger': '展示確認: ヒモ分散レース。1号艇伸び確認後、広めのヒモ流しを採用。穴ヒモ（5・6号艇）を積極的に含める。'}",,,27.8,逃げ狙い,21.81,24.2,4,,,,,,,,,,,
2025-12-24,丸亀,9,5,谷津幸宏,A1,45.07,5,○,7.628,11.1,74,41.5,0.1278,2.6846,,,0,低,52,0,差0%,2623,0,89.4,1.6598,0,0.0312,0.0625,0.0938,0,0.0476,0.0714,0.119,,,A,△,○,0.3474,0.6535,0.4039,0.5912,S,86,0,◎1着固定 2-3着流し（5〜8点）,0.5777,"{'is_target': True, 'verdict': '参加推奨', 'max_combo_prob': 0.0825, 'est_top_odds': 16.2, 'circle_concentration': 67.1, 'eligible_count': 6, 'bet_adj': 2, 'reason': 'rel_win1=59.0%（本命度） / 最有力組み合わせ確率: 0.082（推定実オッズ?16倍） / 2着集中度: 上位2艇 67.1%（補正+0.00） / 総合判定確率: 0.082 / → ヒモ分散。1号艇1着固定で広めのヒモ流し推奨（買い目+2点）', 'tenji_trigger': '展示確認: ヒモ分散レース。1号艇伸び確認後、広めのヒモ流しを採用。穴ヒモ（5・6号艇）を積極的に含める。'}",,,27.8,逃げ狙い,21.81,24.2,4,,,,,,,,,,,
2025-12-24,丸亀,9,6,村越　篤,B1,30.26,6,,3.2813,2.6,52,21.8,0.184,4.4364,,,0,低,142,0,-,141,0,37.6,0.87,0,0.04,0,0,0,0.2516,0.0129,0.0774,,,C,○,,0.1575,0.667,,0.5912,S,86,0,◎1着固定 2-3着流し（5〜8点）,0.5777,"{'is_target': True, 'verdict': '参加推奨', 'max_combo_prob': 0.0825, 'est_top_odds': 16.2, 'circle_concentration': 67.1, 'eligible_count': 6, 'bet_adj': 2, 'reason': 'rel_win1=59.0%（本命度） / 最有力組み合わせ確率: 0.082（推定実オッズ?16倍） / 2着集中度: 上位2艇 67.1%（補正+0.00） / 総合判定確率: 0.082 / → ヒモ分散。1号艇1着固定で広めのヒモ流し推奨（買い目+2点）', 'tenji_trigger': '展示確認: ヒモ分散レース。1号艇伸び確認後、広めのヒモ流しを採用。穴ヒモ（5・6号艇）を積極的に含める。'}",,,27.8,逃げ狙い,21.81,24.2,4,,,,,,,,,,,
2025-12-24,丸亀,10,1,河野　大,A1,31.94,1,◎,69.6195,,0,91.5,0.1356,2.5366,,,0,低,88,0,逃1%,2522,0,91.3,1.2135,0.6905,,,,,0.1143,0.0381,0.0286,◎,,C,◎,,,0.6455,,0.6419,S,93,0,◎1着固定 2-3着流し（5〜8点）,0.5777,"{'is_target': True, 'verdict': '点数絞り', 'max_combo_prob': 0.1376, 'est_top_odds': 9.7, 'circle_concentration': 71.0, 'eligible_count': 6, 'bet_adj': 0, 'reason': 'rel_win1=69.6%（本命度） / 最有力組み合わせ確率: 0.138（推定実オッズ?10倍） / 2着集中度: 上位2艇 71.0%（補正+0.04） / 総合判定確率: 0.178 / → ヒモはやや固め。上位2艇以外を切ること', 'tenji_trigger': '展示確認: 1号艇伸び良→そのまま採用。悪→飛び組に差し替え。circle_pct上位2艇に絞り込むこと。\n展示で1号艇スタート超安定(0.136秒)→ヒモ固まり方向に注意'}",,,27.8,逃げ狙い,19.63,26.1,2,,,,,0,0,0.7559,0,,逃げ軸流し,A
2025-12-24,丸亀,10,2,平田忠則,A1,33.87,2,○,13.8509,57.3,53,70.2,0.1513,3.9149,,,0,低,74,0,ま0% 抜0%,4211,0,75,1.1374,0,0,0.0769,0,0.0769,0.1148,0.1889,0.0148,,,B,△,,0.1703,0.603,,0.6419,S,93,0,◎1着固定 2-3着流し（5〜8点）,0.5777,"{'is_target': True, 'verdict': '点数絞り', 'max_combo_prob': 0.1376, 'est_top_odds': 9.7, 'circle_concentration': 71.0, 'eligible_count': 6, 'bet_adj': 0, 'reason': 'rel_win1=69.6%（本命度） / 最有力組み合わせ確率: 0.138（推定実オッズ?10倍） / 2着集中度: 上位2艇 71.0%（補正+0.04） / 総合判定確率: 0.178 / → ヒモはやや固め。上位2艇以外を切ること', 'tenji_trigger': '展示確認: 1号艇伸び良→そのまま採用。悪→飛び組に差し替え。circle_pct上位2艇に絞り込むこと。\n展示で1号艇スタート超安定(0.136秒)→ヒモ固まり方向に注意'}",,,27.8,逃げ狙い,19.63,26.1,2,,,,,,,,,,,
2025-12-24,丸亀,10,3,松尾怜実,B2,28.79,3,,6.4438,12.8,71,36.4,0.1464,3.0455,,,0,低,40,0,-,5 36,0,88.9,1.7942,,,,,,0.3333,0,0.3333,,,D,,,0.2692,0.599,,0.6419,S,93,0,◎1着固定 2-3着流し（5〜8点）,0.5777,"{'is_target': True, 'verdict': '点数絞り', 'max_combo_prob': 0.1376, 'est_top_odds': 9.7, 'circle_concentration': 71.0, 'eligible_count': 6, 'bet_adj': 0, 'reason': 'rel_win1=69.6%（本命度） / 最有力組み合わせ確率: 0.138（推定実オッズ?10倍） / 2着集中度: 上位2艇 71.0%（補正+0.04） / 総合判定確率: 0.178 / → ヒモはやや固め。上位2艇以外を切ること', 'tenji_trigger': '展示確認: 1号艇伸び良→そのまま採用。悪→飛び組に差し替え。circle_pct上位2艇に絞り込むこと。\n展示で1号艇スタート超安定(0.136秒)→ヒモ固まり方向に注意'}",,,27.8,逃げ狙い,19.63,26.1,2,,,,,,,,,,,
2025-12-24,丸亀,10,4,井川大作,B1,29.49,4,▲,4.9307,13.7,100,41.8,0.1344,3.1909,,,0,低,89,0,-,444,0,79.4,1.5434,,,,,,0.3033,0.0933,0.2633,,,C,△,,0.3204,0.617,,0.6419,S,93,0,◎1着固定 2-3着流し（5〜8点）,0.5777,"{'is_target': True, 'verdict': '点数絞り', 'max_combo_prob': 0.1376, 'est_top_odds': 9.7, 'circle_concentration': 71.0, 'eligible_count': 6, 'bet_adj': 0, 'reason': 'rel_win1=69.6%（本命度） / 最有力組み合わせ確率: 0.138（推定実オッズ?10倍） / 2着集中度: 上位2艇 71.0%（補正+0.04） / 総合判定確率: 0.178 / → ヒモはやや固め。上位2艇以外を切ること', 'tenji_trigger': '展示確認: 1号艇伸び良→そのまま採用。悪→飛び組に差し替え。circle_pct上位2艇に絞り込むこと。\n展示で1号艇スタート超安定(0.136秒)→ヒモ固まり方向に注意'}",,,27.8,逃げ狙い,19.63,26.1,2,,,,,,,,,,,
2025-12-24,丸亀,10,5,嶋　義信,A2,33.33,5,△,4.1729,11.6,68,39.3,0.1585,3.6066,,,0,低,90,0,-,3434,0,36.3,1.4926,,,,,,0.125,0.15,0.1875,,,B,○,,0.2429,0.632,,0.6419,S,93,0,◎1着固定 2-3着流し（5〜8点）,0.5777,"{'is_target': True, 'verdict': '点数絞り', 'max_combo_prob': 0.1376, 'est_top_odds': 9.7, 'circle_concentration': 71.0, 'eligible_count': 6, 'bet_adj': 0, 'reason': 'rel_win1=69.6%（本命度） / 最有力組み合わせ確率: 0.138（推定実オッズ?10倍） / 2着集中度: 上位2艇 71.0%（補正+0.04） / 総合判定確率: 0.178 / → ヒモはやや固め。上位2艇以外を切ること', 'tenji_trigger': '展示確認: 1号艇伸び良→そのまま採用。悪→飛び組に差し替え。circle_pct上位2艇に絞り込むこと。\n展示で1号艇スタート超安定(0.136秒)→ヒモ固まり方向に注意'}",,,27.8,逃げ狙い,19.63,26.1,2,,,,,,,,,,,
2025-12-24,丸亀,10,6,香川素子,A2,18.18,6,,0.9822,4.6,51,34.4,0.17,3.8438,,,0,低,92,0,-,233,0,56,1.3994,,,,,,0.0182,0.0182,0.4273,,,E,,,0.2063,0.5835,,0.6419,S,93,0,◎1着固定 2-3着流し（5〜8点）,0.5777,"{'is_target': True, 'verdict': '点数絞り', 'max_combo_prob': 0.1376, 'est_top_odds': 9.7, 'circle_concentration': 71.0, 'eligible_count': 6, 'bet_adj': 0, 'reason': 'rel_win1=69.6%（本命度） / 最有力組み合わせ確率: 0.138（推定実オッズ?10倍） / 2着集中度: 上位2艇 71.0%（補正+0.04） / 総合判定確率: 0.178 / → ヒモはやや固め。上位2艇以外を切ること', 'tenji_trigger': '展示確認: 1号艇伸び良→そのまま採用。悪→飛び組に差し替え。circle_pct上位2艇に絞り込むこと。\n展示で1号艇スタート超安定(0.136秒)→ヒモ固まり方向に注意'}",,,27.8,逃げ狙い,19.63,26.1,2,,,,,,,,,,,
2025-12-24,丸亀,11,1,興津　藍,A1,31.25,1,◎,61.6791,,0,88.4,0.1561,3.3333,,,0,低,133,0,逃1%,333,0,81.2,0.9747,0.7143,,,,,0.1562,0.0343,0.179,◎,,B,△,,,0.6195,,0.4519,A,79,0,◎-○軸 3着3〜4艇流し（10〜15点）,0.5777,"{'is_target': True, 'verdict': '点数絞り', 'max_combo_prob': 0.0896, 'est_top_odds': 14.9, 'circle_concentration': 75.9, 'eligible_count': 8, 'bet_adj': 0, 'reason': 'rel_win1=61.7%（本命度） / 最有力組み合わせ確率: 0.090（推定実オッズ?15倍） / 2着集中度: 上位2艇 75.9%（補正+0.04） / 総合判定確率: 0.130 / → ヒモはやや固め。上位2艇以外を切ること', 'tenji_trigger': '展示確認: 1号艇伸び良→そのまま採用。悪→飛び組に差し替え。circle_pct上位2艇に絞り込むこと。'}",,,28.3,逃げ狙い,16.53,30.2,2,,,,,0,0,0.7559,0,,逃げ軸流し,A
2025-12-24,丸亀,11,2,篠原飛翔,A2,20.97,2,△,16.4977,41.1,99,66.7,0.176,4.5,,,0,低,97,0,差0%,3 33,0,56.1,1.1193,0,0.1667,0,0,0,0.0808,0.1423,0.0462,,,E,,,0.1398,0.603,,0.4519,A,79,0,◎-○軸 3着3〜4艇流し（10〜15点）,0.5777,"{'is_target': True, 'verdict': '点数絞り', 'max_combo_prob': 0.0896, 'est_top_odds': 14.9, 'circle_concentration': 75.9, 'eligible_count': 8, 'bet_adj': 0, 'reason': 'rel_win1=61.7%（本命度） / 最有力組み合わせ確率: 0.090（推定実オッズ?15倍） / 2着集中度: 上位2艇 75.9%（補正+0.04） / 総合判定確率: 0.130 / → ヒモはやや固め。上位2艇以外を切ること', 'tenji_trigger': '展示確認: 1号艇伸び良→そのまま採用。悪→飛び組に差し替え。circle_pct上位2艇に絞り込むこと。'}",,,28.3,逃げ狙い,16.53,30.2,2,,,,,,,,,,,
2025-12-24,丸亀,11,3,福田雅一,A2,33.77,3,○,10.5666,14.4,100,52.8,0.1568,3.5283,,,0,低,91,0,-,2616,0,45,0.8046,0,0,0.2273,0,0,0.2,0.1,0.2,,,B,◎,,0.326,0.66,,0.4519,A,79,0,◎-○軸 3着3〜4艇流し（10〜15点）,0.5777,"{'is_target': True, 'verdict': '点数絞り', 'max_combo_prob': 0.0896, 'est_top_odds': 14.9, 'circle_concentration': 75.9, 'eligible_count': 8, 'bet_adj': 0, 'reason': 'rel_win1=61.7%（本命度） / 最有力組み合わせ確率: 0.090（推定実オッズ?15倍） / 2着集中度: 上位2艇 75.9%（補正+0.04） / 総合判定確率: 0.130 / → ヒモはやや固め。上位2艇以外を切ること', 'tenji_trigger': '展示確認: 1号艇伸び良→そのまま採用。悪→飛び組に差し替え。circle_pct上位2艇に絞り込むこと。'}",,,28.3,逃げ狙い,16.53,30.2,2,,,,,,,,,,,
2025-12-24,丸亀,11,4,横川聖志,B1,30.99,4,▲,6.9998,34.8,41,51.1,0.1198,2.1915,,,0,低,68,0,ま0%,6 53,0,53.1,1.0032,0,0,0.125,0,0,0.1131,0.019,0.0762,,◎,C,○,,0.4485,0.641,,0.4519,A,79,0,◎-○軸 3着3〜4艇流し（10〜15点）,0.5777,"{'is_target': True, 'verdict': '点数絞り', 'max_combo_prob': 0.0896, 'est_top_odds': 14.9, 'circle_concentration': 75.9, 'eligible_count': 8, 'bet_adj': 0, 'reason': 'rel_win1=61.7%（本命度） / 最有力組み合わせ確率: 0.090（推定実オッズ?15倍） / 2着集中度: 上位2艇 75.9%（補正+0.04） / 総合判定確率: 0.130 / → ヒモはやや固め。上位2艇以外を切ること', 'tenji_trigger': '展示確認: 1号艇伸び良→そのまま採用。悪→飛び組に差し替え。circle_pct上位2艇に絞り込むこと。'}",,,28.3,逃げ狙い,16.53,30.2,2,,,,,,,,,,,
2025-12-24,丸亀,11,5,吉原聖人,B1,23.19,5,,1.6271,7.5,61,25,0.1885,3.7885,,,0,低,129,0,-,255,0,28.9,0.7593,,,,,,0.2533,0.0667,0.3733,,,D,,,0.2069,0.5965,,0.4519,A,79,0,◎-○軸 3着3〜4艇流し（10〜15点）,0.5777,"{'is_target': True, 'verdict': '点数絞り', 'max_combo_prob': 0.0896, 'est_top_odds': 14.9, 'circle_concentration': 75.9, 'eligible_count': 8, 'bet_adj': 0, 'reason': 'rel_win1=61.7%（本命度） / 最有力組み合わせ確率: 0.090（推定実オッズ?15倍） / 2着集中度: 上位2艇 75.9%（補正+0.04） / 総合判定確率: 0.130 / → ヒモはやや固め。上位2艇以外を切ること', 'tenji_trigger': '展示確認: 1号艇伸び良→そのまま採用。悪→飛び組に差し替え。circle_pct上位2艇に絞り込むこと。'}",,,28.3,逃げ狙い,16.53,30.2,2,,,,,,,,,,,
2025-12-24,丸亀,11,6,竹下大樹,A1,28.57,6,,2.6296,2.2,81,35.4,0.2033,4.2396,,,0,低,123,0,-,6 16,0,25,1.0225,,,,,,0.0385,0.0385,0,,,C,△,,0.1598,0.6165,,0.4519,A,79,0,◎-○軸 3着3〜4艇流し（10〜15点）,0.5777,"{'is_target': True, 'verdict': '点数絞り', 'max_combo_prob': 0.0896, 'est_top_odds': 14.9, 'circle_concentration': 75.9, 'eligible_count': 8, 'bet_adj': 0, 'reason': 'rel_win1=61.7%（本命度） / 最有力組み合わせ確率: 0.090（推定実オッズ?15倍） / 2着集中度: 上位2艇 75.9%（補正+0.04） / 総合判定確率: 0.130 / → ヒモはやや固め。上位2艇以外を切ること', 'tenji_trigger': '展示確認: 1号艇伸び良→そのまま採用。悪→飛び組に差し替え。circle_pct上位2艇に絞り込むこと。'}",,,28.3,逃げ狙い,16.53,30.2,2,,,,,,,,,,,
2025-12-24,丸亀,12,1,烏野賢太,A1,32.31,1,◎,58.1454,,0,92.4,0.1604,3.3608,,,0,低,135,0,逃1%,352,0,100,1.4972,0.7778,,,,,0.1153,0.145,0,○,,C,○,,,0.663,,0.4329,S,80,0,◎1着固定 2-3着流し（5〜8点）,0.5777,"{'is_target': True, 'verdict': '参加推奨', 'max_combo_prob': 0.0824, 'est_top_odds': 16.2, 'circle_concentration': 64.9, 'eligible_count': 6, 'bet_adj': 2, 'reason': 'rel_win1=58.1%（本命度） / 最有力組み合わせ確率: 0.082（推定実オッズ?16倍） / 2着集中度: 上位2艇 64.9%（補正+0.00） / 総合判定確率: 0.082 / → ヒモ分散。1号艇1着固定で広めのヒモ流し推奨（買い目+2点）', 'tenji_trigger': '展示確認: ヒモ分散レース。1号艇伸び確認後、広めのヒモ流しを採用。穴ヒモ（5・6号艇）を積極的に含める。'}",,,29.5,逃げ狙い,21.69,29.3,4,,,,,0,0,0.6155,0,,逃げ軸流し,A
2025-12-24,丸亀,12,2,中岡正彦,A1,27.27,2,,8.8865,27.5,74,63.5,0.1477,2.9231,,,0,低,42,0,差0%,411,0,82.6,0.9991,0,0.0909,0.1364,0,0,0.1103,0,0.0588,,○,D,△,,0.4531,0.649,,0.4329,S,80,0,◎1着固定 2-3着流し（5〜8点）,0.5777,"{'is_target': True, 'verdict': '参加推奨', 'max_combo_prob': 0.0824, 'est_top_odds': 16.2, 'circle_concentration': 64.9, 'eligible_count': 6, 'bet_adj': 2, 'reason': 'rel_win1=58.1%（本命度） / 最有力組み合わせ確率: 0.082（推定実オッズ?16倍） / 2着集中度: 上位2艇 64.9%（補正+0.00） / 総合判定確率: 0.082 / → ヒモ分散。1号艇1着固定で広めのヒモ流し推奨（買い目+2点）', 'tenji_trigger': '展示確認: ヒモ分散レース。1号艇伸び確認後、広めのヒモ流しを採用。穴ヒモ（5・6号艇）を積極的に含める。'}",,,29.5,逃げ狙い,21.69,29.3,4,,,,,,,,,,,
2025-12-24,丸亀,12,3,村松修二,A2,34.33,3,▲,10.5693,37.4,40,74.5,0.1398,2.7979,,,0,低,81,0,-,2322,0,91.9,2.0148,0,0,0.0588,0,0,0.0308,0.0308,0.3341,,△,B,,,0.3891,0.596,,0.4329,S,80,0,◎1着固定 2-3着流し（5〜8点）,0.5777,"{'is_target': True, 'verdict': '参加推奨', 'max_combo_prob': 0.0824, 'est_top_odds': 16.2, 'circle_concentration': 64.9, 'eligible_count': 6, 'bet_adj': 2, 'reason': 'rel_win1=58.1%（本命度） / 最有力組み合わせ確率: 0.082（推定実オッズ?16倍） / 2着集中度: 上位2艇 64.9%（補正+0.00） / 総合判定確率: 0.082 / → ヒモ分散。1号艇1着固定で広めのヒモ流し推奨（買い目+2点）', 'tenji_trigger': '展示確認: ヒモ分散レース。1号艇伸び確認後、広めのヒモ流しを採用。穴ヒモ（5・6号艇）を積極的に含める。'}",,,29.5,逃げ狙い,21.69,29.3,4,,,,,,,,,,,
2025-12-24,丸亀,12,4,永田啓二,A1,36.11,4,○,15.8078,25.5,77,80.6,0.1166,2.3731,,,0,低,50,0,-,521,0,44.3,1.0745,0,0,0.1818,0.0303,0,0.2783,0.0089,0.0267,,◎,B,◎,◎,0.499,0.688,0.4675,0.4329,S,80,0,◎1着固定 2-3着流し（5〜8点）,0.5777,"{'is_target': True, 'verdict': '参加推奨', 'max_combo_prob': 0.0824, 'est_top_odds': 16.2, 'circle_concentration': 64.9, 'eligible_count': 6, 'bet_adj': 2, 'reason': 'rel_win1=58.1%（本命度） / 最有力組み合わせ確率: 0.082（推定実オッズ?16倍） / 2着集中度: 上位2艇 64.9%（補正+0.00） / 総合判定確率: 0.082 / → ヒモ分散。1号艇1着固定で広めのヒモ流し推奨（買い目+2点）', 'tenji_trigger': '展示確認: ヒモ分散レース。1号艇伸び確認後、広めのヒモ流しを採用。穴ヒモ（5・6号艇）を積極的に含める。'}",,,29.5,逃げ狙い,21.69,29.3,4,,,,,,,,,,,
2025-12-24,丸亀,12,5,葛原大陽,A1,32.81,5,△,4.7774,5.9,100,65.5,0.1452,2.9224,,,0,低,92,0,差ま0%,3 12,0,37.9,1.691,0,0,0,0.0741,0,0.1832,0.0316,0.1937,,,C,△,,0.3349,0.645,,0.4329,S,80,0,◎1着固定 2-3着流し（5〜8点）,0.5777,"{'is_target': True, 'verdict': '参加推奨', 'max_combo_prob': 0.0824, 'est_top_odds': 16.2, 'circle_concentration': 64.9, 'eligible_count': 6, 'bet_adj': 2, 'reason': 'rel_win1=58.1%（本命度） / 最有力組み合わせ確率: 0.082（推定実オッズ?16倍） / 2着集中度: 上位2艇 64.9%（補正+0.00） / 総合判定確率: 0.082 / → ヒモ分散。1号艇1着固定で広めのヒモ流し推奨（買い目+2点）', 'tenji_trigger': '展示確認: ヒモ分散レース。1号艇伸び確認後、広めのヒモ流しを採用。穴ヒモ（5・6号艇）を積極的に含める。'}",,,29.5,逃げ狙い,21.69,29.3,4,,,,,,,,,,,
2025-12-24,丸亀,12,6,登みひ果,B1,24.59,6,,1.8136,3.7,13,12.5,0.1727,3.8333,,,0,低,78,0,抜0%,126,0,32,0.8289,0,0,0,0,0.0769,0.2143,0.6429,0,,,E,,,0.2736,0.508,,0.4329,S,80,0,◎1着固定 2-3着流し（5〜8点）,0.5777,"{'is_target': True, 'verdict': '参加推奨', 'max_combo_prob': 0.0824, 'est_top_odds': 16.2, 'circle_concentration': 64.9, 'eligible_count': 6, 'bet_adj': 2, 'reason': 'rel_win1=58.1%（本命度） / 最有力組み合わせ確率: 0.082（推定実オッズ?16倍） / 2着集中度: 上位2艇 64.9%（補正+0.00） / 総合判定確率: 0.082 / → ヒモ分散。1号艇1着固定で広めのヒモ流し推奨（買い目+2点）', 'tenji_trigger': '展示確認: ヒモ分散レース。1号艇伸び確認後、広めのヒモ流しを採用。穴ヒモ（5・6号艇）を積極的に含める。'}",,,29.5,逃げ狙い,21.69,29.3,4,,,,,,,,,,,
2025-12-25,丸亀,1,1,近藤雄一,B1,33.80,1,◎,54.1559,,0,69,0.164,3.2672,,,0,低,163,0,逃0%,3 455,0,73.2,0.9216,0.4643,,,,,0.22,0.3114,0.0143,○,,B,◎,,,0.624,,0.3407,B,58,0,◎○△フォーメーション（15〜20点）,0.5777,"{'is_target': True, 'verdict': '点数絞り', 'max_combo_prob': 0.1007, 'est_top_odds': 13.2, 'circle_concentration': 74.7, 'eligible_count': 9, 'bet_adj': 0, 'reason': 'rel_win1=54.2%（本命度） / 最有力組み合わせ確率: 0.101（推定実オッズ?13倍） / 2着集中度: 上位2艇 74.7%（補正+0.04） / 総合判定確率: 0.141 / → ヒモはやや固め。上位2艇以外を切ること', 'tenji_trigger': '展示確認: 1号艇伸び良→そのまま採用。悪→飛び組に差し替え。circle_pct上位2艇に絞り込むこと。'}",,,31,両建て推奨,18.25,36.4,5,,,,,0,0,0.6155,0,,主役軸流し,B
2025-12-25,丸亀,1,2,谷口知優,B1,32.88,2,▲,15.5528,30.7,100,53.2,0.1496,2.9149,,,0,低,83,0,-,1 5313,0,77.3,0.8674,0,0.12,0,0,0,0,0.3481,0.1039,,◎,C,△,,0.5042,0.6165,,0.3407,B,58,0,◎○△フォーメーション（15〜20点）,0.5777,"{'is_target': True, 'verdict': '点数絞り', 'max_combo_prob': 0.1007, 'est_top_odds': 13.2, 'circle_concentration': 74.7, 'eligible_count': 9, 'bet_adj': 0, 'reason': 'rel_win1=54.2%（本命度） / 最有力組み合わせ確率: 0.101（推定実オッズ?13倍） / 2着集中度: 上位2艇 74.7%（補正+0.04） / 総合判定確率: 0.141 / → ヒモはやや固め。上位2艇以外を切ること', 'tenji_trigger': '展示確認: 1号艇伸び良→そのまま採用。悪→飛び組に差し替え。circle_pct上位2艇に絞り込むこと。'}",,,31,両建て推奨,18.25,36.4,5,,,,,,,,,,,
2025-12-25,丸亀,1,3,井川大作,B1,29.49,3,△,9.0752,44.1,86,57.4,0.143,2.8852,,,0,低,89,0,ま0% 差ま0%,444 43,0,52.4,1.06,0,0,0.0357,0.0714,0,0.3033,0.0933,0.2633,,○,D,△,,0.4371,0.617,,0.3407,B,58,0,◎○△フォーメーション（15〜20点）,0.5777,"{'is_target': True, 'verdict': '点数絞り', 'max_combo_prob': 0.1007, 'est_top_odds': 13.2, 'circle_concentration': 74.7, 'eligible_count': 9, 'bet_adj': 0, 'reason': 'rel_win1=54.2%（本命度） / 最有力組み合わせ確率: 0.101（推定実オッズ?13倍） / 2着集中度: 上位2艇 74.7%（補正+0.04） / 総合判定確率: 0.141 / → ヒモはやや固め。上位2艇以外を切ること', 'tenji_trigger': '展示確認: 1号艇伸び良→そのまま採用。悪→飛び組に差し替え。circle_pct上位2艇に絞り込むこと。'}",,,31,両建て推奨,18.25,36.4,5,,,,,,,,,,,
2025-12-25,丸亀,1,4,樫葉次郎,B2,41.10,4,○,7.8642,17.2,63,25.6,0.1497,3.3077,,,0,低,84,0,-,2 SS6,0,81.2,1.2966,,,,,,0.275,0.25,0.3,,△,A,,,0.4147,0.6065,,0.3407,B,58,0,◎○△フォーメーション（15〜20点）,0.5777,"{'is_target': True, 'verdict': '点数絞り', 'max_combo_prob': 0.1007, 'est_top_odds': 13.2, 'circle_concentration': 74.7, 'eligible_count': 9, 'bet_adj': 0, 'reason': 'rel_win1=54.2%（本命度） / 最有力組み合わせ確率: 0.101（推定実オッズ?13倍） / 2着集中度: 上位2艇 74.7%（補正+0.04） / 総合判定確率: 0.141 / → ヒモはやや固め。上位2艇以外を切ること', 'tenji_trigger': '展示確認: 1号艇伸び良→そのまま採用。悪→飛び組に差し替え。circle_pct上位2艇に絞り込むこと。'}",,,31,両建て推奨,18.25,36.4,5,,,,,,,,,,,
2025-12-25,丸亀,1,5,中里優子,B1,25.00,5,,12.1067,7.2,56,33.3,0.1754,3.2083,,,0,低,61,0,-,6 521,0,42.5,1.2362,,,,,,0.05,0,0.25,,,E,○,,0.3204,0.621,,0.3407,B,58,0,◎○△フォーメーション（15〜20点）,0.5777,"{'is_target': True, 'verdict': '点数絞り', 'max_combo_prob': 0.1007, 'est_top_odds': 13.2, 'circle_concentration': 74.7, 'eligible_count': 9, 'bet_adj': 0, 'reason': 'rel_win1=54.2%（本命度） / 最有力組み合わせ確率: 0.101（推定実オッズ?13倍） / 2着集中度: 上位2艇 74.7%（補正+0.04） / 総合判定確率: 0.141 / → ヒモはやや固め。上位2艇以外を切ること', 'tenji_trigger': '展示確認: 1号艇伸び良→そのまま採用。悪→飛び組に差し替え。circle_pct上位2艇に絞り込むこと。'}",,,31,両建て推奨,18.25,36.4,5,,,,,,,,,,,
2025-12-25,丸亀,1,6,渡辺　崇,B1,29.73,6,,1.2453,0.9,18,10.6,0.22,5.1596,,,0,低,135,0,-,214 22,0,29,0.78,,,,,,0.075,0.315,0.025,,,D,,,0.1817,0.608,,0.3407,B,58,0,◎○△フォーメーション（15〜20点）,0.5777,"{'is_target': True, 'verdict': '点数絞り', 'max_combo_prob': 0.1007, 'est_top_odds': 13.2, 'circle_concentration': 74.7, 'eligible_count': 9, 'bet_adj': 0, 'reason': 'rel_win1=54.2%（本命度） / 最有力組み合わせ確率: 0.101（推定実オッズ?13倍） / 2着集中度: 上位2艇 74.7%（補正+0.04） / 総合判定確率: 0.141 / → ヒモはやや固め。上位2艇以外を切ること', 'tenji_trigger': '展示確認: 1号艇伸び良→そのまま採用。悪→飛び組に差し替え。circle_pct上位2艇に絞り込むこと。'}",,,31,両建て推奨,18.25,36.4,5,,,,,,,,,,,
2025-12-25,丸亀,2,1,沖島広和,B1,23.44,1,◎,45.1598,,0,90.2,0.1584,3.0328,,,0,低,143,0,逃1%,6 242,0,74.2,1.1237,0.5,,,,,0.2615,0.0308,0.1769,○,,C,△,,,0.637,,0.3832,A,71,0,◎-○軸 3着3〜4艇流し（10〜15点）,0.5777,"{'is_target': True, 'verdict': '参加推奨', 'max_combo_prob': 0.0578, 'est_top_odds': 23.1, 'circle_concentration': 70.1, 'eligible_count': 8, 'bet_adj': 2, 'reason': 'rel_win1=45.2%（本命度） / 最有力組み合わせ確率: 0.058（推定実オッズ?23倍） / 2着集中度: 上位2艇 70.1%（補正+0.04） / 総合判定確率: 0.098 / → ヒモ分散。1号艇1着固定で広めのヒモ流し推奨（買い目+2点）', 'tenji_trigger': '展示確認: ヒモ分散レース。1号艇伸び確認後、広めのヒモ流しを採用。穴ヒモ（5・6号艇）を積極的に含める。'}",,,30.7,逃げ狙い,20.8,33.4,4,,,,,0,0,0.6155,0,,逃げ軸流し,A
2025-12-25,丸亀,2,2,谷津幸宏,A1,45.07,2,○,17.4326,38.9,100,68.1,0.117,2.5942,,,0,低,52,0,ま0%,26236,0,41.3,0.9478,0,0.0323,0.1613,0,0,0.0476,0.0714,0.119,,◎,A,○,,0.6133,0.6535,,0.3832,A,71,0,◎-○軸 3着3〜4艇流し（10〜15点）,0.5777,"{'is_target': True, 'verdict': '参加推奨', 'max_combo_prob': 0.0578, 'est_top_odds': 23.1, 'circle_concentration': 70.1, 'eligible_count': 8, 'bet_adj': 2, 'reason': 'rel_win1=45.2%（本命度） / 最有力組み合わせ確率: 0.058（推定実オッズ?23倍） / 2着集中度: 上位2艇 70.1%（補正+0.04） / 総合判定確率: 0.098 / → ヒモ分散。1号艇1着固定で広めのヒモ流し推奨（買い目+2点）', 'tenji_trigger': '展示確認: ヒモ分散レース。1号艇伸び確認後、広めのヒモ流しを採用。穴ヒモ（5・6号艇）を積極的に含める。'}",,,30.7,逃げ狙い,20.8,33.4,4,,,,,,,,,,,
2025-12-25,丸亀,2,3,品田直樹,B1,20.69,3,△,13.7363,31.1,72,60.3,0.1605,3.3082,,,0,低,201,0,差0% ま0% 抜0%,515 44,0,50.8,1.2081,0,0.0278,0.0833,0,0.0278,0.1167,0.119,0.1357,,,C,◎,,0.2994,0.656,,0.3832,A,71,0,◎-○軸 3着3〜4艇流し（10〜15点）,0.5777,"{'is_target': True, 'verdict': '参加推奨', 'max_combo_prob': 0.0578, 'est_top_odds': 23.1, 'circle_concentration': 70.1, 'eligible_count': 8, 'bet_adj': 2, 'reason': 'rel_win1=45.2%（本命度） / 最有力組み合わせ確率: 0.058（推定実オッズ?23倍） / 2着集中度: 上位2艇 70.1%（補正+0.04） / 総合判定確率: 0.098 / → ヒモ分散。1号艇1着固定で広めのヒモ流し推奨（買い目+2点）', 'tenji_trigger': '展示確認: ヒモ分散レース。1号艇伸び確認後、広めのヒモ流しを採用。穴ヒモ（5・6号艇）を積極的に含める。'}",,,30.7,逃げ狙い,20.8,33.4,4,,,,,,,,,,,
2025-12-25,丸亀,2,4,岸本　隆,A2,23.44,4,▲,18.1686,17.1,63,49.1,0.141,2.9407,,,0,低,91,0,-,6 1535,0,100,2.0555,0,0,0.1379,0.0345,0,0.0769,0.1538,0.1923,,,C,△,◎,0.3867,0.6225,0.4155,0.3832,A,71,0,◎-○軸 3着3〜4艇流し（10〜15点）,0.5777,"{'is_target': True, 'verdict': '参加推奨', 'max_combo_prob': 0.0578, 'est_top_odds': 23.1, 'circle_concentration': 70.1, 'eligible_count': 8, 'bet_adj': 2, 'reason': 'rel_win1=45.2%（本命度） / 最有力組み合わせ確率: 0.058（推定実オッズ?23倍） / 2着集中度: 上位2艇 70.1%（補正+0.04） / 総合判定確率: 0.098 / → ヒモ分散。1号艇1着固定で広めのヒモ流し推奨（買い目+2点）', 'tenji_trigger': '展示確認: ヒモ分散レース。1号艇伸び確認後、広めのヒモ流しを採用。穴ヒモ（5・6号艇）を積極的に含める。'}",,,30.7,逃げ狙い,20.8,33.4,4,,,,,,,,,,,
2025-12-25,丸亀,2,5,田中宏樹,B1,17.65,5,,4.5198,12.4,72,44.4,0.1722,3.8981,,,0,低,128,0,-,125 36,0,25.9,0.5795,,,,,,0.2,0.02,0.18,,,D,,,0.2705,0.6195,,0.3832,A,71,0,◎-○軸 3着3〜4艇流し（10〜15点）,0.5777,"{'is_target': True, 'verdict': '参加推奨', 'max_combo_prob': 0.0578, 'est_top_odds': 23.1, 'circle_concentration': 70.1, 'eligible_count': 8, 'bet_adj': 2, 'reason': 'rel_win1=45.2%（本命度） / 最有力組み合わせ確率: 0.058（推定実オッズ?23倍） / 2着集中度: 上位2艇 70.1%（補正+0.04） / 総合判定確率: 0.098 / → ヒモ分散。1号艇1着固定で広めのヒモ流し推奨（買い目+2点）', 'tenji_trigger': '展示確認: ヒモ分散レース。1号艇伸び確認後、広めのヒモ流しを採用。穴ヒモ（5・6号艇）を積極的に含める。'}",,,30.7,逃げ狙い,20.8,33.4,4,,,,,,,,,,,
2025-12-25,丸亀,2,6,日隈　茜,B2,19.12,6,,0.9828,0.4,12,0,0.2033,4.1446,,,0,低,62,0,-,666 65,0,25.9,0.5928,,,,,,,,,,,D,,,0.1718,0.457,,0.3832,A,71,0,◎-○軸 3着3〜4艇流し（10〜15点）,0.5777,"{'is_target': True, 'verdict': '参加推奨', 'max_combo_prob': 0.0578, 'est_top_odds': 23.1, 'circle_concentration': 70.1, 'eligible_count': 8, 'bet_adj': 2, 'reason': 'rel_win1=45.2%（本命度） / 最有力組み合わせ確率: 0.058（推定実オッズ?23倍） / 2着集中度: 上位2艇 70.1%（補正+0.04） / 総合判定確率: 0.098 / → ヒモ分散。1号艇1着固定で広めのヒモ流し推奨（買い目+2点）', 'tenji_trigger': '展示確認: ヒモ分散レース。1号艇伸び確認後、広めのヒモ流しを採用。穴ヒモ（5・6号艇）を積極的に含める。'}",,,30.7,逃げ狙い,20.8,33.4,4,,,,,,,,,,,
2025-12-25,丸亀,3,1,山崎義明,B1,25.81,1,◎,52.7262,,0,77.1,0.1559,3.15,,,0,低,95,0,逃0%,355 42,0,68.1,0.8466,0.2917,,,,,0.0833,0.3571,0.2714,○,,D,○,,,0.6385,,0.3943,A,71,0,◎-○軸 3着3〜4艇流し（10〜15点）,0.5777,"{'is_target': True, 'verdict': '参加推奨', 'max_combo_prob': 0.0591, 'est_top_odds': 22.6, 'circle_concentration': 59.5, 'eligible_count': 8, 'bet_adj': 2, 'reason': 'rel_win1=52.7%（本命度） / 最有力組み合わせ確率: 0.059（推定実オッズ?23倍） / 2着集中度: 上位2艇 59.5%（補正+0.00） / 総合判定確率: 0.059 / → ヒモ分散。1号艇1着固定で広めのヒモ流し推奨（買い目+2点）', 'tenji_trigger': '展示確認: ヒモ分散レース。1号艇伸び確認後、広めのヒモ流しを採用。穴ヒモ（5・6号艇）を積極的に含める。'}",,,30.2,逃げ狙い,15.69,36.5,4,,,,,0,0,0.6155,0,,主役軸流し,B
2025-12-25,丸亀,3,2,志道吉和,B1,20.29,2,,8.8145,16.5,77,27.3,0.1743,4.125,,,0,低,116,0,-,6 154,0,80.6,0.5379,,,,,,0.0833,0.1667,0.4167,,,D,,,0.156,0.566,,0.3943,A,71,0,◎-○軸 3着3〜4艇流し（10〜15点）,0.5777,"{'is_target': True, 'verdict': '参加推奨', 'max_combo_prob': 0.0591, 'est_top_odds': 22.6, 'circle_concentration': 59.5, 'eligible_count': 8, 'bet_adj': 2, 'reason': 'rel_win1=52.7%（本命度） / 最有力組み合わせ確率: 0.059（推定実オッズ?23倍） / 2着集中度: 上位2艇 59.5%（補正+0.00） / 総合判定確率: 0.059 / → ヒモ分散。1号艇1着固定で広めのヒモ流し推奨（買い目+2点）', 'tenji_trigger': '展示確認: ヒモ分散レース。1号艇伸び確認後、広めのヒモ流しを採用。穴ヒモ（5・6号艇）を積極的に含める。'}",,,30.2,逃げ狙い,15.69,36.5,4,,,,,,,,,,,
2025-12-25,丸亀,3,3,角山雄哉,B1,40.58,3,○,18.168,35.1,42,45,0.136,2.6833,,,0,低,95,0,-,552 41,0,63.6,1.1637,0,0,0.1071,0.0714,0,0.2833,0.0333,0.05,,◎,A,△,,0.4391,0.568,,0.3943,A,71,0,◎-○軸 3着3〜4艇流し（10〜15点）,0.5777,"{'is_target': True, 'verdict': '参加推奨', 'max_combo_prob': 0.0591, 'est_top_odds': 22.6, 'circle_concentration': 59.5, 'eligible_count': 8, 'bet_adj': 2, 'reason': 'rel_win1=52.7%（本命度） / 最有力組み合わせ確率: 0.059（推定実オッズ?23倍） / 2着集中度: 上位2艇 59.5%（補正+0.00） / 総合判定確率: 0.059 / → ヒモ分散。1号艇1着固定で広めのヒモ流し推奨（買い目+2点）', 'tenji_trigger': '展示確認: ヒモ分散レース。1号艇伸び確認後、広めのヒモ流しを採用。穴ヒモ（5・6号艇）を積極的に含める。'}",,,30.2,逃げ狙い,15.69,36.5,4,,,,,,,,,,,
2025-12-25,丸亀,3,4,香川素子,A2,18.18,4,,11.1068,24.5,57,47.6,0.1786,3.7738,,,0,低,92,0,-,233 54,0,64.1,1.0787,0,0.0625,0,0,0.0625,0.0182,0.0182,0.4273,,,E,△,,0.25,0.5835,,0.3943,A,71,0,◎-○軸 3着3〜4艇流し（10〜15点）,0.5777,"{'is_target': True, 'verdict': '参加推奨', 'max_combo_prob': 0.0591, 'est_top_odds': 22.6, 'circle_concentration': 59.5, 'eligible_count': 8, 'bet_adj': 2, 'reason': 'rel_win1=52.7%（本命度） / 最有力組み合わせ確率: 0.059（推定実オッズ?23倍） / 2着集中度: 上位2艇 59.5%（補正+0.00） / 総合判定確率: 0.059 / → ヒモ分散。1号艇1着固定で広めのヒモ流し推奨（買い目+2点）', 'tenji_trigger': '展示確認: ヒモ分散レース。1号艇伸び確認後、広めのヒモ流しを採用。穴ヒモ（5・6号艇）を積極的に含める。'}",,,30.2,逃げ狙い,15.69,36.5,4,,,,,,,,,,,
2025-12-25,丸亀,3,5,上村宏太,B1,28.99,5,△,7.814,15.1,79,41.2,0.1604,3.3897,,,0,低,125,0,差ま0%,1 342,0,27.1,1.2617,0,0,0,0.037,0,0.2,0.3,0.3,,,C,,,0.3218,0.5525,,0.3943,A,71,0,◎-○軸 3着3〜4艇流し（10〜15点）,0.5777,"{'is_target': True, 'verdict': '参加推奨', 'max_combo_prob': 0.0591, 'est_top_odds': 22.6, 'circle_concentration': 59.5, 'eligible_count': 8, 'bet_adj': 2, 'reason': 'rel_win1=52.7%（本命度） / 最有力組み合わせ確率: 0.059（推定実オッズ?23倍） / 2着集中度: 上位2艇 59.5%（補正+0.00） / 総合判定確率: 0.059 / → ヒモ分散。1号艇1着固定で広めのヒモ流し推奨（買い目+2点）', 'tenji_trigger': '展示確認: ヒモ分散レース。1号艇伸び確認後、広めのヒモ流しを採用。穴ヒモ（5・6号艇）を積極的に含める。'}",,,30.2,逃げ狙い,15.69,36.5,4,,,,,,,,,,,
2025-12-25,丸亀,3,6,葛原大陽,A1,32.81,6,▲,1.3706,8.9,100,49.2,0.1475,3.5308,,,0,低,92,0,-,3 1236,0,31.9,0.6247,,,,,,0.1832,0.0316,0.1937,,,B,◎,,0.3941,0.645,,0.3943,A,71,0,◎-○軸 3着3〜4艇流し（10〜15点）,0.5777,"{'is_target': True, 'verdict': '参加推奨', 'max_combo_prob': 0.0591, 'est_top_odds': 22.6, 'circle_concentration': 59.5, 'eligible_count': 8, 'bet_adj': 2, 'reason': 'rel_win1=52.7%（本命度） / 最有力組み合わせ確率: 0.059（推定実オッズ?23倍） / 2着集中度: 上位2艇 59.5%（補正+0.00） / 総合判定確率: 0.059 / → ヒモ分散。1号艇1着固定で広めのヒモ流し推奨（買い目+2点）', 'tenji_trigger': '展示確認: ヒモ分散レース。1号艇伸び確認後、広めのヒモ流しを採用。穴ヒモ（5・6号艇）を積極的に含める。'}",,,30.2,逃げ狙い,15.69,36.5,4,,,,,,,,,,,
2025-12-25,丸亀,4,1,登みひ果,B1,24.59,1,▲,37.1696,,0,47.4,0.1526,3.6053,,,0,低,78,0,逃0%,126 25,0,32.6,0.6329,0.1429,,,,,0.2143,0.6429,0,△⚠️,,D,,,,0.508,,0.2661,D,19,1,大荒れ。見送り推奨,0.5777,"{'is_target': False, 'verdict': '対象外', 'max_combo_prob': None, 'est_top_odds': None, 'circle_concentration': None, 'eligible_count': 0, 'bet_adj': 0, 'reason': '1号艇rel_win1 < 45%: 通常判定に委ねる', 'tenji_trigger': ''}",,,35.9,両建て推奨,25.56,44.3,3,3-5-4|3-4-5|3-4-6|3-5-6|3-6-4|3-6-5|3-4-2|1-3-5|1-3-4|1-2-5|1-2-4|1-5-4,3-5-4|3-4-5|3-4-6|3-5-6|3-6-4|3-6-5|3-4-2|1-3-5|1-3-4|1-2-5|1-2-4|1-5-4,3-5-4:2.3%|3-4-5:2.22%|3-4-6:0.99%|3-5-6:0.96%|3-6-4:0.39%|3-6-5:0.36%|3-4-2:0.3%|1-3-5:7.75%|1-3-4:7.14%|1-2-5:5.43%|1-2-4:5.0%|1-5-4:4.63%,3-5-4:B_main|3-4-5:B_main|3-4-6:B_main|3-5-6:B_main|3-6-4:B_main|3-6-5:B_main|3-4-2:B_main|1-3-5:A|1-3-4:A|1-2-5:A|1-2-4:A|1-5-4:A,12,12,0.4535,1,[!]見送り推奨（主役決まり手「まくり」― 逃げ劣勢レースで的中実績なし）,主役軸流し,B
2025-12-25,丸亀,4,2,吉原聖人,B1,23.19,2,,5.2596,31.7,63,48.2,0.177,3.6607,,,0,低,129,0,-,255 34,0,25.1,0.8174,,,,,,0.2533,0.0667,0.3733,,,D,△,,0.1157,0.5965,,0.2661,D,19,1,大荒れ。見送り推奨,0.5777,"{'is_target': False, 'verdict': '対象外', 'max_combo_prob': None, 'est_top_odds': None, 'circle_concentration': None, 'eligible_count': 0, 'bet_adj': 0, 'reason': '1号艇rel_win1 < 45%: 通常判定に委ねる', 'tenji_trigger': ''}",,,35.9,両建て推奨,25.56,44.3,3,,,,,,,,,,,
2025-12-25,丸亀,4,3,河野　大,A1,31.94,3,◎,22.6368,38.2,71,75,0.1427,2.95,,,0,低,88,0,ま1% 差ま0%,25221,0,42.9,0.8675,0,0.0333,0.2,0.1333,0,0.1143,0.0381,0.0286,,◎,B,△,,0.4497,0.6455,,0.2661,D,19,1,大荒れ。見送り推奨,0.5777,"{'is_target': False, 'verdict': '対象外', 'max_combo_prob': None, 'est_top_odds': None, 'circle_concentration': None, 'eligible_count': 0, 'bet_adj': 0, 'reason': '1号艇rel_win1 < 45%: 通常判定に委ねる', 'tenji_trigger': ''}",,,35.9,両建て推奨,25.56,44.3,3,,,,,,,,,,,
2025-12-25,丸亀,4,4,村越　篤,B1,30.26,4,△,10.9543,12.2,100,63.2,0.1626,3.4737,,,0,低,142,0,ま0%,141 65,0,54.2,1.0496,0,0.0385,0.0385,0,0,0.2516,0.0129,0.0774,,,B,◎,○,0.3382,0.667,0.2364,0.2661,D,19,1,大荒れ。見送り推奨,0.5777,"{'is_target': False, 'verdict': '対象外', 'max_combo_prob': None, 'est_top_odds': None, 'circle_concentration': None, 'eligible_count': 0, 'bet_adj': 0, 'reason': '1号艇rel_win1 < 45%: 通常判定に委ねる', 'tenji_trigger': ''}",,,35.9,両建て推奨,25.56,44.3,3,,,,,,,,,,,
2025-12-25,丸亀,4,5,西野雄貴,A2,29.69,5,○,20.7428,17.6,39,56.4,0.1392,2.3846,,,0,低,50,0,ま0%,1 3511,0,83.9,1.3831,0,0.05,0.05,0.15,0,0.0435,0.0435,0.0435,,○,C,○,◎,0.4494,0.652,0.4207,0.2661,D,19,1,大荒れ。見送り推奨,0.5777,"{'is_target': False, 'verdict': '対象外', 'max_combo_prob': None, 'est_top_odds': None, 'circle_concentration': None, 'eligible_count': 0, 'bet_adj': 0, 'reason': '1号艇rel_win1 < 45%: 通常判定に委ねる', 'tenji_trigger': ''}",,,35.9,両建て推奨,25.56,44.3,3,,,,,,,,,,,
2025-12-25,丸亀,4,6,富永修一,A2,23.08,6,,3.2371,0.3,36,31.5,0.1505,3.5616,,,0,低,92,0,-,31462,0,30.1,0.9572,,,,,,0.1257,0.1257,0.1124,,△,E,△,,0.4135,0.6455,,0.2661,D,19,1,大荒れ。見送り推奨,0.5777,"{'is_target': False, 'verdict': '対象外', 'max_combo_prob': None, 'est_top_odds': None, 'circle_concentration': None, 'eligible_count': 0, 'bet_adj': 0, 'reason': '1号艇rel_win1 < 45%: 通常判定に委ねる', 'tenji_trigger': ''}",,,35.9,両建て推奨,25.56,44.3,3,,,,,,,,,,,
2025-12-25,丸亀,5,1,井川大作,B1,29.49,1,○,38.6946,,0,75.5,0.1704,3.4811,,,0,低,89,0,-,444 43,0,83.4,1.049,0.2083,,,,,0.3033,0.0933,0.2633,△,,C,△,,,0.617,,0.2472,B,45,0,◎○△フォーメーション（15〜20点）,0.5777,"{'is_target': False, 'verdict': '対象外', 'max_combo_prob': None, 'est_top_odds': None, 'circle_concentration': None, 'eligible_count': 0, 'bet_adj': 0, 'reason': '1号艇rel_win1 < 45%: 通常判定に委ねる', 'tenji_trigger': ''}",,,31.7,両建て推奨,19.64,37.2,3,2-1-3|1-2-4|1-2-3|1-3-4|1-3-2|1-4-3,2-1-3|6-1-3|5-1-3|6-3-1|6-1-4|5-3-1|5-1-6|1-2-4|1-2-3|1-3-4|1-3-2|1-4-3,2-1-3:4.01%|1-2-4:8.89%|1-2-3:7.75%|1-3-4:7.21%|1-3-2:6.06%|1-4-3:3.6%,2-1-3:B_main|1-2-4:A|1-2-3:A|1-3-4:A|1-3-2:A|1-4-3:A,6,12,0.4535,1,[!]見送り推奨（主役決まり手「差し」― 逃げ劣勢レースで的中実績なし）,荒れ広め,D
2025-12-25,丸亀,5,2,興津　藍,A1,31.25,2,▲,16.8697,46,77,65.6,0.1608,3.541,,,0,低,133,0,-,333 21,0,62,1.0878,0,0.1724,0,0,0,0.1562,0.0343,0.179,,◎,C,○,,0.4817,0.6195,,0.2472,B,45,0,◎○△フォーメーション（15〜20点）,0.5777,"{'is_target': False, 'verdict': '対象外', 'max_combo_prob': None, 'est_top_odds': None, 'circle_concentration': None, 'eligible_count': 0, 'bet_adj': 0, 'reason': '1号艇rel_win1 < 45%: 通常判定に委ねる', 'tenji_trigger': ''}",,,31.7,両建て推奨,19.64,37.2,3,,,,,,,,,,,
2025-12-25,丸亀,5,3,永田啓二,A1,36.11,3,◎,22.4919,33.5,100,73.7,0.1389,2.3772,,,0,低,50,0,ま0% 差ま0% 抜0%,521 32,0,42.8,0.8565,0,0,0.0385,0.0769,0.0769,0.2783,0.0089,0.0267,,○,B,◎,,0.4744,0.688,,0.2472,B,45,0,◎○△フォーメーション（15〜20点）,0.5777,"{'is_target': False, 'verdict': '対象外', 'max_combo_prob': None, 'est_top_odds': None, 'circle_concentration': None, 'eligible_count': 0, 'bet_adj': 0, 'reason': '1号艇rel_win1 < 45%: 通常判定に委ねる', 'tenji_trigger': ''}",,,31.7,両建て推奨,19.64,37.2,3,,,,,,,,,,,
2025-12-25,丸亀,5,4,篠原飛翔,A2,20.97,4,,17.0564,13.2,90,54.4,0.1674,3.8043,,,0,低,97,0,-,3 3332,0,61.2,1.0379,0,0.0769,0.0769,0.0769,0,0.0808,0.1423,0.0462,,,E,△,◎,0.3286,0.603,0.4786,0.2472,B,45,0,◎○△フォーメーション（15〜20点）,0.5777,"{'is_target': False, 'verdict': '対象外', 'max_combo_prob': None, 'est_top_odds': None, 'circle_concentration': None, 'eligible_count': 0, 'bet_adj': 0, 'reason': '1号艇rel_win1 < 45%: 通常判定に委ねる', 'tenji_trigger': ''}",,,31.7,両建て推奨,19.64,37.2,3,,,,,,,,,,,
2025-12-25,丸亀,5,5,三品隆浩,B1,39.06,5,△,3.7213,7.1,58,32.7,0.1958,4.3273,,,0,低,181,0,-,5 4554,0,53.1,0.976,,,,,,0.2881,0.2714,0.119,,,A,,,0.2443,0.59,,0.2472,B,45,0,◎○△フォーメーション（15〜20点）,0.5777,"{'is_target': False, 'verdict': '対象外', 'max_combo_prob': None, 'est_top_odds': None, 'circle_concentration': None, 'eligible_count': 0, 'bet_adj': 0, 'reason': '1号艇rel_win1 < 45%: 通常判定に委ねる', 'tenji_trigger': ''}",,,31.7,両建て推奨,19.64,37.2,3,,,,,,,,,,,
2025-12-25,丸亀,5,6,西田和加,B2,21.21,6,,1.1662,0.3,14,0,0.2248,4.9516,,,0,低,88,0,-,6 666,0,26.4,0.5461,,,,,,0.4,0.4,0.2,,,D,,,0.1509,0.431,,0.2472,B,45,0,◎○△フォーメーション（15〜20点）,0.5777,"{'is_target': False, 'verdict': '対象外', 'max_combo_prob': None, 'est_top_odds': None, 'circle_concentration': None, 'eligible_count': 0, 'bet_adj': 0, 'reason': '1号艇rel_win1 < 45%: 通常判定に委ねる', 'tenji_trigger': ''}",,,31.7,両建て推奨,19.64,37.2,3,,,,,,,,,,,
2025-12-25,丸亀,6,1,嶋　義信,A2,33.33,1,◎,55.986,,0,85.7,0.1239,2.5,,,0,低,90,0,逃1%,34346,0,70,1.0491,0.5312,,,,,0.125,0.15,0.1875,◎,,B,△,,,0.632,,0.6108,S,99,0,◎1着固定 2-3着流し（5〜8点）,0.5777,"{'is_target': True, 'verdict': '参加推奨', 'max_combo_prob': 0.0727, 'est_top_odds': 18.3, 'circle_concentration': 87.8, 'eligible_count': 6, 'bet_adj': 2, 'reason': 'rel_win1=56.0%（本命度） / 最有力組み合わせ確率: 0.073（推定実オッズ?18倍） / 2着集中度: 上位2艇 87.8%（補正+0.04） / 総合判定確率: 0.113 / → ヒモ分散。1号艇1着固定で広めのヒモ流し推奨（買い目+2点）', 'tenji_trigger': '展示確認: ヒモ分散レース。1号艇伸び確認後、広めのヒモ流しを採用。穴ヒモ（5・6号艇）を積極的に含める。\n展示で1号艇スタート超安定(0.124秒)→ヒモ固まり方向に注意'}",,,27.8,逃げ狙い,14.14,30.8,3,,,,,0,0,0.7559,0,,逃げ軸流し,A
2025-12-25,丸亀,6,2,沖島広和,B1,23.44,2,,12.8874,47.3,85,69,0.1793,4.1207,,,0,低,143,0,-,6 242,0,100,2.6134,0,0.15,0,0,0.05,0.2615,0.0308,0.1769,,,E,△,,0.1034,0.637,,0.6108,S,99,0,◎1着固定 2-3着流し（5〜8点）,0.5777,"{'is_target': True, 'verdict': '参加推奨', 'max_combo_prob': 0.0727, 'est_top_odds': 18.3, 'circle_concentration': 87.8, 'eligible_count': 6, 'bet_adj': 2, 'reason': 'rel_win1=56.0%（本命度） / 最有力組み合わせ確率: 0.073（推定実オッズ?18倍） / 2着集中度: 上位2艇 87.8%（補正+0.04） / 総合判定確率: 0.113 / → ヒモ分散。1号艇1着固定で広めのヒモ流し推奨（買い目+2点）', 'tenji_trigger': '展示確認: ヒモ分散レース。1号艇伸び確認後、広めのヒモ流しを採用。穴ヒモ（5・6号艇）を積極的に含める。\n展示で1号艇スタート超安定(0.124秒)→ヒモ固まり方向に注意'}",,,27.8,逃げ狙い,14.14,30.8,3,,,,,,,,,,,
2025-12-25,丸亀,6,3,平田忠則,A1,33.87,3,○,21.7758,40.6,81,78,0.1392,2.55,,,0,低,74,0,-,42112,0,37.2,0.9106,0,0,0.1304,0.087,0.0435,0.1148,0.1889,0.0148,,,B,,,0.2529,0.603,,0.6108,S,99,0,◎1着固定 2-3着流し（5〜8点）,0.5777,"{'is_target': True, 'verdict': '参加推奨', 'max_combo_prob': 0.0727, 'est_top_odds': 18.3, 'circle_concentration': 87.8, 'eligible_count': 6, 'bet_adj': 2, 'reason': 'rel_win1=56.0%（本命度） / 最有力組み合わせ確率: 0.073（推定実オッズ?18倍） / 2着集中度: 上位2艇 87.8%（補正+0.04） / 総合判定確率: 0.113 / → ヒモ分散。1号艇1着固定で広めのヒモ流し推奨（買い目+2点）', 'tenji_trigger': '展示確認: ヒモ分散レース。1号艇伸び確認後、広めのヒモ流しを採用。穴ヒモ（5・6号艇）を積極的に含める。\n展示で1号艇スタート超安定(0.124秒)→ヒモ固まり方向に注意'}",,,27.8,逃げ狙い,14.14,30.8,3,,,,,,,,,,,
2025-12-25,丸亀,6,4,大西　賢,B1,27.40,4,△,4.429,5.5,100,22,0.1781,3.6102,,,0,低,150,0,-,563 23,0,77.6,1.5819,0,0,0.0417,0,0,0.1722,0.1722,0.2591,,,D,,,0.1309,0.549,,0.6108,S,99,0,◎1着固定 2-3着流し（5〜8点）,0.5777,"{'is_target': True, 'verdict': '参加推奨', 'max_combo_prob': 0.0727, 'est_top_odds': 18.3, 'circle_concentration': 87.8, 'eligible_count': 6, 'bet_adj': 2, 'reason': 'rel_win1=56.0%（本命度） / 最有力組み合わせ確率: 0.073（推定実オッズ?18倍） / 2着集中度: 上位2艇 87.8%（補正+0.04） / 総合判定確率: 0.113 / → ヒモ分散。1号艇1着固定で広めのヒモ流し推奨（買い目+2点）', 'tenji_trigger': '展示確認: ヒモ分散レース。1号艇伸び確認後、広めのヒモ流しを採用。穴ヒモ（5・6号艇）を積極的に含める。\n展示で1号艇スタート超安定(0.124秒)→ヒモ固まり方向に注意'}",,,27.8,逃げ狙い,14.14,30.8,3,,,,,,,,,,,
2025-12-25,丸亀,6,5,西原明生,B1,28.38,5,,3.8287,6.1,96,35.8,0.1886,3.9877,,,0,低,192,0,-,4 4416,0,50.6,1.0757,0,0,0.0286,0,0,0.2571,0.2571,0.2762,,,D,○,,0.1303,0.641,,0.6108,S,99,0,◎1着固定 2-3着流し（5〜8点）,0.5777,"{'is_target': True, 'verdict': '参加推奨', 'max_combo_prob': 0.0727, 'est_top_odds': 18.3, 'circle_concentration': 87.8, 'eligible_count': 6, 'bet_adj': 2, 'reason': 'rel_win1=56.0%（本命度） / 最有力組み合わせ確率: 0.073（推定実オッズ?18倍） / 2着集中度: 上位2艇 87.8%（補正+0.04） / 総合判定確率: 0.113 / → ヒモ分散。1号艇1着固定で広めのヒモ流し推奨（買い目+2点）', 'tenji_trigger': '展示確認: ヒモ分散レース。1号艇伸び確認後、広めのヒモ流しを採用。穴ヒモ（5・6号艇）を積極的に含める。\n展示で1号艇スタート超安定(0.124秒)→ヒモ固まり方向に注意'}",,,27.8,逃げ狙い,14.14,30.8,3,,,,,,,,,,,
2025-12-25,丸亀,6,6,烏野賢太,A1,32.31,6,▲,1.093,0.6,87,32.6,0.1763,4,,,0,低,135,0,-,352 11,0,29.4,0.43,,,,,,0.1153,0.145,0,,,C,◎,,0.1696,0.663,,0.6108,S,99,0,◎1着固定 2-3着流し（5〜8点）,0.5777,"{'is_target': True, 'verdict': '参加推奨', 'max_combo_prob': 0.0727, 'est_top_odds': 18.3, 'circle_concentration': 87.8, 'eligible_count': 6, 'bet_adj': 2, 'reason': 'rel_win1=56.0%（本命度） / 最有力組み合わせ確率: 0.073（推定実オッズ?18倍） / 2着集中度: 上位2艇 87.8%（補正+0.04） / 総合判定確率: 0.113 / → ヒモ分散。1号艇1着固定で広めのヒモ流し推奨（買い目+2点）', 'tenji_trigger': '展示確認: ヒモ分散レース。1号艇伸び確認後、広めのヒモ流しを採用。穴ヒモ（5・6号艇）を積極的に含める。\n展示で1号艇スタート超安定(0.124秒)→ヒモ固まり方向に注意'}",,,27.8,逃げ狙い,14.14,30.8,3,,,,,,,,,,,
2025-12-25,丸亀,7,1,中岡正彦,A1,27.27,1,◎,61.4102,,0,93.3,0.1175,2.4083,,,0,低,42,0,逃1%,411 13,0,86.5,1.0949,0.7647,,,,,0.1103,0,0.0588,◎,,C,○,,,0.649,,0.7196,S,100,0,◎1着固定 2-3着流し（5〜8点）,0.5777,"{'is_target': True, 'verdict': '参加推奨', 'max_combo_prob': 0.0931, 'est_top_odds': 14.3, 'circle_concentration': 64.7, 'eligible_count': 6, 'bet_adj': 2, 'reason': 'rel_win1=61.4%（本命度） / 最有力組み合わせ確率: 0.093（推定実オッズ?14倍） / 2着集中度: 上位2艇 64.7%（補正+0.00） / 総合判定確率: 0.093 / → ヒモ分散。1号艇1着固定で広めのヒモ流し推奨（買い目+2点）', 'tenji_trigger': '展示確認: ヒモ分散レース。1号艇伸び確認後、広めのヒモ流しを採用。穴ヒモ（5・6号艇）を積極的に含める。\n展示で1号艇スタート超安定(0.117秒)→ヒモ固まり方向に注意'}",,,26.4,逃げ狙い,17.33,24.2,4,,,,,0,0,0.7559,0,,逃げ軸流し,A
2025-12-25,丸亀,7,2,竹下大樹,A1,28.57,2,△,14.5579,42.7,100,68.6,0.1753,3.6471,,,0,低,123,0,-,6 1655,0,54.6,1.1405,0,0.0455,0.1818,0,0.0455,0.0385,0.0385,0,,,C,△,,0.0778,0.6165,,0.7196,S,100,0,◎1着固定 2-3着流し（5〜8点）,0.5777,"{'is_target': True, 'verdict': '参加推奨', 'max_combo_prob': 0.0931, 'est_top_odds': 14.3, 'circle_concentration': 64.7, 'eligible_count': 6, 'bet_adj': 2, 'reason': 'rel_win1=61.4%（本命度） / 最有力組み合わせ確率: 0.093（推定実オッズ?14倍） / 2着集中度: 上位2艇 64.7%（補正+0.00） / 総合判定確率: 0.093 / → ヒモ分散。1号艇1着固定で広めのヒモ流し推奨（買い目+2点）', 'tenji_trigger': '展示確認: ヒモ分散レース。1号艇伸び確認後、広めのヒモ流しを採用。穴ヒモ（5・6号艇）を積極的に含める。\n展示で1号艇スタート超安定(0.117秒)→ヒモ固まり方向に注意'}",,,26.4,逃げ狙い,17.33,24.2,4,,,,,,,,,,,
2025-12-25,丸亀,7,3,志道吉和,B1,20.29,3,,5.4663,19.6,58,37.2,0.1544,3.3837,,,0,低,116,0,-,6 154,0,22.9,0.7219,,,,,,0.0833,0.1667,0.4167,,,E,,,0.1349,0.566,,0.7196,S,100,0,◎1着固定 2-3着流し（5〜8点）,0.5777,"{'is_target': True, 'verdict': '参加推奨', 'max_combo_prob': 0.0931, 'est_top_odds': 14.3, 'circle_concentration': 64.7, 'eligible_count': 6, 'bet_adj': 2, 'reason': 'rel_win1=61.4%（本命度） / 最有力組み合わせ確率: 0.093（推定実オッズ?14倍） / 2着集中度: 上位2艇 64.7%（補正+0.00） / 総合判定確率: 0.093 / → ヒモ分散。1号艇1着固定で広めのヒモ流し推奨（買い目+2点）', 'tenji_trigger': '展示確認: ヒモ分散レース。1号艇伸び確認後、広めのヒモ流しを採用。穴ヒモ（5・6号艇）を積極的に含める。\n展示で1号艇スタート超安定(0.117秒)→ヒモ固まり方向に注意'}",,,26.4,逃げ狙い,17.33,24.2,4,,,,,,,,,,,
2025-12-25,丸亀,7,4,村松修二,A2,34.33,4,○,15.1062,22,71,65.9,0.1439,2.6136,,,0,低,81,0,差0% 差ま0%,232214,0,33.2,0.7715,0,0.0556,0.0556,0.0556,0.0556,0.0308,0.0308,0.3341,,,B,,◎,0.1896,0.596,0.4874,0.7196,S,100,0,◎1着固定 2-3着流し（5〜8点）,0.5777,"{'is_target': True, 'verdict': '参加推奨', 'max_combo_prob': 0.0931, 'est_top_odds': 14.3, 'circle_concentration': 64.7, 'eligible_count': 6, 'bet_adj': 2, 'reason': 'rel_win1=61.4%（本命度） / 最有力組み合わせ確率: 0.093（推定実オッズ?14倍） / 2着集中度: 上位2艇 64.7%（補正+0.00） / 総合判定確率: 0.093 / → ヒモ分散。1号艇1着固定で広めのヒモ流し推奨（買い目+2点）', 'tenji_trigger': '展示確認: ヒモ分散レース。1号艇伸び確認後、広めのヒモ流しを採用。穴ヒモ（5・6号艇）を積極的に含める。\n展示で1号艇スタート超安定(0.117秒)→ヒモ固まり方向に注意'}",,,26.4,逃げ狙い,17.33,24.2,4,,,,,,,,,,,
2025-12-25,丸亀,7,5,近藤雄一,B1,33.80,5,▲,2.5087,13.6,48,27.8,0.1733,3.5833,,,0,低,163,0,-,3 455,0,41.6,0.861,,,,,,0.22,0.3114,0.0143,,,B,△,,0.1372,0.624,,0.7196,S,100,0,◎1着固定 2-3着流し（5〜8点）,0.5777,"{'is_target': True, 'verdict': '参加推奨', 'max_combo_prob': 0.0931, 'est_top_odds': 14.3, 'circle_concentration': 64.7, 'eligible_count': 6, 'bet_adj': 2, 'reason': 'rel_win1=61.4%（本命度） / 最有力組み合わせ確率: 0.093（推定実オッズ?14倍） / 2着集中度: 上位2艇 64.7%（補正+0.00） / 総合判定確率: 0.093 / → ヒモ分散。1号艇1着固定で広めのヒモ流し推奨（買い目+2点）', 'tenji_trigger': '展示確認: ヒモ分散レース。1号艇伸び確認後、広めのヒモ流しを採用。穴ヒモ（5・6号艇）を積極的に含める。\n展示で1号艇スタート超安定(0.117秒)→ヒモ固まり方向に注意'}",,,26.4,逃げ狙い,17.33,24.2,4,,,,,,,,,,,
2025-12-25,丸亀,7,6,品田直樹,B1,20.69,6,,0.9507,2.1,23,11.1,0.2206,4.787,,,0,低,201,0,-,515 44,0,24.5,0.8733,,,,,,0.1167,0.119,0.1357,,,D,◎,,0.135,0.656,,0.7196,S,100,0,◎1着固定 2-3着流し（5〜8点）,0.5777,"{'is_target': True, 'verdict': '参加推奨', 'max_combo_prob': 0.0931, 'est_top_odds': 14.3, 'circle_concentration': 64.7, 'eligible_count': 6, 'bet_adj': 2, 'reason': 'rel_win1=61.4%（本命度） / 最有力組み合わせ確率: 0.093（推定実オッズ?14倍） / 2着集中度: 上位2艇 64.7%（補正+0.00） / 総合判定確率: 0.093 / → ヒモ分散。1号艇1着固定で広めのヒモ流し推奨（買い目+2点）', 'tenji_trigger': '展示確認: ヒモ分散レース。1号艇伸び確認後、広めのヒモ流しを採用。穴ヒモ（5・6号艇）を積極的に含める。\n展示で1号艇スタート超安定(0.117秒)→ヒモ固まり方向に注意'}",,,26.4,逃げ狙い,17.33,24.2,4,,,,,,,,,,,
2025-12-25,丸亀,8,1,池永　太,A1,13.56,1,◎,65.0217,,0,97.2,0.145,2.9375,,,0,低,54,0,逃1%,14213,0,93,1.2546,0.8108,,,,,0.0541,0.0811,0,◎,,E,◎,,,0.6845,,0.5749,S,97,0,◎1着固定 2-3着流し（5〜8点）,0.5777,"{'is_target': True, 'verdict': '点数絞り', 'max_combo_prob': 0.1207, 'est_top_odds': 11.0, 'circle_concentration': 71.9, 'eligible_count': 6, 'bet_adj': 0, 'reason': 'rel_win1=65.0%（本命度） / 最有力組み合わせ確率: 0.121（推定実オッズ?11倍） / 2着集中度: 上位2艇 71.9%（補正+0.04） / 総合判定確率: 0.161 / → ヒモはやや固め。上位2艇以外を切ること', 'tenji_trigger': '展示確認: 1号艇伸び良→そのまま採用。悪→飛び組に差し替え。circle_pct上位2艇に絞り込むこと。'}",,,26.7,逃げ狙い,18.37,24.2,4,,,,,0,0,0.7559,0,,逃げ軸流し,A
2025-12-25,丸亀,8,2,福田雅一,A2,33.77,2,○,12.6941,43.8,98,74.6,0.1429,3.1909,,,0,低,91,0,差0%,261643,0,46.2,0.9074,0,0.0833,0.0417,0,0.0417,0.2,0.1,0.2,,○,B,△,,0.3377,0.66,,0.5749,S,97,0,◎1着固定 2-3着流し（5〜8点）,0.5777,"{'is_target': True, 'verdict': '点数絞り', 'max_combo_prob': 0.1207, 'est_top_odds': 11.0, 'circle_concentration': 71.9, 'eligible_count': 6, 'bet_adj': 0, 'reason': 'rel_win1=65.0%（本命度） / 最有力組み合わせ確率: 0.121（推定実オッズ?11倍） / 2着集中度: 上位2艇 71.9%（補正+0.04） / 総合判定確率: 0.161 / → ヒモはやや固め。上位2艇以外を切ること', 'tenji_trigger': '展示確認: 1号艇伸び良→そのまま採用。悪→飛び組に差し替え。circle_pct上位2艇に絞り込むこと。'}",,,26.7,逃げ狙い,18.37,24.2,4,,,,,,,,,,,
2025-12-25,丸亀,8,3,村越　篤,B1,30.26,3,,7.7274,28.1,67,53.6,0.1667,3.2681,,,0,低,142,0,ま0% 抜0%,141 65,0,25.1,0.8156,0,0,0.0417,0.0417,0.0417,0.2516,0.0129,0.0774,,,C,○,,0.1783,0.667,,0.5749,S,97,0,◎1着固定 2-3着流し（5〜8点）,0.5777,"{'is_target': True, 'verdict': '点数絞り', 'max_combo_prob': 0.1207, 'est_top_odds': 11.0, 'circle_concentration': 71.9, 'eligible_count': 6, 'bet_adj': 0, 'reason': 'rel_win1=65.0%（本命度） / 最有力組み合わせ確率: 0.121（推定実オッズ?11倍） / 2着集中度: 上位2艇 71.9%（補正+0.04） / 総合判定確率: 0.161 / → ヒモはやや固め。上位2艇以外を切ること', 'tenji_trigger': '展示確認: 1号艇伸び良→そのまま採用。悪→飛び組に差し替え。circle_pct上位2艇に絞り込むこと。'}",,,26.7,逃げ狙い,18.37,24.2,4,,,,,,,,,,,
2025-12-25,丸亀,8,4,戸塚邦好,A2,28.57,4,△,10.0926,21.2,100,72.7,0.1198,2.2727,,,0,低,59,0,ま0%,411464,0,73.9,1.4377,0,0,0.1739,0,0,0.032,0.232,0.048,,◎,D,△,◎,0.4268,0.655,0.4455,0.5749,S,97,0,◎1着固定 2-3着流し（5〜8点）,0.5777,"{'is_target': True, 'verdict': '点数絞り', 'max_combo_prob': 0.1207, 'est_top_odds': 11.0, 'circle_concentration': 71.9, 'eligible_count': 6, 'bet_adj': 0, 'reason': 'rel_win1=65.0%（本命度） / 最有力組み合わせ確率: 0.121（推定実オッズ?11倍） / 2着集中度: 上位2艇 71.9%（補正+0.04） / 総合判定確率: 0.161 / → ヒモはやや固め。上位2艇以外を切ること', 'tenji_trigger': '展示確認: 1号艇伸び良→そのまま採用。悪→飛び組に差し替え。circle_pct上位2艇に絞り込むこと。'}",,,26.7,逃げ狙い,18.37,24.2,4,,,,,,,,,,,
2025-12-25,丸亀,8,5,樫葉次郎,B2,41.10,5,▲,3.5665,1,25,7.7,0.1623,3.6282,,,0,低,84,0,-,2 SS6,0,35.9,1.0071,0,0,0,0.0476,0,0.275,0.25,0.3,,,A,,,0.2249,0.6065,,0.5749,S,97,0,◎1着固定 2-3着流し（5〜8点）,0.5777,"{'is_target': True, 'verdict': '点数絞り', 'max_combo_prob': 0.1207, 'est_top_odds': 11.0, 'circle_concentration': 71.9, 'eligible_count': 6, 'bet_adj': 0, 'reason': 'rel_win1=65.0%（本命度） / 最有力組み合わせ確率: 0.121（推定実オッズ?11倍） / 2着集中度: 上位2艇 71.9%（補正+0.04） / 総合判定確率: 0.161 / → ヒモはやや固め。上位2艇以外を切ること', 'tenji_trigger': '展示確認: 1号艇伸び良→そのまま採用。悪→飛び組に差し替え。circle_pct上位2艇に絞り込むこと。'}",,,26.7,逃げ狙い,18.37,24.2,4,,,,,,,,,,,
2025-12-25,丸亀,8,6,上村宏太,B1,28.99,6,,0.8978,5.9,44,26.7,0.1813,3.9833,,,0,低,125,0,-,1 342,0,50.7,1.1539,,,,,,0.2,0.3,0.3,,,D,,,0.198,0.5525,,0.5749,S,97,0,◎1着固定 2-3着流し（5〜8点）,0.5777,"{'is_target': True, 'verdict': '点数絞り', 'max_combo_prob': 0.1207, 'est_top_odds': 11.0, 'circle_concentration': 71.9, 'eligible_count': 6, 'bet_adj': 0, 'reason': 'rel_win1=65.0%（本命度） / 最有力組み合わせ確率: 0.121（推定実オッズ?11倍） / 2着集中度: 上位2艇 71.9%（補正+0.04） / 総合判定確率: 0.161 / → ヒモはやや固め。上位2艇以外を切ること', 'tenji_trigger': '展示確認: 1号艇伸び良→そのまま採用。悪→飛び組に差し替え。circle_pct上位2艇に絞り込むこと。'}",,,26.7,逃げ狙い,18.37,24.2,4,,,,,,,,,,,
2025-12-25,丸亀,9,1,香川素子,A2,18.18,1,◎,68.0957,,0,89.8,0.16,3.1429,,,0,低,92,0,逃1%,233 54,0,82.3,1.0081,0.5909,,,,,0.0182,0.0182,0.4273,◎,,E,△,,,0.5835,,0.4793,A,71,0,◎-○軸 3着3〜4艇流し（10〜15点）,0.5777,"{'is_target': True, 'verdict': '参加推奨', 'max_combo_prob': 0.0863, 'est_top_odds': 15.5, 'circle_concentration': 67.8, 'eligible_count': 8, 'bet_adj': 2, 'reason': 'rel_win1=68.1%（本命度） / 最有力組み合わせ確率: 0.086（推定実オッズ?16倍） / 2着集中度: 上位2艇 67.8%（補正+0.00） / 総合判定確率: 0.086 / → ヒモ分散。1号艇1着固定で広めのヒモ流し推奨（買い目+2点）', 'tenji_trigger': '展示確認: ヒモ分散レース。1号艇伸び確認後、広めのヒモ流しを採用。穴ヒモ（5・6号艇）を積極的に含める。'}",,,26.8,逃げ狙い,12.3,29.6,3,,,,,0,0,0.7559,0,,逃げ軸流し,A
2025-12-25,丸亀,9,2,西田和加,B2,21.21,2,,10.9764,41.7,100,0,0.2367,4.8333,,,0,低,88,1,-,6 666,0,12.7,0.5379,,,,,,0.4,0.4,0.2,,,D,,,0.0775,0.431,,0.4793,A,71,0,◎-○軸 3着3〜4艇流し（10〜15点）,0.5777,"{'is_target': True, 'verdict': '参加推奨', 'max_combo_prob': 0.0863, 'est_top_odds': 15.5, 'circle_concentration': 67.8, 'eligible_count': 8, 'bet_adj': 2, 'reason': 'rel_win1=68.1%（本命度） / 最有力組み合わせ確率: 0.086（推定実オッズ?16倍） / 2着集中度: 上位2艇 67.8%（補正+0.00） / 総合判定確率: 0.086 / → ヒモ分散。1号艇1着固定で広めのヒモ流し推奨（買い目+2点）', 'tenji_trigger': '展示確認: ヒモ分散レース。1号艇伸び確認後、広めのヒモ流しを採用。穴ヒモ（5・6号艇）を積極的に含める。'}",,,26.8,逃げ狙い,12.3,29.6,3,,,,,,,,,,,
2025-12-25,丸亀,9,3,登みひ果,B1,24.59,3,△,8.3574,26,75,25.7,0.1969,3.7,,,0,低,78,0,-,126 25,0,31.5,0.6073,0,0,0,0,0,0.2143,0.6429,0,,,C,△,,0.135,0.508,,0.4793,A,71,0,◎-○軸 3着3〜4艇流し（10〜15点）,0.5777,"{'is_target': True, 'verdict': '参加推奨', 'max_combo_prob': 0.0863, 'est_top_odds': 15.5, 'circle_concentration': 67.8, 'eligible_count': 8, 'bet_adj': 2, 'reason': 'rel_win1=68.1%（本命度） / 最有力組み合わせ確率: 0.086（推定実オッズ?16倍） / 2着集中度: 上位2艇 67.8%（補正+0.00） / 総合判定確率: 0.086 / → ヒモ分散。1号艇1着固定で広めのヒモ流し推奨（買い目+2点）', 'tenji_trigger': '展示確認: ヒモ分散レース。1号艇伸び確認後、広めのヒモ流しを採用。穴ヒモ（5・6号艇）を積極的に含める。'}",,,26.8,逃げ狙い,12.3,29.6,3,,,,,,,,,,,
2025-12-25,丸亀,9,4,松尾怜実,B2,28.79,4,○,6.475,19.2,88,16.7,0.1322,3.0278,,,0,低,40,0,-,5 3665,0,34.5,0.6004,,,,,,0.3333,0,0.3333,,◎,B,○,,0.4181,0.599,,0.4793,A,71,0,◎-○軸 3着3〜4艇流し（10〜15点）,0.5777,"{'is_target': True, 'verdict': '参加推奨', 'max_combo_prob': 0.0863, 'est_top_odds': 15.5, 'circle_concentration': 67.8, 'eligible_count': 8, 'bet_adj': 2, 'reason': 'rel_win1=68.1%（本命度） / 最有力組み合わせ確率: 0.086（推定実オッズ?16倍） / 2着集中度: 上位2艇 67.8%（補正+0.00） / 総合判定確率: 0.086 / → ヒモ分散。1号艇1着固定で広めのヒモ流し推奨（買い目+2点）', 'tenji_trigger': '展示確認: ヒモ分散レース。1号艇伸び確認後、広めのヒモ流しを採用。穴ヒモ（5・6号艇）を積極的に含める。'}",,,26.8,逃げ狙い,12.3,29.6,3,,,,,,,,,,,
2025-12-25,丸亀,9,5,日隈　茜,B2,19.12,5,,4.2302,9.9,76,0,0.2056,4.25,,,0,低,62,0,-,666 65,0,20.7,0.6726,,,,,,,,,,,D,,,0.1649,0.457,,0.4793,A,71,0,◎-○軸 3着3〜4艇流し（10〜15点）,0.5777,"{'is_target': True, 'verdict': '参加推奨', 'max_combo_prob': 0.0863, 'est_top_odds': 15.5, 'circle_concentration': 67.8, 'eligible_count': 8, 'bet_adj': 2, 'reason': 'rel_win1=68.1%（本命度） / 最有力組み合わせ確率: 0.086（推定実オッズ?16倍） / 2着集中度: 上位2艇 67.8%（補正+0.00） / 総合判定確率: 0.086 / → ヒモ分散。1号艇1着固定で広めのヒモ流し推奨（買い目+2点）', 'tenji_trigger': '展示確認: ヒモ分散レース。1号艇伸び確認後、広めのヒモ流しを採用。穴ヒモ（5・6号艇）を積極的に含める。'}",,,26.8,逃げ狙い,12.3,29.6,3,,,,,,,,,,,
2025-12-25,丸亀,9,6,中里優子,B1,25.00,6,▲,1.8653,3.1,51,8.7,0.1852,4.413,,,0,低,61,0,-,6 521,0,46.6,0.8089,,,,,,0.05,0,0.25,,,C,◎,,0.2298,0.621,,0.4793,A,71,0,◎-○軸 3着3〜4艇流し（10〜15点）,0.5777,"{'is_target': True, 'verdict': '参加推奨', 'max_combo_prob': 0.0863, 'est_top_odds': 15.5, 'circle_concentration': 67.8, 'eligible_count': 8, 'bet_adj': 2, 'reason': 'rel_win1=68.1%（本命度） / 最有力組み合わせ確率: 0.086（推定実オッズ?16倍） / 2着集中度: 上位2艇 67.8%（補正+0.00） / 総合判定確率: 0.086 / → ヒモ分散。1号艇1着固定で広めのヒモ流し推奨（買い目+2点）', 'tenji_trigger': '展示確認: ヒモ分散レース。1号艇伸び確認後、広めのヒモ流しを採用。穴ヒモ（5・6号艇）を積極的に含める。'}",,,26.8,逃げ狙い,12.3,29.6,3,,,,,,,,,,,
2025-12-25,丸亀,10,1,葛原大陽,A1,32.81,1,◎,55.0632,,0,88.6,0.1453,2.8038,,,0,低,92,0,-,3 1236,0,58.9,0.9549,0.5,,,,,0.1832,0.0316,0.1937,◎,,C,△,,,0.645,,0.5132,A,72,0,◎-○軸 3着3〜4艇流し（10〜15点）,0.5777,"{'is_target': True, 'verdict': '参加推奨', 'max_combo_prob': 0.0692, 'est_top_odds': 19.3, 'circle_concentration': 70.6, 'eligible_count': 8, 'bet_adj': 2, 'reason': 'rel_win1=55.1%（本命度） / 最有力組み合わせ確率: 0.069（推定実オッズ?19倍） / 2着集中度: 上位2艇 70.6%（補正+0.04） / 総合判定確率: 0.109 / → ヒモ分散。1号艇1着固定で広めのヒモ流し推奨（買い目+2点）', 'tenji_trigger': '展示確認: ヒモ分散レース。1号艇伸び確認後、広めのヒモ流しを採用。穴ヒモ（5・6号艇）を積極的に含める。'}",,,30.6,逃げ狙い,24.36,30.1,3,,,,,0,0,0.7559,0,,逃げ軸流し,A
2025-12-25,丸亀,10,2,嶋　義信,A2,33.33,2,▲,9.6336,45,100,58.5,0.1345,3.0094,,,0,低,90,0,-,34346,0,82.3,0.7447,0,0.04,0.04,0,0,0.125,0.15,0.1875,,◎,B,△,,0.4435,0.632,,0.5132,A,72,0,◎-○軸 3着3〜4艇流し（10〜15点）,0.5777,"{'is_target': True, 'verdict': '参加推奨', 'max_combo_prob': 0.0692, 'est_top_odds': 19.3, 'circle_concentration': 70.6, 'eligible_count': 8, 'bet_adj': 2, 'reason': 'rel_win1=55.1%（本命度） / 最有力組み合わせ確率: 0.069（推定実オッズ?19倍） / 2着集中度: 上位2艇 70.6%（補正+0.04） / 総合判定確率: 0.109 / → ヒモ分散。1号艇1着固定で広めのヒモ流し推奨（買い目+2点）', 'tenji_trigger': '展示確認: ヒモ分散レース。1号艇伸び確認後、広めのヒモ流しを採用。穴ヒモ（5・6号艇）を積極的に含める。'}",,,30.6,逃げ狙い,24.36,30.1,3,,,,,,,,,,,
2025-12-25,丸亀,10,3,西野雄貴,A2,29.69,3,△,17.1956,25.6,82,70.7,0.1398,2.9756,,,0,低,50,0,差0% ま0% 差ま0%,1 3511,0,61,1.449,0,0.0476,0.0952,0.0952,0,0.0435,0.0435,0.0435,,,D,○,,0.3489,0.652,,0.5132,A,72,0,◎-○軸 3着3〜4艇流し（10〜15点）,0.5777,"{'is_target': True, 'verdict': '参加推奨', 'max_combo_prob': 0.0692, 'est_top_odds': 19.3, 'circle_concentration': 70.6, 'eligible_count': 8, 'bet_adj': 2, 'reason': 'rel_win1=55.1%（本命度） / 最有力組み合わせ確率: 0.069（推定実オッズ?19倍） / 2着集中度: 上位2艇 70.6%（補正+0.04） / 総合判定確率: 0.109 / → ヒモ分散。1号艇1着固定で広めのヒモ流し推奨（買い目+2点）', 'tenji_trigger': '展示確認: ヒモ分散レース。1号艇伸び確認後、広めのヒモ流しを採用。穴ヒモ（5・6号艇）を積極的に含める。'}",,,30.6,逃げ狙い,24.36,30.1,3,,,,,,,,,,,
2025-12-25,丸亀,10,4,谷口知優,B1,32.88,4,,7.8165,18.5,64,38.8,0.1724,3.7347,,,0,低,83,0,差0%,1 5313,0,100,2.0589,0,0.1053,0,0,0,0,0.3481,0.1039,,,C,,○,0.1932,0.6165,0.2009,0.5132,A,72,0,◎-○軸 3着3〜4艇流し（10〜15点）,0.5777,"{'is_target': True, 'verdict': '参加推奨', 'max_combo_prob': 0.0692, 'est_top_odds': 19.3, 'circle_concentration': 70.6, 'eligible_count': 8, 'bet_adj': 2, 'reason': 'rel_win1=55.1%（本命度） / 最有力組み合わせ確率: 0.069（推定実オッズ?19倍） / 2着集中度: 上位2艇 70.6%（補正+0.04） / 総合判定確率: 0.109 / → ヒモ分散。1号艇1着固定で広めのヒモ流し推奨（買い目+2点）', 'tenji_trigger': '展示確認: ヒモ分散レース。1号艇伸び確認後、広めのヒモ流しを採用。穴ヒモ（5・6号艇）を積極的に含める。'}",,,30.6,逃げ狙い,24.36,30.1,3,,,,,,,,,,,
2025-12-25,丸亀,10,5,谷津幸宏,A1,45.07,5,○,8.3903,8.7,76,41.5,0.1278,2.6846,,,0,低,52,0,差0%,26236,0,32,1.6733,0,0.0312,0.0625,0.0938,0,0.0476,0.0714,0.119,,,A,◎,◎,0.3606,0.6535,0.4392,0.5132,A,72,0,◎-○軸 3着3〜4艇流し（10〜15点）,0.5777,"{'is_target': True, 'verdict': '参加推奨', 'max_combo_prob': 0.0692, 'est_top_odds': 19.3, 'circle_concentration': 70.6, 'eligible_count': 8, 'bet_adj': 2, 'reason': 'rel_win1=55.1%（本命度） / 最有力組み合わせ確率: 0.069（推定実オッズ?19倍） / 2着集中度: 上位2艇 70.6%（補正+0.04） / 総合判定確率: 0.109 / → ヒモ分散。1号艇1着固定で広めのヒモ流し推奨（買い目+2点）', 'tenji_trigger': '展示確認: ヒモ分散レース。1号艇伸び確認後、広めのヒモ流しを採用。穴ヒモ（5・6号艇）を積極的に含める。'}",,,30.6,逃げ狙い,24.36,30.1,3,,,,,,,,,,,
2025-12-25,丸亀,10,6,篠原飛翔,A2,20.97,6,,1.9009,2.2,86,33.3,0.1694,3.6364,,,0,低,97,0,-,3 3332,0,56.5,1.3164,,,,,,0.0808,0.1423,0.0462,,,E,,,0.2396,0.603,,0.5132,A,72,0,◎-○軸 3着3〜4艇流し（10〜15点）,0.5777,"{'is_target': True, 'verdict': '参加推奨', 'max_combo_prob': 0.0692, 'est_top_odds': 19.3, 'circle_concentration': 70.6, 'eligible_count': 8, 'bet_adj': 2, 'reason': 'rel_win1=55.1%（本命度） / 最有力組み合わせ確率: 0.069（推定実オッズ?19倍） / 2着集中度: 上位2艇 70.6%（補正+0.04） / 総合判定確率: 0.109 / → ヒモ分散。1号艇1着固定で広めのヒモ流し推奨（買い目+2点）', 'tenji_trigger': '展示確認: ヒモ分散レース。1号艇伸び確認後、広めのヒモ流しを採用。穴ヒモ（5・6号艇）を積極的に含める。'}",,,30.6,逃げ狙い,24.36,30.1,3,,,,,,,,,,,
2025-12-25,丸亀,11,1,河野　大,A1,31.94,1,◎,67.6896,,0,91.5,0.1356,2.5366,,,0,低,88,0,逃1%,25221,0,79.3,1.206,0.6905,,,,,0.1143,0.0381,0.0286,◎,,C,△,,,0.6455,,0.6733,S,85,0,◎1着固定 2-3着流し（5〜8点）,0.5777,"{'is_target': True, 'verdict': '参加推奨', 'max_combo_prob': 0.0854, 'est_top_odds': 15.6, 'circle_concentration': 65.1, 'eligible_count': 6, 'bet_adj': 2, 'reason': 'rel_win1=67.7%（本命度） / 最有力組み合わせ確率: 0.085（推定実オッズ?16倍） / 2着集中度: 上位2艇 65.1%（補正+0.00） / 総合判定確率: 0.085 / → ヒモ分散。1号艇1着固定で広めのヒモ流し推奨（買い目+2点）', 'tenji_trigger': '展示確認: ヒモ分散レース。1号艇伸び確認後、広めのヒモ流しを採用。穴ヒモ（5・6号艇）を積極的に含める。\n展示で1号艇スタート超安定(0.136秒)→ヒモ固まり方向に注意'}",,,24.7,逃げ狙い,9.42,26.1,2,,,,,0,0,0.7559,0,,逃げ軸流し,A
2025-12-25,丸亀,11,2,烏野賢太,A1,32.31,2,▲,14.1755,38.3,69,62.7,0.1708,4.0169,,,0,低,135,0,-,352 11,0,100,2.4422,0,0.1905,0,0,0,0.1153,0.145,0,,,B,◎,,0.1118,0.663,,0.6733,S,85,0,◎1着固定 2-3着流し（5〜8点）,0.5777,"{'is_target': True, 'verdict': '参加推奨', 'max_combo_prob': 0.0854, 'est_top_odds': 15.6, 'circle_concentration': 65.1, 'eligible_count': 6, 'bet_adj': 2, 'reason': 'rel_win1=67.7%（本命度） / 最有力組み合わせ確率: 0.085（推定実オッズ?16倍） / 2着集中度: 上位2艇 65.1%（補正+0.00） / 総合判定確率: 0.085 / → ヒモ分散。1号艇1着固定で広めのヒモ流し推奨（買い目+2点）', 'tenji_trigger': '展示確認: ヒモ分散レース。1号艇伸び確認後、広めのヒモ流しを採用。穴ヒモ（5・6号艇）を積極的に含める。\n展示で1号艇スタート超安定(0.136秒)→ヒモ固まり方向に注意'}",,,24.7,逃げ狙い,9.42,26.1,2,,,,,,,,,,,
2025-12-25,丸亀,11,3,岸本　隆,A2,23.44,3,,5.6376,26.7,100,60.7,0.1523,2.7946,,,0,低,91,0,差ま0%,6 1535,0,56.5,1.005,0,0,0,0.0741,0,0.0769,0.1538,0.1923,,,E,△,,0.2154,0.6225,,0.6733,S,85,0,◎1着固定 2-3着流し（5〜8点）,0.5777,"{'is_target': True, 'verdict': '参加推奨', 'max_combo_prob': 0.0854, 'est_top_odds': 15.6, 'circle_concentration': 65.1, 'eligible_count': 6, 'bet_adj': 2, 'reason': 'rel_win1=67.7%（本命度） / 最有力組み合わせ確率: 0.085（推定実オッズ?16倍） / 2着集中度: 上位2艇 65.1%（補正+0.00） / 総合判定確率: 0.085 / → ヒモ分散。1号艇1着固定で広めのヒモ流し推奨（買い目+2点）', 'tenji_trigger': '展示確認: ヒモ分散レース。1号艇伸び確認後、広めのヒモ流しを採用。穴ヒモ（5・6号艇）を積極的に含める。\n展示で1号艇スタート超安定(0.136秒)→ヒモ固まり方向に注意'}",,,24.7,逃げ狙い,9.42,26.1,2,,,,,,,,,,,
2025-12-25,丸亀,11,4,角山雄哉,B1,40.58,4,○,8.3485,17.6,70,50,0.1512,2.9917,,,0,低,95,0,差0% ま0% 差ま0% 抜0%,552 41,0,41.1,1.0483,0,0.0323,0.0323,0.0323,0.0323,0.2833,0.0333,0.05,,,A,,◎,0.2303,0.568,0.4278,0.6733,S,85,0,◎1着固定 2-3着流し（5〜8点）,0.5777,"{'is_target': True, 'verdict': '参加推奨', 'max_combo_prob': 0.0854, 'est_top_odds': 15.6, 'circle_concentration': 65.1, 'eligible_count': 6, 'bet_adj': 2, 'reason': 'rel_win1=67.7%（本命度） / 最有力組み合わせ確率: 0.085（推定実オッズ?16倍） / 2着集中度: 上位2艇 65.1%（補正+0.00） / 総合判定確率: 0.085 / → ヒモ分散。1号艇1着固定で広めのヒモ流し推奨（買い目+2点）', 'tenji_trigger': '展示確認: ヒモ分散レース。1号艇伸び確認後、広めのヒモ流しを採用。穴ヒモ（5・6号艇）を積極的に含める。\n展示で1号艇スタート超安定(0.136秒)→ヒモ固まり方向に注意'}",,,24.7,逃げ狙い,9.42,26.1,2,,,,,,,,,,,
2025-12-25,丸亀,11,5,興津　藍,A1,31.25,5,△,2.6475,14,83,55.8,0.1717,4.0962,,,0,低,133,0,-,333 21,0,29.2,0.8386,0,0,0.0435,0,0,0.1562,0.0343,0.179,,,C,,,0.1786,0.6195,,0.6733,S,85,0,◎1着固定 2-3着流し（5〜8点）,0.5777,"{'is_target': True, 'verdict': '参加推奨', 'max_combo_prob': 0.0854, 'est_top_odds': 15.6, 'circle_concentration': 65.1, 'eligible_count': 6, 'bet_adj': 2, 'reason': 'rel_win1=67.7%（本命度） / 最有力組み合わせ確率: 0.085（推定実オッズ?16倍） / 2着集中度: 上位2艇 65.1%（補正+0.00） / 総合判定確率: 0.085 / → ヒモ分散。1号艇1着固定で広めのヒモ流し推奨（買い目+2点）', 'tenji_trigger': '展示確認: ヒモ分散レース。1号艇伸び確認後、広めのヒモ流しを採用。穴ヒモ（5・6号艇）を積極的に含める。\n展示で1号艇スタート超安定(0.136秒)→ヒモ固まり方向に注意'}",,,24.7,逃げ狙い,9.42,26.1,2,,,,,,,,,,,
2025-12-25,丸亀,11,6,中岡正彦,A1,27.27,6,,1.5012,3.3,51,40,0.218,4.6,,,0,低,42,1,-,411 13,0,31.5,1.5667,,,,,,0.1103,0,0.0588,,,D,○,,0.1439,0.649,,0.6733,S,85,0,◎1着固定 2-3着流し（5〜8点）,0.5777,"{'is_target': True, 'verdict': '参加推奨', 'max_combo_prob': 0.0854, 'est_top_odds': 15.6, 'circle_concentration': 65.1, 'eligible_count': 6, 'bet_adj': 2, 'reason': 'rel_win1=67.7%（本命度） / 最有力組み合わせ確率: 0.085（推定実オッズ?16倍） / 2着集中度: 上位2艇 65.1%（補正+0.00） / 総合判定確率: 0.085 / → ヒモ分散。1号艇1着固定で広めのヒモ流し推奨（買い目+2点）', 'tenji_trigger': '展示確認: ヒモ分散レース。1号艇伸び確認後、広めのヒモ流しを採用。穴ヒモ（5・6号艇）を積極的に含める。\n展示で1号艇スタート超安定(0.136秒)→ヒモ固まり方向に注意'}",,,24.7,逃げ狙い,9.42,26.1,2,,,,,,,,,,,
2025-12-25,丸亀,12,1,平田忠則,A1,33.87,1,◎,56.777,,0,91.5,0.1286,2.5211,,,0,低,74,0,逃1%,42112,0,83.6,1.2322,0.7037,,,,,0.1148,0.1889,0.0148,◎,,B,,,,0.603,,0.6184,A,77,0,◎-○軸 3着3〜4艇流し（10〜15点）,0.5777,"{'is_target': True, 'verdict': '参加推奨', 'max_combo_prob': 0.0705, 'est_top_odds': 18.9, 'circle_concentration': 65.9, 'eligible_count': 8, 'bet_adj': 2, 'reason': 'rel_win1=56.8%（本命度） / 最有力組み合わせ確率: 0.070（推定実オッズ?19倍） / 2着集中度: 上位2艇 65.9%（補正+0.00） / 総合判定確率: 0.070 / → ヒモ分散。1号艇1着固定で広めのヒモ流し推奨（買い目+2点）', 'tenji_trigger': '展示確認: ヒモ分散レース。1号艇伸び確認後、広めのヒモ流しを採用。穴ヒモ（5・6号艇）を積極的に含める。\n展示で1号艇スタート超安定(0.129秒)→ヒモ固まり方向に注意'}",,,30.3,逃げ狙い,24.51,29.2,2,,,,,0,0,0.7559,0,,逃げ軸流し,A
2025-12-25,丸亀,12,2,永田啓二,A1,36.11,2,○,13.0934,42.4,75,71.4,0.1271,2.7411,,,0,低,50,0,差1%,521 32,0,22.7,0.6745,0,0.2174,0.0435,0,0,0.2783,0.0089,0.0267,,◎,A,◎,,0.3626,0.688,,0.6184,A,77,0,◎-○軸 3着3〜4艇流し（10〜15点）,0.5777,"{'is_target': True, 'verdict': '参加推奨', 'max_combo_prob': 0.0705, 'est_top_odds': 18.9, 'circle_concentration': 65.9, 'eligible_count': 8, 'bet_adj': 2, 'reason': 'rel_win1=56.8%（本命度） / 最有力組み合わせ確率: 0.070（推定実オッズ?19倍） / 2着集中度: 上位2艇 65.9%（補正+0.00） / 総合判定確率: 0.070 / → ヒモ分散。1号艇1着固定で広めのヒモ流し推奨（買い目+2点）', 'tenji_trigger': '展示確認: ヒモ分散レース。1号艇伸び確認後、広めのヒモ流しを採用。穴ヒモ（5・6号艇）を積極的に含める。\n展示で1号艇スタート超安定(0.129秒)→ヒモ固まり方向に注意'}",,,30.3,逃げ狙い,24.51,29.2,2,,,,,,,,,,,
2025-12-25,丸亀,12,3,富永修一,A2,23.08,3,△,9.0193,23.4,88,68.8,0.1598,3.2049,,,0,低,92,0,差ま0%,31462,0,27.1,0.7717,0,0.04,0.04,0.04,0.04,0.1257,0.1257,0.1124,,,D,△,,0.1267,0.6455,,0.6184,A,77,0,◎-○軸 3着3〜4艇流し（10〜15点）,0.5777,"{'is_target': True, 'verdict': '参加推奨', 'max_combo_prob': 0.0705, 'est_top_odds': 18.9, 'circle_concentration': 65.9, 'eligible_count': 8, 'bet_adj': 2, 'reason': 'rel_win1=56.8%（本命度） / 最有力組み合わせ確率: 0.070（推定実オッズ?19倍） / 2着集中度: 上位2艇 65.9%（補正+0.00） / 総合判定確率: 0.070 / → ヒモ分散。1号艇1着固定で広めのヒモ流し推奨（買い目+2点）', 'tenji_trigger': '展示確認: ヒモ分散レース。1号艇伸び確認後、広めのヒモ流しを採用。穴ヒモ（5・6号艇）を積極的に含める。\n展示で1号艇スタート超安定(0.129秒)→ヒモ固まり方向に注意'}",,,30.3,逃げ狙い,24.51,29.2,2,,,,,,,,,,,
2025-12-25,丸亀,12,4,田中宏樹,B1,17.65,4,,9.716,18.6,100,63.6,0.1775,3.8091,,,0,低,128,0,差0% ま0%,125 36,0,45.1,1.0362,0,0.0833,0.0417,0,0.0417,0.2,0.02,0.18,,,D,△,○,0.1186,0.6195,0.2879,0.6184,A,77,0,◎-○軸 3着3〜4艇流し（10〜15点）,0.5777,"{'is_target': True, 'verdict': '参加推奨', 'max_combo_prob': 0.0705, 'est_top_odds': 18.9, 'circle_concentration': 65.9, 'eligible_count': 8, 'bet_adj': 2, 'reason': 'rel_win1=56.8%（本命度） / 最有力組み合わせ確率: 0.070（推定実オッズ?19倍） / 2着集中度: 上位2艇 65.9%（補正+0.00） / 総合判定確率: 0.070 / → ヒモ分散。1号艇1着固定で広めのヒモ流し推奨（買い目+2点）', 'tenji_trigger': '展示確認: ヒモ分散レース。1号艇伸び確認後、広めのヒモ流しを採用。穴ヒモ（5・6号艇）を積極的に含める。\n展示で1号艇スタート超安定(0.129秒)→ヒモ固まり方向に注意'}",,,30.3,逃げ狙い,24.51,29.2,2,,,,,,,,,,,
2025-12-25,丸亀,12,5,竹下大樹,A1,28.57,5,▲,6.9729,10.4,62,44.4,0.1672,3.75,,,0,低,123,0,-,6 1655,0,25.8,0.6762,0,0,0,0.2353,0,0.0385,0.0385,0,,,C,,◎,0.2084,0.6165,0.377,0.6184,A,77,0,◎-○軸 3着3〜4艇流し（10〜15点）,0.5777,"{'is_target': True, 'verdict': '参加推奨', 'max_combo_prob': 0.0705, 'est_top_odds': 18.9, 'circle_concentration': 65.9, 'eligible_count': 8, 'bet_adj': 2, 'reason': 'rel_win1=56.8%（本命度） / 最有力組み合わせ確率: 0.070（推定実オッズ?19倍） / 2着集中度: 上位2艇 65.9%（補正+0.00） / 総合判定確率: 0.070 / → ヒモ分散。1号艇1着固定で広めのヒモ流し推奨（買い目+2点）', 'tenji_trigger': '展示確認: ヒモ分散レース。1号艇伸び確認後、広めのヒモ流しを採用。穴ヒモ（5・6号艇）を積極的に含める。\n展示で1号艇スタート超安定(0.129秒)→ヒモ固まり方向に注意'}",,,30.3,逃げ狙い,24.51,29.2,2,,,,,,,,,,,
2025-12-25,丸亀,12,6,池永　太,A1,13.56,6,,4.4214,5.1,92,59,0.1692,3.7436,,,0,低,54,0,ま0%,14213,0,100,2.2764,0,0,0.1111,0,0,0.0541,0.0811,0,,,E,○,,0.174,0.6845,,0.6184,A,77,0,◎-○軸 3着3〜4艇流し（10〜15点）,0.5777,"{'is_target': True, 'verdict': '参加推奨', 'max_combo_prob': 0.0705, 'est_top_odds': 18.9, 'circle_concentration': 65.9, 'eligible_count': 8, 'bet_adj': 2, 'reason': 'rel_win1=56.8%（本命度） / 最有力組み合わせ確率: 0.070（推定実オッズ?19倍） / 2着集中度: 上位2艇 65.9%（補正+0.00） / 総合判定確率: 0.070 / → ヒモ分散。1号艇1着固定で広めのヒモ流し推奨（買い目+2点）', 'tenji_trigger': '展示確認: ヒモ分散レース。1号艇伸び確認後、広めのヒモ流しを採用。穴ヒモ（5・6号艇）を積極的に含める。\n展示で1号艇スタート超安定(0.129秒)→ヒモ固まり方向に注意'}",,,30.3,逃げ狙い,24.51,29.2,2,,,,,,,,,,,
2025-12-26,丸亀,1,1,村越　篤,B1,30.26,1,◎,70.0659,,0,94.7,0.1692,3.625,,,0,低,142,0,逃1%,141 65,0,85,1.1196,0.6452,,,,,0.2516,0.0129,0.0774,◎,,B,◎,,,0.667,,0.515,S,81,0,◎1着固定 2-3着流し（5〜8点）,0.5777,"{'is_target': True, 'verdict': '点数絞り', 'max_combo_prob': 0.0962, 'est_top_odds': 13.9, 'circle_concentration': 70.3, 'eligible_count': 6, 'bet_adj': 0, 'reason': 'rel_win1=70.1%（本命度） / 最有力組み合わせ確率: 0.096（推定実オッズ?14倍） / 2着集中度: 上位2艇 70.3%（補正+0.04） / 総合判定確率: 0.136 / → ヒモはやや固め。上位2艇以外を切ること', 'tenji_trigger': '展示確認: 1号艇伸び良→そのまま採用。悪→飛び組に差し替え。circle_pct上位2艇に絞り込むこと。'}",,,27.4,逃げ狙い,12.3,31.4,2,,,,,0,0,0.7559,0,,逃げ軸流し,A
2025-12-26,丸亀,1,2,塩田雄一,B1,40.28,2,○,8.5551,37.5,63,39,0.1837,3.8814,,,0,低,147,0,-,,0,87.2,1.595,0,0,0.08,0,0,0.4143,0.0952,0.2071,,,A,△,,0.2034,0.5565,,0.515,S,81,0,◎1着固定 2-3着流し（5〜8点）,0.5777,"{'is_target': True, 'verdict': '点数絞り', 'max_combo_prob': 0.0962, 'est_top_odds': 13.9, 'circle_concentration': 70.3, 'eligible_count': 6, 'bet_adj': 0, 'reason': 'rel_win1=70.1%（本命度） / 最有力組み合わせ確率: 0.096（推定実オッズ?14倍） / 2着集中度: 上位2艇 70.3%（補正+0.04） / 総合判定確率: 0.136 / → ヒモはやや固め。上位2艇以外を切ること', 'tenji_trigger': '展示確認: 1号艇伸び良→そのまま採用。悪→飛び組に差し替え。circle_pct上位2艇に絞り込むこと。'}",,,27.4,逃げ狙い,12.3,31.4,2,,,,,,,,,,,
2025-12-26,丸亀,1,3,西田和加,B2,21.21,3,▲,9.447,32.8,100,12.5,0.1725,4.375,,,0,低,88,1,-,6 666,0,20.1,0.6496,,,,,,0.4,0.4,0.2,,,D,,,0.3126,0.431,,0.515,S,81,0,◎1着固定 2-3着流し（5〜8点）,0.5777,"{'is_target': True, 'verdict': '点数絞り', 'max_combo_prob': 0.0962, 'est_top_odds': 13.9, 'circle_concentration': 70.3, 'eligible_count': 6, 'bet_adj': 0, 'reason': 'rel_win1=70.1%（本命度） / 最有力組み合わせ確率: 0.096（推定実オッズ?14倍） / 2着集中度: 上位2艇 70.3%（補正+0.04） / 総合判定確率: 0.136 / → ヒモはやや固め。上位2艇以外を切ること', 'tenji_trigger': '展示確認: 1号艇伸び良→そのまま採用。悪→飛び組に差し替え。circle_pct上位2艇に絞り込むこと。'}",,,27.4,逃げ狙い,12.3,31.4,2,,,,,,,,,,,
2025-12-26,丸亀,1,4,志道吉和,B1,20.29,4,,8.3263,19,78,29.8,0.1734,3.5,,,0,低,116,0,-,6 154,0,37.8,0.7904,0,0,0,0.0667,0,0.0833,0.1667,0.4167,,,D,△,,0.2729,0.566,,0.515,S,81,0,◎1着固定 2-3着流し（5〜8点）,0.5777,"{'is_target': True, 'verdict': '点数絞り', 'max_combo_prob': 0.0962, 'est_top_odds': 13.9, 'circle_concentration': 70.3, 'eligible_count': 6, 'bet_adj': 0, 'reason': 'rel_win1=70.1%（本命度） / 最有力組み合わせ確率: 0.096（推定実オッズ?14倍） / 2着集中度: 上位2艇 70.3%（補正+0.04） / 総合判定確率: 0.136 / → ヒモはやや固め。上位2艇以外を切ること', 'tenji_trigger': '展示確認: 1号艇伸び良→そのまま採用。悪→飛び組に差し替え。circle_pct上位2艇に絞り込むこと。'}",,,27.4,逃げ狙い,12.3,31.4,2,,,,,,,,,,,
2025-12-26,丸亀,1,5,吉原聖人,B1,23.19,5,△,2.5449,10.2,78,25,0.1885,3.7885,,,0,低,129,0,-,255 34,0,35.3,0.7631,,,,,,0.2533,0.0667,0.3733,,,C,○,,0.2534,0.5965,,0.515,S,81,0,◎1着固定 2-3着流し（5〜8点）,0.5777,"{'is_target': True, 'verdict': '点数絞り', 'max_combo_prob': 0.0962, 'est_top_odds': 13.9, 'circle_concentration': 70.3, 'eligible_count': 6, 'bet_adj': 0, 'reason': 'rel_win1=70.1%（本命度） / 最有力組み合わせ確率: 0.096（推定実オッズ?14倍） / 2着集中度: 上位2艇 70.3%（補正+0.04） / 総合判定確率: 0.136 / → ヒモはやや固め。上位2艇以外を切ること', 'tenji_trigger': '展示確認: 1号艇伸び良→そのまま採用。悪→飛び組に差し替え。circle_pct上位2艇に絞り込むこと。'}",,,27.4,逃げ狙い,12.3,31.4,2,,,,,,,,,,,
2025-12-26,丸亀,1,6,日隈　茜,B2,19.12,6,,1.0608,0.5,17,0,0.2033,4.1446,,,0,低,62,0,-,666 65,0,23.9,0.615,,,,,,,,,,,E,,,0.2034,0.457,,0.515,S,81,0,◎1着固定 2-3着流し（5〜8点）,0.5777,"{'is_target': True, 'verdict': '点数絞り', 'max_combo_prob': 0.0962, 'est_top_odds': 13.9, 'circle_concentration': 70.3, 'eligible_count': 6, 'bet_adj': 0, 'reason': 'rel_win1=70.1%（本命度） / 最有力組み合わせ確率: 0.096（推定実オッズ?14倍） / 2着集中度: 上位2艇 70.3%（補正+0.04） / 総合判定確率: 0.136 / → ヒモはやや固め。上位2艇以外を切ること', 'tenji_trigger': '展示確認: 1号艇伸び良→そのまま採用。悪→飛び組に差し替え。circle_pct上位2艇に絞り込むこと。'}",,,27.4,逃げ狙い,12.3,31.4,2,,,,,,,,,,,
2025-12-26,丸亀,2,1,山崎義明,B1,25.81,1,◎,46.2495,,0,77.1,0.1559,3.15,,,0,低,95,0,逃0%,355 42,0,75.1,0.8254,0.2917,,,,,0.0833,0.3571,0.2714,○,,E,◎,,,0.6385,,0.4253,A,62,0,◎-○軸 3着3〜4艇流し（10〜15点）,0.5777,"{'is_target': True, 'verdict': '参加推奨', 'max_combo_prob': 0.0659, 'est_top_odds': 20.2, 'circle_concentration': 71.0, 'eligible_count': 8, 'bet_adj': 2, 'reason': 'rel_win1=46.2%（本命度） / 最有力組み合わせ確率: 0.066（推定実オッズ?20倍） / 2着集中度: 上位2艇 71.0%（補正+0.04） / 総合判定確率: 0.106 / → ヒモ分散。1号艇1着固定で広めのヒモ流し推奨（買い目+2点）', 'tenji_trigger': '展示確認: ヒモ分散レース。1号艇伸び確認後、広めのヒモ流しを採用。穴ヒモ（5・6号艇）を積極的に含める。'}",,,30.1,両建て推奨,15.13,36.5,4,,,,,0,0,0.6155,0,,逃げ軸流し,A
2025-12-26,丸亀,2,2,三品隆浩,B1,39.06,2,,8.5095,44.1,99,48.4,0.1876,4.0323,,,0,低,181,0,-,5 4554,0,64.1,0.8203,0,0.0333,0,0,0,0.2881,0.2714,0.119,,,B,,,0.0682,0.59,,0.4253,A,62,0,◎-○軸 3着3〜4艇流し（10〜15点）,0.5777,"{'is_target': True, 'verdict': '参加推奨', 'max_combo_prob': 0.0659, 'est_top_odds': 20.2, 'circle_concentration': 71.0, 'eligible_count': 8, 'bet_adj': 2, 'reason': 'rel_win1=46.2%（本命度） / 最有力組み合わせ確率: 0.066（推定実オッズ?20倍） / 2着集中度: 上位2艇 71.0%（補正+0.04） / 総合判定確率: 0.106 / → ヒモ分散。1号艇1着固定で広めのヒモ流し推奨（買い目+2点）', 'tenji_trigger': '展示確認: ヒモ分散レース。1号艇伸び確認後、広めのヒモ流しを採用。穴ヒモ（5・6号艇）を積極的に含める。'}",,,30.1,両建て推奨,15.13,36.5,4,,,,,,,,,,,
2025-12-26,丸亀,2,3,谷口知優,B1,32.88,3,△,19.3376,21.5,100,50,0.1627,3.2955,,,0,低,83,0,差0% ま0% 差ま0%,1 5313,0,59.4,1.0637,0,0.125,0.0417,0.0833,0,0,0.3481,0.1039,,,C,○,,0.3116,0.6165,,0.4253,A,62,0,◎-○軸 3着3〜4艇流し（10〜15点）,0.5777,"{'is_target': True, 'verdict': '参加推奨', 'max_combo_prob': 0.0659, 'est_top_odds': 20.2, 'circle_concentration': 71.0, 'eligible_count': 8, 'bet_adj': 2, 'reason': 'rel_win1=46.2%（本命度） / 最有力組み合わせ確率: 0.066（推定実オッズ?20倍） / 2着集中度: 上位2艇 71.0%（補正+0.04） / 総合判定確率: 0.106 / → ヒモ分散。1号艇1着固定で広めのヒモ流し推奨（買い目+2点）', 'tenji_trigger': '展示確認: ヒモ分散レース。1号艇伸び確認後、広めのヒモ流しを採用。穴ヒモ（5・6号艇）を積極的に含める。'}",,,30.1,両建て推奨,15.13,36.5,4,,,,,,,,,,,
2025-12-26,丸亀,2,4,村松修二,A2,34.33,4,○,18.9194,27,83,65.9,0.1439,2.6136,,,0,低,81,0,差0% 差ま0%,232214,0,41.5,0.8143,0,0.0556,0.0556,0.0556,0.0556,0.0308,0.0308,0.3341,,,C,△,◎,0.3931,0.596,0.4016,0.4253,A,62,0,◎-○軸 3着3〜4艇流し（10〜15点）,0.5777,"{'is_target': True, 'verdict': '参加推奨', 'max_combo_prob': 0.0659, 'est_top_odds': 20.2, 'circle_concentration': 71.0, 'eligible_count': 8, 'bet_adj': 2, 'reason': 'rel_win1=46.2%（本命度） / 最有力組み合わせ確率: 0.066（推定実オッズ?20倍） / 2着集中度: 上位2艇 71.0%（補正+0.04） / 総合判定確率: 0.106 / → ヒモ分散。1号艇1着固定で広めのヒモ流し推奨（買い目+2点）', 'tenji_trigger': '展示確認: ヒモ分散レース。1号艇伸び確認後、広めのヒモ流しを採用。穴ヒモ（5・6号艇）を積極的に含める。'}",,,30.1,両建て推奨,15.13,36.5,4,,,,,,,,,,,
2025-12-26,丸亀,2,5,松尾怜実,B2,28.79,5,,4.3123,6.4,56,10.5,0.1584,3.3158,,,0,低,40,0,-,5 3665,0,24.2,0.9702,,,,,,0.3333,0,0.3333,,,D,△,,0.3578,0.599,,0.4253,A,62,0,◎-○軸 3着3〜4艇流し（10〜15点）,0.5777,"{'is_target': True, 'verdict': '参加推奨', 'max_combo_prob': 0.0659, 'est_top_odds': 20.2, 'circle_concentration': 71.0, 'eligible_count': 8, 'bet_adj': 2, 'reason': 'rel_win1=46.2%（本命度） / 最有力組み合わせ確率: 0.066（推定実オッズ?20倍） / 2着集中度: 上位2艇 71.0%（補正+0.04） / 総合判定確率: 0.106 / → ヒモ分散。1号艇1着固定で広めのヒモ流し推奨（買い目+2点）', 'tenji_trigger': '展示確認: ヒモ分散レース。1号艇伸び確認後、広めのヒモ流しを採用。穴ヒモ（5・6号艇）を積極的に含める。'}",,,30.1,両建て推奨,15.13,36.5,4,,,,,,,,,,,
2025-12-26,丸亀,2,6,角山雄哉,B1,40.58,6,▲,2.6717,1.1,70,21.3,0.1679,3.7979,,,0,低,95,0,差ま0%,552 41,0,25.4,0.7011,0,0,0,0.0455,0,0.2833,0.0333,0.05,,,B,,,0.2972,0.568,,0.4253,A,62,0,◎-○軸 3着3〜4艇流し（10〜15点）,0.5777,"{'is_target': True, 'verdict': '参加推奨', 'max_combo_prob': 0.0659, 'est_top_odds': 20.2, 'circle_concentration': 71.0, 'eligible_count': 8, 'bet_adj': 2, 'reason': 'rel_win1=46.2%（本命度） / 最有力組み合わせ確率: 0.066（推定実オッズ?20倍） / 2着集中度: 上位2艇 71.0%（補正+0.04） / 総合判定確率: 0.106 / → ヒモ分散。1号艇1着固定で広めのヒモ流し推奨（買い目+2点）', 'tenji_trigger': '展示確認: ヒモ分散レース。1号艇伸び確認後、広めのヒモ流しを採用。穴ヒモ（5・6号艇）を積極的に含める。'}",,,30.1,両建て推奨,15.13,36.5,4,,,,,,,,,,,
2025-12-26,丸亀,3,1,沖島広和,B1,23.44,1,◎,40.6837,,0,90.2,0.1584,3.0328,,,0,低,143,0,逃1%,6 242,0,78.8,1.106,0.5,,,,,0.2615,0.0308,0.1769,○,,E,△,,,0.637,,0.4012,A,64,0,◎-○軸 3着3〜4艇流し（10〜15点）,0.5777,"{'is_target': False, 'verdict': '対象外', 'max_combo_prob': None, 'est_top_odds': None, 'circle_concentration': None, 'eligible_count': 0, 'bet_adj': 0, 'reason': '1号艇rel_win1 < 45%: 通常判定に委ねる', 'tenji_trigger': ''}",,,31.2,両建て推奨,22.33,33.4,5,,,,,0,0,0.6155,0,,逃げ軸流し,A
2025-12-26,丸亀,3,2,戸塚邦好,A2,28.57,2,,15.8238,42.3,74,72.3,0.137,2.7872,,,0,低,59,0,差0% ま0%,411464,0,53.7,1.1895,0,0.0476,0.0476,0,0,0.032,0.232,0.048,,◎,D,◎,,0.5632,0.655,,0.4012,A,64,0,◎-○軸 3着3〜4艇流し（10〜15点）,0.5777,"{'is_target': False, 'verdict': '対象外', 'max_combo_prob': None, 'est_top_odds': None, 'circle_concentration': None, 'eligible_count': 0, 'bet_adj': 0, 'reason': '1号艇rel_win1 < 45%: 通常判定に委ねる', 'tenji_trigger': ''}",,,31.2,両建て推奨,22.33,33.4,5,,,,,,,,,,,
2025-12-26,丸亀,3,3,渡辺　崇,B1,29.73,3,▲,12.6824,28,73,65.6,0.1516,3.2656,,,0,低,135,0,-,214 22,0,29.4,0.9717,0,0.087,0.087,0.0435,0,0.075,0.315,0.025,,△,B,,,0.3545,0.608,,0.4012,A,64,0,◎-○軸 3着3〜4艇流し（10〜15点）,0.5777,"{'is_target': False, 'verdict': '対象外', 'max_combo_prob': None, 'est_top_odds': None, 'circle_concentration': None, 'eligible_count': 0, 'bet_adj': 0, 'reason': '1号艇rel_win1 < 45%: 通常判定に委ねる', 'tenji_trigger': ''}",,,31.2,両建て推奨,22.33,33.4,5,,,,,,,,,,,
2025-12-26,丸亀,3,4,興津　藍,A1,31.25,4,△,9.517,12,100,56.7,0.185,3.8417,,,0,低,133,0,-,333 21,0,90.4,1.6885,0,0,0,0.037,0,0.1562,0.0343,0.179,,,B,△,○,0.1822,0.6195,0.1993,0.4012,A,64,0,◎-○軸 3着3〜4艇流し（10〜15点）,0.5777,"{'is_target': False, 'verdict': '対象外', 'max_combo_prob': None, 'est_top_odds': None, 'circle_concentration': None, 'eligible_count': 0, 'bet_adj': 0, 'reason': '1号艇rel_win1 < 45%: 通常判定に委ねる', 'tenji_trigger': ''}",,,31.2,両建て推奨,22.33,33.4,5,,,,,,,,,,,
2025-12-26,丸亀,3,5,西野雄貴,A2,29.69,5,○,20.3069,14,53,56.4,0.1392,2.3846,,,0,低,50,0,ま0%,1 3511,0,73.6,1.4098,0,0.05,0.05,0.15,0,0.0435,0.0435,0.0435,,,C,○,◎,0.3765,0.652,0.5093,0.4012,A,64,0,◎-○軸 3着3〜4艇流し（10〜15点）,0.5777,"{'is_target': False, 'verdict': '対象外', 'max_combo_prob': None, 'est_top_odds': None, 'circle_concentration': None, 'eligible_count': 0, 'bet_adj': 0, 'reason': '1号艇rel_win1 < 45%: 通常判定に委ねる', 'tenji_trigger': ''}",,,31.2,両建て推奨,22.33,33.4,5,,,,,,,,,,,
2025-12-26,丸亀,3,6,上村宏太,B1,28.99,6,,0.9861,3.6,45,26.7,0.1813,3.9833,,,0,低,125,0,-,1 342,0,42.3,1.0806,,,,,,0.2,0.3,0.3,,,C,,,0.2421,0.5525,,0.4012,A,64,0,◎-○軸 3着3〜4艇流し（10〜15点）,0.5777,"{'is_target': False, 'verdict': '対象外', 'max_combo_prob': None, 'est_top_odds': None, 'circle_concentration': None, 'eligible_count': 0, 'bet_adj': 0, 'reason': '1号艇rel_win1 < 45%: 通常判定に委ねる', 'tenji_trigger': ''}",,,31.2,両建て推奨,22.33,33.4,5,,,,,,,,,,,
2025-12-26,丸亀,4,1,香川素子,A2,18.18,1,◎,48.1585,,0,89.8,0.16,3.1429,,,0,低,92,0,逃1%,233 54,0,69.1,0.9426,0.5909,,,,,0.0182,0.0182,0.4273,◎,,E,,,,0.5835,,0.4726,A,72,0,◎-○軸 3着3〜4艇流し（10〜15点）,0.5777,"{'is_target': True, 'verdict': '点数絞り', 'max_combo_prob': 0.0834, 'est_top_odds': 16.0, 'circle_concentration': 72.4, 'eligible_count': 8, 'bet_adj': 0, 'reason': 'rel_win1=48.2%（本命度） / 最有力組み合わせ確率: 0.083（推定実オッズ?16倍） / 2着集中度: 上位2艇 72.4%（補正+0.04） / 総合判定確率: 0.123 / → ヒモはやや固め。上位2艇以外を切ること', 'tenji_trigger': '展示確認: 1号艇伸び良→そのまま採用。悪→飛び組に差し替え。circle_pct上位2艇に絞り込むこと。'}",,,30.5,逃げ狙い,24.68,29.6,5,,,,,0,0,0.7559,0,,逃げ軸流し,A
2025-12-26,丸亀,4,2,西原明生,B1,28.38,2,,7.7949,11.4,90,39.7,0.1997,4.6164,,,0,低,192,0,-,4 4416,0,72.6,0.7584,,,,,,0.2571,0.2571,0.2762,,,C,△,,0.0775,0.641,,0.4726,A,72,0,◎-○軸 3着3〜4艇流し（10〜15点）,0.5777,"{'is_target': True, 'verdict': '点数絞り', 'max_combo_prob': 0.0834, 'est_top_odds': 16.0, 'circle_concentration': 72.4, 'eligible_count': 8, 'bet_adj': 0, 'reason': 'rel_win1=48.2%（本命度） / 最有力組み合わせ確率: 0.083（推定実オッズ?16倍） / 2着集中度: 上位2艇 72.4%（補正+0.04） / 総合判定確率: 0.123 / → ヒモはやや固め。上位2艇以外を切ること', 'tenji_trigger': '展示確認: 1号艇伸び良→そのまま採用。悪→飛び組に差し替え。circle_pct上位2艇に絞り込むこと。'}",,,30.5,逃げ狙い,24.68,29.6,5,,,,,,,,,,,
2025-12-26,丸亀,4,3,葛原大陽,A1,32.81,3,○,17.3941,54.4,87,84.2,0.1488,2.8509,,,0,低,92,0,差0% 差ま0%,3 1236,0,86.3,1.6246,0,0.0333,0,0.1667,0,0.1832,0.0316,0.1937,,◎,B,○,,0.3712,0.645,,0.4726,A,72,0,◎-○軸 3着3〜4艇流し（10〜15点）,0.5777,"{'is_target': True, 'verdict': '点数絞り', 'max_combo_prob': 0.0834, 'est_top_odds': 16.0, 'circle_concentration': 72.4, 'eligible_count': 8, 'bet_adj': 0, 'reason': 'rel_win1=48.2%（本命度） / 最有力組み合わせ確率: 0.083（推定実オッズ?16倍） / 2着集中度: 上位2艇 72.4%（補正+0.04） / 総合判定確率: 0.123 / → ヒモはやや固め。上位2艇以外を切ること', 'tenji_trigger': '展示確認: 1号艇伸び良→そのまま採用。悪→飛び組に差し替え。circle_pct上位2艇に絞り込むこと。'}",,,30.5,逃げ狙い,24.68,29.6,5,,,,,,,,,,,
2025-12-26,丸亀,4,4,品田直樹,B1,20.69,4,,7.7777,18,100,54,0.179,3.9841,,,0,低,201,0,差0%,515 44,0,54.8,1.0683,0,0.0714,0,0,0,0.1167,0.119,0.1357,,,D,◎,○,0.2112,0.656,0.2413,0.4726,A,72,0,◎-○軸 3着3〜4艇流し（10〜15点）,0.5777,"{'is_target': True, 'verdict': '点数絞り', 'max_combo_prob': 0.0834, 'est_top_odds': 16.0, 'circle_concentration': 72.4, 'eligible_count': 8, 'bet_adj': 0, 'reason': 'rel_win1=48.2%（本命度） / 最有力組み合わせ確率: 0.083（推定実オッズ?16倍） / 2着集中度: 上位2艇 72.4%（補正+0.04） / 総合判定確率: 0.123 / → ヒモはやや固め。上位2艇以外を切ること', 'tenji_trigger': '展示確認: 1号艇伸び良→そのまま採用。悪→飛び組に差し替え。circle_pct上位2艇に絞り込むこと。'}",,,30.5,逃げ狙い,24.68,29.6,5,,,,,,,,,,,
2025-12-26,丸亀,4,5,中里優子,B1,25.00,5,△,12.4339,5.4,44,33.3,0.1754,3.2083,,,0,低,61,0,-,6 521,0,28.6,1.2762,,,,,,0.05,0,0.25,,,D,△,,0.264,0.621,,0.4726,A,72,0,◎-○軸 3着3〜4艇流し（10〜15点）,0.5777,"{'is_target': True, 'verdict': '点数絞り', 'max_combo_prob': 0.0834, 'est_top_odds': 16.0, 'circle_concentration': 72.4, 'eligible_count': 8, 'bet_adj': 0, 'reason': 'rel_win1=48.2%（本命度） / 最有力組み合わせ確率: 0.083（推定実オッズ?16倍） / 2着集中度: 上位2艇 72.4%（補正+0.04） / 総合判定確率: 0.123 / → ヒモはやや固め。上位2艇以外を切ること', 'tenji_trigger': '展示確認: 1号艇伸び良→そのまま採用。悪→飛び組に差し替え。circle_pct上位2艇に絞り込むこと。'}",,,30.5,逃げ狙い,24.68,29.6,5,,,,,,,,,,,
2025-12-26,丸亀,4,6,平田忠則,A1,33.87,6,▲,6.4409,10.8,80,58.3,0.1512,3.2188,,,0,低,74,0,-,42112,0,38.8,0.8456,0,0,0.0455,0,0,0.1148,0.1889,0.0148,,,B,,◎,0.3126,0.603,0.3533,0.4726,A,72,0,◎-○軸 3着3〜4艇流し（10〜15点）,0.5777,"{'is_target': True, 'verdict': '点数絞り', 'max_combo_prob': 0.0834, 'est_top_odds': 16.0, 'circle_concentration': 72.4, 'eligible_count': 8, 'bet_adj': 0, 'reason': 'rel_win1=48.2%（本命度） / 最有力組み合わせ確率: 0.083（推定実オッズ?16倍） / 2着集中度: 上位2艇 72.4%（補正+0.04） / 総合判定確率: 0.123 / → ヒモはやや固め。上位2艇以外を切ること', 'tenji_trigger': '展示確認: 1号艇伸び良→そのまま採用。悪→飛び組に差し替え。circle_pct上位2艇に絞り込むこと。'}",,,30.5,逃げ狙い,24.68,29.6,5,,,,,,,,,,,
2025-12-26,丸亀,5,1,谷津幸宏,A1,45.07,1,◎,57.4095,,0,87.2,0.1251,2.1221,,,0,低,52,0,逃0% 抜0%,26236,0,86.1,1.086,0.6905,,,,,0.0476,0.0714,0.119,◎,,A,◎,,,0.6535,,0.6815,S,93,0,◎1着固定 2-3着流し（5〜8点）,0.5777,"{'is_target': True, 'verdict': '参加推奨', 'max_combo_prob': 0.0795, 'est_top_odds': 16.8, 'circle_concentration': 69.7, 'eligible_count': 6, 'bet_adj': 2, 'reason': 'rel_win1=57.4%（本命度） / 最有力組み合わせ確率: 0.080（推定実オッズ?17倍） / 2着集中度: 上位2艇 69.7%（補正+0.00） / 総合判定確率: 0.080 / → ヒモ分散。1号艇1着固定で広めのヒモ流し推奨（買い目+2点）', 'tenji_trigger': '展示確認: ヒモ分散レース。1号艇伸び確認後、広めのヒモ流しを採用。穴ヒモ（5・6号艇）を積極的に含める。\n展示で1号艇スタート超安定(0.125秒)→ヒモ固まり方向に注意'}",,,26.9,逃げ狙い,17.58,25.3,2,,,,,0,0,0.7559,0,,逃げ軸流し,A
2025-12-26,丸亀,5,2,篠原飛翔,A2,20.97,2,,15.8419,46.4,100,66.7,0.176,4.5,,,0,低,97,0,差0%,3 3332,0,60.9,1.1117,0,0.1667,0,0,0,0.0808,0.1423,0.0462,,,E,△,,0.0959,0.603,,0.6815,S,93,0,◎1着固定 2-3着流し（5〜8点）,0.5777,"{'is_target': True, 'verdict': '参加推奨', 'max_combo_prob': 0.0795, 'est_top_odds': 16.8, 'circle_concentration': 69.7, 'eligible_count': 6, 'bet_adj': 2, 'reason': 'rel_win1=57.4%（本命度） / 最有力組み合わせ確率: 0.080（推定実オッズ?17倍） / 2着集中度: 上位2艇 69.7%（補正+0.00） / 総合判定確率: 0.080 / → ヒモ分散。1号艇1着固定で広めのヒモ流し推奨（買い目+2点）', 'tenji_trigger': '展示確認: ヒモ分散レース。1号艇伸び確認後、広めのヒモ流しを採用。穴ヒモ（5・6号艇）を積極的に含める。\n展示で1号艇スタート超安定(0.125秒)→ヒモ固まり方向に注意'}",,,26.9,逃げ狙い,17.58,25.3,2,,,,,,,,,,,
2025-12-26,丸亀,5,3,谷口佳蓮,B1,39.39,3,○,13.2869,23.3,59,33.3,0.1462,3,,,0,低,45,0,-,,0,69,1.35,0,0,0.0625,0.0625,0,0.1091,0,0.2727,,,B,,,0.1944,0.5715,,0.6815,S,93,0,◎1着固定 2-3着流し（5〜8点）,0.5777,"{'is_target': True, 'verdict': '参加推奨', 'max_combo_prob': 0.0795, 'est_top_odds': 16.8, 'circle_concentration': 69.7, 'eligible_count': 6, 'bet_adj': 2, 'reason': 'rel_win1=57.4%（本命度） / 最有力組み合わせ確率: 0.080（推定実オッズ?17倍） / 2着集中度: 上位2艇 69.7%（補正+0.00） / 総合判定確率: 0.080 / → ヒモ分散。1号艇1着固定で広めのヒモ流し推奨（買い目+2点）', 'tenji_trigger': '展示確認: ヒモ分散レース。1号艇伸び確認後、広めのヒモ流しを採用。穴ヒモ（5・6号艇）を積極的に含める。\n展示で1号艇スタート超安定(0.125秒)→ヒモ固まり方向に注意'}",,,26.9,逃げ狙い,17.58,25.3,2,,,,,,,,,,,
2025-12-26,丸亀,5,4,樫葉次郎,B2,41.10,4,▲,7.4632,13.3,63,25.6,0.1497,3.3077,,,0,低,84,0,-,2 SS6,0,74,1.2949,,,,,,0.275,0.25,0.3,,,B,△,,0.2272,0.6065,,0.6815,S,93,0,◎1着固定 2-3着流し（5〜8点）,0.5777,"{'is_target': True, 'verdict': '参加推奨', 'max_combo_prob': 0.0795, 'est_top_odds': 16.8, 'circle_concentration': 69.7, 'eligible_count': 6, 'bet_adj': 2, 'reason': 'rel_win1=57.4%（本命度） / 最有力組み合わせ確率: 0.080（推定実オッズ?17倍） / 2着集中度: 上位2艇 69.7%（補正+0.00） / 総合判定確率: 0.080 / → ヒモ分散。1号艇1着固定で広めのヒモ流し推奨（買い目+2点）', 'tenji_trigger': '展示確認: ヒモ分散レース。1号艇伸び確認後、広めのヒモ流しを採用。穴ヒモ（5・6号艇）を積極的に含める。\n展示で1号艇スタート超安定(0.125秒)→ヒモ固まり方向に注意'}",,,26.9,逃げ狙い,17.58,25.3,2,,,,,,,,,,,
2025-12-26,丸亀,5,5,大西　賢,B1,27.40,5,,2.8174,7,52,26.2,0.1959,3.9426,,,0,低,150,0,-,563 23,0,55.7,1.17,,,,,,0.1722,0.1722,0.2591,,,D,,,0.1457,0.549,,0.6815,S,93,0,◎1着固定 2-3着流し（5〜8点）,0.5777,"{'is_target': True, 'verdict': '参加推奨', 'max_combo_prob': 0.0795, 'est_top_odds': 16.8, 'circle_concentration': 69.7, 'eligible_count': 6, 'bet_adj': 2, 'reason': 'rel_win1=57.4%（本命度） / 最有力組み合わせ確率: 0.080（推定実オッズ?17倍） / 2着集中度: 上位2艇 69.7%（補正+0.00） / 総合判定確率: 0.080 / → ヒモ分散。1号艇1着固定で広めのヒモ流し推奨（買い目+2点）', 'tenji_trigger': '展示確認: ヒモ分散レース。1号艇伸び確認後、広めのヒモ流しを採用。穴ヒモ（5・6号艇）を積極的に含める。\n展示で1号艇スタート超安定(0.125秒)→ヒモ固まり方向に注意'}",,,26.9,逃げ狙い,17.58,25.3,2,,,,,,,,,,,
2025-12-26,丸亀,5,6,河野　大,A1,31.94,6,△,3.1811,10,37,38.2,0.1484,3.1273,,,0,低,88,0,ま0%,25221,0,30.4,0.4708,0,0,0.0323,0,0,0.1143,0.0381,0.0286,,,D,○,,0.2169,0.6455,,0.6815,S,93,0,◎1着固定 2-3着流し（5〜8点）,0.5777,"{'is_target': True, 'verdict': '参加推奨', 'max_combo_prob': 0.0795, 'est_top_odds': 16.8, 'circle_concentration': 69.7, 'eligible_count': 6, 'bet_adj': 2, 'reason': 'rel_win1=57.4%（本命度） / 最有力組み合わせ確率: 0.080（推定実オッズ?17倍） / 2着集中度: 上位2艇 69.7%（補正+0.00） / 総合判定確率: 0.080 / → ヒモ分散。1号艇1着固定で広めのヒモ流し推奨（買い目+2点）', 'tenji_trigger': '展示確認: ヒモ分散レース。1号艇伸び確認後、広めのヒモ流しを採用。穴ヒモ（5・6号艇）を積極的に含める。\n展示で1号艇スタート超安定(0.125秒)→ヒモ固まり方向に注意'}",,,26.9,逃げ狙い,17.58,25.3,2,,,,,,,,,,,
2025-12-26,丸亀,6,1,嶋　義信,A2,33.33,1,◎,55.3495,,0,85.7,0.1239,2.5,,,0,低,90,0,逃1%,34346,0,66.7,1.0468,0.5312,,,,,0.125,0.15,0.1875,◎,,C,△,,,0.632,,0.5481,S,98,0,◎1着固定 2-3着流し（5〜8点）,0.5777,"{'is_target': True, 'verdict': '参加推奨', 'max_combo_prob': 0.0653, 'est_top_odds': 20.4, 'circle_concentration': 61.7, 'eligible_count': 6, 'bet_adj': 2, 'reason': 'rel_win1=55.3%（本命度） / 最有力組み合わせ確率: 0.065（推定実オッズ?20倍） / 2着集中度: 上位2艇 61.7%（補正+0.00） / 総合判定確率: 0.065 / → ヒモ分散。1号艇1着固定で広めのヒモ流し推奨（買い目+2点）', 'tenji_trigger': '展示確認: ヒモ分散レース。1号艇伸び確認後、広めのヒモ流しを採用。穴ヒモ（5・6号艇）を積極的に含める。\n展示で1号艇スタート超安定(0.124秒)→ヒモ固まり方向に注意'}",,,29.4,逃げ狙い,19.67,30.8,4,,,,,0,0,0.7559,0,,逃げ軸流し,A
2025-12-26,丸亀,6,2,登みひ果,B1,24.59,2,,8.1373,23.2,100,52.2,0.1491,3.3261,,,0,低,78,0,-,126 25,0,25.2,0.7603,0,0,0,0,0.0625,0.2143,0.6429,0,,,D,,,0.0963,0.508,,0.5481,S,98,0,◎1着固定 2-3着流し（5〜8点）,0.5777,"{'is_target': True, 'verdict': '参加推奨', 'max_combo_prob': 0.0653, 'est_top_odds': 20.4, 'circle_concentration': 61.7, 'eligible_count': 6, 'bet_adj': 2, 'reason': 'rel_win1=55.3%（本命度） / 最有力組み合わせ確率: 0.065（推定実オッズ?20倍） / 2着集中度: 上位2艇 61.7%（補正+0.00） / 総合判定確率: 0.065 / → ヒモ分散。1号艇1着固定で広めのヒモ流し推奨（買い目+2点）', 'tenji_trigger': '展示確認: ヒモ分散レース。1号艇伸び確認後、広めのヒモ流しを採用。穴ヒモ（5・6号艇）を積極的に含める。\n展示で1号艇スタート超安定(0.124秒)→ヒモ固まり方向に注意'}",,,29.4,逃げ狙い,19.67,30.8,4,,,,,,,,,,,
2025-12-26,丸亀,6,3,井川大作,B1,29.49,3,△,9.2456,24.8,84,57.4,0.143,2.8852,,,0,低,89,0,ま0% 差ま0%,444 43,0,52.1,1.0965,0,0,0.0357,0.0714,0,0.3033,0.0933,0.2633,,,C,△,,0.2163,0.617,,0.5481,S,98,0,◎1着固定 2-3着流し（5〜8点）,0.5777,"{'is_target': True, 'verdict': '参加推奨', 'max_combo_prob': 0.0653, 'est_top_odds': 20.4, 'circle_concentration': 61.7, 'eligible_count': 6, 'bet_adj': 2, 'reason': 'rel_win1=55.3%（本命度） / 最有力組み合わせ確率: 0.065（推定実オッズ?20倍） / 2着集中度: 上位2艇 61.7%（補正+0.00） / 総合判定確率: 0.065 / → ヒモ分散。1号艇1着固定で広めのヒモ流し推奨（買い目+2点）', 'tenji_trigger': '展示確認: ヒモ分散レース。1号艇伸び確認後、広めのヒモ流しを採用。穴ヒモ（5・6号艇）を積極的に含める。\n展示で1号艇スタート超安定(0.124秒)→ヒモ固まり方向に注意'}",,,29.4,逃げ狙い,19.67,30.8,4,,,,,,,,,,,
2025-12-26,丸亀,6,4,永田啓二,A1,36.11,4,○,17.2331,36.8,90,80.6,0.1166,2.3731,,,0,低,50,0,-,521 32,0,49.4,1.1249,0,0,0.1818,0.0303,0,0.2783,0.0089,0.0267,,,B,◎,◎,0.379,0.688,0.4763,0.5481,S,98,0,◎1着固定 2-3着流し（5〜8点）,0.5777,"{'is_target': True, 'verdict': '参加推奨', 'max_combo_prob': 0.0653, 'est_top_odds': 20.4, 'circle_concentration': 61.7, 'eligible_count': 6, 'bet_adj': 2, 'reason': 'rel_win1=55.3%（本命度） / 最有力組み合わせ確率: 0.065（推定実オッズ?20倍） / 2着集中度: 上位2艇 61.7%（補正+0.00） / 総合判定確率: 0.065 / → ヒモ分散。1号艇1着固定で広めのヒモ流し推奨（買い目+2点）', 'tenji_trigger': '展示確認: ヒモ分散レース。1号艇伸び確認後、広めのヒモ流しを採用。穴ヒモ（5・6号艇）を積極的に含める。\n展示で1号艇スタート超安定(0.124秒)→ヒモ固まり方向に注意'}",,,29.4,逃げ狙い,19.67,30.8,4,,,,,,,,,,,
2025-12-26,丸亀,6,5,塩田雄一,B1,40.28,5,▲,4.0706,8.6,37,27.9,0.1693,3.9262,,,0,低,147,0,-,,0,41.1,1.154,,,,,,0.4143,0.0952,0.2071,,,A,,,0.1861,0.5565,,0.5481,S,98,0,◎1着固定 2-3着流し（5〜8点）,0.5777,"{'is_target': True, 'verdict': '参加推奨', 'max_combo_prob': 0.0653, 'est_top_odds': 20.4, 'circle_concentration': 61.7, 'eligible_count': 6, 'bet_adj': 2, 'reason': 'rel_win1=55.3%（本命度） / 最有力組み合わせ確率: 0.065（推定実オッズ?20倍） / 2着集中度: 上位2艇 61.7%（補正+0.00） / 総合判定確率: 0.065 / → ヒモ分散。1号艇1着固定で広めのヒモ流し推奨（買い目+2点）', 'tenji_trigger': '展示確認: ヒモ分散レース。1号艇伸び確認後、広めのヒモ流しを採用。穴ヒモ（5・6号艇）を積極的に含める。\n展示で1号艇スタート超安定(0.124秒)→ヒモ固まり方向に注意'}",,,29.4,逃げ狙い,19.67,30.8,4,,,,,,,,,,,
2025-12-26,丸亀,6,6,池永　太,A1,13.56,6,,5.964,6.5,91,59,0.1692,3.7436,,,0,低,54,0,ま0%,14213,0,100,2.4164,0,0,0.1111,0,0,0.0541,0.0811,0,,,E,○,,0.1839,0.6845,,0.5481,S,98,0,◎1着固定 2-3着流し（5〜8点）,0.5777,"{'is_target': True, 'verdict': '参加推奨', 'max_combo_prob': 0.0653, 'est_top_odds': 20.4, 'circle_concentration': 61.7, 'eligible_count': 6, 'bet_adj': 2, 'reason': 'rel_win1=55.3%（本命度） / 最有力組み合わせ確率: 0.065（推定実オッズ?20倍） / 2着集中度: 上位2艇 61.7%（補正+0.00） / 総合判定確率: 0.065 / → ヒモ分散。1号艇1着固定で広めのヒモ流し推奨（買い目+2点）', 'tenji_trigger': '展示確認: ヒモ分散レース。1号艇伸び確認後、広めのヒモ流しを採用。穴ヒモ（5・6号艇）を積極的に含める。\n展示で1号艇スタート超安定(0.124秒)→ヒモ固まり方向に注意'}",,,29.4,逃げ狙い,19.67,30.8,4,,,,,,,,,,,
2025-12-26,丸亀,7,1,富永修一,A2,23.08,1,◎,65.1529,,0,88.1,0.1252,2.0655,,,0,低,92,0,逃0% 抜0%,31462,0,80.6,0.9835,0.6667,,,,,0.1257,0.1257,0.1124,◎,,D,△,,,0.6455,,0.7486,A,78,0,◎-○軸 3着3〜4艇流し（10〜15点）,0.5777,"{'is_target': True, 'verdict': '参加推奨', 'max_combo_prob': 0.0981, 'est_top_odds': 13.6, 'circle_concentration': 65.7, 'eligible_count': 8, 'bet_adj': 2, 'reason': 'rel_win1=65.2%（本命度） / 最有力組み合わせ確率: 0.098（推定実オッズ?14倍） / 2着集中度: 上位2艇 65.7%（補正+0.00） / 総合判定確率: 0.098 / → ヒモ分散。1号艇1着固定で広めのヒモ流し推奨（買い目+2点）', 'tenji_trigger': '展示確認: ヒモ分散レース。1号艇伸び確認後、広めのヒモ流しを採用。穴ヒモ（5・6号艇）を積極的に含める。\n展示で1号艇スタート超安定(0.125秒)→ヒモ固まり方向に注意'}",,,27.4,逃げ狙い,14.42,29.4,3,,,,,0,0,0.7559,0,,逃げ軸流し,A
2025-12-26,丸亀,7,2,吉原聖人,B1,23.19,2,,5.7469,41.2,83,48.2,0.177,3.6607,,,0,低,129,0,-,255 34,0,53,0.8174,,,,,,0.2533,0.0667,0.3733,,,D,,,0.0775,0.5965,,0.7486,A,78,0,◎-○軸 3着3〜4艇流し（10〜15点）,0.5777,"{'is_target': True, 'verdict': '参加推奨', 'max_combo_prob': 0.0981, 'est_top_odds': 13.6, 'circle_concentration': 65.7, 'eligible_count': 8, 'bet_adj': 2, 'reason': 'rel_win1=65.2%（本命度） / 最有力組み合わせ確率: 0.098（推定実オッズ?14倍） / 2着集中度: 上位2艇 65.7%（補正+0.00） / 総合判定確率: 0.098 / → ヒモ分散。1号艇1着固定で広めのヒモ流し推奨（買い目+2点）', 'tenji_trigger': '展示確認: ヒモ分散レース。1号艇伸び確認後、広めのヒモ流しを採用。穴ヒモ（5・6号艇）を積極的に含める。\n展示で1号艇スタート超安定(0.125秒)→ヒモ固まり方向に注意'}",,,27.4,逃げ狙い,14.42,29.4,3,,,,,,,,,,,
2025-12-26,丸亀,7,3,田中宏樹,B1,17.65,3,△,13.2545,24.4,100,62.2,0.1682,3.2556,,,0,低,128,0,-,125 36,0,20.6,0.6494,0,0.0909,0,0,0,0.2,0.02,0.18,,,E,△,,0.1168,0.6195,,0.7486,A,78,0,◎-○軸 3着3〜4艇流し（10〜15点）,0.5777,"{'is_target': True, 'verdict': '参加推奨', 'max_combo_prob': 0.0981, 'est_top_odds': 13.6, 'circle_concentration': 65.7, 'eligible_count': 8, 'bet_adj': 2, 'reason': 'rel_win1=65.2%（本命度） / 最有力組み合わせ確率: 0.098（推定実オッズ?14倍） / 2着集中度: 上位2艇 65.7%（補正+0.00） / 総合判定確率: 0.098 / → ヒモ分散。1号艇1着固定で広めのヒモ流し推奨（買い目+2点）', 'tenji_trigger': '展示確認: ヒモ分散レース。1号艇伸び確認後、広めのヒモ流しを採用。穴ヒモ（5・6号艇）を積極的に含める。\n展示で1号艇スタート超安定(0.125秒)→ヒモ固まり方向に注意'}",,,27.4,逃げ狙い,14.42,29.4,3,,,,,,,,,,,
2025-12-26,丸亀,7,4,福田雅一,A2,33.77,4,○,10.0048,21.5,63,43.4,0.1706,3.4245,,,0,低,91,0,ま0%,261643,0,82.6,1.3474,0,0,0.08,0.04,0,0.2,0.1,0.2,,,B,◎,,0.1226,0.66,,0.7486,A,78,0,◎-○軸 3着3〜4艇流し（10〜15点）,0.5777,"{'is_target': True, 'verdict': '参加推奨', 'max_combo_prob': 0.0981, 'est_top_odds': 13.6, 'circle_concentration': 65.7, 'eligible_count': 8, 'bet_adj': 2, 'reason': 'rel_win1=65.2%（本命度） / 最有力組み合わせ確率: 0.098（推定実オッズ?14倍） / 2着集中度: 上位2艇 65.7%（補正+0.00） / 総合判定確率: 0.098 / → ヒモ分散。1号艇1着固定で広めのヒモ流し推奨（買い目+2点）', 'tenji_trigger': '展示確認: ヒモ分散レース。1号艇伸び確認後、広めのヒモ流しを採用。穴ヒモ（5・6号艇）を積極的に含める。\n展示で1号艇スタート超安定(0.125秒)→ヒモ固まり方向に注意'}",,,27.4,逃げ狙い,14.42,29.4,3,,,,,,,,,,,
2025-12-26,丸亀,7,5,三品隆浩,B1,39.06,5,▲,3.0638,9.3,56,32.7,0.1958,4.3273,,,0,低,181,0,-,5 4554,0,33.1,1.0293,,,,,,0.2881,0.2714,0.119,,,A,,,0.1368,0.59,,0.7486,A,78,0,◎-○軸 3着3〜4艇流し（10〜15点）,0.5777,"{'is_target': True, 'verdict': '参加推奨', 'max_combo_prob': 0.0981, 'est_top_odds': 13.6, 'circle_concentration': 65.7, 'eligible_count': 8, 'bet_adj': 2, 'reason': 'rel_win1=65.2%（本命度） / 最有力組み合わせ確率: 0.098（推定実オッズ?14倍） / 2着集中度: 上位2艇 65.7%（補正+0.00） / 総合判定確率: 0.098 / → ヒモ分散。1号艇1着固定で広めのヒモ流し推奨（買い目+2点）', 'tenji_trigger': '展示確認: ヒモ分散レース。1号艇伸び確認後、広めのヒモ流しを採用。穴ヒモ（5・6号艇）を積極的に含める。\n展示で1号艇スタート超安定(0.125秒)→ヒモ固まり方向に注意'}",,,27.4,逃げ狙い,14.42,29.4,3,,,,,,,,,,,
2025-12-26,丸亀,7,6,中岡正彦,A1,27.27,6,,2.777,3.5,55,40,0.218,4.6,,,0,低,42,1,-,411 13,0,77.3,1.5517,,,,,,0.1103,0,0.0588,,,C,○,,0.135,0.649,,0.7486,A,78,0,◎-○軸 3着3〜4艇流し（10〜15点）,0.5777,"{'is_target': True, 'verdict': '参加推奨', 'max_combo_prob': 0.0981, 'est_top_odds': 13.6, 'circle_concentration': 65.7, 'eligible_count': 8, 'bet_adj': 2, 'reason': 'rel_win1=65.2%（本命度） / 最有力組み合わせ確率: 0.098（推定実オッズ?14倍） / 2着集中度: 上位2艇 65.7%（補正+0.00） / 総合判定確率: 0.098 / → ヒモ分散。1号艇1着固定で広めのヒモ流し推奨（買い目+2点）', 'tenji_trigger': '展示確認: ヒモ分散レース。1号艇伸び確認後、広めのヒモ流しを採用。穴ヒモ（5・6号艇）を積極的に含める。\n展示で1号艇スタート超安定(0.125秒)→ヒモ固まり方向に注意'}",,,27.4,逃げ狙い,14.42,29.4,3,,,,,,,,,,,
2025-12-26,丸亀,8,1,烏野賢太,A1,32.31,1,◎,67.301,,0,92.4,0.1604,3.3608,,,0,低,135,0,逃1%,352 11,0,100,1.5422,0.7778,,,,,0.1153,0.145,0,◎,,B,◎,,,0.663,,0.5029,S,82,0,◎1着固定 2-3着流し（5〜8点）,0.5777,"{'is_target': True, 'verdict': '点数絞り', 'max_combo_prob': 0.0827, 'est_top_odds': 16.1, 'circle_concentration': 71.6, 'eligible_count': 6, 'bet_adj': 0, 'reason': 'rel_win1=67.3%（本命度） / 最有力組み合わせ確率: 0.083（推定実オッズ?16倍） / 2着集中度: 上位2艇 71.6%（補正+0.04） / 総合判定確率: 0.123 / → ヒモはやや固め。上位2艇以外を切ること', 'tenji_trigger': '展示確認: 1号艇伸び良→そのまま採用。悪→飛び組に差し替え。circle_pct上位2艇に絞り込むこと。'}",,,28.1,逃げ狙い,17.08,29.3,4,,,,,0,0,0.7559,0,,逃げ軸流し,A
2025-12-26,丸亀,8,2,竹下大樹,A1,28.57,2,○,11.4042,41.5,100,68.6,0.1753,3.6471,,,0,低,123,0,-,6 1655,0,45.3,1.1057,0,0.0455,0.1818,0,0.0455,0.0385,0.0385,0,,,C,,,0.1788,0.6165,,0.5029,S,82,0,◎1着固定 2-3着流し（5〜8点）,0.5777,"{'is_target': True, 'verdict': '点数絞り', 'max_combo_prob': 0.0827, 'est_top_odds': 16.1, 'circle_concentration': 71.6, 'eligible_count': 6, 'bet_adj': 0, 'reason': 'rel_win1=67.3%（本命度） / 最有力組み合わせ確率: 0.083（推定実オッズ?16倍） / 2着集中度: 上位2艇 71.6%（補正+0.04） / 総合判定確率: 0.123 / → ヒモはやや固め。上位2艇以外を切ること', 'tenji_trigger': '展示確認: 1号艇伸び良→そのまま採用。悪→飛び組に差し替え。circle_pct上位2艇に絞り込むこと。'}",,,28.1,逃げ狙い,17.08,29.3,4,,,,,,,,,,,
2025-12-26,丸亀,8,3,山崎義明,B1,25.81,3,,7.1455,30.1,83,63.2,0.1516,3.0515,,,0,低,95,0,ま0%,355 42,0,23.2,0.7352,0,0,0.08,0,0,0.0833,0.3571,0.2714,,,D,△,,0.3355,0.6385,,0.5029,S,82,0,◎1着固定 2-3着流し（5〜8点）,0.5777,"{'is_target': True, 'verdict': '点数絞り', 'max_combo_prob': 0.0827, 'est_top_odds': 16.1, 'circle_concentration': 71.6, 'eligible_count': 6, 'bet_adj': 0, 'reason': 'rel_win1=67.3%（本命度） / 最有力組み合わせ確率: 0.083（推定実オッズ?16倍） / 2着集中度: 上位2艇 71.6%（補正+0.04） / 総合判定確率: 0.123 / → ヒモはやや固め。上位2艇以外を切ること', 'tenji_trigger': '展示確認: 1号艇伸び良→そのまま採用。悪→飛び組に差し替え。circle_pct上位2艇に絞り込むこと。'}",,,28.1,逃げ狙い,17.08,29.3,4,,,,,,,,,,,
2025-12-26,丸亀,8,4,岸本　隆,A2,23.44,4,△,10.9789,15.7,70,49.1,0.141,2.9407,,,0,低,91,0,-,6 1535,0,80.7,1.6406,0,0,0.1379,0.0345,0,0.0769,0.1538,0.1923,,,E,,◎,0.3898,0.6225,0.4155,0.5029,S,82,0,◎1着固定 2-3着流し（5〜8点）,0.5777,"{'is_target': True, 'verdict': '点数絞り', 'max_combo_prob': 0.0827, 'est_top_odds': 16.1, 'circle_concentration': 71.6, 'eligible_count': 6, 'bet_adj': 0, 'reason': 'rel_win1=67.3%（本命度） / 最有力組み合わせ確率: 0.083（推定実オッズ?16倍） / 2着集中度: 上位2艇 71.6%（補正+0.04） / 総合判定確率: 0.123 / → ヒモはやや固め。上位2艇以外を切ること', 'tenji_trigger': '展示確認: 1号艇伸び良→そのまま採用。悪→飛び組に差し替え。circle_pct上位2艇に絞り込むこと。'}",,,28.1,逃げ狙い,17.08,29.3,4,,,,,,,,,,,
2025-12-26,丸亀,8,5,西原明生,B1,28.38,5,,2.1873,5.9,80,35.8,0.1886,3.9877,,,0,低,192,0,-,4 4416,0,45,1.0431,0,0,0.0286,0,0,0.2571,0.2571,0.2762,,,C,○,,0.1895,0.641,,0.5029,S,82,0,◎1着固定 2-3着流し（5〜8点）,0.5777,"{'is_target': True, 'verdict': '点数絞り', 'max_combo_prob': 0.0827, 'est_top_odds': 16.1, 'circle_concentration': 71.6, 'eligible_count': 6, 'bet_adj': 0, 'reason': 'rel_win1=67.3%（本命度） / 最有力組み合わせ確率: 0.083（推定実オッズ?16倍） / 2着集中度: 上位2艇 71.6%（補正+0.04） / 総合判定確率: 0.123 / → ヒモはやや固め。上位2艇以外を切ること', 'tenji_trigger': '展示確認: 1号艇伸び良→そのまま採用。悪→飛び組に差し替え。circle_pct上位2艇に絞り込むこと。'}",,,28.1,逃げ狙い,17.08,29.3,4,,,,,,,,,,,
2025-12-26,丸亀,8,6,近藤雄一,B1,33.80,6,▲,0.983,6.8,98,37.5,0.195,4.1875,,,0,低,163,0,-,3 455,0,65.7,1.4775,,,,,,0.22,0.3114,0.0143,,,B,△,,0.2037,0.624,,0.5029,S,82,0,◎1着固定 2-3着流し（5〜8点）,0.5777,"{'is_target': True, 'verdict': '点数絞り', 'max_combo_prob': 0.0827, 'est_top_odds': 16.1, 'circle_concentration': 71.6, 'eligible_count': 6, 'bet_adj': 0, 'reason': 'rel_win1=67.3%（本命度） / 最有力組み合わせ確率: 0.083（推定実オッズ?16倍） / 2着集中度: 上位2艇 71.6%（補正+0.04） / 総合判定確率: 0.123 / → ヒモはやや固め。上位2艇以外を切ること', 'tenji_trigger': '展示確認: 1号艇伸び良→そのまま採用。悪→飛び組に差し替え。circle_pct上位2艇に絞り込むこと。'}",,,28.1,逃げ狙い,17.08,29.3,4,,,,,,,,,,,
2025-12-26,丸亀,9,1,平田忠則,A1,33.87,1,◎,57.6245,,0,91.5,0.1286,2.5211,,,0,低,74,0,逃1%,42112,0,80,1.2357,0.7037,,,,,0.1148,0.1889,0.0148,◎,,B,,,,0.603,,0.6517,A,79,0,◎-○軸 3着3〜4艇流し（10〜15点）,0.5777,"{'is_target': True, 'verdict': '点数絞り', 'max_combo_prob': 0.0855, 'est_top_odds': 15.6, 'circle_concentration': 71.0, 'eligible_count': 8, 'bet_adj': 0, 'reason': 'rel_win1=57.6%（本命度） / 最有力組み合わせ確率: 0.085（推定実オッズ?16倍） / 2着集中度: 上位2艇 71.0%（補正+0.04） / 総合判定確率: 0.125 / → ヒモはやや固め。上位2艇以外を切ること', 'tenji_trigger': '展示確認: 1号艇伸び良→そのまま採用。悪→飛び組に差し替え。circle_pct上位2艇に絞り込むこと。\n展示で1号艇スタート超安定(0.129秒)→ヒモ固まり方向に注意'}",,,29.7,逃げ狙い,22.46,29.2,3,,,,,0,0,0.7559,0,,逃げ軸流し,A
2025-12-26,丸亀,9,2,河野　大,A1,31.94,2,▲,12.8536,47.5,85,67.9,0.1623,3.5094,,,0,低,88,0,差0% 抜0%,25221,0,34.5,1.0938,0,0.069,0,0,0.1034,0.1143,0.0381,0.0286,,,C,△,,0.0646,0.6455,,0.6517,A,79,0,◎-○軸 3着3〜4艇流し（10〜15点）,0.5777,"{'is_target': True, 'verdict': '点数絞り', 'max_combo_prob': 0.0855, 'est_top_odds': 15.6, 'circle_concentration': 71.0, 'eligible_count': 8, 'bet_adj': 0, 'reason': 'rel_win1=57.6%（本命度） / 最有力組み合わせ確率: 0.085（推定実オッズ?16倍） / 2着集中度: 上位2艇 71.0%（補正+0.04） / 総合判定確率: 0.125 / → ヒモはやや固め。上位2艇以外を切ること', 'tenji_trigger': '展示確認: 1号艇伸び良→そのまま採用。悪→飛び組に差し替え。circle_pct上位2艇に絞り込むこと。\n展示で1号艇スタート超安定(0.129秒)→ヒモ固まり方向に注意'}",,,29.7,逃げ狙い,22.46,29.2,3,,,,,,,,,,,
2025-12-26,丸亀,9,3,興津　藍,A1,31.25,3,,13.6991,23.6,100,73.3,0.1689,3.4111,,,0,低,133,0,ま0% 差ま0% 抜0%,333 21,0,66.9,1.376,0,0,0.15,0.05,0.05,0.1562,0.0343,0.179,,,D,△,,0.1371,0.6195,,0.6517,A,79,0,◎-○軸 3着3〜4艇流し（10〜15点）,0.5777,"{'is_target': True, 'verdict': '点数絞り', 'max_combo_prob': 0.0855, 'est_top_odds': 15.6, 'circle_concentration': 71.0, 'eligible_count': 8, 'bet_adj': 0, 'reason': 'rel_win1=57.6%（本命度） / 最有力組み合わせ確率: 0.085（推定実オッズ?16倍） / 2着集中度: 上位2艇 71.0%（補正+0.04） / 総合判定確率: 0.125 / → ヒモはやや固め。上位2艇以外を切ること', 'tenji_trigger': '展示確認: 1号艇伸び良→そのまま採用。悪→飛び組に差し替え。circle_pct上位2艇に絞り込むこと。\n展示で1号艇スタート超安定(0.129秒)→ヒモ固まり方向に注意'}",,,29.7,逃げ狙い,22.46,29.2,3,,,,,,,,,,,
2025-12-26,丸亀,9,4,谷口知優,B1,32.88,4,△,6.192,21,54,38.8,0.1724,3.7347,,,0,低,83,0,差0%,1 5313,0,95,1.9051,0,0.1053,0,0,0,0,0.3481,0.1039,,,C,,◎,0.1228,0.6165,0.1679,0.6517,A,79,0,◎-○軸 3着3〜4艇流し（10〜15点）,0.5777,"{'is_target': True, 'verdict': '点数絞り', 'max_combo_prob': 0.0855, 'est_top_odds': 15.6, 'circle_concentration': 71.0, 'eligible_count': 8, 'bet_adj': 0, 'reason': 'rel_win1=57.6%（本命度） / 最有力組み合わせ確率: 0.085（推定実オッズ?16倍） / 2着集中度: 上位2艇 71.0%（補正+0.04） / 総合判定確率: 0.125 / → ヒモはやや固め。上位2艇以外を切ること', 'tenji_trigger': '展示確認: 1号艇伸び良→そのまま採用。悪→飛び組に差し替え。circle_pct上位2艇に絞り込むこと。\n展示で1号艇スタート超安定(0.129秒)→ヒモ固まり方向に注意'}",,,29.7,逃げ狙い,22.46,29.2,3,,,,,,,,,,,
2025-12-26,丸亀,9,5,戸塚邦好,A2,28.57,5,,4.2451,6.1,88,58,0.1358,2.86,,,0,低,59,0,ま0%,411464,0,47,1.5026,0,0,0.0833,0,0,0.032,0.232,0.048,,,E,◎,,0.2767,0.655,,0.6517,A,79,0,◎-○軸 3着3〜4艇流し（10〜15点）,0.5777,"{'is_target': True, 'verdict': '点数絞り', 'max_combo_prob': 0.0855, 'est_top_odds': 15.6, 'circle_concentration': 71.0, 'eligible_count': 8, 'bet_adj': 0, 'reason': 'rel_win1=57.6%（本命度） / 最有力組み合わせ確率: 0.085（推定実オッズ?16倍） / 2着集中度: 上位2艇 71.0%（補正+0.04） / 総合判定確率: 0.125 / → ヒモはやや固め。上位2艇以外を切ること', 'tenji_trigger': '展示確認: 1号艇伸び良→そのまま採用。悪→飛び組に差し替え。circle_pct上位2艇に絞り込むこと。\n展示で1号艇スタート超安定(0.129秒)→ヒモ固まり方向に注意'}",,,29.7,逃げ狙い,22.46,29.2,3,,,,,,,,,,,
2025-12-26,丸亀,9,6,谷津幸宏,A1,45.07,6,○,5.3858,1.9,78,42.2,0.1416,3.0469,,,0,低,52,0,-,26236,0,100,2.2831,0,0.04,0.04,0,0,0.0476,0.0714,0.119,,,A,○,,0.2438,0.6535,,0.6517,A,79,0,◎-○軸 3着3〜4艇流し（10〜15点）,0.5777,"{'is_target': True, 'verdict': '点数絞り', 'max_combo_prob': 0.0855, 'est_top_odds': 15.6, 'circle_concentration': 71.0, 'eligible_count': 8, 'bet_adj': 0, 'reason': 'rel_win1=57.6%（本命度） / 最有力組み合わせ確率: 0.085（推定実オッズ?16倍） / 2着集中度: 上位2艇 71.0%（補正+0.04） / 総合判定確率: 0.125 / → ヒモはやや固め。上位2艇以外を切ること', 'tenji_trigger': '展示確認: 1号艇伸び良→そのまま採用。悪→飛び組に差し替え。circle_pct上位2艇に絞り込むこと。\n展示で1号艇スタート超安定(0.129秒)→ヒモ固まり方向に注意'}",,,29.7,逃げ狙い,22.46,29.2,3,,,,,,,,,,,
2025-12-26,丸亀,10,1,池永　太,A1,13.56,1,◎,56.0029,,0,97.2,0.145,2.9375,,,0,低,54,0,逃1%,14213,0,83.4,1.2197,0.8108,,,,,0.0541,0.0811,0,◎,,E,◎,,,0.6845,,0.5856,S,91,0,◎1着固定 2-3着流し（5〜8点）,0.5777,"{'is_target': True, 'verdict': '参加推奨', 'max_combo_prob': 0.0733, 'est_top_odds': 18.2, 'circle_concentration': 78.6, 'eligible_count': 6, 'bet_adj': 2, 'reason': 'rel_win1=56.0%（本命度） / 最有力組み合わせ確率: 0.073（推定実オッズ?18倍） / 2着集中度: 上位2艇 78.6%（補正+0.04） / 総合判定確率: 0.113 / → ヒモ分散。1号艇1着固定で広めのヒモ流し推奨（買い目+2点）', 'tenji_trigger': '展示確認: ヒモ分散レース。1号艇伸び確認後、広めのヒモ流しを採用。穴ヒモ（5・6号艇）を積極的に含める。'}",,,29,逃げ狙い,25.83,24.2,2,,,,,0,0,0.7559,0,,逃げ軸流し,A
2025-12-26,丸亀,10,2,西野雄貴,A2,29.69,2,▲,19.5504,34.8,95,79,0.1361,2.8553,,,0,低,50,0,差0% ま0% 抜0%,1 3511,0,60.2,1.3259,0,0.1739,0.2174,0,0.087,0.0435,0.0435,0.0435,,◎,C,○,,0.4364,0.652,,0.5856,S,91,0,◎1着固定 2-3着流し（5〜8点）,0.5777,"{'is_target': True, 'verdict': '参加推奨', 'max_combo_prob': 0.0733, 'est_top_odds': 18.2, 'circle_concentration': 78.6, 'eligible_count': 6, 'bet_adj': 2, 'reason': 'rel_win1=56.0%（本命度） / 最有力組み合わせ確率: 0.073（推定実オッズ?18倍） / 2着集中度: 上位2艇 78.6%（補正+0.04） / 総合判定確率: 0.113 / → ヒモ分散。1号艇1着固定で広めのヒモ流し推奨（買い目+2点）', 'tenji_trigger': '展示確認: ヒモ分散レース。1号艇伸び確認後、広めのヒモ流しを採用。穴ヒモ（5・6号艇）を積極的に含める。'}",,,29,逃げ狙い,25.83,24.2,2,,,,,,,,,,,
2025-12-26,丸亀,10,3,村松修二,A2,34.33,3,○,11.3121,43.9,51,74.5,0.1398,2.7979,,,0,低,81,0,-,232214,0,97.6,2.0604,0,0,0.0588,0,0,0.0308,0.0308,0.3341,,,B,,,0.3085,0.596,,0.5856,S,91,0,◎1着固定 2-3着流し（5〜8点）,0.5777,"{'is_target': True, 'verdict': '参加推奨', 'max_combo_prob': 0.0733, 'est_top_odds': 18.2, 'circle_concentration': 78.6, 'eligible_count': 6, 'bet_adj': 2, 'reason': 'rel_win1=56.0%（本命度） / 最有力組み合わせ確率: 0.073（推定実オッズ?18倍） / 2着集中度: 上位2艇 78.6%（補正+0.04） / 総合判定確率: 0.113 / → ヒモ分散。1号艇1着固定で広めのヒモ流し推奨（買い目+2点）', 'tenji_trigger': '展示確認: ヒモ分散レース。1号艇伸び確認後、広めのヒモ流しを採用。穴ヒモ（5・6号艇）を積極的に含める。'}",,,29,逃げ狙い,25.83,24.2,2,,,,,,,,,,,
2025-12-26,丸亀,10,4,葛原大陽,A1,32.81,4,△,7.8848,15.3,84,55.9,0.1498,3.3475,,,0,低,92,0,ま0% 差ま0%,3 1236,0,47.1,1.1145,0,0,0.0357,0.0714,0,0.1832,0.0316,0.1937,,,B,△,◎,0.2748,0.645,0.3877,0.5856,S,91,0,◎1着固定 2-3着流し（5〜8点）,0.5777,"{'is_target': True, 'verdict': '参加推奨', 'max_combo_prob': 0.0733, 'est_top_odds': 18.2, 'circle_concentration': 78.6, 'eligible_count': 6, 'bet_adj': 2, 'reason': 'rel_win1=56.0%（本命度） / 最有力組み合わせ確率: 0.073（推定実オッズ?18倍） / 2着集中度: 上位2艇 78.6%（補正+0.04） / 総合判定確率: 0.113 / → ヒモ分散。1号艇1着固定で広めのヒモ流し推奨（買い目+2点）', 'tenji_trigger': '展示確認: ヒモ分散レース。1号艇伸び確認後、広めのヒモ流しを採用。穴ヒモ（5・6号艇）を積極的に含める。'}",,,29,逃げ狙い,25.83,24.2,2,,,,,,,,,,,
2025-12-26,丸亀,10,5,篠原飛翔,A2,20.97,5,,4.4384,5.8,100,48.8,0.1651,3.7093,,,0,低,97,0,-,3 3332,0,61.9,1.331,,,,,,0.0808,0.1423,0.0462,,,D,,,0.2485,0.603,,0.5856,S,91,0,◎1着固定 2-3着流し（5〜8点）,0.5777,"{'is_target': True, 'verdict': '参加推奨', 'max_combo_prob': 0.0733, 'est_top_odds': 18.2, 'circle_concentration': 78.6, 'eligible_count': 6, 'bet_adj': 2, 'reason': 'rel_win1=56.0%（本命度） / 最有力組み合わせ確率: 0.073（推定実オッズ?18倍） / 2着集中度: 上位2艇 78.6%（補正+0.04） / 総合判定確率: 0.113 / → ヒモ分散。1号艇1着固定で広めのヒモ流し推奨（買い目+2点）', 'tenji_trigger': '展示確認: ヒモ分散レース。1号艇伸び確認後、広めのヒモ流しを採用。穴ヒモ（5・6号艇）を積極的に含める。'}",,,29,逃げ狙い,25.83,24.2,2,,,,,,,,,,,
2025-12-26,丸亀,10,6,沖島広和,B1,23.44,6,,0.8113,0.3,56,13.7,0.1886,4.402,,,0,低,143,0,-,6 242,0,31.5,0.8533,,,,,,0.2615,0.0308,0.1769,,,D,△,,0.1713,0.637,,0.5856,S,91,0,◎1着固定 2-3着流し（5〜8点）,0.5777,"{'is_target': True, 'verdict': '参加推奨', 'max_combo_prob': 0.0733, 'est_top_odds': 18.2, 'circle_concentration': 78.6, 'eligible_count': 6, 'bet_adj': 2, 'reason': 'rel_win1=56.0%（本命度） / 最有力組み合わせ確率: 0.073（推定実オッズ?18倍） / 2着集中度: 上位2艇 78.6%（補正+0.04） / 総合判定確率: 0.113 / → ヒモ分散。1号艇1着固定で広めのヒモ流し推奨（買い目+2点）', 'tenji_trigger': '展示確認: ヒモ分散レース。1号艇伸び確認後、広めのヒモ流しを採用。穴ヒモ（5・6号艇）を積極的に含める。'}",,,29,逃げ狙い,25.83,24.2,2,,,,,,,,,,,
2025-12-26,丸亀,11,1,中岡正彦,A1,27.27,1,◎,58.6461,,0,93.3,0.1175,2.4083,,,0,低,42,0,逃1%,411 13,0,70.6,1.0851,0.7647,,,,,0.1103,0,0.0588,◎,,D,△,,,0.649,,0.7185,S,99,0,◎1着固定 2-3着流し（5〜8点）,0.5777,"{'is_target': True, 'verdict': '点数絞り', 'max_combo_prob': 0.0862, 'est_top_odds': 15.5, 'circle_concentration': 76.2, 'eligible_count': 6, 'bet_adj': 0, 'reason': 'rel_win1=58.6%（本命度） / 最有力組み合わせ確率: 0.086（推定実オッズ?16倍） / 2着集中度: 上位2艇 76.2%（補正+0.04） / 総合判定確率: 0.126 / → ヒモはやや固め。上位2艇以外を切ること', 'tenji_trigger': '展示確認: 1号艇伸び良→そのまま採用。悪→飛び組に差し替え。circle_pct上位2艇に絞り込むこと。\n展示で1号艇スタート超安定(0.117秒)→ヒモ固まり方向に注意'}",,,26.9,逃げ狙い,18.88,24.2,3,,,,,0,0,0.7559,0,,逃げ軸流し,A
2025-12-26,丸亀,11,2,烏野賢太,A1,32.31,2,▲,12.7323,39.8,77,62.7,0.1708,4.0169,,,0,低,135,0,-,352 11,0,100,2.4028,0,0.1905,0,0,0,0.1153,0.145,0,,,B,△,,0.0946,0.663,,0.7185,S,99,0,◎1着固定 2-3着流し（5〜8点）,0.5777,"{'is_target': True, 'verdict': '点数絞り', 'max_combo_prob': 0.0862, 'est_top_odds': 15.5, 'circle_concentration': 76.2, 'eligible_count': 6, 'bet_adj': 0, 'reason': 'rel_win1=58.6%（本命度） / 最有力組み合わせ確率: 0.086（推定実オッズ?16倍） / 2着集中度: 上位2艇 76.2%（補正+0.04） / 総合判定確率: 0.126 / → ヒモはやや固め。上位2艇以外を切ること', 'tenji_trigger': '展示確認: 1号艇伸び良→そのまま採用。悪→飛び組に差し替え。circle_pct上位2艇に絞り込むこと。\n展示で1号艇スタート超安定(0.117秒)→ヒモ固まり方向に注意'}",,,26.9,逃げ狙い,18.88,24.2,3,,,,,,,,,,,
2025-12-26,丸亀,11,3,永田啓二,A1,36.11,3,○,14.927,36.3,100,73.7,0.1389,2.3772,,,0,低,50,0,ま0% 差ま0% 抜0%,521 32,0,24.1,0.7687,0,0,0.0385,0.0769,0.0769,0.2783,0.0089,0.0267,,,B,◎,,0.1826,0.688,,0.7185,S,99,0,◎1着固定 2-3着流し（5〜8点）,0.5777,"{'is_target': True, 'verdict': '点数絞り', 'max_combo_prob': 0.0862, 'est_top_odds': 15.5, 'circle_concentration': 76.2, 'eligible_count': 6, 'bet_adj': 0, 'reason': 'rel_win1=58.6%（本命度） / 最有力組み合わせ確率: 0.086（推定実オッズ?16倍） / 2着集中度: 上位2艇 76.2%（補正+0.04） / 総合判定確率: 0.126 / → ヒモはやや固め。上位2艇以外を切ること', 'tenji_trigger': '展示確認: 1号艇伸び良→そのまま採用。悪→飛び組に差し替え。circle_pct上位2艇に絞り込むこと。\n展示で1号艇スタート超安定(0.117秒)→ヒモ固まり方向に注意'}",,,26.9,逃げ狙い,18.88,24.2,3,,,,,,,,,,,
2025-12-26,丸亀,11,4,渡辺　崇,B1,29.73,4,,7.1698,14.6,69,47.4,0.1916,4.3158,,,0,低,135,0,差0% ま0% 差ま0%,214 22,0,36.1,0.9768,0,0.0455,0.0455,0.0455,0,0.075,0.315,0.025,,,C,,◎,0.1154,0.608,0.2381,0.7185,S,99,0,◎1着固定 2-3着流し（5〜8点）,0.5777,"{'is_target': True, 'verdict': '点数絞り', 'max_combo_prob': 0.0862, 'est_top_odds': 15.5, 'circle_concentration': 76.2, 'eligible_count': 6, 'bet_adj': 0, 'reason': 'rel_win1=58.6%（本命度） / 最有力組み合わせ確率: 0.086（推定実オッズ?16倍） / 2着集中度: 上位2艇 76.2%（補正+0.04） / 総合判定確率: 0.126 / → ヒモはやや固め。上位2艇以外を切ること', 'tenji_trigger': '展示確認: 1号艇伸び良→そのまま採用。悪→飛び組に差し替え。circle_pct上位2艇に絞り込むこと。\n展示で1号艇スタート超安定(0.117秒)→ヒモ固まり方向に注意'}",,,26.9,逃げ狙い,18.88,24.2,3,,,,,,,,,,,
2025-12-26,丸亀,11,5,登みひ果,B1,24.59,5,,4.2855,6.6,54,26.3,0.1679,3.4868,,,0,低,78,0,差ま0%,126 25,0,35.3,0.8448,0,0,0,0.1176,0,0.2143,0.6429,0,,,E,,,0.1418,0.508,,0.7185,S,99,0,◎1着固定 2-3着流し（5〜8点）,0.5777,"{'is_target': True, 'verdict': '点数絞り', 'max_combo_prob': 0.0862, 'est_top_odds': 15.5, 'circle_concentration': 76.2, 'eligible_count': 6, 'bet_adj': 0, 'reason': 'rel_win1=58.6%（本命度） / 最有力組み合わせ確率: 0.086（推定実オッズ?16倍） / 2着集中度: 上位2艇 76.2%（補正+0.04） / 総合判定確率: 0.126 / → ヒモはやや固め。上位2艇以外を切ること', 'tenji_trigger': '展示確認: 1号艇伸び良→そのまま採用。悪→飛び組に差し替え。circle_pct上位2艇に絞り込むこと。\n展示で1号艇スタート超安定(0.117秒)→ヒモ固まり方向に注意'}",,,26.9,逃げ狙い,18.88,24.2,3,,,,,,,,,,,
2025-12-26,丸亀,11,6,村越　篤,B1,30.26,6,△,2.2393,2.6,48,21.8,0.184,4.4364,,,0,低,142,0,-,141 65,0,33.8,0.8722,0,0.04,0,0,0,0.2516,0.0129,0.0774,,,C,○,,0.1051,0.667,,0.7185,S,99,0,◎1着固定 2-3着流し（5〜8点）,0.5777,"{'is_target': True, 'verdict': '点数絞り', 'max_combo_prob': 0.0862, 'est_top_odds': 15.5, 'circle_concentration': 76.2, 'eligible_count': 6, 'bet_adj': 0, 'reason': 'rel_win1=58.6%（本命度） / 最有力組み合わせ確率: 0.086（推定実オッズ?16倍） / 2着集中度: 上位2艇 76.2%（補正+0.04） / 総合判定確率: 0.126 / → ヒモはやや固め。上位2艇以外を切ること', 'tenji_trigger': '展示確認: 1号艇伸び良→そのまま採用。悪→飛び組に差し替え。circle_pct上位2艇に絞り込むこと。\n展示で1号艇スタート超安定(0.117秒)→ヒモ固まり方向に注意'}",,,26.9,逃げ狙い,18.88,24.2,3,,,,,,,,,,,
2025-12-26,丸亀,12,1,竹下大樹,A1,28.57,1,◎,68.8883,,0,96.7,0.1513,3.0167,,,0,低,123,0,逃1%,6 1655,0,80.3,1.0709,0.8846,,,,,0.0385,0.0385,0,◎,,C,△,,,0.6165,,0.5465,S,91,0,◎1着固定 2-3着流し（5〜8点）,0.5777,"{'is_target': True, 'verdict': '点数絞り', 'max_combo_prob': 0.1183, 'est_top_odds': 11.3, 'circle_concentration': 77.0, 'eligible_count': 6, 'bet_adj': 0, 'reason': 'rel_win1=68.9%（本命度） / 最有力組み合わせ確率: 0.118（推定実オッズ?11倍） / 2着集中度: 上位2艇 77.0%（補正+0.04） / 総合判定確率: 0.158 / → ヒモはやや固め。上位2艇以外を切ること', 'tenji_trigger': '展示確認: 1号艇伸び良→そのまま採用。悪→飛び組に差し替え。circle_pct上位2艇に絞り込むこと。'}",,,25.2,逃げ狙い,12.86,24.6,4,,,,,0,0,0.7559,0,,逃げ軸流し,A
2025-12-26,丸亀,12,2,大西　賢,B1,27.40,2,△,9.4617,47.6,48,49.1,0.1709,3.6579,,,0,低,150,0,-,563 23,0,22.8,0.7222,0,0.037,0.037,0,0,0.1722,0.1722,0.2591,,,C,,,0.1112,0.549,,0.5465,S,91,0,◎1着固定 2-3着流し（5〜8点）,0.5777,"{'is_target': True, 'verdict': '点数絞り', 'max_combo_prob': 0.1183, 'est_top_odds': 11.3, 'circle_concentration': 77.0, 'eligible_count': 6, 'bet_adj': 0, 'reason': 'rel_win1=68.9%（本命度） / 最有力組み合わせ確率: 0.118（推定実オッズ?11倍） / 2着集中度: 上位2艇 77.0%（補正+0.04） / 総合判定確率: 0.158 / → ヒモはやや固め。上位2艇以外を切ること', 'tenji_trigger': '展示確認: 1号艇伸び良→そのまま採用。悪→飛び組に差し替え。circle_pct上位2艇に絞り込むこと。'}",,,25.2,逃げ狙い,12.86,24.6,4,,,,,,,,,,,
2025-12-26,丸亀,12,3,香川素子,A2,18.18,3,,7.456,17,100,55.1,0.1763,3.6939,,,0,低,92,0,差ま0%,233 54,0,70,1.4867,0,0,0,0.0435,0,0.0182,0.0182,0.4273,,,E,△,,0.161,0.5835,,0.5465,S,91,0,◎1着固定 2-3着流し（5〜8点）,0.5777,"{'is_target': True, 'verdict': '点数絞り', 'max_combo_prob': 0.1183, 'est_top_odds': 11.3, 'circle_concentration': 77.0, 'eligible_count': 6, 'bet_adj': 0, 'reason': 'rel_win1=68.9%（本命度） / 最有力組み合わせ確率: 0.118（推定実オッズ?11倍） / 2着集中度: 上位2艇 77.0%（補正+0.04） / 総合判定確率: 0.158 / → ヒモはやや固め。上位2艇以外を切ること', 'tenji_trigger': '展示確認: 1号艇伸び良→そのまま採用。悪→飛び組に差し替え。circle_pct上位2艇に絞り込むこと。'}",,,25.2,逃げ狙い,12.86,24.6,4,,,,,,,,,,,
2025-12-26,丸亀,12,4,富永修一,A2,23.08,4,▲,9.1345,29.5,72,66.1,0.1245,2.5403,,,0,低,92,0,-,31462,0,42,0.7704,0,0,0,0.087,0,0.1257,0.1257,0.1124,,◎,D,○,◎,0.4003,0.6455,0.4758,0.5465,S,91,0,◎1着固定 2-3着流し（5〜8点）,0.5777,"{'is_target': True, 'verdict': '点数絞り', 'max_combo_prob': 0.1183, 'est_top_odds': 11.3, 'circle_concentration': 77.0, 'eligible_count': 6, 'bet_adj': 0, 'reason': 'rel_win1=68.9%（本命度） / 最有力組み合わせ確率: 0.118（推定実オッズ?11倍） / 2着集中度: 上位2艇 77.0%（補正+0.04） / 総合判定確率: 0.158 / → ヒモはやや固め。上位2艇以外を切ること', 'tenji_trigger': '展示確認: 1号艇伸び良→そのまま採用。悪→飛び組に差し替え。circle_pct上位2艇に絞り込むこと。'}",,,25.2,逃げ狙い,12.86,24.6,4,,,,,,,,,,,
2025-12-26,丸亀,12,5,谷口佳蓮,B1,39.39,5,○,2.6186,5,62,25.9,0.1656,3.3889,,,0,低,45,0,-,,0,88.7,1.561,,,,,,0.1091,0,0.2727,,,A,,,0.2667,0.5715,,0.5465,S,91,0,◎1着固定 2-3着流し（5〜8点）,0.5777,"{'is_target': True, 'verdict': '点数絞り', 'max_combo_prob': 0.1183, 'est_top_odds': 11.3, 'circle_concentration': 77.0, 'eligible_count': 6, 'bet_adj': 0, 'reason': 'rel_win1=68.9%（本命度） / 最有力組み合わせ確率: 0.118（推定実オッズ?11倍） / 2着集中度: 上位2艇 77.0%（補正+0.04） / 総合判定確率: 0.158 / → ヒモはやや固め。上位2艇以外を切ること', 'tenji_trigger': '展示確認: 1号艇伸び良→そのまま採用。悪→飛び組に差し替え。circle_pct上位2艇に絞り込むこと。'}",,,25.2,逃げ狙い,12.86,24.6,4,,,,,,,,,,,
2025-12-26,丸亀,12,6,福田雅一,A2,33.77,6,,2.4409,1,43,23.4,0.1806,4.0106,,,0,低,91,0,-,261643,0,32.7,0.9406,,,,,,0.2,0.1,0.2,,,B,◎,,0.2168,0.66,,0.5465,S,91,0,◎1着固定 2-3着流し（5〜8点）,0.5777,"{'is_target': True, 'verdict': '点数絞り', 'max_combo_prob': 0.1183, 'est_top_odds': 11.3, 'circle_concentration': 77.0, 'eligible_count': 6, 'bet_adj': 0, 'reason': 'rel_win1=68.9%（本命度） / 最有力組み合わせ確率: 0.118（推定実オッズ?11倍） / 2着集中度: 上位2艇 77.0%（補正+0.04） / 総合判定確率: 0.158 / → ヒモはやや固め。上位2艇以外を切ること', 'tenji_trigger': '展示確認: 1号艇伸び良→そのまま採用。悪→飛び組に差し替え。circle_pct上位2艇に絞り込むこと。'}",,,25.2,逃げ狙い,12.86,24.6,4,,,,,,,,,,,
2025-12-27,丸亀,1,1,角山雄哉,B1,40.58,1,◎,66.4228,,0,79.1,0.154,2.7674,,,0,低,95,0,逃0%,552 41,0,78.6,0.909,0.4583,,,,,0.2833,0.0333,0.05,◎,,A,,,,0.568,,0.4902,A,76,0,◎-○軸 3着3〜4艇流し（10〜15点）,0.5777,"{'is_target': True, 'verdict': '参加推奨', 'max_combo_prob': 0.0738, 'est_top_odds': 18.1, 'circle_concentration': 60.0, 'eligible_count': 8, 'bet_adj': 2, 'reason': 'rel_win1=66.4%（本命度） / 最有力組み合わせ確率: 0.074（推定実オッズ?18倍） / 2着集中度: 上位2艇 60.0%（補正+0.00） / 総合判定確率: 0.074 / → ヒモ分散。1号艇1着固定で広めのヒモ流し推奨（買い目+2点）', 'tenji_trigger': '展示確認: ヒモ分散レース。1号艇伸び確認後、広めのヒモ流しを採用。穴ヒモ（5・6号艇）を積極的に含める。'}",,,27.8,逃げ狙い,11.19,33.4,3,,,,,0,0,0.7559,0,,逃げ軸流し,A
2025-12-27,丸亀,1,2,松尾怜実,B2,28.79,2,,6.2464,32,73,23.3,0.1787,4.0333,,,0,低,40,0,-,5 3665,0,75.9,0.5462,,,,,,0.3333,0,0.3333,,,D,△,,0.123,0.599,,0.4902,A,76,0,◎-○軸 3着3〜4艇流し（10〜15点）,0.5777,"{'is_target': True, 'verdict': '参加推奨', 'max_combo_prob': 0.0738, 'est_top_odds': 18.1, 'circle_concentration': 60.0, 'eligible_count': 8, 'bet_adj': 2, 'reason': 'rel_win1=66.4%（本命度） / 最有力組み合わせ確率: 0.074（推定実オッズ?18倍） / 2着集中度: 上位2艇 60.0%（補正+0.00） / 総合判定確率: 0.074 / → ヒモ分散。1号艇1着固定で広めのヒモ流し推奨（買い目+2点）', 'tenji_trigger': '展示確認: ヒモ分散レース。1号艇伸び確認後、広めのヒモ流しを採用。穴ヒモ（5・6号艇）を積極的に含める。'}",,,27.8,逃げ狙い,11.19,33.4,3,,,,,,,,,,,
2025-12-27,丸亀,1,3,中里優子,B1,25.00,3,△,7.8358,28,100,45.5,0.1636,3.8864,,,0,低,61,0,-,6 521,0,42.4,0.839,,,,,,0.05,0,0.25,,,D,◎,,0.282,0.621,,0.4902,A,76,0,◎-○軸 3着3〜4艇流し（10〜15点）,0.5777,"{'is_target': True, 'verdict': '参加推奨', 'max_combo_prob': 0.0738, 'est_top_odds': 18.1, 'circle_concentration': 60.0, 'eligible_count': 8, 'bet_adj': 2, 'reason': 'rel_win1=66.4%（本命度） / 最有力組み合わせ確率: 0.074（推定実オッズ?18倍） / 2着集中度: 上位2艇 60.0%（補正+0.00） / 総合判定確率: 0.074 / → ヒモ分散。1号艇1着固定で広めのヒモ流し推奨（買い目+2点）', 'tenji_trigger': '展示確認: ヒモ分散レース。1号艇伸び確認後、広めのヒモ流しを採用。穴ヒモ（5・6号艇）を積極的に含める。'}",,,27.8,逃げ狙い,11.19,33.4,3,,,,,,,,,,,
2025-12-27,丸亀,1,4,谷口佳蓮,B1,39.39,4,○,12.3114,20.9,56,10,0.1585,3.1,,,0,低,45,0,-,,0,52.1,0.8649,0,0,0,0.0769,0,0.1091,0,0.2727,,,B,△,,0.2775,0.5715,,0.4902,A,76,0,◎-○軸 3着3〜4艇流し（10〜15点）,0.5777,"{'is_target': True, 'verdict': '参加推奨', 'max_combo_prob': 0.0738, 'est_top_odds': 18.1, 'circle_concentration': 60.0, 'eligible_count': 8, 'bet_adj': 2, 'reason': 'rel_win1=66.4%（本命度） / 最有力組み合わせ確率: 0.074（推定実オッズ?18倍） / 2着集中度: 上位2艇 60.0%（補正+0.00） / 総合判定確率: 0.074 / → ヒモ分散。1号艇1着固定で広めのヒモ流し推奨（買い目+2点）', 'tenji_trigger': '展示確認: ヒモ分散レース。1号艇伸び確認後、広めのヒモ流しを採用。穴ヒモ（5・6号艇）を積極的に含める。'}",,,27.8,逃げ狙い,11.19,33.4,3,,,,,,,,,,,
2025-12-27,丸亀,1,5,田中宏樹,B1,17.65,5,,5.6859,18.5,89,44.4,0.1722,3.8981,,,0,低,128,0,-,125 36,0,34.3,0.611,,,,,,0.2,0.02,0.18,,,E,○,,0.2596,0.6195,,0.4902,A,76,0,◎-○軸 3着3〜4艇流し（10〜15点）,0.5777,"{'is_target': True, 'verdict': '参加推奨', 'max_combo_prob': 0.0738, 'est_top_odds': 18.1, 'circle_concentration': 60.0, 'eligible_count': 8, 'bet_adj': 2, 'reason': 'rel_win1=66.4%（本命度） / 最有力組み合わせ確率: 0.074（推定実オッズ?18倍） / 2着集中度: 上位2艇 60.0%（補正+0.00） / 総合判定確率: 0.074 / → ヒモ分散。1号艇1着固定で広めのヒモ流し推奨（買い目+2点）', 'tenji_trigger': '展示確認: ヒモ分散レース。1号艇伸び確認後、広めのヒモ流しを採用。穴ヒモ（5・6号艇）を積極的に含める。'}",,,27.8,逃げ狙い,11.19,33.4,3,,,,,,,,,,,
2025-12-27,丸亀,1,6,塩田雄一,B1,40.28,6,▲,1.4976,0.6,43,10.9,0.164,3.8727,,,0,低,147,0,-,,0,25,1.2375,,,,,,0.4143,0.0952,0.2071,,,B,,,0.2832,0.5565,,0.4902,A,76,0,◎-○軸 3着3〜4艇流し（10〜15点）,0.5777,"{'is_target': True, 'verdict': '参加推奨', 'max_combo_prob': 0.0738, 'est_top_odds': 18.1, 'circle_concentration': 60.0, 'eligible_count': 8, 'bet_adj': 2, 'reason': 'rel_win1=66.4%（本命度） / 最有力組み合わせ確率: 0.074（推定実オッズ?18倍） / 2着集中度: 上位2艇 60.0%（補正+0.00） / 総合判定確率: 0.074 / → ヒモ分散。1号艇1着固定で広めのヒモ流し推奨（買い目+2点）', 'tenji_trigger': '展示確認: ヒモ分散レース。1号艇伸び確認後、広めのヒモ流しを採用。穴ヒモ（5・6号艇）を積極的に含める。'}",,,27.8,逃げ狙い,11.19,33.4,3,,,,,,,,,,,
2025-12-27,丸亀,2,1,村越　篤,B1,30.26,1,◎,58.6383,,0,94.7,0.1692,3.625,,,0,低,142,0,逃1%,141 65,0,83.8,1.0799,0.6452,,,,,0.2516,0.0129,0.0774,○,,B,◎,,,0.667,,0.4299,S,97,0,◎1着固定 2-3着流し（5〜8点）,0.5777,"{'is_target': True, 'verdict': '参加推奨', 'max_combo_prob': 0.0796, 'est_top_odds': 16.8, 'circle_concentration': 60.5, 'eligible_count': 6, 'bet_adj': 2, 'reason': 'rel_win1=58.6%（本命度） / 最有力組み合わせ確率: 0.080（推定実オッズ?17倍） / 2着集中度: 上位2艇 60.5%（補正+0.00） / 総合判定確率: 0.080 / → ヒモ分散。1号艇1着固定で広めのヒモ流し推奨（買い目+2点）', 'tenji_trigger': '展示確認: ヒモ分散レース。1号艇伸び確認後、広めのヒモ流しを採用。穴ヒモ（5・6号艇）を積極的に含める。'}",,,22.5,逃げ狙い,12.51,31.4,5,,,,,0,0,0.6155,0,,逃げ軸流し,A
2025-12-27,丸亀,2,2,品田直樹,B1,20.69,2,,10.5675,38.3,100,55.3,0.1688,3.7303,,,0,低,201,0,差0% ま0%,515 44,0,44.3,0.904,0,0.1,0.0667,0,0,0.1167,0.119,0.1357,,△,D,○,,0.363,0.656,,0.4299,S,97,0,◎1着固定 2-3着流し（5〜8点）,0.5777,"{'is_target': True, 'verdict': '参加推奨', 'max_combo_prob': 0.0796, 'est_top_odds': 16.8, 'circle_concentration': 60.5, 'eligible_count': 6, 'bet_adj': 2, 'reason': 'rel_win1=58.6%（本命度） / 最有力組み合わせ確率: 0.080（推定実オッズ?17倍） / 2着集中度: 上位2艇 60.5%（補正+0.00） / 総合判定確率: 0.080 / → ヒモ分散。1号艇1着固定で広めのヒモ流し推奨（買い目+2点）', 'tenji_trigger': '展示確認: ヒモ分散レース。1号艇伸び確認後、広めのヒモ流しを採用。穴ヒモ（5・6号艇）を積極的に含める。'}",,,22.5,逃げ狙い,12.51,31.4,5,,,,,,,,,,,
2025-12-27,丸亀,2,3,香川素子,A2,18.18,3,,10.4749,22.2,96,55.1,0.1763,3.6939,,,0,低,92,0,差ま0%,233 54,0,85.4,1.6417,0,0,0,0.0435,0,0.0182,0.0182,0.4273,,,E,,,0.2644,0.5835,,0.4299,S,97,0,◎1着固定 2-3着流し（5〜8点）,0.5777,"{'is_target': True, 'verdict': '参加推奨', 'max_combo_prob': 0.0796, 'est_top_odds': 16.8, 'circle_concentration': 60.5, 'eligible_count': 6, 'bet_adj': 2, 'reason': 'rel_win1=58.6%（本命度） / 最有力組み合わせ確率: 0.080（推定実オッズ?17倍） / 2着集中度: 上位2艇 60.5%（補正+0.00） / 総合判定確率: 0.080 / → ヒモ分散。1号艇1着固定で広めのヒモ流し推奨（買い目+2点）', 'tenji_trigger': '展示確認: ヒモ分散レース。1号艇伸び確認後、広めのヒモ流しを採用。穴ヒモ（5・6号艇）を積極的に含める。'}",,,22.5,逃げ狙い,12.51,31.4,5,,,,,,,,,,,
2025-12-27,丸亀,2,4,山崎義明,B1,25.81,4,▲,9.7807,14.8,68,44.8,0.1376,2.791,,,0,低,95,0,差ま0%,355 42,0,32.1,0.6474,0,0,0.0417,0.0833,0,0.0833,0.3571,0.2714,,◎,D,△,◎,0.4221,0.6385,0.3527,0.4299,S,97,0,◎1着固定 2-3着流し（5〜8点）,0.5777,"{'is_target': True, 'verdict': '参加推奨', 'max_combo_prob': 0.0796, 'est_top_odds': 16.8, 'circle_concentration': 60.5, 'eligible_count': 6, 'bet_adj': 2, 'reason': 'rel_win1=58.6%（本命度） / 最有力組み合わせ確率: 0.080（推定実オッズ?17倍） / 2着集中度: 上位2艇 60.5%（補正+0.00） / 総合判定確率: 0.080 / → ヒモ分散。1号艇1着固定で広めのヒモ流し推奨（買い目+2点）', 'tenji_trigger': '展示確認: ヒモ分散レース。1号艇伸び確認後、広めのヒモ流しを採用。穴ヒモ（5・6号艇）を積極的に含める。'}",,,22.5,逃げ狙い,12.51,31.4,5,,,,,,,,,,,
2025-12-27,丸亀,2,5,井川大作,B1,29.49,5,○,9.416,20.1,60,45.5,0.1451,3.1,,,0,低,89,0,差ま0%,444 43,0,81.3,1.3752,0,0,0,0.1304,0,0.3033,0.0933,0.2633,,,C,△,○,0.3832,0.617,0.3401,0.4299,S,97,0,◎1着固定 2-3着流し（5〜8点）,0.5777,"{'is_target': True, 'verdict': '参加推奨', 'max_combo_prob': 0.0796, 'est_top_odds': 16.8, 'circle_concentration': 60.5, 'eligible_count': 6, 'bet_adj': 2, 'reason': 'rel_win1=58.6%（本命度） / 最有力組み合わせ確率: 0.080（推定実オッズ?17倍） / 2着集中度: 上位2艇 60.5%（補正+0.00） / 総合判定確率: 0.080 / → ヒモ分散。1号艇1着固定で広めのヒモ流し推奨（買い目+2点）', 'tenji_trigger': '展示確認: ヒモ分散レース。1号艇伸び確認後、広めのヒモ流しを採用。穴ヒモ（5・6号艇）を積極的に含める。'}",,,22.5,逃げ狙い,12.51,31.4,5,,,,,,,,,,,
2025-12-27,丸亀,2,6,樫葉次郎,B2,41.10,6,△,1.1226,4.6,47,17.5,0.173,3.925,,,0,低,84,0,-,2 SS6,0,28.7,0.3994,,,,,,0.275,0.25,0.3,,,A,,,0.3008,0.6065,,0.4299,S,97,0,◎1着固定 2-3着流し（5〜8点）,0.5777,"{'is_target': True, 'verdict': '参加推奨', 'max_combo_prob': 0.0796, 'est_top_odds': 16.8, 'circle_concentration': 60.5, 'eligible_count': 6, 'bet_adj': 2, 'reason': 'rel_win1=58.6%（本命度） / 最有力組み合わせ確率: 0.080（推定実オッズ?17倍） / 2着集中度: 上位2艇 60.5%（補正+0.00） / 総合判定確率: 0.080 / → ヒモ分散。1号艇1着固定で広めのヒモ流し推奨（買い目+2点）', 'tenji_trigger': '展示確認: ヒモ分散レース。1号艇伸び確認後、広めのヒモ流しを採用。穴ヒモ（5・6号艇）を積極的に含める。'}",,,22.5,逃げ狙い,12.51,31.4,5,,,,,,,,,,,
2025-12-27,丸亀,3,1,近藤雄一,B1,33.80,1,◎,53.1861,,0,69,0.164,3.2672,,,0,低,163,0,逃0%,3 455,0,69.2,0.9178,0.4643,,,,,0.22,0.3114,0.0143,○,,B,△,,,0.624,,0.4032,B,59,0,◎○△フォーメーション（15〜20点）,0.5777,"{'is_target': True, 'verdict': '参加推奨', 'max_combo_prob': 0.0713, 'est_top_odds': 18.7, 'circle_concentration': 72.6, 'eligible_count': 9, 'bet_adj': 2, 'reason': 'rel_win1=53.2%（本命度） / 最有力組み合わせ確率: 0.071（推定実オッズ?19倍） / 2着集中度: 上位2艇 72.6%（補正+0.04） / 総合判定確率: 0.111 / → ヒモ分散。1号艇1着固定で広めのヒモ流し推奨（買い目+2点）', 'tenji_trigger': '展示確認: ヒモ分散レース。1号艇伸び確認後、広めのヒモ流しを採用。穴ヒモ（5・6号艇）を積極的に含める。'}",,,30.1,両建て推奨,15.32,36.4,4,,,,,0,0,0.6155,0,,逃げ軸流し,A
2025-12-27,丸亀,3,2,西田和加,B2,21.21,2,,12.4672,25.2,77,0,0.2367,4.8333,,,0,低,88,1,-,6 666,0,84,0.5481,,,,,,0.4,0.4,0.2,,,E,,,0.1105,0.431,,0.4032,B,59,0,◎○△フォーメーション（15〜20点）,0.5777,"{'is_target': True, 'verdict': '参加推奨', 'max_combo_prob': 0.0713, 'est_top_odds': 18.7, 'circle_concentration': 72.6, 'eligible_count': 9, 'bet_adj': 2, 'reason': 'rel_win1=53.2%（本命度） / 最有力組み合わせ確率: 0.071（推定実オッズ?19倍） / 2着集中度: 上位2艇 72.6%（補正+0.04） / 総合判定確率: 0.111 / → ヒモ分散。1号艇1着固定で広めのヒモ流し推奨（買い目+2点）', 'tenji_trigger': '展示確認: ヒモ分散レース。1号艇伸び確認後、広めのヒモ流しを採用。穴ヒモ（5・6号艇）を積極的に含める。'}",,,30.1,両建て推奨,15.32,36.4,4,,,,,,,,,,,
2025-12-27,丸亀,3,3,富永修一,A2,23.08,3,○,17.439,47.3,100,68.8,0.1598,3.2049,,,0,低,92,0,差ま0%,31462,0,47,0.9327,0,0.04,0.04,0.04,0.04,0.1257,0.1257,0.1124,,,D,◎,,0.3482,0.6455,,0.4032,B,59,0,◎○△フォーメーション（15〜20点）,0.5777,"{'is_target': True, 'verdict': '参加推奨', 'max_combo_prob': 0.0713, 'est_top_odds': 18.7, 'circle_concentration': 72.6, 'eligible_count': 9, 'bet_adj': 2, 'reason': 'rel_win1=53.2%（本命度） / 最有力組み合わせ確率: 0.071（推定実オッズ?19倍） / 2着集中度: 上位2艇 72.6%（補正+0.04） / 総合判定確率: 0.111 / → ヒモ分散。1号艇1着固定で広めのヒモ流し推奨（買い目+2点）', 'tenji_trigger': '展示確認: ヒモ分散レース。1号艇伸び確認後、広めのヒモ流しを採用。穴ヒモ（5・6号艇）を積極的に含める。'}",,,30.1,両建て推奨,15.32,36.4,4,,,,,,,,,,,
2025-12-27,丸亀,3,4,西原明生,B1,28.38,4,▲,9.9246,14.3,49,27.4,0.1813,4.2742,,,0,低,192,0,差0%,4 4416,0,85.9,1.5068,0,0.04,0,0,0,0.2571,0.2571,0.2762,,,C,○,,0.2612,0.641,,0.4032,B,59,0,◎○△フォーメーション（15〜20点）,0.5777,"{'is_target': True, 'verdict': '参加推奨', 'max_combo_prob': 0.0713, 'est_top_odds': 18.7, 'circle_concentration': 72.6, 'eligible_count': 9, 'bet_adj': 2, 'reason': 'rel_win1=53.2%（本命度） / 最有力組み合わせ確率: 0.071（推定実オッズ?19倍） / 2着集中度: 上位2艇 72.6%（補正+0.04） / 総合判定確率: 0.111 / → ヒモ分散。1号艇1着固定で広めのヒモ流し推奨（買い目+2点）', 'tenji_trigger': '展示確認: ヒモ分散レース。1号艇伸び確認後、広めのヒモ流しを採用。穴ヒモ（5・6号艇）を積極的に含める。'}",,,30.1,両建て推奨,15.32,36.4,4,,,,,,,,,,,
2025-12-27,丸亀,3,5,渡辺　崇,B1,29.73,5,△,5.5788,11.1,81,36.2,0.1828,3.8793,,,0,低,135,0,-,214 22,0,45.3,0.7781,,,,,,0.075,0.315,0.025,,,C,,,0.3008,0.608,,0.4032,B,59,0,◎○△フォーメーション（15〜20点）,0.5777,"{'is_target': True, 'verdict': '参加推奨', 'max_combo_prob': 0.0713, 'est_top_odds': 18.7, 'circle_concentration': 72.6, 'eligible_count': 9, 'bet_adj': 2, 'reason': 'rel_win1=53.2%（本命度） / 最有力組み合わせ確率: 0.071（推定実オッズ?19倍） / 2着集中度: 上位2艇 72.6%（補正+0.04） / 総合判定確率: 0.111 / → ヒモ分散。1号艇1着固定で広めのヒモ流し推奨（買い目+2点）', 'tenji_trigger': '展示確認: ヒモ分散レース。1号艇伸び確認後、広めのヒモ流しを採用。穴ヒモ（5・6号艇）を積極的に含める。'}",,,30.1,両建て推奨,15.32,36.4,4,,,,,,,,,,,
2025-12-27,丸亀,3,6,嶋　義信,A2,33.33,6,,1.4043,2,79,24.6,0.191,4.3361,,,0,低,90,0,-,34346,0,28.7,1.5369,,,,,,0.125,0.15,0.1875,,,B,△,,0.2708,0.632,,0.4032,B,59,0,◎○△フォーメーション（15〜20点）,0.5777,"{'is_target': True, 'verdict': '参加推奨', 'max_combo_prob': 0.0713, 'est_top_odds': 18.7, 'circle_concentration': 72.6, 'eligible_count': 9, 'bet_adj': 2, 'reason': 'rel_win1=53.2%（本命度） / 最有力組み合わせ確率: 0.071（推定実オッズ?19倍） / 2着集中度: 上位2艇 72.6%（補正+0.04） / 総合判定確率: 0.111 / → ヒモ分散。1号艇1着固定で広めのヒモ流し推奨（買い目+2点）', 'tenji_trigger': '展示確認: ヒモ分散レース。1号艇伸び確認後、広めのヒモ流しを採用。穴ヒモ（5・6号艇）を積極的に含める。'}",,,30.1,両建て推奨,15.32,36.4,4,,,,,,,,,,,
2025-12-27,丸亀,4,1,沖島広和,B1,23.44,1,◎,44.6973,,0,90.2,0.1584,3.0328,,,0,低,143,0,逃1%,6 242,0,76.3,1.1219,0.5,,,,,0.2615,0.0308,0.1769,○,,D,◎,,,0.637,,0.4329,A,69,0,◎-○軸 3着3〜4艇流し（10〜15点）,0.5777,"{'is_target': False, 'verdict': '対象外', 'max_combo_prob': None, 'est_top_odds': None, 'circle_concentration': None, 'eligible_count': 0, 'bet_adj': 0, 'reason': '1号艇rel_win1 < 45%: 通常判定に委ねる', 'tenji_trigger': ''}",,,30.9,逃げ狙い,21.37,33.4,4,,,,,0,0,0.6155,0,,逃げ軸流し,A
2025-12-27,丸亀,4,2,登みひ果,B1,24.59,2,▲,9.2858,37.5,100,52.2,0.1491,3.3261,,,0,低,78,0,-,126 25,0,37.6,0.7603,0,0,0,0,0.0625,0.2143,0.6429,0,,◎,D,,,0.4597,0.508,,0.4329,A,69,0,◎-○軸 3着3〜4艇流し（10〜15点）,0.5777,"{'is_target': False, 'verdict': '対象外', 'max_combo_prob': None, 'est_top_odds': None, 'circle_concentration': None, 'eligible_count': 0, 'bet_adj': 0, 'reason': '1号艇rel_win1 < 45%: 通常判定に委ねる', 'tenji_trigger': ''}",,,30.9,逃げ狙い,21.37,33.4,4,,,,,,,,,,,
2025-12-27,丸亀,4,3,谷口知優,B1,32.88,3,○,17.0175,21.6,83,50,0.1627,3.2955,,,0,低,83,0,差0% ま0% 差ま0%,1 5313,0,43.7,1.0063,0,0.125,0.0417,0.0833,0,0,0.3481,0.1039,,,B,△,,0.3018,0.6165,,0.4329,A,69,0,◎-○軸 3着3〜4艇流し（10〜15点）,0.5777,"{'is_target': False, 'verdict': '対象外', 'max_combo_prob': None, 'est_top_odds': None, 'circle_concentration': None, 'eligible_count': 0, 'bet_adj': 0, 'reason': '1号艇rel_win1 < 45%: 通常判定に委ねる', 'tenji_trigger': ''}",,,30.9,逃げ狙い,21.37,33.4,4,,,,,,,,,,,
2025-12-27,丸亀,4,4,岸本　隆,A2,23.44,4,,16.0081,19.8,69,49.1,0.141,2.9407,,,0,低,91,0,-,6 1535,0,98.6,1.9264,0,0,0.1379,0.0345,0,0.0769,0.1538,0.1923,,,D,○,◎,0.385,0.6225,0.4155,0.4329,A,69,0,◎-○軸 3着3〜4艇流し（10〜15点）,0.5777,"{'is_target': False, 'verdict': '対象外', 'max_combo_prob': None, 'est_top_odds': None, 'circle_concentration': None, 'eligible_count': 0, 'bet_adj': 0, 'reason': '1号艇rel_win1 < 45%: 通常判定に委ねる', 'tenji_trigger': ''}",,,30.9,逃げ狙い,21.37,33.4,4,,,,,,,,,,,
2025-12-27,丸亀,4,5,竹下大樹,A1,28.57,5,,11.8561,18.4,62,44.4,0.1672,3.75,,,0,低,123,0,-,6 1655,0,34,0.7588,0,0,0,0.2353,0,0.0385,0.0385,0,,,C,△,○,0.3052,0.6165,0.4084,0.4329,A,69,0,◎-○軸 3着3〜4艇流し（10〜15点）,0.5777,"{'is_target': False, 'verdict': '対象外', 'max_combo_prob': None, 'est_top_odds': None, 'circle_concentration': None, 'eligible_count': 0, 'bet_adj': 0, 'reason': '1号艇rel_win1 < 45%: 通常判定に委ねる', 'tenji_trigger': ''}",,,30.9,逃げ狙い,21.37,33.4,4,,,,,,,,,,,
2025-12-27,丸亀,4,6,三品隆浩,B1,39.06,6,△,1.1351,2.7,54,18.3,0.2245,4.875,,,0,低,181,0,-,5 4554,0,25.5,0.5956,,,,,,0.2881,0.2714,0.119,,,A,△,,0.1373,0.59,,0.4329,A,69,0,◎-○軸 3着3〜4艇流し（10〜15点）,0.5777,"{'is_target': False, 'verdict': '対象外', 'max_combo_prob': None, 'est_top_odds': None, 'circle_concentration': None, 'eligible_count': 0, 'bet_adj': 0, 'reason': '1号艇rel_win1 < 45%: 通常判定に委ねる', 'tenji_trigger': ''}",,,30.9,逃げ狙い,21.37,33.4,4,,,,,,,,,,,
2025-12-27,丸亀,5,1,上村宏太,B1,28.99,1,◎,52.107,,0,71,0.1871,4.0645,,,0,低,125,0,逃0%,1 342,0,56.8,0.9343,0.2,,,,,0.2,0.3,0.3,△,,C,△,,,0.5525,,0.2433,A,62,0,◎-○軸 3着3〜4艇流し（10〜15点）,0.5777,"{'is_target': True, 'verdict': '点数絞り', 'max_combo_prob': 0.1075, 'est_top_odds': 12.4, 'circle_concentration': 71.8, 'eligible_count': 8, 'bet_adj': 0, 'reason': 'rel_win1=52.1%（本命度） / 最有力組み合わせ確率: 0.107（推定実オッズ?12倍） / 2着集中度: 上位2艇 71.8%（補正+0.04） / 総合判定確率: 0.147 / → ヒモはやや固め。上位2艇以外を切ること', 'tenji_trigger': '展示確認: 1号艇伸び良→そのまま採用。悪→飛び組に差し替え。circle_pct上位2艇に絞り込むこと。\n展示で1号艇スタート遅め(0.187秒)確認→ヒモが荒れやすい'}",,,31.3,両建て推奨,13.2,41.7,3,5-1-2|1-2-5|1-2-4|1-4-5|1-3-5|1-3-4,6-1-2|3-1-2|3-2-1|6-1-4|6-2-1|5-1-2|3-2-4|1-2-5|1-2-4|1-4-5|1-3-5|1-3-4,5-1-2:1.9%|1-2-5:8.49%|1-2-4:7.19%|1-4-5:4.99%|1-3-5:4.89%|1-3-4:4.15%,5-1-2:B_main|1-2-5:A|1-2-4:A|1-4-5:A|1-3-5:A|1-3-4:A,6,12,0.4535,1,[!]見送り推奨（主役決まり手「まくり差し」― 逃げ劣勢レースで的中実績なし）,荒れ広め,D
2025-12-27,丸亀,5,2,田中宏樹,B1,17.65,2,,13.6286,49.7,76,66,0.177,3.717,,,0,低,128,0,-,125 36,0,38.8,0.9507,0,0.0455,0.0455,0,0.0455,0.2,0.02,0.18,,○,E,△,,0.4104,0.6195,,0.2433,A,62,0,◎-○軸 3着3〜4艇流し（10〜15点）,0.5777,"{'is_target': True, 'verdict': '点数絞り', 'max_combo_prob': 0.1075, 'est_top_odds': 12.4, 'circle_concentration': 71.8, 'eligible_count': 8, 'bet_adj': 0, 'reason': 'rel_win1=52.1%（本命度） / 最有力組み合わせ確率: 0.107（推定実オッズ?12倍） / 2着集中度: 上位2艇 71.8%（補正+0.04） / 総合判定確率: 0.147 / → ヒモはやや固め。上位2艇以外を切ること', 'tenji_trigger': '展示確認: 1号艇伸び良→そのまま採用。悪→飛び組に差し替え。circle_pct上位2艇に絞り込むこと。\n展示で1号艇スタート遅め(0.187秒)確認→ヒモが荒れやすい'}",,,31.3,両建て推奨,13.2,41.7,3,,,,,,,,,,,
2025-12-27,丸亀,5,3,大西　賢,B1,27.40,3,△,8.6584,18.8,76,35.2,0.1765,3.6481,,,0,低,150,0,-,563 23,0,25.4,0.7583,,,,,,0.1722,0.1722,0.2591,,△,C,,,0.366,0.549,,0.2433,A,62,0,◎-○軸 3着3〜4艇流し（10〜15点）,0.5777,"{'is_target': True, 'verdict': '点数絞り', 'max_combo_prob': 0.1075, 'est_top_odds': 12.4, 'circle_concentration': 71.8, 'eligible_count': 8, 'bet_adj': 0, 'reason': 'rel_win1=52.1%（本命度） / 最有力組み合わせ確率: 0.107（推定実オッズ?12倍） / 2着集中度: 上位2艇 71.8%（補正+0.04） / 総合判定確率: 0.147 / → ヒモはやや固め。上位2艇以外を切ること', 'tenji_trigger': '展示確認: 1号艇伸び良→そのまま採用。悪→飛び組に差し替え。circle_pct上位2艇に絞り込むこと。\n展示で1号艇スタート遅め(0.187秒)確認→ヒモが荒れやすい'}",,,31.3,両建て推奨,13.2,41.7,3,,,,,,,,,,,
2025-12-27,丸亀,5,4,福田雅一,A2,33.77,4,○,13.952,22.1,54,43.4,0.1706,3.4245,,,0,低,91,0,ま0%,261643,0,78.4,1.5472,0,0,0.08,0.04,0,0.2,0.1,0.2,,,B,◎,,0.3595,0.66,,0.2433,A,62,0,◎-○軸 3着3〜4艇流し（10〜15点）,0.5777,"{'is_target': True, 'verdict': '点数絞り', 'max_combo_prob': 0.1075, 'est_top_odds': 12.4, 'circle_concentration': 71.8, 'eligible_count': 8, 'bet_adj': 0, 'reason': 'rel_win1=52.1%（本命度） / 最有力組み合わせ確率: 0.107（推定実オッズ?12倍） / 2着集中度: 上位2艇 71.8%（補正+0.04） / 総合判定確率: 0.147 / → ヒモはやや固め。上位2艇以外を切ること', 'tenji_trigger': '展示確認: 1号艇伸び良→そのまま採用。悪→飛び組に差し替え。circle_pct上位2艇に絞り込むこと。\n展示で1号艇スタート遅め(0.187秒)確認→ヒモが荒れやすい'}",,,31.3,両建て推奨,13.2,41.7,3,,,,,,,,,,,
2025-12-27,丸亀,5,5,葛原大陽,A1,32.81,5,▲,10.3866,9.1,100,65.5,0.1452,2.9224,,,0,低,92,0,差ま0%,3 1236,0,97.4,1.8831,0,0,0,0.0741,0,0.1832,0.0316,0.1937,,◎,B,○,,0.4237,0.645,,0.2433,A,62,0,◎-○軸 3着3〜4艇流し（10〜15点）,0.5777,"{'is_target': True, 'verdict': '点数絞り', 'max_combo_prob': 0.1075, 'est_top_odds': 12.4, 'circle_concentration': 71.8, 'eligible_count': 8, 'bet_adj': 0, 'reason': 'rel_win1=52.1%（本命度） / 最有力組み合わせ確率: 0.107（推定実オッズ?12倍） / 2着集中度: 上位2艇 71.8%（補正+0.04） / 総合判定確率: 0.147 / → ヒモはやや固め。上位2艇以外を切ること', 'tenji_trigger': '展示確認: 1号艇伸び良→そのまま採用。悪→飛び組に差し替え。circle_pct上位2艇に絞り込むこと。\n展示で1号艇スタート遅め(0.187秒)確認→ヒモが荒れやすい'}",,,31.3,両建て推奨,13.2,41.7,3,,,,,,,,,,,
2025-12-27,丸亀,5,6,日隈　茜,B2,19.12,6,,1.2674,0.3,11,0,0.2033,4.1446,,,0,低,62,0,-,666 65,0,26.4,0.5728,,,,,,,,,,,D,,,0.2611,0.457,,0.2433,A,62,0,◎-○軸 3着3〜4艇流し（10〜15点）,0.5777,"{'is_target': True, 'verdict': '点数絞り', 'max_combo_prob': 0.1075, 'est_top_odds': 12.4, 'circle_concentration': 71.8, 'eligible_count': 8, 'bet_adj': 0, 'reason': 'rel_win1=52.1%（本命度） / 最有力組み合わせ確率: 0.107（推定実オッズ?12倍） / 2着集中度: 上位2艇 71.8%（補正+0.04） / 総合判定確率: 0.147 / → ヒモはやや固め。上位2艇以外を切ること', 'tenji_trigger': '展示確認: 1号艇伸び良→そのまま採用。悪→飛び組に差し替え。circle_pct上位2艇に絞り込むこと。\n展示で1号艇スタート遅め(0.187秒)確認→ヒモが荒れやすい'}",,,31.3,両建て推奨,13.2,41.7,3,,,,,,,,,,,
2025-12-27,丸亀,6,1,村松修二,A2,34.33,1,◎,60.4658,,0,84.9,0.1586,3.2652,,,0,低,81,0,逃1%,232214,0,56.7,0.9401,0.6154,,,,,0.0308,0.0308,0.3341,◎,,C,,,,0.596,,0.4817,A,79,0,◎-○軸 3着3〜4艇流し（10〜15点）,0.5777,"{'is_target': True, 'verdict': '参加推奨', 'max_combo_prob': 0.0697, 'est_top_odds': 19.1, 'circle_concentration': 64.8, 'eligible_count': 8, 'bet_adj': 2, 'reason': 'rel_win1=60.5%（本命度） / 最有力組み合わせ確率: 0.070（推定実オッズ?19倍） / 2着集中度: 上位2艇 64.8%（補正+0.00） / 総合判定確率: 0.070 / → ヒモ分散。1号艇1着固定で広めのヒモ流し推奨（買い目+2点）', 'tenji_trigger': '展示確認: ヒモ分散レース。1号艇伸び確認後、広めのヒモ流しを採用。穴ヒモ（5・6号艇）を積極的に含める。'}",,,28.3,逃げ狙い,17.71,29.1,4,,,,,0,0,0.7559,0,,逃げ軸流し,A
2025-12-27,丸亀,6,2,谷口佳蓮,B1,39.39,2,▲,13.2191,39.7,100,50,0.158,3.8,,,0,低,45,0,-,,0,96.3,0.8333,0,0.1176,0,0,0,0.1091,0,0.2727,,△,B,,,0.3372,0.5715,,0.4817,A,79,0,◎-○軸 3着3〜4艇流し（10〜15点）,0.5777,"{'is_target': True, 'verdict': '参加推奨', 'max_combo_prob': 0.0697, 'est_top_odds': 19.1, 'circle_concentration': 64.8, 'eligible_count': 8, 'bet_adj': 2, 'reason': 'rel_win1=60.5%（本命度） / 最有力組み合わせ確率: 0.070（推定実オッズ?19倍） / 2着集中度: 上位2艇 64.8%（補正+0.00） / 総合判定確率: 0.070 / → ヒモ分散。1号艇1着固定で広めのヒモ流し推奨（買い目+2点）', 'tenji_trigger': '展示確認: ヒモ分散レース。1号艇伸び確認後、広めのヒモ流しを採用。穴ヒモ（5・6号艇）を積極的に含める。'}",,,28.3,逃げ狙い,17.71,29.1,4,,,,,,,,,,,
2025-12-27,丸亀,6,3,松尾怜実,B2,28.79,3,△,7.0913,20.5,83,36.4,0.1464,3.0455,,,0,低,40,0,-,5 3665,0,83.6,1.804,,,,,,0.3333,0,0.3333,,○,D,△,,0.3758,0.599,,0.4817,A,79,0,◎-○軸 3着3〜4艇流し（10〜15点）,0.5777,"{'is_target': True, 'verdict': '参加推奨', 'max_combo_prob': 0.0697, 'est_top_odds': 19.1, 'circle_concentration': 64.8, 'eligible_count': 8, 'bet_adj': 2, 'reason': 'rel_win1=60.5%（本命度） / 最有力組み合わせ確率: 0.070（推定実オッズ?19倍） / 2着集中度: 上位2艇 64.8%（補正+0.00） / 総合判定確率: 0.070 / → ヒモ分散。1号艇1着固定で広めのヒモ流し推奨（買い目+2点）', 'tenji_trigger': '展示確認: ヒモ分散レース。1号艇伸び確認後、広めのヒモ流しを採用。穴ヒモ（5・6号艇）を積極的に含める。'}",,,28.3,逃げ狙い,17.71,29.1,4,,,,,,,,,,,
2025-12-27,丸亀,6,4,烏野賢太,A1,32.31,4,,6.8905,25.1,81,55,0.1657,3.4333,,,0,低,135,0,差0%,352 11,0,31.3,0.8515,0,0.0455,0,0,0.0455,0.1153,0.145,0,,,C,◎,○,0.257,0.663,0.2739,0.4817,A,79,0,◎-○軸 3着3〜4艇流し（10〜15点）,0.5777,"{'is_target': True, 'verdict': '参加推奨', 'max_combo_prob': 0.0697, 'est_top_odds': 19.1, 'circle_concentration': 64.8, 'eligible_count': 8, 'bet_adj': 2, 'reason': 'rel_win1=60.5%（本命度） / 最有力組み合わせ確率: 0.070（推定実オッズ?19倍） / 2着集中度: 上位2艇 64.8%（補正+0.00） / 総合判定確率: 0.070 / → ヒモ分散。1号艇1着固定で広めのヒモ流し推奨（買い目+2点）', 'tenji_trigger': '展示確認: ヒモ分散レース。1号艇伸び確認後、広めのヒモ流しを採用。穴ヒモ（5・6号艇）を積極的に含める。'}",,,28.3,逃げ狙い,17.71,29.1,4,,,,,,,,,,,
2025-12-27,丸亀,6,5,谷津幸宏,A1,45.07,5,○,11.3401,13,69,41.5,0.1278,2.6846,,,0,低,52,0,差0%,26236,0,27.2,1.8417,0,0.0312,0.0625,0.0938,0,0.0476,0.0714,0.119,,◎,A,○,◎,0.4044,0.6535,0.4456,0.4817,A,79,0,◎-○軸 3着3〜4艇流し（10〜15点）,0.5777,"{'is_target': True, 'verdict': '参加推奨', 'max_combo_prob': 0.0697, 'est_top_odds': 19.1, 'circle_concentration': 64.8, 'eligible_count': 8, 'bet_adj': 2, 'reason': 'rel_win1=60.5%（本命度） / 最有力組み合わせ確率: 0.070（推定実オッズ?19倍） / 2着集中度: 上位2艇 64.8%（補正+0.00） / 総合判定確率: 0.070 / → ヒモ分散。1号艇1着固定で広めのヒモ流し推奨（買い目+2点）', 'tenji_trigger': '展示確認: ヒモ分散レース。1号艇伸び確認後、広めのヒモ流しを採用。穴ヒモ（5・6号艇）を積極的に含める。'}",,,28.3,逃げ狙い,17.71,29.1,4,,,,,,,,,,,
2025-12-27,丸亀,6,6,吉原聖人,B1,23.19,6,,0.9931,1.7,53,17.4,0.1983,4.2283,,,0,低,129,0,-,255 34,0,28.1,0.8511,,,,,,0.2533,0.0667,0.3733,,,E,△,,0.1898,0.5965,,0.4817,A,79,0,◎-○軸 3着3〜4艇流し（10〜15点）,0.5777,"{'is_target': True, 'verdict': '参加推奨', 'max_combo_prob': 0.0697, 'est_top_odds': 19.1, 'circle_concentration': 64.8, 'eligible_count': 8, 'bet_adj': 2, 'reason': 'rel_win1=60.5%（本命度） / 最有力組み合わせ確率: 0.070（推定実オッズ?19倍） / 2着集中度: 上位2艇 64.8%（補正+0.00） / 総合判定確率: 0.070 / → ヒモ分散。1号艇1着固定で広めのヒモ流し推奨（買い目+2点）', 'tenji_trigger': '展示確認: ヒモ分散レース。1号艇伸び確認後、広めのヒモ流しを採用。穴ヒモ（5・6号艇）を積極的に含める。'}",,,28.3,逃げ狙い,17.71,29.1,4,,,,,,,,,,,
2025-12-27,丸亀,7,1,篠原飛翔,A2,20.97,1,◎,52.3225,,0,77.5,0.191,3.9625,,,0,低,97,0,逃0%,3 3332,0,80.2,1.0022,0.4615,,,,,0.0808,0.1423,0.0462,△,,D,,,,0.603,,0.2484,A,65,0,◎-○軸 3着3〜4艇流し（10〜15点）,0.5777,"{'is_target': True, 'verdict': '参加推奨', 'max_combo_prob': 0.076, 'est_top_odds': 17.6, 'circle_concentration': 79.4, 'eligible_count': 8, 'bet_adj': 2, 'reason': 'rel_win1=52.3%（本命度） / 最有力組み合わせ確率: 0.076（推定実オッズ?18倍） / 2着集中度: 上位2艇 79.4%（補正+0.04） / 総合判定確率: 0.116 / → ヒモ分散。1号艇1着固定で広めのヒモ流し推奨（買い目+2点）', 'tenji_trigger': '展示確認: ヒモ分散レース。1号艇伸び確認後、広めのヒモ流しを採用。穴ヒモ（5・6号艇）を積極的に含める。\n展示で1号艇スタート遅め(0.191秒)確認→ヒモが荒れやすい'}",,,33.6,逃げ狙い,16.8,30.7,3,3-5-4|3-4-5|1-3-2|1-3-4|1-2-3|1-2-4|3-1-4,2-1-4|4-1-6|4-1-5|2-1-5|3-5-4|3-4-5|2-1-6|1-3-2|1-3-4|1-2-3|1-2-4|3-1-4,3-5-4:1.58%|3-4-5:1.47%|1-3-2:7.26%|1-3-4:6.71%|1-2-3:6.53%|1-2-4:5.87%|3-1-4:4.84%,3-5-4:B_main|3-4-5:B_main|1-3-2:A|1-3-4:A|1-2-3:A|1-2-4:A|3-1-4:B_sc,7,12,0.4535,1,[!]見送り推奨（主役決まり手「まくり」― 逃げ劣勢レースで的中実績なし）,荒れ広め,D
2025-12-27,丸亀,7,2,中里優子,B1,25.00,2,△,8.2836,33.7,81,34.4,0.1753,3.8906,,,0,低,61,0,ま0%,6 521,0,60.1,0.6131,0,0,0.0714,0,0,0.05,0,0.25,,○,C,△,,0.4784,0.621,,0.2484,A,65,0,◎-○軸 3着3〜4艇流し（10〜15点）,0.5777,"{'is_target': True, 'verdict': '参加推奨', 'max_combo_prob': 0.076, 'est_top_odds': 17.6, 'circle_concentration': 79.4, 'eligible_count': 8, 'bet_adj': 2, 'reason': 'rel_win1=52.3%（本命度） / 最有力組み合わせ確率: 0.076（推定実オッズ?18倍） / 2着集中度: 上位2艇 79.4%（補正+0.04） / 総合判定確率: 0.116 / → ヒモ分散。1号艇1着固定で広めのヒモ流し推奨（買い目+2点）', 'tenji_trigger': '展示確認: ヒモ分散レース。1号艇伸び確認後、広めのヒモ流しを採用。穴ヒモ（5・6号艇）を積極的に含める。\n展示で1号艇スタート遅め(0.191秒)確認→ヒモが荒れやすい'}",,,33.6,逃げ狙い,16.8,30.7,3,,,,,,,,,,,
2025-12-27,丸亀,7,3,河野　大,A1,31.94,3,○,22.6508,45.8,100,75,0.1427,2.95,,,0,低,88,0,ま1% 差ま0%,25221,0,41.7,0.8792,0,0.0333,0.2,0.1333,0,0.1143,0.0381,0.0286,,◎,B,○,,0.5251,0.6455,,0.2484,A,65,0,◎-○軸 3着3〜4艇流し（10〜15点）,0.5777,"{'is_target': True, 'verdict': '参加推奨', 'max_combo_prob': 0.076, 'est_top_odds': 17.6, 'circle_concentration': 79.4, 'eligible_count': 8, 'bet_adj': 2, 'reason': 'rel_win1=52.3%（本命度） / 最有力組み合わせ確率: 0.076（推定実オッズ?18倍） / 2着集中度: 上位2艇 79.4%（補正+0.04） / 総合判定確率: 0.116 / → ヒモ分散。1号艇1着固定で広めのヒモ流し推奨（買い目+2点）', 'tenji_trigger': '展示確認: ヒモ分散レース。1号艇伸び確認後、広めのヒモ流しを採用。穴ヒモ（5・6号艇）を積極的に含める。\n展示で1号艇スタート遅め(0.191秒)確認→ヒモが荒れやすい'}",,,33.6,逃げ狙い,16.8,30.7,3,,,,,,,,,,,
2025-12-27,丸亀,7,4,近藤雄一,B1,33.80,4,▲,7.6164,14.6,86,37.7,0.1683,3.3571,,,0,低,163,0,ま0% 差ま0%,3 455,0,46,0.8345,0,0,0.0312,0.0312,0,0.22,0.3114,0.0143,,,B,△,,0.3891,0.624,,0.2484,A,65,0,◎-○軸 3着3〜4艇流し（10〜15点）,0.5777,"{'is_target': True, 'verdict': '参加推奨', 'max_combo_prob': 0.076, 'est_top_odds': 17.6, 'circle_concentration': 79.4, 'eligible_count': 8, 'bet_adj': 2, 'reason': 'rel_win1=52.3%（本命度） / 最有力組み合わせ確率: 0.076（推定実オッズ?18倍） / 2着集中度: 上位2艇 79.4%（補正+0.04） / 総合判定確率: 0.116 / → ヒモ分散。1号艇1着固定で広めのヒモ流し推奨（買い目+2点）', 'tenji_trigger': '展示確認: ヒモ分散レース。1号艇伸び確認後、広めのヒモ流しを採用。穴ヒモ（5・6号艇）を積極的に含める。\n展示で1号艇スタート遅め(0.191秒)確認→ヒモが荒れやすい'}",,,33.6,逃げ狙い,16.8,30.7,3,,,,,,,,,,,
2025-12-27,丸亀,7,5,品田直樹,B1,20.69,5,,4.397,5.6,53,29.3,0.2064,4.3467,,,0,低,201,0,差ま0%,515 44,0,37.1,0.8507,0,0,0,0.0303,0,0.1167,0.119,0.1357,,,E,◎,,0.2534,0.656,,0.2484,A,65,0,◎-○軸 3着3〜4艇流し（10〜15点）,0.5777,"{'is_target': True, 'verdict': '参加推奨', 'max_combo_prob': 0.076, 'est_top_odds': 17.6, 'circle_concentration': 79.4, 'eligible_count': 8, 'bet_adj': 2, 'reason': 'rel_win1=52.3%（本命度） / 最有力組み合わせ確率: 0.076（推定実オッズ?18倍） / 2着集中度: 上位2艇 79.4%（補正+0.04） / 総合判定確率: 0.116 / → ヒモ分散。1号艇1着固定で広めのヒモ流し推奨（買い目+2点）', 'tenji_trigger': '展示確認: ヒモ分散レース。1号艇伸び確認後、広めのヒモ流しを採用。穴ヒモ（5・6号艇）を積極的に含める。\n展示で1号艇スタート遅め(0.191秒)確認→ヒモが荒れやすい'}",,,33.6,逃げ狙い,16.8,30.7,3,,,,,,,,,,,
2025-12-27,丸亀,7,6,富永修一,A2,23.08,6,,4.7298,0.4,51,31.5,0.1505,3.5616,,,0,低,92,0,-,31462,0,23.7,1.0603,,,,,,0.1257,0.1257,0.1124,,△,D,○,,0.4643,0.6455,,0.2484,A,65,0,◎-○軸 3着3〜4艇流し（10〜15点）,0.5777,"{'is_target': True, 'verdict': '参加推奨', 'max_combo_prob': 0.076, 'est_top_odds': 17.6, 'circle_concentration': 79.4, 'eligible_count': 8, 'bet_adj': 2, 'reason': 'rel_win1=52.3%（本命度） / 最有力組み合わせ確率: 0.076（推定実オッズ?18倍） / 2着集中度: 上位2艇 79.4%（補正+0.04） / 総合判定確率: 0.116 / → ヒモ分散。1号艇1着固定で広めのヒモ流し推奨（買い目+2点）', 'tenji_trigger': '展示確認: ヒモ分散レース。1号艇伸び確認後、広めのヒモ流しを採用。穴ヒモ（5・6号艇）を積極的に含める。\n展示で1号艇スタート遅め(0.191秒)確認→ヒモが荒れやすい'}",,,33.6,逃げ狙い,16.8,30.7,3,,,,,,,,,,,
2025-12-27,丸亀,8,1,戸塚邦好,A2,28.57,1,◎,68.8575,,0,91.8,0.1305,2.459,,,0,低,59,0,逃1%,411464,0,91.3,1.2137,0.72,,,,,0.032,0.232,0.048,◎,,B,◎,,,0.655,,0.6347,S,100,0,◎1着固定 2-3着流し（5〜8点）,0.5777,"{'is_target': True, 'verdict': '点数絞り', 'max_combo_prob': 0.1376, 'est_top_odds': 9.7, 'circle_concentration': 76.1, 'eligible_count': 6, 'bet_adj': 0, 'reason': 'rel_win1=68.9%（本命度） / 最有力組み合わせ確率: 0.138（推定実オッズ?10倍） / 2着集中度: 上位2艇 76.1%（補正+0.04） / 総合判定確率: 0.178 / → ヒモはやや固め。上位2艇以外を切ること', 'tenji_trigger': '展示確認: 1号艇伸び良→そのまま採用。悪→飛び組に差し替え。circle_pct上位2艇に絞り込むこと。\n展示で1号艇スタート超安定(0.131秒)→ヒモ固まり方向に注意'}",,,27.7,逃げ狙い,16.87,28.1,4,,,,,0,0,0.7559,0,,逃げ軸流し,A
2025-12-27,丸亀,8,2,岸本　隆,A2,23.44,2,▲,11.728,52.5,99,63.9,0.1611,3.2705,,,0,低,91,0,-,6 1535,0,61.6,1.2072,0,0.1724,0.0345,0,0,0.0769,0.1538,0.1923,,,C,○,,0.0872,0.6225,,0.6347,S,100,0,◎1着固定 2-3着流し（5〜8点）,0.5777,"{'is_target': True, 'verdict': '点数絞り', 'max_combo_prob': 0.1376, 'est_top_odds': 9.7, 'circle_concentration': 76.1, 'eligible_count': 6, 'bet_adj': 0, 'reason': 'rel_win1=68.9%（本命度） / 最有力組み合わせ確率: 0.138（推定実オッズ?10倍） / 2着集中度: 上位2艇 76.1%（補正+0.04） / 総合判定確率: 0.178 / → ヒモはやや固め。上位2艇以外を切ること', 'tenji_trigger': '展示確認: 1号艇伸び良→そのまま採用。悪→飛び組に差し替え。circle_pct上位2艇に絞り込むこと。\n展示で1号艇スタート超安定(0.131秒)→ヒモ固まり方向に注意'}",,,27.7,逃げ狙い,16.87,28.1,4,,,,,,,,,,,
2025-12-27,丸亀,8,3,角山雄哉,B1,40.58,3,○,9.9986,23.5,73,45,0.136,2.6833,,,0,低,95,0,-,552 41,0,40,0.925,0,0,0.1071,0.0714,0,0.2833,0.0333,0.05,,,A,△,,0.2734,0.568,,0.6347,S,100,0,◎1着固定 2-3着流し（5〜8点）,0.5777,"{'is_target': True, 'verdict': '点数絞り', 'max_combo_prob': 0.1376, 'est_top_odds': 9.7, 'circle_concentration': 76.1, 'eligible_count': 6, 'bet_adj': 0, 'reason': 'rel_win1=68.9%（本命度） / 最有力組み合わせ確率: 0.138（推定実オッズ?10倍） / 2着集中度: 上位2艇 76.1%（補正+0.04） / 総合判定確率: 0.178 / → ヒモはやや固め。上位2艇以外を切ること', 'tenji_trigger': '展示確認: 1号艇伸び良→そのまま採用。悪→飛び組に差し替え。circle_pct上位2艇に絞り込むこと。\n展示で1号艇スタート超安定(0.131秒)→ヒモ固まり方向に注意'}",,,27.7,逃げ狙い,16.87,28.1,4,,,,,,,,,,,
2025-12-27,丸亀,8,4,香川素子,A2,18.18,4,,6.6171,19.2,100,47.6,0.1786,3.7738,,,0,低,92,0,-,233 54,0,44.8,0.9268,0,0.0625,0,0,0.0625,0.0182,0.0182,0.4273,,,E,△,,0.1097,0.5835,,0.6347,S,100,0,◎1着固定 2-3着流し（5〜8点）,0.5777,"{'is_target': True, 'verdict': '点数絞り', 'max_combo_prob': 0.1376, 'est_top_odds': 9.7, 'circle_concentration': 76.1, 'eligible_count': 6, 'bet_adj': 0, 'reason': 'rel_win1=68.9%（本命度） / 最有力組み合わせ確率: 0.138（推定実オッズ?10倍） / 2着集中度: 上位2艇 76.1%（補正+0.04） / 総合判定確率: 0.178 / → ヒモはやや固め。上位2艇以外を切ること', 'tenji_trigger': '展示確認: 1号艇伸び良→そのまま採用。悪→飛び組に差し替え。circle_pct上位2艇に絞り込むこと。\n展示で1号艇スタート超安定(0.131秒)→ヒモ固まり方向に注意'}",,,27.7,逃げ狙い,16.87,28.1,4,,,,,,,,,,,
2025-12-27,丸亀,8,5,西田和加,B2,21.21,5,△,1.8386,4,60,0,0.1986,3.8929,,,0,低,88,0,-,6 666,0,28.6,0.7114,,,,,,0.4,0.4,0.2,,,D,,,0.1383,0.431,,0.6347,S,100,0,◎1着固定 2-3着流し（5〜8点）,0.5777,"{'is_target': True, 'verdict': '点数絞り', 'max_combo_prob': 0.1376, 'est_top_odds': 9.7, 'circle_concentration': 76.1, 'eligible_count': 6, 'bet_adj': 0, 'reason': 'rel_win1=68.9%（本命度） / 最有力組み合わせ確率: 0.138（推定実オッズ?10倍） / 2着集中度: 上位2艇 76.1%（補正+0.04） / 総合判定確率: 0.178 / → ヒモはやや固め。上位2艇以外を切ること', 'tenji_trigger': '展示確認: 1号艇伸び良→そのまま採用。悪→飛び組に差し替え。circle_pct上位2艇に絞り込むこと。\n展示で1号艇スタート超安定(0.131秒)→ヒモ固まり方向に注意'}",,,27.7,逃げ狙い,16.87,28.1,4,,,,,,,,,,,
2025-12-27,丸亀,8,6,志道吉和,B1,20.29,6,,0.9603,0.7,30,4.9,0.2244,5.122,,,0,低,116,0,-,6 154,0,23.7,0.7011,,,,,,0.0833,0.1667,0.4167,,,D,,,0.135,0.566,,0.6347,S,100,0,◎1着固定 2-3着流し（5〜8点）,0.5777,"{'is_target': True, 'verdict': '点数絞り', 'max_combo_prob': 0.1376, 'est_top_odds': 9.7, 'circle_concentration': 76.1, 'eligible_count': 6, 'bet_adj': 0, 'reason': 'rel_win1=68.9%（本命度） / 最有力組み合わせ確率: 0.138（推定実オッズ?10倍） / 2着集中度: 上位2艇 76.1%（補正+0.04） / 総合判定確率: 0.178 / → ヒモはやや固め。上位2艇以外を切ること', 'tenji_trigger': '展示確認: 1号艇伸び良→そのまま採用。悪→飛び組に差し替え。circle_pct上位2艇に絞り込むこと。\n展示で1号艇スタート超安定(0.131秒)→ヒモ固まり方向に注意'}",,,27.7,逃げ狙い,16.87,28.1,4,,,,,,,,,,,
2025-12-27,丸亀,9,1,福田雅一,A2,33.77,1,◎,57.6812,,0,92.2,0.1457,3.0098,,,0,低,91,0,逃1%,261643,0,60.4,0.9949,0.5,,,,,0.2,0.1,0.2,◎,,B,◎,,,0.66,,0.4971,A,79,0,◎-○軸 3着3〜4艇流し（10〜15点）,0.5777,"{'is_target': True, 'verdict': '参加推奨', 'max_combo_prob': 0.0649, 'est_top_odds': 20.6, 'circle_concentration': 73.6, 'eligible_count': 8, 'bet_adj': 2, 'reason': 'rel_win1=57.7%（本命度） / 最有力組み合わせ確率: 0.065（推定実オッズ?21倍） / 2着集中度: 上位2艇 73.6%（補正+0.04） / 総合判定確率: 0.105 / → ヒモ分散。1号艇1着固定で広めのヒモ流し推奨（買い目+2点）', 'tenji_trigger': '展示確認: ヒモ分散レース。1号艇伸び確認後、広めのヒモ流しを採用。穴ヒモ（5・6号艇）を積極的に含める。'}",,,30,逃げ狙い,20.08,32.1,3,,,,,0,0,0.7559,0,,逃げ軸流し,A
2025-12-27,丸亀,9,2,井川大作,B1,29.49,2,○,6.0668,38.2,62,42.4,0.1354,3.1949,,,0,低,89,0,抜0%,444 43,0,27.9,0.8533,0,0.0435,0,0,0.0435,0.3033,0.0933,0.2633,,◎,C,△,,0.4413,0.617,,0.4971,A,79,0,◎-○軸 3着3〜4艇流し（10〜15点）,0.5777,"{'is_target': True, 'verdict': '参加推奨', 'max_combo_prob': 0.0649, 'est_top_odds': 20.6, 'circle_concentration': 73.6, 'eligible_count': 8, 'bet_adj': 2, 'reason': 'rel_win1=57.7%（本命度） / 最有力組み合わせ確率: 0.065（推定実オッズ?21倍） / 2着集中度: 上位2艇 73.6%（補正+0.04） / 総合判定確率: 0.105 / → ヒモ分散。1号艇1着固定で広めのヒモ流し推奨（買い目+2点）', 'tenji_trigger': '展示確認: ヒモ分散レース。1号艇伸び確認後、広めのヒモ流しを採用。穴ヒモ（5・6号艇）を積極的に含める。'}",,,30,逃げ狙い,20.08,32.1,3,,,,,,,,,,,
2025-12-27,丸亀,9,3,竹下大樹,A1,28.57,3,▲,21.0845,35.3,78,78.3,0.1565,2.8152,,,0,低,123,0,-,6 1655,0,100,2.6127,0,0.0588,0.0588,0.1176,0.0588,0.0385,0.0385,0,,,D,,,0.2749,0.6165,,0.4971,A,79,0,◎-○軸 3着3〜4艇流し（10〜15点）,0.5777,"{'is_target': True, 'verdict': '参加推奨', 'max_combo_prob': 0.0649, 'est_top_odds': 20.6, 'circle_concentration': 73.6, 'eligible_count': 8, 'bet_adj': 2, 'reason': 'rel_win1=57.7%（本命度） / 最有力組み合わせ確率: 0.065（推定実オッズ?21倍） / 2着集中度: 上位2艇 73.6%（補正+0.04） / 総合判定確率: 0.105 / → ヒモ分散。1号艇1着固定で広めのヒモ流し推奨（買い目+2点）', 'tenji_trigger': '展示確認: ヒモ分散レース。1号艇伸び確認後、広めのヒモ流しを採用。穴ヒモ（5・6号艇）を積極的に含める。'}",,,30,逃げ狙い,20.08,32.1,3,,,,,,,,,,,
2025-12-27,丸亀,9,4,上村宏太,B1,28.99,4,,7.7207,9,100,49.2,0.1694,3.4127,,,0,低,125,0,ま0% 差ま0%,1 342,0,47.7,1.0068,0,0,0.0286,0.1143,0,0.2,0.3,0.3,,,C,,◎,0.2232,0.5525,0.3054,0.4971,A,79,0,◎-○軸 3着3〜4艇流し（10〜15点）,0.5777,"{'is_target': True, 'verdict': '参加推奨', 'max_combo_prob': 0.0649, 'est_top_odds': 20.6, 'circle_concentration': 73.6, 'eligible_count': 8, 'bet_adj': 2, 'reason': 'rel_win1=57.7%（本命度） / 最有力組み合わせ確率: 0.065（推定実オッズ?21倍） / 2着集中度: 上位2艇 73.6%（補正+0.04） / 総合判定確率: 0.105 / → ヒモ分散。1号艇1着固定で広めのヒモ流し推奨（買い目+2点）', 'tenji_trigger': '展示確認: ヒモ分散レース。1号艇伸び確認後、広めのヒモ流しを採用。穴ヒモ（5・6号艇）を積極的に含める。'}",,,30,逃げ狙い,20.08,32.1,3,,,,,,,,,,,
2025-12-27,丸亀,9,5,嶋　義信,A2,33.33,5,△,3.7847,17,73,39.3,0.1585,3.6066,,,0,低,90,0,-,34346,0,67.6,1.4464,,,,,,0.125,0.15,0.1875,,,B,△,,0.2856,0.632,,0.4971,A,79,0,◎-○軸 3着3〜4艇流し（10〜15点）,0.5777,"{'is_target': True, 'verdict': '参加推奨', 'max_combo_prob': 0.0649, 'est_top_odds': 20.6, 'circle_concentration': 73.6, 'eligible_count': 8, 'bet_adj': 2, 'reason': 'rel_win1=57.7%（本命度） / 最有力組み合わせ確率: 0.065（推定実オッズ?21倍） / 2着集中度: 上位2艇 73.6%（補正+0.04） / 総合判定確率: 0.105 / → ヒモ分散。1号艇1着固定で広めのヒモ流し推奨（買い目+2点）', 'tenji_trigger': '展示確認: ヒモ分散レース。1号艇伸び確認後、広めのヒモ流しを採用。穴ヒモ（5・6号艇）を積極的に含める。'}",,,30,逃げ狙い,20.08,32.1,3,,,,,,,,,,,
2025-12-27,丸亀,9,6,山崎義明,B1,25.81,6,,3.662,0.4,89,41.2,0.1802,4.1569,,,0,低,95,0,-,355 42,0,39.8,1.1986,0,0.0625,0,0,0,0.0833,0.3571,0.2714,,,E,○,,0.189,0.6385,,0.4971,A,79,0,◎-○軸 3着3〜4艇流し（10〜15点）,0.5777,"{'is_target': True, 'verdict': '参加推奨', 'max_combo_prob': 0.0649, 'est_top_odds': 20.6, 'circle_concentration': 73.6, 'eligible_count': 8, 'bet_adj': 2, 'reason': 'rel_win1=57.7%（本命度） / 最有力組み合わせ確率: 0.065（推定実オッズ?21倍） / 2着集中度: 上位2艇 73.6%（補正+0.04） / 総合判定確率: 0.105 / → ヒモ分散。1号艇1着固定で広めのヒモ流し推奨（買い目+2点）', 'tenji_trigger': '展示確認: ヒモ分散レース。1号艇伸び確認後、広めのヒモ流しを採用。穴ヒモ（5・6号艇）を積極的に含める。'}",,,30,逃げ狙い,20.08,32.1,3,,,,,,,,,,,
2025-12-27,丸亀,10,1,渡辺　崇,B1,29.73,1,◎,50.4002,,0,84.6,0.1395,2.9487,,,0,低,135,0,逃0%,214 22,0,85.4,1.0679,0.5,,,,,0.075,0.315,0.025,○,,C,△,,,0.608,,0.419,A,68,0,◎-○軸 3着3〜4艇流し（10〜15点）,0.5777,"{'is_target': True, 'verdict': '点数絞り', 'max_combo_prob': 0.0827, 'est_top_odds': 16.1, 'circle_concentration': 71.5, 'eligible_count': 8, 'bet_adj': 0, 'reason': 'rel_win1=50.4%（本命度） / 最有力組み合わせ確率: 0.083（推定実オッズ?16倍） / 2着集中度: 上位2艇 71.5%（補正+0.04） / 総合判定確率: 0.123 / → ヒモはやや固め。上位2艇以外を切ること', 'tenji_trigger': '展示確認: 1号艇伸び良→そのまま採用。悪→飛び組に差し替え。circle_pct上位2艇に絞り込むこと。\n展示で1号艇スタート超安定(0.140秒)→ヒモ固まり方向に注意'}",,,30.6,逃げ狙い,23.36,31,3,,,,,0,0,0.6155,0,,主役軸流し,B
2025-12-27,丸亀,10,2,谷津幸宏,A1,45.07,2,○,13.658,42.4,94,68.1,0.117,2.5942,,,0,低,52,0,ま0%,26236,0,39.4,0.9117,0,0.0323,0.1613,0,0,0.0476,0.0714,0.119,,◎,A,△,,0.549,0.6535,,0.419,A,68,0,◎-○軸 3着3〜4艇流し（10〜15点）,0.5777,"{'is_target': True, 'verdict': '点数絞り', 'max_combo_prob': 0.0827, 'est_top_odds': 16.1, 'circle_concentration': 71.5, 'eligible_count': 8, 'bet_adj': 0, 'reason': 'rel_win1=50.4%（本命度） / 最有力組み合わせ確率: 0.083（推定実オッズ?16倍） / 2着集中度: 上位2艇 71.5%（補正+0.04） / 総合判定確率: 0.123 / → ヒモはやや固め。上位2艇以外を切ること', 'tenji_trigger': '展示確認: 1号艇伸び良→そのまま採用。悪→飛び組に差し替え。circle_pct上位2艇に絞り込むこと。\n展示で1号艇スタート超安定(0.140秒)→ヒモ固まり方向に注意'}",,,30.6,逃げ狙い,23.36,31,3,,,,,,,,,,,
2025-12-27,丸亀,10,3,烏野賢太,A1,32.31,3,▲,18.2294,29.2,100,71.9,0.1581,3.6094,,,0,低,135,0,-,352 11,0,24.6,0.7879,0,0,0.0526,0.1053,0,0.1153,0.145,0,,,B,○,,0.2083,0.663,,0.419,A,68,0,◎-○軸 3着3〜4艇流し（10〜15点）,0.5777,"{'is_target': True, 'verdict': '点数絞り', 'max_combo_prob': 0.0827, 'est_top_odds': 16.1, 'circle_concentration': 71.5, 'eligible_count': 8, 'bet_adj': 0, 'reason': 'rel_win1=50.4%（本命度） / 最有力組み合わせ確率: 0.083（推定実オッズ?16倍） / 2着集中度: 上位2艇 71.5%（補正+0.04） / 総合判定確率: 0.123 / → ヒモはやや固め。上位2艇以外を切ること', 'tenji_trigger': '展示確認: 1号艇伸び良→そのまま採用。悪→飛び組に差し替え。circle_pct上位2艇に絞り込むこと。\n展示で1号艇スタート超安定(0.140秒)→ヒモ固まり方向に注意'}",,,30.6,逃げ狙い,23.36,31,3,,,,,,,,,,,
2025-12-27,丸亀,10,4,篠原飛翔,A2,20.97,4,,9.6881,18,74,54.4,0.1674,3.8043,,,0,低,97,0,-,3 3332,0,36,0.836,0,0.0769,0.0769,0.0769,0,0.0808,0.1423,0.0462,,,E,,◎,0.1934,0.603,0.3641,0.419,A,68,0,◎-○軸 3着3〜4艇流し（10〜15点）,0.5777,"{'is_target': True, 'verdict': '点数絞り', 'max_combo_prob': 0.0827, 'est_top_odds': 16.1, 'circle_concentration': 71.5, 'eligible_count': 8, 'bet_adj': 0, 'reason': 'rel_win1=50.4%（本命度） / 最有力組み合わせ確率: 0.083（推定実オッズ?16倍） / 2着集中度: 上位2艇 71.5%（補正+0.04） / 総合判定確率: 0.123 / → ヒモはやや固め。上位2艇以外を切ること', 'tenji_trigger': '展示確認: 1号艇伸び良→そのまま採用。悪→飛び組に差し替え。circle_pct上位2艇に絞り込むこと。\n展示で1号艇スタート超安定(0.140秒)→ヒモ固まり方向に注意'}",,,30.6,逃げ狙い,23.36,31,3,,,,,,,,,,,
2025-12-27,丸亀,10,5,登みひ果,B1,24.59,5,,5.6538,7.5,44,26.3,0.1679,3.4868,,,0,低,78,0,差ま0%,126 25,0,38.3,0.841,0,0,0,0.1176,0,0.2143,0.6429,0,,,D,,,0.2102,0.508,,0.419,A,68,0,◎-○軸 3着3〜4艇流し（10〜15点）,0.5777,"{'is_target': True, 'verdict': '点数絞り', 'max_combo_prob': 0.0827, 'est_top_odds': 16.1, 'circle_concentration': 71.5, 'eligible_count': 8, 'bet_adj': 0, 'reason': 'rel_win1=50.4%（本命度） / 最有力組み合わせ確率: 0.083（推定実オッズ?16倍） / 2着集中度: 上位2艇 71.5%（補正+0.04） / 総合判定確率: 0.123 / → ヒモはやや固め。上位2艇以外を切ること', 'tenji_trigger': '展示確認: 1号艇伸び良→そのまま採用。悪→飛び組に差し替え。circle_pct上位2艇に絞り込むこと。\n展示で1号艇スタート超安定(0.140秒)→ヒモ固まり方向に注意'}",,,30.6,逃げ狙い,23.36,31,3,,,,,,,,,,,
2025-12-27,丸亀,10,6,村越　篤,B1,30.26,6,△,2.3704,3,40,21.8,0.184,4.4364,,,0,低,142,0,-,141 65,0,31.6,0.8033,0,0.04,0,0,0,0.2516,0.0129,0.0774,,,C,◎,,0.1385,0.667,,0.419,A,68,0,◎-○軸 3着3〜4艇流し（10〜15点）,0.5777,"{'is_target': True, 'verdict': '点数絞り', 'max_combo_prob': 0.0827, 'est_top_odds': 16.1, 'circle_concentration': 71.5, 'eligible_count': 8, 'bet_adj': 0, 'reason': 'rel_win1=50.4%（本命度） / 最有力組み合わせ確率: 0.083（推定実オッズ?16倍） / 2着集中度: 上位2艇 71.5%（補正+0.04） / 総合判定確率: 0.123 / → ヒモはやや固め。上位2艇以外を切ること', 'tenji_trigger': '展示確認: 1号艇伸び良→そのまま採用。悪→飛び組に差し替え。circle_pct上位2艇に絞り込むこと。\n展示で1号艇スタート超安定(0.140秒)→ヒモ固まり方向に注意'}",,,30.6,逃げ狙い,23.36,31,3,,,,,,,,,,,
2025-12-27,丸亀,11,1,葛原大陽,A1,32.81,1,◎,57.6663,,0,88.6,0.1453,2.8038,,,0,低,92,0,-,3 1236,0,57.9,0.9634,0.5,,,,,0.1832,0.0316,0.1937,◎,,C,△,,,0.645,,0.5395,A,76,0,◎-○軸 3着3〜4艇流し（10〜15点）,0.5777,"{'is_target': True, 'verdict': '参加推奨', 'max_combo_prob': 0.0789, 'est_top_odds': 16.9, 'circle_concentration': 79.1, 'eligible_count': 8, 'bet_adj': 2, 'reason': 'rel_win1=57.7%（本命度） / 最有力組み合わせ確率: 0.079（推定実オッズ?17倍） / 2着集中度: 上位2艇 79.1%（補正+0.04） / 総合判定確率: 0.119 / → ヒモ分散。1号艇1着固定で広めのヒモ流し推奨（買い目+2点）', 'tenji_trigger': '展示確認: ヒモ分散レース。1号艇伸び確認後、広めのヒモ流しを採用。穴ヒモ（5・6号艇）を積極的に含める。'}",,,29.3,逃げ狙い,20.02,30.1,4,,,,,0,0,0.7559,0,,逃げ軸流し,A
2025-12-27,丸亀,11,2,河野　大,A1,31.94,2,△,17.4953,36.4,96,67.9,0.1623,3.5094,,,0,低,88,0,差0% 抜0%,25221,0,70.4,1.1476,0,0.069,0,0,0.1034,0.1143,0.0381,0.0286,,,C,○,,0.1721,0.6455,,0.5395,A,76,0,◎-○軸 3着3〜4艇流し（10〜15点）,0.5777,"{'is_target': True, 'verdict': '参加推奨', 'max_combo_prob': 0.0789, 'est_top_odds': 16.9, 'circle_concentration': 79.1, 'eligible_count': 8, 'bet_adj': 2, 'reason': 'rel_win1=57.7%（本命度） / 最有力組み合わせ確率: 0.079（推定実オッズ?17倍） / 2着集中度: 上位2艇 79.1%（補正+0.04） / 総合判定確率: 0.119 / → ヒモ分散。1号艇1着固定で広めのヒモ流し推奨（買い目+2点）', 'tenji_trigger': '展示確認: ヒモ分散レース。1号艇伸び確認後、広めのヒモ流しを採用。穴ヒモ（5・6号艇）を積極的に含める。'}",,,29.3,逃げ狙い,20.02,30.1,4,,,,,,,,,,,
2025-12-27,丸亀,11,3,村松修二,A2,34.33,3,○,12.1956,42.7,51,74.5,0.1398,2.7979,,,0,低,81,0,-,232214,0,96.4,2.0929,0,0,0.0588,0,0,0.0308,0.0308,0.3341,,,B,,,0.3294,0.596,,0.5395,A,76,0,◎-○軸 3着3〜4艇流し（10〜15点）,0.5777,"{'is_target': True, 'verdict': '参加推奨', 'max_combo_prob': 0.0789, 'est_top_odds': 16.9, 'circle_concentration': 79.1, 'eligible_count': 8, 'bet_adj': 2, 'reason': 'rel_win1=57.7%（本命度） / 最有力組み合わせ確率: 0.079（推定実オッズ?17倍） / 2着集中度: 上位2艇 79.1%（補正+0.04） / 総合判定確率: 0.119 / → ヒモ分散。1号艇1着固定で広めのヒモ流し推奨（買い目+2点）', 'tenji_trigger': '展示確認: ヒモ分散レース。1号艇伸び確認後、広めのヒモ流しを採用。穴ヒモ（5・6号艇）を積極的に含める。'}",,,29.3,逃げ狙い,20.02,30.1,4,,,,,,,,,,,
2025-12-27,丸亀,11,4,谷口知優,B1,32.88,4,▲,7.7118,15.8,61,38.8,0.1724,3.7347,,,0,低,83,0,差0%,1 5313,0,100,2.0521,0,0.1053,0,0,0,0,0.3481,0.1039,,,B,,◎,0.1955,0.6165,0.2462,0.5395,A,76,0,◎-○軸 3着3〜4艇流し（10〜15点）,0.5777,"{'is_target': True, 'verdict': '参加推奨', 'max_combo_prob': 0.0789, 'est_top_odds': 16.9, 'circle_concentration': 79.1, 'eligible_count': 8, 'bet_adj': 2, 'reason': 'rel_win1=57.7%（本命度） / 最有力組み合わせ確率: 0.079（推定実オッズ?17倍） / 2着集中度: 上位2艇 79.1%（補正+0.04） / 総合判定確率: 0.119 / → ヒモ分散。1号艇1着固定で広めのヒモ流し推奨（買い目+2点）', 'tenji_trigger': '展示確認: ヒモ分散レース。1号艇伸び確認後、広めのヒモ流しを採用。穴ヒモ（5・6号艇）を積極的に含める。'}",,,29.3,逃げ狙い,20.02,30.1,4,,,,,,,,,,,
2025-12-27,丸亀,11,5,戸塚邦好,A2,28.57,5,,3.9992,4.8,100,58,0.1358,2.86,,,0,低,59,0,ま0%,411464,0,46.7,1.4869,0,0,0.0833,0,0,0.032,0.232,0.048,,,D,◎,,0.3346,0.655,,0.5395,A,76,0,◎-○軸 3着3〜4艇流し（10〜15点）,0.5777,"{'is_target': True, 'verdict': '参加推奨', 'max_combo_prob': 0.0789, 'est_top_odds': 16.9, 'circle_concentration': 79.1, 'eligible_count': 8, 'bet_adj': 2, 'reason': 'rel_win1=57.7%（本命度） / 最有力組み合わせ確率: 0.079（推定実オッズ?17倍） / 2着集中度: 上位2艇 79.1%（補正+0.04） / 総合判定確率: 0.119 / → ヒモ分散。1号艇1着固定で広めのヒモ流し推奨（買い目+2点）', 'tenji_trigger': '展示確認: ヒモ分散レース。1号艇伸び確認後、広めのヒモ流しを採用。穴ヒモ（5・6号艇）を積極的に含める。'}",,,29.3,逃げ狙い,20.02,30.1,4,,,,,,,,,,,
2025-12-27,丸亀,11,6,沖島広和,B1,23.44,6,,0.9318,0.3,55,13.7,0.1886,4.402,,,0,低,143,0,-,6 242,0,33.2,0.82,,,,,,0.2615,0.0308,0.1769,,,E,△,,0.1785,0.637,,0.5395,A,76,0,◎-○軸 3着3〜4艇流し（10〜15点）,0.5777,"{'is_target': True, 'verdict': '参加推奨', 'max_combo_prob': 0.0789, 'est_top_odds': 16.9, 'circle_concentration': 79.1, 'eligible_count': 8, 'bet_adj': 2, 'reason': 'rel_win1=57.7%（本命度） / 最有力組み合わせ確率: 0.079（推定実オッズ?17倍） / 2着集中度: 上位2艇 79.1%（補正+0.04） / 総合判定確率: 0.119 / → ヒモ分散。1号艇1着固定で広めのヒモ流し推奨（買い目+2点）', 'tenji_trigger': '展示確認: ヒモ分散レース。1号艇伸び確認後、広めのヒモ流しを採用。穴ヒモ（5・6号艇）を積極的に含める。'}",,,29.3,逃げ狙い,20.02,30.1,4,,,,,,,,,,,
2025-12-27,丸亀,12,1,池永　太,A1,13.56,1,◎,53.0103,,0,97.2,0.145,2.9375,,,0,低,54,0,逃1%,14213,0,91.1,1.2081,0.8108,,,,,0.0541,0.0811,0,◎,,E,○,,,0.6845,,0.5533,S,86,0,◎1着固定 2-3着流し（5〜8点）,0.5777,"{'is_target': True, 'verdict': '参加推奨', 'max_combo_prob': 0.0757, 'est_top_odds': 17.6, 'circle_concentration': 68.6, 'eligible_count': 6, 'bet_adj': 2, 'reason': 'rel_win1=53.0%（本命度） / 最有力組み合わせ確率: 0.076（推定実オッズ?18倍） / 2着集中度: 上位2艇 68.6%（補正+0.00） / 総合判定確率: 0.076 / → ヒモ分散。1号艇1着固定で広めのヒモ流し推奨（買い目+2点）', 'tenji_trigger': '展示確認: ヒモ分散レース。1号艇伸び確認後、広めのヒモ流しを採用。穴ヒモ（5・6号艇）を積極的に含める。'}",,,26.1,逃げ狙い,33,24.2,2,,,,,0,0,0.7559,0,,逃げ軸流し,A
2025-12-27,丸亀,12,2,平田忠則,A1,33.87,2,▲,10.9718,44.7,62,70.2,0.1513,3.9149,,,0,低,74,0,ま0% 抜0%,42112,0,55.7,1.1112,0,0,0.0769,0,0.0769,0.1148,0.1889,0.0148,,,B,,,0.2472,0.603,,0.5533,S,86,0,◎1着固定 2-3着流し（5〜8点）,0.5777,"{'is_target': True, 'verdict': '参加推奨', 'max_combo_prob': 0.0757, 'est_top_odds': 17.6, 'circle_concentration': 68.6, 'eligible_count': 6, 'bet_adj': 2, 'reason': 'rel_win1=53.0%（本命度） / 最有力組み合わせ確率: 0.076（推定実オッズ?18倍） / 2着集中度: 上位2艇 68.6%（補正+0.00） / 総合判定確率: 0.076 / → ヒモ分散。1号艇1着固定で広めのヒモ流し推奨（買い目+2点）', 'tenji_trigger': '展示確認: ヒモ分散レース。1号艇伸び確認後、広めのヒモ流しを採用。穴ヒモ（5・6号艇）を積極的に含める。'}",,,26.1,逃げ狙い,33,24.2,2,,,,,,,,,,,
2025-12-27,丸亀,12,3,永田啓二,A1,36.11,3,○,12.3397,23.9,100,73.7,0.1389,2.3772,,,0,低,50,0,ま0% 差ま0% 抜0%,521 32,0,26.8,0.7158,0,0,0.0385,0.0769,0.0769,0.2783,0.0089,0.0267,,,B,◎,,0.3258,0.688,,0.5533,S,86,0,◎1着固定 2-3着流し（5〜8点）,0.5777,"{'is_target': True, 'verdict': '参加推奨', 'max_combo_prob': 0.0757, 'est_top_odds': 17.6, 'circle_concentration': 68.6, 'eligible_count': 6, 'bet_adj': 2, 'reason': 'rel_win1=53.0%（本命度） / 最有力組み合わせ確率: 0.076（推定実オッズ?18倍） / 2着集中度: 上位2艇 68.6%（補正+0.00） / 総合判定確率: 0.076 / → ヒモ分散。1号艇1着固定で広めのヒモ流し推奨（買い目+2点）', 'tenji_trigger': '展示確認: ヒモ分散レース。1号艇伸び確認後、広めのヒモ流しを採用。穴ヒモ（5・6号艇）を積極的に含める。'}",,,26.1,逃げ狙い,33,24.2,2,,,,,,,,,,,
2025-12-27,丸亀,12,4,中岡正彦,A1,27.27,4,△,10.713,16.1,85,68.8,0.1175,2.2604,,,0,低,42,0,ま0%,411 13,0,44.7,0.9128,0,0,0.2609,0,0,0.1103,0,0.0588,,◎,D,△,◎,0.4626,0.649,0.4375,0.5533,S,86,0,◎1着固定 2-3着流し（5〜8点）,0.5777,"{'is_target': True, 'verdict': '参加推奨', 'max_combo_prob': 0.0757, 'est_top_odds': 17.6, 'circle_concentration': 68.6, 'eligible_count': 6, 'bet_adj': 2, 'reason': 'rel_win1=53.0%（本命度） / 最有力組み合わせ確率: 0.076（推定実オッズ?18倍） / 2着集中度: 上位2艇 68.6%（補正+0.00） / 総合判定確率: 0.076 / → ヒモ分散。1号艇1着固定で広めのヒモ流し推奨（買い目+2点）', 'tenji_trigger': '展示確認: ヒモ分散レース。1号艇伸び確認後、広めのヒモ流しを採用。穴ヒモ（5・6号艇）を積極的に含める。'}",,,26.1,逃げ狙い,33,24.2,2,,,,,,,,,,,
2025-12-27,丸亀,12,5,西野雄貴,A2,29.69,5,,11.4158,12.7,53,56.4,0.1392,2.3846,,,0,低,50,0,ま0%,1 3511,0,71.9,1.3357,0,0.05,0.05,0.15,0,0.0435,0.0435,0.0435,,,C,△,○,0.32,0.652,0.4157,0.5533,S,86,0,◎1着固定 2-3着流し（5〜8点）,0.5777,"{'is_target': True, 'verdict': '参加推奨', 'max_combo_prob': 0.0757, 'est_top_odds': 17.6, 'circle_concentration': 68.6, 'eligible_count': 6, 'bet_adj': 2, 'reason': 'rel_win1=53.0%（本命度） / 最有力組み合わせ確率: 0.076（推定実オッズ?18倍） / 2着集中度: 上位2艇 68.6%（補正+0.00） / 総合判定確率: 0.076 / → ヒモ分散。1号艇1着固定で広めのヒモ流し推奨（買い目+2点）', 'tenji_trigger': '展示確認: ヒモ分散レース。1号艇伸び確認後、広めのヒモ流しを採用。穴ヒモ（5・6号艇）を積極的に含める。'}",,,26.1,逃げ狙い,33,24.2,2,,,,,,,,,,,
2025-12-27,丸亀,12,6,興津　藍,A1,31.25,6,,1.5493,2.6,75,34.4,0.1926,4.4754,,,0,低,133,0,-,333 21,0,25.8,0.5006,,,,,,0.1562,0.0343,0.179,,,C,,,0.1589,0.6195,,0.5533,S,86,0,◎1着固定 2-3着流し（5〜8点）,0.5777,"{'is_target': True, 'verdict': '参加推奨', 'max_combo_prob': 0.0757, 'est_top_odds': 17.6, 'circle_concentration': 68.6, 'eligible_count': 6, 'bet_adj': 2, 'reason': 'rel_win1=53.0%（本命度） / 最有力組み合わせ確率: 0.076（推定実オッズ?18倍） / 2着集中度: 上位2艇 68.6%（補正+0.00） / 総合判定確率: 0.076 / → ヒモ分散。1号艇1着固定で広めのヒモ流し推奨（買い目+2点）', 'tenji_trigger': '展示確認: ヒモ分散レース。1号艇伸び確認後、広めのヒモ流しを採用。穴ヒモ（5・6号艇）を積極的に含める。'}",,,26.1,逃げ狙い,33,24.2,2,,,,,,,,,,,
2025-12-31,丸亀,1,1,塩田雄一,B1,30.99,1,◎,48.9329,,0,62,0.1856,3.79,,,0,低,147,0,逃0%,,0,45.4,0.8778,0.2381,,,,,0.4143,0.0952,0.2071,△,,D,△,,,0.5565,,0.2455,C,42,0,荒れ傾向。高配当狙いか見送り,0.5777,"{'is_target': True, 'verdict': '参加推奨', 'max_combo_prob': 0.0665, 'est_top_odds': 20.0, 'circle_concentration': 66.1, 'eligible_count': 6, 'bet_adj': 2, 'reason': 'rel_win1=48.9%（本命度） / 最有力組み合わせ確率: 0.067（推定実オッズ?20倍） / 2着集中度: 上位2艇 66.1%（補正+0.00） / 総合判定確率: 0.067 / → ヒモ分散。1号艇1着固定で広めのヒモ流し推奨（買い目+2点）', 'tenji_trigger': '展示確認: ヒモ分散レース。1号艇伸び確認後、広めのヒモ流しを採用。穴ヒモ（5・6号艇）を積極的に含める。\n展示で1号艇スタート遅め(0.186秒)確認→ヒモが荒れやすい'}",,,31.7,両建て推奨,13.4,42.5,4,4-5-6|4-5-1|1-3-4|1-2-4|1-3-6|1-4-6|1-4-3,5-1-6|2-1-3|4-5-6|5-1-3|5-1-2|5-6-1|4-5-1|1-3-4|1-2-4|1-3-6|1-4-6|1-4-3,4-5-6:2.2%|4-5-1:1.31%|1-3-4:6.84%|1-2-4:4.96%|1-3-6:4.79%|1-4-6:4.36%|1-4-3:4.29%,4-5-6:B_main|4-5-1:B_main|1-3-4:A|1-2-4:A|1-3-6:A|1-4-6:A|1-4-3:A,7,12,0.4535,1,[!]見送り推奨（主役決まり手「まくり」― 逃げ劣勢レースで的中実績なし）,荒れ広め,D
2025-12-31,丸亀,1,2,長谷川親,B1,41.89,2,○,10.1982,16.9,61,27.7,0.1945,4.2846,,,0,低,166,0,-,,0,27.4,0.9505,,,,,,0.1111,0.3778,0.2222,,,B,○,,0.3006,0.605,,0.2455,C,42,0,荒れ傾向。高配当狙いか見送り,0.5777,"{'is_target': True, 'verdict': '参加推奨', 'max_combo_prob': 0.0665, 'est_top_odds': 20.0, 'circle_concentration': 66.1, 'eligible_count': 6, 'bet_adj': 2, 'reason': 'rel_win1=48.9%（本命度） / 最有力組み合わせ確率: 0.067（推定実オッズ?20倍） / 2着集中度: 上位2艇 66.1%（補正+0.00） / 総合判定確率: 0.067 / → ヒモ分散。1号艇1着固定で広めのヒモ流し推奨（買い目+2点）', 'tenji_trigger': '展示確認: ヒモ分散レース。1号艇伸び確認後、広めのヒモ流しを採用。穴ヒモ（5・6号艇）を積極的に含める。\n展示で1号艇スタート遅め(0.186秒)確認→ヒモが荒れやすい'}",,,31.7,両建て推奨,13.4,42.5,4,,,,,,,,,,,
2025-12-31,丸亀,1,3,西丸敦基,B1,30.56,3,△,14.03,37.2,76,52.9,0.1818,3.7941,,,0,低,113,0,-,,0,29.8,1.0146,0,0,0.0455,0.0455,0,0.0333,0.0667,0.3,,,D,◎,,0.3388,0.6165,,0.2455,C,42,0,荒れ傾向。高配当狙いか見送り,0.5777,"{'is_target': True, 'verdict': '参加推奨', 'max_combo_prob': 0.0665, 'est_top_odds': 20.0, 'circle_concentration': 66.1, 'eligible_count': 6, 'bet_adj': 2, 'reason': 'rel_win1=48.9%（本命度） / 最有力組み合わせ確率: 0.067（推定実オッズ?20倍） / 2着集中度: 上位2艇 66.1%（補正+0.00） / 総合判定確率: 0.067 / → ヒモ分散。1号艇1着固定で広めのヒモ流し推奨（買い目+2点）', 'tenji_trigger': '展示確認: ヒモ分散レース。1号艇伸び確認後、広めのヒモ流しを採用。穴ヒモ（5・6号艇）を積極的に含める。\n展示で1号艇スタート遅め(0.186秒)確認→ヒモが荒れやすい'}",,,31.7,両建て推奨,13.4,42.5,4,,,,,,,,,,,
2025-12-31,丸亀,1,4,田頭虎親,B1,26.83,4,,15.923,28.8,100,58.5,0.1629,3.2195,,,0,低,121,0,差0% ま0%,,0,53.5,1.2191,0,0.0556,0.1111,0,0,0.1,0.375,0.025,,◎,E,△,◎,0.4085,0.5945,0.4449,0.2455,C,42,0,荒れ傾向。高配当狙いか見送り,0.5777,"{'is_target': True, 'verdict': '参加推奨', 'max_combo_prob': 0.0665, 'est_top_odds': 20.0, 'circle_concentration': 66.1, 'eligible_count': 6, 'bet_adj': 2, 'reason': 'rel_win1=48.9%（本命度） / 最有力組み合わせ確率: 0.067（推定実オッズ?20倍） / 2着集中度: 上位2艇 66.1%（補正+0.00） / 総合判定確率: 0.067 / → ヒモ分散。1号艇1着固定で広めのヒモ流し推奨（買い目+2点）', 'tenji_trigger': '展示確認: ヒモ分散レース。1号艇伸び確認後、広めのヒモ流しを採用。穴ヒモ（5・6号艇）を積極的に含める。\n展示で1号艇スタート遅め(0.186秒)確認→ヒモが荒れやすい'}",,,31.7,両建て推奨,13.4,42.5,4,,,,,,,,,,,
2025-12-31,丸亀,1,5,中澤里桜,B2,45.21,5,▲,9.384,16.5,65,,,,,,0,低,12,1,-,,0,,,,,,,,,,,,,A,,○,0.3252,0.4195,0.15,0.2455,C,42,0,荒れ傾向。高配当狙いか見送り,0.5777,"{'is_target': True, 'verdict': '参加推奨', 'max_combo_prob': 0.0665, 'est_top_odds': 20.0, 'circle_concentration': 66.1, 'eligible_count': 6, 'bet_adj': 2, 'reason': 'rel_win1=48.9%（本命度） / 最有力組み合わせ確率: 0.067（推定実オッズ?20倍） / 2着集中度: 上位2艇 66.1%（補正+0.00） / 総合判定確率: 0.067 / → ヒモ分散。1号艇1着固定で広めのヒモ流し推奨（買い目+2点）', 'tenji_trigger': '展示確認: ヒモ分散レース。1号艇伸び確認後、広めのヒモ流しを採用。穴ヒモ（5・6号艇）を積極的に含める。\n展示で1号艇スタート遅め(0.186秒)確認→ヒモが荒れやすい'}",,,31.7,両建て推奨,13.4,42.5,4,,,,,,,,,,,
2025-12-31,丸亀,1,6,上田隆章,B1,35.71,6,,1.532,0.5,48,16.1,0.2268,5.1696,,,0,低,192,0,-,,0,100,2.7542,,,,,,0.3,0.22,0.1,,,C,,,0.1932,0.5515,,0.2455,C,42,0,荒れ傾向。高配当狙いか見送り,0.5777,"{'is_target': True, 'verdict': '参加推奨', 'max_combo_prob': 0.0665, 'est_top_odds': 20.0, 'circle_concentration': 66.1, 'eligible_count': 6, 'bet_adj': 2, 'reason': 'rel_win1=48.9%（本命度） / 最有力組み合わせ確率: 0.067（推定実オッズ?20倍） / 2着集中度: 上位2艇 66.1%（補正+0.00） / 総合判定確率: 0.067 / → ヒモ分散。1号艇1着固定で広めのヒモ流し推奨（買い目+2点）', 'tenji_trigger': '展示確認: ヒモ分散レース。1号艇伸び確認後、広めのヒモ流しを採用。穴ヒモ（5・6号艇）を積極的に含める。\n展示で1号艇スタート遅め(0.186秒)確認→ヒモが荒れやすい'}",,,31.7,両建て推奨,13.4,42.5,4,,,,,,,,,,,
2025-12-31,丸亀,2,1,松下知幸,B1,32.86,1,◎,44.0887,,0,73.1,0.149,2.5481,,,0,低,152,0,逃1%,,0,61.6,0.9401,0.381,,,,,0.2152,0.1581,0.1962,○,,E,,,,0.5965,,0.4115,B,58,0,◎○△フォーメーション（15〜20点）,0.5777,"{'is_target': False, 'verdict': '対象外', 'max_combo_prob': None, 'est_top_odds': None, 'circle_concentration': None, 'eligible_count': 0, 'bet_adj': 0, 'reason': '1号艇rel_win1 < 45%: 通常判定に委ねる', 'tenji_trigger': ''}",,,30.6,両建て推奨,19.07,34.7,4,,,,,0,0,0.6155,0,,逃げ軸流し,A
2025-12-31,丸亀,2,2,大西隆洋,B1,38.27,2,,9.0512,29.3,75,35,0.1812,4.0833,,,0,低,103,0,抜0%,,0,95.8,0.7319,0,0,0,0,0.0435,0.3077,0.0769,0.3077,,,C,,,0.1098,0.6055,,0.4115,B,58,0,◎○△フォーメーション（15〜20点）,0.5777,"{'is_target': False, 'verdict': '対象外', 'max_combo_prob': None, 'est_top_odds': None, 'circle_concentration': None, 'eligible_count': 0, 'bet_adj': 0, 'reason': '1号艇rel_win1 < 45%: 通常判定に委ねる', 'tenji_trigger': ''}",,,30.6,両建て推奨,19.07,34.7,4,,,,,,,,,,,
2025-12-31,丸亀,2,3,三好勇人,B1,49.30,3,○,18.3329,39.8,82,62.9,0.1374,2.7823,,,0,低,88,0,-,,0,40.1,1.0096,0,0.0357,0.0357,0.0357,0.0357,0.0133,0.16,0.0533,,○,A,△,,0.3694,0.6185,,0.4115,B,58,0,◎○△フォーメーション（15〜20点）,0.5777,"{'is_target': False, 'verdict': '対象外', 'max_combo_prob': None, 'est_top_odds': None, 'circle_concentration': None, 'eligible_count': 0, 'bet_adj': 0, 'reason': '1号艇rel_win1 < 45%: 通常判定に委ねる', 'tenji_trigger': ''}",,,30.6,両建て推奨,19.07,34.7,4,,,,,,,,,,,
2025-12-31,丸亀,2,4,石丸海渡,A1,37.84,4,▲,23.2712,25.3,100,70,0.1207,2.15,,,0,低,26,0,差0% ま0%,,0,56,1.1664,0,0.05,0.25,0,0,0.0792,0.0125,0,,◎,D,◎,◎,0.4813,0.687,0.465,0.4115,B,58,0,◎○△フォーメーション（15〜20点）,0.5777,"{'is_target': False, 'verdict': '対象外', 'max_combo_prob': None, 'est_top_odds': None, 'circle_concentration': None, 'eligible_count': 0, 'bet_adj': 0, 'reason': '1号艇rel_win1 < 45%: 通常判定に委ねる', 'tenji_trigger': ''}",,,30.6,両建て推奨,19.07,34.7,4,,,,,,,,,,,
2025-12-31,丸亀,2,5,中村桃佳,B1,38.67,5,△,4.0115,4.7,88,47.8,0.147,3.1957,,,0,低,41,0,-,,0,25.2,1.8229,,,,,,0.0471,0.0706,0.2706,,,C,△,,0.3358,0.6205,,0.4115,B,58,0,◎○△フォーメーション（15〜20点）,0.5777,"{'is_target': False, 'verdict': '対象外', 'max_combo_prob': None, 'est_top_odds': None, 'circle_concentration': None, 'eligible_count': 0, 'bet_adj': 0, 'reason': '1号艇rel_win1 < 45%: 通常判定に委ねる', 'tenji_trigger': ''}",,,30.6,両建て推奨,19.07,34.7,4,,,,,,,,,,,
2025-12-31,丸亀,2,6,松尾　祭,A2,42.47,6,,1.2445,0.9,66,26.9,0.2044,4.7788,,,0,低,144,0,-,,0,27.1,0.7747,,,,,,0.1086,0.0654,0.2501,,,B,○,,0.1587,0.6215,,0.4115,B,58,0,◎○△フォーメーション（15〜20点）,0.5777,"{'is_target': False, 'verdict': '対象外', 'max_combo_prob': None, 'est_top_odds': None, 'circle_concentration': None, 'eligible_count': 0, 'bet_adj': 0, 'reason': '1号艇rel_win1 < 45%: 通常判定に委ねる', 'tenji_trigger': ''}",,,30.6,両建て推奨,19.07,34.7,4,,,,,,,,,,,
2025-12-31,丸亀,3,1,吉永泰弘,B1,48.00,1,◎,47.9907,,0,80.5,0.141,2.9512,,,0,低,137,0,逃0%,,0,67.5,0.8609,0.3529,,,,,0.2376,0.4541,0.0235,○,,A,○,,,0.6525,,0.4249,A,67,0,◎-○軸 3着3〜4艇流し（10〜15点）,0.5777,"{'is_target': True, 'verdict': '参加推奨', 'max_combo_prob': 0.0584, 'est_top_odds': 22.8, 'circle_concentration': 64.4, 'eligible_count': 8, 'bet_adj': 2, 'reason': 'rel_win1=48.0%（本命度） / 最有力組み合わせ確率: 0.058（推定実オッズ?23倍） / 2着集中度: 上位2艇 64.4%（補正+0.00） / 総合判定確率: 0.058 / → ヒモ分散。1号艇1着固定で広めのヒモ流し推奨（買い目+2点）', 'tenji_trigger': '展示確認: ヒモ分散レース。1号艇伸び確認後、広めのヒモ流しを採用。穴ヒモ（5・6号艇）を積極的に含める。'}",,,30.6,逃げ狙い,13.85,39,4,,,,,0,0,0.6155,0,,主役軸流し,B
2025-12-31,丸亀,3,2,大廣咲季,B1,37.14,2,△,9.2183,19.8,93,25,0.1567,3.6875,,,0,低,81,0,-,,0,82.4,0.5462,,,,,,0.3333,0.3333,0,,,C,,,0.2061,0.543,,0.4249,A,67,0,◎-○軸 3着3〜4艇流し（10〜15点）,0.5777,"{'is_target': True, 'verdict': '参加推奨', 'max_combo_prob': 0.0584, 'est_top_odds': 22.8, 'circle_concentration': 64.4, 'eligible_count': 8, 'bet_adj': 2, 'reason': 'rel_win1=48.0%（本命度） / 最有力組み合わせ確率: 0.058（推定実オッズ?23倍） / 2着集中度: 上位2艇 64.4%（補正+0.00） / 総合判定確率: 0.058 / → ヒモ分散。1号艇1着固定で広めのヒモ流し推奨（買い目+2点）', 'tenji_trigger': '展示確認: ヒモ分散レース。1号艇伸び確認後、広めのヒモ流しを採用。穴ヒモ（5・6号艇）を積極的に含める。'}",,,30.6,逃げ狙い,13.85,39,4,,,,,,,,,,,
2025-12-31,丸亀,3,3,下田哲也,B1,37.80,3,▲,9.2883,26.5,100,53.4,0.1543,3.4138,,,0,低,104,0,差ま0%,,0,31,0.7415,0,0,0,0.0526,0,0.3333,0.1667,0.25,,,B,△,,0.2739,0.615,,0.4249,A,67,0,◎-○軸 3着3〜4艇流し（10〜15点）,0.5777,"{'is_target': True, 'verdict': '参加推奨', 'max_combo_prob': 0.0584, 'est_top_odds': 22.8, 'circle_concentration': 64.4, 'eligible_count': 8, 'bet_adj': 2, 'reason': 'rel_win1=48.0%（本命度） / 最有力組み合わせ確率: 0.058（推定実オッズ?23倍） / 2着集中度: 上位2艇 64.4%（補正+0.00） / 総合判定確率: 0.058 / → ヒモ分散。1号艇1着固定で広めのヒモ流し推奨（買い目+2点）', 'tenji_trigger': '展示確認: ヒモ分散レース。1号艇伸び確認後、広めのヒモ流しを採用。穴ヒモ（5・6号艇）を積極的に含める。'}",,,30.6,逃げ狙い,13.85,39,4,,,,,,,,,,,
2025-12-31,丸亀,3,4,中田元泰,A1,32.18,4,○,19.6501,38,70,71.7,0.1505,3.2667,,,0,低,90,0,-,,0,64.8,1.1045,0,0.0455,0.1364,0.0455,0,0.0323,0.1613,0,,,D,◎,◎,0.3443,0.685,0.4295,0.4249,A,67,0,◎-○軸 3着3〜4艇流し（10〜15点）,0.5777,"{'is_target': True, 'verdict': '参加推奨', 'max_combo_prob': 0.0584, 'est_top_odds': 22.8, 'circle_concentration': 64.4, 'eligible_count': 8, 'bet_adj': 2, 'reason': 'rel_win1=48.0%（本命度） / 最有力組み合わせ確率: 0.058（推定実オッズ?23倍） / 2着集中度: 上位2艇 64.4%（補正+0.00） / 総合判定確率: 0.058 / → ヒモ分散。1号艇1着固定で広めのヒモ流し推奨（買い目+2点）', 'tenji_trigger': '展示確認: ヒモ分散レース。1号艇伸び確認後、広めのヒモ流しを採用。穴ヒモ（5・6号艇）を積極的に含める。'}",,,30.6,逃げ狙い,13.85,39,4,,,,,,,,,,,
2025-12-31,丸亀,3,5,西丸侑太,A2,30.67,5,,12.6185,12.8,81,44.7,0.1598,3.5745,,,0,低,100,0,-,,0,24.5,1.3293,0,0,0,0.0909,0,0,0.1314,0.0429,,,D,△,○,0.301,0.6105,0.329,0.4249,A,67,0,◎-○軸 3着3〜4艇流し（10〜15点）,0.5777,"{'is_target': True, 'verdict': '参加推奨', 'max_combo_prob': 0.0584, 'est_top_odds': 22.8, 'circle_concentration': 64.4, 'eligible_count': 8, 'bet_adj': 2, 'reason': 'rel_win1=48.0%（本命度） / 最有力組み合わせ確率: 0.058（推定実オッズ?23倍） / 2着集中度: 上位2艇 64.4%（補正+0.00） / 総合判定確率: 0.058 / → ヒモ分散。1号艇1着固定で広めのヒモ流し推奨（買い目+2点）', 'tenji_trigger': '展示確認: ヒモ分散レース。1号艇伸び確認後、広めのヒモ流しを採用。穴ヒモ（5・6号艇）を積極的に含める。'}",,,30.6,逃げ狙い,13.85,39,4,,,,,,,,,,,
2025-12-31,丸亀,3,6,越智照浩,B2,25.00,6,,1.234,3,38,20.5,0.1956,4.7051,,,0,低,133,0,-,,0,29.6,0.6372,,,,,,0.2,0.35,0.05,,,E,,,0.2066,0.563,,0.4249,A,67,0,◎-○軸 3着3〜4艇流し（10〜15点）,0.5777,"{'is_target': True, 'verdict': '参加推奨', 'max_combo_prob': 0.0584, 'est_top_odds': 22.8, 'circle_concentration': 64.4, 'eligible_count': 8, 'bet_adj': 2, 'reason': 'rel_win1=48.0%（本命度） / 最有力組み合わせ確率: 0.058（推定実オッズ?23倍） / 2着集中度: 上位2艇 64.4%（補正+0.00） / 総合判定確率: 0.058 / → ヒモ分散。1号艇1着固定で広めのヒモ流し推奨（買い目+2点）', 'tenji_trigger': '展示確認: ヒモ分散レース。1号艇伸び確認後、広めのヒモ流しを採用。穴ヒモ（5・6号艇）を積極的に含める。'}",,,30.6,逃げ狙い,13.85,39,4,,,,,,,,,,,
2025-12-31,丸亀,4,1,妻鳥晋也,B1,31.51,1,◎,47.0265,,0,71,0.1787,4.3947,,,0,低,151,0,逃0%,,0,43.2,0.845,0.25,,,,,0.25,0.21,0.23,,,C,△,,,0.601,,0.1766,B,58,0,◎○△フォーメーション（15〜20点）,0.5777,"{'is_target': True, 'verdict': '参加推奨', 'max_combo_prob': 0.0599, 'est_top_odds': 22.3, 'circle_concentration': 68.4, 'eligible_count': 9, 'bet_adj': 2, 'reason': 'rel_win1=47.0%（本命度） / 最有力組み合わせ確率: 0.060（推定実オッズ?22倍） / 2着集中度: 上位2艇 68.4%（補正+0.00） / 総合判定確率: 0.060 / → ヒモ分散。1号艇1着固定で広めのヒモ流し推奨（買い目+2点）', 'tenji_trigger': '展示確認: ヒモ分散レース。1号艇伸び確認後、広めのヒモ流しを採用。穴ヒモ（5・6号艇）を積極的に含める。'}",,,35,両建て推奨,13.45,37.8,2,2-1-3|2-1-4|2-1-5|2-3-1|2-5-1|2-5-3|2-3-4|1-2-3|1-2-6|1-3-6,2-1-3|2-1-4|2-1-5|2-3-1|2-5-1|2-5-3|2-3-4|1-2-3|1-2-6|4-5-6|1-3-6|6-1-3,2-1-3:2.36%|2-1-4:1.2%|2-1-5:1.18%|2-3-1:0.77%|2-5-1:0.43%|2-5-3:0.11%|2-3-4:0.1%|1-2-3:4.65%|1-2-6:4.62%|1-3-6:3.73%,2-1-3:B_main|2-1-4:B_main|2-1-5:B_main|2-3-1:B_main|2-5-1:B_main|2-5-3:B_main|2-3-4:B_main|1-2-3:A|1-2-6:A|1-3-6:A,10,12,0.2915,1,[!]見送り推奨（主役決まり手「差し」― 逃げ劣勢レースで的中実績なし）,主役軸流し,B
2025-12-31,丸亀,4,2,水谷理人,B1,28.40,2,,16.2348,38.8,53,55.6,0.1592,3.4167,,,0,低,64,0,ま0%,,0,33.8,0.944,0,0.1,0.05,0,0,0.0533,0.28,0.0267,,◎,D,,,0.553,0.569,,0.1766,B,58,0,◎○△フォーメーション（15〜20点）,0.5777,"{'is_target': True, 'verdict': '参加推奨', 'max_combo_prob': 0.0599, 'est_top_odds': 22.3, 'circle_concentration': 68.4, 'eligible_count': 9, 'bet_adj': 2, 'reason': 'rel_win1=47.0%（本命度） / 最有力組み合わせ確率: 0.060（推定実オッズ?22倍） / 2着集中度: 上位2艇 68.4%（補正+0.00） / 総合判定確率: 0.060 / → ヒモ分散。1号艇1着固定で広めのヒモ流し推奨（買い目+2点）', 'tenji_trigger': '展示確認: ヒモ分散レース。1号艇伸び確認後、広めのヒモ流しを採用。穴ヒモ（5・6号艇）を積極的に含める。'}",,,35,両建て推奨,13.45,37.8,2,,,,,,,,,,,
2025-12-31,丸亀,4,3,小野寺智,B1,35.14,3,○,13.8072,29.5,100,75,0.1383,2.5865,,,0,低,79,0,ま0%,,0,46.2,0.9073,0,0,0.0455,0.0455,0,0.1217,0.0174,0.3096,,○,B,△,,0.4965,0.6185,,0.1766,B,58,0,◎○△フォーメーション（15〜20点）,0.5777,"{'is_target': True, 'verdict': '参加推奨', 'max_combo_prob': 0.0599, 'est_top_odds': 22.3, 'circle_concentration': 68.4, 'eligible_count': 9, 'bet_adj': 2, 'reason': 'rel_win1=47.0%（本命度） / 最有力組み合わせ確率: 0.060（推定実オッズ?22倍） / 2着集中度: 上位2艇 68.4%（補正+0.00） / 総合判定確率: 0.060 / → ヒモ分散。1号艇1着固定で広めのヒモ流し推奨（買い目+2点）', 'tenji_trigger': '展示確認: ヒモ分散レース。1号艇伸び確認後、広めのヒモ流しを採用。穴ヒモ（5・6号艇）を積極的に含める。'}",,,35,両建て推奨,13.45,37.8,2,,,,,,,,,,,
2025-12-31,丸亀,4,4,門田　栞,B1,25.35,4,,10.0867,8.5,84,42.9,0.15,3.5714,,,0,低,76,0,差ま0%,,0,27.7,0.8062,0,0,0,0.0667,0,0.2308,0.3077,0,,△,E,,,0.4334,0.5145,,0.1766,B,58,0,◎○△フォーメーション（15〜20点）,0.5777,"{'is_target': True, 'verdict': '参加推奨', 'max_combo_prob': 0.0599, 'est_top_odds': 22.3, 'circle_concentration': 68.4, 'eligible_count': 9, 'bet_adj': 2, 'reason': 'rel_win1=47.0%（本命度） / 最有力組み合わせ確率: 0.060（推定実オッズ?22倍） / 2着集中度: 上位2艇 68.4%（補正+0.00） / 総合判定確率: 0.060 / → ヒモ分散。1号艇1着固定で広めのヒモ流し推奨（買い目+2点）', 'tenji_trigger': '展示確認: ヒモ分散レース。1号艇伸び確認後、広めのヒモ流しを採用。穴ヒモ（5・6号艇）を積極的に含める。'}",,,35,両建て推奨,13.45,37.8,2,,,,,,,,,,,
2025-12-31,丸亀,4,5,近江翔吾,A1,33.75,5,△,9.2178,20.9,64,57.8,0.1538,3.3,,,0,低,52,0,差ま0%,,0,27.7,1.0864,0,0,0,0.1154,0,0.0811,0.0541,0.027,,,C,◎,,0.4124,0.6415,,0.1766,B,58,0,◎○△フォーメーション（15〜20点）,0.5777,"{'is_target': True, 'verdict': '参加推奨', 'max_combo_prob': 0.0599, 'est_top_odds': 22.3, 'circle_concentration': 68.4, 'eligible_count': 9, 'bet_adj': 2, 'reason': 'rel_win1=47.0%（本命度） / 最有力組み合わせ確率: 0.060（推定実オッズ?22倍） / 2着集中度: 上位2艇 68.4%（補正+0.00） / 総合判定確率: 0.060 / → ヒモ分散。1号艇1着固定で広めのヒモ流し推奨（買い目+2点）', 'tenji_trigger': '展示確認: ヒモ分散レース。1号艇伸び確認後、広めのヒモ流しを採用。穴ヒモ（5・6号艇）を積極的に含める。'}",,,35,両建て推奨,13.45,37.8,2,,,,,,,,,,,
2025-12-31,丸亀,4,6,古田祐貴,A2,48.00,6,▲,3.627,2.2,57,24.2,0.1742,4.0379,,,0,低,105,0,-,,0,99.4,2.1208,,,,,,0.2088,0.1971,0.1338,,,A,○,,0.3572,0.6265,,0.1766,B,58,0,◎○△フォーメーション（15〜20点）,0.5777,"{'is_target': True, 'verdict': '参加推奨', 'max_combo_prob': 0.0599, 'est_top_odds': 22.3, 'circle_concentration': 68.4, 'eligible_count': 9, 'bet_adj': 2, 'reason': 'rel_win1=47.0%（本命度） / 最有力組み合わせ確率: 0.060（推定実オッズ?22倍） / 2着集中度: 上位2艇 68.4%（補正+0.00） / 総合判定確率: 0.060 / → ヒモ分散。1号艇1着固定で広めのヒモ流し推奨（買い目+2点）', 'tenji_trigger': '展示確認: ヒモ分散レース。1号艇伸び確認後、広めのヒモ流しを採用。穴ヒモ（5・6号艇）を積極的に含める。'}",,,35,両建て推奨,13.45,37.8,2,,,,,,,,,,,
2025-12-31,丸亀,5,1,宮武英司,B1,60.27,1,◎,54.0902,,0,87.3,0.1587,3.2818,,,0,低,89,0,逃0%,,0,64.2,1.0187,0.6111,,,,,0.4889,0.0222,0.0222,○,,A,○,,,0.658,,0.3512,A,75,0,◎-○軸 3着3〜4艇流し（10〜15点）,0.5777,"{'is_target': True, 'verdict': '参加推奨', 'max_combo_prob': 0.055, 'est_top_odds': 24.3, 'circle_concentration': 59.1, 'eligible_count': 8, 'bet_adj': 2, 'reason': 'rel_win1=54.1%（本命度） / 最有力組み合わせ確率: 0.055（推定実オッズ?24倍） / 2着集中度: 上位2艇 59.1%（補正+0.00） / 総合判定確率: 0.055 / → ヒモ分散。1号艇1着固定で広めのヒモ流し推奨（買い目+2点）', 'tenji_trigger': '展示確認: ヒモ分散レース。1号艇伸び確認後、広めのヒモ流しを採用。穴ヒモ（5・6号艇）を積極的に含める。'}",,,29.6,逃げ狙い,11.6,38.1,4,,,,,0,0,0.6155,0,,逃げ軸流し,A
2025-12-31,丸亀,5,2,川上清人,B1,38.75,2,,7.896,29.6,61,38.2,0.1868,4.0809,,,0,低,150,0,-,,0,23.2,0.7845,0,0.037,0.037,0,0,0.3733,0.0381,0.1962,,,C,,,0.0572,0.595,,0.3512,A,75,0,◎-○軸 3着3〜4艇流し（10〜15点）,0.5777,"{'is_target': True, 'verdict': '参加推奨', 'max_combo_prob': 0.055, 'est_top_odds': 24.3, 'circle_concentration': 59.1, 'eligible_count': 8, 'bet_adj': 2, 'reason': 'rel_win1=54.1%（本命度） / 最有力組み合わせ確率: 0.055（推定実オッズ?24倍） / 2着集中度: 上位2艇 59.1%（補正+0.00） / 総合判定確率: 0.055 / → ヒモ分散。1号艇1着固定で広めのヒモ流し推奨（買い目+2点）', 'tenji_trigger': '展示確認: ヒモ分散レース。1号艇伸び確認後、広めのヒモ流しを採用。穴ヒモ（5・6号艇）を積極的に含める。'}",,,29.6,逃げ狙い,11.6,38.1,4,,,,,,,,,,,
2025-12-31,丸亀,5,3,西村美智,B2,39.74,3,▲,12.0088,29.6,99,63.6,0.12,2.3636,,,0,低,25,1,ま0%,,0,48.3,1.1977,0,0,0.1667,0,0,0.1111,0.1111,0.1111,,◎,C,△,,0.4934,0.6285,,0.3512,A,75,0,◎-○軸 3着3〜4艇流し（10〜15点）,0.5777,"{'is_target': True, 'verdict': '参加推奨', 'max_combo_prob': 0.055, 'est_top_odds': 24.3, 'circle_concentration': 59.1, 'eligible_count': 8, 'bet_adj': 2, 'reason': 'rel_win1=54.1%（本命度） / 最有力組み合わせ確率: 0.055（推定実オッズ?24倍） / 2着集中度: 上位2艇 59.1%（補正+0.00） / 総合判定確率: 0.055 / → ヒモ分散。1号艇1着固定で広めのヒモ流し推奨（買い目+2点）', 'tenji_trigger': '展示確認: ヒモ分散レース。1号艇伸び確認後、広めのヒモ流しを採用。穴ヒモ（5・6号艇）を積極的に含める。'}",,,29.6,逃げ狙い,11.6,38.1,4,,,,,,,,,,,
2025-12-31,丸亀,5,4,西岡蒼志,B1,46.67,4,○,16.0554,16.9,86,31.8,0.1259,2.8636,,,0,低,79,0,差0% ま0%,,0,39.9,0.8074,0,0.0526,0.0526,0.0526,0,0,0.27,0,,○,B,,,0.418,0.528,,0.3512,A,75,0,◎-○軸 3着3〜4艇流し（10〜15点）,0.5777,"{'is_target': True, 'verdict': '参加推奨', 'max_combo_prob': 0.055, 'est_top_odds': 24.3, 'circle_concentration': 59.1, 'eligible_count': 8, 'bet_adj': 2, 'reason': 'rel_win1=54.1%（本命度） / 最有力組み合わせ確率: 0.055（推定実オッズ?24倍） / 2着集中度: 上位2艇 59.1%（補正+0.00） / 総合判定確率: 0.055 / → ヒモ分散。1号艇1着固定で広めのヒモ流し推奨（買い目+2点）', 'tenji_trigger': '展示確認: ヒモ分散レース。1号艇伸び確認後、広めのヒモ流しを採用。穴ヒモ（5・6号艇）を積極的に含める。'}",,,29.6,逃げ狙い,11.6,38.1,4,,,,,,,,,,,
2025-12-31,丸亀,5,5,中村晃朋,A1,34.67,5,△,6.7551,18.6,44,34.2,0.1432,3.4474,,,0,低,56,0,-,,0,100,3.1012,0,0,0,0.0909,0,0.1745,0,0.1564,,,D,◎,,0.3444,0.678,,0.3512,A,75,0,◎-○軸 3着3〜4艇流し（10〜15点）,0.5777,"{'is_target': True, 'verdict': '参加推奨', 'max_combo_prob': 0.055, 'est_top_odds': 24.3, 'circle_concentration': 59.1, 'eligible_count': 8, 'bet_adj': 2, 'reason': 'rel_win1=54.1%（本命度） / 最有力組み合わせ確率: 0.055（推定実オッズ?24倍） / 2着集中度: 上位2艇 59.1%（補正+0.00） / 総合判定確率: 0.055 / → ヒモ分散。1号艇1着固定で広めのヒモ流し推奨（買い目+2点）', 'tenji_trigger': '展示確認: ヒモ分散レース。1号艇伸び確認後、広めのヒモ流しを採用。穴ヒモ（5・6号艇）を積極的に含める。'}",,,29.6,逃げ狙い,11.6,38.1,4,,,,,,,,,,,
2025-12-31,丸亀,5,6,秋山広一,A2,34.25,6,,3.1945,5.4,100,37.3,0.1766,4.0932,,,0,低,90,0,-,,0,32.6,0.975,0,0,0,0,0,0,0.168,0.168,,,E,△,,0.2552,0.651,,0.3512,A,75,0,◎-○軸 3着3〜4艇流し（10〜15点）,0.5777,"{'is_target': True, 'verdict': '参加推奨', 'max_combo_prob': 0.055, 'est_top_odds': 24.3, 'circle_concentration': 59.1, 'eligible_count': 8, 'bet_adj': 2, 'reason': 'rel_win1=54.1%（本命度） / 最有力組み合わせ確率: 0.055（推定実オッズ?24倍） / 2着集中度: 上位2艇 59.1%（補正+0.00） / 総合判定確率: 0.055 / → ヒモ分散。1号艇1着固定で広めのヒモ流し推奨（買い目+2点）', 'tenji_trigger': '展示確認: ヒモ分散レース。1号艇伸び確認後、広めのヒモ流しを採用。穴ヒモ（5・6号艇）を積極的に含める。'}",,,29.6,逃げ狙い,11.6,38.1,4,,,,,,,,,,,
2025-12-31,丸亀,6,1,森安弘雅,A2,38.46,1,◎,45.1583,,0,78.2,0.1765,3.4727,,,0,低,178,0,抜0%,,0,84.3,1.081,0.3333,,,,,0.0167,0.1833,0.2,△,,D,△,,,0.6065,,0.3209,B,53,0,◎○△フォーメーション（15〜20点）,0.5777,"{'is_target': True, 'verdict': '参加推奨', 'max_combo_prob': 0.0771, 'est_top_odds': 17.3, 'circle_concentration': 77.6, 'eligible_count': 9, 'bet_adj': 2, 'reason': 'rel_win1=45.2%（本命度） / 最有力組み合わせ確率: 0.077（推定実オッズ?17倍） / 2着集中度: 上位2艇 77.6%（補正+0.04） / 総合判定確率: 0.117 / → ヒモ分散。1号艇1着固定で広めのヒモ流し推奨（買い目+2点）', 'tenji_trigger': '展示確認: ヒモ分散レース。1号艇伸び確認後、広めのヒモ流しを採用。穴ヒモ（5・6号艇）を積極的に含める。'}",,,31.7,両建て推奨,28.44,29.8,5,6-1-3|1-2-5|1-2-6|1-3-5|1-3-6|1-5-6,2-1-3|4-1-3|2-1-5|4-1-2|4-3-1|6-1-3|2-3-1|1-2-5|1-2-6|1-3-5|1-3-6|1-5-6,6-1-3:1.81%|1-2-5:9.94%|1-2-6:9.03%|1-3-5:4.94%|1-3-6:4.49%|1-5-6:4.47%,6-1-3:B_main|1-2-5:A|1-2-6:A|1-3-5:A|1-3-6:A|1-5-6:A,6,12,0.4535,1,[!]見送り推奨（主役決まり手「まくり差し」― 逃げ劣勢レースで的中実績なし）,荒れ広め,D
2025-12-31,丸亀,6,2,三嶌さら,B1,41.43,2,▲,12.3679,54.6,58,44.4,0.1611,3.7222,,,0,低,82,1,抜0%,,0,61,1.1207,0,0,0,0,0.1111,0,0.25,0,,○,C,,,0.484,0.576,,0.3209,B,53,0,◎○△フォーメーション（15〜20点）,0.5777,"{'is_target': True, 'verdict': '参加推奨', 'max_combo_prob': 0.0771, 'est_top_odds': 17.3, 'circle_concentration': 77.6, 'eligible_count': 9, 'bet_adj': 2, 'reason': 'rel_win1=45.2%（本命度） / 最有力組み合わせ確率: 0.077（推定実オッズ?17倍） / 2着集中度: 上位2艇 77.6%（補正+0.04） / 総合判定確率: 0.117 / → ヒモ分散。1号艇1着固定で広めのヒモ流し推奨（買い目+2点）', 'tenji_trigger': '展示確認: ヒモ分散レース。1号艇伸び確認後、広めのヒモ流しを採用。穴ヒモ（5・6号艇）を積極的に含める。'}",,,31.7,両建て推奨,28.44,29.8,5,,,,,,,,,,,
2025-12-31,丸亀,6,3,木村光宏,B1,34.09,3,,11.9223,23,92,53.1,0.1851,3.602,,,0,低,99,0,差0% ま0%,,0,47.5,0.9123,0,0.0385,0.0385,0,0,0.3952,0.3571,0.0571,,,D,○,,0.2564,0.6335,,0.3209,B,53,0,◎○△フォーメーション（15〜20点）,0.5777,"{'is_target': True, 'verdict': '参加推奨', 'max_combo_prob': 0.0771, 'est_top_odds': 17.3, 'circle_concentration': 77.6, 'eligible_count': 9, 'bet_adj': 2, 'reason': 'rel_win1=45.2%（本命度） / 最有力組み合わせ確率: 0.077（推定実オッズ?17倍） / 2着集中度: 上位2艇 77.6%（補正+0.04） / 総合判定確率: 0.117 / → ヒモ分散。1号艇1着固定で広めのヒモ流し推奨（買い目+2点）', 'tenji_trigger': '展示確認: ヒモ分散レース。1号艇伸び確認後、広めのヒモ流しを採用。穴ヒモ（5・6号艇）を積極的に含める。'}",,,31.7,両建て推奨,28.44,29.8,5,,,,,,,,,,,
2025-12-31,丸亀,6,4,長谷川親,B1,41.89,4,,4.9152,4.9,69,24.1,0.1774,3.8966,,,0,低,166,0,-,,0,19.4,0.5238,,,,,,0.1111,0.3778,0.2222,,,B,,,0.3375,0.605,,0.3209,B,53,0,◎○△フォーメーション（15〜20点）,0.5777,"{'is_target': True, 'verdict': '参加推奨', 'max_combo_prob': 0.0771, 'est_top_odds': 17.3, 'circle_concentration': 77.6, 'eligible_count': 9, 'bet_adj': 2, 'reason': 'rel_win1=45.2%（本命度） / 最有力組み合わせ確率: 0.077（推定実オッズ?17倍） / 2着集中度: 上位2艇 77.6%（補正+0.04） / 総合判定確率: 0.117 / → ヒモ分散。1号艇1着固定で広めのヒモ流し推奨（買い目+2点）', 'tenji_trigger': '展示確認: ヒモ分散レース。1号艇伸び確認後、広めのヒモ流しを採用。穴ヒモ（5・6号艇）を積極的に含める。'}",,,31.7,両建て推奨,28.44,29.8,5,,,,,,,,,,,
2025-12-31,丸亀,6,5,重成一人,A1,47.14,5,○,20.5432,15.1,59,64.5,0.1435,2.7742,,,0,低,51,0,差ま0% 抜0%,,0,61,1.0667,0,0,0,0.3158,0.1053,0.0533,0.2533,0.0133,,△,B,△,◎,0.4814,0.6315,0.4663,0.3209,B,53,0,◎○△フォーメーション（15〜20点）,0.5777,"{'is_target': True, 'verdict': '参加推奨', 'max_combo_prob': 0.0771, 'est_top_odds': 17.3, 'circle_concentration': 77.6, 'eligible_count': 9, 'bet_adj': 2, 'reason': 'rel_win1=45.2%（本命度） / 最有力組み合わせ確率: 0.077（推定実オッズ?17倍） / 2着集中度: 上位2艇 77.6%（補正+0.04） / 総合判定確率: 0.117 / → ヒモ分散。1号艇1着固定で広めのヒモ流し推奨（買い目+2点）', 'tenji_trigger': '展示確認: ヒモ分散レース。1号艇伸び確認後、広めのヒモ流しを採用。穴ヒモ（5・6号艇）を積極的に含める。'}",,,31.7,両建て推奨,28.44,29.8,5,,,,,,,,,,,
2025-12-31,丸亀,6,6,片岡雅裕,A1,40.00,6,△,5.0932,2.4,100,72.2,0.1272,2.6389,,,0,低,5,0,-,,0,35.1,0.9331,,,,,,0.0286,0,0.3571,,◎,C,◎,,0.4895,0.8292,,0.3209,B,53,0,◎○△フォーメーション（15〜20点）,0.5777,"{'is_target': True, 'verdict': '参加推奨', 'max_combo_prob': 0.0771, 'est_top_odds': 17.3, 'circle_concentration': 77.6, 'eligible_count': 9, 'bet_adj': 2, 'reason': 'rel_win1=45.2%（本命度） / 最有力組み合わせ確率: 0.077（推定実オッズ?17倍） / 2着集中度: 上位2艇 77.6%（補正+0.04） / 総合判定確率: 0.117 / → ヒモ分散。1号艇1着固定で広めのヒモ流し推奨（買い目+2点）', 'tenji_trigger': '展示確認: ヒモ分散レース。1号艇伸び確認後、広めのヒモ流しを採用。穴ヒモ（5・6号艇）を積極的に含める。'}",,,31.7,両建て推奨,28.44,29.8,5,,,,,,,,,,,
2025-12-31,丸亀,7,1,田頭虎親,B1,26.83,1,◎,56.3546,,0,83.3,0.1733,3.4792,,,0,低,121,0,逃1%,,0,80,0.9697,0.4375,,,,,0.1,0.375,0.025,○,,E,△,,,0.5945,,0.4124,A,66,0,◎-○軸 3着3〜4艇流し（10〜15点）,0.5777,"{'is_target': True, 'verdict': '点数絞り', 'max_combo_prob': 0.0877, 'est_top_odds': 15.2, 'circle_concentration': 73.1, 'eligible_count': 8, 'bet_adj': 0, 'reason': 'rel_win1=56.4%（本命度） / 最有力組み合わせ確率: 0.088（推定実オッズ?15倍） / 2着集中度: 上位2艇 73.1%（補正+0.04） / 総合判定確率: 0.128 / → ヒモはやや固め。上位2艇以外を切ること', 'tenji_trigger': '展示確認: 1号艇伸び良→そのまま採用。悪→飛び組に差し替え。circle_pct上位2艇に絞り込むこと。'}",,,28.8,逃げ狙い,12.47,35.1,2,,,,,0,0,0.6155,0,,主役軸流し,B
2025-12-31,丸亀,7,2,松尾　祭,A2,42.47,2,△,14.3298,45.9,100,76.7,0.163,3.6,,,0,低,144,0,-,,0,56.3,1.0491,0,0.1613,0.0323,0,0,0.1086,0.0654,0.2501,,◎,C,△,,0.4377,0.6215,,0.4124,A,66,0,◎-○軸 3着3〜4艇流し（10〜15点）,0.5777,"{'is_target': True, 'verdict': '点数絞り', 'max_combo_prob': 0.0877, 'est_top_odds': 15.2, 'circle_concentration': 73.1, 'eligible_count': 8, 'bet_adj': 0, 'reason': 'rel_win1=56.4%（本命度） / 最有力組み合わせ確率: 0.088（推定実オッズ?15倍） / 2着集中度: 上位2艇 73.1%（補正+0.04） / 総合判定確率: 0.128 / → ヒモはやや固め。上位2艇以外を切ること', 'tenji_trigger': '展示確認: 1号艇伸び良→そのまま採用。悪→飛び組に差し替え。circle_pct上位2艇に絞り込むこと。'}",,,28.8,逃げ狙い,12.47,35.1,2,,,,,,,,,,,
2025-12-31,丸亀,7,3,西岡顕心,A1,31.94,3,,11.376,27.2,79,70.4,0.1567,2.8519,,,0,低,55,0,-,,0,34.7,0.8579,0,0,0,0.25,0,0,0.0714,0,,○,D,○,,0.4243,0.6245,,0.4124,A,66,0,◎-○軸 3着3〜4艇流し（10〜15点）,0.5777,"{'is_target': True, 'verdict': '点数絞り', 'max_combo_prob': 0.0877, 'est_top_odds': 15.2, 'circle_concentration': 73.1, 'eligible_count': 8, 'bet_adj': 0, 'reason': 'rel_win1=56.4%（本命度） / 最有力組み合わせ確率: 0.088（推定実オッズ?15倍） / 2着集中度: 上位2艇 73.1%（補正+0.04） / 総合判定確率: 0.128 / → ヒモはやや固め。上位2艇以外を切ること', 'tenji_trigger': '展示確認: 1号艇伸び良→そのまま採用。悪→飛び組に差し替え。circle_pct上位2艇に絞り込むこと。'}",,,28.8,逃げ狙い,12.47,35.1,2,,,,,,,,,,,
2025-12-31,丸亀,7,4,谷口佳蓮,B1,35.62,4,,7.6224,10.2,44,10,0.1585,3.1,,,0,低,45,0,-,,0,23.6,0.6602,0,0,0,0.0769,0,0.1091,0,0.2727,,,D,,,0.3435,0.5715,,0.4124,A,66,0,◎-○軸 3着3〜4艇流し（10〜15点）,0.5777,"{'is_target': True, 'verdict': '点数絞り', 'max_combo_prob': 0.0877, 'est_top_odds': 15.2, 'circle_concentration': 73.1, 'eligible_count': 8, 'bet_adj': 0, 'reason': 'rel_win1=56.4%（本命度） / 最有力組み合わせ確率: 0.088（推定実オッズ?15倍） / 2着集中度: 上位2艇 73.1%（補正+0.04） / 総合判定確率: 0.128 / → ヒモはやや固め。上位2艇以外を切ること', 'tenji_trigger': '展示確認: 1号艇伸び良→そのまま採用。悪→飛び組に差し替え。circle_pct上位2艇に絞り込むこと。'}",,,28.8,逃げ狙い,12.47,35.1,2,,,,,,,,,,,
2025-12-31,丸亀,7,5,森高一真,A1,53.42,5,▲,4.9076,13.6,75,64.3,0.1493,3.2857,,,0,低,28,1,-,,0,33.2,0.7512,0,0,0,0.0571,0,0,0.1667,0.3333,,,A,◎,,0.3631,0.685,,0.4124,A,66,0,◎-○軸 3着3〜4艇流し（10〜15点）,0.5777,"{'is_target': True, 'verdict': '点数絞り', 'max_combo_prob': 0.0877, 'est_top_odds': 15.2, 'circle_concentration': 73.1, 'eligible_count': 8, 'bet_adj': 0, 'reason': 'rel_win1=56.4%（本命度） / 最有力組み合わせ確率: 0.088（推定実オッズ?15倍） / 2着集中度: 上位2艇 73.1%（補正+0.04） / 総合判定確率: 0.128 / → ヒモはやや固め。上位2艇以外を切ること', 'tenji_trigger': '展示確認: 1号艇伸び良→そのまま採用。悪→飛び組に差し替え。circle_pct上位2艇に絞り込むこと。'}",,,28.8,逃げ狙い,12.47,35.1,2,,,,,,,,,,,
2025-12-31,丸亀,7,6,石井伸長,B1,56.94,6,○,5.4096,3.1,35,23.5,0.1533,3.4847,,,0,低,79,0,差ま0%,,0,71.6,1.2317,0,0.027,0.027,0.0811,0,0,0.5,0.25,,,A,,◎,0.3574,0.5655,0.253,0.4124,A,66,0,◎-○軸 3着3〜4艇流し（10〜15点）,0.5777,"{'is_target': True, 'verdict': '点数絞り', 'max_combo_prob': 0.0877, 'est_top_odds': 15.2, 'circle_concentration': 73.1, 'eligible_count': 8, 'bet_adj': 0, 'reason': 'rel_win1=56.4%（本命度） / 最有力組み合わせ確率: 0.088（推定実オッズ?15倍） / 2着集中度: 上位2艇 73.1%（補正+0.04） / 総合判定確率: 0.128 / → ヒモはやや固め。上位2艇以外を切ること', 'tenji_trigger': '展示確認: 1号艇伸び良→そのまま採用。悪→飛び組に差し替え。circle_pct上位2艇に絞り込むこと。'}",,,28.8,逃げ狙い,12.47,35.1,2,,,,,,,,,,,
2025-12-31,丸亀,8,1,川原祐明,A1,32.14,1,◎,69.7176,,0,90.3,0.1744,3.5565,,,0,低,110,0,逃0% 抜0%,,0,92.2,1.2722,0.6897,,,,,0.0276,0.1014,0.0138,◎,,C,△,,,0.6185,,0.4707,S,91,0,◎1着固定 2-3着流し（5〜8点）,0.5777,"{'is_target': True, 'verdict': '点数絞り', 'max_combo_prob': 0.1883, 'est_top_odds': 7.1, 'circle_concentration': 80.6, 'eligible_count': 6, 'bet_adj': 0, 'reason': 'rel_win1=69.7%（本命度） / 最有力組み合わせ確率: 0.188（推定実オッズ?7倍） / 2着集中度: 上位2艇 80.6%（補正+0.04） / 総合判定確率: 0.228 / → ヒモはやや固め。上位2艇以外を切ること', 'tenji_trigger': '展示確認: 1号艇伸び良→そのまま採用。悪→飛び組に差し替え。circle_pct上位2艇に絞り込むこと。'}",,,26,逃げ狙い,14.04,25.9,2,,,,,0,0,0.7559,0,,逃げ軸流し,A
2025-12-31,丸亀,8,2,宮崎　奨,A2,38.03,2,○,15.2005,59.7,48,73.4,0.1681,3.9766,,,0,低,134,0,差0%,,0,55.1,1.1283,0,0.16,0,0,0,0.0343,0.1571,0.2686,,◎,B,○,,0.4001,0.658,,0.4707,S,91,0,◎1着固定 2-3着流し（5〜8点）,0.5777,"{'is_target': True, 'verdict': '点数絞り', 'max_combo_prob': 0.1883, 'est_top_odds': 7.1, 'circle_concentration': 80.6, 'eligible_count': 6, 'bet_adj': 0, 'reason': 'rel_win1=69.7%（本命度） / 最有力組み合わせ確率: 0.188（推定実オッズ?7倍） / 2着集中度: 上位2艇 80.6%（補正+0.04） / 総合判定確率: 0.228 / → ヒモはやや固め。上位2艇以外を切ること', 'tenji_trigger': '展示確認: 1号艇伸び良→そのまま採用。悪→飛び組に差し替え。circle_pct上位2艇に絞り込むこと。'}",,,26,逃げ狙い,14.04,25.9,2,,,,,,,,,,,
2025-12-31,丸亀,8,3,越智照浩,B2,25.00,3,,4.7293,12.2,49,26.9,0.1806,3.7596,,,0,低,133,0,-,,0,45.9,1.0948,0,0.0323,0,0,0,0.2,0.35,0.05,,,D,,,0.2452,0.563,,0.4707,S,91,0,◎1着固定 2-3着流し（5〜8点）,0.5777,"{'is_target': True, 'verdict': '点数絞り', 'max_combo_prob': 0.1883, 'est_top_odds': 7.1, 'circle_concentration': 80.6, 'eligible_count': 6, 'bet_adj': 0, 'reason': 'rel_win1=69.7%（本命度） / 最有力組み合わせ確率: 0.188（推定実オッズ?7倍） / 2着集中度: 上位2艇 80.6%（補正+0.04） / 総合判定確率: 0.228 / → ヒモはやや固め。上位2艇以外を切ること', 'tenji_trigger': '展示確認: 1号艇伸び良→そのまま採用。悪→飛び組に差し替え。circle_pct上位2艇に絞り込むこと。'}",,,26,逃げ狙い,14.04,25.9,2,,,,,,,,,,,
2025-12-31,丸亀,8,4,木谷賢太,A2,24.00,4,,5.2674,20.9,100,66.7,0.1559,3.5926,,,0,低,107,0,-,,0,32.9,0.696,0,0.0385,0,0.0385,0,0.0343,0.0114,0.1957,,,E,◎,,0.3568,0.663,,0.4707,S,91,0,◎1着固定 2-3着流し（5〜8点）,0.5777,"{'is_target': True, 'verdict': '点数絞り', 'max_combo_prob': 0.1883, 'est_top_odds': 7.1, 'circle_concentration': 80.6, 'eligible_count': 6, 'bet_adj': 0, 'reason': 'rel_win1=69.7%（本命度） / 最有力組み合わせ確率: 0.188（推定実オッズ?7倍） / 2着集中度: 上位2艇 80.6%（補正+0.04） / 総合判定確率: 0.228 / → ヒモはやや固め。上位2艇以外を切ること', 'tenji_trigger': '展示確認: 1号艇伸び良→そのまま採用。悪→飛び組に差し替え。circle_pct上位2艇に絞り込むこと。'}",,,26,逃げ狙い,14.04,25.9,2,,,,,,,,,,,
2025-12-31,丸亀,8,5,松下知幸,B1,32.86,5,△,3.9598,5.5,43,23.1,0.1932,4.1987,,,0,低,152,0,-,,0,56.1,1.1352,0,0.0278,0.0278,0,0,0.2152,0.1581,0.1962,,,C,△,,0.2236,0.5965,,0.4707,S,91,0,◎1着固定 2-3着流し（5〜8点）,0.5777,"{'is_target': True, 'verdict': '点数絞り', 'max_combo_prob': 0.1883, 'est_top_odds': 7.1, 'circle_concentration': 80.6, 'eligible_count': 6, 'bet_adj': 0, 'reason': 'rel_win1=69.7%（本命度） / 最有力組み合わせ確率: 0.188（推定実オッズ?7倍） / 2着集中度: 上位2艇 80.6%（補正+0.04） / 総合判定確率: 0.228 / → ヒモはやや固め。上位2艇以外を切ること', 'tenji_trigger': '展示確認: 1号艇伸び良→そのまま採用。悪→飛び組に差し替え。circle_pct上位2艇に絞り込むこと。'}",,,26,逃げ狙い,14.04,25.9,2,,,,,,,,,,,
2025-12-31,丸亀,8,6,中澤里桜,B2,45.21,6,▲,1.1254,1.7,29,4.3,0.2217,4.5435,,,0,低,12,0,-,,0,25,0.6375,,,,,,,,,,,A,,,0.1633,0.4195,,0.4707,S,91,0,◎1着固定 2-3着流し（5〜8点）,0.5777,"{'is_target': True, 'verdict': '点数絞り', 'max_combo_prob': 0.1883, 'est_top_odds': 7.1, 'circle_concentration': 80.6, 'eligible_count': 6, 'bet_adj': 0, 'reason': 'rel_win1=69.7%（本命度） / 最有力組み合わせ確率: 0.188（推定実オッズ?7倍） / 2着集中度: 上位2艇 80.6%（補正+0.04） / 総合判定確率: 0.228 / → ヒモはやや固め。上位2艇以外を切ること', 'tenji_trigger': '展示確認: 1号艇伸び良→そのまま採用。悪→飛び組に差し替え。circle_pct上位2艇に絞り込むこと。'}",,,26,逃げ狙い,14.04,25.9,2,,,,,,,,,,,
2025-12-31,丸亀,9,1,西丸侑太,A2,30.67,1,◎,57.2557,,0,87.5,0.15,3.125,,,0,低,100,0,逃1%,,0,68.9,1.0885,0.6786,,,,,0,0.1314,0.0429,◎,,D,△,,,0.6105,,0.4566,S,85,0,◎1着固定 2-3着流し（5〜8点）,0.5777,"{'is_target': True, 'verdict': '参加推奨', 'max_combo_prob': 0.0815, 'est_top_odds': 16.4, 'circle_concentration': 68.6, 'eligible_count': 6, 'bet_adj': 2, 'reason': 'rel_win1=57.3%（本命度） / 最有力組み合わせ確率: 0.082（推定実オッズ?16倍） / 2着集中度: 上位2艇 68.6%（補正+0.00） / 総合判定確率: 0.082 / → ヒモ分散。1号艇1着固定で広めのヒモ流し推奨（買い目+2点）', 'tenji_trigger': '展示確認: ヒモ分散レース。1号艇伸び確認後、広めのヒモ流しを採用。穴ヒモ（5・6号艇）を積極的に含める。'}",,,26.7,逃げ狙い,17.25,24.9,3,,,,,0,0,0.7559,0,,逃げ軸流し,A
2025-12-31,丸亀,9,2,濱野斗馬,A1,44.44,2,○,12.8864,42.4,93,64.3,0.1507,3.0357,,,0,低,40,0,抜0%,,0,28.2,0.8607,0,0.0625,0.125,0,0.0625,0.0968,0,0.0323,,,A,○,,0.3141,0.638,,0.4566,S,85,0,◎1着固定 2-3着流し（5〜8点）,0.5777,"{'is_target': True, 'verdict': '参加推奨', 'max_combo_prob': 0.0815, 'est_top_odds': 16.4, 'circle_concentration': 68.6, 'eligible_count': 6, 'bet_adj': 2, 'reason': 'rel_win1=57.3%（本命度） / 最有力組み合わせ確率: 0.082（推定実オッズ?16倍） / 2着集中度: 上位2艇 68.6%（補正+0.00） / 総合判定確率: 0.082 / → ヒモ分散。1号艇1着固定で広めのヒモ流し推奨（買い目+2点）', 'tenji_trigger': '展示確認: ヒモ分散レース。1号艇伸び確認後、広めのヒモ流しを採用。穴ヒモ（5・6号艇）を積極的に含める。'}",,,26.7,逃げ狙い,17.25,24.9,3,,,,,,,,,,,
2025-12-31,丸亀,9,3,中村日向,A1,28.21,3,△,16.5726,26.1,88,67.9,0.1311,2.6786,,,0,低,40,0,-,,0,51.5,1.1073,0,0,0.1429,0.2143,0,0.1538,0.0769,0,,◎,E,◎,,0.432,0.645,,0.4566,S,85,0,◎1着固定 2-3着流し（5〜8点）,0.5777,"{'is_target': True, 'verdict': '参加推奨', 'max_combo_prob': 0.0815, 'est_top_odds': 16.4, 'circle_concentration': 68.6, 'eligible_count': 6, 'bet_adj': 2, 'reason': 'rel_win1=57.3%（本命度） / 最有力組み合わせ確率: 0.082（推定実オッズ?16倍） / 2着集中度: 上位2艇 68.6%（補正+0.00） / 総合判定確率: 0.082 / → ヒモ分散。1号艇1着固定で広めのヒモ流し推奨（買い目+2点）', 'tenji_trigger': '展示確認: ヒモ分散レース。1号艇伸び確認後、広めのヒモ流しを採用。穴ヒモ（5・6号艇）を積極的に含める。'}",,,26.7,逃げ狙い,17.25,24.9,3,,,,,,,,,,,
2025-12-31,丸亀,9,4,上田隆章,B1,35.71,4,,5.3449,13.6,76,33.3,0.2132,4.8246,,,0,低,192,0,-,,0,100,2.6168,0,0,0.0476,0,0,0.3,0.22,0.1,,,C,,,0.1069,0.5515,,0.4566,S,85,0,◎1着固定 2-3着流し（5〜8点）,0.5777,"{'is_target': True, 'verdict': '参加推奨', 'max_combo_prob': 0.0815, 'est_top_odds': 16.4, 'circle_concentration': 68.6, 'eligible_count': 6, 'bet_adj': 2, 'reason': 'rel_win1=57.3%（本命度） / 最有力組み合わせ確率: 0.082（推定実オッズ?16倍） / 2着集中度: 上位2艇 68.6%（補正+0.00） / 総合判定確率: 0.082 / → ヒモ分散。1号艇1着固定で広めのヒモ流し推奨（買い目+2点）', 'tenji_trigger': '展示確認: ヒモ分散レース。1号艇伸び確認後、広めのヒモ流しを採用。穴ヒモ（5・6号艇）を積極的に含める。'}",,,26.7,逃げ狙い,17.25,24.9,3,,,,,,,,,,,
2025-12-31,丸亀,9,5,妻鳥晋也,B1,31.51,5,,6.8051,16.8,100,55.6,0.1729,3.7619,,,0,低,151,0,差ま0%,,0,38.8,1.1824,0,0,0,0.0357,0.0357,0.25,0.21,0.23,,,D,,◎,0.2092,0.601,0.2845,0.4566,S,85,0,◎1着固定 2-3着流し（5〜8点）,0.5777,"{'is_target': True, 'verdict': '参加推奨', 'max_combo_prob': 0.0815, 'est_top_odds': 16.4, 'circle_concentration': 68.6, 'eligible_count': 6, 'bet_adj': 2, 'reason': 'rel_win1=57.3%（本命度） / 最有力組み合わせ確率: 0.082（推定実オッズ?16倍） / 2着集中度: 上位2艇 68.6%（補正+0.00） / 総合判定確率: 0.082 / → ヒモ分散。1号艇1着固定で広めのヒモ流し推奨（買い目+2点）', 'tenji_trigger': '展示確認: ヒモ分散レース。1号艇伸び確認後、広めのヒモ流しを採用。穴ヒモ（5・6号艇）を積極的に含める。'}",,,26.7,逃げ狙い,17.25,24.9,3,,,,,,,,,,,
2025-12-31,丸亀,9,6,大西隆洋,B1,38.27,6,▲,1.1353,1,34,15.2,0.1359,2.8696,,,0,低,103,0,-,,0,72.6,1.6511,,,,,,0.3077,0.0769,0.3077,,,B,△,,0.3588,0.6055,,0.4566,S,85,0,◎1着固定 2-3着流し（5〜8点）,0.5777,"{'is_target': True, 'verdict': '参加推奨', 'max_combo_prob': 0.0815, 'est_top_odds': 16.4, 'circle_concentration': 68.6, 'eligible_count': 6, 'bet_adj': 2, 'reason': 'rel_win1=57.3%（本命度） / 最有力組み合わせ確率: 0.082（推定実オッズ?16倍） / 2着集中度: 上位2艇 68.6%（補正+0.00） / 総合判定確率: 0.082 / → ヒモ分散。1号艇1着固定で広めのヒモ流し推奨（買い目+2点）', 'tenji_trigger': '展示確認: ヒモ分散レース。1号艇伸び確認後、広めのヒモ流しを採用。穴ヒモ（5・6号艇）を積極的に含める。'}",,,26.7,逃げ狙い,17.25,24.9,3,,,,,,,,,,,
2025-12-31,丸亀,10,1,竹田和哉,A1,38.67,1,◎,68.2503,,0,92,0.1376,2.7933,,,0,低,106,0,逃0% 抜0%,,0,90.7,1.1991,0.7692,,,,,0.116,0.116,0,◎,,C,○,,,0.6415,,0.6003,S,88,0,◎1着固定 2-3着流し（5〜8点）,0.5777,"{'is_target': True, 'verdict': '点数絞り', 'max_combo_prob': 0.1013, 'est_top_odds': 13.2, 'circle_concentration': 75.5, 'eligible_count': 6, 'bet_adj': 0, 'reason': 'rel_win1=68.3%（本命度） / 最有力組み合わせ確率: 0.101（推定実オッズ?13倍） / 2着集中度: 上位2艇 75.5%（補正+0.04） / 総合判定確率: 0.141 / → ヒモはやや固め。上位2艇以外を切ること', 'tenji_trigger': '展示確認: 1号艇伸び良→そのまま採用。悪→飛び組に差し替え。circle_pct上位2艇に絞り込むこと。\n展示で1号艇スタート超安定(0.138秒)→ヒモ固まり方向に注意'}",,,27.1,逃げ狙い,15.75,27.4,3,,,,,0,0,0.7559,0,,逃げ軸流し,A
2025-12-31,丸亀,10,2,下田哲也,B1,37.80,2,,6.2217,40,93,58.1,0.1685,3.6371,,,0,低,104,0,-,,0,51.5,1.2217,0,0,0.0526,0,0,0.3333,0.1667,0.25,,,D,,,0.0562,0.615,,0.6003,S,88,0,◎1着固定 2-3着流し（5〜8点）,0.5777,"{'is_target': True, 'verdict': '点数絞り', 'max_combo_prob': 0.1013, 'est_top_odds': 13.2, 'circle_concentration': 75.5, 'eligible_count': 6, 'bet_adj': 0, 'reason': 'rel_win1=68.3%（本命度） / 最有力組み合わせ確率: 0.101（推定実オッズ?13倍） / 2着集中度: 上位2艇 75.5%（補正+0.04） / 総合判定確率: 0.141 / → ヒモはやや固め。上位2艇以外を切ること', 'tenji_trigger': '展示確認: 1号艇伸び良→そのまま採用。悪→飛び組に差し替え。circle_pct上位2艇に絞り込むこと。\n展示で1号艇スタート超安定(0.138秒)→ヒモ固まり方向に注意'}",,,27.1,逃げ狙い,15.75,27.4,3,,,,,,,,,,,
2025-12-31,丸亀,10,3,片岡雅裕,A1,40.00,3,○,14.1068,35.7,65,70.6,0.1271,2.2353,,,0,低,5,0,差ま0% 抜0%,,0,64.9,1.025,0,0,0,0.1429,0.1429,0.0286,0,0.3571,,◎,B,◎,,0.3675,0.8292,,0.6003,S,88,0,◎1着固定 2-3着流し（5〜8点）,0.5777,"{'is_target': True, 'verdict': '点数絞り', 'max_combo_prob': 0.1013, 'est_top_odds': 13.2, 'circle_concentration': 75.5, 'eligible_count': 6, 'bet_adj': 0, 'reason': 'rel_win1=68.3%（本命度） / 最有力組み合わせ確率: 0.101（推定実オッズ?13倍） / 2着集中度: 上位2艇 75.5%（補正+0.04） / 総合判定確率: 0.141 / → ヒモはやや固め。上位2艇以外を切ること', 'tenji_trigger': '展示確認: 1号艇伸び良→そのまま採用。悪→飛び組に差し替え。circle_pct上位2艇に絞り込むこと。\n展示で1号艇スタート超安定(0.138秒)→ヒモ固まり方向に注意'}",,,27.1,逃げ狙い,15.75,27.4,3,,,,,,,,,,,
2025-12-31,丸亀,10,4,古田祐貴,A2,48.00,4,▲,7.4396,13.3,100,56.1,0.1494,2.9545,,,0,低,105,0,ま0%,,0,85.3,1.5747,0,0.0333,0.0333,0,0,0.2088,0.1971,0.1338,,,A,△,◎,0.2352,0.6265,0.3453,0.6003,S,88,0,◎1着固定 2-3着流し（5〜8点）,0.5777,"{'is_target': True, 'verdict': '点数絞り', 'max_combo_prob': 0.1013, 'est_top_odds': 13.2, 'circle_concentration': 75.5, 'eligible_count': 6, 'bet_adj': 0, 'reason': 'rel_win1=68.3%（本命度） / 最有力組み合わせ確率: 0.101（推定実オッズ?13倍） / 2着集中度: 上位2艇 75.5%（補正+0.04） / 総合判定確率: 0.141 / → ヒモはやや固め。上位2艇以外を切ること', 'tenji_trigger': '展示確認: 1号艇伸び良→そのまま採用。悪→飛び組に差し替え。circle_pct上位2艇に絞り込むこと。\n展示で1号艇スタート超安定(0.138秒)→ヒモ固まり方向に注意'}",,,27.1,逃げ狙い,15.75,27.4,3,,,,,,,,,,,
2025-12-31,丸亀,10,5,塩田雄一,B1,30.99,5,,2.8563,9.3,36,27.9,0.1693,3.9262,,,0,低,147,0,-,,0,49,1.121,,,,,,0.4143,0.0952,0.2071,,,E,,,0.2127,0.5565,,0.6003,S,88,0,◎1着固定 2-3着流し（5〜8点）,0.5777,"{'is_target': True, 'verdict': '点数絞り', 'max_combo_prob': 0.1013, 'est_top_odds': 13.2, 'circle_concentration': 75.5, 'eligible_count': 6, 'bet_adj': 0, 'reason': 'rel_win1=68.3%（本命度） / 最有力組み合わせ確率: 0.101（推定実オッズ?13倍） / 2着集中度: 上位2艇 75.5%（補正+0.04） / 総合判定確率: 0.141 / → ヒモはやや固め。上位2艇以外を切ること', 'tenji_trigger': '展示確認: 1号艇伸び良→そのまま採用。悪→飛び組に差し替え。circle_pct上位2艇に絞り込むこと。\n展示で1号艇スタート超安定(0.138秒)→ヒモ固まり方向に注意'}",,,27.1,逃げ狙い,15.75,27.4,3,,,,,,,,,,,
2025-12-31,丸亀,10,6,西村美智,B2,39.74,6,△,1.1253,1.9,68,35.3,0.1694,3.5588,,,0,低,25,0,-,,0,31,1.4181,,,,,,0.1111,0.1111,0.1111,,,C,△,,0.2088,0.6285,,0.6003,S,88,0,◎1着固定 2-3着流し（5〜8点）,0.5777,"{'is_target': True, 'verdict': '点数絞り', 'max_combo_prob': 0.1013, 'est_top_odds': 13.2, 'circle_concentration': 75.5, 'eligible_count': 6, 'bet_adj': 0, 'reason': 'rel_win1=68.3%（本命度） / 最有力組み合わせ確率: 0.101（推定実オッズ?13倍） / 2着集中度: 上位2艇 75.5%（補正+0.04） / 総合判定確率: 0.141 / → ヒモはやや固め。上位2艇以外を切ること', 'tenji_trigger': '展示確認: 1号艇伸び良→そのまま採用。悪→飛び組に差し替え。circle_pct上位2艇に絞り込むこと。\n展示で1号艇スタート超安定(0.138秒)→ヒモ固まり方向に注意'}",,,27.1,逃げ狙い,15.75,27.4,3,,,,,,,,,,,
2025-12-31,丸亀,11,1,西岡顕心,A1,31.94,1,◎,61.618,,0,88.2,0.1341,3.1471,,,0,低,55,0,逃1%,,0,58.7,0.9728,0.8571,,,,,0,0.0714,0,◎,,D,△,,,0.6245,,0.6431,S,84,0,◎1着固定 2-3着流し（5〜8点）,0.5777,"{'is_target': True, 'verdict': '参加推奨', 'max_combo_prob': 0.0822, 'est_top_odds': 16.2, 'circle_concentration': 68.4, 'eligible_count': 6, 'bet_adj': 2, 'reason': 'rel_win1=61.6%（本命度） / 最有力組み合わせ確率: 0.082（推定実オッズ?16倍） / 2着集中度: 上位2艇 68.4%（補正+0.00） / 総合判定確率: 0.082 / → ヒモ分散。1号艇1着固定で広めのヒモ流し推奨（買い目+2点）', 'tenji_trigger': '展示確認: ヒモ分散レース。1号艇伸び確認後、広めのヒモ流しを採用。穴ヒモ（5・6号艇）を積極的に含める。\n展示で1号艇スタート超安定(0.134秒)→ヒモ固まり方向に注意'}",,,27.4,逃げ狙い,22.19,22.9,2,,,,,0,0,0.7559,0,,逃げ軸流し,A
2025-12-31,丸亀,11,2,中田元泰,A1,32.18,2,△,15.9029,47.9,85,71.7,0.1596,3.2717,,,0,低,90,0,-,,0,42.7,0.8507,0,0,0.0476,0,0,0.0323,0.1613,0,,,D,◎,,0.0554,0.685,,0.6431,S,84,0,◎1着固定 2-3着流し（5〜8点）,0.5777,"{'is_target': True, 'verdict': '参加推奨', 'max_combo_prob': 0.0822, 'est_top_odds': 16.2, 'circle_concentration': 68.4, 'eligible_count': 6, 'bet_adj': 2, 'reason': 'rel_win1=61.6%（本命度） / 最有力組み合わせ確率: 0.082（推定実オッズ?16倍） / 2着集中度: 上位2艇 68.4%（補正+0.00） / 総合判定確率: 0.082 / → ヒモ分散。1号艇1着固定で広めのヒモ流し推奨（買い目+2点）', 'tenji_trigger': '展示確認: ヒモ分散レース。1号艇伸び確認後、広めのヒモ流しを採用。穴ヒモ（5・6号艇）を積極的に含める。\n展示で1号艇スタート超安定(0.134秒)→ヒモ固まり方向に注意'}",,,27.4,逃げ狙い,22.19,22.9,2,,,,,,,,,,,
2025-12-31,丸亀,11,3,森安弘雅,A2,38.46,3,▲,10.1175,20.5,82,50.7,0.1718,3.7183,,,0,低,178,0,ま0%,,0,49.5,1.3127,0,0,0.0968,0.0323,0,0.0167,0.1833,0.2,,,B,,,0.1245,0.6065,,0.6431,S,84,0,◎1着固定 2-3着流し（5〜8点）,0.5777,"{'is_target': True, 'verdict': '参加推奨', 'max_combo_prob': 0.0822, 'est_top_odds': 16.2, 'circle_concentration': 68.4, 'eligible_count': 6, 'bet_adj': 2, 'reason': 'rel_win1=61.6%（本命度） / 最有力組み合わせ確率: 0.082（推定実オッズ?16倍） / 2着集中度: 上位2艇 68.4%（補正+0.00） / 総合判定確率: 0.082 / → ヒモ分散。1号艇1着固定で広めのヒモ流し推奨（買い目+2点）', 'tenji_trigger': '展示確認: ヒモ分散レース。1号艇伸び確認後、広めのヒモ流しを採用。穴ヒモ（5・6号艇）を積極的に含める。\n展示で1号艇スタート超安定(0.134秒)→ヒモ固まり方向に注意'}",,,27.4,逃げ狙い,22.19,22.9,2,,,,,,,,,,,
2025-12-31,丸亀,11,4,秋山広一,A2,34.25,4,○,7.2465,14.3,100,50.8,0.1559,3.2131,,,0,低,90,0,-,,0,27.6,0.8017,0,0,0,0,0.0357,0,0.168,0.168,,,C,○,◎,0.227,0.651,0.3376,0.6431,S,84,0,◎1着固定 2-3着流し（5〜8点）,0.5777,"{'is_target': True, 'verdict': '参加推奨', 'max_combo_prob': 0.0822, 'est_top_odds': 16.2, 'circle_concentration': 68.4, 'eligible_count': 6, 'bet_adj': 2, 'reason': 'rel_win1=61.6%（本命度） / 最有力組み合わせ確率: 0.082（推定実オッズ?16倍） / 2着集中度: 上位2艇 68.4%（補正+0.00） / 総合判定確率: 0.082 / → ヒモ分散。1号艇1着固定で広めのヒモ流し推奨（買い目+2点）', 'tenji_trigger': '展示確認: ヒモ分散レース。1号艇伸び確認後、広めのヒモ流しを採用。穴ヒモ（5・6号艇）を積極的に含める。\n展示で1号艇スタート超安定(0.134秒)→ヒモ固まり方向に注意'}",,,27.4,逃げ狙い,22.19,22.9,2,,,,,,,,,,,
2025-12-31,丸亀,11,5,西丸敦基,B1,30.56,5,,2.2672,10.5,97,35,0.1668,3.6667,,,0,低,113,0,-,,0,27.7,1.0286,,,,,,0.0333,0.0667,0.3,,,E,,,0.2059,0.6165,,0.6431,S,84,0,◎1着固定 2-3着流し（5〜8点）,0.5777,"{'is_target': True, 'verdict': '参加推奨', 'max_combo_prob': 0.0822, 'est_top_odds': 16.2, 'circle_concentration': 68.4, 'eligible_count': 6, 'bet_adj': 2, 'reason': 'rel_win1=61.6%（本命度） / 最有力組み合わせ確率: 0.082（推定実オッズ?16倍） / 2着集中度: 上位2艇 68.4%（補正+0.00） / 総合判定確率: 0.082 / → ヒモ分散。1号艇1着固定で広めのヒモ流し推奨（買い目+2点）', 'tenji_trigger': '展示確認: ヒモ分散レース。1号艇伸び確認後、広めのヒモ流しを採用。穴ヒモ（5・6号艇）を積極的に含める。\n展示で1号艇スタート超安定(0.134秒)→ヒモ固まり方向に注意'}",,,27.4,逃げ狙い,22.19,22.9,2,,,,,,,,,,,
2025-12-31,丸亀,11,6,三好勇人,B1,49.30,6,,2.8479,6.8,80,31.9,0.1966,4.4149,,,0,低,88,0,-,,0,100,2.6061,0,0,0,0,0.05,0.0133,0.16,0.0533,,,A,△,,0.135,0.6185,,0.6431,S,84,0,◎1着固定 2-3着流し（5〜8点）,0.5777,"{'is_target': True, 'verdict': '参加推奨', 'max_combo_prob': 0.0822, 'est_top_odds': 16.2, 'circle_concentration': 68.4, 'eligible_count': 6, 'bet_adj': 2, 'reason': 'rel_win1=61.6%（本命度） / 最有力組み合わせ確率: 0.082（推定実オッズ?16倍） / 2着集中度: 上位2艇 68.4%（補正+0.00） / 総合判定確率: 0.082 / → ヒモ分散。1号艇1着固定で広めのヒモ流し推奨（買い目+2点）', 'tenji_trigger': '展示確認: ヒモ分散レース。1号艇伸び確認後、広めのヒモ流しを採用。穴ヒモ（5・6号艇）を積極的に含める。\n展示で1号艇スタート超安定(0.134秒)→ヒモ固まり方向に注意'}",,,27.4,逃げ狙い,22.19,22.9,2,,,,,,,,,,,
2025-12-31,丸亀,12,1,森高一真,A1,53.42,1,◎,58.8164,,0,84,0.1476,3.32,,,0,低,28,0,逃0%,,0,94.7,1.2976,0.5,,,,,0,0.1667,0.3333,○,,A,○,,,0.685,,0.432,S,83,0,◎1着固定 2-3着流し（5〜8点）,0.5777,"{'is_target': True, 'verdict': '参加推奨', 'max_combo_prob': 0.0655, 'est_top_odds': 20.4, 'circle_concentration': 64.0, 'eligible_count': 6, 'bet_adj': 2, 'reason': 'rel_win1=58.8%（本命度） / 最有力組み合わせ確率: 0.065（推定実オッズ?20倍） / 2着集中度: 上位2艇 64.0%（補正+0.00） / 総合判定確率: 0.065 / → ヒモ分散。1号艇1着固定で広めのヒモ流し推奨（買い目+2点）', 'tenji_trigger': '展示確認: ヒモ分散レース。1号艇伸び確認後、広めのヒモ流しを採用。穴ヒモ（5・6号艇）を積極的に含める。'}",,,28.8,逃げ狙い,20.69,28,5,,,,,0,0,0.6155,0,,逃げ軸流し,A
2025-12-31,丸亀,12,2,重成一人,A1,47.14,2,▲,10.3156,36.7,55,63.3,0.1577,3.3333,,,0,低,51,0,-,,0,20.4,0.5979,0,0.0833,0,0,0,0.0533,0.2533,0.0133,,,B,,,0.2171,0.6315,,0.432,S,83,0,◎1着固定 2-3着流し（5〜8点）,0.5777,"{'is_target': True, 'verdict': '参加推奨', 'max_combo_prob': 0.0655, 'est_top_odds': 20.4, 'circle_concentration': 64.0, 'eligible_count': 6, 'bet_adj': 2, 'reason': 'rel_win1=58.8%（本命度） / 最有力組み合わせ確率: 0.065（推定実オッズ?20倍） / 2着集中度: 上位2艇 64.0%（補正+0.00） / 総合判定確率: 0.065 / → ヒモ分散。1号艇1着固定で広めのヒモ流し推奨（買い目+2点）', 'tenji_trigger': '展示確認: ヒモ分散レース。1号艇伸び確認後、広めのヒモ流しを採用。穴ヒモ（5・6号艇）を積極的に含める。'}",,,28.8,逃げ狙い,20.69,28,5,,,,,,,,,,,
2025-12-31,丸亀,12,3,石丸海渡,A1,37.84,3,○,9.9513,27.2,74,63.2,0.1024,2,,,0,低,26,0,ま0% 差ま0%,,0,43.5,1.0188,0,0.0455,0.0455,0.0909,0.0455,0.0792,0.0125,0,,◎,C,◎,,0.4734,0.687,,0.432,S,83,0,◎1着固定 2-3着流し（5〜8点）,0.5777,"{'is_target': True, 'verdict': '参加推奨', 'max_combo_prob': 0.0655, 'est_top_odds': 20.4, 'circle_concentration': 64.0, 'eligible_count': 6, 'bet_adj': 2, 'reason': 'rel_win1=58.8%（本命度） / 最有力組み合わせ確率: 0.065（推定実オッズ?20倍） / 2着集中度: 上位2艇 64.0%（補正+0.00） / 総合判定確率: 0.065 / → ヒモ分散。1号艇1着固定で広めのヒモ流し推奨（買い目+2点）', 'tenji_trigger': '展示確認: ヒモ分散レース。1号艇伸び確認後、広めのヒモ流しを採用。穴ヒモ（5・6号艇）を積極的に含める。'}",,,28.8,逃げ狙い,20.69,28,5,,,,,,,,,,,
2025-12-31,丸亀,12,4,近江翔吾,A1,33.75,4,△,7.5092,25.2,94,77.4,0.1394,2.934,,,0,低,52,0,差0%,,0,54.9,1.1198,0,0.037,0.0741,0,0,0.0811,0.0541,0.027,,,D,△,◎,0.3255,0.6415,0.3947,0.432,S,83,0,◎1着固定 2-3着流し（5〜8点）,0.5777,"{'is_target': True, 'verdict': '参加推奨', 'max_combo_prob': 0.0655, 'est_top_odds': 20.4, 'circle_concentration': 64.0, 'eligible_count': 6, 'bet_adj': 2, 'reason': 'rel_win1=58.8%（本命度） / 最有力組み合わせ確率: 0.065（推定実オッズ?20倍） / 2着集中度: 上位2艇 64.0%（補正+0.00） / 総合判定確率: 0.065 / → ヒモ分散。1号艇1着固定で広めのヒモ流し推奨（買い目+2点）', 'tenji_trigger': '展示確認: ヒモ分散レース。1号艇伸び確認後、広めのヒモ流しを採用。穴ヒモ（5・6号艇）を積極的に含める。'}",,,28.8,逃げ狙い,20.69,28,5,,,,,,,,,,,
2025-12-31,丸亀,12,5,川原祐明,A1,32.14,5,,10.822,6.9,100,64.8,0.1587,3.5741,,,0,低,110,0,差ま0%,,0,51.5,1.0452,0,0.0357,0,0.2143,0,0.0276,0.1014,0.0138,,,E,,○,0.2861,0.6185,0.3796,0.432,S,83,0,◎1着固定 2-3着流し（5〜8点）,0.5777,"{'is_target': True, 'verdict': '参加推奨', 'max_combo_prob': 0.0655, 'est_top_odds': 20.4, 'circle_concentration': 64.0, 'eligible_count': 6, 'bet_adj': 2, 'reason': 'rel_win1=58.8%（本命度） / 最有力組み合わせ確率: 0.065（推定実オッズ?20倍） / 2着集中度: 上位2艇 64.0%（補正+0.00） / 総合判定確率: 0.065 / → ヒモ分散。1号艇1着固定で広めのヒモ流し推奨（買い目+2点）', 'tenji_trigger': '展示確認: ヒモ分散レース。1号艇伸び確認後、広めのヒモ流しを採用。穴ヒモ（5・6号艇）を積極的に含める。'}",,,28.8,逃げ狙い,20.69,28,5,,,,,,,,,,,
2025-12-31,丸亀,12,6,中村晃朋,A1,34.67,6,,2.5856,3.9,62,40,0.163,3.8333,,,0,低,56,0,-,,0,42.5,0.9694,,,,,,0.1745,0,0.1564,,,D,△,,0.2599,0.678,,0.432,S,83,0,◎1着固定 2-3着流し（5〜8点）,0.5777,"{'is_target': True, 'verdict': '参加推奨', 'max_combo_prob': 0.0655, 'est_top_odds': 20.4, 'circle_concentration': 64.0, 'eligible_count': 6, 'bet_adj': 2, 'reason': 'rel_win1=58.8%（本命度） / 最有力組み合わせ確率: 0.065（推定実オッズ?20倍） / 2着集中度: 上位2艇 64.0%（補正+0.00） / 総合判定確率: 0.065 / → ヒモ分散。1号艇1着固定で広めのヒモ流し推奨（買い目+2点）', 'tenji_trigger': '展示確認: ヒモ分散レース。1号艇伸び確認後、広めのヒモ流しを採用。穴ヒモ（5・6号艇）を積極的に含める。'}",,,28.8,逃げ狙い,20.69,28,5,,,,,,,,,,,
2026-01-01,丸亀,1,1,中村桃佳,B1,38.67,1,◎,61.3397,,0,91.3,0.1557,2.7391,,,0,低,41,0,逃1%,2,0,78.6,1.1656,0.4706,,,,,0.0471,0.0706,0.2706,◎,,C,◎,,,0.6205,,0.5241,S,100,0,◎1着固定 2-3着流し（5〜8点）,0.5777,"{'is_target': True, 'verdict': '点数絞り', 'max_combo_prob': 0.1036, 'est_top_odds': 12.9, 'circle_concentration': 79.9, 'eligible_count': 6, 'bet_adj': 0, 'reason': 'rel_win1=61.3%（本命度） / 最有力組み合わせ確率: 0.104（推定実オッズ?13倍） / 2着集中度: 上位2艇 79.9%（補正+0.04） / 総合判定確率: 0.144 / → ヒモはやや固め。上位2艇以外を切ること', 'tenji_trigger': '展示確認: 1号艇伸び良→そのまま採用。悪→飛び組に差し替え。circle_pct上位2艇に絞り込むこと。'}",,,26.6,逃げ狙い,12.16,29,2,,,,,0,0,0.7559,0,,逃げ軸流し,A
2026-01-01,丸亀,1,2,谷口佳蓮,B1,35.62,2,△,13.2988,42.5,100,50,0.158,3.8,,,0,低,45,0,-,6,0,36.1,0.8341,0,0.1176,0,0,0,0.1091,0,0.2727,,,D,△,,0.3036,0.5715,,0.5241,S,100,0,◎1着固定 2-3着流し（5〜8点）,0.5777,"{'is_target': True, 'verdict': '点数絞り', 'max_combo_prob': 0.1036, 'est_top_odds': 12.9, 'circle_concentration': 79.9, 'eligible_count': 6, 'bet_adj': 0, 'reason': 'rel_win1=61.3%（本命度） / 最有力組み合わせ確率: 0.104（推定実オッズ?13倍） / 2着集中度: 上位2艇 79.9%（補正+0.04） / 総合判定確率: 0.144 / → ヒモはやや固め。上位2艇以外を切ること', 'tenji_trigger': '展示確認: 1号艇伸び良→そのまま採用。悪→飛び組に差し替え。circle_pct上位2艇に絞り込むこと。'}",,,26.6,逃げ狙い,12.16,29,2,,,,,,,,,,,
2026-01-01,丸亀,1,3,門田　栞,B1,25.35,3,,9.103,37.4,87,59.5,0.1586,3.5946,,,0,低,76,0,-,1,0,36.8,0.9044,0,0.0526,0,0.0526,0,0.2308,0.3077,0,,,E,,,0.273,0.5145,,0.5241,S,100,0,◎1着固定 2-3着流し（5〜8点）,0.5777,"{'is_target': True, 'verdict': '点数絞り', 'max_combo_prob': 0.1036, 'est_top_odds': 12.9, 'circle_concentration': 79.9, 'eligible_count': 6, 'bet_adj': 0, 'reason': 'rel_win1=61.3%（本命度） / 最有力組み合わせ確率: 0.104（推定実オッズ?13倍） / 2着集中度: 上位2艇 79.9%（補正+0.04） / 総合判定確率: 0.144 / → ヒモはやや固め。上位2艇以外を切ること', 'tenji_trigger': '展示確認: 1号艇伸び良→そのまま採用。悪→飛び組に差し替え。circle_pct上位2艇に絞り込むこと。'}",,,26.6,逃げ狙い,12.16,29,2,,,,,,,,,,,
2026-01-01,丸亀,1,4,大廣咲季,B1,37.14,4,,10.3397,8,47,17.3,0.1679,3.5481,,,0,低,81,0,-,6,0,100,3.2591,0,0,0.1053,0,0,0.3333,0.3333,0,,,C,△,,0.2591,0.543,,0.5241,S,100,0,◎1着固定 2-3着流し（5〜8点）,0.5777,"{'is_target': True, 'verdict': '点数絞り', 'max_combo_prob': 0.1036, 'est_top_odds': 12.9, 'circle_concentration': 79.9, 'eligible_count': 6, 'bet_adj': 0, 'reason': 'rel_win1=61.3%（本命度） / 最有力組み合わせ確率: 0.104（推定実オッズ?13倍） / 2着集中度: 上位2艇 79.9%（補正+0.04） / 総合判定確率: 0.144 / → ヒモはやや固め。上位2艇以外を切ること', 'tenji_trigger': '展示確認: 1号艇伸び良→そのまま採用。悪→飛び組に差し替え。circle_pct上位2艇に絞り込むこと。'}",,,26.6,逃げ狙い,12.16,29,2,,,,,,,,,,,
2026-01-01,丸亀,1,5,三嶌さら,B1,41.43,5,▲,4.5334,10.1,38,16.7,0.1812,4.381,,,0,低,82,0,-,5,0,30.9,0.6671,,,,,,0,0.25,0,,,B,○,,0.2296,0.576,,0.5241,S,100,0,◎1着固定 2-3着流し（5〜8点）,0.5777,"{'is_target': True, 'verdict': '点数絞り', 'max_combo_prob': 0.1036, 'est_top_odds': 12.9, 'circle_concentration': 79.9, 'eligible_count': 6, 'bet_adj': 0, 'reason': 'rel_win1=61.3%（本命度） / 最有力組み合わせ確率: 0.104（推定実オッズ?13倍） / 2着集中度: 上位2艇 79.9%（補正+0.04） / 総合判定確率: 0.144 / → ヒモはやや固め。上位2艇以外を切ること', 'tenji_trigger': '展示確認: 1号艇伸び良→そのまま採用。悪→飛び組に差し替え。circle_pct上位2艇に絞り込むこと。'}",,,26.6,逃げ狙い,12.16,29,2,,,,,,,,,,,
2026-01-01,丸亀,1,6,中澤里桜,B2,45.21,6,○,1.3854,2,47,4.3,0.2217,4.5435,,,0,低,12,0,-,66,0,25,0.6572,,,,,,,,,,,B,,,0.135,0.4195,,0.5241,S,100,0,◎1着固定 2-3着流し（5〜8点）,0.5777,"{'is_target': True, 'verdict': '点数絞り', 'max_combo_prob': 0.1036, 'est_top_odds': 12.9, 'circle_concentration': 79.9, 'eligible_count': 6, 'bet_adj': 0, 'reason': 'rel_win1=61.3%（本命度） / 最有力組み合わせ確率: 0.104（推定実オッズ?13倍） / 2着集中度: 上位2艇 79.9%（補正+0.04） / 総合判定確率: 0.144 / → ヒモはやや固め。上位2艇以外を切ること', 'tenji_trigger': '展示確認: 1号艇伸び良→そのまま採用。悪→飛び組に差し替え。circle_pct上位2艇に絞り込むこと。'}",,,26.6,逃げ狙い,12.16,29,2,,,,,,,,,,,
2026-01-01,丸亀,2,1,川上清人,B1,38.75,1,◎,46.3107,,0,73.3,0.1593,2.9778,,,0,低,150,0,逃0%,5,0,100,1.5849,0.3333,,,,,0.3733,0.0381,0.1962,○,,B,,,,0.595,,0.4278,B,57,0,◎○△フォーメーション（15〜20点）,0.5777,"{'is_target': True, 'verdict': '参加推奨', 'max_combo_prob': 0.0528, 'est_top_odds': 25.3, 'circle_concentration': 62.0, 'eligible_count': 9, 'bet_adj': 2, 'reason': 'rel_win1=46.3%（本命度） / 最有力組み合わせ確率: 0.053（推定実オッズ?25倍） / 2着集中度: 上位2艇 62.0%（補正+0.00） / 総合判定確率: 0.053 / → ヒモ分散。1号艇1着固定で広めのヒモ流し推奨（買い目+2点）', 'tenji_trigger': '展示確認: ヒモ分散レース。1号艇伸び確認後、広めのヒモ流しを採用。穴ヒモ（5・6号艇）を積極的に含める。'}",,,31.8,両建て推奨,19.06,38,4,,,,,0,0,0.6155,0,,逃げ軸流し,A
2026-01-01,丸亀,2,2,木村光宏,B1,34.09,2,,10.5255,34.1,100,46,0.1772,3.7,,,0,低,99,0,-,1,0,52.5,0.6841,0,0.0455,0,0,0,0.3952,0.3571,0.0571,,,D,△,,0.1858,0.6335,,0.4278,B,57,0,◎○△フォーメーション（15〜20点）,0.5777,"{'is_target': True, 'verdict': '参加推奨', 'max_combo_prob': 0.0528, 'est_top_odds': 25.3, 'circle_concentration': 62.0, 'eligible_count': 9, 'bet_adj': 2, 'reason': 'rel_win1=46.3%（本命度） / 最有力組み合わせ確率: 0.053（推定実オッズ?25倍） / 2着集中度: 上位2艇 62.0%（補正+0.00） / 総合判定確率: 0.053 / → ヒモ分散。1号艇1着固定で広めのヒモ流し推奨（買い目+2点）', 'tenji_trigger': '展示確認: ヒモ分散レース。1号艇伸び確認後、広めのヒモ流しを採用。穴ヒモ（5・6号艇）を積極的に含める。'}",,,31.8,両建て推奨,19.06,38,4,,,,,,,,,,,
2026-01-01,丸亀,2,3,吉永泰弘,B1,48.00,3,▲,12.0054,18.5,50,33.9,0.1642,3.6129,,,0,低,137,0,-,2,0,70.1,1.5862,,,,,,0.2376,0.4541,0.0235,,,A,◎,,0.3145,0.6525,,0.4278,B,57,0,◎○△フォーメーション（15〜20点）,0.5777,"{'is_target': True, 'verdict': '参加推奨', 'max_combo_prob': 0.0528, 'est_top_odds': 25.3, 'circle_concentration': 62.0, 'eligible_count': 9, 'bet_adj': 2, 'reason': 'rel_win1=46.3%（本命度） / 最有力組み合わせ確率: 0.053（推定実オッズ?25倍） / 2着集中度: 上位2艇 62.0%（補正+0.00） / 総合判定確率: 0.053 / → ヒモ分散。1号艇1着固定で広めのヒモ流し推奨（買い目+2点）', 'tenji_trigger': '展示確認: ヒモ分散レース。1号艇伸び確認後、広めのヒモ流しを採用。穴ヒモ（5・6号艇）を積極的に含める。'}",,,31.8,両建て推奨,19.06,38,4,,,,,,,,,,,
2026-01-01,丸亀,2,4,竹田和哉,A1,38.67,4,○,20.7057,28,87,66.7,0.1619,3.3958,,,0,低,106,0,-,4,0,60.6,1.2726,0,0.1364,0.0909,0,0,0.116,0.116,0,,,C,△,◎,0.3029,0.6415,0.3612,0.4278,B,57,0,◎○△フォーメーション（15〜20点）,0.5777,"{'is_target': True, 'verdict': '参加推奨', 'max_combo_prob': 0.0528, 'est_top_odds': 25.3, 'circle_concentration': 62.0, 'eligible_count': 9, 'bet_adj': 2, 'reason': 'rel_win1=46.3%（本命度） / 最有力組み合わせ確率: 0.053（推定実オッズ?25倍） / 2着集中度: 上位2艇 62.0%（補正+0.00） / 総合判定確率: 0.053 / → ヒモ分散。1号艇1着固定で広めのヒモ流し推奨（買い目+2点）', 'tenji_trigger': '展示確認: ヒモ分散レース。1号艇伸び確認後、広めのヒモ流しを採用。穴ヒモ（5・6号艇）を積極的に含める。'}",,,31.8,両建て推奨,19.06,38,4,,,,,,,,,,,
2026-01-01,丸亀,2,5,秋山広一,A2,34.25,5,△,9.3021,16.3,87,50,0.1584,3.58,,,0,低,90,0,-,22,0,28.7,1.1121,0,0,0.0526,0.1579,0,0,0.168,0.168,,,D,○,○,0.32,0.651,0.3561,0.4278,B,57,0,◎○△フォーメーション（15〜20点）,0.5777,"{'is_target': True, 'verdict': '参加推奨', 'max_combo_prob': 0.0528, 'est_top_odds': 25.3, 'circle_concentration': 62.0, 'eligible_count': 9, 'bet_adj': 2, 'reason': 'rel_win1=46.3%（本命度） / 最有力組み合わせ確率: 0.053（推定実オッズ?25倍） / 2着集中度: 上位2艇 62.0%（補正+0.00） / 総合判定確率: 0.053 / → ヒモ分散。1号艇1着固定で広めのヒモ流し推奨（買い目+2点）', 'tenji_trigger': '展示確認: ヒモ分散レース。1号艇伸び確認後、広めのヒモ流しを採用。穴ヒモ（5・6号艇）を積極的に含める。'}",,,31.8,両建て推奨,19.06,38,4,,,,,,,,,,,
2026-01-01,丸亀,2,6,小野寺智,B1,35.14,6,,1.1505,3.2,36,27.6,0.1712,3.75,,,0,低,79,0,-,2,0,40,0.9436,,,,,,0.1217,0.0174,0.3096,,,D,,,0.2777,0.6185,,0.4278,B,57,0,◎○△フォーメーション（15〜20点）,0.5777,"{'is_target': True, 'verdict': '参加推奨', 'max_combo_prob': 0.0528, 'est_top_odds': 25.3, 'circle_concentration': 62.0, 'eligible_count': 9, 'bet_adj': 2, 'reason': 'rel_win1=46.3%（本命度） / 最有力組み合わせ確率: 0.053（推定実オッズ?25倍） / 2着集中度: 上位2艇 62.0%（補正+0.00） / 総合判定確率: 0.053 / → ヒモ分散。1号艇1着固定で広めのヒモ流し推奨（買い目+2点）', 'tenji_trigger': '展示確認: ヒモ分散レース。1号艇伸び確認後、広めのヒモ流しを採用。穴ヒモ（5・6号艇）を積極的に含める。'}",,,31.8,両建て推奨,19.06,38,4,,,,,,,,,,,
2026-01-01,丸亀,3,1,西岡蒼志,B1,46.67,1,◎,50.5932,,0,75,0.1237,3.375,,,0,低,79,1,逃1%,S,0,92.1,1.2319,0.625,,,,,0,0.27,0,◎⚠️,,A,,,,0.528,,0.5297,A,66,0,◎-○軸 3着3〜4艇流し（10〜15点）,0.5777,"{'is_target': True, 'verdict': '参加推奨', 'max_combo_prob': 0.0579, 'est_top_odds': 23.0, 'circle_concentration': 69.3, 'eligible_count': 8, 'bet_adj': 2, 'reason': 'rel_win1=50.6%（本命度） / 最有力組み合わせ確率: 0.058（推定実オッズ?23倍） / 2着集中度: 上位2艇 69.3%（補正+0.00） / 総合判定確率: 0.058 / → ヒモ分散。1号艇1着固定で広めのヒモ流し推奨（買い目+2点）', 'tenji_trigger': '展示確認: ヒモ分散レース。1号艇伸び確認後、広めのヒモ流しを採用。穴ヒモ（5・6号艇）を積極的に含める。\n展示で1号艇スタート超安定(0.124秒)→ヒモ固まり方向に注意'}",,,28.3,逃げ狙い,18.77,28.2,3,4-3-5|4-5-3|4-5-1|4-5-6|4-3-1|4-3-6|4-6-5|4-1-3|4-1-2|4-1-5|1-3-4,4-3-5|4-5-3|4-5-1|4-5-6|4-3-1|4-3-6|4-6-5|4-1-3|4-1-2|4-1-5|2-1-3|1-3-4,4-3-5:1.01%|4-5-3:0.76%|4-5-1:0.72%|4-5-6:0.71%|4-3-1:0.54%|4-3-6:0.53%|4-6-5:0.37%|4-1-3:23.84%|4-1-2:9.97%|4-1-5:8.05%|1-3-4:4.7%,4-3-5:B_main|4-5-3:B_main|4-5-1:B_main|4-5-6:B_main|4-3-1:B_main|4-3-6:B_main|4-6-5:B_main|4-1-3:B_sc|4-1-2:B_sc|4-1-5:B_sc|1-3-4:A,11,12,0.4535,1,[!]見送り推奨（主役決まり手「まくり」― 逃げ劣勢レースで的中実績なし）,主役軸流し,B
2026-01-01,丸亀,3,2,上田隆章,B1,35.71,2,,13.1874,33.9,80,59.4,0.1919,4.2681,,,0,低,192,0,-,42,0,44.8,0.769,0,0.0909,0.0303,0,0,0.3,0.22,0.1,,,C,,,0.0682,0.5515,,0.5297,A,66,0,◎-○軸 3着3〜4艇流し（10〜15点）,0.5777,"{'is_target': True, 'verdict': '参加推奨', 'max_combo_prob': 0.0579, 'est_top_odds': 23.0, 'circle_concentration': 69.3, 'eligible_count': 8, 'bet_adj': 2, 'reason': 'rel_win1=50.6%（本命度） / 最有力組み合わせ確率: 0.058（推定実オッズ?23倍） / 2着集中度: 上位2艇 69.3%（補正+0.00） / 総合判定確率: 0.058 / → ヒモ分散。1号艇1着固定で広めのヒモ流し推奨（買い目+2点）', 'tenji_trigger': '展示確認: ヒモ分散レース。1号艇伸び確認後、広めのヒモ流しを採用。穴ヒモ（5・6号艇）を積極的に含める。\n展示で1号艇スタート超安定(0.124秒)→ヒモ固まり方向に注意'}",,,28.3,逃げ狙い,18.77,28.2,3,,,,,,,,,,,
2026-01-01,丸亀,3,3,近江翔吾,A1,33.75,3,○,17.1661,35.5,100,76.1,0.1315,2.5,,,0,低,52,0,ま0% 差ま0%,45,0,46.2,1.0813,0,0,0.0909,0.0909,0.0455,0.0811,0.0541,0.027,,,D,◎,,0.2653,0.6415,,0.5297,A,66,0,◎-○軸 3着3〜4艇流し（10〜15点）,0.5777,"{'is_target': True, 'verdict': '参加推奨', 'max_combo_prob': 0.0579, 'est_top_odds': 23.0, 'circle_concentration': 69.3, 'eligible_count': 8, 'bet_adj': 2, 'reason': 'rel_win1=50.6%（本命度） / 最有力組み合わせ確率: 0.058（推定実オッズ?23倍） / 2着集中度: 上位2艇 69.3%（補正+0.00） / 総合判定確率: 0.058 / → ヒモ分散。1号艇1着固定で広めのヒモ流し推奨（買い目+2点）', 'tenji_trigger': '展示確認: ヒモ分散レース。1号艇伸び確認後、広めのヒモ流しを採用。穴ヒモ（5・6号艇）を積極的に含める。\n展示で1号艇スタート超安定(0.124秒)→ヒモ固まり方向に注意'}",,,28.3,逃げ狙い,18.77,28.2,3,,,,,,,,,,,
2026-01-01,丸亀,3,4,水谷理人,B1,28.40,4,,13.7079,16.5,90,55,0.169,3.075,,,0,低,64,0,-,6,0,42.6,0.9138,0,0,0.1,0,0.05,0.0533,0.28,0.0267,,,E,△,◎,0.1279,0.569,0.33,0.5297,A,66,0,◎-○軸 3着3〜4艇流し（10〜15点）,0.5777,"{'is_target': True, 'verdict': '参加推奨', 'max_combo_prob': 0.0579, 'est_top_odds': 23.0, 'circle_concentration': 69.3, 'eligible_count': 8, 'bet_adj': 2, 'reason': 'rel_win1=50.6%（本命度） / 最有力組み合わせ確率: 0.058（推定実オッズ?23倍） / 2着集中度: 上位2艇 69.3%（補正+0.00） / 総合判定確率: 0.058 / → ヒモ分散。1号艇1着固定で広めのヒモ流し推奨（買い目+2点）', 'tenji_trigger': '展示確認: ヒモ分散レース。1号艇伸び確認後、広めのヒモ流しを採用。穴ヒモ（5・6号艇）を積極的に含める。\n展示で1号艇スタート超安定(0.124秒)→ヒモ固まり方向に注意'}",,,28.3,逃げ狙い,18.77,28.2,3,,,,,,,,,,,
2026-01-01,丸亀,3,5,松尾　祭,A2,42.47,5,▲,4.3457,13.5,73,40.7,0.1924,4.3559,,,0,低,144,0,差ま0%,54,0,23.3,0.9874,0,0,0,0.0385,0,0.1086,0.0654,0.2501,,,B,○,,0.1056,0.6215,,0.5297,A,66,0,◎-○軸 3着3〜4艇流し（10〜15点）,0.5777,"{'is_target': True, 'verdict': '参加推奨', 'max_combo_prob': 0.0579, 'est_top_odds': 23.0, 'circle_concentration': 69.3, 'eligible_count': 8, 'bet_adj': 2, 'reason': 'rel_win1=50.6%（本命度） / 最有力組み合わせ確率: 0.058（推定実オッズ?23倍） / 2着集中度: 上位2艇 69.3%（補正+0.00） / 総合判定確率: 0.058 / → ヒモ分散。1号艇1着固定で広めのヒモ流し推奨（買い目+2点）', 'tenji_trigger': '展示確認: ヒモ分散レース。1号艇伸び確認後、広めのヒモ流しを採用。穴ヒモ（5・6号艇）を積極的に含める。\n展示で1号艇スタート超安定(0.124秒)→ヒモ固まり方向に注意'}",,,28.3,逃げ狙い,18.77,28.2,3,,,,,,,,,,,
2026-01-01,丸亀,3,6,下田哲也,B1,37.80,6,△,0.9997,0.7,36,8.9,0.1876,4.5667,,,0,低,104,0,-,15,0,22.5,0.5819,,,,,,0.3333,0.1667,0.25,,,C,△,,0.1388,0.615,,0.5297,A,66,0,◎-○軸 3着3〜4艇流し（10〜15点）,0.5777,"{'is_target': True, 'verdict': '参加推奨', 'max_combo_prob': 0.0579, 'est_top_odds': 23.0, 'circle_concentration': 69.3, 'eligible_count': 8, 'bet_adj': 2, 'reason': 'rel_win1=50.6%（本命度） / 最有力組み合わせ確率: 0.058（推定実オッズ?23倍） / 2着集中度: 上位2艇 69.3%（補正+0.00） / 総合判定確率: 0.058 / → ヒモ分散。1号艇1着固定で広めのヒモ流し推奨（買い目+2点）', 'tenji_trigger': '展示確認: ヒモ分散レース。1号艇伸び確認後、広めのヒモ流しを採用。穴ヒモ（5・6号艇）を積極的に含める。\n展示で1号艇スタート超安定(0.124秒)→ヒモ固まり方向に注意'}",,,28.3,逃げ狙い,18.77,28.2,3,,,,,,,,,,,
2026-01-01,丸亀,4,1,西丸敦基,B1,30.56,1,◎,53.0459,,0,87.5,0.1806,3.1562,,,0,低,113,0,逃0%,13,0,65.9,1.0951,0.5,,,,,0.0333,0.0667,0.3,○⚠️,,D,△,,,0.6165,,0.4046,S,80,0,◎1着固定 2-3着流し（5〜8点）,0.5777,"{'is_target': True, 'verdict': '点数絞り', 'max_combo_prob': 0.085, 'est_top_odds': 15.7, 'circle_concentration': 81.2, 'eligible_count': 6, 'bet_adj': 0, 'reason': 'rel_win1=53.0%（本命度） / 最有力組み合わせ確率: 0.085（推定実オッズ?16倍） / 2着集中度: 上位2艇 81.2%（補正+0.04） / 総合判定確率: 0.125 / → ヒモはやや固め。上位2艇以外を切ること', 'tenji_trigger': '展示確認: 1号艇伸び良→そのまま採用。悪→飛び組に差し替え。circle_pct上位2艇に絞り込むこと。\n展示で1号艇スタート遅め(0.181秒)確認→ヒモが荒れやすい'}",,,27.8,逃げ狙い,14.51,30.6,2,3-1-4|3-1-5|3-1-6|3-4-1|3-5-1|3-4-5|3-4-6|1-3-4|1-3-5|1-2-4|3-1-2|1-2-3,3-1-4|3-1-5|3-1-6|3-4-1|3-5-1|3-4-5|3-4-6|1-3-4|1-3-5|1-2-4|3-1-2|1-2-3,3-1-4:2.17%|3-1-5:1.24%|3-1-6:0.86%|3-4-1:0.83%|3-5-1:0.29%|3-4-5:0.16%|3-4-6:0.11%|1-3-4:6.7%|1-3-5:5.69%|1-2-4:5.33%|3-1-2:4.92%|1-2-3:4.84%,3-1-4:B_main|3-1-5:B_main|3-1-6:B_main|3-4-1:B_main|3-5-1:B_main|3-4-5:B_main|3-4-6:B_main|1-3-4:A|1-3-5:A|1-2-4:A|3-1-2:B_sc|1-2-3:A,12,12,0.4535,1,[!]見送り推奨（主役決まり手「まくり差し」― 逃げ劣勢レースで的中実績なし）,主役軸流し,B
2026-01-01,丸亀,4,2,妻鳥晋也,B1,31.51,2,,16.1052,38.4,53,58.3,0.1983,4.725,,,0,低,151,0,差0%,36,0,60.5,1.4691,0,0.12,0,0,0,0.25,0.21,0.23,,,D,△,,0.1502,0.601,,0.4046,S,80,0,◎1着固定 2-3着流し（5〜8点）,0.5777,"{'is_target': True, 'verdict': '点数絞り', 'max_combo_prob': 0.085, 'est_top_odds': 15.7, 'circle_concentration': 81.2, 'eligible_count': 6, 'bet_adj': 0, 'reason': 'rel_win1=53.0%（本命度） / 最有力組み合わせ確率: 0.085（推定実オッズ?16倍） / 2着集中度: 上位2艇 81.2%（補正+0.04） / 総合判定確率: 0.125 / → ヒモはやや固め。上位2艇以外を切ること', 'tenji_trigger': '展示確認: 1号艇伸び良→そのまま採用。悪→飛び組に差し替え。circle_pct上位2艇に絞り込むこと。\n展示で1号艇スタート遅め(0.181秒)確認→ヒモが荒れやすい'}",,,27.8,逃げ狙い,14.51,30.6,2,,,,,,,,,,,
2026-01-01,丸亀,4,3,宮崎　奨,A2,38.03,3,▲,16.6548,42.8,72,70.4,0.1585,3.5,,,0,低,134,0,-,1,0,46.4,1.2223,0,0,0,0.0952,0.0476,0.0343,0.1571,0.2686,,◎,B,◎,,0.4082,0.658,,0.4046,S,80,0,◎1着固定 2-3着流し（5〜8点）,0.5777,"{'is_target': True, 'verdict': '点数絞り', 'max_combo_prob': 0.085, 'est_top_odds': 15.7, 'circle_concentration': 81.2, 'eligible_count': 6, 'bet_adj': 0, 'reason': 'rel_win1=53.0%（本命度） / 最有力組み合わせ確率: 0.085（推定実オッズ?16倍） / 2着集中度: 上位2艇 81.2%（補正+0.04） / 総合判定確率: 0.125 / → ヒモはやや固め。上位2艇以外を切ること', 'tenji_trigger': '展示確認: 1号艇伸び良→そのまま採用。悪→飛び組に差し替え。circle_pct上位2艇に絞り込むこと。\n展示で1号艇スタート遅め(0.181秒)確認→ヒモが荒れやすい'}",,,27.8,逃げ狙い,14.51,30.6,2,,,,,,,,,,,
2026-01-01,丸亀,4,4,越智照浩,B2,25.00,4,,6.0675,2.8,100,35.2,0.1756,3.8796,,,0,低,133,0,-,34,0,100,3.8766,,,,,,0.2,0.35,0.05,,,E,,,0.331,0.563,,0.4046,S,80,0,◎1着固定 2-3着流し（5〜8点）,0.5777,"{'is_target': True, 'verdict': '点数絞り', 'max_combo_prob': 0.085, 'est_top_odds': 15.7, 'circle_concentration': 81.2, 'eligible_count': 6, 'bet_adj': 0, 'reason': 'rel_win1=53.0%（本命度） / 最有力組み合わせ確率: 0.085（推定実オッズ?16倍） / 2着集中度: 上位2艇 81.2%（補正+0.04） / 総合判定確率: 0.125 / → ヒモはやや固め。上位2艇以外を切ること', 'tenji_trigger': '展示確認: 1号艇伸び良→そのまま採用。悪→飛び組に差し替え。circle_pct上位2艇に絞り込むこと。\n展示で1号艇スタート遅め(0.181秒)確認→ヒモが荒れやすい'}",,,27.8,逃げ狙い,14.51,30.6,2,,,,,,,,,,,
2026-01-01,丸亀,4,5,宮武英司,B1,60.27,5,○,5.1796,9.2,39,29.1,0.1531,3.2545,,,0,低,89,0,差ま0%,3,0,55.9,1.2429,0,0,0,0.0476,0,0.4889,0.0222,0.0222,,,A,◎,,0.3694,0.658,,0.4046,S,80,0,◎1着固定 2-3着流し（5〜8点）,0.5777,"{'is_target': True, 'verdict': '点数絞り', 'max_combo_prob': 0.085, 'est_top_odds': 15.7, 'circle_concentration': 81.2, 'eligible_count': 6, 'bet_adj': 0, 'reason': 'rel_win1=53.0%（本命度） / 最有力組み合わせ確率: 0.085（推定実オッズ?16倍） / 2着集中度: 上位2艇 81.2%（補正+0.04） / 総合判定確率: 0.125 / → ヒモはやや固め。上位2艇以外を切ること', 'tenji_trigger': '展示確認: 1号艇伸び良→そのまま採用。悪→飛び組に差し替え。circle_pct上位2艇に絞り込むこと。\n展示で1号艇スタート遅め(0.181秒)確認→ヒモが荒れやすい'}",,,27.8,逃げ狙い,14.51,30.6,2,,,,,,,,,,,
2026-01-01,丸亀,4,6,西岡顕心,A1,31.94,6,△,2.947,6.8,75,57.1,0.1771,4.1857,,,0,低,55,0,-,21,0,29.7,0.8122,,,,,,0,0.0714,0,,,C,○,,0.3246,0.6245,,0.4046,S,80,0,◎1着固定 2-3着流し（5〜8点）,0.5777,"{'is_target': True, 'verdict': '点数絞り', 'max_combo_prob': 0.085, 'est_top_odds': 15.7, 'circle_concentration': 81.2, 'eligible_count': 6, 'bet_adj': 0, 'reason': 'rel_win1=53.0%（本命度） / 最有力組み合わせ確率: 0.085（推定実オッズ?16倍） / 2着集中度: 上位2艇 81.2%（補正+0.04） / 総合判定確率: 0.125 / → ヒモはやや固め。上位2艇以外を切ること', 'tenji_trigger': '展示確認: 1号艇伸び良→そのまま採用。悪→飛び組に差し替え。circle_pct上位2艇に絞り込むこと。\n展示で1号艇スタート遅め(0.181秒)確認→ヒモが荒れやすい'}",,,27.8,逃げ狙い,14.51,30.6,2,,,,,,,,,,,
2026-01-01,丸亀,5,1,石井伸長,B1,56.94,1,◎,49.4499,,0,25,0.245,5.25,,,0,低,79,1,-,5,0,87.7,1.3778,,,,,,0,0.5,0.25,,,A,,,,0.5655,,-0.0856,D,22,1,大荒れ。見送り推奨,0.5777,"{'is_target': True, 'verdict': '参加推奨', 'max_combo_prob': 0.0669, 'est_top_odds': 19.9, 'circle_concentration': 69.2, 'eligible_count': 6, 'bet_adj': 2, 'reason': 'rel_win1=49.4%（本命度） / 最有力組み合わせ確率: 0.067（推定実オッズ?20倍） / 2着集中度: 上位2艇 69.2%（補正+0.00） / 総合判定確率: 0.067 / → ヒモ分散。1号艇1着固定で広めのヒモ流し推奨（買い目+2点）', 'tenji_trigger': '展示確認: ヒモ分散レース。1号艇伸び確認後、広めのヒモ流しを採用。穴ヒモ（5・6号艇）を積極的に含める。\n展示で1号艇スタート遅め(0.245秒)確認→ヒモが荒れやすい'}",,,37.6,両建て推奨,19.82,39.6,4,2-1-3|2-1-4|2-1-6|2-3-1|2-6-1|2-3-4|2-6-3|1-2-4|2-1-5|1-2-6|1-3-2,2-1-3|2-1-4|2-1-6|2-3-1|2-6-1|2-3-4|2-6-3|1-2-4|2-1-5|1-2-6|5-1-6|1-3-2,2-1-3:2.6%|2-1-4:2.32%|2-1-6:1.33%|2-3-1:0.79%|2-6-1:0.49%|2-3-4:0.48%|2-6-3:0.33%|1-2-4:5.21%|2-1-5:4.95%|1-2-6:4.7%|1-3-2:3.87%,2-1-3:B_main|2-1-4:B_main|2-1-6:B_main|2-3-1:B_main|2-6-1:B_main|2-3-4:B_main|2-6-3:B_main|1-2-4:A|2-1-5:B_sc|1-2-6:A|1-3-2:A,11,12,0.2915,1,[!]見送り推奨（主役決まり手「差し」― 逃げ劣勢レースで的中実績なし）,主役軸流し,B
2026-01-01,丸亀,5,2,木谷賢太,A2,24.00,2,△,16.1856,46.8,100,76.4,0.152,3.5909,,,0,低,107,0,差0%,3,0,100,0.9066,0,0.25,0.0357,0,0,0.0343,0.0114,0.1957,,◎,E,◎,,0.6059,0.663,,-0.0856,D,22,1,大荒れ。見送り推奨,0.5777,"{'is_target': True, 'verdict': '参加推奨', 'max_combo_prob': 0.0669, 'est_top_odds': 19.9, 'circle_concentration': 69.2, 'eligible_count': 6, 'bet_adj': 2, 'reason': 'rel_win1=49.4%（本命度） / 最有力組み合わせ確率: 0.067（推定実オッズ?20倍） / 2着集中度: 上位2艇 69.2%（補正+0.00） / 総合判定確率: 0.067 / → ヒモ分散。1号艇1着固定で広めのヒモ流し推奨（買い目+2点）', 'tenji_trigger': '展示確認: ヒモ分散レース。1号艇伸び確認後、広めのヒモ流しを採用。穴ヒモ（5・6号艇）を積極的に含める。\n展示で1号艇スタート遅め(0.245秒)確認→ヒモが荒れやすい'}",,,37.6,両建て推奨,19.82,39.6,4,,,,,,,,,,,
2026-01-01,丸亀,5,3,塩田雄一,B1,30.99,3,,7.0534,22.4,98,50.8,0.1792,3.8077,,,0,低,147,0,-,22,0,34.8,1.0802,0,0,0.0455,0,0,0.4143,0.0952,0.2071,,,D,,,0.4526,0.5565,,-0.0856,D,22,1,大荒れ。見送り推奨,0.5777,"{'is_target': True, 'verdict': '参加推奨', 'max_combo_prob': 0.0669, 'est_top_odds': 19.9, 'circle_concentration': 69.2, 'eligible_count': 6, 'bet_adj': 2, 'reason': 'rel_win1=49.4%（本命度） / 最有力組み合わせ確率: 0.067（推定実オッズ?20倍） / 2着集中度: 上位2艇 69.2%（補正+0.00） / 総合判定確率: 0.067 / → ヒモ分散。1号艇1着固定で広めのヒモ流し推奨（買い目+2点）', 'tenji_trigger': '展示確認: ヒモ分散レース。1号艇伸び確認後、広めのヒモ流しを採用。穴ヒモ（5・6号艇）を積極的に含める。\n展示で1号艇スタート遅め(0.245秒)確認→ヒモが荒れやすい'}",,,37.6,両建て推奨,19.82,39.6,4,,,,,,,,,,,
2026-01-01,丸亀,5,4,西村美智,B2,39.74,4,○,17.5372,17.8,79,54.5,0.1291,2.6818,,,0,低,25,1,ま0%,13,0,68.1,1.4536,0,0,0.1111,0,0,0.1111,0.1111,0.1111,,△,B,△,,0.484,0.6285,,-0.0856,D,22,1,大荒れ。見送り推奨,0.5777,"{'is_target': True, 'verdict': '参加推奨', 'max_combo_prob': 0.0669, 'est_top_odds': 19.9, 'circle_concentration': 69.2, 'eligible_count': 6, 'bet_adj': 2, 'reason': 'rel_win1=49.4%（本命度） / 最有力組み合わせ確率: 0.067（推定実オッズ?20倍） / 2着集中度: 上位2艇 69.2%（補正+0.00） / 総合判定確率: 0.067 / → ヒモ分散。1号艇1着固定で広めのヒモ流し推奨（買い目+2点）', 'tenji_trigger': '展示確認: ヒモ分散レース。1号艇伸び確認後、広めのヒモ流しを採用。穴ヒモ（5・6号艇）を積極的に含める。\n展示で1号艇スタート遅め(0.245秒)確認→ヒモが荒れやすい'}",,,37.6,両建て推奨,19.82,39.6,4,,,,,,,,,,,
2026-01-01,丸亀,5,5,大西隆洋,B1,38.27,5,▲,6.7296,5.6,86,24.1,0.136,2.7328,,,0,低,103,0,-,14,0,32.6,2.2398,0,0,0,0.0833,0,0.3077,0.0769,0.3077,,,C,△,,0.4664,0.6055,,-0.0856,D,22,1,大荒れ。見送り推奨,0.5777,"{'is_target': True, 'verdict': '参加推奨', 'max_combo_prob': 0.0669, 'est_top_odds': 19.9, 'circle_concentration': 69.2, 'eligible_count': 6, 'bet_adj': 2, 'reason': 'rel_win1=49.4%（本命度） / 最有力組み合わせ確率: 0.067（推定実オッズ?20倍） / 2着集中度: 上位2艇 69.2%（補正+0.00） / 総合判定確率: 0.067 / → ヒモ分散。1号艇1着固定で広めのヒモ流し推奨（買い目+2点）', 'tenji_trigger': '展示確認: ヒモ分散レース。1号艇伸び確認後、広めのヒモ流しを採用。穴ヒモ（5・6号艇）を積極的に含める。\n展示で1号艇スタート遅め(0.245秒)確認→ヒモが荒れやすい'}",,,37.6,両建て推奨,19.82,39.6,4,,,,,,,,,,,
2026-01-01,丸亀,5,6,中村日向,A1,28.21,6,,3.0443,7.4,76,48.1,0.1619,3.6296,,,0,低,40,0,-,3,0,29.2,0.8006,,,,,,0.1538,0.0769,0,,○,D,○,,0.4874,0.645,,-0.0856,D,22,1,大荒れ。見送り推奨,0.5777,"{'is_target': True, 'verdict': '参加推奨', 'max_combo_prob': 0.0669, 'est_top_odds': 19.9, 'circle_concentration': 69.2, 'eligible_count': 6, 'bet_adj': 2, 'reason': 'rel_win1=49.4%（本命度） / 最有力組み合わせ確率: 0.067（推定実オッズ?20倍） / 2着集中度: 上位2艇 69.2%（補正+0.00） / 総合判定確率: 0.067 / → ヒモ分散。1号艇1着固定で広めのヒモ流し推奨（買い目+2点）', 'tenji_trigger': '展示確認: ヒモ分散レース。1号艇伸び確認後、広めのヒモ流しを採用。穴ヒモ（5・6号艇）を積極的に含める。\n展示で1号艇スタート遅め(0.245秒)確認→ヒモが荒れやすい'}",,,37.6,両建て推奨,19.82,39.6,4,,,,,,,,,,,
2026-01-01,丸亀,6,1,古田祐貴,A2,48.00,1,◎,52.1053,,0,88.6,0.137,2.4643,,,0,低,105,0,逃1%,51,0,60.8,0.9451,0.4706,,,,,0.2088,0.1971,0.1338,◎,,B,△,,,0.6265,,0.5573,A,75,0,◎-○軸 3着3〜4艇流し（10〜15点）,0.5777,"{'is_target': True, 'verdict': '点数絞り', 'max_combo_prob': 0.1097, 'est_top_odds': 12.2, 'circle_concentration': 80.6, 'eligible_count': 8, 'bet_adj': 0, 'reason': 'rel_win1=52.1%（本命度） / 最有力組み合わせ確率: 0.110（推定実オッズ?12倍） / 2着集中度: 上位2艇 80.6%（補正+0.04） / 総合判定確率: 0.150 / → ヒモはやや固め。上位2艇以外を切ること', 'tenji_trigger': '展示確認: 1号艇伸び良→そのまま採用。悪→飛び組に差し替え。circle_pct上位2艇に絞り込むこと。\n展示で1号艇スタート超安定(0.137秒)→ヒモ固まり方向に注意'}",,,31,逃げ狙い,21.27,33.8,3,,,,,0,0,0.7559,0,,逃げ軸流し,A
2026-01-01,丸亀,6,2,田頭虎親,B1,26.83,2,△,15.3392,58.6,68,69.6,0.1607,3.4348,,,0,低,121,0,差0% ま0%,31,0,39.1,0.945,0,0.2174,0.0435,0,0,0.1,0.375,0.025,,,E,,,0.1419,0.5945,,0.5573,A,75,0,◎-○軸 3着3〜4艇流し（10〜15点）,0.5777,"{'is_target': True, 'verdict': '点数絞り', 'max_combo_prob': 0.1097, 'est_top_odds': 12.2, 'circle_concentration': 80.6, 'eligible_count': 8, 'bet_adj': 0, 'reason': 'rel_win1=52.1%（本命度） / 最有力組み合わせ確率: 0.110（推定実オッズ?12倍） / 2着集中度: 上位2艇 80.6%（補正+0.04） / 総合判定確率: 0.150 / → ヒモはやや固め。上位2艇以外を切ること', 'tenji_trigger': '展示確認: 1号艇伸び良→そのまま採用。悪→飛び組に差し替え。circle_pct上位2艇に絞り込むこと。\n展示で1号艇スタート超安定(0.137秒)→ヒモ固まり方向に注意'}",,,31,逃げ狙い,21.27,33.8,3,,,,,,,,,,,
2026-01-01,丸亀,6,3,森高一真,A1,53.42,3,○,19.881,22.1,100,66.7,0.1486,3.0952,,,0,低,28,0,差ま0%,34,0,56.9,0.9571,0,0,0.25,0.25,0,0,0.1667,0.3333,,,A,◎,,0.3289,0.685,,0.5573,A,75,0,◎-○軸 3着3〜4艇流し（10〜15点）,0.5777,"{'is_target': True, 'verdict': '点数絞り', 'max_combo_prob': 0.1097, 'est_top_odds': 12.2, 'circle_concentration': 80.6, 'eligible_count': 8, 'bet_adj': 0, 'reason': 'rel_win1=52.1%（本命度） / 最有力組み合わせ確率: 0.110（推定実オッズ?12倍） / 2着集中度: 上位2艇 80.6%（補正+0.04） / 総合判定確率: 0.150 / → ヒモはやや固め。上位2艇以外を切ること', 'tenji_trigger': '展示確認: 1号艇伸び良→そのまま採用。悪→飛び組に差し替え。circle_pct上位2艇に絞り込むこと。\n展示で1号艇スタート超安定(0.137秒)→ヒモ固まり方向に注意'}",,,31,逃げ狙い,21.27,33.8,3,,,,,,,,,,,
2026-01-01,丸亀,6,4,松下知幸,B1,32.86,4,,5.5376,8.3,61,27,0.1722,3.6429,,,0,低,152,0,-,35,0,97.4,1.88,0,0.0435,0.0435,0.0435,0,0.2152,0.1581,0.1962,,,D,△,,0.1738,0.5965,,0.5573,A,75,0,◎-○軸 3着3〜4艇流し（10〜15点）,0.5777,"{'is_target': True, 'verdict': '点数絞り', 'max_combo_prob': 0.1097, 'est_top_odds': 12.2, 'circle_concentration': 80.6, 'eligible_count': 8, 'bet_adj': 0, 'reason': 'rel_win1=52.1%（本命度） / 最有力組み合わせ確率: 0.110（推定実オッズ?12倍） / 2着集中度: 上位2艇 80.6%（補正+0.04） / 総合判定確率: 0.150 / → ヒモはやや固め。上位2艇以外を切ること', 'tenji_trigger': '展示確認: 1号艇伸び良→そのまま採用。悪→飛び組に差し替え。circle_pct上位2艇に絞り込むこと。\n展示で1号艇スタート超安定(0.137秒)→ヒモ固まり方向に注意'}",,,31,逃げ狙い,21.27,33.8,3,,,,,,,,,,,
2026-01-01,丸亀,6,5,大廣咲季,B1,37.14,5,,3.7825,5.2,42,8,0.1836,4.02,,,0,低,81,0,-,6,0,26.1,0.5938,0,0.0526,0,0,0,0.3333,0.3333,0,,,D,,,0.1657,0.543,,0.5573,A,75,0,◎-○軸 3着3〜4艇流し（10〜15点）,0.5777,"{'is_target': True, 'verdict': '点数絞り', 'max_combo_prob': 0.1097, 'est_top_odds': 12.2, 'circle_concentration': 80.6, 'eligible_count': 8, 'bet_adj': 0, 'reason': 'rel_win1=52.1%（本命度） / 最有力組み合わせ確率: 0.110（推定実オッズ?12倍） / 2着集中度: 上位2艇 80.6%（補正+0.04） / 総合判定確率: 0.150 / → ヒモはやや固め。上位2艇以外を切ること', 'tenji_trigger': '展示確認: 1号艇伸び良→そのまま採用。悪→飛び組に差し替え。circle_pct上位2艇に絞り込むこと。\n展示で1号艇スタート超安定(0.137秒)→ヒモ固まり方向に注意'}",,,31,逃げ狙い,21.27,33.8,3,,,,,,,,,,,
2026-01-01,丸亀,6,6,濱野斗馬,A1,44.44,6,▲,3.3544,5.9,75,36.7,0.1433,4.0167,,,0,低,40,0,-,5,0,36.4,1.2728,,,,,,0.0968,0,0.0323,,,C,○,,0.3231,0.638,,0.5573,A,75,0,◎-○軸 3着3〜4艇流し（10〜15点）,0.5777,"{'is_target': True, 'verdict': '点数絞り', 'max_combo_prob': 0.1097, 'est_top_odds': 12.2, 'circle_concentration': 80.6, 'eligible_count': 8, 'bet_adj': 0, 'reason': 'rel_win1=52.1%（本命度） / 最有力組み合わせ確率: 0.110（推定実オッズ?12倍） / 2着集中度: 上位2艇 80.6%（補正+0.04） / 総合判定確率: 0.150 / → ヒモはやや固め。上位2艇以外を切ること', 'tenji_trigger': '展示確認: 1号艇伸び良→そのまま採用。悪→飛び組に差し替え。circle_pct上位2艇に絞り込むこと。\n展示で1号艇スタート超安定(0.137秒)→ヒモ固まり方向に注意'}",,,31,逃げ狙い,21.27,33.8,3,,,,,,,,,,,
2026-01-01,丸亀,7,1,門田　栞,B1,25.35,1,◎,47.1825,,0,67.7,0.1648,3.371,,,0,低,76,0,逃0%,1,0,83.2,1.244,0.4615,,,,,0.2308,0.3077,0,△,,E,,,,0.5145,,0.3298,B,48,0,◎○△フォーメーション（15〜20点）,0.5777,"{'is_target': True, 'verdict': '参加推奨', 'max_combo_prob': 0.068, 'est_top_odds': 19.6, 'circle_concentration': 75.8, 'eligible_count': 9, 'bet_adj': 2, 'reason': 'rel_win1=47.2%（本命度） / 最有力組み合わせ確率: 0.068（推定実オッズ?20倍） / 2着集中度: 上位2艇 75.8%（補正+0.04） / 総合判定確率: 0.108 / → ヒモ分散。1号艇1着固定で広めのヒモ流し推奨（買い目+2点）', 'tenji_trigger': '展示確認: ヒモ分散レース。1号艇伸び確認後、広めのヒモ流しを採用。穴ヒモ（5・6号艇）を積極的に含める。'}",,,32.2,両建て推奨,21.14,37.3,3,2-1-3|1-2-4|1-2-5|1-2-3|1-3-4|1-3-5,6-1-3|2-1-3|6-1-4|6-3-1|6-4-1|4-5-6|6-4-3|1-2-4|1-2-5|1-2-3|1-3-4|1-3-5,2-1-3:3.32%|1-2-4:8.92%|1-2-5:8.2%|1-2-3:7.78%|1-3-4:6.92%|1-3-5:6.36%,2-1-3:B_main|1-2-4:A|1-2-5:A|1-2-3:A|1-3-4:A|1-3-5:A,6,12,0.4535,1,[!]見送り推奨（主役決まり手「差し」― 逃げ劣勢レースで的中実績なし）,荒れ広め,D
2026-01-01,丸亀,7,2,秋山広一,A2,34.25,2,,19.3608,44.1,81,76.8,0.1448,2.9464,,,0,低,90,0,差0%,22,0,25.3,0.7616,0,0.1364,0.0455,0,0,0,0.168,0.168,,◎,D,△,,0.5285,0.651,,0.3298,B,48,0,◎○△フォーメーション（15〜20点）,0.5777,"{'is_target': True, 'verdict': '参加推奨', 'max_combo_prob': 0.068, 'est_top_odds': 19.6, 'circle_concentration': 75.8, 'eligible_count': 9, 'bet_adj': 2, 'reason': 'rel_win1=47.2%（本命度） / 最有力組み合わせ確率: 0.068（推定実オッズ?20倍） / 2着集中度: 上位2艇 75.8%（補正+0.04） / 総合判定確率: 0.108 / → ヒモ分散。1号艇1着固定で広めのヒモ流し推奨（買い目+2点）', 'tenji_trigger': '展示確認: ヒモ分散レース。1号艇伸び確認後、広めのヒモ流しを採用。穴ヒモ（5・6号艇）を積極的に含める。'}",,,32.2,両建て推奨,21.14,37.3,3,,,,,,,,,,,
2026-01-01,丸亀,7,3,中村晃朋,A1,34.67,3,▲,17.3055,31.7,92,85.7,0.1346,2.7143,,,0,低,56,0,差0% ま0% 差ま0%,46,0,59,1.1321,0,0.0769,0.1538,0.0769,0.0769,0.1745,0,0.1564,,△,C,○,,0.4647,0.678,,0.3298,B,48,0,◎○△フォーメーション（15〜20点）,0.5777,"{'is_target': True, 'verdict': '参加推奨', 'max_combo_prob': 0.068, 'est_top_odds': 19.6, 'circle_concentration': 75.8, 'eligible_count': 9, 'bet_adj': 2, 'reason': 'rel_win1=47.2%（本命度） / 最有力組み合わせ確率: 0.068（推定実オッズ?20倍） / 2着集中度: 上位2艇 75.8%（補正+0.04） / 総合判定確率: 0.108 / → ヒモ分散。1号艇1着固定で広めのヒモ流し推奨（買い目+2点）', 'tenji_trigger': '展示確認: ヒモ分散レース。1号艇伸び確認後、広めのヒモ流しを採用。穴ヒモ（5・6号艇）を積極的に含める。'}",,,32.2,両建て推奨,21.14,37.3,3,,,,,,,,,,,
2026-01-01,丸亀,7,4,三好勇人,B1,49.30,4,○,10.1151,11.7,100,50,0.1578,3.2963,,,0,低,88,0,-,44,0,98.8,1.9313,0,0.0385,0.0385,0,0,0.0133,0.16,0.0533,,,A,△,◎,0.3098,0.6185,0.2826,0.3298,B,48,0,◎○△フォーメーション（15〜20点）,0.5777,"{'is_target': True, 'verdict': '参加推奨', 'max_combo_prob': 0.068, 'est_top_odds': 19.6, 'circle_concentration': 75.8, 'eligible_count': 9, 'bet_adj': 2, 'reason': 'rel_win1=47.2%（本命度） / 最有力組み合わせ確率: 0.068（推定実オッズ?20倍） / 2着集中度: 上位2艇 75.8%（補正+0.04） / 総合判定確率: 0.108 / → ヒモ分散。1号艇1着固定で広めのヒモ流し推奨（買い目+2点）', 'tenji_trigger': '展示確認: ヒモ分散レース。1号艇伸び確認後、広めのヒモ流しを採用。穴ヒモ（5・6号艇）を積極的に含める。'}",,,32.2,両建て推奨,21.14,37.3,3,,,,,,,,,,,
2026-01-01,丸亀,7,5,片岡雅裕,A1,40.00,5,△,4.8575,12.1,82,57.1,0.1071,2.4286,,,0,低,5,1,-,26,0,43.4,1.2619,,,,,,0.0286,0,0.3571,,○,C,◎,,0.4884,0.8292,,0.3298,B,48,0,◎○△フォーメーション（15〜20点）,0.5777,"{'is_target': True, 'verdict': '参加推奨', 'max_combo_prob': 0.068, 'est_top_odds': 19.6, 'circle_concentration': 75.8, 'eligible_count': 9, 'bet_adj': 2, 'reason': 'rel_win1=47.2%（本命度） / 最有力組み合わせ確率: 0.068（推定実オッズ?20倍） / 2着集中度: 上位2艇 75.8%（補正+0.04） / 総合判定確率: 0.108 / → ヒモ分散。1号艇1着固定で広めのヒモ流し推奨（買い目+2点）', 'tenji_trigger': '展示確認: ヒモ分散レース。1号艇伸び確認後、広めのヒモ流しを採用。穴ヒモ（5・6号艇）を積極的に含める。'}",,,32.2,両建て推奨,21.14,37.3,3,,,,,,,,,,,
2026-01-01,丸亀,7,6,長谷川親,B1,41.89,6,,1.1787,0.4,32,10,0.2165,5.0875,,,0,低,166,0,-,53,0,82.3,1.9664,,,,,,0.1111,0.3778,0.2222,,,B,,,0.1455,0.605,,0.3298,B,48,0,◎○△フォーメーション（15〜20点）,0.5777,"{'is_target': True, 'verdict': '参加推奨', 'max_combo_prob': 0.068, 'est_top_odds': 19.6, 'circle_concentration': 75.8, 'eligible_count': 9, 'bet_adj': 2, 'reason': 'rel_win1=47.2%（本命度） / 最有力組み合わせ確率: 0.068（推定実オッズ?20倍） / 2着集中度: 上位2艇 75.8%（補正+0.04） / 総合判定確率: 0.108 / → ヒモ分散。1号艇1着固定で広めのヒモ流し推奨（買い目+2点）', 'tenji_trigger': '展示確認: ヒモ分散レース。1号艇伸び確認後、広めのヒモ流しを採用。穴ヒモ（5・6号艇）を積極的に含める。'}",,,32.2,両建て推奨,21.14,37.3,3,,,,,,,,,,,
2026-01-01,丸亀,8,1,中田元泰,A1,32.18,1,◎,67.671,,0,94,0.1464,2.7738,,,0,低,90,0,逃1%,46,0,77.8,1.1531,0.8065,,,,,0.0323,0.1613,0,◎,,D,◎,,,0.685,,0.6575,S,90,0,◎1着固定 2-3着流し（5〜8点）,0.5777,"{'is_target': True, 'verdict': '参加推奨', 'max_combo_prob': 0.1129, 'est_top_odds': 11.8, 'circle_concentration': 69.9, 'eligible_count': 6, 'bet_adj': 2, 'reason': 'rel_win1=67.7%（本命度） / 最有力組み合わせ確率: 0.113（推定実オッズ?12倍） / 2着集中度: 上位2艇 69.9%（補正+0.00） / 総合判定確率: 0.113 / → ヒモ分散。1号艇1着固定で広めのヒモ流し推奨（買い目+2点）', 'tenji_trigger': '展示確認: ヒモ分散レース。1号艇伸び確認後、広めのヒモ流しを採用。穴ヒモ（5・6号艇）を積極的に含める。'}",,,27,逃げ狙い,17.19,25.9,2,,,,,0,0,0.7559,0,,逃げ軸流し,A
2026-01-01,丸亀,8,2,西丸侑太,A2,30.67,2,,15.9886,44.2,79,76.2,0.1864,3.75,,,0,低,100,0,差0% ま0%,51,0,31.1,0.8559,0,0.2,0.16,0,0,0,0.1314,0.0429,,,E,○,,0.0967,0.6105,,0.6575,S,90,0,◎1着固定 2-3着流し（5〜8点）,0.5777,"{'is_target': True, 'verdict': '参加推奨', 'max_combo_prob': 0.1129, 'est_top_odds': 11.8, 'circle_concentration': 69.9, 'eligible_count': 6, 'bet_adj': 2, 'reason': 'rel_win1=67.7%（本命度） / 最有力組み合わせ確率: 0.113（推定実オッズ?12倍） / 2着集中度: 上位2艇 69.9%（補正+0.00） / 総合判定確率: 0.113 / → ヒモ分散。1号艇1着固定で広めのヒモ流し推奨（買い目+2点）', 'tenji_trigger': '展示確認: ヒモ分散レース。1号艇伸び確認後、広めのヒモ流しを採用。穴ヒモ（5・6号艇）を積極的に含める。'}",,,27,逃げ狙い,17.19,25.9,2,,,,,,,,,,,
2026-01-01,丸亀,8,3,川上清人,B1,38.75,3,▲,6.2409,25.7,98,49.1,0.1642,3.7273,,,0,低,150,0,-,5,0,19.5,0.5906,0,0,0.0952,0,0,0.3733,0.0381,0.1962,,,C,△,,0.2035,0.595,,0.6575,S,90,0,◎1着固定 2-3着流し（5〜8点）,0.5777,"{'is_target': True, 'verdict': '参加推奨', 'max_combo_prob': 0.1129, 'est_top_odds': 11.8, 'circle_concentration': 69.9, 'eligible_count': 6, 'bet_adj': 2, 'reason': 'rel_win1=67.7%（本命度） / 最有力組み合わせ確率: 0.113（推定実オッズ?12倍） / 2着集中度: 上位2艇 69.9%（補正+0.00） / 総合判定確率: 0.113 / → ヒモ分散。1号艇1着固定で広めのヒモ流し推奨（買い目+2点）', 'tenji_trigger': '展示確認: ヒモ分散レース。1号艇伸び確認後、広めのヒモ流しを採用。穴ヒモ（5・6号艇）を積極的に含める。'}",,,27,逃げ狙い,17.19,25.9,2,,,,,,,,,,,
2026-01-01,丸亀,8,4,森安弘雅,A2,38.46,4,,5.5308,13.3,100,48.4,0.1778,4,,,0,低,178,0,差0%,65,0,41.4,0.9287,0,0.0345,0,0,0,0.0167,0.1833,0.2,,,C,△,,0.1573,0.6065,,0.6575,S,90,0,◎1着固定 2-3着流し（5〜8点）,0.5777,"{'is_target': True, 'verdict': '参加推奨', 'max_combo_prob': 0.1129, 'est_top_odds': 11.8, 'circle_concentration': 69.9, 'eligible_count': 6, 'bet_adj': 2, 'reason': 'rel_win1=67.7%（本命度） / 最有力組み合わせ確率: 0.113（推定実オッズ?12倍） / 2着集中度: 上位2艇 69.9%（補正+0.00） / 総合判定確率: 0.113 / → ヒモ分散。1号艇1着固定で広めのヒモ流し推奨（買い目+2点）', 'tenji_trigger': '展示確認: ヒモ分散レース。1号艇伸び確認後、広めのヒモ流しを採用。穴ヒモ（5・6号艇）を積極的に含める。'}",,,27,逃げ狙い,17.19,25.9,2,,,,,,,,,,,
2026-01-01,丸亀,8,5,西岡蒼志,B1,46.67,5,○,3.5386,15.4,53,34.6,0.1569,3.0962,,,0,低,79,0,-,S,0,100,2.121,0,0,0,0.0417,0,0,0.27,0,,,A,,,0.2511,0.528,,0.6575,S,90,0,◎1着固定 2-3着流し（5〜8点）,0.5777,"{'is_target': True, 'verdict': '参加推奨', 'max_combo_prob': 0.1129, 'est_top_odds': 11.8, 'circle_concentration': 69.9, 'eligible_count': 6, 'bet_adj': 2, 'reason': 'rel_win1=67.7%（本命度） / 最有力組み合わせ確率: 0.113（推定実オッズ?12倍） / 2着集中度: 上位2艇 69.9%（補正+0.00） / 総合判定確率: 0.113 / → ヒモ分散。1号艇1着固定で広めのヒモ流し推奨（買い目+2点）', 'tenji_trigger': '展示確認: ヒモ分散レース。1号艇伸び確認後、広めのヒモ流しを採用。穴ヒモ（5・6号艇）を積極的に含める。'}",,,27,逃げ狙い,17.19,25.9,2,,,,,,,,,,,
2026-01-01,丸亀,8,6,三嶌さら,B1,41.43,6,△,1.0302,1.4,14,3,0.1863,4.0152,,,0,低,82,0,-,5,0,26.1,0.635,,,,,,0,0.25,0,,,B,,,0.1867,0.576,,0.6575,S,90,0,◎1着固定 2-3着流し（5〜8点）,0.5777,"{'is_target': True, 'verdict': '参加推奨', 'max_combo_prob': 0.1129, 'est_top_odds': 11.8, 'circle_concentration': 69.9, 'eligible_count': 6, 'bet_adj': 2, 'reason': 'rel_win1=67.7%（本命度） / 最有力組み合わせ確率: 0.113（推定実オッズ?12倍） / 2着集中度: 上位2艇 69.9%（補正+0.00） / 総合判定確率: 0.113 / → ヒモ分散。1号艇1着固定で広めのヒモ流し推奨（買い目+2点）', 'tenji_trigger': '展示確認: ヒモ分散レース。1号艇伸び確認後、広めのヒモ流しを採用。穴ヒモ（5・6号艇）を積極的に含める。'}",,,27,逃げ狙い,17.19,25.9,2,,,,,,,,,,,
2026-01-01,丸亀,9,1,水谷理人,B1,28.40,1,◎,53.4651,,0,82.6,0.1665,3.8696,,,0,低,64,0,逃1%,6,0,95.7,1.3457,0.6,,,,,0.0533,0.28,0.0267,○,,E,,,,0.569,,0.3538,A,63,0,◎-○軸 3着3〜4艇流し（10〜15点）,0.5777,"{'is_target': True, 'verdict': '参加推奨', 'max_combo_prob': 0.0866, 'est_top_odds': 15.4, 'circle_concentration': 65.8, 'eligible_count': 8, 'bet_adj': 2, 'reason': 'rel_win1=53.5%（本命度） / 最有力組み合わせ確率: 0.087（推定実オッズ?15倍） / 2着集中度: 上位2艇 65.8%（補正+0.00） / 総合判定確率: 0.087 / → ヒモ分散。1号艇1着固定で広めのヒモ流し推奨（買い目+2点）', 'tenji_trigger': '展示確認: ヒモ分散レース。1号艇伸び確認後、広めのヒモ流しを採用。穴ヒモ（5・6号艇）を積極的に含める。'}",,,30.5,両建て推奨,22.21,31.6,2,,,,,0,0,0.6155,0,,逃げ軸流し,A
2026-01-01,丸亀,9,2,川原祐明,A1,32.14,2,,17.567,39.9,75,72.2,0.1478,3.3611,,,0,低,110,0,差0% ま0%,23,0,40,0.9852,0,0.087,0.2609,0,0,0.0276,0.1014,0.0138,,◎,D,△,,0.5295,0.6185,,0.3538,A,63,0,◎-○軸 3着3〜4艇流し（10〜15点）,0.5777,"{'is_target': True, 'verdict': '参加推奨', 'max_combo_prob': 0.0866, 'est_top_odds': 15.4, 'circle_concentration': 65.8, 'eligible_count': 8, 'bet_adj': 2, 'reason': 'rel_win1=53.5%（本命度） / 最有力組み合わせ確率: 0.087（推定実オッズ?15倍） / 2着集中度: 上位2艇 65.8%（補正+0.00） / 総合判定確率: 0.087 / → ヒモ分散。1号艇1着固定で広めのヒモ流し推奨（買い目+2点）', 'tenji_trigger': '展示確認: ヒモ分散レース。1号艇伸び確認後、広めのヒモ流しを採用。穴ヒモ（5・6号艇）を積極的に含める。'}",,,30.5,両建て推奨,22.21,31.6,2,,,,,,,,,,,
2026-01-01,丸亀,9,3,谷口佳蓮,B1,35.62,3,○,11.9174,20.5,50,33.3,0.1462,3,,,0,低,45,0,-,6,0,46.8,1.2587,0,0,0.0625,0.0625,0,0.1091,0,0.2727,,○,C,,,0.3915,0.5715,,0.3538,A,63,0,◎-○軸 3着3〜4艇流し（10〜15点）,0.5777,"{'is_target': True, 'verdict': '参加推奨', 'max_combo_prob': 0.0866, 'est_top_odds': 15.4, 'circle_concentration': 65.8, 'eligible_count': 8, 'bet_adj': 2, 'reason': 'rel_win1=53.5%（本命度） / 最有力組み合わせ確率: 0.087（推定実オッズ?15倍） / 2着集中度: 上位2艇 65.8%（補正+0.00） / 総合判定確率: 0.087 / → ヒモ分散。1号艇1着固定で広めのヒモ流し推奨（買い目+2点）', 'tenji_trigger': '展示確認: ヒモ分散レース。1号艇伸び確認後、広めのヒモ流しを採用。穴ヒモ（5・6号艇）を積極的に含める。'}",,,30.5,両建て推奨,22.21,31.6,2,,,,,,,,,,,
2026-01-01,丸亀,9,4,宮崎　奨,A2,38.03,4,△,4.318,26,100,70.2,0.1772,3.694,,,0,低,134,0,-,1,0,30.5,0.9257,0,0,0,0.0333,0,0.0343,0.1571,0.2686,,,B,◎,,0.2392,0.658,,0.3538,A,63,0,◎-○軸 3着3〜4艇流し（10〜15点）,0.5777,"{'is_target': True, 'verdict': '参加推奨', 'max_combo_prob': 0.0866, 'est_top_odds': 15.4, 'circle_concentration': 65.8, 'eligible_count': 8, 'bet_adj': 2, 'reason': 'rel_win1=53.5%（本命度） / 最有力組み合わせ確率: 0.087（推定実オッズ?15倍） / 2着集中度: 上位2艇 65.8%（補正+0.00） / 総合判定確率: 0.087 / → ヒモ分散。1号艇1着固定で広めのヒモ流し推奨（買い目+2点）', 'tenji_trigger': '展示確認: ヒモ分散レース。1号艇伸び確認後、広めのヒモ流しを採用。穴ヒモ（5・6号艇）を積極的に含める。'}",,,30.5,両建て推奨,22.21,31.6,2,,,,,,,,,,,
2026-01-01,丸亀,9,5,木村光宏,B1,34.09,5,,5.0536,3.9,60,21.2,0.1803,3.9848,,,0,低,99,0,-,1,0,33.9,1.0233,,,,,,0.3952,0.3571,0.0571,,,C,○,,0.27,0.6335,,0.3538,A,63,0,◎-○軸 3着3〜4艇流し（10〜15点）,0.5777,"{'is_target': True, 'verdict': '参加推奨', 'max_combo_prob': 0.0866, 'est_top_odds': 15.4, 'circle_concentration': 65.8, 'eligible_count': 8, 'bet_adj': 2, 'reason': 'rel_win1=53.5%（本命度） / 最有力組み合わせ確率: 0.087（推定実オッズ?15倍） / 2着集中度: 上位2艇 65.8%（補正+0.00） / 総合判定確率: 0.087 / → ヒモ分散。1号艇1着固定で広めのヒモ流し推奨（買い目+2点）', 'tenji_trigger': '展示確認: ヒモ分散レース。1号艇伸び確認後、広めのヒモ流しを採用。穴ヒモ（5・6号艇）を積極的に含める。'}",,,30.5,両建て推奨,22.21,31.6,2,,,,,,,,,,,
2026-01-01,丸亀,9,6,重成一人,A1,47.14,6,▲,7.6789,9.8,36,55.2,0.181,3.6034,,,0,低,51,0,抜0%,41,0,47.3,1.2097,0,0.0909,0,0,0.0909,0.0533,0.2533,0.0133,,,A,△,,0.2439,0.6315,,0.3538,A,63,0,◎-○軸 3着3〜4艇流し（10〜15点）,0.5777,"{'is_target': True, 'verdict': '参加推奨', 'max_combo_prob': 0.0866, 'est_top_odds': 15.4, 'circle_concentration': 65.8, 'eligible_count': 8, 'bet_adj': 2, 'reason': 'rel_win1=53.5%（本命度） / 最有力組み合わせ確率: 0.087（推定実オッズ?15倍） / 2着集中度: 上位2艇 65.8%（補正+0.00） / 総合判定確率: 0.087 / → ヒモ分散。1号艇1着固定で広めのヒモ流し推奨（買い目+2点）', 'tenji_trigger': '展示確認: ヒモ分散レース。1号艇伸び確認後、広めのヒモ流しを採用。穴ヒモ（5・6号艇）を積極的に含める。'}",,,30.5,両建て推奨,22.21,31.6,2,,,,,,,,,,,
2026-01-01,丸亀,10,1,近江翔吾,A1,33.75,1,◎,63.1083,,0,92.7,0.1291,2.3015,,,0,低,52,0,逃1%,45,0,76.8,1.1624,0.7838,,,,,0.0811,0.0541,0.027,◎,,D,△,,,0.6415,,0.6614,S,94,0,◎1着固定 2-3着流し（5〜8点）,0.5777,"{'is_target': True, 'verdict': '点数絞り', 'max_combo_prob': 0.1039, 'est_top_odds': 12.8, 'circle_concentration': 70.7, 'eligible_count': 6, 'bet_adj': 0, 'reason': 'rel_win1=63.1%（本命度） / 最有力組み合わせ確率: 0.104（推定実オッズ?13倍） / 2着集中度: 上位2艇 70.7%（補正+0.04） / 総合判定確率: 0.144 / → ヒモはやや固め。上位2艇以外を切ること', 'tenji_trigger': '展示確認: 1号艇伸び良→そのまま採用。悪→飛び組に差し替え。circle_pct上位2艇に絞り込むこと。\n展示で1号艇スタート超安定(0.129秒)→ヒモ固まり方向に注意'}",,,26.1,逃げ狙い,15.64,24.8,2,,,,,0,0,0.7559,0,,逃げ軸流し,A
2026-01-01,丸亀,10,2,石丸海渡,A1,37.84,2,△,10.6111,48.7,91,83.3,0.1231,2.2083,,,0,低,26,0,-,62,0,25.3,0.7617,0,0.1053,0,0,0,0.0792,0.0125,0,,◎,D,◎,,0.3836,0.687,,0.6614,S,94,0,◎1着固定 2-3着流し（5〜8点）,0.5777,"{'is_target': True, 'verdict': '点数絞り', 'max_combo_prob': 0.1039, 'est_top_odds': 12.8, 'circle_concentration': 70.7, 'eligible_count': 6, 'bet_adj': 0, 'reason': 'rel_win1=63.1%（本命度） / 最有力組み合わせ確率: 0.104（推定実オッズ?13倍） / 2着集中度: 上位2艇 70.7%（補正+0.04） / 総合判定確率: 0.144 / → ヒモはやや固め。上位2艇以外を切ること', 'tenji_trigger': '展示確認: 1号艇伸び良→そのまま採用。悪→飛び組に差し替え。circle_pct上位2艇に絞り込むこと。\n展示で1号艇スタート超安定(0.129秒)→ヒモ固まり方向に注意'}",,,26.1,逃げ狙い,15.64,24.8,2,,,,,,,,,,,
2026-01-01,丸亀,10,3,古田祐貴,A2,48.00,3,○,10.4037,21.9,82,60,0.1377,2.65,,,0,低,105,0,-,51,0,36,0.9773,0,0.0323,0.0323,0.0323,0,0.2088,0.1971,0.1338,,,B,△,,0.2406,0.6265,,0.6614,S,94,0,◎1着固定 2-3着流し（5〜8点）,0.5777,"{'is_target': True, 'verdict': '点数絞り', 'max_combo_prob': 0.1039, 'est_top_odds': 12.8, 'circle_concentration': 70.7, 'eligible_count': 6, 'bet_adj': 0, 'reason': 'rel_win1=63.1%（本命度） / 最有力組み合わせ確率: 0.104（推定実オッズ?13倍） / 2着集中度: 上位2艇 70.7%（補正+0.04） / 総合判定確率: 0.144 / → ヒモはやや固め。上位2艇以外を切ること', 'tenji_trigger': '展示確認: 1号艇伸び良→そのまま採用。悪→飛び組に差し替え。circle_pct上位2艇に絞り込むこと。\n展示で1号艇スタート超安定(0.129秒)→ヒモ固まり方向に注意'}",,,26.1,逃げ狙い,15.64,24.8,2,,,,,,,,,,,
2026-01-01,丸亀,10,4,中村桃佳,B1,38.67,4,,9.4741,13.9,100,61.5,0.1638,3.1731,,,0,低,41,0,-,2,0,72.4,1.5111,0,0,0.1905,0,0,0.0471,0.0706,0.2706,,,C,,,0.1994,0.6205,,0.6614,S,94,0,◎1着固定 2-3着流し（5〜8点）,0.5777,"{'is_target': True, 'verdict': '点数絞り', 'max_combo_prob': 0.1039, 'est_top_odds': 12.8, 'circle_concentration': 70.7, 'eligible_count': 6, 'bet_adj': 0, 'reason': 'rel_win1=63.1%（本命度） / 最有力組み合わせ確率: 0.104（推定実オッズ?13倍） / 2着集中度: 上位2艇 70.7%（補正+0.04） / 総合判定確率: 0.144 / → ヒモはやや固め。上位2艇以外を切ること', 'tenji_trigger': '展示確認: 1号艇伸び良→そのまま採用。悪→飛び組に差し替え。circle_pct上位2艇に絞り込むこと。\n展示で1号艇スタート超安定(0.129秒)→ヒモ固まり方向に注意'}",,,26.1,逃げ狙い,15.64,24.8,2,,,,,,,,,,,
2026-01-01,丸亀,10,5,石井伸長,B1,56.94,5,▲,5.3714,14.9,53,44,0.1714,3.54,,,0,低,79,0,-,5,0,34.4,0.8779,0,0,0.0286,0.0286,0,0,0.5,0.25,,,A,,,0.1437,0.5655,,0.6614,S,94,0,◎1着固定 2-3着流し（5〜8点）,0.5777,"{'is_target': True, 'verdict': '点数絞り', 'max_combo_prob': 0.1039, 'est_top_odds': 12.8, 'circle_concentration': 70.7, 'eligible_count': 6, 'bet_adj': 0, 'reason': 'rel_win1=63.1%（本命度） / 最有力組み合わせ確率: 0.104（推定実オッズ?13倍） / 2着集中度: 上位2艇 70.7%（補正+0.04） / 総合判定確率: 0.144 / → ヒモはやや固め。上位2艇以外を切ること', 'tenji_trigger': '展示確認: 1号艇伸び良→そのまま採用。悪→飛び組に差し替え。circle_pct上位2艇に絞り込むこと。\n展示で1号艇スタート超安定(0.129秒)→ヒモ固まり方向に注意'}",,,26.1,逃げ狙い,15.64,24.8,2,,,,,,,,,,,
2026-01-01,丸亀,10,6,吉永泰弘,B1,48.00,6,,1.0314,0.5,61,22.2,0.2202,4.9333,,,0,低,137,0,-,2,0,100,2.655,,,,,,0.2376,0.4541,0.0235,,,B,○,,0.1386,0.6525,,0.6614,S,94,0,◎1着固定 2-3着流し（5〜8点）,0.5777,"{'is_target': True, 'verdict': '点数絞り', 'max_combo_prob': 0.1039, 'est_top_odds': 12.8, 'circle_concentration': 70.7, 'eligible_count': 6, 'bet_adj': 0, 'reason': 'rel_win1=63.1%（本命度） / 最有力組み合わせ確率: 0.104（推定実オッズ?13倍） / 2着集中度: 上位2艇 70.7%（補正+0.04） / 総合判定確率: 0.144 / → ヒモはやや固め。上位2艇以外を切ること', 'tenji_trigger': '展示確認: 1号艇伸び良→そのまま採用。悪→飛び組に差し替え。circle_pct上位2艇に絞り込むこと。\n展示で1号艇スタート超安定(0.129秒)→ヒモ固まり方向に注意'}",,,26.1,逃げ狙い,15.64,24.8,2,,,,,,,,,,,
2026-01-01,丸亀,11,1,中村晃朋,A1,34.67,1,◎,58.9043,,0,87.7,0.1656,3.4474,,,0,低,56,0,逃1% 抜0%,46,0,68.5,1.0966,0.6818,,,,,0.1745,0,0.1564,○,,D,○,,,0.678,,0.3959,S,93,0,◎1着固定 2-3着流し（5〜8点）,0.5777,"{'is_target': True, 'verdict': '点数絞り', 'max_combo_prob': 0.0896, 'est_top_odds': 14.9, 'circle_concentration': 72.8, 'eligible_count': 6, 'bet_adj': 0, 'reason': 'rel_win1=58.9%（本命度） / 最有力組み合わせ確率: 0.090（推定実オッズ?15倍） / 2着集中度: 上位2艇 72.8%（補正+0.04） / 総合判定確率: 0.130 / → ヒモはやや固め。上位2艇以外を切ること', 'tenji_trigger': '展示確認: 1号艇伸び良→そのまま採用。悪→飛び組に差し替え。circle_pct上位2艇に絞り込むこと。'}",,,28.1,逃げ狙い,17.13,29.2,2,,,,,0,0,0.6155,0,,逃げ軸流し,A
2026-01-01,丸亀,11,2,森高一真,A1,53.42,2,○,16.1401,47.5,100,100,0.1363,2.9688,,,0,低,28,0,-,34,0,30.2,0.9297,0,0.25,0,0,0,0,0.1667,0.3333,,◎,A,◎,,0.6094,0.685,,0.3959,S,93,0,◎1着固定 2-3着流し（5〜8点）,0.5777,"{'is_target': True, 'verdict': '点数絞り', 'max_combo_prob': 0.0896, 'est_top_odds': 14.9, 'circle_concentration': 72.8, 'eligible_count': 6, 'bet_adj': 0, 'reason': 'rel_win1=58.9%（本命度） / 最有力組み合わせ確率: 0.090（推定実オッズ?15倍） / 2着集中度: 上位2艇 72.8%（補正+0.04） / 総合判定確率: 0.130 / → ヒモはやや固め。上位2艇以外を切ること', 'tenji_trigger': '展示確認: 1号艇伸び良→そのまま採用。悪→飛び組に差し替え。circle_pct上位2艇に絞り込むこと。'}",,,28.1,逃げ狙い,17.13,29.2,2,,,,,,,,,,,
2026-01-01,丸亀,11,3,松尾　祭,A2,42.47,3,▲,11.1129,25.3,99,68.8,0.1472,2.8689,,,0,低,144,0,-,54,0,64.9,1.4631,0,0.0294,0.0294,0.0882,0,0.1086,0.0654,0.2501,,△,C,,,0.3808,0.6215,,0.3959,S,93,0,◎1着固定 2-3着流し（5〜8点）,0.5777,"{'is_target': True, 'verdict': '点数絞り', 'max_combo_prob': 0.0896, 'est_top_odds': 14.9, 'circle_concentration': 72.8, 'eligible_count': 6, 'bet_adj': 0, 'reason': 'rel_win1=58.9%（本命度） / 最有力組み合わせ確率: 0.090（推定実オッズ?15倍） / 2着集中度: 上位2艇 72.8%（補正+0.04） / 総合判定確率: 0.130 / → ヒモはやや固め。上位2艇以外を切ること', 'tenji_trigger': '展示確認: 1号艇伸び良→そのまま採用。悪→飛び組に差し替え。circle_pct上位2艇に絞り込むこと。'}",,,28.1,逃げ狙い,17.13,29.2,2,,,,,,,,,,,
2026-01-01,丸亀,11,4,小野寺智,B1,35.14,4,△,7.8286,13.8,89,57.7,0.1388,3.0096,,,0,低,79,0,差ま0%,2,0,62.4,1.367,0,0,0.0476,0.0952,0,0.1217,0.0174,0.3096,,○,D,,◎,0.4035,0.6185,0.4421,0.3959,S,93,0,◎1着固定 2-3着流し（5〜8点）,0.5777,"{'is_target': True, 'verdict': '点数絞り', 'max_combo_prob': 0.0896, 'est_top_odds': 14.9, 'circle_concentration': 72.8, 'eligible_count': 6, 'bet_adj': 0, 'reason': 'rel_win1=58.9%（本命度） / 最有力組み合わせ確率: 0.090（推定実オッズ?15倍） / 2着集中度: 上位2艇 72.8%（補正+0.04） / 総合判定確率: 0.130 / → ヒモはやや固め。上位2艇以外を切ること', 'tenji_trigger': '展示確認: 1号艇伸び良→そのまま採用。悪→飛び組に差し替え。circle_pct上位2艇に絞り込むこと。'}",,,28.1,逃げ狙い,17.13,29.2,2,,,,,,,,,,,
2026-01-01,丸亀,11,5,木谷賢太,A2,24.00,5,,4.9315,12.9,76,59.6,0.177,3.9787,,,0,低,107,0,差ま0%,3,0,59.7,1.394,0,0,0,0.0476,0,0.0343,0.0114,0.1957,,,E,△,,0.2472,0.663,,0.3959,S,93,0,◎1着固定 2-3着流し（5〜8点）,0.5777,"{'is_target': True, 'verdict': '点数絞り', 'max_combo_prob': 0.0896, 'est_top_odds': 14.9, 'circle_concentration': 72.8, 'eligible_count': 6, 'bet_adj': 0, 'reason': 'rel_win1=58.9%（本命度） / 最有力組み合わせ確率: 0.090（推定実オッズ?15倍） / 2着集中度: 上位2艇 72.8%（補正+0.04） / 総合判定確率: 0.130 / → ヒモはやや固め。上位2艇以外を切ること', 'tenji_trigger': '展示確認: 1号艇伸び良→そのまま採用。悪→飛び組に差し替え。circle_pct上位2艇に絞り込むこと。'}",,,28.1,逃げ狙い,17.13,29.2,2,,,,,,,,,,,
2026-01-01,丸亀,11,6,宮武英司,B1,60.27,6,,1.0825,0.5,45,23.3,0.1781,4.1628,,,0,低,89,0,-,3,0,97.2,2.03,,,,,,0.4889,0.0222,0.0222,,,A,△,,0.2737,0.658,,0.3959,S,93,0,◎1着固定 2-3着流し（5〜8点）,0.5777,"{'is_target': True, 'verdict': '点数絞り', 'max_combo_prob': 0.0896, 'est_top_odds': 14.9, 'circle_concentration': 72.8, 'eligible_count': 6, 'bet_adj': 0, 'reason': 'rel_win1=58.9%（本命度） / 最有力組み合わせ確率: 0.090（推定実オッズ?15倍） / 2着集中度: 上位2艇 72.8%（補正+0.04） / 総合判定確率: 0.130 / → ヒモはやや固め。上位2艇以外を切ること', 'tenji_trigger': '展示確認: 1号艇伸び良→そのまま採用。悪→飛び組に差し替え。circle_pct上位2艇に絞り込むこと。'}",,,28.1,逃げ狙い,17.13,29.2,2,,,,,,,,,,,
2026-01-01,丸亀,12,1,片岡雅裕,A1,40.00,1,◎,56.7633,,0,93.1,0.129,2.5172,,,0,低,5,0,逃1%,26,0,70.6,0.9997,0.7857,,,,,0.0286,0,0.3571,◎,,B,◎,,,0.8292,,0.6425,S,100,0,◎1着固定 2-3着流し（5〜8点）,0.5777,"{'is_target': True, 'verdict': '参加推奨', 'max_combo_prob': 0.0702, 'est_top_odds': 19.0, 'circle_concentration': 66.7, 'eligible_count': 6, 'bet_adj': 2, 'reason': 'rel_win1=56.8%（本命度） / 最有力組み合わせ確率: 0.070（推定実オッズ?19倍） / 2着集中度: 上位2艇 66.7%（補正+0.00） / 総合判定確率: 0.070 / → ヒモ分散。1号艇1着固定で広めのヒモ流し推奨（買い目+2点）', 'tenji_trigger': '展示確認: ヒモ分散レース。1号艇伸び確認後、広めのヒモ流しを採用。穴ヒモ（5・6号艇）を積極的に含める。\n展示で1号艇スタート超安定(0.129秒)→ヒモ固まり方向に注意'}",,,29.3,逃げ狙い,25.63,25.4,2,,,,,0,0,0.7559,0,,逃げ軸流し,A
2026-01-01,丸亀,12,2,中村日向,A1,28.21,2,△,14.1339,42.4,34,67.7,0.1487,3.2097,,,0,低,40,0,-,3,0,42.6,0.9767,0,0.1667,0.0833,0,0,0.1538,0.0769,0,,,E,△,,0.1388,0.645,,0.6425,S,100,0,◎1着固定 2-3着流し（5〜8点）,0.5777,"{'is_target': True, 'verdict': '参加推奨', 'max_combo_prob': 0.0702, 'est_top_odds': 19.0, 'circle_concentration': 66.7, 'eligible_count': 6, 'bet_adj': 2, 'reason': 'rel_win1=56.8%（本命度） / 最有力組み合わせ確率: 0.070（推定実オッズ?19倍） / 2着集中度: 上位2艇 66.7%（補正+0.00） / 総合判定確率: 0.070 / → ヒモ分散。1号艇1着固定で広めのヒモ流し推奨（買い目+2点）', 'tenji_trigger': '展示確認: ヒモ分散レース。1号艇伸び確認後、広めのヒモ流しを採用。穴ヒモ（5・6号艇）を積極的に含める。\n展示で1号艇スタート超安定(0.129秒)→ヒモ固まり方向に注意'}",,,29.3,逃げ狙い,25.63,25.4,2,,,,,,,,,,,
2026-01-01,丸亀,12,3,中田元泰,A1,32.18,3,▲,12.2222,24.3,100,73.2,0.1555,3.0446,,,0,低,90,0,-,46,0,64.2,0.9838,0,0.04,0,0.16,0,0.0323,0.1613,0,,,D,○,,0.1793,0.685,,0.6425,S,100,0,◎1着固定 2-3着流し（5〜8点）,0.5777,"{'is_target': True, 'verdict': '参加推奨', 'max_combo_prob': 0.0702, 'est_top_odds': 19.0, 'circle_concentration': 66.7, 'eligible_count': 6, 'bet_adj': 2, 'reason': 'rel_win1=56.8%（本命度） / 最有力組み合わせ確率: 0.070（推定実オッズ?19倍） / 2着集中度: 上位2艇 66.7%（補正+0.00） / 総合判定確率: 0.070 / → ヒモ分散。1号艇1着固定で広めのヒモ流し推奨（買い目+2点）', 'tenji_trigger': '展示確認: ヒモ分散レース。1号艇伸び確認後、広めのヒモ流しを採用。穴ヒモ（5・6号艇）を積極的に含める。\n展示で1号艇スタート超安定(0.129秒)→ヒモ固まり方向に注意'}",,,29.3,逃げ狙い,25.63,25.4,2,,,,,,,,,,,
2026-01-01,丸亀,12,4,濱野斗馬,A1,44.44,4,○,10.4544,19.4,80,66.7,0.1374,2.0741,,,0,低,40,0,ま0%,5,0,24.3,0.6853,0,0,0.0625,0.125,0,0.0968,0,0.0323,,,A,,◎,0.2728,0.638,0.4618,0.6425,S,100,0,◎1着固定 2-3着流し（5〜8点）,0.5777,"{'is_target': True, 'verdict': '参加推奨', 'max_combo_prob': 0.0702, 'est_top_odds': 19.0, 'circle_concentration': 66.7, 'eligible_count': 6, 'bet_adj': 2, 'reason': 'rel_win1=56.8%（本命度） / 最有力組み合わせ確率: 0.070（推定実オッズ?19倍） / 2着集中度: 上位2艇 66.7%（補正+0.00） / 総合判定確率: 0.070 / → ヒモ分散。1号艇1着固定で広めのヒモ流し推奨（買い目+2点）', 'tenji_trigger': '展示確認: ヒモ分散レース。1号艇伸び確認後、広めのヒモ流しを採用。穴ヒモ（5・6号艇）を積極的に含める。\n展示で1号艇スタート超安定(0.129秒)→ヒモ固まり方向に注意'}",,,29.3,逃げ狙い,25.63,25.4,2,,,,,,,,,,,
2026-01-01,丸亀,12,5,西岡顕心,A1,31.94,5,,4.5649,12.1,68,61.5,0.1577,3.4615,,,0,低,55,0,-,21,0,37.9,1.2402,0,0,0,0.125,0,0,0.0714,0,,,D,,,0.2104,0.6245,,0.6425,S,100,0,◎1着固定 2-3着流し（5〜8点）,0.5777,"{'is_target': True, 'verdict': '参加推奨', 'max_combo_prob': 0.0702, 'est_top_odds': 19.0, 'circle_concentration': 66.7, 'eligible_count': 6, 'bet_adj': 2, 'reason': 'rel_win1=56.8%（本命度） / 最有力組み合わせ確率: 0.070（推定実オッズ?19倍） / 2着集中度: 上位2艇 66.7%（補正+0.00） / 総合判定確率: 0.070 / → ヒモ分散。1号艇1着固定で広めのヒモ流し推奨（買い目+2点）', 'tenji_trigger': '展示確認: ヒモ分散レース。1号艇伸び確認後、広めのヒモ流しを採用。穴ヒモ（5・6号艇）を積極的に含める。\n展示で1号艇スタート超安定(0.129秒)→ヒモ固まり方向に注意'}",,,29.3,逃げ狙い,25.63,25.4,2,,,,,,,,,,,
2026-01-01,丸亀,12,6,竹田和哉,A1,38.67,6,,1.8612,1.8,95,43.1,0.1867,4.2157,,,0,低,106,0,-,4,0,90.4,1.7533,,,,,,0.116,0.116,0,,,C,△,,0.1361,0.6415,,0.6425,S,100,0,◎1着固定 2-3着流し（5〜8点）,0.5777,"{'is_target': True, 'verdict': '参加推奨', 'max_combo_prob': 0.0702, 'est_top_odds': 19.0, 'circle_concentration': 66.7, 'eligible_count': 6, 'bet_adj': 2, 'reason': 'rel_win1=56.8%（本命度） / 最有力組み合わせ確率: 0.070（推定実オッズ?19倍） / 2着集中度: 上位2艇 66.7%（補正+0.00） / 総合判定確率: 0.070 / → ヒモ分散。1号艇1着固定で広めのヒモ流し推奨（買い目+2点）', 'tenji_trigger': '展示確認: ヒモ分散レース。1号艇伸び確認後、広めのヒモ流しを採用。穴ヒモ（5・6号艇）を積極的に含める。\n展示で1号艇スタート超安定(0.129秒)→ヒモ固まり方向に注意'}",,,29.3,逃げ狙い,25.63,25.4,2,,,,,,,,,,,
2026-01-02,丸亀,1,1,長谷川親,B1,41.89,1,◎,52.7712,,0,55.3,0.1703,3.6316,,,0,低,166,0,逃0%,536,0,36.5,0.75,0.2222,,,,,0.1111,0.3778,0.2222,△,,B,,,,0.605,,0.2593,B,45,0,◎○△フォーメーション（15〜20点）,0.5777,"{'is_target': True, 'verdict': '参加推奨', 'max_combo_prob': 0.07, 'est_top_odds': 19.1, 'circle_concentration': 73.4, 'eligible_count': 9, 'bet_adj': 2, 'reason': 'rel_win1=52.8%（本命度） / 最有力組み合わせ確率: 0.070（推定実オッズ?19倍） / 2着集中度: 上位2艇 73.4%（補正+0.04） / 総合判定確率: 0.110 / → ヒモ分散。1号艇1着固定で広めのヒモ流し推奨（買い目+2点）', 'tenji_trigger': '展示確認: ヒモ分散レース。1号艇伸び確認後、広めのヒモ流しを採用。穴ヒモ（5・6号艇）を積極的に含める。'}",,,36.5,両建て推奨,19.06,37.2,2,4-5-6|1-2-3|1-2-4|1-3-2|1-4-3|1-3-4,3-1-5|2-1-3|3-5-1|3-2-5|3-1-2|3-1-6|4-5-6|1-2-3|1-2-4|1-3-2|1-4-3|1-3-4,4-5-6:1.7%|1-2-3:7.06%|1-2-4:6.06%|1-3-2:4.88%|1-4-3:4.86%|1-3-4:4.85%,4-5-6:B_main|1-2-3:A|1-2-4:A|1-3-2:A|1-4-3:A|1-3-4:A,6,12,0.4535,1,[!]見送り推奨（主役決まり手「まくり」― 逃げ劣勢レースで的中実績なし）,荒れ広め,D
2026-01-02,丸亀,1,2,西丸敦基,B1,30.56,2,,11.887,45.6,77,44.1,0.1691,4.2794,,,0,低,113,0,-,132,0,59.9,0.885,0,0,0,0,0.0556,0.0333,0.0667,0.3,,,E,△,,0.3562,0.6165,,0.2593,B,45,0,◎○△フォーメーション（15〜20点）,0.5777,"{'is_target': True, 'verdict': '参加推奨', 'max_combo_prob': 0.07, 'est_top_odds': 19.1, 'circle_concentration': 73.4, 'eligible_count': 9, 'bet_adj': 2, 'reason': 'rel_win1=52.8%（本命度） / 最有力組み合わせ確率: 0.070（推定実オッズ?19倍） / 2着集中度: 上位2艇 73.4%（補正+0.04） / 総合判定確率: 0.110 / → ヒモ分散。1号艇1着固定で広めのヒモ流し推奨（買い目+2点）', 'tenji_trigger': '展示確認: ヒモ分散レース。1号艇伸び確認後、広めのヒモ流しを採用。穴ヒモ（5・6号艇）を積極的に含める。'}",,,36.5,両建て推奨,19.06,37.2,2,,,,,,,,,,,
2026-01-02,丸亀,1,3,松下知幸,B1,32.86,3,,12.7369,27.8,86,44.9,0.1477,2.9493,,,0,低,152,0,-,355,0,93.3,1.8965,0,0.0303,0.0303,0.0909,0,0.2152,0.1581,0.1962,,○,D,,,0.4485,0.5965,,0.2593,B,45,0,◎○△フォーメーション（15〜20点）,0.5777,"{'is_target': True, 'verdict': '参加推奨', 'max_combo_prob': 0.07, 'est_top_odds': 19.1, 'circle_concentration': 73.4, 'eligible_count': 9, 'bet_adj': 2, 'reason': 'rel_win1=52.8%（本命度） / 最有力組み合わせ確率: 0.070（推定実オッズ?19倍） / 2着集中度: 上位2艇 73.4%（補正+0.04） / 総合判定確率: 0.110 / → ヒモ分散。1号艇1着固定で広めのヒモ流し推奨（買い目+2点）', 'tenji_trigger': '展示確認: ヒモ分散レース。1号艇伸び確認後、広めのヒモ流しを採用。穴ヒモ（5・6号艇）を積極的に含める。'}",,,36.5,両建て推奨,19.06,37.2,2,,,,,,,,,,,
2026-01-02,丸亀,1,4,大西隆洋,B1,38.27,4,▲,10.2331,19.3,80,40,0.1445,2.9818,,,0,低,103,0,-,146,0,36.1,0.9268,,,,,,0.3077,0.0769,0.3077,,◎,C,△,,0.4689,0.6055,,0.2593,B,45,0,◎○△フォーメーション（15〜20点）,0.5777,"{'is_target': True, 'verdict': '参加推奨', 'max_combo_prob': 0.07, 'est_top_odds': 19.1, 'circle_concentration': 73.4, 'eligible_count': 9, 'bet_adj': 2, 'reason': 'rel_win1=52.8%（本命度） / 最有力組み合わせ確率: 0.070（推定実オッズ?19倍） / 2着集中度: 上位2艇 73.4%（補正+0.04） / 総合判定確率: 0.110 / → ヒモ分散。1号艇1着固定で広めのヒモ流し推奨（買い目+2点）', 'tenji_trigger': '展示確認: ヒモ分散レース。1号艇伸び確認後、広めのヒモ流しを採用。穴ヒモ（5・6号艇）を積極的に含める。'}",,,36.5,両建て推奨,19.06,37.2,2,,,,,,,,,,,
2026-01-02,丸亀,1,5,吉永泰弘,B1,48.00,5,○,8.1573,5.1,100,40,0.1986,4,,,0,低,137,0,差0%,2 46,0,27.8,1.351,0,0.0833,0,0,0,0.2376,0.4541,0.0235,,,A,◎,,0.255,0.6525,,0.2593,B,45,0,◎○△フォーメーション（15〜20点）,0.5777,"{'is_target': True, 'verdict': '参加推奨', 'max_combo_prob': 0.07, 'est_top_odds': 19.1, 'circle_concentration': 73.4, 'eligible_count': 9, 'bet_adj': 2, 'reason': 'rel_win1=52.8%（本命度） / 最有力組み合わせ確率: 0.070（推定実オッズ?19倍） / 2着集中度: 上位2艇 73.4%（補正+0.04） / 総合判定確率: 0.110 / → ヒモ分散。1号艇1着固定で広めのヒモ流し推奨（買い目+2点）', 'tenji_trigger': '展示確認: ヒモ分散レース。1号艇伸び確認後、広めのヒモ流しを採用。穴ヒモ（5・6号艇）を積極的に含める。'}",,,36.5,両建て推奨,19.06,37.2,2,,,,,,,,,,,
2026-01-02,丸亀,1,6,中村桃佳,B1,38.67,6,△,4.2145,2.2,78,26.1,0.1491,3.5435,,,0,低,41,0,-,2 15,0,29.6,0.8647,0,0,0,0.0667,0,0.0471,0.0706,0.2706,,△,C,○,,0.4142,0.6205,,0.2593,B,45,0,◎○△フォーメーション（15〜20点）,0.5777,"{'is_target': True, 'verdict': '参加推奨', 'max_combo_prob': 0.07, 'est_top_odds': 19.1, 'circle_concentration': 73.4, 'eligible_count': 9, 'bet_adj': 2, 'reason': 'rel_win1=52.8%（本命度） / 最有力組み合わせ確率: 0.070（推定実オッズ?19倍） / 2着集中度: 上位2艇 73.4%（補正+0.04） / 総合判定確率: 0.110 / → ヒモ分散。1号艇1着固定で広めのヒモ流し推奨（買い目+2点）', 'tenji_trigger': '展示確認: ヒモ分散レース。1号艇伸び確認後、広めのヒモ流しを採用。穴ヒモ（5・6号艇）を積極的に含める。'}",,,36.5,両建て推奨,19.06,37.2,2,,,,,,,,,,,
2026-01-02,丸亀,2,1,三嶌さら,B1,41.43,1,◎,48.6362,,0,75,0.2175,4.125,,,0,低,82,1,逃0%,5 54,0,60.2,0.9621,0.5,,,,,0,0.25,0,△⚠️,,A,△,,,0.576,,0.2461,B,56,0,◎○△フォーメーション（15〜20点）,0.5777,"{'is_target': True, 'verdict': '参加推奨', 'max_combo_prob': 0.0514, 'est_top_odds': 25.9, 'circle_concentration': 62.7, 'eligible_count': 9, 'bet_adj': 2, 'reason': 'rel_win1=48.6%（本命度） / 最有力組み合わせ確率: 0.051（推定実オッズ?26倍） / 2着集中度: 上位2艇 62.7%（補正+0.00） / 総合判定確率: 0.051 / → ヒモ分散。1号艇1着固定で広めのヒモ流し推奨（買い目+2点）', 'tenji_trigger': '展示確認: ヒモ分散レース。1号艇伸び確認後、広めのヒモ流しを採用。穴ヒモ（5・6号艇）を積極的に含める。\n展示で1号艇スタート遅め(0.217秒)確認→ヒモが荒れやすい'}",,,35.3,両建て推奨,22.27,30.9,5,2-3-5|2-3-4|2-3-6|2-4-3|2-4-5|2-6-3|2-4-6|1-2-5|1-3-5|2-1-5|1-2-4|1-4-5,2-3-5|2-3-4|2-3-6|2-4-3|2-4-5|2-6-3|2-4-6|1-2-5|1-3-5|2-1-5|1-2-4|1-4-5,2-3-5:1.39%|2-3-4:1.32%|2-3-6:1.18%|2-4-3:0.71%|2-4-5:0.66%|2-6-3:0.58%|2-4-6:0.56%|1-2-5:8.4%|1-3-5:7.72%|2-1-5:6.65%|1-2-4:6.54%|1-4-5:6.5%,2-3-5:B_main|2-3-4:B_main|2-3-6:B_main|2-4-3:B_main|2-4-5:B_main|2-6-3:B_main|2-4-6:B_main|1-2-5:A|1-3-5:A|2-1-5:B_sc|1-2-4:A|1-4-5:A,12,12,0.4535,1,[!]見送り推奨（主役決まり手「まくり」― 逃げ劣勢レースで的中実績なし）,主役軸流し,B
2026-01-02,丸亀,2,2,越智照浩,B2,25.00,2,,7.705,30.4,59,35.4,0.155,3.5104,,,0,低,133,0,-,346,0,83.1,0.9231,0,0,0.0385,0,0,0.2,0.35,0.05,,◎,E,,,0.5538,0.563,,0.2461,B,56,0,◎○△フォーメーション（15〜20点）,0.5777,"{'is_target': True, 'verdict': '参加推奨', 'max_combo_prob': 0.0514, 'est_top_odds': 25.9, 'circle_concentration': 62.7, 'eligible_count': 9, 'bet_adj': 2, 'reason': 'rel_win1=48.6%（本命度） / 最有力組み合わせ確率: 0.051（推定実オッズ?26倍） / 2着集中度: 上位2艇 62.7%（補正+0.00） / 総合判定確率: 0.051 / → ヒモ分散。1号艇1着固定で広めのヒモ流し推奨（買い目+2点）', 'tenji_trigger': '展示確認: ヒモ分散レース。1号艇伸び確認後、広めのヒモ流しを採用。穴ヒモ（5・6号艇）を積極的に含める。\n展示で1号艇スタート遅め(0.217秒)確認→ヒモが荒れやすい'}",,,35.3,両建て推奨,22.27,30.9,5,,,,,,,,,,,
2026-01-02,丸亀,2,3,水谷理人,B1,28.40,3,△,16.7958,32.2,85,61.8,0.1635,3,,,0,低,64,0,-,6 31,0,55.1,1.2358,0,0.05,0.1,0.1,0,0.0533,0.28,0.0267,,△,D,,,0.4849,0.569,,0.2461,B,56,0,◎○△フォーメーション（15〜20点）,0.5777,"{'is_target': True, 'verdict': '参加推奨', 'max_combo_prob': 0.0514, 'est_top_odds': 25.9, 'circle_concentration': 62.7, 'eligible_count': 9, 'bet_adj': 2, 'reason': 'rel_win1=48.6%（本命度） / 最有力組み合わせ確率: 0.051（推定実オッズ?26倍） / 2着集中度: 上位2艇 62.7%（補正+0.00） / 総合判定確率: 0.051 / → ヒモ分散。1号艇1着固定で広めのヒモ流し推奨（買い目+2点）', 'tenji_trigger': '展示確認: ヒモ分散レース。1号艇伸び確認後、広めのヒモ流しを採用。穴ヒモ（5・6号艇）を積極的に含める。\n展示で1号艇スタート遅め(0.217秒)確認→ヒモが荒れやすい'}",,,35.3,両建て推奨,22.27,30.9,5,,,,,,,,,,,
2026-01-02,丸亀,2,4,妻鳥晋也,B1,31.51,4,▲,7.9618,25.6,79,52.5,0.1792,3.8983,,,0,低,151,0,-,365,0,81.8,1.3821,0,0,0,0.069,0.0345,0.25,0.21,0.23,,,C,△,,0.4374,0.601,,0.2461,B,56,0,◎○△フォーメーション（15〜20点）,0.5777,"{'is_target': True, 'verdict': '参加推奨', 'max_combo_prob': 0.0514, 'est_top_odds': 25.9, 'circle_concentration': 62.7, 'eligible_count': 9, 'bet_adj': 2, 'reason': 'rel_win1=48.6%（本命度） / 最有力組み合わせ確率: 0.051（推定実オッズ?26倍） / 2着集中度: 上位2艇 62.7%（補正+0.00） / 総合判定確率: 0.051 / → ヒモ分散。1号艇1着固定で広めのヒモ流し推奨（買い目+2点）', 'tenji_trigger': '展示確認: ヒモ分散レース。1号艇伸び確認後、広めのヒモ流しを採用。穴ヒモ（5・6号艇）を積極的に含める。\n展示で1号艇スタート遅め(0.217秒)確認→ヒモが荒れやすい'}",,,35.3,両建て推奨,22.27,30.9,5,,,,,,,,,,,
2026-01-02,丸亀,2,5,石丸海渡,A1,37.84,5,○,16.7642,7.5,100,63.6,0.1036,2.3485,,,0,低,26,0,差ま0%,622,0,45.8,1.0121,0,0,0.0588,0.1176,0,0.0792,0.0125,0,,,B,◎,◎,0.4809,0.687,0.4861,0.2461,B,56,0,◎○△フォーメーション（15〜20点）,0.5777,"{'is_target': True, 'verdict': '参加推奨', 'max_combo_prob': 0.0514, 'est_top_odds': 25.9, 'circle_concentration': 62.7, 'eligible_count': 9, 'bet_adj': 2, 'reason': 'rel_win1=48.6%（本命度） / 最有力組み合わせ確率: 0.051（推定実オッズ?26倍） / 2着集中度: 上位2艇 62.7%（補正+0.00） / 総合判定確率: 0.051 / → ヒモ分散。1号艇1着固定で広めのヒモ流し推奨（買い目+2点）', 'tenji_trigger': '展示確認: ヒモ分散レース。1号艇伸び確認後、広めのヒモ流しを採用。穴ヒモ（5・6号艇）を積極的に含める。\n展示で1号艇スタート遅め(0.217秒)確認→ヒモが荒れやすい'}",,,35.3,両建て推奨,22.27,30.9,5,,,,,,,,,,,
2026-01-02,丸亀,2,6,西丸侑太,A2,30.67,6,,2.1369,4.2,67,34.1,0.1627,4.0114,,,0,低,100,0,-,513,0,30,1.4597,,,,,,0,0.1314,0.0429,,○,D,○,,0.4852,0.6105,,0.2461,B,56,0,◎○△フォーメーション（15〜20点）,0.5777,"{'is_target': True, 'verdict': '参加推奨', 'max_combo_prob': 0.0514, 'est_top_odds': 25.9, 'circle_concentration': 62.7, 'eligible_count': 9, 'bet_adj': 2, 'reason': 'rel_win1=48.6%（本命度） / 最有力組み合わせ確率: 0.051（推定実オッズ?26倍） / 2着集中度: 上位2艇 62.7%（補正+0.00） / 総合判定確率: 0.051 / → ヒモ分散。1号艇1着固定で広めのヒモ流し推奨（買い目+2点）', 'tenji_trigger': '展示確認: ヒモ分散レース。1号艇伸び確認後、広めのヒモ流しを採用。穴ヒモ（5・6号艇）を積極的に含める。\n展示で1号艇スタート遅め(0.217秒)確認→ヒモが荒れやすい'}",,,35.3,両建て推奨,22.27,30.9,5,,,,,,,,,,,
2026-01-02,丸亀,3,1,大廣咲季,B1,37.14,1,◎,46.1881,,0,25,0.1888,3.5625,,,0,低,81,1,逃0%,6 46,0,25.1,0.5296,0.3333,,,,,0.3333,0.3333,0,,,C,,,,0.543,,0.1589,D,18,1,大荒れ。見送り推奨,0.5777,"{'is_target': True, 'verdict': '参加推奨', 'max_combo_prob': 0.0721, 'est_top_odds': 18.5, 'circle_concentration': 76.1, 'eligible_count': 6, 'bet_adj': 2, 'reason': 'rel_win1=46.2%（本命度） / 最有力組み合わせ確率: 0.072（推定実オッズ?18倍） / 2着集中度: 上位2艇 76.1%（補正+0.04） / 総合判定確率: 0.112 / → ヒモ分散。1号艇1着固定で広めのヒモ流し推奨（買い目+2点）', 'tenji_trigger': '展示確認: ヒモ分散レース。1号艇伸び確認後、広めのヒモ流しを採用。穴ヒモ（5・6号艇）を積極的に含める。\n展示で1号艇スタート遅め(0.189秒)確認→ヒモが荒れやすい'}",,,34.4,両建て推奨,22.2,42.8,2,2-3-6|2-3-4|2-3-5|2-6-3|2-4-3|2-4-6|2-6-4|1-2-3|1-2-4|1-3-2|1-3-4,2-3-6|2-3-4|2-3-5|2-6-3|2-4-3|2-4-6|2-6-4|1-2-3|1-2-4|1-3-2|5-1-3|1-3-4,2-3-6:2.64%|2-3-4:2.35%|2-3-5:1.58%|2-6-3:1.55%|2-4-3:1.43%|2-4-6:0.46%|2-6-4:0.44%|1-2-3:5.32%|1-2-4:4.29%|1-3-2:3.81%|1-3-4:3.2%,2-3-6:B_main|2-3-4:B_main|2-3-5:B_main|2-6-3:B_main|2-4-3:B_main|2-4-6:B_main|2-6-4:B_main|1-2-3:A|1-2-4:A|1-3-2:A|1-3-4:A,11,12,0.2915,1,[!]見送り推奨（主役決まり手「まくり」― 逃げ劣勢レースで的中実績なし）,主役軸流し,B
2026-01-02,丸亀,3,2,西村美智,B2,39.74,2,○,16.8641,44.5,90,73.3,0.1573,3.1667,,,0,低,25,0,ま1%,131,0,35.2,0.7157,0,0,0.2857,0,0,0.1111,0.1111,0.1111,,◎,B,○,,0.5946,0.6285,,0.1589,D,18,1,大荒れ。見送り推奨,0.5777,"{'is_target': True, 'verdict': '参加推奨', 'max_combo_prob': 0.0721, 'est_top_odds': 18.5, 'circle_concentration': 76.1, 'eligible_count': 6, 'bet_adj': 2, 'reason': 'rel_win1=46.2%（本命度） / 最有力組み合わせ確率: 0.072（推定実オッズ?18倍） / 2着集中度: 上位2艇 76.1%（補正+0.04） / 総合判定確率: 0.112 / → ヒモ分散。1号艇1着固定で広めのヒモ流し推奨（買い目+2点）', 'tenji_trigger': '展示確認: ヒモ分散レース。1号艇伸び確認後、広めのヒモ流しを採用。穴ヒモ（5・6号艇）を積極的に含める。\n展示で1号艇スタート遅め(0.189秒)確認→ヒモが荒れやすい'}",,,34.4,両建て推奨,22.2,42.8,2,,,,,,,,,,,
2026-01-02,丸亀,3,3,木谷賢太,A2,24.00,3,△,18.7637,31.6,100,76.9,0.1562,3.0673,,,0,低,107,0,ま0% 差ま0%,3 53,0,59.5,1.0196,0,0,0.12,0.12,0,0.0343,0.0114,0.1957,,○,E,◎,,0.4733,0.663,,0.1589,D,18,1,大荒れ。見送り推奨,0.5777,"{'is_target': True, 'verdict': '参加推奨', 'max_combo_prob': 0.0721, 'est_top_odds': 18.5, 'circle_concentration': 76.1, 'eligible_count': 6, 'bet_adj': 2, 'reason': 'rel_win1=46.2%（本命度） / 最有力組み合わせ確率: 0.072（推定実オッズ?18倍） / 2着集中度: 上位2艇 76.1%（補正+0.04） / 総合判定確率: 0.112 / → ヒモ分散。1号艇1着固定で広めのヒモ流し推奨（買い目+2点）', 'tenji_trigger': '展示確認: ヒモ分散レース。1号艇伸び確認後、広めのヒモ流しを採用。穴ヒモ（5・6号艇）を積極的に含める。\n展示で1号艇スタート遅め(0.189秒)確認→ヒモが荒れやすい'}",,,34.4,両建て推奨,22.2,42.8,2,,,,,,,,,,,
2026-01-02,丸亀,3,4,川上清人,B1,38.75,4,▲,8.2165,12.8,32,30.6,0.1776,3.8163,,,0,低,150,0,-,5 12,0,74.9,1.0866,0,0,0,0.08,0,0.3733,0.0381,0.1962,,,B,△,,0.334,0.595,,0.1589,D,18,1,大荒れ。見送り推奨,0.5777,"{'is_target': True, 'verdict': '参加推奨', 'max_combo_prob': 0.0721, 'est_top_odds': 18.5, 'circle_concentration': 76.1, 'eligible_count': 6, 'bet_adj': 2, 'reason': 'rel_win1=46.2%（本命度） / 最有力組み合わせ確率: 0.072（推定実オッズ?18倍） / 2着集中度: 上位2艇 76.1%（補正+0.04） / 総合判定確率: 0.112 / → ヒモ分散。1号艇1着固定で広めのヒモ流し推奨（買い目+2点）', 'tenji_trigger': '展示確認: ヒモ分散レース。1号艇伸び確認後、広めのヒモ流しを採用。穴ヒモ（5・6号艇）を積極的に含める。\n展示で1号艇スタート遅め(0.189秒)確認→ヒモが荒れやすい'}",,,34.4,両建て推奨,22.2,42.8,2,,,,,,,,,,,
2026-01-02,丸亀,3,5,上田隆章,B1,35.71,5,,5.9997,6.4,73,39.6,0.2047,4.6509,,,0,低,192,0,-,422,0,20.8,0.6219,0,0,0,0.0833,0,0.3,0.22,0.1,,,C,,,0.2426,0.5515,,0.1589,D,18,1,大荒れ。見送り推奨,0.5777,"{'is_target': True, 'verdict': '参加推奨', 'max_combo_prob': 0.0721, 'est_top_odds': 18.5, 'circle_concentration': 76.1, 'eligible_count': 6, 'bet_adj': 2, 'reason': 'rel_win1=46.2%（本命度） / 最有力組み合わせ確率: 0.072（推定実オッズ?18倍） / 2着集中度: 上位2艇 76.1%（補正+0.04） / 総合判定確率: 0.112 / → ヒモ分散。1号艇1着固定で広めのヒモ流し推奨（買い目+2点）', 'tenji_trigger': '展示確認: ヒモ分散レース。1号艇伸び確認後、広めのヒモ流しを採用。穴ヒモ（5・6号艇）を積極的に含める。\n展示で1号艇スタート遅め(0.189秒)確認→ヒモが荒れやすい'}",,,34.4,両建て推奨,22.2,42.8,2,,,,,,,,,,,
2026-01-02,丸亀,3,6,川原祐明,A1,32.14,6,,3.9678,4.7,80,40.7,0.1822,4.037,,,0,低,110,0,-,233,0,35.6,0.6814,0,0,0,0.037,0,0.0276,0.1014,0.0138,,,D,△,,0.303,0.6185,,0.1589,D,18,1,大荒れ。見送り推奨,0.5777,"{'is_target': True, 'verdict': '参加推奨', 'max_combo_prob': 0.0721, 'est_top_odds': 18.5, 'circle_concentration': 76.1, 'eligible_count': 6, 'bet_adj': 2, 'reason': 'rel_win1=46.2%（本命度） / 最有力組み合わせ確率: 0.072（推定実オッズ?18倍） / 2着集中度: 上位2艇 76.1%（補正+0.04） / 総合判定確率: 0.112 / → ヒモ分散。1号艇1着固定で広めのヒモ流し推奨（買い目+2点）', 'tenji_trigger': '展示確認: ヒモ分散レース。1号艇伸び確認後、広めのヒモ流しを採用。穴ヒモ（5・6号艇）を積極的に含める。\n展示で1号艇スタート遅め(0.189秒)確認→ヒモが荒れやすい'}",,,34.4,両建て推奨,22.2,42.8,2,,,,,,,,,,,
2026-01-02,丸亀,4,1,木村光宏,B1,34.09,1,◎,43.8524,,0,71.7,0.1528,3.2283,,,0,低,99,0,逃0%,1 32,0,58.1,0.8888,0.3333,,,,,0.3952,0.3571,0.0571,○,,D,○,,,0.6335,,0.406,B,54,0,◎○△フォーメーション（15〜20点）,0.5777,"{'is_target': False, 'verdict': '対象外', 'max_combo_prob': None, 'est_top_odds': None, 'circle_concentration': None, 'eligible_count': 0, 'bet_adj': 0, 'reason': '1号艇rel_win1 < 45%: 通常判定に委ねる', 'tenji_trigger': ''}",,,34.4,両建て推奨,21.74,43.2,4,,,,,0,0,0.6155,0,,主役軸流し,B
2026-01-02,丸亀,4,2,古田祐貴,A2,48.00,2,○,17.629,43.7,100,75,0.152,3.1917,,,0,低,105,0,差0%,5124,0,100,0.8267,0,0.125,0,0,0,0.2088,0.1971,0.1338,,○,B,△,,0.3957,0.6265,,0.406,B,54,0,◎○△フォーメーション（15〜20点）,0.5777,"{'is_target': False, 'verdict': '対象外', 'max_combo_prob': None, 'est_top_odds': None, 'circle_concentration': None, 'eligible_count': 0, 'bet_adj': 0, 'reason': '1号艇rel_win1 < 45%: 通常判定に委ねる', 'tenji_trigger': ''}",,,34.4,両建て推奨,21.74,43.2,4,,,,,,,,,,,
2026-01-02,丸亀,4,3,田頭虎親,B1,26.83,3,,19.4573,29.5,73,61,0.1668,3.8049,,,0,低,121,0,-,313,0,82.7,1.8106,0,0,0,0.1176,0,0.1,0.375,0.025,,,E,,,0.2898,0.5945,,0.406,B,54,0,◎○△フォーメーション（15〜20点）,0.5777,"{'is_target': False, 'verdict': '対象外', 'max_combo_prob': None, 'est_top_odds': None, 'circle_concentration': None, 'eligible_count': 0, 'bet_adj': 0, 'reason': '1号艇rel_win1 < 45%: 通常判定に委ねる', 'tenji_trigger': ''}",,,34.4,両建て推奨,21.74,43.2,4,,,,,,,,,,,
2026-01-02,丸亀,4,4,中村晃朋,A1,34.67,4,△,13.0232,24.3,71,63.9,0.1389,3.2917,,,0,低,56,0,差0%,4611,0,76.2,1.5221,0,0.1429,0,0,0,0.1745,0,0.1564,,◎,D,◎,◎,0.4098,0.678,0.4992,0.406,B,54,0,◎○△フォーメーション（15〜20点）,0.5777,"{'is_target': False, 'verdict': '対象外', 'max_combo_prob': None, 'est_top_odds': None, 'circle_concentration': None, 'eligible_count': 0, 'bet_adj': 0, 'reason': '1号艇rel_win1 < 45%: 通常判定に委ねる', 'tenji_trigger': ''}",,,34.4,両建て推奨,21.74,43.2,4,,,,,,,,,,,
2026-01-02,丸亀,4,5,三好勇人,B1,49.30,5,▲,4.7047,1,50,26.8,0.1598,3.3214,,,0,低,88,0,-,444,0,37.7,2.3298,0,0,0,0.0333,0,0.0133,0.16,0.0533,,,A,△,,0.3107,0.6185,,0.406,B,54,0,◎○△フォーメーション（15〜20点）,0.5777,"{'is_target': False, 'verdict': '対象外', 'max_combo_prob': None, 'est_top_odds': None, 'circle_concentration': None, 'eligible_count': 0, 'bet_adj': 0, 'reason': '1号艇rel_win1 < 45%: 通常判定に委ねる', 'tenji_trigger': ''}",,,34.4,両建て推奨,21.74,43.2,4,,,,,,,,,,,
2026-01-02,丸亀,4,6,中澤里桜,B2,45.21,6,,1.3334,1.5,36,4.3,0.2217,4.5435,,,0,低,12,0,-,666,0,30.8,0.555,,,,,,,,,,,B,,,0.1925,0.4195,,0.406,B,54,0,◎○△フォーメーション（15〜20点）,0.5777,"{'is_target': False, 'verdict': '対象外', 'max_combo_prob': None, 'est_top_odds': None, 'circle_concentration': None, 'eligible_count': 0, 'bet_adj': 0, 'reason': '1号艇rel_win1 < 45%: 通常判定に委ねる', 'tenji_trigger': ''}",,,34.4,両建て推奨,21.74,43.2,4,,,,,,,,,,,
2026-01-02,丸亀,5,1,小野寺智,B1,35.14,1,◎,41.9919,,0,87.7,0.1182,2.5411,,,0,低,79,0,逃1%,2 66,0,90.3,1.2054,0.4348,,,,,0.1217,0.0174,0.3096,◎,,D,△,,,0.6185,,0.6005,A,67,0,◎-○軸 3着3〜4艇流し（10〜15点）,0.5777,"{'is_target': False, 'verdict': '対象外', 'max_combo_prob': None, 'est_top_odds': None, 'circle_concentration': None, 'eligible_count': 0, 'bet_adj': 0, 'reason': '1号艇rel_win1 < 45%: 通常判定に委ねる', 'tenji_trigger': ''}",,,29.7,逃げ狙い,22.82,28.7,3,,,,,0,0,0.7559,0,,逃げ軸流し,A
2026-01-02,丸亀,5,2,石井伸長,B1,56.94,2,△,13.3307,33.1,70,54.5,0.22,4.4091,,,0,低,79,1,差0% 抜0%,5 33,0,24,0.9129,0,0.0909,0,0,0.0909,0,0.5,0.25,,,A,,,0.0882,0.5655,,0.6005,A,67,0,◎-○軸 3着3〜4艇流し（10〜15点）,0.5777,"{'is_target': False, 'verdict': '対象外', 'max_combo_prob': None, 'est_top_odds': None, 'circle_concentration': None, 'eligible_count': 0, 'bet_adj': 0, 'reason': '1号艇rel_win1 < 45%: 通常判定に委ねる', 'tenji_trigger': ''}",,,29.7,逃げ狙い,22.82,28.7,3,,,,,,,,,,,
2026-01-02,丸亀,5,3,竹田和哉,A1,38.67,3,▲,16.5712,42.3,68,76.6,0.1462,2.8936,,,0,低,106,0,ま0%,4 24,0,86.7,1.0237,0,0,0.2174,0.0435,0,0.116,0.116,0,,,C,◎,,0.1969,0.6415,,0.6005,A,67,0,◎-○軸 3着3〜4艇流し（10〜15点）,0.5777,"{'is_target': False, 'verdict': '対象外', 'max_combo_prob': None, 'est_top_odds': None, 'circle_concentration': None, 'eligible_count': 0, 'bet_adj': 0, 'reason': '1号艇rel_win1 < 45%: 通常判定に委ねる', 'tenji_trigger': ''}",,,29.7,逃げ狙い,22.82,28.7,3,,,,,,,,,,,
2026-01-02,丸亀,5,4,重成一人,A1,47.14,4,○,21.5846,17.4,100,84.4,0.1491,2.9219,,,0,低,51,0,差0%,414,0,44.8,0.9785,0,0.0588,0.1765,0,0,0.0533,0.2533,0.0133,,,B,○,◎,0.2021,0.6315,0.4982,0.6005,A,67,0,◎-○軸 3着3〜4艇流し（10〜15点）,0.5777,"{'is_target': False, 'verdict': '対象外', 'max_combo_prob': None, 'est_top_odds': None, 'circle_concentration': None, 'eligible_count': 0, 'bet_adj': 0, 'reason': '1号艇rel_win1 < 45%: 通常判定に委ねる', 'tenji_trigger': ''}",,,29.7,逃げ狙い,22.82,28.7,3,,,,,,,,,,,
2026-01-02,丸亀,5,5,森安弘雅,A2,38.46,5,,5.4522,5.9,65,33.9,0.1922,4.1462,,,0,低,178,0,-,656,0,40.5,1.651,0,0,0,0.0435,0,0.0167,0.1833,0.2,,,D,△,,0.107,0.6065,,0.6005,A,67,0,◎-○軸 3着3〜4艇流し（10〜15点）,0.5777,"{'is_target': False, 'verdict': '対象外', 'max_combo_prob': None, 'est_top_odds': None, 'circle_concentration': None, 'eligible_count': 0, 'bet_adj': 0, 'reason': '1号艇rel_win1 < 45%: 通常判定に委ねる', 'tenji_trigger': ''}",,,29.7,逃げ狙い,22.82,28.7,3,,,,,,,,,,,
2026-01-02,丸亀,5,6,谷口佳蓮,B1,35.62,6,,1.0695,1.3,36,8.7,0.22,4.5435,,,0,低,45,0,-,6 36,0,91.4,2.0042,,,,,,0.1091,0,0.2727,,,D,,,0.1412,0.5715,,0.6005,A,67,0,◎-○軸 3着3〜4艇流し（10〜15点）,0.5777,"{'is_target': False, 'verdict': '対象外', 'max_combo_prob': None, 'est_top_odds': None, 'circle_concentration': None, 'eligible_count': 0, 'bet_adj': 0, 'reason': '1号艇rel_win1 < 45%: 通常判定に委ねる', 'tenji_trigger': ''}",,,29.7,逃げ狙い,22.82,28.7,3,,,,,,,,,,,
2026-01-02,丸亀,6,1,宮崎　奨,A2,38.03,1,◎,59.7432,,0,95,0.1571,2.8625,,,0,低,134,0,逃1%,1 45,0,65.1,1.0262,0.5429,,,,,0.0343,0.1571,0.2686,◎,,C,○,,,0.658,,0.5585,S,87,0,◎1着固定 2-3着流し（5〜8点）,0.5777,"{'is_target': True, 'verdict': '点数絞り', 'max_combo_prob': 0.0809, 'est_top_odds': 16.5, 'circle_concentration': 76.4, 'eligible_count': 6, 'bet_adj': 0, 'reason': 'rel_win1=59.7%（本命度） / 最有力組み合わせ確率: 0.081（推定実オッズ?16倍） / 2着集中度: 上位2艇 76.4%（補正+0.04） / 総合判定確率: 0.121 / → ヒモはやや固め。上位2艇以外を切ること', 'tenji_trigger': '展示確認: 1号艇伸び良→そのまま採用。悪→飛び組に差し替え。circle_pct上位2艇に絞り込むこと。'}",,,27.8,逃げ狙い,14.56,30.4,5,,,,,0,0,0.7559,0,,逃げ軸流し,A
2026-01-02,丸亀,6,2,門田　栞,B1,25.35,2,,8.0279,45.2,66,44.1,0.1668,3.6765,,,0,低,76,0,-,1 23,0,97.9,1.9088,,,,,,0.2308,0.3077,0,,,E,,,0.2356,0.5145,,0.5585,S,87,0,◎1着固定 2-3着流し（5〜8点）,0.5777,"{'is_target': True, 'verdict': '点数絞り', 'max_combo_prob': 0.0809, 'est_top_odds': 16.5, 'circle_concentration': 76.4, 'eligible_count': 6, 'bet_adj': 0, 'reason': 'rel_win1=59.7%（本命度） / 最有力組み合わせ確率: 0.081（推定実オッズ?16倍） / 2着集中度: 上位2艇 76.4%（補正+0.04） / 総合判定確率: 0.121 / → ヒモはやや固め。上位2艇以外を切ること', 'tenji_trigger': '展示確認: 1号艇伸び良→そのまま採用。悪→飛び組に差し替え。circle_pct上位2艇に絞り込むこと。'}",,,27.8,逃げ狙い,14.56,30.4,5,,,,,,,,,,,
2026-01-02,丸亀,6,3,宮武英司,B1,60.27,3,○,8.0079,31.2,100,50,0.1588,3.4833,,,0,低,89,0,-,3 15,0,54.1,1.3187,0,0,0.0357,0,0,0.4889,0.0222,0.0222,,,A,○,,0.2873,0.658,,0.5585,S,87,0,◎1着固定 2-3着流し（5〜8点）,0.5777,"{'is_target': True, 'verdict': '点数絞り', 'max_combo_prob': 0.0809, 'est_top_odds': 16.5, 'circle_concentration': 76.4, 'eligible_count': 6, 'bet_adj': 0, 'reason': 'rel_win1=59.7%（本命度） / 最有力組み合わせ確率: 0.081（推定実オッズ?16倍） / 2着集中度: 上位2艇 76.4%（補正+0.04） / 総合判定確率: 0.121 / → ヒモはやや固め。上位2艇以外を切ること', 'tenji_trigger': '展示確認: 1号艇伸び良→そのまま採用。悪→飛び組に差し替え。circle_pct上位2艇に絞り込むこと。'}",,,27.8,逃げ狙い,14.56,30.4,5,,,,,,,,,,,
2026-01-02,丸亀,6,4,吉永泰弘,B1,48.00,4,,4.9077,14.1,67,39.5,0.1784,3.6977,,,0,低,137,0,-,2 46,0,25.6,0.7547,0,0,0,0.0556,0,0.2376,0.4541,0.0235,,,B,△,,0.229,0.6525,,0.5585,S,87,0,◎1着固定 2-3着流し（5〜8点）,0.5777,"{'is_target': True, 'verdict': '点数絞り', 'max_combo_prob': 0.0809, 'est_top_odds': 16.5, 'circle_concentration': 76.4, 'eligible_count': 6, 'bet_adj': 0, 'reason': 'rel_win1=59.7%（本命度） / 最有力組み合わせ確率: 0.081（推定実オッズ?16倍） / 2着集中度: 上位2艇 76.4%（補正+0.04） / 総合判定確率: 0.121 / → ヒモはやや固め。上位2艇以外を切ること', 'tenji_trigger': '展示確認: 1号艇伸び良→そのまま採用。悪→飛び組に差し替え。circle_pct上位2艇に絞り込むこと。'}",,,27.8,逃げ狙い,14.56,30.4,5,,,,,,,,,,,
2026-01-02,丸亀,6,5,中村日向,A1,28.21,5,▲,14.9603,6.9,78,55.2,0.1493,3.3966,,,0,低,40,0,差ま0%,3 25,0,82.7,1.65,0,0,0,0.25,0.0833,0.1538,0.0769,0,,,E,△,◎,0.3841,0.645,0.461,0.5585,S,87,0,◎1着固定 2-3着流し（5〜8点）,0.5777,"{'is_target': True, 'verdict': '点数絞り', 'max_combo_prob': 0.0809, 'est_top_odds': 16.5, 'circle_concentration': 76.4, 'eligible_count': 6, 'bet_adj': 0, 'reason': 'rel_win1=59.7%（本命度） / 最有力組み合わせ確率: 0.081（推定実オッズ?16倍） / 2着集中度: 上位2艇 76.4%（補正+0.04） / 総合判定確率: 0.121 / → ヒモはやや固め。上位2艇以外を切ること', 'tenji_trigger': '展示確認: 1号艇伸び良→そのまま採用。悪→飛び組に差し替え。circle_pct上位2艇に絞り込むこと。'}",,,27.8,逃げ狙い,14.56,30.4,5,,,,,,,,,,,
2026-01-02,丸亀,6,6,森高一真,A1,53.42,6,△,4.3529,2.6,89,68.8,0.1656,3.8438,,,0,低,28,0,-,3412,0,43,1.0636,0,0.037,0,0,0,0,0.1667,0.3333,,,B,◎,,0.2718,0.685,,0.5585,S,87,0,◎1着固定 2-3着流し（5〜8点）,0.5777,"{'is_target': True, 'verdict': '点数絞り', 'max_combo_prob': 0.0809, 'est_top_odds': 16.5, 'circle_concentration': 76.4, 'eligible_count': 6, 'bet_adj': 0, 'reason': 'rel_win1=59.7%（本命度） / 最有力組み合わせ確率: 0.081（推定実オッズ?16倍） / 2着集中度: 上位2艇 76.4%（補正+0.04） / 総合判定確率: 0.121 / → ヒモはやや固め。上位2艇以外を切ること', 'tenji_trigger': '展示確認: 1号艇伸び良→そのまま採用。悪→飛び組に差し替え。circle_pct上位2艇に絞り込むこと。'}",,,27.8,逃げ狙い,14.56,30.4,5,,,,,,,,,,,
2026-01-02,丸亀,7,1,秋山広一,A2,34.25,1,◎,55.6281,,0,93.7,0.1343,2.5476,,,0,低,90,0,逃0%,2252,0,69.2,1.0013,0.72,,,,,0,0.168,0.168,◎,,C,△,,,0.651,,0.5445,S,89,0,◎1着固定 2-3着流し（5〜8点）,0.5777,"{'is_target': True, 'verdict': '参加推奨', 'max_combo_prob': 0.0822, 'est_top_odds': 16.2, 'circle_concentration': 65.1, 'eligible_count': 6, 'bet_adj': 2, 'reason': 'rel_win1=55.6%（本命度） / 最有力組み合わせ確率: 0.082（推定実オッズ?16倍） / 2着集中度: 上位2艇 65.1%（補正+0.00） / 総合判定確率: 0.082 / → ヒモ分散。1号艇1着固定で広めのヒモ流し推奨（買い目+2点）', 'tenji_trigger': '展示確認: ヒモ分散レース。1号艇伸び確認後、広めのヒモ流しを採用。穴ヒモ（5・6号艇）を積極的に含める。\n展示で1号艇スタート超安定(0.134秒)→ヒモ固まり方向に注意'}",,,29.8,逃げ狙い,24.95,27.2,4,,,,,0,0,0.7559,0,,逃げ軸流し,A
2026-01-02,丸亀,7,2,塩田雄一,B1,30.99,2,,7.0138,20,41,39,0.1837,3.8814,,,0,低,147,0,-,224,0,81.4,1.595,0,0,0.08,0,0,0.4143,0.0952,0.2071,,,D,,,0.0607,0.5565,,0.5445,S,89,0,◎1着固定 2-3着流し（5〜8点）,0.5777,"{'is_target': True, 'verdict': '参加推奨', 'max_combo_prob': 0.0822, 'est_top_odds': 16.2, 'circle_concentration': 65.1, 'eligible_count': 6, 'bet_adj': 2, 'reason': 'rel_win1=55.6%（本命度） / 最有力組み合わせ確率: 0.082（推定実オッズ?16倍） / 2着集中度: 上位2艇 65.1%（補正+0.00） / 総合判定確率: 0.082 / → ヒモ分散。1号艇1着固定で広めのヒモ流し推奨（買い目+2点）', 'tenji_trigger': '展示確認: ヒモ分散レース。1号艇伸び確認後、広めのヒモ流しを採用。穴ヒモ（5・6号艇）を積極的に含める。\n展示で1号艇スタート超安定(0.134秒)→ヒモ固まり方向に注意'}",,,29.8,逃げ狙い,24.95,27.2,4,,,,,,,,,,,
2026-01-02,丸亀,7,3,中村桃佳,B1,38.67,3,▲,14.5566,30.1,56,56,0.1196,2.24,,,0,低,41,0,ま0%,2 15,0,27,0.8823,0,0.05,0.1,0,0.05,0.0471,0.0706,0.2706,,○,B,△,,0.372,0.6205,,0.5445,S,89,0,◎1着固定 2-3着流し（5〜8点）,0.5777,"{'is_target': True, 'verdict': '参加推奨', 'max_combo_prob': 0.0822, 'est_top_odds': 16.2, 'circle_concentration': 65.1, 'eligible_count': 6, 'bet_adj': 2, 'reason': 'rel_win1=55.6%（本命度） / 最有力組み合わせ確率: 0.082（推定実オッズ?16倍） / 2着集中度: 上位2艇 65.1%（補正+0.00） / 総合判定確率: 0.082 / → ヒモ分散。1号艇1着固定で広めのヒモ流し推奨（買い目+2点）', 'tenji_trigger': '展示確認: ヒモ分散レース。1号艇伸び確認後、広めのヒモ流しを採用。穴ヒモ（5・6号艇）を積極的に含める。\n展示で1号艇スタート超安定(0.134秒)→ヒモ固まり方向に注意'}",,,29.8,逃げ狙い,24.95,27.2,4,,,,,,,,,,,
2026-01-02,丸亀,7,4,片岡雅裕,A1,40.00,4,○,16.0865,35,58,94.7,0.1032,1.8684,,,0,低,5,0,差0% 差ま0%,2651,0,56.5,1.0745,0,0.1,0,0.2,0,0.0286,0,0.3571,,◎,B,◎,◎,0.4401,0.8292,0.6333,0.5445,S,89,0,◎1着固定 2-3着流し（5〜8点）,0.5777,"{'is_target': True, 'verdict': '参加推奨', 'max_combo_prob': 0.0822, 'est_top_odds': 16.2, 'circle_concentration': 65.1, 'eligible_count': 6, 'bet_adj': 2, 'reason': 'rel_win1=55.6%（本命度） / 最有力組み合わせ確率: 0.082（推定実オッズ?16倍） / 2着集中度: 上位2艇 65.1%（補正+0.00） / 総合判定確率: 0.082 / → ヒモ分散。1号艇1着固定で広めのヒモ流し推奨（買い目+2点）', 'tenji_trigger': '展示確認: ヒモ分散レース。1号艇伸び確認後、広めのヒモ流しを採用。穴ヒモ（5・6号艇）を積極的に含める。\n展示で1号艇スタート超安定(0.134秒)→ヒモ固まり方向に注意'}",,,29.8,逃げ狙い,24.95,27.2,4,,,,,,,,,,,
2026-01-02,丸亀,7,5,中田元泰,A1,32.18,5,△,3.1398,10.5,100,50,0.1473,3.6731,,,0,低,90,0,-,4616,0,90.6,1.6312,,,,,,0.0323,0.1613,0,,,D,○,,0.2677,0.685,,0.5445,S,89,0,◎1着固定 2-3着流し（5〜8点）,0.5777,"{'is_target': True, 'verdict': '参加推奨', 'max_combo_prob': 0.0822, 'est_top_odds': 16.2, 'circle_concentration': 65.1, 'eligible_count': 6, 'bet_adj': 2, 'reason': 'rel_win1=55.6%（本命度） / 最有力組み合わせ確率: 0.082（推定実オッズ?16倍） / 2着集中度: 上位2艇 65.1%（補正+0.00） / 総合判定確率: 0.082 / → ヒモ分散。1号艇1着固定で広めのヒモ流し推奨（買い目+2点）', 'tenji_trigger': '展示確認: ヒモ分散レース。1号艇伸び確認後、広めのヒモ流しを採用。穴ヒモ（5・6号艇）を積極的に含める。\n展示で1号艇スタート超安定(0.134秒)→ヒモ固まり方向に注意'}",,,29.8,逃げ狙い,24.95,27.2,4,,,,,,,,,,,
2026-01-02,丸亀,7,6,水谷理人,B1,28.40,6,,3.5752,4.4,40,35.4,0.1454,3.3021,,,0,低,64,0,-,6 31,0,48.8,1.2486,,,,,,0.0533,0.28,0.0267,,,E,,,0.2747,0.569,,0.5445,S,89,0,◎1着固定 2-3着流し（5〜8点）,0.5777,"{'is_target': True, 'verdict': '参加推奨', 'max_combo_prob': 0.0822, 'est_top_odds': 16.2, 'circle_concentration': 65.1, 'eligible_count': 6, 'bet_adj': 2, 'reason': 'rel_win1=55.6%（本命度） / 最有力組み合わせ確率: 0.082（推定実オッズ?16倍） / 2着集中度: 上位2艇 65.1%（補正+0.00） / 総合判定確率: 0.082 / → ヒモ分散。1号艇1着固定で広めのヒモ流し推奨（買い目+2点）', 'tenji_trigger': '展示確認: ヒモ分散レース。1号艇伸び確認後、広めのヒモ流しを採用。穴ヒモ（5・6号艇）を積極的に含める。\n展示で1号艇スタート超安定(0.134秒)→ヒモ固まり方向に注意'}",,,29.8,逃げ狙い,24.95,27.2,4,,,,,,,,,,,
2026-01-02,丸亀,8,1,濱野斗馬,A1,44.44,1,◎,69.3278,,0,94.4,0.118,1.9907,,,0,低,40,0,逃1%,5 42,0,74.7,1.1076,0.7419,,,,,0.0968,0,0.0323,◎,,A,◎,,,0.638,,0.8109,S,100,0,◎1着固定 2-3着流し（5〜8点）,0.5777,"{'is_target': True, 'verdict': '点数絞り', 'max_combo_prob': 0.1422, 'est_top_odds': 9.4, 'circle_concentration': 75.9, 'eligible_count': 6, 'bet_adj': 0, 'reason': 'rel_win1=69.3%（本命度） / 最有力組み合わせ確率: 0.142（推定実オッズ?9倍） / 2着集中度: 上位2艇 75.9%（補正+0.04） / 総合判定確率: 0.182 / → ヒモはやや固め。上位2艇以外を切ること', 'tenji_trigger': '展示確認: 1号艇伸び良→そのまま採用。悪→飛び組に差し替え。circle_pct上位2艇に絞り込むこと。\n展示で1号艇スタート超安定(0.118秒)→ヒモ固まり方向に注意'}",,,25.7,逃げ狙い,15.67,23.5,2,,,,,0,0,0.7559,0,,逃げ軸流し,A
2026-01-02,丸亀,8,2,西岡顕心,A1,31.94,2,▲,12.3732,50.3,67,80,0.1503,3.05,,,0,低,55,0,差0%,2133,0,39.6,0.8881,0,0.1,0,0,0,0,0.0714,0,,,D,○,,0.0722,0.6245,,0.8109,S,100,0,◎1着固定 2-3着流し（5〜8点）,0.5777,"{'is_target': True, 'verdict': '点数絞り', 'max_combo_prob': 0.1422, 'est_top_odds': 9.4, 'circle_concentration': 75.9, 'eligible_count': 6, 'bet_adj': 0, 'reason': 'rel_win1=69.3%（本命度） / 最有力組み合わせ確率: 0.142（推定実オッズ?9倍） / 2着集中度: 上位2艇 75.9%（補正+0.04） / 総合判定確率: 0.182 / → ヒモはやや固め。上位2艇以外を切ること', 'tenji_trigger': '展示確認: 1号艇伸び良→そのまま採用。悪→飛び組に差し替え。circle_pct上位2艇に絞り込むこと。\n展示で1号艇スタート超安定(0.118秒)→ヒモ固まり方向に注意'}",,,25.7,逃げ狙い,15.67,23.5,2,,,,,,,,,,,
2026-01-02,丸亀,8,3,上田隆章,B1,35.71,3,,5.1516,25.7,60,50.8,0.1952,4.2377,,,0,低,192,0,-,422,0,100,0.6637,0,0,0.0667,0,0,0.3,0.22,0.1,,,C,,,0.1139,0.5515,,0.8109,S,100,0,◎1着固定 2-3着流し（5〜8点）,0.5777,"{'is_target': True, 'verdict': '点数絞り', 'max_combo_prob': 0.1422, 'est_top_odds': 9.4, 'circle_concentration': 75.9, 'eligible_count': 6, 'bet_adj': 0, 'reason': 'rel_win1=69.3%（本命度） / 最有力組み合わせ確率: 0.142（推定実オッズ?9倍） / 2着集中度: 上位2艇 75.9%（補正+0.04） / 総合判定確率: 0.182 / → ヒモはやや固め。上位2艇以外を切ること', 'tenji_trigger': '展示確認: 1号艇伸び良→そのまま採用。悪→飛び組に差し替え。circle_pct上位2艇に絞り込むこと。\n展示で1号艇スタート超安定(0.118秒)→ヒモ固まり方向に注意'}",,,25.7,逃げ狙い,15.67,23.5,2,,,,,,,,,,,
2026-01-02,丸亀,8,4,松尾　祭,A2,42.47,4,○,7.0389,12.9,100,61.1,0.1704,3.9444,,,0,低,144,0,-,5454,0,37.4,0.8126,0,0,0.0357,0,0,0.1086,0.0654,0.2501,,,B,△,◎,0.1092,0.6215,0.3314,0.8109,S,100,0,◎1着固定 2-3着流し（5〜8点）,0.5777,"{'is_target': True, 'verdict': '点数絞り', 'max_combo_prob': 0.1422, 'est_top_odds': 9.4, 'circle_concentration': 75.9, 'eligible_count': 6, 'bet_adj': 0, 'reason': 'rel_win1=69.3%（本命度） / 最有力組み合わせ確率: 0.142（推定実オッズ?9倍） / 2着集中度: 上位2艇 75.9%（補正+0.04） / 総合判定確率: 0.182 / → ヒモはやや固め。上位2艇以外を切ること', 'tenji_trigger': '展示確認: 1号艇伸び良→そのまま採用。悪→飛び組に差し替え。circle_pct上位2艇に絞り込むこと。\n展示で1号艇スタート超安定(0.118秒)→ヒモ固まり方向に注意'}",,,25.7,逃げ狙い,15.67,23.5,2,,,,,,,,,,,
2026-01-02,丸亀,8,5,長谷川親,B1,41.89,5,△,2.872,5.3,31,17.5,0.1996,4.5965,,,0,低,166,0,-,536,0,24.5,0.6414,0,0,0,0.037,0,0.1111,0.3778,0.2222,,,C,△,,0.1078,0.605,,0.8109,S,100,0,◎1着固定 2-3着流し（5〜8点）,0.5777,"{'is_target': True, 'verdict': '点数絞り', 'max_combo_prob': 0.1422, 'est_top_odds': 9.4, 'circle_concentration': 75.9, 'eligible_count': 6, 'bet_adj': 0, 'reason': 'rel_win1=69.3%（本命度） / 最有力組み合わせ確率: 0.142（推定実オッズ?9倍） / 2着集中度: 上位2艇 75.9%（補正+0.04） / 総合判定確率: 0.182 / → ヒモはやや固め。上位2艇以外を切ること', 'tenji_trigger': '展示確認: 1号艇伸び良→そのまま採用。悪→飛び組に差し替え。circle_pct上位2艇に絞り込むこと。\n展示で1号艇スタート超安定(0.118秒)→ヒモ固まり方向に注意'}",,,25.7,逃げ狙い,15.67,23.5,2,,,,,,,,,,,
2026-01-02,丸亀,8,6,妻鳥晋也,B1,31.51,6,,3.2365,5.9,54,35.7,0.1767,4.1548,,,0,低,151,0,-,365,0,24.5,2.2394,0,0,0,0.0588,0.0588,0.25,0.21,0.23,,,E,,,0.1141,0.601,,0.8109,S,100,0,◎1着固定 2-3着流し（5〜8点）,0.5777,"{'is_target': True, 'verdict': '点数絞り', 'max_combo_prob': 0.1422, 'est_top_odds': 9.4, 'circle_concentration': 75.9, 'eligible_count': 6, 'bet_adj': 0, 'reason': 'rel_win1=69.3%（本命度） / 最有力組み合わせ確率: 0.142（推定実オッズ?9倍） / 2着集中度: 上位2艇 75.9%（補正+0.04） / 総合判定確率: 0.182 / → ヒモはやや固め。上位2艇以外を切ること', 'tenji_trigger': '展示確認: 1号艇伸び良→そのまま採用。悪→飛び組に差し替え。circle_pct上位2艇に絞り込むこと。\n展示で1号艇スタート超安定(0.118秒)→ヒモ固まり方向に注意'}",,,25.7,逃げ狙い,15.67,23.5,2,,,,,,,,,,,
2026-01-02,丸亀,9,1,木谷賢太,A2,24.00,1,◎,52.815,,0,90,0.1334,2.6357,,,0,低,107,0,逃1%,3 53,0,70.7,1.0556,0.7429,,,,,0.0343,0.0114,0.1957,◎,,E,○,,,0.663,,0.6151,A,70,0,◎-○軸 3着3〜4艇流し（10〜15点）,0.5777,"{'is_target': True, 'verdict': '参加推奨', 'max_combo_prob': 0.0892, 'est_top_odds': 15.0, 'circle_concentration': 69.9, 'eligible_count': 8, 'bet_adj': 2, 'reason': 'rel_win1=52.8%（本命度） / 最有力組み合わせ確率: 0.089（推定実オッズ?15倍） / 2着集中度: 上位2艇 69.9%（補正+0.00） / 総合判定確率: 0.089 / → ヒモ分散。1号艇1着固定で広めのヒモ流し推奨（買い目+2点）', 'tenji_trigger': '展示確認: ヒモ分散レース。1号艇伸び確認後、広めのヒモ流しを採用。穴ヒモ（5・6号艇）を積極的に含める。\n展示で1号艇スタート超安定(0.133秒)→ヒモ固まり方向に注意'}",,,28.5,逃げ狙い,23.17,25.1,2,,,,,0,0,0.7559,0,,逃げ軸流し,A
2026-01-02,丸亀,9,2,中村晃朋,A1,34.67,2,▲,20.4953,53.3,92,90.9,0.1591,3.1818,,,0,低,56,0,抜0%,4611,0,31.9,0.9953,0,0.1875,0.125,0,0.0625,0.1745,0,0.1564,,,B,◎,,0.092,0.678,,0.6151,A,70,0,◎-○軸 3着3〜4艇流し（10〜15点）,0.5777,"{'is_target': True, 'verdict': '参加推奨', 'max_combo_prob': 0.0892, 'est_top_odds': 15.0, 'circle_concentration': 69.9, 'eligible_count': 8, 'bet_adj': 2, 'reason': 'rel_win1=52.8%（本命度） / 最有力組み合わせ確率: 0.089（推定実オッズ?15倍） / 2着集中度: 上位2艇 69.9%（補正+0.00） / 総合判定確率: 0.089 / → ヒモ分散。1号艇1着固定で広めのヒモ流し推奨（買い目+2点）', 'tenji_trigger': '展示確認: ヒモ分散レース。1号艇伸び確認後、広めのヒモ流しを採用。穴ヒモ（5・6号艇）を積極的に含める。\n展示で1号艇スタート超安定(0.133秒)→ヒモ固まり方向に注意'}",,,28.5,逃げ狙い,23.17,25.1,2,,,,,,,,,,,
2026-01-02,丸亀,9,3,西岡蒼志,B1,46.67,3,○,12.5934,16.5,100,80,0.147,3.05,,,0,低,79,1,差ま0%,S 45,0,65,1.4179,0,0,0,0.2,0,0,0.27,0,,,A,,,0.2576,0.528,,0.6151,A,70,0,◎-○軸 3着3〜4艇流し（10〜15点）,0.5777,"{'is_target': True, 'verdict': '参加推奨', 'max_combo_prob': 0.0892, 'est_top_odds': 15.0, 'circle_concentration': 69.9, 'eligible_count': 8, 'bet_adj': 2, 'reason': 'rel_win1=52.8%（本命度） / 最有力組み合わせ確率: 0.089（推定実オッズ?15倍） / 2着集中度: 上位2艇 69.9%（補正+0.00） / 総合判定確率: 0.089 / → ヒモ分散。1号艇1着固定で広めのヒモ流し推奨（買い目+2点）', 'tenji_trigger': '展示確認: ヒモ分散レース。1号艇伸び確認後、広めのヒモ流しを採用。穴ヒモ（5・6号艇）を積極的に含める。\n展示で1号艇スタート超安定(0.133秒)→ヒモ固まり方向に注意'}",,,28.5,逃げ狙い,23.17,25.1,2,,,,,,,,,,,
2026-01-02,丸亀,9,4,西丸敦基,B1,30.56,4,,6.1452,16.1,71,46.3,0.1715,3.6852,,,0,低,113,0,-,132,0,59.3,1.2902,0,0.0476,0.0476,0.0476,0,0.0333,0.0667,0.3,,,D,△,◎,0.1386,0.6165,0.3189,0.6151,A,70,0,◎-○軸 3着3〜4艇流し（10〜15点）,0.5777,"{'is_target': True, 'verdict': '参加推奨', 'max_combo_prob': 0.0892, 'est_top_odds': 15.0, 'circle_concentration': 69.9, 'eligible_count': 8, 'bet_adj': 2, 'reason': 'rel_win1=52.8%（本命度） / 最有力組み合わせ確率: 0.089（推定実オッズ?15倍） / 2着集中度: 上位2艇 69.9%（補正+0.00） / 総合判定確率: 0.089 / → ヒモ分散。1号艇1着固定で広めのヒモ流し推奨（買い目+2点）', 'tenji_trigger': '展示確認: ヒモ分散レース。1号艇伸び確認後、広めのヒモ流しを採用。穴ヒモ（5・6号艇）を積極的に含める。\n展示で1号艇スタート超安定(0.133秒)→ヒモ固まり方向に注意'}",,,28.5,逃げ狙い,23.17,25.1,2,,,,,,,,,,,
2026-01-02,丸亀,9,5,越智照浩,B2,25.00,5,,2.7496,9.9,61,19.6,0.1931,4.1176,,,0,低,133,0,-,346,0,58.9,1.4143,0,0.0357,0,0,0,0.2,0.35,0.05,,,D,,,0.1055,0.563,,0.6151,A,70,0,◎-○軸 3着3〜4艇流し（10〜15点）,0.5777,"{'is_target': True, 'verdict': '参加推奨', 'max_combo_prob': 0.0892, 'est_top_odds': 15.0, 'circle_concentration': 69.9, 'eligible_count': 8, 'bet_adj': 2, 'reason': 'rel_win1=52.8%（本命度） / 最有力組み合わせ確率: 0.089（推定実オッズ?15倍） / 2着集中度: 上位2艇 69.9%（補正+0.00） / 総合判定確率: 0.089 / → ヒモ分散。1号艇1着固定で広めのヒモ流し推奨（買い目+2点）', 'tenji_trigger': '展示確認: ヒモ分散レース。1号艇伸び確認後、広めのヒモ流しを採用。穴ヒモ（5・6号艇）を積極的に含める。\n展示で1号艇スタート超安定(0.133秒)→ヒモ固まり方向に注意'}",,,28.5,逃げ狙い,23.17,25.1,2,,,,,,,,,,,
2026-01-02,丸亀,9,6,近江翔吾,A1,33.75,6,△,5.2016,4.1,84,50,0.1671,3.5882,,,0,低,52,0,-,4511,0,92,1.8203,0,0,0.0526,0,0,0.0811,0.0541,0.027,,,C,△,,0.1836,0.6415,,0.6151,A,70,0,◎-○軸 3着3〜4艇流し（10〜15点）,0.5777,"{'is_target': True, 'verdict': '参加推奨', 'max_combo_prob': 0.0892, 'est_top_odds': 15.0, 'circle_concentration': 69.9, 'eligible_count': 8, 'bet_adj': 2, 'reason': 'rel_win1=52.8%（本命度） / 最有力組み合わせ確率: 0.089（推定実オッズ?15倍） / 2着集中度: 上位2艇 69.9%（補正+0.00） / 総合判定確率: 0.089 / → ヒモ分散。1号艇1着固定で広めのヒモ流し推奨（買い目+2点）', 'tenji_trigger': '展示確認: ヒモ分散レース。1号艇伸び確認後、広めのヒモ流しを採用。穴ヒモ（5・6号艇）を積極的に含める。\n展示で1号艇スタート超安定(0.133秒)→ヒモ固まり方向に注意'}",,,28.5,逃げ狙い,23.17,25.1,2,,,,,,,,,,,
2026-01-02,丸亀,10,1,石丸海渡,A1,37.84,1,◎,62.3594,,0,95.2,0.1129,1.8651,,,0,低,26,0,逃1%,622,0,64.8,1.0365,0.875,,,,,0.0792,0.0125,0,◎,,D,◎,,,0.687,,0.7921,S,92,0,◎1着固定 2-3着流し（5〜8点）,0.5777,"{'is_target': True, 'verdict': '点数絞り', 'max_combo_prob': 0.0971, 'est_top_odds': 13.7, 'circle_concentration': 78.4, 'eligible_count': 6, 'bet_adj': 0, 'reason': 'rel_win1=62.4%（本命度） / 最有力組み合わせ確率: 0.097（推定実オッズ?14倍） / 2着集中度: 上位2艇 78.4%（補正+0.04） / 総合判定確率: 0.137 / → ヒモはやや固め。上位2艇以外を切ること', 'tenji_trigger': '展示確認: 1号艇伸び良→そのまま採用。悪→飛び組に差し替え。circle_pct上位2艇に絞り込むこと。\n展示で1号艇スタート超安定(0.113秒)→ヒモ固まり方向に注意'}",,,27.8,逃げ狙い,23.43,22.8,4,,,,,0,0,0.7559,0,,逃げ軸流し,A
2026-01-02,丸亀,10,2,三好勇人,B1,49.30,2,▲,10.6474,49.8,100,70.3,0.1291,2.4297,,,0,低,88,0,-,444,0,26.9,0.819,0,0.0345,0.1379,0,0,0.0133,0.16,0.0533,,,B,△,,0.1585,0.6185,,0.7921,S,92,0,◎1着固定 2-3着流し（5〜8点）,0.5777,"{'is_target': True, 'verdict': '点数絞り', 'max_combo_prob': 0.0971, 'est_top_odds': 13.7, 'circle_concentration': 78.4, 'eligible_count': 6, 'bet_adj': 0, 'reason': 'rel_win1=62.4%（本命度） / 最有力組み合わせ確率: 0.097（推定実オッズ?14倍） / 2着集中度: 上位2艇 78.4%（補正+0.04） / 総合判定確率: 0.137 / → ヒモはやや固め。上位2艇以外を切ること', 'tenji_trigger': '展示確認: 1号艇伸び良→そのまま採用。悪→飛び組に差し替え。circle_pct上位2艇に絞り込むこと。\n展示で1号艇スタート超安定(0.113秒)→ヒモ固まり方向に注意'}",,,27.8,逃げ狙い,23.43,22.8,4,,,,,,,,,,,
2026-01-02,丸亀,10,3,大西隆洋,B1,38.27,3,,5.633,5.9,36,15.5,0.1947,4.181,,,0,低,103,0,-,146,0,100,4.5771,,,,,,0.3077,0.0769,0.3077,,,D,,,0.1362,0.6055,,0.7921,S,92,0,◎1着固定 2-3着流し（5〜8点）,0.5777,"{'is_target': True, 'verdict': '点数絞り', 'max_combo_prob': 0.0971, 'est_top_odds': 13.7, 'circle_concentration': 78.4, 'eligible_count': 6, 'bet_adj': 0, 'reason': 'rel_win1=62.4%（本命度） / 最有力組み合わせ確率: 0.097（推定実オッズ?14倍） / 2着集中度: 上位2艇 78.4%（補正+0.04） / 総合判定確率: 0.137 / → ヒモはやや固め。上位2艇以外を切ること', 'tenji_trigger': '展示確認: 1号艇伸び良→そのまま採用。悪→飛び組に差し替え。circle_pct上位2艇に絞り込むこと。\n展示で1号艇スタート超安定(0.113秒)→ヒモ固まり方向に注意'}",,,27.8,逃げ狙い,23.43,22.8,4,,,,,,,,,,,
2026-01-02,丸亀,10,4,森高一真,A1,53.42,4,○,15.3286,28.6,64,64,0.1476,2.96,,,0,低,28,0,-,3412,0,49.3,1.117,,,,,,0,0.1667,0.3333,,,A,○,◎,0.1751,0.685,0.428,0.7921,S,92,0,◎1着固定 2-3着流し（5〜8点）,0.5777,"{'is_target': True, 'verdict': '点数絞り', 'max_combo_prob': 0.0971, 'est_top_odds': 13.7, 'circle_concentration': 78.4, 'eligible_count': 6, 'bet_adj': 0, 'reason': 'rel_win1=62.4%（本命度） / 最有力組み合わせ確率: 0.097（推定実オッズ?14倍） / 2着集中度: 上位2艇 78.4%（補正+0.04） / 総合判定確率: 0.137 / → ヒモはやや固め。上位2艇以外を切ること', 'tenji_trigger': '展示確認: 1号艇伸び良→そのまま採用。悪→飛び組に差し替え。circle_pct上位2艇に絞り込むこと。\n展示で1号艇スタート超安定(0.113秒)→ヒモ固まり方向に注意'}",,,27.8,逃げ狙い,23.43,22.8,4,,,,,,,,,,,
2026-01-02,丸亀,10,5,西村美智,B2,39.74,5,△,5.1123,13.3,45,33.3,0.1647,2.6,,,0,低,25,0,-,131,0,47.6,1.129,,,,,,0.1111,0.1111,0.1111,,,C,△,,0.1452,0.6285,,0.7921,S,92,0,◎1着固定 2-3着流し（5〜8点）,0.5777,"{'is_target': True, 'verdict': '点数絞り', 'max_combo_prob': 0.0971, 'est_top_odds': 13.7, 'circle_concentration': 78.4, 'eligible_count': 6, 'bet_adj': 0, 'reason': 'rel_win1=62.4%（本命度） / 最有力組み合わせ確率: 0.097（推定実オッズ?14倍） / 2着集中度: 上位2艇 78.4%（補正+0.04） / 総合判定確率: 0.137 / → ヒモはやや固め。上位2艇以外を切ること', 'tenji_trigger': '展示確認: 1号艇伸び良→そのまま採用。悪→飛び組に差し替え。circle_pct上位2艇に絞り込むこと。\n展示で1号艇スタート超安定(0.113秒)→ヒモ固まり方向に注意'}",,,27.8,逃げ狙い,23.43,22.8,4,,,,,,,,,,,
2026-01-02,丸亀,10,6,森安弘雅,A2,38.46,6,,0.9194,2.4,66,13.6,0.232,5.0254,,,0,低,178,0,-,656,0,100,2.4542,,,,,,0.0167,0.1833,0.2,,,D,,,0.135,0.6065,,0.7921,S,92,0,◎1着固定 2-3着流し（5〜8点）,0.5777,"{'is_target': True, 'verdict': '点数絞り', 'max_combo_prob': 0.0971, 'est_top_odds': 13.7, 'circle_concentration': 78.4, 'eligible_count': 6, 'bet_adj': 0, 'reason': 'rel_win1=62.4%（本命度） / 最有力組み合わせ確率: 0.097（推定実オッズ?14倍） / 2着集中度: 上位2艇 78.4%（補正+0.04） / 総合判定確率: 0.137 / → ヒモはやや固め。上位2艇以外を切ること', 'tenji_trigger': '展示確認: 1号艇伸び良→そのまま採用。悪→飛び組に差し替え。circle_pct上位2艇に絞り込むこと。\n展示で1号艇スタート超安定(0.113秒)→ヒモ固まり方向に注意'}",,,27.8,逃げ狙い,23.43,22.8,4,,,,,,,,,,,
2026-01-02,丸亀,11,1,中村日向,A1,28.21,1,◎,57.8928,,0,91.4,0.1454,2.5714,,,0,低,40,0,逃0%,3 25,0,63.4,0.9885,0.7692,,,,,0.1538,0.0769,0,◎,,E,◎,,,0.645,,0.6634,S,100,0,◎1着固定 2-3着流し（5〜8点）,0.5777,"{'is_target': True, 'verdict': '点数絞り', 'max_combo_prob': 0.0937, 'est_top_odds': 14.2, 'circle_concentration': 80.5, 'eligible_count': 6, 'bet_adj': 0, 'reason': 'rel_win1=57.9%（本命度） / 最有力組み合わせ確率: 0.094（推定実オッズ?14倍） / 2着集中度: 上位2艇 80.5%（補正+0.04） / 総合判定確率: 0.134 / → ヒモはやや固め。上位2艇以外を切ること', 'tenji_trigger': '展示確認: 1号艇伸び良→そのまま採用。悪→飛び組に差し替え。circle_pct上位2艇に絞り込むこと。'}",,,28.2,逃げ狙い,19.98,27.1,2,,,,,0,0,0.7559,0,,逃げ軸流し,A
2026-01-02,丸亀,11,2,竹田和哉,A1,38.67,2,○,19.3008,51.8,89,87.8,0.1616,3.2551,,,0,低,106,0,差0%,4 24,0,50.2,1.135,0,0.16,0.04,0,0.04,0.116,0.116,0,,,B,○,,0.1721,0.6415,,0.6634,S,100,0,◎1着固定 2-3着流し（5〜8点）,0.5777,"{'is_target': True, 'verdict': '点数絞り', 'max_combo_prob': 0.0937, 'est_top_odds': 14.2, 'circle_concentration': 80.5, 'eligible_count': 6, 'bet_adj': 0, 'reason': 'rel_win1=57.9%（本命度） / 最有力組み合わせ確率: 0.094（推定実オッズ?14倍） / 2着集中度: 上位2艇 80.5%（補正+0.04） / 総合判定確率: 0.134 / → ヒモはやや固め。上位2艇以外を切ること', 'tenji_trigger': '展示確認: 1号艇伸び良→そのまま採用。悪→飛び組に差し替え。circle_pct上位2艇に絞り込むこと。'}",,,28.2,逃げ狙い,19.98,27.1,2,,,,,,,,,,,
2026-01-02,丸亀,11,3,川原祐明,A1,32.14,3,△,12.8555,28.7,91,74,0.153,3.17,,,0,低,110,0,差ま0%,233,0,36.2,0.8767,0,0,0,0.2593,0,0.0276,0.1014,0.0138,,,D,△,,0.3061,0.6185,,0.6634,S,100,0,◎1着固定 2-3着流し（5〜8点）,0.5777,"{'is_target': True, 'verdict': '点数絞り', 'max_combo_prob': 0.0937, 'est_top_odds': 14.2, 'circle_concentration': 80.5, 'eligible_count': 6, 'bet_adj': 0, 'reason': 'rel_win1=57.9%（本命度） / 最有力組み合わせ確率: 0.094（推定実オッズ?14倍） / 2着集中度: 上位2艇 80.5%（補正+0.04） / 総合判定確率: 0.134 / → ヒモはやや固め。上位2艇以外を切ること', 'tenji_trigger': '展示確認: 1号艇伸び良→そのまま採用。悪→飛び組に差し替え。circle_pct上位2艇に絞り込むこと。'}",,,28.2,逃げ狙い,19.98,27.1,2,,,,,,,,,,,
2026-01-02,丸亀,11,4,塩田雄一,B1,30.99,4,,5.5848,12.7,96,35.9,0.1988,3.5859,,,0,低,147,0,-,224,0,21.9,0.7328,0,0,0.04,0.04,0.04,0.4143,0.0952,0.2071,,,D,,◎,0.1058,0.5565,0.1545,0.6634,S,100,0,◎1着固定 2-3着流し（5〜8点）,0.5777,"{'is_target': True, 'verdict': '点数絞り', 'max_combo_prob': 0.0937, 'est_top_odds': 14.2, 'circle_concentration': 80.5, 'eligible_count': 6, 'bet_adj': 0, 'reason': 'rel_win1=57.9%（本命度） / 最有力組み合わせ確率: 0.094（推定実オッズ?14倍） / 2着集中度: 上位2艇 80.5%（補正+0.04） / 総合判定確率: 0.134 / → ヒモはやや固め。上位2艇以外を切ること', 'tenji_trigger': '展示確認: 1号艇伸び良→そのまま採用。悪→飛び組に差し替え。circle_pct上位2艇に絞り込むこと。'}",,,28.2,逃げ狙い,19.98,27.1,2,,,,,,,,,,,
2026-01-02,丸亀,11,5,古田祐貴,A2,48.00,5,▲,2.9718,6.5,100,46.6,0.156,3.4138,,,0,低,105,0,-,5124,0,32.1,0.8271,0,0,0,0.05,0,0.2088,0.1971,0.1338,,,A,△,,0.2519,0.6265,,0.6634,S,100,0,◎1着固定 2-3着流し（5〜8点）,0.5777,"{'is_target': True, 'verdict': '点数絞り', 'max_combo_prob': 0.0937, 'est_top_odds': 14.2, 'circle_concentration': 80.5, 'eligible_count': 6, 'bet_adj': 0, 'reason': 'rel_win1=57.9%（本命度） / 最有力組み合わせ確率: 0.094（推定実オッズ?14倍） / 2着集中度: 上位2艇 80.5%（補正+0.04） / 総合判定確率: 0.134 / → ヒモはやや固め。上位2艇以外を切ること', 'tenji_trigger': '展示確認: 1号艇伸び良→そのまま採用。悪→飛び組に差し替え。circle_pct上位2艇に絞り込むこと。'}",,,28.2,逃げ狙い,19.98,27.1,2,,,,,,,,,,,
2026-01-02,丸亀,11,6,松下知幸,B1,32.86,6,,1.3943,0.3,33,11.8,0.1892,4.5686,,,0,低,152,0,-,355,0,100,2.2744,,,,,,0.2152,0.1581,0.1962,,,C,,,0.1741,0.5965,,0.6634,S,100,0,◎1着固定 2-3着流し（5〜8点）,0.5777,"{'is_target': True, 'verdict': '点数絞り', 'max_combo_prob': 0.0937, 'est_top_odds': 14.2, 'circle_concentration': 80.5, 'eligible_count': 6, 'bet_adj': 0, 'reason': 'rel_win1=57.9%（本命度） / 最有力組み合わせ確率: 0.094（推定実オッズ?14倍） / 2着集中度: 上位2艇 80.5%（補正+0.04） / 総合判定確率: 0.134 / → ヒモはやや固め。上位2艇以外を切ること', 'tenji_trigger': '展示確認: 1号艇伸び良→そのまま採用。悪→飛び組に差し替え。circle_pct上位2艇に絞り込むこと。'}",,,28.2,逃げ狙い,19.98,27.1,2,,,,,,,,,,,
2026-01-02,丸亀,12,1,重成一人,A1,47.14,1,◎,56.9591,,0,89.3,0.1493,2.6875,,,0,低,51,0,逃1%,414,0,81.3,0.9672,0.7,,,,,0.0533,0.2533,0.0133,◎,,A,△,,,0.6315,,0.482,S,100,0,◎1着固定 2-3着流し（5〜8点）,0.5777,"{'is_target': True, 'verdict': '点数絞り', 'max_combo_prob': 0.0887, 'est_top_odds': 15.0, 'circle_concentration': 72.6, 'eligible_count': 6, 'bet_adj': 0, 'reason': 'rel_win1=57.0%（本命度） / 最有力組み合わせ確率: 0.089（推定実オッズ?15倍） / 2着集中度: 上位2艇 72.6%（補正+0.04） / 総合判定確率: 0.129 / → ヒモはやや固め。上位2艇以外を切ること', 'tenji_trigger': '展示確認: 1号艇伸び良→そのまま採用。悪→飛び組に差し替え。circle_pct上位2艇に絞り込むこと。'}",,,31.7,逃げ狙い,30.33,28.2,2,,,,,0,0,0.7559,0,,逃げ軸流し,A
2026-01-02,丸亀,12,2,片岡雅裕,A1,40.00,2,○,15.8256,44.7,56,86.7,0.1273,2.3667,,,0,低,5,0,ま0%,2651,0,58.9,1.0912,0,0,0.1667,0,0,0.0286,0,0.3571,,◎,C,◎,,0.545,0.8292,,0.482,S,100,0,◎1着固定 2-3着流し（5〜8点）,0.5777,"{'is_target': True, 'verdict': '点数絞り', 'max_combo_prob': 0.0887, 'est_top_odds': 15.0, 'circle_concentration': 72.6, 'eligible_count': 6, 'bet_adj': 0, 'reason': 'rel_win1=57.0%（本命度） / 最有力組み合わせ確率: 0.089（推定実オッズ?15倍） / 2着集中度: 上位2艇 72.6%（補正+0.04） / 総合判定確率: 0.129 / → ヒモはやや固め。上位2艇以外を切ること', 'tenji_trigger': '展示確認: 1号艇伸び良→そのまま採用。悪→飛び組に差し替え。circle_pct上位2艇に絞り込むこと。'}",,,31.7,逃げ狙い,30.33,28.2,2,,,,,,,,,,,
2026-01-02,丸亀,12,3,濱野斗馬,A1,44.44,3,▲,11.9598,27.9,79,73.1,0.1292,2.3654,,,0,低,40,0,-,5 42,0,26.5,0.8292,0,0,0,0.0833,0,0.0968,0,0.0323,,○,B,△,,0.3951,0.638,,0.482,S,100,0,◎1着固定 2-3着流し（5〜8点）,0.5777,"{'is_target': True, 'verdict': '点数絞り', 'max_combo_prob': 0.0887, 'est_top_odds': 15.0, 'circle_concentration': 72.6, 'eligible_count': 6, 'bet_adj': 0, 'reason': 'rel_win1=57.0%（本命度） / 最有力組み合わせ確率: 0.089（推定実オッズ?15倍） / 2着集中度: 上位2艇 72.6%（補正+0.04） / 総合判定確率: 0.129 / → ヒモはやや固め。上位2艇以外を切ること', 'tenji_trigger': '展示確認: 1号艇伸び良→そのまま採用。悪→飛び組に差し替え。circle_pct上位2艇に絞り込むこと。'}",,,31.7,逃げ狙い,30.33,28.2,2,,,,,,,,,,,
2026-01-02,丸亀,12,4,西丸侑太,A2,30.67,4,△,9.2557,13.9,72,58.8,0.1496,3.1373,,,0,低,100,0,ま0%,513,0,55.8,1.0355,0,0,0.08,0.04,0.08,0,0.1314,0.0429,,,D,,◎,0.2962,0.6105,0.4338,0.482,S,100,0,◎1着固定 2-3着流し（5〜8点）,0.5777,"{'is_target': True, 'verdict': '点数絞り', 'max_combo_prob': 0.0887, 'est_top_odds': 15.0, 'circle_concentration': 72.6, 'eligible_count': 6, 'bet_adj': 0, 'reason': 'rel_win1=57.0%（本命度） / 最有力組み合わせ確率: 0.089（推定実オッズ?15倍） / 2着集中度: 上位2艇 72.6%（補正+0.04） / 総合判定確率: 0.129 / → ヒモはやや固め。上位2艇以外を切ること', 'tenji_trigger': '展示確認: 1号艇伸び良→そのまま採用。悪→飛び組に差し替え。circle_pct上位2艇に絞り込むこと。'}",,,31.7,逃げ狙い,30.33,28.2,2,,,,,,,,,,,
2026-01-02,丸亀,12,5,宮崎　奨,A2,38.03,5,,4.2204,7.3,100,52.6,0.176,3.9561,,,0,低,134,0,-,1 45,0,71.6,1.1831,,,,,,0.0343,0.1571,0.2686,,,C,○,,0.2269,0.658,,0.482,S,100,0,◎1着固定 2-3着流し（5〜8点）,0.5777,"{'is_target': True, 'verdict': '点数絞り', 'max_combo_prob': 0.0887, 'est_top_odds': 15.0, 'circle_concentration': 72.6, 'eligible_count': 6, 'bet_adj': 0, 'reason': 'rel_win1=57.0%（本命度） / 最有力組み合わせ確率: 0.089（推定実オッズ?15倍） / 2着集中度: 上位2艇 72.6%（補正+0.04） / 総合判定確率: 0.129 / → ヒモはやや固め。上位2艇以外を切ること', 'tenji_trigger': '展示確認: 1号艇伸び良→そのまま採用。悪→飛び組に差し替え。circle_pct上位2艇に絞り込むこと。'}",,,31.7,逃げ狙い,30.33,28.2,2,,,,,,,,,,,
2026-01-02,丸亀,12,6,田頭虎親,B1,26.83,6,,1.7795,6.2,36,22.2,0.2109,4.5741,,,0,低,121,0,差0%,313,0,26.6,0.8664,0,0.0417,0,0,0,0.1,0.375,0.025,,,E,,,0.1042,0.5945,,0.482,S,100,0,◎1着固定 2-3着流し（5〜8点）,0.5777,"{'is_target': True, 'verdict': '点数絞り', 'max_combo_prob': 0.0887, 'est_top_odds': 15.0, 'circle_concentration': 72.6, 'eligible_count': 6, 'bet_adj': 0, 'reason': 'rel_win1=57.0%（本命度） / 最有力組み合わせ確率: 0.089（推定実オッズ?15倍） / 2着集中度: 上位2艇 72.6%（補正+0.04） / 総合判定確率: 0.129 / → ヒモはやや固め。上位2艇以外を切ること', 'tenji_trigger': '展示確認: 1号艇伸び良→そのまま採用。悪→飛び組に差し替え。circle_pct上位2艇に絞り込むこと。'}",,,31.7,逃げ狙い,30.33,28.2,2,,,,,,,,,,,
2026-01-03,丸亀,1,1,西村美智,B2,39.74,1,◎,64.395,,0,93.8,0.145,2.8438,,,0,低,25,0,逃1%,131 15,0,91.5,1.2171,0.5556,,,,,0.1111,0.1111,0.1111,◎⚠️,,C,◎,,,0.6285,,0.6141,S,88,0,◎1着固定 2-3着流し（5〜8点）,0.5777,"{'is_target': True, 'verdict': '点数絞り', 'max_combo_prob': 0.1137, 'est_top_odds': 11.7, 'circle_concentration': 76.5, 'eligible_count': 6, 'bet_adj': 0, 'reason': 'rel_win1=64.4%（本命度） / 最有力組み合わせ確率: 0.114（推定実オッズ?12倍） / 2着集中度: 上位2艇 76.5%（補正+0.04） / 総合判定確率: 0.154 / → ヒモはやや固め。上位2艇以外を切ること', 'tenji_trigger': '展示確認: 1号艇伸び良→そのまま採用。悪→飛び組に差し替え。circle_pct上位2艇に絞り込むこと。'}",,,27.1,逃げ狙い,14.43,28.6,2,2-1-3|2-1-4|2-1-5|2-3-1|2-5-1|2-3-4|2-5-3|1-2-3|1-2-5|1-3-2|1-3-5,2-1-3|2-1-4|2-1-5|2-3-1|2-5-1|2-3-4|2-5-3|1-2-3|1-2-5|1-3-2|5-1-6|1-3-5,2-1-3:2.09%|2-1-4:1.25%|2-1-5:1.07%|2-3-1:0.67%|2-5-1:0.38%|2-3-4:0.13%|2-5-3:0.12%|1-2-3:6.58%|1-2-5:5.45%|1-3-2:4.17%|1-3-5:3.47%,2-1-3:B_main|2-1-4:B_main|2-1-5:B_main|2-3-1:B_main|2-5-1:B_main|2-3-4:B_main|2-5-3:B_main|1-2-3:A|1-2-5:A|1-3-2:A|1-3-5:A,11,12,0.4535,1,[!]見送り推奨（主役決まり手「差し」― 逃げ劣勢レースで的中実績なし）,主役軸流し,B
2026-01-03,丸亀,1,2,中村桃佳,B1,38.67,2,○,17.6576,52.6,80,72.7,0.1514,2.7273,,,0,低,41,0,差1%,2 1561,0,77.2,1.4326,0,0.2353,0.0588,0,0.0588,0.0471,0.0706,0.2706,,,C,○,,0.2873,0.6205,,0.6141,S,88,0,◎1着固定 2-3着流し（5〜8点）,0.5777,"{'is_target': True, 'verdict': '点数絞り', 'max_combo_prob': 0.1137, 'est_top_odds': 11.7, 'circle_concentration': 76.5, 'eligible_count': 6, 'bet_adj': 0, 'reason': 'rel_win1=64.4%（本命度） / 最有力組み合わせ確率: 0.114（推定実オッズ?12倍） / 2着集中度: 上位2艇 76.5%（補正+0.04） / 総合判定確率: 0.154 / → ヒモはやや固め。上位2艇以外を切ること', 'tenji_trigger': '展示確認: 1号艇伸び良→そのまま採用。悪→飛び組に差し替え。circle_pct上位2艇に絞り込むこと。'}",,,27.1,逃げ狙い,14.43,28.6,2,,,,,,,,,,,
2026-01-03,丸亀,1,3,大廣咲季,B1,37.14,3,,6.1735,23.9,100,30.3,0.1361,3.0909,,,0,低,81,0,-,6 465,0,78.3,1.5904,0,0,0.0455,0,0,0.3333,0.3333,0,,,D,△,,0.3228,0.543,,0.6141,S,88,0,◎1着固定 2-3着流し（5〜8点）,0.5777,"{'is_target': True, 'verdict': '点数絞り', 'max_combo_prob': 0.1137, 'est_top_odds': 11.7, 'circle_concentration': 76.5, 'eligible_count': 6, 'bet_adj': 0, 'reason': 'rel_win1=64.4%（本命度） / 最有力組み合わせ確率: 0.114（推定実オッズ?12倍） / 2着集中度: 上位2艇 76.5%（補正+0.04） / 総合判定確率: 0.154 / → ヒモはやや固め。上位2艇以外を切ること', 'tenji_trigger': '展示確認: 1号艇伸び良→そのまま採用。悪→飛び組に差し替え。circle_pct上位2艇に絞り込むこと。'}",,,27.1,逃げ狙い,14.43,28.6,2,,,,,,,,,,,
2026-01-03,丸亀,1,4,三嶌さら,B1,41.43,4,▲,6.6576,8.9,81,24.2,0.1927,4.2424,,,0,低,82,0,差0%,5 541,0,35.1,0.8287,0,0.0455,0,0,0,0,0.25,0,,,B,△,,0.1085,0.576,,0.6141,S,88,0,◎1着固定 2-3着流し（5〜8点）,0.5777,"{'is_target': True, 'verdict': '点数絞り', 'max_combo_prob': 0.1137, 'est_top_odds': 11.7, 'circle_concentration': 76.5, 'eligible_count': 6, 'bet_adj': 0, 'reason': 'rel_win1=64.4%（本命度） / 最有力組み合わせ確率: 0.114（推定実オッズ?12倍） / 2着集中度: 上位2艇 76.5%（補正+0.04） / 総合判定確率: 0.154 / → ヒモはやや固め。上位2艇以外を切ること', 'tenji_trigger': '展示確認: 1号艇伸び良→そのまま採用。悪→飛び組に差し替え。circle_pct上位2艇に絞り込むこと。'}",,,27.1,逃げ狙い,14.43,28.6,2,,,,,,,,,,,
2026-01-03,丸亀,1,5,門田　栞,B1,25.35,5,,3.8793,12.8,65,25.7,0.1537,3.1143,,,0,低,76,0,差ま0%,1 232,0,61.3,1.1479,0,0,0,0.0714,0,0.2308,0.3077,0,,,E,,,0.2639,0.5145,,0.6141,S,88,0,◎1着固定 2-3着流し（5〜8点）,0.5777,"{'is_target': True, 'verdict': '点数絞り', 'max_combo_prob': 0.1137, 'est_top_odds': 11.7, 'circle_concentration': 76.5, 'eligible_count': 6, 'bet_adj': 0, 'reason': 'rel_win1=64.4%（本命度） / 最有力組み合わせ確率: 0.114（推定実オッズ?12倍） / 2着集中度: 上位2艇 76.5%（補正+0.04） / 総合判定確率: 0.154 / → ヒモはやや固め。上位2艇以外を切ること', 'tenji_trigger': '展示確認: 1号艇伸び良→そのまま採用。悪→飛び組に差し替え。circle_pct上位2艇に絞り込むこと。'}",,,27.1,逃げ狙い,14.43,28.6,2,,,,,,,,,,,
2026-01-03,丸亀,1,6,中澤里桜,B2,45.21,6,△,1.237,1.8,52,4.3,0.2217,4.5435,,,0,低,12,0,-,666 6,0,30.1,0.6306,,,,,,,,,,,B,,,0.1378,0.4195,,0.6141,S,88,0,◎1着固定 2-3着流し（5〜8点）,0.5777,"{'is_target': True, 'verdict': '点数絞り', 'max_combo_prob': 0.1137, 'est_top_odds': 11.7, 'circle_concentration': 76.5, 'eligible_count': 6, 'bet_adj': 0, 'reason': 'rel_win1=64.4%（本命度） / 最有力組み合わせ確率: 0.114（推定実オッズ?12倍） / 2着集中度: 上位2艇 76.5%（補正+0.04） / 総合判定確率: 0.154 / → ヒモはやや固め。上位2艇以外を切ること', 'tenji_trigger': '展示確認: 1号艇伸び良→そのまま採用。悪→飛び組に差し替え。circle_pct上位2艇に絞り込むこと。'}",,,27.1,逃げ狙い,14.43,28.6,2,,,,,,,,,,,
2026-01-03,丸亀,2,1,上田隆章,B1,35.71,1,◎,45.3557,,0,72,0.1642,3.81,,,0,低,192,0,逃0%,422 43,0,78.5,1.2447,0.35,,,,,0.3,0.22,0.1,△,,D,,,,0.5515,,0.2866,B,55,0,◎○△フォーメーション（15〜20点）,0.5777,"{'is_target': True, 'verdict': '参加推奨', 'max_combo_prob': 0.0724, 'est_top_odds': 18.4, 'circle_concentration': 76.3, 'eligible_count': 9, 'bet_adj': 2, 'reason': 'rel_win1=45.4%（本命度） / 最有力組み合わせ確率: 0.072（推定実オッズ?18倍） / 2着集中度: 上位2艇 76.3%（補正+0.04） / 総合判定確率: 0.112 / → ヒモ分散。1号艇1着固定で広めのヒモ流し推奨（買い目+2点）', 'tenji_trigger': '展示確認: ヒモ分散レース。1号艇伸び確認後、広めのヒモ流しを採用。穴ヒモ（5・6号艇）を積極的に含める。'}",,,31.8,両建て推奨,18.27,38.7,5,3-1-4|1-3-4|1-2-4|1-3-5|1-2-5|1-2-3,6-1-2|6-2-1|5-1-2|5-1-6|3-1-4|6-1-4|6-4-1|1-3-4|1-2-4|1-3-5|1-2-5|1-2-3,3-1-4:2.27%|1-3-4:7.63%|1-2-4:7.41%|1-3-5:6.84%|1-2-5:6.64%|1-2-3:5.92%,3-1-4:B_main|1-3-4:A|1-2-4:A|1-3-5:A|1-2-5:A|1-2-3:A,6,12,0.4535,1,[!]見送り推奨（主役決まり手「まくり差し」― 逃げ劣勢レースで的中実績なし）,荒れ広め,D
2026-01-03,丸亀,2,2,森安弘雅,A2,38.46,2,△,12.7669,44.1,68,67.2,0.1793,4.0448,,,0,低,178,0,抜0%,656 64,0,88.6,1.5305,0,0.0938,0.0312,0,0.0312,0.0167,0.1833,0.2,,,C,△,,0.2128,0.6065,,0.2866,B,55,0,◎○△フォーメーション（15〜20点）,0.5777,"{'is_target': True, 'verdict': '参加推奨', 'max_combo_prob': 0.0724, 'est_top_odds': 18.4, 'circle_concentration': 76.3, 'eligible_count': 9, 'bet_adj': 2, 'reason': 'rel_win1=45.4%（本命度） / 最有力組み合わせ確率: 0.072（推定実オッズ?18倍） / 2着集中度: 上位2艇 76.3%（補正+0.04） / 総合判定確率: 0.112 / → ヒモ分散。1号艇1着固定で広めのヒモ流し推奨（買い目+2点）', 'tenji_trigger': '展示確認: ヒモ分散レース。1号艇伸び確認後、広めのヒモ流しを採用。穴ヒモ（5・6号艇）を積極的に含める。'}",,,31.8,両建て推奨,18.27,38.7,5,,,,,,,,,,,
2026-01-03,丸亀,2,3,石丸海渡,A1,37.84,3,▲,16.8225,32.3,80,63.2,0.1024,2,,,0,低,26,0,ま0% 差ま0%,622 61,0,35.1,1.1931,0,0.0455,0.0455,0.0909,0.0455,0.0792,0.0125,0,,◎,C,◎,,0.5111,0.687,,0.2866,B,55,0,◎○△フォーメーション（15〜20点）,0.5777,"{'is_target': True, 'verdict': '参加推奨', 'max_combo_prob': 0.0724, 'est_top_odds': 18.4, 'circle_concentration': 76.3, 'eligible_count': 9, 'bet_adj': 2, 'reason': 'rel_win1=45.4%（本命度） / 最有力組み合わせ確率: 0.072（推定実オッズ?18倍） / 2着集中度: 上位2艇 76.3%（補正+0.04） / 総合判定確率: 0.112 / → ヒモ分散。1号艇1着固定で広めのヒモ流し推奨（買い目+2点）', 'tenji_trigger': '展示確認: ヒモ分散レース。1号艇伸び確認後、広めのヒモ流しを採用。穴ヒモ（5・6号艇）を積極的に含める。'}",,,31.8,両建て推奨,18.27,38.7,5,,,,,,,,,,,
2026-01-03,丸亀,2,4,宮武英司,B1,60.27,4,○,12.4942,9.2,100,51,0.1514,3.2347,,,0,低,89,0,-,3 155,0,83.3,1.7445,0,0,0,0.0476,0,0.4889,0.0222,0.0222,,,A,○,○,0.3668,0.658,0.3275,0.2866,B,55,0,◎○△フォーメーション（15〜20点）,0.5777,"{'is_target': True, 'verdict': '参加推奨', 'max_combo_prob': 0.0724, 'est_top_odds': 18.4, 'circle_concentration': 76.3, 'eligible_count': 9, 'bet_adj': 2, 'reason': 'rel_win1=45.4%（本命度） / 最有力組み合わせ確率: 0.072（推定実オッズ?18倍） / 2着集中度: 上位2艇 76.3%（補正+0.04） / 総合判定確率: 0.112 / → ヒモ分散。1号艇1着固定で広めのヒモ流し推奨（買い目+2点）', 'tenji_trigger': '展示確認: ヒモ分散レース。1号艇伸び確認後、広めのヒモ流しを採用。穴ヒモ（5・6号艇）を積極的に含める。'}",,,31.8,両建て推奨,18.27,38.7,5,,,,,,,,,,,
2026-01-03,丸亀,2,5,水谷理人,B1,28.40,5,,11.3284,13.6,68,52.8,0.1403,2.8194,,,0,低,64,0,-,6 3136,0,62.8,1.8181,0,0.0556,0,0,0,0.0533,0.28,0.0267,,,E,△,◎,0.3947,0.569,0.3905,0.2866,B,55,0,◎○△フォーメーション（15〜20点）,0.5777,"{'is_target': True, 'verdict': '参加推奨', 'max_combo_prob': 0.0724, 'est_top_odds': 18.4, 'circle_concentration': 76.3, 'eligible_count': 9, 'bet_adj': 2, 'reason': 'rel_win1=45.4%（本命度） / 最有力組み合わせ確率: 0.072（推定実オッズ?18倍） / 2着集中度: 上位2艇 76.3%（補正+0.04） / 総合判定確率: 0.112 / → ヒモ分散。1号艇1着固定で広めのヒモ流し推奨（買い目+2点）', 'tenji_trigger': '展示確認: ヒモ分散レース。1号艇伸び確認後、広めのヒモ流しを採用。穴ヒモ（5・6号艇）を積極的に含める。'}",,,31.8,両建て推奨,18.27,38.7,5,,,,,,,,,,,
2026-01-03,丸亀,2,6,西岡蒼志,B1,46.67,6,,1.2322,0.9,28,10.1,0.1935,4.2563,,,0,低,79,0,-,S 454,0,100,3.06,,,,,,0,0.27,0,,,B,,,0.2532,0.528,,0.2866,B,55,0,◎○△フォーメーション（15〜20点）,0.5777,"{'is_target': True, 'verdict': '参加推奨', 'max_combo_prob': 0.0724, 'est_top_odds': 18.4, 'circle_concentration': 76.3, 'eligible_count': 9, 'bet_adj': 2, 'reason': 'rel_win1=45.4%（本命度） / 最有力組み合わせ確率: 0.072（推定実オッズ?18倍） / 2着集中度: 上位2艇 76.3%（補正+0.04） / 総合判定確率: 0.112 / → ヒモ分散。1号艇1着固定で広めのヒモ流し推奨（買い目+2点）', 'tenji_trigger': '展示確認: ヒモ分散レース。1号艇伸び確認後、広めのヒモ流しを採用。穴ヒモ（5・6号艇）を積極的に含める。'}",,,31.8,両建て推奨,18.27,38.7,5,,,,,,,,,,,
2026-01-03,丸亀,3,1,谷口佳蓮,B1,35.62,1,◎,46.6601,,0,80,0.1367,2.7,,,0,低,45,0,逃1%,6 365,0,88.2,1.1362,0.5455,,,,,0.1091,0,0.2727,◎⚠️,,C,△,,,0.5715,,0.5224,A,67,0,◎-○軸 3着3〜4艇流し（10〜15点）,0.5777,"{'is_target': True, 'verdict': '参加推奨', 'max_combo_prob': 0.0686, 'est_top_odds': 19.4, 'circle_concentration': 63.7, 'eligible_count': 8, 'bet_adj': 2, 'reason': 'rel_win1=46.7%（本命度） / 最有力組み合わせ確率: 0.069（推定実オッズ?19倍） / 2着集中度: 上位2艇 63.7%（補正+0.00） / 総合判定確率: 0.069 / → ヒモ分散。1号艇1着固定で広めのヒモ流し推奨（買い目+2点）', 'tenji_trigger': '展示確認: ヒモ分散レース。1号艇伸び確認後、広めのヒモ流しを採用。穴ヒモ（5・6号艇）を積極的に含める。\n展示で1号艇スタート超安定(0.137秒)→ヒモ固まり方向に注意'}",,,28,逃げ狙い,17.04,28.9,5,4-1-5|4-1-6|4-1-3|4-5-1|4-2-1|4-5-6|4-2-5|1-3-5|1-3-2|1-2-5|1-5-2,4-1-5|4-1-6|4-1-3|4-5-1|4-2-1|4-5-6|4-2-5|1-3-5|1-3-2|1-2-5|6-1-3|1-5-2,4-1-5:1.35%|4-1-6:0.75%|4-1-3:0.46%|4-5-1:0.39%|4-2-1:0.21%|4-5-6:0.09%|4-2-5:0.09%|1-3-5:6.62%|1-3-2:4.62%|1-2-5:4.53%|1-5-2:3.31%,4-1-5:B_main|4-1-6:B_main|4-1-3:B_main|4-5-1:B_main|4-2-1:B_main|4-5-6:B_main|4-2-5:B_main|1-3-5:A|1-3-2:A|1-2-5:A|1-5-2:A,11,12,0.4535,1,[!]見送り推奨（主役決まり手「まくり差し」― 逃げ劣勢レースで的中実績なし）,主役軸流し,B
2026-01-03,丸亀,3,2,松下知幸,B1,32.86,2,,8.8794,19.9,100,48,0.1509,3.1753,,,0,低,152,0,差0%,355 56,0,50.1,1.1024,0,0.0909,0.0303,0,0,0.2152,0.1581,0.1962,,,D,△,,0.1762,0.5965,,0.5224,A,67,0,◎-○軸 3着3〜4艇流し（10〜15点）,0.5777,"{'is_target': True, 'verdict': '参加推奨', 'max_combo_prob': 0.0686, 'est_top_odds': 19.4, 'circle_concentration': 63.7, 'eligible_count': 8, 'bet_adj': 2, 'reason': 'rel_win1=46.7%（本命度） / 最有力組み合わせ確率: 0.069（推定実オッズ?19倍） / 2着集中度: 上位2艇 63.7%（補正+0.00） / 総合判定確率: 0.069 / → ヒモ分散。1号艇1着固定で広めのヒモ流し推奨（買い目+2点）', 'tenji_trigger': '展示確認: ヒモ分散レース。1号艇伸び確認後、広めのヒモ流しを採用。穴ヒモ（5・6号艇）を積極的に含める。\n展示で1号艇スタート超安定(0.137秒)→ヒモ固まり方向に注意'}",,,28,逃げ狙い,17.04,28.9,5,,,,,,,,,,,
2026-01-03,丸亀,3,3,秋山広一,A2,34.25,3,△,13.423,40.3,53,64.7,0.1445,2.8529,,,0,低,90,0,差0%,22523,0,27.6,0.9027,0,0.0455,0,0.0455,0,0,0.168,0.168,,,D,◎,,0.2476,0.651,,0.5224,A,67,0,◎-○軸 3着3〜4艇流し（10〜15点）,0.5777,"{'is_target': True, 'verdict': '参加推奨', 'max_combo_prob': 0.0686, 'est_top_odds': 19.4, 'circle_concentration': 63.7, 'eligible_count': 8, 'bet_adj': 2, 'reason': 'rel_win1=46.7%（本命度） / 最有力組み合わせ確率: 0.069（推定実オッズ?19倍） / 2着集中度: 上位2艇 63.7%（補正+0.00） / 総合判定確率: 0.069 / → ヒモ分散。1号艇1着固定で広めのヒモ流し推奨（買い目+2点）', 'tenji_trigger': '展示確認: ヒモ分散レース。1号艇伸び確認後、広めのヒモ流しを採用。穴ヒモ（5・6号艇）を積極的に含める。\n展示で1号艇スタート超安定(0.137秒)→ヒモ固まり方向に注意'}",,,28,逃げ狙い,17.04,28.9,5,,,,,,,,,,,
2026-01-03,丸亀,3,4,石井伸長,B1,56.94,4,▲,8.9309,16.1,57,45,0.169,3.175,,,0,低,79,0,-,5 334,0,55.9,1.0734,0,0,0.0323,0.0645,0,0,0.5,0.25,,,A,,,0.166,0.5655,,0.5224,A,67,0,◎-○軸 3着3〜4艇流し（10〜15点）,0.5777,"{'is_target': True, 'verdict': '参加推奨', 'max_combo_prob': 0.0686, 'est_top_odds': 19.4, 'circle_concentration': 63.7, 'eligible_count': 8, 'bet_adj': 2, 'reason': 'rel_win1=46.7%（本命度） / 最有力組み合わせ確率: 0.069（推定実オッズ?19倍） / 2着集中度: 上位2艇 63.7%（補正+0.00） / 総合判定確率: 0.069 / → ヒモ分散。1号艇1着固定で広めのヒモ流し推奨（買い目+2点）', 'tenji_trigger': '展示確認: ヒモ分散レース。1号艇伸び確認後、広めのヒモ流しを採用。穴ヒモ（5・6号艇）を積極的に含める。\n展示で1号艇スタート超安定(0.137秒)→ヒモ固まり方向に注意'}",,,28,逃げ狙い,17.04,28.9,5,,,,,,,,,,,
2026-01-03,丸亀,3,5,濱野斗馬,A1,44.44,5,○,21.1225,23.4,84,72.7,0.1352,2.5303,,,0,低,40,0,差0%,5 4222,0,62,1.2112,0,0.0556,0.1111,0.1111,0,0.0968,0,0.0323,,,B,○,◎,0.3186,0.638,0.4831,0.5224,A,67,0,◎-○軸 3着3〜4艇流し（10〜15点）,0.5777,"{'is_target': True, 'verdict': '参加推奨', 'max_combo_prob': 0.0686, 'est_top_odds': 19.4, 'circle_concentration': 63.7, 'eligible_count': 8, 'bet_adj': 2, 'reason': 'rel_win1=46.7%（本命度） / 最有力組み合わせ確率: 0.069（推定実オッズ?19倍） / 2着集中度: 上位2艇 63.7%（補正+0.00） / 総合判定確率: 0.069 / → ヒモ分散。1号艇1着固定で広めのヒモ流し推奨（買い目+2点）', 'tenji_trigger': '展示確認: ヒモ分散レース。1号艇伸び確認後、広めのヒモ流しを採用。穴ヒモ（5・6号艇）を積極的に含める。\n展示で1号艇スタート超安定(0.137秒)→ヒモ固まり方向に注意'}",,,28,逃げ狙い,17.04,28.9,5,,,,,,,,,,,
2026-01-03,丸亀,3,6,塩田雄一,B1,30.99,6,,0.9842,0.3,33,10.9,0.164,3.8727,,,0,低,147,0,-,224 55,0,49.6,1.2175,,,,,,0.4143,0.0952,0.2071,,,E,,,0.223,0.5565,,0.5224,A,67,0,◎-○軸 3着3〜4艇流し（10〜15点）,0.5777,"{'is_target': True, 'verdict': '参加推奨', 'max_combo_prob': 0.0686, 'est_top_odds': 19.4, 'circle_concentration': 63.7, 'eligible_count': 8, 'bet_adj': 2, 'reason': 'rel_win1=46.7%（本命度） / 最有力組み合わせ確率: 0.069（推定実オッズ?19倍） / 2着集中度: 上位2艇 63.7%（補正+0.00） / 総合判定確率: 0.069 / → ヒモ分散。1号艇1着固定で広めのヒモ流し推奨（買い目+2点）', 'tenji_trigger': '展示確認: ヒモ分散レース。1号艇伸び確認後、広めのヒモ流しを採用。穴ヒモ（5・6号艇）を積極的に含める。\n展示で1号艇スタート超安定(0.137秒)→ヒモ固まり方向に注意'}",,,28,逃げ狙い,17.04,28.9,5,,,,,,,,,,,
2026-01-03,丸亀,4,1,大西隆洋,B1,38.27,1,◎,43.8193,,0,65.8,0.1397,2.8026,,,0,低,103,0,-,146 26,0,79.9,0.9344,0.1538,,,,,0.3077,0.0769,0.3077,○,,B,,,,0.6055,,0.4255,C,41,0,荒れ傾向。高配当狙いか見送り,0.5777,"{'is_target': False, 'verdict': '対象外', 'max_combo_prob': None, 'est_top_odds': None, 'circle_concentration': None, 'eligible_count': 0, 'bet_adj': 0, 'reason': '1号艇rel_win1 < 45%: 通常判定に委ねる', 'tenji_trigger': ''}",,,30.7,両建て推奨,17.36,36.3,5,,,,,0,0,0.6155,0,,主役軸流し,B
2026-01-03,丸亀,4,2,小野寺智,B1,35.14,2,▲,11.7667,44.5,100,67.7,0.1573,3.371,,,0,低,79,0,-,2 662,0,56.9,1.0584,0,0.0741,0.0741,0,0,0.1217,0.0174,0.3096,,,C,△,,0.1871,0.6185,,0.4255,C,41,0,荒れ傾向。高配当狙いか見送り,0.5777,"{'is_target': False, 'verdict': '対象外', 'max_combo_prob': None, 'est_top_odds': None, 'circle_concentration': None, 'eligible_count': 0, 'bet_adj': 0, 'reason': '1号艇rel_win1 < 45%: 通常判定に委ねる', 'tenji_trigger': ''}",,,30.7,両建て推奨,17.36,36.3,5,,,,,,,,,,,
2026-01-03,丸亀,4,3,妻鳥晋也,B1,31.51,3,,10.96,23.1,82,50,0.2058,4.5938,,,0,低,151,0,-,365 25,0,25.7,1.0194,0,0,0.1176,0,0,0.25,0.21,0.23,,,D,,,0.1539,0.601,,0.4255,C,41,0,荒れ傾向。高配当狙いか見送り,0.5777,"{'is_target': False, 'verdict': '対象外', 'max_combo_prob': None, 'est_top_odds': None, 'circle_concentration': None, 'eligible_count': 0, 'bet_adj': 0, 'reason': '1号艇rel_win1 < 45%: 通常判定に委ねる', 'tenji_trigger': ''}",,,30.7,両建て推奨,17.36,36.3,5,,,,,,,,,,,
2026-01-03,丸亀,4,4,木村光宏,B1,34.09,4,△,8.2057,16.1,61,37.5,0.1783,3.7604,,,0,低,99,0,ま0%,1 322,0,53,0.8143,0,0,0.0769,0.0385,0,0.3952,0.3571,0.0571,,,C,○,,0.1568,0.6335,,0.4255,C,41,0,荒れ傾向。高配当狙いか見送り,0.5777,"{'is_target': False, 'verdict': '対象外', 'max_combo_prob': None, 'est_top_odds': None, 'circle_concentration': None, 'eligible_count': 0, 'bet_adj': 0, 'reason': '1号艇rel_win1 < 45%: 通常判定に委ねる', 'tenji_trigger': ''}",,,30.7,両建て推奨,17.36,36.3,5,,,,,,,,,,,
2026-01-03,丸亀,4,5,重成一人,A1,47.14,5,○,24.1433,11.4,63,64.5,0.1435,2.7742,,,0,低,51,0,差ま0% 抜0%,414 11,0,61.9,1.061,0,0,0,0.3158,0.1053,0.0533,0.2533,0.0133,,,A,△,◎,0.3503,0.6315,0.5596,0.4255,C,41,0,荒れ傾向。高配当狙いか見送り,0.5777,"{'is_target': False, 'verdict': '対象外', 'max_combo_prob': None, 'est_top_odds': None, 'circle_concentration': None, 'eligible_count': 0, 'bet_adj': 0, 'reason': '1号艇rel_win1 < 45%: 通常判定に委ねる', 'tenji_trigger': ''}",,,30.7,両建て推奨,17.36,36.3,5,,,,,,,,,,,
2026-01-03,丸亀,4,6,木谷賢太,A2,24.00,6,,1.1049,4.8,74,41.5,0.1823,4.7736,,,0,低,107,0,-,3 5323,0,31.6,1.0417,,,,,,0.0343,0.0114,0.1957,,,E,◎,,0.1811,0.663,,0.4255,C,41,0,荒れ傾向。高配当狙いか見送り,0.5777,"{'is_target': False, 'verdict': '対象外', 'max_combo_prob': None, 'est_top_odds': None, 'circle_concentration': None, 'eligible_count': 0, 'bet_adj': 0, 'reason': '1号艇rel_win1 < 45%: 通常判定に委ねる', 'tenji_trigger': ''}",,,30.7,両建て推奨,17.36,36.3,5,,,,,,,,,,,
2026-01-03,丸亀,5,1,越智照浩,B2,25.00,1,,35.7529,,0,54.3,0.1997,4.0714,,,0,低,133,0,-,346 55,0,61.9,1.0651,0.0625,,,,,0.2,0.35,0.05,,,E,,,,0.563,,0.1137,D,22,1,大荒れ。見送り推奨,0.5777,"{'is_target': False, 'verdict': '対象外', 'max_combo_prob': None, 'est_top_odds': None, 'circle_concentration': None, 'eligible_count': 0, 'bet_adj': 0, 'reason': '1号艇rel_win1 < 45%: 通常判定に委ねる', 'tenji_trigger': ''}",,,33.5,両建て推奨,22.42,39.9,2,4-5-6|4-5-2|4-6-5|4-5-1|4-2-5|4-2-6|4-6-2|1-2-4|1-2-5|1-2-3|1-4-5,4-5-6|4-5-2|4-6-5|4-5-1|4-2-5|4-2-6|4-6-2|1-2-4|1-2-5|1-2-3|2-1-3|1-4-5,4-5-6:2.34%|4-5-2:1.17%|4-6-5:1.14%|4-5-1:1.11%|4-2-5:0.84%|4-2-6:0.61%|4-6-2:0.42%|1-2-4:5.38%|1-2-5:5.22%|1-2-3:5.06%|1-4-5:3.54%,4-5-6:B_main|4-5-2:B_main|4-6-5:B_main|4-5-1:B_main|4-2-5:B_main|4-2-6:B_main|4-6-2:B_main|1-2-4:A|1-2-5:A|1-2-3:A|1-4-5:A,11,12,0.2915,1,[!]見送り推奨（主役決まり手「まくり」― 逃げ劣勢レースで的中実績なし）,主役軸流し,B
2026-01-03,丸亀,5,2,西丸侑太,A2,30.67,2,△,26.1957,52,82,76.2,0.1864,3.75,,,0,低,100,0,差0% ま0%,513 44,0,27.7,0.9371,0,0.2,0.16,0,0,0,0.1314,0.0429,,○,D,△,,0.5097,0.6105,,0.1137,D,22,1,大荒れ。見送り推奨,0.5777,"{'is_target': False, 'verdict': '対象外', 'max_combo_prob': None, 'est_top_odds': None, 'circle_concentration': None, 'eligible_count': 0, 'bet_adj': 0, 'reason': '1号艇rel_win1 < 45%: 通常判定に委ねる', 'tenji_trigger': ''}",,,33.5,両建て推奨,22.42,39.9,2,,,,,,,,,,,
2026-01-03,丸亀,5,3,長谷川親,B1,41.89,3,○,9.474,8.1,75,20,0.1822,3.7917,,,0,低,166,0,-,536 36,0,71.9,1.2019,,,,,,0.1111,0.3778,0.2222,,△,A,△,,0.4378,0.605,,0.1137,D,22,1,大荒れ。見送り推奨,0.5777,"{'is_target': False, 'verdict': '対象外', 'max_combo_prob': None, 'est_top_odds': None, 'circle_concentration': None, 'eligible_count': 0, 'bet_adj': 0, 'reason': '1号艇rel_win1 < 45%: 通常判定に委ねる', 'tenji_trigger': ''}",,,33.5,両建て推奨,22.42,39.9,2,,,,,,,,,,,
2026-01-03,丸亀,5,4,西岡顕心,A1,31.94,4,◎,19.9132,23.9,100,76,0.1544,3.24,,,0,低,55,0,ま0%,21331,0,50.4,1.1568,0,0.1667,0.1667,0,0,0,0.0714,0,,◎,D,○,,0.5542,0.6245,,0.1137,D,22,1,大荒れ。見送り推奨,0.5777,"{'is_target': False, 'verdict': '対象外', 'max_combo_prob': None, 'est_top_odds': None, 'circle_concentration': None, 'eligible_count': 0, 'bet_adj': 0, 'reason': '1号艇rel_win1 < 45%: 通常判定に委ねる', 'tenji_trigger': ''}",,,33.5,両建て推奨,22.42,39.9,2,,,,,,,,,,,
2026-01-03,丸亀,5,5,川上清人,B1,38.75,5,▲,7.1979,12.5,59,28.6,0.1776,3.7222,,,0,低,150,0,-,5 126,0,97.4,1.8838,,,,,,0.3733,0.0381,0.1962,,,B,,,0.4307,0.595,,0.1137,D,22,1,大荒れ。見送り推奨,0.5777,"{'is_target': False, 'verdict': '対象外', 'max_combo_prob': None, 'est_top_odds': None, 'circle_concentration': None, 'eligible_count': 0, 'bet_adj': 0, 'reason': '1号艇rel_win1 < 45%: 通常判定に委ねる', 'tenji_trigger': ''}",,,33.5,両建て推奨,22.42,39.9,2,,,,,,,,,,,
2026-01-03,丸亀,5,6,宮崎　奨,A2,38.03,6,,1.4664,3.6,76,29,0.1816,4.4032,,,0,低,134,0,-,1 4513,0,40.7,1.5972,,,,,,0.0343,0.1571,0.2686,,,C,◎,,0.4201,0.658,,0.1137,D,22,1,大荒れ。見送り推奨,0.5777,"{'is_target': False, 'verdict': '対象外', 'max_combo_prob': None, 'est_top_odds': None, 'circle_concentration': None, 'eligible_count': 0, 'bet_adj': 0, 'reason': '1号艇rel_win1 < 45%: 通常判定に委ねる', 'tenji_trigger': ''}",,,33.5,両建て推奨,22.42,39.9,2,,,,,,,,,,,
2026-01-03,丸亀,6,1,松尾　祭,A2,42.47,1,◎,54.9562,,0,87.2,0.1624,3.1218,,,0,低,144,0,逃0% 抜0%,54544,0,68.1,1.0365,0.5135,,,,,0.1086,0.0654,0.2501,○,,B,△,,,0.6215,,0.4469,A,72,0,◎-○軸 3着3〜4艇流し（10〜15点）,0.5777,"{'is_target': True, 'verdict': '参加推奨', 'max_combo_prob': 0.0528, 'est_top_odds': 25.2, 'circle_concentration': 54.8, 'eligible_count': 8, 'bet_adj': 2, 'reason': 'rel_win1=55.0%（本命度） / 最有力組み合わせ確率: 0.053（推定実オッズ?25倍） / 2着集中度: 上位2艇 54.8%（補正-0.04） / 総合判定確率: 0.013 / → ヒモ分散。1号艇1着固定で広めのヒモ流し推奨（買い目+2点）', 'tenji_trigger': '展示確認: ヒモ分散レース。1号艇伸び確認後、広めのヒモ流しを採用。穴ヒモ（5・6号艇）を積極的に含める。'}",,,28.5,逃げ狙い,17.14,30.4,4,,,,,0,0,0.6155,0,,逃げ軸流し,A
2026-01-03,丸亀,6,2,吉永泰弘,B1,48.00,2,▲,7.2764,24.7,96,40.4,0.169,3.4615,,,0,低,137,0,-,2 4613,0,95.9,1.8462,0,0.0476,0,0,0,0.2376,0.4541,0.0235,,,A,◎,,0.2596,0.6525,,0.4469,A,72,0,◎-○軸 3着3〜4艇流し（10〜15点）,0.5777,"{'is_target': True, 'verdict': '参加推奨', 'max_combo_prob': 0.0528, 'est_top_odds': 25.2, 'circle_concentration': 54.8, 'eligible_count': 8, 'bet_adj': 2, 'reason': 'rel_win1=55.0%（本命度） / 最有力組み合わせ確率: 0.053（推定実オッズ?25倍） / 2着集中度: 上位2艇 54.8%（補正-0.04） / 総合判定確率: 0.013 / → ヒモ分散。1号艇1着固定で広めのヒモ流し推奨（買い目+2点）', 'tenji_trigger': '展示確認: ヒモ分散レース。1号艇伸び確認後、広めのヒモ流しを採用。穴ヒモ（5・6号艇）を積極的に含める。'}",,,28.5,逃げ狙い,17.14,30.4,4,,,,,,,,,,,
2026-01-03,丸亀,6,3,三嶌さら,B1,41.43,3,○,12.1923,24.2,79,20,0.138,2.7,,,0,低,82,1,-,5 541,0,23.1,0.73,,,,,,0,0.25,0,,◎,C,,,0.4474,0.576,,0.4469,A,72,0,◎-○軸 3着3〜4艇流し（10〜15点）,0.5777,"{'is_target': True, 'verdict': '参加推奨', 'max_combo_prob': 0.0528, 'est_top_odds': 25.2, 'circle_concentration': 54.8, 'eligible_count': 8, 'bet_adj': 2, 'reason': 'rel_win1=55.0%（本命度） / 最有力組み合わせ確率: 0.053（推定実オッズ?25倍） / 2着集中度: 上位2艇 54.8%（補正-0.04） / 総合判定確率: 0.013 / → ヒモ分散。1号艇1着固定で広めのヒモ流し推奨（買い目+2点）', 'tenji_trigger': '展示確認: ヒモ分散レース。1号艇伸び確認後、広めのヒモ流しを採用。穴ヒモ（5・6号艇）を積極的に含める。'}",,,28.5,逃げ狙い,17.14,30.4,4,,,,,,,,,,,
2026-01-03,丸亀,6,4,川原祐明,A1,32.14,4,△,12.4909,30.1,75,66.1,0.1564,3.2768,,,0,低,110,0,-,233 34,0,57,1.1219,0,0.037,0.037,0.1481,0.037,0.0276,0.1014,0.0138,,,D,△,◎,0.3394,0.6185,0.428,0.4469,A,72,0,◎-○軸 3着3〜4艇流し（10〜15点）,0.5777,"{'is_target': True, 'verdict': '参加推奨', 'max_combo_prob': 0.0528, 'est_top_odds': 25.2, 'circle_concentration': 54.8, 'eligible_count': 8, 'bet_adj': 2, 'reason': 'rel_win1=55.0%（本命度） / 最有力組み合わせ確率: 0.053（推定実オッズ?25倍） / 2着集中度: 上位2艇 54.8%（補正-0.04） / 総合判定確率: 0.013 / → ヒモ分散。1号艇1着固定で広めのヒモ流し推奨（買い目+2点）', 'tenji_trigger': '展示確認: ヒモ分散レース。1号艇伸び確認後、広めのヒモ流しを採用。穴ヒモ（5・6号艇）を積極的に含める。'}",,,28.5,逃げ狙い,17.14,30.4,4,,,,,,,,,,,
2026-01-03,丸亀,6,5,竹田和哉,A1,38.67,5,,10.5717,16.7,100,64.3,0.1729,4.0357,,,0,低,106,0,差ま0%,4 2431,0,64.2,1.2988,0,0,0.0345,0.1379,0,0.116,0.116,0,,,C,○,○,0.2817,0.6415,0.3184,0.4469,A,72,0,◎-○軸 3着3〜4艇流し（10〜15点）,0.5777,"{'is_target': True, 'verdict': '参加推奨', 'max_combo_prob': 0.0528, 'est_top_odds': 25.2, 'circle_concentration': 54.8, 'eligible_count': 8, 'bet_adj': 2, 'reason': 'rel_win1=55.0%（本命度） / 最有力組み合わせ確率: 0.053（推定実オッズ?25倍） / 2着集中度: 上位2艇 54.8%（補正-0.04） / 総合判定確率: 0.013 / → ヒモ分散。1号艇1着固定で広めのヒモ流し推奨（買い目+2点）', 'tenji_trigger': '展示確認: ヒモ分散レース。1号艇伸び確認後、広めのヒモ流しを採用。穴ヒモ（5・6号艇）を積極的に含める。'}",,,28.5,逃げ狙い,17.14,30.4,4,,,,,,,,,,,
2026-01-03,丸亀,6,6,西丸敦基,B1,30.56,6,,2.5125,4.3,38,23.5,0.1719,3.537,,,0,低,113,0,-,132 41,0,52.7,1.2664,,,,,,0.0333,0.0667,0.3,,,E,,,0.2902,0.6165,,0.4469,A,72,0,◎-○軸 3着3〜4艇流し（10〜15点）,0.5777,"{'is_target': True, 'verdict': '参加推奨', 'max_combo_prob': 0.0528, 'est_top_odds': 25.2, 'circle_concentration': 54.8, 'eligible_count': 8, 'bet_adj': 2, 'reason': 'rel_win1=55.0%（本命度） / 最有力組み合わせ確率: 0.053（推定実オッズ?25倍） / 2着集中度: 上位2艇 54.8%（補正-0.04） / 総合判定確率: 0.013 / → ヒモ分散。1号艇1着固定で広めのヒモ流し推奨（買い目+2点）', 'tenji_trigger': '展示確認: ヒモ分散レース。1号艇伸び確認後、広めのヒモ流しを採用。穴ヒモ（5・6号艇）を積極的に含める。'}",,,28.5,逃げ狙い,17.14,30.4,4,,,,,,,,,,,
2026-01-03,丸亀,7,1,三好勇人,B1,49.30,1,◎,59.2234,,0,98.4,0.1275,1.877,,,0,低,88,0,逃1%,444 53,0,65.9,1.0541,0.7333,,,,,0.0133,0.16,0.0533,◎,,A,△,,,0.6185,,0.6873,S,85,0,◎1着固定 2-3着流し（5〜8点）,0.5777,"{'is_target': True, 'verdict': '点数絞り', 'max_combo_prob': 0.107, 'est_top_odds': 12.5, 'circle_concentration': 77.8, 'eligible_count': 6, 'bet_adj': 0, 'reason': 'rel_win1=59.2%（本命度） / 最有力組み合わせ確率: 0.107（推定実オッズ?12倍） / 2着集中度: 上位2艇 77.8%（補正+0.04） / 総合判定確率: 0.147 / → ヒモはやや固め。上位2艇以外を切ること', 'tenji_trigger': '展示確認: 1号艇伸び良→そのまま採用。悪→飛び組に差し替え。circle_pct上位2艇に絞り込むこと。\n展示で1号艇スタート超安定(0.128秒)→ヒモ固まり方向に注意'}",,,28.6,逃げ狙い,22.45,26,3,,,,,0,0,0.7559,0,,逃げ軸流し,A
2026-01-03,丸亀,7,2,近江翔吾,A1,33.75,2,○,15.0531,55.1,41,80.6,0.1244,2.5833,,,0,低,52,0,差0%,4511S,0,27.8,0.8479,0,0.2222,0,0,0,0.0811,0.0541,0.027,,◎,C,○,,0.3835,0.6415,,0.6873,S,85,0,◎1着固定 2-3着流し（5〜8点）,0.5777,"{'is_target': True, 'verdict': '点数絞り', 'max_combo_prob': 0.107, 'est_top_odds': 12.5, 'circle_concentration': 77.8, 'eligible_count': 6, 'bet_adj': 0, 'reason': 'rel_win1=59.2%（本命度） / 最有力組み合わせ確率: 0.107（推定実オッズ?12倍） / 2着集中度: 上位2艇 77.8%（補正+0.04） / 総合判定確率: 0.147 / → ヒモはやや固め。上位2艇以外を切ること', 'tenji_trigger': '展示確認: 1号艇伸び良→そのまま採用。悪→飛び組に差し替え。circle_pct上位2艇に絞り込むこと。\n展示で1号艇スタート超安定(0.128秒)→ヒモ固まり方向に注意'}",,,28.6,逃げ狙い,22.45,26,3,,,,,,,,,,,
2026-01-03,丸亀,7,3,中田元泰,A1,32.18,3,△,13.9761,22.7,100,73.2,0.1555,3.0446,,,0,低,90,0,-,46164,0,54.9,1.0127,0,0.04,0,0.16,0,0.0323,0.1613,0,,,C,◎,,0.169,0.685,,0.6873,S,85,0,◎1着固定 2-3着流し（5〜8点）,0.5777,"{'is_target': True, 'verdict': '点数絞り', 'max_combo_prob': 0.107, 'est_top_odds': 12.5, 'circle_concentration': 77.8, 'eligible_count': 6, 'bet_adj': 0, 'reason': 'rel_win1=59.2%（本命度） / 最有力組み合わせ確率: 0.107（推定実オッズ?12倍） / 2着集中度: 上位2艇 77.8%（補正+0.04） / 総合判定確率: 0.147 / → ヒモはやや固め。上位2艇以外を切ること', 'tenji_trigger': '展示確認: 1号艇伸び良→そのまま採用。悪→飛び組に差し替え。circle_pct上位2艇に絞り込むこと。\n展示で1号艇スタート超安定(0.128秒)→ヒモ固まり方向に注意'}",,,28.6,逃げ狙い,22.45,26,3,,,,,,,,,,,
2026-01-03,丸亀,7,4,森安弘雅,A2,38.46,4,▲,6.6991,10.5,77,48.4,0.1778,4,,,0,低,178,0,差0%,656 64,0,36.6,0.9728,0,0.0345,0,0,0,0.0167,0.1833,0.2,,,B,△,,0.1022,0.6065,,0.6873,S,85,0,◎1着固定 2-3着流し（5〜8点）,0.5777,"{'is_target': True, 'verdict': '点数絞り', 'max_combo_prob': 0.107, 'est_top_odds': 12.5, 'circle_concentration': 77.8, 'eligible_count': 6, 'bet_adj': 0, 'reason': 'rel_win1=59.2%（本命度） / 最有力組み合わせ確率: 0.107（推定実オッズ?12倍） / 2着集中度: 上位2艇 77.8%（補正+0.04） / 総合判定確率: 0.147 / → ヒモはやや固め。上位2艇以外を切ること', 'tenji_trigger': '展示確認: 1号艇伸び良→そのまま採用。悪→飛び組に差し替え。circle_pct上位2艇に絞り込むこと。\n展示で1号艇スタート超安定(0.128秒)→ヒモ固まり方向に注意'}",,,28.6,逃げ狙い,22.45,26,3,,,,,,,,,,,
2026-01-03,丸亀,7,5,田頭虎親,B1,26.83,5,,4.1885,9.5,87,45.2,0.1869,4.0119,,,0,低,121,0,-,313 45,0,33.7,1.2583,,,,,,0.1,0.375,0.025,,,D,,,0.1391,0.5945,,0.6873,S,85,0,◎1着固定 2-3着流し（5〜8点）,0.5777,"{'is_target': True, 'verdict': '点数絞り', 'max_combo_prob': 0.107, 'est_top_odds': 12.5, 'circle_concentration': 77.8, 'eligible_count': 6, 'bet_adj': 0, 'reason': 'rel_win1=59.2%（本命度） / 最有力組み合わせ確率: 0.107（推定実オッズ?12倍） / 2着集中度: 上位2艇 77.8%（補正+0.04） / 総合判定確率: 0.147 / → ヒモはやや固め。上位2艇以外を切ること', 'tenji_trigger': '展示確認: 1号艇伸び良→そのまま採用。悪→飛び組に差し替え。circle_pct上位2艇に絞り込むこと。\n展示で1号艇スタート超安定(0.128秒)→ヒモ固まり方向に注意'}",,,28.6,逃げ狙い,22.45,26,3,,,,,,,,,,,
2026-01-03,丸亀,7,6,門田　栞,B1,25.35,6,,0.8598,2.2,41,22.2,0.1606,2.9722,,,0,低,76,0,-,1 232,0,100,2.4022,,,,,,0.2308,0.3077,0,,,E,,,0.2047,0.5145,,0.6873,S,85,0,◎1着固定 2-3着流し（5〜8点）,0.5777,"{'is_target': True, 'verdict': '点数絞り', 'max_combo_prob': 0.107, 'est_top_odds': 12.5, 'circle_concentration': 77.8, 'eligible_count': 6, 'bet_adj': 0, 'reason': 'rel_win1=59.2%（本命度） / 最有力組み合わせ確率: 0.107（推定実オッズ?12倍） / 2着集中度: 上位2艇 77.8%（補正+0.04） / 総合判定確率: 0.147 / → ヒモはやや固め。上位2艇以外を切ること', 'tenji_trigger': '展示確認: 1号艇伸び良→そのまま採用。悪→飛び組に差し替え。circle_pct上位2艇に絞り込むこと。\n展示で1号艇スタート超安定(0.128秒)→ヒモ固まり方向に注意'}",,,28.6,逃げ狙い,22.45,26,3,,,,,,,,,,,
2026-01-03,丸亀,8,1,片岡雅裕,A1,40.00,1,◎,65.9653,,0,93.1,0.129,2.5172,,,0,低,5,0,逃1%,265126,0,72.1,1.0299,0.7857,,,,,0.0286,0,0.3571,◎,,C,◎,,,0.8292,,0.6781,S,100,0,◎1着固定 2-3着流し（5〜8点）,0.5777,"{'is_target': True, 'verdict': '点数絞り', 'max_combo_prob': 0.1377, 'est_top_odds': 9.7, 'circle_concentration': 76.5, 'eligible_count': 6, 'bet_adj': 0, 'reason': 'rel_win1=66.0%（本命度） / 最有力組み合わせ確率: 0.138（推定実オッズ?10倍） / 2着集中度: 上位2艇 76.5%（補正+0.04） / 総合判定確率: 0.178 / → ヒモはやや固め。上位2艇以外を切ること', 'tenji_trigger': '展示確認: 1号艇伸び良→そのまま採用。悪→飛び組に差し替え。circle_pct上位2艇に絞り込むこと。\n展示で1号艇スタート超安定(0.129秒)→ヒモ固まり方向に注意'}",,,27,逃げ狙い,17.67,25.4,2,,,,,0,0,0.7559,0,,逃げ軸流し,A
2026-01-03,丸亀,8,2,中村日向,A1,28.21,2,△,16.0766,53.5,39,67.7,0.1487,3.2097,,,0,低,40,0,-,3 2562,0,32.1,0.9967,0,0.1667,0.0833,0,0,0.1538,0.0769,0,,,E,○,,0.1388,0.645,,0.6781,S,100,0,◎1着固定 2-3着流し（5〜8点）,0.5777,"{'is_target': True, 'verdict': '点数絞り', 'max_combo_prob': 0.1377, 'est_top_odds': 9.7, 'circle_concentration': 76.5, 'eligible_count': 6, 'bet_adj': 0, 'reason': 'rel_win1=66.0%（本命度） / 最有力組み合わせ確率: 0.138（推定実オッズ?10倍） / 2着集中度: 上位2艇 76.5%（補正+0.04） / 総合判定確率: 0.178 / → ヒモはやや固め。上位2艇以外を切ること', 'tenji_trigger': '展示確認: 1号艇伸び良→そのまま採用。悪→飛び組に差し替え。circle_pct上位2艇に絞り込むこと。\n展示で1号艇スタート超安定(0.129秒)→ヒモ固まり方向に注意'}",,,27,逃げ狙い,17.67,25.4,2,,,,,,,,,,,
2026-01-03,丸亀,8,3,石井伸長,B1,56.94,3,▲,9.0664,23.1,76,85.7,0.1871,3.5,,,0,低,79,1,差ま0%,5 334,0,72.1,1.4004,0,0,0,0.1429,0,0,0.5,0.25,,,A,,,0.1351,0.5655,,0.6781,S,100,0,◎1着固定 2-3着流し（5〜8点）,0.5777,"{'is_target': True, 'verdict': '点数絞り', 'max_combo_prob': 0.1377, 'est_top_odds': 9.7, 'circle_concentration': 76.5, 'eligible_count': 6, 'bet_adj': 0, 'reason': 'rel_win1=66.0%（本命度） / 最有力組み合わせ確率: 0.138（推定実オッズ?10倍） / 2着集中度: 上位2艇 76.5%（補正+0.04） / 総合判定確率: 0.178 / → ヒモはやや固め。上位2艇以外を切ること', 'tenji_trigger': '展示確認: 1号艇伸び良→そのまま採用。悪→飛び組に差し替え。circle_pct上位2艇に絞り込むこと。\n展示で1号艇スタート超安定(0.129秒)→ヒモ固まり方向に注意'}",,,27,逃げ狙い,17.67,25.4,2,,,,,,,,,,,
2026-01-03,丸亀,8,4,古田祐貴,A2,48.00,4,○,6.3603,14.2,100,56.1,0.1494,2.9545,,,0,低,105,0,ま0%,512413,0,84.5,1.5211,0,0.0333,0.0333,0,0,0.2088,0.1971,0.1338,,,B,△,◎,0.2018,0.6265,0.3441,0.6781,S,100,0,◎1着固定 2-3着流し（5〜8点）,0.5777,"{'is_target': True, 'verdict': '点数絞り', 'max_combo_prob': 0.1377, 'est_top_odds': 9.7, 'circle_concentration': 76.5, 'eligible_count': 6, 'bet_adj': 0, 'reason': 'rel_win1=66.0%（本命度） / 最有力組み合わせ確率: 0.138（推定実オッズ?10倍） / 2着集中度: 上位2艇 76.5%（補正+0.04） / 総合判定確率: 0.178 / → ヒモはやや固め。上位2艇以外を切ること', 'tenji_trigger': '展示確認: 1号艇伸び良→そのまま採用。悪→飛び組に差し替え。circle_pct上位2艇に絞り込むこと。\n展示で1号艇スタート超安定(0.129秒)→ヒモ固まり方向に注意'}",,,27,逃げ狙い,17.67,25.4,2,,,,,,,,,,,
2026-01-03,丸亀,8,5,小野寺智,B1,35.14,5,,1.5923,8.9,68,32.7,0.1544,3.6636,,,0,低,79,0,-,2 662,0,88.6,1.5593,,,,,,0.1217,0.0174,0.3096,,,D,△,,0.2328,0.6185,,0.6781,S,100,0,◎1着固定 2-3着流し（5〜8点）,0.5777,"{'is_target': True, 'verdict': '点数絞り', 'max_combo_prob': 0.1377, 'est_top_odds': 9.7, 'circle_concentration': 76.5, 'eligible_count': 6, 'bet_adj': 0, 'reason': 'rel_win1=66.0%（本命度） / 最有力組み合わせ確率: 0.138（推定実オッズ?10倍） / 2着集中度: 上位2艇 76.5%（補正+0.04） / 総合判定確率: 0.178 / → ヒモはやや固め。上位2艇以外を切ること', 'tenji_trigger': '展示確認: 1号艇伸び良→そのまま採用。悪→飛び組に差し替え。circle_pct上位2艇に絞り込むこと。\n展示で1号艇スタート超安定(0.129秒)→ヒモ固まり方向に注意'}",,,27,逃げ狙い,17.67,25.4,2,,,,,,,,,,,
2026-01-03,丸亀,8,6,大廣咲季,B1,37.14,6,,0.9391,0.4,12,6.6,0.1836,3.7377,,,0,低,81,0,-,6 465,0,51.6,1.4872,,,,,,0.3333,0.3333,0,,,D,,,0.1363,0.543,,0.6781,S,100,0,◎1着固定 2-3着流し（5〜8点）,0.5777,"{'is_target': True, 'verdict': '点数絞り', 'max_combo_prob': 0.1377, 'est_top_odds': 9.7, 'circle_concentration': 76.5, 'eligible_count': 6, 'bet_adj': 0, 'reason': 'rel_win1=66.0%（本命度） / 最有力組み合わせ確率: 0.138（推定実オッズ?10倍） / 2着集中度: 上位2艇 76.5%（補正+0.04） / 総合判定確率: 0.178 / → ヒモはやや固め。上位2艇以外を切ること', 'tenji_trigger': '展示確認: 1号艇伸び良→そのまま採用。悪→飛び組に差し替え。circle_pct上位2艇に絞り込むこと。\n展示で1号艇スタート超安定(0.129秒)→ヒモ固まり方向に注意'}",,,27,逃げ狙い,17.67,25.4,2,,,,,,,,,,,
2026-01-03,丸亀,9,1,重成一人,A1,47.14,1,◎,61.8207,,0,89.3,0.1493,2.6875,,,0,低,51,0,逃1%,414 11,0,81.9,0.9831,0.7,,,,,0.0533,0.2533,0.0133,◎,,B,△,,,0.6315,,0.5198,S,100,0,◎1着固定 2-3着流し（5〜8点）,0.5777,"{'is_target': True, 'verdict': '点数絞り', 'max_combo_prob': 0.0918, 'est_top_odds': 14.5, 'circle_concentration': 78.2, 'eligible_count': 6, 'bet_adj': 0, 'reason': 'rel_win1=61.8%（本命度） / 最有力組み合わせ確率: 0.092（推定実オッズ?14倍） / 2着集中度: 上位2艇 78.2%（補正+0.04） / 総合判定確率: 0.132 / → ヒモはやや固め。上位2艇以外を切ること', 'tenji_trigger': '展示確認: 1号艇伸び良→そのまま採用。悪→飛び組に差し替え。circle_pct上位2艇に絞り込むこと。'}",,,28.9,逃げ狙い,20.79,28.2,3,,,,,0,0,0.7559,0,,逃げ軸流し,A
2026-01-03,丸亀,9,2,宮武英司,B1,60.27,2,○,7.9245,42.9,77,67.3,0.1471,3.1455,,,0,低,89,0,-,3 155,0,24.5,0.7359,,,,,,0.4889,0.0222,0.0222,,○,A,○,,0.3495,0.658,,0.5198,S,100,0,◎1着固定 2-3着流し（5〜8点）,0.5777,"{'is_target': True, 'verdict': '点数絞り', 'max_combo_prob': 0.0918, 'est_top_odds': 14.5, 'circle_concentration': 78.2, 'eligible_count': 6, 'bet_adj': 0, 'reason': 'rel_win1=61.8%（本命度） / 最有力組み合わせ確率: 0.092（推定実オッズ?14倍） / 2着集中度: 上位2艇 78.2%（補正+0.04） / 総合判定確率: 0.132 / → ヒモはやや固め。上位2艇以外を切ること', 'tenji_trigger': '展示確認: 1号艇伸び良→そのまま採用。悪→飛び組に差し替え。circle_pct上位2艇に絞り込むこと。'}",,,28.9,逃げ狙い,20.79,28.2,3,,,,,,,,,,,
2026-01-03,丸亀,9,3,中村晃朋,A1,34.67,3,▲,16.9803,35.3,92,85.7,0.1346,2.7143,,,0,低,56,0,差0% ま0% 差ま0%,461132,0,56.9,1.1635,0,0.0769,0.1538,0.0769,0.0769,0.1745,0,0.1564,,◎,D,◎,,0.3873,0.678,,0.5198,S,100,0,◎1着固定 2-3着流し（5〜8点）,0.5777,"{'is_target': True, 'verdict': '点数絞り', 'max_combo_prob': 0.0918, 'est_top_odds': 14.5, 'circle_concentration': 78.2, 'eligible_count': 6, 'bet_adj': 0, 'reason': 'rel_win1=61.8%（本命度） / 最有力組み合わせ確率: 0.092（推定実オッズ?14倍） / 2着集中度: 上位2艇 78.2%（補正+0.04） / 総合判定確率: 0.132 / → ヒモはやや固め。上位2艇以外を切ること', 'tenji_trigger': '展示確認: 1号艇伸び良→そのまま採用。悪→飛び組に差し替え。circle_pct上位2艇に絞り込むこと。'}",,,28.9,逃げ狙い,20.79,28.2,3,,,,,,,,,,,
2026-01-03,丸亀,9,4,秋山広一,A2,34.25,4,,6.6456,11.8,100,50.8,0.1559,3.2131,,,0,低,90,0,-,22523,0,34,0.796,0,0,0,0,0.0357,0,0.168,0.168,,,E,△,◎,0.2838,0.651,0.3426,0.5198,S,100,0,◎1着固定 2-3着流し（5〜8点）,0.5777,"{'is_target': True, 'verdict': '点数絞り', 'max_combo_prob': 0.0918, 'est_top_odds': 14.5, 'circle_concentration': 78.2, 'eligible_count': 6, 'bet_adj': 0, 'reason': 'rel_win1=61.8%（本命度） / 最有力組み合わせ確率: 0.092（推定実オッズ?14倍） / 2着集中度: 上位2艇 78.2%（補正+0.04） / 総合判定確率: 0.132 / → ヒモはやや固め。上位2艇以外を切ること', 'tenji_trigger': '展示確認: 1号艇伸び良→そのまま採用。悪→飛び組に差し替え。circle_pct上位2艇に絞り込むこと。'}",,,28.9,逃げ狙い,20.79,28.2,3,,,,,,,,,,,
2026-01-03,丸亀,9,5,中澤里桜,B2,45.21,5,△,5.6181,7.7,74,,,,,,0,低,12,1,-,666 6,0,,,,,,,,,,,,,C,,○,0.31,0.4195,0.15,0.5198,S,100,0,◎1着固定 2-3着流し（5〜8点）,0.5777,"{'is_target': True, 'verdict': '点数絞り', 'max_combo_prob': 0.0918, 'est_top_odds': 14.5, 'circle_concentration': 78.2, 'eligible_count': 6, 'bet_adj': 0, 'reason': 'rel_win1=61.8%（本命度） / 最有力組み合わせ確率: 0.092（推定実オッズ?14倍） / 2着集中度: 上位2艇 78.2%（補正+0.04） / 総合判定確率: 0.132 / → ヒモはやや固め。上位2艇以外を切ること', 'tenji_trigger': '展示確認: 1号艇伸び良→そのまま採用。悪→飛び組に差し替え。circle_pct上位2艇に絞り込むこと。'}",,,28.9,逃げ狙い,20.79,28.2,3,,,,,,,,,,,
2026-01-03,丸亀,9,6,川上清人,B1,38.75,6,,1.0107,2.3,23,10.6,0.1923,4.4574,,,0,低,150,0,-,5 126,0,56.3,1.0944,,,,,,0.3733,0.0381,0.1962,,,D,,,0.1732,0.595,,0.5198,S,100,0,◎1着固定 2-3着流し（5〜8点）,0.5777,"{'is_target': True, 'verdict': '点数絞り', 'max_combo_prob': 0.0918, 'est_top_odds': 14.5, 'circle_concentration': 78.2, 'eligible_count': 6, 'bet_adj': 0, 'reason': 'rel_win1=61.8%（本命度） / 最有力組み合わせ確率: 0.092（推定実オッズ?14倍） / 2着集中度: 上位2艇 78.2%（補正+0.04） / 総合判定確率: 0.132 / → ヒモはやや固め。上位2艇以外を切ること', 'tenji_trigger': '展示確認: 1号艇伸び良→そのまま採用。悪→飛び組に差し替え。circle_pct上位2艇に絞り込むこと。'}",,,28.9,逃げ狙い,20.79,28.2,3,,,,,,,,,,,
2026-01-03,丸亀,10,1,森高一真,A1,53.42,1,◎,65.5978,,0,84,0.1476,3.32,,,0,低,28,0,逃0%,341242,0,96,1.3288,0.5,,,,,0,0.1667,0.3333,◎,,A,◎,,,0.685,,0.5174,A,78,0,◎-○軸 3着3〜4艇流し（10〜15点）,0.5777,"{'is_target': True, 'verdict': '点数絞り', 'max_combo_prob': 0.1082, 'est_top_odds': 12.3, 'circle_concentration': 70.5, 'eligible_count': 8, 'bet_adj': 0, 'reason': 'rel_win1=65.6%（本命度） / 最有力組み合わせ確率: 0.108（推定実オッズ?12倍） / 2着集中度: 上位2艇 70.5%（補正+0.04） / 総合判定確率: 0.148 / → ヒモはやや固め。上位2艇以外を切ること', 'tenji_trigger': '展示確認: 1号艇伸び良→そのまま採用。悪→飛び組に差し替え。circle_pct上位2艇に絞り込むこと。'}",,,26.8,逃げ狙い,14.02,28,3,,,,,0,0,0.7559,0,,逃げ軸流し,A
2026-01-03,丸亀,10,2,西岡蒼志,B1,46.67,2,▲,9.2059,23.4,67,22.2,0.1711,4.1111,,,0,低,79,1,-,S 454,0,79.7,0.5379,,,,,,0,0.27,0,,,B,,,0.0925,0.528,,0.5174,A,78,0,◎-○軸 3着3〜4艇流し（10〜15点）,0.5777,"{'is_target': True, 'verdict': '点数絞り', 'max_combo_prob': 0.1082, 'est_top_odds': 12.3, 'circle_concentration': 70.5, 'eligible_count': 8, 'bet_adj': 0, 'reason': 'rel_win1=65.6%（本命度） / 最有力組み合わせ確率: 0.108（推定実オッズ?12倍） / 2着集中度: 上位2艇 70.5%（補正+0.04） / 総合判定確率: 0.148 / → ヒモはやや固め。上位2艇以外を切ること', 'tenji_trigger': '展示確認: 1号艇伸び良→そのまま採用。悪→飛び組に差し替え。circle_pct上位2艇に絞り込むこと。'}",,,26.8,逃げ狙い,14.02,28,3,,,,,,,,,,,
2026-01-03,丸亀,10,3,竹田和哉,A1,38.67,3,○,16.9709,45,71,76.6,0.1462,2.8936,,,0,低,106,0,ま0%,4 2431,0,45.4,1.0408,0,0,0.2174,0.0435,0,0.116,0.116,0,,,C,△,,0.3338,0.6415,,0.5174,A,78,0,◎-○軸 3着3〜4艇流し（10〜15点）,0.5777,"{'is_target': True, 'verdict': '点数絞り', 'max_combo_prob': 0.1082, 'est_top_odds': 12.3, 'circle_concentration': 70.5, 'eligible_count': 8, 'bet_adj': 0, 'reason': 'rel_win1=65.6%（本命度） / 最有力組み合わせ確率: 0.108（推定実オッズ?12倍） / 2着集中度: 上位2艇 70.5%（補正+0.04） / 総合判定確率: 0.148 / → ヒモはやや固め。上位2艇以外を切ること', 'tenji_trigger': '展示確認: 1号艇伸び良→そのまま採用。悪→飛び組に差し替え。circle_pct上位2艇に絞り込むこと。'}",,,26.8,逃げ狙い,14.02,28,3,,,,,,,,,,,
2026-01-03,丸亀,10,4,宮崎　奨,A2,38.03,4,△,4.8033,25.4,100,70.2,0.1772,3.694,,,0,低,134,0,-,1 4513,0,44.8,0.9385,0,0,0,0.0333,0,0.0343,0.1571,0.2686,,,C,○,,0.1615,0.658,,0.5174,A,78,0,◎-○軸 3着3〜4艇流し（10〜15点）,0.5777,"{'is_target': True, 'verdict': '点数絞り', 'max_combo_prob': 0.1082, 'est_top_odds': 12.3, 'circle_concentration': 70.5, 'eligible_count': 8, 'bet_adj': 0, 'reason': 'rel_win1=65.6%（本命度） / 最有力組み合わせ確率: 0.108（推定実オッズ?12倍） / 2着集中度: 上位2艇 70.5%（補正+0.04） / 総合判定確率: 0.148 / → ヒモはやや固め。上位2艇以外を切ること', 'tenji_trigger': '展示確認: 1号艇伸び良→そのまま採用。悪→飛び組に差し替え。circle_pct上位2艇に絞り込むこと。'}",,,26.8,逃げ狙い,14.02,28,3,,,,,,,,,,,
2026-01-03,丸亀,10,5,谷口佳蓮,B1,35.62,5,,2.4468,4.3,62,25.9,0.1656,3.3889,,,0,低,45,0,-,6 365,0,26.3,1.5362,,,,,,0.1091,0,0.2727,,,D,,,0.2566,0.5715,,0.5174,A,78,0,◎-○軸 3着3〜4艇流し（10〜15点）,0.5777,"{'is_target': True, 'verdict': '点数絞り', 'max_combo_prob': 0.1082, 'est_top_odds': 12.3, 'circle_concentration': 70.5, 'eligible_count': 8, 'bet_adj': 0, 'reason': 'rel_win1=65.6%（本命度） / 最有力組み合わせ確率: 0.108（推定実オッズ?12倍） / 2着集中度: 上位2艇 70.5%（補正+0.04） / 総合判定確率: 0.148 / → ヒモはやや固め。上位2艇以外を切ること', 'tenji_trigger': '展示確認: 1号艇伸び良→そのまま採用。悪→飛び組に差し替え。circle_pct上位2艇に絞り込むこと。'}",,,26.8,逃げ狙い,14.02,28,3,,,,,,,,,,,
2026-01-03,丸亀,10,6,木村光宏,B1,34.09,6,,0.9752,1.8,44,23.8,0.1876,4.2619,,,0,低,99,0,-,1 322,0,32.6,0.7183,,,,,,0.3952,0.3571,0.0571,,,E,△,,0.1827,0.6335,,0.5174,A,78,0,◎-○軸 3着3〜4艇流し（10〜15点）,0.5777,"{'is_target': True, 'verdict': '点数絞り', 'max_combo_prob': 0.1082, 'est_top_odds': 12.3, 'circle_concentration': 70.5, 'eligible_count': 8, 'bet_adj': 0, 'reason': 'rel_win1=65.6%（本命度） / 最有力組み合わせ確率: 0.108（推定実オッズ?12倍） / 2着集中度: 上位2艇 70.5%（補正+0.04） / 総合判定確率: 0.148 / → ヒモはやや固め。上位2艇以外を切ること', 'tenji_trigger': '展示確認: 1号艇伸び良→そのまま採用。悪→飛び組に差し替え。circle_pct上位2艇に絞り込むこと。'}",,,26.8,逃げ狙い,14.02,28,3,,,,,,,,,,,
2026-01-03,丸亀,11,1,近江翔吾,A1,33.75,1,◎,58.4414,,0,92.7,0.1291,2.3015,,,0,低,52,0,逃1%,4511S,0,88.5,1.1449,0.7838,,,,,0.0811,0.0541,0.027,◎,,D,○,,,0.6415,,0.6607,S,92,0,◎1着固定 2-3着流し（5〜8点）,0.5777,"{'is_target': True, 'verdict': '参加推奨', 'max_combo_prob': 0.0873, 'est_top_odds': 15.3, 'circle_concentration': 66.8, 'eligible_count': 6, 'bet_adj': 2, 'reason': 'rel_win1=58.4%（本命度） / 最有力組み合わせ確率: 0.087（推定実オッズ?15倍） / 2着集中度: 上位2艇 66.8%（補正+0.00） / 総合判定確率: 0.087 / → ヒモ分散。1号艇1着固定で広めのヒモ流し推奨（買い目+2点）', 'tenji_trigger': '展示確認: ヒモ分散レース。1号艇伸び確認後、広めのヒモ流しを採用。穴ヒモ（5・6号艇）を積極的に含める。\n展示で1号艇スタート超安定(0.129秒)→ヒモ固まり方向に注意'}",,,27.5,逃げ狙い,20.15,24.8,3,,,,,0,0,0.7559,0,,逃げ軸流し,A
2026-01-03,丸亀,11,2,濱野斗馬,A1,44.44,2,○,13.2366,40.5,75,64.3,0.1507,3.0357,,,0,低,40,0,抜0%,5 4222,0,32,0.8641,0,0.0625,0.125,0,0.0625,0.0968,0,0.0323,,,A,△,,0.1051,0.638,,0.6607,S,92,0,◎1着固定 2-3着流し（5〜8点）,0.5777,"{'is_target': True, 'verdict': '参加推奨', 'max_combo_prob': 0.0873, 'est_top_odds': 15.3, 'circle_concentration': 66.8, 'eligible_count': 6, 'bet_adj': 2, 'reason': 'rel_win1=58.4%（本命度） / 最有力組み合わせ確率: 0.087（推定実オッズ?15倍） / 2着集中度: 上位2艇 66.8%（補正+0.00） / 総合判定確率: 0.087 / → ヒモ分散。1号艇1着固定で広めのヒモ流し推奨（買い目+2点）', 'tenji_trigger': '展示確認: ヒモ分散レース。1号艇伸び確認後、広めのヒモ流しを採用。穴ヒモ（5・6号艇）を積極的に含める。\n展示で1号艇スタート超安定(0.129秒)→ヒモ固まり方向に注意'}",,,27.5,逃げ狙い,20.15,24.8,3,,,,,,,,,,,
2026-01-03,丸亀,11,3,中村桃佳,B1,38.67,3,▲,12.9518,26.3,58,56,0.1196,2.24,,,0,低,41,0,ま0%,2 1561,0,26.1,0.8473,0,0.05,0.1,0,0.05,0.0471,0.0706,0.2706,,,C,,,0.3442,0.6205,,0.6607,S,92,0,◎1着固定 2-3着流し（5〜8点）,0.5777,"{'is_target': True, 'verdict': '参加推奨', 'max_combo_prob': 0.0873, 'est_top_odds': 15.3, 'circle_concentration': 66.8, 'eligible_count': 6, 'bet_adj': 2, 'reason': 'rel_win1=58.4%（本命度） / 最有力組み合わせ確率: 0.087（推定実オッズ?15倍） / 2着集中度: 上位2艇 66.8%（補正+0.00） / 総合判定確率: 0.087 / → ヒモ分散。1号艇1着固定で広めのヒモ流し推奨（買い目+2点）', 'tenji_trigger': '展示確認: ヒモ分散レース。1号艇伸び確認後、広めのヒモ流しを採用。穴ヒモ（5・6号艇）を積極的に含める。\n展示で1号艇スタート超安定(0.129秒)→ヒモ固まり方向に注意'}",,,27.5,逃げ狙い,20.15,24.8,3,,,,,,,,,,,
2026-01-03,丸亀,11,4,松尾　祭,A2,42.47,4,△,7.6625,12.9,100,61.1,0.1704,3.9444,,,0,低,144,0,-,54544,0,48.5,0.8232,0,0,0.0357,0,0,0.1086,0.0654,0.2501,,,B,△,○,0.1226,0.6215,0.1914,0.6607,S,92,0,◎1着固定 2-3着流し（5〜8点）,0.5777,"{'is_target': True, 'verdict': '参加推奨', 'max_combo_prob': 0.0873, 'est_top_odds': 15.3, 'circle_concentration': 66.8, 'eligible_count': 6, 'bet_adj': 2, 'reason': 'rel_win1=58.4%（本命度） / 最有力組み合わせ確率: 0.087（推定実オッズ?15倍） / 2着集中度: 上位2艇 66.8%（補正+0.00） / 総合判定確率: 0.087 / → ヒモ分散。1号艇1着固定で広めのヒモ流し推奨（買い目+2点）', 'tenji_trigger': '展示確認: ヒモ分散レース。1号艇伸び確認後、広めのヒモ流しを採用。穴ヒモ（5・6号艇）を積極的に含める。\n展示で1号艇スタート超安定(0.129秒)→ヒモ固まり方向に注意'}",,,27.5,逃げ狙い,20.15,24.8,3,,,,,,,,,,,
2026-01-03,丸亀,11,5,西丸侑太,A2,30.67,5,,5.1317,11.1,67,44.7,0.1598,3.5745,,,0,低,100,0,-,513 44,0,55.5,1.1145,0,0,0,0.0909,0,0,0.1314,0.0429,,,E,,◎,0.1986,0.6105,0.257,0.6607,S,92,0,◎1着固定 2-3着流し（5〜8点）,0.5777,"{'is_target': True, 'verdict': '参加推奨', 'max_combo_prob': 0.0873, 'est_top_odds': 15.3, 'circle_concentration': 66.8, 'eligible_count': 6, 'bet_adj': 2, 'reason': 'rel_win1=58.4%（本命度） / 最有力組み合わせ確率: 0.087（推定実オッズ?15倍） / 2着集中度: 上位2艇 66.8%（補正+0.00） / 総合判定確率: 0.087 / → ヒモ分散。1号艇1着固定で広めのヒモ流し推奨（買い目+2点）', 'tenji_trigger': '展示確認: ヒモ分散レース。1号艇伸び確認後、広めのヒモ流しを採用。穴ヒモ（5・6号艇）を積極的に含める。\n展示で1号艇スタート超安定(0.129秒)→ヒモ固まり方向に注意'}",,,27.5,逃げ狙い,20.15,24.8,3,,,,,,,,,,,
2026-01-03,丸亀,11,6,石丸海渡,A1,37.84,6,,2.576,9.2,46,34.1,0.1325,2.9432,,,0,低,26,0,-,622 61,0,31.7,1.095,,,,,,0.0792,0.0125,0,,,C,◎,,0.3013,0.687,,0.6607,S,92,0,◎1着固定 2-3着流し（5〜8点）,0.5777,"{'is_target': True, 'verdict': '参加推奨', 'max_combo_prob': 0.0873, 'est_top_odds': 15.3, 'circle_concentration': 66.8, 'eligible_count': 6, 'bet_adj': 2, 'reason': 'rel_win1=58.4%（本命度） / 最有力組み合わせ確率: 0.087（推定実オッズ?15倍） / 2着集中度: 上位2艇 66.8%（補正+0.00） / 総合判定確率: 0.087 / → ヒモ分散。1号艇1着固定で広めのヒモ流し推奨（買い目+2点）', 'tenji_trigger': '展示確認: ヒモ分散レース。1号艇伸び確認後、広めのヒモ流しを採用。穴ヒモ（5・6号艇）を積極的に含める。\n展示で1号艇スタート超安定(0.129秒)→ヒモ固まり方向に注意'}",,,27.5,逃げ狙い,20.15,24.8,3,,,,,,,,,,,
2026-01-03,丸亀,12,1,西岡顕心,A1,31.94,1,◎,58.3731,,0,88.2,0.1341,3.1471,,,0,低,55,0,逃1%,21331,0,64.2,0.9622,0.8571,,,,,0,0.0714,0,◎,,C,△,,,0.6245,,0.5897,S,82,0,◎1着固定 2-3着流し（5〜8点）,0.5777,"{'is_target': True, 'verdict': '参加推奨', 'max_combo_prob': 0.0952, 'est_top_odds': 14.0, 'circle_concentration': 68.5, 'eligible_count': 6, 'bet_adj': 2, 'reason': 'rel_win1=58.4%（本命度） / 最有力組み合わせ確率: 0.095（推定実オッズ?14倍） / 2着集中度: 上位2艇 68.5%（補正+0.00） / 総合判定確率: 0.095 / → ヒモ分散。1号艇1着固定で広めのヒモ流し推奨（買い目+2点）', 'tenji_trigger': '展示確認: ヒモ分散レース。1号艇伸び確認後、広めのヒモ流しを採用。穴ヒモ（5・6号艇）を積極的に含める。\n展示で1号艇スタート超安定(0.134秒)→ヒモ固まり方向に注意'}",,,27.8,逃げ狙い,23.3,22.9,2,,,,,0,0,0.7559,0,,逃げ軸流し,A
2026-01-03,丸亀,12,2,川原祐明,A1,32.14,2,○,15.1006,39,55,72.2,0.1478,3.3611,,,0,低,110,0,差0% ま0%,233 34,0,75.7,0.9619,0,0.087,0.2609,0,0,0.0276,0.1014,0.0138,,,B,,,0.2055,0.6185,,0.5897,S,82,0,◎1着固定 2-3着流し（5〜8点）,0.5777,"{'is_target': True, 'verdict': '参加推奨', 'max_combo_prob': 0.0952, 'est_top_odds': 14.0, 'circle_concentration': 68.5, 'eligible_count': 6, 'bet_adj': 2, 'reason': 'rel_win1=58.4%（本命度） / 最有力組み合わせ確率: 0.095（推定実オッズ?14倍） / 2着集中度: 上位2艇 68.5%（補正+0.00） / 総合判定確率: 0.095 / → ヒモ分散。1号艇1着固定で広めのヒモ流し推奨（買い目+2点）', 'tenji_trigger': '展示確認: ヒモ分散レース。1号艇伸び確認後、広めのヒモ流しを採用。穴ヒモ（5・6号艇）を積極的に含める。\n展示で1号艇スタート超安定(0.134秒)→ヒモ固まり方向に注意'}",,,27.8,逃げ狙い,23.3,22.9,2,,,,,,,,,,,
2026-01-03,丸亀,12,3,水谷理人,B1,28.40,3,△,11.0859,29.6,47,61.8,0.1635,3,,,0,低,64,0,-,6 3136,0,43.3,1.085,0,0.05,0.1,0.1,0,0.0533,0.28,0.0267,,,C,,,0.1565,0.569,,0.5897,S,82,0,◎1着固定 2-3着流し（5〜8点）,0.5777,"{'is_target': True, 'verdict': '参加推奨', 'max_combo_prob': 0.0952, 'est_top_odds': 14.0, 'circle_concentration': 68.5, 'eligible_count': 6, 'bet_adj': 2, 'reason': 'rel_win1=58.4%（本命度） / 最有力組み合わせ確率: 0.095（推定実オッズ?14倍） / 2着集中度: 上位2艇 68.5%（補正+0.00） / 総合判定確率: 0.095 / → ヒモ分散。1号艇1着固定で広めのヒモ流し推奨（買い目+2点）', 'tenji_trigger': '展示確認: ヒモ分散レース。1号艇伸び確認後、広めのヒモ流しを採用。穴ヒモ（5・6号艇）を積極的に含める。\n展示で1号艇スタート超安定(0.134秒)→ヒモ固まり方向に注意'}",,,27.8,逃げ狙い,23.3,22.9,2,,,,,,,,,,,
2026-01-03,丸亀,12,4,木谷賢太,A2,24.00,4,,4.8181,18.1,100,66.7,0.1559,3.5926,,,0,低,107,0,-,3 5323,0,24.4,0.687,0,0.0385,0,0.0385,0,0.0343,0.0114,0.1957,,,E,○,,0.1965,0.663,,0.5897,S,82,0,◎1着固定 2-3着流し（5〜8点）,0.5777,"{'is_target': True, 'verdict': '参加推奨', 'max_combo_prob': 0.0952, 'est_top_odds': 14.0, 'circle_concentration': 68.5, 'eligible_count': 6, 'bet_adj': 2, 'reason': 'rel_win1=58.4%（本命度） / 最有力組み合わせ確率: 0.095（推定実オッズ?14倍） / 2着集中度: 上位2艇 68.5%（補正+0.00） / 総合判定確率: 0.095 / → ヒモ分散。1号艇1着固定で広めのヒモ流し推奨（買い目+2点）', 'tenji_trigger': '展示確認: ヒモ分散レース。1号艇伸び確認後、広めのヒモ流しを採用。穴ヒモ（5・6号艇）を積極的に含める。\n展示で1号艇スタート超安定(0.134秒)→ヒモ固まり方向に注意'}",,,27.8,逃げ狙い,23.3,22.9,2,,,,,,,,,,,
2026-01-03,丸亀,12,5,中村日向,A1,28.21,5,,9.7375,5.5,48,55.2,0.1493,3.3966,,,0,低,40,0,差ま0%,3 2562,0,40.4,1.4576,0,0,0,0.25,0.0833,0.1538,0.0769,0,,,D,△,◎,0.2878,0.645,0.4405,0.5897,S,82,0,◎1着固定 2-3着流し（5〜8点）,0.5777,"{'is_target': True, 'verdict': '参加推奨', 'max_combo_prob': 0.0952, 'est_top_odds': 14.0, 'circle_concentration': 68.5, 'eligible_count': 6, 'bet_adj': 2, 'reason': 'rel_win1=58.4%（本命度） / 最有力組み合わせ確率: 0.095（推定実オッズ?14倍） / 2着集中度: 上位2艇 68.5%（補正+0.00） / 総合判定確率: 0.095 / → ヒモ分散。1号艇1着固定で広めのヒモ流し推奨（買い目+2点）', 'tenji_trigger': '展示確認: ヒモ分散レース。1号艇伸び確認後、広めのヒモ流しを採用。穴ヒモ（5・6号艇）を積極的に含める。\n展示で1号艇スタート超安定(0.134秒)→ヒモ固まり方向に注意'}",,,27.8,逃げ狙い,23.3,22.9,2,,,,,,,,,,,
2026-01-03,丸亀,12,6,中田元泰,A1,32.18,6,▲,0.8848,7.9,44,33.3,0.1758,4.1146,,,0,低,90,0,-,46164,0,93.2,1.87,,,,,,0.0323,0.1613,0,,,B,◎,,0.1745,0.685,,0.5897,S,82,0,◎1着固定 2-3着流し（5〜8点）,0.5777,"{'is_target': True, 'verdict': '参加推奨', 'max_combo_prob': 0.0952, 'est_top_odds': 14.0, 'circle_concentration': 68.5, 'eligible_count': 6, 'bet_adj': 2, 'reason': 'rel_win1=58.4%（本命度） / 最有力組み合わせ確率: 0.095（推定実オッズ?14倍） / 2着集中度: 上位2艇 68.5%（補正+0.00） / 総合判定確率: 0.095 / → ヒモ分散。1号艇1着固定で広めのヒモ流し推奨（買い目+2点）', 'tenji_trigger': '展示確認: ヒモ分散レース。1号艇伸び確認後、広めのヒモ流しを採用。穴ヒモ（5・6号艇）を積極的に含める。\n展示で1号艇スタート超安定(0.134秒)→ヒモ固まり方向に注意'}",,,27.8,逃げ狙い,23.3,22.9,2,,,,,,,,,,,
2026-01-04,丸亀,1,1,三好勇人,B1,49.30,1,◎,72.5613,,0,98.4,0.1275,1.877,,,0,低,88,0,逃1%,444 53,0,73.7,1.0978,0.7333,,,,,0.0133,0.16,0.0533,◎,,A,△,,,0.6185,,0.7631,S,84,0,◎1着固定 2-3着流し（5〜8点）,0.5777,"{'is_target': True, 'verdict': '点数絞り', 'max_combo_prob': 0.0977, 'est_top_odds': 13.7, 'circle_concentration': 71.9, 'eligible_count': 6, 'bet_adj': 0, 'reason': 'rel_win1=72.6%（本命度） / 最有力組み合わせ確率: 0.098（推定実オッズ?14倍） / 2着集中度: 上位2艇 71.9%（補正+0.04） / 総合判定確率: 0.138 / → ヒモはやや固め。上位2艇以外を切ること', 'tenji_trigger': '展示確認: 1号艇伸び良→そのまま採用。悪→飛び組に差し替え。circle_pct上位2艇に絞り込むこと。\n展示で1号艇スタート超安定(0.128秒)→ヒモ固まり方向に注意'}",,,24.9,逃げ狙い,10.03,26,3,,,,,0,0,0.7559,0,,逃げ軸流し,A
2026-01-04,丸亀,1,2,松下知幸,B1,32.86,2,▲,8.3092,32.6,100,48,0.1509,3.1753,,,0,低,152,0,差0%,355 56,0,47.9,1.1024,0,0.0909,0.0303,0,0,0.2152,0.1581,0.1962,,,C,,,0.0842,0.5965,,0.7631,S,84,0,◎1着固定 2-3着流し（5〜8点）,0.5777,"{'is_target': True, 'verdict': '点数絞り', 'max_combo_prob': 0.0977, 'est_top_odds': 13.7, 'circle_concentration': 71.9, 'eligible_count': 6, 'bet_adj': 0, 'reason': 'rel_win1=72.6%（本命度） / 最有力組み合わせ確率: 0.098（推定実オッズ?14倍） / 2着集中度: 上位2艇 71.9%（補正+0.04） / 総合判定確率: 0.138 / → ヒモはやや固め。上位2艇以外を切ること', 'tenji_trigger': '展示確認: 1号艇伸び良→そのまま採用。悪→飛び組に差し替え。circle_pct上位2艇に絞り込むこと。\n展示で1号艇スタート超安定(0.128秒)→ヒモ固まり方向に注意'}",,,24.9,逃げ狙い,10.03,26,3,,,,,,,,,,,
2026-01-04,丸亀,1,3,越智照浩,B2,25.00,3,,5.927,18.1,67,26.9,0.1806,3.7596,,,0,低,133,0,-,346 55,0,37.3,1.0894,0,0.0323,0,0,0,0.2,0.35,0.05,,,E,,,0.1043,0.563,,0.7631,S,84,0,◎1着固定 2-3着流し（5〜8点）,0.5777,"{'is_target': True, 'verdict': '点数絞り', 'max_combo_prob': 0.0977, 'est_top_odds': 13.7, 'circle_concentration': 71.9, 'eligible_count': 6, 'bet_adj': 0, 'reason': 'rel_win1=72.6%（本命度） / 最有力組み合わせ確率: 0.098（推定実オッズ?14倍） / 2着集中度: 上位2艇 71.9%（補正+0.04） / 総合判定確率: 0.138 / → ヒモはやや固め。上位2艇以外を切ること', 'tenji_trigger': '展示確認: 1号艇伸び良→そのまま採用。悪→飛び組に差し替え。circle_pct上位2艇に絞り込むこと。\n展示で1号艇スタート超安定(0.128秒)→ヒモ固まり方向に注意'}",,,24.9,逃げ狙い,10.03,26,3,,,,,,,,,,,
2026-01-04,丸亀,1,4,妻鳥晋也,B1,31.51,4,△,8.3948,39.3,59,52.5,0.1792,3.8983,,,0,低,151,0,-,365 25,0,68.1,1.4294,0,0,0,0.069,0.0345,0.25,0.21,0.23,,,D,△,,0.117,0.601,,0.7631,S,84,0,◎1着固定 2-3着流し（5〜8点）,0.5777,"{'is_target': True, 'verdict': '点数絞り', 'max_combo_prob': 0.0977, 'est_top_odds': 13.7, 'circle_concentration': 71.9, 'eligible_count': 6, 'bet_adj': 0, 'reason': 'rel_win1=72.6%（本命度） / 最有力組み合わせ確率: 0.098（推定実オッズ?14倍） / 2着集中度: 上位2艇 71.9%（補正+0.04） / 総合判定確率: 0.138 / → ヒモはやや固め。上位2艇以外を切ること', 'tenji_trigger': '展示確認: 1号艇伸び良→そのまま採用。悪→飛び組に差し替え。circle_pct上位2艇に絞り込むこと。\n展示で1号艇スタート超安定(0.128秒)→ヒモ固まり方向に注意'}",,,24.9,逃げ狙い,10.03,26,3,,,,,,,,,,,
2026-01-04,丸亀,1,5,中村桃佳,B1,38.67,5,○,3.557,6.7,81,47.8,0.147,3.1957,,,0,低,41,0,-,2 1561,0,96.8,1.8607,,,,,,0.0471,0.0706,0.2706,,,B,○,,0.2507,0.6205,,0.7631,S,84,0,◎1着固定 2-3着流し（5〜8点）,0.5777,"{'is_target': True, 'verdict': '点数絞り', 'max_combo_prob': 0.0977, 'est_top_odds': 13.7, 'circle_concentration': 71.9, 'eligible_count': 6, 'bet_adj': 0, 'reason': 'rel_win1=72.6%（本命度） / 最有力組み合わせ確率: 0.098（推定実オッズ?14倍） / 2着集中度: 上位2艇 71.9%（補正+0.04） / 総合判定確率: 0.138 / → ヒモはやや固め。上位2艇以外を切ること', 'tenji_trigger': '展示確認: 1号艇伸び良→そのまま採用。悪→飛び組に差し替え。circle_pct上位2艇に絞り込むこと。\n展示で1号艇スタート超安定(0.128秒)→ヒモ固まり方向に注意'}",,,24.9,逃げ狙い,10.03,26,3,,,,,,,,,,,
2026-01-04,丸亀,1,6,木村光宏,B1,34.09,6,,1.2507,3.3,44,23.8,0.1876,4.2619,,,0,低,99,0,-,1 322,0,29.1,0.7317,,,,,,0.3952,0.3571,0.0571,,,C,◎,,0.135,0.6335,,0.7631,S,84,0,◎1着固定 2-3着流し（5〜8点）,0.5777,"{'is_target': True, 'verdict': '点数絞り', 'max_combo_prob': 0.0977, 'est_top_odds': 13.7, 'circle_concentration': 71.9, 'eligible_count': 6, 'bet_adj': 0, 'reason': 'rel_win1=72.6%（本命度） / 最有力組み合わせ確率: 0.098（推定実オッズ?14倍） / 2着集中度: 上位2艇 71.9%（補正+0.04） / 総合判定確率: 0.138 / → ヒモはやや固め。上位2艇以外を切ること', 'tenji_trigger': '展示確認: 1号艇伸び良→そのまま採用。悪→飛び組に差し替え。circle_pct上位2艇に絞り込むこと。\n展示で1号艇スタート超安定(0.128秒)→ヒモ固まり方向に注意'}",,,24.9,逃げ狙い,10.03,26,3,,,,,,,,,,,
2026-01-04,丸亀,2,1,上田隆章,B1,35.71,1,◎,48.4854,,0,72,0.1642,3.81,,,0,低,192,0,逃0%,422 43,0,83.1,1.2612,0.35,,,,,0.3,0.22,0.1,△,,D,,,,0.5515,,0.3053,B,54,0,◎○△フォーメーション（15〜20点）,0.5777,"{'is_target': True, 'verdict': '参加推奨', 'max_combo_prob': 0.0468, 'est_top_odds': 28.5, 'circle_concentration': 69.3, 'eligible_count': 9, 'bet_adj': 2, 'reason': 'rel_win1=48.5%（本命度） / 最有力組み合わせ確率: 0.047（推定実オッズ?28倍） / 2着集中度: 上位2艇 69.3%（補正+0.00） / 総合判定確率: 0.047 / → ヒモ分散。1号艇1着固定で広めのヒモ流し推奨（買い目+2点）', 'tenji_trigger': '展示確認: ヒモ分散レース。1号艇伸び確認後、広めのヒモ流しを採用。穴ヒモ（5・6号艇）を積極的に含める。'}",,,31.8,両建て推奨,18.42,38.7,4,4-5-6|4-5-1|1-4-3|1-4-2|1-3-4|1-3-2|1-5-4,2-1-3|4-5-6|3-1-5|4-5-1|3-5-1|3-1-6|3-2-1|1-4-3|1-4-2|1-3-4|1-3-2|1-5-4,4-5-6:2.03%|4-5-1:1.57%|1-4-3:5.37%|1-4-2:5.3%|1-3-4:5.14%|1-3-2:4.61%|1-5-4:3.31%,4-5-6:B_main|4-5-1:B_main|1-4-3:A|1-4-2:A|1-3-4:A|1-3-2:A|1-5-4:A,7,12,0.4535,1,[!]見送り推奨（主役決まり手「まくり」― 逃げ劣勢レースで的中実績なし）,荒れ広め,D
2026-01-04,丸亀,2,2,長谷川親,B1,41.89,2,△,8.5429,12.8,88,27.7,0.1945,4.2846,,,0,低,166,0,-,536 36,0,100,0.9505,,,,,,0.1111,0.3778,0.2222,,,B,,,0.1225,0.605,,0.3053,B,54,0,◎○△フォーメーション（15〜20点）,0.5777,"{'is_target': True, 'verdict': '参加推奨', 'max_combo_prob': 0.0468, 'est_top_odds': 28.5, 'circle_concentration': 69.3, 'eligible_count': 9, 'bet_adj': 2, 'reason': 'rel_win1=48.5%（本命度） / 最有力組み合わせ確率: 0.047（推定実オッズ?28倍） / 2着集中度: 上位2艇 69.3%（補正+0.00） / 総合判定確率: 0.047 / → ヒモ分散。1号艇1着固定で広めのヒモ流し推奨（買い目+2点）', 'tenji_trigger': '展示確認: ヒモ分散レース。1号艇伸び確認後、広めのヒモ流しを採用。穴ヒモ（5・6号艇）を積極的に含める。'}",,,31.8,両建て推奨,18.42,38.7,4,,,,,,,,,,,
2026-01-04,丸亀,2,3,森安弘雅,A2,38.46,3,▲,15.9804,34.4,100,50.7,0.1718,3.7183,,,0,低,178,0,ま0%,656 64,0,62.7,1.54,0,0,0.0968,0.0323,0,0.0167,0.1833,0.2,,,C,△,,0.2956,0.6065,,0.3053,B,54,0,◎○△フォーメーション（15〜20点）,0.5777,"{'is_target': True, 'verdict': '参加推奨', 'max_combo_prob': 0.0468, 'est_top_odds': 28.5, 'circle_concentration': 69.3, 'eligible_count': 9, 'bet_adj': 2, 'reason': 'rel_win1=48.5%（本命度） / 最有力組み合わせ確率: 0.047（推定実オッズ?28倍） / 2着集中度: 上位2艇 69.3%（補正+0.00） / 総合判定確率: 0.047 / → ヒモ分散。1号艇1着固定で広めのヒモ流し推奨（買い目+2点）', 'tenji_trigger': '展示確認: ヒモ分散レース。1号艇伸び確認後、広めのヒモ流しを採用。穴ヒモ（5・6号艇）を積極的に含める。'}",,,31.8,両建て推奨,18.42,38.7,4,,,,,,,,,,,
2026-01-04,丸亀,2,4,西村美智,B2,39.74,4,○,17.1227,34.8,77,54.5,0.1291,2.6818,,,0,低,25,1,ま0%,131 15,0,67.1,1.4402,0,0,0.1111,0,0,0.1111,0.1111,0.1111,,◎,B,○,,0.4768,0.6285,,0.3053,B,54,0,◎○△フォーメーション（15〜20点）,0.5777,"{'is_target': True, 'verdict': '参加推奨', 'max_combo_prob': 0.0468, 'est_top_odds': 28.5, 'circle_concentration': 69.3, 'eligible_count': 9, 'bet_adj': 2, 'reason': 'rel_win1=48.5%（本命度） / 最有力組み合わせ確率: 0.047（推定実オッズ?28倍） / 2着集中度: 上位2艇 69.3%（補正+0.00） / 総合判定確率: 0.047 / → ヒモ分散。1号艇1着固定で広めのヒモ流し推奨（買い目+2点）', 'tenji_trigger': '展示確認: ヒモ分散レース。1号艇伸び確認後、広めのヒモ流しを採用。穴ヒモ（5・6号艇）を積極的に含める。'}",,,31.8,両建て推奨,18.42,38.7,4,,,,,,,,,,,
2026-01-04,丸亀,2,5,大西隆洋,B1,38.27,5,,6.548,10.9,84,24.1,0.136,2.7328,,,0,低,103,0,-,146 26,0,31.2,2.2269,0,0,0,0.0833,0,0.3077,0.0769,0.3077,,○,C,△,,0.4141,0.6055,,0.3053,B,54,0,◎○△フォーメーション（15〜20点）,0.5777,"{'is_target': True, 'verdict': '参加推奨', 'max_combo_prob': 0.0468, 'est_top_odds': 28.5, 'circle_concentration': 69.3, 'eligible_count': 9, 'bet_adj': 2, 'reason': 'rel_win1=48.5%（本命度） / 最有力組み合わせ確率: 0.047（推定実オッズ?28倍） / 2着集中度: 上位2艇 69.3%（補正+0.00） / 総合判定確率: 0.047 / → ヒモ分散。1号艇1着固定で広めのヒモ流し推奨（買い目+2点）', 'tenji_trigger': '展示確認: ヒモ分散レース。1号艇伸び確認後、広めのヒモ流しを採用。穴ヒモ（5・6号艇）を積極的に含める。'}",,,31.8,両建て推奨,18.42,38.7,4,,,,,,,,,,,
2026-01-04,丸亀,2,6,秋山広一,A2,34.25,6,,3.3206,7,97,37.3,0.1766,4.0932,,,0,低,90,0,-,22523,0,33.6,0.9333,0,0,0,0,0,0,0.168,0.168,,,D,◎,,0.3059,0.651,,0.3053,B,54,0,◎○△フォーメーション（15〜20点）,0.5777,"{'is_target': True, 'verdict': '参加推奨', 'max_combo_prob': 0.0468, 'est_top_odds': 28.5, 'circle_concentration': 69.3, 'eligible_count': 9, 'bet_adj': 2, 'reason': 'rel_win1=48.5%（本命度） / 最有力組み合わせ確率: 0.047（推定実オッズ?28倍） / 2着集中度: 上位2艇 69.3%（補正+0.00） / 総合判定確率: 0.047 / → ヒモ分散。1号艇1着固定で広めのヒモ流し推奨（買い目+2点）', 'tenji_trigger': '展示確認: ヒモ分散レース。1号艇伸び確認後、広めのヒモ流しを採用。穴ヒモ（5・6号艇）を積極的に含める。'}",,,31.8,両建て推奨,18.42,38.7,4,,,,,,,,,,,
2026-01-04,丸亀,3,1,川上清人,B1,38.75,1,◎,43.022,,0,73.3,0.1593,2.9778,,,0,低,150,0,逃0%,5 126,0,100,1.5632,0.3333,,,,,0.3733,0.0381,0.1962,○,,B,△,,,0.595,,0.3536,B,53,0,◎○△フォーメーション（15〜20点）,0.5777,"{'is_target': False, 'verdict': '対象外', 'max_combo_prob': None, 'est_top_odds': None, 'circle_concentration': None, 'eligible_count': 0, 'bet_adj': 0, 'reason': '1号艇rel_win1 < 45%: 通常判定に委ねる', 'tenji_trigger': ''}",,,32.4,両建て推奨,21.03,38,2,,,,,0,0,0.6155,0,,主役軸流し,B
2026-01-04,丸亀,3,2,西丸侑太,A2,30.67,2,△,21.5477,39.3,90,76.2,0.1864,3.75,,,0,低,100,0,差0% ま0%,513 44,0,100,0.9002,0,0.2,0.16,0,0,0,0.1314,0.0429,,,D,○,,0.1527,0.6105,,0.3536,B,53,0,◎○△フォーメーション（15〜20点）,0.5777,"{'is_target': False, 'verdict': '対象外', 'max_combo_prob': None, 'est_top_odds': None, 'circle_concentration': None, 'eligible_count': 0, 'bet_adj': 0, 'reason': '1号艇rel_win1 < 45%: 通常判定に委ねる', 'tenji_trigger': ''}",,,32.4,両建て推奨,21.03,38,2,,,,,,,,,,,
2026-01-04,丸亀,3,3,中村日向,A1,28.21,3,▲,18.185,31.9,100,67.9,0.1311,2.6786,,,0,低,40,0,-,3 2562,0,44.6,1.1229,0,0,0.1429,0.2143,0,0.1538,0.0769,0,,◎,D,◎,,0.5001,0.645,,0.3536,B,53,0,◎○△フォーメーション（15〜20点）,0.5777,"{'is_target': False, 'verdict': '対象外', 'max_combo_prob': None, 'est_top_odds': None, 'circle_concentration': None, 'eligible_count': 0, 'bet_adj': 0, 'reason': '1号艇rel_win1 < 45%: 通常判定に委ねる', 'tenji_trigger': ''}",,,32.4,両建て推奨,21.03,38,2,,,,,,,,,,,
2026-01-04,丸亀,3,4,大廣咲季,B1,37.14,4,,8.9082,5.8,56,17.3,0.1679,3.5481,,,0,低,81,0,-,6 465,0,100,2.9657,0,0,0.1053,0,0,0.3333,0.3333,0,,,C,,,0.2727,0.543,,0.3536,B,53,0,◎○△フォーメーション（15〜20点）,0.5777,"{'is_target': False, 'verdict': '対象外', 'max_combo_prob': None, 'est_top_odds': None, 'circle_concentration': None, 'eligible_count': 0, 'bet_adj': 0, 'reason': '1号艇rel_win1 < 45%: 通常判定に委ねる', 'tenji_trigger': ''}",,,32.4,両建て推奨,21.03,38,2,,,,,,,,,,,
2026-01-04,丸亀,3,5,西岡蒼志,B1,46.67,5,○,6.5589,14.6,60,34.6,0.1569,3.0962,,,0,低,79,0,-,S 454,0,33.2,2.2974,0,0,0,0.0417,0,0,0.27,0,,,A,,,0.2946,0.528,,0.3536,B,53,0,◎○△フォーメーション（15〜20点）,0.5777,"{'is_target': False, 'verdict': '対象外', 'max_combo_prob': None, 'est_top_odds': None, 'circle_concentration': None, 'eligible_count': 0, 'bet_adj': 0, 'reason': '1号艇rel_win1 < 45%: 通常判定に委ねる', 'tenji_trigger': ''}",,,32.4,両建て推奨,21.03,38,2,,,,,,,,,,,
2026-01-04,丸亀,3,6,田頭虎親,B1,26.83,6,,1.7782,8.4,44,22.2,0.2109,4.5741,,,0,低,121,0,差0%,313 45,0,33.2,0.7619,0,0.0417,0,0,0,0.1,0.375,0.025,,,E,△,,0.1244,0.5945,,0.3536,B,53,0,◎○△フォーメーション（15〜20点）,0.5777,"{'is_target': False, 'verdict': '対象外', 'max_combo_prob': None, 'est_top_odds': None, 'circle_concentration': None, 'eligible_count': 0, 'bet_adj': 0, 'reason': '1号艇rel_win1 < 45%: 通常判定に委ねる', 'tenji_trigger': ''}",,,32.4,両建て推奨,21.03,38,2,,,,,,,,,,,
2026-01-04,丸亀,4,1,水谷理人,B1,28.40,1,◎,53.7432,,0,82.6,0.1665,3.8696,,,0,低,64,0,逃1%,6 3136,0,92.2,1.3471,0.6,,,,,0.0533,0.28,0.0267,○,,D,○,,,0.569,,0.3472,A,74,0,◎-○軸 3着3〜4艇流し（10〜15点）,0.5777,"{'is_target': True, 'verdict': '点数絞り', 'max_combo_prob': 0.08, 'est_top_odds': 16.7, 'circle_concentration': 71.9, 'eligible_count': 8, 'bet_adj': 0, 'reason': 'rel_win1=53.7%（本命度） / 最有力組み合わせ確率: 0.080（推定実オッズ?17倍） / 2着集中度: 上位2艇 71.9%（補正+0.04） / 総合判定確率: 0.120 / → ヒモはやや固め。上位2艇以外を切ること', 'tenji_trigger': '展示確認: 1号艇伸び良→そのまま採用。悪→飛び組に差し替え。circle_pct上位2艇に絞り込むこと。'}",,,29.1,逃げ狙い,17.45,31.6,3,,,,,0,0,0.6155,0,,逃げ軸流し,A
2026-01-04,丸亀,4,2,門田　栞,B1,25.35,2,,9.5176,35.2,55,44.1,0.1668,3.6765,,,0,低,76,0,-,1 232,0,97.9,1.9088,,,,,,0.2308,0.3077,0,,○,E,,,0.3245,0.5145,,0.3472,A,74,0,◎-○軸 3着3〜4艇流し（10〜15点）,0.5777,"{'is_target': True, 'verdict': '点数絞り', 'max_combo_prob': 0.08, 'est_top_odds': 16.7, 'circle_concentration': 71.9, 'eligible_count': 8, 'bet_adj': 0, 'reason': 'rel_win1=53.7%（本命度） / 最有力組み合わせ確率: 0.080（推定実オッズ?17倍） / 2着集中度: 上位2艇 71.9%（補正+0.04） / 総合判定確率: 0.120 / → ヒモはやや固め。上位2艇以外を切ること', 'tenji_trigger': '展示確認: 1号艇伸び良→そのまま採用。悪→飛び組に差し替え。circle_pct上位2艇に絞り込むこと。'}",,,29.1,逃げ狙い,17.45,31.6,3,,,,,,,,,,,
2026-01-04,丸亀,4,3,近江翔吾,A1,33.75,3,○,20.6372,36.6,90,76.1,0.1315,2.5,,,0,低,52,0,ま0% 差ま0%,4511S,0,34.4,1.1662,0,0,0.0909,0.0909,0.0455,0.0811,0.0541,0.027,,◎,C,◎,,0.4777,0.6415,,0.3472,A,74,0,◎-○軸 3着3〜4艇流し（10〜15点）,0.5777,"{'is_target': True, 'verdict': '点数絞り', 'max_combo_prob': 0.08, 'est_top_odds': 16.7, 'circle_concentration': 71.9, 'eligible_count': 8, 'bet_adj': 0, 'reason': 'rel_win1=53.7%（本命度） / 最有力組み合わせ確率: 0.080（推定実オッズ?17倍） / 2着集中度: 上位2艇 71.9%（補正+0.04） / 総合判定確率: 0.120 / → ヒモはやや固め。上位2艇以外を切ること', 'tenji_trigger': '展示確認: 1号艇伸び良→そのまま採用。悪→飛び組に差し替え。circle_pct上位2艇に絞り込むこと。'}",,,29.1,逃げ狙い,17.45,31.6,3,,,,,,,,,,,
2026-01-04,丸亀,4,4,石井伸長,B1,56.94,4,▲,9.4663,16.8,58,45,0.169,3.175,,,0,低,79,0,-,5 334,0,40.7,1.103,0,0,0.0323,0.0645,0,0,0.5,0.25,,,A,△,,0.2797,0.5655,,0.3472,A,74,0,◎-○軸 3着3〜4艇流し（10〜15点）,0.5777,"{'is_target': True, 'verdict': '点数絞り', 'max_combo_prob': 0.08, 'est_top_odds': 16.7, 'circle_concentration': 71.9, 'eligible_count': 8, 'bet_adj': 0, 'reason': 'rel_win1=53.7%（本命度） / 最有力組み合わせ確率: 0.080（推定実オッズ?17倍） / 2着集中度: 上位2艇 71.9%（補正+0.04） / 総合判定確率: 0.120 / → ヒモはやや固め。上位2艇以外を切ること', 'tenji_trigger': '展示確認: 1号艇伸び良→そのまま採用。悪→飛び組に差し替え。circle_pct上位2艇に絞り込むこと。'}",,,29.1,逃げ狙い,17.45,31.6,3,,,,,,,,,,,
2026-01-04,丸亀,4,5,塩田雄一,B1,30.99,5,,4.2377,9.4,33,27.9,0.1693,3.9262,,,0,低,147,0,-,224 55,0,38.4,1.1174,,,,,,0.4143,0.0952,0.2071,,,D,△,,0.3038,0.5565,,0.3472,A,74,0,◎-○軸 3着3〜4艇流し（10〜15点）,0.5777,"{'is_target': True, 'verdict': '点数絞り', 'max_combo_prob': 0.08, 'est_top_odds': 16.7, 'circle_concentration': 71.9, 'eligible_count': 8, 'bet_adj': 0, 'reason': 'rel_win1=53.7%（本命度） / 最有力組み合わせ確率: 0.080（推定実オッズ?17倍） / 2着集中度: 上位2艇 71.9%（補正+0.04） / 総合判定確率: 0.120 / → ヒモはやや固め。上位2艇以外を切ること', 'tenji_trigger': '展示確認: 1号艇伸び良→そのまま採用。悪→飛び組に差し替え。circle_pct上位2艇に絞り込むこと。'}",,,29.1,逃げ狙い,17.45,31.6,3,,,,,,,,,,,
2026-01-04,丸亀,4,6,竹田和哉,A1,38.67,6,△,2.398,1.9,100,43.1,0.1867,4.2157,,,0,低,106,0,-,4 2431,0,73.7,1.6956,,,,,,0.116,0.116,0,,,B,◎,,0.2457,0.6415,,0.3472,A,74,0,◎-○軸 3着3〜4艇流し（10〜15点）,0.5777,"{'is_target': True, 'verdict': '点数絞り', 'max_combo_prob': 0.08, 'est_top_odds': 16.7, 'circle_concentration': 71.9, 'eligible_count': 8, 'bet_adj': 0, 'reason': 'rel_win1=53.7%（本命度） / 最有力組み合わせ確率: 0.080（推定実オッズ?17倍） / 2着集中度: 上位2艇 71.9%（補正+0.04） / 総合判定確率: 0.120 / → ヒモはやや固め。上位2艇以外を切ること', 'tenji_trigger': '展示確認: 1号艇伸び良→そのまま採用。悪→飛び組に差し替え。circle_pct上位2艇に絞り込むこと。'}",,,29.1,逃げ狙い,17.45,31.6,3,,,,,,,,,,,
2026-01-04,丸亀,5,1,木谷賢太,A2,24.00,1,◎,55.4404,,0,90,0.1334,2.6357,,,0,低,107,0,逃1%,3 5323,0,74.1,1.0651,0.7429,,,,,0.0343,0.0114,0.1957,◎,,E,◎,,,0.663,,0.6324,S,92,0,◎1着固定 2-3着流し（5〜8点）,0.5777,"{'is_target': True, 'verdict': '参加推奨', 'max_combo_prob': 0.0728, 'est_top_odds': 18.3, 'circle_concentration': 74.4, 'eligible_count': 6, 'bet_adj': 2, 'reason': 'rel_win1=55.4%（本命度） / 最有力組み合わせ確率: 0.073（推定実オッズ?18倍） / 2着集中度: 上位2艇 74.4%（補正+0.04） / 総合判定確率: 0.113 / → ヒモ分散。1号艇1着固定で広めのヒモ流し推奨（買い目+2点）', 'tenji_trigger': '展示確認: ヒモ分散レース。1号艇伸び確認後、広めのヒモ流しを採用。穴ヒモ（5・6号艇）を積極的に含める。\n展示で1号艇スタート超安定(0.133秒)→ヒモ固まり方向に注意'}",,,25.6,逃げ狙い,13.38,25.1,3,,,,,0,0,0.7559,0,,逃げ軸流し,A
2026-01-04,丸亀,5,2,谷口佳蓮,B1,35.62,2,△,13.1678,32.7,92,50,0.158,3.8,,,0,低,45,0,-,6 365,0,53.4,0.8326,0,0.1176,0,0,0,0.1091,0,0.2727,,,C,,,0.0806,0.5715,,0.6324,S,92,0,◎1着固定 2-3着流し（5〜8点）,0.5777,"{'is_target': True, 'verdict': '参加推奨', 'max_combo_prob': 0.0728, 'est_top_odds': 18.3, 'circle_concentration': 74.4, 'eligible_count': 6, 'bet_adj': 2, 'reason': 'rel_win1=55.4%（本命度） / 最有力組み合わせ確率: 0.073（推定実オッズ?18倍） / 2着集中度: 上位2艇 74.4%（補正+0.04） / 総合判定確率: 0.113 / → ヒモ分散。1号艇1着固定で広めのヒモ流し推奨（買い目+2点）', 'tenji_trigger': '展示確認: ヒモ分散レース。1号艇伸び確認後、広めのヒモ流しを採用。穴ヒモ（5・6号艇）を積極的に含める。\n展示で1号艇スタート超安定(0.133秒)→ヒモ固まり方向に注意'}",,,25.6,逃げ狙い,13.38,25.1,3,,,,,,,,,,,
2026-01-04,丸亀,5,3,宮崎　奨,A2,38.03,3,▲,14.0667,41.8,82,70.4,0.1585,3.5,,,0,低,134,0,-,1 4513,0,51.7,1.1617,0,0,0,0.0952,0.0476,0.0343,0.1571,0.2686,,,C,○,,0.1723,0.658,,0.6324,S,92,0,◎1着固定 2-3着流し（5〜8点）,0.5777,"{'is_target': True, 'verdict': '参加推奨', 'max_combo_prob': 0.0728, 'est_top_odds': 18.3, 'circle_concentration': 74.4, 'eligible_count': 6, 'bet_adj': 2, 'reason': 'rel_win1=55.4%（本命度） / 最有力組み合わせ確率: 0.073（推定実オッズ?18倍） / 2着集中度: 上位2艇 74.4%（補正+0.04） / 総合判定確率: 0.113 / → ヒモ分散。1号艇1着固定で広めのヒモ流し推奨（買い目+2点）', 'tenji_trigger': '展示確認: ヒモ分散レース。1号艇伸び確認後、広めのヒモ流しを採用。穴ヒモ（5・6号艇）を積極的に含める。\n展示で1号艇スタート超安定(0.133秒)→ヒモ固まり方向に注意'}",,,25.6,逃げ狙い,13.38,25.1,3,,,,,,,,,,,
2026-01-04,丸亀,5,4,古田祐貴,A2,48.00,4,○,11.7662,12.9,100,56.1,0.1494,2.9545,,,0,低,105,0,ま0%,512413,0,96.1,1.8332,0,0.0333,0.0333,0,0,0.2088,0.1971,0.1338,,,A,△,◎,0.2207,0.6265,0.4283,0.6324,S,92,0,◎1着固定 2-3着流し（5〜8点）,0.5777,"{'is_target': True, 'verdict': '参加推奨', 'max_combo_prob': 0.0728, 'est_top_odds': 18.3, 'circle_concentration': 74.4, 'eligible_count': 6, 'bet_adj': 2, 'reason': 'rel_win1=55.4%（本命度） / 最有力組み合わせ確率: 0.073（推定実オッズ?18倍） / 2着集中度: 上位2艇 74.4%（補正+0.04） / 総合判定確率: 0.113 / → ヒモ分散。1号艇1着固定で広めのヒモ流し推奨（買い目+2点）', 'tenji_trigger': '展示確認: ヒモ分散レース。1号艇伸び確認後、広めのヒモ流しを採用。穴ヒモ（5・6号艇）を積極的に含める。\n展示で1号艇スタート超安定(0.133秒)→ヒモ固まり方向に注意'}",,,25.6,逃げ狙い,13.38,25.1,3,,,,,,,,,,,
2026-01-04,丸亀,5,5,西丸敦基,B1,30.56,5,,4.1644,11.1,83,35,0.1668,3.6667,,,0,低,113,0,-,132 41,0,37.3,1.0583,,,,,,0.0333,0.0667,0.3,,,D,△,,0.2073,0.6165,,0.6324,S,92,0,◎1着固定 2-3着流し（5〜8点）,0.5777,"{'is_target': True, 'verdict': '参加推奨', 'max_combo_prob': 0.0728, 'est_top_odds': 18.3, 'circle_concentration': 74.4, 'eligible_count': 6, 'bet_adj': 2, 'reason': 'rel_win1=55.4%（本命度） / 最有力組み合わせ確率: 0.073（推定実オッズ?18倍） / 2着集中度: 上位2艇 74.4%（補正+0.04） / 総合判定確率: 0.113 / → ヒモ分散。1号艇1着固定で広めのヒモ流し推奨（買い目+2点）', 'tenji_trigger': '展示確認: ヒモ分散レース。1号艇伸び確認後、広めのヒモ流しを採用。穴ヒモ（5・6号艇）を積極的に含める。\n展示で1号艇スタート超安定(0.133秒)→ヒモ固まり方向に注意'}",,,25.6,逃げ狙い,13.38,25.1,3,,,,,,,,,,,
2026-01-04,丸亀,5,6,中澤里桜,B2,45.21,6,,1.3945,1.6,43,4.3,0.2217,4.5435,,,0,低,12,0,-,666 6,0,27.5,0.6394,,,,,,,,,,,B,,,0.135,0.4195,,0.6324,S,92,0,◎1着固定 2-3着流し（5〜8点）,0.5777,"{'is_target': True, 'verdict': '参加推奨', 'max_combo_prob': 0.0728, 'est_top_odds': 18.3, 'circle_concentration': 74.4, 'eligible_count': 6, 'bet_adj': 2, 'reason': 'rel_win1=55.4%（本命度） / 最有力組み合わせ確率: 0.073（推定実オッズ?18倍） / 2着集中度: 上位2艇 74.4%（補正+0.04） / 総合判定確率: 0.113 / → ヒモ分散。1号艇1着固定で広めのヒモ流し推奨（買い目+2点）', 'tenji_trigger': '展示確認: ヒモ分散レース。1号艇伸び確認後、広めのヒモ流しを採用。穴ヒモ（5・6号艇）を積極的に含める。\n展示で1号艇スタート超安定(0.133秒)→ヒモ固まり方向に注意'}",,,25.6,逃げ狙い,13.38,25.1,3,,,,,,,,,,,
2026-01-04,丸亀,6,1,吉永泰弘,B1,48.00,1,◎,41.612,,0,80.5,0.141,2.9512,,,0,低,137,0,逃0%,2 4613,0,54.8,0.84,0.3529,,,,,0.2376,0.4541,0.0235,○,,B,△,,,0.6525,,0.3575,B,54,0,◎○△フォーメーション（15〜20点）,0.5777,"{'is_target': False, 'verdict': '対象外', 'max_combo_prob': None, 'est_top_odds': None, 'circle_concentration': None, 'eligible_count': 0, 'bet_adj': 0, 'reason': '1号艇rel_win1 < 45%: 通常判定に委ねる', 'tenji_trigger': ''}",,,37.6,両建て推奨,37.18,39,2,,,,,0,0,0.6155,0,,主役軸流し,B
2026-01-04,丸亀,6,2,片岡雅裕,A1,40.00,2,▲,19.3039,51.7,78,86.7,0.1273,2.3667,,,0,低,5,0,ま0%,265126,0,54.2,1.1229,0,0,0.1667,0,0,0.0286,0,0.3571,,◎,D,◎,,0.4976,0.8292,,0.3575,B,54,0,◎○△フォーメーション（15〜20点）,0.5777,"{'is_target': False, 'verdict': '対象外', 'max_combo_prob': None, 'est_top_odds': None, 'circle_concentration': None, 'eligible_count': 0, 'bet_adj': 0, 'reason': '1号艇rel_win1 < 45%: 通常判定に委ねる', 'tenji_trigger': ''}",,,37.6,両建て推奨,37.18,39,2,,,,,,,,,,,
2026-01-04,丸亀,6,3,松下知幸,B1,32.86,3,,11.8785,16.9,100,44.9,0.1477,2.9493,,,0,低,152,0,-,355 56,0,92,1.8462,0,0.0303,0.0303,0.0909,0,0.2152,0.1581,0.1962,,,E,,,0.3169,0.5965,,0.3575,B,54,0,◎○△フォーメーション（15〜20点）,0.5777,"{'is_target': False, 'verdict': '対象外', 'max_combo_prob': None, 'est_top_odds': None, 'circle_concentration': None, 'eligible_count': 0, 'bet_adj': 0, 'reason': '1号艇rel_win1 < 45%: 通常判定に委ねる', 'tenji_trigger': ''}",,,37.6,両建て推奨,37.18,39,2,,,,,,,,,,,
2026-01-04,丸亀,6,4,森高一真,A1,53.42,4,○,15.6658,17.5,95,64,0.1476,2.96,,,0,低,28,0,-,341242,0,55,1.0947,,,,,,0,0.1667,0.3333,,,A,○,◎,0.3543,0.685,0.3897,0.3575,B,54,0,◎○△フォーメーション（15〜20点）,0.5777,"{'is_target': False, 'verdict': '対象外', 'max_combo_prob': None, 'est_top_odds': None, 'circle_concentration': None, 'eligible_count': 0, 'bet_adj': 0, 'reason': '1号艇rel_win1 < 45%: 通常判定に委ねる', 'tenji_trigger': ''}",,,37.6,両建て推奨,37.18,39,2,,,,,,,,,,,
2026-01-04,丸亀,6,5,三嶌さら,B1,41.43,5,,4.33,6,51,16.7,0.1812,4.381,,,0,低,82,0,-,5 541,0,27.7,0.5721,,,,,,0,0.25,0,,,C,,,0.2502,0.576,,0.3575,B,54,0,◎○△フォーメーション（15〜20点）,0.5777,"{'is_target': False, 'verdict': '対象外', 'max_combo_prob': None, 'est_top_odds': None, 'circle_concentration': None, 'eligible_count': 0, 'bet_adj': 0, 'reason': '1号艇rel_win1 < 45%: 通常判定に委ねる', 'tenji_trigger': ''}",,,37.6,両建て推奨,37.18,39,2,,,,,,,,,,,
2026-01-04,丸亀,6,6,重成一人,A1,47.14,6,△,7.2098,7.8,58,55.2,0.181,3.6034,,,0,低,51,0,抜0%,414 11,0,53.8,1.175,0,0.0909,0,0,0.0909,0.0533,0.2533,0.0133,,,C,△,,0.2308,0.6315,,0.3575,B,54,0,◎○△フォーメーション（15〜20点）,0.5777,"{'is_target': False, 'verdict': '対象外', 'max_combo_prob': None, 'est_top_odds': None, 'circle_concentration': None, 'eligible_count': 0, 'bet_adj': 0, 'reason': '1号艇rel_win1 < 45%: 通常判定に委ねる', 'tenji_trigger': ''}",,,37.6,両建て推奨,37.18,39,2,,,,,,,,,,,
2026-01-04,丸亀,7,1,濱野斗馬,A1,44.44,1,◎,63.4527,,0,94.4,0.118,1.9907,,,0,低,40,0,逃1%,5 4222,0,69.2,1.0874,0.7419,,,,,0.0968,0,0.0323,◎,,A,◎,,,0.638,,0.7906,S,100,0,◎1着固定 2-3着流し（5〜8点）,0.5777,"{'is_target': True, 'verdict': '参加推奨', 'max_combo_prob': 0.0704, 'est_top_odds': 18.9, 'circle_concentration': 72.7, 'eligible_count': 6, 'bet_adj': 2, 'reason': 'rel_win1=63.5%（本命度） / 最有力組み合わせ確率: 0.070（推定実オッズ?19倍） / 2着集中度: 上位2艇 72.7%（補正+0.04） / 総合判定確率: 0.110 / → ヒモ分散。1号艇1着固定で広めのヒモ流し推奨（買い目+2点）', 'tenji_trigger': '展示確認: ヒモ分散レース。1号艇伸び確認後、広めのヒモ流しを採用。穴ヒモ（5・6号艇）を積極的に含める。\n展示で1号艇スタート超安定(0.118秒)→ヒモ固まり方向に注意'}",,,25.9,逃げ狙い,16.43,23.5,3,,,,,0,0,0.7559,0,,逃げ軸流し,A
2026-01-04,丸亀,7,2,妻鳥晋也,B1,31.51,2,,11.5853,37,70,58.3,0.1983,4.725,,,0,低,151,0,差0%,365 25,0,55.3,1.3922,0,0.12,0,0,0,0.25,0.21,0.23,,,D,△,,0.0772,0.601,,0.7906,S,100,0,◎1着固定 2-3着流し（5〜8点）,0.5777,"{'is_target': True, 'verdict': '参加推奨', 'max_combo_prob': 0.0704, 'est_top_odds': 18.9, 'circle_concentration': 72.7, 'eligible_count': 6, 'bet_adj': 2, 'reason': 'rel_win1=63.5%（本命度） / 最有力組み合わせ確率: 0.070（推定実オッズ?19倍） / 2着集中度: 上位2艇 72.7%（補正+0.04） / 総合判定確率: 0.110 / → ヒモ分散。1号艇1着固定で広めのヒモ流し推奨（買い目+2点）', 'tenji_trigger': '展示確認: ヒモ分散レース。1号艇伸び確認後、広めのヒモ流しを採用。穴ヒモ（5・6号艇）を積極的に含める。\n展示で1号艇スタート超安定(0.118秒)→ヒモ固まり方向に注意'}",,,25.9,逃げ狙い,16.43,23.5,3,,,,,,,,,,,
2026-01-04,丸亀,7,3,川原祐明,A1,32.14,3,○,13.8492,35.6,75,74,0.153,3.17,,,0,低,110,0,差ま0%,233 34,0,27.4,0.8965,0,0,0,0.2593,0,0.0276,0.1014,0.0138,,,D,△,,0.1703,0.6185,,0.7906,S,100,0,◎1着固定 2-3着流し（5〜8点）,0.5777,"{'is_target': True, 'verdict': '参加推奨', 'max_combo_prob': 0.0704, 'est_top_odds': 18.9, 'circle_concentration': 72.7, 'eligible_count': 6, 'bet_adj': 2, 'reason': 'rel_win1=63.5%（本命度） / 最有力組み合わせ確率: 0.070（推定実オッズ?19倍） / 2着集中度: 上位2艇 72.7%（補正+0.04） / 総合判定確率: 0.110 / → ヒモ分散。1号艇1着固定で広めのヒモ流し推奨（買い目+2点）', 'tenji_trigger': '展示確認: ヒモ分散レース。1号艇伸び確認後、広めのヒモ流しを採用。穴ヒモ（5・6号艇）を積極的に含める。\n展示で1号艇スタート超安定(0.118秒)→ヒモ固まり方向に注意'}",,,25.9,逃げ狙い,16.43,23.5,3,,,,,,,,,,,
2026-01-04,丸亀,7,4,上田隆章,B1,35.71,4,△,6.1455,14,79,33.3,0.2132,4.8246,,,0,低,192,0,-,422 43,0,100,2.7555,0,0,0.0476,0,0,0.3,0.22,0.1,,,B,,,0.1058,0.5515,,0.7906,S,100,0,◎1着固定 2-3着流し（5〜8点）,0.5777,"{'is_target': True, 'verdict': '参加推奨', 'max_combo_prob': 0.0704, 'est_top_odds': 18.9, 'circle_concentration': 72.7, 'eligible_count': 6, 'bet_adj': 2, 'reason': 'rel_win1=63.5%（本命度） / 最有力組み合わせ確率: 0.070（推定実オッズ?19倍） / 2着集中度: 上位2艇 72.7%（補正+0.04） / 総合判定確率: 0.110 / → ヒモ分散。1号艇1着固定で広めのヒモ流し推奨（買い目+2点）', 'tenji_trigger': '展示確認: ヒモ分散レース。1号艇伸び確認後、広めのヒモ流しを採用。穴ヒモ（5・6号艇）を積極的に含める。\n展示で1号艇スタート超安定(0.118秒)→ヒモ固まり方向に注意'}",,,25.9,逃げ狙い,16.43,23.5,3,,,,,,,,,,,
2026-01-04,丸亀,7,5,小野寺智,B1,35.14,5,▲,2.2073,6.8,80,32.7,0.1544,3.6636,,,0,低,79,0,-,2 662,0,74.7,1.5593,,,,,,0.1217,0.0174,0.3096,,,C,△,,0.1973,0.6185,,0.7906,S,100,0,◎1着固定 2-3着流し（5〜8点）,0.5777,"{'is_target': True, 'verdict': '参加推奨', 'max_combo_prob': 0.0704, 'est_top_odds': 18.9, 'circle_concentration': 72.7, 'eligible_count': 6, 'bet_adj': 2, 'reason': 'rel_win1=63.5%（本命度） / 最有力組み合わせ確率: 0.070（推定実オッズ?19倍） / 2着集中度: 上位2艇 72.7%（補正+0.04） / 総合判定確率: 0.110 / → ヒモ分散。1号艇1着固定で広めのヒモ流し推奨（買い目+2点）', 'tenji_trigger': '展示確認: ヒモ分散レース。1号艇伸び確認後、広めのヒモ流しを採用。穴ヒモ（5・6号艇）を積極的に含める。\n展示で1号艇スタート超安定(0.118秒)→ヒモ固まり方向に注意'}",,,25.9,逃げ狙い,16.43,23.5,3,,,,,,,,,,,
2026-01-04,丸亀,7,6,西岡顕心,A1,31.94,6,,2.76,6.5,100,57.1,0.1771,4.1857,,,0,低,55,0,-,21331,0,29.7,0.8528,,,,,,0,0.0714,0,,,D,○,,0.135,0.6245,,0.7906,S,100,0,◎1着固定 2-3着流し（5〜8点）,0.5777,"{'is_target': True, 'verdict': '参加推奨', 'max_combo_prob': 0.0704, 'est_top_odds': 18.9, 'circle_concentration': 72.7, 'eligible_count': 6, 'bet_adj': 2, 'reason': 'rel_win1=63.5%（本命度） / 最有力組み合わせ確率: 0.070（推定実オッズ?19倍） / 2着集中度: 上位2艇 72.7%（補正+0.04） / 総合判定確率: 0.110 / → ヒモ分散。1号艇1着固定で広めのヒモ流し推奨（買い目+2点）', 'tenji_trigger': '展示確認: ヒモ分散レース。1号艇伸び確認後、広めのヒモ流しを採用。穴ヒモ（5・6号艇）を積極的に含める。\n展示で1号艇スタート超安定(0.118秒)→ヒモ固まり方向に注意'}",,,25.9,逃げ狙い,16.43,23.5,3,,,,,,,,,,,
2026-01-04,丸亀,8,1,石丸海渡,A1,37.84,1,◎,65.944,,0,95.2,0.1129,1.8651,,,0,低,26,0,逃1%,622 61,0,70.8,1.0482,0.875,,,,,0.0792,0.0125,0,◎,,D,◎,,,0.687,,0.8011,S,92,0,◎1着固定 2-3着流し（5〜8点）,0.5777,"{'is_target': True, 'verdict': '点数絞り', 'max_combo_prob': 0.0993, 'est_top_odds': 13.4, 'circle_concentration': 70.8, 'eligible_count': 6, 'bet_adj': 0, 'reason': 'rel_win1=65.9%（本命度） / 最有力組み合わせ確率: 0.099（推定実オッズ?13倍） / 2着集中度: 上位2艇 70.8%（補正+0.04） / 総合判定確率: 0.139 / → ヒモはやや固め。上位2艇以外を切ること', 'tenji_trigger': '展示確認: 1号艇伸び良→そのまま採用。悪→飛び組に差し替え。circle_pct上位2艇に絞り込むこと。\n展示で1号艇スタート超安定(0.113秒)→ヒモ固まり方向に注意'}",,,25.9,逃げ狙い,17.21,22.8,4,,,,,0,0,0.7559,0,,逃げ軸流し,A
2026-01-04,丸亀,8,2,松尾　祭,A2,42.47,2,△,10.4313,40.5,100,76.7,0.163,3.6,,,0,低,144,0,-,54544,0,45.2,1.0222,0,0.1613,0.0323,0,0,0.1086,0.0654,0.2501,,,C,△,,0.0847,0.6215,,0.8011,S,92,0,◎1着固定 2-3着流し（5〜8点）,0.5777,"{'is_target': True, 'verdict': '点数絞り', 'max_combo_prob': 0.0993, 'est_top_odds': 13.4, 'circle_concentration': 70.8, 'eligible_count': 6, 'bet_adj': 0, 'reason': 'rel_win1=65.9%（本命度） / 最有力組み合わせ確率: 0.099（推定実オッズ?13倍） / 2着集中度: 上位2艇 70.8%（補正+0.04） / 総合判定確率: 0.139 / → ヒモはやや固め。上位2艇以外を切ること', 'tenji_trigger': '展示確認: 1号艇伸び良→そのまま採用。悪→飛び組に差し替え。circle_pct上位2艇に絞り込むこと。\n展示で1号艇スタート超安定(0.113秒)→ヒモ固まり方向に注意'}",,,25.9,逃げ狙い,17.21,22.8,4,,,,,,,,,,,
2026-01-04,丸亀,8,3,三好勇人,B1,49.30,3,○,9.1574,23.7,77,62.9,0.1374,2.7823,,,0,低,88,0,-,444 53,0,97.1,0.8225,0,0.0357,0.0357,0.0357,0.0357,0.0133,0.16,0.0533,,,B,,,0.1606,0.6185,,0.8011,S,92,0,◎1着固定 2-3着流し（5〜8点）,0.5777,"{'is_target': True, 'verdict': '点数絞り', 'max_combo_prob': 0.0993, 'est_top_odds': 13.4, 'circle_concentration': 70.8, 'eligible_count': 6, 'bet_adj': 0, 'reason': 'rel_win1=65.9%（本命度） / 最有力組み合わせ確率: 0.099（推定実オッズ?13倍） / 2着集中度: 上位2艇 70.8%（補正+0.04） / 総合判定確率: 0.139 / → ヒモはやや固め。上位2艇以外を切ること', 'tenji_trigger': '展示確認: 1号艇伸び良→そのまま採用。悪→飛び組に差し替え。circle_pct上位2艇に絞り込むこと。\n展示で1号艇スタート超安定(0.113秒)→ヒモ固まり方向に注意'}",,,25.9,逃げ狙い,17.21,22.8,4,,,,,,,,,,,
2026-01-04,丸亀,8,4,中田元泰,A1,32.18,4,,10.5736,30.3,59,71.7,0.1505,3.2667,,,0,低,90,0,-,46164,0,40.8,0.8985,0,0.0455,0.1364,0.0455,0,0.0323,0.1613,0,,,E,○,◎,0.167,0.685,0.4667,0.8011,S,92,0,◎1着固定 2-3着流し（5〜8点）,0.5777,"{'is_target': True, 'verdict': '点数絞り', 'max_combo_prob': 0.0993, 'est_top_odds': 13.4, 'circle_concentration': 70.8, 'eligible_count': 6, 'bet_adj': 0, 'reason': 'rel_win1=65.9%（本命度） / 最有力組み合わせ確率: 0.099（推定実オッズ?13倍） / 2着集中度: 上位2艇 70.8%（補正+0.04） / 総合判定確率: 0.139 / → ヒモはやや固め。上位2艇以外を切ること', 'tenji_trigger': '展示確認: 1号艇伸び良→そのまま採用。悪→飛び組に差し替え。circle_pct上位2艇に絞り込むこと。\n展示で1号艇スタート超安定(0.113秒)→ヒモ固まり方向に注意'}",,,25.9,逃げ狙い,17.21,22.8,4,,,,,,,,,,,
2026-01-04,丸亀,8,5,長谷川親,B1,41.89,5,,2.8816,5,32,17.5,0.1996,4.5965,,,0,低,166,0,-,536 36,0,25.4,0.6262,0,0,0,0.037,0,0.1111,0.3778,0.2222,,,C,,,0.1042,0.605,,0.8011,S,92,0,◎1着固定 2-3着流し（5〜8点）,0.5777,"{'is_target': True, 'verdict': '点数絞り', 'max_combo_prob': 0.0993, 'est_top_odds': 13.4, 'circle_concentration': 70.8, 'eligible_count': 6, 'bet_adj': 0, 'reason': 'rel_win1=65.9%（本命度） / 最有力組み合わせ確率: 0.099（推定実オッズ?13倍） / 2着集中度: 上位2艇 70.8%（補正+0.04） / 総合判定確率: 0.139 / → ヒモはやや固め。上位2艇以外を切ること', 'tenji_trigger': '展示確認: 1号艇伸び良→そのまま採用。悪→飛び組に差し替え。circle_pct上位2艇に絞り込むこと。\n展示で1号艇スタート超安定(0.113秒)→ヒモ固まり方向に注意'}",,,25.9,逃げ狙い,17.21,22.8,4,,,,,,,,,,,
2026-01-04,丸亀,8,6,宮武英司,B1,60.27,6,▲,1.0121,0.5,39,23.3,0.1781,4.1628,,,0,低,89,0,-,3 155,0,30.9,2.0278,,,,,,0.4889,0.0222,0.0222,,,A,△,,0.1388,0.658,,0.8011,S,92,0,◎1着固定 2-3着流し（5〜8点）,0.5777,"{'is_target': True, 'verdict': '点数絞り', 'max_combo_prob': 0.0993, 'est_top_odds': 13.4, 'circle_concentration': 70.8, 'eligible_count': 6, 'bet_adj': 0, 'reason': 'rel_win1=65.9%（本命度） / 最有力組み合わせ確率: 0.099（推定実オッズ?13倍） / 2着集中度: 上位2艇 70.8%（補正+0.04） / 総合判定確率: 0.139 / → ヒモはやや固め。上位2艇以外を切ること', 'tenji_trigger': '展示確認: 1号艇伸び良→そのまま採用。悪→飛び組に差し替え。circle_pct上位2艇に絞り込むこと。\n展示で1号艇スタート超安定(0.113秒)→ヒモ固まり方向に注意'}",,,25.9,逃げ狙い,17.21,22.8,4,,,,,,,,,,,
2026-01-04,丸亀,9,1,竹田和哉,A1,38.67,1,◎,63.7986,,0,92,0.1376,2.7933,,,0,低,106,0,逃0% 抜0%,4 2431,0,90,1.1821,0.7692,,,,,0.116,0.116,0,◎,,C,○,,,0.6415,,0.6324,S,88,0,◎1着固定 2-3着流し（5〜8点）,0.5777,"{'is_target': True, 'verdict': '参加推奨', 'max_combo_prob': 0.0712, 'est_top_odds': 18.7, 'circle_concentration': 61.0, 'eligible_count': 6, 'bet_adj': 2, 'reason': 'rel_win1=63.8%（本命度） / 最有力組み合わせ確率: 0.071（推定実オッズ?19倍） / 2着集中度: 上位2艇 61.0%（補正+0.00） / 総合判定確率: 0.071 / → ヒモ分散。1号艇1着固定で広めのヒモ流し推奨（買い目+2点）', 'tenji_trigger': '展示確認: ヒモ分散レース。1号艇伸び確認後、広めのヒモ流しを採用。穴ヒモ（5・6号艇）を積極的に含める。\n展示で1号艇スタート超安定(0.138秒)→ヒモ固まり方向に注意'}",,,28.3,逃げ狙い,19.7,27.4,2,,,,,0,0,0.7559,0,,逃げ軸流し,A
2026-01-04,丸亀,9,2,西村美智,B2,39.74,2,▲,12.285,35,78,73.3,0.1573,3.1667,,,0,低,25,0,ま1%,131 15,0,23,0.6845,0,0,0.2857,0,0,0.1111,0.1111,0.1111,,,B,△,,0.1476,0.6285,,0.6324,S,88,0,◎1着固定 2-3着流し（5〜8点）,0.5777,"{'is_target': True, 'verdict': '参加推奨', 'max_combo_prob': 0.0712, 'est_top_odds': 18.7, 'circle_concentration': 61.0, 'eligible_count': 6, 'bet_adj': 2, 'reason': 'rel_win1=63.8%（本命度） / 最有力組み合わせ確率: 0.071（推定実オッズ?19倍） / 2着集中度: 上位2艇 61.0%（補正+0.00） / 総合判定確率: 0.071 / → ヒモ分散。1号艇1着固定で広めのヒモ流し推奨（買い目+2点）', 'tenji_trigger': '展示確認: ヒモ分散レース。1号艇伸び確認後、広めのヒモ流しを採用。穴ヒモ（5・6号艇）を積極的に含める。\n展示で1号艇スタート超安定(0.138秒)→ヒモ固まり方向に注意'}",,,28.3,逃げ狙い,19.7,27.4,2,,,,,,,,,,,
2026-01-04,丸亀,9,3,古田祐貴,A2,48.00,3,○,10.1183,24.2,73,60,0.1377,2.65,,,0,低,105,0,-,512413,0,52.6,0.9648,0,0.0323,0.0323,0.0323,0,0.2088,0.1971,0.1338,,,A,△,,0.2796,0.6265,,0.6324,S,88,0,◎1着固定 2-3着流し（5〜8点）,0.5777,"{'is_target': True, 'verdict': '参加推奨', 'max_combo_prob': 0.0712, 'est_top_odds': 18.7, 'circle_concentration': 61.0, 'eligible_count': 6, 'bet_adj': 2, 'reason': 'rel_win1=63.8%（本命度） / 最有力組み合わせ確率: 0.071（推定実オッズ?19倍） / 2着集中度: 上位2艇 61.0%（補正+0.00） / 総合判定確率: 0.071 / → ヒモ分散。1号艇1着固定で広めのヒモ流し推奨（買い目+2点）', 'tenji_trigger': '展示確認: ヒモ分散レース。1号艇伸び確認後、広めのヒモ流しを採用。穴ヒモ（5・6号艇）を積極的に含める。\n展示で1号艇スタート超安定(0.138秒)→ヒモ固まり方向に注意'}",,,28.3,逃げ狙い,19.7,27.4,2,,,,,,,,,,,
2026-01-04,丸亀,9,4,近江翔吾,A1,33.75,4,△,6.64,25.9,100,77.4,0.1394,2.934,,,0,低,52,0,差0%,4511S,0,54.5,1.0955,0,0.037,0.0741,0,0,0.0811,0.0541,0.027,,,C,○,◎,0.2884,0.6415,0.4287,0.6324,S,88,0,◎1着固定 2-3着流し（5〜8点）,0.5777,"{'is_target': True, 'verdict': '参加推奨', 'max_combo_prob': 0.0712, 'est_top_odds': 18.7, 'circle_concentration': 61.0, 'eligible_count': 6, 'bet_adj': 2, 'reason': 'rel_win1=63.8%（本命度） / 最有力組み合わせ確率: 0.071（推定実オッズ?19倍） / 2着集中度: 上位2艇 61.0%（補正+0.00） / 総合判定確率: 0.071 / → ヒモ分散。1号艇1着固定で広めのヒモ流し推奨（買い目+2点）', 'tenji_trigger': '展示確認: ヒモ分散レース。1号艇伸び確認後、広めのヒモ流しを採用。穴ヒモ（5・6号艇）を積極的に含める。\n展示で1号艇スタート超安定(0.138秒)→ヒモ固まり方向に注意'}",,,28.3,逃げ狙い,19.7,27.4,2,,,,,,,,,,,
2026-01-04,丸亀,9,5,西丸侑太,A2,30.67,5,,6.2659,10.6,72,44.7,0.1598,3.5745,,,0,低,100,0,-,513 44,0,59,1.1464,0,0,0,0.0909,0,0,0.1314,0.0429,,,D,,○,0.2243,0.6105,0.2883,0.6324,S,88,0,◎1着固定 2-3着流し（5〜8点）,0.5777,"{'is_target': True, 'verdict': '参加推奨', 'max_combo_prob': 0.0712, 'est_top_odds': 18.7, 'circle_concentration': 61.0, 'eligible_count': 6, 'bet_adj': 2, 'reason': 'rel_win1=63.8%（本命度） / 最有力組み合わせ確率: 0.071（推定実オッズ?19倍） / 2着集中度: 上位2艇 61.0%（補正+0.00） / 総合判定確率: 0.071 / → ヒモ分散。1号艇1着固定で広めのヒモ流し推奨（買い目+2点）', 'tenji_trigger': '展示確認: ヒモ分散レース。1号艇伸び確認後、広めのヒモ流しを採用。穴ヒモ（5・6号艇）を積極的に含める。\n展示で1号艇スタート超安定(0.138秒)→ヒモ固まり方向に注意'}",,,28.3,逃げ狙い,19.7,27.4,2,,,,,,,,,,,
2026-01-04,丸亀,9,6,木谷賢太,A2,24.00,6,,0.8921,4.2,69,41.5,0.1823,4.7736,,,0,低,107,0,-,3 5323,0,38.4,1.1261,,,,,,0.0343,0.0114,0.1957,,,E,◎,,0.1699,0.663,,0.6324,S,88,0,◎1着固定 2-3着流し（5〜8点）,0.5777,"{'is_target': True, 'verdict': '参加推奨', 'max_combo_prob': 0.0712, 'est_top_odds': 18.7, 'circle_concentration': 61.0, 'eligible_count': 6, 'bet_adj': 2, 'reason': 'rel_win1=63.8%（本命度） / 最有力組み合わせ確率: 0.071（推定実オッズ?19倍） / 2着集中度: 上位2艇 61.0%（補正+0.00） / 総合判定確率: 0.071 / → ヒモ分散。1号艇1着固定で広めのヒモ流し推奨（買い目+2点）', 'tenji_trigger': '展示確認: ヒモ分散レース。1号艇伸び確認後、広めのヒモ流しを採用。穴ヒモ（5・6号艇）を積極的に含める。\n展示で1号艇スタート超安定(0.138秒)→ヒモ固まり方向に注意'}",,,28.3,逃げ狙い,19.7,27.4,2,,,,,,,,,,,
2026-01-04,丸亀,10,1,木村光宏,B1,34.09,1,◎,48.9693,,0,71.7,0.1528,3.2283,,,0,低,99,0,逃0%,1 322,0,54,0.9082,0.3333,,,,,0.3952,0.3571,0.0571,○,,C,△,,,0.6335,,0.3699,B,48,0,◎○△フォーメーション（15〜20点）,0.5777,"{'is_target': True, 'verdict': '参加推奨', 'max_combo_prob': 0.0543, 'est_top_odds': 24.5, 'circle_concentration': 60.2, 'eligible_count': 9, 'bet_adj': 2, 'reason': 'rel_win1=49.0%（本命度） / 最有力組み合わせ確率: 0.054（推定実オッズ?24倍） / 2着集中度: 上位2艇 60.2%（補正+0.00） / 総合判定確率: 0.054 / → ヒモ分散。1号艇1着固定で広めのヒモ流し推奨（買い目+2点）', 'tenji_trigger': '展示確認: ヒモ分散レース。1号艇伸び確認後、広めのヒモ流しを採用。穴ヒモ（5・6号艇）を積極的に含める。'}",,,36.2,両建て推奨,27.64,43.2,4,,,,,0,0,0.6155,0,,主役軸流し,B
2026-01-04,丸亀,10,2,西丸敦基,B1,30.56,2,,8.1476,33.1,73,44.1,0.1691,4.2794,,,0,低,113,0,-,132 41,0,27.6,0.881,0,0,0,0,0.0556,0.0333,0.0667,0.3,,,D,,,0.2238,0.6165,,0.3699,B,48,0,◎○△フォーメーション（15〜20点）,0.5777,"{'is_target': True, 'verdict': '参加推奨', 'max_combo_prob': 0.0543, 'est_top_odds': 24.5, 'circle_concentration': 60.2, 'eligible_count': 9, 'bet_adj': 2, 'reason': 'rel_win1=49.0%（本命度） / 最有力組み合わせ確率: 0.054（推定実オッズ?24倍） / 2着集中度: 上位2艇 60.2%（補正+0.00） / 総合判定確率: 0.054 / → ヒモ分散。1号艇1着固定で広めのヒモ流し推奨（買い目+2点）', 'tenji_trigger': '展示確認: ヒモ分散レース。1号艇伸び確認後、広めのヒモ流しを採用。穴ヒモ（5・6号艇）を積極的に含める。'}",,,36.2,両建て推奨,27.64,43.2,4,,,,,,,,,,,
2026-01-04,丸亀,10,3,森高一真,A1,53.42,3,○,18.4588,19.9,100,66.7,0.1486,3.0952,,,0,低,28,0,差ま0%,341242,0,36.7,0.909,0,0,0.25,0.25,0,0,0.1667,0.3333,,○,A,○,,0.4369,0.685,,0.3699,B,48,0,◎○△フォーメーション（15〜20点）,0.5777,"{'is_target': True, 'verdict': '参加推奨', 'max_combo_prob': 0.0543, 'est_top_odds': 24.5, 'circle_concentration': 60.2, 'eligible_count': 9, 'bet_adj': 2, 'reason': 'rel_win1=49.0%（本命度） / 最有力組み合わせ確率: 0.054（推定実オッズ?24倍） / 2着集中度: 上位2艇 60.2%（補正+0.00） / 総合判定確率: 0.054 / → ヒモ分散。1号艇1着固定で広めのヒモ流し推奨（買い目+2点）', 'tenji_trigger': '展示確認: ヒモ分散レース。1号艇伸び確認後、広めのヒモ流しを採用。穴ヒモ（5・6号艇）を積極的に含める。'}",,,36.2,両建て推奨,27.64,43.2,4,,,,,,,,,,,
2026-01-04,丸亀,10,4,中村日向,A1,28.21,4,△,18.9607,27.2,88,79.3,0.1483,2.8103,,,0,低,40,0,差0% ま0% 差ま0% 抜0%,3 2562,0,96.5,1.8481,0,0.0909,0.0909,0.2727,0.1818,0.1538,0.0769,0,,△,E,△,◎,0.4039,0.645,0.4951,0.3699,B,48,0,◎○△フォーメーション（15〜20点）,0.5777,"{'is_target': True, 'verdict': '参加推奨', 'max_combo_prob': 0.0543, 'est_top_odds': 24.5, 'circle_concentration': 60.2, 'eligible_count': 9, 'bet_adj': 2, 'reason': 'rel_win1=49.0%（本命度） / 最有力組み合わせ確率: 0.054（推定実オッズ?24倍） / 2着集中度: 上位2艇 60.2%（補正+0.00） / 総合判定確率: 0.054 / → ヒモ分散。1号艇1着固定で広めのヒモ流し推奨（買い目+2点）', 'tenji_trigger': '展示確認: ヒモ分散レース。1号艇伸び確認後、広めのヒモ流しを採用。穴ヒモ（5・6号艇）を積極的に含める。'}",,,36.2,両建て推奨,27.64,43.2,4,,,,,,,,,,,
2026-01-04,丸亀,10,5,片岡雅裕,A1,40.00,5,▲,4.3676,17.3,86,57.1,0.1071,2.4286,,,0,低,5,1,-,265126,0,57.5,1.2448,,,,,,0.0286,0,0.3571,,◎,B,◎,,0.5053,0.8292,,0.3699,B,48,0,◎○△フォーメーション（15〜20点）,0.5777,"{'is_target': True, 'verdict': '参加推奨', 'max_combo_prob': 0.0543, 'est_top_odds': 24.5, 'circle_concentration': 60.2, 'eligible_count': 9, 'bet_adj': 2, 'reason': 'rel_win1=49.0%（本命度） / 最有力組み合わせ確率: 0.054（推定実オッズ?24倍） / 2着集中度: 上位2艇 60.2%（補正+0.00） / 総合判定確率: 0.054 / → ヒモ分散。1号艇1着固定で広めのヒモ流し推奨（買い目+2点）', 'tenji_trigger': '展示確認: ヒモ分散レース。1号艇伸び確認後、広めのヒモ流しを採用。穴ヒモ（5・6号艇）を積極的に含める。'}",,,36.2,両建て推奨,27.64,43.2,4,,,,,,,,,,,
2026-01-04,丸亀,10,6,川上清人,B1,38.75,6,,1.096,2.6,24,10.6,0.1923,4.4574,,,0,低,150,0,-,5 126,0,27.9,0.9833,,,,,,0.3733,0.0381,0.1962,,,C,,,0.2379,0.595,,0.3699,B,48,0,◎○△フォーメーション（15〜20点）,0.5777,"{'is_target': True, 'verdict': '参加推奨', 'max_combo_prob': 0.0543, 'est_top_odds': 24.5, 'circle_concentration': 60.2, 'eligible_count': 9, 'bet_adj': 2, 'reason': 'rel_win1=49.0%（本命度） / 最有力組み合わせ確率: 0.054（推定実オッズ?24倍） / 2着集中度: 上位2艇 60.2%（補正+0.00） / 総合判定確率: 0.054 / → ヒモ分散。1号艇1着固定で広めのヒモ流し推奨（買い目+2点）', 'tenji_trigger': '展示確認: ヒモ分散レース。1号艇伸び確認後、広めのヒモ流しを採用。穴ヒモ（5・6号艇）を積極的に含める。'}",,,36.2,両建て推奨,27.64,43.2,4,,,,,,,,,,,
2026-01-04,丸亀,11,1,西岡顕心,A1,31.94,1,◎,60.232,,0,88.2,0.1341,3.1471,,,0,低,55,0,逃1%,21331,0,69.8,0.9682,0.8571,,,,,0,0.0714,0,◎,,D,△,,,0.6245,,0.5011,S,84,0,◎1着固定 2-3着流し（5〜8点）,0.5777,"{'is_target': True, 'verdict': '参加推奨', 'max_combo_prob': 0.0744, 'est_top_odds': 17.9, 'circle_concentration': 62.9, 'eligible_count': 6, 'bet_adj': 2, 'reason': 'rel_win1=60.2%（本命度） / 最有力組み合わせ確率: 0.074（推定実オッズ?18倍） / 2着集中度: 上位2艇 62.9%（補正+0.00） / 総合判定確率: 0.074 / → ヒモ分散。1号艇1着固定で広めのヒモ流し推奨（買い目+2点）', 'tenji_trigger': '展示確認: ヒモ分散レース。1号艇伸び確認後、広めのヒモ流しを採用。穴ヒモ（5・6号艇）を積極的に含める。\n展示で1号艇スタート超安定(0.134秒)→ヒモ固まり方向に注意'}",,,25.8,逃げ狙い,16.65,22.9,2,,,,,0,0,0.7559,0,,逃げ軸流し,A
2026-01-04,丸亀,11,2,中村桃佳,B1,38.67,2,○,19.1315,34.2,60,72.7,0.1514,2.7273,,,0,低,41,0,差1%,2 1561,0,85.5,1.4526,0,0.2353,0.0588,0,0.0588,0.0471,0.0706,0.2706,,,B,,,0.1783,0.6205,,0.5011,S,84,0,◎1着固定 2-3着流し（5〜8点）,0.5777,"{'is_target': True, 'verdict': '参加推奨', 'max_combo_prob': 0.0744, 'est_top_odds': 17.9, 'circle_concentration': 62.9, 'eligible_count': 6, 'bet_adj': 2, 'reason': 'rel_win1=60.2%（本命度） / 最有力組み合わせ確率: 0.074（推定実オッズ?18倍） / 2着集中度: 上位2艇 62.9%（補正+0.00） / 総合判定確率: 0.074 / → ヒモ分散。1号艇1着固定で広めのヒモ流し推奨（買い目+2点）', 'tenji_trigger': '展示確認: ヒモ分散レース。1号艇伸び確認後、広めのヒモ流しを採用。穴ヒモ（5・6号艇）を積極的に含める。\n展示で1号艇スタート超安定(0.134秒)→ヒモ固まり方向に注意'}",,,25.8,逃げ狙い,16.65,22.9,2,,,,,,,,,,,
2026-01-04,丸亀,11,3,石丸海渡,A1,37.84,3,△,11.197,28.6,72,63.2,0.1024,2,,,0,低,26,0,ま0% 差ま0%,622 61,0,54.5,1.0552,0,0.0455,0.0455,0.0909,0.0455,0.0792,0.0125,0,,◎,C,◎,,0.4513,0.687,,0.5011,S,84,0,◎1着固定 2-3着流し（5〜8点）,0.5777,"{'is_target': True, 'verdict': '参加推奨', 'max_combo_prob': 0.0744, 'est_top_odds': 17.9, 'circle_concentration': 62.9, 'eligible_count': 6, 'bet_adj': 2, 'reason': 'rel_win1=60.2%（本命度） / 最有力組み合わせ確率: 0.074（推定実オッズ?18倍） / 2着集中度: 上位2艇 62.9%（補正+0.00） / 総合判定確率: 0.074 / → ヒモ分散。1号艇1着固定で広めのヒモ流し推奨（買い目+2点）', 'tenji_trigger': '展示確認: ヒモ分散レース。1号艇伸び確認後、広めのヒモ流しを採用。穴ヒモ（5・6号艇）を積極的に含める。\n展示で1号艇スタート超安定(0.134秒)→ヒモ固まり方向に注意'}",,,25.8,逃げ狙い,16.65,22.9,2,,,,,,,,,,,
2026-01-04,丸亀,11,4,宮崎　奨,A2,38.03,4,,4.4668,22.9,100,70.2,0.1772,3.694,,,0,低,134,0,-,1 4513,0,31,0.9436,0,0,0,0.0333,0,0.0343,0.1571,0.2686,,,C,○,,0.1127,0.658,,0.5011,S,84,0,◎1着固定 2-3着流し（5〜8点）,0.5777,"{'is_target': True, 'verdict': '参加推奨', 'max_combo_prob': 0.0744, 'est_top_odds': 17.9, 'circle_concentration': 62.9, 'eligible_count': 6, 'bet_adj': 2, 'reason': 'rel_win1=60.2%（本命度） / 最有力組み合わせ確率: 0.074（推定実オッズ?18倍） / 2着集中度: 上位2艇 62.9%（補正+0.00） / 総合判定確率: 0.074 / → ヒモ分散。1号艇1着固定で広めのヒモ流し推奨（買い目+2点）', 'tenji_trigger': '展示確認: ヒモ分散レース。1号艇伸び確認後、広めのヒモ流しを採用。穴ヒモ（5・6号艇）を積極的に含める。\n展示で1号艇スタート超安定(0.134秒)→ヒモ固まり方向に注意'}",,,25.8,逃げ狙い,16.65,22.9,2,,,,,,,,,,,
2026-01-04,丸亀,11,5,門田　栞,B1,25.35,5,,2.6483,9.2,49,25.7,0.1537,3.1143,,,0,低,76,0,差ま0%,1 232,0,33,1.1364,0,0,0,0.0714,0,0.2308,0.3077,0,,,E,,,0.2294,0.5145,,0.5011,S,84,0,◎1着固定 2-3着流し（5〜8点）,0.5777,"{'is_target': True, 'verdict': '参加推奨', 'max_combo_prob': 0.0744, 'est_top_odds': 17.9, 'circle_concentration': 62.9, 'eligible_count': 6, 'bet_adj': 2, 'reason': 'rel_win1=60.2%（本命度） / 最有力組み合わせ確率: 0.074（推定実オッズ?18倍） / 2着集中度: 上位2艇 62.9%（補正+0.00） / 総合判定確率: 0.074 / → ヒモ分散。1号艇1着固定で広めのヒモ流し推奨（買い目+2点）', 'tenji_trigger': '展示確認: ヒモ分散レース。1号艇伸び確認後、広めのヒモ流しを採用。穴ヒモ（5・6号艇）を積極的に含める。\n展示で1号艇スタート超安定(0.134秒)→ヒモ固まり方向に注意'}",,,25.8,逃げ狙い,16.65,22.9,2,,,,,,,,,,,
2026-01-04,丸亀,11,6,濱野斗馬,A1,44.44,6,▲,2.3244,5,56,36.7,0.1433,4.0167,,,0,低,40,0,-,5 4222,0,58.4,1.2622,,,,,,0.0968,0,0.0323,,,B,△,,0.2835,0.638,,0.5011,S,84,0,◎1着固定 2-3着流し（5〜8点）,0.5777,"{'is_target': True, 'verdict': '参加推奨', 'max_combo_prob': 0.0744, 'est_top_odds': 17.9, 'circle_concentration': 62.9, 'eligible_count': 6, 'bet_adj': 2, 'reason': 'rel_win1=60.2%（本命度） / 最有力組み合わせ確率: 0.074（推定実オッズ?18倍） / 2着集中度: 上位2艇 62.9%（補正+0.00） / 総合判定確率: 0.074 / → ヒモ分散。1号艇1着固定で広めのヒモ流し推奨（買い目+2点）', 'tenji_trigger': '展示確認: ヒモ分散レース。1号艇伸び確認後、広めのヒモ流しを採用。穴ヒモ（5・6号艇）を積極的に含める。\n展示で1号艇スタート超安定(0.134秒)→ヒモ固まり方向に注意'}",,,25.8,逃げ狙い,16.65,22.9,2,,,,,,,,,,,
2026-01-04,丸亀,12,1,中田元泰,A1,32.18,1,◎,64.0187,,0,94,0.1464,2.7738,,,0,低,90,0,逃1%,46164,0,88.3,1.1399,0.8065,,,,,0.0323,0.1613,0,◎,,C,◎,,,0.685,,0.6402,S,90,0,◎1着固定 2-3着流し（5〜8点）,0.5777,"{'is_target': True, 'verdict': '参加推奨', 'max_combo_prob': 0.073, 'est_top_odds': 18.3, 'circle_concentration': 58.6, 'eligible_count': 6, 'bet_adj': 2, 'reason': 'rel_win1=64.0%（本命度） / 最有力組み合わせ確率: 0.073（推定実オッズ?18倍） / 2着集中度: 上位2艇 58.6%（補正+0.00） / 総合判定確率: 0.073 / → ヒモ分散。1号艇1着固定で広めのヒモ流し推奨（買い目+2点）', 'tenji_trigger': '展示確認: ヒモ分散レース。1号艇伸び確認後、広めのヒモ流しを採用。穴ヒモ（5・6号艇）を積極的に含める。'}",,,28.4,逃げ狙い,21.97,25.9,5,,,,,0,0,0.7559,0,,逃げ軸流し,A
2026-01-04,丸亀,12,2,塩田雄一,B1,30.99,2,,6.1837,33.2,44,39,0.1837,3.8814,,,0,低,147,0,-,224 55,0,84.5,1.595,0,0,0.08,0,0,0.4143,0.0952,0.2071,,,D,,,0.0607,0.5565,,0.6402,S,90,0,◎1着固定 2-3着流し（5〜8点）,0.5777,"{'is_target': True, 'verdict': '参加推奨', 'max_combo_prob': 0.073, 'est_top_odds': 18.3, 'circle_concentration': 58.6, 'eligible_count': 6, 'bet_adj': 2, 'reason': 'rel_win1=64.0%（本命度） / 最有力組み合わせ確率: 0.073（推定実オッズ?18倍） / 2着集中度: 上位2艇 58.6%（補正+0.00） / 総合判定確率: 0.073 / → ヒモ分散。1号艇1着固定で広めのヒモ流し推奨（買い目+2点）', 'tenji_trigger': '展示確認: ヒモ分散レース。1号艇伸び確認後、広めのヒモ流しを採用。穴ヒモ（5・6号艇）を積極的に含める。'}",,,28.4,逃げ狙い,21.97,25.9,5,,,,,,,,,,,
2026-01-04,丸亀,12,3,吉永泰弘,B1,48.00,3,○,7.0247,25.5,35,33.9,0.1642,3.6129,,,0,低,137,0,-,2 4613,0,53.1,1.3013,,,,,,0.2376,0.4541,0.0235,,,A,△,,0.2238,0.6525,,0.6402,S,90,0,◎1着固定 2-3着流し（5〜8点）,0.5777,"{'is_target': True, 'verdict': '参加推奨', 'max_combo_prob': 0.073, 'est_top_odds': 18.3, 'circle_concentration': 58.6, 'eligible_count': 6, 'bet_adj': 2, 'reason': 'rel_win1=64.0%（本命度） / 最有力組み合わせ確率: 0.073（推定実オッズ?18倍） / 2着集中度: 上位2艇 58.6%（補正+0.00） / 総合判定確率: 0.073 / → ヒモ分散。1号艇1着固定で広めのヒモ流し推奨（買い目+2点）', 'tenji_trigger': '展示確認: ヒモ分散レース。1号艇伸び確認後、広めのヒモ流しを採用。穴ヒモ（5・6号艇）を積極的に含める。'}",,,28.4,逃げ狙い,21.97,25.9,5,,,,,,,,,,,
2026-01-04,丸亀,12,4,田頭虎親,B1,26.83,4,,8.1877,22,94,58.5,0.1629,3.2195,,,0,低,121,0,差0% ま0%,313 45,0,35.3,0.987,0,0.0556,0.1111,0,0,0.1,0.375,0.025,,,E,,○,0.2388,0.5945,0.288,0.6402,S,90,0,◎1着固定 2-3着流し（5〜8点）,0.5777,"{'is_target': True, 'verdict': '参加推奨', 'max_combo_prob': 0.073, 'est_top_odds': 18.3, 'circle_concentration': 58.6, 'eligible_count': 6, 'bet_adj': 2, 'reason': 'rel_win1=64.0%（本命度） / 最有力組み合わせ確率: 0.073（推定実オッズ?18倍） / 2着集中度: 上位2艇 58.6%（補正+0.00） / 総合判定確率: 0.073 / → ヒモ分散。1号艇1着固定で広めのヒモ流し推奨（買い目+2点）', 'tenji_trigger': '展示確認: ヒモ分散レース。1号艇伸び確認後、広めのヒモ流しを採用。穴ヒモ（5・6号艇）を積極的に含める。'}",,,28.4,逃げ狙い,21.97,25.9,5,,,,,,,,,,,
2026-01-04,丸亀,12,5,川原祐明,A1,32.14,5,▲,11.7023,12.4,100,64.8,0.1587,3.5741,,,0,低,110,0,差ま0%,233 34,0,45.4,1.0774,0,0.0357,0,0.2143,0,0.0276,0.1014,0.0138,,,D,△,◎,0.2809,0.6185,0.4188,0.6402,S,90,0,◎1着固定 2-3着流し（5〜8点）,0.5777,"{'is_target': True, 'verdict': '参加推奨', 'max_combo_prob': 0.073, 'est_top_odds': 18.3, 'circle_concentration': 58.6, 'eligible_count': 6, 'bet_adj': 2, 'reason': 'rel_win1=64.0%（本命度） / 最有力組み合わせ確率: 0.073（推定実オッズ?18倍） / 2着集中度: 上位2艇 58.6%（補正+0.00） / 総合判定確率: 0.073 / → ヒモ分散。1号艇1着固定で広めのヒモ流し推奨（買い目+2点）', 'tenji_trigger': '展示確認: ヒモ分散レース。1号艇伸び確認後、広めのヒモ流しを採用。穴ヒモ（5・6号艇）を積極的に含める。'}",,,28.4,逃げ狙い,21.97,25.9,5,,,,,,,,,,,
2026-01-04,丸亀,12,6,中村晃朋,A1,34.67,6,△,2.8828,7,62,40,0.163,3.8333,,,0,低,56,0,-,461132,0,31.6,0.9892,,,,,,0.1745,0,0.1564,,,C,○,,0.256,0.678,,0.6402,S,90,0,◎1着固定 2-3着流し（5〜8点）,0.5777,"{'is_target': True, 'verdict': '参加推奨', 'max_combo_prob': 0.073, 'est_top_odds': 18.3, 'circle_concentration': 58.6, 'eligible_count': 6, 'bet_adj': 2, 'reason': 'rel_win1=64.0%（本命度） / 最有力組み合わせ確率: 0.073（推定実オッズ?18倍） / 2着集中度: 上位2艇 58.6%（補正+0.00） / 総合判定確率: 0.073 / → ヒモ分散。1号艇1着固定で広めのヒモ流し推奨（買い目+2点）', 'tenji_trigger': '展示確認: ヒモ分散レース。1号艇伸び確認後、広めのヒモ流しを採用。穴ヒモ（5・6号艇）を積極的に含める。'}",,,28.4,逃げ狙い,21.97,25.9,5,,,,,,,,,,,
2026-01-05,丸亀,1,1,西丸敦基,B1,30.56,1,◎,56.8113,,0,87.5,0.1806,3.1562,,,0,低,113,0,逃0%,132 41,0,69.6,1.1096,0.5,,,,,0.0333,0.0667,0.3,○⚠️,,E,○,,,0.6165,,0.3733,A,77,0,◎-○軸 3着3〜4艇流し（10〜15点）,0.5777,"{'is_target': True, 'verdict': '参加推奨', 'max_combo_prob': 0.0717, 'est_top_odds': 18.6, 'circle_concentration': 71.8, 'eligible_count': 8, 'bet_adj': 2, 'reason': 'rel_win1=56.8%（本命度） / 最有力組み合わせ確率: 0.072（推定実オッズ?19倍） / 2着集中度: 上位2艇 71.8%（補正+0.04） / 総合判定確率: 0.112 / → ヒモ分散。1号艇1着固定で広めのヒモ流し推奨（買い目+2点）', 'tenji_trigger': '展示確認: ヒモ分散レース。1号艇伸び確認後、広めのヒモ流しを採用。穴ヒモ（5・6号艇）を積極的に含める。\n展示で1号艇スタート遅め(0.181秒)確認→ヒモが荒れやすい'}",,,27.9,逃げ狙い,14.79,30.6,2,4-5-6|4-5-1|4-6-5|4-3-6|4-3-5|4-5-3|4-6-1|1-3-6|1-3-4|1-2-3|1-2-6|1-4-3,4-5-6|4-5-1|4-6-5|4-3-6|4-3-5|4-5-3|4-6-1|1-3-6|1-3-4|1-2-3|1-2-6|1-4-3,4-5-6:2.14%|4-5-1:1.02%|4-6-5:1.0%|4-3-6:0.97%|4-3-5:0.82%|4-5-3:0.64%|4-6-1:0.57%|1-3-6:6.76%|1-3-4:5.69%|1-2-3:5.18%|1-2-6:4.75%|1-4-3:4.51%,4-5-6:B_main|4-5-1:B_main|4-6-5:B_main|4-3-6:B_main|4-3-5:B_main|4-5-3:B_main|4-6-1:B_main|1-3-6:A|1-3-4:A|1-2-3:A|1-2-6:A|1-4-3:A,12,12,0.4535,1,[!]見送り推奨（主役決まり手「まくり」― 逃げ劣勢レースで的中実績なし）,主役軸流し,B
2026-01-05,丸亀,1,2,大西隆洋,B1,38.27,2,,8.4668,25.6,89,35,0.1812,4.0833,,,0,低,103,0,抜0%,146 26,0,22.2,0.7319,0,0,0,0,0.0435,0.3077,0.0769,0.3077,,△,C,△,,0.3215,0.6055,,0.3733,A,77,0,◎-○軸 3着3〜4艇流し（10〜15点）,0.5777,"{'is_target': True, 'verdict': '参加推奨', 'max_combo_prob': 0.0717, 'est_top_odds': 18.6, 'circle_concentration': 71.8, 'eligible_count': 8, 'bet_adj': 2, 'reason': 'rel_win1=56.8%（本命度） / 最有力組み合わせ確率: 0.072（推定実オッズ?19倍） / 2着集中度: 上位2艇 71.8%（補正+0.04） / 総合判定確率: 0.112 / → ヒモ分散。1号艇1着固定で広めのヒモ流し推奨（買い目+2点）', 'tenji_trigger': '展示確認: ヒモ分散レース。1号艇伸び確認後、広めのヒモ流しを採用。穴ヒモ（5・6号艇）を積極的に含める。\n展示で1号艇スタート遅め(0.181秒)確認→ヒモが荒れやすい'}",,,27.9,逃げ狙い,14.79,30.6,2,,,,,,,,,,,
2026-01-05,丸亀,1,3,小野寺智,B1,35.14,3,△,10.0231,46.2,100,75,0.1383,2.5865,,,0,低,79,0,ま0%,2 662,0,80.4,0.8433,0,0,0.0455,0.0455,0,0.1217,0.0174,0.3096,,○,D,◎,,0.4614,0.6185,,0.3733,A,77,0,◎-○軸 3着3〜4艇流し（10〜15点）,0.5777,"{'is_target': True, 'verdict': '参加推奨', 'max_combo_prob': 0.0717, 'est_top_odds': 18.6, 'circle_concentration': 71.8, 'eligible_count': 8, 'bet_adj': 2, 'reason': 'rel_win1=56.8%（本命度） / 最有力組み合わせ確率: 0.072（推定実オッズ?19倍） / 2着集中度: 上位2艇 71.8%（補正+0.04） / 総合判定確率: 0.112 / → ヒモ分散。1号艇1着固定で広めのヒモ流し推奨（買い目+2点）', 'tenji_trigger': '展示確認: ヒモ分散レース。1号艇伸び確認後、広めのヒモ流しを採用。穴ヒモ（5・6号艇）を積極的に含める。\n展示で1号艇スタート遅め(0.181秒)確認→ヒモが荒れやすい'}",,,27.9,逃げ狙い,14.79,30.6,2,,,,,,,,,,,
2026-01-05,丸亀,1,4,西岡蒼志,B1,46.67,4,○,14.8344,14.9,69,31.8,0.1259,2.8636,,,0,低,79,0,差0% ま0%,S 454,0,31.6,0.7732,0,0.0526,0.0526,0.0526,0,0,0.27,0,,◎,B,,,0.469,0.528,,0.3733,A,77,0,◎-○軸 3着3〜4艇流し（10〜15点）,0.5777,"{'is_target': True, 'verdict': '参加推奨', 'max_combo_prob': 0.0717, 'est_top_odds': 18.6, 'circle_concentration': 71.8, 'eligible_count': 8, 'bet_adj': 2, 'reason': 'rel_win1=56.8%（本命度） / 最有力組み合わせ確率: 0.072（推定実オッズ?19倍） / 2着集中度: 上位2艇 71.8%（補正+0.04） / 総合判定確率: 0.112 / → ヒモ分散。1号艇1着固定で広めのヒモ流し推奨（買い目+2点）', 'tenji_trigger': '展示確認: ヒモ分散レース。1号艇伸び確認後、広めのヒモ流しを採用。穴ヒモ（5・6号艇）を積極的に含める。\n展示で1号艇スタート遅め(0.181秒)確認→ヒモが荒れやすい'}",,,27.9,逃げ狙い,14.79,30.6,2,,,,,,,,,,,
2026-01-05,丸亀,1,5,森安弘雅,A2,38.46,5,,5.6898,6.4,88,33.9,0.1922,4.1462,,,0,低,178,0,-,656 64,0,30.1,1.6862,0,0,0,0.0435,0,0.0167,0.1833,0.2,,,C,△,,0.2463,0.6065,,0.3733,A,77,0,◎-○軸 3着3〜4艇流し（10〜15点）,0.5777,"{'is_target': True, 'verdict': '参加推奨', 'max_combo_prob': 0.0717, 'est_top_odds': 18.6, 'circle_concentration': 71.8, 'eligible_count': 8, 'bet_adj': 2, 'reason': 'rel_win1=56.8%（本命度） / 最有力組み合わせ確率: 0.072（推定実オッズ?19倍） / 2着集中度: 上位2艇 71.8%（補正+0.04） / 総合判定確率: 0.112 / → ヒモ分散。1号艇1着固定で広めのヒモ流し推奨（買い目+2点）', 'tenji_trigger': '展示確認: ヒモ分散レース。1号艇伸び確認後、広めのヒモ流しを採用。穴ヒモ（5・6号艇）を積極的に含める。\n展示で1号艇スタート遅め(0.181秒)確認→ヒモが荒れやすい'}",,,27.9,逃げ狙い,14.79,30.6,2,,,,,,,,,,,
2026-01-05,丸亀,1,6,三好勇人,B1,49.30,6,▲,4.1747,6.9,80,31.9,0.1966,4.4149,,,0,低,88,0,-,444 53,0,100,2.7564,0,0,0,0,0.05,0.0133,0.16,0.0533,,,A,◎,,0.2627,0.6185,,0.3733,A,77,0,◎-○軸 3着3〜4艇流し（10〜15点）,0.5777,"{'is_target': True, 'verdict': '参加推奨', 'max_combo_prob': 0.0717, 'est_top_odds': 18.6, 'circle_concentration': 71.8, 'eligible_count': 8, 'bet_adj': 2, 'reason': 'rel_win1=56.8%（本命度） / 最有力組み合わせ確率: 0.072（推定実オッズ?19倍） / 2着集中度: 上位2艇 71.8%（補正+0.04） / 総合判定確率: 0.112 / → ヒモ分散。1号艇1着固定で広めのヒモ流し推奨（買い目+2点）', 'tenji_trigger': '展示確認: ヒモ分散レース。1号艇伸び確認後、広めのヒモ流しを採用。穴ヒモ（5・6号艇）を積極的に含める。\n展示で1号艇スタート遅め(0.181秒)確認→ヒモが荒れやすい'}",,,27.9,逃げ狙い,14.79,30.6,2,,,,,,,,,,,
2026-01-05,丸亀,2,1,田頭虎親,B1,26.83,1,◎,49.4571,,0,83.3,0.1733,3.4792,,,0,低,121,0,逃1%,313 45,0,79,0.9457,0.4375,,,,,0.1,0.375,0.025,○,,D,△,,,0.5945,,0.394,A,69,0,◎-○軸 3着3〜4艇流し（10〜15点）,0.5777,"{'is_target': True, 'verdict': '点数絞り', 'max_combo_prob': 0.1035, 'est_top_odds': 12.9, 'circle_concentration': 80.5, 'eligible_count': 8, 'bet_adj': 0, 'reason': 'rel_win1=49.5%（本命度） / 最有力組み合わせ確率: 0.103（推定実オッズ?13倍） / 2着集中度: 上位2艇 80.5%（補正+0.04） / 総合判定確率: 0.143 / → ヒモはやや固め。上位2艇以外を切ること', 'tenji_trigger': '展示確認: 1号艇伸び良→そのまま採用。悪→飛び組に差し替え。circle_pct上位2艇に絞り込むこと。'}",,,30.9,逃げ狙い,19.56,35.1,3,,,,,0,0,0.6155,0,,主役軸流し,B
2026-01-05,丸亀,2,2,木谷賢太,A2,24.00,2,,15.9619,52.1,70,76.4,0.152,3.5909,,,0,低,107,0,差0%,3 5323,0,52.7,0.9047,0,0.25,0.0357,0,0,0.0343,0.0114,0.1957,,◎,E,◎,,0.5689,0.663,,0.394,A,69,0,◎-○軸 3着3〜4艇流し（10〜15点）,0.5777,"{'is_target': True, 'verdict': '点数絞り', 'max_combo_prob': 0.1035, 'est_top_odds': 12.9, 'circle_concentration': 80.5, 'eligible_count': 8, 'bet_adj': 0, 'reason': 'rel_win1=49.5%（本命度） / 最有力組み合わせ確率: 0.103（推定実オッズ?13倍） / 2着集中度: 上位2艇 80.5%（補正+0.04） / 総合判定確率: 0.143 / → ヒモはやや固め。上位2艇以外を切ること', 'tenji_trigger': '展示確認: 1号艇伸び良→そのまま採用。悪→飛び組に差し替え。circle_pct上位2艇に絞り込むこと。'}",,,30.9,逃げ狙い,19.56,35.1,3,,,,,,,,,,,
2026-01-05,丸亀,2,3,近江翔吾,A1,33.75,3,○,20.6192,28.4,100,76.1,0.1315,2.5,,,0,低,52,0,ま0% 差ま0%,4511S,0,66,1.1617,0,0,0.0909,0.0909,0.0455,0.0811,0.0541,0.027,,○,C,○,,0.473,0.6415,,0.394,A,69,0,◎-○軸 3着3〜4艇流し（10〜15点）,0.5777,"{'is_target': True, 'verdict': '点数絞り', 'max_combo_prob': 0.1035, 'est_top_odds': 12.9, 'circle_concentration': 80.5, 'eligible_count': 8, 'bet_adj': 0, 'reason': 'rel_win1=49.5%（本命度） / 最有力組み合わせ確率: 0.103（推定実オッズ?13倍） / 2着集中度: 上位2艇 80.5%（補正+0.04） / 総合判定確率: 0.143 / → ヒモはやや固め。上位2艇以外を切ること', 'tenji_trigger': '展示確認: 1号艇伸び良→そのまま採用。悪→飛び組に差し替え。circle_pct上位2艇に絞り込むこと。'}",,,30.9,逃げ狙い,19.56,35.1,3,,,,,,,,,,,
2026-01-05,丸亀,2,4,塩田雄一,B1,30.99,4,,8.7983,14.3,69,35.9,0.1988,3.5859,,,0,低,147,0,-,224 55,0,39.6,0.8328,0,0,0.04,0.04,0.04,0.4143,0.0952,0.2071,,,D,△,◎,0.1869,0.5565,0.2547,0.394,A,69,0,◎-○軸 3着3〜4艇流し（10〜15点）,0.5777,"{'is_target': True, 'verdict': '点数絞り', 'max_combo_prob': 0.1035, 'est_top_odds': 12.9, 'circle_concentration': 80.5, 'eligible_count': 8, 'bet_adj': 0, 'reason': 'rel_win1=49.5%（本命度） / 最有力組み合わせ確率: 0.103（推定実オッズ?13倍） / 2着集中度: 上位2艇 80.5%（補正+0.04） / 総合判定確率: 0.143 / → ヒモはやや固め。上位2艇以外を切ること', 'tenji_trigger': '展示確認: 1号艇伸び良→そのまま採用。悪→飛び組に差し替え。circle_pct上位2艇に絞り込むこと。'}",,,30.9,逃げ狙い,19.56,35.1,3,,,,,,,,,,,
2026-01-05,丸亀,2,5,大廣咲季,B1,37.14,5,▲,3.9196,4,36,8,0.1836,4.02,,,0,低,81,0,-,6 465,0,33.1,0.586,0,0.0526,0,0,0,0.3333,0.3333,0,,,B,,,0.2519,0.543,,0.394,A,69,0,◎-○軸 3着3〜4艇流し（10〜15点）,0.5777,"{'is_target': True, 'verdict': '点数絞り', 'max_combo_prob': 0.1035, 'est_top_odds': 12.9, 'circle_concentration': 80.5, 'eligible_count': 8, 'bet_adj': 0, 'reason': 'rel_win1=49.5%（本命度） / 最有力組み合わせ確率: 0.103（推定実オッズ?13倍） / 2着集中度: 上位2艇 80.5%（補正+0.04） / 総合判定確率: 0.143 / → ヒモはやや固め。上位2艇以外を切ること', 'tenji_trigger': '展示確認: 1号艇伸び良→そのまま採用。悪→飛び組に差し替え。circle_pct上位2艇に絞り込むこと。'}",,,30.9,逃げ狙い,19.56,35.1,3,,,,,,,,,,,
2026-01-05,丸亀,2,6,中澤里桜,B2,45.21,6,△,1.244,1.2,44,4.3,0.2217,4.5435,,,0,低,12,0,-,666 6,0,23.9,0.5883,,,,,,,,,,,A,,,0.1595,0.4195,,0.394,A,69,0,◎-○軸 3着3〜4艇流し（10〜15点）,0.5777,"{'is_target': True, 'verdict': '点数絞り', 'max_combo_prob': 0.1035, 'est_top_odds': 12.9, 'circle_concentration': 80.5, 'eligible_count': 8, 'bet_adj': 0, 'reason': 'rel_win1=49.5%（本命度） / 最有力組み合わせ確率: 0.103（推定実オッズ?13倍） / 2着集中度: 上位2艇 80.5%（補正+0.04） / 総合判定確率: 0.143 / → ヒモはやや固め。上位2艇以外を切ること', 'tenji_trigger': '展示確認: 1号艇伸び良→そのまま採用。悪→飛び組に差し替え。circle_pct上位2艇に絞り込むこと。'}",,,30.9,逃げ狙い,19.56,35.1,3,,,,,,,,,,,
2026-01-05,丸亀,3,1,川上清人,B1,38.75,1,◎,46.0079,,0,73.3,0.1593,2.9778,,,0,低,150,0,逃0%,5 126,0,100,1.5828,0.3333,,,,,0.3733,0.0381,0.1962,○,,C,△,,,0.595,,0.3794,B,52,0,◎○△フォーメーション（15〜20点）,0.5777,"{'is_target': True, 'verdict': '参加推奨', 'max_combo_prob': 0.0485, 'est_top_odds': 27.5, 'circle_concentration': 67.5, 'eligible_count': 9, 'bet_adj': 2, 'reason': 'rel_win1=46.0%（本命度） / 最有力組み合わせ確率: 0.048（推定実オッズ?28倍） / 2着集中度: 上位2艇 67.5%（補正+0.00） / 総合判定確率: 0.048 / → ヒモ分散。1号艇1着固定で広めのヒモ流し推奨（買い目+2点）', 'tenji_trigger': '展示確認: ヒモ分散レース。1号艇伸び確認後、広めのヒモ流しを採用。穴ヒモ（5・6号艇）を積極的に含める。'}",,,32.1,両建て推奨,20.15,38,4,,,,,0,0,0.6155,0,,逃げ軸流し,A
2026-01-05,丸亀,3,2,三嶌さら,B1,41.43,2,▲,15.5478,35.8,80,44.4,0.1611,3.7222,,,0,低,82,1,抜0%,5 541,0,44.8,1.1748,0,0,0,0,0.1111,0,0.25,0,,○,B,△,,0.3655,0.576,,0.3794,B,52,0,◎○△フォーメーション（15〜20点）,0.5777,"{'is_target': True, 'verdict': '参加推奨', 'max_combo_prob': 0.0485, 'est_top_odds': 27.5, 'circle_concentration': 67.5, 'eligible_count': 9, 'bet_adj': 2, 'reason': 'rel_win1=46.0%（本命度） / 最有力組み合わせ確率: 0.048（推定実オッズ?28倍） / 2着集中度: 上位2艇 67.5%（補正+0.00） / 総合判定確率: 0.048 / → ヒモ分散。1号艇1着固定で広めのヒモ流し推奨（買い目+2点）', 'tenji_trigger': '展示確認: ヒモ分散レース。1号艇伸び確認後、広めのヒモ流しを採用。穴ヒモ（5・6号艇）を積極的に含める。'}",,,32.1,両建て推奨,20.15,38,4,,,,,,,,,,,
2026-01-05,丸亀,3,3,古田祐貴,A2,48.00,3,○,14.0654,24.9,100,60,0.1377,2.65,,,0,低,105,0,-,512413,0,31.3,1.0463,0,0.0323,0.0323,0.0323,0,0.2088,0.1971,0.1338,,◎,A,○,,0.4168,0.6265,,0.3794,B,52,0,◎○△フォーメーション（15〜20点）,0.5777,"{'is_target': True, 'verdict': '参加推奨', 'max_combo_prob': 0.0485, 'est_top_odds': 27.5, 'circle_concentration': 67.5, 'eligible_count': 9, 'bet_adj': 2, 'reason': 'rel_win1=46.0%（本命度） / 最有力組み合わせ確率: 0.048（推定実オッズ?28倍） / 2着集中度: 上位2艇 67.5%（補正+0.00） / 総合判定確率: 0.048 / → ヒモ分散。1号艇1着固定で広めのヒモ流し推奨（買い目+2点）', 'tenji_trigger': '展示確認: ヒモ分散レース。1号艇伸び確認後、広めのヒモ流しを採用。穴ヒモ（5・6号艇）を積極的に含める。'}",,,32.1,両建て推奨,20.15,38,4,,,,,,,,,,,
2026-01-05,丸亀,3,4,中田元泰,A1,32.18,4,△,17.093,31.6,86,71.7,0.1505,3.2667,,,0,低,90,0,-,46164,0,41.7,1.0277,0,0.0455,0.1364,0.0455,0,0.0323,0.1613,0,,,D,◎,◎,0.3533,0.685,0.3555,0.3794,B,52,0,◎○△フォーメーション（15〜20点）,0.5777,"{'is_target': True, 'verdict': '参加推奨', 'max_combo_prob': 0.0485, 'est_top_odds': 27.5, 'circle_concentration': 67.5, 'eligible_count': 9, 'bet_adj': 2, 'reason': 'rel_win1=46.0%（本命度） / 最有力組み合わせ確率: 0.048（推定実オッズ?28倍） / 2着集中度: 上位2艇 67.5%（補正+0.00） / 総合判定確率: 0.048 / → ヒモ分散。1号艇1着固定で広めのヒモ流し推奨（買い目+2点）', 'tenji_trigger': '展示確認: ヒモ分散レース。1号艇伸び確認後、広めのヒモ流しを採用。穴ヒモ（5・6号艇）を積極的に含める。'}",,,32.1,両建て推奨,20.15,38,4,,,,,,,,,,,
2026-01-05,丸亀,3,5,谷口佳蓮,B1,35.62,5,,3.9235,3.6,93,25.9,0.1656,3.3889,,,0,低,45,0,-,6 365,0,68.7,1.4952,,,,,,0.1091,0,0.2727,,,C,,,0.2957,0.5715,,0.3794,B,52,0,◎○△フォーメーション（15〜20点）,0.5777,"{'is_target': True, 'verdict': '参加推奨', 'max_combo_prob': 0.0485, 'est_top_odds': 27.5, 'circle_concentration': 67.5, 'eligible_count': 9, 'bet_adj': 2, 'reason': 'rel_win1=46.0%（本命度） / 最有力組み合わせ確率: 0.048（推定実オッズ?28倍） / 2着集中度: 上位2艇 67.5%（補正+0.00） / 総合判定確率: 0.048 / → ヒモ分散。1号艇1着固定で広めのヒモ流し推奨（買い目+2点）', 'tenji_trigger': '展示確認: ヒモ分散レース。1号艇伸び確認後、広めのヒモ流しを採用。穴ヒモ（5・6号艇）を積極的に含める。'}",,,32.1,両建て推奨,20.15,38,4,,,,,,,,,,,
2026-01-05,丸亀,3,6,水谷理人,B1,28.40,6,,3.3624,4,61,35.4,0.1454,3.3021,,,0,低,64,0,-,6 3136,0,37.3,1.1556,,,,,,0.0533,0.28,0.0267,,,E,,,0.3599,0.569,,0.3794,B,52,0,◎○△フォーメーション（15〜20点）,0.5777,"{'is_target': True, 'verdict': '参加推奨', 'max_combo_prob': 0.0485, 'est_top_odds': 27.5, 'circle_concentration': 67.5, 'eligible_count': 9, 'bet_adj': 2, 'reason': 'rel_win1=46.0%（本命度） / 最有力組み合わせ確率: 0.048（推定実オッズ?28倍） / 2着集中度: 上位2艇 67.5%（補正+0.00） / 総合判定確率: 0.048 / → ヒモ分散。1号艇1着固定で広めのヒモ流し推奨（買い目+2点）', 'tenji_trigger': '展示確認: ヒモ分散レース。1号艇伸び確認後、広めのヒモ流しを採用。穴ヒモ（5・6号艇）を積極的に含める。'}",,,32.1,両建て推奨,20.15,38,4,,,,,,,,,,,
2026-01-05,丸亀,4,1,西丸侑太,A2,30.67,1,◎,53.4064,,0,87.5,0.15,3.125,,,0,低,100,0,逃1%,513 44,0,85.6,1.0741,0.6786,,,,,0,0.1314,0.0429,◎,,D,○,,,0.6105,,0.51,S,92,0,◎1着固定 2-3着流し（5〜8点）,0.5777,"{'is_target': True, 'verdict': '点数絞り', 'max_combo_prob': 0.0858, 'est_top_odds': 15.5, 'circle_concentration': 85.5, 'eligible_count': 6, 'bet_adj': 0, 'reason': 'rel_win1=53.4%（本命度） / 最有力組み合わせ確率: 0.086（推定実オッズ?16倍） / 2着集中度: 上位2艇 85.5%（補正+0.04） / 総合判定確率: 0.126 / → ヒモはやや固め。上位2艇以外を切ること', 'tenji_trigger': '展示確認: 1号艇伸び良→そのまま採用。悪→飛び組に差し替え。circle_pct上位2艇に絞り込むこと。'}",,,27.3,逃げ狙い,19.44,24.9,3,,,,,0,0,0.7559,0,,逃げ軸流し,A
2026-01-05,丸亀,4,2,越智照浩,B2,25.00,2,,9.4263,34.5,69,35.4,0.155,3.5104,,,0,低,133,0,-,346 55,0,64.2,0.9231,0,0,0.0385,0,0,0.2,0.35,0.05,,,E,,,0.2539,0.563,,0.51,S,92,0,◎1着固定 2-3着流し（5〜8点）,0.5777,"{'is_target': True, 'verdict': '点数絞り', 'max_combo_prob': 0.0858, 'est_top_odds': 15.5, 'circle_concentration': 85.5, 'eligible_count': 6, 'bet_adj': 0, 'reason': 'rel_win1=53.4%（本命度） / 最有力組み合わせ確率: 0.086（推定実オッズ?16倍） / 2着集中度: 上位2艇 85.5%（補正+0.04） / 総合判定確率: 0.126 / → ヒモはやや固め。上位2艇以外を切ること', 'tenji_trigger': '展示確認: 1号艇伸び良→そのまま採用。悪→飛び組に差し替え。circle_pct上位2艇に絞り込むこと。'}",,,27.3,逃げ狙い,19.44,24.9,3,,,,,,,,,,,
2026-01-05,丸亀,4,3,川原祐明,A1,32.14,3,▲,19.3841,50.9,91,74,0.153,3.17,,,0,低,110,0,差ま0%,233 34,0,44,1.0008,0,0,0,0.2593,0,0.0276,0.1014,0.0138,,,D,◎,,0.3341,0.6185,,0.51,S,92,0,◎1着固定 2-3着流し（5〜8点）,0.5777,"{'is_target': True, 'verdict': '点数絞り', 'max_combo_prob': 0.0858, 'est_top_odds': 15.5, 'circle_concentration': 85.5, 'eligible_count': 6, 'bet_adj': 0, 'reason': 'rel_win1=53.4%（本命度） / 最有力組み合わせ確率: 0.086（推定実オッズ?16倍） / 2着集中度: 上位2艇 85.5%（補正+0.04） / 総合判定確率: 0.126 / → ヒモはやや固め。上位2艇以外を切ること', 'tenji_trigger': '展示確認: 1号艇伸び良→そのまま採用。悪→飛び組に差し替え。circle_pct上位2艇に絞り込むこと。'}",,,27.3,逃げ狙い,19.44,24.9,3,,,,,,,,,,,
2026-01-05,丸亀,4,4,長谷川親,B1,41.89,4,△,6.663,4.5,100,24.1,0.1774,3.8966,,,0,低,166,0,-,536 36,0,21.9,0.6138,,,,,,0.1111,0.3778,0.2222,,,B,△,,0.199,0.605,,0.51,S,92,0,◎1着固定 2-3着流し（5〜8点）,0.5777,"{'is_target': True, 'verdict': '点数絞り', 'max_combo_prob': 0.0858, 'est_top_odds': 15.5, 'circle_concentration': 85.5, 'eligible_count': 6, 'bet_adj': 0, 'reason': 'rel_win1=53.4%（本命度） / 最有力組み合わせ確率: 0.086（推定実オッズ?16倍） / 2着集中度: 上位2艇 85.5%（補正+0.04） / 総合判定確率: 0.126 / → ヒモはやや固め。上位2艇以外を切ること', 'tenji_trigger': '展示確認: 1号艇伸び良→そのまま採用。悪→飛び組に差し替え。circle_pct上位2艇に絞り込むこと。'}",,,27.3,逃げ狙い,19.44,24.9,3,,,,,,,,,,,
2026-01-05,丸亀,4,5,松下知幸,B1,32.86,5,,6.5318,5.6,93,23.1,0.1932,4.1987,,,0,低,152,0,-,355 56,0,70.3,1.3014,0,0.0278,0.0278,0,0,0.2152,0.1581,0.1962,,,C,△,,0.1423,0.5965,,0.51,S,92,0,◎1着固定 2-3着流し（5〜8点）,0.5777,"{'is_target': True, 'verdict': '点数絞り', 'max_combo_prob': 0.0858, 'est_top_odds': 15.5, 'circle_concentration': 85.5, 'eligible_count': 6, 'bet_adj': 0, 'reason': 'rel_win1=53.4%（本命度） / 最有力組み合わせ確率: 0.086（推定実オッズ?16倍） / 2着集中度: 上位2艇 85.5%（補正+0.04） / 総合判定確率: 0.126 / → ヒモはやや固め。上位2艇以外を切ること', 'tenji_trigger': '展示確認: 1号艇伸び良→そのまま採用。悪→飛び組に差し替え。circle_pct上位2艇に絞り込むこと。'}",,,27.3,逃げ狙い,19.44,24.9,3,,,,,,,,,,,
2026-01-05,丸亀,4,6,石井伸長,B1,56.94,6,○,4.5885,4.4,55,23.5,0.1533,3.4847,,,0,低,79,0,差ま0%,5 334,0,43.7,1.2356,0,0.027,0.027,0.0811,0,0,0.5,0.25,,,A,,◎,0.2838,0.5655,0.3577,0.51,S,92,0,◎1着固定 2-3着流し（5〜8点）,0.5777,"{'is_target': True, 'verdict': '点数絞り', 'max_combo_prob': 0.0858, 'est_top_odds': 15.5, 'circle_concentration': 85.5, 'eligible_count': 6, 'bet_adj': 0, 'reason': 'rel_win1=53.4%（本命度） / 最有力組み合わせ確率: 0.086（推定実オッズ?16倍） / 2着集中度: 上位2艇 85.5%（補正+0.04） / 総合判定確率: 0.126 / → ヒモはやや固め。上位2艇以外を切ること', 'tenji_trigger': '展示確認: 1号艇伸び良→そのまま採用。悪→飛び組に差し替え。circle_pct上位2艇に絞り込むこと。'}",,,27.3,逃げ狙い,19.44,24.9,3,,,,,,,,,,,
2026-01-05,丸亀,5,1,宮崎　奨,A2,38.03,1,◎,52.3733,,0,95,0.1571,2.8625,,,0,低,134,0,逃1%,1 4513,0,65.6,1.0019,0.5429,,,,,0.0343,0.1571,0.2686,◎,,D,○,,,0.658,,0.4958,A,75,0,◎-○軸 3着3〜4艇流し（10〜15点）,0.5777,"{'is_target': True, 'verdict': '参加推奨', 'max_combo_prob': 0.0547, 'est_top_odds': 24.4, 'circle_concentration': 65.3, 'eligible_count': 8, 'bet_adj': 2, 'reason': 'rel_win1=52.4%（本命度） / 最有力組み合わせ確率: 0.055（推定実オッズ?24倍） / 2着集中度: 上位2艇 65.3%（補正+0.00） / 総合判定確率: 0.055 / → ヒモ分散。1号艇1着固定で広めのヒモ流し推奨（買い目+2点）', 'tenji_trigger': '展示確認: ヒモ分散レース。1号艇伸び確認後、広めのヒモ流しを採用。穴ヒモ（5・6号艇）を積極的に含める。'}",,,28.8,逃げ狙い,18.14,30.4,4,,,,,0,0,0.7559,0,,逃げ軸流し,A
2026-01-05,丸亀,5,2,西岡蒼志,B1,46.67,2,△,10.378,22.7,89,22.2,0.1711,4.1111,,,0,低,79,1,-,S 454,0,17.4,0.5379,,,,,,0,0.27,0,,,B,,,0.1926,0.528,,0.4958,A,75,0,◎-○軸 3着3〜4艇流し（10〜15点）,0.5777,"{'is_target': True, 'verdict': '参加推奨', 'max_combo_prob': 0.0547, 'est_top_odds': 24.4, 'circle_concentration': 65.3, 'eligible_count': 8, 'bet_adj': 2, 'reason': 'rel_win1=52.4%（本命度） / 最有力組み合わせ確率: 0.055（推定実オッズ?24倍） / 2着集中度: 上位2艇 65.3%（補正+0.00） / 総合判定確率: 0.055 / → ヒモ分散。1号艇1着固定で広めのヒモ流し推奨（買い目+2点）', 'tenji_trigger': '展示確認: ヒモ分散レース。1号艇伸び確認後、広めのヒモ流しを採用。穴ヒモ（5・6号艇）を積極的に含める。'}",,,28.8,逃げ狙い,18.14,30.4,4,,,,,,,,,,,
2026-01-05,丸亀,5,3,三好勇人,B1,49.30,3,○,12.7692,30.6,100,62.9,0.1374,2.7823,,,0,低,88,0,-,444 53,0,45,0.8933,0,0.0357,0.0357,0.0357,0.0357,0.0133,0.16,0.0533,,○,A,△,,0.399,0.6185,,0.4958,A,75,0,◎-○軸 3着3〜4艇流し（10〜15点）,0.5777,"{'is_target': True, 'verdict': '参加推奨', 'max_combo_prob': 0.0547, 'est_top_odds': 24.4, 'circle_concentration': 65.3, 'eligible_count': 8, 'bet_adj': 2, 'reason': 'rel_win1=52.4%（本命度） / 最有力組み合わせ確率: 0.055（推定実オッズ?24倍） / 2着集中度: 上位2艇 65.3%（補正+0.00） / 総合判定確率: 0.055 / → ヒモ分散。1号艇1着固定で広めのヒモ流し推奨（買い目+2点）', 'tenji_trigger': '展示確認: ヒモ分散レース。1号艇伸び確認後、広めのヒモ流しを採用。穴ヒモ（5・6号艇）を積極的に含める。'}",,,28.8,逃げ狙い,18.14,30.4,4,,,,,,,,,,,
2026-01-05,丸亀,5,4,片岡雅裕,A1,40.00,4,▲,19.6174,34.8,81,94.7,0.1032,1.8684,,,0,低,5,0,差0% 差ま0%,265126,0,55.2,1.1396,0,0.1,0,0.2,0,0.0286,0,0.3571,,◎,C,◎,◎,0.5191,0.8292,0.6395,0.4958,A,75,0,◎-○軸 3着3〜4艇流し（10〜15点）,0.5777,"{'is_target': True, 'verdict': '参加推奨', 'max_combo_prob': 0.0547, 'est_top_odds': 24.4, 'circle_concentration': 65.3, 'eligible_count': 8, 'bet_adj': 2, 'reason': 'rel_win1=52.4%（本命度） / 最有力組み合わせ確率: 0.055（推定実オッズ?24倍） / 2着集中度: 上位2艇 65.3%（補正+0.00） / 総合判定確率: 0.055 / → ヒモ分散。1号艇1着固定で広めのヒモ流し推奨（買い目+2点）', 'tenji_trigger': '展示確認: ヒモ分散レース。1号艇伸び確認後、広めのヒモ流しを採用。穴ヒモ（5・6号艇）を積極的に含める。'}",,,28.8,逃げ狙い,18.14,30.4,4,,,,,,,,,,,
2026-01-05,丸亀,5,5,松尾　祭,A2,42.47,5,,3.925,11.7,86,40.7,0.1924,4.3559,,,0,低,144,0,差ま0%,54544,0,36.6,0.9895,0,0,0,0.0385,0,0.1086,0.0654,0.2501,,,C,△,,0.19,0.6215,,0.4958,A,75,0,◎-○軸 3着3〜4艇流し（10〜15点）,0.5777,"{'is_target': True, 'verdict': '参加推奨', 'max_combo_prob': 0.0547, 'est_top_odds': 24.4, 'circle_concentration': 65.3, 'eligible_count': 8, 'bet_adj': 2, 'reason': 'rel_win1=52.4%（本命度） / 最有力組み合わせ確率: 0.055（推定実オッズ?24倍） / 2着集中度: 上位2艇 65.3%（補正+0.00） / 総合判定確率: 0.055 / → ヒモ分散。1号艇1着固定で広めのヒモ流し推奨（買い目+2点）', 'tenji_trigger': '展示確認: ヒモ分散レース。1号艇伸び確認後、広めのヒモ流しを採用。穴ヒモ（5・6号艇）を積極的に含める。'}",,,28.8,逃げ狙い,18.14,30.4,4,,,,,,,,,,,
2026-01-05,丸亀,5,6,上田隆章,B1,35.71,6,,0.9371,0.3,58,16.1,0.2268,5.1696,,,0,低,192,0,-,422 43,0,100,2.8097,,,,,,0.3,0.22,0.1,,,E,,,0.1624,0.5515,,0.4958,A,75,0,◎-○軸 3着3〜4艇流し（10〜15点）,0.5777,"{'is_target': True, 'verdict': '参加推奨', 'max_combo_prob': 0.0547, 'est_top_odds': 24.4, 'circle_concentration': 65.3, 'eligible_count': 8, 'bet_adj': 2, 'reason': 'rel_win1=52.4%（本命度） / 最有力組み合わせ確率: 0.055（推定実オッズ?24倍） / 2着集中度: 上位2艇 65.3%（補正+0.00） / 総合判定確率: 0.055 / → ヒモ分散。1号艇1着固定で広めのヒモ流し推奨（買い目+2点）', 'tenji_trigger': '展示確認: ヒモ分散レース。1号艇伸び確認後、広めのヒモ流しを採用。穴ヒモ（5・6号艇）を積極的に含める。'}",,,28.8,逃げ狙い,18.14,30.4,4,,,,,,,,,,,
2026-01-05,丸亀,6,1,石丸海渡,A1,37.84,1,◎,58.3736,,0,95.2,0.1129,1.8651,,,0,低,26,0,逃1%,622 61,0,83.6,1.0234,0.875,,,,,0.0792,0.0125,0,◎,,C,◎,,,0.687,,0.7953,S,97,0,◎1着固定 2-3着流し（5〜8点）,0.5777,"{'is_target': True, 'verdict': '点数絞り', 'max_combo_prob': 0.0803, 'est_top_odds': 16.6, 'circle_concentration': 71.5, 'eligible_count': 6, 'bet_adj': 0, 'reason': 'rel_win1=58.4%（本命度） / 最有力組み合わせ確率: 0.080（推定実オッズ?17倍） / 2着集中度: 上位2艇 71.5%（補正+0.04） / 総合判定確率: 0.120 / → ヒモはやや固め。上位2艇以外を切ること', 'tenji_trigger': '展示確認: 1号艇伸び良→そのまま採用。悪→飛び組に差し替え。circle_pct上位2艇に絞り込むこと。\n展示で1号艇スタート超安定(0.113秒)→ヒモ固まり方向に注意'}",,,26.9,逃げ狙い,20.48,22.8,3,,,,,0,0,0.7559,0,,逃げ軸流し,A
2026-01-05,丸亀,6,2,小野寺智,B1,35.14,2,,8.2487,48.7,100,67.7,0.1573,3.371,,,0,低,79,0,-,2 662,0,50.8,1.0566,0,0.0741,0.0741,0,0,0.1217,0.0174,0.3096,,,D,,,0.0669,0.6185,,0.7953,S,97,0,◎1着固定 2-3着流し（5〜8点）,0.5777,"{'is_target': True, 'verdict': '点数絞り', 'max_combo_prob': 0.0803, 'est_top_odds': 16.6, 'circle_concentration': 71.5, 'eligible_count': 6, 'bet_adj': 0, 'reason': 'rel_win1=58.4%（本命度） / 最有力組み合わせ確率: 0.080（推定実オッズ?17倍） / 2着集中度: 上位2艇 71.5%（補正+0.04） / 総合判定確率: 0.120 / → ヒモはやや固め。上位2艇以外を切ること', 'tenji_trigger': '展示確認: 1号艇伸び良→そのまま採用。悪→飛び組に差し替え。circle_pct上位2艇に絞り込むこと。\n展示で1号艇スタート超安定(0.113秒)→ヒモ固まり方向に注意'}",,,26.9,逃げ狙い,20.48,22.8,3,,,,,,,,,,,
2026-01-05,丸亀,6,3,森高一真,A1,53.42,3,○,18.9444,22.8,87,66.7,0.1486,3.0952,,,0,低,28,0,差ま0%,341242,0,45.1,0.955,0,0,0.25,0.25,0,0,0.1667,0.3333,,,A,○,,0.1868,0.685,,0.7953,S,97,0,◎1着固定 2-3着流し（5〜8点）,0.5777,"{'is_target': True, 'verdict': '点数絞り', 'max_combo_prob': 0.0803, 'est_top_odds': 16.6, 'circle_concentration': 71.5, 'eligible_count': 6, 'bet_adj': 0, 'reason': 'rel_win1=58.4%（本命度） / 最有力組み合わせ確率: 0.080（推定実オッズ?17倍） / 2着集中度: 上位2艇 71.5%（補正+0.04） / 総合判定確率: 0.120 / → ヒモはやや固め。上位2艇以外を切ること', 'tenji_trigger': '展示確認: 1号艇伸び良→そのまま採用。悪→飛び組に差し替え。circle_pct上位2艇に絞り込むこと。\n展示で1号艇スタート超安定(0.113秒)→ヒモ固まり方向に注意'}",,,26.9,逃げ狙い,20.48,22.8,3,,,,,,,,,,,
2026-01-05,丸亀,6,4,大西隆洋,B1,38.27,4,▲,5.0646,17.3,67,40,0.1445,2.9818,,,0,低,103,0,-,146 26,0,26.7,0.7698,,,,,,0.3077,0.0769,0.3077,,,C,,,0.1809,0.6055,,0.7953,S,97,0,◎1着固定 2-3着流し（5〜8点）,0.5777,"{'is_target': True, 'verdict': '点数絞り', 'max_combo_prob': 0.0803, 'est_top_odds': 16.6, 'circle_concentration': 71.5, 'eligible_count': 6, 'bet_adj': 0, 'reason': 'rel_win1=58.4%（本命度） / 最有力組み合わせ確率: 0.080（推定実オッズ?17倍） / 2着集中度: 上位2艇 71.5%（補正+0.04） / 総合判定確率: 0.120 / → ヒモはやや固め。上位2艇以外を切ること', 'tenji_trigger': '展示確認: 1号艇伸び良→そのまま採用。悪→飛び組に差し替え。circle_pct上位2艇に絞り込むこと。\n展示で1号艇スタート超安定(0.113秒)→ヒモ固まり方向に注意'}",,,26.9,逃げ狙い,20.48,22.8,3,,,,,,,,,,,
2026-01-05,丸亀,6,5,吉永泰弘,B1,48.00,5,△,6.465,5.4,82,40,0.1986,4,,,0,低,137,0,差0%,2 4613,0,73.7,1.3643,0,0.0833,0,0,0,0.2376,0.4541,0.0235,,,B,△,,0.1133,0.6525,,0.7953,S,97,0,◎1着固定 2-3着流し（5〜8点）,0.5777,"{'is_target': True, 'verdict': '点数絞り', 'max_combo_prob': 0.0803, 'est_top_odds': 16.6, 'circle_concentration': 71.5, 'eligible_count': 6, 'bet_adj': 0, 'reason': 'rel_win1=58.4%（本命度） / 最有力組み合わせ確率: 0.080（推定実オッズ?17倍） / 2着集中度: 上位2艇 71.5%（補正+0.04） / 総合判定確率: 0.120 / → ヒモはやや固め。上位2艇以外を切ること', 'tenji_trigger': '展示確認: 1号艇伸び良→そのまま採用。悪→飛び組に差し替え。circle_pct上位2艇に絞り込むこと。\n展示で1号艇スタート超安定(0.113秒)→ヒモ固まり方向に注意'}",,,26.9,逃げ狙い,20.48,22.8,3,,,,,,,,,,,
2026-01-05,丸亀,6,6,秋山広一,A2,34.25,6,,2.9037,5.8,72,37.3,0.1766,4.0932,,,0,低,90,0,-,22523,0,34.3,1.0125,0,0,0,0,0,0,0.168,0.168,,,E,△,,0.1377,0.651,,0.7953,S,97,0,◎1着固定 2-3着流し（5〜8点）,0.5777,"{'is_target': True, 'verdict': '点数絞り', 'max_combo_prob': 0.0803, 'est_top_odds': 16.6, 'circle_concentration': 71.5, 'eligible_count': 6, 'bet_adj': 0, 'reason': 'rel_win1=58.4%（本命度） / 最有力組み合わせ確率: 0.080（推定実オッズ?17倍） / 2着集中度: 上位2艇 71.5%（補正+0.04） / 総合判定確率: 0.120 / → ヒモはやや固め。上位2艇以外を切ること', 'tenji_trigger': '展示確認: 1号艇伸び良→そのまま採用。悪→飛び組に差し替え。circle_pct上位2艇に絞り込むこと。\n展示で1号艇スタート超安定(0.113秒)→ヒモ固まり方向に注意'}",,,26.9,逃げ狙い,20.48,22.8,3,,,,,,,,,,,
2026-01-05,丸亀,7,1,門田　栞,B1,25.35,1,◎,53.5344,,0,67.7,0.1648,3.371,,,0,低,76,0,逃0%,1 232,0,93.1,1.2785,0.4615,,,,,0.2308,0.3077,0,○,,E,,,,0.5145,,0.3631,B,50,0,◎○△フォーメーション（15〜20点）,0.5777,"{'is_target': True, 'verdict': '参加推奨', 'max_combo_prob': 0.0667, 'est_top_odds': 20.0, 'circle_concentration': 61.0, 'eligible_count': 9, 'bet_adj': 2, 'reason': 'rel_win1=53.5%（本命度） / 最有力組み合わせ確率: 0.067（推定実オッズ?20倍） / 2着集中度: 上位2艇 61.0%（補正+0.00） / 総合判定確率: 0.067 / → ヒモ分散。1号艇1着固定で広めのヒモ流し推奨（買い目+2点）', 'tenji_trigger': '展示確認: ヒモ分散レース。1号艇伸び確認後、広めのヒモ流しを採用。穴ヒモ（5・6号艇）を積極的に含める。'}",,,30.5,両建て推奨,15.44,37.3,6,,,,,0,0,0.6155,0,,逃げ軸流し,A
2026-01-05,丸亀,7,2,大廣咲季,B1,37.14,2,△,7.9469,26.6,100,25,0.1567,3.6875,,,0,低,81,0,-,6 465,0,19,0.5462,,,,,,0.3333,0.3333,0,,○,C,△,,0.4085,0.543,,0.3631,B,50,0,◎○△フォーメーション（15〜20点）,0.5777,"{'is_target': True, 'verdict': '参加推奨', 'max_combo_prob': 0.0667, 'est_top_odds': 20.0, 'circle_concentration': 61.0, 'eligible_count': 9, 'bet_adj': 2, 'reason': 'rel_win1=53.5%（本命度） / 最有力組み合わせ確率: 0.067（推定実オッズ?20倍） / 2着集中度: 上位2艇 61.0%（補正+0.00） / 総合判定確率: 0.067 / → ヒモ分散。1号艇1着固定で広めのヒモ流し推奨（買い目+2点）', 'tenji_trigger': '展示確認: ヒモ分散レース。1号艇伸び確認後、広めのヒモ流しを採用。穴ヒモ（5・6号艇）を積極的に含める。'}",,,30.5,両建て推奨,15.44,37.3,6,,,,,,,,,,,
2026-01-05,丸亀,7,3,三嶌さら,B1,41.43,3,○,12.3623,34.4,82,20,0.138,2.7,,,0,低,82,1,-,5 541,0,27.3,0.7185,,,,,,0,0.25,0,,◎,C,○,,0.444,0.576,,0.3631,B,50,0,◎○△フォーメーション（15〜20点）,0.5777,"{'is_target': True, 'verdict': '参加推奨', 'max_combo_prob': 0.0667, 'est_top_odds': 20.0, 'circle_concentration': 61.0, 'eligible_count': 9, 'bet_adj': 2, 'reason': 'rel_win1=53.5%（本命度） / 最有力組み合わせ確率: 0.067（推定実オッズ?20倍） / 2着集中度: 上位2艇 61.0%（補正+0.00） / 総合判定確率: 0.067 / → ヒモ分散。1号艇1着固定で広めのヒモ流し推奨（買い目+2点）', 'tenji_trigger': '展示確認: ヒモ分散レース。1号艇伸び確認後、広めのヒモ流しを採用。穴ヒモ（5・6号艇）を積極的に含める。'}",,,30.5,両建て推奨,15.44,37.3,6,,,,,,,,,,,
2026-01-05,丸亀,7,4,谷口佳蓮,B1,35.62,4,,9.0393,15.2,56,10,0.1585,3.1,,,0,低,45,0,-,6 365,0,31.9,0.706,0,0,0,0.0769,0,0.1091,0,0.2727,,,D,△,,0.3145,0.5715,,0.3631,B,50,0,◎○△フォーメーション（15〜20点）,0.5777,"{'is_target': True, 'verdict': '参加推奨', 'max_combo_prob': 0.0667, 'est_top_odds': 20.0, 'circle_concentration': 61.0, 'eligible_count': 9, 'bet_adj': 2, 'reason': 'rel_win1=53.5%（本命度） / 最有力組み合わせ確率: 0.067（推定実オッズ?20倍） / 2着集中度: 上位2艇 61.0%（補正+0.00） / 総合判定確率: 0.067 / → ヒモ分散。1号艇1着固定で広めのヒモ流し推奨（買い目+2点）', 'tenji_trigger': '展示確認: ヒモ分散レース。1号艇伸び確認後、広めのヒモ流しを採用。穴ヒモ（5・6号艇）を積極的に含める。'}",,,30.5,両建て推奨,15.44,37.3,6,,,,,,,,,,,
2026-01-05,丸亀,7,5,中澤里桜,B2,45.21,5,,7.8847,11.8,74,,,,,,0,低,12,1,-,666 6,0,,,,,,,,,,,,,B,,◎,0.3125,0.4195,0.15,0.3631,B,50,0,◎○△フォーメーション（15〜20点）,0.5777,"{'is_target': True, 'verdict': '参加推奨', 'max_combo_prob': 0.0667, 'est_top_odds': 20.0, 'circle_concentration': 61.0, 'eligible_count': 9, 'bet_adj': 2, 'reason': 'rel_win1=53.5%（本命度） / 最有力組み合わせ確率: 0.067（推定実オッズ?20倍） / 2着集中度: 上位2艇 61.0%（補正+0.00） / 総合判定確率: 0.067 / → ヒモ分散。1号艇1着固定で広めのヒモ流し推奨（買い目+2点）', 'tenji_trigger': '展示確認: ヒモ分散レース。1号艇伸び確認後、広めのヒモ流しを採用。穴ヒモ（5・6号艇）を積極的に含める。'}",,,30.5,両建て推奨,15.44,37.3,6,,,,,,,,,,,
2026-01-05,丸亀,7,6,重成一人,A1,47.14,6,▲,9.2325,12,46,55.2,0.181,3.6034,,,0,低,51,0,抜0%,414 11,0,59.2,1.2292,0,0.0909,0,0,0.0909,0.0533,0.2533,0.0133,,,A,◎,,0.2384,0.6315,,0.3631,B,50,0,◎○△フォーメーション（15〜20点）,0.5777,"{'is_target': True, 'verdict': '参加推奨', 'max_combo_prob': 0.0667, 'est_top_odds': 20.0, 'circle_concentration': 61.0, 'eligible_count': 9, 'bet_adj': 2, 'reason': 'rel_win1=53.5%（本命度） / 最有力組み合わせ確率: 0.067（推定実オッズ?20倍） / 2着集中度: 上位2艇 61.0%（補正+0.00） / 総合判定確率: 0.067 / → ヒモ分散。1号艇1着固定で広めのヒモ流し推奨（買い目+2点）', 'tenji_trigger': '展示確認: ヒモ分散レース。1号艇伸び確認後、広めのヒモ流しを採用。穴ヒモ（5・6号艇）を積極的に含める。'}",,,30.5,両建て推奨,15.44,37.3,6,,,,,,,,,,,
2026-01-05,丸亀,8,1,濱野斗馬,A1,44.44,1,◎,67.9724,,0,94.4,0.118,1.9907,,,0,低,40,0,逃1%,5 4222,0,67.7,1.1029,0.7419,,,,,0.0968,0,0.0323,◎,,B,○,,,0.638,,0.7964,S,100,0,◎1着固定 2-3着流し（5〜8点）,0.5777,"{'is_target': True, 'verdict': '参加推奨', 'max_combo_prob': 0.1007, 'est_top_odds': 13.2, 'circle_concentration': 68.1, 'eligible_count': 6, 'bet_adj': 2, 'reason': 'rel_win1=68.0%（本命度） / 最有力組み合わせ確率: 0.101（推定実オッズ?13倍） / 2着集中度: 上位2艇 68.1%（補正+0.00） / 総合判定確率: 0.101 / → ヒモ分散。1号艇1着固定で広めのヒモ流し推奨（買い目+2点）', 'tenji_trigger': '展示確認: ヒモ分散レース。1号艇伸び確認後、広めのヒモ流しを採用。穴ヒモ（5・6号艇）を積極的に含める。\n展示で1号艇スタート超安定(0.118秒)→ヒモ固まり方向に注意'}",,,27.2,逃げ狙い,20.65,23.5,3,,,,,0,0,0.7559,0,,逃げ軸流し,A
2026-01-05,丸亀,8,2,森安弘雅,A2,38.46,2,△,8.5294,43.1,79,67.2,0.1793,4.0448,,,0,低,178,0,抜0%,656 64,0,63.2,1.5114,0,0.0938,0.0312,0,0.0312,0.0167,0.1833,0.2,,,C,△,,0.0688,0.6065,,0.7964,S,100,0,◎1着固定 2-3着流し（5〜8点）,0.5777,"{'is_target': True, 'verdict': '参加推奨', 'max_combo_prob': 0.1007, 'est_top_odds': 13.2, 'circle_concentration': 68.1, 'eligible_count': 6, 'bet_adj': 2, 'reason': 'rel_win1=68.0%（本命度） / 最有力組み合わせ確率: 0.101（推定実オッズ?13倍） / 2着集中度: 上位2艇 68.1%（補正+0.00） / 総合判定確率: 0.101 / → ヒモ分散。1号艇1着固定で広めのヒモ流し推奨（買い目+2点）', 'tenji_trigger': '展示確認: ヒモ分散レース。1号艇伸び確認後、広めのヒモ流しを採用。穴ヒモ（5・6号艇）を積極的に含める。\n展示で1号艇スタート超安定(0.118秒)→ヒモ固まり方向に注意'}",,,27.2,逃げ狙い,20.65,23.5,3,,,,,,,,,,,
2026-01-05,丸亀,8,3,田頭虎親,B1,26.83,3,,10.426,21.3,100,61,0.1668,3.8049,,,0,低,121,0,-,313 45,0,61.4,1.471,0,0,0,0.1176,0,0.1,0.375,0.025,,,D,,,0.1305,0.5945,,0.7964,S,100,0,◎1着固定 2-3着流し（5〜8点）,0.5777,"{'is_target': True, 'verdict': '参加推奨', 'max_combo_prob': 0.1007, 'est_top_odds': 13.2, 'circle_concentration': 68.1, 'eligible_count': 6, 'bet_adj': 2, 'reason': 'rel_win1=68.0%（本命度） / 最有力組み合わせ確率: 0.101（推定実オッズ?13倍） / 2着集中度: 上位2艇 68.1%（補正+0.00） / 総合判定確率: 0.101 / → ヒモ分散。1号艇1着固定で広めのヒモ流し推奨（買い目+2点）', 'tenji_trigger': '展示確認: ヒモ分散レース。1号艇伸び確認後、広めのヒモ流しを採用。穴ヒモ（5・6号艇）を積極的に含める。\n展示で1号艇スタート超安定(0.118秒)→ヒモ固まり方向に注意'}",,,27.2,逃げ狙い,20.65,23.5,3,,,,,,,,,,,
2026-01-05,丸亀,8,4,川原祐明,A1,32.14,4,▲,10.1181,25,77,66.1,0.1564,3.2768,,,0,低,110,0,-,233 34,0,35,1.07,0,0.037,0.037,0.1481,0.037,0.0276,0.1014,0.0138,,,D,△,◎,0.1577,0.6185,0.472,0.7964,S,100,0,◎1着固定 2-3着流し（5〜8点）,0.5777,"{'is_target': True, 'verdict': '参加推奨', 'max_combo_prob': 0.1007, 'est_top_odds': 13.2, 'circle_concentration': 68.1, 'eligible_count': 6, 'bet_adj': 2, 'reason': 'rel_win1=68.0%（本命度） / 最有力組み合わせ確率: 0.101（推定実オッズ?13倍） / 2着集中度: 上位2艇 68.1%（補正+0.00） / 総合判定確率: 0.101 / → ヒモ分散。1号艇1着固定で広めのヒモ流し推奨（買い目+2点）', 'tenji_trigger': '展示確認: ヒモ分散レース。1号艇伸び確認後、広めのヒモ流しを採用。穴ヒモ（5・6号艇）を積極的に含める。\n展示で1号艇スタート超安定(0.118秒)→ヒモ固まり方向に注意'}",,,27.2,逃げ狙い,20.65,23.5,3,,,,,,,,,,,
2026-01-05,丸亀,8,5,越智照浩,B2,25.00,5,,2.0331,10.1,65,19.6,0.1931,4.1176,,,0,低,133,0,-,346 55,0,54.7,1.4714,0,0.0357,0,0,0,0.2,0.35,0.05,,,E,,,0.1033,0.563,,0.7964,S,100,0,◎1着固定 2-3着流し（5〜8点）,0.5777,"{'is_target': True, 'verdict': '参加推奨', 'max_combo_prob': 0.1007, 'est_top_odds': 13.2, 'circle_concentration': 68.1, 'eligible_count': 6, 'bet_adj': 2, 'reason': 'rel_win1=68.0%（本命度） / 最有力組み合わせ確率: 0.101（推定実オッズ?13倍） / 2着集中度: 上位2艇 68.1%（補正+0.00） / 総合判定確率: 0.101 / → ヒモ分散。1号艇1着固定で広めのヒモ流し推奨（買い目+2点）', 'tenji_trigger': '展示確認: ヒモ分散レース。1号艇伸び確認後、広めのヒモ流しを採用。穴ヒモ（5・6号艇）を積極的に含める。\n展示で1号艇スタート超安定(0.118秒)→ヒモ固まり方向に注意'}",,,27.2,逃げ狙い,20.65,23.5,3,,,,,,,,,,,
2026-01-05,丸亀,8,6,宮武英司,B1,60.27,6,○,0.9209,0.5,49,23.3,0.1781,4.1628,,,0,低,89,0,-,3 155,0,97.6,2.0456,,,,,,0.4889,0.0222,0.0222,,,A,◎,,0.139,0.658,,0.7964,S,100,0,◎1着固定 2-3着流し（5〜8点）,0.5777,"{'is_target': True, 'verdict': '参加推奨', 'max_combo_prob': 0.1007, 'est_top_odds': 13.2, 'circle_concentration': 68.1, 'eligible_count': 6, 'bet_adj': 2, 'reason': 'rel_win1=68.0%（本命度） / 最有力組み合わせ確率: 0.101（推定実オッズ?13倍） / 2着集中度: 上位2艇 68.1%（補正+0.00） / 総合判定確率: 0.101 / → ヒモ分散。1号艇1着固定で広めのヒモ流し推奨（買い目+2点）', 'tenji_trigger': '展示確認: ヒモ分散レース。1号艇伸び確認後、広めのヒモ流しを採用。穴ヒモ（5・6号艇）を積極的に含める。\n展示で1号艇スタート超安定(0.118秒)→ヒモ固まり方向に注意'}",,,27.2,逃げ狙い,20.65,23.5,3,,,,,,,,,,,
2026-01-05,丸亀,9,1,石井伸長,B1,56.94,1,◎,51.8969,,0,25,0.245,5.25,,,0,低,79,1,-,5 334,0,95.4,1.4019,,,,,,0,0.5,0.25,,,A,,,,0.5655,,-0.074,D,22,1,大荒れ。見送り推奨,0.5777,"{'is_target': True, 'verdict': '参加推奨', 'max_combo_prob': 0.0667, 'est_top_odds': 20.0, 'circle_concentration': 65.8, 'eligible_count': 6, 'bet_adj': 2, 'reason': 'rel_win1=51.9%（本命度） / 最有力組み合わせ確率: 0.067（推定実オッズ?20倍） / 2着集中度: 上位2艇 65.8%（補正+0.00） / 総合判定確率: 0.067 / → ヒモ分散。1号艇1着固定で広めのヒモ流し推奨（買い目+2点）', 'tenji_trigger': '展示確認: ヒモ分散レース。1号艇伸び確認後、広めのヒモ流しを採用。穴ヒモ（5・6号艇）を積極的に含める。\n展示で1号艇スタート遅め(0.245秒)確認→ヒモが荒れやすい'}",,,38.5,両建て推奨,22.9,39.6,3,2-1-3|2-1-4|2-1-5|2-3-1|2-3-4|2-5-3|2-3-5|1-2-5|1-2-3|1-2-4,2-1-3|2-1-4|2-1-5|2-3-1|2-3-4|2-5-3|2-3-5|1-2-5|1-2-3|1-2-4|4-5-6|6-1-3,2-1-3:3.86%|2-1-4:1.31%|2-1-5:1.15%|2-3-1:1.05%|2-3-4:0.59%|2-5-3:0.55%|2-3-5:0.52%|1-2-5:5.08%|1-2-3:4.78%|1-2-4:4.76%,2-1-3:B_main|2-1-4:B_main|2-1-5:B_main|2-3-1:B_main|2-3-4:B_main|2-5-3:B_main|2-3-5:B_main|1-2-5:A|1-2-3:A|1-2-4:A,10,12,0.2915,1,[!]見送り推奨（主役決まり手「差し」― 逃げ劣勢レースで的中実績なし）,主役軸流し,B
2026-01-05,丸亀,9,2,松尾　祭,A2,42.47,2,○,12.468,40.4,95,76.7,0.163,3.6,,,0,低,144,0,-,54544,0,39.8,1.0307,0,0.1613,0.0323,0,0,0.1086,0.0654,0.2501,,◎,B,△,,0.5847,0.6215,,-0.074,D,22,1,大荒れ。見送り推奨,0.5777,"{'is_target': True, 'verdict': '参加推奨', 'max_combo_prob': 0.0667, 'est_top_odds': 20.0, 'circle_concentration': 65.8, 'eligible_count': 6, 'bet_adj': 2, 'reason': 'rel_win1=51.9%（本命度） / 最有力組み合わせ確率: 0.067（推定実オッズ?20倍） / 2着集中度: 上位2艇 65.8%（補正+0.00） / 総合判定確率: 0.067 / → ヒモ分散。1号艇1着固定で広めのヒモ流し推奨（買い目+2点）', 'tenji_trigger': '展示確認: ヒモ分散レース。1号艇伸び確認後、広めのヒモ流しを採用。穴ヒモ（5・6号艇）を積極的に含める。\n展示で1号艇スタート遅め(0.245秒)確認→ヒモが荒れやすい'}",,,38.5,両建て推奨,22.9,39.6,3,,,,,,,,,,,
2026-01-05,丸亀,9,3,中田元泰,A1,32.18,3,▲,15.9421,25.5,100,73.2,0.1555,3.0446,,,0,低,90,0,-,46164,0,35.8,1.031,0,0.04,0,0.16,0,0.0323,0.1613,0,,△,D,◎,,0.487,0.685,,-0.074,D,22,1,大荒れ。見送り推奨,0.5777,"{'is_target': True, 'verdict': '参加推奨', 'max_combo_prob': 0.0667, 'est_top_odds': 20.0, 'circle_concentration': 65.8, 'eligible_count': 6, 'bet_adj': 2, 'reason': 'rel_win1=51.9%（本命度） / 最有力組み合わせ確率: 0.067（推定実オッズ?20倍） / 2着集中度: 上位2艇 65.8%（補正+0.00） / 総合判定確率: 0.067 / → ヒモ分散。1号艇1着固定で広めのヒモ流し推奨（買い目+2点）', 'tenji_trigger': '展示確認: ヒモ分散レース。1号艇伸び確認後、広めのヒモ流しを採用。穴ヒモ（5・6号艇）を積極的に含める。\n展示で1号艇スタート遅め(0.245秒)確認→ヒモが荒れやすい'}",,,38.5,両建て推奨,22.9,39.6,3,,,,,,,,,,,
2026-01-05,丸亀,9,4,水谷理人,B1,28.40,4,,10.0907,13.3,78,55,0.169,3.075,,,0,低,64,0,-,6 3136,0,27.5,0.7985,0,0,0.1,0,0.05,0.0533,0.28,0.0267,,,E,,◎,0.4766,0.569,0.2565,-0.074,D,22,1,大荒れ。見送り推奨,0.5777,"{'is_target': True, 'verdict': '参加推奨', 'max_combo_prob': 0.0667, 'est_top_odds': 20.0, 'circle_concentration': 65.8, 'eligible_count': 6, 'bet_adj': 2, 'reason': 'rel_win1=51.9%（本命度） / 最有力組み合わせ確率: 0.067（推定実オッズ?20倍） / 2着集中度: 上位2艇 65.8%（補正+0.00） / 総合判定確率: 0.067 / → ヒモ分散。1号艇1着固定で広めのヒモ流し推奨（買い目+2点）', 'tenji_trigger': '展示確認: ヒモ分散レース。1号艇伸び確認後、広めのヒモ流しを採用。穴ヒモ（5・6号艇）を積極的に含める。\n展示で1号艇スタート遅め(0.245秒)確認→ヒモが荒れやすい'}",,,38.5,両建て推奨,22.9,39.6,3,,,,,,,,,,,
2026-01-05,丸亀,9,5,妻鳥晋也,B1,31.51,5,,6.2644,16.8,77,55.6,0.1729,3.7619,,,0,低,151,0,差ま0%,365 25,0,48.8,1.0993,0,0,0,0.0357,0.0357,0.25,0.21,0.23,,,D,△,○,0.4549,0.601,0.256,-0.074,D,22,1,大荒れ。見送り推奨,0.5777,"{'is_target': True, 'verdict': '参加推奨', 'max_combo_prob': 0.0667, 'est_top_odds': 20.0, 'circle_concentration': 65.8, 'eligible_count': 6, 'bet_adj': 2, 'reason': 'rel_win1=51.9%（本命度） / 最有力組み合わせ確率: 0.067（推定実オッズ?20倍） / 2着集中度: 上位2艇 65.8%（補正+0.00） / 総合判定確率: 0.067 / → ヒモ分散。1号艇1着固定で広めのヒモ流し推奨（買い目+2点）', 'tenji_trigger': '展示確認: ヒモ分散レース。1号艇伸び確認後、広めのヒモ流しを採用。穴ヒモ（5・6号艇）を積極的に含める。\n展示で1号艇スタート遅め(0.245秒)確認→ヒモが荒れやすい'}",,,38.5,両建て推奨,22.9,39.6,3,,,,,,,,,,,
2026-01-05,丸亀,9,6,中村晃朋,A1,34.67,6,△,3.3379,4.1,59,40,0.163,3.8333,,,0,低,56,0,-,461132,0,33.1,0.9169,,,,,,0.1745,0,0.1564,,○,C,○,,0.4889,0.678,,-0.074,D,22,1,大荒れ。見送り推奨,0.5777,"{'is_target': True, 'verdict': '参加推奨', 'max_combo_prob': 0.0667, 'est_top_odds': 20.0, 'circle_concentration': 65.8, 'eligible_count': 6, 'bet_adj': 2, 'reason': 'rel_win1=51.9%（本命度） / 最有力組み合わせ確率: 0.067（推定実オッズ?20倍） / 2着集中度: 上位2艇 65.8%（補正+0.00） / 総合判定確率: 0.067 / → ヒモ分散。1号艇1着固定で広めのヒモ流し推奨（買い目+2点）', 'tenji_trigger': '展示確認: ヒモ分散レース。1号艇伸び確認後、広めのヒモ流しを採用。穴ヒモ（5・6号艇）を積極的に含める。\n展示で1号艇スタート遅め(0.245秒)確認→ヒモが荒れやすい'}",,,38.5,両建て推奨,22.9,39.6,3,,,,,,,,,,,
2026-01-05,丸亀,10,1,古田祐貴,A2,48.00,1,◎,57.8411,,0,88.6,0.137,2.4643,,,0,低,105,0,逃1%,512413,0,75.9,0.964,0.4706,,,,,0.2088,0.1971,0.1338,◎,,A,△,,,0.6265,,0.5084,A,76,0,◎-○軸 3着3〜4艇流し（10〜15点）,0.5777,"{'is_target': True, 'verdict': '点数絞り', 'max_combo_prob': 0.1019, 'est_top_odds': 13.1, 'circle_concentration': 74.4, 'eligible_count': 8, 'bet_adj': 0, 'reason': 'rel_win1=57.8%（本命度） / 最有力組み合わせ確率: 0.102（推定実オッズ?13倍） / 2着集中度: 上位2艇 74.4%（補正+0.04） / 総合判定確率: 0.142 / → ヒモはやや固め。上位2艇以外を切ること', 'tenji_trigger': '展示確認: 1号艇伸び良→そのまま採用。悪→飛び組に差し替え。circle_pct上位2艇に絞り込むこと。\n展示で1号艇スタート超安定(0.137秒)→ヒモ固まり方向に注意'}",,,30.4,逃げ狙い,19.27,33.8,3,,,,,0,0,0.7559,0,,逃げ軸流し,A
2026-01-05,丸亀,10,2,石丸海渡,A1,37.84,2,○,12.1996,49.7,85,83.3,0.1231,2.2083,,,0,低,26,0,-,622 61,0,25.4,0.7659,0,0.1053,0,0,0,0.0792,0.0125,0,,◎,C,◎,,0.4939,0.687,,0.5084,A,76,0,◎-○軸 3着3〜4艇流し（10〜15点）,0.5777,"{'is_target': True, 'verdict': '点数絞り', 'max_combo_prob': 0.1019, 'est_top_odds': 13.1, 'circle_concentration': 74.4, 'eligible_count': 8, 'bet_adj': 0, 'reason': 'rel_win1=57.8%（本命度） / 最有力組み合わせ確率: 0.102（推定実オッズ?13倍） / 2着集中度: 上位2艇 74.4%（補正+0.04） / 総合判定確率: 0.142 / → ヒモはやや固め。上位2艇以外を切ること', 'tenji_trigger': '展示確認: 1号艇伸び良→そのまま採用。悪→飛び組に差し替え。circle_pct上位2艇に絞り込むこと。\n展示で1号艇スタート超安定(0.137秒)→ヒモ固まり方向に注意'}",,,30.4,逃げ狙い,19.27,33.8,3,,,,,,,,,,,
2026-01-05,丸亀,10,3,木谷賢太,A2,24.00,3,,16.2442,24.7,92,76.9,0.1562,3.0673,,,0,低,107,0,ま0% 差ま0%,3 5323,0,49.3,0.9873,0,0,0.12,0.12,0,0.0343,0.0114,0.1957,,,E,○,,0.2481,0.663,,0.5084,A,76,0,◎-○軸 3着3〜4艇流し（10〜15点）,0.5777,"{'is_target': True, 'verdict': '点数絞り', 'max_combo_prob': 0.1019, 'est_top_odds': 13.1, 'circle_concentration': 74.4, 'eligible_count': 8, 'bet_adj': 0, 'reason': 'rel_win1=57.8%（本命度） / 最有力組み合わせ確率: 0.102（推定実オッズ?13倍） / 2着集中度: 上位2艇 74.4%（補正+0.04） / 総合判定確率: 0.142 / → ヒモはやや固め。上位2艇以外を切ること', 'tenji_trigger': '展示確認: 1号艇伸び良→そのまま採用。悪→飛び組に差し替え。circle_pct上位2艇に絞り込むこと。\n展示で1号艇スタート超安定(0.137秒)→ヒモ固まり方向に注意'}",,,30.4,逃げ狙い,19.27,33.8,3,,,,,,,,,,,
2026-01-05,丸亀,10,4,西丸敦基,B1,30.56,4,,7.5438,15,69,46.3,0.1715,3.6852,,,0,低,113,0,-,132 41,0,83.5,1.3779,0,0.0476,0.0476,0.0476,0,0.0333,0.0667,0.3,,,D,,◎,0.184,0.6165,0.3324,0.5084,A,76,0,◎-○軸 3着3〜4艇流し（10〜15点）,0.5777,"{'is_target': True, 'verdict': '点数絞り', 'max_combo_prob': 0.1019, 'est_top_odds': 13.1, 'circle_concentration': 74.4, 'eligible_count': 8, 'bet_adj': 0, 'reason': 'rel_win1=57.8%（本命度） / 最有力組み合わせ確率: 0.102（推定実オッズ?13倍） / 2着集中度: 上位2艇 74.4%（補正+0.04） / 総合判定確率: 0.142 / → ヒモはやや固め。上位2艇以外を切ること', 'tenji_trigger': '展示確認: 1号艇伸び良→そのまま採用。悪→飛び組に差し替え。circle_pct上位2艇に絞り込むこと。\n展示で1号艇スタート超安定(0.137秒)→ヒモ固まり方向に注意'}",,,30.4,逃げ狙い,19.27,33.8,3,,,,,,,,,,,
2026-01-05,丸亀,10,5,宮崎　奨,A2,38.03,5,▲,5.0981,8.2,100,52.6,0.176,3.9561,,,0,低,134,0,-,1 4513,0,66,1.1662,,,,,,0.0343,0.1571,0.2686,,,C,△,,0.2181,0.658,,0.5084,A,76,0,◎-○軸 3着3〜4艇流し（10〜15点）,0.5777,"{'is_target': True, 'verdict': '点数絞り', 'max_combo_prob': 0.1019, 'est_top_odds': 13.1, 'circle_concentration': 74.4, 'eligible_count': 8, 'bet_adj': 0, 'reason': 'rel_win1=57.8%（本命度） / 最有力組み合わせ確率: 0.102（推定実オッズ?13倍） / 2着集中度: 上位2艇 74.4%（補正+0.04） / 総合判定確率: 0.142 / → ヒモはやや固め。上位2艇以外を切ること', 'tenji_trigger': '展示確認: 1号艇伸び良→そのまま採用。悪→飛び組に差し替え。circle_pct上位2艇に絞り込むこと。\n展示で1号艇スタート超安定(0.137秒)→ヒモ固まり方向に注意'}",,,30.4,逃げ狙い,19.27,33.8,3,,,,,,,,,,,
2026-01-05,丸亀,10,6,川上清人,B1,38.75,6,△,1.0733,2.4,21,10.6,0.1923,4.4574,,,0,低,150,0,-,5 126,0,39.5,1.0411,,,,,,0.3733,0.0381,0.1962,,,B,,,0.1646,0.595,,0.5084,A,76,0,◎-○軸 3着3〜4艇流し（10〜15点）,0.5777,"{'is_target': True, 'verdict': '点数絞り', 'max_combo_prob': 0.1019, 'est_top_odds': 13.1, 'circle_concentration': 74.4, 'eligible_count': 8, 'bet_adj': 0, 'reason': 'rel_win1=57.8%（本命度） / 最有力組み合わせ確率: 0.102（推定実オッズ?13倍） / 2着集中度: 上位2艇 74.4%（補正+0.04） / 総合判定確率: 0.142 / → ヒモはやや固め。上位2艇以外を切ること', 'tenji_trigger': '展示確認: 1号艇伸び良→そのまま採用。悪→飛び組に差し替え。circle_pct上位2艇に絞り込むこと。\n展示で1号艇スタート超安定(0.137秒)→ヒモ固まり方向に注意'}",,,30.4,逃げ狙い,19.27,33.8,3,,,,,,,,,,,
2026-01-05,丸亀,11,1,森高一真,A1,53.42,1,◎,61.2231,,0,84,0.1476,3.32,,,0,低,28,0,逃0%,341242,0,95.2,1.3087,0.5,,,,,0,0.1667,0.3333,◎,,A,○,,,0.685,,0.4595,S,85,0,◎1着固定 2-3着流し（5〜8点）,0.5777,"{'is_target': True, 'verdict': '参加推奨', 'max_combo_prob': 0.0849, 'est_top_odds': 15.7, 'circle_concentration': 64.5, 'eligible_count': 6, 'bet_adj': 2, 'reason': 'rel_win1=61.2%（本命度） / 最有力組み合わせ確率: 0.085（推定実オッズ?16倍） / 2着集中度: 上位2艇 64.5%（補正+0.00） / 総合判定確率: 0.085 / → ヒモ分散。1号艇1着固定で広めのヒモ流し推奨（買い目+2点）', 'tenji_trigger': '展示確認: ヒモ分散レース。1号艇伸び確認後、広めのヒモ流しを採用。穴ヒモ（5・6号艇）を積極的に含める。'}",,,27.7,逃げ狙い,17.06,28,3,,,,,0,0,0.7559,0,,逃げ軸流し,A
2026-01-05,丸亀,11,2,濱野斗馬,A1,44.44,2,▲,14.2244,37.6,80,64.3,0.1507,3.0357,,,0,低,40,0,抜0%,5 4222,0,28.5,0.8736,0,0.0625,0.125,0,0.0625,0.0968,0,0.0323,,,B,△,,0.2901,0.638,,0.4595,S,85,0,◎1着固定 2-3着流し（5〜8点）,0.5777,"{'is_target': True, 'verdict': '参加推奨', 'max_combo_prob': 0.0849, 'est_top_odds': 15.7, 'circle_concentration': 64.5, 'eligible_count': 6, 'bet_adj': 2, 'reason': 'rel_win1=61.2%（本命度） / 最有力組み合わせ確率: 0.085（推定実オッズ?16倍） / 2着集中度: 上位2艇 64.5%（補正+0.00） / 総合判定確率: 0.085 / → ヒモ分散。1号艇1着固定で広めのヒモ流し推奨（買い目+2点）', 'tenji_trigger': '展示確認: ヒモ分散レース。1号艇伸び確認後、広めのヒモ流しを採用。穴ヒモ（5・6号艇）を積極的に含める。'}",,,27.7,逃げ狙い,17.06,28,3,,,,,,,,,,,
2026-01-05,丸亀,11,3,片岡雅裕,A1,40.00,3,○,12.7788,26.9,64,70.6,0.1271,2.2353,,,0,低,5,0,差ま0% 抜0%,265126,0,50.4,0.9912,0,0,0,0.1429,0.1429,0.0286,0,0.3571,,◎,C,◎,,0.415,0.8292,,0.4595,S,85,0,◎1着固定 2-3着流し（5〜8点）,0.5777,"{'is_target': True, 'verdict': '参加推奨', 'max_combo_prob': 0.0849, 'est_top_odds': 15.7, 'circle_concentration': 64.5, 'eligible_count': 6, 'bet_adj': 2, 'reason': 'rel_win1=61.2%（本命度） / 最有力組み合わせ確率: 0.085（推定実オッズ?16倍） / 2着集中度: 上位2艇 64.5%（補正+0.00） / 総合判定確率: 0.085 / → ヒモ分散。1号艇1着固定で広めのヒモ流し推奨（買い目+2点）', 'tenji_trigger': '展示確認: ヒモ分散レース。1号艇伸び確認後、広めのヒモ流しを採用。穴ヒモ（5・6号艇）を積極的に含める。'}",,,27.7,逃げ狙い,17.06,28,3,,,,,,,,,,,
2026-01-05,丸亀,11,4,近江翔吾,A1,33.75,4,△,7.5042,24.2,100,77.4,0.1394,2.934,,,0,低,52,0,差0%,4511S,0,48.2,1.1213,0,0.037,0.0741,0,0,0.0811,0.0541,0.027,,,D,△,◎,0.3237,0.6415,0.3859,0.4595,S,85,0,◎1着固定 2-3着流し（5〜8点）,0.5777,"{'is_target': True, 'verdict': '参加推奨', 'max_combo_prob': 0.0849, 'est_top_odds': 15.7, 'circle_concentration': 64.5, 'eligible_count': 6, 'bet_adj': 2, 'reason': 'rel_win1=61.2%（本命度） / 最有力組み合わせ確率: 0.085（推定実オッズ?16倍） / 2着集中度: 上位2艇 64.5%（補正+0.00） / 総合判定確率: 0.085 / → ヒモ分散。1号艇1着固定で広めのヒモ流し推奨（買い目+2点）', 'tenji_trigger': '展示確認: ヒモ分散レース。1号艇伸び確認後、広めのヒモ流しを採用。穴ヒモ（5・6号艇）を積極的に含める。'}",,,27.7,逃げ狙い,17.06,28,3,,,,,,,,,,,
2026-01-05,丸亀,11,5,門田　栞,B1,25.35,5,,2.662,8.4,53,25.7,0.1537,3.1143,,,0,低,76,0,差ま0%,1 232,0,31.9,1.1383,0,0,0,0.0714,0,0.2308,0.3077,0,,,E,,,0.2707,0.5145,,0.4595,S,85,0,◎1着固定 2-3着流し（5〜8点）,0.5777,"{'is_target': True, 'verdict': '参加推奨', 'max_combo_prob': 0.0849, 'est_top_odds': 15.7, 'circle_concentration': 64.5, 'eligible_count': 6, 'bet_adj': 2, 'reason': 'rel_win1=61.2%（本命度） / 最有力組み合わせ確率: 0.085（推定実オッズ?16倍） / 2着集中度: 上位2艇 64.5%（補正+0.00） / 総合判定確率: 0.085 / → ヒモ分散。1号艇1着固定で広めのヒモ流し推奨（買い目+2点）', 'tenji_trigger': '展示確認: ヒモ分散レース。1号艇伸び確認後、広めのヒモ流しを採用。穴ヒモ（5・6号艇）を積極的に含める。'}",,,27.7,逃げ狙い,17.06,28,3,,,,,,,,,,,
2026-01-05,丸亀,11,6,西丸侑太,A2,30.67,6,,1.6076,2.9,54,34.1,0.1627,4.0114,,,0,低,100,0,-,513 44,0,69,1.5242,,,,,,0,0.1314,0.0429,,,D,,,0.2647,0.6105,,0.4595,S,85,0,◎1着固定 2-3着流し（5〜8点）,0.5777,"{'is_target': True, 'verdict': '参加推奨', 'max_combo_prob': 0.0849, 'est_top_odds': 15.7, 'circle_concentration': 64.5, 'eligible_count': 6, 'bet_adj': 2, 'reason': 'rel_win1=61.2%（本命度） / 最有力組み合わせ確率: 0.085（推定実オッズ?16倍） / 2着集中度: 上位2艇 64.5%（補正+0.00） / 総合判定確率: 0.085 / → ヒモ分散。1号艇1着固定で広めのヒモ流し推奨（買い目+2点）', 'tenji_trigger': '展示確認: ヒモ分散レース。1号艇伸び確認後、広めのヒモ流しを採用。穴ヒモ（5・6号艇）を積極的に含める。'}",,,27.7,逃げ狙い,17.06,28,3,,,,,,,,,,,
2026-01-05,丸亀,12,1,西岡顕心,A1,31.94,1,◎,60.5111,,0,88.2,0.1341,3.1471,,,0,低,55,0,逃1%,21331,0,64.3,0.9693,0.8571,,,,,0,0.0714,0,◎,,C,,,,0.6245,,0.5656,A,77,0,◎-○軸 3着3〜4艇流し（10〜15点）,0.5777,"{'is_target': True, 'verdict': '参加推奨', 'max_combo_prob': 0.0781, 'est_top_odds': 17.1, 'circle_concentration': 66.4, 'eligible_count': 8, 'bet_adj': 2, 'reason': 'rel_win1=60.5%（本命度） / 最有力組み合わせ確率: 0.078（推定実オッズ?17倍） / 2着集中度: 上位2艇 66.4%（補正+0.00） / 総合判定確率: 0.078 / → ヒモ分散。1号艇1着固定で広めのヒモ流し推奨（買い目+2点）', 'tenji_trigger': '展示確認: ヒモ分散レース。1号艇伸び確認後、広めのヒモ流しを採用。穴ヒモ（5・6号艇）を積極的に含める。\n展示で1号艇スタート超安定(0.134秒)→ヒモ固まり方向に注意'}",,,27.4,逃げ狙い,22.14,22.9,4,,,,,0,0,0.7559,0,,逃げ軸流し,A
2026-01-05,丸亀,12,2,木村光宏,B1,34.09,2,,7.5552,27.3,83,46,0.1772,3.7,,,0,低,99,0,-,1 322,0,96.4,0.6841,0,0.0455,0,0,0,0.3952,0.3571,0.0571,,,C,△,,0.0588,0.6335,,0.5656,A,77,0,◎-○軸 3着3〜4艇流し（10〜15点）,0.5777,"{'is_target': True, 'verdict': '参加推奨', 'max_combo_prob': 0.0781, 'est_top_odds': 17.1, 'circle_concentration': 66.4, 'eligible_count': 8, 'bet_adj': 2, 'reason': 'rel_win1=60.5%（本命度） / 最有力組み合わせ確率: 0.078（推定実オッズ?17倍） / 2着集中度: 上位2艇 66.4%（補正+0.00） / 総合判定確率: 0.078 / → ヒモ分散。1号艇1着固定で広めのヒモ流し推奨（買い目+2点）', 'tenji_trigger': '展示確認: ヒモ分散レース。1号艇伸び確認後、広めのヒモ流しを採用。穴ヒモ（5・6号艇）を積極的に含める。\n展示で1号艇スタート超安定(0.134秒)→ヒモ固まり方向に注意'}",,,27.4,逃げ狙い,22.14,22.9,4,,,,,,,,,,,
2026-01-05,丸亀,12,3,竹田和哉,A1,38.67,3,▲,15.1067,39.1,89,76.6,0.1462,2.8936,,,0,低,106,0,ま0%,4 2431,0,40.2,0.9996,0,0,0.2174,0.0435,0,0.116,0.116,0,,,B,○,,0.2694,0.6415,,0.5656,A,77,0,◎-○軸 3着3〜4艇流し（10〜15点）,0.5777,"{'is_target': True, 'verdict': '参加推奨', 'max_combo_prob': 0.0781, 'est_top_odds': 17.1, 'circle_concentration': 66.4, 'eligible_count': 8, 'bet_adj': 2, 'reason': 'rel_win1=60.5%（本命度） / 最有力組み合わせ確率: 0.078（推定実オッズ?17倍） / 2着集中度: 上位2艇 66.4%（補正+0.00） / 総合判定確率: 0.078 / → ヒモ分散。1号艇1着固定で広めのヒモ流し推奨（買い目+2点）', 'tenji_trigger': '展示確認: ヒモ分散レース。1号艇伸び確認後、広めのヒモ流しを採用。穴ヒモ（5・6号艇）を積極的に含める。\n展示で1号艇スタート超安定(0.134秒)→ヒモ固まり方向に注意'}",,,27.4,逃げ狙い,22.14,22.9,4,,,,,,,,,,,
2026-01-05,丸亀,12,4,西村美智,B2,39.74,4,○,11.2745,21.9,61,54.5,0.1291,2.6818,,,0,低,25,1,ま0%,131 15,0,59.6,1.2217,0,0,0.1111,0,0,0.1111,0.1111,0.1111,,,B,△,,0.3229,0.6285,,0.5656,A,77,0,◎-○軸 3着3〜4艇流し（10〜15点）,0.5777,"{'is_target': True, 'verdict': '参加推奨', 'max_combo_prob': 0.0781, 'est_top_odds': 17.1, 'circle_concentration': 66.4, 'eligible_count': 8, 'bet_adj': 2, 'reason': 'rel_win1=60.5%（本命度） / 最有力組み合わせ確率: 0.078（推定実オッズ?17倍） / 2着集中度: 上位2艇 66.4%（補正+0.00） / 総合判定確率: 0.078 / → ヒモ分散。1号艇1着固定で広めのヒモ流し推奨（買い目+2点）', 'tenji_trigger': '展示確認: ヒモ分散レース。1号艇伸び確認後、広めのヒモ流しを採用。穴ヒモ（5・6号艇）を積極的に含める。\n展示で1号艇スタート超安定(0.134秒)→ヒモ固まり方向に注意'}",,,27.4,逃げ狙い,22.14,22.9,4,,,,,,,,,,,
2026-01-05,丸亀,12,5,中村桃佳,B1,38.67,5,△,2.7721,3.6,100,47.8,0.147,3.1957,,,0,低,41,0,-,2 1561,0,26.5,1.8474,,,,,,0.0471,0.0706,0.2706,,,B,,,0.2695,0.6205,,0.5656,A,77,0,◎-○軸 3着3〜4艇流し（10〜15点）,0.5777,"{'is_target': True, 'verdict': '参加推奨', 'max_combo_prob': 0.0781, 'est_top_odds': 17.1, 'circle_concentration': 66.4, 'eligible_count': 8, 'bet_adj': 2, 'reason': 'rel_win1=60.5%（本命度） / 最有力組み合わせ確率: 0.078（推定実オッズ?17倍） / 2着集中度: 上位2艇 66.4%（補正+0.00） / 総合判定確率: 0.078 / → ヒモ分散。1号艇1着固定で広めのヒモ流し推奨（買い目+2点）', 'tenji_trigger': '展示確認: ヒモ分散レース。1号艇伸び確認後、広めのヒモ流しを採用。穴ヒモ（5・6号艇）を積極的に含める。\n展示で1号艇スタート超安定(0.134秒)→ヒモ固まり方向に注意'}",,,27.4,逃げ狙い,22.14,22.9,4,,,,,,,,,,,
2026-01-05,丸亀,12,6,中村日向,A1,28.21,6,,2.7804,8.1,59,48.1,0.1619,3.6296,,,0,低,40,0,-,3 2562,0,36.2,0.8533,,,,,,0.1538,0.0769,0,,,D,◎,,0.2215,0.645,,0.5656,A,77,0,◎-○軸 3着3〜4艇流し（10〜15点）,0.5777,"{'is_target': True, 'verdict': '参加推奨', 'max_combo_prob': 0.0781, 'est_top_odds': 17.1, 'circle_concentration': 66.4, 'eligible_count': 8, 'bet_adj': 2, 'reason': 'rel_win1=60.5%（本命度） / 最有力組み合わせ確率: 0.078（推定実オッズ?17倍） / 2着集中度: 上位2艇 66.4%（補正+0.00） / 総合判定確率: 0.078 / → ヒモ分散。1号艇1着固定で広めのヒモ流し推奨（買い目+2点）', 'tenji_trigger': '展示確認: ヒモ分散レース。1号艇伸び確認後、広めのヒモ流しを採用。穴ヒモ（5・6号艇）を積極的に含める。\n展示で1号艇スタート超安定(0.134秒)→ヒモ固まり方向に注意'}",,,27.4,逃げ狙い,22.14,22.9,4,,,,,,,,,,,
2026-01-08,丸亀,1,1,原村拓也,B1,20.83,1,◎,58.648,,0,71.1,0.1676,3.6222,,,0,低,159,0,逃1%,,0,75.4,0.9944,0.35,,,,,0.3114,0.1257,0.02,○,,E,△,,,0.5855,,0.3984,B,52,0,◎○△フォーメーション（15〜20点）,0.5777,"{'is_target': True, 'verdict': '参加推奨', 'max_combo_prob': 0.0726, 'est_top_odds': 18.4, 'circle_concentration': 75.0, 'eligible_count': 9, 'bet_adj': 2, 'reason': 'rel_win1=58.6%（本命度） / 最有力組み合わせ確率: 0.073（推定実オッズ?18倍） / 2着集中度: 上位2艇 75.0%（補正+0.04） / 総合判定確率: 0.113 / → ヒモ分散。1号艇1着固定で広めのヒモ流し推奨（買い目+2点）', 'tenji_trigger': '展示確認: ヒモ分散レース。1号艇伸び確認後、広めのヒモ流しを採用。穴ヒモ（5・6号艇）を積極的に含める。'}",,,29,両建て推奨,12.24,36,4,,,,,0,0,0.6155,0,,逃げ軸流し,A
2026-01-08,丸亀,1,2,大森　翼,B1,28.92,2,▲,8.7412,37.6,100,43.2,0.1859,4.2159,,,0,低,127,0,差0%,,0,28,0.7355,0,0.04,0,0,0,0.025,0.35,0.3,,,C,,,0.1711,0.58,,0.3984,B,52,0,◎○△フォーメーション（15〜20点）,0.5777,"{'is_target': True, 'verdict': '参加推奨', 'max_combo_prob': 0.0726, 'est_top_odds': 18.4, 'circle_concentration': 75.0, 'eligible_count': 9, 'bet_adj': 2, 'reason': 'rel_win1=58.6%（本命度） / 最有力組み合わせ確率: 0.073（推定実オッズ?18倍） / 2着集中度: 上位2艇 75.0%（補正+0.04） / 総合判定確率: 0.113 / → ヒモ分散。1号艇1着固定で広めのヒモ流し推奨（買い目+2点）', 'tenji_trigger': '展示確認: ヒモ分散レース。1号艇伸び確認後、広めのヒモ流しを採用。穴ヒモ（5・6号艇）を積極的に含める。'}",,,29,両建て推奨,12.24,36,4,,,,,,,,,,,
2026-01-08,丸亀,1,3,柳瀬興志,B1,40.74,3,○,11.4211,37.4,79,53.2,0.1623,3.5065,,,0,低,162,0,-,,0,18.2,0.54,0,0,0,0.0303,0,0.1635,0.2714,0.1635,,,A,◎,,0.3386,0.656,,0.3984,B,52,0,◎○△フォーメーション（15〜20点）,0.5777,"{'is_target': True, 'verdict': '参加推奨', 'max_combo_prob': 0.0726, 'est_top_odds': 18.4, 'circle_concentration': 75.0, 'eligible_count': 9, 'bet_adj': 2, 'reason': 'rel_win1=58.6%（本命度） / 最有力組み合わせ確率: 0.073（推定実オッズ?18倍） / 2着集中度: 上位2艇 75.0%（補正+0.04） / 総合判定確率: 0.113 / → ヒモ分散。1号艇1着固定で広めのヒモ流し推奨（買い目+2点）', 'tenji_trigger': '展示確認: ヒモ分散レース。1号艇伸び確認後、広めのヒモ流しを採用。穴ヒモ（5・6号艇）を積極的に含める。'}",,,29,両建て推奨,12.24,36,4,,,,,,,,,,,
2026-01-08,丸亀,1,4,宇野博之,B1,21.92,4,,9.9076,10.4,73,27.7,0.168,3.5538,,,0,低,135,0,-,,0,39.9,0.7811,,,,,,0.2398,0.297,0.1307,,,D,○,,0.3312,0.606,,0.3984,B,52,0,◎○△フォーメーション（15〜20点）,0.5777,"{'is_target': True, 'verdict': '参加推奨', 'max_combo_prob': 0.0726, 'est_top_odds': 18.4, 'circle_concentration': 75.0, 'eligible_count': 9, 'bet_adj': 2, 'reason': 'rel_win1=58.6%（本命度） / 最有力組み合わせ確率: 0.073（推定実オッズ?18倍） / 2着集中度: 上位2艇 75.0%（補正+0.04） / 総合判定確率: 0.113 / → ヒモ分散。1号艇1着固定で広めのヒモ流し推奨（買い目+2点）', 'tenji_trigger': '展示確認: ヒモ分散レース。1号艇伸び確認後、広めのヒモ流しを採用。穴ヒモ（5・6号艇）を積極的に含める。'}",,,29,両建て推奨,12.24,36,4,,,,,,,,,,,
2026-01-08,丸亀,1,5,中岡　駿,B2,28.95,5,△,6.7588,12,73,0,0.2075,4.0625,,,0,低,40,1,-,,0,27.3,0.7386,,,,,,,,,,,C,,,0.2019,0.482,,0.3984,B,52,0,◎○△フォーメーション（15〜20点）,0.5777,"{'is_target': True, 'verdict': '参加推奨', 'max_combo_prob': 0.0726, 'est_top_odds': 18.4, 'circle_concentration': 75.0, 'eligible_count': 9, 'bet_adj': 2, 'reason': 'rel_win1=58.6%（本命度） / 最有力組み合わせ確率: 0.073（推定実オッズ?18倍） / 2着集中度: 上位2艇 75.0%（補正+0.04） / 総合判定確率: 0.113 / → ヒモ分散。1号艇1着固定で広めのヒモ流し推奨（買い目+2点）', 'tenji_trigger': '展示確認: ヒモ分散レース。1号艇伸び確認後、広めのヒモ流しを採用。穴ヒモ（5・6号艇）を積極的に含める。'}",,,29,両建て推奨,12.24,36,4,,,,,,,,,,,
2026-01-08,丸亀,1,6,亀本勇樹,B1,25.68,6,,4.5234,2.6,56,38.5,0.1892,4.4231,,,0,低,75,1,-,,0,85.4,1.55,,,,,,0.2083,0.05,0.125,,,D,△,,0.2601,0.5815,,0.3984,B,52,0,◎○△フォーメーション（15〜20点）,0.5777,"{'is_target': True, 'verdict': '参加推奨', 'max_combo_prob': 0.0726, 'est_top_odds': 18.4, 'circle_concentration': 75.0, 'eligible_count': 9, 'bet_adj': 2, 'reason': 'rel_win1=58.6%（本命度） / 最有力組み合わせ確率: 0.073（推定実オッズ?18倍） / 2着集中度: 上位2艇 75.0%（補正+0.04） / 総合判定確率: 0.113 / → ヒモ分散。1号艇1着固定で広めのヒモ流し推奨（買い目+2点）', 'tenji_trigger': '展示確認: ヒモ分散レース。1号艇伸び確認後、広めのヒモ流しを採用。穴ヒモ（5・6号艇）を積極的に含める。'}",,,29,両建て推奨,12.24,36,4,,,,,,,,,,,
2026-01-08,丸亀,2,1,松田真実,B1,29.55,1,◎,54.3923,,0,33.3,0.196,4.0667,,,0,低,69,0,逃0%,,0,22,0.5613,0.2857,,,,,0,0.2857,0.4286,,,C,,,,0.5685,,0.1825,D,30,1,大荒れ。見送り推奨,0.5777,"{'is_target': True, 'verdict': '参加推奨', 'max_combo_prob': 0.0635, 'est_top_odds': 21.0, 'circle_concentration': 68.7, 'eligible_count': 6, 'bet_adj': 2, 'reason': 'rel_win1=54.4%（本命度） / 最有力組み合わせ確率: 0.064（推定実オッズ?21倍） / 2着集中度: 上位2艇 68.7%（補正+0.00） / 総合判定確率: 0.064 / → ヒモ分散。1号艇1着固定で広めのヒモ流し推奨（買い目+2点）', 'tenji_trigger': '展示確認: ヒモ分散レース。1号艇伸び確認後、広めのヒモ流しを採用。穴ヒモ（5・6号艇）を積極的に含める。\n展示で1号艇スタート遅め(0.196秒)確認→ヒモが荒れやすい'}",,,34.7,両建て推奨,13.5,36.9,3,3-1-4|3-1-5|3-4-1|3-1-6|3-4-5|3-5-1|3-5-4|1-2-3|1-3-5|1-3-4|1-2-5,3-1-4|3-1-5|3-4-1|3-1-6|3-4-5|3-5-1|3-5-4|6-1-2|1-2-3|1-3-5|1-3-4|1-2-5,3-1-4:2.69%|3-1-5:2.64%|3-4-1:0.94%|3-1-6:0.93%|3-4-5:0.8%|3-5-1:0.53%|3-5-4:0.46%|1-2-3:4.26%|1-3-5:3.91%|1-3-4:3.88%|1-2-5:3.65%,3-1-4:B_main|3-1-5:B_main|3-4-1:B_main|3-1-6:B_main|3-4-5:B_main|3-5-1:B_main|3-5-4:B_main|1-2-3:A|1-3-5:A|1-3-4:A|1-2-5:A,11,12,0.2915,1,[!]見送り推奨（主役決まり手「まくり差し」― 逃げ劣勢レースで的中実績なし）,主役軸流し,B
2026-01-08,丸亀,2,2,白井友晴,B1,31.71,2,▲,9.4476,31.5,100,58,0.1874,4.3406,,,0,低,164,0,-,,0,21.8,0.7393,,,,,,0.1091,0.3491,0.0545,,△,B,◎,,0.4135,0.671,,0.1825,D,30,1,大荒れ。見送り推奨,0.5777,"{'is_target': True, 'verdict': '参加推奨', 'max_combo_prob': 0.0635, 'est_top_odds': 21.0, 'circle_concentration': 68.7, 'eligible_count': 6, 'bet_adj': 2, 'reason': 'rel_win1=54.4%（本命度） / 最有力組み合わせ確率: 0.064（推定実オッズ?21倍） / 2着集中度: 上位2艇 68.7%（補正+0.00） / 総合判定確率: 0.064 / → ヒモ分散。1号艇1着固定で広めのヒモ流し推奨（買い目+2点）', 'tenji_trigger': '展示確認: ヒモ分散レース。1号艇伸び確認後、広めのヒモ流しを採用。穴ヒモ（5・6号艇）を積極的に含める。\n展示で1号艇スタート遅め(0.196秒)確認→ヒモが荒れやすい'}",,,34.7,両建て推奨,13.5,36.9,3,,,,,,,,,,,
2026-01-08,丸亀,2,3,山田雄太,B1,36.67,3,○,19.7819,37.3,92,62.5,0.1434,3.1953,,,0,低,64,0,-,,0,100,2.2148,0,0,0.0323,0.0645,0.0645,0.016,0.2,0.048,,◎,A,○,,0.4638,0.6615,,0.1825,D,30,1,大荒れ。見送り推奨,0.5777,"{'is_target': True, 'verdict': '参加推奨', 'max_combo_prob': 0.0635, 'est_top_odds': 21.0, 'circle_concentration': 68.7, 'eligible_count': 6, 'bet_adj': 2, 'reason': 'rel_win1=54.4%（本命度） / 最有力組み合わせ確率: 0.064（推定実オッズ?21倍） / 2着集中度: 上位2艇 68.7%（補正+0.00） / 総合判定確率: 0.064 / → ヒモ分散。1号艇1着固定で広めのヒモ流し推奨（買い目+2点）', 'tenji_trigger': '展示確認: ヒモ分散レース。1号艇伸び確認後、広めのヒモ流しを採用。穴ヒモ（5・6号艇）を積極的に含める。\n展示で1号艇スタート遅め(0.196秒)確認→ヒモが荒れやすい'}",,,34.7,両建て推奨,13.5,36.9,3,,,,,,,,,,,
2026-01-08,丸亀,2,4,関　裕也,B1,19.48,4,△,9.3328,12.3,68,29.6,0.1574,3.4167,,,0,低,86,0,-,,0,73.6,1.5102,0,0,0.0526,0,0,0.0923,0,0.2615,,○,E,△,,0.4396,0.6015,,0.1825,D,30,1,大荒れ。見送り推奨,0.5777,"{'is_target': True, 'verdict': '参加推奨', 'max_combo_prob': 0.0635, 'est_top_odds': 21.0, 'circle_concentration': 68.7, 'eligible_count': 6, 'bet_adj': 2, 'reason': 'rel_win1=54.4%（本命度） / 最有力組み合わせ確率: 0.064（推定実オッズ?21倍） / 2着集中度: 上位2艇 68.7%（補正+0.00） / 総合判定確率: 0.064 / → ヒモ分散。1号艇1着固定で広めのヒモ流し推奨（買い目+2点）', 'tenji_trigger': '展示確認: ヒモ分散レース。1号艇伸び確認後、広めのヒモ流しを採用。穴ヒモ（5・6号艇）を積極的に含める。\n展示で1号艇スタート遅め(0.196秒)確認→ヒモが荒れやすい'}",,,34.7,両建て推奨,13.5,36.9,3,,,,,,,,,,,
2026-01-08,丸亀,2,5,長岡良也,A1,23.46,5,,5.7471,16.9,76,50.9,0.1669,3.5818,,,0,低,104,0,抜0%,,0,65.3,1.3517,0,0,0,0,0.0357,0.1417,0.0972,0.1194,,,D,△,,0.4055,0.6505,,0.1825,D,30,1,大荒れ。見送り推奨,0.5777,"{'is_target': True, 'verdict': '参加推奨', 'max_combo_prob': 0.0635, 'est_top_odds': 21.0, 'circle_concentration': 68.7, 'eligible_count': 6, 'bet_adj': 2, 'reason': 'rel_win1=54.4%（本命度） / 最有力組み合わせ確率: 0.064（推定実オッズ?21倍） / 2着集中度: 上位2艇 68.7%（補正+0.00） / 総合判定確率: 0.064 / → ヒモ分散。1号艇1着固定で広めのヒモ流し推奨（買い目+2点）', 'tenji_trigger': '展示確認: ヒモ分散レース。1号艇伸び確認後、広めのヒモ流しを採用。穴ヒモ（5・6号艇）を積極的に含める。\n展示で1号艇スタート遅め(0.196秒)確認→ヒモが荒れやすい'}",,,34.7,両建て推奨,13.5,36.9,3,,,,,,,,,,,
2026-01-08,丸亀,2,6,大須賀友,A2,25.93,6,,1.2983,2.1,75,27.9,0.2021,4.1628,,,0,低,116,0,-,,0,28.5,0.7806,,,,,,0.0516,0.1258,0.0129,,,D,,,0.2906,0.599,,0.1825,D,30,1,大荒れ。見送り推奨,0.5777,"{'is_target': True, 'verdict': '参加推奨', 'max_combo_prob': 0.0635, 'est_top_odds': 21.0, 'circle_concentration': 68.7, 'eligible_count': 6, 'bet_adj': 2, 'reason': 'rel_win1=54.4%（本命度） / 最有力組み合わせ確率: 0.064（推定実オッズ?21倍） / 2着集中度: 上位2艇 68.7%（補正+0.00） / 総合判定確率: 0.064 / → ヒモ分散。1号艇1着固定で広めのヒモ流し推奨（買い目+2点）', 'tenji_trigger': '展示確認: ヒモ分散レース。1号艇伸び確認後、広めのヒモ流しを採用。穴ヒモ（5・6号艇）を積極的に含める。\n展示で1号艇スタート遅め(0.196秒)確認→ヒモが荒れやすい'}",,,34.7,両建て推奨,13.5,36.9,3,,,,,,,,,,,
2026-01-08,丸亀,3,1,奥田　誠,B1,25.58,1,◎,53.3624,,0,75,0.165,3.7083,,,0,低,163,0,-,,0,100,2.4915,0.619,,,,,0.1771,0.0571,0.139,○,,D,△,,,0.6205,,0.4209,A,70,0,◎-○軸 3着3〜4艇流し（10〜15点）,0.5777,"{'is_target': True, 'verdict': '参加推奨', 'max_combo_prob': 0.0603, 'est_top_odds': 22.1, 'circle_concentration': 58.2, 'eligible_count': 8, 'bet_adj': 2, 'reason': 'rel_win1=53.4%（本命度） / 最有力組み合わせ確率: 0.060（推定実オッズ?22倍） / 2着集中度: 上位2艇 58.2%（補正+0.00） / 総合判定確率: 0.060 / → ヒモ分散。1号艇1着固定で広めのヒモ流し推奨（買い目+2点）', 'tenji_trigger': '展示確認: ヒモ分散レース。1号艇伸び確認後、広めのヒモ流しを採用。穴ヒモ（5・6号艇）を積極的に含める。'}",,,27.7,逃げ狙い,13.6,30.9,3,,,,,0,0,0.6155,0,,逃げ軸流し,A
2026-01-08,丸亀,3,2,佐藤　旭,B1,29.67,2,,14.4472,34.3,100,60,0.1932,4.25,,,0,低,162,0,差1%,,0,67.5,0.8853,0,0.2,0,0,0,0.0706,0.2441,0.0706,,,C,△,,0.097,0.628,,0.4209,A,70,0,◎-○軸 3着3〜4艇流し（10〜15点）,0.5777,"{'is_target': True, 'verdict': '参加推奨', 'max_combo_prob': 0.0603, 'est_top_odds': 22.1, 'circle_concentration': 58.2, 'eligible_count': 8, 'bet_adj': 2, 'reason': 'rel_win1=53.4%（本命度） / 最有力組み合わせ確率: 0.060（推定実オッズ?22倍） / 2着集中度: 上位2艇 58.2%（補正+0.00） / 総合判定確率: 0.060 / → ヒモ分散。1号艇1着固定で広めのヒモ流し推奨（買い目+2点）', 'tenji_trigger': '展示確認: ヒモ分散レース。1号艇伸び確認後、広めのヒモ流しを採用。穴ヒモ（5・6号艇）を積極的に含める。'}",,,27.7,逃げ狙い,13.6,30.9,3,,,,,,,,,,,
2026-01-08,丸亀,3,3,川上　剛,A2,27.17,3,,16.591,23.9,79,62.8,0.1727,3.4295,,,0,低,143,0,-,,0,74.4,1.7333,0,0.1429,0.1071,0.0357,0,0,0.2346,0.0211,,,D,○,,0.2679,0.632,,0.4209,A,70,0,◎-○軸 3着3〜4艇流し（10〜15点）,0.5777,"{'is_target': True, 'verdict': '参加推奨', 'max_combo_prob': 0.0603, 'est_top_odds': 22.1, 'circle_concentration': 58.2, 'eligible_count': 8, 'bet_adj': 2, 'reason': 'rel_win1=53.4%（本命度） / 最有力組み合わせ確率: 0.060（推定実オッズ?22倍） / 2着集中度: 上位2艇 58.2%（補正+0.00） / 総合判定確率: 0.060 / → ヒモ分散。1号艇1着固定で広めのヒモ流し推奨（買い目+2点）', 'tenji_trigger': '展示確認: ヒモ分散レース。1号艇伸び確認後、広めのヒモ流しを採用。穴ヒモ（5・6号艇）を積極的に含める。'}",,,27.7,逃げ狙い,13.6,30.9,3,,,,,,,,,,,
2026-01-08,丸亀,3,4,天野晶夫,B1,30.23,4,○,10.3368,22.8,89,60.4,0.1544,2.9583,,,0,低,109,0,ま0% 差ま0%,,0,57.1,1.2577,0,0,0.0417,0.0417,0,0.448,0.112,0.048,,,C,,,0.3271,0.615,,0.4209,A,70,0,◎-○軸 3着3〜4艇流し（10〜15点）,0.5777,"{'is_target': True, 'verdict': '参加推奨', 'max_combo_prob': 0.0603, 'est_top_odds': 22.1, 'circle_concentration': 58.2, 'eligible_count': 8, 'bet_adj': 2, 'reason': 'rel_win1=53.4%（本命度） / 最有力組み合わせ確率: 0.060（推定実オッズ?22倍） / 2着集中度: 上位2艇 58.2%（補正+0.00） / 総合判定確率: 0.060 / → ヒモ分散。1号艇1着固定で広めのヒモ流し推奨（買い目+2点）', 'tenji_trigger': '展示確認: ヒモ分散レース。1号艇伸び確認後、広めのヒモ流しを採用。穴ヒモ（5・6号艇）を積極的に含める。'}",,,27.7,逃げ狙い,13.6,30.9,3,,,,,,,,,,,
2026-01-08,丸亀,3,5,丸山祐也,B1,34.94,5,▲,3.8237,9.1,64,20,0.238,4.5429,,,0,低,130,0,-,,0,32.4,1.1857,,,,,,0.125,0.25,0.25,,,B,,,0.138,0.558,,0.4209,A,70,0,◎-○軸 3着3〜4艇流し（10〜15点）,0.5777,"{'is_target': True, 'verdict': '参加推奨', 'max_combo_prob': 0.0603, 'est_top_odds': 22.1, 'circle_concentration': 58.2, 'eligible_count': 8, 'bet_adj': 2, 'reason': 'rel_win1=53.4%（本命度） / 最有力組み合わせ確率: 0.060（推定実オッズ?22倍） / 2着集中度: 上位2艇 58.2%（補正+0.00） / 総合判定確率: 0.060 / → ヒモ分散。1号艇1着固定で広めのヒモ流し推奨（買い目+2点）', 'tenji_trigger': '展示確認: ヒモ分散レース。1号艇伸び確認後、広めのヒモ流しを採用。穴ヒモ（5・6号艇）を積極的に含める。'}",,,27.7,逃げ狙い,13.6,30.9,3,,,,,,,,,,,
2026-01-08,丸亀,3,6,寺田千恵,A1,32.53,6,△,1.4389,9.9,38,40,0.1895,4.1,,,0,低,54,0,-,,0,29.8,1.5333,,,,,,0.1818,0.0909,0.0909,,,B,◎,,0.2321,0.6385,,0.4209,A,70,0,◎-○軸 3着3〜4艇流し（10〜15点）,0.5777,"{'is_target': True, 'verdict': '参加推奨', 'max_combo_prob': 0.0603, 'est_top_odds': 22.1, 'circle_concentration': 58.2, 'eligible_count': 8, 'bet_adj': 2, 'reason': 'rel_win1=53.4%（本命度） / 最有力組み合わせ確率: 0.060（推定実オッズ?22倍） / 2着集中度: 上位2艇 58.2%（補正+0.00） / 総合判定確率: 0.060 / → ヒモ分散。1号艇1着固定で広めのヒモ流し推奨（買い目+2点）', 'tenji_trigger': '展示確認: ヒモ分散レース。1号艇伸び確認後、広めのヒモ流しを採用。穴ヒモ（5・6号艇）を積極的に含める。'}",,,27.7,逃げ狙い,13.6,30.9,3,,,,,,,,,,,
2026-01-08,丸亀,4,1,伊藤啓三,B1,34.44,1,◎,47.8119,,0,96,0.1196,2.1959,,,0,低,78,0,逃0%,,0,83.2,1.1756,0.3182,,,,,0.2727,0.3455,0.0364,◎,,C,○,,,0.6695,,0.6121,A,74,0,◎-○軸 3着3〜4艇流し（10〜15点）,0.5777,"{'is_target': True, 'verdict': '参加推奨', 'max_combo_prob': 0.0749, 'est_top_odds': 17.8, 'circle_concentration': 67.1, 'eligible_count': 8, 'bet_adj': 2, 'reason': 'rel_win1=47.8%（本命度） / 最有力組み合わせ確率: 0.075（推定実オッズ?18倍） / 2着集中度: 上位2艇 67.1%（補正+0.00） / 総合判定確率: 0.075 / → ヒモ分散。1号艇1着固定で広めのヒモ流し推奨（買い目+2点）', 'tenji_trigger': '展示確認: ヒモ分散レース。1号艇伸び確認後、広めのヒモ流しを採用。穴ヒモ（5・6号艇）を積極的に含める。\n展示で1号艇スタート超安定(0.120秒)→ヒモ固まり方向に注意'}",,,31.7,逃げ狙い,19.44,37.3,5,,,,,0,0,0.7559,0,,逃げ軸流し,A
2026-01-08,丸亀,4,2,抹香雄三,B1,36.59,2,○,14.056,47.3,57,61.3,0.1395,2.96,,,0,低,100,0,-,,0,95.5,1.795,0,0.1471,0,0,0,0.12,0.24,0.16,,,B,△,,0.1758,0.6655,,0.6121,A,74,0,◎-○軸 3着3〜4艇流し（10〜15点）,0.5777,"{'is_target': True, 'verdict': '参加推奨', 'max_combo_prob': 0.0749, 'est_top_odds': 17.8, 'circle_concentration': 67.1, 'eligible_count': 8, 'bet_adj': 2, 'reason': 'rel_win1=47.8%（本命度） / 最有力組み合わせ確率: 0.075（推定実オッズ?18倍） / 2着集中度: 上位2艇 67.1%（補正+0.00） / 総合判定確率: 0.075 / → ヒモ分散。1号艇1着固定で広めのヒモ流し推奨（買い目+2点）', 'tenji_trigger': '展示確認: ヒモ分散レース。1号艇伸び確認後、広めのヒモ流しを採用。穴ヒモ（5・6号艇）を積極的に含める。\n展示で1号艇スタート超安定(0.120秒)→ヒモ固まり方向に注意'}",,,31.7,逃げ狙い,19.44,37.3,5,,,,,,,,,,,
2026-01-08,丸亀,4,3,牧原　崇,B1,20.59,3,,10.0769,19.8,74,50,0.1665,3.5676,,,0,低,174,0,ま0%,,0,41,1.0087,0,0,0.0323,0.129,0,0.0258,0.2016,0.2274,,,D,◎,,0.1772,0.6775,,0.6121,A,74,0,◎-○軸 3着3〜4艇流し（10〜15点）,0.5777,"{'is_target': True, 'verdict': '参加推奨', 'max_combo_prob': 0.0749, 'est_top_odds': 17.8, 'circle_concentration': 67.1, 'eligible_count': 8, 'bet_adj': 2, 'reason': 'rel_win1=47.8%（本命度） / 最有力組み合わせ確率: 0.075（推定実オッズ?18倍） / 2着集中度: 上位2艇 67.1%（補正+0.00） / 総合判定確率: 0.075 / → ヒモ分散。1号艇1着固定で広めのヒモ流し推奨（買い目+2点）', 'tenji_trigger': '展示確認: ヒモ分散レース。1号艇伸び確認後、広めのヒモ流しを採用。穴ヒモ（5・6号艇）を積極的に含める。\n展示で1号艇スタート超安定(0.120秒)→ヒモ固まり方向に注意'}",,,31.7,逃げ狙い,19.44,37.3,5,,,,,,,,,,,
2026-01-08,丸亀,4,4,西村　歩,A2,37.80,4,▲,11.334,14.6,78,50,0.1596,2.9286,,,0,低,61,0,差ま0%,,0,56.8,1.1604,0,0,0,0.2,0,0.1607,0.1,0,,,B,,,0.2188,0.5625,,0.6121,A,74,0,◎-○軸 3着3〜4艇流し（10〜15点）,0.5777,"{'is_target': True, 'verdict': '参加推奨', 'max_combo_prob': 0.0749, 'est_top_odds': 17.8, 'circle_concentration': 67.1, 'eligible_count': 8, 'bet_adj': 2, 'reason': 'rel_win1=47.8%（本命度） / 最有力組み合わせ確率: 0.075（推定実オッズ?18倍） / 2着集中度: 上位2艇 67.1%（補正+0.00） / 総合判定確率: 0.075 / → ヒモ分散。1号艇1着固定で広めのヒモ流し推奨（買い目+2点）', 'tenji_trigger': '展示確認: ヒモ分散レース。1号艇伸び確認後、広めのヒモ流しを採用。穴ヒモ（5・6号艇）を積極的に含める。\n展示で1号艇スタート超安定(0.120秒)→ヒモ固まり方向に注意'}",,,31.7,逃げ狙い,19.44,37.3,5,,,,,,,,,,,
2026-01-08,丸亀,4,5,古賀繁輝,A1,17.11,5,△,14.352,14.3,50,47.1,0.1391,3.1176,,,0,低,54,0,ま0% 差ま0%,,0,86.7,1.661,0,0,0.0625,0.1875,0,0,0.0308,0.0308,,,E,△,◎,0.307,0.664,0.4087,0.6121,A,74,0,◎-○軸 3着3〜4艇流し（10〜15点）,0.5777,"{'is_target': True, 'verdict': '参加推奨', 'max_combo_prob': 0.0749, 'est_top_odds': 17.8, 'circle_concentration': 67.1, 'eligible_count': 8, 'bet_adj': 2, 'reason': 'rel_win1=47.8%（本命度） / 最有力組み合わせ確率: 0.075（推定実オッズ?18倍） / 2着集中度: 上位2艇 67.1%（補正+0.00） / 総合判定確率: 0.075 / → ヒモ分散。1号艇1着固定で広めのヒモ流し推奨（買い目+2点）', 'tenji_trigger': '展示確認: ヒモ分散レース。1号艇伸び確認後、広めのヒモ流しを採用。穴ヒモ（5・6号艇）を積極的に含める。\n展示で1号艇スタート超安定(0.120秒)→ヒモ固まり方向に注意'}",,,31.7,逃げ狙い,19.44,37.3,5,,,,,,,,,,,
2026-01-08,丸亀,4,6,小川晃司,B1,28.74,6,,2.3691,4,100,43.1,0.1611,3.3991,,,0,低,77,0,-,,0,32,0.5461,0,0,0.0104,0.0104,0.0104,,,,,,D,,○,0.1926,0.63,0.2023,0.6121,A,74,0,◎-○軸 3着3〜4艇流し（10〜15点）,0.5777,"{'is_target': True, 'verdict': '参加推奨', 'max_combo_prob': 0.0749, 'est_top_odds': 17.8, 'circle_concentration': 67.1, 'eligible_count': 8, 'bet_adj': 2, 'reason': 'rel_win1=47.8%（本命度） / 最有力組み合わせ確率: 0.075（推定実オッズ?18倍） / 2着集中度: 上位2艇 67.1%（補正+0.00） / 総合判定確率: 0.075 / → ヒモ分散。1号艇1着固定で広めのヒモ流し推奨（買い目+2点）', 'tenji_trigger': '展示確認: ヒモ分散レース。1号艇伸び確認後、広めのヒモ流しを採用。穴ヒモ（5・6号艇）を積極的に含める。\n展示で1号艇スタート超安定(0.120秒)→ヒモ固まり方向に注意'}",,,31.7,逃げ狙い,19.44,37.3,5,,,,,,,,,,,
2026-01-08,丸亀,5,1,金田大輔,B1,21.05,1,◎,52.2009,,0,80,0.1376,3,,,0,低,99,0,逃1%,,0,73.6,1.0275,0.55,,,,,0.2,0.1,0.1,◎,,D,△,,,0.587,,0.5531,A,70,0,◎-○軸 3着3〜4艇流し（10〜15点）,0.5777,"{'is_target': True, 'verdict': '参加推奨', 'max_combo_prob': 0.0723, 'est_top_odds': 18.4, 'circle_concentration': 73.7, 'eligible_count': 8, 'bet_adj': 2, 'reason': 'rel_win1=52.2%（本命度） / 最有力組み合わせ確率: 0.072（推定実オッズ?18倍） / 2着集中度: 上位2艇 73.7%（補正+0.04） / 総合判定確率: 0.112 / → ヒモ分散。1号艇1着固定で広めのヒモ流し推奨（買い目+2点）', 'tenji_trigger': '展示確認: ヒモ分散レース。1号艇伸び確認後、広めのヒモ流しを採用。穴ヒモ（5・6号艇）を積極的に含める。\n展示で1号艇スタート超安定(0.138秒)→ヒモ固まり方向に注意'}",,,28,逃げ狙い,13.9,31.7,4,,,,,0,0,0.7559,0,,逃げ軸流し,A
2026-01-08,丸亀,5,2,田上　凜,B1,31.71,2,,10.0183,30.3,88,20,0.224,4.6333,,,0,低,114,0,-,,0,12.7,0.5379,,,,,,0,0.6667,0,,,C,,,0.0775,0.504,,0.5531,A,70,0,◎-○軸 3着3〜4艇流し（10〜15点）,0.5777,"{'is_target': True, 'verdict': '参加推奨', 'max_combo_prob': 0.0723, 'est_top_odds': 18.4, 'circle_concentration': 73.7, 'eligible_count': 8, 'bet_adj': 2, 'reason': 'rel_win1=52.2%（本命度） / 最有力組み合わせ確率: 0.072（推定実オッズ?18倍） / 2着集中度: 上位2艇 73.7%（補正+0.04） / 総合判定確率: 0.112 / → ヒモ分散。1号艇1着固定で広めのヒモ流し推奨（買い目+2点）', 'tenji_trigger': '展示確認: ヒモ分散レース。1号艇伸び確認後、広めのヒモ流しを採用。穴ヒモ（5・6号艇）を積極的に含める。\n展示で1号艇スタート超安定(0.138秒)→ヒモ固まり方向に注意'}",,,28,逃げ狙い,13.9,31.7,4,,,,,,,,,,,
2026-01-08,丸亀,5,3,笠　雅雄,B1,20.59,3,,8.4439,18.8,100,34.7,0.1906,3.9694,,,0,低,120,0,ま0% 差ま0%,,0,30.9,0.7185,0,0,0.0417,0.0417,0,0.275,0.25,0.025,,,E,,,0.11,0.551,,0.5531,A,70,0,◎-○軸 3着3〜4艇流し（10〜15点）,0.5777,"{'is_target': True, 'verdict': '参加推奨', 'max_combo_prob': 0.0723, 'est_top_odds': 18.4, 'circle_concentration': 73.7, 'eligible_count': 8, 'bet_adj': 2, 'reason': 'rel_win1=52.2%（本命度） / 最有力組み合わせ確率: 0.072（推定実オッズ?18倍） / 2着集中度: 上位2艇 73.7%（補正+0.04） / 総合判定確率: 0.112 / → ヒモ分散。1号艇1着固定で広めのヒモ流し推奨（買い目+2点）', 'tenji_trigger': '展示確認: ヒモ分散レース。1号艇伸び確認後、広めのヒモ流しを採用。穴ヒモ（5・6号艇）を積極的に含める。\n展示で1号艇スタート超安定(0.138秒)→ヒモ固まり方向に注意'}",,,28,逃げ狙い,13.9,31.7,4,,,,,,,,,,,
2026-01-08,丸亀,5,4,河野　大,A2,39.76,4,○,21.2581,43.3,54,66.1,0.1593,3.4375,,,0,低,88,0,差0% ま0%,,0,94.2,1.7645,0,0.037,0.2222,0,0,0.1143,0.0381,0.0286,,,A,◎,◎,0.2553,0.6455,0.3565,0.5531,A,70,0,◎-○軸 3着3〜4艇流し（10〜15点）,0.5777,"{'is_target': True, 'verdict': '参加推奨', 'max_combo_prob': 0.0723, 'est_top_odds': 18.4, 'circle_concentration': 73.7, 'eligible_count': 8, 'bet_adj': 2, 'reason': 'rel_win1=52.2%（本命度） / 最有力組み合わせ確率: 0.072（推定実オッズ?18倍） / 2着集中度: 上位2艇 73.7%（補正+0.04） / 総合判定確率: 0.112 / → ヒモ分散。1号艇1着固定で広めのヒモ流し推奨（買い目+2点）', 'tenji_trigger': '展示確認: ヒモ分散レース。1号艇伸び確認後、広めのヒモ流しを採用。穴ヒモ（5・6号艇）を積極的に含める。\n展示で1号艇スタート超安定(0.138秒)→ヒモ固まり方向に注意'}",,,28,逃げ狙い,13.9,31.7,4,,,,,,,,,,,
2026-01-08,丸亀,5,5,角浜　修,B1,39.24,5,▲,3.4558,2.1,62,13.1,0.1854,4.0656,,,0,低,134,0,-,,0,27.2,0.5843,,,,,,0.0833,0.15,0.15,,,B,○,,0.1546,0.6255,,0.5531,A,70,0,◎-○軸 3着3〜4艇流し（10〜15点）,0.5777,"{'is_target': True, 'verdict': '参加推奨', 'max_combo_prob': 0.0723, 'est_top_odds': 18.4, 'circle_concentration': 73.7, 'eligible_count': 8, 'bet_adj': 2, 'reason': 'rel_win1=52.2%（本命度） / 最有力組み合わせ確率: 0.072（推定実オッズ?18倍） / 2着集中度: 上位2艇 73.7%（補正+0.04） / 総合判定確率: 0.112 / → ヒモ分散。1号艇1着固定で広めのヒモ流し推奨（買い目+2点）', 'tenji_trigger': '展示確認: ヒモ分散レース。1号艇伸び確認後、広めのヒモ流しを採用。穴ヒモ（5・6号艇）を積極的に含める。\n展示で1号艇スタート超安定(0.138秒)→ヒモ固まり方向に注意'}",,,28,逃げ狙い,13.9,31.7,4,,,,,,,,,,,
2026-01-08,丸亀,5,6,中村泰平,A1,21.79,6,△,4.623,5.4,63,44.4,0.1667,3.8889,,,0,低,80,0,ま0%,,0,88.5,1.7908,0,0,0.0714,0,0,0.1864,0.0182,0.0364,,,D,△,,0.2003,0.6085,,0.5531,A,70,0,◎-○軸 3着3〜4艇流し（10〜15点）,0.5777,"{'is_target': True, 'verdict': '参加推奨', 'max_combo_prob': 0.0723, 'est_top_odds': 18.4, 'circle_concentration': 73.7, 'eligible_count': 8, 'bet_adj': 2, 'reason': 'rel_win1=52.2%（本命度） / 最有力組み合わせ確率: 0.072（推定実オッズ?18倍） / 2着集中度: 上位2艇 73.7%（補正+0.04） / 総合判定確率: 0.112 / → ヒモ分散。1号艇1着固定で広めのヒモ流し推奨（買い目+2点）', 'tenji_trigger': '展示確認: ヒモ分散レース。1号艇伸び確認後、広めのヒモ流しを採用。穴ヒモ（5・6号艇）を積極的に含める。\n展示で1号艇スタート超安定(0.138秒)→ヒモ固まり方向に注意'}",,,28,逃げ狙い,13.9,31.7,4,,,,,,,,,,,
2026-01-08,丸亀,6,1,大野芳顕,A2,35.44,1,◎,55.855,,0,92.5,0.1462,2.484,,,0,低,139,0,逃1%,,0,69.6,0.9915,0.55,,,,,0.09,0.11,0.14,◎,,B,○,,,0.6345,,0.5483,S,84,0,◎1着固定 2-3着流し（5〜8点）,0.5777,"{'is_target': True, 'verdict': '参加推奨', 'max_combo_prob': 0.09, 'est_top_odds': 14.8, 'circle_concentration': 69.6, 'eligible_count': 6, 'bet_adj': 2, 'reason': 'rel_win1=55.9%（本命度） / 最有力組み合わせ確率: 0.090（推定実オッズ?15倍） / 2着集中度: 上位2艇 69.6%（補正+0.00） / 総合判定確率: 0.090 / → ヒモ分散。1号艇1着固定で広めのヒモ流し推奨（買い目+2点）', 'tenji_trigger': '展示確認: ヒモ分散レース。1号艇伸び確認後、広めのヒモ流しを採用。穴ヒモ（5・6号艇）を積極的に含める。'}",,,28.1,逃げ狙い,18.04,28.3,3,,,,,0,0,0.7559,0,,逃げ軸流し,A
2026-01-08,丸亀,6,2,松瀬弘美,B1,29.55,2,△,9.3441,42.2,96,59.5,0.1851,4.0946,,,0,低,82,0,-,,0,90.1,1.7003,0,0,0.0556,0,0,0.5818,0.2364,0.0364,,,C,△,,0.0702,0.5835,,0.5483,S,84,0,◎1着固定 2-3着流し（5〜8点）,0.5777,"{'is_target': True, 'verdict': '参加推奨', 'max_combo_prob': 0.09, 'est_top_odds': 14.8, 'circle_concentration': 69.6, 'eligible_count': 6, 'bet_adj': 2, 'reason': 'rel_win1=55.9%（本命度） / 最有力組み合わせ確率: 0.090（推定実オッズ?15倍） / 2着集中度: 上位2艇 69.6%（補正+0.00） / 総合判定確率: 0.090 / → ヒモ分散。1号艇1着固定で広めのヒモ流し推奨（買い目+2点）', 'tenji_trigger': '展示確認: ヒモ分散レース。1号艇伸び確認後、広めのヒモ流しを採用。穴ヒモ（5・6号艇）を積極的に含める。'}",,,28.1,逃げ狙い,18.04,28.3,3,,,,,,,,,,,
2026-01-08,丸亀,6,3,浜先真範,A1,32.93,3,○,20.3072,27.4,100,70.5,0.1409,2.6477,,,0,低,66,0,ま0% 差ま0%,,0,75.4,1.5546,0,0,0.1,0.2,0,0.01,0.02,0.02,,◎,B,◎,,0.3736,0.647,,0.5483,S,84,0,◎1着固定 2-3着流し（5〜8点）,0.5777,"{'is_target': True, 'verdict': '参加推奨', 'max_combo_prob': 0.09, 'est_top_odds': 14.8, 'circle_concentration': 69.6, 'eligible_count': 6, 'bet_adj': 2, 'reason': 'rel_win1=55.9%（本命度） / 最有力組み合わせ確率: 0.090（推定実オッズ?15倍） / 2着集中度: 上位2艇 69.6%（補正+0.00） / 総合判定確率: 0.090 / → ヒモ分散。1号艇1着固定で広めのヒモ流し推奨（買い目+2点）', 'tenji_trigger': '展示確認: ヒモ分散レース。1号艇伸び確認後、広めのヒモ流しを採用。穴ヒモ（5・6号艇）を積極的に含める。'}",,,28.1,逃げ狙い,18.04,28.3,3,,,,,,,,,,,
2026-01-08,丸亀,6,4,福田　理,B1,25.00,4,▲,7.2042,18.8,63,39,0.1454,2.9576,,,0,低,126,0,-,,0,61.5,1.2211,0,0,0.0345,0.0345,0,0.1446,0.4967,0.1446,,,D,△,◎,0.3004,0.594,0.2935,0.5483,S,84,0,◎1着固定 2-3着流し（5〜8点）,0.5777,"{'is_target': True, 'verdict': '参加推奨', 'max_combo_prob': 0.09, 'est_top_odds': 14.8, 'circle_concentration': 69.6, 'eligible_count': 6, 'bet_adj': 2, 'reason': 'rel_win1=55.9%（本命度） / 最有力組み合わせ確率: 0.090（推定実オッズ?15倍） / 2着集中度: 上位2艇 69.6%（補正+0.00） / 総合判定確率: 0.090 / → ヒモ分散。1号艇1着固定で広めのヒモ流し推奨（買い目+2点）', 'tenji_trigger': '展示確認: ヒモ分散レース。1号艇伸び確認後、広めのヒモ流しを採用。穴ヒモ（5・6号艇）を積極的に含める。'}",,,28.1,逃げ狙い,18.04,28.3,3,,,,,,,,,,,
2026-01-08,丸亀,6,5,大森　翼,B1,28.92,5,,3.7389,6.2,51,21.3,0.1744,3.9344,,,0,低,127,0,差ま0%,,0,31.6,0.6874,0,0,0,0.0417,0,0.025,0.35,0.3,,,C,,,0.2106,0.58,,0.5483,S,84,0,◎1着固定 2-3着流し（5〜8点）,0.5777,"{'is_target': True, 'verdict': '参加推奨', 'max_combo_prob': 0.09, 'est_top_odds': 14.8, 'circle_concentration': 69.6, 'eligible_count': 6, 'bet_adj': 2, 'reason': 'rel_win1=55.9%（本命度） / 最有力組み合わせ確率: 0.090（推定実オッズ?15倍） / 2着集中度: 上位2艇 69.6%（補正+0.00） / 総合判定確率: 0.090 / → ヒモ分散。1号艇1着固定で広めのヒモ流し推奨（買い目+2点）', 'tenji_trigger': '展示確認: ヒモ分散レース。1号艇伸び確認後、広めのヒモ流しを採用。穴ヒモ（5・6号艇）を積極的に含める。'}",,,28.1,逃げ狙い,18.04,28.3,3,,,,,,,,,,,
2026-01-08,丸亀,6,6,水谷理人,A2,20.63,6,,3.5507,5.4,48,35.4,0.1454,3.3021,,,0,低,64,0,-,,0,57.6,1.2361,,,,,,0.0533,0.28,0.0267,,,E,,,0.3327,0.569,,0.5483,S,84,0,◎1着固定 2-3着流し（5〜8点）,0.5777,"{'is_target': True, 'verdict': '参加推奨', 'max_combo_prob': 0.09, 'est_top_odds': 14.8, 'circle_concentration': 69.6, 'eligible_count': 6, 'bet_adj': 2, 'reason': 'rel_win1=55.9%（本命度） / 最有力組み合わせ確率: 0.090（推定実オッズ?15倍） / 2着集中度: 上位2艇 69.6%（補正+0.00） / 総合判定確率: 0.090 / → ヒモ分散。1号艇1着固定で広めのヒモ流し推奨（買い目+2点）', 'tenji_trigger': '展示確認: ヒモ分散レース。1号艇伸び確認後、広めのヒモ流しを採用。穴ヒモ（5・6号艇）を積極的に含める。'}",,,28.1,逃げ狙い,18.04,28.3,3,,,,,,,,,,,
2026-01-08,丸亀,7,1,柳瀬興志,B1,40.74,1,◎,43.7628,,0,83.3,0.1615,3.4861,,,0,低,162,0,逃0%,,0,79.6,1.0288,0.2778,,,,,0.1635,0.2714,0.1635,△,,A,○,,,0.656,,0.2754,A,62,0,◎-○軸 3着3〜4艇流し（10〜15点）,0.5777,"{'is_target': False, 'verdict': '対象外', 'max_combo_prob': None, 'est_top_odds': None, 'circle_concentration': None, 'eligible_count': 0, 'bet_adj': 0, 'reason': '1号艇rel_win1 < 45%: 通常判定に委ねる', 'tenji_trigger': ''}",,,33.8,両建て推奨,28.31,35.7,2,2-3-4|2-3-5|2-3-6|1-2-3|1-2-5|1-3-2|1-3-5|1-4-2,6-1-3|5-1-3|2-3-4|2-3-5|5-1-6|2-3-6|6-3-1|1-2-3|1-2-5|1-3-2|1-3-5|1-4-2,2-3-4:2.64%|2-3-5:2.11%|2-3-6:1.73%|1-2-3:7.21%|1-2-5:6.98%|1-3-2:6.68%|1-3-5:4.48%|1-4-2:3.09%,2-3-4:B_main|2-3-5:B_main|2-3-6:B_main|1-2-3:A|1-2-5:A|1-3-2:A|1-3-5:A|1-4-2:A,8,12,0.4535,1,[!]見送り推奨（主役決まり手「まくり」― 逃げ劣勢レースで的中実績なし）,荒れ広め,D
2026-01-08,丸亀,7,2,上野真之,A1,27.03,2,▲,22.195,50.2,71,84,0.1304,2.74,,,0,低,15,0,差0% ま0% 抜0%,,0,84.7,1.426,0,0.1,0.2,0,0.1,0,0,0.1333,,◎,D,◎,,0.6098,0.812,,0.2754,A,62,0,◎-○軸 3着3〜4艇流し（10〜15点）,0.5777,"{'is_target': False, 'verdict': '対象外', 'max_combo_prob': None, 'est_top_odds': None, 'circle_concentration': None, 'eligible_count': 0, 'bet_adj': 0, 'reason': '1号艇rel_win1 < 45%: 通常判定に委ねる', 'tenji_trigger': ''}",,,33.8,両建て推奨,28.31,35.7,2,,,,,,,,,,,
2026-01-08,丸亀,7,3,出畑孝典,A2,37.65,3,○,19.8334,34.4,98,83.1,0.1646,3.2615,,,0,低,124,0,差ま1%,,0,29.2,0.8833,0,0,0.1538,0.1154,0,0.4352,0.1165,0.1319,,,B,△,,0.3361,0.629,,0.2754,A,62,0,◎-○軸 3着3〜4艇流し（10〜15点）,0.5777,"{'is_target': False, 'verdict': '対象外', 'max_combo_prob': None, 'est_top_odds': None, 'circle_concentration': None, 'eligible_count': 0, 'bet_adj': 0, 'reason': '1号艇rel_win1 < 45%: 通常判定に委ねる', 'tenji_trigger': ''}",,,33.8,両建て推奨,28.31,35.7,2,,,,,,,,,,,
2026-01-08,丸亀,7,4,嶋田貴支,B1,23.81,4,,8.0439,6.8,83,43.8,0.1808,3.6354,,,0,低,134,0,-,,0,45.8,1.0121,0,0.0476,0,0,0,0.0174,0.0522,0.1174,,,D,△,,0.245,0.6045,,0.2754,A,62,0,◎-○軸 3着3〜4艇流し（10〜15点）,0.5777,"{'is_target': False, 'verdict': '対象外', 'max_combo_prob': None, 'est_top_odds': None, 'circle_concentration': None, 'eligible_count': 0, 'bet_adj': 0, 'reason': '1号艇rel_win1 < 45%: 通常判定に委ねる', 'tenji_trigger': ''}",,,33.8,両建て推奨,28.31,35.7,2,,,,,,,,,,,
2026-01-08,丸亀,7,5,土屋実沙,A2,32.91,5,△,4.5141,6.1,100,43.3,0.196,4.2667,,,0,低,73,0,-,,0,55.8,1.1576,,,,,,0.0444,0.3333,0,,,C,,,0.2446,0.5505,,0.2754,A,62,0,◎-○軸 3着3〜4艇流し（10〜15点）,0.5777,"{'is_target': False, 'verdict': '対象外', 'max_combo_prob': None, 'est_top_odds': None, 'circle_concentration': None, 'eligible_count': 0, 'bet_adj': 0, 'reason': '1号艇rel_win1 < 45%: 通常判定に委ねる', 'tenji_trigger': ''}",,,33.8,両建て推奨,28.31,35.7,2,,,,,,,,,,,
2026-01-08,丸亀,7,6,関　裕也,B1,19.48,6,,1.6508,2.5,50,17.6,0.1982,3.9412,,,0,低,86,0,-,,0,26.8,0.7889,,,,,,0.0923,0,0.2615,,,E,,,0.2339,0.6015,,0.2754,A,62,0,◎-○軸 3着3〜4艇流し（10〜15点）,0.5777,"{'is_target': False, 'verdict': '対象外', 'max_combo_prob': None, 'est_top_odds': None, 'circle_concentration': None, 'eligible_count': 0, 'bet_adj': 0, 'reason': '1号艇rel_win1 < 45%: 通常判定に委ねる', 'tenji_trigger': ''}",,,33.8,両建て推奨,28.31,35.7,2,,,,,,,,,,,
2026-01-08,丸亀,8,1,里岡右貴,A1,41.67,1,◎,70.276,,0,91.4,0.1366,2.5,,,0,低,75,0,逃1%,,0,83.8,1.2007,0.64,,,,,0.115,0.139,0.024,◎,,A,○,,,0.641,,0.662,S,81,0,◎1着固定 2-3着流し（5〜8点）,0.5777,"{'is_target': True, 'verdict': '参加推奨', 'max_combo_prob': 0.1177, 'est_top_odds': 11.3, 'circle_concentration': 69.6, 'eligible_count': 6, 'bet_adj': 2, 'reason': 'rel_win1=70.3%（本命度） / 最有力組み合わせ確率: 0.118（推定実オッズ?11倍） / 2着集中度: 上位2艇 69.6%（補正+0.00） / 総合判定確率: 0.118 / → ヒモ分散。1号艇1着固定で広めのヒモ流し推奨（買い目+2点）', 'tenji_trigger': '展示確認: ヒモ分散レース。1号艇伸び確認後、広めのヒモ流しを採用。穴ヒモ（5・6号艇）を積極的に含める。\n展示で1号艇スタート超安定(0.137秒)→ヒモ固まり方向に注意'}",,,26.2,逃げ狙い,11.79,28.3,2,,,,,0,0,0.7559,0,,逃げ軸流し,A
2026-01-08,丸亀,8,2,大須賀友,A2,25.93,2,△,14.427,46.9,97,75,0.1781,3.7188,,,0,低,116,0,差0%,,0,97.7,0.8557,0,0.1111,0.1481,0,0,0.0516,0.1258,0.0129,,,D,△,,0.0976,0.599,,0.662,S,81,0,◎1着固定 2-3着流し（5〜8点）,0.5777,"{'is_target': True, 'verdict': '参加推奨', 'max_combo_prob': 0.1177, 'est_top_odds': 11.3, 'circle_concentration': 69.6, 'eligible_count': 6, 'bet_adj': 2, 'reason': 'rel_win1=70.3%（本命度） / 最有力組み合わせ確率: 0.118（推定実オッズ?11倍） / 2着集中度: 上位2艇 69.6%（補正+0.00） / 総合判定確率: 0.118 / → ヒモ分散。1号艇1着固定で広めのヒモ流し推奨（買い目+2点）', 'tenji_trigger': '展示確認: ヒモ分散レース。1号艇伸び確認後、広めのヒモ流しを採用。穴ヒモ（5・6号艇）を積極的に含める。\n展示で1号艇スタート超安定(0.137秒)→ヒモ固まり方向に注意'}",,,26.2,逃げ狙い,11.79,28.3,2,,,,,,,,,,,
2026-01-08,丸亀,8,3,木村紗友,B1,29.49,3,▲,4.8701,22.7,100,54.8,0.1648,3.371,,,0,低,68,0,ま0%,,0,38.4,0.9279,0,0,0.0714,0,0,0.0909,0.1818,0.0909,,,C,,,0.1672,0.5685,,0.662,S,81,0,◎1着固定 2-3着流し（5〜8点）,0.5777,"{'is_target': True, 'verdict': '参加推奨', 'max_combo_prob': 0.1177, 'est_top_odds': 11.3, 'circle_concentration': 69.6, 'eligible_count': 6, 'bet_adj': 2, 'reason': 'rel_win1=70.3%（本命度） / 最有力組み合わせ確率: 0.118（推定実オッズ?11倍） / 2着集中度: 上位2艇 69.6%（補正+0.00） / 総合判定確率: 0.118 / → ヒモ分散。1号艇1着固定で広めのヒモ流し推奨（買い目+2点）', 'tenji_trigger': '展示確認: ヒモ分散レース。1号艇伸び確認後、広めのヒモ流しを採用。穴ヒモ（5・6号艇）を積極的に含める。\n展示で1号艇スタート超安定(0.137秒)→ヒモ固まり方向に注意'}",,,26.2,逃げ狙い,11.79,28.3,2,,,,,,,,,,,
2026-01-08,丸亀,8,4,鈴木智啓,A2,30.00,4,○,7.0874,20.5,83,47.2,0.1632,3.5566,,,0,低,123,0,ま0%,,0,45.6,0.9555,0,0,0.08,0,0,0.1849,0.1741,0.0432,,,C,◎,◎,0.2156,0.6485,0.3525,0.662,S,81,0,◎1着固定 2-3着流し（5〜8点）,0.5777,"{'is_target': True, 'verdict': '参加推奨', 'max_combo_prob': 0.1177, 'est_top_odds': 11.3, 'circle_concentration': 69.6, 'eligible_count': 6, 'bet_adj': 2, 'reason': 'rel_win1=70.3%（本命度） / 最有力組み合わせ確率: 0.118（推定実オッズ?11倍） / 2着集中度: 上位2艇 69.6%（補正+0.00） / 総合判定確率: 0.118 / → ヒモ分散。1号艇1着固定で広めのヒモ流し推奨（買い目+2点）', 'tenji_trigger': '展示確認: ヒモ分散レース。1号艇伸び確認後、広めのヒモ流しを採用。穴ヒモ（5・6号艇）を積極的に含める。\n展示で1号艇スタート超安定(0.137秒)→ヒモ固まり方向に注意'}",,,26.2,逃げ狙い,11.79,28.3,2,,,,,,,,,,,
2026-01-08,丸亀,8,5,奥田　誠,B1,25.58,5,,2.3184,8,78,28.4,0.1858,4.1418,,,0,低,163,0,-,,0,26.5,0.4457,0,0,0.0312,0,0,0.1771,0.0571,0.139,,,E,△,,0.1464,0.6205,,0.662,S,81,0,◎1着固定 2-3着流し（5〜8点）,0.5777,"{'is_target': True, 'verdict': '参加推奨', 'max_combo_prob': 0.1177, 'est_top_odds': 11.3, 'circle_concentration': 69.6, 'eligible_count': 6, 'bet_adj': 2, 'reason': 'rel_win1=70.3%（本命度） / 最有力組み合わせ確率: 0.118（推定実オッズ?11倍） / 2着集中度: 上位2艇 69.6%（補正+0.00） / 総合判定確率: 0.118 / → ヒモ分散。1号艇1着固定で広めのヒモ流し推奨（買い目+2点）', 'tenji_trigger': '展示確認: ヒモ分散レース。1号艇伸び確認後、広めのヒモ流しを採用。穴ヒモ（5・6号艇）を積極的に含める。\n展示で1号艇スタート超安定(0.137秒)→ヒモ固まり方向に注意'}",,,26.2,逃げ狙い,11.79,28.3,2,,,,,,,,,,,
2026-01-08,丸亀,8,6,中岡　駿,B2,28.95,6,,1.021,1.9,19,6.2,0.2055,4.3615,,,0,低,40,0,-,,0,34.1,2.1344,,,,,,,,,,,D,,,0.1596,0.482,,0.662,S,81,0,◎1着固定 2-3着流し（5〜8点）,0.5777,"{'is_target': True, 'verdict': '参加推奨', 'max_combo_prob': 0.1177, 'est_top_odds': 11.3, 'circle_concentration': 69.6, 'eligible_count': 6, 'bet_adj': 2, 'reason': 'rel_win1=70.3%（本命度） / 最有力組み合わせ確率: 0.118（推定実オッズ?11倍） / 2着集中度: 上位2艇 69.6%（補正+0.00） / 総合判定確率: 0.118 / → ヒモ分散。1号艇1着固定で広めのヒモ流し推奨（買い目+2点）', 'tenji_trigger': '展示確認: ヒモ分散レース。1号艇伸び確認後、広めのヒモ流しを採用。穴ヒモ（5・6号艇）を積極的に含める。\n展示で1号艇スタート超安定(0.137秒)→ヒモ固まり方向に注意'}",,,26.2,逃げ狙い,11.79,28.3,2,,,,,,,,,,,
2026-01-08,丸亀,9,1,杉田篤光,A2,20.27,1,◎,64.0688,,0,80.3,0.1754,3.7324,,,0,低,185,0,逃1%,,0,96.1,1.3676,0.6667,,,,,0.1358,0.0267,0.1624,○,,E,,,,0.578,,0.3901,A,69,0,◎-○軸 3着3〜4艇流し（10〜15点）,0.5777,"{'is_target': True, 'verdict': '参加推奨', 'max_combo_prob': 0.0631, 'est_top_odds': 21.1, 'circle_concentration': 66.3, 'eligible_count': 8, 'bet_adj': 2, 'reason': 'rel_win1=64.1%（本命度） / 最有力組み合わせ確率: 0.063（推定実オッズ?21倍） / 2着集中度: 上位2艇 66.3%（補正+0.00） / 総合判定確率: 0.063 / → ヒモ分散。1号艇1着固定で広めのヒモ流し推奨（買い目+2点）', 'tenji_trigger': '展示確認: ヒモ分散レース。1号艇伸び確認後、広めのヒモ流しを採用。穴ヒモ（5・6号艇）を積極的に含める。'}",,,27,逃げ狙い,12.42,30.1,4,,,,,0,0,0.6155,0,,逃げ軸流し,A
2026-01-08,丸亀,9,2,原村拓也,B1,20.83,2,,7.6946,31.1,99,45.7,0.178,4.0071,,,0,低,159,0,-,,0,49.7,1.2703,0,0.0345,0,0,0,0.3114,0.1257,0.02,,,D,△,,0.28,0.5855,,0.3901,A,69,0,◎-○軸 3着3〜4艇流し（10〜15点）,0.5777,"{'is_target': True, 'verdict': '参加推奨', 'max_combo_prob': 0.0631, 'est_top_odds': 21.1, 'circle_concentration': 66.3, 'eligible_count': 8, 'bet_adj': 2, 'reason': 'rel_win1=64.1%（本命度） / 最有力組み合わせ確率: 0.063（推定実オッズ?21倍） / 2着集中度: 上位2艇 66.3%（補正+0.00） / 総合判定確率: 0.063 / → ヒモ分散。1号艇1着固定で広めのヒモ流し推奨（買い目+2点）', 'tenji_trigger': '展示確認: ヒモ分散レース。1号艇伸び確認後、広めのヒモ流しを採用。穴ヒモ（5・6号艇）を積極的に含める。'}",,,27,逃げ狙い,12.42,30.1,4,,,,,,,,,,,
2026-01-08,丸亀,9,3,白井友晴,B1,31.71,3,▲,12.428,35.3,71,51.6,0.18,3.7016,,,0,低,164,0,-,,0,31,1.1038,0,0,0.0435,0,0.087,0.1091,0.3491,0.0545,,,B,◎,,0.2623,0.671,,0.3901,A,69,0,◎-○軸 3着3〜4艇流し（10〜15点）,0.5777,"{'is_target': True, 'verdict': '参加推奨', 'max_combo_prob': 0.0631, 'est_top_odds': 21.1, 'circle_concentration': 66.3, 'eligible_count': 8, 'bet_adj': 2, 'reason': 'rel_win1=64.1%（本命度） / 最有力組み合わせ確率: 0.063（推定実オッズ?21倍） / 2着集中度: 上位2艇 66.3%（補正+0.00） / 総合判定確率: 0.063 / → ヒモ分散。1号艇1着固定で広めのヒモ流し推奨（買い目+2点）', 'tenji_trigger': '展示確認: ヒモ分散レース。1号艇伸び確認後、広めのヒモ流しを採用。穴ヒモ（5・6号艇）を積極的に含める。'}",,,27,逃げ狙い,12.42,30.1,4,,,,,,,,,,,
2026-01-08,丸亀,9,4,金田大輔,B1,21.05,4,△,9.7166,11,75,36.2,0.1591,2.7672,,,0,低,99,0,-,,0,88.6,1.7296,0,0.04,0.12,0,0,0.2,0.1,0.1,,,D,△,◎,0.3721,0.587,0.2541,0.3901,A,69,0,◎-○軸 3着3〜4艇流し（10〜15点）,0.5777,"{'is_target': True, 'verdict': '参加推奨', 'max_combo_prob': 0.0631, 'est_top_odds': 21.1, 'circle_concentration': 66.3, 'eligible_count': 8, 'bet_adj': 2, 'reason': 'rel_win1=64.1%（本命度） / 最有力組み合わせ確率: 0.063（推定実オッズ?21倍） / 2着集中度: 上位2艇 66.3%（補正+0.00） / 総合判定確率: 0.063 / → ヒモ分散。1号艇1着固定で広めのヒモ流し推奨（買い目+2点）', 'tenji_trigger': '展示確認: ヒモ分散レース。1号艇伸び確認後、広めのヒモ流しを採用。穴ヒモ（5・6号艇）を積極的に含める。'}",,,27,逃げ狙い,12.42,30.1,4,,,,,,,,,,,
2026-01-08,丸亀,9,5,西村　歩,A2,37.80,5,○,4.8083,19.5,84,38.7,0.1371,2.7903,,,0,低,61,0,-,,0,43.4,1.0817,,,,,,0.1607,0.1,0,,◎,A,,,0.4325,0.5625,,0.3901,A,69,0,◎-○軸 3着3〜4艇流し（10〜15点）,0.5777,"{'is_target': True, 'verdict': '参加推奨', 'max_combo_prob': 0.0631, 'est_top_odds': 21.1, 'circle_concentration': 66.3, 'eligible_count': 8, 'bet_adj': 2, 'reason': 'rel_win1=64.1%（本命度） / 最有力組み合わせ確率: 0.063（推定実オッズ?21倍） / 2着集中度: 上位2艇 66.3%（補正+0.00） / 総合判定確率: 0.063 / → ヒモ分散。1号艇1着固定で広めのヒモ流し推奨（買い目+2点）', 'tenji_trigger': '展示確認: ヒモ分散レース。1号艇伸び確認後、広めのヒモ流しを採用。穴ヒモ（5・6号艇）を積極的に含める。'}",,,27,逃げ狙い,12.42,30.1,4,,,,,,,,,,,
2026-01-08,丸亀,9,6,川上　剛,A2,27.17,6,,1.2837,3.2,100,34.4,0.1881,4.0156,,,0,低,143,0,-,,0,36.5,1.0517,,,,,,0,0.2346,0.0211,,,C,○,,0.2696,0.632,,0.3901,A,69,0,◎-○軸 3着3〜4艇流し（10〜15点）,0.5777,"{'is_target': True, 'verdict': '参加推奨', 'max_combo_prob': 0.0631, 'est_top_odds': 21.1, 'circle_concentration': 66.3, 'eligible_count': 8, 'bet_adj': 2, 'reason': 'rel_win1=64.1%（本命度） / 最有力組み合わせ確率: 0.063（推定実オッズ?21倍） / 2着集中度: 上位2艇 66.3%（補正+0.00） / 総合判定確率: 0.063 / → ヒモ分散。1号艇1着固定で広めのヒモ流し推奨（買い目+2点）', 'tenji_trigger': '展示確認: ヒモ分散レース。1号艇伸び確認後、広めのヒモ流しを採用。穴ヒモ（5・6号艇）を積極的に含める。'}",,,27,逃げ狙い,12.42,30.1,4,,,,,,,,,,,
2026-01-08,丸亀,10,1,平高奈菜,A2,22.08,1,◎,56.3152,,0,94.3,0.1354,2.7286,,,0,低,46,0,逃1%,,0,63.2,1.0088,0.6,,,,,0.2,0,0.1333,◎,,D,,,,0.6215,,0.6032,S,84,0,◎1着固定 2-3着流し（5〜8点）,0.5777,"{'is_target': True, 'verdict': '点数絞り', 'max_combo_prob': 0.1015, 'est_top_odds': 13.1, 'circle_concentration': 80.0, 'eligible_count': 6, 'bet_adj': 0, 'reason': 'rel_win1=56.3%（本命度） / 最有力組み合わせ確率: 0.101（推定実オッズ?13倍） / 2着集中度: 上位2艇 80.0%（補正+0.04） / 総合判定確率: 0.141 / → ヒモはやや固め。上位2艇以外を切ること', 'tenji_trigger': '展示確認: 1号艇伸び良→そのまま採用。悪→飛び組に差し替え。circle_pct上位2艇に絞り込むこと。\n展示で1号艇スタート超安定(0.135秒)→ヒモ固まり方向に注意'}",,,28.8,逃げ狙い,20.17,28.5,3,,,,,0,0,0.7559,0,,逃げ軸流し,A
2026-01-08,丸亀,10,2,宇野博之,B1,21.92,2,,8.4028,40.6,46,53.9,0.1432,2.9803,,,0,低,135,0,差0% 抜0%,,0,100,0.8845,0,0.1481,0,0,0.037,0.2398,0.297,0.1307,,,E,,,0.2561,0.606,,0.6032,S,84,0,◎1着固定 2-3着流し（5〜8点）,0.5777,"{'is_target': True, 'verdict': '点数絞り', 'max_combo_prob': 0.1015, 'est_top_odds': 13.1, 'circle_concentration': 80.0, 'eligible_count': 6, 'bet_adj': 0, 'reason': 'rel_win1=56.3%（本命度） / 最有力組み合わせ確率: 0.101（推定実オッズ?13倍） / 2着集中度: 上位2艇 80.0%（補正+0.04） / 総合判定確率: 0.141 / → ヒモはやや固め。上位2艇以外を切ること', 'tenji_trigger': '展示確認: 1号艇伸び良→そのまま採用。悪→飛び組に差し替え。circle_pct上位2艇に絞り込むこと。\n展示で1号艇スタート超安定(0.135秒)→ヒモ固まり方向に注意'}",,,28.8,逃げ狙い,20.17,28.5,3,,,,,,,,,,,
2026-01-08,丸亀,10,3,竹田辰也,A1,30.61,3,○,18.5396,39.5,59,82.6,0.1393,2.8587,,,0,低,94,0,-,,0,52.2,1.3,0,0.0385,0.1154,0.1154,0.1538,0.019,0.0476,0.2071,,,C,△,,0.2903,0.6225,,0.6032,S,84,0,◎1着固定 2-3着流し（5〜8点）,0.5777,"{'is_target': True, 'verdict': '点数絞り', 'max_combo_prob': 0.1015, 'est_top_odds': 13.1, 'circle_concentration': 80.0, 'eligible_count': 6, 'bet_adj': 0, 'reason': 'rel_win1=56.3%（本命度） / 最有力組み合わせ確率: 0.101（推定実オッズ?13倍） / 2着集中度: 上位2艇 80.0%（補正+0.04） / 総合判定確率: 0.141 / → ヒモはやや固め。上位2艇以外を切ること', 'tenji_trigger': '展示確認: 1号艇伸び良→そのまま採用。悪→飛び組に差し替え。circle_pct上位2艇に絞り込むこと。\n展示で1号艇スタート超安定(0.135秒)→ヒモ固まり方向に注意'}",,,28.8,逃げ狙い,20.17,28.5,3,,,,,,,,,,,
2026-01-08,丸亀,10,4,大野芳顕,A2,35.44,4,▲,10.2186,15.4,100,65.2,0.1541,3.0797,,,0,低,139,0,-,,0,58.8,1.2855,0,0,0.0556,0.0833,0.0278,0.09,0.11,0.14,,,B,○,◎,0.2233,0.6345,0.3779,0.6032,S,84,0,◎1着固定 2-3着流し（5〜8点）,0.5777,"{'is_target': True, 'verdict': '点数絞り', 'max_combo_prob': 0.1015, 'est_top_odds': 13.1, 'circle_concentration': 80.0, 'eligible_count': 6, 'bet_adj': 0, 'reason': 'rel_win1=56.3%（本命度） / 最有力組み合わせ確率: 0.101（推定実オッズ?13倍） / 2着集中度: 上位2艇 80.0%（補正+0.04） / 総合判定確率: 0.141 / → ヒモはやや固め。上位2艇以外を切ること', 'tenji_trigger': '展示確認: 1号艇伸び良→そのまま採用。悪→飛び組に差し替え。circle_pct上位2艇に絞り込むこと。\n展示で1号艇スタート超安定(0.135秒)→ヒモ固まり方向に注意'}",,,28.8,逃げ狙い,20.17,28.5,3,,,,,,,,,,,
2026-01-08,丸亀,10,5,抹香雄三,B1,36.59,5,△,5.0656,3,38,34.3,0.1567,3.2571,,,0,低,100,0,-,,0,32.7,2.2071,0,0,0,0.0357,0,0.12,0.24,0.16,,,B,◎,,0.2129,0.6655,,0.6032,S,84,0,◎1着固定 2-3着流し（5〜8点）,0.5777,"{'is_target': True, 'verdict': '点数絞り', 'max_combo_prob': 0.1015, 'est_top_odds': 13.1, 'circle_concentration': 80.0, 'eligible_count': 6, 'bet_adj': 0, 'reason': 'rel_win1=56.3%（本命度） / 最有力組み合わせ確率: 0.101（推定実オッズ?13倍） / 2着集中度: 上位2艇 80.0%（補正+0.04） / 総合判定確率: 0.141 / → ヒモはやや固め。上位2艇以外を切ること', 'tenji_trigger': '展示確認: 1号艇伸び良→そのまま採用。悪→飛び組に差し替え。circle_pct上位2艇に絞り込むこと。\n展示で1号艇スタート超安定(0.135秒)→ヒモ固まり方向に注意'}",,,28.8,逃げ狙い,20.17,28.5,3,,,,,,,,,,,
2026-01-08,丸亀,10,6,佐藤　旭,B1,29.67,6,,1.4581,1.6,35,23.2,0.185,4.5179,,,0,低,162,0,-,,0,27.7,0.745,,,,,,0.0706,0.2441,0.0706,,,C,△,,0.1561,0.628,,0.6032,S,84,0,◎1着固定 2-3着流し（5〜8点）,0.5777,"{'is_target': True, 'verdict': '点数絞り', 'max_combo_prob': 0.1015, 'est_top_odds': 13.1, 'circle_concentration': 80.0, 'eligible_count': 6, 'bet_adj': 0, 'reason': 'rel_win1=56.3%（本命度） / 最有力組み合わせ確率: 0.101（推定実オッズ?13倍） / 2着集中度: 上位2艇 80.0%（補正+0.04） / 総合判定確率: 0.141 / → ヒモはやや固め。上位2艇以外を切ること', 'tenji_trigger': '展示確認: 1号艇伸び良→そのまま採用。悪→飛び組に差し替え。circle_pct上位2艇に絞り込むこと。\n展示で1号艇スタート超安定(0.135秒)→ヒモ固まり方向に注意'}",,,28.8,逃げ狙い,20.17,28.5,3,,,,,,,,,,,
2026-01-08,丸亀,11,1,古賀繁輝,A1,17.11,1,◎,54.9171,,0,94.8,0.1486,2.5776,,,0,低,54,0,逃0% 抜0%,,0,91.2,1.2103,0.7308,,,,,0,0.0308,0.0308,◎,,E,◎,,,0.664,,0.5922,S,94,0,◎1着固定 2-3着流し（5〜8点）,0.5777,"{'is_target': True, 'verdict': '参加推奨', 'max_combo_prob': 0.0754, 'est_top_odds': 17.7, 'circle_concentration': 70.8, 'eligible_count': 6, 'bet_adj': 2, 'reason': 'rel_win1=54.9%（本命度） / 最有力組み合わせ確率: 0.075（推定実オッズ?18倍） / 2着集中度: 上位2艇 70.8%（補正+0.04） / 総合判定確率: 0.115 / → ヒモ分散。1号艇1着固定で広めのヒモ流し推奨（買い目+2点）', 'tenji_trigger': '展示確認: ヒモ分散レース。1号艇伸び確認後、広めのヒモ流しを採用。穴ヒモ（5・6号艇）を積極的に含める。'}",,,27.1,逃げ狙い,22.11,21.9,3,,,,,0,0,0.7559,0,,逃げ軸流し,A
2026-01-08,丸亀,11,2,水谷理人,A2,20.63,2,,11.6382,40.5,37,55.6,0.1592,3.4167,,,0,低,64,0,ま0%,,0,65.2,0.8917,0,0.1,0.05,0,0,0.0533,0.28,0.0267,,,D,,,0.2145,0.569,,0.5922,S,94,0,◎1着固定 2-3着流し（5〜8点）,0.5777,"{'is_target': True, 'verdict': '参加推奨', 'max_combo_prob': 0.0754, 'est_top_odds': 17.7, 'circle_concentration': 70.8, 'eligible_count': 6, 'bet_adj': 2, 'reason': 'rel_win1=54.9%（本命度） / 最有力組み合わせ確率: 0.075（推定実オッズ?18倍） / 2着集中度: 上位2艇 70.8%（補正+0.04） / 総合判定確率: 0.115 / → ヒモ分散。1号艇1着固定で広めのヒモ流し推奨（買い目+2点）', 'tenji_trigger': '展示確認: ヒモ分散レース。1号艇伸び確認後、広めのヒモ流しを採用。穴ヒモ（5・6号艇）を積極的に含める。'}",,,27.1,逃げ狙い,22.11,21.9,3,,,,,,,,,,,
2026-01-08,丸亀,11,3,河野　大,A2,39.76,3,○,16.3121,30.3,73,75,0.1427,2.95,,,0,低,88,0,ま1% 差ま0%,,0,24.8,0.7963,0,0.0333,0.2,0.1333,0,0.1143,0.0381,0.0286,,◎,A,△,,0.3601,0.6455,,0.5922,S,94,0,◎1着固定 2-3着流し（5〜8点）,0.5777,"{'is_target': True, 'verdict': '参加推奨', 'max_combo_prob': 0.0754, 'est_top_odds': 17.7, 'circle_concentration': 70.8, 'eligible_count': 6, 'bet_adj': 2, 'reason': 'rel_win1=54.9%（本命度） / 最有力組み合わせ確率: 0.075（推定実オッズ?18倍） / 2着集中度: 上位2艇 70.8%（補正+0.04） / 総合判定確率: 0.115 / → ヒモ分散。1号艇1着固定で広めのヒモ流し推奨（買い目+2点）', 'tenji_trigger': '展示確認: ヒモ分散レース。1号艇伸び確認後、広めのヒモ流しを採用。穴ヒモ（5・6号艇）を積極的に含める。'}",,,27.1,逃げ狙い,22.11,21.9,3,,,,,,,,,,,
2026-01-08,丸亀,11,4,出畑孝典,A2,37.65,4,△,9.0896,10.9,100,65.1,0.153,3.4524,,,0,低,124,0,-,,0,41.7,0.9455,0,0,0.0417,0.0417,0,0.4352,0.1165,0.1319,,,B,△,○,0.2663,0.629,0.3635,0.5922,S,94,0,◎1着固定 2-3着流し（5〜8点）,0.5777,"{'is_target': True, 'verdict': '参加推奨', 'max_combo_prob': 0.0754, 'est_top_odds': 17.7, 'circle_concentration': 70.8, 'eligible_count': 6, 'bet_adj': 2, 'reason': 'rel_win1=54.9%（本命度） / 最有力組み合わせ確率: 0.075（推定実オッズ?18倍） / 2着集中度: 上位2艇 70.8%（補正+0.04） / 総合判定確率: 0.115 / → ヒモ分散。1号艇1着固定で広めのヒモ流し推奨（買い目+2点）', 'tenji_trigger': '展示確認: ヒモ分散レース。1号艇伸び確認後、広めのヒモ流しを採用。穴ヒモ（5・6号艇）を積極的に含める。'}",,,27.1,逃げ狙い,22.11,21.9,3,,,,,,,,,,,
2026-01-08,丸亀,11,5,山田雄太,B1,36.67,5,▲,7.1261,14.1,61,50,0.1306,2.77,,,0,低,64,0,差ま0% 抜0%,,0,78.8,1.4714,0,0,0,0.0909,0.0909,0.016,0.2,0.048,,,C,○,◎,0.353,0.6615,0.4455,0.5922,S,94,0,◎1着固定 2-3着流し（5〜8点）,0.5777,"{'is_target': True, 'verdict': '参加推奨', 'max_combo_prob': 0.0754, 'est_top_odds': 17.7, 'circle_concentration': 70.8, 'eligible_count': 6, 'bet_adj': 2, 'reason': 'rel_win1=54.9%（本命度） / 最有力組み合わせ確率: 0.075（推定実オッズ?18倍） / 2着集中度: 上位2艇 70.8%（補正+0.04） / 総合判定確率: 0.115 / → ヒモ分散。1号艇1着固定で広めのヒモ流し推奨（買い目+2点）', 'tenji_trigger': '展示確認: ヒモ分散レース。1号艇伸び確認後、広めのヒモ流しを採用。穴ヒモ（5・6号艇）を積極的に含める。'}",,,27.1,逃げ狙い,22.11,21.9,3,,,,,,,,,,,
2026-01-08,丸亀,11,6,天野晶夫,B1,30.23,6,,0.9169,4.2,61,37.8,0.2129,4.9556,,,0,低,109,0,-,,0,34.9,1.5139,,,,,,0.448,0.112,0.048,,,C,,,0.1372,0.615,,0.5922,S,94,0,◎1着固定 2-3着流し（5〜8点）,0.5777,"{'is_target': True, 'verdict': '参加推奨', 'max_combo_prob': 0.0754, 'est_top_odds': 17.7, 'circle_concentration': 70.8, 'eligible_count': 6, 'bet_adj': 2, 'reason': 'rel_win1=54.9%（本命度） / 最有力組み合わせ確率: 0.075（推定実オッズ?18倍） / 2着集中度: 上位2艇 70.8%（補正+0.04） / 総合判定確率: 0.115 / → ヒモ分散。1号艇1着固定で広めのヒモ流し推奨（買い目+2点）', 'tenji_trigger': '展示確認: ヒモ分散レース。1号艇伸び確認後、広めのヒモ流しを採用。穴ヒモ（5・6号艇）を積極的に含める。'}",,,27.1,逃げ狙い,22.11,21.9,3,,,,,,,,,,,
2026-01-08,丸亀,12,1,上野真之,A1,27.03,1,◎,59.828,,0,100,0.1154,2.1875,,,0,低,15,0,逃1%,,0,85.5,1.0701,0.8667,,,,,0,0,0.1333,◎,,D,◎,,,0.812,,0.7321,S,100,0,◎1着固定 2-3着流し（5〜8点）,0.5777,"{'is_target': True, 'verdict': '参加推奨', 'max_combo_prob': 0.0666, 'est_top_odds': 20.0, 'circle_concentration': 58.1, 'eligible_count': 6, 'bet_adj': 2, 'reason': 'rel_win1=59.8%（本命度） / 最有力組み合わせ確率: 0.067（推定実オッズ?20倍） / 2着集中度: 上位2艇 58.1%（補正+0.00） / 総合判定確率: 0.067 / → ヒモ分散。1号艇1着固定で広めのヒモ流し推奨（買い目+2点）', 'tenji_trigger': '展示確認: ヒモ分散レース。1号艇伸び確認後、広めのヒモ流しを採用。穴ヒモ（5・6号艇）を積極的に含める。\n展示で1号艇スタート超安定(0.115秒)→ヒモ固まり方向に注意'}",,,27.4,逃げ狙い,23.93,21.2,3,,,,,0,0,0.7559,0,,逃げ軸流し,A
2026-01-08,丸亀,12,2,中村泰平,A1,21.79,2,,10.3613,35.2,79,72.2,0.1586,3.1806,,,0,低,80,0,ま0%,,0,50.6,1.1391,0,0,0.125,0,0,0.1864,0.0182,0.0364,,,E,,,0.0681,0.6085,,0.7321,S,100,0,◎1着固定 2-3着流し（5〜8点）,0.5777,"{'is_target': True, 'verdict': '参加推奨', 'max_combo_prob': 0.0666, 'est_top_odds': 20.0, 'circle_concentration': 58.1, 'eligible_count': 6, 'bet_adj': 2, 'reason': 'rel_win1=59.8%（本命度） / 最有力組み合わせ確率: 0.067（推定実オッズ?20倍） / 2着集中度: 上位2艇 58.1%（補正+0.00） / 総合判定確率: 0.067 / → ヒモ分散。1号艇1着固定で広めのヒモ流し推奨（買い目+2点）', 'tenji_trigger': '展示確認: ヒモ分散レース。1号艇伸び確認後、広めのヒモ流しを採用。穴ヒモ（5・6号艇）を積極的に含める。\n展示で1号艇スタート超安定(0.115秒)→ヒモ固まり方向に注意'}",,,27.4,逃げ狙い,23.93,21.2,3,,,,,,,,,,,
2026-01-08,丸亀,12,3,寺田千恵,A1,32.53,3,△,14.4915,22,100,83.9,0.1626,3.1613,,,0,低,54,0,ま0%,,0,81.3,1.5502,0,0,0.3,0,0,0.1818,0.0909,0.0909,,,C,,,0.1776,0.6385,,0.7321,S,100,0,◎1着固定 2-3着流し（5〜8点）,0.5777,"{'is_target': True, 'verdict': '参加推奨', 'max_combo_prob': 0.0666, 'est_top_odds': 20.0, 'circle_concentration': 58.1, 'eligible_count': 6, 'bet_adj': 2, 'reason': 'rel_win1=59.8%（本命度） / 最有力組み合わせ確率: 0.067（推定実オッズ?20倍） / 2着集中度: 上位2艇 58.1%（補正+0.00） / 総合判定確率: 0.067 / → ヒモ分散。1号艇1着固定で広めのヒモ流し推奨（買い目+2点）', 'tenji_trigger': '展示確認: ヒモ分散レース。1号艇伸び確認後、広めのヒモ流しを採用。穴ヒモ（5・6号艇）を積極的に含める。\n展示で1号艇スタート超安定(0.115秒)→ヒモ固まり方向に注意'}",,,27.4,逃げ狙い,23.93,21.2,3,,,,,,,,,,,
2026-01-08,丸亀,12,4,浜先真範,A1,32.93,4,▲,9.069,23,85,73.3,0.1378,2.6889,,,0,低,66,0,-,,0,44.1,0.9211,0,0,0,0.0909,0.0455,0.01,0.02,0.02,,,B,△,◎,0.2014,0.647,0.4283,0.7321,S,100,0,◎1着固定 2-3着流し（5〜8点）,0.5777,"{'is_target': True, 'verdict': '参加推奨', 'max_combo_prob': 0.0666, 'est_top_odds': 20.0, 'circle_concentration': 58.1, 'eligible_count': 6, 'bet_adj': 2, 'reason': 'rel_win1=59.8%（本命度） / 最有力組み合わせ確率: 0.067（推定実オッズ?20倍） / 2着集中度: 上位2艇 58.1%（補正+0.00） / 総合判定確率: 0.067 / → ヒモ分散。1号艇1着固定で広めのヒモ流し推奨（買い目+2点）', 'tenji_trigger': '展示確認: ヒモ分散レース。1号艇伸び確認後、広めのヒモ流しを採用。穴ヒモ（5・6号艇）を積極的に含める。\n展示で1号艇スタート超安定(0.115秒)→ヒモ固まり方向に注意'}",,,27.4,逃げ狙い,23.93,21.2,3,,,,,,,,,,,
2026-01-08,丸亀,12,5,里岡右貴,A1,41.67,5,○,5.3902,19,85,64.8,0.1331,3.0556,,,0,低,75,0,-,,0,42.3,1.0131,0,0,0,0,0,0.115,0.139,0.024,,,A,△,,0.2557,0.641,,0.7321,S,100,0,◎1着固定 2-3着流し（5〜8点）,0.5777,"{'is_target': True, 'verdict': '参加推奨', 'max_combo_prob': 0.0666, 'est_top_odds': 20.0, 'circle_concentration': 58.1, 'eligible_count': 6, 'bet_adj': 2, 'reason': 'rel_win1=59.8%（本命度） / 最有力組み合わせ確率: 0.067（推定実オッズ?20倍） / 2着集中度: 上位2艇 58.1%（補正+0.00） / 総合判定確率: 0.067 / → ヒモ分散。1号艇1着固定で広めのヒモ流し推奨（買い目+2点）', 'tenji_trigger': '展示確認: ヒモ分散レース。1号艇伸び確認後、広めのヒモ流しを採用。穴ヒモ（5・6号艇）を積極的に含める。\n展示で1号艇スタート超安定(0.115秒)→ヒモ固まり方向に注意'}",,,27.4,逃げ狙い,23.93,21.2,3,,,,,,,,,,,
2026-01-08,丸亀,12,6,長岡良也,A1,23.46,6,,0.86,0.9,46,25,0.1942,4.1806,,,0,低,104,0,-,,0,30.9,1.1044,,,,,,0.1417,0.0972,0.1194,,,D,○,,0.135,0.6505,,0.7321,S,100,0,◎1着固定 2-3着流し（5〜8点）,0.5777,"{'is_target': True, 'verdict': '参加推奨', 'max_combo_prob': 0.0666, 'est_top_odds': 20.0, 'circle_concentration': 58.1, 'eligible_count': 6, 'bet_adj': 2, 'reason': 'rel_win1=59.8%（本命度） / 最有力組み合わせ確率: 0.067（推定実オッズ?20倍） / 2着集中度: 上位2艇 58.1%（補正+0.00） / 総合判定確率: 0.067 / → ヒモ分散。1号艇1着固定で広めのヒモ流し推奨（買い目+2点）', 'tenji_trigger': '展示確認: ヒモ分散レース。1号艇伸び確認後、広めのヒモ流しを採用。穴ヒモ（5・6号艇）を積極的に含める。\n展示で1号艇スタート超安定(0.115秒)→ヒモ固まり方向に注意'}",,,27.4,逃げ狙い,23.93,21.2,3,,,,,,,,,,,
2026-01-09,丸亀,1,1,嶋田貴支,B1,23.81,1,◎,61.3973,,0,82.2,0.1524,3.2,,,0,低,134,0,逃1%,3,0,82.5,1.051,0.6087,,,,,0.0174,0.0522,0.1174,◎,,D,△,,,0.6045,,0.4959,A,71,0,◎-○軸 3着3〜4艇流し（10〜15点）,0.5777,"{'is_target': True, 'verdict': '参加推奨', 'max_combo_prob': 0.0707, 'est_top_odds': 18.9, 'circle_concentration': 66.5, 'eligible_count': 8, 'bet_adj': 2, 'reason': 'rel_win1=61.4%（本命度） / 最有力組み合わせ確率: 0.071（推定実オッズ?19倍） / 2着集中度: 上位2艇 66.5%（補正+0.00） / 総合判定確率: 0.071 / → ヒモ分散。1号艇1着固定で広めのヒモ流し推奨（買い目+2点）', 'tenji_trigger': '展示確認: ヒモ分散レース。1号艇伸び確認後、広めのヒモ流しを採用。穴ヒモ（5・6号艇）を積極的に含める。'}",,,25.6,逃げ狙い,12.57,25.8,3,,,,,0,0,0.7559,0,,逃げ軸流し,A
2026-01-09,丸亀,1,2,福田　理,B1,25.00,2,△,11.6341,32.6,73,36.5,0.169,3.5635,,,0,低,126,0,-,3,0,86.1,1.514,0,0.0625,0.0625,0,0,0.1446,0.4967,0.1446,,,D,△,,0.1479,0.594,,0.4959,A,71,0,◎-○軸 3着3〜4艇流し（10〜15点）,0.5777,"{'is_target': True, 'verdict': '参加推奨', 'max_combo_prob': 0.0707, 'est_top_odds': 18.9, 'circle_concentration': 66.5, 'eligible_count': 8, 'bet_adj': 2, 'reason': 'rel_win1=61.4%（本命度） / 最有力組み合わせ確率: 0.071（推定実オッズ?19倍） / 2着集中度: 上位2艇 66.5%（補正+0.00） / 総合判定確率: 0.071 / → ヒモ分散。1号艇1着固定で広めのヒモ流し推奨（買い目+2点）', 'tenji_trigger': '展示確認: ヒモ分散レース。1号艇伸び確認後、広めのヒモ流しを採用。穴ヒモ（5・6号艇）を積極的に含める。'}",,,25.6,逃げ狙い,12.57,25.8,3,,,,,,,,,,,
2026-01-09,丸亀,1,3,宇野博之,B1,21.92,3,,12.5626,34,96,48,0.1617,3.0867,,,0,低,135,0,ま0%,52,0,50.7,1.0167,0,0,0.04,0,0,0.2398,0.297,0.1307,,,E,○,,0.2366,0.606,,0.4959,A,71,0,◎-○軸 3着3〜4艇流し（10〜15点）,0.5777,"{'is_target': True, 'verdict': '参加推奨', 'max_combo_prob': 0.0707, 'est_top_odds': 18.9, 'circle_concentration': 66.5, 'eligible_count': 8, 'bet_adj': 2, 'reason': 'rel_win1=61.4%（本命度） / 最有力組み合わせ確率: 0.071（推定実オッズ?19倍） / 2着集中度: 上位2艇 66.5%（補正+0.00） / 総合判定確率: 0.071 / → ヒモ分散。1号艇1着固定で広めのヒモ流し推奨（買い目+2点）', 'tenji_trigger': '展示確認: ヒモ分散レース。1号艇伸び確認後、広めのヒモ流しを採用。穴ヒモ（5・6号艇）を積極的に含める。'}",,,25.6,逃げ狙い,12.57,25.8,3,,,,,,,,,,,
2026-01-09,丸亀,1,4,木村紗友,B1,29.49,4,○,5.5143,13.8,100,25.8,0.1735,3.1129,,,0,低,68,0,-,5,0,30.8,0.5926,,,,,,0.0909,0.1818,0.0909,,,B,,,0.2316,0.5685,,0.4959,A,71,0,◎-○軸 3着3〜4艇流し（10〜15点）,0.5777,"{'is_target': True, 'verdict': '参加推奨', 'max_combo_prob': 0.0707, 'est_top_odds': 18.9, 'circle_concentration': 66.5, 'eligible_count': 8, 'bet_adj': 2, 'reason': 'rel_win1=61.4%（本命度） / 最有力組み合わせ確率: 0.071（推定実オッズ?19倍） / 2着集中度: 上位2艇 66.5%（補正+0.00） / 総合判定確率: 0.071 / → ヒモ分散。1号艇1着固定で広めのヒモ流し推奨（買い目+2点）', 'tenji_trigger': '展示確認: ヒモ分散レース。1号艇伸び確認後、広めのヒモ流しを採用。穴ヒモ（5・6号艇）を積極的に含める。'}",,,25.6,逃げ狙い,12.57,25.8,3,,,,,,,,,,,
2026-01-09,丸亀,1,5,小川晃司,B1,28.74,5,,7.5401,17.4,84,,,,,,0,低,77,1,-,3,0,,,,,,,,,,,,,C,◎,◎,0.31,0.63,0.15,0.4959,A,71,0,◎-○軸 3着3〜4艇流し（10〜15点）,0.5777,"{'is_target': True, 'verdict': '参加推奨', 'max_combo_prob': 0.0707, 'est_top_odds': 18.9, 'circle_concentration': 66.5, 'eligible_count': 8, 'bet_adj': 2, 'reason': 'rel_win1=61.4%（本命度） / 最有力組み合わせ確率: 0.071（推定実オッズ?19倍） / 2着集中度: 上位2艇 66.5%（補正+0.00） / 総合判定確率: 0.071 / → ヒモ分散。1号艇1着固定で広めのヒモ流し推奨（買い目+2点）', 'tenji_trigger': '展示確認: ヒモ分散レース。1号艇伸び確認後、広めのヒモ流しを採用。穴ヒモ（5・6号艇）を積極的に含める。'}",,,25.6,逃げ狙い,12.57,25.8,3,,,,,,,,,,,
2026-01-09,丸亀,1,6,丸山祐也,B1,34.94,6,▲,1.3515,2.3,38,0,0.2552,5.5345,,,0,低,130,0,-,5,0,14.6,0.8089,,,,,,0.125,0.25,0.25,,,B,,,0.135,0.558,,0.4959,A,71,0,◎-○軸 3着3〜4艇流し（10〜15点）,0.5777,"{'is_target': True, 'verdict': '参加推奨', 'max_combo_prob': 0.0707, 'est_top_odds': 18.9, 'circle_concentration': 66.5, 'eligible_count': 8, 'bet_adj': 2, 'reason': 'rel_win1=61.4%（本命度） / 最有力組み合わせ確率: 0.071（推定実オッズ?19倍） / 2着集中度: 上位2艇 66.5%（補正+0.00） / 総合判定確率: 0.071 / → ヒモ分散。1号艇1着固定で広めのヒモ流し推奨（買い目+2点）', 'tenji_trigger': '展示確認: ヒモ分散レース。1号艇伸び確認後、広めのヒモ流しを採用。穴ヒモ（5・6号艇）を積極的に含める。'}",,,25.6,逃げ狙い,12.57,25.8,3,,,,,,,,,,,
2026-01-09,丸亀,2,1,角浜　修,B1,39.24,1,◎,46.7649,,0,72.9,0.1492,3.0208,,,0,低,134,0,-,5,0,90.2,1.1856,0.4167,,,,,0.0833,0.15,0.15,○,,A,△,,,0.6255,,0.4404,B,59,0,◎○△フォーメーション（15〜20点）,0.5777,"{'is_target': True, 'verdict': '参加推奨', 'max_combo_prob': 0.0609, 'est_top_odds': 21.9, 'circle_concentration': 61.2, 'eligible_count': 9, 'bet_adj': 2, 'reason': 'rel_win1=46.8%（本命度） / 最有力組み合わせ確率: 0.061（推定実オッズ?22倍） / 2着集中度: 上位2艇 61.2%（補正+0.00） / 総合判定確率: 0.061 / → ヒモ分散。1号艇1着固定で広めのヒモ流し推奨（買い目+2点）', 'tenji_trigger': '展示確認: ヒモ分散レース。1号艇伸び確認後、広めのヒモ流しを採用。穴ヒモ（5・6号艇）を積極的に含める。'}",,,29.1,両建て推奨,20.41,29.2,5,,,,,0,0,0.6155,0,,逃げ軸流し,A
2026-01-09,丸亀,2,2,笠　雅雄,B1,20.59,2,,9.5649,19.1,71,36.2,0.1862,3.9149,,,0,低,120,0,-,4,0,51.8,1.1276,0,0.0417,0.0417,0,0,0.275,0.25,0.025,,,E,,,0.0709,0.551,,0.4404,B,59,0,◎○△フォーメーション（15〜20点）,0.5777,"{'is_target': True, 'verdict': '参加推奨', 'max_combo_prob': 0.0609, 'est_top_odds': 21.9, 'circle_concentration': 61.2, 'eligible_count': 9, 'bet_adj': 2, 'reason': 'rel_win1=46.8%（本命度） / 最有力組み合わせ確率: 0.061（推定実オッズ?22倍） / 2着集中度: 上位2艇 61.2%（補正+0.00） / 総合判定確率: 0.061 / → ヒモ分散。1号艇1着固定で広めのヒモ流し推奨（買い目+2点）', 'tenji_trigger': '展示確認: ヒモ分散レース。1号艇伸び確認後、広めのヒモ流しを採用。穴ヒモ（5・6号艇）を積極的に含める。'}",,,29.1,両建て推奨,20.41,29.2,5,,,,,,,,,,,
2026-01-09,丸亀,2,3,大森　翼,B1,28.92,3,,8.0124,20.2,91,30,0.1812,4.1625,,,0,低,127,0,差0%,45,0,18.8,0.6373,0,0.0526,0,0,0,0.025,0.35,0.3,,,C,,,0.1443,0.58,,0.4404,B,59,0,◎○△フォーメーション（15〜20点）,0.5777,"{'is_target': True, 'verdict': '参加推奨', 'max_combo_prob': 0.0609, 'est_top_odds': 21.9, 'circle_concentration': 61.2, 'eligible_count': 9, 'bet_adj': 2, 'reason': 'rel_win1=46.8%（本命度） / 最有力組み合わせ確率: 0.061（推定実オッズ?22倍） / 2着集中度: 上位2艇 61.2%（補正+0.00） / 総合判定確率: 0.061 / → ヒモ分散。1号艇1着固定で広めのヒモ流し推奨（買い目+2点）', 'tenji_trigger': '展示確認: ヒモ分散レース。1号艇伸び確認後、広めのヒモ流しを採用。穴ヒモ（5・6号艇）を積極的に含める。'}",,,29.1,両建て推奨,20.41,29.2,5,,,,,,,,,,,
2026-01-09,丸亀,2,4,山田雄太,B1,36.67,4,○,17.1646,40.9,100,67.3,0.141,3.0288,,,0,低,64,0,差0% ま0% 抜0%,34,0,90.2,1.6198,0,0.0909,0.1364,0,0.0455,0.016,0.2,0.048,,,B,◎,○,0.3696,0.6615,0.3971,0.4404,B,59,0,◎○△フォーメーション（15〜20点）,0.5777,"{'is_target': True, 'verdict': '参加推奨', 'max_combo_prob': 0.0609, 'est_top_odds': 21.9, 'circle_concentration': 61.2, 'eligible_count': 9, 'bet_adj': 2, 'reason': 'rel_win1=46.8%（本命度） / 最有力組み合わせ確率: 0.061（推定実オッズ?22倍） / 2着集中度: 上位2艇 61.2%（補正+0.00） / 総合判定確率: 0.061 / → ヒモ分散。1号艇1着固定で広めのヒモ流し推奨（買い目+2点）', 'tenji_trigger': '展示確認: ヒモ分散レース。1号艇伸び確認後、広めのヒモ流しを採用。穴ヒモ（5・6号艇）を積極的に含める。'}",,,29.1,両建て推奨,20.41,29.2,5,,,,,,,,,,,
2026-01-09,丸亀,2,5,平高奈菜,A2,22.08,5,▲,15.5927,17.2,99,66.7,0.1447,2.9667,,,0,低,46,0,-,1,0,68.3,1.2586,0,0,0,0.1429,0,0.2,0,0.1333,,,D,△,◎,0.3423,0.6215,0.4033,0.4404,B,59,0,◎○△フォーメーション（15〜20点）,0.5777,"{'is_target': True, 'verdict': '参加推奨', 'max_combo_prob': 0.0609, 'est_top_odds': 21.9, 'circle_concentration': 61.2, 'eligible_count': 9, 'bet_adj': 2, 'reason': 'rel_win1=46.8%（本命度） / 最有力組み合わせ確率: 0.061（推定実オッズ?22倍） / 2着集中度: 上位2艇 61.2%（補正+0.00） / 総合判定確率: 0.061 / → ヒモ分散。1号艇1着固定で広めのヒモ流し推奨（買い目+2点）', 'tenji_trigger': '展示確認: ヒモ分散レース。1号艇伸び確認後、広めのヒモ流しを採用。穴ヒモ（5・6号艇）を積極的に含める。'}",,,29.1,両建て推奨,20.41,29.2,5,,,,,,,,,,,
2026-01-09,丸亀,2,6,鈴木智啓,A2,30.00,6,△,2.9005,2.5,50,20,0.1775,3.8231,,,0,低,123,0,-,4,0,29.8,0.6672,0,0,0,0.0303,0,0.1849,0.1741,0.0432,,,C,○,,0.2109,0.6485,,0.4404,B,59,0,◎○△フォーメーション（15〜20点）,0.5777,"{'is_target': True, 'verdict': '参加推奨', 'max_combo_prob': 0.0609, 'est_top_odds': 21.9, 'circle_concentration': 61.2, 'eligible_count': 9, 'bet_adj': 2, 'reason': 'rel_win1=46.8%（本命度） / 最有力組み合わせ確率: 0.061（推定実オッズ?22倍） / 2着集中度: 上位2艇 61.2%（補正+0.00） / 総合判定確率: 0.061 / → ヒモ分散。1号艇1着固定で広めのヒモ流し推奨（買い目+2点）', 'tenji_trigger': '展示確認: ヒモ分散レース。1号艇伸び確認後、広めのヒモ流しを採用。穴ヒモ（5・6号艇）を積極的に含める。'}",,,29.1,両建て推奨,20.41,29.2,5,,,,,,,,,,,
2026-01-09,丸亀,3,1,松瀬弘美,B1,29.55,1,◎,45.4096,,0,88.5,0.1731,3.5962,,,0,低,82,0,逃0%,4,0,66.6,1.089,0.2727,,,,,0.5818,0.2364,0.0364,○,,C,,,,0.5835,,0.3567,A,67,0,◎-○軸 3着3〜4艇流し（10〜15点）,0.5777,"{'is_target': True, 'verdict': '参加推奨', 'max_combo_prob': 0.0413, 'est_top_odds': 32.3, 'circle_concentration': 55.8, 'eligible_count': 8, 'bet_adj': 2, 'reason': 'rel_win1=45.4%（本命度） / 最有力組み合わせ確率: 0.041（推定実オッズ?32倍） / 2着集中度: 上位2艇 55.8%（補正+0.00） / 総合判定確率: 0.041 / → ヒモ分散。1号艇1着固定で広めのヒモ流し推奨（買い目+2点）', 'tenji_trigger': '展示確認: ヒモ分散レース。1号艇伸び確認後、広めのヒモ流しを採用。穴ヒモ（5・6号艇）を積極的に含める。'}",,,34.8,逃げ狙い,18.75,46.8,4,,,,,0,0,0.6155,0,,主役軸流し,B
2026-01-09,丸亀,3,2,柳瀬興志,B1,40.74,2,▲,13.4659,31.3,100,60.6,0.1899,4.1127,,,0,低,162,0,差0% ま0%,12,0,29.2,0.9993,0,0.0882,0.0588,0,0,0.1635,0.2714,0.1635,,,A,○,,0.1505,0.656,,0.3567,A,67,0,◎-○軸 3着3〜4艇流し（10〜15点）,0.5777,"{'is_target': True, 'verdict': '参加推奨', 'max_combo_prob': 0.0413, 'est_top_odds': 32.3, 'circle_concentration': 55.8, 'eligible_count': 8, 'bet_adj': 2, 'reason': 'rel_win1=45.4%（本命度） / 最有力組み合わせ確率: 0.041（推定実オッズ?32倍） / 2着集中度: 上位2艇 55.8%（補正+0.00） / 総合判定確率: 0.041 / → ヒモ分散。1号艇1着固定で広めのヒモ流し推奨（買い目+2点）', 'tenji_trigger': '展示確認: ヒモ分散レース。1号艇伸び確認後、広めのヒモ流しを採用。穴ヒモ（5・6号艇）を積極的に含める。'}",,,34.8,逃げ狙い,18.75,46.8,4,,,,,,,,,,,
2026-01-09,丸亀,3,3,金田大輔,B1,21.05,3,△,15.2902,18.6,73,45.9,0.1656,3.1721,,,0,低,99,0,-,66,0,60.2,1.08,0,0,0.037,0.037,0.037,0.2,0.1,0.1,,,E,,,0.3223,0.587,,0.3567,A,67,0,◎-○軸 3着3〜4艇流し（10〜15点）,0.5777,"{'is_target': True, 'verdict': '参加推奨', 'max_combo_prob': 0.0413, 'est_top_odds': 32.3, 'circle_concentration': 55.8, 'eligible_count': 8, 'bet_adj': 2, 'reason': 'rel_win1=45.4%（本命度） / 最有力組み合わせ確率: 0.041（推定実オッズ?32倍） / 2着集中度: 上位2艇 55.8%（補正+0.00） / 総合判定確率: 0.041 / → ヒモ分散。1号艇1着固定で広めのヒモ流し推奨（買い目+2点）', 'tenji_trigger': '展示確認: ヒモ分散レース。1号艇伸び確認後、広めのヒモ流しを採用。穴ヒモ（5・6号艇）を積極的に含める。'}",,,34.8,逃げ狙い,18.75,46.8,4,,,,,,,,,,,
2026-01-09,丸亀,3,4,牧原　崇,B1,20.59,4,,11.3838,18.6,91,58.2,0.1658,3.5522,,,0,低,174,0,差0%,5,0,56.1,1.2679,0,0.0741,0,0,0,0.0258,0.2016,0.2274,,,E,◎,○,0.318,0.6775,0.3108,0.3567,A,67,0,◎-○軸 3着3〜4艇流し（10〜15点）,0.5777,"{'is_target': True, 'verdict': '参加推奨', 'max_combo_prob': 0.0413, 'est_top_odds': 32.3, 'circle_concentration': 55.8, 'eligible_count': 8, 'bet_adj': 2, 'reason': 'rel_win1=45.4%（本命度） / 最有力組み合わせ確率: 0.041（推定実オッズ?32倍） / 2着集中度: 上位2艇 55.8%（補正+0.00） / 総合判定確率: 0.041 / → ヒモ分散。1号艇1着固定で広めのヒモ流し推奨（買い目+2点）', 'tenji_trigger': '展示確認: ヒモ分散レース。1号艇伸び確認後、広めのヒモ流しを採用。穴ヒモ（5・6号艇）を積極的に含める。'}",,,34.8,逃げ狙い,18.75,46.8,4,,,,,,,,,,,
2026-01-09,丸亀,3,5,河野　大,A2,39.76,5,○,12.325,24.5,90,62.5,0.16,3.4688,,,0,低,88,0,差ま0%,21,0,98,1.9048,0,0,0,0.0476,0,0.1143,0.0381,0.0286,,,B,△,◎,0.3265,0.6455,0.3351,0.3567,A,67,0,◎-○軸 3着3〜4艇流し（10〜15点）,0.5777,"{'is_target': True, 'verdict': '参加推奨', 'max_combo_prob': 0.0413, 'est_top_odds': 32.3, 'circle_concentration': 55.8, 'eligible_count': 8, 'bet_adj': 2, 'reason': 'rel_win1=45.4%（本命度） / 最有力組み合わせ確率: 0.041（推定実オッズ?32倍） / 2着集中度: 上位2艇 55.8%（補正+0.00） / 総合判定確率: 0.041 / → ヒモ分散。1号艇1着固定で広めのヒモ流し推奨（買い目+2点）', 'tenji_trigger': '展示確認: ヒモ分散レース。1号艇伸び確認後、広めのヒモ流しを採用。穴ヒモ（5・6号艇）を積極的に含める。'}",,,34.8,逃げ狙い,18.75,46.8,4,,,,,,,,,,,
2026-01-09,丸亀,3,6,出畑孝典,A2,37.65,6,,2.1255,7,59,36.8,0.176,4.193,,,0,低,124,0,-,16,0,36.1,1.4208,,,,,,0.4352,0.1165,0.1319,,,C,△,,0.3043,0.629,,0.3567,A,67,0,◎-○軸 3着3〜4艇流し（10〜15点）,0.5777,"{'is_target': True, 'verdict': '参加推奨', 'max_combo_prob': 0.0413, 'est_top_odds': 32.3, 'circle_concentration': 55.8, 'eligible_count': 8, 'bet_adj': 2, 'reason': 'rel_win1=45.4%（本命度） / 最有力組み合わせ確率: 0.041（推定実オッズ?32倍） / 2着集中度: 上位2艇 55.8%（補正+0.00） / 総合判定確率: 0.041 / → ヒモ分散。1号艇1着固定で広めのヒモ流し推奨（買い目+2点）', 'tenji_trigger': '展示確認: ヒモ分散レース。1号艇伸び確認後、広めのヒモ流しを採用。穴ヒモ（5・6号艇）を積極的に含める。'}",,,34.8,逃げ狙い,18.75,46.8,4,,,,,,,,,,,
2026-01-09,丸亀,4,1,佐藤　旭,B1,29.67,1,◎,48.4786,,0,79.2,0.166,3.5189,,,0,低,162,0,逃0%,16,0,88.1,1.2766,0.4118,,,,,0.0706,0.2441,0.0706,○,,C,△,,,0.628,,0.3556,A,66,0,◎-○軸 3着3〜4艇流し（10〜15点）,0.5777,"{'is_target': True, 'verdict': '参加推奨', 'max_combo_prob': 0.0618, 'est_top_odds': 21.6, 'circle_concentration': 61.2, 'eligible_count': 8, 'bet_adj': 2, 'reason': 'rel_win1=48.5%（本命度） / 最有力組み合わせ確率: 0.062（推定実オッズ?22倍） / 2着集中度: 上位2艇 61.2%（補正+0.00） / 総合判定確率: 0.062 / → ヒモ分散。1号艇1着固定で広めのヒモ流し推奨（買い目+2点）', 'tenji_trigger': '展示確認: ヒモ分散レース。1号艇伸び確認後、広めのヒモ流しを採用。穴ヒモ（5・6号艇）を積極的に含める。'}",,,28.3,逃げ狙い,15.45,31.1,4,,,,,0,0,0.6155,0,,逃げ軸流し,A
2026-01-09,丸亀,4,2,松田真実,B1,29.55,2,△,12.1651,28.7,75,41.9,0.1526,3.2581,,,0,低,69,0,差0%,6,0,24.2,0.724,0,0.0667,0,0,0,0,0.2857,0.4286,,◎,C,,,0.4586,0.5685,,0.3556,A,66,0,◎-○軸 3着3〜4艇流し（10〜15点）,0.5777,"{'is_target': True, 'verdict': '参加推奨', 'max_combo_prob': 0.0618, 'est_top_odds': 21.6, 'circle_concentration': 61.2, 'eligible_count': 8, 'bet_adj': 2, 'reason': 'rel_win1=48.5%（本命度） / 最有力組み合わせ確率: 0.062（推定実オッズ?22倍） / 2着集中度: 上位2艇 61.2%（補正+0.00） / 総合判定確率: 0.062 / → ヒモ分散。1号艇1着固定で広めのヒモ流し推奨（買い目+2点）', 'tenji_trigger': '展示確認: ヒモ分散レース。1号艇伸び確認後、広めのヒモ流しを採用。穴ヒモ（5・6号艇）を積極的に含める。'}",,,28.3,逃げ狙い,15.45,31.1,4,,,,,,,,,,,
2026-01-09,丸亀,4,3,大野芳顕,A2,35.44,3,○,15.3945,32.5,67,57.8,0.1508,2.7958,,,0,低,139,0,-,14,0,72.3,0.7738,0,0,0,0.0323,0,0.09,0.11,0.14,,,B,○,,0.3838,0.6345,,0.3556,A,66,0,◎-○軸 3着3〜4艇流し（10〜15点）,0.5777,"{'is_target': True, 'verdict': '参加推奨', 'max_combo_prob': 0.0618, 'est_top_odds': 21.6, 'circle_concentration': 61.2, 'eligible_count': 8, 'bet_adj': 2, 'reason': 'rel_win1=48.5%（本命度） / 最有力組み合わせ確率: 0.062（推定実オッズ?22倍） / 2着集中度: 上位2艇 61.2%（補正+0.00） / 総合判定確率: 0.062 / → ヒモ分散。1号艇1着固定で広めのヒモ流し推奨（買い目+2点）', 'tenji_trigger': '展示確認: ヒモ分散レース。1号艇伸び確認後、広めのヒモ流しを採用。穴ヒモ（5・6号艇）を積極的に含める。'}",,,28.3,逃げ狙い,15.45,31.1,4,,,,,,,,,,,
2026-01-09,丸亀,4,4,大須賀友,A2,25.93,4,,13.5247,19.5,100,69.2,0.1546,3.2115,,,0,低,116,0,差ま0%,42,0,71.7,1.4528,0,0.0476,0.0952,0.0952,0,0.0516,0.1258,0.0129,,,E,△,○,0.39,0.599,0.4019,0.3556,A,66,0,◎-○軸 3着3〜4艇流し（10〜15点）,0.5777,"{'is_target': True, 'verdict': '参加推奨', 'max_combo_prob': 0.0618, 'est_top_odds': 21.6, 'circle_concentration': 61.2, 'eligible_count': 8, 'bet_adj': 2, 'reason': 'rel_win1=48.5%（本命度） / 最有力組み合わせ確率: 0.062（推定実オッズ?22倍） / 2着集中度: 上位2艇 61.2%（補正+0.00） / 総合判定確率: 0.062 / → ヒモ分散。1号艇1着固定で広めのヒモ流し推奨（買い目+2点）', 'tenji_trigger': '展示確認: ヒモ分散レース。1号艇伸び確認後、広めのヒモ流しを採用。穴ヒモ（5・6号艇）を積極的に含める。'}",,,28.3,逃げ狙い,15.45,31.1,4,,,,,,,,,,,
2026-01-09,丸亀,4,5,伊藤啓三,B1,34.44,5,▲,9.331,17.9,57,47.6,0.1289,2.6984,,,0,低,78,0,差ま0%,2,0,31.5,1.4543,0,0,0,0.05,0,0.2727,0.3455,0.0364,,○,B,◎,◎,0.4378,0.6695,0.4202,0.3556,A,66,0,◎-○軸 3着3〜4艇流し（10〜15点）,0.5777,"{'is_target': True, 'verdict': '参加推奨', 'max_combo_prob': 0.0618, 'est_top_odds': 21.6, 'circle_concentration': 61.2, 'eligible_count': 8, 'bet_adj': 2, 'reason': 'rel_win1=48.5%（本命度） / 最有力組み合わせ確率: 0.062（推定実オッズ?22倍） / 2着集中度: 上位2艇 61.2%（補正+0.00） / 総合判定確率: 0.062 / → ヒモ分散。1号艇1着固定で広めのヒモ流し推奨（買い目+2点）', 'tenji_trigger': '展示確認: ヒモ分散レース。1号艇伸び確認後、広めのヒモ流しを採用。穴ヒモ（5・6号艇）を積極的に含める。'}",,,28.3,逃げ狙い,15.45,31.1,4,,,,,,,,,,,
2026-01-09,丸亀,4,6,中岡　駿,B2,28.95,6,,1.1061,1.4,23,6.2,0.2055,4.3615,,,0,低,40,0,-,66,0,96.9,2.1011,,,,,,,,,,,D,,,0.2244,0.482,,0.3556,A,66,0,◎-○軸 3着3〜4艇流し（10〜15点）,0.5777,"{'is_target': True, 'verdict': '参加推奨', 'max_combo_prob': 0.0618, 'est_top_odds': 21.6, 'circle_concentration': 61.2, 'eligible_count': 8, 'bet_adj': 2, 'reason': 'rel_win1=48.5%（本命度） / 最有力組み合わせ確率: 0.062（推定実オッズ?22倍） / 2着集中度: 上位2艇 61.2%（補正+0.00） / 総合判定確率: 0.062 / → ヒモ分散。1号艇1着固定で広めのヒモ流し推奨（買い目+2点）', 'tenji_trigger': '展示確認: ヒモ分散レース。1号艇伸び確認後、広めのヒモ流しを採用。穴ヒモ（5・6号艇）を積極的に含める。'}",,,28.3,逃げ狙い,15.45,31.1,4,,,,,,,,,,,
2026-01-09,丸亀,5,1,天野晶夫,B1,30.23,1,◎,58.8512,,0,92.1,0.1471,3.0397,,,0,低,109,0,逃0%,43,0,87.9,1.1781,0.44,,,,,0.448,0.112,0.048,◎,,C,◎,,,0.615,,0.5516,S,94,0,◎1着固定 2-3着流し（5〜8点）,0.5777,"{'is_target': True, 'verdict': '参加推奨', 'max_combo_prob': 0.0784, 'est_top_odds': 17.0, 'circle_concentration': 70.3, 'eligible_count': 6, 'bet_adj': 2, 'reason': 'rel_win1=58.9%（本命度） / 最有力組み合わせ確率: 0.078（推定実オッズ?17倍） / 2着集中度: 上位2艇 70.3%（補正+0.04） / 総合判定確率: 0.118 / → ヒモ分散。1号艇1着固定で広めのヒモ流し推奨（買い目+2点）', 'tenji_trigger': '展示確認: ヒモ分散レース。1号艇伸び確認後、広めのヒモ流しを採用。穴ヒモ（5・6号艇）を積極的に含める。'}",,,30.1,逃げ狙い,13.25,38.1,4,,,,,0,0,0.7559,0,,逃げ軸流し,A
2026-01-09,丸亀,5,2,関　裕也,B1,19.48,2,,9.3123,41.3,100,47.8,0.1609,3.4457,,,0,低,86,0,抜0%,56,0,26,0.7997,0,0,0,0,0.0476,0.0923,0,0.2615,,,E,△,,0.2567,0.6015,,0.5516,S,94,0,◎1着固定 2-3着流し（5〜8点）,0.5777,"{'is_target': True, 'verdict': '参加推奨', 'max_combo_prob': 0.0784, 'est_top_odds': 17.0, 'circle_concentration': 70.3, 'eligible_count': 6, 'bet_adj': 2, 'reason': 'rel_win1=58.9%（本命度） / 最有力組み合わせ確率: 0.078（推定実オッズ?17倍） / 2着集中度: 上位2艇 70.3%（補正+0.04） / 総合判定確率: 0.118 / → ヒモ分散。1号艇1着固定で広めのヒモ流し推奨（買い目+2点）', 'tenji_trigger': '展示確認: ヒモ分散レース。1号艇伸び確認後、広めのヒモ流しを採用。穴ヒモ（5・6号艇）を積極的に含める。'}",,,30.1,逃げ狙い,13.25,38.1,4,,,,,,,,,,,
2026-01-09,丸亀,5,3,亀本勇樹,B1,25.68,3,○,7.5217,19.8,66,31.9,0.1594,3.3617,,,0,低,75,0,-,3,0,51.3,1.036,0,0,0.04,0,0,0.2083,0.05,0.125,,,D,△,,0.2563,0.5815,,0.5516,S,94,0,◎1着固定 2-3着流し（5〜8点）,0.5777,"{'is_target': True, 'verdict': '参加推奨', 'max_combo_prob': 0.0784, 'est_top_odds': 17.0, 'circle_concentration': 70.3, 'eligible_count': 6, 'bet_adj': 2, 'reason': 'rel_win1=58.9%（本命度） / 最有力組み合わせ確率: 0.078（推定実オッズ?17倍） / 2着集中度: 上位2艇 70.3%（補正+0.04） / 総合判定確率: 0.118 / → ヒモ分散。1号艇1着固定で広めのヒモ流し推奨（買い目+2点）', 'tenji_trigger': '展示確認: ヒモ分散レース。1号艇伸び確認後、広めのヒモ流しを採用。穴ヒモ（5・6号艇）を積極的に含める。'}",,,30.1,逃げ狙い,13.25,38.1,4,,,,,,,,,,,
2026-01-09,丸亀,5,4,中村泰平,A1,21.79,4,,19.1387,28.9,82,62.2,0.1751,4.0811,,,0,低,80,0,差0% ま0% 差ま0%,13,0,91.1,1.6609,0,0.1176,0.0588,0.0588,0,0.1864,0.0182,0.0364,,,D,○,◎,0.2121,0.6085,0.478,0.5516,S,94,0,◎1着固定 2-3着流し（5〜8点）,0.5777,"{'is_target': True, 'verdict': '参加推奨', 'max_combo_prob': 0.0784, 'est_top_odds': 17.0, 'circle_concentration': 70.3, 'eligible_count': 6, 'bet_adj': 2, 'reason': 'rel_win1=58.9%（本命度） / 最有力組み合わせ確率: 0.078（推定実オッズ?17倍） / 2着集中度: 上位2艇 70.3%（補正+0.04） / 総合判定確率: 0.118 / → ヒモ分散。1号艇1着固定で広めのヒモ流し推奨（買い目+2点）', 'tenji_trigger': '展示確認: ヒモ分散レース。1号艇伸び確認後、広めのヒモ流しを採用。穴ヒモ（5・6号艇）を積極的に含める。'}",,,30.1,逃げ狙い,13.25,38.1,4,,,,,,,,,,,
2026-01-09,丸亀,5,5,田上　凜,B1,31.71,5,△,3.5913,4.7,35,15.1,0.2057,4.3962,,,0,低,114,0,-,3,0,39,1.231,,,,,,0,0.6667,0,,,B,,,0.153,0.504,,0.5516,S,94,0,◎1着固定 2-3着流し（5〜8点）,0.5777,"{'is_target': True, 'verdict': '参加推奨', 'max_combo_prob': 0.0784, 'est_top_odds': 17.0, 'circle_concentration': 70.3, 'eligible_count': 6, 'bet_adj': 2, 'reason': 'rel_win1=58.9%（本命度） / 最有力組み合わせ確率: 0.078（推定実オッズ?17倍） / 2着集中度: 上位2艇 70.3%（補正+0.04） / 総合判定確率: 0.118 / → ヒモ分散。1号艇1着固定で広めのヒモ流し推奨（買い目+2点）', 'tenji_trigger': '展示確認: ヒモ分散レース。1号艇伸び確認後、広めのヒモ流しを採用。穴ヒモ（5・6号艇）を積極的に含める。'}",,,30.1,逃げ狙い,13.25,38.1,4,,,,,,,,,,,
2026-01-09,丸亀,5,6,土屋実沙,A2,32.91,6,▲,1.5848,5.2,87,38.1,0.2138,4.7381,,,0,低,73,0,-,5,0,64.7,1.5239,,,,,,0.0444,0.3333,0,,,B,,,0.1518,0.5505,,0.5516,S,94,0,◎1着固定 2-3着流し（5〜8点）,0.5777,"{'is_target': True, 'verdict': '参加推奨', 'max_combo_prob': 0.0784, 'est_top_odds': 17.0, 'circle_concentration': 70.3, 'eligible_count': 6, 'bet_adj': 2, 'reason': 'rel_win1=58.9%（本命度） / 最有力組み合わせ確率: 0.078（推定実オッズ?17倍） / 2着集中度: 上位2艇 70.3%（補正+0.04） / 総合判定確率: 0.118 / → ヒモ分散。1号艇1着固定で広めのヒモ流し推奨（買い目+2点）', 'tenji_trigger': '展示確認: ヒモ分散レース。1号艇伸び確認後、広めのヒモ流しを採用。穴ヒモ（5・6号艇）を積極的に含める。'}",,,30.1,逃げ狙い,13.25,38.1,4,,,,,,,,,,,
2026-01-09,丸亀,6,1,西村　歩,A2,37.80,1,◎,55.3788,,0,75,0.1655,3.1125,,,0,低,61,0,逃1%,62,0,67,0.9882,0.5625,,,,,0.1607,0.1,0,○,,A,,,,0.5625,,0.4433,A,65,0,◎-○軸 3着3〜4艇流し（10〜15点）,0.5777,"{'is_target': True, 'verdict': '参加推奨', 'max_combo_prob': 0.064, 'est_top_odds': 20.8, 'circle_concentration': 68.0, 'eligible_count': 8, 'bet_adj': 2, 'reason': 'rel_win1=55.4%（本命度） / 最有力組み合わせ確率: 0.064（推定実オッズ?21倍） / 2着集中度: 上位2艇 68.0%（補正+0.00） / 総合判定確率: 0.064 / → ヒモ分散。1号艇1着固定で広めのヒモ流し推奨（買い目+2点）', 'tenji_trigger': '展示確認: ヒモ分散レース。1号艇伸び確認後、広めのヒモ流しを採用。穴ヒモ（5・6号艇）を積極的に含める。'}",,,29.8,逃げ狙い,21.17,30.5,3,,,,,0,0,0.6155,0,,逃げ軸流し,A
2026-01-09,丸亀,6,2,奥田　誠,B1,25.58,2,△,11.5069,35.7,85,54.7,0.1869,3.9133,,,0,低,163,0,ま1%,23,0,36.9,0.6593,0,0.0588,0.0882,0,0.0294,0.1771,0.0571,0.139,,,D,△,,0.102,0.6205,,0.4433,A,65,0,◎-○軸 3着3〜4艇流し（10〜15点）,0.5777,"{'is_target': True, 'verdict': '参加推奨', 'max_combo_prob': 0.064, 'est_top_odds': 20.8, 'circle_concentration': 68.0, 'eligible_count': 8, 'bet_adj': 2, 'reason': 'rel_win1=55.4%（本命度） / 最有力組み合わせ確率: 0.064（推定実オッズ?21倍） / 2着集中度: 上位2艇 68.0%（補正+0.00） / 総合判定確率: 0.064 / → ヒモ分散。1号艇1着固定で広めのヒモ流し推奨（買い目+2点）', 'tenji_trigger': '展示確認: ヒモ分散レース。1号艇伸び確認後、広めのヒモ流しを採用。穴ヒモ（5・6号艇）を積極的に含める。'}",,,29.8,逃げ狙い,21.17,30.5,3,,,,,,,,,,,
2026-01-09,丸亀,6,3,古賀繁輝,A1,17.11,3,,17.0531,32.3,100,72.1,0.1416,3.1279,,,0,低,54,0,ま0%,15,0,45.5,1.0192,0,0,0.2353,0,0,0,0.0308,0.0308,,◎,E,○,,0.4549,0.664,,0.4433,A,65,0,◎-○軸 3着3〜4艇流し（10〜15点）,0.5777,"{'is_target': True, 'verdict': '参加推奨', 'max_combo_prob': 0.064, 'est_top_odds': 20.8, 'circle_concentration': 68.0, 'eligible_count': 8, 'bet_adj': 2, 'reason': 'rel_win1=55.4%（本命度） / 最有力組み合わせ確率: 0.064（推定実オッズ?21倍） / 2着集中度: 上位2艇 68.0%（補正+0.00） / 総合判定確率: 0.064 / → ヒモ分散。1号艇1着固定で広めのヒモ流し推奨（買い目+2点）', 'tenji_trigger': '展示確認: ヒモ分散レース。1号艇伸び確認後、広めのヒモ流しを採用。穴ヒモ（5・6号艇）を積極的に含める。'}",,,29.8,逃げ狙い,21.17,30.5,3,,,,,,,,,,,
2026-01-09,丸亀,6,4,丸山祐也,B1,34.94,4,▲,3.325,8.5,61,12.8,0.2062,4.7949,,,0,低,130,0,-,5,0,16,0.5589,,,,,,0.125,0.25,0.25,,,B,,,0.1488,0.558,,0.4433,A,65,0,◎-○軸 3着3〜4艇流し（10〜15点）,0.5777,"{'is_target': True, 'verdict': '参加推奨', 'max_combo_prob': 0.064, 'est_top_odds': 20.8, 'circle_concentration': 68.0, 'eligible_count': 8, 'bet_adj': 2, 'reason': 'rel_win1=55.4%（本命度） / 最有力組み合わせ確率: 0.064（推定実オッズ?21倍） / 2着集中度: 上位2艇 68.0%（補正+0.00） / 総合判定確率: 0.064 / → ヒモ分散。1号艇1着固定で広めのヒモ流し推奨（買い目+2点）', 'tenji_trigger': '展示確認: ヒモ分散レース。1号艇伸び確認後、広めのヒモ流しを採用。穴ヒモ（5・6号艇）を積極的に含める。'}",,,29.8,逃げ狙い,21.17,30.5,3,,,,,,,,,,,
2026-01-09,丸亀,6,5,水谷理人,A2,20.63,5,○,10.4341,17.8,75,52.8,0.1403,2.8194,,,0,低,64,0,-,62,0,95,1.7969,0,0.0556,0,0,0,0.0533,0.28,0.0267,,,D,△,◎,0.3624,0.569,0.4334,0.4433,A,65,0,◎-○軸 3着3〜4艇流し（10〜15点）,0.5777,"{'is_target': True, 'verdict': '参加推奨', 'max_combo_prob': 0.064, 'est_top_odds': 20.8, 'circle_concentration': 68.0, 'eligible_count': 8, 'bet_adj': 2, 'reason': 'rel_win1=55.4%（本命度） / 最有力組み合わせ確率: 0.064（推定実オッズ?21倍） / 2着集中度: 上位2艇 68.0%（補正+0.00） / 総合判定確率: 0.064 / → ヒモ分散。1号艇1着固定で広めのヒモ流し推奨（買い目+2点）', 'tenji_trigger': '展示確認: ヒモ分散レース。1号艇伸び確認後、広めのヒモ流しを採用。穴ヒモ（5・6号艇）を積極的に含める。'}",,,29.8,逃げ狙い,21.17,30.5,3,,,,,,,,,,,
2026-01-09,丸亀,6,6,白井友晴,B1,31.71,6,,2.302,5.7,73,30.2,0.2064,4.5,,,0,低,164,0,-,15,0,23.6,0.8683,,,,,,0.1091,0.3491,0.0545,,,C,◎,,0.1833,0.671,,0.4433,A,65,0,◎-○軸 3着3〜4艇流し（10〜15点）,0.5777,"{'is_target': True, 'verdict': '参加推奨', 'max_combo_prob': 0.064, 'est_top_odds': 20.8, 'circle_concentration': 68.0, 'eligible_count': 8, 'bet_adj': 2, 'reason': 'rel_win1=55.4%（本命度） / 最有力組み合わせ確率: 0.064（推定実オッズ?21倍） / 2着集中度: 上位2艇 68.0%（補正+0.00） / 総合判定確率: 0.064 / → ヒモ分散。1号艇1着固定で広めのヒモ流し推奨（買い目+2点）', 'tenji_trigger': '展示確認: ヒモ分散レース。1号艇伸び確認後、広めのヒモ流しを採用。穴ヒモ（5・6号艇）を積極的に含める。'}",,,29.8,逃げ狙い,21.17,30.5,3,,,,,,,,,,,
2026-01-09,丸亀,7,1,抹香雄三,B1,36.59,1,◎,57.6838,,0,83.6,0.1354,2.4851,,,0,低,100,0,逃0%,45,0,85.6,1.0731,0.44,,,,,0.12,0.24,0.16,◎,,A,◎,,,0.6655,,0.6,A,77,0,◎-○軸 3着3〜4艇流し（10〜15点）,0.5777,"{'is_target': True, 'verdict': '参加推奨', 'max_combo_prob': 0.0555, 'est_top_odds': 24.0, 'circle_concentration': 60.3, 'eligible_count': 8, 'bet_adj': 2, 'reason': 'rel_win1=57.7%（本命度） / 最有力組み合わせ確率: 0.055（推定実オッズ?24倍） / 2着集中度: 上位2艇 60.3%（補正+0.00） / 総合判定確率: 0.055 / → ヒモ分散。1号艇1着固定で広めのヒモ流し推奨（買い目+2点）', 'tenji_trigger': '展示確認: ヒモ分散レース。1号艇伸び確認後、広めのヒモ流しを採用。穴ヒモ（5・6号艇）を積極的に含める。\n展示で1号艇スタート超安定(0.135秒)→ヒモ固まり方向に注意'}",,,28.8,逃げ狙い,15.61,32.4,4,,,,,0,0,0.7559,0,,逃げ軸流し,A
2026-01-09,丸亀,7,2,杉田篤光,A2,20.27,2,,10.6741,30.4,100,60,0.1877,4.4083,,,0,低,185,0,差0%,4,0,81,0.761,0,0.1111,0,0,0,0.1358,0.0267,0.1624,,,E,,,0.093,0.578,,0.6,A,77,0,◎-○軸 3着3〜4艇流し（10〜15点）,0.5777,"{'is_target': True, 'verdict': '参加推奨', 'max_combo_prob': 0.0555, 'est_top_odds': 24.0, 'circle_concentration': 60.3, 'eligible_count': 8, 'bet_adj': 2, 'reason': 'rel_win1=57.7%（本命度） / 最有力組み合わせ確率: 0.055（推定実オッズ?24倍） / 2着集中度: 上位2艇 60.3%（補正+0.00） / 総合判定確率: 0.055 / → ヒモ分散。1号艇1着固定で広めのヒモ流し推奨（買い目+2点）', 'tenji_trigger': '展示確認: ヒモ分散レース。1号艇伸び確認後、広めのヒモ流しを採用。穴ヒモ（5・6号艇）を積極的に含める。\n展示で1号艇スタート超安定(0.135秒)→ヒモ固まり方向に注意'}",,,28.8,逃げ狙い,15.61,32.4,4,,,,,,,,,,,
2026-01-09,丸亀,7,3,鈴木智啓,A2,30.00,3,▲,10.0832,29.9,75,65,0.1642,3.475,,,0,低,123,0,ま0%,4,0,55.4,1.1556,0,0,0.1,0,0,0.1849,0.1741,0.0432,,,C,○,,0.1822,0.6485,,0.6,A,77,0,◎-○軸 3着3〜4艇流し（10〜15点）,0.5777,"{'is_target': True, 'verdict': '参加推奨', 'max_combo_prob': 0.0555, 'est_top_odds': 24.0, 'circle_concentration': 60.3, 'eligible_count': 8, 'bet_adj': 2, 'reason': 'rel_win1=57.7%（本命度） / 最有力組み合わせ確率: 0.055（推定実オッズ?24倍） / 2着集中度: 上位2艇 60.3%（補正+0.00） / 総合判定確率: 0.055 / → ヒモ分散。1号艇1着固定で広めのヒモ流し推奨（買い目+2点）', 'tenji_trigger': '展示確認: ヒモ分散レース。1号艇伸び確認後、広めのヒモ流しを採用。穴ヒモ（5・6号艇）を積極的に含める。\n展示で1号艇スタート超安定(0.135秒)→ヒモ固まり方向に注意'}",,,28.8,逃げ狙い,15.61,32.4,4,,,,,,,,,,,
2026-01-09,丸亀,7,4,原村拓也,B1,20.83,4,,10.1126,12.5,81,50.7,0.1842,3.7536,,,0,低,159,0,差0%,23,0,48.3,0.9968,0,0.0286,0,0,0.0571,0.3114,0.1257,0.02,,,D,,,0.1389,0.5855,0.1824,0.6,A,77,0,◎-○軸 3着3〜4艇流し（10〜15点）,0.5777,"{'is_target': True, 'verdict': '参加推奨', 'max_combo_prob': 0.0555, 'est_top_odds': 24.0, 'circle_concentration': 60.3, 'eligible_count': 8, 'bet_adj': 2, 'reason': 'rel_win1=57.7%（本命度） / 最有力組み合わせ確率: 0.055（推定実オッズ?24倍） / 2着集中度: 上位2艇 60.3%（補正+0.00） / 総合判定確率: 0.055 / → ヒモ分散。1号艇1着固定で広めのヒモ流し推奨（買い目+2点）', 'tenji_trigger': '展示確認: ヒモ分散レース。1号艇伸び確認後、広めのヒモ流しを採用。穴ヒモ（5・6号艇）を積極的に含める。\n展示で1号艇スタート超安定(0.135秒)→ヒモ固まり方向に注意'}",,,28.8,逃げ狙い,15.61,32.4,4,,,,,,,,,,,
2026-01-09,丸亀,7,5,竹田辰也,A1,30.61,5,○,8.1233,23.6,42,50,0.1573,3.2857,,,0,低,94,0,差ま0%,3,0,26.3,1.3807,0,0,0,0.0714,0,0.019,0.0476,0.2071,,,B,△,◎,0.2584,0.6225,0.3369,0.6,A,77,0,◎-○軸 3着3〜4艇流し（10〜15点）,0.5777,"{'is_target': True, 'verdict': '参加推奨', 'max_combo_prob': 0.0555, 'est_top_odds': 24.0, 'circle_concentration': 60.3, 'eligible_count': 8, 'bet_adj': 2, 'reason': 'rel_win1=57.7%（本命度） / 最有力組み合わせ確率: 0.055（推定実オッズ?24倍） / 2着集中度: 上位2艇 60.3%（補正+0.00） / 総合判定確率: 0.055 / → ヒモ分散。1号艇1着固定で広めのヒモ流し推奨（買い目+2点）', 'tenji_trigger': '展示確認: ヒモ分散レース。1号艇伸び確認後、広めのヒモ流しを採用。穴ヒモ（5・6号艇）を積極的に含める。\n展示で1号艇スタート超安定(0.135秒)→ヒモ固まり方向に注意'}",,,28.8,逃げ狙い,15.61,32.4,4,,,,,,,,,,,
2026-01-09,丸亀,7,6,小川晃司,B1,28.74,6,△,3.323,3.6,88,43.1,0.1611,3.3991,,,0,低,77,0,-,3,0,26.3,0.5631,0,0,0.0104,0.0104,0.0104,,,,,,C,△,○,0.2309,0.63,0.2736,0.6,A,77,0,◎-○軸 3着3〜4艇流し（10〜15点）,0.5777,"{'is_target': True, 'verdict': '参加推奨', 'max_combo_prob': 0.0555, 'est_top_odds': 24.0, 'circle_concentration': 60.3, 'eligible_count': 8, 'bet_adj': 2, 'reason': 'rel_win1=57.7%（本命度） / 最有力組み合わせ確率: 0.055（推定実オッズ?24倍） / 2着集中度: 上位2艇 60.3%（補正+0.00） / 総合判定確率: 0.055 / → ヒモ分散。1号艇1着固定で広めのヒモ流し推奨（買い目+2点）', 'tenji_trigger': '展示確認: ヒモ分散レース。1号艇伸び確認後、広めのヒモ流しを採用。穴ヒモ（5・6号艇）を積極的に含める。\n展示で1号艇スタート超安定(0.135秒)→ヒモ固まり方向に注意'}",,,28.8,逃げ狙い,15.61,32.4,4,,,,,,,,,,,
2026-01-09,丸亀,8,1,浜先真範,A1,32.93,1,◎,68.479,,0,90.9,0.1309,2.4156,,,0,低,66,0,逃1%,22,0,71.3,1.019,0.8,,,,,0.01,0.02,0.02,◎,,C,◎,,,0.647,,0.683,S,87,0,◎1着固定 2-3着流し（5〜8点）,0.5777,"{'is_target': True, 'verdict': '点数絞り', 'max_combo_prob': 0.1183, 'est_top_odds': 11.3, 'circle_concentration': 81.6, 'eligible_count': 6, 'bet_adj': 0, 'reason': 'rel_win1=68.5%（本命度） / 最有力組み合わせ確率: 0.118（推定実オッズ?11倍） / 2着集中度: 上位2艇 81.6%（補正+0.04） / 総合判定確率: 0.158 / → ヒモはやや固め。上位2艇以外を切ること', 'tenji_trigger': '展示確認: 1号艇伸び良→そのまま採用。悪→飛び組に差し替え。circle_pct上位2艇に絞り込むこと。\n展示で1号艇スタート超安定(0.131秒)→ヒモ固まり方向に注意'}",,,24.6,逃げ狙い,13.2,22.4,2,,,,,0,0,0.7559,0,,逃げ軸流し,A
2026-01-09,丸亀,8,2,河野　大,A2,39.76,2,○,14.4378,50.7,100,67.9,0.1623,3.5094,,,0,低,88,0,差0% 抜0%,21,0,51.2,1.1121,0,0.069,0,0,0.1034,0.1143,0.0381,0.0286,,,A,○,,0.0646,0.6455,,0.683,S,87,0,◎1着固定 2-3着流し（5〜8点）,0.5777,"{'is_target': True, 'verdict': '点数絞り', 'max_combo_prob': 0.1183, 'est_top_odds': 11.3, 'circle_concentration': 81.6, 'eligible_count': 6, 'bet_adj': 0, 'reason': 'rel_win1=68.5%（本命度） / 最有力組み合わせ確率: 0.118（推定実オッズ?11倍） / 2着集中度: 上位2艇 81.6%（補正+0.04） / 総合判定確率: 0.158 / → ヒモはやや固め。上位2艇以外を切ること', 'tenji_trigger': '展示確認: 1号艇伸び良→そのまま採用。悪→飛び組に差し替え。circle_pct上位2艇に絞り込むこと。\n展示で1号艇スタート超安定(0.131秒)→ヒモ固まり方向に注意'}",,,24.6,逃げ狙い,13.2,22.4,2,,,,,,,,,,,
2026-01-09,丸亀,8,3,角浜　修,B1,39.24,3,▲,6.3426,14.4,62,30,0.1748,3.9083,,,0,低,134,0,-,5,0,92,1.8896,0,0,0.0357,0,0,0.0833,0.15,0.15,,,B,△,,0.1068,0.6255,,0.683,S,87,0,◎1着固定 2-3着流し（5〜8点）,0.5777,"{'is_target': True, 'verdict': '点数絞り', 'max_combo_prob': 0.1183, 'est_top_odds': 11.3, 'circle_concentration': 81.6, 'eligible_count': 6, 'bet_adj': 0, 'reason': 'rel_win1=68.5%（本命度） / 最有力組み合わせ確率: 0.118（推定実オッズ?11倍） / 2着集中度: 上位2艇 81.6%（補正+0.04） / 総合判定確率: 0.158 / → ヒモはやや固め。上位2艇以外を切ること', 'tenji_trigger': '展示確認: 1号艇伸び良→そのまま採用。悪→飛び組に差し替え。circle_pct上位2艇に絞り込むこと。\n展示で1号艇スタート超安定(0.131秒)→ヒモ固まり方向に注意'}",,,24.6,逃げ狙い,13.2,22.4,2,,,,,,,,,,,
2026-01-09,丸亀,8,4,川上　剛,A2,27.17,4,△,7.0434,30.9,77,66.7,0.1521,3.4097,,,0,低,143,0,-,31,0,34.3,0.7991,0,0.04,0.12,0,0,0,0.2346,0.0211,,,D,△,◎,0.2266,0.632,0.3513,0.683,S,87,0,◎1着固定 2-3着流し（5〜8点）,0.5777,"{'is_target': True, 'verdict': '点数絞り', 'max_combo_prob': 0.1183, 'est_top_odds': 11.3, 'circle_concentration': 81.6, 'eligible_count': 6, 'bet_adj': 0, 'reason': 'rel_win1=68.5%（本命度） / 最有力組み合わせ確率: 0.118（推定実オッズ?11倍） / 2着集中度: 上位2艇 81.6%（補正+0.04） / 総合判定確率: 0.158 / → ヒモはやや固め。上位2艇以外を切ること', 'tenji_trigger': '展示確認: 1号艇伸び良→そのまま採用。悪→飛び組に差し替え。circle_pct上位2艇に絞り込むこと。\n展示で1号艇スタート超安定(0.131秒)→ヒモ固まり方向に注意'}",,,24.6,逃げ狙い,13.2,22.4,2,,,,,,,,,,,
2026-01-09,丸亀,8,5,福田　理,B1,25.00,5,,2.7357,3.1,65,21.5,0.1726,3.5385,,,0,低,126,0,-,3,0,25.4,0.6264,0,0,0,0.0294,0,0.1446,0.4967,0.1446,,,E,,,0.1453,0.594,,0.683,S,87,0,◎1着固定 2-3着流し（5〜8点）,0.5777,"{'is_target': True, 'verdict': '点数絞り', 'max_combo_prob': 0.1183, 'est_top_odds': 11.3, 'circle_concentration': 81.6, 'eligible_count': 6, 'bet_adj': 0, 'reason': 'rel_win1=68.5%（本命度） / 最有力組み合わせ確率: 0.118（推定実オッズ?11倍） / 2着集中度: 上位2艇 81.6%（補正+0.04） / 総合判定確率: 0.158 / → ヒモはやや固め。上位2艇以外を切ること', 'tenji_trigger': '展示確認: 1号艇伸び良→そのまま採用。悪→飛び組に差し替え。circle_pct上位2艇に絞り込むこと。\n展示で1号艇スタート超安定(0.131秒)→ヒモ固まり方向に注意'}",,,24.6,逃げ狙い,13.2,22.4,2,,,,,,,,,,,
2026-01-09,丸亀,8,6,松田真実,B1,29.55,6,,0.9615,0.9,22,2.2,0.1604,3.4444,,,0,低,69,0,-,6,0,33.1,0.8444,,,,,,0,0.2857,0.4286,,,D,,,0.2202,0.5685,,0.683,S,87,0,◎1着固定 2-3着流し（5〜8点）,0.5777,"{'is_target': True, 'verdict': '点数絞り', 'max_combo_prob': 0.1183, 'est_top_odds': 11.3, 'circle_concentration': 81.6, 'eligible_count': 6, 'bet_adj': 0, 'reason': 'rel_win1=68.5%（本命度） / 最有力組み合わせ確率: 0.118（推定実オッズ?11倍） / 2着集中度: 上位2艇 81.6%（補正+0.04） / 総合判定確率: 0.158 / → ヒモはやや固め。上位2艇以外を切ること', 'tenji_trigger': '展示確認: 1号艇伸び良→そのまま採用。悪→飛び組に差し替え。circle_pct上位2艇に絞り込むこと。\n展示で1号艇スタート超安定(0.131秒)→ヒモ固まり方向に注意'}",,,24.6,逃げ狙い,13.2,22.4,2,,,,,,,,,,,
2026-01-09,丸亀,9,1,大須賀友,A2,25.93,1,◎,65.9836,,0,93.9,0.1391,2.9329,,,0,低,116,0,逃1%,42,0,91.2,1.2099,0.7419,,,,,0.0516,0.1258,0.0129,◎,,D,△,,,0.599,,0.6192,S,86,0,◎1着固定 2-3着流し（5〜8点）,0.5777,"{'is_target': True, 'verdict': '点数絞り', 'max_combo_prob': 0.113, 'est_top_odds': 11.8, 'circle_concentration': 72.8, 'eligible_count': 6, 'bet_adj': 0, 'reason': 'rel_win1=66.0%（本命度） / 最有力組み合わせ確率: 0.113（推定実オッズ?12倍） / 2着集中度: 上位2艇 72.8%（補正+0.04） / 総合判定確率: 0.153 / → ヒモはやや固め。上位2艇以外を切ること', 'tenji_trigger': '展示確認: 1号艇伸び良→そのまま採用。悪→飛び組に差し替え。circle_pct上位2艇に絞り込むこと。\n展示で1号艇スタート超安定(0.139秒)→ヒモ固まり方向に注意'}",,,27,逃げ狙い,16.22,26.7,2,,,,,0,0,0.7559,0,,逃げ軸流し,A
2026-01-09,丸亀,9,2,長岡良也,A1,23.46,2,△,13.7452,54.1,89,73.6,0.1487,3.0094,,,0,低,104,0,差0% 抜0%,25,0,62.8,1.1834,0,0.087,0,0,0.0435,0.1417,0.0972,0.1194,,,D,◎,,0.223,0.6505,,0.6192,S,86,0,◎1着固定 2-3着流し（5〜8点）,0.5777,"{'is_target': True, 'verdict': '点数絞り', 'max_combo_prob': 0.113, 'est_top_odds': 11.8, 'circle_concentration': 72.8, 'eligible_count': 6, 'bet_adj': 0, 'reason': 'rel_win1=66.0%（本命度） / 最有力組み合わせ確率: 0.113（推定実オッズ?12倍） / 2着集中度: 上位2艇 72.8%（補正+0.04） / 総合判定確率: 0.153 / → ヒモはやや固め。上位2艇以外を切ること', 'tenji_trigger': '展示確認: 1号艇伸び良→そのまま採用。悪→飛び組に差し替え。circle_pct上位2艇に絞り込むこと。\n展示で1号艇スタート超安定(0.139秒)→ヒモ固まり方向に注意'}",,,27,逃げ狙い,16.22,26.7,2,,,,,,,,,,,
2026-01-09,丸亀,9,3,田上　凜,B1,31.71,3,▲,7.3222,9.3,100,19.1,0.2057,4.1905,,,0,低,114,0,-,3,0,14.5,0.586,,,,,,0,0.6667,0,,,B,,,0.1364,0.504,,0.6192,S,86,0,◎1着固定 2-3着流し（5〜8点）,0.5777,"{'is_target': True, 'verdict': '点数絞り', 'max_combo_prob': 0.113, 'est_top_odds': 11.8, 'circle_concentration': 72.8, 'eligible_count': 6, 'bet_adj': 0, 'reason': 'rel_win1=66.0%（本命度） / 最有力組み合わせ確率: 0.113（推定実オッズ?12倍） / 2着集中度: 上位2艇 72.8%（補正+0.04） / 総合判定確率: 0.153 / → ヒモはやや固め。上位2艇以外を切ること', 'tenji_trigger': '展示確認: 1号艇伸び良→そのまま採用。悪→飛び組に差し替え。circle_pct上位2艇に絞り込むこと。\n展示で1号艇スタート超安定(0.139秒)→ヒモ固まり方向に注意'}",,,27,逃げ狙い,16.22,26.7,2,,,,,,,,,,,
2026-01-09,丸亀,9,4,笠　雅雄,B1,20.59,4,,7.4025,14.1,73,38.6,0.1757,3.6705,,,0,低,120,0,ま0% 抜0%,4,0,44.4,0.856,0,0,0.0952,0,0.0952,0.275,0.25,0.025,,,E,,◎,0.1581,0.551,0.1613,0.6192,S,86,0,◎1着固定 2-3着流し（5〜8点）,0.5777,"{'is_target': True, 'verdict': '点数絞り', 'max_combo_prob': 0.113, 'est_top_odds': 11.8, 'circle_concentration': 72.8, 'eligible_count': 6, 'bet_adj': 0, 'reason': 'rel_win1=66.0%（本命度） / 最有力組み合わせ確率: 0.113（推定実オッズ?12倍） / 2着集中度: 上位2艇 72.8%（補正+0.04） / 総合判定確率: 0.153 / → ヒモはやや固め。上位2艇以外を切ること', 'tenji_trigger': '展示確認: 1号艇伸び良→そのまま採用。悪→飛び組に差し替え。circle_pct上位2艇に絞り込むこと。\n展示で1号艇スタート超安定(0.139秒)→ヒモ固まり方向に注意'}",,,27,逃げ狙い,16.22,26.7,2,,,,,,,,,,,
2026-01-09,丸亀,9,5,出畑孝典,A2,37.65,5,○,4.322,18.7,79,42.9,0.1464,3.4196,,,0,低,124,0,-,16,0,57.8,1.06,,,,,,0.4352,0.1165,0.1319,,,A,○,,0.288,0.629,,0.6192,S,86,0,◎1着固定 2-3着流し（5〜8点）,0.5777,"{'is_target': True, 'verdict': '点数絞り', 'max_combo_prob': 0.113, 'est_top_odds': 11.8, 'circle_concentration': 72.8, 'eligible_count': 6, 'bet_adj': 0, 'reason': 'rel_win1=66.0%（本命度） / 最有力組み合わせ確率: 0.113（推定実オッズ?12倍） / 2着集中度: 上位2艇 72.8%（補正+0.04） / 総合判定確率: 0.153 / → ヒモはやや固め。上位2艇以外を切ること', 'tenji_trigger': '展示確認: 1号艇伸び良→そのまま採用。悪→飛び組に差し替え。circle_pct上位2艇に絞り込むこと。\n展示で1号艇スタート超安定(0.139秒)→ヒモ固まり方向に注意'}",,,27,逃げ狙い,16.22,26.7,2,,,,,,,,,,,
2026-01-09,丸亀,9,6,木村紗友,B1,29.49,6,,1.2246,3.8,64,17.9,0.1654,3.2679,,,0,低,68,0,-,5,0,42.6,0.8422,,,,,,0.0909,0.1818,0.0909,,,C,△,,0.2263,0.5685,,0.6192,S,86,0,◎1着固定 2-3着流し（5〜8点）,0.5777,"{'is_target': True, 'verdict': '点数絞り', 'max_combo_prob': 0.113, 'est_top_odds': 11.8, 'circle_concentration': 72.8, 'eligible_count': 6, 'bet_adj': 0, 'reason': 'rel_win1=66.0%（本命度） / 最有力組み合わせ確率: 0.113（推定実オッズ?12倍） / 2着集中度: 上位2艇 72.8%（補正+0.04） / 総合判定確率: 0.153 / → ヒモはやや固め。上位2艇以外を切ること', 'tenji_trigger': '展示確認: 1号艇伸び良→そのまま採用。悪→飛び組に差し替え。circle_pct上位2艇に絞り込むこと。\n展示で1号艇スタート超安定(0.139秒)→ヒモ固まり方向に注意'}",,,27,逃げ狙い,16.22,26.7,2,,,,,,,,,,,
2026-01-09,丸亀,10,1,水谷理人,A2,20.63,1,◎,50.2986,,0,82.6,0.1665,3.8696,,,0,低,64,0,逃1%,62,0,95.1,1.3301,0.6,,,,,0.0533,0.28,0.0267,△,,E,,,,0.569,,0.3208,B,59,0,◎○△フォーメーション（15〜20点）,0.5777,"{'is_target': True, 'verdict': '参加推奨', 'max_combo_prob': 0.0669, 'est_top_odds': 19.9, 'circle_concentration': 77.8, 'eligible_count': 9, 'bet_adj': 2, 'reason': 'rel_win1=50.3%（本命度） / 最有力組み合わせ確率: 0.067（推定実オッズ?20倍） / 2着集中度: 上位2艇 77.8%（補正+0.04） / 総合判定確率: 0.107 / → ヒモ分散。1号艇1着固定で広めのヒモ流し推奨（買い目+2点）', 'tenji_trigger': '展示確認: ヒモ分散レース。1号艇伸び確認後、広めのヒモ流しを採用。穴ヒモ（5・6号艇）を積極的に含める。'}",,,37.5,両建て推奨,28.93,31.6,3,2-1-3|1-2-3|1-3-2|1-2-5|1-3-5|2-1-5,5-1-6|6-1-3|2-1-3|5-6-1|5-1-3|6-3-1|5-3-1|1-2-3|1-3-2|1-2-5|1-3-5|2-1-5,2-1-3:3.26%|1-2-3:9.02%|1-3-2:6.84%|1-2-5:6.76%|1-3-5:5.71%|2-1-5:4.36%,2-1-3:B_main|1-2-3:A|1-3-2:A|1-2-5:A|1-3-5:A|2-1-5:B_sc,6,12,0.4535,1,[!]見送り推奨（主役決まり手「差し」― 逃げ劣勢レースで的中実績なし）,荒れ広め,D
2026-01-09,丸亀,10,2,里岡右貴,A1,41.67,2,○,16.4714,41.1,100,81.5,0.1409,2.6481,,,0,低,75,0,差1%,14,0,44.9,0.7803,0,0.2,0.12,0,0,0.115,0.139,0.024,,◎,A,△,,0.5943,0.641,,0.3208,B,59,0,◎○△フォーメーション（15〜20点）,0.5777,"{'is_target': True, 'verdict': '参加推奨', 'max_combo_prob': 0.0669, 'est_top_odds': 19.9, 'circle_concentration': 77.8, 'eligible_count': 9, 'bet_adj': 2, 'reason': 'rel_win1=50.3%（本命度） / 最有力組み合わせ確率: 0.067（推定実オッズ?20倍） / 2着集中度: 上位2艇 77.8%（補正+0.04） / 総合判定確率: 0.107 / → ヒモ分散。1号艇1着固定で広めのヒモ流し推奨（買い目+2点）', 'tenji_trigger': '展示確認: ヒモ分散レース。1号艇伸び確認後、広めのヒモ流しを採用。穴ヒモ（5・6号艇）を積極的に含める。'}",,,37.5,両建て推奨,28.93,31.6,3,,,,,,,,,,,
2026-01-09,丸亀,10,3,上野真之,A1,27.03,3,▲,23.422,36.6,65,89.7,0.1228,2.7414,,,0,低,15,0,差ま0% 抜0%,41,0,89.6,1.8748,0,0,0,0.2,0.1,0,0,0.1333,,○,D,◎,,0.5002,0.812,,0.3208,B,59,0,◎○△フォーメーション（15〜20点）,0.5777,"{'is_target': True, 'verdict': '参加推奨', 'max_combo_prob': 0.0669, 'est_top_odds': 19.9, 'circle_concentration': 77.8, 'eligible_count': 9, 'bet_adj': 2, 'reason': 'rel_win1=50.3%（本命度） / 最有力組み合わせ確率: 0.067（推定実オッズ?20倍） / 2着集中度: 上位2艇 77.8%（補正+0.04） / 総合判定確率: 0.107 / → ヒモ分散。1号艇1着固定で広めのヒモ流し推奨（買い目+2点）', 'tenji_trigger': '展示確認: ヒモ分散レース。1号艇伸び確認後、広めのヒモ流しを採用。穴ヒモ（5・6号艇）を積極的に含める。'}",,,37.5,両建て推奨,28.93,31.6,3,,,,,,,,,,,
2026-01-09,丸亀,10,4,松瀬弘美,B1,29.55,4,,5.5363,8.1,87,36,0.17,3.6,,,0,低,82,0,-,4,0,25.3,0.7217,,,,,,0.5818,0.2364,0.0364,,,C,△,,0.2941,0.5835,,0.3208,B,59,0,◎○△フォーメーション（15〜20点）,0.5777,"{'is_target': True, 'verdict': '参加推奨', 'max_combo_prob': 0.0669, 'est_top_odds': 19.9, 'circle_concentration': 77.8, 'eligible_count': 9, 'bet_adj': 2, 'reason': 'rel_win1=50.3%（本命度） / 最有力組み合わせ確率: 0.067（推定実オッズ?20倍） / 2着集中度: 上位2艇 77.8%（補正+0.04） / 総合判定確率: 0.107 / → ヒモ分散。1号艇1着固定で広めのヒモ流し推奨（買い目+2点）', 'tenji_trigger': '展示確認: ヒモ分散レース。1号艇伸び確認後、広めのヒモ流しを採用。穴ヒモ（5・6号艇）を積極的に含める。'}",,,37.5,両建て推奨,28.93,31.6,3,,,,,,,,,,,
2026-01-09,丸亀,10,5,亀本勇樹,B1,25.68,5,,3.2645,11.9,59,47.1,0.1459,3.5882,,,0,低,75,0,-,3,0,66.6,1.3471,,,,,,0.2083,0.05,0.125,,,D,,,0.3755,0.5815,,0.3208,B,59,0,◎○△フォーメーション（15〜20点）,0.5777,"{'is_target': True, 'verdict': '参加推奨', 'max_combo_prob': 0.0669, 'est_top_odds': 19.9, 'circle_concentration': 77.8, 'eligible_count': 9, 'bet_adj': 2, 'reason': 'rel_win1=50.3%（本命度） / 最有力組み合わせ確率: 0.067（推定実オッズ?20倍） / 2着集中度: 上位2艇 77.8%（補正+0.04） / 総合判定確率: 0.107 / → ヒモ分散。1号艇1着固定で広めのヒモ流し推奨（買い目+2点）', 'tenji_trigger': '展示確認: ヒモ分散レース。1号艇伸び確認後、広めのヒモ流しを採用。穴ヒモ（5・6号艇）を積極的に含める。'}",,,37.5,両建て推奨,28.93,31.6,3,,,,,,,,,,,
2026-01-09,丸亀,10,6,伊藤啓三,B1,34.44,6,△,1.0072,2.2,58,26.9,0.1636,3.5672,,,0,低,78,0,-,2,0,29,1.0761,,,,,,0.2727,0.3455,0.0364,,,B,○,,0.3192,0.6695,,0.3208,B,59,0,◎○△フォーメーション（15〜20点）,0.5777,"{'is_target': True, 'verdict': '参加推奨', 'max_combo_prob': 0.0669, 'est_top_odds': 19.9, 'circle_concentration': 77.8, 'eligible_count': 9, 'bet_adj': 2, 'reason': 'rel_win1=50.3%（本命度） / 最有力組み合わせ確率: 0.067（推定実オッズ?20倍） / 2着集中度: 上位2艇 77.8%（補正+0.04） / 総合判定確率: 0.107 / → ヒモ分散。1号艇1着固定で広めのヒモ流し推奨（買い目+2点）', 'tenji_trigger': '展示確認: ヒモ分散レース。1号艇伸び確認後、広めのヒモ流しを採用。穴ヒモ（5・6号艇）を積極的に含める。'}",,,37.5,両建て推奨,28.93,31.6,3,,,,,,,,,,,
2026-01-09,丸亀,11,1,竹田辰也,A1,30.61,1,◎,58.9566,,0,93,0.134,2.6395,,,0,低,94,0,逃1%,3,0,82.6,1.1497,0.6429,,,,,0.019,0.0476,0.2071,◎,,C,△,,,0.6225,,0.5913,S,93,0,◎1着固定 2-3着流し（5〜8点）,0.5777,"{'is_target': True, 'verdict': '参加推奨', 'max_combo_prob': 0.0726, 'est_top_odds': 18.4, 'circle_concentration': 65.1, 'eligible_count': 6, 'bet_adj': 2, 'reason': 'rel_win1=59.0%（本命度） / 最有力組み合わせ確率: 0.073（推定実オッズ?18倍） / 2着集中度: 上位2艇 65.1%（補正+0.00） / 総合判定確率: 0.073 / → ヒモ分散。1号艇1着固定で広めのヒモ流し推奨（買い目+2点）', 'tenji_trigger': '展示確認: ヒモ分散レース。1号艇伸び確認後、広めのヒモ流しを採用。穴ヒモ（5・6号艇）を積極的に含める。\n展示で1号艇スタート超安定(0.134秒)→ヒモ固まり方向に注意'}",,,27.9,逃げ狙い,20.45,25.6,4,,,,,0,0,0.7559,0,,逃げ軸流し,A
2026-01-09,丸亀,11,2,土屋実沙,A2,32.91,2,○,18.1197,42,63,53.6,0.1629,3.6964,,,0,低,73,0,差0% 抜0%,5,0,78.9,0.9559,0,0.25,0,0,0.0625,0.0444,0.3333,0,,,B,,,0.1122,0.5505,,0.5913,S,93,0,◎1着固定 2-3着流し（5〜8点）,0.5777,"{'is_target': True, 'verdict': '参加推奨', 'max_combo_prob': 0.0726, 'est_top_odds': 18.4, 'circle_concentration': 65.1, 'eligible_count': 6, 'bet_adj': 2, 'reason': 'rel_win1=59.0%（本命度） / 最有力組み合わせ確率: 0.073（推定実オッズ?18倍） / 2着集中度: 上位2艇 65.1%（補正+0.00） / 総合判定確率: 0.073 / → ヒモ分散。1号艇1着固定で広めのヒモ流し推奨（買い目+2点）', 'tenji_trigger': '展示確認: ヒモ分散レース。1号艇伸び確認後、広めのヒモ流しを採用。穴ヒモ（5・6号艇）を積極的に含める。\n展示で1号艇スタート超安定(0.134秒)→ヒモ固まり方向に注意'}",,,27.9,逃げ狙い,20.45,25.6,4,,,,,,,,,,,
2026-01-09,丸亀,11,3,嶋田貴支,B1,23.81,3,,5.1884,23.1,79,54.4,0.1676,3.3162,,,0,低,134,0,-,3,0,93.4,1.9138,0,0.0312,0,0.0312,0,0.0174,0.0522,0.1174,,,D,,,0.1124,0.6045,,0.5913,S,93,0,◎1着固定 2-3着流し（5〜8点）,0.5777,"{'is_target': True, 'verdict': '参加推奨', 'max_combo_prob': 0.0726, 'est_top_odds': 18.4, 'circle_concentration': 65.1, 'eligible_count': 6, 'bet_adj': 2, 'reason': 'rel_win1=59.0%（本命度） / 最有力組み合わせ確率: 0.073（推定実オッズ?18倍） / 2着集中度: 上位2艇 65.1%（補正+0.00） / 総合判定確率: 0.073 / → ヒモ分散。1号艇1着固定で広めのヒモ流し推奨（買い目+2点）', 'tenji_trigger': '展示確認: ヒモ分散レース。1号艇伸び確認後、広めのヒモ流しを採用。穴ヒモ（5・6号艇）を積極的に含める。\n展示で1号艇スタート超安定(0.134秒)→ヒモ固まり方向に注意'}",,,27.9,逃げ狙い,20.45,25.6,4,,,,,,,,,,,
2026-01-09,丸亀,11,4,古賀繁輝,A1,17.11,4,△,13.6898,22.9,81,82.9,0.1206,2.5143,,,0,低,54,0,ま0%,15,0,54.4,1.12,0,0.0625,0.1875,0.125,0,0,0.0308,0.0308,,,E,○,◎,0.3934,0.664,0.5595,0.5913,S,93,0,◎1着固定 2-3着流し（5〜8点）,0.5777,"{'is_target': True, 'verdict': '参加推奨', 'max_combo_prob': 0.0726, 'est_top_odds': 18.4, 'circle_concentration': 65.1, 'eligible_count': 6, 'bet_adj': 2, 'reason': 'rel_win1=59.0%（本命度） / 最有力組み合わせ確率: 0.073（推定実オッズ?18倍） / 2着集中度: 上位2艇 65.1%（補正+0.00） / 総合判定確率: 0.073 / → ヒモ分散。1号艇1着固定で広めのヒモ流し推奨（買い目+2点）', 'tenji_trigger': '展示確認: ヒモ分散レース。1号艇伸び確認後、広めのヒモ流しを採用。穴ヒモ（5・6号艇）を積極的に含める。\n展示で1号艇スタート超安定(0.134秒)→ヒモ固まり方向に注意'}",,,27.9,逃げ狙い,20.45,25.6,4,,,,,,,,,,,
2026-01-09,丸亀,11,5,大野芳顕,A2,35.44,5,▲,3.2152,8.6,100,50.7,0.1754,3.5423,,,0,低,139,0,-,14,0,40.8,1.5005,0,0,0,0.0667,0,0.09,0.11,0.14,,,B,△,,0.1595,0.6345,,0.5913,S,93,0,◎1着固定 2-3着流し（5〜8点）,0.5777,"{'is_target': True, 'verdict': '参加推奨', 'max_combo_prob': 0.0726, 'est_top_odds': 18.4, 'circle_concentration': 65.1, 'eligible_count': 6, 'bet_adj': 2, 'reason': 'rel_win1=59.0%（本命度） / 最有力組み合わせ確率: 0.073（推定実オッズ?18倍） / 2着集中度: 上位2艇 65.1%（補正+0.00） / 総合判定確率: 0.073 / → ヒモ分散。1号艇1着固定で広めのヒモ流し推奨（買い目+2点）', 'tenji_trigger': '展示確認: ヒモ分散レース。1号艇伸び確認後、広めのヒモ流しを採用。穴ヒモ（5・6号艇）を積極的に含める。\n展示で1号艇スタート超安定(0.134秒)→ヒモ固まり方向に注意'}",,,27.9,逃げ狙い,20.45,25.6,4,,,,,,,,,,,
2026-01-09,丸亀,11,6,牧原　崇,B1,20.59,6,,0.8303,3.4,81,29.3,0.204,4.7414,,,0,低,174,0,-,5,0,31,0.6814,,,,,,0.0258,0.2016,0.2274,,,D,◎,,0.1451,0.6775,,0.5913,S,93,0,◎1着固定 2-3着流し（5〜8点）,0.5777,"{'is_target': True, 'verdict': '参加推奨', 'max_combo_prob': 0.0726, 'est_top_odds': 18.4, 'circle_concentration': 65.1, 'eligible_count': 6, 'bet_adj': 2, 'reason': 'rel_win1=59.0%（本命度） / 最有力組み合わせ確率: 0.073（推定実オッズ?18倍） / 2着集中度: 上位2艇 65.1%（補正+0.00） / 総合判定確率: 0.073 / → ヒモ分散。1号艇1着固定で広めのヒモ流し推奨（買い目+2点）', 'tenji_trigger': '展示確認: ヒモ分散レース。1号艇伸び確認後、広めのヒモ流しを採用。穴ヒモ（5・6号艇）を積極的に含める。\n展示で1号艇スタート超安定(0.134秒)→ヒモ固まり方向に注意'}",,,27.9,逃げ狙い,20.45,25.6,4,,,,,,,,,,,
2026-01-09,丸亀,12,1,中村泰平,A1,21.79,1,◎,58.3652,,0,92.2,0.1551,2.7647,,,0,低,80,0,逃1%,13,0,57.6,0.9971,0.6818,,,,,0.1864,0.0182,0.0364,◎,,D,△,,,0.6085,,0.5802,S,80,0,◎1着固定 2-3着流し（5〜8点）,0.5777,"{'is_target': True, 'verdict': '参加推奨', 'max_combo_prob': 0.0745, 'est_top_odds': 17.9, 'circle_concentration': 68.0, 'eligible_count': 6, 'bet_adj': 2, 'reason': 'rel_win1=58.4%（本命度） / 最有力組み合わせ確率: 0.075（推定実オッズ?18倍） / 2着集中度: 上位2艇 68.0%（補正+0.00） / 総合判定確率: 0.075 / → ヒモ分散。1号艇1着固定で広めのヒモ流し推奨（買い目+2点）', 'tenji_trigger': '展示確認: ヒモ分散レース。1号艇伸び確認後、広めのヒモ流しを採用。穴ヒモ（5・6号艇）を積極的に含める。'}",,,29,逃げ狙い,20.02,29.1,2,,,,,0,0,0.7559,0,,逃げ軸流し,A
2026-01-09,丸亀,12,2,平高奈菜,A2,22.08,2,,13.5231,46,80,75,0.1575,3.1875,,,0,低,46,0,-,1,0,52.7,1.2722,0,0.1667,0,0,0,0.2,0,0.1333,,,D,△,,0.3148,0.6215,,0.5802,S,80,0,◎1着固定 2-3着流し（5〜8点）,0.5777,"{'is_target': True, 'verdict': '参加推奨', 'max_combo_prob': 0.0745, 'est_top_odds': 17.9, 'circle_concentration': 68.0, 'eligible_count': 6, 'bet_adj': 2, 'reason': 'rel_win1=58.4%（本命度） / 最有力組み合わせ確率: 0.075（推定実オッズ?18倍） / 2着集中度: 上位2艇 68.0%（補正+0.00） / 総合判定確率: 0.075 / → ヒモ分散。1号艇1着固定で広めのヒモ流し推奨（買い目+2点）', 'tenji_trigger': '展示確認: ヒモ分散レース。1号艇伸び確認後、広めのヒモ流しを採用。穴ヒモ（5・6号艇）を積極的に含める。'}",,,29,逃げ狙い,20.02,29.1,2,,,,,,,,,,,
2026-01-09,丸亀,12,3,西村　歩,A2,37.80,3,○,9.7417,22.1,89,56.1,0.1507,2.8659,,,0,低,61,0,差ま0% 抜0%,62,0,31,1.0356,0,0,0,0.1111,0.0556,0.1607,0.1,0,,,B,,,0.3223,0.5625,,0.5802,S,80,0,◎1着固定 2-3着流し（5〜8点）,0.5777,"{'is_target': True, 'verdict': '参加推奨', 'max_combo_prob': 0.0745, 'est_top_odds': 17.9, 'circle_concentration': 68.0, 'eligible_count': 6, 'bet_adj': 2, 'reason': 'rel_win1=58.4%（本命度） / 最有力組み合わせ確率: 0.075（推定実オッズ?18倍） / 2着集中度: 上位2艇 68.0%（補正+0.00） / 総合判定確率: 0.075 / → ヒモ分散。1号艇1着固定で広めのヒモ流し推奨（買い目+2点）', 'tenji_trigger': '展示確認: ヒモ分散レース。1号艇伸び確認後、広めのヒモ流しを採用。穴ヒモ（5・6号艇）を積極的に含める。'}",,,29,逃げ狙い,20.02,29.1,2,,,,,,,,,,,
2026-01-09,丸亀,12,4,杉田篤光,A2,20.27,4,,7.0971,14.7,100,66,0.1945,4.5849,,,0,低,185,0,差ま0%,4,0,44.6,1.17,0,0,0.0417,0.0417,0,0.1358,0.0267,0.1624,,,E,,○,0.1336,0.578,0.1826,0.5802,S,80,0,◎1着固定 2-3着流し（5〜8点）,0.5777,"{'is_target': True, 'verdict': '参加推奨', 'max_combo_prob': 0.0745, 'est_top_odds': 17.9, 'circle_concentration': 68.0, 'eligible_count': 6, 'bet_adj': 2, 'reason': 'rel_win1=58.4%（本命度） / 最有力組み合わせ確率: 0.075（推定実オッズ?18倍） / 2着集中度: 上位2艇 68.0%（補正+0.00） / 総合判定確率: 0.075 / → ヒモ分散。1号艇1着固定で広めのヒモ流し推奨（買い目+2点）', 'tenji_trigger': '展示確認: ヒモ分散レース。1号艇伸び確認後、広めのヒモ流しを採用。穴ヒモ（5・6号艇）を積極的に含める。'}",,,29,逃げ狙い,20.02,29.1,2,,,,,,,,,,,
2026-01-09,丸亀,12,5,浜先真範,A1,32.93,5,▲,10.2424,14.9,98,73.2,0.142,2.9024,,,0,低,66,0,差ま0% 抜0%,22,0,100,2.081,0,0,0,0.05,0.05,0.01,0.02,0.02,,,C,○,◎,0.3272,0.647,0.4635,0.5802,S,80,0,◎1着固定 2-3着流し（5〜8点）,0.5777,"{'is_target': True, 'verdict': '参加推奨', 'max_combo_prob': 0.0745, 'est_top_odds': 17.9, 'circle_concentration': 68.0, 'eligible_count': 6, 'bet_adj': 2, 'reason': 'rel_win1=58.4%（本命度） / 最有力組み合わせ確率: 0.075（推定実オッズ?18倍） / 2着集中度: 上位2艇 68.0%（補正+0.00） / 総合判定確率: 0.075 / → ヒモ分散。1号艇1着固定で広めのヒモ流し推奨（買い目+2点）', 'tenji_trigger': '展示確認: ヒモ分散レース。1号艇伸び確認後、広めのヒモ流しを採用。穴ヒモ（5・6号艇）を積極的に含める。'}",,,29,逃げ狙い,20.02,29.1,2,,,,,,,,,,,
2026-01-09,丸亀,12,6,柳瀬興志,B1,40.74,6,△,1.0305,2.4,73,29.2,0.1748,4.125,,,0,低,162,0,-,12,0,39.7,1.1989,,,,,,0.1635,0.2714,0.1635,,,A,◎,,0.2508,0.656,,0.5802,S,80,0,◎1着固定 2-3着流し（5〜8点）,0.5777,"{'is_target': True, 'verdict': '参加推奨', 'max_combo_prob': 0.0745, 'est_top_odds': 17.9, 'circle_concentration': 68.0, 'eligible_count': 6, 'bet_adj': 2, 'reason': 'rel_win1=58.4%（本命度） / 最有力組み合わせ確率: 0.075（推定実オッズ?18倍） / 2着集中度: 上位2艇 68.0%（補正+0.00） / 総合判定確率: 0.075 / → ヒモ分散。1号艇1着固定で広めのヒモ流し推奨（買い目+2点）', 'tenji_trigger': '展示確認: ヒモ分散レース。1号艇伸び確認後、広めのヒモ流しを採用。穴ヒモ（5・6号艇）を積極的に含める。'}",,,29,逃げ狙い,20.02,29.1,2,,,,,,,,,,,
2026-01-10,丸亀,1,1,関　裕也,B1,19.48,1,◎,61.6153,,0,88.6,0.1674,3.1714,,,0,低,86,0,逃0%,565,0,87.8,1.1526,0.4615,,,,,0.0923,0,0.2615,◎,,E,△,,,0.6015,,0.4739,A,76,0,◎-○軸 3着3〜4艇流し（10〜15点）,0.5777,"{'is_target': True, 'verdict': '点数絞り', 'max_combo_prob': 0.0874, 'est_top_odds': 15.2, 'circle_concentration': 74.1, 'eligible_count': 8, 'bet_adj': 0, 'reason': 'rel_win1=61.6%（本命度） / 最有力組み合わせ確率: 0.087（推定実オッズ?15倍） / 2着集中度: 上位2艇 74.1%（補正+0.04） / 総合判定確率: 0.127 / → ヒモはやや固め。上位2艇以外を切ること', 'tenji_trigger': '展示確認: 1号艇伸び良→そのまま採用。悪→飛び組に差し替え。circle_pct上位2艇に絞り込むこと。'}",,,26.2,逃げ狙い,11.42,28.7,4,,,,,0,0,0.7559,0,,逃げ軸流し,A
2026-01-10,丸亀,1,2,金田大輔,B1,21.05,2,△,11.681,36.7,43,40,0.1847,3.7417,,,0,低,99,0,-,666,0,57.5,1.2226,0,0.0667,0.0333,0,0.0333,0.2,0.1,0.1,,,D,△,,0.1398,0.587,,0.4739,A,76,0,◎-○軸 3着3〜4艇流し（10〜15点）,0.5777,"{'is_target': True, 'verdict': '点数絞り', 'max_combo_prob': 0.0874, 'est_top_odds': 15.2, 'circle_concentration': 74.1, 'eligible_count': 8, 'bet_adj': 0, 'reason': 'rel_win1=61.6%（本命度） / 最有力組み合わせ確率: 0.087（推定実オッズ?15倍） / 2着集中度: 上位2艇 74.1%（補正+0.04） / 総合判定確率: 0.127 / → ヒモはやや固め。上位2艇以外を切ること', 'tenji_trigger': '展示確認: 1号艇伸び良→そのまま採用。悪→飛び組に差し替え。circle_pct上位2艇に絞り込むこと。'}",,,26.2,逃げ狙い,11.42,28.7,4,,,,,,,,,,,
2026-01-10,丸亀,1,3,抹香雄三,B1,36.59,3,○,10.7328,37.5,73,52.6,0.1583,3.3462,,,0,低,100,0,-,452,0,34.4,0.8917,0,0,0.0333,0.0667,0,0.12,0.24,0.16,,,A,◎,,0.3374,0.6655,,0.4739,A,76,0,◎-○軸 3着3〜4艇流し（10〜15点）,0.5777,"{'is_target': True, 'verdict': '点数絞り', 'max_combo_prob': 0.0874, 'est_top_odds': 15.2, 'circle_concentration': 74.1, 'eligible_count': 8, 'bet_adj': 0, 'reason': 'rel_win1=61.6%（本命度） / 最有力組み合わせ確率: 0.087（推定実オッズ?15倍） / 2着集中度: 上位2艇 74.1%（補正+0.04） / 総合判定確率: 0.127 / → ヒモはやや固め。上位2艇以外を切ること', 'tenji_trigger': '展示確認: 1号艇伸び良→そのまま採用。悪→飛び組に差し替え。circle_pct上位2艇に絞り込むこと。'}",,,26.2,逃げ狙い,11.42,28.7,4,,,,,,,,,,,
2026-01-10,丸亀,1,4,佐藤　旭,B1,29.67,4,▲,8.2373,13.7,100,45.6,0.2056,4.614,,,0,低,162,0,-,161,0,35.1,0.9764,,,,,,0.0706,0.2441,0.0706,,,B,○,,0.164,0.628,,0.4739,A,76,0,◎-○軸 3着3〜4艇流し（10〜15点）,0.5777,"{'is_target': True, 'verdict': '点数絞り', 'max_combo_prob': 0.0874, 'est_top_odds': 15.2, 'circle_concentration': 74.1, 'eligible_count': 8, 'bet_adj': 0, 'reason': 'rel_win1=61.6%（本命度） / 最有力組み合わせ確率: 0.087（推定実オッズ?15倍） / 2着集中度: 上位2艇 74.1%（補正+0.04） / 総合判定確率: 0.127 / → ヒモはやや固め。上位2艇以外を切ること', 'tenji_trigger': '展示確認: 1号艇伸び良→そのまま採用。悪→飛び組に差し替え。circle_pct上位2艇に絞り込むこと。'}",,,26.2,逃げ狙い,11.42,28.7,4,,,,,,,,,,,
2026-01-10,丸亀,1,5,中岡　駿,B2,28.95,5,,6.4197,11.1,71,0,0.2075,4.0625,,,0,低,40,1,-,666,0,23,0.7705,,,,,,,,,,,C,,,0.1824,0.482,,0.4739,A,76,0,◎-○軸 3着3〜4艇流し（10〜15点）,0.5777,"{'is_target': True, 'verdict': '点数絞り', 'max_combo_prob': 0.0874, 'est_top_odds': 15.2, 'circle_concentration': 74.1, 'eligible_count': 8, 'bet_adj': 0, 'reason': 'rel_win1=61.6%（本命度） / 最有力組み合わせ確率: 0.087（推定実オッズ?15倍） / 2着集中度: 上位2艇 74.1%（補正+0.04） / 総合判定確率: 0.127 / → ヒモはやや固め。上位2艇以外を切ること', 'tenji_trigger': '展示確認: 1号艇伸び良→そのまま採用。悪→飛び組に差し替え。circle_pct上位2艇に絞り込むこと。'}",,,26.2,逃げ狙い,11.42,28.7,4,,,,,,,,,,,
2026-01-10,丸亀,1,6,大森　翼,B1,28.92,6,,1.314,1.1,50,7.7,0.1864,4.359,,,0,低,127,0,-,455,0,34.2,0.82,,,,,,0.025,0.35,0.3,,,C,,,0.2495,0.58,,0.4739,A,76,0,◎-○軸 3着3〜4艇流し（10〜15点）,0.5777,"{'is_target': True, 'verdict': '点数絞り', 'max_combo_prob': 0.0874, 'est_top_odds': 15.2, 'circle_concentration': 74.1, 'eligible_count': 8, 'bet_adj': 0, 'reason': 'rel_win1=61.6%（本命度） / 最有力組み合わせ確率: 0.087（推定実オッズ?15倍） / 2着集中度: 上位2艇 74.1%（補正+0.04） / 総合判定確率: 0.127 / → ヒモはやや固め。上位2艇以外を切ること', 'tenji_trigger': '展示確認: 1号艇伸び良→そのまま採用。悪→飛び組に差し替え。circle_pct上位2艇に絞り込むこと。'}",,,26.2,逃げ狙い,11.42,28.7,4,,,,,,,,,,,
2026-01-10,丸亀,2,1,笠　雅雄,B1,20.59,1,◎,51.8906,,0,63.6,0.1691,3.4697,,,0,低,120,0,逃0%,4 22,0,42.6,0.7259,0.25,,,,,0.275,0.25,0.025,○,,E,,,,0.551,,0.3703,A,70,0,◎-○軸 3着3〜4艇流し（10〜15点）,0.5777,"{'is_target': True, 'verdict': '点数絞り', 'max_combo_prob': 0.0836, 'est_top_odds': 16.0, 'circle_concentration': 75.4, 'eligible_count': 8, 'bet_adj': 0, 'reason': 'rel_win1=51.9%（本命度） / 最有力組み合わせ確率: 0.084（推定実オッズ?16倍） / 2着集中度: 上位2艇 75.4%（補正+0.04） / 総合判定確率: 0.124 / → ヒモはやや固め。上位2艇以外を切ること', 'tenji_trigger': '展示確認: 1号艇伸び良→そのまま採用。悪→飛び組に差し替え。circle_pct上位2艇に絞り込むこと。'}",,,29.9,逃げ狙い,13.01,37.7,3,,,,,0,0,0.6155,0,,逃げ軸流し,A
2026-01-10,丸亀,2,2,嶋田貴支,B1,23.81,2,△,15.5541,24.3,100,47.6,0.1687,3.881,,,0,低,134,0,-,3 13,0,49.1,1.0752,0,0.037,0.0741,0,0,0.0174,0.0522,0.1174,,○,D,△,,0.3567,0.6045,,0.3703,A,70,0,◎-○軸 3着3〜4艇流し（10〜15点）,0.5777,"{'is_target': True, 'verdict': '点数絞り', 'max_combo_prob': 0.0836, 'est_top_odds': 16.0, 'circle_concentration': 75.4, 'eligible_count': 8, 'bet_adj': 0, 'reason': 'rel_win1=51.9%（本命度） / 最有力組み合わせ確率: 0.084（推定実オッズ?16倍） / 2着集中度: 上位2艇 75.4%（補正+0.04） / 総合判定確率: 0.124 / → ヒモはやや固め。上位2艇以外を切ること', 'tenji_trigger': '展示確認: 1号艇伸び良→そのまま採用。悪→飛び組に差し替え。circle_pct上位2艇に絞り込むこと。'}",,,29.9,逃げ狙い,13.01,37.7,3,,,,,,,,,,,
2026-01-10,丸亀,2,3,松瀬弘美,B1,29.55,3,▲,10.755,51,56,47.1,0.1582,3.0294,,,0,低,82,0,-,4 24,0,95.1,1.9648,,,,,,0.5818,0.2364,0.0364,,◎,C,,,0.4062,0.5835,,0.3703,A,70,0,◎-○軸 3着3〜4艇流し（10〜15点）,0.5777,"{'is_target': True, 'verdict': '点数絞り', 'max_combo_prob': 0.0836, 'est_top_odds': 16.0, 'circle_concentration': 75.4, 'eligible_count': 8, 'bet_adj': 0, 'reason': 'rel_win1=51.9%（本命度） / 最有力組み合わせ確率: 0.084（推定実オッズ?16倍） / 2着集中度: 上位2艇 75.4%（補正+0.04） / 総合判定確率: 0.124 / → ヒモはやや固め。上位2艇以外を切ること', 'tenji_trigger': '展示確認: 1号艇伸び良→そのまま採用。悪→飛び組に差し替え。circle_pct上位2艇に絞り込むこと。'}",,,29.9,逃げ狙い,13.01,37.7,3,,,,,,,,,,,
2026-01-10,丸亀,2,4,柳瀬興志,B1,40.74,4,○,11.4834,16.3,94,46.3,0.1678,3.7537,,,0,低,162,0,差ま0%,1246,0,55,1.113,0,0,0,0.0645,0,0.1635,0.2714,0.1635,,,A,◎,,0.3293,0.656,,0.3703,A,70,0,◎-○軸 3着3〜4艇流し（10〜15点）,0.5777,"{'is_target': True, 'verdict': '点数絞り', 'max_combo_prob': 0.0836, 'est_top_odds': 16.0, 'circle_concentration': 75.4, 'eligible_count': 8, 'bet_adj': 0, 'reason': 'rel_win1=51.9%（本命度） / 最有力組み合わせ確率: 0.084（推定実オッズ?16倍） / 2着集中度: 上位2艇 75.4%（補正+0.04） / 総合判定確率: 0.124 / → ヒモはやや固め。上位2艇以外を切ること', 'tenji_trigger': '展示確認: 1号艇伸び良→そのまま採用。悪→飛び組に差し替え。circle_pct上位2艇に絞り込むこと。'}",,,29.9,逃げ狙い,13.01,37.7,3,,,,,,,,,,,
2026-01-10,丸亀,2,5,宇野博之,B1,21.92,5,,7.8421,5.7,68,33.3,0.165,3.6212,,,0,低,135,0,抜1%,523,0,61.6,1.2102,0,0,0,0.037,0.037,0.2398,0.297,0.1307,,,D,△,,0.3327,0.606,,0.3703,A,70,0,◎-○軸 3着3〜4艇流し（10〜15点）,0.5777,"{'is_target': True, 'verdict': '点数絞り', 'max_combo_prob': 0.0836, 'est_top_odds': 16.0, 'circle_concentration': 75.4, 'eligible_count': 8, 'bet_adj': 0, 'reason': 'rel_win1=51.9%（本命度） / 最有力組み合わせ確率: 0.084（推定実オッズ?16倍） / 2着集中度: 上位2艇 75.4%（補正+0.04） / 総合判定確率: 0.124 / → ヒモはやや固め。上位2艇以外を切ること', 'tenji_trigger': '展示確認: 1号艇伸び良→そのまま採用。悪→飛び組に差し替え。circle_pct上位2艇に絞り込むこと。'}",,,29.9,逃げ狙い,13.01,37.7,3,,,,,,,,,,,
2026-01-10,丸亀,2,6,大野芳顕,A2,35.44,6,,2.4747,2.6,55,29.7,0.1809,3.8311,,,0,低,139,0,-,1422,0,26.9,0.4889,0,0,0,0.0294,0,0.09,0.11,0.14,,,B,○,,0.2814,0.6345,,0.3703,A,70,0,◎-○軸 3着3〜4艇流し（10〜15点）,0.5777,"{'is_target': True, 'verdict': '点数絞り', 'max_combo_prob': 0.0836, 'est_top_odds': 16.0, 'circle_concentration': 75.4, 'eligible_count': 8, 'bet_adj': 0, 'reason': 'rel_win1=51.9%（本命度） / 最有力組み合わせ確率: 0.084（推定実オッズ?16倍） / 2着集中度: 上位2艇 75.4%（補正+0.04） / 総合判定確率: 0.124 / → ヒモはやや固め。上位2艇以外を切ること', 'tenji_trigger': '展示確認: 1号艇伸び良→そのまま採用。悪→飛び組に差し替え。circle_pct上位2艇に絞り込むこと。'}",,,29.9,逃げ狙い,13.01,37.7,3,,,,,,,,,,,
2026-01-10,丸亀,3,1,木村紗友,B1,29.49,1,◎,56.3506,,0,70.8,0.1458,2.6667,,,0,低,68,0,逃1%,5 66,0,63.1,0.9487,0.6364,,,,,0.0909,0.1818,0.0909,◎,,C,,,,0.5685,,0.5322,A,71,0,◎-○軸 3着3〜4艇流し（10〜15点）,0.5777,"{'is_target': True, 'verdict': '参加推奨', 'max_combo_prob': 0.088, 'est_top_odds': 15.2, 'circle_concentration': 65.6, 'eligible_count': 8, 'bet_adj': 2, 'reason': 'rel_win1=56.4%（本命度） / 最有力組み合わせ確率: 0.088（推定実オッズ?15倍） / 2着集中度: 上位2艇 65.6%（補正+0.00） / 総合判定確率: 0.088 / → ヒモ分散。1号艇1着固定で広めのヒモ流し推奨（買い目+2点）', 'tenji_trigger': '展示確認: ヒモ分散レース。1号艇伸び確認後、広めのヒモ流しを採用。穴ヒモ（5・6号艇）を積極的に含める。'}",,,27.5,逃げ狙い,13.9,30.1,3,,,,,0,0,0.7559,0,,逃げ軸流し,A
2026-01-10,丸亀,3,2,角浜　修,B1,39.24,2,○,15.2416,22.9,61,36.5,0.1759,3.9257,,,0,低,134,0,-,5 44,0,100,2.0157,0,0.0909,0.0303,0,0,0.0833,0.15,0.15,,,A,○,,0.0682,0.6255,,0.5322,A,71,0,◎-○軸 3着3〜4艇流し（10〜15点）,0.5777,"{'is_target': True, 'verdict': '参加推奨', 'max_combo_prob': 0.088, 'est_top_odds': 15.2, 'circle_concentration': 65.6, 'eligible_count': 8, 'bet_adj': 2, 'reason': 'rel_win1=56.4%（本命度） / 最有力組み合わせ確率: 0.088（推定実オッズ?15倍） / 2着集中度: 上位2艇 65.6%（補正+0.00） / 総合判定確率: 0.088 / → ヒモ分散。1号艇1着固定で広めのヒモ流し推奨（買い目+2点）', 'tenji_trigger': '展示確認: ヒモ分散レース。1号艇伸び確認後、広めのヒモ流しを採用。穴ヒモ（5・6号艇）を積極的に含める。'}",,,27.5,逃げ狙い,13.9,30.1,3,,,,,,,,,,,
2026-01-10,丸亀,3,3,原村拓也,B1,20.83,3,,9.3552,42.7,100,50.7,0.1648,3.6087,,,0,低,159,0,-,236,0,43,0.9915,,,,,,0.3114,0.1257,0.02,,,E,△,,0.2165,0.5855,,0.5322,A,71,0,◎-○軸 3着3〜4艇流し（10〜15点）,0.5777,"{'is_target': True, 'verdict': '参加推奨', 'max_combo_prob': 0.088, 'est_top_odds': 15.2, 'circle_concentration': 65.6, 'eligible_count': 8, 'bet_adj': 2, 'reason': 'rel_win1=56.4%（本命度） / 最有力組み合わせ確率: 0.088（推定実オッズ?15倍） / 2着集中度: 上位2艇 65.6%（補正+0.00） / 総合判定確率: 0.088 / → ヒモ分散。1号艇1着固定で広めのヒモ流し推奨（買い目+2点）', 'tenji_trigger': '展示確認: ヒモ分散レース。1号艇伸び確認後、広めのヒモ流しを採用。穴ヒモ（5・6号艇）を積極的に含める。'}",,,27.5,逃げ狙い,13.9,30.1,3,,,,,,,,,,,
2026-01-10,丸亀,3,4,土屋実沙,A2,32.91,4,△,7.9663,10.8,87,31.2,0.2081,4.0625,,,0,低,73,0,-,5 66,0,27,0.7657,,,,,,0.0444,0.3333,0,,,B,,,0.135,0.5505,,0.5322,A,71,0,◎-○軸 3着3〜4艇流し（10〜15点）,0.5777,"{'is_target': True, 'verdict': '参加推奨', 'max_combo_prob': 0.088, 'est_top_odds': 15.2, 'circle_concentration': 65.6, 'eligible_count': 8, 'bet_adj': 2, 'reason': 'rel_win1=56.4%（本命度） / 最有力組み合わせ確率: 0.088（推定実オッズ?15倍） / 2着集中度: 上位2艇 65.6%（補正+0.00） / 総合判定確率: 0.088 / → ヒモ分散。1号艇1着固定で広めのヒモ流し推奨（買い目+2点）', 'tenji_trigger': '展示確認: ヒモ分散レース。1号艇伸び確認後、広めのヒモ流しを採用。穴ヒモ（5・6号艇）を積極的に含める。'}",,,27.5,逃げ狙い,13.9,30.1,3,,,,,,,,,,,
2026-01-10,丸亀,3,5,川上　剛,A2,27.17,5,▲,9.8021,17.5,57,31.7,0.1643,3.7917,,,0,低,143,0,-,312,0,28.6,0.5826,0,0,0,0.0625,0,0,0.2346,0.0211,,,D,◎,,0.2268,0.632,,0.5322,A,71,0,◎-○軸 3着3〜4艇流し（10〜15点）,0.5777,"{'is_target': True, 'verdict': '参加推奨', 'max_combo_prob': 0.088, 'est_top_odds': 15.2, 'circle_concentration': 65.6, 'eligible_count': 8, 'bet_adj': 2, 'reason': 'rel_win1=56.4%（本命度） / 最有力組み合わせ確率: 0.088（推定実オッズ?15倍） / 2着集中度: 上位2艇 65.6%（補正+0.00） / 総合判定確率: 0.088 / → ヒモ分散。1号艇1着固定で広めのヒモ流し推奨（買い目+2点）', 'tenji_trigger': '展示確認: ヒモ分散レース。1号艇伸び確認後、広めのヒモ流しを採用。穴ヒモ（5・6号艇）を積極的に含める。'}",,,27.5,逃げ狙い,13.9,30.1,3,,,,,,,,,,,
2026-01-10,丸亀,3,6,奥田　誠,B1,25.58,6,,1.284,6.1,33,15.9,0.1975,4.9205,,,0,低,163,0,-,231,0,23.1,0.3417,,,,,,0.1771,0.0571,0.139,,,D,△,,0.1485,0.6205,,0.5322,A,71,0,◎-○軸 3着3〜4艇流し（10〜15点）,0.5777,"{'is_target': True, 'verdict': '参加推奨', 'max_combo_prob': 0.088, 'est_top_odds': 15.2, 'circle_concentration': 65.6, 'eligible_count': 8, 'bet_adj': 2, 'reason': 'rel_win1=56.4%（本命度） / 最有力組み合わせ確率: 0.088（推定実オッズ?15倍） / 2着集中度: 上位2艇 65.6%（補正+0.00） / 総合判定確率: 0.088 / → ヒモ分散。1号艇1着固定で広めのヒモ流し推奨（買い目+2点）', 'tenji_trigger': '展示確認: ヒモ分散レース。1号艇伸び確認後、広めのヒモ流しを採用。穴ヒモ（5・6号艇）を積極的に含める。'}",,,27.5,逃げ狙い,13.9,30.1,3,,,,,,,,,,,
2026-01-10,丸亀,4,1,田上　凜,B1,31.71,1,◎,49.0441,,0,14.3,0.2686,4.6429,,,0,低,114,1,-,3 15,0,20.3,0.5406,,,,,,0,0.6667,0,,,B,,,,0.504,,-0.0202,D,11,1,大荒れ。見送り推奨,0.5777,"{'is_target': True, 'verdict': '点数絞り', 'max_combo_prob': 0.0967, 'est_top_odds': 13.8, 'circle_concentration': 74.4, 'eligible_count': 6, 'bet_adj': 0, 'reason': 'rel_win1=49.0%（本命度） / 最有力組み合わせ確率: 0.097（推定実オッズ?14倍） / 2着集中度: 上位2艇 74.4%（補正+0.04） / 総合判定確率: 0.137 / → ヒモはやや固め。上位2艇以外を切ること', 'tenji_trigger': '展示確認: 1号艇伸び良→そのまま採用。悪→飛び組に差し替え。circle_pct上位2艇に絞り込むこと。\n展示で1号艇スタート遅め(0.269秒)確認→ヒモが荒れやすい'}",,,35.8,両建て推奨,13.15,40.3,2,2-1-3|2-1-5|2-1-4|2-3-1|2-5-3|2-3-5|2-3-4|2-1-6|1-2-6|1-2-5|1-3-2,2-1-3|2-1-5|2-1-4|2-3-1|2-5-3|2-3-5|2-3-4|2-1-6|1-2-6|1-2-5|3-5-6|1-3-2,2-1-3:2.38%|2-1-5:1.64%|2-1-4:1.39%|2-3-1:0.67%|2-5-3:0.64%|2-3-5:0.63%|2-3-4:0.54%|2-1-6:6.22%|1-2-6:5.8%|1-2-5:5.36%|1-3-2:3.29%,2-1-3:B_main|2-1-5:B_main|2-1-4:B_main|2-3-1:B_main|2-5-3:B_main|2-3-5:B_main|2-3-4:B_main|2-1-6:B_sc|1-2-6:A|1-2-5:A|1-3-2:A,11,12,0.2915,1,[!]見送り推奨（主役決まり手「差し」― 逃げ劣勢レースで的中実績なし）,主役軸流し,B
2026-01-10,丸亀,4,2,出畑孝典,A2,37.65,2,○,19.1169,55.8,81,73.9,0.1563,3.413,,,0,低,124,0,-,1654,0,64.3,0.9814,0,0.2,0,0,0,0.4352,0.1165,0.1319,,◎,B,○,,0.597,0.629,,-0.0202,D,11,1,大荒れ。見送り推奨,0.5777,"{'is_target': True, 'verdict': '点数絞り', 'max_combo_prob': 0.0967, 'est_top_odds': 13.8, 'circle_concentration': 74.4, 'eligible_count': 6, 'bet_adj': 0, 'reason': 'rel_win1=49.0%（本命度） / 最有力組み合わせ確率: 0.097（推定実オッズ?14倍） / 2着集中度: 上位2艇 74.4%（補正+0.04） / 総合判定確率: 0.137 / → ヒモはやや固め。上位2艇以外を切ること', 'tenji_trigger': '展示確認: 1号艇伸び良→そのまま採用。悪→飛び組に差し替え。circle_pct上位2艇に絞り込むこと。\n展示で1号艇スタート遅め(0.269秒)確認→ヒモが荒れやすい'}",,,35.8,両建て推奨,13.15,40.3,2,,,,,,,,,,,
2026-01-10,丸亀,4,3,松田真実,B1,29.55,3,△,11.3604,18.6,100,38.5,0.1677,3.25,,,0,低,69,0,差0% ま0%,6 56,0,41.3,0.8433,0,0.0833,0.0833,0,0,0,0.2857,0.4286,,△,C,,,0.4676,0.5685,,-0.0202,D,11,1,大荒れ。見送り推奨,0.5777,"{'is_target': True, 'verdict': '点数絞り', 'max_combo_prob': 0.0967, 'est_top_odds': 13.8, 'circle_concentration': 74.4, 'eligible_count': 6, 'bet_adj': 0, 'reason': 'rel_win1=49.0%（本命度） / 最有力組み合わせ確率: 0.097（推定実オッズ?14倍） / 2着集中度: 上位2艇 74.4%（補正+0.04） / 総合判定確率: 0.137 / → ヒモはやや固め。上位2艇以外を切ること', 'tenji_trigger': '展示確認: 1号艇伸び良→そのまま採用。悪→飛び組に差し替え。circle_pct上位2艇に絞り込むこと。\n展示で1号艇スタート遅め(0.269秒)確認→ヒモが荒れやすい'}",,,35.8,両建て推奨,13.15,40.3,2,,,,,,,,,,,
2026-01-10,丸亀,4,4,亀本勇樹,B1,25.68,4,,7.199,10.9,45,25.6,0.1554,3.3333,,,0,低,75,0,-,3 43,0,33.1,0.6583,0,0,0.1,0,0,0.2083,0.05,0.125,,○,D,△,,0.4788,0.5815,,-0.0202,D,11,1,大荒れ。見送り推奨,0.5777,"{'is_target': True, 'verdict': '点数絞り', 'max_combo_prob': 0.0967, 'est_top_odds': 13.8, 'circle_concentration': 74.4, 'eligible_count': 6, 'bet_adj': 0, 'reason': 'rel_win1=49.0%（本命度） / 最有力組み合わせ確率: 0.097（推定実オッズ?14倍） / 2着集中度: 上位2艇 74.4%（補正+0.04） / 総合判定確率: 0.137 / → ヒモはやや固め。上位2艇以外を切ること', 'tenji_trigger': '展示確認: 1号艇伸び良→そのまま採用。悪→飛び組に差し替え。circle_pct上位2艇に絞り込むこと。\n展示で1号艇スタート遅め(0.269秒)確認→ヒモが荒れやすい'}",,,35.8,両建て推奨,13.15,40.3,2,,,,,,,,,,,
2026-01-10,丸亀,4,5,白井友晴,B1,31.71,5,▲,8.3515,13.9,59,41,0.1749,3.7787,,,0,低,164,0,-,155,0,47.5,0.769,0,0,0.0323,0.0323,0,0.1091,0.3491,0.0545,,,C,◎,,0.4583,0.671,,-0.0202,D,11,1,大荒れ。見送り推奨,0.5777,"{'is_target': True, 'verdict': '点数絞り', 'max_combo_prob': 0.0967, 'est_top_odds': 13.8, 'circle_concentration': 74.4, 'eligible_count': 6, 'bet_adj': 0, 'reason': 'rel_win1=49.0%（本命度） / 最有力組み合わせ確率: 0.097（推定実オッズ?14倍） / 2着集中度: 上位2艇 74.4%（補正+0.04） / 総合判定確率: 0.137 / → ヒモはやや固め。上位2艇以外を切ること', 'tenji_trigger': '展示確認: 1号艇伸び良→そのまま採用。悪→飛び組に差し替え。circle_pct上位2艇に絞り込むこと。\n展示で1号艇スタート遅め(0.269秒)確認→ヒモが荒れやすい'}",,,35.8,両建て推奨,13.15,40.3,2,,,,,,,,,,,
2026-01-10,丸亀,4,6,竹田辰也,A1,30.61,6,,4.9282,0.8,79,34,0.1828,3.9528,,,0,低,94,0,-,3 15,0,74.3,1.1003,0,0,0,0.04,0,0.019,0.0476,0.2071,,,C,△,,0.4589,0.6225,,-0.0202,D,11,1,大荒れ。見送り推奨,0.5777,"{'is_target': True, 'verdict': '点数絞り', 'max_combo_prob': 0.0967, 'est_top_odds': 13.8, 'circle_concentration': 74.4, 'eligible_count': 6, 'bet_adj': 0, 'reason': 'rel_win1=49.0%（本命度） / 最有力組み合わせ確率: 0.097（推定実オッズ?14倍） / 2着集中度: 上位2艇 74.4%（補正+0.04） / 総合判定確率: 0.137 / → ヒモはやや固め。上位2艇以外を切ること', 'tenji_trigger': '展示確認: 1号艇伸び良→そのまま採用。悪→飛び組に差し替え。circle_pct上位2艇に絞り込むこと。\n展示で1号艇スタート遅め(0.269秒)確認→ヒモが荒れやすい'}",,,35.8,両建て推奨,13.15,40.3,2,,,,,,,,,,,
2026-01-10,丸亀,5,1,福田　理,B1,25.00,1,○,35.7569,,0,66,0.1723,3.7128,,,0,低,126,0,-,3 25,0,97.1,1.3881,0.3043,,,,,0.1446,0.4967,0.1446,△,,D,,,,0.594,,0.2412,D,26,1,大荒れ。見送り推奨,0.5777,"{'is_target': False, 'verdict': '対象外', 'max_combo_prob': None, 'est_top_odds': None, 'circle_concentration': None, 'eligible_count': 0, 'bet_adj': 0, 'reason': '1号艇rel_win1 < 45%: 通常判定に委ねる', 'tenji_trigger': ''}",,,33.1,両建て推奨,20.49,40.6,4,2-1-3|2-1-4|1-2-4|1-2-6|1-3-4|1-4-6|1-4-2,5-1-6|6-1-4|5-6-1|6-4-1|6-1-3|2-1-3|2-1-4|1-2-4|1-2-6|1-3-4|1-4-6|1-4-2,2-1-3:2.22%|2-1-4:2.05%|1-2-4:11.02%|1-2-6:8.73%|1-3-4:5.35%|1-4-6:5.25%|1-4-2:4.83%,2-1-3:B_main|2-1-4:B_main|1-2-4:A|1-2-6:A|1-3-4:A|1-4-6:A|1-4-2:A,7,12,0.4535,1,[!]見送り推奨（主役決まり手「差し」― 逃げ劣勢レースで的中実績なし）,荒れ広め,D
2026-01-10,丸亀,5,2,山田雄太,B1,36.67,2,▲,14.2246,51.2,51,64.3,0.151,3.2024,,,0,低,64,0,差0% ま0%,341,0,49.5,1.0597,0,0.0952,0.0476,0,0,0.016,0.2,0.048,,◎,B,◎,,0.5541,0.6615,,0.2412,D,26,1,大荒れ。見送り推奨,0.5777,"{'is_target': False, 'verdict': '対象外', 'max_combo_prob': None, 'est_top_odds': None, 'circle_concentration': None, 'eligible_count': 0, 'bet_adj': 0, 'reason': '1号艇rel_win1 < 45%: 通常判定に委ねる', 'tenji_trigger': ''}",,,33.1,両建て推奨,20.49,40.6,4,,,,,,,,,,,
2026-01-10,丸亀,5,3,天野晶夫,B1,30.23,3,△,12.3657,17.8,96,60.9,0.1735,3.4239,,,0,低,109,0,差ま0%,432,0,47.7,1.156,0,0,0,0.04,0,0.448,0.112,0.048,,,C,△,,0.3303,0.615,,0.2412,D,26,1,大荒れ。見送り推奨,0.5777,"{'is_target': False, 'verdict': '対象外', 'max_combo_prob': None, 'est_top_odds': None, 'circle_concentration': None, 'eligible_count': 0, 'bet_adj': 0, 'reason': '1号艇rel_win1 < 45%: 通常判定に委ねる', 'tenji_trigger': ''}",,,33.1,両建て推奨,20.49,40.6,4,,,,,,,,,,,
2026-01-10,丸亀,5,4,里岡右貴,A1,41.67,4,◎,22.3418,18.5,69,67.9,0.1317,2.3585,,,0,低,75,0,ま0%,141,0,91.5,1.7719,0,0,0.1053,0,0,0.115,0.139,0.024,,○,A,○,◎,0.5396,0.641,0.4358,0.2412,D,26,1,大荒れ。見送り推奨,0.5777,"{'is_target': False, 'verdict': '対象外', 'max_combo_prob': None, 'est_top_odds': None, 'circle_concentration': None, 'eligible_count': 0, 'bet_adj': 0, 'reason': '1号艇rel_win1 < 45%: 通常判定に委ねる', 'tenji_trigger': ''}",,,33.1,両建て推奨,20.49,40.6,4,,,,,,,,,,,
2026-01-10,丸亀,5,5,杉田篤光,A2,20.27,5,,12.5848,9.2,65,45.9,0.2226,4.6557,,,0,低,185,0,-,4 45,0,57,1.4129,0,0.0435,0,0.0435,0,0.1358,0.0267,0.1624,,,E,,,0.197,0.578,0.1353,0.2412,D,26,1,大荒れ。見送り推奨,0.5777,"{'is_target': False, 'verdict': '対象外', 'max_combo_prob': None, 'est_top_odds': None, 'circle_concentration': None, 'eligible_count': 0, 'bet_adj': 0, 'reason': '1号艇rel_win1 < 45%: 通常判定に委ねる', 'tenji_trigger': ''}",,,33.1,両建て推奨,20.49,40.6,4,,,,,,,,,,,
2026-01-10,丸亀,5,6,小川晃司,B1,28.74,6,,2.7261,3.3,100,43.1,0.1611,3.3991,,,0,低,77,0,-,3 53,0,30.2,0.4928,0,0,0.0104,0.0104,0.0104,,,,,,D,△,○,0.3876,0.63,0.2949,0.2412,D,26,1,大荒れ。見送り推奨,0.5777,"{'is_target': False, 'verdict': '対象外', 'max_combo_prob': None, 'est_top_odds': None, 'circle_concentration': None, 'eligible_count': 0, 'bet_adj': 0, 'reason': '1号艇rel_win1 < 45%: 通常判定に委ねる', 'tenji_trigger': ''}",,,33.1,両建て推奨,20.49,40.6,4,,,,,,,,,,,
2026-01-10,丸亀,6,1,鈴木智啓,A2,30.00,1,◎,58.1378,,0,89.1,0.1536,3.1406,,,0,低,123,0,逃1%,4 35,0,88.3,1.1444,0.5135,,,,,0.1849,0.1741,0.0432,◎,,C,△,,,0.6485,,0.521,S,84,0,◎1着固定 2-3着流し（5〜8点）,0.5777,"{'is_target': True, 'verdict': '点数絞り', 'max_combo_prob': 0.0928, 'est_top_odds': 14.4, 'circle_concentration': 72.4, 'eligible_count': 6, 'bet_adj': 0, 'reason': 'rel_win1=58.1%（本命度） / 最有力組み合わせ確率: 0.093（推定実オッズ?14倍） / 2着集中度: 上位2艇 72.4%（補正+0.04） / 総合判定確率: 0.133 / → ヒモはやや固め。上位2艇以外を切ること', 'tenji_trigger': '展示確認: 1号艇伸び良→そのまま採用。悪→飛び組に差し替え。circle_pct上位2艇に絞り込むこと。'}",,,30.8,逃げ狙い,22.2,32.6,6,,,,,0,0,0.7559,0,,逃げ軸流し,A
2026-01-10,丸亀,6,2,伊藤啓三,B1,34.44,2,○,12.9018,49.1,93,65.1,0.154,3.3333,,,0,低,78,0,-,2 42,0,21.2,0.6216,0,0.0526,0,0,0,0.2727,0.3455,0.0364,,◎,B,◎,,0.3342,0.6695,,0.521,S,84,0,◎1着固定 2-3着流し（5〜8点）,0.5777,"{'is_target': True, 'verdict': '点数絞り', 'max_combo_prob': 0.0928, 'est_top_odds': 14.4, 'circle_concentration': 72.4, 'eligible_count': 6, 'bet_adj': 0, 'reason': 'rel_win1=58.1%（本命度） / 最有力組み合わせ確率: 0.093（推定実オッズ?14倍） / 2着集中度: 上位2艇 72.4%（補正+0.04） / 総合判定確率: 0.133 / → ヒモはやや固め。上位2艇以外を切ること', 'tenji_trigger': '展示確認: 1号艇伸び良→そのまま採用。悪→飛び組に差し替え。circle_pct上位2艇に絞り込むこと。'}",,,30.8,逃げ狙い,22.2,32.6,6,,,,,,,,,,,
2026-01-10,丸亀,6,3,丸山祐也,B1,34.94,3,▲,10.3126,16,78,38.1,0.1852,4.2024,,,0,低,130,0,-,5 44,0,41,0.8681,,,,,,0.125,0.25,0.25,,,B,,,0.1816,0.558,,0.521,S,84,0,◎1着固定 2-3着流し（5〜8点）,0.5777,"{'is_target': True, 'verdict': '点数絞り', 'max_combo_prob': 0.0928, 'est_top_odds': 14.4, 'circle_concentration': 72.4, 'eligible_count': 6, 'bet_adj': 0, 'reason': 'rel_win1=58.1%（本命度） / 最有力組み合わせ確率: 0.093（推定実オッズ?14倍） / 2着集中度: 上位2艇 72.4%（補正+0.04） / 総合判定確率: 0.133 / → ヒモはやや固め。上位2艇以外を切ること', 'tenji_trigger': '展示確認: 1号艇伸び良→そのまま採用。悪→飛び組に差し替え。circle_pct上位2艇に絞り込むこと。'}",,,30.8,逃げ狙い,22.2,32.6,6,,,,,,,,,,,
2026-01-10,丸亀,6,4,平高奈菜,A2,22.08,4,△,6.2904,23.2,100,64.3,0.1775,3.9286,,,0,低,46,0,-,1 62,0,29.4,0.7104,0,0.0909,0,0,0,0.2,0,0.1333,,,D,△,,0.2232,0.6215,,0.521,S,84,0,◎1着固定 2-3着流し（5〜8点）,0.5777,"{'is_target': True, 'verdict': '点数絞り', 'max_combo_prob': 0.0928, 'est_top_odds': 14.4, 'circle_concentration': 72.4, 'eligible_count': 6, 'bet_adj': 0, 'reason': 'rel_win1=58.1%（本命度） / 最有力組み合わせ確率: 0.093（推定実オッズ?14倍） / 2着集中度: 上位2艇 72.4%（補正+0.04） / 総合判定確率: 0.133 / → ヒモはやや固め。上位2艇以外を切ること', 'tenji_trigger': '展示確認: 1号艇伸び良→そのまま採用。悪→飛び組に差し替え。circle_pct上位2艇に絞り込むこと。'}",,,30.8,逃げ狙い,22.2,32.6,6,,,,,,,,,,,
2026-01-10,丸亀,6,5,関　裕也,B1,19.48,5,,5.8412,3.6,54,28.9,0.1682,3.4079,,,0,低,86,0,-,565,0,28.8,0.8374,0,0,0,0.0556,0.0556,0.0923,0,0.2615,,,D,,,0.2661,0.6015,,0.521,S,84,0,◎1着固定 2-3着流し（5〜8点）,0.5777,"{'is_target': True, 'verdict': '点数絞り', 'max_combo_prob': 0.0928, 'est_top_odds': 14.4, 'circle_concentration': 72.4, 'eligible_count': 6, 'bet_adj': 0, 'reason': 'rel_win1=58.1%（本命度） / 最有力組み合わせ確率: 0.093（推定実オッズ?14倍） / 2着集中度: 上位2艇 72.4%（補正+0.04） / 総合判定確率: 0.133 / → ヒモはやや固め。上位2艇以外を切ること', 'tenji_trigger': '展示確認: 1号艇伸び良→そのまま採用。悪→飛び組に差し替え。circle_pct上位2艇に絞り込むこと。'}",,,30.8,逃げ狙い,22.2,32.6,6,,,,,,,,,,,
2026-01-10,丸亀,6,6,古賀繁輝,A1,17.11,6,,6.5163,8,76,60,0.16,3.75,,,0,低,54,0,-,1521,0,47.3,0.9953,0,0,0.1176,0.0588,0,0,0.0308,0.0308,,,E,○,◎,0.3162,0.664,0.3422,0.521,S,84,0,◎1着固定 2-3着流し（5〜8点）,0.5777,"{'is_target': True, 'verdict': '点数絞り', 'max_combo_prob': 0.0928, 'est_top_odds': 14.4, 'circle_concentration': 72.4, 'eligible_count': 6, 'bet_adj': 0, 'reason': 'rel_win1=58.1%（本命度） / 最有力組み合わせ確率: 0.093（推定実オッズ?14倍） / 2着集中度: 上位2艇 72.4%（補正+0.04） / 総合判定確率: 0.133 / → ヒモはやや固め。上位2艇以外を切ること', 'tenji_trigger': '展示確認: 1号艇伸び良→そのまま採用。悪→飛び組に差し替え。circle_pct上位2艇に絞り込むこと。'}",,,30.8,逃げ狙い,22.2,32.6,6,,,,,,,,,,,
2026-01-10,丸亀,7,1,牧原　崇,B1,20.59,1,◎,50.3567,,0,86.6,0.1627,3.1194,,,0,低,174,0,逃1%,5 14,0,88.1,1.1524,0.4516,,,,,0.0258,0.2016,0.2274,○,,E,○,,,0.6775,,0.4164,A,70,0,◎-○軸 3着3〜4艇流し（10〜15点）,0.5777,"{'is_target': True, 'verdict': '参加推奨', 'max_combo_prob': 0.0746, 'est_top_odds': 17.9, 'circle_concentration': 76.1, 'eligible_count': 8, 'bet_adj': 2, 'reason': 'rel_win1=50.4%（本命度） / 最有力組み合わせ確率: 0.075（推定実オッズ?18倍） / 2着集中度: 上位2艇 76.1%（補正+0.04） / 総合判定確率: 0.115 / → ヒモ分散。1号艇1着固定で広めのヒモ流し推奨（買い目+2点）', 'tenji_trigger': '展示確認: ヒモ分散レース。1号艇伸び確認後、広めのヒモ流しを採用。穴ヒモ（5・6号艇）を積極的に含める。'}",,,28.6,逃げ狙い,16.81,30.7,3,,,,,0,0,0.6155,0,,逃げ軸流し,A
2026-01-10,丸亀,7,2,大野芳顕,A2,35.44,2,○,13.7647,38.8,77,60.3,0.1576,3.5833,,,0,低,139,0,-,1422,0,54.6,0.7841,0,0.1515,0.0303,0,0.0303,0.09,0.11,0.14,,○,A,△,,0.3873,0.6345,,0.4164,A,70,0,◎-○軸 3着3〜4艇流し（10〜15点）,0.5777,"{'is_target': True, 'verdict': '参加推奨', 'max_combo_prob': 0.0746, 'est_top_odds': 17.9, 'circle_concentration': 76.1, 'eligible_count': 8, 'bet_adj': 2, 'reason': 'rel_win1=50.4%（本命度） / 最有力組み合わせ確率: 0.075（推定実オッズ?18倍） / 2着集中度: 上位2艇 76.1%（補正+0.04） / 総合判定確率: 0.115 / → ヒモ分散。1号艇1着固定で広めのヒモ流し推奨（買い目+2点）', 'tenji_trigger': '展示確認: ヒモ分散レース。1号艇伸び確認後、広めのヒモ流しを採用。穴ヒモ（5・6号艇）を積極的に含める。'}",,,28.6,逃げ狙い,16.81,30.7,3,,,,,,,,,,,
2026-01-10,丸亀,7,3,大須賀友,A2,25.93,3,△,12.501,37.3,66,81.4,0.1724,3.2288,,,0,低,116,0,-,4231,0,72,1.4977,0,0,0.12,0.08,0,0.0516,0.1258,0.0129,,,C,,,0.2768,0.599,,0.4164,A,70,0,◎-○軸 3着3〜4艇流し（10〜15点）,0.5777,"{'is_target': True, 'verdict': '参加推奨', 'max_combo_prob': 0.0746, 'est_top_odds': 17.9, 'circle_concentration': 76.1, 'eligible_count': 8, 'bet_adj': 2, 'reason': 'rel_win1=50.4%（本命度） / 最有力組み合わせ確率: 0.075（推定実オッズ?18倍） / 2着集中度: 上位2艇 76.1%（補正+0.04） / 総合判定確率: 0.115 / → ヒモ分散。1号艇1着固定で広めのヒモ流し推奨（買い目+2点）', 'tenji_trigger': '展示確認: ヒモ分散レース。1号艇伸び確認後、広めのヒモ流しを採用。穴ヒモ（5・6号艇）を積極的に含める。'}",,,28.6,逃げ狙い,16.81,30.7,3,,,,,,,,,,,
2026-01-10,丸亀,7,4,奥田　誠,B1,25.58,4,,8.4369,5.5,100,50.9,0.1657,4.0755,,,0,低,163,0,-,231,0,48.9,1.0162,0,0,0.0385,0.0769,0,0.1771,0.0571,0.139,,,D,△,,0.3111,0.6205,,0.4164,A,70,0,◎-○軸 3着3〜4艇流し（10〜15点）,0.5777,"{'is_target': True, 'verdict': '参加推奨', 'max_combo_prob': 0.0746, 'est_top_odds': 17.9, 'circle_concentration': 76.1, 'eligible_count': 8, 'bet_adj': 2, 'reason': 'rel_win1=50.4%（本命度） / 最有力組み合わせ確率: 0.075（推定実オッズ?18倍） / 2着集中度: 上位2艇 76.1%（補正+0.04） / 総合判定確率: 0.115 / → ヒモ分散。1号艇1着固定で広めのヒモ流し推奨（買い目+2点）', 'tenji_trigger': '展示確認: ヒモ分散レース。1号艇伸び確認後、広めのヒモ流しを採用。穴ヒモ（5・6号艇）を積極的に含める。'}",,,28.6,逃げ狙い,16.81,30.7,3,,,,,,,,,,,
2026-01-10,丸亀,7,5,上野真之,A1,27.03,5,▲,10.8548,18,60,75,0.1361,2.4464,,,0,低,15,0,ま0%,416,0,28.4,1.075,0,0,0.0909,0.1818,0,0,0,0.1333,,◎,C,◎,,0.4383,0.812,,0.4164,A,70,0,◎-○軸 3着3〜4艇流し（10〜15点）,0.5777,"{'is_target': True, 'verdict': '参加推奨', 'max_combo_prob': 0.0746, 'est_top_odds': 17.9, 'circle_concentration': 76.1, 'eligible_count': 8, 'bet_adj': 2, 'reason': 'rel_win1=50.4%（本命度） / 最有力組み合わせ確率: 0.075（推定実オッズ?18倍） / 2着集中度: 上位2艇 76.1%（補正+0.04） / 総合判定確率: 0.115 / → ヒモ分散。1号艇1着固定で広めのヒモ流し推奨（買い目+2点）', 'tenji_trigger': '展示確認: ヒモ分散レース。1号艇伸び確認後、広めのヒモ流しを採用。穴ヒモ（5・6号艇）を積極的に含める。'}",,,28.6,逃げ狙い,16.81,30.7,3,,,,,,,,,,,
2026-01-10,丸亀,7,6,金田大輔,B1,21.05,6,,4.0859,0.4,36,16.3,0.1522,3.1429,,,0,低,99,0,ま0%,666,0,26.4,0.6961,0,0,0.0909,0,0,0.2,0.1,0.1,,,D,,,0.3613,0.587,,0.4164,A,70,0,◎-○軸 3着3〜4艇流し（10〜15点）,0.5777,"{'is_target': True, 'verdict': '参加推奨', 'max_combo_prob': 0.0746, 'est_top_odds': 17.9, 'circle_concentration': 76.1, 'eligible_count': 8, 'bet_adj': 2, 'reason': 'rel_win1=50.4%（本命度） / 最有力組み合わせ確率: 0.075（推定実オッズ?18倍） / 2着集中度: 上位2艇 76.1%（補正+0.04） / 総合判定確率: 0.115 / → ヒモ分散。1号艇1着固定で広めのヒモ流し推奨（買い目+2点）', 'tenji_trigger': '展示確認: ヒモ分散レース。1号艇伸び確認後、広めのヒモ流しを採用。穴ヒモ（5・6号艇）を積極的に含める。'}",,,28.6,逃げ狙い,16.81,30.7,3,,,,,,,,,,,
2026-01-10,丸亀,8,1,長岡良也,A1,23.46,1,◎,63.7239,,0,95.1,0.1481,2.6852,,,0,低,104,0,逃1%,253,0,94.8,1.3,0.6667,,,,,0.1417,0.0972,0.1194,◎,,D,◎,,,0.6505,,0.6381,S,80,0,◎1着固定 2-3着流し（5〜8点）,0.5777,"{'is_target': True, 'verdict': '点数絞り', 'max_combo_prob': 0.1117, 'est_top_odds': 11.9, 'circle_concentration': 78.8, 'eligible_count': 6, 'bet_adj': 0, 'reason': 'rel_win1=63.7%（本命度） / 最有力組み合わせ確率: 0.112（推定実オッズ?12倍） / 2着集中度: 上位2艇 78.8%（補正+0.04） / 総合判定確率: 0.152 / → ヒモはやや固め。上位2艇以外を切ること', 'tenji_trigger': '展示確認: 1号艇伸び良→そのまま採用。悪→飛び組に差し替え。circle_pct上位2艇に絞り込むこと。'}",,,29.6,逃げ狙い,22.06,29.3,2,,,,,0,0,0.7559,0,,逃げ軸流し,A
2026-01-10,丸亀,8,2,西村　歩,A2,37.80,2,○,12.2983,47.5,68,64.5,0.1584,3.3387,,,0,低,61,0,-,6264,0,44.5,1.04,0,0,0,0,0,0.1607,0.1,0,,,A,,,0.2457,0.5625,,0.6381,S,80,0,◎1着固定 2-3着流し（5〜8点）,0.5777,"{'is_target': True, 'verdict': '点数絞り', 'max_combo_prob': 0.1117, 'est_top_odds': 11.9, 'circle_concentration': 78.8, 'eligible_count': 6, 'bet_adj': 0, 'reason': 'rel_win1=63.7%（本命度） / 最有力組み合わせ確率: 0.112（推定実オッズ?12倍） / 2着集中度: 上位2艇 78.8%（補正+0.04） / 総合判定確率: 0.152 / → ヒモはやや固め。上位2艇以外を切ること', 'tenji_trigger': '展示確認: 1号艇伸び良→そのまま採用。悪→飛び組に差し替え。circle_pct上位2艇に絞り込むこと。'}",,,29.6,逃げ狙い,22.06,29.3,2,,,,,,,,,,,
2026-01-10,丸亀,8,3,佐藤　旭,B1,29.67,3,▲,10.8533,31.3,100,70.4,0.1698,4.0278,,,0,低,162,0,差0% ま0%,161,0,50.9,1.25,0,0.0526,0.0526,0,0,0.0706,0.2441,0.0706,,,B,○,,0.1951,0.628,,0.6381,S,80,0,◎1着固定 2-3着流し（5〜8点）,0.5777,"{'is_target': True, 'verdict': '点数絞り', 'max_combo_prob': 0.1117, 'est_top_odds': 11.9, 'circle_concentration': 78.8, 'eligible_count': 6, 'bet_adj': 0, 'reason': 'rel_win1=63.7%（本命度） / 最有力組み合わせ確率: 0.112（推定実オッズ?12倍） / 2着集中度: 上位2艇 78.8%（補正+0.04） / 総合判定確率: 0.152 / → ヒモはやや固め。上位2艇以外を切ること', 'tenji_trigger': '展示確認: 1号艇伸び良→そのまま採用。悪→飛び組に差し替え。circle_pct上位2艇に絞り込むこと。'}",,,29.6,逃げ狙い,22.06,29.3,2,,,,,,,,,,,
2026-01-10,丸亀,8,4,水谷理人,A2,20.63,4,,10.4221,15.6,79,55,0.169,3.075,,,0,低,64,0,-,6235,0,33.3,0.8334,0,0,0.1,0,0.05,0.0533,0.28,0.0267,,,E,△,◎,0.2383,0.569,0.2615,0.6381,S,80,0,◎1着固定 2-3着流し（5〜8点）,0.5777,"{'is_target': True, 'verdict': '点数絞り', 'max_combo_prob': 0.1117, 'est_top_odds': 11.9, 'circle_concentration': 78.8, 'eligible_count': 6, 'bet_adj': 0, 'reason': 'rel_win1=63.7%（本命度） / 最有力組み合わせ確率: 0.112（推定実オッズ?12倍） / 2着集中度: 上位2艇 78.8%（補正+0.04） / 総合判定確率: 0.152 / → ヒモはやや固め。上位2艇以外を切ること', 'tenji_trigger': '展示確認: 1号艇伸び良→そのまま採用。悪→飛び組に差し替え。circle_pct上位2艇に絞り込むこと。'}",,,29.6,逃げ狙い,22.06,29.3,2,,,,,,,,,,,
2026-01-10,丸亀,8,5,木村紗友,B1,29.49,5,△,1.7651,3,51,12.1,0.1667,3.7879,,,0,低,68,0,-,5 66,0,24.8,0.6731,,,,,,0.0909,0.1818,0.0909,,,C,,,0.2664,0.5685,,0.6381,S,80,0,◎1着固定 2-3着流し（5〜8点）,0.5777,"{'is_target': True, 'verdict': '点数絞り', 'max_combo_prob': 0.1117, 'est_top_odds': 11.9, 'circle_concentration': 78.8, 'eligible_count': 6, 'bet_adj': 0, 'reason': 'rel_win1=63.7%（本命度） / 最有力組み合わせ確率: 0.112（推定実オッズ?12倍） / 2着集中度: 上位2艇 78.8%（補正+0.04） / 総合判定確率: 0.152 / → ヒモはやや固め。上位2艇以外を切ること', 'tenji_trigger': '展示確認: 1号艇伸び良→そのまま採用。悪→飛び組に差し替え。circle_pct上位2艇に絞り込むこと。'}",,,29.6,逃げ狙い,22.06,29.3,2,,,,,,,,,,,
2026-01-10,丸亀,8,6,宇野博之,B1,21.92,6,,0.9372,2.6,41,14.3,0.1722,3.7857,,,0,低,135,0,-,523,0,31.4,0.8289,,,,,,0.2398,0.297,0.1307,,,D,△,,0.2479,0.606,,0.6381,S,80,0,◎1着固定 2-3着流し（5〜8点）,0.5777,"{'is_target': True, 'verdict': '点数絞り', 'max_combo_prob': 0.1117, 'est_top_odds': 11.9, 'circle_concentration': 78.8, 'eligible_count': 6, 'bet_adj': 0, 'reason': 'rel_win1=63.7%（本命度） / 最有力組み合わせ確率: 0.112（推定実オッズ?12倍） / 2着集中度: 上位2艇 78.8%（補正+0.04） / 総合判定確率: 0.152 / → ヒモはやや固め。上位2艇以外を切ること', 'tenji_trigger': '展示確認: 1号艇伸び良→そのまま採用。悪→飛び組に差し替え。circle_pct上位2艇に絞り込むこと。'}",,,29.6,逃げ狙い,22.06,29.3,2,,,,,,,,,,,
2026-01-10,丸亀,9,1,河野　大,A2,39.76,1,◎,62.9091,,0,91.5,0.1356,2.5366,,,0,低,88,0,逃1%,2133,0,79.9,1.1876,0.6905,,,,,0.1143,0.0381,0.0286,◎,,A,△,,,0.6455,,0.6036,S,93,0,◎1着固定 2-3着流し（5〜8点）,0.5777,"{'is_target': True, 'verdict': '点数絞り', 'max_combo_prob': 0.1499, 'est_top_odds': 8.9, 'circle_concentration': 82.7, 'eligible_count': 6, 'bet_adj': 0, 'reason': 'rel_win1=62.9%（本命度） / 最有力組み合わせ確率: 0.150（推定実オッズ?9倍） / 2着集中度: 上位2艇 82.7%（補正+0.04） / 総合判定確率: 0.190 / → ヒモはやや固め。上位2艇以外を切ること', 'tenji_trigger': '展示確認: 1号艇伸び良→そのまま採用。悪→飛び組に差し替え。circle_pct上位2艇に絞り込むこと。\n展示で1号艇スタート超安定(0.136秒)→ヒモ固まり方向に注意'}",,,28.1,逃げ狙い,20.69,26.1,2,,,,,0,0,0.7559,0,,逃げ軸流し,A
2026-01-10,丸亀,9,2,浜先真範,A1,32.93,2,○,17.7986,63.8,65,86.1,0.1302,2.6047,,,0,低,66,0,-,2213,0,27.2,0.8271,0,0.1905,0.0476,0,0,0.01,0.02,0.02,,◎,B,○,,0.4122,0.647,,0.6036,S,93,0,◎1着固定 2-3着流し（5〜8点）,0.5777,"{'is_target': True, 'verdict': '点数絞り', 'max_combo_prob': 0.1499, 'est_top_odds': 8.9, 'circle_concentration': 82.7, 'eligible_count': 6, 'bet_adj': 0, 'reason': 'rel_win1=62.9%（本命度） / 最有力組み合わせ確率: 0.150（推定実オッズ?9倍） / 2着集中度: 上位2艇 82.7%（補正+0.04） / 総合判定確率: 0.190 / → ヒモはやや固め。上位2艇以外を切ること', 'tenji_trigger': '展示確認: 1号艇伸び良→そのまま採用。悪→飛び組に差し替え。circle_pct上位2艇に絞り込むこと。\n展示で1号艇スタート超安定(0.136秒)→ヒモ固まり方向に注意'}",,,28.1,逃げ狙い,20.69,26.1,2,,,,,,,,,,,
2026-01-10,丸亀,9,3,土屋実沙,A2,32.91,3,▲,9.207,18.8,62,48.3,0.1486,2.6034,,,0,低,73,0,差ま0% 抜0%,5 66,0,56.3,0.9308,0,0,0,0.0667,0.0667,0.0444,0.3333,0,,,C,,,0.2324,0.5505,,0.6036,S,93,0,◎1着固定 2-3着流し（5〜8点）,0.5777,"{'is_target': True, 'verdict': '点数絞り', 'max_combo_prob': 0.1499, 'est_top_odds': 8.9, 'circle_concentration': 82.7, 'eligible_count': 6, 'bet_adj': 0, 'reason': 'rel_win1=62.9%（本命度） / 最有力組み合わせ確率: 0.150（推定実オッズ?9倍） / 2着集中度: 上位2艇 82.7%（補正+0.04） / 総合判定確率: 0.190 / → ヒモはやや固め。上位2艇以外を切ること', 'tenji_trigger': '展示確認: 1号艇伸び良→そのまま採用。悪→飛び組に差し替え。circle_pct上位2艇に絞り込むこと。\n展示で1号艇スタート超安定(0.136秒)→ヒモ固まり方向に注意'}",,,28.1,逃げ狙い,20.69,26.1,2,,,,,,,,,,,
2026-01-10,丸亀,9,4,白井友晴,B1,31.71,4,△,5.1906,6,86,41.4,0.1662,3.4914,,,0,低,164,0,-,155,0,38.8,0.9717,,,,,,0.1091,0.3491,0.0545,,,C,◎,,0.1993,0.671,,0.6036,S,93,0,◎1着固定 2-3着流し（5〜8点）,0.5777,"{'is_target': True, 'verdict': '点数絞り', 'max_combo_prob': 0.1499, 'est_top_odds': 8.9, 'circle_concentration': 82.7, 'eligible_count': 6, 'bet_adj': 0, 'reason': 'rel_win1=62.9%（本命度） / 最有力組み合わせ確率: 0.150（推定実オッズ?9倍） / 2着集中度: 上位2艇 82.7%（補正+0.04） / 総合判定確率: 0.190 / → ヒモはやや固め。上位2艇以外を切ること', 'tenji_trigger': '展示確認: 1号艇伸び良→そのまま採用。悪→飛び組に差し替え。circle_pct上位2艇に絞り込むこと。\n展示で1号艇スタート超安定(0.136秒)→ヒモ固まり方向に注意'}",,,28.1,逃げ狙い,20.69,26.1,2,,,,,,,,,,,
2026-01-10,丸亀,9,5,天野晶夫,B1,30.23,5,,3.9792,9.7,100,45.2,0.1545,2.9524,,,0,低,109,0,-,432,0,29.7,1.2369,,,,,,0.448,0.112,0.048,,,D,△,,0.2556,0.615,,0.6036,S,93,0,◎1着固定 2-3着流し（5〜8点）,0.5777,"{'is_target': True, 'verdict': '点数絞り', 'max_combo_prob': 0.1499, 'est_top_odds': 8.9, 'circle_concentration': 82.7, 'eligible_count': 6, 'bet_adj': 0, 'reason': 'rel_win1=62.9%（本命度） / 最有力組み合わせ確率: 0.150（推定実オッズ?9倍） / 2着集中度: 上位2艇 82.7%（補正+0.04） / 総合判定確率: 0.190 / → ヒモはやや固め。上位2艇以外を切ること', 'tenji_trigger': '展示確認: 1号艇伸び良→そのまま採用。悪→飛び組に差し替え。circle_pct上位2艇に絞り込むこと。\n展示で1号艇スタート超安定(0.136秒)→ヒモ固まり方向に注意'}",,,28.1,逃げ狙い,20.69,26.1,2,,,,,,,,,,,
2026-01-10,丸亀,9,6,中岡　駿,B2,28.95,6,,0.9155,1.6,20,6.2,0.2055,4.3615,,,0,低,40,0,-,666,0,98.4,2.1611,,,,,,,,,,,E,,,0.1407,0.482,,0.6036,S,93,0,◎1着固定 2-3着流し（5〜8点）,0.5777,"{'is_target': True, 'verdict': '点数絞り', 'max_combo_prob': 0.1499, 'est_top_odds': 8.9, 'circle_concentration': 82.7, 'eligible_count': 6, 'bet_adj': 0, 'reason': 'rel_win1=62.9%（本命度） / 最有力組み合わせ確率: 0.150（推定実オッズ?9倍） / 2着集中度: 上位2艇 82.7%（補正+0.04） / 総合判定確率: 0.190 / → ヒモはやや固め。上位2艇以外を切ること', 'tenji_trigger': '展示確認: 1号艇伸び良→そのまま採用。悪→飛び組に差し替え。circle_pct上位2艇に絞り込むこと。\n展示で1号艇スタート超安定(0.136秒)→ヒモ固まり方向に注意'}",,,28.1,逃げ狙い,20.69,26.1,2,,,,,,,,,,,
2026-01-10,丸亀,10,1,出畑孝典,A2,37.65,1,◎,60.6305,,0,92.8,0.1657,3.2952,,,0,低,124,0,逃1%,1654,0,79.5,1.0099,0.5769,,,,,0.4352,0.1165,0.1319,◎,,A,△,,,0.629,,0.5039,S,83,0,◎1着固定 2-3着流し（5〜8点）,0.5777,"{'is_target': True, 'verdict': '点数絞り', 'max_combo_prob': 0.0893, 'est_top_odds': 14.9, 'circle_concentration': 80.5, 'eligible_count': 6, 'bet_adj': 0, 'reason': 'rel_win1=60.6%（本命度） / 最有力組み合わせ確率: 0.089（推定実オッズ?15倍） / 2着集中度: 上位2艇 80.5%（補正+0.04） / 総合判定確率: 0.129 / → ヒモはやや固め。上位2艇以外を切ること', 'tenji_trigger': '展示確認: 1号艇伸び良→そのまま採用。悪→飛び組に差し替え。circle_pct上位2艇に絞り込むこと。'}",,,33.9,逃げ狙い,23.91,39.9,3,,,,,0,0,0.7559,0,,逃げ軸流し,A
2026-01-10,丸亀,10,2,古賀繁輝,A1,17.11,2,,9.751,54.2,99,83.3,0.1622,3.3472,,,0,低,54,0,-,1521,0,58.5,0.7617,0,0,0.0952,0,0.0476,0,0.0308,0.0308,,◎,E,○,,0.4135,0.664,,0.5039,S,83,0,◎1着固定 2-3着流し（5〜8点）,0.5777,"{'is_target': True, 'verdict': '点数絞り', 'max_combo_prob': 0.0893, 'est_top_odds': 14.9, 'circle_concentration': 80.5, 'eligible_count': 6, 'bet_adj': 0, 'reason': 'rel_win1=60.6%（本命度） / 最有力組み合わせ確率: 0.089（推定実オッズ?15倍） / 2着集中度: 上位2艇 80.5%（補正+0.04） / 総合判定確率: 0.129 / → ヒモはやや固め。上位2艇以外を切ること', 'tenji_trigger': '展示確認: 1号艇伸び良→そのまま採用。悪→飛び組に差し替え。circle_pct上位2艇に絞り込むこと。'}",,,33.9,逃げ狙い,23.91,39.9,3,,,,,,,,,,,
2026-01-10,丸亀,10,3,中村泰平,A1,21.79,3,△,16.2165,26.3,100,78.8,0.1682,3.3333,,,0,低,80,0,ま0% 差ま0% 抜0%,1331,0,83.4,1.5279,0,0,0.0714,0.2857,0.0714,0.1864,0.0182,0.0364,,○,D,,,0.3758,0.6085,,0.5039,S,83,0,◎1着固定 2-3着流し（5〜8点）,0.5777,"{'is_target': True, 'verdict': '点数絞り', 'max_combo_prob': 0.0893, 'est_top_odds': 14.9, 'circle_concentration': 80.5, 'eligible_count': 6, 'bet_adj': 0, 'reason': 'rel_win1=60.6%（本命度） / 最有力組み合わせ確率: 0.089（推定実オッズ?15倍） / 2着集中度: 上位2艇 80.5%（補正+0.04） / 総合判定確率: 0.129 / → ヒモはやや固め。上位2艇以外を切ること', 'tenji_trigger': '展示確認: 1号艇伸び良→そのまま採用。悪→飛び組に差し替え。circle_pct上位2艇に絞り込むこと。'}",,,33.9,逃げ狙い,23.91,39.9,3,,,,,,,,,,,
2026-01-10,丸亀,10,4,抹香雄三,B1,36.59,4,▲,9.5019,10.9,89,42.2,0.1523,3.1831,,,0,低,100,0,ま0%,452,0,39.7,0.8391,0,0,0.0968,0,0,0.12,0.24,0.16,,,B,◎,◎,0.3656,0.6655,0.2732,0.5039,S,83,0,◎1着固定 2-3着流し（5〜8点）,0.5777,"{'is_target': True, 'verdict': '点数絞り', 'max_combo_prob': 0.0893, 'est_top_odds': 14.9, 'circle_concentration': 80.5, 'eligible_count': 6, 'bet_adj': 0, 'reason': 'rel_win1=60.6%（本命度） / 最有力組み合わせ確率: 0.089（推定実オッズ?15倍） / 2着集中度: 上位2艇 80.5%（補正+0.04） / 総合判定確率: 0.129 / → ヒモはやや固め。上位2艇以外を切ること', 'tenji_trigger': '展示確認: 1号艇伸び良→そのまま採用。悪→飛び組に差し替え。circle_pct上位2艇に絞り込むこと。'}",,,33.9,逃げ狙い,23.91,39.9,3,,,,,,,,,,,
2026-01-10,丸亀,10,5,原村拓也,B1,20.83,5,,2.5463,1.9,96,30.9,0.1841,3.8382,,,0,低,159,0,-,236,0,28.4,1.0567,,,,,,0.3114,0.1257,0.02,,,D,,,0.2701,0.5855,,0.5039,S,83,0,◎1着固定 2-3着流し（5〜8点）,0.5777,"{'is_target': True, 'verdict': '点数絞り', 'max_combo_prob': 0.0893, 'est_top_odds': 14.9, 'circle_concentration': 80.5, 'eligible_count': 6, 'bet_adj': 0, 'reason': 'rel_win1=60.6%（本命度） / 最有力組み合わせ確率: 0.089（推定実オッズ?15倍） / 2着集中度: 上位2艇 80.5%（補正+0.04） / 総合判定確率: 0.129 / → ヒモはやや固め。上位2艇以外を切ること', 'tenji_trigger': '展示確認: 1号艇伸び良→そのまま採用。悪→飛び組に差し替え。circle_pct上位2艇に絞り込むこと。'}",,,33.9,逃げ狙い,23.91,39.9,3,,,,,,,,,,,
2026-01-10,丸亀,10,6,山田雄太,B1,36.67,6,○,1.3538,6.7,83,39.1,0.1437,3.1328,,,0,低,64,0,差ま0%,341,0,26,0.6381,0,0,0,0.0333,0,0.016,0.2,0.048,,,B,△,,0.3661,0.6615,,0.5039,S,83,0,◎1着固定 2-3着流し（5〜8点）,0.5777,"{'is_target': True, 'verdict': '点数絞り', 'max_combo_prob': 0.0893, 'est_top_odds': 14.9, 'circle_concentration': 80.5, 'eligible_count': 6, 'bet_adj': 0, 'reason': 'rel_win1=60.6%（本命度） / 最有力組み合わせ確率: 0.089（推定実オッズ?15倍） / 2着集中度: 上位2艇 80.5%（補正+0.04） / 総合判定確率: 0.129 / → ヒモはやや固め。上位2艇以外を切ること', 'tenji_trigger': '展示確認: 1号艇伸び良→そのまま採用。悪→飛び組に差し替え。circle_pct上位2艇に絞り込むこと。'}",,,33.9,逃げ狙い,23.91,39.9,3,,,,,,,,,,,
2026-01-10,丸亀,11,1,里岡右貴,A1,41.67,1,◎,55.1292,,0,91.4,0.1366,2.5,,,0,低,75,0,逃1%,141,0,83.6,1.1428,0.64,,,,,0.115,0.139,0.024,◎,,A,◎,,,0.641,,0.6007,A,75,0,◎-○軸 3着3〜4艇流し（10〜15点）,0.5777,"{'is_target': True, 'verdict': '点数絞り', 'max_combo_prob': 0.0905, 'est_top_odds': 14.7, 'circle_concentration': 71.3, 'eligible_count': 8, 'bet_adj': 0, 'reason': 'rel_win1=55.1%（本命度） / 最有力組み合わせ確率: 0.091（推定実オッズ?15倍） / 2着集中度: 上位2艇 71.3%（補正+0.04） / 総合判定確率: 0.131 / → ヒモはやや固め。上位2艇以外を切ること', 'tenji_trigger': '展示確認: 1号艇伸び良→そのまま採用。悪→飛び組に差し替え。circle_pct上位2艇に絞り込むこと。\n展示で1号艇スタート超安定(0.137秒)→ヒモ固まり方向に注意'}",,,30.4,逃げ狙い,25.66,28.3,2,,,,,0,0,0.7559,0,,逃げ軸流し,A
2026-01-10,丸亀,11,2,竹田辰也,A1,30.61,2,○,22.8529,49.6,96,79.2,0.139,2.7812,,,0,低,94,0,差1%,3 15,0,38,0.805,0,0.1852,0.1111,0,0.037,0.019,0.0476,0.2071,,◎,B,○,,0.3341,0.6225,,0.6007,A,75,0,◎-○軸 3着3〜4艇流し（10〜15点）,0.5777,"{'is_target': True, 'verdict': '点数絞り', 'max_combo_prob': 0.0905, 'est_top_odds': 14.7, 'circle_concentration': 71.3, 'eligible_count': 8, 'bet_adj': 0, 'reason': 'rel_win1=55.1%（本命度） / 最有力組み合わせ確率: 0.091（推定実オッズ?15倍） / 2着集中度: 上位2艇 71.3%（補正+0.04） / 総合判定確率: 0.131 / → ヒモはやや固め。上位2艇以外を切ること', 'tenji_trigger': '展示確認: 1号艇伸び良→そのまま採用。悪→飛び組に差し替え。circle_pct上位2艇に絞り込むこと。\n展示で1号艇スタート超安定(0.137秒)→ヒモ固まり方向に注意'}",,,30.4,逃げ狙い,25.66,28.3,2,,,,,,,,,,,
2026-01-10,丸亀,11,3,平高奈菜,A2,22.08,3,△,10.6636,21.7,89,58.3,0.1575,3.0625,,,0,低,46,0,抜0%,1 62,0,40.8,0.914,0,0,0.0833,0.0833,0.0833,0.2,0,0.1333,,,E,△,,0.2127,0.6215,,0.6007,A,75,0,◎-○軸 3着3〜4艇流し（10〜15点）,0.5777,"{'is_target': True, 'verdict': '点数絞り', 'max_combo_prob': 0.0905, 'est_top_odds': 14.7, 'circle_concentration': 71.3, 'eligible_count': 8, 'bet_adj': 0, 'reason': 'rel_win1=55.1%（本命度） / 最有力組み合わせ確率: 0.091（推定実オッズ?15倍） / 2着集中度: 上位2艇 71.3%（補正+0.04） / 総合判定確率: 0.131 / → ヒモはやや固め。上位2艇以外を切ること', 'tenji_trigger': '展示確認: 1号艇伸び良→そのまま採用。悪→飛び組に差し替え。circle_pct上位2艇に絞り込むこと。\n展示で1号艇スタート超安定(0.137秒)→ヒモ固まり方向に注意'}",,,30.4,逃げ狙い,25.66,28.3,2,,,,,,,,,,,
2026-01-10,丸亀,11,4,大森　翼,B1,28.92,4,,4.0935,10.8,71,36.2,0.191,3.9483,,,0,低,127,0,-,455,0,16,0.4747,0,0.0435,0,0,0,0.025,0.35,0.3,,,C,,,0.1267,0.58,,0.6007,A,75,0,◎-○軸 3着3〜4艇流し（10〜15点）,0.5777,"{'is_target': True, 'verdict': '点数絞り', 'max_combo_prob': 0.0905, 'est_top_odds': 14.7, 'circle_concentration': 71.3, 'eligible_count': 8, 'bet_adj': 0, 'reason': 'rel_win1=55.1%（本命度） / 最有力組み合わせ確率: 0.091（推定実オッズ?15倍） / 2着集中度: 上位2艇 71.3%（補正+0.04） / 総合判定確率: 0.131 / → ヒモはやや固め。上位2艇以外を切ること', 'tenji_trigger': '展示確認: 1号艇伸び良→そのまま採用。悪→飛び組に差し替え。circle_pct上位2艇に絞り込むこと。\n展示で1号艇スタート超安定(0.137秒)→ヒモ固まり方向に注意'}",,,30.4,逃げ狙い,25.66,28.3,2,,,,,,,,,,,
2026-01-10,丸亀,11,5,大須賀友,A2,25.93,5,,6.3778,16.6,100,56.2,0.1579,3.4167,,,0,低,116,0,-,4231,0,92.9,1.7167,0,0,0.0435,0,0.0435,0.0516,0.1258,0.0129,,,D,△,◎,0.2412,0.599,0.3608,0.6007,A,75,0,◎-○軸 3着3〜4艇流し（10〜15点）,0.5777,"{'is_target': True, 'verdict': '点数絞り', 'max_combo_prob': 0.0905, 'est_top_odds': 14.7, 'circle_concentration': 71.3, 'eligible_count': 8, 'bet_adj': 0, 'reason': 'rel_win1=55.1%（本命度） / 最有力組み合わせ確率: 0.091（推定実オッズ?15倍） / 2着集中度: 上位2艇 71.3%（補正+0.04） / 総合判定確率: 0.131 / → ヒモはやや固め。上位2艇以外を切ること', 'tenji_trigger': '展示確認: 1号艇伸び良→そのまま採用。悪→飛び組に差し替え。circle_pct上位2艇に絞り込むこと。\n展示で1号艇スタート超安定(0.137秒)→ヒモ固まり方向に注意'}",,,30.4,逃げ狙い,25.66,28.3,2,,,,,,,,,,,
2026-01-10,丸亀,11,6,松瀬弘美,B1,29.55,6,▲,0.8829,1.3,42,13.8,0.1838,4.3793,,,0,低,82,0,-,4 24,0,28.6,0.6017,,,,,,0.5818,0.2364,0.0364,,,C,,,0.1839,0.5835,,0.6007,A,75,0,◎-○軸 3着3〜4艇流し（10〜15点）,0.5777,"{'is_target': True, 'verdict': '点数絞り', 'max_combo_prob': 0.0905, 'est_top_odds': 14.7, 'circle_concentration': 71.3, 'eligible_count': 8, 'bet_adj': 0, 'reason': 'rel_win1=55.1%（本命度） / 最有力組み合わせ確率: 0.091（推定実オッズ?15倍） / 2着集中度: 上位2艇 71.3%（補正+0.04） / 総合判定確率: 0.131 / → ヒモはやや固め。上位2艇以外を切ること', 'tenji_trigger': '展示確認: 1号艇伸び良→そのまま採用。悪→飛び組に差し替え。circle_pct上位2艇に絞り込むこと。\n展示で1号艇スタート超安定(0.137秒)→ヒモ固まり方向に注意'}",,,30.4,逃げ狙い,25.66,28.3,2,,,,,,,,,,,
2026-01-10,丸亀,12,1,上野真之,A1,27.03,1,◎,69.0658,,0,100,0.1154,2.1875,,,0,低,15,0,逃1%,416,0,86.7,1.1003,0.8667,,,,,0,0,0.1333,◎,,C,◎,,,0.812,,0.7737,S,100,0,◎1着固定 2-3着流し（5〜8点）,0.5777,"{'is_target': True, 'verdict': '点数絞り', 'max_combo_prob': 0.1091, 'est_top_odds': 12.2, 'circle_concentration': 80.2, 'eligible_count': 6, 'bet_adj': 0, 'reason': 'rel_win1=69.1%（本命度） / 最有力組み合わせ確率: 0.109（推定実オッズ?12倍） / 2着集中度: 上位2艇 80.2%（補正+0.04） / 総合判定確率: 0.149 / → ヒモはやや固め。上位2艇以外を切ること', 'tenji_trigger': '展示確認: 1号艇伸び良→そのまま採用。悪→飛び組に差し替え。circle_pct上位2艇に絞り込むこと。\n展示で1号艇スタート超安定(0.115秒)→ヒモ固まり方向に注意'}",,,23.4,逃げ狙い,10.85,21.2,3,,,,,0,0,0.7559,0,,逃げ軸流し,A
2026-01-10,丸亀,12,2,川上　剛,A2,27.17,2,▲,8.0197,46,73,59.5,0.1554,3.4684,,,0,低,143,0,-,312,0,61.5,1.1334,0,0.0278,0.0278,0,0,0,0.2346,0.0211,,,C,△,,0.0548,0.632,,0.7737,S,100,0,◎1着固定 2-3着流し（5〜8点）,0.5777,"{'is_target': True, 'verdict': '点数絞り', 'max_combo_prob': 0.1091, 'est_top_odds': 12.2, 'circle_concentration': 80.2, 'eligible_count': 6, 'bet_adj': 0, 'reason': 'rel_win1=69.1%（本命度） / 最有力組み合わせ確率: 0.109（推定実オッズ?12倍） / 2着集中度: 上位2艇 80.2%（補正+0.04） / 総合判定確率: 0.149 / → ヒモはやや固め。上位2艇以外を切ること', 'tenji_trigger': '展示確認: 1号艇伸び良→そのまま採用。悪→飛び組に差し替え。circle_pct上位2艇に絞り込むこと。\n展示で1号艇スタート超安定(0.115秒)→ヒモ固まり方向に注意'}",,,23.4,逃げ狙い,10.85,21.2,3,,,,,,,,,,,
2026-01-10,丸亀,12,3,長岡良也,A1,23.46,3,,10.7623,34.3,100,71.9,0.1602,3.2105,,,0,低,104,0,差0% 差ま0% 抜0%,253,0,63,1.2813,0,0.0435,0,0.0435,0.0435,0.1417,0.0972,0.1194,,,D,○,,0.1131,0.6505,,0.7737,S,100,0,◎1着固定 2-3着流し（5〜8点）,0.5777,"{'is_target': True, 'verdict': '点数絞り', 'max_combo_prob': 0.1091, 'est_top_odds': 12.2, 'circle_concentration': 80.2, 'eligible_count': 6, 'bet_adj': 0, 'reason': 'rel_win1=69.1%（本命度） / 最有力組み合わせ確率: 0.109（推定実オッズ?12倍） / 2着集中度: 上位2艇 80.2%（補正+0.04） / 総合判定確率: 0.149 / → ヒモはやや固め。上位2艇以外を切ること', 'tenji_trigger': '展示確認: 1号艇伸び良→そのまま採用。悪→飛び組に差し替え。circle_pct上位2艇に絞り込むこと。\n展示で1号艇スタート超安定(0.115秒)→ヒモ固まり方向に注意'}",,,23.4,逃げ狙い,10.85,21.2,3,,,,,,,,,,,
2026-01-10,丸亀,12,4,田上　凜,B1,31.71,4,○,6.2184,3.5,46,17.9,0.1846,3.8718,,,0,低,114,0,ま0%,3 15,0,20.8,0.6147,0,0,0.1667,0,0,0,0.6667,0,,,B,,,0.1515,0.504,,0.7737,S,100,0,◎1着固定 2-3着流し（5〜8点）,0.5777,"{'is_target': True, 'verdict': '点数絞り', 'max_combo_prob': 0.1091, 'est_top_odds': 12.2, 'circle_concentration': 80.2, 'eligible_count': 6, 'bet_adj': 0, 'reason': 'rel_win1=69.1%（本命度） / 最有力組み合わせ確率: 0.109（推定実オッズ?12倍） / 2着集中度: 上位2艇 80.2%（補正+0.04） / 総合判定確率: 0.149 / → ヒモはやや固め。上位2艇以外を切ること', 'tenji_trigger': '展示確認: 1号艇伸び良→そのまま採用。悪→飛び組に差し替え。circle_pct上位2艇に絞り込むこと。\n展示で1号艇スタート超安定(0.115秒)→ヒモ固まり方向に注意'}",,,23.4,逃げ狙い,10.85,21.2,3,,,,,,,,,,,
2026-01-10,丸亀,12,5,鈴木智啓,A2,30.00,5,△,3.9607,15.4,53,39.3,0.1709,3.6429,,,0,低,123,0,差ま0%,4 35,0,59.8,1.1198,0,0,0,0.0714,0,0.1849,0.1741,0.0432,,,B,△,,0.1112,0.6485,,0.7737,S,100,0,◎1着固定 2-3着流し（5〜8点）,0.5777,"{'is_target': True, 'verdict': '点数絞り', 'max_combo_prob': 0.1091, 'est_top_odds': 12.2, 'circle_concentration': 80.2, 'eligible_count': 6, 'bet_adj': 0, 'reason': 'rel_win1=69.1%（本命度） / 最有力組み合わせ確率: 0.109（推定実オッズ?12倍） / 2着集中度: 上位2艇 80.2%（補正+0.04） / 総合判定確率: 0.149 / → ヒモはやや固め。上位2艇以外を切ること', 'tenji_trigger': '展示確認: 1号艇伸び良→そのまま採用。悪→飛び組に差し替え。circle_pct上位2艇に絞り込むこと。\n展示で1号艇スタート超安定(0.115秒)→ヒモ固まり方向に注意'}",,,23.4,逃げ狙い,10.85,21.2,3,,,,,,,,,,,
2026-01-10,丸亀,12,6,杉田篤光,A2,20.27,6,,1.9731,0.9,92,39.6,0.2191,4.8868,,,0,低,185,0,-,4 45,0,73.1,1.5867,,,,,,0.1358,0.0267,0.1624,,,E,,,0.1378,0.578,,0.7737,S,100,0,◎1着固定 2-3着流し（5〜8点）,0.5777,"{'is_target': True, 'verdict': '点数絞り', 'max_combo_prob': 0.1091, 'est_top_odds': 12.2, 'circle_concentration': 80.2, 'eligible_count': 6, 'bet_adj': 0, 'reason': 'rel_win1=69.1%（本命度） / 最有力組み合わせ確率: 0.109（推定実オッズ?12倍） / 2着集中度: 上位2艇 80.2%（補正+0.04） / 総合判定確率: 0.149 / → ヒモはやや固め。上位2艇以外を切ること', 'tenji_trigger': '展示確認: 1号艇伸び良→そのまま採用。悪→飛び組に差し替え。circle_pct上位2艇に絞り込むこと。\n展示で1号艇スタート超安定(0.115秒)→ヒモ固まり方向に注意'}",,,23.4,逃げ狙い,10.85,21.2,3,,,,,,,,,,,
2026-01-11,丸亀,1,1,丸山祐也,B1,34.94,1,◎,60.8772,,0,68.2,0.1714,3.75,,,0,低,130,0,-,5 444,0,60.4,0.7956,0.375,,,,,0.125,0.25,0.25,○,,B,,,,0.558,,0.3423,A,61,0,◎-○軸 3着3〜4艇流し（10〜15点）,0.5777,"{'is_target': True, 'verdict': '点数絞り', 'max_combo_prob': 0.1097, 'est_top_odds': 12.2, 'circle_concentration': 82.7, 'eligible_count': 8, 'bet_adj': 0, 'reason': 'rel_win1=60.9%（本命度） / 最有力組み合わせ確率: 0.110（推定実オッズ?12倍） / 2着集中度: 上位2艇 82.7%（補正+0.04） / 総合判定確率: 0.150 / → ヒモはやや固め。上位2艇以外を切ること', 'tenji_trigger': '展示確認: 1号艇伸び良→そのまま採用。悪→飛び組に差し替え。circle_pct上位2艇に絞り込むこと。'}",,,29.7,両建て推奨,14.7,35.9,3,,,,,0,0,0.6155,0,,逃げ軸流し,A
2026-01-11,丸亀,1,2,牧原　崇,B1,20.59,2,,9.9203,40.9,100,65.1,0.1826,4.0152,,,0,低,174,0,差1%,5 145,0,33.2,0.7657,0,0.0345,0,0,0.0345,0.0258,0.2016,0.2274,,,D,◎,,0.194,0.6775,,0.3423,A,61,0,◎-○軸 3着3〜4艇流し（10〜15点）,0.5777,"{'is_target': True, 'verdict': '点数絞り', 'max_combo_prob': 0.1097, 'est_top_odds': 12.2, 'circle_concentration': 82.7, 'eligible_count': 8, 'bet_adj': 0, 'reason': 'rel_win1=60.9%（本命度） / 最有力組み合わせ確率: 0.110（推定実オッズ?12倍） / 2着集中度: 上位2艇 82.7%（補正+0.04） / 総合判定確率: 0.150 / → ヒモはやや固め。上位2艇以外を切ること', 'tenji_trigger': '展示確認: 1号艇伸び良→そのまま採用。悪→飛び組に差し替え。circle_pct上位2艇に絞り込むこと。'}",,,29.7,両建て推奨,14.7,35.9,3,,,,,,,,,,,
2026-01-11,丸亀,1,3,佐藤　旭,B1,29.67,3,▲,16.0444,41.8,94,70.4,0.1698,4.0278,,,0,低,162,0,差0% ま0%,161 52,0,79.9,1.4002,0,0.0526,0.0526,0,0,0.0706,0.2441,0.0706,,,C,△,,0.2979,0.628,,0.3423,A,61,0,◎-○軸 3着3〜4艇流し（10〜15点）,0.5777,"{'is_target': True, 'verdict': '点数絞り', 'max_combo_prob': 0.1097, 'est_top_odds': 12.2, 'circle_concentration': 82.7, 'eligible_count': 8, 'bet_adj': 0, 'reason': 'rel_win1=60.9%（本命度） / 最有力組み合わせ確率: 0.110（推定実オッズ?12倍） / 2着集中度: 上位2艇 82.7%（補正+0.04） / 総合判定確率: 0.150 / → ヒモはやや固め。上位2艇以外を切ること', 'tenji_trigger': '展示確認: 1号艇伸び良→そのまま採用。悪→飛び組に差し替え。circle_pct上位2艇に絞り込むこと。'}",,,29.7,両建て推奨,14.7,35.9,3,,,,,,,,,,,
2026-01-11,丸亀,1,4,松瀬弘美,B1,29.55,4,△,8.93,12.2,68,36,0.17,3.6,,,0,低,82,0,-,4 2466,0,49.8,0.8615,,,,,,0.5818,0.2364,0.0364,,,C,△,,0.3184,0.5835,,0.3423,A,61,0,◎-○軸 3着3〜4艇流し（10〜15点）,0.5777,"{'is_target': True, 'verdict': '点数絞り', 'max_combo_prob': 0.1097, 'est_top_odds': 12.2, 'circle_concentration': 82.7, 'eligible_count': 8, 'bet_adj': 0, 'reason': 'rel_win1=60.9%（本命度） / 最有力組み合わせ確率: 0.110（推定実オッズ?12倍） / 2着集中度: 上位2艇 82.7%（補正+0.04） / 総合判定確率: 0.150 / → ヒモはやや固め。上位2艇以外を切ること', 'tenji_trigger': '展示確認: 1号艇伸び良→そのまま採用。悪→飛び組に差し替え。circle_pct上位2艇に絞り込むこと。'}",,,29.7,両建て推奨,14.7,35.9,3,,,,,,,,,,,
2026-01-11,丸亀,1,5,松田真実,B1,29.55,5,,2.8978,3,39,11.1,0.1858,3.5417,,,0,低,69,0,-,6 565,0,32.4,0.6369,,,,,,0,0.2857,0.4286,,,C,,,0.2642,0.5685,,0.3423,A,61,0,◎-○軸 3着3〜4艇流し（10〜15点）,0.5777,"{'is_target': True, 'verdict': '点数絞り', 'max_combo_prob': 0.1097, 'est_top_odds': 12.2, 'circle_concentration': 82.7, 'eligible_count': 8, 'bet_adj': 0, 'reason': 'rel_win1=60.9%（本命度） / 最有力組み合わせ確率: 0.110（推定実オッズ?12倍） / 2着集中度: 上位2艇 82.7%（補正+0.04） / 総合判定確率: 0.150 / → ヒモはやや固め。上位2艇以外を切ること', 'tenji_trigger': '展示確認: 1号艇伸び良→そのまま採用。悪→飛び組に差し替え。circle_pct上位2艇に絞り込むこと。'}",,,29.7,両建て推奨,14.7,35.9,3,,,,,,,,,,,
2026-01-11,丸亀,1,6,抹香雄三,B1,36.59,6,○,1.3303,2.1,25,23.8,0.1475,3.5635,,,0,低,100,0,-,452 43,0,22.8,0.4344,,,,,,0.12,0.24,0.16,,,B,○,,0.3861,0.6655,,0.3423,A,61,0,◎-○軸 3着3〜4艇流し（10〜15点）,0.5777,"{'is_target': True, 'verdict': '点数絞り', 'max_combo_prob': 0.1097, 'est_top_odds': 12.2, 'circle_concentration': 82.7, 'eligible_count': 8, 'bet_adj': 0, 'reason': 'rel_win1=60.9%（本命度） / 最有力組み合わせ確率: 0.110（推定実オッズ?12倍） / 2着集中度: 上位2艇 82.7%（補正+0.04） / 総合判定確率: 0.150 / → ヒモはやや固め。上位2艇以外を切ること', 'tenji_trigger': '展示確認: 1号艇伸び良→そのまま採用。悪→飛び組に差し替え。circle_pct上位2艇に絞り込むこと。'}",,,29.7,両建て推奨,14.7,35.9,3,,,,,,,,,,,
2026-01-11,丸亀,2,1,山田雄太,B1,36.67,1,◎,60.7872,,0,84.9,0.1323,2.5,,,0,低,64,0,逃1%,341 36,0,73.6,1.1113,0.6,,,,,0.016,0.2,0.048,◎,,A,○,,,0.6615,,0.6036,S,100,0,◎1着固定 2-3着流し（5〜8点）,0.5777,"{'is_target': True, 'verdict': '参加推奨', 'max_combo_prob': 0.0755, 'est_top_odds': 17.7, 'circle_concentration': 68.0, 'eligible_count': 6, 'bet_adj': 2, 'reason': 'rel_win1=60.8%（本命度） / 最有力組み合わせ確率: 0.075（推定実オッズ?18倍） / 2着集中度: 上位2艇 68.0%（補正+0.00） / 総合判定確率: 0.075 / → ヒモ分散。1号艇1着固定で広めのヒモ流し推奨（買い目+2点）', 'tenji_trigger': '展示確認: ヒモ分散レース。1号艇伸び確認後、広めのヒモ流しを採用。穴ヒモ（5・6号艇）を積極的に含める。\n展示で1号艇スタート超安定(0.132秒)→ヒモ固まり方向に注意'}",,,26.8,逃げ狙い,15.19,27,4,,,,,0,0,0.7559,0,,逃げ軸流し,A
2026-01-11,丸亀,2,2,亀本勇樹,B1,25.68,2,△,8.8162,37.5,80,44.2,0.1688,3.6538,,,0,低,75,0,-,3 433,0,100,3.531,0,0.04,0,0,0,0.2083,0.05,0.125,,,D,,,0.0598,0.5815,,0.6036,S,100,0,◎1着固定 2-3着流し（5〜8点）,0.5777,"{'is_target': True, 'verdict': '参加推奨', 'max_combo_prob': 0.0755, 'est_top_odds': 17.7, 'circle_concentration': 68.0, 'eligible_count': 6, 'bet_adj': 2, 'reason': 'rel_win1=60.8%（本命度） / 最有力組み合わせ確率: 0.075（推定実オッズ?18倍） / 2着集中度: 上位2艇 68.0%（補正+0.00） / 総合判定確率: 0.075 / → ヒモ分散。1号艇1着固定で広めのヒモ流し推奨（買い目+2点）', 'tenji_trigger': '展示確認: ヒモ分散レース。1号艇伸び確認後、広めのヒモ流しを採用。穴ヒモ（5・6号艇）を積極的に含める。\n展示で1号艇スタート超安定(0.132秒)→ヒモ固まり方向に注意'}",,,26.8,逃げ狙い,15.19,27,4,,,,,,,,,,,
2026-01-11,丸亀,2,3,原村拓也,B1,20.83,3,,8.7009,30.5,91,50.7,0.1648,3.6087,,,0,低,159,0,-,236 35,0,38.1,0.9921,,,,,,0.3114,0.1257,0.02,,,E,,,0.1698,0.5855,,0.6036,S,100,0,◎1着固定 2-3着流し（5〜8点）,0.5777,"{'is_target': True, 'verdict': '参加推奨', 'max_combo_prob': 0.0755, 'est_top_odds': 17.7, 'circle_concentration': 68.0, 'eligible_count': 6, 'bet_adj': 2, 'reason': 'rel_win1=60.8%（本命度） / 最有力組み合わせ確率: 0.075（推定実オッズ?18倍） / 2着集中度: 上位2艇 68.0%（補正+0.00） / 総合判定確率: 0.075 / → ヒモ分散。1号艇1着固定で広めのヒモ流し推奨（買い目+2点）', 'tenji_trigger': '展示確認: ヒモ分散レース。1号艇伸び確認後、広めのヒモ流しを採用。穴ヒモ（5・6号艇）を積極的に含める。\n展示で1号艇スタート超安定(0.132秒)→ヒモ固まり方向に注意'}",,,26.8,逃げ狙い,15.19,27,4,,,,,,,,,,,
2026-01-11,丸亀,2,4,伊藤啓三,B1,34.44,4,○,13.8468,23.8,68,58.2,0.1273,2.5364,,,0,低,78,0,-,2 421,0,67.1,1.3962,,,,,,0.2727,0.3455,0.0364,,,B,◎,◎,0.3594,0.6695,0.4047,0.6036,S,100,0,◎1着固定 2-3着流し（5〜8点）,0.5777,"{'is_target': True, 'verdict': '参加推奨', 'max_combo_prob': 0.0755, 'est_top_odds': 17.7, 'circle_concentration': 68.0, 'eligible_count': 6, 'bet_adj': 2, 'reason': 'rel_win1=60.8%（本命度） / 最有力組み合わせ確率: 0.075（推定実オッズ?18倍） / 2着集中度: 上位2艇 68.0%（補正+0.00） / 総合判定確率: 0.075 / → ヒモ分散。1号艇1着固定で広めのヒモ流し推奨（買い目+2点）', 'tenji_trigger': '展示確認: ヒモ分散レース。1号艇伸び確認後、広めのヒモ流しを採用。穴ヒモ（5・6号艇）を積極的に含める。\n展示で1号艇スタート超安定(0.132秒)→ヒモ固まり方向に注意'}",,,26.8,逃げ狙い,15.19,27,4,,,,,,,,,,,
2026-01-11,丸亀,2,5,嶋田貴支,B1,23.81,5,,5.0027,3.7,43,21.1,0.1765,3.7885,,,0,低,134,0,差ま0%,3 134,0,33.3,0.7774,0,0.037,0,0.037,0,0.0174,0.0522,0.1174,,,D,△,,0.1694,0.6045,,0.6036,S,100,0,◎1着固定 2-3着流し（5〜8点）,0.5777,"{'is_target': True, 'verdict': '参加推奨', 'max_combo_prob': 0.0755, 'est_top_odds': 17.7, 'circle_concentration': 68.0, 'eligible_count': 6, 'bet_adj': 2, 'reason': 'rel_win1=60.8%（本命度） / 最有力組み合わせ確率: 0.075（推定実オッズ?18倍） / 2着集中度: 上位2艇 68.0%（補正+0.00） / 総合判定確率: 0.075 / → ヒモ分散。1号艇1着固定で広めのヒモ流し推奨（買い目+2点）', 'tenji_trigger': '展示確認: ヒモ分散レース。1号艇伸び確認後、広めのヒモ流しを採用。穴ヒモ（5・6号艇）を積極的に含める。\n展示で1号艇スタート超安定(0.132秒)→ヒモ固まり方向に注意'}",,,26.8,逃げ狙い,15.19,27,4,,,,,,,,,,,
2026-01-11,丸亀,2,6,小川晃司,B1,28.74,6,▲,2.8462,4.5,100,43.1,0.1611,3.3991,,,0,低,77,0,-,3 534,0,27.8,0.6053,0,0,0.0104,0.0104,0.0104,,,,,,C,△,○,0.2161,0.63,0.2108,0.6036,S,100,0,◎1着固定 2-3着流し（5〜8点）,0.5777,"{'is_target': True, 'verdict': '参加推奨', 'max_combo_prob': 0.0755, 'est_top_odds': 17.7, 'circle_concentration': 68.0, 'eligible_count': 6, 'bet_adj': 2, 'reason': 'rel_win1=60.8%（本命度） / 最有力組み合わせ確率: 0.075（推定実オッズ?18倍） / 2着集中度: 上位2艇 68.0%（補正+0.00） / 総合判定確率: 0.075 / → ヒモ分散。1号艇1着固定で広めのヒモ流し推奨（買い目+2点）', 'tenji_trigger': '展示確認: ヒモ分散レース。1号艇伸び確認後、広めのヒモ流しを採用。穴ヒモ（5・6号艇）を積極的に含める。\n展示で1号艇スタート超安定(0.132秒)→ヒモ固まり方向に注意'}",,,26.8,逃げ狙い,15.19,27,4,,,,,,,,,,,
2026-01-11,丸亀,3,1,宇野博之,B1,21.92,1,◎,45.7058,,0,62.5,0.1627,3.4821,,,0,低,135,0,-,523 14,0,100,2.0884,0.1905,,,,,0.2398,0.297,0.1307,△,,D,△,,,0.606,,0.2959,B,50,0,◎○△フォーメーション（15〜20点）,0.5777,"{'is_target': True, 'verdict': '参加推奨', 'max_combo_prob': 0.0719, 'est_top_odds': 18.6, 'circle_concentration': 73.9, 'eligible_count': 9, 'bet_adj': 2, 'reason': 'rel_win1=45.7%（本命度） / 最有力組み合わせ確率: 0.072（推定実オッズ?19倍） / 2着集中度: 上位2艇 73.9%（補正+0.04） / 総合判定確率: 0.112 / → ヒモ分散。1号艇1着固定で広めのヒモ流し推奨（買い目+2点）', 'tenji_trigger': '展示確認: ヒモ分散レース。1号艇伸び確認後、広めのヒモ流しを採用。穴ヒモ（5・6号艇）を積極的に含める。'}",,,30.2,両建て推奨,13.57,38.2,2,4-1-5|1-2-4|1-4-2|1-4-3|1-2-3|1-3-4,6-1-2|6-1-3|5-1-2|5-1-3|5-1-6|6-2-1|4-1-5|1-2-4|1-4-2|1-4-3|1-2-3|1-3-4,4-1-5:1.58%|1-2-4:7.18%|1-4-2:5.2%|1-4-3:4.67%|1-2-3:4.61%|1-3-4:3.93%,4-1-5:B_main|1-2-4:A|1-4-2:A|1-4-3:A|1-2-3:A|1-3-4:A,6,12,0.4535,1,[!]見送り推奨（主役決まり手「まくり差し」― 逃げ劣勢レースで的中実績なし）,荒れ広め,D
2026-01-11,丸亀,3,2,天野晶夫,B1,30.23,2,△,11.1412,37.8,100,62.3,0.1692,3.8679,,,0,低,109,0,-,432 53,0,26.1,0.5897,0,0,0,0,0.0357,0.448,0.112,0.048,,,C,△,,0.2985,0.615,,0.2959,B,50,0,◎○△フォーメーション（15〜20点）,0.5777,"{'is_target': True, 'verdict': '参加推奨', 'max_combo_prob': 0.0719, 'est_top_odds': 18.6, 'circle_concentration': 73.9, 'eligible_count': 9, 'bet_adj': 2, 'reason': 'rel_win1=45.7%（本命度） / 最有力組み合わせ確率: 0.072（推定実オッズ?19倍） / 2着集中度: 上位2艇 73.9%（補正+0.04） / 総合判定確率: 0.112 / → ヒモ分散。1号艇1着固定で広めのヒモ流し推奨（買い目+2点）', 'tenji_trigger': '展示確認: ヒモ分散レース。1号艇伸び確認後、広めのヒモ流しを採用。穴ヒモ（5・6号艇）を積極的に含める。'}",,,30.2,両建て推奨,13.57,38.2,2,,,,,,,,,,,
2026-01-11,丸亀,3,3,福田　理,B1,25.00,3,,13.0211,13,68,38.5,0.1771,4.0615,,,0,低,126,0,ま0%,3 251,0,34.8,0.9371,0,0,0.0286,0.0286,0,0.1446,0.4967,0.1446,,,D,,,0.2494,0.594,,0.2959,B,50,0,◎○△フォーメーション（15〜20点）,0.5777,"{'is_target': True, 'verdict': '参加推奨', 'max_combo_prob': 0.0719, 'est_top_odds': 18.6, 'circle_concentration': 73.9, 'eligible_count': 9, 'bet_adj': 2, 'reason': 'rel_win1=45.7%（本命度） / 最有力組み合わせ確率: 0.072（推定実オッズ?19倍） / 2着集中度: 上位2艇 73.9%（補正+0.04） / 総合判定確率: 0.112 / → ヒモ分散。1号艇1着固定で広めのヒモ流し推奨（買い目+2点）', 'tenji_trigger': '展示確認: ヒモ分散レース。1号艇伸び確認後、広めのヒモ流しを採用。穴ヒモ（5・6号艇）を積極的に含める。'}",,,30.2,両建て推奨,13.57,38.2,2,,,,,,,,,,,
2026-01-11,丸亀,3,4,浜先真範,A1,32.93,4,○,17.2124,36.2,68,73.3,0.1378,2.6889,,,0,低,66,0,-,22132,0,51.7,1.0919,0,0,0,0.0909,0.0455,0.01,0.02,0.02,,◎,B,◎,◎,0.4387,0.647,0.4708,0.2959,B,50,0,◎○△フォーメーション（15〜20点）,0.5777,"{'is_target': True, 'verdict': '参加推奨', 'max_combo_prob': 0.0719, 'est_top_odds': 18.6, 'circle_concentration': 73.9, 'eligible_count': 9, 'bet_adj': 2, 'reason': 'rel_win1=45.7%（本命度） / 最有力組み合わせ確率: 0.072（推定実オッズ?19倍） / 2着集中度: 上位2艇 73.9%（補正+0.04） / 総合判定確率: 0.112 / → ヒモ分散。1号艇1着固定で広めのヒモ流し推奨（買い目+2点）', 'tenji_trigger': '展示確認: ヒモ分散レース。1号艇伸び確認後、広めのヒモ流しを採用。穴ヒモ（5・6号艇）を積極的に含める。'}",,,30.2,両建て推奨,13.57,38.2,2,,,,,,,,,,,
2026-01-11,丸亀,3,5,笠　雅雄,B1,20.59,5,,11.3702,8,35,27.5,0.1778,3.3725,,,0,低,120,0,-,4 222,0,21.2,0.594,0,0,0.0345,0.069,0,0.275,0.25,0.025,,,E,,,0.288,0.551,,0.2959,B,50,0,◎○△フォーメーション（15〜20点）,0.5777,"{'is_target': True, 'verdict': '参加推奨', 'max_combo_prob': 0.0719, 'est_top_odds': 18.6, 'circle_concentration': 73.9, 'eligible_count': 9, 'bet_adj': 2, 'reason': 'rel_win1=45.7%（本命度） / 最有力組み合わせ確率: 0.072（推定実オッズ?19倍） / 2着集中度: 上位2艇 73.9%（補正+0.04） / 総合判定確率: 0.112 / → ヒモ分散。1号艇1着固定で広めのヒモ流し推奨（買い目+2点）', 'tenji_trigger': '展示確認: ヒモ分散レース。1号艇伸び確認後、広めのヒモ流しを採用。穴ヒモ（5・6号艇）を積極的に含める。'}",,,30.2,両建て推奨,13.57,38.2,2,,,,,,,,,,,
2026-01-11,丸亀,3,6,角浜　修,B1,39.24,6,▲,1.5494,5.1,27,9.5,0.175,4.2143,,,0,低,134,0,-,5 445,0,22.1,0.5461,,,,,,0.0833,0.15,0.15,,,A,○,,0.318,0.6255,,0.2959,B,50,0,◎○△フォーメーション（15〜20点）,0.5777,"{'is_target': True, 'verdict': '参加推奨', 'max_combo_prob': 0.0719, 'est_top_odds': 18.6, 'circle_concentration': 73.9, 'eligible_count': 9, 'bet_adj': 2, 'reason': 'rel_win1=45.7%（本命度） / 最有力組み合わせ確率: 0.072（推定実オッズ?19倍） / 2着集中度: 上位2艇 73.9%（補正+0.04） / 総合判定確率: 0.112 / → ヒモ分散。1号艇1着固定で広めのヒモ流し推奨（買い目+2点）', 'tenji_trigger': '展示確認: ヒモ分散レース。1号艇伸び確認後、広めのヒモ流しを採用。穴ヒモ（5・6号艇）を積極的に含める。'}",,,30.2,両建て推奨,13.57,38.2,2,,,,,,,,,,,
2026-01-11,丸亀,4,1,大森　翼,B1,28.92,1,◎,41.8209,,0,48,0.1948,4.16,,,0,低,127,0,逃0%,455 63,0,25.9,0.6571,0.1875,,,,,0.025,0.35,0.3,,,B,△,,,0.58,,0.1767,D,30,1,大荒れ。見送り推奨,0.5777,"{'is_target': False, 'verdict': '対象外', 'max_combo_prob': None, 'est_top_odds': None, 'circle_concentration': None, 'eligible_count': 0, 'bet_adj': 0, 'reason': '1号艇rel_win1 < 45%: 通常判定に委ねる', 'tenji_trigger': ''}",,,37.4,両建て推奨,21.69,37.6,4,2-1-4|2-1-3|2-1-5|2-3-1|2-3-4|2-5-1|2-5-4|1-2-4|1-3-4|1-2-3,2-1-4|2-1-3|2-1-5|2-3-1|2-3-4|2-5-1|2-5-4|1-2-4|1-3-4|6-1-4|1-2-3|6-4-1,2-1-4:3.13%|2-1-3:2.46%|2-1-5:1.68%|2-3-1:0.74%|2-3-4:0.7%|2-5-1:0.53%|2-5-4:0.5%|1-2-4:7.97%|1-3-4:5.37%|1-2-3:4.52%,2-1-4:B_main|2-1-3:B_main|2-1-5:B_main|2-3-1:B_main|2-3-4:B_main|2-5-1:B_main|2-5-4:B_main|1-2-4:A|1-3-4:A|1-2-3:A,10,12,0.2915,1,[!]見送り推奨（主役決まり手「差し」― 逃げ劣勢レースで的中実績なし）,主役軸流し,B
2026-01-11,丸亀,4,2,水谷理人,A2,20.63,2,△,13.2352,43.3,50,55.6,0.1592,3.4167,,,0,低,64,0,ま0%,62353,0,33.4,0.9098,0,0.1,0.05,0,0,0.0533,0.28,0.0267,,◎,D,,,0.5743,0.569,,0.1767,D,30,1,大荒れ。見送り推奨,0.5777,"{'is_target': False, 'verdict': '対象外', 'max_combo_prob': None, 'est_top_odds': None, 'circle_concentration': None, 'eligible_count': 0, 'bet_adj': 0, 'reason': '1号艇rel_win1 < 45%: 通常判定に委ねる', 'tenji_trigger': ''}",,,37.4,両建て推奨,21.69,37.6,4,,,,,,,,,,,
2026-01-11,丸亀,4,3,奥田　誠,B1,25.58,3,,9.0633,25.6,83,54.7,0.172,3.6094,,,0,低,163,0,差0% ま0%,231 26,0,31.7,0.9733,0,0.0323,0.0645,0,0,0.1771,0.0571,0.139,,△,C,○,,0.4347,0.6205,,0.1767,D,30,1,大荒れ。見送り推奨,0.5777,"{'is_target': False, 'verdict': '対象外', 'max_combo_prob': None, 'est_top_odds': None, 'circle_concentration': None, 'eligible_count': 0, 'bet_adj': 0, 'reason': '1号艇rel_win1 < 45%: 通常判定に委ねる', 'tenji_trigger': ''}",,,37.4,両建て推奨,21.69,37.6,4,,,,,,,,,,,
2026-01-11,丸亀,4,4,上野真之,A1,27.03,4,○,22.6918,21.8,100,84.2,0.1226,2.9474,,,0,低,15,0,差0% ま0%,416 21,0,100,1.9932,0,0.0769,0.2308,0,0,0,0,0.1333,,○,C,◎,◎,0.5681,0.812,0.5069,0.1767,D,30,1,大荒れ。見送り推奨,0.5777,"{'is_target': False, 'verdict': '対象外', 'max_combo_prob': None, 'est_top_odds': None, 'circle_concentration': None, 'eligible_count': 0, 'bet_adj': 0, 'reason': '1号艇rel_win1 < 45%: 通常判定に委ねる', 'tenji_trigger': ''}",,,37.4,両建て推奨,21.69,37.6,4,,,,,,,,,,,
2026-01-11,丸亀,4,5,杉田篤光,A2,20.27,5,,12.0882,8.1,75,45.9,0.2226,4.6557,,,0,低,185,0,-,4 4564,0,50.3,1.3943,0,0.0435,0,0.0435,0,0.1358,0.0267,0.1624,,,E,△,○,0.2423,0.578,0.1353,0.1767,D,30,1,大荒れ。見送り推奨,0.5777,"{'is_target': False, 'verdict': '対象外', 'max_combo_prob': None, 'est_top_odds': None, 'circle_concentration': None, 'eligible_count': 0, 'bet_adj': 0, 'reason': '1号艇rel_win1 < 45%: 通常判定に委ねる', 'tenji_trigger': ''}",,,37.4,両建て推奨,21.69,37.6,4,,,,,,,,,,,
2026-01-11,丸亀,4,6,中岡　駿,B2,28.95,6,▲,1.1007,1.2,22,6.2,0.2055,4.3615,,,0,低,40,0,-,666 36,0,91.3,2.0656,,,,,,,,,,,B,,,0.332,0.482,,0.1767,D,30,1,大荒れ。見送り推奨,0.5777,"{'is_target': False, 'verdict': '対象外', 'max_combo_prob': None, 'est_top_odds': None, 'circle_concentration': None, 'eligible_count': 0, 'bet_adj': 0, 'reason': '1号艇rel_win1 < 45%: 通常判定に委ねる', 'tenji_trigger': ''}",,,37.4,両建て推奨,21.69,37.6,4,,,,,,,,,,,
2026-01-11,丸亀,5,1,白井友晴,B1,31.71,1,◎,52.9825,,0,77.2,0.1854,4.4561,,,0,低,164,0,逃1%,155 14,0,85.8,1.1312,0.1818,,,,,0.1091,0.3491,0.0545,△,,C,◎,,,0.671,,0.2078,A,71,0,◎-○軸 3着3〜4艇流し（10〜15点）,0.5777,"{'is_target': True, 'verdict': '点数絞り', 'max_combo_prob': 0.0819, 'est_top_odds': 16.3, 'circle_concentration': 71.4, 'eligible_count': 8, 'bet_adj': 0, 'reason': 'rel_win1=53.0%（本命度） / 最有力組み合わせ確率: 0.082（推定実オッズ?16倍） / 2着集中度: 上位2艇 71.4%（補正+0.04） / 総合判定確率: 0.122 / → ヒモはやや固め。上位2艇以外を切ること', 'tenji_trigger': '展示確認: 1号艇伸び良→そのまま採用。悪→飛び組に差し替え。circle_pct上位2艇に絞り込むこと。\n展示で1号艇スタート遅め(0.185秒)確認→ヒモが荒れやすい'}",,,29.5,逃げ狙い,13.32,36.3,4,2-1-4|1-2-4|1-2-5|1-3-4|1-4-2|1-3-2,6-1-4|6-4-1|6-1-3|3-5-4|2-1-4|3-4-5|3-1-4|1-2-4|1-2-5|1-3-4|1-4-2|1-3-2,2-1-4:2.15%|1-2-4:9.28%|1-2-5:7.01%|1-3-4:5.08%|1-4-2:4.95%|1-3-2:4.66%,2-1-4:B_main|1-2-4:A|1-2-5:A|1-3-4:A|1-4-2:A|1-3-2:A,6,12,0.4535,1,[!]見送り推奨（主役決まり手「差し」― 逃げ劣勢レースで的中実績なし）,荒れ広め,D
2026-01-11,丸亀,5,2,川上　剛,A2,27.17,2,△,11.06,48.4,92,59.5,0.1554,3.4684,,,0,低,143,0,-,312 62,0,58.6,1.1334,0,0.0278,0.0278,0,0,0,0.2346,0.0211,,◎,D,△,,0.5712,0.632,,0.2078,A,71,0,◎-○軸 3着3〜4艇流し（10〜15点）,0.5777,"{'is_target': True, 'verdict': '点数絞り', 'max_combo_prob': 0.0819, 'est_top_odds': 16.3, 'circle_concentration': 71.4, 'eligible_count': 8, 'bet_adj': 0, 'reason': 'rel_win1=53.0%（本命度） / 最有力組み合わせ確率: 0.082（推定実オッズ?16倍） / 2着集中度: 上位2艇 71.4%（補正+0.04） / 総合判定確率: 0.122 / → ヒモはやや固め。上位2艇以外を切ること', 'tenji_trigger': '展示確認: 1号艇伸び良→そのまま採用。悪→飛び組に差し替え。circle_pct上位2艇に絞り込むこと。\n展示で1号艇スタート遅め(0.185秒)確認→ヒモが荒れやすい'}",,,29.5,逃げ狙い,13.32,36.3,4,,,,,,,,,,,
2026-01-11,丸亀,5,3,関　裕也,B1,19.48,3,,8.257,20,76,43.1,0.18,3.7941,,,0,低,86,0,-,565 25,0,37.9,0.8231,,,,,,0.0923,0,0.2615,,,E,,,0.3787,0.6015,,0.2078,A,71,0,◎-○軸 3着3〜4艇流し（10〜15点）,0.5777,"{'is_target': True, 'verdict': '点数絞り', 'max_combo_prob': 0.0819, 'est_top_odds': 16.3, 'circle_concentration': 71.4, 'eligible_count': 8, 'bet_adj': 0, 'reason': 'rel_win1=53.0%（本命度） / 最有力組み合わせ確率: 0.082（推定実オッズ?16倍） / 2着集中度: 上位2艇 71.4%（補正+0.04） / 総合判定確率: 0.122 / → ヒモはやや固め。上位2艇以外を切ること', 'tenji_trigger': '展示確認: 1号艇伸び良→そのまま採用。悪→飛び組に差し替え。circle_pct上位2艇に絞り込むこと。\n展示で1号艇スタート遅め(0.185秒)確認→ヒモが荒れやすい'}",,,29.5,逃げ狙い,13.32,36.3,4,,,,,,,,,,,
2026-01-11,丸亀,5,4,竹田辰也,A1,30.61,4,▲,19.5378,23,100,60.8,0.1688,3.4608,,,0,低,94,0,-,3 1541,0,54.7,1.0615,0,0.0455,0.0909,0,0,0.019,0.0476,0.2071,,○,C,△,◎,0.4139,0.6225,0.3355,0.2078,A,71,0,◎-○軸 3着3〜4艇流し（10〜15点）,0.5777,"{'is_target': True, 'verdict': '点数絞り', 'max_combo_prob': 0.0819, 'est_top_odds': 16.3, 'circle_concentration': 71.4, 'eligible_count': 8, 'bet_adj': 0, 'reason': 'rel_win1=53.0%（本命度） / 最有力組み合わせ確率: 0.082（推定実オッズ?16倍） / 2着集中度: 上位2艇 71.4%（補正+0.04） / 総合判定確率: 0.122 / → ヒモはやや固め。上位2艇以外を切ること', 'tenji_trigger': '展示確認: 1号艇伸び良→そのまま採用。悪→飛び組に差し替え。circle_pct上位2艇に絞り込むこと。\n展示で1号艇スタート遅め(0.185秒)確認→ヒモが荒れやすい'}",,,29.5,逃げ狙い,13.32,36.3,4,,,,,,,,,,,
2026-01-11,丸亀,5,5,柳瀬興志,B1,40.74,5,○,6.764,5.6,78,28.1,0.168,3.5156,,,0,低,162,0,-,12465,0,29,0.7038,0,0,0,0.0385,0,0.1635,0.2714,0.1635,,,A,○,,0.389,0.656,,0.2078,A,71,0,◎-○軸 3着3〜4艇流し（10〜15点）,0.5777,"{'is_target': True, 'verdict': '点数絞り', 'max_combo_prob': 0.0819, 'est_top_odds': 16.3, 'circle_concentration': 71.4, 'eligible_count': 8, 'bet_adj': 0, 'reason': 'rel_win1=53.0%（本命度） / 最有力組み合わせ確率: 0.082（推定実オッズ?16倍） / 2着集中度: 上位2艇 71.4%（補正+0.04） / 総合判定確率: 0.122 / → ヒモはやや固め。上位2艇以外を切ること', 'tenji_trigger': '展示確認: 1号艇伸び良→そのまま採用。悪→飛び組に差し替え。circle_pct上位2艇に絞り込むこと。\n展示で1号艇スタート遅め(0.185秒)確認→ヒモが荒れやすい'}",,,29.5,逃げ狙い,13.32,36.3,4,,,,,,,,,,,
2026-01-11,丸亀,5,6,西村　歩,A2,37.80,6,,1.3986,3,59,20,0.1943,4.0833,,,0,低,61,0,-,62646,0,24.1,0.875,,,,,,0.1607,0.1,0,,,B,,,0.3378,0.5625,,0.2078,A,71,0,◎-○軸 3着3〜4艇流し（10〜15点）,0.5777,"{'is_target': True, 'verdict': '点数絞り', 'max_combo_prob': 0.0819, 'est_top_odds': 16.3, 'circle_concentration': 71.4, 'eligible_count': 8, 'bet_adj': 0, 'reason': 'rel_win1=53.0%（本命度） / 最有力組み合わせ確率: 0.082（推定実オッズ?16倍） / 2着集中度: 上位2艇 71.4%（補正+0.04） / 総合判定確率: 0.122 / → ヒモはやや固め。上位2艇以外を切ること', 'tenji_trigger': '展示確認: 1号艇伸び良→そのまま採用。悪→飛び組に差し替え。circle_pct上位2艇に絞り込むこと。\n展示で1号艇スタート遅め(0.185秒)確認→ヒモが荒れやすい'}",,,29.5,逃げ狙い,13.32,36.3,4,,,,,,,,,,,
2026-01-11,丸亀,6,1,土屋実沙,A2,32.91,1,◎,46.1972,,0,73.9,0.1457,2.9783,,,0,低,73,0,逃1%,5 6645,0,67.6,0.9413,0.5556,,,,,0.0444,0.3333,0,◎,,C,,,,0.5505,,0.4762,B,53,0,◎○△フォーメーション（15〜20点）,0.5777,"{'is_target': True, 'verdict': '参加推奨', 'max_combo_prob': 0.0655, 'est_top_odds': 20.3, 'circle_concentration': 72.6, 'eligible_count': 9, 'bet_adj': 2, 'reason': 'rel_win1=46.2%（本命度） / 最有力組み合わせ確率: 0.066（推定実オッズ?20倍） / 2着集中度: 上位2艇 72.6%（補正+0.04） / 総合判定確率: 0.106 / → ヒモ分散。1号艇1着固定で広めのヒモ流し推奨（買い目+2点）', 'tenji_trigger': '展示確認: ヒモ分散レース。1号艇伸び確認後、広めのヒモ流しを採用。穴ヒモ（5・6号艇）を積極的に含める。'}",,,30.7,両建て推奨,23.67,31,3,,,,,0,0,0.7559,0,,逃げ軸流し,A
2026-01-11,丸亀,6,2,丸山祐也,B1,34.94,2,△,7.243,19.7,90,43.2,0.2014,4.3243,,,0,低,130,0,-,5 444,0,15.9,0.5776,0,0.0625,0,0,0,0.125,0.25,0.25,,,C,△,,0.063,0.558,,0.4762,B,53,0,◎○△フォーメーション（15〜20点）,0.5777,"{'is_target': True, 'verdict': '参加推奨', 'max_combo_prob': 0.0655, 'est_top_odds': 20.3, 'circle_concentration': 72.6, 'eligible_count': 9, 'bet_adj': 2, 'reason': 'rel_win1=46.2%（本命度） / 最有力組み合わせ確率: 0.066（推定実オッズ?20倍） / 2着集中度: 上位2艇 72.6%（補正+0.04） / 総合判定確率: 0.106 / → ヒモ分散。1号艇1着固定で広めのヒモ流し推奨（買い目+2点）', 'tenji_trigger': '展示確認: ヒモ分散レース。1号艇伸び確認後、広めのヒモ流しを採用。穴ヒモ（5・6号艇）を積極的に含める。'}",,,30.7,両建て推奨,23.67,31,3,,,,,,,,,,,
2026-01-11,丸亀,6,3,里岡右貴,A1,41.67,3,○,25.697,31.4,100,80,0.1384,2.7727,,,0,低,75,0,差0% ま0% 差ま0% 抜0%,141 22,0,91.4,1.821,0,0.1071,0.25,0.1786,0.0357,0.115,0.139,0.024,,◎,A,○,,0.3863,0.641,,0.4762,B,53,0,◎○△フォーメーション（15〜20点）,0.5777,"{'is_target': True, 'verdict': '参加推奨', 'max_combo_prob': 0.0655, 'est_top_odds': 20.3, 'circle_concentration': 72.6, 'eligible_count': 9, 'bet_adj': 2, 'reason': 'rel_win1=46.2%（本命度） / 最有力組み合わせ確率: 0.066（推定実オッズ?20倍） / 2着集中度: 上位2艇 72.6%（補正+0.04） / 総合判定確率: 0.106 / → ヒモ分散。1号艇1着固定で広めのヒモ流し推奨（買い目+2点）', 'tenji_trigger': '展示確認: ヒモ分散レース。1号艇伸び確認後、広めのヒモ流しを採用。穴ヒモ（5・6号艇）を積極的に含める。'}",,,30.7,両建て推奨,23.67,31,3,,,,,,,,,,,
2026-01-11,丸亀,6,4,河野　大,A2,39.76,4,▲,11.2027,41.1,42,66.1,0.1593,3.4375,,,0,低,88,0,差0% ま0%,21331,0,73.3,1.3557,0,0.037,0.2222,0,0,0.1143,0.0381,0.0286,,,B,◎,○,0.279,0.6455,0.3423,0.4762,B,53,0,◎○△フォーメーション（15〜20点）,0.5777,"{'is_target': True, 'verdict': '参加推奨', 'max_combo_prob': 0.0655, 'est_top_odds': 20.3, 'circle_concentration': 72.6, 'eligible_count': 9, 'bet_adj': 2, 'reason': 'rel_win1=46.2%（本命度） / 最有力組み合わせ確率: 0.066（推定実オッズ?20倍） / 2着集中度: 上位2艇 72.6%（補正+0.04） / 総合判定確率: 0.106 / → ヒモ分散。1号艇1着固定で広めのヒモ流し推奨（買い目+2点）', 'tenji_trigger': '展示確認: ヒモ分散レース。1号艇伸び確認後、広めのヒモ流しを採用。穴ヒモ（5・6号艇）を積極的に含める。'}",,,30.7,両建て推奨,23.67,31,3,,,,,,,,,,,
2026-01-11,丸亀,6,5,金田大輔,B1,21.05,5,,7.9109,6.1,62,33.3,0.1482,2.8947,,,0,低,99,0,-,666 11,0,86.3,1.5724,0,0,0.0333,0.1,0,0.2,0.1,0.1,,,E,△,◎,0.2847,0.587,0.3638,0.4762,B,53,0,◎○△フォーメーション（15〜20点）,0.5777,"{'is_target': True, 'verdict': '参加推奨', 'max_combo_prob': 0.0655, 'est_top_odds': 20.3, 'circle_concentration': 72.6, 'eligible_count': 9, 'bet_adj': 2, 'reason': 'rel_win1=46.2%（本命度） / 最有力組み合わせ確率: 0.066（推定実オッズ?20倍） / 2着集中度: 上位2艇 72.6%（補正+0.04） / 総合判定確率: 0.106 / → ヒモ分散。1号艇1着固定で広めのヒモ流し推奨（買い目+2点）', 'tenji_trigger': '展示確認: ヒモ分散レース。1号艇伸び確認後、広めのヒモ流しを採用。穴ヒモ（5・6号艇）を積極的に含める。'}",,,30.7,両建て推奨,23.67,31,3,,,,,,,,,,,
2026-01-11,丸亀,6,6,田上　凜,B1,31.71,6,,1.7492,1.6,38,9,0.1954,4.0448,,,0,低,114,0,-,3 1565,0,90.5,1.7767,,,,,,0,0.6667,0,,,D,,,0.1536,0.504,,0.4762,B,53,0,◎○△フォーメーション（15〜20点）,0.5777,"{'is_target': True, 'verdict': '参加推奨', 'max_combo_prob': 0.0655, 'est_top_odds': 20.3, 'circle_concentration': 72.6, 'eligible_count': 9, 'bet_adj': 2, 'reason': 'rel_win1=46.2%（本命度） / 最有力組み合わせ確率: 0.066（推定実オッズ?20倍） / 2着集中度: 上位2艇 72.6%（補正+0.04） / 総合判定確率: 0.106 / → ヒモ分散。1号艇1着固定で広めのヒモ流し推奨（買い目+2点）', 'tenji_trigger': '展示確認: ヒモ分散レース。1号艇伸び確認後、広めのヒモ流しを採用。穴ヒモ（5・6号艇）を積極的に含める。'}",,,30.7,両建て推奨,23.67,31,3,,,,,,,,,,,
2026-01-11,丸亀,7,1,亀本勇樹,B1,25.68,1,◎,51.4832,,0,78.6,0.1524,2.869,,,0,低,75,0,逃1%,3 433,0,88.2,1.1409,0.375,,,,,0.2083,0.05,0.125,○,,D,,,,0.5815,,0.4333,A,66,0,◎-○軸 3着3〜4艇流し（10〜15点）,0.5777,"{'is_target': True, 'verdict': '参加推奨', 'max_combo_prob': 0.0715, 'est_top_odds': 18.6, 'circle_concentration': 77.2, 'eligible_count': 8, 'bet_adj': 2, 'reason': 'rel_win1=51.5%（本命度） / 最有力組み合わせ確率: 0.071（推定実オッズ?19倍） / 2着集中度: 上位2艇 77.2%（補正+0.04） / 総合判定確率: 0.111 / → ヒモ分散。1号艇1着固定で広めのヒモ流し推奨（買い目+2点）', 'tenji_trigger': '展示確認: ヒモ分散レース。1号艇伸び確認後、広めのヒモ流しを採用。穴ヒモ（5・6号艇）を積極的に含める。'}",,,28.3,逃げ狙い,13.72,32.5,3,,,,,0,0,0.6155,0,,主役軸流し,B
2026-01-11,丸亀,7,2,鈴木智啓,A2,30.00,2,▲,15.1278,44.3,57,60.3,0.1594,3.9762,,,0,低,123,0,差0%,4 3526,0,47.5,1.0143,0,0.125,0,0,0,0.1849,0.1741,0.0432,,,B,○,,0.2897,0.6485,,0.4333,A,66,0,◎-○軸 3着3〜4艇流し（10〜15点）,0.5777,"{'is_target': True, 'verdict': '参加推奨', 'max_combo_prob': 0.0715, 'est_top_odds': 18.6, 'circle_concentration': 77.2, 'eligible_count': 8, 'bet_adj': 2, 'reason': 'rel_win1=51.5%（本命度） / 最有力組み合わせ確率: 0.071（推定実オッズ?19倍） / 2着集中度: 上位2艇 77.2%（補正+0.04） / 総合判定確率: 0.111 / → ヒモ分散。1号艇1着固定で広めのヒモ流し推奨（買い目+2点）', 'tenji_trigger': '展示確認: ヒモ分散レース。1号艇伸び確認後、広めのヒモ流しを採用。穴ヒモ（5・6号艇）を積極的に含める。'}",,,28.3,逃げ狙い,13.72,32.5,3,,,,,,,,,,,
2026-01-11,丸亀,7,3,大野芳顕,A2,35.44,3,○,15.5811,32.9,62,57.8,0.1508,2.7958,,,0,低,139,0,-,142234,0,49.1,0.7775,0,0,0,0.0323,0,0.09,0.11,0.14,,,B,△,,0.3042,0.6345,,0.4333,A,66,0,◎-○軸 3着3〜4艇流し（10〜15点）,0.5777,"{'is_target': True, 'verdict': '参加推奨', 'max_combo_prob': 0.0715, 'est_top_odds': 18.6, 'circle_concentration': 77.2, 'eligible_count': 8, 'bet_adj': 2, 'reason': 'rel_win1=51.5%（本命度） / 最有力組み合わせ確率: 0.071（推定実オッズ?19倍） / 2着集中度: 上位2艇 77.2%（補正+0.04） / 総合判定確率: 0.111 / → ヒモ分散。1号艇1着固定で広めのヒモ流し推奨（買い目+2点）', 'tenji_trigger': '展示確認: ヒモ分散レース。1号艇伸び確認後、広めのヒモ流しを採用。穴ヒモ（5・6号艇）を積極的に含める。'}",,,28.3,逃げ狙い,13.72,32.5,3,,,,,,,,,,,
2026-01-11,丸亀,7,4,長岡良也,A1,23.46,4,,13.2374,19.2,100,63.5,0.1625,3.6984,,,0,低,104,0,-,253 13,0,75.2,1.3668,0,0.037,0.037,0.0741,0,0.1417,0.0972,0.1194,,,E,◎,◎,0.2628,0.6505,0.3794,0.4333,A,66,0,◎-○軸 3着3〜4艇流し（10〜15点）,0.5777,"{'is_target': True, 'verdict': '参加推奨', 'max_combo_prob': 0.0715, 'est_top_odds': 18.6, 'circle_concentration': 77.2, 'eligible_count': 8, 'bet_adj': 2, 'reason': 'rel_win1=51.5%（本命度） / 最有力組み合わせ確率: 0.071（推定実オッズ?19倍） / 2着集中度: 上位2艇 77.2%（補正+0.04） / 総合判定確率: 0.111 / → ヒモ分散。1号艇1着固定で広めのヒモ流し推奨（買い目+2点）', 'tenji_trigger': '展示確認: ヒモ分散レース。1号艇伸び確認後、広めのヒモ流しを採用。穴ヒモ（5・6号艇）を積極的に含める。'}",,,28.3,逃げ狙い,13.72,32.5,3,,,,,,,,,,,
2026-01-11,丸亀,7,5,松瀬弘美,B1,29.55,5,△,3.2545,2.6,92,22.9,0.1849,3.9714,,,0,低,82,0,-,4 2466,0,25.8,0.6138,,,,,,0.5818,0.2364,0.0364,,,C,,,0.2165,0.5835,,0.4333,A,66,0,◎-○軸 3着3〜4艇流し（10〜15点）,0.5777,"{'is_target': True, 'verdict': '参加推奨', 'max_combo_prob': 0.0715, 'est_top_odds': 18.6, 'circle_concentration': 77.2, 'eligible_count': 8, 'bet_adj': 2, 'reason': 'rel_win1=51.5%（本命度） / 最有力組み合わせ確率: 0.071（推定実オッズ?19倍） / 2着集中度: 上位2艇 77.2%（補正+0.04） / 総合判定確率: 0.111 / → ヒモ分散。1号艇1着固定で広めのヒモ流し推奨（買い目+2点）', 'tenji_trigger': '展示確認: ヒモ分散レース。1号艇伸び確認後、広めのヒモ流しを採用。穴ヒモ（5・6号艇）を積極的に含める。'}",,,28.3,逃げ狙い,13.72,32.5,3,,,,,,,,,,,
2026-01-11,丸亀,7,6,福田　理,B1,25.00,6,,1.3161,1,65,25.6,0.1682,4.1026,,,0,低,126,0,-,3 251,0,26.7,1.0489,,,,,,0.1446,0.4967,0.1446,,,D,△,,0.2672,0.594,,0.4333,A,66,0,◎-○軸 3着3〜4艇流し（10〜15点）,0.5777,"{'is_target': True, 'verdict': '参加推奨', 'max_combo_prob': 0.0715, 'est_top_odds': 18.6, 'circle_concentration': 77.2, 'eligible_count': 8, 'bet_adj': 2, 'reason': 'rel_win1=51.5%（本命度） / 最有力組み合わせ確率: 0.071（推定実オッズ?19倍） / 2着集中度: 上位2艇 77.2%（補正+0.04） / 総合判定確率: 0.111 / → ヒモ分散。1号艇1着固定で広めのヒモ流し推奨（買い目+2点）', 'tenji_trigger': '展示確認: ヒモ分散レース。1号艇伸び確認後、広めのヒモ流しを採用。穴ヒモ（5・6号艇）を積極的に含める。'}",,,28.3,逃げ狙い,13.72,32.5,3,,,,,,,,,,,
2026-01-11,丸亀,8,1,中村泰平,A1,21.79,1,◎,70.2033,,0,92.2,0.1551,2.7647,,,0,低,80,0,逃1%,13314,0,71.4,1.0359,0.6818,,,,,0.1864,0.0182,0.0364,◎,,C,△,,,0.6085,,0.6062,S,82,0,◎1着固定 2-3着流し（5〜8点）,0.5777,"{'is_target': True, 'verdict': '点数絞り', 'max_combo_prob': 0.1119, 'est_top_odds': 11.9, 'circle_concentration': 70.7, 'eligible_count': 6, 'bet_adj': 0, 'reason': 'rel_win1=70.2%（本命度） / 最有力組み合わせ確率: 0.112（推定実オッズ?12倍） / 2着集中度: 上位2艇 70.7%（補正+0.04） / 総合判定確率: 0.152 / → ヒモはやや固め。上位2艇以外を切ること', 'tenji_trigger': '展示確認: 1号艇伸び良→そのまま採用。悪→飛び組に差し替え。circle_pct上位2艇に絞り込むこと。'}",,,26.4,逃げ狙い,11.49,29.1,4,,,,,0,0,0.7559,0,,逃げ軸流し,A
2026-01-11,丸亀,8,2,杉田篤光,A2,20.27,2,,8.9369,39.2,95,60,0.1877,4.4083,,,0,低,185,0,差0%,4 4564,0,35.2,0.761,0,0.1111,0,0,0,0.1358,0.0267,0.1624,,,D,,,0.075,0.578,,0.6062,S,82,0,◎1着固定 2-3着流し（5〜8点）,0.5777,"{'is_target': True, 'verdict': '点数絞り', 'max_combo_prob': 0.1119, 'est_top_odds': 11.9, 'circle_concentration': 70.7, 'eligible_count': 6, 'bet_adj': 0, 'reason': 'rel_win1=70.2%（本命度） / 最有力組み合わせ確率: 0.112（推定実オッズ?12倍） / 2着集中度: 上位2艇 70.7%（補正+0.04） / 総合判定確率: 0.152 / → ヒモはやや固め。上位2艇以外を切ること', 'tenji_trigger': '展示確認: 1号艇伸び良→そのまま採用。悪→飛び組に差し替え。circle_pct上位2艇に絞り込むこと。'}",,,26.4,逃げ狙い,11.49,29.1,4,,,,,,,,,,,
2026-01-11,丸亀,8,3,嶋田貴支,B1,23.81,3,▲,5.4277,31.5,70,54.4,0.1676,3.3162,,,0,低,134,0,-,3 134,0,93.2,1.9054,0,0.0312,0,0.0312,0,0.0174,0.0522,0.1174,,,C,△,,0.2182,0.6045,,0.6062,S,82,0,◎1着固定 2-3着流し（5〜8点）,0.5777,"{'is_target': True, 'verdict': '点数絞り', 'max_combo_prob': 0.1119, 'est_top_odds': 11.9, 'circle_concentration': 70.7, 'eligible_count': 6, 'bet_adj': 0, 'reason': 'rel_win1=70.2%（本命度） / 最有力組み合わせ確率: 0.112（推定実オッズ?12倍） / 2着集中度: 上位2艇 70.7%（補正+0.04） / 総合判定確率: 0.152 / → ヒモはやや固め。上位2艇以外を切ること', 'tenji_trigger': '展示確認: 1号艇伸び良→そのまま採用。悪→飛び組に差し替え。circle_pct上位2艇に絞り込むこと。'}",,,26.4,逃げ狙い,11.49,29.1,4,,,,,,,,,,,
2026-01-11,丸亀,8,4,出畑孝典,A2,37.65,4,○,9.9089,19.8,100,65.1,0.153,3.4524,,,0,低,124,0,-,165421,0,44.2,0.9596,0,0,0.0417,0.0417,0,0.4352,0.1165,0.1319,,,A,○,◎,0.2977,0.629,0.4237,0.6062,S,82,0,◎1着固定 2-3着流し（5〜8点）,0.5777,"{'is_target': True, 'verdict': '点数絞り', 'max_combo_prob': 0.1119, 'est_top_odds': 11.9, 'circle_concentration': 70.7, 'eligible_count': 6, 'bet_adj': 0, 'reason': 'rel_win1=70.2%（本命度） / 最有力組み合わせ確率: 0.112（推定実オッズ?12倍） / 2着集中度: 上位2艇 70.7%（補正+0.04） / 総合判定確率: 0.152 / → ヒモはやや固め。上位2艇以外を切ること', 'tenji_trigger': '展示確認: 1号艇伸び良→そのまま採用。悪→飛び組に差し替え。circle_pct上位2艇に絞り込むこと。'}",,,26.4,逃げ狙い,11.49,29.1,4,,,,,,,,,,,
2026-01-11,丸亀,8,5,牧原　崇,B1,20.59,5,△,3.6973,8.4,51,32.8,0.1875,4.1311,,,0,低,174,0,-,5 145,0,25.1,0.8219,0,0,0,0.0385,0.0385,0.0258,0.2016,0.2274,,,D,◎,,0.1795,0.6775,,0.6062,S,82,0,◎1着固定 2-3着流し（5〜8点）,0.5777,"{'is_target': True, 'verdict': '点数絞り', 'max_combo_prob': 0.1119, 'est_top_odds': 11.9, 'circle_concentration': 70.7, 'eligible_count': 6, 'bet_adj': 0, 'reason': 'rel_win1=70.2%（本命度） / 最有力組み合わせ確率: 0.112（推定実オッズ?12倍） / 2着集中度: 上位2艇 70.7%（補正+0.04） / 総合判定確率: 0.152 / → ヒモはやや固め。上位2艇以外を切ること', 'tenji_trigger': '展示確認: 1号艇伸び良→そのまま採用。悪→飛び組に差し替え。circle_pct上位2艇に絞り込むこと。'}",,,26.4,逃げ狙い,11.49,29.1,4,,,,,,,,,,,
2026-01-11,丸亀,8,6,笠　雅雄,B1,20.59,6,,1.8259,1.1,25,7.7,0.1921,4.1154,,,0,低,120,0,-,4 222,0,34.6,0.8333,,,,,,0.275,0.25,0.025,,,D,,,0.1961,0.551,,0.6062,S,82,0,◎1着固定 2-3着流し（5〜8点）,0.5777,"{'is_target': True, 'verdict': '点数絞り', 'max_combo_prob': 0.1119, 'est_top_odds': 11.9, 'circle_concentration': 70.7, 'eligible_count': 6, 'bet_adj': 0, 'reason': 'rel_win1=70.2%（本命度） / 最有力組み合わせ確率: 0.112（推定実オッズ?12倍） / 2着集中度: 上位2艇 70.7%（補正+0.04） / 総合判定確率: 0.152 / → ヒモはやや固め。上位2艇以外を切ること', 'tenji_trigger': '展示確認: 1号艇伸び良→そのまま採用。悪→飛び組に差し替え。circle_pct上位2艇に絞り込むこと。'}",,,26.4,逃げ狙い,11.49,29.1,4,,,,,,,,,,,
2026-01-11,丸亀,9,1,川上　剛,A2,27.17,1,◎,65.1423,,0,88.4,0.1546,3.1071,,,0,低,143,0,-,312 62,0,62.9,0.9862,0.7368,,,,,0,0.2346,0.0211,◎,,C,○,,,0.632,,0.502,A,78,0,◎-○軸 3着3〜4艇流し（10〜15点）,0.5777,"{'is_target': True, 'verdict': '点数絞り', 'max_combo_prob': 0.0801, 'est_top_odds': 16.6, 'circle_concentration': 70.4, 'eligible_count': 8, 'bet_adj': 0, 'reason': 'rel_win1=65.1%（本命度） / 最有力組み合わせ確率: 0.080（推定実オッズ?17倍） / 2着集中度: 上位2艇 70.4%（補正+0.04） / 総合判定確率: 0.120 / → ヒモはやや固め。上位2艇以外を切ること', 'tenji_trigger': '展示確認: 1号艇伸び良→そのまま採用。悪→飛び組に差し替え。circle_pct上位2艇に絞り込むこと。'}",,,26.7,逃げ狙い,13.67,28,3,,,,,0,0,0.7559,0,,逃げ軸流し,A
2026-01-11,丸亀,9,2,木村紗友,B1,29.49,2,▲,6.7448,30.3,100,58.1,0.1842,3.9194,,,0,低,68,0,-,5 6615,0,35,0.9429,,,,,,0.0909,0.1818,0.0909,,,B,,,0.0775,0.5685,,0.502,A,78,0,◎-○軸 3着3〜4艇流し（10〜15点）,0.5777,"{'is_target': True, 'verdict': '点数絞り', 'max_combo_prob': 0.0801, 'est_top_odds': 16.6, 'circle_concentration': 70.4, 'eligible_count': 8, 'bet_adj': 0, 'reason': 'rel_win1=65.1%（本命度） / 最有力組み合わせ確率: 0.080（推定実オッズ?17倍） / 2着集中度: 上位2艇 70.4%（補正+0.04） / 総合判定確率: 0.120 / → ヒモはやや固め。上位2艇以外を切ること', 'tenji_trigger': '展示確認: 1号艇伸び良→そのまま採用。悪→飛び組に差し替え。circle_pct上位2艇に絞り込むこと。'}",,,26.7,逃げ狙い,13.67,28,3,,,,,,,,,,,
2026-01-11,丸亀,9,3,大須賀友,A2,25.93,3,,12.7779,40.1,91,81.4,0.1724,3.2288,,,0,低,116,0,-,423134,0,64.4,1.5131,0,0,0.12,0.08,0,0.0516,0.1258,0.0129,,,D,△,,0.2174,0.599,,0.502,A,78,0,◎-○軸 3着3〜4艇流し（10〜15点）,0.5777,"{'is_target': True, 'verdict': '点数絞り', 'max_combo_prob': 0.0801, 'est_top_odds': 16.6, 'circle_concentration': 70.4, 'eligible_count': 8, 'bet_adj': 0, 'reason': 'rel_win1=65.1%（本命度） / 最有力組み合わせ確率: 0.080（推定実オッズ?17倍） / 2着集中度: 上位2艇 70.4%（補正+0.04） / 総合判定確率: 0.120 / → ヒモはやや固め。上位2艇以外を切ること', 'tenji_trigger': '展示確認: 1号艇伸び良→そのまま採用。悪→飛び組に差し替え。circle_pct上位2艇に絞り込むこと。'}",,,26.7,逃げ狙い,13.67,28,3,,,,,,,,,,,
2026-01-11,丸亀,9,4,松田真実,B1,29.55,4,○,5.5075,7.1,81,24.3,0.1692,3.2703,,,0,低,69,0,ま0%,6 565,0,21.4,0.5779,0,0,0.0714,0,0,0,0.2857,0.4286,,,B,,,0.2365,0.5685,,0.502,A,78,0,◎-○軸 3着3〜4艇流し（10〜15点）,0.5777,"{'is_target': True, 'verdict': '点数絞り', 'max_combo_prob': 0.0801, 'est_top_odds': 16.6, 'circle_concentration': 70.4, 'eligible_count': 8, 'bet_adj': 0, 'reason': 'rel_win1=65.1%（本命度） / 最有力組み合わせ確率: 0.080（推定実オッズ?17倍） / 2着集中度: 上位2艇 70.4%（補正+0.04） / 総合判定確率: 0.120 / → ヒモはやや固め。上位2艇以外を切ること', 'tenji_trigger': '展示確認: 1号艇伸び良→そのまま採用。悪→飛び組に差し替え。circle_pct上位2艇に絞り込むこと。'}",,,26.7,逃げ狙い,13.67,28,3,,,,,,,,,,,
2026-01-11,丸亀,9,5,小川晃司,B1,28.74,5,,5.7087,8.6,82,,,,,,0,低,77,1,-,3 534,0,,,,,,,,,,,,,C,△,◎,0.3121,0.63,0.15,0.502,A,78,0,◎-○軸 3着3〜4艇流し（10〜15点）,0.5777,"{'is_target': True, 'verdict': '点数絞り', 'max_combo_prob': 0.0801, 'est_top_odds': 16.6, 'circle_concentration': 70.4, 'eligible_count': 8, 'bet_adj': 0, 'reason': 'rel_win1=65.1%（本命度） / 最有力組み合わせ確率: 0.080（推定実オッズ?17倍） / 2着集中度: 上位2艇 70.4%（補正+0.04） / 総合判定確率: 0.120 / → ヒモはやや固め。上位2艇以外を切ること', 'tenji_trigger': '展示確認: 1号艇伸び良→そのまま採用。悪→飛び組に差し替え。circle_pct上位2艇に絞り込むこと。'}",,,26.7,逃げ狙い,13.67,28,3,,,,,,,,,,,
2026-01-11,丸亀,9,6,上野真之,A1,27.03,6,△,4.1189,13.9,63,63.6,0.1232,2.9318,,,0,低,15,0,差ま0%,416 21,0,100,2.4122,0,0,0,0.1667,0,0,0,0.1333,,◎,D,◎,,0.4133,0.812,,0.502,A,78,0,◎-○軸 3着3〜4艇流し（10〜15点）,0.5777,"{'is_target': True, 'verdict': '点数絞り', 'max_combo_prob': 0.0801, 'est_top_odds': 16.6, 'circle_concentration': 70.4, 'eligible_count': 8, 'bet_adj': 0, 'reason': 'rel_win1=65.1%（本命度） / 最有力組み合わせ確率: 0.080（推定実オッズ?17倍） / 2着集中度: 上位2艇 70.4%（補正+0.04） / 総合判定確率: 0.120 / → ヒモはやや固め。上位2艇以外を切ること', 'tenji_trigger': '展示確認: 1号艇伸び良→そのまま採用。悪→飛び組に差し替え。circle_pct上位2艇に絞り込むこと。'}",,,26.7,逃げ狙い,13.67,28,3,,,,,,,,,,,
2026-01-11,丸亀,10,1,竹田辰也,A1,30.61,1,◎,65.7664,,0,93,0.134,2.6395,,,0,低,94,0,逃1%,3 1541,0,89.8,1.1753,0.6429,,,,,0.019,0.0476,0.2071,◎,,C,△,,,0.6225,,0.6323,S,94,0,◎1着固定 2-3着流し（5〜8点）,0.5777,"{'is_target': True, 'verdict': '点数絞り', 'max_combo_prob': 0.0896, 'est_top_odds': 14.9, 'circle_concentration': 75.4, 'eligible_count': 6, 'bet_adj': 0, 'reason': 'rel_win1=65.8%（本命度） / 最有力組み合わせ確率: 0.090（推定実オッズ?15倍） / 2着集中度: 上位2艇 75.4%（補正+0.04） / 総合判定確率: 0.130 / → ヒモはやや固め。上位2艇以外を切ること', 'tenji_trigger': '展示確認: 1号艇伸び良→そのまま採用。悪→飛び組に差し替え。circle_pct上位2艇に絞り込むこと。\n展示で1号艇スタート超安定(0.134秒)→ヒモ固まり方向に注意'}",,,27,逃げ狙い,17.73,25.6,2,,,,,0,0,0.7559,0,,逃げ軸流し,A
2026-01-11,丸亀,10,2,土屋実沙,A2,32.91,2,△,15.4507,42.8,87,53.6,0.1629,3.6964,,,0,低,73,0,差0% 抜0%,5 6645,0,38,0.925,0,0.25,0,0,0.0625,0.0444,0.3333,0,,,C,,,0.1122,0.5505,,0.6323,S,94,0,◎1着固定 2-3着流し（5〜8点）,0.5777,"{'is_target': True, 'verdict': '点数絞り', 'max_combo_prob': 0.0896, 'est_top_odds': 14.9, 'circle_concentration': 75.4, 'eligible_count': 6, 'bet_adj': 0, 'reason': 'rel_win1=65.8%（本命度） / 最有力組み合わせ確率: 0.090（推定実オッズ?15倍） / 2着集中度: 上位2艇 75.4%（補正+0.04） / 総合判定確率: 0.130 / → ヒモはやや固め。上位2艇以外を切ること', 'tenji_trigger': '展示確認: 1号艇伸び良→そのまま採用。悪→飛び組に差し替え。circle_pct上位2艇に絞り込むこと。\n展示で1号艇スタート超安定(0.134秒)→ヒモ固まり方向に注意'}",,,27,逃げ狙い,17.73,25.6,2,,,,,,,,,,,
2026-01-11,丸亀,10,3,伊藤啓三,B1,34.44,3,○,10.2844,32.6,92,59.7,0.1293,2.5088,,,0,低,78,0,-,2 421,0,46.8,1.1087,,,,,,0.2727,0.3455,0.0364,,,B,◎,,0.3336,0.6695,,0.6323,S,94,0,◎1着固定 2-3着流し（5〜8点）,0.5777,"{'is_target': True, 'verdict': '点数絞り', 'max_combo_prob': 0.0896, 'est_top_odds': 14.9, 'circle_concentration': 75.4, 'eligible_count': 6, 'bet_adj': 0, 'reason': 'rel_win1=65.8%（本命度） / 最有力組み合わせ確率: 0.090（推定実オッズ?15倍） / 2着集中度: 上位2艇 75.4%（補正+0.04） / 総合判定確率: 0.130 / → ヒモはやや固め。上位2艇以外を切ること', 'tenji_trigger': '展示確認: 1号艇伸び良→そのまま採用。悪→飛び組に差し替え。circle_pct上位2艇に絞り込むこと。\n展示で1号艇スタート超安定(0.134秒)→ヒモ固まり方向に注意'}",,,27,逃げ狙い,17.73,25.6,2,,,,,,,,,,,
2026-01-11,丸亀,10,4,角浜　修,B1,39.24,4,▲,5.3344,10,50,23.8,0.1706,3.7302,,,0,低,134,0,-,5 445,0,34.4,0.8202,0,0,0,0.0303,0,0.0833,0.15,0.15,,,B,△,,0.1427,0.6255,,0.6323,S,94,0,◎1着固定 2-3着流し（5〜8点）,0.5777,"{'is_target': True, 'verdict': '点数絞り', 'max_combo_prob': 0.0896, 'est_top_odds': 14.9, 'circle_concentration': 75.4, 'eligible_count': 6, 'bet_adj': 0, 'reason': 'rel_win1=65.8%（本命度） / 最有力組み合わせ確率: 0.090（推定実オッズ?15倍） / 2着集中度: 上位2艇 75.4%（補正+0.04） / 総合判定確率: 0.130 / → ヒモはやや固め。上位2艇以外を切ること', 'tenji_trigger': '展示確認: 1号艇伸び良→そのまま採用。悪→飛び組に差し替え。circle_pct上位2艇に絞り込むこと。\n展示で1号艇スタート超安定(0.134秒)→ヒモ固まり方向に注意'}",,,27,逃げ狙い,17.73,25.6,2,,,,,,,,,,,
2026-01-11,丸亀,10,5,佐藤　旭,B1,29.67,5,,2.1966,10,72,27.6,0.1959,4.3966,,,0,低,162,0,-,161 52,0,32,0.845,,,,,,0.0706,0.2441,0.0706,,,D,○,,0.1462,0.628,,0.6323,S,94,0,◎1着固定 2-3着流し（5〜8点）,0.5777,"{'is_target': True, 'verdict': '点数絞り', 'max_combo_prob': 0.0896, 'est_top_odds': 14.9, 'circle_concentration': 75.4, 'eligible_count': 6, 'bet_adj': 0, 'reason': 'rel_win1=65.8%（本命度） / 最有力組み合わせ確率: 0.090（推定実オッズ?15倍） / 2着集中度: 上位2艇 75.4%（補正+0.04） / 総合判定確率: 0.130 / → ヒモはやや固め。上位2艇以外を切ること', 'tenji_trigger': '展示確認: 1号艇伸び良→そのまま採用。悪→飛び組に差し替え。circle_pct上位2艇に絞り込むこと。\n展示で1号艇スタート超安定(0.134秒)→ヒモ固まり方向に注意'}",,,27,逃げ狙い,17.73,25.6,2,,,,,,,,,,,
2026-01-11,丸亀,10,6,平高奈菜,A2,22.08,6,,0.9675,4.6,100,52,0.1876,4.44,,,0,低,46,0,-,1 62F5,0,24,0.6814,,,,,,0.2,0,0.1333,,,E,,,0.1466,0.6215,,0.6323,S,94,0,◎1着固定 2-3着流し（5〜8点）,0.5777,"{'is_target': True, 'verdict': '点数絞り', 'max_combo_prob': 0.0896, 'est_top_odds': 14.9, 'circle_concentration': 75.4, 'eligible_count': 6, 'bet_adj': 0, 'reason': 'rel_win1=65.8%（本命度） / 最有力組み合わせ確率: 0.090（推定実オッズ?15倍） / 2着集中度: 上位2艇 75.4%（補正+0.04） / 総合判定確率: 0.130 / → ヒモはやや固め。上位2艇以外を切ること', 'tenji_trigger': '展示確認: 1号艇伸び良→そのまま採用。悪→飛び組に差し替え。circle_pct上位2艇に絞り込むこと。\n展示で1号艇スタート超安定(0.134秒)→ヒモ固まり方向に注意'}",,,27,逃げ狙い,17.73,25.6,2,,,,,,,,,,,
2026-01-11,丸亀,11,1,浜先真範,A1,32.93,1,◎,60.2524,,0,90.9,0.1309,2.4156,,,0,低,66,0,逃1%,22132,0,66.2,0.9919,0.8,,,,,0.01,0.02,0.02,◎,,C,△,,,0.647,,0.6617,S,87,0,◎1着固定 2-3着流し（5〜8点）,0.5777,"{'is_target': True, 'verdict': '参加推奨', 'max_combo_prob': 0.0586, 'est_top_odds': 22.7, 'circle_concentration': 62.7, 'eligible_count': 6, 'bet_adj': 2, 'reason': 'rel_win1=60.3%（本命度） / 最有力組み合わせ確率: 0.059（推定実オッズ?23倍） / 2着集中度: 上位2艇 62.7%（補正+0.00） / 総合判定確率: 0.059 / → ヒモ分散。1号艇1着固定で広めのヒモ流し推奨（買い目+2点）', 'tenji_trigger': '展示確認: ヒモ分散レース。1号艇伸び確認後、広めのヒモ流しを採用。穴ヒモ（5・6号艇）を積極的に含める。\n展示で1号艇スタート超安定(0.131秒)→ヒモ固まり方向に注意'}",,,26.2,逃げ狙い,18.53,22.4,5,,,,,0,0,0.7559,0,,逃げ軸流し,A
2026-01-11,丸亀,11,2,柳瀬興志,B1,40.74,2,△,11.4807,32.2,100,60.6,0.1899,4.1127,,,0,低,162,0,差0% ま0%,12465,0,75.7,0.9776,0,0.0882,0.0588,0,0,0.1635,0.2714,0.1635,,,B,○,,0.0684,0.656,,0.6617,S,87,0,◎1着固定 2-3着流し（5〜8点）,0.5777,"{'is_target': True, 'verdict': '参加推奨', 'max_combo_prob': 0.0586, 'est_top_odds': 22.7, 'circle_concentration': 62.7, 'eligible_count': 6, 'bet_adj': 2, 'reason': 'rel_win1=60.3%（本命度） / 最有力組み合わせ確率: 0.059（推定実オッズ?23倍） / 2着集中度: 上位2艇 62.7%（補正+0.00） / 総合判定確率: 0.059 / → ヒモ分散。1号艇1着固定で広めのヒモ流し推奨（買い目+2点）', 'tenji_trigger': '展示確認: ヒモ分散レース。1号艇伸び確認後、広めのヒモ流しを採用。穴ヒモ（5・6号艇）を積極的に含める。\n展示で1号艇スタート超安定(0.131秒)→ヒモ固まり方向に注意'}",,,26.2,逃げ狙い,18.53,22.4,5,,,,,,,,,,,
2026-01-11,丸亀,11,3,鈴木智啓,A2,30.00,3,,7.9916,30.6,92,65,0.1642,3.475,,,0,低,123,0,ま0%,4 3526,0,39.8,1.0969,0,0,0.1,0,0,0.1849,0.1741,0.0432,,,D,△,,0.132,0.6485,,0.6617,S,87,0,◎1着固定 2-3着流し（5〜8点）,0.5777,"{'is_target': True, 'verdict': '参加推奨', 'max_combo_prob': 0.0586, 'est_top_odds': 22.7, 'circle_concentration': 62.7, 'eligible_count': 6, 'bet_adj': 2, 'reason': 'rel_win1=60.3%（本命度） / 最有力組み合わせ確率: 0.059（推定実オッズ?23倍） / 2着集中度: 上位2艇 62.7%（補正+0.00） / 総合判定確率: 0.059 / → ヒモ分散。1号艇1着固定で広めのヒモ流し推奨（買い目+2点）', 'tenji_trigger': '展示確認: ヒモ分散レース。1号艇伸び確認後、広めのヒモ流しを採用。穴ヒモ（5・6号艇）を積極的に含める。\n展示で1号艇スタート超安定(0.131秒)→ヒモ固まり方向に注意'}",,,26.2,逃げ狙い,18.53,22.4,5,,,,,,,,,,,
2026-01-11,丸亀,11,4,抹香雄三,B1,36.59,4,▲,9.2642,14.5,63,42.2,0.1523,3.1831,,,0,低,100,0,ま0%,452 43,0,28.5,0.8345,0,0,0.0968,0,0,0.12,0.24,0.16,,,C,◎,,0.2194,0.6655,0.2098,0.6617,S,87,0,◎1着固定 2-3着流し（5〜8点）,0.5777,"{'is_target': True, 'verdict': '参加推奨', 'max_combo_prob': 0.0586, 'est_top_odds': 22.7, 'circle_concentration': 62.7, 'eligible_count': 6, 'bet_adj': 2, 'reason': 'rel_win1=60.3%（本命度） / 最有力組み合わせ確率: 0.059（推定実オッズ?23倍） / 2着集中度: 上位2艇 62.7%（補正+0.00） / 総合判定確率: 0.059 / → ヒモ分散。1号艇1着固定で広めのヒモ流し推奨（買い目+2点）', 'tenji_trigger': '展示確認: ヒモ分散レース。1号艇伸び確認後、広めのヒモ流しを採用。穴ヒモ（5・6号艇）を積極的に含める。\n展示で1号艇スタート超安定(0.131秒)→ヒモ固まり方向に注意'}",,,26.2,逃げ狙い,18.53,22.4,5,,,,,,,,,,,
2026-01-11,丸亀,11,5,水谷理人,A2,20.63,5,,6.6276,15.3,71,52.8,0.1403,2.8194,,,0,低,64,0,-,62353,0,91.6,1.6671,0,0.0556,0,0,0,0.0533,0.28,0.0267,,,E,,◎,0.2535,0.569,0.3187,0.6617,S,87,0,◎1着固定 2-3着流し（5〜8点）,0.5777,"{'is_target': True, 'verdict': '参加推奨', 'max_combo_prob': 0.0586, 'est_top_odds': 22.7, 'circle_concentration': 62.7, 'eligible_count': 6, 'bet_adj': 2, 'reason': 'rel_win1=60.3%（本命度） / 最有力組み合わせ確率: 0.059（推定実オッズ?23倍） / 2着集中度: 上位2艇 62.7%（補正+0.00） / 総合判定確率: 0.059 / → ヒモ分散。1号艇1着固定で広めのヒモ流し推奨（買い目+2点）', 'tenji_trigger': '展示確認: ヒモ分散レース。1号艇伸び確認後、広めのヒモ流しを採用。穴ヒモ（5・6号艇）を積極的に含める。\n展示で1号艇スタート超安定(0.131秒)→ヒモ固まり方向に注意'}",,,26.2,逃げ狙い,18.53,22.4,5,,,,,,,,,,,
2026-01-11,丸亀,11,6,里岡右貴,A1,41.67,6,○,4.3836,7.5,98,50,0.1495,3.0152,,,0,低,75,0,-,141 22,0,28.8,1.5661,0,0,0.0323,0,0.0323,0.115,0.139,0.024,,,B,,○,0.2246,0.641,0.2393,0.6617,S,87,0,◎1着固定 2-3着流し（5〜8点）,0.5777,"{'is_target': True, 'verdict': '参加推奨', 'max_combo_prob': 0.0586, 'est_top_odds': 22.7, 'circle_concentration': 62.7, 'eligible_count': 6, 'bet_adj': 2, 'reason': 'rel_win1=60.3%（本命度） / 最有力組み合わせ確率: 0.059（推定実オッズ?23倍） / 2着集中度: 上位2艇 62.7%（補正+0.00） / 総合判定確率: 0.059 / → ヒモ分散。1号艇1着固定で広めのヒモ流し推奨（買い目+2点）', 'tenji_trigger': '展示確認: ヒモ分散レース。1号艇伸び確認後、広めのヒモ流しを採用。穴ヒモ（5・6号艇）を積極的に含める。\n展示で1号艇スタート超安定(0.131秒)→ヒモ固まり方向に注意'}",,,26.2,逃げ狙い,18.53,22.4,5,,,,,,,,,,,
2026-01-11,丸亀,12,1,長岡良也,A1,23.46,1,◎,59.697,,0,95.1,0.1481,2.6852,,,0,低,104,0,逃1%,253 13,0,94.2,1.2835,0.6667,,,,,0.1417,0.0972,0.1194,◎,,D,○,,,0.6505,,0.587,S,80,0,◎1着固定 2-3着流し（5〜8点）,0.5777,"{'is_target': True, 'verdict': '参加推奨', 'max_combo_prob': 0.0894, 'est_top_odds': 14.9, 'circle_concentration': 66.4, 'eligible_count': 6, 'bet_adj': 2, 'reason': 'rel_win1=59.7%（本命度） / 最有力組み合わせ確率: 0.089（推定実オッズ?15倍） / 2着集中度: 上位2艇 66.4%（補正+0.00） / 総合判定確率: 0.089 / → ヒモ分散。1号艇1着固定で広めのヒモ流し推奨（買い目+2点）', 'tenji_trigger': '展示確認: ヒモ分散レース。1号艇伸び確認後、広めのヒモ流しを採用。穴ヒモ（5・6号艇）を積極的に含める。'}",,,28.7,逃げ狙い,18.83,29.3,2,,,,,0,0,0.7559,0,,逃げ軸流し,A
2026-01-11,丸亀,12,2,西村　歩,A2,37.80,2,△,12.6924,36.4,71,64.5,0.1584,3.3387,,,0,低,61,0,-,62646,0,50.3,1.0447,0,0,0,0,0,0.1607,0.1,0,,,B,,,0.2457,0.5625,,0.587,S,80,0,◎1着固定 2-3着流し（5〜8点）,0.5777,"{'is_target': True, 'verdict': '参加推奨', 'max_combo_prob': 0.0894, 'est_top_odds': 14.9, 'circle_concentration': 66.4, 'eligible_count': 6, 'bet_adj': 2, 'reason': 'rel_win1=59.7%（本命度） / 最有力組み合わせ確率: 0.089（推定実オッズ?15倍） / 2着集中度: 上位2艇 66.4%（補正+0.00） / 総合判定確率: 0.089 / → ヒモ分散。1号艇1着固定で広めのヒモ流し推奨（買い目+2点）', 'tenji_trigger': '展示確認: ヒモ分散レース。1号艇伸び確認後、広めのヒモ流しを採用。穴ヒモ（5・6号艇）を積極的に含める。'}",,,28.7,逃げ狙い,18.83,29.3,2,,,,,,,,,,,
2026-01-11,丸亀,12,3,山田雄太,B1,36.67,3,○,11.0434,30,73,62.5,0.1434,3.1953,,,0,低,64,0,-,341 36,0,87.2,1.8025,0,0,0.0323,0.0645,0.0645,0.016,0.2,0.048,,,B,◎,,0.3296,0.6615,,0.587,S,80,0,◎1着固定 2-3着流し（5〜8点）,0.5777,"{'is_target': True, 'verdict': '参加推奨', 'max_combo_prob': 0.0894, 'est_top_odds': 14.9, 'circle_concentration': 66.4, 'eligible_count': 6, 'bet_adj': 2, 'reason': 'rel_win1=59.7%（本命度） / 最有力組み合わせ確率: 0.089（推定実オッズ?15倍） / 2着集中度: 上位2艇 66.4%（補正+0.00） / 総合判定確率: 0.089 / → ヒモ分散。1号艇1着固定で広めのヒモ流し推奨（買い目+2点）', 'tenji_trigger': '展示確認: ヒモ分散レース。1号艇伸び確認後、広めのヒモ流しを採用。穴ヒモ（5・6号艇）を積極的に含める。'}",,,28.7,逃げ狙い,18.83,29.3,2,,,,,,,,,,,
2026-01-11,丸亀,12,4,奥田　誠,B1,25.58,4,,6.5791,5.3,100,50.9,0.1657,4.0755,,,0,低,163,0,-,231 26,0,46.7,0.9515,0,0,0.0385,0.0769,0,0.1771,0.0571,0.139,,,D,△,,0.2408,0.6205,,0.587,S,80,0,◎1着固定 2-3着流し（5〜8点）,0.5777,"{'is_target': True, 'verdict': '参加推奨', 'max_combo_prob': 0.0894, 'est_top_odds': 14.9, 'circle_concentration': 66.4, 'eligible_count': 6, 'bet_adj': 2, 'reason': 'rel_win1=59.7%（本命度） / 最有力組み合わせ確率: 0.089（推定実オッズ?15倍） / 2着集中度: 上位2艇 66.4%（補正+0.00） / 総合判定確率: 0.089 / → ヒモ分散。1号艇1着固定で広めのヒモ流し推奨（買い目+2点）', 'tenji_trigger': '展示確認: ヒモ分散レース。1号艇伸び確認後、広めのヒモ流しを採用。穴ヒモ（5・6号艇）を積極的に含める。'}",,,28.7,逃げ狙い,18.83,29.3,2,,,,,,,,,,,
2026-01-11,丸亀,12,5,中村泰平,A1,21.79,5,,6.5799,22,38,59,0.1672,3.3846,,,0,低,80,0,差ま0% 抜0%,13314,0,86,1.6207,0,0,0,0.0769,0.0769,0.1864,0.0182,0.0364,,,E,,,0.2453,0.6085,,0.587,S,80,0,◎1着固定 2-3着流し（5〜8点）,0.5777,"{'is_target': True, 'verdict': '参加推奨', 'max_combo_prob': 0.0894, 'est_top_odds': 14.9, 'circle_concentration': 66.4, 'eligible_count': 6, 'bet_adj': 2, 'reason': 'rel_win1=59.7%（本命度） / 最有力組み合わせ確率: 0.089（推定実オッズ?15倍） / 2着集中度: 上位2艇 66.4%（補正+0.00） / 総合判定確率: 0.089 / → ヒモ分散。1号艇1着固定で広めのヒモ流し推奨（買い目+2点）', 'tenji_trigger': '展示確認: ヒモ分散レース。1号艇伸び確認後、広めのヒモ流しを採用。穴ヒモ（5・6号艇）を積極的に含める。'}",,,28.7,逃げ狙い,18.83,29.3,2,,,,,,,,,,,
2026-01-11,丸亀,12,6,河野　大,A2,39.76,6,▲,3.4083,6.3,32,38.2,0.1484,3.1273,,,0,低,88,0,ま0%,21331,0,31.9,0.4456,0,0,0.0323,0,0,0.1143,0.0381,0.0286,,,B,△,,0.2966,0.6455,,0.587,S,80,0,◎1着固定 2-3着流し（5〜8点）,0.5777,"{'is_target': True, 'verdict': '参加推奨', 'max_combo_prob': 0.0894, 'est_top_odds': 14.9, 'circle_concentration': 66.4, 'eligible_count': 6, 'bet_adj': 2, 'reason': 'rel_win1=59.7%（本命度） / 最有力組み合わせ確率: 0.089（推定実オッズ?15倍） / 2着集中度: 上位2艇 66.4%（補正+0.00） / 総合判定確率: 0.089 / → ヒモ分散。1号艇1着固定で広めのヒモ流し推奨（買い目+2点）', 'tenji_trigger': '展示確認: ヒモ分散レース。1号艇伸び確認後、広めのヒモ流しを採用。穴ヒモ（5・6号艇）を積極的に含める。'}",,,28.7,逃げ狙い,18.83,29.3,2,,,,,,,,,,,
2026-01-12,丸亀,1,1,丸山祐也,B1,34.94,1,◎,60.8772,,0,68.2,0.1714,3.75,,,0,低,130,0,-,5 444,0,60.4,0.7956,0.375,,,,,0.125,0.25,0.25,○,,B,,,,0.558,,0.3423,A,61,0,◎-○軸 3着3〜4艇流し（10〜15点）,0.5777,"{'is_target': True, 'verdict': '点数絞り', 'max_combo_prob': 0.1097, 'est_top_odds': 12.2, 'circle_concentration': 82.7, 'eligible_count': 8, 'bet_adj': 0, 'reason': 'rel_win1=60.9%（本命度） / 最有力組み合わせ確率: 0.110（推定実オッズ?12倍） / 2着集中度: 上位2艇 82.7%（補正+0.04） / 総合判定確率: 0.150 / → ヒモはやや固め。上位2艇以外を切ること', 'tenji_trigger': '展示確認: 1号艇伸び良→そのまま採用。悪→飛び組に差し替え。circle_pct上位2艇に絞り込むこと。'}",,,29.7,両建て推奨,14.7,35.9,3,,,,,0,0,0.6155,0,,逃げ軸流し,A
2026-01-12,丸亀,1,2,牧原　崇,B1,20.59,2,,9.9203,40.9,100,65.1,0.1826,4.0152,,,0,低,174,0,差1%,5 145,0,33.2,0.7657,0,0.0345,0,0,0.0345,0.0258,0.2016,0.2274,,,D,◎,,0.194,0.6775,,0.3423,A,61,0,◎-○軸 3着3〜4艇流し（10〜15点）,0.5777,"{'is_target': True, 'verdict': '点数絞り', 'max_combo_prob': 0.1097, 'est_top_odds': 12.2, 'circle_concentration': 82.7, 'eligible_count': 8, 'bet_adj': 0, 'reason': 'rel_win1=60.9%（本命度） / 最有力組み合わせ確率: 0.110（推定実オッズ?12倍） / 2着集中度: 上位2艇 82.7%（補正+0.04） / 総合判定確率: 0.150 / → ヒモはやや固め。上位2艇以外を切ること', 'tenji_trigger': '展示確認: 1号艇伸び良→そのまま採用。悪→飛び組に差し替え。circle_pct上位2艇に絞り込むこと。'}",,,29.7,両建て推奨,14.7,35.9,3,,,,,,,,,,,
2026-01-12,丸亀,1,3,佐藤　旭,B1,29.67,3,▲,16.0444,41.8,94,70.4,0.1698,4.0278,,,0,低,162,0,差0% ま0%,161 52,0,79.9,1.4002,0,0.0526,0.0526,0,0,0.0706,0.2441,0.0706,,,C,△,,0.2979,0.628,,0.3423,A,61,0,◎-○軸 3着3〜4艇流し（10〜15点）,0.5777,"{'is_target': True, 'verdict': '点数絞り', 'max_combo_prob': 0.1097, 'est_top_odds': 12.2, 'circle_concentration': 82.7, 'eligible_count': 8, 'bet_adj': 0, 'reason': 'rel_win1=60.9%（本命度） / 最有力組み合わせ確率: 0.110（推定実オッズ?12倍） / 2着集中度: 上位2艇 82.7%（補正+0.04） / 総合判定確率: 0.150 / → ヒモはやや固め。上位2艇以外を切ること', 'tenji_trigger': '展示確認: 1号艇伸び良→そのまま採用。悪→飛び組に差し替え。circle_pct上位2艇に絞り込むこと。'}",,,29.7,両建て推奨,14.7,35.9,3,,,,,,,,,,,
2026-01-12,丸亀,1,4,松瀬弘美,B1,29.55,4,△,8.93,12.2,68,36,0.17,3.6,,,0,低,82,0,-,4 2466,0,49.8,0.8615,,,,,,0.5818,0.2364,0.0364,,,C,△,,0.3184,0.5835,,0.3423,A,61,0,◎-○軸 3着3〜4艇流し（10〜15点）,0.5777,"{'is_target': True, 'verdict': '点数絞り', 'max_combo_prob': 0.1097, 'est_top_odds': 12.2, 'circle_concentration': 82.7, 'eligible_count': 8, 'bet_adj': 0, 'reason': 'rel_win1=60.9%（本命度） / 最有力組み合わせ確率: 0.110（推定実オッズ?12倍） / 2着集中度: 上位2艇 82.7%（補正+0.04） / 総合判定確率: 0.150 / → ヒモはやや固め。上位2艇以外を切ること', 'tenji_trigger': '展示確認: 1号艇伸び良→そのまま採用。悪→飛び組に差し替え。circle_pct上位2艇に絞り込むこと。'}",,,29.7,両建て推奨,14.7,35.9,3,,,,,,,,,,,
2026-01-12,丸亀,1,5,松田真実,B1,29.55,5,,2.8978,3,39,11.1,0.1858,3.5417,,,0,低,69,0,-,6 565,0,32.4,0.6369,,,,,,0,0.2857,0.4286,,,C,,,0.2642,0.5685,,0.3423,A,61,0,◎-○軸 3着3〜4艇流し（10〜15点）,0.5777,"{'is_target': True, 'verdict': '点数絞り', 'max_combo_prob': 0.1097, 'est_top_odds': 12.2, 'circle_concentration': 82.7, 'eligible_count': 8, 'bet_adj': 0, 'reason': 'rel_win1=60.9%（本命度） / 最有力組み合わせ確率: 0.110（推定実オッズ?12倍） / 2着集中度: 上位2艇 82.7%（補正+0.04） / 総合判定確率: 0.150 / → ヒモはやや固め。上位2艇以外を切ること', 'tenji_trigger': '展示確認: 1号艇伸び良→そのまま採用。悪→飛び組に差し替え。circle_pct上位2艇に絞り込むこと。'}",,,29.7,両建て推奨,14.7,35.9,3,,,,,,,,,,,
2026-01-12,丸亀,1,6,抹香雄三,B1,36.59,6,○,1.3303,2.1,25,23.8,0.1475,3.5635,,,0,低,100,0,-,452 43,0,22.8,0.4344,,,,,,0.12,0.24,0.16,,,B,○,,0.3861,0.6655,,0.3423,A,61,0,◎-○軸 3着3〜4艇流し（10〜15点）,0.5777,"{'is_target': True, 'verdict': '点数絞り', 'max_combo_prob': 0.1097, 'est_top_odds': 12.2, 'circle_concentration': 82.7, 'eligible_count': 8, 'bet_adj': 0, 'reason': 'rel_win1=60.9%（本命度） / 最有力組み合わせ確率: 0.110（推定実オッズ?12倍） / 2着集中度: 上位2艇 82.7%（補正+0.04） / 総合判定確率: 0.150 / → ヒモはやや固め。上位2艇以外を切ること', 'tenji_trigger': '展示確認: 1号艇伸び良→そのまま採用。悪→飛び組に差し替え。circle_pct上位2艇に絞り込むこと。'}",,,29.7,両建て推奨,14.7,35.9,3,,,,,,,,,,,
2026-01-12,丸亀,2,1,山田雄太,B1,36.67,1,◎,60.7872,,0,84.9,0.1323,2.5,,,0,低,64,0,逃1%,341 36,0,73.6,1.1113,0.6,,,,,0.016,0.2,0.048,◎,,A,○,,,0.6615,,0.6036,S,100,0,◎1着固定 2-3着流し（5〜8点）,0.5777,"{'is_target': True, 'verdict': '参加推奨', 'max_combo_prob': 0.0755, 'est_top_odds': 17.7, 'circle_concentration': 68.0, 'eligible_count': 6, 'bet_adj': 2, 'reason': 'rel_win1=60.8%（本命度） / 最有力組み合わせ確率: 0.075（推定実オッズ?18倍） / 2着集中度: 上位2艇 68.0%（補正+0.00） / 総合判定確率: 0.075 / → ヒモ分散。1号艇1着固定で広めのヒモ流し推奨（買い目+2点）', 'tenji_trigger': '展示確認: ヒモ分散レース。1号艇伸び確認後、広めのヒモ流しを採用。穴ヒモ（5・6号艇）を積極的に含める。\n展示で1号艇スタート超安定(0.132秒)→ヒモ固まり方向に注意'}",,,26.8,逃げ狙い,15.19,27,4,,,,,0,0,0.7559,0,,逃げ軸流し,A
2026-01-12,丸亀,2,2,亀本勇樹,B1,25.68,2,△,8.8162,37.5,80,44.2,0.1688,3.6538,,,0,低,75,0,-,3 433,0,100,3.531,0,0.04,0,0,0,0.2083,0.05,0.125,,,D,,,0.0598,0.5815,,0.6036,S,100,0,◎1着固定 2-3着流し（5〜8点）,0.5777,"{'is_target': True, 'verdict': '参加推奨', 'max_combo_prob': 0.0755, 'est_top_odds': 17.7, 'circle_concentration': 68.0, 'eligible_count': 6, 'bet_adj': 2, 'reason': 'rel_win1=60.8%（本命度） / 最有力組み合わせ確率: 0.075（推定実オッズ?18倍） / 2着集中度: 上位2艇 68.0%（補正+0.00） / 総合判定確率: 0.075 / → ヒモ分散。1号艇1着固定で広めのヒモ流し推奨（買い目+2点）', 'tenji_trigger': '展示確認: ヒモ分散レース。1号艇伸び確認後、広めのヒモ流しを採用。穴ヒモ（5・6号艇）を積極的に含める。\n展示で1号艇スタート超安定(0.132秒)→ヒモ固まり方向に注意'}",,,26.8,逃げ狙い,15.19,27,4,,,,,,,,,,,
2026-01-12,丸亀,2,3,原村拓也,B1,20.83,3,,8.7009,30.5,91,50.7,0.1648,3.6087,,,0,低,159,0,-,236 35,0,38.1,0.9921,,,,,,0.3114,0.1257,0.02,,,E,,,0.1698,0.5855,,0.6036,S,100,0,◎1着固定 2-3着流し（5〜8点）,0.5777,"{'is_target': True, 'verdict': '参加推奨', 'max_combo_prob': 0.0755, 'est_top_odds': 17.7, 'circle_concentration': 68.0, 'eligible_count': 6, 'bet_adj': 2, 'reason': 'rel_win1=60.8%（本命度） / 最有力組み合わせ確率: 0.075（推定実オッズ?18倍） / 2着集中度: 上位2艇 68.0%（補正+0.00） / 総合判定確率: 0.075 / → ヒモ分散。1号艇1着固定で広めのヒモ流し推奨（買い目+2点）', 'tenji_trigger': '展示確認: ヒモ分散レース。1号艇伸び確認後、広めのヒモ流しを採用。穴ヒモ（5・6号艇）を積極的に含める。\n展示で1号艇スタート超安定(0.132秒)→ヒモ固まり方向に注意'}",,,26.8,逃げ狙い,15.19,27,4,,,,,,,,,,,
2026-01-12,丸亀,2,4,伊藤啓三,B1,34.44,4,○,13.8468,23.8,68,58.2,0.1273,2.5364,,,0,低,78,0,-,2 421,0,67.1,1.3962,,,,,,0.2727,0.3455,0.0364,,,B,◎,◎,0.3594,0.6695,0.4047,0.6036,S,100,0,◎1着固定 2-3着流し（5〜8点）,0.5777,"{'is_target': True, 'verdict': '参加推奨', 'max_combo_prob': 0.0755, 'est_top_odds': 17.7, 'circle_concentration': 68.0, 'eligible_count': 6, 'bet_adj': 2, 'reason': 'rel_win1=60.8%（本命度） / 最有力組み合わせ確率: 0.075（推定実オッズ?18倍） / 2着集中度: 上位2艇 68.0%（補正+0.00） / 総合判定確率: 0.075 / → ヒモ分散。1号艇1着固定で広めのヒモ流し推奨（買い目+2点）', 'tenji_trigger': '展示確認: ヒモ分散レース。1号艇伸び確認後、広めのヒモ流しを採用。穴ヒモ（5・6号艇）を積極的に含める。\n展示で1号艇スタート超安定(0.132秒)→ヒモ固まり方向に注意'}",,,26.8,逃げ狙い,15.19,27,4,,,,,,,,,,,
2026-01-12,丸亀,2,5,嶋田貴支,B1,23.81,5,,5.0027,3.7,43,21.1,0.1765,3.7885,,,0,低,134,0,差ま0%,3 134,0,33.3,0.7774,0,0.037,0,0.037,0,0.0174,0.0522,0.1174,,,D,△,,0.1694,0.6045,,0.6036,S,100,0,◎1着固定 2-3着流し（5〜8点）,0.5777,"{'is_target': True, 'verdict': '参加推奨', 'max_combo_prob': 0.0755, 'est_top_odds': 17.7, 'circle_concentration': 68.0, 'eligible_count': 6, 'bet_adj': 2, 'reason': 'rel_win1=60.8%（本命度） / 最有力組み合わせ確率: 0.075（推定実オッズ?18倍） / 2着集中度: 上位2艇 68.0%（補正+0.00） / 総合判定確率: 0.075 / → ヒモ分散。1号艇1着固定で広めのヒモ流し推奨（買い目+2点）', 'tenji_trigger': '展示確認: ヒモ分散レース。1号艇伸び確認後、広めのヒモ流しを採用。穴ヒモ（5・6号艇）を積極的に含める。\n展示で1号艇スタート超安定(0.132秒)→ヒモ固まり方向に注意'}",,,26.8,逃げ狙い,15.19,27,4,,,,,,,,,,,
2026-01-12,丸亀,2,6,小川晃司,B1,28.74,6,▲,2.8462,4.5,100,43.1,0.1611,3.3991,,,0,低,77,0,-,3 534,0,27.8,0.6053,0,0,0.0104,0.0104,0.0104,,,,,,C,△,○,0.2161,0.63,0.2108,0.6036,S,100,0,◎1着固定 2-3着流し（5〜8点）,0.5777,"{'is_target': True, 'verdict': '参加推奨', 'max_combo_prob': 0.0755, 'est_top_odds': 17.7, 'circle_concentration': 68.0, 'eligible_count': 6, 'bet_adj': 2, 'reason': 'rel_win1=60.8%（本命度） / 最有力組み合わせ確率: 0.075（推定実オッズ?18倍） / 2着集中度: 上位2艇 68.0%（補正+0.00） / 総合判定確率: 0.075 / → ヒモ分散。1号艇1着固定で広めのヒモ流し推奨（買い目+2点）', 'tenji_trigger': '展示確認: ヒモ分散レース。1号艇伸び確認後、広めのヒモ流しを採用。穴ヒモ（5・6号艇）を積極的に含める。\n展示で1号艇スタート超安定(0.132秒)→ヒモ固まり方向に注意'}",,,26.8,逃げ狙い,15.19,27,4,,,,,,,,,,,
2026-01-12,丸亀,3,1,宇野博之,B1,21.92,1,◎,45.7058,,0,62.5,0.1627,3.4821,,,0,低,135,0,-,523 14,0,100,2.0884,0.1905,,,,,0.2398,0.297,0.1307,△,,D,△,,,0.606,,0.2959,B,50,0,◎○△フォーメーション（15〜20点）,0.5777,"{'is_target': True, 'verdict': '参加推奨', 'max_combo_prob': 0.0719, 'est_top_odds': 18.6, 'circle_concentration': 73.9, 'eligible_count': 9, 'bet_adj': 2, 'reason': 'rel_win1=45.7%（本命度） / 最有力組み合わせ確率: 0.072（推定実オッズ?19倍） / 2着集中度: 上位2艇 73.9%（補正+0.04） / 総合判定確率: 0.112 / → ヒモ分散。1号艇1着固定で広めのヒモ流し推奨（買い目+2点）', 'tenji_trigger': '展示確認: ヒモ分散レース。1号艇伸び確認後、広めのヒモ流しを採用。穴ヒモ（5・6号艇）を積極的に含める。'}",,,30.2,両建て推奨,13.57,38.2,2,4-1-5|1-2-4|1-4-2|1-4-3|1-2-3|1-3-4,6-1-2|6-1-3|5-1-2|5-1-3|5-1-6|6-2-1|4-1-5|1-2-4|1-4-2|1-4-3|1-2-3|1-3-4,4-1-5:1.58%|1-2-4:7.18%|1-4-2:5.2%|1-4-3:4.67%|1-2-3:4.61%|1-3-4:3.93%,4-1-5:B_main|1-2-4:A|1-4-2:A|1-4-3:A|1-2-3:A|1-3-4:A,6,12,0.4535,1,[!]見送り推奨（主役決まり手「まくり差し」― 逃げ劣勢レースで的中実績なし）,荒れ広め,D
2026-01-12,丸亀,3,2,天野晶夫,B1,30.23,2,△,11.1412,37.8,100,62.3,0.1692,3.8679,,,0,低,109,0,-,432 53,0,26.1,0.5897,0,0,0,0,0.0357,0.448,0.112,0.048,,,C,△,,0.2985,0.615,,0.2959,B,50,0,◎○△フォーメーション（15〜20点）,0.5777,"{'is_target': True, 'verdict': '参加推奨', 'max_combo_prob': 0.0719, 'est_top_odds': 18.6, 'circle_concentration': 73.9, 'eligible_count': 9, 'bet_adj': 2, 'reason': 'rel_win1=45.7%（本命度） / 最有力組み合わせ確率: 0.072（推定実オッズ?19倍） / 2着集中度: 上位2艇 73.9%（補正+0.04） / 総合判定確率: 0.112 / → ヒモ分散。1号艇1着固定で広めのヒモ流し推奨（買い目+2点）', 'tenji_trigger': '展示確認: ヒモ分散レース。1号艇伸び確認後、広めのヒモ流しを採用。穴ヒモ（5・6号艇）を積極的に含める。'}",,,30.2,両建て推奨,13.57,38.2,2,,,,,,,,,,,
2026-01-12,丸亀,3,3,福田　理,B1,25.00,3,,13.0211,13,68,38.5,0.1771,4.0615,,,0,低,126,0,ま0%,3 251,0,34.8,0.9371,0,0,0.0286,0.0286,0,0.1446,0.4967,0.1446,,,D,,,0.2494,0.594,,0.2959,B,50,0,◎○△フォーメーション（15〜20点）,0.5777,"{'is_target': True, 'verdict': '参加推奨', 'max_combo_prob': 0.0719, 'est_top_odds': 18.6, 'circle_concentration': 73.9, 'eligible_count': 9, 'bet_adj': 2, 'reason': 'rel_win1=45.7%（本命度） / 最有力組み合わせ確率: 0.072（推定実オッズ?19倍） / 2着集中度: 上位2艇 73.9%（補正+0.04） / 総合判定確率: 0.112 / → ヒモ分散。1号艇1着固定で広めのヒモ流し推奨（買い目+2点）', 'tenji_trigger': '展示確認: ヒモ分散レース。1号艇伸び確認後、広めのヒモ流しを採用。穴ヒモ（5・6号艇）を積極的に含める。'}",,,30.2,両建て推奨,13.57,38.2,2,,,,,,,,,,,
2026-01-12,丸亀,3,4,浜先真範,A1,32.93,4,○,17.2124,36.2,68,73.3,0.1378,2.6889,,,0,低,66,0,-,22132,0,51.7,1.0919,0,0,0,0.0909,0.0455,0.01,0.02,0.02,,◎,B,◎,◎,0.4387,0.647,0.4708,0.2959,B,50,0,◎○△フォーメーション（15〜20点）,0.5777,"{'is_target': True, 'verdict': '参加推奨', 'max_combo_prob': 0.0719, 'est_top_odds': 18.6, 'circle_concentration': 73.9, 'eligible_count': 9, 'bet_adj': 2, 'reason': 'rel_win1=45.7%（本命度） / 最有力組み合わせ確率: 0.072（推定実オッズ?19倍） / 2着集中度: 上位2艇 73.9%（補正+0.04） / 総合判定確率: 0.112 / → ヒモ分散。1号艇1着固定で広めのヒモ流し推奨（買い目+2点）', 'tenji_trigger': '展示確認: ヒモ分散レース。1号艇伸び確認後、広めのヒモ流しを採用。穴ヒモ（5・6号艇）を積極的に含める。'}",,,30.2,両建て推奨,13.57,38.2,2,,,,,,,,,,,
2026-01-12,丸亀,3,5,笠　雅雄,B1,20.59,5,,11.3702,8,35,27.5,0.1778,3.3725,,,0,低,120,0,-,4 222,0,21.2,0.594,0,0,0.0345,0.069,0,0.275,0.25,0.025,,,E,,,0.288,0.551,,0.2959,B,50,0,◎○△フォーメーション（15〜20点）,0.5777,"{'is_target': True, 'verdict': '参加推奨', 'max_combo_prob': 0.0719, 'est_top_odds': 18.6, 'circle_concentration': 73.9, 'eligible_count': 9, 'bet_adj': 2, 'reason': 'rel_win1=45.7%（本命度） / 最有力組み合わせ確率: 0.072（推定実オッズ?19倍） / 2着集中度: 上位2艇 73.9%（補正+0.04） / 総合判定確率: 0.112 / → ヒモ分散。1号艇1着固定で広めのヒモ流し推奨（買い目+2点）', 'tenji_trigger': '展示確認: ヒモ分散レース。1号艇伸び確認後、広めのヒモ流しを採用。穴ヒモ（5・6号艇）を積極的に含める。'}",,,30.2,両建て推奨,13.57,38.2,2,,,,,,,,,,,
2026-01-12,丸亀,3,6,角浜　修,B1,39.24,6,▲,1.5494,5.1,27,9.5,0.175,4.2143,,,0,低,134,0,-,5 445,0,22.1,0.5461,,,,,,0.0833,0.15,0.15,,,A,○,,0.318,0.6255,,0.2959,B,50,0,◎○△フォーメーション（15〜20点）,0.5777,"{'is_target': True, 'verdict': '参加推奨', 'max_combo_prob': 0.0719, 'est_top_odds': 18.6, 'circle_concentration': 73.9, 'eligible_count': 9, 'bet_adj': 2, 'reason': 'rel_win1=45.7%（本命度） / 最有力組み合わせ確率: 0.072（推定実オッズ?19倍） / 2着集中度: 上位2艇 73.9%（補正+0.04） / 総合判定確率: 0.112 / → ヒモ分散。1号艇1着固定で広めのヒモ流し推奨（買い目+2点）', 'tenji_trigger': '展示確認: ヒモ分散レース。1号艇伸び確認後、広めのヒモ流しを採用。穴ヒモ（5・6号艇）を積極的に含める。'}",,,30.2,両建て推奨,13.57,38.2,2,,,,,,,,,,,
2026-01-12,丸亀,4,1,大森　翼,B1,28.92,1,◎,41.8209,,0,48,0.1948,4.16,,,0,低,127,0,逃0%,455 63,0,25.9,0.6571,0.1875,,,,,0.025,0.35,0.3,,,B,△,,,0.58,,0.1767,D,30,1,大荒れ。見送り推奨,0.5777,"{'is_target': False, 'verdict': '対象外', 'max_combo_prob': None, 'est_top_odds': None, 'circle_concentration': None, 'eligible_count': 0, 'bet_adj': 0, 'reason': '1号艇rel_win1 < 45%: 通常判定に委ねる', 'tenji_trigger': ''}",,,37.4,両建て推奨,21.69,37.6,4,2-1-4|2-1-3|2-1-5|2-3-1|2-3-4|2-5-1|2-5-4|1-2-4|1-3-4|1-2-3,2-1-4|2-1-3|2-1-5|2-3-1|2-3-4|2-5-1|2-5-4|1-2-4|1-3-4|6-1-4|1-2-3|6-4-1,2-1-4:3.13%|2-1-3:2.46%|2-1-5:1.68%|2-3-1:0.74%|2-3-4:0.7%|2-5-1:0.53%|2-5-4:0.5%|1-2-4:7.97%|1-3-4:5.37%|1-2-3:4.52%,2-1-4:B_main|2-1-3:B_main|2-1-5:B_main|2-3-1:B_main|2-3-4:B_main|2-5-1:B_main|2-5-4:B_main|1-2-4:A|1-3-4:A|1-2-3:A,10,12,0.2915,1,[!]見送り推奨（主役決まり手「差し」― 逃げ劣勢レースで的中実績なし）,主役軸流し,B
2026-01-12,丸亀,4,2,水谷理人,A2,20.63,2,△,13.2352,43.3,50,55.6,0.1592,3.4167,,,0,低,64,0,ま0%,62353,0,33.4,0.9098,0,0.1,0.05,0,0,0.0533,0.28,0.0267,,◎,D,,,0.5743,0.569,,0.1767,D,30,1,大荒れ。見送り推奨,0.5777,"{'is_target': False, 'verdict': '対象外', 'max_combo_prob': None, 'est_top_odds': None, 'circle_concentration': None, 'eligible_count': 0, 'bet_adj': 0, 'reason': '1号艇rel_win1 < 45%: 通常判定に委ねる', 'tenji_trigger': ''}",,,37.4,両建て推奨,21.69,37.6,4,,,,,,,,,,,
2026-01-12,丸亀,4,3,奥田　誠,B1,25.58,3,,9.0633,25.6,83,54.7,0.172,3.6094,,,0,低,163,0,差0% ま0%,231 26,0,31.7,0.9733,0,0.0323,0.0645,0,0,0.1771,0.0571,0.139,,△,C,○,,0.4347,0.6205,,0.1767,D,30,1,大荒れ。見送り推奨,0.5777,"{'is_target': False, 'verdict': '対象外', 'max_combo_prob': None, 'est_top_odds': None, 'circle_concentration': None, 'eligible_count': 0, 'bet_adj': 0, 'reason': '1号艇rel_win1 < 45%: 通常判定に委ねる', 'tenji_trigger': ''}",,,37.4,両建て推奨,21.69,37.6,4,,,,,,,,,,,
2026-01-12,丸亀,4,4,上野真之,A1,27.03,4,○,22.6918,21.8,100,84.2,0.1226,2.9474,,,0,低,15,0,差0% ま0%,416 21,0,100,1.9932,0,0.0769,0.2308,0,0,0,0,0.1333,,○,C,◎,◎,0.5681,0.812,0.5069,0.1767,D,30,1,大荒れ。見送り推奨,0.5777,"{'is_target': False, 'verdict': '対象外', 'max_combo_prob': None, 'est_top_odds': None, 'circle_concentration': None, 'eligible_count': 0, 'bet_adj': 0, 'reason': '1号艇rel_win1 < 45%: 通常判定に委ねる', 'tenji_trigger': ''}",,,37.4,両建て推奨,21.69,37.6,4,,,,,,,,,,,
2026-01-12,丸亀,4,5,杉田篤光,A2,20.27,5,,12.0882,8.1,75,45.9,0.2226,4.6557,,,0,低,185,0,-,4 4564,0,50.3,1.3943,0,0.0435,0,0.0435,0,0.1358,0.0267,0.1624,,,E,△,○,0.2423,0.578,0.1353,0.1767,D,30,1,大荒れ。見送り推奨,0.5777,"{'is_target': False, 'verdict': '対象外', 'max_combo_prob': None, 'est_top_odds': None, 'circle_concentration': None, 'eligible_count': 0, 'bet_adj': 0, 'reason': '1号艇rel_win1 < 45%: 通常判定に委ねる', 'tenji_trigger': ''}",,,37.4,両建て推奨,21.69,37.6,4,,,,,,,,,,,
2026-01-12,丸亀,4,6,中岡　駿,B2,28.95,6,▲,1.1007,1.2,22,6.2,0.2055,4.3615,,,0,低,40,0,-,666 36,0,91.3,2.0656,,,,,,,,,,,B,,,0.332,0.482,,0.1767,D,30,1,大荒れ。見送り推奨,0.5777,"{'is_target': False, 'verdict': '対象外', 'max_combo_prob': None, 'est_top_odds': None, 'circle_concentration': None, 'eligible_count': 0, 'bet_adj': 0, 'reason': '1号艇rel_win1 < 45%: 通常判定に委ねる', 'tenji_trigger': ''}",,,37.4,両建て推奨,21.69,37.6,4,,,,,,,,,,,
2026-01-12,丸亀,5,1,白井友晴,B1,31.71,1,◎,52.9825,,0,77.2,0.1854,4.4561,,,0,低,164,0,逃1%,155 14,0,85.8,1.1312,0.1818,,,,,0.1091,0.3491,0.0545,△,,C,◎,,,0.671,,0.2078,A,71,0,◎-○軸 3着3〜4艇流し（10〜15点）,0.5777,"{'is_target': True, 'verdict': '点数絞り', 'max_combo_prob': 0.0819, 'est_top_odds': 16.3, 'circle_concentration': 71.4, 'eligible_count': 8, 'bet_adj': 0, 'reason': 'rel_win1=53.0%（本命度） / 最有力組み合わせ確率: 0.082（推定実オッズ?16倍） / 2着集中度: 上位2艇 71.4%（補正+0.04） / 総合判定確率: 0.122 / → ヒモはやや固め。上位2艇以外を切ること', 'tenji_trigger': '展示確認: 1号艇伸び良→そのまま採用。悪→飛び組に差し替え。circle_pct上位2艇に絞り込むこと。\n展示で1号艇スタート遅め(0.185秒)確認→ヒモが荒れやすい'}",,,29.5,逃げ狙い,13.32,36.3,4,2-1-4|1-2-4|1-2-5|1-3-4|1-4-2|1-3-2,6-1-4|6-4-1|6-1-3|3-5-4|2-1-4|3-4-5|3-1-4|1-2-4|1-2-5|1-3-4|1-4-2|1-3-2,2-1-4:2.15%|1-2-4:9.28%|1-2-5:7.01%|1-3-4:5.08%|1-4-2:4.95%|1-3-2:4.66%,2-1-4:B_main|1-2-4:A|1-2-5:A|1-3-4:A|1-4-2:A|1-3-2:A,6,12,0.4535,1,[!]見送り推奨（主役決まり手「差し」― 逃げ劣勢レースで的中実績なし）,荒れ広め,D
2026-01-12,丸亀,5,2,川上　剛,A2,27.17,2,△,11.06,48.4,92,59.5,0.1554,3.4684,,,0,低,143,0,-,312 62,0,58.6,1.1334,0,0.0278,0.0278,0,0,0,0.2346,0.0211,,◎,D,△,,0.5712,0.632,,0.2078,A,71,0,◎-○軸 3着3〜4艇流し（10〜15点）,0.5777,"{'is_target': True, 'verdict': '点数絞り', 'max_combo_prob': 0.0819, 'est_top_odds': 16.3, 'circle_concentration': 71.4, 'eligible_count': 8, 'bet_adj': 0, 'reason': 'rel_win1=53.0%（本命度） / 最有力組み合わせ確率: 0.082（推定実オッズ?16倍） / 2着集中度: 上位2艇 71.4%（補正+0.04） / 総合判定確率: 0.122 / → ヒモはやや固め。上位2艇以外を切ること', 'tenji_trigger': '展示確認: 1号艇伸び良→そのまま採用。悪→飛び組に差し替え。circle_pct上位2艇に絞り込むこと。\n展示で1号艇スタート遅め(0.185秒)確認→ヒモが荒れやすい'}",,,29.5,逃げ狙い,13.32,36.3,4,,,,,,,,,,,
2026-01-12,丸亀,5,3,関　裕也,B1,19.48,3,,8.257,20,76,43.1,0.18,3.7941,,,0,低,86,0,-,565 25,0,37.9,0.8231,,,,,,0.0923,0,0.2615,,,E,,,0.3787,0.6015,,0.2078,A,71,0,◎-○軸 3着3〜4艇流し（10〜15点）,0.5777,"{'is_target': True, 'verdict': '点数絞り', 'max_combo_prob': 0.0819, 'est_top_odds': 16.3, 'circle_concentration': 71.4, 'eligible_count': 8, 'bet_adj': 0, 'reason': 'rel_win1=53.0%（本命度） / 最有力組み合わせ確率: 0.082（推定実オッズ?16倍） / 2着集中度: 上位2艇 71.4%（補正+0.04） / 総合判定確率: 0.122 / → ヒモはやや固め。上位2艇以外を切ること', 'tenji_trigger': '展示確認: 1号艇伸び良→そのまま採用。悪→飛び組に差し替え。circle_pct上位2艇に絞り込むこと。\n展示で1号艇スタート遅め(0.185秒)確認→ヒモが荒れやすい'}",,,29.5,逃げ狙い,13.32,36.3,4,,,,,,,,,,,
2026-01-12,丸亀,5,4,竹田辰也,A1,30.61,4,▲,19.5378,23,100,60.8,0.1688,3.4608,,,0,低,94,0,-,3 1541,0,54.7,1.0615,0,0.0455,0.0909,0,0,0.019,0.0476,0.2071,,○,C,△,◎,0.4139,0.6225,0.3355,0.2078,A,71,0,◎-○軸 3着3〜4艇流し（10〜15点）,0.5777,"{'is_target': True, 'verdict': '点数絞り', 'max_combo_prob': 0.0819, 'est_top_odds': 16.3, 'circle_concentration': 71.4, 'eligible_count': 8, 'bet_adj': 0, 'reason': 'rel_win1=53.0%（本命度） / 最有力組み合わせ確率: 0.082（推定実オッズ?16倍） / 2着集中度: 上位2艇 71.4%（補正+0.04） / 総合判定確率: 0.122 / → ヒモはやや固め。上位2艇以外を切ること', 'tenji_trigger': '展示確認: 1号艇伸び良→そのまま採用。悪→飛び組に差し替え。circle_pct上位2艇に絞り込むこと。\n展示で1号艇スタート遅め(0.185秒)確認→ヒモが荒れやすい'}",,,29.5,逃げ狙い,13.32,36.3,4,,,,,,,,,,,
2026-01-12,丸亀,5,5,柳瀬興志,B1,40.74,5,○,6.764,5.6,78,28.1,0.168,3.5156,,,0,低,162,0,-,12465,0,29,0.7038,0,0,0,0.0385,0,0.1635,0.2714,0.1635,,,A,○,,0.389,0.656,,0.2078,A,71,0,◎-○軸 3着3〜4艇流し（10〜15点）,0.5777,"{'is_target': True, 'verdict': '点数絞り', 'max_combo_prob': 0.0819, 'est_top_odds': 16.3, 'circle_concentration': 71.4, 'eligible_count': 8, 'bet_adj': 0, 'reason': 'rel_win1=53.0%（本命度） / 最有力組み合わせ確率: 0.082（推定実オッズ?16倍） / 2着集中度: 上位2艇 71.4%（補正+0.04） / 総合判定確率: 0.122 / → ヒモはやや固め。上位2艇以外を切ること', 'tenji_trigger': '展示確認: 1号艇伸び良→そのまま採用。悪→飛び組に差し替え。circle_pct上位2艇に絞り込むこと。\n展示で1号艇スタート遅め(0.185秒)確認→ヒモが荒れやすい'}",,,29.5,逃げ狙い,13.32,36.3,4,,,,,,,,,,,
2026-01-12,丸亀,5,6,西村　歩,A2,37.80,6,,1.3986,3,59,20,0.1943,4.0833,,,0,低,61,0,-,62646,0,24.1,0.875,,,,,,0.1607,0.1,0,,,B,,,0.3378,0.5625,,0.2078,A,71,0,◎-○軸 3着3〜4艇流し（10〜15点）,0.5777,"{'is_target': True, 'verdict': '点数絞り', 'max_combo_prob': 0.0819, 'est_top_odds': 16.3, 'circle_concentration': 71.4, 'eligible_count': 8, 'bet_adj': 0, 'reason': 'rel_win1=53.0%（本命度） / 最有力組み合わせ確率: 0.082（推定実オッズ?16倍） / 2着集中度: 上位2艇 71.4%（補正+0.04） / 総合判定確率: 0.122 / → ヒモはやや固め。上位2艇以外を切ること', 'tenji_trigger': '展示確認: 1号艇伸び良→そのまま採用。悪→飛び組に差し替え。circle_pct上位2艇に絞り込むこと。\n展示で1号艇スタート遅め(0.185秒)確認→ヒモが荒れやすい'}",,,29.5,逃げ狙い,13.32,36.3,4,,,,,,,,,,,
2026-01-12,丸亀,6,1,土屋実沙,A2,32.91,1,◎,46.1972,,0,73.9,0.1457,2.9783,,,0,低,73,0,逃1%,5 6645,0,67.6,0.9413,0.5556,,,,,0.0444,0.3333,0,◎,,C,,,,0.5505,,0.4762,B,53,0,◎○△フォーメーション（15〜20点）,0.5777,"{'is_target': True, 'verdict': '参加推奨', 'max_combo_prob': 0.0655, 'est_top_odds': 20.3, 'circle_concentration': 72.6, 'eligible_count': 9, 'bet_adj': 2, 'reason': 'rel_win1=46.2%（本命度） / 最有力組み合わせ確率: 0.066（推定実オッズ?20倍） / 2着集中度: 上位2艇 72.6%（補正+0.04） / 総合判定確率: 0.106 / → ヒモ分散。1号艇1着固定で広めのヒモ流し推奨（買い目+2点）', 'tenji_trigger': '展示確認: ヒモ分散レース。1号艇伸び確認後、広めのヒモ流しを採用。穴ヒモ（5・6号艇）を積極的に含める。'}",,,30.7,両建て推奨,23.67,31,3,,,,,0,0,0.7559,0,,逃げ軸流し,A
2026-01-12,丸亀,6,2,丸山祐也,B1,34.94,2,△,7.243,19.7,90,43.2,0.2014,4.3243,,,0,低,130,0,-,5 444,0,15.9,0.5776,0,0.0625,0,0,0,0.125,0.25,0.25,,,C,△,,0.063,0.558,,0.4762,B,53,0,◎○△フォーメーション（15〜20点）,0.5777,"{'is_target': True, 'verdict': '参加推奨', 'max_combo_prob': 0.0655, 'est_top_odds': 20.3, 'circle_concentration': 72.6, 'eligible_count': 9, 'bet_adj': 2, 'reason': 'rel_win1=46.2%（本命度） / 最有力組み合わせ確率: 0.066（推定実オッズ?20倍） / 2着集中度: 上位2艇 72.6%（補正+0.04） / 総合判定確率: 0.106 / → ヒモ分散。1号艇1着固定で広めのヒモ流し推奨（買い目+2点）', 'tenji_trigger': '展示確認: ヒモ分散レース。1号艇伸び確認後、広めのヒモ流しを採用。穴ヒモ（5・6号艇）を積極的に含める。'}",,,30.7,両建て推奨,23.67,31,3,,,,,,,,,,,
2026-01-12,丸亀,6,3,里岡右貴,A1,41.67,3,○,25.697,31.4,100,80,0.1384,2.7727,,,0,低,75,0,差0% ま0% 差ま0% 抜0%,141 22,0,91.4,1.821,0,0.1071,0.25,0.1786,0.0357,0.115,0.139,0.024,,◎,A,○,,0.3863,0.641,,0.4762,B,53,0,◎○△フォーメーション（15〜20点）,0.5777,"{'is_target': True, 'verdict': '参加推奨', 'max_combo_prob': 0.0655, 'est_top_odds': 20.3, 'circle_concentration': 72.6, 'eligible_count': 9, 'bet_adj': 2, 'reason': 'rel_win1=46.2%（本命度） / 最有力組み合わせ確率: 0.066（推定実オッズ?20倍） / 2着集中度: 上位2艇 72.6%（補正+0.04） / 総合判定確率: 0.106 / → ヒモ分散。1号艇1着固定で広めのヒモ流し推奨（買い目+2点）', 'tenji_trigger': '展示確認: ヒモ分散レース。1号艇伸び確認後、広めのヒモ流しを採用。穴ヒモ（5・6号艇）を積極的に含める。'}",,,30.7,両建て推奨,23.67,31,3,,,,,,,,,,,
2026-01-12,丸亀,6,4,河野　大,A2,39.76,4,▲,11.2027,41.1,42,66.1,0.1593,3.4375,,,0,低,88,0,差0% ま0%,21331,0,73.3,1.3557,0,0.037,0.2222,0,0,0.1143,0.0381,0.0286,,,B,◎,○,0.279,0.6455,0.3423,0.4762,B,53,0,◎○△フォーメーション（15〜20点）,0.5777,"{'is_target': True, 'verdict': '参加推奨', 'max_combo_prob': 0.0655, 'est_top_odds': 20.3, 'circle_concentration': 72.6, 'eligible_count': 9, 'bet_adj': 2, 'reason': 'rel_win1=46.2%（本命度） / 最有力組み合わせ確率: 0.066（推定実オッズ?20倍） / 2着集中度: 上位2艇 72.6%（補正+0.04） / 総合判定確率: 0.106 / → ヒモ分散。1号艇1着固定で広めのヒモ流し推奨（買い目+2点）', 'tenji_trigger': '展示確認: ヒモ分散レース。1号艇伸び確認後、広めのヒモ流しを採用。穴ヒモ（5・6号艇）を積極的に含める。'}",,,30.7,両建て推奨,23.67,31,3,,,,,,,,,,,
2026-01-12,丸亀,6,5,金田大輔,B1,21.05,5,,7.9109,6.1,62,33.3,0.1482,2.8947,,,0,低,99,0,-,666 11,0,86.3,1.5724,0,0,0.0333,0.1,0,0.2,0.1,0.1,,,E,△,◎,0.2847,0.587,0.3638,0.4762,B,53,0,◎○△フォーメーション（15〜20点）,0.5777,"{'is_target': True, 'verdict': '参加推奨', 'max_combo_prob': 0.0655, 'est_top_odds': 20.3, 'circle_concentration': 72.6, 'eligible_count': 9, 'bet_adj': 2, 'reason': 'rel_win1=46.2%（本命度） / 最有力組み合わせ確率: 0.066（推定実オッズ?20倍） / 2着集中度: 上位2艇 72.6%（補正+0.04） / 総合判定確率: 0.106 / → ヒモ分散。1号艇1着固定で広めのヒモ流し推奨（買い目+2点）', 'tenji_trigger': '展示確認: ヒモ分散レース。1号艇伸び確認後、広めのヒモ流しを採用。穴ヒモ（5・6号艇）を積極的に含める。'}",,,30.7,両建て推奨,23.67,31,3,,,,,,,,,,,
2026-01-12,丸亀,6,6,田上　凜,B1,31.71,6,,1.7492,1.6,38,9,0.1954,4.0448,,,0,低,114,0,-,3 1565,0,90.5,1.7767,,,,,,0,0.6667,0,,,D,,,0.1536,0.504,,0.4762,B,53,0,◎○△フォーメーション（15〜20点）,0.5777,"{'is_target': True, 'verdict': '参加推奨', 'max_combo_prob': 0.0655, 'est_top_odds': 20.3, 'circle_concentration': 72.6, 'eligible_count': 9, 'bet_adj': 2, 'reason': 'rel_win1=46.2%（本命度） / 最有力組み合わせ確率: 0.066（推定実オッズ?20倍） / 2着集中度: 上位2艇 72.6%（補正+0.04） / 総合判定確率: 0.106 / → ヒモ分散。1号艇1着固定で広めのヒモ流し推奨（買い目+2点）', 'tenji_trigger': '展示確認: ヒモ分散レース。1号艇伸び確認後、広めのヒモ流しを採用。穴ヒモ（5・6号艇）を積極的に含める。'}",,,30.7,両建て推奨,23.67,31,3,,,,,,,,,,,
2026-01-12,丸亀,7,1,亀本勇樹,B1,25.68,1,◎,51.4832,,0,78.6,0.1524,2.869,,,0,低,75,0,逃1%,3 433,0,88.2,1.1409,0.375,,,,,0.2083,0.05,0.125,○,,D,,,,0.5815,,0.4333,A,66,0,◎-○軸 3着3〜4艇流し（10〜15点）,0.5777,"{'is_target': True, 'verdict': '参加推奨', 'max_combo_prob': 0.0715, 'est_top_odds': 18.6, 'circle_concentration': 77.2, 'eligible_count': 8, 'bet_adj': 2, 'reason': 'rel_win1=51.5%（本命度） / 最有力組み合わせ確率: 0.071（推定実オッズ?19倍） / 2着集中度: 上位2艇 77.2%（補正+0.04） / 総合判定確率: 0.111 / → ヒモ分散。1号艇1着固定で広めのヒモ流し推奨（買い目+2点）', 'tenji_trigger': '展示確認: ヒモ分散レース。1号艇伸び確認後、広めのヒモ流しを採用。穴ヒモ（5・6号艇）を積極的に含める。'}",,,28.3,逃げ狙い,13.72,32.5,3,,,,,0,0,0.6155,0,,主役軸流し,B
2026-01-12,丸亀,7,2,鈴木智啓,A2,30.00,2,▲,15.1278,44.3,57,60.3,0.1594,3.9762,,,0,低,123,0,差0%,4 3526,0,47.5,1.0143,0,0.125,0,0,0,0.1849,0.1741,0.0432,,,B,○,,0.2897,0.6485,,0.4333,A,66,0,◎-○軸 3着3〜4艇流し（10〜15点）,0.5777,"{'is_target': True, 'verdict': '参加推奨', 'max_combo_prob': 0.0715, 'est_top_odds': 18.6, 'circle_concentration': 77.2, 'eligible_count': 8, 'bet_adj': 2, 'reason': 'rel_win1=51.5%（本命度） / 最有力組み合わせ確率: 0.071（推定実オッズ?19倍） / 2着集中度: 上位2艇 77.2%（補正+0.04） / 総合判定確率: 0.111 / → ヒモ分散。1号艇1着固定で広めのヒモ流し推奨（買い目+2点）', 'tenji_trigger': '展示確認: ヒモ分散レース。1号艇伸び確認後、広めのヒモ流しを採用。穴ヒモ（5・6号艇）を積極的に含める。'}",,,28.3,逃げ狙い,13.72,32.5,3,,,,,,,,,,,
2026-01-12,丸亀,7,3,大野芳顕,A2,35.44,3,○,15.5811,32.9,62,57.8,0.1508,2.7958,,,0,低,139,0,-,142234,0,49.1,0.7775,0,0,0,0.0323,0,0.09,0.11,0.14,,,B,△,,0.3042,0.6345,,0.4333,A,66,0,◎-○軸 3着3〜4艇流し（10〜15点）,0.5777,"{'is_target': True, 'verdict': '参加推奨', 'max_combo_prob': 0.0715, 'est_top_odds': 18.6, 'circle_concentration': 77.2, 'eligible_count': 8, 'bet_adj': 2, 'reason': 'rel_win1=51.5%（本命度） / 最有力組み合わせ確率: 0.071（推定実オッズ?19倍） / 2着集中度: 上位2艇 77.2%（補正+0.04） / 総合判定確率: 0.111 / → ヒモ分散。1号艇1着固定で広めのヒモ流し推奨（買い目+2点）', 'tenji_trigger': '展示確認: ヒモ分散レース。1号艇伸び確認後、広めのヒモ流しを採用。穴ヒモ（5・6号艇）を積極的に含める。'}",,,28.3,逃げ狙い,13.72,32.5,3,,,,,,,,,,,
2026-01-12,丸亀,7,4,長岡良也,A1,23.46,4,,13.2374,19.2,100,63.5,0.1625,3.6984,,,0,低,104,0,-,253 13,0,75.2,1.3668,0,0.037,0.037,0.0741,0,0.1417,0.0972,0.1194,,,E,◎,◎,0.2628,0.6505,0.3794,0.4333,A,66,0,◎-○軸 3着3〜4艇流し（10〜15点）,0.5777,"{'is_target': True, 'verdict': '参加推奨', 'max_combo_prob': 0.0715, 'est_top_odds': 18.6, 'circle_concentration': 77.2, 'eligible_count': 8, 'bet_adj': 2, 'reason': 'rel_win1=51.5%（本命度） / 最有力組み合わせ確率: 0.071（推定実オッズ?19倍） / 2着集中度: 上位2艇 77.2%（補正+0.04） / 総合判定確率: 0.111 / → ヒモ分散。1号艇1着固定で広めのヒモ流し推奨（買い目+2点）', 'tenji_trigger': '展示確認: ヒモ分散レース。1号艇伸び確認後、広めのヒモ流しを採用。穴ヒモ（5・6号艇）を積極的に含める。'}",,,28.3,逃げ狙い,13.72,32.5,3,,,,,,,,,,,
2026-01-12,丸亀,7,5,松瀬弘美,B1,29.55,5,△,3.2545,2.6,92,22.9,0.1849,3.9714,,,0,低,82,0,-,4 2466,0,25.8,0.6138,,,,,,0.5818,0.2364,0.0364,,,C,,,0.2165,0.5835,,0.4333,A,66,0,◎-○軸 3着3〜4艇流し（10〜15点）,0.5777,"{'is_target': True, 'verdict': '参加推奨', 'max_combo_prob': 0.0715, 'est_top_odds': 18.6, 'circle_concentration': 77.2, 'eligible_count': 8, 'bet_adj': 2, 'reason': 'rel_win1=51.5%（本命度） / 最有力組み合わせ確率: 0.071（推定実オッズ?19倍） / 2着集中度: 上位2艇 77.2%（補正+0.04） / 総合判定確率: 0.111 / → ヒモ分散。1号艇1着固定で広めのヒモ流し推奨（買い目+2点）', 'tenji_trigger': '展示確認: ヒモ分散レース。1号艇伸び確認後、広めのヒモ流しを採用。穴ヒモ（5・6号艇）を積極的に含める。'}",,,28.3,逃げ狙い,13.72,32.5,3,,,,,,,,,,,
2026-01-12,丸亀,7,6,福田　理,B1,25.00,6,,1.3161,1,65,25.6,0.1682,4.1026,,,0,低,126,0,-,3 251,0,26.7,1.0489,,,,,,0.1446,0.4967,0.1446,,,D,△,,0.2672,0.594,,0.4333,A,66,0,◎-○軸 3着3〜4艇流し（10〜15点）,0.5777,"{'is_target': True, 'verdict': '参加推奨', 'max_combo_prob': 0.0715, 'est_top_odds': 18.6, 'circle_concentration': 77.2, 'eligible_count': 8, 'bet_adj': 2, 'reason': 'rel_win1=51.5%（本命度） / 最有力組み合わせ確率: 0.071（推定実オッズ?19倍） / 2着集中度: 上位2艇 77.2%（補正+0.04） / 総合判定確率: 0.111 / → ヒモ分散。1号艇1着固定で広めのヒモ流し推奨（買い目+2点）', 'tenji_trigger': '展示確認: ヒモ分散レース。1号艇伸び確認後、広めのヒモ流しを採用。穴ヒモ（5・6号艇）を積極的に含める。'}",,,28.3,逃げ狙い,13.72,32.5,3,,,,,,,,,,,
2026-01-12,丸亀,8,1,中村泰平,A1,21.79,1,◎,70.2033,,0,92.2,0.1551,2.7647,,,0,低,80,0,逃1%,13314,0,71.4,1.0359,0.6818,,,,,0.1864,0.0182,0.0364,◎,,C,△,,,0.6085,,0.6062,S,82,0,◎1着固定 2-3着流し（5〜8点）,0.5777,"{'is_target': True, 'verdict': '点数絞り', 'max_combo_prob': 0.1119, 'est_top_odds': 11.9, 'circle_concentration': 70.7, 'eligible_count': 6, 'bet_adj': 0, 'reason': 'rel_win1=70.2%（本命度） / 最有力組み合わせ確率: 0.112（推定実オッズ?12倍） / 2着集中度: 上位2艇 70.7%（補正+0.04） / 総合判定確率: 0.152 / → ヒモはやや固め。上位2艇以外を切ること', 'tenji_trigger': '展示確認: 1号艇伸び良→そのまま採用。悪→飛び組に差し替え。circle_pct上位2艇に絞り込むこと。'}",,,26.4,逃げ狙い,11.49,29.1,4,,,,,0,0,0.7559,0,,逃げ軸流し,A
2026-01-12,丸亀,8,2,杉田篤光,A2,20.27,2,,8.9369,39.2,95,60,0.1877,4.4083,,,0,低,185,0,差0%,4 4564,0,35.2,0.761,0,0.1111,0,0,0,0.1358,0.0267,0.1624,,,D,,,0.075,0.578,,0.6062,S,82,0,◎1着固定 2-3着流し（5〜8点）,0.5777,"{'is_target': True, 'verdict': '点数絞り', 'max_combo_prob': 0.1119, 'est_top_odds': 11.9, 'circle_concentration': 70.7, 'eligible_count': 6, 'bet_adj': 0, 'reason': 'rel_win1=70.2%（本命度） / 最有力組み合わせ確率: 0.112（推定実オッズ?12倍） / 2着集中度: 上位2艇 70.7%（補正+0.04） / 総合判定確率: 0.152 / → ヒモはやや固め。上位2艇以外を切ること', 'tenji_trigger': '展示確認: 1号艇伸び良→そのまま採用。悪→飛び組に差し替え。circle_pct上位2艇に絞り込むこと。'}",,,26.4,逃げ狙い,11.49,29.1,4,,,,,,,,,,,
2026-01-12,丸亀,8,3,嶋田貴支,B1,23.81,3,▲,5.4277,31.5,70,54.4,0.1676,3.3162,,,0,低,134,0,-,3 134,0,93.2,1.9054,0,0.0312,0,0.0312,0,0.0174,0.0522,0.1174,,,C,△,,0.2182,0.6045,,0.6062,S,82,0,◎1着固定 2-3着流し（5〜8点）,0.5777,"{'is_target': True, 'verdict': '点数絞り', 'max_combo_prob': 0.1119, 'est_top_odds': 11.9, 'circle_concentration': 70.7, 'eligible_count': 6, 'bet_adj': 0, 'reason': 'rel_win1=70.2%（本命度） / 最有力組み合わせ確率: 0.112（推定実オッズ?12倍） / 2着集中度: 上位2艇 70.7%（補正+0.04） / 総合判定確率: 0.152 / → ヒモはやや固め。上位2艇以外を切ること', 'tenji_trigger': '展示確認: 1号艇伸び良→そのまま採用。悪→飛び組に差し替え。circle_pct上位2艇に絞り込むこと。'}",,,26.4,逃げ狙い,11.49,29.1,4,,,,,,,,,,,
2026-01-12,丸亀,8,4,出畑孝典,A2,37.65,4,○,9.9089,19.8,100,65.1,0.153,3.4524,,,0,低,124,0,-,165421,0,44.2,0.9596,0,0,0.0417,0.0417,0,0.4352,0.1165,0.1319,,,A,○,◎,0.2977,0.629,0.4237,0.6062,S,82,0,◎1着固定 2-3着流し（5〜8点）,0.5777,"{'is_target': True, 'verdict': '点数絞り', 'max_combo_prob': 0.1119, 'est_top_odds': 11.9, 'circle_concentration': 70.7, 'eligible_count': 6, 'bet_adj': 0, 'reason': 'rel_win1=70.2%（本命度） / 最有力組み合わせ確率: 0.112（推定実オッズ?12倍） / 2着集中度: 上位2艇 70.7%（補正+0.04） / 総合判定確率: 0.152 / → ヒモはやや固め。上位2艇以外を切ること', 'tenji_trigger': '展示確認: 1号艇伸び良→そのまま採用。悪→飛び組に差し替え。circle_pct上位2艇に絞り込むこと。'}",,,26.4,逃げ狙い,11.49,29.1,4,,,,,,,,,,,
2026-01-12,丸亀,8,5,牧原　崇,B1,20.59,5,△,3.6973,8.4,51,32.8,0.1875,4.1311,,,0,低,174,0,-,5 145,0,25.1,0.8219,0,0,0,0.0385,0.0385,0.0258,0.2016,0.2274,,,D,◎,,0.1795,0.6775,,0.6062,S,82,0,◎1着固定 2-3着流し（5〜8点）,0.5777,"{'is_target': True, 'verdict': '点数絞り', 'max_combo_prob': 0.1119, 'est_top_odds': 11.9, 'circle_concentration': 70.7, 'eligible_count': 6, 'bet_adj': 0, 'reason': 'rel_win1=70.2%（本命度） / 最有力組み合わせ確率: 0.112（推定実オッズ?12倍） / 2着集中度: 上位2艇 70.7%（補正+0.04） / 総合判定確率: 0.152 / → ヒモはやや固め。上位2艇以外を切ること', 'tenji_trigger': '展示確認: 1号艇伸び良→そのまま採用。悪→飛び組に差し替え。circle_pct上位2艇に絞り込むこと。'}",,,26.4,逃げ狙い,11.49,29.1,4,,,,,,,,,,,
2026-01-12,丸亀,8,6,笠　雅雄,B1,20.59,6,,1.8259,1.1,25,7.7,0.1921,4.1154,,,0,低,120,0,-,4 222,0,34.6,0.8333,,,,,,0.275,0.25,0.025,,,D,,,0.1961,0.551,,0.6062,S,82,0,◎1着固定 2-3着流し（5〜8点）,0.5777,"{'is_target': True, 'verdict': '点数絞り', 'max_combo_prob': 0.1119, 'est_top_odds': 11.9, 'circle_concentration': 70.7, 'eligible_count': 6, 'bet_adj': 0, 'reason': 'rel_win1=70.2%（本命度） / 最有力組み合わせ確率: 0.112（推定実オッズ?12倍） / 2着集中度: 上位2艇 70.7%（補正+0.04） / 総合判定確率: 0.152 / → ヒモはやや固め。上位2艇以外を切ること', 'tenji_trigger': '展示確認: 1号艇伸び良→そのまま採用。悪→飛び組に差し替え。circle_pct上位2艇に絞り込むこと。'}",,,26.4,逃げ狙い,11.49,29.1,4,,,,,,,,,,,
2026-01-12,丸亀,9,1,川上　剛,A2,27.17,1,◎,65.1423,,0,88.4,0.1546,3.1071,,,0,低,143,0,-,312 62,0,62.9,0.9862,0.7368,,,,,0,0.2346,0.0211,◎,,C,○,,,0.632,,0.502,A,78,0,◎-○軸 3着3〜4艇流し（10〜15点）,0.5777,"{'is_target': True, 'verdict': '点数絞り', 'max_combo_prob': 0.0801, 'est_top_odds': 16.6, 'circle_concentration': 70.4, 'eligible_count': 8, 'bet_adj': 0, 'reason': 'rel_win1=65.1%（本命度） / 最有力組み合わせ確率: 0.080（推定実オッズ?17倍） / 2着集中度: 上位2艇 70.4%（補正+0.04） / 総合判定確率: 0.120 / → ヒモはやや固め。上位2艇以外を切ること', 'tenji_trigger': '展示確認: 1号艇伸び良→そのまま採用。悪→飛び組に差し替え。circle_pct上位2艇に絞り込むこと。'}",,,26.7,逃げ狙い,13.67,28,3,,,,,0,0,0.7559,0,,逃げ軸流し,A
2026-01-12,丸亀,9,2,木村紗友,B1,29.49,2,▲,6.7448,30.3,100,58.1,0.1842,3.9194,,,0,低,68,0,-,5 6615,0,35,0.9429,,,,,,0.0909,0.1818,0.0909,,,B,,,0.0775,0.5685,,0.502,A,78,0,◎-○軸 3着3〜4艇流し（10〜15点）,0.5777,"{'is_target': True, 'verdict': '点数絞り', 'max_combo_prob': 0.0801, 'est_top_odds': 16.6, 'circle_concentration': 70.4, 'eligible_count': 8, 'bet_adj': 0, 'reason': 'rel_win1=65.1%（本命度） / 最有力組み合わせ確率: 0.080（推定実オッズ?17倍） / 2着集中度: 上位2艇 70.4%（補正+0.04） / 総合判定確率: 0.120 / → ヒモはやや固め。上位2艇以外を切ること', 'tenji_trigger': '展示確認: 1号艇伸び良→そのまま採用。悪→飛び組に差し替え。circle_pct上位2艇に絞り込むこと。'}",,,26.7,逃げ狙い,13.67,28,3,,,,,,,,,,,
2026-01-12,丸亀,9,3,大須賀友,A2,25.93,3,,12.7779,40.1,91,81.4,0.1724,3.2288,,,0,低,116,0,-,423134,0,64.4,1.5131,0,0,0.12,0.08,0,0.0516,0.1258,0.0129,,,D,△,,0.2174,0.599,,0.502,A,78,0,◎-○軸 3着3〜4艇流し（10〜15点）,0.5777,"{'is_target': True, 'verdict': '点数絞り', 'max_combo_prob': 0.0801, 'est_top_odds': 16.6, 'circle_concentration': 70.4, 'eligible_count': 8, 'bet_adj': 0, 'reason': 'rel_win1=65.1%（本命度） / 最有力組み合わせ確率: 0.080（推定実オッズ?17倍） / 2着集中度: 上位2艇 70.4%（補正+0.04） / 総合判定確率: 0.120 / → ヒモはやや固め。上位2艇以外を切ること', 'tenji_trigger': '展示確認: 1号艇伸び良→そのまま採用。悪→飛び組に差し替え。circle_pct上位2艇に絞り込むこと。'}",,,26.7,逃げ狙い,13.67,28,3,,,,,,,,,,,
2026-01-12,丸亀,9,4,松田真実,B1,29.55,4,○,5.5075,7.1,81,24.3,0.1692,3.2703,,,0,低,69,0,ま0%,6 565,0,21.4,0.5779,0,0,0.0714,0,0,0,0.2857,0.4286,,,B,,,0.2365,0.5685,,0.502,A,78,0,◎-○軸 3着3〜4艇流し（10〜15点）,0.5777,"{'is_target': True, 'verdict': '点数絞り', 'max_combo_prob': 0.0801, 'est_top_odds': 16.6, 'circle_concentration': 70.4, 'eligible_count': 8, 'bet_adj': 0, 'reason': 'rel_win1=65.1%（本命度） / 最有力組み合わせ確率: 0.080（推定実オッズ?17倍） / 2着集中度: 上位2艇 70.4%（補正+0.04） / 総合判定確率: 0.120 / → ヒモはやや固め。上位2艇以外を切ること', 'tenji_trigger': '展示確認: 1号艇伸び良→そのまま採用。悪→飛び組に差し替え。circle_pct上位2艇に絞り込むこと。'}",,,26.7,逃げ狙い,13.67,28,3,,,,,,,,,,,
2026-01-12,丸亀,9,5,小川晃司,B1,28.74,5,,5.7087,8.6,82,,,,,,0,低,77,1,-,3 534,0,,,,,,,,,,,,,C,△,◎,0.3121,0.63,0.15,0.502,A,78,0,◎-○軸 3着3〜4艇流し（10〜15点）,0.5777,"{'is_target': True, 'verdict': '点数絞り', 'max_combo_prob': 0.0801, 'est_top_odds': 16.6, 'circle_concentration': 70.4, 'eligible_count': 8, 'bet_adj': 0, 'reason': 'rel_win1=65.1%（本命度） / 最有力組み合わせ確率: 0.080（推定実オッズ?17倍） / 2着集中度: 上位2艇 70.4%（補正+0.04） / 総合判定確率: 0.120 / → ヒモはやや固め。上位2艇以外を切ること', 'tenji_trigger': '展示確認: 1号艇伸び良→そのまま採用。悪→飛び組に差し替え。circle_pct上位2艇に絞り込むこと。'}",,,26.7,逃げ狙い,13.67,28,3,,,,,,,,,,,
2026-01-12,丸亀,9,6,上野真之,A1,27.03,6,△,4.1189,13.9,63,63.6,0.1232,2.9318,,,0,低,15,0,差ま0%,416 21,0,100,2.4122,0,0,0,0.1667,0,0,0,0.1333,,◎,D,◎,,0.4133,0.812,,0.502,A,78,0,◎-○軸 3着3〜4艇流し（10〜15点）,0.5777,"{'is_target': True, 'verdict': '点数絞り', 'max_combo_prob': 0.0801, 'est_top_odds': 16.6, 'circle_concentration': 70.4, 'eligible_count': 8, 'bet_adj': 0, 'reason': 'rel_win1=65.1%（本命度） / 最有力組み合わせ確率: 0.080（推定実オッズ?17倍） / 2着集中度: 上位2艇 70.4%（補正+0.04） / 総合判定確率: 0.120 / → ヒモはやや固め。上位2艇以外を切ること', 'tenji_trigger': '展示確認: 1号艇伸び良→そのまま採用。悪→飛び組に差し替え。circle_pct上位2艇に絞り込むこと。'}",,,26.7,逃げ狙い,13.67,28,3,,,,,,,,,,,
2026-01-12,丸亀,10,1,竹田辰也,A1,30.61,1,◎,65.7664,,0,93,0.134,2.6395,,,0,低,94,0,逃1%,3 1541,0,89.8,1.1753,0.6429,,,,,0.019,0.0476,0.2071,◎,,C,△,,,0.6225,,0.6323,S,94,0,◎1着固定 2-3着流し（5〜8点）,0.5777,"{'is_target': True, 'verdict': '点数絞り', 'max_combo_prob': 0.0896, 'est_top_odds': 14.9, 'circle_concentration': 75.4, 'eligible_count': 6, 'bet_adj': 0, 'reason': 'rel_win1=65.8%（本命度） / 最有力組み合わせ確率: 0.090（推定実オッズ?15倍） / 2着集中度: 上位2艇 75.4%（補正+0.04） / 総合判定確率: 0.130 / → ヒモはやや固め。上位2艇以外を切ること', 'tenji_trigger': '展示確認: 1号艇伸び良→そのまま採用。悪→飛び組に差し替え。circle_pct上位2艇に絞り込むこと。\n展示で1号艇スタート超安定(0.134秒)→ヒモ固まり方向に注意'}",,,27,逃げ狙い,17.73,25.6,2,,,,,0,0,0.7559,0,,逃げ軸流し,A
2026-01-12,丸亀,10,2,土屋実沙,A2,32.91,2,△,15.4507,42.8,87,53.6,0.1629,3.6964,,,0,低,73,0,差0% 抜0%,5 6645,0,38,0.925,0,0.25,0,0,0.0625,0.0444,0.3333,0,,,C,,,0.1122,0.5505,,0.6323,S,94,0,◎1着固定 2-3着流し（5〜8点）,0.5777,"{'is_target': True, 'verdict': '点数絞り', 'max_combo_prob': 0.0896, 'est_top_odds': 14.9, 'circle_concentration': 75.4, 'eligible_count': 6, 'bet_adj': 0, 'reason': 'rel_win1=65.8%（本命度） / 最有力組み合わせ確率: 0.090（推定実オッズ?15倍） / 2着集中度: 上位2艇 75.4%（補正+0.04） / 総合判定確率: 0.130 / → ヒモはやや固め。上位2艇以外を切ること', 'tenji_trigger': '展示確認: 1号艇伸び良→そのまま採用。悪→飛び組に差し替え。circle_pct上位2艇に絞り込むこと。\n展示で1号艇スタート超安定(0.134秒)→ヒモ固まり方向に注意'}",,,27,逃げ狙い,17.73,25.6,2,,,,,,,,,,,
2026-01-12,丸亀,10,3,伊藤啓三,B1,34.44,3,○,10.2844,32.6,92,59.7,0.1293,2.5088,,,0,低,78,0,-,2 421,0,46.8,1.1087,,,,,,0.2727,0.3455,0.0364,,,B,◎,,0.3336,0.6695,,0.6323,S,94,0,◎1着固定 2-3着流し（5〜8点）,0.5777,"{'is_target': True, 'verdict': '点数絞り', 'max_combo_prob': 0.0896, 'est_top_odds': 14.9, 'circle_concentration': 75.4, 'eligible_count': 6, 'bet_adj': 0, 'reason': 'rel_win1=65.8%（本命度） / 最有力組み合わせ確率: 0.090（推定実オッズ?15倍） / 2着集中度: 上位2艇 75.4%（補正+0.04） / 総合判定確率: 0.130 / → ヒモはやや固め。上位2艇以外を切ること', 'tenji_trigger': '展示確認: 1号艇伸び良→そのまま採用。悪→飛び組に差し替え。circle_pct上位2艇に絞り込むこと。\n展示で1号艇スタート超安定(0.134秒)→ヒモ固まり方向に注意'}",,,27,逃げ狙い,17.73,25.6,2,,,,,,,,,,,
2026-01-12,丸亀,10,4,角浜　修,B1,39.24,4,▲,5.3344,10,50,23.8,0.1706,3.7302,,,0,低,134,0,-,5 445,0,34.4,0.8202,0,0,0,0.0303,0,0.0833,0.15,0.15,,,B,△,,0.1427,0.6255,,0.6323,S,94,0,◎1着固定 2-3着流し（5〜8点）,0.5777,"{'is_target': True, 'verdict': '点数絞り', 'max_combo_prob': 0.0896, 'est_top_odds': 14.9, 'circle_concentration': 75.4, 'eligible_count': 6, 'bet_adj': 0, 'reason': 'rel_win1=65.8%（本命度） / 最有力組み合わせ確率: 0.090（推定実オッズ?15倍） / 2着集中度: 上位2艇 75.4%（補正+0.04） / 総合判定確率: 0.130 / → ヒモはやや固め。上位2艇以外を切ること', 'tenji_trigger': '展示確認: 1号艇伸び良→そのまま採用。悪→飛び組に差し替え。circle_pct上位2艇に絞り込むこと。\n展示で1号艇スタート超安定(0.134秒)→ヒモ固まり方向に注意'}",,,27,逃げ狙い,17.73,25.6,2,,,,,,,,,,,
2026-01-12,丸亀,10,5,佐藤　旭,B1,29.67,5,,2.1966,10,72,27.6,0.1959,4.3966,,,0,低,162,0,-,161 52,0,32,0.845,,,,,,0.0706,0.2441,0.0706,,,D,○,,0.1462,0.628,,0.6323,S,94,0,◎1着固定 2-3着流し（5〜8点）,0.5777,"{'is_target': True, 'verdict': '点数絞り', 'max_combo_prob': 0.0896, 'est_top_odds': 14.9, 'circle_concentration': 75.4, 'eligible_count': 6, 'bet_adj': 0, 'reason': 'rel_win1=65.8%（本命度） / 最有力組み合わせ確率: 0.090（推定実オッズ?15倍） / 2着集中度: 上位2艇 75.4%（補正+0.04） / 総合判定確率: 0.130 / → ヒモはやや固め。上位2艇以外を切ること', 'tenji_trigger': '展示確認: 1号艇伸び良→そのまま採用。悪→飛び組に差し替え。circle_pct上位2艇に絞り込むこと。\n展示で1号艇スタート超安定(0.134秒)→ヒモ固まり方向に注意'}",,,27,逃げ狙い,17.73,25.6,2,,,,,,,,,,,
2026-01-12,丸亀,10,6,平高奈菜,A2,22.08,6,,0.9675,4.6,100,52,0.1876,4.44,,,0,低,46,0,-,1 62F5,0,24,0.6814,,,,,,0.2,0,0.1333,,,E,,,0.1466,0.6215,,0.6323,S,94,0,◎1着固定 2-3着流し（5〜8点）,0.5777,"{'is_target': True, 'verdict': '点数絞り', 'max_combo_prob': 0.0896, 'est_top_odds': 14.9, 'circle_concentration': 75.4, 'eligible_count': 6, 'bet_adj': 0, 'reason': 'rel_win1=65.8%（本命度） / 最有力組み合わせ確率: 0.090（推定実オッズ?15倍） / 2着集中度: 上位2艇 75.4%（補正+0.04） / 総合判定確率: 0.130 / → ヒモはやや固め。上位2艇以外を切ること', 'tenji_trigger': '展示確認: 1号艇伸び良→そのまま採用。悪→飛び組に差し替え。circle_pct上位2艇に絞り込むこと。\n展示で1号艇スタート超安定(0.134秒)→ヒモ固まり方向に注意'}",,,27,逃げ狙い,17.73,25.6,2,,,,,,,,,,,
2026-01-12,丸亀,11,1,浜先真範,A1,32.93,1,◎,60.2524,,0,90.9,0.1309,2.4156,,,0,低,66,0,逃1%,22132,0,66.2,0.9919,0.8,,,,,0.01,0.02,0.02,◎,,C,△,,,0.647,,0.6617,S,87,0,◎1着固定 2-3着流し（5〜8点）,0.5777,"{'is_target': True, 'verdict': '参加推奨', 'max_combo_prob': 0.0586, 'est_top_odds': 22.7, 'circle_concentration': 62.7, 'eligible_count': 6, 'bet_adj': 2, 'reason': 'rel_win1=60.3%（本命度） / 最有力組み合わせ確率: 0.059（推定実オッズ?23倍） / 2着集中度: 上位2艇 62.7%（補正+0.00） / 総合判定確率: 0.059 / → ヒモ分散。1号艇1着固定で広めのヒモ流し推奨（買い目+2点）', 'tenji_trigger': '展示確認: ヒモ分散レース。1号艇伸び確認後、広めのヒモ流しを採用。穴ヒモ（5・6号艇）を積極的に含める。\n展示で1号艇スタート超安定(0.131秒)→ヒモ固まり方向に注意'}",,,26.2,逃げ狙い,18.53,22.4,5,,,,,0,0,0.7559,0,,逃げ軸流し,A
2026-01-12,丸亀,11,2,柳瀬興志,B1,40.74,2,△,11.4807,32.2,100,60.6,0.1899,4.1127,,,0,低,162,0,差0% ま0%,12465,0,75.7,0.9776,0,0.0882,0.0588,0,0,0.1635,0.2714,0.1635,,,B,○,,0.0684,0.656,,0.6617,S,87,0,◎1着固定 2-3着流し（5〜8点）,0.5777,"{'is_target': True, 'verdict': '参加推奨', 'max_combo_prob': 0.0586, 'est_top_odds': 22.7, 'circle_concentration': 62.7, 'eligible_count': 6, 'bet_adj': 2, 'reason': 'rel_win1=60.3%（本命度） / 最有力組み合わせ確率: 0.059（推定実オッズ?23倍） / 2着集中度: 上位2艇 62.7%（補正+0.00） / 総合判定確率: 0.059 / → ヒモ分散。1号艇1着固定で広めのヒモ流し推奨（買い目+2点）', 'tenji_trigger': '展示確認: ヒモ分散レース。1号艇伸び確認後、広めのヒモ流しを採用。穴ヒモ（5・6号艇）を積極的に含める。\n展示で1号艇スタート超安定(0.131秒)→ヒモ固まり方向に注意'}",,,26.2,逃げ狙い,18.53,22.4,5,,,,,,,,,,,
2026-01-12,丸亀,11,3,鈴木智啓,A2,30.00,3,,7.9916,30.6,92,65,0.1642,3.475,,,0,低,123,0,ま0%,4 3526,0,39.8,1.0969,0,0,0.1,0,0,0.1849,0.1741,0.0432,,,D,△,,0.132,0.6485,,0.6617,S,87,0,◎1着固定 2-3着流し（5〜8点）,0.5777,"{'is_target': True, 'verdict': '参加推奨', 'max_combo_prob': 0.0586, 'est_top_odds': 22.7, 'circle_concentration': 62.7, 'eligible_count': 6, 'bet_adj': 2, 'reason': 'rel_win1=60.3%（本命度） / 最有力組み合わせ確率: 0.059（推定実オッズ?23倍） / 2着集中度: 上位2艇 62.7%（補正+0.00） / 総合判定確率: 0.059 / → ヒモ分散。1号艇1着固定で広めのヒモ流し推奨（買い目+2点）', 'tenji_trigger': '展示確認: ヒモ分散レース。1号艇伸び確認後、広めのヒモ流しを採用。穴ヒモ（5・6号艇）を積極的に含める。\n展示で1号艇スタート超安定(0.131秒)→ヒモ固まり方向に注意'}",,,26.2,逃げ狙い,18.53,22.4,5,,,,,,,,,,,
2026-01-12,丸亀,11,4,抹香雄三,B1,36.59,4,▲,9.2642,14.5,63,42.2,0.1523,3.1831,,,0,低,100,0,ま0%,452 43,0,28.5,0.8345,0,0,0.0968,0,0,0.12,0.24,0.16,,,C,◎,,0.2194,0.6655,0.2098,0.6617,S,87,0,◎1着固定 2-3着流し（5〜8点）,0.5777,"{'is_target': True, 'verdict': '参加推奨', 'max_combo_prob': 0.0586, 'est_top_odds': 22.7, 'circle_concentration': 62.7, 'eligible_count': 6, 'bet_adj': 2, 'reason': 'rel_win1=60.3%（本命度） / 最有力組み合わせ確率: 0.059（推定実オッズ?23倍） / 2着集中度: 上位2艇 62.7%（補正+0.00） / 総合判定確率: 0.059 / → ヒモ分散。1号艇1着固定で広めのヒモ流し推奨（買い目+2点）', 'tenji_trigger': '展示確認: ヒモ分散レース。1号艇伸び確認後、広めのヒモ流しを採用。穴ヒモ（5・6号艇）を積極的に含める。\n展示で1号艇スタート超安定(0.131秒)→ヒモ固まり方向に注意'}",,,26.2,逃げ狙い,18.53,22.4,5,,,,,,,,,,,
2026-01-12,丸亀,11,5,水谷理人,A2,20.63,5,,6.6276,15.3,71,52.8,0.1403,2.8194,,,0,低,64,0,-,62353,0,91.6,1.6671,0,0.0556,0,0,0,0.0533,0.28,0.0267,,,E,,◎,0.2535,0.569,0.3187,0.6617,S,87,0,◎1着固定 2-3着流し（5〜8点）,0.5777,"{'is_target': True, 'verdict': '参加推奨', 'max_combo_prob': 0.0586, 'est_top_odds': 22.7, 'circle_concentration': 62.7, 'eligible_count': 6, 'bet_adj': 2, 'reason': 'rel_win1=60.3%（本命度） / 最有力組み合わせ確率: 0.059（推定実オッズ?23倍） / 2着集中度: 上位2艇 62.7%（補正+0.00） / 総合判定確率: 0.059 / → ヒモ分散。1号艇1着固定で広めのヒモ流し推奨（買い目+2点）', 'tenji_trigger': '展示確認: ヒモ分散レース。1号艇伸び確認後、広めのヒモ流しを採用。穴ヒモ（5・6号艇）を積極的に含める。\n展示で1号艇スタート超安定(0.131秒)→ヒモ固まり方向に注意'}",,,26.2,逃げ狙い,18.53,22.4,5,,,,,,,,,,,
2026-01-12,丸亀,11,6,里岡右貴,A1,41.67,6,○,4.3836,7.5,98,50,0.1495,3.0152,,,0,低,75,0,-,141 22,0,28.8,1.5661,0,0,0.0323,0,0.0323,0.115,0.139,0.024,,,B,,○,0.2246,0.641,0.2393,0.6617,S,87,0,◎1着固定 2-3着流し（5〜8点）,0.5777,"{'is_target': True, 'verdict': '参加推奨', 'max_combo_prob': 0.0586, 'est_top_odds': 22.7, 'circle_concentration': 62.7, 'eligible_count': 6, 'bet_adj': 2, 'reason': 'rel_win1=60.3%（本命度） / 最有力組み合わせ確率: 0.059（推定実オッズ?23倍） / 2着集中度: 上位2艇 62.7%（補正+0.00） / 総合判定確率: 0.059 / → ヒモ分散。1号艇1着固定で広めのヒモ流し推奨（買い目+2点）', 'tenji_trigger': '展示確認: ヒモ分散レース。1号艇伸び確認後、広めのヒモ流しを採用。穴ヒモ（5・6号艇）を積極的に含める。\n展示で1号艇スタート超安定(0.131秒)→ヒモ固まり方向に注意'}",,,26.2,逃げ狙い,18.53,22.4,5,,,,,,,,,,,
2026-01-12,丸亀,12,1,長岡良也,A1,23.46,1,◎,59.697,,0,95.1,0.1481,2.6852,,,0,低,104,0,逃1%,253 13,0,94.2,1.2835,0.6667,,,,,0.1417,0.0972,0.1194,◎,,D,○,,,0.6505,,0.587,S,80,0,◎1着固定 2-3着流し（5〜8点）,0.5777,"{'is_target': True, 'verdict': '参加推奨', 'max_combo_prob': 0.0894, 'est_top_odds': 14.9, 'circle_concentration': 66.4, 'eligible_count': 6, 'bet_adj': 2, 'reason': 'rel_win1=59.7%（本命度） / 最有力組み合わせ確率: 0.089（推定実オッズ?15倍） / 2着集中度: 上位2艇 66.4%（補正+0.00） / 総合判定確率: 0.089 / → ヒモ分散。1号艇1着固定で広めのヒモ流し推奨（買い目+2点）', 'tenji_trigger': '展示確認: ヒモ分散レース。1号艇伸び確認後、広めのヒモ流しを採用。穴ヒモ（5・6号艇）を積極的に含める。'}",,,28.7,逃げ狙い,18.83,29.3,2,,,,,0,0,0.7559,0,,逃げ軸流し,A
2026-01-12,丸亀,12,2,西村　歩,A2,37.80,2,△,12.6924,36.4,71,64.5,0.1584,3.3387,,,0,低,61,0,-,62646,0,50.3,1.0447,0,0,0,0,0,0.1607,0.1,0,,,B,,,0.2457,0.5625,,0.587,S,80,0,◎1着固定 2-3着流し（5〜8点）,0.5777,"{'is_target': True, 'verdict': '参加推奨', 'max_combo_prob': 0.0894, 'est_top_odds': 14.9, 'circle_concentration': 66.4, 'eligible_count': 6, 'bet_adj': 2, 'reason': 'rel_win1=59.7%（本命度） / 最有力組み合わせ確率: 0.089（推定実オッズ?15倍） / 2着集中度: 上位2艇 66.4%（補正+0.00） / 総合判定確率: 0.089 / → ヒモ分散。1号艇1着固定で広めのヒモ流し推奨（買い目+2点）', 'tenji_trigger': '展示確認: ヒモ分散レース。1号艇伸び確認後、広めのヒモ流しを採用。穴ヒモ（5・6号艇）を積極的に含める。'}",,,28.7,逃げ狙い,18.83,29.3,2,,,,,,,,,,,
2026-01-12,丸亀,12,3,山田雄太,B1,36.67,3,○,11.0434,30,73,62.5,0.1434,3.1953,,,0,低,64,0,-,341 36,0,87.2,1.8025,0,0,0.0323,0.0645,0.0645,0.016,0.2,0.048,,,B,◎,,0.3296,0.6615,,0.587,S,80,0,◎1着固定 2-3着流し（5〜8点）,0.5777,"{'is_target': True, 'verdict': '参加推奨', 'max_combo_prob': 0.0894, 'est_top_odds': 14.9, 'circle_concentration': 66.4, 'eligible_count': 6, 'bet_adj': 2, 'reason': 'rel_win1=59.7%（本命度） / 最有力組み合わせ確率: 0.089（推定実オッズ?15倍） / 2着集中度: 上位2艇 66.4%（補正+0.00） / 総合判定確率: 0.089 / → ヒモ分散。1号艇1着固定で広めのヒモ流し推奨（買い目+2点）', 'tenji_trigger': '展示確認: ヒモ分散レース。1号艇伸び確認後、広めのヒモ流しを採用。穴ヒモ（5・6号艇）を積極的に含める。'}",,,28.7,逃げ狙い,18.83,29.3,2,,,,,,,,,,,
2026-01-12,丸亀,12,4,奥田　誠,B1,25.58,4,,6.5791,5.3,100,50.9,0.1657,4.0755,,,0,低,163,0,-,231 26,0,46.7,0.9515,0,0,0.0385,0.0769,0,0.1771,0.0571,0.139,,,D,△,,0.2408,0.6205,,0.587,S,80,0,◎1着固定 2-3着流し（5〜8点）,0.5777,"{'is_target': True, 'verdict': '参加推奨', 'max_combo_prob': 0.0894, 'est_top_odds': 14.9, 'circle_concentration': 66.4, 'eligible_count': 6, 'bet_adj': 2, 'reason': 'rel_win1=59.7%（本命度） / 最有力組み合わせ確率: 0.089（推定実オッズ?15倍） / 2着集中度: 上位2艇 66.4%（補正+0.00） / 総合判定確率: 0.089 / → ヒモ分散。1号艇1着固定で広めのヒモ流し推奨（買い目+2点）', 'tenji_trigger': '展示確認: ヒモ分散レース。1号艇伸び確認後、広めのヒモ流しを採用。穴ヒモ（5・6号艇）を積極的に含める。'}",,,28.7,逃げ狙い,18.83,29.3,2,,,,,,,,,,,
2026-01-12,丸亀,12,5,中村泰平,A1,21.79,5,,6.5799,22,38,59,0.1672,3.3846,,,0,低,80,0,差ま0% 抜0%,13314,0,86,1.6207,0,0,0,0.0769,0.0769,0.1864,0.0182,0.0364,,,E,,,0.2453,0.6085,,0.587,S,80,0,◎1着固定 2-3着流し（5〜8点）,0.5777,"{'is_target': True, 'verdict': '参加推奨', 'max_combo_prob': 0.0894, 'est_top_odds': 14.9, 'circle_concentration': 66.4, 'eligible_count': 6, 'bet_adj': 2, 'reason': 'rel_win1=59.7%（本命度） / 最有力組み合わせ確率: 0.089（推定実オッズ?15倍） / 2着集中度: 上位2艇 66.4%（補正+0.00） / 総合判定確率: 0.089 / → ヒモ分散。1号艇1着固定で広めのヒモ流し推奨（買い目+2点）', 'tenji_trigger': '展示確認: ヒモ分散レース。1号艇伸び確認後、広めのヒモ流しを採用。穴ヒモ（5・6号艇）を積極的に含める。'}",,,28.7,逃げ狙い,18.83,29.3,2,,,,,,,,,,,
2026-01-12,丸亀,12,6,河野　大,A2,39.76,6,▲,3.4083,6.3,32,38.2,0.1484,3.1273,,,0,低,88,0,ま0%,21331,0,31.9,0.4456,0,0,0.0323,0,0,0.1143,0.0381,0.0286,,,B,△,,0.2966,0.6455,,0.587,S,80,0,◎1着固定 2-3着流し（5〜8点）,0.5777,"{'is_target': True, 'verdict': '参加推奨', 'max_combo_prob': 0.0894, 'est_top_odds': 14.9, 'circle_concentration': 66.4, 'eligible_count': 6, 'bet_adj': 2, 'reason': 'rel_win1=59.7%（本命度） / 最有力組み合わせ確率: 0.089（推定実オッズ?15倍） / 2着集中度: 上位2艇 66.4%（補正+0.00） / 総合判定確率: 0.089 / → ヒモ分散。1号艇1着固定で広めのヒモ流し推奨（買い目+2点）', 'tenji_trigger': '展示確認: ヒモ分散レース。1号艇伸び確認後、広めのヒモ流しを採用。穴ヒモ（5・6号艇）を積極的に含める。'}",,,28.7,逃げ狙い,18.83,29.3,2,,,,,,,,,,,
2026-01-13,丸亀,1,1,牧原　崇,B1,20.59,1,◎,63.9431,,0,86.6,0.1627,3.1194,,,0,低,174,0,逃1%,5 145,0,90.3,1.2081,0.4516,,,,,0.0258,0.2016,0.2274,◎,,E,◎,,,0.6775,,0.5013,A,74,0,◎-○軸 3着3〜4艇流し（10〜15点）,0.5777,"{'is_target': True, 'verdict': '点数絞り', 'max_combo_prob': 0.0902, 'est_top_odds': 14.8, 'circle_concentration': 70.5, 'eligible_count': 8, 'bet_adj': 0, 'reason': 'rel_win1=63.9%（本命度） / 最有力組み合わせ確率: 0.090（推定実オッズ?15倍） / 2着集中度: 上位2艇 70.5%（補正+0.04） / 総合判定確率: 0.130 / → ヒモはやや固め。上位2艇以外を切ること', 'tenji_trigger': '展示確認: 1号艇伸び良→そのまま採用。悪→飛び組に差し替え。circle_pct上位2艇に絞り込むこと。'}",,,25.5,逃げ狙い,6.57,30.7,2,,,,,0,0,0.7559,0,,逃げ軸流し,A
2026-01-13,丸亀,1,2,田上　凜,B1,31.71,2,△,11.37,35.3,56,20,0.224,4.6333,,,0,低,114,0,-,3 1565,0,34.4,0.5379,,,,,,0,0.6667,0,,,B,,,0.0814,0.504,,0.5013,A,74,0,◎-○軸 3着3〜4艇流し（10〜15点）,0.5777,"{'is_target': True, 'verdict': '点数絞り', 'max_combo_prob': 0.0902, 'est_top_odds': 14.8, 'circle_concentration': 70.5, 'eligible_count': 8, 'bet_adj': 0, 'reason': 'rel_win1=63.9%（本命度） / 最有力組み合わせ確率: 0.090（推定実オッズ?15倍） / 2着集中度: 上位2艇 70.5%（補正+0.04） / 総合判定確率: 0.130 / → ヒモはやや固め。上位2艇以外を切ること', 'tenji_trigger': '展示確認: 1号艇伸び良→そのまま採用。悪→飛び組に差し替え。circle_pct上位2艇に絞り込むこと。'}",,,25.5,逃げ狙い,6.57,30.7,2,,,,,,,,,,,
2026-01-13,丸亀,1,3,木村紗友,B1,29.49,3,▲,7.9817,35.3,100,54.8,0.1648,3.371,,,0,低,68,0,ま0%,5 6615,0,46.4,0.9587,0,0,0.0714,0,0,0.0909,0.1818,0.0909,,,C,△,,0.2985,0.5685,,0.5013,A,74,0,◎-○軸 3着3〜4艇流し（10〜15点）,0.5777,"{'is_target': True, 'verdict': '点数絞り', 'max_combo_prob': 0.0902, 'est_top_odds': 14.8, 'circle_concentration': 70.5, 'eligible_count': 8, 'bet_adj': 0, 'reason': 'rel_win1=63.9%（本命度） / 最有力組み合わせ確率: 0.090（推定実オッズ?15倍） / 2着集中度: 上位2艇 70.5%（補正+0.04） / 総合判定確率: 0.130 / → ヒモはやや固め。上位2艇以外を切ること', 'tenji_trigger': '展示確認: 1号艇伸び良→そのまま採用。悪→飛び組に差し替え。circle_pct上位2艇に絞り込むこと。'}",,,25.5,逃げ狙い,6.57,30.7,2,,,,,,,,,,,
2026-01-13,丸亀,1,4,角浜　修,B1,39.24,4,○,8.7348,13.5,38,23.8,0.1706,3.7302,,,0,低,134,0,-,5 445,0,54.9,1.0038,0,0,0,0.0303,0,0.0833,0.15,0.15,,,A,○,,0.28,0.6255,,0.5013,A,74,0,◎-○軸 3着3〜4艇流し（10〜15点）,0.5777,"{'is_target': True, 'verdict': '点数絞り', 'max_combo_prob': 0.0902, 'est_top_odds': 14.8, 'circle_concentration': 70.5, 'eligible_count': 8, 'bet_adj': 0, 'reason': 'rel_win1=63.9%（本命度） / 最有力組み合わせ確率: 0.090（推定実オッズ?15倍） / 2着集中度: 上位2艇 70.5%（補正+0.04） / 総合判定確率: 0.130 / → ヒモはやや固め。上位2艇以外を切ること', 'tenji_trigger': '展示確認: 1号艇伸び良→そのまま採用。悪→飛び組に差し替え。circle_pct上位2艇に絞り込むこと。'}",,,25.5,逃げ狙い,6.57,30.7,2,,,,,,,,,,,
2026-01-13,丸亀,1,5,中岡　駿,B2,28.95,5,,6.6837,12.7,66,0,0.2075,4.0625,,,0,低,40,1,-,666 36,0,21.1,0.7774,,,,,,,,,,,C,,,0.2017,0.482,,0.5013,A,74,0,◎-○軸 3着3〜4艇流し（10〜15点）,0.5777,"{'is_target': True, 'verdict': '点数絞り', 'max_combo_prob': 0.0902, 'est_top_odds': 14.8, 'circle_concentration': 70.5, 'eligible_count': 8, 'bet_adj': 0, 'reason': 'rel_win1=63.9%（本命度） / 最有力組み合わせ確率: 0.090（推定実オッズ?15倍） / 2着集中度: 上位2艇 70.5%（補正+0.04） / 総合判定確率: 0.130 / → ヒモはやや固め。上位2艇以外を切ること', 'tenji_trigger': '展示確認: 1号艇伸び良→そのまま採用。悪→飛び組に差し替え。circle_pct上位2艇に絞り込むこと。'}",,,25.5,逃げ狙い,6.57,30.7,2,,,,,,,,,,,
2026-01-13,丸亀,1,6,嶋田貴支,B1,23.81,6,,1.2866,3.3,46,16.3,0.2263,4.9884,,,0,低,134,0,-,3 134,0,21.1,0.5122,,,,,,0.0174,0.0522,0.1174,,,D,△,,0.1652,0.6045,,0.5013,A,74,0,◎-○軸 3着3〜4艇流し（10〜15点）,0.5777,"{'is_target': True, 'verdict': '点数絞り', 'max_combo_prob': 0.0902, 'est_top_odds': 14.8, 'circle_concentration': 70.5, 'eligible_count': 8, 'bet_adj': 0, 'reason': 'rel_win1=63.9%（本命度） / 最有力組み合わせ確率: 0.090（推定実オッズ?15倍） / 2着集中度: 上位2艇 70.5%（補正+0.04） / 総合判定確率: 0.130 / → ヒモはやや固め。上位2艇以外を切ること', 'tenji_trigger': '展示確認: 1号艇伸び良→そのまま採用。悪→飛び組に差し替え。circle_pct上位2艇に絞り込むこと。'}",,,25.5,逃げ狙い,6.57,30.7,2,,,,,,,,,,,
2026-01-13,丸亀,2,1,天野晶夫,B1,30.23,1,◎,55.0643,,0,92.1,0.1471,3.0397,,,0,低,109,0,逃0%,432 53,0,78.1,1.1634,0.44,,,,,0.448,0.112,0.048,◎,,B,△,,,0.615,,0.5256,S,88,0,◎1着固定 2-3着流し（5〜8点）,0.5777,"{'is_target': True, 'verdict': '参加推奨', 'max_combo_prob': 0.077, 'est_top_odds': 17.3, 'circle_concentration': 76.6, 'eligible_count': 6, 'bet_adj': 2, 'reason': 'rel_win1=55.1%（本命度） / 最有力組み合わせ確率: 0.077（推定実オッズ?17倍） / 2着集中度: 上位2艇 76.6%（補正+0.04） / 総合判定確率: 0.117 / → ヒモ分散。1号艇1着固定で広めのヒモ流し推奨（買い目+2点）', 'tenji_trigger': '展示確認: ヒモ分散レース。1号艇伸び確認後、広めのヒモ流しを採用。穴ヒモ（5・6号艇）を積極的に含める。'}",,,29.7,逃げ狙い,12.1,38.1,3,,,,,0,0,0.7559,0,,逃げ軸流し,A
2026-01-13,丸亀,2,2,亀本勇樹,B1,25.68,2,,8.9615,38.3,80,44.2,0.1688,3.6538,,,0,低,75,0,-,3 433,0,100,3.531,0,0.04,0,0,0,0.2083,0.05,0.125,,,C,,,0.1576,0.5815,,0.5256,S,88,0,◎1着固定 2-3着流し（5〜8点）,0.5777,"{'is_target': True, 'verdict': '参加推奨', 'max_combo_prob': 0.077, 'est_top_odds': 17.3, 'circle_concentration': 76.6, 'eligible_count': 6, 'bet_adj': 2, 'reason': 'rel_win1=55.1%（本命度） / 最有力組み合わせ確率: 0.077（推定実オッズ?17倍） / 2着集中度: 上位2艇 76.6%（補正+0.04） / 総合判定確率: 0.117 / → ヒモ分散。1号艇1着固定で広めのヒモ流し推奨（買い目+2点）', 'tenji_trigger': '展示確認: ヒモ分散レース。1号艇伸び確認後、広めのヒモ流しを採用。穴ヒモ（5・6号艇）を積極的に含める。'}",,,29.7,逃げ狙い,12.1,38.1,3,,,,,,,,,,,
2026-01-13,丸亀,2,3,長岡良也,A1,23.46,3,○,16.3134,38.3,89,71.9,0.1602,3.2105,,,0,低,104,0,差0% 差ま0% 抜0%,253 13,0,62.7,1.4483,0,0.0435,0,0.0435,0.0435,0.1417,0.0972,0.1194,,,D,◎,,0.2592,0.6505,,0.5256,S,88,0,◎1着固定 2-3着流し（5〜8点）,0.5777,"{'is_target': True, 'verdict': '参加推奨', 'max_combo_prob': 0.077, 'est_top_odds': 17.3, 'circle_concentration': 76.6, 'eligible_count': 6, 'bet_adj': 2, 'reason': 'rel_win1=55.1%（本命度） / 最有力組み合わせ確率: 0.077（推定実オッズ?17倍） / 2着集中度: 上位2艇 76.6%（補正+0.04） / 総合判定確率: 0.117 / → ヒモ分散。1号艇1着固定で広めのヒモ流し推奨（買い目+2点）', 'tenji_trigger': '展示確認: ヒモ分散レース。1号艇伸び確認後、広めのヒモ流しを採用。穴ヒモ（5・6号艇）を積極的に含める。'}",,,29.7,逃げ狙い,12.1,38.1,3,,,,,,,,,,,
2026-01-13,丸亀,2,4,金田大輔,B1,21.05,4,,12.803,12.6,48,36.2,0.1591,2.7672,,,0,低,99,0,-,666 11,0,100,1.9885,0,0.04,0.12,0,0,0.2,0.1,0.1,,,E,△,◎,0.2785,0.587,0.2712,0.5256,S,88,0,◎1着固定 2-3着流し（5〜8点）,0.5777,"{'is_target': True, 'verdict': '参加推奨', 'max_combo_prob': 0.077, 'est_top_odds': 17.3, 'circle_concentration': 76.6, 'eligible_count': 6, 'bet_adj': 2, 'reason': 'rel_win1=55.1%（本命度） / 最有力組み合わせ確率: 0.077（推定実オッズ?17倍） / 2着集中度: 上位2艇 76.6%（補正+0.04） / 総合判定確率: 0.117 / → ヒモ分散。1号艇1着固定で広めのヒモ流し推奨（買い目+2点）', 'tenji_trigger': '展示確認: ヒモ分散レース。1号艇伸び確認後、広めのヒモ流しを採用。穴ヒモ（5・6号艇）を積極的に含める。'}",,,29.7,逃げ狙い,12.1,38.1,3,,,,,,,,,,,
2026-01-13,丸亀,2,5,大森　翼,B1,28.92,5,▲,3.9673,6.4,46,21.3,0.1744,3.9344,,,0,低,127,0,差ま0%,455 63,0,32.7,0.701,0,0,0,0.0417,0,0.025,0.35,0.3,,,B,,,0.211,0.58,,0.5256,S,88,0,◎1着固定 2-3着流し（5〜8点）,0.5777,"{'is_target': True, 'verdict': '参加推奨', 'max_combo_prob': 0.077, 'est_top_odds': 17.3, 'circle_concentration': 76.6, 'eligible_count': 6, 'bet_adj': 2, 'reason': 'rel_win1=55.1%（本命度） / 最有力組み合わせ確率: 0.077（推定実オッズ?17倍） / 2着集中度: 上位2艇 76.6%（補正+0.04） / 総合判定確率: 0.117 / → ヒモ分散。1号艇1着固定で広めのヒモ流し推奨（買い目+2点）', 'tenji_trigger': '展示確認: ヒモ分散レース。1号艇伸び確認後、広めのヒモ流しを採用。穴ヒモ（5・6号艇）を積極的に含める。'}",,,29.7,逃げ狙い,12.1,38.1,3,,,,,,,,,,,
2026-01-13,丸亀,2,6,小川晃司,B1,28.74,6,△,2.8905,4.4,100,43.1,0.1611,3.3991,,,0,低,77,0,-,3 534,0,32.7,0.5794,0,0,0.0104,0.0104,0.0104,,,,,,C,○,○,0.2499,0.63,0.2603,0.5256,S,88,0,◎1着固定 2-3着流し（5〜8点）,0.5777,"{'is_target': True, 'verdict': '参加推奨', 'max_combo_prob': 0.077, 'est_top_odds': 17.3, 'circle_concentration': 76.6, 'eligible_count': 6, 'bet_adj': 2, 'reason': 'rel_win1=55.1%（本命度） / 最有力組み合わせ確率: 0.077（推定実オッズ?17倍） / 2着集中度: 上位2艇 76.6%（補正+0.04） / 総合判定確率: 0.117 / → ヒモ分散。1号艇1着固定で広めのヒモ流し推奨（買い目+2点）', 'tenji_trigger': '展示確認: ヒモ分散レース。1号艇伸び確認後、広めのヒモ流しを採用。穴ヒモ（5・6号艇）を積極的に含める。'}",,,29.7,逃げ狙い,12.1,38.1,3,,,,,,,,,,,
2026-01-13,丸亀,3,1,佐藤　旭,B1,29.67,1,◎,54.9841,,0,79.2,0.166,3.5189,,,0,低,162,0,逃0%,161 52,0,94.2,1.3085,0.4118,,,,,0.0706,0.2441,0.0706,○,,B,○,,,0.628,,0.3635,A,76,0,◎-○軸 3着3〜4艇流し（10〜15点）,0.5777,"{'is_target': True, 'verdict': '参加推奨', 'max_combo_prob': 0.0603, 'est_top_odds': 22.1, 'circle_concentration': 70.0, 'eligible_count': 8, 'bet_adj': 2, 'reason': 'rel_win1=55.0%（本命度） / 最有力組み合わせ確率: 0.060（推定実オッズ?22倍） / 2着集中度: 上位2艇 70.0%（補正+0.04） / 総合判定確率: 0.100 / → ヒモ分散。1号艇1着固定で広めのヒモ流し推奨（買い目+2点）', 'tenji_trigger': '展示確認: ヒモ分散レース。1号艇伸び確認後、広めのヒモ流しを採用。穴ヒモ（5・6号艇）を積極的に含める。'}",,,27.7,逃げ狙い,13.57,31.1,4,,,,,0,0,0.6155,0,,逃げ軸流し,A
2026-01-13,丸亀,3,2,原村拓也,B1,20.83,2,,8.9198,39.4,82,45.7,0.178,4.0071,,,0,低,159,0,-,236 35,0,57.7,1.2703,0,0.0345,0,0,0,0.3114,0.1257,0.02,,,E,,,0.1966,0.5855,,0.3635,A,76,0,◎-○軸 3着3〜4艇流し（10〜15点）,0.5777,"{'is_target': True, 'verdict': '参加推奨', 'max_combo_prob': 0.0603, 'est_top_odds': 22.1, 'circle_concentration': 70.0, 'eligible_count': 8, 'bet_adj': 2, 'reason': 'rel_win1=55.0%（本命度） / 最有力組み合わせ確率: 0.060（推定実オッズ?22倍） / 2着集中度: 上位2艇 70.0%（補正+0.04） / 総合判定確率: 0.100 / → ヒモ分散。1号艇1着固定で広めのヒモ流し推奨（買い目+2点）', 'tenji_trigger': '展示確認: ヒモ分散レース。1号艇伸び確認後、広めのヒモ流しを採用。穴ヒモ（5・6号艇）を積極的に含める。'}",,,27.7,逃げ狙い,13.57,31.1,4,,,,,,,,,,,
2026-01-13,丸亀,3,3,福田　理,B1,25.00,3,▲,11.2343,14.7,100,38.5,0.1771,4.0615,,,0,低,126,0,ま0%,3 251,0,29.8,0.8979,0,0,0.0286,0.0286,0,0.1446,0.4967,0.1446,,,C,,,0.2546,0.594,,0.3635,A,76,0,◎-○軸 3着3〜4艇流し（10〜15点）,0.5777,"{'is_target': True, 'verdict': '参加推奨', 'max_combo_prob': 0.0603, 'est_top_odds': 22.1, 'circle_concentration': 70.0, 'eligible_count': 8, 'bet_adj': 2, 'reason': 'rel_win1=55.0%（本命度） / 最有力組み合わせ確率: 0.060（推定実オッズ?22倍） / 2着集中度: 上位2艇 70.0%（補正+0.04） / 総合判定確率: 0.100 / → ヒモ分散。1号艇1着固定で広めのヒモ流し推奨（買い目+2点）', 'tenji_trigger': '展示確認: ヒモ分散レース。1号艇伸び確認後、広めのヒモ流しを採用。穴ヒモ（5・6号艇）を積極的に含める。'}",,,27.7,逃げ狙い,13.57,31.1,4,,,,,,,,,,,
2026-01-13,丸亀,3,4,宇野博之,B1,21.92,4,△,8.5359,9.9,83,27.7,0.168,3.5538,,,0,低,135,0,-,523 14,0,29.9,0.7455,,,,,,0.2398,0.297,0.1307,,,D,△,,0.3426,0.606,,0.3635,A,76,0,◎-○軸 3着3〜4艇流し（10〜15点）,0.5777,"{'is_target': True, 'verdict': '参加推奨', 'max_combo_prob': 0.0603, 'est_top_odds': 22.1, 'circle_concentration': 70.0, 'eligible_count': 8, 'bet_adj': 2, 'reason': 'rel_win1=55.0%（本命度） / 最有力組み合わせ確率: 0.060（推定実オッズ?22倍） / 2着集中度: 上位2艇 70.0%（補正+0.04） / 総合判定確率: 0.100 / → ヒモ分散。1号艇1着固定で広めのヒモ流し推奨（買い目+2点）', 'tenji_trigger': '展示確認: ヒモ分散レース。1号艇伸び確認後、広めのヒモ流しを採用。穴ヒモ（5・6号艇）を積極的に含める。'}",,,27.7,逃げ狙い,13.57,31.1,4,,,,,,,,,,,
2026-01-13,丸亀,3,5,上野真之,A1,27.03,5,○,15.1571,30.6,79,75,0.1361,2.4464,,,0,低,15,0,ま0%,416 21,0,57.7,1.1724,0,0,0.0909,0.1818,0,0,0,0.1333,,◎,C,◎,,0.453,0.812,,0.3635,A,76,0,◎-○軸 3着3〜4艇流し（10〜15点）,0.5777,"{'is_target': True, 'verdict': '参加推奨', 'max_combo_prob': 0.0603, 'est_top_odds': 22.1, 'circle_concentration': 70.0, 'eligible_count': 8, 'bet_adj': 2, 'reason': 'rel_win1=55.0%（本命度） / 最有力組み合わせ確率: 0.060（推定実オッズ?22倍） / 2着集中度: 上位2艇 70.0%（補正+0.04） / 総合判定確率: 0.100 / → ヒモ分散。1号艇1着固定で広めのヒモ流し推奨（買い目+2点）', 'tenji_trigger': '展示確認: ヒモ分散レース。1号艇伸び確認後、広めのヒモ流しを採用。穴ヒモ（5・6号艇）を積極的に含める。'}",,,27.7,逃げ狙い,13.57,31.1,4,,,,,,,,,,,
2026-01-13,丸亀,3,6,平高奈菜,A2,22.08,6,,1.1687,5.4,97,52,0.1876,4.44,,,0,低,46,0,-,1 62F5,0,24.4,0.6414,,,,,,0.2,0,0.1333,,,D,△,,0.2765,0.6215,,0.3635,A,76,0,◎-○軸 3着3〜4艇流し（10〜15点）,0.5777,"{'is_target': True, 'verdict': '参加推奨', 'max_combo_prob': 0.0603, 'est_top_odds': 22.1, 'circle_concentration': 70.0, 'eligible_count': 8, 'bet_adj': 2, 'reason': 'rel_win1=55.0%（本命度） / 最有力組み合わせ確率: 0.060（推定実オッズ?22倍） / 2着集中度: 上位2艇 70.0%（補正+0.04） / 総合判定確率: 0.100 / → ヒモ分散。1号艇1着固定で広めのヒモ流し推奨（買い目+2点）', 'tenji_trigger': '展示確認: ヒモ分散レース。1号艇伸び確認後、広めのヒモ流しを採用。穴ヒモ（5・6号艇）を積極的に含める。'}",,,27.7,逃げ狙い,13.57,31.1,4,,,,,,,,,,,
2026-01-13,丸亀,4,1,笠　雅雄,B1,20.59,1,○,45.1363,,0,63.6,0.1691,3.4697,,,0,低,120,0,逃0%,4 222,0,35.3,0.7038,0.25,,,,,0.275,0.25,0.025,△,,E,,,,0.551,,0.3191,A,61,0,◎-○軸 3着3〜4艇流し（10〜15点）,0.5777,"{'is_target': True, 'verdict': '参加推奨', 'max_combo_prob': 0.0489, 'est_top_odds': 27.2, 'circle_concentration': 63.6, 'eligible_count': 8, 'bet_adj': 2, 'reason': 'rel_win1=45.1%（本命度） / 最有力組み合わせ確率: 0.049（推定実オッズ?27倍） / 2着集中度: 上位2艇 63.6%（補正+0.00） / 総合判定確率: 0.049 / → ヒモ分散。1号艇1着固定で広めのヒモ流し推奨（買い目+2点）', 'tenji_trigger': '展示確認: ヒモ分散レース。1号艇伸び確認後、広めのヒモ流しを採用。穴ヒモ（5・6号艇）を積極的に含める。'}",,,30.5,両建て推奨,15.01,37.7,3,2-1-3|2-1-4|1-2-3|1-2-4|1-3-4|1-3-2|1-4-3,6-1-4|6-1-3|6-4-1|4-5-6|2-1-3|2-1-4|6-3-1|1-2-3|1-2-4|1-3-4|1-3-2|1-4-3,2-1-3:2.42%|2-1-4:2.0%|1-2-3:6.91%|1-2-4:6.72%|1-3-4:6.55%|1-3-2:6.0%|1-4-3:5.43%,2-1-3:B_main|2-1-4:B_main|1-2-3:A|1-2-4:A|1-3-4:A|1-3-2:A|1-4-3:A,7,12,0.4535,1,[!]見送り推奨（主役決まり手「差し」― 逃げ劣勢レースで的中実績なし）,荒れ広め,D
2026-01-13,丸亀,4,2,松田真実,B1,29.55,2,▲,13.1709,28.9,75,41.9,0.1526,3.2581,,,0,低,69,0,差0%,6 565,0,72.7,0.7357,0,0.0667,0,0,0,0,0.2857,0.4286,,◎,C,,,0.5203,0.5685,,0.3191,A,61,0,◎-○軸 3着3〜4艇流し（10〜15点）,0.5777,"{'is_target': True, 'verdict': '参加推奨', 'max_combo_prob': 0.0489, 'est_top_odds': 27.2, 'circle_concentration': 63.6, 'eligible_count': 8, 'bet_adj': 2, 'reason': 'rel_win1=45.1%（本命度） / 最有力組み合わせ確率: 0.049（推定実オッズ?27倍） / 2着集中度: 上位2艇 63.6%（補正+0.00） / 総合判定確率: 0.049 / → ヒモ分散。1号艇1着固定で広めのヒモ流し推奨（買い目+2点）', 'tenji_trigger': '展示確認: ヒモ分散レース。1号艇伸び確認後、広めのヒモ流しを採用。穴ヒモ（5・6号艇）を積極的に含める。'}",,,30.5,両建て推奨,15.01,37.7,3,,,,,,,,,,,
2026-01-13,丸亀,4,3,山田雄太,B1,36.67,3,◎,16.516,34.7,90,62.5,0.1434,3.1953,,,0,低,64,0,-,341 36,0,97.6,2.0606,0,0,0.0323,0.0645,0.0645,0.016,0.2,0.048,,○,B,○,,0.4586,0.6615,,0.3191,A,61,0,◎-○軸 3着3〜4艇流し（10〜15点）,0.5777,"{'is_target': True, 'verdict': '参加推奨', 'max_combo_prob': 0.0489, 'est_top_odds': 27.2, 'circle_concentration': 63.6, 'eligible_count': 8, 'bet_adj': 2, 'reason': 'rel_win1=45.1%（本命度） / 最有力組み合わせ確率: 0.049（推定実オッズ?27倍） / 2着集中度: 上位2艇 63.6%（補正+0.00） / 総合判定確率: 0.049 / → ヒモ分散。1号艇1着固定で広めのヒモ流し推奨（買い目+2点）', 'tenji_trigger': '展示確認: ヒモ分散レース。1号艇伸び確認後、広めのヒモ流しを採用。穴ヒモ（5・6号艇）を積極的に含める。'}",,,30.5,両建て推奨,15.01,37.7,3,,,,,,,,,,,
2026-01-13,丸亀,4,4,川上　剛,A2,27.17,4,,11.2178,25.3,76,66.7,0.1521,3.4097,,,0,低,143,0,-,312 62,0,36.4,0.8864,0,0.04,0.12,0,0,0,0.2346,0.0211,,△,D,△,◎,0.4115,0.632,0.3758,0.3191,A,61,0,◎-○軸 3着3〜4艇流し（10〜15点）,0.5777,"{'is_target': True, 'verdict': '参加推奨', 'max_combo_prob': 0.0489, 'est_top_odds': 27.2, 'circle_concentration': 63.6, 'eligible_count': 8, 'bet_adj': 2, 'reason': 'rel_win1=45.1%（本命度） / 最有力組み合わせ確率: 0.049（推定実オッズ?27倍） / 2着集中度: 上位2艇 63.6%（補正+0.00） / 総合判定確率: 0.049 / → ヒモ分散。1号艇1着固定で広めのヒモ流し推奨（買い目+2点）', 'tenji_trigger': '展示確認: ヒモ分散レース。1号艇伸び確認後、広めのヒモ流しを採用。穴ヒモ（5・6号艇）を積極的に含める。'}",,,30.5,両建て推奨,15.01,37.7,3,,,,,,,,,,,
2026-01-13,丸亀,4,5,白井友晴,B1,31.71,5,,8.6891,9.5,69,41,0.1749,3.7787,,,0,低,164,0,-,155 14,0,32.5,0.7983,0,0,0.0323,0.0323,0,0.1091,0.3491,0.0545,,,C,◎,,0.3019,0.671,,0.3191,A,61,0,◎-○軸 3着3〜4艇流し（10〜15点）,0.5777,"{'is_target': True, 'verdict': '参加推奨', 'max_combo_prob': 0.0489, 'est_top_odds': 27.2, 'circle_concentration': 63.6, 'eligible_count': 8, 'bet_adj': 2, 'reason': 'rel_win1=45.1%（本命度） / 最有力組み合わせ確率: 0.049（推定実オッズ?27倍） / 2着集中度: 上位2艇 63.6%（補正+0.00） / 総合判定確率: 0.049 / → ヒモ分散。1号艇1着固定で広めのヒモ流し推奨（買い目+2点）', 'tenji_trigger': '展示確認: ヒモ分散レース。1号艇伸び確認後、広めのヒモ流しを採用。穴ヒモ（5・6号艇）を積極的に含める。'}",,,30.5,両建て推奨,15.01,37.7,3,,,,,,,,,,,
2026-01-13,丸亀,4,6,浜先真範,A1,32.93,6,△,5.2699,1.6,100,37.7,0.1728,3.7547,,,0,低,66,0,-,22132,0,24.9,1.5886,,,,,,0.01,0.02,0.02,,,B,△,,0.3392,0.647,,0.3191,A,61,0,◎-○軸 3着3〜4艇流し（10〜15点）,0.5777,"{'is_target': True, 'verdict': '参加推奨', 'max_combo_prob': 0.0489, 'est_top_odds': 27.2, 'circle_concentration': 63.6, 'eligible_count': 8, 'bet_adj': 2, 'reason': 'rel_win1=45.1%（本命度） / 最有力組み合わせ確率: 0.049（推定実オッズ?27倍） / 2着集中度: 上位2艇 63.6%（補正+0.00） / 総合判定確率: 0.049 / → ヒモ分散。1号艇1着固定で広めのヒモ流し推奨（買い目+2点）', 'tenji_trigger': '展示確認: ヒモ分散レース。1号艇伸び確認後、広めのヒモ流しを採用。穴ヒモ（5・6号艇）を積極的に含める。'}",,,30.5,両建て推奨,15.01,37.7,3,,,,,,,,,,,
2026-01-13,丸亀,5,1,出畑孝典,A2,37.65,1,◎,62.5774,,0,92.8,0.1657,3.2952,,,0,低,124,0,逃1%,165421,0,82.3,1.0162,0.5769,,,,,0.4352,0.1165,0.1319,◎,,B,△,,,0.629,,0.5064,S,97,0,◎1着固定 2-3着流し（5〜8点）,0.5777,"{'is_target': True, 'verdict': '点数絞り', 'max_combo_prob': 0.1111, 'est_top_odds': 12.0, 'circle_concentration': 87.1, 'eligible_count': 6, 'bet_adj': 0, 'reason': 'rel_win1=62.6%（本命度） / 最有力組み合わせ確率: 0.111（推定実オッズ?12倍） / 2着集中度: 上位2艇 87.1%（補正+0.04） / 総合判定確率: 0.151 / → ヒモはやや固め。上位2艇以外を切ること', 'tenji_trigger': '展示確認: 1号艇伸び良→そのまま採用。悪→飛び組に差し替え。circle_pct上位2艇に絞り込むこと。'}",,,30.3,逃げ狙い,11.85,39.9,2,,,,,0,0,0.7559,0,,逃げ軸流し,A
2026-01-13,丸亀,5,2,伊藤啓三,B1,34.44,2,▲,12.5451,55.9,100,65.1,0.154,3.3333,,,0,低,78,0,-,2 421,0,45,0.6191,0,0.0526,0,0,0,0.2727,0.3455,0.0364,,◎,C,◎,,0.4928,0.6695,,0.5064,S,97,0,◎1着固定 2-3着流し（5〜8点）,0.5777,"{'is_target': True, 'verdict': '点数絞り', 'max_combo_prob': 0.1111, 'est_top_odds': 12.0, 'circle_concentration': 87.1, 'eligible_count': 6, 'bet_adj': 0, 'reason': 'rel_win1=62.6%（本命度） / 最有力組み合わせ確率: 0.111（推定実オッズ?12倍） / 2着集中度: 上位2艇 87.1%（補正+0.04） / 総合判定確率: 0.151 / → ヒモはやや固め。上位2艇以外を切ること', 'tenji_trigger': '展示確認: 1号艇伸び良→そのまま採用。悪→飛び組に差し替え。circle_pct上位2艇に絞り込むこと。'}",,,30.3,逃げ狙い,11.85,39.9,2,,,,,,,,,,,
2026-01-13,丸亀,5,3,抹香雄三,B1,36.59,3,○,9.6631,31.3,80,52.6,0.1583,3.3462,,,0,低,100,0,-,452 43,0,42.8,0.8783,0,0,0.0333,0.0667,0,0.12,0.24,0.16,,○,B,○,,0.3659,0.6655,,0.5064,S,97,0,◎1着固定 2-3着流し（5〜8点）,0.5777,"{'is_target': True, 'verdict': '点数絞り', 'max_combo_prob': 0.1111, 'est_top_odds': 12.0, 'circle_concentration': 87.1, 'eligible_count': 6, 'bet_adj': 0, 'reason': 'rel_win1=62.6%（本命度） / 最有力組み合わせ確率: 0.111（推定実オッズ?12倍） / 2着集中度: 上位2艇 87.1%（補正+0.04） / 総合判定確率: 0.151 / → ヒモはやや固め。上位2艇以外を切ること', 'tenji_trigger': '展示確認: 1号艇伸び良→そのまま採用。悪→飛び組に差し替え。circle_pct上位2艇に絞り込むこと。'}",,,30.3,逃げ狙い,11.85,39.9,2,,,,,,,,,,,
2026-01-13,丸亀,5,4,丸山祐也,B1,34.94,4,△,5.3225,8.5,62,12.8,0.2062,4.7949,,,0,低,130,0,-,5 444,0,16.9,0.5904,,,,,,0.125,0.25,0.25,,,C,,,0.1725,0.558,,0.5064,S,97,0,◎1着固定 2-3着流し（5〜8点）,0.5777,"{'is_target': True, 'verdict': '点数絞り', 'max_combo_prob': 0.1111, 'est_top_odds': 12.0, 'circle_concentration': 87.1, 'eligible_count': 6, 'bet_adj': 0, 'reason': 'rel_win1=62.6%（本命度） / 最有力組み合わせ確率: 0.111（推定実オッズ?12倍） / 2着集中度: 上位2艇 87.1%（補正+0.04） / 総合判定確率: 0.151 / → ヒモはやや固め。上位2艇以外を切ること', 'tenji_trigger': '展示確認: 1号艇伸び良→そのまま採用。悪→飛び組に差し替え。circle_pct上位2艇に絞り込むこと。'}",,,30.3,逃げ狙い,11.85,39.9,2,,,,,,,,,,,
2026-01-13,丸亀,5,5,嶋田貴支,B1,23.81,5,,5.3665,3.6,51,21.1,0.1765,3.7885,,,0,低,134,0,差ま0%,3 134,0,27.7,0.7867,0,0.037,0,0.037,0,0.0174,0.0522,0.1174,,,E,,,0.2631,0.6045,,0.5064,S,97,0,◎1着固定 2-3着流し（5〜8点）,0.5777,"{'is_target': True, 'verdict': '点数絞り', 'max_combo_prob': 0.1111, 'est_top_odds': 12.0, 'circle_concentration': 87.1, 'eligible_count': 6, 'bet_adj': 0, 'reason': 'rel_win1=62.6%（本命度） / 最有力組み合わせ確率: 0.111（推定実オッズ?12倍） / 2着集中度: 上位2艇 87.1%（補正+0.04） / 総合判定確率: 0.151 / → ヒモはやや固め。上位2艇以外を切ること', 'tenji_trigger': '展示確認: 1号艇伸び良→そのまま採用。悪→飛び組に差し替え。circle_pct上位2艇に絞り込むこと。'}",,,30.3,逃げ狙い,11.85,39.9,2,,,,,,,,,,,
2026-01-13,丸亀,5,6,竹田辰也,A1,30.61,6,,4.5253,0.8,90,34,0.1828,3.9528,,,0,低,94,0,-,3 1541,0,67.1,1.1858,0,0,0,0.04,0,0.019,0.0476,0.2071,,,D,△,,0.2472,0.6225,,0.5064,S,97,0,◎1着固定 2-3着流し（5〜8点）,0.5777,"{'is_target': True, 'verdict': '点数絞り', 'max_combo_prob': 0.1111, 'est_top_odds': 12.0, 'circle_concentration': 87.1, 'eligible_count': 6, 'bet_adj': 0, 'reason': 'rel_win1=62.6%（本命度） / 最有力組み合わせ確率: 0.111（推定実オッズ?12倍） / 2着集中度: 上位2艇 87.1%（補正+0.04） / 総合判定確率: 0.151 / → ヒモはやや固め。上位2艇以外を切ること', 'tenji_trigger': '展示確認: 1号艇伸び良→そのまま採用。悪→飛び組に差し替え。circle_pct上位2艇に絞り込むこと。'}",,,30.3,逃げ狙い,11.85,39.9,2,,,,,,,,,,,
2026-01-13,丸亀,6,1,大野芳顕,A2,35.44,1,◎,62.12,,0,92.5,0.1462,2.484,,,0,低,139,0,逃1%,142234,0,71.6,1.0121,0.55,,,,,0.09,0.11,0.14,◎,,B,△,,,0.6345,,0.6147,S,90,0,◎1着固定 2-3着流し（5〜8点）,0.5777,"{'is_target': True, 'verdict': '参加推奨', 'max_combo_prob': 0.0782, 'est_top_odds': 17.1, 'circle_concentration': 68.8, 'eligible_count': 6, 'bet_adj': 2, 'reason': 'rel_win1=62.1%（本命度） / 最有力組み合わせ確率: 0.078（推定実オッズ?17倍） / 2着集中度: 上位2艇 68.8%（補正+0.00） / 総合判定確率: 0.078 / → ヒモ分散。1号艇1着固定で広めのヒモ流し推奨（買い目+2点）', 'tenji_trigger': '展示確認: ヒモ分散レース。1号艇伸び確認後、広めのヒモ流しを採用。穴ヒモ（5・6号艇）を積極的に含める。'}",,,26.4,逃げ狙い,12.28,28.3,2,,,,,0,0,0.7559,0,,逃げ軸流し,A
2026-01-13,丸亀,6,2,奥田　誠,B1,25.58,2,,12.5634,39,99,54.7,0.1869,3.9133,,,0,低,163,0,ま1%,231 26,0,60.2,0.6674,0,0.0588,0.0882,0,0.0294,0.1771,0.0571,0.139,,,D,△,,0.0795,0.6205,,0.6147,S,90,0,◎1着固定 2-3着流し（5〜8点）,0.5777,"{'is_target': True, 'verdict': '参加推奨', 'max_combo_prob': 0.0782, 'est_top_odds': 17.1, 'circle_concentration': 68.8, 'eligible_count': 6, 'bet_adj': 2, 'reason': 'rel_win1=62.1%（本命度） / 最有力組み合わせ確率: 0.078（推定実オッズ?17倍） / 2着集中度: 上位2艇 68.8%（補正+0.00） / 総合判定確率: 0.078 / → ヒモ分散。1号艇1着固定で広めのヒモ流し推奨（買い目+2点）', 'tenji_trigger': '展示確認: ヒモ分散レース。1号艇伸び確認後、広めのヒモ流しを採用。穴ヒモ（5・6号艇）を積極的に含める。'}",,,26.4,逃げ狙い,12.28,28.3,2,,,,,,,,,,,
2026-01-13,丸亀,6,3,柳瀬興志,B1,40.74,3,○,11.4483,29.8,94,53.2,0.1623,3.5065,,,0,低,162,0,-,12465,0,18.9,0.5696,0,0,0,0.0303,0,0.1635,0.2714,0.1635,,,A,◎,,0.2155,0.656,,0.6147,S,90,0,◎1着固定 2-3着流し（5〜8点）,0.5777,"{'is_target': True, 'verdict': '参加推奨', 'max_combo_prob': 0.0782, 'est_top_odds': 17.1, 'circle_concentration': 68.8, 'eligible_count': 6, 'bet_adj': 2, 'reason': 'rel_win1=62.1%（本命度） / 最有力組み合わせ確率: 0.078（推定実オッズ?17倍） / 2着集中度: 上位2艇 68.8%（補正+0.00） / 総合判定確率: 0.078 / → ヒモ分散。1号艇1着固定で広めのヒモ流し推奨（買い目+2点）', 'tenji_trigger': '展示確認: ヒモ分散レース。1号艇伸び確認後、広めのヒモ流しを採用。穴ヒモ（5・6号艇）を積極的に含める。'}",,,26.4,逃げ狙い,12.28,28.3,2,,,,,,,,,,,
2026-01-13,丸亀,6,4,木村紗友,B1,29.49,4,△,3.4929,9.4,100,25.8,0.1735,3.1129,,,0,低,68,0,-,5 6615,0,25.4,0.5968,,,,,,0.0909,0.1818,0.0909,,,C,,,0.2242,0.5685,,0.6147,S,90,0,◎1着固定 2-3着流し（5〜8点）,0.5777,"{'is_target': True, 'verdict': '参加推奨', 'max_combo_prob': 0.0782, 'est_top_odds': 17.1, 'circle_concentration': 68.8, 'eligible_count': 6, 'bet_adj': 2, 'reason': 'rel_win1=62.1%（本命度） / 最有力組み合わせ確率: 0.078（推定実オッズ?17倍） / 2着集中度: 上位2艇 68.8%（補正+0.00） / 総合判定確率: 0.078 / → ヒモ分散。1号艇1着固定で広めのヒモ流し推奨（買い目+2点）', 'tenji_trigger': '展示確認: ヒモ分散レース。1号艇伸び確認後、広めのヒモ流しを採用。穴ヒモ（5・6号艇）を積極的に含める。'}",,,26.4,逃げ狙い,12.28,28.3,2,,,,,,,,,,,
2026-01-13,丸亀,6,5,鈴木智啓,A2,30.00,5,▲,5.4373,15.9,63,39.3,0.1709,3.6429,,,0,低,123,0,差ま0%,4 3526,0,24.2,1.1602,0,0,0,0.0714,0,0.1849,0.1741,0.0432,,,C,○,,0.2258,0.6485,,0.6147,S,90,0,◎1着固定 2-3着流し（5〜8点）,0.5777,"{'is_target': True, 'verdict': '参加推奨', 'max_combo_prob': 0.0782, 'est_top_odds': 17.1, 'circle_concentration': 68.8, 'eligible_count': 6, 'bet_adj': 2, 'reason': 'rel_win1=62.1%（本命度） / 最有力組み合わせ確率: 0.078（推定実オッズ?17倍） / 2着集中度: 上位2艇 68.8%（補正+0.00） / 総合判定確率: 0.078 / → ヒモ分散。1号艇1着固定で広めのヒモ流し推奨（買い目+2点）', 'tenji_trigger': '展示確認: ヒモ分散レース。1号艇伸び確認後、広めのヒモ流しを採用。穴ヒモ（5・6号艇）を積極的に含める。'}",,,26.4,逃げ狙い,12.28,28.3,2,,,,,,,,,,,
2026-01-13,丸亀,6,6,中村泰平,A1,21.79,6,,4.9381,5.9,53,44.4,0.1667,3.8889,,,0,低,80,0,ま0%,13314,0,92.9,1.8544,0,0,0.0714,0,0,0.1864,0.0182,0.0364,,,E,,,0.2469,0.6085,,0.6147,S,90,0,◎1着固定 2-3着流し（5〜8点）,0.5777,"{'is_target': True, 'verdict': '参加推奨', 'max_combo_prob': 0.0782, 'est_top_odds': 17.1, 'circle_concentration': 68.8, 'eligible_count': 6, 'bet_adj': 2, 'reason': 'rel_win1=62.1%（本命度） / 最有力組み合わせ確率: 0.078（推定実オッズ?17倍） / 2着集中度: 上位2艇 68.8%（補正+0.00） / 総合判定確率: 0.078 / → ヒモ分散。1号艇1着固定で広めのヒモ流し推奨（買い目+2点）', 'tenji_trigger': '展示確認: ヒモ分散レース。1号艇伸び確認後、広めのヒモ流しを採用。穴ヒモ（5・6号艇）を積極的に含める。'}",,,26.4,逃げ狙い,12.28,28.3,2,,,,,,,,,,,
2026-01-13,丸亀,7,1,河野　大,A2,39.76,1,◎,62.7902,,0,91.5,0.1356,2.5366,,,0,低,88,0,逃1%,21331,0,90.2,1.1872,0.6905,,,,,0.1143,0.0381,0.0286,◎,,B,○,,,0.6455,,0.6696,S,100,0,◎1着固定 2-3着流し（5〜8点）,0.5777,"{'is_target': True, 'verdict': '参加推奨', 'max_combo_prob': 0.0641, 'est_top_odds': 20.8, 'circle_concentration': 62.6, 'eligible_count': 6, 'bet_adj': 2, 'reason': 'rel_win1=62.8%（本命度） / 最有力組み合わせ確率: 0.064（推定実オッズ?21倍） / 2着集中度: 上位2艇 62.6%（補正+0.00） / 総合判定確率: 0.064 / → ヒモ分散。1号艇1着固定で広めのヒモ流し推奨（買い目+2点）', 'tenji_trigger': '展示確認: ヒモ分散レース。1号艇伸び確認後、広めのヒモ流しを採用。穴ヒモ（5・6号艇）を積極的に含める。\n展示で1号艇スタート超安定(0.136秒)→ヒモ固まり方向に注意'}",,,26.1,逃げ狙い,13.93,26.1,4,,,,,0,0,0.7559,0,,逃げ軸流し,A
2026-01-13,丸亀,7,2,大森　翼,B1,28.92,2,,6.5831,37.5,98,43.2,0.1859,4.2159,,,0,低,127,0,差0%,455 63,0,87.8,0.7355,0,0.04,0,0,0,0.025,0.35,0.3,,,C,,,0.0746,0.58,,0.6696,S,100,0,◎1着固定 2-3着流し（5〜8点）,0.5777,"{'is_target': True, 'verdict': '参加推奨', 'max_combo_prob': 0.0641, 'est_top_odds': 20.8, 'circle_concentration': 62.6, 'eligible_count': 6, 'bet_adj': 2, 'reason': 'rel_win1=62.8%（本命度） / 最有力組み合わせ確率: 0.064（推定実オッズ?21倍） / 2着集中度: 上位2艇 62.6%（補正+0.00） / 総合判定確率: 0.064 / → ヒモ分散。1号艇1着固定で広めのヒモ流し推奨（買い目+2点）', 'tenji_trigger': '展示確認: ヒモ分散レース。1号艇伸び確認後、広めのヒモ流しを採用。穴ヒモ（5・6号艇）を積極的に含める。\n展示で1号艇スタート超安定(0.136秒)→ヒモ固まり方向に注意'}",,,26.1,逃げ狙い,13.93,26.1,4,,,,,,,,,,,
2026-01-13,丸亀,7,3,牧原　崇,B1,20.59,3,,8.6255,25.2,82,50,0.1665,3.5676,,,0,低,174,0,ま0%,5 145,0,40,0.9804,0,0,0.0323,0.129,0,0.0258,0.2016,0.2274,,,E,◎,,0.1649,0.6775,,0.6696,S,100,0,◎1着固定 2-3着流し（5〜8点）,0.5777,"{'is_target': True, 'verdict': '参加推奨', 'max_combo_prob': 0.0641, 'est_top_odds': 20.8, 'circle_concentration': 62.6, 'eligible_count': 6, 'bet_adj': 2, 'reason': 'rel_win1=62.8%（本命度） / 最有力組み合わせ確率: 0.064（推定実オッズ?21倍） / 2着集中度: 上位2艇 62.6%（補正+0.00） / 総合判定確率: 0.064 / → ヒモ分散。1号艇1着固定で広めのヒモ流し推奨（買い目+2点）', 'tenji_trigger': '展示確認: ヒモ分散レース。1号艇伸び確認後、広めのヒモ流しを採用。穴ヒモ（5・6号艇）を積極的に含める。\n展示で1号艇スタート超安定(0.136秒)→ヒモ固まり方向に注意'}",,,26.1,逃げ狙い,13.93,26.1,4,,,,,,,,,,,
2026-01-13,丸亀,7,4,水谷理人,A2,20.63,4,△,12.9445,22.7,94,55,0.169,3.075,,,0,低,64,0,-,62353,0,43.5,0.9213,0,0,0.1,0,0.05,0.0533,0.28,0.0267,,,D,,○,0.1784,0.569,0.254,0.6696,S,100,0,◎1着固定 2-3着流し（5〜8点）,0.5777,"{'is_target': True, 'verdict': '参加推奨', 'max_combo_prob': 0.0641, 'est_top_odds': 20.8, 'circle_concentration': 62.6, 'eligible_count': 6, 'bet_adj': 2, 'reason': 'rel_win1=62.8%（本命度） / 最有力組み合わせ確率: 0.064（推定実オッズ?21倍） / 2着集中度: 上位2艇 62.6%（補正+0.00） / 総合判定確率: 0.064 / → ヒモ分散。1号艇1着固定で広めのヒモ流し推奨（買い目+2点）', 'tenji_trigger': '展示確認: ヒモ分散レース。1号艇伸び確認後、広めのヒモ流しを採用。穴ヒモ（5・6号艇）を積極的に含める。\n展示で1号艇スタート超安定(0.136秒)→ヒモ固まり方向に注意'}",,,26.1,逃げ狙い,13.93,26.1,4,,,,,,,,,,,
2026-01-13,丸亀,7,5,松瀬弘美,B1,29.55,5,▲,2.3057,4.3,91,22.9,0.1849,3.9714,,,0,低,82,0,-,4 2466,0,28.5,0.6786,,,,,,0.5818,0.2364,0.0364,,,C,△,,0.1598,0.5835,,0.6696,S,100,0,◎1着固定 2-3着流し（5〜8点）,0.5777,"{'is_target': True, 'verdict': '参加推奨', 'max_combo_prob': 0.0641, 'est_top_odds': 20.8, 'circle_concentration': 62.6, 'eligible_count': 6, 'bet_adj': 2, 'reason': 'rel_win1=62.8%（本命度） / 最有力組み合わせ確率: 0.064（推定実オッズ?21倍） / 2着集中度: 上位2艇 62.6%（補正+0.00） / 総合判定確率: 0.064 / → ヒモ分散。1号艇1着固定で広めのヒモ流し推奨（買い目+2点）', 'tenji_trigger': '展示確認: ヒモ分散レース。1号艇伸び確認後、広めのヒモ流しを採用。穴ヒモ（5・6号艇）を積極的に含める。\n展示で1号艇スタート超安定(0.136秒)→ヒモ固まり方向に注意'}",,,26.1,逃げ狙い,13.93,26.1,4,,,,,,,,,,,
2026-01-13,丸亀,7,6,里岡右貴,A1,41.67,6,○,6.751,10.4,100,50,0.1495,3.0152,,,0,低,75,0,-,141 22,0,26,1.7058,0,0,0.0323,0,0.0323,0.115,0.139,0.024,,,A,△,◎,0.2418,0.641,0.3415,0.6696,S,100,0,◎1着固定 2-3着流し（5〜8点）,0.5777,"{'is_target': True, 'verdict': '参加推奨', 'max_combo_prob': 0.0641, 'est_top_odds': 20.8, 'circle_concentration': 62.6, 'eligible_count': 6, 'bet_adj': 2, 'reason': 'rel_win1=62.8%（本命度） / 最有力組み合わせ確率: 0.064（推定実オッズ?21倍） / 2着集中度: 上位2艇 62.6%（補正+0.00） / 総合判定確率: 0.064 / → ヒモ分散。1号艇1着固定で広めのヒモ流し推奨（買い目+2点）', 'tenji_trigger': '展示確認: ヒモ分散レース。1号艇伸び確認後、広めのヒモ流しを採用。穴ヒモ（5・6号艇）を積極的に含める。\n展示で1号艇スタート超安定(0.136秒)→ヒモ固まり方向に注意'}",,,26.1,逃げ狙い,13.93,26.1,4,,,,,,,,,,,
2026-01-13,丸亀,8,1,大須賀友,A2,25.93,1,◎,74.2405,,0,93.9,0.1391,2.9329,,,0,低,116,0,逃1%,423134,0,86.8,1.2415,0.7419,,,,,0.0516,0.1258,0.0129,◎,,C,○,,,0.599,,0.6681,S,86,0,◎1着固定 2-3着流し（5〜8点）,0.5777,"{'is_target': True, 'verdict': '点数絞り', 'max_combo_prob': 0.1423, 'est_top_odds': 9.4, 'circle_concentration': 80.9, 'eligible_count': 6, 'bet_adj': 0, 'reason': 'rel_win1=74.2%（本命度） / 最有力組み合わせ確率: 0.142（推定実オッズ?9倍） / 2着集中度: 上位2艇 80.9%（補正+0.04） / 総合判定確率: 0.182 / → ヒモはやや固め。上位2艇以外を切ること', 'tenji_trigger': '展示確認: 1号艇伸び良→そのまま採用。悪→飛び組に差し替え。circle_pct上位2艇に絞り込むこと。\n展示で1号艇スタート超安定(0.139秒)→ヒモ固まり方向に注意'}",,,26,逃げ狙い,13.08,26.7,3,,,,,0,0,0.7559,0,,逃げ軸流し,A
2026-01-13,丸亀,8,2,杉田篤光,A2,20.27,2,,9.0143,48.9,100,60,0.1877,4.4083,,,0,低,185,0,差0%,4 4564,0,52.3,0.761,0,0.1111,0,0,0,0.1358,0.0267,0.1624,,,E,△,,0.075,0.578,,0.6681,S,86,0,◎1着固定 2-3着流し（5〜8点）,0.5777,"{'is_target': True, 'verdict': '点数絞り', 'max_combo_prob': 0.1423, 'est_top_odds': 9.4, 'circle_concentration': 80.9, 'eligible_count': 6, 'bet_adj': 0, 'reason': 'rel_win1=74.2%（本命度） / 最有力組み合わせ確率: 0.142（推定実オッズ?9倍） / 2着集中度: 上位2艇 80.9%（補正+0.04） / 総合判定確率: 0.182 / → ヒモはやや固め。上位2艇以外を切ること', 'tenji_trigger': '展示確認: 1号艇伸び良→そのまま採用。悪→飛び組に差し替え。circle_pct上位2艇に絞り込むこと。\n展示で1号艇スタート超安定(0.139秒)→ヒモ固まり方向に注意'}",,,26,逃げ狙い,13.08,26.7,3,,,,,,,,,,,
2026-01-13,丸亀,8,3,宇野博之,B1,21.92,3,△,8.7451,32.1,64,48,0.1617,3.0867,,,0,低,135,0,ま0%,523 14,0,36.8,0.9069,0,0,0.04,0,0,0.2398,0.297,0.1307,,,D,◎,,0.1682,0.606,,0.6681,S,86,0,◎1着固定 2-3着流し（5〜8点）,0.5777,"{'is_target': True, 'verdict': '点数絞り', 'max_combo_prob': 0.1423, 'est_top_odds': 9.4, 'circle_concentration': 80.9, 'eligible_count': 6, 'bet_adj': 0, 'reason': 'rel_win1=74.2%（本命度） / 最有力組み合わせ確率: 0.142（推定実オッズ?9倍） / 2着集中度: 上位2艇 80.9%（補正+0.04） / 総合判定確率: 0.182 / → ヒモはやや固め。上位2艇以外を切ること', 'tenji_trigger': '展示確認: 1号艇伸び良→そのまま採用。悪→飛び組に差し替え。circle_pct上位2艇に絞り込むこと。\n展示で1号艇スタート超安定(0.139秒)→ヒモ固まり方向に注意'}",,,26,逃げ狙い,13.08,26.7,3,,,,,,,,,,,
2026-01-13,丸亀,8,4,土屋実沙,A2,32.91,4,○,4.919,10.7,71,31.2,0.2081,4.0625,,,0,低,73,0,-,5 6645,0,18.7,0.6666,,,,,,0.0444,0.3333,0,,,B,△,,0.1386,0.5505,,0.6681,S,86,0,◎1着固定 2-3着流し（5〜8点）,0.5777,"{'is_target': True, 'verdict': '点数絞り', 'max_combo_prob': 0.1423, 'est_top_odds': 9.4, 'circle_concentration': 80.9, 'eligible_count': 6, 'bet_adj': 0, 'reason': 'rel_win1=74.2%（本命度） / 最有力組み合わせ確率: 0.142（推定実オッズ?9倍） / 2着集中度: 上位2艇 80.9%（補正+0.04） / 総合判定確率: 0.182 / → ヒモはやや固め。上位2艇以外を切ること', 'tenji_trigger': '展示確認: 1号艇伸び良→そのまま採用。悪→飛び組に差し替え。circle_pct上位2艇に絞り込むこと。\n展示で1号艇スタート超安定(0.139秒)→ヒモ固まり方向に注意'}",,,26,逃げ狙い,13.08,26.7,3,,,,,,,,,,,
2026-01-13,丸亀,8,5,田上　凜,B1,31.71,5,▲,1.9721,5.6,29,15.1,0.2057,4.3962,,,0,低,114,0,-,3 1565,0,26.6,1.2157,,,,,,0,0.6667,0,,,B,,,0.135,0.504,,0.6681,S,86,0,◎1着固定 2-3着流し（5〜8点）,0.5777,"{'is_target': True, 'verdict': '点数絞り', 'max_combo_prob': 0.1423, 'est_top_odds': 9.4, 'circle_concentration': 80.9, 'eligible_count': 6, 'bet_adj': 0, 'reason': 'rel_win1=74.2%（本命度） / 最有力組み合わせ確率: 0.142（推定実オッズ?9倍） / 2着集中度: 上位2艇 80.9%（補正+0.04） / 総合判定確率: 0.182 / → ヒモはやや固め。上位2艇以外を切ること', 'tenji_trigger': '展示確認: 1号艇伸び良→そのまま採用。悪→飛び組に差し替え。circle_pct上位2艇に絞り込むこと。\n展示で1号艇スタート超安定(0.139秒)→ヒモ固まり方向に注意'}",,,26,逃げ狙い,13.08,26.7,3,,,,,,,,,,,
2026-01-13,丸亀,8,6,中岡　駿,B2,28.95,6,,1.1092,2.8,17,6.2,0.2055,4.3615,,,0,低,40,0,-,666 36,0,98,2.1456,,,,,,,,,,,C,,,0.135,0.482,,0.6681,S,86,0,◎1着固定 2-3着流し（5〜8点）,0.5777,"{'is_target': True, 'verdict': '点数絞り', 'max_combo_prob': 0.1423, 'est_top_odds': 9.4, 'circle_concentration': 80.9, 'eligible_count': 6, 'bet_adj': 0, 'reason': 'rel_win1=74.2%（本命度） / 最有力組み合わせ確率: 0.142（推定実オッズ?9倍） / 2着集中度: 上位2艇 80.9%（補正+0.04） / 総合判定確率: 0.182 / → ヒモはやや固め。上位2艇以外を切ること', 'tenji_trigger': '展示確認: 1号艇伸び良→そのまま採用。悪→飛び組に差し替え。circle_pct上位2艇に絞り込むこと。\n展示で1号艇スタート超安定(0.139秒)→ヒモ固まり方向に注意'}",,,26,逃げ狙い,13.08,26.7,3,,,,,,,,,,,
2026-01-13,丸亀,9,1,浜先真範,A1,32.93,1,◎,59.5597,,0,90.9,0.1309,2.4156,,,0,低,66,0,逃1%,22132,0,70.2,0.9897,0.8,,,,,0.01,0.02,0.02,◎,,B,○,,,0.647,,0.6281,S,86,0,◎1着固定 2-3着流し（5〜8点）,0.5777,"{'is_target': True, 'verdict': '参加推奨', 'max_combo_prob': 0.1031, 'est_top_odds': 12.9, 'circle_concentration': 69.6, 'eligible_count': 6, 'bet_adj': 2, 'reason': 'rel_win1=59.6%（本命度） / 最有力組み合わせ確率: 0.103（推定実オッズ?13倍） / 2着集中度: 上位2艇 69.6%（補正+0.00） / 総合判定確率: 0.103 / → ヒモ分散。1号艇1着固定で広めのヒモ流し推奨（買い目+2点）', 'tenji_trigger': '展示確認: ヒモ分散レース。1号艇伸び確認後、広めのヒモ流しを採用。穴ヒモ（5・6号艇）を積極的に含める。\n展示で1号艇スタート超安定(0.131秒)→ヒモ固まり方向に注意'}",,,27.2,逃げ狙い,21.85,22.4,2,,,,,0,0,0.7559,0,,逃げ軸流し,A
2026-01-13,丸亀,9,2,上野真之,A1,27.03,2,○,17.7171,51.6,67,84,0.1304,2.74,,,0,低,15,0,差0% ま0% 抜0%,416 21,0,76.8,1.3741,0,0.1,0.2,0,0.1,0,0,0.1333,,◎,D,◎,,0.3402,0.812,,0.6281,S,86,0,◎1着固定 2-3着流し（5〜8点）,0.5777,"{'is_target': True, 'verdict': '参加推奨', 'max_combo_prob': 0.1031, 'est_top_odds': 12.9, 'circle_concentration': 69.6, 'eligible_count': 6, 'bet_adj': 2, 'reason': 'rel_win1=59.6%（本命度） / 最有力組み合わせ確率: 0.103（推定実オッズ?13倍） / 2着集中度: 上位2艇 69.6%（補正+0.00） / 総合判定確率: 0.103 / → ヒモ分散。1号艇1着固定で広めのヒモ流し推奨（買い目+2点）', 'tenji_trigger': '展示確認: ヒモ分散レース。1号艇伸び確認後、広めのヒモ流しを採用。穴ヒモ（5・6号艇）を積極的に含める。\n展示で1号艇スタート超安定(0.131秒)→ヒモ固まり方向に注意'}",,,27.2,逃げ狙い,21.85,22.4,2,,,,,,,,,,,
2026-01-13,丸亀,9,3,川上　剛,A2,27.17,3,△,11.4748,18,100,62.8,0.1727,3.4295,,,0,低,143,0,-,312 62,0,75.5,1.5333,0,0.1429,0.1071,0.0357,0,0,0.2346,0.0211,,,C,△,,0.1333,0.632,,0.6281,S,86,0,◎1着固定 2-3着流し（5〜8点）,0.5777,"{'is_target': True, 'verdict': '参加推奨', 'max_combo_prob': 0.1031, 'est_top_odds': 12.9, 'circle_concentration': 69.6, 'eligible_count': 6, 'bet_adj': 2, 'reason': 'rel_win1=59.6%（本命度） / 最有力組み合わせ確率: 0.103（推定実オッズ?13倍） / 2着集中度: 上位2艇 69.6%（補正+0.00） / 総合判定確率: 0.103 / → ヒモ分散。1号艇1着固定で広めのヒモ流し推奨（買い目+2点）', 'tenji_trigger': '展示確認: ヒモ分散レース。1号艇伸び確認後、広めのヒモ流しを採用。穴ヒモ（5・6号艇）を積極的に含める。\n展示で1号艇スタート超安定(0.131秒)→ヒモ固まり方向に注意'}",,,27.2,逃げ狙い,21.85,22.4,2,,,,,,,,,,,
2026-01-13,丸亀,9,4,福田　理,B1,25.00,4,,5.9795,13.1,69,39,0.1454,2.9576,,,0,低,126,0,-,3 251,0,37.2,1.1504,0,0,0.0345,0.0345,0,0.1446,0.4967,0.1446,,,E,,◎,0.2268,0.594,0.297,0.6281,S,86,0,◎1着固定 2-3着流し（5〜8点）,0.5777,"{'is_target': True, 'verdict': '参加推奨', 'max_combo_prob': 0.1031, 'est_top_odds': 12.9, 'circle_concentration': 69.6, 'eligible_count': 6, 'bet_adj': 2, 'reason': 'rel_win1=59.6%（本命度） / 最有力組み合わせ確率: 0.103（推定実オッズ?13倍） / 2着集中度: 上位2艇 69.6%（補正+0.00） / 総合判定確率: 0.103 / → ヒモ分散。1号艇1着固定で広めのヒモ流し推奨（買い目+2点）', 'tenji_trigger': '展示確認: ヒモ分散レース。1号艇伸び確認後、広めのヒモ流しを採用。穴ヒモ（5・6号艇）を積極的に含める。\n展示で1号艇スタート超安定(0.131秒)→ヒモ固まり方向に注意'}",,,27.2,逃げ狙い,21.85,22.4,2,,,,,,,,,,,
2026-01-13,丸亀,9,5,亀本勇樹,B1,25.68,5,,3.037,11.3,63,47.1,0.1459,3.5882,,,0,低,75,0,-,3 433,0,84.3,1.3986,,,,,,0.2083,0.05,0.125,,,D,,,0.2656,0.5815,,0.6281,S,86,0,◎1着固定 2-3着流し（5〜8点）,0.5777,"{'is_target': True, 'verdict': '参加推奨', 'max_combo_prob': 0.1031, 'est_top_odds': 12.9, 'circle_concentration': 69.6, 'eligible_count': 6, 'bet_adj': 2, 'reason': 'rel_win1=59.6%（本命度） / 最有力組み合わせ確率: 0.103（推定実オッズ?13倍） / 2着集中度: 上位2艇 69.6%（補正+0.00） / 総合判定確率: 0.103 / → ヒモ分散。1号艇1着固定で広めのヒモ流し推奨（買い目+2点）', 'tenji_trigger': '展示確認: ヒモ分散レース。1号艇伸び確認後、広めのヒモ流しを採用。穴ヒモ（5・6号艇）を積極的に含める。\n展示で1号艇スタート超安定(0.131秒)→ヒモ固まり方向に注意'}",,,27.2,逃げ狙い,21.85,22.4,2,,,,,,,,,,,
2026-01-13,丸亀,9,6,出畑孝典,A2,37.65,6,▲,2.2318,6,66,36.8,0.176,4.193,,,0,低,124,0,-,165421,0,77.1,1.4631,,,,,,0.4352,0.1165,0.1319,,,B,△,,0.1665,0.629,,0.6281,S,86,0,◎1着固定 2-3着流し（5〜8点）,0.5777,"{'is_target': True, 'verdict': '参加推奨', 'max_combo_prob': 0.1031, 'est_top_odds': 12.9, 'circle_concentration': 69.6, 'eligible_count': 6, 'bet_adj': 2, 'reason': 'rel_win1=59.6%（本命度） / 最有力組み合わせ確率: 0.103（推定実オッズ?13倍） / 2着集中度: 上位2艇 69.6%（補正+0.00） / 総合判定確率: 0.103 / → ヒモ分散。1号艇1着固定で広めのヒモ流し推奨（買い目+2点）', 'tenji_trigger': '展示確認: ヒモ分散レース。1号艇伸び確認後、広めのヒモ流しを採用。穴ヒモ（5・6号艇）を積極的に含める。\n展示で1号艇スタート超安定(0.131秒)→ヒモ固まり方向に注意'}",,,27.2,逃げ狙い,21.85,22.4,2,,,,,,,,,,,
2026-01-13,丸亀,10,1,中村泰平,A1,21.79,1,◎,58.6056,,0,92.2,0.1551,2.7647,,,0,低,80,0,逃1%,13314,0,80.3,0.9979,0.6818,,,,,0.1864,0.0182,0.0364,◎,,E,,,,0.6085,,0.5624,S,80,0,◎1着固定 2-3着流し（5〜8点）,0.5777,"{'is_target': True, 'verdict': '参加推奨', 'max_combo_prob': 0.0761, 'est_top_odds': 17.5, 'circle_concentration': 65.2, 'eligible_count': 6, 'bet_adj': 2, 'reason': 'rel_win1=58.6%（本命度） / 最有力組み合わせ確率: 0.076（推定実オッズ?18倍） / 2着集中度: 上位2艇 65.2%（補正+0.00） / 総合判定確率: 0.076 / → ヒモ分散。1号艇1着固定で広めのヒモ流し推奨（買い目+2点）', 'tenji_trigger': '展示確認: ヒモ分散レース。1号艇伸び確認後、広めのヒモ流しを採用。穴ヒモ（5・6号艇）を積極的に含める。'}",,,28.1,逃げ狙い,17.32,29.1,2,,,,,0,0,0.7559,0,,逃げ軸流し,A
2026-01-13,丸亀,10,2,河野　大,A2,39.76,2,○,13.7943,38.3,91,67.9,0.1623,3.5094,,,0,低,88,0,差0% 抜0%,21331,0,74.1,1.1047,0,0.069,0,0,0.1034,0.1143,0.0381,0.0286,,,A,△,,0.2426,0.6455,,0.5624,S,80,0,◎1着固定 2-3着流し（5〜8点）,0.5777,"{'is_target': True, 'verdict': '参加推奨', 'max_combo_prob': 0.0761, 'est_top_odds': 17.5, 'circle_concentration': 65.2, 'eligible_count': 6, 'bet_adj': 2, 'reason': 'rel_win1=58.6%（本命度） / 最有力組み合わせ確率: 0.076（推定実オッズ?18倍） / 2着集中度: 上位2艇 65.2%（補正+0.00） / 総合判定確率: 0.076 / → ヒモ分散。1号艇1着固定で広めのヒモ流し推奨（買い目+2点）', 'tenji_trigger': '展示確認: ヒモ分散レース。1号艇伸び確認後、広めのヒモ流しを採用。穴ヒモ（5・6号艇）を積極的に含める。'}",,,28.1,逃げ狙い,17.32,29.1,2,,,,,,,,,,,
2026-01-13,丸亀,10,3,大野芳顕,A2,35.44,3,▲,11.7772,26.9,62,57.8,0.1508,2.7958,,,0,低,139,0,-,142234,0,22.6,0.7125,0,0,0,0.0323,0,0.09,0.11,0.14,,,B,△,,0.303,0.6345,,0.5624,S,80,0,◎1着固定 2-3着流し（5〜8点）,0.5777,"{'is_target': True, 'verdict': '参加推奨', 'max_combo_prob': 0.0761, 'est_top_odds': 17.5, 'circle_concentration': 65.2, 'eligible_count': 6, 'bet_adj': 2, 'reason': 'rel_win1=58.6%（本命度） / 最有力組み合わせ確率: 0.076（推定実オッズ?18倍） / 2着集中度: 上位2艇 65.2%（補正+0.00） / 総合判定確率: 0.076 / → ヒモ分散。1号艇1着固定で広めのヒモ流し推奨（買い目+2点）', 'tenji_trigger': '展示確認: ヒモ分散レース。1号艇伸び確認後、広めのヒモ流しを採用。穴ヒモ（5・6号艇）を積極的に含める。'}",,,28.1,逃げ狙い,17.32,29.1,2,,,,,,,,,,,
2026-01-13,丸亀,10,4,長岡良也,A1,23.46,4,,8.5815,15.3,100,63.5,0.1625,3.6984,,,0,低,104,0,-,253 13,0,69.2,1.1955,0,0.037,0.037,0.0741,0,0.1417,0.0972,0.1194,,,D,○,○,0.2658,0.6505,0.3605,0.5624,S,80,0,◎1着固定 2-3着流し（5〜8点）,0.5777,"{'is_target': True, 'verdict': '参加推奨', 'max_combo_prob': 0.0761, 'est_top_odds': 17.5, 'circle_concentration': 65.2, 'eligible_count': 6, 'bet_adj': 2, 'reason': 'rel_win1=58.6%（本命度） / 最有力組み合わせ確率: 0.076（推定実オッズ?18倍） / 2着集中度: 上位2艇 65.2%（補正+0.00） / 総合判定確率: 0.076 / → ヒモ分散。1号艇1着固定で広めのヒモ流し推奨（買い目+2点）', 'tenji_trigger': '展示確認: ヒモ分散レース。1号艇伸び確認後、広めのヒモ流しを採用。穴ヒモ（5・6号艇）を積極的に含める。'}",,,28.1,逃げ狙い,17.32,29.1,2,,,,,,,,,,,
2026-01-13,丸亀,10,5,伊藤啓三,B1,34.44,5,△,6.2668,15.3,52,47.6,0.1289,2.6984,,,0,低,78,0,差ま0%,2 421,0,83.2,1.3571,0,0,0,0.05,0,0.2727,0.3455,0.0364,,,C,◎,◎,0.3683,0.6695,0.4202,0.5624,S,80,0,◎1着固定 2-3着流し（5〜8点）,0.5777,"{'is_target': True, 'verdict': '参加推奨', 'max_combo_prob': 0.0761, 'est_top_odds': 17.5, 'circle_concentration': 65.2, 'eligible_count': 6, 'bet_adj': 2, 'reason': 'rel_win1=58.6%（本命度） / 最有力組み合わせ確率: 0.076（推定実オッズ?18倍） / 2着集中度: 上位2艇 65.2%（補正+0.00） / 総合判定確率: 0.076 / → ヒモ分散。1号艇1着固定で広めのヒモ流し推奨（買い目+2点）', 'tenji_trigger': '展示確認: ヒモ分散レース。1号艇伸び確認後、広めのヒモ流しを採用。穴ヒモ（5・6号艇）を積極的に含める。'}",,,28.1,逃げ狙い,17.32,29.1,2,,,,,,,,,,,
2026-01-13,丸亀,10,6,天野晶夫,B1,30.23,6,,0.9746,4.2,81,37.8,0.2129,4.9556,,,0,低,109,0,-,432 53,0,58.4,1.4828,,,,,,0.448,0.112,0.048,,,D,,,0.1384,0.615,,0.5624,S,80,0,◎1着固定 2-3着流し（5〜8点）,0.5777,"{'is_target': True, 'verdict': '参加推奨', 'max_combo_prob': 0.0761, 'est_top_odds': 17.5, 'circle_concentration': 65.2, 'eligible_count': 6, 'bet_adj': 2, 'reason': 'rel_win1=58.6%（本命度） / 最有力組み合わせ確率: 0.076（推定実オッズ?18倍） / 2着集中度: 上位2艇 65.2%（補正+0.00） / 総合判定確率: 0.076 / → ヒモ分散。1号艇1着固定で広めのヒモ流し推奨（買い目+2点）', 'tenji_trigger': '展示確認: ヒモ分散レース。1号艇伸び確認後、広めのヒモ流しを採用。穴ヒモ（5・6号艇）を積極的に含める。'}",,,28.1,逃げ狙い,17.32,29.1,2,,,,,,,,,,,
2026-01-13,丸亀,11,1,里岡右貴,A1,41.67,1,◎,54.771,,0,91.4,0.1366,2.5,,,0,低,75,0,逃1%,141 22,0,88.4,1.1415,0.64,,,,,0.115,0.139,0.024,◎,,A,○,,,0.641,,0.5998,A,74,0,◎-○軸 3着3〜4艇流し（10〜15点）,0.5777,"{'is_target': True, 'verdict': '参加推奨', 'max_combo_prob': 0.0645, 'est_top_odds': 20.7, 'circle_concentration': 73.2, 'eligible_count': 8, 'bet_adj': 2, 'reason': 'rel_win1=54.8%（本命度） / 最有力組み合わせ確率: 0.064（推定実オッズ?21倍） / 2着集中度: 上位2艇 73.2%（補正+0.04） / 総合判定確率: 0.104 / → ヒモ分散。1号艇1着固定で広めのヒモ流し推奨（買い目+2点）', 'tenji_trigger': '展示確認: ヒモ分散レース。1号艇伸び確認後、広めのヒモ流しを採用。穴ヒモ（5・6号艇）を積極的に含める。\n展示で1号艇スタート超安定(0.137秒)→ヒモ固まり方向に注意'}",,,29.5,逃げ狙い,22.78,28.3,2,,,,,0,0,0.7559,0,,逃げ軸流し,A
2026-01-13,丸亀,11,2,竹田辰也,A1,30.61,2,○,22.1932,39.9,100,79.2,0.139,2.7812,,,0,低,94,0,差1%,3 1541,0,37.6,0.8005,0,0.1852,0.1111,0,0.037,0.019,0.0476,0.2071,,◎,C,△,,0.3341,0.6225,,0.5998,A,74,0,◎-○軸 3着3〜4艇流し（10〜15点）,0.5777,"{'is_target': True, 'verdict': '参加推奨', 'max_combo_prob': 0.0645, 'est_top_odds': 20.7, 'circle_concentration': 73.2, 'eligible_count': 8, 'bet_adj': 2, 'reason': 'rel_win1=54.8%（本命度） / 最有力組み合わせ確率: 0.064（推定実オッズ?21倍） / 2着集中度: 上位2艇 73.2%（補正+0.04） / 総合判定確率: 0.104 / → ヒモ分散。1号艇1着固定で広めのヒモ流し推奨（買い目+2点）', 'tenji_trigger': '展示確認: ヒモ分散レース。1号艇伸び確認後、広めのヒモ流しを採用。穴ヒモ（5・6号艇）を積極的に含める。\n展示で1号艇スタート超安定(0.137秒)→ヒモ固まり方向に注意'}",,,29.5,逃げ狙い,22.78,28.3,2,,,,,,,,,,,
2026-01-13,丸亀,11,3,大須賀友,A2,25.93,3,△,9.0963,33.3,80,81.4,0.1724,3.2288,,,0,低,116,0,-,423134,0,67.3,1.3877,0,0,0.12,0.08,0,0.0516,0.1258,0.0129,,,D,,,0.1486,0.599,,0.5998,A,74,0,◎-○軸 3着3〜4艇流し（10〜15点）,0.5777,"{'is_target': True, 'verdict': '参加推奨', 'max_combo_prob': 0.0645, 'est_top_odds': 20.7, 'circle_concentration': 73.2, 'eligible_count': 8, 'bet_adj': 2, 'reason': 'rel_win1=54.8%（本命度） / 最有力組み合わせ確率: 0.064（推定実オッズ?21倍） / 2着集中度: 上位2艇 73.2%（補正+0.04） / 総合判定確率: 0.104 / → ヒモ分散。1号艇1着固定で広めのヒモ流し推奨（買い目+2点）', 'tenji_trigger': '展示確認: ヒモ分散レース。1号艇伸び確認後、広めのヒモ流しを採用。穴ヒモ（5・6号艇）を積極的に含める。\n展示で1号艇スタート超安定(0.137秒)→ヒモ固まり方向に注意'}",,,29.5,逃げ狙い,22.78,28.3,2,,,,,,,,,,,
2026-01-13,丸亀,11,4,山田雄太,B1,36.67,4,▲,10.6469,20.2,95,67.3,0.141,3.0288,,,0,低,64,0,差0% ま0% 抜0%,341 36,0,76.4,1.3672,0,0.0909,0.1364,0,0.0455,0.016,0.2,0.048,,,B,◎,◎,0.316,0.6615,0.4781,0.5998,A,74,0,◎-○軸 3着3〜4艇流し（10〜15点）,0.5777,"{'is_target': True, 'verdict': '参加推奨', 'max_combo_prob': 0.0645, 'est_top_odds': 20.7, 'circle_concentration': 73.2, 'eligible_count': 8, 'bet_adj': 2, 'reason': 'rel_win1=54.8%（本命度） / 最有力組み合わせ確率: 0.064（推定実オッズ?21倍） / 2着集中度: 上位2艇 73.2%（補正+0.04） / 総合判定確率: 0.104 / → ヒモ分散。1号艇1着固定で広めのヒモ流し推奨（買い目+2点）', 'tenji_trigger': '展示確認: ヒモ分散レース。1号艇伸び確認後、広めのヒモ流しを採用。穴ヒモ（5・6号艇）を積極的に含める。\n展示で1号艇スタート超安定(0.137秒)→ヒモ固まり方向に注意'}",,,29.5,逃げ狙い,22.78,28.3,2,,,,,,,,,,,
2026-01-13,丸亀,11,5,奥田　誠,B1,25.58,5,,1.9909,5.3,92,28.4,0.1858,4.1418,,,0,低,163,0,-,231 26,0,26.8,0.4324,0,0,0.0312,0,0,0.1771,0.0571,0.139,,,E,,,0.1444,0.6205,,0.5998,A,74,0,◎-○軸 3着3〜4艇流し（10〜15点）,0.5777,"{'is_target': True, 'verdict': '参加推奨', 'max_combo_prob': 0.0645, 'est_top_odds': 20.7, 'circle_concentration': 73.2, 'eligible_count': 8, 'bet_adj': 2, 'reason': 'rel_win1=54.8%（本命度） / 最有力組み合わせ確率: 0.064（推定実オッズ?21倍） / 2着集中度: 上位2艇 73.2%（補正+0.04） / 総合判定確率: 0.104 / → ヒモ分散。1号艇1着固定で広めのヒモ流し推奨（買い目+2点）', 'tenji_trigger': '展示確認: ヒモ分散レース。1号艇伸び確認後、広めのヒモ流しを採用。穴ヒモ（5・6号艇）を積極的に含める。\n展示で1号艇スタート超安定(0.137秒)→ヒモ固まり方向に注意'}",,,29.5,逃げ狙い,22.78,28.3,2,,,,,,,,,,,
2026-01-13,丸亀,11,6,佐藤　旭,B1,29.67,6,,1.3018,1.3,55,23.2,0.185,4.5179,,,0,低,162,0,-,161 52,0,34.4,0.7228,,,,,,0.0706,0.2441,0.0706,,,D,△,,0.1806,0.628,,0.5998,A,74,0,◎-○軸 3着3〜4艇流し（10〜15点）,0.5777,"{'is_target': True, 'verdict': '参加推奨', 'max_combo_prob': 0.0645, 'est_top_odds': 20.7, 'circle_concentration': 73.2, 'eligible_count': 8, 'bet_adj': 2, 'reason': 'rel_win1=54.8%（本命度） / 最有力組み合わせ確率: 0.064（推定実オッズ?21倍） / 2着集中度: 上位2艇 73.2%（補正+0.04） / 総合判定確率: 0.104 / → ヒモ分散。1号艇1着固定で広めのヒモ流し推奨（買い目+2点）', 'tenji_trigger': '展示確認: ヒモ分散レース。1号艇伸び確認後、広めのヒモ流しを採用。穴ヒモ（5・6号艇）を積極的に含める。\n展示で1号艇スタート超安定(0.137秒)→ヒモ固まり方向に注意'}",,,29.5,逃げ狙い,22.78,28.3,2,,,,,,,,,,,
2026-01-13,丸亀,12,1,鈴木智啓,A2,30.00,1,◎,64.062,,0,89.1,0.1536,3.1406,,,0,低,123,0,逃1%,4 3526,0,89.2,1.1674,0.5135,,,,,0.1849,0.1741,0.0432,◎,,B,○,,,0.6485,,0.5175,A,79,0,◎-○軸 3着3〜4艇流し（10〜15点）,0.5777,"{'is_target': True, 'verdict': '点数絞り', 'max_combo_prob': 0.0893, 'est_top_odds': 14.9, 'circle_concentration': 74.4, 'eligible_count': 8, 'bet_adj': 0, 'reason': 'rel_win1=64.1%（本命度） / 最有力組み合わせ確率: 0.089（推定実オッズ?15倍） / 2着集中度: 上位2艇 74.4%（補正+0.04） / 総合判定確率: 0.129 / → ヒモはやや固め。上位2艇以外を切ること', 'tenji_trigger': '展示確認: 1号艇伸び良→そのまま採用。悪→飛び組に差し替え。circle_pct上位2艇に絞り込むこと。'}",,,29.1,逃げ狙い,16.42,32.6,3,,,,,0,0,0.7559,0,,逃げ軸流し,A
2026-01-13,丸亀,12,2,白井友晴,B1,31.71,2,○,6.6147,40.2,85,58,0.1874,4.3406,,,0,低,164,0,-,155 14,0,89,0.7393,,,,,,0.1091,0.3491,0.0545,,,B,◎,,0.1052,0.671,,0.5175,A,79,0,◎-○軸 3着3〜4艇流し（10〜15点）,0.5777,"{'is_target': True, 'verdict': '点数絞り', 'max_combo_prob': 0.0893, 'est_top_odds': 14.9, 'circle_concentration': 74.4, 'eligible_count': 8, 'bet_adj': 0, 'reason': 'rel_win1=64.1%（本命度） / 最有力組み合わせ確率: 0.089（推定実オッズ?15倍） / 2着集中度: 上位2艇 74.4%（補正+0.04） / 総合判定確率: 0.129 / → ヒモはやや固め。上位2艇以外を切ること', 'tenji_trigger': '展示確認: 1号艇伸び良→そのまま採用。悪→飛び組に差し替え。circle_pct上位2艇に絞り込むこと。'}",,,29.1,逃げ狙い,16.42,32.6,3,,,,,,,,,,,
2026-01-13,丸亀,12,3,水谷理人,A2,20.63,3,△,13.2955,34.3,71,61.8,0.1635,3,,,0,低,64,0,-,62353,0,52.4,1.1488,0,0.05,0.1,0.1,0,0.0533,0.28,0.0267,,,D,,,0.2833,0.569,,0.5175,A,79,0,◎-○軸 3着3〜4艇流し（10〜15点）,0.5777,"{'is_target': True, 'verdict': '点数絞り', 'max_combo_prob': 0.0893, 'est_top_odds': 14.9, 'circle_concentration': 74.4, 'eligible_count': 8, 'bet_adj': 0, 'reason': 'rel_win1=64.1%（本命度） / 最有力組み合わせ確率: 0.089（推定実オッズ?15倍） / 2着集中度: 上位2艇 74.4%（補正+0.04） / 総合判定確率: 0.129 / → ヒモはやや固め。上位2艇以外を切ること', 'tenji_trigger': '展示確認: 1号艇伸び良→そのまま採用。悪→飛び組に差し替え。circle_pct上位2艇に絞り込むこと。'}",,,29.1,逃げ狙い,16.42,32.6,3,,,,,,,,,,,
2026-01-13,丸亀,12,4,杉田篤光,A2,20.27,4,,7.8441,18,100,66,0.1945,4.5849,,,0,低,185,0,差ま0%,4 4564,0,56,1.1985,0,0,0.0417,0.0417,0,0.1358,0.0267,0.1624,,,E,,○,0.1534,0.578,0.2666,0.5175,A,79,0,◎-○軸 3着3〜4艇流し（10〜15点）,0.5777,"{'is_target': True, 'verdict': '点数絞り', 'max_combo_prob': 0.0893, 'est_top_odds': 14.9, 'circle_concentration': 74.4, 'eligible_count': 8, 'bet_adj': 0, 'reason': 'rel_win1=64.1%（本命度） / 最有力組み合わせ確率: 0.089（推定実オッズ?15倍） / 2着集中度: 上位2艇 74.4%（補正+0.04） / 総合判定確率: 0.129 / → ヒモはやや固め。上位2艇以外を切ること', 'tenji_trigger': '展示確認: 1号艇伸び良→そのまま採用。悪→飛び組に差し替え。circle_pct上位2艇に絞り込むこと。'}",,,29.1,逃げ狙い,16.42,32.6,3,,,,,,,,,,,
2026-01-13,丸亀,12,5,金田大輔,B1,21.05,5,▲,7.1666,7,54,33.3,0.1482,2.8947,,,0,低,99,0,-,666 11,0,27.6,1.5774,0,0,0.0333,0.1,0,0.2,0.1,0.1,,,C,△,◎,0.3423,0.587,0.4167,0.5175,A,79,0,◎-○軸 3着3〜4艇流し（10〜15点）,0.5777,"{'is_target': True, 'verdict': '点数絞り', 'max_combo_prob': 0.0893, 'est_top_odds': 14.9, 'circle_concentration': 74.4, 'eligible_count': 8, 'bet_adj': 0, 'reason': 'rel_win1=64.1%（本命度） / 最有力組み合わせ確率: 0.089（推定実オッズ?15倍） / 2着集中度: 上位2艇 74.4%（補正+0.04） / 総合判定確率: 0.129 / → ヒモはやや固め。上位2艇以外を切ること', 'tenji_trigger': '展示確認: 1号艇伸び良→そのまま採用。悪→飛び組に差し替え。circle_pct上位2艇に絞り込むこと。'}",,,29.1,逃げ狙い,16.42,32.6,3,,,,,,,,,,,
2026-01-13,丸亀,12,6,原村拓也,B1,20.83,6,,1.0171,0.6,63,14.3,0.219,4.9082,,,0,低,159,0,-,236 35,0,27.6,0.7528,,,,,,0.3114,0.1257,0.02,,,D,△,,0.1629,0.5855,,0.5175,A,79,0,◎-○軸 3着3〜4艇流し（10〜15点）,0.5777,"{'is_target': True, 'verdict': '点数絞り', 'max_combo_prob': 0.0893, 'est_top_odds': 14.9, 'circle_concentration': 74.4, 'eligible_count': 8, 'bet_adj': 0, 'reason': 'rel_win1=64.1%（本命度） / 最有力組み合わせ確率: 0.089（推定実オッズ?15倍） / 2着集中度: 上位2艇 74.4%（補正+0.04） / 総合判定確率: 0.129 / → ヒモはやや固め。上位2艇以外を切ること', 'tenji_trigger': '展示確認: 1号艇伸び良→そのまま採用。悪→飛び組に差し替え。circle_pct上位2艇に絞り込むこと。'}",,,29.1,逃げ狙い,16.42,32.6,3,,,,,,,,,,,
2026-01-14,丸亀,1,1,宇野博之,B1,21.92,1,◎,53.6217,,0,62.5,0.1627,3.4821,,,0,低,135,0,-,523 14,0,100,2.1662,0.1905,,,,,0.2398,0.297,0.1307,○,,E,△,,,0.606,,0.3525,B,52,0,◎○△フォーメーション（15〜20点）,0.5777,"{'is_target': True, 'verdict': '点数絞り', 'max_combo_prob': 0.1098, 'est_top_odds': 12.1, 'circle_concentration': 79.2, 'eligible_count': 9, 'bet_adj': 0, 'reason': 'rel_win1=53.6%（本命度） / 最有力組み合わせ確率: 0.110（推定実オッズ?12倍） / 2着集中度: 上位2艇 79.2%（補正+0.04） / 総合判定確率: 0.150 / → ヒモはやや固め。上位2艇以外を切ること', 'tenji_trigger': '展示確認: 1号艇伸び良→そのまま採用。悪→飛び組に差し替え。circle_pct上位2艇に絞り込むこと。'}",,,30,両建て推奨,12.74,38.2,4,,,,,0,0,0.6155,0,,主役軸流し,B
2026-01-14,丸亀,1,2,角浜　修,B1,39.24,2,○,15.5314,22.9,56,36.5,0.1759,3.9257,,,0,低,134,0,-,5 445,0,100,2.0257,0,0.0909,0.0303,0,0,0.0833,0.15,0.15,,,A,△,,0.2221,0.6255,,0.3525,B,52,0,◎○△フォーメーション（15〜20点）,0.5777,"{'is_target': True, 'verdict': '点数絞り', 'max_combo_prob': 0.1098, 'est_top_odds': 12.1, 'circle_concentration': 79.2, 'eligible_count': 9, 'bet_adj': 0, 'reason': 'rel_win1=53.6%（本命度） / 最有力組み合わせ確率: 0.110（推定実オッズ?12倍） / 2着集中度: 上位2艇 79.2%（補正+0.04） / 総合判定確率: 0.150 / → ヒモはやや固め。上位2艇以外を切ること', 'tenji_trigger': '展示確認: 1号艇伸び良→そのまま採用。悪→飛び組に差し替え。circle_pct上位2艇に絞り込むこと。'}",,,30,両建て推奨,12.74,38.2,4,,,,,,,,,,,
2026-01-14,丸亀,1,3,白井友晴,B1,31.71,3,△,13.8096,56.3,46,51.6,0.18,3.7016,,,0,低,164,0,-,155 14,0,43.8,1.1367,0,0,0.0435,0,0.087,0.1091,0.3491,0.0545,,,C,◎,,0.2379,0.671,,0.3525,B,52,0,◎○△フォーメーション（15〜20点）,0.5777,"{'is_target': True, 'verdict': '点数絞り', 'max_combo_prob': 0.1098, 'est_top_odds': 12.1, 'circle_concentration': 79.2, 'eligible_count': 9, 'bet_adj': 0, 'reason': 'rel_win1=53.6%（本命度） / 最有力組み合わせ確率: 0.110（推定実オッズ?12倍） / 2着集中度: 上位2艇 79.2%（補正+0.04） / 総合判定確率: 0.150 / → ヒモはやや固め。上位2艇以外を切ること', 'tenji_trigger': '展示確認: 1号艇伸び良→そのまま採用。悪→飛び組に差し替え。circle_pct上位2艇に絞り込むこと。'}",,,30,両建て推奨,12.74,38.2,4,,,,,,,,,,,
2026-01-14,丸亀,1,4,三嶌さら,B1,37.11,4,▲,9.8626,10.6,65,24.2,0.1927,4.2424,,,0,低,82,0,差0%,,0,39,0.9715,0,0.0455,0,0,0,0,0.25,0,,,B,,,0.2114,0.576,,0.3525,B,52,0,◎○△フォーメーション（15〜20点）,0.5777,"{'is_target': True, 'verdict': '点数絞り', 'max_combo_prob': 0.1098, 'est_top_odds': 12.1, 'circle_concentration': 79.2, 'eligible_count': 9, 'bet_adj': 0, 'reason': 'rel_win1=53.6%（本命度） / 最有力組み合わせ確率: 0.110（推定実オッズ?12倍） / 2着集中度: 上位2艇 79.2%（補正+0.04） / 総合判定確率: 0.150 / → ヒモはやや固め。上位2艇以外を切ること', 'tenji_trigger': '展示確認: 1号艇伸び良→そのまま採用。悪→飛び組に差し替え。circle_pct上位2艇に絞り込むこと。'}",,,30,両建て推奨,12.74,38.2,4,,,,,,,,,,,
2026-01-14,丸亀,1,5,木村紗友,B1,29.49,5,,3.5605,4.5,54,12.1,0.1667,3.7879,,,0,低,68,0,-,5 6615,0,27.4,0.62,,,,,,0.0909,0.1818,0.0909,,,D,,,0.3456,0.5685,,0.3525,B,52,0,◎○△フォーメーション（15〜20点）,0.5777,"{'is_target': True, 'verdict': '点数絞り', 'max_combo_prob': 0.1098, 'est_top_odds': 12.1, 'circle_concentration': 79.2, 'eligible_count': 9, 'bet_adj': 0, 'reason': 'rel_win1=53.6%（本命度） / 最有力組み合わせ確率: 0.110（推定実オッズ?12倍） / 2着集中度: 上位2艇 79.2%（補正+0.04） / 総合判定確率: 0.150 / → ヒモはやや固め。上位2艇以外を切ること', 'tenji_trigger': '展示確認: 1号艇伸び良→そのまま採用。悪→飛び組に差し替え。circle_pct上位2艇に絞り込むこと。'}",,,30,両建て推奨,12.74,38.2,4,,,,,,,,,,,
2026-01-14,丸亀,1,6,小川晃司,B1,28.74,6,,3.6142,5.7,100,43.1,0.1611,3.3991,,,0,低,77,0,-,3 534,0,27.4,0.5131,0,0,0.0104,0.0104,0.0104,,,,,,D,○,◎,0.3236,0.63,0.3034,0.3525,B,52,0,◎○△フォーメーション（15〜20点）,0.5777,"{'is_target': True, 'verdict': '点数絞り', 'max_combo_prob': 0.1098, 'est_top_odds': 12.1, 'circle_concentration': 79.2, 'eligible_count': 9, 'bet_adj': 0, 'reason': 'rel_win1=53.6%（本命度） / 最有力組み合わせ確率: 0.110（推定実オッズ?12倍） / 2着集中度: 上位2艇 79.2%（補正+0.04） / 総合判定確率: 0.150 / → ヒモはやや固め。上位2艇以外を切ること', 'tenji_trigger': '展示確認: 1号艇伸び良→そのまま採用。悪→飛び組に差し替え。circle_pct上位2艇に絞り込むこと。'}",,,30,両建て推奨,12.74,38.2,4,,,,,,,,,,,
2026-01-14,丸亀,2,1,佐藤　旭,B1,29.67,1,◎,54.2976,,0,79.2,0.166,3.5189,,,0,低,162,0,逃0%,161 52,0,91.1,1.3051,0.4118,,,,,0.0706,0.2441,0.0706,○,,B,◎,,,0.628,,0.3931,A,75,0,◎-○軸 3着3〜4艇流し（10〜15点）,0.5777,"{'is_target': True, 'verdict': '点数絞り', 'max_combo_prob': 0.0815, 'est_top_odds': 16.4, 'circle_concentration': 70.6, 'eligible_count': 8, 'bet_adj': 0, 'reason': 'rel_win1=54.3%（本命度） / 最有力組み合わせ確率: 0.081（推定実オッズ?16倍） / 2着集中度: 上位2艇 70.6%（補正+0.04） / 総合判定確率: 0.121 / → ヒモはやや固め。上位2艇以外を切ること', 'tenji_trigger': '展示確認: 1号艇伸び良→そのまま採用。悪→飛び組に差し替え。circle_pct上位2艇に絞り込むこと。'}",,,28.3,逃げ狙い,15.51,31.1,5,,,,,0,0,0.6155,0,,逃げ軸流し,A
2026-01-14,丸亀,2,2,金田大輔,B1,21.05,2,,11.7606,46.1,53,40,0.1847,3.7417,,,0,低,99,0,-,666 11,0,55.7,1.2243,0,0.0667,0.0333,0,0.0333,0.2,0.1,0.1,,,D,○,,0.1364,0.587,,0.3931,A,75,0,◎-○軸 3着3〜4艇流し（10〜15点）,0.5777,"{'is_target': True, 'verdict': '点数絞り', 'max_combo_prob': 0.0815, 'est_top_odds': 16.4, 'circle_concentration': 70.6, 'eligible_count': 8, 'bet_adj': 0, 'reason': 'rel_win1=54.3%（本命度） / 最有力組み合わせ確率: 0.081（推定実オッズ?16倍） / 2着集中度: 上位2艇 70.6%（補正+0.04） / 総合判定確率: 0.121 / → ヒモはやや固め。上位2艇以外を切ること', 'tenji_trigger': '展示確認: 1号艇伸び良→そのまま採用。悪→飛び組に差し替え。circle_pct上位2艇に絞り込むこと。'}",,,28.3,逃げ狙い,15.51,31.1,5,,,,,,,,,,,
2026-01-14,丸亀,2,3,田上　凜,B1,31.71,3,○,10.1856,14.6,100,19.1,0.2057,4.1905,,,0,低,114,0,-,3 1565,0,16.6,0.6685,,,,,,0,0.6667,0,,,B,,,0.1636,0.504,,0.3931,A,75,0,◎-○軸 3着3〜4艇流し（10〜15点）,0.5777,"{'is_target': True, 'verdict': '点数絞り', 'max_combo_prob': 0.0815, 'est_top_odds': 16.4, 'circle_concentration': 70.6, 'eligible_count': 8, 'bet_adj': 0, 'reason': 'rel_win1=54.3%（本命度） / 最有力組み合わせ確率: 0.081（推定実オッズ?16倍） / 2着集中度: 上位2艇 70.6%（補正+0.04） / 総合判定確率: 0.121 / → ヒモはやや固め。上位2艇以外を切ること', 'tenji_trigger': '展示確認: 1号艇伸び良→そのまま採用。悪→飛び組に差し替え。circle_pct上位2艇に絞り込むこと。'}",,,28.3,逃げ狙い,15.51,31.1,5,,,,,,,,,,,
2026-01-14,丸亀,2,4,松田真実,B1,29.55,4,▲,9.3147,13.4,81,24.3,0.1692,3.2703,,,0,低,69,0,ま0%,6 565,0,37.9,0.7302,0,0,0.0714,0,0,0,0.2857,0.4286,,,C,△,,0.317,0.5685,,0.3931,A,75,0,◎-○軸 3着3〜4艇流し（10〜15点）,0.5777,"{'is_target': True, 'verdict': '点数絞り', 'max_combo_prob': 0.0815, 'est_top_odds': 16.4, 'circle_concentration': 70.6, 'eligible_count': 8, 'bet_adj': 0, 'reason': 'rel_win1=54.3%（本命度） / 最有力組み合わせ確率: 0.081（推定実オッズ?16倍） / 2着集中度: 上位2艇 70.6%（補正+0.04） / 総合判定確率: 0.121 / → ヒモはやや固め。上位2艇以外を切ること', 'tenji_trigger': '展示確認: 1号艇伸び良→そのまま採用。悪→飛び組に差し替え。circle_pct上位2艇に絞り込むこと。'}",,,28.3,逃げ狙い,15.51,31.1,5,,,,,,,,,,,
2026-01-14,丸亀,2,5,水谷理人,A2,20.63,5,△,11.734,24.6,87,52.8,0.1403,2.8194,,,0,低,64,0,-,62353,0,97.1,1.8745,0,0.0556,0,0,0,0.0533,0.28,0.0267,,◎,D,△,◎,0.4028,0.569,0.4179,0.3931,A,75,0,◎-○軸 3着3〜4艇流し（10〜15点）,0.5777,"{'is_target': True, 'verdict': '点数絞り', 'max_combo_prob': 0.0815, 'est_top_odds': 16.4, 'circle_concentration': 70.6, 'eligible_count': 8, 'bet_adj': 0, 'reason': 'rel_win1=54.3%（本命度） / 最有力組み合わせ確率: 0.081（推定実オッズ?16倍） / 2着集中度: 上位2艇 70.6%（補正+0.04） / 総合判定確率: 0.121 / → ヒモはやや固め。上位2艇以外を切ること', 'tenji_trigger': '展示確認: 1号艇伸び良→そのまま採用。悪→飛び組に差し替え。circle_pct上位2艇に絞り込むこと。'}",,,28.3,逃げ狙い,15.51,31.1,5,,,,,,,,,,,
2026-01-14,丸亀,2,6,笠　雅雄,B1,20.59,6,,2.7074,1.4,39,7.7,0.1921,4.1154,,,0,低,120,0,-,4 222,0,34.4,0.8178,,,,,,0.275,0.25,0.025,,,E,,,0.267,0.551,,0.3931,A,75,0,◎-○軸 3着3〜4艇流し（10〜15点）,0.5777,"{'is_target': True, 'verdict': '点数絞り', 'max_combo_prob': 0.0815, 'est_top_odds': 16.4, 'circle_concentration': 70.6, 'eligible_count': 8, 'bet_adj': 0, 'reason': 'rel_win1=54.3%（本命度） / 最有力組み合わせ確率: 0.081（推定実オッズ?16倍） / 2着集中度: 上位2艇 70.6%（補正+0.04） / 総合判定確率: 0.121 / → ヒモはやや固め。上位2艇以外を切ること', 'tenji_trigger': '展示確認: 1号艇伸び良→そのまま採用。悪→飛び組に差し替え。circle_pct上位2艇に絞り込むこと。'}",,,28.3,逃げ狙い,15.51,31.1,5,,,,,,,,,,,
2026-01-14,丸亀,3,1,原村拓也,B1,20.83,1,◎,54.2685,,0,71.1,0.1676,3.6222,,,0,低,159,0,逃1%,236 35,0,64.5,0.9769,0.35,,,,,0.3114,0.1257,0.02,○,,E,△,,,0.5855,,0.3617,A,65,0,◎-○軸 3着3〜4艇流し（10〜15点）,0.5777,"{'is_target': True, 'verdict': '点数絞り', 'max_combo_prob': 0.1028, 'est_top_odds': 13.0, 'circle_concentration': 82.3, 'eligible_count': 8, 'bet_adj': 0, 'reason': 'rel_win1=54.3%（本命度） / 最有力組み合わせ確率: 0.103（推定実オッズ?13倍） / 2着集中度: 上位2艇 82.3%（補正+0.04） / 総合判定確率: 0.143 / → ヒモはやや固め。上位2艇以外を切ること', 'tenji_trigger': '展示確認: 1号艇伸び良→そのまま採用。悪→飛び組に差し替え。circle_pct上位2艇に絞り込むこと。'}",,,29.1,逃げ狙い,12.31,36,2,,,,,0,0,0.6155,0,,主役軸流し,B
2026-01-14,丸亀,3,2,伊藤啓三,B1,34.44,2,▲,17.7706,54.3,100,65.1,0.154,3.3333,,,0,低,78,0,-,2 421,0,27.7,0.6548,0,0.0526,0,0,0,0.2727,0.3455,0.0364,,◎,C,◎,,0.4932,0.6695,,0.3617,A,65,0,◎-○軸 3着3〜4艇流し（10〜15点）,0.5777,"{'is_target': True, 'verdict': '点数絞り', 'max_combo_prob': 0.1028, 'est_top_odds': 13.0, 'circle_concentration': 82.3, 'eligible_count': 8, 'bet_adj': 0, 'reason': 'rel_win1=54.3%（本命度） / 最有力組み合わせ確率: 0.103（推定実オッズ?13倍） / 2着集中度: 上位2艇 82.3%（補正+0.04） / 総合判定確率: 0.143 / → ヒモはやや固め。上位2艇以外を切ること', 'tenji_trigger': '展示確認: 1号艇伸び良→そのまま採用。悪→飛び組に差し替え。circle_pct上位2艇に絞り込むこと。'}",,,29.1,逃げ狙い,12.31,36,2,,,,,,,,,,,
2026-01-14,丸亀,3,3,柳瀬興志,B1,40.74,3,○,13.6534,28,83,53.2,0.1623,3.5065,,,0,低,162,0,-,12465,0,60.7,0.5869,0,0,0,0.0303,0,0.1635,0.2714,0.1635,,,A,○,,0.3381,0.656,,0.3617,A,65,0,◎-○軸 3着3〜4艇流し（10〜15点）,0.5777,"{'is_target': True, 'verdict': '点数絞り', 'max_combo_prob': 0.1028, 'est_top_odds': 13.0, 'circle_concentration': 82.3, 'eligible_count': 8, 'bet_adj': 0, 'reason': 'rel_win1=54.3%（本命度） / 最有力組み合わせ確率: 0.103（推定実オッズ?13倍） / 2着集中度: 上位2艇 82.3%（補正+0.04） / 総合判定確率: 0.143 / → ヒモはやや固め。上位2艇以外を切ること', 'tenji_trigger': '展示確認: 1号艇伸び良→そのまま採用。悪→飛び組に差し替え。circle_pct上位2艇に絞り込むこと。'}",,,29.1,逃げ狙い,12.31,36,2,,,,,,,,,,,
2026-01-14,丸亀,3,4,丸山祐也,B1,34.94,4,△,5.7009,7.5,62,12.8,0.2062,4.7949,,,0,低,130,0,-,5 444,0,16.6,0.5791,,,,,,0.125,0.25,0.25,,,B,△,,0.1827,0.558,,0.3617,A,65,0,◎-○軸 3着3〜4艇流し（10〜15点）,0.5777,"{'is_target': True, 'verdict': '点数絞り', 'max_combo_prob': 0.1028, 'est_top_odds': 13.0, 'circle_concentration': 82.3, 'eligible_count': 8, 'bet_adj': 0, 'reason': 'rel_win1=54.3%（本命度） / 最有力組み合わせ確率: 0.103（推定実オッズ?13倍） / 2着集中度: 上位2艇 82.3%（補正+0.04） / 総合判定確率: 0.143 / → ヒモはやや固め。上位2艇以外を切ること', 'tenji_trigger': '展示確認: 1号艇伸び良→そのまま採用。悪→飛び組に差し替え。circle_pct上位2艇に絞り込むこと。'}",,,29.1,逃げ狙い,12.31,36,2,,,,,,,,,,,
2026-01-14,丸亀,3,5,土屋実沙,A2,32.91,5,,7.2794,8.6,90,43.3,0.196,4.2667,,,0,低,73,0,-,5 6645,0,24,1.275,,,,,,0.0444,0.3333,0,,,C,,,0.2385,0.5505,,0.3617,A,65,0,◎-○軸 3着3〜4艇流し（10〜15点）,0.5777,"{'is_target': True, 'verdict': '点数絞り', 'max_combo_prob': 0.1028, 'est_top_odds': 13.0, 'circle_concentration': 82.3, 'eligible_count': 8, 'bet_adj': 0, 'reason': 'rel_win1=54.3%（本命度） / 最有力組み合わせ確率: 0.103（推定実オッズ?13倍） / 2着集中度: 上位2艇 82.3%（補正+0.04） / 総合判定確率: 0.143 / → ヒモはやや固め。上位2艇以外を切ること', 'tenji_trigger': '展示確認: 1号艇伸び良→そのまま採用。悪→飛び組に差し替え。circle_pct上位2艇に絞り込むこと。'}",,,29.1,逃げ狙い,12.31,36,2,,,,,,,,,,,
2026-01-14,丸亀,3,6,中岡　駿,B2,28.95,6,,1.3273,1.6,23,6.2,0.2055,4.3615,,,0,低,40,0,-,666 36,0,96.8,2.0989,,,,,,,,,,,D,,,0.2083,0.482,,0.3617,A,65,0,◎-○軸 3着3〜4艇流し（10〜15点）,0.5777,"{'is_target': True, 'verdict': '点数絞り', 'max_combo_prob': 0.1028, 'est_top_odds': 13.0, 'circle_concentration': 82.3, 'eligible_count': 8, 'bet_adj': 0, 'reason': 'rel_win1=54.3%（本命度） / 最有力組み合わせ確率: 0.103（推定実オッズ?13倍） / 2着集中度: 上位2艇 82.3%（補正+0.04） / 総合判定確率: 0.143 / → ヒモはやや固め。上位2艇以外を切ること', 'tenji_trigger': '展示確認: 1号艇伸び良→そのまま採用。悪→飛び組に差し替え。circle_pct上位2艇に絞り込むこと。'}",,,29.1,逃げ狙い,12.31,36,2,,,,,,,,,,,
2026-01-14,丸亀,4,1,山田雄太,B1,36.67,1,◎,63.005,,0,84.9,0.1323,2.5,,,0,低,64,0,逃1%,341 36,0,75.8,1.1199,0.6,,,,,0.016,0.2,0.048,◎,,B,○,,,0.6615,,0.6506,S,100,0,◎1着固定 2-3着流し（5〜8点）,0.5777,"{'is_target': True, 'verdict': '点数絞り', 'max_combo_prob': 0.1085, 'est_top_odds': 12.3, 'circle_concentration': 79.3, 'eligible_count': 6, 'bet_adj': 0, 'reason': 'rel_win1=63.0%（本命度） / 最有力組み合わせ確率: 0.108（推定実オッズ?12倍） / 2着集中度: 上位2艇 79.3%（補正+0.04） / 総合判定確率: 0.148 / → ヒモはやや固め。上位2艇以外を切ること', 'tenji_trigger': '展示確認: 1号艇伸び良→そのまま採用。悪→飛び組に差し替え。circle_pct上位2艇に絞り込むこと。\n展示で1号艇スタート超安定(0.132秒)→ヒモ固まり方向に注意'}",,,25.9,逃げ狙い,12.43,27,2,,,,,0,0,0.7559,0,,逃げ軸流し,A
2026-01-14,丸亀,4,2,松瀬弘美,B1,29.55,2,△,11.4307,49,100,59.5,0.1851,4.0946,,,0,低,82,0,-,4 2466,0,80.9,1.7003,0,0,0.0556,0,0,0.5818,0.2364,0.0364,,,C,,,0.0591,0.5835,,0.6506,S,100,0,◎1着固定 2-3着流し（5〜8点）,0.5777,"{'is_target': True, 'verdict': '点数絞り', 'max_combo_prob': 0.1085, 'est_top_odds': 12.3, 'circle_concentration': 79.3, 'eligible_count': 6, 'bet_adj': 0, 'reason': 'rel_win1=63.0%（本命度） / 最有力組み合わせ確率: 0.108（推定実オッズ?12倍） / 2着集中度: 上位2艇 79.3%（補正+0.04） / 総合判定確率: 0.148 / → ヒモはやや固め。上位2艇以外を切ること', 'tenji_trigger': '展示確認: 1号艇伸び良→そのまま採用。悪→飛び組に差し替え。circle_pct上位2艇に絞り込むこと。\n展示で1号艇スタート超安定(0.132秒)→ヒモ固まり方向に注意'}",,,25.9,逃げ狙い,12.43,27,2,,,,,,,,,,,
2026-01-14,丸亀,4,3,嶋田貴支,B1,23.81,3,,8.2032,30.4,96,54.4,0.1676,3.3162,,,0,低,134,0,-,3 134,0,92.1,2.0098,0,0.0312,0,0.0312,0,0.0174,0.0522,0.1174,,,E,△,,0.1277,0.6045,,0.6506,S,100,0,◎1着固定 2-3着流し（5〜8点）,0.5777,"{'is_target': True, 'verdict': '点数絞り', 'max_combo_prob': 0.1085, 'est_top_odds': 12.3, 'circle_concentration': 79.3, 'eligible_count': 6, 'bet_adj': 0, 'reason': 'rel_win1=63.0%（本命度） / 最有力組み合わせ確率: 0.108（推定実オッズ?12倍） / 2着集中度: 上位2艇 79.3%（補正+0.04） / 総合判定確率: 0.148 / → ヒモはやや固め。上位2艇以外を切ること', 'tenji_trigger': '展示確認: 1号艇伸び良→そのまま採用。悪→飛び組に差し替え。circle_pct上位2艇に絞り込むこと。\n展示で1号艇スタート超安定(0.132秒)→ヒモ固まり方向に注意'}",,,25.9,逃げ狙い,12.43,27,2,,,,,,,,,,,
2026-01-14,丸亀,4,4,大森　翼,B1,28.92,4,,6.3495,14.6,72,36.2,0.191,3.9483,,,0,低,127,0,-,455 63,0,17.4,0.5255,0,0.0435,0,0,0,0.025,0.35,0.3,,,D,,,0.1383,0.58,,0.6506,S,100,0,◎1着固定 2-3着流し（5〜8点）,0.5777,"{'is_target': True, 'verdict': '点数絞り', 'max_combo_prob': 0.1085, 'est_top_odds': 12.3, 'circle_concentration': 79.3, 'eligible_count': 6, 'bet_adj': 0, 'reason': 'rel_win1=63.0%（本命度） / 最有力組み合わせ確率: 0.108（推定実オッズ?12倍） / 2着集中度: 上位2艇 79.3%（補正+0.04） / 総合判定確率: 0.148 / → ヒモはやや固め。上位2艇以外を切ること', 'tenji_trigger': '展示確認: 1号艇伸び良→そのまま採用。悪→飛び組に差し替え。circle_pct上位2艇に絞り込むこと。\n展示で1号艇スタート超安定(0.132秒)→ヒモ固まり方向に注意'}",,,25.9,逃げ狙い,12.43,27,2,,,,,,,,,,,
2026-01-14,丸亀,4,5,抹香雄三,B1,36.59,5,○,7.9578,3.9,58,34.3,0.1567,3.2571,,,0,低,100,0,-,452 43,0,100,2.4983,0,0,0,0.0357,0,0.12,0.24,0.16,,,B,◎,,0.2351,0.6655,,0.6506,S,100,0,◎1着固定 2-3着流し（5〜8点）,0.5777,"{'is_target': True, 'verdict': '点数絞り', 'max_combo_prob': 0.1085, 'est_top_odds': 12.3, 'circle_concentration': 79.3, 'eligible_count': 6, 'bet_adj': 0, 'reason': 'rel_win1=63.0%（本命度） / 最有力組み合わせ確率: 0.108（推定実オッズ?12倍） / 2着集中度: 上位2艇 79.3%（補正+0.04） / 総合判定確率: 0.148 / → ヒモはやや固め。上位2艇以外を切ること', 'tenji_trigger': '展示確認: 1号艇伸び良→そのまま採用。悪→飛び組に差し替え。circle_pct上位2艇に絞り込むこと。\n展示で1号艇スタート超安定(0.132秒)→ヒモ固まり方向に注意'}",,,25.9,逃げ狙い,12.43,27,2,,,,,,,,,,,
2026-01-14,丸亀,4,6,鈴木智啓,A2,30.00,6,▲,3.0538,2.2,47,20,0.1775,3.8231,,,0,低,123,0,-,4 3526,0,34.2,0.7656,0,0,0,0.0303,0,0.1849,0.1741,0.0432,,,C,△,,0.1679,0.6485,,0.6506,S,100,0,◎1着固定 2-3着流し（5〜8点）,0.5777,"{'is_target': True, 'verdict': '点数絞り', 'max_combo_prob': 0.1085, 'est_top_odds': 12.3, 'circle_concentration': 79.3, 'eligible_count': 6, 'bet_adj': 0, 'reason': 'rel_win1=63.0%（本命度） / 最有力組み合わせ確率: 0.108（推定実オッズ?12倍） / 2着集中度: 上位2艇 79.3%（補正+0.04） / 総合判定確率: 0.148 / → ヒモはやや固め。上位2艇以外を切ること', 'tenji_trigger': '展示確認: 1号艇伸び良→そのまま採用。悪→飛び組に差し替え。circle_pct上位2艇に絞り込むこと。\n展示で1号艇スタート超安定(0.132秒)→ヒモ固まり方向に注意'}",,,25.9,逃げ狙い,12.43,27,2,,,,,,,,,,,
2026-01-14,丸亀,5,1,福田　理,B1,25.00,1,◎,46.1612,,0,66,0.1723,3.7128,,,0,低,126,0,-,3 251,0,99.9,1.4563,0.3043,,,,,0.1446,0.4967,0.1446,△,,D,△,,,0.594,,0.3148,B,51,0,◎○△フォーメーション（15〜20点）,0.5777,"{'is_target': True, 'verdict': '参加推奨', 'max_combo_prob': 0.0663, 'est_top_odds': 20.1, 'circle_concentration': 74.8, 'eligible_count': 9, 'bet_adj': 2, 'reason': 'rel_win1=46.2%（本命度） / 最有力組み合わせ確率: 0.066（推定実オッズ?20倍） / 2着集中度: 上位2艇 74.8%（補正+0.04） / 総合判定確率: 0.106 / → ヒモ分散。1号艇1着固定で広めのヒモ流し推奨（買い目+2点）', 'tenji_trigger': '展示確認: ヒモ分散レース。1号艇伸び確認後、広めのヒモ流しを採用。穴ヒモ（5・6号艇）を積極的に含める。'}",,,32.3,両建て推奨,17.6,40.6,4,4-5-6|1-2-4|1-2-3|1-3-4|1-3-2|1-4-3,2-1-3|5-1-2|5-1-6|2-1-5|4-5-6|5-1-3|5-2-1|1-2-4|1-2-3|1-3-4|1-3-2|1-4-3,4-5-6:1.93%|1-2-4:6.49%|1-2-3:6.0%|1-3-4:5.07%|1-3-2:4.11%|1-4-3:3.26%,4-5-6:B_main|1-2-4:A|1-2-3:A|1-3-4:A|1-3-2:A|1-4-3:A,6,12,0.4535,1,[!]見送り推奨（主役決まり手「まくり」― 逃げ劣勢レースで的中実績なし）,荒れ広め,D
2026-01-14,丸亀,5,2,木村紗友,B1,29.49,2,,9.2658,48.6,90,58.1,0.1842,3.9194,,,0,低,68,0,-,5 6615,0,61.7,0.9429,,,,,,0.0909,0.1818,0.0909,,,C,,,0.2302,0.5685,,0.3148,B,51,0,◎○△フォーメーション（15〜20点）,0.5777,"{'is_target': True, 'verdict': '参加推奨', 'max_combo_prob': 0.0663, 'est_top_odds': 20.1, 'circle_concentration': 74.8, 'eligible_count': 9, 'bet_adj': 2, 'reason': 'rel_win1=46.2%（本命度） / 最有力組み合わせ確率: 0.066（推定実オッズ?20倍） / 2着集中度: 上位2艇 74.8%（補正+0.04） / 総合判定確率: 0.106 / → ヒモ分散。1号艇1着固定で広めのヒモ流し推奨（買い目+2点）', 'tenji_trigger': '展示確認: ヒモ分散レース。1号艇伸び確認後、広めのヒモ流しを採用。穴ヒモ（5・6号艇）を積極的に含める。'}",,,32.3,両建て推奨,17.6,40.6,4,,,,,,,,,,,
2026-01-14,丸亀,5,3,牧原　崇,B1,20.59,3,△,13.0606,26.3,90,50,0.1665,3.5676,,,0,低,174,0,ま0%,5 145,0,45.7,1.09,0,0,0.0323,0.129,0,0.0258,0.2016,0.2274,,○,D,◎,,0.3882,0.6775,,0.3148,B,51,0,◎○△フォーメーション（15〜20点）,0.5777,"{'is_target': True, 'verdict': '参加推奨', 'max_combo_prob': 0.0663, 'est_top_odds': 20.1, 'circle_concentration': 74.8, 'eligible_count': 9, 'bet_adj': 2, 'reason': 'rel_win1=46.2%（本命度） / 最有力組み合わせ確率: 0.066（推定実オッズ?20倍） / 2着集中度: 上位2艇 74.8%（補正+0.04） / 総合判定確率: 0.106 / → ヒモ分散。1号艇1着固定で広めのヒモ流し推奨（買い目+2点）', 'tenji_trigger': '展示確認: ヒモ分散レース。1号艇伸び確認後、広めのヒモ流しを採用。穴ヒモ（5・6号艇）を積極的に含める。'}",,,32.3,両建て推奨,17.6,40.6,4,,,,,,,,,,,
2026-01-14,丸亀,5,4,白井友晴,B1,31.71,4,○,13.4164,8.6,100,41.4,0.1662,3.4914,,,0,低,164,0,-,155 14,0,65.6,1.3389,,,,,,0.1091,0.3491,0.0545,,◎,B,○,,0.4088,0.671,,0.3148,B,51,0,◎○△フォーメーション（15〜20点）,0.5777,"{'is_target': True, 'verdict': '参加推奨', 'max_combo_prob': 0.0663, 'est_top_odds': 20.1, 'circle_concentration': 74.8, 'eligible_count': 9, 'bet_adj': 2, 'reason': 'rel_win1=46.2%（本命度） / 最有力組み合わせ確率: 0.066（推定実オッズ?20倍） / 2着集中度: 上位2艇 74.8%（補正+0.04） / 総合判定確率: 0.106 / → ヒモ分散。1号艇1着固定で広めのヒモ流し推奨（買い目+2点）', 'tenji_trigger': '展示確認: ヒモ分散レース。1号艇伸び確認後、広めのヒモ流しを採用。穴ヒモ（5・6号艇）を積極的に含める。'}",,,32.3,両建て推奨,17.6,40.6,4,,,,,,,,,,,
2026-01-14,丸亀,5,5,杉田篤光,A2,20.27,5,,15.6635,14.5,80,45.9,0.2226,4.6557,,,0,低,185,0,-,4 4564,0,37.6,1.5157,0,0.0435,0,0.0435,0,0.1358,0.0267,0.1624,,,E,,◎,0.1962,0.578,0.1353,0.3148,B,51,0,◎○△フォーメーション（15〜20点）,0.5777,"{'is_target': True, 'verdict': '参加推奨', 'max_combo_prob': 0.0663, 'est_top_odds': 20.1, 'circle_concentration': 74.8, 'eligible_count': 9, 'bet_adj': 2, 'reason': 'rel_win1=46.2%（本命度） / 最有力組み合わせ確率: 0.066（推定実オッズ?20倍） / 2着集中度: 上位2艇 74.8%（補正+0.04） / 総合判定確率: 0.106 / → ヒモ分散。1号艇1着固定で広めのヒモ流し推奨（買い目+2点）', 'tenji_trigger': '展示確認: ヒモ分散レース。1号艇伸び確認後、広めのヒモ流しを採用。穴ヒモ（5・6号艇）を積極的に含める。'}",,,32.3,両建て推奨,17.6,40.6,4,,,,,,,,,,,
2026-01-14,丸亀,5,6,大野芳顕,A2,35.44,6,▲,2.4326,2.1,68,29.7,0.1809,3.8311,,,0,低,139,0,-,142234,0,27.4,0.4467,0,0,0,0.0294,0,0.09,0.11,0.14,,,B,△,,0.3283,0.6345,,0.3148,B,51,0,◎○△フォーメーション（15〜20点）,0.5777,"{'is_target': True, 'verdict': '参加推奨', 'max_combo_prob': 0.0663, 'est_top_odds': 20.1, 'circle_concentration': 74.8, 'eligible_count': 9, 'bet_adj': 2, 'reason': 'rel_win1=46.2%（本命度） / 最有力組み合わせ確率: 0.066（推定実オッズ?20倍） / 2着集中度: 上位2艇 74.8%（補正+0.04） / 総合判定確率: 0.106 / → ヒモ分散。1号艇1着固定で広めのヒモ流し推奨（買い目+2点）', 'tenji_trigger': '展示確認: ヒモ分散レース。1号艇伸び確認後、広めのヒモ流しを採用。穴ヒモ（5・6号艇）を積極的に含める。'}",,,32.3,両建て推奨,17.6,40.6,4,,,,,,,,,,,
2026-01-14,丸亀,6,1,出畑孝典,A2,37.65,1,◎,65.7533,,0,92.8,0.1657,3.2952,,,0,低,124,0,逃1%,165421,0,82.7,1.0266,0.5769,,,,,0.4352,0.1165,0.1319,◎,,B,◎,,,0.629,,0.4923,S,83,0,◎1着固定 2-3着流し（5〜8点）,0.5777,"{'is_target': True, 'verdict': '点数絞り', 'max_combo_prob': 0.1039, 'est_top_odds': 12.8, 'circle_concentration': 89.1, 'eligible_count': 6, 'bet_adj': 0, 'reason': 'rel_win1=65.8%（本命度） / 最有力組み合わせ確率: 0.104（推定実オッズ?13倍） / 2着集中度: 上位2艇 89.1%（補正+0.04） / 総合判定確率: 0.144 / → ヒモはやや固め。上位2艇以外を切ること', 'tenji_trigger': '展示確認: 1号艇伸び良→そのまま採用。悪→飛び組に差し替え。circle_pct上位2艇に絞り込むこと。'}",,,30.5,逃げ狙い,12.56,39.9,3,,,,,0,0,0.7559,0,,逃げ軸流し,A
2026-01-14,丸亀,6,2,奥田　誠,B1,25.58,2,,11.8395,49.2,100,54.7,0.1869,3.9133,,,0,低,163,0,ま1%,231 26,0,19.6,0.6614,0,0.0588,0.0882,0,0.0294,0.1771,0.0571,0.139,,,E,△,,0.1693,0.6205,,0.4923,S,83,0,◎1着固定 2-3着流し（5〜8点）,0.5777,"{'is_target': True, 'verdict': '点数絞り', 'max_combo_prob': 0.1039, 'est_top_odds': 12.8, 'circle_concentration': 89.1, 'eligible_count': 6, 'bet_adj': 0, 'reason': 'rel_win1=65.8%（本命度） / 最有力組み合わせ確率: 0.104（推定実オッズ?13倍） / 2着集中度: 上位2艇 89.1%（補正+0.04） / 総合判定確率: 0.144 / → ヒモはやや固め。上位2艇以外を切ること', 'tenji_trigger': '展示確認: 1号艇伸び良→そのまま採用。悪→飛び組に差し替え。circle_pct上位2艇に絞り込むこと。'}",,,30.5,逃げ狙い,12.56,39.9,3,,,,,,,,,,,
2026-01-14,丸亀,6,3,三嶌さら,B1,37.11,3,○,12.8154,40,90,20,0.138,2.7,,,0,低,82,1,-,,0,31.1,0.7581,,,,,,0,0.25,0,,◎,C,,,0.487,0.576,,0.4923,S,83,0,◎1着固定 2-3着流し（5〜8点）,0.5777,"{'is_target': True, 'verdict': '点数絞り', 'max_combo_prob': 0.1039, 'est_top_odds': 12.8, 'circle_concentration': 89.1, 'eligible_count': 6, 'bet_adj': 0, 'reason': 'rel_win1=65.8%（本命度） / 最有力組み合わせ確率: 0.104（推定実オッズ?13倍） / 2着集中度: 上位2艇 89.1%（補正+0.04） / 総合判定確率: 0.144 / → ヒモはやや固め。上位2艇以外を切ること', 'tenji_trigger': '展示確認: 1号艇伸び良→そのまま採用。悪→飛び組に差し替え。circle_pct上位2艇に絞り込むこと。'}",,,30.5,逃げ狙い,12.56,39.9,3,,,,,,,,,,,
2026-01-14,丸亀,6,4,田上　凜,B1,31.71,4,△,5.569,4.5,55,17.9,0.1846,3.8718,,,0,低,114,0,ま0%,3 1565,0,27.9,0.5738,0,0,0.1667,0,0,0,0.6667,0,,,C,,,0.2673,0.504,,0.4923,S,83,0,◎1着固定 2-3着流し（5〜8点）,0.5777,"{'is_target': True, 'verdict': '点数絞り', 'max_combo_prob': 0.1039, 'est_top_odds': 12.8, 'circle_concentration': 89.1, 'eligible_count': 6, 'bet_adj': 0, 'reason': 'rel_win1=65.8%（本命度） / 最有力組み合わせ確率: 0.104（推定実オッズ?13倍） / 2着集中度: 上位2艇 89.1%（補正+0.04） / 総合判定確率: 0.144 / → ヒモはやや固め。上位2艇以外を切ること', 'tenji_trigger': '展示確認: 1号艇伸び良→そのまま採用。悪→飛び組に差し替え。circle_pct上位2艇に絞り込むこと。'}",,,30.5,逃げ狙い,12.56,39.9,3,,,,,,,,,,,
2026-01-14,丸亀,6,5,角浜　修,B1,39.24,5,▲,3.0197,2.9,53,13.1,0.1854,4.0656,,,0,低,134,0,-,5 445,0,19.8,0.609,,,,,,0.0833,0.15,0.15,,,B,○,,0.2631,0.6255,,0.4923,S,83,0,◎1着固定 2-3着流し（5〜8点）,0.5777,"{'is_target': True, 'verdict': '点数絞り', 'max_combo_prob': 0.1039, 'est_top_odds': 12.8, 'circle_concentration': 89.1, 'eligible_count': 6, 'bet_adj': 0, 'reason': 'rel_win1=65.8%（本命度） / 最有力組み合わせ確率: 0.104（推定実オッズ?13倍） / 2着集中度: 上位2艇 89.1%（補正+0.04） / 総合判定確率: 0.144 / → ヒモはやや固め。上位2艇以外を切ること', 'tenji_trigger': '展示確認: 1号艇伸び良→そのまま採用。悪→飛び組に差し替え。circle_pct上位2艇に絞り込むこと。'}",,,30.5,逃げ狙い,12.56,39.9,3,,,,,,,,,,,
2026-01-14,丸亀,6,6,大須賀友,A2,25.93,6,,1.0031,3.5,82,27.9,0.2021,4.1628,,,0,低,116,0,-,423134,0,39.5,0.8539,,,,,,0.0516,0.1258,0.0129,,,D,△,,0.2117,0.599,,0.4923,S,83,0,◎1着固定 2-3着流し（5〜8点）,0.5777,"{'is_target': True, 'verdict': '点数絞り', 'max_combo_prob': 0.1039, 'est_top_odds': 12.8, 'circle_concentration': 89.1, 'eligible_count': 6, 'bet_adj': 0, 'reason': 'rel_win1=65.8%（本命度） / 最有力組み合わせ確率: 0.104（推定実オッズ?13倍） / 2着集中度: 上位2艇 89.1%（補正+0.04） / 総合判定確率: 0.144 / → ヒモはやや固め。上位2艇以外を切ること', 'tenji_trigger': '展示確認: 1号艇伸び良→そのまま採用。悪→飛び組に差し替え。circle_pct上位2艇に絞り込むこと。'}",,,30.5,逃げ狙い,12.56,39.9,3,,,,,,,,,,,
2026-01-14,丸亀,7,1,川上　剛,A2,27.17,1,◎,64.4296,,0,88.4,0.1546,3.1071,,,0,低,143,0,-,312 62,0,61.7,0.9838,0.7368,,,,,0,0.2346,0.0211,◎,,C,○,,,0.632,,0.5671,S,90,0,◎1着固定 2-3着流し（5〜8点）,0.5777,"{'is_target': True, 'verdict': '参加推奨', 'max_combo_prob': 0.091, 'est_top_odds': 14.6, 'circle_concentration': 69.2, 'eligible_count': 6, 'bet_adj': 2, 'reason': 'rel_win1=64.4%（本命度） / 最有力組み合わせ確率: 0.091（推定実オッズ?15倍） / 2着集中度: 上位2艇 69.2%（補正+0.00） / 総合判定確率: 0.091 / → ヒモ分散。1号艇1着固定で広めのヒモ流し推奨（買い目+2点）', 'tenji_trigger': '展示確認: ヒモ分散レース。1号艇伸び確認後、広めのヒモ流しを採用。穴ヒモ（5・6号艇）を積極的に含める。'}",,,26.5,逃げ狙い,12.99,28,3,,,,,0,0,0.7559,0,,逃げ軸流し,A
2026-01-14,丸亀,7,2,亀本勇樹,B1,25.68,2,△,8.7747,46.8,100,44.2,0.1688,3.6538,,,0,低,75,0,-,3 433,0,100,3.531,0,0.04,0,0,0,0.2083,0.05,0.125,,,D,,,0.1654,0.5815,,0.5671,S,90,0,◎1着固定 2-3着流し（5〜8点）,0.5777,"{'is_target': True, 'verdict': '参加推奨', 'max_combo_prob': 0.091, 'est_top_odds': 14.6, 'circle_concentration': 69.2, 'eligible_count': 6, 'bet_adj': 2, 'reason': 'rel_win1=64.4%（本命度） / 最有力組み合わせ確率: 0.091（推定実オッズ?15倍） / 2着集中度: 上位2艇 69.2%（補正+0.00） / 総合判定確率: 0.091 / → ヒモ分散。1号艇1着固定で広めのヒモ流し推奨（買い目+2点）', 'tenji_trigger': '展示確認: ヒモ分散レース。1号艇伸び確認後、広めのヒモ流しを採用。穴ヒモ（5・6号艇）を積極的に含める。'}",,,26.5,逃げ狙い,12.99,28,3,,,,,,,,,,,
2026-01-14,丸亀,7,3,丸山祐也,B1,34.94,3,▲,9.0781,22.5,88,38.1,0.1852,4.2024,,,0,低,130,0,-,5 444,0,23.3,0.8317,,,,,,0.125,0.25,0.25,,,B,,,0.1603,0.558,,0.5671,S,90,0,◎1着固定 2-3着流し（5〜8点）,0.5777,"{'is_target': True, 'verdict': '参加推奨', 'max_combo_prob': 0.091, 'est_top_odds': 14.6, 'circle_concentration': 69.2, 'eligible_count': 6, 'bet_adj': 2, 'reason': 'rel_win1=64.4%（本命度） / 最有力組み合わせ確率: 0.091（推定実オッズ?15倍） / 2着集中度: 上位2艇 69.2%（補正+0.00） / 総合判定確率: 0.091 / → ヒモ分散。1号艇1着固定で広めのヒモ流し推奨（買い目+2点）', 'tenji_trigger': '展示確認: ヒモ分散レース。1号艇伸び確認後、広めのヒモ流しを採用。穴ヒモ（5・6号艇）を積極的に含める。'}",,,26.5,逃げ狙い,12.99,28,3,,,,,,,,,,,
2026-01-14,丸亀,7,4,金田大輔,B1,21.05,4,,11.5545,16.7,60,36.2,0.1591,2.7672,,,0,低,99,0,-,666 11,0,95.2,1.8921,0,0.04,0.12,0,0,0.2,0.1,0.1,,,E,△,◎,0.2877,0.587,0.3048,0.5671,S,90,0,◎1着固定 2-3着流し（5〜8点）,0.5777,"{'is_target': True, 'verdict': '参加推奨', 'max_combo_prob': 0.091, 'est_top_odds': 14.6, 'circle_concentration': 69.2, 'eligible_count': 6, 'bet_adj': 2, 'reason': 'rel_win1=64.4%（本命度） / 最有力組み合わせ確率: 0.091（推定実オッズ?15倍） / 2着集中度: 上位2艇 69.2%（補正+0.00） / 総合判定確率: 0.091 / → ヒモ分散。1号艇1着固定で広めのヒモ流し推奨（買い目+2点）', 'tenji_trigger': '展示確認: ヒモ分散レース。1号艇伸び確認後、広めのヒモ流しを採用。穴ヒモ（5・6号艇）を積極的に含める。'}",,,26.5,逃げ狙い,12.99,28,3,,,,,,,,,,,
2026-01-14,丸亀,7,5,柳瀬興志,B1,40.74,5,○,4.8256,7.8,69,28.1,0.168,3.5156,,,0,低,162,0,-,12465,0,27.6,0.6817,0,0,0,0.0385,0,0.1635,0.2714,0.1635,,,A,◎,,0.2376,0.656,,0.5671,S,90,0,◎1着固定 2-3着流し（5〜8点）,0.5777,"{'is_target': True, 'verdict': '参加推奨', 'max_combo_prob': 0.091, 'est_top_odds': 14.6, 'circle_concentration': 69.2, 'eligible_count': 6, 'bet_adj': 2, 'reason': 'rel_win1=64.4%（本命度） / 最有力組み合わせ確率: 0.091（推定実オッズ?15倍） / 2着集中度: 上位2艇 69.2%（補正+0.00） / 総合判定確率: 0.091 / → ヒモ分散。1号艇1着固定で広めのヒモ流し推奨（買い目+2点）', 'tenji_trigger': '展示確認: ヒモ分散レース。1号艇伸び確認後、広めのヒモ流しを採用。穴ヒモ（5・6号艇）を積極的に含める。'}",,,26.5,逃げ狙い,12.99,28,3,,,,,,,,,,,
2026-01-14,丸亀,7,6,平高奈菜,A2,22.08,6,,1.3375,6.3,94,52,0.1876,4.44,,,0,低,46,0,-,1 62F5,0,27.6,0.6725,,,,,,0.2,0,0.1333,,,D,△,,0.2088,0.6215,,0.5671,S,90,0,◎1着固定 2-3着流し（5〜8点）,0.5777,"{'is_target': True, 'verdict': '参加推奨', 'max_combo_prob': 0.091, 'est_top_odds': 14.6, 'circle_concentration': 69.2, 'eligible_count': 6, 'bet_adj': 2, 'reason': 'rel_win1=64.4%（本命度） / 最有力組み合わせ確率: 0.091（推定実オッズ?15倍） / 2着集中度: 上位2艇 69.2%（補正+0.00） / 総合判定確率: 0.091 / → ヒモ分散。1号艇1着固定で広めのヒモ流し推奨（買い目+2点）', 'tenji_trigger': '展示確認: ヒモ分散レース。1号艇伸び確認後、広めのヒモ流しを採用。穴ヒモ（5・6号艇）を積極的に含める。'}",,,26.5,逃げ狙い,12.99,28,3,,,,,,,,,,,
2026-01-14,丸亀,8,1,長岡良也,A1,23.46,1,◎,74.4631,,0,95.1,0.1481,2.6852,,,0,低,104,0,逃1%,253 13,0,96.6,1.344,0.6667,,,,,0.1417,0.0972,0.1194,◎,,C,◎,,,0.6505,,0.6452,S,80,0,◎1着固定 2-3着流し（5〜8点）,0.5777,"{'is_target': True, 'verdict': '点数絞り', 'max_combo_prob': 0.1472, 'est_top_odds': 9.1, 'circle_concentration': 89.5, 'eligible_count': 6, 'bet_adj': 0, 'reason': 'rel_win1=74.5%（本命度） / 最有力組み合わせ確率: 0.147（推定実オッズ?9倍） / 2着集中度: 上位2艇 89.5%（補正+0.04） / 総合判定確率: 0.187 / → ヒモはやや固め。上位2艇以外を切ること', 'tenji_trigger': '展示確認: 1号艇伸び良→そのまま採用。悪→飛び組に差し替え。circle_pct上位2艇に絞り込むこと。'}",,,27.5,逃げ狙い,14.98,29.3,3,,,,,0,0,0.7559,0,,逃げ軸流し,A
2026-01-14,丸亀,8,2,水谷理人,A2,20.63,2,,11.4942,59.7,54,55.6,0.1592,3.4167,,,0,低,64,0,ま0%,62353,0,39.6,0.8914,0,0.1,0.05,0,0,0.0533,0.28,0.0267,,,D,△,,0.2308,0.569,,0.6452,S,80,0,◎1着固定 2-3着流し（5〜8点）,0.5777,"{'is_target': True, 'verdict': '点数絞り', 'max_combo_prob': 0.1472, 'est_top_odds': 9.1, 'circle_concentration': 89.5, 'eligible_count': 6, 'bet_adj': 0, 'reason': 'rel_win1=74.5%（本命度） / 最有力組み合わせ確率: 0.147（推定実オッズ?9倍） / 2着集中度: 上位2艇 89.5%（補正+0.04） / 総合判定確率: 0.187 / → ヒモはやや固め。上位2艇以外を切ること', 'tenji_trigger': '展示確認: 1号艇伸び良→そのまま採用。悪→飛び組に差し替え。circle_pct上位2艇に絞り込むこと。'}",,,27.5,逃げ狙い,14.98,29.3,3,,,,,,,,,,,
2026-01-14,丸亀,8,3,松瀬弘美,B1,29.55,3,○,5.6742,29.8,72,47.1,0.1582,3.0294,,,0,低,82,0,-,4 2466,0,80,1.7125,,,,,,0.5818,0.2364,0.0364,,,B,△,,0.2779,0.5835,,0.6452,S,80,0,◎1着固定 2-3着流し（5〜8点）,0.5777,"{'is_target': True, 'verdict': '点数絞り', 'max_combo_prob': 0.1472, 'est_top_odds': 9.1, 'circle_concentration': 89.5, 'eligible_count': 6, 'bet_adj': 0, 'reason': 'rel_win1=74.5%（本命度） / 最有力組み合わせ確率: 0.147（推定実オッズ?9倍） / 2着集中度: 上位2艇 89.5%（補正+0.04） / 総合判定確率: 0.187 / → ヒモはやや固め。上位2艇以外を切ること', 'tenji_trigger': '展示確認: 1号艇伸び良→そのまま採用。悪→飛び組に差し替え。circle_pct上位2艇に絞り込むこと。'}",,,27.5,逃げ狙い,14.98,29.3,3,,,,,,,,,,,
2026-01-14,丸亀,8,4,土屋実沙,A2,32.91,4,▲,5.2249,7.1,100,31.2,0.2081,4.0625,,,0,低,73,0,-,5 6645,0,18.6,0.6617,,,,,,0.0444,0.3333,0,,,B,,,0.1496,0.5505,,0.6452,S,80,0,◎1着固定 2-3着流し（5〜8点）,0.5777,"{'is_target': True, 'verdict': '点数絞り', 'max_combo_prob': 0.1472, 'est_top_odds': 9.1, 'circle_concentration': 89.5, 'eligible_count': 6, 'bet_adj': 0, 'reason': 'rel_win1=74.5%（本命度） / 最有力組み合わせ確率: 0.147（推定実オッズ?9倍） / 2着集中度: 上位2艇 89.5%（補正+0.04） / 総合判定確率: 0.187 / → ヒモはやや固め。上位2艇以外を切ること', 'tenji_trigger': '展示確認: 1号艇伸び良→そのまま採用。悪→飛び組に差し替え。circle_pct上位2艇に絞り込むこと。'}",,,27.5,逃げ狙い,14.98,29.3,3,,,,,,,,,,,
2026-01-14,丸亀,8,5,松田真実,B1,29.55,5,△,2.0622,2.8,55,11.1,0.1858,3.5417,,,0,低,69,0,-,6 565,0,30.3,0.6731,,,,,,0,0.2857,0.4286,,,B,,,0.2046,0.5685,,0.6452,S,80,0,◎1着固定 2-3着流し（5〜8点）,0.5777,"{'is_target': True, 'verdict': '点数絞り', 'max_combo_prob': 0.1472, 'est_top_odds': 9.1, 'circle_concentration': 89.5, 'eligible_count': 6, 'bet_adj': 0, 'reason': 'rel_win1=74.5%（本命度） / 最有力組み合わせ確率: 0.147（推定実オッズ?9倍） / 2着集中度: 上位2艇 89.5%（補正+0.04） / 総合判定確率: 0.187 / → ヒモはやや固め。上位2艇以外を切ること', 'tenji_trigger': '展示確認: 1号艇伸び良→そのまま採用。悪→飛び組に差し替え。circle_pct上位2艇に絞り込むこと。'}",,,27.5,逃げ狙い,14.98,29.3,3,,,,,,,,,,,
2026-01-14,丸亀,8,6,原村拓也,B1,20.83,6,,1.0815,0.6,75,14.3,0.219,4.9082,,,0,低,159,0,-,236 35,0,24,0.755,,,,,,0.3114,0.1257,0.02,,,D,○,,0.1496,0.5855,,0.6452,S,80,0,◎1着固定 2-3着流し（5〜8点）,0.5777,"{'is_target': True, 'verdict': '点数絞り', 'max_combo_prob': 0.1472, 'est_top_odds': 9.1, 'circle_concentration': 89.5, 'eligible_count': 6, 'bet_adj': 0, 'reason': 'rel_win1=74.5%（本命度） / 最有力組み合わせ確率: 0.147（推定実オッズ?9倍） / 2着集中度: 上位2艇 89.5%（補正+0.04） / 総合判定確率: 0.187 / → ヒモはやや固め。上位2艇以外を切ること', 'tenji_trigger': '展示確認: 1号艇伸び良→そのまま採用。悪→飛び組に差し替え。circle_pct上位2艇に絞り込むこと。'}",,,27.5,逃げ狙い,14.98,29.3,3,,,,,,,,,,,
2026-01-14,丸亀,9,1,鈴木智啓,A2,30.00,1,◎,61.4689,,0,89.1,0.1536,3.1406,,,0,低,123,0,逃1%,4 3526,0,80,1.1572,0.5135,,,,,0.1849,0.1741,0.0432,◎,,B,○,,,0.6485,,0.4577,A,73,0,◎-○軸 3着3〜4艇流し（10〜15点）,0.5777,"{'is_target': True, 'verdict': '参加推奨', 'max_combo_prob': 0.0753, 'est_top_odds': 17.7, 'circle_concentration': 77.0, 'eligible_count': 8, 'bet_adj': 2, 'reason': 'rel_win1=61.5%（本命度） / 最有力組み合わせ確率: 0.075（推定実オッズ?18倍） / 2着集中度: 上位2艇 77.0%（補正+0.04） / 総合判定確率: 0.115 / → ヒモ分散。1号艇1着固定で広めのヒモ流し推奨（買い目+2点）', 'tenji_trigger': '展示確認: ヒモ分散レース。1号艇伸び確認後、広めのヒモ流しを採用。穴ヒモ（5・6号艇）を積極的に含める。'}",,,28.6,逃げ狙い,14.72,32.6,2,,,,,0,0,0.7559,0,,逃げ軸流し,A
2026-01-14,丸亀,9,2,抹香雄三,B1,36.59,2,○,13.0073,40.3,92,61.3,0.1395,2.96,,,0,低,100,0,-,452 43,0,94.8,1.7734,0,0.1471,0,0,0,0.12,0.24,0.16,,◎,A,◎,,0.5026,0.6655,,0.4577,A,73,0,◎-○軸 3着3〜4艇流し（10〜15点）,0.5777,"{'is_target': True, 'verdict': '参加推奨', 'max_combo_prob': 0.0753, 'est_top_odds': 17.7, 'circle_concentration': 77.0, 'eligible_count': 8, 'bet_adj': 2, 'reason': 'rel_win1=61.5%（本命度） / 最有力組み合わせ確率: 0.075（推定実オッズ?18倍） / 2着集中度: 上位2艇 77.0%（補正+0.04） / 総合判定確率: 0.115 / → ヒモ分散。1号艇1着固定で広めのヒモ流し推奨（買い目+2点）', 'tenji_trigger': '展示確認: ヒモ分散レース。1号艇伸び確認後、広めのヒモ流しを採用。穴ヒモ（5・6号艇）を積極的に含める。'}",,,28.6,逃げ狙い,14.72,32.6,2,,,,,,,,,,,
2026-01-14,丸亀,9,3,杉田篤光,A2,20.27,3,,11.4806,36.7,69,66,0.1822,3.91,,,0,低,185,0,差0% ま0% 差ま0% 抜0%,4 4564,0,42.5,1.2094,0,0.0435,0.0435,0.0435,0.0435,0.1358,0.0267,0.1624,,,E,,,0.1701,0.578,,0.4577,A,73,0,◎-○軸 3着3〜4艇流し（10〜15点）,0.5777,"{'is_target': True, 'verdict': '参加推奨', 'max_combo_prob': 0.0753, 'est_top_odds': 17.7, 'circle_concentration': 77.0, 'eligible_count': 8, 'bet_adj': 2, 'reason': 'rel_win1=61.5%（本命度） / 最有力組み合わせ確率: 0.075（推定実オッズ?18倍） / 2着集中度: 上位2艇 77.0%（補正+0.04） / 総合判定確率: 0.115 / → ヒモ分散。1号艇1着固定で広めのヒモ流し推奨（買い目+2点）', 'tenji_trigger': '展示確認: ヒモ分散レース。1号艇伸び確認後、広めのヒモ流しを採用。穴ヒモ（5・6号艇）を積極的に含める。'}",,,28.6,逃げ狙い,14.72,32.6,2,,,,,,,,,,,
2026-01-14,丸亀,9,4,笠　雅雄,B1,20.59,4,,7.3061,12,88,38.6,0.1757,3.6705,,,0,低,120,0,ま0% 抜0%,4 222,0,30,0.8409,0,0,0.0952,0,0.0952,0.275,0.25,0.025,,,D,,◎,0.2435,0.551,0.2185,0.4577,A,73,0,◎-○軸 3着3〜4艇流し（10〜15点）,0.5777,"{'is_target': True, 'verdict': '参加推奨', 'max_combo_prob': 0.0753, 'est_top_odds': 17.7, 'circle_concentration': 77.0, 'eligible_count': 8, 'bet_adj': 2, 'reason': 'rel_win1=61.5%（本命度） / 最有力組み合わせ確率: 0.075（推定実オッズ?18倍） / 2着集中度: 上位2艇 77.0%（補正+0.04） / 総合判定確率: 0.115 / → ヒモ分散。1号艇1着固定で広めのヒモ流し推奨（買い目+2点）', 'tenji_trigger': '展示確認: ヒモ分散レース。1号艇伸び確認後、広めのヒモ流しを採用。穴ヒモ（5・6号艇）を積極的に含める。'}",,,28.6,逃げ狙い,14.72,32.6,2,,,,,,,,,,,
2026-01-14,丸亀,9,5,小川晃司,B1,28.74,5,▲,5.7133,8.7,100,,,,,,0,低,77,1,-,3 534,0,,,,,,,,,,,,,C,△,○,0.3373,0.63,0.15,0.4577,A,73,0,◎-○軸 3着3〜4艇流し（10〜15点）,0.5777,"{'is_target': True, 'verdict': '参加推奨', 'max_combo_prob': 0.0753, 'est_top_odds': 17.7, 'circle_concentration': 77.0, 'eligible_count': 8, 'bet_adj': 2, 'reason': 'rel_win1=61.5%（本命度） / 最有力組み合わせ確率: 0.075（推定実オッズ?18倍） / 2着集中度: 上位2艇 77.0%（補正+0.04） / 総合判定確率: 0.115 / → ヒモ分散。1号艇1着固定で広めのヒモ流し推奨（買い目+2点）', 'tenji_trigger': '展示確認: ヒモ分散レース。1号艇伸び確認後、広めのヒモ流しを採用。穴ヒモ（5・6号艇）を積極的に含める。'}",,,28.6,逃げ狙い,14.72,32.6,2,,,,,,,,,,,
2026-01-14,丸亀,9,6,宇野博之,B1,21.92,6,△,1.0237,2.3,72,14.3,0.1722,3.7857,,,0,低,135,0,-,523 14,0,27.2,0.8133,,,,,,0.2398,0.297,0.1307,,,D,△,,0.2769,0.606,,0.4577,A,73,0,◎-○軸 3着3〜4艇流し（10〜15点）,0.5777,"{'is_target': True, 'verdict': '参加推奨', 'max_combo_prob': 0.0753, 'est_top_odds': 17.7, 'circle_concentration': 77.0, 'eligible_count': 8, 'bet_adj': 2, 'reason': 'rel_win1=61.5%（本命度） / 最有力組み合わせ確率: 0.075（推定実オッズ?18倍） / 2着集中度: 上位2艇 77.0%（補正+0.04） / 総合判定確率: 0.115 / → ヒモ分散。1号艇1着固定で広めのヒモ流し推奨（買い目+2点）', 'tenji_trigger': '展示確認: ヒモ分散レース。1号艇伸び確認後、広めのヒモ流しを採用。穴ヒモ（5・6号艇）を積極的に含める。'}",,,28.6,逃げ狙い,14.72,32.6,2,,,,,,,,,,,
2026-01-14,丸亀,10,1,大野芳顕,A2,35.44,1,◎,65.1505,,0,92.5,0.1462,2.484,,,0,低,139,0,逃1%,142234,0,68.8,1.0219,0.55,,,,,0.09,0.11,0.14,◎,,C,○,,,0.6345,,0.5716,S,82,0,◎1着固定 2-3着流し（5〜8点）,0.5777,"{'is_target': True, 'verdict': '点数絞り', 'max_combo_prob': 0.0937, 'est_top_odds': 14.2, 'circle_concentration': 74.7, 'eligible_count': 6, 'bet_adj': 0, 'reason': 'rel_win1=65.2%（本命度） / 最有力組み合わせ確率: 0.094（推定実オッズ?14倍） / 2着集中度: 上位2艇 74.7%（補正+0.04） / 総合判定確率: 0.134 / → ヒモはやや固め。上位2艇以外を切ること', 'tenji_trigger': '展示確認: 1号艇伸び良→そのまま採用。悪→飛び組に差し替え。circle_pct上位2艇に絞り込むこと。'}",,,26.6,逃げ狙い,13.01,28.3,3,,,,,0,0,0.7559,0,,逃げ軸流し,A
2026-01-14,丸亀,10,2,川上　剛,A2,27.17,2,△,7.8639,39.5,64,59.5,0.1554,3.4684,,,0,低,143,0,-,312 62,0,51.1,1.1334,0,0.0278,0.0278,0,0,0,0.2346,0.0211,,,D,△,,0.2263,0.632,,0.5716,S,82,0,◎1着固定 2-3着流し（5〜8点）,0.5777,"{'is_target': True, 'verdict': '点数絞り', 'max_combo_prob': 0.0937, 'est_top_odds': 14.2, 'circle_concentration': 74.7, 'eligible_count': 6, 'bet_adj': 0, 'reason': 'rel_win1=65.2%（本命度） / 最有力組み合わせ確率: 0.094（推定実オッズ?14倍） / 2着集中度: 上位2艇 74.7%（補正+0.04） / 総合判定確率: 0.134 / → ヒモはやや固め。上位2艇以外を切ること', 'tenji_trigger': '展示確認: 1号艇伸び良→そのまま採用。悪→飛び組に差し替え。circle_pct上位2艇に絞り込むこと。'}",,,26.6,逃げ狙い,13.01,28.3,3,,,,,,,,,,,
2026-01-14,丸亀,10,3,山田雄太,B1,36.67,3,○,13.3927,35.1,73,62.5,0.1434,3.1953,,,0,低,64,0,-,341 36,0,94,1.9212,0,0,0.0323,0.0645,0.0645,0.016,0.2,0.048,,,B,◎,,0.3219,0.6615,,0.5716,S,82,0,◎1着固定 2-3着流し（5〜8点）,0.5777,"{'is_target': True, 'verdict': '点数絞り', 'max_combo_prob': 0.0937, 'est_top_odds': 14.2, 'circle_concentration': 74.7, 'eligible_count': 6, 'bet_adj': 0, 'reason': 'rel_win1=65.2%（本命度） / 最有力組み合わせ確率: 0.094（推定実オッズ?14倍） / 2着集中度: 上位2艇 74.7%（補正+0.04） / 総合判定確率: 0.134 / → ヒモはやや固め。上位2艇以外を切ること', 'tenji_trigger': '展示確認: 1号艇伸び良→そのまま採用。悪→飛び組に差し替え。circle_pct上位2艇に絞り込むこと。'}",,,26.6,逃げ狙い,13.01,28.3,3,,,,,,,,,,,
2026-01-14,丸亀,10,4,奥田　誠,B1,25.58,4,,7.2601,6.5,100,50.9,0.1657,4.0755,,,0,低,163,0,-,231 26,0,42.4,0.98,0,0,0.0385,0.0769,0,0.1771,0.0571,0.139,,,E,,,0.2354,0.6205,,0.5716,S,82,0,◎1着固定 2-3着流し（5〜8点）,0.5777,"{'is_target': True, 'verdict': '点数絞り', 'max_combo_prob': 0.0937, 'est_top_odds': 14.2, 'circle_concentration': 74.7, 'eligible_count': 6, 'bet_adj': 0, 'reason': 'rel_win1=65.2%（本命度） / 最有力組み合わせ確率: 0.094（推定実オッズ?14倍） / 2着集中度: 上位2艇 74.7%（補正+0.04） / 総合判定確率: 0.134 / → ヒモはやや固め。上位2艇以外を切ること', 'tenji_trigger': '展示確認: 1号艇伸び良→そのまま採用。悪→飛び組に差し替え。circle_pct上位2艇に絞り込むこと。'}",,,26.6,逃げ狙い,13.01,28.3,3,,,,,,,,,,,
2026-01-14,丸亀,10,5,出畑孝典,A2,37.65,5,▲,4.6787,17.3,57,42.9,0.1464,3.4196,,,0,低,124,0,-,165421,0,49.2,1.0652,,,,,,0.4352,0.1165,0.1319,,,B,△,,0.3281,0.629,,0.5716,S,82,0,◎1着固定 2-3着流し（5〜8点）,0.5777,"{'is_target': True, 'verdict': '点数絞り', 'max_combo_prob': 0.0937, 'est_top_odds': 14.2, 'circle_concentration': 74.7, 'eligible_count': 6, 'bet_adj': 0, 'reason': 'rel_win1=65.2%（本命度） / 最有力組み合わせ確率: 0.094（推定実オッズ?14倍） / 2着集中度: 上位2艇 74.7%（補正+0.04） / 総合判定確率: 0.134 / → ヒモはやや固め。上位2艇以外を切ること', 'tenji_trigger': '展示確認: 1号艇伸び良→そのまま採用。悪→飛び組に差し替え。circle_pct上位2艇に絞り込むこと。'}",,,26.6,逃げ狙い,13.01,28.3,3,,,,,,,,,,,
2026-01-14,丸亀,10,6,佐藤　旭,B1,29.67,6,,1.6542,1.5,45,23.2,0.185,4.5179,,,0,低,162,0,-,161 52,0,27.6,0.7406,,,,,,0.0706,0.2441,0.0706,,,D,,,0.2031,0.628,,0.5716,S,82,0,◎1着固定 2-3着流し（5〜8点）,0.5777,"{'is_target': True, 'verdict': '点数絞り', 'max_combo_prob': 0.0937, 'est_top_odds': 14.2, 'circle_concentration': 74.7, 'eligible_count': 6, 'bet_adj': 0, 'reason': 'rel_win1=65.2%（本命度） / 最有力組み合わせ確率: 0.094（推定実オッズ?14倍） / 2着集中度: 上位2艇 74.7%（補正+0.04） / 総合判定確率: 0.134 / → ヒモはやや固め。上位2艇以外を切ること', 'tenji_trigger': '展示確認: 1号艇伸び良→そのまま採用。悪→飛び組に差し替え。circle_pct上位2艇に絞り込むこと。'}",,,26.6,逃げ狙い,13.01,28.3,3,,,,,,,,,,,
2026-01-14,丸亀,11,1,大須賀友,A2,25.93,1,◎,64.7174,,0,93.9,0.1391,2.9329,,,0,低,116,0,逃1%,423134,0,91,1.205,0.7419,,,,,0.0516,0.1258,0.0129,◎,,C,△,,,0.599,,0.5865,S,86,0,◎1着固定 2-3着流し（5〜8点）,0.5777,"{'is_target': True, 'verdict': '参加推奨', 'max_combo_prob': 0.0764, 'est_top_odds': 17.4, 'circle_concentration': 59.0, 'eligible_count': 6, 'bet_adj': 2, 'reason': 'rel_win1=64.7%（本命度） / 最有力組み合わせ確率: 0.076（推定実オッズ?17倍） / 2着集中度: 上位2艇 59.0%（補正+0.00） / 総合判定確率: 0.076 / → ヒモ分散。1号艇1着固定で広めのヒモ流し推奨（買い目+2点）', 'tenji_trigger': '展示確認: ヒモ分散レース。1号艇伸び確認後、広めのヒモ流しを採用。穴ヒモ（5・6号艇）を積極的に含める。\n展示で1号艇スタート超安定(0.139秒)→ヒモ固まり方向に注意'}",,,27.4,逃げ狙い,17.48,26.7,4,,,,,0,0,0.7559,0,,逃げ軸流し,A
2026-01-14,丸亀,11,2,福田　理,B1,25.00,2,△,11.0233,20.9,61,36.5,0.169,3.5635,,,0,低,126,0,-,3 251,0,79.5,1.5131,0,0.0625,0.0625,0,0,0.1446,0.4967,0.1446,,,C,,,0.0639,0.594,,0.5865,S,86,0,◎1着固定 2-3着流し（5〜8点）,0.5777,"{'is_target': True, 'verdict': '参加推奨', 'max_combo_prob': 0.0764, 'est_top_odds': 17.4, 'circle_concentration': 59.0, 'eligible_count': 6, 'bet_adj': 2, 'reason': 'rel_win1=64.7%（本命度） / 最有力組み合わせ確率: 0.076（推定実オッズ?17倍） / 2着集中度: 上位2艇 59.0%（補正+0.00） / 総合判定確率: 0.076 / → ヒモ分散。1号艇1着固定で広めのヒモ流し推奨（買い目+2点）', 'tenji_trigger': '展示確認: ヒモ分散レース。1号艇伸び確認後、広めのヒモ流しを採用。穴ヒモ（5・6号艇）を積極的に含める。\n展示で1号艇スタート超安定(0.139秒)→ヒモ固まり方向に注意'}",,,27.4,逃げ狙い,17.48,26.7,4,,,,,,,,,,,
2026-01-14,丸亀,11,3,長岡良也,A1,23.46,3,,11.0683,36.3,100,71.9,0.1602,3.2105,,,0,低,104,0,差0% 差ま0% 抜0%,253 13,0,58.6,1.2802,0,0.0435,0,0.0435,0.0435,0.1417,0.0972,0.1194,,,D,△,,0.1811,0.6505,,0.5865,S,86,0,◎1着固定 2-3着流し（5〜8点）,0.5777,"{'is_target': True, 'verdict': '参加推奨', 'max_combo_prob': 0.0764, 'est_top_odds': 17.4, 'circle_concentration': 59.0, 'eligible_count': 6, 'bet_adj': 2, 'reason': 'rel_win1=64.7%（本命度） / 最有力組み合わせ確率: 0.076（推定実オッズ?17倍） / 2着集中度: 上位2艇 59.0%（補正+0.00） / 総合判定確率: 0.076 / → ヒモ分散。1号艇1着固定で広めのヒモ流し推奨（買い目+2点）', 'tenji_trigger': '展示確認: ヒモ分散レース。1号艇伸び確認後、広めのヒモ流しを採用。穴ヒモ（5・6号艇）を積極的に含める。\n展示で1号艇スタート超安定(0.139秒)→ヒモ固まり方向に注意'}",,,27.4,逃げ狙い,17.48,26.7,4,,,,,,,,,,,
2026-01-14,丸亀,11,4,伊藤啓三,B1,34.44,4,○,9.3149,22.7,76,58.2,0.1273,2.5364,,,0,低,78,0,-,2 421,0,61.5,1.1998,,,,,,0.2727,0.3455,0.0364,,,B,○,◎,0.3591,0.6695,0.4164,0.5865,S,86,0,◎1着固定 2-3着流し（5〜8点）,0.5777,"{'is_target': True, 'verdict': '参加推奨', 'max_combo_prob': 0.0764, 'est_top_odds': 17.4, 'circle_concentration': 59.0, 'eligible_count': 6, 'bet_adj': 2, 'reason': 'rel_win1=64.7%（本命度） / 最有力組み合わせ確率: 0.076（推定実オッズ?17倍） / 2着集中度: 上位2艇 59.0%（補正+0.00） / 総合判定確率: 0.076 / → ヒモ分散。1号艇1着固定で広めのヒモ流し推奨（買い目+2点）', 'tenji_trigger': '展示確認: ヒモ分散レース。1号艇伸び確認後、広めのヒモ流しを採用。穴ヒモ（5・6号艇）を積極的に含める。\n展示で1号艇スタート超安定(0.139秒)→ヒモ固まり方向に注意'}",,,27.4,逃げ狙い,17.48,26.7,4,,,,,,,,,,,
2026-01-14,丸亀,11,5,亀本勇樹,B1,25.68,5,▲,2.923,16.3,58,47.1,0.1459,3.5882,,,0,低,75,0,-,3 433,0,75.2,1.3986,,,,,,0.2083,0.05,0.125,,,C,,,0.2884,0.5815,,0.5865,S,86,0,◎1着固定 2-3着流し（5〜8点）,0.5777,"{'is_target': True, 'verdict': '参加推奨', 'max_combo_prob': 0.0764, 'est_top_odds': 17.4, 'circle_concentration': 59.0, 'eligible_count': 6, 'bet_adj': 2, 'reason': 'rel_win1=64.7%（本命度） / 最有力組み合わせ確率: 0.076（推定実オッズ?17倍） / 2着集中度: 上位2艇 59.0%（補正+0.00） / 総合判定確率: 0.076 / → ヒモ分散。1号艇1着固定で広めのヒモ流し推奨（買い目+2点）', 'tenji_trigger': '展示確認: ヒモ分散レース。1号艇伸び確認後、広めのヒモ流しを採用。穴ヒモ（5・6号艇）を積極的に含める。\n展示で1号艇スタート超安定(0.139秒)→ヒモ固まり方向に注意'}",,,27.4,逃げ狙い,17.48,26.7,4,,,,,,,,,,,
2026-01-14,丸亀,11,6,牧原　崇,B1,20.59,6,,0.953,3.8,94,29.3,0.204,4.7414,,,0,低,174,0,-,5 145,0,32.3,0.6658,,,,,,0.0258,0.2016,0.2274,,,E,◎,,0.135,0.6775,,0.5865,S,86,0,◎1着固定 2-3着流し（5〜8点）,0.5777,"{'is_target': True, 'verdict': '参加推奨', 'max_combo_prob': 0.0764, 'est_top_odds': 17.4, 'circle_concentration': 59.0, 'eligible_count': 6, 'bet_adj': 2, 'reason': 'rel_win1=64.7%（本命度） / 最有力組み合わせ確率: 0.076（推定実オッズ?17倍） / 2着集中度: 上位2艇 59.0%（補正+0.00） / 総合判定確率: 0.076 / → ヒモ分散。1号艇1着固定で広めのヒモ流し推奨（買い目+2点）', 'tenji_trigger': '展示確認: ヒモ分散レース。1号艇伸び確認後、広めのヒモ流しを採用。穴ヒモ（5・6号艇）を積極的に含める。\n展示で1号艇スタート超安定(0.139秒)→ヒモ固まり方向に注意'}",,,27.4,逃げ狙い,17.48,26.7,4,,,,,,,,,,,
2026-01-14,丸亀,12,1,里岡右貴,A1,41.67,1,◎,53.1356,,0,91.4,0.1366,2.5,,,0,低,75,0,逃1%,141 22,0,76,1.1351,0.64,,,,,0.115,0.139,0.024,◎,,A,△,,,0.641,,0.556,A,72,0,◎-○軸 3着3〜4艇流し（10〜15点）,0.5777,"{'is_target': True, 'verdict': '参加推奨', 'max_combo_prob': 0.0529, 'est_top_odds': 25.2, 'circle_concentration': 61.7, 'eligible_count': 8, 'bet_adj': 2, 'reason': 'rel_win1=53.1%（本命度） / 最有力組み合わせ確率: 0.053（推定実オッズ?25倍） / 2着集中度: 上位2艇 61.7%（補正+0.00） / 総合判定確率: 0.053 / → ヒモ分散。1号艇1着固定で広めのヒモ流し推奨（買い目+2点）', 'tenji_trigger': '展示確認: ヒモ分散レース。1号艇伸び確認後、広めのヒモ流しを採用。穴ヒモ（5・6号艇）を積極的に含める。\n展示で1号艇スタート超安定(0.137秒)→ヒモ固まり方向に注意'}",,,31.9,逃げ狙い,30.67,28.3,4,,,,,0,0,0.7559,0,,逃げ軸流し,A
2026-01-14,丸亀,12,2,中村泰平,A1,21.79,2,,9.4918,37.1,80,72.2,0.1586,3.1806,,,0,低,80,0,ま0%,13314,0,86.3,1.1391,0,0,0.125,0,0,0.1864,0.0182,0.0364,,,E,,,0.1154,0.6085,,0.556,A,72,0,◎-○軸 3着3〜4艇流し（10〜15点）,0.5777,"{'is_target': True, 'verdict': '参加推奨', 'max_combo_prob': 0.0529, 'est_top_odds': 25.2, 'circle_concentration': 61.7, 'eligible_count': 8, 'bet_adj': 2, 'reason': 'rel_win1=53.1%（本命度） / 最有力組み合わせ確率: 0.053（推定実オッズ?25倍） / 2着集中度: 上位2艇 61.7%（補正+0.00） / 総合判定確率: 0.053 / → ヒモ分散。1号艇1着固定で広めのヒモ流し推奨（買い目+2点）', 'tenji_trigger': '展示確認: ヒモ分散レース。1号艇伸び確認後、広めのヒモ流しを採用。穴ヒモ（5・6号艇）を積極的に含める。\n展示で1号艇スタート超安定(0.137秒)→ヒモ固まり方向に注意'}",,,31.9,逃げ狙い,30.67,28.3,4,,,,,,,,,,,
2026-01-14,丸亀,12,3,浜先真範,A1,32.93,3,○,12.672,18.3,100,70.5,0.1409,2.6477,,,0,低,66,0,ま0% 差ま0%,22132,0,45.7,1.3029,0,0,0.1,0.2,0,0.01,0.02,0.02,,,C,○,,0.3278,0.647,,0.556,A,72,0,◎-○軸 3着3〜4艇流し（10〜15点）,0.5777,"{'is_target': True, 'verdict': '参加推奨', 'max_combo_prob': 0.0529, 'est_top_odds': 25.2, 'circle_concentration': 61.7, 'eligible_count': 8, 'bet_adj': 2, 'reason': 'rel_win1=53.1%（本命度） / 最有力組み合わせ確率: 0.053（推定実オッズ?25倍） / 2着集中度: 上位2艇 61.7%（補正+0.00） / 総合判定確率: 0.053 / → ヒモ分散。1号艇1着固定で広めのヒモ流し推奨（買い目+2点）', 'tenji_trigger': '展示確認: ヒモ分散レース。1号艇伸び確認後、広めのヒモ流しを採用。穴ヒモ（5・6号艇）を積極的に含める。\n展示で1号艇スタート超安定(0.137秒)→ヒモ固まり方向に注意'}",,,31.9,逃げ狙い,30.67,28.3,4,,,,,,,,,,,
2026-01-14,丸亀,12,4,上野真之,A1,27.03,4,▲,14.8587,24.5,96,84.2,0.1226,2.9474,,,0,低,15,0,差0% ま0%,416 21,0,94.2,1.7664,0,0.0769,0.2308,0,0,0,0,0.1333,,◎,D,◎,◎,0.4107,0.812,0.5069,0.556,A,72,0,◎-○軸 3着3〜4艇流し（10〜15点）,0.5777,"{'is_target': True, 'verdict': '参加推奨', 'max_combo_prob': 0.0529, 'est_top_odds': 25.2, 'circle_concentration': 61.7, 'eligible_count': 8, 'bet_adj': 2, 'reason': 'rel_win1=53.1%（本命度） / 最有力組み合わせ確率: 0.053（推定実オッズ?25倍） / 2着集中度: 上位2艇 61.7%（補正+0.00） / 総合判定確率: 0.053 / → ヒモ分散。1号艇1着固定で広めのヒモ流し推奨（買い目+2点）', 'tenji_trigger': '展示確認: ヒモ分散レース。1号艇伸び確認後、広めのヒモ流しを採用。穴ヒモ（5・6号艇）を積極的に含める。\n展示で1号艇スタート超安定(0.137秒)→ヒモ固まり方向に注意'}",,,31.9,逃げ狙い,30.67,28.3,4,,,,,,,,,,,
2026-01-14,丸亀,12,5,河野　大,A2,39.76,5,△,6.1964,19.5,92,62.5,0.16,3.4688,,,0,低,88,0,差ま0%,21331,0,40.3,1.6669,0,0,0,0.0476,0,0.1143,0.0381,0.0286,,,B,△,○,0.2248,0.6455,0.2745,0.556,A,72,0,◎-○軸 3着3〜4艇流し（10〜15点）,0.5777,"{'is_target': True, 'verdict': '参加推奨', 'max_combo_prob': 0.0529, 'est_top_odds': 25.2, 'circle_concentration': 61.7, 'eligible_count': 8, 'bet_adj': 2, 'reason': 'rel_win1=53.1%（本命度） / 最有力組み合わせ確率: 0.053（推定実オッズ?25倍） / 2着集中度: 上位2艇 61.7%（補正+0.00） / 総合判定確率: 0.053 / → ヒモ分散。1号艇1着固定で広めのヒモ流し推奨（買い目+2点）', 'tenji_trigger': '展示確認: ヒモ分散レース。1号艇伸び確認後、広めのヒモ流しを採用。穴ヒモ（5・6号艇）を積極的に含める。\n展示で1号艇スタート超安定(0.137秒)→ヒモ固まり方向に注意'}",,,31.9,逃げ狙い,30.67,28.3,4,,,,,,,,,,,
2026-01-14,丸亀,12,6,竹田辰也,A1,30.61,6,,3.6454,0.5,85,34,0.1828,3.9528,,,0,低,94,0,-,3 1541,0,34,1.0892,0,0,0,0.04,0,0.019,0.0476,0.2071,,,D,,,0.1578,0.6225,,0.556,A,72,0,◎-○軸 3着3〜4艇流し（10〜15点）,0.5777,"{'is_target': True, 'verdict': '参加推奨', 'max_combo_prob': 0.0529, 'est_top_odds': 25.2, 'circle_concentration': 61.7, 'eligible_count': 8, 'bet_adj': 2, 'reason': 'rel_win1=53.1%（本命度） / 最有力組み合わせ確率: 0.053（推定実オッズ?25倍） / 2着集中度: 上位2艇 61.7%（補正+0.00） / 総合判定確率: 0.053 / → ヒモ分散。1号艇1着固定で広めのヒモ流し推奨（買い目+2点）', 'tenji_trigger': '展示確認: ヒモ分散レース。1号艇伸び確認後、広めのヒモ流しを採用。穴ヒモ（5・6号艇）を積極的に含める。\n展示で1号艇スタート超安定(0.137秒)→ヒモ固まり方向に注意'}",,,31.9,逃げ狙い,30.67,28.3,4,,,,,,,,,,,
2026-01-17,丸亀,1,1,大廣咲季,B1,30.43,1,◎,60.7969,,0,25,0.1888,3.5625,,,0,低,81,1,逃0%,,0,44.6,0.586,0.3333,,,,,0.3333,0.3333,0,△⚠️,,D,△,,,0.543,,0.2596,D,21,1,大荒れ。見送り推奨,0.5777,"{'is_target': True, 'verdict': '点数絞り', 'max_combo_prob': 0.1232, 'est_top_odds': 10.8, 'circle_concentration': 79.2, 'eligible_count': 6, 'bet_adj': 0, 'reason': 'rel_win1=60.8%（本命度） / 最有力組み合わせ確率: 0.123（推定実オッズ?11倍） / 2着集中度: 上位2艇 79.2%（補正+0.04） / 総合判定確率: 0.163 / → ヒモはやや固め。上位2艇以外を切ること', 'tenji_trigger': '展示確認: 1号艇伸び良→そのまま採用。悪→飛び組に差し替え。circle_pct上位2艇に絞り込むこと。\n展示で1号艇スタート遅め(0.189秒)確認→ヒモが荒れやすい'}",,,31.9,両建て推奨,13.68,42.8,4,3-5-4|3-4-5|3-5-6|3-4-6|3-5-2|3-2-5|3-4-2|1-3-2|1-3-5|1-2-3|1-2-5,3-5-4|3-4-5|3-5-6|3-4-6|3-5-2|3-2-5|3-4-2|1-3-2|1-3-5|6-1-2|1-2-3|1-2-5,3-5-4:1.3%|3-4-5:1.26%|3-5-6:0.82%|3-4-6:0.7%|3-5-2:0.41%|3-2-5:0.35%|3-4-2:0.35%|1-3-2:5.12%|1-3-5:5.12%|1-2-3:3.88%|1-2-5:3.72%,3-5-4:B_main|3-4-5:B_main|3-5-6:B_main|3-4-6:B_main|3-5-2:B_main|3-2-5:B_main|3-4-2:B_main|1-3-2:A|1-3-5:A|1-2-3:A|1-2-5:A,11,12,0.4535,1,[!]見送り推奨（主役決まり手「まくり」― 逃げ劣勢レースで的中実績なし）,主役軸流し,B
2026-01-17,丸亀,1,2,菅野はや,B2,36.59,2,△,9.6581,30.9,100,28.6,0.2075,4.5179,,,0,低,78,0,-,,0,65.4,0.5379,,,,,,0.125,0.125,0.125,,,C,,,0.1405,0.5285,,0.2596,D,21,1,大荒れ。見送り推奨,0.5777,"{'is_target': True, 'verdict': '点数絞り', 'max_combo_prob': 0.1232, 'est_top_odds': 10.8, 'circle_concentration': 79.2, 'eligible_count': 6, 'bet_adj': 0, 'reason': 'rel_win1=60.8%（本命度） / 最有力組み合わせ確率: 0.123（推定実オッズ?11倍） / 2着集中度: 上位2艇 79.2%（補正+0.04） / 総合判定確率: 0.163 / → ヒモはやや固め。上位2艇以外を切ること', 'tenji_trigger': '展示確認: 1号艇伸び良→そのまま採用。悪→飛び組に差し替え。circle_pct上位2艇に絞り込むこと。\n展示で1号艇スタート遅め(0.189秒)確認→ヒモが荒れやすい'}",,,31.9,両建て推奨,13.68,42.8,4,,,,,,,,,,,
2026-01-17,丸亀,1,3,三嶌ここ,B1,38.89,3,▲,12.5618,48.2,72,41.2,0.1953,4.4412,,,0,低,114,0,ま0%,,0,71.6,1.1967,0,0,0.0588,0,0,0.0571,0.0571,0.3143,,,B,△,,0.2534,0.553,,0.2596,D,21,1,大荒れ。見送り推奨,0.5777,"{'is_target': True, 'verdict': '点数絞り', 'max_combo_prob': 0.1232, 'est_top_odds': 10.8, 'circle_concentration': 79.2, 'eligible_count': 6, 'bet_adj': 0, 'reason': 'rel_win1=60.8%（本命度） / 最有力組み合わせ確率: 0.123（推定実オッズ?11倍） / 2着集中度: 上位2艇 79.2%（補正+0.04） / 総合判定確率: 0.163 / → ヒモはやや固め。上位2艇以外を切ること', 'tenji_trigger': '展示確認: 1号艇伸び良→そのまま採用。悪→飛び組に差し替え。circle_pct上位2艇に絞り込むこと。\n展示で1号艇スタート遅め(0.189秒)確認→ヒモが荒れやすい'}",,,31.9,両建て推奨,13.68,42.8,4,,,,,,,,,,,
2026-01-17,丸亀,1,4,池田浩美,B1,27.08,4,,9.7032,9.8,48,12.5,0.1929,3.9792,,,0,低,68,0,-,,0,41,0.714,,,,,,0.375,0,0.125,,,E,○,,0.2971,0.614,,0.2596,D,21,1,大荒れ。見送り推奨,0.5777,"{'is_target': True, 'verdict': '点数絞り', 'max_combo_prob': 0.1232, 'est_top_odds': 10.8, 'circle_concentration': 79.2, 'eligible_count': 6, 'bet_adj': 0, 'reason': 'rel_win1=60.8%（本命度） / 最有力組み合わせ確率: 0.123（推定実オッズ?11倍） / 2着集中度: 上位2艇 79.2%（補正+0.04） / 総合判定確率: 0.163 / → ヒモはやや固め。上位2艇以外を切ること', 'tenji_trigger': '展示確認: 1号艇伸び良→そのまま採用。悪→飛び組に差し替え。circle_pct上位2艇に絞り込むこと。\n展示で1号艇スタート遅め(0.189秒)確認→ヒモが荒れやすい'}",,,31.9,両建て推奨,13.68,42.8,4,,,,,,,,,,,
2026-01-17,丸亀,1,5,渡辺千草,B1,40.00,5,○,5.8937,9.8,67,28.1,0.1706,3.2656,,,0,低,79,0,-,,0,22.7,0.856,,,,,,0.3,0.3,0.3,,,B,◎,,0.3679,0.622,,0.2596,D,21,1,大荒れ。見送り推奨,0.5777,"{'is_target': True, 'verdict': '点数絞り', 'max_combo_prob': 0.1232, 'est_top_odds': 10.8, 'circle_concentration': 79.2, 'eligible_count': 6, 'bet_adj': 0, 'reason': 'rel_win1=60.8%（本命度） / 最有力組み合わせ確率: 0.123（推定実オッズ?11倍） / 2着集中度: 上位2艇 79.2%（補正+0.04） / 総合判定確率: 0.163 / → ヒモはやや固め。上位2艇以外を切ること', 'tenji_trigger': '展示確認: 1号艇伸び良→そのまま採用。悪→飛び組に差し替え。circle_pct上位2艇に絞り込むこと。\n展示で1号艇スタート遅め(0.189秒)確認→ヒモが荒れやすい'}",,,31.9,両建て推奨,13.68,42.8,4,,,,,,,,,,,
2026-01-17,丸亀,1,6,赤松咲香,B2,33.70,6,,1.3863,1.2,23,1.6,0.1911,4.3607,,,0,低,41,0,-,,0,35.6,0.5461,,,,,,,,,,,C,,,0.3027,0.535,,0.2596,D,21,1,大荒れ。見送り推奨,0.5777,"{'is_target': True, 'verdict': '点数絞り', 'max_combo_prob': 0.1232, 'est_top_odds': 10.8, 'circle_concentration': 79.2, 'eligible_count': 6, 'bet_adj': 0, 'reason': 'rel_win1=60.8%（本命度） / 最有力組み合わせ確率: 0.123（推定実オッズ?11倍） / 2着集中度: 上位2艇 79.2%（補正+0.04） / 総合判定確率: 0.163 / → ヒモはやや固め。上位2艇以外を切ること', 'tenji_trigger': '展示確認: 1号艇伸び良→そのまま採用。悪→飛び組に差し替え。circle_pct上位2艇に絞り込むこと。\n展示で1号艇スタート遅め(0.189秒)確認→ヒモが荒れやすい'}",,,31.9,両建て推奨,13.68,42.8,4,,,,,,,,,,,
2026-01-17,丸亀,2,1,喜多那由,B1,27.08,1,○,40.332,,0,64.3,0.1661,3.8214,,,0,低,95,0,逃0%,,0,58.6,0.8196,0.2143,,,,,0.2643,0.0857,0.4143,,,E,○,,,0.6495,,0.1909,C,35,0,荒れ傾向。高配当狙いか見送り,0.5777,"{'is_target': False, 'verdict': '対象外', 'max_combo_prob': None, 'est_top_odds': None, 'circle_concentration': None, 'eligible_count': 0, 'bet_adj': 0, 'reason': '1号艇rel_win1 < 45%: 通常判定に委ねる', 'tenji_trigger': ''}",,,36.6,両建て推奨,18.83,37.7,4,3-1-4|3-1-5|3-1-6|3-4-1|3-6-1|3-4-5|3-4-6|1-3-4|1-2-4|1-3-6,3-1-4|3-1-5|3-1-6|3-4-1|3-6-1|3-4-5|3-4-6|4-1-6|5-1-6|1-3-4|1-2-4|1-3-6,3-1-4:3.62%|3-1-5:1.63%|3-1-6:1.47%|3-4-1:1.33%|3-6-1:0.45%|3-4-5:0.32%|3-4-6:0.29%|1-3-4:4.33%|1-2-4:3.77%|1-3-6:3.43%,3-1-4:B_main|3-1-5:B_main|3-1-6:B_main|3-4-1:B_main|3-6-1:B_main|3-4-5:B_main|3-4-6:B_main|1-3-4:A|1-2-4:A|1-3-6:A,10,12,0.2915,1,[!]見送り推奨（主役決まり手「まくり差し」― 逃げ劣勢レースで的中実績なし）,主役軸流し,B
2026-01-17,丸亀,2,2,中谷朋子,B1,28.89,2,,13.2042,38.7,91,37.5,0.21,5.0625,,,0,低,24,1,-,,0,17.9,0.6748,,,,,,0,0.3333,0.1667,,,D,,,0.1171,0.5805,,0.1909,C,35,0,荒れ傾向。高配当狙いか見送り,0.5777,"{'is_target': False, 'verdict': '対象外', 'max_combo_prob': None, 'est_top_odds': None, 'circle_concentration': None, 'eligible_count': 0, 'bet_adj': 0, 'reason': '1号艇rel_win1 < 45%: 通常判定に委ねる', 'tenji_trigger': ''}",,,36.6,両建て推奨,18.83,37.7,4,,,,,,,,,,,
2026-01-17,丸亀,2,3,中北　涼,B1,37.00,3,△,11.8929,29,88,16.7,0.1344,2.9444,,,0,低,39,0,-,,0,49.2,0.7035,,,,,,0.3333,0.4444,0,,◎,C,△,,0.4921,0.612,,0.1909,C,35,0,荒れ傾向。高配当狙いか見送り,0.5777,"{'is_target': False, 'verdict': '対象外', 'max_combo_prob': None, 'est_top_odds': None, 'circle_concentration': None, 'eligible_count': 0, 'bet_adj': 0, 'reason': '1号艇rel_win1 < 45%: 通常判定に委ねる', 'tenji_trigger': ''}",,,36.6,両建て推奨,18.83,37.7,4,,,,,,,,,,,
2026-01-17,丸亀,2,4,谷川里江,B1,35.96,4,◎,24.3553,16.8,58,42.3,0.1177,2.1154,,,0,低,57,0,差ま0%,,0,84.8,1.4245,0,0,0,0.1,0,0.1,0.6,0,,○,C,,◎,0.4839,0.549,0.389,0.1909,C,35,0,荒れ傾向。高配当狙いか見送り,0.5777,"{'is_target': False, 'verdict': '対象外', 'max_combo_prob': None, 'est_top_odds': None, 'circle_concentration': None, 'eligible_count': 0, 'bet_adj': 0, 'reason': '1号艇rel_win1 < 45%: 通常判定に委ねる', 'tenji_trigger': ''}",,,36.6,両建て推奨,18.83,37.7,4,,,,,,,,,,,
2026-01-17,丸亀,2,5,赤井　睦,B1,50.00,5,▲,5.9246,9.2,100,29.4,0.1365,2.8529,,,0,低,24,0,-,,0,29.1,0.886,,,,,,0.1944,0.0444,0.4333,,△,A,△,,0.4188,0.596,,0.1909,C,35,0,荒れ傾向。高配当狙いか見送り,0.5777,"{'is_target': False, 'verdict': '対象外', 'max_combo_prob': None, 'est_top_odds': None, 'circle_concentration': None, 'eligible_count': 0, 'bet_adj': 0, 'reason': '1号艇rel_win1 < 45%: 通常判定に委ねる', 'tenji_trigger': ''}",,,36.6,両建て推奨,18.83,37.7,4,,,,,,,,,,,
2026-01-17,丸亀,2,6,松尾夏海,A1,45.65,6,,4.2909,6.3,81,44.4,0.1615,3.1852,,,0,低,45,0,-,,0,54.9,1.0392,0,0,0,0,0.1667,,,,,,B,◎,,0.3375,0.684,,0.1909,C,35,0,荒れ傾向。高配当狙いか見送り,0.5777,"{'is_target': False, 'verdict': '対象外', 'max_combo_prob': None, 'est_top_odds': None, 'circle_concentration': None, 'eligible_count': 0, 'bet_adj': 0, 'reason': '1号艇rel_win1 < 45%: 通常判定に委ねる', 'tenji_trigger': ''}",,,36.6,両建て推奨,18.83,37.7,4,,,,,,,,,,,
2026-01-17,丸亀,3,1,水口由紀,B1,41.18,1,◎,50.2677,,0,64.3,0.1843,3.75,,,0,低,92,0,-,,0,75.7,0.969,0.4,,,,,0.24,0.08,0.08,△,,B,,,,0.568,,0.2757,B,54,0,◎○△フォーメーション（15〜20点）,0.5777,"{'is_target': True, 'verdict': '点数絞り', 'max_combo_prob': 0.0896, 'est_top_odds': 14.9, 'circle_concentration': 73.1, 'eligible_count': 9, 'bet_adj': 0, 'reason': 'rel_win1=50.3%（本命度） / 最有力組み合わせ確率: 0.090（推定実オッズ?15倍） / 2着集中度: 上位2艇 73.1%（補正+0.04） / 総合判定確率: 0.130 / → ヒモはやや固め。上位2艇以外を切ること', 'tenji_trigger': '展示確認: 1号艇伸び良→そのまま採用。悪→飛び組に差し替え。circle_pct上位2艇に絞り込むこと。\n展示で1号艇スタート遅め(0.184秒)確認→ヒモが荒れやすい'}",,,31,両建て推奨,19.52,35.3,4,4-5-6|4-5-1|1-2-4|1-2-3|1-3-4|1-4-3|1-3-2,2-1-3|4-5-6|3-1-5|2-3-1|3-5-1|2-1-5|4-5-1|1-2-4|1-2-3|1-3-4|1-4-3|1-3-2,4-5-6:1.66%|4-5-1:1.36%|1-2-4:9.21%|1-2-3:6.9%|1-3-4:6.02%|1-4-3:4.3%|1-3-2:3.92%,4-5-6:B_main|4-5-1:B_main|1-2-4:A|1-2-3:A|1-3-4:A|1-4-3:A|1-3-2:A,7,12,0.4535,1,[!]見送り推奨（主役決まり手「まくり」― 逃げ劣勢レースで的中実績なし）,荒れ広め,D
2026-01-17,丸亀,3,2,福山恵里,B1,29.55,2,△,8.2182,46.3,71,28.6,0.1724,3.9762,,,0,低,42,0,-,,0,35,0.5379,,,,,,0.19,0.46,0,,○,D,,,0.4465,0.498,,0.2757,B,54,0,◎○△フォーメーション（15〜20点）,0.5777,"{'is_target': True, 'verdict': '点数絞り', 'max_combo_prob': 0.0896, 'est_top_odds': 14.9, 'circle_concentration': 73.1, 'eligible_count': 9, 'bet_adj': 0, 'reason': 'rel_win1=50.3%（本命度） / 最有力組み合わせ確率: 0.090（推定実オッズ?15倍） / 2着集中度: 上位2艇 73.1%（補正+0.04） / 総合判定確率: 0.130 / → ヒモはやや固め。上位2艇以外を切ること', 'tenji_trigger': '展示確認: 1号艇伸び良→そのまま採用。悪→飛び組に差し替え。circle_pct上位2艇に絞り込むこと。\n展示で1号艇スタート遅め(0.184秒)確認→ヒモが荒れやすい'}",,,31,両建て推奨,19.52,35.3,4,,,,,,,,,,,
2026-01-17,丸亀,3,3,坂野さく,B1,32.53,3,▲,18.4569,26.7,100,48.1,0.183,3.5926,,,0,低,76,0,ま0% 差ま0%,,0,58.7,1.1919,0,0,0.125,0.1875,0,0.2889,0.2889,0.2444,,,C,○,,0.3346,0.5865,,0.2757,B,54,0,◎○△フォーメーション（15〜20点）,0.5777,"{'is_target': True, 'verdict': '点数絞り', 'max_combo_prob': 0.0896, 'est_top_odds': 14.9, 'circle_concentration': 73.1, 'eligible_count': 9, 'bet_adj': 0, 'reason': 'rel_win1=50.3%（本命度） / 最有力組み合わせ確率: 0.090（推定実オッズ?15倍） / 2着集中度: 上位2艇 73.1%（補正+0.04） / 総合判定確率: 0.130 / → ヒモはやや固め。上位2艇以外を切ること', 'tenji_trigger': '展示確認: 1号艇伸び良→そのまま採用。悪→飛び組に差し替え。circle_pct上位2艇に絞り込むこと。\n展示で1号艇スタート遅め(0.184秒)確認→ヒモが荒れやすい'}",,,31,両建て推奨,19.52,35.3,4,,,,,,,,,,,
2026-01-17,丸亀,3,4,堀之内紀,A1,38.78,4,○,18.6248,17.1,81,40,0.1356,2.84,,,0,低,60,0,ま0% 差ま0%,,0,81.4,1.3045,0,0,0.125,0.0625,0,0.0909,0.1818,0,,◎,B,△,◎,0.4823,0.5735,0.4113,0.2757,B,54,0,◎○△フォーメーション（15〜20点）,0.5777,"{'is_target': True, 'verdict': '点数絞り', 'max_combo_prob': 0.0896, 'est_top_odds': 14.9, 'circle_concentration': 73.1, 'eligible_count': 9, 'bet_adj': 0, 'reason': 'rel_win1=50.3%（本命度） / 最有力組み合わせ確率: 0.090（推定実オッズ?15倍） / 2着集中度: 上位2艇 73.1%（補正+0.04） / 総合判定確率: 0.130 / → ヒモはやや固め。上位2艇以外を切ること', 'tenji_trigger': '展示確認: 1号艇伸び良→そのまま採用。悪→飛び組に差し替え。circle_pct上位2艇に絞り込むこと。\n展示で1号艇スタート遅め(0.184秒)確認→ヒモが荒れやすい'}",,,31,両建て推奨,19.52,35.3,4,,,,,,,,,,,
2026-01-17,丸亀,3,5,角ひとみ,A2,31.76,5,,3.2626,8.2,62,21.9,0.1791,4.25,,,0,低,104,0,-,,0,24.6,0.6436,,,,,,0.1267,0.1533,0.0267,,,D,◎,,0.3266,0.6195,,0.2757,B,54,0,◎○△フォーメーション（15〜20点）,0.5777,"{'is_target': True, 'verdict': '点数絞り', 'max_combo_prob': 0.0896, 'est_top_odds': 14.9, 'circle_concentration': 73.1, 'eligible_count': 9, 'bet_adj': 0, 'reason': 'rel_win1=50.3%（本命度） / 最有力組み合わせ確率: 0.090（推定実オッズ?15倍） / 2着集中度: 上位2艇 73.1%（補正+0.04） / 総合判定確率: 0.130 / → ヒモはやや固め。上位2艇以外を切ること', 'tenji_trigger': '展示確認: 1号艇伸び良→そのまま採用。悪→飛び組に差し替え。circle_pct上位2艇に絞り込むこと。\n展示で1号艇スタート遅め(0.184秒)確認→ヒモが荒れやすい'}",,,31,両建て推奨,19.52,35.3,4,,,,,,,,,,,
2026-01-17,丸亀,3,6,三嶌さら,B1,37.08,6,,1.1697,1.6,17,3,0.1863,4.0152,,,0,低,82,0,-,,0,26.8,0.555,,,,,,0,0.25,0,,,C,△,,0.3036,0.576,,0.2757,B,54,0,◎○△フォーメーション（15〜20点）,0.5777,"{'is_target': True, 'verdict': '点数絞り', 'max_combo_prob': 0.0896, 'est_top_odds': 14.9, 'circle_concentration': 73.1, 'eligible_count': 9, 'bet_adj': 0, 'reason': 'rel_win1=50.3%（本命度） / 最有力組み合わせ確率: 0.090（推定実オッズ?15倍） / 2着集中度: 上位2艇 73.1%（補正+0.04） / 総合判定確率: 0.130 / → ヒモはやや固め。上位2艇以外を切ること', 'tenji_trigger': '展示確認: 1号艇伸び良→そのまま採用。悪→飛び組に差し替え。circle_pct上位2艇に絞り込むこと。\n展示で1号艇スタート遅め(0.184秒)確認→ヒモが荒れやすい'}",,,31,両建て推奨,19.52,35.3,4,,,,,,,,,,,
2026-01-17,丸亀,4,1,佐藤ほの,B1,30.69,1,◎,52.6162,,0,28.6,0.185,3.25,,,0,低,65,1,-,,0,22.3,0.5544,,,,,,0.3333,0.4444,0.1111,,,E,,,,0.5605,,0.1798,D,19,1,大荒れ。見送り推奨,0.5777,"{'is_target': True, 'verdict': '点数絞り', 'max_combo_prob': 0.0885, 'est_top_odds': 15.1, 'circle_concentration': 79.2, 'eligible_count': 6, 'bet_adj': 0, 'reason': 'rel_win1=52.6%（本命度） / 最有力組み合わせ確率: 0.088（推定実オッズ?15倍） / 2着集中度: 上位2艇 79.2%（補正+0.04） / 総合判定確率: 0.128 / → ヒモはやや固め。上位2艇以外を切ること', 'tenji_trigger': '展示確認: 1号艇伸び良→そのまま採用。悪→飛び組に差し替え。circle_pct上位2艇に絞り込むこと。\n展示で1号艇スタート遅め(0.185秒)確認→ヒモが荒れやすい'}",,,33.3,両建て推奨,13.93,46.7,3,2-1-3|2-1-4|2-1-5|2-3-1|2-5-1|2-5-3|2-3-4|1-2-4|1-2-5|1-3-4,2-1-3|2-1-4|2-1-5|2-3-1|2-5-1|2-5-3|2-3-4|1-2-4|1-2-5|5-1-6|6-1-4|1-3-4,2-1-3:2.59%|2-1-4:2.31%|2-1-5:2.27%|2-3-1:0.78%|2-5-1:0.7%|2-5-3:0.55%|2-3-4:0.55%|1-2-4:5.29%|1-2-5:5.17%|1-3-4:2.99%,2-1-3:B_main|2-1-4:B_main|2-1-5:B_main|2-3-1:B_main|2-5-1:B_main|2-5-3:B_main|2-3-4:B_main|1-2-4:A|1-2-5:A|1-3-4:A,10,12,0.2915,1,[!]見送り推奨（主役決まり手「差し」― 逃げ劣勢レースで的中実績なし）,主役軸流し,B
2026-01-17,丸亀,4,2,池　千夏,B1,42.53,2,△,14.7883,51.4,63,36.4,0.1455,3.0909,,,0,低,8,1,-,,0,24,0.6779,,,,,,0,0.3714,0.3143,,◎,D,◎,,0.5775,0.7065,,0.1798,D,19,1,大荒れ。見送り推奨,0.5777,"{'is_target': True, 'verdict': '点数絞り', 'max_combo_prob': 0.0885, 'est_top_odds': 15.1, 'circle_concentration': 79.2, 'eligible_count': 6, 'bet_adj': 0, 'reason': 'rel_win1=52.6%（本命度） / 最有力組み合わせ確率: 0.088（推定実オッズ?15倍） / 2着集中度: 上位2艇 79.2%（補正+0.04） / 総合判定確率: 0.128 / → ヒモはやや固め。上位2艇以外を切ること', 'tenji_trigger': '展示確認: 1号艇伸び良→そのまま採用。悪→飛び組に差し替え。circle_pct上位2艇に絞り込むこと。\n展示で1号艇スタート遅め(0.185秒)確認→ヒモが荒れやすい'}",,,33.3,両建て推奨,13.93,46.7,3,,,,,,,,,,,
2026-01-17,丸亀,4,3,来田衣織,B1,46.91,3,,10.4387,27.7,100,38.1,0.1848,3.75,,,0,低,96,0,-,,0,23.8,0.809,,,,,,0,0.4,0,,,C,△,,0.311,0.585,,0.1798,D,19,1,大荒れ。見送り推奨,0.5777,"{'is_target': True, 'verdict': '点数絞り', 'max_combo_prob': 0.0885, 'est_top_odds': 15.1, 'circle_concentration': 79.2, 'eligible_count': 6, 'bet_adj': 0, 'reason': 'rel_win1=52.6%（本命度） / 最有力組み合わせ確率: 0.088（推定実オッズ?15倍） / 2着集中度: 上位2艇 79.2%（補正+0.04） / 総合判定確率: 0.128 / → ヒモはやや固め。上位2艇以外を切ること', 'tenji_trigger': '展示確認: 1号艇伸び良→そのまま採用。悪→飛び組に差し替え。circle_pct上位2艇に絞り込むこと。\n展示で1号艇スタート遅め(0.185秒)確認→ヒモが荒れやすい'}",,,33.3,両建て推奨,13.93,46.7,3,,,,,,,,,,,
2026-01-17,丸亀,4,4,井上遥妃,A1,53.09,4,○,12.2312,9.7,72,37,0.1226,3.0185,,,0,低,34,0,差ま0%,,0,57.8,1.0002,0,0,0,0.1429,0,0,0.1944,0.2389,,○,A,○,,0.4822,0.634,,0.1798,D,19,1,大荒れ。見送り推奨,0.5777,"{'is_target': True, 'verdict': '点数絞り', 'max_combo_prob': 0.0885, 'est_top_odds': 15.1, 'circle_concentration': 79.2, 'eligible_count': 6, 'bet_adj': 0, 'reason': 'rel_win1=52.6%（本命度） / 最有力組み合わせ確率: 0.088（推定実オッズ?15倍） / 2着集中度: 上位2艇 79.2%（補正+0.04） / 総合判定確率: 0.128 / → ヒモはやや固め。上位2艇以外を切ること', 'tenji_trigger': '展示確認: 1号艇伸び良→そのまま採用。悪→飛び組に差し替え。circle_pct上位2艇に絞り込むこと。\n展示で1号艇スタート遅め(0.185秒)確認→ヒモが荒れやすい'}",,,33.3,両建て推奨,13.93,46.7,3,,,,,,,,,,,
2026-01-17,丸亀,4,5,戸敷晃美,A2,48.10,5,▲,7.269,7.5,79,42.4,0.1682,3.2576,,,0,低,73,0,-,,0,79.7,1.2262,,,,,,0,0.0444,0.1422,,,B,△,,0.3638,0.589,,0.1798,D,19,1,大荒れ。見送り推奨,0.5777,"{'is_target': True, 'verdict': '点数絞り', 'max_combo_prob': 0.0885, 'est_top_odds': 15.1, 'circle_concentration': 79.2, 'eligible_count': 6, 'bet_adj': 0, 'reason': 'rel_win1=52.6%（本命度） / 最有力組み合わせ確率: 0.088（推定実オッズ?15倍） / 2着集中度: 上位2艇 79.2%（補正+0.04） / 総合判定確率: 0.128 / → ヒモはやや固め。上位2艇以外を切ること', 'tenji_trigger': '展示確認: 1号艇伸び良→そのまま採用。悪→飛び組に差し替え。circle_pct上位2艇に絞り込むこと。\n展示で1号艇スタート遅め(0.185秒)確認→ヒモが荒れやすい'}",,,33.3,両建て推奨,13.93,46.7,3,,,,,,,,,,,
2026-01-17,丸亀,4,6,坂咲友理,B1,47.67,6,,2.6566,3.6,55,25,0.1763,3.3125,,,0,低,45,1,-,,0,53.2,0.9933,,,,,,0.125,0.625,0.125,,,C,,,0.3377,0.574,,0.1798,D,19,1,大荒れ。見送り推奨,0.5777,"{'is_target': True, 'verdict': '点数絞り', 'max_combo_prob': 0.0885, 'est_top_odds': 15.1, 'circle_concentration': 79.2, 'eligible_count': 6, 'bet_adj': 0, 'reason': 'rel_win1=52.6%（本命度） / 最有力組み合わせ確率: 0.088（推定実オッズ?15倍） / 2着集中度: 上位2艇 79.2%（補正+0.04） / 総合判定確率: 0.128 / → ヒモはやや固め。上位2艇以外を切ること', 'tenji_trigger': '展示確認: 1号艇伸び良→そのまま採用。悪→飛び組に差し替え。circle_pct上位2艇に絞り込むこと。\n展示で1号艇スタート遅め(0.185秒)確認→ヒモが荒れやすい'}",,,33.3,両建て推奨,13.93,46.7,3,,,,,,,,,,,
2026-01-17,丸亀,5,1,原加央理,B1,32.63,1,◎,50.2333,,0,75.9,0.181,3.7414,,,0,低,57,0,逃0%,,0,79.8,0.9776,0.3125,,,,,0.1875,0.3125,0.125,△,,C,△,,,0.6085,,0.2662,B,59,0,◎○△フォーメーション（15〜20点）,0.5777,"{'is_target': True, 'verdict': '参加推奨', 'max_combo_prob': 0.0673, 'est_top_odds': 19.8, 'circle_concentration': 66.1, 'eligible_count': 9, 'bet_adj': 2, 'reason': 'rel_win1=50.2%（本命度） / 最有力組み合わせ確率: 0.067（推定実オッズ?20倍） / 2着集中度: 上位2艇 66.1%（補正+0.00） / 総合判定確率: 0.067 / → ヒモ分散。1号艇1着固定で広めのヒモ流し推奨（買い目+2点）', 'tenji_trigger': '展示確認: ヒモ分散レース。1号艇伸び確認後、広めのヒモ流しを採用。穴ヒモ（5・6号艇）を積極的に含める。\n展示で1号艇スタート遅め(0.181秒)確認→ヒモが荒れやすい'}",,,37.1,両建て推奨,19.43,38.6,3,2-1-3|2-1-4|1-2-4|1-2-5|1-3-4|1-3-5|1-3-2,5-1-6|5-6-1|6-1-4|6-1-3|2-1-3|6-4-1|2-1-4|1-2-4|1-2-5|1-3-4|1-3-5|1-3-2,2-1-3:2.1%|2-1-4:1.58%|1-2-4:7.2%|1-2-5:7.01%|1-3-4:5.83%|1-3-5:5.68%|1-3-2:5.54%,2-1-3:B_main|2-1-4:B_main|1-2-4:A|1-2-5:A|1-3-4:A|1-3-5:A|1-3-2:A,7,12,0.4535,1,[!]見送り推奨（主役決まり手「差し」― 逃げ劣勢レースで的中実績なし）,荒れ広め,D
2026-01-17,丸亀,5,2,谷口佳蓮,B1,35.16,2,▲,15.0087,37.5,87,50,0.158,3.8,,,0,低,45,0,-,,0,27.8,0.8536,0,0.1176,0,0,0,0.1091,0,0.2727,,◎,C,,,0.5847,0.5715,,0.2662,B,59,0,◎○△フォーメーション（15〜20点）,0.5777,"{'is_target': True, 'verdict': '参加推奨', 'max_combo_prob': 0.0673, 'est_top_odds': 19.8, 'circle_concentration': 66.1, 'eligible_count': 9, 'bet_adj': 2, 'reason': 'rel_win1=50.2%（本命度） / 最有力組み合わせ確率: 0.067（推定実オッズ?20倍） / 2着集中度: 上位2艇 66.1%（補正+0.00） / 総合判定確率: 0.067 / → ヒモ分散。1号艇1着固定で広めのヒモ流し推奨（買い目+2点）', 'tenji_trigger': '展示確認: ヒモ分散レース。1号艇伸び確認後、広めのヒモ流しを採用。穴ヒモ（5・6号艇）を積極的に含める。\n展示で1号艇スタート遅め(0.181秒)確認→ヒモが荒れやすい'}",,,37.1,両建て推奨,19.43,38.6,3,,,,,,,,,,,
2026-01-17,丸亀,5,3,大橋由珠,B2,35.71,3,○,15.1898,28.6,66,50,0.14,2.5833,,,0,低,12,1,差0%,,0,50.7,1.116,0,0.1667,0,0,0,0,0.7143,0,,○,B,,,0.5245,0.5495,,0.2662,B,59,0,◎○△フォーメーション（15〜20点）,0.5777,"{'is_target': True, 'verdict': '参加推奨', 'max_combo_prob': 0.0673, 'est_top_odds': 19.8, 'circle_concentration': 66.1, 'eligible_count': 9, 'bet_adj': 2, 'reason': 'rel_win1=50.2%（本命度） / 最有力組み合わせ確率: 0.067（推定実オッズ?20倍） / 2着集中度: 上位2艇 66.1%（補正+0.00） / 総合判定確率: 0.067 / → ヒモ分散。1号艇1着固定で広めのヒモ流し推奨（買い目+2点）', 'tenji_trigger': '展示確認: ヒモ分散レース。1号艇伸び確認後、広めのヒモ流しを採用。穴ヒモ（5・6号艇）を積極的に含める。\n展示で1号艇スタート遅め(0.181秒)確認→ヒモが荒れやすい'}",,,37.1,両建て推奨,19.43,38.6,3,,,,,,,,,,,
2026-01-17,丸亀,5,4,池田奈津,B1,30.84,4,,14.5316,18.7,68,,,,,,0,低,23,1,-,,0,,,,,,,,,,,,,D,◎,◎,0.3569,0.6705,0.15,0.2662,B,59,0,◎○△フォーメーション（15〜20点）,0.5777,"{'is_target': True, 'verdict': '参加推奨', 'max_combo_prob': 0.0673, 'est_top_odds': 19.8, 'circle_concentration': 66.1, 'eligible_count': 9, 'bet_adj': 2, 'reason': 'rel_win1=50.2%（本命度） / 最有力組み合わせ確率: 0.067（推定実オッズ?20倍） / 2着集中度: 上位2艇 66.1%（補正+0.00） / 総合判定確率: 0.067 / → ヒモ分散。1号艇1着固定で広めのヒモ流し推奨（買い目+2点）', 'tenji_trigger': '展示確認: ヒモ分散レース。1号艇伸び確認後、広めのヒモ流しを採用。穴ヒモ（5・6号艇）を積極的に含める。\n展示で1号艇スタート遅め(0.181秒)確認→ヒモが荒れやすい'}",,,37.1,両建て推奨,19.43,38.6,3,,,,,,,,,,,
2026-01-17,丸亀,5,5,山田理央,A2,39.56,5,△,3.7626,8.6,100,52.9,0.1591,3.1912,,,0,低,62,0,-,,0,52.5,0.9988,,,,,,0.0444,0.1444,0.0222,,△,B,△,,0.4266,0.6,,0.2662,B,59,0,◎○△フォーメーション（15〜20点）,0.5777,"{'is_target': True, 'verdict': '参加推奨', 'max_combo_prob': 0.0673, 'est_top_odds': 19.8, 'circle_concentration': 66.1, 'eligible_count': 9, 'bet_adj': 2, 'reason': 'rel_win1=50.2%（本命度） / 最有力組み合わせ確率: 0.067（推定実オッズ?20倍） / 2着集中度: 上位2艇 66.1%（補正+0.00） / 総合判定確率: 0.067 / → ヒモ分散。1号艇1着固定で広めのヒモ流し推奨（買い目+2点）', 'tenji_trigger': '展示確認: ヒモ分散レース。1号艇伸び確認後、広めのヒモ流しを採用。穴ヒモ（5・6号艇）を積極的に含める。\n展示で1号艇スタート遅め(0.181秒)確認→ヒモが荒れやすい'}",,,37.1,両建て推奨,19.43,38.6,3,,,,,,,,,,,
2026-01-17,丸亀,5,6,小芦るり,A1,29.41,6,,1.2741,6.6,46,28,0.1824,3.78,,,0,低,61,0,-,,0,57.1,1.1125,,,,,,0.0308,0,0.1615,,,E,○,,0.3524,0.6255,,0.2662,B,59,0,◎○△フォーメーション（15〜20点）,0.5777,"{'is_target': True, 'verdict': '参加推奨', 'max_combo_prob': 0.0673, 'est_top_odds': 19.8, 'circle_concentration': 66.1, 'eligible_count': 9, 'bet_adj': 2, 'reason': 'rel_win1=50.2%（本命度） / 最有力組み合わせ確率: 0.067（推定実オッズ?20倍） / 2着集中度: 上位2艇 66.1%（補正+0.00） / 総合判定確率: 0.067 / → ヒモ分散。1号艇1着固定で広めのヒモ流し推奨（買い目+2点）', 'tenji_trigger': '展示確認: ヒモ分散レース。1号艇伸び確認後、広めのヒモ流しを採用。穴ヒモ（5・6号艇）を積極的に含める。\n展示で1号艇スタート遅め(0.181秒)確認→ヒモが荒れやすい'}",,,37.1,両建て推奨,19.43,38.6,3,,,,,,,,,,,
2026-01-17,丸亀,6,1,武井莉里,A2,40.66,1,◎,55.0408,,0,75,0.2179,4.6429,,,0,低,82,0,逃0%,,0,54.9,0.9869,0.5,,,,,0,0.4167,0,△,,B,,,,0.5265,,0.2046,A,69,0,◎-○軸 3着3〜4艇流し（10〜15点）,0.5777,"{'is_target': True, 'verdict': '点数絞り', 'max_combo_prob': 0.0968, 'est_top_odds': 13.8, 'circle_concentration': 79.5, 'eligible_count': 8, 'bet_adj': 0, 'reason': 'rel_win1=55.0%（本命度） / 最有力組み合わせ確率: 0.097（推定実オッズ?14倍） / 2着集中度: 上位2艇 79.5%（補正+0.04） / 総合判定確率: 0.137 / → ヒモはやや固め。上位2艇以外を切ること', 'tenji_trigger': '展示確認: 1号艇伸び良→そのまま採用。悪→飛び組に差し替え。circle_pct上位2艇に絞り込むこと。\n展示で1号艇スタート遅め(0.218秒)確認→ヒモが荒れやすい'}",,,36.4,逃げ狙い,21.76,34.5,2,2-3-4|2-3-6|1-2-3|1-2-4|2-1-3|2-1-4|1-3-2,6-1-3|6-1-4|2-3-4|6-3-1|4-1-5|6-4-1|2-3-6|1-2-3|1-2-4|2-1-3|2-1-4|1-3-2,2-3-4:2.07%|2-3-6:1.37%|1-2-3:8.31%|1-2-4:8.06%|2-1-3:6.8%|2-1-4:6.56%|1-3-2:6.25%,2-3-4:B_main|2-3-6:B_main|1-2-3:A|1-2-4:A|2-1-3:B_sc|2-1-4:B_sc|1-3-2:A,7,12,0.4535,1,[!]見送り推奨（主役決まり手「まくり」― 逃げ劣勢レースで的中実績なし）,荒れ広め,D
2026-01-17,丸亀,6,2,西村美智,B2,37.35,2,▲,14.7361,46.3,100,73.3,0.1573,3.1667,,,0,低,25,0,ま1%,,0,34.5,0.7012,0,0,0.2857,0,0,0.1111,0.1111,0.1111,,◎,C,○,,0.5946,0.6285,,0.2046,A,69,0,◎-○軸 3着3〜4艇流し（10〜15点）,0.5777,"{'is_target': True, 'verdict': '点数絞り', 'max_combo_prob': 0.0968, 'est_top_odds': 13.8, 'circle_concentration': 79.5, 'eligible_count': 8, 'bet_adj': 0, 'reason': 'rel_win1=55.0%（本命度） / 最有力組み合わせ確率: 0.097（推定実オッズ?14倍） / 2着集中度: 上位2艇 79.5%（補正+0.04） / 総合判定確率: 0.137 / → ヒモはやや固め。上位2艇以外を切ること', 'tenji_trigger': '展示確認: 1号艇伸び良→そのまま採用。悪→飛び組に差し替え。circle_pct上位2艇に絞り込むこと。\n展示で1号艇スタート遅め(0.218秒)確認→ヒモが荒れやすい'}",,,36.4,逃げ狙い,21.76,34.5,2,,,,,,,,,,,
2026-01-17,丸亀,6,3,清水愛海,A1,38.95,3,○,17.3251,33.2,98,64,0.1604,3.66,,,0,低,73,0,ま0% 差ま0%,,0,57.3,1.3669,0,0,0.1111,0.1111,0,0.0909,0.1818,0,,○,C,◎,,0.4821,0.634,,0.2046,A,69,0,◎-○軸 3着3〜4艇流し（10〜15点）,0.5777,"{'is_target': True, 'verdict': '点数絞り', 'max_combo_prob': 0.0968, 'est_top_odds': 13.8, 'circle_concentration': 79.5, 'eligible_count': 8, 'bet_adj': 0, 'reason': 'rel_win1=55.0%（本命度） / 最有力組み合わせ確率: 0.097（推定実オッズ?14倍） / 2着集中度: 上位2艇 79.5%（補正+0.04） / 総合判定確率: 0.137 / → ヒモはやや固め。上位2艇以外を切ること', 'tenji_trigger': '展示確認: 1号艇伸び良→そのまま採用。悪→飛び組に差し替え。circle_pct上位2艇に絞り込むこと。\n展示で1号艇スタート遅め(0.218秒)確認→ヒモが荒れやすい'}",,,36.4,逃げ狙い,21.76,34.5,2,,,,,,,,,,,
2026-01-17,丸亀,6,4,大廣咲季,B1,30.43,4,,6.4093,6.4,54,17.3,0.1679,3.5481,,,0,低,81,0,-,,0,100,2.5372,0,0,0.1053,0,0,0.3333,0.3333,0,,△,D,△,,0.4787,0.543,,0.2046,A,69,0,◎-○軸 3着3〜4艇流し（10〜15点）,0.5777,"{'is_target': True, 'verdict': '点数絞り', 'max_combo_prob': 0.0968, 'est_top_odds': 13.8, 'circle_concentration': 79.5, 'eligible_count': 8, 'bet_adj': 0, 'reason': 'rel_win1=55.0%（本命度） / 最有力組み合わせ確率: 0.097（推定実オッズ?14倍） / 2着集中度: 上位2艇 79.5%（補正+0.04） / 総合判定確率: 0.137 / → ヒモはやや固め。上位2艇以外を切ること', 'tenji_trigger': '展示確認: 1号艇伸び良→そのまま採用。悪→飛び組に差し替え。circle_pct上位2艇に絞り込むこと。\n展示で1号艇スタート遅め(0.218秒)確認→ヒモが荒れやすい'}",,,36.4,逃げ狙い,21.76,34.5,2,,,,,,,,,,,
2026-01-17,丸亀,6,5,湯淺紀香,A2,46.43,5,△,5.1738,10.2,66,28.1,0.1897,4.0625,,,0,低,73,0,-,,0,24.6,0.8631,,,,,,0,0.22,0,,,A,△,,0.4005,0.6005,,0.2046,A,69,0,◎-○軸 3着3〜4艇流し（10〜15点）,0.5777,"{'is_target': True, 'verdict': '点数絞り', 'max_combo_prob': 0.0968, 'est_top_odds': 13.8, 'circle_concentration': 79.5, 'eligible_count': 8, 'bet_adj': 0, 'reason': 'rel_win1=55.0%（本命度） / 最有力組み合わせ確率: 0.097（推定実オッズ?14倍） / 2着集中度: 上位2艇 79.5%（補正+0.04） / 総合判定確率: 0.137 / → ヒモはやや固め。上位2艇以外を切ること', 'tenji_trigger': '展示確認: 1号艇伸び良→そのまま採用。悪→飛び組に差し替え。circle_pct上位2艇に絞り込むこと。\n展示で1号艇スタート遅め(0.218秒)確認→ヒモが荒れやすい'}",,,36.4,逃げ狙い,21.76,34.5,2,,,,,,,,,,,
2026-01-17,丸亀,6,6,向井田真,B1,23.81,6,,1.315,3.9,40,18.2,0.2095,4.7045,,,0,低,72,0,-,,0,25.2,0.8111,,,,,,0.2,0.2,0,,,E,,,0.3367,0.5205,,0.2046,A,69,0,◎-○軸 3着3〜4艇流し（10〜15点）,0.5777,"{'is_target': True, 'verdict': '点数絞り', 'max_combo_prob': 0.0968, 'est_top_odds': 13.8, 'circle_concentration': 79.5, 'eligible_count': 8, 'bet_adj': 0, 'reason': 'rel_win1=55.0%（本命度） / 最有力組み合わせ確率: 0.097（推定実オッズ?14倍） / 2着集中度: 上位2艇 79.5%（補正+0.04） / 総合判定確率: 0.137 / → ヒモはやや固め。上位2艇以外を切ること', 'tenji_trigger': '展示確認: 1号艇伸び良→そのまま採用。悪→飛び組に差し替え。circle_pct上位2艇に絞り込むこと。\n展示で1号艇スタート遅め(0.218秒)確認→ヒモが荒れやすい'}",,,36.4,逃げ狙い,21.76,34.5,2,,,,,,,,,,,
2026-01-17,丸亀,7,1,佐々木裕,B1,40.00,1,◎,46.5313,,0,70,0.1847,3.5333,,,0,低,50,0,逃0%,,0,50,0.9024,0.3333,,,,,0.4533,0.3067,0.08,△,,B,◎,,,0.656,,0.2708,C,44,0,荒れ傾向。高配当狙いか見送り,0.5777,"{'is_target': True, 'verdict': '参加推奨', 'max_combo_prob': 0.0525, 'est_top_odds': 25.4, 'circle_concentration': 67.6, 'eligible_count': 6, 'bet_adj': 2, 'reason': 'rel_win1=46.5%（本命度） / 最有力組み合わせ確率: 0.052（推定実オッズ?25倍） / 2着集中度: 上位2艇 67.6%（補正+0.00） / 総合判定確率: 0.052 / → ヒモ分散。1号艇1着固定で広めのヒモ流し推奨（買い目+2点）', 'tenji_trigger': '展示確認: ヒモ分散レース。1号艇伸び確認後、広めのヒモ流しを採用。穴ヒモ（5・6号艇）を積極的に含める。\n展示で1号艇スタート遅め(0.185秒)確認→ヒモが荒れやすい'}",,,35,両建て推奨,20.55,45.9,2,2-1-3|1-2-6|1-2-3|1-3-6|1-3-2|1-4-6,4-5-6|6-1-3|2-1-3|6-1-4|6-3-1|4-6-5|6-4-1|1-2-6|1-2-3|1-3-6|1-3-2|1-4-6,2-1-3:2.34%|1-2-6:7.43%|1-2-3:6.31%|1-3-6:5.24%|1-3-2:5.11%|1-4-6:4.51%,2-1-3:B_main|1-2-6:A|1-2-3:A|1-3-6:A|1-3-2:A|1-4-6:A,6,12,0.4535,1,[!]見送り推奨（主役決まり手「差し」― 逃げ劣勢レースで的中実績なし）,荒れ広め,D
2026-01-17,丸亀,7,2,平山智加,A1,29.67,2,△,20.0564,41.6,80,65,0.1745,3.6,,,0,低,46,0,-,,0,50.6,1.0043,0,0.25,0,0,0,0,0.1818,0.1818,,◎,D,○,,0.5294,0.651,,0.2708,C,44,0,荒れ傾向。高配当狙いか見送り,0.5777,"{'is_target': True, 'verdict': '参加推奨', 'max_combo_prob': 0.0525, 'est_top_odds': 25.4, 'circle_concentration': 67.6, 'eligible_count': 6, 'bet_adj': 2, 'reason': 'rel_win1=46.5%（本命度） / 最有力組み合わせ確率: 0.052（推定実オッズ?25倍） / 2着集中度: 上位2艇 67.6%（補正+0.00） / 総合判定確率: 0.052 / → ヒモ分散。1号艇1着固定で広めのヒモ流し推奨（買い目+2点）', 'tenji_trigger': '展示確認: ヒモ分散レース。1号艇伸び確認後、広めのヒモ流しを採用。穴ヒモ（5・6号艇）を積極的に含める。\n展示で1号艇スタート遅め(0.185秒)確認→ヒモが荒れやすい'}",,,35,両建て推奨,20.55,45.9,2,,,,,,,,,,,
2026-01-17,丸亀,7,3,山口真喜,A2,37.37,3,○,13.9002,26,98,66.7,0.1688,3.4697,,,0,低,83,0,ま0% 抜0%,,0,50.9,1.2773,0,0,0.1,0,0.1,0.1818,0.3636,0.2727,,,B,,,0.426,0.508,,0.2708,C,44,0,荒れ傾向。高配当狙いか見送り,0.5777,"{'is_target': True, 'verdict': '参加推奨', 'max_combo_prob': 0.0525, 'est_top_odds': 25.4, 'circle_concentration': 67.6, 'eligible_count': 6, 'bet_adj': 2, 'reason': 'rel_win1=46.5%（本命度） / 最有力組み合わせ確率: 0.052（推定実オッズ?25倍） / 2着集中度: 上位2艇 67.6%（補正+0.00） / 総合判定確率: 0.052 / → ヒモ分散。1号艇1着固定で広めのヒモ流し推奨（買い目+2点）', 'tenji_trigger': '展示確認: ヒモ分散レース。1号艇伸び確認後、広めのヒモ流しを採用。穴ヒモ（5・6号艇）を積極的に含める。\n展示で1号艇スタート遅め(0.185秒)確認→ヒモが荒れやすい'}",,,35,両建て推奨,20.55,45.9,2,,,,,,,,,,,
2026-01-17,丸亀,7,4,赤松咲香,B2,33.70,4,▲,9.4181,18.1,92,37.5,0.1625,3.8125,,,0,低,41,1,-,,0,30.1,0.8923,,,,,,,,,,△,C,,,0.444,0.535,,0.2708,C,44,0,荒れ傾向。高配当狙いか見送り,0.5777,"{'is_target': True, 'verdict': '参加推奨', 'max_combo_prob': 0.0525, 'est_top_odds': 25.4, 'circle_concentration': 67.6, 'eligible_count': 6, 'bet_adj': 2, 'reason': 'rel_win1=46.5%（本命度） / 最有力組み合わせ確率: 0.052（推定実オッズ?25倍） / 2着集中度: 上位2艇 67.6%（補正+0.00） / 総合判定確率: 0.052 / → ヒモ分散。1号艇1着固定で広めのヒモ流し推奨（買い目+2点）', 'tenji_trigger': '展示確認: ヒモ分散レース。1号艇伸び確認後、広めのヒモ流しを採用。穴ヒモ（5・6号艇）を積極的に含める。\n展示で1号艇スタート遅め(0.185秒)確認→ヒモが荒れやすい'}",,,35,両建て推奨,20.55,45.9,2,,,,,,,,,,,
2026-01-17,丸亀,7,5,中谷朋子,B1,28.89,5,,5.8831,10.5,79,40,0.152,3.8,,,0,低,24,1,-,,0,32.2,1.1174,,,,,,0,0.3333,0.1667,,○,E,△,,0.4601,0.5805,,0.2708,C,44,0,荒れ傾向。高配当狙いか見送り,0.5777,"{'is_target': True, 'verdict': '参加推奨', 'max_combo_prob': 0.0525, 'est_top_odds': 25.4, 'circle_concentration': 67.6, 'eligible_count': 6, 'bet_adj': 2, 'reason': 'rel_win1=46.5%（本命度） / 最有力組み合わせ確率: 0.052（推定実オッズ?25倍） / 2着集中度: 上位2艇 67.6%（補正+0.00） / 総合判定確率: 0.052 / → ヒモ分散。1号艇1着固定で広めのヒモ流し推奨（買い目+2点）', 'tenji_trigger': '展示確認: ヒモ分散レース。1号艇伸び確認後、広めのヒモ流しを採用。穴ヒモ（5・6号艇）を積極的に含める。\n展示で1号艇スタート遅め(0.185秒)確認→ヒモが荒れやすい'}",,,35,両建て推奨,20.55,45.9,2,,,,,,,,,,,
2026-01-17,丸亀,7,6,中川りな,A2,31.87,6,,4.211,3.8,100,44,0.1768,4.06,,,0,低,61,0,ま0%,,0,89.3,1.7083,0,0,0.0833,0,0,0,0.1429,0.0714,,,D,△,,0.3678,0.6205,,0.2708,C,44,0,荒れ傾向。高配当狙いか見送り,0.5777,"{'is_target': True, 'verdict': '参加推奨', 'max_combo_prob': 0.0525, 'est_top_odds': 25.4, 'circle_concentration': 67.6, 'eligible_count': 6, 'bet_adj': 2, 'reason': 'rel_win1=46.5%（本命度） / 最有力組み合わせ確率: 0.052（推定実オッズ?25倍） / 2着集中度: 上位2艇 67.6%（補正+0.00） / 総合判定確率: 0.052 / → ヒモ分散。1号艇1着固定で広めのヒモ流し推奨（買い目+2点）', 'tenji_trigger': '展示確認: ヒモ分散レース。1号艇伸び確認後、広めのヒモ流しを採用。穴ヒモ（5・6号艇）を積極的に含める。\n展示で1号艇スタート遅め(0.185秒)確認→ヒモが荒れやすい'}",,,35,両建て推奨,20.55,45.9,2,,,,,,,,,,,
2026-01-17,丸亀,8,1,米丸乃絵,A1,37.50,1,◎,70.3282,,0,83.3,0.1488,2.6667,,,0,低,62,0,逃1%,,0,88,1.1318,0.9091,,,,,0,0,0,◎,,C,,,,0.5575,,0.5796,A,76,0,◎-○軸 3着3〜4艇流し（10〜15点）,0.5777,"{'is_target': True, 'verdict': '参加推奨', 'max_combo_prob': 0.0995, 'est_top_odds': 13.4, 'circle_concentration': 69.7, 'eligible_count': 8, 'bet_adj': 2, 'reason': 'rel_win1=70.3%（本命度） / 最有力組み合わせ確率: 0.100（推定実オッズ?13倍） / 2着集中度: 上位2艇 69.7%（補正+0.00） / 総合判定確率: 0.100 / → ヒモ分散。1号艇1着固定で広めのヒモ流し推奨（買い目+2点）', 'tenji_trigger': '展示確認: ヒモ分散レース。1号艇伸び確認後、広めのヒモ流しを採用。穴ヒモ（5・6号艇）を積極的に含める。'}",,,26.3,逃げ狙い,19.3,22.1,4,,,,,0,0,0.7559,0,,逃げ軸流し,A
2026-01-17,丸亀,8,2,角ひとみ,A2,31.76,2,,9.2477,40.9,87,44.7,0.2084,4.8421,,,0,低,104,0,差0% ま0%,,0,22,0.7564,0,0.0625,0.0625,0,0,0.1267,0.1533,0.0267,,,D,○,,0.0639,0.6195,,0.5796,A,76,0,◎-○軸 3着3〜4艇流し（10〜15点）,0.5777,"{'is_target': True, 'verdict': '参加推奨', 'max_combo_prob': 0.0995, 'est_top_odds': 13.4, 'circle_concentration': 69.7, 'eligible_count': 8, 'bet_adj': 2, 'reason': 'rel_win1=70.3%（本命度） / 最有力組み合わせ確率: 0.100（推定実オッズ?13倍） / 2着集中度: 上位2艇 69.7%（補正+0.00） / 総合判定確率: 0.100 / → ヒモ分散。1号艇1着固定で広めのヒモ流し推奨（買い目+2点）', 'tenji_trigger': '展示確認: ヒモ分散レース。1号艇伸び確認後、広めのヒモ流しを採用。穴ヒモ（5・6号艇）を積極的に含める。'}",,,26.3,逃げ狙い,19.3,22.1,4,,,,,,,,,,,
2026-01-17,丸亀,8,3,矢野真梨,B1,46.74,3,○,7.5955,28.8,90,26.3,0.1611,3.4211,,,0,低,41,0,-,,0,25.7,0.5908,,,,,,0,0.5,0.5,,,A,△,,0.2508,0.6015,,0.5796,A,76,0,◎-○軸 3着3〜4艇流し（10〜15点）,0.5777,"{'is_target': True, 'verdict': '参加推奨', 'max_combo_prob': 0.0995, 'est_top_odds': 13.4, 'circle_concentration': 69.7, 'eligible_count': 8, 'bet_adj': 2, 'reason': 'rel_win1=70.3%（本命度） / 最有力組み合わせ確率: 0.100（推定実オッズ?13倍） / 2着集中度: 上位2艇 69.7%（補正+0.00） / 総合判定確率: 0.100 / → ヒモ分散。1号艇1着固定で広めのヒモ流し推奨（買い目+2点）', 'tenji_trigger': '展示確認: ヒモ分散レース。1号艇伸び確認後、広めのヒモ流しを採用。穴ヒモ（5・6号艇）を積極的に含める。'}",,,26.3,逃げ狙い,19.3,22.1,4,,,,,,,,,,,
2026-01-17,丸亀,8,4,岩崎芳美,A2,34.78,4,△,8.9569,25.8,100,55,0.1245,2.875,,,0,低,23,0,-,,0,34.8,0.7377,,,,,,0.0833,0.25,0.25,,◎,D,◎,,0.4045,0.6485,,0.5796,A,76,0,◎-○軸 3着3〜4艇流し（10〜15点）,0.5777,"{'is_target': True, 'verdict': '参加推奨', 'max_combo_prob': 0.0995, 'est_top_odds': 13.4, 'circle_concentration': 69.7, 'eligible_count': 8, 'bet_adj': 2, 'reason': 'rel_win1=70.3%（本命度） / 最有力組み合わせ確率: 0.100（推定実オッズ?13倍） / 2着集中度: 上位2艇 69.7%（補正+0.00） / 総合判定確率: 0.100 / → ヒモ分散。1号艇1着固定で広めのヒモ流し推奨（買い目+2点）', 'tenji_trigger': '展示確認: ヒモ分散レース。1号艇伸び確認後、広めのヒモ流しを採用。穴ヒモ（5・6号艇）を積極的に含める。'}",,,26.3,逃げ狙い,19.3,22.1,4,,,,,,,,,,,
2026-01-17,丸亀,8,5,三嶌ここ,B1,38.89,5,▲,2.8005,2,45,8.5,0.2019,4.5638,,,0,低,114,0,-,,0,19.3,0.5957,,,,,,0.0571,0.0571,0.3143,,,B,,,0.1411,0.553,,0.5796,A,76,0,◎-○軸 3着3〜4艇流し（10〜15点）,0.5777,"{'is_target': True, 'verdict': '参加推奨', 'max_combo_prob': 0.0995, 'est_top_odds': 13.4, 'circle_concentration': 69.7, 'eligible_count': 8, 'bet_adj': 2, 'reason': 'rel_win1=70.3%（本命度） / 最有力組み合わせ確率: 0.100（推定実オッズ?13倍） / 2着集中度: 上位2艇 69.7%（補正+0.00） / 総合判定確率: 0.100 / → ヒモ分散。1号艇1着固定で広めのヒモ流し推奨（買い目+2点）', 'tenji_trigger': '展示確認: ヒモ分散レース。1号艇伸び確認後、広めのヒモ流しを採用。穴ヒモ（5・6号艇）を積極的に含める。'}",,,26.3,逃げ狙い,19.3,22.1,4,,,,,,,,,,,
2026-01-17,丸亀,8,6,中北　涼,B1,37.00,6,,1.0711,2.5,54,0,0.2214,4.8571,,,0,低,39,0,-,,0,19.8,0.82,,,,,,0.3333,0.4444,0,,,C,△,,0.135,0.612,,0.5796,A,76,0,◎-○軸 3着3〜4艇流し（10〜15点）,0.5777,"{'is_target': True, 'verdict': '参加推奨', 'max_combo_prob': 0.0995, 'est_top_odds': 13.4, 'circle_concentration': 69.7, 'eligible_count': 8, 'bet_adj': 2, 'reason': 'rel_win1=70.3%（本命度） / 最有力組み合わせ確率: 0.100（推定実オッズ?13倍） / 2着集中度: 上位2艇 69.7%（補正+0.00） / 総合判定確率: 0.100 / → ヒモ分散。1号艇1着固定で広めのヒモ流し推奨（買い目+2点）', 'tenji_trigger': '展示確認: ヒモ分散レース。1号艇伸び確認後、広めのヒモ流しを採用。穴ヒモ（5・6号艇）を積極的に含める。'}",,,26.3,逃げ狙い,19.3,22.1,4,,,,,,,,,,,
2026-01-17,丸亀,9,1,山川美由,A2,55.56,1,◎,58.1394,,0,92.3,0.1223,2.1923,,,0,低,16,1,-,,0,100,1.4957,0.6667,,,,,0,0,0.3333,◎⚠️,,A,△,,,0.584,,0.5853,S,80,0,◎1着固定 2-3着流し（5〜8点）,0.5777,"{'is_target': True, 'verdict': '参加推奨', 'max_combo_prob': 0.0832, 'est_top_odds': 16.0, 'circle_concentration': 66.1, 'eligible_count': 6, 'bet_adj': 2, 'reason': 'rel_win1=58.1%（本命度） / 最有力組み合わせ確率: 0.083（推定実オッズ?16倍） / 2着集中度: 上位2艇 66.1%（補正+0.00） / 総合判定確率: 0.083 / → ヒモ分散。1号艇1着固定で広めのヒモ流し推奨（買い目+2点）', 'tenji_trigger': '展示確認: ヒモ分散レース。1号艇伸び確認後、広めのヒモ流しを採用。穴ヒモ（5・6号艇）を積極的に含める。\n展示で1号艇スタート超安定(0.122秒)→ヒモ固まり方向に注意'}",,,28.2,逃げ狙い,22.26,25.1,2,4-5-6|4-5-1|4-3-6|4-3-1|4-6-1|4-3-5|4-6-5|4-1-3|4-1-2|4-1-5|1-2-4|1-2-3,4-5-6|4-5-1|4-3-6|4-3-1|4-6-1|4-3-5|4-6-5|4-1-3|4-1-2|4-1-5|1-2-4|1-2-3,4-5-6:0.94%|4-5-1:0.91%|4-3-6:0.56%|4-3-1:0.54%|4-6-1:0.49%|4-3-5:0.49%|4-6-5:0.45%|4-1-3:11.37%|4-1-2:8.71%|4-1-5:4.88%|1-2-4:4.64%|1-2-3:3.96%,4-5-6:B_main|4-5-1:B_main|4-3-6:B_main|4-3-1:B_main|4-6-1:B_main|4-3-5:B_main|4-6-5:B_main|4-1-3:B_sc|4-1-2:B_sc|4-1-5:B_sc|1-2-4:A|1-2-3:A,12,12,0.4535,1,[!]見送り推奨（主役決まり手「まくり」― 逃げ劣勢レースで的中実績なし）,主役軸流し,B
2026-01-17,丸亀,9,2,谷川里江,B1,35.96,2,△,16.2534,41.2,66,55.2,0.1883,3.7414,,,0,低,57,0,ま0%,,0,31.9,0.9566,0,0,0.25,0,0,0.1,0.6,0,,,D,,,0.0887,0.549,,0.5853,S,80,0,◎1着固定 2-3着流し（5〜8点）,0.5777,"{'is_target': True, 'verdict': '参加推奨', 'max_combo_prob': 0.0832, 'est_top_odds': 16.0, 'circle_concentration': 66.1, 'eligible_count': 6, 'bet_adj': 2, 'reason': 'rel_win1=58.1%（本命度） / 最有力組み合わせ確率: 0.083（推定実オッズ?16倍） / 2着集中度: 上位2艇 66.1%（補正+0.00） / 総合判定確率: 0.083 / → ヒモ分散。1号艇1着固定で広めのヒモ流し推奨（買い目+2点）', 'tenji_trigger': '展示確認: ヒモ分散レース。1号艇伸び確認後、広めのヒモ流しを採用。穴ヒモ（5・6号艇）を積極的に含める。\n展示で1号艇スタート超安定(0.122秒)→ヒモ固まり方向に注意'}",,,28.2,逃げ狙い,22.26,25.1,2,,,,,,,,,,,
2026-01-17,丸亀,9,3,渡辺千草,B1,40.00,3,▲,8.4761,24.9,100,50,0.1717,3.3333,,,0,低,79,0,-,,0,34.1,0.9188,,,,,,0.3,0.3,0.3,,,C,○,,0.1331,0.622,,0.5853,S,80,0,◎1着固定 2-3着流し（5〜8点）,0.5777,"{'is_target': True, 'verdict': '参加推奨', 'max_combo_prob': 0.0832, 'est_top_odds': 16.0, 'circle_concentration': 66.1, 'eligible_count': 6, 'bet_adj': 2, 'reason': 'rel_win1=58.1%（本命度） / 最有力組み合わせ確率: 0.083（推定実オッズ?16倍） / 2着集中度: 上位2艇 66.1%（補正+0.00） / 総合判定確率: 0.083 / → ヒモ分散。1号艇1着固定で広めのヒモ流し推奨（買い目+2点）', 'tenji_trigger': '展示確認: ヒモ分散レース。1号艇伸び確認後、広めのヒモ流しを採用。穴ヒモ（5・6号艇）を積極的に含める。\n展示で1号艇スタート超安定(0.122秒)→ヒモ固まり方向に注意'}",,,28.2,逃げ狙い,22.26,25.1,2,,,,,,,,,,,
2026-01-17,丸亀,9,4,戸敷晃美,A2,48.10,4,○,10.2486,24.4,82,53.8,0.1577,3.4615,,,0,低,73,0,差0% ま0%,,0,52.6,1.173,0,0.0714,0.0714,0,0,0,0.0444,0.1422,,,B,△,◎,0.1566,0.589,0.2381,0.5853,S,80,0,◎1着固定 2-3着流し（5〜8点）,0.5777,"{'is_target': True, 'verdict': '参加推奨', 'max_combo_prob': 0.0832, 'est_top_odds': 16.0, 'circle_concentration': 66.1, 'eligible_count': 6, 'bet_adj': 2, 'reason': 'rel_win1=58.1%（本命度） / 最有力組み合わせ確率: 0.083（推定実オッズ?16倍） / 2着集中度: 上位2艇 66.1%（補正+0.00） / 総合判定確率: 0.083 / → ヒモ分散。1号艇1着固定で広めのヒモ流し推奨（買い目+2点）', 'tenji_trigger': '展示確認: ヒモ分散レース。1号艇伸び確認後、広めのヒモ流しを採用。穴ヒモ（5・6号艇）を積極的に含める。\n展示で1号艇スタート超安定(0.122秒)→ヒモ固まり方向に注意'}",,,28.2,逃げ狙い,22.26,25.1,2,,,,,,,,,,,
2026-01-17,丸亀,9,5,福山恵里,B1,29.55,5,,3.1021,6.7,63,14.3,0.1438,3.5,,,0,低,42,0,-,,0,24.8,0.6731,,,,,,0.19,0.46,0,,,E,,,0.2436,0.498,,0.5853,S,80,0,◎1着固定 2-3着流し（5〜8点）,0.5777,"{'is_target': True, 'verdict': '参加推奨', 'max_combo_prob': 0.0832, 'est_top_odds': 16.0, 'circle_concentration': 66.1, 'eligible_count': 6, 'bet_adj': 2, 'reason': 'rel_win1=58.1%（本命度） / 最有力組み合わせ確率: 0.083（推定実オッズ?16倍） / 2着集中度: 上位2艇 66.1%（補正+0.00） / 総合判定確率: 0.083 / → ヒモ分散。1号艇1着固定で広めのヒモ流し推奨（買い目+2点）', 'tenji_trigger': '展示確認: ヒモ分散レース。1号艇伸び確認後、広めのヒモ流しを採用。穴ヒモ（5・6号艇）を積極的に含める。\n展示で1号艇スタート超安定(0.122秒)→ヒモ固まり方向に注意'}",,,28.2,逃げ狙い,22.26,25.1,2,,,,,,,,,,,
2026-01-17,丸亀,9,6,落合直子,A2,35.23,6,,3.7804,2.8,43,16,0.1384,2.66,,,0,低,40,0,ま0%,,0,30,0.89,0,0,0.0833,0,0,0.025,0,0.225,,,D,◎,,0.2454,0.6465,,0.5853,S,80,0,◎1着固定 2-3着流し（5〜8点）,0.5777,"{'is_target': True, 'verdict': '参加推奨', 'max_combo_prob': 0.0832, 'est_top_odds': 16.0, 'circle_concentration': 66.1, 'eligible_count': 6, 'bet_adj': 2, 'reason': 'rel_win1=58.1%（本命度） / 最有力組み合わせ確率: 0.083（推定実オッズ?16倍） / 2着集中度: 上位2艇 66.1%（補正+0.00） / 総合判定確率: 0.083 / → ヒモ分散。1号艇1着固定で広めのヒモ流し推奨（買い目+2点）', 'tenji_trigger': '展示確認: ヒモ分散レース。1号艇伸び確認後、広めのヒモ流しを採用。穴ヒモ（5・6号艇）を積極的に含める。\n展示で1号艇スタート超安定(0.122秒)→ヒモ固まり方向に注意'}",,,28.2,逃げ狙い,22.26,25.1,2,,,,,,,,,,,
2026-01-17,丸亀,10,1,湯淺紀香,A2,46.43,1,◎,62.7616,,0,88.9,0.1515,3.463,,,0,低,73,0,逃1%,,0,89,1.1601,0.6667,,,,,0,0.22,0,○,,B,◎,,,0.6005,,0.4473,A,79,0,◎-○軸 3着3〜4艇流し（10〜15点）,0.5777,"{'is_target': True, 'verdict': '点数絞り', 'max_combo_prob': 0.09, 'est_top_odds': 14.8, 'circle_concentration': 74.1, 'eligible_count': 8, 'bet_adj': 0, 'reason': 'rel_win1=62.8%（本命度） / 最有力組み合わせ確率: 0.090（推定実オッズ?15倍） / 2着集中度: 上位2艇 74.1%（補正+0.04） / 総合判定確率: 0.130 / → ヒモはやや固め。上位2艇以外を切ること', 'tenji_trigger': '展示確認: 1号艇伸び良→そのまま採用。悪→飛び組に差し替え。circle_pct上位2艇に絞り込むこと。'}",,,26.8,逃げ狙い,14.73,27.5,2,,,,,0,0,0.6155,0,,逃げ軸流し,A
2026-01-17,丸亀,10,2,山本梨菜,A1,41.46,2,○,15.28,40.4,100,79.2,0.1446,3.1667,,,0,低,40,0,差0% ま0%,,0,67.2,1.2791,0,0.0909,0.0909,0,0,0.0471,0.0235,0.1328,,◎,C,△,,0.3904,0.5915,,0.4473,A,79,0,◎-○軸 3着3〜4艇流し（10〜15点）,0.5777,"{'is_target': True, 'verdict': '点数絞り', 'max_combo_prob': 0.09, 'est_top_odds': 14.8, 'circle_concentration': 74.1, 'eligible_count': 8, 'bet_adj': 0, 'reason': 'rel_win1=62.8%（本命度） / 最有力組み合わせ確率: 0.090（推定実オッズ?15倍） / 2着集中度: 上位2艇 74.1%（補正+0.04） / 総合判定確率: 0.130 / → ヒモはやや固め。上位2艇以外を切ること', 'tenji_trigger': '展示確認: 1号艇伸び良→そのまま採用。悪→飛び組に差し替え。circle_pct上位2艇に絞り込むこと。'}",,,26.8,逃げ狙い,14.73,27.5,2,,,,,,,,,,,
2026-01-17,丸亀,10,3,赤井　睦,B1,50.00,3,▲,11.6979,33.6,89,66.7,0.1556,2.9722,,,0,低,24,0,ま0%,,0,56.2,1.2298,0,0,0.1429,0,0,0.1944,0.0444,0.4333,,,A,○,,0.2891,0.596,,0.4473,A,79,0,◎-○軸 3着3〜4艇流し（10〜15点）,0.5777,"{'is_target': True, 'verdict': '点数絞り', 'max_combo_prob': 0.09, 'est_top_odds': 14.8, 'circle_concentration': 74.1, 'eligible_count': 8, 'bet_adj': 0, 'reason': 'rel_win1=62.8%（本命度） / 最有力組み合わせ確率: 0.090（推定実オッズ?15倍） / 2着集中度: 上位2艇 74.1%（補正+0.04） / 総合判定確率: 0.130 / → ヒモはやや固め。上位2艇以外を切ること', 'tenji_trigger': '展示確認: 1号艇伸び良→そのまま採用。悪→飛び組に差し替え。circle_pct上位2艇に絞り込むこと。'}",,,26.8,逃げ狙い,14.73,27.5,2,,,,,,,,,,,
2026-01-17,丸亀,10,4,谷口佳蓮,B1,35.16,4,,6.6935,15.3,48,10,0.1585,3.1,,,0,低,45,0,-,,0,22.9,0.6326,0,0,0,0.0769,0,0.1091,0,0.2727,,,D,,,0.263,0.5715,,0.4473,A,79,0,◎-○軸 3着3〜4艇流し（10〜15点）,0.5777,"{'is_target': True, 'verdict': '点数絞り', 'max_combo_prob': 0.09, 'est_top_odds': 14.8, 'circle_concentration': 74.1, 'eligible_count': 8, 'bet_adj': 0, 'reason': 'rel_win1=62.8%（本命度） / 最有力組み合わせ確率: 0.090（推定実オッズ?15倍） / 2着集中度: 上位2艇 74.1%（補正+0.04） / 総合判定確率: 0.130 / → ヒモはやや固め。上位2艇以外を切ること', 'tenji_trigger': '展示確認: 1号艇伸び良→そのまま採用。悪→飛び組に差し替え。circle_pct上位2艇に絞り込むこと。'}",,,26.8,逃げ狙い,14.73,27.5,2,,,,,,,,,,,
2026-01-17,丸亀,10,5,中田夕貴,A2,30.00,5,△,2.5085,8.6,68,29.6,0.1489,3.5741,,,0,低,68,0,-,,0,40.4,0.8605,,,,,,0.1927,0.3127,0,,,E,△,,0.3208,0.5955,,0.4473,A,79,0,◎-○軸 3着3〜4艇流し（10〜15点）,0.5777,"{'is_target': True, 'verdict': '点数絞り', 'max_combo_prob': 0.09, 'est_top_odds': 14.8, 'circle_concentration': 74.1, 'eligible_count': 8, 'bet_adj': 0, 'reason': 'rel_win1=62.8%（本命度） / 最有力組み合わせ確率: 0.090（推定実オッズ?15倍） / 2着集中度: 上位2艇 74.1%（補正+0.04） / 総合判定確率: 0.130 / → ヒモはやや固め。上位2艇以外を切ること', 'tenji_trigger': '展示確認: 1号艇伸び良→そのまま採用。悪→飛び組に差し替え。circle_pct上位2艇に絞り込むこと。'}",,,26.8,逃げ狙い,14.73,27.5,2,,,,,,,,,,,
2026-01-17,丸亀,10,6,菅野はや,B2,36.59,6,,1.0585,2,46,5.3,0.2137,4.6579,,,0,低,78,0,-,,0,25.2,0.8267,,,,,,0.125,0.125,0.125,,,D,,,0.135,0.5285,,0.4473,A,79,0,◎-○軸 3着3〜4艇流し（10〜15点）,0.5777,"{'is_target': True, 'verdict': '点数絞り', 'max_combo_prob': 0.09, 'est_top_odds': 14.8, 'circle_concentration': 74.1, 'eligible_count': 8, 'bet_adj': 0, 'reason': 'rel_win1=62.8%（本命度） / 最有力組み合わせ確率: 0.090（推定実オッズ?15倍） / 2着集中度: 上位2艇 74.1%（補正+0.04） / 総合判定確率: 0.130 / → ヒモはやや固め。上位2艇以外を切ること', 'tenji_trigger': '展示確認: 1号艇伸び良→そのまま採用。悪→飛び組に差し替え。circle_pct上位2艇に絞り込むこと。'}",,,26.8,逃げ狙い,14.73,27.5,2,,,,,,,,,,,
2026-01-17,丸亀,11,1,井上遥妃,A1,53.09,1,◎,57.8735,,0,61.1,0.15,3.5556,,,0,低,34,0,逃1%,,0,68.8,0.8544,0.5556,,,,,0,0.1944,0.2389,○⚠️,,A,◎,,,0.634,,0.4233,B,56,0,◎○△フォーメーション（15〜20点）,0.5777,"{'is_target': True, 'verdict': '点数絞り', 'max_combo_prob': 0.093, 'est_top_odds': 14.3, 'circle_concentration': 70.8, 'eligible_count': 9, 'bet_adj': 0, 'reason': 'rel_win1=57.9%（本命度） / 最有力組み合わせ確率: 0.093（推定実オッズ?14倍） / 2着集中度: 上位2艇 70.8%（補正+0.04） / 総合判定確率: 0.133 / → ヒモはやや固め。上位2艇以外を切ること', 'tenji_trigger': '展示確認: 1号艇伸び良→そのまま採用。悪→飛び組に差し替え。circle_pct上位2艇に絞り込むこと。'}",,,28.6,両建て推奨,20.11,28.1,3,2-1-3|2-1-4|2-1-5|2-3-1|2-5-1|2-3-4|2-5-3|1-2-4|1-2-5|1-3-4|1-3-2|1-3-5,2-1-3|2-1-4|2-1-5|2-3-1|2-5-1|2-3-4|2-5-3|1-2-4|1-2-5|1-3-4|1-3-2|1-3-5,2-1-3:2.61%|2-1-4:2.02%|2-1-5:1.42%|2-3-1:0.81%|2-5-1:0.48%|2-3-4:0.35%|2-5-3:0.27%|1-2-4:6.48%|1-2-5:5.8%|1-3-4:3.66%|1-3-2:3.45%|1-3-5:3.27%,2-1-3:B_main|2-1-4:B_main|2-1-5:B_main|2-3-1:B_main|2-5-1:B_main|2-3-4:B_main|2-5-3:B_main|1-2-4:A|1-2-5:A|1-3-4:A|1-3-2:A|1-3-5:A,12,12,0.4535,1,[!]見送り推奨（主役決まり手「差し」― 逃げ劣勢レースで的中実績なし）,主役軸流し,B
2026-01-17,丸亀,11,2,山田理央,A2,39.56,2,○,14.2196,44.6,56,55.3,0.1476,3.2632,,,0,低,62,0,-,,0,79.2,1.2381,0,0.0833,0,0,0,0.0444,0.1444,0.0222,,◎,C,△,,0.3421,0.6,,0.4233,B,56,0,◎○△フォーメーション（15〜20点）,0.5777,"{'is_target': True, 'verdict': '点数絞り', 'max_combo_prob': 0.093, 'est_top_odds': 14.3, 'circle_concentration': 70.8, 'eligible_count': 9, 'bet_adj': 0, 'reason': 'rel_win1=57.9%（本命度） / 最有力組み合わせ確率: 0.093（推定実オッズ?14倍） / 2着集中度: 上位2艇 70.8%（補正+0.04） / 総合判定確率: 0.133 / → ヒモはやや固め。上位2艇以外を切ること', 'tenji_trigger': '展示確認: 1号艇伸び良→そのまま採用。悪→飛び組に差し替え。circle_pct上位2艇に絞り込むこと。'}",,,28.6,両建て推奨,20.11,28.1,3,,,,,,,,,,,
2026-01-17,丸亀,11,3,武井莉里,A2,40.66,3,▲,13.2946,26.3,77,61.8,0.2006,4.0441,,,0,低,82,0,-,,0,45.7,1.2013,,,,,,0,0.4167,0,,,B,,,0.1366,0.5265,,0.4233,B,56,0,◎○△フォーメーション（15〜20点）,0.5777,"{'is_target': True, 'verdict': '点数絞り', 'max_combo_prob': 0.093, 'est_top_odds': 14.3, 'circle_concentration': 70.8, 'eligible_count': 9, 'bet_adj': 0, 'reason': 'rel_win1=57.9%（本命度） / 最有力組み合わせ確率: 0.093（推定実オッズ?14倍） / 2着集中度: 上位2艇 70.8%（補正+0.04） / 総合判定確率: 0.133 / → ヒモはやや固め。上位2艇以外を切ること', 'tenji_trigger': '展示確認: 1号艇伸び良→そのまま採用。悪→飛び組に差し替え。circle_pct上位2艇に絞り込むこと。'}",,,28.6,両建て推奨,20.11,28.1,3,,,,,,,,,,,
2026-01-17,丸亀,11,4,中川りな,A2,31.87,4,△,9.383,14.5,100,55.6,0.1511,2.8056,,,0,低,61,0,ま0%,,0,70,1.1417,0,0,0.1111,0,0,0,0.1429,0.0714,,,D,○,,0.3013,0.6205,,0.4233,B,56,0,◎○△フォーメーション（15〜20点）,0.5777,"{'is_target': True, 'verdict': '点数絞り', 'max_combo_prob': 0.093, 'est_top_odds': 14.3, 'circle_concentration': 70.8, 'eligible_count': 9, 'bet_adj': 0, 'reason': 'rel_win1=57.9%（本命度） / 最有力組み合わせ確率: 0.093（推定実オッズ?14倍） / 2着集中度: 上位2艇 70.8%（補正+0.04） / 総合判定確率: 0.133 / → ヒモはやや固め。上位2艇以外を切ること', 'tenji_trigger': '展示確認: 1号艇伸び良→そのまま採用。悪→飛び組に差し替え。circle_pct上位2艇に絞り込むこと。'}",,,28.6,両建て推奨,20.11,28.1,3,,,,,,,,,,,
2026-01-17,丸亀,11,5,坂野さく,B1,32.53,5,,4.2316,11.1,68,43.8,0.16,3.2656,,,0,低,76,0,ま0%,,0,72.3,1.146,0,0,0.0714,0,0,0.2889,0.2889,0.2444,,,D,,,0.2623,0.5865,,0.4233,B,56,0,◎○△フォーメーション（15〜20点）,0.5777,"{'is_target': True, 'verdict': '点数絞り', 'max_combo_prob': 0.093, 'est_top_odds': 14.3, 'circle_concentration': 70.8, 'eligible_count': 9, 'bet_adj': 0, 'reason': 'rel_win1=57.9%（本命度） / 最有力組み合わせ確率: 0.093（推定実オッズ?14倍） / 2着集中度: 上位2艇 70.8%（補正+0.04） / 総合判定確率: 0.133 / → ヒモはやや固め。上位2艇以外を切ること', 'tenji_trigger': '展示確認: 1号艇伸び良→そのまま採用。悪→飛び組に差し替え。circle_pct上位2艇に絞り込むこと。'}",,,28.6,両建て推奨,20.11,28.1,3,,,,,,,,,,,
2026-01-17,丸亀,11,6,池田浩美,B1,27.08,6,,0.9977,3.7,32,4.3,0.1922,4.0652,,,0,低,68,0,-,,0,30.2,0.7756,,,,,,0.375,0,0.125,,,E,△,,0.1778,0.614,,0.4233,B,56,0,◎○△フォーメーション（15〜20点）,0.5777,"{'is_target': True, 'verdict': '点数絞り', 'max_combo_prob': 0.093, 'est_top_odds': 14.3, 'circle_concentration': 70.8, 'eligible_count': 9, 'bet_adj': 0, 'reason': 'rel_win1=57.9%（本命度） / 最有力組み合わせ確率: 0.093（推定実オッズ?14倍） / 2着集中度: 上位2艇 70.8%（補正+0.04） / 総合判定確率: 0.133 / → ヒモはやや固め。上位2艇以外を切ること', 'tenji_trigger': '展示確認: 1号艇伸び良→そのまま採用。悪→飛び組に差し替え。circle_pct上位2艇に絞り込むこと。'}",,,28.6,両建て推奨,20.11,28.1,3,,,,,,,,,,,
2026-01-17,丸亀,12,1,平山智加,A1,29.67,1,◎,54.8017,,0,91.4,0.1529,3.5286,,,0,低,46,0,逃0%,,0,94.4,1.3699,0.6364,,,,,0,0.1818,0.1818,◎,,D,○,,,0.651,,0.4787,S,90,0,◎1着固定 2-3着流し（5〜8点）,0.5777,"{'is_target': True, 'verdict': '参加推奨', 'max_combo_prob': 0.0598, 'est_top_odds': 22.3, 'circle_concentration': 66.1, 'eligible_count': 6, 'bet_adj': 2, 'reason': 'rel_win1=54.8%（本命度） / 最有力組み合わせ確率: 0.060（推定実オッズ?22倍） / 2着集中度: 上位2艇 66.1%（補正+0.00） / 総合判定確率: 0.060 / → ヒモ分散。1号艇1着固定で広めのヒモ流し推奨（買い目+2点）', 'tenji_trigger': '展示確認: ヒモ分散レース。1号艇伸び確認後、広めのヒモ流しを採用。穴ヒモ（5・6号艇）を積極的に含める。'}",,,30.4,逃げ狙い,25.76,28.3,2,,,,,0,0,0.7559,0,,逃げ軸流し,A
2026-01-17,丸亀,12,2,清水愛海,A1,38.95,2,▲,13.5369,32.6,93,71.4,0.1729,3.6905,,,0,低,73,0,差0%,,0,48.9,1.1503,0,0.2857,0,0,0,0.0909,0.1818,0,,,B,△,,0.1682,0.634,,0.4787,S,90,0,◎1着固定 2-3着流し（5〜8点）,0.5777,"{'is_target': True, 'verdict': '参加推奨', 'max_combo_prob': 0.0598, 'est_top_odds': 22.3, 'circle_concentration': 66.1, 'eligible_count': 6, 'bet_adj': 2, 'reason': 'rel_win1=54.8%（本命度） / 最有力組み合わせ確率: 0.060（推定実オッズ?22倍） / 2着集中度: 上位2艇 66.1%（補正+0.00） / 総合判定確率: 0.060 / → ヒモ分散。1号艇1着固定で広めのヒモ流し推奨（買い目+2点）', 'tenji_trigger': '展示確認: ヒモ分散レース。1号艇伸び確認後、広めのヒモ流しを採用。穴ヒモ（5・6号艇）を積極的に含める。'}",,,30.4,逃げ狙い,25.76,28.3,2,,,,,,,,,,,
2026-01-17,丸亀,12,3,米丸乃絵,A1,37.50,3,△,12.6636,33.5,86,75,0.1471,3.4464,,,0,低,62,0,差0% ま0%,,0,54.5,1.3729,0,0.1429,0.1429,0,0,0,0,0,,,C,,,0.3365,0.5575,,0.4787,S,90,0,◎1着固定 2-3着流し（5〜8点）,0.5777,"{'is_target': True, 'verdict': '参加推奨', 'max_combo_prob': 0.0598, 'est_top_odds': 22.3, 'circle_concentration': 66.1, 'eligible_count': 6, 'bet_adj': 2, 'reason': 'rel_win1=54.8%（本命度） / 最有力組み合わせ確率: 0.060（推定実オッズ?22倍） / 2着集中度: 上位2艇 66.1%（補正+0.00） / 総合判定確率: 0.060 / → ヒモ分散。1号艇1着固定で広めのヒモ流し推奨（買い目+2点）', 'tenji_trigger': '展示確認: ヒモ分散レース。1号艇伸び確認後、広めのヒモ流しを採用。穴ヒモ（5・6号艇）を積極的に含める。'}",,,30.4,逃げ狙い,25.76,28.3,2,,,,,,,,,,,
2026-01-17,丸亀,12,4,小芦るり,A1,29.41,4,,4.3224,11.9,100,43.8,0.1787,3.8125,,,0,低,61,0,差ま0%,,0,27.9,0.8411,0,0,0,0.1667,0,0.0308,0,0.1615,,,E,△,,0.2125,0.6255,,0.4787,S,90,0,◎1着固定 2-3着流し（5〜8点）,0.5777,"{'is_target': True, 'verdict': '参加推奨', 'max_combo_prob': 0.0598, 'est_top_odds': 22.3, 'circle_concentration': 66.1, 'eligible_count': 6, 'bet_adj': 2, 'reason': 'rel_win1=54.8%（本命度） / 最有力組み合わせ確率: 0.060（推定実オッズ?22倍） / 2着集中度: 上位2艇 66.1%（補正+0.00） / 総合判定確率: 0.060 / → ヒモ分散。1号艇1着固定で広めのヒモ流し推奨（買い目+2点）', 'tenji_trigger': '展示確認: ヒモ分散レース。1号艇伸び確認後、広めのヒモ流しを採用。穴ヒモ（5・6号艇）を積極的に含める。'}",,,30.4,逃げ狙い,25.76,28.3,2,,,,,,,,,,,
2026-01-17,丸亀,12,5,松尾夏海,A1,45.65,5,○,8.6896,19.1,71,66.7,0.1407,2.9259,,,0,低,45,0,-,,0,100,2.1076,,,,,,,,,,,A,◎,,0.3484,0.684,,0.4787,S,90,0,◎1着固定 2-3着流し（5〜8点）,0.5777,"{'is_target': True, 'verdict': '参加推奨', 'max_combo_prob': 0.0598, 'est_top_odds': 22.3, 'circle_concentration': 66.1, 'eligible_count': 6, 'bet_adj': 2, 'reason': 'rel_win1=54.8%（本命度） / 最有力組み合わせ確率: 0.060（推定実オッズ?22倍） / 2着集中度: 上位2艇 66.1%（補正+0.00） / 総合判定確率: 0.060 / → ヒモ分散。1号艇1着固定で広めのヒモ流し推奨（買い目+2点）', 'tenji_trigger': '展示確認: ヒモ分散レース。1号艇伸び確認後、広めのヒモ流しを採用。穴ヒモ（5・6号艇）を積極的に含める。'}",,,30.4,逃げ狙い,25.76,28.3,2,,,,,,,,,,,
2026-01-17,丸亀,12,6,堀之内紀,A1,38.78,6,,5.9858,2.9,43,23.3,0.1747,3.8,,,0,低,60,0,ま0%,,0,44.2,1.2208,0,0,0.2727,0,0,0.0909,0.1818,0,,,C,,,0.2879,0.5735,,0.4787,S,90,0,◎1着固定 2-3着流し（5〜8点）,0.5777,"{'is_target': True, 'verdict': '参加推奨', 'max_combo_prob': 0.0598, 'est_top_odds': 22.3, 'circle_concentration': 66.1, 'eligible_count': 6, 'bet_adj': 2, 'reason': 'rel_win1=54.8%（本命度） / 最有力組み合わせ確率: 0.060（推定実オッズ?22倍） / 2着集中度: 上位2艇 66.1%（補正+0.00） / 総合判定確率: 0.060 / → ヒモ分散。1号艇1着固定で広めのヒモ流し推奨（買い目+2点）', 'tenji_trigger': '展示確認: ヒモ分散レース。1号艇伸び確認後、広めのヒモ流しを採用。穴ヒモ（5・6号艇）を積極的に含める。'}",,,30.4,逃げ狙い,25.76,28.3,2,,,,,,,,,,,
2026-01-18,丸亀,1,1,池　千夏,B1,42.53,1,◎,57.9815,,0,57.1,0.1314,2.8571,,,0,低,8,1,逃0%,4,0,75,0.8135,0.2857,,,,,0,0.3714,0.3143,◎⚠️,,C,◎,,,0.7065,,0.4562,C,40,0,荒れ傾向。高配当狙いか見送り,0.5777,"{'is_target': True, 'verdict': '参加推奨', 'max_combo_prob': 0.0672, 'est_top_odds': 19.8, 'circle_concentration': 70.4, 'eligible_count': 6, 'bet_adj': 2, 'reason': 'rel_win1=58.0%（本命度） / 最有力組み合わせ確率: 0.067（推定実オッズ?20倍） / 2着集中度: 上位2艇 70.4%（補正+0.04） / 総合判定確率: 0.107 / → ヒモ分散。1号艇1着固定で広めのヒモ流し推奨（買い目+2点）', 'tenji_trigger': '展示確認: ヒモ分散レース。1号艇伸び確認後、広めのヒモ流しを採用。穴ヒモ（5・6号艇）を積極的に含める。\n展示で1号艇スタート超安定(0.131秒)→ヒモ固まり方向に注意'}",,,29.3,両建て推奨,16.56,33,4,4-5-6|4-5-1|4-6-5|4-3-6|4-6-1|4-3-5|4-3-1|1-3-4|1-2-3|1-2-4|1-3-2|1-4-3,4-5-6|4-5-1|4-6-5|4-3-6|4-6-1|4-3-5|4-3-1|1-3-4|1-2-3|1-2-4|1-3-2|1-4-3,4-5-6:1.65%|4-5-1:1.26%|4-6-5:0.77%|4-3-6:0.71%|4-6-1:0.67%|4-3-5:0.62%|4-3-1:0.54%|1-3-4:3.93%|1-2-3:3.79%|1-2-4:3.73%|1-3-2:3.49%|1-4-3:2.8%,4-5-6:B_main|4-5-1:B_main|4-6-5:B_main|4-3-6:B_main|4-6-1:B_main|4-3-5:B_main|4-3-1:B_main|1-3-4:A|1-2-3:A|1-2-4:A|1-3-2:A|1-4-3:A,12,12,0.4535,1,[!]見送り推奨（主役決まり手「まくり」― 逃げ劣勢レースで的中実績なし）,主役軸流し,B
2026-01-18,丸亀,1,2,赤井　睦,B1,50.00,2,○,10.0852,37.7,79,25,0.19,3.3438,,,0,低,24,0,-,63,0,44.4,0.5379,,,,,,0.1944,0.0444,0.4333,,,A,△,,0.0775,0.596,,0.4562,C,40,0,荒れ傾向。高配当狙いか見送り,0.5777,"{'is_target': True, 'verdict': '参加推奨', 'max_combo_prob': 0.0672, 'est_top_odds': 19.8, 'circle_concentration': 70.4, 'eligible_count': 6, 'bet_adj': 2, 'reason': 'rel_win1=58.0%（本命度） / 最有力組み合わせ確率: 0.067（推定実オッズ?20倍） / 2着集中度: 上位2艇 70.4%（補正+0.04） / 総合判定確率: 0.107 / → ヒモ分散。1号艇1着固定で広めのヒモ流し推奨（買い目+2点）', 'tenji_trigger': '展示確認: ヒモ分散レース。1号艇伸び確認後、広めのヒモ流しを採用。穴ヒモ（5・6号艇）を積極的に含める。\n展示で1号艇スタート超安定(0.131秒)→ヒモ固まり方向に注意'}",,,29.3,両建て推奨,16.56,33,4,,,,,,,,,,,
2026-01-18,丸亀,1,3,三嶌さら,B1,37.08,3,△,10.8556,32.8,100,20,0.138,2.7,,,0,低,82,1,-,1,0,33.7,0.6706,,,,,,0,0.25,0,,,D,△,,0.277,0.576,,0.4562,C,40,0,荒れ傾向。高配当狙いか見送り,0.5777,"{'is_target': True, 'verdict': '参加推奨', 'max_combo_prob': 0.0672, 'est_top_odds': 19.8, 'circle_concentration': 70.4, 'eligible_count': 6, 'bet_adj': 2, 'reason': 'rel_win1=58.0%（本命度） / 最有力組み合わせ確率: 0.067（推定実オッズ?20倍） / 2着集中度: 上位2艇 70.4%（補正+0.04） / 総合判定確率: 0.107 / → ヒモ分散。1号艇1着固定で広めのヒモ流し推奨（買い目+2点）', 'tenji_trigger': '展示確認: ヒモ分散レース。1号艇伸び確認後、広めのヒモ流しを採用。穴ヒモ（5・6号艇）を積極的に含める。\n展示で1号艇スタート超安定(0.131秒)→ヒモ固まり方向に注意'}",,,29.3,両建て推奨,16.56,33,4,,,,,,,,,,,
2026-01-18,丸亀,1,4,菅野はや,B2,36.59,4,,11.3326,20.7,88,33.3,0.1567,3.5476,,,0,低,78,0,-,36,0,61.6,0.9134,,,,,,0.125,0.125,0.125,,,E,,,0.2116,0.5285,,0.4562,C,40,0,荒れ傾向。高配当狙いか見送り,0.5777,"{'is_target': True, 'verdict': '参加推奨', 'max_combo_prob': 0.0672, 'est_top_odds': 19.8, 'circle_concentration': 70.4, 'eligible_count': 6, 'bet_adj': 2, 'reason': 'rel_win1=58.0%（本命度） / 最有力組み合わせ確率: 0.067（推定実オッズ?20倍） / 2着集中度: 上位2艇 70.4%（補正+0.04） / 総合判定確率: 0.107 / → ヒモ分散。1号艇1着固定で広めのヒモ流し推奨（買い目+2点）', 'tenji_trigger': '展示確認: ヒモ分散レース。1号艇伸び確認後、広めのヒモ流しを採用。穴ヒモ（5・6号艇）を積極的に含める。\n展示で1号艇スタート超安定(0.131秒)→ヒモ固まり方向に注意'}",,,29.3,両建て推奨,16.56,33,4,,,,,,,,,,,
2026-01-18,丸亀,1,5,坂咲友理,B1,47.67,5,▲,7.7604,6.7,69,7.7,0.1969,4.1538,,,0,低,45,1,-,5,0,21.7,0.775,,,,,,0.125,0.625,0.125,,,B,,,0.135,0.574,,0.4562,C,40,0,荒れ傾向。高配当狙いか見送り,0.5777,"{'is_target': True, 'verdict': '参加推奨', 'max_combo_prob': 0.0672, 'est_top_odds': 19.8, 'circle_concentration': 70.4, 'eligible_count': 6, 'bet_adj': 2, 'reason': 'rel_win1=58.0%（本命度） / 最有力組み合わせ確率: 0.067（推定実オッズ?20倍） / 2着集中度: 上位2艇 70.4%（補正+0.04） / 総合判定確率: 0.107 / → ヒモ分散。1号艇1着固定で広めのヒモ流し推奨（買い目+2点）', 'tenji_trigger': '展示確認: ヒモ分散レース。1号艇伸び確認後、広めのヒモ流しを採用。穴ヒモ（5・6号艇）を積極的に含める。\n展示で1号艇スタート超安定(0.131秒)→ヒモ固まり方向に注意'}",,,29.3,両建て推奨,16.56,33,4,,,,,,,,,,,
2026-01-18,丸亀,1,6,矢野真梨,B1,46.74,6,,1.9846,2.2,68,9.1,0.2227,4.7727,,,0,低,41,1,-,5,0,29.8,0.7622,,,,,,0,0.5,0.5,,,C,○,,0.135,0.6015,,0.4562,C,40,0,荒れ傾向。高配当狙いか見送り,0.5777,"{'is_target': True, 'verdict': '参加推奨', 'max_combo_prob': 0.0672, 'est_top_odds': 19.8, 'circle_concentration': 70.4, 'eligible_count': 6, 'bet_adj': 2, 'reason': 'rel_win1=58.0%（本命度） / 最有力組み合わせ確率: 0.067（推定実オッズ?20倍） / 2着集中度: 上位2艇 70.4%（補正+0.04） / 総合判定確率: 0.107 / → ヒモ分散。1号艇1着固定で広めのヒモ流し推奨（買い目+2点）', 'tenji_trigger': '展示確認: ヒモ分散レース。1号艇伸び確認後、広めのヒモ流しを採用。穴ヒモ（5・6号艇）を積極的に含める。\n展示で1号艇スタート超安定(0.131秒)→ヒモ固まり方向に注意'}",,,29.3,両建て推奨,16.56,33,4,,,,,,,,,,,
2026-01-18,丸亀,2,1,来田衣織,B1,46.91,1,◎,53.6121,,0,71.4,0.1914,4.3095,,,0,低,96,0,逃0%,1,0,77.8,0.9443,0.5,,,,,0,0.4,0,,,B,△,,,0.585,,0.1908,A,63,0,◎-○軸 3着3〜4艇流し（10〜15点）,0.5777,"{'is_target': True, 'verdict': '参加推奨', 'max_combo_prob': 0.065, 'est_top_odds': 20.5, 'circle_concentration': 75.1, 'eligible_count': 8, 'bet_adj': 2, 'reason': 'rel_win1=53.6%（本命度） / 最有力組み合わせ確率: 0.065（推定実オッズ?20倍） / 2着集中度: 上位2艇 75.1%（補正+0.04） / 総合判定確率: 0.105 / → ヒモ分散。1号艇1着固定で広めのヒモ流し推奨（買い目+2点）', 'tenji_trigger': '展示確認: ヒモ分散レース。1号艇伸び確認後、広めのヒモ流しを採用。穴ヒモ（5・6号艇）を積極的に含める。\n展示で1号艇スタート遅め(0.191秒)確認→ヒモが荒れやすい'}",,,28.5,両建て推奨,12.74,34.1,2,2-1-3|2-1-4|2-3-1|2-1-6|2-6-1|2-3-4|2-6-3|1-2-3|1-2-4|1-3-2,2-1-3|2-1-4|2-3-1|2-1-6|2-6-1|2-3-4|2-6-3|1-2-3|5-1-6|6-1-3|1-2-4|1-3-2,2-1-3:4.53%|2-1-4:2.05%|2-3-1:1.41%|2-1-6:0.86%|2-6-1:0.34%|2-3-4:0.33%|2-6-3:0.17%|1-2-3:4.83%|1-2-4:4.11%|1-3-2:4.1%,2-1-3:B_main|2-1-4:B_main|2-3-1:B_main|2-1-6:B_main|2-6-1:B_main|2-3-4:B_main|2-6-3:B_main|1-2-3:A|1-2-4:A|1-3-2:A,10,12,0.2915,1,[!]見送り推奨（主役決まり手「差し」― 逃げ劣勢レースで的中実績なし）,主役軸流し,B
2026-01-18,丸亀,2,2,池田奈津,B1,30.84,2,▲,13.2719,41.4,100,51.2,0.1437,3.061,,,0,低,23,0,差0%,5,0,44.4,0.8662,0,0.1765,0,0,0,0.28,0.28,0,,◎,D,◎,,0.5912,0.6705,,0.1908,A,63,0,◎-○軸 3着3〜4艇流し（10〜15点）,0.5777,"{'is_target': True, 'verdict': '参加推奨', 'max_combo_prob': 0.065, 'est_top_odds': 20.5, 'circle_concentration': 75.1, 'eligible_count': 8, 'bet_adj': 2, 'reason': 'rel_win1=53.6%（本命度） / 最有力組み合わせ確率: 0.065（推定実オッズ?20倍） / 2着集中度: 上位2艇 75.1%（補正+0.04） / 総合判定確率: 0.105 / → ヒモ分散。1号艇1着固定で広めのヒモ流し推奨（買い目+2点）', 'tenji_trigger': '展示確認: ヒモ分散レース。1号艇伸び確認後、広めのヒモ流しを採用。穴ヒモ（5・6号艇）を積極的に含める。\n展示で1号艇スタート遅め(0.191秒)確認→ヒモが荒れやすい'}",,,28.5,両建て推奨,12.74,34.1,2,,,,,,,,,,,
2026-01-18,丸亀,2,3,原加央理,B1,32.63,3,○,14.8891,33.7,86,54.5,0.1442,2.5455,,,0,低,57,0,差0% ま0%,4,0,65.7,1.1658,0,0.0526,0.0526,0,0,0.1875,0.3125,0.125,,○,D,○,,0.459,0.6085,,0.1908,A,63,0,◎-○軸 3着3〜4艇流し（10〜15点）,0.5777,"{'is_target': True, 'verdict': '参加推奨', 'max_combo_prob': 0.065, 'est_top_odds': 20.5, 'circle_concentration': 75.1, 'eligible_count': 8, 'bet_adj': 2, 'reason': 'rel_win1=53.6%（本命度） / 最有力組み合わせ確率: 0.065（推定実オッズ?20倍） / 2着集中度: 上位2艇 75.1%（補正+0.04） / 総合判定確率: 0.105 / → ヒモ分散。1号艇1着固定で広めのヒモ流し推奨（買い目+2点）', 'tenji_trigger': '展示確認: ヒモ分散レース。1号艇伸び確認後、広めのヒモ流しを採用。穴ヒモ（5・6号艇）を積極的に含める。\n展示で1号艇スタート遅め(0.191秒)確認→ヒモが荒れやすい'}",,,28.5,両建て推奨,12.74,34.1,2,,,,,,,,,,,
2026-01-18,丸亀,2,4,佐藤ほの,B1,30.69,4,,11.1708,14.9,87,28.1,0.1775,3.5469,,,0,低,65,0,ま0%,6,0,44.2,0.8472,0,0,0.0769,0,0,0.3333,0.4444,0.1111,,,E,,,0.3516,0.5605,,0.1908,A,63,0,◎-○軸 3着3〜4艇流し（10〜15点）,0.5777,"{'is_target': True, 'verdict': '参加推奨', 'max_combo_prob': 0.065, 'est_top_odds': 20.5, 'circle_concentration': 75.1, 'eligible_count': 8, 'bet_adj': 2, 'reason': 'rel_win1=53.6%（本命度） / 最有力組み合わせ確率: 0.065（推定実オッズ?20倍） / 2着集中度: 上位2艇 75.1%（補正+0.04） / 総合判定確率: 0.105 / → ヒモ分散。1号艇1着固定で広めのヒモ流し推奨（買い目+2点）', 'tenji_trigger': '展示確認: ヒモ分散レース。1号艇伸び確認後、広めのヒモ流しを採用。穴ヒモ（5・6号艇）を積極的に含める。\n展示で1号艇スタート遅め(0.191秒)確認→ヒモが荒れやすい'}",,,28.5,両建て推奨,12.74,34.1,2,,,,,,,,,,,
2026-01-18,丸亀,2,5,赤松咲香,B2,33.70,5,,4.633,6.2,56,0,0.1844,4.0278,,,0,低,41,0,-,65,0,31.2,0.6738,,,,,,,,,,,C,,,0.3342,0.535,,0.1908,A,63,0,◎-○軸 3着3〜4艇流し（10〜15点）,0.5777,"{'is_target': True, 'verdict': '参加推奨', 'max_combo_prob': 0.065, 'est_top_odds': 20.5, 'circle_concentration': 75.1, 'eligible_count': 8, 'bet_adj': 2, 'reason': 'rel_win1=53.6%（本命度） / 最有力組み合わせ確率: 0.065（推定実オッズ?20倍） / 2着集中度: 上位2艇 75.1%（補正+0.04） / 総合判定確率: 0.105 / → ヒモ分散。1号艇1着固定で広めのヒモ流し推奨（買い目+2点）', 'tenji_trigger': '展示確認: ヒモ分散レース。1号艇伸び確認後、広めのヒモ流しを採用。穴ヒモ（5・6号艇）を積極的に含める。\n展示で1号艇スタート遅め(0.191秒)確認→ヒモが荒れやすい'}",,,28.5,両建て推奨,12.74,34.1,2,,,,,,,,,,,
2026-01-18,丸亀,2,6,山川美由,A2,55.56,6,△,2.4232,3.8,68,16.7,0.2183,4.5833,,,0,低,16,1,-,1,0,23.8,0.7911,,,,,,0,0,0.3333,,,A,△,,0.2244,0.584,,0.1908,A,63,0,◎-○軸 3着3〜4艇流し（10〜15点）,0.5777,"{'is_target': True, 'verdict': '参加推奨', 'max_combo_prob': 0.065, 'est_top_odds': 20.5, 'circle_concentration': 75.1, 'eligible_count': 8, 'bet_adj': 2, 'reason': 'rel_win1=53.6%（本命度） / 最有力組み合わせ確率: 0.065（推定実オッズ?20倍） / 2着集中度: 上位2艇 75.1%（補正+0.04） / 総合判定確率: 0.105 / → ヒモ分散。1号艇1着固定で広めのヒモ流し推奨（買い目+2点）', 'tenji_trigger': '展示確認: ヒモ分散レース。1号艇伸び確認後、広めのヒモ流しを採用。穴ヒモ（5・6号艇）を積極的に含める。\n展示で1号艇スタート遅め(0.191秒)確認→ヒモが荒れやすい'}",,,28.5,両建て推奨,12.74,34.1,2,,,,,,,,,,,
2026-01-18,丸亀,3,1,三嶌ここ,B1,38.89,1,◎,52.6562,,0,71.4,0.1786,3.7143,,,0,低,114,1,逃0%,53,0,70.4,0.9406,0.2857,,,,,0.0571,0.0571,0.3143,△⚠️,,C,,,,0.553,,0.2274,B,48,0,◎○△フォーメーション（15〜20点）,0.5777,"{'is_target': True, 'verdict': '参加推奨', 'max_combo_prob': 0.0543, 'est_top_odds': 24.5, 'circle_concentration': 64.3, 'eligible_count': 9, 'bet_adj': 2, 'reason': 'rel_win1=52.7%（本命度） / 最有力組み合わせ確率: 0.054（推定実オッズ?24倍） / 2着集中度: 上位2艇 64.3%（補正+0.00） / 総合判定確率: 0.054 / → ヒモ分散。1号艇1着固定で広めのヒモ流し推奨（買い目+2点）', 'tenji_trigger': '展示確認: ヒモ分散レース。1号艇伸び確認後、広めのヒモ流しを採用。穴ヒモ（5・6号艇）を積極的に含める。'}",,,28.1,両建て推奨,15.73,30.4,4,4-5-6|4-5-1|4-3-5|4-6-5|4-5-2|4-3-6|4-3-1|1-2-4|1-3-4|1-2-3|1-3-2|1-4-2,4-5-6|4-5-1|4-3-5|4-6-5|4-5-2|4-3-6|4-3-1|1-2-4|1-3-4|1-2-3|1-3-2|1-4-2,4-5-6:1.73%|4-5-1:1.23%|4-3-5:0.95%|4-6-5:0.84%|4-5-2:0.81%|4-3-6:0.79%|4-3-1:0.56%|1-2-4:5.84%|1-3-4:5.34%|1-2-3:4.64%|1-3-2:4.37%|1-4-2:4.22%,4-5-6:B_main|4-5-1:B_main|4-3-5:B_main|4-6-5:B_main|4-5-2:B_main|4-3-6:B_main|4-3-1:B_main|1-2-4:A|1-3-4:A|1-2-3:A|1-3-2:A|1-4-2:A,12,12,0.4535,1,[!]見送り推奨（主役決まり手「まくり」― 逃げ劣勢レースで的中実績なし）,主役軸流し,B
2026-01-18,丸亀,3,2,大橋由珠,B2,35.71,2,,14.8347,34.9,100,62.5,0.1825,4.25,,,0,低,12,1,差0%,6,0,50.3,1.0416,0,0.125,0,0,0,0,0.7143,0,,,D,,,0.2894,0.5495,,0.2274,B,48,0,◎○△フォーメーション（15〜20点）,0.5777,"{'is_target': True, 'verdict': '参加推奨', 'max_combo_prob': 0.0543, 'est_top_odds': 24.5, 'circle_concentration': 64.3, 'eligible_count': 9, 'bet_adj': 2, 'reason': 'rel_win1=52.7%（本命度） / 最有力組み合わせ確率: 0.054（推定実オッズ?24倍） / 2着集中度: 上位2艇 64.3%（補正+0.00） / 総合判定確率: 0.054 / → ヒモ分散。1号艇1着固定で広めのヒモ流し推奨（買い目+2点）', 'tenji_trigger': '展示確認: ヒモ分散レース。1号艇伸び確認後、広めのヒモ流しを採用。穴ヒモ（5・6号艇）を積極的に含める。'}",,,28.1,両建て推奨,15.73,30.4,4,,,,,,,,,,,
2026-01-18,丸亀,3,3,中川りな,A2,31.87,3,,9.3538,29.4,64,46.9,0.1659,3.6406,,,0,低,61,0,-,34,0,36.2,0.6169,0,0,0.0667,0,0,0,0.1429,0.0714,,○,D,△,,0.3513,0.6205,,0.2274,B,48,0,◎○△フォーメーション（15〜20点）,0.5777,"{'is_target': True, 'verdict': '参加推奨', 'max_combo_prob': 0.0543, 'est_top_odds': 24.5, 'circle_concentration': 64.3, 'eligible_count': 9, 'bet_adj': 2, 'reason': 'rel_win1=52.7%（本命度） / 最有力組み合わせ確率: 0.054（推定実オッズ?24倍） / 2着集中度: 上位2艇 64.3%（補正+0.00） / 総合判定確率: 0.054 / → ヒモ分散。1号艇1着固定で広めのヒモ流し推奨（買い目+2点）', 'tenji_trigger': '展示確認: ヒモ分散レース。1号艇伸び確認後、広めのヒモ流しを採用。穴ヒモ（5・6号艇）を積極的に含める。'}",,,28.1,両建て推奨,15.73,30.4,4,,,,,,,,,,,
2026-01-18,丸亀,3,4,西村美智,B2,37.35,4,○,15.3514,21.2,70,54.5,0.1291,2.6818,,,0,低,25,1,ま0%,3,0,83.1,1.3647,0,0,0.1111,0,0,0.1111,0.1111,0.1111,,◎,C,○,,0.4833,0.6285,,0.2274,B,48,0,◎○△フォーメーション（15〜20点）,0.5777,"{'is_target': True, 'verdict': '参加推奨', 'max_combo_prob': 0.0543, 'est_top_odds': 24.5, 'circle_concentration': 64.3, 'eligible_count': 9, 'bet_adj': 2, 'reason': 'rel_win1=52.7%（本命度） / 最有力組み合わせ確率: 0.054（推定実オッズ?24倍） / 2着集中度: 上位2艇 64.3%（補正+0.00） / 総合判定確率: 0.054 / → ヒモ分散。1号艇1着固定で広めのヒモ流し推奨（買い目+2点）', 'tenji_trigger': '展示確認: ヒモ分散レース。1号艇伸び確認後、広めのヒモ流しを採用。穴ヒモ（5・6号艇）を積極的に含める。'}",,,28.1,両建て推奨,15.73,30.4,4,,,,,,,,,,,
2026-01-18,丸亀,3,5,水口由紀,B1,41.18,5,△,6.5945,8.7,62,20.7,0.2,4.0345,,,0,低,92,0,差ま0%,2,0,28.7,0.7281,0,0,0,0.0833,0,0.24,0.08,0.08,,,B,△,,0.2233,0.568,,0.2274,B,48,0,◎○△フォーメーション（15〜20点）,0.5777,"{'is_target': True, 'verdict': '参加推奨', 'max_combo_prob': 0.0543, 'est_top_odds': 24.5, 'circle_concentration': 64.3, 'eligible_count': 9, 'bet_adj': 2, 'reason': 'rel_win1=52.7%（本命度） / 最有力組み合わせ確率: 0.054（推定実オッズ?24倍） / 2着集中度: 上位2艇 64.3%（補正+0.00） / 総合判定確率: 0.054 / → ヒモ分散。1号艇1着固定で広めのヒモ流し推奨（買い目+2点）', 'tenji_trigger': '展示確認: ヒモ分散レース。1号艇伸び確認後、広めのヒモ流しを採用。穴ヒモ（5・6号艇）を積極的に含める。'}",,,28.1,両建て推奨,15.73,30.4,4,,,,,,,,,,,
2026-01-18,丸亀,3,6,佐々木裕,B1,40.00,6,▲,1.2095,5.8,53,16,0.172,3.72,,,0,低,50,0,-,4,0,24.1,0.7622,,,,,,0.4533,0.3067,0.08,,,B,◎,,0.3334,0.656,,0.2274,B,48,0,◎○△フォーメーション（15〜20点）,0.5777,"{'is_target': True, 'verdict': '参加推奨', 'max_combo_prob': 0.0543, 'est_top_odds': 24.5, 'circle_concentration': 64.3, 'eligible_count': 9, 'bet_adj': 2, 'reason': 'rel_win1=52.7%（本命度） / 最有力組み合わせ確率: 0.054（推定実オッズ?24倍） / 2着集中度: 上位2艇 64.3%（補正+0.00） / 総合判定確率: 0.054 / → ヒモ分散。1号艇1着固定で広めのヒモ流し推奨（買い目+2点）', 'tenji_trigger': '展示確認: ヒモ分散レース。1号艇伸び確認後、広めのヒモ流しを採用。穴ヒモ（5・6号艇）を積極的に含める。'}",,,28.1,両建て推奨,15.73,30.4,4,,,,,,,,,,,
2026-01-18,丸亀,4,1,向井田真,B1,23.81,1,◎,52.6137,,0,77.3,0.1473,3.25,,,0,低,72,0,逃0%,6,0,79.1,1.0012,0.2,,,,,0.2,0.2,0,○,,E,,,,0.5205,,0.3972,A,72,0,◎-○軸 3着3〜4艇流し（10〜15点）,0.5777,"{'is_target': True, 'verdict': '参加推奨', 'max_combo_prob': 0.0745, 'est_top_odds': 17.9, 'circle_concentration': 69.0, 'eligible_count': 8, 'bet_adj': 2, 'reason': 'rel_win1=52.6%（本命度） / 最有力組み合わせ確率: 0.075（推定実オッズ?18倍） / 2着集中度: 上位2艇 69.0%（補正+0.00） / 総合判定確率: 0.075 / → ヒモ分散。1号艇1着固定で広めのヒモ流し推奨（買い目+2点）', 'tenji_trigger': '展示確認: ヒモ分散レース。1号艇伸び確認後、広めのヒモ流しを採用。穴ヒモ（5・6号艇）を積極的に含める。'}",,,28.9,逃げ狙い,15.27,32.9,4,,,,,0,0,0.6155,0,,逃げ軸流し,A
2026-01-18,丸亀,4,2,中北　涼,B1,37.00,2,○,12.2162,44.9,80,22.2,0.1417,2.8889,,,0,低,39,0,-,34,0,83.4,0.5452,,,,,,0.3333,0.4444,0,,◎,B,△,,0.3835,0.612,,0.3972,A,72,0,◎-○軸 3着3〜4艇流し（10〜15点）,0.5777,"{'is_target': True, 'verdict': '参加推奨', 'max_combo_prob': 0.0745, 'est_top_odds': 17.9, 'circle_concentration': 69.0, 'eligible_count': 8, 'bet_adj': 2, 'reason': 'rel_win1=52.6%（本命度） / 最有力組み合わせ確率: 0.075（推定実オッズ?18倍） / 2着集中度: 上位2艇 69.0%（補正+0.00） / 総合判定確率: 0.075 / → ヒモ分散。1号艇1着固定で広めのヒモ流し推奨（買い目+2点）', 'tenji_trigger': '展示確認: ヒモ分散レース。1号艇伸び確認後、広めのヒモ流しを採用。穴ヒモ（5・6号艇）を積極的に含める。'}",,,28.9,逃げ狙い,15.27,32.9,4,,,,,,,,,,,
2026-01-18,丸亀,4,3,谷口佳蓮,B1,35.16,3,▲,18.0834,24,73,33.3,0.1462,3,,,0,低,45,0,-,24,0,84.9,1.5729,0,0,0.0625,0.0625,0,0.1091,0,0.2727,,,C,,,0.298,0.5715,,0.3972,A,72,0,◎-○軸 3着3〜4艇流し（10〜15点）,0.5777,"{'is_target': True, 'verdict': '参加推奨', 'max_combo_prob': 0.0745, 'est_top_odds': 17.9, 'circle_concentration': 69.0, 'eligible_count': 8, 'bet_adj': 2, 'reason': 'rel_win1=52.6%（本命度） / 最有力組み合わせ確率: 0.075（推定実オッズ?18倍） / 2着集中度: 上位2艇 69.0%（補正+0.00） / 総合判定確率: 0.075 / → ヒモ分散。1号艇1着固定で広めのヒモ流し推奨（買い目+2点）', 'tenji_trigger': '展示確認: ヒモ分散レース。1号艇伸び確認後、広めのヒモ流しを採用。穴ヒモ（5・6号艇）を積極的に含める。'}",,,28.9,逃げ狙い,15.27,32.9,4,,,,,,,,,,,
2026-01-18,丸亀,4,4,落合直子,A2,35.23,4,△,11.8055,24.1,93,47.1,0.1468,3.1765,,,0,低,40,0,-,5,0,61.8,1.1004,0,0,0,0,0.0714,0.025,0,0.225,,,C,○,,0.3141,0.6465,,0.3972,A,72,0,◎-○軸 3着3〜4艇流し（10〜15点）,0.5777,"{'is_target': True, 'verdict': '参加推奨', 'max_combo_prob': 0.0745, 'est_top_odds': 17.9, 'circle_concentration': 69.0, 'eligible_count': 8, 'bet_adj': 2, 'reason': 'rel_win1=52.6%（本命度） / 最有力組み合わせ確率: 0.075（推定実オッズ?18倍） / 2着集中度: 上位2艇 69.0%（補正+0.00） / 総合判定確率: 0.075 / → ヒモ分散。1号艇1着固定で広めのヒモ流し推奨（買い目+2点）', 'tenji_trigger': '展示確認: ヒモ分散レース。1号艇伸び確認後、広めのヒモ流しを採用。穴ヒモ（5・6号艇）を積極的に含める。'}",,,28.9,逃げ狙い,15.27,32.9,4,,,,,,,,,,,
2026-01-18,丸亀,4,5,喜多那由,B1,27.08,5,,3.6431,3.2,51,13.5,0.1827,4.0811,,,0,低,95,0,-,4,0,32.6,0.6579,,,,,,0.2643,0.0857,0.4143,,,D,◎,,0.1974,0.6495,,0.3972,A,72,0,◎-○軸 3着3〜4艇流し（10〜15点）,0.5777,"{'is_target': True, 'verdict': '参加推奨', 'max_combo_prob': 0.0745, 'est_top_odds': 17.9, 'circle_concentration': 69.0, 'eligible_count': 8, 'bet_adj': 2, 'reason': 'rel_win1=52.6%（本命度） / 最有力組み合わせ確率: 0.075（推定実オッズ?18倍） / 2着集中度: 上位2艇 69.0%（補正+0.00） / 総合判定確率: 0.075 / → ヒモ分散。1号艇1着固定で広めのヒモ流し推奨（買い目+2点）', 'tenji_trigger': '展示確認: ヒモ分散レース。1号艇伸び確認後、広めのヒモ流しを採用。穴ヒモ（5・6号艇）を積極的に含める。'}",,,28.9,逃げ狙い,15.27,32.9,4,,,,,,,,,,,
2026-01-18,丸亀,4,6,山本梨菜,A1,41.46,6,,1.638,3.8,100,39.1,0.1887,4.1304,,,0,低,40,0,-,2,0,30.1,1.5081,,,,,,0.0471,0.0235,0.1328,,,B,△,,0.1783,0.5915,,0.3972,A,72,0,◎-○軸 3着3〜4艇流し（10〜15点）,0.5777,"{'is_target': True, 'verdict': '参加推奨', 'max_combo_prob': 0.0745, 'est_top_odds': 17.9, 'circle_concentration': 69.0, 'eligible_count': 8, 'bet_adj': 2, 'reason': 'rel_win1=52.6%（本命度） / 最有力組み合わせ確率: 0.075（推定実オッズ?18倍） / 2着集中度: 上位2艇 69.0%（補正+0.00） / 総合判定確率: 0.075 / → ヒモ分散。1号艇1着固定で広めのヒモ流し推奨（買い目+2点）', 'tenji_trigger': '展示確認: ヒモ分散レース。1号艇伸び確認後、広めのヒモ流しを採用。穴ヒモ（5・6号艇）を積極的に含める。'}",,,28.9,逃げ狙い,15.27,32.9,4,,,,,,,,,,,
2026-01-18,丸亀,5,1,坂野さく,B1,32.53,1,◎,50.2699,,0,66.7,0.18,3.6667,,,0,低,76,0,逃0%,46,0,64.8,0.8828,0.3333,,,,,0.2889,0.2889,0.2444,△⚠️,,C,△,,,0.5865,,0.28,B,56,0,◎○△フォーメーション（15〜20点）,0.5777,"{'is_target': True, 'verdict': '点数絞り', 'max_combo_prob': 0.0965, 'est_top_odds': 13.8, 'circle_concentration': 71.8, 'eligible_count': 9, 'bet_adj': 0, 'reason': 'rel_win1=50.3%（本命度） / 最有力組み合わせ確率: 0.097（推定実オッズ?14倍） / 2着集中度: 上位2艇 71.8%（補正+0.04） / 総合判定確率: 0.137 / → ヒモはやや固め。上位2艇以外を切ること', 'tenji_trigger': '展示確認: 1号艇伸び良→そのまま採用。悪→飛び組に差し替え。circle_pct上位2艇に絞り込むこと。'}",,,32.9,両建て推奨,18.65,41.6,3,3-5-6|3-4-6|3-5-4|3-4-5|3-6-4|3-6-5|3-5-2|1-2-3|1-3-2|1-2-6|1-3-6|1-4-3,3-5-6|3-4-6|3-5-4|3-4-5|3-6-4|3-6-5|3-5-2|1-2-3|1-3-2|1-2-6|1-3-6|1-4-3,3-5-6:1.83%|3-4-6:1.75%|3-5-4:0.86%|3-4-5:0.82%|3-6-4:0.6%|3-6-5:0.6%|3-5-2:0.54%|1-2-3:8.38%|1-3-2:6.07%|1-2-6:5.92%|1-3-6:4.81%|1-4-3:3.85%,3-5-6:B_main|3-4-6:B_main|3-5-4:B_main|3-4-5:B_main|3-6-4:B_main|3-6-5:B_main|3-5-2:B_main|1-2-3:A|1-3-2:A|1-2-6:A|1-3-6:A|1-4-3:A,12,12,0.4535,1,[!]見送り推奨（主役決まり手「まくり」― 逃げ劣勢レースで的中実績なし）,主役軸流し,B
2026-01-18,丸亀,5,2,渡辺千草,B1,40.00,2,○,12.3002,44.6,97,64.9,0.1643,3.1892,,,0,低,79,0,差0%,44,0,55.1,1.0457,0,0.0625,0,0,0,0.3,0.3,0.3,,○,A,△,,0.47,0.622,,0.28,B,56,0,◎○△フォーメーション（15〜20点）,0.5777,"{'is_target': True, 'verdict': '点数絞り', 'max_combo_prob': 0.0965, 'est_top_odds': 13.8, 'circle_concentration': 71.8, 'eligible_count': 9, 'bet_adj': 0, 'reason': 'rel_win1=50.3%（本命度） / 最有力組み合わせ確率: 0.097（推定実オッズ?14倍） / 2着集中度: 上位2艇 71.8%（補正+0.04） / 総合判定確率: 0.137 / → ヒモはやや固め。上位2艇以外を切ること', 'tenji_trigger': '展示確認: 1号艇伸び良→そのまま採用。悪→飛び組に差し替え。circle_pct上位2艇に絞り込むこと。'}",,,32.9,両建て推奨,18.65,41.6,3,,,,,,,,,,,
2026-01-18,丸亀,5,3,小芦るり,A1,29.41,3,△,19.7313,27.3,100,64.3,0.1471,3.4821,,,0,低,61,0,ま0%,35,0,81.4,1.4369,0,0,0.4286,0,0,0.0308,0,0.1615,,◎,D,○,,0.5526,0.6255,,0.28,B,56,0,◎○△フォーメーション（15〜20点）,0.5777,"{'is_target': True, 'verdict': '点数絞り', 'max_combo_prob': 0.0965, 'est_top_odds': 13.8, 'circle_concentration': 71.8, 'eligible_count': 9, 'bet_adj': 0, 'reason': 'rel_win1=50.3%（本命度） / 最有力組み合わせ確率: 0.097（推定実オッズ?14倍） / 2着集中度: 上位2艇 71.8%（補正+0.04） / 総合判定確率: 0.137 / → ヒモはやや固め。上位2艇以外を切ること', 'tenji_trigger': '展示確認: 1号艇伸び良→そのまま採用。悪→飛び組に差し替え。circle_pct上位2艇に絞り込むこと。'}",,,32.9,両建て推奨,18.65,41.6,3,,,,,,,,,,,
2026-01-18,丸亀,5,4,福山恵里,B1,29.55,4,,9.2554,10.4,52,13,0.1609,3.6304,,,0,低,42,0,差ま0%,56,0,35.1,0.7009,0,0,0,0.0667,0,0.19,0.46,0,,,D,,,0.3522,0.498,,0.28,B,56,0,◎○△フォーメーション（15〜20点）,0.5777,"{'is_target': True, 'verdict': '点数絞り', 'max_combo_prob': 0.0965, 'est_top_odds': 13.8, 'circle_concentration': 71.8, 'eligible_count': 9, 'bet_adj': 0, 'reason': 'rel_win1=50.3%（本命度） / 最有力組み合わせ確率: 0.097（推定実オッズ?14倍） / 2着集中度: 上位2艇 71.8%（補正+0.04） / 総合判定確率: 0.137 / → ヒモはやや固め。上位2艇以外を切ること', 'tenji_trigger': '展示確認: 1号艇伸び良→そのまま採用。悪→飛び組に差し替え。circle_pct上位2艇に絞り込むこと。'}",,,32.9,両建て推奨,18.65,41.6,3,,,,,,,,,,,
2026-01-18,丸亀,5,5,大廣咲季,B1,30.43,5,,4.4243,6.1,39,8,0.1836,4.02,,,0,低,81,0,-,15,0,24.1,0.5793,0,0.0526,0,0,0,0.3333,0.3333,0,,,D,,,0.273,0.543,,0.28,B,56,0,◎○△フォーメーション（15〜20点）,0.5777,"{'is_target': True, 'verdict': '点数絞り', 'max_combo_prob': 0.0965, 'est_top_odds': 13.8, 'circle_concentration': 71.8, 'eligible_count': 9, 'bet_adj': 0, 'reason': 'rel_win1=50.3%（本命度） / 最有力組み合わせ確率: 0.097（推定実オッズ?14倍） / 2着集中度: 上位2艇 71.8%（補正+0.04） / 総合判定確率: 0.137 / → ヒモはやや固め。上位2艇以外を切ること', 'tenji_trigger': '展示確認: 1号艇伸び良→そのまま採用。悪→飛び組に差し替え。circle_pct上位2艇に絞り込むこと。'}",,,32.9,両建て推奨,18.65,41.6,3,,,,,,,,,,,
2026-01-18,丸亀,5,6,岩崎芳美,A2,34.78,6,▲,4.0188,11.7,41,60,0.1587,3.6333,,,0,低,23,0,-,1,0,30.2,0.7789,,,,,,0.0833,0.25,0.25,,,B,◎,,0.3813,0.6485,,0.28,B,56,0,◎○△フォーメーション（15〜20点）,0.5777,"{'is_target': True, 'verdict': '点数絞り', 'max_combo_prob': 0.0965, 'est_top_odds': 13.8, 'circle_concentration': 71.8, 'eligible_count': 9, 'bet_adj': 0, 'reason': 'rel_win1=50.3%（本命度） / 最有力組み合わせ確率: 0.097（推定実オッズ?14倍） / 2着集中度: 上位2艇 71.8%（補正+0.04） / 総合判定確率: 0.137 / → ヒモはやや固め。上位2艇以外を切ること', 'tenji_trigger': '展示確認: 1号艇伸び良→そのまま採用。悪→飛び組に差し替え。circle_pct上位2艇に絞り込むこと。'}",,,32.9,両建て推奨,18.65,41.6,3,,,,,,,,,,,
2026-01-18,丸亀,6,1,山口真喜,A2,37.37,1,◎,53.0212,,0,50,0.2396,4.4286,,,0,低,83,0,逃0%,1,0,46,0.7212,0.0909,,,,,0.1818,0.3636,0.2727,,,B,,,,0.508,,0.1328,C,38,0,荒れ傾向。高配当狙いか見送り,0.5777,"{'is_target': True, 'verdict': '参加推奨', 'max_combo_prob': 0.0667, 'est_top_odds': 20.0, 'circle_concentration': 72.7, 'eligible_count': 6, 'bet_adj': 2, 'reason': 'rel_win1=53.0%（本命度） / 最有力組み合わせ確率: 0.067（推定実オッズ?20倍） / 2着集中度: 上位2艇 72.7%（補正+0.04） / 総合判定確率: 0.107 / → ヒモ分散。1号艇1着固定で広めのヒモ流し推奨（買い目+2点）', 'tenji_trigger': '展示確認: ヒモ分散レース。1号艇伸び確認後、広めのヒモ流しを採用。穴ヒモ（5・6号艇）を積極的に含める。\n展示で1号艇スタート遅め(0.240秒)確認→ヒモが荒れやすい'}",,,39,両建て推奨,21.43,42.3,4,2-3-4|2-3-6|2-4-3|2-3-5|2-6-3|2-4-6|2-6-4|1-2-4|1-3-4|1-3-2|1-2-3,2-3-4|2-3-6|2-4-3|2-3-5|2-6-3|2-4-6|2-6-4|5-1-6|1-2-4|1-3-4|1-3-2|1-2-3,2-3-4:2.53%|2-3-6:1.69%|2-4-3:1.35%|2-3-5:1.23%|2-6-3:0.85%|2-4-6:0.8%|2-6-4:0.75%|1-2-4:4.92%|1-3-4:4.83%|1-3-2:4.62%|1-2-3:4.36%,2-3-4:B_main|2-3-6:B_main|2-4-3:B_main|2-3-5:B_main|2-6-3:B_main|2-4-6:B_main|2-6-4:B_main|1-2-4:A|1-3-4:A|1-3-2:A|1-2-3:A,11,12,0.2915,1,[!]見送り推奨（主役決まり手「まくり」― 逃げ劣勢レースで的中実績なし）,主役軸流し,B
2026-01-18,丸亀,6,2,池田浩美,B1,27.08,2,,16.587,32.7,84,56,0.178,3.36,,,0,低,68,0,差0% ま0%,22,0,55.7,0.9716,0,0.0909,0.1818,0,0,0.375,0,0.125,,◎,E,○,,0.6091,0.614,,0.1328,C,38,0,荒れ傾向。高配当狙いか見送り,0.5777,"{'is_target': True, 'verdict': '参加推奨', 'max_combo_prob': 0.0667, 'est_top_odds': 20.0, 'circle_concentration': 72.7, 'eligible_count': 6, 'bet_adj': 2, 'reason': 'rel_win1=53.0%（本命度） / 最有力組み合わせ確率: 0.067（推定実オッズ?20倍） / 2着集中度: 上位2艇 72.7%（補正+0.04） / 総合判定確率: 0.107 / → ヒモ分散。1号艇1着固定で広めのヒモ流し推奨（買い目+2点）', 'tenji_trigger': '展示確認: ヒモ分散レース。1号艇伸び確認後、広めのヒモ流しを採用。穴ヒモ（5・6号艇）を積極的に含める。\n展示で1号艇スタート遅め(0.240秒)確認→ヒモが荒れやすい'}",,,39,両建て推奨,21.43,42.3,4,,,,,,,,,,,
2026-01-18,丸亀,6,3,中田夕貴,A2,30.00,3,▲,10.4938,40,58,57.7,0.1681,3.75,,,0,低,68,0,-,5,0,64.7,1.0563,,,,,,0.1927,0.3127,0,,,D,△,,0.5279,0.5955,,0.1328,C,38,0,荒れ傾向。高配当狙いか見送り,0.5777,"{'is_target': True, 'verdict': '参加推奨', 'max_combo_prob': 0.0667, 'est_top_odds': 20.0, 'circle_concentration': 72.7, 'eligible_count': 6, 'bet_adj': 2, 'reason': 'rel_win1=53.0%（本命度） / 最有力組み合わせ確率: 0.067（推定実オッズ?20倍） / 2着集中度: 上位2艇 72.7%（補正+0.04） / 総合判定確率: 0.107 / → ヒモ分散。1号艇1着固定で広めのヒモ流し推奨（買い目+2点）', 'tenji_trigger': '展示確認: ヒモ分散レース。1号艇伸び確認後、広めのヒモ流しを採用。穴ヒモ（5・6号艇）を積極的に含める。\n展示で1号艇スタート遅め(0.240秒)確認→ヒモが荒れやすい'}",,,39,両建て推奨,21.43,42.3,4,,,,,,,,,,,
2026-01-18,丸亀,6,4,清水愛海,A1,38.95,4,○,11.273,17.5,100,48.1,0.1967,4.2963,,,0,低,73,0,-,13,0,72.7,1.1117,,,,,,0.0909,0.1818,0,,△,B,◎,,0.5314,0.634,,0.1328,C,38,0,荒れ傾向。高配当狙いか見送り,0.5777,"{'is_target': True, 'verdict': '参加推奨', 'max_combo_prob': 0.0667, 'est_top_odds': 20.0, 'circle_concentration': 72.7, 'eligible_count': 6, 'bet_adj': 2, 'reason': 'rel_win1=53.0%（本命度） / 最有力組み合わせ確率: 0.067（推定実オッズ?20倍） / 2着集中度: 上位2艇 72.7%（補正+0.04） / 総合判定確率: 0.107 / → ヒモ分散。1号艇1着固定で広めのヒモ流し推奨（買い目+2点）', 'tenji_trigger': '展示確認: ヒモ分散レース。1号艇伸び確認後、広めのヒモ流しを採用。穴ヒモ（5・6号艇）を積極的に含める。\n展示で1号艇スタート遅め(0.240秒)確認→ヒモが荒れやすい'}",,,39,両建て推奨,21.43,42.3,4,,,,,,,,,,,
2026-01-18,丸亀,6,5,三嶌さら,B1,37.08,5,△,5.8546,7,53,16.7,0.1812,4.381,,,0,低,82,0,-,1,0,24.3,0.619,,,,,,0,0.25,0,,○,C,,,0.5395,0.576,,0.1328,C,38,0,荒れ傾向。高配当狙いか見送り,0.5777,"{'is_target': True, 'verdict': '参加推奨', 'max_combo_prob': 0.0667, 'est_top_odds': 20.0, 'circle_concentration': 72.7, 'eligible_count': 6, 'bet_adj': 2, 'reason': 'rel_win1=53.0%（本命度） / 最有力組み合わせ確率: 0.067（推定実オッズ?20倍） / 2着集中度: 上位2艇 72.7%（補正+0.04） / 総合判定確率: 0.107 / → ヒモ分散。1号艇1着固定で広めのヒモ流し推奨（買い目+2点）', 'tenji_trigger': '展示確認: ヒモ分散レース。1号艇伸び確認後、広めのヒモ流しを採用。穴ヒモ（5・6号艇）を積極的に含める。\n展示で1号艇スタート遅め(0.240秒)確認→ヒモが荒れやすい'}",,,39,両建て推奨,21.43,42.3,4,,,,,,,,,,,
2026-01-18,丸亀,6,6,中谷朋子,B1,28.89,6,,2.7704,2.8,81,25,0.23,5,,,0,低,24,1,-,16,0,29.5,0.9936,,,,,,0,0.3333,0.1667,,,D,△,,0.3951,0.5805,,0.1328,C,38,0,荒れ傾向。高配当狙いか見送り,0.5777,"{'is_target': True, 'verdict': '参加推奨', 'max_combo_prob': 0.0667, 'est_top_odds': 20.0, 'circle_concentration': 72.7, 'eligible_count': 6, 'bet_adj': 2, 'reason': 'rel_win1=53.0%（本命度） / 最有力組み合わせ確率: 0.067（推定実オッズ?20倍） / 2着集中度: 上位2艇 72.7%（補正+0.04） / 総合判定確率: 0.107 / → ヒモ分散。1号艇1着固定で広めのヒモ流し推奨（買い目+2点）', 'tenji_trigger': '展示確認: ヒモ分散レース。1号艇伸び確認後、広めのヒモ流しを採用。穴ヒモ（5・6号艇）を積極的に含める。\n展示で1号艇スタート遅め(0.240秒)確認→ヒモが荒れやすい'}",,,39,両建て推奨,21.43,42.3,4,,,,,,,,,,,
2026-01-18,丸亀,7,1,谷川里江,B1,35.96,1,◎,48.7904,,0,66.7,0.1722,3.2593,,,0,低,57,0,逃0%,23,0,46.4,0.8771,0.2,,,,,0.1,0.6,0,△,,D,,,,0.549,,0.2713,B,46,0,◎○△フォーメーション（15〜20点）,0.5777,"{'is_target': True, 'verdict': '参加推奨', 'max_combo_prob': 0.0563, 'est_top_odds': 23.7, 'circle_concentration': 79.0, 'eligible_count': 9, 'bet_adj': 2, 'reason': 'rel_win1=48.8%（本命度） / 最有力組み合わせ確率: 0.056（推定実オッズ?24倍） / 2着集中度: 上位2艇 79.0%（補正+0.04） / 総合判定確率: 0.096 / → ヒモ分散。1号艇1着固定で広めのヒモ流し推奨（買い目+2点）', 'tenji_trigger': '展示確認: ヒモ分散レース。1号艇伸び確認後、広めのヒモ流しを採用。穴ヒモ（5・6号艇）を積極的に含める。'}",,,36.9,両建て推奨,17.28,39.9,3,2-1-5|2-1-3|1-2-5|1-2-4|1-3-5|1-3-2|1-3-4,3-4-5|6-1-5|2-1-5|3-5-4|2-1-3|6-1-3|3-5-6|1-2-5|1-2-4|1-3-5|1-3-2|1-3-4,2-1-5:2.18%|2-1-3:2.12%|1-2-5:8.37%|1-2-4:7.28%|1-3-5:6.61%|1-3-2:5.89%|1-3-4:5.75%,2-1-5:B_main|2-1-3:B_main|1-2-5:A|1-2-4:A|1-3-5:A|1-3-2:A|1-3-4:A,7,12,0.4535,1,[!]見送り推奨（主役決まり手「差し」― 逃げ劣勢レースで的中実績なし）,荒れ広め,D
2026-01-18,丸亀,7,2,井上遥妃,A1,53.09,2,○,17.0629,44.7,100,47.6,0.1552,2.9048,,,0,低,34,0,差0% ま0%,21,0,28.1,0.8602,0,0.4,0.2,0,0,0,0.1944,0.2389,,◎,A,○,,0.5595,0.634,,0.2713,B,46,0,◎○△フォーメーション（15〜20点）,0.5777,"{'is_target': True, 'verdict': '参加推奨', 'max_combo_prob': 0.0563, 'est_top_odds': 23.7, 'circle_concentration': 79.0, 'eligible_count': 9, 'bet_adj': 2, 'reason': 'rel_win1=48.8%（本命度） / 最有力組み合わせ確率: 0.056（推定実オッズ?24倍） / 2着集中度: 上位2艇 79.0%（補正+0.04） / 総合判定確率: 0.096 / → ヒモ分散。1号艇1着固定で広めのヒモ流し推奨（買い目+2点）', 'tenji_trigger': '展示確認: ヒモ分散レース。1号艇伸び確認後、広めのヒモ流しを採用。穴ヒモ（5・6号艇）を積極的に含める。'}",,,36.9,両建て推奨,17.28,39.9,3,,,,,,,,,,,
2026-01-18,丸亀,7,3,山田理央,A2,39.56,3,△,7.2466,34.3,84,56.8,0.1295,2.4054,,,0,低,62,0,-,15,0,53.3,1.355,,,,,,0.0444,0.1444,0.0222,,○,C,,,0.4747,0.6,,0.2713,B,46,0,◎○△フォーメーション（15〜20点）,0.5777,"{'is_target': True, 'verdict': '参加推奨', 'max_combo_prob': 0.0563, 'est_top_odds': 23.7, 'circle_concentration': 79.0, 'eligible_count': 9, 'bet_adj': 2, 'reason': 'rel_win1=48.8%（本命度） / 最有力組み合わせ確率: 0.056（推定実オッズ?24倍） / 2着集中度: 上位2艇 79.0%（補正+0.04） / 総合判定確率: 0.096 / → ヒモ分散。1号艇1着固定で広めのヒモ流し推奨（買い目+2点）', 'tenji_trigger': '展示確認: ヒモ分散レース。1号艇伸び確認後、広めのヒモ流しを採用。穴ヒモ（5・6号艇）を積極的に含める。'}",,,36.9,両建て推奨,17.28,39.9,3,,,,,,,,,,,
2026-01-18,丸亀,7,4,矢野真梨,B1,46.74,4,▲,11.9428,9.6,84,27.3,0.1464,3.5,,,0,低,41,0,差ま0%,5,0,70.9,0.8568,0,0,0,0.0714,0,0,0.5,0.5,,,B,△,,0.3889,0.6015,,0.2713,B,46,0,◎○△フォーメーション（15〜20点）,0.5777,"{'is_target': True, 'verdict': '参加推奨', 'max_combo_prob': 0.0563, 'est_top_odds': 23.7, 'circle_concentration': 79.0, 'eligible_count': 9, 'bet_adj': 2, 'reason': 'rel_win1=48.8%（本命度） / 最有力組み合わせ確率: 0.056（推定実オッズ?24倍） / 2着集中度: 上位2艇 79.0%（補正+0.04） / 総合判定確率: 0.096 / → ヒモ分散。1号艇1着固定で広めのヒモ流し推奨（買い目+2点）', 'tenji_trigger': '展示確認: ヒモ分散レース。1号艇伸び確認後、広めのヒモ流しを採用。穴ヒモ（5・6号艇）を積極的に含める。'}",,,36.9,両建て推奨,17.28,39.9,3,,,,,,,,,,,
2026-01-18,丸亀,7,5,池田奈津,B1,30.84,5,,7.006,9.9,85,100,0.14,5,,,0,低,23,1,-,5,0,100,2.4829,,,,,,0.28,0.28,0,,△,E,◎,,0.4151,0.6705,,0.2713,B,46,0,◎○△フォーメーション（15〜20点）,0.5777,"{'is_target': True, 'verdict': '参加推奨', 'max_combo_prob': 0.0563, 'est_top_odds': 23.7, 'circle_concentration': 79.0, 'eligible_count': 9, 'bet_adj': 2, 'reason': 'rel_win1=48.8%（本命度） / 最有力組み合わせ確率: 0.056（推定実オッズ?24倍） / 2着集中度: 上位2艇 79.0%（補正+0.04） / 総合判定確率: 0.096 / → ヒモ分散。1号艇1着固定で広めのヒモ流し推奨（買い目+2点）', 'tenji_trigger': '展示確認: ヒモ分散レース。1号艇伸び確認後、広めのヒモ流しを採用。穴ヒモ（5・6号艇）を積極的に含める。'}",,,36.9,両建て推奨,17.28,39.9,3,,,,,,,,,,,
2026-01-18,丸亀,7,6,湯淺紀香,A2,46.43,6,,7.9513,1.5,88,34.5,0.19,4.3276,,,0,低,73,0,-,41,0,30.2,1.6211,,,,,,0,0.22,0,,,C,△,,0.2534,0.6005,,0.2713,B,46,0,◎○△フォーメーション（15〜20点）,0.5777,"{'is_target': True, 'verdict': '参加推奨', 'max_combo_prob': 0.0563, 'est_top_odds': 23.7, 'circle_concentration': 79.0, 'eligible_count': 9, 'bet_adj': 2, 'reason': 'rel_win1=48.8%（本命度） / 最有力組み合わせ確率: 0.056（推定実オッズ?24倍） / 2着集中度: 上位2艇 79.0%（補正+0.04） / 総合判定確率: 0.096 / → ヒモ分散。1号艇1着固定で広めのヒモ流し推奨（買い目+2点）', 'tenji_trigger': '展示確認: ヒモ分散レース。1号艇伸び確認後、広めのヒモ流しを採用。穴ヒモ（5・6号艇）を積極的に含める。'}",,,36.9,両建て推奨,17.28,39.9,3,,,,,,,,,,,
2026-01-18,丸亀,8,1,堀之内紀,A1,38.78,1,◎,75.7916,,0,74.1,0.1522,3.1481,,,0,低,60,0,逃1%,36,0,84.8,1.0579,0.6364,,,,,0.0909,0.1818,0,◎,,C,△,,,0.5735,,0.4616,A,66,0,◎-○軸 3着3〜4艇流し（10〜15点）,0.5777,"{'is_target': True, 'verdict': '参加推奨', 'max_combo_prob': 0.11, 'est_top_odds': 12.1, 'circle_concentration': 68.0, 'eligible_count': 8, 'bet_adj': 2, 'reason': 'rel_win1=75.8%（本命度） / 最有力組み合わせ確率: 0.110（推定実オッズ?12倍） / 2着集中度: 上位2艇 68.0%（補正+0.00） / 総合判定確率: 0.110 / → ヒモ分散。1号艇1着固定で広めのヒモ流し推奨（買い目+2点）', 'tenji_trigger': '展示確認: ヒモ分散レース。1号艇伸び確認後、広めのヒモ流しを採用。穴ヒモ（5・6号艇）を積極的に含める。'}",,,26.8,逃げ狙い,11.6,30.2,4,,,,,0,0,0.7559,0,,逃げ軸流し,A
2026-01-18,丸亀,8,2,中川りな,A2,31.87,2,△,8.0212,43.8,99,59.3,0.1685,3.7593,,,0,低,61,0,差0%,34,0,43.2,0.9597,0,0.0833,0,0,0,0,0.1429,0.0714,,,D,△,,0.1551,0.6205,,0.4616,A,66,0,◎-○軸 3着3〜4艇流し（10〜15点）,0.5777,"{'is_target': True, 'verdict': '参加推奨', 'max_combo_prob': 0.11, 'est_top_odds': 12.1, 'circle_concentration': 68.0, 'eligible_count': 8, 'bet_adj': 2, 'reason': 'rel_win1=75.8%（本命度） / 最有力組み合わせ確率: 0.110（推定実オッズ?12倍） / 2着集中度: 上位2艇 68.0%（補正+0.00） / 総合判定確率: 0.110 / → ヒモ分散。1号艇1着固定で広めのヒモ流し推奨（買い目+2点）', 'tenji_trigger': '展示確認: ヒモ分散レース。1号艇伸び確認後、広めのヒモ流しを採用。穴ヒモ（5・6号艇）を積極的に含める。'}",,,26.8,逃げ狙い,11.6,30.2,4,,,,,,,,,,,
2026-01-18,丸亀,8,3,喜多那由,B1,27.08,3,,4.2322,24.1,100,40.5,0.17,3.0135,,,0,低,95,0,-,4,0,22.7,0.7371,,,,,,0.2643,0.0857,0.4143,,,E,○,,0.2226,0.6495,,0.4616,A,66,0,◎-○軸 3着3〜4艇流し（10〜15点）,0.5777,"{'is_target': True, 'verdict': '参加推奨', 'max_combo_prob': 0.11, 'est_top_odds': 12.1, 'circle_concentration': 68.0, 'eligible_count': 8, 'bet_adj': 2, 'reason': 'rel_win1=75.8%（本命度） / 最有力組み合わせ確率: 0.110（推定実オッズ?12倍） / 2着集中度: 上位2艇 68.0%（補正+0.00） / 総合判定確率: 0.110 / → ヒモ分散。1号艇1着固定で広めのヒモ流し推奨（買い目+2点）', 'tenji_trigger': '展示確認: ヒモ分散レース。1号艇伸び確認後、広めのヒモ流しを採用。穴ヒモ（5・6号艇）を積極的に含める。'}",,,26.8,逃げ狙い,11.6,30.2,4,,,,,,,,,,,
2026-01-18,丸亀,8,4,武井莉里,A2,40.66,4,▲,5.8312,21,80,35.3,0.1585,3.3529,,,0,低,82,0,-,23,0,31.7,0.73,,,,,,0,0.4167,0,,,B,,,0.2855,0.5265,,0.4616,A,66,0,◎-○軸 3着3〜4艇流し（10〜15点）,0.5777,"{'is_target': True, 'verdict': '参加推奨', 'max_combo_prob': 0.11, 'est_top_odds': 12.1, 'circle_concentration': 68.0, 'eligible_count': 8, 'bet_adj': 2, 'reason': 'rel_win1=75.8%（本命度） / 最有力組み合わせ確率: 0.110（推定実オッズ?12倍） / 2着集中度: 上位2艇 68.0%（補正+0.00） / 総合判定確率: 0.110 / → ヒモ分散。1号艇1着固定で広めのヒモ流し推奨（買い目+2点）', 'tenji_trigger': '展示確認: ヒモ分散レース。1号艇伸び確認後、広めのヒモ流しを採用。穴ヒモ（5・6号艇）を積極的に含める。'}",,,26.8,逃げ狙い,11.6,30.2,4,,,,,,,,,,,
2026-01-18,丸亀,8,5,池　千夏,B1,42.53,5,○,4.8891,6.5,71,22.2,0.1356,2.5556,,,0,低,8,1,-,4,0,30.8,0.7162,,,,,,0,0.3714,0.3143,,,B,◎,,0.3628,0.7065,,0.4616,A,66,0,◎-○軸 3着3〜4艇流し（10〜15点）,0.5777,"{'is_target': True, 'verdict': '参加推奨', 'max_combo_prob': 0.11, 'est_top_odds': 12.1, 'circle_concentration': 68.0, 'eligible_count': 8, 'bet_adj': 2, 'reason': 'rel_win1=75.8%（本命度） / 最有力組み合わせ確率: 0.110（推定実オッズ?12倍） / 2着集中度: 上位2艇 68.0%（補正+0.00） / 総合判定確率: 0.110 / → ヒモ分散。1号艇1着固定で広めのヒモ流し推奨（買い目+2点）', 'tenji_trigger': '展示確認: ヒモ分散レース。1号艇伸び確認後、広めのヒモ流しを採用。穴ヒモ（5・6号艇）を積極的に含める。'}",,,26.8,逃げ狙い,11.6,30.2,4,,,,,,,,,,,
2026-01-18,丸亀,8,6,佐藤ほの,B1,30.69,6,,1.2346,4.5,51,15.8,0.1474,3.1316,,,0,低,65,0,-,6,0,34.4,0.7978,,,,,,0.3333,0.4444,0.1111,,,D,,,0.3253,0.5605,,0.4616,A,66,0,◎-○軸 3着3〜4艇流し（10〜15点）,0.5777,"{'is_target': True, 'verdict': '参加推奨', 'max_combo_prob': 0.11, 'est_top_odds': 12.1, 'circle_concentration': 68.0, 'eligible_count': 8, 'bet_adj': 2, 'reason': 'rel_win1=75.8%（本命度） / 最有力組み合わせ確率: 0.110（推定実オッズ?12倍） / 2着集中度: 上位2艇 68.0%（補正+0.00） / 総合判定確率: 0.110 / → ヒモ分散。1号艇1着固定で広めのヒモ流し推奨（買い目+2点）', 'tenji_trigger': '展示確認: ヒモ分散レース。1号艇伸び確認後、広めのヒモ流しを採用。穴ヒモ（5・6号艇）を積極的に含める。'}",,,26.8,逃げ狙い,11.6,30.2,4,,,,,,,,,,,
2026-01-18,丸亀,9,1,角ひとみ,A2,31.76,1,◎,58.8002,,0,75.9,0.2259,4.0862,,,0,低,104,0,逃1%,66,0,78.4,1.0107,0.7333,,,,,0.1267,0.1533,0.0267,△,,E,△,,,0.6195,,0.2836,A,66,0,◎-○軸 3着3〜4艇流し（10〜15点）,0.5777,"{'is_target': True, 'verdict': '参加推奨', 'max_combo_prob': 0.0984, 'est_top_odds': 13.5, 'circle_concentration': 67.7, 'eligible_count': 8, 'bet_adj': 2, 'reason': 'rel_win1=58.8%（本命度） / 最有力組み合わせ確率: 0.098（推定実オッズ?14倍） / 2着集中度: 上位2艇 67.7%（補正+0.00） / 総合判定確率: 0.098 / → ヒモ分散。1号艇1着固定で広めのヒモ流し推奨（買い目+2点）', 'tenji_trigger': '展示確認: ヒモ分散レース。1号艇伸び確認後、広めのヒモ流しを採用。穴ヒモ（5・6号艇）を積極的に含める。\n展示で1号艇スタート遅め(0.226秒)確認→ヒモが荒れやすい'}",,,34.2,逃げ狙い,17.46,31.9,4,2-1-4|1-2-4|1-2-3|1-3-4|1-4-2|1-3-2,6-1-4|6-4-1|6-1-3|3-5-4|3-4-5|2-1-4|6-3-1|1-2-4|1-2-3|1-3-4|1-4-2|1-3-2,2-1-4:2.0%|1-2-4:10.12%|1-2-3:7.37%|1-3-4:5.99%|1-4-2:5.62%|1-3-2:5.3%,2-1-4:B_main|1-2-4:A|1-2-3:A|1-3-4:A|1-4-2:A|1-3-2:A,6,12,0.4535,1,[!]見送り推奨（主役決まり手「差し」― 逃げ劣勢レースで的中実績なし）,荒れ広め,D
2026-01-18,丸亀,9,2,松尾夏海,A1,45.65,2,▲,13.0678,45.8,100,64.5,0.1616,3.2903,,,0,低,45,0,-,52,0,58.5,1.0295,0,0.1,0,0,0,,,,,◎,B,◎,,0.5723,0.684,,0.2836,A,66,0,◎-○軸 3着3〜4艇流し（10〜15点）,0.5777,"{'is_target': True, 'verdict': '参加推奨', 'max_combo_prob': 0.0984, 'est_top_odds': 13.5, 'circle_concentration': 67.7, 'eligible_count': 8, 'bet_adj': 2, 'reason': 'rel_win1=58.8%（本命度） / 最有力組み合わせ確率: 0.098（推定実オッズ?14倍） / 2着集中度: 上位2艇 67.7%（補正+0.00） / 総合判定確率: 0.098 / → ヒモ分散。1号艇1着固定で広めのヒモ流し推奨（買い目+2点）', 'tenji_trigger': '展示確認: ヒモ分散レース。1号艇伸び確認後、広めのヒモ流しを採用。穴ヒモ（5・6号艇）を積極的に含める。\n展示で1号艇スタート遅め(0.226秒)確認→ヒモが荒れやすい'}",,,34.2,逃げ狙い,17.46,31.9,4,,,,,,,,,,,
2026-01-18,丸亀,9,3,坂咲友理,B1,47.67,3,△,8.5376,16.4,65,31.6,0.1853,4.4474,,,0,低,45,0,-,5,0,55.6,0.6794,,,,,,0.125,0.625,0.125,,△,B,,,0.4859,0.574,,0.2836,A,66,0,◎-○軸 3着3〜4艇流し（10〜15点）,0.5777,"{'is_target': True, 'verdict': '参加推奨', 'max_combo_prob': 0.0984, 'est_top_odds': 13.5, 'circle_concentration': 67.7, 'eligible_count': 8, 'bet_adj': 2, 'reason': 'rel_win1=58.8%（本命度） / 最有力組み合わせ確率: 0.098（推定実オッズ?14倍） / 2着集中度: 上位2艇 67.7%（補正+0.00） / 総合判定確率: 0.098 / → ヒモ分散。1号艇1着固定で広めのヒモ流し推奨（買い目+2点）', 'tenji_trigger': '展示確認: ヒモ分散レース。1号艇伸び確認後、広めのヒモ流しを採用。穴ヒモ（5・6号艇）を積極的に含める。\n展示で1号艇スタート遅め(0.226秒)確認→ヒモが荒れやすい'}",,,34.2,逃げ狙い,17.46,31.9,4,,,,,,,,,,,
2026-01-18,丸亀,9,4,原加央理,B1,32.63,4,,10.388,21.9,87,60,0.138,2.6429,,,0,低,57,0,差0% ま0% 差ま0%,4,0,80,1.2509,0,0.0588,0.1176,0.0588,0,0.1875,0.3125,0.125,,,D,△,◎,0.4815,0.6085,0.3996,0.2836,A,66,0,◎-○軸 3着3〜4艇流し（10〜15点）,0.5777,"{'is_target': True, 'verdict': '参加推奨', 'max_combo_prob': 0.0984, 'est_top_odds': 13.5, 'circle_concentration': 67.7, 'eligible_count': 8, 'bet_adj': 2, 'reason': 'rel_win1=58.8%（本命度） / 最有力組み合わせ確率: 0.098（推定実オッズ?14倍） / 2着集中度: 上位2艇 67.7%（補正+0.00） / 総合判定確率: 0.098 / → ヒモ分散。1号艇1着固定で広めのヒモ流し推奨（買い目+2点）', 'tenji_trigger': '展示確認: ヒモ分散レース。1号艇伸び確認後、広めのヒモ流しを採用。穴ヒモ（5・6号艇）を積極的に含める。\n展示で1号艇スタート遅め(0.226秒)確認→ヒモが荒れやすい'}",,,34.2,逃げ狙い,17.46,31.9,4,,,,,,,,,,,
2026-01-18,丸亀,9,5,佐々木裕,B1,40.00,5,,5.4858,12,36,20,0.1471,2.7857,,,0,低,50,0,ま0%,4,0,38.4,0.7138,0,0,0.0588,0,0,0.4533,0.3067,0.08,,,C,○,,0.4648,0.656,,0.2836,A,66,0,◎-○軸 3着3〜4艇流し（10〜15点）,0.5777,"{'is_target': True, 'verdict': '参加推奨', 'max_combo_prob': 0.0984, 'est_top_odds': 13.5, 'circle_concentration': 67.7, 'eligible_count': 8, 'bet_adj': 2, 'reason': 'rel_win1=58.8%（本命度） / 最有力組み合わせ確率: 0.098（推定実オッズ?14倍） / 2着集中度: 上位2艇 67.7%（補正+0.00） / 総合判定確率: 0.098 / → ヒモ分散。1号艇1着固定で広めのヒモ流し推奨（買い目+2点）', 'tenji_trigger': '展示確認: ヒモ分散レース。1号艇伸び確認後、広めのヒモ流しを採用。穴ヒモ（5・6号艇）を積極的に含める。\n展示で1号艇スタート遅め(0.226秒)確認→ヒモが荒れやすい'}",,,34.2,逃げ狙い,17.46,31.9,4,,,,,,,,,,,
2026-01-18,丸亀,9,6,戸敷晃美,A2,48.10,6,○,3.7205,3.9,50,22.2,0.1714,4.1528,,,0,低,73,0,抜0%,32,0,27.5,0.9942,0,0,0,0,0.0588,0,0.0444,0.1422,,○,B,,,0.486,0.589,,0.2836,A,66,0,◎-○軸 3着3〜4艇流し（10〜15点）,0.5777,"{'is_target': True, 'verdict': '参加推奨', 'max_combo_prob': 0.0984, 'est_top_odds': 13.5, 'circle_concentration': 67.7, 'eligible_count': 8, 'bet_adj': 2, 'reason': 'rel_win1=58.8%（本命度） / 最有力組み合わせ確率: 0.098（推定実オッズ?14倍） / 2着集中度: 上位2艇 67.7%（補正+0.00） / 総合判定確率: 0.098 / → ヒモ分散。1号艇1着固定で広めのヒモ流し推奨（買い目+2点）', 'tenji_trigger': '展示確認: ヒモ分散レース。1号艇伸び確認後、広めのヒモ流しを採用。穴ヒモ（5・6号艇）を積極的に含める。\n展示で1号艇スタート遅め(0.226秒)確認→ヒモが荒れやすい'}",,,34.2,逃げ狙い,17.46,31.9,4,,,,,,,,,,,
2026-01-18,丸亀,10,1,中田夕貴,A2,30.00,1,◎,66.6547,,0,89.3,0.1718,3,,,0,低,68,0,逃1%,5,0,88.6,1.1794,0.6364,,,,,0.1927,0.3127,0,◎,,D,○,,,0.5955,,0.4558,A,77,0,◎-○軸 3着3〜4艇流し（10〜15点）,0.5777,"{'is_target': True, 'verdict': '点数絞り', 'max_combo_prob': 0.1235, 'est_top_odds': 10.8, 'circle_concentration': 72.2, 'eligible_count': 8, 'bet_adj': 0, 'reason': 'rel_win1=66.7%（本命度） / 最有力組み合わせ確率: 0.124（推定実オッズ?11倍） / 2着集中度: 上位2艇 72.2%（補正+0.04） / 総合判定確率: 0.164 / → ヒモはやや固め。上位2艇以外を切ること', 'tenji_trigger': '展示確認: 1号艇伸び良→そのまま採用。悪→飛び組に差し替え。circle_pct上位2艇に絞り込むこと。'}",,,31.1,逃げ狙い,18.94,36.1,2,,,,,0,0,0.7559,0,,逃げ軸流し,A
2026-01-18,丸亀,10,2,米丸乃絵,A1,37.50,2,○,17.3201,57.4,76,71.4,0.1454,3.6429,,,0,低,62,0,差0% ま0%,24,0,63.6,1.1943,0,0.0833,0.3333,0,0,0,0,0,,◎,C,,,0.6031,0.5575,,0.4558,A,77,0,◎-○軸 3着3〜4艇流し（10〜15点）,0.5777,"{'is_target': True, 'verdict': '点数絞り', 'max_combo_prob': 0.1235, 'est_top_odds': 10.8, 'circle_concentration': 72.2, 'eligible_count': 8, 'bet_adj': 0, 'reason': 'rel_win1=66.7%（本命度） / 最有力組み合わせ確率: 0.124（推定実オッズ?11倍） / 2着集中度: 上位2艇 72.2%（補正+0.04） / 総合判定確率: 0.164 / → ヒモはやや固め。上位2艇以外を切ること', 'tenji_trigger': '展示確認: 1号艇伸び良→そのまま採用。悪→飛び組に差し替え。circle_pct上位2艇に絞り込むこと。'}",,,31.1,逃げ狙い,18.94,36.1,2,,,,,,,,,,,
2026-01-18,丸亀,10,3,水口由紀,B1,41.18,3,△,5.3408,12.6,100,30,0.1767,3.7667,,,0,低,92,0,-,2,0,18.7,0.614,,,,,,0.24,0.08,0.08,,,B,△,,0.2812,0.568,,0.4558,A,77,0,◎-○軸 3着3〜4艇流し（10〜15点）,0.5777,"{'is_target': True, 'verdict': '点数絞り', 'max_combo_prob': 0.1235, 'est_top_odds': 10.8, 'circle_concentration': 72.2, 'eligible_count': 8, 'bet_adj': 0, 'reason': 'rel_win1=66.7%（本命度） / 最有力組み合わせ確率: 0.124（推定実オッズ?11倍） / 2着集中度: 上位2艇 72.2%（補正+0.04） / 総合判定確率: 0.164 / → ヒモはやや固め。上位2艇以外を切ること', 'tenji_trigger': '展示確認: 1号艇伸び良→そのまま採用。悪→飛び組に差し替え。circle_pct上位2艇に絞り込むこと。'}",,,31.1,逃げ狙い,18.94,36.1,2,,,,,,,,,,,
2026-01-18,丸亀,10,4,向井田真,B1,23.81,4,,5.4911,14.7,65,24.1,0.1666,3.7241,,,0,低,72,0,差0%,6,0,33.3,0.5736,0,0.1,0,0,0,0.2,0.2,0,,,E,,,0.3122,0.5205,,0.4558,A,77,0,◎-○軸 3着3〜4艇流し（10〜15点）,0.5777,"{'is_target': True, 'verdict': '点数絞り', 'max_combo_prob': 0.1235, 'est_top_odds': 10.8, 'circle_concentration': 72.2, 'eligible_count': 8, 'bet_adj': 0, 'reason': 'rel_win1=66.7%（本命度） / 最有力組み合わせ確率: 0.124（推定実オッズ?11倍） / 2着集中度: 上位2艇 72.2%（補正+0.04） / 総合判定確率: 0.164 / → ヒモはやや固め。上位2艇以外を切ること', 'tenji_trigger': '展示確認: 1号艇伸び良→そのまま採用。悪→飛び組に差し替え。circle_pct上位2艇に絞り込むこと。'}",,,31.1,逃げ狙い,18.94,36.1,2,,,,,,,,,,,
2026-01-18,丸亀,10,5,来田衣織,B1,46.91,5,▲,4.1243,10,57,20,0.1705,3.475,,,0,低,96,0,-,1,0,24.7,0.6798,,,,,,0,0.4,0,,,A,△,,0.3164,0.585,,0.4558,A,77,0,◎-○軸 3着3〜4艇流し（10〜15点）,0.5777,"{'is_target': True, 'verdict': '点数絞り', 'max_combo_prob': 0.1235, 'est_top_odds': 10.8, 'circle_concentration': 72.2, 'eligible_count': 8, 'bet_adj': 0, 'reason': 'rel_win1=66.7%（本命度） / 最有力組み合わせ確率: 0.124（推定実オッズ?11倍） / 2着集中度: 上位2艇 72.2%（補正+0.04） / 総合判定確率: 0.164 / → ヒモはやや固め。上位2艇以外を切ること', 'tenji_trigger': '展示確認: 1号艇伸び良→そのまま採用。悪→飛び組に差し替え。circle_pct上位2艇に絞り込むこと。'}",,,31.1,逃げ狙い,18.94,36.1,2,,,,,,,,,,,
2026-01-18,丸亀,10,6,平山智加,A1,29.67,6,,1.069,5.2,88,40.9,0.1764,4.2727,,,0,低,46,0,-,21,0,62.9,1.2356,,,,,,0,0.1818,0.1818,,,D,◎,,0.2954,0.651,,0.4558,A,77,0,◎-○軸 3着3〜4艇流し（10〜15点）,0.5777,"{'is_target': True, 'verdict': '点数絞り', 'max_combo_prob': 0.1235, 'est_top_odds': 10.8, 'circle_concentration': 72.2, 'eligible_count': 8, 'bet_adj': 0, 'reason': 'rel_win1=66.7%（本命度） / 最有力組み合わせ確率: 0.124（推定実オッズ?11倍） / 2着集中度: 上位2艇 72.2%（補正+0.04） / 総合判定確率: 0.164 / → ヒモはやや固め。上位2艇以外を切ること', 'tenji_trigger': '展示確認: 1号艇伸び良→そのまま採用。悪→飛び組に差し替え。circle_pct上位2艇に絞り込むこと。'}",,,31.1,逃げ狙い,18.94,36.1,2,,,,,,,,,,,
2026-01-18,丸亀,11,1,小芦るり,A1,29.41,1,◎,56.3084,,0,88.9,0.1544,3.1111,,,0,低,61,0,逃1%,35,0,87.9,1.1353,0.6923,,,,,0.0308,0,0.1615,◎,,E,△,,,0.6255,,0.4742,A,78,0,◎-○軸 3着3〜4艇流し（10〜15点）,0.5777,"{'is_target': True, 'verdict': '参加推奨', 'max_combo_prob': 0.0718, 'est_top_odds': 18.6, 'circle_concentration': 74.4, 'eligible_count': 8, 'bet_adj': 2, 'reason': 'rel_win1=56.3%（本命度） / 最有力組み合わせ確率: 0.072（推定実オッズ?19倍） / 2着集中度: 上位2艇 74.4%（補正+0.04） / 総合判定確率: 0.112 / → ヒモ分散。1号艇1着固定で広めのヒモ流し推奨（買い目+2点）', 'tenji_trigger': '展示確認: ヒモ分散レース。1号艇伸び確認後、広めのヒモ流しを採用。穴ヒモ（5・6号艇）を積極的に含める。'}",,,28.4,逃げ狙い,22.35,25.5,3,,,,,0,0,0.7559,0,,逃げ軸流し,A
2026-01-18,丸亀,11,2,山口真喜,A2,37.37,2,△,17.5117,33.4,100,62.5,0.1759,4.1094,,,0,低,83,0,差0%,1,0,63.8,1.0726,0,0.0909,0,0,0,0.1818,0.3636,0.2727,,,C,,,0.105,0.508,,0.4742,A,78,0,◎-○軸 3着3〜4艇流し（10〜15点）,0.5777,"{'is_target': True, 'verdict': '参加推奨', 'max_combo_prob': 0.0718, 'est_top_odds': 18.6, 'circle_concentration': 74.4, 'eligible_count': 8, 'bet_adj': 2, 'reason': 'rel_win1=56.3%（本命度） / 最有力組み合わせ確率: 0.072（推定実オッズ?19倍） / 2着集中度: 上位2艇 74.4%（補正+0.04） / 総合判定確率: 0.112 / → ヒモ分散。1号艇1着固定で広めのヒモ流し推奨（買い目+2点）', 'tenji_trigger': '展示確認: ヒモ分散レース。1号艇伸び確認後、広めのヒモ流しを採用。穴ヒモ（5・6号艇）を積極的に含める。'}",,,28.4,逃げ狙い,22.35,25.5,3,,,,,,,,,,,
2026-01-18,丸亀,11,3,落合直子,A2,35.23,3,,9.9207,41.1,82,62.1,0.1262,2.6034,,,0,低,40,0,-,5,0,29.4,0.9746,,,,,,0.025,0,0.225,,◎,D,◎,,0.4522,0.6465,,0.4742,A,78,0,◎-○軸 3着3〜4艇流し（10〜15点）,0.5777,"{'is_target': True, 'verdict': '参加推奨', 'max_combo_prob': 0.0718, 'est_top_odds': 18.6, 'circle_concentration': 74.4, 'eligible_count': 8, 'bet_adj': 2, 'reason': 'rel_win1=56.3%（本命度） / 最有力組み合わせ確率: 0.072（推定実オッズ?19倍） / 2着集中度: 上位2艇 74.4%（補正+0.04） / 総合判定確率: 0.112 / → ヒモ分散。1号艇1着固定で広めのヒモ流し推奨（買い目+2点）', 'tenji_trigger': '展示確認: ヒモ分散レース。1号艇伸び確認後、広めのヒモ流しを採用。穴ヒモ（5・6号艇）を積極的に含める。'}",,,28.4,逃げ狙い,22.35,25.5,3,,,,,,,,,,,
2026-01-18,丸亀,11,4,山川美由,A2,55.56,4,○,8.6162,17.6,77,77.8,0.1544,2.8333,,,0,低,16,1,-,1,0,44.6,1.043,0,0,0.25,0,0,0,0,0.3333,,,A,,,0.35,0.584,,0.4742,A,78,0,◎-○軸 3着3〜4艇流し（10〜15点）,0.5777,"{'is_target': True, 'verdict': '参加推奨', 'max_combo_prob': 0.0718, 'est_top_odds': 18.6, 'circle_concentration': 74.4, 'eligible_count': 8, 'bet_adj': 2, 'reason': 'rel_win1=56.3%（本命度） / 最有力組み合わせ確率: 0.072（推定実オッズ?19倍） / 2着集中度: 上位2艇 74.4%（補正+0.04） / 総合判定確率: 0.112 / → ヒモ分散。1号艇1着固定で広めのヒモ流し推奨（買い目+2点）', 'tenji_trigger': '展示確認: ヒモ分散レース。1号艇伸び確認後、広めのヒモ流しを採用。穴ヒモ（5・6号艇）を積極的に含める。'}",,,28.4,逃げ狙い,22.35,25.5,3,,,,,,,,,,,
2026-01-18,丸亀,11,5,井上遥妃,A1,53.09,5,▲,6.5763,6.1,72,42.3,0.1419,2.5385,,,0,低,34,0,差ま0%,21,0,39.6,1.2493,0,0,0,0.2857,0,0,0.1944,0.2389,,,B,○,,0.3762,0.634,,0.4742,A,78,0,◎-○軸 3着3〜4艇流し（10〜15点）,0.5777,"{'is_target': True, 'verdict': '参加推奨', 'max_combo_prob': 0.0718, 'est_top_odds': 18.6, 'circle_concentration': 74.4, 'eligible_count': 8, 'bet_adj': 2, 'reason': 'rel_win1=56.3%（本命度） / 最有力組み合わせ確率: 0.072（推定実オッズ?19倍） / 2着集中度: 上位2艇 74.4%（補正+0.04） / 総合判定確率: 0.112 / → ヒモ分散。1号艇1着固定で広めのヒモ流し推奨（買い目+2点）', 'tenji_trigger': '展示確認: ヒモ分散レース。1号艇伸び確認後、広めのヒモ流しを採用。穴ヒモ（5・6号艇）を積極的に含める。'}",,,28.4,逃げ狙い,22.35,25.5,3,,,,,,,,,,,
2026-01-18,丸亀,11,6,西村美智,B2,37.35,6,,1.0668,1.9,73,35.3,0.1694,3.5588,,,0,低,25,0,-,3,0,67.9,1.3958,,,,,,0.1111,0.1111,0.1111,,,D,△,,0.2583,0.6285,,0.4742,A,78,0,◎-○軸 3着3〜4艇流し（10〜15点）,0.5777,"{'is_target': True, 'verdict': '参加推奨', 'max_combo_prob': 0.0718, 'est_top_odds': 18.6, 'circle_concentration': 74.4, 'eligible_count': 8, 'bet_adj': 2, 'reason': 'rel_win1=56.3%（本命度） / 最有力組み合わせ確率: 0.072（推定実オッズ?19倍） / 2着集中度: 上位2艇 74.4%（補正+0.04） / 総合判定確率: 0.112 / → ヒモ分散。1号艇1着固定で広めのヒモ流し推奨（買い目+2点）', 'tenji_trigger': '展示確認: ヒモ分散レース。1号艇伸び確認後、広めのヒモ流しを採用。穴ヒモ（5・6号艇）を積極的に含める。'}",,,28.4,逃げ狙い,22.35,25.5,3,,,,,,,,,,,
2026-01-18,丸亀,12,1,清水愛海,A1,38.95,1,◎,67.8551,,0,89.3,0.1714,3.4107,,,0,低,73,0,逃1%,13,0,85,1.184,0.7273,,,,,0.0909,0.1818,0,◎,,C,○,,,0.634,,0.4547,A,73,0,◎-○軸 3着3〜4艇流し（10〜15点）,0.5777,"{'is_target': True, 'verdict': '参加推奨', 'max_combo_prob': 0.1032, 'est_top_odds': 12.9, 'circle_concentration': 61.7, 'eligible_count': 8, 'bet_adj': 2, 'reason': 'rel_win1=67.9%（本命度） / 最有力組み合わせ確率: 0.103（推定実オッズ?13倍） / 2着集中度: 上位2艇 61.7%（補正+0.00） / 総合判定確率: 0.103 / → ヒモ分散。1号艇1着固定で広めのヒモ流し推奨（買い目+2点）', 'tenji_trigger': '展示確認: ヒモ分散レース。1号艇伸び確認後、広めのヒモ流しを採用。穴ヒモ（5・6号艇）を積極的に含める。'}",,,27.4,逃げ狙い,14.36,29.4,4,,,,,0,0,0.7559,0,,逃げ軸流し,A
2026-01-18,丸亀,12,2,岩崎芳美,A2,34.78,2,,6.6412,42.9,89,63.2,0.1479,3.1053,,,0,低,23,0,-,1,0,37.8,1.0138,,,,,,0.0833,0.25,0.25,,◎,D,◎,,0.5625,0.6485,,0.4547,A,73,0,◎-○軸 3着3〜4艇流し（10〜15点）,0.5777,"{'is_target': True, 'verdict': '参加推奨', 'max_combo_prob': 0.1032, 'est_top_odds': 12.9, 'circle_concentration': 61.7, 'eligible_count': 8, 'bet_adj': 2, 'reason': 'rel_win1=67.9%（本命度） / 最有力組み合わせ確率: 0.103（推定実オッズ?13倍） / 2着集中度: 上位2艇 61.7%（補正+0.00） / 総合判定確率: 0.103 / → ヒモ分散。1号艇1着固定で広めのヒモ流し推奨（買い目+2点）', 'tenji_trigger': '展示確認: ヒモ分散レース。1号艇伸び確認後、広めのヒモ流しを採用。穴ヒモ（5・6号艇）を積極的に含める。'}",,,27.4,逃げ狙い,14.36,29.4,4,,,,,,,,,,,
2026-01-18,丸亀,12,3,堀之内紀,A1,38.78,3,,8.7363,18.7,100,58.1,0.1674,3.1129,,,0,低,60,0,ま0% 差ま0%,36,0,30.4,1.0233,0,0,0.125,0.0625,0,0.0909,0.1818,0,,,C,,,0.3252,0.5735,,0.4547,A,73,0,◎-○軸 3着3〜4艇流し（10〜15点）,0.5777,"{'is_target': True, 'verdict': '参加推奨', 'max_combo_prob': 0.1032, 'est_top_odds': 12.9, 'circle_concentration': 61.7, 'eligible_count': 8, 'bet_adj': 2, 'reason': 'rel_win1=67.9%（本命度） / 最有力組み合わせ確率: 0.103（推定実オッズ?13倍） / 2着集中度: 上位2艇 61.7%（補正+0.00） / 総合判定確率: 0.103 / → ヒモ分散。1号艇1着固定で広めのヒモ流し推奨（買い目+2点）', 'tenji_trigger': '展示確認: ヒモ分散レース。1号艇伸び確認後、広めのヒモ流しを採用。穴ヒモ（5・6号艇）を積極的に含める。'}",,,27.4,逃げ狙い,14.36,29.4,4,,,,,,,,,,,
2026-01-18,丸亀,12,4,山田理央,A2,39.56,4,▲,9.8812,18.8,78,53.8,0.1582,3.1923,,,0,低,62,0,-,15,0,47.5,1.1136,0,0.0625,0.0625,0.0625,0,0.0444,0.1444,0.0222,,,B,△,◎,0.3469,0.6,0.2754,0.4547,A,73,0,◎-○軸 3着3〜4艇流し（10〜15点）,0.5777,"{'is_target': True, 'verdict': '参加推奨', 'max_combo_prob': 0.1032, 'est_top_odds': 12.9, 'circle_concentration': 61.7, 'eligible_count': 8, 'bet_adj': 2, 'reason': 'rel_win1=67.9%（本命度） / 最有力組み合わせ確率: 0.103（推定実オッズ?13倍） / 2着集中度: 上位2艇 61.7%（補正+0.00） / 総合判定確率: 0.103 / → ヒモ分散。1号艇1着固定で広めのヒモ流し推奨（買い目+2点）', 'tenji_trigger': '展示確認: ヒモ分散レース。1号艇伸び確認後、広めのヒモ流しを採用。穴ヒモ（5・6号艇）を積極的に含める。'}",,,27.4,逃げ狙い,14.36,29.4,4,,,,,,,,,,,
2026-01-18,丸亀,12,5,山本梨菜,A1,41.46,5,○,4.8394,16.5,58,63.6,0.1545,3.4318,,,0,低,40,0,-,2,0,90.8,1.6383,,,,,,0.0471,0.0235,0.1328,,,B,△,,0.3656,0.5915,,0.4547,A,73,0,◎-○軸 3着3〜4艇流し（10〜15点）,0.5777,"{'is_target': True, 'verdict': '参加推奨', 'max_combo_prob': 0.1032, 'est_top_odds': 12.9, 'circle_concentration': 61.7, 'eligible_count': 8, 'bet_adj': 2, 'reason': 'rel_win1=67.9%（本命度） / 最有力組み合わせ確率: 0.103（推定実オッズ?13倍） / 2着集中度: 上位2艇 61.7%（補正+0.00） / 総合判定確率: 0.103 / → ヒモ分散。1号艇1着固定で広めのヒモ流し推奨（買い目+2点）', 'tenji_trigger': '展示確認: ヒモ分散レース。1号艇伸び確認後、広めのヒモ流しを採用。穴ヒモ（5・6号艇）を積極的に含める。'}",,,27.4,逃げ狙い,14.36,29.4,4,,,,,,,,,,,
2026-01-18,丸亀,12,6,大橋由珠,B2,35.71,6,△,2.0468,3.1,46,25,0.135,3.625,,,0,低,12,1,-,6,0,37,1.0444,,,,,,0,0.7143,0,,○,D,,,0.4258,0.5495,,0.4547,A,73,0,◎-○軸 3着3〜4艇流し（10〜15点）,0.5777,"{'is_target': True, 'verdict': '参加推奨', 'max_combo_prob': 0.1032, 'est_top_odds': 12.9, 'circle_concentration': 61.7, 'eligible_count': 8, 'bet_adj': 2, 'reason': 'rel_win1=67.9%（本命度） / 最有力組み合わせ確率: 0.103（推定実オッズ?13倍） / 2着集中度: 上位2艇 61.7%（補正+0.00） / 総合判定確率: 0.103 / → ヒモ分散。1号艇1着固定で広めのヒモ流し推奨（買い目+2点）', 'tenji_trigger': '展示確認: ヒモ分散レース。1号艇伸び確認後、広めのヒモ流しを採用。穴ヒモ（5・6号艇）を積極的に含める。'}",,,27.4,逃げ狙い,14.36,29.4,4,,,,,,,,,,,
2026-01-19,丸亀,1,1,谷口佳蓮,B1,35.16,1,◎,66.7726,,0,80,0.1367,2.7,,,0,低,45,0,逃1%,243,0,91.7,1.2241,0.5455,,,,,0.1091,0,0.2727,◎⚠️,,C,△,,,0.5715,,0.5713,A,77,0,◎-○軸 3着3〜4艇流し（10〜15点）,0.5777,"{'is_target': True, 'verdict': '点数絞り', 'max_combo_prob': 0.1127, 'est_top_odds': 11.8, 'circle_concentration': 74.0, 'eligible_count': 8, 'bet_adj': 0, 'reason': 'rel_win1=66.8%（本命度） / 最有力組み合わせ確率: 0.113（推定実オッズ?12倍） / 2着集中度: 上位2艇 74.0%（補正+0.04） / 総合判定確率: 0.153 / → ヒモはやや固め。上位2艇以外を切ること', 'tenji_trigger': '展示確認: 1号艇伸び良→そのまま採用。悪→飛び組に差し替え。circle_pct上位2艇に絞り込むこと。\n展示で1号艇スタート超安定(0.137秒)→ヒモ固まり方向に注意'}",,,26.9,逃げ狙い,13.5,28.9,2,2-1-4|2-1-3|2-1-5|2-3-1|2-6-1|2-3-4|2-6-4|1-2-6|1-2-5|2-1-6|1-4-2,2-1-4|2-1-3|2-1-5|2-3-1|2-6-1|2-3-4|2-6-4|1-2-6|1-2-5|2-1-6|6-1-4|1-4-2,2-1-4:1.02%|2-1-3:0.91%|2-1-5:0.73%|2-3-1:0.3%|2-6-1:0.29%|2-3-4:0.03%|2-6-4:0.03%|1-2-6:4.82%|1-2-5:4.56%|2-1-6:4.22%|1-4-2:2.57%,2-1-4:B_main|2-1-3:B_main|2-1-5:B_main|2-3-1:B_main|2-6-1:B_main|2-3-4:B_main|2-6-4:B_main|1-2-6:A|1-2-5:A|2-1-6:B_sc|1-4-2:A,11,12,0.4535,1,[!]見送り推奨（主役決まり手「差し」― 逃げ劣勢レースで的中実績なし）,主役軸流し,B
2026-01-19,丸亀,1,2,原加央理,B1,32.63,2,○,16.7175,55.5,100,62.9,0.1503,3.0857,,,0,低,57,0,差0%,4 52,0,56.4,1.069,0,0.2105,0,0,0,0.1875,0.3125,0.125,,,C,○,,0.2136,0.6085,,0.5713,A,77,0,◎-○軸 3着3〜4艇流し（10〜15点）,0.5777,"{'is_target': True, 'verdict': '点数絞り', 'max_combo_prob': 0.1127, 'est_top_odds': 11.8, 'circle_concentration': 74.0, 'eligible_count': 8, 'bet_adj': 0, 'reason': 'rel_win1=66.8%（本命度） / 最有力組み合わせ確率: 0.113（推定実オッズ?12倍） / 2着集中度: 上位2艇 74.0%（補正+0.04） / 総合判定確率: 0.153 / → ヒモはやや固め。上位2艇以外を切ること', 'tenji_trigger': '展示確認: 1号艇伸び良→そのまま採用。悪→飛び組に差し替え。circle_pct上位2艇に絞り込むこと。\n展示で1号艇スタート超安定(0.137秒)→ヒモ固まり方向に注意'}",,,26.9,逃げ狙い,13.5,28.9,2,,,,,,,,,,,
2026-01-19,丸亀,1,3,菅野はや,B2,36.59,3,△,5.9102,9.8,76,10.3,0.2166,4.4138,,,0,低,78,0,-,364,0,12.6,0.5638,,,,,,0.125,0.125,0.125,,,B,,,0.1313,0.5285,,0.5713,A,77,0,◎-○軸 3着3〜4艇流し（10〜15点）,0.5777,"{'is_target': True, 'verdict': '点数絞り', 'max_combo_prob': 0.1127, 'est_top_odds': 11.8, 'circle_concentration': 74.0, 'eligible_count': 8, 'bet_adj': 0, 'reason': 'rel_win1=66.8%（本命度） / 最有力組み合わせ確率: 0.113（推定実オッズ?12倍） / 2着集中度: 上位2艇 74.0%（補正+0.04） / 総合判定確率: 0.153 / → ヒモはやや固め。上位2艇以外を切ること', 'tenji_trigger': '展示確認: 1号艇伸び良→そのまま採用。悪→飛び組に差し替え。circle_pct上位2艇に絞り込むこと。\n展示で1号艇スタート超安定(0.137秒)→ヒモ固まり方向に注意'}",,,26.9,逃げ狙い,13.5,28.9,2,,,,,,,,,,,
2026-01-19,丸亀,1,4,三嶌ここ,B1,38.89,4,▲,5.7415,18.5,51,10,0.224,4.8,,,0,低,114,0,-,532,0,33.3,0.5909,,,,,,0.0571,0.0571,0.3143,,,B,△,,0.135,0.553,,0.5713,A,77,0,◎-○軸 3着3〜4艇流し（10〜15点）,0.5777,"{'is_target': True, 'verdict': '点数絞り', 'max_combo_prob': 0.1127, 'est_top_odds': 11.8, 'circle_concentration': 74.0, 'eligible_count': 8, 'bet_adj': 0, 'reason': 'rel_win1=66.8%（本命度） / 最有力組み合わせ確率: 0.113（推定実オッズ?12倍） / 2着集中度: 上位2艇 74.0%（補正+0.04） / 総合判定確率: 0.153 / → ヒモはやや固め。上位2艇以外を切ること', 'tenji_trigger': '展示確認: 1号艇伸び良→そのまま採用。悪→飛び組に差し替え。circle_pct上位2艇に絞り込むこと。\n展示で1号艇スタート超安定(0.137秒)→ヒモ固まり方向に注意'}",,,26.9,逃げ狙い,13.5,28.9,2,,,,,,,,,,,
2026-01-19,丸亀,1,5,池田浩美,B1,27.08,5,,3.2309,13.5,59,18.5,0.193,4.2222,,,0,低,68,0,-,226,0,21,0.6676,,,,,,0.375,0,0.125,,,E,◎,,0.135,0.614,,0.5713,A,77,0,◎-○軸 3着3〜4艇流し（10〜15点）,0.5777,"{'is_target': True, 'verdict': '点数絞り', 'max_combo_prob': 0.1127, 'est_top_odds': 11.8, 'circle_concentration': 74.0, 'eligible_count': 8, 'bet_adj': 0, 'reason': 'rel_win1=66.8%（本命度） / 最有力組み合わせ確率: 0.113（推定実オッズ?12倍） / 2着集中度: 上位2艇 74.0%（補正+0.04） / 総合判定確率: 0.153 / → ヒモはやや固め。上位2艇以外を切ること', 'tenji_trigger': '展示確認: 1号艇伸び良→そのまま採用。悪→飛び組に差し替え。circle_pct上位2艇に絞り込むこと。\n展示で1号艇スタート超安定(0.137秒)→ヒモ固まり方向に注意'}",,,26.9,逃げ狙い,13.5,28.9,2,,,,,,,,,,,
2026-01-19,丸亀,1,6,福山恵里,B1,29.55,6,,1.6274,2.7,64,17.6,0.1641,3.6176,,,0,低,42,0,-,563,0,42.6,0.8222,,,,,,0.19,0.46,0,,,D,,,0.2228,0.498,,0.5713,A,77,0,◎-○軸 3着3〜4艇流し（10〜15点）,0.5777,"{'is_target': True, 'verdict': '点数絞り', 'max_combo_prob': 0.1127, 'est_top_odds': 11.8, 'circle_concentration': 74.0, 'eligible_count': 8, 'bet_adj': 0, 'reason': 'rel_win1=66.8%（本命度） / 最有力組み合わせ確率: 0.113（推定実オッズ?12倍） / 2着集中度: 上位2艇 74.0%（補正+0.04） / 総合判定確率: 0.153 / → ヒモはやや固め。上位2艇以外を切ること', 'tenji_trigger': '展示確認: 1号艇伸び良→そのまま採用。悪→飛び組に差し替え。circle_pct上位2艇に絞り込むこと。\n展示で1号艇スタート超安定(0.137秒)→ヒモ固まり方向に注意'}",,,26.9,逃げ狙い,13.5,28.9,2,,,,,,,,,,,
2026-01-19,丸亀,2,1,大橋由珠,B2,35.71,1,◎,59.6722,,0,71.4,0.1771,4.1429,,,0,低,12,1,逃0%,6 43,0,79.7,0.9676,0.1429,,,,,0,0.7143,0,△⚠️,,B,△,,,0.5495,,0.2298,A,60,0,◎-○軸 3着3〜4艇流し（10〜15点）,0.5777,"{'is_target': True, 'verdict': '点数絞り', 'max_combo_prob': 0.0987, 'est_top_odds': 13.5, 'circle_concentration': 72.7, 'eligible_count': 8, 'bet_adj': 0, 'reason': 'rel_win1=59.7%（本命度） / 最有力組み合わせ確率: 0.099（推定実オッズ?14倍） / 2着集中度: 上位2艇 72.7%（補正+0.04） / 総合判定確率: 0.139 / → ヒモはやや固め。上位2艇以外を切ること', 'tenji_trigger': '展示確認: 1号艇伸び良→そのまま採用。悪→飛び組に差し替え。circle_pct上位2艇に絞り込むこと。'}",,,30.8,両建て推奨,14.29,39.4,3,2-1-3|2-1-4|2-3-1|2-1-6|2-3-4|2-4-1|2-4-3|1-2-3|1-3-2|1-2-4|1-3-4,2-1-3|2-1-4|2-3-1|2-1-6|2-3-4|2-4-1|2-4-3|1-2-3|1-3-2|1-2-4|1-3-4|6-1-3,2-1-3:4.42%|2-1-4:1.95%|2-3-1:1.37%|2-1-6:0.7%|2-3-4:0.32%|2-4-1:0.31%|2-4-3:0.16%|1-2-3:5.16%|1-3-2:4.98%|1-2-4:4.62%|1-3-4:4.22%,2-1-3:B_main|2-1-4:B_main|2-3-1:B_main|2-1-6:B_main|2-3-4:B_main|2-4-1:B_main|2-4-3:B_main|1-2-3:A|1-3-2:A|1-2-4:A|1-3-4:A,11,12,0.4535,1,[!]見送り推奨（主役決まり手「差し」― 逃げ劣勢レースで的中実績なし）,主役軸流し,B
2026-01-19,丸亀,2,2,大廣咲季,B1,30.43,2,△,8.1826,27,100,25,0.1567,3.6875,,,0,低,81,0,-,156,0,19,0.5462,,,,,,0.3333,0.3333,0,,◎,D,,,0.5315,0.543,,0.2298,A,60,0,◎-○軸 3着3〜4艇流し（10〜15点）,0.5777,"{'is_target': True, 'verdict': '点数絞り', 'max_combo_prob': 0.0987, 'est_top_odds': 13.5, 'circle_concentration': 72.7, 'eligible_count': 8, 'bet_adj': 0, 'reason': 'rel_win1=59.7%（本命度） / 最有力組み合わせ確率: 0.099（推定実オッズ?14倍） / 2着集中度: 上位2艇 72.7%（補正+0.04） / 総合判定確率: 0.139 / → ヒモはやや固め。上位2艇以外を切ること', 'tenji_trigger': '展示確認: 1号艇伸び良→そのまま採用。悪→飛び組に差し替え。circle_pct上位2艇に絞り込むこと。'}",,,30.8,両建て推奨,14.29,39.4,3,,,,,,,,,,,
2026-01-19,丸亀,2,3,角ひとみ,A2,31.76,3,,13.9423,45.6,96,60,0.1983,4.4714,,,0,低,104,0,差0%,666,0,55.3,1.2023,0,0.0714,0,0,0,0.1267,0.1533,0.0267,,,C,◎,,0.1811,0.6195,,0.2298,A,60,0,◎-○軸 3着3〜4艇流し（10〜15点）,0.5777,"{'is_target': True, 'verdict': '点数絞り', 'max_combo_prob': 0.0987, 'est_top_odds': 13.5, 'circle_concentration': 72.7, 'eligible_count': 8, 'bet_adj': 0, 'reason': 'rel_win1=59.7%（本命度） / 最有力組み合わせ確率: 0.099（推定実オッズ?14倍） / 2着集中度: 上位2艇 72.7%（補正+0.04） / 総合判定確率: 0.139 / → ヒモはやや固め。上位2艇以外を切ること', 'tenji_trigger': '展示確認: 1号艇伸び良→そのまま採用。悪→飛び組に差し替え。circle_pct上位2艇に絞り込むこと。'}",,,30.8,両建て推奨,14.29,39.4,3,,,,,,,,,,,
2026-01-19,丸亀,2,4,中谷朋子,B1,28.89,4,,11.4671,19.4,91,28.6,0.2129,4.3571,,,0,低,24,1,-,163,0,37.1,0.8636,,,,,,0,0.3333,0.1667,,,D,○,,0.1736,0.5805,,0.2298,A,60,0,◎-○軸 3着3〜4艇流し（10〜15点）,0.5777,"{'is_target': True, 'verdict': '点数絞り', 'max_combo_prob': 0.0987, 'est_top_odds': 13.5, 'circle_concentration': 72.7, 'eligible_count': 8, 'bet_adj': 0, 'reason': 'rel_win1=59.7%（本命度） / 最有力組み合わせ確率: 0.099（推定実オッズ?14倍） / 2着集中度: 上位2艇 72.7%（補正+0.04） / 総合判定確率: 0.139 / → ヒモはやや固め。上位2艇以外を切ること', 'tenji_trigger': '展示確認: 1号艇伸び良→そのまま採用。悪→飛び組に差し替え。circle_pct上位2艇に絞り込むこと。'}",,,30.8,両建て推奨,14.29,39.4,3,,,,,,,,,,,
2026-01-19,丸亀,2,5,赤松咲香,B2,33.70,5,▲,5.2968,6.2,51,0,0.1844,4.0278,,,0,低,41,0,-,656,0,32.1,0.6948,,,,,,,,,,,C,,,0.2868,0.535,,0.2298,A,60,0,◎-○軸 3着3〜4艇流し（10〜15点）,0.5777,"{'is_target': True, 'verdict': '点数絞り', 'max_combo_prob': 0.0987, 'est_top_odds': 13.5, 'circle_concentration': 72.7, 'eligible_count': 8, 'bet_adj': 0, 'reason': 'rel_win1=59.7%（本命度） / 最有力組み合わせ確率: 0.099（推定実オッズ?14倍） / 2着集中度: 上位2艇 72.7%（補正+0.04） / 総合判定確率: 0.139 / → ヒモはやや固め。上位2艇以外を切ること', 'tenji_trigger': '展示確認: 1号艇伸び良→そのまま採用。悪→飛び組に差し替え。circle_pct上位2艇に絞り込むこと。'}",,,30.8,両建て推奨,14.29,39.4,3,,,,,,,,,,,
2026-01-19,丸亀,2,6,谷川里江,B1,35.96,6,○,1.439,1.7,34,4,0.1956,4.26,,,0,低,57,0,-,232,0,41.1,0.7844,,,,,,0.1,0.6,0,,,B,△,,0.2511,0.549,,0.2298,A,60,0,◎-○軸 3着3〜4艇流し（10〜15点）,0.5777,"{'is_target': True, 'verdict': '点数絞り', 'max_combo_prob': 0.0987, 'est_top_odds': 13.5, 'circle_concentration': 72.7, 'eligible_count': 8, 'bet_adj': 0, 'reason': 'rel_win1=59.7%（本命度） / 最有力組み合わせ確率: 0.099（推定実オッズ?14倍） / 2着集中度: 上位2艇 72.7%（補正+0.04） / 総合判定確率: 0.139 / → ヒモはやや固め。上位2艇以外を切ること', 'tenji_trigger': '展示確認: 1号艇伸び良→そのまま採用。悪→飛び組に差し替え。circle_pct上位2艇に絞り込むこと。'}",,,30.8,両建て推奨,14.29,39.4,3,,,,,,,,,,,
2026-01-19,丸亀,3,1,渡辺千草,B1,40.00,1,◎,42.8841,,0,43.3,0.188,3.6667,,,0,低,79,0,-,444,0,27.4,0.6128,,,,,,0.3,0.3,0.3,,,C,△,,,0.622,,0.1251,D,30,1,大荒れ。見送り推奨,0.5777,"{'is_target': False, 'verdict': '対象外', 'max_combo_prob': None, 'est_top_odds': None, 'circle_concentration': None, 'eligible_count': 0, 'bet_adj': 0, 'reason': '1号艇rel_win1 < 45%: 通常判定に委ねる', 'tenji_trigger': ''}",,,37.3,両建て推奨,13.81,44,4,4-5-6|4-6-5|4-5-1|4-5-2|4-3-5|4-3-6|4-6-1|1-3-4|1-4-5|1-4-3,4-5-6|4-6-5|4-5-1|4-5-2|4-3-5|4-3-6|4-6-1|6-1-2|2-1-3|1-3-4|1-4-5|1-4-3,4-5-6:3.41%|4-6-5:1.62%|4-5-1:0.84%|4-5-2:0.71%|4-3-5:0.71%|4-3-6:0.59%|4-6-1:0.33%|1-3-4:3.93%|1-4-5:3.89%|1-4-3:3.86%,4-5-6:B_main|4-6-5:B_main|4-5-1:B_main|4-5-2:B_main|4-3-5:B_main|4-3-6:B_main|4-6-1:B_main|1-3-4:A|1-4-5:A|1-4-3:A,10,12,0.2915,1,[!]見送り推奨（主役決まり手「まくり」― 逃げ劣勢レースで的中実績なし）,主役軸流し,B
2026-01-19,丸亀,3,2,水口由紀,B1,41.18,2,△,11.7617,19.1,100,52.9,0.1865,4.3824,,,0,低,92,0,-,2 52,0,22.8,0.7705,,,,,,0.24,0.08,0.08,,,C,,,0.3875,0.568,,0.1251,D,30,1,大荒れ。見送り推奨,0.5777,"{'is_target': False, 'verdict': '対象外', 'max_combo_prob': None, 'est_top_odds': None, 'circle_concentration': None, 'eligible_count': 0, 'bet_adj': 0, 'reason': '1号艇rel_win1 < 45%: 通常判定に委ねる', 'tenji_trigger': ''}",,,37.3,両建て推奨,13.81,44,4,,,,,,,,,,,
2026-01-19,丸亀,3,3,池　千夏,B1,42.53,3,▲,17.8089,27.5,44,21.4,0.1379,2.5,,,0,低,8,1,差ま0%,4 22,0,35,0.8913,0,0,0,0.0714,0,0,0.3714,0.3143,,△,B,◎,,0.5107,0.7065,,0.1251,D,30,1,大荒れ。見送り推奨,0.5777,"{'is_target': False, 'verdict': '対象外', 'max_combo_prob': None, 'est_top_odds': None, 'circle_concentration': None, 'eligible_count': 0, 'bet_adj': 0, 'reason': '1号艇rel_win1 < 45%: 通常判定に委ねる', 'tenji_trigger': ''}",,,37.3,両建て推奨,13.81,44,4,,,,,,,,,,,
2026-01-19,丸亀,3,4,赤井　睦,B1,50.00,4,○,18.145,32.3,50,53.3,0.1413,3.4,,,0,低,24,0,ま0%,636,0,85.8,1.4621,0,0,0.25,0,0,0.1944,0.0444,0.4333,,◎,A,△,,0.5724,0.596,,0.1251,D,30,1,大荒れ。見送り推奨,0.5777,"{'is_target': False, 'verdict': '対象外', 'max_combo_prob': None, 'est_top_odds': None, 'circle_concentration': None, 'eligible_count': 0, 'bet_adj': 0, 'reason': '1号艇rel_win1 < 45%: 通常判定に委ねる', 'tenji_trigger': ''}",,,37.3,両建て推奨,13.81,44,4,,,,,,,,,,,
2026-01-19,丸亀,3,5,落合直子,A2,35.23,5,,7.8524,13.1,56,35.5,0.1248,2.4355,,,0,低,40,0,-,5 24,0,38.7,0.8176,,,,,,0.025,0,0.225,,○,E,○,,0.525,0.6465,,0.1251,D,30,1,大荒れ。見送り推奨,0.5777,"{'is_target': False, 'verdict': '対象外', 'max_combo_prob': None, 'est_top_odds': None, 'circle_concentration': None, 'eligible_count': 0, 'bet_adj': 0, 'reason': '1号艇rel_win1 < 45%: 通常判定に委ねる', 'tenji_trigger': ''}",,,37.3,両建て推奨,13.81,44,4,,,,,,,,,,,
2026-01-19,丸亀,3,6,山口真喜,A2,37.37,6,,1.5478,7.9,33,34.3,0.1763,4.2,,,0,低,83,0,-,1 1S,0,67.7,1.3006,,,,,,0.1818,0.3636,0.2727,,,D,,,0.3922,0.508,,0.1251,D,30,1,大荒れ。見送り推奨,0.5777,"{'is_target': False, 'verdict': '対象外', 'max_combo_prob': None, 'est_top_odds': None, 'circle_concentration': None, 'eligible_count': 0, 'bet_adj': 0, 'reason': '1号艇rel_win1 < 45%: 通常判定に委ねる', 'tenji_trigger': ''}",,,37.3,両建て推奨,13.81,44,4,,,,,,,,,,,
2026-01-19,丸亀,4,1,矢野真梨,B1,46.74,1,◎,55.4437,,0,72.7,0.1755,3.2727,,,0,低,41,1,-,5 56,0,72.5,0.9647,,,,,,0,0.5,0.5,△⚠️,,A,○,,,0.6015,,0.2336,A,66,0,◎-○軸 3着3〜4艇流し（10〜15点）,0.5777,"{'is_target': True, 'verdict': '参加推奨', 'max_combo_prob': 0.0709, 'est_top_odds': 18.8, 'circle_concentration': 63.3, 'eligible_count': 8, 'bet_adj': 2, 'reason': 'rel_win1=55.4%（本命度） / 最有力組み合わせ確率: 0.071（推定実オッズ?19倍） / 2着集中度: 上位2艇 63.3%（補正+0.00） / 総合判定確率: 0.071 / → ヒモ分散。1号艇1着固定で広めのヒモ流し推奨（買い目+2点）', 'tenji_trigger': '展示確認: ヒモ分散レース。1号艇伸び確認後、広めのヒモ流しを採用。穴ヒモ（5・6号艇）を積極的に含める。'}",,,30.2,逃げ狙い,11.3,40,4,3-5-4|3-4-6|3-4-5|3-6-4|3-4-2|3-5-6|3-5-2|1-3-4|1-3-2|1-2-3|1-4-3|1-2-4,3-5-4|3-4-6|3-4-5|3-6-4|3-4-2|3-5-6|3-5-2|1-3-4|1-3-2|1-2-3|1-4-3|1-2-4,3-5-4:2.0%|3-4-6:1.75%|3-4-5:1.55%|3-6-4:0.84%|3-4-2:0.75%|3-5-6:0.6%|3-5-2:0.26%|1-3-4:5.8%|1-3-2:5.09%|1-2-3:4.09%|1-4-3:4.05%|1-2-4:3.7%,3-5-4:B_main|3-4-6:B_main|3-4-5:B_main|3-6-4:B_main|3-4-2:B_main|3-5-6:B_main|3-5-2:B_main|1-3-4:A|1-3-2:A|1-2-3:A|1-4-3:A|1-2-4:A,12,12,0.4535,1,[!]見送り推奨（主役決まり手「まくり」― 逃げ劣勢レースで的中実績なし）,主役軸流し,B
2026-01-19,丸亀,4,2,坂野さく,B1,32.53,2,,10.77,26.9,100,46.9,0.1941,3.9531,,,0,低,76,0,差0%,461,0,51.7,0.7871,0,0.0556,0,0,0,0.2889,0.2889,0.2444,,,D,△,,0.1253,0.5865,,0.2336,A,66,0,◎-○軸 3着3〜4艇流し（10〜15点）,0.5777,"{'is_target': True, 'verdict': '参加推奨', 'max_combo_prob': 0.0709, 'est_top_odds': 18.8, 'circle_concentration': 63.3, 'eligible_count': 8, 'bet_adj': 2, 'reason': 'rel_win1=55.4%（本命度） / 最有力組み合わせ確率: 0.071（推定実オッズ?19倍） / 2着集中度: 上位2艇 63.3%（補正+0.00） / 総合判定確率: 0.071 / → ヒモ分散。1号艇1着固定で広めのヒモ流し推奨（買い目+2点）', 'tenji_trigger': '展示確認: ヒモ分散レース。1号艇伸び確認後、広めのヒモ流しを採用。穴ヒモ（5・6号艇）を積極的に含める。'}",,,30.2,逃げ狙い,11.3,40,4,,,,,,,,,,,
2026-01-19,丸亀,4,3,西村美智,B2,37.35,3,○,14.876,36.5,69,63.6,0.12,2.3636,,,0,低,25,1,ま0%,3 3S,0,66,1.2817,0,0,0.1667,0,0,0.1111,0.1111,0.1111,,◎,C,◎,,0.4927,0.6285,,0.2336,A,66,0,◎-○軸 3着3〜4艇流し（10〜15点）,0.5777,"{'is_target': True, 'verdict': '参加推奨', 'max_combo_prob': 0.0709, 'est_top_odds': 18.8, 'circle_concentration': 63.3, 'eligible_count': 8, 'bet_adj': 2, 'reason': 'rel_win1=55.4%（本命度） / 最有力組み合わせ確率: 0.071（推定実オッズ?19倍） / 2着集中度: 上位2艇 63.3%（補正+0.00） / 総合判定確率: 0.071 / → ヒモ分散。1号艇1着固定で広めのヒモ流し推奨（買い目+2点）', 'tenji_trigger': '展示確認: ヒモ分散レース。1号艇伸び確認後、広めのヒモ流しを採用。穴ヒモ（5・6号艇）を積極的に含める。'}",,,30.2,逃げ狙い,11.3,40,4,,,,,,,,,,,
2026-01-19,丸亀,4,4,米丸乃絵,A1,37.50,4,△,13.9145,25.7,93,65.5,0.1921,4.1207,,,0,低,62,0,ま0%,241,0,83.3,1.4691,0,0,0.0909,0,0,0,0,0,,,C,,,0.2339,0.5575,,0.2336,A,66,0,◎-○軸 3着3〜4艇流し（10〜15点）,0.5777,"{'is_target': True, 'verdict': '参加推奨', 'max_combo_prob': 0.0709, 'est_top_odds': 18.8, 'circle_concentration': 63.3, 'eligible_count': 8, 'bet_adj': 2, 'reason': 'rel_win1=55.4%（本命度） / 最有力組み合わせ確率: 0.071（推定実オッズ?19倍） / 2着集中度: 上位2艇 63.3%（補正+0.00） / 総合判定確率: 0.071 / → ヒモ分散。1号艇1着固定で広めのヒモ流し推奨（買い目+2点）', 'tenji_trigger': '展示確認: ヒモ分散レース。1号艇伸び確認後、広めのヒモ流しを採用。穴ヒモ（5・6号艇）を積極的に含める。'}",,,30.2,逃げ狙い,11.3,40,4,,,,,,,,,,,
2026-01-19,丸亀,4,5,佐藤ほの,B1,30.69,5,,3.5598,4.8,44,13.8,0.1693,3.069,,,0,低,65,0,-,6 25,0,26.9,0.6467,,,,,,0.3333,0.4444,0.1111,,,E,△,,0.3311,0.5605,,0.2336,A,66,0,◎-○軸 3着3〜4艇流し（10〜15点）,0.5777,"{'is_target': True, 'verdict': '参加推奨', 'max_combo_prob': 0.0709, 'est_top_odds': 18.8, 'circle_concentration': 63.3, 'eligible_count': 8, 'bet_adj': 2, 'reason': 'rel_win1=55.4%（本命度） / 最有力組み合わせ確率: 0.071（推定実オッズ?19倍） / 2着集中度: 上位2艇 63.3%（補正+0.00） / 総合判定確率: 0.071 / → ヒモ分散。1号艇1着固定で広めのヒモ流し推奨（買い目+2点）', 'tenji_trigger': '展示確認: ヒモ分散レース。1号艇伸び確認後、広めのヒモ流しを採用。穴ヒモ（5・6号艇）を積極的に含める。'}",,,30.2,逃げ狙い,11.3,40,4,,,,,,,,,,,
2026-01-19,丸亀,4,6,武井莉里,A2,40.66,6,▲,1.436,6.2,48,25,0.1771,3.625,,,0,低,82,0,-,231,0,26.9,1.0289,,,,,,0,0.4167,0,,,B,,,0.3049,0.5265,,0.2336,A,66,0,◎-○軸 3着3〜4艇流し（10〜15点）,0.5777,"{'is_target': True, 'verdict': '参加推奨', 'max_combo_prob': 0.0709, 'est_top_odds': 18.8, 'circle_concentration': 63.3, 'eligible_count': 8, 'bet_adj': 2, 'reason': 'rel_win1=55.4%（本命度） / 最有力組み合わせ確率: 0.071（推定実オッズ?19倍） / 2着集中度: 上位2艇 63.3%（補正+0.00） / 総合判定確率: 0.071 / → ヒモ分散。1号艇1着固定で広めのヒモ流し推奨（買い目+2点）', 'tenji_trigger': '展示確認: ヒモ分散レース。1号艇伸び確認後、広めのヒモ流しを採用。穴ヒモ（5・6号艇）を積極的に含める。'}",,,30.2,逃げ狙い,11.3,40,4,,,,,,,,,,,
2026-01-19,丸亀,5,1,中北　涼,B1,37.00,1,◎,47.6264,,0,68.8,0.1713,2.9688,,,0,低,39,0,逃0%,344,0,54.8,0.8943,0.2222,,,,,0.3333,0.4444,0,△⚠️,,B,△,,,0.612,,0.3212,B,48,0,◎○△フォーメーション（15〜20点）,0.5777,"{'is_target': True, 'verdict': '参加推奨', 'max_combo_prob': 0.0544, 'est_top_odds': 24.5, 'circle_concentration': 62.0, 'eligible_count': 9, 'bet_adj': 2, 'reason': 'rel_win1=47.6%（本命度） / 最有力組み合わせ確率: 0.054（推定実オッズ?24倍） / 2着集中度: 上位2艇 62.0%（補正+0.00） / 総合判定確率: 0.054 / → ヒモ分散。1号艇1着固定で広めのヒモ流し推奨（買い目+2点）', 'tenji_trigger': '展示確認: ヒモ分散レース。1号艇伸び確認後、広めのヒモ流しを採用。穴ヒモ（5・6号艇）を積極的に含める。'}",,,32.4,両建て推奨,15.64,42.7,2,4-5-6|4-6-5|4-3-6|4-6-1|4-5-1|4-6-2|4-5-2|1-4-6|1-4-5|1-2-4|1-2-6|1-2-5,4-5-6|4-6-5|4-3-6|4-6-1|4-5-1|4-6-2|4-5-2|1-4-6|1-4-5|1-2-4|1-2-6|1-2-5,4-5-6:4.14%|4-6-5:1.57%|4-3-6:1.16%|4-6-1:0.9%|4-5-1:0.74%|4-6-2:0.55%|4-5-2:0.45%|1-4-6:4.81%|1-4-5:4.51%|1-2-4:4.29%|1-2-6:4.04%|1-2-5:3.79%,4-5-6:B_main|4-6-5:B_main|4-3-6:B_main|4-6-1:B_main|4-5-1:B_main|4-6-2:B_main|4-5-2:B_main|1-4-6:A|1-4-5:A|1-2-4:A|1-2-6:A|1-2-5:A,12,12,0.4535,1,[!]見送り推奨（主役決まり手「まくり」― 逃げ劣勢レースで的中実績なし）,主役軸流し,B
2026-01-19,丸亀,5,2,坂咲友理,B1,47.67,2,○,17.0771,33.2,100,50,0.2086,4.6071,,,0,低,45,1,差0%,5 34,0,46.5,0.8936,0,0.2222,0,0,0,0.125,0.625,0.125,,,A,,,0.1025,0.574,,0.3212,B,48,0,◎○△フォーメーション（15〜20点）,0.5777,"{'is_target': True, 'verdict': '参加推奨', 'max_combo_prob': 0.0544, 'est_top_odds': 24.5, 'circle_concentration': 62.0, 'eligible_count': 9, 'bet_adj': 2, 'reason': 'rel_win1=47.6%（本命度） / 最有力組み合わせ確率: 0.054（推定実オッズ?24倍） / 2着集中度: 上位2艇 62.0%（補正+0.00） / 総合判定確率: 0.054 / → ヒモ分散。1号艇1着固定で広めのヒモ流し推奨（買い目+2点）', 'tenji_trigger': '展示確認: ヒモ分散レース。1号艇伸び確認後、広めのヒモ流しを採用。穴ヒモ（5・6号艇）を積極的に含める。'}",,,32.4,両建て推奨,15.64,42.7,2,,,,,,,,,,,
2026-01-19,丸亀,5,3,向井田真,B1,23.81,3,,7.9824,25.6,54,38.5,0.2042,4,,,0,低,72,0,ま0%,6 14,0,18.6,0.736,0,0,0.1111,0,0,0.2,0.2,0,,,E,,,0.1313,0.5205,,0.3212,B,48,0,◎○△フォーメーション（15〜20点）,0.5777,"{'is_target': True, 'verdict': '参加推奨', 'max_combo_prob': 0.0544, 'est_top_odds': 24.5, 'circle_concentration': 62.0, 'eligible_count': 9, 'bet_adj': 2, 'reason': 'rel_win1=47.6%（本命度） / 最有力組み合わせ確率: 0.054（推定実オッズ?24倍） / 2着集中度: 上位2艇 62.0%（補正+0.00） / 総合判定確率: 0.054 / → ヒモ分散。1号艇1着固定で広めのヒモ流し推奨（買い目+2点）', 'tenji_trigger': '展示確認: ヒモ分散レース。1号艇伸び確認後、広めのヒモ流しを採用。穴ヒモ（5・6号艇）を積極的に含める。'}",,,32.4,両建て推奨,15.64,42.7,2,,,,,,,,,,,
2026-01-19,丸亀,5,4,平山智加,A1,29.67,4,△,16.9291,28.8,63,72.7,0.1382,3.1136,,,0,低,46,0,-,213,0,51.3,1.0794,0,0.125,0.125,0,0,0,0.1818,0.1818,,◎,D,○,,0.4425,0.651,,0.3212,B,48,0,◎○△フォーメーション（15〜20点）,0.5777,"{'is_target': True, 'verdict': '参加推奨', 'max_combo_prob': 0.0544, 'est_top_odds': 24.5, 'circle_concentration': 62.0, 'eligible_count': 9, 'bet_adj': 2, 'reason': 'rel_win1=47.6%（本命度） / 最有力組み合わせ確率: 0.054（推定実オッズ?24倍） / 2着集中度: 上位2艇 62.0%（補正+0.00） / 総合判定確率: 0.054 / → ヒモ分散。1号艇1着固定で広めのヒモ流し推奨（買い目+2点）', 'tenji_trigger': '展示確認: ヒモ分散レース。1号艇伸び確認後、広めのヒモ流しを採用。穴ヒモ（5・6号艇）を積極的に含める。'}",,,32.4,両建て推奨,15.64,42.7,2,,,,,,,,,,,
2026-01-19,丸亀,5,5,岩崎芳美,A2,34.78,5,▲,8.0232,8.3,56,29.4,0.1453,3.6765,,,0,低,23,0,差ま0%,1 55,0,30.1,0.9705,0,0,0,0.0833,0,0.0833,0.25,0.25,,,C,△,,0.3732,0.6485,,0.3212,B,48,0,◎○△フォーメーション（15〜20点）,0.5777,"{'is_target': True, 'verdict': '参加推奨', 'max_combo_prob': 0.0544, 'est_top_odds': 24.5, 'circle_concentration': 62.0, 'eligible_count': 9, 'bet_adj': 2, 'reason': 'rel_win1=47.6%（本命度） / 最有力組み合わせ確率: 0.054（推定実オッズ?24倍） / 2着集中度: 上位2艇 62.0%（補正+0.00） / 総合判定確率: 0.054 / → ヒモ分散。1号艇1着固定で広めのヒモ流し推奨（買い目+2点）', 'tenji_trigger': '展示確認: ヒモ分散レース。1号艇伸び確認後、広めのヒモ流しを採用。穴ヒモ（5・6号艇）を積極的に含める。'}",,,32.4,両建て推奨,15.64,42.7,2,,,,,,,,,,,
2026-01-19,丸亀,5,6,池田奈津,B1,30.84,6,,2.3618,4.1,42,100,0.22,4,,,0,低,23,1,-,5 34,0,100,3.4706,,,,,,0.28,0.28,0,,,D,◎,,0.1574,0.6705,,0.3212,B,48,0,◎○△フォーメーション（15〜20点）,0.5777,"{'is_target': True, 'verdict': '参加推奨', 'max_combo_prob': 0.0544, 'est_top_odds': 24.5, 'circle_concentration': 62.0, 'eligible_count': 9, 'bet_adj': 2, 'reason': 'rel_win1=47.6%（本命度） / 最有力組み合わせ確率: 0.054（推定実オッズ?24倍） / 2着集中度: 上位2艇 62.0%（補正+0.00） / 総合判定確率: 0.054 / → ヒモ分散。1号艇1着固定で広めのヒモ流し推奨（買い目+2点）', 'tenji_trigger': '展示確認: ヒモ分散レース。1号艇伸び確認後、広めのヒモ流しを採用。穴ヒモ（5・6号艇）を積極的に含める。'}",,,32.4,両建て推奨,15.64,42.7,2,,,,,,,,,,,
2026-01-19,丸亀,6,1,戸敷晃美,A2,48.10,1,◎,68.1759,,0,83.3,0.1606,2.7222,,,0,低,73,0,逃1%,323,0,87,1.1234,0.7222,,,,,0,0.0444,0.1422,◎,,A,△,,,0.589,,0.648,A,72,0,◎-○軸 3着3〜4艇流し（10〜15点）,0.5777,"{'is_target': True, 'verdict': '点数絞り', 'max_combo_prob': 0.1188, 'est_top_odds': 11.2, 'circle_concentration': 71.5, 'eligible_count': 8, 'bet_adj': 0, 'reason': 'rel_win1=68.2%（本命度） / 最有力組み合わせ確率: 0.119（推定実オッズ?11倍） / 2着集中度: 上位2艇 71.5%（補正+0.04） / 総合判定確率: 0.159 / → ヒモはやや固め。上位2艇以外を切ること', 'tenji_trigger': '展示確認: 1号艇伸び良→そのまま採用。悪→飛び組に差し替え。circle_pct上位2艇に絞り込むこと。'}",,,26.9,逃げ狙い,16.62,26.1,2,,,,,0,0,0.7559,0,,逃げ軸流し,A
2026-01-19,丸亀,6,2,三嶌さら,B1,37.08,2,○,12.4022,54.7,68,44.4,0.1611,3.7222,,,0,低,82,1,抜0%,1 14,0,59.3,1.1212,0,0,0,0,0.1111,0,0.25,0,,◎,B,,,0.3225,0.576,,0.648,A,72,0,◎-○軸 3着3〜4艇流し（10〜15点）,0.5777,"{'is_target': True, 'verdict': '点数絞り', 'max_combo_prob': 0.1188, 'est_top_odds': 11.2, 'circle_concentration': 71.5, 'eligible_count': 8, 'bet_adj': 0, 'reason': 'rel_win1=68.2%（本命度） / 最有力組み合わせ確率: 0.119（推定実オッズ?11倍） / 2着集中度: 上位2艇 71.5%（補正+0.04） / 総合判定確率: 0.159 / → ヒモはやや固め。上位2艇以外を切ること', 'tenji_trigger': '展示確認: 1号艇伸び良→そのまま採用。悪→飛び組に差し替え。circle_pct上位2艇に絞り込むこと。'}",,,26.9,逃げ狙い,16.62,26.1,2,,,,,,,,,,,
2026-01-19,丸亀,6,3,福山恵里,B1,29.55,3,▲,6.9754,12,84,22.7,0.1709,3.6136,,,0,低,42,0,-,563,0,18.1,0.5642,,,,,,0.19,0.46,0,,,D,,,0.2585,0.498,,0.648,A,72,0,◎-○軸 3着3〜4艇流し（10〜15点）,0.5777,"{'is_target': True, 'verdict': '点数絞り', 'max_combo_prob': 0.1188, 'est_top_odds': 11.2, 'circle_concentration': 71.5, 'eligible_count': 8, 'bet_adj': 0, 'reason': 'rel_win1=68.2%（本命度） / 最有力組み合わせ確率: 0.119（推定実オッズ?11倍） / 2着集中度: 上位2艇 71.5%（補正+0.04） / 総合判定確率: 0.159 / → ヒモはやや固め。上位2艇以外を切ること', 'tenji_trigger': '展示確認: 1号艇伸び良→そのまま採用。悪→飛び組に差し替え。circle_pct上位2艇に絞り込むこと。'}",,,26.9,逃げ狙い,16.62,26.1,2,,,,,,,,,,,
2026-01-19,丸亀,6,4,喜多那由,B1,27.08,4,,4.9537,16.8,68,33.3,0.1662,3.8452,,,0,低,95,0,抜0%,4 64,0,56.8,0.6832,0,0,0,0,0.0588,0.2643,0.0857,0.4143,,,E,◎,,0.2882,0.6495,,0.648,A,72,0,◎-○軸 3着3〜4艇流し（10〜15点）,0.5777,"{'is_target': True, 'verdict': '点数絞り', 'max_combo_prob': 0.1188, 'est_top_odds': 11.2, 'circle_concentration': 71.5, 'eligible_count': 8, 'bet_adj': 0, 'reason': 'rel_win1=68.2%（本命度） / 最有力組み合わせ確率: 0.119（推定実オッズ?11倍） / 2着集中度: 上位2艇 71.5%（補正+0.04） / 総合判定確率: 0.159 / → ヒモはやや固め。上位2艇以外を切ること', 'tenji_trigger': '展示確認: 1号艇伸び良→そのまま採用。悪→飛び組に差し替え。circle_pct上位2艇に絞り込むこと。'}",,,26.9,逃げ狙い,16.62,26.1,2,,,,,,,,,,,
2026-01-19,丸亀,6,5,小芦るり,A1,29.41,5,,4.3431,11.6,100,50,0.1756,4.0588,,,0,低,61,0,ま0%,3522,0,75.4,1.3171,0,0,0.0833,0,0,0.0308,0,0.1615,,,D,○,,0.2498,0.6255,,0.648,A,72,0,◎-○軸 3着3〜4艇流し（10〜15点）,0.5777,"{'is_target': True, 'verdict': '点数絞り', 'max_combo_prob': 0.1188, 'est_top_odds': 11.2, 'circle_concentration': 71.5, 'eligible_count': 8, 'bet_adj': 0, 'reason': 'rel_win1=68.2%（本命度） / 最有力組み合わせ確率: 0.119（推定実オッズ?11倍） / 2着集中度: 上位2艇 71.5%（補正+0.04） / 総合判定確率: 0.159 / → ヒモはやや固め。上位2艇以外を切ること', 'tenji_trigger': '展示確認: 1号艇伸び良→そのまま採用。悪→飛び組に差し替え。circle_pct上位2艇に絞り込むこと。'}",,,26.9,逃げ狙い,16.62,26.1,2,,,,,,,,,,,
2026-01-19,丸亀,6,6,中田夕貴,A2,30.00,6,△,3.1497,4.9,62,27.6,0.2014,4.3448,,,0,低,68,0,-,5 5S,0,32.8,1.1511,,,,,,0.1927,0.3127,0,,,C,△,,0.1817,0.5955,,0.648,A,72,0,◎-○軸 3着3〜4艇流し（10〜15点）,0.5777,"{'is_target': True, 'verdict': '点数絞り', 'max_combo_prob': 0.1188, 'est_top_odds': 11.2, 'circle_concentration': 71.5, 'eligible_count': 8, 'bet_adj': 0, 'reason': 'rel_win1=68.2%（本命度） / 最有力組み合わせ確率: 0.119（推定実オッズ?11倍） / 2着集中度: 上位2艇 71.5%（補正+0.04） / 総合判定確率: 0.159 / → ヒモはやや固め。上位2艇以外を切ること', 'tenji_trigger': '展示確認: 1号艇伸び良→そのまま採用。悪→飛び組に差し替え。circle_pct上位2艇に絞り込むこと。'}",,,26.9,逃げ狙い,16.62,26.1,2,,,,,,,,,,,
2026-01-19,丸亀,7,1,池田浩美,B1,27.08,1,◎,55.082,,0,68.4,0.1747,3.0263,,,0,低,68,0,逃0%,226,0,56.8,0.919,0.25,,,,,0.375,0,0.125,○⚠️,,E,△,,,0.614,,0.3534,A,60,0,◎-○軸 3着3〜4艇流し（10〜15点）,0.5777,"{'is_target': True, 'verdict': '参加推奨', 'max_combo_prob': 0.095, 'est_top_odds': 14.0, 'circle_concentration': 64.4, 'eligible_count': 8, 'bet_adj': 2, 'reason': 'rel_win1=55.1%（本命度） / 最有力組み合わせ確率: 0.095（推定実オッズ?14倍） / 2着集中度: 上位2艇 64.4%（補正+0.00） / 総合判定確率: 0.095 / → ヒモ分散。1号艇1着固定で広めのヒモ流し推奨（買い目+2点）', 'tenji_trigger': '展示確認: ヒモ分散レース。1号艇伸び確認後、広めのヒモ流しを採用。穴ヒモ（5・6号艇）を積極的に含める。'}",,,29.4,両建て推奨,14.03,35.6,4,2-3-4|2-4-3|2-3-6|2-3-5|2-4-6|2-6-4|2-4-5|1-2-4|1-2-3|1-3-4|1-4-2|1-4-3,2-3-4|2-4-3|2-3-6|2-3-5|2-4-6|2-6-4|2-4-5|1-2-4|1-2-3|1-3-4|1-4-2|1-4-3,2-3-4:1.94%|2-4-3:0.96%|2-3-6:0.91%|2-3-5:0.68%|2-4-6:0.64%|2-6-4:0.61%|2-4-5:0.48%|1-2-4:6.85%|1-2-3:5.47%|1-3-4:4.42%|1-4-2:3.8%|1-4-3:3.79%,2-3-4:B_main|2-4-3:B_main|2-3-6:B_main|2-3-5:B_main|2-4-6:B_main|2-6-4:B_main|2-4-5:B_main|1-2-4:A|1-2-3:A|1-3-4:A|1-4-2:A|1-4-3:A,12,12,0.4535,1,[!]見送り推奨（主役決まり手「まくり」― 逃げ劣勢レースで的中実績なし）,主役軸流し,B
2026-01-19,丸亀,7,2,来田衣織,B1,46.91,2,○,9.8698,40.5,59,34,0.173,4.0319,,,0,低,96,0,ま0%,1 15,0,64.5,0.6076,0,0,0.05,0,0,0,0.4,0,,△,A,,,0.3227,0.585,,0.3534,A,60,0,◎-○軸 3着3〜4艇流し（10〜15点）,0.5777,"{'is_target': True, 'verdict': '参加推奨', 'max_combo_prob': 0.095, 'est_top_odds': 14.0, 'circle_concentration': 64.4, 'eligible_count': 8, 'bet_adj': 2, 'reason': 'rel_win1=55.1%（本命度） / 最有力組み合わせ確率: 0.095（推定実オッズ?14倍） / 2着集中度: 上位2艇 64.4%（補正+0.00） / 総合判定確率: 0.095 / → ヒモ分散。1号艇1着固定で広めのヒモ流し推奨（買い目+2点）', 'tenji_trigger': '展示確認: ヒモ分散レース。1号艇伸び確認後、広めのヒモ流しを採用。穴ヒモ（5・6号艇）を積極的に含める。'}",,,29.4,両建て推奨,14.03,35.6,4,,,,,,,,,,,
2026-01-19,丸亀,7,3,湯淺紀香,A2,46.43,3,△,14.6893,23.8,100,56.2,0.1909,3.9219,,,0,低,73,0,ま0%,415,0,44.2,1.1785,0,0,0.1333,0,0,0,0.22,0,,,B,△,,0.2286,0.6005,,0.3534,A,60,0,◎-○軸 3着3〜4艇流し（10〜15点）,0.5777,"{'is_target': True, 'verdict': '参加推奨', 'max_combo_prob': 0.095, 'est_top_odds': 14.0, 'circle_concentration': 64.4, 'eligible_count': 8, 'bet_adj': 2, 'reason': 'rel_win1=55.1%（本命度） / 最有力組み合わせ確率: 0.095（推定実オッズ?14倍） / 2着集中度: 上位2艇 64.4%（補正+0.00） / 総合判定確率: 0.095 / → ヒモ分散。1号艇1着固定で広めのヒモ流し推奨（買い目+2点）', 'tenji_trigger': '展示確認: ヒモ分散レース。1号艇伸び確認後、広めのヒモ流しを採用。穴ヒモ（5・6号艇）を積極的に含める。'}",,,29.4,両建て推奨,14.03,35.6,4,,,,,,,,,,,
2026-01-19,丸亀,7,4,松尾夏海,A1,45.65,4,▲,14.9519,19.3,69,52.2,0.1513,2.5435,,,0,低,45,0,差ま0%,521,0,98.4,1.9172,0,0,0,0.125,0,,,,,,B,◎,,0.394,0.684,,0.3534,A,60,0,◎-○軸 3着3〜4艇流し（10〜15点）,0.5777,"{'is_target': True, 'verdict': '参加推奨', 'max_combo_prob': 0.095, 'est_top_odds': 14.0, 'circle_concentration': 64.4, 'eligible_count': 8, 'bet_adj': 2, 'reason': 'rel_win1=55.1%（本命度） / 最有力組み合わせ確率: 0.095（推定実オッズ?14倍） / 2着集中度: 上位2艇 64.4%（補正+0.00） / 総合判定確率: 0.095 / → ヒモ分散。1号艇1着固定で広めのヒモ流し推奨（買い目+2点）', 'tenji_trigger': '展示確認: ヒモ分散レース。1号艇伸び確認後、広めのヒモ流しを採用。穴ヒモ（5・6号艇）を積極的に含める。'}",,,29.4,両建て推奨,14.03,35.6,4,,,,,,,,,,,
2026-01-19,丸亀,7,5,中川りな,A2,31.87,5,,4.1069,16,55,26.1,0.1613,3.3913,,,0,低,61,0,-,3413,0,35,0.759,,,,,,0,0.1429,0.0714,,,D,○,,0.3536,0.6205,,0.3534,A,60,0,◎-○軸 3着3〜4艇流し（10〜15点）,0.5777,"{'is_target': True, 'verdict': '参加推奨', 'max_combo_prob': 0.095, 'est_top_odds': 14.0, 'circle_concentration': 64.4, 'eligible_count': 8, 'bet_adj': 2, 'reason': 'rel_win1=55.1%（本命度） / 最有力組み合わせ確率: 0.095（推定実オッズ?14倍） / 2着集中度: 上位2艇 64.4%（補正+0.00） / 総合判定確率: 0.095 / → ヒモ分散。1号艇1着固定で広めのヒモ流し推奨（買い目+2点）', 'tenji_trigger': '展示確認: ヒモ分散レース。1号艇伸び確認後、広めのヒモ流しを採用。穴ヒモ（5・6号艇）を積極的に含める。'}",,,29.4,両建て推奨,14.03,35.6,4,,,,,,,,,,,
2026-01-19,丸亀,7,6,大廣咲季,B1,30.43,6,,1.3001,0.3,11,6.6,0.1836,3.7377,,,0,低,81,0,-,156,0,26.5,1.3983,,,,,,0.3333,0.3333,0,,,D,,,0.2817,0.543,,0.3534,A,60,0,◎-○軸 3着3〜4艇流し（10〜15点）,0.5777,"{'is_target': True, 'verdict': '参加推奨', 'max_combo_prob': 0.095, 'est_top_odds': 14.0, 'circle_concentration': 64.4, 'eligible_count': 8, 'bet_adj': 2, 'reason': 'rel_win1=55.1%（本命度） / 最有力組み合わせ確率: 0.095（推定実オッズ?14倍） / 2着集中度: 上位2艇 64.4%（補正+0.00） / 総合判定確率: 0.095 / → ヒモ分散。1号艇1着固定で広めのヒモ流し推奨（買い目+2点）', 'tenji_trigger': '展示確認: ヒモ分散レース。1号艇伸び確認後、広めのヒモ流しを採用。穴ヒモ（5・6号艇）を積極的に含める。'}",,,29.4,両建て推奨,14.03,35.6,4,,,,,,,,,,,
2026-01-19,丸亀,8,1,山本梨菜,A1,41.46,1,◎,66.2977,,0,100,0.1325,2.8036,,,0,低,40,0,逃1%,2 56,0,94.4,1.2884,0.7059,,,,,0.0471,0.0235,0.1328,◎,,B,○,,,0.5915,,0.6331,S,86,0,◎1着固定 2-3着流し（5〜8点）,0.5777,"{'is_target': True, 'verdict': '点数絞り', 'max_combo_prob': 0.1063, 'est_top_odds': 12.5, 'circle_concentration': 70.8, 'eligible_count': 6, 'bet_adj': 0, 'reason': 'rel_win1=66.3%（本命度） / 最有力組み合わせ確率: 0.106（推定実オッズ?12倍） / 2着集中度: 上位2艇 70.8%（補正+0.04） / 総合判定確率: 0.146 / → ヒモはやや固め。上位2艇以外を切ること', 'tenji_trigger': '展示確認: 1号艇伸び良→そのまま採用。悪→飛び組に差し替え。circle_pct上位2艇に絞り込むこと。\n展示で1号艇スタート超安定(0.133秒)→ヒモ固まり方向に注意'}",,,27.3,逃げ狙い,18.97,25.2,4,,,,,0,0,0.7559,0,,逃げ軸流し,A
2026-01-19,丸亀,8,2,山川美由,A2,55.56,2,○,9.7556,39.4,68,46.2,0.1577,3.6923,,,0,低,16,1,-,1 43,0,34.8,0.7772,,,,,,0,0,0.3333,,,A,△,,0.0775,0.584,,0.6331,S,86,0,◎1着固定 2-3着流し（5〜8点）,0.5777,"{'is_target': True, 'verdict': '点数絞り', 'max_combo_prob': 0.1063, 'est_top_odds': 12.5, 'circle_concentration': 70.8, 'eligible_count': 6, 'bet_adj': 0, 'reason': 'rel_win1=66.3%（本命度） / 最有力組み合わせ確率: 0.106（推定実オッズ?12倍） / 2着集中度: 上位2艇 70.8%（補正+0.04） / 総合判定確率: 0.146 / → ヒモはやや固め。上位2艇以外を切ること', 'tenji_trigger': '展示確認: 1号艇伸び良→そのまま採用。悪→飛び組に差し替え。circle_pct上位2艇に絞り込むこと。\n展示で1号艇スタート超安定(0.133秒)→ヒモ固まり方向に注意'}",,,27.3,逃げ狙い,18.97,25.2,4,,,,,,,,,,,
2026-01-19,丸亀,8,3,佐々木裕,B1,40.00,3,▲,8.3659,31.3,61,53.3,0.1423,2.5667,,,0,低,50,0,差ま0%,4 65,0,42,0.9613,0,0,0,0.0588,0,0.4533,0.3067,0.08,,,C,◎,,0.2381,0.656,,0.6331,S,86,0,◎1着固定 2-3着流し（5〜8点）,0.5777,"{'is_target': True, 'verdict': '点数絞り', 'max_combo_prob': 0.1063, 'est_top_odds': 12.5, 'circle_concentration': 70.8, 'eligible_count': 6, 'bet_adj': 0, 'reason': 'rel_win1=66.3%（本命度） / 最有力組み合わせ確率: 0.106（推定実オッズ?12倍） / 2着集中度: 上位2艇 70.8%（補正+0.04） / 総合判定確率: 0.146 / → ヒモはやや固め。上位2艇以外を切ること', 'tenji_trigger': '展示確認: 1号艇伸び良→そのまま採用。悪→飛び組に差し替え。circle_pct上位2艇に絞り込むこと。\n展示で1号艇スタート超安定(0.133秒)→ヒモ固まり方向に注意'}",,,27.3,逃げ狙い,18.97,25.2,4,,,,,,,,,,,
2026-01-19,丸亀,8,4,山口真喜,A2,37.37,4,△,12.0032,21.8,100,67.9,0.1657,3.3393,,,0,低,83,0,ま0%,1 1S,0,75.4,1.4409,0,0,0.1538,0,0,0.1818,0.3636,0.2727,,,D,,◎,0.193,0.508,0.4312,0.6331,S,86,0,◎1着固定 2-3着流し（5〜8点）,0.5777,"{'is_target': True, 'verdict': '点数絞り', 'max_combo_prob': 0.1063, 'est_top_odds': 12.5, 'circle_concentration': 70.8, 'eligible_count': 6, 'bet_adj': 0, 'reason': 'rel_win1=66.3%（本命度） / 最有力組み合わせ確率: 0.106（推定実オッズ?12倍） / 2着集中度: 上位2艇 70.8%（補正+0.04） / 総合判定確率: 0.146 / → ヒモはやや固め。上位2艇以外を切ること', 'tenji_trigger': '展示確認: 1号艇伸び良→そのまま採用。悪→飛び組に差し替え。circle_pct上位2艇に絞り込むこと。\n展示で1号艇スタート超安定(0.133秒)→ヒモ固まり方向に注意'}",,,27.3,逃げ狙い,18.97,25.2,4,,,,,,,,,,,
2026-01-19,丸亀,8,5,菅野はや,B2,36.59,5,,2.6535,6.7,61,11.8,0.2276,4.2941,,,0,低,78,0,-,364,0,24.4,0.6845,,,,,,0.125,0.125,0.125,,,D,,,0.1338,0.5285,,0.6331,S,86,0,◎1着固定 2-3着流し（5〜8点）,0.5777,"{'is_target': True, 'verdict': '点数絞り', 'max_combo_prob': 0.1063, 'est_top_odds': 12.5, 'circle_concentration': 70.8, 'eligible_count': 6, 'bet_adj': 0, 'reason': 'rel_win1=66.3%（本命度） / 最有力組み合わせ確率: 0.106（推定実オッズ?12倍） / 2着集中度: 上位2艇 70.8%（補正+0.04） / 総合判定確率: 0.146 / → ヒモはやや固め。上位2艇以外を切ること', 'tenji_trigger': '展示確認: 1号艇伸び良→そのまま採用。悪→飛び組に差し替え。circle_pct上位2艇に絞り込むこと。\n展示で1号艇スタート超安定(0.133秒)→ヒモ固まり方向に注意'}",,,27.3,逃げ狙い,18.97,25.2,4,,,,,,,,,,,
2026-01-19,丸亀,8,6,赤松咲香,B2,33.70,6,,0.9242,0.7,24,1.6,0.1911,4.3607,,,0,低,41,0,-,656,0,28.6,0.6261,,,,,,,,,,,E,△,,0.135,0.535,,0.6331,S,86,0,◎1着固定 2-3着流し（5〜8点）,0.5777,"{'is_target': True, 'verdict': '点数絞り', 'max_combo_prob': 0.1063, 'est_top_odds': 12.5, 'circle_concentration': 70.8, 'eligible_count': 6, 'bet_adj': 0, 'reason': 'rel_win1=66.3%（本命度） / 最有力組み合わせ確率: 0.106（推定実オッズ?12倍） / 2着集中度: 上位2艇 70.8%（補正+0.04） / 総合判定確率: 0.146 / → ヒモはやや固め。上位2艇以外を切ること', 'tenji_trigger': '展示確認: 1号艇伸び良→そのまま採用。悪→飛び組に差し替え。circle_pct上位2艇に絞り込むこと。\n展示で1号艇スタート超安定(0.133秒)→ヒモ固まり方向に注意'}",,,27.3,逃げ狙い,18.97,25.2,4,,,,,,,,,,,
2026-01-19,丸亀,9,1,中谷朋子,B1,28.89,1,◎,56.518,,0,77.8,0.2033,4.5,,,0,低,24,1,逃0%,163,0,68,1.0215,0.5,,,,,0,0.3333,0.1667,△⚠️,,E,△,,,0.5805,,0.2301,A,62,0,◎-○軸 3着3〜4艇流し（10〜15点）,0.5777,"{'is_target': True, 'verdict': '参加推奨', 'max_combo_prob': 0.0829, 'est_top_odds': 16.1, 'circle_concentration': 68.8, 'eligible_count': 8, 'bet_adj': 2, 'reason': 'rel_win1=56.5%（本命度） / 最有力組み合わせ確率: 0.083（推定実オッズ?16倍） / 2着集中度: 上位2艇 68.8%（補正+0.00） / 総合判定確率: 0.083 / → ヒモ分散。1号艇1着固定で広めのヒモ流し推奨（買い目+2点）', 'tenji_trigger': '展示確認: ヒモ分散レース。1号艇伸び確認後、広めのヒモ流しを採用。穴ヒモ（5・6号艇）を積極的に含める。\n展示で1号艇スタート遅め(0.203秒)確認→ヒモが荒れやすい'}",,,36.3,両建て推奨,22.11,34.1,3,2-1-3|2-1-5|2-1-4|2-3-1|2-5-1|2-5-3|2-3-5|1-2-5|1-2-3|1-3-2|1-3-5|1-4-2,2-1-3|2-1-5|2-1-4|2-3-1|2-5-1|2-5-3|2-3-5|1-2-5|1-2-3|1-3-2|1-3-5|1-4-2,2-1-3:2.44%|2-1-5:1.21%|2-1-4:1.16%|2-3-1:0.77%|2-5-1:0.41%|2-5-3:0.19%|2-3-5:0.18%|1-2-5:7.48%|1-2-3:7.45%|1-3-2:6.55%|1-3-5:5.73%|1-4-2:4.67%,2-1-3:B_main|2-1-5:B_main|2-1-4:B_main|2-3-1:B_main|2-5-1:B_main|2-5-3:B_main|2-3-5:B_main|1-2-5:A|1-2-3:A|1-3-2:A|1-3-5:A|1-4-2:A,12,12,0.4535,1,[!]見送り推奨（主役決まり手「差し」― 逃げ劣勢レースで的中実績なし）,主役軸流し,B
2026-01-19,丸亀,9,2,落合直子,A2,35.23,2,▲,11.3456,39.7,100,52.9,0.1544,3.1765,,,0,低,40,0,-,5 24,0,64.9,0.884,0,0.1667,0,0,0,0.025,0,0.225,,◎,C,◎,,0.5888,0.6465,,0.2301,A,62,0,◎-○軸 3着3〜4艇流し（10〜15点）,0.5777,"{'is_target': True, 'verdict': '参加推奨', 'max_combo_prob': 0.0829, 'est_top_odds': 16.1, 'circle_concentration': 68.8, 'eligible_count': 8, 'bet_adj': 2, 'reason': 'rel_win1=56.5%（本命度） / 最有力組み合わせ確率: 0.083（推定実オッズ?16倍） / 2着集中度: 上位2艇 68.8%（補正+0.00） / 総合判定確率: 0.083 / → ヒモ分散。1号艇1着固定で広めのヒモ流し推奨（買い目+2点）', 'tenji_trigger': '展示確認: ヒモ分散レース。1号艇伸び確認後、広めのヒモ流しを採用。穴ヒモ（5・6号艇）を積極的に含める。\n展示で1号艇スタート遅め(0.203秒)確認→ヒモが荒れやすい'}",,,36.3,両建て推奨,22.11,34.1,3,,,,,,,,,,,
2026-01-19,丸亀,9,3,井上遥妃,A1,53.09,3,○,13.6873,29.1,82,54.5,0.1395,3.3864,,,0,低,34,0,-,2131,0,48.8,1.1269,,,,,,0,0.1944,0.2389,,○,A,○,,0.4831,0.634,,0.2301,A,62,0,◎-○軸 3着3〜4艇流し（10〜15点）,0.5777,"{'is_target': True, 'verdict': '参加推奨', 'max_combo_prob': 0.0829, 'est_top_odds': 16.1, 'circle_concentration': 68.8, 'eligible_count': 8, 'bet_adj': 2, 'reason': 'rel_win1=56.5%（本命度） / 最有力組み合わせ確率: 0.083（推定実オッズ?16倍） / 2着集中度: 上位2艇 68.8%（補正+0.00） / 総合判定確率: 0.083 / → ヒモ分散。1号艇1着固定で広めのヒモ流し推奨（買い目+2点）', 'tenji_trigger': '展示確認: ヒモ分散レース。1号艇伸び確認後、広めのヒモ流しを採用。穴ヒモ（5・6号艇）を積極的に含める。\n展示で1号艇スタート遅め(0.203秒)確認→ヒモが荒れやすい'}",,,36.3,両建て推奨,22.11,34.1,3,,,,,,,,,,,
2026-01-19,丸亀,9,4,坂野さく,B1,32.53,4,,7.4729,19.6,36,34.5,0.1893,3.7586,,,0,低,76,0,ま0%,461,0,24.7,0.7828,0,0,0.0667,0,0,0.2889,0.2889,0.2444,,,D,△,,0.3458,0.5865,,0.2301,A,62,0,◎-○軸 3着3〜4艇流し（10〜15点）,0.5777,"{'is_target': True, 'verdict': '参加推奨', 'max_combo_prob': 0.0829, 'est_top_odds': 16.1, 'circle_concentration': 68.8, 'eligible_count': 8, 'bet_adj': 2, 'reason': 'rel_win1=56.5%（本命度） / 最有力組み合わせ確率: 0.083（推定実オッズ?16倍） / 2着集中度: 上位2艇 68.8%（補正+0.00） / 総合判定確率: 0.083 / → ヒモ分散。1号艇1着固定で広めのヒモ流し推奨（買い目+2点）', 'tenji_trigger': '展示確認: ヒモ分散レース。1号艇伸び確認後、広めのヒモ流しを採用。穴ヒモ（5・6号艇）を積極的に含める。\n展示で1号艇スタート遅め(0.203秒)確認→ヒモが荒れやすい'}",,,36.3,両建て推奨,22.11,34.1,3,,,,,,,,,,,
2026-01-19,丸亀,9,5,谷口佳蓮,B1,35.16,5,,2.6808,6.6,68,25.9,0.1656,3.3889,,,0,低,45,0,-,243,0,87.2,1.5057,,,,,,0.1091,0,0.2727,,,C,,,0.4323,0.5715,,0.2301,A,62,0,◎-○軸 3着3〜4艇流し（10〜15点）,0.5777,"{'is_target': True, 'verdict': '参加推奨', 'max_combo_prob': 0.0829, 'est_top_odds': 16.1, 'circle_concentration': 68.8, 'eligible_count': 8, 'bet_adj': 2, 'reason': 'rel_win1=56.5%（本命度） / 最有力組み合わせ確率: 0.083（推定実オッズ?16倍） / 2着集中度: 上位2艇 68.8%（補正+0.00） / 総合判定確率: 0.083 / → ヒモ分散。1号艇1着固定で広めのヒモ流し推奨（買い目+2点）', 'tenji_trigger': '展示確認: ヒモ分散レース。1号艇伸び確認後、広めのヒモ流しを採用。穴ヒモ（5・6号艇）を積極的に含める。\n展示で1号艇スタート遅め(0.203秒)確認→ヒモが荒れやすい'}",,,36.3,両建て推奨,22.11,34.1,3,,,,,,,,,,,
2026-01-19,丸亀,9,6,堀之内紀,A1,38.78,6,△,8.2954,5,36,23.3,0.1747,3.8,,,0,低,60,0,ま0%,36F4,0,36.2,1.2986,0,0,0.2727,0,0,0.0909,0.1818,0,,△,B,,,0.4483,0.5735,,0.2301,A,62,0,◎-○軸 3着3〜4艇流し（10〜15点）,0.5777,"{'is_target': True, 'verdict': '参加推奨', 'max_combo_prob': 0.0829, 'est_top_odds': 16.1, 'circle_concentration': 68.8, 'eligible_count': 8, 'bet_adj': 2, 'reason': 'rel_win1=56.5%（本命度） / 最有力組み合わせ確率: 0.083（推定実オッズ?16倍） / 2着集中度: 上位2艇 68.8%（補正+0.00） / 総合判定確率: 0.083 / → ヒモ分散。1号艇1着固定で広めのヒモ流し推奨（買い目+2点）', 'tenji_trigger': '展示確認: ヒモ分散レース。1号艇伸び確認後、広めのヒモ流しを採用。穴ヒモ（5・6号艇）を積極的に含める。\n展示で1号艇スタート遅め(0.203秒)確認→ヒモが荒れやすい'}",,,36.3,両建て推奨,22.11,34.1,3,,,,,,,,,,,
2026-01-19,丸亀,10,1,山田理央,A2,39.56,1,◎,60.2056,,0,88.6,0.134,2.4857,,,0,低,62,0,逃0%,1511,0,91.4,1.2146,0.6667,,,,,0.0444,0.1444,0.0222,◎,,B,△,,,0.6,,0.5742,S,90,0,◎1着固定 2-3着流し（5〜8点）,0.5777,"{'is_target': True, 'verdict': '参加推奨', 'max_combo_prob': 0.0763, 'est_top_odds': 17.5, 'circle_concentration': 76.4, 'eligible_count': 6, 'bet_adj': 2, 'reason': 'rel_win1=60.2%（本命度） / 最有力組み合わせ確率: 0.076（推定実オッズ?18倍） / 2着集中度: 上位2艇 76.4%（補正+0.04） / 総合判定確率: 0.116 / → ヒモ分散。1号艇1着固定で広めのヒモ流し推奨（買い目+2点）', 'tenji_trigger': '展示確認: ヒモ分散レース。1号艇伸び確認後、広めのヒモ流しを採用。穴ヒモ（5・6号艇）を積極的に含める。\n展示で1号艇スタート超安定(0.134秒)→ヒモ固まり方向に注意'}",,,27.9,逃げ狙い,19.86,26.2,3,,,,,0,0,0.7559,0,,逃げ軸流し,A
2026-01-19,丸亀,10,2,三嶌ここ,B1,38.89,2,○,7.5779,40.9,100,37.5,0.1694,4.3125,,,0,低,114,0,-,532,0,81.3,1.5459,,,,,,0.0571,0.0571,0.3143,,,C,,,0.0775,0.553,,0.5742,S,90,0,◎1着固定 2-3着流し（5〜8点）,0.5777,"{'is_target': True, 'verdict': '参加推奨', 'max_combo_prob': 0.0763, 'est_top_odds': 17.5, 'circle_concentration': 76.4, 'eligible_count': 6, 'bet_adj': 2, 'reason': 'rel_win1=60.2%（本命度） / 最有力組み合わせ確率: 0.076（推定実オッズ?18倍） / 2着集中度: 上位2艇 76.4%（補正+0.04） / 総合判定確率: 0.116 / → ヒモ分散。1号艇1着固定で広めのヒモ流し推奨（買い目+2点）', 'tenji_trigger': '展示確認: ヒモ分散レース。1号艇伸び確認後、広めのヒモ流しを採用。穴ヒモ（5・6号艇）を積極的に含める。\n展示で1号艇スタート超安定(0.134秒)→ヒモ固まり方向に注意'}",,,27.9,逃げ狙い,19.86,26.2,3,,,,,,,,,,,
2026-01-19,丸亀,10,3,小芦るり,A1,29.41,3,▲,17.791,35.5,97,64.3,0.1471,3.4821,,,0,低,61,0,ま0%,3522,0,66.2,1.4015,0,0,0.4286,0,0,0.0308,0,0.1615,,,E,○,,0.3202,0.6255,,0.5742,S,90,0,◎1着固定 2-3着流し（5〜8点）,0.5777,"{'is_target': True, 'verdict': '参加推奨', 'max_combo_prob': 0.0763, 'est_top_odds': 17.5, 'circle_concentration': 76.4, 'eligible_count': 6, 'bet_adj': 2, 'reason': 'rel_win1=60.2%（本命度） / 最有力組み合わせ確率: 0.076（推定実オッズ?18倍） / 2着集中度: 上位2艇 76.4%（補正+0.04） / 総合判定確率: 0.116 / → ヒモ分散。1号艇1着固定で広めのヒモ流し推奨（買い目+2点）', 'tenji_trigger': '展示確認: ヒモ分散レース。1号艇伸び確認後、広めのヒモ流しを採用。穴ヒモ（5・6号艇）を積極的に含める。\n展示で1号艇スタート超安定(0.134秒)→ヒモ固まり方向に注意'}",,,27.9,逃げ狙い,19.86,26.2,3,,,,,,,,,,,
2026-01-19,丸亀,10,4,中北　涼,B1,37.00,4,,5.1156,14.3,86,22.7,0.1641,3.0682,,,0,低,39,0,-,344,0,70.2,0.5655,,,,,,0.3333,0.4444,0,,,C,△,,0.1835,0.612,,0.5742,S,90,0,◎1着固定 2-3着流し（5〜8点）,0.5777,"{'is_target': True, 'verdict': '参加推奨', 'max_combo_prob': 0.0763, 'est_top_odds': 17.5, 'circle_concentration': 76.4, 'eligible_count': 6, 'bet_adj': 2, 'reason': 'rel_win1=60.2%（本命度） / 最有力組み合わせ確率: 0.076（推定実オッズ?18倍） / 2着集中度: 上位2艇 76.4%（補正+0.04） / 総合判定確率: 0.116 / → ヒモ分散。1号艇1着固定で広めのヒモ流し推奨（買い目+2点）', 'tenji_trigger': '展示確認: ヒモ分散レース。1号艇伸び確認後、広めのヒモ流しを採用。穴ヒモ（5・6号艇）を積極的に含める。\n展示で1号艇スタート超安定(0.134秒)→ヒモ固まり方向に注意'}",,,27.9,逃げ狙い,19.86,26.2,3,,,,,,,,,,,
2026-01-19,丸亀,10,5,谷川里江,B1,35.96,5,,8.2176,7.5,55,33.3,0.1867,3.6042,,,0,低,57,0,-,232,0,57.5,1.1405,,,,,,0.1,0.6,0,,,D,,,0.1423,0.549,,0.5742,S,90,0,◎1着固定 2-3着流し（5〜8点）,0.5777,"{'is_target': True, 'verdict': '参加推奨', 'max_combo_prob': 0.0763, 'est_top_odds': 17.5, 'circle_concentration': 76.4, 'eligible_count': 6, 'bet_adj': 2, 'reason': 'rel_win1=60.2%（本命度） / 最有力組み合わせ確率: 0.076（推定実オッズ?18倍） / 2着集中度: 上位2艇 76.4%（補正+0.04） / 総合判定確率: 0.116 / → ヒモ分散。1号艇1着固定で広めのヒモ流し推奨（買い目+2点）', 'tenji_trigger': '展示確認: ヒモ分散レース。1号艇伸び確認後、広めのヒモ流しを採用。穴ヒモ（5・6号艇）を積極的に含める。\n展示で1号艇スタート超安定(0.134秒)→ヒモ固まり方向に注意'}",,,27.9,逃げ狙い,19.86,26.2,3,,,,,,,,,,,
2026-01-19,丸亀,10,6,清水愛海,A1,38.95,6,△,1.0924,1.8,75,35.3,0.1865,4.0147,,,0,低,73,0,-,1322,0,32.3,1.4225,,,,,,0.0909,0.1818,0,,,B,◎,,0.1429,0.634,,0.5742,S,90,0,◎1着固定 2-3着流し（5〜8点）,0.5777,"{'is_target': True, 'verdict': '参加推奨', 'max_combo_prob': 0.0763, 'est_top_odds': 17.5, 'circle_concentration': 76.4, 'eligible_count': 6, 'bet_adj': 2, 'reason': 'rel_win1=60.2%（本命度） / 最有力組み合わせ確率: 0.076（推定実オッズ?18倍） / 2着集中度: 上位2艇 76.4%（補正+0.04） / 総合判定確率: 0.116 / → ヒモ分散。1号艇1着固定で広めのヒモ流し推奨（買い目+2点）', 'tenji_trigger': '展示確認: ヒモ分散レース。1号艇伸び確認後、広めのヒモ流しを採用。穴ヒモ（5・6号艇）を積極的に含める。\n展示で1号艇スタート超安定(0.134秒)→ヒモ固まり方向に注意'}",,,27.9,逃げ狙い,19.86,26.2,3,,,,,,,,,,,
2026-01-19,丸亀,11,1,松尾夏海,A1,45.65,1,◎,67.281,,0,88.2,0.1676,3.0441,,,0,低,45,0,逃1%,521,0,88.5,1.1704,1,,,,,,,,◎,,A,◎,,,0.684,,0.4973,S,100,0,◎1着固定 2-3着流し（5〜8点）,0.5777,"{'is_target': True, 'verdict': '点数絞り', 'max_combo_prob': 0.0915, 'est_top_odds': 14.6, 'circle_concentration': 74.4, 'eligible_count': 6, 'bet_adj': 0, 'reason': 'rel_win1=67.3%（本命度） / 最有力組み合わせ確率: 0.091（推定実オッズ?15倍） / 2着集中度: 上位2艇 74.4%（補正+0.04） / 総合判定確率: 0.131 / → ヒモはやや固め。上位2艇以外を切ること', 'tenji_trigger': '展示確認: 1号艇伸び良→そのまま採用。悪→飛び組に差し替え。circle_pct上位2艇に絞り込むこと。'}",,,24.8,逃げ狙い,14.42,21.9,2,,,,,0,0,0.7559,0,,逃げ軸流し,A
2026-01-19,丸亀,11,2,中田夕貴,A2,30.00,2,,15.8823,40.1,71,61.8,0.1753,3.7059,,,0,低,68,0,差0% ま0%,5 5S,0,42.1,1.044,0,0.0833,0.0833,0,0,0.1927,0.3127,0,,,E,,,0.2424,0.5955,,0.4973,S,100,0,◎1着固定 2-3着流し（5〜8点）,0.5777,"{'is_target': True, 'verdict': '点数絞り', 'max_combo_prob': 0.0915, 'est_top_odds': 14.6, 'circle_concentration': 74.4, 'eligible_count': 6, 'bet_adj': 0, 'reason': 'rel_win1=67.3%（本命度） / 最有力組み合わせ確率: 0.091（推定実オッズ?15倍） / 2着集中度: 上位2艇 74.4%（補正+0.04） / 総合判定確率: 0.131 / → ヒモはやや固め。上位2艇以外を切ること', 'tenji_trigger': '展示確認: 1号艇伸び良→そのまま採用。悪→飛び組に差し替え。circle_pct上位2艇に絞り込むこと。'}",,,24.8,逃げ狙い,14.42,21.9,2,,,,,,,,,,,
2026-01-19,丸亀,11,3,岩崎芳美,A2,34.78,3,▲,8.0749,34.3,62,43.8,0.1338,2.375,,,0,低,23,0,ま0%,1 55,0,26.1,0.8438,0,0,0.1111,0,0,0.0833,0.25,0.25,,◎,C,○,,0.4703,0.6485,,0.4973,S,100,0,◎1着固定 2-3着流し（5〜8点）,0.5777,"{'is_target': True, 'verdict': '点数絞り', 'max_combo_prob': 0.0915, 'est_top_odds': 14.6, 'circle_concentration': 74.4, 'eligible_count': 6, 'bet_adj': 0, 'reason': 'rel_win1=67.3%（本命度） / 最有力組み合わせ確率: 0.091（推定実オッズ?15倍） / 2着集中度: 上位2艇 74.4%（補正+0.04） / 総合判定確率: 0.131 / → ヒモはやや固め。上位2艇以外を切ること', 'tenji_trigger': '展示確認: 1号艇伸び良→そのまま採用。悪→飛び組に差し替え。circle_pct上位2艇に絞り込むこと。'}",,,24.8,逃げ狙い,14.42,21.9,2,,,,,,,,,,,
2026-01-19,丸亀,11,4,渡辺千草,B1,40.00,4,○,3.4017,14.5,75,44.8,0.1528,3.0172,,,0,低,79,0,-,444,0,37.9,0.8632,,,,,,0.3,0.3,0.3,,,B,△,,0.3688,0.622,,0.4973,S,100,0,◎1着固定 2-3着流し（5〜8点）,0.5777,"{'is_target': True, 'verdict': '点数絞り', 'max_combo_prob': 0.0915, 'est_top_odds': 14.6, 'circle_concentration': 74.4, 'eligible_count': 6, 'bet_adj': 0, 'reason': 'rel_win1=67.3%（本命度） / 最有力組み合わせ確率: 0.091（推定実オッズ?15倍） / 2着集中度: 上位2艇 74.4%（補正+0.04） / 総合判定確率: 0.131 / → ヒモはやや固め。上位2艇以外を切ること', 'tenji_trigger': '展示確認: 1号艇伸び良→そのまま採用。悪→飛び組に差し替え。circle_pct上位2艇に絞り込むこと。'}",,,24.8,逃げ狙い,14.42,21.9,2,,,,,,,,,,,
2026-01-19,丸亀,11,5,米丸乃絵,A1,37.50,5,△,4.3497,9.5,100,46.7,0.177,3.85,,,0,低,62,0,ま0% 差ま0%,241,0,69.3,1.2983,0,0,0.1111,0.1111,0,0,0,0,,,C,,,0.2823,0.5575,,0.4973,S,100,0,◎1着固定 2-3着流し（5〜8点）,0.5777,"{'is_target': True, 'verdict': '点数絞り', 'max_combo_prob': 0.0915, 'est_top_odds': 14.6, 'circle_concentration': 74.4, 'eligible_count': 6, 'bet_adj': 0, 'reason': 'rel_win1=67.3%（本命度） / 最有力組み合わせ確率: 0.091（推定実オッズ?15倍） / 2着集中度: 上位2艇 74.4%（補正+0.04） / 総合判定確率: 0.131 / → ヒモはやや固め。上位2艇以外を切ること', 'tenji_trigger': '展示確認: 1号艇伸び良→そのまま採用。悪→飛び組に差し替え。circle_pct上位2艇に絞り込むこと。'}",,,24.8,逃げ狙い,14.42,21.9,2,,,,,,,,,,,
2026-01-19,丸亀,11,6,角ひとみ,A2,31.76,6,,1.0104,1.6,58,23.5,0.2094,4.3235,,,0,低,104,0,-,666,0,35,1.055,,,,,,0.1267,0.1533,0.0267,,,D,△,,0.1767,0.6195,,0.4973,S,100,0,◎1着固定 2-3着流し（5〜8点）,0.5777,"{'is_target': True, 'verdict': '点数絞り', 'max_combo_prob': 0.0915, 'est_top_odds': 14.6, 'circle_concentration': 74.4, 'eligible_count': 6, 'bet_adj': 0, 'reason': 'rel_win1=67.3%（本命度） / 最有力組み合わせ確率: 0.091（推定実オッズ?15倍） / 2着集中度: 上位2艇 74.4%（補正+0.04） / 総合判定確率: 0.131 / → ヒモはやや固め。上位2艇以外を切ること', 'tenji_trigger': '展示確認: 1号艇伸び良→そのまま採用。悪→飛び組に差し替え。circle_pct上位2艇に絞り込むこと。'}",,,24.8,逃げ狙い,14.42,21.9,2,,,,,,,,,,,
2026-01-19,丸亀,12,1,平山智加,A1,29.67,1,◎,56.7147,,0,91.4,0.1529,3.5286,,,0,低,46,0,逃0%,213,0,97.9,1.3785,0.6364,,,,,0,0.1818,0.1818,◎,,E,◎,,,0.651,,0.5233,S,93,0,◎1着固定 2-3着流し（5〜8点）,0.5777,"{'is_target': True, 'verdict': '点数絞り', 'max_combo_prob': 0.0868, 'est_top_odds': 15.4, 'circle_concentration': 72.0, 'eligible_count': 6, 'bet_adj': 0, 'reason': 'rel_win1=56.7%（本命度） / 最有力組み合わせ確率: 0.087（推定実オッズ?15倍） / 2着集中度: 上位2艇 72.0%（補正+0.04） / 総合判定確率: 0.127 / → ヒモはやや固め。上位2艇以外を切ること', 'tenji_trigger': '展示確認: 1号艇伸び良→そのまま採用。悪→飛び組に差し替え。circle_pct上位2艇に絞り込むこと。'}",,,28.5,逃げ狙い,19.51,28.3,3,,,,,0,0,0.7559,0,,逃げ軸流し,A
2026-01-19,丸亀,12,2,湯淺紀香,A2,46.43,2,,9.7312,32.6,49,38.9,0.1758,4.2083,,,0,低,73,0,差0% 抜0%,415,0,61.1,0.6757,0,0.1538,0,0,0.0769,0,0.22,0,,,B,○,,0.1066,0.6005,,0.5233,S,93,0,◎1着固定 2-3着流し（5〜8点）,0.5777,"{'is_target': True, 'verdict': '点数絞り', 'max_combo_prob': 0.0868, 'est_top_odds': 15.4, 'circle_concentration': 72.0, 'eligible_count': 6, 'bet_adj': 0, 'reason': 'rel_win1=56.7%（本命度） / 最有力組み合わせ確率: 0.087（推定実オッズ?15倍） / 2着集中度: 上位2艇 72.0%（補正+0.04） / 総合判定確率: 0.127 / → ヒモはやや固め。上位2艇以外を切ること', 'tenji_trigger': '展示確認: 1号艇伸び良→そのまま採用。悪→飛び組に差し替え。circle_pct上位2艇に絞り込むこと。'}",,,28.5,逃げ狙い,19.51,28.3,3,,,,,,,,,,,
2026-01-19,丸亀,12,3,戸敷晃美,A2,48.10,3,▲,15.5928,39.3,54,63.9,0.1706,3.3194,,,0,低,73,0,差0% ま0%,323,0,56.3,1.329,0,0.0833,0.0833,0,0,0,0.0444,0.1422,,,B,,,0.206,0.589,,0.5233,S,93,0,◎1着固定 2-3着流し（5〜8点）,0.5777,"{'is_target': True, 'verdict': '点数絞り', 'max_combo_prob': 0.0868, 'est_top_odds': 15.4, 'circle_concentration': 72.0, 'eligible_count': 6, 'bet_adj': 0, 'reason': 'rel_win1=56.7%（本命度） / 最有力組み合わせ確率: 0.087（推定実オッズ?15倍） / 2着集中度: 上位2艇 72.0%（補正+0.04） / 総合判定確率: 0.127 / → ヒモはやや固め。上位2艇以外を切ること', 'tenji_trigger': '展示確認: 1号艇伸び良→そのまま採用。悪→飛び組に差し替え。circle_pct上位2艇に絞り込むこと。'}",,,28.5,逃げ狙い,19.51,28.3,3,,,,,,,,,,,
2026-01-19,丸亀,12,4,山本梨菜,A1,41.46,4,△,8.5762,14,100,60,0.1684,3.16,,,0,低,40,0,ま0% 差ま0%,2 56,0,57.6,1.2,0,0,0.1,0.2,0,0.0471,0.0235,0.1328,,,C,△,,0.2688,0.5915,,0.5233,S,93,0,◎1着固定 2-3着流し（5〜8点）,0.5777,"{'is_target': True, 'verdict': '点数絞り', 'max_combo_prob': 0.0868, 'est_top_odds': 15.4, 'circle_concentration': 72.0, 'eligible_count': 6, 'bet_adj': 0, 'reason': 'rel_win1=56.7%（本命度） / 最有力組み合わせ確率: 0.087（推定実オッズ?15倍） / 2着集中度: 上位2艇 72.0%（補正+0.04） / 総合判定確率: 0.127 / → ヒモはやや固め。上位2艇以外を切ること', 'tenji_trigger': '展示確認: 1号艇伸び良→そのまま採用。悪→飛び組に差し替え。circle_pct上位2艇に絞り込むこと。'}",,,28.5,逃げ狙い,19.51,28.3,3,,,,,,,,,,,
2026-01-19,丸亀,12,5,武井莉里,A2,40.66,5,,7.7842,12.1,58,38.7,0.1823,3,,,0,低,82,0,差ま0%,231,0,27.8,1.2474,0,0,0,0.2727,0,0,0.4167,0,,,D,,,0.2425,0.5265,,0.5233,S,93,0,◎1着固定 2-3着流し（5〜8点）,0.5777,"{'is_target': True, 'verdict': '点数絞り', 'max_combo_prob': 0.0868, 'est_top_odds': 15.4, 'circle_concentration': 72.0, 'eligible_count': 6, 'bet_adj': 0, 'reason': 'rel_win1=56.7%（本命度） / 最有力組み合わせ確率: 0.087（推定実オッズ?15倍） / 2着集中度: 上位2艇 72.0%（補正+0.04） / 総合判定確率: 0.127 / → ヒモはやや固め。上位2艇以外を切ること', 'tenji_trigger': '展示確認: 1号艇伸び良→そのまま採用。悪→飛び組に差し替え。circle_pct上位2艇に絞り込むこと。'}",,,28.5,逃げ狙い,19.51,28.3,3,,,,,,,,,,,
2026-01-19,丸亀,12,6,赤井　睦,B1,50.00,6,○,1.6009,1.9,50,20,0.162,2.8667,,,0,低,24,0,-,636,0,39.6,0.9239,,,,,,0.1944,0.0444,0.4333,,,A,△,,0.2775,0.596,,0.5233,S,93,0,◎1着固定 2-3着流し（5〜8点）,0.5777,"{'is_target': True, 'verdict': '点数絞り', 'max_combo_prob': 0.0868, 'est_top_odds': 15.4, 'circle_concentration': 72.0, 'eligible_count': 6, 'bet_adj': 0, 'reason': 'rel_win1=56.7%（本命度） / 最有力組み合わせ確率: 0.087（推定実オッズ?15倍） / 2着集中度: 上位2艇 72.0%（補正+0.04） / 総合判定確率: 0.127 / → ヒモはやや固め。上位2艇以外を切ること', 'tenji_trigger': '展示確認: 1号艇伸び良→そのまま採用。悪→飛び組に差し替え。circle_pct上位2艇に絞り込むこと。'}",,,28.5,逃げ狙い,19.51,28.3,3,,,,,,,,,,,
2026-01-20,丸亀,1,1,西村美智,B2,37.35,1,◎,65.6528,,0,93.8,0.145,2.8438,,,0,低,25,0,逃1%,3 3S1,0,91.7,1.2219,0.5556,,,,,0.1111,0.1111,0.1111,◎⚠️,,C,○,,,0.6285,,0.6813,A,74,0,◎-○軸 3着3〜4艇流し（10〜15点）,0.5777,"{'is_target': True, 'verdict': '参加推奨', 'max_combo_prob': 0.0785, 'est_top_odds': 17.0, 'circle_concentration': 67.1, 'eligible_count': 8, 'bet_adj': 2, 'reason': 'rel_win1=65.7%（本命度） / 最有力組み合わせ確率: 0.079（推定実オッズ?17倍） / 2着集中度: 上位2艇 67.1%（補正+0.00） / 総合判定確率: 0.079 / → ヒモ分散。1号艇1着固定で広めのヒモ流し推奨（買い目+2点）', 'tenji_trigger': '展示確認: ヒモ分散レース。1号艇伸び確認後、広めのヒモ流しを採用。穴ヒモ（5・6号艇）を積極的に含める。'}",,,26.6,逃げ狙い,12.8,28.6,2,3-1-4|3-4-1|3-1-5|3-1-6|3-6-1|3-4-5|3-4-6|3-1-2|1-2-4|1-2-6|1-3-4|1-3-6,3-1-4|3-4-1|3-1-5|3-1-6|3-6-1|3-4-5|3-4-6|3-1-2|1-2-4|1-2-6|1-3-4|1-3-6,3-1-4:1.71%|3-4-1:0.66%|3-1-5:0.63%|3-1-6:0.55%|3-6-1:0.18%|3-4-5:0.07%|3-4-6:0.06%|3-1-2:5.97%|1-2-4:3.62%|1-2-6:3.55%|1-3-4:3.55%|1-3-6:3.48%,3-1-4:B_main|3-4-1:B_main|3-1-5:B_main|3-1-6:B_main|3-6-1:B_main|3-4-5:B_main|3-4-6:B_main|3-1-2:B_sc|1-2-4:A|1-2-6:A|1-3-4:A|1-3-6:A,12,12,0.4535,1,[!]見送り推奨（主役決まり手「まくり差し」― 逃げ劣勢レースで的中実績なし）,主役軸流し,B
2026-01-20,丸亀,1,2,矢野真梨,B1,46.74,2,○,10.4556,35,88,22.2,0.1872,4,,,0,低,41,0,-,5 563,0,52,0.5379,,,,,,0,0.5,0.5,,,A,△,,0.0775,0.6015,,0.6813,A,74,0,◎-○軸 3着3〜4艇流し（10〜15点）,0.5777,"{'is_target': True, 'verdict': '参加推奨', 'max_combo_prob': 0.0785, 'est_top_odds': 17.0, 'circle_concentration': 67.1, 'eligible_count': 8, 'bet_adj': 2, 'reason': 'rel_win1=65.7%（本命度） / 最有力組み合わせ確率: 0.079（推定実オッズ?17倍） / 2着集中度: 上位2艇 67.1%（補正+0.00） / 総合判定確率: 0.079 / → ヒモ分散。1号艇1着固定で広めのヒモ流し推奨（買い目+2点）', 'tenji_trigger': '展示確認: ヒモ分散レース。1号艇伸び確認後、広めのヒモ流しを採用。穴ヒモ（5・6号艇）を積極的に含める。'}",,,26.6,逃げ狙い,12.8,28.6,2,,,,,,,,,,,
2026-01-20,丸亀,1,3,池田浩美,B1,27.08,3,,9.818,32,73,40.7,0.1674,3.7037,,,0,低,68,0,差ま0% 抜0%,226 42,0,36.5,0.8404,0,0,0,0.0625,0.0625,0.375,0,0.125,,,D,△,,0.1761,0.614,,0.6813,A,74,0,◎-○軸 3着3〜4艇流し（10〜15点）,0.5777,"{'is_target': True, 'verdict': '参加推奨', 'max_combo_prob': 0.0785, 'est_top_odds': 17.0, 'circle_concentration': 67.1, 'eligible_count': 8, 'bet_adj': 2, 'reason': 'rel_win1=65.7%（本命度） / 最有力組み合わせ確率: 0.079（推定実オッズ?17倍） / 2着集中度: 上位2艇 67.1%（補正+0.00） / 総合判定確率: 0.079 / → ヒモ分散。1号艇1着固定で広めのヒモ流し推奨（買い目+2点）', 'tenji_trigger': '展示確認: ヒモ分散レース。1号艇伸び確認後、広めのヒモ流しを採用。穴ヒモ（5・6号艇）を積極的に含める。'}",,,26.6,逃げ狙い,12.8,28.6,2,,,,,,,,,,,
2026-01-20,丸亀,1,4,赤松咲香,B2,33.70,4,△,9.493,23,100,37.5,0.1625,3.8125,,,0,低,41,1,-,656 56,0,47.2,0.916,,,,,,,,,,,C,,,0.2447,0.535,,0.6813,A,74,0,◎-○軸 3着3〜4艇流し（10〜15点）,0.5777,"{'is_target': True, 'verdict': '参加推奨', 'max_combo_prob': 0.0785, 'est_top_odds': 17.0, 'circle_concentration': 67.1, 'eligible_count': 8, 'bet_adj': 2, 'reason': 'rel_win1=65.7%（本命度） / 最有力組み合わせ確率: 0.079（推定実オッズ?17倍） / 2着集中度: 上位2艇 67.1%（補正+0.00） / 総合判定確率: 0.079 / → ヒモ分散。1号艇1着固定で広めのヒモ流し推奨（買い目+2点）', 'tenji_trigger': '展示確認: ヒモ分散レース。1号艇伸び確認後、広めのヒモ流しを採用。穴ヒモ（5・6号艇）を積極的に含める。'}",,,26.6,逃げ狙い,12.8,28.6,2,,,,,,,,,,,
2026-01-20,丸亀,1,5,向井田真,B1,23.81,5,,2.6265,5.4,53,10.7,0.1986,4.2143,,,0,低,72,0,-,6 145,0,28.1,0.6619,,,,,,0.2,0.2,0,,,E,,,0.1394,0.5205,,0.6813,A,74,0,◎-○軸 3着3〜4艇流し（10〜15点）,0.5777,"{'is_target': True, 'verdict': '参加推奨', 'max_combo_prob': 0.0785, 'est_top_odds': 17.0, 'circle_concentration': 67.1, 'eligible_count': 8, 'bet_adj': 2, 'reason': 'rel_win1=65.7%（本命度） / 最有力組み合わせ確率: 0.079（推定実オッズ?17倍） / 2着集中度: 上位2艇 67.1%（補正+0.00） / 総合判定確率: 0.079 / → ヒモ分散。1号艇1着固定で広めのヒモ流し推奨（買い目+2点）', 'tenji_trigger': '展示確認: ヒモ分散レース。1号艇伸び確認後、広めのヒモ流しを採用。穴ヒモ（5・6号艇）を積極的に含める。'}",,,26.6,逃げ狙い,12.8,28.6,2,,,,,,,,,,,
2026-01-20,丸亀,1,6,池　千夏,B1,42.53,6,▲,1.9542,4.5,67,25,0.1688,4.0625,,,0,低,8,1,-,4 224,0,22.6,1.0467,,,,,,0,0.3714,0.3143,,,B,◎,,0.2343,0.7065,,0.6813,A,74,0,◎-○軸 3着3〜4艇流し（10〜15点）,0.5777,"{'is_target': True, 'verdict': '参加推奨', 'max_combo_prob': 0.0785, 'est_top_odds': 17.0, 'circle_concentration': 67.1, 'eligible_count': 8, 'bet_adj': 2, 'reason': 'rel_win1=65.7%（本命度） / 最有力組み合わせ確率: 0.079（推定実オッズ?17倍） / 2着集中度: 上位2艇 67.1%（補正+0.00） / 総合判定確率: 0.079 / → ヒモ分散。1号艇1着固定で広めのヒモ流し推奨（買い目+2点）', 'tenji_trigger': '展示確認: ヒモ分散レース。1号艇伸び確認後、広めのヒモ流しを採用。穴ヒモ（5・6号艇）を積極的に含める。'}",,,26.6,逃げ狙い,12.8,28.6,2,,,,,,,,,,,
2026-01-20,丸亀,2,1,坂咲友理,B1,47.67,1,◎,56.4929,,0,54.5,0.2818,4.9545,,,0,低,45,1,-,5 346,0,38.9,0.781,,,,,,0.125,0.625,0.125,,,A,△,,,0.574,,0.0048,B,46,0,◎○△フォーメーション（15〜20点）,0.5777,"{'is_target': True, 'verdict': '参加推奨', 'max_combo_prob': 0.0752, 'est_top_odds': 17.7, 'circle_concentration': 77.1, 'eligible_count': 9, 'bet_adj': 2, 'reason': 'rel_win1=56.5%（本命度） / 最有力組み合わせ確率: 0.075（推定実オッズ?18倍） / 2着集中度: 上位2艇 77.1%（補正+0.04） / 総合判定確率: 0.115 / → ヒモ分散。1号艇1着固定で広めのヒモ流し推奨（買い目+2点）', 'tenji_trigger': '展示確認: ヒモ分散レース。1号艇伸び確認後、広めのヒモ流しを採用。穴ヒモ（5・6号艇）を積極的に含める。\n展示で1号艇スタート遅め(0.282秒)確認→ヒモが荒れやすい'}",,,36.9,両建て推奨,11.89,44.6,3,2-1-3|2-1-4|2-3-1|2-1-6|2-3-4|2-6-1|2-6-3|1-2-3|1-2-5,2-1-3|2-1-4|2-3-1|2-1-6|2-3-4|2-6-1|2-6-3|6-1-3|1-2-3|5-1-6|5-1-3|1-2-5,2-1-3:4.12%|2-1-4:1.41%|2-3-1:1.22%|2-1-6:0.58%|2-3-4:0.35%|2-6-1:0.22%|2-6-3:0.18%|1-2-3:5.49%|1-2-5:4.27%,2-1-3:B_main|2-1-4:B_main|2-3-1:B_main|2-1-6:B_main|2-3-4:B_main|2-6-1:B_main|2-6-3:B_main|1-2-3:A|1-2-5:A,9,12,0.2915,1,[!]見送り推奨（主役決まり手「差し」― 逃げ劣勢レースで的中実績なし）,主役軸流し,B
2026-01-20,丸亀,2,2,喜多那由,B1,27.08,2,,8.5732,42.4,100,52.5,0.1865,4.0625,,,0,低,95,0,差0%,4 643,0,29.8,0.865,0,0.0588,0,0,0,0.2643,0.0857,0.4143,,◎,E,○,,0.5621,0.6495,,0.0048,B,46,0,◎○△フォーメーション（15〜20点）,0.5777,"{'is_target': True, 'verdict': '参加推奨', 'max_combo_prob': 0.0752, 'est_top_odds': 17.7, 'circle_concentration': 77.1, 'eligible_count': 9, 'bet_adj': 2, 'reason': 'rel_win1=56.5%（本命度） / 最有力組み合わせ確率: 0.075（推定実オッズ?18倍） / 2着集中度: 上位2艇 77.1%（補正+0.04） / 総合判定確率: 0.115 / → ヒモ分散。1号艇1着固定で広めのヒモ流し推奨（買い目+2点）', 'tenji_trigger': '展示確認: ヒモ分散レース。1号艇伸び確認後、広めのヒモ流しを採用。穴ヒモ（5・6号艇）を積極的に含める。\n展示で1号艇スタート遅め(0.282秒)確認→ヒモが荒れやすい'}",,,36.9,両建て推奨,11.89,44.6,3,,,,,,,,,,,
2026-01-20,丸亀,2,3,松尾夏海,A1,45.65,3,○,20.4979,34.8,75,51.8,0.1526,2.9444,,,0,低,45,0,-,521 61,0,100,2.7198,0,0,0.0909,0,0,,,,,,B,◎,,0.4721,0.684,,0.0048,B,46,0,◎○△フォーメーション（15〜20点）,0.5777,"{'is_target': True, 'verdict': '参加推奨', 'max_combo_prob': 0.0752, 'est_top_odds': 17.7, 'circle_concentration': 77.1, 'eligible_count': 9, 'bet_adj': 2, 'reason': 'rel_win1=56.5%（本命度） / 最有力組み合わせ確率: 0.075（推定実オッズ?18倍） / 2着集中度: 上位2艇 77.1%（補正+0.04） / 総合判定確率: 0.115 / → ヒモ分散。1号艇1着固定で広めのヒモ流し推奨（買い目+2点）', 'tenji_trigger': '展示確認: ヒモ分散レース。1号艇伸び確認後、広めのヒモ流しを採用。穴ヒモ（5・6号艇）を積極的に含める。\n展示で1号艇スタート遅め(0.282秒)確認→ヒモが荒れやすい'}",,,36.9,両建て推奨,11.89,44.6,3,,,,,,,,,,,
2026-01-20,丸亀,2,4,水口由紀,B1,41.18,4,▲,5.7625,9.6,67,25,0.175,3.8472,,,0,低,92,0,-,2 522,0,21.6,0.5898,,,,,,0.24,0.08,0.08,,○,C,,,0.4869,0.568,,0.0048,B,46,0,◎○△フォーメーション（15〜20点）,0.5777,"{'is_target': True, 'verdict': '参加推奨', 'max_combo_prob': 0.0752, 'est_top_odds': 17.7, 'circle_concentration': 77.1, 'eligible_count': 9, 'bet_adj': 2, 'reason': 'rel_win1=56.5%（本命度） / 最有力組み合わせ確率: 0.075（推定実オッズ?18倍） / 2着集中度: 上位2艇 77.1%（補正+0.04） / 総合判定確率: 0.115 / → ヒモ分散。1号艇1着固定で広めのヒモ流し推奨（買い目+2点）', 'tenji_trigger': '展示確認: ヒモ分散レース。1号艇伸び確認後、広めのヒモ流しを採用。穴ヒモ（5・6号艇）を積極的に含める。\n展示で1号艇スタート遅め(0.282秒)確認→ヒモが荒れやすい'}",,,36.9,両建て推奨,11.89,44.6,3,,,,,,,,,,,
2026-01-20,丸亀,2,5,大橋由珠,B2,35.71,5,,7.2508,11.5,83,0,0.18,2.875,,,0,低,12,1,-,6 431,0,32.6,0.7545,,,,,,0,0.7143,0,,△,D,,,0.485,0.5495,,0.0048,B,46,0,◎○△フォーメーション（15〜20点）,0.5777,"{'is_target': True, 'verdict': '参加推奨', 'max_combo_prob': 0.0752, 'est_top_odds': 17.7, 'circle_concentration': 77.1, 'eligible_count': 9, 'bet_adj': 2, 'reason': 'rel_win1=56.5%（本命度） / 最有力組み合わせ確率: 0.075（推定実オッズ?18倍） / 2着集中度: 上位2艇 77.1%（補正+0.04） / 総合判定確率: 0.115 / → ヒモ分散。1号艇1着固定で広めのヒモ流し推奨（買い目+2点）', 'tenji_trigger': '展示確認: ヒモ分散レース。1号艇伸び確認後、広めのヒモ流しを採用。穴ヒモ（5・6号艇）を積極的に含める。\n展示で1号艇スタート遅め(0.282秒)確認→ヒモが荒れやすい'}",,,36.9,両建て推奨,11.89,44.6,3,,,,,,,,,,,
2026-01-20,丸亀,2,6,来田衣織,B1,46.91,6,△,1.4228,1.8,39,7.1,0.1979,3.6964,,,0,低,96,0,-,1 155,0,29.6,0.7622,,,,,,0,0.4,0,,△,B,△,,0.485,0.585,,0.0048,B,46,0,◎○△フォーメーション（15〜20点）,0.5777,"{'is_target': True, 'verdict': '参加推奨', 'max_combo_prob': 0.0752, 'est_top_odds': 17.7, 'circle_concentration': 77.1, 'eligible_count': 9, 'bet_adj': 2, 'reason': 'rel_win1=56.5%（本命度） / 最有力組み合わせ確率: 0.075（推定実オッズ?18倍） / 2着集中度: 上位2艇 77.1%（補正+0.04） / 総合判定確率: 0.115 / → ヒモ分散。1号艇1着固定で広めのヒモ流し推奨（買い目+2点）', 'tenji_trigger': '展示確認: ヒモ分散レース。1号艇伸び確認後、広めのヒモ流しを採用。穴ヒモ（5・6号艇）を積極的に含める。\n展示で1号艇スタート遅め(0.282秒)確認→ヒモが荒れやすい'}",,,36.9,両建て推奨,11.89,44.6,3,,,,,,,,,,,
2026-01-20,丸亀,3,1,福山恵里,B1,29.55,1,◎,49.8284,,0,53.8,0.18,2.2308,,,0,低,42,1,逃0%,563 66,0,45.7,0.7479,0.5,,,,,0.19,0.46,0,○⚠️,,D,,,,0.498,,0.412,C,38,0,荒れ傾向。高配当狙いか見送り,0.5777,"{'is_target': True, 'verdict': '参加推奨', 'max_combo_prob': 0.0725, 'est_top_odds': 18.4, 'circle_concentration': 72.0, 'eligible_count': 6, 'bet_adj': 2, 'reason': 'rel_win1=49.8%（本命度） / 最有力組み合わせ確率: 0.072（推定実オッズ?18倍） / 2着集中度: 上位2艇 72.0%（補正+0.04） / 総合判定確率: 0.112 / → ヒモ分散。1号艇1着固定で広めのヒモ流し推奨（買い目+2点）', 'tenji_trigger': '展示確認: ヒモ分散レース。1号艇伸び確認後、広めのヒモ流しを採用。穴ヒモ（5・6号艇）を積極的に含める。'}",,,32.3,両建て推奨,18.2,40.2,2,2-1-3|2-1-5|2-1-4|2-3-1|2-5-1|2-5-3|2-3-5|1-2-5|1-2-3|1-3-2|1-3-5|1-5-2,2-1-3|2-1-5|2-1-4|2-3-1|2-5-1|2-5-3|2-3-5|1-2-5|1-2-3|1-3-2|1-3-5|1-5-2,2-1-3:2.24%|2-1-5:1.86%|2-1-4:1.74%|2-3-1:0.71%|2-5-1:0.63%|2-5-3:0.27%|2-3-5:0.25%|1-2-5:7.55%|1-2-3:6.99%|1-3-2:6.19%|1-3-5:5.29%|1-5-2:4.09%,2-1-3:B_main|2-1-5:B_main|2-1-4:B_main|2-3-1:B_main|2-5-1:B_main|2-5-3:B_main|2-3-5:B_main|1-2-5:A|1-2-3:A|1-3-2:A|1-3-5:A|1-5-2:A,12,12,0.4535,1,[!]見送り推奨（主役決まり手「差し」― 逃げ劣勢レースで的中実績なし）,主役軸流し,B
2026-01-20,丸亀,3,2,山本梨菜,A1,41.46,2,○,23.357,44.9,100,79.2,0.1446,3.1667,,,0,低,40,0,差0% ま0%,2 5611,0,83.1,1.3728,0,0.0909,0.0909,0,0,0.0471,0.0235,0.1328,,◎,B,△,,0.5714,0.5915,,0.412,C,38,0,荒れ傾向。高配当狙いか見送り,0.5777,"{'is_target': True, 'verdict': '参加推奨', 'max_combo_prob': 0.0725, 'est_top_odds': 18.4, 'circle_concentration': 72.0, 'eligible_count': 6, 'bet_adj': 2, 'reason': 'rel_win1=49.8%（本命度） / 最有力組み合わせ確率: 0.072（推定実オッズ?18倍） / 2着集中度: 上位2艇 72.0%（補正+0.04） / 総合判定確率: 0.112 / → ヒモ分散。1号艇1着固定で広めのヒモ流し推奨（買い目+2点）', 'tenji_trigger': '展示確認: ヒモ分散レース。1号艇伸び確認後、広めのヒモ流しを採用。穴ヒモ（5・6号艇）を積極的に含める。'}",,,32.3,両建て推奨,18.2,40.2,2,,,,,,,,,,,
2026-01-20,丸亀,3,3,池田奈津,B1,30.84,3,▲,9.8883,27.1,64,32.3,0.1352,2.5,,,0,低,23,0,ま0%,5 343,0,22.8,0.7188,0,0,0.0833,0,0,0.28,0.28,0,,○,D,◎,,0.4685,0.6705,,0.412,C,38,0,荒れ傾向。高配当狙いか見送り,0.5777,"{'is_target': True, 'verdict': '参加推奨', 'max_combo_prob': 0.0725, 'est_top_odds': 18.4, 'circle_concentration': 72.0, 'eligible_count': 6, 'bet_adj': 2, 'reason': 'rel_win1=49.8%（本命度） / 最有力組み合わせ確率: 0.072（推定実オッズ?18倍） / 2着集中度: 上位2艇 72.0%（補正+0.04） / 総合判定確率: 0.112 / → ヒモ分散。1号艇1着固定で広めのヒモ流し推奨（買い目+2点）', 'tenji_trigger': '展示確認: ヒモ分散レース。1号艇伸び確認後、広めのヒモ流しを採用。穴ヒモ（5・6号艇）を積極的に含める。'}",,,32.3,両建て推奨,18.2,40.2,2,,,,,,,,,,,
2026-01-20,丸亀,3,4,三嶌さら,B1,37.08,4,,7.0006,9.4,68,24.2,0.1927,4.2424,,,0,低,82,0,差0%,1 142,0,32.2,0.8149,0,0.0455,0,0,0,0,0.25,0,,,C,,,0.2328,0.576,,0.412,C,38,0,荒れ傾向。高配当狙いか見送り,0.5777,"{'is_target': True, 'verdict': '参加推奨', 'max_combo_prob': 0.0725, 'est_top_odds': 18.4, 'circle_concentration': 72.0, 'eligible_count': 6, 'bet_adj': 2, 'reason': 'rel_win1=49.8%（本命度） / 最有力組み合わせ確率: 0.072（推定実オッズ?18倍） / 2着集中度: 上位2艇 72.0%（補正+0.04） / 総合判定確率: 0.112 / → ヒモ分散。1号艇1着固定で広めのヒモ流し推奨（買い目+2点）', 'tenji_trigger': '展示確認: ヒモ分散レース。1号艇伸び確認後、広めのヒモ流しを採用。穴ヒモ（5・6号艇）を積極的に含める。'}",,,32.3,両建て推奨,18.2,40.2,2,,,,,,,,,,,
2026-01-20,丸亀,3,5,原加央理,B1,32.63,5,△,8.6403,16.2,81,38.7,0.16,3.0161,,,0,低,57,0,-,4 522,0,70.7,1.2,,,,,,0.1875,0.3125,0.125,,,D,△,,0.3774,0.6085,,0.412,C,38,0,荒れ傾向。高配当狙いか見送り,0.5777,"{'is_target': True, 'verdict': '参加推奨', 'max_combo_prob': 0.0725, 'est_top_odds': 18.4, 'circle_concentration': 72.0, 'eligible_count': 6, 'bet_adj': 2, 'reason': 'rel_win1=49.8%（本命度） / 最有力組み合わせ確率: 0.072（推定実オッズ?18倍） / 2着集中度: 上位2艇 72.0%（補正+0.04） / 総合判定確率: 0.112 / → ヒモ分散。1号艇1着固定で広めのヒモ流し推奨（買い目+2点）', 'tenji_trigger': '展示確認: ヒモ分散レース。1号艇伸び確認後、広めのヒモ流しを採用。穴ヒモ（5・6号艇）を積極的に含める。'}",,,32.3,両建て推奨,18.2,40.2,2,,,,,,,,,,,
2026-01-20,丸亀,3,6,渡辺千草,B1,40.00,6,,1.2854,2.4,37,14.3,0.19,4.2143,,,0,低,79,0,-,444 14,0,29.6,0.7622,,,,,,0.3,0.3,0.3,,,B,○,,0.2782,0.622,,0.412,C,38,0,荒れ傾向。高配当狙いか見送り,0.5777,"{'is_target': True, 'verdict': '参加推奨', 'max_combo_prob': 0.0725, 'est_top_odds': 18.4, 'circle_concentration': 72.0, 'eligible_count': 6, 'bet_adj': 2, 'reason': 'rel_win1=49.8%（本命度） / 最有力組み合わせ確率: 0.072（推定実オッズ?18倍） / 2着集中度: 上位2艇 72.0%（補正+0.04） / 総合判定確率: 0.112 / → ヒモ分散。1号艇1着固定で広めのヒモ流し推奨（買い目+2点）', 'tenji_trigger': '展示確認: ヒモ分散レース。1号艇伸び確認後、広めのヒモ流しを採用。穴ヒモ（5・6号艇）を積極的に含める。'}",,,32.3,両建て推奨,18.2,40.2,2,,,,,,,,,,,
2026-01-20,丸亀,4,1,赤井　睦,B1,50.00,1,◎,53.684,,0,75,0.1469,2.6562,,,0,低,24,0,逃0%,636 54,0,69.5,0.9816,0.3333,,,,,0.1944,0.0444,0.4333,◎⚠️,,A,△,,,0.596,,0.517,A,71,0,◎-○軸 3着3〜4艇流し（10〜15点）,0.5777,"{'is_target': True, 'verdict': '参加推奨', 'max_combo_prob': 0.0698, 'est_top_odds': 19.1, 'circle_concentration': 68.8, 'eligible_count': 8, 'bet_adj': 2, 'reason': 'rel_win1=53.7%（本命度） / 最有力組み合わせ確率: 0.070（推定実オッズ?19倍） / 2着集中度: 上位2艇 68.8%（補正+0.00） / 総合判定確率: 0.070 / → ヒモ分散。1号艇1着固定で広めのヒモ流し推奨（買い目+2点）', 'tenji_trigger': '展示確認: ヒモ分散レース。1号艇伸び確認後、広めのヒモ流しを採用。穴ヒモ（5・6号艇）を積極的に含める。'}",,,29.2,逃げ狙い,15.45,33.8,3,3-5-4|3-4-5|3-4-6|3-2-4|3-4-2|3-5-6|3-5-2|1-3-4|1-3-2|1-2-4|1-4-3|1-2-3,3-5-4|3-4-5|3-4-6|3-2-4|3-4-2|3-5-6|3-5-2|1-3-4|1-3-2|1-2-4|1-4-3|1-2-3,3-5-4:1.91%|3-4-5:1.54%|3-4-6:1.39%|3-2-4:0.73%|3-4-2:0.68%|3-5-6:0.66%|3-5-2:0.32%|1-3-4:6.43%|1-3-2:4.77%|1-2-4:4.24%|1-4-3:3.6%|1-2-3:3.5%,3-5-4:B_main|3-4-5:B_main|3-4-6:B_main|3-2-4:B_main|3-4-2:B_main|3-5-6:B_main|3-5-2:B_main|1-3-4:A|1-3-2:A|1-2-4:A|1-4-3:A|1-2-3:A,12,12,0.4535,1,[!]見送り推奨（主役決まり手「まくり」― 逃げ劣勢レースで的中実績なし）,主役軸流し,B
2026-01-20,丸亀,4,2,佐藤ほの,B1,30.69,2,,10.7909,27.7,87,38.2,0.1844,3.6765,,,0,低,65,0,差0% ま0%,6 256,0,91.7,0.666,0,0.1053,0.0526,0,0,0.3333,0.4444,0.1111,,,E,,,0.0717,0.5605,,0.517,A,71,0,◎-○軸 3着3〜4艇流し（10〜15点）,0.5777,"{'is_target': True, 'verdict': '参加推奨', 'max_combo_prob': 0.0698, 'est_top_odds': 19.1, 'circle_concentration': 68.8, 'eligible_count': 8, 'bet_adj': 2, 'reason': 'rel_win1=53.7%（本命度） / 最有力組み合わせ確率: 0.070（推定実オッズ?19倍） / 2着集中度: 上位2艇 68.8%（補正+0.00） / 総合判定確率: 0.070 / → ヒモ分散。1号艇1着固定で広めのヒモ流し推奨（買い目+2点）', 'tenji_trigger': '展示確認: ヒモ分散レース。1号艇伸び確認後、広めのヒモ流しを採用。穴ヒモ（5・6号艇）を積極的に含める。'}",,,29.2,逃げ狙い,15.45,33.8,3,,,,,,,,,,,
2026-01-20,丸亀,4,3,米丸乃絵,A1,37.50,3,○,18.0941,41.1,94,75,0.1471,3.4464,,,0,低,62,0,差0% ま0%,241 23,0,74,1.5308,0,0.1429,0.1429,0,0,0,0,0,,,C,,,0.3143,0.5575,,0.517,A,71,0,◎-○軸 3着3〜4艇流し（10〜15点）,0.5777,"{'is_target': True, 'verdict': '参加推奨', 'max_combo_prob': 0.0698, 'est_top_odds': 19.1, 'circle_concentration': 68.8, 'eligible_count': 8, 'bet_adj': 2, 'reason': 'rel_win1=53.7%（本命度） / 最有力組み合わせ確率: 0.070（推定実オッズ?19倍） / 2着集中度: 上位2艇 68.8%（補正+0.00） / 総合判定確率: 0.070 / → ヒモ分散。1号艇1着固定で広めのヒモ流し推奨（買い目+2点）', 'tenji_trigger': '展示確認: ヒモ分散レース。1号艇伸び確認後、広めのヒモ流しを採用。穴ヒモ（5・6号艇）を積極的に含める。'}",,,29.2,逃げ狙い,15.45,33.8,3,,,,,,,,,,,
2026-01-20,丸亀,4,4,山田理央,A2,39.56,4,▲,11.6613,24.1,100,53.8,0.1582,3.1923,,,0,低,62,0,-,15113,0,60.9,1.1819,0,0.0625,0.0625,0.0625,0,0.0444,0.1444,0.0222,,,B,○,◎,0.2505,0.6,0.4079,0.517,A,71,0,◎-○軸 3着3〜4艇流し（10〜15点）,0.5777,"{'is_target': True, 'verdict': '参加推奨', 'max_combo_prob': 0.0698, 'est_top_odds': 19.1, 'circle_concentration': 68.8, 'eligible_count': 8, 'bet_adj': 2, 'reason': 'rel_win1=53.7%（本命度） / 最有力組み合わせ確率: 0.070（推定実オッズ?19倍） / 2着集中度: 上位2艇 68.8%（補正+0.00） / 総合判定確率: 0.070 / → ヒモ分散。1号艇1着固定で広めのヒモ流し推奨（買い目+2点）', 'tenji_trigger': '展示確認: ヒモ分散レース。1号艇伸び確認後、広めのヒモ流しを採用。穴ヒモ（5・6号艇）を積極的に含める。'}",,,29.2,逃げ狙い,15.45,33.8,3,,,,,,,,,,,
2026-01-20,丸亀,4,5,中北　涼,B1,37.00,5,△,4.5797,5.5,76,15,0.149,3.025,,,0,低,39,0,-,344 46,0,31.6,0.6869,,,,,,0.3333,0.4444,0,,,C,◎,,0.3052,0.612,,0.517,A,71,0,◎-○軸 3着3〜4艇流し（10〜15点）,0.5777,"{'is_target': True, 'verdict': '参加推奨', 'max_combo_prob': 0.0698, 'est_top_odds': 19.1, 'circle_concentration': 68.8, 'eligible_count': 8, 'bet_adj': 2, 'reason': 'rel_win1=53.7%（本命度） / 最有力組み合わせ確率: 0.070（推定実オッズ?19倍） / 2着集中度: 上位2艇 68.8%（補正+0.00） / 総合判定確率: 0.070 / → ヒモ分散。1号艇1着固定で広めのヒモ流し推奨（買い目+2点）', 'tenji_trigger': '展示確認: ヒモ分散レース。1号艇伸び確認後、広めのヒモ流しを採用。穴ヒモ（5・6号艇）を積極的に含める。'}",,,29.2,逃げ狙い,15.45,33.8,3,,,,,,,,,,,
2026-01-20,丸亀,4,6,谷口佳蓮,B1,35.16,6,,1.19,1.6,53,8.7,0.22,4.5435,,,0,低,45,0,-,243 1S,0,29,2.0131,,,,,,0.1091,0,0.2727,,,D,△,,0.135,0.5715,,0.517,A,71,0,◎-○軸 3着3〜4艇流し（10〜15点）,0.5777,"{'is_target': True, 'verdict': '参加推奨', 'max_combo_prob': 0.0698, 'est_top_odds': 19.1, 'circle_concentration': 68.8, 'eligible_count': 8, 'bet_adj': 2, 'reason': 'rel_win1=53.7%（本命度） / 最有力組み合わせ確率: 0.070（推定実オッズ?19倍） / 2着集中度: 上位2艇 68.8%（補正+0.00） / 総合判定確率: 0.070 / → ヒモ分散。1号艇1着固定で広めのヒモ流し推奨（買い目+2点）', 'tenji_trigger': '展示確認: ヒモ分散レース。1号艇伸び確認後、広めのヒモ流しを採用。穴ヒモ（5・6号艇）を積極的に含める。'}",,,29.2,逃げ狙い,15.45,33.8,3,,,,,,,,,,,
2026-01-20,丸亀,5,1,菅野はや,B2,36.59,1,○,41.8372,,0,40,0.218,4.175,,,0,低,78,0,逃0%,364 35,0,33,0.5747,0.25,,,,,0.125,0.125,0.125,,,D,,,,0.5285,,0.1149,D,29,1,大荒れ。見送り推奨,0.5777,"{'is_target': False, 'verdict': '対象外', 'max_combo_prob': None, 'est_top_odds': None, 'circle_concentration': None, 'eligible_count': 0, 'bet_adj': 0, 'reason': '1号艇rel_win1 < 45%: 通常判定に委ねる', 'tenji_trigger': ''}",,,34.9,両建て推奨,17.97,33.5,3,2-1-3|2-1-4|2-1-5|2-3-1|2-5-1|2-3-4|2-5-3|1-2-5|1-2-4|1-3-5|1-3-2,2-1-3|2-1-4|2-1-5|2-3-1|2-5-1|2-3-4|2-5-3|1-2-5|1-2-4|6-1-4|1-3-5|1-3-2,2-1-3:2.68%|2-1-4:2.52%|2-1-5:1.91%|2-3-1:0.81%|2-5-1:0.6%|2-3-4:0.58%|2-5-3:0.46%|1-2-5:4.49%|1-2-4:4.27%|1-3-5:4.07%|1-3-2:4.05%,2-1-3:B_main|2-1-4:B_main|2-1-5:B_main|2-3-1:B_main|2-5-1:B_main|2-3-4:B_main|2-5-3:B_main|1-2-5:A|1-2-4:A|1-3-5:A|1-3-2:A,11,12,0.2915,1,[!]見送り推奨（主役決まり手「差し」― 逃げ劣勢レースで的中実績なし）,主役軸流し,B
2026-01-20,丸亀,5,2,佐々木裕,B1,40.00,2,△,11.534,29.6,100,47.1,0.1659,3.3382,,,0,低,50,0,差0%,4 654,0,41,0.7898,0,0.0625,0,0,0,0.4533,0.3067,0.08,,◎,C,◎,,0.563,0.656,,0.1149,D,29,1,大荒れ。見送り推奨,0.5777,"{'is_target': False, 'verdict': '対象外', 'max_combo_prob': None, 'est_top_odds': None, 'circle_concentration': None, 'eligible_count': 0, 'bet_adj': 0, 'reason': '1号艇rel_win1 < 45%: 通常判定に委ねる', 'tenji_trigger': ''}",,,34.9,両建て推奨,17.97,33.5,3,,,,,,,,,,,
2026-01-20,丸亀,5,3,中谷朋子,B1,28.89,3,,14.8388,32.4,72,44.4,0.19,3.8889,,,0,低,24,1,差ま0%,163 42,0,46.6,1.0277,0,0,0,0.1667,0,0,0.3333,0.1667,,△,E,△,,0.4608,0.5805,,0.1149,D,29,1,大荒れ。見送り推奨,0.5777,"{'is_target': False, 'verdict': '対象外', 'max_combo_prob': None, 'est_top_odds': None, 'circle_concentration': None, 'eligible_count': 0, 'bet_adj': 0, 'reason': '1号艇rel_win1 < 45%: 通常判定に委ねる', 'tenji_trigger': ''}",,,34.9,両建て推奨,17.97,33.5,3,,,,,,,,,,,
2026-01-20,丸亀,5,4,湯淺紀香,A2,46.43,4,▲,17.7974,29.4,71,51.7,0.1772,3.7414,,,0,低,73,0,ま0%,415 15,0,82.8,1.4262,0,0,0.0667,0,0,0,0.22,0,,,B,△,,0.449,0.6005,,0.1149,D,29,1,大荒れ。見送り推奨,0.5777,"{'is_target': False, 'verdict': '対象外', 'max_combo_prob': None, 'est_top_odds': None, 'circle_concentration': None, 'eligible_count': 0, 'bet_adj': 0, 'reason': '1号艇rel_win1 < 45%: 通常判定に委ねる', 'tenji_trigger': ''}",,,34.9,両建て推奨,17.97,33.5,3,,,,,,,,,,,
2026-01-20,丸亀,5,5,井上遥妃,A1,53.09,5,◎,12.79,8.1,63,42.3,0.1419,2.5385,,,0,低,34,0,差ま0%,21311,0,85.6,1.4467,0,0,0,0.2857,0,0,0.1944,0.2389,,○,A,○,,0.5188,0.634,,0.1149,D,29,1,大荒れ。見送り推奨,0.5777,"{'is_target': False, 'verdict': '対象外', 'max_combo_prob': None, 'est_top_odds': None, 'circle_concentration': None, 'eligible_count': 0, 'bet_adj': 0, 'reason': '1号艇rel_win1 < 45%: 通常判定に委ねる', 'tenji_trigger': ''}",,,34.9,両建て推奨,17.97,33.5,3,,,,,,,,,,,
2026-01-20,丸亀,5,6,三嶌ここ,B1,38.89,6,,1.2026,0.4,19,3.1,0.2364,5.2344,,,0,低,114,0,-,532 55,0,25.1,0.5461,,,,,,0.0571,0.0571,0.3143,,,C,,,0.2475,0.553,,0.1149,D,29,1,大荒れ。見送り推奨,0.5777,"{'is_target': False, 'verdict': '対象外', 'max_combo_prob': None, 'est_top_odds': None, 'circle_concentration': None, 'eligible_count': 0, 'bet_adj': 0, 'reason': '1号艇rel_win1 < 45%: 通常判定に委ねる', 'tenji_trigger': ''}",,,34.9,両建て推奨,17.97,33.5,3,,,,,,,,,,,
2026-01-20,丸亀,6,1,岩崎芳美,A2,34.78,1,◎,57.6761,,0,89.5,0.1263,2.6316,,,0,低,23,0,逃0%,1 5522,0,82.9,1.1468,0.4167,,,,,0.0833,0.25,0.25,◎⚠️,,C,◎,,,0.6485,,0.5819,S,80,0,◎1着固定 2-3着流し（5〜8点）,0.5777,"{'is_target': True, 'verdict': '参加推奨', 'max_combo_prob': 0.0669, 'est_top_odds': 19.9, 'circle_concentration': 63.8, 'eligible_count': 6, 'bet_adj': 2, 'reason': 'rel_win1=57.7%（本命度） / 最有力組み合わせ確率: 0.067（推定実オッズ?20倍） / 2着集中度: 上位2艇 63.8%（補正+0.00） / 総合判定確率: 0.067 / → ヒモ分散。1号艇1着固定で広めのヒモ流し推奨（買い目+2点）', 'tenji_trigger': '展示確認: ヒモ分散レース。1号艇伸び確認後、広めのヒモ流しを採用。穴ヒモ（5・6号艇）を積極的に含める。\n展示で1号艇スタート超安定(0.126秒)→ヒモ固まり方向に注意'}",,,28.2,逃げ狙い,14.71,31.4,2,2-3-5|2-3-4|2-4-5|2-3-6|2-5-3|2-5-4|2-4-3|2-1-5|1-2-5|1-3-5|1-2-3,2-3-5|2-3-4|2-4-5|2-3-6|2-5-3|2-5-4|2-4-3|2-1-5|1-2-5|4-1-5|1-3-5|1-2-3,2-3-5:1.01%|2-3-4:0.47%|2-4-5:0.45%|2-3-6:0.38%|2-5-3:0.32%|2-5-4:0.26%|2-4-3:0.26%|2-1-5:8.85%|1-2-5:4.58%|1-3-5:4.02%|1-2-3:3.76%,2-3-5:B_main|2-3-4:B_main|2-4-5:B_main|2-3-6:B_main|2-5-3:B_main|2-5-4:B_main|2-4-3:B_main|2-1-5:B_sc|1-2-5:A|1-3-5:A|1-2-3:A,11,12,0.4535,1,[!]見送り推奨（主役決まり手「まくり」― 逃げ劣勢レースで的中実績なし）,主役軸流し,B
2026-01-20,丸亀,6,2,向井田真,B1,23.81,2,,9.2457,38.5,82,53.1,0.1616,3.3906,,,0,低,72,0,ま0%,6 145,0,38.3,0.8733,0,0,0.25,0,0,0.2,0.2,0,,,E,,,0.0887,0.5205,,0.5819,S,80,0,◎1着固定 2-3着流し（5〜8点）,0.5777,"{'is_target': True, 'verdict': '参加推奨', 'max_combo_prob': 0.0669, 'est_top_odds': 19.9, 'circle_concentration': 63.8, 'eligible_count': 6, 'bet_adj': 2, 'reason': 'rel_win1=57.7%（本命度） / 最有力組み合わせ確率: 0.067（推定実オッズ?20倍） / 2着集中度: 上位2艇 63.8%（補正+0.00） / 総合判定確率: 0.067 / → ヒモ分散。1号艇1着固定で広めのヒモ流し推奨（買い目+2点）', 'tenji_trigger': '展示確認: ヒモ分散レース。1号艇伸び確認後、広めのヒモ流しを採用。穴ヒモ（5・6号艇）を積極的に含める。\n展示で1号艇スタート超安定(0.126秒)→ヒモ固まり方向に注意'}",,,28.2,逃げ狙い,14.71,31.4,2,,,,,,,,,,,
2026-01-20,丸亀,6,3,山川美由,A2,55.56,3,○,12.4331,25.3,88,25,0.1367,3.375,,,0,低,16,1,-,1 432,0,34.8,0.7479,,,,,,0,0,0.3333,,,A,△,,0.2561,0.584,,0.5819,S,80,0,◎1着固定 2-3着流し（5〜8点）,0.5777,"{'is_target': True, 'verdict': '参加推奨', 'max_combo_prob': 0.0669, 'est_top_odds': 19.9, 'circle_concentration': 63.8, 'eligible_count': 6, 'bet_adj': 2, 'reason': 'rel_win1=57.7%（本命度） / 最有力組み合わせ確率: 0.067（推定実オッズ?20倍） / 2着集中度: 上位2艇 63.8%（補正+0.00） / 総合判定確率: 0.067 / → ヒモ分散。1号艇1着固定で広めのヒモ流し推奨（買い目+2点）', 'tenji_trigger': '展示確認: ヒモ分散レース。1号艇伸び確認後、広めのヒモ流しを採用。穴ヒモ（5・6号艇）を積極的に含める。\n展示で1号艇スタート超安定(0.126秒)→ヒモ固まり方向に注意'}",,,28.2,逃げ狙い,14.71,31.4,2,,,,,,,,,,,
2026-01-20,丸亀,6,4,大橋由珠,B2,35.71,4,△,8.0219,17.1,100,28.6,0.2171,4.3571,,,0,低,12,1,-,6 431,0,19.4,0.7402,,,,,,0,0.7143,0,,,C,,,0.135,0.5495,,0.5819,S,80,0,◎1着固定 2-3着流し（5〜8点）,0.5777,"{'is_target': True, 'verdict': '参加推奨', 'max_combo_prob': 0.0669, 'est_top_odds': 19.9, 'circle_concentration': 63.8, 'eligible_count': 6, 'bet_adj': 2, 'reason': 'rel_win1=57.7%（本命度） / 最有力組み合わせ確率: 0.067（推定実オッズ?20倍） / 2着集中度: 上位2艇 63.8%（補正+0.00） / 総合判定確率: 0.067 / → ヒモ分散。1号艇1着固定で広めのヒモ流し推奨（買い目+2点）', 'tenji_trigger': '展示確認: ヒモ分散レース。1号艇伸び確認後、広めのヒモ流しを採用。穴ヒモ（5・6号艇）を積極的に含める。\n展示で1号艇スタート超安定(0.126秒)→ヒモ固まり方向に注意'}",,,28.2,逃げ狙い,14.71,31.4,2,,,,,,,,,,,
2026-01-20,丸亀,6,5,清水愛海,A1,38.95,5,▲,11.337,17.6,94,55.6,0.1696,3.6852,,,0,低,73,0,差ま0%,13222,0,93.5,1.7379,0,0,0,0.25,0,0.0909,0.1818,0,,,B,○,,0.1947,0.634,,0.5819,S,80,0,◎1着固定 2-3着流し（5〜8点）,0.5777,"{'is_target': True, 'verdict': '参加推奨', 'max_combo_prob': 0.0669, 'est_top_odds': 19.9, 'circle_concentration': 63.8, 'eligible_count': 6, 'bet_adj': 2, 'reason': 'rel_win1=57.7%（本命度） / 最有力組み合わせ確率: 0.067（推定実オッズ?20倍） / 2着集中度: 上位2艇 63.8%（補正+0.00） / 総合判定確率: 0.067 / → ヒモ分散。1号艇1着固定で広めのヒモ流し推奨（買い目+2点）', 'tenji_trigger': '展示確認: ヒモ分散レース。1号艇伸び確認後、広めのヒモ流しを採用。穴ヒモ（5・6号艇）を積極的に含める。\n展示で1号艇スタート超安定(0.126秒)→ヒモ固まり方向に注意'}",,,28.2,逃げ狙い,14.71,31.4,2,,,,,,,,,,,
2026-01-20,丸亀,6,6,坂野さく,B1,32.53,6,,1.2862,1.5,50,3.9,0.2012,4.1923,,,0,低,76,0,-,461 55,0,28.5,0.8289,,,,,,0.2889,0.2889,0.2444,,,D,△,,0.1322,0.5865,,0.5819,S,80,0,◎1着固定 2-3着流し（5〜8点）,0.5777,"{'is_target': True, 'verdict': '参加推奨', 'max_combo_prob': 0.0669, 'est_top_odds': 19.9, 'circle_concentration': 63.8, 'eligible_count': 6, 'bet_adj': 2, 'reason': 'rel_win1=57.7%（本命度） / 最有力組み合わせ確率: 0.067（推定実オッズ?20倍） / 2着集中度: 上位2艇 63.8%（補正+0.00） / 総合判定確率: 0.067 / → ヒモ分散。1号艇1着固定で広めのヒモ流し推奨（買い目+2点）', 'tenji_trigger': '展示確認: ヒモ分散レース。1号艇伸び確認後、広めのヒモ流しを採用。穴ヒモ（5・6号艇）を積極的に含める。\n展示で1号艇スタート超安定(0.126秒)→ヒモ固まり方向に注意'}",,,28.2,逃げ狙い,14.71,31.4,2,,,,,,,,,,,
2026-01-20,丸亀,7,1,池田奈津,B1,30.84,1,◎,50.6437,,0,70.8,0.1546,3.2083,,,0,低,23,0,逃0%,5 343,0,79.3,0.9265,0.4,,,,,0.28,0.28,0,○,,D,◎,,,0.6705,,0.4031,A,61,0,◎-○軸 3着3〜4艇流し（10〜15点）,0.5777,"{'is_target': True, 'verdict': '参加推奨', 'max_combo_prob': 0.0701, 'est_top_odds': 19.0, 'circle_concentration': 62.7, 'eligible_count': 8, 'bet_adj': 2, 'reason': 'rel_win1=50.6%（本命度） / 最有力組み合わせ確率: 0.070（推定実オッズ?19倍） / 2着集中度: 上位2艇 62.7%（補正+0.00） / 総合判定確率: 0.070 / → ヒモ分散。1号艇1着固定で広めのヒモ流し推奨（買い目+2点）', 'tenji_trigger': '展示確認: ヒモ分散レース。1号艇伸び確認後、広めのヒモ流しを採用。穴ヒモ（5・6号艇）を積極的に含める。'}",,,31.4,両建て推奨,19.22,36.8,3,,,,,0,0,0.6155,0,,逃げ軸流し,A
2026-01-20,丸亀,7,2,武井莉里,A2,40.66,2,▲,13.7667,33.8,79,35.5,0.2016,4.4194,,,0,低,82,0,差0%,231 42,0,18.1,0.6536,0,0.0909,0,0,0,0,0.4167,0,,,B,,,0.07,0.5265,,0.4031,A,61,0,◎-○軸 3着3〜4艇流し（10〜15点）,0.5777,"{'is_target': True, 'verdict': '参加推奨', 'max_combo_prob': 0.0701, 'est_top_odds': 19.0, 'circle_concentration': 62.7, 'eligible_count': 8, 'bet_adj': 2, 'reason': 'rel_win1=50.6%（本命度） / 最有力組み合わせ確率: 0.070（推定実オッズ?19倍） / 2着集中度: 上位2艇 62.7%（補正+0.00） / 総合判定確率: 0.070 / → ヒモ分散。1号艇1着固定で広めのヒモ流し推奨（買い目+2点）', 'tenji_trigger': '展示確認: ヒモ分散レース。1号艇伸び確認後、広めのヒモ流しを採用。穴ヒモ（5・6号艇）を積極的に含める。'}",,,31.4,両建て推奨,19.22,36.8,3,,,,,,,,,,,
2026-01-20,丸亀,7,3,平山智加,A1,29.67,3,△,16.4497,29,100,68.2,0.1609,3.2727,,,0,低,46,0,差ま0%,213 13,0,42.6,0.7287,0,0,0.1111,0.2222,0,0,0.1818,0.1818,,,D,○,,0.3046,0.651,,0.4031,A,61,0,◎-○軸 3着3〜4艇流し（10〜15点）,0.5777,"{'is_target': True, 'verdict': '参加推奨', 'max_combo_prob': 0.0701, 'est_top_odds': 19.0, 'circle_concentration': 62.7, 'eligible_count': 8, 'bet_adj': 2, 'reason': 'rel_win1=50.6%（本命度） / 最有力組み合わせ確率: 0.070（推定実オッズ?19倍） / 2着集中度: 上位2艇 62.7%（補正+0.00） / 総合判定確率: 0.070 / → ヒモ分散。1号艇1着固定で広めのヒモ流し推奨（買い目+2点）', 'tenji_trigger': '展示確認: ヒモ分散レース。1号艇伸び確認後、広めのヒモ流しを採用。穴ヒモ（5・6号艇）を積極的に含める。'}",,,31.4,両建て推奨,19.22,36.8,3,,,,,,,,,,,
2026-01-20,丸亀,7,4,角ひとみ,A2,31.76,4,,10.3851,23.9,61,37.5,0.1879,4.0833,,,0,低,104,0,抜0%,666 66,0,50.5,0.9411,0,0,0,0,0.0833,0.1267,0.1533,0.0267,,,C,△,,0.1774,0.6195,,0.4031,A,61,0,◎-○軸 3着3〜4艇流し（10〜15点）,0.5777,"{'is_target': True, 'verdict': '参加推奨', 'max_combo_prob': 0.0701, 'est_top_odds': 19.0, 'circle_concentration': 62.7, 'eligible_count': 8, 'bet_adj': 2, 'reason': 'rel_win1=50.6%（本命度） / 最有力組み合わせ確率: 0.070（推定実オッズ?19倍） / 2着集中度: 上位2艇 62.7%（補正+0.00） / 総合判定確率: 0.070 / → ヒモ分散。1号艇1着固定で広めのヒモ流し推奨（買い目+2点）', 'tenji_trigger': '展示確認: ヒモ分散レース。1号艇伸び確認後、広めのヒモ流しを採用。穴ヒモ（5・6号艇）を積極的に含める。'}",,,31.4,両建て推奨,19.22,36.8,3,,,,,,,,,,,
2026-01-20,丸亀,7,5,矢野真梨,B1,46.74,5,○,7.5427,12.4,65,27.8,0.1694,3.1944,,,0,低,41,0,-,5 563,0,57.8,0.9369,,,,,,0,0.5,0.5,,,A,,,0.2629,0.6015,,0.4031,A,61,0,◎-○軸 3着3〜4艇流し（10〜15点）,0.5777,"{'is_target': True, 'verdict': '参加推奨', 'max_combo_prob': 0.0701, 'est_top_odds': 19.0, 'circle_concentration': 62.7, 'eligible_count': 8, 'bet_adj': 2, 'reason': 'rel_win1=50.6%（本命度） / 最有力組み合わせ確率: 0.070（推定実オッズ?19倍） / 2着集中度: 上位2艇 62.7%（補正+0.00） / 総合判定確率: 0.070 / → ヒモ分散。1号艇1着固定で広めのヒモ流し推奨（買い目+2点）', 'tenji_trigger': '展示確認: ヒモ分散レース。1号艇伸び確認後、広めのヒモ流しを採用。穴ヒモ（5・6号艇）を積極的に含める。'}",,,31.4,両建て推奨,19.22,36.8,3,,,,,,,,,,,
2026-01-20,丸亀,7,6,喜多那由,B1,27.08,6,,1.2121,1,18,6.1,0.1776,3.9848,,,0,低,95,0,-,4 643,0,32.5,0.7867,,,,,,0.2643,0.0857,0.4143,,,E,△,,0.2368,0.6495,,0.4031,A,61,0,◎-○軸 3着3〜4艇流し（10〜15点）,0.5777,"{'is_target': True, 'verdict': '参加推奨', 'max_combo_prob': 0.0701, 'est_top_odds': 19.0, 'circle_concentration': 62.7, 'eligible_count': 8, 'bet_adj': 2, 'reason': 'rel_win1=50.6%（本命度） / 最有力組み合わせ確率: 0.070（推定実オッズ?19倍） / 2着集中度: 上位2艇 62.7%（補正+0.00） / 総合判定確率: 0.070 / → ヒモ分散。1号艇1着固定で広めのヒモ流し推奨（買い目+2点）', 'tenji_trigger': '展示確認: ヒモ分散レース。1号艇伸び確認後、広めのヒモ流しを採用。穴ヒモ（5・6号艇）を積極的に含める。'}",,,31.4,両建て推奨,19.22,36.8,3,,,,,,,,,,,
2026-01-20,丸亀,8,1,落合直子,A2,35.23,1,◎,69.3537,,0,86.5,0.1257,1.9459,,,0,低,40,0,逃1%,5 2433,0,95.3,1.311,0.6875,,,,,0.025,0,0.225,◎,,C,◎,,,0.6465,,0.6845,S,82,0,◎1着固定 2-3着流し（5〜8点）,0.5777,"{'is_target': True, 'verdict': '参加推奨', 'max_combo_prob': 0.0868, 'est_top_odds': 15.4, 'circle_concentration': 61.5, 'eligible_count': 6, 'bet_adj': 2, 'reason': 'rel_win1=69.4%（本命度） / 最有力組み合わせ確率: 0.087（推定実オッズ?15倍） / 2着集中度: 上位2艇 61.5%（補正+0.00） / 総合判定確率: 0.087 / → ヒモ分散。1号艇1着固定で広めのヒモ流し推奨（買い目+2点）', 'tenji_trigger': '展示確認: ヒモ分散レース。1号艇伸び確認後、広めのヒモ流しを採用。穴ヒモ（5・6号艇）を積極的に含める。\n展示で1号艇スタート超安定(0.126秒)→ヒモ固まり方向に注意'}",,,25.9,逃げ狙い,15.48,24.3,2,,,,,0,0,0.7559,0,,逃げ軸流し,A
2026-01-20,丸亀,8,2,小芦るり,A1,29.41,2,,12.1669,35.8,100,54.8,0.1623,3.2903,,,0,低,61,0,差0% ま0%,352241,0,48.8,0.9036,0,0.0833,0.1667,0,0,0.0308,0,0.1615,,,D,△,,0.079,0.6255,,0.6845,S,82,0,◎1着固定 2-3着流し（5〜8点）,0.5777,"{'is_target': True, 'verdict': '参加推奨', 'max_combo_prob': 0.0868, 'est_top_odds': 15.4, 'circle_concentration': 61.5, 'eligible_count': 6, 'bet_adj': 2, 'reason': 'rel_win1=69.4%（本命度） / 最有力組み合わせ確率: 0.087（推定実オッズ?15倍） / 2着集中度: 上位2艇 61.5%（補正+0.00） / 総合判定確率: 0.087 / → ヒモ分散。1号艇1着固定で広めのヒモ流し推奨（買い目+2点）', 'tenji_trigger': '展示確認: ヒモ分散レース。1号艇伸び確認後、広めのヒモ流しを採用。穴ヒモ（5・6号艇）を積極的に含める。\n展示で1号艇スタート超安定(0.126秒)→ヒモ固まり方向に注意'}",,,25.9,逃げ狙い,15.48,24.3,2,,,,,,,,,,,
2026-01-20,丸亀,8,3,大廣咲季,B1,30.43,3,△,5.0188,24.2,99,30.3,0.1361,3.0909,,,0,低,81,0,-,156 34,0,70.7,1.5858,0,0,0.0455,0,0,0.3333,0.3333,0,,,D,,,0.23,0.543,,0.6845,S,82,0,◎1着固定 2-3着流し（5〜8点）,0.5777,"{'is_target': True, 'verdict': '参加推奨', 'max_combo_prob': 0.0868, 'est_top_odds': 15.4, 'circle_concentration': 61.5, 'eligible_count': 6, 'bet_adj': 2, 'reason': 'rel_win1=69.4%（本命度） / 最有力組み合わせ確率: 0.087（推定実オッズ?15倍） / 2着集中度: 上位2艇 61.5%（補正+0.00） / 総合判定確率: 0.087 / → ヒモ分散。1号艇1着固定で広めのヒモ流し推奨（買い目+2点）', 'tenji_trigger': '展示確認: ヒモ分散レース。1号艇伸び確認後、広めのヒモ流しを採用。穴ヒモ（5・6号艇）を積極的に含める。\n展示で1号艇スタート超安定(0.126秒)→ヒモ固まり方向に注意'}",,,25.9,逃げ狙い,15.48,24.3,2,,,,,,,,,,,
2026-01-20,丸亀,8,4,中田夕貴,A2,30.00,4,,5.8557,25.8,81,43.8,0.17,3.625,,,0,低,68,0,-,5 5S55,0,31.2,0.86,,,,,,0.1927,0.3127,0,,,D,△,,0.1412,0.5955,,0.6845,S,82,0,◎1着固定 2-3着流し（5〜8点）,0.5777,"{'is_target': True, 'verdict': '参加推奨', 'max_combo_prob': 0.0868, 'est_top_odds': 15.4, 'circle_concentration': 61.5, 'eligible_count': 6, 'bet_adj': 2, 'reason': 'rel_win1=69.4%（本命度） / 最有力組み合わせ確率: 0.087（推定実オッズ?15倍） / 2着集中度: 上位2艇 61.5%（補正+0.00） / 総合判定確率: 0.087 / → ヒモ分散。1号艇1着固定で広めのヒモ流し推奨（買い目+2点）', 'tenji_trigger': '展示確認: ヒモ分散レース。1号艇伸び確認後、広めのヒモ流しを採用。穴ヒモ（5・6号艇）を積極的に含める。\n展示で1号艇スタート超安定(0.126秒)→ヒモ固まり方向に注意'}",,,25.9,逃げ狙い,15.48,24.3,2,,,,,,,,,,,
2026-01-20,丸亀,8,5,西村美智,B2,37.35,5,○,4.9711,12.4,55,33.3,0.1647,2.6,,,0,低,25,0,-,3 3S1,0,30.6,1.1036,,,,,,0.1111,0.1111,0.1111,,,B,○,,0.1859,0.6285,,0.6845,S,82,0,◎1着固定 2-3着流し（5〜8点）,0.5777,"{'is_target': True, 'verdict': '参加推奨', 'max_combo_prob': 0.0868, 'est_top_odds': 15.4, 'circle_concentration': 61.5, 'eligible_count': 6, 'bet_adj': 2, 'reason': 'rel_win1=69.4%（本命度） / 最有力組み合わせ確率: 0.087（推定実オッズ?15倍） / 2着集中度: 上位2艇 61.5%（補正+0.00） / 総合判定確率: 0.087 / → ヒモ分散。1号艇1着固定で広めのヒモ流し推奨（買い目+2点）', 'tenji_trigger': '展示確認: ヒモ分散レース。1号艇伸び確認後、広めのヒモ流しを採用。穴ヒモ（5・6号艇）を積極的に含める。\n展示で1号艇スタート超安定(0.126秒)→ヒモ固まり方向に注意'}",,,25.9,逃げ狙い,15.48,24.3,2,,,,,,,,,,,
2026-01-20,丸亀,8,6,水口由紀,B1,41.18,6,▲,2.6338,1.9,48,18.5,0.1974,4.7222,,,0,低,92,0,差0%,2 522,0,27.8,0.8497,0,0.1,0,0,0,0.24,0.08,0.08,,,B,,,0.117,0.568,,0.6845,S,82,0,◎1着固定 2-3着流し（5〜8点）,0.5777,"{'is_target': True, 'verdict': '参加推奨', 'max_combo_prob': 0.0868, 'est_top_odds': 15.4, 'circle_concentration': 61.5, 'eligible_count': 6, 'bet_adj': 2, 'reason': 'rel_win1=69.4%（本命度） / 最有力組み合わせ確率: 0.087（推定実オッズ?15倍） / 2着集中度: 上位2艇 61.5%（補正+0.00） / 総合判定確率: 0.087 / → ヒモ分散。1号艇1着固定で広めのヒモ流し推奨（買い目+2点）', 'tenji_trigger': '展示確認: ヒモ分散レース。1号艇伸び確認後、広めのヒモ流しを採用。穴ヒモ（5・6号艇）を積極的に含める。\n展示で1号艇スタート超安定(0.126秒)→ヒモ固まり方向に注意'}",,,25.9,逃げ狙い,15.48,24.3,2,,,,,,,,,,,
2026-01-20,丸亀,9,1,三嶌さら,B1,37.08,1,◎,55.6949,,0,75,0.2175,4.125,,,0,低,82,1,逃0%,1 142,0,78.6,0.9894,0.5,,,,,0,0.25,0,△⚠️,,D,△,,,0.576,,0.2435,B,50,0,◎○△フォーメーション（15〜20点）,0.5777,"{'is_target': True, 'verdict': '参加推奨', 'max_combo_prob': 0.0846, 'est_top_odds': 15.8, 'circle_concentration': 64.5, 'eligible_count': 9, 'bet_adj': 2, 'reason': 'rel_win1=55.7%（本命度） / 最有力組み合わせ確率: 0.085（推定実オッズ?16倍） / 2着集中度: 上位2艇 64.5%（補正+0.00） / 総合判定確率: 0.085 / → ヒモ分散。1号艇1着固定で広めのヒモ流し推奨（買い目+2点）', 'tenji_trigger': '展示確認: ヒモ分散レース。1号艇伸び確認後、広めのヒモ流しを採用。穴ヒモ（5・6号艇）を積極的に含める。\n展示で1号艇スタート遅め(0.217秒)確認→ヒモが荒れやすい'}",,,35.7,両建て推奨,23.8,30.9,2,2-3-5|2-3-6|2-3-4|2-6-3|2-5-3|2-6-5|2-5-6|1-2-3|1-2-5|2-1-5|1-3-2|1-3-5,2-3-5|2-3-6|2-3-4|2-6-3|2-5-3|2-6-5|2-5-6|1-2-3|1-2-5|2-1-5|1-3-2|1-3-5,2-3-5:1.57%|2-3-6:1.44%|2-3-4:0.94%|2-6-3:0.75%|2-5-3:0.65%|2-6-5:0.57%|2-5-6:0.46%|1-2-3:7.72%|1-2-5:7.62%|2-1-5:6.79%|1-3-2:5.04%|1-3-5:4.69%,2-3-5:B_main|2-3-6:B_main|2-3-4:B_main|2-6-3:B_main|2-5-3:B_main|2-6-5:B_main|2-5-6:B_main|1-2-3:A|1-2-5:A|2-1-5:B_sc|1-3-2:A|1-3-5:A,12,12,0.4535,1,[!]見送り推奨（主役決まり手「まくり」― 逃げ劣勢レースで的中実績なし）,主役軸流し,B
2026-01-20,丸亀,9,2,戸敷晃美,A2,48.10,2,○,12.513,45.9,95,64.1,0.1444,3.2179,,,0,低,73,0,ま0%,323 16,0,60.8,1.0369,0,0,0.1429,0,0,0,0.0444,0.1422,,◎,A,○,,0.5711,0.589,,0.2435,B,50,0,◎○△フォーメーション（15〜20点）,0.5777,"{'is_target': True, 'verdict': '参加推奨', 'max_combo_prob': 0.0846, 'est_top_odds': 15.8, 'circle_concentration': 64.5, 'eligible_count': 9, 'bet_adj': 2, 'reason': 'rel_win1=55.7%（本命度） / 最有力組み合わせ確率: 0.085（推定実オッズ?16倍） / 2着集中度: 上位2艇 64.5%（補正+0.00） / 総合判定確率: 0.085 / → ヒモ分散。1号艇1着固定で広めのヒモ流し推奨（買い目+2点）', 'tenji_trigger': '展示確認: ヒモ分散レース。1号艇伸び確認後、広めのヒモ流しを採用。穴ヒモ（5・6号艇）を積極的に含める。\n展示で1号艇スタート遅め(0.217秒)確認→ヒモが荒れやすい'}",,,35.7,両建て推奨,23.8,30.9,2,,,,,,,,,,,
2026-01-20,丸亀,9,3,谷川里江,B1,35.96,3,,11.4227,18.6,79,33.3,0.1654,3.2083,,,0,低,57,0,差ま0%,232 24,0,75.7,0.78,0,0,0,0.1429,0,0.1,0.6,0,,△,D,,,0.4875,0.549,,0.2435,B,50,0,◎○△フォーメーション（15〜20点）,0.5777,"{'is_target': True, 'verdict': '参加推奨', 'max_combo_prob': 0.0846, 'est_top_odds': 15.8, 'circle_concentration': 64.5, 'eligible_count': 9, 'bet_adj': 2, 'reason': 'rel_win1=55.7%（本命度） / 最有力組み合わせ確率: 0.085（推定実オッズ?16倍） / 2着集中度: 上位2艇 64.5%（補正+0.00） / 総合判定確率: 0.085 / → ヒモ分散。1号艇1着固定で広めのヒモ流し推奨（買い目+2点）', 'tenji_trigger': '展示確認: ヒモ分散レース。1号艇伸び確認後、広めのヒモ流しを採用。穴ヒモ（5・6号艇）を積極的に含める。\n展示で1号艇スタート遅め(0.217秒)確認→ヒモが荒れやすい'}",,,35.7,両建て推奨,23.8,30.9,2,,,,,,,,,,,
2026-01-20,丸亀,9,4,池　千夏,B1,42.53,4,▲,6.7442,13.8,79,22.2,0.1178,2.6111,,,0,低,8,1,-,4 224,0,21.8,0.5936,,,,,,0,0.3714,0.3143,,,B,◎,,0.4848,0.7065,,0.2435,B,50,0,◎○△フォーメーション（15〜20点）,0.5777,"{'is_target': True, 'verdict': '参加推奨', 'max_combo_prob': 0.0846, 'est_top_odds': 15.8, 'circle_concentration': 64.5, 'eligible_count': 9, 'bet_adj': 2, 'reason': 'rel_win1=55.7%（本命度） / 最有力組み合わせ確率: 0.085（推定実オッズ?16倍） / 2着集中度: 上位2艇 64.5%（補正+0.00） / 総合判定確率: 0.085 / → ヒモ分散。1号艇1着固定で広めのヒモ流し推奨（買い目+2点）', 'tenji_trigger': '展示確認: ヒモ分散レース。1号艇伸び確認後、広めのヒモ流しを採用。穴ヒモ（5・6号艇）を積極的に含める。\n展示で1号艇スタート遅め(0.217秒)確認→ヒモが荒れやすい'}",,,35.7,両建て推奨,23.8,30.9,2,,,,,,,,,,,
2026-01-20,丸亀,9,5,山口真喜,A2,37.37,5,,5.8585,17.3,100,42.9,0.1775,4.2679,,,0,低,83,0,-,1 1S63,0,78.1,1.1802,,,,,,0.1818,0.3636,0.2727,,,C,,,0.4373,0.508,,0.2435,B,50,0,◎○△フォーメーション（15〜20点）,0.5777,"{'is_target': True, 'verdict': '参加推奨', 'max_combo_prob': 0.0846, 'est_top_odds': 15.8, 'circle_concentration': 64.5, 'eligible_count': 9, 'bet_adj': 2, 'reason': 'rel_win1=55.7%（本命度） / 最有力組み合わせ確率: 0.085（推定実オッズ?16倍） / 2着集中度: 上位2艇 64.5%（補正+0.00） / 総合判定確率: 0.085 / → ヒモ分散。1号艇1着固定で広めのヒモ流し推奨（買い目+2点）', 'tenji_trigger': '展示確認: ヒモ分散レース。1号艇伸び確認後、広めのヒモ流しを採用。穴ヒモ（5・6号艇）を積極的に含める。\n展示で1号艇スタート遅め(0.217秒)確認→ヒモが荒れやすい'}",,,35.7,両建て推奨,23.8,30.9,2,,,,,,,,,,,
2026-01-20,丸亀,9,6,堀之内紀,A1,38.78,6,△,7.7667,4.4,44,23.3,0.1747,3.8,,,0,低,60,0,ま0%,36F44,0,30.4,1.24,0,0,0.2727,0,0,0.0909,0.1818,0,,○,C,△,,0.4934,0.5735,,0.2435,B,50,0,◎○△フォーメーション（15〜20点）,0.5777,"{'is_target': True, 'verdict': '参加推奨', 'max_combo_prob': 0.0846, 'est_top_odds': 15.8, 'circle_concentration': 64.5, 'eligible_count': 9, 'bet_adj': 2, 'reason': 'rel_win1=55.7%（本命度） / 最有力組み合わせ確率: 0.085（推定実オッズ?16倍） / 2着集中度: 上位2艇 64.5%（補正+0.00） / 総合判定確率: 0.085 / → ヒモ分散。1号艇1着固定で広めのヒモ流し推奨（買い目+2点）', 'tenji_trigger': '展示確認: ヒモ分散レース。1号艇伸び確認後、広めのヒモ流しを採用。穴ヒモ（5・6号艇）を積極的に含める。\n展示で1号艇スタート遅め(0.217秒)確認→ヒモが荒れやすい'}",,,35.7,両建て推奨,23.8,30.9,2,,,,,,,,,,,
2026-01-20,丸亀,10,1,中川りな,A2,31.87,1,◎,63.5365,,0,82.8,0.1759,3.4655,,,0,低,61,0,逃1%,34133,0,85.1,1.1003,0.7143,,,,,0,0.1429,0.0714,○,,D,○,,,0.6205,,0.3774,A,66,0,◎-○軸 3着3〜4艇流し（10〜15点）,0.5777,"{'is_target': True, 'verdict': '点数絞り', 'max_combo_prob': 0.1109, 'est_top_odds': 12.0, 'circle_concentration': 75.1, 'eligible_count': 8, 'bet_adj': 0, 'reason': 'rel_win1=63.5%（本命度） / 最有力組み合わせ確率: 0.111（推定実オッズ?12倍） / 2着集中度: 上位2艇 75.1%（補正+0.04） / 総合判定確率: 0.151 / → ヒモはやや固め。上位2艇以外を切ること', 'tenji_trigger': '展示確認: 1号艇伸び良→そのまま採用。悪→飛び組に差し替え。circle_pct上位2艇に絞り込むこと。'}",,,26,逃げ狙い,13.85,26,2,,,,,0,0,0.6155,0,,逃げ軸流し,A
2026-01-20,丸亀,10,2,井上遥妃,A1,53.09,2,○,12.5502,57.4,92,47.6,0.1552,2.9048,,,0,低,34,0,差0% ま0%,21311,0,41.4,0.8078,0,0.4,0.2,0,0,0,0.1944,0.2389,,◎,A,◎,,0.5965,0.634,,0.3774,A,66,0,◎-○軸 3着3〜4艇流し（10〜15点）,0.5777,"{'is_target': True, 'verdict': '点数絞り', 'max_combo_prob': 0.1109, 'est_top_odds': 12.0, 'circle_concentration': 75.1, 'eligible_count': 8, 'bet_adj': 0, 'reason': 'rel_win1=63.5%（本命度） / 最有力組み合わせ確率: 0.111（推定実オッズ?12倍） / 2着集中度: 上位2艇 75.1%（補正+0.04） / 総合判定確率: 0.151 / → ヒモはやや固め。上位2艇以外を切ること', 'tenji_trigger': '展示確認: 1号艇伸び良→そのまま採用。悪→飛び組に差し替え。circle_pct上位2艇に絞り込むこと。'}",,,26,逃げ狙い,13.85,26,2,,,,,,,,,,,
2026-01-20,丸亀,10,3,佐藤ほの,B1,30.69,3,,7.0011,11.1,94,21.4,0.1893,3.4821,,,0,低,65,0,-,6 256,0,15.8,0.5604,,,,,,0.3333,0.4444,0.1111,,,E,,,0.2327,0.5605,,0.3774,A,66,0,◎-○軸 3着3〜4艇流し（10〜15点）,0.5777,"{'is_target': True, 'verdict': '点数絞り', 'max_combo_prob': 0.1109, 'est_top_odds': 12.0, 'circle_concentration': 75.1, 'eligible_count': 8, 'bet_adj': 0, 'reason': 'rel_win1=63.5%（本命度） / 最有力組み合わせ確率: 0.111（推定実オッズ?12倍） / 2着集中度: 上位2艇 75.1%（補正+0.04） / 総合判定確率: 0.151 / → ヒモはやや固め。上位2艇以外を切ること', 'tenji_trigger': '展示確認: 1号艇伸び良→そのまま採用。悪→飛び組に差し替え。circle_pct上位2艇に絞り込むこと。'}",,,26,逃げ狙い,13.85,26,2,,,,,,,,,,,
2026-01-20,丸亀,10,4,坂咲友理,B1,47.67,4,,10.5609,17.7,100,25,0.2,4.5625,,,0,低,45,1,差ま0%,5 346,0,45.3,0.783,0,0,0,0.2,0,0.125,0.625,0.125,,,B,,,0.2283,0.574,,0.3774,A,66,0,◎-○軸 3着3〜4艇流し（10〜15点）,0.5777,"{'is_target': True, 'verdict': '点数絞り', 'max_combo_prob': 0.1109, 'est_top_odds': 12.0, 'circle_concentration': 75.1, 'eligible_count': 8, 'bet_adj': 0, 'reason': 'rel_win1=63.5%（本命度） / 最有力組み合わせ確率: 0.111（推定実オッズ?12倍） / 2着集中度: 上位2艇 75.1%（補正+0.04） / 総合判定確率: 0.151 / → ヒモはやや固め。上位2艇以外を切ること', 'tenji_trigger': '展示確認: 1号艇伸び良→そのまま採用。悪→飛び組に差し替え。circle_pct上位2艇に絞り込むこと。'}",,,26,逃げ狙い,13.85,26,2,,,,,,,,,,,
2026-01-20,丸亀,10,5,山川美由,A2,55.56,5,▲,5.2786,11.6,82,30,0.165,3.8,,,0,低,16,1,-,1 432,0,33.1,0.8045,0,0,0,0.25,0,0,0,0.3333,,,A,△,,0.3657,0.584,,0.3774,A,66,0,◎-○軸 3着3〜4艇流し（10〜15点）,0.5777,"{'is_target': True, 'verdict': '点数絞り', 'max_combo_prob': 0.1109, 'est_top_odds': 12.0, 'circle_concentration': 75.1, 'eligible_count': 8, 'bet_adj': 0, 'reason': 'rel_win1=63.5%（本命度） / 最有力組み合わせ確率: 0.111（推定実オッズ?12倍） / 2着集中度: 上位2艇 75.1%（補正+0.04） / 総合判定確率: 0.151 / → ヒモはやや固め。上位2艇以外を切ること', 'tenji_trigger': '展示確認: 1号艇伸び良→そのまま採用。悪→飛び組に差し替え。circle_pct上位2艇に絞り込むこと。'}",,,26,逃げ狙い,13.85,26,2,,,,,,,,,,,
2026-01-20,丸亀,10,6,原加央理,B1,32.63,6,△,1.0728,2.2,53,22.2,0.1481,3.5926,,,0,低,57,0,-,4 522,0,50,0.9364,,,,,,0.1875,0.3125,0.125,,,D,△,,0.3956,0.6085,,0.3774,A,66,0,◎-○軸 3着3〜4艇流し（10〜15点）,0.5777,"{'is_target': True, 'verdict': '点数絞り', 'max_combo_prob': 0.1109, 'est_top_odds': 12.0, 'circle_concentration': 75.1, 'eligible_count': 8, 'bet_adj': 0, 'reason': 'rel_win1=63.5%（本命度） / 最有力組み合わせ確率: 0.111（推定実オッズ?12倍） / 2着集中度: 上位2艇 75.1%（補正+0.04） / 総合判定確率: 0.151 / → ヒモはやや固め。上位2艇以外を切ること', 'tenji_trigger': '展示確認: 1号艇伸び良→そのまま採用。悪→飛び組に差し替え。circle_pct上位2艇に絞り込むこと。'}",,,26,逃げ狙い,13.85,26,2,,,,,,,,,,,
2026-01-20,丸亀,11,1,松尾夏海,A1,45.65,1,◎,68.4284,,0,88.2,0.1676,3.0441,,,0,低,45,0,逃1%,521 61,0,84.2,1.1749,1,,,,,,,,◎,,A,◎,,,0.684,,0.5254,S,100,0,◎1着固定 2-3着流し（5〜8点）,0.5777,"{'is_target': True, 'verdict': '参加推奨', 'max_combo_prob': 0.104, 'est_top_odds': 12.8, 'circle_concentration': 68.4, 'eligible_count': 6, 'bet_adj': 2, 'reason': 'rel_win1=68.4%（本命度） / 最有力組み合わせ確率: 0.104（推定実オッズ?13倍） / 2着集中度: 上位2艇 68.4%（補正+0.00） / 総合判定確率: 0.104 / → ヒモ分散。1号艇1着固定で広めのヒモ流し推奨（買い目+2点）', 'tenji_trigger': '展示確認: ヒモ分散レース。1号艇伸び確認後、広めのヒモ流しを採用。穴ヒモ（5・6号艇）を積極的に含める。'}",,,26.7,逃げ狙い,21.01,21.9,3,,,,,0,0,0.7559,0,,逃げ軸流し,A
2026-01-20,丸亀,11,2,岩崎芳美,A2,34.78,2,,7.8119,45.5,94,63.2,0.1479,3.1053,,,0,低,23,0,-,1 5522,0,37.6,1.0138,,,,,,0.0833,0.25,0.25,,◎,D,△,,0.5245,0.6485,,0.5254,S,100,0,◎1着固定 2-3着流し（5〜8点）,0.5777,"{'is_target': True, 'verdict': '参加推奨', 'max_combo_prob': 0.104, 'est_top_odds': 12.8, 'circle_concentration': 68.4, 'eligible_count': 6, 'bet_adj': 2, 'reason': 'rel_win1=68.4%（本命度） / 最有力組み合わせ確率: 0.104（推定実オッズ?13倍） / 2着集中度: 上位2艇 68.4%（補正+0.00） / 総合判定確率: 0.104 / → ヒモ分散。1号艇1着固定で広めのヒモ流し推奨（買い目+2点）', 'tenji_trigger': '展示確認: ヒモ分散レース。1号艇伸び確認後、広めのヒモ流しを採用。穴ヒモ（5・6号艇）を積極的に含める。'}",,,26.7,逃げ狙い,21.01,21.9,3,,,,,,,,,,,
2026-01-20,丸亀,11,3,武井莉里,A2,40.66,3,△,12.032,23,83,61.8,0.2006,4.0441,,,0,低,82,0,-,231 42,0,71,1.195,,,,,,0,0.4167,0,,,C,,,0.145,0.5265,,0.5254,S,100,0,◎1着固定 2-3着流し（5〜8点）,0.5777,"{'is_target': True, 'verdict': '参加推奨', 'max_combo_prob': 0.104, 'est_top_odds': 12.8, 'circle_concentration': 68.4, 'eligible_count': 6, 'bet_adj': 2, 'reason': 'rel_win1=68.4%（本命度） / 最有力組み合わせ確率: 0.104（推定実オッズ?13倍） / 2着集中度: 上位2艇 68.4%（補正+0.00） / 総合判定確率: 0.104 / → ヒモ分散。1号艇1着固定で広めのヒモ流し推奨（買い目+2点）', 'tenji_trigger': '展示確認: ヒモ分散レース。1号艇伸び確認後、広めのヒモ流しを採用。穴ヒモ（5・6号艇）を積極的に含める。'}",,,26.7,逃げ狙い,21.01,21.9,3,,,,,,,,,,,
2026-01-20,丸亀,11,4,佐々木裕,B1,40.00,4,▲,6.9382,10.6,100,41.7,0.1592,2.8333,,,0,低,50,0,-,4 654,0,30,0.8911,,,,,,0.4533,0.3067,0.08,,,C,○,,0.3427,0.656,,0.5254,S,100,0,◎1着固定 2-3着流し（5〜8点）,0.5777,"{'is_target': True, 'verdict': '参加推奨', 'max_combo_prob': 0.104, 'est_top_odds': 12.8, 'circle_concentration': 68.4, 'eligible_count': 6, 'bet_adj': 2, 'reason': 'rel_win1=68.4%（本命度） / 最有力組み合わせ確率: 0.104（推定実オッズ?13倍） / 2着集中度: 上位2艇 68.4%（補正+0.00） / 総合判定確率: 0.104 / → ヒモ分散。1号艇1着固定で広めのヒモ流し推奨（買い目+2点）', 'tenji_trigger': '展示確認: ヒモ分散レース。1号艇伸び確認後、広めのヒモ流しを採用。穴ヒモ（5・6号艇）を積極的に含める。'}",,,26.7,逃げ狙い,21.01,21.9,3,,,,,,,,,,,
2026-01-20,丸亀,11,5,山本梨菜,A1,41.46,5,○,3.8052,18.1,62,63.6,0.1545,3.4318,,,0,低,40,0,-,2 5611,0,91.1,1.6486,,,,,,0.0471,0.0235,0.1328,,,B,,,0.3517,0.5915,,0.5254,S,100,0,◎1着固定 2-3着流し（5〜8点）,0.5777,"{'is_target': True, 'verdict': '参加推奨', 'max_combo_prob': 0.104, 'est_top_odds': 12.8, 'circle_concentration': 68.4, 'eligible_count': 6, 'bet_adj': 2, 'reason': 'rel_win1=68.4%（本命度） / 最有力組み合わせ確率: 0.104（推定実オッズ?13倍） / 2着集中度: 上位2艇 68.4%（補正+0.00） / 総合判定確率: 0.104 / → ヒモ分散。1号艇1着固定で広めのヒモ流し推奨（買い目+2点）', 'tenji_trigger': '展示確認: ヒモ分散レース。1号艇伸び確認後、広めのヒモ流しを採用。穴ヒモ（5・6号艇）を積極的に含める。'}",,,26.7,逃げ狙い,21.01,21.9,3,,,,,,,,,,,
2026-01-20,丸亀,11,6,山田理央,A2,39.56,6,,0.9843,2.9,54,39.4,0.17,4.0606,,,0,低,62,0,-,15113,0,32.5,1.5008,,,,,,0.0444,0.1444,0.0222,,,D,△,,0.3024,0.6,,0.5254,S,100,0,◎1着固定 2-3着流し（5〜8点）,0.5777,"{'is_target': True, 'verdict': '参加推奨', 'max_combo_prob': 0.104, 'est_top_odds': 12.8, 'circle_concentration': 68.4, 'eligible_count': 6, 'bet_adj': 2, 'reason': 'rel_win1=68.4%（本命度） / 最有力組み合わせ確率: 0.104（推定実オッズ?13倍） / 2着集中度: 上位2艇 68.4%（補正+0.00） / 総合判定確率: 0.104 / → ヒモ分散。1号艇1着固定で広めのヒモ流し推奨（買い目+2点）', 'tenji_trigger': '展示確認: ヒモ分散レース。1号艇伸び確認後、広めのヒモ流しを採用。穴ヒモ（5・6号艇）を積極的に含める。'}",,,26.7,逃げ狙い,21.01,21.9,3,,,,,,,,,,,
2026-01-20,丸亀,12,1,清水愛海,A1,38.95,1,◎,64.2323,,0,89.3,0.1714,3.4107,,,0,低,73,0,逃1%,13222,0,76.2,1.17,0.7273,,,,,0.0909,0.1818,0,◎,,C,△,,,0.634,,0.4654,S,80,0,◎1着固定 2-3着流し（5〜8点）,0.5777,"{'is_target': True, 'verdict': '参加推奨', 'max_combo_prob': 0.0748, 'est_top_odds': 17.8, 'circle_concentration': 70.6, 'eligible_count': 6, 'bet_adj': 2, 'reason': 'rel_win1=64.2%（本命度） / 最有力組み合わせ確率: 0.075（推定実オッズ?18倍） / 2着集中度: 上位2艇 70.6%（補正+0.04） / 総合判定確率: 0.115 / → ヒモ分散。1号艇1着固定で広めのヒモ流し推奨（買い目+2点）', 'tenji_trigger': '展示確認: ヒモ分散レース。1号艇伸び確認後、広めのヒモ流しを採用。穴ヒモ（5・6号艇）を積極的に含める。'}",,,29.3,逃げ狙い,20.65,29.4,3,,,,,0,0,0.7559,0,,逃げ軸流し,A
2026-01-20,丸亀,12,2,湯淺紀香,A2,46.43,2,▲,10.046,31.8,61,38.9,0.1758,4.2083,,,0,低,73,0,差0% 抜0%,415 15,0,21,0.6757,0,0.1538,0,0,0.0769,0,0.22,0,,,B,△,,0.2916,0.6005,,0.4654,S,80,0,◎1着固定 2-3着流し（5〜8点）,0.5777,"{'is_target': True, 'verdict': '参加推奨', 'max_combo_prob': 0.0748, 'est_top_odds': 17.8, 'circle_concentration': 70.6, 'eligible_count': 6, 'bet_adj': 2, 'reason': 'rel_win1=64.2%（本命度） / 最有力組み合わせ確率: 0.075（推定実オッズ?18倍） / 2着集中度: 上位2艇 70.6%（補正+0.04） / 総合判定確率: 0.115 / → ヒモ分散。1号艇1着固定で広めのヒモ流し推奨（買い目+2点）', 'tenji_trigger': '展示確認: ヒモ分散レース。1号艇伸び確認後、広めのヒモ流しを採用。穴ヒモ（5・6号艇）を積極的に含める。'}",,,29.3,逃げ狙い,20.65,29.4,3,,,,,,,,,,,
2026-01-20,丸亀,12,3,落合直子,A2,35.23,3,△,9.6455,38.7,100,62.1,0.1262,2.6034,,,0,低,40,0,-,5 2433,0,37.7,0.9685,,,,,,0.025,0,0.225,,◎,D,○,,0.4837,0.6465,,0.4654,S,80,0,◎1着固定 2-3着流し（5〜8点）,0.5777,"{'is_target': True, 'verdict': '参加推奨', 'max_combo_prob': 0.0748, 'est_top_odds': 17.8, 'circle_concentration': 70.6, 'eligible_count': 6, 'bet_adj': 2, 'reason': 'rel_win1=64.2%（本命度） / 最有力組み合わせ確率: 0.075（推定実オッズ?18倍） / 2着集中度: 上位2艇 70.6%（補正+0.04） / 総合判定確率: 0.115 / → ヒモ分散。1号艇1着固定で広めのヒモ流し推奨（買い目+2点）', 'tenji_trigger': '展示確認: ヒモ分散レース。1号艇伸び確認後、広めのヒモ流しを採用。穴ヒモ（5・6号艇）を積極的に含める。'}",,,29.3,逃げ狙い,20.65,29.4,3,,,,,,,,,,,
2026-01-20,丸亀,12,4,来田衣織,B1,46.91,4,○,6.1119,12.4,74,28.2,0.1754,3.3077,,,0,低,96,0,ま0%,1 155,0,38.7,0.657,0,0,0.0714,0,0,0,0.4,0,,,A,,,0.2773,0.585,,0.4654,S,80,0,◎1着固定 2-3着流し（5〜8点）,0.5777,"{'is_target': True, 'verdict': '参加推奨', 'max_combo_prob': 0.0748, 'est_top_odds': 17.8, 'circle_concentration': 70.6, 'eligible_count': 6, 'bet_adj': 2, 'reason': 'rel_win1=64.2%（本命度） / 最有力組み合わせ確率: 0.075（推定実オッズ?18倍） / 2着集中度: 上位2艇 70.6%（補正+0.04） / 総合判定確率: 0.115 / → ヒモ分散。1号艇1着固定で広めのヒモ流し推奨（買い目+2点）', 'tenji_trigger': '展示確認: ヒモ分散レース。1号艇伸び確認後、広めのヒモ流しを採用。穴ヒモ（5・6号艇）を積極的に含める。'}",,,29.3,逃げ狙い,20.65,29.4,3,,,,,,,,,,,
2026-01-20,丸亀,12,5,平山智加,A1,29.67,5,,8.9863,13.6,92,66.7,0.19,3.2778,,,0,低,46,0,-,213 13,0,100,2.7831,0,0,0,0.1429,0.1429,0,0.1818,0.1818,,,E,◎,,0.2487,0.651,,0.4654,S,80,0,◎1着固定 2-3着流し（5〜8点）,0.5777,"{'is_target': True, 'verdict': '参加推奨', 'max_combo_prob': 0.0748, 'est_top_odds': 17.8, 'circle_concentration': 70.6, 'eligible_count': 6, 'bet_adj': 2, 'reason': 'rel_win1=64.2%（本命度） / 最有力組み合わせ確率: 0.075（推定実オッズ?18倍） / 2着集中度: 上位2艇 70.6%（補正+0.04） / 総合判定確率: 0.115 / → ヒモ分散。1号艇1着固定で広めのヒモ流し推奨（買い目+2点）', 'tenji_trigger': '展示確認: ヒモ分散レース。1号艇伸び確認後、広めのヒモ流しを採用。穴ヒモ（5・6号艇）を積極的に含める。'}",,,29.3,逃げ狙い,20.65,29.4,3,,,,,,,,,,,
2026-01-20,丸亀,12,6,米丸乃絵,A1,37.50,6,,0.9779,3.4,79,22.9,0.2046,4.1714,,,0,低,62,0,-,241 23,0,25.7,0.9908,,,,,,0,0,0,,,C,,,0.2049,0.5575,,0.4654,S,80,0,◎1着固定 2-3着流し（5〜8点）,0.5777,"{'is_target': True, 'verdict': '参加推奨', 'max_combo_prob': 0.0748, 'est_top_odds': 17.8, 'circle_concentration': 70.6, 'eligible_count': 6, 'bet_adj': 2, 'reason': 'rel_win1=64.2%（本命度） / 最有力組み合わせ確率: 0.075（推定実オッズ?18倍） / 2着集中度: 上位2艇 70.6%（補正+0.04） / 総合判定確率: 0.115 / → ヒモ分散。1号艇1着固定で広めのヒモ流し推奨（買い目+2点）', 'tenji_trigger': '展示確認: ヒモ分散レース。1号艇伸び確認後、広めのヒモ流しを採用。穴ヒモ（5・6号艇）を積極的に含める。'}",,,29.3,逃げ狙い,20.65,29.4,3,,,,,,,,,,,
2026-01-21,丸亀,1,1,池　千夏,B1,42.53,1,◎,62.1288,,0,57.1,0.1314,2.8571,,,0,低,8,1,逃0%,4 224,0,75.6,0.8296,0.2857,,,,,0,0.3714,0.3143,◎⚠️,,B,◎,,,0.7065,,0.4613,B,50,0,◎○△フォーメーション（15〜20点）,0.5777,"{'is_target': True, 'verdict': '点数絞り', 'max_combo_prob': 0.1018, 'est_top_odds': 13.1, 'circle_concentration': 74.9, 'eligible_count': 9, 'bet_adj': 0, 'reason': 'rel_win1=62.1%（本命度） / 最有力組み合わせ確率: 0.102（推定実オッズ?13倍） / 2着集中度: 上位2艇 74.9%（補正+0.04） / 総合判定確率: 0.142 / → ヒモはやや固め。上位2艇以外を切ること', 'tenji_trigger': '展示確認: 1号艇伸び良→そのまま採用。悪→飛び組に差し替え。circle_pct上位2艇に絞り込むこと。\n展示で1号艇スタート超安定(0.131秒)→ヒモ固まり方向に注意'}",,,28.5,両建て推奨,13.91,33,3,4-5-6|4-3-6|4-3-5|4-5-1|4-5-3|4-6-5|4-3-1|1-3-5|1-3-2|1-2-3|1-2-5,4-5-6|4-3-6|4-3-5|4-5-1|4-5-3|4-6-5|4-3-1|1-3-5|1-3-2|2-1-3|1-2-3|1-2-5,4-5-6:1.17%|4-3-6:0.75%|4-3-5:0.75%|4-5-1:0.73%|4-5-3:0.59%|4-6-5:0.56%|4-3-1:0.47%|1-3-5:4.27%|1-3-2:4.26%|1-2-3:3.53%|1-2-5:2.85%,4-5-6:B_main|4-3-6:B_main|4-3-5:B_main|4-5-1:B_main|4-5-3:B_main|4-6-5:B_main|4-3-1:B_main|1-3-5:A|1-3-2:A|1-2-3:A|1-2-5:A,11,12,0.4535,1,[!]見送り推奨（主役決まり手「まくり」― 逃げ劣勢レースで的中実績なし）,主役軸流し,B
2026-01-21,丸亀,1,2,佐藤ほの,B1,30.69,2,△,10.3401,28.6,100,38.2,0.1844,3.6765,,,0,低,65,0,差0% ま0%,6 256,0,41.3,0.666,0,0.1053,0.0526,0,0,0.3333,0.4444,0.1111,,,D,△,,0.0717,0.5605,,0.4613,B,50,0,◎○△フォーメーション（15〜20点）,0.5777,"{'is_target': True, 'verdict': '点数絞り', 'max_combo_prob': 0.1018, 'est_top_odds': 13.1, 'circle_concentration': 74.9, 'eligible_count': 9, 'bet_adj': 0, 'reason': 'rel_win1=62.1%（本命度） / 最有力組み合わせ確率: 0.102（推定実オッズ?13倍） / 2着集中度: 上位2艇 74.9%（補正+0.04） / 総合判定確率: 0.142 / → ヒモはやや固め。上位2艇以外を切ること', 'tenji_trigger': '展示確認: 1号艇伸び良→そのまま採用。悪→飛び組に差し替え。circle_pct上位2艇に絞り込むこと。\n展示で1号艇スタート超安定(0.131秒)→ヒモ固まり方向に注意'}",,,28.5,両建て推奨,13.91,33,3,,,,,,,,,,,
2026-01-21,丸亀,1,3,佐々木裕,B1,40.00,3,▲,13.1828,46.4,76,53.3,0.1423,2.5667,,,0,低,50,0,差ま0%,4 654,0,66.5,1.0865,0,0,0,0.0588,0,0.4533,0.3067,0.08,,,C,○,,0.2335,0.656,,0.4613,B,50,0,◎○△フォーメーション（15〜20点）,0.5777,"{'is_target': True, 'verdict': '点数絞り', 'max_combo_prob': 0.1018, 'est_top_odds': 13.1, 'circle_concentration': 74.9, 'eligible_count': 9, 'bet_adj': 0, 'reason': 'rel_win1=62.1%（本命度） / 最有力組み合わせ確率: 0.102（推定実オッズ?13倍） / 2着集中度: 上位2艇 74.9%（補正+0.04） / 総合判定確率: 0.142 / → ヒモはやや固め。上位2艇以外を切ること', 'tenji_trigger': '展示確認: 1号艇伸び良→そのまま採用。悪→飛び組に差し替え。circle_pct上位2艇に絞り込むこと。\n展示で1号艇スタート超安定(0.131秒)→ヒモ固まり方向に注意'}",,,28.5,両建て推奨,13.91,33,3,,,,,,,,,,,
2026-01-21,丸亀,1,4,三嶌ここ,B1,38.89,4,,5.2327,14.4,65,10,0.224,4.8,,,0,低,114,0,-,532 55,0,13,0.5466,,,,,,0.0571,0.0571,0.3143,,,C,,,0.1379,0.553,,0.4613,B,50,0,◎○△フォーメーション（15〜20点）,0.5777,"{'is_target': True, 'verdict': '点数絞り', 'max_combo_prob': 0.1018, 'est_top_odds': 13.1, 'circle_concentration': 74.9, 'eligible_count': 9, 'bet_adj': 0, 'reason': 'rel_win1=62.1%（本命度） / 最有力組み合わせ確率: 0.102（推定実オッズ?13倍） / 2着集中度: 上位2艇 74.9%（補正+0.04） / 総合判定確率: 0.142 / → ヒモはやや固め。上位2艇以外を切ること', 'tenji_trigger': '展示確認: 1号艇伸び良→そのまま採用。悪→飛び組に差し替え。circle_pct上位2艇に絞り込むこと。\n展示で1号艇スタート超安定(0.131秒)→ヒモ固まり方向に注意'}",,,28.5,両建て推奨,13.91,33,3,,,,,,,,,,,
2026-01-21,丸亀,1,5,坂咲友理,B1,47.67,5,○,7.8274,6.3,71,7.7,0.1969,4.1538,,,0,低,45,1,-,5 346,0,46.6,0.7779,,,,,,0.125,0.625,0.125,,,A,△,,0.135,0.574,,0.4613,B,50,0,◎○△フォーメーション（15〜20点）,0.5777,"{'is_target': True, 'verdict': '点数絞り', 'max_combo_prob': 0.1018, 'est_top_odds': 13.1, 'circle_concentration': 74.9, 'eligible_count': 9, 'bet_adj': 0, 'reason': 'rel_win1=62.1%（本命度） / 最有力組み合わせ確率: 0.102（推定実オッズ?13倍） / 2着集中度: 上位2艇 74.9%（補正+0.04） / 総合判定確率: 0.142 / → ヒモはやや固め。上位2艇以外を切ること', 'tenji_trigger': '展示確認: 1号艇伸び良→そのまま採用。悪→飛び組に差し替え。circle_pct上位2艇に絞り込むこと。\n展示で1号艇スタート超安定(0.131秒)→ヒモ固まり方向に注意'}",,,28.5,両建て推奨,13.91,33,3,,,,,,,,,,,
2026-01-21,丸亀,1,6,向井田真,B1,23.81,6,,1.2881,4.4,47,18.2,0.2095,4.7045,,,0,低,72,0,-,6 145,0,32.3,0.7689,,,,,,0.2,0.2,0,,,E,,,0.135,0.5205,,0.4613,B,50,0,◎○△フォーメーション（15〜20点）,0.5777,"{'is_target': True, 'verdict': '点数絞り', 'max_combo_prob': 0.1018, 'est_top_odds': 13.1, 'circle_concentration': 74.9, 'eligible_count': 9, 'bet_adj': 0, 'reason': 'rel_win1=62.1%（本命度） / 最有力組み合わせ確率: 0.102（推定実オッズ?13倍） / 2着集中度: 上位2艇 74.9%（補正+0.04） / 総合判定確率: 0.142 / → ヒモはやや固め。上位2艇以外を切ること', 'tenji_trigger': '展示確認: 1号艇伸び良→そのまま採用。悪→飛び組に差し替え。circle_pct上位2艇に絞り込むこと。\n展示で1号艇スタート超安定(0.131秒)→ヒモ固まり方向に注意'}",,,28.5,両建て推奨,13.91,33,3,,,,,,,,,,,
2026-01-21,丸亀,2,1,渡辺千草,B1,40.00,1,◎,41.6298,,0,43.3,0.188,3.6667,,,0,低,79,0,-,444 14,0,31.5,0.6079,,,,,,0.3,0.3,0.3,,,C,○,,,0.622,,0.1526,D,29,1,大荒れ。見送り推奨,0.5777,"{'is_target': False, 'verdict': '対象外', 'max_combo_prob': None, 'est_top_odds': None, 'circle_concentration': None, 'eligible_count': 0, 'bet_adj': 0, 'reason': '1号艇rel_win1 < 45%: 通常判定に委ねる', 'tenji_trigger': ''}",,,36.7,両建て推奨,11.9,44,6,3-5-4|3-4-5|3-4-6|3-5-6|3-6-4|3-6-5|3-4-2|1-2-3|1-2-4|1-2-5,3-5-4|3-4-5|3-4-6|3-5-6|3-6-4|3-6-5|3-4-2|1-2-3|6-1-4|1-2-4|6-1-2|1-2-5,3-5-4:2.19%|3-4-5:2.03%|3-4-6:1.83%|3-5-6:1.57%|3-6-4:0.72%|3-6-5:0.57%|3-4-2:0.34%|1-2-3:4.18%|1-2-4:4.15%|1-2-5:3.89%,3-5-4:B_main|3-4-5:B_main|3-4-6:B_main|3-5-6:B_main|3-6-4:B_main|3-6-5:B_main|3-4-2:B_main|1-2-3:A|1-2-4:A|1-2-5:A,10,12,0.2915,1,[!]見送り推奨（主役決まり手「まくり」― 逃げ劣勢レースで的中実績なし）,主役軸流し,B
2026-01-21,丸亀,2,2,赤井　睦,B1,50.00,2,▲,14.0207,42.9,86,25,0.19,3.3438,,,0,低,24,0,-,636 54,0,16.5,0.566,,,,,,0.1944,0.0444,0.4333,,,B,△,,0.3525,0.596,,0.1526,D,29,1,大荒れ。見送り推奨,0.5777,"{'is_target': False, 'verdict': '対象外', 'max_combo_prob': None, 'est_top_odds': None, 'circle_concentration': None, 'eligible_count': 0, 'bet_adj': 0, 'reason': '1号艇rel_win1 < 45%: 通常判定に委ねる', 'tenji_trigger': ''}",,,36.7,両建て推奨,11.9,44,6,,,,,,,,,,,
2026-01-21,丸亀,2,3,池田奈津,B1,30.84,3,△,14.044,29.3,99,32.3,0.1352,2.5,,,0,低,23,0,ま0%,5 343,0,35.1,0.8508,0,0,0.0833,0,0,0.28,0.28,0,,◎,D,◎,,0.5125,0.6705,,0.1526,D,29,1,大荒れ。見送り推奨,0.5777,"{'is_target': False, 'verdict': '対象外', 'max_combo_prob': None, 'est_top_odds': None, 'circle_concentration': None, 'eligible_count': 0, 'bet_adj': 0, 'reason': '1号艇rel_win1 < 45%: 通常判定に委ねる', 'tenji_trigger': ''}",,,36.7,両建て推奨,11.9,44,6,,,,,,,,,,,
2026-01-21,丸亀,2,4,大廣咲季,B1,30.43,4,,12.8826,8.7,68,17.3,0.1679,3.5481,,,0,低,81,0,-,156 34,0,100,3.6668,0,0,0.1053,0,0,0.3333,0.3333,0,,,E,,,0.429,0.543,,0.1526,D,29,1,大荒れ。見送り推奨,0.5777,"{'is_target': False, 'verdict': '対象外', 'max_combo_prob': None, 'est_top_odds': None, 'circle_concentration': None, 'eligible_count': 0, 'bet_adj': 0, 'reason': '1号艇rel_win1 < 45%: 通常判定に委ねる', 'tenji_trigger': ''}",,,36.7,両建て推奨,11.9,44,6,,,,,,,,,,,
2026-01-21,丸亀,2,5,山川美由,A2,55.56,5,○,8.339,14.1,100,30,0.165,3.8,,,0,低,16,1,-,1 432,0,43.2,0.8836,0,0,0,0.25,0,0,0,0.3333,,○,A,△,,0.4515,0.584,,0.1526,D,29,1,大荒れ。見送り推奨,0.5777,"{'is_target': False, 'verdict': '対象外', 'max_combo_prob': None, 'est_top_odds': None, 'circle_concentration': None, 'eligible_count': 0, 'bet_adj': 0, 'reason': '1号艇rel_win1 < 45%: 通常判定に委ねる', 'tenji_trigger': ''}",,,36.7,両建て推奨,11.9,44,6,,,,,,,,,,,
2026-01-21,丸亀,2,6,堀之内紀,A1,38.78,6,,9.084,4.9,57,23.3,0.1747,3.8,,,0,低,60,0,ま0%,36F44,0,61,1.3197,0,0,0.2727,0,0,0.0909,0.1818,0,,△,C,,,0.4418,0.5735,,0.1526,D,29,1,大荒れ。見送り推奨,0.5777,"{'is_target': False, 'verdict': '対象外', 'max_combo_prob': None, 'est_top_odds': None, 'circle_concentration': None, 'eligible_count': 0, 'bet_adj': 0, 'reason': '1号艇rel_win1 < 45%: 通常判定に委ねる', 'tenji_trigger': ''}",,,36.7,両建て推奨,11.9,44,6,,,,,,,,,,,
2026-01-21,丸亀,3,1,水口由紀,B1,41.18,1,◎,43.5518,,0,64.3,0.1843,3.75,,,0,低,92,0,-,2 522,0,70.1,0.9396,0.4,,,,,0.24,0.08,0.08,△,,C,,,,0.568,,0.3171,C,43,0,荒れ傾向。高配当狙いか見送り,0.5777,"{'is_target': False, 'verdict': '対象外', 'max_combo_prob': None, 'est_top_odds': None, 'circle_concentration': None, 'eligible_count': 0, 'bet_adj': 0, 'reason': '1号艇rel_win1 < 45%: 通常判定に委ねる', 'tenji_trigger': ''}",,,33.2,両建て推奨,26.99,35.3,2,2-3-6|2-3-4|1-2-4|1-2-6|1-3-4|1-2-5|1-4-6,4-1-6|3-1-4|4-1-5|2-3-6|2-3-4|6-1-4|4-6-1|1-2-4|1-2-6|1-3-4|1-2-5|1-4-6,2-3-6:1.12%|2-3-4:1.07%|1-2-4:6.49%|1-2-6:5.34%|1-3-4:5.04%|1-2-5:4.79%|1-4-6:4.22%,2-3-6:B_main|2-3-4:B_main|1-2-4:A|1-2-6:A|1-3-4:A|1-2-5:A|1-4-6:A,7,12,0.4535,1,[!]見送り推奨（主役決まり手「まくり」― 逃げ劣勢レースで的中実績なし）,荒れ広め,D
2026-01-21,丸亀,3,2,谷川里江,B1,35.96,2,,18.4325,36.1,66,55.2,0.1883,3.7414,,,0,低,57,0,ま0%,232 24,0,45.1,0.9817,0,0,0.25,0,0,0.1,0.6,0,,,D,,,0.2988,0.549,,0.3171,C,43,0,荒れ傾向。高配当狙いか見送り,0.5777,"{'is_target': False, 'verdict': '対象外', 'max_combo_prob': None, 'est_top_odds': None, 'circle_concentration': None, 'eligible_count': 0, 'bet_adj': 0, 'reason': '1号艇rel_win1 < 45%: 通常判定に委ねる', 'tenji_trigger': ''}",,,33.2,両建て推奨,26.99,35.3,2,,,,,,,,,,,
2026-01-21,丸亀,3,3,中谷朋子,B1,28.89,3,,13.6222,25.4,100,44.4,0.19,3.8889,,,0,低,24,1,差ま0%,163 42,0,26.8,0.989,0,0,0,0.1667,0,0,0.3333,0.1667,,,E,△,,0.288,0.5805,,0.3171,C,43,0,荒れ傾向。高配当狙いか見送り,0.5777,"{'is_target': False, 'verdict': '対象外', 'max_combo_prob': None, 'est_top_odds': None, 'circle_concentration': None, 'eligible_count': 0, 'bet_adj': 0, 'reason': '1号艇rel_win1 < 45%: 通常判定に委ねる', 'tenji_trigger': ''}",,,33.2,両建て推奨,26.99,35.3,2,,,,,,,,,,,
2026-01-21,丸亀,3,4,戸敷晃美,A2,48.10,4,○,13.6005,21.7,81,53.8,0.1577,3.4615,,,0,低,73,0,差0% ま0%,323 16,0,80.9,1.2838,0,0.0714,0.0714,0,0,0,0.0444,0.1422,,,A,△,◎,0.3967,0.589,0.3192,0.3171,C,43,0,荒れ傾向。高配当狙いか見送り,0.5777,"{'is_target': False, 'verdict': '対象外', 'max_combo_prob': None, 'est_top_odds': None, 'circle_concentration': None, 'eligible_count': 0, 'bet_adj': 0, 'reason': '1号艇rel_win1 < 45%: 通常判定に委ねる', 'tenji_trigger': ''}",,,33.2,両建て推奨,26.99,35.3,2,,,,,,,,,,,
2026-01-21,丸亀,3,5,矢野真梨,B1,46.74,5,▲,7.7984,12,88,27.8,0.1694,3.1944,,,0,低,41,0,-,5 563,0,34.7,0.9262,,,,,,0,0.5,0.5,,,B,○,,0.3594,0.6015,,0.3171,C,43,0,荒れ傾向。高配当狙いか見送り,0.5777,"{'is_target': False, 'verdict': '対象外', 'max_combo_prob': None, 'est_top_odds': None, 'circle_concentration': None, 'eligible_count': 0, 'bet_adj': 0, 'reason': '1号艇rel_win1 < 45%: 通常判定に委ねる', 'tenji_trigger': ''}",,,33.2,両建て推奨,26.99,35.3,2,,,,,,,,,,,
2026-01-21,丸亀,3,6,松尾夏海,A1,45.65,6,△,2.9946,4.8,88,44.4,0.1615,3.1852,,,0,低,45,0,-,521 61,0,45.3,0.9919,0,0,0,0,0.1667,,,,,,C,◎,,0.3826,0.684,,0.3171,C,43,0,荒れ傾向。高配当狙いか見送り,0.5777,"{'is_target': False, 'verdict': '対象外', 'max_combo_prob': None, 'est_top_odds': None, 'circle_concentration': None, 'eligible_count': 0, 'bet_adj': 0, 'reason': '1号艇rel_win1 < 45%: 通常判定に委ねる', 'tenji_trigger': ''}",,,33.2,両建て推奨,26.99,35.3,2,,,,,,,,,,,
2026-01-21,丸亀,4,1,大橋由珠,B2,35.71,1,◎,58.4614,,0,71.4,0.1771,4.1429,,,0,低,12,1,逃0%,6 431,0,79.5,0.9629,0.1429,,,,,0,0.7143,0,,,B,△,,,0.5495,,0.1854,A,64,0,◎-○軸 3着3〜4艇流し（10〜15点）,0.5777,"{'is_target': True, 'verdict': '参加推奨', 'max_combo_prob': 0.0844, 'est_top_odds': 15.8, 'circle_concentration': 66.6, 'eligible_count': 8, 'bet_adj': 2, 'reason': 'rel_win1=58.5%（本命度） / 最有力組み合わせ確率: 0.084（推定実オッズ?16倍） / 2着集中度: 上位2艇 66.6%（補正+0.00） / 総合判定確率: 0.084 / → ヒモ分散。1号艇1着固定で広めのヒモ流し推奨（買い目+2点）', 'tenji_trigger': '展示確認: ヒモ分散レース。1号艇伸び確認後、広めのヒモ流しを採用。穴ヒモ（5・6号艇）を積極的に含める。'}",,,29.8,両建て推奨,10.74,39.4,2,2-1-6|2-1-4|2-1-5|2-6-1|2-5-1|2-6-4|2-6-5|1-2-6|1-2-5,2-1-6|2-1-4|2-1-5|2-6-1|2-5-1|2-6-4|2-6-5|4-5-6|1-2-6|1-2-5|5-1-6|5-6-1,2-1-6:2.19%|2-1-4:2.04%|2-1-5:1.88%|2-6-1:0.89%|2-5-1:0.71%|2-6-4:0.16%|2-6-5:0.15%|1-2-6:5.03%|1-2-5:4.83%,2-1-6:B_main|2-1-4:B_main|2-1-5:B_main|2-6-1:B_main|2-5-1:B_main|2-6-4:B_main|2-6-5:B_main|1-2-6:A|1-2-5:A,9,12,0.2915,1,[!]見送り推奨（主役決まり手「差し」― 逃げ劣勢レースで的中実績なし）,主役軸流し,B
2026-01-21,丸亀,4,2,落合直子,A2,35.23,2,○,15.8289,51.5,100,52.9,0.1544,3.1765,,,0,低,40,0,-,5 2433,0,56.7,0.9336,0,0.1667,0,0,0,0.025,0,0.225,,◎,C,△,,0.5658,0.6465,,0.1854,A,64,0,◎-○軸 3着3〜4艇流し（10〜15点）,0.5777,"{'is_target': True, 'verdict': '参加推奨', 'max_combo_prob': 0.0844, 'est_top_odds': 15.8, 'circle_concentration': 66.6, 'eligible_count': 8, 'bet_adj': 2, 'reason': 'rel_win1=58.5%（本命度） / 最有力組み合わせ確率: 0.084（推定実オッズ?16倍） / 2着集中度: 上位2艇 66.6%（補正+0.00） / 総合判定確率: 0.084 / → ヒモ分散。1号艇1着固定で広めのヒモ流し推奨（買い目+2点）', 'tenji_trigger': '展示確認: ヒモ分散レース。1号艇伸び確認後、広めのヒモ流しを採用。穴ヒモ（5・6号艇）を積極的に含める。'}",,,29.8,両建て推奨,10.74,39.4,2,,,,,,,,,,,
2026-01-21,丸亀,4,3,菅野はや,B2,36.59,3,▲,7.036,12.3,65,10.3,0.2166,4.4138,,,0,低,78,0,-,364 35,0,12.5,0.56,,,,,,0.125,0.125,0.125,,,B,,,0.1331,0.5285,,0.1854,A,64,0,◎-○軸 3着3〜4艇流し（10〜15点）,0.5777,"{'is_target': True, 'verdict': '参加推奨', 'max_combo_prob': 0.0844, 'est_top_odds': 15.8, 'circle_concentration': 66.6, 'eligible_count': 8, 'bet_adj': 2, 'reason': 'rel_win1=58.5%（本命度） / 最有力組み合わせ確率: 0.084（推定実オッズ?16倍） / 2着集中度: 上位2艇 66.6%（補正+0.00） / 総合判定確率: 0.084 / → ヒモ分散。1号艇1着固定で広めのヒモ流し推奨（買い目+2点）', 'tenji_trigger': '展示確認: ヒモ分散レース。1号艇伸び確認後、広めのヒモ流しを採用。穴ヒモ（5・6号艇）を積極的に含める。'}",,,29.8,両建て推奨,10.74,39.4,2,,,,,,,,,,,
2026-01-21,丸亀,4,4,福山恵里,B1,29.55,4,,8.4167,15.2,46,13,0.1609,3.6304,,,0,低,42,0,差ま0%,563 66,0,66.8,0.6736,0,0,0,0.0667,0,0.19,0.46,0,,,D,,,0.3503,0.498,,0.1854,A,64,0,◎-○軸 3着3〜4艇流し（10〜15点）,0.5777,"{'is_target': True, 'verdict': '参加推奨', 'max_combo_prob': 0.0844, 'est_top_odds': 15.8, 'circle_concentration': 66.6, 'eligible_count': 8, 'bet_adj': 2, 'reason': 'rel_win1=58.5%（本命度） / 最有力組み合わせ確率: 0.084（推定実オッズ?16倍） / 2着集中度: 上位2艇 66.6%（補正+0.00） / 総合判定確率: 0.084 / → ヒモ分散。1号艇1着固定で広めのヒモ流し推奨（買い目+2点）', 'tenji_trigger': '展示確認: ヒモ分散レース。1号艇伸び確認後、広めのヒモ流しを採用。穴ヒモ（5・6号艇）を積極的に含める。'}",,,29.8,両建て推奨,10.74,39.4,2,,,,,,,,,,,
2026-01-21,丸亀,4,5,岩崎芳美,A2,34.78,5,△,8.8318,11,69,29.4,0.1453,3.6765,,,0,低,23,0,差ま0%,1 5522,0,41.1,1.0298,0,0,0,0.0833,0,0.0833,0.25,0.25,,,C,○,,0.3948,0.6485,,0.1854,A,64,0,◎-○軸 3着3〜4艇流し（10〜15点）,0.5777,"{'is_target': True, 'verdict': '参加推奨', 'max_combo_prob': 0.0844, 'est_top_odds': 15.8, 'circle_concentration': 66.6, 'eligible_count': 8, 'bet_adj': 2, 'reason': 'rel_win1=58.5%（本命度） / 最有力組み合わせ確率: 0.084（推定実オッズ?16倍） / 2着集中度: 上位2艇 66.6%（補正+0.00） / 総合判定確率: 0.084 / → ヒモ分散。1号艇1着固定で広めのヒモ流し推奨（買い目+2点）', 'tenji_trigger': '展示確認: ヒモ分散レース。1号艇伸び確認後、広めのヒモ流しを採用。穴ヒモ（5・6号艇）を積極的に含める。'}",,,29.8,両建て推奨,10.74,39.4,2,,,,,,,,,,,
2026-01-21,丸亀,4,6,平山智加,A1,29.67,6,,1.4253,10.1,66,40.9,0.1764,4.2727,,,0,低,46,0,-,213 13,0,73.1,1.2067,,,,,,0,0.1818,0.1818,,,D,◎,,0.3146,0.651,,0.1854,A,64,0,◎-○軸 3着3〜4艇流し（10〜15点）,0.5777,"{'is_target': True, 'verdict': '参加推奨', 'max_combo_prob': 0.0844, 'est_top_odds': 15.8, 'circle_concentration': 66.6, 'eligible_count': 8, 'bet_adj': 2, 'reason': 'rel_win1=58.5%（本命度） / 最有力組み合わせ確率: 0.084（推定実オッズ?16倍） / 2着集中度: 上位2艇 66.6%（補正+0.00） / 総合判定確率: 0.084 / → ヒモ分散。1号艇1着固定で広めのヒモ流し推奨（買い目+2点）', 'tenji_trigger': '展示確認: ヒモ分散レース。1号艇伸び確認後、広めのヒモ流しを採用。穴ヒモ（5・6号艇）を積極的に含める。'}",,,29.8,両建て推奨,10.74,39.4,2,,,,,,,,,,,
2026-01-21,丸亀,5,1,来田衣織,B1,46.91,1,◎,56.3104,,0,71.4,0.1914,4.3095,,,0,低,96,0,逃0%,1 155,0,66.3,0.9547,0.5,,,,,0,0.4,0,△,,A,△,,,0.585,,0.216,A,72,0,◎-○軸 3着3〜4艇流し（10〜15点）,0.5777,"{'is_target': True, 'verdict': '参加推奨', 'max_combo_prob': 0.0605, 'est_top_odds': 22.0, 'circle_concentration': 73.6, 'eligible_count': 8, 'bet_adj': 2, 'reason': 'rel_win1=56.3%（本命度） / 最有力組み合わせ確率: 0.060（推定実オッズ?22倍） / 2着集中度: 上位2艇 73.6%（補正+0.04） / 総合判定確率: 0.100 / → ヒモ分散。1号艇1着固定で広めのヒモ流し推奨（買い目+2点）', 'tenji_trigger': '展示確認: ヒモ分散レース。1号艇伸び確認後、広めのヒモ流しを採用。穴ヒモ（5・6号艇）を積極的に含める。\n展示で1号艇スタート遅め(0.191秒)確認→ヒモが荒れやすい'}",,,28.9,逃げ狙い,13.89,34.1,5,2-1-3|1-2-5|1-2-3|1-3-5|1-3-2|2-1-5,5-1-6|5-6-1|6-1-3|2-1-3|6-1-4|6-1-5|6-4-1|1-2-5|1-2-3|1-3-5|1-3-2|2-1-5,2-1-3:2.65%|1-2-5:6.6%|1-2-3:6.32%|1-3-5:5.55%|1-3-2:5.53%|2-1-5:5.12%,2-1-3:B_main|1-2-5:A|1-2-3:A|1-3-5:A|1-3-2:A|2-1-5:B_sc,6,12,0.4535,1,[!]見送り推奨（主役決まり手「差し」― 逃げ劣勢レースで的中実績なし）,荒れ広め,D
2026-01-21,丸亀,5,2,中北　涼,B1,37.00,2,▲,9.7132,36.7,88,22.2,0.1417,2.8889,,,0,低,39,0,-,344 46,0,18.7,0.5379,,,,,,0.3333,0.4444,0,,◎,D,○,,0.5775,0.612,,0.216,A,72,0,◎-○軸 3着3〜4艇流し（10〜15点）,0.5777,"{'is_target': True, 'verdict': '参加推奨', 'max_combo_prob': 0.0605, 'est_top_odds': 22.0, 'circle_concentration': 73.6, 'eligible_count': 8, 'bet_adj': 2, 'reason': 'rel_win1=56.3%（本命度） / 最有力組み合わせ確率: 0.060（推定実オッズ?22倍） / 2着集中度: 上位2艇 73.6%（補正+0.04） / 総合判定確率: 0.100 / → ヒモ分散。1号艇1着固定で広めのヒモ流し推奨（買い目+2点）', 'tenji_trigger': '展示確認: ヒモ分散レース。1号艇伸び確認後、広めのヒモ流しを採用。穴ヒモ（5・6号艇）を積極的に含める。\n展示で1号艇スタート遅め(0.191秒)確認→ヒモが荒れやすい'}",,,28.9,逃げ狙い,13.89,34.1,5,,,,,,,,,,,
2026-01-21,丸亀,5,3,中川りな,A2,31.87,3,,9.4941,36.8,73,46.9,0.1659,3.6406,,,0,低,61,0,-,34133,0,44.5,0.6371,0,0,0.0667,0,0,0,0.1429,0.0714,,○,E,◎,,0.4155,0.6205,,0.216,A,72,0,◎-○軸 3着3〜4艇流し（10〜15点）,0.5777,"{'is_target': True, 'verdict': '参加推奨', 'max_combo_prob': 0.0605, 'est_top_odds': 22.0, 'circle_concentration': 73.6, 'eligible_count': 8, 'bet_adj': 2, 'reason': 'rel_win1=56.3%（本命度） / 最有力組み合わせ確率: 0.060（推定実オッズ?22倍） / 2着集中度: 上位2艇 73.6%（補正+0.04） / 総合判定確率: 0.100 / → ヒモ分散。1号艇1着固定で広めのヒモ流し推奨（買い目+2点）', 'tenji_trigger': '展示確認: ヒモ分散レース。1号艇伸び確認後、広めのヒモ流しを採用。穴ヒモ（5・6号艇）を積極的に含める。\n展示で1号艇スタート遅め(0.191秒)確認→ヒモが荒れやすい'}",,,28.9,逃げ狙い,13.89,34.1,5,,,,,,,,,,,
2026-01-21,丸亀,5,4,三嶌さら,B1,37.08,4,△,8.6015,8.2,100,24.2,0.1927,4.2424,,,0,低,82,0,差0%,1 142,0,41.4,0.9202,0,0.0455,0,0,0,0,0.25,0,,,C,△,,0.2777,0.576,,0.216,A,72,0,◎-○軸 3着3〜4艇流し（10〜15点）,0.5777,"{'is_target': True, 'verdict': '参加推奨', 'max_combo_prob': 0.0605, 'est_top_odds': 22.0, 'circle_concentration': 73.6, 'eligible_count': 8, 'bet_adj': 2, 'reason': 'rel_win1=56.3%（本命度） / 最有力組み合わせ確率: 0.060（推定実オッズ?22倍） / 2着集中度: 上位2艇 73.6%（補正+0.04） / 総合判定確率: 0.100 / → ヒモ分散。1号艇1着固定で広めのヒモ流し推奨（買い目+2点）', 'tenji_trigger': '展示確認: ヒモ分散レース。1号艇伸び確認後、広めのヒモ流しを採用。穴ヒモ（5・6号艇）を積極的に含める。\n展示で1号艇スタート遅め(0.191秒)確認→ヒモが荒れやすい'}",,,28.9,逃げ狙い,13.89,34.1,5,,,,,,,,,,,
2026-01-21,丸亀,5,5,武井莉里,A2,40.66,5,○,14.612,14.6,81,38.7,0.1823,3,,,0,低,82,0,差ま0%,231 42,0,86.6,1.4829,0,0,0,0.2727,0,0,0.4167,0,,,B,,,0.3709,0.5265,,0.216,A,72,0,◎-○軸 3着3〜4艇流し（10〜15点）,0.5777,"{'is_target': True, 'verdict': '参加推奨', 'max_combo_prob': 0.0605, 'est_top_odds': 22.0, 'circle_concentration': 73.6, 'eligible_count': 8, 'bet_adj': 2, 'reason': 'rel_win1=56.3%（本命度） / 最有力組み合わせ確率: 0.060（推定実オッズ?22倍） / 2着集中度: 上位2艇 73.6%（補正+0.04） / 総合判定確率: 0.100 / → ヒモ分散。1号艇1着固定で広めのヒモ流し推奨（買い目+2点）', 'tenji_trigger': '展示確認: ヒモ分散レース。1号艇伸び確認後、広めのヒモ流しを採用。穴ヒモ（5・6号艇）を積極的に含める。\n展示で1号艇スタート遅め(0.191秒)確認→ヒモが荒れやすい'}",,,28.9,逃げ狙い,13.89,34.1,5,,,,,,,,,,,
2026-01-21,丸亀,5,6,米丸乃絵,A1,37.50,6,,1.2688,3.6,88,22.9,0.2046,4.1714,,,0,低,62,0,-,241 23,0,23.4,0.9731,,,,,,0,0,0,,,C,,,0.2645,0.5575,,0.216,A,72,0,◎-○軸 3着3〜4艇流し（10〜15点）,0.5777,"{'is_target': True, 'verdict': '参加推奨', 'max_combo_prob': 0.0605, 'est_top_odds': 22.0, 'circle_concentration': 73.6, 'eligible_count': 8, 'bet_adj': 2, 'reason': 'rel_win1=56.3%（本命度） / 最有力組み合わせ確率: 0.060（推定実オッズ?22倍） / 2着集中度: 上位2艇 73.6%（補正+0.04） / 総合判定確率: 0.100 / → ヒモ分散。1号艇1着固定で広めのヒモ流し推奨（買い目+2点）', 'tenji_trigger': '展示確認: ヒモ分散レース。1号艇伸び確認後、広めのヒモ流しを採用。穴ヒモ（5・6号艇）を積極的に含める。\n展示で1号艇スタート遅め(0.191秒)確認→ヒモが荒れやすい'}",,,28.9,逃げ狙い,13.89,34.1,5,,,,,,,,,,,
2026-01-21,丸亀,6,1,湯淺紀香,A2,46.43,1,◎,57.1136,,0,88.9,0.1515,3.463,,,0,低,73,0,逃1%,415 15,0,88.2,1.1384,0.6667,,,,,0,0.22,0,○,,A,△,,,0.6005,,0.4458,S,82,0,◎1着固定 2-3着流し（5〜8点）,0.5777,"{'is_target': True, 'verdict': '参加推奨', 'max_combo_prob': 0.0593, 'est_top_odds': 22.5, 'circle_concentration': 69.7, 'eligible_count': 6, 'bet_adj': 2, 'reason': 'rel_win1=57.1%（本命度） / 最有力組み合わせ確率: 0.059（推定実オッズ?22倍） / 2着集中度: 上位2艇 69.7%（補正+0.00） / 総合判定確率: 0.059 / → ヒモ分散。1号艇1着固定で広めのヒモ流し推奨（買い目+2点）', 'tenji_trigger': '展示確認: ヒモ分散レース。1号艇伸び確認後、広めのヒモ流しを採用。穴ヒモ（5・6号艇）を積極的に含める。'}",,,27.8,逃げ狙い,17.97,27.5,2,,,,,0,0,0.6155,0,,逃げ軸流し,A
2026-01-21,丸亀,6,2,山本梨菜,A1,41.46,2,○,18.3934,38.6,100,79.2,0.1446,3.1667,,,0,低,40,0,差0% ま0%,2 5611,0,70.1,1.3152,0,0.0909,0.0909,0,0,0.0471,0.0235,0.1328,,◎,B,,,0.3904,0.5915,,0.4458,S,82,0,◎1着固定 2-3着流し（5〜8点）,0.5777,"{'is_target': True, 'verdict': '参加推奨', 'max_combo_prob': 0.0593, 'est_top_odds': 22.5, 'circle_concentration': 69.7, 'eligible_count': 6, 'bet_adj': 2, 'reason': 'rel_win1=57.1%（本命度） / 最有力組み合わせ確率: 0.059（推定実オッズ?22倍） / 2着集中度: 上位2艇 69.7%（補正+0.00） / 総合判定確率: 0.059 / → ヒモ分散。1号艇1着固定で広めのヒモ流し推奨（買い目+2点）', 'tenji_trigger': '展示確認: ヒモ分散レース。1号艇伸び確認後、広めのヒモ流しを採用。穴ヒモ（5・6号艇）を積極的に含める。'}",,,27.8,逃げ狙い,17.97,27.5,2,,,,,,,,,,,
2026-01-21,丸亀,6,3,原加央理,B1,32.63,3,▲,11.9269,31,68,54.5,0.1442,2.5455,,,0,低,57,0,差0% ま0%,4 522,0,69.5,1.0863,0,0.0526,0.0526,0,0,0.1875,0.3125,0.125,,,D,△,,0.3238,0.6085,,0.4458,S,82,0,◎1着固定 2-3着流し（5〜8点）,0.5777,"{'is_target': True, 'verdict': '参加推奨', 'max_combo_prob': 0.0593, 'est_top_odds': 22.5, 'circle_concentration': 69.7, 'eligible_count': 6, 'bet_adj': 2, 'reason': 'rel_win1=57.1%（本命度） / 最有力組み合わせ確率: 0.059（推定実オッズ?22倍） / 2着集中度: 上位2艇 69.7%（補正+0.00） / 総合判定確率: 0.059 / → ヒモ分散。1号艇1着固定で広めのヒモ流し推奨（買い目+2点）', 'tenji_trigger': '展示確認: ヒモ分散レース。1号艇伸び確認後、広めのヒモ流しを採用。穴ヒモ（5・6号艇）を積極的に含める。'}",,,27.8,逃げ狙い,17.97,27.5,2,,,,,,,,,,,
2026-01-21,丸亀,6,4,喜多那由,B1,27.08,4,,5.0515,15.2,60,33.3,0.1662,3.8452,,,0,低,95,0,抜0%,4 643,0,24.5,0.6917,0,0,0,0,0.0588,0.2643,0.0857,0.4143,,,E,◎,,0.2558,0.6495,,0.4458,S,82,0,◎1着固定 2-3着流し（5〜8点）,0.5777,"{'is_target': True, 'verdict': '参加推奨', 'max_combo_prob': 0.0593, 'est_top_odds': 22.5, 'circle_concentration': 69.7, 'eligible_count': 6, 'bet_adj': 2, 'reason': 'rel_win1=57.1%（本命度） / 最有力組み合わせ確率: 0.059（推定実オッズ?22倍） / 2着集中度: 上位2艇 69.7%（補正+0.00） / 総合判定確率: 0.059 / → ヒモ分散。1号艇1着固定で広めのヒモ流し推奨（買い目+2点）', 'tenji_trigger': '展示確認: ヒモ分散レース。1号艇伸び確認後、広めのヒモ流しを採用。穴ヒモ（5・6号艇）を積極的に含める。'}",,,27.8,逃げ狙い,17.97,27.5,2,,,,,,,,,,,
2026-01-21,丸亀,6,5,坂野さく,B1,32.53,5,,6.4377,13.9,69,43.8,0.16,3.2656,,,0,低,76,0,ま0%,461 55,0,45.6,1.2843,0,0,0.0714,0,0,0.2889,0.2889,0.2444,,,D,,,0.2665,0.5865,,0.4458,S,82,0,◎1着固定 2-3着流し（5〜8点）,0.5777,"{'is_target': True, 'verdict': '参加推奨', 'max_combo_prob': 0.0593, 'est_top_odds': 22.5, 'circle_concentration': 69.7, 'eligible_count': 6, 'bet_adj': 2, 'reason': 'rel_win1=57.1%（本命度） / 最有力組み合わせ確率: 0.059（推定実オッズ?22倍） / 2着集中度: 上位2艇 69.7%（補正+0.00） / 総合判定確率: 0.059 / → ヒモ分散。1号艇1着固定で広めのヒモ流し推奨（買い目+2点）', 'tenji_trigger': '展示確認: ヒモ分散レース。1号艇伸び確認後、広めのヒモ流しを採用。穴ヒモ（5・6号艇）を積極的に含める。'}",,,27.8,逃げ狙い,17.97,27.5,2,,,,,,,,,,,
2026-01-21,丸亀,6,6,清水愛海,A1,38.95,6,△,1.0769,1.2,70,35.3,0.1865,4.0147,,,0,低,73,0,-,13222,0,71,1.4047,,,,,,0.0909,0.1818,0,,,C,○,,0.2007,0.634,,0.4458,S,82,0,◎1着固定 2-3着流し（5〜8点）,0.5777,"{'is_target': True, 'verdict': '参加推奨', 'max_combo_prob': 0.0593, 'est_top_odds': 22.5, 'circle_concentration': 69.7, 'eligible_count': 6, 'bet_adj': 2, 'reason': 'rel_win1=57.1%（本命度） / 最有力組み合わせ確率: 0.059（推定実オッズ?22倍） / 2着集中度: 上位2艇 69.7%（補正+0.00） / 総合判定確率: 0.059 / → ヒモ分散。1号艇1着固定で広めのヒモ流し推奨（買い目+2点）', 'tenji_trigger': '展示確認: ヒモ分散レース。1号艇伸び確認後、広めのヒモ流しを採用。穴ヒモ（5・6号艇）を積極的に含める。'}",,,27.8,逃げ狙い,17.97,27.5,2,,,,,,,,,,,
2026-01-21,丸亀,7,1,西村美智,B2,37.35,1,◎,60.9698,,0,93.8,0.145,2.8438,,,0,低,25,0,逃1%,3 3S1,0,90.9,1.2038,0.5556,,,,,0.1111,0.1111,0.1111,◎⚠️,,C,○,,,0.6285,,0.6477,S,90,0,◎1着固定 2-3着流し（5〜8点）,0.5777,"{'is_target': True, 'verdict': '参加推奨', 'max_combo_prob': 0.0735, 'est_top_odds': 18.1, 'circle_concentration': 69.8, 'eligible_count': 6, 'bet_adj': 2, 'reason': 'rel_win1=61.0%（本命度） / 最有力組み合わせ確率: 0.073（推定実オッズ?18倍） / 2着集中度: 上位2艇 69.8%（補正+0.00） / 総合判定確率: 0.073 / → ヒモ分散。1号艇1着固定で広めのヒモ流し推奨（買い目+2点）', 'tenji_trigger': '展示確認: ヒモ分散レース。1号艇伸び確認後、広めのヒモ流しを採用。穴ヒモ（5・6号艇）を積極的に含める。'}",,,28.1,逃げ狙い,17.89,28.6,3,2-3-4|2-3-6|2-4-6|2-4-3|2-3-5|2-6-4|2-6-3|2-1-4|2-1-5|2-1-3|1-2-4,2-3-4|2-3-6|2-4-6|2-4-3|2-3-5|2-6-4|2-6-3|2-1-4|2-1-5|2-1-3|1-2-4|5-1-6,2-3-4:0.53%|2-3-6:0.48%|2-4-6:0.28%|2-4-3:0.28%|2-3-5:0.27%|2-6-4:0.25%|2-6-3:0.22%|2-1-4:16.69%|2-1-5:10.32%|2-1-3:9.63%|1-2-4:5.3%,2-3-4:B_main|2-3-6:B_main|2-4-6:B_main|2-4-3:B_main|2-3-5:B_main|2-6-4:B_main|2-6-3:B_main|2-1-4:B_sc|2-1-5:B_sc|2-1-3:B_sc|1-2-4:A,11,12,0.4535,1,[!]見送り推奨（主役決まり手「まくり」― 逃げ劣勢レースで的中実績なし）,主役軸流し,B
2026-01-21,丸亀,7,2,池田浩美,B1,27.08,2,,13.3357,42.9,71,56,0.178,3.36,,,0,低,68,0,差0% ま0%,226 42,0,35.9,0.9338,0,0.0909,0.1818,0,0,0.375,0,0.125,,,E,△,,0.0818,0.614,,0.6477,S,90,0,◎1着固定 2-3着流し（5〜8点）,0.5777,"{'is_target': True, 'verdict': '参加推奨', 'max_combo_prob': 0.0735, 'est_top_odds': 18.1, 'circle_concentration': 69.8, 'eligible_count': 6, 'bet_adj': 2, 'reason': 'rel_win1=61.0%（本命度） / 最有力組み合わせ確率: 0.073（推定実オッズ?18倍） / 2着集中度: 上位2艇 69.8%（補正+0.00） / 総合判定確率: 0.073 / → ヒモ分散。1号艇1着固定で広めのヒモ流し推奨（買い目+2点）', 'tenji_trigger': '展示確認: ヒモ分散レース。1号艇伸び確認後、広めのヒモ流しを採用。穴ヒモ（5・6号艇）を積極的に含める。'}",,,28.1,逃げ狙い,17.89,28.6,3,,,,,,,,,,,
2026-01-21,丸亀,7,3,渡辺千草,B1,40.00,3,△,8.0769,20.5,96,50,0.1717,3.3333,,,0,低,79,0,-,444 14,0,27.1,0.9138,,,,,,0.3,0.3,0.3,,,B,△,,0.1758,0.622,,0.6477,S,90,0,◎1着固定 2-3着流し（5〜8点）,0.5777,"{'is_target': True, 'verdict': '参加推奨', 'max_combo_prob': 0.0735, 'est_top_odds': 18.1, 'circle_concentration': 69.8, 'eligible_count': 6, 'bet_adj': 2, 'reason': 'rel_win1=61.0%（本命度） / 最有力組み合わせ確率: 0.073（推定実オッズ?18倍） / 2着集中度: 上位2艇 69.8%（補正+0.00） / 総合判定確率: 0.073 / → ヒモ分散。1号艇1着固定で広めのヒモ流し推奨（買い目+2点）', 'tenji_trigger': '展示確認: ヒモ分散レース。1号艇伸び確認後、広めのヒモ流しを採用。穴ヒモ（5・6号艇）を積極的に含める。'}",,,28.1,逃げ狙い,17.89,28.6,3,,,,,,,,,,,
2026-01-21,丸亀,7,4,山田理央,A2,39.56,4,▲,11.3484,26.9,100,53.8,0.1582,3.1923,,,0,低,62,0,-,15113,0,56.8,1.1857,0,0.0625,0.0625,0.0625,0,0.0444,0.1444,0.0222,,,C,,◎,0.2437,0.6,0.3107,0.6477,S,90,0,◎1着固定 2-3着流し（5〜8点）,0.5777,"{'is_target': True, 'verdict': '参加推奨', 'max_combo_prob': 0.0735, 'est_top_odds': 18.1, 'circle_concentration': 69.8, 'eligible_count': 6, 'bet_adj': 2, 'reason': 'rel_win1=61.0%（本命度） / 最有力組み合わせ確率: 0.073（推定実オッズ?18倍） / 2着集中度: 上位2艇 69.8%（補正+0.00） / 総合判定確率: 0.073 / → ヒモ分散。1号艇1着固定で広めのヒモ流し推奨（買い目+2点）', 'tenji_trigger': '展示確認: ヒモ分散レース。1号艇伸び確認後、広めのヒモ流しを採用。穴ヒモ（5・6号艇）を積極的に含める。'}",,,28.1,逃げ狙い,17.89,28.6,3,,,,,,,,,,,
2026-01-21,丸亀,7,5,中田夕貴,A2,30.00,5,,2.7269,8.4,86,29.6,0.1489,3.5741,,,0,低,68,0,-,5 5S55,0,30.6,0.8814,,,,,,0.1927,0.3127,0,,,D,,,0.2995,0.5955,,0.6477,S,90,0,◎1着固定 2-3着流し（5〜8点）,0.5777,"{'is_target': True, 'verdict': '参加推奨', 'max_combo_prob': 0.0735, 'est_top_odds': 18.1, 'circle_concentration': 69.8, 'eligible_count': 6, 'bet_adj': 2, 'reason': 'rel_win1=61.0%（本命度） / 最有力組み合わせ確率: 0.073（推定実オッズ?18倍） / 2着集中度: 上位2艇 69.8%（補正+0.00） / 総合判定確率: 0.073 / → ヒモ分散。1号艇1着固定で広めのヒモ流し推奨（買い目+2点）', 'tenji_trigger': '展示確認: ヒモ分散レース。1号艇伸び確認後、広めのヒモ流しを採用。穴ヒモ（5・6号艇）を積極的に含める。'}",,,28.1,逃げ狙い,17.89,28.6,3,,,,,,,,,,,
2026-01-21,丸亀,7,6,井上遥妃,A1,53.09,6,○,3.5424,1.3,74,26.5,0.1618,3.1618,,,0,低,34,0,-,21311,0,51.6,1.1786,,,,,,0,0.1944,0.2389,,,A,◎,,0.2566,0.634,,0.6477,S,90,0,◎1着固定 2-3着流し（5〜8点）,0.5777,"{'is_target': True, 'verdict': '参加推奨', 'max_combo_prob': 0.0735, 'est_top_odds': 18.1, 'circle_concentration': 69.8, 'eligible_count': 6, 'bet_adj': 2, 'reason': 'rel_win1=61.0%（本命度） / 最有力組み合わせ確率: 0.073（推定実オッズ?18倍） / 2着集中度: 上位2艇 69.8%（補正+0.00） / 総合判定確率: 0.073 / → ヒモ分散。1号艇1着固定で広めのヒモ流し推奨（買い目+2点）', 'tenji_trigger': '展示確認: ヒモ分散レース。1号艇伸び確認後、広めのヒモ流しを採用。穴ヒモ（5・6号艇）を積極的に含める。'}",,,28.1,逃げ狙い,17.89,28.6,3,,,,,,,,,,,
2026-01-21,丸亀,8,1,小芦るり,A1,29.41,1,◎,64.2599,,0,88.9,0.1544,3.1111,,,0,低,61,0,逃1%,352241,0,89.1,1.166,0.6923,,,,,0.0308,0,0.1615,◎,,E,◎,,,0.6255,,0.5255,S,90,0,◎1着固定 2-3着流し（5〜8点）,0.5777,"{'is_target': True, 'verdict': '参加推奨', 'max_combo_prob': 0.1002, 'est_top_odds': 13.3, 'circle_concentration': 68.3, 'eligible_count': 6, 'bet_adj': 2, 'reason': 'rel_win1=64.3%（本命度） / 最有力組み合わせ確率: 0.100（推定実オッズ?13倍） / 2着集中度: 上位2艇 68.3%（補正+0.00） / 総合判定確率: 0.100 / → ヒモ分散。1号艇1着固定で広めのヒモ流し推奨（買い目+2点）', 'tenji_trigger': '展示確認: ヒモ分散レース。1号艇伸び確認後、広めのヒモ流しを採用。穴ヒモ（5・6号艇）を積極的に含める。'}",,,27.3,逃げ狙い,18.63,25.5,2,,,,,0,0,0.7559,0,,逃げ軸流し,A
2026-01-21,丸亀,8,2,山口真喜,A2,37.37,2,▲,15.4086,42,100,62.5,0.1759,4.1094,,,0,低,83,0,差0%,1 1S63,0,45.7,1.0483,0,0.0909,0,0,0,0.1818,0.3636,0.2727,,,B,,,0.105,0.508,,0.5255,S,90,0,◎1着固定 2-3着流し（5〜8点）,0.5777,"{'is_target': True, 'verdict': '参加推奨', 'max_combo_prob': 0.1002, 'est_top_odds': 13.3, 'circle_concentration': 68.3, 'eligible_count': 6, 'bet_adj': 2, 'reason': 'rel_win1=64.3%（本命度） / 最有力組み合わせ確率: 0.100（推定実オッズ?13倍） / 2着集中度: 上位2艇 68.3%（補正+0.00） / 総合判定確率: 0.100 / → ヒモ分散。1号艇1着固定で広めのヒモ流し推奨（買い目+2点）', 'tenji_trigger': '展示確認: ヒモ分散レース。1号艇伸び確認後、広めのヒモ流しを採用。穴ヒモ（5・6号艇）を積極的に含める。'}",,,27.3,逃げ狙い,18.63,25.5,2,,,,,,,,,,,
2026-01-21,丸亀,8,3,谷口佳蓮,B1,35.16,3,△,9.3551,26.3,59,33.3,0.1462,3,,,0,低,45,0,-,243 1S,0,51.1,1.1517,0,0,0.0625,0.0625,0,0.1091,0,0.2727,,,C,△,,0.3347,0.5715,,0.5255,S,90,0,◎1着固定 2-3着流し（5〜8点）,0.5777,"{'is_target': True, 'verdict': '参加推奨', 'max_combo_prob': 0.1002, 'est_top_odds': 13.3, 'circle_concentration': 68.3, 'eligible_count': 6, 'bet_adj': 2, 'reason': 'rel_win1=64.3%（本命度） / 最有力組み合わせ確率: 0.100（推定実オッズ?13倍） / 2着集中度: 上位2艇 68.3%（補正+0.00） / 総合判定確率: 0.100 / → ヒモ分散。1号艇1着固定で広めのヒモ流し推奨（買い目+2点）', 'tenji_trigger': '展示確認: ヒモ分散レース。1号艇伸び確認後、広めのヒモ流しを採用。穴ヒモ（5・6号艇）を積極的に含める。'}",,,27.3,逃げ狙い,18.63,25.5,2,,,,,,,,,,,
2026-01-21,丸亀,8,4,角ひとみ,A2,31.76,4,,6.7155,23.4,68,37.5,0.1879,4.0833,,,0,低,104,0,抜0%,666 66,0,30.5,0.8164,0,0,0,0,0.0833,0.1267,0.1533,0.0267,,,D,○,,0.1819,0.6195,,0.5255,S,90,0,◎1着固定 2-3着流し（5〜8点）,0.5777,"{'is_target': True, 'verdict': '参加推奨', 'max_combo_prob': 0.1002, 'est_top_odds': 13.3, 'circle_concentration': 68.3, 'eligible_count': 6, 'bet_adj': 2, 'reason': 'rel_win1=64.3%（本命度） / 最有力組み合わせ確率: 0.100（推定実オッズ?13倍） / 2着集中度: 上位2艇 68.3%（補正+0.00） / 総合判定確率: 0.100 / → ヒモ分散。1号艇1着固定で広めのヒモ流し推奨（買い目+2点）', 'tenji_trigger': '展示確認: ヒモ分散レース。1号艇伸び確認後、広めのヒモ流しを採用。穴ヒモ（5・6号艇）を積極的に含める。'}",,,27.3,逃げ狙い,18.63,25.5,2,,,,,,,,,,,
2026-01-21,丸亀,8,5,赤井　睦,B1,50.00,5,○,3.2233,7.3,88,29.4,0.1365,2.8529,,,0,低,24,0,-,636 54,0,41.5,0.8771,,,,,,0.1944,0.0444,0.4333,,,A,△,,0.3669,0.596,,0.5255,S,90,0,◎1着固定 2-3着流し（5〜8点）,0.5777,"{'is_target': True, 'verdict': '参加推奨', 'max_combo_prob': 0.1002, 'est_top_odds': 13.3, 'circle_concentration': 68.3, 'eligible_count': 6, 'bet_adj': 2, 'reason': 'rel_win1=64.3%（本命度） / 最有力組み合わせ確率: 0.100（推定実オッズ?13倍） / 2着集中度: 上位2艇 68.3%（補正+0.00） / 総合判定確率: 0.100 / → ヒモ分散。1号艇1着固定で広めのヒモ流し推奨（買い目+2点）', 'tenji_trigger': '展示確認: ヒモ分散レース。1号艇伸び確認後、広めのヒモ流しを採用。穴ヒモ（5・6号艇）を積極的に含める。'}",,,27.3,逃げ狙い,18.63,25.5,2,,,,,,,,,,,
2026-01-21,丸亀,8,6,赤松咲香,B2,33.70,6,,1.0375,1,22,1.6,0.1911,4.3607,,,0,低,41,0,-,656 56,0,23.4,0.635,,,,,,,,,,,D,,,0.1932,0.535,,0.5255,S,90,0,◎1着固定 2-3着流し（5〜8点）,0.5777,"{'is_target': True, 'verdict': '参加推奨', 'max_combo_prob': 0.1002, 'est_top_odds': 13.3, 'circle_concentration': 68.3, 'eligible_count': 6, 'bet_adj': 2, 'reason': 'rel_win1=64.3%（本命度） / 最有力組み合わせ確率: 0.100（推定実オッズ?13倍） / 2着集中度: 上位2艇 68.3%（補正+0.00） / 総合判定確率: 0.100 / → ヒモ分散。1号艇1着固定で広めのヒモ流し推奨（買い目+2点）', 'tenji_trigger': '展示確認: ヒモ分散レース。1号艇伸び確認後、広めのヒモ流しを採用。穴ヒモ（5・6号艇）を積極的に含める。'}",,,27.3,逃げ狙い,18.63,25.5,2,,,,,,,,,,,
2026-01-21,丸亀,9,1,米丸乃絵,A1,37.50,1,◎,57.6194,,0,83.3,0.1488,2.6667,,,0,低,62,0,逃1%,241 23,0,86,1.0825,0.9091,,,,,0,0,0,◎,,C,,,,0.5575,,0.57,A,62,0,◎-○軸 3着3〜4艇流し（10〜15点）,0.5777,"{'is_target': True, 'verdict': '点数絞り', 'max_combo_prob': 0.089, 'est_top_odds': 15.0, 'circle_concentration': 74.0, 'eligible_count': 8, 'bet_adj': 0, 'reason': 'rel_win1=57.6%（本命度） / 最有力組み合わせ確率: 0.089（推定実オッズ?15倍） / 2着集中度: 上位2艇 74.0%（補正+0.04） / 総合判定確率: 0.129 / → ヒモはやや固め。上位2艇以外を切ること', 'tenji_trigger': '展示確認: 1号艇伸び良→そのまま採用。悪→飛び組に差し替え。circle_pct上位2艇に絞り込むこと。'}",,,26.9,両建て推奨,21.48,22.1,3,,,,,0,0,0.7559,0,,逃げ軸流し,A
2026-01-21,丸亀,9,2,山川美由,A2,55.56,2,○,10.5616,41.9,57,46.2,0.1577,3.6923,,,0,低,16,1,-,1 432,0,45.5,0.7772,,,,,,0,0,0.3333,,,A,△,,0.2385,0.584,,0.57,A,62,0,◎-○軸 3着3〜4艇流し（10〜15点）,0.5777,"{'is_target': True, 'verdict': '点数絞り', 'max_combo_prob': 0.089, 'est_top_odds': 15.0, 'circle_concentration': 74.0, 'eligible_count': 8, 'bet_adj': 0, 'reason': 'rel_win1=57.6%（本命度） / 最有力組み合わせ確率: 0.089（推定実オッズ?15倍） / 2着集中度: 上位2艇 74.0%（補正+0.04） / 総合判定確率: 0.129 / → ヒモはやや固め。上位2艇以外を切ること', 'tenji_trigger': '展示確認: 1号艇伸び良→そのまま採用。悪→飛び組に差し替え。circle_pct上位2艇に絞り込むこと。'}",,,26.9,両建て推奨,21.48,22.1,3,,,,,,,,,,,
2026-01-21,丸亀,9,3,戸敷晃美,A2,48.10,3,▲,18.048,32.2,51,63.9,0.1706,3.3194,,,0,低,73,0,差0% ま0%,323 16,0,66.3,1.3831,0,0.0833,0.0833,0,0,0,0.0444,0.1422,,,B,△,,0.1868,0.589,,0.57,A,62,0,◎-○軸 3着3〜4艇流し（10〜15点）,0.5777,"{'is_target': True, 'verdict': '点数絞り', 'max_combo_prob': 0.089, 'est_top_odds': 15.0, 'circle_concentration': 74.0, 'eligible_count': 8, 'bet_adj': 0, 'reason': 'rel_win1=57.6%（本命度） / 最有力組み合わせ確率: 0.089（推定実オッズ?15倍） / 2着集中度: 上位2艇 74.0%（補正+0.04） / 総合判定確率: 0.129 / → ヒモはやや固め。上位2艇以外を切ること', 'tenji_trigger': '展示確認: 1号艇伸び良→そのまま採用。悪→飛び組に差し替え。circle_pct上位2艇に絞り込むこと。'}",,,26.9,両建て推奨,21.48,22.1,3,,,,,,,,,,,
2026-01-21,丸亀,9,4,中川りな,A2,31.87,4,,8.0973,13.9,100,55.6,0.1511,2.8056,,,0,低,61,0,ま0%,34133,0,55.4,1.0945,0,0,0.1111,0,0,0,0.1429,0.0714,,,E,○,,0.2984,0.6205,,0.57,A,62,0,◎-○軸 3着3〜4艇流し（10〜15点）,0.5777,"{'is_target': True, 'verdict': '点数絞り', 'max_combo_prob': 0.089, 'est_top_odds': 15.0, 'circle_concentration': 74.0, 'eligible_count': 8, 'bet_adj': 0, 'reason': 'rel_win1=57.6%（本命度） / 最有力組み合わせ確率: 0.089（推定実オッズ?15倍） / 2着集中度: 上位2艇 74.0%（補正+0.04） / 総合判定確率: 0.129 / → ヒモはやや固め。上位2艇以外を切ること', 'tenji_trigger': '展示確認: 1号艇伸び良→そのまま採用。悪→飛び組に差し替え。circle_pct上位2艇に絞り込むこと。'}",,,26.9,両建て推奨,21.48,22.1,3,,,,,,,,,,,
2026-01-21,丸亀,9,5,落合直子,A2,35.23,5,,3.4472,8.7,74,35.5,0.1248,2.4355,,,0,低,40,0,-,5 2433,0,26.7,0.7193,,,,,,0.025,0,0.225,,,D,◎,,0.3869,0.6465,,0.57,A,62,0,◎-○軸 3着3〜4艇流し（10〜15点）,0.5777,"{'is_target': True, 'verdict': '点数絞り', 'max_combo_prob': 0.089, 'est_top_odds': 15.0, 'circle_concentration': 74.0, 'eligible_count': 8, 'bet_adj': 0, 'reason': 'rel_win1=57.6%（本命度） / 最有力組み合わせ確率: 0.089（推定実オッズ?15倍） / 2着集中度: 上位2艇 74.0%（補正+0.04） / 総合判定確率: 0.129 / → ヒモはやや固め。上位2艇以外を切ること', 'tenji_trigger': '展示確認: 1号艇伸び良→そのまま採用。悪→飛び組に差し替え。circle_pct上位2艇に絞り込むこと。'}",,,26.9,両建て推奨,21.48,22.1,3,,,,,,,,,,,
2026-01-21,丸亀,9,6,大橋由珠,B2,35.71,6,△,2.2265,3.4,46,25,0.135,3.625,,,0,低,12,1,-,6 431,0,25.6,1.02,,,,,,0,0.7143,0,,,D,,,0.3539,0.5495,,0.57,A,62,0,◎-○軸 3着3〜4艇流し（10〜15点）,0.5777,"{'is_target': True, 'verdict': '点数絞り', 'max_combo_prob': 0.089, 'est_top_odds': 15.0, 'circle_concentration': 74.0, 'eligible_count': 8, 'bet_adj': 0, 'reason': 'rel_win1=57.6%（本命度） / 最有力組み合わせ確率: 0.089（推定実オッズ?15倍） / 2着集中度: 上位2艇 74.0%（補正+0.04） / 総合判定確率: 0.129 / → ヒモはやや固め。上位2艇以外を切ること', 'tenji_trigger': '展示確認: 1号艇伸び良→そのまま採用。悪→飛び組に差し替え。circle_pct上位2艇に絞り込むこと。'}",,,26.9,両建て推奨,21.48,22.1,3,,,,,,,,,,,
2026-01-21,丸亀,10,1,平山智加,A1,29.67,1,◎,62.7509,,0,91.4,0.1529,3.5286,,,0,低,46,0,逃0%,213 13,0,99,1.4063,0.6364,,,,,0,0.1818,0.1818,◎,,E,○,,,0.651,,0.4791,S,91,0,◎1着固定 2-3着流し（5〜8点）,0.5777,"{'is_target': True, 'verdict': '参加推奨', 'max_combo_prob': 0.0562, 'est_top_odds': 23.7, 'circle_concentration': 57.3, 'eligible_count': 6, 'bet_adj': 2, 'reason': 'rel_win1=62.8%（本命度） / 最有力組み合わせ確率: 0.056（推定実オッズ?24倍） / 2着集中度: 上位2艇 57.3%（補正+0.00） / 総合判定確率: 0.056 / → ヒモ分散。1号艇1着固定で広めのヒモ流し推奨（買い目+2点）', 'tenji_trigger': '展示確認: ヒモ分散レース。1号艇伸び確認後、広めのヒモ流しを採用。穴ヒモ（5・6号艇）を積極的に含める。'}",,,22.1,逃げ狙い,14.87,28.3,3,,,,,0,0,0.7559,0,,逃げ軸流し,A
2026-01-21,丸亀,10,2,武井莉里,A2,40.66,2,,9.3988,26.6,100,35.5,0.2016,4.4194,,,0,低,82,0,差0%,231 42,0,17.3,0.6284,0,0.0909,0,0,0,0,0.4167,0,,,C,,,0.07,0.5265,,0.4791,S,91,0,◎1着固定 2-3着流し（5〜8点）,0.5777,"{'is_target': True, 'verdict': '参加推奨', 'max_combo_prob': 0.0562, 'est_top_odds': 23.7, 'circle_concentration': 57.3, 'eligible_count': 6, 'bet_adj': 2, 'reason': 'rel_win1=62.8%（本命度） / 最有力組み合わせ確率: 0.056（推定実オッズ?24倍） / 2着集中度: 上位2艇 57.3%（補正+0.00） / 総合判定確率: 0.056 / → ヒモ分散。1号艇1着固定で広めのヒモ流し推奨（買い目+2点）', 'tenji_trigger': '展示確認: ヒモ分散レース。1号艇伸び確認後、広めのヒモ流しを採用。穴ヒモ（5・6号艇）を積極的に含める。'}",,,22.1,逃げ狙い,14.87,28.3,3,,,,,,,,,,,
2026-01-21,丸亀,10,3,三嶌さら,B1,37.08,3,△,10.6618,30.7,85,20,0.138,2.7,,,0,低,82,1,-,1 142,0,66.2,0.696,,,,,,0,0.25,0,,◎,D,,,0.3857,0.576,,0.4791,S,91,0,◎1着固定 2-3着流し（5〜8点）,0.5777,"{'is_target': True, 'verdict': '参加推奨', 'max_combo_prob': 0.0562, 'est_top_odds': 23.7, 'circle_concentration': 57.3, 'eligible_count': 6, 'bet_adj': 2, 'reason': 'rel_win1=62.8%（本命度） / 最有力組み合わせ確率: 0.056（推定実オッズ?24倍） / 2着集中度: 上位2艇 57.3%（補正+0.00） / 総合判定確率: 0.056 / → ヒモ分散。1号艇1着固定で広めのヒモ流し推奨（買い目+2点）', 'tenji_trigger': '展示確認: ヒモ分散レース。1号艇伸び確認後、広めのヒモ流しを採用。穴ヒモ（5・6号艇）を積極的に含める。'}",,,22.1,逃げ狙い,14.87,28.3,3,,,,,,,,,,,
2026-01-21,丸亀,10,4,松尾夏海,A1,45.65,4,○,10.6919,19.9,89,52.2,0.1513,2.5435,,,0,低,45,0,差ま0%,521 61,0,85.6,1.6923,0,0,0,0.125,0,,,,,,A,◎,,0.3087,0.684,,0.4791,S,91,0,◎1着固定 2-3着流し（5〜8点）,0.5777,"{'is_target': True, 'verdict': '参加推奨', 'max_combo_prob': 0.0562, 'est_top_odds': 23.7, 'circle_concentration': 57.3, 'eligible_count': 6, 'bet_adj': 2, 'reason': 'rel_win1=62.8%（本命度） / 最有力組み合わせ確率: 0.056（推定実オッズ?24倍） / 2着集中度: 上位2艇 57.3%（補正+0.00） / 総合判定確率: 0.056 / → ヒモ分散。1号艇1着固定で広めのヒモ流し推奨（買い目+2点）', 'tenji_trigger': '展示確認: ヒモ分散レース。1号艇伸び確認後、広めのヒモ流しを採用。穴ヒモ（5・6号艇）を積極的に含める。'}",,,22.1,逃げ狙い,14.87,28.3,3,,,,,,,,,,,
2026-01-21,丸亀,10,5,山本梨菜,A1,41.46,5,▲,5.3111,20.8,71,63.6,0.1545,3.4318,,,0,低,40,0,-,2 5611,0,85.7,1.6917,,,,,,0.0471,0.0235,0.1328,,,B,△,,0.3059,0.5915,,0.4791,S,91,0,◎1着固定 2-3着流し（5〜8点）,0.5777,"{'is_target': True, 'verdict': '参加推奨', 'max_combo_prob': 0.0562, 'est_top_odds': 23.7, 'circle_concentration': 57.3, 'eligible_count': 6, 'bet_adj': 2, 'reason': 'rel_win1=62.8%（本命度） / 最有力組み合わせ確率: 0.056（推定実オッズ?24倍） / 2着集中度: 上位2艇 57.3%（補正+0.00） / 総合判定確率: 0.056 / → ヒモ分散。1号艇1着固定で広めのヒモ流し推奨（買い目+2点）', 'tenji_trigger': '展示確認: ヒモ分散レース。1号艇伸び確認後、広めのヒモ流しを採用。穴ヒモ（5・6号艇）を積極的に含める。'}",,,22.1,逃げ狙い,14.87,28.3,3,,,,,,,,,,,
2026-01-21,丸亀,10,6,西村美智,B2,37.35,6,,1.1855,2,83,35.3,0.1694,3.5588,,,0,低,25,0,-,3 3S1,0,31.7,1.4247,,,,,,0.1111,0.1111,0.1111,,,C,△,,0.2575,0.6285,,0.4791,S,91,0,◎1着固定 2-3着流し（5〜8点）,0.5777,"{'is_target': True, 'verdict': '参加推奨', 'max_combo_prob': 0.0562, 'est_top_odds': 23.7, 'circle_concentration': 57.3, 'eligible_count': 6, 'bet_adj': 2, 'reason': 'rel_win1=62.8%（本命度） / 最有力組み合わせ確率: 0.056（推定実オッズ?24倍） / 2着集中度: 上位2艇 57.3%（補正+0.00） / 総合判定確率: 0.056 / → ヒモ分散。1号艇1着固定で広めのヒモ流し推奨（買い目+2点）', 'tenji_trigger': '展示確認: ヒモ分散レース。1号艇伸び確認後、広めのヒモ流しを採用。穴ヒモ（5・6号艇）を積極的に含める。'}",,,22.1,逃げ狙い,14.87,28.3,3,,,,,,,,,,,
2026-01-21,丸亀,11,1,井上遥妃,A1,53.09,1,◎,58.8917,,0,61.1,0.15,3.5556,,,0,低,34,0,逃1%,21311,0,63.8,0.8584,0.5556,,,,,0,0.1944,0.2389,○⚠️,,A,○,,,0.634,,0.3893,B,57,0,◎○△フォーメーション（15〜20点）,0.5777,"{'is_target': True, 'verdict': '参加推奨', 'max_combo_prob': 0.0744, 'est_top_odds': 17.9, 'circle_concentration': 73.3, 'eligible_count': 9, 'bet_adj': 2, 'reason': 'rel_win1=58.9%（本命度） / 最有力組み合わせ確率: 0.074（推定実オッズ?18倍） / 2着集中度: 上位2艇 73.3%（補正+0.04） / 総合判定確率: 0.114 / → ヒモ分散。1号艇1着固定で広めのヒモ流し推奨（買い目+2点）', 'tenji_trigger': '展示確認: ヒモ分散レース。1号艇伸び確認後、広めのヒモ流しを採用。穴ヒモ（5・6号艇）を積極的に含める。'}",,,30.2,両建て推奨,25.29,28.1,4,3-1-4|3-1-5|3-1-6|3-4-1|3-6-1|3-4-5|3-4-6|3-1-2|1-3-6|1-3-4|1-2-3|1-2-6,3-1-4|3-1-5|3-1-6|3-4-1|3-6-1|3-4-5|3-4-6|3-1-2|1-3-6|1-3-4|1-2-3|1-2-6,3-1-4:3.09%|3-1-5:1.46%|3-1-6:1.16%|3-4-1:1.13%|3-6-1:0.35%|3-4-5:0.31%|3-4-6:0.25%|3-1-2:5.61%|1-3-6:5.36%|1-3-4:5.35%|1-2-3:4.84%|1-2-6:4.39%,3-1-4:B_main|3-1-5:B_main|3-1-6:B_main|3-4-1:B_main|3-6-1:B_main|3-4-5:B_main|3-4-6:B_main|3-1-2:B_sc|1-3-6:A|1-3-4:A|1-2-3:A|1-2-6:A,12,12,0.4535,1,[!]見送り推奨（主役決まり手「まくり差し」― 逃げ劣勢レースで的中実績なし）,主役軸流し,B
2026-01-21,丸亀,11,2,小芦るり,A1,29.41,2,,14.9848,34.2,100,54.8,0.1623,3.2903,,,0,低,61,0,差0% ま0%,352241,0,51.3,0.9362,0,0.0833,0.1667,0,0,0.0308,0,0.1615,,,E,△,,0.206,0.6255,,0.3893,B,57,0,◎○△フォーメーション（15〜20点）,0.5777,"{'is_target': True, 'verdict': '参加推奨', 'max_combo_prob': 0.0744, 'est_top_odds': 17.9, 'circle_concentration': 73.3, 'eligible_count': 9, 'bet_adj': 2, 'reason': 'rel_win1=58.9%（本命度） / 最有力組み合わせ確率: 0.074（推定実オッズ?18倍） / 2着集中度: 上位2艇 73.3%（補正+0.04） / 総合判定確率: 0.114 / → ヒモ分散。1号艇1着固定で広めのヒモ流し推奨（買い目+2点）', 'tenji_trigger': '展示確認: ヒモ分散レース。1号艇伸び確認後、広めのヒモ流しを採用。穴ヒモ（5・6号艇）を積極的に含める。'}",,,30.2,両建て推奨,25.29,28.1,4,,,,,,,,,,,
2026-01-21,丸亀,11,3,山田理央,A2,39.56,3,○,6.0308,39.2,72,56.8,0.1295,2.4054,,,0,低,62,0,-,15113,0,71.1,1.3419,,,,,,0.0444,0.1444,0.0222,,◎,C,,,0.4123,0.6,,0.3893,B,57,0,◎○△フォーメーション（15〜20点）,0.5777,"{'is_target': True, 'verdict': '参加推奨', 'max_combo_prob': 0.0744, 'est_top_odds': 17.9, 'circle_concentration': 73.3, 'eligible_count': 9, 'bet_adj': 2, 'reason': 'rel_win1=58.9%（本命度） / 最有力組み合わせ確率: 0.074（推定実オッズ?18倍） / 2着集中度: 上位2艇 73.3%（補正+0.04） / 総合判定確率: 0.114 / → ヒモ分散。1号艇1着固定で広めのヒモ流し推奨（買い目+2点）', 'tenji_trigger': '展示確認: ヒモ分散レース。1号艇伸び確認後、広めのヒモ流しを採用。穴ヒモ（5・6号艇）を積極的に含める。'}",,,30.2,両建て推奨,25.29,28.1,4,,,,,,,,,,,
2026-01-21,丸亀,11,4,岩崎芳美,A2,34.78,4,▲,9.2237,19.7,74,55,0.1245,2.875,,,0,低,23,0,-,1 5522,0,25.5,0.7285,,,,,,0.0833,0.25,0.25,,○,D,◎,,0.4092,0.6485,,0.3893,B,57,0,◎○△フォーメーション（15〜20点）,0.5777,"{'is_target': True, 'verdict': '参加推奨', 'max_combo_prob': 0.0744, 'est_top_odds': 17.9, 'circle_concentration': 73.3, 'eligible_count': 9, 'bet_adj': 2, 'reason': 'rel_win1=58.9%（本命度） / 最有力組み合わせ確率: 0.074（推定実オッズ?18倍） / 2着集中度: 上位2艇 73.3%（補正+0.04） / 総合判定確率: 0.114 / → ヒモ分散。1号艇1着固定で広めのヒモ流し推奨（買い目+2点）', 'tenji_trigger': '展示確認: ヒモ分散レース。1号艇伸び確認後、広めのヒモ流しを採用。穴ヒモ（5・6号艇）を積極的に含める。'}",,,30.2,両建て推奨,25.29,28.1,4,,,,,,,,,,,
2026-01-21,丸亀,11,5,谷川里江,B1,35.96,5,,6.4389,5.1,60,33.3,0.1867,3.6042,,,0,低,57,0,-,232 24,0,40.2,1.0057,,,,,,0.1,0.6,0,,,D,,,0.1932,0.549,,0.3893,B,57,0,◎○△フォーメーション（15〜20点）,0.5777,"{'is_target': True, 'verdict': '参加推奨', 'max_combo_prob': 0.0744, 'est_top_odds': 17.9, 'circle_concentration': 73.3, 'eligible_count': 9, 'bet_adj': 2, 'reason': 'rel_win1=58.9%（本命度） / 最有力組み合わせ確率: 0.074（推定実オッズ?18倍） / 2着集中度: 上位2艇 73.3%（補正+0.04） / 総合判定確率: 0.114 / → ヒモ分散。1号艇1着固定で広めのヒモ流し推奨（買い目+2点）', 'tenji_trigger': '展示確認: ヒモ分散レース。1号艇伸び確認後、広めのヒモ流しを採用。穴ヒモ（5・6号艇）を積極的に含める。'}",,,30.2,両建て推奨,25.29,28.1,4,,,,,,,,,,,
2026-01-21,丸亀,11,6,湯淺紀香,A2,46.43,6,△,4.4301,1.9,76,34.5,0.19,4.3276,,,0,低,73,0,-,415 15,0,82.2,1.4233,,,,,,0,0.22,0,,,B,△,,0.1827,0.6005,,0.3893,B,57,0,◎○△フォーメーション（15〜20点）,0.5777,"{'is_target': True, 'verdict': '参加推奨', 'max_combo_prob': 0.0744, 'est_top_odds': 17.9, 'circle_concentration': 73.3, 'eligible_count': 9, 'bet_adj': 2, 'reason': 'rel_win1=58.9%（本命度） / 最有力組み合わせ確率: 0.074（推定実オッズ?18倍） / 2着集中度: 上位2艇 73.3%（補正+0.04） / 総合判定確率: 0.114 / → ヒモ分散。1号艇1着固定で広めのヒモ流し推奨（買い目+2点）', 'tenji_trigger': '展示確認: ヒモ分散レース。1号艇伸び確認後、広めのヒモ流しを採用。穴ヒモ（5・6号艇）を積極的に含める。'}",,,30.2,両建て推奨,25.29,28.1,4,,,,,,,,,,,
2026-01-21,丸亀,12,1,中谷朋子,B1,28.89,1,◎,58.386,,0,77.8,0.2033,4.5,,,0,低,24,1,逃0%,163 42,0,77.6,1.0287,0.5,,,,,0,0.3333,0.1667,△⚠️,,D,△,,,0.5805,,0.2478,A,64,0,◎-○軸 3着3〜4艇流し（10〜15点）,0.5777,"{'is_target': True, 'verdict': '点数絞り', 'max_combo_prob': 0.1101, 'est_top_odds': 12.1, 'circle_concentration': 73.7, 'eligible_count': 8, 'bet_adj': 0, 'reason': 'rel_win1=58.4%（本命度） / 最有力組み合わせ確率: 0.110（推定実オッズ?12倍） / 2着集中度: 上位2艇 73.7%（補正+0.04） / 総合判定確率: 0.150 / → ヒモはやや固め。上位2艇以外を切ること', 'tenji_trigger': '展示確認: 1号艇伸び良→そのまま採用。悪→飛び組に差し替え。circle_pct上位2艇に絞り込むこと。\n展示で1号艇スタート遅め(0.203秒)確認→ヒモが荒れやすい'}",,,35.8,両建て推奨,20.19,34.1,4,2-1-3|2-1-4|2-3-1|2-1-5|2-3-4|2-4-1|2-4-3|1-2-3|1-2-4|1-3-2|1-3-4|1-4-2,2-1-3|2-1-4|2-3-1|2-1-5|2-3-4|2-4-1|2-4-3|1-2-3|1-2-4|1-3-2|1-3-4|1-4-2,2-1-3:2.8%|2-1-4:1.67%|2-3-1:0.87%|2-1-5:0.73%|2-3-4:0.28%|2-4-1:0.26%|2-4-3:0.14%|1-2-3:7.91%|1-2-4:7.45%|1-3-2:5.8%|1-3-4:4.88%|1-4-2:4.36%,2-1-3:B_main|2-1-4:B_main|2-3-1:B_main|2-1-5:B_main|2-3-4:B_main|2-4-1:B_main|2-4-3:B_main|1-2-3:A|1-2-4:A|1-3-2:A|1-3-4:A|1-4-2:A,12,12,0.4535,1,[!]見送り推奨（主役決まり手「差し」― 逃げ劣勢レースで的中実績なし）,主役軸流し,B
2026-01-21,丸亀,12,2,中田夕貴,A2,30.00,2,△,15.1174,48.6,77,61.8,0.1753,3.7059,,,0,低,68,0,差0% ま0%,5 5S55,0,81.8,1.0352,0,0.0833,0.0833,0,0,0.1927,0.3127,0,,◎,D,△,,0.5694,0.5955,,0.2478,A,64,0,◎-○軸 3着3〜4艇流し（10〜15点）,0.5777,"{'is_target': True, 'verdict': '点数絞り', 'max_combo_prob': 0.1101, 'est_top_odds': 12.1, 'circle_concentration': 73.7, 'eligible_count': 8, 'bet_adj': 0, 'reason': 'rel_win1=58.4%（本命度） / 最有力組み合わせ確率: 0.110（推定実オッズ?12倍） / 2着集中度: 上位2艇 73.7%（補正+0.04） / 総合判定確率: 0.150 / → ヒモはやや固め。上位2艇以外を切ること', 'tenji_trigger': '展示確認: 1号艇伸び良→そのまま採用。悪→飛び組に差し替え。circle_pct上位2艇に絞り込むこと。\n展示で1号艇スタート遅め(0.203秒)確認→ヒモが荒れやすい'}",,,35.8,両建て推奨,20.19,34.1,4,,,,,,,,,,,
2026-01-21,丸亀,12,3,山口真喜,A2,37.37,3,○,12.8261,25,100,66.7,0.1688,3.4697,,,0,低,83,0,ま0% 抜0%,1 1S63,0,63.3,1.254,0,0,0.1,0,0.1,0.1818,0.3636,0.2727,,○,B,,,0.4709,0.508,,0.2478,A,64,0,◎-○軸 3着3〜4艇流し（10〜15点）,0.5777,"{'is_target': True, 'verdict': '点数絞り', 'max_combo_prob': 0.1101, 'est_top_odds': 12.1, 'circle_concentration': 73.7, 'eligible_count': 8, 'bet_adj': 0, 'reason': 'rel_win1=58.4%（本命度） / 最有力組み合わせ確率: 0.110（推定実オッズ?12倍） / 2着集中度: 上位2艇 73.7%（補正+0.04） / 総合判定確率: 0.150 / → ヒモはやや固め。上位2艇以外を切ること', 'tenji_trigger': '展示確認: 1号艇伸び良→そのまま採用。悪→飛び組に差し替え。circle_pct上位2艇に絞り込むこと。\n展示で1号艇スタート遅め(0.203秒)確認→ヒモが荒れやすい'}",,,35.8,両建て推奨,20.19,34.1,4,,,,,,,,,,,
2026-01-21,丸亀,12,4,清水愛海,A1,38.95,4,▲,10.2571,19.1,85,48.1,0.1967,4.2963,,,0,低,73,0,-,13222,0,49,1.0823,,,,,,0.0909,0.1818,0,,,B,◎,,0.3373,0.634,,0.2478,A,64,0,◎-○軸 3着3〜4艇流し（10〜15点）,0.5777,"{'is_target': True, 'verdict': '点数絞り', 'max_combo_prob': 0.1101, 'est_top_odds': 12.1, 'circle_concentration': 73.7, 'eligible_count': 8, 'bet_adj': 0, 'reason': 'rel_win1=58.4%（本命度） / 最有力組み合わせ確率: 0.110（推定実オッズ?12倍） / 2着集中度: 上位2艇 73.7%（補正+0.04） / 総合判定確率: 0.150 / → ヒモはやや固め。上位2艇以外を切ること', 'tenji_trigger': '展示確認: 1号艇伸び良→そのまま採用。悪→飛び組に差し替え。circle_pct上位2艇に絞り込むこと。\n展示で1号艇スタート遅め(0.203秒)確認→ヒモが荒れやすい'}",,,35.8,両建て推奨,20.19,34.1,4,,,,,,,,,,,
2026-01-21,丸亀,12,5,角ひとみ,A2,31.76,5,,2.314,6.9,57,21.9,0.1791,4.25,,,0,低,104,0,-,666 66,0,28.7,0.6626,,,,,,0.1267,0.1533,0.0267,,,C,○,,0.387,0.6195,,0.2478,A,64,0,◎-○軸 3着3〜4艇流し（10〜15点）,0.5777,"{'is_target': True, 'verdict': '点数絞り', 'max_combo_prob': 0.1101, 'est_top_odds': 12.1, 'circle_concentration': 73.7, 'eligible_count': 8, 'bet_adj': 0, 'reason': 'rel_win1=58.4%（本命度） / 最有力組み合わせ確率: 0.110（推定実オッズ?12倍） / 2着集中度: 上位2艇 73.7%（補正+0.04） / 総合判定確率: 0.150 / → ヒモはやや固め。上位2艇以外を切ること', 'tenji_trigger': '展示確認: 1号艇伸び良→そのまま採用。悪→飛び組に差し替え。circle_pct上位2艇に絞り込むこと。\n展示で1号艇スタート遅め(0.203秒)確認→ヒモが荒れやすい'}",,,35.8,両建て推奨,20.19,34.1,4,,,,,,,,,,,
2026-01-21,丸亀,12,6,大廣咲季,B1,30.43,6,,1.0993,0.3,16,6.6,0.1836,3.7377,,,0,低,81,0,-,156 34,0,47.9,1.4072,,,,,,0.3333,0.3333,0,,,D,,,0.3727,0.543,,0.2478,A,64,0,◎-○軸 3着3〜4艇流し（10〜15点）,0.5777,"{'is_target': True, 'verdict': '点数絞り', 'max_combo_prob': 0.1101, 'est_top_odds': 12.1, 'circle_concentration': 73.7, 'eligible_count': 8, 'bet_adj': 0, 'reason': 'rel_win1=58.4%（本命度） / 最有力組み合わせ確率: 0.110（推定実オッズ?12倍） / 2着集中度: 上位2艇 73.7%（補正+0.04） / 総合判定確率: 0.150 / → ヒモはやや固め。上位2艇以外を切ること', 'tenji_trigger': '展示確認: 1号艇伸び良→そのまま採用。悪→飛び組に差し替え。circle_pct上位2艇に絞り込むこと。\n展示で1号艇スタート遅め(0.203秒)確認→ヒモが荒れやすい'}",,,35.8,両建て推奨,20.19,34.1,4,,,,,,,,,,,
2026-01-22,丸亀,1,1,西村美智,B2,37.35,1,◎,64.0647,,0,93.8,0.145,2.8438,,,0,低,25,0,逃1%,3 3S1,0,91.4,1.2157,0.5556,,,,,0.1111,0.1111,0.1111,◎⚠️,,B,○,,,0.6285,,0.6832,S,81,0,◎1着固定 2-3着流し（5〜8点）,0.5777,"{'is_target': True, 'verdict': '点数絞り', 'max_combo_prob': 0.0953, 'est_top_odds': 14.0, 'circle_concentration': 73.0, 'eligible_count': 6, 'bet_adj': 0, 'reason': 'rel_win1=64.1%（本命度） / 最有力組み合わせ確率: 0.095（推定実オッズ?14倍） / 2着集中度: 上位2艇 73.0%（補正+0.04） / 総合判定確率: 0.135 / → ヒモはやや固め。上位2艇以外を切ること', 'tenji_trigger': '展示確認: 1号艇伸び良→そのまま採用。悪→飛び組に差し替え。circle_pct上位2艇に絞り込むこと。'}",,,27.5,逃げ狙い,15.75,28.6,3,3-1-4|3-1-5|3-4-1|3-1-6|3-5-1|3-4-5|3-5-4|3-1-2|1-2-4|1-2-3|1-2-5|1-3-4,3-1-4|3-1-5|3-4-1|3-1-6|3-5-1|3-4-5|3-5-4|3-1-2|1-2-4|1-2-3|1-2-5|1-3-4,3-1-4:1.64%|3-1-5:0.76%|3-4-1:0.63%|3-1-6:0.43%|3-5-1:0.18%|3-4-5:0.08%|3-5-4:0.05%|3-1-2:11.3%|1-2-4:4.29%|1-2-3:4.19%|1-2-5:3.91%|1-3-4:3.16%,3-1-4:B_main|3-1-5:B_main|3-4-1:B_main|3-1-6:B_main|3-5-1:B_main|3-4-5:B_main|3-5-4:B_main|3-1-2:B_sc|1-2-4:A|1-2-3:A|1-2-5:A|1-3-4:A,12,12,0.4535,1,[!]見送り推奨（主役決まり手「まくり差し」― 逃げ劣勢レースで的中実績なし）,主役軸流し,B
2026-01-22,丸亀,1,2,福山恵里,B1,29.55,2,,6.6325,45.2,69,28.6,0.1724,3.9762,,,0,低,42,0,-,563 66,0,41.1,0.5379,,,,,,0.19,0.46,0,,,D,,,0.0775,0.498,,0.6832,S,81,0,◎1着固定 2-3着流し（5〜8点）,0.5777,"{'is_target': True, 'verdict': '点数絞り', 'max_combo_prob': 0.0953, 'est_top_odds': 14.0, 'circle_concentration': 73.0, 'eligible_count': 6, 'bet_adj': 0, 'reason': 'rel_win1=64.1%（本命度） / 最有力組み合わせ確率: 0.095（推定実オッズ?14倍） / 2着集中度: 上位2艇 73.0%（補正+0.04） / 総合判定確率: 0.135 / → ヒモはやや固め。上位2艇以外を切ること', 'tenji_trigger': '展示確認: 1号艇伸び良→そのまま採用。悪→飛び組に差し替え。circle_pct上位2艇に絞り込むこと。'}",,,27.5,逃げ狙い,15.75,28.6,3,,,,,,,,,,,
2026-01-22,丸亀,1,3,坂野さく,B1,32.53,3,△,14.6016,27.8,97,48.1,0.183,3.5926,,,0,低,76,0,ま0% 差ま0%,461 55,0,45.5,1.0904,0,0,0.125,0.1875,0,0.2889,0.2889,0.2444,,,C,△,,0.1531,0.5865,,0.6832,S,81,0,◎1着固定 2-3着流し（5〜8点）,0.5777,"{'is_target': True, 'verdict': '点数絞り', 'max_combo_prob': 0.0953, 'est_top_odds': 14.0, 'circle_concentration': 73.0, 'eligible_count': 6, 'bet_adj': 0, 'reason': 'rel_win1=64.1%（本命度） / 最有力組み合わせ確率: 0.095（推定実オッズ?14倍） / 2着集中度: 上位2艇 73.0%（補正+0.04） / 総合判定確率: 0.135 / → ヒモはやや固め。上位2艇以外を切ること', 'tenji_trigger': '展示確認: 1号艇伸び良→そのまま採用。悪→飛び組に差し替え。circle_pct上位2艇に絞り込むこと。'}",,,27.5,逃げ狙い,15.75,28.6,3,,,,,,,,,,,
2026-01-22,丸亀,1,4,赤松咲香,B2,33.70,4,○,9.2711,21.6,100,37.5,0.1625,3.8125,,,0,低,41,1,-,656 56,0,46.2,0.9128,,,,,,,,,,,C,,,0.2397,0.535,,0.6832,S,81,0,◎1着固定 2-3着流し（5〜8点）,0.5777,"{'is_target': True, 'verdict': '点数絞り', 'max_combo_prob': 0.0953, 'est_top_odds': 14.0, 'circle_concentration': 73.0, 'eligible_count': 6, 'bet_adj': 0, 'reason': 'rel_win1=64.1%（本命度） / 最有力組み合わせ確率: 0.095（推定実オッズ?14倍） / 2着集中度: 上位2艇 73.0%（補正+0.04） / 総合判定確率: 0.135 / → ヒモはやや固め。上位2艇以外を切ること', 'tenji_trigger': '展示確認: 1号艇伸び良→そのまま採用。悪→飛び組に差し替え。circle_pct上位2艇に絞り込むこと。'}",,,27.5,逃げ狙い,15.75,28.6,3,,,,,,,,,,,
2026-01-22,丸亀,1,5,喜多那由,B1,27.08,5,,2.2862,3.5,52,13.5,0.1827,4.0811,,,0,低,95,0,-,4 643,0,33.6,0.6752,,,,,,0.2643,0.0857,0.4143,,,E,◎,,0.19,0.6495,,0.6832,S,81,0,◎1着固定 2-3着流し（5〜8点）,0.5777,"{'is_target': True, 'verdict': '点数絞り', 'max_combo_prob': 0.0953, 'est_top_odds': 14.0, 'circle_concentration': 73.0, 'eligible_count': 6, 'bet_adj': 0, 'reason': 'rel_win1=64.1%（本命度） / 最有力組み合わせ確率: 0.095（推定実オッズ?14倍） / 2着集中度: 上位2艇 73.0%（補正+0.04） / 総合判定確率: 0.135 / → ヒモはやや固め。上位2艇以外を切ること', 'tenji_trigger': '展示確認: 1号艇伸び良→そのまま採用。悪→飛び組に差し替え。circle_pct上位2艇に絞り込むこと。'}",,,27.5,逃げ狙い,15.75,28.6,3,,,,,,,,,,,
2026-01-22,丸亀,1,6,水口由紀,B1,41.18,6,▲,3.144,1.9,55,18.5,0.1974,4.7222,,,0,低,92,0,差0%,2 522,0,22.9,0.8703,0,0.1,0,0,0,0.24,0.08,0.08,,,B,△,,0.1253,0.568,,0.6832,S,81,0,◎1着固定 2-3着流し（5〜8点）,0.5777,"{'is_target': True, 'verdict': '点数絞り', 'max_combo_prob': 0.0953, 'est_top_odds': 14.0, 'circle_concentration': 73.0, 'eligible_count': 6, 'bet_adj': 0, 'reason': 'rel_win1=64.1%（本命度） / 最有力組み合わせ確率: 0.095（推定実オッズ?14倍） / 2着集中度: 上位2艇 73.0%（補正+0.04） / 総合判定確率: 0.135 / → ヒモはやや固め。上位2艇以外を切ること', 'tenji_trigger': '展示確認: 1号艇伸び良→そのまま採用。悪→飛び組に差し替え。circle_pct上位2艇に絞り込むこと。'}",,,27.5,逃げ狙い,15.75,28.6,3,,,,,,,,,,,
2026-01-22,丸亀,2,1,大廣咲季,B1,30.43,1,◎,47.8895,,0,25,0.1888,3.5625,,,0,低,81,1,逃0%,156 34,0,21.3,0.5362,0.3333,,,,,0.3333,0.3333,0,,,D,,,,0.543,,0.152,D,17,1,大荒れ。見送り推奨,0.5777,"{'is_target': True, 'verdict': '参加推奨', 'max_combo_prob': 0.0587, 'est_top_odds': 22.7, 'circle_concentration': 72.0, 'eligible_count': 6, 'bet_adj': 2, 'reason': 'rel_win1=47.9%（本命度） / 最有力組み合わせ確率: 0.059（推定実オッズ?23倍） / 2着集中度: 上位2艇 72.0%（補正+0.04） / 総合判定確率: 0.099 / → ヒモ分散。1号艇1着固定で広めのヒモ流し推奨（買い目+2点）', 'tenji_trigger': '展示確認: ヒモ分散レース。1号艇伸び確認後、広めのヒモ流しを採用。穴ヒモ（5・6号艇）を積極的に含める。\n展示で1号艇スタート遅め(0.189秒)確認→ヒモが荒れやすい'}",,,38.3,両建て推奨,18.45,42.8,4,2-1-3|2-1-4|2-1-6|2-3-1|2-3-4|2-6-3|2-3-6|1-2-3|1-2-6|1-3-2|1-3-6,2-1-3|2-1-4|2-1-6|2-3-1|2-3-4|2-6-3|2-3-6|1-2-3|1-2-6|1-3-2|4-5-6|1-3-6,2-1-3:3.99%|2-1-4:2.06%|2-1-6:1.25%|2-3-1:1.1%|2-3-4:0.86%|2-6-3:0.63%|2-3-6:0.52%|1-2-3:4.76%|1-2-6:4.47%|1-3-2:4.4%|1-3-6:3.74%,2-1-3:B_main|2-1-4:B_main|2-1-6:B_main|2-3-1:B_main|2-3-4:B_main|2-6-3:B_main|2-3-6:B_main|1-2-3:A|1-2-6:A|1-3-2:A|1-3-6:A,11,12,0.2915,1,[!]見送り推奨（主役決まり手「差し」― 逃げ劣勢レースで的中実績なし）,主役軸流し,B
2026-01-22,丸亀,2,2,原加央理,B1,32.63,2,▲,16.6252,36.9,100,62.9,0.1503,3.0857,,,0,低,57,0,差0%,4 522,0,69.6,1.0679,0,0.2105,0,0,0,0.1875,0.3125,0.125,,◎,C,△,,0.5996,0.6085,,0.152,D,17,1,大荒れ。見送り推奨,0.5777,"{'is_target': True, 'verdict': '参加推奨', 'max_combo_prob': 0.0587, 'est_top_odds': 22.7, 'circle_concentration': 72.0, 'eligible_count': 6, 'bet_adj': 2, 'reason': 'rel_win1=47.9%（本命度） / 最有力組み合わせ確率: 0.059（推定実オッズ?23倍） / 2着集中度: 上位2艇 72.0%（補正+0.04） / 総合判定確率: 0.099 / → ヒモ分散。1号艇1着固定で広めのヒモ流し推奨（買い目+2点）', 'tenji_trigger': '展示確認: ヒモ分散レース。1号艇伸び確認後、広めのヒモ流しを採用。穴ヒモ（5・6号艇）を積極的に含める。\n展示で1号艇スタート遅め(0.189秒)確認→ヒモが荒れやすい'}",,,38.3,両建て推奨,18.45,42.8,4,,,,,,,,,,,
2026-01-22,丸亀,2,3,佐々木裕,B1,40.00,3,○,17.5131,35,59,53.3,0.1423,2.5667,,,0,低,50,0,差ま0%,4 654,0,75.9,1.224,0,0,0,0.0588,0,0.4533,0.3067,0.08,,○,B,○,,0.4584,0.656,,0.152,D,17,1,大荒れ。見送り推奨,0.5777,"{'is_target': True, 'verdict': '参加推奨', 'max_combo_prob': 0.0587, 'est_top_odds': 22.7, 'circle_concentration': 72.0, 'eligible_count': 6, 'bet_adj': 2, 'reason': 'rel_win1=47.9%（本命度） / 最有力組み合わせ確率: 0.059（推定実オッズ?23倍） / 2着集中度: 上位2艇 72.0%（補正+0.04） / 総合判定確率: 0.099 / → ヒモ分散。1号艇1着固定で広めのヒモ流し推奨（買い目+2点）', 'tenji_trigger': '展示確認: ヒモ分散レース。1号艇伸び確認後、広めのヒモ流しを採用。穴ヒモ（5・6号艇）を積極的に含める。\n展示で1号艇スタート遅め(0.189秒)確認→ヒモが荒れやすい'}",,,38.3,両建て推奨,18.45,42.8,4,,,,,,,,,,,
2026-01-22,丸亀,2,4,菅野はや,B2,36.59,4,,12.4106,16.7,71,33.3,0.1567,3.5476,,,0,低,78,0,-,364 35,0,60.7,0.9572,,,,,,0.125,0.125,0.125,,△,C,,,0.4377,0.5285,,0.152,D,17,1,大荒れ。見送り推奨,0.5777,"{'is_target': True, 'verdict': '参加推奨', 'max_combo_prob': 0.0587, 'est_top_odds': 22.7, 'circle_concentration': 72.0, 'eligible_count': 6, 'bet_adj': 2, 'reason': 'rel_win1=47.9%（本命度） / 最有力組み合わせ確率: 0.059（推定実オッズ?23倍） / 2着集中度: 上位2艇 72.0%（補正+0.04） / 総合判定確率: 0.099 / → ヒモ分散。1号艇1着固定で広めのヒモ流し推奨（買い目+2点）', 'tenji_trigger': '展示確認: ヒモ分散レース。1号艇伸び確認後、広めのヒモ流しを採用。穴ヒモ（5・6号艇）を積極的に含める。\n展示で1号艇スタート遅め(0.189秒)確認→ヒモが荒れやすい'}",,,38.3,両建て推奨,18.45,42.8,4,,,,,,,,,,,
2026-01-22,丸亀,2,5,池田浩美,B1,27.08,5,,3.2765,8.1,59,18.5,0.193,4.2222,,,0,低,68,0,-,226 42,0,25.8,0.6162,,,,,,0.375,0,0.125,,,E,△,,0.2966,0.614,,0.152,D,17,1,大荒れ。見送り推奨,0.5777,"{'is_target': True, 'verdict': '参加推奨', 'max_combo_prob': 0.0587, 'est_top_odds': 22.7, 'circle_concentration': 72.0, 'eligible_count': 6, 'bet_adj': 2, 'reason': 'rel_win1=47.9%（本命度） / 最有力組み合わせ確率: 0.059（推定実オッズ?23倍） / 2着集中度: 上位2艇 72.0%（補正+0.04） / 総合判定確率: 0.099 / → ヒモ分散。1号艇1着固定で広めのヒモ流し推奨（買い目+2点）', 'tenji_trigger': '展示確認: ヒモ分散レース。1号艇伸び確認後、広めのヒモ流しを採用。穴ヒモ（5・6号艇）を積極的に含める。\n展示で1号艇スタート遅め(0.189秒)確認→ヒモが荒れやすい'}",,,38.3,両建て推奨,18.45,42.8,4,,,,,,,,,,,
2026-01-22,丸亀,2,6,池　千夏,B1,42.53,6,△,2.285,3.2,56,25,0.1688,4.0625,,,0,低,8,1,-,4 224,0,60,0.9933,,,,,,0,0.3714,0.3143,,,B,◎,,0.3736,0.7065,,0.152,D,17,1,大荒れ。見送り推奨,0.5777,"{'is_target': True, 'verdict': '参加推奨', 'max_combo_prob': 0.0587, 'est_top_odds': 22.7, 'circle_concentration': 72.0, 'eligible_count': 6, 'bet_adj': 2, 'reason': 'rel_win1=47.9%（本命度） / 最有力組み合わせ確率: 0.059（推定実オッズ?23倍） / 2着集中度: 上位2艇 72.0%（補正+0.04） / 総合判定確率: 0.099 / → ヒモ分散。1号艇1着固定で広めのヒモ流し推奨（買い目+2点）', 'tenji_trigger': '展示確認: ヒモ分散レース。1号艇伸び確認後、広めのヒモ流しを採用。穴ヒモ（5・6号艇）を積極的に含める。\n展示で1号艇スタート遅め(0.189秒)確認→ヒモが荒れやすい'}",,,38.3,両建て推奨,18.45,42.8,4,,,,,,,,,,,
2026-01-22,丸亀,3,1,谷川里江,B1,35.96,1,◎,46.8122,,0,66.7,0.1722,3.2593,,,0,低,57,0,逃0%,232 24,0,58.6,0.8694,0.2,,,,,0.1,0.6,0,△,,C,,,,0.549,,0.315,C,44,0,荒れ傾向。高配当狙いか見送り,0.5777,"{'is_target': True, 'verdict': '参加推奨', 'max_combo_prob': 0.0494, 'est_top_odds': 27.0, 'circle_concentration': 62.8, 'eligible_count': 6, 'bet_adj': 2, 'reason': 'rel_win1=46.8%（本命度） / 最有力組み合わせ確率: 0.049（推定実オッズ?27倍） / 2着集中度: 上位2艇 62.8%（補正+0.00） / 総合判定確率: 0.049 / → ヒモ分散。1号艇1着固定で広めのヒモ流し推奨（買い目+2点）', 'tenji_trigger': '展示確認: ヒモ分散レース。1号艇伸び確認後、広めのヒモ流しを採用。穴ヒモ（5・6号艇）を積極的に含める。'}",,,32.2,両建て推奨,18.25,39.9,2,3-1-4|3-1-5|1-3-4|1-3-5|1-3-6|1-2-4|1-2-5,5-1-6|3-1-4|6-1-2|5-1-2|3-1-5|6-1-4|5-6-1|1-3-4|1-3-5|1-3-6|1-2-4|1-2-5,3-1-4:3.06%|3-1-5:2.08%|1-3-4:5.41%|1-3-5:5.16%|1-3-6:4.87%|1-2-4:4.46%|1-2-5:4.25%,3-1-4:B_main|3-1-5:B_main|1-3-4:A|1-3-5:A|1-3-6:A|1-2-4:A|1-2-5:A,7,12,0.4535,1,[!]見送り推奨（主役決まり手「まくり差し」― 逃げ劣勢レースで的中実績なし）,荒れ広め,D
2026-01-22,丸亀,3,2,坂咲友理,B1,47.67,2,○,20.6699,34.9,100,50,0.2086,4.6071,,,0,低,45,1,差0%,5 346,0,32.8,0.9353,0,0.2222,0,0,0,0.125,0.625,0.125,,,A,△,,0.1025,0.574,,0.315,C,44,0,荒れ傾向。高配当狙いか見送り,0.5777,"{'is_target': True, 'verdict': '参加推奨', 'max_combo_prob': 0.0494, 'est_top_odds': 27.0, 'circle_concentration': 62.8, 'eligible_count': 6, 'bet_adj': 2, 'reason': 'rel_win1=46.8%（本命度） / 最有力組み合わせ確率: 0.049（推定実オッズ?27倍） / 2着集中度: 上位2艇 62.8%（補正+0.00） / 総合判定確率: 0.049 / → ヒモ分散。1号艇1着固定で広めのヒモ流し推奨（買い目+2点）', 'tenji_trigger': '展示確認: ヒモ分散レース。1号艇伸び確認後、広めのヒモ流しを採用。穴ヒモ（5・6号艇）を積極的に含める。'}",,,32.2,両建て推奨,18.25,39.9,2,,,,,,,,,,,
2026-01-22,丸亀,3,3,中北　涼,B1,37.00,3,▲,10.0733,28,58,16.7,0.1344,2.9444,,,0,低,39,0,-,344 46,0,20.9,0.6458,,,,,,0.3333,0.4444,0,,◎,C,○,,0.4808,0.612,,0.315,C,44,0,荒れ傾向。高配当狙いか見送り,0.5777,"{'is_target': True, 'verdict': '参加推奨', 'max_combo_prob': 0.0494, 'est_top_odds': 27.0, 'circle_concentration': 62.8, 'eligible_count': 6, 'bet_adj': 2, 'reason': 'rel_win1=46.8%（本命度） / 最有力組み合わせ確率: 0.049（推定実オッズ?27倍） / 2着集中度: 上位2艇 62.8%（補正+0.00） / 総合判定確率: 0.049 / → ヒモ分散。1号艇1着固定で広めのヒモ流し推奨（買い目+2点）', 'tenji_trigger': '展示確認: ヒモ分散レース。1号艇伸び確認後、広めのヒモ流しを採用。穴ヒモ（5・6号艇）を積極的に含める。'}",,,32.2,両建て推奨,18.25,39.9,2,,,,,,,,,,,
2026-01-22,丸亀,3,4,池田奈津,B1,30.84,4,,12.1163,27.2,59,,,,,,0,低,23,1,-,5 343,0,,,,,,,,,,,,,E,◎,◎,0.31,0.6705,0.15,0.315,C,44,0,荒れ傾向。高配当狙いか見送り,0.5777,"{'is_target': True, 'verdict': '参加推奨', 'max_combo_prob': 0.0494, 'est_top_odds': 27.0, 'circle_concentration': 62.8, 'eligible_count': 6, 'bet_adj': 2, 'reason': 'rel_win1=46.8%（本命度） / 最有力組み合わせ確率: 0.049（推定実オッズ?27倍） / 2着集中度: 上位2艇 62.8%（補正+0.00） / 総合判定確率: 0.049 / → ヒモ分散。1号艇1着固定で広めのヒモ流し推奨（買い目+2点）', 'tenji_trigger': '展示確認: ヒモ分散レース。1号艇伸び確認後、広めのヒモ流しを採用。穴ヒモ（5・6号艇）を積極的に含める。'}",,,32.2,両建て推奨,18.25,39.9,2,,,,,,,,,,,
2026-01-22,丸亀,3,5,谷口佳蓮,B1,35.16,5,,4.2223,7.5,55,25.9,0.1656,3.3889,,,0,低,45,0,-,243 1S,0,87.5,1.5162,,,,,,0.1091,0,0.2727,,,D,,,0.331,0.5715,,0.315,C,44,0,荒れ傾向。高配当狙いか見送り,0.5777,"{'is_target': True, 'verdict': '参加推奨', 'max_combo_prob': 0.0494, 'est_top_odds': 27.0, 'circle_concentration': 62.8, 'eligible_count': 6, 'bet_adj': 2, 'reason': 'rel_win1=46.8%（本命度） / 最有力組み合わせ確率: 0.049（推定実オッズ?27倍） / 2着集中度: 上位2艇 62.8%（補正+0.00） / 総合判定確率: 0.049 / → ヒモ分散。1号艇1着固定で広めのヒモ流し推奨（買い目+2点）', 'tenji_trigger': '展示確認: ヒモ分散レース。1号艇伸び確認後、広めのヒモ流しを採用。穴ヒモ（5・6号艇）を積極的に含める。'}",,,32.2,両建て推奨,18.25,39.9,2,,,,,,,,,,,
2026-01-22,丸亀,3,6,湯淺紀香,A2,46.43,6,△,6.106,2.5,51,34.5,0.19,4.3276,,,0,低,73,0,-,415 15,0,79.7,1.5092,,,,,,0,0.22,0,,,B,△,,0.2534,0.6005,,0.315,C,44,0,荒れ傾向。高配当狙いか見送り,0.5777,"{'is_target': True, 'verdict': '参加推奨', 'max_combo_prob': 0.0494, 'est_top_odds': 27.0, 'circle_concentration': 62.8, 'eligible_count': 6, 'bet_adj': 2, 'reason': 'rel_win1=46.8%（本命度） / 最有力組み合わせ確率: 0.049（推定実オッズ?27倍） / 2着集中度: 上位2艇 62.8%（補正+0.00） / 総合判定確率: 0.049 / → ヒモ分散。1号艇1着固定で広めのヒモ流し推奨（買い目+2点）', 'tenji_trigger': '展示確認: ヒモ分散レース。1号艇伸び確認後、広めのヒモ流しを採用。穴ヒモ（5・6号艇）を積極的に含める。'}",,,32.2,両建て推奨,18.25,39.9,2,,,,,,,,,,,
2026-01-22,丸亀,4,1,落合直子,A2,35.23,1,◎,55.137,,0,86.5,0.1257,1.9459,,,0,低,40,0,逃1%,5 2433,0,92.8,1.249,0.6875,,,,,0.025,0,0.225,◎,,D,◎,,,0.6465,,0.6599,S,81,0,◎1着固定 2-3着流し（5〜8点）,0.5777,"{'is_target': True, 'verdict': '参加推奨', 'max_combo_prob': 0.054, 'est_top_odds': 24.7, 'circle_concentration': 63.4, 'eligible_count': 6, 'bet_adj': 2, 'reason': 'rel_win1=55.1%（本命度） / 最有力組み合わせ確率: 0.054（推定実オッズ?25倍） / 2着集中度: 上位2艇 63.4%（補正+0.00） / 総合判定確率: 0.054 / → ヒモ分散。1号艇1着固定で広めのヒモ流し推奨（買い目+2点）', 'tenji_trigger': '展示確認: ヒモ分散レース。1号艇伸び確認後、広めのヒモ流しを採用。穴ヒモ（5・6号艇）を積極的に含める。\n展示で1号艇スタート超安定(0.126秒)→ヒモ固まり方向に注意'}",,,25,逃げ狙い,12.5,24.3,2,,,,,0,0,0.7559,0,,逃げ軸流し,A
2026-01-22,丸亀,4,2,矢野真梨,B1,46.74,2,▲,12.7779,29.7,96,22.2,0.1872,4,,,0,低,41,0,-,5 563,0,64.8,0.5517,,,,,,0,0.5,0.5,,,B,△,,0.0775,0.6015,,0.6599,S,81,0,◎1着固定 2-3着流し（5〜8点）,0.5777,"{'is_target': True, 'verdict': '参加推奨', 'max_combo_prob': 0.054, 'est_top_odds': 24.7, 'circle_concentration': 63.4, 'eligible_count': 6, 'bet_adj': 2, 'reason': 'rel_win1=55.1%（本命度） / 最有力組み合わせ確率: 0.054（推定実オッズ?25倍） / 2着集中度: 上位2艇 63.4%（補正+0.00） / 総合判定確率: 0.054 / → ヒモ分散。1号艇1着固定で広めのヒモ流し推奨（買い目+2点）', 'tenji_trigger': '展示確認: ヒモ分散レース。1号艇伸び確認後、広めのヒモ流しを採用。穴ヒモ（5・6号艇）を積極的に含める。\n展示で1号艇スタート超安定(0.126秒)→ヒモ固まり方向に注意'}",,,25,逃げ狙い,12.5,24.3,2,,,,,,,,,,,
2026-01-22,丸亀,4,3,三嶌ここ,B1,38.89,3,,11.6199,33.7,95,41.2,0.1953,4.4412,,,0,低,114,0,ま0%,532 55,0,47.4,1.1813,0,0,0.0588,0,0,0.0571,0.0571,0.3143,,,C,,,0.1109,0.553,,0.6599,S,81,0,◎1着固定 2-3着流し（5〜8点）,0.5777,"{'is_target': True, 'verdict': '参加推奨', 'max_combo_prob': 0.054, 'est_top_odds': 24.7, 'circle_concentration': 63.4, 'eligible_count': 6, 'bet_adj': 2, 'reason': 'rel_win1=55.1%（本命度） / 最有力組み合わせ確率: 0.054（推定実オッズ?25倍） / 2着集中度: 上位2艇 63.4%（補正+0.00） / 総合判定確率: 0.054 / → ヒモ分散。1号艇1着固定で広めのヒモ流し推奨（買い目+2点）', 'tenji_trigger': '展示確認: ヒモ分散レース。1号艇伸び確認後、広めのヒモ流しを採用。穴ヒモ（5・6号艇）を積極的に含める。\n展示で1号艇スタート超安定(0.126秒)→ヒモ固まり方向に注意'}",,,25,逃げ狙い,12.5,24.3,2,,,,,,,,,,,
2026-01-22,丸亀,4,4,赤井　睦,B1,50.00,4,○,12.4173,23.7,100,53.3,0.1413,3.4,,,0,低,24,0,ま0%,636 54,0,66.2,1.2553,0,0,0.25,0,0,0.1944,0.0444,0.4333,,,A,△,,0.2923,0.596,,0.6599,S,81,0,◎1着固定 2-3着流し（5〜8点）,0.5777,"{'is_target': True, 'verdict': '参加推奨', 'max_combo_prob': 0.054, 'est_top_odds': 24.7, 'circle_concentration': 63.4, 'eligible_count': 6, 'bet_adj': 2, 'reason': 'rel_win1=55.1%（本命度） / 最有力組み合わせ確率: 0.054（推定実オッズ?25倍） / 2着集中度: 上位2艇 63.4%（補正+0.00） / 総合判定確率: 0.054 / → ヒモ分散。1号艇1着固定で広めのヒモ流し推奨（買い目+2点）', 'tenji_trigger': '展示確認: ヒモ分散レース。1号艇伸び確認後、広めのヒモ流しを採用。穴ヒモ（5・6号艇）を積極的に含める。\n展示で1号艇スタート超安定(0.126秒)→ヒモ固まり方向に注意'}",,,25,逃げ狙い,12.5,24.3,2,,,,,,,,,,,
2026-01-22,丸亀,4,5,中谷朋子,B1,28.89,5,,6.8912,10.7,93,40,0.152,3.8,,,0,低,24,1,-,163 42,0,27.3,1.2171,,,,,,0,0.3333,0.1667,,,E,,,0.2213,0.5805,,0.6599,S,81,0,◎1着固定 2-3着流し（5〜8点）,0.5777,"{'is_target': True, 'verdict': '参加推奨', 'max_combo_prob': 0.054, 'est_top_odds': 24.7, 'circle_concentration': 63.4, 'eligible_count': 6, 'bet_adj': 2, 'reason': 'rel_win1=55.1%（本命度） / 最有力組み合わせ確率: 0.054（推定実オッズ?25倍） / 2着集中度: 上位2艇 63.4%（補正+0.00） / 総合判定確率: 0.054 / → ヒモ分散。1号艇1着固定で広めのヒモ流し推奨（買い目+2点）', 'tenji_trigger': '展示確認: ヒモ分散レース。1号艇伸び確認後、広めのヒモ流しを採用。穴ヒモ（5・6号艇）を積極的に含める。\n展示で1号艇スタート超安定(0.126秒)→ヒモ固まり方向に注意'}",,,25,逃げ狙い,12.5,24.3,2,,,,,,,,,,,
2026-01-22,丸亀,4,6,渡辺千草,B1,40.00,6,△,1.1567,2.2,55,14.3,0.19,4.2143,,,0,低,79,0,-,444 14,0,40.1,0.8311,,,,,,0.3,0.3,0.3,,,C,○,,0.135,0.622,,0.6599,S,81,0,◎1着固定 2-3着流し（5〜8点）,0.5777,"{'is_target': True, 'verdict': '参加推奨', 'max_combo_prob': 0.054, 'est_top_odds': 24.7, 'circle_concentration': 63.4, 'eligible_count': 6, 'bet_adj': 2, 'reason': 'rel_win1=55.1%（本命度） / 最有力組み合わせ確率: 0.054（推定実オッズ?25倍） / 2着集中度: 上位2艇 63.4%（補正+0.00） / 総合判定確率: 0.054 / → ヒモ分散。1号艇1着固定で広めのヒモ流し推奨（買い目+2点）', 'tenji_trigger': '展示確認: ヒモ分散レース。1号艇伸び確認後、広めのヒモ流しを採用。穴ヒモ（5・6号艇）を積極的に含める。\n展示で1号艇スタート超安定(0.126秒)→ヒモ固まり方向に注意'}",,,25,逃げ狙い,12.5,24.3,2,,,,,,,,,,,
2026-01-22,丸亀,5,1,中川りな,A2,31.87,1,◎,64.4354,,0,82.8,0.1759,3.4655,,,0,低,61,0,逃1%,34133,0,85.3,1.1037,0.7143,,,,,0,0.1429,0.0714,◎,,C,◎,,,0.6205,,0.4988,S,85,0,◎1着固定 2-3着流し（5〜8点）,0.5777,"{'is_target': True, 'verdict': '点数絞り', 'max_combo_prob': 0.1378, 'est_top_odds': 9.7, 'circle_concentration': 81.1, 'eligible_count': 6, 'bet_adj': 0, 'reason': 'rel_win1=64.4%（本命度） / 最有力組み合わせ確率: 0.138（推定実オッズ?10倍） / 2着集中度: 上位2艇 81.1%（補正+0.04） / 総合判定確率: 0.178 / → ヒモはやや固め。上位2艇以外を切ること', 'tenji_trigger': '展示確認: 1号艇伸び良→そのまま採用。悪→飛び組に差し替え。circle_pct上位2艇に絞り込むこと。'}",,,25.1,逃げ狙い,10.82,26,2,,,,,0,0,0.7559,0,,逃げ軸流し,A
2026-01-22,丸亀,5,2,大橋由珠,B2,35.71,2,▲,15.4039,55.7,100,62.5,0.1825,4.25,,,0,低,12,1,差0%,6 431,0,49.4,1.0483,0,0.125,0,0,0,0,0.7143,0,,,C,,,0.2624,0.5495,,0.4988,S,85,0,◎1着固定 2-3着流し（5〜8点）,0.5777,"{'is_target': True, 'verdict': '点数絞り', 'max_combo_prob': 0.1378, 'est_top_odds': 9.7, 'circle_concentration': 81.1, 'eligible_count': 6, 'bet_adj': 0, 'reason': 'rel_win1=64.4%（本命度） / 最有力組み合わせ確率: 0.138（推定実オッズ?10倍） / 2着集中度: 上位2艇 81.1%（補正+0.04） / 総合判定確率: 0.178 / → ヒモはやや固め。上位2艇以外を切ること', 'tenji_trigger': '展示確認: 1号艇伸び良→そのまま採用。悪→飛び組に差し替え。circle_pct上位2艇に絞り込むこと。'}",,,25.1,逃げ狙い,10.82,26,2,,,,,,,,,,,
2026-01-22,丸亀,5,3,向井田真,B1,23.81,3,,8.6847,25.4,86,38.5,0.2042,4,,,0,低,72,0,ま0%,6 145,0,19.8,0.7852,0,0,0.1111,0,0,0.2,0.2,0,,,E,,,0.1583,0.5205,,0.4988,S,85,0,◎1着固定 2-3着流し（5〜8点）,0.5777,"{'is_target': True, 'verdict': '点数絞り', 'max_combo_prob': 0.1378, 'est_top_odds': 9.7, 'circle_concentration': 81.1, 'eligible_count': 6, 'bet_adj': 0, 'reason': 'rel_win1=64.4%（本命度） / 最有力組み合わせ確率: 0.138（推定実オッズ?10倍） / 2着集中度: 上位2艇 81.1%（補正+0.04） / 総合判定確率: 0.178 / → ヒモはやや固め。上位2艇以外を切ること', 'tenji_trigger': '展示確認: 1号艇伸び良→そのまま採用。悪→飛び組に差し替え。circle_pct上位2艇に絞り込むこと。'}",,,25.1,逃げ狙い,10.82,26,2,,,,,,,,,,,
2026-01-22,丸亀,5,4,水口由紀,B1,41.18,4,○,6.5027,11.6,67,25,0.175,3.8472,,,0,低,92,0,-,2 522,0,28.6,0.6504,,,,,,0.24,0.08,0.08,,,B,△,,0.3147,0.568,,0.4988,S,85,0,◎1着固定 2-3着流し（5〜8点）,0.5777,"{'is_target': True, 'verdict': '点数絞り', 'max_combo_prob': 0.1378, 'est_top_odds': 9.7, 'circle_concentration': 81.1, 'eligible_count': 6, 'bet_adj': 0, 'reason': 'rel_win1=64.4%（本命度） / 最有力組み合わせ確率: 0.138（推定実オッズ?10倍） / 2着集中度: 上位2艇 81.1%（補正+0.04） / 総合判定確率: 0.178 / → ヒモはやや固め。上位2艇以外を切ること', 'tenji_trigger': '展示確認: 1号艇伸び良→そのまま採用。悪→飛び組に差し替え。circle_pct上位2艇に絞り込むこと。'}",,,25.1,逃げ狙い,10.82,26,2,,,,,,,,,,,
2026-01-22,丸亀,5,5,佐藤ほの,B1,30.69,5,,3.6482,5.4,55,13.8,0.1693,3.069,,,0,低,65,0,-,6 256,0,33.2,0.6829,,,,,,0.3333,0.4444,0.1111,,,D,△,,0.331,0.5605,,0.4988,S,85,0,◎1着固定 2-3着流し（5〜8点）,0.5777,"{'is_target': True, 'verdict': '点数絞り', 'max_combo_prob': 0.1378, 'est_top_odds': 9.7, 'circle_concentration': 81.1, 'eligible_count': 6, 'bet_adj': 0, 'reason': 'rel_win1=64.4%（本命度） / 最有力組み合わせ確率: 0.138（推定実オッズ?10倍） / 2着集中度: 上位2艇 81.1%（補正+0.04） / 総合判定確率: 0.178 / → ヒモはやや固め。上位2艇以外を切ること', 'tenji_trigger': '展示確認: 1号艇伸び良→そのまま採用。悪→飛び組に差し替え。circle_pct上位2艇に絞り込むこと。'}",,,25.1,逃げ狙い,10.82,26,2,,,,,,,,,,,
2026-01-22,丸亀,5,6,三嶌さら,B1,37.08,6,△,1.3252,1.9,16,3,0.1863,4.0152,,,0,低,82,0,-,1 142,0,26.9,0.6239,,,,,,0,0.25,0,,,B,○,,0.2769,0.576,,0.4988,S,85,0,◎1着固定 2-3着流し（5〜8点）,0.5777,"{'is_target': True, 'verdict': '点数絞り', 'max_combo_prob': 0.1378, 'est_top_odds': 9.7, 'circle_concentration': 81.1, 'eligible_count': 6, 'bet_adj': 0, 'reason': 'rel_win1=64.4%（本命度） / 最有力組み合わせ確率: 0.138（推定実オッズ?10倍） / 2着集中度: 上位2艇 81.1%（補正+0.04） / 総合判定確率: 0.178 / → ヒモはやや固め。上位2艇以外を切ること', 'tenji_trigger': '展示確認: 1号艇伸び良→そのまま採用。悪→飛び組に差し替え。circle_pct上位2艇に絞り込むこと。'}",,,25.1,逃げ狙い,10.82,26,2,,,,,,,,,,,
2026-01-22,丸亀,6,1,岩崎芳美,A2,34.78,1,◎,57.5742,,0,89.5,0.1263,2.6316,,,0,低,23,0,逃0%,1 5522,0,88.6,1.1463,0.4167,,,,,0.0833,0.25,0.25,◎⚠️,,C,○,,,0.6485,,0.5387,S,87,0,◎1着固定 2-3着流し（5〜8点）,0.5777,"{'is_target': True, 'verdict': '参加推奨', 'max_combo_prob': 0.0632, 'est_top_odds': 21.1, 'circle_concentration': 64.6, 'eligible_count': 6, 'bet_adj': 2, 'reason': 'rel_win1=57.6%（本命度） / 最有力組み合わせ確率: 0.063（推定実オッズ?21倍） / 2着集中度: 上位2艇 64.6%（補正+0.00） / 総合判定確率: 0.063 / → ヒモ分散。1号艇1着固定で広めのヒモ流し推奨（買い目+2点）', 'tenji_trigger': '展示確認: ヒモ分散レース。1号艇伸び確認後、広めのヒモ流しを採用。穴ヒモ（5・6号艇）を積極的に含める。\n展示で1号艇スタート超安定(0.126秒)→ヒモ固まり方向に注意'}",,,23.8,逃げ狙い,16.94,31.4,3,6-1-2|6-2-1|6-1-3|6-1-4|6-4-1|6-2-3|6-2-4|6-1-5|1-2-4|1-3-4|1-3-2|1-2-6,6-1-2|6-2-1|6-1-3|6-1-4|6-4-1|6-2-3|6-2-4|6-1-5|1-2-4|1-3-4|1-3-2|1-2-6,6-1-2:1.14%|6-2-1:1.09%|6-1-3:0.73%|6-1-4:0.68%|6-4-1:0.57%|6-2-3:0.41%|6-2-4:0.38%|6-1-5:4.14%|1-2-4:3.7%|1-3-4:3.58%|1-3-2:3.29%|1-2-6:3.22%,6-1-2:B_main|6-2-1:B_main|6-1-3:B_main|6-1-4:B_main|6-4-1:B_main|6-2-3:B_main|6-2-4:B_main|6-1-5:B_sc|1-2-4:A|1-3-4:A|1-3-2:A|1-2-6:A,12,12,0.4535,1,[!]見送り推奨（主役決まり手「まくり」― 逃げ劣勢レースで的中実績なし）,主役軸流し,B
2026-01-22,丸亀,6,2,坂野さく,B1,32.53,2,,9.3603,33.4,100,46.9,0.1941,3.9531,,,0,低,76,0,差0%,461 55,0,66.2,0.7871,0,0.0556,0,0,0,0.2889,0.2889,0.2444,,,D,△,,0.0613,0.5865,,0.5387,S,87,0,◎1着固定 2-3着流し（5〜8点）,0.5777,"{'is_target': True, 'verdict': '参加推奨', 'max_combo_prob': 0.0632, 'est_top_odds': 21.1, 'circle_concentration': 64.6, 'eligible_count': 6, 'bet_adj': 2, 'reason': 'rel_win1=57.6%（本命度） / 最有力組み合わせ確率: 0.063（推定実オッズ?21倍） / 2着集中度: 上位2艇 64.6%（補正+0.00） / 総合判定確率: 0.063 / → ヒモ分散。1号艇1着固定で広めのヒモ流し推奨（買い目+2点）', 'tenji_trigger': '展示確認: ヒモ分散レース。1号艇伸び確認後、広めのヒモ流しを採用。穴ヒモ（5・6号艇）を積極的に含める。\n展示で1号艇スタート超安定(0.126秒)→ヒモ固まり方向に注意'}",,,23.8,逃げ狙い,16.94,31.4,3,,,,,,,,,,,
2026-01-22,丸亀,6,3,来田衣織,B1,46.91,3,▲,9.1124,31.1,91,38.1,0.1848,3.75,,,0,低,96,0,-,1 155,0,22.4,0.7954,,,,,,0,0.4,0,,,A,,,0.1377,0.585,,0.5387,S,87,0,◎1着固定 2-3着流し（5〜8点）,0.5777,"{'is_target': True, 'verdict': '参加推奨', 'max_combo_prob': 0.0632, 'est_top_odds': 21.1, 'circle_concentration': 64.6, 'eligible_count': 6, 'bet_adj': 2, 'reason': 'rel_win1=57.6%（本命度） / 最有力組み合わせ確率: 0.063（推定実オッズ?21倍） / 2着集中度: 上位2艇 64.6%（補正+0.00） / 総合判定確率: 0.063 / → ヒモ分散。1号艇1着固定で広めのヒモ流し推奨（買い目+2点）', 'tenji_trigger': '展示確認: ヒモ分散レース。1号艇伸び確認後、広めのヒモ流しを採用。穴ヒモ（5・6号艇）を積極的に含める。\n展示で1号艇スタート超安定(0.126秒)→ヒモ固まり方向に注意'}",,,23.8,逃げ狙い,16.94,31.4,3,,,,,,,,,,,
2026-01-22,丸亀,6,4,池　千夏,B1,42.53,4,○,8.2794,15.6,67,22.2,0.1178,2.6111,,,0,低,8,1,-,4 224,0,27.4,0.6874,,,,,,0,0.3714,0.3143,,,B,◎,,0.3431,0.7065,,0.5387,S,87,0,◎1着固定 2-3着流し（5〜8点）,0.5777,"{'is_target': True, 'verdict': '参加推奨', 'max_combo_prob': 0.0632, 'est_top_odds': 21.1, 'circle_concentration': 64.6, 'eligible_count': 6, 'bet_adj': 2, 'reason': 'rel_win1=57.6%（本命度） / 最有力組み合わせ確率: 0.063（推定実オッズ?21倍） / 2着集中度: 上位2艇 64.6%（補正+0.00） / 総合判定確率: 0.063 / → ヒモ分散。1号艇1着固定で広めのヒモ流し推奨（買い目+2点）', 'tenji_trigger': '展示確認: ヒモ分散レース。1号艇伸び確認後、広めのヒモ流しを採用。穴ヒモ（5・6号艇）を積極的に含める。\n展示で1号艇スタート超安定(0.126秒)→ヒモ固まり方向に注意'}",,,23.8,逃げ狙い,16.94,31.4,3,,,,,,,,,,,
2026-01-22,丸亀,6,5,原加央理,B1,32.63,5,,7.5859,15.4,82,38.7,0.16,3.0161,,,0,低,57,0,-,4 522,0,24.6,1.2279,,,,,,0.1875,0.3125,0.125,,,D,△,,0.2028,0.6085,,0.5387,S,87,0,◎1着固定 2-3着流し（5〜8点）,0.5777,"{'is_target': True, 'verdict': '参加推奨', 'max_combo_prob': 0.0632, 'est_top_odds': 21.1, 'circle_concentration': 64.6, 'eligible_count': 6, 'bet_adj': 2, 'reason': 'rel_win1=57.6%（本命度） / 最有力組み合わせ確率: 0.063（推定実オッズ?21倍） / 2着集中度: 上位2艇 64.6%（補正+0.00） / 総合判定確率: 0.063 / → ヒモ分散。1号艇1着固定で広めのヒモ流し推奨（買い目+2点）', 'tenji_trigger': '展示確認: ヒモ分散レース。1号艇伸び確認後、広めのヒモ流しを採用。穴ヒモ（5・6号艇）を積極的に含める。\n展示で1号艇スタート超安定(0.126秒)→ヒモ固まり方向に注意'}",,,23.8,逃げ狙い,16.94,31.4,3,,,,,,,,,,,
2026-01-22,丸亀,6,6,堀之内紀,A1,38.78,6,△,8.0879,4.4,37,23.3,0.1747,3.8,,,0,低,60,0,ま0%,36F44,0,67.5,1.3417,0,0,0.2727,0,0,0.0909,0.1818,0,,,C,,,0.2033,0.5735,,0.5387,S,87,0,◎1着固定 2-3着流し（5〜8点）,0.5777,"{'is_target': True, 'verdict': '参加推奨', 'max_combo_prob': 0.0632, 'est_top_odds': 21.1, 'circle_concentration': 64.6, 'eligible_count': 6, 'bet_adj': 2, 'reason': 'rel_win1=57.6%（本命度） / 最有力組み合わせ確率: 0.063（推定実オッズ?21倍） / 2着集中度: 上位2艇 64.6%（補正+0.00） / 総合判定確率: 0.063 / → ヒモ分散。1号艇1着固定で広めのヒモ流し推奨（買い目+2点）', 'tenji_trigger': '展示確認: ヒモ分散レース。1号艇伸び確認後、広めのヒモ流しを採用。穴ヒモ（5・6号艇）を積極的に含める。\n展示で1号艇スタート超安定(0.126秒)→ヒモ固まり方向に注意'}",,,23.8,逃げ狙い,16.94,31.4,3,,,,,,,,,,,
2026-01-22,丸亀,7,1,戸敷晃美,A2,48.10,1,◎,72.0925,,0,83.3,0.1606,2.7222,,,0,低,73,0,逃1%,323 16,0,81.9,1.1385,0.7222,,,,,0,0.0444,0.1422,◎,,A,,,,0.589,,0.6185,A,77,0,◎-○軸 3着3〜4艇流し（10〜15点）,0.5777,"{'is_target': True, 'verdict': '点数絞り', 'max_combo_prob': 0.1074, 'est_top_odds': 12.4, 'circle_concentration': 78.6, 'eligible_count': 8, 'bet_adj': 0, 'reason': 'rel_win1=72.1%（本命度） / 最有力組み合わせ確率: 0.107（推定実オッズ?12倍） / 2着集中度: 上位2艇 78.6%（補正+0.04） / 総合判定確率: 0.147 / → ヒモはやや固め。上位2艇以外を切ること', 'tenji_trigger': '展示確認: 1号艇伸び良→そのまま採用。悪→飛び組に差し替え。circle_pct上位2艇に絞り込むこと。'}",,,25,逃げ狙い,10.43,26.1,4,,,,,0,0,0.7559,0,,逃げ軸流し,A
2026-01-22,丸亀,7,2,喜多那由,B1,27.08,2,,6.8359,50.8,100,52.5,0.1865,4.0625,,,0,低,95,0,差0%,4 643,0,38.3,0.865,0,0.0588,0,0,0,0.2643,0.0857,0.4143,,,E,○,,0.0621,0.6495,,0.6185,A,77,0,◎-○軸 3着3〜4艇流し（10〜15点）,0.5777,"{'is_target': True, 'verdict': '点数絞り', 'max_combo_prob': 0.1074, 'est_top_odds': 12.4, 'circle_concentration': 78.6, 'eligible_count': 8, 'bet_adj': 0, 'reason': 'rel_win1=72.1%（本命度） / 最有力組み合わせ確率: 0.107（推定実オッズ?12倍） / 2着集中度: 上位2艇 78.6%（補正+0.04） / 総合判定確率: 0.147 / → ヒモはやや固め。上位2艇以外を切ること', 'tenji_trigger': '展示確認: 1号艇伸び良→そのまま採用。悪→飛び組に差し替え。circle_pct上位2艇に絞り込むこと。'}",,,25,逃げ狙い,10.43,26.1,4,,,,,,,,,,,
2026-01-22,丸亀,7,3,菅野はや,B2,36.59,3,,4.6057,9.3,84,10.3,0.2166,4.4138,,,0,低,78,0,-,364 35,0,72.6,0.5638,,,,,,0.125,0.125,0.125,,,D,,,0.1376,0.5285,,0.6185,A,77,0,◎-○軸 3着3〜4艇流し（10〜15点）,0.5777,"{'is_target': True, 'verdict': '点数絞り', 'max_combo_prob': 0.1074, 'est_top_odds': 12.4, 'circle_concentration': 78.6, 'eligible_count': 8, 'bet_adj': 0, 'reason': 'rel_win1=72.1%（本命度） / 最有力組み合わせ確率: 0.107（推定実オッズ?12倍） / 2着集中度: 上位2艇 78.6%（補正+0.04） / 総合判定確率: 0.147 / → ヒモはやや固め。上位2艇以外を切ること', 'tenji_trigger': '展示確認: 1号艇伸び良→そのまま採用。悪→飛び組に差し替え。circle_pct上位2艇に絞り込むこと。'}",,,25,逃げ狙い,10.43,26.1,4,,,,,,,,,,,
2026-01-22,丸亀,7,4,松尾夏海,A1,45.65,4,○,11.6778,27.8,93,52.2,0.1513,2.5435,,,0,低,45,0,差ま0%,521 61,0,93.4,1.7385,0,0,0,0.125,0,,,,,,B,◎,,0.3387,0.684,,0.6185,A,77,0,◎-○軸 3着3〜4艇流し（10〜15点）,0.5777,"{'is_target': True, 'verdict': '点数絞り', 'max_combo_prob': 0.1074, 'est_top_odds': 12.4, 'circle_concentration': 78.6, 'eligible_count': 8, 'bet_adj': 0, 'reason': 'rel_win1=72.1%（本命度） / 最有力組み合わせ確率: 0.107（推定実オッズ?12倍） / 2着集中度: 上位2艇 78.6%（補正+0.04） / 総合判定確率: 0.147 / → ヒモはやや固め。上位2艇以外を切ること', 'tenji_trigger': '展示確認: 1号艇伸び良→そのまま採用。悪→飛び組に差し替え。circle_pct上位2艇に絞り込むこと。'}",,,25,逃げ狙い,10.43,26.1,4,,,,,,,,,,,
2026-01-22,丸亀,7,5,中北　涼,B1,37.00,5,▲,3.7006,7.5,75,15,0.149,3.025,,,0,低,39,0,-,344 46,0,36.3,0.6676,,,,,,0.3333,0.4444,0,,,C,△,,0.3478,0.612,,0.6185,A,77,0,◎-○軸 3着3〜4艇流し（10〜15点）,0.5777,"{'is_target': True, 'verdict': '点数絞り', 'max_combo_prob': 0.1074, 'est_top_odds': 12.4, 'circle_concentration': 78.6, 'eligible_count': 8, 'bet_adj': 0, 'reason': 'rel_win1=72.1%（本命度） / 最有力組み合わせ確率: 0.107（推定実オッズ?12倍） / 2着集中度: 上位2艇 78.6%（補正+0.04） / 総合判定確率: 0.147 / → ヒモはやや固め。上位2艇以外を切ること', 'tenji_trigger': '展示確認: 1号艇伸び良→そのまま採用。悪→飛び組に差し替え。circle_pct上位2艇に絞り込むこと。'}",,,25,逃げ狙い,10.43,26.1,4,,,,,,,,,,,
2026-01-22,丸亀,7,6,山田理央,A2,39.56,6,△,1.0875,4.6,65,39.4,0.17,4.0606,,,0,低,62,0,-,15113,0,27.9,1.4497,,,,,,0.0444,0.1444,0.0222,,,C,△,,0.2801,0.6,,0.6185,A,77,0,◎-○軸 3着3〜4艇流し（10〜15点）,0.5777,"{'is_target': True, 'verdict': '点数絞り', 'max_combo_prob': 0.1074, 'est_top_odds': 12.4, 'circle_concentration': 78.6, 'eligible_count': 8, 'bet_adj': 0, 'reason': 'rel_win1=72.1%（本命度） / 最有力組み合わせ確率: 0.107（推定実オッズ?12倍） / 2着集中度: 上位2艇 78.6%（補正+0.04） / 総合判定確率: 0.147 / → ヒモはやや固め。上位2艇以外を切ること', 'tenji_trigger': '展示確認: 1号艇伸び良→そのまま採用。悪→飛び組に差し替え。circle_pct上位2艇に絞り込むこと。'}",,,25,逃げ狙い,10.43,26.1,4,,,,,,,,,,,
2026-01-22,丸亀,8,1,山本梨菜,A1,41.46,1,◎,75.0743,,0,100,0.1325,2.8036,,,0,低,40,0,逃1%,2 5611,0,95.8,1.3224,0.7059,,,,,0.0471,0.0235,0.1328,◎,,A,△,,,0.5915,,0.6096,S,94,0,◎1着固定 2-3着流し（5〜8点）,0.5777,"{'is_target': True, 'verdict': '参加推奨', 'max_combo_prob': 0.0937, 'est_top_odds': 14.2, 'circle_concentration': 64.5, 'eligible_count': 6, 'bet_adj': 2, 'reason': 'rel_win1=75.1%（本命度） / 最有力組み合わせ確率: 0.094（推定実オッズ?14倍） / 2着集中度: 上位2艇 64.5%（補正+0.00） / 総合判定確率: 0.094 / → ヒモ分散。1号艇1着固定で広めのヒモ流し推奨（買い目+2点）', 'tenji_trigger': '展示確認: ヒモ分散レース。1号艇伸び確認後、広めのヒモ流しを採用。穴ヒモ（5・6号艇）を積極的に含める。\n展示で1号艇スタート超安定(0.133秒)→ヒモ固まり方向に注意'}",,,25.1,逃げ狙い,11.84,25.2,4,,,,,0,0,0.7559,0,,逃げ軸流し,A
2026-01-22,丸亀,8,2,角ひとみ,A2,31.76,2,△,9.5048,36.2,80,44.7,0.2084,4.8421,,,0,低,104,0,差0% ま0%,666 66,0,20.5,0.7564,0,0.0625,0.0625,0,0,0.1267,0.1533,0.0267,,,C,○,,0.0639,0.6195,,0.6096,S,94,0,◎1着固定 2-3着流し（5〜8点）,0.5777,"{'is_target': True, 'verdict': '参加推奨', 'max_combo_prob': 0.0937, 'est_top_odds': 14.2, 'circle_concentration': 64.5, 'eligible_count': 6, 'bet_adj': 2, 'reason': 'rel_win1=75.1%（本命度） / 最有力組み合わせ確率: 0.094（推定実オッズ?14倍） / 2着集中度: 上位2艇 64.5%（補正+0.00） / 総合判定確率: 0.094 / → ヒモ分散。1号艇1着固定で広めのヒモ流し推奨（買い目+2点）', 'tenji_trigger': '展示確認: ヒモ分散レース。1号艇伸び確認後、広めのヒモ流しを採用。穴ヒモ（5・6号艇）を積極的に含める。\n展示で1号艇スタート超安定(0.133秒)→ヒモ固まり方向に注意'}",,,25.1,逃げ狙い,11.84,25.2,4,,,,,,,,,,,
2026-01-22,丸亀,8,3,池田奈津,B1,30.84,3,○,6.1303,28.3,92,32.3,0.1352,2.5,,,0,低,23,0,ま0%,5 343,0,26,0.656,0,0,0.0833,0,0,0.28,0.28,0,,,C,◎,,0.2813,0.6705,,0.6096,S,94,0,◎1着固定 2-3着流し（5〜8点）,0.5777,"{'is_target': True, 'verdict': '参加推奨', 'max_combo_prob': 0.0937, 'est_top_odds': 14.2, 'circle_concentration': 64.5, 'eligible_count': 6, 'bet_adj': 2, 'reason': 'rel_win1=75.1%（本命度） / 最有力組み合わせ確率: 0.094（推定実オッズ?14倍） / 2着集中度: 上位2艇 64.5%（補正+0.00） / 総合判定確率: 0.094 / → ヒモ分散。1号艇1着固定で広めのヒモ流し推奨（買い目+2点）', 'tenji_trigger': '展示確認: ヒモ分散レース。1号艇伸び確認後、広めのヒモ流しを採用。穴ヒモ（5・6号艇）を積極的に含める。\n展示で1号艇スタート超安定(0.133秒)→ヒモ固まり方向に注意'}",,,25.1,逃げ狙い,11.84,25.2,4,,,,,,,,,,,
2026-01-22,丸亀,8,4,中田夕貴,A2,30.00,4,,5.6828,28,100,43.8,0.17,3.625,,,0,低,68,0,-,5 5S55,0,39.2,0.8632,,,,,,0.1927,0.3127,0,,,D,△,,0.1664,0.5955,,0.6096,S,94,0,◎1着固定 2-3着流し（5〜8点）,0.5777,"{'is_target': True, 'verdict': '参加推奨', 'max_combo_prob': 0.0937, 'est_top_odds': 14.2, 'circle_concentration': 64.5, 'eligible_count': 6, 'bet_adj': 2, 'reason': 'rel_win1=75.1%（本命度） / 最有力組み合わせ確率: 0.094（推定実オッズ?14倍） / 2着集中度: 上位2艇 64.5%（補正+0.00） / 総合判定確率: 0.094 / → ヒモ分散。1号艇1着固定で広めのヒモ流し推奨（買い目+2点）', 'tenji_trigger': '展示確認: ヒモ分散レース。1号艇伸び確認後、広めのヒモ流しを採用。穴ヒモ（5・6号艇）を積極的に含める。\n展示で1号艇スタート超安定(0.133秒)→ヒモ固まり方向に注意'}",,,25.1,逃げ狙い,11.84,25.2,4,,,,,,,,,,,
2026-01-22,丸亀,8,5,福山恵里,B1,29.55,5,,2.5386,6.4,69,14.3,0.1438,3.5,,,0,低,42,0,-,563 66,0,31.2,0.6998,,,,,,0.19,0.46,0,,,D,,,0.2741,0.498,,0.6096,S,94,0,◎1着固定 2-3着流し（5〜8点）,0.5777,"{'is_target': True, 'verdict': '参加推奨', 'max_combo_prob': 0.0937, 'est_top_odds': 14.2, 'circle_concentration': 64.5, 'eligible_count': 6, 'bet_adj': 2, 'reason': 'rel_win1=75.1%（本命度） / 最有力組み合わせ確率: 0.094（推定実オッズ?14倍） / 2着集中度: 上位2艇 64.5%（補正+0.00） / 総合判定確率: 0.094 / → ヒモ分散。1号艇1着固定で広めのヒモ流し推奨（買い目+2点）', 'tenji_trigger': '展示確認: ヒモ分散レース。1号艇伸び確認後、広めのヒモ流しを採用。穴ヒモ（5・6号艇）を積極的に含める。\n展示で1号艇スタート超安定(0.133秒)→ヒモ固まり方向に注意'}",,,25.1,逃げ狙い,11.84,25.2,4,,,,,,,,,,,
2026-01-22,丸亀,8,6,赤松咲香,B2,33.70,6,▲,1.0693,1.1,29,1.6,0.1911,4.3607,,,0,低,41,0,-,656 56,0,22,0.6439,,,,,,,,,,,C,,,0.135,0.535,,0.6096,S,94,0,◎1着固定 2-3着流し（5〜8点）,0.5777,"{'is_target': True, 'verdict': '参加推奨', 'max_combo_prob': 0.0937, 'est_top_odds': 14.2, 'circle_concentration': 64.5, 'eligible_count': 6, 'bet_adj': 2, 'reason': 'rel_win1=75.1%（本命度） / 最有力組み合わせ確率: 0.094（推定実オッズ?14倍） / 2着集中度: 上位2艇 64.5%（補正+0.00） / 総合判定確率: 0.094 / → ヒモ分散。1号艇1着固定で広めのヒモ流し推奨（買い目+2点）', 'tenji_trigger': '展示確認: ヒモ分散レース。1号艇伸び確認後、広めのヒモ流しを採用。穴ヒモ（5・6号艇）を積極的に含める。\n展示で1号艇スタート超安定(0.133秒)→ヒモ固まり方向に注意'}",,,25.1,逃げ狙い,11.84,25.2,4,,,,,,,,,,,
2026-01-22,丸亀,9,1,向井田真,B1,23.81,1,◎,58.1154,,0,77.3,0.1473,3.25,,,0,低,72,0,逃0%,6 145,0,83.5,1.0225,0.2,,,,,0.2,0.2,0,○,,E,,,,0.5205,,0.4465,A,69,0,◎-○軸 3着3〜4艇流し（10〜15点）,0.5777,"{'is_target': True, 'verdict': '参加推奨', 'max_combo_prob': 0.0785, 'est_top_odds': 17.0, 'circle_concentration': 69.3, 'eligible_count': 8, 'bet_adj': 2, 'reason': 'rel_win1=58.1%（本命度） / 最有力組み合わせ確率: 0.078（推定実オッズ?17倍） / 2着集中度: 上位2艇 69.3%（補正+0.00） / 総合判定確率: 0.078 / → ヒモ分散。1号艇1着固定で広めのヒモ流し推奨（買い目+2点）', 'tenji_trigger': '展示確認: ヒモ分散レース。1号艇伸び確認後、広めのヒモ流しを採用。穴ヒモ（5・6号艇）を積極的に含める。'}",,,28.7,逃げ狙い,14.65,32.9,2,,,,,0,0,0.6155,0,,主役軸流し,B
2026-01-22,丸亀,9,2,谷口佳蓮,B1,35.16,2,○,15.2489,40.5,100,50,0.158,3.8,,,0,低,45,0,-,243 1S,0,77.8,0.8564,0,0.1176,0,0,0,0.1091,0,0.2727,,,C,△,,0.2196,0.5715,,0.4465,A,69,0,◎-○軸 3着3〜4艇流し（10〜15点）,0.5777,"{'is_target': True, 'verdict': '参加推奨', 'max_combo_prob': 0.0785, 'est_top_odds': 17.0, 'circle_concentration': 69.3, 'eligible_count': 8, 'bet_adj': 2, 'reason': 'rel_win1=58.1%（本命度） / 最有力組み合わせ確率: 0.078（推定実オッズ?17倍） / 2着集中度: 上位2艇 69.3%（補正+0.00） / 総合判定確率: 0.078 / → ヒモ分散。1号艇1着固定で広めのヒモ流し推奨（買い目+2点）', 'tenji_trigger': '展示確認: ヒモ分散レース。1号艇伸び確認後、広めのヒモ流しを採用。穴ヒモ（5・6号艇）を積極的に含める。'}",,,28.7,逃げ狙い,14.65,32.9,2,,,,,,,,,,,
2026-01-22,丸亀,9,3,池田浩美,B1,27.08,3,,13.1284,28.8,57,40.7,0.1674,3.7037,,,0,低,68,0,差ま0% 抜0%,226 42,0,48.1,0.9415,0,0,0,0.0625,0.0625,0.375,0,0.125,,,D,○,,0.1878,0.614,,0.4465,A,69,0,◎-○軸 3着3〜4艇流し（10〜15点）,0.5777,"{'is_target': True, 'verdict': '参加推奨', 'max_combo_prob': 0.0785, 'est_top_odds': 17.0, 'circle_concentration': 69.3, 'eligible_count': 8, 'bet_adj': 2, 'reason': 'rel_win1=58.1%（本命度） / 最有力組み合わせ確率: 0.078（推定実オッズ?17倍） / 2着集中度: 上位2艇 69.3%（補正+0.00） / 総合判定確率: 0.078 / → ヒモ分散。1号艇1着固定で広めのヒモ流し推奨（買い目+2点）', 'tenji_trigger': '展示確認: ヒモ分散レース。1号艇伸び確認後、広めのヒモ流しを採用。穴ヒモ（5・6号艇）を積極的に含める。'}",,,28.7,逃げ狙い,14.65,32.9,2,,,,,,,,,,,
2026-01-22,丸亀,9,4,三嶌ここ,B1,38.89,4,,4.1921,14.3,48,10,0.224,4.8,,,0,低,114,0,-,532 55,0,13.4,0.5623,,,,,,0.0571,0.0571,0.3143,,,B,△,,0.1377,0.553,,0.4465,A,69,0,◎-○軸 3着3〜4艇流し（10〜15点）,0.5777,"{'is_target': True, 'verdict': '参加推奨', 'max_combo_prob': 0.0785, 'est_top_odds': 17.0, 'circle_concentration': 69.3, 'eligible_count': 8, 'bet_adj': 2, 'reason': 'rel_win1=58.1%（本命度） / 最有力組み合わせ確率: 0.078（推定実オッズ?17倍） / 2着集中度: 上位2艇 69.3%（補正+0.00） / 総合判定確率: 0.078 / → ヒモ分散。1号艇1着固定で広めのヒモ流し推奨（買い目+2点）', 'tenji_trigger': '展示確認: ヒモ分散レース。1号艇伸び確認後、広めのヒモ流しを採用。穴ヒモ（5・6号艇）を積極的に含める。'}",,,28.7,逃げ狙い,14.65,32.9,2,,,,,,,,,,,
2026-01-22,丸亀,9,5,山口真喜,A2,37.37,5,△,7.8369,15.2,90,42.9,0.1775,4.2679,,,0,低,83,0,-,1 1S63,0,78.9,1.2962,,,,,,0.1818,0.3636,0.2727,,,C,,,0.2139,0.508,,0.4465,A,69,0,◎-○軸 3着3〜4艇流し（10〜15点）,0.5777,"{'is_target': True, 'verdict': '参加推奨', 'max_combo_prob': 0.0785, 'est_top_odds': 17.0, 'circle_concentration': 69.3, 'eligible_count': 8, 'bet_adj': 2, 'reason': 'rel_win1=58.1%（本命度） / 最有力組み合わせ確率: 0.078（推定実オッズ?17倍） / 2着集中度: 上位2艇 69.3%（補正+0.00） / 総合判定確率: 0.078 / → ヒモ分散。1号艇1着固定で広めのヒモ流し推奨（買い目+2点）', 'tenji_trigger': '展示確認: ヒモ分散レース。1号艇伸び確認後、広めのヒモ流しを採用。穴ヒモ（5・6号艇）を積極的に含める。'}",,,28.7,逃げ狙い,14.65,32.9,2,,,,,,,,,,,
2026-01-22,丸亀,9,6,清水愛海,A1,38.95,6,▲,1.4784,1.2,75,35.3,0.1865,4.0147,,,0,低,73,0,-,13222,0,47.2,1.3758,,,,,,0.0909,0.1818,0,,,B,◎,,0.1853,0.634,,0.4465,A,69,0,◎-○軸 3着3〜4艇流し（10〜15点）,0.5777,"{'is_target': True, 'verdict': '参加推奨', 'max_combo_prob': 0.0785, 'est_top_odds': 17.0, 'circle_concentration': 69.3, 'eligible_count': 8, 'bet_adj': 2, 'reason': 'rel_win1=58.1%（本命度） / 最有力組み合わせ確率: 0.078（推定実オッズ?17倍） / 2着集中度: 上位2艇 69.3%（補正+0.00） / 総合判定確率: 0.078 / → ヒモ分散。1号艇1着固定で広めのヒモ流し推奨（買い目+2点）', 'tenji_trigger': '展示確認: ヒモ分散レース。1号艇伸び確認後、広めのヒモ流しを採用。穴ヒモ（5・6号艇）を積極的に含める。'}",,,28.7,逃げ狙い,14.65,32.9,2,,,,,,,,,,,
2026-01-22,丸亀,10,1,三嶌さら,B1,37.08,1,◎,57.1653,,0,75,0.2175,4.125,,,0,低,82,1,逃0%,1 142,0,75.4,0.9951,0.5,,,,,0,0.25,0,△⚠️,,C,△,,,0.576,,0.2502,B,51,0,◎○△フォーメーション（15〜20点）,0.5777,"{'is_target': True, 'verdict': '参加推奨', 'max_combo_prob': 0.0663, 'est_top_odds': 20.1, 'circle_concentration': 76.8, 'eligible_count': 9, 'bet_adj': 2, 'reason': 'rel_win1=57.2%（本命度） / 最有力組み合わせ確率: 0.066（推定実オッズ?20倍） / 2着集中度: 上位2艇 76.8%（補正+0.04） / 総合判定確率: 0.106 / → ヒモ分散。1号艇1着固定で広めのヒモ流し推奨（買い目+2点）', 'tenji_trigger': '展示確認: ヒモ分散レース。1号艇伸び確認後、広めのヒモ流しを採用。穴ヒモ（5・6号艇）を積極的に含める。\n展示で1号艇スタート遅め(0.217秒)確認→ヒモが荒れやすい'}",,,34.7,両建て推奨,20.52,30.9,4,2-3-4|2-3-6|2-4-3|2-6-3|2-4-6|2-6-4|2-3-5|1-2-4|1-2-3|1-3-4|2-1-4|1-3-2,2-3-4|2-3-6|2-4-3|2-6-3|2-4-6|2-6-4|2-3-5|1-2-4|1-2-3|1-3-4|2-1-4|1-3-2,2-3-4:1.94%|2-3-6:1.77%|2-4-3:1.04%|2-6-3:0.87%|2-4-6:0.83%|2-6-4:0.75%|2-3-5:0.44%|1-2-4:8.6%|1-2-3:7.55%|1-3-4:7.49%|2-1-4:6.88%|1-3-2:6.59%,2-3-4:B_main|2-3-6:B_main|2-4-3:B_main|2-6-3:B_main|2-4-6:B_main|2-6-4:B_main|2-3-5:B_main|1-2-4:A|1-2-3:A|1-3-4:A|2-1-4:B_sc|1-3-2:A,12,12,0.4535,1,[!]見送り推奨（主役決まり手「まくり」― 逃げ劣勢レースで的中実績なし）,主役軸流し,B
2026-01-22,丸亀,10,2,戸敷晃美,A2,48.10,2,○,11.2701,39.3,100,64.1,0.1444,3.2179,,,0,低,73,0,ま0%,323 16,0,54.4,1.0264,0,0,0.1429,0,0,0,0.0444,0.1422,,◎,A,△,,0.5711,0.589,,0.2502,B,51,0,◎○△フォーメーション（15〜20点）,0.5777,"{'is_target': True, 'verdict': '参加推奨', 'max_combo_prob': 0.0663, 'est_top_odds': 20.1, 'circle_concentration': 76.8, 'eligible_count': 9, 'bet_adj': 2, 'reason': 'rel_win1=57.2%（本命度） / 最有力組み合わせ確率: 0.066（推定実オッズ?20倍） / 2着集中度: 上位2艇 76.8%（補正+0.04） / 総合判定確率: 0.106 / → ヒモ分散。1号艇1着固定で広めのヒモ流し推奨（買い目+2点）', 'tenji_trigger': '展示確認: ヒモ分散レース。1号艇伸び確認後、広めのヒモ流しを採用。穴ヒモ（5・6号艇）を積極的に含める。\n展示で1号艇スタート遅め(0.217秒)確認→ヒモが荒れやすい'}",,,34.7,両建て推奨,20.52,30.9,4,,,,,,,,,,,
2026-01-22,丸亀,10,3,岩崎芳美,A2,34.78,3,,9.5514,37.6,65,43.8,0.1338,2.375,,,0,低,23,0,ま0%,1 5522,0,80.1,0.8531,0,0,0.1111,0,0,0.0833,0.25,0.25,,○,D,◎,,0.4761,0.6485,,0.2502,B,51,0,◎○△フォーメーション（15〜20点）,0.5777,"{'is_target': True, 'verdict': '参加推奨', 'max_combo_prob': 0.0663, 'est_top_odds': 20.1, 'circle_concentration': 76.8, 'eligible_count': 9, 'bet_adj': 2, 'reason': 'rel_win1=57.2%（本命度） / 最有力組み合わせ確率: 0.066（推定実オッズ?20倍） / 2着集中度: 上位2艇 76.8%（補正+0.04） / 総合判定確率: 0.106 / → ヒモ分散。1号艇1着固定で広めのヒモ流し推奨（買い目+2点）', 'tenji_trigger': '展示確認: ヒモ分散レース。1号艇伸び確認後、広めのヒモ流しを採用。穴ヒモ（5・6号艇）を積極的に含める。\n展示で1号艇スタート遅め(0.217秒)確認→ヒモが荒れやすい'}",,,34.7,両建て推奨,20.52,30.9,4,,,,,,,,,,,
2026-01-22,丸亀,10,4,谷川里江,B1,35.96,4,▲,15.5497,10.4,59,42.3,0.1177,2.1154,,,0,低,57,0,差ま0%,232 24,0,75.4,1.2081,0,0,0,0.1,0,0.1,0.6,0,,△,C,,◎,0.4723,0.549,0.4346,0.2502,B,51,0,◎○△フォーメーション（15〜20点）,0.5777,"{'is_target': True, 'verdict': '参加推奨', 'max_combo_prob': 0.0663, 'est_top_odds': 20.1, 'circle_concentration': 76.8, 'eligible_count': 9, 'bet_adj': 2, 'reason': 'rel_win1=57.2%（本命度） / 最有力組み合わせ確率: 0.066（推定実オッズ?20倍） / 2着集中度: 上位2艇 76.8%（補正+0.04） / 総合判定確率: 0.106 / → ヒモ分散。1号艇1着固定で広めのヒモ流し推奨（買い目+2点）', 'tenji_trigger': '展示確認: ヒモ分散レース。1号艇伸び確認後、広めのヒモ流しを採用。穴ヒモ（5・6号艇）を積極的に含める。\n展示で1号艇スタート遅め(0.217秒)確認→ヒモが荒れやすい'}",,,34.7,両建て推奨,20.52,30.9,4,,,,,,,,,,,
2026-01-22,丸亀,10,5,大橋由珠,B2,35.71,5,,5.2788,10.7,81,0,0.18,2.875,,,0,低,12,1,-,6 431,0,28.4,0.6769,,,,,,0,0.7143,0,,,D,,,0.4311,0.5495,,0.2502,B,51,0,◎○△フォーメーション（15〜20点）,0.5777,"{'is_target': True, 'verdict': '参加推奨', 'max_combo_prob': 0.0663, 'est_top_odds': 20.1, 'circle_concentration': 76.8, 'eligible_count': 9, 'bet_adj': 2, 'reason': 'rel_win1=57.2%（本命度） / 最有力組み合わせ確率: 0.066（推定実オッズ?20倍） / 2着集中度: 上位2艇 76.8%（補正+0.04） / 総合判定確率: 0.106 / → ヒモ分散。1号艇1着固定で広めのヒモ流し推奨（買い目+2点）', 'tenji_trigger': '展示確認: ヒモ分散レース。1号艇伸び確認後、広めのヒモ流しを採用。穴ヒモ（5・6号艇）を積極的に含める。\n展示で1号艇スタート遅め(0.217秒)確認→ヒモが荒れやすい'}",,,34.7,両建て推奨,20.52,30.9,4,,,,,,,,,,,
2026-01-22,丸亀,10,6,西村美智,B2,37.35,6,△,1.1847,2.1,84,35.3,0.1694,3.5588,,,0,低,25,0,-,3 3S1,0,30.1,1.3358,,,,,,0.1111,0.1111,0.1111,,,C,○,,0.4631,0.6285,,0.2502,B,51,0,◎○△フォーメーション（15〜20点）,0.5777,"{'is_target': True, 'verdict': '参加推奨', 'max_combo_prob': 0.0663, 'est_top_odds': 20.1, 'circle_concentration': 76.8, 'eligible_count': 9, 'bet_adj': 2, 'reason': 'rel_win1=57.2%（本命度） / 最有力組み合わせ確率: 0.066（推定実オッズ?20倍） / 2着集中度: 上位2艇 76.8%（補正+0.04） / 総合判定確率: 0.106 / → ヒモ分散。1号艇1着固定で広めのヒモ流し推奨（買い目+2点）', 'tenji_trigger': '展示確認: ヒモ分散レース。1号艇伸び確認後、広めのヒモ流しを採用。穴ヒモ（5・6号艇）を積極的に含める。\n展示で1号艇スタート遅め(0.217秒)確認→ヒモが荒れやすい'}",,,34.7,両建て推奨,20.52,30.9,4,,,,,,,,,,,
2026-01-22,丸亀,11,1,山田理央,A2,39.56,1,◎,63.1139,,0,88.6,0.134,2.4857,,,0,低,62,0,逃0%,15113,0,81.8,1.2265,0.6667,,,,,0.0444,0.1444,0.0222,◎,,C,△,,,0.6,,0.5717,S,90,0,◎1着固定 2-3着流し（5〜8点）,0.5777,"{'is_target': True, 'verdict': '点数絞り', 'max_combo_prob': 0.1009, 'est_top_odds': 13.2, 'circle_concentration': 72.2, 'eligible_count': 6, 'bet_adj': 0, 'reason': 'rel_win1=63.1%（本命度） / 最有力組み合わせ確率: 0.101（推定実オッズ?13倍） / 2着集中度: 上位2艇 72.2%（補正+0.04） / 総合判定確率: 0.141 / → ヒモはやや固め。上位2艇以外を切ること', 'tenji_trigger': '展示確認: 1号艇伸び良→そのまま採用。悪→飛び組に差し替え。circle_pct上位2艇に絞り込むこと。\n展示で1号艇スタート超安定(0.134秒)→ヒモ固まり方向に注意'}",,,25.7,逃げ狙い,12.66,26.2,3,,,,,0,0,0.7559,0,,逃げ軸流し,A
2026-01-22,丸亀,11,2,中川りな,A2,31.87,2,,9.0213,43.6,80,59.3,0.1685,3.7593,,,0,低,61,0,差0%,34133,0,33.1,0.9597,0,0.0833,0,0,0,0,0.1429,0.0714,,,E,△,,0.0681,0.6205,,0.5717,S,90,0,◎1着固定 2-3着流し（5〜8点）,0.5777,"{'is_target': True, 'verdict': '点数絞り', 'max_combo_prob': 0.1009, 'est_top_odds': 13.2, 'circle_concentration': 72.2, 'eligible_count': 6, 'bet_adj': 0, 'reason': 'rel_win1=63.1%（本命度） / 最有力組み合わせ確率: 0.101（推定実オッズ?13倍） / 2着集中度: 上位2艇 72.2%（補正+0.04） / 総合判定確率: 0.141 / → ヒモはやや固め。上位2艇以外を切ること', 'tenji_trigger': '展示確認: 1号艇伸び良→そのまま採用。悪→飛び組に差し替え。circle_pct上位2艇に絞り込むこと。\n展示で1号艇スタート超安定(0.134秒)→ヒモ固まり方向に注意'}",,,25.7,逃げ狙い,12.66,26.2,3,,,,,,,,,,,
2026-01-22,丸亀,11,3,松尾夏海,A1,45.65,3,○,13.3716,28.5,63,51.8,0.1526,2.9444,,,0,低,45,0,-,521 61,0,100,2.2771,0,0,0.0909,0,0,,,,,,B,◎,,0.2031,0.684,,0.5717,S,90,0,◎1着固定 2-3着流し（5〜8点）,0.5777,"{'is_target': True, 'verdict': '点数絞り', 'max_combo_prob': 0.1009, 'est_top_odds': 13.2, 'circle_concentration': 72.2, 'eligible_count': 6, 'bet_adj': 0, 'reason': 'rel_win1=63.1%（本命度） / 最有力組み合わせ確率: 0.101（推定実オッズ?13倍） / 2着集中度: 上位2艇 72.2%（補正+0.04） / 総合判定確率: 0.141 / → ヒモはやや固め。上位2艇以外を切ること', 'tenji_trigger': '展示確認: 1号艇伸び良→そのまま採用。悪→飛び組に差し替え。circle_pct上位2艇に絞り込むこと。\n展示で1号艇スタート超安定(0.134秒)→ヒモ固まり方向に注意'}",,,25.7,逃げ狙い,12.66,26.2,3,,,,,,,,,,,
2026-01-22,丸亀,11,4,山本梨菜,A1,41.46,4,▲,9.8916,16.1,100,60,0.1684,3.16,,,0,低,40,0,ま0% 差ま0%,2 5611,0,55.4,1.2511,0,0,0.1,0.2,0,0.0471,0.0235,0.1328,,,C,,,0.1955,0.5915,,0.5717,S,90,0,◎1着固定 2-3着流し（5〜8点）,0.5777,"{'is_target': True, 'verdict': '点数絞り', 'max_combo_prob': 0.1009, 'est_top_odds': 13.2, 'circle_concentration': 72.2, 'eligible_count': 6, 'bet_adj': 0, 'reason': 'rel_win1=63.1%（本命度） / 最有力組み合わせ確率: 0.101（推定実オッズ?13倍） / 2着集中度: 上位2艇 72.2%（補正+0.04） / 総合判定確率: 0.141 / → ヒモはやや固め。上位2艇以外を切ること', 'tenji_trigger': '展示確認: 1号艇伸び良→そのまま採用。悪→飛び組に差し替え。circle_pct上位2艇に絞り込むこと。\n展示で1号艇スタート超安定(0.134秒)→ヒモ固まり方向に注意'}",,,25.7,逃げ狙い,12.66,26.2,3,,,,,,,,,,,
2026-01-22,丸亀,11,5,落合直子,A2,35.23,5,,3.3567,10.1,78,35.5,0.1248,2.4355,,,0,低,40,0,-,5 2433,0,27.4,0.7726,,,,,,0.025,0,0.225,,,D,○,,0.3371,0.6465,,0.5717,S,90,0,◎1着固定 2-3着流し（5〜8点）,0.5777,"{'is_target': True, 'verdict': '点数絞り', 'max_combo_prob': 0.1009, 'est_top_odds': 13.2, 'circle_concentration': 72.2, 'eligible_count': 6, 'bet_adj': 0, 'reason': 'rel_win1=63.1%（本命度） / 最有力組み合わせ確率: 0.101（推定実オッズ?13倍） / 2着集中度: 上位2艇 72.2%（補正+0.04） / 総合判定確率: 0.141 / → ヒモはやや固め。上位2艇以外を切ること', 'tenji_trigger': '展示確認: 1号艇伸び良→そのまま採用。悪→飛び組に差し替え。circle_pct上位2艇に絞り込むこと。\n展示で1号艇スタート超安定(0.134秒)→ヒモ固まり方向に注意'}",,,25.7,逃げ狙い,12.66,26.2,3,,,,,,,,,,,
2026-01-22,丸亀,11,6,来田衣織,B1,46.91,6,△,1.2449,1.6,32,7.1,0.1979,3.6964,,,0,低,96,0,-,1 155,0,28,0.8511,,,,,,0,0.4,0,,,B,,,0.135,0.585,,0.5717,S,90,0,◎1着固定 2-3着流し（5〜8点）,0.5777,"{'is_target': True, 'verdict': '点数絞り', 'max_combo_prob': 0.1009, 'est_top_odds': 13.2, 'circle_concentration': 72.2, 'eligible_count': 6, 'bet_adj': 0, 'reason': 'rel_win1=63.1%（本命度） / 最有力組み合わせ確率: 0.101（推定実オッズ?13倍） / 2着集中度: 上位2艇 72.2%（補正+0.04） / 総合判定確率: 0.141 / → ヒモはやや固め。上位2艇以外を切ること', 'tenji_trigger': '展示確認: 1号艇伸び良→そのまま採用。悪→飛び組に差し替え。circle_pct上位2艇に絞り込むこと。\n展示で1号艇スタート超安定(0.134秒)→ヒモ固まり方向に注意'}",,,25.7,逃げ狙い,12.66,26.2,3,,,,,,,,,,,
2026-01-22,丸亀,12,1,井上遥妃,A1,53.09,1,◎,54.8981,,0,61.1,0.15,3.5556,,,0,低,34,0,逃1%,21311,0,65.2,0.8429,0.5556,,,,,0,0.1944,0.2389,○⚠️,,A,○,,,0.634,,0.4133,B,49,0,◎○△フォーメーション（15〜20点）,0.5777,"{'is_target': True, 'verdict': '参加推奨', 'max_combo_prob': 0.0569, 'est_top_odds': 23.4, 'circle_concentration': 66.4, 'eligible_count': 9, 'bet_adj': 2, 'reason': 'rel_win1=54.9%（本命度） / 最有力組み合わせ確率: 0.057（推定実オッズ?23倍） / 2着集中度: 上位2艇 66.4%（補正+0.00） / 総合判定確率: 0.057 / → ヒモ分散。1号艇1着固定で広めのヒモ流し推奨（買い目+2点）', 'tenji_trigger': '展示確認: ヒモ分散レース。1号艇伸び確認後、広めのヒモ流しを採用。穴ヒモ（5・6号艇）を積極的に含める。'}",,,29.7,両建て推奨,23.69,28.1,2,4-5-6|4-3-5|4-6-5|4-5-1|4-5-3|4-3-6|4-3-1|4-1-3|4-1-5|4-1-2|1-3-4|1-3-5,4-5-6|4-3-5|4-6-5|4-5-1|4-5-3|4-3-6|4-3-1|4-1-3|4-1-5|4-1-2|1-3-4|1-3-5,4-5-6:2.07%|4-3-5:1.16%|4-6-5:1.02%|4-5-1:0.86%|4-5-3:0.85%|4-3-6:0.83%|4-3-1:0.35%|4-1-3:8.8%|4-1-5:5.75%|4-1-2:5.4%|1-3-4:4.73%|1-3-5:4.35%,4-5-6:B_main|4-3-5:B_main|4-6-5:B_main|4-5-1:B_main|4-5-3:B_main|4-3-6:B_main|4-3-1:B_main|4-1-3:B_sc|4-1-5:B_sc|4-1-2:B_sc|1-3-4:A|1-3-5:A,12,12,0.4535,1,[!]見送り推奨（主役決まり手「まくり」― 逃げ劣勢レースで的中実績なし）,主役軸流し,B
2026-01-22,丸亀,12,2,平山智加,A1,29.67,2,,14.5379,31.8,85,65,0.1745,3.6,,,0,低,46,0,-,213 13,0,29.1,0.9478,0,0.25,0,0,0,0,0.1818,0.1818,,,D,◎,,0.1144,0.651,,0.4133,B,49,0,◎○△フォーメーション（15〜20点）,0.5777,"{'is_target': True, 'verdict': '参加推奨', 'max_combo_prob': 0.0569, 'est_top_odds': 23.4, 'circle_concentration': 66.4, 'eligible_count': 9, 'bet_adj': 2, 'reason': 'rel_win1=54.9%（本命度） / 最有力組み合わせ確率: 0.057（推定実オッズ?23倍） / 2着集中度: 上位2艇 66.4%（補正+0.00） / 総合判定確率: 0.057 / → ヒモ分散。1号艇1着固定で広めのヒモ流し推奨（買い目+2点）', 'tenji_trigger': '展示確認: ヒモ分散レース。1号艇伸び確認後、広めのヒモ流しを採用。穴ヒモ（5・6号艇）を積極的に含める。'}",,,29.7,両建て推奨,23.69,28.1,2,,,,,,,,,,,
2026-01-22,丸亀,12,3,米丸乃絵,A1,37.50,3,▲,12.5536,34.6,100,75,0.1471,3.4464,,,0,低,62,0,差0% ま0%,241 23,0,78.9,1.3387,0,0.1429,0.1429,0,0,0,0,0,,,C,,,0.3235,0.5575,,0.4133,B,49,0,◎○△フォーメーション（15〜20点）,0.5777,"{'is_target': True, 'verdict': '参加推奨', 'max_combo_prob': 0.0569, 'est_top_odds': 23.4, 'circle_concentration': 66.4, 'eligible_count': 9, 'bet_adj': 2, 'reason': 'rel_win1=54.9%（本命度） / 最有力組み合わせ確率: 0.057（推定実オッズ?23倍） / 2着集中度: 上位2艇 66.4%（補正+0.00） / 総合判定確率: 0.057 / → ヒモ分散。1号艇1着固定で広めのヒモ流し推奨（買い目+2点）', 'tenji_trigger': '展示確認: ヒモ分散レース。1号艇伸び確認後、広めのヒモ流しを採用。穴ヒモ（5・6号艇）を積極的に含める。'}",,,29.7,両建て推奨,23.69,28.1,2,,,,,,,,,,,
2026-01-22,丸亀,12,4,山川美由,A2,55.56,4,○,8.9585,16.2,97,77.8,0.1544,2.8333,,,0,低,16,1,-,1 432,0,54.6,1.0291,0,0,0.25,0,0,0,0,0.3333,,,A,△,,0.3323,0.584,,0.4133,B,49,0,◎○△フォーメーション（15〜20点）,0.5777,"{'is_target': True, 'verdict': '参加推奨', 'max_combo_prob': 0.0569, 'est_top_odds': 23.4, 'circle_concentration': 66.4, 'eligible_count': 9, 'bet_adj': 2, 'reason': 'rel_win1=54.9%（本命度） / 最有力組み合わせ確率: 0.057（推定実オッズ?23倍） / 2着集中度: 上位2艇 66.4%（補正+0.00） / 総合判定確率: 0.057 / → ヒモ分散。1号艇1着固定で広めのヒモ流し推奨（買い目+2点）', 'tenji_trigger': '展示確認: ヒモ分散レース。1号艇伸び確認後、広めのヒモ流しを採用。穴ヒモ（5・6号艇）を積極的に含める。'}",,,29.7,両建て推奨,23.69,28.1,2,,,,,,,,,,,
2026-01-22,丸亀,12,5,武井莉里,A2,40.66,5,△,8.028,12.1,75,38.7,0.1823,3,,,0,低,82,0,差ま0%,231 42,0,75.9,1.1752,0,0,0,0.2727,0,0,0.4167,0,,,C,,,0.2304,0.5265,,0.4133,B,49,0,◎○△フォーメーション（15〜20点）,0.5777,"{'is_target': True, 'verdict': '参加推奨', 'max_combo_prob': 0.0569, 'est_top_odds': 23.4, 'circle_concentration': 66.4, 'eligible_count': 9, 'bet_adj': 2, 'reason': 'rel_win1=54.9%（本命度） / 最有力組み合わせ確率: 0.057（推定実オッズ?23倍） / 2着集中度: 上位2艇 66.4%（補正+0.00） / 総合判定確率: 0.057 / → ヒモ分散。1号艇1着固定で広めのヒモ流し推奨（買い目+2点）', 'tenji_trigger': '展示確認: ヒモ分散レース。1号艇伸び確認後、広めのヒモ流しを採用。穴ヒモ（5・6号艇）を積極的に含める。'}",,,29.7,両建て推奨,23.69,28.1,2,,,,,,,,,,,
2026-01-22,丸亀,12,6,小芦るり,A1,29.41,6,,1.0239,5.3,67,28,0.1824,3.78,,,0,低,61,0,-,352241,0,53.3,1.0925,,,,,,0.0308,0,0.1615,,,E,△,,0.2034,0.6255,,0.4133,B,49,0,◎○△フォーメーション（15〜20点）,0.5777,"{'is_target': True, 'verdict': '参加推奨', 'max_combo_prob': 0.0569, 'est_top_odds': 23.4, 'circle_concentration': 66.4, 'eligible_count': 9, 'bet_adj': 2, 'reason': 'rel_win1=54.9%（本命度） / 最有力組み合わせ確率: 0.057（推定実オッズ?23倍） / 2着集中度: 上位2艇 66.4%（補正+0.00） / 総合判定確率: 0.057 / → ヒモ分散。1号艇1着固定で広めのヒモ流し推奨（買い目+2点）', 'tenji_trigger': '展示確認: ヒモ分散レース。1号艇伸び確認後、広めのヒモ流しを採用。穴ヒモ（5・6号艇）を積極的に含める。'}",,,29.7,両建て推奨,23.69,28.1,2,,,,,,,,,,,
2026-01-23,丸亀,1,1,西村美智,B2,37.35,1,◎,64.0647,,0,93.8,0.145,2.8438,,,0,低,25,0,逃1%,3 3S1,0,91.4,1.2157,0.5556,,,,,0.1111,0.1111,0.1111,◎⚠️,,B,○,,,0.6285,,0.6832,S,81,0,◎1着固定 2-3着流し（5〜8点）,0.5777,"{'is_target': True, 'verdict': '点数絞り', 'max_combo_prob': 0.0953, 'est_top_odds': 14.0, 'circle_concentration': 73.0, 'eligible_count': 6, 'bet_adj': 0, 'reason': 'rel_win1=64.1%（本命度） / 最有力組み合わせ確率: 0.095（推定実オッズ?14倍） / 2着集中度: 上位2艇 73.0%（補正+0.04） / 総合判定確率: 0.135 / → ヒモはやや固め。上位2艇以外を切ること', 'tenji_trigger': '展示確認: 1号艇伸び良→そのまま採用。悪→飛び組に差し替え。circle_pct上位2艇に絞り込むこと。'}",,,27.5,逃げ狙い,15.75,28.6,3,3-1-4|3-1-5|3-4-1|3-1-6|3-5-1|3-4-5|3-5-4|3-1-2|1-2-4|1-2-3|1-2-5|1-3-4,3-1-4|3-1-5|3-4-1|3-1-6|3-5-1|3-4-5|3-5-4|3-1-2|1-2-4|1-2-3|1-2-5|1-3-4,3-1-4:1.64%|3-1-5:0.76%|3-4-1:0.63%|3-1-6:0.43%|3-5-1:0.18%|3-4-5:0.08%|3-5-4:0.05%|3-1-2:11.3%|1-2-4:4.29%|1-2-3:4.19%|1-2-5:3.91%|1-3-4:3.16%,3-1-4:B_main|3-1-5:B_main|3-4-1:B_main|3-1-6:B_main|3-5-1:B_main|3-4-5:B_main|3-5-4:B_main|3-1-2:B_sc|1-2-4:A|1-2-3:A|1-2-5:A|1-3-4:A,12,12,0.4535,1,[!]見送り推奨（主役決まり手「まくり差し」― 逃げ劣勢レースで的中実績なし）,主役軸流し,B
2026-01-23,丸亀,1,2,福山恵里,B1,29.55,2,,6.6325,45.2,69,28.6,0.1724,3.9762,,,0,低,42,0,-,563 66,0,41.1,0.5379,,,,,,0.19,0.46,0,,,D,,,0.0775,0.498,,0.6832,S,81,0,◎1着固定 2-3着流し（5〜8点）,0.5777,"{'is_target': True, 'verdict': '点数絞り', 'max_combo_prob': 0.0953, 'est_top_odds': 14.0, 'circle_concentration': 73.0, 'eligible_count': 6, 'bet_adj': 0, 'reason': 'rel_win1=64.1%（本命度） / 最有力組み合わせ確率: 0.095（推定実オッズ?14倍） / 2着集中度: 上位2艇 73.0%（補正+0.04） / 総合判定確率: 0.135 / → ヒモはやや固め。上位2艇以外を切ること', 'tenji_trigger': '展示確認: 1号艇伸び良→そのまま採用。悪→飛び組に差し替え。circle_pct上位2艇に絞り込むこと。'}",,,27.5,逃げ狙い,15.75,28.6,3,,,,,,,,,,,
2026-01-23,丸亀,1,3,坂野さく,B1,32.53,3,△,14.6016,27.8,97,48.1,0.183,3.5926,,,0,低,76,0,ま0% 差ま0%,461 55,0,45.5,1.0904,0,0,0.125,0.1875,0,0.2889,0.2889,0.2444,,,C,△,,0.1531,0.5865,,0.6832,S,81,0,◎1着固定 2-3着流し（5〜8点）,0.5777,"{'is_target': True, 'verdict': '点数絞り', 'max_combo_prob': 0.0953, 'est_top_odds': 14.0, 'circle_concentration': 73.0, 'eligible_count': 6, 'bet_adj': 0, 'reason': 'rel_win1=64.1%（本命度） / 最有力組み合わせ確率: 0.095（推定実オッズ?14倍） / 2着集中度: 上位2艇 73.0%（補正+0.04） / 総合判定確率: 0.135 / → ヒモはやや固め。上位2艇以外を切ること', 'tenji_trigger': '展示確認: 1号艇伸び良→そのまま採用。悪→飛び組に差し替え。circle_pct上位2艇に絞り込むこと。'}",,,27.5,逃げ狙い,15.75,28.6,3,,,,,,,,,,,
2026-01-23,丸亀,1,4,赤松咲香,B2,33.70,4,○,9.2711,21.6,100,37.5,0.1625,3.8125,,,0,低,41,1,-,656 56,0,46.2,0.9128,,,,,,,,,,,C,,,0.2397,0.535,,0.6832,S,81,0,◎1着固定 2-3着流し（5〜8点）,0.5777,"{'is_target': True, 'verdict': '点数絞り', 'max_combo_prob': 0.0953, 'est_top_odds': 14.0, 'circle_concentration': 73.0, 'eligible_count': 6, 'bet_adj': 0, 'reason': 'rel_win1=64.1%（本命度） / 最有力組み合わせ確率: 0.095（推定実オッズ?14倍） / 2着集中度: 上位2艇 73.0%（補正+0.04） / 総合判定確率: 0.135 / → ヒモはやや固め。上位2艇以外を切ること', 'tenji_trigger': '展示確認: 1号艇伸び良→そのまま採用。悪→飛び組に差し替え。circle_pct上位2艇に絞り込むこと。'}",,,27.5,逃げ狙い,15.75,28.6,3,,,,,,,,,,,
2026-01-23,丸亀,1,5,喜多那由,B1,27.08,5,,2.2862,3.5,52,13.5,0.1827,4.0811,,,0,低,95,0,-,4 643,0,33.6,0.6752,,,,,,0.2643,0.0857,0.4143,,,E,◎,,0.19,0.6495,,0.6832,S,81,0,◎1着固定 2-3着流し（5〜8点）,0.5777,"{'is_target': True, 'verdict': '点数絞り', 'max_combo_prob': 0.0953, 'est_top_odds': 14.0, 'circle_concentration': 73.0, 'eligible_count': 6, 'bet_adj': 0, 'reason': 'rel_win1=64.1%（本命度） / 最有力組み合わせ確率: 0.095（推定実オッズ?14倍） / 2着集中度: 上位2艇 73.0%（補正+0.04） / 総合判定確率: 0.135 / → ヒモはやや固め。上位2艇以外を切ること', 'tenji_trigger': '展示確認: 1号艇伸び良→そのまま採用。悪→飛び組に差し替え。circle_pct上位2艇に絞り込むこと。'}",,,27.5,逃げ狙い,15.75,28.6,3,,,,,,,,,,,
2026-01-23,丸亀,1,6,水口由紀,B1,41.18,6,▲,3.144,1.9,55,18.5,0.1974,4.7222,,,0,低,92,0,差0%,2 522,0,22.9,0.8703,0,0.1,0,0,0,0.24,0.08,0.08,,,B,△,,0.1253,0.568,,0.6832,S,81,0,◎1着固定 2-3着流し（5〜8点）,0.5777,"{'is_target': True, 'verdict': '点数絞り', 'max_combo_prob': 0.0953, 'est_top_odds': 14.0, 'circle_concentration': 73.0, 'eligible_count': 6, 'bet_adj': 0, 'reason': 'rel_win1=64.1%（本命度） / 最有力組み合わせ確率: 0.095（推定実オッズ?14倍） / 2着集中度: 上位2艇 73.0%（補正+0.04） / 総合判定確率: 0.135 / → ヒモはやや固め。上位2艇以外を切ること', 'tenji_trigger': '展示確認: 1号艇伸び良→そのまま採用。悪→飛び組に差し替え。circle_pct上位2艇に絞り込むこと。'}",,,27.5,逃げ狙い,15.75,28.6,3,,,,,,,,,,,
2026-01-23,丸亀,2,1,大廣咲季,B1,30.43,1,◎,47.8895,,0,25,0.1888,3.5625,,,0,低,81,1,逃0%,156 34,0,21.3,0.5362,0.3333,,,,,0.3333,0.3333,0,,,D,,,,0.543,,0.152,D,17,1,大荒れ。見送り推奨,0.5777,"{'is_target': True, 'verdict': '参加推奨', 'max_combo_prob': 0.0587, 'est_top_odds': 22.7, 'circle_concentration': 72.0, 'eligible_count': 6, 'bet_adj': 2, 'reason': 'rel_win1=47.9%（本命度） / 最有力組み合わせ確率: 0.059（推定実オッズ?23倍） / 2着集中度: 上位2艇 72.0%（補正+0.04） / 総合判定確率: 0.099 / → ヒモ分散。1号艇1着固定で広めのヒモ流し推奨（買い目+2点）', 'tenji_trigger': '展示確認: ヒモ分散レース。1号艇伸び確認後、広めのヒモ流しを採用。穴ヒモ（5・6号艇）を積極的に含める。\n展示で1号艇スタート遅め(0.189秒)確認→ヒモが荒れやすい'}",,,38.3,両建て推奨,18.45,42.8,4,2-1-3|2-1-4|2-1-6|2-3-1|2-3-4|2-6-3|2-3-6|1-2-3|1-2-6|1-3-2|1-3-6,2-1-3|2-1-4|2-1-6|2-3-1|2-3-4|2-6-3|2-3-6|1-2-3|1-2-6|1-3-2|4-5-6|1-3-6,2-1-3:3.99%|2-1-4:2.06%|2-1-6:1.25%|2-3-1:1.1%|2-3-4:0.86%|2-6-3:0.63%|2-3-6:0.52%|1-2-3:4.76%|1-2-6:4.47%|1-3-2:4.4%|1-3-6:3.74%,2-1-3:B_main|2-1-4:B_main|2-1-6:B_main|2-3-1:B_main|2-3-4:B_main|2-6-3:B_main|2-3-6:B_main|1-2-3:A|1-2-6:A|1-3-2:A|1-3-6:A,11,12,0.2915,1,[!]見送り推奨（主役決まり手「差し」― 逃げ劣勢レースで的中実績なし）,主役軸流し,B
2026-01-23,丸亀,2,2,原加央理,B1,32.63,2,▲,16.6252,36.9,100,62.9,0.1503,3.0857,,,0,低,57,0,差0%,4 522,0,69.6,1.0679,0,0.2105,0,0,0,0.1875,0.3125,0.125,,◎,C,△,,0.5996,0.6085,,0.152,D,17,1,大荒れ。見送り推奨,0.5777,"{'is_target': True, 'verdict': '参加推奨', 'max_combo_prob': 0.0587, 'est_top_odds': 22.7, 'circle_concentration': 72.0, 'eligible_count': 6, 'bet_adj': 2, 'reason': 'rel_win1=47.9%（本命度） / 最有力組み合わせ確率: 0.059（推定実オッズ?23倍） / 2着集中度: 上位2艇 72.0%（補正+0.04） / 総合判定確率: 0.099 / → ヒモ分散。1号艇1着固定で広めのヒモ流し推奨（買い目+2点）', 'tenji_trigger': '展示確認: ヒモ分散レース。1号艇伸び確認後、広めのヒモ流しを採用。穴ヒモ（5・6号艇）を積極的に含める。\n展示で1号艇スタート遅め(0.189秒)確認→ヒモが荒れやすい'}",,,38.3,両建て推奨,18.45,42.8,4,,,,,,,,,,,
2026-01-23,丸亀,2,3,佐々木裕,B1,40.00,3,○,17.5131,35,59,53.3,0.1423,2.5667,,,0,低,50,0,差ま0%,4 654,0,75.9,1.224,0,0,0,0.0588,0,0.4533,0.3067,0.08,,○,B,○,,0.4584,0.656,,0.152,D,17,1,大荒れ。見送り推奨,0.5777,"{'is_target': True, 'verdict': '参加推奨', 'max_combo_prob': 0.0587, 'est_top_odds': 22.7, 'circle_concentration': 72.0, 'eligible_count': 6, 'bet_adj': 2, 'reason': 'rel_win1=47.9%（本命度） / 最有力組み合わせ確率: 0.059（推定実オッズ?23倍） / 2着集中度: 上位2艇 72.0%（補正+0.04） / 総合判定確率: 0.099 / → ヒモ分散。1号艇1着固定で広めのヒモ流し推奨（買い目+2点）', 'tenji_trigger': '展示確認: ヒモ分散レース。1号艇伸び確認後、広めのヒモ流しを採用。穴ヒモ（5・6号艇）を積極的に含める。\n展示で1号艇スタート遅め(0.189秒)確認→ヒモが荒れやすい'}",,,38.3,両建て推奨,18.45,42.8,4,,,,,,,,,,,
2026-01-23,丸亀,2,4,菅野はや,B2,36.59,4,,12.4106,16.7,71,33.3,0.1567,3.5476,,,0,低,78,0,-,364 35,0,60.7,0.9572,,,,,,0.125,0.125,0.125,,△,C,,,0.4377,0.5285,,0.152,D,17,1,大荒れ。見送り推奨,0.5777,"{'is_target': True, 'verdict': '参加推奨', 'max_combo_prob': 0.0587, 'est_top_odds': 22.7, 'circle_concentration': 72.0, 'eligible_count': 6, 'bet_adj': 2, 'reason': 'rel_win1=47.9%（本命度） / 最有力組み合わせ確率: 0.059（推定実オッズ?23倍） / 2着集中度: 上位2艇 72.0%（補正+0.04） / 総合判定確率: 0.099 / → ヒモ分散。1号艇1着固定で広めのヒモ流し推奨（買い目+2点）', 'tenji_trigger': '展示確認: ヒモ分散レース。1号艇伸び確認後、広めのヒモ流しを採用。穴ヒモ（5・6号艇）を積極的に含める。\n展示で1号艇スタート遅め(0.189秒)確認→ヒモが荒れやすい'}",,,38.3,両建て推奨,18.45,42.8,4,,,,,,,,,,,
2026-01-23,丸亀,2,5,池田浩美,B1,27.08,5,,3.2765,8.1,59,18.5,0.193,4.2222,,,0,低,68,0,-,226 42,0,25.8,0.6162,,,,,,0.375,0,0.125,,,E,△,,0.2966,0.614,,0.152,D,17,1,大荒れ。見送り推奨,0.5777,"{'is_target': True, 'verdict': '参加推奨', 'max_combo_prob': 0.0587, 'est_top_odds': 22.7, 'circle_concentration': 72.0, 'eligible_count': 6, 'bet_adj': 2, 'reason': 'rel_win1=47.9%（本命度） / 最有力組み合わせ確率: 0.059（推定実オッズ?23倍） / 2着集中度: 上位2艇 72.0%（補正+0.04） / 総合判定確率: 0.099 / → ヒモ分散。1号艇1着固定で広めのヒモ流し推奨（買い目+2点）', 'tenji_trigger': '展示確認: ヒモ分散レース。1号艇伸び確認後、広めのヒモ流しを採用。穴ヒモ（5・6号艇）を積極的に含める。\n展示で1号艇スタート遅め(0.189秒)確認→ヒモが荒れやすい'}",,,38.3,両建て推奨,18.45,42.8,4,,,,,,,,,,,
2026-01-23,丸亀,2,6,池　千夏,B1,42.53,6,△,2.285,3.2,56,25,0.1688,4.0625,,,0,低,8,1,-,4 224,0,60,0.9933,,,,,,0,0.3714,0.3143,,,B,◎,,0.3736,0.7065,,0.152,D,17,1,大荒れ。見送り推奨,0.5777,"{'is_target': True, 'verdict': '参加推奨', 'max_combo_prob': 0.0587, 'est_top_odds': 22.7, 'circle_concentration': 72.0, 'eligible_count': 6, 'bet_adj': 2, 'reason': 'rel_win1=47.9%（本命度） / 最有力組み合わせ確率: 0.059（推定実オッズ?23倍） / 2着集中度: 上位2艇 72.0%（補正+0.04） / 総合判定確率: 0.099 / → ヒモ分散。1号艇1着固定で広めのヒモ流し推奨（買い目+2点）', 'tenji_trigger': '展示確認: ヒモ分散レース。1号艇伸び確認後、広めのヒモ流しを採用。穴ヒモ（5・6号艇）を積極的に含める。\n展示で1号艇スタート遅め(0.189秒)確認→ヒモが荒れやすい'}",,,38.3,両建て推奨,18.45,42.8,4,,,,,,,,,,,
2026-01-23,丸亀,3,1,谷川里江,B1,35.96,1,◎,46.8122,,0,66.7,0.1722,3.2593,,,0,低,57,0,逃0%,232 24,0,58.6,0.8694,0.2,,,,,0.1,0.6,0,△,,C,,,,0.549,,0.315,C,44,0,荒れ傾向。高配当狙いか見送り,0.5777,"{'is_target': True, 'verdict': '参加推奨', 'max_combo_prob': 0.0494, 'est_top_odds': 27.0, 'circle_concentration': 62.8, 'eligible_count': 6, 'bet_adj': 2, 'reason': 'rel_win1=46.8%（本命度） / 最有力組み合わせ確率: 0.049（推定実オッズ?27倍） / 2着集中度: 上位2艇 62.8%（補正+0.00） / 総合判定確率: 0.049 / → ヒモ分散。1号艇1着固定で広めのヒモ流し推奨（買い目+2点）', 'tenji_trigger': '展示確認: ヒモ分散レース。1号艇伸び確認後、広めのヒモ流しを採用。穴ヒモ（5・6号艇）を積極的に含める。'}",,,32.2,両建て推奨,18.25,39.9,2,3-1-4|3-1-5|1-3-4|1-3-5|1-3-6|1-2-4|1-2-5,5-1-6|3-1-4|6-1-2|5-1-2|3-1-5|6-1-4|5-6-1|1-3-4|1-3-5|1-3-6|1-2-4|1-2-5,3-1-4:3.06%|3-1-5:2.08%|1-3-4:5.41%|1-3-5:5.16%|1-3-6:4.87%|1-2-4:4.46%|1-2-5:4.25%,3-1-4:B_main|3-1-5:B_main|1-3-4:A|1-3-5:A|1-3-6:A|1-2-4:A|1-2-5:A,7,12,0.4535,1,[!]見送り推奨（主役決まり手「まくり差し」― 逃げ劣勢レースで的中実績なし）,荒れ広め,D
2026-01-23,丸亀,3,2,坂咲友理,B1,47.67,2,○,20.6699,34.9,100,50,0.2086,4.6071,,,0,低,45,1,差0%,5 346,0,32.8,0.9353,0,0.2222,0,0,0,0.125,0.625,0.125,,,A,△,,0.1025,0.574,,0.315,C,44,0,荒れ傾向。高配当狙いか見送り,0.5777,"{'is_target': True, 'verdict': '参加推奨', 'max_combo_prob': 0.0494, 'est_top_odds': 27.0, 'circle_concentration': 62.8, 'eligible_count': 6, 'bet_adj': 2, 'reason': 'rel_win1=46.8%（本命度） / 最有力組み合わせ確率: 0.049（推定実オッズ?27倍） / 2着集中度: 上位2艇 62.8%（補正+0.00） / 総合判定確率: 0.049 / → ヒモ分散。1号艇1着固定で広めのヒモ流し推奨（買い目+2点）', 'tenji_trigger': '展示確認: ヒモ分散レース。1号艇伸び確認後、広めのヒモ流しを採用。穴ヒモ（5・6号艇）を積極的に含める。'}",,,32.2,両建て推奨,18.25,39.9,2,,,,,,,,,,,
2026-01-23,丸亀,3,3,中北　涼,B1,37.00,3,▲,10.0733,28,58,16.7,0.1344,2.9444,,,0,低,39,0,-,344 46,0,20.9,0.6458,,,,,,0.3333,0.4444,0,,◎,C,○,,0.4808,0.612,,0.315,C,44,0,荒れ傾向。高配当狙いか見送り,0.5777,"{'is_target': True, 'verdict': '参加推奨', 'max_combo_prob': 0.0494, 'est_top_odds': 27.0, 'circle_concentration': 62.8, 'eligible_count': 6, 'bet_adj': 2, 'reason': 'rel_win1=46.8%（本命度） / 最有力組み合わせ確率: 0.049（推定実オッズ?27倍） / 2着集中度: 上位2艇 62.8%（補正+0.00） / 総合判定確率: 0.049 / → ヒモ分散。1号艇1着固定で広めのヒモ流し推奨（買い目+2点）', 'tenji_trigger': '展示確認: ヒモ分散レース。1号艇伸び確認後、広めのヒモ流しを採用。穴ヒモ（5・6号艇）を積極的に含める。'}",,,32.2,両建て推奨,18.25,39.9,2,,,,,,,,,,,
2026-01-23,丸亀,3,4,池田奈津,B1,30.84,4,,12.1163,27.2,59,,,,,,0,低,23,1,-,5 343,0,,,,,,,,,,,,,E,◎,◎,0.31,0.6705,0.15,0.315,C,44,0,荒れ傾向。高配当狙いか見送り,0.5777,"{'is_target': True, 'verdict': '参加推奨', 'max_combo_prob': 0.0494, 'est_top_odds': 27.0, 'circle_concentration': 62.8, 'eligible_count': 6, 'bet_adj': 2, 'reason': 'rel_win1=46.8%（本命度） / 最有力組み合わせ確率: 0.049（推定実オッズ?27倍） / 2着集中度: 上位2艇 62.8%（補正+0.00） / 総合判定確率: 0.049 / → ヒモ分散。1号艇1着固定で広めのヒモ流し推奨（買い目+2点）', 'tenji_trigger': '展示確認: ヒモ分散レース。1号艇伸び確認後、広めのヒモ流しを採用。穴ヒモ（5・6号艇）を積極的に含める。'}",,,32.2,両建て推奨,18.25,39.9,2,,,,,,,,,,,
2026-01-23,丸亀,3,5,谷口佳蓮,B1,35.16,5,,4.2223,7.5,55,25.9,0.1656,3.3889,,,0,低,45,0,-,243 1S,0,87.5,1.5162,,,,,,0.1091,0,0.2727,,,D,,,0.331,0.5715,,0.315,C,44,0,荒れ傾向。高配当狙いか見送り,0.5777,"{'is_target': True, 'verdict': '参加推奨', 'max_combo_prob': 0.0494, 'est_top_odds': 27.0, 'circle_concentration': 62.8, 'eligible_count': 6, 'bet_adj': 2, 'reason': 'rel_win1=46.8%（本命度） / 最有力組み合わせ確率: 0.049（推定実オッズ?27倍） / 2着集中度: 上位2艇 62.8%（補正+0.00） / 総合判定確率: 0.049 / → ヒモ分散。1号艇1着固定で広めのヒモ流し推奨（買い目+2点）', 'tenji_trigger': '展示確認: ヒモ分散レース。1号艇伸び確認後、広めのヒモ流しを採用。穴ヒモ（5・6号艇）を積極的に含める。'}",,,32.2,両建て推奨,18.25,39.9,2,,,,,,,,,,,
2026-01-23,丸亀,3,6,湯淺紀香,A2,46.43,6,△,6.106,2.5,51,34.5,0.19,4.3276,,,0,低,73,0,-,415 15,0,79.7,1.5092,,,,,,0,0.22,0,,,B,△,,0.2534,0.6005,,0.315,C,44,0,荒れ傾向。高配当狙いか見送り,0.5777,"{'is_target': True, 'verdict': '参加推奨', 'max_combo_prob': 0.0494, 'est_top_odds': 27.0, 'circle_concentration': 62.8, 'eligible_count': 6, 'bet_adj': 2, 'reason': 'rel_win1=46.8%（本命度） / 最有力組み合わせ確率: 0.049（推定実オッズ?27倍） / 2着集中度: 上位2艇 62.8%（補正+0.00） / 総合判定確率: 0.049 / → ヒモ分散。1号艇1着固定で広めのヒモ流し推奨（買い目+2点）', 'tenji_trigger': '展示確認: ヒモ分散レース。1号艇伸び確認後、広めのヒモ流しを採用。穴ヒモ（5・6号艇）を積極的に含める。'}",,,32.2,両建て推奨,18.25,39.9,2,,,,,,,,,,,
2026-01-23,丸亀,4,1,落合直子,A2,35.23,1,◎,55.137,,0,86.5,0.1257,1.9459,,,0,低,40,0,逃1%,5 2433,0,92.8,1.249,0.6875,,,,,0.025,0,0.225,◎,,D,◎,,,0.6465,,0.6599,S,81,0,◎1着固定 2-3着流し（5〜8点）,0.5777,"{'is_target': True, 'verdict': '参加推奨', 'max_combo_prob': 0.054, 'est_top_odds': 24.7, 'circle_concentration': 63.4, 'eligible_count': 6, 'bet_adj': 2, 'reason': 'rel_win1=55.1%（本命度） / 最有力組み合わせ確率: 0.054（推定実オッズ?25倍） / 2着集中度: 上位2艇 63.4%（補正+0.00） / 総合判定確率: 0.054 / → ヒモ分散。1号艇1着固定で広めのヒモ流し推奨（買い目+2点）', 'tenji_trigger': '展示確認: ヒモ分散レース。1号艇伸び確認後、広めのヒモ流しを採用。穴ヒモ（5・6号艇）を積極的に含める。\n展示で1号艇スタート超安定(0.126秒)→ヒモ固まり方向に注意'}",,,25,逃げ狙い,12.5,24.3,2,,,,,0,0,0.7559,0,,逃げ軸流し,A
2026-01-23,丸亀,4,2,矢野真梨,B1,46.74,2,▲,12.7779,29.7,96,22.2,0.1872,4,,,0,低,41,0,-,5 563,0,64.8,0.5517,,,,,,0,0.5,0.5,,,B,△,,0.0775,0.6015,,0.6599,S,81,0,◎1着固定 2-3着流し（5〜8点）,0.5777,"{'is_target': True, 'verdict': '参加推奨', 'max_combo_prob': 0.054, 'est_top_odds': 24.7, 'circle_concentration': 63.4, 'eligible_count': 6, 'bet_adj': 2, 'reason': 'rel_win1=55.1%（本命度） / 最有力組み合わせ確率: 0.054（推定実オッズ?25倍） / 2着集中度: 上位2艇 63.4%（補正+0.00） / 総合判定確率: 0.054 / → ヒモ分散。1号艇1着固定で広めのヒモ流し推奨（買い目+2点）', 'tenji_trigger': '展示確認: ヒモ分散レース。1号艇伸び確認後、広めのヒモ流しを採用。穴ヒモ（5・6号艇）を積極的に含める。\n展示で1号艇スタート超安定(0.126秒)→ヒモ固まり方向に注意'}",,,25,逃げ狙い,12.5,24.3,2,,,,,,,,,,,
2026-01-23,丸亀,4,3,三嶌ここ,B1,38.89,3,,11.6199,33.7,95,41.2,0.1953,4.4412,,,0,低,114,0,ま0%,532 55,0,47.4,1.1813,0,0,0.0588,0,0,0.0571,0.0571,0.3143,,,C,,,0.1109,0.553,,0.6599,S,81,0,◎1着固定 2-3着流し（5〜8点）,0.5777,"{'is_target': True, 'verdict': '参加推奨', 'max_combo_prob': 0.054, 'est_top_odds': 24.7, 'circle_concentration': 63.4, 'eligible_count': 6, 'bet_adj': 2, 'reason': 'rel_win1=55.1%（本命度） / 最有力組み合わせ確率: 0.054（推定実オッズ?25倍） / 2着集中度: 上位2艇 63.4%（補正+0.00） / 総合判定確率: 0.054 / → ヒモ分散。1号艇1着固定で広めのヒモ流し推奨（買い目+2点）', 'tenji_trigger': '展示確認: ヒモ分散レース。1号艇伸び確認後、広めのヒモ流しを採用。穴ヒモ（5・6号艇）を積極的に含める。\n展示で1号艇スタート超安定(0.126秒)→ヒモ固まり方向に注意'}",,,25,逃げ狙い,12.5,24.3,2,,,,,,,,,,,
2026-01-23,丸亀,4,4,赤井　睦,B1,50.00,4,○,12.4173,23.7,100,53.3,0.1413,3.4,,,0,低,24,0,ま0%,636 54,0,66.2,1.2553,0,0,0.25,0,0,0.1944,0.0444,0.4333,,,A,△,,0.2923,0.596,,0.6599,S,81,0,◎1着固定 2-3着流し（5〜8点）,0.5777,"{'is_target': True, 'verdict': '参加推奨', 'max_combo_prob': 0.054, 'est_top_odds': 24.7, 'circle_concentration': 63.4, 'eligible_count': 6, 'bet_adj': 2, 'reason': 'rel_win1=55.1%（本命度） / 最有力組み合わせ確率: 0.054（推定実オッズ?25倍） / 2着集中度: 上位2艇 63.4%（補正+0.00） / 総合判定確率: 0.054 / → ヒモ分散。1号艇1着固定で広めのヒモ流し推奨（買い目+2点）', 'tenji_trigger': '展示確認: ヒモ分散レース。1号艇伸び確認後、広めのヒモ流しを採用。穴ヒモ（5・6号艇）を積極的に含める。\n展示で1号艇スタート超安定(0.126秒)→ヒモ固まり方向に注意'}",,,25,逃げ狙い,12.5,24.3,2,,,,,,,,,,,
2026-01-23,丸亀,4,5,中谷朋子,B1,28.89,5,,6.8912,10.7,93,40,0.152,3.8,,,0,低,24,1,-,163 42,0,27.3,1.2171,,,,,,0,0.3333,0.1667,,,E,,,0.2213,0.5805,,0.6599,S,81,0,◎1着固定 2-3着流し（5〜8点）,0.5777,"{'is_target': True, 'verdict': '参加推奨', 'max_combo_prob': 0.054, 'est_top_odds': 24.7, 'circle_concentration': 63.4, 'eligible_count': 6, 'bet_adj': 2, 'reason': 'rel_win1=55.1%（本命度） / 最有力組み合わせ確率: 0.054（推定実オッズ?25倍） / 2着集中度: 上位2艇 63.4%（補正+0.00） / 総合判定確率: 0.054 / → ヒモ分散。1号艇1着固定で広めのヒモ流し推奨（買い目+2点）', 'tenji_trigger': '展示確認: ヒモ分散レース。1号艇伸び確認後、広めのヒモ流しを採用。穴ヒモ（5・6号艇）を積極的に含める。\n展示で1号艇スタート超安定(0.126秒)→ヒモ固まり方向に注意'}",,,25,逃げ狙い,12.5,24.3,2,,,,,,,,,,,
2026-01-23,丸亀,4,6,渡辺千草,B1,40.00,6,△,1.1567,2.2,55,14.3,0.19,4.2143,,,0,低,79,0,-,444 14,0,40.1,0.8311,,,,,,0.3,0.3,0.3,,,C,○,,0.135,0.622,,0.6599,S,81,0,◎1着固定 2-3着流し（5〜8点）,0.5777,"{'is_target': True, 'verdict': '参加推奨', 'max_combo_prob': 0.054, 'est_top_odds': 24.7, 'circle_concentration': 63.4, 'eligible_count': 6, 'bet_adj': 2, 'reason': 'rel_win1=55.1%（本命度） / 最有力組み合わせ確率: 0.054（推定実オッズ?25倍） / 2着集中度: 上位2艇 63.4%（補正+0.00） / 総合判定確率: 0.054 / → ヒモ分散。1号艇1着固定で広めのヒモ流し推奨（買い目+2点）', 'tenji_trigger': '展示確認: ヒモ分散レース。1号艇伸び確認後、広めのヒモ流しを採用。穴ヒモ（5・6号艇）を積極的に含める。\n展示で1号艇スタート超安定(0.126秒)→ヒモ固まり方向に注意'}",,,25,逃げ狙い,12.5,24.3,2,,,,,,,,,,,
2026-01-23,丸亀,5,1,中川りな,A2,31.87,1,◎,64.4354,,0,82.8,0.1759,3.4655,,,0,低,61,0,逃1%,34133,0,85.3,1.1037,0.7143,,,,,0,0.1429,0.0714,◎,,C,◎,,,0.6205,,0.4988,S,85,0,◎1着固定 2-3着流し（5〜8点）,0.5777,"{'is_target': True, 'verdict': '点数絞り', 'max_combo_prob': 0.1378, 'est_top_odds': 9.7, 'circle_concentration': 81.1, 'eligible_count': 6, 'bet_adj': 0, 'reason': 'rel_win1=64.4%（本命度） / 最有力組み合わせ確率: 0.138（推定実オッズ?10倍） / 2着集中度: 上位2艇 81.1%（補正+0.04） / 総合判定確率: 0.178 / → ヒモはやや固め。上位2艇以外を切ること', 'tenji_trigger': '展示確認: 1号艇伸び良→そのまま採用。悪→飛び組に差し替え。circle_pct上位2艇に絞り込むこと。'}",,,25.1,逃げ狙い,10.82,26,2,,,,,0,0,0.7559,0,,逃げ軸流し,A
2026-01-23,丸亀,5,2,大橋由珠,B2,35.71,2,▲,15.4039,55.7,100,62.5,0.1825,4.25,,,0,低,12,1,差0%,6 431,0,49.4,1.0483,0,0.125,0,0,0,0,0.7143,0,,,C,,,0.2624,0.5495,,0.4988,S,85,0,◎1着固定 2-3着流し（5〜8点）,0.5777,"{'is_target': True, 'verdict': '点数絞り', 'max_combo_prob': 0.1378, 'est_top_odds': 9.7, 'circle_concentration': 81.1, 'eligible_count': 6, 'bet_adj': 0, 'reason': 'rel_win1=64.4%（本命度） / 最有力組み合わせ確率: 0.138（推定実オッズ?10倍） / 2着集中度: 上位2艇 81.1%（補正+0.04） / 総合判定確率: 0.178 / → ヒモはやや固め。上位2艇以外を切ること', 'tenji_trigger': '展示確認: 1号艇伸び良→そのまま採用。悪→飛び組に差し替え。circle_pct上位2艇に絞り込むこと。'}",,,25.1,逃げ狙い,10.82,26,2,,,,,,,,,,,
2026-01-23,丸亀,5,3,向井田真,B1,23.81,3,,8.6847,25.4,86,38.5,0.2042,4,,,0,低,72,0,ま0%,6 145,0,19.8,0.7852,0,0,0.1111,0,0,0.2,0.2,0,,,E,,,0.1583,0.5205,,0.4988,S,85,0,◎1着固定 2-3着流し（5〜8点）,0.5777,"{'is_target': True, 'verdict': '点数絞り', 'max_combo_prob': 0.1378, 'est_top_odds': 9.7, 'circle_concentration': 81.1, 'eligible_count': 6, 'bet_adj': 0, 'reason': 'rel_win1=64.4%（本命度） / 最有力組み合わせ確率: 0.138（推定実オッズ?10倍） / 2着集中度: 上位2艇 81.1%（補正+0.04） / 総合判定確率: 0.178 / → ヒモはやや固め。上位2艇以外を切ること', 'tenji_trigger': '展示確認: 1号艇伸び良→そのまま採用。悪→飛び組に差し替え。circle_pct上位2艇に絞り込むこと。'}",,,25.1,逃げ狙い,10.82,26,2,,,,,,,,,,,
2026-01-23,丸亀,5,4,水口由紀,B1,41.18,4,○,6.5027,11.6,67,25,0.175,3.8472,,,0,低,92,0,-,2 522,0,28.6,0.6504,,,,,,0.24,0.08,0.08,,,B,△,,0.3147,0.568,,0.4988,S,85,0,◎1着固定 2-3着流し（5〜8点）,0.5777,"{'is_target': True, 'verdict': '点数絞り', 'max_combo_prob': 0.1378, 'est_top_odds': 9.7, 'circle_concentration': 81.1, 'eligible_count': 6, 'bet_adj': 0, 'reason': 'rel_win1=64.4%（本命度） / 最有力組み合わせ確率: 0.138（推定実オッズ?10倍） / 2着集中度: 上位2艇 81.1%（補正+0.04） / 総合判定確率: 0.178 / → ヒモはやや固め。上位2艇以外を切ること', 'tenji_trigger': '展示確認: 1号艇伸び良→そのまま採用。悪→飛び組に差し替え。circle_pct上位2艇に絞り込むこと。'}",,,25.1,逃げ狙い,10.82,26,2,,,,,,,,,,,
2026-01-23,丸亀,5,5,佐藤ほの,B1,30.69,5,,3.6482,5.4,55,13.8,0.1693,3.069,,,0,低,65,0,-,6 256,0,33.2,0.6829,,,,,,0.3333,0.4444,0.1111,,,D,△,,0.331,0.5605,,0.4988,S,85,0,◎1着固定 2-3着流し（5〜8点）,0.5777,"{'is_target': True, 'verdict': '点数絞り', 'max_combo_prob': 0.1378, 'est_top_odds': 9.7, 'circle_concentration': 81.1, 'eligible_count': 6, 'bet_adj': 0, 'reason': 'rel_win1=64.4%（本命度） / 最有力組み合わせ確率: 0.138（推定実オッズ?10倍） / 2着集中度: 上位2艇 81.1%（補正+0.04） / 総合判定確率: 0.178 / → ヒモはやや固め。上位2艇以外を切ること', 'tenji_trigger': '展示確認: 1号艇伸び良→そのまま採用。悪→飛び組に差し替え。circle_pct上位2艇に絞り込むこと。'}",,,25.1,逃げ狙い,10.82,26,2,,,,,,,,,,,
2026-01-23,丸亀,5,6,三嶌さら,B1,37.08,6,△,1.3252,1.9,16,3,0.1863,4.0152,,,0,低,82,0,-,1 142,0,26.9,0.6239,,,,,,0,0.25,0,,,B,○,,0.2769,0.576,,0.4988,S,85,0,◎1着固定 2-3着流し（5〜8点）,0.5777,"{'is_target': True, 'verdict': '点数絞り', 'max_combo_prob': 0.1378, 'est_top_odds': 9.7, 'circle_concentration': 81.1, 'eligible_count': 6, 'bet_adj': 0, 'reason': 'rel_win1=64.4%（本命度） / 最有力組み合わせ確率: 0.138（推定実オッズ?10倍） / 2着集中度: 上位2艇 81.1%（補正+0.04） / 総合判定確率: 0.178 / → ヒモはやや固め。上位2艇以外を切ること', 'tenji_trigger': '展示確認: 1号艇伸び良→そのまま採用。悪→飛び組に差し替え。circle_pct上位2艇に絞り込むこと。'}",,,25.1,逃げ狙い,10.82,26,2,,,,,,,,,,,
2026-01-23,丸亀,6,1,岩崎芳美,A2,34.78,1,◎,57.5742,,0,89.5,0.1263,2.6316,,,0,低,23,0,逃0%,1 5522,0,88.6,1.1463,0.4167,,,,,0.0833,0.25,0.25,◎⚠️,,C,○,,,0.6485,,0.5387,S,87,0,◎1着固定 2-3着流し（5〜8点）,0.5777,"{'is_target': True, 'verdict': '参加推奨', 'max_combo_prob': 0.0632, 'est_top_odds': 21.1, 'circle_concentration': 64.6, 'eligible_count': 6, 'bet_adj': 2, 'reason': 'rel_win1=57.6%（本命度） / 最有力組み合わせ確率: 0.063（推定実オッズ?21倍） / 2着集中度: 上位2艇 64.6%（補正+0.00） / 総合判定確率: 0.063 / → ヒモ分散。1号艇1着固定で広めのヒモ流し推奨（買い目+2点）', 'tenji_trigger': '展示確認: ヒモ分散レース。1号艇伸び確認後、広めのヒモ流しを採用。穴ヒモ（5・6号艇）を積極的に含める。\n展示で1号艇スタート超安定(0.126秒)→ヒモ固まり方向に注意'}",,,23.8,逃げ狙い,16.94,31.4,3,6-1-2|6-2-1|6-1-3|6-1-4|6-4-1|6-2-3|6-2-4|6-1-5|1-2-4|1-3-4|1-3-2|1-2-6,6-1-2|6-2-1|6-1-3|6-1-4|6-4-1|6-2-3|6-2-4|6-1-5|1-2-4|1-3-4|1-3-2|1-2-6,6-1-2:1.14%|6-2-1:1.09%|6-1-3:0.73%|6-1-4:0.68%|6-4-1:0.57%|6-2-3:0.41%|6-2-4:0.38%|6-1-5:4.14%|1-2-4:3.7%|1-3-4:3.58%|1-3-2:3.29%|1-2-6:3.22%,6-1-2:B_main|6-2-1:B_main|6-1-3:B_main|6-1-4:B_main|6-4-1:B_main|6-2-3:B_main|6-2-4:B_main|6-1-5:B_sc|1-2-4:A|1-3-4:A|1-3-2:A|1-2-6:A,12,12,0.4535,1,[!]見送り推奨（主役決まり手「まくり」― 逃げ劣勢レースで的中実績なし）,主役軸流し,B
2026-01-23,丸亀,6,2,坂野さく,B1,32.53,2,,9.3603,33.4,100,46.9,0.1941,3.9531,,,0,低,76,0,差0%,461 55,0,66.2,0.7871,0,0.0556,0,0,0,0.2889,0.2889,0.2444,,,D,△,,0.0613,0.5865,,0.5387,S,87,0,◎1着固定 2-3着流し（5〜8点）,0.5777,"{'is_target': True, 'verdict': '参加推奨', 'max_combo_prob': 0.0632, 'est_top_odds': 21.1, 'circle_concentration': 64.6, 'eligible_count': 6, 'bet_adj': 2, 'reason': 'rel_win1=57.6%（本命度） / 最有力組み合わせ確率: 0.063（推定実オッズ?21倍） / 2着集中度: 上位2艇 64.6%（補正+0.00） / 総合判定確率: 0.063 / → ヒモ分散。1号艇1着固定で広めのヒモ流し推奨（買い目+2点）', 'tenji_trigger': '展示確認: ヒモ分散レース。1号艇伸び確認後、広めのヒモ流しを採用。穴ヒモ（5・6号艇）を積極的に含める。\n展示で1号艇スタート超安定(0.126秒)→ヒモ固まり方向に注意'}",,,23.8,逃げ狙い,16.94,31.4,3,,,,,,,,,,,
2026-01-23,丸亀,6,3,来田衣織,B1,46.91,3,▲,9.1124,31.1,91,38.1,0.1848,3.75,,,0,低,96,0,-,1 155,0,22.4,0.7954,,,,,,0,0.4,0,,,A,,,0.1377,0.585,,0.5387,S,87,0,◎1着固定 2-3着流し（5〜8点）,0.5777,"{'is_target': True, 'verdict': '参加推奨', 'max_combo_prob': 0.0632, 'est_top_odds': 21.1, 'circle_concentration': 64.6, 'eligible_count': 6, 'bet_adj': 2, 'reason': 'rel_win1=57.6%（本命度） / 最有力組み合わせ確率: 0.063（推定実オッズ?21倍） / 2着集中度: 上位2艇 64.6%（補正+0.00） / 総合判定確率: 0.063 / → ヒモ分散。1号艇1着固定で広めのヒモ流し推奨（買い目+2点）', 'tenji_trigger': '展示確認: ヒモ分散レース。1号艇伸び確認後、広めのヒモ流しを採用。穴ヒモ（5・6号艇）を積極的に含める。\n展示で1号艇スタート超安定(0.126秒)→ヒモ固まり方向に注意'}",,,23.8,逃げ狙い,16.94,31.4,3,,,,,,,,,,,
2026-01-23,丸亀,6,4,池　千夏,B1,42.53,4,○,8.2794,15.6,67,22.2,0.1178,2.6111,,,0,低,8,1,-,4 224,0,27.4,0.6874,,,,,,0,0.3714,0.3143,,,B,◎,,0.3431,0.7065,,0.5387,S,87,0,◎1着固定 2-3着流し（5〜8点）,0.5777,"{'is_target': True, 'verdict': '参加推奨', 'max_combo_prob': 0.0632, 'est_top_odds': 21.1, 'circle_concentration': 64.6, 'eligible_count': 6, 'bet_adj': 2, 'reason': 'rel_win1=57.6%（本命度） / 最有力組み合わせ確率: 0.063（推定実オッズ?21倍） / 2着集中度: 上位2艇 64.6%（補正+0.00） / 総合判定確率: 0.063 / → ヒモ分散。1号艇1着固定で広めのヒモ流し推奨（買い目+2点）', 'tenji_trigger': '展示確認: ヒモ分散レース。1号艇伸び確認後、広めのヒモ流しを採用。穴ヒモ（5・6号艇）を積極的に含める。\n展示で1号艇スタート超安定(0.126秒)→ヒモ固まり方向に注意'}",,,23.8,逃げ狙い,16.94,31.4,3,,,,,,,,,,,
2026-01-23,丸亀,6,5,原加央理,B1,32.63,5,,7.5859,15.4,82,38.7,0.16,3.0161,,,0,低,57,0,-,4 522,0,24.6,1.2279,,,,,,0.1875,0.3125,0.125,,,D,△,,0.2028,0.6085,,0.5387,S,87,0,◎1着固定 2-3着流し（5〜8点）,0.5777,"{'is_target': True, 'verdict': '参加推奨', 'max_combo_prob': 0.0632, 'est_top_odds': 21.1, 'circle_concentration': 64.6, 'eligible_count': 6, 'bet_adj': 2, 'reason': 'rel_win1=57.6%（本命度） / 最有力組み合わせ確率: 0.063（推定実オッズ?21倍） / 2着集中度: 上位2艇 64.6%（補正+0.00） / 総合判定確率: 0.063 / → ヒモ分散。1号艇1着固定で広めのヒモ流し推奨（買い目+2点）', 'tenji_trigger': '展示確認: ヒモ分散レース。1号艇伸び確認後、広めのヒモ流しを採用。穴ヒモ（5・6号艇）を積極的に含める。\n展示で1号艇スタート超安定(0.126秒)→ヒモ固まり方向に注意'}",,,23.8,逃げ狙い,16.94,31.4,3,,,,,,,,,,,
2026-01-23,丸亀,6,6,堀之内紀,A1,38.78,6,△,8.0879,4.4,37,23.3,0.1747,3.8,,,0,低,60,0,ま0%,36F44,0,67.5,1.3417,0,0,0.2727,0,0,0.0909,0.1818,0,,,C,,,0.2033,0.5735,,0.5387,S,87,0,◎1着固定 2-3着流し（5〜8点）,0.5777,"{'is_target': True, 'verdict': '参加推奨', 'max_combo_prob': 0.0632, 'est_top_odds': 21.1, 'circle_concentration': 64.6, 'eligible_count': 6, 'bet_adj': 2, 'reason': 'rel_win1=57.6%（本命度） / 最有力組み合わせ確率: 0.063（推定実オッズ?21倍） / 2着集中度: 上位2艇 64.6%（補正+0.00） / 総合判定確率: 0.063 / → ヒモ分散。1号艇1着固定で広めのヒモ流し推奨（買い目+2点）', 'tenji_trigger': '展示確認: ヒモ分散レース。1号艇伸び確認後、広めのヒモ流しを採用。穴ヒモ（5・6号艇）を積極的に含める。\n展示で1号艇スタート超安定(0.126秒)→ヒモ固まり方向に注意'}",,,23.8,逃げ狙い,16.94,31.4,3,,,,,,,,,,,
2026-01-23,丸亀,7,1,戸敷晃美,A2,48.10,1,◎,72.0925,,0,83.3,0.1606,2.7222,,,0,低,73,0,逃1%,323 16,0,81.9,1.1385,0.7222,,,,,0,0.0444,0.1422,◎,,A,,,,0.589,,0.6185,A,77,0,◎-○軸 3着3〜4艇流し（10〜15点）,0.5777,"{'is_target': True, 'verdict': '点数絞り', 'max_combo_prob': 0.1074, 'est_top_odds': 12.4, 'circle_concentration': 78.6, 'eligible_count': 8, 'bet_adj': 0, 'reason': 'rel_win1=72.1%（本命度） / 最有力組み合わせ確率: 0.107（推定実オッズ?12倍） / 2着集中度: 上位2艇 78.6%（補正+0.04） / 総合判定確率: 0.147 / → ヒモはやや固め。上位2艇以外を切ること', 'tenji_trigger': '展示確認: 1号艇伸び良→そのまま採用。悪→飛び組に差し替え。circle_pct上位2艇に絞り込むこと。'}",,,25,逃げ狙い,10.43,26.1,4,,,,,0,0,0.7559,0,,逃げ軸流し,A
2026-01-23,丸亀,7,2,喜多那由,B1,27.08,2,,6.8359,50.8,100,52.5,0.1865,4.0625,,,0,低,95,0,差0%,4 643,0,38.3,0.865,0,0.0588,0,0,0,0.2643,0.0857,0.4143,,,E,○,,0.0621,0.6495,,0.6185,A,77,0,◎-○軸 3着3〜4艇流し（10〜15点）,0.5777,"{'is_target': True, 'verdict': '点数絞り', 'max_combo_prob': 0.1074, 'est_top_odds': 12.4, 'circle_concentration': 78.6, 'eligible_count': 8, 'bet_adj': 0, 'reason': 'rel_win1=72.1%（本命度） / 最有力組み合わせ確率: 0.107（推定実オッズ?12倍） / 2着集中度: 上位2艇 78.6%（補正+0.04） / 総合判定確率: 0.147 / → ヒモはやや固め。上位2艇以外を切ること', 'tenji_trigger': '展示確認: 1号艇伸び良→そのまま採用。悪→飛び組に差し替え。circle_pct上位2艇に絞り込むこと。'}",,,25,逃げ狙い,10.43,26.1,4,,,,,,,,,,,
2026-01-23,丸亀,7,3,菅野はや,B2,36.59,3,,4.6057,9.3,84,10.3,0.2166,4.4138,,,0,低,78,0,-,364 35,0,72.6,0.5638,,,,,,0.125,0.125,0.125,,,D,,,0.1376,0.5285,,0.6185,A,77,0,◎-○軸 3着3〜4艇流し（10〜15点）,0.5777,"{'is_target': True, 'verdict': '点数絞り', 'max_combo_prob': 0.1074, 'est_top_odds': 12.4, 'circle_concentration': 78.6, 'eligible_count': 8, 'bet_adj': 0, 'reason': 'rel_win1=72.1%（本命度） / 最有力組み合わせ確率: 0.107（推定実オッズ?12倍） / 2着集中度: 上位2艇 78.6%（補正+0.04） / 総合判定確率: 0.147 / → ヒモはやや固め。上位2艇以外を切ること', 'tenji_trigger': '展示確認: 1号艇伸び良→そのまま採用。悪→飛び組に差し替え。circle_pct上位2艇に絞り込むこと。'}",,,25,逃げ狙い,10.43,26.1,4,,,,,,,,,,,
2026-01-23,丸亀,7,4,松尾夏海,A1,45.65,4,○,11.6778,27.8,93,52.2,0.1513,2.5435,,,0,低,45,0,差ま0%,521 61,0,93.4,1.7385,0,0,0,0.125,0,,,,,,B,◎,,0.3387,0.684,,0.6185,A,77,0,◎-○軸 3着3〜4艇流し（10〜15点）,0.5777,"{'is_target': True, 'verdict': '点数絞り', 'max_combo_prob': 0.1074, 'est_top_odds': 12.4, 'circle_concentration': 78.6, 'eligible_count': 8, 'bet_adj': 0, 'reason': 'rel_win1=72.1%（本命度） / 最有力組み合わせ確率: 0.107（推定実オッズ?12倍） / 2着集中度: 上位2艇 78.6%（補正+0.04） / 総合判定確率: 0.147 / → ヒモはやや固め。上位2艇以外を切ること', 'tenji_trigger': '展示確認: 1号艇伸び良→そのまま採用。悪→飛び組に差し替え。circle_pct上位2艇に絞り込むこと。'}",,,25,逃げ狙い,10.43,26.1,4,,,,,,,,,,,
2026-01-23,丸亀,7,5,中北　涼,B1,37.00,5,▲,3.7006,7.5,75,15,0.149,3.025,,,0,低,39,0,-,344 46,0,36.3,0.6676,,,,,,0.3333,0.4444,0,,,C,△,,0.3478,0.612,,0.6185,A,77,0,◎-○軸 3着3〜4艇流し（10〜15点）,0.5777,"{'is_target': True, 'verdict': '点数絞り', 'max_combo_prob': 0.1074, 'est_top_odds': 12.4, 'circle_concentration': 78.6, 'eligible_count': 8, 'bet_adj': 0, 'reason': 'rel_win1=72.1%（本命度） / 最有力組み合わせ確率: 0.107（推定実オッズ?12倍） / 2着集中度: 上位2艇 78.6%（補正+0.04） / 総合判定確率: 0.147 / → ヒモはやや固め。上位2艇以外を切ること', 'tenji_trigger': '展示確認: 1号艇伸び良→そのまま採用。悪→飛び組に差し替え。circle_pct上位2艇に絞り込むこと。'}",,,25,逃げ狙い,10.43,26.1,4,,,,,,,,,,,
2026-01-23,丸亀,7,6,山田理央,A2,39.56,6,△,1.0875,4.6,65,39.4,0.17,4.0606,,,0,低,62,0,-,15113,0,27.9,1.4497,,,,,,0.0444,0.1444,0.0222,,,C,△,,0.2801,0.6,,0.6185,A,77,0,◎-○軸 3着3〜4艇流し（10〜15点）,0.5777,"{'is_target': True, 'verdict': '点数絞り', 'max_combo_prob': 0.1074, 'est_top_odds': 12.4, 'circle_concentration': 78.6, 'eligible_count': 8, 'bet_adj': 0, 'reason': 'rel_win1=72.1%（本命度） / 最有力組み合わせ確率: 0.107（推定実オッズ?12倍） / 2着集中度: 上位2艇 78.6%（補正+0.04） / 総合判定確率: 0.147 / → ヒモはやや固め。上位2艇以外を切ること', 'tenji_trigger': '展示確認: 1号艇伸び良→そのまま採用。悪→飛び組に差し替え。circle_pct上位2艇に絞り込むこと。'}",,,25,逃げ狙い,10.43,26.1,4,,,,,,,,,,,
2026-01-23,丸亀,8,1,山本梨菜,A1,41.46,1,◎,75.0743,,0,100,0.1325,2.8036,,,0,低,40,0,逃1%,2 5611,0,95.8,1.3224,0.7059,,,,,0.0471,0.0235,0.1328,◎,,A,△,,,0.5915,,0.6096,S,94,0,◎1着固定 2-3着流し（5〜8点）,0.5777,"{'is_target': True, 'verdict': '参加推奨', 'max_combo_prob': 0.0937, 'est_top_odds': 14.2, 'circle_concentration': 64.5, 'eligible_count': 6, 'bet_adj': 2, 'reason': 'rel_win1=75.1%（本命度） / 最有力組み合わせ確率: 0.094（推定実オッズ?14倍） / 2着集中度: 上位2艇 64.5%（補正+0.00） / 総合判定確率: 0.094 / → ヒモ分散。1号艇1着固定で広めのヒモ流し推奨（買い目+2点）', 'tenji_trigger': '展示確認: ヒモ分散レース。1号艇伸び確認後、広めのヒモ流しを採用。穴ヒモ（5・6号艇）を積極的に含める。\n展示で1号艇スタート超安定(0.133秒)→ヒモ固まり方向に注意'}",,,25.1,逃げ狙い,11.84,25.2,4,,,,,0,0,0.7559,0,,逃げ軸流し,A
2026-01-23,丸亀,8,2,角ひとみ,A2,31.76,2,△,9.5048,36.2,80,44.7,0.2084,4.8421,,,0,低,104,0,差0% ま0%,666 66,0,20.5,0.7564,0,0.0625,0.0625,0,0,0.1267,0.1533,0.0267,,,C,○,,0.0639,0.6195,,0.6096,S,94,0,◎1着固定 2-3着流し（5〜8点）,0.5777,"{'is_target': True, 'verdict': '参加推奨', 'max_combo_prob': 0.0937, 'est_top_odds': 14.2, 'circle_concentration': 64.5, 'eligible_count': 6, 'bet_adj': 2, 'reason': 'rel_win1=75.1%（本命度） / 最有力組み合わせ確率: 0.094（推定実オッズ?14倍） / 2着集中度: 上位2艇 64.5%（補正+0.00） / 総合判定確率: 0.094 / → ヒモ分散。1号艇1着固定で広めのヒモ流し推奨（買い目+2点）', 'tenji_trigger': '展示確認: ヒモ分散レース。1号艇伸び確認後、広めのヒモ流しを採用。穴ヒモ（5・6号艇）を積極的に含める。\n展示で1号艇スタート超安定(0.133秒)→ヒモ固まり方向に注意'}",,,25.1,逃げ狙い,11.84,25.2,4,,,,,,,,,,,
2026-01-23,丸亀,8,3,池田奈津,B1,30.84,3,○,6.1303,28.3,92,32.3,0.1352,2.5,,,0,低,23,0,ま0%,5 343,0,26,0.656,0,0,0.0833,0,0,0.28,0.28,0,,,C,◎,,0.2813,0.6705,,0.6096,S,94,0,◎1着固定 2-3着流し（5〜8点）,0.5777,"{'is_target': True, 'verdict': '参加推奨', 'max_combo_prob': 0.0937, 'est_top_odds': 14.2, 'circle_concentration': 64.5, 'eligible_count': 6, 'bet_adj': 2, 'reason': 'rel_win1=75.1%（本命度） / 最有力組み合わせ確率: 0.094（推定実オッズ?14倍） / 2着集中度: 上位2艇 64.5%（補正+0.00） / 総合判定確率: 0.094 / → ヒモ分散。1号艇1着固定で広めのヒモ流し推奨（買い目+2点）', 'tenji_trigger': '展示確認: ヒモ分散レース。1号艇伸び確認後、広めのヒモ流しを採用。穴ヒモ（5・6号艇）を積極的に含める。\n展示で1号艇スタート超安定(0.133秒)→ヒモ固まり方向に注意'}",,,25.1,逃げ狙い,11.84,25.2,4,,,,,,,,,,,
2026-01-23,丸亀,8,4,中田夕貴,A2,30.00,4,,5.6828,28,100,43.8,0.17,3.625,,,0,低,68,0,-,5 5S55,0,39.2,0.8632,,,,,,0.1927,0.3127,0,,,D,△,,0.1664,0.5955,,0.6096,S,94,0,◎1着固定 2-3着流し（5〜8点）,0.5777,"{'is_target': True, 'verdict': '参加推奨', 'max_combo_prob': 0.0937, 'est_top_odds': 14.2, 'circle_concentration': 64.5, 'eligible_count': 6, 'bet_adj': 2, 'reason': 'rel_win1=75.1%（本命度） / 最有力組み合わせ確率: 0.094（推定実オッズ?14倍） / 2着集中度: 上位2艇 64.5%（補正+0.00） / 総合判定確率: 0.094 / → ヒモ分散。1号艇1着固定で広めのヒモ流し推奨（買い目+2点）', 'tenji_trigger': '展示確認: ヒモ分散レース。1号艇伸び確認後、広めのヒモ流しを採用。穴ヒモ（5・6号艇）を積極的に含める。\n展示で1号艇スタート超安定(0.133秒)→ヒモ固まり方向に注意'}",,,25.1,逃げ狙い,11.84,25.2,4,,,,,,,,,,,
2026-01-23,丸亀,8,5,福山恵里,B1,29.55,5,,2.5386,6.4,69,14.3,0.1438,3.5,,,0,低,42,0,-,563 66,0,31.2,0.6998,,,,,,0.19,0.46,0,,,D,,,0.2741,0.498,,0.6096,S,94,0,◎1着固定 2-3着流し（5〜8点）,0.5777,"{'is_target': True, 'verdict': '参加推奨', 'max_combo_prob': 0.0937, 'est_top_odds': 14.2, 'circle_concentration': 64.5, 'eligible_count': 6, 'bet_adj': 2, 'reason': 'rel_win1=75.1%（本命度） / 最有力組み合わせ確率: 0.094（推定実オッズ?14倍） / 2着集中度: 上位2艇 64.5%（補正+0.00） / 総合判定確率: 0.094 / → ヒモ分散。1号艇1着固定で広めのヒモ流し推奨（買い目+2点）', 'tenji_trigger': '展示確認: ヒモ分散レース。1号艇伸び確認後、広めのヒモ流しを採用。穴ヒモ（5・6号艇）を積極的に含める。\n展示で1号艇スタート超安定(0.133秒)→ヒモ固まり方向に注意'}",,,25.1,逃げ狙い,11.84,25.2,4,,,,,,,,,,,
2026-01-23,丸亀,8,6,赤松咲香,B2,33.70,6,▲,1.0693,1.1,29,1.6,0.1911,4.3607,,,0,低,41,0,-,656 56,0,22,0.6439,,,,,,,,,,,C,,,0.135,0.535,,0.6096,S,94,0,◎1着固定 2-3着流し（5〜8点）,0.5777,"{'is_target': True, 'verdict': '参加推奨', 'max_combo_prob': 0.0937, 'est_top_odds': 14.2, 'circle_concentration': 64.5, 'eligible_count': 6, 'bet_adj': 2, 'reason': 'rel_win1=75.1%（本命度） / 最有力組み合わせ確率: 0.094（推定実オッズ?14倍） / 2着集中度: 上位2艇 64.5%（補正+0.00） / 総合判定確率: 0.094 / → ヒモ分散。1号艇1着固定で広めのヒモ流し推奨（買い目+2点）', 'tenji_trigger': '展示確認: ヒモ分散レース。1号艇伸び確認後、広めのヒモ流しを採用。穴ヒモ（5・6号艇）を積極的に含める。\n展示で1号艇スタート超安定(0.133秒)→ヒモ固まり方向に注意'}",,,25.1,逃げ狙い,11.84,25.2,4,,,,,,,,,,,
2026-01-23,丸亀,9,1,向井田真,B1,23.81,1,◎,58.1154,,0,77.3,0.1473,3.25,,,0,低,72,0,逃0%,6 145,0,83.5,1.0225,0.2,,,,,0.2,0.2,0,○,,E,,,,0.5205,,0.4465,A,69,0,◎-○軸 3着3〜4艇流し（10〜15点）,0.5777,"{'is_target': True, 'verdict': '参加推奨', 'max_combo_prob': 0.0785, 'est_top_odds': 17.0, 'circle_concentration': 69.3, 'eligible_count': 8, 'bet_adj': 2, 'reason': 'rel_win1=58.1%（本命度） / 最有力組み合わせ確率: 0.078（推定実オッズ?17倍） / 2着集中度: 上位2艇 69.3%（補正+0.00） / 総合判定確率: 0.078 / → ヒモ分散。1号艇1着固定で広めのヒモ流し推奨（買い目+2点）', 'tenji_trigger': '展示確認: ヒモ分散レース。1号艇伸び確認後、広めのヒモ流しを採用。穴ヒモ（5・6号艇）を積極的に含める。'}",,,28.7,逃げ狙い,14.65,32.9,2,,,,,0,0,0.6155,0,,主役軸流し,B
2026-01-23,丸亀,9,2,谷口佳蓮,B1,35.16,2,○,15.2489,40.5,100,50,0.158,3.8,,,0,低,45,0,-,243 1S,0,77.8,0.8564,0,0.1176,0,0,0,0.1091,0,0.2727,,,C,△,,0.2196,0.5715,,0.4465,A,69,0,◎-○軸 3着3〜4艇流し（10〜15点）,0.5777,"{'is_target': True, 'verdict': '参加推奨', 'max_combo_prob': 0.0785, 'est_top_odds': 17.0, 'circle_concentration': 69.3, 'eligible_count': 8, 'bet_adj': 2, 'reason': 'rel_win1=58.1%（本命度） / 最有力組み合わせ確率: 0.078（推定実オッズ?17倍） / 2着集中度: 上位2艇 69.3%（補正+0.00） / 総合判定確率: 0.078 / → ヒモ分散。1号艇1着固定で広めのヒモ流し推奨（買い目+2点）', 'tenji_trigger': '展示確認: ヒモ分散レース。1号艇伸び確認後、広めのヒモ流しを採用。穴ヒモ（5・6号艇）を積極的に含める。'}",,,28.7,逃げ狙い,14.65,32.9,2,,,,,,,,,,,
2026-01-23,丸亀,9,3,池田浩美,B1,27.08,3,,13.1284,28.8,57,40.7,0.1674,3.7037,,,0,低,68,0,差ま0% 抜0%,226 42,0,48.1,0.9415,0,0,0,0.0625,0.0625,0.375,0,0.125,,,D,○,,0.1878,0.614,,0.4465,A,69,0,◎-○軸 3着3〜4艇流し（10〜15点）,0.5777,"{'is_target': True, 'verdict': '参加推奨', 'max_combo_prob': 0.0785, 'est_top_odds': 17.0, 'circle_concentration': 69.3, 'eligible_count': 8, 'bet_adj': 2, 'reason': 'rel_win1=58.1%（本命度） / 最有力組み合わせ確率: 0.078（推定実オッズ?17倍） / 2着集中度: 上位2艇 69.3%（補正+0.00） / 総合判定確率: 0.078 / → ヒモ分散。1号艇1着固定で広めのヒモ流し推奨（買い目+2点）', 'tenji_trigger': '展示確認: ヒモ分散レース。1号艇伸び確認後、広めのヒモ流しを採用。穴ヒモ（5・6号艇）を積極的に含める。'}",,,28.7,逃げ狙い,14.65,32.9,2,,,,,,,,,,,
2026-01-23,丸亀,9,4,三嶌ここ,B1,38.89,4,,4.1921,14.3,48,10,0.224,4.8,,,0,低,114,0,-,532 55,0,13.4,0.5623,,,,,,0.0571,0.0571,0.3143,,,B,△,,0.1377,0.553,,0.4465,A,69,0,◎-○軸 3着3〜4艇流し（10〜15点）,0.5777,"{'is_target': True, 'verdict': '参加推奨', 'max_combo_prob': 0.0785, 'est_top_odds': 17.0, 'circle_concentration': 69.3, 'eligible_count': 8, 'bet_adj': 2, 'reason': 'rel_win1=58.1%（本命度） / 最有力組み合わせ確率: 0.078（推定実オッズ?17倍） / 2着集中度: 上位2艇 69.3%（補正+0.00） / 総合判定確率: 0.078 / → ヒモ分散。1号艇1着固定で広めのヒモ流し推奨（買い目+2点）', 'tenji_trigger': '展示確認: ヒモ分散レース。1号艇伸び確認後、広めのヒモ流しを採用。穴ヒモ（5・6号艇）を積極的に含める。'}",,,28.7,逃げ狙い,14.65,32.9,2,,,,,,,,,,,
2026-01-23,丸亀,9,5,山口真喜,A2,37.37,5,△,7.8369,15.2,90,42.9,0.1775,4.2679,,,0,低,83,0,-,1 1S63,0,78.9,1.2962,,,,,,0.1818,0.3636,0.2727,,,C,,,0.2139,0.508,,0.4465,A,69,0,◎-○軸 3着3〜4艇流し（10〜15点）,0.5777,"{'is_target': True, 'verdict': '参加推奨', 'max_combo_prob': 0.0785, 'est_top_odds': 17.0, 'circle_concentration': 69.3, 'eligible_count': 8, 'bet_adj': 2, 'reason': 'rel_win1=58.1%（本命度） / 最有力組み合わせ確率: 0.078（推定実オッズ?17倍） / 2着集中度: 上位2艇 69.3%（補正+0.00） / 総合判定確率: 0.078 / → ヒモ分散。1号艇1着固定で広めのヒモ流し推奨（買い目+2点）', 'tenji_trigger': '展示確認: ヒモ分散レース。1号艇伸び確認後、広めのヒモ流しを採用。穴ヒモ（5・6号艇）を積極的に含める。'}",,,28.7,逃げ狙い,14.65,32.9,2,,,,,,,,,,,
2026-01-23,丸亀,9,6,清水愛海,A1,38.95,6,▲,1.4784,1.2,75,35.3,0.1865,4.0147,,,0,低,73,0,-,13222,0,47.2,1.3758,,,,,,0.0909,0.1818,0,,,B,◎,,0.1853,0.634,,0.4465,A,69,0,◎-○軸 3着3〜4艇流し（10〜15点）,0.5777,"{'is_target': True, 'verdict': '参加推奨', 'max_combo_prob': 0.0785, 'est_top_odds': 17.0, 'circle_concentration': 69.3, 'eligible_count': 8, 'bet_adj': 2, 'reason': 'rel_win1=58.1%（本命度） / 最有力組み合わせ確率: 0.078（推定実オッズ?17倍） / 2着集中度: 上位2艇 69.3%（補正+0.00） / 総合判定確率: 0.078 / → ヒモ分散。1号艇1着固定で広めのヒモ流し推奨（買い目+2点）', 'tenji_trigger': '展示確認: ヒモ分散レース。1号艇伸び確認後、広めのヒモ流しを採用。穴ヒモ（5・6号艇）を積極的に含める。'}",,,28.7,逃げ狙い,14.65,32.9,2,,,,,,,,,,,
2026-01-23,丸亀,10,1,三嶌さら,B1,37.08,1,◎,57.1653,,0,75,0.2175,4.125,,,0,低,82,1,逃0%,1 142,0,75.4,0.9951,0.5,,,,,0,0.25,0,△⚠️,,C,△,,,0.576,,0.2502,B,51,0,◎○△フォーメーション（15〜20点）,0.5777,"{'is_target': True, 'verdict': '参加推奨', 'max_combo_prob': 0.0663, 'est_top_odds': 20.1, 'circle_concentration': 76.8, 'eligible_count': 9, 'bet_adj': 2, 'reason': 'rel_win1=57.2%（本命度） / 最有力組み合わせ確率: 0.066（推定実オッズ?20倍） / 2着集中度: 上位2艇 76.8%（補正+0.04） / 総合判定確率: 0.106 / → ヒモ分散。1号艇1着固定で広めのヒモ流し推奨（買い目+2点）', 'tenji_trigger': '展示確認: ヒモ分散レース。1号艇伸び確認後、広めのヒモ流しを採用。穴ヒモ（5・6号艇）を積極的に含める。\n展示で1号艇スタート遅め(0.217秒)確認→ヒモが荒れやすい'}",,,34.7,両建て推奨,20.52,30.9,4,2-3-4|2-3-6|2-4-3|2-6-3|2-4-6|2-6-4|2-3-5|1-2-4|1-2-3|1-3-4|2-1-4|1-3-2,2-3-4|2-3-6|2-4-3|2-6-3|2-4-6|2-6-4|2-3-5|1-2-4|1-2-3|1-3-4|2-1-4|1-3-2,2-3-4:1.94%|2-3-6:1.77%|2-4-3:1.04%|2-6-3:0.87%|2-4-6:0.83%|2-6-4:0.75%|2-3-5:0.44%|1-2-4:8.6%|1-2-3:7.55%|1-3-4:7.49%|2-1-4:6.88%|1-3-2:6.59%,2-3-4:B_main|2-3-6:B_main|2-4-3:B_main|2-6-3:B_main|2-4-6:B_main|2-6-4:B_main|2-3-5:B_main|1-2-4:A|1-2-3:A|1-3-4:A|2-1-4:B_sc|1-3-2:A,12,12,0.4535,1,[!]見送り推奨（主役決まり手「まくり」― 逃げ劣勢レースで的中実績なし）,主役軸流し,B
2026-01-23,丸亀,10,2,戸敷晃美,A2,48.10,2,○,11.2701,39.3,100,64.1,0.1444,3.2179,,,0,低,73,0,ま0%,323 16,0,54.4,1.0264,0,0,0.1429,0,0,0,0.0444,0.1422,,◎,A,△,,0.5711,0.589,,0.2502,B,51,0,◎○△フォーメーション（15〜20点）,0.5777,"{'is_target': True, 'verdict': '参加推奨', 'max_combo_prob': 0.0663, 'est_top_odds': 20.1, 'circle_concentration': 76.8, 'eligible_count': 9, 'bet_adj': 2, 'reason': 'rel_win1=57.2%（本命度） / 最有力組み合わせ確率: 0.066（推定実オッズ?20倍） / 2着集中度: 上位2艇 76.8%（補正+0.04） / 総合判定確率: 0.106 / → ヒモ分散。1号艇1着固定で広めのヒモ流し推奨（買い目+2点）', 'tenji_trigger': '展示確認: ヒモ分散レース。1号艇伸び確認後、広めのヒモ流しを採用。穴ヒモ（5・6号艇）を積極的に含める。\n展示で1号艇スタート遅め(0.217秒)確認→ヒモが荒れやすい'}",,,34.7,両建て推奨,20.52,30.9,4,,,,,,,,,,,
2026-01-23,丸亀,10,3,岩崎芳美,A2,34.78,3,,9.5514,37.6,65,43.8,0.1338,2.375,,,0,低,23,0,ま0%,1 5522,0,80.1,0.8531,0,0,0.1111,0,0,0.0833,0.25,0.25,,○,D,◎,,0.4761,0.6485,,0.2502,B,51,0,◎○△フォーメーション（15〜20点）,0.5777,"{'is_target': True, 'verdict': '参加推奨', 'max_combo_prob': 0.0663, 'est_top_odds': 20.1, 'circle_concentration': 76.8, 'eligible_count': 9, 'bet_adj': 2, 'reason': 'rel_win1=57.2%（本命度） / 最有力組み合わせ確率: 0.066（推定実オッズ?20倍） / 2着集中度: 上位2艇 76.8%（補正+0.04） / 総合判定確率: 0.106 / → ヒモ分散。1号艇1着固定で広めのヒモ流し推奨（買い目+2点）', 'tenji_trigger': '展示確認: ヒモ分散レース。1号艇伸び確認後、広めのヒモ流しを採用。穴ヒモ（5・6号艇）を積極的に含める。\n展示で1号艇スタート遅め(0.217秒)確認→ヒモが荒れやすい'}",,,34.7,両建て推奨,20.52,30.9,4,,,,,,,,,,,
2026-01-23,丸亀,10,4,谷川里江,B1,35.96,4,▲,15.5497,10.4,59,42.3,0.1177,2.1154,,,0,低,57,0,差ま0%,232 24,0,75.4,1.2081,0,0,0,0.1,0,0.1,0.6,0,,△,C,,◎,0.4723,0.549,0.4346,0.2502,B,51,0,◎○△フォーメーション（15〜20点）,0.5777,"{'is_target': True, 'verdict': '参加推奨', 'max_combo_prob': 0.0663, 'est_top_odds': 20.1, 'circle_concentration': 76.8, 'eligible_count': 9, 'bet_adj': 2, 'reason': 'rel_win1=57.2%（本命度） / 最有力組み合わせ確率: 0.066（推定実オッズ?20倍） / 2着集中度: 上位2艇 76.8%（補正+0.04） / 総合判定確率: 0.106 / → ヒモ分散。1号艇1着固定で広めのヒモ流し推奨（買い目+2点）', 'tenji_trigger': '展示確認: ヒモ分散レース。1号艇伸び確認後、広めのヒモ流しを採用。穴ヒモ（5・6号艇）を積極的に含める。\n展示で1号艇スタート遅め(0.217秒)確認→ヒモが荒れやすい'}",,,34.7,両建て推奨,20.52,30.9,4,,,,,,,,,,,
2026-01-23,丸亀,10,5,大橋由珠,B2,35.71,5,,5.2788,10.7,81,0,0.18,2.875,,,0,低,12,1,-,6 431,0,28.4,0.6769,,,,,,0,0.7143,0,,,D,,,0.4311,0.5495,,0.2502,B,51,0,◎○△フォーメーション（15〜20点）,0.5777,"{'is_target': True, 'verdict': '参加推奨', 'max_combo_prob': 0.0663, 'est_top_odds': 20.1, 'circle_concentration': 76.8, 'eligible_count': 9, 'bet_adj': 2, 'reason': 'rel_win1=57.2%（本命度） / 最有力組み合わせ確率: 0.066（推定実オッズ?20倍） / 2着集中度: 上位2艇 76.8%（補正+0.04） / 総合判定確率: 0.106 / → ヒモ分散。1号艇1着固定で広めのヒモ流し推奨（買い目+2点）', 'tenji_trigger': '展示確認: ヒモ分散レース。1号艇伸び確認後、広めのヒモ流しを採用。穴ヒモ（5・6号艇）を積極的に含める。\n展示で1号艇スタート遅め(0.217秒)確認→ヒモが荒れやすい'}",,,34.7,両建て推奨,20.52,30.9,4,,,,,,,,,,,
2026-01-23,丸亀,10,6,西村美智,B2,37.35,6,△,1.1847,2.1,84,35.3,0.1694,3.5588,,,0,低,25,0,-,3 3S1,0,30.1,1.3358,,,,,,0.1111,0.1111,0.1111,,,C,○,,0.4631,0.6285,,0.2502,B,51,0,◎○△フォーメーション（15〜20点）,0.5777,"{'is_target': True, 'verdict': '参加推奨', 'max_combo_prob': 0.0663, 'est_top_odds': 20.1, 'circle_concentration': 76.8, 'eligible_count': 9, 'bet_adj': 2, 'reason': 'rel_win1=57.2%（本命度） / 最有力組み合わせ確率: 0.066（推定実オッズ?20倍） / 2着集中度: 上位2艇 76.8%（補正+0.04） / 総合判定確率: 0.106 / → ヒモ分散。1号艇1着固定で広めのヒモ流し推奨（買い目+2点）', 'tenji_trigger': '展示確認: ヒモ分散レース。1号艇伸び確認後、広めのヒモ流しを採用。穴ヒモ（5・6号艇）を積極的に含める。\n展示で1号艇スタート遅め(0.217秒)確認→ヒモが荒れやすい'}",,,34.7,両建て推奨,20.52,30.9,4,,,,,,,,,,,
2026-01-23,丸亀,11,1,山田理央,A2,39.56,1,◎,63.1139,,0,88.6,0.134,2.4857,,,0,低,62,0,逃0%,15113,0,81.8,1.2265,0.6667,,,,,0.0444,0.1444,0.0222,◎,,C,△,,,0.6,,0.5717,S,90,0,◎1着固定 2-3着流し（5〜8点）,0.5777,"{'is_target': True, 'verdict': '点数絞り', 'max_combo_prob': 0.1009, 'est_top_odds': 13.2, 'circle_concentration': 72.2, 'eligible_count': 6, 'bet_adj': 0, 'reason': 'rel_win1=63.1%（本命度） / 最有力組み合わせ確率: 0.101（推定実オッズ?13倍） / 2着集中度: 上位2艇 72.2%（補正+0.04） / 総合判定確率: 0.141 / → ヒモはやや固め。上位2艇以外を切ること', 'tenji_trigger': '展示確認: 1号艇伸び良→そのまま採用。悪→飛び組に差し替え。circle_pct上位2艇に絞り込むこと。\n展示で1号艇スタート超安定(0.134秒)→ヒモ固まり方向に注意'}",,,25.7,逃げ狙い,12.66,26.2,3,,,,,0,0,0.7559,0,,逃げ軸流し,A
2026-01-23,丸亀,11,2,中川りな,A2,31.87,2,,9.0213,43.6,80,59.3,0.1685,3.7593,,,0,低,61,0,差0%,34133,0,33.1,0.9597,0,0.0833,0,0,0,0,0.1429,0.0714,,,E,△,,0.0681,0.6205,,0.5717,S,90,0,◎1着固定 2-3着流し（5〜8点）,0.5777,"{'is_target': True, 'verdict': '点数絞り', 'max_combo_prob': 0.1009, 'est_top_odds': 13.2, 'circle_concentration': 72.2, 'eligible_count': 6, 'bet_adj': 0, 'reason': 'rel_win1=63.1%（本命度） / 最有力組み合わせ確率: 0.101（推定実オッズ?13倍） / 2着集中度: 上位2艇 72.2%（補正+0.04） / 総合判定確率: 0.141 / → ヒモはやや固め。上位2艇以外を切ること', 'tenji_trigger': '展示確認: 1号艇伸び良→そのまま採用。悪→飛び組に差し替え。circle_pct上位2艇に絞り込むこと。\n展示で1号艇スタート超安定(0.134秒)→ヒモ固まり方向に注意'}",,,25.7,逃げ狙い,12.66,26.2,3,,,,,,,,,,,
2026-01-23,丸亀,11,3,松尾夏海,A1,45.65,3,○,13.3716,28.5,63,51.8,0.1526,2.9444,,,0,低,45,0,-,521 61,0,100,2.2771,0,0,0.0909,0,0,,,,,,B,◎,,0.2031,0.684,,0.5717,S,90,0,◎1着固定 2-3着流し（5〜8点）,0.5777,"{'is_target': True, 'verdict': '点数絞り', 'max_combo_prob': 0.1009, 'est_top_odds': 13.2, 'circle_concentration': 72.2, 'eligible_count': 6, 'bet_adj': 0, 'reason': 'rel_win1=63.1%（本命度） / 最有力組み合わせ確率: 0.101（推定実オッズ?13倍） / 2着集中度: 上位2艇 72.2%（補正+0.04） / 総合判定確率: 0.141 / → ヒモはやや固め。上位2艇以外を切ること', 'tenji_trigger': '展示確認: 1号艇伸び良→そのまま採用。悪→飛び組に差し替え。circle_pct上位2艇に絞り込むこと。\n展示で1号艇スタート超安定(0.134秒)→ヒモ固まり方向に注意'}",,,25.7,逃げ狙い,12.66,26.2,3,,,,,,,,,,,
2026-01-23,丸亀,11,4,山本梨菜,A1,41.46,4,▲,9.8916,16.1,100,60,0.1684,3.16,,,0,低,40,0,ま0% 差ま0%,2 5611,0,55.4,1.2511,0,0,0.1,0.2,0,0.0471,0.0235,0.1328,,,C,,,0.1955,0.5915,,0.5717,S,90,0,◎1着固定 2-3着流し（5〜8点）,0.5777,"{'is_target': True, 'verdict': '点数絞り', 'max_combo_prob': 0.1009, 'est_top_odds': 13.2, 'circle_concentration': 72.2, 'eligible_count': 6, 'bet_adj': 0, 'reason': 'rel_win1=63.1%（本命度） / 最有力組み合わせ確率: 0.101（推定実オッズ?13倍） / 2着集中度: 上位2艇 72.2%（補正+0.04） / 総合判定確率: 0.141 / → ヒモはやや固め。上位2艇以外を切ること', 'tenji_trigger': '展示確認: 1号艇伸び良→そのまま採用。悪→飛び組に差し替え。circle_pct上位2艇に絞り込むこと。\n展示で1号艇スタート超安定(0.134秒)→ヒモ固まり方向に注意'}",,,25.7,逃げ狙い,12.66,26.2,3,,,,,,,,,,,
2026-01-23,丸亀,11,5,落合直子,A2,35.23,5,,3.3567,10.1,78,35.5,0.1248,2.4355,,,0,低,40,0,-,5 2433,0,27.4,0.7726,,,,,,0.025,0,0.225,,,D,○,,0.3371,0.6465,,0.5717,S,90,0,◎1着固定 2-3着流し（5〜8点）,0.5777,"{'is_target': True, 'verdict': '点数絞り', 'max_combo_prob': 0.1009, 'est_top_odds': 13.2, 'circle_concentration': 72.2, 'eligible_count': 6, 'bet_adj': 0, 'reason': 'rel_win1=63.1%（本命度） / 最有力組み合わせ確率: 0.101（推定実オッズ?13倍） / 2着集中度: 上位2艇 72.2%（補正+0.04） / 総合判定確率: 0.141 / → ヒモはやや固め。上位2艇以外を切ること', 'tenji_trigger': '展示確認: 1号艇伸び良→そのまま採用。悪→飛び組に差し替え。circle_pct上位2艇に絞り込むこと。\n展示で1号艇スタート超安定(0.134秒)→ヒモ固まり方向に注意'}",,,25.7,逃げ狙い,12.66,26.2,3,,,,,,,,,,,
2026-01-23,丸亀,11,6,来田衣織,B1,46.91,6,△,1.2449,1.6,32,7.1,0.1979,3.6964,,,0,低,96,0,-,1 155,0,28,0.8511,,,,,,0,0.4,0,,,B,,,0.135,0.585,,0.5717,S,90,0,◎1着固定 2-3着流し（5〜8点）,0.5777,"{'is_target': True, 'verdict': '点数絞り', 'max_combo_prob': 0.1009, 'est_top_odds': 13.2, 'circle_concentration': 72.2, 'eligible_count': 6, 'bet_adj': 0, 'reason': 'rel_win1=63.1%（本命度） / 最有力組み合わせ確率: 0.101（推定実オッズ?13倍） / 2着集中度: 上位2艇 72.2%（補正+0.04） / 総合判定確率: 0.141 / → ヒモはやや固め。上位2艇以外を切ること', 'tenji_trigger': '展示確認: 1号艇伸び良→そのまま採用。悪→飛び組に差し替え。circle_pct上位2艇に絞り込むこと。\n展示で1号艇スタート超安定(0.134秒)→ヒモ固まり方向に注意'}",,,25.7,逃げ狙い,12.66,26.2,3,,,,,,,,,,,
2026-01-23,丸亀,12,1,井上遥妃,A1,53.09,1,◎,54.8981,,0,61.1,0.15,3.5556,,,0,低,34,0,逃1%,21311,0,65.2,0.8429,0.5556,,,,,0,0.1944,0.2389,○⚠️,,A,○,,,0.634,,0.4133,B,49,0,◎○△フォーメーション（15〜20点）,0.5777,"{'is_target': True, 'verdict': '参加推奨', 'max_combo_prob': 0.0569, 'est_top_odds': 23.4, 'circle_concentration': 66.4, 'eligible_count': 9, 'bet_adj': 2, 'reason': 'rel_win1=54.9%（本命度） / 最有力組み合わせ確率: 0.057（推定実オッズ?23倍） / 2着集中度: 上位2艇 66.4%（補正+0.00） / 総合判定確率: 0.057 / → ヒモ分散。1号艇1着固定で広めのヒモ流し推奨（買い目+2点）', 'tenji_trigger': '展示確認: ヒモ分散レース。1号艇伸び確認後、広めのヒモ流しを採用。穴ヒモ（5・6号艇）を積極的に含める。'}",,,29.7,両建て推奨,23.69,28.1,2,4-5-6|4-3-5|4-6-5|4-5-1|4-5-3|4-3-6|4-3-1|4-1-3|4-1-5|4-1-2|1-3-4|1-3-5,4-5-6|4-3-5|4-6-5|4-5-1|4-5-3|4-3-6|4-3-1|4-1-3|4-1-5|4-1-2|1-3-4|1-3-5,4-5-6:2.07%|4-3-5:1.16%|4-6-5:1.02%|4-5-1:0.86%|4-5-3:0.85%|4-3-6:0.83%|4-3-1:0.35%|4-1-3:8.8%|4-1-5:5.75%|4-1-2:5.4%|1-3-4:4.73%|1-3-5:4.35%,4-5-6:B_main|4-3-5:B_main|4-6-5:B_main|4-5-1:B_main|4-5-3:B_main|4-3-6:B_main|4-3-1:B_main|4-1-3:B_sc|4-1-5:B_sc|4-1-2:B_sc|1-3-4:A|1-3-5:A,12,12,0.4535,1,[!]見送り推奨（主役決まり手「まくり」― 逃げ劣勢レースで的中実績なし）,主役軸流し,B
2026-01-23,丸亀,12,2,平山智加,A1,29.67,2,,14.5379,31.8,85,65,0.1745,3.6,,,0,低,46,0,-,213 13,0,29.1,0.9478,0,0.25,0,0,0,0,0.1818,0.1818,,,D,◎,,0.1144,0.651,,0.4133,B,49,0,◎○△フォーメーション（15〜20点）,0.5777,"{'is_target': True, 'verdict': '参加推奨', 'max_combo_prob': 0.0569, 'est_top_odds': 23.4, 'circle_concentration': 66.4, 'eligible_count': 9, 'bet_adj': 2, 'reason': 'rel_win1=54.9%（本命度） / 最有力組み合わせ確率: 0.057（推定実オッズ?23倍） / 2着集中度: 上位2艇 66.4%（補正+0.00） / 総合判定確率: 0.057 / → ヒモ分散。1号艇1着固定で広めのヒモ流し推奨（買い目+2点）', 'tenji_trigger': '展示確認: ヒモ分散レース。1号艇伸び確認後、広めのヒモ流しを採用。穴ヒモ（5・6号艇）を積極的に含める。'}",,,29.7,両建て推奨,23.69,28.1,2,,,,,,,,,,,
2026-01-23,丸亀,12,3,米丸乃絵,A1,37.50,3,▲,12.5536,34.6,100,75,0.1471,3.4464,,,0,低,62,0,差0% ま0%,241 23,0,78.9,1.3387,0,0.1429,0.1429,0,0,0,0,0,,,C,,,0.3235,0.5575,,0.4133,B,49,0,◎○△フォーメーション（15〜20点）,0.5777,"{'is_target': True, 'verdict': '参加推奨', 'max_combo_prob': 0.0569, 'est_top_odds': 23.4, 'circle_concentration': 66.4, 'eligible_count': 9, 'bet_adj': 2, 'reason': 'rel_win1=54.9%（本命度） / 最有力組み合わせ確率: 0.057（推定実オッズ?23倍） / 2着集中度: 上位2艇 66.4%（補正+0.00） / 総合判定確率: 0.057 / → ヒモ分散。1号艇1着固定で広めのヒモ流し推奨（買い目+2点）', 'tenji_trigger': '展示確認: ヒモ分散レース。1号艇伸び確認後、広めのヒモ流しを採用。穴ヒモ（5・6号艇）を積極的に含める。'}",,,29.7,両建て推奨,23.69,28.1,2,,,,,,,,,,,
2026-01-23,丸亀,12,4,山川美由,A2,55.56,4,○,8.9585,16.2,97,77.8,0.1544,2.8333,,,0,低,16,1,-,1 432,0,54.6,1.0291,0,0,0.25,0,0,0,0,0.3333,,,A,△,,0.3323,0.584,,0.4133,B,49,0,◎○△フォーメーション（15〜20点）,0.5777,"{'is_target': True, 'verdict': '参加推奨', 'max_combo_prob': 0.0569, 'est_top_odds': 23.4, 'circle_concentration': 66.4, 'eligible_count': 9, 'bet_adj': 2, 'reason': 'rel_win1=54.9%（本命度） / 最有力組み合わせ確率: 0.057（推定実オッズ?23倍） / 2着集中度: 上位2艇 66.4%（補正+0.00） / 総合判定確率: 0.057 / → ヒモ分散。1号艇1着固定で広めのヒモ流し推奨（買い目+2点）', 'tenji_trigger': '展示確認: ヒモ分散レース。1号艇伸び確認後、広めのヒモ流しを採用。穴ヒモ（5・6号艇）を積極的に含める。'}",,,29.7,両建て推奨,23.69,28.1,2,,,,,,,,,,,
2026-01-23,丸亀,12,5,武井莉里,A2,40.66,5,△,8.028,12.1,75,38.7,0.1823,3,,,0,低,82,0,差ま0%,231 42,0,75.9,1.1752,0,0,0,0.2727,0,0,0.4167,0,,,C,,,0.2304,0.5265,,0.4133,B,49,0,◎○△フォーメーション（15〜20点）,0.5777,"{'is_target': True, 'verdict': '参加推奨', 'max_combo_prob': 0.0569, 'est_top_odds': 23.4, 'circle_concentration': 66.4, 'eligible_count': 9, 'bet_adj': 2, 'reason': 'rel_win1=54.9%（本命度） / 最有力組み合わせ確率: 0.057（推定実オッズ?23倍） / 2着集中度: 上位2艇 66.4%（補正+0.00） / 総合判定確率: 0.057 / → ヒモ分散。1号艇1着固定で広めのヒモ流し推奨（買い目+2点）', 'tenji_trigger': '展示確認: ヒモ分散レース。1号艇伸び確認後、広めのヒモ流しを採用。穴ヒモ（5・6号艇）を積極的に含める。'}",,,29.7,両建て推奨,23.69,28.1,2,,,,,,,,,,,
2026-01-23,丸亀,12,6,小芦るり,A1,29.41,6,,1.0239,5.3,67,28,0.1824,3.78,,,0,低,61,0,-,352241,0,53.3,1.0925,,,,,,0.0308,0,0.1615,,,E,△,,0.2034,0.6255,,0.4133,B,49,0,◎○△フォーメーション（15〜20点）,0.5777,"{'is_target': True, 'verdict': '参加推奨', 'max_combo_prob': 0.0569, 'est_top_odds': 23.4, 'circle_concentration': 66.4, 'eligible_count': 9, 'bet_adj': 2, 'reason': 'rel_win1=54.9%（本命度） / 最有力組み合わせ確率: 0.057（推定実オッズ?23倍） / 2着集中度: 上位2艇 66.4%（補正+0.00） / 総合判定確率: 0.057 / → ヒモ分散。1号艇1着固定で広めのヒモ流し推奨（買い目+2点）', 'tenji_trigger': '展示確認: ヒモ分散レース。1号艇伸び確認後、広めのヒモ流しを採用。穴ヒモ（5・6号艇）を積極的に含める。'}",,,29.7,両建て推奨,23.69,28.1,2,,,,,,,,,,,
2026-02-02,丸亀,1,1,深川和仁,B1,23.38,1,◎,63.868,,0,87,0.157,3.0435,,,0,低,130,0,逃1%,,0,80.5,0.9697,0.7083,,,,,0.2,0.0167,0.05,◎,,D,△,,,0.606,,0.4961,A,68,0,◎-○軸 3着3〜4艇流し（10〜15点）,0.5777,"{'is_target': True, 'verdict': '参加推奨', 'max_combo_prob': 0.0694, 'est_top_odds': 19.2, 'circle_concentration': 60.7, 'eligible_count': 8, 'bet_adj': 2, 'reason': 'rel_win1=63.9%（本命度） / 最有力組み合わせ確率: 0.069（推定実オッズ?19倍） / 2着集中度: 上位2艇 60.7%（補正+0.00） / 総合判定確率: 0.069 / → ヒモ分散。1号艇1着固定で広めのヒモ流し推奨（買い目+2点）', 'tenji_trigger': '展示確認: ヒモ分散レース。1号艇伸び確認後、広めのヒモ流しを採用。穴ヒモ（5・6号艇）を積極的に含める。'}",,,27,逃げ狙い,13.05,29.6,2,,,,,0,0,0.7559,0,,逃げ軸流し,A
2026-02-02,丸亀,1,2,竹田広樹,B1,26.37,2,△,13.0947,29.2,81,34.4,0.1844,4.4098,,,0,低,177,0,-,,0,49.1,0.6305,,,,,,0.0526,0.1579,0.3158,,,C,◎,,0.0775,0.6185,,0.4961,A,68,0,◎-○軸 3着3〜4艇流し（10〜15点）,0.5777,"{'is_target': True, 'verdict': '参加推奨', 'max_combo_prob': 0.0694, 'est_top_odds': 19.2, 'circle_concentration': 60.7, 'eligible_count': 8, 'bet_adj': 2, 'reason': 'rel_win1=63.9%（本命度） / 最有力組み合わせ確率: 0.069（推定実オッズ?19倍） / 2着集中度: 上位2艇 60.7%（補正+0.00） / 総合判定確率: 0.069 / → ヒモ分散。1号艇1着固定で広めのヒモ流し推奨（買い目+2点）', 'tenji_trigger': '展示確認: ヒモ分散レース。1号艇伸び確認後、広めのヒモ流しを採用。穴ヒモ（5・6号艇）を積極的に含める。'}",,,27,逃げ狙い,13.05,29.6,2,,,,,,,,,,,
2026-02-02,丸亀,1,3,浮田圭浩,B1,22.35,3,,6.4748,31.5,90,40.7,0.1869,3.7692,,,0,低,218,0,-,,0,81.3,1.5354,0,0,0,0.0244,0,0.1,0.2033,0.1533,,,D,○,,0.1276,0.6095,,0.4961,A,68,0,◎-○軸 3着3〜4艇流し（10〜15点）,0.5777,"{'is_target': True, 'verdict': '参加推奨', 'max_combo_prob': 0.0694, 'est_top_odds': 19.2, 'circle_concentration': 60.7, 'eligible_count': 8, 'bet_adj': 2, 'reason': 'rel_win1=63.9%（本命度） / 最有力組み合わせ確率: 0.069（推定実オッズ?19倍） / 2着集中度: 上位2艇 60.7%（補正+0.00） / 総合判定確率: 0.069 / → ヒモ分散。1号艇1着固定で広めのヒモ流し推奨（買い目+2点）', 'tenji_trigger': '展示確認: ヒモ分散レース。1号艇伸び確認後、広めのヒモ流しを採用。穴ヒモ（5・6号艇）を積極的に含める。'}",,,27,逃げ狙い,13.05,29.6,2,,,,,,,,,,,
2026-02-02,丸亀,1,4,本部めぐ,B1,37.63,4,▲,9.4721,22.9,100,28.6,0.1979,3.8571,,,0,低,54,1,-,,0,42.8,0.7891,,,,,,0.3,0.1,0.2,,,A,,,0.1551,0.5645,,0.4961,A,68,0,◎-○軸 3着3〜4艇流し（10〜15点）,0.5777,"{'is_target': True, 'verdict': '参加推奨', 'max_combo_prob': 0.0694, 'est_top_odds': 19.2, 'circle_concentration': 60.7, 'eligible_count': 8, 'bet_adj': 2, 'reason': 'rel_win1=63.9%（本命度） / 最有力組み合わせ確率: 0.069（推定実オッズ?19倍） / 2着集中度: 上位2艇 60.7%（補正+0.00） / 総合判定確率: 0.069 / → ヒモ分散。1号艇1着固定で広めのヒモ流し推奨（買い目+2点）', 'tenji_trigger': '展示確認: ヒモ分散レース。1号艇伸び確認後、広めのヒモ流しを採用。穴ヒモ（5・6号艇）を積極的に含める。'}",,,27,逃げ狙い,13.05,29.6,2,,,,,,,,,,,
2026-02-02,丸亀,1,5,宮本琉正,B2,27.84,5,○,5.9749,15.8,78,14.3,0.11,1.7143,,,0,低,33,1,-,,0,32.7,0.7374,,,,,,,,,,◎,C,,,0.4596,0.504,,0.4961,A,68,0,◎-○軸 3着3〜4艇流し（10〜15点）,0.5777,"{'is_target': True, 'verdict': '参加推奨', 'max_combo_prob': 0.0694, 'est_top_odds': 19.2, 'circle_concentration': 60.7, 'eligible_count': 8, 'bet_adj': 2, 'reason': 'rel_win1=63.9%（本命度） / 最有力組み合わせ確率: 0.069（推定実オッズ?19倍） / 2着集中度: 上位2艇 60.7%（補正+0.00） / 総合判定確率: 0.069 / → ヒモ分散。1号艇1着固定で広めのヒモ流し推奨（買い目+2点）', 'tenji_trigger': '展示確認: ヒモ分散レース。1号艇伸び確認後、広めのヒモ流しを採用。穴ヒモ（5・6号艇）を積極的に含める。'}",,,27,逃げ狙い,13.05,29.6,2,,,,,,,,,,,
2026-02-02,丸亀,1,6,山崎善庸,B1,22.22,6,,1.1155,0.6,31,7.5,0.2764,5.7736,,,0,低,243,0,-,,0,24.5,0.5864,,,,,,0.0727,0.3491,0.3309,,,E,△,,0.135,0.5725,,0.4961,A,68,0,◎-○軸 3着3〜4艇流し（10〜15点）,0.5777,"{'is_target': True, 'verdict': '参加推奨', 'max_combo_prob': 0.0694, 'est_top_odds': 19.2, 'circle_concentration': 60.7, 'eligible_count': 8, 'bet_adj': 2, 'reason': 'rel_win1=63.9%（本命度） / 最有力組み合わせ確率: 0.069（推定実オッズ?19倍） / 2着集中度: 上位2艇 60.7%（補正+0.00） / 総合判定確率: 0.069 / → ヒモ分散。1号艇1着固定で広めのヒモ流し推奨（買い目+2点）', 'tenji_trigger': '展示確認: ヒモ分散レース。1号艇伸び確認後、広めのヒモ流しを採用。穴ヒモ（5・6号艇）を積極的に含める。'}",,,27,逃げ狙い,13.05,29.6,2,,,,,,,,,,,
2026-02-02,丸亀,2,1,川村正輝,B1,37.74,1,◎,50.8678,,0,79.5,0.1709,3.375,,,0,低,140,0,逃0%,,0,65.4,1.0172,0.3333,,,,,0.1667,0.1667,0.1667,○,,B,,,,0.57,,0.3307,A,62,0,◎-○軸 3着3〜4艇流し（10〜15点）,0.5777,"{'is_target': True, 'verdict': '参加推奨', 'max_combo_prob': 0.08, 'est_top_odds': 16.7, 'circle_concentration': 79.2, 'eligible_count': 8, 'bet_adj': 2, 'reason': 'rel_win1=50.9%（本命度） / 最有力組み合わせ確率: 0.080（推定実オッズ?17倍） / 2着集中度: 上位2艇 79.2%（補正+0.04） / 総合判定確率: 0.120 / → ヒモ分散。1号艇1着固定で広めのヒモ流し推奨（買い目+2点）', 'tenji_trigger': '展示確認: ヒモ分散レース。1号艇伸び確認後、広めのヒモ流しを採用。穴ヒモ（5・6号艇）を積極的に含める。'}",,,30.3,両建て推奨,18.28,34.3,3,,,,,0,0,0.6155,0,,逃げ軸流し,A
2026-02-02,丸亀,2,2,嶋　義信,B1,22.22,2,,13.1958,50,86,58.5,0.1345,3.0094,,,0,低,90,0,-,,0,35.2,0.7593,0,0.04,0.04,0,0,0.125,0.15,0.1875,,◎,E,○,,0.558,0.632,,0.3307,A,62,0,◎-○軸 3着3〜4艇流し（10〜15点）,0.5777,"{'is_target': True, 'verdict': '参加推奨', 'max_combo_prob': 0.08, 'est_top_odds': 16.7, 'circle_concentration': 79.2, 'eligible_count': 8, 'bet_adj': 2, 'reason': 'rel_win1=50.9%（本命度） / 最有力組み合わせ確率: 0.080（推定実オッズ?17倍） / 2着集中度: 上位2艇 79.2%（補正+0.04） / 総合判定確率: 0.120 / → ヒモ分散。1号艇1着固定で広めのヒモ流し推奨（買い目+2点）', 'tenji_trigger': '展示確認: ヒモ分散レース。1号艇伸び確認後、広めのヒモ流しを採用。穴ヒモ（5・6号艇）を積極的に含める。'}",,,30.3,両建て推奨,18.28,34.3,3,,,,,,,,,,,
2026-02-02,丸亀,2,3,小林　泰,A2,24.18,3,○,20.877,29.2,100,71.4,0.1518,3.102,,,0,低,73,0,差0% ま0% 差ま0% 抜0%,,0,71.4,1.5669,0,0.04,0.04,0.08,0.04,0.1111,0.0741,0.0741,,○,D,◎,,0.3923,0.6885,,0.3307,A,62,0,◎-○軸 3着3〜4艇流し（10〜15点）,0.5777,"{'is_target': True, 'verdict': '参加推奨', 'max_combo_prob': 0.08, 'est_top_odds': 16.7, 'circle_concentration': 79.2, 'eligible_count': 8, 'bet_adj': 2, 'reason': 'rel_win1=50.9%（本命度） / 最有力組み合わせ確率: 0.080（推定実オッズ?17倍） / 2着集中度: 上位2艇 79.2%（補正+0.04） / 総合判定確率: 0.120 / → ヒモ分散。1号艇1着固定で広めのヒモ流し推奨（買い目+2点）', 'tenji_trigger': '展示確認: ヒモ分散レース。1号艇伸び確認後、広めのヒモ流しを採用。穴ヒモ（5・6号艇）を積極的に含める。'}",,,30.3,両建て推奨,18.28,34.3,3,,,,,,,,,,,
2026-02-02,丸亀,2,4,川崎公靖,B1,23.17,4,,8.6386,10.2,96,43.8,0.1611,3.2422,,,0,低,102,0,-,,0,96.2,1.8381,,,,,,0.1053,0.0421,0.5053,,,D,△,,0.3502,0.6275,,0.3307,A,62,0,◎-○軸 3着3〜4艇流し（10〜15点）,0.5777,"{'is_target': True, 'verdict': '参加推奨', 'max_combo_prob': 0.08, 'est_top_odds': 16.7, 'circle_concentration': 79.2, 'eligible_count': 8, 'bet_adj': 2, 'reason': 'rel_win1=50.9%（本命度） / 最有力組み合わせ確率: 0.080（推定実オッズ?17倍） / 2着集中度: 上位2艇 79.2%（補正+0.04） / 総合判定確率: 0.120 / → ヒモ分散。1号艇1着固定で広めのヒモ流し推奨（買い目+2点）', 'tenji_trigger': '展示確認: ヒモ分散レース。1号艇伸び確認後、広めのヒモ流しを採用。穴ヒモ（5・6号艇）を積極的に含める。'}",,,30.3,両建て推奨,18.28,34.3,3,,,,,,,,,,,
2026-02-02,丸亀,2,5,鐘ヶ江真,B1,42.86,5,▲,4.3272,7.6,68,27.3,0.1609,3.3182,,,0,低,54,0,-,,0,28.8,0.7981,,,,,,,,,,,B,,,0.3418,0.513,,0.3307,A,62,0,◎-○軸 3着3〜4艇流し（10〜15点）,0.5777,"{'is_target': True, 'verdict': '参加推奨', 'max_combo_prob': 0.08, 'est_top_odds': 16.7, 'circle_concentration': 79.2, 'eligible_count': 8, 'bet_adj': 2, 'reason': 'rel_win1=50.9%（本命度） / 最有力組み合わせ確率: 0.080（推定実オッズ?17倍） / 2着集中度: 上位2艇 79.2%（補正+0.04） / 総合判定確率: 0.120 / → ヒモ分散。1号艇1着固定で広めのヒモ流し推奨（買い目+2点）', 'tenji_trigger': '展示確認: ヒモ分散レース。1号艇伸び確認後、広めのヒモ流しを採用。穴ヒモ（5・6号艇）を積極的に含める。'}",,,30.3,両建て推奨,18.28,34.3,3,,,,,,,,,,,
2026-02-02,丸亀,2,6,吉田一郎,A2,44.68,6,△,2.0936,3,54,20,0.225,4.35,,,0,低,66,1,-,,0,26.6,0.855,,,,,,0.1221,0.0316,0.1326,,,A,△,,0.1379,0.6245,,0.3307,A,62,0,◎-○軸 3着3〜4艇流し（10〜15点）,0.5777,"{'is_target': True, 'verdict': '参加推奨', 'max_combo_prob': 0.08, 'est_top_odds': 16.7, 'circle_concentration': 79.2, 'eligible_count': 8, 'bet_adj': 2, 'reason': 'rel_win1=50.9%（本命度） / 最有力組み合わせ確率: 0.080（推定実オッズ?17倍） / 2着集中度: 上位2艇 79.2%（補正+0.04） / 総合判定確率: 0.120 / → ヒモ分散。1号艇1着固定で広めのヒモ流し推奨（買い目+2点）', 'tenji_trigger': '展示確認: ヒモ分散レース。1号艇伸び確認後、広めのヒモ流しを採用。穴ヒモ（5・6号艇）を積極的に含める。'}",,,30.3,両建て推奨,18.28,34.3,3,,,,,,,,,,,
2026-02-02,丸亀,3,1,海老澤泰,B1,29.59,1,◎,45.386,,0,77.4,0.1711,3.217,,,0,低,128,0,逃1%,,0,49.6,0.8253,0.32,,,,,0.2354,0.08,0.3531,○,,C,△,,,0.6055,,0.3988,A,61,0,◎-○軸 3着3〜4艇流し（10〜15点）,0.5777,"{'is_target': True, 'verdict': '点数絞り', 'max_combo_prob': 0.0881, 'est_top_odds': 15.1, 'circle_concentration': 79.5, 'eligible_count': 8, 'bet_adj': 0, 'reason': 'rel_win1=45.4%（本命度） / 最有力組み合わせ確率: 0.088（推定実オッズ?15倍） / 2着集中度: 上位2艇 79.5%（補正+0.04） / 総合判定確率: 0.128 / → ヒモはやや固め。上位2艇以外を切ること', 'tenji_trigger': '展示確認: 1号艇伸び良→そのまま採用。悪→飛び組に差し替え。circle_pct上位2艇に絞り込むこと。'}",,,30.4,両建て推奨,16.97,35.9,2,,,,,0,0,0.6155,0,,逃げ軸流し,A
2026-02-02,丸亀,3,2,鈴木　博,A2,38.14,2,○,23.4735,55.4,100,72.6,0.174,3.7823,,,0,低,120,0,-,,0,56.4,0.944,0,0,0.04,0,0,0.05,0.11,0.02,,,B,◎,,0.3104,0.6475,,0.3988,A,61,0,◎-○軸 3着3〜4艇流し（10〜15点）,0.5777,"{'is_target': True, 'verdict': '点数絞り', 'max_combo_prob': 0.0881, 'est_top_odds': 15.1, 'circle_concentration': 79.5, 'eligible_count': 8, 'bet_adj': 0, 'reason': 'rel_win1=45.4%（本命度） / 最有力組み合わせ確率: 0.088（推定実オッズ?15倍） / 2着集中度: 上位2艇 79.5%（補正+0.04） / 総合判定確率: 0.128 / → ヒモはやや固め。上位2艇以外を切ること', 'tenji_trigger': '展示確認: 1号艇伸び良→そのまま採用。悪→飛び組に差し替え。circle_pct上位2艇に絞り込むこと。'}",,,30.4,両建て推奨,16.97,35.9,2,,,,,,,,,,,
2026-02-02,丸亀,3,3,重冨勇哉,B1,36.73,3,▲,12.4207,24.1,87,49,0.1727,3.0816,,,0,低,99,0,-,,0,98.1,2.1183,0,0.037,0,0.037,0,0.3242,0.0632,0.2042,,,B,,,0.2994,0.57,,0.3988,A,61,0,◎-○軸 3着3〜4艇流し（10〜15点）,0.5777,"{'is_target': True, 'verdict': '点数絞り', 'max_combo_prob': 0.0881, 'est_top_odds': 15.1, 'circle_concentration': 79.5, 'eligible_count': 8, 'bet_adj': 0, 'reason': 'rel_win1=45.4%（本命度） / 最有力組み合わせ確率: 0.088（推定実オッズ?15倍） / 2着集中度: 上位2艇 79.5%（補正+0.04） / 総合判定確率: 0.128 / → ヒモはやや固め。上位2艇以外を切ること', 'tenji_trigger': '展示確認: 1号艇伸び良→そのまま採用。悪→飛び組に差し替え。circle_pct上位2艇に絞り込むこと。'}",,,30.4,両建て推奨,16.97,35.9,2,,,,,,,,,,,
2026-02-02,丸亀,3,4,松下直也,B1,27.84,4,△,9.7286,13.7,89,51.3,0.1663,3.6776,,,0,低,177,0,ま0% 差ま0%,,0,52.9,1.1017,0,0,0.0294,0.0294,0,0.0286,0.3714,0.2381,,,D,○,◎,0.3153,0.621,0.3337,0.3988,A,61,0,◎-○軸 3着3〜4艇流し（10〜15点）,0.5777,"{'is_target': True, 'verdict': '点数絞り', 'max_combo_prob': 0.0881, 'est_top_odds': 15.1, 'circle_concentration': 79.5, 'eligible_count': 8, 'bet_adj': 0, 'reason': 'rel_win1=45.4%（本命度） / 最有力組み合わせ確率: 0.088（推定実オッズ?15倍） / 2着集中度: 上位2艇 79.5%（補正+0.04） / 総合判定確率: 0.128 / → ヒモはやや固め。上位2艇以外を切ること', 'tenji_trigger': '展示確認: 1号艇伸び良→そのまま採用。悪→飛び組に差し替え。circle_pct上位2艇に絞り込むこと。'}",,,30.4,両建て推奨,16.97,35.9,2,,,,,,,,,,,
2026-02-02,丸亀,3,5,繁野谷圭,A2,24.73,5,,7.7749,6.5,62,37,0.1672,3.6759,,,0,低,180,0,差ま0%,,0,39.1,1.1486,0,0,0,0.0714,0,0.0108,0.0432,0.2232,,,E,△,,0.3159,0.6095,,0.3988,A,61,0,◎-○軸 3着3〜4艇流し（10〜15点）,0.5777,"{'is_target': True, 'verdict': '点数絞り', 'max_combo_prob': 0.0881, 'est_top_odds': 15.1, 'circle_concentration': 79.5, 'eligible_count': 8, 'bet_adj': 0, 'reason': 'rel_win1=45.4%（本命度） / 最有力組み合わせ確率: 0.088（推定実オッズ?15倍） / 2着集中度: 上位2艇 79.5%（補正+0.04） / 総合判定確率: 0.128 / → ヒモはやや固め。上位2艇以外を切ること', 'tenji_trigger': '展示確認: 1号艇伸び良→そのまま採用。悪→飛び組に差し替え。circle_pct上位2艇に絞り込むこと。'}",,,30.4,両建て推奨,16.97,35.9,2,,,,,,,,,,,
2026-02-02,丸亀,3,6,甲斐貴大,B2,30.43,6,,1.2163,0.3,16,0,0.2052,3.9022,,,0,低,25,0,-,,0,26.3,0.5706,,,,,,,,,,,C,,,0.2163,0.3645,,0.3988,A,61,0,◎-○軸 3着3〜4艇流し（10〜15点）,0.5777,"{'is_target': True, 'verdict': '点数絞り', 'max_combo_prob': 0.0881, 'est_top_odds': 15.1, 'circle_concentration': 79.5, 'eligible_count': 8, 'bet_adj': 0, 'reason': 'rel_win1=45.4%（本命度） / 最有力組み合わせ確率: 0.088（推定実オッズ?15倍） / 2着集中度: 上位2艇 79.5%（補正+0.04） / 総合判定確率: 0.128 / → ヒモはやや固め。上位2艇以外を切ること', 'tenji_trigger': '展示確認: 1号艇伸び良→そのまま採用。悪→飛び組に差し替え。circle_pct上位2艇に絞り込むこと。'}",,,30.4,両建て推奨,16.97,35.9,2,,,,,,,,,,,
2026-02-02,丸亀,4,1,山田佑樹,B1,34.07,1,◎,48.4512,,0,78.6,0.147,3.1339,,,0,低,110,0,-,,0,99.3,1.4096,0.4211,,,,,0.0842,0,0.2253,○,,B,△,,,0.6115,,0.4451,A,60,0,◎-○軸 3着3〜4艇流し（10〜15点）,0.5777,"{'is_target': True, 'verdict': '参加推奨', 'max_combo_prob': 0.0609, 'est_top_odds': 21.9, 'circle_concentration': 68.3, 'eligible_count': 8, 'bet_adj': 2, 'reason': 'rel_win1=48.5%（本命度） / 最有力組み合わせ確率: 0.061（推定実オッズ?22倍） / 2着集中度: 上位2艇 68.3%（補正+0.00） / 総合判定確率: 0.061 / → ヒモ分散。1号艇1着固定で広めのヒモ流し推奨（買い目+2点）', 'tenji_trigger': '展示確認: ヒモ分散レース。1号艇伸び確認後、広めのヒモ流しを採用。穴ヒモ（5・6号艇）を積極的に含める。'}",,,29.1,両建て推奨,23.08,26.8,4,,,,,0,0,0.6155,0,,逃げ軸流し,A
2026-02-02,丸亀,4,2,片岡大地,B1,27.27,2,△,9.1179,39.7,100,50,0.1441,3.3362,,,0,低,64,0,ま0%,,0,38.4,0.8302,0,0,0.0385,0,0,0.0267,0.2567,0.0267,,○,D,○,,0.3455,0.6305,,0.4451,A,60,0,◎-○軸 3着3〜4艇流し（10〜15点）,0.5777,"{'is_target': True, 'verdict': '参加推奨', 'max_combo_prob': 0.0609, 'est_top_odds': 21.9, 'circle_concentration': 68.3, 'eligible_count': 8, 'bet_adj': 2, 'reason': 'rel_win1=48.5%（本命度） / 最有力組み合わせ確率: 0.061（推定実オッズ?22倍） / 2着集中度: 上位2艇 68.3%（補正+0.00） / 総合判定確率: 0.061 / → ヒモ分散。1号艇1着固定で広めのヒモ流し推奨（買い目+2点）', 'tenji_trigger': '展示確認: ヒモ分散レース。1号艇伸び確認後、広めのヒモ流しを採用。穴ヒモ（5・6号艇）を積極的に含める。'}",,,29.1,両建て推奨,23.08,26.8,4,,,,,,,,,,,
2026-02-02,丸亀,4,3,沼田七華,B2,26.80,3,,9.0627,14.3,64,7.7,0.21,4.1154,,,0,低,44,1,-,,0,14.9,0.6213,,,,,,0.4,0.6,0,,,D,,,0.144,0.4395,,0.4451,A,60,0,◎-○軸 3着3〜4艇流し（10〜15点）,0.5777,"{'is_target': True, 'verdict': '参加推奨', 'max_combo_prob': 0.0609, 'est_top_odds': 21.9, 'circle_concentration': 68.3, 'eligible_count': 8, 'bet_adj': 2, 'reason': 'rel_win1=48.5%（本命度） / 最有力組み合わせ確率: 0.061（推定実オッズ?22倍） / 2着集中度: 上位2艇 68.3%（補正+0.00） / 総合判定確率: 0.061 / → ヒモ分散。1号艇1着固定で広めのヒモ流し推奨（買い目+2点）', 'tenji_trigger': '展示確認: ヒモ分散レース。1号艇伸び確認後、広めのヒモ流しを採用。穴ヒモ（5・6号艇）を積極的に含める。'}",,,29.1,両建て推奨,23.08,26.8,4,,,,,,,,,,,
2026-02-02,丸亀,4,4,鈴木勝博,A2,24.14,4,○,21.0474,28.6,83,67.7,0.1303,2.5,,,0,低,90,0,差0% ま0% 差ま0% 抜0%,,0,90.2,1.7779,0,0.0345,0.069,0.1379,0.0345,0.1171,0.2776,0.0211,,,E,△,◎,0.3729,0.6045,0.5216,0.4451,A,60,0,◎-○軸 3着3〜4艇流し（10〜15点）,0.5777,"{'is_target': True, 'verdict': '参加推奨', 'max_combo_prob': 0.0609, 'est_top_odds': 21.9, 'circle_concentration': 68.3, 'eligible_count': 8, 'bet_adj': 2, 'reason': 'rel_win1=48.5%（本命度） / 最有力組み合わせ確率: 0.061（推定実オッズ?22倍） / 2着集中度: 上位2艇 68.3%（補正+0.00） / 総合判定確率: 0.061 / → ヒモ分散。1号艇1着固定で広めのヒモ流し推奨（買い目+2点）', 'tenji_trigger': '展示確認: ヒモ分散レース。1号艇伸び確認後、広めのヒモ流しを採用。穴ヒモ（5・6号艇）を積極的に含める。'}",,,29.1,両建て推奨,23.08,26.8,4,,,,,,,,,,,
2026-02-02,丸亀,4,5,田中京介,A2,28.87,5,▲,11.2247,14.4,71,50,0.1559,3.2574,,,0,低,91,0,差ま0%,,0,29.8,0.5974,0,0,0,0.2059,0,0.0235,0.1471,0.3353,,,C,◎,○,0.2934,0.6375,0.4491,0.4451,A,60,0,◎-○軸 3着3〜4艇流し（10〜15点）,0.5777,"{'is_target': True, 'verdict': '参加推奨', 'max_combo_prob': 0.0609, 'est_top_odds': 21.9, 'circle_concentration': 68.3, 'eligible_count': 8, 'bet_adj': 2, 'reason': 'rel_win1=48.5%（本命度） / 最有力組み合わせ確率: 0.061（推定実オッズ?22倍） / 2着集中度: 上位2艇 68.3%（補正+0.00） / 総合判定確率: 0.061 / → ヒモ分散。1号艇1着固定で広めのヒモ流し推奨（買い目+2点）', 'tenji_trigger': '展示確認: ヒモ分散レース。1号艇伸び確認後、広めのヒモ流しを採用。穴ヒモ（5・6号艇）を積極的に含める。'}",,,29.1,両建て推奨,23.08,26.8,4,,,,,,,,,,,
2026-02-02,丸亀,4,6,蒲原健太,A2,50.00,6,,1.0961,3,44,12.8,0.2392,5.2564,,,0,低,193,0,-,,0,24.3,0.7844,,,,,,0.0953,0.3224,0.2271,,,A,,,0.1336,0.54,,0.4451,A,60,0,◎-○軸 3着3〜4艇流し（10〜15点）,0.5777,"{'is_target': True, 'verdict': '参加推奨', 'max_combo_prob': 0.0609, 'est_top_odds': 21.9, 'circle_concentration': 68.3, 'eligible_count': 8, 'bet_adj': 2, 'reason': 'rel_win1=48.5%（本命度） / 最有力組み合わせ確率: 0.061（推定実オッズ?22倍） / 2着集中度: 上位2艇 68.3%（補正+0.00） / 総合判定確率: 0.061 / → ヒモ分散。1号艇1着固定で広めのヒモ流し推奨（買い目+2点）', 'tenji_trigger': '展示確認: ヒモ分散レース。1号艇伸び確認後、広めのヒモ流しを採用。穴ヒモ（5・6号艇）を積極的に含める。'}",,,29.1,両建て推奨,23.08,26.8,4,,,,,,,,,,,
2026-02-02,丸亀,5,1,大崎　翔,B1,44.09,1,◎,42.0249,,0,85.1,0.1389,2.6383,,,0,低,117,0,逃0%,,0,77.7,1.0407,0.4091,,,,,0.3127,0.0727,0.1745,◎,,B,○,,,0.643,,0.4716,A,66,0,◎-○軸 3着3〜4艇流し（10〜15点）,0.5777,"{'is_target': False, 'verdict': '対象外', 'max_combo_prob': None, 'est_top_odds': None, 'circle_concentration': None, 'eligible_count': 0, 'bet_adj': 0, 'reason': '1号艇rel_win1 < 45%: 通常判定に委ねる', 'tenji_trigger': ''}",,,32.6,逃げ狙い,25.63,34.7,2,,,,,0,0,0.7559,0,,逃げ軸流し,A
2026-02-02,丸亀,5,2,藤原菜希,A2,47.78,2,▲,21.2464,35.8,100,86.4,0.1564,2.6818,,,0,低,33,0,差0% ま0%,,0,59.8,0.8529,0,0.1538,0.1538,0,0,0.1429,0.1429,0.0714,,,B,,,0.2098,0.6005,,0.4716,A,66,0,◎-○軸 3着3〜4艇流し（10〜15点）,0.5777,"{'is_target': False, 'verdict': '対象外', 'max_combo_prob': None, 'est_top_odds': None, 'circle_concentration': None, 'eligible_count': 0, 'bet_adj': 0, 'reason': '1号艇rel_win1 < 45%: 通常判定に委ねる', 'tenji_trigger': ''}",,,32.6,逃げ狙い,25.63,34.7,2,,,,,,,,,,,
2026-02-02,丸亀,5,3,古川誠之,A2,56.18,3,○,14.0578,27.3,94,66.7,0.1484,2.94,,,0,低,111,0,ま0%,,0,49.8,1.186,0,0,0.1471,0.0294,0.0294,0.1491,0.1791,0.1145,,,A,◎,,0.2845,0.657,,0.4716,A,66,0,◎-○軸 3着3〜4艇流し（10〜15点）,0.5777,"{'is_target': False, 'verdict': '対象外', 'max_combo_prob': None, 'est_top_odds': None, 'circle_concentration': None, 'eligible_count': 0, 'bet_adj': 0, 'reason': '1号艇rel_win1 < 45%: 通常判定に委ねる', 'tenji_trigger': ''}",,,32.6,逃げ狙い,25.63,34.7,2,,,,,,,,,,,
2026-02-02,丸亀,5,4,滝沢芳行,B1,41.67,4,△,15.3122,18.6,91,65.6,0.1385,2.6967,,,0,低,85,0,ま0%,,0,87.6,1.5272,0,0,0.2121,0,0,0.18,0.18,0.064,,,C,△,◎,0.3505,0.628,0.3423,0.4716,A,66,0,◎-○軸 3着3〜4艇流し（10〜15点）,0.5777,"{'is_target': False, 'verdict': '対象外', 'max_combo_prob': None, 'est_top_odds': None, 'circle_concentration': None, 'eligible_count': 0, 'bet_adj': 0, 'reason': '1号艇rel_win1 < 45%: 通常判定に委ねる', 'tenji_trigger': ''}",,,32.6,逃げ狙い,25.63,34.7,2,,,,,,,,,,,
2026-02-02,丸亀,5,5,青木幸太,A2,27.16,5,,4.4685,16.5,44,43.8,0.1411,2.9922,,,0,低,86,0,抜0%,,0,29,1.1745,0,0,0,0,0.0333,0.0882,0.0588,0.1176,,,E,,,0.3104,0.615,,0.4716,A,66,0,◎-○軸 3着3〜4艇流し（10〜15点）,0.5777,"{'is_target': False, 'verdict': '対象外', 'max_combo_prob': None, 'est_top_odds': None, 'circle_concentration': None, 'eligible_count': 0, 'bet_adj': 0, 'reason': '1号艇rel_win1 < 45%: 通常判定に委ねる', 'tenji_trigger': ''}",,,32.6,逃げ狙い,25.63,34.7,2,,,,,,,,,,,
2026-02-02,丸亀,5,6,尾崎雄二,B1,26.19,6,,2.8902,1.8,90,31.5,0.1726,3.7222,,,0,低,133,0,抜0%,,0,27.6,0.8194,0,0.0455,0,0,0.0455,0.1667,0.1667,0.0556,,,E,△,,0.1837,0.6365,,0.4716,A,66,0,◎-○軸 3着3〜4艇流し（10〜15点）,0.5777,"{'is_target': False, 'verdict': '対象外', 'max_combo_prob': None, 'est_top_odds': None, 'circle_concentration': None, 'eligible_count': 0, 'bet_adj': 0, 'reason': '1号艇rel_win1 < 45%: 通常判定に委ねる', 'tenji_trigger': ''}",,,32.6,逃げ狙い,25.63,34.7,2,,,,,,,,,,,
2026-02-02,丸亀,6,1,井上恵一,A2,37.78,1,◎,58.3822,,0,88.7,0.1598,2.9528,,,0,低,109,0,逃1%,,0,93.8,1.2888,0.3462,,,,,0.1462,0.0462,0.3923,○,,B,△,,,0.6315,,0.4005,S,84,0,◎1着固定 2-3着流し（5〜8点）,0.5777,"{'is_target': True, 'verdict': '参加推奨', 'max_combo_prob': 0.0698, 'est_top_odds': 19.1, 'circle_concentration': 63.1, 'eligible_count': 6, 'bet_adj': 2, 'reason': 'rel_win1=58.4%（本命度） / 最有力組み合わせ確率: 0.070（推定実オッズ?19倍） / 2着集中度: 上位2艇 63.1%（補正+0.00） / 総合判定確率: 0.070 / → ヒモ分散。1号艇1着固定で広めのヒモ流し推奨（買い目+2点）', 'tenji_trigger': '展示確認: ヒモ分散レース。1号艇伸び確認後、広めのヒモ流しを採用。穴ヒモ（5・6号艇）を積極的に含める。'}",,,28.3,逃げ狙い,13.25,32.9,2,,,,,0,0,0.6155,0,,主役軸流し,B
2026-02-02,丸亀,6,2,山下夏鈴,B1,48.91,2,○,16.8299,28.4,97,46,0.1543,3.0676,,,0,低,64,0,差0%,,0,41.3,0.8352,0,0.0714,0,0,0,0,0.0267,0.2,,△,A,△,,0.3921,0.616,,0.4005,S,84,0,◎1着固定 2-3着流し（5〜8点）,0.5777,"{'is_target': True, 'verdict': '参加推奨', 'max_combo_prob': 0.0698, 'est_top_odds': 19.1, 'circle_concentration': 63.1, 'eligible_count': 6, 'bet_adj': 2, 'reason': 'rel_win1=58.4%（本命度） / 最有力組み合わせ確率: 0.070（推定実オッズ?19倍） / 2着集中度: 上位2艇 63.1%（補正+0.00） / 総合判定確率: 0.070 / → ヒモ分散。1号艇1着固定で広めのヒモ流し推奨（買い目+2点）', 'tenji_trigger': '展示確認: ヒモ分散レース。1号艇伸び確認後、広めのヒモ流しを採用。穴ヒモ（5・6号艇）を積極的に含める。'}",,,28.3,逃げ狙い,13.25,32.9,2,,,,,,,,,,,
2026-02-02,丸亀,6,3,小林一樹,A2,25.61,3,△,8.6517,34.8,100,65.1,0.1155,2.4318,,,0,低,41,0,-,,0,68.5,1.4521,0,0.0385,0.0385,0,0,0.269,0,0.0138,,◎,D,○,,0.4719,0.6815,,0.4005,S,84,0,◎1着固定 2-3着流し（5〜8点）,0.5777,"{'is_target': True, 'verdict': '参加推奨', 'max_combo_prob': 0.0698, 'est_top_odds': 19.1, 'circle_concentration': 63.1, 'eligible_count': 6, 'bet_adj': 2, 'reason': 'rel_win1=58.4%（本命度） / 最有力組み合わせ確率: 0.070（推定実オッズ?19倍） / 2着集中度: 上位2艇 63.1%（補正+0.00） / 総合判定確率: 0.070 / → ヒモ分散。1号艇1着固定で広めのヒモ流し推奨（買い目+2点）', 'tenji_trigger': '展示確認: ヒモ分散レース。1号艇伸び確認後、広めのヒモ流しを採用。穴ヒモ（5・6号艇）を積極的に含める。'}",,,28.3,逃げ狙い,13.25,32.9,2,,,,,,,,,,,
2026-02-02,丸亀,6,4,中辻博訓,A1,31.52,4,▲,10.6589,28.4,97,69.6,0.1314,2.6339,,,0,低,53,0,差0% ま0% 差ま0%,,0,73.8,1.4074,0,0.037,0.037,0.037,0,0.1205,0.0174,0.1981,,○,D,◎,◎,0.4057,0.6875,0.4763,0.4005,S,84,0,◎1着固定 2-3着流し（5〜8点）,0.5777,"{'is_target': True, 'verdict': '参加推奨', 'max_combo_prob': 0.0698, 'est_top_odds': 19.1, 'circle_concentration': 63.1, 'eligible_count': 6, 'bet_adj': 2, 'reason': 'rel_win1=58.4%（本命度） / 最有力組み合わせ確率: 0.070（推定実オッズ?19倍） / 2着集中度: 上位2艇 63.1%（補正+0.00） / 総合判定確率: 0.070 / → ヒモ分散。1号艇1着固定で広めのヒモ流し推奨（買い目+2点）', 'tenji_trigger': '展示確認: ヒモ分散レース。1号艇伸び確認後、広めのヒモ流しを採用。穴ヒモ（5・6号艇）を積極的に含める。'}",,,28.3,逃げ狙い,13.25,32.9,2,,,,,,,,,,,
2026-02-02,丸亀,6,5,山崎善庸,B1,22.22,5,,4.2416,5.6,26,9.1,0.216,4.9091,,,0,低,243,0,-,,0,27.8,0.6262,,,,,,0.0727,0.3491,0.3309,,,E,,,0.1451,0.5725,,0.4005,S,84,0,◎1着固定 2-3着流し（5〜8点）,0.5777,"{'is_target': True, 'verdict': '参加推奨', 'max_combo_prob': 0.0698, 'est_top_odds': 19.1, 'circle_concentration': 63.1, 'eligible_count': 6, 'bet_adj': 2, 'reason': 'rel_win1=58.4%（本命度） / 最有力組み合わせ確率: 0.070（推定実オッズ?19倍） / 2着集中度: 上位2艇 63.1%（補正+0.00） / 総合判定確率: 0.070 / → ヒモ分散。1号艇1着固定で広めのヒモ流し推奨（買い目+2点）', 'tenji_trigger': '展示確認: ヒモ分散レース。1号艇伸び確認後、広めのヒモ流しを採用。穴ヒモ（5・6号艇）を積極的に含める。'}",,,28.3,逃げ狙い,13.25,32.9,2,,,,,,,,,,,
2026-02-02,丸亀,6,6,夏山亮平,B1,36.56,6,,1.2357,2.9,62,28.9,0.1834,4.5526,,,0,低,92,0,-,,0,38.3,0.8797,,,,,,0,0.2941,0.0471,,,C,,,0.2418,0.5755,,0.4005,S,84,0,◎1着固定 2-3着流し（5〜8点）,0.5777,"{'is_target': True, 'verdict': '参加推奨', 'max_combo_prob': 0.0698, 'est_top_odds': 19.1, 'circle_concentration': 63.1, 'eligible_count': 6, 'bet_adj': 2, 'reason': 'rel_win1=58.4%（本命度） / 最有力組み合わせ確率: 0.070（推定実オッズ?19倍） / 2着集中度: 上位2艇 63.1%（補正+0.00） / 総合判定確率: 0.070 / → ヒモ分散。1号艇1着固定で広めのヒモ流し推奨（買い目+2点）', 'tenji_trigger': '展示確認: ヒモ分散レース。1号艇伸び確認後、広めのヒモ流しを採用。穴ヒモ（5・6号艇）を積極的に含める。'}",,,28.3,逃げ狙い,13.25,32.9,2,,,,,,,,,,,
2026-02-02,丸亀,7,1,小林　泰,A2,24.18,1,◎,49.1649,,0,93.8,0.1369,2.2969,,,0,低,73,0,逃1%,,0,89,1.1581,0.6296,,,,,0.1111,0.0741,0.0741,◎,,D,◎,,,0.6885,,0.6421,A,77,0,◎-○軸 3着3〜4艇流し（10〜15点）,0.5777,"{'is_target': True, 'verdict': '参加推奨', 'max_combo_prob': 0.0518, 'est_top_odds': 25.7, 'circle_concentration': 66.1, 'eligible_count': 8, 'bet_adj': 2, 'reason': 'rel_win1=49.2%（本命度） / 最有力組み合わせ確率: 0.052（推定実オッズ?26倍） / 2着集中度: 上位2艇 66.1%（補正+0.00） / 総合判定確率: 0.052 / → ヒモ分散。1号艇1着固定で広めのヒモ流し推奨（買い目+2点）', 'tenji_trigger': '展示確認: ヒモ分散レース。1号艇伸び確認後、広めのヒモ流しを採用。穴ヒモ（5・6号艇）を積極的に含める。\n展示で1号艇スタート超安定(0.137秒)→ヒモ固まり方向に注意'}",,,31.1,逃げ狙い,29.15,27.3,4,,,,,0,0,0.7559,0,,逃げ軸流し,A
2026-02-02,丸亀,7,2,浮田圭浩,B1,22.35,2,,8.3605,31.1,99,60,0.179,4.1286,,,0,低,218,0,差0%,,0,38.2,0.9693,0,0.0667,0,0,0,0.1,0.2033,0.1533,,,D,△,,0.064,0.6095,,0.6421,A,77,0,◎-○軸 3着3〜4艇流し（10〜15点）,0.5777,"{'is_target': True, 'verdict': '参加推奨', 'max_combo_prob': 0.0518, 'est_top_odds': 25.7, 'circle_concentration': 66.1, 'eligible_count': 8, 'bet_adj': 2, 'reason': 'rel_win1=49.2%（本命度） / 最有力組み合わせ確率: 0.052（推定実オッズ?26倍） / 2着集中度: 上位2艇 66.1%（補正+0.00） / 総合判定確率: 0.052 / → ヒモ分散。1号艇1着固定で広めのヒモ流し推奨（買い目+2点）', 'tenji_trigger': '展示確認: ヒモ分散レース。1号艇伸び確認後、広めのヒモ流しを採用。穴ヒモ（5・6号艇）を積極的に含める。\n展示で1号艇スタート超安定(0.137秒)→ヒモ固まり方向に注意'}",,,31.1,逃げ狙い,29.15,27.3,4,,,,,,,,,,,
2026-02-02,丸亀,7,3,田頭虎親,B1,35.71,3,▲,14.1852,25.1,100,61,0.1668,3.8049,,,0,低,121,0,-,,0,80.3,1.6092,0,0,0,0.1176,0,0.1,0.375,0.025,,,B,,,0.1568,0.5945,,0.6421,A,77,0,◎-○軸 3着3〜4艇流し（10〜15点）,0.5777,"{'is_target': True, 'verdict': '参加推奨', 'max_combo_prob': 0.0518, 'est_top_odds': 25.7, 'circle_concentration': 66.1, 'eligible_count': 8, 'bet_adj': 2, 'reason': 'rel_win1=49.2%（本命度） / 最有力組み合わせ確率: 0.052（推定実オッズ?26倍） / 2着集中度: 上位2艇 66.1%（補正+0.00） / 総合判定確率: 0.052 / → ヒモ分散。1号艇1着固定で広めのヒモ流し推奨（買い目+2点）', 'tenji_trigger': '展示確認: ヒモ分散レース。1号艇伸び確認後、広めのヒモ流しを採用。穴ヒモ（5・6号艇）を積極的に含める。\n展示で1号艇スタート超安定(0.137秒)→ヒモ固まり方向に注意'}",,,31.1,逃げ狙い,29.15,27.3,4,,,,,,,,,,,
2026-02-02,丸亀,7,4,中辻崇人,A1,40.43,4,○,23.6563,35,73,84.2,0.1305,2.1053,,,0,低,42,0,-,,0,46.7,0.9857,0,0,0.1538,0.0769,0,0.2667,0,0,,,A,△,◎,0.3443,0.6505,0.5069,0.6421,A,77,0,◎-○軸 3着3〜4艇流し（10〜15点）,0.5777,"{'is_target': True, 'verdict': '参加推奨', 'max_combo_prob': 0.0518, 'est_top_odds': 25.7, 'circle_concentration': 66.1, 'eligible_count': 8, 'bet_adj': 2, 'reason': 'rel_win1=49.2%（本命度） / 最有力組み合わせ確率: 0.052（推定実オッズ?26倍） / 2着集中度: 上位2艇 66.1%（補正+0.00） / 総合判定確率: 0.052 / → ヒモ分散。1号艇1着固定で広めのヒモ流し推奨（買い目+2点）', 'tenji_trigger': '展示確認: ヒモ分散レース。1号艇伸び確認後、広めのヒモ流しを採用。穴ヒモ（5・6号艇）を積極的に含める。\n展示で1号艇スタート超安定(0.137秒)→ヒモ固まり方向に注意'}",,,31.1,逃げ狙い,29.15,27.3,4,,,,,,,,,,,
2026-02-02,丸亀,7,5,戸田海咲,B2,24.68,5,△,3.8165,5.9,61,0,0.1882,4.3636,,,0,低,45,1,-,,0,26.1,0.6676,,,,,,,,,,,C,,,0.1457,0.4965,,0.6421,A,77,0,◎-○軸 3着3〜4艇流し（10〜15点）,0.5777,"{'is_target': True, 'verdict': '参加推奨', 'max_combo_prob': 0.0518, 'est_top_odds': 25.7, 'circle_concentration': 66.1, 'eligible_count': 8, 'bet_adj': 2, 'reason': 'rel_win1=49.2%（本命度） / 最有力組み合わせ確率: 0.052（推定実オッズ?26倍） / 2着集中度: 上位2艇 66.1%（補正+0.00） / 総合判定確率: 0.052 / → ヒモ分散。1号艇1着固定で広めのヒモ流し推奨（買い目+2点）', 'tenji_trigger': '展示確認: ヒモ分散レース。1号艇伸び確認後、広めのヒモ流しを採用。穴ヒモ（5・6号艇）を積極的に含める。\n展示で1号艇スタート超安定(0.137秒)→ヒモ固まり方向に注意'}",,,31.1,逃げ狙い,29.15,27.3,4,,,,,,,,,,,
2026-02-02,丸亀,7,6,石川吉鎬,A2,19.28,6,,0.8165,2.9,72,25.8,0.1906,4.4758,,,0,低,188,0,-,,0,35.1,0.8494,,,,,,0.189,0.189,0.189,,,E,○,,0.1391,0.6575,,0.6421,A,77,0,◎-○軸 3着3〜4艇流し（10〜15点）,0.5777,"{'is_target': True, 'verdict': '参加推奨', 'max_combo_prob': 0.0518, 'est_top_odds': 25.7, 'circle_concentration': 66.1, 'eligible_count': 8, 'bet_adj': 2, 'reason': 'rel_win1=49.2%（本命度） / 最有力組み合わせ確率: 0.052（推定実オッズ?26倍） / 2着集中度: 上位2艇 66.1%（補正+0.00） / 総合判定確率: 0.052 / → ヒモ分散。1号艇1着固定で広めのヒモ流し推奨（買い目+2点）', 'tenji_trigger': '展示確認: ヒモ分散レース。1号艇伸び確認後、広めのヒモ流しを採用。穴ヒモ（5・6号艇）を積極的に含める。\n展示で1号艇スタート超安定(0.137秒)→ヒモ固まり方向に注意'}",,,31.1,逃げ狙い,29.15,27.3,4,,,,,,,,,,,
2026-02-02,丸亀,8,1,廣中智紗,A1,19.28,1,◎,58.2061,,0,84.9,0.1988,3.5758,,,0,低,82,0,逃1%,,0,68.4,1.1013,0.5789,,,,,0.0421,0.1632,0.2632,△,,E,△,,,0.5755,,0.3262,S,80,0,◎1着固定 2-3着流し（5〜8点）,0.5777,"{'is_target': True, 'verdict': '参加推奨', 'max_combo_prob': 0.0931, 'est_top_odds': 14.3, 'circle_concentration': 68.8, 'eligible_count': 6, 'bet_adj': 2, 'reason': 'rel_win1=58.2%（本命度） / 最有力組み合わせ確率: 0.093（推定実オッズ?14倍） / 2着集中度: 上位2艇 68.8%（補正+0.00） / 総合判定確率: 0.093 / → ヒモ分散。1号艇1着固定で広めのヒモ流し推奨（買い目+2点）', 'tenji_trigger': '展示確認: ヒモ分散レース。1号艇伸び確認後、広めのヒモ流しを採用。穴ヒモ（5・6号艇）を積極的に含める。\n展示で1号艇スタート遅め(0.199秒)確認→ヒモが荒れやすい'}",,,35.7,逃げ狙い,20.86,33.3,4,2-1-3|1-2-4|1-2-3|1-3-4|1-4-3|1-4-2,5-1-6|6-1-4|6-1-3|5-6-1|6-4-1|2-1-3|6-3-1|1-2-4|1-2-3|1-3-4|1-4-3|1-4-2,2-1-3:2.22%|1-2-4:9.75%|1-2-3:7.88%|1-3-4:5.73%|1-4-3:5.5%|1-4-2:5.0%,2-1-3:B_main|1-2-4:A|1-2-3:A|1-3-4:A|1-4-3:A|1-4-2:A,6,12,0.4535,1,[!]見送り推奨（主役決まり手「差し」― 逃げ劣勢レースで的中実績なし）,荒れ広め,D
2026-02-02,丸亀,8,2,木山和幸,A2,53.93,2,▲,10.8659,42.6,80,54.9,0.1635,3.7113,,,0,低,135,0,差0%,,0,17.8,0.529,0,0.1111,0,0,0,0.048,0.016,0.148,,◎,A,○,,0.575,0.6205,,0.3262,S,80,0,◎1着固定 2-3着流し（5〜8点）,0.5777,"{'is_target': True, 'verdict': '参加推奨', 'max_combo_prob': 0.0931, 'est_top_odds': 14.3, 'circle_concentration': 68.8, 'eligible_count': 6, 'bet_adj': 2, 'reason': 'rel_win1=58.2%（本命度） / 最有力組み合わせ確率: 0.093（推定実オッズ?14倍） / 2着集中度: 上位2艇 68.8%（補正+0.00） / 総合判定確率: 0.093 / → ヒモ分散。1号艇1着固定で広めのヒモ流し推奨（買い目+2点）', 'tenji_trigger': '展示確認: ヒモ分散レース。1号艇伸び確認後、広めのヒモ流しを採用。穴ヒモ（5・6号艇）を積極的に含める。\n展示で1号艇スタート遅め(0.199秒)確認→ヒモが荒れやすい'}",,,35.7,逃げ狙い,20.86,33.3,4,,,,,,,,,,,
2026-02-02,丸亀,8,3,新井英孝,B1,22.22,3,△,9.5734,14.6,100,51.9,0.1483,3.0962,,,0,低,85,0,差0% 差ま0%,,0,60.1,0.9775,0,0.0417,0,0.125,0,0.1833,0.0333,0.0667,,△,E,△,,0.4792,0.6085,,0.3262,S,80,0,◎1着固定 2-3着流し（5〜8点）,0.5777,"{'is_target': True, 'verdict': '参加推奨', 'max_combo_prob': 0.0931, 'est_top_odds': 14.3, 'circle_concentration': 68.8, 'eligible_count': 6, 'bet_adj': 2, 'reason': 'rel_win1=58.2%（本命度） / 最有力組み合わせ確率: 0.093（推定実オッズ?14倍） / 2着集中度: 上位2艇 68.8%（補正+0.00） / 総合判定確率: 0.093 / → ヒモ分散。1号艇1着固定で広めのヒモ流し推奨（買い目+2点）', 'tenji_trigger': '展示確認: ヒモ分散レース。1号艇伸び確認後、広めのヒモ流しを採用。穴ヒモ（5・6号艇）を積極的に含める。\n展示で1号艇スタート遅め(0.199秒)確認→ヒモが荒れやすい'}",,,35.7,逃げ狙い,20.86,33.3,4,,,,,,,,,,,
2026-02-02,丸亀,8,4,吉田一郎,A2,44.68,4,○,14.1271,26.3,79,58.3,0.1402,2.5208,,,0,低,66,0,差0% ま0% 差ま0%,,0,68.6,1.3919,0,0.08,0.12,0.04,0,0.1221,0.0316,0.1326,,○,B,◎,◎,0.4829,0.6245,0.4622,0.3262,S,80,0,◎1着固定 2-3着流し（5〜8点）,0.5777,"{'is_target': True, 'verdict': '参加推奨', 'max_combo_prob': 0.0931, 'est_top_odds': 14.3, 'circle_concentration': 68.8, 'eligible_count': 6, 'bet_adj': 2, 'reason': 'rel_win1=58.2%（本命度） / 最有力組み合わせ確率: 0.093（推定実オッズ?14倍） / 2着集中度: 上位2艇 68.8%（補正+0.00） / 総合判定確率: 0.093 / → ヒモ分散。1号艇1着固定で広めのヒモ流し推奨（買い目+2点）', 'tenji_trigger': '展示確認: ヒモ分散レース。1号艇伸び確認後、広めのヒモ流しを採用。穴ヒモ（5・6号艇）を積極的に含める。\n展示で1号艇スタート遅め(0.199秒)確認→ヒモが荒れやすい'}",,,35.7,逃げ狙い,20.86,33.3,4,,,,,,,,,,,
2026-02-02,丸亀,8,5,重冨勇哉,B1,36.73,5,,6.2069,16.1,76,36.6,0.1856,3.3659,,,0,低,99,0,-,,0,40.6,1.2367,0,0.0417,0,0,0,0.3242,0.0632,0.2042,,,C,,,0.3215,0.57,,0.3262,S,80,0,◎1着固定 2-3着流し（5〜8点）,0.5777,"{'is_target': True, 'verdict': '参加推奨', 'max_combo_prob': 0.0931, 'est_top_odds': 14.3, 'circle_concentration': 68.8, 'eligible_count': 6, 'bet_adj': 2, 'reason': 'rel_win1=58.2%（本命度） / 最有力組み合わせ確率: 0.093（推定実オッズ?14倍） / 2着集中度: 上位2艇 68.8%（補正+0.00） / 総合判定確率: 0.093 / → ヒモ分散。1号艇1着固定で広めのヒモ流し推奨（買い目+2点）', 'tenji_trigger': '展示確認: ヒモ分散レース。1号艇伸び確認後、広めのヒモ流しを採用。穴ヒモ（5・6号艇）を積極的に含める。\n展示で1号艇スタート遅め(0.199秒)確認→ヒモが荒れやすい'}",,,35.7,逃げ狙い,20.86,33.3,4,,,,,,,,,,,
2026-02-02,丸亀,8,6,宮本琉正,B2,27.84,6,,1.0206,0.5,11,1.4,0.1761,3.1571,,,0,低,33,0,-,,0,100,2.23,,,,,,,,,,,D,,,0.3861,0.504,,0.3262,S,80,0,◎1着固定 2-3着流し（5〜8点）,0.5777,"{'is_target': True, 'verdict': '参加推奨', 'max_combo_prob': 0.0931, 'est_top_odds': 14.3, 'circle_concentration': 68.8, 'eligible_count': 6, 'bet_adj': 2, 'reason': 'rel_win1=58.2%（本命度） / 最有力組み合わせ確率: 0.093（推定実オッズ?14倍） / 2着集中度: 上位2艇 68.8%（補正+0.00） / 総合判定確率: 0.093 / → ヒモ分散。1号艇1着固定で広めのヒモ流し推奨（買い目+2点）', 'tenji_trigger': '展示確認: ヒモ分散レース。1号艇伸び確認後、広めのヒモ流しを採用。穴ヒモ（5・6号艇）を積極的に含める。\n展示で1号艇スタート遅め(0.199秒)確認→ヒモが荒れやすい'}",,,35.7,逃げ狙い,20.86,33.3,4,,,,,,,,,,,
2026-02-02,丸亀,9,1,繁野谷圭,A2,24.73,1,◎,62.0837,,0,91.8,0.1831,3.5353,,,0,低,180,0,逃1%,,0,61.7,1.0059,0.7568,,,,,0.0108,0.0432,0.2232,○,,D,△,,,0.6095,,0.4012,S,82,0,◎1着固定 2-3着流し（5〜8点）,0.5777,"{'is_target': True, 'verdict': '点数絞り', 'max_combo_prob': 0.0987, 'est_top_odds': 13.5, 'circle_concentration': 74.8, 'eligible_count': 6, 'bet_adj': 0, 'reason': 'rel_win1=62.1%（本命度） / 最有力組み合わせ確率: 0.099（推定実オッズ?14倍） / 2着集中度: 上位2艇 74.8%（補正+0.04） / 総合判定確率: 0.139 / → ヒモはやや固め。上位2艇以外を切ること', 'tenji_trigger': '展示確認: 1号艇伸び良→そのまま採用。悪→飛び組に差し替え。circle_pct上位2艇に絞り込むこと。\n展示で1号艇スタート遅め(0.183秒)確認→ヒモが荒れやすい'}",,,28.2,逃げ狙い,18.26,28.4,2,,,,,0,0,0.6155,0,,逃げ軸流し,A
2026-02-02,丸亀,9,2,鈴木勝博,A2,24.14,2,○,20.9952,39.9,100,64.1,0.1534,2.9057,,,0,低,90,0,差0%,,0,100,2.6743,0,0.2333,0.0667,0,0,0.1171,0.2776,0.0211,,◎,E,△,,0.6007,0.6045,,0.4012,S,82,0,◎1着固定 2-3着流し（5〜8点）,0.5777,"{'is_target': True, 'verdict': '点数絞り', 'max_combo_prob': 0.0987, 'est_top_odds': 13.5, 'circle_concentration': 74.8, 'eligible_count': 6, 'bet_adj': 0, 'reason': 'rel_win1=62.1%（本命度） / 最有力組み合わせ確率: 0.099（推定実オッズ?14倍） / 2着集中度: 上位2艇 74.8%（補正+0.04） / 総合判定確率: 0.139 / → ヒモはやや固め。上位2艇以外を切ること', 'tenji_trigger': '展示確認: 1号艇伸び良→そのまま採用。悪→飛び組に差し替え。circle_pct上位2艇に絞り込むこと。\n展示で1号艇スタート遅め(0.183秒)確認→ヒモが荒れやすい'}",,,28.2,逃げ狙い,18.26,28.4,2,,,,,,,,,,,
2026-02-02,丸亀,9,3,尾崎雄二,B1,26.19,3,,7.6033,35,81,53.5,0.1583,3.3592,,,0,低,133,0,-,,0,39.1,0.9785,0,0,0,0.0882,0,0.1667,0.1667,0.0556,,○,D,◎,,0.4157,0.6365,,0.4012,S,82,0,◎1着固定 2-3着流し（5〜8点）,0.5777,"{'is_target': True, 'verdict': '点数絞り', 'max_combo_prob': 0.0987, 'est_top_odds': 13.5, 'circle_concentration': 74.8, 'eligible_count': 6, 'bet_adj': 0, 'reason': 'rel_win1=62.1%（本命度） / 最有力組み合わせ確率: 0.099（推定実オッズ?14倍） / 2着集中度: 上位2艇 74.8%（補正+0.04） / 総合判定確率: 0.139 / → ヒモはやや固め。上位2艇以外を切ること', 'tenji_trigger': '展示確認: 1号艇伸び良→そのまま採用。悪→飛び組に差し替え。circle_pct上位2艇に絞り込むこと。\n展示で1号艇スタート遅め(0.183秒)確認→ヒモが荒れやすい'}",,,28.2,逃げ狙い,18.26,28.4,2,,,,,,,,,,,
2026-02-02,丸亀,9,4,鐘ヶ江真,B1,42.86,4,▲,4.9828,15.7,59,20,0.209,3.6,,,0,低,54,0,-,,0,35.5,0.7974,,,,,,,,,,,A,,,0.2111,0.513,,0.4012,S,82,0,◎1着固定 2-3着流し（5〜8点）,0.5777,"{'is_target': True, 'verdict': '点数絞り', 'max_combo_prob': 0.0987, 'est_top_odds': 13.5, 'circle_concentration': 74.8, 'eligible_count': 6, 'bet_adj': 0, 'reason': 'rel_win1=62.1%（本命度） / 最有力組み合わせ確率: 0.099（推定実オッズ?14倍） / 2着集中度: 上位2艇 74.8%（補正+0.04） / 総合判定確率: 0.139 / → ヒモはやや固め。上位2艇以外を切ること', 'tenji_trigger': '展示確認: 1号艇伸び良→そのまま採用。悪→飛び組に差し替え。circle_pct上位2艇に絞り込むこと。\n展示で1号艇スタート遅め(0.183秒)確認→ヒモが荒れやすい'}",,,28.2,逃げ狙い,18.26,28.4,2,,,,,,,,,,,
2026-02-02,丸亀,9,5,竹田広樹,B1,26.37,5,,2.9879,8,17,11.1,0.2,4.125,,,0,低,177,0,-,,0,23.4,0.6071,,,,,,0.0526,0.1579,0.3158,,,C,○,,0.2562,0.6185,,0.4012,S,82,0,◎1着固定 2-3着流し（5〜8点）,0.5777,"{'is_target': True, 'verdict': '点数絞り', 'max_combo_prob': 0.0987, 'est_top_odds': 13.5, 'circle_concentration': 74.8, 'eligible_count': 6, 'bet_adj': 0, 'reason': 'rel_win1=62.1%（本命度） / 最有力組み合わせ確率: 0.099（推定実オッズ?14倍） / 2着集中度: 上位2艇 74.8%（補正+0.04） / 総合判定確率: 0.139 / → ヒモはやや固め。上位2艇以外を切ること', 'tenji_trigger': '展示確認: 1号艇伸び良→そのまま採用。悪→飛び組に差し替え。circle_pct上位2艇に絞り込むこと。\n展示で1号艇スタート遅め(0.183秒)確認→ヒモが荒れやすい'}",,,28.2,逃げ狙い,18.26,28.4,2,,,,,,,,,,,
2026-02-02,丸亀,9,6,藤堂里香,A2,35.48,6,△,1.3472,1.5,46,11.1,0.1863,3.7593,,,0,低,52,0,-,,0,24.4,0.8333,,,,,,0.2,0.2,0,,,B,,,0.2998,0.564,,0.4012,S,82,0,◎1着固定 2-3着流し（5〜8点）,0.5777,"{'is_target': True, 'verdict': '点数絞り', 'max_combo_prob': 0.0987, 'est_top_odds': 13.5, 'circle_concentration': 74.8, 'eligible_count': 6, 'bet_adj': 0, 'reason': 'rel_win1=62.1%（本命度） / 最有力組み合わせ確率: 0.099（推定実オッズ?14倍） / 2着集中度: 上位2艇 74.8%（補正+0.04） / 総合判定確率: 0.139 / → ヒモはやや固め。上位2艇以外を切ること', 'tenji_trigger': '展示確認: 1号艇伸び良→そのまま採用。悪→飛び組に差し替え。circle_pct上位2艇に絞り込むこと。\n展示で1号艇スタート遅め(0.183秒)確認→ヒモが荒れやすい'}",,,28.2,逃げ狙い,18.26,28.4,2,,,,,,,,,,,
2026-02-02,丸亀,10,1,古川誠之,A2,56.18,1,◎,65.2184,,0,84.6,0.1389,2.7637,,,0,低,111,0,逃1%,,0,88.5,1.1438,0.55,,,,,0.1491,0.1791,0.1145,◎,,A,◎,,,0.657,,0.5685,A,75,0,◎-○軸 3着3〜4艇流し（10〜15点）,0.5777,"{'is_target': True, 'verdict': '点数絞り', 'max_combo_prob': 0.1323, 'est_top_odds': 10.1, 'circle_concentration': 73.9, 'eligible_count': 8, 'bet_adj': 0, 'reason': 'rel_win1=65.2%（本命度） / 最有力組み合わせ確率: 0.132（推定実オッズ?10倍） / 2着集中度: 上位2艇 73.9%（補正+0.04） / 総合判定確率: 0.172 / → ヒモはやや固め。上位2艇以外を切ること', 'tenji_trigger': '展示確認: 1号艇伸び良→そのまま採用。悪→飛び組に差し替え。circle_pct上位2艇に絞り込むこと。\n展示で1号艇スタート超安定(0.139秒)→ヒモ固まり方向に注意'}",,,28.9,逃げ狙い,17.24,31.3,4,,,,,0,0,0.7559,0,,逃げ軸流し,A
2026-02-02,丸亀,10,2,佐々木翔,A2,20.73,2,,11.5296,50.7,98,66,0.1509,3.1915,,,0,低,101,0,差0% ま0%,,0,46,1.0528,0,0.0952,0.1429,0,0,0.0387,0.1373,0.1502,,,E,,,0.2299,0.5985,,0.5685,A,75,0,◎-○軸 3着3〜4艇流し（10〜15点）,0.5777,"{'is_target': True, 'verdict': '点数絞り', 'max_combo_prob': 0.1323, 'est_top_odds': 10.1, 'circle_concentration': 73.9, 'eligible_count': 8, 'bet_adj': 0, 'reason': 'rel_win1=65.2%（本命度） / 最有力組み合わせ確率: 0.132（推定実オッズ?10倍） / 2着集中度: 上位2艇 73.9%（補正+0.04） / 総合判定確率: 0.172 / → ヒモはやや固め。上位2艇以外を切ること', 'tenji_trigger': '展示確認: 1号艇伸び良→そのまま採用。悪→飛び組に差し替え。circle_pct上位2艇に絞り込むこと。\n展示で1号艇スタート超安定(0.139秒)→ヒモ固まり方向に注意'}",,,28.9,逃げ狙い,17.24,31.3,4,,,,,,,,,,,
2026-02-02,丸亀,10,3,井上恵一,A2,37.78,3,▲,11.4999,23.2,100,52.5,0.1785,3.9237,,,0,低,109,0,ま0% 抜0%,,0,33.8,1.0423,0,0,0.1034,0,0.0345,0.1462,0.0462,0.3923,,,B,○,,0.148,0.6315,,0.5685,A,75,0,◎-○軸 3着3〜4艇流し（10〜15点）,0.5777,"{'is_target': True, 'verdict': '点数絞り', 'max_combo_prob': 0.1323, 'est_top_odds': 10.1, 'circle_concentration': 73.9, 'eligible_count': 8, 'bet_adj': 0, 'reason': 'rel_win1=65.2%（本命度） / 最有力組み合わせ確率: 0.132（推定実オッズ?10倍） / 2着集中度: 上位2艇 73.9%（補正+0.04） / 総合判定確率: 0.172 / → ヒモはやや固め。上位2艇以外を切ること', 'tenji_trigger': '展示確認: 1号艇伸び良→そのまま採用。悪→飛び組に差し替え。circle_pct上位2艇に絞り込むこと。\n展示で1号艇スタート超安定(0.139秒)→ヒモ固まり方向に注意'}",,,28.9,逃げ狙い,17.24,31.3,4,,,,,,,,,,,
2026-02-02,丸亀,10,4,深川和仁,B1,23.38,4,△,8.577,13.5,91,49.1,0.1643,3.7642,,,0,低,130,0,-,,0,73.4,1.3704,,,,,,0.2,0.0167,0.05,,,D,,◎,0.2396,0.606,0.2133,0.5685,A,75,0,◎-○軸 3着3〜4艇流し（10〜15点）,0.5777,"{'is_target': True, 'verdict': '点数絞り', 'max_combo_prob': 0.1323, 'est_top_odds': 10.1, 'circle_concentration': 73.9, 'eligible_count': 8, 'bet_adj': 0, 'reason': 'rel_win1=65.2%（本命度） / 最有力組み合わせ確率: 0.132（推定実オッズ?10倍） / 2着集中度: 上位2艇 73.9%（補正+0.04） / 総合判定確率: 0.172 / → ヒモはやや固め。上位2艇以外を切ること', 'tenji_trigger': '展示確認: 1号艇伸び良→そのまま採用。悪→飛び組に差し替え。circle_pct上位2艇に絞り込むこと。\n展示で1号艇スタート超安定(0.139秒)→ヒモ固まり方向に注意'}",,,28.9,逃げ狙い,17.24,31.3,4,,,,,,,,,,,
2026-02-02,丸亀,10,5,片岡大地,B1,27.27,5,○,2.1846,10,44,27.4,0.13,2.7016,,,0,低,64,0,-,,0,30.1,0.8045,,,,,,0.0267,0.2567,0.0267,,,C,△,,0.3652,0.6305,,0.5685,A,75,0,◎-○軸 3着3〜4艇流し（10〜15点）,0.5777,"{'is_target': True, 'verdict': '点数絞り', 'max_combo_prob': 0.1323, 'est_top_odds': 10.1, 'circle_concentration': 73.9, 'eligible_count': 8, 'bet_adj': 0, 'reason': 'rel_win1=65.2%（本命度） / 最有力組み合わせ確率: 0.132（推定実オッズ?10倍） / 2着集中度: 上位2艇 73.9%（補正+0.04） / 総合判定確率: 0.172 / → ヒモはやや固め。上位2艇以外を切ること', 'tenji_trigger': '展示確認: 1号艇伸び良→そのまま採用。悪→飛び組に差し替え。circle_pct上位2艇に絞り込むこと。\n展示で1号艇スタート超安定(0.139秒)→ヒモ固まり方向に注意'}",,,28.9,逃げ狙い,17.24,31.3,4,,,,,,,,,,,
2026-02-02,丸亀,10,6,川崎公靖,B1,23.17,6,,0.9905,2.6,15,11.4,0.1777,3.8182,,,0,低,102,0,-,,0,27.3,0.8178,,,,,,0.1053,0.0421,0.5053,,,D,△,,0.2134,0.6275,,0.5685,A,75,0,◎-○軸 3着3〜4艇流し（10〜15点）,0.5777,"{'is_target': True, 'verdict': '点数絞り', 'max_combo_prob': 0.1323, 'est_top_odds': 10.1, 'circle_concentration': 73.9, 'eligible_count': 8, 'bet_adj': 0, 'reason': 'rel_win1=65.2%（本命度） / 最有力組み合わせ確率: 0.132（推定実オッズ?10倍） / 2着集中度: 上位2艇 73.9%（補正+0.04） / 総合判定確率: 0.172 / → ヒモはやや固め。上位2艇以外を切ること', 'tenji_trigger': '展示確認: 1号艇伸び良→そのまま採用。悪→飛び組に差し替え。circle_pct上位2艇に絞り込むこと。\n展示で1号艇スタート超安定(0.139秒)→ヒモ固まり方向に注意'}",,,28.9,逃げ狙い,17.24,31.3,4,,,,,,,,,,,
2026-02-02,丸亀,11,1,田中京介,A2,28.87,1,◎,58.1266,,0,90.3,0.1189,2.2917,,,0,低,91,0,逃1%,,0,89,1.1568,0.7059,,,,,0.0235,0.1471,0.3353,◎,,C,△,,,0.6375,,0.6383,A,78,0,◎-○軸 3着3〜4艇流し（10〜15点）,0.5777,"{'is_target': True, 'verdict': '参加推奨', 'max_combo_prob': 0.0675, 'est_top_odds': 19.7, 'circle_concentration': 68.4, 'eligible_count': 8, 'bet_adj': 2, 'reason': 'rel_win1=58.1%（本命度） / 最有力組み合わせ確率: 0.068（推定実オッズ?20倍） / 2着集中度: 上位2艇 68.4%（補正+0.00） / 総合判定確率: 0.068 / → ヒモ分散。1号艇1着固定で広めのヒモ流し推奨（買い目+2点）', 'tenji_trigger': '展示確認: ヒモ分散レース。1号艇伸び確認後、広めのヒモ流しを採用。穴ヒモ（5・6号艇）を積極的に含める。\n展示で1号艇スタート超安定(0.119秒)→ヒモ固まり方向に注意'}",,,28.8,逃げ狙い,19.84,28.8,3,,,,,0,0,0.7559,0,,逃げ軸流し,A
2026-02-02,丸亀,11,2,石川吉鎬,A2,19.28,2,,14.4059,40.9,90,71.1,0.175,3.9833,,,0,低,188,0,差1%,,0,62.8,0.9079,0,0.1667,0.0556,0,0,0.189,0.189,0.189,,,E,○,,0.0854,0.6575,,0.6383,A,78,0,◎-○軸 3着3〜4艇流し（10〜15点）,0.5777,"{'is_target': True, 'verdict': '参加推奨', 'max_combo_prob': 0.0675, 'est_top_odds': 19.7, 'circle_concentration': 68.4, 'eligible_count': 8, 'bet_adj': 2, 'reason': 'rel_win1=58.1%（本命度） / 最有力組み合わせ確率: 0.068（推定実オッズ?20倍） / 2着集中度: 上位2艇 68.4%（補正+0.00） / 総合判定確率: 0.068 / → ヒモ分散。1号艇1着固定で広めのヒモ流し推奨（買い目+2点）', 'tenji_trigger': '展示確認: ヒモ分散レース。1号艇伸び確認後、広めのヒモ流しを採用。穴ヒモ（5・6号艇）を積極的に含める。\n展示で1号艇スタート超安定(0.119秒)→ヒモ固まり方向に注意'}",,,28.8,逃げ狙い,19.84,28.8,3,,,,,,,,,,,
2026-02-02,丸亀,11,3,藤原菜希,A2,47.78,3,○,14.0258,27.5,82,69.6,0.1665,2.6522,,,0,低,33,0,ま0% 差ま0%,,0,59.2,1.3392,0,0,0.2,0.1,0,0.1429,0.1429,0.0714,,,A,,,0.15,0.6005,,0.6383,A,78,0,◎-○軸 3着3〜4艇流し（10〜15点）,0.5777,"{'is_target': True, 'verdict': '参加推奨', 'max_combo_prob': 0.0675, 'est_top_odds': 19.7, 'circle_concentration': 68.4, 'eligible_count': 8, 'bet_adj': 2, 'reason': 'rel_win1=58.1%（本命度） / 最有力組み合わせ確率: 0.068（推定実オッズ?20倍） / 2着集中度: 上位2艇 68.4%（補正+0.00） / 総合判定確率: 0.068 / → ヒモ分散。1号艇1着固定で広めのヒモ流し推奨（買い目+2点）', 'tenji_trigger': '展示確認: ヒモ分散レース。1号艇伸び確認後、広めのヒモ流しを採用。穴ヒモ（5・6号艇）を積極的に含める。\n展示で1号艇スタート超安定(0.119秒)→ヒモ固まり方向に注意'}",,,28.8,逃げ狙い,19.84,28.8,3,,,,,,,,,,,
2026-02-02,丸亀,11,4,嶋　義信,B1,22.22,4,,6.4755,19.1,100,60,0.1442,3.0833,,,0,低,90,0,-,,0,68.8,1.3255,0,0,0,0.0417,0,0.125,0.15,0.1875,,,D,△,○,0.1804,0.632,0.306,0.6383,A,78,0,◎-○軸 3着3〜4艇流し（10〜15点）,0.5777,"{'is_target': True, 'verdict': '参加推奨', 'max_combo_prob': 0.0675, 'est_top_odds': 19.7, 'circle_concentration': 68.4, 'eligible_count': 8, 'bet_adj': 2, 'reason': 'rel_win1=58.1%（本命度） / 最有力組み合わせ確率: 0.068（推定実オッズ?20倍） / 2着集中度: 上位2艇 68.4%（補正+0.00） / 総合判定確率: 0.068 / → ヒモ分散。1号艇1着固定で広めのヒモ流し推奨（買い目+2点）', 'tenji_trigger': '展示確認: ヒモ分散レース。1号艇伸び確認後、広めのヒモ流しを採用。穴ヒモ（5・6号艇）を積極的に含める。\n展示で1号艇スタート超安定(0.119秒)→ヒモ固まり方向に注意'}",,,28.8,逃げ狙い,19.84,28.8,3,,,,,,,,,,,
2026-02-02,丸亀,11,5,小林一樹,A2,25.61,5,▲,5.9585,6.5,87,43.5,0.1254,2.5109,,,0,低,41,0,-,,0,53.3,1.115,0,0,0,0,0.0625,0.269,0,0.0138,,,D,◎,◎,0.293,0.6815,0.3461,0.6383,A,78,0,◎-○軸 3着3〜4艇流し（10〜15点）,0.5777,"{'is_target': True, 'verdict': '参加推奨', 'max_combo_prob': 0.0675, 'est_top_odds': 19.7, 'circle_concentration': 68.4, 'eligible_count': 8, 'bet_adj': 2, 'reason': 'rel_win1=58.1%（本命度） / 最有力組み合わせ確率: 0.068（推定実オッズ?20倍） / 2着集中度: 上位2艇 68.4%（補正+0.00） / 総合判定確率: 0.068 / → ヒモ分散。1号艇1着固定で広めのヒモ流し推奨（買い目+2点）', 'tenji_trigger': '展示確認: ヒモ分散レース。1号艇伸び確認後、広めのヒモ流しを採用。穴ヒモ（5・6号艇）を積極的に含める。\n展示で1号艇スタート超安定(0.119秒)→ヒモ固まり方向に注意'}",,,28.8,逃げ狙い,19.84,28.8,3,,,,,,,,,,,
2026-02-02,丸亀,11,6,松下直也,B1,27.84,6,△,1.0078,6,83,33.3,0.1721,3.9603,,,0,低,177,0,-,,0,30.1,1.3297,,,,,,0.0286,0.3714,0.2381,,,C,,,0.1407,0.621,,0.6383,A,78,0,◎-○軸 3着3〜4艇流し（10〜15点）,0.5777,"{'is_target': True, 'verdict': '参加推奨', 'max_combo_prob': 0.0675, 'est_top_odds': 19.7, 'circle_concentration': 68.4, 'eligible_count': 8, 'bet_adj': 2, 'reason': 'rel_win1=58.1%（本命度） / 最有力組み合わせ確率: 0.068（推定実オッズ?20倍） / 2着集中度: 上位2艇 68.4%（補正+0.00） / 総合判定確率: 0.068 / → ヒモ分散。1号艇1着固定で広めのヒモ流し推奨（買い目+2点）', 'tenji_trigger': '展示確認: ヒモ分散レース。1号艇伸び確認後、広めのヒモ流しを採用。穴ヒモ（5・6号艇）を積極的に含める。\n展示で1号艇スタート超安定(0.119秒)→ヒモ固まり方向に注意'}",,,28.8,逃げ狙い,19.84,28.8,3,,,,,,,,,,,
2026-02-02,丸亀,12,1,中辻崇人,A1,40.43,1,◎,63.7577,,0,100,0.1393,3.0351,,,0,低,42,0,逃1%,,0,86,1.0829,0.7222,,,,,0.2667,0,0,◎,,B,○,,,0.6505,,0.585,S,92,0,◎1着固定 2-3着流し（5〜8点）,0.5777,"{'is_target': True, 'verdict': '参加推奨', 'max_combo_prob': 0.0951, 'est_top_odds': 14.0, 'circle_concentration': 68.7, 'eligible_count': 6, 'bet_adj': 2, 'reason': 'rel_win1=63.8%（本命度） / 最有力組み合わせ確率: 0.095（推定実オッズ?14倍） / 2着集中度: 上位2艇 68.7%（補正+0.00） / 総合判定確率: 0.095 / → ヒモ分散。1号艇1着固定で広めのヒモ流し推奨（買い目+2点）', 'tenji_trigger': '展示確認: ヒモ分散レース。1号艇伸び確認後、広めのヒモ流しを採用。穴ヒモ（5・6号艇）を積極的に含める。\n展示で1号艇スタート超安定(0.139秒)→ヒモ固まり方向に注意'}",,,28.9,逃げ狙い,20.27,28.8,2,,,,,0,0,0.7559,0,,逃げ軸流し,A
2026-02-02,丸亀,12,2,中辻博訓,A1,31.52,2,○,13.4531,50.4,100,80.3,0.1356,2.4672,,,0,低,53,0,-,,0,42.8,0.8998,0,0.1154,0.1538,0,0,0.1205,0.0174,0.1981,,○,C,◎,,0.3687,0.6875,,0.585,S,92,0,◎1着固定 2-3着流し（5〜8点）,0.5777,"{'is_target': True, 'verdict': '参加推奨', 'max_combo_prob': 0.0951, 'est_top_odds': 14.0, 'circle_concentration': 68.7, 'eligible_count': 6, 'bet_adj': 2, 'reason': 'rel_win1=63.8%（本命度） / 最有力組み合わせ確率: 0.095（推定実オッズ?14倍） / 2着集中度: 上位2艇 68.7%（補正+0.00） / 総合判定確率: 0.095 / → ヒモ分散。1号艇1着固定で広めのヒモ流し推奨（買い目+2点）', 'tenji_trigger': '展示確認: ヒモ分散レース。1号艇伸び確認後、広めのヒモ流しを採用。穴ヒモ（5・6号艇）を積極的に含める。\n展示で1号艇スタート超安定(0.139秒)→ヒモ固まり方向に注意'}",,,28.9,逃げ狙い,20.27,28.8,2,,,,,,,,,,,
2026-02-02,丸亀,12,3,廣中智紗,A1,19.28,3,,6.8619,18.3,98,59.1,0.1959,4.1136,,,0,低,82,0,ま0%,,0,85,0.991,0,0,0.0833,0,0,0.0421,0.1632,0.2632,,,E,,,0.1168,0.5755,,0.585,S,92,0,◎1着固定 2-3着流し（5〜8点）,0.5777,"{'is_target': True, 'verdict': '参加推奨', 'max_combo_prob': 0.0951, 'est_top_odds': 14.0, 'circle_concentration': 68.7, 'eligible_count': 6, 'bet_adj': 2, 'reason': 'rel_win1=63.8%（本命度） / 最有力組み合わせ確率: 0.095（推定実オッズ?14倍） / 2着集中度: 上位2艇 68.7%（補正+0.00） / 総合判定確率: 0.095 / → ヒモ分散。1号艇1着固定で広めのヒモ流し推奨（買い目+2点）', 'tenji_trigger': '展示確認: ヒモ分散レース。1号艇伸び確認後、広めのヒモ流しを採用。穴ヒモ（5・6号艇）を積極的に含める。\n展示で1号艇スタート超安定(0.139秒)→ヒモ固まり方向に注意'}",,,28.9,逃げ狙い,20.27,28.8,2,,,,,,,,,,,
2026-02-02,丸亀,12,4,青木幸太,A2,27.16,4,△,10.05,18,84,60,0.1213,2.325,,,0,低,86,0,ま0% 差ま0%,,0,71,1.2591,0,0,0.1,0.0333,0,0.0882,0.0588,0.1176,,,D,△,◎,0.3729,0.615,0.4366,0.585,S,92,0,◎1着固定 2-3着流し（5〜8点）,0.5777,"{'is_target': True, 'verdict': '参加推奨', 'max_combo_prob': 0.0951, 'est_top_odds': 14.0, 'circle_concentration': 68.7, 'eligible_count': 6, 'bet_adj': 2, 'reason': 'rel_win1=63.8%（本命度） / 最有力組み合わせ確率: 0.095（推定実オッズ?14倍） / 2着集中度: 上位2艇 68.7%（補正+0.00） / 総合判定確率: 0.095 / → ヒモ分散。1号艇1着固定で広めのヒモ流し推奨（買い目+2点）', 'tenji_trigger': '展示確認: ヒモ分散レース。1号艇伸び確認後、広めのヒモ流しを採用。穴ヒモ（5・6号艇）を積極的に含める。\n展示で1号艇スタート超安定(0.139秒)→ヒモ固まり方向に注意'}",,,28.9,逃げ狙い,20.27,28.8,2,,,,,,,,,,,
2026-02-02,丸亀,12,5,蒲原健太,A2,50.00,5,▲,1.8684,5.9,87,30.8,0.2323,4.7404,,,0,低,193,0,-,,0,28.3,0.8543,,,,,,0.0953,0.3224,0.2271,,,A,,,0.1362,0.54,,0.585,S,92,0,◎1着固定 2-3着流し（5〜8点）,0.5777,"{'is_target': True, 'verdict': '参加推奨', 'max_combo_prob': 0.0951, 'est_top_odds': 14.0, 'circle_concentration': 68.7, 'eligible_count': 6, 'bet_adj': 2, 'reason': 'rel_win1=63.8%（本命度） / 最有力組み合わせ確率: 0.095（推定実オッズ?14倍） / 2着集中度: 上位2艇 68.7%（補正+0.00） / 総合判定確率: 0.095 / → ヒモ分散。1号艇1着固定で広めのヒモ流し推奨（買い目+2点）', 'tenji_trigger': '展示確認: ヒモ分散レース。1号艇伸び確認後、広めのヒモ流しを採用。穴ヒモ（5・6号艇）を積極的に含める。\n展示で1号艇スタート超安定(0.139秒)→ヒモ固まり方向に注意'}",,,28.9,逃げ狙い,20.27,28.8,2,,,,,,,,,,,
2026-02-02,丸亀,12,6,鈴木　博,A2,38.14,6,,4.0089,7.4,62,50,0.1529,3.2981,,,0,低,120,0,-,,0,34.6,1.5597,0,0,0,0.04,0,0.05,0.11,0.02,,,C,△,,0.2371,0.6475,,0.585,S,92,0,◎1着固定 2-3着流し（5〜8点）,0.5777,"{'is_target': True, 'verdict': '参加推奨', 'max_combo_prob': 0.0951, 'est_top_odds': 14.0, 'circle_concentration': 68.7, 'eligible_count': 6, 'bet_adj': 2, 'reason': 'rel_win1=63.8%（本命度） / 最有力組み合わせ確率: 0.095（推定実オッズ?14倍） / 2着集中度: 上位2艇 68.7%（補正+0.00） / 総合判定確率: 0.095 / → ヒモ分散。1号艇1着固定で広めのヒモ流し推奨（買い目+2点）', 'tenji_trigger': '展示確認: ヒモ分散レース。1号艇伸び確認後、広めのヒモ流しを採用。穴ヒモ（5・6号艇）を積極的に含める。\n展示で1号艇スタート超安定(0.139秒)→ヒモ固まり方向に注意'}",,,28.9,逃げ狙い,20.27,28.8,2,,,,,,,,,,,
2026-02-03,丸亀,1,1,嶋　義信,B1,22.22,1,◎,54.3452,,0,85.7,0.1239,2.5,,,0,低,90,0,逃1%,31,0,83.1,1.0429,0.5312,,,,,0.125,0.15,0.1875,◎,,D,◎,,,0.632,,0.5845,S,85,0,◎1着固定 2-3着流し（5〜8点）,0.5777,"{'is_target': True, 'verdict': '参加推奨', 'max_combo_prob': 0.0829, 'est_top_odds': 16.1, 'circle_concentration': 69.1, 'eligible_count': 6, 'bet_adj': 2, 'reason': 'rel_win1=54.3%（本命度） / 最有力組み合わせ確率: 0.083（推定実オッズ?16倍） / 2着集中度: 上位2艇 69.1%（補正+0.00） / 総合判定確率: 0.083 / → ヒモ分散。1号艇1着固定で広めのヒモ流し推奨（買い目+2点）', 'tenji_trigger': '展示確認: ヒモ分散レース。1号艇伸び確認後、広めのヒモ流しを採用。穴ヒモ（5・6号艇）を積極的に含める。\n展示で1号艇スタート超安定(0.124秒)→ヒモ固まり方向に注意'}",,,28.2,逃げ狙い,15.45,30.8,2,,,,,0,0,0.7559,0,,逃げ軸流し,A
2026-02-03,丸亀,1,2,重冨勇哉,B1,36.73,2,○,16.9464,43.5,44,58,0.1696,3.41,,,0,低,99,0,差0% ま0% 抜0%,44,0,38.9,1.0034,0,0.1,0.0333,0,0.0333,0.3242,0.0632,0.2042,,,A,△,,0.089,0.57,,0.5845,S,85,0,◎1着固定 2-3着流し（5〜8点）,0.5777,"{'is_target': True, 'verdict': '参加推奨', 'max_combo_prob': 0.0829, 'est_top_odds': 16.1, 'circle_concentration': 69.1, 'eligible_count': 6, 'bet_adj': 2, 'reason': 'rel_win1=54.3%（本命度） / 最有力組み合わせ確率: 0.083（推定実オッズ?16倍） / 2着集中度: 上位2艇 69.1%（補正+0.00） / 総合判定確率: 0.083 / → ヒモ分散。1号艇1着固定で広めのヒモ流し推奨（買い目+2点）', 'tenji_trigger': '展示確認: ヒモ分散レース。1号艇伸び確認後、広めのヒモ流しを採用。穴ヒモ（5・6号艇）を積極的に含める。\n展示で1号艇スタート超安定(0.124秒)→ヒモ固まり方向に注意'}",,,28.2,逃げ狙い,15.45,30.8,2,,,,,,,,,,,
2026-02-03,丸亀,1,3,川崎公靖,B1,23.17,3,△,10.6303,19,100,51.6,0.1467,2.6406,,,0,低,102,0,-,56,0,84.9,1.5713,0,0.037,0.037,0.0741,0,0.1053,0.0421,0.5053,,,D,○,,0.2001,0.6275,,0.5845,S,85,0,◎1着固定 2-3着流し（5〜8点）,0.5777,"{'is_target': True, 'verdict': '参加推奨', 'max_combo_prob': 0.0829, 'est_top_odds': 16.1, 'circle_concentration': 69.1, 'eligible_count': 6, 'bet_adj': 2, 'reason': 'rel_win1=54.3%（本命度） / 最有力組み合わせ確率: 0.083（推定実オッズ?16倍） / 2着集中度: 上位2艇 69.1%（補正+0.00） / 総合判定確率: 0.083 / → ヒモ分散。1号艇1着固定で広めのヒモ流し推奨（買い目+2点）', 'tenji_trigger': '展示確認: ヒモ分散レース。1号艇伸び確認後、広めのヒモ流しを採用。穴ヒモ（5・6号艇）を積極的に含める。\n展示で1号艇スタート超安定(0.124秒)→ヒモ固まり方向に注意'}",,,28.2,逃げ狙い,15.45,30.8,2,,,,,,,,,,,
2026-02-03,丸亀,1,4,新井英孝,B1,22.22,4,,10.299,25.6,77,56,0.1694,3.58,,,0,低,85,0,差ま0%,1,0,64.5,1.2091,0,0,0,0.0476,0,0.1833,0.0333,0.0667,,,D,△,◎,0.1321,0.6085,0.2271,0.5845,S,85,0,◎1着固定 2-3着流し（5〜8点）,0.5777,"{'is_target': True, 'verdict': '参加推奨', 'max_combo_prob': 0.0829, 'est_top_odds': 16.1, 'circle_concentration': 69.1, 'eligible_count': 6, 'bet_adj': 2, 'reason': 'rel_win1=54.3%（本命度） / 最有力組み合わせ確率: 0.083（推定実オッズ?16倍） / 2着集中度: 上位2艇 69.1%（補正+0.00） / 総合判定確率: 0.083 / → ヒモ分散。1号艇1着固定で広めのヒモ流し推奨（買い目+2点）', 'tenji_trigger': '展示確認: ヒモ分散レース。1号艇伸び確認後、広めのヒモ流しを採用。穴ヒモ（5・6号艇）を積極的に含める。\n展示で1号艇スタート超安定(0.124秒)→ヒモ固まり方向に注意'}",,,28.2,逃げ狙い,15.45,30.8,2,,,,,,,,,,,
2026-02-03,丸亀,1,5,甲斐貴大,B2,30.43,5,,6.6785,10.4,68,,,,,,0,低,25,1,-,6,0,,,,,,,,,,,,,B,,○,0.336,0.3645,0.15,0.5845,S,85,0,◎1着固定 2-3着流し（5〜8点）,0.5777,"{'is_target': True, 'verdict': '参加推奨', 'max_combo_prob': 0.0829, 'est_top_odds': 16.1, 'circle_concentration': 69.1, 'eligible_count': 6, 'bet_adj': 2, 'reason': 'rel_win1=54.3%（本命度） / 最有力組み合わせ確率: 0.083（推定実オッズ?16倍） / 2着集中度: 上位2艇 69.1%（補正+0.00） / 総合判定確率: 0.083 / → ヒモ分散。1号艇1着固定で広めのヒモ流し推奨（買い目+2点）', 'tenji_trigger': '展示確認: ヒモ分散レース。1号艇伸び確認後、広めのヒモ流しを採用。穴ヒモ（5・6号艇）を積極的に含める。\n展示で1号艇スタート超安定(0.124秒)→ヒモ固まり方向に注意'}",,,28.2,逃げ狙い,15.45,30.8,2,,,,,,,,,,,
2026-02-03,丸亀,1,6,沼田七華,B2,26.80,6,▲,1.1006,1.5,40,2.9,0.1459,3.5,,,0,低,44,0,-,4,0,27.9,0.84,,,,,,0.4,0.6,0,,,C,,,0.2625,0.4395,,0.5845,S,85,0,◎1着固定 2-3着流し（5〜8点）,0.5777,"{'is_target': True, 'verdict': '参加推奨', 'max_combo_prob': 0.0829, 'est_top_odds': 16.1, 'circle_concentration': 69.1, 'eligible_count': 6, 'bet_adj': 2, 'reason': 'rel_win1=54.3%（本命度） / 最有力組み合わせ確率: 0.083（推定実オッズ?16倍） / 2着集中度: 上位2艇 69.1%（補正+0.00） / 総合判定確率: 0.083 / → ヒモ分散。1号艇1着固定で広めのヒモ流し推奨（買い目+2点）', 'tenji_trigger': '展示確認: ヒモ分散レース。1号艇伸び確認後、広めのヒモ流しを採用。穴ヒモ（5・6号艇）を積極的に含める。\n展示で1号艇スタート超安定(0.124秒)→ヒモ固まり方向に注意'}",,,28.2,逃げ狙い,15.45,30.8,2,,,,,,,,,,,
2026-02-03,丸亀,2,1,夏山亮平,B1,36.56,1,◎,51.9944,,0,73.3,0.1569,2.9222,,,0,低,92,0,逃1%,6,0,80.5,0.9575,0.5882,,,,,0,0.2941,0.0471,◎,,C,△,,,0.5755,,0.4875,B,54,0,◎○△フォーメーション（15〜20点）,0.5777,"{'is_target': True, 'verdict': '参加推奨', 'max_combo_prob': 0.0779, 'est_top_odds': 17.1, 'circle_concentration': 59.6, 'eligible_count': 9, 'bet_adj': 2, 'reason': 'rel_win1=52.0%（本命度） / 最有力組み合わせ確率: 0.078（推定実オッズ?17倍） / 2着集中度: 上位2艇 59.6%（補正+0.00） / 総合判定確率: 0.078 / → ヒモ分散。1号艇1着固定で広めのヒモ流し推奨（買い目+2点）', 'tenji_trigger': '展示確認: ヒモ分散レース。1号艇伸び確認後、広めのヒモ流しを採用。穴ヒモ（5・6号艇）を積極的に含める。'}",,,28.6,両建て推奨,17.2,30.5,6,,,,,0,0,0.7559,0,,逃げ軸流し,A
2026-02-03,丸亀,2,2,深川和仁,B1,23.38,2,,11.9853,36.4,62,50,0.164,3.76,,,0,低,130,0,-,13,0,56.7,0.9831,0,0.0435,0.0435,0,0.0435,0.2,0.0167,0.05,,,E,△,,0.2379,0.606,,0.4875,B,54,0,◎○△フォーメーション（15〜20点）,0.5777,"{'is_target': True, 'verdict': '参加推奨', 'max_combo_prob': 0.0779, 'est_top_odds': 17.1, 'circle_concentration': 59.6, 'eligible_count': 9, 'bet_adj': 2, 'reason': 'rel_win1=52.0%（本命度） / 最有力組み合わせ確率: 0.078（推定実オッズ?17倍） / 2着集中度: 上位2艇 59.6%（補正+0.00） / 総合判定確率: 0.078 / → ヒモ分散。1号艇1着固定で広めのヒモ流し推奨（買い目+2点）', 'tenji_trigger': '展示確認: ヒモ分散レース。1号艇伸び確認後、広めのヒモ流しを採用。穴ヒモ（5・6号艇）を積極的に含める。'}",,,28.6,両建て推奨,17.2,30.5,6,,,,,,,,,,,
2026-02-03,丸亀,2,3,川村正輝,B1,37.74,3,▲,15.6024,23.2,100,61.7,0.1672,2.9574,,,0,低,140,0,差ま0%,6,0,71.4,1.2717,0,0,0,0.1111,0,0.1667,0.1667,0.1667,,,C,,,0.2538,0.57,,0.4875,B,54,0,◎○△フォーメーション（15〜20点）,0.5777,"{'is_target': True, 'verdict': '参加推奨', 'max_combo_prob': 0.0779, 'est_top_odds': 17.1, 'circle_concentration': 59.6, 'eligible_count': 9, 'bet_adj': 2, 'reason': 'rel_win1=52.0%（本命度） / 最有力組み合わせ確率: 0.078（推定実オッズ?17倍） / 2着集中度: 上位2艇 59.6%（補正+0.00） / 総合判定確率: 0.078 / → ヒモ分散。1号艇1着固定で広めのヒモ流し推奨（買い目+2点）', 'tenji_trigger': '展示確認: ヒモ分散レース。1号艇伸び確認後、広めのヒモ流しを採用。穴ヒモ（5・6号艇）を積極的に含める。'}",,,28.6,両建て推奨,17.2,30.5,6,,,,,,,,,,,
2026-02-03,丸亀,2,4,戸田海咲,B2,24.68,4,,9.6562,21.6,69,0,0.25,4.2143,,,0,低,45,1,-,6,0,14.4,0.7155,,,,,,,,,,,D,,,0.136,0.4965,,0.4875,B,54,0,◎○△フォーメーション（15〜20点）,0.5777,"{'is_target': True, 'verdict': '参加推奨', 'max_combo_prob': 0.0779, 'est_top_odds': 17.1, 'circle_concentration': 59.6, 'eligible_count': 9, 'bet_adj': 2, 'reason': 'rel_win1=52.0%（本命度） / 最有力組み合わせ確率: 0.078（推定実オッズ?17倍） / 2着集中度: 上位2艇 59.6%（補正+0.00） / 総合判定確率: 0.078 / → ヒモ分散。1号艇1着固定で広めのヒモ流し推奨（買い目+2点）', 'tenji_trigger': '展示確認: ヒモ分散レース。1号艇伸び確認後、広めのヒモ流しを採用。穴ヒモ（5・6号艇）を積極的に含める。'}",,,28.6,両建て推奨,17.2,30.5,6,,,,,,,,,,,
2026-02-03,丸亀,2,5,滝沢芳行,B1,41.67,5,○,6.6358,16,40,34.5,0.1487,2.7909,,,0,低,85,0,ま0%,3,0,65.3,1.0343,0,0,0.0909,0,0,0.18,0.18,0.064,,,B,○,,0.3261,0.628,,0.4875,B,54,0,◎○△フォーメーション（15〜20点）,0.5777,"{'is_target': True, 'verdict': '参加推奨', 'max_combo_prob': 0.0779, 'est_top_odds': 17.1, 'circle_concentration': 59.6, 'eligible_count': 9, 'bet_adj': 2, 'reason': 'rel_win1=52.0%（本命度） / 最有力組み合わせ確率: 0.078（推定実オッズ?17倍） / 2着集中度: 上位2艇 59.6%（補正+0.00） / 総合判定確率: 0.078 / → ヒモ分散。1号艇1着固定で広めのヒモ流し推奨（買い目+2点）', 'tenji_trigger': '展示確認: ヒモ分散レース。1号艇伸び確認後、広めのヒモ流しを採用。穴ヒモ（5・6号艇）を積極的に含める。'}",,,28.6,両建て推奨,17.2,30.5,6,,,,,,,,,,,
2026-02-03,丸亀,2,6,井上恵一,A2,37.78,6,△,4.1258,2.8,34,18.2,0.2009,4.5909,,,0,低,109,1,差ま0%,15,0,47.1,0.8597,0,0,0,0.125,0,0.1462,0.0462,0.3923,,,B,◎,,0.1638,0.6315,,0.4875,B,54,0,◎○△フォーメーション（15〜20点）,0.5777,"{'is_target': True, 'verdict': '参加推奨', 'max_combo_prob': 0.0779, 'est_top_odds': 17.1, 'circle_concentration': 59.6, 'eligible_count': 9, 'bet_adj': 2, 'reason': 'rel_win1=52.0%（本命度） / 最有力組み合わせ確率: 0.078（推定実オッズ?17倍） / 2着集中度: 上位2艇 59.6%（補正+0.00） / 総合判定確率: 0.078 / → ヒモ分散。1号艇1着固定で広めのヒモ流し推奨（買い目+2点）', 'tenji_trigger': '展示確認: ヒモ分散レース。1号艇伸び確認後、広めのヒモ流しを採用。穴ヒモ（5・6号艇）を積極的に含める。'}",,,28.6,両建て推奨,17.2,30.5,6,,,,,,,,,,,
2026-02-03,丸亀,3,1,山崎善庸,B1,22.22,1,▲,40.6694,,0,69.4,0.2024,4.2347,,,0,低,243,0,逃0%,25,0,28.8,0.7399,0.3182,,,,,0.0727,0.3491,0.3309,,,E,,,,0.5725,,0.1493,C,39,0,荒れ傾向。高配当狙いか見送り,0.5777,"{'is_target': False, 'verdict': '対象外', 'max_combo_prob': None, 'est_top_odds': None, 'circle_concentration': None, 'eligible_count': 0, 'bet_adj': 0, 'reason': '1号艇rel_win1 < 45%: 通常判定に委ねる', 'tenji_trigger': ''}",,,37,両建て推奨,18.34,39.3,2,2-1-3|2-1-4|2-1-5|2-3-1|2-5-1|2-3-4|2-5-3|1-2-4|1-2-5|1-3-4,2-1-3|2-1-4|2-1-5|2-3-1|2-5-1|2-3-4|2-5-3|1-2-4|1-2-5|5-1-6|5-6-1|1-3-4,2-1-3:2.45%|2-1-4:2.1%|2-1-5:1.64%|2-3-1:0.77%|2-5-1:0.55%|2-3-4:0.32%|2-5-3:0.27%|1-2-4:5.87%|1-2-5:5.56%|1-3-4:3.59%,2-1-3:B_main|2-1-4:B_main|2-1-5:B_main|2-3-1:B_main|2-5-1:B_main|2-3-4:B_main|2-5-3:B_main|1-2-4:A|1-2-5:A|1-3-4:A,10,12,0.2915,1,[!]見送り推奨（主役決まり手「差し」― 逃げ劣勢レースで的中実績なし）,主役軸流し,B
2026-02-03,丸亀,3,2,田頭虎親,B1,35.71,2,○,22.8891,48.3,72,69.6,0.1607,3.4348,,,0,低,121,0,差0% ま0%,4,0,72.4,1.0172,0,0.2174,0.0435,0,0,0.1,0.375,0.025,,◎,B,,,0.6085,0.5945,,0.1493,C,39,0,荒れ傾向。高配当狙いか見送り,0.5777,"{'is_target': False, 'verdict': '対象外', 'max_combo_prob': None, 'est_top_odds': None, 'circle_concentration': None, 'eligible_count': 0, 'bet_adj': 0, 'reason': '1号艇rel_win1 < 45%: 通常判定に委ねる', 'tenji_trigger': ''}",,,37,両建て推奨,18.34,39.3,2,,,,,,,,,,,
2026-02-03,丸亀,3,3,大崎　翔,B1,44.09,3,◎,14.8901,20.5,68,53.6,0.1433,2.8768,,,0,低,117,0,-,2,0,43.6,0.9977,0,0.0345,0,0.069,0,0.3127,0.0727,0.1745,,,A,○,,0.4965,0.643,,0.1493,C,39,0,荒れ傾向。高配当狙いか見送り,0.5777,"{'is_target': False, 'verdict': '対象外', 'max_combo_prob': None, 'est_top_odds': None, 'circle_concentration': None, 'eligible_count': 0, 'bet_adj': 0, 'reason': '1号艇rel_win1 < 45%: 通常判定に委ねる', 'tenji_trigger': ''}",,,37,両建て推奨,18.34,39.3,2,,,,,,,,,,,
2026-02-03,丸亀,3,4,繁野谷圭,A2,24.73,4,,11.3496,23.2,91,63.1,0.1751,3.6538,,,0,低,180,0,-,51,0,63.2,0.9551,0,0,0.0667,0,0,0.0108,0.0432,0.2232,,,D,△,◎,0.4525,0.6095,0.2187,0.1493,C,39,0,荒れ傾向。高配当狙いか見送り,0.5777,"{'is_target': False, 'verdict': '対象外', 'max_combo_prob': None, 'est_top_odds': None, 'circle_concentration': None, 'eligible_count': 0, 'bet_adj': 0, 'reason': '1号艇rel_win1 < 45%: 通常判定に委ねる', 'tenji_trigger': ''}",,,37,両建て推奨,18.34,39.3,2,,,,,,,,,,,
2026-02-03,丸亀,3,5,山田佑樹,B1,34.07,5,△,9.0445,5.9,100,40.9,0.1577,3.3258,,,0,低,110,0,-,6,0,67.8,0.9419,,,,,,0.0842,0,0.2253,,○,C,△,,0.5069,0.6115,,0.1493,C,39,0,荒れ傾向。高配当狙いか見送り,0.5777,"{'is_target': False, 'verdict': '対象外', 'max_combo_prob': None, 'est_top_odds': None, 'circle_concentration': None, 'eligible_count': 0, 'bet_adj': 0, 'reason': '1号艇rel_win1 < 45%: 通常判定に委ねる', 'tenji_trigger': ''}",,,37,両建て推奨,18.34,39.3,2,,,,,,,,,,,
2026-02-03,丸亀,3,6,小林　泰,A2,24.18,6,,1.1572,2.1,69,23.9,0.158,3.6739,,,0,低,73,0,-,22,0,52.5,0.9569,,,,,,0.1111,0.0741,0.0741,,△,D,◎,,0.5036,0.6885,,0.1493,C,39,0,荒れ傾向。高配当狙いか見送り,0.5777,"{'is_target': False, 'verdict': '対象外', 'max_combo_prob': None, 'est_top_odds': None, 'circle_concentration': None, 'eligible_count': 0, 'bet_adj': 0, 'reason': '1号艇rel_win1 < 45%: 通常判定に委ねる', 'tenji_trigger': ''}",,,37,両建て推奨,18.34,39.3,2,,,,,,,,,,,
2026-02-03,丸亀,4,1,尾崎雄二,B1,26.19,1,◎,51.7675,,0,86.4,0.1663,3.4153,,,0,低,133,0,逃1%,45,0,52.9,0.9249,0.5556,,,,,0.1667,0.1667,0.0556,○,,C,○,,,0.6365,,0.4148,S,82,0,◎1着固定 2-3着流し（5〜8点）,0.5777,"{'is_target': True, 'verdict': '点数絞り', 'max_combo_prob': 0.1041, 'est_top_odds': 12.8, 'circle_concentration': 75.6, 'eligible_count': 6, 'bet_adj': 0, 'reason': 'rel_win1=51.8%（本命度） / 最有力組み合わせ確率: 0.104（推定実オッズ?13倍） / 2着集中度: 上位2艇 75.6%（補正+0.04） / 総合判定確率: 0.144 / → ヒモはやや固め。上位2艇以外を切ること', 'tenji_trigger': '展示確認: 1号艇伸び良→そのまま採用。悪→飛び組に差し替え。circle_pct上位2艇に絞り込むこと。'}",,,29.9,逃げ狙い,19.64,32.1,3,,,,,0,0,0.6155,0,,逃げ軸流し,A
2026-02-03,丸亀,4,2,海老澤泰,B1,29.59,2,○,11.4303,36,67,49.1,0.1602,3.2358,,,0,低,128,0,ま0%,1,0,100,0.8176,0,0,0.0417,0,0,0.2354,0.08,0.3531,,○,B,△,,0.3654,0.6055,,0.4148,S,82,0,◎1着固定 2-3着流し（5〜8点）,0.5777,"{'is_target': True, 'verdict': '点数絞り', 'max_combo_prob': 0.1041, 'est_top_odds': 12.8, 'circle_concentration': 75.6, 'eligible_count': 6, 'bet_adj': 0, 'reason': 'rel_win1=51.8%（本命度） / 最有力組み合わせ確率: 0.104（推定実オッズ?13倍） / 2着集中度: 上位2艇 75.6%（補正+0.04） / 総合判定確率: 0.144 / → ヒモはやや固め。上位2艇以外を切ること', 'tenji_trigger': '展示確認: 1号艇伸び良→そのまま採用。悪→飛び組に差し替え。circle_pct上位2艇に絞り込むこと。'}",,,29.9,逃げ狙い,19.64,32.1,3,,,,,,,,,,,
2026-02-03,丸亀,4,3,鈴木勝博,A2,24.14,3,▲,20.9106,39.6,36,64.6,0.1429,2.75,,,0,低,90,0,-,54,0,44.6,1.1806,0,0,0.2273,0,0.0909,0.1171,0.2776,0.0211,,◎,D,△,,0.4522,0.6045,,0.4148,S,82,0,◎1着固定 2-3着流し（5〜8点）,0.5777,"{'is_target': True, 'verdict': '点数絞り', 'max_combo_prob': 0.1041, 'est_top_odds': 12.8, 'circle_concentration': 75.6, 'eligible_count': 6, 'bet_adj': 0, 'reason': 'rel_win1=51.8%（本命度） / 最有力組み合わせ確率: 0.104（推定実オッズ?13倍） / 2着集中度: 上位2艇 75.6%（補正+0.04） / 総合判定確率: 0.144 / → ヒモはやや固め。上位2艇以外を切ること', 'tenji_trigger': '展示確認: 1号艇伸び良→そのまま採用。悪→飛び組に差し替え。circle_pct上位2艇に絞り込むこと。'}",,,29.9,逃げ狙い,19.64,32.1,3,,,,,,,,,,,
2026-02-03,丸亀,4,4,石川吉鎬,A2,19.28,4,,7.2602,17.7,100,62,0.1714,3.6972,,,0,低,188,0,-,34,0,31.7,0.8511,0,0,0.0667,0.0333,0,0.189,0.189,0.189,,,E,◎,◎,0.2686,0.6575,0.3304,0.4148,S,82,0,◎1着固定 2-3着流し（5〜8点）,0.5777,"{'is_target': True, 'verdict': '点数絞り', 'max_combo_prob': 0.1041, 'est_top_odds': 12.8, 'circle_concentration': 75.6, 'eligible_count': 6, 'bet_adj': 0, 'reason': 'rel_win1=51.8%（本命度） / 最有力組み合わせ確率: 0.104（推定実オッズ?13倍） / 2着集中度: 上位2艇 75.6%（補正+0.04） / 総合判定確率: 0.144 / → ヒモはやや固め。上位2艇以外を切ること', 'tenji_trigger': '展示確認: 1号艇伸び良→そのまま採用。悪→飛び組に差し替え。circle_pct上位2艇に絞り込むこと。'}",,,29.9,逃げ狙い,19.64,32.1,3,,,,,,,,,,,
2026-02-03,丸亀,4,5,本部めぐ,B1,37.63,5,△,7.5923,6.2,34,6.2,0.1906,3.8125,,,0,低,54,0,ま0%,6,0,28.9,0.8293,0,0,0.0833,0,0,0.3,0.1,0.2,,,A,,,0.2225,0.5645,,0.4148,S,82,0,◎1着固定 2-3着流し（5〜8点）,0.5777,"{'is_target': True, 'verdict': '点数絞り', 'max_combo_prob': 0.1041, 'est_top_odds': 12.8, 'circle_concentration': 75.6, 'eligible_count': 6, 'bet_adj': 0, 'reason': 'rel_win1=51.8%（本命度） / 最有力組み合わせ確率: 0.104（推定実オッズ?13倍） / 2着集中度: 上位2艇 75.6%（補正+0.04） / 総合判定確率: 0.144 / → ヒモはやや固め。上位2艇以外を切ること', 'tenji_trigger': '展示確認: 1号艇伸び良→そのまま採用。悪→飛び組に差し替え。circle_pct上位2艇に絞り込むこと。'}",,,29.9,逃げ狙い,19.64,32.1,3,,,,,,,,,,,
2026-02-03,丸亀,4,6,宮本琉正,B2,27.84,6,,1.039,0.5,9,1.4,0.1761,3.1571,,,0,低,33,0,-,53,0,26.6,2.2344,,,,,,,,,,,C,,,0.2804,0.504,,0.4148,S,82,0,◎1着固定 2-3着流し（5〜8点）,0.5777,"{'is_target': True, 'verdict': '点数絞り', 'max_combo_prob': 0.1041, 'est_top_odds': 12.8, 'circle_concentration': 75.6, 'eligible_count': 6, 'bet_adj': 0, 'reason': 'rel_win1=51.8%（本命度） / 最有力組み合わせ確率: 0.104（推定実オッズ?13倍） / 2着集中度: 上位2艇 75.6%（補正+0.04） / 総合判定確率: 0.144 / → ヒモはやや固め。上位2艇以外を切ること', 'tenji_trigger': '展示確認: 1号艇伸び良→そのまま採用。悪→飛び組に差し替え。circle_pct上位2艇に絞り込むこと。'}",,,29.9,逃げ狙い,19.64,32.1,3,,,,,,,,,,,
2026-02-03,丸亀,5,1,松下直也,B1,27.84,1,◎,46.255,,0,75,0.1788,4.125,,,0,低,177,0,逃1%,33,0,79.3,1.0762,0.3333,,,,,0.0286,0.3714,0.2381,△,,E,○,,,0.621,,0.2605,A,60,0,◎-○軸 3着3〜4艇流し（10〜15点）,0.5777,"{'is_target': True, 'verdict': '点数絞り', 'max_combo_prob': 0.0884, 'est_top_odds': 15.1, 'circle_concentration': 76.3, 'eligible_count': 8, 'bet_adj': 0, 'reason': 'rel_win1=46.3%（本命度） / 最有力組み合わせ確率: 0.088（推定実オッズ?15倍） / 2着集中度: 上位2艇 76.3%（補正+0.04） / 総合判定確率: 0.128 / → ヒモはやや固め。上位2艇以外を切ること', 'tenji_trigger': '展示確認: 1号艇伸び良→そのまま採用。悪→飛び組に差し替え。circle_pct上位2艇に絞り込むこと。'}",,,29.9,両建て推奨,16.54,34.7,5,3-1-4|1-2-3|1-2-4|1-2-5|1-3-4|1-3-5,6-1-2|5-1-2|6-2-1|6-1-4|3-1-4|5-2-1|5-1-6|1-2-3|1-2-4|1-2-5|1-3-4|1-3-5,3-1-4:2.12%|1-2-3:6.74%|1-2-4:6.71%|1-2-5:6.69%|1-3-4:6.65%|1-3-5:6.64%,3-1-4:B_main|1-2-3:A|1-2-4:A|1-2-5:A|1-3-4:A|1-3-5:A,6,12,0.4535,1,[!]見送り推奨（主役決まり手「まくり差し」― 逃げ劣勢レースで的中実績なし）,荒れ広め,D
2026-02-03,丸亀,5,2,蒲原健太,A2,50.00,2,△,12.8324,42,78,61.8,0.1775,3.7727,,,0,低,193,0,-,35,0,73.3,1.3859,0,0.04,0,0,0.04,0.0953,0.3224,0.2271,,,B,,,0.3247,0.54,,0.2605,A,60,0,◎-○軸 3着3〜4艇流し（10〜15点）,0.5777,"{'is_target': True, 'verdict': '点数絞り', 'max_combo_prob': 0.0884, 'est_top_odds': 15.1, 'circle_concentration': 76.3, 'eligible_count': 8, 'bet_adj': 0, 'reason': 'rel_win1=46.3%（本命度） / 最有力組み合わせ確率: 0.088（推定実オッズ?15倍） / 2着集中度: 上位2艇 76.3%（補正+0.04） / 総合判定確率: 0.128 / → ヒモはやや固め。上位2艇以外を切ること', 'tenji_trigger': '展示確認: 1号艇伸び良→そのまま採用。悪→飛び組に差し替え。circle_pct上位2艇に絞り込むこと。'}",,,29.9,両建て推奨,16.54,34.7,5,,,,,,,,,,,
2026-02-03,丸亀,5,3,片岡大地,B1,27.27,3,,11.597,34.2,54,54.2,0.1293,2.6017,,,0,低,64,0,-,24,0,87,1.6513,0,0,0.0455,0.0909,0,0.0267,0.2567,0.0267,,◎,E,◎,,0.51,0.6305,,0.2605,A,60,0,◎-○軸 3着3〜4艇流し（10〜15点）,0.5777,"{'is_target': True, 'verdict': '点数絞り', 'max_combo_prob': 0.0884, 'est_top_odds': 15.1, 'circle_concentration': 76.3, 'eligible_count': 8, 'bet_adj': 0, 'reason': 'rel_win1=46.3%（本命度） / 最有力組み合わせ確率: 0.088（推定実オッズ?15倍） / 2着集中度: 上位2艇 76.3%（補正+0.04） / 総合判定確率: 0.128 / → ヒモはやや固め。上位2艇以外を切ること', 'tenji_trigger': '展示確認: 1号艇伸び良→そのまま採用。悪→飛び組に差し替え。circle_pct上位2艇に絞り込むこと。'}",,,29.9,両建て推奨,16.54,34.7,5,,,,,,,,,,,
2026-02-03,丸亀,5,4,木山和幸,A2,53.93,4,○,12.1867,16.5,100,55.6,0.1721,3.5476,,,0,低,135,0,-,2,0,23.9,0.6126,0,0,0.04,0,0,0.048,0.016,0.148,,,A,△,◎,0.3663,0.6205,0.2701,0.2605,A,60,0,◎-○軸 3着3〜4艇流し（10〜15点）,0.5777,"{'is_target': True, 'verdict': '点数絞り', 'max_combo_prob': 0.0884, 'est_top_odds': 15.1, 'circle_concentration': 76.3, 'eligible_count': 8, 'bet_adj': 0, 'reason': 'rel_win1=46.3%（本命度） / 最有力組み合わせ確率: 0.088（推定実オッズ?15倍） / 2着集中度: 上位2艇 76.3%（補正+0.04） / 総合判定確率: 0.128 / → ヒモはやや固め。上位2艇以外を切ること', 'tenji_trigger': '展示確認: 1号艇伸び良→そのまま採用。悪→飛び組に差し替え。circle_pct上位2艇に絞り込むこと。'}",,,29.9,両建て推奨,16.54,34.7,5,,,,,,,,,,,
2026-02-03,丸亀,5,5,山下夏鈴,B1,48.91,5,▲,14.2543,6.9,41,25,0.1608,3.4861,,,0,低,64,0,-,2,0,62.6,1.144,,,,,,0,0.0267,0.2,,○,B,△,○,0.4264,0.616,0.2655,0.2605,A,60,0,◎-○軸 3着3〜4艇流し（10〜15点）,0.5777,"{'is_target': True, 'verdict': '点数絞り', 'max_combo_prob': 0.0884, 'est_top_odds': 15.1, 'circle_concentration': 76.3, 'eligible_count': 8, 'bet_adj': 0, 'reason': 'rel_win1=46.3%（本命度） / 最有力組み合わせ確率: 0.088（推定実オッズ?15倍） / 2着集中度: 上位2艇 76.3%（補正+0.04） / 総合判定確率: 0.128 / → ヒモはやや固め。上位2艇以外を切ること', 'tenji_trigger': '展示確認: 1号艇伸び良→そのまま採用。悪→飛び組に差し替え。circle_pct上位2艇に絞り込むこと。'}",,,29.9,両建て推奨,16.54,34.7,5,,,,,,,,,,,
2026-02-03,丸亀,5,6,鐘ヶ江真,B1,42.86,6,,2.8745,0.3,25,15.8,0.1888,3.8421,,,0,低,54,0,-,42,0,28.9,0.5731,0,0,0.0132,0.0132,0,,,,,,C,,,0.2989,0.513,,0.2605,A,60,0,◎-○軸 3着3〜4艇流し（10〜15点）,0.5777,"{'is_target': True, 'verdict': '点数絞り', 'max_combo_prob': 0.0884, 'est_top_odds': 15.1, 'circle_concentration': 76.3, 'eligible_count': 8, 'bet_adj': 0, 'reason': 'rel_win1=46.3%（本命度） / 最有力組み合わせ確率: 0.088（推定実オッズ?15倍） / 2着集中度: 上位2艇 76.3%（補正+0.04） / 総合判定確率: 0.128 / → ヒモはやや固め。上位2艇以外を切ること', 'tenji_trigger': '展示確認: 1号艇伸び良→そのまま採用。悪→飛び組に差し替え。circle_pct上位2艇に絞り込むこと。'}",,,29.9,両建て推奨,16.54,34.7,5,,,,,,,,,,,
2026-02-03,丸亀,6,1,藤原菜希,A2,47.78,1,◎,58.0426,,0,90,0.115,2.1667,,,0,低,33,0,逃1%,15,0,61.4,0.9768,0.6429,,,,,0.1429,0.1429,0.0714,◎,,A,,,,0.6005,,0.7044,S,97,0,◎1着固定 2-3着流し（5〜8点）,0.5777,"{'is_target': True, 'verdict': '点数絞り', 'max_combo_prob': 0.0841, 'est_top_odds': 15.8, 'circle_concentration': 75.4, 'eligible_count': 6, 'bet_adj': 0, 'reason': 'rel_win1=58.0%（本命度） / 最有力組み合わせ確率: 0.084（推定実オッズ?16倍） / 2着集中度: 上位2艇 75.4%（補正+0.04） / 総合判定確率: 0.124 / → ヒモはやや固め。上位2艇以外を切ること', 'tenji_trigger': '展示確認: 1号艇伸び良→そのまま採用。悪→飛び組に差し替え。circle_pct上位2艇に絞り込むこと。\n展示で1号艇スタート超安定(0.115秒)→ヒモ固まり方向に注意'}",,,27.8,逃げ狙い,16.64,28.6,3,,,,,0,0,0.7559,0,,逃げ軸流し,A
2026-02-03,丸亀,6,2,新井英孝,B1,22.22,2,,11.2113,38.7,79,52.7,0.1531,3.5364,,,0,低,85,0,差0%,1,0,33.4,0.8678,0,0.087,0,0,0,0.1833,0.0333,0.0667,,,E,,,0.069,0.6085,,0.7044,S,97,0,◎1着固定 2-3着流し（5〜8点）,0.5777,"{'is_target': True, 'verdict': '点数絞り', 'max_combo_prob': 0.0841, 'est_top_odds': 15.8, 'circle_concentration': 75.4, 'eligible_count': 6, 'bet_adj': 0, 'reason': 'rel_win1=58.0%（本命度） / 最有力組み合わせ確率: 0.084（推定実オッズ?16倍） / 2着集中度: 上位2艇 75.4%（補正+0.04） / 総合判定確率: 0.124 / → ヒモはやや固め。上位2艇以外を切ること', 'tenji_trigger': '展示確認: 1号艇伸び良→そのまま採用。悪→飛び組に差し替え。circle_pct上位2艇に絞り込むこと。\n展示で1号艇スタート超安定(0.115秒)→ヒモ固まり方向に注意'}",,,27.8,逃げ狙い,16.64,28.6,3,,,,,,,,,,,
2026-02-03,丸亀,6,3,中辻博訓,A1,31.52,3,○,18.0458,36.7,69,65.4,0.1319,2.5865,,,0,低,53,0,-,32,0,100,2.9496,0,0,0,0.08,0.04,0.1205,0.0174,0.1981,,,C,◎,,0.2101,0.6875,,0.7044,S,97,0,◎1着固定 2-3着流し（5〜8点）,0.5777,"{'is_target': True, 'verdict': '点数絞り', 'max_combo_prob': 0.0841, 'est_top_odds': 15.8, 'circle_concentration': 75.4, 'eligible_count': 6, 'bet_adj': 0, 'reason': 'rel_win1=58.0%（本命度） / 最有力組み合わせ確率: 0.084（推定実オッズ?16倍） / 2着集中度: 上位2艇 75.4%（補正+0.04） / 総合判定確率: 0.124 / → ヒモはやや固め。上位2艇以外を切ること', 'tenji_trigger': '展示確認: 1号艇伸び良→そのまま採用。悪→飛び組に差し替え。circle_pct上位2艇に絞り込むこと。\n展示で1号艇スタート超安定(0.115秒)→ヒモ固まり方向に注意'}",,,27.8,逃げ狙い,16.64,28.6,3,,,,,,,,,,,
2026-02-03,丸亀,6,4,竹田広樹,B1,26.37,4,△,6.1807,12.1,100,33.8,0.1707,3.7059,,,0,低,177,0,ま0%,36,0,27.3,0.7262,0,0,0.125,0,0,0.0526,0.1579,0.3158,,,D,△,◎,0.1371,0.6185,0.2688,0.7044,S,97,0,◎1着固定 2-3着流し（5〜8点）,0.5777,"{'is_target': True, 'verdict': '点数絞り', 'max_combo_prob': 0.0841, 'est_top_odds': 15.8, 'circle_concentration': 75.4, 'eligible_count': 6, 'bet_adj': 0, 'reason': 'rel_win1=58.0%（本命度） / 最有力組み合わせ確率: 0.084（推定実オッズ?16倍） / 2着集中度: 上位2艇 75.4%（補正+0.04） / 総合判定確率: 0.124 / → ヒモはやや固め。上位2艇以外を切ること', 'tenji_trigger': '展示確認: 1号艇伸び良→そのまま採用。悪→飛び組に差し替え。circle_pct上位2艇に絞り込むこと。\n展示で1号艇スタート超安定(0.115秒)→ヒモ固まり方向に注意'}",,,27.8,逃げ狙い,16.64,28.6,3,,,,,,,,,,,
2026-02-03,丸亀,6,5,吉田一郎,A2,44.68,5,▲,4.6417,8.6,57,21.9,0.1537,3.1719,,,0,低,66,0,差ま0%,1S,0,30.7,0.7586,0,0,0,0.0526,0,0.1221,0.0316,0.1326,,,B,○,,0.16,0.6245,,0.7044,S,97,0,◎1着固定 2-3着流し（5〜8点）,0.5777,"{'is_target': True, 'verdict': '点数絞り', 'max_combo_prob': 0.0841, 'est_top_odds': 15.8, 'circle_concentration': 75.4, 'eligible_count': 6, 'bet_adj': 0, 'reason': 'rel_win1=58.0%（本命度） / 最有力組み合わせ確率: 0.084（推定実オッズ?16倍） / 2着集中度: 上位2艇 75.4%（補正+0.04） / 総合判定確率: 0.124 / → ヒモはやや固め。上位2艇以外を切ること', 'tenji_trigger': '展示確認: 1号艇伸び良→そのまま採用。悪→飛び組に差し替え。circle_pct上位2艇に絞り込むこと。\n展示で1号艇スタート超安定(0.115秒)→ヒモ固まり方向に注意'}",,,27.8,逃げ狙い,16.64,28.6,3,,,,,,,,,,,
2026-02-03,丸亀,6,6,浮田圭浩,B1,22.35,6,,1.8779,3.9,41,15.5,0.2184,5.0086,,,0,低,218,0,-,45,0,23.8,0.8667,,,,,,0.1,0.2033,0.1533,,,E,△,,0.1384,0.6095,,0.7044,S,97,0,◎1着固定 2-3着流し（5〜8点）,0.5777,"{'is_target': True, 'verdict': '点数絞り', 'max_combo_prob': 0.0841, 'est_top_odds': 15.8, 'circle_concentration': 75.4, 'eligible_count': 6, 'bet_adj': 0, 'reason': 'rel_win1=58.0%（本命度） / 最有力組み合わせ確率: 0.084（推定実オッズ?16倍） / 2着集中度: 上位2艇 75.4%（補正+0.04） / 総合判定確率: 0.124 / → ヒモはやや固め。上位2艇以外を切ること', 'tenji_trigger': '展示確認: 1号艇伸び良→そのまま採用。悪→飛び組に差し替え。circle_pct上位2艇に絞り込むこと。\n展示で1号艇スタート超安定(0.115秒)→ヒモ固まり方向に注意'}",,,27.8,逃げ狙い,16.64,28.6,3,,,,,,,,,,,
2026-02-03,丸亀,7,1,滝沢芳行,B1,41.67,1,◎,53.5252,,0,78.5,0.1569,3.1231,,,0,低,85,0,逃0%,3,0,82.9,1.0172,0.36,,,,,0.18,0.18,0.064,○,,A,△,,,0.628,,0.3309,A,67,0,◎-○軸 3着3〜4艇流し（10〜15点）,0.5777,"{'is_target': True, 'verdict': '参加推奨', 'max_combo_prob': 0.068, 'est_top_odds': 19.6, 'circle_concentration': 66.2, 'eligible_count': 8, 'bet_adj': 2, 'reason': 'rel_win1=53.5%（本命度） / 最有力組み合わせ確率: 0.068（推定実オッズ?20倍） / 2着集中度: 上位2艇 66.2%（補正+0.00） / 総合判定確率: 0.068 / → ヒモ分散。1号艇1着固定で広めのヒモ流し推奨（買い目+2点）', 'tenji_trigger': '展示確認: ヒモ分散レース。1号艇伸び確認後、広めのヒモ流しを採用。穴ヒモ（5・6号艇）を積極的に含める。'}",,,28.8,逃げ狙い,15.1,32.9,3,,,,,0,0,0.6155,0,,逃げ軸流し,A
2026-02-03,丸亀,7,2,小林一樹,A2,25.61,2,○,14.3134,22.4,95,53.3,0.1327,2.6111,,,0,低,41,0,-,46,0,76.3,0.7126,0,0.0625,0.0625,0,0,0.269,0,0.0138,,◎,C,◎,,0.5829,0.6815,,0.3309,A,67,0,◎-○軸 3着3〜4艇流し（10〜15点）,0.5777,"{'is_target': True, 'verdict': '参加推奨', 'max_combo_prob': 0.068, 'est_top_odds': 19.6, 'circle_concentration': 66.2, 'eligible_count': 8, 'bet_adj': 2, 'reason': 'rel_win1=53.5%（本命度） / 最有力組み合わせ確率: 0.068（推定実オッズ?20倍） / 2着集中度: 上位2艇 66.2%（補正+0.00） / 総合判定確率: 0.068 / → ヒモ分散。1号艇1着固定で広めのヒモ流し推奨（買い目+2点）', 'tenji_trigger': '展示確認: ヒモ分散レース。1号艇伸び確認後、広めのヒモ流しを採用。穴ヒモ（5・6号艇）を積極的に含める。'}",,,28.8,逃げ狙い,15.1,32.9,3,,,,,,,,,,,
2026-02-03,丸亀,7,3,嶋　義信,B1,22.22,3,△,13.5171,36.9,64,73.8,0.1267,2.6066,,,0,低,90,0,差ま0%,31,0,42.2,0.9869,0,0,0,0.1818,0,0.125,0.15,0.1875,,○,D,○,,0.503,0.632,,0.3309,A,67,0,◎-○軸 3着3〜4艇流し（10〜15点）,0.5777,"{'is_target': True, 'verdict': '参加推奨', 'max_combo_prob': 0.068, 'est_top_odds': 19.6, 'circle_concentration': 66.2, 'eligible_count': 8, 'bet_adj': 2, 'reason': 'rel_win1=53.5%（本命度） / 最有力組み合わせ確率: 0.068（推定実オッズ?20倍） / 2着集中度: 上位2艇 66.2%（補正+0.00） / 総合判定確率: 0.068 / → ヒモ分散。1号艇1着固定で広めのヒモ流し推奨（買い目+2点）', 'tenji_trigger': '展示確認: ヒモ分散レース。1号艇伸び確認後、広めのヒモ流しを採用。穴ヒモ（5・6号艇）を積極的に含める。'}",,,28.8,逃げ狙い,15.1,32.9,3,,,,,,,,,,,
2026-02-03,丸亀,7,4,山田佑樹,B1,34.07,4,▲,13.4748,29.4,58,58,0.1642,3.3261,,,0,低,110,0,-,6,0,78.5,1.3049,0,0.0741,0.0741,0.037,0,0.0842,0,0.2253,,,B,△,◎,0.2929,0.6115,0.3688,0.3309,A,67,0,◎-○軸 3着3〜4艇流し（10〜15点）,0.5777,"{'is_target': True, 'verdict': '参加推奨', 'max_combo_prob': 0.068, 'est_top_odds': 19.6, 'circle_concentration': 66.2, 'eligible_count': 8, 'bet_adj': 2, 'reason': 'rel_win1=53.5%（本命度） / 最有力組み合わせ確率: 0.068（推定実オッズ?20倍） / 2着集中度: 上位2艇 66.2%（補正+0.00） / 総合判定確率: 0.068 / → ヒモ分散。1号艇1着固定で広めのヒモ流し推奨（買い目+2点）', 'tenji_trigger': '展示確認: ヒモ分散レース。1号艇伸び確認後、広めのヒモ流しを採用。穴ヒモ（5・6号艇）を積極的に含める。'}",,,28.8,逃げ狙い,15.1,32.9,3,,,,,,,,,,,
2026-02-03,丸亀,7,5,廣中智紗,A1,19.28,5,,4.0233,8.8,100,50,0.1875,4.3,,,0,低,82,0,-,56,0,27.4,1.2948,,,,,,0.0421,0.1632,0.2632,,,E,,,0.2414,0.5755,,0.3309,A,67,0,◎-○軸 3着3〜4艇流し（10〜15点）,0.5777,"{'is_target': True, 'verdict': '参加推奨', 'max_combo_prob': 0.068, 'est_top_odds': 19.6, 'circle_concentration': 66.2, 'eligible_count': 8, 'bet_adj': 2, 'reason': 'rel_win1=53.5%（本命度） / 最有力組み合わせ確率: 0.068（推定実オッズ?20倍） / 2着集中度: 上位2艇 66.2%（補正+0.00） / 総合判定確率: 0.068 / → ヒモ分散。1号艇1着固定で広めのヒモ流し推奨（買い目+2点）', 'tenji_trigger': '展示確認: ヒモ分散レース。1号艇伸び確認後、広めのヒモ流しを採用。穴ヒモ（5・6号艇）を積極的に含める。'}",,,28.8,逃げ狙い,15.1,32.9,3,,,,,,,,,,,
2026-02-03,丸亀,7,6,佐々木翔,A2,20.73,6,,1.1462,2.6,37,22.9,0.1693,4.0492,,,0,低,101,0,-,2,0,27.4,0.7,,,,,,0.0387,0.1373,0.1502,,,D,,,0.2975,0.5985,,0.3309,A,67,0,◎-○軸 3着3〜4艇流し（10〜15点）,0.5777,"{'is_target': True, 'verdict': '参加推奨', 'max_combo_prob': 0.068, 'est_top_odds': 19.6, 'circle_concentration': 66.2, 'eligible_count': 8, 'bet_adj': 2, 'reason': 'rel_win1=53.5%（本命度） / 最有力組み合わせ確率: 0.068（推定実オッズ?20倍） / 2着集中度: 上位2艇 66.2%（補正+0.00） / 総合判定確率: 0.068 / → ヒモ分散。1号艇1着固定で広めのヒモ流し推奨（買い目+2点）', 'tenji_trigger': '展示確認: ヒモ分散レース。1号艇伸び確認後、広めのヒモ流しを採用。穴ヒモ（5・6号艇）を積極的に含める。'}",,,28.8,逃げ狙い,15.1,32.9,3,,,,,,,,,,,
2026-02-03,丸亀,8,1,藤堂里香,A2,35.48,1,◎,67.1718,,0,89.3,0.1607,3.1964,,,0,低,52,0,逃1%,3,0,89.4,1.1813,0.6,,,,,0.2,0.2,0,○,,C,,,,0.564,,0.4314,A,77,0,◎-○軸 3着3〜4艇流し（10〜15点）,0.5777,"{'is_target': True, 'verdict': '点数絞り', 'max_combo_prob': 0.1412, 'est_top_odds': 9.4, 'circle_concentration': 69.4, 'eligible_count': 8, 'bet_adj': 0, 'reason': 'rel_win1=67.2%（本命度） / 最有力組み合わせ確率: 0.141（推定実オッズ?9倍） / 2着集中度: 上位2艇 69.4%（補正+0.00） / 総合判定確率: 0.141 / → ヒモはやや固め。上位2艇以外を切ること', 'tenji_trigger': '展示確認: 1号艇伸び良→そのまま採用。悪→飛び組に差し替え。circle_pct上位2艇に絞り込むこと。'}",,,29.4,逃げ狙い,16.05,33.9,3,,,,,0,0,0.6155,0,,逃げ軸流し,A
2026-02-03,丸亀,8,2,古川誠之,A2,56.18,2,○,13.0514,46.5,99,75,0.1568,3.6765,,,0,低,111,0,-,51,0,47.4,0.7036,0,0.037,0,0,0,0.1491,0.1791,0.1145,,○,A,◎,,0.3457,0.657,,0.4314,A,77,0,◎-○軸 3着3〜4艇流し（10〜15点）,0.5777,"{'is_target': True, 'verdict': '点数絞り', 'max_combo_prob': 0.1412, 'est_top_odds': 9.4, 'circle_concentration': 69.4, 'eligible_count': 8, 'bet_adj': 0, 'reason': 'rel_win1=67.2%（本命度） / 最有力組み合わせ確率: 0.141（推定実オッズ?9倍） / 2着集中度: 上位2艇 69.4%（補正+0.00） / 総合判定確率: 0.141 / → ヒモはやや固め。上位2艇以外を切ること', 'tenji_trigger': '展示確認: 1号艇伸び良→そのまま採用。悪→飛び組に差し替え。circle_pct上位2艇に絞り込むこと。'}",,,29.4,逃げ狙い,16.05,33.9,3,,,,,,,,,,,
2026-02-03,丸亀,8,3,夏山亮平,B1,36.56,3,▲,7.8211,23,100,51.1,0.1509,3.234,,,0,低,92,0,差0%,6,0,38.2,0.9096,0,0.0769,0,0,0,0,0.2941,0.0471,,,C,△,,0.3409,0.5755,,0.4314,A,77,0,◎-○軸 3着3〜4艇流し（10〜15点）,0.5777,"{'is_target': True, 'verdict': '点数絞り', 'max_combo_prob': 0.1412, 'est_top_odds': 9.4, 'circle_concentration': 69.4, 'eligible_count': 8, 'bet_adj': 0, 'reason': 'rel_win1=67.2%（本命度） / 最有力組み合わせ確率: 0.141（推定実オッズ?9倍） / 2着集中度: 上位2艇 69.4%（補正+0.00） / 総合判定確率: 0.141 / → ヒモはやや固め。上位2艇以外を切ること', 'tenji_trigger': '展示確認: 1号艇伸び良→そのまま採用。悪→飛び組に差し替え。circle_pct上位2艇に絞り込むこと。'}",,,29.4,逃げ狙い,16.05,33.9,3,,,,,,,,,,,
2026-02-03,丸亀,8,4,田中京介,A2,28.87,4,,6.5403,20.3,69,47.2,0.1299,2.7917,,,0,低,91,0,差0% ま0% 差ま0%,12,0,46.1,0.9298,0,0.0882,0.0294,0.0294,0,0.0235,0.1471,0.3353,,◎,E,△,◎,0.4125,0.6375,0.4532,0.4314,A,77,0,◎-○軸 3着3〜4艇流し（10〜15点）,0.5777,"{'is_target': True, 'verdict': '点数絞り', 'max_combo_prob': 0.1412, 'est_top_odds': 9.4, 'circle_concentration': 69.4, 'eligible_count': 8, 'bet_adj': 0, 'reason': 'rel_win1=67.2%（本命度） / 最有力組み合わせ確率: 0.141（推定実オッズ?9倍） / 2着集中度: 上位2艇 69.4%（補正+0.00） / 総合判定確率: 0.141 / → ヒモはやや固め。上位2艇以外を切ること', 'tenji_trigger': '展示確認: 1号艇伸び良→そのまま採用。悪→飛び組に差し替え。circle_pct上位2艇に絞り込むこと。'}",,,29.4,逃げ狙い,16.05,33.9,3,,,,,,,,,,,
2026-02-03,丸亀,8,5,大崎　翔,B1,44.09,5,△,4.2956,10,39,37.1,0.1656,3.7071,,,0,低,117,0,-,2,0,28.2,0.9288,,,,,,0.3127,0.0727,0.1745,,,B,○,,0.2969,0.643,,0.4314,A,77,0,◎-○軸 3着3〜4艇流し（10〜15点）,0.5777,"{'is_target': True, 'verdict': '点数絞り', 'max_combo_prob': 0.1412, 'est_top_odds': 9.4, 'circle_concentration': 69.4, 'eligible_count': 8, 'bet_adj': 0, 'reason': 'rel_win1=67.2%（本命度） / 最有力組み合わせ確率: 0.141（推定実オッズ?9倍） / 2着集中度: 上位2艇 69.4%（補正+0.00） / 総合判定確率: 0.141 / → ヒモはやや固め。上位2艇以外を切ること', 'tenji_trigger': '展示確認: 1号艇伸び良→そのまま採用。悪→飛び組に差し替え。circle_pct上位2艇に絞り込むこと。'}",,,29.4,逃げ狙い,16.05,33.9,3,,,,,,,,,,,
2026-02-03,丸亀,8,6,甲斐貴大,B2,30.43,6,,1.1199,0.3,13,0,0.2052,3.9022,,,0,低,25,0,-,6,0,22.5,0.6061,,,,,,,,,,,D,,,0.1684,0.3645,,0.4314,A,77,0,◎-○軸 3着3〜4艇流し（10〜15点）,0.5777,"{'is_target': True, 'verdict': '点数絞り', 'max_combo_prob': 0.1412, 'est_top_odds': 9.4, 'circle_concentration': 69.4, 'eligible_count': 8, 'bet_adj': 0, 'reason': 'rel_win1=67.2%（本命度） / 最有力組み合わせ確率: 0.141（推定実オッズ?9倍） / 2着集中度: 上位2艇 69.4%（補正+0.00） / 総合判定確率: 0.141 / → ヒモはやや固め。上位2艇以外を切ること', 'tenji_trigger': '展示確認: 1号艇伸び良→そのまま採用。悪→飛び組に差し替え。circle_pct上位2艇に絞り込むこと。'}",,,29.4,逃げ狙い,16.05,33.9,3,,,,,,,,,,,
2026-02-03,丸亀,9,1,青木幸太,A2,27.16,1,◎,62.7421,,0,89.8,0.1669,2.8983,,,0,低,86,0,逃0%,64,0,89.6,1.3206,0.6471,,,,,0.0882,0.0588,0.1176,◎,,D,△,,,0.615,,0.5383,S,80,0,◎1着固定 2-3着流し（5〜8点）,0.5777,"{'is_target': True, 'verdict': '参加推奨', 'max_combo_prob': 0.0889, 'est_top_odds': 15.0, 'circle_concentration': 65.0, 'eligible_count': 6, 'bet_adj': 2, 'reason': 'rel_win1=62.7%（本命度） / 最有力組み合わせ確率: 0.089（推定実オッズ?15倍） / 2着集中度: 上位2艇 65.0%（補正+0.00） / 総合判定確率: 0.089 / → ヒモ分散。1号艇1着固定で広めのヒモ流し推奨（買い目+2点）', 'tenji_trigger': '展示確認: ヒモ分散レース。1号艇伸び確認後、広めのヒモ流しを採用。穴ヒモ（5・6号艇）を積極的に含める。'}",,,27.7,逃げ狙い,17.08,28,4,,,,,0,0,0.7559,0,,逃げ軸流し,A
2026-02-03,丸亀,9,2,川崎公靖,B1,23.17,2,△,7.6067,39.5,93,50.7,0.1608,3.2877,,,0,低,102,0,-,56,0,100,1.9784,0,0,0.0345,0,0,0.1053,0.0421,0.5053,,◎,D,△,,0.3774,0.6275,,0.5383,S,80,0,◎1着固定 2-3着流し（5〜8点）,0.5777,"{'is_target': True, 'verdict': '参加推奨', 'max_combo_prob': 0.0889, 'est_top_odds': 15.0, 'circle_concentration': 65.0, 'eligible_count': 6, 'bet_adj': 2, 'reason': 'rel_win1=62.7%（本命度） / 最有力組み合わせ確率: 0.089（推定実オッズ?15倍） / 2着集中度: 上位2艇 65.0%（補正+0.00） / 総合判定確率: 0.089 / → ヒモ分散。1号艇1着固定で広めのヒモ流し推奨（買い目+2点）', 'tenji_trigger': '展示確認: ヒモ分散レース。1号艇伸び確認後、広めのヒモ流しを採用。穴ヒモ（5・6号艇）を積極的に含める。'}",,,27.7,逃げ狙い,17.08,28,4,,,,,,,,,,,
2026-02-03,丸亀,9,3,石川吉鎬,A2,19.28,3,,10.1038,25.4,100,62,0.1786,3.5423,,,0,低,188,0,-,34,0,18,0.5973,0,0,0.0357,0.0714,0,0.189,0.189,0.189,,,E,◎,,0.247,0.6575,,0.5383,S,80,0,◎1着固定 2-3着流し（5〜8点）,0.5777,"{'is_target': True, 'verdict': '参加推奨', 'max_combo_prob': 0.0889, 'est_top_odds': 15.0, 'circle_concentration': 65.0, 'eligible_count': 6, 'bet_adj': 2, 'reason': 'rel_win1=62.7%（本命度） / 最有力組み合わせ確率: 0.089（推定実オッズ?15倍） / 2着集中度: 上位2艇 65.0%（補正+0.00） / 総合判定確率: 0.089 / → ヒモ分散。1号艇1着固定で広めのヒモ流し推奨（買い目+2点）', 'tenji_trigger': '展示確認: ヒモ分散レース。1号艇伸び確認後、広めのヒモ流しを採用。穴ヒモ（5・6号艇）を積極的に含める。'}",,,27.7,逃げ狙い,17.08,28,4,,,,,,,,,,,
2026-02-03,丸亀,9,4,鈴木　博,A2,38.14,4,○,11.8501,23.3,97,69.6,0.1612,3.7143,,,0,低,120,0,-,23,0,73.9,1.4921,0,0.0417,0.0417,0.0833,0,0.05,0.11,0.02,,,B,○,◎,0.3267,0.6475,0.4721,0.5383,S,80,0,◎1着固定 2-3着流し（5〜8点）,0.5777,"{'is_target': True, 'verdict': '参加推奨', 'max_combo_prob': 0.0889, 'est_top_odds': 15.0, 'circle_concentration': 65.0, 'eligible_count': 6, 'bet_adj': 2, 'reason': 'rel_win1=62.7%（本命度） / 最有力組み合わせ確率: 0.089（推定実オッズ?15倍） / 2着集中度: 上位2艇 65.0%（補正+0.00） / 総合判定確率: 0.089 / → ヒモ分散。1号艇1着固定で広めのヒモ流し推奨（買い目+2点）', 'tenji_trigger': '展示確認: ヒモ分散レース。1号艇伸び確認後、広めのヒモ流しを採用。穴ヒモ（5・6号艇）を積極的に含める。'}",,,27.7,逃げ狙い,17.08,28,4,,,,,,,,,,,
2026-02-03,丸亀,9,5,川村正輝,B1,37.74,5,▲,4.8527,3.6,50,24.5,0.1837,4.1224,,,0,低,140,0,-,6,0,37.3,0.7919,,,,,,0.1667,0.1667,0.1667,,,B,,,0.2675,0.57,,0.5383,S,80,0,◎1着固定 2-3着流し（5〜8点）,0.5777,"{'is_target': True, 'verdict': '参加推奨', 'max_combo_prob': 0.0889, 'est_top_odds': 15.0, 'circle_concentration': 65.0, 'eligible_count': 6, 'bet_adj': 2, 'reason': 'rel_win1=62.7%（本命度） / 最有力組み合わせ確率: 0.089（推定実オッズ?15倍） / 2着集中度: 上位2艇 65.0%（補正+0.00） / 総合判定確率: 0.089 / → ヒモ分散。1号艇1着固定で広めのヒモ流し推奨（買い目+2点）', 'tenji_trigger': '展示確認: ヒモ分散レース。1号艇伸び確認後、広めのヒモ流しを採用。穴ヒモ（5・6号艇）を積極的に含める。'}",,,27.7,逃げ狙い,17.08,28,4,,,,,,,,,,,
2026-02-03,丸亀,9,6,田頭虎親,B1,35.71,6,,2.8446,8.1,32,22.2,0.2109,4.5741,,,0,低,121,0,差0%,4,0,30.4,0.8258,0,0.0417,0,0,0,0.1,0.375,0.025,,,C,,,0.148,0.5945,,0.5383,S,80,0,◎1着固定 2-3着流し（5〜8点）,0.5777,"{'is_target': True, 'verdict': '参加推奨', 'max_combo_prob': 0.0889, 'est_top_odds': 15.0, 'circle_concentration': 65.0, 'eligible_count': 6, 'bet_adj': 2, 'reason': 'rel_win1=62.7%（本命度） / 最有力組み合わせ確率: 0.089（推定実オッズ?15倍） / 2着集中度: 上位2艇 65.0%（補正+0.00） / 総合判定確率: 0.089 / → ヒモ分散。1号艇1着固定で広めのヒモ流し推奨（買い目+2点）', 'tenji_trigger': '展示確認: ヒモ分散レース。1号艇伸び確認後、広めのヒモ流しを採用。穴ヒモ（5・6号艇）を積極的に含める。'}",,,27.7,逃げ狙い,17.08,28,4,,,,,,,,,,,
2026-02-03,丸亀,10,1,蒲原健太,A2,50.00,1,◎,57.8338,,0,77,0.1892,3.6885,,,0,低,193,0,-,35,0,82.9,1.0782,0.5588,,,,,0.0953,0.3224,0.2271,△,,A,,,,0.54,,0.2896,A,64,0,◎-○軸 3着3〜4艇流し（10〜15点）,0.5777,"{'is_target': True, 'verdict': '参加推奨', 'max_combo_prob': 0.0648, 'est_top_odds': 20.6, 'circle_concentration': 65.7, 'eligible_count': 8, 'bet_adj': 2, 'reason': 'rel_win1=57.8%（本命度） / 最有力組み合わせ確率: 0.065（推定実オッズ?21倍） / 2着集中度: 上位2艇 65.7%（補正+0.00） / 総合判定確率: 0.065 / → ヒモ分散。1号艇1着固定で広めのヒモ流し推奨（買い目+2点）', 'tenji_trigger': '展示確認: ヒモ分散レース。1号艇伸び確認後、広めのヒモ流しを採用。穴ヒモ（5・6号艇）を積極的に含める。\n展示で1号艇スタート遅め(0.189秒)確認→ヒモが荒れやすい'}",,,31.5,両建て推奨,17.96,38,5,5-1-6|5-6-1|1-2-5|1-3-5|5-1-3|1-2-3|1-3-2,2-1-3|4-1-2|4-1-3|5-1-6|5-6-1|4-2-1|4-1-6|1-2-5|1-3-5|5-1-3|1-2-3|1-3-2,5-1-6:1.89%|5-6-1:1.86%|1-2-5:8.26%|1-3-5:8.24%|5-1-3:6.85%|1-2-3:5.67%|1-3-2:5.28%,5-1-6:B_main|5-6-1:B_main|1-2-5:A|1-3-5:A|5-1-3:B_sc|1-2-3:A|1-3-2:A,7,12,0.4535,1,[!]見送り推奨（主役決まり手「まくり」― 逃げ劣勢レースで的中実績なし）,荒れ広め,D
2026-02-03,丸亀,10,2,繁野谷圭,A2,24.73,2,,9.8222,36.7,100,54.4,0.191,3.9706,,,0,低,180,0,差0% 抜0%,51,0,59.6,0.8914,0,0.069,0,0,0.069,0.0108,0.0432,0.2232,,,D,△,,0.3109,0.6095,,0.2896,A,64,0,◎-○軸 3着3〜4艇流し（10〜15点）,0.5777,"{'is_target': True, 'verdict': '参加推奨', 'max_combo_prob': 0.0648, 'est_top_odds': 20.6, 'circle_concentration': 65.7, 'eligible_count': 8, 'bet_adj': 2, 'reason': 'rel_win1=57.8%（本命度） / 最有力組み合わせ確率: 0.065（推定実オッズ?21倍） / 2着集中度: 上位2艇 65.7%（補正+0.00） / 総合判定確率: 0.065 / → ヒモ分散。1号艇1着固定で広めのヒモ流し推奨（買い目+2点）', 'tenji_trigger': '展示確認: ヒモ分散レース。1号艇伸び確認後、広めのヒモ流しを採用。穴ヒモ（5・6号艇）を積極的に含める。\n展示で1号艇スタート遅め(0.189秒)確認→ヒモが荒れやすい'}",,,31.5,両建て推奨,17.96,38,5,,,,,,,,,,,
2026-02-03,丸亀,10,3,吉田一郎,A2,44.68,3,▲,9.4898,29,85,56.2,0.1404,3.2812,,,0,低,66,0,ま0% 差ま0%,1S,0,50.4,1.0165,0,0,0.0769,0.0385,0,0.1221,0.0316,0.1326,,○,B,○,,0.5036,0.6245,,0.2896,A,64,0,◎-○軸 3着3〜4艇流し（10〜15点）,0.5777,"{'is_target': True, 'verdict': '参加推奨', 'max_combo_prob': 0.0648, 'est_top_odds': 20.6, 'circle_concentration': 65.7, 'eligible_count': 8, 'bet_adj': 2, 'reason': 'rel_win1=57.8%（本命度） / 最有力組み合わせ確率: 0.065（推定実オッズ?21倍） / 2着集中度: 上位2艇 65.7%（補正+0.00） / 総合判定確率: 0.065 / → ヒモ分散。1号艇1着固定で広めのヒモ流し推奨（買い目+2点）', 'tenji_trigger': '展示確認: ヒモ分散レース。1号艇伸び確認後、広めのヒモ流しを採用。穴ヒモ（5・6号艇）を積極的に含める。\n展示で1号艇スタート遅め(0.189秒)確認→ヒモが荒れやすい'}",,,31.5,両建て推奨,17.96,38,5,,,,,,,,,,,
2026-02-03,丸亀,10,4,海老澤泰,B1,29.59,4,△,5.1466,7.6,95,33.3,0.1843,3.7647,,,0,低,128,0,-,1,0,17.5,0.4934,0,0,0,0.05,0,0.2354,0.08,0.3531,,,D,,,0.3527,0.6055,,0.2896,A,64,0,◎-○軸 3着3〜4艇流し（10〜15点）,0.5777,"{'is_target': True, 'verdict': '参加推奨', 'max_combo_prob': 0.0648, 'est_top_odds': 20.6, 'circle_concentration': 65.7, 'eligible_count': 8, 'bet_adj': 2, 'reason': 'rel_win1=57.8%（本命度） / 最有力組み合わせ確率: 0.065（推定実オッズ?21倍） / 2着集中度: 上位2艇 65.7%（補正+0.00） / 総合判定確率: 0.065 / → ヒモ分散。1号艇1着固定で広めのヒモ流し推奨（買い目+2点）', 'tenji_trigger': '展示確認: ヒモ分散レース。1号艇伸び確認後、広めのヒモ流しを採用。穴ヒモ（5・6号艇）を積極的に含める。\n展示で1号艇スタート遅め(0.189秒)確認→ヒモが荒れやすい'}",,,31.5,両建て推奨,17.96,38,5,,,,,,,,,,,
2026-02-03,丸亀,10,5,中辻崇人,A1,40.43,5,○,16.7247,24,93,82,0.1264,2.6026,,,0,低,42,0,差ま1%,11,0,83.8,1.3786,0,0,0.3333,0.0667,0,0.2667,0,0,,◎,C,◎,◎,0.6012,0.6505,0.4975,0.2896,A,64,0,◎-○軸 3着3〜4艇流し（10〜15点）,0.5777,"{'is_target': True, 'verdict': '参加推奨', 'max_combo_prob': 0.0648, 'est_top_odds': 20.6, 'circle_concentration': 65.7, 'eligible_count': 8, 'bet_adj': 2, 'reason': 'rel_win1=57.8%（本命度） / 最有力組み合わせ確率: 0.065（推定実オッズ?21倍） / 2着集中度: 上位2艇 65.7%（補正+0.00） / 総合判定確率: 0.065 / → ヒモ分散。1号艇1着固定で広めのヒモ流し推奨（買い目+2点）', 'tenji_trigger': '展示確認: ヒモ分散レース。1号艇伸び確認後、広めのヒモ流しを採用。穴ヒモ（5・6号艇）を積極的に含める。\n展示で1号艇スタート遅め(0.189秒)確認→ヒモが荒れやすい'}",,,31.5,両建て推奨,17.96,38,5,,,,,,,,,,,
2026-02-03,丸亀,10,6,深川和仁,B1,23.38,6,,0.9829,2.7,38,22.7,0.1905,4.2614,,,0,低,130,0,-,13,0,38.9,1.0964,,,,,,0.2,0.0167,0.05,,,E,△,,0.3462,0.606,,0.2896,A,64,0,◎-○軸 3着3〜4艇流し（10〜15点）,0.5777,"{'is_target': True, 'verdict': '参加推奨', 'max_combo_prob': 0.0648, 'est_top_odds': 20.6, 'circle_concentration': 65.7, 'eligible_count': 8, 'bet_adj': 2, 'reason': 'rel_win1=57.8%（本命度） / 最有力組み合わせ確率: 0.065（推定実オッズ?21倍） / 2着集中度: 上位2艇 65.7%（補正+0.00） / 総合判定確率: 0.065 / → ヒモ分散。1号艇1着固定で広めのヒモ流し推奨（買い目+2点）', 'tenji_trigger': '展示確認: ヒモ分散レース。1号艇伸び確認後、広めのヒモ流しを採用。穴ヒモ（5・6号艇）を積極的に含める。\n展示で1号艇スタート遅め(0.189秒)確認→ヒモが荒れやすい'}",,,31.5,両建て推奨,17.96,38,5,,,,,,,,,,,
2026-02-03,丸亀,11,1,中辻博訓,A1,31.52,1,◎,63.6259,,0,91.7,0.128,2.1667,,,0,低,53,0,逃1%,32,0,65.7,1.01,0.6304,,,,,0.1205,0.0174,0.1981,◎,,C,○,,,0.6875,,0.708,S,87,0,◎1着固定 2-3着流し（5〜8点）,0.5777,"{'is_target': True, 'verdict': '点数絞り', 'max_combo_prob': 0.102, 'est_top_odds': 13.1, 'circle_concentration': 71.3, 'eligible_count': 6, 'bet_adj': 0, 'reason': 'rel_win1=63.6%（本命度） / 最有力組み合わせ確率: 0.102（推定実オッズ?13倍） / 2着集中度: 上位2艇 71.3%（補正+0.04） / 総合判定確率: 0.142 / → ヒモはやや固め。上位2艇以外を切ること', 'tenji_trigger': '展示確認: 1号艇伸び良→そのまま採用。悪→飛び組に差し替え。circle_pct上位2艇に絞り込むこと。\n展示で1号艇スタート超安定(0.128秒)→ヒモ固まり方向に注意'}",,,26.8,逃げ狙い,15.07,27.3,2,,,,,0,0,0.7559,0,,逃げ軸流し,A
2026-02-03,丸亀,11,2,小林　泰,A2,24.18,2,▲,13.549,44.3,50,60.4,0.1479,3.6226,,,0,低,73,0,-,22,0,94.5,1.7624,0,0.0556,0.0556,0,0,0.1111,0.0741,0.0741,,,D,◎,,0.1312,0.6885,,0.708,S,87,0,◎1着固定 2-3着流し（5〜8点）,0.5777,"{'is_target': True, 'verdict': '点数絞り', 'max_combo_prob': 0.102, 'est_top_odds': 13.1, 'circle_concentration': 71.3, 'eligible_count': 6, 'bet_adj': 0, 'reason': 'rel_win1=63.6%（本命度） / 最有力組み合わせ確率: 0.102（推定実オッズ?13倍） / 2着集中度: 上位2艇 71.3%（補正+0.04） / 総合判定確率: 0.142 / → ヒモはやや固め。上位2艇以外を切ること', 'tenji_trigger': '展示確認: 1号艇伸び良→そのまま採用。悪→飛び組に差し替え。circle_pct上位2艇に絞り込むこと。\n展示で1号艇スタート超安定(0.128秒)→ヒモ固まり方向に注意'}",,,26.8,逃げ狙い,15.07,27.3,2,,,,,,,,,,,
2026-02-03,丸亀,11,3,木山和幸,A2,53.93,3,○,9.4603,27.1,72,54.4,0.1463,3.3603,,,0,低,135,0,差ま1%,2,0,36.9,1.0558,0,0,0.0357,0.0357,0,0.048,0.016,0.148,,,A,△,,0.2027,0.6205,,0.708,S,87,0,◎1着固定 2-3着流し（5〜8点）,0.5777,"{'is_target': True, 'verdict': '点数絞り', 'max_combo_prob': 0.102, 'est_top_odds': 13.1, 'circle_concentration': 71.3, 'eligible_count': 6, 'bet_adj': 0, 'reason': 'rel_win1=63.6%（本命度） / 最有力組み合わせ確率: 0.102（推定実オッズ?13倍） / 2着集中度: 上位2艇 71.3%（補正+0.04） / 総合判定確率: 0.142 / → ヒモはやや固め。上位2艇以外を切ること', 'tenji_trigger': '展示確認: 1号艇伸び良→そのまま採用。悪→飛び組に差し替え。circle_pct上位2艇に絞り込むこと。\n展示で1号艇スタート超安定(0.128秒)→ヒモ固まり方向に注意'}",,,26.8,逃げ狙い,15.07,27.3,2,,,,,,,,,,,
2026-02-03,丸亀,11,4,佐々木翔,A2,20.73,4,,8.7018,19.5,100,60.8,0.1512,2.9804,,,0,低,101,0,-,2,0,32.7,0.886,0,0.0435,0.1304,0,0,0.0387,0.1373,0.1502,,,E,,◎,0.224,0.5985,0.366,0.708,S,87,0,◎1着固定 2-3着流し（5〜8点）,0.5777,"{'is_target': True, 'verdict': '点数絞り', 'max_combo_prob': 0.102, 'est_top_odds': 13.1, 'circle_concentration': 71.3, 'eligible_count': 6, 'bet_adj': 0, 'reason': 'rel_win1=63.6%（本命度） / 最有力組み合わせ確率: 0.102（推定実オッズ?13倍） / 2着集中度: 上位2艇 71.3%（補正+0.04） / 総合判定確率: 0.142 / → ヒモはやや固め。上位2艇以外を切ること', 'tenji_trigger': '展示確認: 1号艇伸び良→そのまま採用。悪→飛び組に差し替え。circle_pct上位2艇に絞り込むこと。\n展示で1号艇スタート超安定(0.128秒)→ヒモ固まり方向に注意'}",,,26.8,逃げ狙い,15.07,27.3,2,,,,,,,,,,,
2026-02-03,丸亀,11,5,井上恵一,A2,37.78,5,△,2.8626,6,66,25,0.1893,4.0682,,,0,低,109,0,-,15,0,47.3,1.1193,,,,,,0.1462,0.0462,0.3923,,,B,△,,0.1378,0.6315,,0.708,S,87,0,◎1着固定 2-3着流し（5〜8点）,0.5777,"{'is_target': True, 'verdict': '点数絞り', 'max_combo_prob': 0.102, 'est_top_odds': 13.1, 'circle_concentration': 71.3, 'eligible_count': 6, 'bet_adj': 0, 'reason': 'rel_win1=63.6%（本命度） / 最有力組み合わせ確率: 0.102（推定実オッズ?13倍） / 2着集中度: 上位2艇 71.3%（補正+0.04） / 総合判定確率: 0.142 / → ヒモはやや固め。上位2艇以外を切ること', 'tenji_trigger': '展示確認: 1号艇伸び良→そのまま採用。悪→飛び組に差し替え。circle_pct上位2艇に絞り込むこと。\n展示で1号艇スタート超安定(0.128秒)→ヒモ固まり方向に注意'}",,,26.8,逃げ狙い,15.07,27.3,2,,,,,,,,,,,
2026-02-03,丸亀,11,6,鈴木勝博,A2,24.14,6,,1.8005,3.2,38,15.4,0.1567,3.4615,,,0,低,90,0,差ま0%,54,0,28,0.8444,0,0,0,0.0385,0,0.1171,0.2776,0.0211,,,D,,,0.1913,0.6045,,0.708,S,87,0,◎1着固定 2-3着流し（5〜8点）,0.5777,"{'is_target': True, 'verdict': '点数絞り', 'max_combo_prob': 0.102, 'est_top_odds': 13.1, 'circle_concentration': 71.3, 'eligible_count': 6, 'bet_adj': 0, 'reason': 'rel_win1=63.6%（本命度） / 最有力組み合わせ確率: 0.102（推定実オッズ?13倍） / 2着集中度: 上位2艇 71.3%（補正+0.04） / 総合判定確率: 0.142 / → ヒモはやや固め。上位2艇以外を切ること', 'tenji_trigger': '展示確認: 1号艇伸び良→そのまま採用。悪→飛び組に差し替え。circle_pct上位2艇に絞り込むこと。\n展示で1号艇スタート超安定(0.128秒)→ヒモ固まり方向に注意'}",,,26.8,逃げ狙い,15.07,27.3,2,,,,,,,,,,,
2026-02-03,丸亀,12,1,廣中智紗,A1,19.28,1,◎,59.0945,,0,84.9,0.1988,3.5758,,,0,低,82,0,逃1%,56,0,77.8,1.1047,0.5789,,,,,0.0421,0.1632,0.2632,△,,E,△,,,0.5755,,0.318,S,81,0,◎1着固定 2-3着流し（5〜8点）,0.5777,"{'is_target': True, 'verdict': '点数絞り', 'max_combo_prob': 0.1204, 'est_top_odds': 11.1, 'circle_concentration': 75.5, 'eligible_count': 6, 'bet_adj': 0, 'reason': 'rel_win1=59.1%（本命度） / 最有力組み合わせ確率: 0.120（推定実オッズ?11倍） / 2着集中度: 上位2艇 75.5%（補正+0.04） / 総合判定確率: 0.160 / → ヒモはやや固め。上位2艇以外を切ること', 'tenji_trigger': '展示確認: 1号艇伸び良→そのまま採用。悪→飛び組に差し替え。circle_pct上位2艇に絞り込むこと。\n展示で1号艇スタート遅め(0.199秒)確認→ヒモが荒れやすい'}",,,33.8,逃げ狙い,14.44,33.3,4,2-1-4|2-1-5|1-2-4|1-2-5|1-4-5|1-4-2,6-1-4|6-4-1|6-1-5|5-1-6|5-6-1|2-1-4|6-1-3|2-1-5|1-2-4|1-2-5|1-4-5|1-4-2,2-1-4:1.9%|2-1-5:10.38%|1-2-4:9.91%|1-2-5:8.8%|1-4-5:5.56%|1-4-2:5.2%,2-1-4:B_main|2-1-5:B_sc|1-2-4:A|1-2-5:A|1-4-5:A|1-4-2:A,6,12,0.4535,1,[!]見送り推奨（主役決まり手「差し」― 逃げ劣勢レースで的中実績なし）,荒れ広め,D
2026-02-03,丸亀,12,2,藤堂里香,A2,35.48,2,△,7.8568,52,94,61.5,0.1704,3.0577,,,0,低,52,0,-,3,0,39.6,0.8747,0,0.0833,0,0,0,0.2,0.2,0,,◎,C,,,0.5681,0.564,,0.318,S,81,0,◎1着固定 2-3着流し（5〜8点）,0.5777,"{'is_target': True, 'verdict': '点数絞り', 'max_combo_prob': 0.1204, 'est_top_odds': 11.1, 'circle_concentration': 75.5, 'eligible_count': 6, 'bet_adj': 0, 'reason': 'rel_win1=59.1%（本命度） / 最有力組み合わせ確率: 0.120（推定実オッズ?11倍） / 2着集中度: 上位2艇 75.5%（補正+0.04） / 総合判定確率: 0.160 / → ヒモはやや固め。上位2艇以外を切ること', 'tenji_trigger': '展示確認: 1号艇伸び良→そのまま採用。悪→飛び組に差し替え。circle_pct上位2艇に絞り込むこと。\n展示で1号艇スタート遅め(0.199秒)確認→ヒモが荒れやすい'}",,,33.8,逃げ狙い,14.44,33.3,4,,,,,,,,,,,
2026-02-03,丸亀,12,3,本部めぐ,B1,37.63,3,,9.7075,13.5,100,29.4,0.2018,4,,,0,低,54,0,ま0%,6,0,17.9,0.7006,0,0,0.0833,0,0,0.3,0.1,0.2,,,C,△,,0.2791,0.5645,,0.318,S,81,0,◎1着固定 2-3着流し（5〜8点）,0.5777,"{'is_target': True, 'verdict': '点数絞り', 'max_combo_prob': 0.1204, 'est_top_odds': 11.1, 'circle_concentration': 75.5, 'eligible_count': 6, 'bet_adj': 0, 'reason': 'rel_win1=59.1%（本命度） / 最有力組み合わせ確率: 0.120（推定実オッズ?11倍） / 2着集中度: 上位2艇 75.5%（補正+0.04） / 総合判定確率: 0.160 / → ヒモはやや固め。上位2艇以外を切ること', 'tenji_trigger': '展示確認: 1号艇伸び良→そのまま採用。悪→飛び組に差し替え。circle_pct上位2艇に絞り込むこと。\n展示で1号艇スタート遅め(0.199秒)確認→ヒモが荒れやすい'}",,,33.8,逃げ狙い,14.44,33.3,4,,,,,,,,,,,
2026-02-03,丸亀,12,4,山下夏鈴,B1,48.91,4,○,14.7357,23.6,55,47.4,0.1518,2.8816,,,0,低,64,0,ま0%,2,0,69.8,1.2696,0,0,0.2353,0,0,0,0.0267,0.2,,○,A,◎,◎,0.5225,0.616,0.3387,0.318,S,81,0,◎1着固定 2-3着流し（5〜8点）,0.5777,"{'is_target': True, 'verdict': '点数絞り', 'max_combo_prob': 0.1204, 'est_top_odds': 11.1, 'circle_concentration': 75.5, 'eligible_count': 6, 'bet_adj': 0, 'reason': 'rel_win1=59.1%（本命度） / 最有力組み合わせ確率: 0.120（推定実オッズ?11倍） / 2着集中度: 上位2艇 75.5%（補正+0.04） / 総合判定確率: 0.160 / → ヒモはやや固め。上位2艇以外を切ること', 'tenji_trigger': '展示確認: 1号艇伸び良→そのまま採用。悪→飛び組に差し替え。circle_pct上位2艇に絞り込むこと。\n展示で1号艇スタート遅め(0.199秒)確認→ヒモが荒れやすい'}",,,33.8,逃げ狙い,14.44,33.3,4,,,,,,,,,,,
2026-02-03,丸亀,12,5,藤原菜希,A2,47.78,5,▲,7.5032,10.6,87,54.5,0.1605,2.8636,,,0,低,33,0,-,15,0,88.7,1.561,,,,,,0.1429,0.1429,0.0714,,△,B,○,,0.4274,0.6005,,0.318,S,81,0,◎1着固定 2-3着流し（5〜8点）,0.5777,"{'is_target': True, 'verdict': '点数絞り', 'max_combo_prob': 0.1204, 'est_top_odds': 11.1, 'circle_concentration': 75.5, 'eligible_count': 6, 'bet_adj': 0, 'reason': 'rel_win1=59.1%（本命度） / 最有力組み合わせ確率: 0.120（推定実オッズ?11倍） / 2着集中度: 上位2艇 75.5%（補正+0.04） / 総合判定確率: 0.160 / → ヒモはやや固め。上位2艇以外を切ること', 'tenji_trigger': '展示確認: 1号艇伸び良→そのまま採用。悪→飛び組に差し替え。circle_pct上位2艇に絞り込むこと。\n展示で1号艇スタート遅め(0.199秒)確認→ヒモが荒れやすい'}",,,33.8,逃げ狙い,14.44,33.3,4,,,,,,,,,,,
2026-02-03,丸亀,12,6,戸田海咲,B2,24.68,6,,1.1023,0.4,13,1.5,0.1995,4.6136,,,0,低,45,0,-,6,0,38.5,0.8311,,,,,,,,,,,E,,,0.3078,0.4965,,0.318,S,81,0,◎1着固定 2-3着流し（5〜8点）,0.5777,"{'is_target': True, 'verdict': '点数絞り', 'max_combo_prob': 0.1204, 'est_top_odds': 11.1, 'circle_concentration': 75.5, 'eligible_count': 6, 'bet_adj': 0, 'reason': 'rel_win1=59.1%（本命度） / 最有力組み合わせ確率: 0.120（推定実オッズ?11倍） / 2着集中度: 上位2艇 75.5%（補正+0.04） / 総合判定確率: 0.160 / → ヒモはやや固め。上位2艇以外を切ること', 'tenji_trigger': '展示確認: 1号艇伸び良→そのまま採用。悪→飛び組に差し替え。circle_pct上位2艇に絞り込むこと。\n展示で1号艇スタート遅め(0.199秒)確認→ヒモが荒れやすい'}",,,33.8,逃げ狙い,14.44,33.3,4,,,,,,,,,,,
2026-02-04,丸亀,1,1,本部めぐ,B1,37.63,1,◎,64.0298,,0,53.3,0.2127,4.2,,,0,低,54,0,逃0%,6 56,0,51.3,0.7978,0.3,,,,,0.3,0.1,0.2,,,B,,,,0.5645,,0.1438,B,48,0,◎○△フォーメーション（15〜20点）,0.5777,"{'is_target': True, 'verdict': '点数絞り', 'max_combo_prob': 0.0869, 'est_top_odds': 15.4, 'circle_concentration': 72.4, 'eligible_count': 9, 'bet_adj': 0, 'reason': 'rel_win1=64.0%（本命度） / 最有力組み合わせ確率: 0.087（推定実オッズ?15倍） / 2着集中度: 上位2艇 72.4%（補正+0.04） / 総合判定確率: 0.127 / → ヒモはやや固め。上位2艇以外を切ること', 'tenji_trigger': '展示確認: 1号艇伸び良→そのまま採用。悪→飛び組に差し替え。circle_pct上位2艇に絞り込むこと。\n展示で1号艇スタート遅め(0.213秒)確認→ヒモが荒れやすい'}",,,34.3,両建て推奨,9.62,39,2,5-1-2|5-1-3|5-1-6|5-2-1|5-2-3|5-2-6|5-3-1|1-2-4|1-2-3|1-3-4|1-2-5|1-3-5,5-1-2|5-1-3|5-1-6|5-2-1|5-2-3|5-2-6|5-3-1|1-2-4|1-2-3|1-3-4|1-2-5|1-3-5,5-1-2:2.14%|5-1-3:1.61%|5-1-6:1.51%|5-2-1:1.19%|5-2-3:0.66%|5-2-6:0.62%|5-3-1:0.57%|1-2-4:4.12%|1-2-3:3.86%|1-3-4:3.58%|1-2-5:3.58%|1-3-5:3.12%,5-1-2:B_main|5-1-3:B_main|5-1-6:B_main|5-2-1:B_main|5-2-3:B_main|5-2-6:B_main|5-3-1:B_main|1-2-4:A|1-2-3:A|1-3-4:A|1-2-5:A|1-3-5:A,12,12,0.2915,1,[!]見送り推奨（主役決まり手「まくり差し」― 逃げ劣勢レースで的中実績なし）,主役軸流し,B
2026-02-04,丸亀,1,2,山崎善庸,B1,22.22,2,,8.5651,45.4,58,41,0.2207,4.9344,,,0,低,243,0,-,253,0,58.6,1.2455,,,,,,0.0727,0.3491,0.3309,,,E,△,,0.2475,0.5725,,0.1438,B,48,0,◎○△フォーメーション（15〜20点）,0.5777,"{'is_target': True, 'verdict': '点数絞り', 'max_combo_prob': 0.0869, 'est_top_odds': 15.4, 'circle_concentration': 72.4, 'eligible_count': 9, 'bet_adj': 0, 'reason': 'rel_win1=64.0%（本命度） / 最有力組み合わせ確率: 0.087（推定実オッズ?15倍） / 2着集中度: 上位2艇 72.4%（補正+0.04） / 総合判定確率: 0.127 / → ヒモはやや固め。上位2艇以外を切ること', 'tenji_trigger': '展示確認: 1号艇伸び良→そのまま採用。悪→飛び組に差し替え。circle_pct上位2艇に絞り込むこと。\n展示で1号艇スタート遅め(0.213秒)確認→ヒモが荒れやすい'}",,,34.3,両建て推奨,9.62,39,2,,,,,,,,,,,
2026-02-04,丸亀,1,3,山田佑樹,B1,34.07,3,▲,12.3728,26.9,100,43.6,0.1475,3.2818,,,0,低,110,0,-,6 43,0,46.1,0.9448,0,0.0476,0,0.0476,0,0.0842,0,0.2253,,○,C,○,,0.4607,0.6115,,0.1438,B,48,0,◎○△フォーメーション（15〜20点）,0.5777,"{'is_target': True, 'verdict': '点数絞り', 'max_combo_prob': 0.0869, 'est_top_odds': 15.4, 'circle_concentration': 72.4, 'eligible_count': 9, 'bet_adj': 0, 'reason': 'rel_win1=64.0%（本命度） / 最有力組み合わせ確率: 0.087（推定実オッズ?15倍） / 2着集中度: 上位2艇 72.4%（補正+0.04） / 総合判定確率: 0.127 / → ヒモはやや固め。上位2艇以外を切ること', 'tenji_trigger': '展示確認: 1号艇伸び良→そのまま採用。悪→飛び組に差し替え。circle_pct上位2艇に絞り込むこと。\n展示で1号艇スタート遅め(0.213秒)確認→ヒモが荒れやすい'}",,,34.3,両建て推奨,9.62,39,2,,,,,,,,,,,
2026-02-04,丸亀,1,4,重冨勇哉,B1,36.73,4,△,8.6999,17.6,96,43.9,0.1541,3.2561,,,0,低,99,0,-,444,0,83.4,1.3766,0,0,0,0.0417,0,0.3242,0.0632,0.2042,,△,C,△,,0.4589,0.57,,0.1438,B,48,0,◎○△フォーメーション（15〜20点）,0.5777,"{'is_target': True, 'verdict': '点数絞り', 'max_combo_prob': 0.0869, 'est_top_odds': 15.4, 'circle_concentration': 72.4, 'eligible_count': 9, 'bet_adj': 0, 'reason': 'rel_win1=64.0%（本命度） / 最有力組み合わせ確率: 0.087（推定実オッズ?15倍） / 2着集中度: 上位2艇 72.4%（補正+0.04） / 総合判定確率: 0.127 / → ヒモはやや固め。上位2艇以外を切ること', 'tenji_trigger': '展示確認: 1号艇伸び良→そのまま採用。悪→飛び組に差し替え。circle_pct上位2艇に絞り込むこと。\n展示で1号艇スタート遅め(0.213秒)確認→ヒモが荒れやすい'}",,,34.3,両建て推奨,9.62,39,2,,,,,,,,,,,
2026-02-04,丸亀,1,5,鐘ヶ江真,B1,42.86,5,○,4.977,8.5,95,27.3,0.1609,3.3182,,,0,低,54,0,-,424,0,44.9,0.8014,,,,,,,,,,◎,A,,,0.4785,0.513,,0.1438,B,48,0,◎○△フォーメーション（15〜20点）,0.5777,"{'is_target': True, 'verdict': '点数絞り', 'max_combo_prob': 0.0869, 'est_top_odds': 15.4, 'circle_concentration': 72.4, 'eligible_count': 9, 'bet_adj': 0, 'reason': 'rel_win1=64.0%（本命度） / 最有力組み合わせ確率: 0.087（推定実オッズ?15倍） / 2着集中度: 上位2艇 72.4%（補正+0.04） / 総合判定確率: 0.127 / → ヒモはやや固め。上位2艇以外を切ること', 'tenji_trigger': '展示確認: 1号艇伸び良→そのまま採用。悪→飛び組に差し替え。circle_pct上位2艇に絞り込むこと。\n展示で1号艇スタート遅め(0.213秒)確認→ヒモが荒れやすい'}",,,34.3,両建て推奨,9.62,39,2,,,,,,,,,,,
2026-02-04,丸亀,1,6,竹田広樹,B1,26.37,6,,1.3555,1.5,44,9.1,0.2116,4.3295,,,0,低,177,0,-,364,0,25.1,0.5461,,,,,,0.0526,0.1579,0.3158,,,D,◎,,0.3135,0.6185,,0.1438,B,48,0,◎○△フォーメーション（15〜20点）,0.5777,"{'is_target': True, 'verdict': '点数絞り', 'max_combo_prob': 0.0869, 'est_top_odds': 15.4, 'circle_concentration': 72.4, 'eligible_count': 9, 'bet_adj': 0, 'reason': 'rel_win1=64.0%（本命度） / 最有力組み合わせ確率: 0.087（推定実オッズ?15倍） / 2着集中度: 上位2艇 72.4%（補正+0.04） / 総合判定確率: 0.127 / → ヒモはやや固め。上位2艇以外を切ること', 'tenji_trigger': '展示確認: 1号艇伸び良→そのまま採用。悪→飛び組に差し替え。circle_pct上位2艇に絞り込むこと。\n展示で1号艇スタート遅め(0.213秒)確認→ヒモが荒れやすい'}",,,34.3,両建て推奨,9.62,39,2,,,,,,,,,,,
2026-02-04,丸亀,2,1,山下夏鈴,B1,48.91,1,◎,53.4577,,0,64.5,0.1632,3.3387,,,0,低,64,0,逃1%,2 21,0,63.3,0.8724,0.6667,,,,,0,0.0267,0.2,○,,A,△,,,0.616,,0.3616,B,55,0,◎○△フォーメーション（15〜20点）,0.5777,"{'is_target': True, 'verdict': '参加推奨', 'max_combo_prob': 0.055, 'est_top_odds': 24.3, 'circle_concentration': 63.6, 'eligible_count': 9, 'bet_adj': 2, 'reason': 'rel_win1=53.5%（本命度） / 最有力組み合わせ確率: 0.055（推定実オッズ?24倍） / 2着集中度: 上位2艇 63.6%（補正+0.00） / 総合判定確率: 0.055 / → ヒモ分散。1号艇1着固定で広めのヒモ流し推奨（買い目+2点）', 'tenji_trigger': '展示確認: ヒモ分散レース。1号艇伸び確認後、広めのヒモ流しを採用。穴ヒモ（5・6号艇）を積極的に含める。'}",,,27.4,両建て推奨,18.9,25.7,4,,,,,0,0,0.6155,0,,逃げ軸流し,A
2026-02-04,丸亀,2,2,沼田七華,B2,26.80,2,,9.7531,31.1,80,30.8,0.1654,2.8846,,,0,低,44,1,-,4 5,0,85.5,0.5631,,,,,,0.4,0.6,0,,,D,,,0.3055,0.4395,,0.3616,B,55,0,◎○△フォーメーション（15〜20点）,0.5777,"{'is_target': True, 'verdict': '参加推奨', 'max_combo_prob': 0.055, 'est_top_odds': 24.3, 'circle_concentration': 63.6, 'eligible_count': 9, 'bet_adj': 2, 'reason': 'rel_win1=53.5%（本命度） / 最有力組み合わせ確率: 0.055（推定実オッズ?24倍） / 2着集中度: 上位2艇 63.6%（補正+0.00） / 総合判定確率: 0.055 / → ヒモ分散。1号艇1着固定で広めのヒモ流し推奨（買い目+2点）', 'tenji_trigger': '展示確認: ヒモ分散レース。1号艇伸び確認後、広めのヒモ流しを採用。穴ヒモ（5・6号艇）を積極的に含める。'}",,,27.4,両建て推奨,18.9,25.7,4,,,,,,,,,,,
2026-02-04,丸亀,2,3,田中京介,A2,28.87,3,○,17.8913,32.5,89,64.2,0.1276,2.5597,,,0,低,91,0,-,125,0,71.9,1.3844,0,0,0.0882,0.0294,0,0.0235,0.1471,0.3353,,◎,C,◎,,0.4685,0.6375,,0.3616,B,55,0,◎○△フォーメーション（15〜20点）,0.5777,"{'is_target': True, 'verdict': '参加推奨', 'max_combo_prob': 0.055, 'est_top_odds': 24.3, 'circle_concentration': 63.6, 'eligible_count': 9, 'bet_adj': 2, 'reason': 'rel_win1=53.5%（本命度） / 最有力組み合わせ確率: 0.055（推定実オッズ?24倍） / 2着集中度: 上位2艇 63.6%（補正+0.00） / 総合判定確率: 0.055 / → ヒモ分散。1号艇1着固定で広めのヒモ流し推奨（買い目+2点）', 'tenji_trigger': '展示確認: ヒモ分散レース。1号艇伸び確認後、広めのヒモ流しを採用。穴ヒモ（5・6号艇）を積極的に含める。'}",,,27.4,両建て推奨,18.9,25.7,4,,,,,,,,,,,
2026-02-04,丸亀,2,4,片岡大地,B1,27.27,4,▲,11.933,14.4,100,46.3,0.14,2.8806,,,0,低,64,0,差0%,245,0,62.6,1.1185,0,0.037,0,0,0,0.0267,0.2567,0.0267,,,D,△,◎,0.3704,0.6305,0.3422,0.3616,B,55,0,◎○△フォーメーション（15〜20点）,0.5777,"{'is_target': True, 'verdict': '参加推奨', 'max_combo_prob': 0.055, 'est_top_odds': 24.3, 'circle_concentration': 63.6, 'eligible_count': 9, 'bet_adj': 2, 'reason': 'rel_win1=53.5%（本命度） / 最有力組み合わせ確率: 0.055（推定実オッズ?24倍） / 2着集中度: 上位2艇 63.6%（補正+0.00） / 総合判定確率: 0.055 / → ヒモ分散。1号艇1着固定で広めのヒモ流し推奨（買い目+2点）', 'tenji_trigger': '展示確認: ヒモ分散レース。1号艇伸び確認後、広めのヒモ流しを採用。穴ヒモ（5・6号艇）を積極的に含める。'}",,,27.4,両建て推奨,18.9,25.7,4,,,,,,,,,,,
2026-02-04,丸亀,2,5,嶋　義信,B1,22.22,5,,4.5824,15.5,86,39.3,0.1585,3.6066,,,0,低,90,0,-,3112,0,27.4,1.4429,,,,,,0.125,0.15,0.1875,,,E,○,,0.3289,0.632,,0.3616,B,55,0,◎○△フォーメーション（15〜20点）,0.5777,"{'is_target': True, 'verdict': '参加推奨', 'max_combo_prob': 0.055, 'est_top_odds': 24.3, 'circle_concentration': 63.6, 'eligible_count': 9, 'bet_adj': 2, 'reason': 'rel_win1=53.5%（本命度） / 最有力組み合わせ確率: 0.055（推定実オッズ?24倍） / 2着集中度: 上位2艇 63.6%（補正+0.00） / 総合判定確率: 0.055 / → ヒモ分散。1号艇1着固定で広めのヒモ流し推奨（買い目+2点）', 'tenji_trigger': '展示確認: ヒモ分散レース。1号艇伸び確認後、広めのヒモ流しを採用。穴ヒモ（5・6号艇）を積極的に含める。'}",,,27.4,両建て推奨,18.9,25.7,4,,,,,,,,,,,
2026-02-04,丸亀,2,6,海老澤泰,B1,29.59,6,△,2.3825,6.5,50,19.6,0.1702,3.7391,,,0,低,128,0,-,1 33,0,27.4,0.5953,,,,,,0.2354,0.08,0.3531,,,C,,,0.2877,0.6055,,0.3616,B,55,0,◎○△フォーメーション（15〜20点）,0.5777,"{'is_target': True, 'verdict': '参加推奨', 'max_combo_prob': 0.055, 'est_top_odds': 24.3, 'circle_concentration': 63.6, 'eligible_count': 9, 'bet_adj': 2, 'reason': 'rel_win1=53.5%（本命度） / 最有力組み合わせ確率: 0.055（推定実オッズ?24倍） / 2着集中度: 上位2艇 63.6%（補正+0.00） / 総合判定確率: 0.055 / → ヒモ分散。1号艇1着固定で広めのヒモ流し推奨（買い目+2点）', 'tenji_trigger': '展示確認: ヒモ分散レース。1号艇伸び確認後、広めのヒモ流しを採用。穴ヒモ（5・6号艇）を積極的に含める。'}",,,27.4,両建て推奨,18.9,25.7,4,,,,,,,,,,,
2026-02-04,丸亀,3,1,浮田圭浩,B1,22.35,1,◎,54.0965,,0,75.4,0.1563,2.8308,,,0,低,218,0,逃0%,456,0,81.7,0.9874,0.4167,,,,,0.1,0.2033,0.1533,◎,,E,,,,0.6095,,0.4958,A,65,0,◎-○軸 3着3〜4艇流し（10〜15点）,0.5777,"{'is_target': True, 'verdict': '点数絞り', 'max_combo_prob': 0.1048, 'est_top_odds': 12.7, 'circle_concentration': 73.1, 'eligible_count': 8, 'bet_adj': 0, 'reason': 'rel_win1=54.1%（本命度） / 最有力組み合わせ確率: 0.105（推定実オッズ?13倍） / 2着集中度: 上位2艇 73.1%（補正+0.04） / 総合判定確率: 0.145 / → ヒモはやや固め。上位2艇以外を切ること', 'tenji_trigger': '展示確認: 1号艇伸び良→そのまま採用。悪→飛び組に差し替え。circle_pct上位2艇に絞り込むこと。'}",,,28.8,逃げ狙い,15.99,32.1,2,,,,,0,0,0.7559,0,,逃げ軸流し,A
2026-02-04,丸亀,3,2,大崎　翔,B1,44.09,2,○,12.9156,48.3,43,47.9,0.1694,3.7535,,,0,低,117,0,ま0%,2 24,0,25.7,0.8162,0,0,0.037,0,0,0.3127,0.0727,0.1745,,,A,○,,0.1876,0.643,,0.4958,A,65,0,◎-○軸 3着3〜4艇流し（10〜15点）,0.5777,"{'is_target': True, 'verdict': '点数絞り', 'max_combo_prob': 0.1048, 'est_top_odds': 12.7, 'circle_concentration': 73.1, 'eligible_count': 8, 'bet_adj': 0, 'reason': 'rel_win1=54.1%（本命度） / 最有力組み合わせ確率: 0.105（推定実オッズ?13倍） / 2着集中度: 上位2艇 73.1%（補正+0.04） / 総合判定確率: 0.145 / → ヒモはやや固め。上位2艇以外を切ること', 'tenji_trigger': '展示確認: 1号艇伸び良→そのまま採用。悪→飛び組に差し替え。circle_pct上位2艇に絞り込むこと。'}",,,28.8,逃げ狙い,15.99,32.1,2,,,,,,,,,,,
2026-02-04,丸亀,3,3,松下直也,B1,27.84,3,▲,16.1717,18.3,100,65.4,0.1727,3.4815,,,0,低,177,0,-,331,0,29.6,0.8831,0,0.0541,0.0811,0,0,0.0286,0.3714,0.2381,,,C,△,,0.2382,0.621,,0.4958,A,65,0,◎-○軸 3着3〜4艇流し（10〜15点）,0.5777,"{'is_target': True, 'verdict': '点数絞り', 'max_combo_prob': 0.1048, 'est_top_odds': 12.7, 'circle_concentration': 73.1, 'eligible_count': 8, 'bet_adj': 0, 'reason': 'rel_win1=54.1%（本命度） / 最有力組み合わせ確率: 0.105（推定実オッズ?13倍） / 2着集中度: 上位2艇 73.1%（補正+0.04） / 総合判定確率: 0.145 / → ヒモはやや固め。上位2艇以外を切ること', 'tenji_trigger': '展示確認: 1号艇伸び良→そのまま採用。悪→飛び組に差し替え。circle_pct上位2艇に絞り込むこと。'}",,,28.8,逃げ狙い,15.99,32.1,2,,,,,,,,,,,
2026-02-04,丸亀,3,4,尾崎雄二,B1,26.19,4,△,7.3199,24.9,72,49.2,0.1669,3.5902,,,0,低,133,0,-,451,0,68.7,1.1789,0,0.0345,0,0,0,0.1667,0.1667,0.0556,,,C,△,,0.2691,0.6365,,0.4958,A,65,0,◎-○軸 3着3〜4艇流し（10〜15点）,0.5777,"{'is_target': True, 'verdict': '点数絞り', 'max_combo_prob': 0.1048, 'est_top_odds': 12.7, 'circle_concentration': 73.1, 'eligible_count': 8, 'bet_adj': 0, 'reason': 'rel_win1=54.1%（本命度） / 最有力組み合わせ確率: 0.105（推定実オッズ?13倍） / 2着集中度: 上位2艇 73.1%（補正+0.04） / 総合判定確率: 0.145 / → ヒモはやや固め。上位2艇以外を切ること', 'tenji_trigger': '展示確認: 1号艇伸び良→そのまま採用。悪→飛び組に差し替え。circle_pct上位2艇に絞り込むこと。'}",,,28.8,逃げ狙い,15.99,32.1,2,,,,,,,,,,,
2026-02-04,丸亀,3,5,戸田海咲,B2,24.68,5,,7.2246,7.7,40,0,0.1882,4.3636,,,0,低,45,1,-,6 65,0,27.2,0.7821,,,,,,,,,,,D,,,0.243,0.4965,,0.4958,A,65,0,◎-○軸 3着3〜4艇流し（10〜15点）,0.5777,"{'is_target': True, 'verdict': '点数絞り', 'max_combo_prob': 0.1048, 'est_top_odds': 12.7, 'circle_concentration': 73.1, 'eligible_count': 8, 'bet_adj': 0, 'reason': 'rel_win1=54.1%（本命度） / 最有力組み合わせ確率: 0.105（推定実オッズ?13倍） / 2着集中度: 上位2艇 73.1%（補正+0.04） / 総合判定確率: 0.145 / → ヒモはやや固め。上位2艇以外を切ること', 'tenji_trigger': '展示確認: 1号艇伸び良→そのまま採用。悪→飛び組に差し替え。circle_pct上位2艇に絞り込むこと。'}",,,28.8,逃げ狙い,15.99,32.1,2,,,,,,,,,,,
2026-02-04,丸亀,3,6,小林一樹,A2,25.61,6,,2.2717,0.9,37,24.5,0.1457,3.2358,,,0,低,41,0,-,466,0,48,1.0103,,,,,,0.269,0,0.0138,,,D,◎,,0.3742,0.6815,,0.4958,A,65,0,◎-○軸 3着3〜4艇流し（10〜15点）,0.5777,"{'is_target': True, 'verdict': '点数絞り', 'max_combo_prob': 0.1048, 'est_top_odds': 12.7, 'circle_concentration': 73.1, 'eligible_count': 8, 'bet_adj': 0, 'reason': 'rel_win1=54.1%（本命度） / 最有力組み合わせ確率: 0.105（推定実オッズ?13倍） / 2着集中度: 上位2艇 73.1%（補正+0.04） / 総合判定確率: 0.145 / → ヒモはやや固め。上位2艇以外を切ること', 'tenji_trigger': '展示確認: 1号艇伸び良→そのまま採用。悪→飛び組に差し替え。circle_pct上位2艇に絞り込むこと。'}",,,28.8,逃げ狙い,15.99,32.1,2,,,,,,,,,,,
2026-02-04,丸亀,4,1,新井英孝,B1,22.22,1,◎,60.3855,,0,84.6,0.1167,2.2115,,,0,低,85,0,逃1%,1 25,0,86.9,1.1066,0.625,,,,,0.1833,0.0333,0.0667,◎,,E,△,,,0.6085,,0.7227,S,88,0,◎1着固定 2-3着流し（5〜8点）,0.5777,"{'is_target': True, 'verdict': '点数絞り', 'max_combo_prob': 0.1047, 'est_top_odds': 12.7, 'circle_concentration': 74.3, 'eligible_count': 6, 'bet_adj': 0, 'reason': 'rel_win1=60.4%（本命度） / 最有力組み合わせ確率: 0.105（推定実オッズ?13倍） / 2着集中度: 上位2艇 74.3%（補正+0.04） / 総合判定確率: 0.145 / → ヒモはやや固め。上位2艇以外を切ること', 'tenji_trigger': '展示確認: 1号艇伸び良→そのまま採用。悪→飛び組に差し替え。circle_pct上位2艇に絞り込むこと。\n展示で1号艇スタート超安定(0.117秒)→ヒモ固まり方向に注意'}",,,25.8,逃げ狙い,11,27.9,4,,,,,0,0,0.7559,0,,逃げ軸流し,A
2026-02-04,丸亀,4,2,井上恵一,A2,37.78,2,,6.5831,39,71,46.4,0.1787,4.1518,,,0,低,109,0,-,1554,0,35.9,0.7921,,,,,,0.1462,0.0462,0.3923,,,B,◎,,0.0775,0.6315,,0.7227,S,88,0,◎1着固定 2-3着流し（5〜8点）,0.5777,"{'is_target': True, 'verdict': '点数絞り', 'max_combo_prob': 0.1047, 'est_top_odds': 12.7, 'circle_concentration': 74.3, 'eligible_count': 6, 'bet_adj': 0, 'reason': 'rel_win1=60.4%（本命度） / 最有力組み合わせ確率: 0.105（推定実オッズ?13倍） / 2着集中度: 上位2艇 74.3%（補正+0.04） / 総合判定確率: 0.145 / → ヒモはやや固め。上位2艇以外を切ること', 'tenji_trigger': '展示確認: 1号艇伸び良→そのまま採用。悪→飛び組に差し替え。circle_pct上位2艇に絞り込むこと。\n展示で1号艇スタート超安定(0.117秒)→ヒモ固まり方向に注意'}",,,25.8,逃げ狙い,11,27.9,4,,,,,,,,,,,
2026-02-04,丸亀,4,3,藤堂里香,A2,35.48,3,△,13.4307,35.3,58,50,0.1464,3.2679,,,0,低,52,0,ま0% 差ま0%,3 14,0,49.8,1.0823,0,0,0.0714,0.0714,0,0.2,0.2,0,,,C,,,0.1472,0.564,,0.7227,S,88,0,◎1着固定 2-3着流し（5〜8点）,0.5777,"{'is_target': True, 'verdict': '点数絞り', 'max_combo_prob': 0.1047, 'est_top_odds': 12.7, 'circle_concentration': 74.3, 'eligible_count': 6, 'bet_adj': 0, 'reason': 'rel_win1=60.4%（本命度） / 最有力組み合わせ確率: 0.105（推定実オッズ?13倍） / 2着集中度: 上位2艇 74.3%（補正+0.04） / 総合判定確率: 0.145 / → ヒモはやや固め。上位2艇以外を切ること', 'tenji_trigger': '展示確認: 1号艇伸び良→そのまま採用。悪→飛び組に差し替え。circle_pct上位2艇に絞り込むこと。\n展示で1号艇スタート超安定(0.117秒)→ヒモ固まり方向に注意'}",,,25.8,逃げ狙い,11,27.9,4,,,,,,,,,,,
2026-02-04,丸亀,4,4,田頭虎親,B1,35.71,4,▲,12.235,16.7,100,58.5,0.1629,3.2195,,,0,低,121,0,差0% ま0%,4 13,0,60.5,1.1245,0,0.0556,0.1111,0,0,0.1,0.375,0.025,,,C,△,◎,0.1298,0.5945,0.414,0.7227,S,88,0,◎1着固定 2-3着流し（5〜8点）,0.5777,"{'is_target': True, 'verdict': '点数絞り', 'max_combo_prob': 0.1047, 'est_top_odds': 12.7, 'circle_concentration': 74.3, 'eligible_count': 6, 'bet_adj': 0, 'reason': 'rel_win1=60.4%（本命度） / 最有力組み合わせ確率: 0.105（推定実オッズ?13倍） / 2着集中度: 上位2艇 74.3%（補正+0.04） / 総合判定確率: 0.145 / → ヒモはやや固め。上位2艇以外を切ること', 'tenji_trigger': '展示確認: 1号艇伸び良→そのまま採用。悪→飛び組に差し替え。circle_pct上位2艇に絞り込むこと。\n展示で1号艇スタート超安定(0.117秒)→ヒモ固まり方向に注意'}",,,25.8,逃げ狙い,11,27.9,4,,,,,,,,,,,
2026-02-04,丸亀,4,5,木山和幸,A2,53.93,5,○,6.2268,8.6,55,33.3,0.1921,3.6825,,,0,低,135,0,-,2 31,0,29.4,0.8052,0,0,0,0.0455,0,0.048,0.016,0.148,,,A,○,,0.1072,0.6205,,0.7227,S,88,0,◎1着固定 2-3着流し（5〜8点）,0.5777,"{'is_target': True, 'verdict': '点数絞り', 'max_combo_prob': 0.1047, 'est_top_odds': 12.7, 'circle_concentration': 74.3, 'eligible_count': 6, 'bet_adj': 0, 'reason': 'rel_win1=60.4%（本命度） / 最有力組み合わせ確率: 0.105（推定実オッズ?13倍） / 2着集中度: 上位2艇 74.3%（補正+0.04） / 総合判定確率: 0.145 / → ヒモはやや固め。上位2艇以外を切ること', 'tenji_trigger': '展示確認: 1号艇伸び良→そのまま採用。悪→飛び組に差し替え。circle_pct上位2艇に絞り込むこと。\n展示で1号艇スタート超安定(0.117秒)→ヒモ固まり方向に注意'}",,,25.8,逃げ狙い,11,27.9,4,,,,,,,,,,,
2026-02-04,丸亀,4,6,甲斐貴大,B2,30.43,6,,1.1388,0.4,12,0,0.2052,3.9022,,,0,低,25,0,-,6 66,0,23.6,0.6306,,,,,,,,,,,D,,,0.1386,0.3645,,0.7227,S,88,0,◎1着固定 2-3着流し（5〜8点）,0.5777,"{'is_target': True, 'verdict': '点数絞り', 'max_combo_prob': 0.1047, 'est_top_odds': 12.7, 'circle_concentration': 74.3, 'eligible_count': 6, 'bet_adj': 0, 'reason': 'rel_win1=60.4%（本命度） / 最有力組み合わせ確率: 0.105（推定実オッズ?13倍） / 2着集中度: 上位2艇 74.3%（補正+0.04） / 総合判定確率: 0.145 / → ヒモはやや固め。上位2艇以外を切ること', 'tenji_trigger': '展示確認: 1号艇伸び良→そのまま採用。悪→飛び組に差し替え。circle_pct上位2艇に絞り込むこと。\n展示で1号艇スタート超安定(0.117秒)→ヒモ固まり方向に注意'}",,,25.8,逃げ狙い,11,27.9,4,,,,,,,,,,,
2026-02-04,丸亀,5,1,川崎公靖,B1,23.17,1,◎,46.7492,,0,76.1,0.1396,2.9022,,,0,低,102,0,逃0%,5635,0,81.2,0.9662,0.3158,,,,,0.1053,0.0421,0.5053,○,,D,△,,,0.6275,,0.4234,B,57,0,◎○△フォーメーション（15〜20点）,0.5777,"{'is_target': True, 'verdict': '参加推奨', 'max_combo_prob': 0.0818, 'est_top_odds': 16.3, 'circle_concentration': 65.5, 'eligible_count': 9, 'bet_adj': 2, 'reason': 'rel_win1=46.7%（本命度） / 最有力組み合わせ確率: 0.082（推定実オッズ?16倍） / 2着集中度: 上位2艇 65.5%（補正+0.00） / 総合判定確率: 0.082 / → ヒモ分散。1号艇1着固定で広めのヒモ流し推奨（買い目+2点）', 'tenji_trigger': '展示確認: ヒモ分散レース。1号艇伸び確認後、広めのヒモ流しを採用。穴ヒモ（5・6号艇）を積極的に含める。\n展示で1号艇スタート超安定(0.140秒)→ヒモ固まり方向に注意'}",,,29,両建て推奨,16.99,31.8,2,,,,,0,0,0.6155,0,,逃げ軸流し,A
2026-02-04,丸亀,5,2,滝沢芳行,B1,41.67,2,○,14.6774,42.5,37,50.9,0.1389,2.6754,,,0,低,85,0,-,3 21,0,47.8,0.8784,,,,,,0.18,0.18,0.064,,○,B,○,,0.3503,0.628,,0.4234,B,57,0,◎○△フォーメーション（15〜20点）,0.5777,"{'is_target': True, 'verdict': '参加推奨', 'max_combo_prob': 0.0818, 'est_top_odds': 16.3, 'circle_concentration': 65.5, 'eligible_count': 9, 'bet_adj': 2, 'reason': 'rel_win1=46.7%（本命度） / 最有力組み合わせ確率: 0.082（推定実オッズ?16倍） / 2着集中度: 上位2艇 65.5%（補正+0.00） / 総合判定確率: 0.082 / → ヒモ分散。1号艇1着固定で広めのヒモ流し推奨（買い目+2点）', 'tenji_trigger': '展示確認: ヒモ分散レース。1号艇伸び確認後、広めのヒモ流しを採用。穴ヒモ（5・6号艇）を積極的に含める。\n展示で1号艇スタート超安定(0.140秒)→ヒモ固まり方向に注意'}",,,29,両建て推奨,16.99,31.8,2,,,,,,,,,,,
2026-02-04,丸亀,5,3,佐々木翔,A2,20.73,3,,14.5898,21.7,100,68.9,0.162,3.5,,,0,低,101,0,差0% 差ま0%,2 46,0,74.5,1.3321,0,0.0625,0,0.0625,0,0.0387,0.1373,0.1502,,,E,,,0.1887,0.5985,,0.4234,B,57,0,◎○△フォーメーション（15〜20点）,0.5777,"{'is_target': True, 'verdict': '参加推奨', 'max_combo_prob': 0.0818, 'est_top_odds': 16.3, 'circle_concentration': 65.5, 'eligible_count': 9, 'bet_adj': 2, 'reason': 'rel_win1=46.7%（本命度） / 最有力組み合わせ確率: 0.082（推定実オッズ?16倍） / 2着集中度: 上位2艇 65.5%（補正+0.00） / 総合判定確率: 0.082 / → ヒモ分散。1号艇1着固定で広めのヒモ流し推奨（買い目+2点）', 'tenji_trigger': '展示確認: ヒモ分散レース。1号艇伸び確認後、広めのヒモ流しを採用。穴ヒモ（5・6号艇）を積極的に含める。\n展示で1号艇スタート超安定(0.140秒)→ヒモ固まり方向に注意'}",,,29,両建て推奨,16.99,31.8,2,,,,,,,,,,,
2026-02-04,丸亀,5,4,古川誠之,A2,56.18,4,▲,13.7579,23,56,54.4,0.1461,2.9386,,,0,低,111,0,-,512,0,55.5,0.9466,0,0.069,0.0345,0,0,0.1491,0.1791,0.1145,,,A,◎,◎,0.2705,0.657,0.27,0.4234,B,57,0,◎○△フォーメーション（15〜20点）,0.5777,"{'is_target': True, 'verdict': '参加推奨', 'max_combo_prob': 0.0818, 'est_top_odds': 16.3, 'circle_concentration': 65.5, 'eligible_count': 9, 'bet_adj': 2, 'reason': 'rel_win1=46.7%（本命度） / 最有力組み合わせ確率: 0.082（推定実オッズ?16倍） / 2着集中度: 上位2艇 65.5%（補正+0.00） / 総合判定確率: 0.082 / → ヒモ分散。1号艇1着固定で広めのヒモ流し推奨（買い目+2点）', 'tenji_trigger': '展示確認: ヒモ分散レース。1号艇伸び確認後、広めのヒモ流しを採用。穴ヒモ（5・6号艇）を積極的に含める。\n展示で1号艇スタート超安定(0.140秒)→ヒモ固まり方向に注意'}",,,29,両建て推奨,16.99,31.8,2,,,,,,,,,,,
2026-02-04,丸亀,5,5,宮本琉正,B2,27.84,5,△,7.0456,9.9,51,14.3,0.11,1.7143,,,0,低,33,1,-,536,0,43.6,0.7595,,,,,,,,,,◎,C,,,0.4134,0.504,,0.4234,B,57,0,◎○△フォーメーション（15〜20点）,0.5777,"{'is_target': True, 'verdict': '参加推奨', 'max_combo_prob': 0.0818, 'est_top_odds': 16.3, 'circle_concentration': 65.5, 'eligible_count': 9, 'bet_adj': 2, 'reason': 'rel_win1=46.7%（本命度） / 最有力組み合わせ確率: 0.082（推定実オッズ?16倍） / 2着集中度: 上位2艇 65.5%（補正+0.00） / 総合判定確率: 0.082 / → ヒモ分散。1号艇1着固定で広めのヒモ流し推奨（買い目+2点）', 'tenji_trigger': '展示確認: ヒモ分散レース。1号艇伸び確認後、広めのヒモ流しを採用。穴ヒモ（5・6号艇）を積極的に含める。\n展示で1号艇スタート超安定(0.140秒)→ヒモ固まり方向に注意'}",,,29,両建て推奨,16.99,31.8,2,,,,,,,,,,,
2026-02-04,丸亀,5,6,青木幸太,A2,27.16,6,,3.1801,2.9,36,24.6,0.1682,3.7615,,,0,低,86,0,-,641,0,26.7,0.4044,0,0,0.0312,0.0312,0,0.0882,0.0588,0.1176,,,D,△,,0.1972,0.615,,0.4234,B,57,0,◎○△フォーメーション（15〜20点）,0.5777,"{'is_target': True, 'verdict': '参加推奨', 'max_combo_prob': 0.0818, 'est_top_odds': 16.3, 'circle_concentration': 65.5, 'eligible_count': 9, 'bet_adj': 2, 'reason': 'rel_win1=46.7%（本命度） / 最有力組み合わせ確率: 0.082（推定実オッズ?16倍） / 2着集中度: 上位2艇 65.5%（補正+0.00） / 総合判定確率: 0.082 / → ヒモ分散。1号艇1着固定で広めのヒモ流し推奨（買い目+2点）', 'tenji_trigger': '展示確認: ヒモ分散レース。1号艇伸び確認後、広めのヒモ流しを採用。穴ヒモ（5・6号艇）を積極的に含める。\n展示で1号艇スタート超安定(0.140秒)→ヒモ固まり方向に注意'}",,,29,両建て推奨,16.99,31.8,2,,,,,,,,,,,
2026-02-04,丸亀,6,1,鈴木　博,A2,38.14,1,◎,65.8394,,0,95.1,0.1478,2.7222,,,0,低,120,0,逃1% 抜0%,234,0,84.5,1.0469,0.775,,,,,0.05,0.11,0.02,◎,,B,○,,,0.6475,,0.6293,S,88,0,◎1着固定 2-3着流し（5〜8点）,0.5777,"{'is_target': True, 'verdict': '参加推奨', 'max_combo_prob': 0.0816, 'est_top_odds': 16.3, 'circle_concentration': 62.0, 'eligible_count': 6, 'bet_adj': 2, 'reason': 'rel_win1=65.8%（本命度） / 最有力組み合わせ確率: 0.082（推定実オッズ?16倍） / 2着集中度: 上位2艇 62.0%（補正+0.00） / 総合判定確率: 0.082 / → ヒモ分散。1号艇1着固定で広めのヒモ流し推奨（買い目+2点）', 'tenji_trigger': '展示確認: ヒモ分散レース。1号艇伸び確認後、広めのヒモ流しを採用。穴ヒモ（5・6号艇）を積極的に含める。'}",,,26,逃げ狙い,14.3,25.6,2,,,,,0,0,0.7559,0,,逃げ軸流し,A
2026-02-04,丸亀,6,2,本部めぐ,B1,37.63,2,△,12.0439,22.6,100,33.3,0.2056,4.3056,,,0,低,54,0,-,6 56,0,16.2,0.6029,,,,,,0.3,0.1,0.2,,,B,,,0.0775,0.5645,,0.6293,S,88,0,◎1着固定 2-3着流し（5〜8点）,0.5777,"{'is_target': True, 'verdict': '参加推奨', 'max_combo_prob': 0.0816, 'est_top_odds': 16.3, 'circle_concentration': 62.0, 'eligible_count': 6, 'bet_adj': 2, 'reason': 'rel_win1=65.8%（本命度） / 最有力組み合わせ確率: 0.082（推定実オッズ?16倍） / 2着集中度: 上位2艇 62.0%（補正+0.00） / 総合判定確率: 0.082 / → ヒモ分散。1号艇1着固定で広めのヒモ流し推奨（買い目+2点）', 'tenji_trigger': '展示確認: ヒモ分散レース。1号艇伸び確認後、広めのヒモ流しを採用。穴ヒモ（5・6号艇）を積極的に含める。'}",,,26,逃げ狙い,14.3,25.6,2,,,,,,,,,,,
2026-02-04,丸亀,6,3,深川和仁,B1,23.38,3,,11.3426,39.4,51,58,0.184,3.99,,,0,低,130,0,差ま0%,1345,0,50.2,1.0954,0,0,0.0476,0.1429,0,0.2,0.0167,0.05,,,E,△,,0.135,0.606,,0.6293,S,88,0,◎1着固定 2-3着流し（5〜8点）,0.5777,"{'is_target': True, 'verdict': '参加推奨', 'max_combo_prob': 0.0816, 'est_top_odds': 16.3, 'circle_concentration': 62.0, 'eligible_count': 6, 'bet_adj': 2, 'reason': 'rel_win1=65.8%（本命度） / 最有力組み合わせ確率: 0.082（推定実オッズ?16倍） / 2着集中度: 上位2艇 62.0%（補正+0.00） / 総合判定確率: 0.082 / → ヒモ分散。1号艇1着固定で広めのヒモ流し推奨（買い目+2点）', 'tenji_trigger': '展示確認: ヒモ分散レース。1号艇伸び確認後、広めのヒモ流しを採用。穴ヒモ（5・6号艇）を積極的に含める。'}",,,26,逃げ狙い,14.3,25.6,2,,,,,,,,,,,
2026-02-04,丸亀,6,4,川村正輝,B1,37.74,4,▲,4.93,16.8,92,44.8,0.2026,4.2328,,,0,低,140,0,差ま0%,6 36,0,41.4,0.853,0,0,0,0.05,0,0.1667,0.1667,0.1667,,,B,,,0.108,0.57,,0.6293,S,88,0,◎1着固定 2-3着流し（5〜8点）,0.5777,"{'is_target': True, 'verdict': '参加推奨', 'max_combo_prob': 0.0816, 'est_top_odds': 16.3, 'circle_concentration': 62.0, 'eligible_count': 6, 'bet_adj': 2, 'reason': 'rel_win1=65.8%（本命度） / 最有力組み合わせ確率: 0.082（推定実オッズ?16倍） / 2着集中度: 上位2艇 62.0%（補正+0.00） / 総合判定確率: 0.082 / → ヒモ分散。1号艇1着固定で広めのヒモ流し推奨（買い目+2点）', 'tenji_trigger': '展示確認: ヒモ分散レース。1号艇伸び確認後、広めのヒモ流しを採用。穴ヒモ（5・6号艇）を積極的に含める。'}",,,26,逃げ狙い,14.3,25.6,2,,,,,,,,,,,
2026-02-04,丸亀,6,5,中辻博訓,A1,31.52,5,○,3.9091,17.7,56,42,0.1354,2.73,,,0,低,53,0,-,3222,0,36.7,0.7438,,,,,,0.1205,0.0174,0.1981,,,C,◎,,0.3528,0.6875,,0.6293,S,88,0,◎1着固定 2-3着流し（5〜8点）,0.5777,"{'is_target': True, 'verdict': '参加推奨', 'max_combo_prob': 0.0816, 'est_top_odds': 16.3, 'circle_concentration': 62.0, 'eligible_count': 6, 'bet_adj': 2, 'reason': 'rel_win1=65.8%（本命度） / 最有力組み合わせ確率: 0.082（推定実オッズ?16倍） / 2着集中度: 上位2艇 62.0%（補正+0.00） / 総合判定確率: 0.082 / → ヒモ分散。1号艇1着固定で広めのヒモ流し推奨（買い目+2点）', 'tenji_trigger': '展示確認: ヒモ分散レース。1号艇伸び確認後、広めのヒモ流しを採用。穴ヒモ（5・6号艇）を積極的に含める。'}",,,26,逃げ狙い,14.3,25.6,2,,,,,,,,,,,
2026-02-04,丸亀,6,6,繁野谷圭,A2,24.73,6,,1.9349,3.5,70,24.6,0.1785,3.9672,,,0,低,180,0,-,5154,0,57.7,1.0647,,,,,,0.0108,0.0432,0.2232,,,D,△,,0.2123,0.6095,,0.6293,S,88,0,◎1着固定 2-3着流し（5〜8点）,0.5777,"{'is_target': True, 'verdict': '参加推奨', 'max_combo_prob': 0.0816, 'est_top_odds': 16.3, 'circle_concentration': 62.0, 'eligible_count': 6, 'bet_adj': 2, 'reason': 'rel_win1=65.8%（本命度） / 最有力組み合わせ確率: 0.082（推定実オッズ?16倍） / 2着集中度: 上位2艇 62.0%（補正+0.00） / 総合判定確率: 0.082 / → ヒモ分散。1号艇1着固定で広めのヒモ流し推奨（買い目+2点）', 'tenji_trigger': '展示確認: ヒモ分散レース。1号艇伸び確認後、広めのヒモ流しを採用。穴ヒモ（5・6号艇）を積極的に含める。'}",,,26,逃げ狙い,14.3,25.6,2,,,,,,,,,,,
2026-02-04,丸亀,7,1,吉田一郎,A2,44.68,1,◎,64.1451,,0,97.1,0.149,2.6643,,,0,低,66,0,逃1%,1S36,0,85,1.0588,0.6579,,,,,0.1221,0.0316,0.1326,◎,,B,◎,,,0.6245,,0.6175,S,86,0,◎1着固定 2-3着流し（5〜8点）,0.5777,"{'is_target': True, 'verdict': '参加推奨', 'max_combo_prob': 0.1067, 'est_top_odds': 12.5, 'circle_concentration': 69.4, 'eligible_count': 6, 'bet_adj': 2, 'reason': 'rel_win1=64.1%（本命度） / 最有力組み合わせ確率: 0.107（推定実オッズ?12倍） / 2着集中度: 上位2艇 69.4%（補正+0.00） / 総合判定確率: 0.107 / → ヒモ分散。1号艇1着固定で広めのヒモ流し推奨（買い目+2点）', 'tenji_trigger': '展示確認: ヒモ分散レース。1号艇伸び確認後、広めのヒモ流しを採用。穴ヒモ（5・6号艇）を積極的に含める。'}",,,25.7,逃げ狙い,11.07,27.4,2,,,,,0,0,0.7559,0,,逃げ軸流し,A
2026-02-04,丸亀,7,2,夏山亮平,B1,36.56,2,△,11.1236,52,58,63.6,0.163,3.3295,,,0,低,92,0,差0%,6 13,0,46.8,0.9005,0,0.1579,0,0,0,0,0.2941,0.0471,,,D,△,,0.2149,0.5755,,0.6175,S,86,0,◎1着固定 2-3着流し（5〜8点）,0.5777,"{'is_target': True, 'verdict': '参加推奨', 'max_combo_prob': 0.1067, 'est_top_odds': 12.5, 'circle_concentration': 69.4, 'eligible_count': 6, 'bet_adj': 2, 'reason': 'rel_win1=64.1%（本命度） / 最有力組み合わせ確率: 0.107（推定実オッズ?12倍） / 2着集中度: 上位2艇 69.4%（補正+0.00） / 総合判定確率: 0.107 / → ヒモ分散。1号艇1着固定で広めのヒモ流し推奨（買い目+2点）', 'tenji_trigger': '展示確認: ヒモ分散レース。1号艇伸び確認後、広めのヒモ流しを採用。穴ヒモ（5・6号艇）を積極的に含める。'}",,,25.7,逃げ狙い,11.07,27.4,2,,,,,,,,,,,
2026-02-04,丸亀,7,3,山下夏鈴,B1,48.91,3,○,8.9794,16.9,100,40.5,0.1678,3.3919,,,0,低,64,0,-,2 21,0,57.5,1.2715,0,0,0.125,0,0,0,0.0267,0.2,,,B,○,,0.2184,0.616,,0.6175,S,86,0,◎1着固定 2-3着流し（5〜8点）,0.5777,"{'is_target': True, 'verdict': '参加推奨', 'max_combo_prob': 0.1067, 'est_top_odds': 12.5, 'circle_concentration': 69.4, 'eligible_count': 6, 'bet_adj': 2, 'reason': 'rel_win1=64.1%（本命度） / 最有力組み合わせ確率: 0.107（推定実オッズ?12倍） / 2着集中度: 上位2艇 69.4%（補正+0.00） / 総合判定確率: 0.107 / → ヒモ分散。1号艇1着固定で広めのヒモ流し推奨（買い目+2点）', 'tenji_trigger': '展示確認: ヒモ分散レース。1号艇伸び確認後、広めのヒモ流しを採用。穴ヒモ（5・6号艇）を積極的に含める。'}",,,25.7,逃げ狙い,11.07,27.4,2,,,,,,,,,,,
2026-02-04,丸亀,7,4,蒲原健太,A2,50.00,4,▲,7.3926,17.3,86,49.1,0.2015,4.3545,,,0,低,193,0,-,3562,0,27.9,0.9651,0,0,0,0.04,0,0.0953,0.3224,0.2271,,,A,,,0.1109,0.54,,0.6175,S,86,0,◎1着固定 2-3着流し（5〜8点）,0.5777,"{'is_target': True, 'verdict': '参加推奨', 'max_combo_prob': 0.1067, 'est_top_odds': 12.5, 'circle_concentration': 69.4, 'eligible_count': 6, 'bet_adj': 2, 'reason': 'rel_win1=64.1%（本命度） / 最有力組み合わせ確率: 0.107（推定実オッズ?12倍） / 2着集中度: 上位2艇 69.4%（補正+0.00） / 総合判定確率: 0.107 / → ヒモ分散。1号艇1着固定で広めのヒモ流し推奨（買い目+2点）', 'tenji_trigger': '展示確認: ヒモ分散レース。1号艇伸び確認後、広めのヒモ流しを採用。穴ヒモ（5・6号艇）を積極的に含める。'}",,,25.7,逃げ狙い,11.07,27.4,2,,,,,,,,,,,
2026-02-04,丸亀,7,5,鈴木勝博,A2,24.14,5,,7.3414,8.3,73,43.4,0.1549,3.4245,,,0,低,90,0,-,5445,0,30.7,1.0002,0,0,0.037,0.0741,0.037,0.1171,0.2776,0.0211,,,E,△,◎,0.2805,0.6045,0.4132,0.6175,S,86,0,◎1着固定 2-3着流し（5〜8点）,0.5777,"{'is_target': True, 'verdict': '参加推奨', 'max_combo_prob': 0.1067, 'est_top_odds': 12.5, 'circle_concentration': 69.4, 'eligible_count': 6, 'bet_adj': 2, 'reason': 'rel_win1=64.1%（本命度） / 最有力組み合わせ確率: 0.107（推定実オッズ?12倍） / 2着集中度: 上位2艇 69.4%（補正+0.00） / 総合判定確率: 0.107 / → ヒモ分散。1号艇1着固定で広めのヒモ流し推奨（買い目+2点）', 'tenji_trigger': '展示確認: ヒモ分散レース。1号艇伸び確認後、広めのヒモ流しを採用。穴ヒモ（5・6号艇）を積極的に含める。'}",,,25.7,逃げ狙い,11.07,27.4,2,,,,,,,,,,,
2026-02-04,丸亀,7,6,重冨勇哉,B1,36.73,6,,1.018,5.4,54,27.8,0.1919,4.4861,,,0,低,99,0,-,444,0,54.6,1.1658,,,,,,0.3242,0.0632,0.2042,,,D,,,0.1806,0.57,,0.6175,S,86,0,◎1着固定 2-3着流し（5〜8点）,0.5777,"{'is_target': True, 'verdict': '参加推奨', 'max_combo_prob': 0.1067, 'est_top_odds': 12.5, 'circle_concentration': 69.4, 'eligible_count': 6, 'bet_adj': 2, 'reason': 'rel_win1=64.1%（本命度） / 最有力組み合わせ確率: 0.107（推定実オッズ?12倍） / 2着集中度: 上位2艇 69.4%（補正+0.00） / 総合判定確率: 0.107 / → ヒモ分散。1号艇1着固定で広めのヒモ流し推奨（買い目+2点）', 'tenji_trigger': '展示確認: ヒモ分散レース。1号艇伸び確認後、広めのヒモ流しを採用。穴ヒモ（5・6号艇）を積極的に含める。'}",,,25.7,逃げ狙い,11.07,27.4,2,,,,,,,,,,,
2026-02-04,丸亀,8,1,石川吉鎬,A2,19.28,1,◎,62.5713,,0,92.9,0.1706,3.5119,,,0,低,188,0,逃0%,3422,0,90.4,1.2204,0.4138,,,,,0.189,0.189,0.189,○,,E,○,,,0.6575,,0.3357,S,83,0,◎1着固定 2-3着流し（5〜8点）,0.5777,"{'is_target': True, 'verdict': '点数絞り', 'max_combo_prob': 0.1568, 'est_top_odds': 8.5, 'circle_concentration': 75.9, 'eligible_count': 6, 'bet_adj': 0, 'reason': 'rel_win1=62.6%（本命度） / 最有力組み合わせ確率: 0.157（推定実オッズ?8倍） / 2着集中度: 上位2艇 75.9%（補正+0.04） / 総合判定確率: 0.197 / → ヒモはやや固め。上位2艇以外を切ること', 'tenji_trigger': '展示確認: 1号艇伸び良→そのまま採用。悪→飛び組に差し替え。circle_pct上位2艇に絞り込むこと。'}",,,30.7,逃げ狙い,19.16,34.9,2,,,,,0,0,0.6155,0,,逃げ軸流し,A
2026-02-04,丸亀,8,2,中辻崇人,A1,40.43,2,○,16.0288,54.7,66,77.8,0.1478,3.25,,,0,低,42,0,-,111,0,82,1.4938,0,0,0.2308,0,0.0769,0.2667,0,0,,◎,A,△,,0.5919,0.6505,,0.3357,S,83,0,◎1着固定 2-3着流し（5〜8点）,0.5777,"{'is_target': True, 'verdict': '点数絞り', 'max_combo_prob': 0.1568, 'est_top_odds': 8.5, 'circle_concentration': 75.9, 'eligible_count': 6, 'bet_adj': 0, 'reason': 'rel_win1=62.6%（本命度） / 最有力組み合わせ確率: 0.157（推定実オッズ?8倍） / 2着集中度: 上位2艇 75.9%（補正+0.04） / 総合判定確率: 0.197 / → ヒモはやや固め。上位2艇以外を切ること', 'tenji_trigger': '展示確認: 1号艇伸び良→そのまま採用。悪→飛び組に差し替え。circle_pct上位2艇に絞り込むこと。'}",,,30.7,逃げ狙い,19.16,34.9,2,,,,,,,,,,,
2026-02-04,丸亀,8,3,山崎善庸,B1,22.22,3,,4.1741,21.3,64,42.9,0.2109,4.5143,,,0,低,243,0,-,253,0,37.2,0.7804,,,,,,0.0727,0.3491,0.3309,,,D,△,,0.162,0.5725,,0.3357,S,83,0,◎1着固定 2-3着流し（5〜8点）,0.5777,"{'is_target': True, 'verdict': '点数絞り', 'max_combo_prob': 0.1568, 'est_top_odds': 8.5, 'circle_concentration': 75.9, 'eligible_count': 6, 'bet_adj': 0, 'reason': 'rel_win1=62.6%（本命度） / 最有力組み合わせ確率: 0.157（推定実オッズ?8倍） / 2着集中度: 上位2艇 75.9%（補正+0.04） / 総合判定確率: 0.197 / → ヒモはやや固め。上位2艇以外を切ること', 'tenji_trigger': '展示確認: 1号艇伸び良→そのまま採用。悪→飛び組に差し替え。circle_pct上位2艇に絞り込むこと。'}",,,30.7,逃げ狙い,19.16,34.9,2,,,,,,,,,,,
2026-02-04,丸亀,8,4,小林　泰,A2,24.18,4,▲,12.9985,20,100,69.4,0.1622,3.1224,,,0,低,73,0,差0% ま0% 差ま0%,2263,0,82.3,1.4991,0,0.1,0.1,0.05,0,0.1111,0.0741,0.0741,,,D,◎,◎,0.366,0.6885,0.5138,0.3357,S,83,0,◎1着固定 2-3着流し（5〜8点）,0.5777,"{'is_target': True, 'verdict': '点数絞り', 'max_combo_prob': 0.1568, 'est_top_odds': 8.5, 'circle_concentration': 75.9, 'eligible_count': 6, 'bet_adj': 0, 'reason': 'rel_win1=62.6%（本命度） / 最有力組み合わせ確率: 0.157（推定実オッズ?8倍） / 2着集中度: 上位2艇 75.9%（補正+0.04） / 総合判定確率: 0.197 / → ヒモはやや固め。上位2艇以外を切ること', 'tenji_trigger': '展示確認: 1号艇伸び良→そのまま採用。悪→飛び組に差し替え。circle_pct上位2艇に絞り込むこと。'}",,,30.7,逃げ狙い,19.16,34.9,2,,,,,,,,,,,
2026-02-04,丸亀,8,5,沼田七華,B2,26.80,5,△,2.9786,3.8,42,0,0.2152,3.9783,,,0,低,44,0,-,4 5,0,27.5,0.679,,,,,,0.4,0.6,0,,,C,,,0.1971,0.4395,,0.3357,S,83,0,◎1着固定 2-3着流し（5〜8点）,0.5777,"{'is_target': True, 'verdict': '点数絞り', 'max_combo_prob': 0.1568, 'est_top_odds': 8.5, 'circle_concentration': 75.9, 'eligible_count': 6, 'bet_adj': 0, 'reason': 'rel_win1=62.6%（本命度） / 最有力組み合わせ確率: 0.157（推定実オッズ?8倍） / 2着集中度: 上位2艇 75.9%（補正+0.04） / 総合判定確率: 0.197 / → ヒモはやや固め。上位2艇以外を切ること', 'tenji_trigger': '展示確認: 1号艇伸び良→そのまま採用。悪→飛び組に差し替え。circle_pct上位2艇に絞り込むこと。'}",,,30.7,逃げ狙い,19.16,34.9,2,,,,,,,,,,,
2026-02-04,丸亀,8,6,戸田海咲,B2,24.68,6,,1.2487,0.3,12,1.5,0.1995,4.6136,,,0,低,45,0,-,6 65,0,27.5,0.8356,,,,,,,,,,,C,,,0.2464,0.4965,,0.3357,S,83,0,◎1着固定 2-3着流し（5〜8点）,0.5777,"{'is_target': True, 'verdict': '点数絞り', 'max_combo_prob': 0.1568, 'est_top_odds': 8.5, 'circle_concentration': 75.9, 'eligible_count': 6, 'bet_adj': 0, 'reason': 'rel_win1=62.6%（本命度） / 最有力組み合わせ確率: 0.157（推定実オッズ?8倍） / 2着集中度: 上位2艇 75.9%（補正+0.04） / 総合判定確率: 0.197 / → ヒモはやや固め。上位2艇以外を切ること', 'tenji_trigger': '展示確認: 1号艇伸び良→そのまま採用。悪→飛び組に差し替え。circle_pct上位2艇に絞り込むこと。'}",,,30.7,逃げ狙い,19.16,34.9,2,,,,,,,,,,,
2026-02-04,丸亀,9,1,木山和幸,A2,53.93,1,◎,63.6365,,0,78.3,0.158,3.4167,,,0,低,135,0,逃0%,2 31,0,91.5,1.3393,0.64,,,,,0.048,0.016,0.148,○,,A,△,,,0.6205,,0.3793,A,70,0,◎-○軸 3着3〜4艇流し（10〜15点）,0.5777,"{'is_target': True, 'verdict': '点数絞り', 'max_combo_prob': 0.138, 'est_top_odds': 9.7, 'circle_concentration': 76.2, 'eligible_count': 8, 'bet_adj': 0, 'reason': 'rel_win1=63.6%（本命度） / 最有力組み合わせ確率: 0.138（推定実オッズ?10倍） / 2着集中度: 上位2艇 76.2%（補正+0.04） / 総合判定確率: 0.178 / → ヒモはやや固め。上位2艇以外を切ること', 'tenji_trigger': '展示確認: 1号艇伸び良→そのまま採用。悪→飛び組に差し替え。circle_pct上位2艇に絞り込むこと。'}",,,25.9,逃げ狙い,13.2,26.2,2,,,,,0,0,0.6155,0,,逃げ軸流し,A
2026-02-04,丸亀,9,2,田中京介,A2,28.87,2,○,11.8137,48.2,100,71.2,0.1309,2.5227,,,0,低,91,0,-,125,0,34.6,0.8853,0,0.0606,0.0303,0,0,0.0235,0.1471,0.3353,,◎,C,◎,,0.5614,0.6375,,0.3793,A,70,0,◎-○軸 3着3〜4艇流し（10〜15点）,0.5777,"{'is_target': True, 'verdict': '点数絞り', 'max_combo_prob': 0.138, 'est_top_odds': 9.7, 'circle_concentration': 76.2, 'eligible_count': 8, 'bet_adj': 0, 'reason': 'rel_win1=63.6%（本命度） / 最有力組み合わせ確率: 0.138（推定実オッズ?10倍） / 2着集中度: 上位2艇 76.2%（補正+0.04） / 総合判定確率: 0.178 / → ヒモはやや固め。上位2艇以外を切ること', 'tenji_trigger': '展示確認: 1号艇伸び良→そのまま採用。悪→飛び組に差し替え。circle_pct上位2艇に絞り込むこと。'}",,,25.9,逃げ狙い,13.2,26.2,2,,,,,,,,,,,
2026-02-04,丸亀,9,3,竹田広樹,B1,26.37,3,,11.2488,28,24,40.8,0.1776,3.8521,,,0,低,177,0,-,364,0,79.3,1.8323,0,0.0294,0.0588,0,0.0294,0.0526,0.1579,0.3158,,,D,△,,0.1898,0.6185,,0.3793,A,70,0,◎-○軸 3着3〜4艇流し（10〜15点）,0.5777,"{'is_target': True, 'verdict': '点数絞り', 'max_combo_prob': 0.138, 'est_top_odds': 9.7, 'circle_concentration': 76.2, 'eligible_count': 8, 'bet_adj': 0, 'reason': 'rel_win1=63.6%（本命度） / 最有力組み合わせ確率: 0.138（推定実オッズ?10倍） / 2着集中度: 上位2艇 76.2%（補正+0.04） / 総合判定確率: 0.178 / → ヒモはやや固め。上位2艇以外を切ること', 'tenji_trigger': '展示確認: 1号艇伸び良→そのまま採用。悪→飛び組に差し替え。circle_pct上位2艇に絞り込むこと。'}",,,25.9,逃げ狙い,13.2,26.2,2,,,,,,,,,,,
2026-02-04,丸亀,9,4,廣中智紗,A1,19.28,4,,4.2773,13.2,94,47.8,0.2139,4.0652,,,0,低,82,0,-,5653,0,100,0.8783,,,,,,0.0421,0.1632,0.2632,,,E,,,0.1381,0.5755,,0.3793,A,70,0,◎-○軸 3着3〜4艇流し（10〜15点）,0.5777,"{'is_target': True, 'verdict': '点数絞り', 'max_combo_prob': 0.138, 'est_top_odds': 9.7, 'circle_concentration': 76.2, 'eligible_count': 8, 'bet_adj': 0, 'reason': 'rel_win1=63.6%（本命度） / 最有力組み合わせ確率: 0.138（推定実オッズ?10倍） / 2着集中度: 上位2艇 76.2%（補正+0.04） / 総合判定確率: 0.178 / → ヒモはやや固め。上位2艇以外を切ること', 'tenji_trigger': '展示確認: 1号艇伸び良→そのまま採用。悪→飛び組に差し替え。circle_pct上位2艇に絞り込むこと。'}",,,25.9,逃げ狙い,13.2,26.2,2,,,,,,,,,,,
2026-02-04,丸亀,9,5,松下直也,B1,27.84,5,▲,7.8757,10.3,79,44.1,0.1716,3.6029,,,0,低,177,0,抜0%,331,0,29.6,0.6776,0,0,0,0.0323,0.0645,0.0286,0.3714,0.2381,,,C,○,◎,0.2348,0.621,0.3324,0.3793,A,70,0,◎-○軸 3着3〜4艇流し（10〜15点）,0.5777,"{'is_target': True, 'verdict': '点数絞り', 'max_combo_prob': 0.138, 'est_top_odds': 9.7, 'circle_concentration': 76.2, 'eligible_count': 8, 'bet_adj': 0, 'reason': 'rel_win1=63.6%（本命度） / 最有力組み合わせ確率: 0.138（推定実オッズ?10倍） / 2着集中度: 上位2艇 76.2%（補正+0.04） / 総合判定確率: 0.178 / → ヒモはやや固め。上位2艇以外を切ること', 'tenji_trigger': '展示確認: 1号艇伸び良→そのまま採用。悪→飛び組に差し替え。circle_pct上位2艇に絞り込むこと。'}",,,25.9,逃げ狙い,13.2,26.2,2,,,,,,,,,,,
2026-02-04,丸亀,9,6,宮本琉正,B2,27.84,6,△,1.148,0.3,12,1.4,0.1761,3.1571,,,0,低,33,0,-,536,0,29.6,2.2078,,,,,,,,,,,C,,,0.2564,0.504,,0.3793,A,70,0,◎-○軸 3着3〜4艇流し（10〜15点）,0.5777,"{'is_target': True, 'verdict': '点数絞り', 'max_combo_prob': 0.138, 'est_top_odds': 9.7, 'circle_concentration': 76.2, 'eligible_count': 8, 'bet_adj': 0, 'reason': 'rel_win1=63.6%（本命度） / 最有力組み合わせ確率: 0.138（推定実オッズ?10倍） / 2着集中度: 上位2艇 76.2%（補正+0.04） / 総合判定確率: 0.178 / → ヒモはやや固め。上位2艇以外を切ること', 'tenji_trigger': '展示確認: 1号艇伸び良→そのまま採用。悪→飛び組に差し替え。circle_pct上位2艇に絞り込むこと。'}",,,25.9,逃げ狙い,13.2,26.2,2,,,,,,,,,,,
2026-02-04,丸亀,10,1,佐々木翔,A2,20.73,1,◎,57.514,,0,84.9,0.1421,2.7803,,,0,低,101,0,逃1%,2 46,0,57.5,0.9306,0.5161,,,,,0.0387,0.1373,0.1502,◎,,E,△,,,0.5985,,0.5103,A,74,0,◎-○軸 3着3〜4艇流し（10〜15点）,0.5777,"{'is_target': True, 'verdict': '点数絞り', 'max_combo_prob': 0.0817, 'est_top_odds': 16.3, 'circle_concentration': 72.8, 'eligible_count': 8, 'bet_adj': 0, 'reason': 'rel_win1=57.5%（本命度） / 最有力組み合わせ確率: 0.082（推定実オッズ?16倍） / 2着集中度: 上位2艇 72.8%（補正+0.04） / 総合判定確率: 0.122 / → ヒモはやや固め。上位2艇以外を切ること', 'tenji_trigger': '展示確認: 1号艇伸び良→そのまま採用。悪→飛び組に差し替え。circle_pct上位2艇に絞り込むこと。'}",,,28.1,逃げ狙い,18.08,28.3,3,,,,,0,0,0.7559,0,,逃げ軸流し,A
2026-02-04,丸亀,10,2,尾崎雄二,B1,26.19,2,,9.3676,36.6,59,50,0.1644,3.6912,,,0,低,133,0,-,451,0,32.8,0.88,0,0.0714,0,0,0,0.1667,0.1667,0.0556,,,D,○,,0.098,0.6365,,0.5103,A,74,0,◎-○軸 3着3〜4艇流し（10〜15点）,0.5777,"{'is_target': True, 'verdict': '点数絞り', 'max_combo_prob': 0.0817, 'est_top_odds': 16.3, 'circle_concentration': 72.8, 'eligible_count': 8, 'bet_adj': 0, 'reason': 'rel_win1=57.5%（本命度） / 最有力組み合わせ確率: 0.082（推定実オッズ?16倍） / 2着集中度: 上位2艇 72.8%（補正+0.04） / 総合判定確率: 0.122 / → ヒモはやや固め。上位2艇以外を切ること', 'tenji_trigger': '展示確認: 1号艇伸び良→そのまま採用。悪→飛び組に差し替え。circle_pct上位2艇に絞り込むこと。'}",,,28.1,逃げ狙い,18.08,28.3,3,,,,,,,,,,,
2026-02-04,丸亀,10,3,中辻博訓,A1,31.52,3,○,18.4454,36.1,51,65.4,0.1319,2.5865,,,0,低,53,0,-,3222,0,100,2.9585,0,0,0,0.08,0.04,0.1205,0.0174,0.1981,,◎,C,◎,,0.3609,0.6875,,0.5103,A,74,0,◎-○軸 3着3〜4艇流し（10〜15点）,0.5777,"{'is_target': True, 'verdict': '点数絞り', 'max_combo_prob': 0.0817, 'est_top_odds': 16.3, 'circle_concentration': 72.8, 'eligible_count': 8, 'bet_adj': 0, 'reason': 'rel_win1=57.5%（本命度） / 最有力組み合わせ確率: 0.082（推定実オッズ?16倍） / 2着集中度: 上位2艇 72.8%（補正+0.04） / 総合判定確率: 0.122 / → ヒモはやや固め。上位2艇以外を切ること', 'tenji_trigger': '展示確認: 1号艇伸び良→そのまま採用。悪→飛び組に差し替え。circle_pct上位2艇に絞り込むこと。'}",,,28.1,逃げ狙い,18.08,28.3,3,,,,,,,,,,,
2026-02-04,丸亀,10,4,鐘ヶ江真,B1,42.86,4,△,6.2455,11.6,58,20,0.209,3.6,,,0,低,54,0,-,424,0,23.7,0.8511,,,,,,,,,,,B,,,0.1577,0.513,,0.5103,A,74,0,◎-○軸 3着3〜4艇流し（10〜15点）,0.5777,"{'is_target': True, 'verdict': '点数絞り', 'max_combo_prob': 0.0817, 'est_top_odds': 16.3, 'circle_concentration': 72.8, 'eligible_count': 8, 'bet_adj': 0, 'reason': 'rel_win1=57.5%（本命度） / 最有力組み合わせ確率: 0.082（推定実オッズ?16倍） / 2着集中度: 上位2艇 72.8%（補正+0.04） / 総合判定確率: 0.122 / → ヒモはやや固め。上位2艇以外を切ること', 'tenji_trigger': '展示確認: 1号艇伸び良→そのまま採用。悪→飛び組に差し替え。circle_pct上位2艇に絞り込むこと。'}",,,28.1,逃げ狙い,18.08,28.3,3,,,,,,,,,,,
2026-02-04,丸亀,10,5,田頭虎親,B1,35.71,5,,5.3109,10,100,45.2,0.1869,4.0119,,,0,低,121,0,-,4 13,0,59.2,1.2838,,,,,,0.1,0.375,0.025,,,C,,,0.188,0.5945,,0.5103,A,74,0,◎-○軸 3着3〜4艇流し（10〜15点）,0.5777,"{'is_target': True, 'verdict': '点数絞り', 'max_combo_prob': 0.0817, 'est_top_odds': 16.3, 'circle_concentration': 72.8, 'eligible_count': 8, 'bet_adj': 0, 'reason': 'rel_win1=57.5%（本命度） / 最有力組み合わせ確率: 0.082（推定実オッズ?16倍） / 2着集中度: 上位2艇 72.8%（補正+0.04） / 総合判定確率: 0.122 / → ヒモはやや固め。上位2艇以外を切ること', 'tenji_trigger': '展示確認: 1号艇伸び良→そのまま採用。悪→飛び組に差し替え。circle_pct上位2艇に絞り込むこと。'}",,,28.1,逃げ狙い,18.08,28.3,3,,,,,,,,,,,
2026-02-04,丸亀,10,6,藤原菜希,A2,47.78,6,▲,3.1166,5.6,49,42.9,0.149,3,,,0,低,33,0,-,1512,0,24.8,0.6747,0,0,0,0.1,0,0.1429,0.1429,0.0714,,,A,△,,0.2946,0.6005,,0.5103,A,74,0,◎-○軸 3着3〜4艇流し（10〜15点）,0.5777,"{'is_target': True, 'verdict': '点数絞り', 'max_combo_prob': 0.0817, 'est_top_odds': 16.3, 'circle_concentration': 72.8, 'eligible_count': 8, 'bet_adj': 0, 'reason': 'rel_win1=57.5%（本命度） / 最有力組み合わせ確率: 0.082（推定実オッズ?16倍） / 2着集中度: 上位2艇 72.8%（補正+0.04） / 総合判定確率: 0.122 / → ヒモはやや固め。上位2艇以外を切ること', 'tenji_trigger': '展示確認: 1号艇伸び良→そのまま採用。悪→飛び組に差し替え。circle_pct上位2艇に絞り込むこと。'}",,,28.1,逃げ狙い,18.08,28.3,3,,,,,,,,,,,
2026-02-04,丸亀,11,1,鈴木勝博,A2,24.14,1,◎,61.2896,,0,86.5,0.1651,3.3108,,,0,低,90,0,逃1%,5445,0,92.9,1.2759,0.6053,,,,,0.1171,0.2776,0.0211,◎,,E,,,,0.6045,,0.4603,S,82,0,◎1着固定 2-3着流し（5〜8点）,0.5777,"{'is_target': True, 'verdict': '点数絞り', 'max_combo_prob': 0.1255, 'est_top_odds': 10.6, 'circle_concentration': 73.0, 'eligible_count': 6, 'bet_adj': 0, 'reason': 'rel_win1=61.3%（本命度） / 最有力組み合わせ確率: 0.126（推定実オッズ?11倍） / 2着集中度: 上位2艇 73.0%（補正+0.04） / 総合判定確率: 0.166 / → ヒモはやや固め。上位2艇以外を切ること', 'tenji_trigger': '展示確認: 1号艇伸び良→そのまま採用。悪→飛び組に差し替え。circle_pct上位2艇に絞り込むこと。'}",,,30.3,逃げ狙い,20.45,32.6,3,,,,,0,0,0.7559,0,,逃げ軸流し,A
2026-02-04,丸亀,11,2,青木幸太,A2,27.16,2,△,14.5295,53.3,66,58.7,0.143,3.0794,,,0,低,86,0,差0% ま0% 抜0%,641,0,40.8,0.9852,0,0.0741,0.037,0,0.0741,0.0882,0.0588,0.1176,,◎,D,△,,0.5531,0.615,,0.4603,S,82,0,◎1着固定 2-3着流し（5〜8点）,0.5777,"{'is_target': True, 'verdict': '点数絞り', 'max_combo_prob': 0.1255, 'est_top_odds': 10.6, 'circle_concentration': 73.0, 'eligible_count': 6, 'bet_adj': 0, 'reason': 'rel_win1=61.3%（本命度） / 最有力組み合わせ確率: 0.126（推定実オッズ?11倍） / 2着集中度: 上位2艇 73.0%（補正+0.04） / 総合判定確率: 0.166 / → ヒモはやや固め。上位2艇以外を切ること', 'tenji_trigger': '展示確認: 1号艇伸び良→そのまま採用。悪→飛び組に差し替え。circle_pct上位2艇に絞り込むこと。'}",,,30.3,逃げ狙い,20.45,32.6,3,,,,,,,,,,,
2026-02-04,丸亀,11,3,繁野谷圭,A2,24.73,3,,8.0059,19.8,100,53,0.1864,4.053,,,0,低,180,0,-,5154,0,60,1.4658,,,,,,0.0108,0.0432,0.2232,,,D,△,,0.2377,0.6095,,0.4603,S,82,0,◎1着固定 2-3着流し（5〜8点）,0.5777,"{'is_target': True, 'verdict': '点数絞り', 'max_combo_prob': 0.1255, 'est_top_odds': 10.6, 'circle_concentration': 73.0, 'eligible_count': 6, 'bet_adj': 0, 'reason': 'rel_win1=61.3%（本命度） / 最有力組み合わせ確率: 0.126（推定実オッズ?11倍） / 2着集中度: 上位2艇 73.0%（補正+0.04） / 総合判定確率: 0.166 / → ヒモはやや固め。上位2艇以外を切ること', 'tenji_trigger': '展示確認: 1号艇伸び良→そのまま採用。悪→飛び組に差し替え。circle_pct上位2艇に絞り込むこと。'}",,,30.3,逃げ狙い,20.45,32.6,3,,,,,,,,,,,
2026-02-04,丸亀,11,4,大崎　翔,B1,44.09,4,○,8.9761,17.1,64,44.9,0.1535,3.1522,,,0,低,117,0,差1%,2 24,0,56.6,0.7334,0,0.0323,0.0645,0.0645,0.0323,0.3127,0.0727,0.1745,,,A,◎,◎,0.3806,0.643,0.2691,0.4603,S,82,0,◎1着固定 2-3着流し（5〜8点）,0.5777,"{'is_target': True, 'verdict': '点数絞り', 'max_combo_prob': 0.1255, 'est_top_odds': 10.6, 'circle_concentration': 73.0, 'eligible_count': 6, 'bet_adj': 0, 'reason': 'rel_win1=61.3%（本命度） / 最有力組み合わせ確率: 0.126（推定実オッズ?11倍） / 2着集中度: 上位2艇 73.0%（補正+0.04） / 総合判定確率: 0.166 / → ヒモはやや固め。上位2艇以外を切ること', 'tenji_trigger': '展示確認: 1号艇伸び良→そのまま採用。悪→飛び組に差し替え。circle_pct上位2艇に絞り込むこと。'}",,,30.3,逃げ狙い,20.45,32.6,3,,,,,,,,,,,
2026-02-04,丸亀,11,5,藤堂里香,A2,35.48,5,,5.4096,5.9,41,25,0.1629,3.25,,,0,低,52,0,抜0%,3 14,0,33.8,0.8293,0,0,0,0,0.125,0.2,0.2,0,,,B,,,0.3607,0.564,,0.4603,S,82,0,◎1着固定 2-3着流し（5〜8点）,0.5777,"{'is_target': True, 'verdict': '点数絞り', 'max_combo_prob': 0.1255, 'est_top_odds': 10.6, 'circle_concentration': 73.0, 'eligible_count': 6, 'bet_adj': 0, 'reason': 'rel_win1=61.3%（本命度） / 最有力組み合わせ確率: 0.126（推定実オッズ?11倍） / 2着集中度: 上位2艇 73.0%（補正+0.04） / 総合判定確率: 0.166 / → ヒモはやや固め。上位2艇以外を切ること', 'tenji_trigger': '展示確認: 1号艇伸び良→そのまま採用。悪→飛び組に差し替え。circle_pct上位2艇に絞り込むこと。'}",,,30.3,逃げ狙い,20.45,32.6,3,,,,,,,,,,,
2026-02-04,丸亀,11,6,片岡大地,B1,27.27,6,▲,1.7893,4,55,30.9,0.1326,2.4762,,,0,低,64,0,-,245,0,25.8,1.2594,,,,,,0.0267,0.2567,0.0267,,○,C,○,,0.4551,0.6305,,0.4603,S,82,0,◎1着固定 2-3着流し（5〜8点）,0.5777,"{'is_target': True, 'verdict': '点数絞り', 'max_combo_prob': 0.1255, 'est_top_odds': 10.6, 'circle_concentration': 73.0, 'eligible_count': 6, 'bet_adj': 0, 'reason': 'rel_win1=61.3%（本命度） / 最有力組み合わせ確率: 0.126（推定実オッズ?11倍） / 2着集中度: 上位2艇 73.0%（補正+0.04） / 総合判定確率: 0.166 / → ヒモはやや固め。上位2艇以外を切ること', 'tenji_trigger': '展示確認: 1号艇伸び良→そのまま採用。悪→飛び組に差し替え。circle_pct上位2艇に絞り込むこと。'}",,,30.3,逃げ狙い,20.45,32.6,3,,,,,,,,,,,
2026-02-04,丸亀,12,1,中辻崇人,A1,40.43,1,◎,63.1006,,0,100,0.1393,3.0351,,,0,低,42,0,逃1%,111,0,80.6,1.0809,0.7222,,,,,0.2667,0,0,◎,,C,○,,,0.6505,,0.6714,S,92,0,◎1着固定 2-3着流し（5〜8点）,0.5777,"{'is_target': True, 'verdict': '点数絞り', 'max_combo_prob': 0.1078, 'est_top_odds': 12.4, 'circle_concentration': 74.5, 'eligible_count': 6, 'bet_adj': 0, 'reason': 'rel_win1=63.1%（本命度） / 最有力組み合わせ確率: 0.108（推定実オッズ?12倍） / 2着集中度: 上位2艇 74.5%（補正+0.04） / 総合判定確率: 0.148 / → ヒモはやや固め。上位2艇以外を切ること', 'tenji_trigger': '展示確認: 1号艇伸び良→そのまま採用。悪→飛び組に差し替え。circle_pct上位2艇に絞り込むこと。\n展示で1号艇スタート超安定(0.139秒)→ヒモ固まり方向に注意'}",,,28.7,逃げ狙い,19.61,28.8,3,,,,,0,0,0.7559,0,,逃げ軸流し,A
2026-02-04,丸亀,12,2,吉田一郎,A2,44.68,2,○,11.5468,49.6,90,72.4,0.1545,2.6983,,,0,低,66,0,-,1S36,0,22.7,0.6724,0,0.0357,0.1071,0,0.0357,0.1221,0.0316,0.1326,,,B,,,0.164,0.6245,,0.6714,S,92,0,◎1着固定 2-3着流し（5〜8点）,0.5777,"{'is_target': True, 'verdict': '点数絞り', 'max_combo_prob': 0.1078, 'est_top_odds': 12.4, 'circle_concentration': 74.5, 'eligible_count': 6, 'bet_adj': 0, 'reason': 'rel_win1=63.1%（本命度） / 最有力組み合わせ確率: 0.108（推定実オッズ?12倍） / 2着集中度: 上位2艇 74.5%（補正+0.04） / 総合判定確率: 0.148 / → ヒモはやや固め。上位2艇以外を切ること', 'tenji_trigger': '展示確認: 1号艇伸び良→そのまま採用。悪→飛び組に差し替え。circle_pct上位2艇に絞り込むこと。\n展示で1号艇スタート超安定(0.139秒)→ヒモ固まり方向に注意'}",,,28.7,逃げ狙い,19.61,28.8,3,,,,,,,,,,,
2026-02-04,丸亀,12,3,鈴木　博,A2,38.14,3,△,11.1605,25,87,65.5,0.1689,3.7364,,,0,低,120,0,-,234,0,28.5,0.8006,0,0.0385,0,0.1923,0,0.05,0.11,0.02,,,C,△,,0.1761,0.6475,,0.6714,S,92,0,◎1着固定 2-3着流し（5〜8点）,0.5777,"{'is_target': True, 'verdict': '点数絞り', 'max_combo_prob': 0.1078, 'est_top_odds': 12.4, 'circle_concentration': 74.5, 'eligible_count': 6, 'bet_adj': 0, 'reason': 'rel_win1=63.1%（本命度） / 最有力組み合わせ確率: 0.108（推定実オッズ?12倍） / 2着集中度: 上位2艇 74.5%（補正+0.04） / 総合判定確率: 0.148 / → ヒモはやや固め。上位2艇以外を切ること', 'tenji_trigger': '展示確認: 1号艇伸び良→そのまま採用。悪→飛び組に差し替え。circle_pct上位2艇に絞り込むこと。\n展示で1号艇スタート超安定(0.139秒)→ヒモ固まり方向に注意'}",,,28.7,逃げ狙い,19.61,28.8,3,,,,,,,,,,,
2026-02-04,丸亀,12,4,井上恵一,A2,37.78,4,,8.361,13.6,100,54.2,0.1625,3.2458,,,0,低,109,0,-,1554,0,89.5,1.5951,0,0.0345,0.069,0.069,0,0.1462,0.0462,0.3923,,,D,△,◎,0.2038,0.6315,0.3792,0.6714,S,92,0,◎1着固定 2-3着流し（5〜8点）,0.5777,"{'is_target': True, 'verdict': '点数絞り', 'max_combo_prob': 0.1078, 'est_top_odds': 12.4, 'circle_concentration': 74.5, 'eligible_count': 6, 'bet_adj': 0, 'reason': 'rel_win1=63.1%（本命度） / 最有力組み合わせ確率: 0.108（推定実オッズ?12倍） / 2着集中度: 上位2艇 74.5%（補正+0.04） / 総合判定確率: 0.148 / → ヒモはやや固め。上位2艇以外を切ること', 'tenji_trigger': '展示確認: 1号艇伸び良→そのまま採用。悪→飛び組に差し替え。circle_pct上位2艇に絞り込むこと。\n展示で1号艇スタート超安定(0.139秒)→ヒモ固まり方向に注意'}",,,28.7,逃げ狙い,19.61,28.8,3,,,,,,,,,,,
2026-02-04,丸亀,12,5,浮田圭浩,B1,22.35,5,,3.1806,9.1,66,30.9,0.1993,4.463,,,0,低,218,0,-,456,0,36.9,0.9138,,,,,,0.1,0.2033,0.1533,,,E,,,0.1368,0.6095,,0.6714,S,92,0,◎1着固定 2-3着流し（5〜8点）,0.5777,"{'is_target': True, 'verdict': '点数絞り', 'max_combo_prob': 0.1078, 'est_top_odds': 12.4, 'circle_concentration': 74.5, 'eligible_count': 6, 'bet_adj': 0, 'reason': 'rel_win1=63.1%（本命度） / 最有力組み合わせ確率: 0.108（推定実オッズ?12倍） / 2着集中度: 上位2艇 74.5%（補正+0.04） / 総合判定確率: 0.148 / → ヒモはやや固め。上位2艇以外を切ること', 'tenji_trigger': '展示確認: 1号艇伸び良→そのまま採用。悪→飛び組に差し替え。circle_pct上位2艇に絞り込むこと。\n展示で1号艇スタート超安定(0.139秒)→ヒモ固まり方向に注意'}",,,28.7,逃げ狙い,19.61,28.8,3,,,,,,,,,,,
2026-02-04,丸亀,12,6,古川誠之,A2,56.18,6,▲,2.6505,2.8,37,21.5,0.1671,4.0615,,,0,低,111,0,-,512,0,27.2,0.7225,,,,,,0.1491,0.1791,0.1145,,,A,◎,,0.2215,0.657,,0.6714,S,92,0,◎1着固定 2-3着流し（5〜8点）,0.5777,"{'is_target': True, 'verdict': '点数絞り', 'max_combo_prob': 0.1078, 'est_top_odds': 12.4, 'circle_concentration': 74.5, 'eligible_count': 6, 'bet_adj': 0, 'reason': 'rel_win1=63.1%（本命度） / 最有力組み合わせ確率: 0.108（推定実オッズ?12倍） / 2着集中度: 上位2艇 74.5%（補正+0.04） / 総合判定確率: 0.148 / → ヒモはやや固め。上位2艇以外を切ること', 'tenji_trigger': '展示確認: 1号艇伸び良→そのまま採用。悪→飛び組に差し替え。circle_pct上位2艇に絞り込むこと。\n展示で1号艇スタート超安定(0.139秒)→ヒモ固まり方向に注意'}",,,28.7,逃げ狙い,19.61,28.8,3,,,,,,,,,,,
2026-02-05,丸亀,1,1,田頭虎親,B1,35.71,1,◎,62.4882,,0,83.3,0.1733,3.4792,,,0,低,121,0,逃1%,4 1315,0,69.4,0.9912,0.4375,,,,,0.1,0.375,0.025,○,,B,,,,0.5945,,0.4028,A,75,0,◎-○軸 3着3〜4艇流し（10〜15点）,0.5777,"{'is_target': True, 'verdict': '点数絞り', 'max_combo_prob': 0.1029, 'est_top_odds': 13.0, 'circle_concentration': 78.6, 'eligible_count': 8, 'bet_adj': 0, 'reason': 'rel_win1=62.5%（本命度） / 最有力組み合わせ確率: 0.103（推定実オッズ?13倍） / 2着集中度: 上位2艇 78.6%（補正+0.04） / 総合判定確率: 0.143 / → ヒモはやや固め。上位2艇以外を切ること', 'tenji_trigger': '展示確認: 1号艇伸び良→そのまま採用。悪→飛び組に差し替え。circle_pct上位2艇に絞り込むこと。'}",,,29.5,逃げ狙い,14.83,35.1,4,,,,,0,0,0.6155,0,,逃げ軸流し,A
2026-02-05,丸亀,1,2,山田佑樹,B1,34.07,2,▲,11.7711,53.5,82,60.3,0.1452,3.4655,,,0,低,110,0,-,6 436,0,85.9,0.8617,0,0.04,0,0,0,0.0842,0,0.2253,,◎,C,△,,0.5574,0.6115,,0.4028,A,75,0,◎-○軸 3着3〜4艇流し（10〜15点）,0.5777,"{'is_target': True, 'verdict': '点数絞り', 'max_combo_prob': 0.1029, 'est_top_odds': 13.0, 'circle_concentration': 78.6, 'eligible_count': 8, 'bet_adj': 0, 'reason': 'rel_win1=62.5%（本命度） / 最有力組み合わせ確率: 0.103（推定実オッズ?13倍） / 2着集中度: 上位2艇 78.6%（補正+0.04） / 総合判定確率: 0.143 / → ヒモはやや固め。上位2艇以外を切ること', 'tenji_trigger': '展示確認: 1号艇伸び良→そのまま採用。悪→飛び組に差し替え。circle_pct上位2艇に絞り込むこと。'}",,,29.5,逃げ狙い,14.83,35.1,4,,,,,,,,,,,
2026-02-05,丸亀,1,3,浮田圭浩,B1,22.35,3,,5.7243,25.1,81,40.7,0.1869,3.7692,,,0,低,218,0,-,456 26,0,71.4,1.5408,0,0,0,0.0244,0,0.1,0.2033,0.1533,,,D,△,,0.2124,0.6095,,0.4028,A,75,0,◎-○軸 3着3〜4艇流し（10〜15点）,0.5777,"{'is_target': True, 'verdict': '点数絞り', 'max_combo_prob': 0.1029, 'est_top_odds': 13.0, 'circle_concentration': 78.6, 'eligible_count': 8, 'bet_adj': 0, 'reason': 'rel_win1=62.5%（本命度） / 最有力組み合わせ確率: 0.103（推定実オッズ?13倍） / 2着集中度: 上位2艇 78.6%（補正+0.04） / 総合判定確率: 0.143 / → ヒモはやや固め。上位2艇以外を切ること', 'tenji_trigger': '展示確認: 1号艇伸び良→そのまま採用。悪→飛び組に差し替え。circle_pct上位2艇に絞り込むこと。'}",,,29.5,逃げ狙い,14.83,35.1,4,,,,,,,,,,,
2026-02-05,丸亀,1,4,片岡大地,B1,27.27,4,△,11.2036,14,100,46.3,0.14,2.8806,,,0,低,64,0,差0%,245 33,0,53.5,1.1057,0,0.037,0,0,0,0.0267,0.2567,0.0267,,○,D,○,◎,0.4118,0.6305,0.3745,0.4028,A,75,0,◎-○軸 3着3〜4艇流し（10〜15点）,0.5777,"{'is_target': True, 'verdict': '点数絞り', 'max_combo_prob': 0.1029, 'est_top_odds': 13.0, 'circle_concentration': 78.6, 'eligible_count': 8, 'bet_adj': 0, 'reason': 'rel_win1=62.5%（本命度） / 最有力組み合わせ確率: 0.103（推定実オッズ?13倍） / 2着集中度: 上位2艇 78.6%（補正+0.04） / 総合判定確率: 0.143 / → ヒモはやや固め。上位2艇以外を切ること', 'tenji_trigger': '展示確認: 1号艇伸び良→そのまま採用。悪→飛び組に差し替え。circle_pct上位2艇に絞り込むこと。'}",,,29.5,逃げ狙い,14.83,35.1,4,,,,,,,,,,,
2026-02-05,丸亀,1,5,夏山亮平,B1,36.56,5,○,7.825,5.6,67,26.7,0.1571,3.6333,,,0,低,92,0,差ま0%,6 132,0,41.4,0.9507,0,0,0,0.15,0,0,0.2941,0.0471,,,B,,,0.363,0.5755,,0.4028,A,75,0,◎-○軸 3着3〜4艇流し（10〜15点）,0.5777,"{'is_target': True, 'verdict': '点数絞り', 'max_combo_prob': 0.1029, 'est_top_odds': 13.0, 'circle_concentration': 78.6, 'eligible_count': 8, 'bet_adj': 0, 'reason': 'rel_win1=62.5%（本命度） / 最有力組み合わせ確率: 0.103（推定実オッズ?13倍） / 2着集中度: 上位2艇 78.6%（補正+0.04） / 総合判定確率: 0.143 / → ヒモはやや固め。上位2艇以外を切ること', 'tenji_trigger': '展示確認: 1号艇伸び良→そのまま採用。悪→飛び組に差し替え。circle_pct上位2艇に絞り込むこと。'}",,,29.5,逃げ狙い,14.83,35.1,4,,,,,,,,,,,
2026-02-05,丸亀,1,6,嶋　義信,B1,22.22,6,,0.9878,1.8,77,24.6,0.191,4.3361,,,0,低,90,0,-,31122,0,29.2,1.5725,,,,,,0.125,0.15,0.1875,,,E,◎,,0.254,0.632,,0.4028,A,75,0,◎-○軸 3着3〜4艇流し（10〜15点）,0.5777,"{'is_target': True, 'verdict': '点数絞り', 'max_combo_prob': 0.1029, 'est_top_odds': 13.0, 'circle_concentration': 78.6, 'eligible_count': 8, 'bet_adj': 0, 'reason': 'rel_win1=62.5%（本命度） / 最有力組み合わせ確率: 0.103（推定実オッズ?13倍） / 2着集中度: 上位2艇 78.6%（補正+0.04） / 総合判定確率: 0.143 / → ヒモはやや固め。上位2艇以外を切ること', 'tenji_trigger': '展示確認: 1号艇伸び良→そのまま採用。悪→飛び組に差し替え。circle_pct上位2艇に絞り込むこと。'}",,,29.5,逃げ狙い,14.83,35.1,4,,,,,,,,,,,
2026-02-05,丸亀,2,1,重冨勇哉,B1,36.73,1,◎,47.4638,,0,81.8,0.1585,3.1364,,,0,低,99,0,逃0%,444 33,0,76.5,1.0278,0.3684,,,,,0.3242,0.0632,0.2042,○,,C,△,,,0.57,,0.4387,A,60,0,◎-○軸 3着3〜4艇流し（10〜15点）,0.5777,"{'is_target': True, 'verdict': '参加推奨', 'max_combo_prob': 0.0576, 'est_top_odds': 23.2, 'circle_concentration': 70.6, 'eligible_count': 8, 'bet_adj': 2, 'reason': 'rel_win1=47.5%（本命度） / 最有力組み合わせ確率: 0.058（推定実オッズ?23倍） / 2着集中度: 上位2艇 70.6%（補正+0.04） / 総合判定確率: 0.098 / → ヒモ分散。1号艇1着固定で広めのヒモ流し推奨（買い目+2点）', 'tenji_trigger': '展示確認: ヒモ分散レース。1号艇伸び確認後、広めのヒモ流しを採用。穴ヒモ（5・6号艇）を積極的に含める。'}",,,24.9,両建て推奨,13.76,37.2,2,,,,,0,0,0.6155,0,,主役軸流し,B
2026-02-05,丸亀,2,2,木山和幸,A2,53.93,2,○,13.8329,35.7,95,54.9,0.1635,3.7113,,,0,低,135,0,差0%,2 3131,0,60.8,0.5443,0,0.1111,0,0,0,0.048,0.016,0.148,,◎,A,○,,0.3236,0.6205,,0.4387,A,60,0,◎-○軸 3着3〜4艇流し（10〜15点）,0.5777,"{'is_target': True, 'verdict': '参加推奨', 'max_combo_prob': 0.0576, 'est_top_odds': 23.2, 'circle_concentration': 70.6, 'eligible_count': 8, 'bet_adj': 2, 'reason': 'rel_win1=47.5%（本命度） / 最有力組み合わせ確率: 0.058（推定実オッズ?23倍） / 2着集中度: 上位2艇 70.6%（補正+0.04） / 総合判定確率: 0.098 / → ヒモ分散。1号艇1着固定で広めのヒモ流し推奨（買い目+2点）', 'tenji_trigger': '展示確認: ヒモ分散レース。1号艇伸び確認後、広めのヒモ流しを採用。穴ヒモ（5・6号艇）を積極的に含める。'}",,,24.9,両建て推奨,13.76,37.2,2,,,,,,,,,,,
2026-02-05,丸亀,2,3,蒲原健太,A2,50.00,3,▲,13.6866,35,100,61.4,0.2016,3.9035,,,0,低,193,0,-,35626,0,88.9,1.8971,0,0.0385,0,0.0385,0,0.0953,0.3224,0.2271,,,A,,,0.1333,0.54,,0.4387,A,60,0,◎-○軸 3着3〜4艇流し（10〜15点）,0.5777,"{'is_target': True, 'verdict': '参加推奨', 'max_combo_prob': 0.0576, 'est_top_odds': 23.2, 'circle_concentration': 70.6, 'eligible_count': 8, 'bet_adj': 2, 'reason': 'rel_win1=47.5%（本命度） / 最有力組み合わせ確率: 0.058（推定実オッズ?23倍） / 2着集中度: 上位2艇 70.6%（補正+0.04） / 総合判定確率: 0.098 / → ヒモ分散。1号艇1着固定で広めのヒモ流し推奨（買い目+2点）', 'tenji_trigger': '展示確認: ヒモ分散レース。1号艇伸び確認後、広めのヒモ流しを採用。穴ヒモ（5・6号艇）を積極的に含める。'}",,,24.9,両建て推奨,13.76,37.2,2,,,,,,,,,,,
2026-02-05,丸亀,2,4,戸田海咲,B2,24.68,4,,10.2286,18.1,89,0,0.25,4.2143,,,0,低,45,1,-,6 6566,0,15.2,0.7438,,,,,,,,,,,E,,,0.1479,0.4965,,0.4387,A,60,0,◎-○軸 3着3〜4艇流し（10〜15点）,0.5777,"{'is_target': True, 'verdict': '参加推奨', 'max_combo_prob': 0.0576, 'est_top_odds': 23.2, 'circle_concentration': 70.6, 'eligible_count': 8, 'bet_adj': 2, 'reason': 'rel_win1=47.5%（本命度） / 最有力組み合わせ確率: 0.058（推定実オッズ?23倍） / 2着集中度: 上位2艇 70.6%（補正+0.04） / 総合判定確率: 0.098 / → ヒモ分散。1号艇1着固定で広めのヒモ流し推奨（買い目+2点）', 'tenji_trigger': '展示確認: ヒモ分散レース。1号艇伸び確認後、広めのヒモ流しを採用。穴ヒモ（5・6号艇）を積極的に含める。'}",,,24.9,両建て推奨,13.76,37.2,2,,,,,,,,,,,
2026-02-05,丸亀,2,5,新井英孝,B1,22.22,5,,7.4737,9.6,75,38.9,0.1563,3.1667,,,0,低,85,0,ま0%,1 254,0,65.8,1.1764,0,0,0.1034,0,0,0.1833,0.0333,0.0667,,,E,△,,0.3206,0.6085,,0.4387,A,60,0,◎-○軸 3着3〜4艇流し（10〜15点）,0.5777,"{'is_target': True, 'verdict': '参加推奨', 'max_combo_prob': 0.0576, 'est_top_odds': 23.2, 'circle_concentration': 70.6, 'eligible_count': 8, 'bet_adj': 2, 'reason': 'rel_win1=47.5%（本命度） / 最有力組み合わせ確率: 0.058（推定実オッズ?23倍） / 2着集中度: 上位2艇 70.6%（補正+0.04） / 総合判定確率: 0.098 / → ヒモ分散。1号艇1着固定で広めのヒモ流し推奨（買い目+2点）', 'tenji_trigger': '展示確認: ヒモ分散レース。1号艇伸び確認後、広めのヒモ流しを採用。穴ヒモ（5・6号艇）を積極的に含める。'}",,,24.9,両建て推奨,13.76,37.2,2,,,,,,,,,,,
2026-02-05,丸亀,2,6,滝沢芳行,B1,41.67,6,△,7.3144,1.7,30,21.4,0.1645,3.2381,,,0,低,85,0,差ま0%,3 212,0,27.4,1.1719,0,0,0,0.0909,0,0.18,0.18,0.064,,,C,◎,,0.2848,0.628,,0.4387,A,60,0,◎-○軸 3着3〜4艇流し（10〜15点）,0.5777,"{'is_target': True, 'verdict': '参加推奨', 'max_combo_prob': 0.0576, 'est_top_odds': 23.2, 'circle_concentration': 70.6, 'eligible_count': 8, 'bet_adj': 2, 'reason': 'rel_win1=47.5%（本命度） / 最有力組み合わせ確率: 0.058（推定実オッズ?23倍） / 2着集中度: 上位2艇 70.6%（補正+0.04） / 総合判定確率: 0.098 / → ヒモ分散。1号艇1着固定で広めのヒモ流し推奨（買い目+2点）', 'tenji_trigger': '展示確認: ヒモ分散レース。1号艇伸び確認後、広めのヒモ流しを採用。穴ヒモ（5・6号艇）を積極的に含める。'}",,,24.9,両建て推奨,13.76,37.2,2,,,,,,,,,,,
2026-02-05,丸亀,3,1,沼田七華,B2,26.80,1,◎,47.7739,,0,0,0.19,3.6667,,,0,低,44,1,-,4 5 65,0,21.3,0.5357,,,,,,0.4,0.6,0,,,D,,,,0.4395,,0.1169,D,0,1,大荒れ。見送り推奨,0.5777,"{'is_target': True, 'verdict': '参加推奨', 'max_combo_prob': 0.0681, 'est_top_odds': 19.6, 'circle_concentration': 63.9, 'eligible_count': 6, 'bet_adj': 2, 'reason': 'rel_win1=47.8%（本命度） / 最有力組み合わせ確率: 0.068（推定実オッズ?20倍） / 2着集中度: 上位2艇 63.9%（補正+0.00） / 総合判定確率: 0.068 / → ヒモ分散。1号艇1着固定で広めのヒモ流し推奨（買い目+2点）', 'tenji_trigger': '展示確認: ヒモ分散レース。1号艇伸び確認後、広めのヒモ流しを採用。穴ヒモ（5・6号艇）を積極的に含める。\n展示で1号艇スタート遅め(0.190秒)確認→ヒモが荒れやすい'}",,,35.5,両建て推奨,15.7,51.6,2,2-1-3|2-3-5|2-1-5|2-5-3|2-3-4|2-1-4|2-3-6|1-2-3|1-2-5,2-1-3|2-3-5|2-1-5|2-5-3|2-3-4|2-1-4|2-3-6|1-2-3|4-5-6|1-2-5|6-3-5|6-4-3,2-1-3:2.35%|2-3-5:1.32%|2-1-5:1.31%|2-5-3:1.29%|2-3-4:0.9%|2-1-4:0.89%|2-3-6:0.69%|1-2-3:5.12%|1-2-5:4.16%,2-1-3:B_main|2-3-5:B_main|2-1-5:B_main|2-5-3:B_main|2-3-4:B_main|2-1-4:B_main|2-3-6:B_main|1-2-3:A|1-2-5:A,9,12,0.2915,1,[!]見送り推奨（主役決まり手「差し」― 逃げ劣勢レースで的中実績なし）,主役軸流し,B
2026-02-05,丸亀,3,2,石川吉鎬,A2,19.28,2,,16.7861,44.5,94,71.1,0.175,3.9833,,,0,低,188,0,差1%,34221,0,39.4,0.9297,0,0.1667,0.0556,0,0,0.189,0.189,0.189,,◎,E,◎,,0.4854,0.6575,,0.1169,D,0,1,大荒れ。見送り推奨,0.5777,"{'is_target': True, 'verdict': '参加推奨', 'max_combo_prob': 0.0681, 'est_top_odds': 19.6, 'circle_concentration': 63.9, 'eligible_count': 6, 'bet_adj': 2, 'reason': 'rel_win1=47.8%（本命度） / 最有力組み合わせ確率: 0.068（推定実オッズ?20倍） / 2着集中度: 上位2艇 63.9%（補正+0.00） / 総合判定確率: 0.068 / → ヒモ分散。1号艇1着固定で広めのヒモ流し推奨（買い目+2点）', 'tenji_trigger': '展示確認: ヒモ分散レース。1号艇伸び確認後、広めのヒモ流しを採用。穴ヒモ（5・6号艇）を積極的に含める。\n展示で1号艇スタート遅め(0.190秒)確認→ヒモが荒れやすい'}",,,35.5,両建て推奨,15.7,51.6,2,,,,,,,,,,,
2026-02-05,丸亀,3,3,川崎公靖,B1,23.17,3,△,13.5516,18.9,100,51.6,0.1467,2.6406,,,0,低,102,0,-,56354,0,88.1,1.6938,0,0.037,0.037,0.0741,0,0.1053,0.0421,0.5053,,○,D,△,,0.4655,0.6275,,0.1169,D,0,1,大荒れ。見送り推奨,0.5777,"{'is_target': True, 'verdict': '参加推奨', 'max_combo_prob': 0.0681, 'est_top_odds': 19.6, 'circle_concentration': 63.9, 'eligible_count': 6, 'bet_adj': 2, 'reason': 'rel_win1=47.8%（本命度） / 最有力組み合わせ確率: 0.068（推定実オッズ?20倍） / 2着集中度: 上位2艇 63.9%（補正+0.00） / 総合判定確率: 0.068 / → ヒモ分散。1号艇1着固定で広めのヒモ流し推奨（買い目+2点）', 'tenji_trigger': '展示確認: ヒモ分散レース。1号艇伸び確認後、広めのヒモ流しを採用。穴ヒモ（5・6号艇）を積極的に含める。\n展示で1号艇スタート遅め(0.190秒)確認→ヒモが荒れやすい'}",,,35.5,両建て推奨,15.7,51.6,2,,,,,,,,,,,
2026-02-05,丸亀,3,4,本部めぐ,B1,37.63,4,,9.2348,13.7,84,28.6,0.1979,3.8571,,,0,低,54,1,-,6 561S,0,25.7,0.7683,,,,,,0.3,0.1,0.2,,,B,,,0.2816,0.5645,,0.1169,D,0,1,大荒れ。見送り推奨,0.5777,"{'is_target': True, 'verdict': '参加推奨', 'max_combo_prob': 0.0681, 'est_top_odds': 19.6, 'circle_concentration': 63.9, 'eligible_count': 6, 'bet_adj': 2, 'reason': 'rel_win1=47.8%（本命度） / 最有力組み合わせ確率: 0.068（推定実オッズ?20倍） / 2着集中度: 上位2艇 63.9%（補正+0.00） / 総合判定確率: 0.068 / → ヒモ分散。1号艇1着固定で広めのヒモ流し推奨（買い目+2点）', 'tenji_trigger': '展示確認: ヒモ分散レース。1号艇伸び確認後、広めのヒモ流しを採用。穴ヒモ（5・6号艇）を積極的に含める。\n展示で1号艇スタート遅め(0.190秒)確認→ヒモが荒れやすい'}",,,35.5,両建て推奨,15.7,51.6,2,,,,,,,,,,,
2026-02-05,丸亀,3,5,鈴木　博,A2,38.14,5,▲,11.3698,19.4,77,52.2,0.1815,3.6739,,,0,低,120,0,-,234 13,0,52.4,1.0071,0,0,0.0476,0.0476,0.0476,0.05,0.11,0.02,,,B,○,,0.3151,0.6475,,0.1169,D,0,1,大荒れ。見送り推奨,0.5777,"{'is_target': True, 'verdict': '参加推奨', 'max_combo_prob': 0.0681, 'est_top_odds': 19.6, 'circle_concentration': 63.9, 'eligible_count': 6, 'bet_adj': 2, 'reason': 'rel_win1=47.8%（本命度） / 最有力組み合わせ確率: 0.068（推定実オッズ?20倍） / 2着集中度: 上位2艇 63.9%（補正+0.00） / 総合判定確率: 0.068 / → ヒモ分散。1号艇1着固定で広めのヒモ流し推奨（買い目+2点）', 'tenji_trigger': '展示確認: ヒモ分散レース。1号艇伸び確認後、広めのヒモ流しを採用。穴ヒモ（5・6号艇）を積極的に含める。\n展示で1号艇スタート遅め(0.190秒)確認→ヒモが荒れやすい'}",,,35.5,両建て推奨,15.7,51.6,2,,,,,,,,,,,
2026-02-05,丸亀,3,6,大崎　翔,B1,44.09,6,○,1.2837,3.5,51,23.6,0.1664,3.8091,,,0,低,117,0,-,2 2411,0,45,0.9583,,,,,,0.3127,0.0727,0.1745,,,A,△,,0.3878,0.643,,0.1169,D,0,1,大荒れ。見送り推奨,0.5777,"{'is_target': True, 'verdict': '参加推奨', 'max_combo_prob': 0.0681, 'est_top_odds': 19.6, 'circle_concentration': 63.9, 'eligible_count': 6, 'bet_adj': 2, 'reason': 'rel_win1=47.8%（本命度） / 最有力組み合わせ確率: 0.068（推定実オッズ?20倍） / 2着集中度: 上位2艇 63.9%（補正+0.00） / 総合判定確率: 0.068 / → ヒモ分散。1号艇1着固定で広めのヒモ流し推奨（買い目+2点）', 'tenji_trigger': '展示確認: ヒモ分散レース。1号艇伸び確認後、広めのヒモ流しを採用。穴ヒモ（5・6号艇）を積極的に含める。\n展示で1号艇スタート遅め(0.190秒)確認→ヒモが荒れやすい'}",,,35.5,両建て推奨,15.7,51.6,2,,,,,,,,,,,
2026-02-05,丸亀,4,1,竹田広樹,B1,26.37,1,◎,46.6646,,0,67.4,0.1837,3.6196,,,0,低,177,0,逃0%,364 45,0,69.4,1.1129,0.4211,,,,,0.0526,0.1579,0.3158,△,,D,○,,,0.6185,,0.3135,B,54,0,◎○△フォーメーション（15〜20点）,0.5777,"{'is_target': True, 'verdict': '参加推奨', 'max_combo_prob': 0.0771, 'est_top_odds': 17.3, 'circle_concentration': 71.7, 'eligible_count': 9, 'bet_adj': 2, 'reason': 'rel_win1=46.7%（本命度） / 最有力組み合わせ確率: 0.077（推定実オッズ?17倍） / 2着集中度: 上位2艇 71.7%（補正+0.04） / 総合判定確率: 0.117 / → ヒモ分散。1号艇1着固定で広めのヒモ流し推奨（買い目+2点）', 'tenji_trigger': '展示確認: ヒモ分散レース。1号艇伸び確認後、広めのヒモ流しを採用。穴ヒモ（5・6号艇）を積極的に含める。\n展示で1号艇スタート遅め(0.184秒)確認→ヒモが荒れやすい'}",,,29.4,両建て推奨,16.55,33.4,3,2-1-3|1-2-4|1-2-3|1-3-4|1-3-2|1-4-2,6-1-3|5-1-6|5-1-3|2-1-3|5-6-1|6-1-4|6-3-1|1-2-4|1-2-3|1-3-4|1-3-2|1-4-2,2-1-3:2.84%|1-2-4:9.15%|1-2-3:7.07%|1-3-4:5.7%|1-3-2:5.36%|1-4-2:5.0%,2-1-3:B_main|1-2-4:A|1-2-3:A|1-3-4:A|1-3-2:A|1-4-2:A,6,12,0.4535,1,[!]見送り推奨（主役決まり手「差し」― 逃げ劣勢レースで的中実績なし）,荒れ広め,D
2026-02-05,丸亀,4,2,松下直也,B1,27.84,2,▲,13.413,50.4,67,66.2,0.1664,3.513,,,0,低,177,0,-,331 33,0,100,2.536,0,0.0882,0,0,0,0.0286,0.3714,0.2381,,◎,C,◎,,0.5002,0.621,,0.3135,B,54,0,◎○△フォーメーション（15〜20点）,0.5777,"{'is_target': True, 'verdict': '参加推奨', 'max_combo_prob': 0.0771, 'est_top_odds': 17.3, 'circle_concentration': 71.7, 'eligible_count': 9, 'bet_adj': 2, 'reason': 'rel_win1=46.7%（本命度） / 最有力組み合わせ確率: 0.077（推定実オッズ?17倍） / 2着集中度: 上位2艇 71.7%（補正+0.04） / 総合判定確率: 0.117 / → ヒモ分散。1号艇1着固定で広めのヒモ流し推奨（買い目+2点）', 'tenji_trigger': '展示確認: ヒモ分散レース。1号艇伸び確認後、広めのヒモ流しを採用。穴ヒモ（5・6号艇）を積極的に含める。\n展示で1号艇スタート遅め(0.184秒)確認→ヒモが荒れやすい'}",,,29.4,両建て推奨,16.55,33.4,3,,,,,,,,,,,
2026-02-05,丸亀,4,3,青木幸太,A2,27.16,3,△,17.1624,21.3,92,63.8,0.1566,3.2586,,,0,低,86,0,差ま1%,641 12,0,22.5,0.7063,0,0.0303,0.0303,0.1212,0,0.0882,0.0588,0.1176,,△,D,△,,0.4567,0.615,,0.3135,B,54,0,◎○△フォーメーション（15〜20点）,0.5777,"{'is_target': True, 'verdict': '参加推奨', 'max_combo_prob': 0.0771, 'est_top_odds': 17.3, 'circle_concentration': 71.7, 'eligible_count': 9, 'bet_adj': 2, 'reason': 'rel_win1=46.7%（本命度） / 最有力組み合わせ確率: 0.077（推定実オッズ?17倍） / 2着集中度: 上位2艇 71.7%（補正+0.04） / 総合判定確率: 0.117 / → ヒモ分散。1号艇1着固定で広めのヒモ流し推奨（買い目+2点）', 'tenji_trigger': '展示確認: ヒモ分散レース。1号艇伸び確認後、広めのヒモ流しを採用。穴ヒモ（5・6号艇）を積極的に含める。\n展示で1号艇スタート遅め(0.184秒)確認→ヒモが荒れやすい'}",,,29.4,両建て推奨,16.55,33.4,3,,,,,,,,,,,
2026-02-05,丸亀,4,4,佐々木翔,A2,20.73,4,,11.7154,19,100,60.8,0.1512,2.9804,,,0,低,101,0,-,2 4631,0,41.2,0.9468,0,0.0435,0.1304,0,0,0.0387,0.1373,0.1502,,○,E,,◎,0.4593,0.5985,0.3808,0.3135,B,54,0,◎○△フォーメーション（15〜20点）,0.5777,"{'is_target': True, 'verdict': '参加推奨', 'max_combo_prob': 0.0771, 'est_top_odds': 17.3, 'circle_concentration': 71.7, 'eligible_count': 9, 'bet_adj': 2, 'reason': 'rel_win1=46.7%（本命度） / 最有力組み合わせ確率: 0.077（推定実オッズ?17倍） / 2着集中度: 上位2艇 71.7%（補正+0.04） / 総合判定確率: 0.117 / → ヒモ分散。1号艇1着固定で広めのヒモ流し推奨（買い目+2点）', 'tenji_trigger': '展示確認: ヒモ分散レース。1号艇伸び確認後、広めのヒモ流しを採用。穴ヒモ（5・6号艇）を積極的に含める。\n展示で1号艇スタート遅め(0.184秒)確認→ヒモが荒れやすい'}",,,29.4,両建て推奨,16.55,33.4,3,,,,,,,,,,,
2026-02-05,丸亀,4,5,海老澤泰,B1,29.59,5,,7.4841,7.8,67,27.5,0.1775,3.5588,,,0,低,128,0,差ま0%,1 335,0,40.6,0.9145,0,0,0,0.0417,0,0.2354,0.08,0.3531,,,C,,,0.3241,0.6055,,0.3135,B,54,0,◎○△フォーメーション（15〜20点）,0.5777,"{'is_target': True, 'verdict': '参加推奨', 'max_combo_prob': 0.0771, 'est_top_odds': 17.3, 'circle_concentration': 71.7, 'eligible_count': 9, 'bet_adj': 2, 'reason': 'rel_win1=46.7%（本命度） / 最有力組み合わせ確率: 0.077（推定実オッズ?17倍） / 2着集中度: 上位2艇 71.7%（補正+0.04） / 総合判定確率: 0.117 / → ヒモ分散。1号艇1着固定で広めのヒモ流し推奨（買い目+2点）', 'tenji_trigger': '展示確認: ヒモ分散レース。1号艇伸び確認後、広めのヒモ流しを採用。穴ヒモ（5・6号艇）を積極的に含める。\n展示で1号艇スタート遅め(0.184秒)確認→ヒモが荒れやすい'}",,,29.4,両建て推奨,16.55,33.4,3,,,,,,,,,,,
2026-02-05,丸亀,4,6,山下夏鈴,B1,48.91,6,○,3.5605,1.5,46,14.8,0.1774,3.8704,,,0,低,64,0,ま0%,2 2115,0,32.6,0.8189,0,0,0.0833,0,0,0,0.0267,0.2,,,A,△,,0.3441,0.616,,0.3135,B,54,0,◎○△フォーメーション（15〜20点）,0.5777,"{'is_target': True, 'verdict': '参加推奨', 'max_combo_prob': 0.0771, 'est_top_odds': 17.3, 'circle_concentration': 71.7, 'eligible_count': 9, 'bet_adj': 2, 'reason': 'rel_win1=46.7%（本命度） / 最有力組み合わせ確率: 0.077（推定実オッズ?17倍） / 2着集中度: 上位2艇 71.7%（補正+0.04） / 総合判定確率: 0.117 / → ヒモ分散。1号艇1着固定で広めのヒモ流し推奨（買い目+2点）', 'tenji_trigger': '展示確認: ヒモ分散レース。1号艇伸び確認後、広めのヒモ流しを採用。穴ヒモ（5・6号艇）を積極的に含める。\n展示で1号艇スタート遅め(0.184秒)確認→ヒモが荒れやすい'}",,,29.4,両建て推奨,16.55,33.4,3,,,,,,,,,,,
2026-02-05,丸亀,5,1,片岡大地,B1,27.27,1,◎,47.8481,,0,70.3,0.1422,2.6486,,,0,低,64,0,逃0%,245 33,0,79,0.9106,0.4667,,,,,0.0267,0.2567,0.0267,◎,,D,○,,,0.6305,,0.4929,B,54,0,◎○△フォーメーション（15〜20点）,0.5777,"{'is_target': True, 'verdict': '参加推奨', 'max_combo_prob': 0.0643, 'est_top_odds': 20.7, 'circle_concentration': 78.6, 'eligible_count': 9, 'bet_adj': 2, 'reason': 'rel_win1=47.8%（本命度） / 最有力組み合わせ確率: 0.064（推定実オッズ?21倍） / 2着集中度: 上位2艇 78.6%（補正+0.04） / 総合判定確率: 0.104 / → ヒモ分散。1号艇1着固定で広めのヒモ流し推奨（買い目+2点）', 'tenji_trigger': '展示確認: ヒモ分散レース。1号艇伸び確認後、広めのヒモ流しを採用。穴ヒモ（5・6号艇）を積極的に含める。'}",,,27.2,両建て推奨,15.08,28.3,2,,,,,0,0,0.7559,0,,逃げ軸流し,A
2026-02-05,丸亀,5,2,吉田一郎,A2,44.68,2,○,18.5372,47.2,100,72.4,0.1545,2.6983,,,0,低,66,0,-,1S3612,0,35.2,0.7198,0,0.0357,0.1071,0,0.0357,0.1221,0.0316,0.1326,,,A,△,,0.193,0.6245,,0.4929,B,54,0,◎○△フォーメーション（15〜20点）,0.5777,"{'is_target': True, 'verdict': '参加推奨', 'max_combo_prob': 0.0643, 'est_top_odds': 20.7, 'circle_concentration': 78.6, 'eligible_count': 9, 'bet_adj': 2, 'reason': 'rel_win1=47.8%（本命度） / 最有力組み合わせ確率: 0.064（推定実オッズ?21倍） / 2着集中度: 上位2艇 78.6%（補正+0.04） / 総合判定確率: 0.104 / → ヒモ分散。1号艇1着固定で広めのヒモ流し推奨（買い目+2点）', 'tenji_trigger': '展示確認: ヒモ分散レース。1号艇伸び確認後、広めのヒモ流しを採用。穴ヒモ（5・6号艇）を積極的に含める。'}",,,27.2,両建て推奨,15.08,28.3,2,,,,,,,,,,,
2026-02-05,丸亀,5,3,深川和仁,B1,23.38,3,,12.9018,31.4,65,58,0.184,3.99,,,0,低,130,0,差ま0%,13454,0,55.2,1.1177,0,0,0.0476,0.1429,0,0.2,0.0167,0.05,,,D,△,,0.1369,0.606,,0.4929,B,54,0,◎○△フォーメーション（15〜20点）,0.5777,"{'is_target': True, 'verdict': '参加推奨', 'max_combo_prob': 0.0643, 'est_top_odds': 20.7, 'circle_concentration': 78.6, 'eligible_count': 9, 'bet_adj': 2, 'reason': 'rel_win1=47.8%（本命度） / 最有力組み合わせ確率: 0.064（推定実オッズ?21倍） / 2着集中度: 上位2艇 78.6%（補正+0.04） / 総合判定確率: 0.104 / → ヒモ分散。1号艇1着固定で広めのヒモ流し推奨（買い目+2点）', 'tenji_trigger': '展示確認: ヒモ分散レース。1号艇伸び確認後、広めのヒモ流しを採用。穴ヒモ（5・6号艇）を積極的に含める。'}",,,27.2,両建て推奨,15.08,28.3,2,,,,,,,,,,,
2026-02-05,丸亀,5,4,山崎善庸,B1,22.22,4,,8.2384,12.2,72,25.4,0.2176,4.7857,,,0,低,243,0,-,253 24,0,18.3,0.7023,,,,,,0.0727,0.3491,0.3309,,,E,,,0.135,0.5725,,0.4929,B,54,0,◎○△フォーメーション（15〜20点）,0.5777,"{'is_target': True, 'verdict': '参加推奨', 'max_combo_prob': 0.0643, 'est_top_odds': 20.7, 'circle_concentration': 78.6, 'eligible_count': 9, 'bet_adj': 2, 'reason': 'rel_win1=47.8%（本命度） / 最有力組み合わせ確率: 0.064（推定実オッズ?21倍） / 2着集中度: 上位2艇 78.6%（補正+0.04） / 総合判定確率: 0.104 / → ヒモ分散。1号艇1着固定で広めのヒモ流し推奨（買い目+2点）', 'tenji_trigger': '展示確認: ヒモ分散レース。1号艇伸び確認後、広めのヒモ流しを採用。穴ヒモ（5・6号艇）を積極的に含める。'}",,,27.2,両建て推奨,15.08,28.3,2,,,,,,,,,,,
2026-02-05,丸亀,5,5,甲斐貴大,B2,30.43,5,▲,9.0818,8.9,78,,,,,,0,低,25,1,-,6 666,0,,,,,,,,,,,,,C,,◎,0.31,0.3645,0.15,0.4929,B,54,0,◎○△フォーメーション（15〜20点）,0.5777,"{'is_target': True, 'verdict': '参加推奨', 'max_combo_prob': 0.0643, 'est_top_odds': 20.7, 'circle_concentration': 78.6, 'eligible_count': 9, 'bet_adj': 2, 'reason': 'rel_win1=47.8%（本命度） / 最有力組み合わせ確率: 0.064（推定実オッズ?21倍） / 2着集中度: 上位2艇 78.6%（補正+0.04） / 総合判定確率: 0.104 / → ヒモ分散。1号艇1着固定で広めのヒモ流し推奨（買い目+2点）', 'tenji_trigger': '展示確認: ヒモ分散レース。1号艇伸び確認後、広めのヒモ流しを採用。穴ヒモ（5・6号艇）を積極的に含める。'}",,,27.2,両建て推奨,15.08,28.3,2,,,,,,,,,,,
2026-02-05,丸亀,5,6,田中京介,A2,28.87,6,△,3.3926,0.3,59,20.9,0.1793,4.2463,,,0,低,91,0,差ま0%,125 42,0,51.2,0.9047,0,0,0,0.0323,0,0.0235,0.1471,0.3353,,,C,◎,,0.1603,0.6375,,0.4929,B,54,0,◎○△フォーメーション（15〜20点）,0.5777,"{'is_target': True, 'verdict': '参加推奨', 'max_combo_prob': 0.0643, 'est_top_odds': 20.7, 'circle_concentration': 78.6, 'eligible_count': 9, 'bet_adj': 2, 'reason': 'rel_win1=47.8%（本命度） / 最有力組み合わせ確率: 0.064（推定実オッズ?21倍） / 2着集中度: 上位2艇 78.6%（補正+0.04） / 総合判定確率: 0.104 / → ヒモ分散。1号艇1着固定で広めのヒモ流し推奨（買い目+2点）', 'tenji_trigger': '展示確認: ヒモ分散レース。1号艇伸び確認後、広めのヒモ流しを採用。穴ヒモ（5・6号艇）を積極的に含める。'}",,,27.2,両建て推奨,15.08,28.3,2,,,,,,,,,,,
2026-02-05,丸亀,6,1,古川誠之,A2,56.18,1,◎,48.5969,,0,84.6,0.1389,2.7637,,,0,低,111,0,逃1%,512 55,0,70,1.0785,0.55,,,,,0.1491,0.1791,0.1145,◎,,A,◎,,,0.657,,0.4936,B,56,0,◎○△フォーメーション（15〜20点）,0.5777,"{'is_target': True, 'verdict': '点数絞り', 'max_combo_prob': 0.1066, 'est_top_odds': 12.5, 'circle_concentration': 76.6, 'eligible_count': 9, 'bet_adj': 0, 'reason': 'rel_win1=48.6%（本命度） / 最有力組み合わせ確率: 0.107（推定実オッズ?12倍） / 2着集中度: 上位2艇 76.6%（補正+0.04） / 総合判定確率: 0.147 / → ヒモはやや固め。上位2艇以外を切ること', 'tenji_trigger': '展示確認: 1号艇伸び良→そのまま採用。悪→飛び組に差し替え。circle_pct上位2艇に絞り込むこと。\n展示で1号艇スタート超安定(0.139秒)→ヒモ固まり方向に注意'}",,,33.1,両建て推奨,31.33,31.3,3,,,,,0,0,0.7559,0,,逃げ軸流し,A
2026-02-05,丸亀,6,2,嶋　義信,B1,22.22,2,△,9.3824,51.3,96,58.5,0.1345,3.0094,,,0,低,90,0,-,31122,0,100,0.7447,0,0.04,0.04,0,0,0.125,0.15,0.1875,,○,E,△,,0.3744,0.632,,0.4936,B,56,0,◎○△フォーメーション（15〜20点）,0.5777,"{'is_target': True, 'verdict': '点数絞り', 'max_combo_prob': 0.1066, 'est_top_odds': 12.5, 'circle_concentration': 76.6, 'eligible_count': 9, 'bet_adj': 0, 'reason': 'rel_win1=48.6%（本命度） / 最有力組み合わせ確率: 0.107（推定実オッズ?12倍） / 2着集中度: 上位2艇 76.6%（補正+0.04） / 総合判定確率: 0.147 / → ヒモはやや固め。上位2艇以外を切ること', 'tenji_trigger': '展示確認: 1号艇伸び良→そのまま採用。悪→飛び組に差し替え。circle_pct上位2艇に絞り込むこと。\n展示で1号艇スタート超安定(0.139秒)→ヒモ固まり方向に注意'}",,,33.1,両建て推奨,31.33,31.3,3,,,,,,,,,,,
2026-02-05,丸亀,6,3,中辻崇人,A1,40.43,3,○,30.762,25.2,100,85.7,0.1331,2.5286,,,0,低,42,0,差ま0%,111 21,0,75.1,1.6983,0,0.0769,0.6154,0.1538,0,0.2667,0,0,,◎,B,○,,0.4838,0.6505,,0.4936,B,56,0,◎○△フォーメーション（15〜20点）,0.5777,"{'is_target': True, 'verdict': '点数絞り', 'max_combo_prob': 0.1066, 'est_top_odds': 12.5, 'circle_concentration': 76.6, 'eligible_count': 9, 'bet_adj': 0, 'reason': 'rel_win1=48.6%（本命度） / 最有力組み合わせ確率: 0.107（推定実オッズ?12倍） / 2着集中度: 上位2艇 76.6%（補正+0.04） / 総合判定確率: 0.147 / → ヒモはやや固め。上位2艇以外を切ること', 'tenji_trigger': '展示確認: 1号艇伸び良→そのまま採用。悪→飛び組に差し替え。circle_pct上位2艇に絞り込むこと。\n展示で1号艇スタート超安定(0.139秒)→ヒモ固まり方向に注意'}",,,33.1,両建て推奨,31.33,31.3,3,,,,,,,,,,,
2026-02-05,丸亀,6,4,藤堂里香,A2,35.48,4,▲,6.1883,18.3,57,41.9,0.1629,3.8871,,,0,低,52,0,差0%,3 1425,0,32.9,0.8257,0,0.0667,0,0,0,0.2,0.2,0,,,C,,,0.2036,0.564,,0.4936,B,56,0,◎○△フォーメーション（15〜20点）,0.5777,"{'is_target': True, 'verdict': '点数絞り', 'max_combo_prob': 0.1066, 'est_top_odds': 12.5, 'circle_concentration': 76.6, 'eligible_count': 9, 'bet_adj': 0, 'reason': 'rel_win1=48.6%（本命度） / 最有力組み合わせ確率: 0.107（推定実オッズ?12倍） / 2着集中度: 上位2艇 76.6%（補正+0.04） / 総合判定確率: 0.147 / → ヒモはやや固め。上位2艇以外を切ること', 'tenji_trigger': '展示確認: 1号艇伸び良→そのまま採用。悪→飛び組に差し替え。circle_pct上位2艇に絞り込むこと。\n展示で1号艇スタート超安定(0.139秒)→ヒモ固まり方向に注意'}",,,33.1,両建て推奨,31.33,31.3,3,,,,,,,,,,,
2026-02-05,丸亀,6,5,尾崎雄二,B1,26.19,5,,4.2713,4.8,63,26.5,0.1674,3.8824,,,0,低,133,0,-,451 42,0,27.3,0.6445,0,0,0,0.1111,0,0.1667,0.1667,0.0556,,,D,△,,0.2371,0.6365,,0.4936,B,56,0,◎○△フォーメーション（15〜20点）,0.5777,"{'is_target': True, 'verdict': '点数絞り', 'max_combo_prob': 0.1066, 'est_top_odds': 12.5, 'circle_concentration': 76.6, 'eligible_count': 9, 'bet_adj': 0, 'reason': 'rel_win1=48.6%（本命度） / 最有力組み合わせ確率: 0.107（推定実オッズ?12倍） / 2着集中度: 上位2艇 76.6%（補正+0.04） / 総合判定確率: 0.147 / → ヒモはやや固め。上位2艇以外を切ること', 'tenji_trigger': '展示確認: 1号艇伸び良→そのまま採用。悪→飛び組に差し替え。circle_pct上位2艇に絞り込むこと。\n展示で1号艇スタート超安定(0.139秒)→ヒモ固まり方向に注意'}",,,33.1,両建て推奨,31.33,31.3,3,,,,,,,,,,,
2026-02-05,丸亀,6,6,宮本琉正,B2,27.84,6,,0.799,0.3,14,1.4,0.1761,3.1571,,,0,低,33,0,-,536 66,0,27.3,2.1767,,,,,,,,,,,D,,,0.22,0.504,,0.4936,B,56,0,◎○△フォーメーション（15〜20点）,0.5777,"{'is_target': True, 'verdict': '点数絞り', 'max_combo_prob': 0.1066, 'est_top_odds': 12.5, 'circle_concentration': 76.6, 'eligible_count': 9, 'bet_adj': 0, 'reason': 'rel_win1=48.6%（本命度） / 最有力組み合わせ確率: 0.107（推定実オッズ?12倍） / 2着集中度: 上位2艇 76.6%（補正+0.04） / 総合判定確率: 0.147 / → ヒモはやや固め。上位2艇以外を切ること', 'tenji_trigger': '展示確認: 1号艇伸び良→そのまま採用。悪→飛び組に差し替え。circle_pct上位2艇に絞り込むこと。\n展示で1号艇スタート超安定(0.139秒)→ヒモ固まり方向に注意'}",,,33.1,両建て推奨,31.33,31.3,3,,,,,,,,,,,
2026-02-05,丸亀,7,1,鈴木　博,A2,38.14,1,◎,58.7896,,0,95.1,0.1478,2.7222,,,0,低,120,0,逃1% 抜0%,234 13,0,79.4,1.0238,0.775,,,,,0.05,0.11,0.02,◎,,B,○,,,0.6475,,0.64,S,84,0,◎1着固定 2-3着流し（5〜8点）,0.5777,"{'is_target': True, 'verdict': '点数絞り', 'max_combo_prob': 0.1001, 'est_top_odds': 13.3, 'circle_concentration': 73.1, 'eligible_count': 6, 'bet_adj': 0, 'reason': 'rel_win1=58.8%（本命度） / 最有力組み合わせ確率: 0.100（推定実オッズ?13倍） / 2着集中度: 上位2艇 73.1%（補正+0.04） / 総合判定確率: 0.140 / → ヒモはやや固め。上位2艇以外を切ること', 'tenji_trigger': '展示確認: 1号艇伸び良→そのまま採用。悪→飛び組に差し替え。circle_pct上位2艇に絞り込むこと。'}",,,27.8,逃げ狙い,20.39,25.6,3,,,,,0,0,0.7559,0,,逃げ軸流し,A
2026-02-05,丸亀,7,2,廣中智紗,A1,19.28,2,,13.4216,45.4,94,81,0.1886,4.2619,,,0,低,82,0,差0% 抜0%,56534,0,77.9,1.2826,0,0.1429,0,0,0.0714,0.0421,0.1632,0.2632,,,E,△,,0.0829,0.5755,,0.64,S,84,0,◎1着固定 2-3着流し（5〜8点）,0.5777,"{'is_target': True, 'verdict': '点数絞り', 'max_combo_prob': 0.1001, 'est_top_odds': 13.3, 'circle_concentration': 73.1, 'eligible_count': 6, 'bet_adj': 0, 'reason': 'rel_win1=58.8%（本命度） / 最有力組み合わせ確率: 0.100（推定実オッズ?13倍） / 2着集中度: 上位2艇 73.1%（補正+0.04） / 総合判定確率: 0.140 / → ヒモはやや固め。上位2艇以外を切ること', 'tenji_trigger': '展示確認: 1号艇伸び良→そのまま採用。悪→飛び組に差し替え。circle_pct上位2艇に絞り込むこと。'}",,,27.8,逃げ狙い,20.39,25.6,3,,,,,,,,,,,
2026-02-05,丸亀,7,3,田頭虎親,B1,35.71,3,△,14.382,27.6,100,61,0.1668,3.8049,,,0,低,121,0,-,4 1315,0,86,1.6229,0,0,0,0.1176,0,0.1,0.375,0.025,,,C,△,,0.2082,0.5945,,0.64,S,84,0,◎1着固定 2-3着流し（5〜8点）,0.5777,"{'is_target': True, 'verdict': '点数絞り', 'max_combo_prob': 0.1001, 'est_top_odds': 13.3, 'circle_concentration': 73.1, 'eligible_count': 6, 'bet_adj': 0, 'reason': 'rel_win1=58.8%（本命度） / 最有力組み合わせ確率: 0.100（推定実オッズ?13倍） / 2着集中度: 上位2艇 73.1%（補正+0.04） / 総合判定確率: 0.140 / → ヒモはやや固め。上位2艇以外を切ること', 'tenji_trigger': '展示確認: 1号艇伸び良→そのまま採用。悪→飛び組に差し替え。circle_pct上位2艇に絞り込むこと。'}",,,27.8,逃げ狙い,20.39,25.6,3,,,,,,,,,,,
2026-02-05,丸亀,7,4,重冨勇哉,B1,36.73,4,○,4.9123,17.4,79,43.9,0.1541,3.2561,,,0,低,99,0,-,444 33,0,65.9,1.2004,0,0,0,0.0417,0,0.3242,0.0632,0.2042,,,C,,,0.2571,0.57,,0.64,S,84,0,◎1着固定 2-3着流し（5〜8点）,0.5777,"{'is_target': True, 'verdict': '点数絞り', 'max_combo_prob': 0.1001, 'est_top_odds': 13.3, 'circle_concentration': 73.1, 'eligible_count': 6, 'bet_adj': 0, 'reason': 'rel_win1=58.8%（本命度） / 最有力組み合わせ確率: 0.100（推定実オッズ?13倍） / 2着集中度: 上位2艇 73.1%（補正+0.04） / 総合判定確率: 0.140 / → ヒモはやや固め。上位2艇以外を切ること', 'tenji_trigger': '展示確認: 1号艇伸び良→そのまま採用。悪→飛び組に差し替え。circle_pct上位2艇に絞り込むこと。'}",,,27.8,逃げ狙い,20.39,25.6,3,,,,,,,,,,,
2026-02-05,丸亀,7,5,小林　泰,A2,24.18,5,,5.7415,9.2,60,47.9,0.1481,3.2083,,,0,低,73,0,-,22633,0,63.3,1.3502,,,,,,0.1111,0.0741,0.0741,,,D,◎,,0.3127,0.6885,,0.64,S,84,0,◎1着固定 2-3着流し（5〜8点）,0.5777,"{'is_target': True, 'verdict': '点数絞り', 'max_combo_prob': 0.1001, 'est_top_odds': 13.3, 'circle_concentration': 73.1, 'eligible_count': 6, 'bet_adj': 0, 'reason': 'rel_win1=58.8%（本命度） / 最有力組み合わせ確率: 0.100（推定実オッズ?13倍） / 2着集中度: 上位2艇 73.1%（補正+0.04） / 総合判定確率: 0.140 / → ヒモはやや固め。上位2艇以外を切ること', 'tenji_trigger': '展示確認: 1号艇伸び良→そのまま採用。悪→飛び組に差し替え。circle_pct上位2艇に絞り込むこと。'}",,,27.8,逃げ狙い,20.39,25.6,3,,,,,,,,,,,
2026-02-05,丸亀,7,6,鐘ヶ江真,B1,42.86,6,▲,2.7529,0.3,28,15.8,0.1888,3.8421,,,0,低,54,0,-,424 54,0,32.9,0.6217,0,0,0.0132,0.0132,0,,,,,,A,,,0.1446,0.513,,0.64,S,84,0,◎1着固定 2-3着流し（5〜8点）,0.5777,"{'is_target': True, 'verdict': '点数絞り', 'max_combo_prob': 0.1001, 'est_top_odds': 13.3, 'circle_concentration': 73.1, 'eligible_count': 6, 'bet_adj': 0, 'reason': 'rel_win1=58.8%（本命度） / 最有力組み合わせ確率: 0.100（推定実オッズ?13倍） / 2着集中度: 上位2艇 73.1%（補正+0.04） / 総合判定確率: 0.140 / → ヒモはやや固め。上位2艇以外を切ること', 'tenji_trigger': '展示確認: 1号艇伸び良→そのまま採用。悪→飛び組に差し替え。circle_pct上位2艇に絞り込むこと。'}",,,27.8,逃げ狙い,20.39,25.6,3,,,,,,,,,,,
2026-02-05,丸亀,8,1,蒲原健太,A2,50.00,1,◎,68.9791,,0,77,0.1892,3.6885,,,0,低,193,0,-,35626,0,85.3,1.1238,0.5588,,,,,0.0953,0.3224,0.2271,△,,A,,,,0.54,,0.3088,A,66,0,◎-○軸 3着3〜4艇流し（10〜15点）,0.5777,"{'is_target': True, 'verdict': '参加推奨', 'max_combo_prob': 0.1191, 'est_top_odds': 11.2, 'circle_concentration': 67.8, 'eligible_count': 8, 'bet_adj': 2, 'reason': 'rel_win1=69.0%（本命度） / 最有力組み合わせ確率: 0.119（推定実オッズ?11倍） / 2着集中度: 上位2艇 67.8%（補正+0.00） / 総合判定確率: 0.119 / → ヒモ分散。1号艇1着固定で広めのヒモ流し推奨（買い目+2点）', 'tenji_trigger': '展示確認: ヒモ分散レース。1号艇伸び確認後、広めのヒモ流しを採用。穴ヒモ（5・6号艇）を積極的に含める。\n展示で1号艇スタート遅め(0.189秒)確認→ヒモが荒れやすい'}",,,37.2,逃げ狙い,20.43,38,4,4-1-6|1-2-4|1-2-3|4-1-3|1-3-4|4-1-2,6-1-2|5-1-6|6-2-1|6-1-3|5-1-2|4-1-6|5-6-1|1-2-4|1-2-3|4-1-3|1-3-4|4-1-2,4-1-6:1.64%|1-2-4:9.96%|1-2-3:7.11%|4-1-3:6.11%|1-3-4:5.94%|4-1-2:5.71%,4-1-6:B_main|1-2-4:A|1-2-3:A|4-1-3:B_sc|1-3-4:A|4-1-2:B_sc,6,12,0.4535,1,[!]見送り推奨（主役決まり手「まくり差し」― 逃げ劣勢レースで的中実績なし）,荒れ広め,D
2026-02-05,丸亀,8,2,井上恵一,A2,37.78,2,▲,4.9698,51.9,77,46.4,0.1787,4.1518,,,0,低,109,0,-,155454,0,34.3,0.7921,,,,,,0.1462,0.0462,0.3923,,,C,◎,,0.4468,0.6315,,0.3088,A,66,0,◎-○軸 3着3〜4艇流し（10〜15点）,0.5777,"{'is_target': True, 'verdict': '参加推奨', 'max_combo_prob': 0.1191, 'est_top_odds': 11.2, 'circle_concentration': 67.8, 'eligible_count': 8, 'bet_adj': 2, 'reason': 'rel_win1=69.0%（本命度） / 最有力組み合わせ確率: 0.119（推定実オッズ?11倍） / 2着集中度: 上位2艇 67.8%（補正+0.00） / 総合判定確率: 0.119 / → ヒモ分散。1号艇1着固定で広めのヒモ流し推奨（買い目+2点）', 'tenji_trigger': '展示確認: ヒモ分散レース。1号艇伸び確認後、広めのヒモ流しを採用。穴ヒモ（5・6号艇）を積極的に含める。\n展示で1号艇スタート遅め(0.189秒)確認→ヒモが荒れやすい'}",,,37.2,逃げ狙い,20.43,38,4,,,,,,,,,,,
2026-02-05,丸亀,8,3,海老澤泰,B1,29.59,3,△,6.0013,15.8,76,31.6,0.1602,3.4123,,,0,低,128,0,-,1 335,0,37.5,0.4935,,,,,,0.2354,0.08,0.3531,,○,D,△,,0.4897,0.6055,,0.3088,A,66,0,◎-○軸 3着3〜4艇流し（10〜15点）,0.5777,"{'is_target': True, 'verdict': '参加推奨', 'max_combo_prob': 0.1191, 'est_top_odds': 11.2, 'circle_concentration': 67.8, 'eligible_count': 8, 'bet_adj': 2, 'reason': 'rel_win1=69.0%（本命度） / 最有力組み合わせ確率: 0.119（推定実オッズ?11倍） / 2着集中度: 上位2艇 67.8%（補正+0.00） / 総合判定確率: 0.119 / → ヒモ分散。1号艇1着固定で広めのヒモ流し推奨（買い目+2点）', 'tenji_trigger': '展示確認: ヒモ分散レース。1号艇伸び確認後、広めのヒモ流しを採用。穴ヒモ（5・6号艇）を積極的に含める。\n展示で1号艇スタート遅め(0.189秒)確認→ヒモが荒れやすい'}",,,37.2,逃げ狙い,20.43,38,4,,,,,,,,,,,
2026-02-05,丸亀,8,4,藤原菜希,A2,47.78,4,○,15.1888,13.5,100,59.1,0.1409,3.0227,,,0,低,33,0,差ま0%,15123,0,58.6,1.0428,0,0,0.0833,0.1667,0,0.1429,0.1429,0.0714,,◎,B,,◎,0.5411,0.6005,0.4444,0.3088,A,66,0,◎-○軸 3着3〜4艇流し（10〜15点）,0.5777,"{'is_target': True, 'verdict': '参加推奨', 'max_combo_prob': 0.1191, 'est_top_odds': 11.2, 'circle_concentration': 67.8, 'eligible_count': 8, 'bet_adj': 2, 'reason': 'rel_win1=69.0%（本命度） / 最有力組み合わせ確率: 0.119（推定実オッズ?11倍） / 2着集中度: 上位2艇 67.8%（補正+0.00） / 総合判定確率: 0.119 / → ヒモ分散。1号艇1着固定で広めのヒモ流し推奨（買い目+2点）', 'tenji_trigger': '展示確認: ヒモ分散レース。1号艇伸び確認後、広めのヒモ流しを採用。穴ヒモ（5・6号艇）を積極的に含める。\n展示で1号艇スタート遅め(0.189秒)確認→ヒモが荒れやすい'}",,,37.2,逃げ狙い,20.43,38,4,,,,,,,,,,,
2026-02-05,丸亀,8,5,川崎公靖,B1,23.17,5,,2.5954,9,70,23.4,0.1492,3.3906,,,0,低,102,0,-,56354,0,26.3,0.5286,,,,,,0.1053,0.0421,0.5053,,△,E,○,,0.4847,0.6275,,0.3088,A,66,0,◎-○軸 3着3〜4艇流し（10〜15点）,0.5777,"{'is_target': True, 'verdict': '参加推奨', 'max_combo_prob': 0.1191, 'est_top_odds': 11.2, 'circle_concentration': 67.8, 'eligible_count': 8, 'bet_adj': 2, 'reason': 'rel_win1=69.0%（本命度） / 最有力組み合わせ確率: 0.119（推定実オッズ?11倍） / 2着集中度: 上位2艇 67.8%（補正+0.00） / 総合判定確率: 0.119 / → ヒモ分散。1号艇1着固定で広めのヒモ流し推奨（買い目+2点）', 'tenji_trigger': '展示確認: ヒモ分散レース。1号艇伸び確認後、広めのヒモ流しを採用。穴ヒモ（5・6号艇）を積極的に含める。\n展示で1号艇スタート遅め(0.189秒)確認→ヒモが荒れやすい'}",,,37.2,逃げ狙い,20.43,38,4,,,,,,,,,,,
2026-02-05,丸亀,8,6,山田佑樹,B1,34.07,6,,2.2655,9.7,55,36.4,0.1883,4.4015,,,0,低,110,0,-,6 436,0,21.6,0.7425,0,0,0,0.0385,0,0.0842,0,0.2253,,,D,△,,0.3312,0.6115,,0.3088,A,66,0,◎-○軸 3着3〜4艇流し（10〜15点）,0.5777,"{'is_target': True, 'verdict': '参加推奨', 'max_combo_prob': 0.1191, 'est_top_odds': 11.2, 'circle_concentration': 67.8, 'eligible_count': 8, 'bet_adj': 2, 'reason': 'rel_win1=69.0%（本命度） / 最有力組み合わせ確率: 0.119（推定実オッズ?11倍） / 2着集中度: 上位2艇 67.8%（補正+0.00） / 総合判定確率: 0.119 / → ヒモ分散。1号艇1着固定で広めのヒモ流し推奨（買い目+2点）', 'tenji_trigger': '展示確認: ヒモ分散レース。1号艇伸び確認後、広めのヒモ流しを採用。穴ヒモ（5・6号艇）を積極的に含める。\n展示で1号艇スタート遅め(0.189秒)確認→ヒモが荒れやすい'}",,,37.2,逃げ狙い,20.43,38,4,,,,,,,,,,,
2026-02-05,丸亀,9,1,青木幸太,A2,27.16,1,◎,63.4566,,0,89.8,0.1669,2.8983,,,0,低,86,0,逃0%,641 12,0,94.8,1.3238,0.6471,,,,,0.0882,0.0588,0.1176,◎,,C,△,,,0.615,,0.5014,S,80,0,◎1着固定 2-3着流し（5〜8点）,0.5777,"{'is_target': True, 'verdict': '点数絞り', 'max_combo_prob': 0.1074, 'est_top_odds': 12.4, 'circle_concentration': 73.5, 'eligible_count': 6, 'bet_adj': 0, 'reason': 'rel_win1=63.5%（本命度） / 最有力組み合わせ確率: 0.107（推定実オッズ?12倍） / 2着集中度: 上位2艇 73.5%（補正+0.04） / 総合判定確率: 0.147 / → ヒモはやや固め。上位2艇以外を切ること', 'tenji_trigger': '展示確認: 1号艇伸び良→そのまま採用。悪→飛び組に差し替え。circle_pct上位2艇に絞り込むこと。'}",,,27.5,逃げ狙い,16.33,28,3,,,,,0,0,0.7559,0,,逃げ軸流し,A
2026-02-05,丸亀,9,2,繁野谷圭,A2,24.73,2,▲,11.6824,47.7,97,54.4,0.191,3.9706,,,0,低,180,0,差0% 抜0%,515436,0,34.2,0.8924,0,0.069,0,0,0.069,0.0108,0.0432,0.2232,,,D,△,,0.0868,0.6095,,0.5014,S,80,0,◎1着固定 2-3着流し（5〜8点）,0.5777,"{'is_target': True, 'verdict': '点数絞り', 'max_combo_prob': 0.1074, 'est_top_odds': 12.4, 'circle_concentration': 73.5, 'eligible_count': 6, 'bet_adj': 0, 'reason': 'rel_win1=63.5%（本命度） / 最有力組み合わせ確率: 0.107（推定実オッズ?12倍） / 2着集中度: 上位2艇 73.5%（補正+0.04） / 総合判定確率: 0.147 / → ヒモはやや固め。上位2艇以外を切ること', 'tenji_trigger': '展示確認: 1号艇伸び良→そのまま採用。悪→飛び組に差し替え。circle_pct上位2艇に絞り込むこと。'}",,,27.5,逃げ狙い,16.33,28,3,,,,,,,,,,,
2026-02-05,丸亀,9,3,滝沢芳行,B1,41.67,3,○,15.8752,25.7,82,47.5,0.1428,2.7869,,,0,低,85,0,差0% ま0%,3 212,0,49.5,1.1225,0,0.0357,0.1071,0,0,0.18,0.18,0.064,,◎,A,○,,0.43,0.628,,0.5014,S,80,0,◎1着固定 2-3着流し（5〜8点）,0.5777,"{'is_target': True, 'verdict': '点数絞り', 'max_combo_prob': 0.1074, 'est_top_odds': 12.4, 'circle_concentration': 73.5, 'eligible_count': 6, 'bet_adj': 0, 'reason': 'rel_win1=63.5%（本命度） / 最有力組み合わせ確率: 0.107（推定実オッズ?12倍） / 2着集中度: 上位2艇 73.5%（補正+0.04） / 総合判定確率: 0.147 / → ヒモはやや固め。上位2艇以外を切ること', 'tenji_trigger': '展示確認: 1号艇伸び良→そのまま採用。悪→飛び組に差し替え。circle_pct上位2艇に絞り込むこと。'}",,,27.5,逃げ狙い,16.33,28,3,,,,,,,,,,,
2026-02-05,丸亀,9,4,浮田圭浩,B1,22.35,4,,4.1855,6.5,85,27.1,0.1944,4.25,,,0,低,218,0,-,456 26,0,18.5,0.5862,,,,,,0.1,0.2033,0.1533,,,D,△,,0.2135,0.6095,,0.5014,S,80,0,◎1着固定 2-3着流し（5〜8点）,0.5777,"{'is_target': True, 'verdict': '点数絞り', 'max_combo_prob': 0.1074, 'est_top_odds': 12.4, 'circle_concentration': 73.5, 'eligible_count': 6, 'bet_adj': 0, 'reason': 'rel_win1=63.5%（本命度） / 最有力組み合わせ確率: 0.107（推定実オッズ?12倍） / 2着集中度: 上位2艇 73.5%（補正+0.04） / 総合判定確率: 0.147 / → ヒモはやや固め。上位2艇以外を切ること', 'tenji_trigger': '展示確認: 1号艇伸び良→そのまま採用。悪→飛び組に差し替え。circle_pct上位2艇に絞り込むこと。'}",,,27.5,逃げ狙い,16.33,28,3,,,,,,,,,,,
2026-02-05,丸亀,9,5,石川吉鎬,A2,19.28,5,,3.6293,19.6,100,47.8,0.1816,3.8986,,,0,低,188,0,-,34221,0,47.6,0.9552,0,0,0,0,0.0303,0.189,0.189,0.189,,,E,◎,,0.2721,0.6575,,0.5014,S,80,0,◎1着固定 2-3着流し（5〜8点）,0.5777,"{'is_target': True, 'verdict': '点数絞り', 'max_combo_prob': 0.1074, 'est_top_odds': 12.4, 'circle_concentration': 73.5, 'eligible_count': 6, 'bet_adj': 0, 'reason': 'rel_win1=63.5%（本命度） / 最有力組み合わせ確率: 0.107（推定実オッズ?12倍） / 2着集中度: 上位2艇 73.5%（補正+0.04） / 総合判定確率: 0.147 / → ヒモはやや固め。上位2艇以外を切ること', 'tenji_trigger': '展示確認: 1号艇伸び良→そのまま採用。悪→飛び組に差し替え。circle_pct上位2艇に絞り込むこと。'}",,,27.5,逃げ狙い,16.33,28,3,,,,,,,,,,,
2026-02-05,丸亀,9,6,甲斐貴大,B2,30.43,6,△,1.171,0.4,15,0,0.2052,3.9022,,,0,低,25,0,-,6 666,0,22.2,0.6128,,,,,,,,,,,B,,,0.197,0.3645,,0.5014,S,80,0,◎1着固定 2-3着流し（5〜8点）,0.5777,"{'is_target': True, 'verdict': '点数絞り', 'max_combo_prob': 0.1074, 'est_top_odds': 12.4, 'circle_concentration': 73.5, 'eligible_count': 6, 'bet_adj': 0, 'reason': 'rel_win1=63.5%（本命度） / 最有力組み合わせ確率: 0.107（推定実オッズ?12倍） / 2着集中度: 上位2艇 73.5%（補正+0.04） / 総合判定確率: 0.147 / → ヒモはやや固め。上位2艇以外を切ること', 'tenji_trigger': '展示確認: 1号艇伸び良→そのまま採用。悪→飛び組に差し替え。circle_pct上位2艇に絞り込むこと。'}",,,27.5,逃げ狙い,16.33,28,3,,,,,,,,,,,
2026-02-05,丸亀,10,1,中辻博訓,A1,31.52,1,◎,65.6007,,0,91.7,0.128,2.1667,,,0,低,53,0,逃1%,322226,0,83.3,1.0165,0.6304,,,,,0.1205,0.0174,0.1981,◎,,C,◎,,,0.6875,,0.6798,S,87,0,◎1着固定 2-3着流し（5〜8点）,0.5777,"{'is_target': True, 'verdict': '参加推奨', 'max_combo_prob': 0.1184, 'est_top_odds': 11.3, 'circle_concentration': 67.0, 'eligible_count': 6, 'bet_adj': 2, 'reason': 'rel_win1=65.6%（本命度） / 最有力組み合わせ確率: 0.118（推定実オッズ?11倍） / 2着集中度: 上位2艇 67.0%（補正+0.00） / 総合判定確率: 0.118 / → ヒモ分散。1号艇1着固定で広めのヒモ流し推奨（買い目+2点）', 'tenji_trigger': '展示確認: ヒモ分散レース。1号艇伸び確認後、広めのヒモ流しを採用。穴ヒモ（5・6号艇）を積極的に含める。\n展示で1号艇スタート超安定(0.128秒)→ヒモ固まり方向に注意'}",,,26.7,逃げ狙い,14.52,27.3,3,,,,,0,0,0.7559,0,,逃げ軸流し,A
2026-02-05,丸亀,10,2,田中京介,A2,28.87,2,△,9.4643,51.8,78,71.2,0.1309,2.5227,,,0,低,91,0,-,125 42,0,54.2,0.8834,0,0.0606,0.0303,0,0,0.0235,0.1471,0.3353,,,D,△,,0.3005,0.6375,,0.6798,S,87,0,◎1着固定 2-3着流し（5〜8点）,0.5777,"{'is_target': True, 'verdict': '参加推奨', 'max_combo_prob': 0.1184, 'est_top_odds': 11.3, 'circle_concentration': 67.0, 'eligible_count': 6, 'bet_adj': 2, 'reason': 'rel_win1=65.6%（本命度） / 最有力組み合わせ確率: 0.118（推定実オッズ?11倍） / 2着集中度: 上位2艇 67.0%（補正+0.00） / 総合判定確率: 0.118 / → ヒモ分散。1号艇1着固定で広めのヒモ流し推奨（買い目+2点）', 'tenji_trigger': '展示確認: ヒモ分散レース。1号艇伸び確認後、広めのヒモ流しを採用。穴ヒモ（5・6号艇）を積極的に含める。\n展示で1号艇スタート超安定(0.128秒)→ヒモ固まり方向に注意'}",,,26.7,逃げ狙い,14.52,27.3,3,,,,,,,,,,,
2026-02-05,丸亀,10,3,松下直也,B1,27.84,3,,11.082,15.2,100,65.4,0.1727,3.4815,,,0,低,177,0,-,331 33,0,23.8,0.7944,0,0.0541,0.0811,0,0,0.0286,0.3714,0.2381,,,D,△,,0.1284,0.621,,0.6798,S,87,0,◎1着固定 2-3着流し（5〜8点）,0.5777,"{'is_target': True, 'verdict': '参加推奨', 'max_combo_prob': 0.1184, 'est_top_odds': 11.3, 'circle_concentration': 67.0, 'eligible_count': 6, 'bet_adj': 2, 'reason': 'rel_win1=65.6%（本命度） / 最有力組み合わせ確率: 0.118（推定実オッズ?11倍） / 2着集中度: 上位2艇 67.0%（補正+0.00） / 総合判定確率: 0.118 / → ヒモ分散。1号艇1着固定で広めのヒモ流し推奨（買い目+2点）', 'tenji_trigger': '展示確認: ヒモ分散レース。1号艇伸び確認後、広めのヒモ流しを採用。穴ヒモ（5・6号艇）を積極的に含める。\n展示で1号艇スタート超安定(0.128秒)→ヒモ固まり方向に注意'}",,,26.7,逃げ狙い,14.52,27.3,3,,,,,,,,,,,
2026-02-05,丸亀,10,4,夏山亮平,B1,36.56,4,▲,6.8402,14.7,75,51,0.1545,3.1224,,,0,低,92,0,ま0% 差ま0%,6 132,0,52.1,1.0021,0,0,0.05,0.05,0,0,0.2941,0.0471,,,B,,,0.1908,0.5755,,0.6798,S,87,0,◎1着固定 2-3着流し（5〜8点）,0.5777,"{'is_target': True, 'verdict': '参加推奨', 'max_combo_prob': 0.1184, 'est_top_odds': 11.3, 'circle_concentration': 67.0, 'eligible_count': 6, 'bet_adj': 2, 'reason': 'rel_win1=65.6%（本命度） / 最有力組み合わせ確率: 0.118（推定実オッズ?11倍） / 2着集中度: 上位2艇 67.0%（補正+0.00） / 総合判定確率: 0.118 / → ヒモ分散。1号艇1着固定で広めのヒモ流し推奨（買い目+2点）', 'tenji_trigger': '展示確認: ヒモ分散レース。1号艇伸び確認後、広めのヒモ流しを採用。穴ヒモ（5・6号艇）を積極的に含める。\n展示で1号艇スタート超安定(0.128秒)→ヒモ固まり方向に注意'}",,,26.7,逃げ狙い,14.52,27.3,3,,,,,,,,,,,
2026-02-05,丸亀,10,5,古川誠之,A2,56.18,5,○,4.4049,13.6,77,49.1,0.1574,3.5175,,,0,低,111,0,-,512 55,0,39.1,1.0074,,,,,,0.1491,0.1791,0.1145,,,A,○,,0.2217,0.657,,0.6798,S,87,0,◎1着固定 2-3着流し（5〜8点）,0.5777,"{'is_target': True, 'verdict': '参加推奨', 'max_combo_prob': 0.1184, 'est_top_odds': 11.3, 'circle_concentration': 67.0, 'eligible_count': 6, 'bet_adj': 2, 'reason': 'rel_win1=65.6%（本命度） / 最有力組み合わせ確率: 0.118（推定実オッズ?11倍） / 2着集中度: 上位2艇 67.0%（補正+0.00） / 総合判定確率: 0.118 / → ヒモ分散。1号艇1着固定で広めのヒモ流し推奨（買い目+2点）', 'tenji_trigger': '展示確認: ヒモ分散レース。1号艇伸び確認後、広めのヒモ流しを採用。穴ヒモ（5・6号艇）を積極的に含める。\n展示で1号艇スタート超安定(0.128秒)→ヒモ固まり方向に注意'}",,,26.7,逃げ狙い,14.52,27.3,3,,,,,,,,,,,
2026-02-05,丸亀,10,6,新井英孝,B1,22.22,6,,2.6079,4.7,35,28.6,0.1473,3.1939,,,0,低,85,0,抜0%,1 254,0,62.9,1.1944,0,0,0,0,0.0476,0.1833,0.0333,0.0667,,,E,,,0.2512,0.6085,,0.6798,S,87,0,◎1着固定 2-3着流し（5〜8点）,0.5777,"{'is_target': True, 'verdict': '参加推奨', 'max_combo_prob': 0.1184, 'est_top_odds': 11.3, 'circle_concentration': 67.0, 'eligible_count': 6, 'bet_adj': 2, 'reason': 'rel_win1=65.6%（本命度） / 最有力組み合わせ確率: 0.118（推定実オッズ?11倍） / 2着集中度: 上位2艇 67.0%（補正+0.00） / 総合判定確率: 0.118 / → ヒモ分散。1号艇1着固定で広めのヒモ流し推奨（買い目+2点）', 'tenji_trigger': '展示確認: ヒモ分散レース。1号艇伸び確認後、広めのヒモ流しを採用。穴ヒモ（5・6号艇）を積極的に含める。\n展示で1号艇スタート超安定(0.128秒)→ヒモ固まり方向に注意'}",,,26.7,逃げ狙い,14.52,27.3,3,,,,,,,,,,,
2026-02-05,丸亀,11,1,佐々木翔,A2,20.73,1,◎,49.5641,,0,84.9,0.1421,2.7803,,,0,低,101,0,逃1%,2 4631,0,61,0.9044,0.5161,,,,,0.0387,0.1373,0.1502,◎,,E,,,,0.5985,,0.493,A,64,0,◎-○軸 3着3〜4艇流し（10〜15点）,0.5777,"{'is_target': True, 'verdict': '参加推奨', 'max_combo_prob': 0.0603, 'est_top_odds': 22.1, 'circle_concentration': 66.5, 'eligible_count': 8, 'bet_adj': 2, 'reason': 'rel_win1=49.6%（本命度） / 最有力組み合わせ確率: 0.060（推定実オッズ?22倍） / 2着集中度: 上位2艇 66.5%（補正+0.00） / 総合判定確率: 0.060 / → ヒモ分散。1号艇1着固定で広めのヒモ流し推奨（買い目+2点）', 'tenji_trigger': '展示確認: ヒモ分散レース。1号艇伸び確認後、広めのヒモ流しを採用。穴ヒモ（5・6号艇）を積極的に含める。'}",,,31.1,両建て推奨,27.94,28.3,4,,,,,0,0,0.7559,0,,逃げ軸流し,A
2026-02-05,丸亀,11,2,小林　泰,A2,24.18,2,,13.321,39.6,73,60.4,0.1479,3.6226,,,0,低,73,0,-,22633,0,94.4,1.7578,0,0.0556,0.0556,0,0,0.1111,0.0741,0.0741,,,D,◎,,0.2599,0.6885,,0.493,A,64,0,◎-○軸 3着3〜4艇流し（10〜15点）,0.5777,"{'is_target': True, 'verdict': '参加推奨', 'max_combo_prob': 0.0603, 'est_top_odds': 22.1, 'circle_concentration': 66.5, 'eligible_count': 8, 'bet_adj': 2, 'reason': 'rel_win1=49.6%（本命度） / 最有力組み合わせ確率: 0.060（推定実オッズ?22倍） / 2着集中度: 上位2艇 66.5%（補正+0.00） / 総合判定確率: 0.060 / → ヒモ分散。1号艇1着固定で広めのヒモ流し推奨（買い目+2点）', 'tenji_trigger': '展示確認: ヒモ分散レース。1号艇伸び確認後、広めのヒモ流しを採用。穴ヒモ（5・6号艇）を積極的に含める。'}",,,31.1,両建て推奨,27.94,28.3,4,,,,,,,,,,,
2026-02-05,丸亀,11,3,大崎　翔,B1,44.09,3,▲,9.9302,19.6,84,53.6,0.1433,2.8768,,,0,低,117,0,-,2 2411,0,35.6,0.8712,0,0.0345,0,0.069,0,0.3127,0.0727,0.1745,,,B,△,,0.3003,0.643,,0.493,A,64,0,◎-○軸 3着3〜4艇流し（10〜15点）,0.5777,"{'is_target': True, 'verdict': '参加推奨', 'max_combo_prob': 0.0603, 'est_top_odds': 22.1, 'circle_concentration': 66.5, 'eligible_count': 8, 'bet_adj': 2, 'reason': 'rel_win1=49.6%（本命度） / 最有力組み合わせ確率: 0.060（推定実オッズ?22倍） / 2着集中度: 上位2艇 66.5%（補正+0.00） / 総合判定確率: 0.060 / → ヒモ分散。1号艇1着固定で広めのヒモ流し推奨（買い目+2点）', 'tenji_trigger': '展示確認: ヒモ分散レース。1号艇伸び確認後、広めのヒモ流しを採用。穴ヒモ（5・6号艇）を積極的に含める。'}",,,31.1,両建て推奨,27.94,28.3,4,,,,,,,,,,,
2026-02-05,丸亀,11,4,中辻崇人,A1,40.43,4,○,23.1158,26.8,100,84.2,0.1305,2.1053,,,0,低,42,0,-,111 21,0,47.4,0.9747,0,0,0.1538,0.0769,0,0.2667,0,0,,,B,○,◎,0.387,0.6505,0.5004,0.493,A,64,0,◎-○軸 3着3〜4艇流し（10〜15点）,0.5777,"{'is_target': True, 'verdict': '参加推奨', 'max_combo_prob': 0.0603, 'est_top_odds': 22.1, 'circle_concentration': 66.5, 'eligible_count': 8, 'bet_adj': 2, 'reason': 'rel_win1=49.6%（本命度） / 最有力組み合わせ確率: 0.060（推定実オッズ?22倍） / 2着集中度: 上位2艇 66.5%（補正+0.00） / 総合判定確率: 0.060 / → ヒモ分散。1号艇1着固定で広めのヒモ流し推奨（買い目+2点）', 'tenji_trigger': '展示確認: ヒモ分散レース。1号艇伸び確認後、広めのヒモ流しを採用。穴ヒモ（5・6号艇）を積極的に含める。'}",,,31.1,両建て推奨,27.94,28.3,4,,,,,,,,,,,
2026-02-05,丸亀,11,5,深川和仁,B1,23.38,5,,3.0085,9.9,92,40,0.1733,3.3273,,,0,低,130,0,-,13454,0,60.5,1.1821,,,,,,0.2,0.0167,0.05,,,E,,,0.2302,0.606,,0.493,A,64,0,◎-○軸 3着3〜4艇流し（10〜15点）,0.5777,"{'is_target': True, 'verdict': '参加推奨', 'max_combo_prob': 0.0603, 'est_top_odds': 22.1, 'circle_concentration': 66.5, 'eligible_count': 8, 'bet_adj': 2, 'reason': 'rel_win1=49.6%（本命度） / 最有力組み合わせ確率: 0.060（推定実オッズ?22倍） / 2着集中度: 上位2艇 66.5%（補正+0.00） / 総合判定確率: 0.060 / → ヒモ分散。1号艇1着固定で広めのヒモ流し推奨（買い目+2点）', 'tenji_trigger': '展示確認: ヒモ分散レース。1号艇伸び確認後、広めのヒモ流しを採用。穴ヒモ（5・6号艇）を積極的に含める。'}",,,31.1,両建て推奨,27.94,28.3,4,,,,,,,,,,,
2026-02-05,丸亀,11,6,木山和幸,A2,53.93,6,△,1.0604,4,50,21.1,0.1738,3.9135,,,0,低,135,0,-,2 3131,0,26.5,0.4772,,,,,,0.048,0.016,0.148,,,A,△,,0.2297,0.6205,,0.493,A,64,0,◎-○軸 3着3〜4艇流し（10〜15点）,0.5777,"{'is_target': True, 'verdict': '参加推奨', 'max_combo_prob': 0.0603, 'est_top_odds': 22.1, 'circle_concentration': 66.5, 'eligible_count': 8, 'bet_adj': 2, 'reason': 'rel_win1=49.6%（本命度） / 最有力組み合わせ確率: 0.060（推定実オッズ?22倍） / 2着集中度: 上位2艇 66.5%（補正+0.00） / 総合判定確率: 0.060 / → ヒモ分散。1号艇1着固定で広めのヒモ流し推奨（買い目+2点）', 'tenji_trigger': '展示確認: ヒモ分散レース。1号艇伸び確認後、広めのヒモ流しを採用。穴ヒモ（5・6号艇）を積極的に含める。'}",,,31.1,両建て推奨,27.94,28.3,4,,,,,,,,,,,
2026-02-05,丸亀,12,1,藤堂里香,A2,35.48,1,◎,59.4896,,0,89.3,0.1607,3.1964,,,0,低,52,0,逃1%,3 1425,0,88.1,1.1516,0.6,,,,,0.2,0.2,0,◎,,C,,,,0.564,,0.4752,A,64,0,◎-○軸 3着3〜4艇流し（10〜15点）,0.5777,"{'is_target': True, 'verdict': '点数絞り', 'max_combo_prob': 0.1047, 'est_top_odds': 12.7, 'circle_concentration': 75.3, 'eligible_count': 8, 'bet_adj': 0, 'reason': 'rel_win1=59.5%（本命度） / 最有力組み合わせ確率: 0.105（推定実オッズ?13倍） / 2着集中度: 上位2艇 75.3%（補正+0.04） / 総合判定確率: 0.145 / → ヒモはやや固め。上位2艇以外を切ること', 'tenji_trigger': '展示確認: 1号艇伸び良→そのまま採用。悪→飛び組に差し替え。circle_pct上位2艇に絞り込むこと。'}",,,30.1,両建て推奨,18.2,33.9,2,,,,,0,0,0.7559,0,,逃げ軸流し,A
2026-02-05,丸亀,12,2,藤原菜希,A2,47.78,2,○,20.931,53,93,86.4,0.1564,2.6818,,,0,低,33,0,差0% ま0%,15123,0,35.1,0.8509,0,0.1538,0.1538,0,0,0.1429,0.1429,0.0714,,◎,A,○,,0.3809,0.6005,,0.4752,A,64,0,◎-○軸 3着3〜4艇流し（10〜15点）,0.5777,"{'is_target': True, 'verdict': '点数絞り', 'max_combo_prob': 0.1047, 'est_top_odds': 12.7, 'circle_concentration': 75.3, 'eligible_count': 8, 'bet_adj': 0, 'reason': 'rel_win1=59.5%（本命度） / 最有力組み合わせ確率: 0.105（推定実オッズ?13倍） / 2着集中度: 上位2艇 75.3%（補正+0.04） / 総合判定確率: 0.145 / → ヒモはやや固め。上位2艇以外を切ること', 'tenji_trigger': '展示確認: 1号艇伸び良→そのまま採用。悪→飛び組に差し替え。circle_pct上位2艇に絞り込むこと。'}",,,30.1,両建て推奨,18.2,33.9,2,,,,,,,,,,,
2026-02-05,丸亀,12,3,山下夏鈴,B1,48.91,3,▲,8.7619,22.3,100,40.5,0.1678,3.3919,,,0,低,64,0,-,2 2115,0,56.6,1.2438,0,0,0.125,0,0,0,0.0267,0.2,,,A,◎,,0.2665,0.616,,0.4752,A,64,0,◎-○軸 3着3〜4艇流し（10〜15点）,0.5777,"{'is_target': True, 'verdict': '点数絞り', 'max_combo_prob': 0.1047, 'est_top_odds': 12.7, 'circle_concentration': 75.3, 'eligible_count': 8, 'bet_adj': 0, 'reason': 'rel_win1=59.5%（本命度） / 最有力組み合わせ確率: 0.105（推定実オッズ?13倍） / 2着集中度: 上位2艇 75.3%（補正+0.04） / 総合判定確率: 0.145 / → ヒモはやや固め。上位2艇以外を切ること', 'tenji_trigger': '展示確認: 1号艇伸び良→そのまま採用。悪→飛び組に差し替え。circle_pct上位2艇に絞り込むこと。'}",,,30.1,両建て推奨,18.2,33.9,2,,,,,,,,,,,
2026-02-05,丸亀,12,4,廣中智紗,A1,19.28,4,,4.6983,14.3,97,47.8,0.2139,4.0652,,,0,低,82,0,-,56534,0,23.8,0.8732,,,,,,0.0421,0.1632,0.2632,,,E,△,,0.1358,0.5755,,0.4752,A,64,0,◎-○軸 3着3〜4艇流し（10〜15点）,0.5777,"{'is_target': True, 'verdict': '点数絞り', 'max_combo_prob': 0.1047, 'est_top_odds': 12.7, 'circle_concentration': 75.3, 'eligible_count': 8, 'bet_adj': 0, 'reason': 'rel_win1=59.5%（本命度） / 最有力組み合わせ確率: 0.105（推定実オッズ?13倍） / 2着集中度: 上位2艇 75.3%（補正+0.04） / 総合判定確率: 0.145 / → ヒモはやや固め。上位2艇以外を切ること', 'tenji_trigger': '展示確認: 1号艇伸び良→そのまま採用。悪→飛び組に差し替え。circle_pct上位2艇に絞り込むこと。'}",,,30.1,両建て推奨,18.2,33.9,2,,,,,,,,,,,
2026-02-05,丸亀,12,5,戸田海咲,B2,24.68,5,,4.1155,6.7,52,0,0.1882,4.3636,,,0,低,45,1,-,6 6566,0,23.4,0.6548,,,,,,,,,,,E,,,0.2225,0.4965,,0.4752,A,64,0,◎-○軸 3着3〜4艇流し（10〜15点）,0.5777,"{'is_target': True, 'verdict': '点数絞り', 'max_combo_prob': 0.1047, 'est_top_odds': 12.7, 'circle_concentration': 75.3, 'eligible_count': 8, 'bet_adj': 0, 'reason': 'rel_win1=59.5%（本命度） / 最有力組み合わせ確率: 0.105（推定実オッズ?13倍） / 2着集中度: 上位2艇 75.3%（補正+0.04） / 総合判定確率: 0.145 / → ヒモはやや固め。上位2艇以外を切ること', 'tenji_trigger': '展示確認: 1号艇伸び良→そのまま採用。悪→飛び組に差し替え。circle_pct上位2艇に絞り込むこと。'}",,,30.1,両建て推奨,18.2,33.9,2,,,,,,,,,,,
2026-02-05,丸亀,12,6,本部めぐ,B1,37.63,6,△,2.0038,3.7,52,11.1,0.2111,4.9444,,,0,低,54,1,-,6 561S,0,23.7,0.7933,,,,,,0.3,0.1,0.2,,,C,△,,0.1496,0.5645,,0.4752,A,64,0,◎-○軸 3着3〜4艇流し（10〜15点）,0.5777,"{'is_target': True, 'verdict': '点数絞り', 'max_combo_prob': 0.1047, 'est_top_odds': 12.7, 'circle_concentration': 75.3, 'eligible_count': 8, 'bet_adj': 0, 'reason': 'rel_win1=59.5%（本命度） / 最有力組み合わせ確率: 0.105（推定実オッズ?13倍） / 2着集中度: 上位2艇 75.3%（補正+0.04） / 総合判定確率: 0.145 / → ヒモはやや固め。上位2艇以外を切ること', 'tenji_trigger': '展示確認: 1号艇伸び良→そのまま採用。悪→飛び組に差し替え。circle_pct上位2艇に絞り込むこと。'}",,,30.1,両建て推奨,18.2,33.9,2,,,,,,,,,,,
2026-02-06,丸亀,1,1,片岡大地,B1,27.27,1,◎,56.6521,,0,70.3,0.1422,2.6486,,,0,低,64,0,逃0%,245 33,0,61.4,0.9446,0.4667,,,,,0.0267,0.2567,0.0267,◎,,D,◎,,,0.6305,,0.5347,A,62,0,◎-○軸 3着3〜4艇流し（10〜15点）,0.5777,"{'is_target': True, 'verdict': '点数絞り', 'max_combo_prob': 0.1124, 'est_top_odds': 11.9, 'circle_concentration': 77.5, 'eligible_count': 8, 'bet_adj': 0, 'reason': 'rel_win1=56.7%（本命度） / 最有力組み合わせ確率: 0.112（推定実オッズ?12倍） / 2着集中度: 上位2艇 77.5%（補正+0.04） / 総合判定確率: 0.152 / → ヒモはやや固め。上位2艇以外を切ること', 'tenji_trigger': '展示確認: 1号艇伸び良→そのまま採用。悪→飛び組に差し替え。circle_pct上位2艇に絞り込むこと。'}",,,26.7,両建て推奨,13.53,28.3,4,,,,,0,0,0.7559,0,,逃げ軸流し,A
2026-02-06,丸亀,1,2,三嶌ここ,B1,31.00,2,○,10.9526,36.7,97,37.5,0.1694,4.3125,,,0,低,114,0,-,,0,74.8,1.5459,,,,,,0.0571,0.0571,0.3143,,,B,,,0.0775,0.553,,0.5347,A,62,0,◎-○軸 3着3〜4艇流し（10〜15点）,0.5777,"{'is_target': True, 'verdict': '点数絞り', 'max_combo_prob': 0.1124, 'est_top_odds': 11.9, 'circle_concentration': 77.5, 'eligible_count': 8, 'bet_adj': 0, 'reason': 'rel_win1=56.7%（本命度） / 最有力組み合わせ確率: 0.112（推定実オッズ?12倍） / 2着集中度: 上位2艇 77.5%（補正+0.04） / 総合判定確率: 0.152 / → ヒモはやや固め。上位2艇以外を切ること', 'tenji_trigger': '展示確認: 1号艇伸び良→そのまま採用。悪→飛び組に差し替え。circle_pct上位2艇に絞り込むこと。'}",,,26.7,両建て推奨,13.53,28.3,4,,,,,,,,,,,
2026-02-06,丸亀,1,3,竹田広樹,B1,26.37,3,△,12.6349,40.8,26,40.8,0.1776,3.8521,,,0,低,177,0,-,364 45,0,85.5,1.9183,0,0.0294,0.0588,0,0.0294,0.0526,0.1579,0.3158,,,D,△,,0.1101,0.6185,,0.5347,A,62,0,◎-○軸 3着3〜4艇流し（10〜15点）,0.5777,"{'is_target': True, 'verdict': '点数絞り', 'max_combo_prob': 0.1124, 'est_top_odds': 11.9, 'circle_concentration': 77.5, 'eligible_count': 8, 'bet_adj': 0, 'reason': 'rel_win1=56.7%（本命度） / 最有力組み合わせ確率: 0.112（推定実オッズ?12倍） / 2着集中度: 上位2艇 77.5%（補正+0.04） / 総合判定確率: 0.152 / → ヒモはやや固め。上位2艇以外を切ること', 'tenji_trigger': '展示確認: 1号艇伸び良→そのまま採用。悪→飛び組に差し替え。circle_pct上位2艇に絞り込むこと。'}",,,26.7,両建て推奨,13.53,28.3,4,,,,,,,,,,,
2026-02-06,丸亀,1,4,川崎公靖,B1,23.17,4,,10.0425,15,100,43.8,0.1611,3.2422,,,0,低,102,0,-,56354,0,99.2,1.9485,,,,,,0.1053,0.0421,0.5053,,,E,○,,0.2396,0.6275,,0.5347,A,62,0,◎-○軸 3着3〜4艇流し（10〜15点）,0.5777,"{'is_target': True, 'verdict': '点数絞り', 'max_combo_prob': 0.1124, 'est_top_odds': 11.9, 'circle_concentration': 77.5, 'eligible_count': 8, 'bet_adj': 0, 'reason': 'rel_win1=56.7%（本命度） / 最有力組み合わせ確率: 0.112（推定実オッズ?12倍） / 2着集中度: 上位2艇 77.5%（補正+0.04） / 総合判定確率: 0.152 / → ヒモはやや固め。上位2艇以外を切ること', 'tenji_trigger': '展示確認: 1号艇伸び良→そのまま採用。悪→飛び組に差し替え。circle_pct上位2艇に絞り込むこと。'}",,,26.7,両建て推奨,13.53,28.3,4,,,,,,,,,,,
2026-02-06,丸亀,1,5,本部めぐ,B1,37.63,5,▲,8.3253,7,46,6.2,0.1906,3.8125,,,0,低,54,0,ま0%,6 561S,0,35.5,0.8207,0,0,0.0833,0,0,0.3,0.1,0.2,,,B,△,,0.1435,0.5645,,0.5347,A,62,0,◎-○軸 3着3〜4艇流し（10〜15点）,0.5777,"{'is_target': True, 'verdict': '点数絞り', 'max_combo_prob': 0.1124, 'est_top_odds': 11.9, 'circle_concentration': 77.5, 'eligible_count': 8, 'bet_adj': 0, 'reason': 'rel_win1=56.7%（本命度） / 最有力組み合わせ確率: 0.112（推定実オッズ?12倍） / 2着集中度: 上位2艇 77.5%（補正+0.04） / 総合判定確率: 0.152 / → ヒモはやや固め。上位2艇以外を切ること', 'tenji_trigger': '展示確認: 1号艇伸び良→そのまま採用。悪→飛び組に差し替え。circle_pct上位2艇に絞り込むこと。'}",,,26.7,両建て推奨,13.53,28.3,4,,,,,,,,,,,
2026-02-06,丸亀,1,6,甲斐貴大,B2,30.43,6,,1.3926,0.5,13,0,0.2052,3.9022,,,0,低,25,0,-,6 666,0,31.3,0.5728,,,,,,,,,,,C,,,0.1366,0.3645,,0.5347,A,62,0,◎-○軸 3着3〜4艇流し（10〜15点）,0.5777,"{'is_target': True, 'verdict': '点数絞り', 'max_combo_prob': 0.1124, 'est_top_odds': 11.9, 'circle_concentration': 77.5, 'eligible_count': 8, 'bet_adj': 0, 'reason': 'rel_win1=56.7%（本命度） / 最有力組み合わせ確率: 0.112（推定実オッズ?12倍） / 2着集中度: 上位2艇 77.5%（補正+0.04） / 総合判定確率: 0.152 / → ヒモはやや固め。上位2艇以外を切ること', 'tenji_trigger': '展示確認: 1号艇伸び良→そのまま採用。悪→飛び組に差し替え。circle_pct上位2艇に絞り込むこと。'}",,,26.7,両建て推奨,13.53,28.3,4,,,,,,,,,,,
2026-02-06,丸亀,2,1,海老澤泰,B1,29.59,1,◎,48.7914,,0,77.4,0.1711,3.217,,,0,低,128,0,逃1%,1 335,0,49.9,0.8363,0.32,,,,,0.2354,0.08,0.3531,△,,C,△,,,0.6055,,0.3215,A,66,0,◎-○軸 3着3〜4艇流し（10〜15点）,0.5777,"{'is_target': True, 'verdict': '点数絞り', 'max_combo_prob': 0.0894, 'est_top_odds': 14.9, 'circle_concentration': 75.5, 'eligible_count': 8, 'bet_adj': 0, 'reason': 'rel_win1=48.8%（本命度） / 最有力組み合わせ確率: 0.089（推定実オッズ?15倍） / 2着集中度: 上位2艇 75.5%（補正+0.04） / 総合判定確率: 0.129 / → ヒモはやや固め。上位2艇以外を切ること', 'tenji_trigger': '展示確認: 1号艇伸び良→そのまま採用。悪→飛び組に差し替え。circle_pct上位2艇に絞り込むこと。'}",,,30.1,逃げ狙い,15.77,35.9,4,4-5-6|4-5-1|1-2-4|1-2-3|1-3-4|1-4-3|1-2-5,2-1-3|3-1-5|4-5-6|3-5-1|4-5-1|2-1-5|3-1-2|1-2-4|1-2-3|1-3-4|1-4-3|1-2-5,4-5-6:1.93%|4-5-1:1.53%|1-2-4:7.74%|1-2-3:5.92%|1-3-4:5.6%|1-4-3:5.5%|1-2-5:4.8%,4-5-6:B_main|4-5-1:B_main|1-2-4:A|1-2-3:A|1-3-4:A|1-4-3:A|1-2-5:A,7,12,0.4535,1,[!]見送り推奨（主役決まり手「まくり」― 逃げ劣勢レースで的中実績なし）,荒れ広め,D
2026-02-06,丸亀,2,2,山崎善庸,B1,22.22,2,,8.2355,48.2,38,41,0.2207,4.9344,,,0,低,243,0,-,253 24,0,55.3,1.2455,,,,,,0.0727,0.3491,0.3309,,,D,,,0.1128,0.5725,,0.3215,A,66,0,◎-○軸 3着3〜4艇流し（10〜15点）,0.5777,"{'is_target': True, 'verdict': '点数絞り', 'max_combo_prob': 0.0894, 'est_top_odds': 14.9, 'circle_concentration': 75.5, 'eligible_count': 8, 'bet_adj': 0, 'reason': 'rel_win1=48.8%（本命度） / 最有力組み合わせ確率: 0.089（推定実オッズ?15倍） / 2着集中度: 上位2艇 75.5%（補正+0.04） / 総合判定確率: 0.129 / → ヒモはやや固め。上位2艇以外を切ること', 'tenji_trigger': '展示確認: 1号艇伸び良→そのまま採用。悪→飛び組に差し替え。circle_pct上位2艇に絞り込むこと。'}",,,30.1,逃げ狙い,15.77,35.9,4,,,,,,,,,,,
2026-02-06,丸亀,2,3,新井英孝,B1,22.22,3,▲,17.9859,13.4,100,51.9,0.1483,3.0962,,,0,低,85,0,差0% 差ま0%,1 254,0,53.6,1.2338,0,0.0417,0,0.125,0,0.1833,0.0333,0.0667,,○,D,△,,0.4391,0.6085,,0.3215,A,66,0,◎-○軸 3着3〜4艇流し（10〜15点）,0.5777,"{'is_target': True, 'verdict': '点数絞り', 'max_combo_prob': 0.0894, 'est_top_odds': 14.9, 'circle_concentration': 75.5, 'eligible_count': 8, 'bet_adj': 0, 'reason': 'rel_win1=48.8%（本命度） / 最有力組み合わせ確率: 0.089（推定実オッズ?15倍） / 2着集中度: 上位2艇 75.5%（補正+0.04） / 総合判定確率: 0.129 / → ヒモはやや固め。上位2艇以外を切ること', 'tenji_trigger': '展示確認: 1号艇伸び良→そのまま採用。悪→飛び組に差し替え。circle_pct上位2艇に絞り込むこと。'}",,,30.1,逃げ狙い,15.77,35.9,4,,,,,,,,,,,
2026-02-06,丸亀,2,4,滝沢芳行,B1,41.67,4,○,18.5991,27.3,79,65.6,0.1385,2.6967,,,0,低,85,0,ま0%,3 212,0,91.3,1.6611,0,0,0.2121,0,0,0.18,0.18,0.064,,◎,A,○,◎,0.4774,0.628,0.4171,0.3215,A,66,0,◎-○軸 3着3〜4艇流し（10〜15点）,0.5777,"{'is_target': True, 'verdict': '点数絞り', 'max_combo_prob': 0.0894, 'est_top_odds': 14.9, 'circle_concentration': 75.5, 'eligible_count': 8, 'bet_adj': 0, 'reason': 'rel_win1=48.8%（本命度） / 最有力組み合わせ確率: 0.089（推定実オッズ?15倍） / 2着集中度: 上位2艇 75.5%（補正+0.04） / 総合判定確率: 0.129 / → ヒモはやや固め。上位2艇以外を切ること', 'tenji_trigger': '展示確認: 1号艇伸び良→そのまま採用。悪→飛び組に差し替え。circle_pct上位2艇に絞り込むこと。'}",,,30.1,逃げ狙い,15.77,35.9,4,,,,,,,,,,,
2026-02-06,丸亀,2,5,井上恵一,A2,37.78,5,△,5.1761,7,58,25,0.1893,4.0682,,,0,低,109,0,-,155454,0,47.4,1.161,,,,,,0.1462,0.0462,0.3923,,,B,◎,,0.2606,0.6315,,0.3215,A,66,0,◎-○軸 3着3〜4艇流し（10〜15点）,0.5777,"{'is_target': True, 'verdict': '点数絞り', 'max_combo_prob': 0.0894, 'est_top_odds': 14.9, 'circle_concentration': 75.5, 'eligible_count': 8, 'bet_adj': 0, 'reason': 'rel_win1=48.8%（本命度） / 最有力組み合わせ確率: 0.089（推定実オッズ?15倍） / 2着集中度: 上位2艇 75.5%（補正+0.04） / 総合判定確率: 0.129 / → ヒモはやや固め。上位2艇以外を切ること', 'tenji_trigger': '展示確認: 1号艇伸び良→そのまま採用。悪→飛び組に差し替え。circle_pct上位2艇に絞り込むこと。'}",,,30.1,逃げ狙い,15.77,35.9,4,,,,,,,,,,,
2026-02-06,丸亀,2,6,佐々木翔,A2,20.73,6,,1.212,4.1,26,22.9,0.1693,4.0492,,,0,低,101,0,-,2 4631,0,26.8,0.6978,,,,,,0.0387,0.1373,0.1502,,,D,,,0.3277,0.5985,,0.3215,A,66,0,◎-○軸 3着3〜4艇流し（10〜15点）,0.5777,"{'is_target': True, 'verdict': '点数絞り', 'max_combo_prob': 0.0894, 'est_top_odds': 14.9, 'circle_concentration': 75.5, 'eligible_count': 8, 'bet_adj': 0, 'reason': 'rel_win1=48.8%（本命度） / 最有力組み合わせ確率: 0.089（推定実オッズ?15倍） / 2着集中度: 上位2艇 75.5%（補正+0.04） / 総合判定確率: 0.129 / → ヒモはやや固め。上位2艇以外を切ること', 'tenji_trigger': '展示確認: 1号艇伸び良→そのまま採用。悪→飛び組に差し替え。circle_pct上位2艇に絞り込むこと。'}",,,30.1,逃げ狙い,15.77,35.9,4,,,,,,,,,,,
2026-02-06,丸亀,3,1,藤原菜希,A2,47.78,1,◎,57.8736,,0,90,0.115,2.1667,,,0,低,33,0,逃1%,15123,0,56.3,0.9763,0.6429,,,,,0.1429,0.1429,0.0714,◎,,A,△,,,0.6005,,0.7334,S,100,0,◎1着固定 2-3着流し（5〜8点）,0.5777,"{'is_target': True, 'verdict': '点数絞り', 'max_combo_prob': 0.1142, 'est_top_odds': 11.7, 'circle_concentration': 74.9, 'eligible_count': 6, 'bet_adj': 0, 'reason': 'rel_win1=57.9%（本命度） / 最有力組み合わせ確率: 0.114（推定実オッズ?12倍） / 2着集中度: 上位2艇 74.9%（補正+0.04） / 総合判定確率: 0.154 / → ヒモはやや固め。上位2艇以外を切ること', 'tenji_trigger': '展示確認: 1号艇伸び良→そのまま採用。悪→飛び組に差し替え。circle_pct上位2艇に絞り込むこと。\n展示で1号艇スタート超安定(0.115秒)→ヒモ固まり方向に注意'}",,,27.4,逃げ狙い,15.36,28.6,2,,,,,0,0,0.7559,0,,逃げ軸流し,A
2026-02-06,丸亀,3,2,田頭虎親,B1,35.71,2,○,18.1567,54.2,76,69.6,0.1607,3.4348,,,0,低,121,0,差0% ま0%,4 1315,0,31,0.9719,0,0.2174,0.0435,0,0,0.1,0.375,0.025,,,C,△,,0.0976,0.5945,,0.7334,S,100,0,◎1着固定 2-3着流し（5〜8点）,0.5777,"{'is_target': True, 'verdict': '点数絞り', 'max_combo_prob': 0.1142, 'est_top_odds': 11.7, 'circle_concentration': 74.9, 'eligible_count': 6, 'bet_adj': 0, 'reason': 'rel_win1=57.9%（本命度） / 最有力組み合わせ確率: 0.114（推定実オッズ?12倍） / 2着集中度: 上位2艇 74.9%（補正+0.04） / 総合判定確率: 0.154 / → ヒモはやや固め。上位2艇以外を切ること', 'tenji_trigger': '展示確認: 1号艇伸び良→そのまま採用。悪→飛び組に差し替え。circle_pct上位2艇に絞り込むこと。\n展示で1号艇スタート超安定(0.115秒)→ヒモ固まり方向に注意'}",,,27.4,逃げ狙い,15.36,28.6,2,,,,,,,,,,,
2026-02-06,丸亀,3,3,重冨勇哉,B1,36.73,3,▲,9.9797,20.6,93,49,0.1727,3.0816,,,0,低,99,0,-,444 33,0,87.4,1.9862,0,0.037,0,0.037,0,0.3242,0.0632,0.2042,,,B,,,0.1039,0.57,,0.7334,S,100,0,◎1着固定 2-3着流し（5〜8点）,0.5777,"{'is_target': True, 'verdict': '点数絞り', 'max_combo_prob': 0.1142, 'est_top_odds': 11.7, 'circle_concentration': 74.9, 'eligible_count': 6, 'bet_adj': 0, 'reason': 'rel_win1=57.9%（本命度） / 最有力組み合わせ確率: 0.114（推定実オッズ?12倍） / 2着集中度: 上位2艇 74.9%（補正+0.04） / 総合判定確率: 0.154 / → ヒモはやや固め。上位2艇以外を切ること', 'tenji_trigger': '展示確認: 1号艇伸び良→そのまま採用。悪→飛び組に差し替え。circle_pct上位2艇に絞り込むこと。\n展示で1号艇スタート超安定(0.115秒)→ヒモ固まり方向に注意'}",,,27.4,逃げ狙い,15.36,28.6,2,,,,,,,,,,,
2026-02-06,丸亀,3,4,長谷川雅,B1,31.00,4,△,6.6291,19.3,100,46.6,0.169,3.5948,,,0,低,143,0,-,,0,47.8,0.9449,,,,,,0.248,0.216,0.048,,,D,◎,,0.1385,0.6145,,0.7334,S,100,0,◎1着固定 2-3着流し（5〜8点）,0.5777,"{'is_target': True, 'verdict': '点数絞り', 'max_combo_prob': 0.1142, 'est_top_odds': 11.7, 'circle_concentration': 74.9, 'eligible_count': 6, 'bet_adj': 0, 'reason': 'rel_win1=57.9%（本命度） / 最有力組み合わせ確率: 0.114（推定実オッズ?12倍） / 2着集中度: 上位2艇 74.9%（補正+0.04） / 総合判定確率: 0.154 / → ヒモはやや固め。上位2艇以外を切ること', 'tenji_trigger': '展示確認: 1号艇伸び良→そのまま採用。悪→飛び組に差し替え。circle_pct上位2艇に絞り込むこと。\n展示で1号艇スタート超安定(0.115秒)→ヒモ固まり方向に注意'}",,,27.4,逃げ狙い,15.36,28.6,2,,,,,,,,,,,
2026-02-06,丸亀,3,5,繁野谷圭,A2,24.73,5,,6.4091,5.5,66,37,0.1672,3.6759,,,0,低,180,0,差ま0%,515436,0,32.2,1.1679,0,0,0,0.0714,0,0.0108,0.0432,0.2232,,,E,○,,0.1218,0.6095,,0.7334,S,100,0,◎1着固定 2-3着流し（5〜8点）,0.5777,"{'is_target': True, 'verdict': '点数絞り', 'max_combo_prob': 0.1142, 'est_top_odds': 11.7, 'circle_concentration': 74.9, 'eligible_count': 6, 'bet_adj': 0, 'reason': 'rel_win1=57.9%（本命度） / 最有力組み合わせ確率: 0.114（推定実オッズ?12倍） / 2着集中度: 上位2艇 74.9%（補正+0.04） / 総合判定確率: 0.154 / → ヒモはやや固め。上位2艇以外を切ること', 'tenji_trigger': '展示確認: 1号艇伸び良→そのまま採用。悪→飛び組に差し替え。circle_pct上位2艇に絞り込むこと。\n展示で1号艇スタート超安定(0.115秒)→ヒモ固まり方向に注意'}",,,27.4,逃げ狙い,15.36,28.6,2,,,,,,,,,,,
2026-02-06,丸亀,3,6,宮本琉正,B2,27.84,6,,0.9518,0.3,16,1.4,0.1761,3.1571,,,0,低,33,0,-,536 66,0,100,2.2744,,,,,,,,,,,D,,,0.1378,0.504,,0.7334,S,100,0,◎1着固定 2-3着流し（5〜8点）,0.5777,"{'is_target': True, 'verdict': '点数絞り', 'max_combo_prob': 0.1142, 'est_top_odds': 11.7, 'circle_concentration': 74.9, 'eligible_count': 6, 'bet_adj': 0, 'reason': 'rel_win1=57.9%（本命度） / 最有力組み合わせ確率: 0.114（推定実オッズ?12倍） / 2着集中度: 上位2艇 74.9%（補正+0.04） / 総合判定確率: 0.154 / → ヒモはやや固め。上位2艇以外を切ること', 'tenji_trigger': '展示確認: 1号艇伸び良→そのまま採用。悪→飛び組に差し替え。circle_pct上位2艇に絞り込むこと。\n展示で1号艇スタート超安定(0.115秒)→ヒモ固まり方向に注意'}",,,27.4,逃げ狙い,15.36,28.6,2,,,,,,,,,,,
2026-02-06,丸亀,4,1,石川吉鎬,A2,19.28,1,◎,49.7719,,0,92.9,0.1706,3.5119,,,0,低,188,0,逃0%,34221,0,88.3,1.1701,0.4138,,,,,0.189,0.189,0.189,○,,E,◎,,,0.6575,,0.378,A,73,0,◎-○軸 3着3〜4艇流し（10〜15点）,0.5777,"{'is_target': True, 'verdict': '点数絞り', 'max_combo_prob': 0.1132, 'est_top_odds': 11.8, 'circle_concentration': 70.8, 'eligible_count': 8, 'bet_adj': 0, 'reason': 'rel_win1=49.8%（本命度） / 最有力組み合わせ確率: 0.113（推定実オッズ?12倍） / 2着集中度: 上位2艇 70.8%（補正+0.04） / 総合判定確率: 0.153 / → ヒモはやや固め。上位2艇以外を切ること', 'tenji_trigger': '展示確認: 1号艇伸び良→そのまま採用。悪→飛び組に差し替え。circle_pct上位2艇に絞り込むこと。'}",,,29.2,逃げ狙い,14.08,34.9,3,,,,,0,0,0.6155,0,,主役軸流し,B
2026-02-06,丸亀,4,2,夏山亮平,B1,36.56,2,○,15.4598,56.9,44,63.6,0.163,3.3295,,,0,低,92,0,差0%,6 132,0,47.7,0.94,0,0.1579,0,0,0,0,0.2941,0.0471,,◎,A,,,0.4409,0.5755,,0.378,A,73,0,◎-○軸 3着3〜4艇流し（10〜15点）,0.5777,"{'is_target': True, 'verdict': '点数絞り', 'max_combo_prob': 0.1132, 'est_top_odds': 11.8, 'circle_concentration': 70.8, 'eligible_count': 8, 'bet_adj': 0, 'reason': 'rel_win1=49.8%（本命度） / 最有力組み合わせ確率: 0.113（推定実オッズ?12倍） / 2着集中度: 上位2艇 70.8%（補正+0.04） / 総合判定確率: 0.153 / → ヒモはやや固め。上位2艇以外を切ること', 'tenji_trigger': '展示確認: 1号艇伸び良→そのまま採用。悪→飛び組に差し替え。circle_pct上位2艇に絞り込むこと。'}",,,29.2,逃げ狙い,14.08,34.9,3,,,,,,,,,,,
2026-02-06,丸亀,4,3,松下直也,B1,27.84,3,▲,15.7952,12.9,100,65.4,0.1727,3.4815,,,0,低,177,0,-,331 33,0,39.3,0.8813,0,0.0541,0.0811,0,0,0.0286,0.3714,0.2381,,,C,△,,0.3082,0.621,,0.378,A,73,0,◎-○軸 3着3〜4艇流し（10〜15点）,0.5777,"{'is_target': True, 'verdict': '点数絞り', 'max_combo_prob': 0.1132, 'est_top_odds': 11.8, 'circle_concentration': 70.8, 'eligible_count': 8, 'bet_adj': 0, 'reason': 'rel_win1=49.8%（本命度） / 最有力組み合わせ確率: 0.113（推定実オッズ?12倍） / 2着集中度: 上位2艇 70.8%（補正+0.04） / 総合判定確率: 0.153 / → ヒモはやや固め。上位2艇以外を切ること', 'tenji_trigger': '展示確認: 1号艇伸び良→そのまま採用。悪→飛び組に差し替え。circle_pct上位2艇に絞り込むこと。'}",,,29.2,逃げ狙い,14.08,34.9,3,,,,,,,,,,,
2026-02-06,丸亀,4,4,戸田海咲,B2,24.68,4,,9.9164,14,62,0,0.25,4.2143,,,0,低,45,1,-,6 6566,0,15.1,0.7423,,,,,,,,,,,D,,,0.1656,0.4965,,0.378,A,73,0,◎-○軸 3着3〜4艇流し（10〜15点）,0.5777,"{'is_target': True, 'verdict': '点数絞り', 'max_combo_prob': 0.1132, 'est_top_odds': 11.8, 'circle_concentration': 70.8, 'eligible_count': 8, 'bet_adj': 0, 'reason': 'rel_win1=49.8%（本命度） / 最有力組み合わせ確率: 0.113（推定実オッズ?12倍） / 2着集中度: 上位2艇 70.8%（補正+0.04） / 総合判定確率: 0.153 / → ヒモはやや固め。上位2艇以外を切ること', 'tenji_trigger': '展示確認: 1号艇伸び良→そのまま採用。悪→飛び組に差し替え。circle_pct上位2艇に絞り込むこと。'}",,,29.2,逃げ狙い,14.08,34.9,3,,,,,,,,,,,
2026-02-06,丸亀,4,5,嶋　義信,B1,22.22,5,,5.7495,13.2,56,39.3,0.1585,3.6066,,,0,低,90,0,-,31122,0,88,1.5414,,,,,,0.125,0.15,0.1875,,,D,○,,0.3769,0.632,,0.378,A,73,0,◎-○軸 3着3〜4艇流し（10〜15点）,0.5777,"{'is_target': True, 'verdict': '点数絞り', 'max_combo_prob': 0.1132, 'est_top_odds': 11.8, 'circle_concentration': 70.8, 'eligible_count': 8, 'bet_adj': 0, 'reason': 'rel_win1=49.8%（本命度） / 最有力組み合わせ確率: 0.113（推定実オッズ?12倍） / 2着集中度: 上位2艇 70.8%（補正+0.04） / 総合判定確率: 0.153 / → ヒモはやや固め。上位2艇以外を切ること', 'tenji_trigger': '展示確認: 1号艇伸び良→そのまま採用。悪→飛び組に差し替え。circle_pct上位2艇に絞り込むこと。'}",,,29.2,逃げ狙い,14.08,34.9,3,,,,,,,,,,,
2026-02-06,丸亀,4,6,青木幸太,A2,27.16,6,△,3.3072,3.1,32,24.6,0.1682,3.7615,,,0,低,86,0,-,641 12,0,25,0.4431,0,0,0.0312,0.0312,0,0.0882,0.0588,0.1176,,,C,△,,0.3178,0.615,,0.378,A,73,0,◎-○軸 3着3〜4艇流し（10〜15点）,0.5777,"{'is_target': True, 'verdict': '点数絞り', 'max_combo_prob': 0.1132, 'est_top_odds': 11.8, 'circle_concentration': 70.8, 'eligible_count': 8, 'bet_adj': 0, 'reason': 'rel_win1=49.8%（本命度） / 最有力組み合わせ確率: 0.113（推定実オッズ?12倍） / 2着集中度: 上位2艇 70.8%（補正+0.04） / 総合判定確率: 0.153 / → ヒモはやや固め。上位2艇以外を切ること', 'tenji_trigger': '展示確認: 1号艇伸び良→そのまま採用。悪→飛び組に差し替え。circle_pct上位2艇に絞り込むこと。'}",,,29.2,逃げ狙い,14.08,34.9,3,,,,,,,,,,,
2026-02-06,丸亀,5,1,小林　泰,A2,24.18,1,◎,55.9297,,0,93.8,0.1369,2.2969,,,0,低,73,0,逃1%,22633,0,90.1,1.1843,0.6296,,,,,0.1111,0.0741,0.0741,◎,,E,◎,,,0.6885,,0.7125,S,100,0,◎1着固定 2-3着流し（5〜8点）,0.5777,"{'is_target': True, 'verdict': '参加推奨', 'max_combo_prob': 0.0772, 'est_top_odds': 17.3, 'circle_concentration': 63.5, 'eligible_count': 6, 'bet_adj': 2, 'reason': 'rel_win1=55.9%（本命度） / 最有力組み合わせ確率: 0.077（推定実オッズ?17倍） / 2着集中度: 上位2艇 63.5%（補正+0.00） / 総合判定確率: 0.077 / → ヒモ分散。1号艇1着固定で広めのヒモ流し推奨（買い目+2点）', 'tenji_trigger': '展示確認: ヒモ分散レース。1号艇伸び確認後、広めのヒモ流しを採用。穴ヒモ（5・6号艇）を積極的に含める。\n展示で1号艇スタート超安定(0.137秒)→ヒモ固まり方向に注意'}",,,26.2,逃げ狙い,12.84,27.3,4,,,,,0,0,0.7559,0,,逃げ軸流し,A
2026-02-06,丸亀,5,2,尾崎雄二,B1,26.19,2,,10.2778,34.1,59,50,0.1644,3.6912,,,0,低,133,0,-,451 42,0,53.1,0.88,0,0.0714,0,0,0,0.1667,0.1667,0.0556,,,D,△,,0.0652,0.6365,,0.7125,S,100,0,◎1着固定 2-3着流し（5〜8点）,0.5777,"{'is_target': True, 'verdict': '参加推奨', 'max_combo_prob': 0.0772, 'est_top_odds': 17.3, 'circle_concentration': 63.5, 'eligible_count': 6, 'bet_adj': 2, 'reason': 'rel_win1=55.9%（本命度） / 最有力組み合わせ確率: 0.077（推定実オッズ?17倍） / 2着集中度: 上位2艇 63.5%（補正+0.00） / 総合判定確率: 0.077 / → ヒモ分散。1号艇1着固定で広めのヒモ流し推奨（買い目+2点）', 'tenji_trigger': '展示確認: ヒモ分散レース。1号艇伸び確認後、広めのヒモ流しを採用。穴ヒモ（5・6号艇）を積極的に含める。\n展示で1号艇スタート超安定(0.137秒)→ヒモ固まり方向に注意'}",,,26.2,逃げ狙い,12.84,27.3,4,,,,,,,,,,,
2026-02-06,丸亀,5,3,山下夏鈴,B1,48.91,3,○,10.0084,15.5,100,40.5,0.1678,3.3919,,,0,低,64,0,-,2 2115,0,62.3,1.3337,0,0,0.125,0,0,0,0.0267,0.2,,,A,,,0.1513,0.616,,0.7125,S,100,0,◎1着固定 2-3着流し（5〜8点）,0.5777,"{'is_target': True, 'verdict': '参加推奨', 'max_combo_prob': 0.0772, 'est_top_odds': 17.3, 'circle_concentration': 63.5, 'eligible_count': 6, 'bet_adj': 2, 'reason': 'rel_win1=55.9%（本命度） / 最有力組み合わせ確率: 0.077（推定実オッズ?17倍） / 2着集中度: 上位2艇 63.5%（補正+0.00） / 総合判定確率: 0.077 / → ヒモ分散。1号艇1着固定で広めのヒモ流し推奨（買い目+2点）', 'tenji_trigger': '展示確認: ヒモ分散レース。1号艇伸び確認後、広めのヒモ流しを採用。穴ヒモ（5・6号艇）を積極的に含める。\n展示で1号艇スタート超安定(0.137秒)→ヒモ固まり方向に注意'}",,,26.2,逃げ狙い,12.84,27.3,4,,,,,,,,,,,
2026-02-06,丸亀,5,4,山田佑樹,B1,34.07,4,▲,13.5776,29.4,45,58,0.1642,3.3261,,,0,低,110,0,-,6 436,0,71.7,1.337,0,0.0741,0.0741,0.037,0,0.0842,0,0.2253,,,D,,◎,0.1905,0.6115,0.3663,0.7125,S,100,0,◎1着固定 2-3着流し（5〜8点）,0.5777,"{'is_target': True, 'verdict': '参加推奨', 'max_combo_prob': 0.0772, 'est_top_odds': 17.3, 'circle_concentration': 63.5, 'eligible_count': 6, 'bet_adj': 2, 'reason': 'rel_win1=55.9%（本命度） / 最有力組み合わせ確率: 0.077（推定実オッズ?17倍） / 2着集中度: 上位2艇 63.5%（補正+0.00） / 総合判定確率: 0.077 / → ヒモ分散。1号艇1着固定で広めのヒモ流し推奨（買い目+2点）', 'tenji_trigger': '展示確認: ヒモ分散レース。1号艇伸び確認後、広めのヒモ流しを採用。穴ヒモ（5・6号艇）を積極的に含める。\n展示で1号艇スタート超安定(0.137秒)→ヒモ固まり方向に注意'}",,,26.2,逃げ狙い,12.84,27.3,4,,,,,,,,,,,
2026-02-06,丸亀,5,5,鈴木　博,A2,38.14,5,,9.0727,16.8,71,52.2,0.1815,3.6739,,,0,低,120,0,-,234 13,0,37.8,1.0352,0,0,0.0476,0.0476,0.0476,0.05,0.11,0.02,,,C,○,,0.1479,0.6475,,0.7125,S,100,0,◎1着固定 2-3着流し（5〜8点）,0.5777,"{'is_target': True, 'verdict': '参加推奨', 'max_combo_prob': 0.0772, 'est_top_odds': 17.3, 'circle_concentration': 63.5, 'eligible_count': 6, 'bet_adj': 2, 'reason': 'rel_win1=55.9%（本命度） / 最有力組み合わせ確率: 0.077（推定実オッズ?17倍） / 2着集中度: 上位2艇 63.5%（補正+0.00） / 総合判定確率: 0.077 / → ヒモ分散。1号艇1着固定で広めのヒモ流し推奨（買い目+2点）', 'tenji_trigger': '展示確認: ヒモ分散レース。1号艇伸び確認後、広めのヒモ流しを採用。穴ヒモ（5・6号艇）を積極的に含める。\n展示で1号艇スタート超安定(0.137秒)→ヒモ固まり方向に注意'}",,,26.2,逃げ狙い,12.84,27.3,4,,,,,,,,,,,
2026-02-06,丸亀,5,6,木山和幸,A2,53.93,6,△,1.1338,4.2,31,21.1,0.1738,3.9135,,,0,低,135,0,-,2 3131,0,28,0.5572,,,,,,0.048,0.016,0.148,,,A,△,,0.1953,0.6205,,0.7125,S,100,0,◎1着固定 2-3着流し（5〜8点）,0.5777,"{'is_target': True, 'verdict': '参加推奨', 'max_combo_prob': 0.0772, 'est_top_odds': 17.3, 'circle_concentration': 63.5, 'eligible_count': 6, 'bet_adj': 2, 'reason': 'rel_win1=55.9%（本命度） / 最有力組み合わせ確率: 0.077（推定実オッズ?17倍） / 2着集中度: 上位2艇 63.5%（補正+0.00） / 総合判定確率: 0.077 / → ヒモ分散。1号艇1着固定で広めのヒモ流し推奨（買い目+2点）', 'tenji_trigger': '展示確認: ヒモ分散レース。1号艇伸び確認後、広めのヒモ流しを採用。穴ヒモ（5・6号艇）を積極的に含める。\n展示で1号艇スタート超安定(0.137秒)→ヒモ固まり方向に注意'}",,,26.2,逃げ狙い,12.84,27.3,4,,,,,,,,,,,
2026-02-06,丸亀,6,1,田中京介,A2,28.87,1,◎,53.4686,,0,90.3,0.1189,2.2917,,,0,低,91,0,逃1%,125 42,0,88.3,1.1387,0.7059,,,,,0.0235,0.1471,0.3353,◎,,D,△,,,0.6375,,0.6869,A,78,0,◎-○軸 3着3〜4艇流し（10〜15点）,0.5777,"{'is_target': True, 'verdict': '点数絞り', 'max_combo_prob': 0.0986, 'est_top_odds': 13.5, 'circle_concentration': 80.8, 'eligible_count': 8, 'bet_adj': 0, 'reason': 'rel_win1=53.5%（本命度） / 最有力組み合わせ確率: 0.099（推定実オッズ?14倍） / 2着集中度: 上位2艇 80.8%（補正+0.04） / 総合判定確率: 0.139 / → ヒモはやや固め。上位2艇以外を切ること', 'tenji_trigger': '展示確認: 1号艇伸び良→そのまま採用。悪→飛び組に差し替え。circle_pct上位2艇に絞り込むこと。\n展示で1号艇スタート超安定(0.119秒)→ヒモ固まり方向に注意'}",,,28.5,逃げ狙い,18.71,28.8,2,,,,,0,0,0.7559,0,,逃げ軸流し,A
2026-02-06,丸亀,6,2,廣中智紗,A1,19.28,2,,15.6302,45,92,81,0.1886,4.2619,,,0,低,82,0,差0% 抜0%,56534,0,64.5,1.3083,0,0.1429,0,0,0.0714,0.0421,0.1632,0.2632,,,E,,,0.0829,0.5755,,0.6869,A,78,0,◎-○軸 3着3〜4艇流し（10〜15点）,0.5777,"{'is_target': True, 'verdict': '点数絞り', 'max_combo_prob': 0.0986, 'est_top_odds': 13.5, 'circle_concentration': 80.8, 'eligible_count': 8, 'bet_adj': 0, 'reason': 'rel_win1=53.5%（本命度） / 最有力組み合わせ確率: 0.099（推定実オッズ?14倍） / 2着集中度: 上位2艇 80.8%（補正+0.04） / 総合判定確率: 0.139 / → ヒモはやや固め。上位2艇以外を切ること', 'tenji_trigger': '展示確認: 1号艇伸び良→そのまま採用。悪→飛び組に差し替え。circle_pct上位2艇に絞り込むこと。\n展示で1号艇スタート超安定(0.119秒)→ヒモ固まり方向に注意'}",,,28.5,逃げ狙い,18.71,28.8,2,,,,,,,,,,,
2026-02-06,丸亀,6,3,古川誠之,A2,56.18,3,○,16.7541,35.8,100,66.7,0.1484,2.94,,,0,低,111,0,ま0%,512 55,0,61.7,1.2737,0,0,0.1471,0.0294,0.0294,0.1491,0.1791,0.1145,,,A,◎,,0.16,0.657,,0.6869,A,78,0,◎-○軸 3着3〜4艇流し（10〜15点）,0.5777,"{'is_target': True, 'verdict': '点数絞り', 'max_combo_prob': 0.0986, 'est_top_odds': 13.5, 'circle_concentration': 80.8, 'eligible_count': 8, 'bet_adj': 0, 'reason': 'rel_win1=53.5%（本命度） / 最有力組み合わせ確率: 0.099（推定実オッズ?14倍） / 2着集中度: 上位2艇 80.8%（補正+0.04） / 総合判定確率: 0.139 / → ヒモはやや固め。上位2艇以外を切ること', 'tenji_trigger': '展示確認: 1号艇伸び良→そのまま採用。悪→飛び組に差し替え。circle_pct上位2艇に絞り込むこと。\n展示で1号艇スタート超安定(0.119秒)→ヒモ固まり方向に注意'}",,,28.5,逃げ狙い,18.71,28.8,2,,,,,,,,,,,
2026-02-06,丸亀,6,4,大崎　翔,B1,44.09,4,▲,9.0635,14.9,78,44.9,0.1535,3.1522,,,0,低,117,0,差1%,2 2411,0,56.4,0.7326,0,0.0323,0.0645,0.0645,0.0323,0.3127,0.0727,0.1745,,,B,○,◎,0.1595,0.643,0.4306,0.6869,A,78,0,◎-○軸 3着3〜4艇流し（10〜15点）,0.5777,"{'is_target': True, 'verdict': '点数絞り', 'max_combo_prob': 0.0986, 'est_top_odds': 13.5, 'circle_concentration': 80.8, 'eligible_count': 8, 'bet_adj': 0, 'reason': 'rel_win1=53.5%（本命度） / 最有力組み合わせ確率: 0.099（推定実オッズ?14倍） / 2着集中度: 上位2艇 80.8%（補正+0.04） / 総合判定確率: 0.139 / → ヒモはやや固め。上位2艇以外を切ること', 'tenji_trigger': '展示確認: 1号艇伸び良→そのまま採用。悪→飛び組に差し替え。circle_pct上位2艇に絞り込むこと。\n展示で1号艇スタート超安定(0.119秒)→ヒモ固まり方向に注意'}",,,28.5,逃げ狙い,18.71,28.8,2,,,,,,,,,,,
2026-02-06,丸亀,6,5,三嶌ここ,B1,31.00,5,△,4.0816,1.4,32,8.5,0.2019,4.5638,,,0,低,114,0,-,,0,27.1,0.609,,,,,,0.0571,0.0571,0.3143,,,C,,,0.137,0.553,,0.6869,A,78,0,◎-○軸 3着3〜4艇流し（10〜15点）,0.5777,"{'is_target': True, 'verdict': '点数絞り', 'max_combo_prob': 0.0986, 'est_top_odds': 13.5, 'circle_concentration': 80.8, 'eligible_count': 8, 'bet_adj': 0, 'reason': 'rel_win1=53.5%（本命度） / 最有力組み合わせ確率: 0.099（推定実オッズ?14倍） / 2着集中度: 上位2艇 80.8%（補正+0.04） / 総合判定確率: 0.139 / → ヒモはやや固め。上位2艇以外を切ること', 'tenji_trigger': '展示確認: 1号艇伸び良→そのまま採用。悪→飛び組に差し替え。circle_pct上位2艇に絞り込むこと。\n展示で1号艇スタート超安定(0.119秒)→ヒモ固まり方向に注意'}",,,28.5,逃げ狙い,18.71,28.8,2,,,,,,,,,,,
2026-02-06,丸亀,6,6,深川和仁,B1,23.38,6,,1.002,2.9,34,22.7,0.1905,4.2614,,,0,低,130,0,-,13454,0,34,1.1275,,,,,,0.2,0.0167,0.05,,,E,△,,0.135,0.606,,0.6869,A,78,0,◎-○軸 3着3〜4艇流し（10〜15点）,0.5777,"{'is_target': True, 'verdict': '点数絞り', 'max_combo_prob': 0.0986, 'est_top_odds': 13.5, 'circle_concentration': 80.8, 'eligible_count': 8, 'bet_adj': 0, 'reason': 'rel_win1=53.5%（本命度） / 最有力組み合わせ確率: 0.099（推定実オッズ?14倍） / 2着集中度: 上位2艇 80.8%（補正+0.04） / 総合判定確率: 0.139 / → ヒモはやや固め。上位2艇以外を切ること', 'tenji_trigger': '展示確認: 1号艇伸び良→そのまま採用。悪→飛び組に差し替え。circle_pct上位2艇に絞り込むこと。\n展示で1号艇スタート超安定(0.119秒)→ヒモ固まり方向に注意'}",,,28.5,逃げ狙い,18.71,28.8,2,,,,,,,,,,,
2026-02-06,丸亀,7,1,吉田一郎,A2,44.68,1,◎,61.9309,,0,97.1,0.149,2.6643,,,0,低,66,0,逃1%,1S3612,0,84.7,1.0516,0.6579,,,,,0.1221,0.0316,0.1326,◎,,A,○,,,0.6245,,0.5377,S,86,0,◎1着固定 2-3着流し（5〜8点）,0.5777,"{'is_target': True, 'verdict': '参加推奨', 'max_combo_prob': 0.0775, 'est_top_odds': 17.2, 'circle_concentration': 66.1, 'eligible_count': 6, 'bet_adj': 2, 'reason': 'rel_win1=61.9%（本命度） / 最有力組み合わせ確率: 0.077（推定実オッズ?17倍） / 2着集中度: 上位2艇 66.1%（補正+0.00） / 総合判定確率: 0.077 / → ヒモ分散。1号艇1着固定で広めのヒモ流し推奨（買い目+2点）', 'tenji_trigger': '展示確認: ヒモ分散レース。1号艇伸び確認後、広めのヒモ流しを採用。穴ヒモ（5・6号艇）を積極的に含める。'}",,,28.5,逃げ狙い,20.45,27.4,6,,,,,0,0,0.7559,0,,逃げ軸流し,A
2026-02-06,丸亀,7,2,新井英孝,B1,22.22,2,,12.0832,41.9,83,52.7,0.1531,3.5364,,,0,低,85,0,差0%,1 254,0,37.6,0.8733,0,0.087,0,0,0,0.1833,0.0333,0.0667,,,E,△,,0.2964,0.6085,,0.5377,S,86,0,◎1着固定 2-3着流し（5〜8点）,0.5777,"{'is_target': True, 'verdict': '参加推奨', 'max_combo_prob': 0.0775, 'est_top_odds': 17.2, 'circle_concentration': 66.1, 'eligible_count': 6, 'bet_adj': 2, 'reason': 'rel_win1=61.9%（本命度） / 最有力組み合わせ確率: 0.077（推定実オッズ?17倍） / 2着集中度: 上位2艇 66.1%（補正+0.00） / 総合判定確率: 0.077 / → ヒモ分散。1号艇1着固定で広めのヒモ流し推奨（買い目+2点）', 'tenji_trigger': '展示確認: ヒモ分散レース。1号艇伸び確認後、広めのヒモ流しを採用。穴ヒモ（5・6号艇）を積極的に含める。'}",,,28.5,逃げ狙い,20.45,27.4,6,,,,,,,,,,,
2026-02-06,丸亀,7,3,浮田圭浩,B1,22.35,3,,5.5101,24.2,100,40.7,0.1869,3.7692,,,0,低,218,0,-,456 26,0,75.9,1.5492,0,0,0,0.0244,0,0.1,0.2033,0.1533,,,E,△,,0.1137,0.6095,,0.5377,S,86,0,◎1着固定 2-3着流し（5〜8点）,0.5777,"{'is_target': True, 'verdict': '参加推奨', 'max_combo_prob': 0.0775, 'est_top_odds': 17.2, 'circle_concentration': 66.1, 'eligible_count': 6, 'bet_adj': 2, 'reason': 'rel_win1=61.9%（本命度） / 最有力組み合わせ確率: 0.077（推定実オッズ?17倍） / 2着集中度: 上位2艇 66.1%（補正+0.00） / 総合判定確率: 0.077 / → ヒモ分散。1号艇1着固定で広めのヒモ流し推奨（買い目+2点）', 'tenji_trigger': '展示確認: ヒモ分散レース。1号艇伸び確認後、広めのヒモ流しを採用。穴ヒモ（5・6号艇）を積極的に含める。'}",,,28.5,逃げ狙い,20.45,27.4,6,,,,,,,,,,,
2026-02-06,丸亀,7,4,鐘ヶ江真,B1,42.86,4,▲,6.1312,14.3,81,20,0.209,3.6,,,0,低,54,0,-,424 54,0,23.8,0.8545,,,,,,,,,,,B,,,0.1439,0.513,,0.5377,S,86,0,◎1着固定 2-3着流し（5〜8点）,0.5777,"{'is_target': True, 'verdict': '参加推奨', 'max_combo_prob': 0.0775, 'est_top_odds': 17.2, 'circle_concentration': 66.1, 'eligible_count': 6, 'bet_adj': 2, 'reason': 'rel_win1=61.9%（本命度） / 最有力組み合わせ確率: 0.077（推定実オッズ?17倍） / 2着集中度: 上位2艇 66.1%（補正+0.00） / 総合判定確率: 0.077 / → ヒモ分散。1号艇1着固定で広めのヒモ流し推奨（買い目+2点）', 'tenji_trigger': '展示確認: ヒモ分散レース。1号艇伸び確認後、広めのヒモ流しを採用。穴ヒモ（5・6号艇）を積極的に含める。'}",,,28.5,逃げ狙い,20.45,27.4,6,,,,,,,,,,,
2026-02-06,丸亀,7,5,藤堂里香,A2,35.48,5,△,6.7798,5.6,62,25,0.1629,3.25,,,0,低,52,0,抜0%,3 1425,0,43.8,0.8921,0,0,0,0,0.125,0.2,0.2,0,,,C,,,0.2705,0.564,,0.5377,S,86,0,◎1着固定 2-3着流し（5〜8点）,0.5777,"{'is_target': True, 'verdict': '参加推奨', 'max_combo_prob': 0.0775, 'est_top_odds': 17.2, 'circle_concentration': 66.1, 'eligible_count': 6, 'bet_adj': 2, 'reason': 'rel_win1=61.9%（本命度） / 最有力組み合わせ確率: 0.077（推定実オッズ?17倍） / 2着集中度: 上位2艇 66.1%（補正+0.00） / 総合判定確率: 0.077 / → ヒモ分散。1号艇1着固定で広めのヒモ流し推奨（買い目+2点）', 'tenji_trigger': '展示確認: ヒモ分散レース。1号艇伸び確認後、広めのヒモ流しを採用。穴ヒモ（5・6号艇）を積極的に含める。'}",,,28.5,逃げ狙い,20.45,27.4,6,,,,,,,,,,,
2026-02-06,丸亀,7,6,中辻崇人,A1,40.43,6,○,7.5648,14,92,69.8,0.1134,2.2642,,,0,低,42,0,-,111 21,0,32.4,0.7931,0,0,0.1765,0.0588,0,0.2667,0,0,,◎,C,◎,◎,0.4421,0.6505,0.469,0.5377,S,86,0,◎1着固定 2-3着流し（5〜8点）,0.5777,"{'is_target': True, 'verdict': '参加推奨', 'max_combo_prob': 0.0775, 'est_top_odds': 17.2, 'circle_concentration': 66.1, 'eligible_count': 6, 'bet_adj': 2, 'reason': 'rel_win1=61.9%（本命度） / 最有力組み合わせ確率: 0.077（推定実オッズ?17倍） / 2着集中度: 上位2艇 66.1%（補正+0.00） / 総合判定確率: 0.077 / → ヒモ分散。1号艇1着固定で広めのヒモ流し推奨（買い目+2点）', 'tenji_trigger': '展示確認: ヒモ分散レース。1号艇伸び確認後、広めのヒモ流しを採用。穴ヒモ（5・6号艇）を積極的に含める。'}",,,28.5,逃げ狙い,20.45,27.4,6,,,,,,,,,,,
2026-02-06,丸亀,8,1,中辻博訓,A1,31.52,1,◎,73.0918,,0,91.7,0.128,2.1667,,,0,低,53,0,逃1%,322226,0,84.3,1.041,0.6304,,,,,0.1205,0.0174,0.1981,◎,,B,◎,,,0.6875,,0.7156,S,87,0,◎1着固定 2-3着流し（5〜8点）,0.5777,"{'is_target': True, 'verdict': '点数絞り', 'max_combo_prob': 0.1163, 'est_top_odds': 11.5, 'circle_concentration': 80.4, 'eligible_count': 6, 'bet_adj': 0, 'reason': 'rel_win1=73.1%（本命度） / 最有力組み合わせ確率: 0.116（推定実オッズ?12倍） / 2着集中度: 上位2艇 80.4%（補正+0.04） / 総合判定確率: 0.156 / → ヒモはやや固め。上位2艇以外を切ること', 'tenji_trigger': '展示確認: 1号艇伸び良→そのまま採用。悪→飛び組に差し替え。circle_pct上位2艇に絞り込むこと。\n展示で1号艇スタート超安定(0.128秒)→ヒモ固まり方向に注意'}",,,26.5,逃げ狙い,13.81,27.3,3,,,,,0,0,0.7559,0,,逃げ軸流し,A
2026-02-06,丸亀,8,2,蒲原健太,A2,50.00,2,○,10.4055,45.7,100,61.8,0.1775,3.7727,,,0,低,193,0,-,35626,0,76.3,1.3662,0,0.04,0,0,0.04,0.0953,0.3224,0.2271,,,A,,,0.0755,0.54,,0.7156,S,87,0,◎1着固定 2-3着流し（5〜8点）,0.5777,"{'is_target': True, 'verdict': '点数絞り', 'max_combo_prob': 0.1163, 'est_top_odds': 11.5, 'circle_concentration': 80.4, 'eligible_count': 6, 'bet_adj': 0, 'reason': 'rel_win1=73.1%（本命度） / 最有力組み合わせ確率: 0.116（推定実オッズ?12倍） / 2着集中度: 上位2艇 80.4%（補正+0.04） / 総合判定確率: 0.156 / → ヒモはやや固め。上位2艇以外を切ること', 'tenji_trigger': '展示確認: 1号艇伸び良→そのまま採用。悪→飛び組に差し替え。circle_pct上位2艇に絞り込むこと。\n展示で1号艇スタート超安定(0.128秒)→ヒモ固まり方向に注意'}",,,26.5,逃げ狙い,13.81,27.3,3,,,,,,,,,,,
2026-02-06,丸亀,8,3,海老澤泰,B1,29.59,3,▲,5.7108,10.9,94,31.6,0.1602,3.4123,,,0,低,128,0,-,1 335,0,43.8,0.5096,,,,,,0.2354,0.08,0.3531,,,C,△,,0.1611,0.6055,,0.7156,S,87,0,◎1着固定 2-3着流し（5〜8点）,0.5777,"{'is_target': True, 'verdict': '点数絞り', 'max_combo_prob': 0.1163, 'est_top_odds': 11.5, 'circle_concentration': 80.4, 'eligible_count': 6, 'bet_adj': 0, 'reason': 'rel_win1=73.1%（本命度） / 最有力組み合わせ確率: 0.116（推定実オッズ?12倍） / 2着集中度: 上位2艇 80.4%（補正+0.04） / 総合判定確率: 0.156 / → ヒモはやや固め。上位2艇以外を切ること', 'tenji_trigger': '展示確認: 1号艇伸び良→そのまま採用。悪→飛び組に差し替え。circle_pct上位2艇に絞り込むこと。\n展示で1号艇スタート超安定(0.128秒)→ヒモ固まり方向に注意'}",,,26.5,逃げ狙い,13.81,27.3,3,,,,,,,,,,,
2026-02-06,丸亀,8,4,繁野谷圭,A2,24.73,4,,7.3622,34.7,94,63.1,0.1751,3.6538,,,0,低,180,0,-,515436,0,46.9,0.8691,0,0,0.0667,0,0,0.0108,0.0432,0.2232,,,D,○,◎,0.119,0.6095,0.2957,0.7156,S,87,0,◎1着固定 2-3着流し（5〜8点）,0.5777,"{'is_target': True, 'verdict': '点数絞り', 'max_combo_prob': 0.1163, 'est_top_odds': 11.5, 'circle_concentration': 80.4, 'eligible_count': 6, 'bet_adj': 0, 'reason': 'rel_win1=73.1%（本命度） / 最有力組み合わせ確率: 0.116（推定実オッズ?12倍） / 2着集中度: 上位2艇 80.4%（補正+0.04） / 総合判定確率: 0.156 / → ヒモはやや固め。上位2艇以外を切ること', 'tenji_trigger': '展示確認: 1号艇伸び良→そのまま採用。悪→飛び組に差し替え。circle_pct上位2艇に絞り込むこと。\n展示で1号艇スタート超安定(0.128秒)→ヒモ固まり方向に注意'}",,,26.5,逃げ狙い,13.81,27.3,3,,,,,,,,,,,
2026-02-06,丸亀,8,5,山崎善庸,B1,22.22,5,,2.4223,6.8,33,9.1,0.216,4.9091,,,0,低,243,0,-,253 24,0,23.8,0.6167,,,,,,0.0727,0.3491,0.3309,,,E,△,,0.1399,0.5725,,0.7156,S,87,0,◎1着固定 2-3着流し（5〜8点）,0.5777,"{'is_target': True, 'verdict': '点数絞り', 'max_combo_prob': 0.1163, 'est_top_odds': 11.5, 'circle_concentration': 80.4, 'eligible_count': 6, 'bet_adj': 0, 'reason': 'rel_win1=73.1%（本命度） / 最有力組み合わせ確率: 0.116（推定実オッズ?12倍） / 2着集中度: 上位2艇 80.4%（補正+0.04） / 総合判定確率: 0.156 / → ヒモはやや固め。上位2艇以外を切ること', 'tenji_trigger': '展示確認: 1号艇伸び良→そのまま採用。悪→飛び組に差し替え。circle_pct上位2艇に絞り込むこと。\n展示で1号艇スタート超安定(0.128秒)→ヒモ固まり方向に注意'}",,,26.5,逃げ狙い,13.81,27.3,3,,,,,,,,,,,
2026-02-06,丸亀,8,6,沼田七華,B2,26.80,6,△,1.0075,1.9,49,2.9,0.1459,3.5,,,0,低,44,0,-,4 5 65,0,23.8,0.8444,,,,,,0.4,0.6,0,,,D,,,0.2557,0.4395,,0.7156,S,87,0,◎1着固定 2-3着流し（5〜8点）,0.5777,"{'is_target': True, 'verdict': '点数絞り', 'max_combo_prob': 0.1163, 'est_top_odds': 11.5, 'circle_concentration': 80.4, 'eligible_count': 6, 'bet_adj': 0, 'reason': 'rel_win1=73.1%（本命度） / 最有力組み合わせ確率: 0.116（推定実オッズ?12倍） / 2着集中度: 上位2艇 80.4%（補正+0.04） / 総合判定確率: 0.156 / → ヒモはやや固め。上位2艇以外を切ること', 'tenji_trigger': '展示確認: 1号艇伸び良→そのまま採用。悪→飛び組に差し替え。circle_pct上位2艇に絞り込むこと。\n展示で1号艇スタート超安定(0.128秒)→ヒモ固まり方向に注意'}",,,26.5,逃げ狙い,13.81,27.3,3,,,,,,,,,,,
2026-02-06,丸亀,9,1,青木幸太,A2,27.16,1,◎,50.911,,0,89.8,0.1669,2.8983,,,0,低,86,0,逃0%,641 12,0,92.6,1.269,0.6471,,,,,0.0882,0.0588,0.1176,◎,,D,△,,,0.615,,0.472,A,68,0,◎-○軸 3着3〜4艇流し（10〜15点）,0.5777,"{'is_target': True, 'verdict': '参加推奨', 'max_combo_prob': 0.0752, 'est_top_odds': 17.7, 'circle_concentration': 71.7, 'eligible_count': 8, 'bet_adj': 2, 'reason': 'rel_win1=50.9%（本命度） / 最有力組み合わせ確率: 0.075（推定実オッズ?18倍） / 2着集中度: 上位2艇 71.7%（補正+0.04） / 総合判定確率: 0.115 / → ヒモ分散。1号艇1着固定で広めのヒモ流し推奨（買い目+2点）', 'tenji_trigger': '展示確認: ヒモ分散レース。1号艇伸び確認後、広めのヒモ流しを採用。穴ヒモ（5・6号艇）を積極的に含める。'}",,,30.2,逃げ狙い,25.57,28,2,,,,,0,0,0.7559,0,,逃げ軸流し,A
2026-02-06,丸亀,9,2,藤原菜希,A2,47.78,2,▲,18.9112,50.2,100,86.4,0.1564,2.6818,,,0,低,33,0,差0% ま0%,15123,0,38.6,0.8371,0,0.1538,0.1538,0,0,0.1429,0.1429,0.0714,,◎,B,,,0.4561,0.6005,,0.472,A,68,0,◎-○軸 3着3〜4艇流し（10〜15点）,0.5777,"{'is_target': True, 'verdict': '参加推奨', 'max_combo_prob': 0.0752, 'est_top_odds': 17.7, 'circle_concentration': 71.7, 'eligible_count': 8, 'bet_adj': 2, 'reason': 'rel_win1=50.9%（本命度） / 最有力組み合わせ確率: 0.075（推定実オッズ?18倍） / 2着集中度: 上位2艇 71.7%（補正+0.04） / 総合判定確率: 0.115 / → ヒモ分散。1号艇1着固定で広めのヒモ流し推奨（買い目+2点）', 'tenji_trigger': '展示確認: ヒモ分散レース。1号艇伸び確認後、広めのヒモ流しを採用。穴ヒモ（5・6号艇）を積極的に含める。'}",,,30.2,逃げ狙い,25.57,28,2,,,,,,,,,,,
2026-02-06,丸亀,9,3,滝沢芳行,B1,41.67,3,△,13.3188,20,73,47.5,0.1428,2.7869,,,0,低,85,0,差0% ま0%,3 212,0,36.4,1.0321,0,0.0357,0.1071,0,0,0.18,0.18,0.064,,○,B,○,,0.4261,0.628,,0.472,A,68,0,◎-○軸 3着3〜4艇流し（10〜15点）,0.5777,"{'is_target': True, 'verdict': '参加推奨', 'max_combo_prob': 0.0752, 'est_top_odds': 17.7, 'circle_concentration': 71.7, 'eligible_count': 8, 'bet_adj': 2, 'reason': 'rel_win1=50.9%（本命度） / 最有力組み合わせ確率: 0.075（推定実オッズ?18倍） / 2着集中度: 上位2艇 71.7%（補正+0.04） / 総合判定確率: 0.115 / → ヒモ分散。1号艇1着固定で広めのヒモ流し推奨（買い目+2点）', 'tenji_trigger': '展示確認: ヒモ分散レース。1号艇伸び確認後、広めのヒモ流しを採用。穴ヒモ（5・6号艇）を積極的に含める。'}",,,30.2,逃げ狙い,25.57,28,2,,,,,,,,,,,
2026-02-06,丸亀,9,4,山下夏鈴,B1,48.91,4,○,10.07,21.6,56,47.4,0.1518,2.8816,,,0,低,64,0,ま0%,2 2115,0,46.8,1.0685,0,0,0.2353,0,0,0,0.0267,0.2,,△,A,△,◎,0.4145,0.616,0.2639,0.472,A,68,0,◎-○軸 3着3〜4艇流し（10〜15点）,0.5777,"{'is_target': True, 'verdict': '参加推奨', 'max_combo_prob': 0.0752, 'est_top_odds': 17.7, 'circle_concentration': 71.7, 'eligible_count': 8, 'bet_adj': 2, 'reason': 'rel_win1=50.9%（本命度） / 最有力組み合わせ確率: 0.075（推定実オッズ?18倍） / 2着集中度: 上位2艇 71.7%（補正+0.04） / 総合判定確率: 0.115 / → ヒモ分散。1号艇1着固定で広めのヒモ流し推奨（買い目+2点）', 'tenji_trigger': '展示確認: ヒモ分散レース。1号艇伸び確認後、広めのヒモ流しを採用。穴ヒモ（5・6号艇）を積極的に含める。'}",,,30.2,逃げ狙い,25.57,28,2,,,,,,,,,,,
2026-02-06,丸亀,9,5,夏山亮平,B1,36.56,5,,5.8851,5.4,62,26.7,0.1571,3.6333,,,0,低,92,0,差ま0%,6 132,0,33.4,0.859,0,0,0,0.15,0,0,0.2941,0.0471,,,C,,,0.3431,0.5755,,0.472,A,68,0,◎-○軸 3着3〜4艇流し（10〜15点）,0.5777,"{'is_target': True, 'verdict': '参加推奨', 'max_combo_prob': 0.0752, 'est_top_odds': 17.7, 'circle_concentration': 71.7, 'eligible_count': 8, 'bet_adj': 2, 'reason': 'rel_win1=50.9%（本命度） / 最有力組み合わせ確率: 0.075（推定実オッズ?18倍） / 2着集中度: 上位2艇 71.7%（補正+0.04） / 総合判定確率: 0.115 / → ヒモ分散。1号艇1着固定で広めのヒモ流し推奨（買い目+2点）', 'tenji_trigger': '展示確認: ヒモ分散レース。1号艇伸び確認後、広めのヒモ流しを採用。穴ヒモ（5・6号艇）を積極的に含める。'}",,,30.2,逃げ狙い,25.57,28,2,,,,,,,,,,,
2026-02-06,丸亀,9,6,小林　泰,A2,24.18,6,,0.9038,2.9,57,23.9,0.158,3.6739,,,0,低,73,0,-,22633,0,27.5,0.9969,,,,,,0.1111,0.0741,0.0741,,,E,◎,,0.3474,0.6885,,0.472,A,68,0,◎-○軸 3着3〜4艇流し（10〜15点）,0.5777,"{'is_target': True, 'verdict': '参加推奨', 'max_combo_prob': 0.0752, 'est_top_odds': 17.7, 'circle_concentration': 71.7, 'eligible_count': 8, 'bet_adj': 2, 'reason': 'rel_win1=50.9%（本命度） / 最有力組み合わせ確率: 0.075（推定実オッズ?18倍） / 2着集中度: 上位2艇 71.7%（補正+0.04） / 総合判定確率: 0.115 / → ヒモ分散。1号艇1着固定で広めのヒモ流し推奨（買い目+2点）', 'tenji_trigger': '展示確認: ヒモ分散レース。1号艇伸び確認後、広めのヒモ流しを採用。穴ヒモ（5・6号艇）を積極的に含める。'}",,,30.2,逃げ狙い,25.57,28,2,,,,,,,,,,,
2026-02-06,丸亀,10,1,木山和幸,A2,53.93,1,◎,55.8931,,0,78.3,0.158,3.4167,,,0,低,135,0,逃0%,2 3131,0,94.4,1.3012,0.64,,,,,0.048,0.016,0.148,○,,A,,,,0.6205,,0.3674,A,65,0,◎-○軸 3着3〜4艇流し（10〜15点）,0.5777,"{'is_target': True, 'verdict': '参加推奨', 'max_combo_prob': 0.0832, 'est_top_odds': 16.0, 'circle_concentration': 67.5, 'eligible_count': 8, 'bet_adj': 2, 'reason': 'rel_win1=55.9%（本命度） / 最有力組み合わせ確率: 0.083（推定実オッズ?16倍） / 2着集中度: 上位2艇 67.5%（補正+0.00） / 総合判定確率: 0.083 / → ヒモ分散。1号艇1着固定で広めのヒモ流し推奨（買い目+2点）', 'tenji_trigger': '展示確認: ヒモ分散レース。1号艇伸び確認後、広めのヒモ流しを採用。穴ヒモ（5・6号艇）を積極的に含める。'}",,,27.7,逃げ狙い,19.09,26.2,4,,,,,0,0,0.6155,0,,逃げ軸流し,A
2026-02-06,丸亀,10,2,嶋　義信,B1,22.22,2,△,9.3946,46.2,98,58.5,0.1345,3.0094,,,0,低,90,0,-,31122,0,34.5,0.7447,0,0.04,0.04,0,0,0.125,0.15,0.1875,,◎,E,△,,0.543,0.632,,0.3674,A,65,0,◎-○軸 3着3〜4艇流し（10〜15点）,0.5777,"{'is_target': True, 'verdict': '参加推奨', 'max_combo_prob': 0.0832, 'est_top_odds': 16.0, 'circle_concentration': 67.5, 'eligible_count': 8, 'bet_adj': 2, 'reason': 'rel_win1=55.9%（本命度） / 最有力組み合わせ確率: 0.083（推定実オッズ?16倍） / 2着集中度: 上位2艇 67.5%（補正+0.00） / 総合判定確率: 0.083 / → ヒモ分散。1号艇1着固定で広めのヒモ流し推奨（買い目+2点）', 'tenji_trigger': '展示確認: ヒモ分散レース。1号艇伸び確認後、広めのヒモ流しを採用。穴ヒモ（5・6号艇）を積極的に含める。'}",,,27.7,逃げ狙い,19.09,26.2,4,,,,,,,,,,,
2026-02-06,丸亀,10,3,大崎　翔,B1,44.09,3,▲,10.7901,21.4,62,53.6,0.1433,2.8768,,,0,低,117,0,-,2 2411,0,34.3,0.8958,0,0.0345,0,0.069,0,0.3127,0.0727,0.1745,,△,B,○,,0.3658,0.643,,0.3674,A,65,0,◎-○軸 3着3〜4艇流し（10〜15点）,0.5777,"{'is_target': True, 'verdict': '参加推奨', 'max_combo_prob': 0.0832, 'est_top_odds': 16.0, 'circle_concentration': 67.5, 'eligible_count': 8, 'bet_adj': 2, 'reason': 'rel_win1=55.9%（本命度） / 最有力組み合わせ確率: 0.083（推定実オッズ?16倍） / 2着集中度: 上位2艇 67.5%（補正+0.00） / 総合判定確率: 0.083 / → ヒモ分散。1号艇1着固定で広めのヒモ流し推奨（買い目+2点）', 'tenji_trigger': '展示確認: ヒモ分散レース。1号艇伸び確認後、広めのヒモ流しを採用。穴ヒモ（5・6号艇）を積極的に含める。'}",,,27.7,逃げ狙い,19.09,26.2,4,,,,,,,,,,,
2026-02-06,丸亀,10,4,吉田一郎,A2,44.68,4,○,14.7469,18.9,100,58.3,0.1402,2.5208,,,0,低,66,0,差0% ま0% 差ま0%,1S3612,0,71.7,1.4045,0,0.08,0.12,0.04,0,0.1221,0.0316,0.1326,,,B,,◎,0.3789,0.6245,0.4368,0.3674,A,65,0,◎-○軸 3着3〜4艇流し（10〜15点）,0.5777,"{'is_target': True, 'verdict': '参加推奨', 'max_combo_prob': 0.0832, 'est_top_odds': 16.0, 'circle_concentration': 67.5, 'eligible_count': 8, 'bet_adj': 2, 'reason': 'rel_win1=55.9%（本命度） / 最有力組み合わせ確率: 0.083（推定実オッズ?16倍） / 2着集中度: 上位2艇 67.5%（補正+0.00） / 総合判定確率: 0.083 / → ヒモ分散。1号艇1着固定で広めのヒモ流し推奨（買い目+2点）', 'tenji_trigger': '展示確認: ヒモ分散レース。1号艇伸び確認後、広めのヒモ流しを採用。穴ヒモ（5・6号艇）を積極的に含める。'}",,,27.7,逃げ狙い,19.09,26.2,4,,,,,,,,,,,
2026-02-06,丸亀,10,5,田中京介,A2,28.87,5,,8.2339,11,75,50,0.1559,3.2574,,,0,低,91,0,差ま0%,125 42,0,23.8,0.5619,0,0,0,0.2059,0,0.0235,0.1471,0.3353,,,D,△,○,0.3285,0.6375,0.3846,0.3674,A,65,0,◎-○軸 3着3〜4艇流し（10〜15点）,0.5777,"{'is_target': True, 'verdict': '参加推奨', 'max_combo_prob': 0.0832, 'est_top_odds': 16.0, 'circle_concentration': 67.5, 'eligible_count': 8, 'bet_adj': 2, 'reason': 'rel_win1=55.9%（本命度） / 最有力組み合わせ確率: 0.083（推定実オッズ?16倍） / 2着集中度: 上位2艇 67.5%（補正+0.00） / 総合判定確率: 0.083 / → ヒモ分散。1号艇1着固定で広めのヒモ流し推奨（買い目+2点）', 'tenji_trigger': '展示確認: ヒモ分散レース。1号艇伸び確認後、広めのヒモ流しを採用。穴ヒモ（5・6号艇）を積極的に含める。'}",,,27.7,逃げ狙い,19.09,26.2,4,,,,,,,,,,,
2026-02-06,丸亀,10,6,石川吉鎬,A2,19.28,6,,0.9414,2.6,73,25.8,0.1906,4.4758,,,0,低,188,0,-,34221,0,28.5,0.8228,,,,,,0.189,0.189,0.189,,,E,◎,,0.2048,0.6575,,0.3674,A,65,0,◎-○軸 3着3〜4艇流し（10〜15点）,0.5777,"{'is_target': True, 'verdict': '参加推奨', 'max_combo_prob': 0.0832, 'est_top_odds': 16.0, 'circle_concentration': 67.5, 'eligible_count': 8, 'bet_adj': 2, 'reason': 'rel_win1=55.9%（本命度） / 最有力組み合わせ確率: 0.083（推定実オッズ?16倍） / 2着集中度: 上位2艇 67.5%（補正+0.00） / 総合判定確率: 0.083 / → ヒモ分散。1号艇1着固定で広めのヒモ流し推奨（買い目+2点）', 'tenji_trigger': '展示確認: ヒモ分散レース。1号艇伸び確認後、広めのヒモ流しを採用。穴ヒモ（5・6号艇）を積極的に含める。'}",,,27.7,逃げ狙い,19.09,26.2,4,,,,,,,,,,,
2026-02-06,丸亀,11,1,中辻崇人,A1,40.43,1,◎,60.3437,,0,100,0.1393,3.0351,,,0,低,42,0,逃1%,111 21,0,69,1.0718,0.7222,,,,,0.2667,0,0,◎,,B,△,,,0.6505,,0.609,S,92,0,◎1着固定 2-3着流し（5〜8点）,0.5777,"{'is_target': True, 'verdict': '参加推奨', 'max_combo_prob': 0.0842, 'est_top_odds': 15.8, 'circle_concentration': 69.7, 'eligible_count': 6, 'bet_adj': 2, 'reason': 'rel_win1=60.3%（本命度） / 最有力組み合わせ確率: 0.084（推定実オッズ?16倍） / 2着集中度: 上位2艇 69.7%（補正+0.00） / 総合判定確率: 0.084 / → ヒモ分散。1号艇1着固定で広めのヒモ流し推奨（買い目+2点）', 'tenji_trigger': '展示確認: ヒモ分散レース。1号艇伸び確認後、広めのヒモ流しを採用。穴ヒモ（5・6号艇）を積極的に含める。\n展示で1号艇スタート超安定(0.139秒)→ヒモ固まり方向に注意'}",,,30.5,逃げ狙い,25.53,28.8,2,,,,,0,0,0.7559,0,,逃げ軸流し,A
2026-02-06,丸亀,11,2,鈴木　博,A2,38.14,2,▲,15.5908,38.9,79,72.6,0.174,3.7823,,,0,低,120,0,-,234 13,0,56.8,0.8767,0,0,0.04,0,0,0.05,0.11,0.02,,,C,△,,0.0541,0.6475,,0.609,S,92,0,◎1着固定 2-3着流し（5〜8点）,0.5777,"{'is_target': True, 'verdict': '参加推奨', 'max_combo_prob': 0.0842, 'est_top_odds': 15.8, 'circle_concentration': 69.7, 'eligible_count': 6, 'bet_adj': 2, 'reason': 'rel_win1=60.3%（本命度） / 最有力組み合わせ確率: 0.084（推定実オッズ?16倍） / 2着集中度: 上位2艇 69.7%（補正+0.00） / 総合判定確率: 0.084 / → ヒモ分散。1号艇1着固定で広めのヒモ流し推奨（買い目+2点）', 'tenji_trigger': '展示確認: ヒモ分散レース。1号艇伸び確認後、広めのヒモ流しを採用。穴ヒモ（5・6号艇）を積極的に含める。\n展示で1号艇スタート超安定(0.139秒)→ヒモ固まり方向に注意'}",,,30.5,逃げ狙い,25.53,28.8,2,,,,,,,,,,,
2026-02-06,丸亀,11,3,中辻博訓,A1,31.52,3,△,12.0279,30.7,51,65.4,0.1319,2.5865,,,0,低,53,0,-,322226,0,100,2.546,0,0,0,0.08,0.04,0.1205,0.0174,0.1981,,,D,◎,,0.3341,0.6875,,0.609,S,92,0,◎1着固定 2-3着流し（5〜8点）,0.5777,"{'is_target': True, 'verdict': '参加推奨', 'max_combo_prob': 0.0842, 'est_top_odds': 15.8, 'circle_concentration': 69.7, 'eligible_count': 6, 'bet_adj': 2, 'reason': 'rel_win1=60.3%（本命度） / 最有力組み合わせ確率: 0.084（推定実オッズ?16倍） / 2着集中度: 上位2艇 69.7%（補正+0.00） / 総合判定確率: 0.084 / → ヒモ分散。1号艇1着固定で広めのヒモ流し推奨（買い目+2点）', 'tenji_trigger': '展示確認: ヒモ分散レース。1号艇伸び確認後、広めのヒモ流しを採用。穴ヒモ（5・6号艇）を積極的に含める。\n展示で1号艇スタート超安定(0.139秒)→ヒモ固まり方向に注意'}",,,30.5,逃げ狙い,25.53,28.8,2,,,,,,,,,,,
2026-02-06,丸亀,11,4,佐々木翔,A2,20.73,4,,7.1527,18,94,60.8,0.1512,2.9804,,,0,低,101,0,-,2 4631,0,33,0.8445,0,0.0435,0.1304,0,0,0.0387,0.1373,0.1502,,,E,,◎,0.2641,0.5985,0.3793,0.609,S,92,0,◎1着固定 2-3着流し（5〜8点）,0.5777,"{'is_target': True, 'verdict': '参加推奨', 'max_combo_prob': 0.0842, 'est_top_odds': 15.8, 'circle_concentration': 69.7, 'eligible_count': 6, 'bet_adj': 2, 'reason': 'rel_win1=60.3%（本命度） / 最有力組み合わせ確率: 0.084（推定実オッズ?16倍） / 2着集中度: 上位2艇 69.7%（補正+0.00） / 総合判定確率: 0.084 / → ヒモ分散。1号艇1着固定で広めのヒモ流し推奨（買い目+2点）', 'tenji_trigger': '展示確認: ヒモ分散レース。1号艇伸び確認後、広めのヒモ流しを採用。穴ヒモ（5・6号艇）を積極的に含める。\n展示で1号艇スタート超安定(0.139秒)→ヒモ固まり方向に注意'}",,,30.5,逃げ狙い,25.53,28.8,2,,,,,,,,,,,
2026-02-06,丸亀,11,5,田頭虎親,B1,35.71,5,,2.9969,9.7,100,45.2,0.1869,4.0119,,,0,低,121,0,-,4 1315,0,29.4,1.2564,,,,,,0.1,0.375,0.025,,,C,,,0.1588,0.5945,,0.609,S,92,0,◎1着固定 2-3着流し（5〜8点）,0.5777,"{'is_target': True, 'verdict': '参加推奨', 'max_combo_prob': 0.0842, 'est_top_odds': 15.8, 'circle_concentration': 69.7, 'eligible_count': 6, 'bet_adj': 2, 'reason': 'rel_win1=60.3%（本命度） / 最有力組み合わせ確率: 0.084（推定実オッズ?16倍） / 2着集中度: 上位2艇 69.7%（補正+0.00） / 総合判定確率: 0.084 / → ヒモ分散。1号艇1着固定で広めのヒモ流し推奨（買い目+2点）', 'tenji_trigger': '展示確認: ヒモ分散レース。1号艇伸び確認後、広めのヒモ流しを採用。穴ヒモ（5・6号艇）を積極的に含める。\n展示で1号艇スタート超安定(0.139秒)→ヒモ固まり方向に注意'}",,,30.5,逃げ狙い,25.53,28.8,2,,,,,,,,,,,
2026-02-06,丸亀,11,6,古川誠之,A2,56.18,6,○,1.888,2.6,34,21.5,0.1671,4.0615,,,0,低,111,0,-,512 55,0,26.1,0.7225,,,,,,0.1491,0.1791,0.1145,,,A,○,,0.2215,0.657,,0.609,S,92,0,◎1着固定 2-3着流し（5〜8点）,0.5777,"{'is_target': True, 'verdict': '参加推奨', 'max_combo_prob': 0.0842, 'est_top_odds': 15.8, 'circle_concentration': 69.7, 'eligible_count': 6, 'bet_adj': 2, 'reason': 'rel_win1=60.3%（本命度） / 最有力組み合わせ確率: 0.084（推定実オッズ?16倍） / 2着集中度: 上位2艇 69.7%（補正+0.00） / 総合判定確率: 0.084 / → ヒモ分散。1号艇1着固定で広めのヒモ流し推奨（買い目+2点）', 'tenji_trigger': '展示確認: ヒモ分散レース。1号艇伸び確認後、広めのヒモ流しを採用。穴ヒモ（5・6号艇）を積極的に含める。\n展示で1号艇スタート超安定(0.139秒)→ヒモ固まり方向に注意'}",,,30.5,逃げ狙い,25.53,28.8,2,,,,,,,,,,,
2026-02-06,丸亀,12,1,松下直也,B1,27.84,1,◎,60.4064,,0,75,0.1788,4.125,,,0,低,177,0,逃1%,331 33,0,75.3,1.1379,0.3333,,,,,0.0286,0.3714,0.2381,△,,D,○,,,0.621,,0.3265,A,67,0,◎-○軸 3着3〜4艇流し（10〜15点）,0.5777,"{'is_target': True, 'verdict': '参加推奨', 'max_combo_prob': 0.0971, 'est_top_odds': 13.7, 'circle_concentration': 68.7, 'eligible_count': 8, 'bet_adj': 2, 'reason': 'rel_win1=60.4%（本命度） / 最有力組み合わせ確率: 0.097（推定実オッズ?14倍） / 2着集中度: 上位2艇 68.7%（補正+0.00） / 総合判定確率: 0.097 / → ヒモ分散。1号艇1着固定で広めのヒモ流し推奨（買い目+2点）', 'tenji_trigger': '展示確認: ヒモ分散レース。1号艇伸び確認後、広めのヒモ流しを採用。穴ヒモ（5・6号艇）を積極的に含める。'}",,,28.4,逃げ狙い,11.68,34.7,4,4-5-6|1-2-4|1-2-3|1-3-4|1-4-2|1-3-2,2-1-3|4-5-6|3-1-5|2-1-6|3-1-6|3-1-2|2-1-5|1-2-4|1-2-3|1-3-4|1-4-2|1-3-2,4-5-6:2.04%|1-2-4:9.54%|1-2-3:6.58%|1-3-4:5.49%|1-4-2:4.19%|1-3-2:4.04%,4-5-6:B_main|1-2-4:A|1-2-3:A|1-3-4:A|1-4-2:A|1-3-2:A,6,12,0.4535,1,[!]見送り推奨（主役決まり手「まくり」― 逃げ劣勢レースで的中実績なし）,荒れ広め,D
2026-02-06,丸亀,12,2,藤堂里香,A2,35.48,2,▲,8.979,48.7,76,61.5,0.1704,3.0577,,,0,低,52,0,-,3 1425,0,81.8,0.8747,0,0.0833,0,0,0,0.2,0.2,0,,○,C,,,0.4064,0.564,,0.3265,A,67,0,◎-○軸 3着3〜4艇流し（10〜15点）,0.5777,"{'is_target': True, 'verdict': '参加推奨', 'max_combo_prob': 0.0971, 'est_top_odds': 13.7, 'circle_concentration': 68.7, 'eligible_count': 8, 'bet_adj': 2, 'reason': 'rel_win1=60.4%（本命度） / 最有力組み合わせ確率: 0.097（推定実オッズ?14倍） / 2着集中度: 上位2艇 68.7%（補正+0.00） / 総合判定確率: 0.097 / → ヒモ分散。1号艇1着固定で広めのヒモ流し推奨（買い目+2点）', 'tenji_trigger': '展示確認: ヒモ分散レース。1号艇伸び確認後、広めのヒモ流しを採用。穴ヒモ（5・6号艇）を積極的に含める。'}",,,28.4,逃げ狙い,11.68,34.7,4,,,,,,,,,,,
2026-02-06,丸亀,12,3,長谷川雅,B1,31.00,3,,12.7829,20,100,57.6,0.1759,3.75,,,0,低,143,0,差ま0%,,0,46.2,1.141,0,0,0,0.0385,0,0.248,0.216,0.048,,,D,△,,0.3324,0.6145,,0.3265,A,67,0,◎-○軸 3着3〜4艇流し（10〜15点）,0.5777,"{'is_target': True, 'verdict': '参加推奨', 'max_combo_prob': 0.0971, 'est_top_odds': 13.7, 'circle_concentration': 68.7, 'eligible_count': 8, 'bet_adj': 2, 'reason': 'rel_win1=60.4%（本命度） / 最有力組み合わせ確率: 0.097（推定実オッズ?14倍） / 2着集中度: 上位2艇 68.7%（補正+0.00） / 総合判定確率: 0.097 / → ヒモ分散。1号艇1着固定で広めのヒモ流し推奨（買い目+2点）', 'tenji_trigger': '展示確認: ヒモ分散レース。1号艇伸び確認後、広めのヒモ流しを採用。穴ヒモ（5・6号艇）を積極的に含める。'}",,,28.4,逃げ狙い,11.68,34.7,4,,,,,,,,,,,
2026-02-06,丸亀,12,4,井上恵一,A2,37.78,4,○,13.2839,18.6,77,54.2,0.1625,3.2458,,,0,低,109,0,-,155454,0,96.9,1.8643,0,0.0345,0.069,0.069,0,0.1462,0.0462,0.3923,,◎,B,◎,◎,0.4182,0.6315,0.4602,0.3265,A,67,0,◎-○軸 3着3〜4艇流し（10〜15点）,0.5777,"{'is_target': True, 'verdict': '参加推奨', 'max_combo_prob': 0.0971, 'est_top_odds': 13.7, 'circle_concentration': 68.7, 'eligible_count': 8, 'bet_adj': 2, 'reason': 'rel_win1=60.4%（本命度） / 最有力組み合わせ確率: 0.097（推定実オッズ?14倍） / 2着集中度: 上位2艇 68.7%（補正+0.00） / 総合判定確率: 0.097 / → ヒモ分散。1号艇1着固定で広めのヒモ流し推奨（買い目+2点）', 'tenji_trigger': '展示確認: ヒモ分散レース。1号艇伸び確認後、広めのヒモ流しを採用。穴ヒモ（5・6号艇）を積極的に含める。'}",,,28.4,逃げ狙い,11.68,34.7,4,,,,,,,,,,,
2026-02-06,丸亀,12,5,蒲原健太,A2,50.00,5,△,2.8704,7.6,61,30.8,0.2323,4.7404,,,0,低,193,0,-,35626,0,29.6,0.8067,,,,,,0.0953,0.3224,0.2271,,,A,,,0.1973,0.54,,0.3265,A,67,0,◎-○軸 3着3〜4艇流し（10〜15点）,0.5777,"{'is_target': True, 'verdict': '参加推奨', 'max_combo_prob': 0.0971, 'est_top_odds': 13.7, 'circle_concentration': 68.7, 'eligible_count': 8, 'bet_adj': 2, 'reason': 'rel_win1=60.4%（本命度） / 最有力組み合わせ確率: 0.097（推定実オッズ?14倍） / 2着集中度: 上位2艇 68.7%（補正+0.00） / 総合判定確率: 0.097 / → ヒモ分散。1号艇1着固定で広めのヒモ流し推奨（買い目+2点）', 'tenji_trigger': '展示確認: ヒモ分散レース。1号艇伸び確認後、広めのヒモ流しを採用。穴ヒモ（5・6号艇）を積極的に含める。'}",,,28.4,逃げ狙い,11.68,34.7,4,,,,,,,,,,,
2026-02-06,丸亀,12,6,廣中智紗,A1,19.28,6,,1.6773,5.1,65,52.6,0.2216,4.6842,,,0,低,82,0,-,56534,0,35.7,1.9428,,,,,,0.0421,0.1632,0.2632,,,E,△,,0.2295,0.5755,,0.3265,A,67,0,◎-○軸 3着3〜4艇流し（10〜15点）,0.5777,"{'is_target': True, 'verdict': '参加推奨', 'max_combo_prob': 0.0971, 'est_top_odds': 13.7, 'circle_concentration': 68.7, 'eligible_count': 8, 'bet_adj': 2, 'reason': 'rel_win1=60.4%（本命度） / 最有力組み合わせ確率: 0.097（推定実オッズ?14倍） / 2着集中度: 上位2艇 68.7%（補正+0.00） / 総合判定確率: 0.097 / → ヒモ分散。1号艇1着固定で広めのヒモ流し推奨（買い目+2点）', 'tenji_trigger': '展示確認: ヒモ分散レース。1号艇伸び確認後、広めのヒモ流しを採用。穴ヒモ（5・6号艇）を積極的に含める。'}",,,28.4,逃げ狙い,11.68,34.7,4,,,,,,,,,,,
2026-02-07,丸亀,1,1,夏山亮平,B1,36.56,1,◎,63.6437,,0,73.3,0.1569,2.9222,,,0,低,92,0,逃1%,6 132,0,82.3,1.0026,0.5882,,,,,0,0.2941,0.0471,◎,,B,△,,,0.5755,,0.5226,A,66,0,◎-○軸 3着3〜4艇流し（10〜15点）,0.5777,"{'is_target': True, 'verdict': '点数絞り', 'max_combo_prob': 0.1107, 'est_top_odds': 12.0, 'circle_concentration': 84.1, 'eligible_count': 8, 'bet_adj': 0, 'reason': 'rel_win1=63.6%（本命度） / 最有力組み合わせ確率: 0.111（推定実オッズ?12倍） / 2着集中度: 上位2艇 84.1%（補正+0.04） / 総合判定確率: 0.151 / → ヒモはやや固め。上位2艇以外を切ること', 'tenji_trigger': '展示確認: 1号艇伸び良→そのまま採用。悪→飛び組に差し替え。circle_pct上位2艇に絞り込むこと。'}",,,26.6,逃げ狙い,10.5,30.5,3,,,,,0,0,0.7559,0,,逃げ軸流し,A
2026-02-07,丸亀,1,2,長谷川雅,B1,31.00,2,▲,11.766,47.6,66,58,0.1716,3.7029,,,0,低,143,0,差0% ま0%,,0,46.3,0.9434,0,0.0741,0.037,0,0,0.248,0.216,0.048,,,C,◎,,0.1675,0.6145,,0.5226,A,66,0,◎-○軸 3着3〜4艇流し（10〜15点）,0.5777,"{'is_target': True, 'verdict': '点数絞り', 'max_combo_prob': 0.1107, 'est_top_odds': 12.0, 'circle_concentration': 84.1, 'eligible_count': 8, 'bet_adj': 0, 'reason': 'rel_win1=63.6%（本命度） / 最有力組み合わせ確率: 0.111（推定実オッズ?12倍） / 2着集中度: 上位2艇 84.1%（補正+0.04） / 総合判定確率: 0.151 / → ヒモはやや固め。上位2艇以外を切ること', 'tenji_trigger': '展示確認: 1号艇伸び良→そのまま採用。悪→飛び組に差し替え。circle_pct上位2艇に絞り込むこと。'}",,,26.6,逃げ狙い,10.5,30.5,3,,,,,,,,,,,
2026-02-07,丸亀,1,3,深川和仁,B1,23.38,3,△,11.4381,36.4,70,58,0.184,3.99,,,0,低,130,0,差ま0%,13454,0,48.2,1.0813,0,0,0.0476,0.1429,0,0.2,0.0167,0.05,,,E,○,,0.1767,0.606,,0.5226,A,66,0,◎-○軸 3着3〜4艇流し（10〜15点）,0.5777,"{'is_target': True, 'verdict': '点数絞り', 'max_combo_prob': 0.1107, 'est_top_odds': 12.0, 'circle_concentration': 84.1, 'eligible_count': 8, 'bet_adj': 0, 'reason': 'rel_win1=63.6%（本命度） / 最有力組み合わせ確率: 0.111（推定実オッズ?12倍） / 2着集中度: 上位2艇 84.1%（補正+0.04） / 総合判定確率: 0.151 / → ヒモはやや固め。上位2艇以外を切ること', 'tenji_trigger': '展示確認: 1号艇伸び良→そのまま採用。悪→飛び組に差し替え。circle_pct上位2艇に絞り込むこと。'}",,,26.6,逃げ狙い,10.5,30.5,3,,,,,,,,,,,
2026-02-07,丸亀,1,4,海老澤泰,B1,29.59,4,,7.6913,7.5,100,33.3,0.1843,3.7647,,,0,低,128,0,-,1 335,0,19.6,0.5679,0,0,0,0.05,0,0.2354,0.08,0.3531,,,D,△,,0.1764,0.6055,,0.5226,A,66,0,◎-○軸 3着3〜4艇流し（10〜15点）,0.5777,"{'is_target': True, 'verdict': '点数絞り', 'max_combo_prob': 0.1107, 'est_top_odds': 12.0, 'circle_concentration': 84.1, 'eligible_count': 8, 'bet_adj': 0, 'reason': 'rel_win1=63.6%（本命度） / 最有力組み合わせ確率: 0.111（推定実オッズ?12倍） / 2着集中度: 上位2艇 84.1%（補正+0.04） / 総合判定確率: 0.151 / → ヒモはやや固め。上位2艇以外を切ること', 'tenji_trigger': '展示確認: 1号艇伸び良→そのまま採用。悪→飛び組に差し替え。circle_pct上位2艇に絞り込むこと。'}",,,26.6,逃げ狙い,10.5,30.5,3,,,,,,,,,,,
2026-02-07,丸亀,1,5,鐘ヶ江真,B1,42.86,5,○,4.2557,8.1,87,27.3,0.1609,3.3182,,,0,低,54,0,-,424 54,0,43.6,0.8029,,,,,,,,,,,A,,,0.3006,0.513,,0.5226,A,66,0,◎-○軸 3着3〜4艇流し（10〜15点）,0.5777,"{'is_target': True, 'verdict': '点数絞り', 'max_combo_prob': 0.1107, 'est_top_odds': 12.0, 'circle_concentration': 84.1, 'eligible_count': 8, 'bet_adj': 0, 'reason': 'rel_win1=63.6%（本命度） / 最有力組み合わせ確率: 0.111（推定実オッズ?12倍） / 2着集中度: 上位2艇 84.1%（補正+0.04） / 総合判定確率: 0.151 / → ヒモはやや固め。上位2艇以外を切ること', 'tenji_trigger': '展示確認: 1号艇伸び良→そのまま採用。悪→飛び組に差し替え。circle_pct上位2艇に絞り込むこと。'}",,,26.6,逃げ狙い,10.5,30.5,3,,,,,,,,,,,
2026-02-07,丸亀,1,6,甲斐貴大,B2,30.43,6,,1.2053,0.3,17,0,0.2052,3.9022,,,0,低,25,0,-,6 666,0,21.6,0.5819,,,,,,,,,,,D,,,0.1563,0.3645,,0.5226,A,66,0,◎-○軸 3着3〜4艇流し（10〜15点）,0.5777,"{'is_target': True, 'verdict': '点数絞り', 'max_combo_prob': 0.1107, 'est_top_odds': 12.0, 'circle_concentration': 84.1, 'eligible_count': 8, 'bet_adj': 0, 'reason': 'rel_win1=63.6%（本命度） / 最有力組み合わせ確率: 0.111（推定実オッズ?12倍） / 2着集中度: 上位2艇 84.1%（補正+0.04） / 総合判定確率: 0.151 / → ヒモはやや固め。上位2艇以外を切ること', 'tenji_trigger': '展示確認: 1号艇伸び良→そのまま採用。悪→飛び組に差し替え。circle_pct上位2艇に絞り込むこと。'}",,,26.6,逃げ狙い,10.5,30.5,3,,,,,,,,,,,
2026-02-07,丸亀,2,1,大崎　翔,B1,44.09,1,◎,50.424,,0,85.1,0.1389,2.6383,,,0,低,117,0,逃0%,2 2411,0,85.6,1.0732,0.4091,,,,,0.3127,0.0727,0.1745,◎,,A,◎,,,0.643,,0.4596,A,74,0,◎-○軸 3着3〜4艇流し（10〜15点）,0.5777,"{'is_target': True, 'verdict': '点数絞り', 'max_combo_prob': 0.0835, 'est_top_odds': 16.0, 'circle_concentration': 70.1, 'eligible_count': 8, 'bet_adj': 0, 'reason': 'rel_win1=50.4%（本命度） / 最有力組み合わせ確率: 0.084（推定実オッズ?16倍） / 2着集中度: 上位2艇 70.1%（補正+0.04） / 総合判定確率: 0.124 / → ヒモはやや固め。上位2艇以外を切ること', 'tenji_trigger': '展示確認: 1号艇伸び良→そのまま採用。悪→飛び組に差し替え。circle_pct上位2艇に絞り込むこと。\n展示で1号艇スタート超安定(0.139秒)→ヒモ固まり方向に注意'}",,,29.2,逃げ狙い,14.4,34.7,2,,,,,0,0,0.7559,0,,逃げ軸流し,A
2026-02-07,丸亀,2,2,佐々木翔,A2,20.73,2,,15.3605,48.7,98,66,0.1509,3.1915,,,0,低,101,0,差0% ま0%,2 4631,0,52.6,1.0964,0,0.0952,0.1429,0,0,0.0387,0.1373,0.1502,,,E,,,0.2544,0.5985,,0.4596,A,74,0,◎-○軸 3着3〜4艇流し（10〜15点）,0.5777,"{'is_target': True, 'verdict': '点数絞り', 'max_combo_prob': 0.0835, 'est_top_odds': 16.0, 'circle_concentration': 70.1, 'eligible_count': 8, 'bet_adj': 0, 'reason': 'rel_win1=50.4%（本命度） / 最有力組み合わせ確率: 0.084（推定実オッズ?16倍） / 2着集中度: 上位2艇 70.1%（補正+0.04） / 総合判定確率: 0.124 / → ヒモはやや固め。上位2艇以外を切ること', 'tenji_trigger': '展示確認: 1号艇伸び良→そのまま採用。悪→飛び組に差し替え。circle_pct上位2艇に絞り込むこと。\n展示で1号艇スタート超安定(0.139秒)→ヒモ固まり方向に注意'}",,,29.2,逃げ狙い,14.4,34.7,2,,,,,,,,,,,
2026-02-07,丸亀,2,3,井上恵一,A2,37.78,3,○,15.7421,21.4,100,52.5,0.1785,3.9237,,,0,低,109,0,ま0% 抜0%,155454,0,61.1,1.1763,0,0,0.1034,0,0.0345,0.1462,0.0462,0.3923,,,B,○,,0.1482,0.6315,,0.4596,A,74,0,◎-○軸 3着3〜4艇流し（10〜15点）,0.5777,"{'is_target': True, 'verdict': '点数絞り', 'max_combo_prob': 0.0835, 'est_top_odds': 16.0, 'circle_concentration': 70.1, 'eligible_count': 8, 'bet_adj': 0, 'reason': 'rel_win1=50.4%（本命度） / 最有力組み合わせ確率: 0.084（推定実オッズ?16倍） / 2着集中度: 上位2艇 70.1%（補正+0.04） / 総合判定確率: 0.124 / → ヒモはやや固め。上位2艇以外を切ること', 'tenji_trigger': '展示確認: 1号艇伸び良→そのまま採用。悪→飛び組に差し替え。circle_pct上位2艇に絞り込むこと。\n展示で1号艇スタート超安定(0.139秒)→ヒモ固まり方向に注意'}",,,29.2,逃げ狙い,14.4,34.7,2,,,,,,,,,,,
2026-02-07,丸亀,2,4,松下直也,B1,27.84,4,△,9.8991,13.6,73,51.3,0.1663,3.6776,,,0,低,177,0,ま0% 差ま0%,331 33,0,56.6,1.1196,0,0,0.0294,0.0294,0,0.0286,0.3714,0.2381,,,C,△,◎,0.187,0.621,0.1173,0.4596,A,74,0,◎-○軸 3着3〜4艇流し（10〜15点）,0.5777,"{'is_target': True, 'verdict': '点数絞り', 'max_combo_prob': 0.0835, 'est_top_odds': 16.0, 'circle_concentration': 70.1, 'eligible_count': 8, 'bet_adj': 0, 'reason': 'rel_win1=50.4%（本命度） / 最有力組み合わせ確率: 0.084（推定実オッズ?16倍） / 2着集中度: 上位2艇 70.1%（補正+0.04） / 総合判定確率: 0.124 / → ヒモはやや固め。上位2艇以外を切ること', 'tenji_trigger': '展示確認: 1号艇伸び良→そのまま採用。悪→飛び組に差し替え。circle_pct上位2艇に絞り込むこと。\n展示で1号艇スタート超安定(0.139秒)→ヒモ固まり方向に注意'}",,,29.2,逃げ狙い,14.4,34.7,2,,,,,,,,,,,
2026-02-07,丸亀,2,5,宮本琉正,B2,27.84,5,▲,6.0286,12.4,61,14.3,0.11,1.7143,,,0,低,33,1,-,536 66,0,27.4,0.751,,,,,,,,,,◎,C,,,0.4165,0.504,,0.4596,A,74,0,◎-○軸 3着3〜4艇流し（10〜15点）,0.5777,"{'is_target': True, 'verdict': '点数絞り', 'max_combo_prob': 0.0835, 'est_top_odds': 16.0, 'circle_concentration': 70.1, 'eligible_count': 8, 'bet_adj': 0, 'reason': 'rel_win1=50.4%（本命度） / 最有力組み合わせ確率: 0.084（推定実オッズ?16倍） / 2着集中度: 上位2艇 70.1%（補正+0.04） / 総合判定確率: 0.124 / → ヒモはやや固め。上位2艇以外を切ること', 'tenji_trigger': '展示確認: 1号艇伸び良→そのまま採用。悪→飛び組に差し替え。circle_pct上位2艇に絞り込むこと。\n展示で1号艇スタート超安定(0.139秒)→ヒモ固まり方向に注意'}",,,29.2,逃げ狙い,14.4,34.7,2,,,,,,,,,,,
2026-02-07,丸亀,2,6,片岡大地,B1,27.27,6,,2.5458,3.9,60,30.9,0.1326,2.4762,,,0,低,64,0,-,245 33,0,46.3,1.2417,,,,,,0.0267,0.2567,0.0267,,,D,△,,0.3409,0.6305,,0.4596,A,74,0,◎-○軸 3着3〜4艇流し（10〜15点）,0.5777,"{'is_target': True, 'verdict': '点数絞り', 'max_combo_prob': 0.0835, 'est_top_odds': 16.0, 'circle_concentration': 70.1, 'eligible_count': 8, 'bet_adj': 0, 'reason': 'rel_win1=50.4%（本命度） / 最有力組み合わせ確率: 0.084（推定実オッズ?16倍） / 2着集中度: 上位2艇 70.1%（補正+0.04） / 総合判定確率: 0.124 / → ヒモはやや固め。上位2艇以外を切ること', 'tenji_trigger': '展示確認: 1号艇伸び良→そのまま採用。悪→飛び組に差し替え。circle_pct上位2艇に絞り込むこと。\n展示で1号艇スタート超安定(0.139秒)→ヒモ固まり方向に注意'}",,,29.2,逃げ狙い,14.4,34.7,2,,,,,,,,,,,
2026-02-07,丸亀,3,1,山下夏鈴,B1,48.91,1,◎,58.9692,,0,64.5,0.1632,3.3387,,,0,低,64,0,逃1%,2 2115,0,77.5,0.8937,0.6667,,,,,0,0.0267,0.2,◎,,A,◎,,,0.616,,0.4553,A,61,0,◎-○軸 3着3〜4艇流し（10〜15点）,0.5777,"{'is_target': True, 'verdict': '参加推奨', 'max_combo_prob': 0.0929, 'est_top_odds': 14.4, 'circle_concentration': 68.8, 'eligible_count': 8, 'bet_adj': 2, 'reason': 'rel_win1=59.0%（本命度） / 最有力組み合わせ確率: 0.093（推定実オッズ?14倍） / 2着集中度: 上位2艇 68.8%（補正+0.00） / 総合判定確率: 0.093 / → ヒモ分散。1号艇1着固定で広めのヒモ流し推奨（買い目+2点）', 'tenji_trigger': '展示確認: ヒモ分散レース。1号艇伸び確認後、広めのヒモ流しを採用。穴ヒモ（5・6号艇）を積極的に含める。'}",,,25.9,両建て推奨,13.67,25.7,2,,,,,0,0,0.7559,0,,逃げ軸流し,A
2026-02-07,丸亀,3,2,本部めぐ,B1,37.63,2,○,15.93,32.9,100,33.3,0.2056,4.3056,,,0,低,54,0,-,6 561S,0,47.2,0.6481,,,,,,0.3,0.1,0.2,,,B,△,,0.0775,0.5645,,0.4553,A,61,0,◎-○軸 3着3〜4艇流し（10〜15点）,0.5777,"{'is_target': True, 'verdict': '参加推奨', 'max_combo_prob': 0.0929, 'est_top_odds': 14.4, 'circle_concentration': 68.8, 'eligible_count': 8, 'bet_adj': 2, 'reason': 'rel_win1=59.0%（本命度） / 最有力組み合わせ確率: 0.093（推定実オッズ?14倍） / 2着集中度: 上位2艇 68.8%（補正+0.00） / 総合判定確率: 0.093 / → ヒモ分散。1号艇1着固定で広めのヒモ流し推奨（買い目+2点）', 'tenji_trigger': '展示確認: ヒモ分散レース。1号艇伸び確認後、広めのヒモ流しを採用。穴ヒモ（5・6号艇）を積極的に含める。'}",,,25.9,両建て推奨,13.67,25.7,2,,,,,,,,,,,
2026-02-07,丸亀,3,3,廣中智紗,A1,19.28,3,,12.3407,35.9,75,59.1,0.1959,4.1136,,,0,低,82,0,ま0%,56534,0,57.8,1.141,0,0,0.0833,0,0,0.0421,0.1632,0.2632,,,E,○,,0.129,0.5755,,0.4553,A,61,0,◎-○軸 3着3〜4艇流し（10〜15点）,0.5777,"{'is_target': True, 'verdict': '参加推奨', 'max_combo_prob': 0.0929, 'est_top_odds': 14.4, 'circle_concentration': 68.8, 'eligible_count': 8, 'bet_adj': 2, 'reason': 'rel_win1=59.0%（本命度） / 最有力組み合わせ確率: 0.093（推定実オッズ?14倍） / 2着集中度: 上位2艇 68.8%（補正+0.00） / 総合判定確率: 0.093 / → ヒモ分散。1号艇1着固定で広めのヒモ流し推奨（買い目+2点）', 'tenji_trigger': '展示確認: ヒモ分散レース。1号艇伸び確認後、広めのヒモ流しを採用。穴ヒモ（5・6号艇）を積極的に含める。'}",,,25.9,両建て推奨,13.67,25.7,2,,,,,,,,,,,
2026-02-07,丸亀,3,4,三嶌ここ,B1,31.00,4,△,4.8922,19.2,42,10,0.224,4.8,,,0,低,114,0,-,,0,13.3,0.5555,,,,,,0.0571,0.0571,0.3143,,,C,△,,0.1372,0.553,,0.4553,A,61,0,◎-○軸 3着3〜4艇流し（10〜15点）,0.5777,"{'is_target': True, 'verdict': '参加推奨', 'max_combo_prob': 0.0929, 'est_top_odds': 14.4, 'circle_concentration': 68.8, 'eligible_count': 8, 'bet_adj': 2, 'reason': 'rel_win1=59.0%（本命度） / 最有力組み合わせ確率: 0.093（推定実オッズ?14倍） / 2着集中度: 上位2艇 68.8%（補正+0.00） / 総合判定確率: 0.093 / → ヒモ分散。1号艇1着固定で広めのヒモ流し推奨（買い目+2点）', 'tenji_trigger': '展示確認: ヒモ分散レース。1号艇伸び確認後、広めのヒモ流しを採用。穴ヒモ（5・6号艇）を積極的に含める。'}",,,25.9,両建て推奨,13.67,25.7,2,,,,,,,,,,,
2026-02-07,丸亀,3,5,戸田海咲,B2,24.68,5,,6.7058,9.3,50,0,0.1882,4.3636,,,0,低,45,1,-,6 6566,0,24.6,0.7536,,,,,,,,,,,D,,,0.2304,0.4965,,0.4553,A,61,0,◎-○軸 3着3〜4艇流し（10〜15点）,0.5777,"{'is_target': True, 'verdict': '参加推奨', 'max_combo_prob': 0.0929, 'est_top_odds': 14.4, 'circle_concentration': 68.8, 'eligible_count': 8, 'bet_adj': 2, 'reason': 'rel_win1=59.0%（本命度） / 最有力組み合わせ確率: 0.093（推定実オッズ?14倍） / 2着集中度: 上位2艇 68.8%（補正+0.00） / 総合判定確率: 0.093 / → ヒモ分散。1号艇1着固定で広めのヒモ流し推奨（買い目+2点）', 'tenji_trigger': '展示確認: ヒモ分散レース。1号艇伸び確認後、広めのヒモ流しを採用。穴ヒモ（5・6号艇）を積極的に含める。'}",,,25.9,両建て推奨,13.67,25.7,2,,,,,,,,,,,
2026-02-07,丸亀,3,6,沼田七華,B2,26.80,6,▲,1.1621,2.7,36,2.9,0.1459,3.5,,,0,低,44,0,-,4 5 65,0,48.6,0.7867,,,,,,0.4,0.6,0,,,D,,,0.365,0.4395,,0.4553,A,61,0,◎-○軸 3着3〜4艇流し（10〜15点）,0.5777,"{'is_target': True, 'verdict': '参加推奨', 'max_combo_prob': 0.0929, 'est_top_odds': 14.4, 'circle_concentration': 68.8, 'eligible_count': 8, 'bet_adj': 2, 'reason': 'rel_win1=59.0%（本命度） / 最有力組み合わせ確率: 0.093（推定実オッズ?14倍） / 2着集中度: 上位2艇 68.8%（補正+0.00） / 総合判定確率: 0.093 / → ヒモ分散。1号艇1着固定で広めのヒモ流し推奨（買い目+2点）', 'tenji_trigger': '展示確認: ヒモ分散レース。1号艇伸び確認後、広めのヒモ流しを採用。穴ヒモ（5・6号艇）を積極的に含める。'}",,,25.9,両建て推奨,13.67,25.7,2,,,,,,,,,,,
2026-02-07,丸亀,4,1,滝沢芳行,B1,41.67,1,◎,51.0193,,0,78.5,0.1569,3.1231,,,0,低,85,0,逃0%,3 212,0,74.4,1.0075,0.36,,,,,0.18,0.18,0.064,○,,B,◎,,,0.628,,0.4088,A,69,0,◎-○軸 3着3〜4艇流し（10〜15点）,0.5777,"{'is_target': True, 'verdict': '参加推奨', 'max_combo_prob': 0.0532, 'est_top_odds': 25.1, 'circle_concentration': 58.5, 'eligible_count': 8, 'bet_adj': 2, 'reason': 'rel_win1=51.0%（本命度） / 最有力組み合わせ確率: 0.053（推定実オッズ?25倍） / 2着集中度: 上位2艇 58.5%（補正+0.00） / 総合判定確率: 0.053 / → ヒモ分散。1号艇1着固定で広めのヒモ流し推奨（買い目+2点）', 'tenji_trigger': '展示確認: ヒモ分散レース。1号艇伸び確認後、広めのヒモ流しを採用。穴ヒモ（5・6号艇）を積極的に含める。'}",,,30.5,逃げ狙い,20.61,32.9,2,,,,,0,0,0.6155,0,,逃げ軸流し,A
2026-02-07,丸亀,4,2,竹田広樹,B1,26.37,2,,14.8208,27.7,68,34.4,0.1844,4.4098,,,0,低,177,0,-,364 45,0,50.8,0.6505,,,,,,0.0526,0.1579,0.3158,,,D,△,,0.1045,0.6185,,0.4088,A,69,0,◎-○軸 3着3〜4艇流し（10〜15点）,0.5777,"{'is_target': True, 'verdict': '参加推奨', 'max_combo_prob': 0.0532, 'est_top_odds': 25.1, 'circle_concentration': 58.5, 'eligible_count': 8, 'bet_adj': 2, 'reason': 'rel_win1=51.0%（本命度） / 最有力組み合わせ確率: 0.053（推定実オッズ?25倍） / 2着集中度: 上位2艇 58.5%（補正+0.00） / 総合判定確率: 0.053 / → ヒモ分散。1号艇1着固定で広めのヒモ流し推奨（買い目+2点）', 'tenji_trigger': '展示確認: ヒモ分散レース。1号艇伸び確認後、広めのヒモ流しを採用。穴ヒモ（5・6号艇）を積極的に含める。'}",,,30.5,逃げ狙い,20.61,32.9,2,,,,,,,,,,,
2026-02-07,丸亀,4,3,川崎公靖,B1,23.17,3,,13.8672,30.8,100,51.6,0.1467,2.6406,,,0,低,102,0,-,56354,0,88.8,1.7204,0,0.037,0.037,0.0741,0,0.1053,0.0421,0.5053,,◎,E,○,,0.3699,0.6275,,0.4088,A,69,0,◎-○軸 3着3〜4艇流し（10〜15点）,0.5777,"{'is_target': True, 'verdict': '参加推奨', 'max_combo_prob': 0.0532, 'est_top_odds': 25.1, 'circle_concentration': 58.5, 'eligible_count': 8, 'bet_adj': 2, 'reason': 'rel_win1=51.0%（本命度） / 最有力組み合わせ確率: 0.053（推定実オッズ?25倍） / 2着集中度: 上位2艇 58.5%（補正+0.00） / 総合判定確率: 0.053 / → ヒモ分散。1号艇1着固定で広めのヒモ流し推奨（買い目+2点）', 'tenji_trigger': '展示確認: ヒモ分散レース。1号艇伸び確認後、広めのヒモ流しを採用。穴ヒモ（5・6号艇）を積極的に含める。'}",,,30.5,逃げ狙い,20.61,32.9,2,,,,,,,,,,,
2026-02-07,丸亀,4,4,藤堂里香,A2,35.48,4,○,10.8802,27,54,41.9,0.1629,3.8871,,,0,低,52,0,差0%,3 1425,0,54.4,1.0279,0,0.0667,0,0,0,0.2,0.2,0,,,C,,,0.2906,0.564,,0.4088,A,69,0,◎-○軸 3着3〜4艇流し（10〜15点）,0.5777,"{'is_target': True, 'verdict': '参加推奨', 'max_combo_prob': 0.0532, 'est_top_odds': 25.1, 'circle_concentration': 58.5, 'eligible_count': 8, 'bet_adj': 2, 'reason': 'rel_win1=51.0%（本命度） / 最有力組み合わせ確率: 0.053（推定実オッズ?25倍） / 2着集中度: 上位2艇 58.5%（補正+0.00） / 総合判定確率: 0.053 / → ヒモ分散。1号艇1着固定で広めのヒモ流し推奨（買い目+2点）', 'tenji_trigger': '展示確認: ヒモ分散レース。1号艇伸び確認後、広めのヒモ流しを採用。穴ヒモ（5・6号艇）を積極的に含める。'}",,,30.5,逃げ狙い,20.61,32.9,2,,,,,,,,,,,
2026-02-07,丸亀,4,5,山田佑樹,B1,34.07,5,△,8.1126,11,84,40.9,0.1577,3.3258,,,0,低,110,0,-,6 436,0,25.7,0.9502,,,,,,0.0842,0,0.2253,,,C,△,,0.3376,0.6115,,0.4088,A,69,0,◎-○軸 3着3〜4艇流し（10〜15点）,0.5777,"{'is_target': True, 'verdict': '参加推奨', 'max_combo_prob': 0.0532, 'est_top_odds': 25.1, 'circle_concentration': 58.5, 'eligible_count': 8, 'bet_adj': 2, 'reason': 'rel_win1=51.0%（本命度） / 最有力組み合わせ確率: 0.053（推定実オッズ?25倍） / 2着集中度: 上位2艇 58.5%（補正+0.00） / 総合判定確率: 0.053 / → ヒモ分散。1号艇1着固定で広めのヒモ流し推奨（買い目+2点）', 'tenji_trigger': '展示確認: ヒモ分散レース。1号艇伸び確認後、広めのヒモ流しを採用。穴ヒモ（5・6号艇）を積極的に含める。'}",,,30.5,逃げ狙い,20.61,32.9,2,,,,,,,,,,,
2026-02-07,丸亀,4,6,蒲原健太,A2,50.00,6,▲,1.3,3.5,42,12.8,0.2392,5.2564,,,0,低,193,0,-,35626,0,25.7,0.8044,,,,,,0.0953,0.3224,0.2271,,,A,,,0.162,0.54,,0.4088,A,69,0,◎-○軸 3着3〜4艇流し（10〜15点）,0.5777,"{'is_target': True, 'verdict': '参加推奨', 'max_combo_prob': 0.0532, 'est_top_odds': 25.1, 'circle_concentration': 58.5, 'eligible_count': 8, 'bet_adj': 2, 'reason': 'rel_win1=51.0%（本命度） / 最有力組み合わせ確率: 0.053（推定実オッズ?25倍） / 2着集中度: 上位2艇 58.5%（補正+0.00） / 総合判定確率: 0.053 / → ヒモ分散。1号艇1着固定で広めのヒモ流し推奨（買い目+2点）', 'tenji_trigger': '展示確認: ヒモ分散レース。1号艇伸び確認後、広めのヒモ流しを採用。穴ヒモ（5・6号艇）を積極的に含める。'}",,,30.5,逃げ狙い,20.61,32.9,2,,,,,,,,,,,
2026-02-07,丸亀,5,1,鈴木　博,A2,38.14,1,◎,62.7281,,0,95.1,0.1478,2.7222,,,0,低,120,0,逃1% 抜0%,234 13,0,84.1,1.0368,0.775,,,,,0.05,0.11,0.02,◎,,A,◎,,,0.6475,,0.5727,S,94,0,◎1着固定 2-3着流し（5〜8点）,0.5777,"{'is_target': True, 'verdict': '参加推奨', 'max_combo_prob': 0.1009, 'est_top_odds': 13.2, 'circle_concentration': 67.2, 'eligible_count': 6, 'bet_adj': 2, 'reason': 'rel_win1=62.7%（本命度） / 最有力組み合わせ確率: 0.101（推定実オッズ?13倍） / 2着集中度: 上位2艇 67.2%（補正+0.00） / 総合判定確率: 0.101 / → ヒモ分散。1号艇1着固定で広めのヒモ流し推奨（買い目+2点）', 'tenji_trigger': '展示確認: ヒモ分散レース。1号艇伸び確認後、広めのヒモ流しを採用。穴ヒモ（5・6号艇）を積極的に含める。'}",,,26.8,逃げ狙い,16.94,25.6,3,,,,,0,0,0.7559,0,,逃げ軸流し,A
2026-02-07,丸亀,5,2,田中京介,A2,28.87,2,○,11.5291,47.4,96,71.2,0.1309,2.5227,,,0,低,91,0,-,125 42,0,71.5,0.8834,0,0.0606,0.0303,0,0,0.0235,0.1471,0.3353,,◎,C,○,,0.4804,0.6375,,0.5727,S,94,0,◎1着固定 2-3着流し（5〜8点）,0.5777,"{'is_target': True, 'verdict': '参加推奨', 'max_combo_prob': 0.1009, 'est_top_odds': 13.2, 'circle_concentration': 67.2, 'eligible_count': 6, 'bet_adj': 2, 'reason': 'rel_win1=62.7%（本命度） / 最有力組み合わせ確率: 0.101（推定実オッズ?13倍） / 2着集中度: 上位2艇 67.2%（補正+0.00） / 総合判定確率: 0.101 / → ヒモ分散。1号艇1着固定で広めのヒモ流し推奨（買い目+2点）', 'tenji_trigger': '展示確認: ヒモ分散レース。1号艇伸び確認後、広めのヒモ流しを採用。穴ヒモ（5・6号艇）を積極的に含める。'}",,,26.8,逃げ狙い,16.94,25.6,3,,,,,,,,,,,
2026-02-07,丸亀,5,3,繁野谷圭,A2,24.73,3,,9.165,17.8,100,53,0.1864,4.053,,,0,低,180,0,-,515436,0,75.8,1.5329,,,,,,0.0108,0.0432,0.2232,,,D,△,,0.1377,0.6095,,0.5727,S,94,0,◎1着固定 2-3着流し（5〜8点）,0.5777,"{'is_target': True, 'verdict': '参加推奨', 'max_combo_prob': 0.1009, 'est_top_odds': 13.2, 'circle_concentration': 67.2, 'eligible_count': 6, 'bet_adj': 2, 'reason': 'rel_win1=62.7%（本命度） / 最有力組み合わせ確率: 0.101（推定実オッズ?13倍） / 2着集中度: 上位2艇 67.2%（補正+0.00） / 総合判定確率: 0.101 / → ヒモ分散。1号艇1着固定で広めのヒモ流し推奨（買い目+2点）', 'tenji_trigger': '展示確認: ヒモ分散レース。1号艇伸び確認後、広めのヒモ流しを採用。穴ヒモ（5・6号艇）を積極的に含める。'}",,,26.8,逃げ狙い,16.94,25.6,3,,,,,,,,,,,
2026-02-07,丸亀,5,4,尾崎雄二,B1,26.19,4,△,6.9751,19.9,89,49.2,0.1669,3.5902,,,0,低,133,0,-,451 42,0,66.4,1.1866,0,0.0345,0,0,0,0.1667,0.1667,0.0556,,,D,△,,0.2033,0.6365,,0.5727,S,94,0,◎1着固定 2-3着流し（5〜8点）,0.5777,"{'is_target': True, 'verdict': '参加推奨', 'max_combo_prob': 0.1009, 'est_top_odds': 13.2, 'circle_concentration': 67.2, 'eligible_count': 6, 'bet_adj': 2, 'reason': 'rel_win1=62.7%（本命度） / 最有力組み合わせ確率: 0.101（推定実オッズ?13倍） / 2着集中度: 上位2艇 67.2%（補正+0.00） / 総合判定確率: 0.101 / → ヒモ分散。1号艇1着固定で広めのヒモ流し推奨（買い目+2点）', 'tenji_trigger': '展示確認: ヒモ分散レース。1号艇伸び確認後、広めのヒモ流しを採用。穴ヒモ（5・6号艇）を積極的に含める。'}",,,26.8,逃げ狙い,16.94,25.6,3,,,,,,,,,,,
2026-02-07,丸亀,5,5,新井英孝,B1,22.22,5,,7.3221,8.8,64,38.9,0.1563,3.1667,,,0,低,85,0,ま0%,1 254,0,38.4,1.235,0,0,0.1034,0,0,0.1833,0.0333,0.0667,,,E,,,0.2811,0.6085,,0.5727,S,94,0,◎1着固定 2-3着流し（5〜8点）,0.5777,"{'is_target': True, 'verdict': '参加推奨', 'max_combo_prob': 0.1009, 'est_top_odds': 13.2, 'circle_concentration': 67.2, 'eligible_count': 6, 'bet_adj': 2, 'reason': 'rel_win1=62.7%（本命度） / 最有力組み合わせ確率: 0.101（推定実オッズ?13倍） / 2着集中度: 上位2艇 67.2%（補正+0.00） / 総合判定確率: 0.101 / → ヒモ分散。1号艇1着固定で広めのヒモ流し推奨（買い目+2点）', 'tenji_trigger': '展示確認: ヒモ分散レース。1号艇伸び確認後、広めのヒモ流しを採用。穴ヒモ（5・6号艇）を積極的に含める。'}",,,26.8,逃げ狙い,16.94,25.6,3,,,,,,,,,,,
2026-02-07,丸亀,5,6,海老澤泰,B1,29.59,6,▲,2.2806,6.3,41,19.6,0.1702,3.7391,,,0,低,128,0,-,1 335,0,30,0.6819,,,,,,0.2354,0.08,0.3531,,,C,,,0.2395,0.6055,,0.5727,S,94,0,◎1着固定 2-3着流し（5〜8点）,0.5777,"{'is_target': True, 'verdict': '参加推奨', 'max_combo_prob': 0.1009, 'est_top_odds': 13.2, 'circle_concentration': 67.2, 'eligible_count': 6, 'bet_adj': 2, 'reason': 'rel_win1=62.7%（本命度） / 最有力組み合わせ確率: 0.101（推定実オッズ?13倍） / 2着集中度: 上位2艇 67.2%（補正+0.00） / 総合判定確率: 0.101 / → ヒモ分散。1号艇1着固定で広めのヒモ流し推奨（買い目+2点）', 'tenji_trigger': '展示確認: ヒモ分散レース。1号艇伸び確認後、広めのヒモ流しを採用。穴ヒモ（5・6号艇）を積極的に含める。'}",,,26.8,逃げ狙い,16.94,25.6,3,,,,,,,,,,,
2026-02-07,丸亀,6,1,古川誠之,A2,56.18,1,◎,58.1749,,0,84.6,0.1389,2.7637,,,0,低,111,0,逃1%,512 55,0,75.1,1.1162,0.55,,,,,0.1491,0.1791,0.1145,◎,,A,◎,,,0.657,,0.5483,S,80,0,◎1着固定 2-3着流し（5〜8点）,0.5777,"{'is_target': True, 'verdict': '点数絞り', 'max_combo_prob': 0.1098, 'est_top_odds': 12.1, 'circle_concentration': 80.5, 'eligible_count': 6, 'bet_adj': 0, 'reason': 'rel_win1=58.2%（本命度） / 最有力組み合わせ確率: 0.110（推定実オッズ?12倍） / 2着集中度: 上位2艇 80.5%（補正+0.04） / 総合判定確率: 0.150 / → ヒモはやや固め。上位2艇以外を切ること', 'tenji_trigger': '展示確認: 1号艇伸び良→そのまま採用。悪→飛び組に差し替え。circle_pct上位2艇に絞り込むこと。\n展示で1号艇スタート超安定(0.139秒)→ヒモ固まり方向に注意'}",,,28.7,逃げ狙い,16.76,31.3,2,,,,,0,0,0.7559,0,,逃げ軸流し,A
2026-02-07,丸亀,6,2,吉田一郎,A2,44.68,2,○,14.8827,52.7,100,72.4,0.1545,2.6983,,,0,低,66,0,-,1S3612,0,74,0.6948,0,0.0357,0.1071,0,0.0357,0.1221,0.0316,0.1326,,,B,△,,0.1823,0.6245,,0.5483,S,80,0,◎1着固定 2-3着流し（5〜8点）,0.5777,"{'is_target': True, 'verdict': '点数絞り', 'max_combo_prob': 0.1098, 'est_top_odds': 12.1, 'circle_concentration': 80.5, 'eligible_count': 6, 'bet_adj': 0, 'reason': 'rel_win1=58.2%（本命度） / 最有力組み合わせ確率: 0.110（推定実オッズ?12倍） / 2着集中度: 上位2艇 80.5%（補正+0.04） / 総合判定確率: 0.150 / → ヒモはやや固め。上位2艇以外を切ること', 'tenji_trigger': '展示確認: 1号艇伸び良→そのまま採用。悪→飛び組に差し替え。circle_pct上位2艇に絞り込むこと。\n展示で1号艇スタート超安定(0.139秒)→ヒモ固まり方向に注意'}",,,28.7,逃げ狙い,16.76,31.3,2,,,,,,,,,,,
2026-02-07,丸亀,6,3,片岡大地,B1,27.27,3,△,11.2992,27.8,63,54.2,0.1293,2.6017,,,0,低,64,0,-,245 33,0,74.4,1.6519,0,0,0.0455,0.0909,0,0.0267,0.2567,0.0267,,◎,D,○,,0.3715,0.6305,,0.5483,S,80,0,◎1着固定 2-3着流し（5〜8点）,0.5777,"{'is_target': True, 'verdict': '点数絞り', 'max_combo_prob': 0.1098, 'est_top_odds': 12.1, 'circle_concentration': 80.5, 'eligible_count': 6, 'bet_adj': 0, 'reason': 'rel_win1=58.2%（本命度） / 最有力組み合わせ確率: 0.110（推定実オッズ?12倍） / 2着集中度: 上位2艇 80.5%（補正+0.04） / 総合判定確率: 0.150 / → ヒモはやや固め。上位2艇以外を切ること', 'tenji_trigger': '展示確認: 1号艇伸び良→そのまま採用。悪→飛び組に差し替え。circle_pct上位2艇に絞り込むこと。\n展示で1号艇スタート超安定(0.139秒)→ヒモ固まり方向に注意'}",,,28.7,逃げ狙い,16.76,31.3,2,,,,,,,,,,,
2026-02-07,丸亀,6,4,浮田圭浩,B1,22.35,4,,4.1454,5,85,27.1,0.1944,4.25,,,0,低,218,0,-,456 26,0,18.5,0.5862,,,,,,0.1,0.2033,0.1533,,,E,,,0.1636,0.6095,,0.5483,S,80,0,◎1着固定 2-3着流し（5〜8点）,0.5777,"{'is_target': True, 'verdict': '点数絞り', 'max_combo_prob': 0.1098, 'est_top_odds': 12.1, 'circle_concentration': 80.5, 'eligible_count': 6, 'bet_adj': 0, 'reason': 'rel_win1=58.2%（本命度） / 最有力組み合わせ確率: 0.110（推定実オッズ?12倍） / 2着集中度: 上位2艇 80.5%（補正+0.04） / 総合判定確率: 0.150 / → ヒモはやや固め。上位2艇以外を切ること', 'tenji_trigger': '展示確認: 1号艇伸び良→そのまま採用。悪→飛び組に差し替え。circle_pct上位2艇に絞り込むこと。\n展示で1号艇スタート超安定(0.139秒)→ヒモ固まり方向に注意'}",,,28.7,逃げ狙い,16.76,31.3,2,,,,,,,,,,,
2026-02-07,丸亀,6,5,長谷川雅,B1,31.00,5,▲,10.5412,14.2,91,45.8,0.1661,3.2288,,,0,低,143,0,ま0% 差ま0%,,0,30.8,1.49,0,0,0.0952,0.0476,0,0.248,0.216,0.048,,,C,△,◎,0.2409,0.6145,0.3291,0.5483,S,80,0,◎1着固定 2-3着流し（5〜8点）,0.5777,"{'is_target': True, 'verdict': '点数絞り', 'max_combo_prob': 0.1098, 'est_top_odds': 12.1, 'circle_concentration': 80.5, 'eligible_count': 6, 'bet_adj': 0, 'reason': 'rel_win1=58.2%（本命度） / 最有力組み合わせ確率: 0.110（推定実オッズ?12倍） / 2着集中度: 上位2艇 80.5%（補正+0.04） / 総合判定確率: 0.150 / → ヒモはやや固め。上位2艇以外を切ること', 'tenji_trigger': '展示確認: 1号艇伸び良→そのまま採用。悪→飛び組に差し替え。circle_pct上位2艇に絞り込むこと。\n展示で1号艇スタート超安定(0.139秒)→ヒモ固まり方向に注意'}",,,28.7,逃げ狙い,16.76,31.3,2,,,,,,,,,,,
2026-02-07,丸亀,6,6,宮本琉正,B2,27.84,6,,0.9565,0.3,15,1.4,0.1761,3.1571,,,0,低,33,0,-,536 66,0,100,2.23,,,,,,,,,,,D,,,0.2197,0.504,,0.5483,S,80,0,◎1着固定 2-3着流し（5〜8点）,0.5777,"{'is_target': True, 'verdict': '点数絞り', 'max_combo_prob': 0.1098, 'est_top_odds': 12.1, 'circle_concentration': 80.5, 'eligible_count': 6, 'bet_adj': 0, 'reason': 'rel_win1=58.2%（本命度） / 最有力組み合わせ確率: 0.110（推定実オッズ?12倍） / 2着集中度: 上位2艇 80.5%（補正+0.04） / 総合判定確率: 0.150 / → ヒモはやや固め。上位2艇以外を切ること', 'tenji_trigger': '展示確認: 1号艇伸び良→そのまま採用。悪→飛び組に差し替え。circle_pct上位2艇に絞り込むこと。\n展示で1号艇スタート超安定(0.139秒)→ヒモ固まり方向に注意'}",,,28.7,逃げ狙い,16.76,31.3,2,,,,,,,,,,,
2026-02-07,丸亀,7,1,石川吉鎬,A2,19.28,1,◎,54.3458,,0,92.9,0.1706,3.5119,,,0,低,188,0,逃0%,34221,0,89,1.1881,0.4138,,,,,0.189,0.189,0.189,△,,E,○,,,0.6575,,0.3211,A,74,0,◎-○軸 3着3〜4艇流し（10〜15点）,0.5777,"{'is_target': True, 'verdict': '点数絞り', 'max_combo_prob': 0.0838, 'est_top_odds': 15.9, 'circle_concentration': 72.7, 'eligible_count': 8, 'bet_adj': 0, 'reason': 'rel_win1=54.3%（本命度） / 最有力組み合わせ確率: 0.084（推定実オッズ?16倍） / 2着集中度: 上位2艇 72.7%（補正+0.04） / 総合判定確率: 0.124 / → ヒモはやや固め。上位2艇以外を切ること', 'tenji_trigger': '展示確認: 1号艇伸び良→そのまま採用。悪→飛び組に差し替え。circle_pct上位2艇に絞り込むこと。'}",,,29.2,逃げ狙い,14.18,34.9,2,2-1-3|2-1-4|1-2-6|1-2-4|1-4-2|1-3-2|1-4-6,5-1-6|5-6-1|6-1-4|6-4-1|2-1-3|2-1-4|6-1-3|1-2-6|1-2-4|1-4-2|1-3-2|1-4-6,2-1-3:2.08%|2-1-4:2.03%|1-2-6:8.18%|1-2-4:7.94%|1-4-2:4.04%|1-3-2:3.55%|1-4-6:3.5%,2-1-3:B_main|2-1-4:B_main|1-2-6:A|1-2-4:A|1-4-2:A|1-3-2:A|1-4-6:A,7,12,0.4535,1,[!]見送り推奨（主役決まり手「差し」― 逃げ劣勢レースで的中実績なし）,荒れ広め,D
2026-02-07,丸亀,7,2,中辻博訓,A1,31.52,2,○,24.7028,53.5,99,80.3,0.1356,2.4672,,,0,低,53,0,-,322226,0,49.5,0.9921,0,0.1154,0.1538,0,0,0.1205,0.0174,0.1981,,◎,B,◎,,0.61,0.6875,,0.3211,A,74,0,◎-○軸 3着3〜4艇流し（10〜15点）,0.5777,"{'is_target': True, 'verdict': '点数絞り', 'max_combo_prob': 0.0838, 'est_top_odds': 15.9, 'circle_concentration': 72.7, 'eligible_count': 8, 'bet_adj': 0, 'reason': 'rel_win1=54.3%（本命度） / 最有力組み合わせ確率: 0.084（推定実オッズ?16倍） / 2着集中度: 上位2艇 72.7%（補正+0.04） / 総合判定確率: 0.124 / → ヒモはやや固め。上位2艇以外を切ること', 'tenji_trigger': '展示確認: 1号艇伸び良→そのまま採用。悪→飛び組に差し替え。circle_pct上位2艇に絞り込むこと。'}",,,29.2,逃げ狙い,14.18,34.9,2,,,,,,,,,,,
2026-02-07,丸亀,7,3,山崎善庸,B1,22.22,3,,5.0027,19.2,83,42.9,0.2109,4.5143,,,0,低,243,0,-,253 24,0,18.7,0.7735,,,,,,0.0727,0.3491,0.3309,,,D,△,,0.1627,0.5725,,0.3211,A,74,0,◎-○軸 3着3〜4艇流し（10〜15点）,0.5777,"{'is_target': True, 'verdict': '点数絞り', 'max_combo_prob': 0.0838, 'est_top_odds': 15.9, 'circle_concentration': 72.7, 'eligible_count': 8, 'bet_adj': 0, 'reason': 'rel_win1=54.3%（本命度） / 最有力組み合わせ確率: 0.084（推定実オッズ?16倍） / 2着集中度: 上位2艇 72.7%（補正+0.04） / 総合判定確率: 0.124 / → ヒモはやや固め。上位2艇以外を切ること', 'tenji_trigger': '展示確認: 1号艇伸び良→そのまま採用。悪→飛び組に差し替え。circle_pct上位2艇に絞り込むこと。'}",,,29.2,逃げ狙い,14.18,34.9,2,,,,,,,,,,,
2026-02-07,丸亀,7,4,重冨勇哉,B1,36.73,4,▲,7.0162,13.8,84,43.9,0.1541,3.2561,,,0,低,99,0,-,444 33,0,71,1.2979,0,0,0,0.0417,0,0.3242,0.0632,0.2042,,,B,,,0.3734,0.57,,0.3211,A,74,0,◎-○軸 3着3〜4艇流し（10〜15点）,0.5777,"{'is_target': True, 'verdict': '点数絞り', 'max_combo_prob': 0.0838, 'est_top_odds': 15.9, 'circle_concentration': 72.7, 'eligible_count': 8, 'bet_adj': 0, 'reason': 'rel_win1=54.3%（本命度） / 最有力組み合わせ確率: 0.084（推定実オッズ?16倍） / 2着集中度: 上位2艇 72.7%（補正+0.04） / 総合判定確率: 0.124 / → ヒモはやや固め。上位2艇以外を切ること', 'tenji_trigger': '展示確認: 1号艇伸び良→そのまま採用。悪→飛び組に差し替え。circle_pct上位2艇に絞り込むこと。'}",,,29.2,逃げ狙い,14.18,34.9,2,,,,,,,,,,,
2026-02-07,丸亀,7,5,甲斐貴大,B2,30.43,5,△,7.6623,7.8,80,,,,,,0,低,25,1,-,6 666,0,,,,,,,,,,,,,C,,◎,0.342,0.3645,0.15,0.3211,A,74,0,◎-○軸 3着3〜4艇流し（10〜15点）,0.5777,"{'is_target': True, 'verdict': '点数絞り', 'max_combo_prob': 0.0838, 'est_top_odds': 15.9, 'circle_concentration': 72.7, 'eligible_count': 8, 'bet_adj': 0, 'reason': 'rel_win1=54.3%（本命度） / 最有力組み合わせ確率: 0.084（推定実オッズ?16倍） / 2着集中度: 上位2艇 72.7%（補正+0.04） / 総合判定確率: 0.124 / → ヒモはやや固め。上位2艇以外を切ること', 'tenji_trigger': '展示確認: 1号艇伸び良→そのまま採用。悪→飛び組に差し替え。circle_pct上位2艇に絞り込むこと。'}",,,29.2,逃げ狙い,14.18,34.9,2,,,,,,,,,,,
2026-02-07,丸亀,7,6,松下直也,B1,27.84,6,,1.2702,5.7,100,33.3,0.1721,3.9603,,,0,低,177,0,-,331 33,0,67.4,1.3208,,,,,,0.0286,0.3714,0.2381,,,D,△,,0.3336,0.621,,0.3211,A,74,0,◎-○軸 3着3〜4艇流し（10〜15点）,0.5777,"{'is_target': True, 'verdict': '点数絞り', 'max_combo_prob': 0.0838, 'est_top_odds': 15.9, 'circle_concentration': 72.7, 'eligible_count': 8, 'bet_adj': 0, 'reason': 'rel_win1=54.3%（本命度） / 最有力組み合わせ確率: 0.084（推定実オッズ?16倍） / 2着集中度: 上位2艇 72.7%（補正+0.04） / 総合判定確率: 0.124 / → ヒモはやや固め。上位2艇以外を切ること', 'tenji_trigger': '展示確認: 1号艇伸び良→そのまま採用。悪→飛び組に差し替え。circle_pct上位2艇に絞り込むこと。'}",,,29.2,逃げ狙い,14.18,34.9,2,,,,,,,,,,,
2026-02-07,丸亀,8,1,小林　泰,A2,24.18,1,◎,70.6799,,0,93.8,0.1369,2.2969,,,0,低,73,0,逃1%,22633,0,92.5,1.2415,0.6296,,,,,0.1111,0.0741,0.0741,◎,,E,◎,,,0.6885,,0.7143,S,95,0,◎1着固定 2-3着流し（5〜8点）,0.5777,"{'is_target': True, 'verdict': '点数絞り', 'max_combo_prob': 0.1419, 'est_top_odds': 9.4, 'circle_concentration': 76.5, 'eligible_count': 6, 'bet_adj': 0, 'reason': 'rel_win1=70.7%（本命度） / 最有力組み合わせ確率: 0.142（推定実オッズ?9倍） / 2着集中度: 上位2艇 76.5%（補正+0.04） / 総合判定確率: 0.182 / → ヒモはやや固め。上位2艇以外を切ること', 'tenji_trigger': '展示確認: 1号艇伸び良→そのまま採用。悪→飛び組に差し替え。circle_pct上位2艇に絞り込むこと。\n展示で1号艇スタート超安定(0.137秒)→ヒモ固まり方向に注意'}",,,25.3,逃げ狙い,9.85,27.3,4,,,,,0,0,0.7559,0,,逃げ軸流し,A
2026-02-07,丸亀,8,2,藤堂里香,A2,35.48,2,△,7.4502,43,98,61.5,0.1704,3.0577,,,0,低,52,0,-,3 1425,0,35.7,0.8747,0,0.0833,0,0,0,0.2,0.2,0,,,C,△,,0.0681,0.564,,0.7143,S,95,0,◎1着固定 2-3着流し（5〜8点）,0.5777,"{'is_target': True, 'verdict': '点数絞り', 'max_combo_prob': 0.1419, 'est_top_odds': 9.4, 'circle_concentration': 76.5, 'eligible_count': 6, 'bet_adj': 0, 'reason': 'rel_win1=70.7%（本命度） / 最有力組み合わせ確率: 0.142（推定実オッズ?9倍） / 2着集中度: 上位2艇 76.5%（補正+0.04） / 総合判定確率: 0.182 / → ヒモはやや固め。上位2艇以外を切ること', 'tenji_trigger': '展示確認: 1号艇伸び良→そのまま採用。悪→飛び組に差し替え。circle_pct上位2艇に絞り込むこと。\n展示で1号艇スタート超安定(0.137秒)→ヒモ固まり方向に注意'}",,,25.3,逃げ狙い,9.85,27.3,4,,,,,,,,,,,
2026-02-07,丸亀,8,3,三嶌ここ,B1,31.00,3,,7.4422,33.6,69,41.2,0.1953,4.4412,,,0,低,114,0,ま0%,,0,34.9,1.0187,0,0,0.0588,0,0,0.0571,0.0571,0.3143,,,C,,,0.1124,0.553,,0.7143,S,95,0,◎1着固定 2-3着流し（5〜8点）,0.5777,"{'is_target': True, 'verdict': '点数絞り', 'max_combo_prob': 0.1419, 'est_top_odds': 9.4, 'circle_concentration': 76.5, 'eligible_count': 6, 'bet_adj': 0, 'reason': 'rel_win1=70.7%（本命度） / 最有力組み合わせ確率: 0.142（推定実オッズ?9倍） / 2着集中度: 上位2艇 76.5%（補正+0.04） / 総合判定確率: 0.182 / → ヒモはやや固め。上位2艇以外を切ること', 'tenji_trigger': '展示確認: 1号艇伸び良→そのまま採用。悪→飛び組に差し替え。circle_pct上位2艇に絞り込むこと。\n展示で1号艇スタート超安定(0.137秒)→ヒモ固まり方向に注意'}",,,25.3,逃げ狙い,9.85,27.3,4,,,,,,,,,,,
2026-02-07,丸亀,8,4,井上恵一,A2,37.78,4,○,9.8706,16.1,100,54.2,0.1625,3.2458,,,0,低,109,0,-,155454,0,91.4,1.6866,0,0.0345,0.069,0.069,0,0.1462,0.0462,0.3923,,,B,○,◎,0.199,0.6315,0.4166,0.7143,S,95,0,◎1着固定 2-3着流し（5〜8点）,0.5777,"{'is_target': True, 'verdict': '点数絞り', 'max_combo_prob': 0.1419, 'est_top_odds': 9.4, 'circle_concentration': 76.5, 'eligible_count': 6, 'bet_adj': 0, 'reason': 'rel_win1=70.7%（本命度） / 最有力組み合わせ確率: 0.142（推定実オッズ?9倍） / 2着集中度: 上位2艇 76.5%（補正+0.04） / 総合判定確率: 0.182 / → ヒモはやや固め。上位2艇以外を切ること', 'tenji_trigger': '展示確認: 1号艇伸び良→そのまま採用。悪→飛び組に差し替え。circle_pct上位2艇に絞り込むこと。\n展示で1号艇スタート超安定(0.137秒)→ヒモ固まり方向に注意'}",,,25.3,逃げ狙い,9.85,27.3,4,,,,,,,,,,,
2026-02-07,丸亀,8,5,竹田広樹,B1,26.37,5,,2.4329,7,18,11.1,0.2,4.125,,,0,低,177,0,-,364 45,0,25.1,0.6319,,,,,,0.0526,0.1579,0.3158,,,D,△,,0.1368,0.6185,,0.7143,S,95,0,◎1着固定 2-3着流し（5〜8点）,0.5777,"{'is_target': True, 'verdict': '点数絞り', 'max_combo_prob': 0.1419, 'est_top_odds': 9.4, 'circle_concentration': 76.5, 'eligible_count': 6, 'bet_adj': 0, 'reason': 'rel_win1=70.7%（本命度） / 最有力組み合わせ確率: 0.142（推定実オッズ?9倍） / 2着集中度: 上位2艇 76.5%（補正+0.04） / 総合判定確率: 0.182 / → ヒモはやや固め。上位2艇以外を切ること', 'tenji_trigger': '展示確認: 1号艇伸び良→そのまま採用。悪→飛び組に差し替え。circle_pct上位2艇に絞り込むこと。\n展示で1号艇スタート超安定(0.137秒)→ヒモ固まり方向に注意'}",,,25.3,逃げ狙い,9.85,27.3,4,,,,,,,,,,,
2026-02-07,丸亀,8,6,鐘ヶ江真,B1,42.86,6,▲,2.1241,0.4,27,15.8,0.1888,3.8421,,,0,低,54,0,-,424 54,0,26.2,0.6464,0,0,0.0132,0.0132,0,,,,,,A,,,0.1099,0.513,,0.7143,S,95,0,◎1着固定 2-3着流し（5〜8点）,0.5777,"{'is_target': True, 'verdict': '点数絞り', 'max_combo_prob': 0.1419, 'est_top_odds': 9.4, 'circle_concentration': 76.5, 'eligible_count': 6, 'bet_adj': 0, 'reason': 'rel_win1=70.7%（本命度） / 最有力組み合わせ確率: 0.142（推定実オッズ?9倍） / 2着集中度: 上位2艇 76.5%（補正+0.04） / 総合判定確率: 0.182 / → ヒモはやや固め。上位2艇以外を切ること', 'tenji_trigger': '展示確認: 1号艇伸び良→そのまま採用。悪→飛び組に差し替え。circle_pct上位2艇に絞り込むこと。\n展示で1号艇スタート超安定(0.137秒)→ヒモ固まり方向に注意'}",,,25.3,逃げ狙い,9.85,27.3,4,,,,,,,,,,,
2026-02-07,丸亀,9,1,深川和仁,B1,23.38,1,◎,62.574,,0,87,0.157,3.0435,,,0,低,130,0,逃1%,13454,0,65.5,0.9654,0.7083,,,,,0.2,0.0167,0.05,◎,,D,△,,,0.606,,0.5134,A,78,0,◎-○軸 3着3〜4艇流し（10〜15点）,0.5777,"{'is_target': True, 'verdict': '参加推奨', 'max_combo_prob': 0.084, 'est_top_odds': 15.9, 'circle_concentration': 68.9, 'eligible_count': 8, 'bet_adj': 2, 'reason': 'rel_win1=62.6%（本命度） / 最有力組み合わせ確率: 0.084（推定実オッズ?16倍） / 2着集中度: 上位2艇 68.9%（補正+0.00） / 総合判定確率: 0.084 / → ヒモ分散。1号艇1着固定で広めのヒモ流し推奨（買い目+2点）', 'tenji_trigger': '展示確認: ヒモ分散レース。1号艇伸び確認後、広めのヒモ流しを採用。穴ヒモ（5・6号艇）を積極的に含める。'}",,,26.6,逃げ狙い,11.44,29.6,2,,,,,0,0,0.7559,0,,逃げ軸流し,A
2026-02-07,丸亀,9,2,山田佑樹,B1,34.07,2,○,12.521,43.2,78,60.3,0.1452,3.4655,,,0,低,110,0,-,6 436,0,90.2,0.8693,0,0.04,0,0,0,0.0842,0,0.2253,,◎,B,○,,0.4254,0.6115,,0.5134,A,78,0,◎-○軸 3着3〜4艇流し（10〜15点）,0.5777,"{'is_target': True, 'verdict': '参加推奨', 'max_combo_prob': 0.084, 'est_top_odds': 15.9, 'circle_concentration': 68.9, 'eligible_count': 8, 'bet_adj': 2, 'reason': 'rel_win1=62.6%（本命度） / 最有力組み合わせ確率: 0.084（推定実オッズ?16倍） / 2着集中度: 上位2艇 68.9%（補正+0.00） / 総合判定確率: 0.084 / → ヒモ分散。1号艇1着固定で広めのヒモ流し推奨（買い目+2点）', 'tenji_trigger': '展示確認: ヒモ分散レース。1号艇伸び確認後、広めのヒモ流しを採用。穴ヒモ（5・6号艇）を積極的に含める。'}",,,26.6,逃げ狙い,11.44,29.6,2,,,,,,,,,,,
2026-02-07,丸亀,9,3,蒲原健太,A2,50.00,3,▲,10.886,25.7,100,61.4,0.2016,3.9035,,,0,低,193,0,-,35626,0,78.4,1.7715,0,0.0385,0,0.0385,0,0.0953,0.3224,0.2271,,,A,,,0.1111,0.54,,0.5134,A,78,0,◎-○軸 3着3〜4艇流し（10〜15点）,0.5777,"{'is_target': True, 'verdict': '参加推奨', 'max_combo_prob': 0.084, 'est_top_odds': 15.9, 'circle_concentration': 68.9, 'eligible_count': 8, 'bet_adj': 2, 'reason': 'rel_win1=62.6%（本命度） / 最有力組み合わせ確率: 0.084（推定実オッズ?16倍） / 2着集中度: 上位2艇 68.9%（補正+0.00） / 総合判定確率: 0.084 / → ヒモ分散。1号艇1着固定で広めのヒモ流し推奨（買い目+2点）', 'tenji_trigger': '展示確認: ヒモ分散レース。1号艇伸び確認後、広めのヒモ流しを採用。穴ヒモ（5・6号艇）を積極的に含める。'}",,,26.6,逃げ狙い,11.44,29.6,2,,,,,,,,,,,
2026-02-07,丸亀,9,4,繁野谷圭,A2,24.73,4,,7.6851,23.2,78,63.1,0.1751,3.6538,,,0,低,180,0,-,515436,0,35.5,0.8709,0,0,0.0667,0,0,0.0108,0.0432,0.2232,,,D,△,◎,0.2244,0.6095,0.3408,0.5134,A,78,0,◎-○軸 3着3〜4艇流し（10〜15点）,0.5777,"{'is_target': True, 'verdict': '参加推奨', 'max_combo_prob': 0.084, 'est_top_odds': 15.9, 'circle_concentration': 68.9, 'eligible_count': 8, 'bet_adj': 2, 'reason': 'rel_win1=62.6%（本命度） / 最有力組み合わせ確率: 0.084（推定実オッズ?16倍） / 2着集中度: 上位2艇 68.9%（補正+0.00） / 総合判定確率: 0.084 / → ヒモ分散。1号艇1着固定で広めのヒモ流し推奨（買い目+2点）', 'tenji_trigger': '展示確認: ヒモ分散レース。1号艇伸び確認後、広めのヒモ流しを採用。穴ヒモ（5・6号艇）を積極的に含める。'}",,,26.6,逃げ狙い,11.44,29.6,2,,,,,,,,,,,
2026-02-07,丸亀,9,5,尾崎雄二,B1,26.19,5,△,4.6257,4.1,60,26.5,0.1674,3.8824,,,0,低,133,0,-,451 42,0,27.3,0.6983,0,0,0,0.1111,0,0.1667,0.1667,0.0556,,,C,◎,,0.267,0.6365,,0.5134,A,78,0,◎-○軸 3着3〜4艇流し（10〜15点）,0.5777,"{'is_target': True, 'verdict': '参加推奨', 'max_combo_prob': 0.084, 'est_top_odds': 15.9, 'circle_concentration': 68.9, 'eligible_count': 8, 'bet_adj': 2, 'reason': 'rel_win1=62.6%（本命度） / 最有力組み合わせ確率: 0.084（推定実オッズ?16倍） / 2着集中度: 上位2艇 68.9%（補正+0.00） / 総合判定確率: 0.084 / → ヒモ分散。1号艇1着固定で広めのヒモ流し推奨（買い目+2点）', 'tenji_trigger': '展示確認: ヒモ分散レース。1号艇伸び確認後、広めのヒモ流しを採用。穴ヒモ（5・6号艇）を積極的に含める。'}",,,26.6,逃げ狙い,11.44,29.6,2,,,,,,,,,,,
2026-02-07,丸亀,9,6,廣中智紗,A1,19.28,6,,1.7082,3.8,84,52.6,0.2216,4.6842,,,0,低,82,0,-,56534,0,33.2,1.9672,,,,,,0.0421,0.1632,0.2632,,,E,,,0.1365,0.5755,,0.5134,A,78,0,◎-○軸 3着3〜4艇流し（10〜15点）,0.5777,"{'is_target': True, 'verdict': '参加推奨', 'max_combo_prob': 0.084, 'est_top_odds': 15.9, 'circle_concentration': 68.9, 'eligible_count': 8, 'bet_adj': 2, 'reason': 'rel_win1=62.6%（本命度） / 最有力組み合わせ確率: 0.084（推定実オッズ?16倍） / 2着集中度: 上位2艇 68.9%（補正+0.00） / 総合判定確率: 0.084 / → ヒモ分散。1号艇1着固定で広めのヒモ流し推奨（買い目+2点）', 'tenji_trigger': '展示確認: ヒモ分散レース。1号艇伸び確認後、広めのヒモ流しを採用。穴ヒモ（5・6号艇）を積極的に含める。'}",,,26.6,逃げ狙い,11.44,29.6,2,,,,,,,,,,,
2026-02-07,丸亀,10,1,佐々木翔,A2,20.73,1,◎,54.2228,,0,84.9,0.1421,2.7803,,,0,低,101,0,逃1%,2 4631,0,66.5,0.9197,0.5161,,,,,0.0387,0.1373,0.1502,◎,,E,,,,0.5985,,0.5402,A,70,0,◎-○軸 3着3〜4艇流し（10〜15点）,0.5777,"{'is_target': True, 'verdict': '参加推奨', 'max_combo_prob': 0.0688, 'est_top_odds': 19.4, 'circle_concentration': 66.2, 'eligible_count': 8, 'bet_adj': 2, 'reason': 'rel_win1=54.2%（本命度） / 最有力組み合わせ確率: 0.069（推定実オッズ?19倍） / 2着集中度: 上位2艇 66.2%（補正+0.00） / 総合判定確率: 0.069 / → ヒモ分散。1号艇1着固定で広めのヒモ流し推奨（買い目+2点）', 'tenji_trigger': '展示確認: ヒモ分散レース。1号艇伸び確認後、広めのヒモ流しを採用。穴ヒモ（5・6号艇）を積極的に含める。'}",,,23.8,逃げ狙い,20.59,28.3,4,,,,,0,0,0.7559,0,,逃げ軸流し,A
2026-02-07,丸亀,10,2,大崎　翔,B1,44.09,2,△,8.2926,31.7,55,47.9,0.1694,3.7535,,,0,低,117,0,ま0%,2 2411,0,37.4,0.801,0,0,0.037,0,0,0.3127,0.0727,0.1745,,,B,△,,0.0594,0.643,,0.5402,A,70,0,◎-○軸 3着3〜4艇流し（10〜15点）,0.5777,"{'is_target': True, 'verdict': '参加推奨', 'max_combo_prob': 0.0688, 'est_top_odds': 19.4, 'circle_concentration': 66.2, 'eligible_count': 8, 'bet_adj': 2, 'reason': 'rel_win1=54.2%（本命度） / 最有力組み合わせ確率: 0.069（推定実オッズ?19倍） / 2着集中度: 上位2艇 66.2%（補正+0.00） / 総合判定確率: 0.069 / → ヒモ分散。1号艇1着固定で広めのヒモ流し推奨（買い目+2点）', 'tenji_trigger': '展示確認: ヒモ分散レース。1号艇伸び確認後、広めのヒモ流しを採用。穴ヒモ（5・6号艇）を積極的に含める。'}",,,23.8,逃げ狙い,20.59,28.3,4,,,,,,,,,,,
2026-02-07,丸亀,10,3,古川誠之,A2,56.18,3,○,14.8277,34.5,84,66.7,0.1484,2.94,,,0,低,111,0,ま0%,512 55,0,56.8,1.2115,0,0,0.1471,0.0294,0.0294,0.1491,0.1791,0.1145,,,A,◎,,0.2956,0.657,,0.5402,A,70,0,◎-○軸 3着3〜4艇流し（10〜15点）,0.5777,"{'is_target': True, 'verdict': '参加推奨', 'max_combo_prob': 0.0688, 'est_top_odds': 19.4, 'circle_concentration': 66.2, 'eligible_count': 8, 'bet_adj': 2, 'reason': 'rel_win1=54.2%（本命度） / 最有力組み合わせ確率: 0.069（推定実オッズ?19倍） / 2着集中度: 上位2艇 66.2%（補正+0.00） / 総合判定確率: 0.069 / → ヒモ分散。1号艇1着固定で広めのヒモ流し推奨（買い目+2点）', 'tenji_trigger': '展示確認: ヒモ分散レース。1号艇伸び確認後、広めのヒモ流しを採用。穴ヒモ（5・6号艇）を積極的に含める。'}",,,23.8,逃げ狙い,20.59,28.3,4,,,,,,,,,,,
2026-02-07,丸亀,10,4,鈴木　博,A2,38.14,4,▲,12.691,20.8,100,69.6,0.1612,3.7143,,,0,低,120,0,-,234 13,0,87.4,1.5187,0,0.0417,0.0417,0.0833,0,0.05,0.11,0.02,,,C,○,○,0.2399,0.6475,0.38,0.5402,A,70,0,◎-○軸 3着3〜4艇流し（10〜15点）,0.5777,"{'is_target': True, 'verdict': '参加推奨', 'max_combo_prob': 0.0688, 'est_top_odds': 19.4, 'circle_concentration': 66.2, 'eligible_count': 8, 'bet_adj': 2, 'reason': 'rel_win1=54.2%（本命度） / 最有力組み合わせ確率: 0.069（推定実オッズ?19倍） / 2着集中度: 上位2艇 66.2%（補正+0.00） / 総合判定確率: 0.069 / → ヒモ分散。1号艇1着固定で広めのヒモ流し推奨（買い目+2点）', 'tenji_trigger': '展示確認: ヒモ分散レース。1号艇伸び確認後、広めのヒモ流しを採用。穴ヒモ（5・6号艇）を積極的に含める。'}",,,23.8,逃げ狙い,20.59,28.3,4,,,,,,,,,,,
2026-02-07,丸亀,10,5,田中京介,A2,28.87,5,,8.8953,10.5,61,50,0.1559,3.2574,,,0,低,91,0,差ま0%,125 42,0,25,0.5814,0,0,0,0.2059,0,0.0235,0.1471,0.3353,,,D,△,◎,0.3002,0.6375,0.4076,0.5402,A,70,0,◎-○軸 3着3〜4艇流し（10〜15点）,0.5777,"{'is_target': True, 'verdict': '参加推奨', 'max_combo_prob': 0.0688, 'est_top_odds': 19.4, 'circle_concentration': 66.2, 'eligible_count': 8, 'bet_adj': 2, 'reason': 'rel_win1=54.2%（本命度） / 最有力組み合わせ確率: 0.069（推定実オッズ?19倍） / 2着集中度: 上位2艇 66.2%（補正+0.00） / 総合判定確率: 0.069 / → ヒモ分散。1号艇1着固定で広めのヒモ流し推奨（買い目+2点）', 'tenji_trigger': '展示確認: ヒモ分散レース。1号艇伸び確認後、広めのヒモ流しを採用。穴ヒモ（5・6号艇）を積極的に含める。'}",,,23.8,逃げ狙い,20.59,28.3,4,,,,,,,,,,,
2026-02-07,丸亀,10,6,夏山亮平,B1,36.56,6,,1.0706,2.5,56,28.9,0.1834,4.5526,,,0,低,92,0,-,6 132,0,30,0.8486,,,,,,0,0.2941,0.0471,,,C,,,0.1978,0.5755,,0.5402,A,70,0,◎-○軸 3着3〜4艇流し（10〜15点）,0.5777,"{'is_target': True, 'verdict': '参加推奨', 'max_combo_prob': 0.0688, 'est_top_odds': 19.4, 'circle_concentration': 66.2, 'eligible_count': 8, 'bet_adj': 2, 'reason': 'rel_win1=54.2%（本命度） / 最有力組み合わせ確率: 0.069（推定実オッズ?19倍） / 2着集中度: 上位2艇 66.2%（補正+0.00） / 総合判定確率: 0.069 / → ヒモ分散。1号艇1着固定で広めのヒモ流し推奨（買い目+2点）', 'tenji_trigger': '展示確認: ヒモ分散レース。1号艇伸び確認後、広めのヒモ流しを採用。穴ヒモ（5・6号艇）を積極的に含める。'}",,,23.8,逃げ狙い,20.59,28.3,4,,,,,,,,,,,
2026-02-07,丸亀,11,1,吉田一郎,A2,44.68,1,◎,61.0628,,0,97.1,0.149,2.6643,,,0,低,66,0,逃1%,1S3612,0,71.2,1.0488,0.6579,,,,,0.1221,0.0316,0.1326,◎,,B,,,,0.6245,,0.5746,S,80,0,◎1着固定 2-3着流し（5〜8点）,0.5777,"{'is_target': True, 'verdict': '参加推奨', 'max_combo_prob': 0.0819, 'est_top_odds': 16.3, 'circle_concentration': 66.1, 'eligible_count': 6, 'bet_adj': 2, 'reason': 'rel_win1=61.1%（本命度） / 最有力組み合わせ確率: 0.082（推定実オッズ?16倍） / 2着集中度: 上位2艇 66.1%（補正+0.00） / 総合判定確率: 0.082 / → ヒモ分散。1号艇1着固定で広めのヒモ流し推奨（買い目+2点）', 'tenji_trigger': '展示確認: ヒモ分散レース。1号艇伸び確認後、広めのヒモ流しを採用。穴ヒモ（5・6号艇）を積極的に含める。'}",,,28,逃げ狙い,18.73,27.4,4,,,,,0,0,0.7559,0,,逃げ軸流し,A
2026-02-07,丸亀,11,2,小林　泰,A2,24.18,2,,12.5223,47,67,60.4,0.1479,3.6226,,,0,低,73,0,-,22633,0,93.9,1.7414,0,0.0556,0.0556,0,0,0.1111,0.0741,0.0741,,○,D,◎,,0.3414,0.6885,,0.5746,S,80,0,◎1着固定 2-3着流し（5〜8点）,0.5777,"{'is_target': True, 'verdict': '参加推奨', 'max_combo_prob': 0.0819, 'est_top_odds': 16.3, 'circle_concentration': 66.1, 'eligible_count': 6, 'bet_adj': 2, 'reason': 'rel_win1=61.1%（本命度） / 最有力組み合わせ確率: 0.082（推定実オッズ?16倍） / 2着集中度: 上位2艇 66.1%（補正+0.00） / 総合判定確率: 0.082 / → ヒモ分散。1号艇1着固定で広めのヒモ流し推奨（買い目+2点）', 'tenji_trigger': '展示確認: ヒモ分散レース。1号艇伸び確認後、広めのヒモ流しを採用。穴ヒモ（5・6号艇）を積極的に含める。'}",,,28,逃げ狙い,18.73,27.4,4,,,,,,,,,,,
2026-02-07,丸亀,11,3,滝沢芳行,B1,41.67,3,▲,12.1923,15.9,100,47.5,0.1428,2.7869,,,0,低,85,0,差0% ま0%,3 212,0,36.1,1.0056,0,0.0357,0.1071,0,0,0.18,0.18,0.064,,,B,△,,0.3405,0.628,,0.5746,S,80,0,◎1着固定 2-3着流し（5〜8点）,0.5777,"{'is_target': True, 'verdict': '参加推奨', 'max_combo_prob': 0.0819, 'est_top_odds': 16.3, 'circle_concentration': 66.1, 'eligible_count': 6, 'bet_adj': 2, 'reason': 'rel_win1=61.1%（本命度） / 最有力組み合わせ確率: 0.082（推定実オッズ?16倍） / 2着集中度: 上位2艇 66.1%（補正+0.00） / 総合判定確率: 0.082 / → ヒモ分散。1号艇1着固定で広めのヒモ流し推奨（買い目+2点）', 'tenji_trigger': '展示確認: ヒモ分散レース。1号艇伸び確認後、広めのヒモ流しを採用。穴ヒモ（5・6号艇）を積極的に含める。'}",,,28,逃げ狙い,18.73,27.4,4,,,,,,,,,,,
2026-02-07,丸亀,11,4,山下夏鈴,B1,48.91,4,○,11.045,19.2,76,47.4,0.1518,2.8816,,,0,低,64,0,ま0%,2 2115,0,50.9,1.1185,0,0,0.2353,0,0,0,0.0267,0.2,,,A,,◎,0.3408,0.616,0.2821,0.5746,S,80,0,◎1着固定 2-3着流し（5〜8点）,0.5777,"{'is_target': True, 'verdict': '参加推奨', 'max_combo_prob': 0.0819, 'est_top_odds': 16.3, 'circle_concentration': 66.1, 'eligible_count': 6, 'bet_adj': 2, 'reason': 'rel_win1=61.1%（本命度） / 最有力組み合わせ確率: 0.082（推定実オッズ?16倍） / 2着集中度: 上位2艇 66.1%（補正+0.00） / 総合判定確率: 0.082 / → ヒモ分散。1号艇1着固定で広めのヒモ流し推奨（買い目+2点）', 'tenji_trigger': '展示確認: ヒモ分散レース。1号艇伸び確認後、広めのヒモ流しを採用。穴ヒモ（5・6号艇）を積極的に含める。'}",,,28,逃げ狙い,18.73,27.4,4,,,,,,,,,,,
2026-02-07,丸亀,11,5,中辻博訓,A1,31.52,5,△,2.2937,15.2,84,42,0.1354,2.73,,,0,低,53,0,-,322226,0,26.2,0.7262,,,,,,0.1205,0.0174,0.1981,,,D,○,,0.3536,0.6875,,0.5746,S,80,0,◎1着固定 2-3着流し（5〜8点）,0.5777,"{'is_target': True, 'verdict': '参加推奨', 'max_combo_prob': 0.0819, 'est_top_odds': 16.3, 'circle_concentration': 66.1, 'eligible_count': 6, 'bet_adj': 2, 'reason': 'rel_win1=61.1%（本命度） / 最有力組み合わせ確率: 0.082（推定実オッズ?16倍） / 2着集中度: 上位2艇 66.1%（補正+0.00） / 総合判定確率: 0.082 / → ヒモ分散。1号艇1着固定で広めのヒモ流し推奨（買い目+2点）', 'tenji_trigger': '展示確認: ヒモ分散レース。1号艇伸び確認後、広めのヒモ流しを採用。穴ヒモ（5・6号艇）を積極的に含める。'}",,,28,逃げ狙い,18.73,27.4,4,,,,,,,,,,,
2026-02-07,丸亀,11,6,石川吉鎬,A2,19.28,6,,0.884,2.8,90,25.8,0.1906,4.4758,,,0,低,188,0,-,34221,0,31.3,0.8561,,,,,,0.189,0.189,0.189,,,E,△,,0.1824,0.6575,,0.5746,S,80,0,◎1着固定 2-3着流し（5〜8点）,0.5777,"{'is_target': True, 'verdict': '参加推奨', 'max_combo_prob': 0.0819, 'est_top_odds': 16.3, 'circle_concentration': 66.1, 'eligible_count': 6, 'bet_adj': 2, 'reason': 'rel_win1=61.1%（本命度） / 最有力組み合わせ確率: 0.082（推定実オッズ?16倍） / 2着集中度: 上位2艇 66.1%（補正+0.00） / 総合判定確率: 0.082 / → ヒモ分散。1号艇1着固定で広めのヒモ流し推奨（買い目+2点）', 'tenji_trigger': '展示確認: ヒモ分散レース。1号艇伸び確認後、広めのヒモ流しを採用。穴ヒモ（5・6号艇）を積極的に含める。'}",,,28,逃げ狙い,18.73,27.4,4,,,,,,,,,,,
2026-02-07,丸亀,12,1,中辻崇人,A1,40.43,1,◎,64.0539,,0,100,0.1393,3.0351,,,0,低,42,0,逃1%,111 21,0,85.7,1.084,0.7222,,,,,0.2667,0,0,◎,,C,◎,,,0.6505,,0.591,S,92,0,◎1着固定 2-3着流し（5〜8点）,0.5777,"{'is_target': True, 'verdict': '参加推奨', 'max_combo_prob': 0.0615, 'est_top_odds': 21.7, 'circle_concentration': 56.9, 'eligible_count': 6, 'bet_adj': 2, 'reason': 'rel_win1=64.1%（本命度） / 最有力組み合わせ確率: 0.062（推定実オッズ?22倍） / 2着集中度: 上位2艇 56.9%（補正+0.00） / 総合判定確率: 0.062 / → ヒモ分散。1号艇1着固定で広めのヒモ流し推奨（買い目+2点）', 'tenji_trigger': '展示確認: ヒモ分散レース。1号艇伸び確認後、広めのヒモ流しを採用。穴ヒモ（5・6号艇）を積極的に含める。\n展示で1号艇スタート超安定(0.139秒)→ヒモ固まり方向に注意'}",,,28.9,逃げ狙い,20.02,28.8,3,,,,,0,0,0.7559,0,,逃げ軸流し,A
2026-02-07,丸亀,12,2,木山和幸,A2,53.93,2,○,8.9284,27.8,100,54.9,0.1635,3.7113,,,0,低,135,0,差0%,2 3131,0,86.3,0.529,0,0.1111,0,0,0,0.048,0.016,0.148,,,A,△,,0.083,0.6205,,0.591,S,92,0,◎1着固定 2-3着流し（5〜8点）,0.5777,"{'is_target': True, 'verdict': '参加推奨', 'max_combo_prob': 0.0615, 'est_top_odds': 21.7, 'circle_concentration': 56.9, 'eligible_count': 6, 'bet_adj': 2, 'reason': 'rel_win1=64.1%（本命度） / 最有力組み合わせ確率: 0.062（推定実オッズ?22倍） / 2着集中度: 上位2艇 56.9%（補正+0.00） / 総合判定確率: 0.062 / → ヒモ分散。1号艇1着固定で広めのヒモ流し推奨（買い目+2点）', 'tenji_trigger': '展示確認: ヒモ分散レース。1号艇伸び確認後、広めのヒモ流しを採用。穴ヒモ（5・6号艇）を積極的に含める。\n展示で1号艇スタート超安定(0.139秒)→ヒモ固まり方向に注意'}",,,28.9,逃げ狙い,20.02,28.8,3,,,,,,,,,,,
2026-02-07,丸亀,12,3,藤原菜希,A2,47.78,3,▲,11.8954,29.1,91,69.6,0.1665,2.6522,,,0,低,33,0,ま0% 差ま0%,15123,0,64.5,1.2823,0,0,0.2,0.1,0,0.1429,0.1429,0.0714,,,B,,,0.1908,0.6005,,0.591,S,92,0,◎1着固定 2-3着流し（5〜8点）,0.5777,"{'is_target': True, 'verdict': '参加推奨', 'max_combo_prob': 0.0615, 'est_top_odds': 21.7, 'circle_concentration': 56.9, 'eligible_count': 6, 'bet_adj': 2, 'reason': 'rel_win1=64.1%（本命度） / 最有力組み合わせ確率: 0.062（推定実オッズ?22倍） / 2着集中度: 上位2艇 56.9%（補正+0.00） / 総合判定確率: 0.062 / → ヒモ分散。1号艇1着固定で広めのヒモ流し推奨（買い目+2点）', 'tenji_trigger': '展示確認: ヒモ分散レース。1号艇伸び確認後、広めのヒモ流しを採用。穴ヒモ（5・6号艇）を積極的に含める。\n展示で1号艇スタート超安定(0.139秒)→ヒモ固まり方向に注意'}",,,28.9,逃げ狙い,20.02,28.8,3,,,,,,,,,,,
2026-02-07,丸亀,12,4,青木幸太,A2,27.16,4,△,10.3837,21.2,78,60,0.1213,2.325,,,0,低,86,0,ま0% 差ま0%,641 12,0,72.6,1.2728,0,0,0.1,0.0333,0,0.0882,0.0588,0.1176,,,D,△,◎,0.3686,0.615,0.4366,0.591,S,92,0,◎1着固定 2-3着流し（5〜8点）,0.5777,"{'is_target': True, 'verdict': '参加推奨', 'max_combo_prob': 0.0615, 'est_top_odds': 21.7, 'circle_concentration': 56.9, 'eligible_count': 6, 'bet_adj': 2, 'reason': 'rel_win1=64.1%（本命度） / 最有力組み合わせ確率: 0.062（推定実オッズ?22倍） / 2着集中度: 上位2艇 56.9%（補正+0.00） / 総合判定確率: 0.062 / → ヒモ分散。1号艇1着固定で広めのヒモ流し推奨（買い目+2点）', 'tenji_trigger': '展示確認: ヒモ分散レース。1号艇伸び確認後、広めのヒモ流しを採用。穴ヒモ（5・6号艇）を積極的に含める。\n展示で1号艇スタート超安定(0.139秒)→ヒモ固まり方向に注意'}",,,28.9,逃げ狙い,20.02,28.8,3,,,,,,,,,,,
2026-02-07,丸亀,12,5,嶋　義信,B1,22.22,5,,2.988,13.3,85,39.3,0.1585,3.6066,,,0,低,90,0,-,31122,0,30.2,1.4712,,,,,,0.125,0.15,0.1875,,,E,○,,0.2501,0.632,,0.591,S,92,0,◎1着固定 2-3着流し（5〜8点）,0.5777,"{'is_target': True, 'verdict': '参加推奨', 'max_combo_prob': 0.0615, 'est_top_odds': 21.7, 'circle_concentration': 56.9, 'eligible_count': 6, 'bet_adj': 2, 'reason': 'rel_win1=64.1%（本命度） / 最有力組み合わせ確率: 0.062（推定実オッズ?22倍） / 2着集中度: 上位2艇 56.9%（補正+0.00） / 総合判定確率: 0.062 / → ヒモ分散。1号艇1着固定で広めのヒモ流し推奨（買い目+2点）', 'tenji_trigger': '展示確認: ヒモ分散レース。1号艇伸び確認後、広めのヒモ流しを採用。穴ヒモ（5・6号艇）を積極的に含める。\n展示で1号艇スタート超安定(0.139秒)→ヒモ固まり方向に注意'}",,,28.9,逃げ狙い,20.02,28.8,3,,,,,,,,,,,
2026-02-07,丸亀,12,6,田頭虎親,B1,35.71,6,,1.7507,8.6,40,22.2,0.2109,4.5741,,,0,低,121,0,差0%,4 1315,0,34.9,0.8486,0,0.0417,0,0,0,0.1,0.375,0.025,,,D,,,0.1042,0.5945,,0.591,S,92,0,◎1着固定 2-3着流し（5〜8点）,0.5777,"{'is_target': True, 'verdict': '参加推奨', 'max_combo_prob': 0.0615, 'est_top_odds': 21.7, 'circle_concentration': 56.9, 'eligible_count': 6, 'bet_adj': 2, 'reason': 'rel_win1=64.1%（本命度） / 最有力組み合わせ確率: 0.062（推定実オッズ?22倍） / 2着集中度: 上位2艇 56.9%（補正+0.00） / 総合判定確率: 0.062 / → ヒモ分散。1号艇1着固定で広めのヒモ流し推奨（買い目+2点）', 'tenji_trigger': '展示確認: ヒモ分散レース。1号艇伸び確認後、広めのヒモ流しを採用。穴ヒモ（5・6号艇）を積極的に含める。\n展示で1号艇スタート超安定(0.139秒)→ヒモ固まり方向に注意'}",,,28.9,逃げ狙い,20.02,28.8,3,,,,,,,,,,,
2026-02-10,丸亀,1,1,松下知幸,B1,29.27,1,◎,57.0283,,0,73.1,0.149,2.5481,,,0,低,152,0,逃1%,,0,82.2,0.991,0.381,,,,,0.2152,0.1581,0.1962,◎,,D,△,,,0.5965,,0.5288,A,67,0,◎-○軸 3着3〜4艇流し（10〜15点）,0.5777,"{'is_target': True, 'verdict': '参加推奨', 'max_combo_prob': 0.0679, 'est_top_odds': 19.6, 'circle_concentration': 69.6, 'eligible_count': 8, 'bet_adj': 2, 'reason': 'rel_win1=57.0%（本命度） / 最有力組み合わせ確率: 0.068（推定実オッズ?20倍） / 2着集中度: 上位2艇 69.6%（補正+0.00） / 総合判定確率: 0.068 / → ヒモ分散。1号艇1着固定で広めのヒモ流し推奨（買い目+2点）', 'tenji_trigger': '展示確認: ヒモ分散レース。1号艇伸び確認後、広めのヒモ流しを採用。穴ヒモ（5・6号艇）を積極的に含める。'}",,,28.7,逃げ狙い,12.56,34.7,4,,,,,0,0,0.7559,0,,逃げ軸流し,A
2026-02-10,丸亀,1,2,土屋　蘭,B1,30.28,2,,9.9699,30.9,100,16.7,0.2361,4.75,,,0,低,122,0,-,,0,12.7,0.5379,,,,,,0.2333,0.4,0,,,C,,,0.1098,0.5455,,0.5288,A,67,0,◎-○軸 3着3〜4艇流し（10〜15点）,0.5777,"{'is_target': True, 'verdict': '参加推奨', 'max_combo_prob': 0.0679, 'est_top_odds': 19.6, 'circle_concentration': 69.6, 'eligible_count': 8, 'bet_adj': 2, 'reason': 'rel_win1=57.0%（本命度） / 最有力組み合わせ確率: 0.068（推定実オッズ?20倍） / 2着集中度: 上位2艇 69.6%（補正+0.00） / 総合判定確率: 0.068 / → ヒモ分散。1号艇1着固定で広めのヒモ流し推奨（買い目+2点）', 'tenji_trigger': '展示確認: ヒモ分散レース。1号艇伸び確認後、広めのヒモ流しを採用。穴ヒモ（5・6号艇）を積極的に含める。'}",,,28.7,逃げ狙い,12.56,34.7,4,,,,,,,,,,,
2026-02-10,丸亀,1,3,加藤奈月,B1,39.18,3,△,9.4485,21.2,81,25.9,0.2048,3.7407,,,0,低,68,0,ま0%,,0,37.2,0.639,0,0,0.1,0,0,0,0.2591,0.1455,,,B,◎,,0.1491,0.627,,0.5288,A,67,0,◎-○軸 3着3〜4艇流し（10〜15点）,0.5777,"{'is_target': True, 'verdict': '参加推奨', 'max_combo_prob': 0.0679, 'est_top_odds': 19.6, 'circle_concentration': 69.6, 'eligible_count': 8, 'bet_adj': 2, 'reason': 'rel_win1=57.0%（本命度） / 最有力組み合わせ確率: 0.068（推定実オッズ?20倍） / 2着集中度: 上位2艇 69.6%（補正+0.00） / 総合判定確率: 0.068 / → ヒモ分散。1号艇1着固定で広めのヒモ流し推奨（買い目+2点）', 'tenji_trigger': '展示確認: ヒモ分散レース。1号艇伸び確認後、広めのヒモ流しを採用。穴ヒモ（5・6号艇）を積極的に含める。'}",,,28.7,逃げ狙い,12.56,34.7,4,,,,,,,,,,,
2026-02-10,丸亀,1,4,河上年昭,B1,22.09,4,,11.1173,8.8,78,34,0.1708,3.3019,,,0,低,130,0,-,,0,55.9,0.9285,,,,,,0.2342,0.2553,0.0632,,,E,,,0.2506,0.541,,0.5288,A,67,0,◎-○軸 3着3〜4艇流し（10〜15点）,0.5777,"{'is_target': True, 'verdict': '参加推奨', 'max_combo_prob': 0.0679, 'est_top_odds': 19.6, 'circle_concentration': 69.6, 'eligible_count': 8, 'bet_adj': 2, 'reason': 'rel_win1=57.0%（本命度） / 最有力組み合わせ確率: 0.068（推定実オッズ?20倍） / 2着集中度: 上位2艇 69.6%（補正+0.00） / 総合判定確率: 0.068 / → ヒモ分散。1号艇1着固定で広めのヒモ流し推奨（買い目+2点）', 'tenji_trigger': '展示確認: ヒモ分散レース。1号艇伸び確認後、広めのヒモ流しを採用。穴ヒモ（5・6号艇）を積極的に含める。'}",,,28.7,逃げ狙い,12.56,34.7,4,,,,,,,,,,,
2026-02-10,丸亀,1,5,野村　誠,B1,31.73,5,▲,9.8409,38.7,67,52.7,0.1671,3.3455,,,0,低,122,0,-,,0,22.2,0.6119,0,0,0,0.0455,0,0.1174,0.3043,0.0348,,,C,△,◎,0.2475,0.594,0.2964,0.5288,A,67,0,◎-○軸 3着3〜4艇流し（10〜15点）,0.5777,"{'is_target': True, 'verdict': '参加推奨', 'max_combo_prob': 0.0679, 'est_top_odds': 19.6, 'circle_concentration': 69.6, 'eligible_count': 8, 'bet_adj': 2, 'reason': 'rel_win1=57.0%（本命度） / 最有力組み合わせ確率: 0.068（推定実オッズ?20倍） / 2着集中度: 上位2艇 69.6%（補正+0.00） / 総合判定確率: 0.068 / → ヒモ分散。1号艇1着固定で広めのヒモ流し推奨（買い目+2点）', 'tenji_trigger': '展示確認: ヒモ分散レース。1号艇伸び確認後、広めのヒモ流しを採用。穴ヒモ（5・6号艇）を積極的に含める。'}",,,28.7,逃げ狙い,12.56,34.7,4,,,,,,,,,,,
2026-02-10,丸亀,1,6,新田智彰,B1,41.00,6,○,2.5951,0.4,66,23.3,0.1743,4.2083,,,0,低,135,0,-,,0,58,1.005,,,,,,0.0593,0.3437,0.1644,,,B,○,,0.2568,0.625,,0.5288,A,67,0,◎-○軸 3着3〜4艇流し（10〜15点）,0.5777,"{'is_target': True, 'verdict': '参加推奨', 'max_combo_prob': 0.0679, 'est_top_odds': 19.6, 'circle_concentration': 69.6, 'eligible_count': 8, 'bet_adj': 2, 'reason': 'rel_win1=57.0%（本命度） / 最有力組み合わせ確率: 0.068（推定実オッズ?20倍） / 2着集中度: 上位2艇 69.6%（補正+0.00） / 総合判定確率: 0.068 / → ヒモ分散。1号艇1着固定で広めのヒモ流し推奨（買い目+2点）', 'tenji_trigger': '展示確認: ヒモ分散レース。1号艇伸び確認後、広めのヒモ流しを採用。穴ヒモ（5・6号艇）を積極的に含める。'}",,,28.7,逃げ狙い,12.56,34.7,4,,,,,,,,,,,
2026-02-10,丸亀,2,1,重富伸也,B1,23.46,1,◎,52.1084,,0,80.6,0.1772,3.7361,,,0,低,124,0,逃0%,,0,82.3,1.0334,0.4615,,,,,0.0615,0,0.3231,○,,D,△,,,0.6085,,0.3476,A,73,0,◎-○軸 3着3〜4艇流し（10〜15点）,0.5777,"{'is_target': True, 'verdict': '参加推奨', 'max_combo_prob': 0.0746, 'est_top_odds': 17.9, 'circle_concentration': 75.2, 'eligible_count': 8, 'bet_adj': 2, 'reason': 'rel_win1=52.1%（本命度） / 最有力組み合わせ確率: 0.075（推定実オッズ?18倍） / 2着集中度: 上位2艇 75.2%（補正+0.04） / 総合判定確率: 0.115 / → ヒモ分散。1号艇1着固定で広めのヒモ流し推奨（買い目+2点）', 'tenji_trigger': '展示確認: ヒモ分散レース。1号艇伸び確認後、広めのヒモ流しを採用。穴ヒモ（5・6号艇）を積極的に含める。'}",,,27.3,逃げ狙い,15.29,28.5,3,,,,,0,0,0.6155,0,,逃げ軸流し,A
2026-02-10,丸亀,2,2,藤森拓海,B1,27.88,2,,8.5615,33.5,91,42.1,0.2013,4.4474,,,0,低,121,0,差0%,,0,71.6,0.7203,0,0.0345,0,0,0,0.4333,0.1067,0.4067,,,C,,,0.065,0.5255,,0.3476,A,73,0,◎-○軸 3着3〜4艇流し（10〜15点）,0.5777,"{'is_target': True, 'verdict': '参加推奨', 'max_combo_prob': 0.0746, 'est_top_odds': 17.9, 'circle_concentration': 75.2, 'eligible_count': 8, 'bet_adj': 2, 'reason': 'rel_win1=52.1%（本命度） / 最有力組み合わせ確率: 0.075（推定実オッズ?18倍） / 2着集中度: 上位2艇 75.2%（補正+0.04） / 総合判定確率: 0.115 / → ヒモ分散。1号艇1着固定で広めのヒモ流し推奨（買い目+2点）', 'tenji_trigger': '展示確認: ヒモ分散レース。1号艇伸び確認後、広めのヒモ流しを採用。穴ヒモ（5・6号艇）を積極的に含める。'}",,,27.3,逃げ狙い,15.29,28.5,3,,,,,,,,,,,
2026-02-10,丸亀,2,3,三嶌誠司,A1,22.22,3,▲,23.4875,41.6,87,63.5,0.1573,3.0962,,,0,低,84,0,差ま0%,,0,82.1,1.4688,0,0,0,0.0741,0.1111,0.1235,0.1643,0.0959,,◎,E,◎,,0.3946,0.669,,0.3476,A,73,0,◎-○軸 3着3〜4艇流し（10〜15点）,0.5777,"{'is_target': True, 'verdict': '参加推奨', 'max_combo_prob': 0.0746, 'est_top_odds': 17.9, 'circle_concentration': 75.2, 'eligible_count': 8, 'bet_adj': 2, 'reason': 'rel_win1=52.1%（本命度） / 最有力組み合わせ確率: 0.075（推定実オッズ?18倍） / 2着集中度: 上位2艇 75.2%（補正+0.04） / 総合判定確率: 0.115 / → ヒモ分散。1号艇1着固定で広めのヒモ流し推奨（買い目+2点）', 'tenji_trigger': '展示確認: ヒモ分散レース。1号艇伸び確認後、広めのヒモ流しを採用。穴ヒモ（5・6号艇）を積極的に含める。'}",,,27.3,逃げ狙い,15.29,28.5,3,,,,,,,,,,,
2026-02-10,丸亀,2,4,汐崎正則,B1,37.25,4,△,9.3247,8.5,100,42.2,0.1776,3.7667,,,0,低,79,0,-,,0,52.7,0.9719,,,,,,0.05,0.17,0.075,,,B,△,,0.3108,0.618,,0.3476,A,73,0,◎-○軸 3着3〜4艇流し（10〜15点）,0.5777,"{'is_target': True, 'verdict': '参加推奨', 'max_combo_prob': 0.0746, 'est_top_odds': 17.9, 'circle_concentration': 75.2, 'eligible_count': 8, 'bet_adj': 2, 'reason': 'rel_win1=52.1%（本命度） / 最有力組み合わせ確率: 0.075（推定実オッズ?18倍） / 2着集中度: 上位2艇 75.2%（補正+0.04） / 総合判定確率: 0.115 / → ヒモ分散。1号艇1着固定で広めのヒモ流し推奨（買い目+2点）', 'tenji_trigger': '展示確認: ヒモ分散レース。1号艇伸び確認後、広めのヒモ流しを採用。穴ヒモ（5・6号艇）を積極的に含める。'}",,,27.3,逃げ狙い,15.29,28.5,3,,,,,,,,,,,
2026-02-10,丸亀,2,5,今井美亜,A2,41.35,5,○,5.287,12,54,42.1,0.1595,3.5,,,0,低,28,0,-,,0,29.2,1.1833,,,,,,0,0.1429,0.1429,,,A,○,,0.3663,0.629,,0.3476,A,73,0,◎-○軸 3着3〜4艇流し（10〜15点）,0.5777,"{'is_target': True, 'verdict': '参加推奨', 'max_combo_prob': 0.0746, 'est_top_odds': 17.9, 'circle_concentration': 75.2, 'eligible_count': 8, 'bet_adj': 2, 'reason': 'rel_win1=52.1%（本命度） / 最有力組み合わせ確率: 0.075（推定実オッズ?18倍） / 2着集中度: 上位2艇 75.2%（補正+0.04） / 総合判定確率: 0.115 / → ヒモ分散。1号艇1着固定で広めのヒモ流し推奨（買い目+2点）', 'tenji_trigger': '展示確認: ヒモ分散レース。1号艇伸び確認後、広めのヒモ流しを採用。穴ヒモ（5・6号艇）を積極的に含める。'}",,,27.3,逃げ狙い,15.29,28.5,3,,,,,,,,,,,
2026-02-10,丸亀,2,6,森　弘行,B1,26.00,6,,1.2309,4.3,46,18.8,0.1663,3.6094,,,0,低,123,0,-,,0,41.9,0.8397,,,,,,0.4263,0.1474,0.1921,,,D,,,0.3447,0.5765,,0.3476,A,73,0,◎-○軸 3着3〜4艇流し（10〜15点）,0.5777,"{'is_target': True, 'verdict': '参加推奨', 'max_combo_prob': 0.0746, 'est_top_odds': 17.9, 'circle_concentration': 75.2, 'eligible_count': 8, 'bet_adj': 2, 'reason': 'rel_win1=52.1%（本命度） / 最有力組み合わせ確率: 0.075（推定実オッズ?18倍） / 2着集中度: 上位2艇 75.2%（補正+0.04） / 総合判定確率: 0.115 / → ヒモ分散。1号艇1着固定で広めのヒモ流し推奨（買い目+2点）', 'tenji_trigger': '展示確認: ヒモ分散レース。1号艇伸び確認後、広めのヒモ流しを採用。穴ヒモ（5・6号艇）を積極的に含める。'}",,,27.3,逃げ狙い,15.29,28.5,3,,,,,,,,,,,
2026-02-10,丸亀,3,1,宮嵜隆太,B1,22.58,1,◎,38.5045,,0,72.9,0.1283,2.5833,,,0,低,56,0,逃0%,,0,72.8,0.9012,0.2778,,,,,0.2833,0.3667,0.0222,◎,,E,○,,,0.654,,0.4761,B,46,0,◎○△フォーメーション（15〜20点）,0.5777,"{'is_target': False, 'verdict': '対象外', 'max_combo_prob': None, 'est_top_odds': None, 'circle_concentration': None, 'eligible_count': 0, 'bet_adj': 0, 'reason': '1号艇rel_win1 < 45%: 通常判定に委ねる', 'tenji_trigger': ''}",,,32.1,両建て推奨,19.65,38.5,2,,,,,0,0,0.7559,0,,逃げ軸流し,A
2026-02-10,丸亀,3,2,石田政吾,B1,40.00,2,○,21.5742,42.9,73,67.3,0.1504,3.0091,,,0,低,126,0,-,,0,30.2,0.9317,0,0.0833,0,0,0.0417,0.0615,0.2123,0.1662,,,A,△,,0.1396,0.6375,,0.4761,B,46,0,◎○△フォーメーション（15〜20点）,0.5777,"{'is_target': False, 'verdict': '対象外', 'max_combo_prob': None, 'est_top_odds': None, 'circle_concentration': None, 'eligible_count': 0, 'bet_adj': 0, 'reason': '1号艇rel_win1 < 45%: 通常判定に委ねる', 'tenji_trigger': ''}",,,32.1,両建て推奨,19.65,38.5,2,,,,,,,,,,,
2026-02-10,丸亀,3,3,田村隆信,A1,27.55,3,▲,17.2475,26.7,79,64.7,0.1406,2.4706,,,0,低,42,0,ま0%,,0,38.2,1.0658,0,0,0.1176,0.0588,0,0.1011,0.0154,0.0154,,,D,◎,,0.2932,0.657,,0.4761,B,46,0,◎○△フォーメーション（15〜20点）,0.5777,"{'is_target': False, 'verdict': '対象外', 'max_combo_prob': None, 'est_top_odds': None, 'circle_concentration': None, 'eligible_count': 0, 'bet_adj': 0, 'reason': '1号艇rel_win1 < 45%: 通常判定に委ねる', 'tenji_trigger': ''}",,,32.1,両建て推奨,19.65,38.5,2,,,,,,,,,,,
2026-02-10,丸亀,3,4,山本景士,B1,33.65,4,,8.8498,10.6,100,42.6,0.1807,4.1667,,,0,低,147,0,-,,0,73.6,0.9385,,,,,,0.1091,0.2909,0.0182,,,C,△,,0.1909,0.6505,,0.4761,B,46,0,◎○△フォーメーション（15〜20点）,0.5777,"{'is_target': False, 'verdict': '対象外', 'max_combo_prob': None, 'est_top_odds': None, 'circle_concentration': None, 'eligible_count': 0, 'bet_adj': 0, 'reason': '1号艇rel_win1 < 45%: 通常判定に委ねる', 'tenji_trigger': ''}",,,32.1,両建て推奨,19.65,38.5,2,,,,,,,,,,,
2026-02-10,丸亀,3,5,妻鳥晋也,B1,25.81,5,,10.8468,13.9,92,55.6,0.1729,3.7619,,,0,低,151,0,差ま0%,,0,80,1.2371,0,0,0,0.0357,0.0357,0.25,0.21,0.23,,,D,,◎,0.192,0.601,0.3033,0.4761,B,46,0,◎○△フォーメーション（15〜20点）,0.5777,"{'is_target': False, 'verdict': '対象外', 'max_combo_prob': None, 'est_top_odds': None, 'circle_concentration': None, 'eligible_count': 0, 'bet_adj': 0, 'reason': '1号艇rel_win1 < 45%: 通常判定に委ねる', 'tenji_trigger': ''}",,,32.1,両建て推奨,19.65,38.5,2,,,,,,,,,,,
2026-02-10,丸亀,3,6,刑部亜里,A2,36.70,6,△,2.9772,5.9,51,33.3,0.1797,4.0139,,,0,低,94,0,差ま0%,,0,30.7,1.2803,0,0,0,0.0667,0,0.2248,0.0533,0.1124,,,B,,,0.1827,0.5895,,0.4761,B,46,0,◎○△フォーメーション（15〜20点）,0.5777,"{'is_target': False, 'verdict': '対象外', 'max_combo_prob': None, 'est_top_odds': None, 'circle_concentration': None, 'eligible_count': 0, 'bet_adj': 0, 'reason': '1号艇rel_win1 < 45%: 通常判定に委ねる', 'tenji_trigger': ''}",,,32.1,両建て推奨,19.65,38.5,2,,,,,,,,,,,
2026-02-10,丸亀,4,1,今出晋二,B1,28.45,1,◎,38.2155,,0,52.5,0.1443,3.1125,,,0,低,89,0,逃0%,,0,48.1,0.6896,0.0588,,,,,0.4412,0.4176,0.1176,△,,C,△,,,0.594,,0.2648,D,22,1,大荒れ。見送り推奨,0.5777,"{'is_target': False, 'verdict': '対象外', 'max_combo_prob': None, 'est_top_odds': None, 'circle_concentration': None, 'eligible_count': 0, 'bet_adj': 0, 'reason': '1号艇rel_win1 < 45%: 通常判定に委ねる', 'tenji_trigger': ''}",,,34.7,両建て推奨,18.86,46.4,3,3-4-5|3-5-4|3-5-6|1-3-5|1-3-6|1-2-3|1-2-5|1-2-6,2-1-5|3-4-5|4-1-5|3-5-4|3-5-6|2-1-4|4-1-6|1-3-5|1-3-6|1-2-3|1-2-5|1-2-6,3-4-5:2.3%|3-5-4:2.04%|3-5-6:2.02%|1-3-5:7.41%|1-3-6:5.31%|1-2-3:4.95%|1-2-5:4.93%|1-2-6:3.53%,3-4-5:B_main|3-5-4:B_main|3-5-6:B_main|1-3-5:A|1-3-6:A|1-2-3:A|1-2-5:A|1-2-6:A,8,12,0.4535,1,[!]見送り推奨（主役決まり手「まくり」― 逃げ劣勢レースで的中実績なし）,荒れ広め,D
2026-02-10,丸亀,4,2,深尾巴恵,B2,21.98,2,,8.1088,35.2,74,33.3,0.1859,4.2222,,,0,低,70,0,-,,0,15.8,0.5281,,,,,,0.25,0,0.5,,,E,,,0.1437,0.5515,,0.2648,D,22,1,大荒れ。見送り推奨,0.5777,"{'is_target': False, 'verdict': '対象外', 'max_combo_prob': None, 'est_top_odds': None, 'circle_concentration': None, 'eligible_count': 0, 'bet_adj': 0, 'reason': '1号艇rel_win1 < 45%: 通常判定に委ねる', 'tenji_trigger': ''}",,,34.7,両建て推奨,18.86,46.4,3,,,,,,,,,,,
2026-02-10,丸亀,4,3,高橋竜矢,A1,24.42,3,○,25.913,48.7,96,90.3,0.121,2.4839,,,0,低,31,0,-,,0,49.8,1.0223,0,0.0556,0.0556,0.0556,0.0556,0,0.0417,0.0833,,◎,D,◎,,0.4728,0.6585,,0.2648,D,22,1,大荒れ。見送り推奨,0.5777,"{'is_target': False, 'verdict': '対象外', 'max_combo_prob': None, 'est_top_odds': None, 'circle_concentration': None, 'eligible_count': 0, 'bet_adj': 0, 'reason': '1号艇rel_win1 < 45%: 通常判定に委ねる', 'tenji_trigger': ''}",,,34.7,両建て推奨,18.86,46.4,3,,,,,,,,,,,
2026-02-10,丸亀,4,4,佐藤右京,B1,36.36,4,△,9.5011,4.4,42,14.6,0.1993,4.4146,,,0,低,134,0,-,,0,66.1,0.7057,,,,,,0.0421,0.3263,0.2421,,,B,,,0.1999,0.505,,0.2648,D,22,1,大荒れ。見送り推奨,0.5777,"{'is_target': False, 'verdict': '対象外', 'max_combo_prob': None, 'est_top_odds': None, 'circle_concentration': None, 'eligible_count': 0, 'bet_adj': 0, 'reason': '1号艇rel_win1 < 45%: 通常判定に委ねる', 'tenji_trigger': ''}",,,34.7,両建て推奨,18.86,46.4,3,,,,,,,,,,,
2026-02-10,丸亀,4,5,坂本雄紀,A2,30.77,5,▲,12.1946,10.5,100,45.6,0.1378,2.7391,,,0,低,73,0,差ま0% 抜0%,,0,86.9,1.4952,0,0,0,0.0476,0.0476,0.125,0.0417,0.0417,,,B,△,,0.3652,0.579,,0.2648,D,22,1,大荒れ。見送り推奨,0.5777,"{'is_target': False, 'verdict': '対象外', 'max_combo_prob': None, 'est_top_odds': None, 'circle_concentration': None, 'eligible_count': 0, 'bet_adj': 0, 'reason': '1号艇rel_win1 < 45%: 通常判定に委ねる', 'tenji_trigger': ''}",,,34.7,両建て推奨,18.86,46.4,3,,,,,,,,,,,
2026-02-10,丸亀,4,6,荒木颯斗,A2,27.72,6,,6.067,1.3,48,26.5,0.1729,4.1471,,,0,低,68,0,差ま0%,,0,27.9,1.2428,0,0,0,0.1,0,0,0.08,0.19,,,D,○,,0.2712,0.6105,,0.2648,D,22,1,大荒れ。見送り推奨,0.5777,"{'is_target': False, 'verdict': '対象外', 'max_combo_prob': None, 'est_top_odds': None, 'circle_concentration': None, 'eligible_count': 0, 'bet_adj': 0, 'reason': '1号艇rel_win1 < 45%: 通常判定に委ねる', 'tenji_trigger': ''}",,,34.7,両建て推奨,18.86,46.4,3,,,,,,,,,,,
2026-02-10,丸亀,5,1,今泉　徹,B1,32.00,1,○,35.8664,,0,65.2,0.16,3.2065,,,0,低,120,0,逃0%,,0,49.1,0.8116,0.1,,,,,0.42,0.3,0.18,△,,D,◎,,,0.6375,,0.2997,D,34,1,大荒れ。見送り推奨,0.5777,"{'is_target': False, 'verdict': '対象外', 'max_combo_prob': None, 'est_top_odds': None, 'circle_concentration': None, 'eligible_count': 0, 'bet_adj': 0, 'reason': '1号艇rel_win1 < 45%: 通常判定に委ねる', 'tenji_trigger': ''}",,,28.5,両建て推奨,17.57,44.3,4,3-1-4|3-1-5|1-2-6|1-2-5|1-2-4|1-4-6|1-3-6,6-1-2|3-1-4|5-1-6|6-2-1|6-1-4|3-1-5|5-1-2|1-2-6|1-2-5|1-2-4|1-4-6|1-3-6,3-1-4:2.89%|3-1-5:2.19%|1-2-6:5.55%|1-2-5:5.26%|1-2-4:5.18%|1-4-6:4.25%|1-3-6:4.14%,3-1-4:B_main|3-1-5:B_main|1-2-6:A|1-2-5:A|1-2-4:A|1-4-6:A|1-3-6:A,7,12,0.4535,1,[!]見送り推奨（主役決まり手「まくり差し」― 逃げ劣勢レースで的中実績なし）,荒れ広め,D
2026-02-10,丸亀,5,2,小林文彦,B1,46.46,2,◎,14.4329,40.4,100,65.4,0.1865,4.5673,,,0,低,166,0,差0% ま0%,,0,22,0.7402,0,0.087,0.087,0,0,0.0143,0.2286,0.1143,,,A,△,,0.1333,0.5995,,0.2997,D,34,1,大荒れ。見送り推奨,0.5777,"{'is_target': False, 'verdict': '対象外', 'max_combo_prob': None, 'est_top_odds': None, 'circle_concentration': None, 'eligible_count': 0, 'bet_adj': 0, 'reason': '1号艇rel_win1 < 45%: 通常判定に委ねる', 'tenji_trigger': ''}",,,28.5,両建て推奨,17.57,44.3,4,,,,,,,,,,,
2026-02-10,丸亀,5,3,屋良龍紀,B1,19.15,3,,11.449,9.8,63,34.4,0.14,2.8279,,,0,低,86,0,差ま0%,,0,63.8,0.7946,0,0,0,0.0667,0,0.1733,0.0267,0.1733,,◎,E,,,0.4427,0.587,,0.2997,D,34,1,大荒れ。見送り推奨,0.5777,"{'is_target': False, 'verdict': '対象外', 'max_combo_prob': None, 'est_top_odds': None, 'circle_concentration': None, 'eligible_count': 0, 'bet_adj': 0, 'reason': '1号艇rel_win1 < 45%: 通常判定に委ねる', 'tenji_trigger': ''}",,,28.5,両建て推奨,17.57,44.3,4,,,,,,,,,,,
2026-02-10,丸亀,5,4,平石和男,A2,43.00,4,▲,18.6463,27.1,82,60.7,0.1952,4.375,,,0,低,226,0,-,,0,55.9,1.2743,0,0.125,0,0.0417,0.0417,0.1058,0.1706,0.2354,,,B,○,,0.2065,0.6275,0.2788,0.2997,D,34,1,大荒れ。見送り推奨,0.5777,"{'is_target': False, 'verdict': '対象外', 'max_combo_prob': None, 'est_top_odds': None, 'circle_concentration': None, 'eligible_count': 0, 'bet_adj': 0, 'reason': '1号艇rel_win1 < 45%: 通常判定に委ねる', 'tenji_trigger': ''}",,,28.5,両建て推奨,17.57,44.3,4,,,,,,,,,,,
2026-02-10,丸亀,5,5,西丸侑太,A1,34.65,5,△,12.0511,14.7,66,44.7,0.1598,3.5745,,,0,低,100,0,-,,0,28.2,1.2769,0,0,0,0.0909,0,0,0.1314,0.0429,,,C,△,◎,0.3401,0.6105,0.3858,0.2997,D,34,1,大荒れ。見送り推奨,0.5777,"{'is_target': False, 'verdict': '対象外', 'max_combo_prob': None, 'est_top_odds': None, 'circle_concentration': None, 'eligible_count': 0, 'bet_adj': 0, 'reason': '1号艇rel_win1 < 45%: 通常判定に委ねる', 'tenji_trigger': ''}",,,28.5,両建て推奨,17.57,44.3,4,,,,,,,,,,,
2026-02-10,丸亀,5,6,田中　豪,A2,35.35,6,,7.5543,8,63,45.5,0.185,4.3523,,,0,低,108,0,差0% 差ま0%,,0,95.5,1.9603,0,0.0476,0,0.0952,0,0.0429,0.1429,0.1571,,,C,,○,0.2601,0.574,0.2873,0.2997,D,34,1,大荒れ。見送り推奨,0.5777,"{'is_target': False, 'verdict': '対象外', 'max_combo_prob': None, 'est_top_odds': None, 'circle_concentration': None, 'eligible_count': 0, 'bet_adj': 0, 'reason': '1号艇rel_win1 < 45%: 通常判定に委ねる', 'tenji_trigger': ''}",,,28.5,両建て推奨,17.57,44.3,4,,,,,,,,,,,
2026-02-10,丸亀,6,1,是澤孝宏,A2,40.00,1,◎,69.1585,,0,84.8,0.1527,3.0949,,,0,低,125,0,逃1%,,0,89,1.2904,0.6875,,,,,0.1625,0.0125,0.0375,◎,,C,△,,,0.6235,,0.5382,S,94,0,◎1着固定 2-3着流し（5〜8点）,0.5777,"{'is_target': True, 'verdict': '参加推奨', 'max_combo_prob': 0.0704, 'est_top_odds': 18.9, 'circle_concentration': 64.3, 'eligible_count': 6, 'bet_adj': 2, 'reason': 'rel_win1=69.2%（本命度） / 最有力組み合わせ確率: 0.070（推定実オッズ?19倍） / 2着集中度: 上位2艇 64.3%（補正+0.00） / 総合判定確率: 0.070 / → ヒモ分散。1号艇1着固定で広めのヒモ流し推奨（買い目+2点）', 'tenji_trigger': '展示確認: ヒモ分散レース。1号艇伸び確認後、広めのヒモ流しを採用。穴ヒモ（5・6号艇）を積極的に含める。'}",,,27.7,逃げ狙い,16.64,28.3,2,,,,,0,0,0.7559,0,,逃げ軸流し,A
2026-02-10,丸亀,6,2,近藤稔也,B1,25.71,2,,10.1298,30.2,83,44.4,0.1879,3.9524,,,0,低,180,0,-,,0,34.6,0.886,,,,,,0.368,0.32,0.064,,,D,△,,0.0775,0.609,,0.5382,S,94,0,◎1着固定 2-3着流し（5〜8点）,0.5777,"{'is_target': True, 'verdict': '参加推奨', 'max_combo_prob': 0.0704, 'est_top_odds': 18.9, 'circle_concentration': 64.3, 'eligible_count': 6, 'bet_adj': 2, 'reason': 'rel_win1=69.2%（本命度） / 最有力組み合わせ確率: 0.070（推定実オッズ?19倍） / 2着集中度: 上位2艇 64.3%（補正+0.00） / 総合判定確率: 0.070 / → ヒモ分散。1号艇1着固定で広めのヒモ流し推奨（買い目+2点）', 'tenji_trigger': '展示確認: ヒモ分散レース。1号艇伸び確認後、広めのヒモ流しを採用。穴ヒモ（5・6号艇）を積極的に含める。'}",,,27.7,逃げ狙い,16.64,28.3,2,,,,,,,,,,,
2026-02-10,丸亀,6,3,坂本一真,B1,46.08,3,▲,8.4007,34.1,73,25,0.1771,3.7083,,,0,低,111,0,-,,0,55.7,0.6265,,,,,,0.4,0.1,0,,,B,,,0.188,0.532,,0.5382,S,94,0,◎1着固定 2-3着流し（5〜8点）,0.5777,"{'is_target': True, 'verdict': '参加推奨', 'max_combo_prob': 0.0704, 'est_top_odds': 18.9, 'circle_concentration': 64.3, 'eligible_count': 6, 'bet_adj': 2, 'reason': 'rel_win1=69.2%（本命度） / 最有力組み合わせ確率: 0.070（推定実オッズ?19倍） / 2着集中度: 上位2艇 64.3%（補正+0.00） / 総合判定確率: 0.070 / → ヒモ分散。1号艇1着固定で広めのヒモ流し推奨（買い目+2点）', 'tenji_trigger': '展示確認: ヒモ分散レース。1号艇伸び確認後、広めのヒモ流しを採用。穴ヒモ（5・6号艇）を積極的に含める。'}",,,27.7,逃げ狙い,16.64,28.3,2,,,,,,,,,,,
2026-02-10,丸亀,6,4,藤井　徹,B1,23.40,4,,3.512,10.2,100,25,0.2058,4.25,,,0,低,130,0,-,,0,16.9,0.5894,,,,,,0.2,0.36,0.18,,,E,,,0.135,0.6035,,0.5382,S,94,0,◎1着固定 2-3着流し（5〜8点）,0.5777,"{'is_target': True, 'verdict': '参加推奨', 'max_combo_prob': 0.0704, 'est_top_odds': 18.9, 'circle_concentration': 64.3, 'eligible_count': 6, 'bet_adj': 2, 'reason': 'rel_win1=69.2%（本命度） / 最有力組み合わせ確率: 0.070（推定実オッズ?19倍） / 2着集中度: 上位2艇 64.3%（補正+0.00） / 総合判定確率: 0.070 / → ヒモ分散。1号艇1着固定で広めのヒモ流し推奨（買い目+2点）', 'tenji_trigger': '展示確認: ヒモ分散レース。1号艇伸び確認後、広めのヒモ流しを採用。穴ヒモ（5・6号艇）を積極的に含める。'}",,,27.7,逃げ狙い,16.64,28.3,2,,,,,,,,,,,
2026-02-10,丸亀,6,5,津田陸翔,A2,31.00,5,△,2.9997,19,70,40.5,0.1574,3.6429,,,0,低,80,0,-,,0,26.4,1.129,,,,,,0,0.0842,0.2421,,,D,○,,0.295,0.6525,,0.5382,S,94,0,◎1着固定 2-3着流し（5〜8点）,0.5777,"{'is_target': True, 'verdict': '参加推奨', 'max_combo_prob': 0.0704, 'est_top_odds': 18.9, 'circle_concentration': 64.3, 'eligible_count': 6, 'bet_adj': 2, 'reason': 'rel_win1=69.2%（本命度） / 最有力組み合わせ確率: 0.070（推定実オッズ?19倍） / 2着集中度: 上位2艇 64.3%（補正+0.00） / 総合判定確率: 0.070 / → ヒモ分散。1号艇1着固定で広めのヒモ流し推奨（買い目+2点）', 'tenji_trigger': '展示確認: ヒモ分散レース。1号艇伸び確認後、広めのヒモ流しを採用。穴ヒモ（5・6号艇）を積極的に含める。'}",,,27.7,逃げ狙い,16.64,28.3,2,,,,,,,,,,,
2026-02-10,丸亀,6,6,岡崎恭裕,A1,53.54,6,○,5.7993,6.5,82,62.5,0.1425,3.25,,,0,低,38,0,差ま0%,,0,100,2.5133,0,0,0,0.1,0,0.1962,0.0462,0,,,A,◎,,0.3285,0.665,,0.5382,S,94,0,◎1着固定 2-3着流し（5〜8点）,0.5777,"{'is_target': True, 'verdict': '参加推奨', 'max_combo_prob': 0.0704, 'est_top_odds': 18.9, 'circle_concentration': 64.3, 'eligible_count': 6, 'bet_adj': 2, 'reason': 'rel_win1=69.2%（本命度） / 最有力組み合わせ確率: 0.070（推定実オッズ?19倍） / 2着集中度: 上位2艇 64.3%（補正+0.00） / 総合判定確率: 0.070 / → ヒモ分散。1号艇1着固定で広めのヒモ流し推奨（買い目+2点）', 'tenji_trigger': '展示確認: ヒモ分散レース。1号艇伸び確認後、広めのヒモ流しを採用。穴ヒモ（5・6号艇）を積極的に含める。'}",,,27.7,逃げ狙い,16.64,28.3,2,,,,,,,,,,,
2026-02-10,丸亀,7,1,野村　誠,B1,31.73,1,◎,48.2602,,0,90.6,0.1509,2.8672,,,0,低,122,0,-,,0,99.9,1.425,0.5217,,,,,0.1174,0.3043,0.0348,○,,D,△,,,0.594,,0.4304,A,76,0,◎-○軸 3着3〜4艇流し（10〜15点）,0.5777,"{'is_target': True, 'verdict': '点数絞り', 'max_combo_prob': 0.1156, 'est_top_odds': 11.5, 'circle_concentration': 73.6, 'eligible_count': 8, 'bet_adj': 0, 'reason': 'rel_win1=48.3%（本命度） / 最有力組み合わせ確率: 0.116（推定実オッズ?12倍） / 2着集中度: 上位2艇 73.6%（補正+0.04） / 総合判定確率: 0.156 / → ヒモはやや固め。上位2艇以外を切ること', 'tenji_trigger': '展示確認: 1号艇伸び良→そのまま採用。悪→飛び組に差し替え。circle_pct上位2艇に絞り込むこと。'}",,,33.2,逃げ狙い,28.37,34.2,2,,,,,0,0,0.6155,0,,逃げ軸流し,A
2026-02-10,丸亀,7,2,片岡雅裕,A1,56.00,2,○,20.1389,55.4,52,86.7,0.1273,2.3667,,,0,低,5,0,ま0%,,0,50.6,1.1305,0,0,0.1667,0,0,0.0286,0,0.3571,,◎,A,◎,,0.5786,0.8292,,0.4304,A,76,0,◎-○軸 3着3〜4艇流し（10〜15点）,0.5777,"{'is_target': True, 'verdict': '点数絞り', 'max_combo_prob': 0.1156, 'est_top_odds': 11.5, 'circle_concentration': 73.6, 'eligible_count': 8, 'bet_adj': 0, 'reason': 'rel_win1=48.3%（本命度） / 最有力組み合わせ確率: 0.116（推定実オッズ?12倍） / 2着集中度: 上位2艇 73.6%（補正+0.04） / 総合判定確率: 0.156 / → ヒモはやや固め。上位2艇以外を切ること', 'tenji_trigger': '展示確認: 1号艇伸び良→そのまま採用。悪→飛び組に差し替え。circle_pct上位2艇に絞り込むこと。'}",,,33.2,逃げ狙い,28.37,34.2,2,,,,,,,,,,,
2026-02-10,丸亀,7,3,藤原孝斗,B1,30.91,3,,8.5939,13.2,60,35.4,0.165,3.0833,,,0,低,132,0,差ま0% 抜0%,,0,35.5,0.7365,0,0,0,0.04,0.08,0.05,0.4167,0.0333,,,D,,,0.246,0.5475,,0.4304,A,76,0,◎-○軸 3着3〜4艇流し（10〜15点）,0.5777,"{'is_target': True, 'verdict': '点数絞り', 'max_combo_prob': 0.1156, 'est_top_odds': 11.5, 'circle_concentration': 73.6, 'eligible_count': 8, 'bet_adj': 0, 'reason': 'rel_win1=48.3%（本命度） / 最有力組み合わせ確率: 0.116（推定実オッズ?12倍） / 2着集中度: 上位2艇 73.6%（補正+0.04） / 総合判定確率: 0.156 / → ヒモはやや固め。上位2艇以外を切ること', 'tenji_trigger': '展示確認: 1号艇伸び良→そのまま採用。悪→飛び組に差し替え。circle_pct上位2艇に絞り込むこと。'}",,,33.2,逃げ狙い,28.37,34.2,2,,,,,,,,,,,
2026-02-10,丸亀,7,4,山田晃大,A2,35.85,4,▲,13.079,18.3,100,61.8,0.1333,2.3273,,,0,低,63,0,-,,0,26.3,0.6845,0,0.0645,0,0.0323,0.0323,0.0089,0.1911,0.1822,,○,B,○,◎,0.4016,0.655,0.4165,0.4304,A,76,0,◎-○軸 3着3〜4艇流し（10〜15点）,0.5777,"{'is_target': True, 'verdict': '点数絞り', 'max_combo_prob': 0.1156, 'est_top_odds': 11.5, 'circle_concentration': 73.6, 'eligible_count': 8, 'bet_adj': 0, 'reason': 'rel_win1=48.3%（本命度） / 最有力組み合わせ確率: 0.116（推定実オッズ?12倍） / 2着集中度: 上位2艇 73.6%（補正+0.04） / 総合判定確率: 0.156 / → ヒモはやや固め。上位2艇以外を切ること', 'tenji_trigger': '展示確認: 1号艇伸び良→そのまま採用。悪→飛び組に差し替え。circle_pct上位2艇に絞り込むこと。'}",,,33.2,逃げ狙い,28.37,34.2,2,,,,,,,,,,,
2026-02-10,丸亀,7,5,西野翔太,A2,22.34,5,,6.2183,11.7,38,38,0.145,2.66,,,0,低,72,0,-,,0,22.5,0.5893,0,0,0.0417,0.0833,0,0.1556,0.0918,0.0465,,,E,△,,0.3611,0.6405,,0.4304,A,76,0,◎-○軸 3着3〜4艇流し（10〜15点）,0.5777,"{'is_target': True, 'verdict': '点数絞り', 'max_combo_prob': 0.1156, 'est_top_odds': 11.5, 'circle_concentration': 73.6, 'eligible_count': 8, 'bet_adj': 0, 'reason': 'rel_win1=48.3%（本命度） / 最有力組み合わせ確率: 0.116（推定実オッズ?12倍） / 2着集中度: 上位2艇 73.6%（補正+0.04） / 総合判定確率: 0.156 / → ヒモはやや固め。上位2艇以外を切ること', 'tenji_trigger': '展示確認: 1号艇伸び良→そのまま採用。悪→飛び組に差し替え。circle_pct上位2艇に絞り込むこと。'}",,,33.2,逃げ狙い,28.37,34.2,2,,,,,,,,,,,
2026-02-10,丸亀,7,6,山本浩次,B1,35.78,6,△,3.7097,1.5,33,16.7,0.1783,3.6667,,,0,低,84,0,-,,0,24.1,0.8769,,,,,,0.23,0.2033,0,,,C,,,0.2705,0.5845,,0.4304,A,76,0,◎-○軸 3着3〜4艇流し（10〜15点）,0.5777,"{'is_target': True, 'verdict': '点数絞り', 'max_combo_prob': 0.1156, 'est_top_odds': 11.5, 'circle_concentration': 73.6, 'eligible_count': 8, 'bet_adj': 0, 'reason': 'rel_win1=48.3%（本命度） / 最有力組み合わせ確率: 0.116（推定実オッズ?12倍） / 2着集中度: 上位2艇 73.6%（補正+0.04） / 総合判定確率: 0.156 / → ヒモはやや固め。上位2艇以外を切ること', 'tenji_trigger': '展示確認: 1号艇伸び良→そのまま採用。悪→飛び組に差し替え。circle_pct上位2艇に絞り込むこと。'}",,,33.2,逃げ狙い,28.37,34.2,2,,,,,,,,,,,
2026-02-10,丸亀,8,1,細川裕子,A1,22.99,1,◎,67.5253,,0,96.4,0.1732,3.6786,,,0,低,59,0,逃1%,,0,83.8,1.0638,0.8333,,,,,0,0,0.0833,○,,D,△,,,0.6235,,0.439,S,92,0,◎1着固定 2-3着流し（5〜8点）,0.5777,"{'is_target': True, 'verdict': '参加推奨', 'max_combo_prob': 0.0974, 'est_top_odds': 13.7, 'circle_concentration': 68.0, 'eligible_count': 6, 'bet_adj': 2, 'reason': 'rel_win1=67.5%（本命度） / 最有力組み合わせ確率: 0.097（推定実オッズ?14倍） / 2着集中度: 上位2艇 68.0%（補正+0.00） / 総合判定確率: 0.097 / → ヒモ分散。1号艇1着固定で広めのヒモ流し推奨（買い目+2点）', 'tenji_trigger': '展示確認: ヒモ分散レース。1号艇伸び確認後、広めのヒモ流しを採用。穴ヒモ（5・6号艇）を積極的に含める。'}",,,25.9,逃げ狙い,16.94,23,2,,,,,0,0,0.6155,0,,逃げ軸流し,A
2026-02-10,丸亀,8,2,今井美亜,A2,41.35,2,○,13.5847,43.3,88,70.6,0.1476,2.5294,,,0,低,28,0,差0% 抜0%,,0,60.1,1.1398,0,0.1667,0,0,0.1667,0,0.1429,0.1429,,◎,A,◎,,0.5888,0.629,,0.439,S,92,0,◎1着固定 2-3着流し（5〜8点）,0.5777,"{'is_target': True, 'verdict': '参加推奨', 'max_combo_prob': 0.0974, 'est_top_odds': 13.7, 'circle_concentration': 68.0, 'eligible_count': 6, 'bet_adj': 2, 'reason': 'rel_win1=67.5%（本命度） / 最有力組み合わせ確率: 0.097（推定実オッズ?14倍） / 2着集中度: 上位2艇 68.0%（補正+0.00） / 総合判定確率: 0.097 / → ヒモ分散。1号艇1着固定で広めのヒモ流し推奨（買い目+2点）', 'tenji_trigger': '展示確認: ヒモ分散レース。1号艇伸び確認後、広めのヒモ流しを採用。穴ヒモ（5・6号艇）を積極的に含める。'}",,,25.9,逃げ狙い,16.94,23,2,,,,,,,,,,,
2026-02-10,丸亀,8,3,深尾巴恵,B2,21.98,3,,9.1162,24.8,87,60,0.132,2.5,,,0,低,70,0,-,,0,46.9,1.0798,0,0,0.125,0,0,0.25,0,0.5,,○,E,,,0.4769,0.5515,,0.439,S,92,0,◎1着固定 2-3着流し（5〜8点）,0.5777,"{'is_target': True, 'verdict': '参加推奨', 'max_combo_prob': 0.0974, 'est_top_odds': 13.7, 'circle_concentration': 68.0, 'eligible_count': 6, 'bet_adj': 2, 'reason': 'rel_win1=67.5%（本命度） / 最有力組み合わせ確率: 0.097（推定実オッズ?14倍） / 2着集中度: 上位2艇 68.0%（補正+0.00） / 総合判定確率: 0.097 / → ヒモ分散。1号艇1着固定で広めのヒモ流し推奨（買い目+2点）', 'tenji_trigger': '展示確認: ヒモ分散レース。1号艇伸び確認後、広めのヒモ流しを採用。穴ヒモ（5・6号艇）を積極的に含める。'}",,,25.9,逃げ狙い,16.94,23,2,,,,,,,,,,,
2026-02-10,丸亀,8,4,刑部亜里,A2,36.70,4,,6.4854,23.2,100,57.9,0.2063,4.75,,,0,低,94,0,ま0%,,0,54.4,1.0855,0,0,0.0476,0,0,0.2248,0.0533,0.1124,,,C,△,,0.1573,0.5895,,0.439,S,92,0,◎1着固定 2-3着流し（5〜8点）,0.5777,"{'is_target': True, 'verdict': '参加推奨', 'max_combo_prob': 0.0974, 'est_top_odds': 13.7, 'circle_concentration': 68.0, 'eligible_count': 6, 'bet_adj': 2, 'reason': 'rel_win1=67.5%（本命度） / 最有力組み合わせ確率: 0.097（推定実オッズ?14倍） / 2着集中度: 上位2艇 68.0%（補正+0.00） / 総合判定確率: 0.097 / → ヒモ分散。1号艇1着固定で広めのヒモ流し推奨（買い目+2点）', 'tenji_trigger': '展示確認: ヒモ分散レース。1号艇伸び確認後、広めのヒモ流しを採用。穴ヒモ（5・6号艇）を積極的に含める。'}",,,25.9,逃げ狙い,16.94,23,2,,,,,,,,,,,
2026-02-10,丸亀,8,5,伊藤　栞,B1,24.73,5,△,2.227,4.9,42,4.5,0.1686,3.5909,,,0,低,55,0,-,,0,26,0.696,,,,,,0,0.5,0.5,,,D,,,0.3277,0.5045,,0.439,S,92,0,◎1着固定 2-3着流し（5〜8点）,0.5777,"{'is_target': True, 'verdict': '参加推奨', 'max_combo_prob': 0.0974, 'est_top_odds': 13.7, 'circle_concentration': 68.0, 'eligible_count': 6, 'bet_adj': 2, 'reason': 'rel_win1=67.5%（本命度） / 最有力組み合わせ確率: 0.097（推定実オッズ?14倍） / 2着集中度: 上位2艇 68.0%（補正+0.00） / 総合判定確率: 0.097 / → ヒモ分散。1号艇1着固定で広めのヒモ流し推奨（買い目+2点）', 'tenji_trigger': '展示確認: ヒモ分散レース。1号艇伸び確認後、広めのヒモ流しを採用。穴ヒモ（5・6号艇）を積極的に含める。'}",,,25.9,逃げ狙い,16.94,23,2,,,,,,,,,,,
2026-02-10,丸亀,8,6,加藤奈月,B1,39.18,6,▲,1.0614,3.9,71,27.8,0.2039,4.9722,,,0,低,68,0,-,,0,41.8,1.1792,,,,,,0,0.2591,0.1455,,,B,○,,0.2123,0.627,,0.439,S,92,0,◎1着固定 2-3着流し（5〜8点）,0.5777,"{'is_target': True, 'verdict': '参加推奨', 'max_combo_prob': 0.0974, 'est_top_odds': 13.7, 'circle_concentration': 68.0, 'eligible_count': 6, 'bet_adj': 2, 'reason': 'rel_win1=67.5%（本命度） / 最有力組み合わせ確率: 0.097（推定実オッズ?14倍） / 2着集中度: 上位2艇 68.0%（補正+0.00） / 総合判定確率: 0.097 / → ヒモ分散。1号艇1着固定で広めのヒモ流し推奨（買い目+2点）', 'tenji_trigger': '展示確認: ヒモ分散レース。1号艇伸び確認後、広めのヒモ流しを採用。穴ヒモ（5・6号艇）を積極的に含める。'}",,,25.9,逃げ狙い,16.94,23,2,,,,,,,,,,,
2026-02-10,丸亀,9,1,松村康太,A2,33.00,1,◎,61.1117,,0,89.8,0.158,3.3125,,,0,低,166,0,逃0%,,0,82.9,1.1082,0.3333,,,,,0.22,0.1756,0.2689,◎,,C,○,,,0.6195,,0.465,S,80,0,◎1着固定 2-3着流し（5〜8点）,0.5777,"{'is_target': True, 'verdict': '点数絞り', 'max_combo_prob': 0.0921, 'est_top_odds': 14.5, 'circle_concentration': 75.8, 'eligible_count': 6, 'bet_adj': 0, 'reason': 'rel_win1=61.1%（本命度） / 最有力組み合わせ確率: 0.092（推定実オッズ?14倍） / 2着集中度: 上位2艇 75.8%（補正+0.04） / 総合判定確率: 0.132 / → ヒモはやや固め。上位2艇以外を切ること', 'tenji_trigger': '展示確認: 1号艇伸び良→そのまま採用。悪→飛び組に差し替え。circle_pct上位2艇に絞り込むこと。'}",,,30.1,逃げ狙い,15.3,36.5,3,,,,,0,0,0.7559,0,,逃げ軸流し,A
2026-02-10,丸亀,9,2,荒木颯斗,A2,27.72,2,△,7.7465,32.9,54,42.2,0.1667,3.6222,,,0,低,68,0,-,,0,51.4,0.7217,,,,,,0,0.08,0.19,,,D,△,,0.2735,0.6105,,0.465,S,80,0,◎1着固定 2-3着流し（5〜8点）,0.5777,"{'is_target': True, 'verdict': '点数絞り', 'max_combo_prob': 0.0921, 'est_top_odds': 14.5, 'circle_concentration': 75.8, 'eligible_count': 6, 'bet_adj': 0, 'reason': 'rel_win1=61.1%（本命度） / 最有力組み合わせ確率: 0.092（推定実オッズ?14倍） / 2着集中度: 上位2艇 75.8%（補正+0.04） / 総合判定確率: 0.132 / → ヒモはやや固め。上位2艇以外を切ること', 'tenji_trigger': '展示確認: 1号艇伸び良→そのまま採用。悪→飛び組に差し替え。circle_pct上位2艇に絞り込むこと。'}",,,30.1,逃げ狙い,15.3,36.5,3,,,,,,,,,,,
2026-02-10,丸亀,9,3,田中　豪,A2,35.35,3,○,19.1711,43,100,87.2,0.1634,3.4574,,,0,低,108,0,ま0% 差ま0%,,0,88.9,1.7246,0,0,0.04,0.12,0,0.0429,0.1429,0.1571,,,B,△,,0.3056,0.574,,0.465,S,80,0,◎1着固定 2-3着流し（5〜8点）,0.5777,"{'is_target': True, 'verdict': '点数絞り', 'max_combo_prob': 0.0921, 'est_top_odds': 14.5, 'circle_concentration': 75.8, 'eligible_count': 6, 'bet_adj': 0, 'reason': 'rel_win1=61.1%（本命度） / 最有力組み合わせ確率: 0.092（推定実オッズ?14倍） / 2着集中度: 上位2艇 75.8%（補正+0.04） / 総合判定確率: 0.132 / → ヒモはやや固め。上位2艇以外を切ること', 'tenji_trigger': '展示確認: 1号艇伸び良→そのまま採用。悪→飛び組に差し替え。circle_pct上位2艇に絞り込むこと。'}",,,30.1,逃げ狙い,15.3,36.5,3,,,,,,,,,,,
2026-02-10,丸亀,9,4,藤森拓海,B1,27.88,4,,5.2926,8.8,51,25,0.1923,4.2812,,,0,低,121,0,-,,0,67.2,1.3653,0,0,0.04,0.04,0,0.4333,0.1067,0.4067,,,D,,,0.1789,0.5255,,0.465,S,80,0,◎1着固定 2-3着流し（5〜8点）,0.5777,"{'is_target': True, 'verdict': '点数絞り', 'max_combo_prob': 0.0921, 'est_top_odds': 14.5, 'circle_concentration': 75.8, 'eligible_count': 6, 'bet_adj': 0, 'reason': 'rel_win1=61.1%（本命度） / 最有力組み合わせ確率: 0.092（推定実オッズ?14倍） / 2着集中度: 上位2艇 75.8%（補正+0.04） / 総合判定確率: 0.132 / → ヒモはやや固め。上位2艇以外を切ること', 'tenji_trigger': '展示確認: 1号艇伸び良→そのまま採用。悪→飛び組に差し替え。circle_pct上位2艇に絞り込むこと。'}",,,30.1,逃げ狙い,15.3,36.5,3,,,,,,,,,,,
2026-02-10,丸亀,9,5,山本景士,B1,33.65,5,▲,3.6123,8.3,27,24.2,0.1934,4.2339,,,0,低,147,0,-,,0,28.4,0.7436,,,,,,0.1091,0.2909,0.0182,,,B,◎,,0.2268,0.6505,,0.465,S,80,0,◎1着固定 2-3着流し（5〜8点）,0.5777,"{'is_target': True, 'verdict': '点数絞り', 'max_combo_prob': 0.0921, 'est_top_odds': 14.5, 'circle_concentration': 75.8, 'eligible_count': 6, 'bet_adj': 0, 'reason': 'rel_win1=61.1%（本命度） / 最有力組み合わせ確率: 0.092（推定実オッズ?14倍） / 2着集中度: 上位2艇 75.8%（補正+0.04） / 総合判定確率: 0.132 / → ヒモはやや固め。上位2艇以外を切ること', 'tenji_trigger': '展示確認: 1号艇伸び良→そのまま採用。悪→飛び組に差し替え。circle_pct上位2艇に絞り込むこと。'}",,,30.1,逃げ狙い,15.3,36.5,3,,,,,,,,,,,
2026-02-10,丸亀,9,6,河上年昭,B1,22.09,6,,3.0658,7.1,40,25.6,0.1835,3.7442,,,0,低,130,0,-,,0,28.4,1.0978,,,,,,0.2342,0.2553,0.0632,,,E,,,0.2552,0.541,,0.465,S,80,0,◎1着固定 2-3着流し（5〜8点）,0.5777,"{'is_target': True, 'verdict': '点数絞り', 'max_combo_prob': 0.0921, 'est_top_odds': 14.5, 'circle_concentration': 75.8, 'eligible_count': 6, 'bet_adj': 0, 'reason': 'rel_win1=61.1%（本命度） / 最有力組み合わせ確率: 0.092（推定実オッズ?14倍） / 2着集中度: 上位2艇 75.8%（補正+0.04） / 総合判定確率: 0.132 / → ヒモはやや固め。上位2艇以外を切ること', 'tenji_trigger': '展示確認: 1号艇伸び良→そのまま採用。悪→飛び組に差し替え。circle_pct上位2艇に絞り込むこと。'}",,,30.1,逃げ狙い,15.3,36.5,3,,,,,,,,,,,
2026-02-10,丸亀,10,1,平石和男,A2,43.00,1,◎,62.1963,,0,92.1,0.1829,3.9831,,,0,低,226,0,-,,0,91.3,1.261,0.4359,,,,,0.1058,0.1706,0.2354,○,,A,○,,,0.6275,,0.3433,S,82,0,◎1着固定 2-3着流し（5〜8点）,0.5777,"{'is_target': True, 'verdict': '点数絞り', 'max_combo_prob': 0.0945, 'est_top_odds': 14.1, 'circle_concentration': 72.2, 'eligible_count': 6, 'bet_adj': 0, 'reason': 'rel_win1=62.2%（本命度） / 最有力組み合わせ確率: 0.095（推定実オッズ?14倍） / 2着集中度: 上位2艇 72.2%（補正+0.04） / 総合判定確率: 0.135 / → ヒモはやや固め。上位2艇以外を切ること', 'tenji_trigger': '展示確認: 1号艇伸び良→そのまま採用。悪→飛び組に差し替え。circle_pct上位2艇に絞り込むこと。\n展示で1号艇スタート遅め(0.183秒)確認→ヒモが荒れやすい'}",,,29.3,逃げ狙い,15.26,34.3,2,,,,,0,0,0.6155,0,,主役軸流し,B
2026-02-10,丸亀,10,2,津田陸翔,A2,31.00,2,○,12.4233,45.6,100,62.2,0.1743,3.8784,,,0,低,80,0,差0% ま0%,,0,46.3,1.0095,0,0.0556,0.1111,0,0,0,0.0842,0.2421,,◎,C,◎,,0.4204,0.6525,,0.3433,S,82,0,◎1着固定 2-3着流し（5〜8点）,0.5777,"{'is_target': True, 'verdict': '点数絞り', 'max_combo_prob': 0.0945, 'est_top_odds': 14.1, 'circle_concentration': 72.2, 'eligible_count': 6, 'bet_adj': 0, 'reason': 'rel_win1=62.2%（本命度） / 最有力組み合わせ確率: 0.095（推定実オッズ?14倍） / 2着集中度: 上位2艇 72.2%（補正+0.04） / 総合判定確率: 0.135 / → ヒモはやや固め。上位2艇以外を切ること', 'tenji_trigger': '展示確認: 1号艇伸び良→そのまま採用。悪→飛び組に差し替え。circle_pct上位2艇に絞り込むこと。\n展示で1号艇スタート遅め(0.183秒)確認→ヒモが荒れやすい'}",,,29.3,逃げ狙い,15.26,34.3,2,,,,,,,,,,,
2026-02-10,丸亀,10,3,妻鳥晋也,B1,25.81,3,,9.0173,26.6,70,50,0.2058,4.5938,,,0,低,151,0,-,,0,24.7,0.9796,0,0,0.1176,0,0,0.25,0.21,0.23,,,D,,,0.2105,0.601,,0.3433,S,82,0,◎1着固定 2-3着流し（5〜8点）,0.5777,"{'is_target': True, 'verdict': '点数絞り', 'max_combo_prob': 0.0945, 'est_top_odds': 14.1, 'circle_concentration': 72.2, 'eligible_count': 6, 'bet_adj': 0, 'reason': 'rel_win1=62.2%（本命度） / 最有力組み合わせ確率: 0.095（推定実オッズ?14倍） / 2着集中度: 上位2艇 72.2%（補正+0.04） / 総合判定確率: 0.135 / → ヒモはやや固め。上位2艇以外を切ること', 'tenji_trigger': '展示確認: 1号艇伸び良→そのまま採用。悪→飛び組に差し替え。circle_pct上位2艇に絞り込むこと。\n展示で1号艇スタート遅め(0.183秒)確認→ヒモが荒れやすい'}",,,29.3,逃げ狙い,15.26,34.3,2,,,,,,,,,,,
2026-02-10,丸亀,10,4,重富伸也,B1,23.46,4,,7.663,15.1,36,27.1,0.1727,3.6771,,,0,低,124,0,ま0%,,0,46.5,1.0123,0,0,0.0625,0,0,0.0615,0,0.3231,,,E,△,,0.3563,0.6085,,0.3433,S,82,0,◎1着固定 2-3着流し（5〜8点）,0.5777,"{'is_target': True, 'verdict': '点数絞り', 'max_combo_prob': 0.0945, 'est_top_odds': 14.1, 'circle_concentration': 72.2, 'eligible_count': 6, 'bet_adj': 0, 'reason': 'rel_win1=62.2%（本命度） / 最有力組み合わせ確率: 0.095（推定実オッズ?14倍） / 2着集中度: 上位2艇 72.2%（補正+0.04） / 総合判定確率: 0.135 / → ヒモはやや固め。上位2艇以外を切ること', 'tenji_trigger': '展示確認: 1号艇伸び良→そのまま採用。悪→飛び組に差し替え。circle_pct上位2艇に絞り込むこと。\n展示で1号艇スタート遅め(0.183秒)確認→ヒモが荒れやすい'}",,,29.3,逃げ狙い,15.26,34.3,2,,,,,,,,,,,
2026-02-10,丸亀,10,5,新田智彰,B1,41.00,5,▲,3.5628,7.6,59,30.8,0.1797,3.8769,,,0,低,135,0,-,,0,40.3,0.9902,,,,,,0.0593,0.3437,0.1644,,,B,△,,0.3483,0.625,,0.3433,S,82,0,◎1着固定 2-3着流し（5〜8点）,0.5777,"{'is_target': True, 'verdict': '点数絞り', 'max_combo_prob': 0.0945, 'est_top_odds': 14.1, 'circle_concentration': 72.2, 'eligible_count': 6, 'bet_adj': 0, 'reason': 'rel_win1=62.2%（本命度） / 最有力組み合わせ確率: 0.095（推定実オッズ?14倍） / 2着集中度: 上位2艇 72.2%（補正+0.04） / 総合判定確率: 0.135 / → ヒモはやや固め。上位2艇以外を切ること', 'tenji_trigger': '展示確認: 1号艇伸び良→そのまま採用。悪→飛び組に差し替え。circle_pct上位2艇に絞り込むこと。\n展示で1号艇スタート遅め(0.183秒)確認→ヒモが荒れやすい'}",,,29.3,逃げ狙い,15.26,34.3,2,,,,,,,,,,,
2026-02-10,丸亀,10,6,坂本雄紀,A2,30.77,6,△,5.1373,5.1,45,36.4,0.1542,2.7727,,,0,低,73,0,差0% 差ま0%,,0,78.6,1.5844,0,0.0833,0,0.0833,0,0.125,0.0417,0.0417,,○,D,,,0.4102,0.579,,0.3433,S,82,0,◎1着固定 2-3着流し（5〜8点）,0.5777,"{'is_target': True, 'verdict': '点数絞り', 'max_combo_prob': 0.0945, 'est_top_odds': 14.1, 'circle_concentration': 72.2, 'eligible_count': 6, 'bet_adj': 0, 'reason': 'rel_win1=62.2%（本命度） / 最有力組み合わせ確率: 0.095（推定実オッズ?14倍） / 2着集中度: 上位2艇 72.2%（補正+0.04） / 総合判定確率: 0.135 / → ヒモはやや固め。上位2艇以外を切ること', 'tenji_trigger': '展示確認: 1号艇伸び良→そのまま採用。悪→飛び組に差し替え。circle_pct上位2艇に絞り込むこと。\n展示で1号艇スタート遅め(0.183秒)確認→ヒモが荒れやすい'}",,,29.3,逃げ狙い,15.26,34.3,2,,,,,,,,,,,
2026-02-10,丸亀,11,1,西丸侑太,A1,34.65,1,◎,58.6827,,0,87.5,0.15,3.125,,,0,低,100,0,逃1%,,0,76.2,1.0938,0.6786,,,,,0,0.1314,0.0429,◎,,C,,,,0.6105,,0.4761,S,87,0,◎1着固定 2-3着流し（5〜8点）,0.5777,"{'is_target': True, 'verdict': '点数絞り', 'max_combo_prob': 0.0914, 'est_top_odds': 14.6, 'circle_concentration': 73.8, 'eligible_count': 6, 'bet_adj': 0, 'reason': 'rel_win1=58.7%（本命度） / 最有力組み合わせ確率: 0.091（推定実オッズ?15倍） / 2着集中度: 上位2艇 73.8%（補正+0.04） / 総合判定確率: 0.131 / → ヒモはやや固め。上位2艇以外を切ること', 'tenji_trigger': '展示確認: 1号艇伸び良→そのまま採用。悪→飛び組に差し替え。circle_pct上位2艇に絞り込むこと。'}",,,27.3,逃げ狙い,19.24,24.9,2,,,,,0,0,0.7559,0,,逃げ軸流し,A
2026-02-10,丸亀,11,2,西野翔太,A2,22.34,2,▲,19.6406,47.6,90,73.9,0.1395,3,,,0,低,72,0,-,,0,44.4,0.9862,0,0.1562,0.0625,0,0,0.1556,0.0918,0.0465,,◎,E,◎,,0.4381,0.6405,,0.4761,S,87,0,◎1着固定 2-3着流し（5〜8点）,0.5777,"{'is_target': True, 'verdict': '点数絞り', 'max_combo_prob': 0.0914, 'est_top_odds': 14.6, 'circle_concentration': 73.8, 'eligible_count': 6, 'bet_adj': 0, 'reason': 'rel_win1=58.7%（本命度） / 最有力組み合わせ確率: 0.091（推定実オッズ?15倍） / 2着集中度: 上位2艇 73.8%（補正+0.04） / 総合判定確率: 0.131 / → ヒモはやや固め。上位2艇以外を切ること', 'tenji_trigger': '展示確認: 1号艇伸び良→そのまま採用。悪→飛び組に差し替え。circle_pct上位2艇に絞り込むこと。'}",,,27.3,逃げ狙い,19.24,24.9,2,,,,,,,,,,,
2026-02-10,丸亀,11,3,土屋　蘭,B1,30.28,3,,8.1438,17.7,88,45.8,0.1546,3.625,,,0,低,122,0,差ま0%,,0,26.5,0.8612,0,0,0,0.0833,0,0.2333,0.4,0,,,D,,,0.2702,0.5455,,0.4761,S,87,0,◎1着固定 2-3着流し（5〜8点）,0.5777,"{'is_target': True, 'verdict': '点数絞り', 'max_combo_prob': 0.0914, 'est_top_odds': 14.6, 'circle_concentration': 73.8, 'eligible_count': 6, 'bet_adj': 0, 'reason': 'rel_win1=58.7%（本命度） / 最有力組み合わせ確率: 0.091（推定実オッズ?15倍） / 2着集中度: 上位2艇 73.8%（補正+0.04） / 総合判定確率: 0.131 / → ヒモはやや固め。上位2艇以外を切ること', 'tenji_trigger': '展示確認: 1号艇伸び良→そのまま採用。悪→飛び組に差し替え。circle_pct上位2艇に絞り込むこと。'}",,,27.3,逃げ狙い,19.24,24.9,2,,,,,,,,,,,
2026-02-10,丸亀,11,4,是澤孝宏,A2,40.00,4,○,8.2196,26.1,81,61.2,0.1606,3.2857,,,0,低,125,0,-,,0,58.6,1.2289,0,0,0,0,0.05,0.1625,0.0125,0.0375,,,B,△,◎,0.2708,0.6235,0.3203,0.4761,S,87,0,◎1着固定 2-3着流し（5〜8点）,0.5777,"{'is_target': True, 'verdict': '点数絞り', 'max_combo_prob': 0.0914, 'est_top_odds': 14.6, 'circle_concentration': 73.8, 'eligible_count': 6, 'bet_adj': 0, 'reason': 'rel_win1=58.7%（本命度） / 最有力組み合わせ確率: 0.091（推定実オッズ?15倍） / 2着集中度: 上位2艇 73.8%（補正+0.04） / 総合判定確率: 0.131 / → ヒモはやや固め。上位2艇以外を切ること', 'tenji_trigger': '展示確認: 1号艇伸び良→そのまま採用。悪→飛び組に差し替え。circle_pct上位2艇に絞り込むこと。'}",,,27.3,逃げ狙い,19.24,24.9,2,,,,,,,,,,,
2026-02-10,丸亀,11,5,石田政吾,B1,40.00,5,△,4.2513,3.9,100,32.7,0.1749,3.6818,,,0,低,126,0,-,,0,93.2,1.7295,0,0,0.0357,0.0357,0.0357,0.0615,0.2123,0.1662,,,B,○,,0.2043,0.6375,,0.4761,S,87,0,◎1着固定 2-3着流し（5〜8点）,0.5777,"{'is_target': True, 'verdict': '点数絞り', 'max_combo_prob': 0.0914, 'est_top_odds': 14.6, 'circle_concentration': 73.8, 'eligible_count': 6, 'bet_adj': 0, 'reason': 'rel_win1=58.7%（本命度） / 最有力組み合わせ確率: 0.091（推定実オッズ?15倍） / 2着集中度: 上位2艇 73.8%（補正+0.04） / 総合判定確率: 0.131 / → ヒモはやや固め。上位2艇以外を切ること', 'tenji_trigger': '展示確認: 1号艇伸び良→そのまま採用。悪→飛び組に差し替え。circle_pct上位2艇に絞り込むこと。'}",,,27.3,逃げ狙い,19.24,24.9,2,,,,,,,,,,,
2026-02-10,丸亀,11,6,汐崎正則,B1,37.25,6,,1.0621,4.6,37,25,0.175,3.5893,,,0,低,79,0,-,,0,39.8,1.0756,,,,,,0.05,0.17,0.075,,,B,△,,0.2338,0.618,,0.4761,S,87,0,◎1着固定 2-3着流し（5〜8点）,0.5777,"{'is_target': True, 'verdict': '点数絞り', 'max_combo_prob': 0.0914, 'est_top_odds': 14.6, 'circle_concentration': 73.8, 'eligible_count': 6, 'bet_adj': 0, 'reason': 'rel_win1=58.7%（本命度） / 最有力組み合わせ確率: 0.091（推定実オッズ?15倍） / 2着集中度: 上位2艇 73.8%（補正+0.04） / 総合判定確率: 0.131 / → ヒモはやや固め。上位2艇以外を切ること', 'tenji_trigger': '展示確認: 1号艇伸び良→そのまま採用。悪→飛び組に差し替え。circle_pct上位2艇に絞り込むこと。'}",,,27.3,逃げ狙い,19.24,24.9,2,,,,,,,,,,,
2026-02-10,丸亀,12,1,片岡雅裕,A1,56.00,1,◎,56.1498,,0,93.1,0.129,2.5172,,,0,低,5,0,逃1%,,0,82.5,0.9978,0.7857,,,,,0.0286,0,0.3571,◎,,A,◎,,,0.8292,,0.6508,S,100,0,◎1着固定 2-3着流し（5〜8点）,0.5777,"{'is_target': True, 'verdict': '参加推奨', 'max_combo_prob': 0.0491, 'est_top_odds': 27.2, 'circle_concentration': 57.6, 'eligible_count': 6, 'bet_adj': 2, 'reason': 'rel_win1=56.1%（本命度） / 最有力組み合わせ確率: 0.049（推定実オッズ?27倍） / 2着集中度: 上位2艇 57.6%（補正+0.00） / 総合判定確率: 0.049 / → ヒモ分散。1号艇1着固定で広めのヒモ流し推奨（買い目+2点）', 'tenji_trigger': '展示確認: ヒモ分散レース。1号艇伸び確認後、広めのヒモ流しを採用。穴ヒモ（5・6号艇）を積極的に含める。\n展示で1号艇スタート超安定(0.129秒)→ヒモ固まり方向に注意'}",,,30.4,逃げ狙い,29.11,25.4,2,,,,,0,0,0.7559,0,,逃げ軸流し,A
2026-02-10,丸亀,12,2,田村隆信,A1,27.55,2,▲,13.2169,32.9,100,66.7,0.143,3,,,0,低,42,0,差0% 抜0%,,0,52.7,1.0812,0,0.2632,0,0,0.0526,0.1011,0.0154,0.0154,,,C,,,0.2226,0.657,,0.6508,S,100,0,◎1着固定 2-3着流し（5〜8点）,0.5777,"{'is_target': True, 'verdict': '参加推奨', 'max_combo_prob': 0.0491, 'est_top_odds': 27.2, 'circle_concentration': 57.6, 'eligible_count': 6, 'bet_adj': 2, 'reason': 'rel_win1=56.1%（本命度） / 最有力組み合わせ確率: 0.049（推定実オッズ?27倍） / 2着集中度: 上位2艇 57.6%（補正+0.00） / 総合判定確率: 0.049 / → ヒモ分散。1号艇1着固定で広めのヒモ流し推奨（買い目+2点）', 'tenji_trigger': '展示確認: ヒモ分散レース。1号艇伸び確認後、広めのヒモ流しを採用。穴ヒモ（5・6号艇）を積極的に含める。\n展示で1号艇スタート超安定(0.129秒)→ヒモ固まり方向に注意'}",,,30.4,逃げ狙い,29.11,25.4,2,,,,,,,,,,,
2026-02-10,丸亀,12,3,岡崎恭裕,A1,53.54,3,○,13.9147,21.7,85,70,0.1537,2.65,,,0,低,38,0,差0% 差ま0%,,0,70.6,1.3577,0,0.0769,0,0.1538,0,0.1962,0.0462,0,,,A,△,,0.1832,0.665,,0.6508,S,100,0,◎1着固定 2-3着流し（5〜8点）,0.5777,"{'is_target': True, 'verdict': '参加推奨', 'max_combo_prob': 0.0491, 'est_top_odds': 27.2, 'circle_concentration': 57.6, 'eligible_count': 6, 'bet_adj': 2, 'reason': 'rel_win1=56.1%（本命度） / 最有力組み合わせ確率: 0.049（推定実オッズ?27倍） / 2着集中度: 上位2艇 57.6%（補正+0.00） / 総合判定確率: 0.049 / → ヒモ分散。1号艇1着固定で広めのヒモ流し推奨（買い目+2点）', 'tenji_trigger': '展示確認: ヒモ分散レース。1号艇伸び確認後、広めのヒモ流しを採用。穴ヒモ（5・6号艇）を積極的に含める。\n展示で1号艇スタート超安定(0.129秒)→ヒモ固まり方向に注意'}",,,30.4,逃げ狙い,29.11,25.4,2,,,,,,,,,,,
2026-02-10,丸亀,12,4,三嶌誠司,A1,22.22,4,,7.8457,24.7,93,71.4,0.149,2.9405,,,0,低,84,0,-,,0,54.2,0.8204,0,0,0,0,0.1,0.1235,0.1643,0.0959,,,E,○,◎,0.2319,0.669,0.37,0.6508,S,100,0,◎1着固定 2-3着流し（5〜8点）,0.5777,"{'is_target': True, 'verdict': '参加推奨', 'max_combo_prob': 0.0491, 'est_top_odds': 27.2, 'circle_concentration': 57.6, 'eligible_count': 6, 'bet_adj': 2, 'reason': 'rel_win1=56.1%（本命度） / 最有力組み合わせ確率: 0.049（推定実オッズ?27倍） / 2着集中度: 上位2艇 57.6%（補正+0.00） / 総合判定確率: 0.049 / → ヒモ分散。1号艇1着固定で広めのヒモ流し推奨（買い目+2点）', 'tenji_trigger': '展示確認: ヒモ分散レース。1号艇伸び確認後、広めのヒモ流しを採用。穴ヒモ（5・6号艇）を積極的に含める。\n展示で1号艇スタート超安定(0.129秒)→ヒモ固まり方向に注意'}",,,30.4,逃げ狙い,29.11,25.4,2,,,,,,,,,,,
2026-02-10,丸亀,12,5,細川裕子,A1,22.99,5,,4.817,15.4,90,61.9,0.1843,3.9762,,,0,低,59,0,差ま0%,,0,44.5,0.9645,0,0,0,0.2222,0,0,0,0.0833,,,E,,,0.1505,0.6235,,0.6508,S,100,0,◎1着固定 2-3着流し（5〜8点）,0.5777,"{'is_target': True, 'verdict': '参加推奨', 'max_combo_prob': 0.0491, 'est_top_odds': 27.2, 'circle_concentration': 57.6, 'eligible_count': 6, 'bet_adj': 2, 'reason': 'rel_win1=56.1%（本命度） / 最有力組み合わせ確率: 0.049（推定実オッズ?27倍） / 2着集中度: 上位2艇 57.6%（補正+0.00） / 総合判定確率: 0.049 / → ヒモ分散。1号艇1着固定で広めのヒモ流し推奨（買い目+2点）', 'tenji_trigger': '展示確認: ヒモ分散レース。1号艇伸び確認後、広めのヒモ流しを採用。穴ヒモ（5・6号艇）を積極的に含める。\n展示で1号艇スタート超安定(0.129秒)→ヒモ固まり方向に注意'}",,,30.4,逃げ狙い,29.11,25.4,2,,,,,,,,,,,
2026-02-10,丸亀,12,6,高橋竜矢,A1,24.42,6,△,4.0559,5.3,82,52.3,0.16,3.6477,,,0,低,31,0,差0%,,0,28.1,1.1292,0,0.0455,0,0,0.0455,0,0.0417,0.0833,,,D,△,,0.1794,0.6585,,0.6508,S,100,0,◎1着固定 2-3着流し（5〜8点）,0.5777,"{'is_target': True, 'verdict': '参加推奨', 'max_combo_prob': 0.0491, 'est_top_odds': 27.2, 'circle_concentration': 57.6, 'eligible_count': 6, 'bet_adj': 2, 'reason': 'rel_win1=56.1%（本命度） / 最有力組み合わせ確率: 0.049（推定実オッズ?27倍） / 2着集中度: 上位2艇 57.6%（補正+0.00） / 総合判定確率: 0.049 / → ヒモ分散。1号艇1着固定で広めのヒモ流し推奨（買い目+2点）', 'tenji_trigger': '展示確認: ヒモ分散レース。1号艇伸び確認後、広めのヒモ流しを採用。穴ヒモ（5・6号艇）を積極的に含める。\n展示で1号艇スタート超安定(0.129秒)→ヒモ固まり方向に注意'}",,,30.4,逃げ狙い,29.11,25.4,2,,,,,,,,,,,
2026-02-11,丸亀,1,1,妻鳥晋也,B1,25.81,1,◎,61.3837,,0,71,0.1787,4.3947,,,0,低,151,0,逃0%,55,0,76.6,0.8963,0.25,,,,,0.25,0.21,0.23,△,,D,△,,,0.601,,0.2693,A,66,0,◎-○軸 3着3〜4艇流し（10〜15点）,0.5777,"{'is_target': True, 'verdict': '点数絞り', 'max_combo_prob': 0.0889, 'est_top_odds': 15.0, 'circle_concentration': 76.1, 'eligible_count': 8, 'bet_adj': 0, 'reason': 'rel_win1=61.4%（本命度） / 最有力組み合わせ確率: 0.089（推定実オッズ?15倍） / 2着集中度: 上位2艇 76.1%（補正+0.04） / 総合判定確率: 0.129 / → ヒモはやや固め。上位2艇以外を切ること', 'tenji_trigger': '展示確認: 1号艇伸び良→そのまま採用。悪→飛び組に差し替え。circle_pct上位2艇に絞り込むこと。'}",,,29,逃げ狙い,10.16,37.8,4,1-2-4|1-2-5|1-3-2|1-3-4|1-3-5,5-1-6|5-6-1|4-5-1|4-5-6|4-1-6|4-1-5|4-6-1|1-2-4|1-2-5|1-3-2|1-3-4|1-3-5,1-2-4:5.23%|1-2-5:5.23%|1-3-2:4.53%|1-3-4:3.82%|1-3-5:3.82%,1-2-4:A|1-2-5:A|1-3-2:A|1-3-4:A|1-3-5:A,5,12,0.4535,1,[!]見送り推奨（主役決まり手「差し」― 逃げ劣勢レースで的中実績なし）,荒れ広め,D
2026-02-11,丸亀,1,2,藤井　徹,B1,23.40,2,,10.8323,44.3,100,52.7,0.1767,4.3,,,0,低,130,0,差0%,5,0,35.3,0.8678,0,0.0417,0,0,0,0.2,0.36,0.18,,△,E,○,,0.3653,0.6035,,0.2693,A,66,0,◎-○軸 3着3〜4艇流し（10〜15点）,0.5777,"{'is_target': True, 'verdict': '点数絞り', 'max_combo_prob': 0.0889, 'est_top_odds': 15.0, 'circle_concentration': 76.1, 'eligible_count': 8, 'bet_adj': 0, 'reason': 'rel_win1=61.4%（本命度） / 最有力組み合わせ確率: 0.089（推定実オッズ?15倍） / 2着集中度: 上位2艇 76.1%（補正+0.04） / 総合判定確率: 0.129 / → ヒモはやや固め。上位2艇以外を切ること', 'tenji_trigger': '展示確認: 1号艇伸び良→そのまま採用。悪→飛び組に差し替え。circle_pct上位2艇に絞り込むこと。'}",,,29,逃げ狙い,10.16,37.8,4,,,,,,,,,,,
2026-02-11,丸亀,1,3,佐藤右京,B1,36.36,3,▲,9.986,31.8,69,44.8,0.1869,3.9655,,,0,低,134,0,差ま0%,4,0,40,0.891,0,0,0,0.0417,0,0.0421,0.3263,0.2421,,,B,,,0.2783,0.505,,0.2693,A,66,0,◎-○軸 3着3〜4艇流し（10〜15点）,0.5777,"{'is_target': True, 'verdict': '点数絞り', 'max_combo_prob': 0.0889, 'est_top_odds': 15.0, 'circle_concentration': 76.1, 'eligible_count': 8, 'bet_adj': 0, 'reason': 'rel_win1=61.4%（本命度） / 最有力組み合わせ確率: 0.089（推定実オッズ?15倍） / 2着集中度: 上位2艇 76.1%（補正+0.04） / 総合判定確率: 0.129 / → ヒモはやや固め。上位2艇以外を切ること', 'tenji_trigger': '展示確認: 1号艇伸び良→そのまま採用。悪→飛び組に差し替え。circle_pct上位2艇に絞り込むこと。'}",,,29,逃げ狙い,10.16,37.8,4,,,,,,,,,,,
2026-02-11,丸亀,1,4,藤原孝斗,B1,30.91,4,○,9.3715,10.8,55,23.2,0.1695,3.75,,,0,低,132,0,-,6,0,29.4,0.714,,,,,,0.05,0.4167,0.0333,,,B,,,0.3808,0.5475,,0.2693,A,66,0,◎-○軸 3着3〜4艇流し（10〜15点）,0.5777,"{'is_target': True, 'verdict': '点数絞り', 'max_combo_prob': 0.0889, 'est_top_odds': 15.0, 'circle_concentration': 76.1, 'eligible_count': 8, 'bet_adj': 0, 'reason': 'rel_win1=61.4%（本命度） / 最有力組み合わせ確率: 0.089（推定実オッズ?15倍） / 2着集中度: 上位2艇 76.1%（補正+0.04） / 総合判定確率: 0.129 / → ヒモはやや固め。上位2艇以外を切ること', 'tenji_trigger': '展示確認: 1号艇伸び良→そのまま採用。悪→飛び組に差し替え。circle_pct上位2艇に絞り込むこと。'}",,,29,逃げ狙い,10.16,37.8,4,,,,,,,,,,,
2026-02-11,丸亀,1,5,今出晋二,B1,28.45,5,△,5.4961,3.9,50,17.8,0.1698,3.7667,,,0,低,89,0,-,F,0,23.8,0.6367,,,,,,0.4412,0.4176,0.1176,,,C,△,,0.3698,0.594,,0.2693,A,66,0,◎-○軸 3着3〜4艇流し（10〜15点）,0.5777,"{'is_target': True, 'verdict': '点数絞り', 'max_combo_prob': 0.0889, 'est_top_odds': 15.0, 'circle_concentration': 76.1, 'eligible_count': 8, 'bet_adj': 0, 'reason': 'rel_win1=61.4%（本命度） / 最有力組み合わせ確率: 0.089（推定実オッズ?15倍） / 2着集中度: 上位2艇 76.1%（補正+0.04） / 総合判定確率: 0.129 / → ヒモはやや固め。上位2艇以外を切ること', 'tenji_trigger': '展示確認: 1号艇伸び良→そのまま採用。悪→飛び組に差し替え。circle_pct上位2艇に絞り込むこと。'}",,,29,逃げ狙い,10.16,37.8,4,,,,,,,,,,,
2026-02-11,丸亀,1,6,近藤稔也,B1,25.71,6,,2.9305,9.2,37,19.6,0.202,4.4314,,,0,低,180,0,-,3,0,27.4,0.8867,,,,,,0.368,0.32,0.064,,,D,◎,,0.2674,0.609,,0.2693,A,66,0,◎-○軸 3着3〜4艇流し（10〜15点）,0.5777,"{'is_target': True, 'verdict': '点数絞り', 'max_combo_prob': 0.0889, 'est_top_odds': 15.0, 'circle_concentration': 76.1, 'eligible_count': 8, 'bet_adj': 0, 'reason': 'rel_win1=61.4%（本命度） / 最有力組み合わせ確率: 0.089（推定実オッズ?15倍） / 2着集中度: 上位2艇 76.1%（補正+0.04） / 総合判定確率: 0.129 / → ヒモはやや固め。上位2艇以外を切ること', 'tenji_trigger': '展示確認: 1号艇伸び良→そのまま採用。悪→飛び組に差し替え。circle_pct上位2艇に絞り込むこと。'}",,,29,逃げ狙い,10.16,37.8,4,,,,,,,,,,,
2026-02-11,丸亀,2,1,山本浩次,B1,35.78,1,◎,49.435,,0,78,0.1524,2.9878,,,0,低,84,0,逃1%,4,0,84.7,1.0547,0.6,,,,,0.23,0.2033,0,◎,,C,,,,0.5845,,0.4703,A,65,0,◎-○軸 3着3〜4艇流し（10〜15点）,0.5777,"{'is_target': True, 'verdict': '参加推奨', 'max_combo_prob': 0.0742, 'est_top_odds': 18.0, 'circle_concentration': 68.2, 'eligible_count': 8, 'bet_adj': 2, 'reason': 'rel_win1=49.4%（本命度） / 最有力組み合わせ確率: 0.074（推定実オッズ?18倍） / 2着集中度: 上位2艇 68.2%（補正+0.00） / 総合判定確率: 0.074 / → ヒモ分散。1号艇1着固定で広めのヒモ流し推奨（買い目+2点）', 'tenji_trigger': '展示確認: ヒモ分散レース。1号艇伸び確認後、広めのヒモ流しを採用。穴ヒモ（5・6号艇）を積極的に含める。'}",,,29.9,逃げ狙い,16.44,34.9,3,,,,,0,0,0.7559,0,,逃げ軸流し,A
2026-02-11,丸亀,2,2,松下知幸,B1,29.27,2,△,9.0681,32.2,100,48,0.1509,3.1753,,,0,低,152,0,差0%,1,0,58.4,1.1024,0,0.0909,0.0303,0,0,0.2152,0.1581,0.1962,,◎,D,△,,0.3332,0.5965,,0.4703,A,65,0,◎-○軸 3着3〜4艇流し（10〜15点）,0.5777,"{'is_target': True, 'verdict': '参加推奨', 'max_combo_prob': 0.0742, 'est_top_odds': 18.0, 'circle_concentration': 68.2, 'eligible_count': 8, 'bet_adj': 2, 'reason': 'rel_win1=49.4%（本命度） / 最有力組み合わせ確率: 0.074（推定実オッズ?18倍） / 2着集中度: 上位2艇 68.2%（補正+0.00） / 総合判定確率: 0.074 / → ヒモ分散。1号艇1着固定で広めのヒモ流し推奨（買い目+2点）', 'tenji_trigger': '展示確認: ヒモ分散レース。1号艇伸び確認後、広めのヒモ流しを採用。穴ヒモ（5・6号艇）を積極的に含める。'}",,,29.9,逃げ狙い,16.44,34.9,3,,,,,,,,,,,
2026-02-11,丸亀,2,3,是澤孝宏,A2,40.00,3,○,24.2553,36,81,66.1,0.164,3.2339,,,0,低,125,0,差ま0%,14,0,73.3,1.405,0,0,0.0323,0.0968,0.0645,0.1625,0.0125,0.0375,,,B,○,,0.2407,0.6235,,0.4703,A,65,0,◎-○軸 3着3〜4艇流し（10〜15点）,0.5777,"{'is_target': True, 'verdict': '参加推奨', 'max_combo_prob': 0.0742, 'est_top_odds': 18.0, 'circle_concentration': 68.2, 'eligible_count': 8, 'bet_adj': 2, 'reason': 'rel_win1=49.4%（本命度） / 最有力組み合わせ確率: 0.074（推定実オッズ?18倍） / 2着集中度: 上位2艇 68.2%（補正+0.00） / 総合判定確率: 0.074 / → ヒモ分散。1号艇1着固定で広めのヒモ流し推奨（買い目+2点）', 'tenji_trigger': '展示確認: ヒモ分散レース。1号艇伸び確認後、広めのヒモ流しを採用。穴ヒモ（5・6号艇）を積極的に含める。'}",,,29.9,逃げ狙い,16.44,34.9,3,,,,,,,,,,,
2026-02-11,丸亀,2,4,今泉　徹,B1,32.00,4,,6.7244,5.4,29,17.2,0.1672,3.4297,,,0,低,120,0,-,5,0,62.1,0.6055,,,,,,0.42,0.3,0.18,,,D,◎,,0.2541,0.6375,,0.4703,A,65,0,◎-○軸 3着3〜4艇流し（10〜15点）,0.5777,"{'is_target': True, 'verdict': '参加推奨', 'max_combo_prob': 0.0742, 'est_top_odds': 18.0, 'circle_concentration': 68.2, 'eligible_count': 8, 'bet_adj': 2, 'reason': 'rel_win1=49.4%（本命度） / 最有力組み合わせ確率: 0.074（推定実オッズ?18倍） / 2着集中度: 上位2艇 68.2%（補正+0.00） / 総合判定確率: 0.074 / → ヒモ分散。1号艇1着固定で広めのヒモ流し推奨（買い目+2点）', 'tenji_trigger': '展示確認: ヒモ分散レース。1号艇伸び確認後、広めのヒモ流しを採用。穴ヒモ（5・6号艇）を積極的に含める。'}",,,29.9,逃げ狙い,16.44,34.9,3,,,,,,,,,,,
2026-02-11,丸亀,2,5,小林文彦,B1,46.46,5,▲,9.1557,24.3,48,42.9,0.1932,4.3214,,,0,低,166,0,-,3,0,37.2,0.8436,0,0,0,0.0385,0,0.0143,0.2286,0.1143,,,A,△,◎,0.1498,0.5995,0.2105,0.4703,A,65,0,◎-○軸 3着3〜4艇流し（10〜15点）,0.5777,"{'is_target': True, 'verdict': '参加推奨', 'max_combo_prob': 0.0742, 'est_top_odds': 18.0, 'circle_concentration': 68.2, 'eligible_count': 8, 'bet_adj': 2, 'reason': 'rel_win1=49.4%（本命度） / 最有力組み合わせ確率: 0.074（推定実オッズ?18倍） / 2着集中度: 上位2艇 68.2%（補正+0.00） / 総合判定確率: 0.074 / → ヒモ分散。1号艇1着固定で広めのヒモ流し推奨（買い目+2点）', 'tenji_trigger': '展示確認: ヒモ分散レース。1号艇伸び確認後、広めのヒモ流しを採用。穴ヒモ（5・6号艇）を積極的に含める。'}",,,29.9,逃げ狙い,16.44,34.9,3,,,,,,,,,,,
2026-02-11,丸亀,2,6,細川裕子,A1,22.99,6,,1.3615,2.1,63,30,0.1925,4.275,,,0,低,59,0,-,15,0,28.2,1.1919,,,,,,0,0,0.0833,,,E,○,,0.1862,0.6235,,0.4703,A,65,0,◎-○軸 3着3〜4艇流し（10〜15点）,0.5777,"{'is_target': True, 'verdict': '参加推奨', 'max_combo_prob': 0.0742, 'est_top_odds': 18.0, 'circle_concentration': 68.2, 'eligible_count': 8, 'bet_adj': 2, 'reason': 'rel_win1=49.4%（本命度） / 最有力組み合わせ確率: 0.074（推定実オッズ?18倍） / 2着集中度: 上位2艇 68.2%（補正+0.00） / 総合判定確率: 0.074 / → ヒモ分散。1号艇1着固定で広めのヒモ流し推奨（買い目+2点）', 'tenji_trigger': '展示確認: ヒモ分散レース。1号艇伸び確認後、広めのヒモ流しを採用。穴ヒモ（5・6号艇）を積極的に含める。'}",,,29.9,逃げ狙い,16.44,34.9,3,,,,,,,,,,,
2026-02-11,丸亀,3,1,加藤奈月,B1,39.18,1,◎,49.2056,,0,45,0.192,3.8,,,0,低,68,0,逃0%,33,0,38.2,0.5546,0.0909,,,,,0,0.2591,0.1455,,,B,△,,,0.627,,0.1265,C,44,0,荒れ傾向。高配当狙いか見送り,0.5777,"{'is_target': True, 'verdict': '参加推奨', 'max_combo_prob': 0.0693, 'est_top_odds': 19.3, 'circle_concentration': 66.5, 'eligible_count': 6, 'bet_adj': 2, 'reason': 'rel_win1=49.2%（本命度） / 最有力組み合わせ確率: 0.069（推定実オッズ?19倍） / 2着集中度: 上位2艇 66.5%（補正+0.00） / 総合判定確率: 0.069 / → ヒモ分散。1号艇1着固定で広めのヒモ流し推奨（買い目+2点）', 'tenji_trigger': '展示確認: ヒモ分散レース。1号艇伸び確認後、広めのヒモ流しを採用。穴ヒモ（5・6号艇）を積極的に含める。\n展示で1号艇スタート遅め(0.192秒)確認→ヒモが荒れやすい'}",,,34.1,両建て推奨,16.97,32.2,4,4-5-6|4-3-6|4-6-5|4-5-1|4-6-1|4-3-5|4-5-3|1-2-4|1-3-4|1-2-6,4-5-6|4-3-6|4-6-5|4-5-1|4-6-1|4-3-5|4-5-3|2-1-3|1-2-4|1-3-4|1-2-6|3-1-6,4-5-6:2.91%|4-3-6:1.74%|4-6-5:1.25%|4-5-1:0.94%|4-6-1:0.86%|4-3-5:0.81%|4-5-3:0.69%|1-2-4:4.72%|1-3-4:4.33%|1-2-6:3.53%,4-5-6:B_main|4-3-6:B_main|4-6-5:B_main|4-5-1:B_main|4-6-1:B_main|4-3-5:B_main|4-5-3:B_main|1-2-4:A|1-3-4:A|1-2-6:A,10,12,0.2915,1,[!]見送り推奨（主役決まり手「まくり」― 逃げ劣勢レースで的中実績なし）,主役軸流し,B
2026-02-11,丸亀,3,2,坂本一真,B1,46.08,2,▲,11.2676,41.1,89,28.6,0.205,4,,,0,低,111,0,ま0%,6,0,14.4,0.5379,0,0,0.0526,0,0,0.4,0.1,0,,,A,,,0.1762,0.532,,0.1265,C,44,0,荒れ傾向。高配当狙いか見送り,0.5777,"{'is_target': True, 'verdict': '参加推奨', 'max_combo_prob': 0.0693, 'est_top_odds': 19.3, 'circle_concentration': 66.5, 'eligible_count': 6, 'bet_adj': 2, 'reason': 'rel_win1=49.2%（本命度） / 最有力組み合わせ確率: 0.069（推定実オッズ?19倍） / 2着集中度: 上位2艇 66.5%（補正+0.00） / 総合判定確率: 0.069 / → ヒモ分散。1号艇1着固定で広めのヒモ流し推奨（買い目+2点）', 'tenji_trigger': '展示確認: ヒモ分散レース。1号艇伸び確認後、広めのヒモ流しを採用。穴ヒモ（5・6号艇）を積極的に含める。\n展示で1号艇スタート遅め(0.192秒)確認→ヒモが荒れやすい'}",,,34.1,両建て推奨,16.97,32.2,4,,,,,,,,,,,
2026-02-11,丸亀,3,3,藤森拓海,B1,27.88,3,,12.344,25.4,88,46,0.1732,3.8243,,,0,低,121,0,ま0%,46,0,58.3,0.9685,0,0,0.08,0,0,0.4333,0.1067,0.4067,,,D,,,0.4125,0.5255,,0.1265,C,44,0,荒れ傾向。高配当狙いか見送り,0.5777,"{'is_target': True, 'verdict': '参加推奨', 'max_combo_prob': 0.0693, 'est_top_odds': 19.3, 'circle_concentration': 66.5, 'eligible_count': 6, 'bet_adj': 2, 'reason': 'rel_win1=49.2%（本命度） / 最有力組み合わせ確率: 0.069（推定実オッズ?19倍） / 2着集中度: 上位2艇 66.5%（補正+0.00） / 総合判定確率: 0.069 / → ヒモ分散。1号艇1着固定で広めのヒモ流し推奨（買い目+2点）', 'tenji_trigger': '展示確認: ヒモ分散レース。1号艇伸び確認後、広めのヒモ流しを採用。穴ヒモ（5・6号艇）を積極的に含める。\n展示で1号艇スタート遅め(0.192秒)確認→ヒモが荒れやすい'}",,,34.1,両建て推奨,16.97,32.2,4,,,,,,,,,,,
2026-02-11,丸亀,3,4,田村隆信,A1,27.55,4,○,19.3406,17.9,100,55.9,0.1456,3.1618,,,0,低,42,0,-,16,0,72.9,0.9957,0,0.0769,0.1538,0.1538,0,0.1011,0.0154,0.0154,,◎,D,◎,◎,0.5431,0.657,0.3963,0.1265,C,44,0,荒れ傾向。高配当狙いか見送り,0.5777,"{'is_target': True, 'verdict': '参加推奨', 'max_combo_prob': 0.0693, 'est_top_odds': 19.3, 'circle_concentration': 66.5, 'eligible_count': 6, 'bet_adj': 2, 'reason': 'rel_win1=49.2%（本命度） / 最有力組み合わせ確率: 0.069（推定実オッズ?19倍） / 2着集中度: 上位2艇 66.5%（補正+0.00） / 総合判定確率: 0.069 / → ヒモ分散。1号艇1着固定で広めのヒモ流し推奨（買い目+2点）', 'tenji_trigger': '展示確認: ヒモ分散レース。1号艇伸び確認後、広めのヒモ流しを採用。穴ヒモ（5・6号艇）を積極的に含める。\n展示で1号艇スタート遅め(0.192秒)確認→ヒモが荒れやすい'}",,,34.1,両建て推奨,16.97,32.2,4,,,,,,,,,,,
2026-02-11,丸亀,3,5,屋良龍紀,B1,19.15,5,,3.8474,4.6,32,6,0.1492,3.29,,,0,低,86,0,-,6,0,42.4,0.6171,,,,,,0.1733,0.0267,0.1733,,○,E,△,,0.4829,0.587,,0.1265,C,44,0,荒れ傾向。高配当狙いか見送り,0.5777,"{'is_target': True, 'verdict': '参加推奨', 'max_combo_prob': 0.0693, 'est_top_odds': 19.3, 'circle_concentration': 66.5, 'eligible_count': 6, 'bet_adj': 2, 'reason': 'rel_win1=49.2%（本命度） / 最有力組み合わせ確率: 0.069（推定実オッズ?19倍） / 2着集中度: 上位2艇 66.5%（補正+0.00） / 総合判定確率: 0.069 / → ヒモ分散。1号艇1着固定で広めのヒモ流し推奨（買い目+2点）', 'tenji_trigger': '展示確認: ヒモ分散レース。1号艇伸び確認後、広めのヒモ流しを採用。穴ヒモ（5・6号艇）を積極的に含める。\n展示で1号艇スタート遅め(0.192秒)確認→ヒモが荒れやすい'}",,,34.1,両建て推奨,16.97,32.2,4,,,,,,,,,,,
2026-02-11,丸亀,3,6,山田晃大,A2,35.85,6,△,3.9948,11,72,35.2,0.1535,3.0463,,,0,低,63,0,-,2,0,62.2,0.9058,,,,,,0.0089,0.1911,0.1822,,△,C,○,,0.4714,0.655,,0.1265,C,44,0,荒れ傾向。高配当狙いか見送り,0.5777,"{'is_target': True, 'verdict': '参加推奨', 'max_combo_prob': 0.0693, 'est_top_odds': 19.3, 'circle_concentration': 66.5, 'eligible_count': 6, 'bet_adj': 2, 'reason': 'rel_win1=49.2%（本命度） / 最有力組み合わせ確率: 0.069（推定実オッズ?19倍） / 2着集中度: 上位2艇 66.5%（補正+0.00） / 総合判定確率: 0.069 / → ヒモ分散。1号艇1着固定で広めのヒモ流し推奨（買い目+2点）', 'tenji_trigger': '展示確認: ヒモ分散レース。1号艇伸び確認後、広めのヒモ流しを採用。穴ヒモ（5・6号艇）を積極的に含める。\n展示で1号艇スタート遅め(0.192秒)確認→ヒモが荒れやすい'}",,,34.1,両建て推奨,16.97,32.2,4,,,,,,,,,,,
2026-02-11,丸亀,4,1,汐崎正則,B1,37.25,1,◎,48.954,,0,87.9,0.1539,2.7879,,,0,低,79,0,逃0%,65,0,86.3,1.0965,0.375,,,,,0.05,0.17,0.075,○,,A,△,,,0.618,,0.4466,A,74,0,◎-○軸 3着3〜4艇流し（10〜15点）,0.5777,"{'is_target': True, 'verdict': '点数絞り', 'max_combo_prob': 0.0967, 'est_top_odds': 13.8, 'circle_concentration': 71.2, 'eligible_count': 8, 'bet_adj': 0, 'reason': 'rel_win1=49.0%（本命度） / 最有力組み合わせ確率: 0.097（推定実オッズ?14倍） / 2着集中度: 上位2艇 71.2%（補正+0.04） / 総合判定確率: 0.137 / → ヒモはやや固め。上位2艇以外を切ること', 'tenji_trigger': '展示確認: 1号艇伸び良→そのまま採用。悪→飛び組に差し替え。circle_pct上位2艇に絞り込むこと。'}",,,29.3,逃げ狙い,21.42,29,4,,,,,0,0,0.6155,0,,逃げ軸流し,A
2026-02-11,丸亀,4,2,田中　豪,A2,35.35,2,○,17.5293,47.8,51,67.4,0.1824,3.8804,,,0,低,108,0,-,11,0,47.1,0.6719,0,0.1429,0.0476,0,0,0.0429,0.1429,0.1571,,,B,△,,0.0875,0.574,,0.4466,A,74,0,◎-○軸 3着3〜4艇流し（10〜15点）,0.5777,"{'is_target': True, 'verdict': '点数絞り', 'max_combo_prob': 0.0967, 'est_top_odds': 13.8, 'circle_concentration': 71.2, 'eligible_count': 8, 'bet_adj': 0, 'reason': 'rel_win1=49.0%（本命度） / 最有力組み合わせ確率: 0.097（推定実オッズ?14倍） / 2着集中度: 上位2艇 71.2%（補正+0.04） / 総合判定確率: 0.137 / → ヒモはやや固め。上位2艇以外を切ること', 'tenji_trigger': '展示確認: 1号艇伸び良→そのまま採用。悪→飛び組に差し替え。circle_pct上位2艇に絞り込むこと。'}",,,29.3,逃げ狙い,21.42,29,4,,,,,,,,,,,
2026-02-11,丸亀,4,3,伊藤　栞,B1,24.73,3,,8.4996,15.3,48,11.8,0.1824,3.3235,,,0,低,55,0,-,6,0,18,0.6142,,,,,,0,0.5,0.5,,,D,,,0.1854,0.5045,,0.4466,A,74,0,◎-○軸 3着3〜4艇流し（10〜15点）,0.5777,"{'is_target': True, 'verdict': '点数絞り', 'max_combo_prob': 0.0967, 'est_top_odds': 13.8, 'circle_concentration': 71.2, 'eligible_count': 8, 'bet_adj': 0, 'reason': 'rel_win1=49.0%（本命度） / 最有力組み合わせ確率: 0.097（推定実オッズ?14倍） / 2着集中度: 上位2艇 71.2%（補正+0.04） / 総合判定確率: 0.137 / → ヒモはやや固め。上位2艇以外を切ること', 'tenji_trigger': '展示確認: 1号艇伸び良→そのまま採用。悪→飛び組に差し替え。circle_pct上位2艇に絞り込むこと。'}",,,29.3,逃げ狙い,21.42,29,4,,,,,,,,,,,
2026-02-11,丸亀,4,4,高橋竜矢,A1,24.42,4,△,12.6061,23.4,59,58.3,0.1264,3.2639,,,0,低,31,0,-,24,0,73,1.2806,0,0.0417,0,0,0.0417,0,0.0417,0.0833,,◎,D,◎,◎,0.4116,0.6585,0.4237,0.4466,A,74,0,◎-○軸 3着3〜4艇流し（10〜15点）,0.5777,"{'is_target': True, 'verdict': '点数絞り', 'max_combo_prob': 0.0967, 'est_top_odds': 13.8, 'circle_concentration': 71.2, 'eligible_count': 8, 'bet_adj': 0, 'reason': 'rel_win1=49.0%（本命度） / 最有力組み合わせ確率: 0.097（推定実オッズ?14倍） / 2着集中度: 上位2艇 71.2%（補正+0.04） / 総合判定確率: 0.137 / → ヒモはやや固め。上位2艇以外を切ること', 'tenji_trigger': '展示確認: 1号艇伸び良→そのまま採用。悪→飛び組に差し替え。circle_pct上位2艇に絞り込むこと。'}",,,29.3,逃げ狙い,21.42,29,4,,,,,,,,,,,
2026-02-11,丸亀,4,5,松村康太,A2,33.00,5,▲,6.4761,9.9,100,48.5,0.1662,3.7727,,,0,低,166,0,抜0%,2,0,25.8,0.8702,0,0,0.037,0,0.037,0.22,0.1756,0.2689,,,C,○,,0.2724,0.6195,,0.4466,A,74,0,◎-○軸 3着3〜4艇流し（10〜15点）,0.5777,"{'is_target': True, 'verdict': '点数絞り', 'max_combo_prob': 0.0967, 'est_top_odds': 13.8, 'circle_concentration': 71.2, 'eligible_count': 8, 'bet_adj': 0, 'reason': 'rel_win1=49.0%（本命度） / 最有力組み合わせ確率: 0.097（推定実オッズ?14倍） / 2着集中度: 上位2艇 71.2%（補正+0.04） / 総合判定確率: 0.137 / → ヒモはやや固め。上位2艇以外を切ること', 'tenji_trigger': '展示確認: 1号艇伸び良→そのまま採用。悪→飛び組に差し替え。circle_pct上位2艇に絞り込むこと。'}",,,29.3,逃げ狙い,21.42,29,4,,,,,,,,,,,
2026-02-11,丸亀,4,6,深尾巴恵,B2,21.98,6,,5.9349,3.6,35,33.3,0.1683,3.4,,,0,低,70,0,-,F5,0,62.2,1.1828,0,0,0.125,0,0,0.25,0,0.5,,,E,,,0.2932,0.5515,,0.4466,A,74,0,◎-○軸 3着3〜4艇流し（10〜15点）,0.5777,"{'is_target': True, 'verdict': '点数絞り', 'max_combo_prob': 0.0967, 'est_top_odds': 13.8, 'circle_concentration': 71.2, 'eligible_count': 8, 'bet_adj': 0, 'reason': 'rel_win1=49.0%（本命度） / 最有力組み合わせ確率: 0.097（推定実オッズ?14倍） / 2着集中度: 上位2艇 71.2%（補正+0.04） / 総合判定確率: 0.137 / → ヒモはやや固め。上位2艇以外を切ること', 'tenji_trigger': '展示確認: 1号艇伸び良→そのまま採用。悪→飛び組に差し替え。circle_pct上位2艇に絞り込むこと。'}",,,29.3,逃げ狙い,21.42,29,4,,,,,,,,,,,
2026-02-11,丸亀,5,1,石田政吾,B1,40.00,1,◎,50.2411,,0,87.7,0.1632,3.0411,,,0,低,126,0,逃1%,26,0,67.8,0.9312,0.4231,,,,,0.0615,0.2123,0.1662,◎,,B,○,,,0.6375,,0.5172,A,76,0,◎-○軸 3着3〜4艇流し（10〜15点）,0.5777,"{'is_target': True, 'verdict': '参加推奨', 'max_combo_prob': 0.0782, 'est_top_odds': 17.0, 'circle_concentration': 67.8, 'eligible_count': 8, 'bet_adj': 2, 'reason': 'rel_win1=50.2%（本命度） / 最有力組み合わせ確率: 0.078（推定実オッズ?17倍） / 2着集中度: 上位2艇 67.8%（補正+0.00） / 総合判定確率: 0.078 / → ヒモ分散。1号艇1着固定で広めのヒモ流し推奨（買い目+2点）', 'tenji_trigger': '展示確認: ヒモ分散レース。1号艇伸び確認後、広めのヒモ流しを採用。穴ヒモ（5・6号艇）を積極的に含める。'}",,,29.9,逃げ狙い,20.63,31.3,2,,,,,0,0,0.7559,0,,逃げ軸流し,A
2026-02-11,丸亀,5,2,西丸侑太,A1,34.65,2,△,20.1004,54.5,80,76.2,0.1864,3.75,,,0,低,100,0,差0% ま0%,21,0,76,0.8886,0,0.2,0.16,0,0,0,0.1314,0.0429,,,C,△,,0.124,0.6105,,0.5172,A,76,0,◎-○軸 3着3〜4艇流し（10〜15点）,0.5777,"{'is_target': True, 'verdict': '参加推奨', 'max_combo_prob': 0.0782, 'est_top_odds': 17.0, 'circle_concentration': 67.8, 'eligible_count': 8, 'bet_adj': 2, 'reason': 'rel_win1=50.2%（本命度） / 最有力組み合わせ確率: 0.078（推定実オッズ?17倍） / 2着集中度: 上位2艇 67.8%（補正+0.00） / 総合判定確率: 0.078 / → ヒモ分散。1号艇1着固定で広めのヒモ流し推奨（買い目+2点）', 'tenji_trigger': '展示確認: ヒモ分散レース。1号艇伸び確認後、広めのヒモ流しを採用。穴ヒモ（5・6号艇）を積極的に含める。'}",,,29.9,逃げ狙い,20.63,31.3,2,,,,,,,,,,,
2026-02-11,丸亀,5,3,森　弘行,B1,26.00,3,,6.3909,11.8,90,30.8,0.1775,3.4135,,,0,低,123,0,抜0%,5,0,18.8,0.6233,0,0,0,0,0.0357,0.4263,0.1474,0.1921,,,E,,,0.2581,0.5765,,0.5172,A,76,0,◎-○軸 3着3〜4艇流し（10〜15点）,0.5777,"{'is_target': True, 'verdict': '参加推奨', 'max_combo_prob': 0.0782, 'est_top_odds': 17.0, 'circle_concentration': 67.8, 'eligible_count': 8, 'bet_adj': 2, 'reason': 'rel_win1=50.2%（本命度） / 最有力組み合わせ確率: 0.078（推定実オッズ?17倍） / 2着集中度: 上位2艇 67.8%（補正+0.00） / 総合判定確率: 0.078 / → ヒモ分散。1号艇1着固定で広めのヒモ流し推奨（買い目+2点）', 'tenji_trigger': '展示確認: ヒモ分散レース。1号艇伸び確認後、広めのヒモ流しを採用。穴ヒモ（5・6号艇）を積極的に含める。'}",,,29.9,逃げ狙い,20.63,31.3,2,,,,,,,,,,,
2026-02-11,丸亀,5,4,野村　誠,B1,31.73,4,○,17.0467,13.3,100,57.7,0.1731,3.3173,,,0,低,122,0,差0% ま0%,25,0,86.8,1.4991,0,0.0952,0.0476,0,0,0.1174,0.3043,0.0348,,,D,,◎,0.2868,0.594,0.3455,0.5172,A,76,0,◎-○軸 3着3〜4艇流し（10〜15点）,0.5777,"{'is_target': True, 'verdict': '参加推奨', 'max_combo_prob': 0.0782, 'est_top_odds': 17.0, 'circle_concentration': 67.8, 'eligible_count': 8, 'bet_adj': 2, 'reason': 'rel_win1=50.2%（本命度） / 最有力組み合わせ確率: 0.078（推定実オッズ?17倍） / 2着集中度: 上位2艇 67.8%（補正+0.00） / 総合判定確率: 0.078 / → ヒモ分散。1号艇1着固定で広めのヒモ流し推奨（買い目+2点）', 'tenji_trigger': '展示確認: ヒモ分散レース。1号艇伸び確認後、広めのヒモ流しを採用。穴ヒモ（5・6号艇）を積極的に含める。'}",,,29.9,逃げ狙い,20.63,31.3,2,,,,,,,,,,,
2026-02-11,丸亀,5,5,平石和男,A2,43.00,5,▲,5.236,12.2,95,49.2,0.1845,4.3538,,,0,低,226,0,-,44,0,76,1.3343,0,0,0,0.0312,0,0.1058,0.1706,0.2354,,,A,△,,0.2439,0.6275,,0.5172,A,76,0,◎-○軸 3着3〜4艇流し（10〜15点）,0.5777,"{'is_target': True, 'verdict': '参加推奨', 'max_combo_prob': 0.0782, 'est_top_odds': 17.0, 'circle_concentration': 67.8, 'eligible_count': 8, 'bet_adj': 2, 'reason': 'rel_win1=50.2%（本命度） / 最有力組み合わせ確率: 0.078（推定実オッズ?17倍） / 2着集中度: 上位2艇 67.8%（補正+0.00） / 総合判定確率: 0.078 / → ヒモ分散。1号艇1着固定で広めのヒモ流し推奨（買い目+2点）', 'tenji_trigger': '展示確認: ヒモ分散レース。1号艇伸び確認後、広めのヒモ流しを採用。穴ヒモ（5・6号艇）を積極的に含める。'}",,,29.9,逃げ狙い,20.63,31.3,2,,,,,,,,,,,
2026-02-11,丸亀,5,6,津田陸翔,A2,31.00,6,,0.985,8.2,65,36.4,0.1812,4.4848,,,0,低,80,0,-,43,0,37,1.4278,,,,,,0,0.0842,0.2421,,,D,◎,,0.2886,0.6525,,0.5172,A,76,0,◎-○軸 3着3〜4艇流し（10〜15点）,0.5777,"{'is_target': True, 'verdict': '参加推奨', 'max_combo_prob': 0.0782, 'est_top_odds': 17.0, 'circle_concentration': 67.8, 'eligible_count': 8, 'bet_adj': 2, 'reason': 'rel_win1=50.2%（本命度） / 最有力組み合わせ確率: 0.078（推定実オッズ?17倍） / 2着集中度: 上位2艇 67.8%（補正+0.00） / 総合判定確率: 0.078 / → ヒモ分散。1号艇1着固定で広めのヒモ流し推奨（買い目+2点）', 'tenji_trigger': '展示確認: ヒモ分散レース。1号艇伸び確認後、広めのヒモ流しを採用。穴ヒモ（5・6号艇）を積極的に含める。'}",,,29.9,逃げ狙い,20.63,31.3,2,,,,,,,,,,,
2026-02-11,丸亀,6,1,刑部亜里,A2,36.70,1,◎,64.5195,,0,86.2,0.1655,3.3621,,,0,低,94,0,逃1%,44,0,87.3,1.1391,0.6667,,,,,0.2248,0.0533,0.1124,○,,B,,,,0.5895,,0.4111,S,81,0,◎1着固定 2-3着流し（5〜8点）,0.5777,"{'is_target': True, 'verdict': '参加推奨', 'max_combo_prob': 0.1047, 'est_top_odds': 12.7, 'circle_concentration': 68.4, 'eligible_count': 6, 'bet_adj': 2, 'reason': 'rel_win1=64.5%（本命度） / 最有力組み合わせ確率: 0.105（推定実オッズ?13倍） / 2着集中度: 上位2艇 68.4%（補正+0.00） / 総合判定確率: 0.105 / → ヒモ分散。1号艇1着固定で広めのヒモ流し推奨（買い目+2点）', 'tenji_trigger': '展示確認: ヒモ分散レース。1号艇伸び確認後、広めのヒモ流しを採用。穴ヒモ（5・6号艇）を積極的に含める。'}",,,28,逃げ狙い,12.68,32.7,6,,,,,0,0,0.6155,0,,逃げ軸流し,A
2026-02-11,丸亀,6,2,重富伸也,B1,23.46,2,,8.9558,41.4,52,36.2,0.177,4.0532,,,0,低,124,0,-,26,0,82.2,1.5033,0,0.0625,0,0,0,0.0615,0,0.3231,,,D,△,,0.198,0.6085,,0.4111,S,81,0,◎1着固定 2-3着流し（5〜8点）,0.5777,"{'is_target': True, 'verdict': '参加推奨', 'max_combo_prob': 0.1047, 'est_top_odds': 12.7, 'circle_concentration': 68.4, 'eligible_count': 6, 'bet_adj': 2, 'reason': 'rel_win1=64.5%（本命度） / 最有力組み合わせ確率: 0.105（推定実オッズ?13倍） / 2着集中度: 上位2艇 68.4%（補正+0.00） / 総合判定確率: 0.105 / → ヒモ分散。1号艇1着固定で広めのヒモ流し推奨（買い目+2点）', 'tenji_trigger': '展示確認: ヒモ分散レース。1号艇伸び確認後、広めのヒモ流しを採用。穴ヒモ（5・6号艇）を積極的に含める。'}",,,28,逃げ狙い,12.68,32.7,6,,,,,,,,,,,
2026-02-11,丸亀,6,3,宮嵜隆太,B1,22.58,3,△,10.6027,27,36,35.5,0.1279,2.2419,,,0,低,56,0,ま0%,6,0,52.6,0.8054,0,0,0.0417,0,0,0.2833,0.3667,0.0222,,◎,E,○,,0.4587,0.654,,0.4111,S,81,0,◎1着固定 2-3着流し（5〜8点）,0.5777,"{'is_target': True, 'verdict': '参加推奨', 'max_combo_prob': 0.1047, 'est_top_odds': 12.7, 'circle_concentration': 68.4, 'eligible_count': 6, 'bet_adj': 2, 'reason': 'rel_win1=64.5%（本命度） / 最有力組み合わせ確率: 0.105（推定実オッズ?13倍） / 2着集中度: 上位2艇 68.4%（補正+0.00） / 総合判定確率: 0.105 / → ヒモ分散。1号艇1着固定で広めのヒモ流し推奨（買い目+2点）', 'tenji_trigger': '展示確認: ヒモ分散レース。1号艇伸び確認後、広めのヒモ流しを採用。穴ヒモ（5・6号艇）を積極的に含める。'}",,,28,逃げ狙い,12.68,32.7,6,,,,,,,,,,,
2026-02-11,丸亀,6,4,土屋　蘭,B1,30.28,4,,3.5259,13.4,62,15.8,0.2045,4.7895,,,0,低,122,0,-,43,0,16.2,0.5579,,,,,,0.2333,0.4,0,,,C,,,0.1619,0.5455,,0.4111,S,81,0,◎1着固定 2-3着流し（5〜8点）,0.5777,"{'is_target': True, 'verdict': '参加推奨', 'max_combo_prob': 0.1047, 'est_top_odds': 12.7, 'circle_concentration': 68.4, 'eligible_count': 6, 'bet_adj': 2, 'reason': 'rel_win1=64.5%（本命度） / 最有力組み合わせ確率: 0.105（推定実オッズ?13倍） / 2着集中度: 上位2艇 68.4%（補正+0.00） / 総合判定確率: 0.105 / → ヒモ分散。1号艇1着固定で広めのヒモ流し推奨（買い目+2点）', 'tenji_trigger': '展示確認: ヒモ分散レース。1号艇伸び確認後、広めのヒモ流しを採用。穴ヒモ（5・6号艇）を積極的に含める。'}",,,28,逃げ狙い,12.68,32.7,6,,,,,,,,,,,
2026-02-11,丸亀,6,5,荒木颯斗,A2,27.72,5,▲,6.4079,13.9,57,31.6,0.16,3.1579,,,0,低,68,0,ま0%,33,0,56.6,1.0129,0,0,0.0909,0,0,0,0.08,0.19,,,D,△,,0.3175,0.6105,,0.4111,S,81,0,◎1着固定 2-3着流し（5〜8点）,0.5777,"{'is_target': True, 'verdict': '参加推奨', 'max_combo_prob': 0.1047, 'est_top_odds': 12.7, 'circle_concentration': 68.4, 'eligible_count': 6, 'bet_adj': 2, 'reason': 'rel_win1=64.5%（本命度） / 最有力組み合わせ確率: 0.105（推定実オッズ?13倍） / 2着集中度: 上位2艇 68.4%（補正+0.00） / 総合判定確率: 0.105 / → ヒモ分散。1号艇1着固定で広めのヒモ流し推奨（買い目+2点）', 'tenji_trigger': '展示確認: ヒモ分散レース。1号艇伸び確認後、広めのヒモ流しを採用。穴ヒモ（5・6号艇）を積極的に含める。'}",,,28,逃げ狙い,12.68,32.7,6,,,,,,,,,,,
2026-02-11,丸亀,6,6,片岡雅裕,A1,56.00,6,○,5.9882,4.3,100,72.2,0.1272,2.6389,,,0,低,5,0,-,12,0,36.4,1.0139,,,,,,0.0286,0,0.3571,,○,A,◎,,0.4331,0.8292,,0.4111,S,81,0,◎1着固定 2-3着流し（5〜8点）,0.5777,"{'is_target': True, 'verdict': '参加推奨', 'max_combo_prob': 0.1047, 'est_top_odds': 12.7, 'circle_concentration': 68.4, 'eligible_count': 6, 'bet_adj': 2, 'reason': 'rel_win1=64.5%（本命度） / 最有力組み合わせ確率: 0.105（推定実オッズ?13倍） / 2着集中度: 上位2艇 68.4%（補正+0.00） / 総合判定確率: 0.105 / → ヒモ分散。1号艇1着固定で広めのヒモ流し推奨（買い目+2点）', 'tenji_trigger': '展示確認: ヒモ分散レース。1号艇伸び確認後、広めのヒモ流しを採用。穴ヒモ（5・6号艇）を積極的に含める。'}",,,28,逃げ狙い,12.68,32.7,6,,,,,,,,,,,
2026-02-11,丸亀,7,1,今井美亜,A2,41.35,1,◎,65.5356,,0,96,0.136,2.3,,,0,低,28,0,逃1%,32,0,91.4,1.2443,0.7143,,,,,0,0.1429,0.1429,◎,,B,○,,,0.629,,0.7016,S,100,0,◎1着固定 2-3着流し（5〜8点）,0.5777,"{'is_target': True, 'verdict': '参加推奨', 'max_combo_prob': 0.0727, 'est_top_odds': 18.3, 'circle_concentration': 58.5, 'eligible_count': 6, 'bet_adj': 2, 'reason': 'rel_win1=65.5%（本命度） / 最有力組み合わせ確率: 0.073（推定実オッズ?18倍） / 2着集中度: 上位2艇 58.5%（補正+0.00） / 総合判定確率: 0.073 / → ヒモ分散。1号艇1着固定で広めのヒモ流し推奨（買い目+2点）', 'tenji_trigger': '展示確認: ヒモ分散レース。1号艇伸び確認後、広めのヒモ流しを採用。穴ヒモ（5・6号艇）を積極的に含める。\n展示で1号艇スタート超安定(0.136秒)→ヒモ固まり方向に注意'}",,,25.7,逃げ狙い,13.04,25.7,3,,,,,0,0,0.7559,0,,逃げ軸流し,A
2026-02-11,丸亀,7,2,藤原孝斗,B1,30.91,2,△,7.0799,29.8,49,34.6,0.1615,3.4038,,,0,低,132,0,差0%,6,0,20.6,0.6159,0,0.037,0,0,0,0.05,0.4167,0.0333,,,D,△,,0.0567,0.5475,,0.7016,S,100,0,◎1着固定 2-3着流し（5〜8点）,0.5777,"{'is_target': True, 'verdict': '参加推奨', 'max_combo_prob': 0.0727, 'est_top_odds': 18.3, 'circle_concentration': 58.5, 'eligible_count': 6, 'bet_adj': 2, 'reason': 'rel_win1=65.5%（本命度） / 最有力組み合わせ確率: 0.073（推定実オッズ?18倍） / 2着集中度: 上位2艇 58.5%（補正+0.00） / 総合判定確率: 0.073 / → ヒモ分散。1号艇1着固定で広めのヒモ流し推奨（買い目+2点）', 'tenji_trigger': '展示確認: ヒモ分散レース。1号艇伸び確認後、広めのヒモ流しを採用。穴ヒモ（5・6号艇）を積極的に含める。\n展示で1号艇スタート超安定(0.136秒)→ヒモ固まり方向に注意'}",,,25.7,逃げ狙い,13.04,25.7,3,,,,,,,,,,,
2026-02-11,丸亀,7,3,河上年昭,B1,22.09,3,,6.282,28.6,60,36.9,0.1625,3.1154,,,0,低,130,0,-,65,0,25.5,0.7183,,,,,,0.2342,0.2553,0.0632,,,E,,,0.181,0.541,,0.7016,S,100,0,◎1着固定 2-3着流し（5〜8点）,0.5777,"{'is_target': True, 'verdict': '参加推奨', 'max_combo_prob': 0.0727, 'est_top_odds': 18.3, 'circle_concentration': 58.5, 'eligible_count': 6, 'bet_adj': 2, 'reason': 'rel_win1=65.5%（本命度） / 最有力組み合わせ確率: 0.073（推定実オッズ?18倍） / 2着集中度: 上位2艇 58.5%（補正+0.00） / 総合判定確率: 0.073 / → ヒモ分散。1号艇1着固定で広めのヒモ流し推奨（買い目+2点）', 'tenji_trigger': '展示確認: ヒモ分散レース。1号艇伸び確認後、広めのヒモ流しを採用。穴ヒモ（5・6号艇）を積極的に含める。\n展示で1号艇スタート超安定(0.136秒)→ヒモ固まり方向に注意'}",,,25.7,逃げ狙い,13.04,25.7,3,,,,,,,,,,,
2026-02-11,丸亀,7,4,坂本一真,B1,46.08,4,○,5.8071,2.6,61,14.8,0.1613,3.3197,,,0,低,111,0,ま0%,6,0,54.3,0.5979,0,0,0.0588,0,0,0.4,0.1,0,,,A,,,0.1904,0.532,,0.7016,S,100,0,◎1着固定 2-3着流し（5〜8点）,0.5777,"{'is_target': True, 'verdict': '参加推奨', 'max_combo_prob': 0.0727, 'est_top_odds': 18.3, 'circle_concentration': 58.5, 'eligible_count': 6, 'bet_adj': 2, 'reason': 'rel_win1=65.5%（本命度） / 最有力組み合わせ確率: 0.073（推定実オッズ?18倍） / 2着集中度: 上位2艇 58.5%（補正+0.00） / 総合判定確率: 0.073 / → ヒモ分散。1号艇1着固定で広めのヒモ流し推奨（買い目+2点）', 'tenji_trigger': '展示確認: ヒモ分散レース。1号艇伸び確認後、広めのヒモ流しを採用。穴ヒモ（5・6号艇）を積極的に含める。\n展示で1号艇スタート超安定(0.136秒)→ヒモ固まり方向に注意'}",,,25.7,逃げ狙い,13.04,25.7,3,,,,,,,,,,,
2026-02-11,丸亀,7,5,三嶌誠司,A1,22.22,5,▲,9.8319,25.5,48,46.9,0.1516,3.1735,,,0,低,84,0,-,13,0,25.7,1.0831,0,0,0,0.0417,0.0417,0.1235,0.1643,0.0959,,,E,◎,◎,0.2334,0.669,0.3357,0.7016,S,100,0,◎1着固定 2-3着流し（5〜8点）,0.5777,"{'is_target': True, 'verdict': '参加推奨', 'max_combo_prob': 0.0727, 'est_top_odds': 18.3, 'circle_concentration': 58.5, 'eligible_count': 6, 'bet_adj': 2, 'reason': 'rel_win1=65.5%（本命度） / 最有力組み合わせ確率: 0.073（推定実オッズ?18倍） / 2着集中度: 上位2艇 58.5%（補正+0.00） / 総合判定確率: 0.073 / → ヒモ分散。1号艇1着固定で広めのヒモ流し推奨（買い目+2点）', 'tenji_trigger': '展示確認: ヒモ分散レース。1号艇伸び確認後、広めのヒモ流しを採用。穴ヒモ（5・6号艇）を積極的に含める。\n展示で1号艇スタート超安定(0.136秒)→ヒモ固まり方向に注意'}",,,25.7,逃げ狙い,13.04,25.7,3,,,,,,,,,,,
2026-02-11,丸亀,7,6,是澤孝宏,A2,40.00,6,,5.4635,13.4,100,43.6,0.1845,4.3273,,,0,低,125,0,差0%,14,0,93.5,1.8819,0,0.0417,0,0,0,0.1625,0.0125,0.0375,,,C,△,,0.1285,0.6235,,0.7016,S,100,0,◎1着固定 2-3着流し（5〜8点）,0.5777,"{'is_target': True, 'verdict': '参加推奨', 'max_combo_prob': 0.0727, 'est_top_odds': 18.3, 'circle_concentration': 58.5, 'eligible_count': 6, 'bet_adj': 2, 'reason': 'rel_win1=65.5%（本命度） / 最有力組み合わせ確率: 0.073（推定実オッズ?18倍） / 2着集中度: 上位2艇 58.5%（補正+0.00） / 総合判定確率: 0.073 / → ヒモ分散。1号艇1着固定で広めのヒモ流し推奨（買い目+2点）', 'tenji_trigger': '展示確認: ヒモ分散レース。1号艇伸び確認後、広めのヒモ流しを採用。穴ヒモ（5・6号艇）を積極的に含める。\n展示で1号艇スタート超安定(0.136秒)→ヒモ固まり方向に注意'}",,,25.7,逃げ狙い,13.04,25.7,3,,,,,,,,,,,
2026-02-11,丸亀,8,1,岡崎恭裕,A1,53.54,1,◎,69.6704,,0,93.3,0.127,2.2,,,0,低,38,0,逃1%,21,0,92.1,1.2324,0.6538,,,,,0.1962,0.0462,0,◎,,A,◎,,,0.665,,0.7178,S,100,0,◎1着固定 2-3着流し（5〜8点）,0.5777,"{'is_target': True, 'verdict': '参加推奨', 'max_combo_prob': 0.0829, 'est_top_odds': 16.1, 'circle_concentration': 66.1, 'eligible_count': 6, 'bet_adj': 2, 'reason': 'rel_win1=69.7%（本命度） / 最有力組み合わせ確率: 0.083（推定実オッズ?16倍） / 2着集中度: 上位2艇 66.1%（補正+0.00） / 総合判定確率: 0.083 / → ヒモ分散。1号艇1着固定で広めのヒモ流し推奨（買い目+2点）', 'tenji_trigger': '展示確認: ヒモ分散レース。1号艇伸び確認後、広めのヒモ流しを採用。穴ヒモ（5・6号艇）を積極的に含める。\n展示で1号艇スタート超安定(0.127秒)→ヒモ固まり方向に注意'}",,,28,逃げ狙い,18.39,27.8,4,,,,,0,0,0.7559,0,,逃げ軸流し,A
2026-02-11,丸亀,8,2,山田晃大,A2,35.85,2,○,10.214,37,100,60,0.1404,3,,,0,低,63,0,-,2,0,35,0.8562,0,0.1429,0,0,0,0.0089,0.1911,0.1822,,,B,○,,0.1989,0.655,,0.7178,S,100,0,◎1着固定 2-3着流し（5〜8点）,0.5777,"{'is_target': True, 'verdict': '参加推奨', 'max_combo_prob': 0.0829, 'est_top_odds': 16.1, 'circle_concentration': 66.1, 'eligible_count': 6, 'bet_adj': 2, 'reason': 'rel_win1=69.7%（本命度） / 最有力組み合わせ確率: 0.083（推定実オッズ?16倍） / 2着集中度: 上位2艇 66.1%（補正+0.00） / 総合判定確率: 0.083 / → ヒモ分散。1号艇1着固定で広めのヒモ流し推奨（買い目+2点）', 'tenji_trigger': '展示確認: ヒモ分散レース。1号艇伸び確認後、広めのヒモ流しを採用。穴ヒモ（5・6号艇）を積極的に含める。\n展示で1号艇スタート超安定(0.127秒)→ヒモ固まり方向に注意'}",,,28,逃げ狙い,18.39,27.8,4,,,,,,,,,,,
2026-02-11,丸亀,8,3,山本景士,B1,33.65,3,△,4.8654,29,47,45.9,0.1646,3.5,,,0,低,147,0,-,34,0,29.5,0.831,,,,,,0.1091,0.2909,0.0182,,,C,△,,0.1341,0.6505,,0.7178,S,100,0,◎1着固定 2-3着流し（5〜8点）,0.5777,"{'is_target': True, 'verdict': '参加推奨', 'max_combo_prob': 0.0829, 'est_top_odds': 16.1, 'circle_concentration': 66.1, 'eligible_count': 6, 'bet_adj': 2, 'reason': 'rel_win1=69.7%（本命度） / 最有力組み合わせ確率: 0.083（推定実オッズ?16倍） / 2着集中度: 上位2艇 66.1%（補正+0.00） / 総合判定確率: 0.083 / → ヒモ分散。1号艇1着固定で広めのヒモ流し推奨（買い目+2点）', 'tenji_trigger': '展示確認: ヒモ分散レース。1号艇伸び確認後、広めのヒモ流しを採用。穴ヒモ（5・6号艇）を積極的に含める。\n展示で1号艇スタート超安定(0.127秒)→ヒモ固まり方向に注意'}",,,28,逃げ狙い,18.39,27.8,4,,,,,,,,,,,
2026-02-11,丸亀,8,4,坂本雄紀,A2,30.77,4,▲,11.1229,27.8,81,60.9,0.1509,2.6413,,,0,低,73,0,ま0% 差ま0% 抜0%,12,0,68,1.3219,0,0,0.1818,0.0455,0.0909,0.125,0.0417,0.0417,,,D,,◎,0.2325,0.579,0.4428,0.7178,S,100,0,◎1着固定 2-3着流し（5〜8点）,0.5777,"{'is_target': True, 'verdict': '参加推奨', 'max_combo_prob': 0.0829, 'est_top_odds': 16.1, 'circle_concentration': 66.1, 'eligible_count': 6, 'bet_adj': 2, 'reason': 'rel_win1=69.7%（本命度） / 最有力組み合わせ確率: 0.083（推定実オッズ?16倍） / 2着集中度: 上位2艇 66.1%（補正+0.00） / 総合判定確率: 0.083 / → ヒモ分散。1号艇1着固定で広めのヒモ流し推奨（買い目+2点）', 'tenji_trigger': '展示確認: ヒモ分散レース。1号艇伸び確認後、広めのヒモ流しを採用。穴ヒモ（5・6号艇）を積極的に含める。\n展示で1号艇スタート超安定(0.127秒)→ヒモ固まり方向に注意'}",,,28,逃げ狙い,18.39,27.8,4,,,,,,,,,,,
2026-02-11,丸亀,8,5,松下知幸,B1,29.27,5,,3.2548,5,75,23.1,0.1932,4.1987,,,0,低,152,0,-,1,0,53.1,1.1433,0,0.0278,0.0278,0,0,0.2152,0.1581,0.1962,,,D,△,,0.1028,0.5965,,0.7178,S,100,0,◎1着固定 2-3着流し（5〜8点）,0.5777,"{'is_target': True, 'verdict': '参加推奨', 'max_combo_prob': 0.0829, 'est_top_odds': 16.1, 'circle_concentration': 66.1, 'eligible_count': 6, 'bet_adj': 2, 'reason': 'rel_win1=69.7%（本命度） / 最有力組み合わせ確率: 0.083（推定実オッズ?16倍） / 2着集中度: 上位2艇 66.1%（補正+0.00） / 総合判定確率: 0.083 / → ヒモ分散。1号艇1着固定で広めのヒモ流し推奨（買い目+2点）', 'tenji_trigger': '展示確認: ヒモ分散レース。1号艇伸び確認後、広めのヒモ流しを採用。穴ヒモ（5・6号艇）を積極的に含める。\n展示で1号艇スタート超安定(0.127秒)→ヒモ固まり方向に注意'}",,,28,逃げ狙い,18.39,27.8,4,,,,,,,,,,,
2026-02-11,丸亀,8,6,今出晋二,B1,28.45,6,,0.8725,1.1,49,5.9,0.1976,4.25,,,0,低,89,0,-,F,0,25.1,0.6572,,,,,,0.4412,0.4176,0.1176,,,E,,,0.1388,0.594,,0.7178,S,100,0,◎1着固定 2-3着流し（5〜8点）,0.5777,"{'is_target': True, 'verdict': '参加推奨', 'max_combo_prob': 0.0829, 'est_top_odds': 16.1, 'circle_concentration': 66.1, 'eligible_count': 6, 'bet_adj': 2, 'reason': 'rel_win1=69.7%（本命度） / 最有力組み合わせ確率: 0.083（推定実オッズ?16倍） / 2着集中度: 上位2艇 66.1%（補正+0.00） / 総合判定確率: 0.083 / → ヒモ分散。1号艇1着固定で広めのヒモ流し推奨（買い目+2点）', 'tenji_trigger': '展示確認: ヒモ分散レース。1号艇伸び確認後、広めのヒモ流しを採用。穴ヒモ（5・6号艇）を積極的に含める。\n展示で1号艇スタート超安定(0.127秒)→ヒモ固まり方向に注意'}",,,28,逃げ狙い,18.39,27.8,4,,,,,,,,,,,
2026-02-11,丸亀,9,1,西野翔太,A2,22.34,1,◎,68.2489,,0,88.5,0.1571,3.1538,,,0,低,72,0,逃0%,32,0,82.7,1.2465,0.6512,,,,,0.1556,0.0918,0.0465,◎,,D,◎,,,0.6405,,0.5146,A,78,0,◎-○軸 3着3〜4艇流し（10〜15点）,0.5777,"{'is_target': True, 'verdict': '参加推奨', 'max_combo_prob': 0.0696, 'est_top_odds': 19.2, 'circle_concentration': 61.3, 'eligible_count': 8, 'bet_adj': 2, 'reason': 'rel_win1=68.2%（本命度） / 最有力組み合わせ確率: 0.070（推定実オッズ?19倍） / 2着集中度: 上位2艇 61.3%（補正+0.00） / 総合判定確率: 0.070 / → ヒモ分散。1号艇1着固定で広めのヒモ流し推奨（買い目+2点）', 'tenji_trigger': '展示確認: ヒモ分散レース。1号艇伸び確認後、広めのヒモ流しを採用。穴ヒモ（5・6号艇）を積極的に含める。'}",,,26.7,逃げ狙い,11.65,29.9,4,,,,,0,0,0.7559,0,,逃げ軸流し,A
2026-02-11,丸亀,9,2,新田智彰,B1,41.00,2,○,9.9433,33,100,61.9,0.1719,3.8333,,,0,低,135,0,-,51,0,27.3,0.8795,0,0.0645,0,0,0,0.0593,0.3437,0.1644,,,A,○,,0.1888,0.625,,0.5146,A,78,0,◎-○軸 3着3〜4艇流し（10〜15点）,0.5777,"{'is_target': True, 'verdict': '参加推奨', 'max_combo_prob': 0.0696, 'est_top_odds': 19.2, 'circle_concentration': 61.3, 'eligible_count': 8, 'bet_adj': 2, 'reason': 'rel_win1=68.2%（本命度） / 最有力組み合わせ確率: 0.070（推定実オッズ?19倍） / 2着集中度: 上位2艇 61.3%（補正+0.00） / 総合判定確率: 0.070 / → ヒモ分散。1号艇1着固定で広めのヒモ流し推奨（買い目+2点）', 'tenji_trigger': '展示確認: ヒモ分散レース。1号艇伸び確認後、広めのヒモ流しを採用。穴ヒモ（5・6号艇）を積極的に含める。'}",,,26.7,逃げ狙い,11.65,29.9,4,,,,,,,,,,,
2026-02-11,丸亀,9,3,細川裕子,A1,22.99,3,▲,11.7608,28.3,80,61.5,0.1785,3.5385,,,0,低,59,1,ま0%,15,0,39.4,1.1658,0,0,0.1111,0,0,0,0,0.0833,,,D,△,,0.2129,0.6235,,0.5146,A,78,0,◎-○軸 3着3〜4艇流し（10〜15点）,0.5777,"{'is_target': True, 'verdict': '参加推奨', 'max_combo_prob': 0.0696, 'est_top_odds': 19.2, 'circle_concentration': 61.3, 'eligible_count': 8, 'bet_adj': 2, 'reason': 'rel_win1=68.2%（本命度） / 最有力組み合わせ確率: 0.070（推定実オッズ?19倍） / 2着集中度: 上位2艇 61.3%（補正+0.00） / 総合判定確率: 0.070 / → ヒモ分散。1号艇1着固定で広めのヒモ流し推奨（買い目+2点）', 'tenji_trigger': '展示確認: ヒモ分散レース。1号艇伸び確認後、広めのヒモ流しを採用。穴ヒモ（5・6号艇）を積極的に含める。'}",,,26.7,逃げ狙い,11.65,29.9,4,,,,,,,,,,,
2026-02-11,丸亀,9,4,屋良龍紀,B1,19.15,4,,6.1592,19.1,66,40.8,0.138,2.8673,,,0,低,86,0,-,6,0,100,0.8283,,,,,,0.1733,0.0267,0.1733,,,E,,,0.3993,0.587,,0.5146,A,78,0,◎-○軸 3着3〜4艇流し（10〜15点）,0.5777,"{'is_target': True, 'verdict': '参加推奨', 'max_combo_prob': 0.0696, 'est_top_odds': 19.2, 'circle_concentration': 61.3, 'eligible_count': 8, 'bet_adj': 2, 'reason': 'rel_win1=68.2%（本命度） / 最有力組み合わせ確率: 0.070（推定実オッズ?19倍） / 2着集中度: 上位2艇 61.3%（補正+0.00） / 総合判定確率: 0.070 / → ヒモ分散。1号艇1着固定で広めのヒモ流し推奨（買い目+2点）', 'tenji_trigger': '展示確認: ヒモ分散レース。1号艇伸び確認後、広めのヒモ流しを採用。穴ヒモ（5・6号艇）を積極的に含める。'}",,,26.7,逃げ狙い,11.65,29.9,4,,,,,,,,,,,
2026-02-11,丸亀,9,5,近藤稔也,B1,25.71,5,,2.5472,14.6,62,31.1,0.1813,3.7541,,,0,低,180,0,-,3,0,100,2.2379,,,,,,0.368,0.32,0.064,,,C,,,0.2468,0.609,,0.5146,A,78,0,◎-○軸 3着3〜4艇流し（10〜15点）,0.5777,"{'is_target': True, 'verdict': '参加推奨', 'max_combo_prob': 0.0696, 'est_top_odds': 19.2, 'circle_concentration': 61.3, 'eligible_count': 8, 'bet_adj': 2, 'reason': 'rel_win1=68.2%（本命度） / 最有力組み合わせ確率: 0.070（推定実オッズ?19倍） / 2着集中度: 上位2艇 61.3%（補正+0.00） / 総合判定確率: 0.070 / → ヒモ分散。1号艇1着固定で広めのヒモ流し推奨（買い目+2点）', 'tenji_trigger': '展示確認: ヒモ分散レース。1号艇伸び確認後、広めのヒモ流しを採用。穴ヒモ（5・6号艇）を積極的に含める。'}",,,26.7,逃げ狙い,11.65,29.9,4,,,,,,,,,,,
2026-02-11,丸亀,9,6,松村康太,A2,33.00,6,△,1.3406,5,93,45.2,0.1895,4.1935,,,0,低,166,0,-,2,0,31.6,2.2044,,,,,,0.22,0.1756,0.2689,,,B,△,,0.2207,0.6195,,0.5146,A,78,0,◎-○軸 3着3〜4艇流し（10〜15点）,0.5777,"{'is_target': True, 'verdict': '参加推奨', 'max_combo_prob': 0.0696, 'est_top_odds': 19.2, 'circle_concentration': 61.3, 'eligible_count': 8, 'bet_adj': 2, 'reason': 'rel_win1=68.2%（本命度） / 最有力組み合わせ確率: 0.070（推定実オッズ?19倍） / 2着集中度: 上位2艇 61.3%（補正+0.00） / 総合判定確率: 0.070 / → ヒモ分散。1号艇1着固定で広めのヒモ流し推奨（買い目+2点）', 'tenji_trigger': '展示確認: ヒモ分散レース。1号艇伸び確認後、広めのヒモ流しを採用。穴ヒモ（5・6号艇）を積極的に含める。'}",,,26.7,逃げ狙い,11.65,29.9,4,,,,,,,,,,,
2026-02-11,丸亀,10,1,荒木颯斗,A2,27.72,1,◎,61.4587,,0,95.7,0.1374,2.3478,,,0,低,68,0,逃1%,33,0,91.8,1.2253,0.7,,,,,0,0.08,0.19,◎,,D,○,,,0.6105,,0.6472,S,86,0,◎1着固定 2-3着流し（5〜8点）,0.5777,"{'is_target': True, 'verdict': '点数絞り', 'max_combo_prob': 0.0883, 'est_top_odds': 15.1, 'circle_concentration': 73.9, 'eligible_count': 6, 'bet_adj': 0, 'reason': 'rel_win1=61.5%（本命度） / 最有力組み合わせ確率: 0.088（推定実オッズ?15倍） / 2着集中度: 上位2艇 73.9%（補正+0.04） / 総合判定確率: 0.128 / → ヒモはやや固め。上位2艇以外を切ること', 'tenji_trigger': '展示確認: 1号艇伸び良→そのまま採用。悪→飛び組に差し替え。circle_pct上位2艇に絞り込むこと。\n展示で1号艇スタート超安定(0.137秒)→ヒモ固まり方向に注意'}",,,25.9,逃げ狙い,13.95,25.5,3,,,,,0,0,0.7559,0,,逃げ軸流し,A
2026-02-11,丸亀,10,2,伊藤　栞,B1,24.73,2,,7.6318,35.1,63,0,0.1635,3.6765,,,0,低,55,0,-,6,0,78.1,0.5379,,,,,,0,0.5,0.5,,,E,,,0.0775,0.5045,,0.6472,S,86,0,◎1着固定 2-3着流し（5〜8点）,0.5777,"{'is_target': True, 'verdict': '点数絞り', 'max_combo_prob': 0.0883, 'est_top_odds': 15.1, 'circle_concentration': 73.9, 'eligible_count': 6, 'bet_adj': 0, 'reason': 'rel_win1=61.5%（本命度） / 最有力組み合わせ確率: 0.088（推定実オッズ?15倍） / 2着集中度: 上位2艇 73.9%（補正+0.04） / 総合判定確率: 0.128 / → ヒモはやや固め。上位2艇以外を切ること', 'tenji_trigger': '展示確認: 1号艇伸び良→そのまま採用。悪→飛び組に差し替え。circle_pct上位2艇に絞り込むこと。\n展示で1号艇スタート超安定(0.137秒)→ヒモ固まり方向に注意'}",,,25.9,逃げ狙い,13.95,25.5,3,,,,,,,,,,,
2026-02-11,丸亀,10,3,西丸侑太,A1,34.65,3,○,16.0052,38.8,97,72.5,0.1655,3.2375,,,0,低,100,0,-,21,0,40.4,0.9333,0,0.0476,0.0476,0.0476,0.0476,0,0.1314,0.0429,,,C,○,,0.1485,0.6105,,0.6472,S,86,0,◎1着固定 2-3着流し（5〜8点）,0.5777,"{'is_target': True, 'verdict': '点数絞り', 'max_combo_prob': 0.0883, 'est_top_odds': 15.1, 'circle_concentration': 73.9, 'eligible_count': 6, 'bet_adj': 0, 'reason': 'rel_win1=61.5%（本命度） / 最有力組み合わせ確率: 0.088（推定実オッズ?15倍） / 2着集中度: 上位2艇 73.9%（補正+0.04） / 総合判定確率: 0.128 / → ヒモはやや固め。上位2艇以外を切ること', 'tenji_trigger': '展示確認: 1号艇伸び良→そのまま採用。悪→飛び組に差し替え。circle_pct上位2艇に絞り込むこと。\n展示で1号艇スタート超安定(0.137秒)→ヒモ固まり方向に注意'}",,,25.9,逃げ狙い,13.95,25.5,3,,,,,,,,,,,
2026-02-11,丸亀,10,4,小林文彦,B1,46.46,4,▲,7.7988,17.8,100,53.6,0.1945,4.587,,,0,低,166,0,差ま0%,3,0,36.3,0.8719,0,0,0.0294,0.0294,0,0.0143,0.2286,0.1143,,,A,△,,0.1088,0.5995,,0.6472,S,86,0,◎1着固定 2-3着流し（5〜8点）,0.5777,"{'is_target': True, 'verdict': '点数絞り', 'max_combo_prob': 0.0883, 'est_top_odds': 15.1, 'circle_concentration': 73.9, 'eligible_count': 6, 'bet_adj': 0, 'reason': 'rel_win1=61.5%（本命度） / 最有力組み合わせ確率: 0.088（推定実オッズ?15倍） / 2着集中度: 上位2艇 73.9%（補正+0.04） / 総合判定確率: 0.128 / → ヒモはやや固め。上位2艇以外を切ること', 'tenji_trigger': '展示確認: 1号艇伸び良→そのまま採用。悪→飛び組に差し替え。circle_pct上位2艇に絞り込むこと。\n展示で1号艇スタート超安定(0.137秒)→ヒモ固まり方向に注意'}",,,25.9,逃げ狙い,13.95,25.5,3,,,,,,,,,,,
2026-02-11,丸亀,10,5,佐藤右京,B1,36.36,5,△,2.7378,6.2,34,12.2,0.1902,4.2449,,,0,低,134,0,-,4,0,30.6,0.6845,,,,,,0.0421,0.3263,0.2421,,,B,△,,0.1456,0.505,,0.6472,S,86,0,◎1着固定 2-3着流し（5〜8点）,0.5777,"{'is_target': True, 'verdict': '点数絞り', 'max_combo_prob': 0.0883, 'est_top_odds': 15.1, 'circle_concentration': 73.9, 'eligible_count': 6, 'bet_adj': 0, 'reason': 'rel_win1=61.5%（本命度） / 最有力組み合わせ確率: 0.088（推定実オッズ?15倍） / 2着集中度: 上位2艇 73.9%（補正+0.04） / 総合判定確率: 0.128 / → ヒモはやや固め。上位2艇以外を切ること', 'tenji_trigger': '展示確認: 1号艇伸び良→そのまま採用。悪→飛び組に差し替え。circle_pct上位2艇に絞り込むこと。\n展示で1号艇スタート超安定(0.137秒)→ヒモ固まり方向に注意'}",,,25.9,逃げ狙い,13.95,25.5,3,,,,,,,,,,,
2026-02-11,丸亀,10,6,田村隆信,A1,27.55,6,,4.3677,2.1,73,36.7,0.1657,3.85,,,0,低,42,0,-,16,0,24.6,1.5567,,,,,,0.1011,0.0154,0.0154,,,D,◎,,0.22,0.657,,0.6472,S,86,0,◎1着固定 2-3着流し（5〜8点）,0.5777,"{'is_target': True, 'verdict': '点数絞り', 'max_combo_prob': 0.0883, 'est_top_odds': 15.1, 'circle_concentration': 73.9, 'eligible_count': 6, 'bet_adj': 0, 'reason': 'rel_win1=61.5%（本命度） / 最有力組み合わせ確率: 0.088（推定実オッズ?15倍） / 2着集中度: 上位2艇 73.9%（補正+0.04） / 総合判定確率: 0.128 / → ヒモはやや固め。上位2艇以外を切ること', 'tenji_trigger': '展示確認: 1号艇伸び良→そのまま採用。悪→飛び組に差し替え。circle_pct上位2艇に絞り込むこと。\n展示で1号艇スタート超安定(0.137秒)→ヒモ固まり方向に注意'}",,,25.9,逃げ狙い,13.95,25.5,3,,,,,,,,,,,
2026-02-11,丸亀,11,1,高橋竜矢,A1,24.42,1,◎,60.4683,,0,94.9,0.1208,2.2821,,,0,低,31,0,逃1%,24,0,91.3,1.2132,0.875,,,,,0,0.0417,0.0833,◎,,E,○,,,0.6585,,0.6867,A,76,0,◎-○軸 3着3〜4艇流し（10〜15点）,0.5777,"{'is_target': True, 'verdict': '参加推奨', 'max_combo_prob': 0.07, 'est_top_odds': 19.0, 'circle_concentration': 68.7, 'eligible_count': 8, 'bet_adj': 2, 'reason': 'rel_win1=60.5%（本命度） / 最有力組み合わせ確率: 0.070（推定実オッズ?19倍） / 2着集中度: 上位2艇 68.7%（補正+0.00） / 総合判定確率: 0.070 / → ヒモ分散。1号艇1着固定で広めのヒモ流し推奨（買い目+2点）', 'tenji_trigger': '展示確認: ヒモ分散レース。1号艇伸び確認後、広めのヒモ流しを採用。穴ヒモ（5・6号艇）を積極的に含める。\n展示で1号艇スタート超安定(0.121秒)→ヒモ固まり方向に注意'}",,,26.2,逃げ狙い,18.42,22.7,3,,,,,0,0,0.7559,0,,逃げ軸流し,A
2026-02-11,丸亀,11,2,平石和男,A2,43.00,2,△,13.9338,37.9,100,62.7,0.1977,4.5933,,,0,低,226,0,-,44,0,67,0.8119,0,0.0645,0,0,0.0323,0.1058,0.1706,0.2354,,,B,△,,0.0635,0.6275,,0.6867,A,76,0,◎-○軸 3着3〜4艇流し（10〜15点）,0.5777,"{'is_target': True, 'verdict': '参加推奨', 'max_combo_prob': 0.07, 'est_top_odds': 19.0, 'circle_concentration': 68.7, 'eligible_count': 8, 'bet_adj': 2, 'reason': 'rel_win1=60.5%（本命度） / 最有力組み合わせ確率: 0.070（推定実オッズ?19倍） / 2着集中度: 上位2艇 68.7%（補正+0.00） / 総合判定確率: 0.070 / → ヒモ分散。1号艇1着固定で広めのヒモ流し推奨（買い目+2点）', 'tenji_trigger': '展示確認: ヒモ分散レース。1号艇伸び確認後、広めのヒモ流しを採用。穴ヒモ（5・6号艇）を積極的に含める。\n展示で1号艇スタート超安定(0.121秒)→ヒモ固まり方向に注意'}",,,26.2,逃げ狙い,18.42,22.7,3,,,,,,,,,,,
2026-02-11,丸亀,11,3,今井美亜,A2,41.35,3,▲,15.7703,30.8,74,56.5,0.1352,2.5,,,0,低,28,0,差0% ま0% 差ま0%,32,0,55.4,1.2288,0,0.0588,0.0588,0.1176,0,0,0.1429,0.1429,,,B,△,,0.235,0.629,,0.6867,A,76,0,◎-○軸 3着3〜4艇流し（10〜15点）,0.5777,"{'is_target': True, 'verdict': '参加推奨', 'max_combo_prob': 0.07, 'est_top_odds': 19.0, 'circle_concentration': 68.7, 'eligible_count': 8, 'bet_adj': 2, 'reason': 'rel_win1=60.5%（本命度） / 最有力組み合わせ確率: 0.070（推定実オッズ?19倍） / 2着集中度: 上位2艇 68.7%（補正+0.00） / 総合判定確率: 0.070 / → ヒモ分散。1号艇1着固定で広めのヒモ流し推奨（買い目+2点）', 'tenji_trigger': '展示確認: ヒモ分散レース。1号艇伸び確認後、広めのヒモ流しを採用。穴ヒモ（5・6号艇）を積極的に含める。\n展示で1号艇スタート超安定(0.121秒)→ヒモ固まり方向に注意'}",,,26.2,逃げ狙い,18.42,22.7,3,,,,,,,,,,,
2026-02-11,丸亀,11,4,山本浩次,B1,35.78,4,,5.6119,8.2,62,28.9,0.1656,3.1,,,0,低,84,0,ま0% 差ま0%,4,0,30.3,0.7217,0,0,0.0476,0.0476,0,0.23,0.2033,0,,,C,,,0.1145,0.5845,,0.6867,A,76,0,◎-○軸 3着3〜4艇流し（10〜15点）,0.5777,"{'is_target': True, 'verdict': '参加推奨', 'max_combo_prob': 0.07, 'est_top_odds': 19.0, 'circle_concentration': 68.7, 'eligible_count': 8, 'bet_adj': 2, 'reason': 'rel_win1=60.5%（本命度） / 最有力組み合わせ確率: 0.070（推定実オッズ?19倍） / 2着集中度: 上位2艇 68.7%（補正+0.00） / 総合判定確率: 0.070 / → ヒモ分散。1号艇1着固定で広めのヒモ流し推奨（買い目+2点）', 'tenji_trigger': '展示確認: ヒモ分散レース。1号艇伸び確認後、広めのヒモ流しを採用。穴ヒモ（5・6号艇）を積極的に含める。\n展示で1号艇スタート超安定(0.121秒)→ヒモ固まり方向に注意'}",,,26.2,逃げ狙い,18.42,22.7,3,,,,,,,,,,,
2026-02-11,丸亀,11,5,片岡雅裕,A1,56.00,5,○,3.153,21.1,88,57.1,0.1071,2.4286,,,0,低,5,1,-,12,0,24.9,1.275,,,,,,0.0286,0,0.3571,,,A,◎,,0.3563,0.8292,,0.6867,A,76,0,◎-○軸 3着3〜4艇流し（10〜15点）,0.5777,"{'is_target': True, 'verdict': '参加推奨', 'max_combo_prob': 0.07, 'est_top_odds': 19.0, 'circle_concentration': 68.7, 'eligible_count': 8, 'bet_adj': 2, 'reason': 'rel_win1=60.5%（本命度） / 最有力組み合わせ確率: 0.070（推定実オッズ?19倍） / 2着集中度: 上位2艇 68.7%（補正+0.00） / 総合判定確率: 0.070 / → ヒモ分散。1号艇1着固定で広めのヒモ流し推奨（買い目+2点）', 'tenji_trigger': '展示確認: ヒモ分散レース。1号艇伸び確認後、広めのヒモ流しを採用。穴ヒモ（5・6号艇）を積極的に含める。\n展示で1号艇スタート超安定(0.121秒)→ヒモ固まり方向に注意'}",,,26.2,逃げ狙い,18.42,22.7,3,,,,,,,,,,,
2026-02-11,丸亀,11,6,藤井　徹,B1,23.40,6,,1.0628,2,64,14.3,0.2229,4.4643,,,0,低,130,1,-,5,0,24.2,0.82,,,,,,0.2,0.36,0.18,,,E,,,0.135,0.6035,,0.6867,A,76,0,◎-○軸 3着3〜4艇流し（10〜15点）,0.5777,"{'is_target': True, 'verdict': '参加推奨', 'max_combo_prob': 0.07, 'est_top_odds': 19.0, 'circle_concentration': 68.7, 'eligible_count': 8, 'bet_adj': 2, 'reason': 'rel_win1=60.5%（本命度） / 最有力組み合わせ確率: 0.070（推定実オッズ?19倍） / 2着集中度: 上位2艇 68.7%（補正+0.00） / 総合判定確率: 0.070 / → ヒモ分散。1号艇1着固定で広めのヒモ流し推奨（買い目+2点）', 'tenji_trigger': '展示確認: ヒモ分散レース。1号艇伸び確認後、広めのヒモ流しを採用。穴ヒモ（5・6号艇）を積極的に含める。\n展示で1号艇スタート超安定(0.121秒)→ヒモ固まり方向に注意'}",,,26.2,逃げ狙い,18.42,22.7,3,,,,,,,,,,,
2026-02-11,丸亀,12,1,三嶌誠司,A1,22.22,1,◎,57.0078,,0,90.4,0.1608,2.8014,,,0,低,84,0,逃0%,13,0,87.7,1.1399,0.5862,,,,,0.1235,0.1643,0.0959,◎,,E,◎,,,0.669,,0.492,A,77,0,◎-○軸 3着3〜4艇流し（10〜15点）,0.5777,"{'is_target': True, 'verdict': '参加推奨', 'max_combo_prob': 0.0931, 'est_top_odds': 14.3, 'circle_concentration': 69.9, 'eligible_count': 8, 'bet_adj': 2, 'reason': 'rel_win1=57.0%（本命度） / 最有力組み合わせ確率: 0.093（推定実オッズ?14倍） / 2着集中度: 上位2艇 69.9%（補正+0.00） / 総合判定確率: 0.093 / → ヒモ分散。1号艇1着固定で広めのヒモ流し推奨（買い目+2点）', 'tenji_trigger': '展示確認: ヒモ分散レース。1号艇伸び確認後、広めのヒモ流しを採用。穴ヒモ（5・6号艇）を積極的に含める。'}",,,29.4,逃げ狙い,18.93,31.2,2,,,,,0,0,0.7559,0,,逃げ軸流し,A
2026-02-11,丸亀,12,2,岡崎恭裕,A1,53.54,2,○,19.1367,42,64,73.3,0.1417,2.4333,,,0,低,38,0,差0% 抜0%,21,0,62.8,1.2417,0,0.125,0,0,0.125,0.1962,0.0462,0,,◎,A,○,,0.538,0.665,,0.492,A,77,0,◎-○軸 3着3〜4艇流し（10〜15点）,0.5777,"{'is_target': True, 'verdict': '参加推奨', 'max_combo_prob': 0.0931, 'est_top_odds': 14.3, 'circle_concentration': 69.9, 'eligible_count': 8, 'bet_adj': 2, 'reason': 'rel_win1=57.0%（本命度） / 最有力組み合わせ確率: 0.093（推定実オッズ?14倍） / 2着集中度: 上位2艇 69.9%（補正+0.00） / 総合判定確率: 0.093 / → ヒモ分散。1号艇1着固定で広めのヒモ流し推奨（買い目+2点）', 'tenji_trigger': '展示確認: ヒモ分散レース。1号艇伸び確認後、広めのヒモ流しを採用。穴ヒモ（5・6号艇）を積極的に含める。'}",,,29.4,逃げ狙い,18.93,31.2,2,,,,,,,,,,,
2026-02-11,丸亀,12,3,刑部亜里,A2,36.70,3,▲,8.9892,28,70,70.3,0.163,3.5676,,,0,低,94,0,ま0% 差ま0% 抜0%,44,0,49.8,1.1873,0,0,0.0625,0.0625,0.0625,0.2248,0.0533,0.1124,,,B,,,0.3035,0.5895,,0.492,A,77,0,◎-○軸 3着3〜4艇流し（10〜15点）,0.5777,"{'is_target': True, 'verdict': '参加推奨', 'max_combo_prob': 0.0931, 'est_top_odds': 14.3, 'circle_concentration': 69.9, 'eligible_count': 8, 'bet_adj': 2, 'reason': 'rel_win1=57.0%（本命度） / 最有力組み合わせ確率: 0.093（推定実オッズ?14倍） / 2着集中度: 上位2艇 69.9%（補正+0.00） / 総合判定確率: 0.093 / → ヒモ分散。1号艇1着固定で広めのヒモ流し推奨（買い目+2点）', 'tenji_trigger': '展示確認: ヒモ分散レース。1号艇伸び確認後、広めのヒモ流しを採用。穴ヒモ（5・6号艇）を積極的に含める。'}",,,29.4,逃げ狙い,18.93,31.2,2,,,,,,,,,,,
2026-02-11,丸亀,12,4,津田陸翔,A2,31.00,4,△,10.784,19.5,100,71.2,0.1469,3.2019,,,0,低,80,0,差0% ま0%,43,0,79.4,1.4283,0,0.0714,0.0714,0,0,0,0.0842,0.2421,,,D,△,◎,0.3752,0.6525,0.4125,0.492,A,77,0,◎-○軸 3着3〜4艇流し（10〜15点）,0.5777,"{'is_target': True, 'verdict': '参加推奨', 'max_combo_prob': 0.0931, 'est_top_odds': 14.3, 'circle_concentration': 69.9, 'eligible_count': 8, 'bet_adj': 2, 'reason': 'rel_win1=57.0%（本命度） / 最有力組み合わせ確率: 0.093（推定実オッズ?14倍） / 2着集中度: 上位2艇 69.9%（補正+0.00） / 総合判定確率: 0.093 / → ヒモ分散。1号艇1着固定で広めのヒモ流し推奨（買い目+2点）', 'tenji_trigger': '展示確認: ヒモ分散レース。1号艇伸び確認後、広めのヒモ流しを採用。穴ヒモ（5・6号艇）を積極的に含める。'}",,,29.4,逃げ狙い,18.93,31.2,2,,,,,,,,,,,
2026-02-11,丸亀,12,5,田中　豪,A2,35.35,5,,3.1208,9.2,62,31.1,0.1687,3.6556,,,0,低,108,0,-,11,0,44.7,0.9881,0,0,0,0.05,0,0.0429,0.1429,0.1571,,,C,,,0.284,0.574,,0.492,A,77,0,◎-○軸 3着3〜4艇流し（10〜15点）,0.5777,"{'is_target': True, 'verdict': '参加推奨', 'max_combo_prob': 0.0931, 'est_top_odds': 14.3, 'circle_concentration': 69.9, 'eligible_count': 8, 'bet_adj': 2, 'reason': 'rel_win1=57.0%（本命度） / 最有力組み合わせ確率: 0.093（推定実オッズ?14倍） / 2着集中度: 上位2艇 69.9%（補正+0.00） / 総合判定確率: 0.093 / → ヒモ分散。1号艇1着固定で広めのヒモ流し推奨（買い目+2点）', 'tenji_trigger': '展示確認: ヒモ分散レース。1号艇伸び確認後、広めのヒモ流しを採用。穴ヒモ（5・6号艇）を積極的に含める。'}",,,29.4,逃げ狙い,18.93,31.2,2,,,,,,,,,,,
2026-02-11,丸亀,12,6,今泉　徹,B1,32.00,6,,0.9615,1.4,25,2.6,0.1758,4.2368,,,0,低,120,0,-,5,0,29.3,0.8222,,,,,,0.42,0.3,0.18,,,D,△,,0.2904,0.6375,,0.492,A,77,0,◎-○軸 3着3〜4艇流し（10〜15点）,0.5777,"{'is_target': True, 'verdict': '参加推奨', 'max_combo_prob': 0.0931, 'est_top_odds': 14.3, 'circle_concentration': 69.9, 'eligible_count': 8, 'bet_adj': 2, 'reason': 'rel_win1=57.0%（本命度） / 最有力組み合わせ確率: 0.093（推定実オッズ?14倍） / 2着集中度: 上位2艇 69.9%（補正+0.00） / 総合判定確率: 0.093 / → ヒモ分散。1号艇1着固定で広めのヒモ流し推奨（買い目+2点）', 'tenji_trigger': '展示確認: ヒモ分散レース。1号艇伸び確認後、広めのヒモ流しを採用。穴ヒモ（5・6号艇）を積極的に含める。'}",,,29.4,逃げ狙い,18.93,31.2,2,,,,,,,,,,,
2026-02-12,丸亀,1,1,近藤稔也,B1,25.71,1,○,41.8585,,0,52.7,0.2005,4.4091,,,0,低,180,0,-,3 54,0,100,2.989,0.2,,,,,0.368,0.32,0.064,,,D,△,,,0.609,,0.0996,D,34,1,大荒れ。見送り推奨,0.5777,"{'is_target': False, 'verdict': '対象外', 'max_combo_prob': None, 'est_top_odds': None, 'circle_concentration': None, 'eligible_count': 0, 'bet_adj': 0, 'reason': '1号艇rel_win1 < 45%: 通常判定に委ねる', 'tenji_trigger': ''}",,,37.9,両建て推奨,16.29,43.5,4,2-1-3|2-1-4|2-1-5|2-3-1|2-5-1|2-3-4|2-5-3|1-2-4|1-2-3|1-3-4,2-1-3|2-1-4|2-1-5|2-3-1|2-5-1|2-3-4|2-5-3|1-2-4|1-2-3|5-1-6|6-1-3|1-3-4,2-1-3:3.21%|2-1-4:1.78%|2-1-5:1.37%|2-3-1:0.98%|2-5-1:0.45%|2-3-4:0.35%|2-5-3:0.29%|1-2-4:6.65%|1-2-3:6.04%|1-3-4:4.87%,2-1-3:B_main|2-1-4:B_main|2-1-5:B_main|2-3-1:B_main|2-5-1:B_main|2-3-4:B_main|2-5-3:B_main|1-2-4:A|1-2-3:A|1-3-4:A,10,12,0.2915,1,[!]見送り推奨（主役決まり手「差し」― 逃げ劣勢レースで的中実績なし）,主役軸流し,B
2026-02-12,丸亀,1,2,山本景士,B1,33.65,2,▲,15.994,47.8,56,56.5,0.1777,4.0726,,,0,低,147,0,差0% ま0%,346,0,100,0.9716,0,0.0769,0.0385,0,0,0.1091,0.2909,0.0182,,◎,B,○,,0.5984,0.6505,,0.0996,D,34,1,大荒れ。見送り推奨,0.5777,"{'is_target': False, 'verdict': '対象外', 'max_combo_prob': None, 'est_top_odds': None, 'circle_concentration': None, 'eligible_count': 0, 'bet_adj': 0, 'reason': '1号艇rel_win1 < 45%: 通常判定に委ねる', 'tenji_trigger': ''}",,,37.9,両建て推奨,16.29,43.5,4,,,,,,,,,,,
2026-02-12,丸亀,1,3,汐崎正則,B1,37.25,3,◎,12.9295,29.9,100,60,0.1425,3.125,,,0,低,79,0,-,652,0,81.2,1.8242,0,0.0455,0.0455,0.0909,0,0.05,0.17,0.075,,○,A,△,,0.5248,0.618,,0.0996,D,34,1,大荒れ。見送り推奨,0.5777,"{'is_target': False, 'verdict': '対象外', 'max_combo_prob': None, 'est_top_odds': None, 'circle_concentration': None, 'eligible_count': 0, 'bet_adj': 0, 'reason': '1号艇rel_win1 < 45%: 通常判定に委ねる', 'tenji_trigger': ''}",,,37.9,両建て推奨,16.29,43.5,4,,,,,,,,,,,
2026-02-12,丸亀,1,4,宮嵜隆太,B1,22.58,4,△,16.9295,9.9,69,42,0.1226,2.4565,,,0,低,56,0,ま0% 差ま0%,6 6,0,56.4,1.2594,0,0,0.0769,0.0769,0,0.2833,0.3667,0.0222,,△,E,◎,◎,0.5239,0.654,0.4225,0.0996,D,34,1,大荒れ。見送り推奨,0.5777,"{'is_target': False, 'verdict': '対象外', 'max_combo_prob': None, 'est_top_odds': None, 'circle_concentration': None, 'eligible_count': 0, 'bet_adj': 0, 'reason': '1号艇rel_win1 < 45%: 通常判定に委ねる', 'tenji_trigger': ''}",,,37.9,両建て推奨,16.29,43.5,4,,,,,,,,,,,
2026-02-12,丸亀,1,5,重富伸也,B1,23.46,5,,9.6347,12,56,39.2,0.1682,3.5784,,,0,低,124,0,ま0%,265,0,33.1,0.7455,0,0,0.1667,0.0417,0,0.0615,0,0.3231,,,D,,○,0.4742,0.6085,0.2083,0.0996,D,34,1,大荒れ。見送り推奨,0.5777,"{'is_target': False, 'verdict': '対象外', 'max_combo_prob': None, 'est_top_odds': None, 'circle_concentration': None, 'eligible_count': 0, 'bet_adj': 0, 'reason': '1号艇rel_win1 < 45%: 通常判定に委ねる', 'tenji_trigger': ''}",,,37.9,両建て推奨,16.29,43.5,4,,,,,,,,,,,
2026-02-12,丸亀,1,6,松下知幸,B1,29.27,6,,2.6539,0.4,24,11.8,0.1892,4.5686,,,0,低,152,0,-,1 54,0,33.1,2.1633,,,,,,0.2152,0.1581,0.1962,,,C,,,0.3924,0.5965,,0.0996,D,34,1,大荒れ。見送り推奨,0.5777,"{'is_target': False, 'verdict': '対象外', 'max_combo_prob': None, 'est_top_odds': None, 'circle_concentration': None, 'eligible_count': 0, 'bet_adj': 0, 'reason': '1号艇rel_win1 < 45%: 通常判定に委ねる', 'tenji_trigger': ''}",,,37.9,両建て推奨,16.29,43.5,4,,,,,,,,,,,
2026-02-12,丸亀,2,1,新田智彰,B1,41.00,1,◎,50.477,,0,82.3,0.1381,2.6618,,,0,低,135,0,逃0%,515,0,83.9,1.0322,0.4815,,,,,0.0593,0.3437,0.1644,◎,,A,△,,,0.625,,0.5644,A,73,0,◎-○軸 3着3〜4艇流し（10〜15点）,0.5777,"{'is_target': True, 'verdict': '参加推奨', 'max_combo_prob': 0.087, 'est_top_odds': 15.3, 'circle_concentration': 67.1, 'eligible_count': 8, 'bet_adj': 2, 'reason': 'rel_win1=50.5%（本命度） / 最有力組み合わせ確率: 0.087（推定実オッズ?15倍） / 2着集中度: 上位2艇 67.1%（補正+0.00） / 総合判定確率: 0.087 / → ヒモ分散。1号艇1着固定で広めのヒモ流し推奨（買い目+2点）', 'tenji_trigger': '展示確認: ヒモ分散レース。1号艇伸び確認後、広めのヒモ流しを採用。穴ヒモ（5・6号艇）を積極的に含める。\n展示で1号艇スタート超安定(0.138秒)→ヒモ固まり方向に注意'}",,,29.2,逃げ狙い,16.42,32.9,2,,,,,0,0,0.7559,0,,逃げ軸流し,A
2026-02-12,丸亀,2,2,野村　誠,B1,31.73,2,▲,17.3106,50.5,59,80.6,0.154,3.2239,,,0,低,122,0,-,255,0,36.7,0.7786,0,0.1034,0,0,0.0345,0.1174,0.3043,0.0348,,,D,,,0.173,0.594,,0.5644,A,73,0,◎-○軸 3着3〜4艇流し（10〜15点）,0.5777,"{'is_target': True, 'verdict': '参加推奨', 'max_combo_prob': 0.087, 'est_top_odds': 15.3, 'circle_concentration': 67.1, 'eligible_count': 8, 'bet_adj': 2, 'reason': 'rel_win1=50.5%（本命度） / 最有力組み合わせ確率: 0.087（推定実オッズ?15倍） / 2着集中度: 上位2艇 67.1%（補正+0.00） / 総合判定確率: 0.087 / → ヒモ分散。1号艇1着固定で広めのヒモ流し推奨（買い目+2点）', 'tenji_trigger': '展示確認: ヒモ分散レース。1号艇伸び確認後、広めのヒモ流しを採用。穴ヒモ（5・6号艇）を積極的に含める。\n展示で1号艇スタート超安定(0.138秒)→ヒモ固まり方向に注意'}",,,29.2,逃げ狙い,16.42,32.9,2,,,,,,,,,,,
2026-02-12,丸亀,2,3,山本浩次,B1,35.78,3,○,13.5587,15.2,98,50,0.1644,3.3173,,,0,低,84,0,-,4 16,0,37.7,0.8469,0,0,0,0.0435,0,0.23,0.2033,0,,,C,,,0.1863,0.5845,,0.5644,A,73,0,◎-○軸 3着3〜4艇流し（10〜15点）,0.5777,"{'is_target': True, 'verdict': '参加推奨', 'max_combo_prob': 0.087, 'est_top_odds': 15.3, 'circle_concentration': 67.1, 'eligible_count': 8, 'bet_adj': 2, 'reason': 'rel_win1=50.5%（本命度） / 最有力組み合わせ確率: 0.087（推定実オッズ?15倍） / 2着集中度: 上位2艇 67.1%（補正+0.00） / 総合判定確率: 0.087 / → ヒモ分散。1号艇1着固定で広めのヒモ流し推奨（買い目+2点）', 'tenji_trigger': '展示確認: ヒモ分散レース。1号艇伸び確認後、広めのヒモ流しを採用。穴ヒモ（5・6号艇）を積極的に含める。\n展示で1号艇スタート超安定(0.138秒)→ヒモ固まり方向に注意'}",,,29.2,逃げ狙い,16.42,32.9,2,,,,,,,,,,,
2026-02-12,丸亀,2,4,松村康太,A2,33.00,4,,7.0107,16.6,100,57.8,0.181,3.8169,,,0,低,166,0,-,2 13,0,32,0.7085,0,0,0.0323,0,0,0.22,0.1756,0.2689,,,C,△,,0.1685,0.6195,,0.5644,A,73,0,◎-○軸 3着3〜4艇流し（10〜15点）,0.5777,"{'is_target': True, 'verdict': '参加推奨', 'max_combo_prob': 0.087, 'est_top_odds': 15.3, 'circle_concentration': 67.1, 'eligible_count': 8, 'bet_adj': 2, 'reason': 'rel_win1=50.5%（本命度） / 最有力組み合わせ確率: 0.087（推定実オッズ?15倍） / 2着集中度: 上位2艇 67.1%（補正+0.00） / 総合判定確率: 0.087 / → ヒモ分散。1号艇1着固定で広めのヒモ流し推奨（買い目+2点）', 'tenji_trigger': '展示確認: ヒモ分散レース。1号艇伸び確認後、広めのヒモ流しを採用。穴ヒモ（5・6号艇）を積極的に含める。\n展示で1号艇スタート超安定(0.138秒)→ヒモ固まり方向に注意'}",,,29.2,逃げ狙い,16.42,32.9,2,,,,,,,,,,,
2026-02-12,丸亀,2,5,三嶌誠司,A1,22.22,5,,10.5225,14.4,43,46.9,0.1516,3.1735,,,0,低,84,0,-,1322,0,60.6,1.051,0,0,0,0.0417,0.0417,0.1235,0.1643,0.0959,,,E,◎,◎,0.2927,0.669,0.3977,0.5644,A,73,0,◎-○軸 3着3〜4艇流し（10〜15点）,0.5777,"{'is_target': True, 'verdict': '参加推奨', 'max_combo_prob': 0.087, 'est_top_odds': 15.3, 'circle_concentration': 67.1, 'eligible_count': 8, 'bet_adj': 2, 'reason': 'rel_win1=50.5%（本命度） / 最有力組み合わせ確率: 0.087（推定実オッズ?15倍） / 2着集中度: 上位2艇 67.1%（補正+0.00） / 総合判定確率: 0.087 / → ヒモ分散。1号艇1着固定で広めのヒモ流し推奨（買い目+2点）', 'tenji_trigger': '展示確認: ヒモ分散レース。1号艇伸び確認後、広めのヒモ流しを採用。穴ヒモ（5・6号艇）を積極的に含める。\n展示で1号艇スタート超安定(0.138秒)→ヒモ固まり方向に注意'}",,,29.2,逃げ狙い,16.42,32.9,2,,,,,,,,,,,
2026-02-12,丸亀,2,6,石田政吾,B1,40.00,6,△,1.1206,3.3,52,22.9,0.202,4.4672,,,0,低,126,0,-,261,0,22.5,0.5281,,,,,,0.0615,0.2123,0.1662,,,B,○,,0.1903,0.6375,,0.5644,A,73,0,◎-○軸 3着3〜4艇流し（10〜15点）,0.5777,"{'is_target': True, 'verdict': '参加推奨', 'max_combo_prob': 0.087, 'est_top_odds': 15.3, 'circle_concentration': 67.1, 'eligible_count': 8, 'bet_adj': 2, 'reason': 'rel_win1=50.5%（本命度） / 最有力組み合わせ確率: 0.087（推定実オッズ?15倍） / 2着集中度: 上位2艇 67.1%（補正+0.00） / 総合判定確率: 0.087 / → ヒモ分散。1号艇1着固定で広めのヒモ流し推奨（買い目+2点）', 'tenji_trigger': '展示確認: ヒモ分散レース。1号艇伸び確認後、広めのヒモ流しを採用。穴ヒモ（5・6号艇）を積極的に含める。\n展示で1号艇スタート超安定(0.138秒)→ヒモ固まり方向に注意'}",,,29.2,逃げ狙い,16.42,32.9,2,,,,,,,,,,,
2026-02-12,丸亀,3,1,藤井　徹,B1,23.40,1,◎,45.229,,0,65.2,0.1696,3.7717,,,0,低,130,0,逃0%,5 35,0,51.1,0.8478,0.3,,,,,0.2,0.36,0.18,△,,D,△,,,0.6035,,0.2809,B,47,0,◎○△フォーメーション（15〜20点）,0.5777,"{'is_target': True, 'verdict': '点数絞り', 'max_combo_prob': 0.1191, 'est_top_odds': 11.2, 'circle_concentration': 78.4, 'eligible_count': 9, 'bet_adj': 0, 'reason': 'rel_win1=45.2%（本命度） / 最有力組み合わせ確率: 0.119（推定実オッズ?11倍） / 2着集中度: 上位2艇 78.4%（補正+0.04） / 総合判定確率: 0.159 / → ヒモはやや固め。上位2艇以外を切ること', 'tenji_trigger': '展示確認: 1号艇伸び良→そのまま採用。悪→飛び組に差し替え。circle_pct上位2艇に絞り込むこと。'}",,,31.2,両建て推奨,16.03,38.9,3,6-1-2|6-1-3|1-2-5|1-2-3|1-2-6|1-4-5|1-4-3,2-1-3|4-1-2|6-1-2|2-1-5|4-1-3|4-2-1|6-1-3|1-2-5|1-2-3|1-2-6|1-4-5|1-4-3,6-1-2:2.73%|6-1-3:1.48%|1-2-5:7.17%|1-2-3:6.47%|1-2-6:5.93%|1-4-5:3.82%|1-4-3:3.44%,6-1-2:B_main|6-1-3:B_main|1-2-5:A|1-2-3:A|1-2-6:A|1-4-5:A|1-4-3:A,7,12,0.4535,1,[!]見送り推奨（主役決まり手「まくり差し」― 逃げ劣勢レースで的中実績なし）,荒れ広め,D
2026-02-12,丸亀,3,2,妻鳥晋也,B1,25.81,2,△,19.5449,63.7,47,58.3,0.1983,4.725,,,0,低,151,0,差0%,551,0,71.7,1.5279,0,0.12,0,0,0,0.25,0.21,0.23,,,C,,,0.1072,0.601,,0.2809,B,47,0,◎○△フォーメーション（15〜20点）,0.5777,"{'is_target': True, 'verdict': '点数絞り', 'max_combo_prob': 0.1191, 'est_top_odds': 11.2, 'circle_concentration': 78.4, 'eligible_count': 9, 'bet_adj': 0, 'reason': 'rel_win1=45.2%（本命度） / 最有力組み合わせ確率: 0.119（推定実オッズ?11倍） / 2着集中度: 上位2艇 78.4%（補正+0.04） / 総合判定確率: 0.159 / → ヒモはやや固め。上位2艇以外を切ること', 'tenji_trigger': '展示確認: 1号艇伸び良→そのまま採用。悪→飛び組に差し替え。circle_pct上位2艇に絞り込むこと。'}",,,31.2,両建て推奨,16.03,38.9,3,,,,,,,,,,,
2026-02-12,丸亀,3,3,今泉　徹,B1,32.00,3,○,10.302,8.9,100,43.6,0.1775,3.2182,,,0,低,120,0,-,5 65,0,29.2,0.8737,,,,,,0.42,0.3,0.18,,,B,△,,0.315,0.6375,,0.2809,B,47,0,◎○△フォーメーション（15〜20点）,0.5777,"{'is_target': True, 'verdict': '点数絞り', 'max_combo_prob': 0.1191, 'est_top_odds': 11.2, 'circle_concentration': 78.4, 'eligible_count': 9, 'bet_adj': 0, 'reason': 'rel_win1=45.2%（本命度） / 最有力組み合わせ確率: 0.119（推定実オッズ?11倍） / 2着集中度: 上位2艇 78.4%（補正+0.04） / 総合判定確率: 0.159 / → ヒモはやや固め。上位2艇以外を切ること', 'tenji_trigger': '展示確認: 1号艇伸び良→そのまま採用。悪→飛び組に差し替え。circle_pct上位2艇に絞り込むこと。'}",,,31.2,両建て推奨,16.03,38.9,3,,,,,,,,,,,
2026-02-12,丸亀,3,4,伊藤　栞,B1,24.73,4,,8.372,14.7,44,0,0.17,3.8,,,0,低,55,0,-,6 66,0,23.6,0.6598,,,,,,0,0.5,0.5,,,D,,,0.3624,0.5045,,0.2809,B,47,0,◎○△フォーメーション（15〜20点）,0.5777,"{'is_target': True, 'verdict': '点数絞り', 'max_combo_prob': 0.1191, 'est_top_odds': 11.2, 'circle_concentration': 78.4, 'eligible_count': 9, 'bet_adj': 0, 'reason': 'rel_win1=45.2%（本命度） / 最有力組み合わせ確率: 0.119（推定実オッズ?11倍） / 2着集中度: 上位2艇 78.4%（補正+0.04） / 総合判定確率: 0.159 / → ヒモはやや固め。上位2艇以外を切ること', 'tenji_trigger': '展示確認: 1号艇伸び良→そのまま採用。悪→飛び組に差し替え。circle_pct上位2艇に絞り込むこと。'}",,,31.2,両建て推奨,16.03,38.9,3,,,,,,,,,,,
2026-02-12,丸亀,3,5,田村隆信,A1,27.55,5,▲,14.2636,7.3,61,51.7,0.1786,3.7069,,,0,低,42,0,差0% 差ま0%,1624,0,92.8,1.7129,0,0.0625,0,0.125,0,0.1011,0.0154,0.0154,,,C,◎,,0.3237,0.657,,0.2809,B,47,0,◎○△フォーメーション（15〜20点）,0.5777,"{'is_target': True, 'verdict': '点数絞り', 'max_combo_prob': 0.1191, 'est_top_odds': 11.2, 'circle_concentration': 78.4, 'eligible_count': 9, 'bet_adj': 0, 'reason': 'rel_win1=45.2%（本命度） / 最有力組み合わせ確率: 0.119（推定実オッズ?11倍） / 2着集中度: 上位2艇 78.4%（補正+0.04） / 総合判定確率: 0.159 / → ヒモはやや固め。上位2艇以外を切ること', 'tenji_trigger': '展示確認: 1号艇伸び良→そのまま採用。悪→飛び組に差し替え。circle_pct上位2艇に絞り込むこと。'}",,,31.2,両建て推奨,16.03,38.9,3,,,,,,,,,,,
2026-02-12,丸亀,3,6,西野翔太,A2,22.34,6,,2.2886,5.4,37,16.7,0.1433,3.25,,,0,低,72,1,-,321,0,27.6,0.7622,,,,,,0.1556,0.0918,0.0465,,◎,E,○,,0.4491,0.6405,,0.2809,B,47,0,◎○△フォーメーション（15〜20点）,0.5777,"{'is_target': True, 'verdict': '点数絞り', 'max_combo_prob': 0.1191, 'est_top_odds': 11.2, 'circle_concentration': 78.4, 'eligible_count': 9, 'bet_adj': 0, 'reason': 'rel_win1=45.2%（本命度） / 最有力組み合わせ確率: 0.119（推定実オッズ?11倍） / 2着集中度: 上位2艇 78.4%（補正+0.04） / 総合判定確率: 0.159 / → ヒモはやや固め。上位2艇以外を切ること', 'tenji_trigger': '展示確認: 1号艇伸び良→そのまま採用。悪→飛び組に差し替え。circle_pct上位2艇に絞り込むこと。'}",,,31.2,両建て推奨,16.03,38.9,3,,,,,,,,,,,
2026-02-12,丸亀,4,1,森　弘行,B1,26.00,1,▲,40.4852,,0,57.1,0.1952,4.3333,,,0,低,123,0,逃0%,5 3,0,41,0.7459,0.2105,,,,,0.4263,0.1474,0.1921,,,D,,,,0.5765,,0.1352,D,26,1,大荒れ。見送り推奨,0.5777,"{'is_target': False, 'verdict': '対象外', 'max_combo_prob': None, 'est_top_odds': None, 'circle_concentration': None, 'eligible_count': 0, 'bet_adj': 0, 'reason': '1号艇rel_win1 < 45%: 通常判定に委ねる', 'tenji_trigger': ''}",,,38.7,両建て推奨,18.57,43.8,3,2-1-3|2-1-4|2-3-1|2-1-6|2-3-4|2-6-1|2-6-3|1-2-3|1-2-4|1-3-2,2-1-3|2-1-4|2-3-1|2-1-6|2-3-4|2-6-1|2-6-3|1-2-3|6-1-3|5-1-6|1-2-4|1-3-2,2-1-3:4.06%|2-1-4:2.38%|2-3-1:1.19%|2-1-6:1.01%|2-3-4:0.66%|2-6-1:0.36%|2-6-3:0.34%|1-2-3:4.9%|1-2-4:4.27%|1-3-2:4.09%,2-1-3:B_main|2-1-4:B_main|2-3-1:B_main|2-1-6:B_main|2-3-4:B_main|2-6-1:B_main|2-6-3:B_main|1-2-3:A|1-2-4:A|1-3-2:A,10,12,0.2915,1,[!]見送り推奨（主役決まり手「差し」― 逃げ劣勢レースで的中実績なし）,主役軸流し,B
2026-02-12,丸亀,4,2,屋良龍紀,B1,19.15,2,,12.4769,29.5,67,41.2,0.1527,3.2843,,,0,低,86,0,差0% ま0%,6 66,0,83.3,0.7179,0,0.087,0.0435,0,0,0.1733,0.0267,0.1733,,◎,E,△,,0.6314,0.587,,0.1352,D,26,1,大荒れ。見送り推奨,0.5777,"{'is_target': False, 'verdict': '対象外', 'max_combo_prob': None, 'est_top_odds': None, 'circle_concentration': None, 'eligible_count': 0, 'bet_adj': 0, 'reason': '1号艇rel_win1 < 45%: 通常判定に委ねる', 'tenji_trigger': ''}",,,38.7,両建て推奨,18.57,43.8,3,,,,,,,,,,,
2026-02-12,丸亀,4,3,是澤孝宏,A2,40.00,3,◎,26.2018,28.6,100,66.1,0.164,3.2339,,,0,低,125,0,差ま0%,1434,0,78.4,1.4473,0,0,0.0323,0.0968,0.0645,0.1625,0.0125,0.0375,,○,B,○,,0.4936,0.6235,,0.1352,D,26,1,大荒れ。見送り推奨,0.5777,"{'is_target': False, 'verdict': '対象外', 'max_combo_prob': None, 'est_top_odds': None, 'circle_concentration': None, 'eligible_count': 0, 'bet_adj': 0, 'reason': '1号艇rel_win1 < 45%: 通常判定に委ねる', 'tenji_trigger': ''}",,,38.7,両建て推奨,18.57,43.8,3,,,,,,,,,,,
2026-02-12,丸亀,4,4,今井美亜,A2,41.35,4,○,12.5518,31.1,45,54.5,0.1618,3.1591,,,0,低,28,0,-,3214,0,73.1,1.2506,,,,,,0,0.1429,0.1429,,△,A,◎,,0.4636,0.629,,0.1352,D,26,1,大荒れ。見送り推奨,0.5777,"{'is_target': False, 'verdict': '対象外', 'max_combo_prob': None, 'est_top_odds': None, 'circle_concentration': None, 'eligible_count': 0, 'bet_adj': 0, 'reason': '1号艇rel_win1 < 45%: 通常判定に委ねる', 'tenji_trigger': ''}",,,38.7,両建て推奨,18.57,43.8,3,,,,,,,,,,,
2026-02-12,丸亀,4,5,藤森拓海,B1,27.88,5,,5.2395,6.4,46,21.6,0.1861,3.598,,,0,低,121,0,差ま0%,465,0,27.1,0.6867,0,0,0,0.0357,0,0.4333,0.1067,0.4067,,,D,,,0.33,0.5255,,0.1352,D,26,1,大荒れ。見送り推奨,0.5777,"{'is_target': False, 'verdict': '対象外', 'max_combo_prob': None, 'est_top_odds': None, 'circle_concentration': None, 'eligible_count': 0, 'bet_adj': 0, 'reason': '1号艇rel_win1 < 45%: 通常判定に委ねる', 'tenji_trigger': ''}",,,38.7,両建て推奨,18.57,43.8,3,,,,,,,,,,,
2026-02-12,丸亀,4,6,西丸侑太,A1,34.65,6,△,3.0448,4.3,62,34.1,0.1627,4.0114,,,0,低,100,0,-,2122,0,27.1,1.465,,,,,,0,0.1314,0.0429,,,C,△,,0.4394,0.6105,,0.1352,D,26,1,大荒れ。見送り推奨,0.5777,"{'is_target': False, 'verdict': '対象外', 'max_combo_prob': None, 'est_top_odds': None, 'circle_concentration': None, 'eligible_count': 0, 'bet_adj': 0, 'reason': '1号艇rel_win1 < 45%: 通常判定に委ねる', 'tenji_trigger': ''}",,,38.7,両建て推奨,18.57,43.8,3,,,,,,,,,,,
2026-02-12,丸亀,5,1,河上年昭,B1,22.09,1,◎,38.4012,,0,69.8,0.1693,3.4302,,,0,低,130,0,逃0%,655,0,52.7,0.8688,0.3684,,,,,0.2342,0.2553,0.0632,△,,E,,,,0.541,,0.2744,C,37,0,荒れ傾向。高配当狙いか見送り,0.5777,"{'is_target': False, 'verdict': '対象外', 'max_combo_prob': None, 'est_top_odds': None, 'circle_concentration': None, 'eligible_count': 0, 'bet_adj': 0, 'reason': '1号艇rel_win1 < 45%: 通常判定に委ねる', 'tenji_trigger': ''}",,,33.1,両建て推奨,24.61,37,2,2-1-3|2-1-5|1-2-5|1-2-3|1-3-5|1-5-2|1-3-2,2-1-3|6-1-3|5-1-6|6-3-1|5-6-1|6-1-5|2-1-5|1-2-5|1-2-3|1-3-5|1-5-2|1-3-2,2-1-3:3.61%|2-1-5:1.91%|1-2-5:12.32%|1-2-3:9.1%|1-3-5:4.41%|1-5-2:4.0%|1-3-2:3.73%,2-1-3:B_main|2-1-5:B_main|1-2-5:A|1-2-3:A|1-3-5:A|1-5-2:A|1-3-2:A,7,12,0.4535,1,[!]見送り推奨（主役決まり手「差し」― 逃げ劣勢レースで的中実績なし）,荒れ広め,D
2026-02-12,丸亀,5,2,高橋竜矢,A1,24.42,2,○,23.0179,61.7,52,82.1,0.1296,3.0357,,,0,低,31,0,差0% 抜0%,2441,0,69.4,1.4091,0,0.1875,0,0,0.125,0,0.0417,0.0833,,◎,D,◎,,0.629,0.6585,,0.2744,C,37,0,荒れ傾向。高配当狙いか見送り,0.5777,"{'is_target': False, 'verdict': '対象外', 'max_combo_prob': None, 'est_top_odds': None, 'circle_concentration': None, 'eligible_count': 0, 'bet_adj': 0, 'reason': '1号艇rel_win1 < 45%: 通常判定に委ねる', 'tenji_trigger': ''}",,,33.1,両建て推奨,24.61,37,2,,,,,,,,,,,
2026-02-12,丸亀,5,3,平石和男,A2,43.00,3,▲,15.2864,17.5,100,62.5,0.1893,4.25,,,0,低,226,0,-,4442,0,69.5,1.6588,0,0,0.0303,0.0303,0.0303,0.1058,0.1706,0.2354,,,A,△,,0.2152,0.6275,,0.2744,C,37,0,荒れ傾向。高配当狙いか見送り,0.5777,"{'is_target': False, 'verdict': '対象外', 'max_combo_prob': None, 'est_top_odds': None, 'circle_concentration': None, 'eligible_count': 0, 'bet_adj': 0, 'reason': '1号艇rel_win1 < 45%: 通常判定に委ねる', 'tenji_trigger': ''}",,,33.1,両建て推奨,24.61,37,2,,,,,,,,,,,
2026-02-12,丸亀,5,4,加藤奈月,B1,39.18,4,,11.5052,7.5,54,22.2,0.1733,3.75,,,0,低,68,0,-,331,0,34.4,0.7874,,,,,,0,0.2591,0.1455,,,B,△,,0.3364,0.627,,0.2744,C,37,0,荒れ傾向。高配当狙いか見送り,0.5777,"{'is_target': False, 'verdict': '対象外', 'max_combo_prob': None, 'est_top_odds': None, 'circle_concentration': None, 'eligible_count': 0, 'bet_adj': 0, 'reason': '1号艇rel_win1 < 45%: 通常判定に委ねる', 'tenji_trigger': ''}",,,33.1,両建て推奨,24.61,37,2,,,,,,,,,,,
2026-02-12,丸亀,5,5,山田晃大,A2,35.85,5,△,10.7425,12.5,52,38.8,0.132,2.8776,,,0,低,63,0,-,2 33,0,98.3,1.9171,0,0,0,0.0741,0,0.0089,0.1911,0.1822,,○,C,○,◎,0.4455,0.655,0.4146,0.2744,C,37,0,荒れ傾向。高配当狙いか見送り,0.5777,"{'is_target': False, 'verdict': '対象外', 'max_combo_prob': None, 'est_top_odds': None, 'circle_concentration': None, 'eligible_count': 0, 'bet_adj': 0, 'reason': '1号艇rel_win1 < 45%: 通常判定に委ねる', 'tenji_trigger': ''}",,,33.1,両建て推奨,24.61,37,2,,,,,,,,,,,
2026-02-12,丸亀,5,6,今出晋二,B1,28.45,6,,1.0468,0.7,42,5.9,0.1976,4.25,,,0,低,89,0,-,F 65,0,28.7,0.5461,,,,,,0.4412,0.4176,0.1176,,,D,,,0.2609,0.594,,0.2744,C,37,0,荒れ傾向。高配当狙いか見送り,0.5777,"{'is_target': False, 'verdict': '対象外', 'max_combo_prob': None, 'est_top_odds': None, 'circle_concentration': None, 'eligible_count': 0, 'bet_adj': 0, 'reason': '1号艇rel_win1 < 45%: 通常判定に委ねる', 'tenji_trigger': ''}",,,33.1,両建て推奨,24.61,37,2,,,,,,,,,,,
2026-02-12,丸亀,6,1,坂本雄紀,A2,30.77,1,◎,56.8764,,0,91.3,0.1478,2.7935,,,0,低,73,0,逃1%,122,0,84.9,1.1622,0.6667,,,,,0.125,0.0417,0.0417,◎,,D,△,,,0.579,,0.5635,S,100,0,◎1着固定 2-3着流し（5〜8点）,0.5777,"{'is_target': True, 'verdict': '参加推奨', 'max_combo_prob': 0.0804, 'est_top_odds': 16.6, 'circle_concentration': 65.5, 'eligible_count': 6, 'bet_adj': 2, 'reason': 'rel_win1=56.9%（本命度） / 最有力組み合わせ確率: 0.080（推定実オッズ?17倍） / 2着集中度: 上位2艇 65.5%（補正+0.00） / 総合判定確率: 0.080 / → ヒモ分散。1号艇1着固定で広めのヒモ流し推奨（買い目+2点）', 'tenji_trigger': '展示確認: ヒモ分散レース。1号艇伸び確認後、広めのヒモ流しを採用。穴ヒモ（5・6号艇）を積極的に含める。'}",,,27.3,逃げ狙い,16.63,27.4,4,,,,,0,0,0.7559,0,,逃げ軸流し,A
2026-02-12,丸亀,6,2,佐藤右京,B1,36.36,2,△,7.1069,18.1,78,20,0.2131,3.9286,,,0,低,134,0,抜0%,4 25,0,73.5,0.5379,0,0,0,0,0.0417,0.0421,0.3263,0.2421,,,C,,,0.0775,0.505,,0.5635,S,100,0,◎1着固定 2-3着流し（5〜8点）,0.5777,"{'is_target': True, 'verdict': '参加推奨', 'max_combo_prob': 0.0804, 'est_top_odds': 16.6, 'circle_concentration': 65.5, 'eligible_count': 6, 'bet_adj': 2, 'reason': 'rel_win1=56.9%（本命度） / 最有力組み合わせ確率: 0.080（推定実オッズ?17倍） / 2着集中度: 上位2艇 65.5%（補正+0.00） / 総合判定確率: 0.080 / → ヒモ分散。1号艇1着固定で広めのヒモ流し推奨（買い目+2点）', 'tenji_trigger': '展示確認: ヒモ分散レース。1号艇伸び確認後、広めのヒモ流しを採用。穴ヒモ（5・6号艇）を積極的に含める。'}",,,27.3,逃げ狙い,16.63,27.4,4,,,,,,,,,,,
2026-02-12,丸亀,6,3,刑部亜里,A2,36.70,3,▲,12.084,28.3,100,70.3,0.163,3.5676,,,0,低,94,0,ま0% 差ま0% 抜0%,4416,0,62.3,1.3033,0,0,0.0625,0.0625,0.0625,0.2248,0.0533,0.1124,,,B,△,,0.2165,0.5895,,0.5635,S,100,0,◎1着固定 2-3着流し（5〜8点）,0.5777,"{'is_target': True, 'verdict': '参加推奨', 'max_combo_prob': 0.0804, 'est_top_odds': 16.6, 'circle_concentration': 65.5, 'eligible_count': 6, 'bet_adj': 2, 'reason': 'rel_win1=56.9%（本命度） / 最有力組み合わせ確率: 0.080（推定実オッズ?17倍） / 2着集中度: 上位2艇 65.5%（補正+0.00） / 総合判定確率: 0.080 / → ヒモ分散。1号艇1着固定で広めのヒモ流し推奨（買い目+2点）', 'tenji_trigger': '展示確認: ヒモ分散レース。1号艇伸び確認後、広めのヒモ流しを採用。穴ヒモ（5・6号艇）を積極的に含める。'}",,,27.3,逃げ狙い,16.63,27.4,4,,,,,,,,,,,
2026-02-12,丸亀,6,4,岡崎恭裕,A1,53.54,4,○,14.9372,37.2,67,80.5,0.1317,2.5488,,,0,低,38,0,ま0%,2111,0,93.6,1.7432,0,0,0.0588,0,0,0.1962,0.0462,0,,,A,◎,◎,0.3536,0.665,0.461,0.5635,S,100,0,◎1着固定 2-3着流し（5〜8点）,0.5777,"{'is_target': True, 'verdict': '参加推奨', 'max_combo_prob': 0.0804, 'est_top_odds': 16.6, 'circle_concentration': 65.5, 'eligible_count': 6, 'bet_adj': 2, 'reason': 'rel_win1=56.9%（本命度） / 最有力組み合わせ確率: 0.080（推定実オッズ?17倍） / 2着集中度: 上位2艇 65.5%（補正+0.00） / 総合判定確率: 0.080 / → ヒモ分散。1号艇1着固定で広めのヒモ流し推奨（買い目+2点）', 'tenji_trigger': '展示確認: ヒモ分散レース。1号艇伸び確認後、広めのヒモ流しを採用。穴ヒモ（5・6号艇）を積極的に含める。'}",,,27.3,逃げ狙い,16.63,27.4,4,,,,,,,,,,,
2026-02-12,丸亀,6,5,藤原孝斗,B1,30.91,5,,3.972,8,41,17,0.183,4.0957,,,0,低,132,0,差ま0%,6 43,0,38.3,0.7176,0,0,0,0.0435,0,0.05,0.4167,0.0333,,,D,,,0.1715,0.5475,,0.5635,S,100,0,◎1着固定 2-3着流し（5〜8点）,0.5777,"{'is_target': True, 'verdict': '参加推奨', 'max_combo_prob': 0.0804, 'est_top_odds': 16.6, 'circle_concentration': 65.5, 'eligible_count': 6, 'bet_adj': 2, 'reason': 'rel_win1=56.9%（本命度） / 最有力組み合わせ確率: 0.080（推定実オッズ?17倍） / 2着集中度: 上位2艇 65.5%（補正+0.00） / 総合判定確率: 0.080 / → ヒモ分散。1号艇1着固定で広めのヒモ流し推奨（買い目+2点）', 'tenji_trigger': '展示確認: ヒモ分散レース。1号艇伸び確認後、広めのヒモ流しを採用。穴ヒモ（5・6号艇）を積極的に含める。'}",,,27.3,逃げ狙い,16.63,27.4,4,,,,,,,,,,,
2026-02-12,丸亀,6,6,重富伸也,B1,23.46,6,,5.0236,8.4,44,32.1,0.1762,3.9444,,,0,低,124,0,ま0% 差ま0%,265,0,30.5,1.4756,0,0,0.0526,0.0526,0,0.0615,0,0.3231,,,E,○,○,0.2033,0.6085,0.1777,0.5635,S,100,0,◎1着固定 2-3着流し（5〜8点）,0.5777,"{'is_target': True, 'verdict': '参加推奨', 'max_combo_prob': 0.0804, 'est_top_odds': 16.6, 'circle_concentration': 65.5, 'eligible_count': 6, 'bet_adj': 2, 'reason': 'rel_win1=56.9%（本命度） / 最有力組み合わせ確率: 0.080（推定実オッズ?17倍） / 2着集中度: 上位2艇 65.5%（補正+0.00） / 総合判定確率: 0.080 / → ヒモ分散。1号艇1着固定で広めのヒモ流し推奨（買い目+2点）', 'tenji_trigger': '展示確認: ヒモ分散レース。1号艇伸び確認後、広めのヒモ流しを採用。穴ヒモ（5・6号艇）を積極的に含める。'}",,,27.3,逃げ狙い,16.63,27.4,4,,,,,,,,,,,
2026-02-12,丸亀,7,1,津田陸翔,A2,31.00,1,◎,56.863,,0,94.9,0.1782,3.7821,,,0,低,80,0,逃1%,43S3,0,89,1.1993,0.5789,,,,,0,0.0842,0.2421,○,,D,○,,,0.6525,,0.3703,S,98,0,◎1着固定 2-3着流し（5〜8点）,0.5777,"{'is_target': True, 'verdict': '点数絞り', 'max_combo_prob': 0.0838, 'est_top_odds': 15.9, 'circle_concentration': 72.2, 'eligible_count': 6, 'bet_adj': 0, 'reason': 'rel_win1=56.9%（本命度） / 最有力組み合わせ確率: 0.084（推定実オッズ?16倍） / 2着集中度: 上位2艇 72.2%（補正+0.04） / 総合判定確率: 0.124 / → ヒモはやや固め。上位2艇以外を切ること', 'tenji_trigger': '展示確認: 1号艇伸び良→そのまま採用。悪→飛び組に差し替え。circle_pct上位2艇に絞り込むこと。'}",,,29,逃げ狙い,21.98,27.5,4,,,,,0,0,0.6155,0,,逃げ軸流し,A
2026-02-12,丸亀,7,2,細川裕子,A1,22.99,2,,6.0954,40.8,65,61.5,0.1865,4.4615,,,0,低,59,0,-,1542,0,40.8,0.9902,,,,,,0,0,0.0833,,,E,△,,0.2445,0.6235,,0.3703,S,98,0,◎1着固定 2-3着流し（5〜8点）,0.5777,"{'is_target': True, 'verdict': '点数絞り', 'max_combo_prob': 0.0838, 'est_top_odds': 15.9, 'circle_concentration': 72.2, 'eligible_count': 6, 'bet_adj': 0, 'reason': 'rel_win1=56.9%（本命度） / 最有力組み合わせ確率: 0.084（推定実オッズ?16倍） / 2着集中度: 上位2艇 72.2%（補正+0.04） / 総合判定確率: 0.124 / → ヒモはやや固め。上位2艇以外を切ること', 'tenji_trigger': '展示確認: 1号艇伸び良→そのまま採用。悪→飛び組に差し替え。circle_pct上位2艇に絞り込むこと。'}",,,29,逃げ狙い,21.98,27.5,4,,,,,,,,,,,
2026-02-12,丸亀,7,3,小林文彦,B1,46.46,3,▲,10.4772,21.4,100,63.3,0.1902,3.949,,,0,低,166,0,-,3 23,0,81,0.8221,0,0,0,0,0.05,0.0143,0.2286,0.1143,,,B,,,0.25,0.5995,,0.3703,S,98,0,◎1着固定 2-3着流し（5〜8点）,0.5777,"{'is_target': True, 'verdict': '点数絞り', 'max_combo_prob': 0.0838, 'est_top_odds': 15.9, 'circle_concentration': 72.2, 'eligible_count': 6, 'bet_adj': 0, 'reason': 'rel_win1=56.9%（本命度） / 最有力組み合わせ確率: 0.084（推定実オッズ?16倍） / 2着集中度: 上位2艇 72.2%（補正+0.04） / 総合判定確率: 0.124 / → ヒモはやや固め。上位2艇以外を切ること', 'tenji_trigger': '展示確認: 1号艇伸び良→そのまま採用。悪→飛び組に差し替え。circle_pct上位2艇に絞り込むこと。'}",,,29,逃げ狙い,21.98,27.5,4,,,,,,,,,,,
2026-02-12,丸亀,7,4,片岡雅裕,A1,56.00,4,○,18.5714,31.4,64,94.7,0.1032,1.8684,,,0,低,5,0,差0% 差ま0%,1233,0,59.2,1.1364,0,0.1,0,0.2,0,0.0286,0,0.3571,,◎,A,◎,◎,0.4923,0.8292,0.6395,0.3703,S,98,0,◎1着固定 2-3着流し（5〜8点）,0.5777,"{'is_target': True, 'verdict': '点数絞り', 'max_combo_prob': 0.0838, 'est_top_odds': 15.9, 'circle_concentration': 72.2, 'eligible_count': 6, 'bet_adj': 0, 'reason': 'rel_win1=56.9%（本命度） / 最有力組み合わせ確率: 0.084（推定実オッズ?16倍） / 2着集中度: 上位2艇 72.2%（補正+0.04） / 総合判定確率: 0.124 / → ヒモはやや固め。上位2艇以外を切ること', 'tenji_trigger': '展示確認: 1号艇伸び良→そのまま採用。悪→飛び組に差し替え。circle_pct上位2艇に絞り込むこと。'}",,,29,逃げ狙い,21.98,27.5,4,,,,,,,,,,,
2026-02-12,丸亀,7,5,藤井　徹,B1,23.40,5,,3.6524,2.4,56,20,0.2078,4.4222,,,0,低,130,0,差ま0%,5 35,0,26.3,0.7074,0,0,0,0.0476,0,0.2,0.36,0.18,,,E,△,,0.1868,0.6035,,0.3703,S,98,0,◎1着固定 2-3着流し（5〜8点）,0.5777,"{'is_target': True, 'verdict': '点数絞り', 'max_combo_prob': 0.0838, 'est_top_odds': 15.9, 'circle_concentration': 72.2, 'eligible_count': 6, 'bet_adj': 0, 'reason': 'rel_win1=56.9%（本命度） / 最有力組み合わせ確率: 0.084（推定実オッズ?16倍） / 2着集中度: 上位2艇 72.2%（補正+0.04） / 総合判定確率: 0.124 / → ヒモはやや固め。上位2艇以外を切ること', 'tenji_trigger': '展示確認: 1号艇伸び良→そのまま採用。悪→飛び組に差し替え。circle_pct上位2艇に絞り込むこと。'}",,,29,逃げ狙い,21.98,27.5,4,,,,,,,,,,,
2026-02-12,丸亀,7,6,野村　誠,B1,31.73,6,△,4.3406,4,57,37,0.1989,4.0761,,,0,低,122,0,-,255,0,26.3,1.5917,,,,,,0.1174,0.3043,0.0348,,,C,,,0.2477,0.594,,0.3703,S,98,0,◎1着固定 2-3着流し（5〜8点）,0.5777,"{'is_target': True, 'verdict': '点数絞り', 'max_combo_prob': 0.0838, 'est_top_odds': 15.9, 'circle_concentration': 72.2, 'eligible_count': 6, 'bet_adj': 0, 'reason': 'rel_win1=56.9%（本命度） / 最有力組み合わせ確率: 0.084（推定実オッズ?16倍） / 2着集中度: 上位2艇 72.2%（補正+0.04） / 総合判定確率: 0.124 / → ヒモはやや固め。上位2艇以外を切ること', 'tenji_trigger': '展示確認: 1号艇伸び良→そのまま採用。悪→飛び組に差し替え。circle_pct上位2艇に絞り込むこと。'}",,,29,逃げ狙い,21.98,27.5,4,,,,,,,,,,,
2026-02-12,丸亀,8,1,田村隆信,A1,27.55,1,◎,71.5645,,0,96.1,0.12,1.9608,,,0,低,42,0,逃1%,1624,0,85.6,1.0744,0.8846,,,,,0.1011,0.0154,0.0154,◎,,C,◎,,,0.657,,0.8147,S,92,0,◎1着固定 2-3着流し（5〜8点）,0.5777,"{'is_target': True, 'verdict': '点数絞り', 'max_combo_prob': 0.1692, 'est_top_odds': 7.9, 'circle_concentration': 75.2, 'eligible_count': 6, 'bet_adj': 0, 'reason': 'rel_win1=71.6%（本命度） / 最有力組み合わせ確率: 0.169（推定実オッズ?8倍） / 2着集中度: 上位2艇 75.2%（補正+0.04） / 総合判定確率: 0.209 / → ヒモはやや固め。上位2艇以外を切ること', 'tenji_trigger': '展示確認: 1号艇伸び良→そのまま採用。悪→飛び組に差し替え。circle_pct上位2艇に絞り込むこと。\n展示で1号艇スタート超安定(0.120秒)→ヒモ固まり方向に注意'}",,,26.2,逃げ狙い,17.08,23.7,4,,,,,0,0,0.7559,0,,逃げ軸流し,A
2026-02-12,丸亀,8,2,松村康太,A2,33.00,2,○,9.1972,61.8,100,77.5,0.1856,4.2606,,,0,低,166,0,-,2 13,0,54.2,0.8928,0,0.0303,0.0303,0,0.0303,0.22,0.1756,0.2689,,,B,○,,0.0554,0.6195,,0.8147,S,92,0,◎1着固定 2-3着流し（5〜8点）,0.5777,"{'is_target': True, 'verdict': '点数絞り', 'max_combo_prob': 0.1692, 'est_top_odds': 7.9, 'circle_concentration': 75.2, 'eligible_count': 6, 'bet_adj': 0, 'reason': 'rel_win1=71.6%（本命度） / 最有力組み合わせ確率: 0.169（推定実オッズ?8倍） / 2着集中度: 上位2艇 75.2%（補正+0.04） / 総合判定確率: 0.209 / → ヒモはやや固め。上位2艇以外を切ること', 'tenji_trigger': '展示確認: 1号艇伸び良→そのまま採用。悪→飛び組に差し替え。circle_pct上位2艇に絞り込むこと。\n展示で1号艇スタート超安定(0.120秒)→ヒモ固まり方向に注意'}",,,26.2,逃げ狙い,17.08,23.7,4,,,,,,,,,,,
2026-02-12,丸亀,8,3,近藤稔也,B1,25.71,3,,4.2508,12.5,52,25.7,0.1819,4.4662,,,0,低,180,0,-,3 54,0,32.6,0.9792,,,,,,0.368,0.32,0.064,,,D,△,,0.1387,0.609,,0.8147,S,92,0,◎1着固定 2-3着流し（5〜8点）,0.5777,"{'is_target': True, 'verdict': '点数絞り', 'max_combo_prob': 0.1692, 'est_top_odds': 7.9, 'circle_concentration': 75.2, 'eligible_count': 6, 'bet_adj': 0, 'reason': 'rel_win1=71.6%（本命度） / 最有力組み合わせ確率: 0.169（推定実オッズ?8倍） / 2着集中度: 上位2艇 75.2%（補正+0.04） / 総合判定確率: 0.209 / → ヒモはやや固め。上位2艇以外を切ること', 'tenji_trigger': '展示確認: 1号艇伸び良→そのまま採用。悪→飛び組に差し替え。circle_pct上位2艇に絞り込むこと。\n展示で1号艇スタート超安定(0.120秒)→ヒモ固まり方向に注意'}",,,26.2,逃げ狙い,17.08,23.7,4,,,,,,,,,,,
2026-02-12,丸亀,8,4,荒木颯斗,A2,27.72,4,▲,8.6808,13.4,75,36.8,0.1495,2.8553,,,0,低,68,0,ま0% 差ま0%,3321,0,39.7,0.8885,0,0,0.0625,0.0625,0,0,0.08,0.19,,,C,△,◎,0.179,0.6105,0.3468,0.8147,S,92,0,◎1着固定 2-3着流し（5〜8点）,0.5777,"{'is_target': True, 'verdict': '点数絞り', 'max_combo_prob': 0.1692, 'est_top_odds': 7.9, 'circle_concentration': 75.2, 'eligible_count': 6, 'bet_adj': 0, 'reason': 'rel_win1=71.6%（本命度） / 最有力組み合わせ確率: 0.169（推定実オッズ?8倍） / 2着集中度: 上位2艇 75.2%（補正+0.04） / 総合判定確率: 0.209 / → ヒモはやや固め。上位2艇以外を切ること', 'tenji_trigger': '展示確認: 1号艇伸び良→そのまま採用。悪→飛び組に差し替え。circle_pct上位2艇に絞り込むこと。\n展示で1号艇スタート超安定(0.120秒)→ヒモ固まり方向に注意'}",,,26.2,逃げ狙い,17.08,23.7,4,,,,,,,,,,,
2026-02-12,丸亀,8,5,土屋　蘭,B1,30.28,5,△,2.4549,6.8,31,20,0.1858,4.2889,,,0,低,122,0,-,434,0,24.9,0.696,,,,,,0.2333,0.4,0,,,B,,,0.137,0.5455,,0.8147,S,92,0,◎1着固定 2-3着流し（5〜8点）,0.5777,"{'is_target': True, 'verdict': '点数絞り', 'max_combo_prob': 0.1692, 'est_top_odds': 7.9, 'circle_concentration': 75.2, 'eligible_count': 6, 'bet_adj': 0, 'reason': 'rel_win1=71.6%（本命度） / 最有力組み合わせ確率: 0.169（推定実オッズ?8倍） / 2着集中度: 上位2艇 75.2%（補正+0.04） / 総合判定確率: 0.209 / → ヒモはやや固め。上位2艇以外を切ること', 'tenji_trigger': '展示確認: 1号艇伸び良→そのまま採用。悪→飛び組に差し替え。circle_pct上位2艇に絞り込むこと。\n展示で1号艇スタート超安定(0.120秒)→ヒモ固まり方向に注意'}",,,26.2,逃げ狙い,17.08,23.7,4,,,,,,,,,,,
2026-02-12,丸亀,8,6,深尾巴恵,B2,21.98,6,,3.8517,5.5,38,33.3,0.1683,3.4,,,0,低,70,0,-,F55,0,29.5,1.1253,0,0,0.125,0,0,0.25,0,0.5,,,E,,,0.1563,0.5515,,0.8147,S,92,0,◎1着固定 2-3着流し（5〜8点）,0.5777,"{'is_target': True, 'verdict': '点数絞り', 'max_combo_prob': 0.1692, 'est_top_odds': 7.9, 'circle_concentration': 75.2, 'eligible_count': 6, 'bet_adj': 0, 'reason': 'rel_win1=71.6%（本命度） / 最有力組み合わせ確率: 0.169（推定実オッズ?8倍） / 2着集中度: 上位2艇 75.2%（補正+0.04） / 総合判定確率: 0.209 / → ヒモはやや固め。上位2艇以外を切ること', 'tenji_trigger': '展示確認: 1号艇伸び良→そのまま採用。悪→飛び組に差し替え。circle_pct上位2艇に絞り込むこと。\n展示で1号艇スタート超安定(0.120秒)→ヒモ固まり方向に注意'}",,,26.2,逃げ狙い,17.08,23.7,4,,,,,,,,,,,
2026-02-12,丸亀,9,1,山田晃大,A2,35.85,1,◎,66.7184,,0,87.9,0.138,2.4242,,,0,低,63,0,逃0% 抜0%,2 33,0,87.8,1.1279,0.5333,,,,,0.0089,0.1911,0.1822,◎,,B,○,,,0.655,,0.5658,A,79,0,◎-○軸 3着3〜4艇流し（10〜15点）,0.5777,"{'is_target': True, 'verdict': '点数絞り', 'max_combo_prob': 0.1354, 'est_top_odds': 9.8, 'circle_concentration': 84.8, 'eligible_count': 8, 'bet_adj': 0, 'reason': 'rel_win1=66.7%（本命度） / 最有力組み合わせ確率: 0.135（推定実オッズ?10倍） / 2着集中度: 上位2艇 84.8%（補正+0.04） / 総合判定確率: 0.175 / → ヒモはやや固め。上位2艇以外を切ること', 'tenji_trigger': '展示確認: 1号艇伸び良→そのまま採用。悪→飛び組に差し替え。circle_pct上位2艇に絞り込むこと。\n展示で1号艇スタート超安定(0.138秒)→ヒモ固まり方向に注意'}",,,26.9,逃げ狙い,14.31,28.2,2,,,,,0,0,0.7559,0,,逃げ軸流し,A
2026-02-12,丸亀,9,2,三嶌誠司,A1,22.22,2,,16.0494,47.2,100,66.7,0.1423,3.4271,,,0,低,84,0,-,1322,0,40.4,0.8436,0,0.125,0.0833,0,0.0417,0.1235,0.1643,0.0959,,,E,◎,,0.2855,0.669,,0.5658,A,79,0,◎-○軸 3着3〜4艇流し（10〜15点）,0.5777,"{'is_target': True, 'verdict': '点数絞り', 'max_combo_prob': 0.1354, 'est_top_odds': 9.8, 'circle_concentration': 84.8, 'eligible_count': 8, 'bet_adj': 0, 'reason': 'rel_win1=66.7%（本命度） / 最有力組み合わせ確率: 0.135（推定実オッズ?10倍） / 2着集中度: 上位2艇 84.8%（補正+0.04） / 総合判定確率: 0.175 / → ヒモはやや固め。上位2艇以外を切ること', 'tenji_trigger': '展示確認: 1号艇伸び良→そのまま採用。悪→飛び組に差し替え。circle_pct上位2艇に絞り込むこと。\n展示で1号艇スタート超安定(0.138秒)→ヒモ固まり方向に注意'}",,,26.9,逃げ狙い,14.31,28.2,2,,,,,,,,,,,
2026-02-12,丸亀,9,3,西野翔太,A2,22.34,3,△,7.8204,37.6,95,68,0.1418,2.73,,,0,低,72,0,ま0%,321,0,39.2,0.8858,0,0,0.04,0,0,0.1556,0.0918,0.0465,,,D,△,,0.2796,0.6405,,0.5658,A,79,0,◎-○軸 3着3〜4艇流し（10〜15点）,0.5777,"{'is_target': True, 'verdict': '点数絞り', 'max_combo_prob': 0.1354, 'est_top_odds': 9.8, 'circle_concentration': 84.8, 'eligible_count': 8, 'bet_adj': 0, 'reason': 'rel_win1=66.7%（本命度） / 最有力組み合わせ確率: 0.135（推定実オッズ?10倍） / 2着集中度: 上位2艇 84.8%（補正+0.04） / 総合判定確率: 0.175 / → ヒモはやや固め。上位2艇以外を切ること', 'tenji_trigger': '展示確認: 1号艇伸び良→そのまま採用。悪→飛び組に差し替え。circle_pct上位2艇に絞り込むこと。\n展示で1号艇スタート超安定(0.138秒)→ヒモ固まり方向に注意'}",,,26.9,逃げ狙い,14.31,28.2,2,,,,,,,,,,,
2026-02-12,丸亀,9,4,森　弘行,B1,26.00,4,,4.2226,5.8,76,24.5,0.1933,4.2449,,,0,低,123,0,-,5 3,0,40.2,0.5698,,,,,,0.4263,0.1474,0.1921,,,C,,,0.1673,0.5765,,0.5658,A,79,0,◎-○軸 3着3〜4艇流し（10〜15点）,0.5777,"{'is_target': True, 'verdict': '点数絞り', 'max_combo_prob': 0.1354, 'est_top_odds': 9.8, 'circle_concentration': 84.8, 'eligible_count': 8, 'bet_adj': 0, 'reason': 'rel_win1=66.7%（本命度） / 最有力組み合わせ確率: 0.135（推定実オッズ?10倍） / 2着集中度: 上位2艇 84.8%（補正+0.04） / 総合判定確率: 0.175 / → ヒモはやや固め。上位2艇以外を切ること', 'tenji_trigger': '展示確認: 1号艇伸び良→そのまま採用。悪→飛び組に差し替え。circle_pct上位2艇に絞り込むこと。\n展示で1号艇スタート超安定(0.138秒)→ヒモ固まり方向に注意'}",,,26.9,逃げ狙い,14.31,28.2,2,,,,,,,,,,,
2026-02-12,丸亀,9,5,坂本一真,B1,46.08,5,○,2.4524,8.2,31,10.2,0.171,3.839,,,0,低,111,0,-,6 46,0,33.4,0.6714,,,,,,0.4,0.1,0,,,A,,,0.2337,0.532,,0.5658,A,79,0,◎-○軸 3着3〜4艇流し（10〜15点）,0.5777,"{'is_target': True, 'verdict': '点数絞り', 'max_combo_prob': 0.1354, 'est_top_odds': 9.8, 'circle_concentration': 84.8, 'eligible_count': 8, 'bet_adj': 0, 'reason': 'rel_win1=66.7%（本命度） / 最有力組み合わせ確率: 0.135（推定実オッズ?10倍） / 2着集中度: 上位2艇 84.8%（補正+0.04） / 総合判定確率: 0.175 / → ヒモはやや固め。上位2艇以外を切ること', 'tenji_trigger': '展示確認: 1号艇伸び良→そのまま採用。悪→飛び組に差し替え。circle_pct上位2艇に絞り込むこと。\n展示で1号艇スタート超安定(0.138秒)→ヒモ固まり方向に注意'}",,,26.9,逃げ狙い,14.31,28.2,2,,,,,,,,,,,
2026-02-12,丸亀,9,6,宮嵜隆太,B1,22.58,6,▲,2.7367,1.2,19,11.1,0.1124,2,,,0,低,56,0,差ま0%,6 6,0,21.6,0.8267,0,0,0,0.0455,0,0.2833,0.3667,0.0222,,,D,△,,0.392,0.654,,0.5658,A,79,0,◎-○軸 3着3〜4艇流し（10〜15点）,0.5777,"{'is_target': True, 'verdict': '点数絞り', 'max_combo_prob': 0.1354, 'est_top_odds': 9.8, 'circle_concentration': 84.8, 'eligible_count': 8, 'bet_adj': 0, 'reason': 'rel_win1=66.7%（本命度） / 最有力組み合わせ確率: 0.135（推定実オッズ?10倍） / 2着集中度: 上位2艇 84.8%（補正+0.04） / 総合判定確率: 0.175 / → ヒモはやや固め。上位2艇以外を切ること', 'tenji_trigger': '展示確認: 1号艇伸び良→そのまま採用。悪→飛び組に差し替え。circle_pct上位2艇に絞り込むこと。\n展示で1号艇スタート超安定(0.138秒)→ヒモ固まり方向に注意'}",,,26.9,逃げ狙い,14.31,28.2,2,,,,,,,,,,,
2026-02-12,丸亀,10,1,田中　豪,A2,35.35,1,◎,55.8387,,0,90,0.1563,3.3583,,,0,低,108,0,-,1134,0,86.3,1.2928,0.5,,,,,0.0429,0.1429,0.1571,○,,B,,,,0.574,,0.4445,S,82,0,◎1着固定 2-3着流し（5〜8点）,0.5777,"{'is_target': True, 'verdict': '参加推奨', 'max_combo_prob': 0.0729, 'est_top_odds': 18.3, 'circle_concentration': 58.5, 'eligible_count': 6, 'bet_adj': 2, 'reason': 'rel_win1=55.8%（本命度） / 最有力組み合わせ確率: 0.073（推定実オッズ?18倍） / 2着集中度: 上位2艇 58.5%（補正+0.00） / 総合判定確率: 0.073 / → ヒモ分散。1号艇1着固定で広めのヒモ流し推奨（買い目+2点）', 'tenji_trigger': '展示確認: ヒモ分散レース。1号艇伸び確認後、広めのヒモ流しを採用。穴ヒモ（5・6号艇）を積極的に含める。'}",,,29.7,逃げ狙い,21.59,29.9,2,,,,,0,0,0.6155,0,,逃げ軸流し,A
2026-02-12,丸亀,10,2,坂本雄紀,A2,30.77,2,△,16.2959,38.9,91,73.7,0.1605,3.1711,,,0,低,73,0,差0% ま0% 抜0%,122,0,48.7,1.2143,0,0.1111,0.1111,0,0.0556,0.125,0.0417,0.0417,,,C,,,0.2911,0.579,,0.4445,S,82,0,◎1着固定 2-3着流し（5〜8点）,0.5777,"{'is_target': True, 'verdict': '参加推奨', 'max_combo_prob': 0.0729, 'est_top_odds': 18.3, 'circle_concentration': 58.5, 'eligible_count': 6, 'bet_adj': 2, 'reason': 'rel_win1=55.8%（本命度） / 最有力組み合わせ確率: 0.073（推定実オッズ?18倍） / 2着集中度: 上位2艇 58.5%（補正+0.00） / 総合判定確率: 0.073 / → ヒモ分散。1号艇1着固定で広めのヒモ流し推奨（買い目+2点）', 'tenji_trigger': '展示確認: ヒモ分散レース。1号艇伸び確認後、広めのヒモ流しを採用。穴ヒモ（5・6号艇）を積極的に含める。'}",,,29.7,逃げ狙い,21.59,29.9,2,,,,,,,,,,,
2026-02-12,丸亀,10,3,新田智彰,B1,41.00,3,▲,9.5969,17.6,100,53.4,0.1726,3.2603,,,0,低,135,0,-,515,0,30.3,1.0435,0,0,0,0.0938,0,0.0593,0.3437,0.1644,,,A,○,,0.2313,0.625,,0.4445,S,82,0,◎1着固定 2-3着流し（5〜8点）,0.5777,"{'is_target': True, 'verdict': '参加推奨', 'max_combo_prob': 0.0729, 'est_top_odds': 18.3, 'circle_concentration': 58.5, 'eligible_count': 6, 'bet_adj': 2, 'reason': 'rel_win1=55.8%（本命度） / 最有力組み合わせ確率: 0.073（推定実オッズ?18倍） / 2着集中度: 上位2艇 58.5%（補正+0.00） / 総合判定確率: 0.073 / → ヒモ分散。1号艇1着固定で広めのヒモ流し推奨（買い目+2点）', 'tenji_trigger': '展示確認: ヒモ分散レース。1号艇伸び確認後、広めのヒモ流しを採用。穴ヒモ（5・6号艇）を積極的に含める。'}",,,29.7,逃げ狙い,21.59,29.9,2,,,,,,,,,,,
2026-02-12,丸亀,10,4,西丸侑太,A1,34.65,4,○,10.834,18,73,58.8,0.1496,3.1373,,,0,低,100,0,ま0%,2122,0,55.5,1.0747,0,0,0.08,0.04,0.08,0,0.1314,0.0429,,,C,△,◎,0.3444,0.6105,0.3053,0.4445,S,82,0,◎1着固定 2-3着流し（5〜8点）,0.5777,"{'is_target': True, 'verdict': '参加推奨', 'max_combo_prob': 0.0729, 'est_top_odds': 18.3, 'circle_concentration': 58.5, 'eligible_count': 6, 'bet_adj': 2, 'reason': 'rel_win1=55.8%（本命度） / 最有力組み合わせ確率: 0.073（推定実オッズ?18倍） / 2着集中度: 上位2艇 58.5%（補正+0.00） / 総合判定確率: 0.073 / → ヒモ分散。1号艇1着固定で広めのヒモ流し推奨（買い目+2点）', 'tenji_trigger': '展示確認: ヒモ分散レース。1号艇伸び確認後、広めのヒモ流しを採用。穴ヒモ（5・6号艇）を積極的に含める。'}",,,29.7,逃げ狙い,21.59,29.9,2,,,,,,,,,,,
2026-02-12,丸亀,10,5,高橋竜矢,A1,24.42,5,,3.6541,19.6,62,48.3,0.1331,3.0172,,,0,低,31,0,-,2441,0,41.6,1.2776,,,,,,0,0.0417,0.0833,,◎,E,◎,,0.4071,0.6585,,0.4445,S,82,0,◎1着固定 2-3着流し（5〜8点）,0.5777,"{'is_target': True, 'verdict': '参加推奨', 'max_combo_prob': 0.0729, 'est_top_odds': 18.3, 'circle_concentration': 58.5, 'eligible_count': 6, 'bet_adj': 2, 'reason': 'rel_win1=55.8%（本命度） / 最有力組み合わせ確率: 0.073（推定実オッズ?18倍） / 2着集中度: 上位2艇 58.5%（補正+0.00） / 総合判定確率: 0.073 / → ヒモ分散。1号艇1着固定で広めのヒモ流し推奨（買い目+2点）', 'tenji_trigger': '展示確認: ヒモ分散レース。1号艇伸び確認後、広めのヒモ流しを採用。穴ヒモ（5・6号艇）を積極的に含める。'}",,,29.7,逃げ狙い,21.59,29.9,2,,,,,,,,,,,
2026-02-12,丸亀,10,6,妻鳥晋也,B1,25.81,6,,3.7803,5.9,63,35.7,0.1767,4.1548,,,0,低,151,0,-,551,0,100,2.2503,0,0,0,0.0588,0.0588,0.25,0.21,0.23,,,D,△,,0.2418,0.601,,0.4445,S,82,0,◎1着固定 2-3着流し（5〜8点）,0.5777,"{'is_target': True, 'verdict': '参加推奨', 'max_combo_prob': 0.0729, 'est_top_odds': 18.3, 'circle_concentration': 58.5, 'eligible_count': 6, 'bet_adj': 2, 'reason': 'rel_win1=55.8%（本命度） / 最有力組み合わせ確率: 0.073（推定実オッズ?18倍） / 2着集中度: 上位2艇 58.5%（補正+0.00） / 総合判定確率: 0.073 / → ヒモ分散。1号艇1着固定で広めのヒモ流し推奨（買い目+2点）', 'tenji_trigger': '展示確認: ヒモ分散レース。1号艇伸び確認後、広めのヒモ流しを採用。穴ヒモ（5・6号艇）を積極的に含める。'}",,,29.7,逃げ狙い,21.59,29.9,2,,,,,,,,,,,
2026-02-12,丸亀,11,1,片岡雅裕,A1,56.00,1,◎,61.0167,,0,93.1,0.129,2.5172,,,0,低,5,0,逃1%,1233,0,70.3,1.0137,0.7857,,,,,0.0286,0,0.3571,◎,,A,◎,,,0.8292,,0.6586,S,100,0,◎1着固定 2-3着流し（5〜8点）,0.5777,"{'is_target': True, 'verdict': '参加推奨', 'max_combo_prob': 0.085, 'est_top_odds': 15.7, 'circle_concentration': 63.3, 'eligible_count': 6, 'bet_adj': 2, 'reason': 'rel_win1=61.0%（本命度） / 最有力組み合わせ確率: 0.085（推定実オッズ?16倍） / 2着集中度: 上位2艇 63.3%（補正+0.00） / 総合判定確率: 0.085 / → ヒモ分散。1号艇1着固定で広めのヒモ流し推奨（買い目+2点）', 'tenji_trigger': '展示確認: ヒモ分散レース。1号艇伸び確認後、広めのヒモ流しを採用。穴ヒモ（5・6号艇）を積極的に含める。\n展示で1号艇スタート超安定(0.129秒)→ヒモ固まり方向に注意'}",,,28.3,逃げ狙い,22.19,25.4,5,,,,,0,0,0.7559,0,,逃げ軸流し,A
2026-02-12,丸亀,11,2,是澤孝宏,A2,40.00,2,▲,14.9822,43.3,56,61.4,0.1657,3.4143,,,0,低,125,0,差0%,1434,0,94.2,0.6053,0,0.1389,0,0,0,0.1625,0.0125,0.0375,,,C,,,0.0819,0.6235,,0.6586,S,100,0,◎1着固定 2-3着流し（5〜8点）,0.5777,"{'is_target': True, 'verdict': '参加推奨', 'max_combo_prob': 0.085, 'est_top_odds': 15.7, 'circle_concentration': 63.3, 'eligible_count': 6, 'bet_adj': 2, 'reason': 'rel_win1=61.0%（本命度） / 最有力組み合わせ確率: 0.085（推定実オッズ?16倍） / 2着集中度: 上位2艇 63.3%（補正+0.00） / 総合判定確率: 0.085 / → ヒモ分散。1号艇1着固定で広めのヒモ流し推奨（買い目+2点）', 'tenji_trigger': '展示確認: ヒモ分散レース。1号艇伸び確認後、広めのヒモ流しを採用。穴ヒモ（5・6号艇）を積極的に含める。\n展示で1号艇スタート超安定(0.129秒)→ヒモ固まり方向に注意'}",,,28.3,逃げ狙い,22.19,25.4,5,,,,,,,,,,,
2026-02-12,丸亀,11,3,松下知幸,B1,29.27,3,,8.1314,20,65,44.9,0.1477,2.9493,,,0,低,152,0,-,1 54,0,78.3,1.6483,0,0.0303,0.0303,0.0909,0,0.2152,0.1581,0.1962,,,E,,,0.2006,0.5965,,0.6586,S,100,0,◎1着固定 2-3着流し（5〜8点）,0.5777,"{'is_target': True, 'verdict': '参加推奨', 'max_combo_prob': 0.085, 'est_top_odds': 15.7, 'circle_concentration': 63.3, 'eligible_count': 6, 'bet_adj': 2, 'reason': 'rel_win1=61.0%（本命度） / 最有力組み合わせ確率: 0.085（推定実オッズ?16倍） / 2着集中度: 上位2艇 63.3%（補正+0.00） / 総合判定確率: 0.085 / → ヒモ分散。1号艇1着固定で広めのヒモ流し推奨（買い目+2点）', 'tenji_trigger': '展示確認: ヒモ分散レース。1号艇伸び確認後、広めのヒモ流しを採用。穴ヒモ（5・6号艇）を積極的に含める。\n展示で1号艇スタート超安定(0.129秒)→ヒモ固まり方向に注意'}",,,28.3,逃げ狙い,22.19,25.4,5,,,,,,,,,,,
2026-02-12,丸亀,11,4,石田政吾,B1,40.00,4,,4.306,19.3,93,58.8,0.1598,3.3529,,,0,低,126,0,-,261,0,49.5,1.0187,,,,,,0.0615,0.2123,0.1662,,,C,△,,0.1921,0.6375,,0.6586,S,100,0,◎1着固定 2-3着流し（5〜8点）,0.5777,"{'is_target': True, 'verdict': '参加推奨', 'max_combo_prob': 0.085, 'est_top_odds': 15.7, 'circle_concentration': 63.3, 'eligible_count': 6, 'bet_adj': 2, 'reason': 'rel_win1=61.0%（本命度） / 最有力組み合わせ確率: 0.085（推定実オッズ?16倍） / 2着集中度: 上位2艇 63.3%（補正+0.00） / 総合判定確率: 0.085 / → ヒモ分散。1号艇1着固定で広めのヒモ流し推奨（買い目+2点）', 'tenji_trigger': '展示確認: ヒモ分散レース。1号艇伸び確認後、広めのヒモ流しを採用。穴ヒモ（5・6号艇）を積極的に含める。\n展示で1号艇スタート超安定(0.129秒)→ヒモ固まり方向に注意'}",,,28.3,逃げ狙い,22.19,25.4,5,,,,,,,,,,,
2026-02-12,丸亀,11,5,岡崎恭裕,A1,53.54,5,○,7.9991,13.9,100,61.3,0.1381,2.6613,,,0,低,38,0,抜0%,2111,0,29.5,1.7667,0,0,0,0,0.0625,0.1962,0.0462,0,,,B,○,◎,0.2811,0.665,0.4226,0.6586,S,100,0,◎1着固定 2-3着流し（5〜8点）,0.5777,"{'is_target': True, 'verdict': '参加推奨', 'max_combo_prob': 0.085, 'est_top_odds': 15.7, 'circle_concentration': 63.3, 'eligible_count': 6, 'bet_adj': 2, 'reason': 'rel_win1=61.0%（本命度） / 最有力組み合わせ確率: 0.085（推定実オッズ?16倍） / 2着集中度: 上位2艇 63.3%（補正+0.00） / 総合判定確率: 0.085 / → ヒモ分散。1号艇1着固定で広めのヒモ流し推奨（買い目+2点）', 'tenji_trigger': '展示確認: ヒモ分散レース。1号艇伸び確認後、広めのヒモ流しを採用。穴ヒモ（5・6号艇）を積極的に含める。\n展示で1号艇スタート超安定(0.129秒)→ヒモ固まり方向に注意'}",,,28.3,逃げ狙い,22.19,25.4,5,,,,,,,,,,,
2026-02-12,丸亀,11,6,平石和男,A2,43.00,6,△,3.5646,3.5,53,40.7,0.2173,5.1864,,,0,低,226,0,-,4442,0,42.2,1.1175,0,0,0,0.0385,0,0.1058,0.1706,0.2354,,,C,△,,0.105,0.6275,,0.6586,S,100,0,◎1着固定 2-3着流し（5〜8点）,0.5777,"{'is_target': True, 'verdict': '参加推奨', 'max_combo_prob': 0.085, 'est_top_odds': 15.7, 'circle_concentration': 63.3, 'eligible_count': 6, 'bet_adj': 2, 'reason': 'rel_win1=61.0%（本命度） / 最有力組み合わせ確率: 0.085（推定実オッズ?16倍） / 2着集中度: 上位2艇 63.3%（補正+0.00） / 総合判定確率: 0.085 / → ヒモ分散。1号艇1着固定で広めのヒモ流し推奨（買い目+2点）', 'tenji_trigger': '展示確認: ヒモ分散レース。1号艇伸び確認後、広めのヒモ流しを採用。穴ヒモ（5・6号艇）を積極的に含める。\n展示で1号艇スタート超安定(0.129秒)→ヒモ固まり方向に注意'}",,,28.3,逃げ狙い,22.19,25.4,5,,,,,,,,,,,
2026-02-12,丸亀,12,1,細川裕子,A1,22.99,1,◎,68.0529,,0,96.4,0.1732,3.6786,,,0,低,59,0,逃1%,1542,0,83.9,1.0656,0.8333,,,,,0,0,0.0833,◎,,E,△,,,0.6235,,0.494,S,84,0,◎1着固定 2-3着流し（5〜8点）,0.5777,"{'is_target': True, 'verdict': '点数絞り', 'max_combo_prob': 0.1317, 'est_top_odds': 10.1, 'circle_concentration': 82.3, 'eligible_count': 6, 'bet_adj': 0, 'reason': 'rel_win1=68.1%（本命度） / 最有力組み合わせ確率: 0.132（推定実オッズ?10倍） / 2着集中度: 上位2艇 82.3%（補正+0.04） / 総合判定確率: 0.172 / → ヒモはやや固め。上位2艇以外を切ること', 'tenji_trigger': '展示確認: 1号艇伸び良→そのまま採用。悪→飛び組に差し替え。circle_pct上位2艇に絞り込むこと。'}",,,25.6,逃げ狙い,15.88,23,2,,,,,0,0,0.7559,0,,逃げ軸流し,A
2026-02-12,丸亀,12,2,刑部亜里,A2,36.70,2,▲,16.9122,63,100,73.7,0.1603,3.3158,,,0,低,94,0,差0% ま0%,4416,0,70.4,1.2216,0,0.0909,0.0909,0,0,0.2248,0.0533,0.1124,,◎,C,△,,0.4504,0.5895,,0.494,S,84,0,◎1着固定 2-3着流し（5〜8点）,0.5777,"{'is_target': True, 'verdict': '点数絞り', 'max_combo_prob': 0.1317, 'est_top_odds': 10.1, 'circle_concentration': 82.3, 'eligible_count': 6, 'bet_adj': 0, 'reason': 'rel_win1=68.1%（本命度） / 最有力組み合わせ確率: 0.132（推定実オッズ?10倍） / 2着集中度: 上位2艇 82.3%（補正+0.04） / 総合判定確率: 0.172 / → ヒモはやや固め。上位2艇以外を切ること', 'tenji_trigger': '展示確認: 1号艇伸び良→そのまま採用。悪→飛び組に差し替え。circle_pct上位2艇に絞り込むこと。'}",,,25.6,逃げ狙い,15.88,23,2,,,,,,,,,,,
2026-02-12,丸亀,12,3,伊藤　栞,B1,24.73,3,,6.5578,19.2,77,11.8,0.1824,3.3235,,,0,低,55,0,-,6 66,0,37.5,0.5692,,,,,,0,0.5,0.5,,,D,,,0.265,0.5045,,0.494,S,84,0,◎1着固定 2-3着流し（5〜8点）,0.5777,"{'is_target': True, 'verdict': '点数絞り', 'max_combo_prob': 0.1317, 'est_top_odds': 10.1, 'circle_concentration': 82.3, 'eligible_count': 6, 'bet_adj': 0, 'reason': 'rel_win1=68.1%（本命度） / 最有力組み合わせ確率: 0.132（推定実オッズ?10倍） / 2着集中度: 上位2艇 82.3%（補正+0.04） / 総合判定確率: 0.172 / → ヒモはやや固め。上位2艇以外を切ること', 'tenji_trigger': '展示確認: 1号艇伸び良→そのまま採用。悪→飛び組に差し替え。circle_pct上位2艇に絞り込むこと。'}",,,25.6,逃げ狙い,15.88,23,2,,,,,,,,,,,
2026-02-12,丸亀,12,4,土屋　蘭,B1,30.28,4,,3.5151,6.8,86,15.8,0.2045,4.7895,,,0,低,122,0,-,434,0,16.3,0.5604,,,,,,0.2333,0.4,0,,,D,,,0.1883,0.5455,,0.494,S,84,0,◎1着固定 2-3着流し（5〜8点）,0.5777,"{'is_target': True, 'verdict': '点数絞り', 'max_combo_prob': 0.1317, 'est_top_odds': 10.1, 'circle_concentration': 82.3, 'eligible_count': 6, 'bet_adj': 0, 'reason': 'rel_win1=68.1%（本命度） / 最有力組み合わせ確率: 0.132（推定実オッズ?10倍） / 2着集中度: 上位2艇 82.3%（補正+0.04） / 総合判定確率: 0.172 / → ヒモはやや固め。上位2艇以外を切ること', 'tenji_trigger': '展示確認: 1号艇伸び良→そのまま採用。悪→飛び組に差し替え。circle_pct上位2艇に絞り込むこと。'}",,,25.6,逃げ狙い,15.88,23,2,,,,,,,,,,,
2026-02-12,丸亀,12,5,加藤奈月,B1,39.18,5,△,3.1354,8.6,93,17.4,0.1709,3.7174,,,0,低,68,0,-,331,0,22.5,0.6807,,,,,,0,0.2591,0.1455,,,B,○,,0.3173,0.627,,0.494,S,84,0,◎1着固定 2-3着流し（5〜8点）,0.5777,"{'is_target': True, 'verdict': '点数絞り', 'max_combo_prob': 0.1317, 'est_top_odds': 10.1, 'circle_concentration': 82.3, 'eligible_count': 6, 'bet_adj': 0, 'reason': 'rel_win1=68.1%（本命度） / 最有力組み合わせ確率: 0.132（推定実オッズ?10倍） / 2着集中度: 上位2艇 82.3%（補正+0.04） / 総合判定確率: 0.172 / → ヒモはやや固め。上位2艇以外を切ること', 'tenji_trigger': '展示確認: 1号艇伸び良→そのまま採用。悪→飛び組に差し替え。circle_pct上位2艇に絞り込むこと。'}",,,25.6,逃げ狙い,15.88,23,2,,,,,,,,,,,
2026-02-12,丸亀,12,6,今井美亜,A2,41.35,6,○,1.8266,2.3,47,7.7,0.1515,3.9615,,,0,低,28,1,-,3214,0,44.5,0.8378,,,,,,0,0.1429,0.1429,,,B,◎,,0.379,0.629,,0.494,S,84,0,◎1着固定 2-3着流し（5〜8点）,0.5777,"{'is_target': True, 'verdict': '点数絞り', 'max_combo_prob': 0.1317, 'est_top_odds': 10.1, 'circle_concentration': 82.3, 'eligible_count': 6, 'bet_adj': 0, 'reason': 'rel_win1=68.1%（本命度） / 最有力組み合わせ確率: 0.132（推定実オッズ?10倍） / 2着集中度: 上位2艇 82.3%（補正+0.04） / 総合判定確率: 0.172 / → ヒモはやや固め。上位2艇以外を切ること', 'tenji_trigger': '展示確認: 1号艇伸び良→そのまま採用。悪→飛び組に差し替え。circle_pct上位2艇に絞り込むこと。'}",,,25.6,逃げ狙い,15.88,23,2,,,,,,,,,,,
2026-02-13,丸亀,1,1,屋良龍紀,B1,19.15,1,◎,59.5613,,0,77.4,0.1406,2.5161,,,0,低,86,0,逃1%,6 665,0,78.6,1.0291,0.6,,,,,0.1733,0.0267,0.1733,◎,,E,○,,,0.587,,0.5902,A,69,0,◎-○軸 3着3〜4艇流し（10〜15点）,0.5777,"{'is_target': True, 'verdict': '参加推奨', 'max_combo_prob': 0.0698, 'est_top_odds': 19.1, 'circle_concentration': 64.6, 'eligible_count': 8, 'bet_adj': 2, 'reason': 'rel_win1=59.6%（本命度） / 最有力組み合わせ確率: 0.070（推定実オッズ?19倍） / 2着集中度: 上位2艇 64.6%（補正+0.00） / 総合判定確率: 0.070 / → ヒモ分散。1号艇1着固定で広めのヒモ流し推奨（買い目+2点）', 'tenji_trigger': '展示確認: ヒモ分散レース。1号艇伸び確認後、広めのヒモ流しを採用。穴ヒモ（5・6号艇）を積極的に含める。'}",,,26.6,逃げ狙い,10.86,30.2,6,,,,,0,0,0.7559,0,,逃げ軸流し,A
2026-02-13,丸亀,1,2,河上年昭,B1,22.09,2,,11.8875,35.4,72,48.3,0.1787,3.3917,,,0,低,130,0,差0% 抜0%,655 3,0,27.2,0.8098,0,0.0833,0,0,0.0417,0.2342,0.2553,0.0632,,,D,,,0.0681,0.541,,0.5902,A,69,0,◎-○軸 3着3〜4艇流し（10〜15点）,0.5777,"{'is_target': True, 'verdict': '参加推奨', 'max_combo_prob': 0.0698, 'est_top_odds': 19.1, 'circle_concentration': 64.6, 'eligible_count': 8, 'bet_adj': 2, 'reason': 'rel_win1=59.6%（本命度） / 最有力組み合わせ確率: 0.070（推定実オッズ?19倍） / 2着集中度: 上位2艇 64.6%（補正+0.00） / 総合判定確率: 0.070 / → ヒモ分散。1号艇1着固定で広めのヒモ流し推奨（買い目+2点）', 'tenji_trigger': '展示確認: ヒモ分散レース。1号艇伸び確認後、広めのヒモ流しを採用。穴ヒモ（5・6号艇）を積極的に含める。'}",,,26.6,逃げ狙い,10.86,30.2,6,,,,,,,,,,,
2026-02-13,丸亀,1,3,佐藤右京,B1,36.36,3,▲,8.1609,24,100,44.8,0.1869,3.9655,,,0,低,134,0,差ま0%,4 255,0,60.9,0.8352,0,0,0,0.0417,0,0.0421,0.3263,0.2421,,,A,,,0.1087,0.505,,0.5902,A,69,0,◎-○軸 3着3〜4艇流し（10〜15点）,0.5777,"{'is_target': True, 'verdict': '参加推奨', 'max_combo_prob': 0.0698, 'est_top_odds': 19.1, 'circle_concentration': 64.6, 'eligible_count': 8, 'bet_adj': 2, 'reason': 'rel_win1=59.6%（本命度） / 最有力組み合わせ確率: 0.070（推定実オッズ?19倍） / 2着集中度: 上位2艇 64.6%（補正+0.00） / 総合判定確率: 0.070 / → ヒモ分散。1号艇1着固定で広めのヒモ流し推奨（買い目+2点）', 'tenji_trigger': '展示確認: ヒモ分散レース。1号艇伸び確認後、広めのヒモ流しを採用。穴ヒモ（5・6号艇）を積極的に含める。'}",,,26.6,逃げ狙い,10.86,30.2,6,,,,,,,,,,,
2026-02-13,丸亀,1,4,妻鳥晋也,B1,25.81,4,△,10.438,29.2,79,52.5,0.1792,3.8983,,,0,低,151,0,-,551 16,0,86.8,1.5272,0,0,0,0.069,0.0345,0.25,0.21,0.23,,,C,◎,,0.1413,0.601,,0.5902,A,69,0,◎-○軸 3着3〜4艇流し（10〜15点）,0.5777,"{'is_target': True, 'verdict': '参加推奨', 'max_combo_prob': 0.0698, 'est_top_odds': 19.1, 'circle_concentration': 64.6, 'eligible_count': 8, 'bet_adj': 2, 'reason': 'rel_win1=59.6%（本命度） / 最有力組み合わせ確率: 0.070（推定実オッズ?19倍） / 2着集中度: 上位2艇 64.6%（補正+0.00） / 総合判定確率: 0.070 / → ヒモ分散。1号艇1着固定で広めのヒモ流し推奨（買い目+2点）', 'tenji_trigger': '展示確認: ヒモ分散レース。1号艇伸び確認後、広めのヒモ流しを採用。穴ヒモ（5・6号艇）を積極的に含める。'}",,,26.6,逃げ狙い,10.86,30.2,6,,,,,,,,,,,
2026-02-13,丸亀,1,5,森　弘行,B1,26.00,5,○,3.0125,6.3,73,11.8,0.178,3.9412,,,0,低,123,0,-,5 3 35,0,25.9,0.6521,,,,,,0.4263,0.1474,0.1921,,,C,△,,0.1938,0.5765,,0.5902,A,69,0,◎-○軸 3着3〜4艇流し（10〜15点）,0.5777,"{'is_target': True, 'verdict': '参加推奨', 'max_combo_prob': 0.0698, 'est_top_odds': 19.1, 'circle_concentration': 64.6, 'eligible_count': 8, 'bet_adj': 2, 'reason': 'rel_win1=59.6%（本命度） / 最有力組み合わせ確率: 0.070（推定実オッズ?19倍） / 2着集中度: 上位2艇 64.6%（補正+0.00） / 総合判定確率: 0.070 / → ヒモ分散。1号艇1着固定で広めのヒモ流し推奨（買い目+2点）', 'tenji_trigger': '展示確認: ヒモ分散レース。1号艇伸び確認後、広めのヒモ流しを採用。穴ヒモ（5・6号艇）を積極的に含める。'}",,,26.6,逃げ狙い,10.86,30.2,6,,,,,,,,,,,
2026-02-13,丸亀,1,6,深尾巴恵,B2,21.98,6,,6.9399,5.1,50,33.3,0.1683,3.4,,,0,低,70,0,-,F55 5,0,25.2,1.2189,0,0,0.125,0,0,0.25,0,0.5,,,D,△,,0.2219,0.5515,,0.5902,A,69,0,◎-○軸 3着3〜4艇流し（10〜15点）,0.5777,"{'is_target': True, 'verdict': '参加推奨', 'max_combo_prob': 0.0698, 'est_top_odds': 19.1, 'circle_concentration': 64.6, 'eligible_count': 8, 'bet_adj': 2, 'reason': 'rel_win1=59.6%（本命度） / 最有力組み合わせ確率: 0.070（推定実オッズ?19倍） / 2着集中度: 上位2艇 64.6%（補正+0.00） / 総合判定確率: 0.070 / → ヒモ分散。1号艇1着固定で広めのヒモ流し推奨（買い目+2点）', 'tenji_trigger': '展示確認: ヒモ分散レース。1号艇伸び確認後、広めのヒモ流しを採用。穴ヒモ（5・6号艇）を積極的に含める。'}",,,26.6,逃げ狙い,10.86,30.2,6,,,,,,,,,,,
2026-02-13,丸亀,2,1,加藤奈月,B1,39.18,1,◎,48.9093,,0,45,0.192,3.8,,,0,低,68,0,逃0%,331 53,0,24.7,0.5535,0.0909,,,,,0,0.2591,0.1455,,,A,○,,,0.627,,0.1463,C,44,0,荒れ傾向。高配当狙いか見送り,0.5777,"{'is_target': True, 'verdict': '参加推奨', 'max_combo_prob': 0.0761, 'est_top_odds': 17.5, 'circle_concentration': 73.1, 'eligible_count': 6, 'bet_adj': 2, 'reason': 'rel_win1=48.9%（本命度） / 最有力組み合わせ確率: 0.076（推定実オッズ?18倍） / 2着集中度: 上位2艇 73.1%（補正+0.04） / 総合判定確率: 0.116 / → ヒモ分散。1号艇1着固定で広めのヒモ流し推奨（買い目+2点）', 'tenji_trigger': '展示確認: ヒモ分散レース。1号艇伸び確認後、広めのヒモ流しを採用。穴ヒモ（5・6号艇）を積極的に含める。\n展示で1号艇スタート遅め(0.192秒)確認→ヒモが荒れやすい'}",,,28.8,両建て推奨,15.75,32.2,3,2-1-3|2-1-4|2-1-5|2-3-1|2-3-4|2-5-3|2-5-1|1-2-3|1-3-2|1-2-5|1-3-5,2-1-3|2-1-4|2-1-5|2-3-1|2-3-4|2-5-3|2-5-1|1-2-3|1-3-2|1-2-5|1-3-5|5-1-3,2-1-3:3.96%|2-1-4:2.23%|2-1-5:1.56%|2-3-1:1.15%|2-3-4:0.67%|2-5-3:0.5%|2-5-1:0.49%|1-2-3:4.73%|1-3-2:4.23%|1-2-5:4.03%|1-3-5:3.95%,2-1-3:B_main|2-1-4:B_main|2-1-5:B_main|2-3-1:B_main|2-3-4:B_main|2-5-3:B_main|2-5-1:B_main|1-2-3:A|1-3-2:A|1-2-5:A|1-3-5:A,11,12,0.2915,1,[!]見送り推奨（主役決まり手「差し」― 逃げ劣勢レースで的中実績なし）,主役軸流し,B
2026-02-13,丸亀,2,2,山本浩次,B1,35.78,2,○,12.2356,33.4,100,60.9,0.1637,3.2826,,,0,低,84,0,差0% ま0%,4 164,0,29.6,0.7281,0,0.0385,0.0385,0,0,0.23,0.2033,0,,◎,C,,,0.5576,0.5845,,0.1463,C,44,0,荒れ傾向。高配当狙いか見送り,0.5777,"{'is_target': True, 'verdict': '参加推奨', 'max_combo_prob': 0.0761, 'est_top_odds': 17.5, 'circle_concentration': 73.1, 'eligible_count': 6, 'bet_adj': 2, 'reason': 'rel_win1=48.9%（本命度） / 最有力組み合わせ確率: 0.076（推定実オッズ?18倍） / 2着集中度: 上位2艇 73.1%（補正+0.04） / 総合判定確率: 0.116 / → ヒモ分散。1号艇1着固定で広めのヒモ流し推奨（買い目+2点）', 'tenji_trigger': '展示確認: ヒモ分散レース。1号艇伸び確認後、広めのヒモ流しを採用。穴ヒモ（5・6号艇）を積極的に含める。\n展示で1号艇スタート遅め(0.192秒)確認→ヒモが荒れやすい'}",,,28.8,両建て推奨,15.75,32.2,3,,,,,,,,,,,
2026-02-13,丸亀,2,3,三嶌誠司,A1,22.22,3,▲,25.0114,39.7,66,63.5,0.1573,3.0962,,,0,低,84,0,差ま0%,132254,0,83,1.4967,0,0,0,0.0741,0.1111,0.1235,0.1643,0.0959,,○,E,◎,,0.4916,0.669,,0.1463,C,44,0,荒れ傾向。高配当狙いか見送り,0.5777,"{'is_target': True, 'verdict': '参加推奨', 'max_combo_prob': 0.0761, 'est_top_odds': 17.5, 'circle_concentration': 73.1, 'eligible_count': 6, 'bet_adj': 2, 'reason': 'rel_win1=48.9%（本命度） / 最有力組み合わせ確率: 0.076（推定実オッズ?18倍） / 2着集中度: 上位2艇 73.1%（補正+0.04） / 総合判定確率: 0.116 / → ヒモ分散。1号艇1着固定で広めのヒモ流し推奨（買い目+2点）', 'tenji_trigger': '展示確認: ヒモ分散レース。1号艇伸び確認後、広めのヒモ流しを採用。穴ヒモ（5・6号艇）を積極的に含める。\n展示で1号艇スタート遅め(0.192秒)確認→ヒモが荒れやすい'}",,,28.8,両建て推奨,15.75,32.2,3,,,,,,,,,,,
2026-02-13,丸亀,2,4,近藤稔也,B1,25.71,4,,8.8874,3.7,61,37.9,0.1947,4.0985,,,0,低,180,0,抜0%,3 5444,0,35.2,0.8464,0,0,0,0,0.0323,0.368,0.32,0.064,,,D,△,,0.3407,0.609,,0.1463,C,44,0,荒れ傾向。高配当狙いか見送り,0.5777,"{'is_target': True, 'verdict': '参加推奨', 'max_combo_prob': 0.0761, 'est_top_odds': 17.5, 'circle_concentration': 73.1, 'eligible_count': 6, 'bet_adj': 2, 'reason': 'rel_win1=48.9%（本命度） / 最有力組み合わせ確率: 0.076（推定実オッズ?18倍） / 2着集中度: 上位2艇 73.1%（補正+0.04） / 総合判定確率: 0.116 / → ヒモ分散。1号艇1着固定で広めのヒモ流し推奨（買い目+2点）', 'tenji_trigger': '展示確認: ヒモ分散レース。1号艇伸び確認後、広めのヒモ流しを採用。穴ヒモ（5・6号艇）を積極的に含める。\n展示で1号艇スタート遅め(0.192秒)確認→ヒモが荒れやすい'}",,,28.8,両建て推奨,15.75,32.2,3,,,,,,,,,,,
2026-02-13,丸亀,2,5,刑部亜里,A2,36.70,5,△,3.6322,22,56,48.6,0.1826,4.0571,,,0,低,94,0,-,441622,0,73.6,1.2233,,,,,,0.2248,0.0533,0.1124,,,B,,,0.3788,0.5895,,0.1463,C,44,0,荒れ傾向。高配当狙いか見送り,0.5777,"{'is_target': True, 'verdict': '参加推奨', 'max_combo_prob': 0.0761, 'est_top_odds': 17.5, 'circle_concentration': 73.1, 'eligible_count': 6, 'bet_adj': 2, 'reason': 'rel_win1=48.9%（本命度） / 最有力組み合わせ確率: 0.076（推定実オッズ?18倍） / 2着集中度: 上位2艇 73.1%（補正+0.04） / 総合判定確率: 0.116 / → ヒモ分散。1号艇1着固定で広めのヒモ流し推奨（買い目+2点）', 'tenji_trigger': '展示確認: ヒモ分散レース。1号艇伸び確認後、広めのヒモ流しを採用。穴ヒモ（5・6号艇）を積極的に含める。\n展示で1号艇スタート遅め(0.192秒)確認→ヒモが荒れやすい'}",,,28.8,両建て推奨,15.75,32.2,3,,,,,,,,,,,
2026-02-13,丸亀,2,6,今出晋二,B1,28.45,6,,1.324,1.2,38,5.9,0.1976,4.25,,,0,低,89,0,-,F 656,0,22.2,0.5461,,,,,,0.4412,0.4176,0.1176,,,D,△,,0.3311,0.594,,0.1463,C,44,0,荒れ傾向。高配当狙いか見送り,0.5777,"{'is_target': True, 'verdict': '参加推奨', 'max_combo_prob': 0.0761, 'est_top_odds': 17.5, 'circle_concentration': 73.1, 'eligible_count': 6, 'bet_adj': 2, 'reason': 'rel_win1=48.9%（本命度） / 最有力組み合わせ確率: 0.076（推定実オッズ?18倍） / 2着集中度: 上位2艇 73.1%（補正+0.04） / 総合判定確率: 0.116 / → ヒモ分散。1号艇1着固定で広めのヒモ流し推奨（買い目+2点）', 'tenji_trigger': '展示確認: ヒモ分散レース。1号艇伸び確認後、広めのヒモ流しを採用。穴ヒモ（5・6号艇）を積極的に含める。\n展示で1号艇スタート遅め(0.192秒)確認→ヒモが荒れやすい'}",,,28.8,両建て推奨,15.75,32.2,3,,,,,,,,,,,
2026-02-13,丸亀,3,1,坂本一真,B1,46.08,1,◎,51.1253,,0,40,0.1387,2.9,,,0,低,111,0,逃0%,6 462,0,28.6,0.6106,0.3,,,,,0.4,0.1,0,○⚠️,,A,,,,0.532,,0.4141,D,34,1,大荒れ。見送り推奨,0.5777,"{'is_target': True, 'verdict': '参加推奨', 'max_combo_prob': 0.0762, 'est_top_odds': 17.5, 'circle_concentration': 66.3, 'eligible_count': 6, 'bet_adj': 2, 'reason': 'rel_win1=51.1%（本命度） / 最有力組み合わせ確率: 0.076（推定実オッズ?18倍） / 2着集中度: 上位2艇 66.3%（補正+0.00） / 総合判定確率: 0.076 / → ヒモ分散。1号艇1着固定で広めのヒモ流し推奨（買い目+2点）', 'tenji_trigger': '展示確認: ヒモ分散レース。1号艇伸び確認後、広めのヒモ流しを採用。穴ヒモ（5・6号艇）を積極的に含める。\n展示で1号艇スタート超安定(0.139秒)→ヒモ固まり方向に注意'}",,,30.7,両建て推奨,16.99,36.7,4,2-1-3|2-1-4|2-1-5|2-3-1|2-3-4|2-5-3|2-3-5|1-3-4|1-2-4|1-3-2|1-4-2|1-4-3,2-1-3|2-1-4|2-1-5|2-3-1|2-3-4|2-5-3|2-3-5|1-3-4|1-2-4|1-3-2|1-4-2|1-4-3,2-1-3:1.76%|2-1-4:1.18%|2-1-5:0.86%|2-3-1:0.5%|2-3-4:0.41%|2-5-3:0.31%|2-3-5:0.3%|1-3-4:6.57%|1-2-4:4.81%|1-3-2:4.69%|1-4-2:3.9%|1-4-3:3.88%,2-1-3:B_main|2-1-4:B_main|2-1-5:B_main|2-3-1:B_main|2-3-4:B_main|2-5-3:B_main|2-3-5:B_main|1-3-4:A|1-2-4:A|1-3-2:A|1-4-2:A|1-4-3:A,12,12,0.4535,1,[!]見送り推奨（主役決まり手「差し」― 逃げ劣勢レースで的中実績なし）,主役軸流し,B
2026-02-13,丸亀,3,2,松下知幸,B1,29.27,2,▲,9.9492,22,94,48,0.1509,3.1753,,,0,低,152,0,差0%,1 5425,0,58.7,1.1024,0,0.0909,0.0303,0,0,0.2152,0.1581,0.1962,,,D,△,,0.1962,0.5965,,0.4141,D,34,1,大荒れ。見送り推奨,0.5777,"{'is_target': True, 'verdict': '参加推奨', 'max_combo_prob': 0.0762, 'est_top_odds': 17.5, 'circle_concentration': 66.3, 'eligible_count': 6, 'bet_adj': 2, 'reason': 'rel_win1=51.1%（本命度） / 最有力組み合わせ確率: 0.076（推定実オッズ?18倍） / 2着集中度: 上位2艇 66.3%（補正+0.00） / 総合判定確率: 0.076 / → ヒモ分散。1号艇1着固定で広めのヒモ流し推奨（買い目+2点）', 'tenji_trigger': '展示確認: ヒモ分散レース。1号艇伸び確認後、広めのヒモ流しを採用。穴ヒモ（5・6号艇）を積極的に含める。\n展示で1号艇スタート超安定(0.139秒)→ヒモ固まり方向に注意'}",,,30.7,両建て推奨,16.99,36.7,4,,,,,,,,,,,
2026-02-13,丸亀,3,3,石田政吾,B1,40.00,3,○,16.8619,39.8,77,74,0.1502,3.37,,,0,低,126,0,-,261 66,0,47.1,1.0712,0,0,0.1429,0.0952,0,0.0615,0.2123,0.1662,,,B,○,,0.2574,0.6375,,0.4141,D,34,1,大荒れ。見送り推奨,0.5777,"{'is_target': True, 'verdict': '参加推奨', 'max_combo_prob': 0.0762, 'est_top_odds': 17.5, 'circle_concentration': 66.3, 'eligible_count': 6, 'bet_adj': 2, 'reason': 'rel_win1=51.1%（本命度） / 最有力組み合わせ確率: 0.076（推定実オッズ?18倍） / 2着集中度: 上位2艇 66.3%（補正+0.00） / 総合判定確率: 0.076 / → ヒモ分散。1号艇1着固定で広めのヒモ流し推奨（買い目+2点）', 'tenji_trigger': '展示確認: ヒモ分散レース。1号艇伸び確認後、広めのヒモ流しを採用。穴ヒモ（5・6号艇）を積極的に含める。\n展示で1号艇スタート超安定(0.139秒)→ヒモ固まり方向に注意'}",,,30.7,両建て推奨,16.99,36.7,4,,,,,,,,,,,
2026-02-13,丸亀,3,4,高橋竜矢,A1,24.42,4,△,13.9943,26.5,59,58.3,0.1264,3.2639,,,0,低,31,0,-,244115,0,81.7,1.3147,0,0.0417,0,0,0.0417,0,0.0417,0.0833,,,E,◎,◎,0.3266,0.6585,0.4357,0.4141,D,34,1,大荒れ。見送り推奨,0.5777,"{'is_target': True, 'verdict': '参加推奨', 'max_combo_prob': 0.0762, 'est_top_odds': 17.5, 'circle_concentration': 66.3, 'eligible_count': 6, 'bet_adj': 2, 'reason': 'rel_win1=51.1%（本命度） / 最有力組み合わせ確率: 0.076（推定実オッズ?18倍） / 2着集中度: 上位2艇 66.3%（補正+0.00） / 総合判定確率: 0.076 / → ヒモ分散。1号艇1着固定で広めのヒモ流し推奨（買い目+2点）', 'tenji_trigger': '展示確認: ヒモ分散レース。1号艇伸び確認後、広めのヒモ流しを採用。穴ヒモ（5・6号艇）を積極的に含める。\n展示で1号艇スタート超安定(0.139秒)→ヒモ固まり方向に注意'}",,,30.7,両建て推奨,16.99,36.7,4,,,,,,,,,,,
2026-02-13,丸亀,3,5,松村康太,A2,33.00,5,,6.9853,11.1,100,48.5,0.1662,3.7727,,,0,低,166,0,抜0%,2 1332,0,37.3,0.8371,0,0,0.037,0,0.037,0.22,0.1756,0.2689,,,C,△,,0.1986,0.6195,,0.4141,D,34,1,大荒れ。見送り推奨,0.5777,"{'is_target': True, 'verdict': '参加推奨', 'max_combo_prob': 0.0762, 'est_top_odds': 17.5, 'circle_concentration': 66.3, 'eligible_count': 6, 'bet_adj': 2, 'reason': 'rel_win1=51.1%（本命度） / 最有力組み合わせ確率: 0.076（推定実オッズ?18倍） / 2着集中度: 上位2艇 66.3%（補正+0.00） / 総合判定確率: 0.076 / → ヒモ分散。1号艇1着固定で広めのヒモ流し推奨（買い目+2点）', 'tenji_trigger': '展示確認: ヒモ分散レース。1号艇伸び確認後、広めのヒモ流しを採用。穴ヒモ（5・6号艇）を積極的に含める。\n展示で1号艇スタート超安定(0.139秒)→ヒモ固まり方向に注意'}",,,30.7,両建て推奨,16.99,36.7,4,,,,,,,,,,,
2026-02-13,丸亀,3,6,伊藤　栞,B1,24.73,6,,1.084,0.6,14,0,0.1755,4.2872,,,0,低,55,0,-,6 6645,0,26,0.7622,,,,,,0,0.5,0.5,,,D,,,0.1964,0.5045,,0.4141,D,34,1,大荒れ。見送り推奨,0.5777,"{'is_target': True, 'verdict': '参加推奨', 'max_combo_prob': 0.0762, 'est_top_odds': 17.5, 'circle_concentration': 66.3, 'eligible_count': 6, 'bet_adj': 2, 'reason': 'rel_win1=51.1%（本命度） / 最有力組み合わせ確率: 0.076（推定実オッズ?18倍） / 2着集中度: 上位2艇 66.3%（補正+0.00） / 総合判定確率: 0.076 / → ヒモ分散。1号艇1着固定で広めのヒモ流し推奨（買い目+2点）', 'tenji_trigger': '展示確認: ヒモ分散レース。1号艇伸び確認後、広めのヒモ流しを採用。穴ヒモ（5・6号艇）を積極的に含める。\n展示で1号艇スタート超安定(0.139秒)→ヒモ固まり方向に注意'}",,,30.7,両建て推奨,16.99,36.7,4,,,,,,,,,,,
2026-02-13,丸亀,4,1,山本景士,B1,33.65,1,◎,47.5519,,0,83.7,0.1559,3.2245,,,0,低,147,0,逃0%,346 1,0,84.2,1.0476,0.3182,,,,,0.1091,0.2909,0.0182,○,,C,◎,,,0.6505,,0.443,A,69,0,◎-○軸 3着3〜4艇流し（10〜15点）,0.5777,"{'is_target': True, 'verdict': '点数絞り', 'max_combo_prob': 0.085, 'est_top_odds': 15.7, 'circle_concentration': 84.4, 'eligible_count': 8, 'bet_adj': 0, 'reason': 'rel_win1=47.6%（本命度） / 最有力組み合わせ確率: 0.085（推定実オッズ?16倍） / 2着集中度: 上位2艇 84.4%（補正+0.04） / 総合判定確率: 0.125 / → ヒモはやや固め。上位2艇以外を切ること', 'tenji_trigger': '展示確認: 1号艇伸び良→そのまま採用。悪→飛び組に差し替え。circle_pct上位2艇に絞り込むこと。'}",,,29.2,逃げ狙い,16.6,32.7,3,,,,,0,0,0.6155,0,,逃げ軸流し,A
2026-02-13,丸亀,4,2,野村　誠,B1,31.73,2,▲,19.3681,63.1,64,80.6,0.154,3.2239,,,0,低,122,0,-,255 23,0,60.3,0.7926,0,0.1034,0,0,0.0345,0.1174,0.3043,0.0348,,◎,C,△,,0.3585,0.594,,0.443,A,69,0,◎-○軸 3着3〜4艇流し（10〜15点）,0.5777,"{'is_target': True, 'verdict': '点数絞り', 'max_combo_prob': 0.085, 'est_top_odds': 15.7, 'circle_concentration': 84.4, 'eligible_count': 8, 'bet_adj': 0, 'reason': 'rel_win1=47.6%（本命度） / 最有力組み合わせ確率: 0.085（推定実オッズ?16倍） / 2着集中度: 上位2艇 84.4%（補正+0.04） / 総合判定確率: 0.125 / → ヒモはやや固め。上位2艇以外を切ること', 'tenji_trigger': '展示確認: 1号艇伸び良→そのまま採用。悪→飛び組に差し替え。circle_pct上位2艇に絞り込むこと。'}",,,29.2,逃げ狙い,16.6,32.7,3,,,,,,,,,,,
2026-02-13,丸亀,4,3,是澤孝宏,A2,40.00,3,○,20.951,21.3,100,66.1,0.164,3.2339,,,0,低,125,0,差ま0%,143422,0,65.2,1.3165,0,0,0.0323,0.0968,0.0645,0.1625,0.0125,0.0375,,,A,○,,0.2901,0.6235,,0.443,A,69,0,◎-○軸 3着3〜4艇流し（10〜15点）,0.5777,"{'is_target': True, 'verdict': '点数絞り', 'max_combo_prob': 0.085, 'est_top_odds': 15.7, 'circle_concentration': 84.4, 'eligible_count': 8, 'bet_adj': 0, 'reason': 'rel_win1=47.6%（本命度） / 最有力組み合わせ確率: 0.085（推定実オッズ?16倍） / 2着集中度: 上位2艇 84.4%（補正+0.04） / 総合判定確率: 0.125 / → ヒモはやや固め。上位2艇以外を切ること', 'tenji_trigger': '展示確認: 1号艇伸び良→そのまま採用。悪→飛び組に差し替え。circle_pct上位2艇に絞り込むこと。'}",,,29.2,逃げ狙い,16.6,32.7,3,,,,,,,,,,,
2026-02-13,丸亀,4,4,藤森拓海,B1,27.88,4,,6.1212,5.1,88,25,0.1923,4.2812,,,0,低,121,0,-,465 4,0,78.4,1.4374,0,0,0.04,0.04,0,0.4333,0.1067,0.4067,,,D,,,0.1889,0.5255,,0.443,A,69,0,◎-○軸 3着3〜4艇流し（10〜15点）,0.5777,"{'is_target': True, 'verdict': '点数絞り', 'max_combo_prob': 0.085, 'est_top_odds': 15.7, 'circle_concentration': 84.4, 'eligible_count': 8, 'bet_adj': 0, 'reason': 'rel_win1=47.6%（本命度） / 最有力組み合わせ確率: 0.085（推定実オッズ?16倍） / 2着集中度: 上位2艇 84.4%（補正+0.04） / 総合判定確率: 0.125 / → ヒモはやや固め。上位2艇以外を切ること', 'tenji_trigger': '展示確認: 1号艇伸び良→そのまま採用。悪→飛び組に差し替え。circle_pct上位2艇に絞り込むこと。'}",,,29.2,逃げ狙い,16.6,32.7,3,,,,,,,,,,,
2026-02-13,丸亀,4,5,田中　豪,A2,35.35,5,△,4.746,9.3,88,31.1,0.1687,3.6556,,,0,低,108,0,-,11342,0,51.3,1.0148,0,0,0,0.05,0,0.0429,0.1429,0.1571,,,B,△,,0.2885,0.574,,0.443,A,69,0,◎-○軸 3着3〜4艇流し（10〜15点）,0.5777,"{'is_target': True, 'verdict': '点数絞り', 'max_combo_prob': 0.085, 'est_top_odds': 15.7, 'circle_concentration': 84.4, 'eligible_count': 8, 'bet_adj': 0, 'reason': 'rel_win1=47.6%（本命度） / 最有力組み合わせ確率: 0.085（推定実オッズ?16倍） / 2着集中度: 上位2艇 84.4%（補正+0.04） / 総合判定確率: 0.125 / → ヒモはやや固め。上位2艇以外を切ること', 'tenji_trigger': '展示確認: 1号艇伸び良→そのまま採用。悪→飛び組に差し替え。circle_pct上位2艇に絞り込むこと。'}",,,29.2,逃げ狙い,16.6,32.7,3,,,,,,,,,,,
2026-02-13,丸亀,4,6,細川裕子,A1,22.99,6,,1.2619,1.2,77,30,0.1925,4.275,,,0,低,59,0,-,154221,0,30.5,1.2008,,,,,,0,0,0.0833,,,E,○,,0.2406,0.6235,,0.443,A,69,0,◎-○軸 3着3〜4艇流し（10〜15点）,0.5777,"{'is_target': True, 'verdict': '点数絞り', 'max_combo_prob': 0.085, 'est_top_odds': 15.7, 'circle_concentration': 84.4, 'eligible_count': 8, 'bet_adj': 0, 'reason': 'rel_win1=47.6%（本命度） / 最有力組み合わせ確率: 0.085（推定実オッズ?16倍） / 2着集中度: 上位2艇 84.4%（補正+0.04） / 総合判定確率: 0.125 / → ヒモはやや固め。上位2艇以外を切ること', 'tenji_trigger': '展示確認: 1号艇伸び良→そのまま採用。悪→飛び組に差し替え。circle_pct上位2艇に絞り込むこと。'}",,,29.2,逃げ狙い,16.6,32.7,3,,,,,,,,,,,
2026-02-13,丸亀,5,1,藤原孝斗,B1,30.91,1,◎,52.8315,,0,72.7,0.1716,3.1591,,,0,低,132,0,逃0%,6 434,0,70.8,0.9546,0.4583,,,,,0.05,0.4167,0.0333,○,,C,,,,0.5475,,0.4138,A,68,0,◎-○軸 3着3〜4艇流し（10〜15点）,0.5777,"{'is_target': True, 'verdict': '参加推奨', 'max_combo_prob': 0.0678, 'est_top_odds': 19.7, 'circle_concentration': 66.2, 'eligible_count': 8, 'bet_adj': 2, 'reason': 'rel_win1=52.8%（本命度） / 最有力組み合わせ確率: 0.068（推定実オッズ?20倍） / 2着集中度: 上位2艇 66.2%（補正+0.00） / 総合判定確率: 0.068 / → ヒモ分散。1号艇1着固定で広めのヒモ流し推奨（買い目+2点）', 'tenji_trigger': '展示確認: ヒモ分散レース。1号艇伸び確認後、広めのヒモ流しを採用。穴ヒモ（5・6号艇）を積極的に含める。'}",,,29.6,逃げ狙い,15.73,34.6,3,,,,,0,0,0.6155,0,,逃げ軸流し,A
2026-02-13,丸亀,5,2,新田智彰,B1,41.00,2,○,10.1488,31.8,100,61.9,0.1719,3.8333,,,0,低,135,0,-,515 13,0,83.8,0.8795,0,0.0645,0,0,0,0.0593,0.3437,0.1644,,,A,○,,0.318,0.625,,0.4138,A,68,0,◎-○軸 3着3〜4艇流し（10〜15点）,0.5777,"{'is_target': True, 'verdict': '参加推奨', 'max_combo_prob': 0.0678, 'est_top_odds': 19.7, 'circle_concentration': 66.2, 'eligible_count': 8, 'bet_adj': 2, 'reason': 'rel_win1=52.8%（本命度） / 最有力組み合わせ確率: 0.068（推定実オッズ?20倍） / 2着集中度: 上位2艇 66.2%（補正+0.00） / 総合判定確率: 0.068 / → ヒモ分散。1号艇1着固定で広めのヒモ流し推奨（買い目+2点）', 'tenji_trigger': '展示確認: ヒモ分散レース。1号艇伸び確認後、広めのヒモ流しを採用。穴ヒモ（5・6号艇）を積極的に含める。'}",,,29.6,逃げ狙い,15.73,34.6,3,,,,,,,,,,,
2026-02-13,丸亀,5,3,藤井　徹,B1,23.40,3,,8.3362,34.4,48,43.4,0.1723,3.8585,,,0,低,130,0,-,5 3535,0,62.2,1.2827,,,,,,0.2,0.36,0.18,,,D,△,,0.3493,0.6035,,0.4138,A,68,0,◎-○軸 3着3〜4艇流し（10〜15点）,0.5777,"{'is_target': True, 'verdict': '参加推奨', 'max_combo_prob': 0.0678, 'est_top_odds': 19.7, 'circle_concentration': 66.2, 'eligible_count': 8, 'bet_adj': 2, 'reason': 'rel_win1=52.8%（本命度） / 最有力組み合わせ確率: 0.068（推定実オッズ?20倍） / 2着集中度: 上位2艇 66.2%（補正+0.00） / 総合判定確率: 0.068 / → ヒモ分散。1号艇1着固定で広めのヒモ流し推奨（買い目+2点）', 'tenji_trigger': '展示確認: ヒモ分散レース。1号艇伸び確認後、広めのヒモ流しを採用。穴ヒモ（5・6号艇）を積極的に含める。'}",,,29.6,逃げ狙い,15.73,34.6,3,,,,,,,,,,,
2026-02-13,丸亀,5,4,荒木颯斗,A2,27.72,4,▲,17.1004,12.5,78,36.8,0.1495,2.8553,,,0,低,68,0,ま0% 差ま0%,33213,0,69.1,1.2111,0,0,0.0625,0.0625,0,0,0.08,0.19,,○,D,△,◎,0.4422,0.6105,0.2694,0.4138,A,68,0,◎-○軸 3着3〜4艇流し（10〜15点）,0.5777,"{'is_target': True, 'verdict': '参加推奨', 'max_combo_prob': 0.0678, 'est_top_odds': 19.7, 'circle_concentration': 66.2, 'eligible_count': 8, 'bet_adj': 2, 'reason': 'rel_win1=52.8%（本命度） / 最有力組み合わせ確率: 0.068（推定実オッズ?20倍） / 2着集中度: 上位2艇 66.2%（補正+0.00） / 総合判定確率: 0.068 / → ヒモ分散。1号艇1着固定で広めのヒモ流し推奨（買い目+2点）', 'tenji_trigger': '展示確認: ヒモ分散レース。1号艇伸び確認後、広めのヒモ流しを採用。穴ヒモ（5・6号艇）を積極的に含める。'}",,,29.6,逃げ狙い,15.73,34.6,3,,,,,,,,,,,
2026-02-13,丸亀,5,5,西野翔太,A2,22.34,5,,8.795,16.6,37,38,0.145,2.66,,,0,低,72,0,-,321 61,0,28.7,0.6255,0,0,0.0417,0.0833,0,0.1556,0.0918,0.0465,,◎,E,◎,,0.4426,0.6405,,0.4138,A,68,0,◎-○軸 3着3〜4艇流し（10〜15点）,0.5777,"{'is_target': True, 'verdict': '参加推奨', 'max_combo_prob': 0.0678, 'est_top_odds': 19.7, 'circle_concentration': 66.2, 'eligible_count': 8, 'bet_adj': 2, 'reason': 'rel_win1=52.8%（本命度） / 最有力組み合わせ確率: 0.068（推定実オッズ?20倍） / 2着集中度: 上位2艇 66.2%（補正+0.00） / 総合判定確率: 0.068 / → ヒモ分散。1号艇1着固定で広めのヒモ流し推奨（買い目+2点）', 'tenji_trigger': '展示確認: ヒモ分散レース。1号艇伸び確認後、広めのヒモ流しを採用。穴ヒモ（5・6号艇）を積極的に含める。'}",,,29.6,逃げ狙い,15.73,34.6,3,,,,,,,,,,,
2026-02-13,丸亀,5,6,西丸侑太,A1,34.65,6,△,2.7882,4.7,53,34.1,0.1627,4.0114,,,0,低,100,0,-,212214,0,35,1.4878,,,,,,0,0.1314,0.0429,,△,B,△,,0.4029,0.6105,,0.4138,A,68,0,◎-○軸 3着3〜4艇流し（10〜15点）,0.5777,"{'is_target': True, 'verdict': '参加推奨', 'max_combo_prob': 0.0678, 'est_top_odds': 19.7, 'circle_concentration': 66.2, 'eligible_count': 8, 'bet_adj': 2, 'reason': 'rel_win1=52.8%（本命度） / 最有力組み合わせ確率: 0.068（推定実オッズ?20倍） / 2着集中度: 上位2艇 66.2%（補正+0.00） / 総合判定確率: 0.068 / → ヒモ分散。1号艇1着固定で広めのヒモ流し推奨（買い目+2点）', 'tenji_trigger': '展示確認: ヒモ分散レース。1号艇伸び確認後、広めのヒモ流しを採用。穴ヒモ（5・6号艇）を積極的に含める。'}",,,29.6,逃げ狙い,15.73,34.6,3,,,,,,,,,,,
2026-02-13,丸亀,6,1,山田晃大,A2,35.85,1,◎,56.8429,,0,87.9,0.138,2.4242,,,0,低,63,0,逃0% 抜0%,2 3343,0,86.3,1.0909,0.5333,,,,,0.0089,0.1911,0.1822,◎,,C,○,,,0.655,,0.5977,S,81,0,◎1着固定 2-3着流し（5〜8点）,0.5777,"{'is_target': True, 'verdict': '点数絞り', 'max_combo_prob': 0.1148, 'est_top_odds': 11.6, 'circle_concentration': 81.3, 'eligible_count': 6, 'bet_adj': 0, 'reason': 'rel_win1=56.8%（本命度） / 最有力組み合わせ確率: 0.115（推定実オッズ?12倍） / 2着集中度: 上位2艇 81.3%（補正+0.04） / 総合判定確率: 0.155 / → ヒモはやや固め。上位2艇以外を切ること', 'tenji_trigger': '展示確認: 1号艇伸び良→そのまま採用。悪→飛び組に差し替え。circle_pct上位2艇に絞り込むこと。\n展示で1号艇スタート超安定(0.138秒)→ヒモ固まり方向に注意'}",,,28.9,逃げ狙い,20.99,28.2,2,,,,,0,0,0.7559,0,,逃げ軸流し,A
2026-02-13,丸亀,6,2,坂本雄紀,A2,30.77,2,△,19.8389,55.1,84,73.7,0.1605,3.1711,,,0,低,73,0,差0% ま0% 抜0%,122 S1,0,68.4,1.2555,0,0.1111,0.1111,0,0.0556,0.125,0.0417,0.0417,,,D,,,0.103,0.579,,0.5977,S,81,0,◎1着固定 2-3着流し（5〜8点）,0.5777,"{'is_target': True, 'verdict': '点数絞り', 'max_combo_prob': 0.1148, 'est_top_odds': 11.6, 'circle_concentration': 81.3, 'eligible_count': 6, 'bet_adj': 0, 'reason': 'rel_win1=56.8%（本命度） / 最有力組み合わせ確率: 0.115（推定実オッズ?12倍） / 2着集中度: 上位2艇 81.3%（補正+0.04） / 総合判定確率: 0.155 / → ヒモはやや固め。上位2艇以外を切ること', 'tenji_trigger': '展示確認: 1号艇伸び良→そのまま採用。悪→飛び組に差し替え。circle_pct上位2艇に絞り込むこと。\n展示で1号艇スタート超安定(0.138秒)→ヒモ固まり方向に注意'}",,,28.9,逃げ狙い,20.99,28.2,2,,,,,,,,,,,
2026-02-13,丸亀,6,3,土屋　蘭,B1,30.28,3,,10.4753,26.1,79,45.8,0.1546,3.625,,,0,低,122,0,差ま0%,434 64,0,40,0.9306,0,0,0,0.0833,0,0.2333,0.4,0,,,E,,,0.229,0.5455,,0.5977,S,81,0,◎1着固定 2-3着流し（5〜8点）,0.5777,"{'is_target': True, 'verdict': '点数絞り', 'max_combo_prob': 0.1148, 'est_top_odds': 11.6, 'circle_concentration': 81.3, 'eligible_count': 6, 'bet_adj': 0, 'reason': 'rel_win1=56.8%（本命度） / 最有力組み合わせ確率: 0.115（推定実オッズ?12倍） / 2着集中度: 上位2艇 81.3%（補正+0.04） / 総合判定確率: 0.155 / → ヒモはやや固め。上位2艇以外を切ること', 'tenji_trigger': '展示確認: 1号艇伸び良→そのまま採用。悪→飛び組に差し替え。circle_pct上位2艇に絞り込むこと。\n展示で1号艇スタート超安定(0.138秒)→ヒモ固まり方向に注意'}",,,28.9,逃げ狙い,20.99,28.2,2,,,,,,,,,,,
2026-02-13,丸亀,6,4,今泉　徹,B1,32.00,4,,4.4694,4.7,31,17.2,0.1672,3.4297,,,0,低,120,0,-,5 652,0,49.3,0.5579,,,,,,0.42,0.3,0.18,,,D,△,,0.2271,0.6375,,0.5977,S,81,0,◎1着固定 2-3着流し（5〜8点）,0.5777,"{'is_target': True, 'verdict': '点数絞り', 'max_combo_prob': 0.1148, 'est_top_odds': 11.6, 'circle_concentration': 81.3, 'eligible_count': 6, 'bet_adj': 0, 'reason': 'rel_win1=56.8%（本命度） / 最有力組み合わせ確率: 0.115（推定実オッズ?12倍） / 2着集中度: 上位2艇 81.3%（補正+0.04） / 総合判定確率: 0.155 / → ヒモはやや固め。上位2艇以外を切ること', 'tenji_trigger': '展示確認: 1号艇伸び良→そのまま採用。悪→飛び組に差し替え。circle_pct上位2艇に絞り込むこと。\n展示で1号艇スタート超安定(0.138秒)→ヒモ固まり方向に注意'}",,,28.9,逃げ狙い,20.99,28.2,2,,,,,,,,,,,
2026-02-13,丸亀,6,5,汐崎正則,B1,37.25,5,▲,2.8643,11.3,63,30.3,0.1652,3.1364,,,0,低,79,0,-,652 6,0,38.8,0.7867,,,,,,0.05,0.17,0.075,,,B,△,,0.2521,0.618,,0.5977,S,81,0,◎1着固定 2-3着流し（5〜8点）,0.5777,"{'is_target': True, 'verdict': '点数絞り', 'max_combo_prob': 0.1148, 'est_top_odds': 11.6, 'circle_concentration': 81.3, 'eligible_count': 6, 'bet_adj': 0, 'reason': 'rel_win1=56.8%（本命度） / 最有力組み合わせ確率: 0.115（推定実オッズ?12倍） / 2着集中度: 上位2艇 81.3%（補正+0.04） / 総合判定確率: 0.155 / → ヒモはやや固め。上位2艇以外を切ること', 'tenji_trigger': '展示確認: 1号艇伸び良→そのまま採用。悪→飛び組に差し替え。circle_pct上位2艇に絞り込むこと。\n展示で1号艇スタート超安定(0.138秒)→ヒモ固まり方向に注意'}",,,28.9,逃げ狙い,20.99,28.2,2,,,,,,,,,,,
2026-02-13,丸亀,6,6,片岡雅裕,A1,56.00,6,○,5.5092,2.7,100,72.2,0.1272,2.6389,,,0,低,5,0,-,123311,0,25.3,1.0039,,,,,,0.0286,0,0.3571,,,A,◎,,0.373,0.8292,,0.5977,S,81,0,◎1着固定 2-3着流し（5〜8点）,0.5777,"{'is_target': True, 'verdict': '点数絞り', 'max_combo_prob': 0.1148, 'est_top_odds': 11.6, 'circle_concentration': 81.3, 'eligible_count': 6, 'bet_adj': 0, 'reason': 'rel_win1=56.8%（本命度） / 最有力組み合わせ確率: 0.115（推定実オッズ?12倍） / 2着集中度: 上位2艇 81.3%（補正+0.04） / 総合判定確率: 0.155 / → ヒモはやや固め。上位2艇以外を切ること', 'tenji_trigger': '展示確認: 1号艇伸び良→そのまま採用。悪→飛び組に差し替え。circle_pct上位2艇に絞り込むこと。\n展示で1号艇スタート超安定(0.138秒)→ヒモ固まり方向に注意'}",,,28.9,逃げ狙い,20.99,28.2,2,,,,,,,,,,,
2026-02-13,丸亀,7,1,平石和男,A2,43.00,1,◎,63.7326,,0,92.1,0.1829,3.9831,,,0,低,226,0,-,444224,0,83.5,1.2674,0.4359,,,,,0.1058,0.1706,0.2354,△,,C,○,,,0.6275,,0.3238,S,88,0,◎1着固定 2-3着流し（5〜8点）,0.5777,"{'is_target': True, 'verdict': '参加推奨', 'max_combo_prob': 0.0884, 'est_top_odds': 15.1, 'circle_concentration': 65.2, 'eligible_count': 6, 'bet_adj': 2, 'reason': 'rel_win1=63.7%（本命度） / 最有力組み合わせ確率: 0.088（推定実オッズ?15倍） / 2着集中度: 上位2艇 65.2%（補正+0.00） / 総合判定確率: 0.088 / → ヒモ分散。1号艇1着固定で広めのヒモ流し推奨（買い目+2点）', 'tenji_trigger': '展示確認: ヒモ分散レース。1号艇伸び確認後、広めのヒモ流しを採用。穴ヒモ（5・6号艇）を積極的に含める。\n展示で1号艇スタート遅め(0.183秒)確認→ヒモが荒れやすい'}",,,28.4,逃げ狙い,12.13,34.3,3,6-1-2|1-3-2|1-3-6|1-2-3|1-2-6|1-4-3,3-1-5|5-1-2|3-5-1|3-1-2|3-2-1|5-2-1|6-1-2|1-3-2|1-3-6|1-2-3|1-2-6|1-4-3,6-1-2:1.63%|1-3-2:5.45%|1-3-6:5.39%|1-2-3:5.16%|1-2-6:4.95%|1-4-3:3.21%,6-1-2:B_main|1-3-2:A|1-3-6:A|1-2-3:A|1-2-6:A|1-4-3:A,6,12,0.4535,1,[!]見送り推奨（主役決まり手「まくり差し」― 逃げ劣勢レースで的中実績なし）,荒れ広め,D
2026-02-13,丸亀,7,2,重富伸也,B1,23.46,2,,9.7935,27,56,36.2,0.177,4.0532,,,0,低,124,0,-,265 31,0,71,1.5033,0,0.0625,0,0,0,0.0615,0,0.3231,,○,E,△,,0.3878,0.6085,,0.3238,S,88,0,◎1着固定 2-3着流し（5〜8点）,0.5777,"{'is_target': True, 'verdict': '参加推奨', 'max_combo_prob': 0.0884, 'est_top_odds': 15.1, 'circle_concentration': 65.2, 'eligible_count': 6, 'bet_adj': 2, 'reason': 'rel_win1=63.7%（本命度） / 最有力組み合わせ確率: 0.088（推定実オッズ?15倍） / 2着集中度: 上位2艇 65.2%（補正+0.00） / 総合判定確率: 0.088 / → ヒモ分散。1号艇1着固定で広めのヒモ流し推奨（買い目+2点）', 'tenji_trigger': '展示確認: ヒモ分散レース。1号艇伸び確認後、広めのヒモ流しを採用。穴ヒモ（5・6号艇）を積極的に含める。\n展示で1号艇スタート遅め(0.183秒)確認→ヒモが荒れやすい'}",,,28.4,逃げ狙い,12.13,34.3,3,,,,,,,,,,,
2026-02-13,丸亀,7,3,坂本一真,B1,46.08,3,▲,7.2187,38.1,63,25,0.1771,3.7083,,,0,低,111,0,-,6 462,0,100,0.5842,,,,,,0.4,0.1,0,,△,B,,,0.3631,0.532,,0.3238,S,88,0,◎1着固定 2-3着流し（5〜8点）,0.5777,"{'is_target': True, 'verdict': '参加推奨', 'max_combo_prob': 0.0884, 'est_top_odds': 15.1, 'circle_concentration': 65.2, 'eligible_count': 6, 'bet_adj': 2, 'reason': 'rel_win1=63.7%（本命度） / 最有力組み合わせ確率: 0.088（推定実オッズ?15倍） / 2着集中度: 上位2艇 65.2%（補正+0.00） / 総合判定確率: 0.088 / → ヒモ分散。1号艇1着固定で広めのヒモ流し推奨（買い目+2点）', 'tenji_trigger': '展示確認: ヒモ分散レース。1号艇伸び確認後、広めのヒモ流しを採用。穴ヒモ（5・6号艇）を積極的に含める。\n展示で1号艇スタート遅め(0.183秒)確認→ヒモが荒れやすい'}",,,28.4,逃げ狙い,12.13,34.3,3,,,,,,,,,,,
2026-02-13,丸亀,7,4,小林文彦,B1,46.46,4,△,8.9593,16,100,53.6,0.1945,4.587,,,0,低,166,0,差ま0%,3 234,0,36.7,0.9115,0,0,0.0294,0.0294,0,0.0143,0.2286,0.1143,,,B,△,,0.2616,0.5995,,0.3238,S,88,0,◎1着固定 2-3着流し（5〜8点）,0.5777,"{'is_target': True, 'verdict': '参加推奨', 'max_combo_prob': 0.0884, 'est_top_odds': 15.1, 'circle_concentration': 65.2, 'eligible_count': 6, 'bet_adj': 2, 'reason': 'rel_win1=63.7%（本命度） / 最有力組み合わせ確率: 0.088（推定実オッズ?15倍） / 2着集中度: 上位2艇 65.2%（補正+0.00） / 総合判定確率: 0.088 / → ヒモ分散。1号艇1着固定で広めのヒモ流し推奨（買い目+2点）', 'tenji_trigger': '展示確認: ヒモ分散レース。1号艇伸び確認後、広めのヒモ流しを採用。穴ヒモ（5・6号艇）を積極的に含める。\n展示で1号艇スタート遅め(0.183秒)確認→ヒモが荒れやすい'}",,,28.4,逃げ狙い,12.13,34.3,3,,,,,,,,,,,
2026-02-13,丸亀,7,5,河上年昭,B1,22.09,5,,3.789,12.2,48,24.2,0.181,3.6774,,,0,低,130,0,ま0%,655 3,0,35.8,0.7588,0,0,0.0385,0,0,0.2342,0.2553,0.0632,,,E,,,0.3179,0.541,,0.3238,S,88,0,◎1着固定 2-3着流し（5〜8点）,0.5777,"{'is_target': True, 'verdict': '参加推奨', 'max_combo_prob': 0.0884, 'est_top_odds': 15.1, 'circle_concentration': 65.2, 'eligible_count': 6, 'bet_adj': 2, 'reason': 'rel_win1=63.7%（本命度） / 最有力組み合わせ確率: 0.088（推定実オッズ?15倍） / 2着集中度: 上位2艇 65.2%（補正+0.00） / 総合判定確率: 0.088 / → ヒモ分散。1号艇1着固定で広めのヒモ流し推奨（買い目+2点）', 'tenji_trigger': '展示確認: ヒモ分散レース。1号艇伸び確認後、広めのヒモ流しを採用。穴ヒモ（5・6号艇）を積極的に含める。\n展示で1号艇スタート遅め(0.183秒)確認→ヒモが荒れやすい'}",,,28.4,逃げ狙い,12.13,34.3,3,,,,,,,,,,,
2026-02-13,丸亀,7,6,岡崎恭裕,A1,53.54,6,○,6.5069,6.6,71,62.5,0.1425,3.25,,,0,低,38,0,差ま0%,211133,0,28.7,2.5428,0,0,0,0.1,0,0.1962,0.0462,0,,◎,A,◎,,0.4536,0.665,,0.3238,S,88,0,◎1着固定 2-3着流し（5〜8点）,0.5777,"{'is_target': True, 'verdict': '参加推奨', 'max_combo_prob': 0.0884, 'est_top_odds': 15.1, 'circle_concentration': 65.2, 'eligible_count': 6, 'bet_adj': 2, 'reason': 'rel_win1=63.7%（本命度） / 最有力組み合わせ確率: 0.088（推定実オッズ?15倍） / 2着集中度: 上位2艇 65.2%（補正+0.00） / 総合判定確率: 0.088 / → ヒモ分散。1号艇1着固定で広めのヒモ流し推奨（買い目+2点）', 'tenji_trigger': '展示確認: ヒモ分散レース。1号艇伸び確認後、広めのヒモ流しを採用。穴ヒモ（5・6号艇）を積極的に含める。\n展示で1号艇スタート遅め(0.183秒)確認→ヒモが荒れやすい'}",,,28.4,逃げ狙い,12.13,34.3,3,,,,,,,,,,,
2026-02-13,丸亀,8,1,田村隆信,A1,27.55,1,◎,73.2841,,0,96.1,0.12,1.9608,,,0,低,42,0,逃1%,162451,0,85.9,1.0801,0.8846,,,,,0.1011,0.0154,0.0154,◎,,D,◎,,,0.657,,0.7785,S,92,0,◎1着固定 2-3着流し（5〜8点）,0.5777,"{'is_target': True, 'verdict': '点数絞り', 'max_combo_prob': 0.1355, 'est_top_odds': 9.8, 'circle_concentration': 70.2, 'eligible_count': 6, 'bet_adj': 0, 'reason': 'rel_win1=73.3%（本命度） / 最有力組み合わせ確率: 0.136（推定実オッズ?10倍） / 2着集中度: 上位2艇 70.2%（補正+0.04） / 総合判定確率: 0.176 / → ヒモはやや固め。上位2艇以外を切ること', 'tenji_trigger': '展示確認: 1号艇伸び良→そのまま採用。悪→飛び組に差し替え。circle_pct上位2艇に絞り込むこと。\n展示で1号艇スタート超安定(0.120秒)→ヒモ固まり方向に注意'}",,,25.5,逃げ狙い,14.93,23.7,2,,,,,0,0,0.7559,0,,逃げ軸流し,A
2026-02-13,丸亀,8,2,津田陸翔,A2,31.00,2,△,11.4444,39.1,100,62.2,0.1743,3.8784,,,0,低,80,0,差0% ま0%,43S36,0,46.7,1,0,0.0556,0.1111,0,0,0,0.0842,0.2421,,,C,△,,0.0685,0.6525,,0.7785,S,92,0,◎1着固定 2-3着流し（5〜8点）,0.5777,"{'is_target': True, 'verdict': '点数絞り', 'max_combo_prob': 0.1355, 'est_top_odds': 9.8, 'circle_concentration': 70.2, 'eligible_count': 6, 'bet_adj': 0, 'reason': 'rel_win1=73.3%（本命度） / 最有力組み合わせ確率: 0.136（推定実オッズ?10倍） / 2着集中度: 上位2艇 70.2%（補正+0.04） / 総合判定確率: 0.176 / → ヒモはやや固め。上位2艇以外を切ること', 'tenji_trigger': '展示確認: 1号艇伸び良→そのまま採用。悪→飛び組に差し替え。circle_pct上位2艇に絞り込むこと。\n展示で1号艇スタート超安定(0.120秒)→ヒモ固まり方向に注意'}",,,25.5,逃げ狙い,14.93,23.7,2,,,,,,,,,,,
2026-02-13,丸亀,8,3,山本景士,B1,33.65,3,▲,5.4052,31.2,37,45.9,0.1646,3.5,,,0,低,147,0,-,346 1,0,33.6,0.8248,,,,,,0.1091,0.2909,0.0182,,,C,△,,0.1365,0.6505,,0.7785,S,92,0,◎1着固定 2-3着流し（5〜8点）,0.5777,"{'is_target': True, 'verdict': '点数絞り', 'max_combo_prob': 0.1355, 'est_top_odds': 9.8, 'circle_concentration': 70.2, 'eligible_count': 6, 'bet_adj': 0, 'reason': 'rel_win1=73.3%（本命度） / 最有力組み合わせ確率: 0.136（推定実オッズ?10倍） / 2着集中度: 上位2艇 70.2%（補正+0.04） / 総合判定確率: 0.176 / → ヒモはやや固め。上位2艇以外を切ること', 'tenji_trigger': '展示確認: 1号艇伸び良→そのまま採用。悪→飛び組に差し替え。circle_pct上位2艇に絞り込むこと。\n展示で1号艇スタート超安定(0.120秒)→ヒモ固まり方向に注意'}",,,25.5,逃げ狙い,14.93,23.7,2,,,,,,,,,,,
2026-02-13,丸亀,8,4,刑部亜里,A2,36.70,4,○,6.4928,24.7,80,57.9,0.2063,4.75,,,0,低,94,0,ま0%,441622,0,46.5,1.086,0,0,0.0476,0,0,0.2248,0.0533,0.1124,,,B,,,0.1102,0.5895,,0.7785,S,92,0,◎1着固定 2-3着流し（5〜8点）,0.5777,"{'is_target': True, 'verdict': '点数絞り', 'max_combo_prob': 0.1355, 'est_top_odds': 9.8, 'circle_concentration': 70.2, 'eligible_count': 6, 'bet_adj': 0, 'reason': 'rel_win1=73.3%（本命度） / 最有力組み合わせ確率: 0.136（推定実オッズ?10倍） / 2着集中度: 上位2艇 70.2%（補正+0.04） / 総合判定確率: 0.176 / → ヒモはやや固め。上位2艇以外を切ること', 'tenji_trigger': '展示確認: 1号艇伸び良→そのまま採用。悪→飛び組に差し替え。circle_pct上位2艇に絞り込むこと。\n展示で1号艇スタート超安定(0.120秒)→ヒモ固まり方向に注意'}",,,25.5,逃げ狙い,14.93,23.7,2,,,,,,,,,,,
2026-02-13,丸亀,8,5,宮嵜隆太,B1,22.58,5,,2.3309,2.3,26,18.4,0.1255,2.6224,,,0,低,56,0,-,6 6 56,0,33.1,0.696,,,,,,0.2833,0.3667,0.0222,,,E,○,,0.2956,0.654,,0.7785,S,92,0,◎1着固定 2-3着流し（5〜8点）,0.5777,"{'is_target': True, 'verdict': '点数絞り', 'max_combo_prob': 0.1355, 'est_top_odds': 9.8, 'circle_concentration': 70.2, 'eligible_count': 6, 'bet_adj': 0, 'reason': 'rel_win1=73.3%（本命度） / 最有力組み合わせ確率: 0.136（推定実オッズ?10倍） / 2着集中度: 上位2艇 70.2%（補正+0.04） / 総合判定確率: 0.176 / → ヒモはやや固め。上位2艇以外を切ること', 'tenji_trigger': '展示確認: 1号艇伸び良→そのまま採用。悪→飛び組に差し替え。circle_pct上位2艇に絞り込むこと。\n展示で1号艇スタート超安定(0.120秒)→ヒモ固まり方向に注意'}",,,25.5,逃げ狙い,14.93,23.7,2,,,,,,,,,,,
2026-02-13,丸亀,8,6,佐藤右京,B1,36.36,6,,1.0427,2.8,26,6.2,0.2329,4.8021,,,0,低,134,0,-,4 255,0,22.2,0.8556,,,,,,0.0421,0.3263,0.2421,,,B,,,0.135,0.505,,0.7785,S,92,0,◎1着固定 2-3着流し（5〜8点）,0.5777,"{'is_target': True, 'verdict': '点数絞り', 'max_combo_prob': 0.1355, 'est_top_odds': 9.8, 'circle_concentration': 70.2, 'eligible_count': 6, 'bet_adj': 0, 'reason': 'rel_win1=73.3%（本命度） / 最有力組み合わせ確率: 0.136（推定実オッズ?10倍） / 2着集中度: 上位2艇 70.2%（補正+0.04） / 総合判定確率: 0.176 / → ヒモはやや固め。上位2艇以外を切ること', 'tenji_trigger': '展示確認: 1号艇伸び良→そのまま採用。悪→飛び組に差し替え。circle_pct上位2艇に絞り込むこと。\n展示で1号艇スタート超安定(0.120秒)→ヒモ固まり方向に注意'}",,,25.5,逃げ狙い,14.93,23.7,2,,,,,,,,,,,
2026-02-13,丸亀,9,1,西丸侑太,A1,34.65,1,◎,59.2782,,0,87.5,0.15,3.125,,,0,低,100,0,逃1%,212214,0,86.5,1.096,0.6786,,,,,0,0.1314,0.0429,◎,,C,△,,,0.6105,,0.5412,S,88,0,◎1着固定 2-3着流し（5〜8点）,0.5777,"{'is_target': True, 'verdict': '点数絞り', 'max_combo_prob': 0.0899, 'est_top_odds': 14.8, 'circle_concentration': 77.1, 'eligible_count': 6, 'bet_adj': 0, 'reason': 'rel_win1=59.3%（本命度） / 最有力組み合わせ確率: 0.090（推定実オッズ?15倍） / 2着集中度: 上位2艇 77.1%（補正+0.04） / 総合判定確率: 0.130 / → ヒモはやや固め。上位2艇以外を切ること', 'tenji_trigger': '展示確認: 1号艇伸び良→そのまま採用。悪→飛び組に差し替え。circle_pct上位2艇に絞り込むこと。'}",,,27.5,逃げ狙い,19.95,24.9,4,,,,,0,0,0.7559,0,,逃げ軸流し,A
2026-02-13,丸亀,9,2,田中　豪,A2,35.35,2,○,13.6334,46.6,60,67.4,0.1824,3.8804,,,0,低,108,0,-,11342,0,19.5,0.6453,0,0.1429,0.0476,0,0,0.0429,0.1429,0.1571,,,B,,,0.08,0.574,,0.5412,S,88,0,◎1着固定 2-3着流し（5〜8点）,0.5777,"{'is_target': True, 'verdict': '点数絞り', 'max_combo_prob': 0.0899, 'est_top_odds': 14.8, 'circle_concentration': 77.1, 'eligible_count': 6, 'bet_adj': 0, 'reason': 'rel_win1=59.3%（本命度） / 最有力組み合わせ確率: 0.090（推定実オッズ?15倍） / 2着集中度: 上位2艇 77.1%（補正+0.04） / 総合判定確率: 0.130 / → ヒモはやや固め。上位2艇以外を切ること', 'tenji_trigger': '展示確認: 1号艇伸び良→そのまま採用。悪→飛び組に差し替え。circle_pct上位2艇に絞り込むこと。'}",,,27.5,逃げ狙い,19.95,24.9,4,,,,,,,,,,,
2026-02-13,丸亀,9,3,荒木颯斗,A2,27.72,3,△,12.7975,15.1,100,60,0.164,3.4,,,0,低,68,0,ま0% 差ま0%,33213,0,57.8,1.1875,0,0,0.1538,0.0769,0,0,0.08,0.19,,,D,△,,0.2429,0.6105,,0.5412,S,88,0,◎1着固定 2-3着流し（5〜8点）,0.5777,"{'is_target': True, 'verdict': '点数絞り', 'max_combo_prob': 0.0899, 'est_top_odds': 14.8, 'circle_concentration': 77.1, 'eligible_count': 6, 'bet_adj': 0, 'reason': 'rel_win1=59.3%（本命度） / 最有力組み合わせ確率: 0.090（推定実オッズ?15倍） / 2着集中度: 上位2艇 77.1%（補正+0.04） / 総合判定確率: 0.130 / → ヒモはやや固め。上位2艇以外を切ること', 'tenji_trigger': '展示確認: 1号艇伸び良→そのまま採用。悪→飛び組に差し替え。circle_pct上位2艇に絞り込むこと。'}",,,27.5,逃げ狙い,19.95,24.9,4,,,,,,,,,,,
2026-02-13,丸亀,9,4,三嶌誠司,A1,22.22,4,,8.0641,30.6,78,71.4,0.149,2.9405,,,0,低,84,0,-,132254,0,56.2,0.8155,0,0,0,0,0.1,0.1235,0.1643,0.0959,,,E,◎,◎,0.3135,0.669,0.4429,0.5412,S,88,0,◎1着固定 2-3着流し（5〜8点）,0.5777,"{'is_target': True, 'verdict': '点数絞り', 'max_combo_prob': 0.0899, 'est_top_odds': 14.8, 'circle_concentration': 77.1, 'eligible_count': 6, 'bet_adj': 0, 'reason': 'rel_win1=59.3%（本命度） / 最有力組み合わせ確率: 0.090（推定実オッズ?15倍） / 2着集中度: 上位2艇 77.1%（補正+0.04） / 総合判定確率: 0.130 / → ヒモはやや固め。上位2艇以外を切ること', 'tenji_trigger': '展示確認: 1号艇伸び良→そのまま採用。悪→飛び組に差し替え。circle_pct上位2艇に絞り込むこと。'}",,,27.5,逃げ狙い,19.95,24.9,4,,,,,,,,,,,
2026-02-13,丸亀,9,5,松下知幸,B1,29.27,5,,4.4763,4.4,65,23.1,0.1932,4.1987,,,0,低,152,0,-,1 5425,0,60.8,1.1626,0,0.0278,0.0278,0,0,0.2152,0.1581,0.1962,,,D,△,,0.1423,0.5965,,0.5412,S,88,0,◎1着固定 2-3着流し（5〜8点）,0.5777,"{'is_target': True, 'verdict': '点数絞り', 'max_combo_prob': 0.0899, 'est_top_odds': 14.8, 'circle_concentration': 77.1, 'eligible_count': 6, 'bet_adj': 0, 'reason': 'rel_win1=59.3%（本命度） / 最有力組み合わせ確率: 0.090（推定実オッズ?15倍） / 2着集中度: 上位2艇 77.1%（補正+0.04） / 総合判定確率: 0.130 / → ヒモはやや固め。上位2艇以外を切ること', 'tenji_trigger': '展示確認: 1号艇伸び良→そのまま採用。悪→飛び組に差し替え。circle_pct上位2艇に絞り込むこと。'}",,,27.5,逃げ狙い,19.95,24.9,4,,,,,,,,,,,
2026-02-13,丸亀,9,6,加藤奈月,B1,39.18,6,▲,1.7506,3.4,64,27.8,0.2039,4.9722,,,0,低,68,0,-,331 53,0,40.4,1.1703,,,,,,0,0.2591,0.1455,,,B,○,,0.1423,0.627,,0.5412,S,88,0,◎1着固定 2-3着流し（5〜8点）,0.5777,"{'is_target': True, 'verdict': '点数絞り', 'max_combo_prob': 0.0899, 'est_top_odds': 14.8, 'circle_concentration': 77.1, 'eligible_count': 6, 'bet_adj': 0, 'reason': 'rel_win1=59.3%（本命度） / 最有力組み合わせ確率: 0.090（推定実オッズ?15倍） / 2着集中度: 上位2艇 77.1%（補正+0.04） / 総合判定確率: 0.130 / → ヒモはやや固め。上位2艇以外を切ること', 'tenji_trigger': '展示確認: 1号艇伸び良→そのまま採用。悪→飛び組に差し替え。circle_pct上位2艇に絞り込むこと。'}",,,27.5,逃げ狙い,19.95,24.9,4,,,,,,,,,,,
2026-02-13,丸亀,10,1,片岡雅裕,A1,56.00,1,◎,62.6663,,0,93.1,0.129,2.5172,,,0,低,5,0,逃1%,123311,0,83.4,1.0191,0.7857,,,,,0.0286,0,0.3571,◎,,A,◎,,,0.8292,,0.6201,S,100,0,◎1着固定 2-3着流し（5〜8点）,0.5777,"{'is_target': True, 'verdict': '参加推奨', 'max_combo_prob': 0.0831, 'est_top_odds': 16.0, 'circle_concentration': 69.5, 'eligible_count': 6, 'bet_adj': 2, 'reason': 'rel_win1=62.7%（本命度） / 最有力組み合わせ確率: 0.083（推定実オッズ?16倍） / 2着集中度: 上位2艇 69.5%（補正+0.00） / 総合判定確率: 0.083 / → ヒモ分散。1号艇1着固定で広めのヒモ流し推奨（買い目+2点）', 'tenji_trigger': '展示確認: ヒモ分散レース。1号艇伸び確認後、広めのヒモ流しを採用。穴ヒモ（5・6号艇）を積極的に含める。\n展示で1号艇スタート超安定(0.129秒)→ヒモ固まり方向に注意'}",,,28,逃げ狙い,21.06,25.4,3,,,,,0,0,0.7559,0,,逃げ軸流し,A
2026-02-13,丸亀,10,2,松村康太,A2,33.00,2,,8.0357,32.5,100,77.5,0.1856,4.2606,,,0,低,166,0,-,2 1332,0,26.5,0.8928,0,0.0303,0.0303,0,0.0303,0.22,0.1756,0.2689,,,D,,,0.0554,0.6195,,0.6201,S,100,0,◎1着固定 2-3着流し（5〜8点）,0.5777,"{'is_target': True, 'verdict': '参加推奨', 'max_combo_prob': 0.0831, 'est_top_odds': 16.0, 'circle_concentration': 69.5, 'eligible_count': 6, 'bet_adj': 2, 'reason': 'rel_win1=62.7%（本命度） / 最有力組み合わせ確率: 0.083（推定実オッズ?16倍） / 2着集中度: 上位2艇 69.5%（補正+0.00） / 総合判定確率: 0.083 / → ヒモ分散。1号艇1着固定で広めのヒモ流し推奨（買い目+2点）', 'tenji_trigger': '展示確認: ヒモ分散レース。1号艇伸び確認後、広めのヒモ流しを採用。穴ヒモ（5・6号艇）を積極的に含める。\n展示で1号艇スタート超安定(0.129秒)→ヒモ固まり方向に注意'}",,,28,逃げ狙い,21.06,25.4,3,,,,,,,,,,,
2026-02-13,丸亀,10,3,高橋竜矢,A1,24.42,3,○,14.9565,37,72,90.3,0.121,2.4839,,,0,低,31,0,-,244115,0,39.7,0.8787,0,0.0556,0.0556,0.0556,0.0556,0,0.0417,0.0833,,,E,○,,0.3359,0.6585,,0.6201,S,100,0,◎1着固定 2-3着流し（5〜8点）,0.5777,"{'is_target': True, 'verdict': '参加推奨', 'max_combo_prob': 0.0831, 'est_top_odds': 16.0, 'circle_concentration': 69.5, 'eligible_count': 6, 'bet_adj': 2, 'reason': 'rel_win1=62.7%（本命度） / 最有力組み合わせ確率: 0.083（推定実オッズ?16倍） / 2着集中度: 上位2艇 69.5%（補正+0.00） / 総合判定確率: 0.083 / → ヒモ分散。1号艇1着固定で広めのヒモ流し推奨（買い目+2点）', 'tenji_trigger': '展示確認: ヒモ分散レース。1号艇伸び確認後、広めのヒモ流しを採用。穴ヒモ（5・6号艇）を積極的に含める。\n展示で1号艇スタート超安定(0.129秒)→ヒモ固まり方向に注意'}",,,28,逃げ狙い,21.06,25.4,3,,,,,,,,,,,
2026-02-13,丸亀,10,4,是澤孝宏,A2,40.00,4,▲,7.6684,22.5,68,61.2,0.1606,3.2857,,,0,低,125,0,-,143422,0,68.7,1.217,0,0,0,0,0.05,0.1625,0.0125,0.0375,,,C,,◎,0.1893,0.6235,0.3988,0.6201,S,100,0,◎1着固定 2-3着流し（5〜8点）,0.5777,"{'is_target': True, 'verdict': '参加推奨', 'max_combo_prob': 0.0831, 'est_top_odds': 16.0, 'circle_concentration': 69.5, 'eligible_count': 6, 'bet_adj': 2, 'reason': 'rel_win1=62.7%（本命度） / 最有力組み合わせ確率: 0.083（推定実オッズ?16倍） / 2着集中度: 上位2艇 69.5%（補正+0.00） / 総合判定確率: 0.083 / → ヒモ分散。1号艇1着固定で広めのヒモ流し推奨（買い目+2点）', 'tenji_trigger': '展示確認: ヒモ分散レース。1号艇伸び確認後、広めのヒモ流しを採用。穴ヒモ（5・6号艇）を積極的に含める。\n展示で1号艇スタート超安定(0.129秒)→ヒモ固まり方向に注意'}",,,28,逃げ狙い,21.06,25.4,3,,,,,,,,,,,
2026-02-13,丸亀,10,5,新田智彰,B1,41.00,5,△,2.8595,5.2,60,30.8,0.1797,3.8769,,,0,低,135,0,-,515 13,0,52.5,1.0245,,,,,,0.0593,0.3437,0.1644,,,C,△,,0.1487,0.625,,0.6201,S,100,0,◎1着固定 2-3着流し（5〜8点）,0.5777,"{'is_target': True, 'verdict': '参加推奨', 'max_combo_prob': 0.0831, 'est_top_odds': 16.0, 'circle_concentration': 69.5, 'eligible_count': 6, 'bet_adj': 2, 'reason': 'rel_win1=62.7%（本命度） / 最有力組み合わせ確率: 0.083（推定実オッズ?16倍） / 2着集中度: 上位2艇 69.5%（補正+0.00） / 総合判定確率: 0.083 / → ヒモ分散。1号艇1着固定で広めのヒモ流し推奨（買い目+2点）', 'tenji_trigger': '展示確認: ヒモ分散レース。1号艇伸び確認後、広めのヒモ流しを採用。穴ヒモ（5・6号艇）を積極的に含める。\n展示で1号艇スタート超安定(0.129秒)→ヒモ固まり方向に注意'}",,,28,逃げ狙い,21.06,25.4,3,,,,,,,,,,,
2026-02-13,丸亀,10,6,平石和男,A2,43.00,6,,3.8136,2.8,51,40.7,0.2173,5.1864,,,0,低,226,0,-,444224,0,28,1.1272,0,0,0,0.0385,0,0.1058,0.1706,0.2354,,,B,△,,0.105,0.6275,,0.6201,S,100,0,◎1着固定 2-3着流し（5〜8点）,0.5777,"{'is_target': True, 'verdict': '参加推奨', 'max_combo_prob': 0.0831, 'est_top_odds': 16.0, 'circle_concentration': 69.5, 'eligible_count': 6, 'bet_adj': 2, 'reason': 'rel_win1=62.7%（本命度） / 最有力組み合わせ確率: 0.083（推定実オッズ?16倍） / 2着集中度: 上位2艇 69.5%（補正+0.00） / 総合判定確率: 0.083 / → ヒモ分散。1号艇1着固定で広めのヒモ流し推奨（買い目+2点）', 'tenji_trigger': '展示確認: ヒモ分散レース。1号艇伸び確認後、広めのヒモ流しを採用。穴ヒモ（5・6号艇）を積極的に含める。\n展示で1号艇スタート超安定(0.129秒)→ヒモ固まり方向に注意'}",,,28,逃げ狙い,21.06,25.4,3,,,,,,,,,,,
2026-02-13,丸亀,11,1,岡崎恭裕,A1,53.54,1,◎,59.635,,0,93.3,0.127,2.2,,,0,低,38,0,逃1%,211133,0,90.5,1.1935,0.6538,,,,,0.1962,0.0462,0,◎,,A,◎,,,0.665,,0.6969,S,92,0,◎1着固定 2-3着流し（5〜8点）,0.5777,"{'is_target': True, 'verdict': '点数絞り', 'max_combo_prob': 0.0828, 'est_top_odds': 16.1, 'circle_concentration': 70.2, 'eligible_count': 6, 'bet_adj': 0, 'reason': 'rel_win1=59.6%（本命度） / 最有力組み合わせ確率: 0.083（推定実オッズ?16倍） / 2着集中度: 上位2艇 70.2%（補正+0.04） / 総合判定確率: 0.123 / → ヒモはやや固め。上位2艇以外を切ること', 'tenji_trigger': '展示確認: 1号艇伸び良→そのまま採用。悪→飛び組に差し替え。circle_pct上位2艇に絞り込むこと。\n展示で1号艇スタート超安定(0.127秒)→ヒモ固まり方向に注意'}",,,28.8,逃げ狙い,21.07,27.8,2,,,,,0,0,0.7559,0,,逃げ軸流し,A
2026-02-13,丸亀,11,2,西野翔太,A2,22.34,2,,16.5937,48.2,88,73.9,0.1395,3,,,0,低,72,0,-,321 61,0,37.9,0.9584,0,0.1562,0.0625,0,0,0.1556,0.0918,0.0465,,,E,△,,0.2081,0.6405,,0.6969,S,92,0,◎1着固定 2-3着流し（5〜8点）,0.5777,"{'is_target': True, 'verdict': '点数絞り', 'max_combo_prob': 0.0828, 'est_top_odds': 16.1, 'circle_concentration': 70.2, 'eligible_count': 6, 'bet_adj': 0, 'reason': 'rel_win1=59.6%（本命度） / 最有力組み合わせ確率: 0.083（推定実オッズ?16倍） / 2着集中度: 上位2艇 70.2%（補正+0.04） / 総合判定確率: 0.123 / → ヒモはやや固め。上位2艇以外を切ること', 'tenji_trigger': '展示確認: 1号艇伸び良→そのまま採用。悪→飛び組に差し替え。circle_pct上位2艇に絞り込むこと。\n展示で1号艇スタート超安定(0.127秒)→ヒモ固まり方向に注意'}",,,28.8,逃げ狙い,21.07,27.8,2,,,,,,,,,,,
2026-02-13,丸亀,11,3,細川裕子,A1,22.99,3,,7.3637,22,89,61.5,0.1785,3.5385,,,0,低,59,1,ま0%,154221,0,36.8,1.0369,0,0,0.1111,0,0,0,0,0.0833,,,D,,,0.1241,0.6235,,0.6969,S,92,0,◎1着固定 2-3着流し（5〜8点）,0.5777,"{'is_target': True, 'verdict': '点数絞り', 'max_combo_prob': 0.0828, 'est_top_odds': 16.1, 'circle_concentration': 70.2, 'eligible_count': 6, 'bet_adj': 0, 'reason': 'rel_win1=59.6%（本命度） / 最有力組み合わせ確率: 0.083（推定実オッズ?16倍） / 2着集中度: 上位2艇 70.2%（補正+0.04） / 総合判定確率: 0.123 / → ヒモはやや固め。上位2艇以外を切ること', 'tenji_trigger': '展示確認: 1号艇伸び良→そのまま採用。悪→飛び組に差し替え。circle_pct上位2艇に絞り込むこと。\n展示で1号艇スタート超安定(0.127秒)→ヒモ固まり方向に注意'}",,,28.8,逃げ狙い,21.07,27.8,2,,,,,,,,,,,
2026-02-13,丸亀,11,4,田村隆信,A1,27.55,4,△,9.7887,12.1,100,55.9,0.1456,3.1618,,,0,低,42,0,-,162451,0,27,0.7811,0,0.0769,0.1538,0.1538,0,0.1011,0.0154,0.0154,,,D,○,◎,0.2558,0.657,0.3773,0.6969,S,92,0,◎1着固定 2-3着流し（5〜8点）,0.5777,"{'is_target': True, 'verdict': '点数絞り', 'max_combo_prob': 0.0828, 'est_top_odds': 16.1, 'circle_concentration': 70.2, 'eligible_count': 6, 'bet_adj': 0, 'reason': 'rel_win1=59.6%（本命度） / 最有力組み合わせ確率: 0.083（推定実オッズ?16倍） / 2着集中度: 上位2艇 70.2%（補正+0.04） / 総合判定確率: 0.123 / → ヒモはやや固め。上位2艇以外を切ること', 'tenji_trigger': '展示確認: 1号艇伸び良→そのまま採用。悪→飛び組に差し替え。circle_pct上位2艇に絞り込むこと。\n展示で1号艇スタート超安定(0.127秒)→ヒモ固まり方向に注意'}",,,28.8,逃げ狙い,21.07,27.8,2,,,,,,,,,,,
2026-02-13,丸亀,11,5,坂本雄紀,A2,30.77,5,○,4.4306,10.4,86,45.6,0.1378,2.7391,,,0,低,73,0,差ま0% 抜0%,122 S1,0,63.8,1.2621,0,0,0,0.0476,0.0476,0.125,0.0417,0.0417,,,C,,,0.2454,0.579,,0.6969,S,92,0,◎1着固定 2-3着流し（5〜8点）,0.5777,"{'is_target': True, 'verdict': '点数絞り', 'max_combo_prob': 0.0828, 'est_top_odds': 16.1, 'circle_concentration': 70.2, 'eligible_count': 6, 'bet_adj': 0, 'reason': 'rel_win1=59.6%（本命度） / 最有力組み合わせ確率: 0.083（推定実オッズ?16倍） / 2着集中度: 上位2艇 70.2%（補正+0.04） / 総合判定確率: 0.123 / → ヒモはやや固め。上位2艇以外を切ること', 'tenji_trigger': '展示確認: 1号艇伸び良→そのまま採用。悪→飛び組に差し替え。circle_pct上位2艇に絞り込むこと。\n展示で1号艇スタート超安定(0.127秒)→ヒモ固まり方向に注意'}",,,28.8,逃げ狙い,21.07,27.8,2,,,,,,,,,,,
2026-02-13,丸亀,11,6,山田晃大,A2,35.85,6,▲,2.1884,7.3,72,35.2,0.1535,3.0463,,,0,低,63,0,-,2 3343,0,33.6,0.9514,,,,,,0.0089,0.1911,0.1822,,,B,△,,0.2292,0.655,,0.6969,S,92,0,◎1着固定 2-3着流し（5〜8点）,0.5777,"{'is_target': True, 'verdict': '点数絞り', 'max_combo_prob': 0.0828, 'est_top_odds': 16.1, 'circle_concentration': 70.2, 'eligible_count': 6, 'bet_adj': 0, 'reason': 'rel_win1=59.6%（本命度） / 最有力組み合わせ確率: 0.083（推定実オッズ?16倍） / 2着集中度: 上位2艇 70.2%（補正+0.04） / 総合判定確率: 0.123 / → ヒモはやや固め。上位2艇以外を切ること', 'tenji_trigger': '展示確認: 1号艇伸び良→そのまま採用。悪→飛び組に差し替え。circle_pct上位2艇に絞り込むこと。\n展示で1号艇スタート超安定(0.127秒)→ヒモ固まり方向に注意'}",,,28.8,逃げ狙い,21.07,27.8,2,,,,,,,,,,,
2026-02-13,丸亀,12,1,小林文彦,B1,46.46,1,◎,68.3446,,0,84.3,0.1716,3.6667,,,0,低,166,0,逃1%,3 234,0,79.7,0.9607,0.4643,,,,,0.0143,0.2286,0.1143,○,,A,△,,,0.5995,,0.424,A,72,0,◎-○軸 3着3〜4艇流し（10〜15点）,0.5777,"{'is_target': True, 'verdict': '点数絞り', 'max_combo_prob': 0.1038, 'est_top_odds': 12.8, 'circle_concentration': 81.3, 'eligible_count': 8, 'bet_adj': 0, 'reason': 'rel_win1=68.3%（本命度） / 最有力組み合わせ確率: 0.104（推定実オッズ?13倍） / 2着集中度: 上位2艇 81.3%（補正+0.04） / 総合判定確率: 0.144 / → ヒモはやや固め。上位2艇以外を切ること', 'tenji_trigger': '展示確認: 1号艇伸び良→そのまま採用。悪→飛び組に差し替え。circle_pct上位2艇に絞り込むこと。'}",,,28.6,逃げ狙い,17.25,30.4,2,,,,,0,0,0.6155,0,,逃げ軸流し,A
2026-02-13,丸亀,12,2,汐崎正則,B1,37.25,2,△,8.9851,37.7,81,51.2,0.1783,3.6585,,,0,低,79,0,ま0%,652 6,0,36.7,0.8469,0,0,0.0455,0,0,0.05,0.17,0.075,,,B,○,,0.2402,0.618,,0.424,A,72,0,◎-○軸 3着3〜4艇流し（10〜15点）,0.5777,"{'is_target': True, 'verdict': '点数絞り', 'max_combo_prob': 0.1038, 'est_top_odds': 12.8, 'circle_concentration': 81.3, 'eligible_count': 8, 'bet_adj': 0, 'reason': 'rel_win1=68.3%（本命度） / 最有力組み合わせ確率: 0.104（推定実オッズ?13倍） / 2着集中度: 上位2艇 81.3%（補正+0.04） / 総合判定確率: 0.144 / → ヒモはやや固め。上位2艇以外を切ること', 'tenji_trigger': '展示確認: 1号艇伸び良→そのまま採用。悪→飛び組に差し替え。circle_pct上位2艇に絞り込むこと。'}",,,28.6,逃げ狙い,17.25,30.4,2,,,,,,,,,,,
2026-02-13,丸亀,12,3,津田陸翔,A2,31.00,3,▲,10.9182,43.6,88,66.7,0.16,3.4412,,,0,低,80,0,差0% ま0% 差ま0%,43S36,0,66,1.1996,0,0.0714,0.0714,0.0714,0,0,0.0842,0.2421,,○,D,◎,,0.3817,0.6525,,0.424,A,72,0,◎-○軸 3着3〜4艇流し（10〜15点）,0.5777,"{'is_target': True, 'verdict': '点数絞り', 'max_combo_prob': 0.1038, 'est_top_odds': 12.8, 'circle_concentration': 81.3, 'eligible_count': 8, 'bet_adj': 0, 'reason': 'rel_win1=68.3%（本命度） / 最有力組み合わせ確率: 0.104（推定実オッズ?13倍） / 2着集中度: 上位2艇 81.3%（補正+0.04） / 総合判定確率: 0.144 / → ヒモはやや固め。上位2艇以外を切ること', 'tenji_trigger': '展示確認: 1号艇伸び良→そのまま採用。悪→飛び組に差し替え。circle_pct上位2艇に絞り込むこと。'}",,,28.6,逃げ狙い,17.25,30.4,2,,,,,,,,,,,
2026-02-13,丸亀,12,4,藤原孝斗,B1,30.91,4,,5.0575,8.2,89,23.2,0.1695,3.75,,,0,低,132,0,-,6 434,0,72.7,0.5502,,,,,,0.05,0.4167,0.0333,,,D,,,0.3539,0.5475,,0.424,A,72,0,◎-○軸 3着3〜4艇流し（10〜15点）,0.5777,"{'is_target': True, 'verdict': '点数絞り', 'max_combo_prob': 0.1038, 'est_top_odds': 12.8, 'circle_concentration': 81.3, 'eligible_count': 8, 'bet_adj': 0, 'reason': 'rel_win1=68.3%（本命度） / 最有力組み合わせ確率: 0.104（推定実オッズ?13倍） / 2着集中度: 上位2艇 81.3%（補正+0.04） / 総合判定確率: 0.144 / → ヒモはやや固め。上位2艇以外を切ること', 'tenji_trigger': '展示確認: 1号艇伸び良→そのまま採用。悪→飛び組に差し替え。circle_pct上位2艇に絞り込むこと。'}",,,28.6,逃げ狙い,17.25,30.4,2,,,,,,,,,,,
2026-02-13,丸亀,12,5,山本浩次,B1,35.78,5,○,4.8694,8.5,100,34.9,0.1547,3.2558,,,0,低,84,0,-,4 164,0,25.7,0.5805,,,,,,0.23,0.2033,0,,,C,△,,0.3981,0.5845,,0.424,A,72,0,◎-○軸 3着3〜4艇流し（10〜15点）,0.5777,"{'is_target': True, 'verdict': '点数絞り', 'max_combo_prob': 0.1038, 'est_top_odds': 12.8, 'circle_concentration': 81.3, 'eligible_count': 8, 'bet_adj': 0, 'reason': 'rel_win1=68.3%（本命度） / 最有力組み合わせ確率: 0.104（推定実オッズ?13倍） / 2着集中度: 上位2艇 81.3%（補正+0.04） / 総合判定確率: 0.144 / → ヒモはやや固め。上位2艇以外を切ること', 'tenji_trigger': '展示確認: 1号艇伸び良→そのまま採用。悪→飛び組に差し替え。circle_pct上位2艇に絞り込むこと。'}",,,28.6,逃げ狙い,17.25,30.4,2,,,,,,,,,,,
2026-02-13,丸亀,12,6,藤森拓海,B1,27.88,6,,1.8251,2,17,5.3,0.1839,4.0533,,,0,低,121,0,-,465 4,0,25.1,1.2286,,,,,,0.4333,0.1067,0.4067,,,E,,,0.3051,0.5255,,0.424,A,72,0,◎-○軸 3着3〜4艇流し（10〜15点）,0.5777,"{'is_target': True, 'verdict': '点数絞り', 'max_combo_prob': 0.1038, 'est_top_odds': 12.8, 'circle_concentration': 81.3, 'eligible_count': 8, 'bet_adj': 0, 'reason': 'rel_win1=68.3%（本命度） / 最有力組み合わせ確率: 0.104（推定実オッズ?13倍） / 2着集中度: 上位2艇 81.3%（補正+0.04） / 総合判定確率: 0.144 / → ヒモはやや固め。上位2艇以外を切ること', 'tenji_trigger': '展示確認: 1号艇伸び良→そのまま採用。悪→飛び組に差し替え。circle_pct上位2艇に絞り込むこと。'}",,,28.6,逃げ狙い,17.25,30.4,2,,,,,,,,,,,
2026-02-14,丸亀,1,1,加藤奈月,B1,39.18,1,◎,56.8555,,0,45,0.192,3.8,,,0,低,68,0,逃0%,331 53,0,26.3,0.5797,0.0909,,,,,0,0.2591,0.1455,,,A,○,,,0.627,,0.1387,B,45,0,◎○△フォーメーション（15〜20点）,0.5777,"{'is_target': True, 'verdict': '点数絞り', 'max_combo_prob': 0.0852, 'est_top_odds': 15.7, 'circle_concentration': 73.7, 'eligible_count': 9, 'bet_adj': 0, 'reason': 'rel_win1=56.9%（本命度） / 最有力組み合わせ確率: 0.085（推定実オッズ?16倍） / 2着集中度: 上位2艇 73.7%（補正+0.04） / 総合判定確率: 0.125 / → ヒモはやや固め。上位2艇以外を切ること', 'tenji_trigger': '展示確認: 1号艇伸び良→そのまま採用。悪→飛び組に差し替え。circle_pct上位2艇に絞り込むこと。\n展示で1号艇スタート遅め(0.192秒)確認→ヒモが荒れやすい'}",,,33.1,両建て推奨,13.41,32.2,4,3-1-5|3-1-4|3-4-1|3-1-6|3-5-1|3-4-5|3-5-4|1-3-5|1-3-4|1-2-3,3-1-5|3-1-4|3-4-1|3-1-6|3-5-1|3-4-5|3-5-4|4-1-5|1-3-5|1-3-4|5-1-6|1-2-3,3-1-5:2.67%|3-1-4:2.6%|3-4-1:0.98%|3-1-6:0.73%|3-5-1:0.59%|3-4-5:0.43%|3-5-4:0.25%|1-3-5:4.77%|1-3-4:3.96%|1-2-3:3.65%,3-1-5:B_main|3-1-4:B_main|3-4-1:B_main|3-1-6:B_main|3-5-1:B_main|3-4-5:B_main|3-5-4:B_main|1-3-5:A|1-3-4:A|1-2-3:A,10,12,0.2915,1,[!]見送り推奨（主役決まり手「まくり差し」― 逃げ劣勢レースで的中実績なし）,主役軸流し,B
2026-02-14,丸亀,1,2,森　弘行,B1,26.00,2,▲,11.6815,28,74,38.9,0.1928,4.1667,,,0,低,123,0,差0% 抜0%,5 3 35,0,19.5,0.6767,0,0.0357,0,0,0.0357,0.4263,0.1474,0.1921,,,C,,,0.2983,0.5765,,0.1387,B,45,0,◎○△フォーメーション（15〜20点）,0.5777,"{'is_target': True, 'verdict': '点数絞り', 'max_combo_prob': 0.0852, 'est_top_odds': 15.7, 'circle_concentration': 73.7, 'eligible_count': 9, 'bet_adj': 0, 'reason': 'rel_win1=56.9%（本命度） / 最有力組み合わせ確率: 0.085（推定実オッズ?16倍） / 2着集中度: 上位2艇 73.7%（補正+0.04） / 総合判定確率: 0.125 / → ヒモはやや固め。上位2艇以外を切ること', 'tenji_trigger': '展示確認: 1号艇伸び良→そのまま採用。悪→飛び組に差し替え。circle_pct上位2艇に絞り込むこと。\n展示で1号艇スタート遅め(0.192秒)確認→ヒモが荒れやすい'}",,,33.1,両建て推奨,13.41,32.2,4,,,,,,,,,,,
2026-02-14,丸亀,1,3,汐崎正則,B1,37.25,3,○,13.7497,45.8,100,60,0.1425,3.125,,,0,低,79,0,-,652 6,0,85.1,1.865,0,0.0455,0.0455,0.0909,0,0.05,0.17,0.075,,◎,B,△,,0.4987,0.618,,0.1387,B,45,0,◎○△フォーメーション（15〜20点）,0.5777,"{'is_target': True, 'verdict': '点数絞り', 'max_combo_prob': 0.0852, 'est_top_odds': 15.7, 'circle_concentration': 73.7, 'eligible_count': 9, 'bet_adj': 0, 'reason': 'rel_win1=56.9%（本命度） / 最有力組み合わせ確率: 0.085（推定実オッズ?16倍） / 2着集中度: 上位2艇 73.7%（補正+0.04） / 総合判定確率: 0.125 / → ヒモはやや固め。上位2艇以外を切ること', 'tenji_trigger': '展示確認: 1号艇伸び良→そのまま採用。悪→飛び組に差し替え。circle_pct上位2艇に絞り込むこと。\n展示で1号艇スタート遅め(0.192秒)確認→ヒモが荒れやすい'}",,,33.1,両建て推奨,13.41,32.2,4,,,,,,,,,,,
2026-02-14,丸亀,1,4,河上年昭,B1,22.09,4,,11.6239,9.2,67,34,0.1708,3.3019,,,0,低,130,0,-,655 3,0,42.8,0.9347,,,,,,0.2342,0.2553,0.0632,,△,E,,,0.433,0.541,,0.1387,B,45,0,◎○△フォーメーション（15〜20点）,0.5777,"{'is_target': True, 'verdict': '点数絞り', 'max_combo_prob': 0.0852, 'est_top_odds': 15.7, 'circle_concentration': 73.7, 'eligible_count': 9, 'bet_adj': 0, 'reason': 'rel_win1=56.9%（本命度） / 最有力組み合わせ確率: 0.085（推定実オッズ?16倍） / 2着集中度: 上位2艇 73.7%（補正+0.04） / 総合判定確率: 0.125 / → ヒモはやや固め。上位2艇以外を切ること', 'tenji_trigger': '展示確認: 1号艇伸び良→そのまま採用。悪→飛び組に差し替え。circle_pct上位2艇に絞り込むこと。\n展示で1号艇スタート遅め(0.192秒)確認→ヒモが荒れやすい'}",,,33.1,両建て推奨,13.41,32.2,4,,,,,,,,,,,
2026-02-14,丸亀,1,5,近藤稔也,B1,25.71,5,,3.2521,16,67,31.1,0.1813,3.7541,,,0,低,180,0,-,3 5444,0,100,2.1845,,,,,,0.368,0.32,0.064,,,D,△,,0.3829,0.609,,0.1387,B,45,0,◎○△フォーメーション（15〜20点）,0.5777,"{'is_target': True, 'verdict': '点数絞り', 'max_combo_prob': 0.0852, 'est_top_odds': 15.7, 'circle_concentration': 73.7, 'eligible_count': 9, 'bet_adj': 0, 'reason': 'rel_win1=56.9%（本命度） / 最有力組み合わせ確率: 0.085（推定実オッズ?16倍） / 2着集中度: 上位2艇 73.7%（補正+0.04） / 総合判定確率: 0.125 / → ヒモはやや固め。上位2艇以外を切ること', 'tenji_trigger': '展示確認: 1号艇伸び良→そのまま採用。悪→飛び組に差し替え。circle_pct上位2艇に絞り込むこと。\n展示で1号艇スタート遅め(0.192秒)確認→ヒモが荒れやすい'}",,,33.1,両建て推奨,13.41,32.2,4,,,,,,,,,,,
2026-02-14,丸亀,1,6,宮嵜隆太,B1,22.58,6,△,2.8372,1.1,18,11.1,0.1124,2,,,0,低,56,0,差ま0%,6 6 56,0,32.5,0.7664,0,0,0,0.0455,0,0.2833,0.3667,0.0222,,○,D,◎,,0.4957,0.654,,0.1387,B,45,0,◎○△フォーメーション（15〜20点）,0.5777,"{'is_target': True, 'verdict': '点数絞り', 'max_combo_prob': 0.0852, 'est_top_odds': 15.7, 'circle_concentration': 73.7, 'eligible_count': 9, 'bet_adj': 0, 'reason': 'rel_win1=56.9%（本命度） / 最有力組み合わせ確率: 0.085（推定実オッズ?16倍） / 2着集中度: 上位2艇 73.7%（補正+0.04） / 総合判定確率: 0.125 / → ヒモはやや固め。上位2艇以外を切ること', 'tenji_trigger': '展示確認: 1号艇伸び良→そのまま採用。悪→飛び組に差し替え。circle_pct上位2艇に絞り込むこと。\n展示で1号艇スタート遅め(0.192秒)確認→ヒモが荒れやすい'}",,,33.1,両建て推奨,13.41,32.2,4,,,,,,,,,,,
2026-02-14,丸亀,2,1,藤森拓海,B1,27.88,1,◎,46.8761,,0,43.8,0.1894,3.5312,,,0,低,121,0,逃0%,465 4,0,25.3,0.6334,0.0667,,,,,0.4333,0.1067,0.4067,△⚠️,,D,,,,0.5255,,0.2313,D,34,1,大荒れ。見送り推奨,0.5777,"{'is_target': True, 'verdict': '点数絞り', 'max_combo_prob': 0.083, 'est_top_odds': 16.1, 'circle_concentration': 79.2, 'eligible_count': 6, 'bet_adj': 0, 'reason': 'rel_win1=46.9%（本命度） / 最有力組み合わせ確率: 0.083（推定実オッズ?16倍） / 2着集中度: 上位2艇 79.2%（補正+0.04） / 総合判定確率: 0.123 / → ヒモはやや固め。上位2艇以外を切ること', 'tenji_trigger': '展示確認: 1号艇伸び良→そのまま採用。悪→飛び組に差し替え。circle_pct上位2艇に絞り込むこと。\n展示で1号艇スタート遅め(0.189秒)確認→ヒモが荒れやすい'}",,,34.4,両建て推奨,18.65,45.8,3,2-1-3|2-1-4|2-1-5|2-3-1|2-5-1|2-5-3|2-3-4|1-2-5|1-2-4|1-2-3|1-3-5|1-3-4,2-1-3|2-1-4|2-1-5|2-3-1|2-5-1|2-5-3|2-3-4|1-2-5|1-2-4|1-2-3|1-3-5|1-3-4,2-1-3:1.82%|2-1-4:1.13%|2-1-5:1.09%|2-3-1:0.54%|2-5-1:0.34%|2-5-3:0.29%|2-3-4:0.29%|1-2-5:7.38%|1-2-4:6.41%|1-2-3:6.01%|1-3-5:5.17%|1-3-4:4.49%,2-1-3:B_main|2-1-4:B_main|2-1-5:B_main|2-3-1:B_main|2-5-1:B_main|2-5-3:B_main|2-3-4:B_main|1-2-5:A|1-2-4:A|1-2-3:A|1-3-5:A|1-3-4:A,12,12,0.4535,1,[!]見送り推奨（主役決まり手「差し」― 逃げ劣勢レースで的中実績なし）,主役軸流し,B
2026-02-14,丸亀,2,2,妻鳥晋也,B1,25.81,2,,16.7191,51.4,55,58.3,0.1983,4.725,,,0,低,151,0,差0%,551 16,0,63,1.4797,0,0.12,0,0,0,0.25,0.21,0.23,,,E,△,,0.3032,0.601,,0.2313,D,34,1,大荒れ。見送り推奨,0.5777,"{'is_target': True, 'verdict': '点数絞り', 'max_combo_prob': 0.083, 'est_top_odds': 16.1, 'circle_concentration': 79.2, 'eligible_count': 6, 'bet_adj': 0, 'reason': 'rel_win1=46.9%（本命度） / 最有力組み合わせ確率: 0.083（推定実オッズ?16倍） / 2着集中度: 上位2艇 79.2%（補正+0.04） / 総合判定確率: 0.123 / → ヒモはやや固め。上位2艇以外を切ること', 'tenji_trigger': '展示確認: 1号艇伸び良→そのまま採用。悪→飛び組に差し替え。circle_pct上位2艇に絞り込むこと。\n展示で1号艇スタート遅め(0.189秒)確認→ヒモが荒れやすい'}",,,34.4,両建て推奨,18.65,45.8,3,,,,,,,,,,,
2026-02-14,丸亀,2,3,小林文彦,B1,46.46,3,○,17.0837,27.9,100,63.3,0.1902,3.949,,,0,低,166,0,-,3 234,0,25.3,0.9315,0,0,0,0,0.05,0.0143,0.2286,0.1143,,,A,△,,0.3417,0.5995,,0.2313,D,34,1,大荒れ。見送り推奨,0.5777,"{'is_target': True, 'verdict': '点数絞り', 'max_combo_prob': 0.083, 'est_top_odds': 16.1, 'circle_concentration': 79.2, 'eligible_count': 6, 'bet_adj': 0, 'reason': 'rel_win1=46.9%（本命度） / 最有力組み合わせ確率: 0.083（推定実オッズ?16倍） / 2着集中度: 上位2艇 79.2%（補正+0.04） / 総合判定確率: 0.123 / → ヒモはやや固め。上位2艇以外を切ること', 'tenji_trigger': '展示確認: 1号艇伸び良→そのまま採用。悪→飛び組に差し替え。circle_pct上位2艇に絞り込むこと。\n展示で1号艇スタート遅め(0.189秒)確認→ヒモが荒れやすい'}",,,34.4,両建て推奨,18.65,45.8,3,,,,,,,,,,,
2026-02-14,丸亀,2,4,山本景士,B1,33.65,4,△,9.8863,15.8,88,42.6,0.1807,4.1667,,,0,低,147,0,-,346 1,0,38.9,0.9806,,,,,,0.1091,0.2909,0.0182,,,D,◎,,0.3598,0.6505,,0.2313,D,34,1,大荒れ。見送り推奨,0.5777,"{'is_target': True, 'verdict': '点数絞り', 'max_combo_prob': 0.083, 'est_top_odds': 16.1, 'circle_concentration': 79.2, 'eligible_count': 6, 'bet_adj': 0, 'reason': 'rel_win1=46.9%（本命度） / 最有力組み合わせ確率: 0.083（推定実オッズ?16倍） / 2着集中度: 上位2艇 79.2%（補正+0.04） / 総合判定確率: 0.123 / → ヒモはやや固め。上位2艇以外を切ること', 'tenji_trigger': '展示確認: 1号艇伸び良→そのまま採用。悪→飛び組に差し替え。circle_pct上位2艇に絞り込むこと。\n展示で1号艇スタート遅め(0.189秒)確認→ヒモが荒れやすい'}",,,34.4,両建て推奨,18.65,45.8,3,,,,,,,,,,,
2026-02-14,丸亀,2,5,石田政吾,B1,40.00,5,▲,7.9807,4.7,84,32.7,0.1749,3.6818,,,0,低,126,0,-,261 66,0,98.9,1.939,0,0,0.0357,0.0357,0.0357,0.0615,0.2123,0.1662,,,C,○,,0.3457,0.6375,,0.2313,D,34,1,大荒れ。見送り推奨,0.5777,"{'is_target': True, 'verdict': '点数絞り', 'max_combo_prob': 0.083, 'est_top_odds': 16.1, 'circle_concentration': 79.2, 'eligible_count': 6, 'bet_adj': 0, 'reason': 'rel_win1=46.9%（本命度） / 最有力組み合わせ確率: 0.083（推定実オッズ?16倍） / 2着集中度: 上位2艇 79.2%（補正+0.04） / 総合判定確率: 0.123 / → ヒモはやや固め。上位2艇以外を切ること', 'tenji_trigger': '展示確認: 1号艇伸び良→そのまま採用。悪→飛び組に差し替え。circle_pct上位2艇に絞り込むこと。\n展示で1号艇スタート遅め(0.189秒)確認→ヒモが荒れやすい'}",,,34.4,両建て推奨,18.65,45.8,3,,,,,,,,,,,
2026-02-14,丸亀,2,6,坂本一真,B1,46.08,6,,1.4541,0.3,18,2.5,0.1918,4.0625,,,0,低,111,0,-,6 462,0,26.8,0.7622,,,,,,0.4,0.1,0,,,B,,,0.3217,0.532,,0.2313,D,34,1,大荒れ。見送り推奨,0.5777,"{'is_target': True, 'verdict': '点数絞り', 'max_combo_prob': 0.083, 'est_top_odds': 16.1, 'circle_concentration': 79.2, 'eligible_count': 6, 'bet_adj': 0, 'reason': 'rel_win1=46.9%（本命度） / 最有力組み合わせ確率: 0.083（推定実オッズ?16倍） / 2着集中度: 上位2艇 79.2%（補正+0.04） / 総合判定確率: 0.123 / → ヒモはやや固め。上位2艇以外を切ること', 'tenji_trigger': '展示確認: 1号艇伸び良→そのまま採用。悪→飛び組に差し替え。circle_pct上位2艇に絞り込むこと。\n展示で1号艇スタート遅め(0.189秒)確認→ヒモが荒れやすい'}",,,34.4,両建て推奨,18.65,45.8,3,,,,,,,,,,,
2026-02-14,丸亀,3,1,伊藤　栞,B1,24.73,1,◎,56.1383,,0,0,0.2514,5.5,,,0,低,55,1,-,6 6645,0,31.7,0.5681,,,,,,0,0.5,0.5,,,E,,,,0.5045,,-0.084,D,0,1,大荒れ。見送り推奨,0.5777,"{'is_target': True, 'verdict': '参加推奨', 'max_combo_prob': 0.0745, 'est_top_odds': 17.9, 'circle_concentration': 61.4, 'eligible_count': 6, 'bet_adj': 2, 'reason': 'rel_win1=56.1%（本命度） / 最有力組み合わせ確率: 0.074（推定実オッズ?18倍） / 2着集中度: 上位2艇 61.4%（補正+0.00） / 総合判定確率: 0.074 / → ヒモ分散。1号艇1着固定で広めのヒモ流し推奨（買い目+2点）', 'tenji_trigger': '展示確認: ヒモ分散レース。1号艇伸び確認後、広めのヒモ流しを採用。穴ヒモ（5・6号艇）を積極的に含める。\n展示で1号艇スタート遅め(0.251秒)確認→ヒモが荒れやすい'}",,,36.4,両建て推奨,12.45,42.6,2,2-3-4|2-3-5|2-4-3|2-4-5|2-3-6|2-5-4|2-5-3|2-1-4|2-1-5|1-2-3|1-2-5|2-1-3,2-3-4|2-3-5|2-4-3|2-4-5|2-3-6|2-5-4|2-5-3|2-1-4|2-1-5|1-2-3|1-2-5|2-1-3,2-3-4:2.47%|2-3-5:1.99%|2-4-3:1.28%|2-4-5:1.11%|2-3-6:1.1%|2-5-4:0.72%|2-5-3:0.67%|2-1-4:6.98%|2-1-5:6.4%|1-2-3:4.57%|1-2-5:4.36%|2-1-3:4.32%,2-3-4:B_main|2-3-5:B_main|2-4-3:B_main|2-4-5:B_main|2-3-6:B_main|2-5-4:B_main|2-5-3:B_main|2-1-4:B_sc|2-1-5:B_sc|1-2-3:A|1-2-5:A|2-1-3:B_sc,12,12,0.2915,1,[!]見送り推奨（主役決まり手「まくり」― 逃げ劣勢レースで的中実績なし）,主役軸流し,B
2026-02-14,丸亀,3,2,今泉　徹,B1,32.00,2,△,10.58,32,87,41.8,0.1696,3.7727,,,0,低,120,0,ま0%,5 652,0,35.2,0.716,0,0,0.0385,0,0,0.42,0.3,0.18,,◎,C,◎,,0.5538,0.6375,,-0.084,D,0,1,大荒れ。見送り推奨,0.5777,"{'is_target': True, 'verdict': '参加推奨', 'max_combo_prob': 0.0745, 'est_top_odds': 17.9, 'circle_concentration': 61.4, 'eligible_count': 6, 'bet_adj': 2, 'reason': 'rel_win1=56.1%（本命度） / 最有力組み合わせ確率: 0.074（推定実オッズ?18倍） / 2着集中度: 上位2艇 61.4%（補正+0.00） / 総合判定確率: 0.074 / → ヒモ分散。1号艇1着固定で広めのヒモ流し推奨（買い目+2点）', 'tenji_trigger': '展示確認: ヒモ分散レース。1号艇伸び確認後、広めのヒモ流しを採用。穴ヒモ（5・6号艇）を積極的に含める。\n展示で1号艇スタート遅め(0.251秒)確認→ヒモが荒れやすい'}",,,36.4,両建て推奨,12.45,42.6,2,,,,,,,,,,,
2026-02-14,丸亀,3,3,新田智彰,B1,41.00,3,○,15.9637,29.5,100,53.4,0.1726,3.2603,,,0,低,135,0,-,515 13,0,67,1.234,0,0,0,0.0938,0,0.0593,0.3437,0.1644,,△,A,○,,0.4761,0.625,,-0.084,D,0,1,大荒れ。見送り推奨,0.5777,"{'is_target': True, 'verdict': '参加推奨', 'max_combo_prob': 0.0745, 'est_top_odds': 17.9, 'circle_concentration': 61.4, 'eligible_count': 6, 'bet_adj': 2, 'reason': 'rel_win1=56.1%（本命度） / 最有力組み合わせ確率: 0.074（推定実オッズ?18倍） / 2着集中度: 上位2艇 61.4%（補正+0.00） / 総合判定確率: 0.074 / → ヒモ分散。1号艇1着固定で広めのヒモ流し推奨（買い目+2点）', 'tenji_trigger': '展示確認: ヒモ分散レース。1号艇伸び確認後、広めのヒモ流しを採用。穴ヒモ（5・6号艇）を積極的に含める。\n展示で1号艇スタート遅め(0.251秒)確認→ヒモが荒れやすい'}",,,36.4,両建て推奨,12.45,42.6,2,,,,,,,,,,,
2026-02-14,丸亀,3,4,山本浩次,B1,35.78,4,▲,11.4022,10.8,53,28.9,0.1656,3.1,,,0,低,84,0,ま0% 差ま0%,4 164,0,59.2,0.9694,0,0,0.0476,0.0476,0,0.23,0.2033,0,,,C,△,,0.4647,0.5845,,-0.084,D,0,1,大荒れ。見送り推奨,0.5777,"{'is_target': True, 'verdict': '参加推奨', 'max_combo_prob': 0.0745, 'est_top_odds': 17.9, 'circle_concentration': 61.4, 'eligible_count': 6, 'bet_adj': 2, 'reason': 'rel_win1=56.1%（本命度） / 最有力組み合わせ確率: 0.074（推定実オッズ?18倍） / 2着集中度: 上位2艇 61.4%（補正+0.00） / 総合判定確率: 0.074 / → ヒモ分散。1号艇1着固定で広めのヒモ流し推奨（買い目+2点）', 'tenji_trigger': '展示確認: ヒモ分散レース。1号艇伸び確認後、広めのヒモ流しを採用。穴ヒモ（5・6号艇）を積極的に含める。\n展示で1号艇スタート遅め(0.251秒)確認→ヒモが荒れやすい'}",,,36.4,両建て推奨,12.45,42.6,2,,,,,,,,,,,
2026-02-14,丸亀,3,5,刑部亜里,A2,36.70,5,,4.5117,25.7,67,48.6,0.1826,4.0571,,,0,低,94,0,-,441622,0,80.6,1.261,,,,,,0.2248,0.0533,0.1124,,○,B,△,,0.4877,0.5895,,-0.084,D,0,1,大荒れ。見送り推奨,0.5777,"{'is_target': True, 'verdict': '参加推奨', 'max_combo_prob': 0.0745, 'est_top_odds': 17.9, 'circle_concentration': 61.4, 'eligible_count': 6, 'bet_adj': 2, 'reason': 'rel_win1=56.1%（本命度） / 最有力組み合わせ確率: 0.074（推定実オッズ?18倍） / 2着集中度: 上位2艇 61.4%（補正+0.00） / 総合判定確率: 0.074 / → ヒモ分散。1号艇1着固定で広めのヒモ流し推奨（買い目+2点）', 'tenji_trigger': '展示確認: ヒモ分散レース。1号艇伸び確認後、広めのヒモ流しを採用。穴ヒモ（5・6号艇）を積極的に含める。\n展示で1号艇スタート遅め(0.251秒)確認→ヒモが荒れやすい'}",,,36.4,両建て推奨,12.45,42.6,2,,,,,,,,,,,
2026-02-14,丸亀,3,6,土屋　蘭,B1,30.28,6,,1.4042,2.1,21,7.9,0.2253,4.8947,,,0,低,122,0,-,434 64,0,24,0.5572,,,,,,0.2333,0.4,0,,,D,,,0.3931,0.5455,,-0.084,D,0,1,大荒れ。見送り推奨,0.5777,"{'is_target': True, 'verdict': '参加推奨', 'max_combo_prob': 0.0745, 'est_top_odds': 17.9, 'circle_concentration': 61.4, 'eligible_count': 6, 'bet_adj': 2, 'reason': 'rel_win1=56.1%（本命度） / 最有力組み合わせ確率: 0.074（推定実オッズ?18倍） / 2着集中度: 上位2艇 61.4%（補正+0.00） / 総合判定確率: 0.074 / → ヒモ分散。1号艇1着固定で広めのヒモ流し推奨（買い目+2点）', 'tenji_trigger': '展示確認: ヒモ分散レース。1号艇伸び確認後、広めのヒモ流しを採用。穴ヒモ（5・6号艇）を積極的に含める。\n展示で1号艇スタート遅め(0.251秒)確認→ヒモが荒れやすい'}",,,36.4,両建て推奨,12.45,42.6,2,,,,,,,,,,,
2026-02-14,丸亀,4,1,佐藤右京,B1,36.36,1,◎,56.921,,0,56,0.2012,3.8,,,0,低,134,0,逃0%,4 255,0,61,0.7981,0.3158,,,,,0.0421,0.3263,0.2421,,,B,,,,0.505,,0.194,B,53,0,◎○△フォーメーション（15〜20点）,0.5777,"{'is_target': True, 'verdict': '参加推奨', 'max_combo_prob': 0.0719, 'est_top_odds': 18.5, 'circle_concentration': 60.0, 'eligible_count': 9, 'bet_adj': 2, 'reason': 'rel_win1=56.9%（本命度） / 最有力組み合わせ確率: 0.072（推定実オッズ?18倍） / 2着集中度: 上位2艇 60.0%（補正+0.00） / 総合判定確率: 0.072 / → ヒモ分散。1号艇1着固定で広めのヒモ流し推奨（買い目+2点）', 'tenji_trigger': '展示確認: ヒモ分散レース。1号艇伸び確認後、広めのヒモ流しを採用。穴ヒモ（5・6号艇）を積極的に含める。\n展示で1号艇スタート遅め(0.201秒)確認→ヒモが荒れやすい'}",,,33.9,両建て推奨,10.89,36.8,3,2-1-3|2-1-5|2-1-4|2-3-1|2-5-1|2-5-3|2-3-5|1-2-5|1-3-2|1-2-3|1-5-2,2-1-3|2-1-5|2-1-4|2-3-1|2-5-1|2-5-3|2-3-5|1-2-5|1-3-2|1-2-3|6-1-3|1-5-2,2-1-3:2.95%|2-1-5:2.06%|2-1-4:1.38%|2-3-1:0.93%|2-5-1:0.69%|2-5-3:0.34%|2-3-5:0.31%|1-2-5:4.56%|1-3-2:4.11%|1-2-3:4.05%|1-5-2:3.71%,2-1-3:B_main|2-1-5:B_main|2-1-4:B_main|2-3-1:B_main|2-5-1:B_main|2-5-3:B_main|2-3-5:B_main|1-2-5:A|1-3-2:A|1-2-3:A|1-5-2:A,11,12,0.2915,1,[!]見送り推奨（主役決まり手「差し」― 逃げ劣勢レースで的中実績なし）,主役軸流し,B
2026-02-14,丸亀,4,2,松下知幸,B1,29.27,2,△,14.2133,33.4,100,48,0.1509,3.1753,,,0,低,152,0,差0%,1 5425,0,76.4,1.1441,0,0.0909,0.0303,0,0,0.2152,0.1581,0.1962,,◎,C,△,,0.5745,0.5965,,0.194,B,53,0,◎○△フォーメーション（15〜20点）,0.5777,"{'is_target': True, 'verdict': '参加推奨', 'max_combo_prob': 0.0719, 'est_top_odds': 18.5, 'circle_concentration': 60.0, 'eligible_count': 9, 'bet_adj': 2, 'reason': 'rel_win1=56.9%（本命度） / 最有力組み合わせ確率: 0.072（推定実オッズ?18倍） / 2着集中度: 上位2艇 60.0%（補正+0.00） / 総合判定確率: 0.072 / → ヒモ分散。1号艇1着固定で広めのヒモ流し推奨（買い目+2点）', 'tenji_trigger': '展示確認: ヒモ分散レース。1号艇伸び確認後、広めのヒモ流しを採用。穴ヒモ（5・6号艇）を積極的に含める。\n展示で1号艇スタート遅め(0.201秒)確認→ヒモが荒れやすい'}",,,33.9,両建て推奨,10.89,36.8,3,,,,,,,,,,,
2026-02-14,丸亀,4,3,藤原孝斗,B1,30.91,3,▲,17.3502,26.7,55,35.4,0.165,3.0833,,,0,低,132,0,差ま0% 抜0%,6 434,0,57.2,0.9969,0,0,0,0.04,0.08,0.05,0.4167,0.0333,,△,C,,,0.49,0.5475,,0.194,B,53,0,◎○△フォーメーション（15〜20点）,0.5777,"{'is_target': True, 'verdict': '参加推奨', 'max_combo_prob': 0.0719, 'est_top_odds': 18.5, 'circle_concentration': 60.0, 'eligible_count': 9, 'bet_adj': 2, 'reason': 'rel_win1=56.9%（本命度） / 最有力組み合わせ確率: 0.072（推定実オッズ?18倍） / 2着集中度: 上位2艇 60.0%（補正+0.00） / 総合判定確率: 0.072 / → ヒモ分散。1号艇1着固定で広めのヒモ流し推奨（買い目+2点）', 'tenji_trigger': '展示確認: ヒモ分散レース。1号艇伸び確認後、広めのヒモ流しを採用。穴ヒモ（5・6号艇）を積極的に含める。\n展示で1号艇スタート遅め(0.201秒)確認→ヒモが荒れやすい'}",,,33.9,両建て推奨,10.89,36.8,3,,,,,,,,,,,
2026-02-14,丸亀,4,4,藤井　徹,B1,23.40,4,,5.5662,13.3,75,25,0.2058,4.25,,,0,低,130,0,-,5 3535,0,16.3,0.5685,,,,,,0.2,0.36,0.18,,,D,○,,0.3446,0.6035,,0.194,B,53,0,◎○△フォーメーション（15〜20点）,0.5777,"{'is_target': True, 'verdict': '参加推奨', 'max_combo_prob': 0.0719, 'est_top_odds': 18.5, 'circle_concentration': 60.0, 'eligible_count': 9, 'bet_adj': 2, 'reason': 'rel_win1=56.9%（本命度） / 最有力組み合わせ確率: 0.072（推定実オッズ?18倍） / 2着集中度: 上位2艇 60.0%（補正+0.00） / 総合判定確率: 0.072 / → ヒモ分散。1号艇1着固定で広めのヒモ流し推奨（買い目+2点）', 'tenji_trigger': '展示確認: ヒモ分散レース。1号艇伸び確認後、広めのヒモ流しを採用。穴ヒモ（5・6号艇）を積極的に含める。\n展示で1号艇スタート遅め(0.201秒)確認→ヒモが荒れやすい'}",,,33.9,両建て推奨,10.89,36.8,3,,,,,,,,,,,
2026-02-14,丸亀,4,5,津田陸翔,A2,31.00,5,○,4.496,25.6,52,40.5,0.1574,3.6429,,,0,低,80,0,-,43S36,0,74.1,1.0781,,,,,,0,0.0842,0.2421,,○,B,◎,,0.4983,0.6525,,0.194,B,53,0,◎○△フォーメーション（15〜20点）,0.5777,"{'is_target': True, 'verdict': '参加推奨', 'max_combo_prob': 0.0719, 'est_top_odds': 18.5, 'circle_concentration': 60.0, 'eligible_count': 9, 'bet_adj': 2, 'reason': 'rel_win1=56.9%（本命度） / 最有力組み合わせ確率: 0.072（推定実オッズ?18倍） / 2着集中度: 上位2艇 60.0%（補正+0.00） / 総合判定確率: 0.072 / → ヒモ分散。1号艇1着固定で広めのヒモ流し推奨（買い目+2点）', 'tenji_trigger': '展示確認: ヒモ分散レース。1号艇伸び確認後、広めのヒモ流しを採用。穴ヒモ（5・6号艇）を積極的に含める。\n展示で1号艇スタート遅め(0.201秒)確認→ヒモが荒れやすい'}",,,33.9,両建て推奨,10.89,36.8,3,,,,,,,,,,,
2026-02-14,丸亀,4,6,屋良龍紀,B1,19.15,6,,1.4533,1.1,16,7,0.1981,4.2105,,,0,低,86,0,-,6 665,0,44.1,0.7689,,,,,,0.1733,0.0267,0.1733,,,E,△,,0.3688,0.587,,0.194,B,53,0,◎○△フォーメーション（15〜20点）,0.5777,"{'is_target': True, 'verdict': '参加推奨', 'max_combo_prob': 0.0719, 'est_top_odds': 18.5, 'circle_concentration': 60.0, 'eligible_count': 9, 'bet_adj': 2, 'reason': 'rel_win1=56.9%（本命度） / 最有力組み合わせ確率: 0.072（推定実オッズ?18倍） / 2着集中度: 上位2艇 60.0%（補正+0.00） / 総合判定確率: 0.072 / → ヒモ分散。1号艇1着固定で広めのヒモ流し推奨（買い目+2点）', 'tenji_trigger': '展示確認: ヒモ分散レース。1号艇伸び確認後、広めのヒモ流しを採用。穴ヒモ（5・6号艇）を積極的に含める。\n展示で1号艇スタート遅め(0.201秒)確認→ヒモが荒れやすい'}",,,33.9,両建て推奨,10.89,36.8,3,,,,,,,,,,,
2026-02-14,丸亀,5,1,荒木颯斗,A2,27.72,1,◎,53.9971,,0,95.7,0.1374,2.3478,,,0,低,68,0,逃1%,33213,0,90.6,1.1965,0.7,,,,,0,0.08,0.19,◎,,D,△,,,0.6105,,0.6351,S,90,0,◎1着固定 2-3着流し（5〜8点）,0.5777,"{'is_target': True, 'verdict': '参加推奨', 'max_combo_prob': 0.0636, 'est_top_odds': 21.0, 'circle_concentration': 63.4, 'eligible_count': 6, 'bet_adj': 2, 'reason': 'rel_win1=54.0%（本命度） / 最有力組み合わせ確率: 0.064（推定実オッズ?21倍） / 2着集中度: 上位2艇 63.4%（補正+0.00） / 総合判定確率: 0.064 / → ヒモ分散。1号艇1着固定で広めのヒモ流し推奨（買い目+2点）', 'tenji_trigger': '展示確認: ヒモ分散レース。1号艇伸び確認後、広めのヒモ流しを採用。穴ヒモ（5・6号艇）を積極的に含める。\n展示で1号艇スタート超安定(0.137秒)→ヒモ固まり方向に注意'}",,,25.8,逃げ狙い,13.78,25.5,2,,,,,0,0,0.7559,0,,逃げ軸流し,A
2026-02-14,丸亀,5,2,平石和男,A2,43.00,2,○,15.826,33.7,95,62.7,0.1977,4.5933,,,0,低,226,0,-,444224,0,27.4,0.8291,0,0.0645,0,0,0.0323,0.1058,0.1706,0.2354,,,A,◎,,0.0635,0.6275,,0.6351,S,90,0,◎1着固定 2-3着流し（5〜8点）,0.5777,"{'is_target': True, 'verdict': '参加推奨', 'max_combo_prob': 0.0636, 'est_top_odds': 21.0, 'circle_concentration': 63.4, 'eligible_count': 6, 'bet_adj': 2, 'reason': 'rel_win1=54.0%（本命度） / 最有力組み合わせ確率: 0.064（推定実オッズ?21倍） / 2着集中度: 上位2艇 63.4%（補正+0.00） / 総合判定確率: 0.064 / → ヒモ分散。1号艇1着固定で広めのヒモ流し推奨（買い目+2点）', 'tenji_trigger': '展示確認: ヒモ分散レース。1号艇伸び確認後、広めのヒモ流しを採用。穴ヒモ（5・6号艇）を積極的に含める。\n展示で1号艇スタート超安定(0.137秒)→ヒモ固まり方向に注意'}",,,25.8,逃げ狙い,13.78,25.5,2,,,,,,,,,,,
2026-02-14,丸亀,5,3,重富伸也,B1,23.46,3,,8.851,28.4,70,47.9,0.1548,3.2917,,,0,低,124,0,差ま0%,265 31,0,35.5,0.9121,0,0,0,0.0667,0,0.0615,0,0.3231,,,E,△,,0.2047,0.6085,,0.6351,S,90,0,◎1着固定 2-3着流し（5〜8点）,0.5777,"{'is_target': True, 'verdict': '参加推奨', 'max_combo_prob': 0.0636, 'est_top_odds': 21.0, 'circle_concentration': 63.4, 'eligible_count': 6, 'bet_adj': 2, 'reason': 'rel_win1=54.0%（本命度） / 最有力組み合わせ確率: 0.064（推定実オッズ?21倍） / 2着集中度: 上位2艇 63.4%（補正+0.00） / 総合判定確率: 0.064 / → ヒモ分散。1号艇1着固定で広めのヒモ流し推奨（買い目+2点）', 'tenji_trigger': '展示確認: ヒモ分散レース。1号艇伸び確認後、広めのヒモ流しを採用。穴ヒモ（5・6号艇）を積極的に含める。\n展示で1号艇スタート超安定(0.137秒)→ヒモ固まり方向に注意'}",,,25.8,逃げ狙い,13.78,25.5,2,,,,,,,,,,,
2026-02-14,丸亀,5,4,汐崎正則,B1,37.25,4,▲,9.8167,7.2,100,42.2,0.1776,3.7667,,,0,低,79,0,-,652 6,0,47.2,1.0064,,,,,,0.05,0.17,0.075,,,B,○,,0.1562,0.618,,0.6351,S,90,0,◎1着固定 2-3着流し（5〜8点）,0.5777,"{'is_target': True, 'verdict': '参加推奨', 'max_combo_prob': 0.0636, 'est_top_odds': 21.0, 'circle_concentration': 63.4, 'eligible_count': 6, 'bet_adj': 2, 'reason': 'rel_win1=54.0%（本命度） / 最有力組み合わせ確率: 0.064（推定実オッズ?21倍） / 2着集中度: 上位2艇 63.4%（補正+0.00） / 総合判定確率: 0.064 / → ヒモ分散。1号艇1着固定で広めのヒモ流し推奨（買い目+2点）', 'tenji_trigger': '展示確認: ヒモ分散レース。1号艇伸び確認後、広めのヒモ流しを採用。穴ヒモ（5・6号艇）を積極的に含める。\n展示で1号艇スタート超安定(0.137秒)→ヒモ固まり方向に注意'}",,,25.8,逃げ狙い,13.78,25.5,2,,,,,,,,,,,
2026-02-14,丸亀,5,5,野村　誠,B1,31.73,5,△,10.3619,29.7,66,52.7,0.1671,3.3455,,,0,低,122,0,-,255 23,0,25.1,0.6636,0,0,0,0.0455,0,0.1174,0.3043,0.0348,,,C,,◎,0.1869,0.594,0.3465,0.6351,S,90,0,◎1着固定 2-3着流し（5〜8点）,0.5777,"{'is_target': True, 'verdict': '参加推奨', 'max_combo_prob': 0.0636, 'est_top_odds': 21.0, 'circle_concentration': 63.4, 'eligible_count': 6, 'bet_adj': 2, 'reason': 'rel_win1=54.0%（本命度） / 最有力組み合わせ確率: 0.064（推定実オッズ?21倍） / 2着集中度: 上位2艇 63.4%（補正+0.00） / 総合判定確率: 0.064 / → ヒモ分散。1号艇1着固定で広めのヒモ流し推奨（買い目+2点）', 'tenji_trigger': '展示確認: ヒモ分散レース。1号艇伸び確認後、広めのヒモ流しを採用。穴ヒモ（5・6号艇）を積極的に含める。\n展示で1号艇スタート超安定(0.137秒)→ヒモ固まり方向に注意'}",,,25.8,逃げ狙い,13.78,25.5,2,,,,,,,,,,,
2026-02-14,丸亀,5,6,今出晋二,B1,28.45,6,,1.1472,1,50,5.9,0.1976,4.25,,,0,低,89,0,-,F 656,0,22.4,0.635,,,,,,0.4412,0.4176,0.1176,,,D,,,0.1386,0.594,,0.6351,S,90,0,◎1着固定 2-3着流し（5〜8点）,0.5777,"{'is_target': True, 'verdict': '参加推奨', 'max_combo_prob': 0.0636, 'est_top_odds': 21.0, 'circle_concentration': 63.4, 'eligible_count': 6, 'bet_adj': 2, 'reason': 'rel_win1=54.0%（本命度） / 最有力組み合わせ確率: 0.064（推定実オッズ?21倍） / 2着集中度: 上位2艇 63.4%（補正+0.00） / 総合判定確率: 0.064 / → ヒモ分散。1号艇1着固定で広めのヒモ流し推奨（買い目+2点）', 'tenji_trigger': '展示確認: ヒモ分散レース。1号艇伸び確認後、広めのヒモ流しを採用。穴ヒモ（5・6号艇）を積極的に含める。\n展示で1号艇スタート超安定(0.137秒)→ヒモ固まり方向に注意'}",,,25.8,逃げ狙い,13.78,25.5,2,,,,,,,,,,,
2026-02-14,丸亀,6,1,坂本雄紀,A2,30.77,1,◎,59.3603,,0,91.3,0.1478,2.7935,,,0,低,73,0,逃1%,122 S1,0,78.3,1.1718,0.6667,,,,,0.125,0.0417,0.0417,◎,,B,△,,,0.579,,0.5498,S,100,0,◎1着固定 2-3着流し（5〜8点）,0.5777,"{'is_target': True, 'verdict': '参加推奨', 'max_combo_prob': 0.0858, 'est_top_odds': 15.5, 'circle_concentration': 69.4, 'eligible_count': 6, 'bet_adj': 2, 'reason': 'rel_win1=59.4%（本命度） / 最有力組み合わせ確率: 0.086（推定実オッズ?16倍） / 2着集中度: 上位2艇 69.4%（補正+0.00） / 総合判定確率: 0.086 / → ヒモ分散。1号艇1着固定で広めのヒモ流し推奨（買い目+2点）', 'tenji_trigger': '展示確認: ヒモ分散レース。1号艇伸び確認後、広めのヒモ流しを採用。穴ヒモ（5・6号艇）を積極的に含める。'}",,,27.7,逃げ狙い,17.92,27.4,2,,,,,0,0,0.7559,0,,逃げ軸流し,A
2026-02-14,丸亀,6,2,田村隆信,A1,27.55,2,○,18.9836,46.7,85,66.7,0.143,3,,,0,低,42,0,差0% 抜0%,162451,0,59.2,1.1481,0,0.2632,0,0,0.0526,0.1011,0.0154,0.0154,,◎,C,◎,,0.4106,0.657,,0.5498,S,100,0,◎1着固定 2-3着流し（5〜8点）,0.5777,"{'is_target': True, 'verdict': '参加推奨', 'max_combo_prob': 0.0858, 'est_top_odds': 15.5, 'circle_concentration': 69.4, 'eligible_count': 6, 'bet_adj': 2, 'reason': 'rel_win1=59.4%（本命度） / 最有力組み合わせ確率: 0.086（推定実オッズ?16倍） / 2着集中度: 上位2艇 69.4%（補正+0.00） / 総合判定確率: 0.086 / → ヒモ分散。1号艇1着固定で広めのヒモ流し推奨（買い目+2点）', 'tenji_trigger': '展示確認: ヒモ分散レース。1号艇伸び確認後、広めのヒモ流しを採用。穴ヒモ（5・6号艇）を積極的に含める。'}",,,27.7,逃げ狙い,17.92,27.4,2,,,,,,,,,,,
2026-02-14,丸亀,6,3,河上年昭,B1,22.09,3,,7.3395,22.7,53,36.9,0.1625,3.1154,,,0,低,130,0,-,655 3,0,23.2,0.734,,,,,,0.2342,0.2553,0.0632,,,E,,,0.2306,0.541,,0.5498,S,100,0,◎1着固定 2-3着流し（5〜8点）,0.5777,"{'is_target': True, 'verdict': '参加推奨', 'max_combo_prob': 0.0858, 'est_top_odds': 15.5, 'circle_concentration': 69.4, 'eligible_count': 6, 'bet_adj': 2, 'reason': 'rel_win1=59.4%（本命度） / 最有力組み合わせ確率: 0.086（推定実オッズ?16倍） / 2着集中度: 上位2艇 69.4%（補正+0.00） / 総合判定確率: 0.086 / → ヒモ分散。1号艇1着固定で広めのヒモ流し推奨（買い目+2点）', 'tenji_trigger': '展示確認: ヒモ分散レース。1号艇伸び確認後、広めのヒモ流しを採用。穴ヒモ（5・6号艇）を積極的に含める。'}",,,27.7,逃げ狙い,17.92,27.4,2,,,,,,,,,,,
2026-02-14,丸亀,6,4,藤森拓海,B1,27.88,4,△,4.9332,6.2,80,25,0.1923,4.2812,,,0,低,121,0,-,465 4,0,59.6,1.3753,0,0,0.04,0.04,0,0.4333,0.1067,0.4067,,,C,,,0.1121,0.5255,,0.5498,S,100,0,◎1着固定 2-3着流し（5〜8点）,0.5777,"{'is_target': True, 'verdict': '参加推奨', 'max_combo_prob': 0.0858, 'est_top_odds': 15.5, 'circle_concentration': 69.4, 'eligible_count': 6, 'bet_adj': 2, 'reason': 'rel_win1=59.4%（本命度） / 最有力組み合わせ確率: 0.086（推定実オッズ?16倍） / 2着集中度: 上位2艇 69.4%（補正+0.00） / 総合判定確率: 0.086 / → ヒモ分散。1号艇1着固定で広めのヒモ流し推奨（買い目+2点）', 'tenji_trigger': '展示確認: ヒモ分散レース。1号艇伸び確認後、広めのヒモ流しを採用。穴ヒモ（5・6号艇）を積極的に含める。'}",,,27.7,逃げ狙い,17.92,27.4,2,,,,,,,,,,,
2026-02-14,丸亀,6,5,妻鳥晋也,B1,25.81,5,,8.3139,20,90,55.6,0.1729,3.7619,,,0,低,151,0,差ま0%,551 16,0,51.1,1.2562,0,0,0,0.0357,0.0357,0.25,0.21,0.23,,,D,△,◎,0.2022,0.601,0.339,0.5498,S,100,0,◎1着固定 2-3着流し（5〜8点）,0.5777,"{'is_target': True, 'verdict': '参加推奨', 'max_combo_prob': 0.0858, 'est_top_odds': 15.5, 'circle_concentration': 69.4, 'eligible_count': 6, 'bet_adj': 2, 'reason': 'rel_win1=59.4%（本命度） / 最有力組み合わせ確率: 0.086（推定実オッズ?16倍） / 2着集中度: 上位2艇 69.4%（補正+0.00） / 総合判定確率: 0.086 / → ヒモ分散。1号艇1着固定で広めのヒモ流し推奨（買い目+2点）', 'tenji_trigger': '展示確認: ヒモ分散レース。1号艇伸び確認後、広めのヒモ流しを採用。穴ヒモ（5・6号艇）を積極的に含める。'}",,,27.7,逃げ狙い,17.92,27.4,2,,,,,,,,,,,
2026-02-14,丸亀,6,6,松村康太,A2,33.00,6,▲,1.0696,4.4,100,45.2,0.1895,4.1935,,,0,低,166,0,-,2 1332,0,100,2.2533,,,,,,0.22,0.1756,0.2689,,,B,○,,0.1812,0.6195,,0.5498,S,100,0,◎1着固定 2-3着流し（5〜8点）,0.5777,"{'is_target': True, 'verdict': '参加推奨', 'max_combo_prob': 0.0858, 'est_top_odds': 15.5, 'circle_concentration': 69.4, 'eligible_count': 6, 'bet_adj': 2, 'reason': 'rel_win1=59.4%（本命度） / 最有力組み合わせ確率: 0.086（推定実オッズ?16倍） / 2着集中度: 上位2艇 69.4%（補正+0.00） / 総合判定確率: 0.086 / → ヒモ分散。1号艇1着固定で広めのヒモ流し推奨（買い目+2点）', 'tenji_trigger': '展示確認: ヒモ分散レース。1号艇伸び確認後、広めのヒモ流しを採用。穴ヒモ（5・6号艇）を積極的に含める。'}",,,27.7,逃げ狙い,17.92,27.4,2,,,,,,,,,,,
2026-02-14,丸亀,7,1,山田晃大,A2,35.85,1,◎,60.3545,,0,87.9,0.138,2.4242,,,0,低,63,0,逃0% 抜0%,2 3343,0,86.8,1.1041,0.5333,,,,,0.0089,0.1911,0.1822,◎,,B,◎,,,0.655,,0.6497,S,84,0,◎1着固定 2-3着流し（5〜8点）,0.5777,"{'is_target': True, 'verdict': '参加推奨', 'max_combo_prob': 0.067, 'est_top_odds': 19.9, 'circle_concentration': 57.7, 'eligible_count': 6, 'bet_adj': 2, 'reason': 'rel_win1=60.4%（本命度） / 最有力組み合わせ確率: 0.067（推定実オッズ?20倍） / 2着集中度: 上位2艇 57.7%（補正+0.00） / 総合判定確率: 0.067 / → ヒモ分散。1号艇1着固定で広めのヒモ流し推奨（買い目+2点）', 'tenji_trigger': '展示確認: ヒモ分散レース。1号艇伸び確認後、広めのヒモ流しを採用。穴ヒモ（5・6号艇）を積極的に含める。\n展示で1号艇スタート超安定(0.138秒)→ヒモ固まり方向に注意'}",,,27.7,逃げ狙い,16.79,28.2,2,,,,,0,0,0.7559,0,,逃げ軸流し,A
2026-02-14,丸亀,7,2,近藤稔也,B1,25.71,2,▲,9.3918,31.1,72,44.4,0.1879,3.9524,,,0,低,180,0,-,3 5444,0,33.3,0.886,,,,,,0.368,0.32,0.064,,,C,△,,0.0788,0.609,,0.6497,S,84,0,◎1着固定 2-3着流し（5〜8点）,0.5777,"{'is_target': True, 'verdict': '参加推奨', 'max_combo_prob': 0.067, 'est_top_odds': 19.9, 'circle_concentration': 57.7, 'eligible_count': 6, 'bet_adj': 2, 'reason': 'rel_win1=60.4%（本命度） / 最有力組み合わせ確率: 0.067（推定実オッズ?20倍） / 2着集中度: 上位2艇 57.7%（補正+0.00） / 総合判定確率: 0.067 / → ヒモ分散。1号艇1着固定で広めのヒモ流し推奨（買い目+2点）', 'tenji_trigger': '展示確認: ヒモ分散レース。1号艇伸び確認後、広めのヒモ流しを採用。穴ヒモ（5・6号艇）を積極的に含める。\n展示で1号艇スタート超安定(0.138秒)→ヒモ固まり方向に注意'}",,,27.7,逃げ狙い,16.79,28.2,2,,,,,,,,,,,
2026-02-14,丸亀,7,3,山本浩次,B1,35.78,3,○,10.6935,26.7,100,50,0.1644,3.3173,,,0,低,84,0,-,4 164,0,50.8,0.784,0,0,0,0.0435,0,0.23,0.2033,0,,,B,△,,0.1683,0.5845,,0.6497,S,84,0,◎1着固定 2-3着流し（5〜8点）,0.5777,"{'is_target': True, 'verdict': '参加推奨', 'max_combo_prob': 0.067, 'est_top_odds': 19.9, 'circle_concentration': 57.7, 'eligible_count': 6, 'bet_adj': 2, 'reason': 'rel_win1=60.4%（本命度） / 最有力組み合わせ確率: 0.067（推定実オッズ?20倍） / 2着集中度: 上位2艇 57.7%（補正+0.00） / 総合判定確率: 0.067 / → ヒモ分散。1号艇1着固定で広めのヒモ流し推奨（買い目+2点）', 'tenji_trigger': '展示確認: ヒモ分散レース。1号艇伸び確認後、広めのヒモ流しを採用。穴ヒモ（5・6号艇）を積極的に含める。\n展示で1号艇スタート超安定(0.138秒)→ヒモ固まり方向に注意'}",,,27.7,逃げ狙い,16.79,28.2,2,,,,,,,,,,,
2026-02-14,丸亀,7,4,伊藤　栞,B1,24.73,4,△,5.7513,12.4,58,0,0.17,3.8,,,0,低,55,0,-,6 6645,0,21.5,0.5821,,,,,,0,0.5,0.5,,,D,,,0.2176,0.5045,,0.6497,S,84,0,◎1着固定 2-3着流し（5〜8点）,0.5777,"{'is_target': True, 'verdict': '参加推奨', 'max_combo_prob': 0.067, 'est_top_odds': 19.9, 'circle_concentration': 57.7, 'eligible_count': 6, 'bet_adj': 2, 'reason': 'rel_win1=60.4%（本命度） / 最有力組み合わせ確率: 0.067（推定実オッズ?20倍） / 2着集中度: 上位2艇 57.7%（補正+0.00） / 総合判定確率: 0.067 / → ヒモ分散。1号艇1着固定で広めのヒモ流し推奨（買い目+2点）', 'tenji_trigger': '展示確認: ヒモ分散レース。1号艇伸び確認後、広めのヒモ流しを採用。穴ヒモ（5・6号艇）を積極的に含める。\n展示で1号艇スタート超安定(0.138秒)→ヒモ固まり方向に注意'}",,,27.7,逃げ狙い,16.79,28.2,2,,,,,,,,,,,
2026-02-14,丸亀,7,5,細川裕子,A1,22.99,5,,6.8798,24.9,79,61.9,0.1843,3.9762,,,0,低,59,0,差ま0%,154221,0,29.3,0.9805,0,0,0,0.2222,0,0,0,0.0833,,,D,○,,0.2069,0.6235,,0.6497,S,84,0,◎1着固定 2-3着流し（5〜8点）,0.5777,"{'is_target': True, 'verdict': '参加推奨', 'max_combo_prob': 0.067, 'est_top_odds': 19.9, 'circle_concentration': 57.7, 'eligible_count': 6, 'bet_adj': 2, 'reason': 'rel_win1=60.4%（本命度） / 最有力組み合わせ確率: 0.067（推定実オッズ?20倍） / 2着集中度: 上位2艇 57.7%（補正+0.00） / 総合判定確率: 0.067 / → ヒモ分散。1号艇1着固定で広めのヒモ流し推奨（買い目+2点）', 'tenji_trigger': '展示確認: ヒモ分散レース。1号艇伸び確認後、広めのヒモ流しを採用。穴ヒモ（5・6号艇）を積極的に含める。\n展示で1号艇スタート超安定(0.138秒)→ヒモ固まり方向に注意'}",,,27.7,逃げ狙い,16.79,28.2,2,,,,,,,,,,,
2026-02-14,丸亀,7,6,深尾巴恵,B2,21.98,6,,6.929,5,43,33.3,0.1683,3.4,,,0,低,70,0,-,F55 5,0,64.1,1.2517,0,0,0.125,0,0,0.25,0,0.5,,,E,,,0.2403,0.5515,,0.6497,S,84,0,◎1着固定 2-3着流し（5〜8点）,0.5777,"{'is_target': True, 'verdict': '参加推奨', 'max_combo_prob': 0.067, 'est_top_odds': 19.9, 'circle_concentration': 57.7, 'eligible_count': 6, 'bet_adj': 2, 'reason': 'rel_win1=60.4%（本命度） / 最有力組み合わせ確率: 0.067（推定実オッズ?20倍） / 2着集中度: 上位2艇 57.7%（補正+0.00） / 総合判定確率: 0.067 / → ヒモ分散。1号艇1着固定で広めのヒモ流し推奨（買い目+2点）', 'tenji_trigger': '展示確認: ヒモ分散レース。1号艇伸び確認後、広めのヒモ流しを採用。穴ヒモ（5・6号艇）を積極的に含める。\n展示で1号艇スタート超安定(0.138秒)→ヒモ固まり方向に注意'}",,,27.7,逃げ狙い,16.79,28.2,2,,,,,,,,,,,
2026-02-14,丸亀,8,1,是澤孝宏,A2,40.00,1,◎,70.6249,,0,84.8,0.1527,3.0949,,,0,低,125,0,逃1%,143422,0,94.5,1.2968,0.6875,,,,,0.1625,0.0125,0.0375,◎,,B,○,,,0.6235,,0.5699,S,86,0,◎1着固定 2-3着流し（5〜8点）,0.5777,"{'is_target': True, 'verdict': '点数絞り', 'max_combo_prob': 0.1956, 'est_top_odds': 6.8, 'circle_concentration': 83.7, 'eligible_count': 6, 'bet_adj': 0, 'reason': 'rel_win1=70.6%（本命度） / 最有力組み合わせ確率: 0.196（推定実オッズ?7倍） / 2着集中度: 上位2艇 83.7%（補正+0.04） / 総合判定確率: 0.236 / → ヒモはやや固め。上位2艇以外を切ること', 'tenji_trigger': '展示確認: 1号艇伸び良→そのまま採用。悪→飛び組に差し替え。circle_pct上位2艇に絞り込むこと。'}",,,27.5,逃げ狙い,16.01,28.3,2,,,,,0,0,0.7559,0,,逃げ軸流し,A
2026-02-14,丸亀,8,2,刑部亜里,A2,36.70,2,▲,15.7363,72.9,91,73.7,0.1603,3.3158,,,0,低,94,0,差0% ま0%,441622,0,59.3,1.2079,0,0.0909,0.0909,0,0,0.2248,0.0533,0.1124,,,C,△,,0.2454,0.5895,,0.5699,S,86,0,◎1着固定 2-3着流し（5〜8点）,0.5777,"{'is_target': True, 'verdict': '点数絞り', 'max_combo_prob': 0.1956, 'est_top_odds': 6.8, 'circle_concentration': 83.7, 'eligible_count': 6, 'bet_adj': 0, 'reason': 'rel_win1=70.6%（本命度） / 最有力組み合わせ確率: 0.196（推定実オッズ?7倍） / 2着集中度: 上位2艇 83.7%（補正+0.04） / 総合判定確率: 0.236 / → ヒモはやや固め。上位2艇以外を切ること', 'tenji_trigger': '展示確認: 1号艇伸び良→そのまま採用。悪→飛び組に差し替え。circle_pct上位2艇に絞り込むこと。'}",,,27.5,逃げ狙い,16.01,28.3,2,,,,,,,,,,,
2026-02-14,丸亀,8,3,森　弘行,B1,26.00,3,,4.7787,10.9,100,30.8,0.1775,3.4135,,,0,低,123,0,抜0%,5 3 35,0,19,0.631,0,0,0,0,0.0357,0.4263,0.1474,0.1921,,,E,△,,0.187,0.5765,,0.5699,S,86,0,◎1着固定 2-3着流し（5〜8点）,0.5777,"{'is_target': True, 'verdict': '点数絞り', 'max_combo_prob': 0.1956, 'est_top_odds': 6.8, 'circle_concentration': 83.7, 'eligible_count': 6, 'bet_adj': 0, 'reason': 'rel_win1=70.6%（本命度） / 最有力組み合わせ確率: 0.196（推定実オッズ?7倍） / 2着集中度: 上位2艇 83.7%（補正+0.04） / 総合判定確率: 0.236 / → ヒモはやや固め。上位2艇以外を切ること', 'tenji_trigger': '展示確認: 1号艇伸び良→そのまま採用。悪→飛び組に差し替え。circle_pct上位2艇に絞り込むこと。'}",,,27.5,逃げ狙い,16.01,28.3,2,,,,,,,,,,,
2026-02-14,丸亀,8,4,坂本一真,B1,46.08,4,○,4.5278,2.8,67,14.8,0.1613,3.3197,,,0,低,111,0,ま0%,6 462,0,29.8,0.5621,0,0,0.0588,0,0,0.4,0.1,0,,,A,,,0.2554,0.532,,0.5699,S,86,0,◎1着固定 2-3着流し（5〜8点）,0.5777,"{'is_target': True, 'verdict': '点数絞り', 'max_combo_prob': 0.1956, 'est_top_odds': 6.8, 'circle_concentration': 83.7, 'eligible_count': 6, 'bet_adj': 0, 'reason': 'rel_win1=70.6%（本命度） / 最有力組み合わせ確率: 0.196（推定実オッズ?7倍） / 2着集中度: 上位2艇 83.7%（補正+0.04） / 総合判定確率: 0.236 / → ヒモはやや固め。上位2艇以外を切ること', 'tenji_trigger': '展示確認: 1号艇伸び良→そのまま採用。悪→飛び組に差し替え。circle_pct上位2艇に絞り込むこと。'}",,,27.5,逃げ狙い,16.01,28.3,2,,,,,,,,,,,
2026-02-14,丸亀,8,5,今泉　徹,B1,32.00,5,△,2.9147,5.2,56,25,0.1747,3.6484,,,0,低,120,0,抜0%,5 652,0,36.9,0.7726,0,0,0,0,0.0303,0.42,0.3,0.18,,,D,◎,,0.2427,0.6375,,0.5699,S,86,0,◎1着固定 2-3着流し（5〜8点）,0.5777,"{'is_target': True, 'verdict': '点数絞り', 'max_combo_prob': 0.1956, 'est_top_odds': 6.8, 'circle_concentration': 83.7, 'eligible_count': 6, 'bet_adj': 0, 'reason': 'rel_win1=70.6%（本命度） / 最有力組み合わせ確率: 0.196（推定実オッズ?7倍） / 2着集中度: 上位2艇 83.7%（補正+0.04） / 総合判定確率: 0.236 / → ヒモはやや固め。上位2艇以外を切ること', 'tenji_trigger': '展示確認: 1号艇伸び良→そのまま採用。悪→飛び組に差し替え。circle_pct上位2艇に絞り込むこと。'}",,,27.5,逃げ狙い,16.01,28.3,2,,,,,,,,,,,
2026-02-14,丸亀,8,6,藤原孝斗,B1,30.91,6,,1.4176,8.3,40,17.9,0.2139,4.6071,,,0,低,132,0,-,6 434,0,23.1,0.8422,0,0,0,0,0,0.05,0.4167,0.0333,,,D,,,0.135,0.5475,,0.5699,S,86,0,◎1着固定 2-3着流し（5〜8点）,0.5777,"{'is_target': True, 'verdict': '点数絞り', 'max_combo_prob': 0.1956, 'est_top_odds': 6.8, 'circle_concentration': 83.7, 'eligible_count': 6, 'bet_adj': 0, 'reason': 'rel_win1=70.6%（本命度） / 最有力組み合わせ確率: 0.196（推定実オッズ?7倍） / 2着集中度: 上位2艇 83.7%（補正+0.04） / 総合判定確率: 0.236 / → ヒモはやや固め。上位2艇以外を切ること', 'tenji_trigger': '展示確認: 1号艇伸び良→そのまま採用。悪→飛び組に差し替え。circle_pct上位2艇に絞り込むこと。'}",,,27.5,逃げ狙い,16.01,28.3,2,,,,,,,,,,,
2026-02-14,丸亀,9,1,土屋　蘭,B1,30.28,1,◎,52.7905,,0,66.7,0.2025,4.625,,,0,低,122,1,逃0%,434 64,0,60,0.8925,0.4167,,,,,0.2333,0.4,0,,,D,,,,0.5455,,0.1656,B,46,0,◎○△フォーメーション（15〜20点）,0.5777,"{'is_target': True, 'verdict': '点数絞り', 'max_combo_prob': 0.0979, 'est_top_odds': 13.6, 'circle_concentration': 70.3, 'eligible_count': 9, 'bet_adj': 0, 'reason': 'rel_win1=52.8%（本命度） / 最有力組み合わせ確率: 0.098（推定実オッズ?14倍） / 2着集中度: 上位2艇 70.3%（補正+0.04） / 総合判定確率: 0.138 / → ヒモはやや固め。上位2艇以外を切ること', 'tenji_trigger': '展示確認: 1号艇伸び良→そのまま採用。悪→飛び組に差し替え。circle_pct上位2艇に絞り込むこと。\n展示で1号艇スタート遅め(0.203秒)確認→ヒモが荒れやすい'}",,,38.1,両建て推奨,19.59,41.2,2,2-1-3|2-1-4|2-1-5|2-3-1|2-3-4|2-5-1|2-5-3|1-2-4|1-2-3|1-3-4,2-1-3|2-1-4|2-1-5|2-3-1|2-3-4|2-5-1|2-5-3|1-2-4|1-2-3|1-3-4|5-1-6|6-1-4,2-1-3:2.89%|2-1-4:2.6%|2-1-5:1.33%|2-3-1:0.89%|2-3-4:0.48%|2-5-1:0.45%|2-5-3:0.27%|1-2-4:6.94%|1-2-3:5.01%|1-3-4:4.76%,2-1-3:B_main|2-1-4:B_main|2-1-5:B_main|2-3-1:B_main|2-3-4:B_main|2-5-1:B_main|2-5-3:B_main|1-2-4:A|1-2-3:A|1-3-4:A,10,12,0.2915,1,[!]見送り推奨（主役決まり手「差し」― 逃げ劣勢レースで的中実績なし）,主役軸流し,B
2026-02-14,丸亀,9,2,石田政吾,B1,40.00,2,○,16.1319,45.5,56,67.3,0.1504,3.0091,,,0,低,126,0,-,261 66,0,42.9,0.8821,0,0.0833,0,0,0.0417,0.0615,0.2123,0.1662,,◎,A,△,,0.5681,0.6375,,0.1656,B,46,0,◎○△フォーメーション（15〜20点）,0.5777,"{'is_target': True, 'verdict': '点数絞り', 'max_combo_prob': 0.0979, 'est_top_odds': 13.6, 'circle_concentration': 70.3, 'eligible_count': 9, 'bet_adj': 0, 'reason': 'rel_win1=52.8%（本命度） / 最有力組み合わせ確率: 0.098（推定実オッズ?14倍） / 2着集中度: 上位2艇 70.3%（補正+0.04） / 総合判定確率: 0.138 / → ヒモはやや固め。上位2艇以外を切ること', 'tenji_trigger': '展示確認: 1号艇伸び良→そのまま採用。悪→飛び組に差し替え。circle_pct上位2艇に絞り込むこと。\n展示で1号艇スタート遅め(0.203秒)確認→ヒモが荒れやすい'}",,,38.1,両建て推奨,19.59,41.2,2,,,,,,,,,,,
2026-02-14,丸亀,9,3,野村　誠,B1,31.73,3,▲,12.7421,24.9,76,60,0.1645,3.5727,,,0,低,122,0,差0% 差ま0% 抜0%,255 23,0,57.5,1.1565,0,0.0476,0,0.1429,0.0476,0.1174,0.3043,0.0348,,○,C,,,0.4852,0.594,,0.1656,B,46,0,◎○△フォーメーション（15〜20点）,0.5777,"{'is_target': True, 'verdict': '点数絞り', 'max_combo_prob': 0.0979, 'est_top_odds': 13.6, 'circle_concentration': 70.3, 'eligible_count': 9, 'bet_adj': 0, 'reason': 'rel_win1=52.8%（本命度） / 最有力組み合わせ確率: 0.098（推定実オッズ?14倍） / 2着集中度: 上位2艇 70.3%（補正+0.04） / 総合判定確率: 0.138 / → ヒモはやや固め。上位2艇以外を切ること', 'tenji_trigger': '展示確認: 1号艇伸び良→そのまま採用。悪→飛び組に差し替え。circle_pct上位2艇に絞り込むこと。\n展示で1号艇スタート遅め(0.203秒)確認→ヒモが荒れやすい'}",,,38.1,両建て推奨,19.59,41.2,2,,,,,,,,,,,
2026-02-14,丸亀,9,4,津田陸翔,A2,31.00,4,△,10.3406,16.4,100,71.2,0.1469,3.2019,,,0,低,80,0,差0% ま0%,43S36,0,83.7,1.3872,0,0.0714,0.0714,0,0,0,0.0842,0.2421,,△,C,◎,◎,0.4694,0.6525,0.4175,0.1656,B,46,0,◎○△フォーメーション（15〜20点）,0.5777,"{'is_target': True, 'verdict': '点数絞り', 'max_combo_prob': 0.0979, 'est_top_odds': 13.6, 'circle_concentration': 70.3, 'eligible_count': 9, 'bet_adj': 0, 'reason': 'rel_win1=52.8%（本命度） / 最有力組み合わせ確率: 0.098（推定実オッズ?14倍） / 2着集中度: 上位2艇 70.3%（補正+0.04） / 総合判定確率: 0.138 / → ヒモはやや固め。上位2艇以外を切ること', 'tenji_trigger': '展示確認: 1号艇伸び良→そのまま採用。悪→飛び組に差し替え。circle_pct上位2艇に絞り込むこと。\n展示で1号艇スタート遅め(0.203秒)確認→ヒモが荒れやすい'}",,,38.1,両建て推奨,19.59,41.2,2,,,,,,,,,,,
2026-02-14,丸亀,9,5,重富伸也,B1,23.46,5,,6.8672,10.8,42,39.2,0.1682,3.5784,,,0,低,124,0,ま0%,265 31,0,32.3,0.679,0,0,0.1667,0.0417,0,0.0615,0,0.3231,,,E,△,○,0.4332,0.6085,0.2323,0.1656,B,46,0,◎○△フォーメーション（15〜20点）,0.5777,"{'is_target': True, 'verdict': '点数絞り', 'max_combo_prob': 0.0979, 'est_top_odds': 13.6, 'circle_concentration': 70.3, 'eligible_count': 9, 'bet_adj': 0, 'reason': 'rel_win1=52.8%（本命度） / 最有力組み合わせ確率: 0.098（推定実オッズ?14倍） / 2着集中度: 上位2艇 70.3%（補正+0.04） / 総合判定確率: 0.138 / → ヒモはやや固め。上位2艇以外を切ること', 'tenji_trigger': '展示確認: 1号艇伸び良→そのまま採用。悪→飛び組に差し替え。circle_pct上位2艇に絞り込むこと。\n展示で1号艇スタート遅め(0.203秒)確認→ヒモが荒れやすい'}",,,38.1,両建て推奨,19.59,41.2,2,,,,,,,,,,,
2026-02-14,丸亀,9,6,山本景士,B1,33.65,6,,1.1276,2.5,27,12.1,0.1793,4.319,,,0,低,147,0,-,346 1,0,24.8,0.5461,,,,,,0.1091,0.2909,0.0182,,,B,○,,0.3823,0.6505,,0.1656,B,46,0,◎○△フォーメーション（15〜20点）,0.5777,"{'is_target': True, 'verdict': '点数絞り', 'max_combo_prob': 0.0979, 'est_top_odds': 13.6, 'circle_concentration': 70.3, 'eligible_count': 9, 'bet_adj': 0, 'reason': 'rel_win1=52.8%（本命度） / 最有力組み合わせ確率: 0.098（推定実オッズ?14倍） / 2着集中度: 上位2艇 70.3%（補正+0.04） / 総合判定確率: 0.138 / → ヒモはやや固め。上位2艇以外を切ること', 'tenji_trigger': '展示確認: 1号艇伸び良→そのまま採用。悪→飛び組に差し替え。circle_pct上位2艇に絞り込むこと。\n展示で1号艇スタート遅め(0.203秒)確認→ヒモが荒れやすい'}",,,38.1,両建て推奨,19.59,41.2,2,,,,,,,,,,,
2026-02-14,丸亀,10,1,松村康太,A2,33.00,1,◎,58.9396,,0,89.8,0.158,3.3125,,,0,低,166,0,逃0%,2 1332,0,78.5,1.1003,0.3333,,,,,0.22,0.1756,0.2689,○,,C,△,,,0.6195,,0.415,A,79,0,◎-○軸 3着3〜4艇流し（10〜15点）,0.5777,"{'is_target': True, 'verdict': '参加推奨', 'max_combo_prob': 0.0567, 'est_top_odds': 23.5, 'circle_concentration': 58.1, 'eligible_count': 8, 'bet_adj': 2, 'reason': 'rel_win1=58.9%（本命度） / 最有力組み合わせ確率: 0.057（推定実オッズ?24倍） / 2着集中度: 上位2艇 58.1%（補正+0.00） / 総合判定確率: 0.057 / → ヒモ分散。1号艇1着固定で広めのヒモ流し推奨（買い目+2点）', 'tenji_trigger': '展示確認: ヒモ分散レース。1号艇伸び確認後、広めのヒモ流しを採用。穴ヒモ（5・6号艇）を積極的に含める。'}",,,31.1,逃げ狙い,18.61,36.5,4,,,,,0,0,0.6155,0,,主役軸流し,B
2026-02-14,丸亀,10,2,荒木颯斗,A2,27.72,2,,6.6747,24.2,100,42.2,0.1667,3.6222,,,0,低,68,0,-,33213,0,39.8,0.7217,,,,,,0,0.08,0.19,,,D,△,,0.2735,0.6105,,0.415,A,79,0,◎-○軸 3着3〜4艇流し（10〜15点）,0.5777,"{'is_target': True, 'verdict': '参加推奨', 'max_combo_prob': 0.0567, 'est_top_odds': 23.5, 'circle_concentration': 58.1, 'eligible_count': 8, 'bet_adj': 2, 'reason': 'rel_win1=58.9%（本命度） / 最有力組み合わせ確率: 0.057（推定実オッズ?24倍） / 2着集中度: 上位2艇 58.1%（補正+0.00） / 総合判定確率: 0.057 / → ヒモ分散。1号艇1着固定で広めのヒモ流し推奨（買い目+2点）', 'tenji_trigger': '展示確認: ヒモ分散レース。1号艇伸び確認後、広めのヒモ流しを採用。穴ヒモ（5・6号艇）を積極的に含める。'}",,,31.1,逃げ狙い,18.61,36.5,4,,,,,,,,,,,
2026-02-14,丸亀,10,3,松下知幸,B1,29.27,3,,11.4008,25.1,81,44.9,0.1477,2.9493,,,0,低,152,0,-,1 5425,0,91.7,1.8358,0,0.0303,0.0303,0.0909,0,0.2152,0.1581,0.1962,,○,D,,,0.3754,0.5965,,0.415,A,79,0,◎-○軸 3着3〜4艇流し（10〜15点）,0.5777,"{'is_target': True, 'verdict': '参加推奨', 'max_combo_prob': 0.0567, 'est_top_odds': 23.5, 'circle_concentration': 58.1, 'eligible_count': 8, 'bet_adj': 2, 'reason': 'rel_win1=58.9%（本命度） / 最有力組み合わせ確率: 0.057（推定実オッズ?24倍） / 2着集中度: 上位2艇 58.1%（補正+0.00） / 総合判定確率: 0.057 / → ヒモ分散。1号艇1着固定で広めのヒモ流し推奨（買い目+2点）', 'tenji_trigger': '展示確認: ヒモ分散レース。1号艇伸び確認後、広めのヒモ流しを採用。穴ヒモ（5・6号艇）を積極的に含める。'}",,,31.1,逃げ狙い,18.61,36.5,4,,,,,,,,,,,
2026-02-14,丸亀,10,4,坂本雄紀,A2,30.77,4,○,16.3778,33,84,60.9,0.1509,2.6413,,,0,低,73,0,ま0% 差ま0% 抜0%,122 S1,0,81.2,1.5181,0,0,0.1818,0.0455,0.0909,0.125,0.0417,0.0417,,,D,,◎,0.3813,0.579,0.3322,0.415,A,79,0,◎-○軸 3着3〜4艇流し（10〜15点）,0.5777,"{'is_target': True, 'verdict': '参加推奨', 'max_combo_prob': 0.0567, 'est_top_odds': 23.5, 'circle_concentration': 58.1, 'eligible_count': 8, 'bet_adj': 2, 'reason': 'rel_win1=58.9%（本命度） / 最有力組み合わせ確率: 0.057（推定実オッズ?24倍） / 2着集中度: 上位2艇 58.1%（補正+0.00） / 総合判定確率: 0.057 / → ヒモ分散。1号艇1着固定で広めのヒモ流し推奨（買い目+2点）', 'tenji_trigger': '展示確認: ヒモ分散レース。1号艇伸び確認後、広めのヒモ流しを採用。穴ヒモ（5・6号艇）を積極的に含める。'}",,,31.1,逃げ狙い,18.61,36.5,4,,,,,,,,,,,
2026-02-14,丸亀,10,5,加藤奈月,B1,39.18,5,△,3.6489,8.5,81,17.4,0.1709,3.7174,,,0,低,68,0,-,331 53,0,28.4,0.6714,,,,,,0,0.2591,0.1455,,,B,○,,0.2934,0.627,,0.415,A,79,0,◎-○軸 3着3〜4艇流し（10〜15点）,0.5777,"{'is_target': True, 'verdict': '参加推奨', 'max_combo_prob': 0.0567, 'est_top_odds': 23.5, 'circle_concentration': 58.1, 'eligible_count': 8, 'bet_adj': 2, 'reason': 'rel_win1=58.9%（本命度） / 最有力組み合わせ確率: 0.057（推定実オッズ?24倍） / 2着集中度: 上位2艇 58.1%（補正+0.00） / 総合判定確率: 0.057 / → ヒモ分散。1号艇1着固定で広めのヒモ流し推奨（買い目+2点）', 'tenji_trigger': '展示確認: ヒモ分散レース。1号艇伸び確認後、広めのヒモ流しを採用。穴ヒモ（5・6号艇）を積極的に含める。'}",,,31.1,逃げ狙い,18.61,36.5,4,,,,,,,,,,,
2026-02-14,丸亀,10,6,山田晃大,A2,35.85,6,▲,2.9582,9.2,81,35.2,0.1535,3.0463,,,0,低,63,0,-,2 3343,0,28.4,0.93,,,,,,0.0089,0.1911,0.1822,,,B,◎,,0.3507,0.655,,0.415,A,79,0,◎-○軸 3着3〜4艇流し（10〜15点）,0.5777,"{'is_target': True, 'verdict': '参加推奨', 'max_combo_prob': 0.0567, 'est_top_odds': 23.5, 'circle_concentration': 58.1, 'eligible_count': 8, 'bet_adj': 2, 'reason': 'rel_win1=58.9%（本命度） / 最有力組み合わせ確率: 0.057（推定実オッズ?24倍） / 2着集中度: 上位2艇 58.1%（補正+0.00） / 総合判定確率: 0.057 / → ヒモ分散。1号艇1着固定で広めのヒモ流し推奨（買い目+2点）', 'tenji_trigger': '展示確認: ヒモ分散レース。1号艇伸び確認後、広めのヒモ流しを採用。穴ヒモ（5・6号艇）を積極的に含める。'}",,,31.1,逃げ狙い,18.61,36.5,4,,,,,,,,,,,
2026-02-14,丸亀,11,1,細川裕子,A1,22.99,1,◎,61.5366,,0,96.4,0.1732,3.6786,,,0,低,59,0,逃1%,154221,0,81.2,1.0443,0.8333,,,,,0,0,0.0833,◎,,E,△,,,0.6235,,0.4531,S,92,0,◎1着固定 2-3着流し（5〜8点）,0.5777,"{'is_target': True, 'verdict': '参加推奨', 'max_combo_prob': 0.0693, 'est_top_odds': 19.2, 'circle_concentration': 72.3, 'eligible_count': 6, 'bet_adj': 2, 'reason': 'rel_win1=61.5%（本命度） / 最有力組み合わせ確率: 0.069（推定実オッズ?19倍） / 2着集中度: 上位2艇 72.3%（補正+0.04） / 総合判定確率: 0.109 / → ヒモ分散。1号艇1着固定で広めのヒモ流し推奨（買い目+2点）', 'tenji_trigger': '展示確認: ヒモ分散レース。1号艇伸び確認後、広めのヒモ流しを採用。穴ヒモ（5・6号艇）を積極的に含める。'}",,,25.3,逃げ狙い,15.04,23,2,,,,,0,0,0.7559,0,,逃げ軸流し,A
2026-02-14,丸亀,11,2,是澤孝宏,A2,40.00,2,▲,17.1508,39.6,70,61.4,0.1657,3.4143,,,0,低,125,0,差0%,143422,0,77.9,0.6202,0,0.1389,0,0,0,0.1625,0.0125,0.0375,,○,C,△,,0.4069,0.6235,,0.4531,S,92,0,◎1着固定 2-3着流し（5〜8点）,0.5777,"{'is_target': True, 'verdict': '参加推奨', 'max_combo_prob': 0.0693, 'est_top_odds': 19.2, 'circle_concentration': 72.3, 'eligible_count': 6, 'bet_adj': 2, 'reason': 'rel_win1=61.5%（本命度） / 最有力組み合わせ確率: 0.069（推定実オッズ?19倍） / 2着集中度: 上位2艇 72.3%（補正+0.04） / 総合判定確率: 0.109 / → ヒモ分散。1号艇1着固定で広めのヒモ流し推奨（買い目+2点）', 'tenji_trigger': '展示確認: ヒモ分散レース。1号艇伸び確認後、広めのヒモ流しを採用。穴ヒモ（5・6号艇）を積極的に含める。'}",,,25.3,逃げ狙い,15.04,23,2,,,,,,,,,,,
2026-02-14,丸亀,11,3,田村隆信,A1,27.55,3,△,11.048,32.6,91,64.7,0.1406,2.4706,,,0,低,42,0,ま0%,162451,0,46.4,0.9437,0,0,0.1176,0.0588,0,0.1011,0.0154,0.0154,,◎,D,◎,,0.4654,0.657,,0.4531,S,92,0,◎1着固定 2-3着流し（5〜8点）,0.5777,"{'is_target': True, 'verdict': '参加推奨', 'max_combo_prob': 0.0693, 'est_top_odds': 19.2, 'circle_concentration': 72.3, 'eligible_count': 6, 'bet_adj': 2, 'reason': 'rel_win1=61.5%（本命度） / 最有力組み合わせ確率: 0.069（推定実オッズ?19倍） / 2着集中度: 上位2艇 72.3%（補正+0.04） / 総合判定確率: 0.109 / → ヒモ分散。1号艇1着固定で広めのヒモ流し推奨（買い目+2点）', 'tenji_trigger': '展示確認: ヒモ分散レース。1号艇伸び確認後、広めのヒモ流しを採用。穴ヒモ（5・6号艇）を積極的に含める。'}",,,25.3,逃げ狙い,15.04,23,2,,,,,,,,,,,
2026-02-14,丸亀,11,4,新田智彰,B1,41.00,4,○,6.158,17,89,51.3,0.157,3.2961,,,0,低,135,0,-,515 13,0,84.3,1.4081,0,0.027,0.027,0.027,0,0.0593,0.3437,0.1644,,,C,△,◎,0.3447,0.625,0.4056,0.4531,S,92,0,◎1着固定 2-3着流し（5〜8点）,0.5777,"{'is_target': True, 'verdict': '参加推奨', 'max_combo_prob': 0.0693, 'est_top_odds': 19.2, 'circle_concentration': 72.3, 'eligible_count': 6, 'bet_adj': 2, 'reason': 'rel_win1=61.5%（本命度） / 最有力組み合わせ確率: 0.069（推定実オッズ?19倍） / 2着集中度: 上位2艇 72.3%（補正+0.04） / 総合判定確率: 0.109 / → ヒモ分散。1号艇1着固定で広めのヒモ流し推奨（買い目+2点）', 'tenji_trigger': '展示確認: ヒモ分散レース。1号艇伸び確認後、広めのヒモ流しを採用。穴ヒモ（5・6号艇）を積極的に含める。'}",,,25.3,逃げ狙い,15.04,23,2,,,,,,,,,,,
2026-02-14,丸亀,11,5,平石和男,A2,43.00,5,,3.0739,7.8,100,49.2,0.1845,4.3538,,,0,低,226,0,-,444224,0,27.7,1.3079,0,0,0,0.0312,0,0.1058,0.1706,0.2354,,,B,○,,0.2455,0.6275,,0.4531,S,92,0,◎1着固定 2-3着流し（5〜8点）,0.5777,"{'is_target': True, 'verdict': '参加推奨', 'max_combo_prob': 0.0693, 'est_top_odds': 19.2, 'circle_concentration': 72.3, 'eligible_count': 6, 'bet_adj': 2, 'reason': 'rel_win1=61.5%（本命度） / 最有力組み合わせ確率: 0.069（推定実オッズ?19倍） / 2着集中度: 上位2艇 72.3%（補正+0.04） / 総合判定確率: 0.109 / → ヒモ分散。1号艇1着固定で広めのヒモ流し推奨（買い目+2点）', 'tenji_trigger': '展示確認: ヒモ分散レース。1号艇伸び確認後、広めのヒモ流しを採用。穴ヒモ（5・6号艇）を積極的に含める。'}",,,25.3,逃げ狙い,15.04,23,2,,,,,,,,,,,
2026-02-14,丸亀,11,6,小林文彦,B1,46.46,6,,1.0327,2.9,72,22.4,0.2051,4.7347,,,0,低,166,0,-,3 234,0,27.7,0.4444,,,,,,0.0143,0.2286,0.1143,,,A,,,0.2125,0.5995,,0.4531,S,92,0,◎1着固定 2-3着流し（5〜8点）,0.5777,"{'is_target': True, 'verdict': '参加推奨', 'max_combo_prob': 0.0693, 'est_top_odds': 19.2, 'circle_concentration': 72.3, 'eligible_count': 6, 'bet_adj': 2, 'reason': 'rel_win1=61.5%（本命度） / 最有力組み合わせ確率: 0.069（推定実オッズ?19倍） / 2着集中度: 上位2艇 72.3%（補正+0.04） / 総合判定確率: 0.109 / → ヒモ分散。1号艇1着固定で広めのヒモ流し推奨（買い目+2点）', 'tenji_trigger': '展示確認: ヒモ分散レース。1号艇伸び確認後、広めのヒモ流しを採用。穴ヒモ（5・6号艇）を積極的に含める。'}",,,25.3,逃げ狙い,15.04,23,2,,,,,,,,,,,
2026-02-14,丸亀,12,1,片岡雅裕,A1,56.00,1,◎,59.0585,,0,93.1,0.129,2.5172,,,0,低,5,0,逃1%,123311,0,69.4,1.0072,0.7857,,,,,0.0286,0,0.3571,◎,,A,◎,,,0.8292,,0.6354,S,100,0,◎1着固定 2-3着流し（5〜8点）,0.5777,"{'is_target': True, 'verdict': '参加推奨', 'max_combo_prob': 0.0517, 'est_top_odds': 25.8, 'circle_concentration': 55.9, 'eligible_count': 6, 'bet_adj': 2, 'reason': 'rel_win1=59.1%（本命度） / 最有力組み合わせ確率: 0.052（推定実オッズ?26倍） / 2着集中度: 上位2艇 55.9%（補正+0.00） / 総合判定確率: 0.052 / → ヒモ分散。1号艇1着固定で広めのヒモ流し推奨（買い目+2点）', 'tenji_trigger': '展示確認: ヒモ分散レース。1号艇伸び確認後、広めのヒモ流しを採用。穴ヒモ（5・6号艇）を積極的に含める。\n展示で1号艇スタート超安定(0.129秒)→ヒモ固まり方向に注意'}",,,28.5,逃げ狙い,22.79,25.4,2,,,,,0,0,0.7559,0,,逃げ軸流し,A
2026-02-14,丸亀,12,2,西丸侑太,A1,34.65,2,▲,15.1408,28,79,76.2,0.1864,3.75,,,0,低,100,0,差0% ま0%,212214,0,25.1,0.8491,0,0.2,0.16,0,0,0,0.1314,0.0429,,,C,,,0.0967,0.6105,,0.6354,S,100,0,◎1着固定 2-3着流し（5〜8点）,0.5777,"{'is_target': True, 'verdict': '参加推奨', 'max_combo_prob': 0.0517, 'est_top_odds': 25.8, 'circle_concentration': 55.9, 'eligible_count': 6, 'bet_adj': 2, 'reason': 'rel_win1=59.1%（本命度） / 最有力組み合わせ確率: 0.052（推定実オッズ?26倍） / 2着集中度: 上位2艇 55.9%（補正+0.00） / 総合判定確率: 0.052 / → ヒモ分散。1号艇1着固定で広めのヒモ流し推奨（買い目+2点）', 'tenji_trigger': '展示確認: ヒモ分散レース。1号艇伸び確認後、広めのヒモ流しを採用。穴ヒモ（5・6号艇）を積極的に含める。\n展示で1号艇スタート超安定(0.129秒)→ヒモ固まり方向に注意'}",,,28.5,逃げ狙い,22.79,25.4,2,,,,,,,,,,,
2026-02-14,丸亀,12,3,西野翔太,A2,22.34,3,,5.5131,22.1,100,68,0.1418,2.73,,,0,低,72,0,ま0%,321 61,0,29.8,0.8775,0,0,0.04,0,0,0.1556,0.0918,0.0465,,,E,,,0.2136,0.6405,,0.6354,S,100,0,◎1着固定 2-3着流し（5〜8点）,0.5777,"{'is_target': True, 'verdict': '参加推奨', 'max_combo_prob': 0.0517, 'est_top_odds': 25.8, 'circle_concentration': 55.9, 'eligible_count': 6, 'bet_adj': 2, 'reason': 'rel_win1=59.1%（本命度） / 最有力組み合わせ確率: 0.052（推定実オッズ?26倍） / 2着集中度: 上位2艇 55.9%（補正+0.00） / 総合判定確率: 0.052 / → ヒモ分散。1号艇1着固定で広めのヒモ流し推奨（買い目+2点）', 'tenji_trigger': '展示確認: ヒモ分散レース。1号艇伸び確認後、広めのヒモ流しを採用。穴ヒモ（5・6号艇）を積極的に含める。\n展示で1号艇スタート超安定(0.129秒)→ヒモ固まり方向に注意'}",,,28.5,逃げ狙い,22.79,25.4,2,,,,,,,,,,,
2026-02-14,丸亀,12,4,岡崎恭裕,A1,53.54,4,○,13.5078,27.9,67,80.5,0.1317,2.5488,,,0,低,38,0,ま0%,211133,0,92,1.6851,0,0,0.0588,0,0,0.1962,0.0462,0,,,A,△,◎,0.282,0.665,0.3933,0.6354,S,100,0,◎1着固定 2-3着流し（5〜8点）,0.5777,"{'is_target': True, 'verdict': '参加推奨', 'max_combo_prob': 0.0517, 'est_top_odds': 25.8, 'circle_concentration': 55.9, 'eligible_count': 6, 'bet_adj': 2, 'reason': 'rel_win1=59.1%（本命度） / 最有力組み合わせ確率: 0.052（推定実オッズ?26倍） / 2着集中度: 上位2艇 55.9%（補正+0.00） / 総合判定確率: 0.052 / → ヒモ分散。1号艇1着固定で広めのヒモ流し推奨（買い目+2点）', 'tenji_trigger': '展示確認: ヒモ分散レース。1号艇伸び確認後、広めのヒモ流しを採用。穴ヒモ（5・6号艇）を積極的に含める。\n展示で1号艇スタート超安定(0.129秒)→ヒモ固まり方向に注意'}",,,28.5,逃げ狙い,22.79,25.4,2,,,,,,,,,,,
2026-02-14,丸亀,12,5,高橋竜矢,A1,24.42,5,△,3.0899,14.6,65,48.3,0.1331,3.0172,,,0,低,31,0,-,244115,0,67.1,1.3119,,,,,,0,0.0417,0.0833,,,D,△,,0.2996,0.6585,,0.6354,S,100,0,◎1着固定 2-3着流し（5〜8点）,0.5777,"{'is_target': True, 'verdict': '参加推奨', 'max_combo_prob': 0.0517, 'est_top_odds': 25.8, 'circle_concentration': 55.9, 'eligible_count': 6, 'bet_adj': 2, 'reason': 'rel_win1=59.1%（本命度） / 最有力組み合わせ確率: 0.052（推定実オッズ?26倍） / 2着集中度: 上位2艇 55.9%（補正+0.00） / 総合判定確率: 0.052 / → ヒモ分散。1号艇1着固定で広めのヒモ流し推奨（買い目+2点）', 'tenji_trigger': '展示確認: ヒモ分散レース。1号艇伸び確認後、広めのヒモ流しを採用。穴ヒモ（5・6号艇）を積極的に含める。\n展示で1号艇スタート超安定(0.129秒)→ヒモ固まり方向に注意'}",,,28.5,逃げ狙い,22.79,25.4,2,,,,,,,,,,,
2026-02-14,丸亀,12,6,三嶌誠司,A1,22.22,6,,3.6899,7.4,88,51.4,0.1797,4.0286,,,0,低,84,0,-,132254,0,29.6,0.805,0,0.0588,0,0,0,0.1235,0.1643,0.0959,,,E,○,,0.1216,0.669,,0.6354,S,100,0,◎1着固定 2-3着流し（5〜8点）,0.5777,"{'is_target': True, 'verdict': '参加推奨', 'max_combo_prob': 0.0517, 'est_top_odds': 25.8, 'circle_concentration': 55.9, 'eligible_count': 6, 'bet_adj': 2, 'reason': 'rel_win1=59.1%（本命度） / 最有力組み合わせ確率: 0.052（推定実オッズ?26倍） / 2着集中度: 上位2艇 55.9%（補正+0.00） / 総合判定確率: 0.052 / → ヒモ分散。1号艇1着固定で広めのヒモ流し推奨（買い目+2点）', 'tenji_trigger': '展示確認: ヒモ分散レース。1号艇伸び確認後、広めのヒモ流しを採用。穴ヒモ（5・6号艇）を積極的に含める。\n展示で1号艇スタート超安定(0.129秒)→ヒモ固まり方向に注意'}",,,28.5,逃げ狙い,22.79,25.4,2,,,,,,,,,,,
2026-02-21,丸亀,1,1,西原明生,B1,28.70,1,◎,50.7313,,0,76.6,0.1485,3.5745,,,0,低,192,0,逃1%,,0,92.9,1.2535,0.4762,,,,,0.2571,0.2571,0.2762,△,,D,○,,,0.641,,0.3194,B,51,0,◎○△フォーメーション（15〜20点）,0.5777,"{'is_target': True, 'verdict': '参加推奨', 'max_combo_prob': 0.0586, 'est_top_odds': 22.8, 'circle_concentration': 61.9, 'eligible_count': 9, 'bet_adj': 2, 'reason': 'rel_win1=50.7%（本命度） / 最有力組み合わせ確率: 0.059（推定実オッズ?23倍） / 2着集中度: 上位2艇 61.9%（補正+0.00） / 総合判定確率: 0.059 / → ヒモ分散。1号艇1着固定で広めのヒモ流し推奨（買い目+2点）', 'tenji_trigger': '展示確認: ヒモ分散レース。1号艇伸び確認後、広めのヒモ流しを採用。穴ヒモ（5・6号艇）を積極的に含める。'}",,,29.5,両建て推奨,11.23,38.2,4,4-6-1|4-1-6|4-3-6|4-3-1|1-2-4|1-3-4|1-4-3|1-2-3|1-4-6,4-6-1|4-1-6|2-1-3|3-1-6|4-3-6|4-3-1|5-1-6|1-2-4|1-3-4|1-4-3|1-2-3|1-4-6,4-6-1:2.28%|4-1-6:2.01%|4-3-6:1.64%|4-3-1:1.55%|1-2-4:5.94%|1-3-4:5.37%|1-4-3:3.62%|1-2-3:3.6%|1-4-6:3.21%,4-6-1:B_main|4-1-6:B_main|4-3-6:B_main|4-3-1:B_main|1-2-4:A|1-3-4:A|1-4-3:A|1-2-3:A|1-4-6:A,9,12,0.4535,1,[!]見送り推奨（主役決まり手「まくり」― 逃げ劣勢レースで的中実績なし）,荒れ広め,D
2026-02-21,丸亀,1,2,廣部大明,B2,36.27,2,▲,13.5651,34.2,83,14.3,0.2043,3.5,,,0,低,61,1,-,,0,29.8,0.5609,,,,,,0,0.5,0.5,,,B,,,0.1161,0.424,,0.3194,B,51,0,◎○△フォーメーション（15〜20点）,0.5777,"{'is_target': True, 'verdict': '参加推奨', 'max_combo_prob': 0.0586, 'est_top_odds': 22.8, 'circle_concentration': 61.9, 'eligible_count': 9, 'bet_adj': 2, 'reason': 'rel_win1=50.7%（本命度） / 最有力組み合わせ確率: 0.059（推定実オッズ?23倍） / 2着集中度: 上位2艇 61.9%（補正+0.00） / 総合判定確率: 0.059 / → ヒモ分散。1号艇1着固定で広めのヒモ流し推奨（買い目+2点）', 'tenji_trigger': '展示確認: ヒモ分散レース。1号艇伸び確認後、広めのヒモ流しを採用。穴ヒモ（5・6号艇）を積極的に含める。'}",,,29.5,両建て推奨,11.23,38.2,4,,,,,,,,,,,
2026-02-21,丸亀,1,3,米田隆弘,B1,30.56,3,△,7.468,27.8,100,43.6,0.1723,3.4487,,,0,低,143,0,-,,0,24.7,0.6154,0,0,0,0.0323,0,0.0625,0.1607,0.025,,,C,△,,0.1989,0.624,,0.3194,B,51,0,◎○△フォーメーション（15〜20点）,0.5777,"{'is_target': True, 'verdict': '参加推奨', 'max_combo_prob': 0.0586, 'est_top_odds': 22.8, 'circle_concentration': 61.9, 'eligible_count': 9, 'bet_adj': 2, 'reason': 'rel_win1=50.7%（本命度） / 最有力組み合わせ確率: 0.059（推定実オッズ?23倍） / 2着集中度: 上位2艇 61.9%（補正+0.00） / 総合判定確率: 0.059 / → ヒモ分散。1号艇1着固定で広めのヒモ流し推奨（買い目+2点）', 'tenji_trigger': '展示確認: ヒモ分散レース。1号艇伸び確認後、広めのヒモ流しを採用。穴ヒモ（5・6号艇）を積極的に含める。'}",,,29.5,両建て推奨,11.23,38.2,4,,,,,,,,,,,
2026-02-21,丸亀,1,4,井手良太,B1,34.95,4,○,18.1876,19.8,76,49,0.122,2.3469,,,0,低,50,0,差0% ま0% 差ま0%,,0,75.4,1.4064,0,0.0476,0.1429,0.0476,0,0.0421,0.2632,0.2053,,◎,B,◎,◎,0.4574,0.667,0.4456,0.3194,B,51,0,◎○△フォーメーション（15〜20点）,0.5777,"{'is_target': True, 'verdict': '参加推奨', 'max_combo_prob': 0.0586, 'est_top_odds': 22.8, 'circle_concentration': 61.9, 'eligible_count': 9, 'bet_adj': 2, 'reason': 'rel_win1=50.7%（本命度） / 最有力組み合わせ確率: 0.059（推定実オッズ?23倍） / 2着集中度: 上位2艇 61.9%（補正+0.00） / 総合判定確率: 0.059 / → ヒモ分散。1号艇1着固定で広めのヒモ流し推奨（買い目+2点）', 'tenji_trigger': '展示確認: ヒモ分散レース。1号艇伸び確認後、広めのヒモ流しを採用。穴ヒモ（5・6号艇）を積極的に含める。'}",,,29.5,両建て推奨,11.23,38.2,4,,,,,,,,,,,
2026-02-21,丸亀,1,5,吉川颯汰,B2,30.77,5,,7.3617,13.3,78,0,0.29,6,,,0,低,18,1,-,,0,21.1,0.761,,,,,,,,,,,C,,,0.1733,0.3465,,0.3194,B,51,0,◎○△フォーメーション（15〜20点）,0.5777,"{'is_target': True, 'verdict': '参加推奨', 'max_combo_prob': 0.0586, 'est_top_odds': 22.8, 'circle_concentration': 61.9, 'eligible_count': 9, 'bet_adj': 2, 'reason': 'rel_win1=50.7%（本命度） / 最有力組み合わせ確率: 0.059（推定実オッズ?23倍） / 2着集中度: 上位2艇 61.9%（補正+0.00） / 総合判定確率: 0.059 / → ヒモ分散。1号艇1着固定で広めのヒモ流し推奨（買い目+2点）', 'tenji_trigger': '展示確認: ヒモ分散レース。1号艇伸び確認後、広めのヒモ流しを採用。穴ヒモ（5・6号艇）を積極的に含める。'}",,,29.5,両建て推奨,11.23,38.2,4,,,,,,,,,,,
2026-02-21,丸亀,1,6,三宅健太,B1,25.00,6,,2.6863,5,42,17.1,0.1788,4.439,,,0,低,124,0,-,,0,21.1,0.5922,,,,,,0.2109,0.0909,0.4691,,,E,△,,0.2522,0.621,,0.3194,B,51,0,◎○△フォーメーション（15〜20点）,0.5777,"{'is_target': True, 'verdict': '参加推奨', 'max_combo_prob': 0.0586, 'est_top_odds': 22.8, 'circle_concentration': 61.9, 'eligible_count': 9, 'bet_adj': 2, 'reason': 'rel_win1=50.7%（本命度） / 最有力組み合わせ確率: 0.059（推定実オッズ?23倍） / 2着集中度: 上位2艇 61.9%（補正+0.00） / 総合判定確率: 0.059 / → ヒモ分散。1号艇1着固定で広めのヒモ流し推奨（買い目+2点）', 'tenji_trigger': '展示確認: ヒモ分散レース。1号艇伸び確認後、広めのヒモ流しを採用。穴ヒモ（5・6号艇）を積極的に含める。'}",,,29.5,両建て推奨,11.23,38.2,4,,,,,,,,,,,
2026-02-21,丸亀,2,1,関根彰人,B1,39.45,1,◎,50.7164,,0,81.7,0.1412,3.0583,,,0,低,170,0,逃1%,,0,55,0.8803,0.5556,,,,,0,0.2042,0.1153,◎,,A,△,,,0.62,,0.4583,A,72,0,◎-○軸 3着3〜4艇流し（10〜15点）,0.5777,"{'is_target': True, 'verdict': '参加推奨', 'max_combo_prob': 0.0615, 'est_top_odds': 21.7, 'circle_concentration': 66.1, 'eligible_count': 8, 'bet_adj': 2, 'reason': 'rel_win1=50.7%（本命度） / 最有力組み合わせ確率: 0.062（推定実オッズ?22倍） / 2着集中度: 上位2艇 66.1%（補正+0.00） / 総合判定確率: 0.062 / → ヒモ分散。1号艇1着固定で広めのヒモ流し推奨（買い目+2点）', 'tenji_trigger': '展示確認: ヒモ分散レース。1号艇伸び確認後、広めのヒモ流しを採用。穴ヒモ（5・6号艇）を積極的に含める。'}",,,26.4,逃げ狙い,13.34,27.4,5,,,,,0,0,0.7559,0,,逃げ軸流し,A
2026-02-21,丸亀,2,2,丹下　健,B1,23.60,2,,11.384,35.8,84,49.1,0.182,3.7542,,,0,低,133,0,差0% ま0%,,0,48.7,0.8176,0,0.0357,0.0357,0,0,0.1962,0.2343,0.1771,,,E,,,0.0569,0.5945,,0.4583,A,72,0,◎-○軸 3着3〜4艇流し（10〜15点）,0.5777,"{'is_target': True, 'verdict': '参加推奨', 'max_combo_prob': 0.0615, 'est_top_odds': 21.7, 'circle_concentration': 66.1, 'eligible_count': 8, 'bet_adj': 2, 'reason': 'rel_win1=50.7%（本命度） / 最有力組み合わせ確率: 0.062（推定実オッズ?22倍） / 2着集中度: 上位2艇 66.1%（補正+0.00） / 総合判定確率: 0.062 / → ヒモ分散。1号艇1着固定で広めのヒモ流し推奨（買い目+2点）', 'tenji_trigger': '展示確認: ヒモ分散レース。1号艇伸び確認後、広めのヒモ流しを採用。穴ヒモ（5・6号艇）を積極的に含める。'}",,,26.4,逃げ狙い,13.34,27.4,5,,,,,,,,,,,
2026-02-21,丸亀,2,3,東　潤樹,B1,38.89,3,○,15.6165,30.3,100,55.3,0.1562,3.5706,,,0,低,191,0,-,,0,20.7,0.6387,0,0,0.0541,0.0811,0.027,0.1639,0.3139,0.0296,,,B,○,,0.242,0.6475,,0.4583,A,72,0,◎-○軸 3着3〜4艇流し（10〜15点）,0.5777,"{'is_target': True, 'verdict': '参加推奨', 'max_combo_prob': 0.0615, 'est_top_odds': 21.7, 'circle_concentration': 66.1, 'eligible_count': 8, 'bet_adj': 2, 'reason': 'rel_win1=50.7%（本命度） / 最有力組み合わせ確率: 0.062（推定実オッズ?22倍） / 2着集中度: 上位2艇 66.1%（補正+0.00） / 総合判定確率: 0.062 / → ヒモ分散。1号艇1着固定で広めのヒモ流し推奨（買い目+2点）', 'tenji_trigger': '展示確認: ヒモ分散レース。1号艇伸び確認後、広めのヒモ流しを採用。穴ヒモ（5・6号艇）を積極的に含める。'}",,,26.4,逃げ狙い,13.34,27.4,5,,,,,,,,,,,
2026-02-21,丸亀,2,4,町田洸希,B1,37.04,4,▲,10.8795,6.8,93,38.1,0.1673,3.7937,,,0,低,130,0,-,,0,100,2.3372,0,0,0.0833,0,0,0.1875,0.125,0.125,,,C,,○,0.2276,0.6035,0.1614,0.4583,A,72,0,◎-○軸 3着3〜4艇流し（10〜15点）,0.5777,"{'is_target': True, 'verdict': '参加推奨', 'max_combo_prob': 0.0615, 'est_top_odds': 21.7, 'circle_concentration': 66.1, 'eligible_count': 8, 'bet_adj': 2, 'reason': 'rel_win1=50.7%（本命度） / 最有力組み合わせ確率: 0.062（推定実オッズ?22倍） / 2着集中度: 上位2艇 66.1%（補正+0.00） / 総合判定確率: 0.062 / → ヒモ分散。1号艇1着固定で広めのヒモ流し推奨（買い目+2点）', 'tenji_trigger': '展示確認: ヒモ分散レース。1号艇伸び確認後、広めのヒモ流しを採用。穴ヒモ（5・6号艇）を積極的に含める。'}",,,26.4,逃げ狙い,13.34,27.4,5,,,,,,,,,,,
2026-02-21,丸亀,2,5,植田太一,A1,28.57,5,△,10.3116,21.6,53,46.3,0.1607,3.3806,,,0,低,115,0,ま0% 差ま0%,,0,72.6,1.4767,0,0,0.0312,0.0938,0,0.1066,0.0526,0.1171,,,D,△,◎,0.2646,0.6345,0.2576,0.4583,A,72,0,◎-○軸 3着3〜4艇流し（10〜15点）,0.5777,"{'is_target': True, 'verdict': '参加推奨', 'max_combo_prob': 0.0615, 'est_top_odds': 21.7, 'circle_concentration': 66.1, 'eligible_count': 8, 'bet_adj': 2, 'reason': 'rel_win1=50.7%（本命度） / 最有力組み合わせ確率: 0.062（推定実オッズ?22倍） / 2着集中度: 上位2艇 66.1%（補正+0.00） / 総合判定確率: 0.062 / → ヒモ分散。1号艇1着固定で広めのヒモ流し推奨（買い目+2点）', 'tenji_trigger': '展示確認: ヒモ分散レース。1号艇伸び確認後、広めのヒモ流しを採用。穴ヒモ（5・6号艇）を積極的に含める。'}",,,26.4,逃げ狙い,13.34,27.4,5,,,,,,,,,,,
2026-02-21,丸亀,2,6,高橋英之,A2,25.49,6,,1.092,5.5,49,27.1,0.135,2.9375,,,0,低,59,0,-,,0,28.6,1.1117,,,,,,0.064,0.164,0.132,,,D,◎,,0.3623,0.6665,,0.4583,A,72,0,◎-○軸 3着3〜4艇流し（10〜15点）,0.5777,"{'is_target': True, 'verdict': '参加推奨', 'max_combo_prob': 0.0615, 'est_top_odds': 21.7, 'circle_concentration': 66.1, 'eligible_count': 8, 'bet_adj': 2, 'reason': 'rel_win1=50.7%（本命度） / 最有力組み合わせ確率: 0.062（推定実オッズ?22倍） / 2着集中度: 上位2艇 66.1%（補正+0.00） / 総合判定確率: 0.062 / → ヒモ分散。1号艇1着固定で広めのヒモ流し推奨（買い目+2点）', 'tenji_trigger': '展示確認: ヒモ分散レース。1号艇伸び確認後、広めのヒモ流しを採用。穴ヒモ（5・6号艇）を積極的に含める。'}",,,26.4,逃げ狙い,13.34,27.4,5,,,,,,,,,,,
2026-02-21,丸亀,3,1,浦田晃嗣,B1,20.62,1,◎,51.9968,,0,75.7,0.1441,2.8919,,,0,低,95,0,逃0%,,0,78.1,0.9824,0.4286,,,,,0.1486,0.2343,0.2057,○,,E,△,,,0.642,,0.4029,A,68,0,◎-○軸 3着3〜4艇流し（10〜15点）,0.5777,"{'is_target': True, 'verdict': '参加推奨', 'max_combo_prob': 0.075, 'est_top_odds': 17.8, 'circle_concentration': 62.4, 'eligible_count': 8, 'bet_adj': 2, 'reason': 'rel_win1=52.0%（本命度） / 最有力組み合わせ確率: 0.075（推定実オッズ?18倍） / 2着集中度: 上位2艇 62.4%（補正+0.00） / 総合判定確率: 0.075 / → ヒモ分散。1号艇1着固定で広めのヒモ流し推奨（買い目+2点）', 'tenji_trigger': '展示確認: ヒモ分散レース。1号艇伸び確認後、広めのヒモ流しを採用。穴ヒモ（5・6号艇）を積極的に含める。'}",,,28.3,逃げ狙い,12.51,33.7,3,,,,,0,0,0.6155,0,,逃げ軸流し,A
2026-02-21,丸亀,3,2,岡本翔太,B1,35.00,2,○,15.6566,41.2,95,48.6,0.1272,2.5347,,,0,低,61,0,差0%,,0,53.8,1.0102,0,0.08,0,0,0.04,0.19,0.08,0.19,,◎,C,△,,0.4863,0.6355,,0.4029,A,68,0,◎-○軸 3着3〜4艇流し（10〜15点）,0.5777,"{'is_target': True, 'verdict': '参加推奨', 'max_combo_prob': 0.075, 'est_top_odds': 17.8, 'circle_concentration': 62.4, 'eligible_count': 8, 'bet_adj': 2, 'reason': 'rel_win1=52.0%（本命度） / 最有力組み合わせ確率: 0.075（推定実オッズ?18倍） / 2着集中度: 上位2艇 62.4%（補正+0.00） / 総合判定確率: 0.075 / → ヒモ分散。1号艇1着固定で広めのヒモ流し推奨（買い目+2点）', 'tenji_trigger': '展示確認: ヒモ分散レース。1号艇伸び確認後、広めのヒモ流しを採用。穴ヒモ（5・6号艇）を積極的に含める。'}",,,28.3,逃げ狙い,12.51,33.7,3,,,,,,,,,,,
2026-02-21,丸亀,3,3,吉永泰弘,B1,26.85,3,,11.2183,21.1,45,33.9,0.1642,3.6129,,,0,低,137,0,-,,0,84.2,1.5456,,,,,,0.2376,0.4541,0.0235,,,D,○,,0.2112,0.6525,,0.4029,A,68,0,◎-○軸 3着3〜4艇流し（10〜15点）,0.5777,"{'is_target': True, 'verdict': '参加推奨', 'max_combo_prob': 0.075, 'est_top_odds': 17.8, 'circle_concentration': 62.4, 'eligible_count': 8, 'bet_adj': 2, 'reason': 'rel_win1=52.0%（本命度） / 最有力組み合わせ確率: 0.075（推定実オッズ?18倍） / 2着集中度: 上位2艇 62.4%（補正+0.00） / 総合判定確率: 0.075 / → ヒモ分散。1号艇1着固定で広めのヒモ流し推奨（買い目+2点）', 'tenji_trigger': '展示確認: ヒモ分散レース。1号艇伸び確認後、広めのヒモ流しを採用。穴ヒモ（5・6号艇）を積極的に含める。'}",,,28.3,逃げ狙い,12.51,33.7,3,,,,,,,,,,,
2026-02-21,丸亀,3,4,渡辺　豊,B1,25.49,4,,8.2142,19.3,100,50,0.1976,4.3571,,,0,低,220,0,-,,0,71.7,0.627,0,0.0294,0.0294,0,0,0.1906,0.1059,0.1788,,,D,,,0.105,0.576,,0.4029,A,68,0,◎-○軸 3着3〜4艇流し（10〜15点）,0.5777,"{'is_target': True, 'verdict': '参加推奨', 'max_combo_prob': 0.075, 'est_top_odds': 17.8, 'circle_concentration': 62.4, 'eligible_count': 8, 'bet_adj': 2, 'reason': 'rel_win1=52.0%（本命度） / 最有力組み合わせ確率: 0.075（推定実オッズ?18倍） / 2着集中度: 上位2艇 62.4%（補正+0.00） / 総合判定確率: 0.075 / → ヒモ分散。1号艇1着固定で広めのヒモ流し推奨（買い目+2点）', 'tenji_trigger': '展示確認: ヒモ分散レース。1号艇伸び確認後、広めのヒモ流しを採用。穴ヒモ（5・6号艇）を積極的に含める。'}",,,28.3,逃げ狙い,12.51,33.7,3,,,,,,,,,,,
2026-02-21,丸亀,3,5,金子賢志,A1,38.68,5,▲,11.447,14,53,35.7,0.1454,2.7946,,,0,低,74,0,-,,0,27.4,0.4988,0,0,0.05,0,0,0.1338,0.0235,0.0235,,,B,◎,,0.2861,0.6825,,0.4029,A,68,0,◎-○軸 3着3〜4艇流し（10〜15点）,0.5777,"{'is_target': True, 'verdict': '参加推奨', 'max_combo_prob': 0.075, 'est_top_odds': 17.8, 'circle_concentration': 62.4, 'eligible_count': 8, 'bet_adj': 2, 'reason': 'rel_win1=52.0%（本命度） / 最有力組み合わせ確率: 0.075（推定実オッズ?18倍） / 2着集中度: 上位2艇 62.4%（補正+0.00） / 総合判定確率: 0.075 / → ヒモ分散。1号艇1着固定で広めのヒモ流し推奨（買い目+2点）', 'tenji_trigger': '展示確認: ヒモ分散レース。1号艇伸び確認後、広めのヒモ流しを採用。穴ヒモ（5・6号艇）を積極的に含める。'}",,,28.3,逃げ狙い,12.51,33.7,3,,,,,,,,,,,
2026-02-21,丸亀,3,6,川上聡介,A2,42.45,6,△,1.4671,4.3,88,33.3,0.1574,3.1667,,,0,低,77,0,-,,0,27.4,1.3075,,,,,,0.0593,0.1148,0.3037,,,A,,,0.2706,0.6225,,0.4029,A,68,0,◎-○軸 3着3〜4艇流し（10〜15点）,0.5777,"{'is_target': True, 'verdict': '参加推奨', 'max_combo_prob': 0.075, 'est_top_odds': 17.8, 'circle_concentration': 62.4, 'eligible_count': 8, 'bet_adj': 2, 'reason': 'rel_win1=52.0%（本命度） / 最有力組み合わせ確率: 0.075（推定実オッズ?18倍） / 2着集中度: 上位2艇 62.4%（補正+0.00） / 総合判定確率: 0.075 / → ヒモ分散。1号艇1着固定で広めのヒモ流し推奨（買い目+2点）', 'tenji_trigger': '展示確認: ヒモ分散レース。1号艇伸び確認後、広めのヒモ流しを採用。穴ヒモ（5・6号艇）を積極的に含める。'}",,,28.3,逃げ狙い,12.51,33.7,3,,,,,,,,,,,
2026-02-21,丸亀,4,1,伊藤雄二,B1,44.55,1,◎,38.9898,,0,59.7,0.1565,2.9035,,,0,低,128,0,逃0%,,0,46.4,0.7669,0.1818,,,,,0.2227,0.4636,0.0364,△,,B,,,,0.574,,0.3282,C,39,0,荒れ傾向。高配当狙いか見送り,0.5777,"{'is_target': False, 'verdict': '対象外', 'max_combo_prob': None, 'est_top_odds': None, 'circle_concentration': None, 'eligible_count': 0, 'bet_adj': 0, 'reason': '1号艇rel_win1 < 45%: 通常判定に委ねる', 'tenji_trigger': ''}",,,33.1,両建て推奨,19.99,41,2,6-1-2|1-2-6|1-2-4|1-2-5|1-3-6|1-3-4,4-1-2|4-2-1|6-1-2|4-1-3|3-2-5|4-2-3|3-5-2|1-2-6|1-2-4|1-2-5|1-3-6|1-3-4,6-1-2:2.11%|1-2-6:10.46%|1-2-4:8.72%|1-2-5:6.77%|1-3-6:6.55%|1-3-4:5.46%,6-1-2:B_main|1-2-6:A|1-2-4:A|1-2-5:A|1-3-6:A|1-3-4:A,6,12,0.4535,1,[!]見送り推奨（主役決まり手「まくり差し」― 逃げ劣勢レースで的中実績なし）,荒れ広め,D
2026-02-21,丸亀,4,2,松竹大輔,B1,42.73,2,△,18.2128,48.9,68,59,0.1506,3.2756,,,0,低,112,0,差0%,,0,49.5,1.0636,0,0.069,0,0,0,0.0444,0.0889,0.2093,,,C,△,,0.407,0.6475,,0.3282,C,39,0,荒れ傾向。高配当狙いか見送り,0.5777,"{'is_target': False, 'verdict': '対象外', 'max_combo_prob': None, 'est_top_odds': None, 'circle_concentration': None, 'eligible_count': 0, 'bet_adj': 0, 'reason': '1号艇rel_win1 < 45%: 通常判定に委ねる', 'tenji_trigger': ''}",,,33.1,両建て推奨,19.99,41,2,,,,,,,,,,,
2026-02-21,丸亀,4,3,吉川勇作,B1,49.51,3,▲,12.2198,19.5,93,44.4,0.1421,2.8264,,,0,低,92,0,-,,0,21.3,0.6587,0,0,0.0667,0.0333,0,0.3162,0.0381,0.0571,,△,B,△,,0.418,0.6335,,0.3282,C,39,0,荒れ傾向。高配当狙いか見送り,0.5777,"{'is_target': False, 'verdict': '対象外', 'max_combo_prob': None, 'est_top_odds': None, 'circle_concentration': None, 'eligible_count': 0, 'bet_adj': 0, 'reason': '1号艇rel_win1 < 45%: 通常判定に委ねる', 'tenji_trigger': ''}",,,33.1,両建て推奨,19.99,41,2,,,,,,,,,,,
2026-02-21,丸亀,4,4,梶山涼斗,B1,50.00,4,○,13.425,6.7,100,46.7,0.1287,2.4083,,,0,低,51,0,-,,0,64.7,0.7602,0,0.0323,0.0968,0.0323,0,0,0.0941,0.1671,,○,A,,○,0.4787,0.624,0.3238,0.3282,C,39,0,荒れ傾向。高配当狙いか見送り,0.5777,"{'is_target': False, 'verdict': '対象外', 'max_combo_prob': None, 'est_top_odds': None, 'circle_concentration': None, 'eligible_count': 0, 'bet_adj': 0, 'reason': '1号艇rel_win1 < 45%: 通常判定に委ねる', 'tenji_trigger': ''}",,,33.1,両建て推奨,19.99,41,2,,,,,,,,,,,
2026-02-21,丸亀,4,5,丸岡正典,A2,33.64,5,,11.1404,19.8,84,57.5,0.173,3.45,,,0,低,100,0,-,,0,32.6,1.2769,0,0,0,0.0833,0,0.0118,0.3042,0.1681,,,D,○,,0.3093,0.667,0.1567,0.3282,C,39,0,荒れ傾向。高配当狙いか見送り,0.5777,"{'is_target': False, 'verdict': '対象外', 'max_combo_prob': None, 'est_top_odds': None, 'circle_concentration': None, 'eligible_count': 0, 'bet_adj': 0, 'reason': '1号艇rel_win1 < 45%: 通常判定に委ねる', 'tenji_trigger': ''}",,,33.1,両建て推奨,19.99,41,2,,,,,,,,,,,
2026-02-21,丸亀,4,6,松村　敏,A1,26.80,6,,6.0123,5,92,47.3,0.1133,2.5364,,,0,低,28,0,差ま0% 抜0%,,0,94.6,1.9264,0,0,0,0.04,0.04,0.0085,0.0837,0.017,,◎,E,◎,◎,0.4898,0.8115,0.3897,0.3282,C,39,0,荒れ傾向。高配当狙いか見送り,0.5777,"{'is_target': False, 'verdict': '対象外', 'max_combo_prob': None, 'est_top_odds': None, 'circle_concentration': None, 'eligible_count': 0, 'bet_adj': 0, 'reason': '1号艇rel_win1 < 45%: 通常判定に委ねる', 'tenji_trigger': ''}",,,33.1,両建て推奨,19.99,41,2,,,,,,,,,,,
2026-02-21,丸亀,5,1,星　栄爾,B1,29.63,1,◎,56.2299,,0,91.1,0.1256,1.8291,,,0,低,115,0,逃1%,,0,76.3,1.1576,0.6585,,,,,0.0293,0.0293,0.2585,◎,,C,○,,,0.652,,0.7315,S,89,0,◎1着固定 2-3着流し（5〜8点）,0.5777,"{'is_target': True, 'verdict': '参加推奨', 'max_combo_prob': 0.0674, 'est_top_odds': 19.8, 'circle_concentration': 65.7, 'eligible_count': 6, 'bet_adj': 2, 'reason': 'rel_win1=56.2%（本命度） / 最有力組み合わせ確率: 0.067（推定実オッズ?20倍） / 2着集中度: 上位2艇 65.7%（補正+0.00） / 総合判定確率: 0.067 / → ヒモ分散。1号艇1着固定で広めのヒモ流し推奨（買い目+2点）', 'tenji_trigger': '展示確認: ヒモ分散レース。1号艇伸び確認後、広めのヒモ流しを採用。穴ヒモ（5・6号艇）を積極的に含める。\n展示で1号艇スタート超安定(0.126秒)→ヒモ固まり方向に注意'}",,,23.2,逃げ狙い,20.85,26.1,2,,,,,0,0,0.7559,0,,逃げ軸流し,A
2026-02-21,丸亀,5,2,宮内直哉,B1,37.86,2,○,9.7293,36.9,60,38.4,0.1885,4.0616,,,0,低,170,0,-,,0,45.2,1.1817,0,0,0,0,0,0.148,0.212,0.132,,,B,,,0.0819,0.6035,,0.7315,S,89,0,◎1着固定 2-3着流し（5〜8点）,0.5777,"{'is_target': True, 'verdict': '参加推奨', 'max_combo_prob': 0.0674, 'est_top_odds': 19.8, 'circle_concentration': 65.7, 'eligible_count': 6, 'bet_adj': 2, 'reason': 'rel_win1=56.2%（本命度） / 最有力組み合わせ確率: 0.067（推定実オッズ?20倍） / 2着集中度: 上位2艇 65.7%（補正+0.00） / 総合判定確率: 0.067 / → ヒモ分散。1号艇1着固定で広めのヒモ流し推奨（買い目+2点）', 'tenji_trigger': '展示確認: ヒモ分散レース。1号艇伸び確認後、広めのヒモ流しを採用。穴ヒモ（5・6号艇）を積極的に含める。\n展示で1号艇スタート超安定(0.126秒)→ヒモ固まり方向に注意'}",,,23.2,逃げ狙い,20.85,26.1,2,,,,,,,,,,,
2026-02-21,丸亀,5,3,佐藤　航,A2,33.65,3,▲,13.817,28.8,100,80,0.1678,3.75,,,0,低,110,0,-,,0,100,0.9723,0,0,0.0625,0,0,0.1304,0.1304,0.087,,,C,,,0.1163,0.5775,,0.7315,S,89,0,◎1着固定 2-3着流し（5〜8点）,0.5777,"{'is_target': True, 'verdict': '参加推奨', 'max_combo_prob': 0.0674, 'est_top_odds': 19.8, 'circle_concentration': 65.7, 'eligible_count': 6, 'bet_adj': 2, 'reason': 'rel_win1=56.2%（本命度） / 最有力組み合わせ確率: 0.067（推定実オッズ?20倍） / 2着集中度: 上位2艇 65.7%（補正+0.00） / 総合判定確率: 0.067 / → ヒモ分散。1号艇1着固定で広めのヒモ流し推奨（買い目+2点）', 'tenji_trigger': '展示確認: ヒモ分散レース。1号艇伸び確認後、広めのヒモ流しを採用。穴ヒモ（5・6号艇）を積極的に含める。\n展示で1号艇スタート超安定(0.126秒)→ヒモ固まり方向に注意'}",,,23.2,逃げ狙い,20.85,26.1,2,,,,,,,,,,,
2026-02-21,丸亀,5,4,川添英正,B1,35.85,4,△,8.0223,19,64,44.3,0.1982,4.4262,,,0,低,169,0,-,,0,56.3,1.3777,,,,,,0.19,0.1,0.04,,,B,◎,,0.1423,0.657,,0.7315,S,89,0,◎1着固定 2-3着流し（5〜8点）,0.5777,"{'is_target': True, 'verdict': '参加推奨', 'max_combo_prob': 0.0674, 'est_top_odds': 19.8, 'circle_concentration': 65.7, 'eligible_count': 6, 'bet_adj': 2, 'reason': 'rel_win1=56.2%（本命度） / 最有力組み合わせ確率: 0.067（推定実オッズ?20倍） / 2着集中度: 上位2艇 65.7%（補正+0.00） / 総合判定確率: 0.067 / → ヒモ分散。1号艇1着固定で広めのヒモ流し推奨（買い目+2点）', 'tenji_trigger': '展示確認: ヒモ分散レース。1号艇伸び確認後、広めのヒモ流しを採用。穴ヒモ（5・6号艇）を積極的に含める。\n展示で1号艇スタート超安定(0.126秒)→ヒモ固まり方向に注意'}",,,23.2,逃げ狙い,20.85,26.1,2,,,,,,,,,,,
2026-02-21,丸亀,5,5,片橋幸貴,B2,25.00,5,,7.1006,10.7,64,53.2,0.1472,3.5213,,,0,低,80,0,-,,0,28,0.7074,0,0,0,0,0.0625,0.0308,0.0462,0.2615,,,E,△,,0.2457,0.629,,0.7315,S,89,0,◎1着固定 2-3着流し（5〜8点）,0.5777,"{'is_target': True, 'verdict': '参加推奨', 'max_combo_prob': 0.0674, 'est_top_odds': 19.8, 'circle_concentration': 65.7, 'eligible_count': 6, 'bet_adj': 2, 'reason': 'rel_win1=56.2%（本命度） / 最有力組み合わせ確率: 0.067（推定実オッズ?20倍） / 2着集中度: 上位2艇 65.7%（補正+0.00） / 総合判定確率: 0.067 / → ヒモ分散。1号艇1着固定で広めのヒモ流し推奨（買い目+2点）', 'tenji_trigger': '展示確認: ヒモ分散レース。1号艇伸び確認後、広めのヒモ流しを採用。穴ヒモ（5・6号艇）を積極的に含める。\n展示で1号艇スタート超安定(0.126秒)→ヒモ固まり方向に注意'}",,,23.2,逃げ狙い,20.85,26.1,2,,,,,,,,,,,
2026-02-21,丸亀,5,6,大峯　豊,A1,25.47,6,,5.1008,4.6,80,72.7,0.1932,3.8409,,,0,低,88,0,差ま0%,,0,33,2.7967,0,0,0,0.1667,0,0.1308,0.0308,0.0154,,,D,△,,0.1427,0.627,,0.7315,S,89,0,◎1着固定 2-3着流し（5〜8点）,0.5777,"{'is_target': True, 'verdict': '参加推奨', 'max_combo_prob': 0.0674, 'est_top_odds': 19.8, 'circle_concentration': 65.7, 'eligible_count': 6, 'bet_adj': 2, 'reason': 'rel_win1=56.2%（本命度） / 最有力組み合わせ確率: 0.067（推定実オッズ?20倍） / 2着集中度: 上位2艇 65.7%（補正+0.00） / 総合判定確率: 0.067 / → ヒモ分散。1号艇1着固定で広めのヒモ流し推奨（買い目+2点）', 'tenji_trigger': '展示確認: ヒモ分散レース。1号艇伸び確認後、広めのヒモ流しを採用。穴ヒモ（5・6号艇）を積極的に含める。\n展示で1号艇スタート超安定(0.126秒)→ヒモ固まり方向に注意'}",,,23.2,逃げ狙い,20.85,26.1,2,,,,,,,,,,,
2026-02-21,丸亀,6,1,四宮与寛,A2,27.37,1,◎,57.9211,,0,89.2,0.1315,2.7095,,,0,低,60,0,逃0%,,0,88.5,1.1446,0.4839,,,,,0.1116,0.1374,0.0258,◎,,D,○,,,0.6545,,0.5246,A,77,0,◎-○軸 3着3〜4艇流し（10〜15点）,0.5777,"{'is_target': True, 'verdict': '参加推奨', 'max_combo_prob': 0.0647, 'est_top_odds': 20.6, 'circle_concentration': 66.3, 'eligible_count': 8, 'bet_adj': 2, 'reason': 'rel_win1=57.9%（本命度） / 最有力組み合わせ確率: 0.065（推定実オッズ?21倍） / 2着集中度: 上位2艇 66.3%（補正+0.00） / 総合判定確率: 0.065 / → ヒモ分散。1号艇1着固定で広めのヒモ流し推奨（買い目+2点）', 'tenji_trigger': '展示確認: ヒモ分散レース。1号艇伸び確認後、広めのヒモ流しを採用。穴ヒモ（5・6号艇）を積極的に含める。\n展示で1号艇スタート超安定(0.132秒)→ヒモ固まり方向に注意'}",,,26.7,逃げ狙い,13.52,28.2,4,,,,,0,0,0.7559,0,,逃げ軸流し,A
2026-02-21,丸亀,6,2,三原　司,B1,27.72,2,△,8.8918,33.2,100,43.8,0.1925,4.4297,,,0,低,167,0,-,,0,30.2,0.7302,0,0.0741,0,0,0,0.2452,0.2071,0.0571,,,C,△,,0.0826,0.624,,0.5246,A,77,0,◎-○軸 3着3〜4艇流し（10〜15点）,0.5777,"{'is_target': True, 'verdict': '参加推奨', 'max_combo_prob': 0.0647, 'est_top_odds': 20.6, 'circle_concentration': 66.3, 'eligible_count': 8, 'bet_adj': 2, 'reason': 'rel_win1=57.9%（本命度） / 最有力組み合わせ確率: 0.065（推定実オッズ?21倍） / 2着集中度: 上位2艇 66.3%（補正+0.00） / 総合判定確率: 0.065 / → ヒモ分散。1号艇1着固定で広めのヒモ流し推奨（買い目+2点）', 'tenji_trigger': '展示確認: ヒモ分散レース。1号艇伸び確認後、広めのヒモ流しを採用。穴ヒモ（5・6号艇）を積極的に含める。\n展示で1号艇スタート超安定(0.132秒)→ヒモ固まり方向に注意'}",,,26.7,逃げ狙い,13.52,28.2,4,,,,,,,,,,,
2026-02-21,丸亀,6,3,廣部大明,B2,36.27,3,▲,12.9861,27.3,86,14.3,0.21,4.2857,,,0,低,61,1,-,,0,24.5,0.759,,,,,,0,0.5,0.5,,,B,,,0.156,0.424,,0.5246,A,77,0,◎-○軸 3着3〜4艇流し（10〜15点）,0.5777,"{'is_target': True, 'verdict': '参加推奨', 'max_combo_prob': 0.0647, 'est_top_odds': 20.6, 'circle_concentration': 66.3, 'eligible_count': 8, 'bet_adj': 2, 'reason': 'rel_win1=57.9%（本命度） / 最有力組み合わせ確率: 0.065（推定実オッズ?21倍） / 2着集中度: 上位2艇 66.3%（補正+0.00） / 総合判定確率: 0.065 / → ヒモ分散。1号艇1着固定で広めのヒモ流し推奨（買い目+2点）', 'tenji_trigger': '展示確認: ヒモ分散レース。1号艇伸び確認後、広めのヒモ流しを採用。穴ヒモ（5・6号艇）を積極的に含める。\n展示で1号艇スタート超安定(0.132秒)→ヒモ固まり方向に注意'}",,,26.7,逃げ狙い,13.52,28.2,4,,,,,,,,,,,
2026-02-21,丸亀,6,4,中岡正彦,A1,45.79,4,○,15.1082,33.2,86,68.8,0.1175,2.2604,,,0,低,42,0,ま0%,,0,56.8,1.0204,0,0,0.2609,0,0,0.1103,0,0.0588,,◎,A,△,◎,0.4285,0.649,0.4375,0.5246,A,77,0,◎-○軸 3着3〜4艇流し（10〜15点）,0.5777,"{'is_target': True, 'verdict': '参加推奨', 'max_combo_prob': 0.0647, 'est_top_odds': 20.6, 'circle_concentration': 66.3, 'eligible_count': 8, 'bet_adj': 2, 'reason': 'rel_win1=57.9%（本命度） / 最有力組み合わせ確率: 0.065（推定実オッズ?21倍） / 2着集中度: 上位2艇 66.3%（補正+0.00） / 総合判定確率: 0.065 / → ヒモ分散。1号艇1着固定で広めのヒモ流し推奨（買い目+2点）', 'tenji_trigger': '展示確認: ヒモ分散レース。1号艇伸び確認後、広めのヒモ流しを採用。穴ヒモ（5・6号艇）を積極的に含める。\n展示で1号艇スタート超安定(0.132秒)→ヒモ固まり方向に注意'}",,,26.7,逃げ狙い,13.52,28.2,4,,,,,,,,,,,
2026-02-21,丸亀,6,5,廣瀬真也,A2,19.00,5,,4.0394,6,80,46.2,0.1544,3.0769,,,0,低,83,0,ま0%,,0,70,1.231,0,0,0.05,0,0,0.0242,0.1364,0.1364,,,E,◎,,0.2288,0.6585,,0.5246,A,77,0,◎-○軸 3着3〜4艇流し（10〜15点）,0.5777,"{'is_target': True, 'verdict': '参加推奨', 'max_combo_prob': 0.0647, 'est_top_odds': 20.6, 'circle_concentration': 66.3, 'eligible_count': 8, 'bet_adj': 2, 'reason': 'rel_win1=57.9%（本命度） / 最有力組み合わせ確率: 0.065（推定実オッズ?21倍） / 2着集中度: 上位2艇 66.3%（補正+0.00） / 総合判定確率: 0.065 / → ヒモ分散。1号艇1着固定で広めのヒモ流し推奨（買い目+2点）', 'tenji_trigger': '展示確認: ヒモ分散レース。1号艇伸び確認後、広めのヒモ流しを採用。穴ヒモ（5・6号艇）を積極的に含める。\n展示で1号艇スタート超安定(0.132秒)→ヒモ固まり方向に注意'}",,,26.7,逃げ狙い,13.52,28.2,4,,,,,,,,,,,
2026-02-21,丸亀,6,6,内田　壮,B2,21.78,6,,1.0534,0.4,31,6.3,0.2209,4.8861,,,0,低,49,0,-,,0,23.6,0.4533,,,,,,,,,,,D,,,0.1585,0.468,,0.5246,A,77,0,◎-○軸 3着3〜4艇流し（10〜15点）,0.5777,"{'is_target': True, 'verdict': '参加推奨', 'max_combo_prob': 0.0647, 'est_top_odds': 20.6, 'circle_concentration': 66.3, 'eligible_count': 8, 'bet_adj': 2, 'reason': 'rel_win1=57.9%（本命度） / 最有力組み合わせ確率: 0.065（推定実オッズ?21倍） / 2着集中度: 上位2艇 66.3%（補正+0.00） / 総合判定確率: 0.065 / → ヒモ分散。1号艇1着固定で広めのヒモ流し推奨（買い目+2点）', 'tenji_trigger': '展示確認: ヒモ分散レース。1号艇伸び確認後、広めのヒモ流しを採用。穴ヒモ（5・6号艇）を積極的に含める。\n展示で1号艇スタート超安定(0.132秒)→ヒモ固まり方向に注意'}",,,26.7,逃げ狙い,13.52,28.2,4,,,,,,,,,,,
2026-02-21,丸亀,7,1,町田洸希,B1,37.04,1,◎,52.9576,,0,89.2,0.1505,2.8514,,,0,低,130,0,逃0%,,0,87.7,1.1253,0.5,,,,,0.1875,0.125,0.125,○,,B,△,,,0.6035,,0.4374,A,69,0,◎-○軸 3着3〜4艇流し（10〜15点）,0.5777,"{'is_target': True, 'verdict': '点数絞り', 'max_combo_prob': 0.0888, 'est_top_odds': 15.0, 'circle_concentration': 84.5, 'eligible_count': 8, 'bet_adj': 0, 'reason': 'rel_win1=53.0%（本命度） / 最有力組み合わせ確率: 0.089（推定実オッズ?15倍） / 2着集中度: 上位2艇 84.5%（補正+0.04） / 総合判定確率: 0.129 / → ヒモはやや固め。上位2艇以外を切ること', 'tenji_trigger': '展示確認: 1号艇伸び良→そのまま採用。悪→飛び組に差し替え。circle_pct上位2艇に絞り込むこと。'}",,,28.8,逃げ狙い,15.3,32.6,3,,,,,0,0,0.6155,0,,主役軸流し,B
2026-02-21,丸亀,7,2,大神康司,A2,44.23,2,▲,14.3326,32,90,60.7,0.1769,3.6885,,,0,低,61,0,-,,0,50.5,0.9524,0,0.1923,0,0,0,0.2807,0,0.067,,,A,△,,0.0951,0.6115,,0.4374,A,69,0,◎-○軸 3着3〜4艇流し（10〜15点）,0.5777,"{'is_target': True, 'verdict': '点数絞り', 'max_combo_prob': 0.0888, 'est_top_odds': 15.0, 'circle_concentration': 84.5, 'eligible_count': 8, 'bet_adj': 0, 'reason': 'rel_win1=53.0%（本命度） / 最有力組み合わせ確率: 0.089（推定実オッズ?15倍） / 2着集中度: 上位2艇 84.5%（補正+0.04） / 総合判定確率: 0.129 / → ヒモはやや固め。上位2艇以外を切ること', 'tenji_trigger': '展示確認: 1号艇伸び良→そのまま採用。悪→飛び組に差し替え。circle_pct上位2艇に絞り込むこと。'}",,,28.8,逃げ狙い,15.3,32.6,3,,,,,,,,,,,
2026-02-21,丸亀,7,3,中村晃朋,A1,35.85,3,○,19.0974,52.5,91,85.7,0.1346,2.7143,,,0,低,56,0,差0% ま0% 差ま0%,,0,62.3,1.1865,0,0.0769,0.1538,0.0769,0.0769,0.1745,0,0.1564,,◎,C,◎,,0.3904,0.678,,0.4374,A,69,0,◎-○軸 3着3〜4艇流し（10〜15点）,0.5777,"{'is_target': True, 'verdict': '点数絞り', 'max_combo_prob': 0.0888, 'est_top_odds': 15.0, 'circle_concentration': 84.5, 'eligible_count': 8, 'bet_adj': 0, 'reason': 'rel_win1=53.0%（本命度） / 最有力組み合わせ確率: 0.089（推定実オッズ?15倍） / 2着集中度: 上位2艇 84.5%（補正+0.04） / 総合判定確率: 0.129 / → ヒモはやや固め。上位2艇以外を切ること', 'tenji_trigger': '展示確認: 1号艇伸び良→そのまま採用。悪→飛び組に差し替え。circle_pct上位2艇に絞り込むこと。'}",,,28.8,逃げ狙い,15.3,32.6,3,,,,,,,,,,,
2026-02-21,丸亀,7,4,三宅健太,B1,25.00,4,△,7.7662,10.3,100,44.1,0.1751,3.9237,,,0,低,124,0,-,,0,55.8,0.9562,0,0,0.1364,0,0,0.2109,0.0909,0.4691,,,D,○,,0.2175,0.621,,0.4374,A,69,0,◎-○軸 3着3〜4艇流し（10〜15点）,0.5777,"{'is_target': True, 'verdict': '点数絞り', 'max_combo_prob': 0.0888, 'est_top_odds': 15.0, 'circle_concentration': 84.5, 'eligible_count': 8, 'bet_adj': 0, 'reason': 'rel_win1=53.0%（本命度） / 最有力組み合わせ確率: 0.089（推定実オッズ?15倍） / 2着集中度: 上位2艇 84.5%（補正+0.04） / 総合判定確率: 0.129 / → ヒモはやや固め。上位2艇以外を切ること', 'tenji_trigger': '展示確認: 1号艇伸び良→そのまま採用。悪→飛び組に差し替え。circle_pct上位2艇に絞り込むこと。'}",,,28.8,逃げ狙い,15.3,32.6,3,,,,,,,,,,,
2026-02-21,丸亀,7,5,田中宏典,B1,25.23,5,,3.8637,3.1,58,16.7,0.204,4.2381,,,0,低,103,0,差ま0%,,0,33.6,0.654,0,0,0,0.0526,0,0,0.1,0.2167,,,D,,,0.1125,0.581,,0.4374,A,69,0,◎-○軸 3着3〜4艇流し（10〜15点）,0.5777,"{'is_target': True, 'verdict': '点数絞り', 'max_combo_prob': 0.0888, 'est_top_odds': 15.0, 'circle_concentration': 84.5, 'eligible_count': 8, 'bet_adj': 0, 'reason': 'rel_win1=53.0%（本命度） / 最有力組み合わせ確率: 0.089（推定実オッズ?15倍） / 2着集中度: 上位2艇 84.5%（補正+0.04） / 総合判定確率: 0.129 / → ヒモはやや固め。上位2艇以外を切ること', 'tenji_trigger': '展示確認: 1号艇伸び良→そのまま採用。悪→飛び組に差し替え。circle_pct上位2艇に絞り込むこと。'}",,,28.8,逃げ狙い,15.3,32.6,3,,,,,,,,,,,
2026-02-21,丸亀,7,6,野長瀬正,A2,24.24,6,,1.9824,2.1,65,15.4,0.2715,5.6923,,,0,低,105,1,-,,0,24.8,0.5883,,,,,,0.2,0.0343,0.2257,,,E,,,0.1384,0.586,,0.4374,A,69,0,◎-○軸 3着3〜4艇流し（10〜15点）,0.5777,"{'is_target': True, 'verdict': '点数絞り', 'max_combo_prob': 0.0888, 'est_top_odds': 15.0, 'circle_concentration': 84.5, 'eligible_count': 8, 'bet_adj': 0, 'reason': 'rel_win1=53.0%（本命度） / 最有力組み合わせ確率: 0.089（推定実オッズ?15倍） / 2着集中度: 上位2艇 84.5%（補正+0.04） / 総合判定確率: 0.129 / → ヒモはやや固め。上位2艇以外を切ること', 'tenji_trigger': '展示確認: 1号艇伸び良→そのまま採用。悪→飛び組に差し替え。circle_pct上位2艇に絞り込むこと。'}",,,28.8,逃げ狙い,15.3,32.6,3,,,,,,,,,,,
2026-02-21,丸亀,8,1,久田敏之,A1,21.21,1,◎,71.6905,,0,100,0.1276,2.2241,,,0,低,53,0,逃1%,,0,80.5,1.109,0.8636,,,,,0,0.0455,0.0909,◎,,D,,,,0.559,,0.8035,S,100,0,◎1着固定 2-3着流し（5〜8点）,0.5777,"{'is_target': True, 'verdict': '参加推奨', 'max_combo_prob': 0.0901, 'est_top_odds': 14.8, 'circle_concentration': 66.6, 'eligible_count': 6, 'bet_adj': 2, 'reason': 'rel_win1=71.7%（本命度） / 最有力組み合わせ確率: 0.090（推定実オッズ?15倍） / 2着集中度: 上位2艇 66.6%（補正+0.00） / 総合判定確率: 0.090 / → ヒモ分散。1号艇1着固定で広めのヒモ流し推奨（買い目+2点）', 'tenji_trigger': '展示確認: ヒモ分散レース。1号艇伸び確認後、広めのヒモ流しを採用。穴ヒモ（5・6号艇）を積極的に含める。\n展示で1号艇スタート超安定(0.128秒)→ヒモ固まり方向に注意'}",,,25.3,逃げ狙い,14.26,23.7,2,,,,,0,0,0.7559,0,,逃げ軸流し,A
2026-02-21,丸亀,8,2,古田祐貴,A2,20.21,2,,10.7936,36.8,100,75,0.152,3.1917,,,0,低,105,0,差0%,,0,37.6,0.7805,0,0.125,0,0,0,0.2088,0.1971,0.1338,,,E,◎,,0.0844,0.6265,,0.8035,S,100,0,◎1着固定 2-3着流し（5〜8点）,0.5777,"{'is_target': True, 'verdict': '参加推奨', 'max_combo_prob': 0.0901, 'est_top_odds': 14.8, 'circle_concentration': 66.6, 'eligible_count': 6, 'bet_adj': 2, 'reason': 'rel_win1=71.7%（本命度） / 最有力組み合わせ確率: 0.090（推定実オッズ?15倍） / 2着集中度: 上位2艇 66.6%（補正+0.00） / 総合判定確率: 0.090 / → ヒモ分散。1号艇1着固定で広めのヒモ流し推奨（買い目+2点）', 'tenji_trigger': '展示確認: ヒモ分散レース。1号艇伸び確認後、広めのヒモ流しを採用。穴ヒモ（5・6号艇）を積極的に含める。\n展示で1号艇スタート超安定(0.128秒)→ヒモ固まり方向に注意'}",,,25.3,逃げ狙い,14.26,23.7,2,,,,,,,,,,,
2026-02-21,丸亀,8,3,渡辺　豊,B1,25.49,3,△,5.2449,29.8,64,54.7,0.1825,4.0267,,,0,低,220,0,-,,0,32.8,0.8254,0,0,0.0333,0,0,0.1906,0.1059,0.1788,,,C,△,,0.1038,0.576,,0.8035,S,100,0,◎1着固定 2-3着流し（5〜8点）,0.5777,"{'is_target': True, 'verdict': '参加推奨', 'max_combo_prob': 0.0901, 'est_top_odds': 14.8, 'circle_concentration': 66.6, 'eligible_count': 6, 'bet_adj': 2, 'reason': 'rel_win1=71.7%（本命度） / 最有力組み合わせ確率: 0.090（推定実オッズ?15倍） / 2着集中度: 上位2艇 66.6%（補正+0.00） / 総合判定確率: 0.090 / → ヒモ分散。1号艇1着固定で広めのヒモ流し推奨（買い目+2点）', 'tenji_trigger': '展示確認: ヒモ分散レース。1号艇伸び確認後、広めのヒモ流しを採用。穴ヒモ（5・6号艇）を積極的に含める。\n展示で1号艇スタート超安定(0.128秒)→ヒモ固まり方向に注意'}",,,25.3,逃げ狙い,14.26,23.7,2,,,,,,,,,,,
2026-02-21,丸亀,8,4,山口裕二,A2,22.77,4,▲,8.8303,19.1,61,59.7,0.1624,3.5081,,,0,低,129,0,-,,0,93.4,1.7377,0,0.0385,0,0.1154,0,0.0229,0.1171,0.1171,,,D,△,◎,0.1655,0.619,0.4963,0.8035,S,100,0,◎1着固定 2-3着流し（5〜8点）,0.5777,"{'is_target': True, 'verdict': '参加推奨', 'max_combo_prob': 0.0901, 'est_top_odds': 14.8, 'circle_concentration': 66.6, 'eligible_count': 6, 'bet_adj': 2, 'reason': 'rel_win1=71.7%（本命度） / 最有力組み合わせ確率: 0.090（推定実オッズ?15倍） / 2着集中度: 上位2艇 66.6%（補正+0.00） / 総合判定確率: 0.090 / → ヒモ分散。1号艇1着固定で広めのヒモ流し推奨（買い目+2点）', 'tenji_trigger': '展示確認: ヒモ分散レース。1号艇伸び確認後、広めのヒモ流しを採用。穴ヒモ（5・6号艇）を積極的に含める。\n展示で1号艇スタート超安定(0.128秒)→ヒモ固まり方向に注意'}",,,25.3,逃げ狙い,14.26,23.7,2,,,,,,,,,,,
2026-02-21,丸亀,8,5,関根彰人,B1,39.45,5,○,2.4264,12.7,48,28.6,0.197,4.3714,,,0,低,170,0,-,,0,36.8,0.7898,,,,,,0,0.2042,0.1153,,,A,○,,0.1366,0.62,,0.8035,S,100,0,◎1着固定 2-3着流し（5〜8点）,0.5777,"{'is_target': True, 'verdict': '参加推奨', 'max_combo_prob': 0.0901, 'est_top_odds': 14.8, 'circle_concentration': 66.6, 'eligible_count': 6, 'bet_adj': 2, 'reason': 'rel_win1=71.7%（本命度） / 最有力組み合わせ確率: 0.090（推定実オッズ?15倍） / 2着集中度: 上位2艇 66.6%（補正+0.00） / 総合判定確率: 0.090 / → ヒモ分散。1号艇1着固定で広めのヒモ流し推奨（買い目+2点）', 'tenji_trigger': '展示確認: ヒモ分散レース。1号艇伸び確認後、広めのヒモ流しを採用。穴ヒモ（5・6号艇）を積極的に含める。\n展示で1号艇スタート超安定(0.128秒)→ヒモ固まり方向に注意'}",,,25.3,逃げ狙い,14.26,23.7,2,,,,,,,,,,,
2026-02-21,丸亀,8,6,吉川颯汰,B2,30.77,6,,1.0144,1.6,28,0,0.2388,4.9231,,,0,低,18,0,-,,0,24.6,0.6572,,,,,,,,,,,B,,,0.135,0.3465,,0.8035,S,100,0,◎1着固定 2-3着流し（5〜8点）,0.5777,"{'is_target': True, 'verdict': '参加推奨', 'max_combo_prob': 0.0901, 'est_top_odds': 14.8, 'circle_concentration': 66.6, 'eligible_count': 6, 'bet_adj': 2, 'reason': 'rel_win1=71.7%（本命度） / 最有力組み合わせ確率: 0.090（推定実オッズ?15倍） / 2着集中度: 上位2艇 66.6%（補正+0.00） / 総合判定確率: 0.090 / → ヒモ分散。1号艇1着固定で広めのヒモ流し推奨（買い目+2点）', 'tenji_trigger': '展示確認: ヒモ分散レース。1号艇伸び確認後、広めのヒモ流しを採用。穴ヒモ（5・6号艇）を積極的に含める。\n展示で1号艇スタート超安定(0.128秒)→ヒモ固まり方向に注意'}",,,25.3,逃げ狙い,14.26,23.7,2,,,,,,,,,,,
2026-02-21,丸亀,9,1,江本真治,A2,40.91,1,◎,62.6262,,0,89.2,0.1434,2.9036,,,0,低,105,0,逃1%,,0,80.2,0.9849,0.5556,,,,,0.1156,0.1156,0.1644,◎,,C,◎,,,0.6785,,0.4969,S,85,0,◎1着固定 2-3着流し（5〜8点）,0.5777,"{'is_target': True, 'verdict': '参加推奨', 'max_combo_prob': 0.072, 'est_top_odds': 18.5, 'circle_concentration': 64.9, 'eligible_count': 6, 'bet_adj': 2, 'reason': 'rel_win1=62.6%（本命度） / 最有力組み合わせ確率: 0.072（推定実オッズ?18倍） / 2着集中度: 上位2艇 64.9%（補正+0.00） / 総合判定確率: 0.072 / → ヒモ分散。1号艇1着固定で広めのヒモ流し推奨（買い目+2点）', 'tenji_trigger': '展示確認: ヒモ分散レース。1号艇伸び確認後、広めのヒモ流しを採用。穴ヒモ（5・6号艇）を積極的に含める。'}",,,26.9,逃げ狙い,12.64,29.5,5,,,,,0,0,0.7559,0,,逃げ軸流し,A
2026-02-21,丸亀,9,2,井手良太,B1,34.95,2,△,10.8314,37.7,55,55,0.1442,2.6917,,,0,低,50,0,-,,0,82.7,0.9136,0,0.0435,0.0435,0,0,0.0421,0.2632,0.2053,,,D,○,,0.3183,0.667,,0.4969,S,85,0,◎1着固定 2-3着流し（5〜8点）,0.5777,"{'is_target': True, 'verdict': '参加推奨', 'max_combo_prob': 0.072, 'est_top_odds': 18.5, 'circle_concentration': 64.9, 'eligible_count': 6, 'bet_adj': 2, 'reason': 'rel_win1=62.6%（本命度） / 最有力組み合わせ確率: 0.072（推定実オッズ?18倍） / 2着集中度: 上位2艇 64.9%（補正+0.00） / 総合判定確率: 0.072 / → ヒモ分散。1号艇1着固定で広めのヒモ流し推奨（買い目+2点）', 'tenji_trigger': '展示確認: ヒモ分散レース。1号艇伸び確認後、広めのヒモ流しを採用。穴ヒモ（5・6号艇）を積極的に含める。'}",,,26.9,逃げ狙い,12.64,29.5,5,,,,,,,,,,,
2026-02-21,丸亀,9,3,高橋英之,A2,25.49,3,,9.2469,27.2,95,55,0.131,2.3917,,,0,低,59,0,差0% 差ま0%,,0,37,1.0098,0,0.05,0,0.05,0,0.064,0.164,0.132,,◎,E,△,,0.3689,0.6665,,0.4969,S,85,0,◎1着固定 2-3着流し（5〜8点）,0.5777,"{'is_target': True, 'verdict': '参加推奨', 'max_combo_prob': 0.072, 'est_top_odds': 18.5, 'circle_concentration': 64.9, 'eligible_count': 6, 'bet_adj': 2, 'reason': 'rel_win1=62.6%（本命度） / 最有力組み合わせ確率: 0.072（推定実オッズ?18倍） / 2着集中度: 上位2艇 64.9%（補正+0.00） / 総合判定確率: 0.072 / → ヒモ分散。1号艇1着固定で広めのヒモ流し推奨（買い目+2点）', 'tenji_trigger': '展示確認: ヒモ分散レース。1号艇伸び確認後、広めのヒモ流しを採用。穴ヒモ（5・6号艇）を積極的に含める。'}",,,26.9,逃げ狙い,12.64,29.5,5,,,,,,,,,,,
2026-02-21,丸亀,9,4,川上聡介,A2,42.45,4,,6.1767,24.7,100,53.1,0.1586,3.2959,,,0,低,77,0,ま0%,,0,47.2,1.0019,0,0,0.0833,0,0,0.0593,0.1148,0.3037,,,C,,,0.2578,0.6225,,0.4969,S,85,0,◎1着固定 2-3着流し（5〜8点）,0.5777,"{'is_target': True, 'verdict': '参加推奨', 'max_combo_prob': 0.072, 'est_top_odds': 18.5, 'circle_concentration': 64.9, 'eligible_count': 6, 'bet_adj': 2, 'reason': 'rel_win1=62.6%（本命度） / 最有力組み合わせ確率: 0.072（推定実オッズ?18倍） / 2着集中度: 上位2艇 64.9%（補正+0.00） / 総合判定確率: 0.072 / → ヒモ分散。1号艇1着固定で広めのヒモ流し推奨（買い目+2点）', 'tenji_trigger': '展示確認: ヒモ分散レース。1号艇伸び確認後、広めのヒモ流しを採用。穴ヒモ（5・6号艇）を積極的に含める。'}",,,26.9,逃げ狙い,12.64,29.5,5,,,,,,,,,,,
2026-02-21,丸亀,9,5,後藤正宗,B1,43.27,5,▲,9.898,8.2,77,39.6,0.1458,2.7642,,,0,低,94,0,差0% ま0% 差ま0%,,0,34.6,1.3371,0,0.05,0.05,0.05,0,0.1769,0.0615,0.1154,,,B,△,◎,0.3014,0.6345,0.2994,0.4969,S,85,0,◎1着固定 2-3着流し（5〜8点）,0.5777,"{'is_target': True, 'verdict': '参加推奨', 'max_combo_prob': 0.072, 'est_top_odds': 18.5, 'circle_concentration': 64.9, 'eligible_count': 6, 'bet_adj': 2, 'reason': 'rel_win1=62.6%（本命度） / 最有力組み合わせ確率: 0.072（推定実オッズ?18倍） / 2着集中度: 上位2艇 64.9%（補正+0.00） / 総合判定確率: 0.072 / → ヒモ分散。1号艇1着固定で広めのヒモ流し推奨（買い目+2点）', 'tenji_trigger': '展示確認: ヒモ分散レース。1号艇伸び確認後、広めのヒモ流しを採用。穴ヒモ（5・6号艇）を積極的に含める。'}",,,26.9,逃げ狙い,12.64,29.5,5,,,,,,,,,,,
2026-02-21,丸亀,9,6,梶山涼斗,B1,50.00,6,○,1.2207,2.2,56,15.6,0.1451,3.5111,,,0,低,51,0,-,,0,27.9,0.84,,,,,,0,0.0941,0.1671,,,A,,,0.3244,0.624,,0.4969,S,85,0,◎1着固定 2-3着流し（5〜8点）,0.5777,"{'is_target': True, 'verdict': '参加推奨', 'max_combo_prob': 0.072, 'est_top_odds': 18.5, 'circle_concentration': 64.9, 'eligible_count': 6, 'bet_adj': 2, 'reason': 'rel_win1=62.6%（本命度） / 最有力組み合わせ確率: 0.072（推定実オッズ?18倍） / 2着集中度: 上位2艇 64.9%（補正+0.00） / 総合判定確率: 0.072 / → ヒモ分散。1号艇1着固定で広めのヒモ流し推奨（買い目+2点）', 'tenji_trigger': '展示確認: ヒモ分散レース。1号艇伸び確認後、広めのヒモ流しを採用。穴ヒモ（5・6号艇）を積極的に含める。'}",,,26.9,逃げ狙い,12.64,29.5,5,,,,,,,,,,,
2026-02-21,丸亀,10,1,丸岡正典,A2,33.64,1,◎,66.4025,,0,90.2,0.1626,3.2213,,,0,低,100,0,逃1%,,0,82.1,1.006,0.6471,,,,,0.0118,0.3042,0.1681,◎,,C,◎,,,0.667,,0.4819,S,80,0,◎1着固定 2-3着流し（5〜8点）,0.5777,"{'is_target': True, 'verdict': '参加推奨', 'max_combo_prob': 0.0661, 'est_top_odds': 20.2, 'circle_concentration': 64.4, 'eligible_count': 6, 'bet_adj': 2, 'reason': 'rel_win1=66.4%（本命度） / 最有力組み合わせ確率: 0.066（推定実オッズ?20倍） / 2着集中度: 上位2艇 64.4%（補正+0.00） / 総合判定確率: 0.066 / → ヒモ分散。1号艇1着固定で広めのヒモ流し推奨（買い目+2点）', 'tenji_trigger': '展示確認: ヒモ分散レース。1号艇伸び確認後、広めのヒモ流しを採用。穴ヒモ（5・6号艇）を積極的に含める。'}",,,27.2,逃げ狙い,11.03,31.7,3,,,,,0,0,0.7559,0,,逃げ軸流し,A
2026-02-21,丸亀,10,2,川添英正,B1,35.85,2,△,9.7205,27.4,90,46.4,0.1862,4.5652,,,0,低,169,0,差0% 抜0%,,0,64.4,0.7802,0,0.1034,0,0,0.0345,0.19,0.1,0.04,,,B,△,,0.0889,0.657,,0.4819,S,80,0,◎1着固定 2-3着流し（5〜8点）,0.5777,"{'is_target': True, 'verdict': '参加推奨', 'max_combo_prob': 0.0661, 'est_top_odds': 20.2, 'circle_concentration': 64.4, 'eligible_count': 6, 'bet_adj': 2, 'reason': 'rel_win1=66.4%（本命度） / 最有力組み合わせ確率: 0.066（推定実オッズ?20倍） / 2着集中度: 上位2艇 64.4%（補正+0.00） / 総合判定確率: 0.066 / → ヒモ分散。1号艇1着固定で広めのヒモ流し推奨（買い目+2点）', 'tenji_trigger': '展示確認: ヒモ分散レース。1号艇伸び確認後、広めのヒモ流しを採用。穴ヒモ（5・6号艇）を積極的に含める。'}",,,27.2,逃げ狙い,11.03,31.7,3,,,,,,,,,,,
2026-02-21,丸亀,10,3,廣瀬真也,A2,19.00,3,,9.7105,34.6,100,53.4,0.1407,2.5086,,,0,低,83,0,ま0% 差ま0%,,0,44.8,1.0008,0,0,0.0345,0.0345,0,0.0242,0.1364,0.1364,,○,E,○,,0.4207,0.6585,,0.4819,S,80,0,◎1着固定 2-3着流し（5〜8点）,0.5777,"{'is_target': True, 'verdict': '参加推奨', 'max_combo_prob': 0.0661, 'est_top_odds': 20.2, 'circle_concentration': 64.4, 'eligible_count': 6, 'bet_adj': 2, 'reason': 'rel_win1=66.4%（本命度） / 最有力組み合わせ確率: 0.066（推定実オッズ?20倍） / 2着集中度: 上位2艇 64.4%（補正+0.00） / 総合判定確率: 0.066 / → ヒモ分散。1号艇1着固定で広めのヒモ流し推奨（買い目+2点）', 'tenji_trigger': '展示確認: ヒモ分散レース。1号艇伸び確認後、広めのヒモ流しを採用。穴ヒモ（5・6号艇）を積極的に含める。'}",,,27.2,逃げ狙い,11.03,31.7,3,,,,,,,,,,,
2026-02-21,丸亀,10,4,岡瀬正人,A2,46.15,4,▲,6.2266,29.8,88,53.6,0.1865,4.4928,,,0,低,176,0,差ま0% 抜0%,,0,48.6,1.0064,0,0,0,0.0333,0.0333,0.0955,0.1727,0.0545,,,A,△,,0.2348,0.6505,,0.4819,S,80,0,◎1着固定 2-3着流し（5〜8点）,0.5777,"{'is_target': True, 'verdict': '参加推奨', 'max_combo_prob': 0.0661, 'est_top_odds': 20.2, 'circle_concentration': 64.4, 'eligible_count': 6, 'bet_adj': 2, 'reason': 'rel_win1=66.4%（本命度） / 最有力組み合わせ確率: 0.066（推定実オッズ?20倍） / 2着集中度: 上位2艇 64.4%（補正+0.00） / 総合判定確率: 0.066 / → ヒモ分散。1号艇1着固定で広めのヒモ流し推奨（買い目+2点）', 'tenji_trigger': '展示確認: ヒモ分散レース。1号艇伸び確認後、広めのヒモ流しを採用。穴ヒモ（5・6号艇）を積極的に含める。'}",,,27.2,逃げ狙い,11.03,31.7,3,,,,,,,,,,,
2026-02-21,丸亀,10,5,岡本翔太,B1,35.00,5,○,4.2261,6.9,86,29,0.1323,2.6774,,,0,低,61,0,-,,0,36.6,0.774,0,0,0,0.0417,0,0.19,0.08,0.19,,◎,C,,,0.4264,0.6355,,0.4819,S,80,0,◎1着固定 2-3着流し（5〜8点）,0.5777,"{'is_target': True, 'verdict': '参加推奨', 'max_combo_prob': 0.0661, 'est_top_odds': 20.2, 'circle_concentration': 64.4, 'eligible_count': 6, 'bet_adj': 2, 'reason': 'rel_win1=66.4%（本命度） / 最有力組み合わせ確率: 0.066（推定実オッズ?20倍） / 2着集中度: 上位2艇 64.4%（補正+0.00） / 総合判定確率: 0.066 / → ヒモ分散。1号艇1着固定で広めのヒモ流し推奨（買い目+2点）', 'tenji_trigger': '展示確認: ヒモ分散レース。1号艇伸び確認後、広めのヒモ流しを採用。穴ヒモ（5・6号艇）を積極的に含める。'}",,,27.2,逃げ狙い,11.03,31.7,3,,,,,,,,,,,
2026-02-21,丸亀,10,6,丹下　健,B1,23.60,6,,3.7137,1.3,49,27.1,0.1794,3.8438,,,0,低,133,0,-,,0,25,1.1867,,,,,,0.1962,0.2343,0.1771,,,D,,,0.3059,0.5945,,0.4819,S,80,0,◎1着固定 2-3着流し（5〜8点）,0.5777,"{'is_target': True, 'verdict': '参加推奨', 'max_combo_prob': 0.0661, 'est_top_odds': 20.2, 'circle_concentration': 64.4, 'eligible_count': 6, 'bet_adj': 2, 'reason': 'rel_win1=66.4%（本命度） / 最有力組み合わせ確率: 0.066（推定実オッズ?20倍） / 2着集中度: 上位2艇 64.4%（補正+0.00） / 総合判定確率: 0.066 / → ヒモ分散。1号艇1着固定で広めのヒモ流し推奨（買い目+2点）', 'tenji_trigger': '展示確認: ヒモ分散レース。1号艇伸び確認後、広めのヒモ流しを採用。穴ヒモ（5・6号艇）を積極的に含める。'}",,,27.2,逃げ狙い,11.03,31.7,3,,,,,,,,,,,
2026-02-21,丸亀,11,1,植田太一,A1,28.57,1,◎,61.5125,,0,91.2,0.149,2.8162,,,0,低,115,0,逃1%,,0,89.9,1.1791,0.6579,,,,,0.1066,0.0526,0.1171,◎,,C,△,,,0.6345,,0.5612,S,81,0,◎1着固定 2-3着流し（5〜8点）,0.5777,"{'is_target': True, 'verdict': '点数絞り', 'max_combo_prob': 0.0922, 'est_top_odds': 14.5, 'circle_concentration': 71.7, 'eligible_count': 6, 'bet_adj': 0, 'reason': 'rel_win1=61.5%（本命度） / 最有力組み合わせ確率: 0.092（推定実オッズ?14倍） / 2着集中度: 上位2艇 71.7%（補正+0.04） / 総合判定確率: 0.132 / → ヒモはやや固め。上位2艇以外を切ること', 'tenji_trigger': '展示確認: 1号艇伸び良→そのまま採用。悪→飛び組に差し替え。circle_pct上位2艇に絞り込むこと。'}",,,27.9,逃げ狙い,18.65,27.2,2,,,,,0,0,0.7559,0,,逃げ軸流し,A
2026-02-21,丸亀,11,2,佐藤　航,A2,33.65,2,○,19.4151,49.3,80,68.6,0.1788,3.4412,,,0,低,110,0,差1%,,0,31.8,0.9262,0,0.3333,0,0,0,0.1304,0.1304,0.087,,,B,,,0.146,0.5775,,0.5612,S,81,0,◎1着固定 2-3着流し（5〜8点）,0.5777,"{'is_target': True, 'verdict': '点数絞り', 'max_combo_prob': 0.0922, 'est_top_odds': 14.5, 'circle_concentration': 71.7, 'eligible_count': 6, 'bet_adj': 0, 'reason': 'rel_win1=61.5%（本命度） / 最有力組み合わせ確率: 0.092（推定実オッズ?14倍） / 2着集中度: 上位2艇 71.7%（補正+0.04） / 総合判定確率: 0.132 / → ヒモはやや固め。上位2艇以外を切ること', 'tenji_trigger': '展示確認: 1号艇伸び良→そのまま採用。悪→飛び組に差し替え。circle_pct上位2艇に絞り込むこと。'}",,,27.9,逃げ狙い,18.65,27.2,2,,,,,,,,,,,
2026-02-21,丸亀,11,3,野長瀬正,A2,24.24,3,,6.3482,21.6,87,55.4,0.1632,3.1696,,,0,低,105,0,差0%,,0,32.7,0.9354,0,0.0526,0,0,0,0.2,0.0343,0.2257,,,E,,,0.214,0.586,,0.5612,S,81,0,◎1着固定 2-3着流し（5〜8点）,0.5777,"{'is_target': True, 'verdict': '点数絞り', 'max_combo_prob': 0.0922, 'est_top_odds': 14.5, 'circle_concentration': 71.7, 'eligible_count': 6, 'bet_adj': 0, 'reason': 'rel_win1=61.5%（本命度） / 最有力組み合わせ確率: 0.092（推定実オッズ?14倍） / 2着集中度: 上位2艇 71.7%（補正+0.04） / 総合判定確率: 0.132 / → ヒモはやや固め。上位2艇以外を切ること', 'tenji_trigger': '展示確認: 1号艇伸び良→そのまま採用。悪→飛び組に差し替え。circle_pct上位2艇に絞り込むこと。'}",,,27.9,逃げ狙い,18.65,27.2,2,,,,,,,,,,,
2026-02-21,丸亀,11,4,四宮与寛,A2,27.37,4,▲,7.5117,22.4,95,57.4,0.1354,2.6311,,,0,低,60,0,-,,0,31.2,0.8123,0,0.0357,0.0357,0,0,0.1116,0.1374,0.0258,,,D,◎,◎,0.3463,0.6545,0.4326,0.5612,S,81,0,◎1着固定 2-3着流し（5〜8点）,0.5777,"{'is_target': True, 'verdict': '点数絞り', 'max_combo_prob': 0.0922, 'est_top_odds': 14.5, 'circle_concentration': 71.7, 'eligible_count': 6, 'bet_adj': 0, 'reason': 'rel_win1=61.5%（本命度） / 最有力組み合わせ確率: 0.092（推定実オッズ?14倍） / 2着集中度: 上位2艇 71.7%（補正+0.04） / 総合判定確率: 0.132 / → ヒモはやや固め。上位2艇以外を切ること', 'tenji_trigger': '展示確認: 1号艇伸び良→そのまま採用。悪→飛び組に差し替え。circle_pct上位2艇に絞り込むこと。'}",,,27.9,逃げ狙い,18.65,27.2,2,,,,,,,,,,,
2026-02-21,丸亀,11,5,吉永泰弘,B1,26.85,5,,4.1612,4.3,100,40,0.1986,4,,,0,低,137,0,差0%,,0,55.6,1.23,0,0.0833,0,0,0,0.2376,0.4541,0.0235,,,D,○,,0.1419,0.6525,,0.5612,S,81,0,◎1着固定 2-3着流し（5〜8点）,0.5777,"{'is_target': True, 'verdict': '点数絞り', 'max_combo_prob': 0.0922, 'est_top_odds': 14.5, 'circle_concentration': 71.7, 'eligible_count': 6, 'bet_adj': 0, 'reason': 'rel_win1=61.5%（本命度） / 最有力組み合わせ確率: 0.092（推定実オッズ?14倍） / 2着集中度: 上位2艇 71.7%（補正+0.04） / 総合判定確率: 0.132 / → ヒモはやや固め。上位2艇以外を切ること', 'tenji_trigger': '展示確認: 1号艇伸び良→そのまま採用。悪→飛び組に差し替え。circle_pct上位2艇に絞り込むこと。'}",,,27.9,逃げ狙い,18.65,27.2,2,,,,,,,,,,,
2026-02-21,丸亀,11,6,米田隆弘,B1,30.56,6,△,1.0512,2.4,47,17.2,0.1888,3.9297,,,0,低,143,0,-,,0,25.8,0.7572,,,,,,0.0625,0.1607,0.025,,,C,△,,0.194,0.624,,0.5612,S,81,0,◎1着固定 2-3着流し（5〜8点）,0.5777,"{'is_target': True, 'verdict': '点数絞り', 'max_combo_prob': 0.0922, 'est_top_odds': 14.5, 'circle_concentration': 71.7, 'eligible_count': 6, 'bet_adj': 0, 'reason': 'rel_win1=61.5%（本命度） / 最有力組み合わせ確率: 0.092（推定実オッズ?14倍） / 2着集中度: 上位2艇 71.7%（補正+0.04） / 総合判定確率: 0.132 / → ヒモはやや固め。上位2艇以外を切ること', 'tenji_trigger': '展示確認: 1号艇伸び良→そのまま採用。悪→飛び組に差し替え。circle_pct上位2艇に絞り込むこと。'}",,,27.9,逃げ狙い,18.65,27.2,2,,,,,,,,,,,
2026-02-21,丸亀,12,1,中岡正彦,A1,45.79,1,◎,51.5858,,0,93.3,0.1175,2.4083,,,0,低,42,0,逃1%,,0,59.5,1.0601,0.7647,,,,,0.1103,0,0.0588,◎,,A,△,,,0.649,,0.6398,S,87,0,◎1着固定 2-3着流し（5〜8点）,0.5777,"{'is_target': True, 'verdict': '参加推奨', 'max_combo_prob': 0.0574, 'est_top_odds': 23.2, 'circle_concentration': 65.7, 'eligible_count': 6, 'bet_adj': 2, 'reason': 'rel_win1=51.6%（本命度） / 最有力組み合わせ確率: 0.057（推定実オッズ?23倍） / 2着集中度: 上位2艇 65.7%（補正+0.00） / 総合判定確率: 0.057 / → ヒモ分散。1号艇1着固定で広めのヒモ流し推奨（買い目+2点）', 'tenji_trigger': '展示確認: ヒモ分散レース。1号艇伸び確認後、広めのヒモ流しを採用。穴ヒモ（5・6号艇）を積極的に含める。\n展示で1号艇スタート超安定(0.117秒)→ヒモ固まり方向に注意'}",,,32,逃げ狙い,35.88,24.2,2,,,,,0,0,0.7559,0,,逃げ軸流し,A
2026-02-21,丸亀,12,2,松村　敏,A1,26.80,2,○,16.4853,34.7,100,81,0.1209,2.5431,,,0,低,28,0,差0% ま0%,,0,51.4,1.3181,0,0.2759,0.1379,0,0,0.0085,0.0837,0.017,,◎,D,◎,,0.327,0.8115,,0.6398,S,87,0,◎1着固定 2-3着流し（5〜8点）,0.5777,"{'is_target': True, 'verdict': '参加推奨', 'max_combo_prob': 0.0574, 'est_top_odds': 23.2, 'circle_concentration': 65.7, 'eligible_count': 6, 'bet_adj': 2, 'reason': 'rel_win1=51.6%（本命度） / 最有力組み合わせ確率: 0.057（推定実オッズ?23倍） / 2着集中度: 上位2艇 65.7%（補正+0.00） / 総合判定確率: 0.057 / → ヒモ分散。1号艇1着固定で広めのヒモ流し推奨（買い目+2点）', 'tenji_trigger': '展示確認: ヒモ分散レース。1号艇伸び確認後、広めのヒモ流しを採用。穴ヒモ（5・6号艇）を積極的に含める。\n展示で1号艇スタート超安定(0.117秒)→ヒモ固まり方向に注意'}",,,32,逃げ狙い,35.88,24.2,2,,,,,,,,,,,
2026-02-21,丸亀,12,3,久田敏之,A1,21.21,3,,11.8425,31.1,78,82,0.1328,2.65,,,0,低,53,0,-,,0,36.6,1.2521,0,0.0588,0.0588,0.2353,0,0,0.0455,0.0909,,,E,,,0.2509,0.559,,0.6398,S,87,0,◎1着固定 2-3着流し（5〜8点）,0.5777,"{'is_target': True, 'verdict': '参加推奨', 'max_combo_prob': 0.0574, 'est_top_odds': 23.2, 'circle_concentration': 65.7, 'eligible_count': 6, 'bet_adj': 2, 'reason': 'rel_win1=51.6%（本命度） / 最有力組み合わせ確率: 0.057（推定実オッズ?23倍） / 2着集中度: 上位2艇 65.7%（補正+0.00） / 総合判定確率: 0.057 / → ヒモ分散。1号艇1着固定で広めのヒモ流し推奨（買い目+2点）', 'tenji_trigger': '展示確認: ヒモ分散レース。1号艇伸び確認後、広めのヒモ流しを採用。穴ヒモ（5・6号艇）を積極的に含める。\n展示で1号艇スタート超安定(0.117秒)→ヒモ固まり方向に注意'}",,,32,逃げ狙い,35.88,24.2,2,,,,,,,,,,,
2026-02-21,丸亀,12,4,大峯　豊,A1,25.47,4,,11.8086,20.7,94,76.7,0.1537,3.2326,,,0,低,88,0,差0% ま0% 差ま0%,,0,68.3,1.5532,0,0.05,0.15,0.15,0,0.1308,0.0308,0.0154,,,D,,◎,0.1815,0.627,0.3947,0.6398,S,87,0,◎1着固定 2-3着流し（5〜8点）,0.5777,"{'is_target': True, 'verdict': '参加推奨', 'max_combo_prob': 0.0574, 'est_top_odds': 23.2, 'circle_concentration': 65.7, 'eligible_count': 6, 'bet_adj': 2, 'reason': 'rel_win1=51.6%（本命度） / 最有力組み合わせ確率: 0.057（推定実オッズ?23倍） / 2着集中度: 上位2艇 65.7%（補正+0.00） / 総合判定確率: 0.057 / → ヒモ分散。1号艇1着固定で広めのヒモ流し推奨（買い目+2点）', 'tenji_trigger': '展示確認: ヒモ分散レース。1号艇伸び確認後、広めのヒモ流しを採用。穴ヒモ（5・6号艇）を積極的に含める。\n展示で1号艇スタート超安定(0.117秒)→ヒモ固まり方向に注意'}",,,32,逃げ狙い,35.88,24.2,2,,,,,,,,,,,
2026-02-21,丸亀,12,5,中村晃朋,A1,35.85,5,▲,3.4809,11.2,42,34.2,0.1432,3.4474,,,0,低,56,0,-,,0,100,2.7712,0,0,0,0.0909,0,0.1745,0,0.1564,,,C,△,,0.2091,0.678,,0.6398,S,87,0,◎1着固定 2-3着流し（5〜8点）,0.5777,"{'is_target': True, 'verdict': '参加推奨', 'max_combo_prob': 0.0574, 'est_top_odds': 23.2, 'circle_concentration': 65.7, 'eligible_count': 6, 'bet_adj': 2, 'reason': 'rel_win1=51.6%（本命度） / 最有力組み合わせ確率: 0.057（推定実オッズ?23倍） / 2着集中度: 上位2艇 65.7%（補正+0.00） / 総合判定確率: 0.057 / → ヒモ分散。1号艇1着固定で広めのヒモ流し推奨（買い目+2点）', 'tenji_trigger': '展示確認: ヒモ分散レース。1号艇伸び確認後、広めのヒモ流しを採用。穴ヒモ（5・6号艇）を積極的に含める。\n展示で1号艇スタート超安定(0.117秒)→ヒモ固まり方向に注意'}",,,32,逃げ狙い,35.88,24.2,2,,,,,,,,,,,
2026-02-21,丸亀,12,6,金子賢志,A1,38.68,6,△,4.797,2.4,79,31.6,0.1589,3.0351,,,0,低,74,0,差ま0%,,0,49.9,1.4164,0,0,0,0.1,0,0.1338,0.0235,0.0235,,,B,○,○,0.1664,0.6825,0.2283,0.6398,S,87,0,◎1着固定 2-3着流し（5〜8点）,0.5777,"{'is_target': True, 'verdict': '参加推奨', 'max_combo_prob': 0.0574, 'est_top_odds': 23.2, 'circle_concentration': 65.7, 'eligible_count': 6, 'bet_adj': 2, 'reason': 'rel_win1=51.6%（本命度） / 最有力組み合わせ確率: 0.057（推定実オッズ?23倍） / 2着集中度: 上位2艇 65.7%（補正+0.00） / 総合判定確率: 0.057 / → ヒモ分散。1号艇1着固定で広めのヒモ流し推奨（買い目+2点）', 'tenji_trigger': '展示確認: ヒモ分散レース。1号艇伸び確認後、広めのヒモ流しを採用。穴ヒモ（5・6号艇）を積極的に含める。\n展示で1号艇スタート超安定(0.117秒)→ヒモ固まり方向に注意'}",,,32,逃げ狙い,35.88,24.2,2,,,,,,,,,,,
2026-02-22,丸亀,1,1,東　潤樹,B1,38.89,1,◎,61.1423,,0,78,0.1793,3.7034,,,0,低,191,0,逃1%,3,0,52.1,0.8821,0.4815,,,,,0.1639,0.3139,0.0296,○,,A,○,,,0.6475,,0.3522,A,67,0,◎-○軸 3着3〜4艇流し（10〜15点）,0.5777,"{'is_target': True, 'verdict': '参加推奨', 'max_combo_prob': 0.0787, 'est_top_odds': 16.9, 'circle_concentration': 66.4, 'eligible_count': 8, 'bet_adj': 2, 'reason': 'rel_win1=61.1%（本命度） / 最有力組み合わせ確率: 0.079（推定実オッズ?17倍） / 2着集中度: 上位2艇 66.4%（補正+0.00） / 総合判定確率: 0.079 / → ヒモ分散。1号艇1着固定で広めのヒモ流し推奨（買い目+2点）', 'tenji_trigger': '展示確認: ヒモ分散レース。1号艇伸び確認後、広めのヒモ流しを採用。穴ヒモ（5・6号艇）を積極的に含める。'}",,,29.9,逃げ狙い,16.54,34.9,4,,,,,0,0,0.6155,0,,逃げ軸流し,A
2026-02-22,丸亀,1,2,浦田晃嗣,B1,20.62,2,,8.6711,25.2,100,33.8,0.1649,3.3015,,,0,低,95,0,ま0%,1,0,19.9,0.6048,0,0,0.069,0,0,0.1486,0.2343,0.2057,,◎,E,△,,0.4775,0.642,,0.3522,A,67,0,◎-○軸 3着3〜4艇流し（10〜15点）,0.5777,"{'is_target': True, 'verdict': '参加推奨', 'max_combo_prob': 0.0787, 'est_top_odds': 16.9, 'circle_concentration': 66.4, 'eligible_count': 8, 'bet_adj': 2, 'reason': 'rel_win1=61.1%（本命度） / 最有力組み合わせ確率: 0.079（推定実オッズ?17倍） / 2着集中度: 上位2艇 66.4%（補正+0.00） / 総合判定確率: 0.079 / → ヒモ分散。1号艇1着固定で広めのヒモ流し推奨（買い目+2点）', 'tenji_trigger': '展示確認: ヒモ分散レース。1号艇伸び確認後、広めのヒモ流しを採用。穴ヒモ（5・6号艇）を積極的に含める。'}",,,29.9,逃げ狙い,16.54,34.9,4,,,,,,,,,,,
2026-02-22,丸亀,1,3,三原　司,B1,27.72,3,▲,12.6528,41.2,82,51.9,0.1794,3.9416,,,0,低,167,0,-,3,0,34.1,0.9302,0,0,0.0571,0.0286,0,0.2452,0.2071,0.0571,,,C,,,0.3268,0.624,,0.3522,A,67,0,◎-○軸 3着3〜4艇流し（10〜15点）,0.5777,"{'is_target': True, 'verdict': '参加推奨', 'max_combo_prob': 0.0787, 'est_top_odds': 16.9, 'circle_concentration': 66.4, 'eligible_count': 8, 'bet_adj': 2, 'reason': 'rel_win1=61.1%（本命度） / 最有力組み合わせ確率: 0.079（推定実オッズ?17倍） / 2着集中度: 上位2艇 66.4%（補正+0.00） / 総合判定確率: 0.079 / → ヒモ分散。1号艇1着固定で広めのヒモ流し推奨（買い目+2点）', 'tenji_trigger': '展示確認: ヒモ分散レース。1号艇伸び確認後、広めのヒモ流しを採用。穴ヒモ（5・6号艇）を積極的に含める。'}",,,29.9,逃げ狙い,16.54,34.9,4,,,,,,,,,,,
2026-02-22,丸亀,1,4,西原明生,B1,28.70,4,○,9.7804,17.8,56,27.4,0.1813,4.2742,,,0,低,192,0,差0%,1,0,71.7,1.5021,0,0.04,0,0,0,0.2571,0.2571,0.2762,,,C,△,,0.3211,0.641,,0.3522,A,67,0,◎-○軸 3着3〜4艇流し（10〜15点）,0.5777,"{'is_target': True, 'verdict': '参加推奨', 'max_combo_prob': 0.0787, 'est_top_odds': 16.9, 'circle_concentration': 66.4, 'eligible_count': 8, 'bet_adj': 2, 'reason': 'rel_win1=61.1%（本命度） / 最有力組み合わせ確率: 0.079（推定実オッズ?17倍） / 2着集中度: 上位2艇 66.4%（補正+0.00） / 総合判定確率: 0.079 / → ヒモ分散。1号艇1着固定で広めのヒモ流し推奨（買い目+2点）', 'tenji_trigger': '展示確認: ヒモ分散レース。1号艇伸び確認後、広めのヒモ流しを採用。穴ヒモ（5・6号艇）を積極的に含める。'}",,,29.9,逃げ狙い,16.54,34.9,4,,,,,,,,,,,
2026-02-22,丸亀,1,5,内田　壮,B2,21.78,5,△,6.5407,14.9,86,0,0.15,4.5,,,0,低,49,1,-,6,0,33.2,0.7583,,,,,,,,,,○,D,,,0.4542,0.468,,0.3522,A,67,0,◎-○軸 3着3〜4艇流し（10〜15点）,0.5777,"{'is_target': True, 'verdict': '参加推奨', 'max_combo_prob': 0.0787, 'est_top_odds': 16.9, 'circle_concentration': 66.4, 'eligible_count': 8, 'bet_adj': 2, 'reason': 'rel_win1=61.1%（本命度） / 最有力組み合わせ確率: 0.079（推定実オッズ?17倍） / 2着集中度: 上位2艇 66.4%（補正+0.00） / 総合判定確率: 0.079 / → ヒモ分散。1号艇1着固定で広めのヒモ流し推奨（買い目+2点）', 'tenji_trigger': '展示確認: ヒモ分散レース。1号艇伸び確認後、広めのヒモ流しを採用。穴ヒモ（5・6号艇）を積極的に含める。'}",,,29.9,逃げ狙い,16.54,34.9,4,,,,,,,,,,,
2026-02-22,丸亀,1,6,吉永泰弘,B1,26.85,6,,1.2127,0.9,78,22.2,0.2202,4.9333,,,0,低,137,0,-,56,0,100,2.595,,,,,,0.2376,0.4541,0.0235,,,D,◎,,0.227,0.6525,,0.3522,A,67,0,◎-○軸 3着3〜4艇流し（10〜15点）,0.5777,"{'is_target': True, 'verdict': '参加推奨', 'max_combo_prob': 0.0787, 'est_top_odds': 16.9, 'circle_concentration': 66.4, 'eligible_count': 8, 'bet_adj': 2, 'reason': 'rel_win1=61.1%（本命度） / 最有力組み合わせ確率: 0.079（推定実オッズ?17倍） / 2着集中度: 上位2艇 66.4%（補正+0.00） / 総合判定確率: 0.079 / → ヒモ分散。1号艇1着固定で広めのヒモ流し推奨（買い目+2点）', 'tenji_trigger': '展示確認: ヒモ分散レース。1号艇伸び確認後、広めのヒモ流しを採用。穴ヒモ（5・6号艇）を積極的に含める。'}",,,29.9,逃げ狙い,16.54,34.9,4,,,,,,,,,,,
2026-02-22,丸亀,2,1,三宅健太,B1,25.00,1,○,44.1583,,0,70.2,0.1732,3.5532,,,0,低,124,0,逃0%,34,0,42.1,0.7582,0.1364,,,,,0.2109,0.0909,0.4691,△,,D,△,,,0.621,,0.2349,B,54,0,◎○△フォーメーション（15〜20点）,0.5777,"{'is_target': False, 'verdict': '対象外', 'max_combo_prob': None, 'est_top_odds': None, 'circle_concentration': None, 'eligible_count': 0, 'bet_adj': 0, 'reason': '1号艇rel_win1 < 45%: 通常判定に委ねる', 'tenji_trigger': ''}",,,29.8,両建て推奨,13.75,36.9,3,3-1-4|3-1-5|1-3-4|1-3-2|1-2-4|1-2-3|1-5-4,6-1-2|3-1-4|4-1-5|6-2-1|6-1-4|4-1-2|3-1-5|1-3-4|1-3-2|1-2-4|1-2-3|1-5-4,3-1-4:2.87%|3-1-5:1.59%|1-3-4:7.33%|1-3-2:6.54%|1-2-4:5.01%|1-2-3:4.92%|1-5-4:3.95%,3-1-4:B_main|3-1-5:B_main|1-3-4:A|1-3-2:A|1-2-4:A|1-2-3:A|1-5-4:A,7,12,0.4535,1,[!]見送り推奨（主役決まり手「まくり差し」― 逃げ劣勢レースで的中実績なし）,荒れ広め,D
2026-02-22,丸亀,2,2,田中宏典,B1,25.23,2,,12.951,34.1,92,57.5,0.1966,4.3617,,,0,低,103,0,-,6,0,100,2.2383,0,0.1364,0,0,0,0,0.1,0.2167,,,D,,,0.1289,0.581,,0.2349,B,54,0,◎○△フォーメーション（15〜20点）,0.5777,"{'is_target': False, 'verdict': '対象外', 'max_combo_prob': None, 'est_top_odds': None, 'circle_concentration': None, 'eligible_count': 0, 'bet_adj': 0, 'reason': '1号艇rel_win1 < 45%: 通常判定に委ねる', 'tenji_trigger': ''}",,,29.8,両建て推奨,13.75,36.9,3,,,,,,,,,,,
2026-02-22,丸亀,2,3,江本真治,A2,40.91,3,◎,21.2166,41.9,100,70,0.1423,3,,,0,低,105,0,-,1,0,29.8,0.8142,0,0,0,0.1818,0.0303,0.1156,0.1156,0.1644,,◎,B,◎,,0.4974,0.6785,,0.2349,B,54,0,◎○△フォーメーション（15〜20点）,0.5777,"{'is_target': False, 'verdict': '対象外', 'max_combo_prob': None, 'est_top_odds': None, 'circle_concentration': None, 'eligible_count': 0, 'bet_adj': 0, 'reason': '1号艇rel_win1 < 45%: 通常判定に委ねる', 'tenji_trigger': ''}",,,29.8,両建て推奨,13.75,36.9,3,,,,,,,,,,,
2026-02-22,丸亀,2,4,丹下　健,B1,23.60,4,,15.3457,7.2,43,31.6,0.1684,3.2105,,,0,低,133,0,-,26,0,100,2.5479,0,0.08,0.08,0,0,0.1962,0.2343,0.1771,,,E,,◎,0.3279,0.5945,0.208,0.2349,B,54,0,◎○△フォーメーション（15〜20点）,0.5777,"{'is_target': False, 'verdict': '対象外', 'max_combo_prob': None, 'est_top_odds': None, 'circle_concentration': None, 'eligible_count': 0, 'bet_adj': 0, 'reason': '1号艇rel_win1 < 45%: 通常判定に委ねる', 'tenji_trigger': ''}",,,29.8,両建て推奨,13.75,36.9,3,,,,,,,,,,,
2026-02-22,丸亀,2,5,星　栄爾,B1,29.63,5,△,4.7984,16.3,41,31.4,0.1523,3.3786,,,0,低,115,0,-,2,0,40.7,0.8921,,,,,,0.0293,0.0293,0.2585,,,C,○,,0.3917,0.652,,0.2349,B,54,0,◎○△フォーメーション（15〜20点）,0.5777,"{'is_target': False, 'verdict': '対象外', 'max_combo_prob': None, 'est_top_odds': None, 'circle_concentration': None, 'eligible_count': 0, 'bet_adj': 0, 'reason': '1号艇rel_win1 < 45%: 通常判定に委ねる', 'tenji_trigger': ''}",,,29.8,両建て推奨,13.75,36.9,3,,,,,,,,,,,
2026-02-22,丸亀,2,6,吉川勇作,B1,49.51,6,▲,1.5299,0.4,10,7.4,0.1574,3.75,,,0,低,92,0,-,3,0,27.8,0.555,,,,,,0.3162,0.0381,0.0571,,,A,△,,0.3739,0.6335,,0.2349,B,54,0,◎○△フォーメーション（15〜20点）,0.5777,"{'is_target': False, 'verdict': '対象外', 'max_combo_prob': None, 'est_top_odds': None, 'circle_concentration': None, 'eligible_count': 0, 'bet_adj': 0, 'reason': '1号艇rel_win1 < 45%: 通常判定に委ねる', 'tenji_trigger': ''}",,,29.8,両建て推奨,13.75,36.9,3,,,,,,,,,,,
2026-02-22,丸亀,3,1,岡本翔太,B1,35.00,1,◎,51.6655,,0,85.7,0.1386,2.5595,,,0,低,61,0,逃0%,45,0,84.1,1.0843,0.5,,,,,0.19,0.08,0.19,◎,,C,○,,,0.6355,,0.5437,A,77,0,◎-○軸 3着3〜4艇流し（10〜15点）,0.5777,"{'is_target': True, 'verdict': '参加推奨', 'max_combo_prob': 0.0684, 'est_top_odds': 19.5, 'circle_concentration': 61.4, 'eligible_count': 8, 'bet_adj': 2, 'reason': 'rel_win1=51.7%（本命度） / 最有力組み合わせ確率: 0.068（推定実オッズ?20倍） / 2着集中度: 上位2艇 61.4%（補正+0.00） / 総合判定確率: 0.068 / → ヒモ分散。1号艇1着固定で広めのヒモ流し推奨（買い目+2点）', 'tenji_trigger': '展示確認: ヒモ分散レース。1号艇伸び確認後、広めのヒモ流しを採用。穴ヒモ（5・6号艇）を積極的に含める。\n展示で1号艇スタート超安定(0.139秒)→ヒモ固まり方向に注意'}",,,29.5,逃げ狙い,19.1,31.3,4,,,,,0,0,0.7559,0,,逃げ軸流し,A
2026-02-22,丸亀,3,2,後藤正宗,B1,43.27,2,△,11.6142,37,73,48,0.1596,3.74,,,0,低,94,0,-,3,0,80.9,0.8026,,,,,,0.1769,0.0615,0.1154,,,B,△,,0.146,0.6345,,0.5437,A,77,0,◎-○軸 3着3〜4艇流し（10〜15点）,0.5777,"{'is_target': True, 'verdict': '参加推奨', 'max_combo_prob': 0.0684, 'est_top_odds': 19.5, 'circle_concentration': 61.4, 'eligible_count': 8, 'bet_adj': 2, 'reason': 'rel_win1=51.7%（本命度） / 最有力組み合わせ確率: 0.068（推定実オッズ?20倍） / 2着集中度: 上位2艇 61.4%（補正+0.00） / 総合判定確率: 0.068 / → ヒモ分散。1号艇1着固定で広めのヒモ流し推奨（買い目+2点）', 'tenji_trigger': '展示確認: ヒモ分散レース。1号艇伸び確認後、広めのヒモ流しを採用。穴ヒモ（5・6号艇）を積極的に含める。\n展示で1号艇スタート超安定(0.139秒)→ヒモ固まり方向に注意'}",,,29.5,逃げ狙い,19.1,31.3,4,,,,,,,,,,,
2026-02-22,丸亀,3,3,大神康司,A2,44.23,3,○,15.8121,24.4,80,48.1,0.144,3.1923,,,0,低,61,0,-,2,0,48.2,1.1321,0,0,0.0435,0.087,0,0.2807,0,0.067,,,B,,,0.287,0.6115,,0.5437,A,77,0,◎-○軸 3着3〜4艇流し（10〜15点）,0.5777,"{'is_target': True, 'verdict': '参加推奨', 'max_combo_prob': 0.0684, 'est_top_odds': 19.5, 'circle_concentration': 61.4, 'eligible_count': 8, 'bet_adj': 2, 'reason': 'rel_win1=51.7%（本命度） / 最有力組み合わせ確率: 0.068（推定実オッズ?20倍） / 2着集中度: 上位2艇 61.4%（補正+0.00） / 総合判定確率: 0.068 / → ヒモ分散。1号艇1着固定で広めのヒモ流し推奨（買い目+2点）', 'tenji_trigger': '展示確認: ヒモ分散レース。1号艇伸び確認後、広めのヒモ流しを採用。穴ヒモ（5・6号艇）を積極的に含める。\n展示で1号艇スタート超安定(0.139秒)→ヒモ固まり方向に注意'}",,,29.5,逃げ狙い,19.1,31.3,4,,,,,,,,,,,
2026-02-22,丸亀,3,4,廣瀬真也,A2,19.00,4,,15.0613,24.5,100,64.3,0.1377,2.6964,,,0,低,83,0,差0% ま0%,43,0,87.1,1.5089,0,0.0333,0.1667,0,0,0.0242,0.1364,0.1364,,,E,◎,◎,0.3369,0.6585,0.4452,0.5437,A,77,0,◎-○軸 3着3〜4艇流し（10〜15点）,0.5777,"{'is_target': True, 'verdict': '参加推奨', 'max_combo_prob': 0.0684, 'est_top_odds': 19.5, 'circle_concentration': 61.4, 'eligible_count': 8, 'bet_adj': 2, 'reason': 'rel_win1=51.7%（本命度） / 最有力組み合わせ確率: 0.068（推定実オッズ?20倍） / 2着集中度: 上位2艇 61.4%（補正+0.00） / 総合判定確率: 0.068 / → ヒモ分散。1号艇1着固定で広めのヒモ流し推奨（買い目+2点）', 'tenji_trigger': '展示確認: ヒモ分散レース。1号艇伸び確認後、広めのヒモ流しを採用。穴ヒモ（5・6号艇）を積極的に含める。\n展示で1号艇スタート超安定(0.139秒)→ヒモ固まり方向に注意'}",,,29.5,逃げ狙い,19.1,31.3,4,,,,,,,,,,,
2026-02-22,丸亀,3,5,伊藤雄二,B1,44.55,5,▲,4.8051,8.5,27,19.7,0.1685,3.3662,,,0,低,128,0,差0%,4,0,29.4,0.7074,0,0.0312,0,0,0,0.2227,0.4636,0.0364,,,A,,,0.1925,0.574,,0.5437,A,77,0,◎-○軸 3着3〜4艇流し（10〜15点）,0.5777,"{'is_target': True, 'verdict': '参加推奨', 'max_combo_prob': 0.0684, 'est_top_odds': 19.5, 'circle_concentration': 61.4, 'eligible_count': 8, 'bet_adj': 2, 'reason': 'rel_win1=51.7%（本命度） / 最有力組み合わせ確率: 0.068（推定実オッズ?20倍） / 2着集中度: 上位2艇 61.4%（補正+0.00） / 総合判定確率: 0.068 / → ヒモ分散。1号艇1着固定で広めのヒモ流し推奨（買い目+2点）', 'tenji_trigger': '展示確認: ヒモ分散レース。1号艇伸び確認後、広めのヒモ流しを採用。穴ヒモ（5・6号艇）を積極的に含める。\n展示で1号艇スタート超安定(0.139秒)→ヒモ固まり方向に注意'}",,,29.5,逃げ狙い,19.1,31.3,4,,,,,,,,,,,
2026-02-22,丸亀,3,6,片橋幸貴,B2,25.00,6,,1.0417,5.7,72,40.5,0.1995,4.6081,,,0,低,80,0,-,3,0,29.4,1.5653,,,,,,0.0308,0.0462,0.2615,,,E,△,,0.1511,0.629,,0.5437,A,77,0,◎-○軸 3着3〜4艇流し（10〜15点）,0.5777,"{'is_target': True, 'verdict': '参加推奨', 'max_combo_prob': 0.0684, 'est_top_odds': 19.5, 'circle_concentration': 61.4, 'eligible_count': 8, 'bet_adj': 2, 'reason': 'rel_win1=51.7%（本命度） / 最有力組み合わせ確率: 0.068（推定実オッズ?20倍） / 2着集中度: 上位2艇 61.4%（補正+0.00） / 総合判定確率: 0.068 / → ヒモ分散。1号艇1着固定で広めのヒモ流し推奨（買い目+2点）', 'tenji_trigger': '展示確認: ヒモ分散レース。1号艇伸び確認後、広めのヒモ流しを採用。穴ヒモ（5・6号艇）を積極的に含める。\n展示で1号艇スタート超安定(0.139秒)→ヒモ固まり方向に注意'}",,,29.5,逃げ狙い,19.1,31.3,4,,,,,,,,,,,
2026-02-22,丸亀,4,1,米田隆弘,B1,30.56,1,◎,50.8705,,0,92.9,0.1546,2.8786,,,0,低,143,0,逃0%,25,0,100,1.6312,0.5,,,,,0.0625,0.1607,0.025,◎,,D,○,,,0.624,,0.4688,A,75,0,◎-○軸 3着3〜4艇流し（10〜15点）,0.5777,"{'is_target': True, 'verdict': '参加推奨', 'max_combo_prob': 0.0706, 'est_top_odds': 18.9, 'circle_concentration': 71.2, 'eligible_count': 8, 'bet_adj': 2, 'reason': 'rel_win1=50.9%（本命度） / 最有力組み合わせ確率: 0.071（推定実オッズ?19倍） / 2着集中度: 上位2艇 71.2%（補正+0.04） / 総合判定確率: 0.111 / → ヒモ分散。1号艇1着固定で広めのヒモ流し推奨（買い目+2点）', 'tenji_trigger': '展示確認: ヒモ分散レース。1号艇伸び確認後、広めのヒモ流しを採用。穴ヒモ（5・6号艇）を積極的に含める。'}",,,27.6,逃げ狙い,16.23,28.5,2,,,,,0,0,0.7559,0,,逃げ軸流し,A
2026-02-22,丸亀,4,2,町田洸希,B1,37.04,2,○,13.0776,43.4,100,58.7,0.1692,3.5556,,,0,低,130,0,-,51,0,45.9,1.1405,0,0,0.0435,0,0,0.1875,0.125,0.125,,,B,△,,0.1681,0.6035,,0.4688,A,75,0,◎-○軸 3着3〜4艇流し（10〜15点）,0.5777,"{'is_target': True, 'verdict': '参加推奨', 'max_combo_prob': 0.0706, 'est_top_odds': 18.9, 'circle_concentration': 71.2, 'eligible_count': 8, 'bet_adj': 2, 'reason': 'rel_win1=50.9%（本命度） / 最有力組み合わせ確率: 0.071（推定実オッズ?19倍） / 2着集中度: 上位2艇 71.2%（補正+0.04） / 総合判定確率: 0.111 / → ヒモ分散。1号艇1着固定で広めのヒモ流し推奨（買い目+2点）', 'tenji_trigger': '展示確認: ヒモ分散レース。1号艇伸び確認後、広めのヒモ流しを採用。穴ヒモ（5・6号艇）を積極的に含める。'}",,,27.6,逃げ狙い,16.23,28.5,2,,,,,,,,,,,
2026-02-22,丸亀,4,3,古田祐貴,A2,20.21,3,△,12.3344,27.9,89,60,0.1377,2.65,,,0,低,105,0,-,3,0,35.7,1.0162,0,0.0323,0.0323,0.0323,0,0.2088,0.1971,0.1338,,◎,E,◎,,0.3894,0.6265,,0.4688,A,75,0,◎-○軸 3着3〜4艇流し（10〜15点）,0.5777,"{'is_target': True, 'verdict': '参加推奨', 'max_combo_prob': 0.0706, 'est_top_odds': 18.9, 'circle_concentration': 71.2, 'eligible_count': 8, 'bet_adj': 2, 'reason': 'rel_win1=50.9%（本命度） / 最有力組み合わせ確率: 0.071（推定実オッズ?19倍） / 2着集中度: 上位2艇 71.2%（補正+0.04） / 総合判定確率: 0.111 / → ヒモ分散。1号艇1着固定で広めのヒモ流し推奨（買い目+2点）', 'tenji_trigger': '展示確認: ヒモ分散レース。1号艇伸び確認後、広めのヒモ流しを採用。穴ヒモ（5・6号艇）を積極的に含める。'}",,,27.6,逃げ狙い,16.23,28.5,2,,,,,,,,,,,
2026-02-22,丸亀,4,4,宮内直哉,B1,37.86,4,▲,11.8645,15.8,53,36.1,0.1716,3.6066,,,0,低,170,0,ま0%,5,0,40.8,0.9943,0,0,0.1154,0,0,0.148,0.212,0.132,,,B,△,◎,0.2683,0.6035,0.2461,0.4688,A,75,0,◎-○軸 3着3〜4艇流し（10〜15点）,0.5777,"{'is_target': True, 'verdict': '参加推奨', 'max_combo_prob': 0.0706, 'est_top_odds': 18.9, 'circle_concentration': 71.2, 'eligible_count': 8, 'bet_adj': 2, 'reason': 'rel_win1=50.9%（本命度） / 最有力組み合わせ確率: 0.071（推定実オッズ?19倍） / 2着集中度: 上位2艇 71.2%（補正+0.04） / 総合判定確率: 0.111 / → ヒモ分散。1号艇1着固定で広めのヒモ流し推奨（買い目+2点）', 'tenji_trigger': '展示確認: ヒモ分散レース。1号艇伸び確認後、広めのヒモ流しを採用。穴ヒモ（5・6号艇）を積極的に含める。'}",,,27.6,逃げ狙い,16.23,28.5,2,,,,,,,,,,,
2026-02-22,丸亀,4,5,廣部大明,B2,36.27,5,,7.2548,5.2,63,0,0.1871,3.7143,,,0,低,61,1,-,55,0,29.2,0.8024,,,,,,0,0.5,0.5,,,C,,,0.2311,0.424,,0.4688,A,75,0,◎-○軸 3着3〜4艇流し（10〜15点）,0.5777,"{'is_target': True, 'verdict': '参加推奨', 'max_combo_prob': 0.0706, 'est_top_odds': 18.9, 'circle_concentration': 71.2, 'eligible_count': 8, 'bet_adj': 2, 'reason': 'rel_win1=50.9%（本命度） / 最有力組み合わせ確率: 0.071（推定実オッズ?19倍） / 2着集中度: 上位2艇 71.2%（補正+0.04） / 総合判定確率: 0.111 / → ヒモ分散。1号艇1着固定で広めのヒモ流し推奨（買い目+2点）', 'tenji_trigger': '展示確認: ヒモ分散レース。1号艇伸び確認後、広めのヒモ流しを採用。穴ヒモ（5・6号艇）を積極的に含める。'}",,,27.6,逃げ狙い,16.23,28.5,2,,,,,,,,,,,
2026-02-22,丸亀,4,6,佐藤　航,A2,33.65,6,,4.5982,7.8,73,47.4,0.1705,3.9079,,,0,低,110,0,-,41,0,26.1,0.7692,0,0,0,0.0667,0,0.1304,0.1304,0.087,,,C,△,,0.2609,0.5775,,0.4688,A,75,0,◎-○軸 3着3〜4艇流し（10〜15点）,0.5777,"{'is_target': True, 'verdict': '参加推奨', 'max_combo_prob': 0.0706, 'est_top_odds': 18.9, 'circle_concentration': 71.2, 'eligible_count': 8, 'bet_adj': 2, 'reason': 'rel_win1=50.9%（本命度） / 最有力組み合わせ確率: 0.071（推定実オッズ?19倍） / 2着集中度: 上位2艇 71.2%（補正+0.04） / 総合判定確率: 0.111 / → ヒモ分散。1号艇1着固定で広めのヒモ流し推奨（買い目+2点）', 'tenji_trigger': '展示確認: ヒモ分散レース。1号艇伸び確認後、広めのヒモ流しを採用。穴ヒモ（5・6号艇）を積極的に含める。'}",,,27.6,逃げ狙い,16.23,28.5,2,,,,,,,,,,,
2026-02-22,丸亀,5,1,松竹大輔,B1,42.73,1,◎,62.757,,0,83.8,0.1516,2.6892,,,0,低,112,0,逃0%,1,0,64.7,0.9381,0.5185,,,,,0.0444,0.0889,0.2093,◎,,A,△,,,0.6475,,0.5256,S,100,0,◎1着固定 2-3着流し（5〜8点）,0.5777,"{'is_target': True, 'verdict': '参加推奨', 'max_combo_prob': 0.0627, 'est_top_odds': 21.3, 'circle_concentration': 53.2, 'eligible_count': 6, 'bet_adj': 2, 'reason': 'rel_win1=62.8%（本命度） / 最有力組み合わせ確率: 0.063（推定実オッズ?21倍） / 2着集中度: 上位2艇 53.2%（補正-0.04） / 総合判定確率: 0.023 / → ヒモ分散。1号艇1着固定で広めのヒモ流し推奨（買い目+2点）', 'tenji_trigger': '展示確認: ヒモ分散レース。1号艇伸び確認後、広めのヒモ流しを採用。穴ヒモ（5・6号艇）を積極的に含める。'}",,,25.5,逃げ狙い,9.12,28.5,3,,,,,0,0,0.7559,0,,逃げ軸流し,A
2026-02-22,丸亀,5,2,吉永泰弘,B1,26.85,2,△,7.4838,27.2,90,40.4,0.169,3.4615,,,0,低,137,0,-,56,0,95.9,1.8462,0,0.0476,0,0,0,0.2376,0.4541,0.0235,,,D,△,,0.1419,0.6525,,0.5256,S,100,0,◎1着固定 2-3着流し（5〜8点）,0.5777,"{'is_target': True, 'verdict': '参加推奨', 'max_combo_prob': 0.0627, 'est_top_odds': 21.3, 'circle_concentration': 53.2, 'eligible_count': 6, 'bet_adj': 2, 'reason': 'rel_win1=62.8%（本命度） / 最有力組み合わせ確率: 0.063（推定実オッズ?21倍） / 2着集中度: 上位2艇 53.2%（補正-0.04） / 総合判定確率: 0.023 / → ヒモ分散。1号艇1着固定で広めのヒモ流し推奨（買い目+2点）', 'tenji_trigger': '展示確認: ヒモ分散レース。1号艇伸び確認後、広めのヒモ流しを採用。穴ヒモ（5・6号艇）を積極的に含める。'}",,,25.5,逃げ狙い,9.12,28.5,3,,,,,,,,,,,
2026-02-22,丸亀,5,3,川添英正,B1,35.85,3,○,13.5311,25.1,100,59.3,0.1834,3.9322,,,0,低,169,0,ま0%,64,0,23.3,0.6519,0,0.0345,0.069,0,0,0.19,0.1,0.04,,,B,○,,0.1424,0.657,,0.5256,S,100,0,◎1着固定 2-3着流し（5〜8点）,0.5777,"{'is_target': True, 'verdict': '参加推奨', 'max_combo_prob': 0.0627, 'est_top_odds': 21.3, 'circle_concentration': 53.2, 'eligible_count': 6, 'bet_adj': 2, 'reason': 'rel_win1=62.8%（本命度） / 最有力組み合わせ確率: 0.063（推定実オッズ?21倍） / 2着集中度: 上位2艇 53.2%（補正-0.04） / 総合判定確率: 0.023 / → ヒモ分散。1号艇1着固定で広めのヒモ流し推奨（買い目+2点）', 'tenji_trigger': '展示確認: ヒモ分散レース。1号艇伸び確認後、広めのヒモ流しを採用。穴ヒモ（5・6号艇）を積極的に含める。'}",,,25.5,逃げ狙い,9.12,28.5,3,,,,,,,,,,,
2026-02-22,丸亀,5,4,高橋英之,A2,25.49,4,▲,9.6472,25.9,57,53.8,0.1288,2.6635,,,0,低,59,0,ま0%,44,0,60,1.1655,0,0,0.0909,0,0,0.064,0.164,0.132,,◎,D,◎,,0.4039,0.6665,,0.5256,S,100,0,◎1着固定 2-3着流し（5〜8点）,0.5777,"{'is_target': True, 'verdict': '参加推奨', 'max_combo_prob': 0.0627, 'est_top_odds': 21.3, 'circle_concentration': 53.2, 'eligible_count': 6, 'bet_adj': 2, 'reason': 'rel_win1=62.8%（本命度） / 最有力組み合わせ確率: 0.063（推定実オッズ?21倍） / 2着集中度: 上位2艇 53.2%（補正-0.04） / 総合判定確率: 0.023 / → ヒモ分散。1号艇1着固定で広めのヒモ流し推奨（買い目+2点）', 'tenji_trigger': '展示確認: ヒモ分散レース。1号艇伸び確認後、広めのヒモ流しを採用。穴ヒモ（5・6号艇）を積極的に含める。'}",,,25.5,逃げ狙い,9.12,28.5,3,,,,,,,,,,,
2026-02-22,丸亀,5,5,大峯　豊,A1,25.47,5,,5.3579,20.1,81,54.5,0.177,3.6818,,,0,低,88,0,-,13,0,79.1,1.5105,,,,,,0.1308,0.0308,0.0154,,,E,,,0.2439,0.627,,0.5256,S,100,0,◎1着固定 2-3着流し（5〜8点）,0.5777,"{'is_target': True, 'verdict': '参加推奨', 'max_combo_prob': 0.0627, 'est_top_odds': 21.3, 'circle_concentration': 53.2, 'eligible_count': 6, 'bet_adj': 2, 'reason': 'rel_win1=62.8%（本命度） / 最有力組み合わせ確率: 0.063（推定実オッズ?21倍） / 2着集中度: 上位2艇 53.2%（補正-0.04） / 総合判定確率: 0.023 / → ヒモ分散。1号艇1着固定で広めのヒモ流し推奨（買い目+2点）', 'tenji_trigger': '展示確認: ヒモ分散レース。1号艇伸び確認後、広めのヒモ流しを採用。穴ヒモ（5・6号艇）を積極的に含める。'}",,,25.5,逃げ狙い,9.12,28.5,3,,,,,,,,,,,
2026-02-22,丸亀,5,6,吉川颯汰,B2,30.77,6,,1.2229,1.5,35,0,0.2388,4.9231,,,0,低,18,0,-,6S,0,28.1,0.6572,,,,,,,,,,,C,,,0.1483,0.3465,,0.5256,S,100,0,◎1着固定 2-3着流し（5〜8点）,0.5777,"{'is_target': True, 'verdict': '参加推奨', 'max_combo_prob': 0.0627, 'est_top_odds': 21.3, 'circle_concentration': 53.2, 'eligible_count': 6, 'bet_adj': 2, 'reason': 'rel_win1=62.8%（本命度） / 最有力組み合わせ確率: 0.063（推定実オッズ?21倍） / 2着集中度: 上位2艇 53.2%（補正-0.04） / 総合判定確率: 0.023 / → ヒモ分散。1号艇1着固定で広めのヒモ流し推奨（買い目+2点）', 'tenji_trigger': '展示確認: ヒモ分散レース。1号艇伸び確認後、広めのヒモ流しを採用。穴ヒモ（5・6号艇）を積極的に含める。'}",,,25.5,逃げ狙い,9.12,28.5,3,,,,,,,,,,,
2026-02-22,丸亀,6,1,山口裕二,A2,22.77,1,◎,51.2149,,0,91.4,0.172,3.4691,,,0,低,129,0,逃1%,4,0,73.2,1.1413,0.6,,,,,0.0229,0.1171,0.1171,○,,E,,,,0.619,,0.3836,S,86,0,◎1着固定 2-3着流し（5〜8点）,0.5777,"{'is_target': True, 'verdict': '参加推奨', 'max_combo_prob': 0.0765, 'est_top_odds': 17.4, 'circle_concentration': 70.5, 'eligible_count': 6, 'bet_adj': 2, 'reason': 'rel_win1=51.2%（本命度） / 最有力組み合わせ確率: 0.076（推定実オッズ?17倍） / 2着集中度: 上位2艇 70.5%（補正+0.04） / 総合判定確率: 0.116 / → ヒモ分散。1号艇1着固定で広めのヒモ流し推奨（買い目+2点）', 'tenji_trigger': '展示確認: ヒモ分散レース。1号艇伸び確認後、広めのヒモ流しを採用。穴ヒモ（5・6号艇）を積極的に含める。'}",,,29.3,逃げ狙い,23.31,27.4,3,,,,,0,0,0.6155,0,,逃げ軸流し,A
2026-02-22,丸亀,6,2,梶山涼斗,B1,50.00,2,○,11.5016,42.9,93,59.3,0.1289,2.5278,,,0,低,51,0,差0%,65,0,40.2,0.9597,0,0.1579,0,0,0,0,0.0941,0.1671,,◎,A,△,,0.59,0.624,,0.3836,S,86,0,◎1着固定 2-3着流し（5〜8点）,0.5777,"{'is_target': True, 'verdict': '参加推奨', 'max_combo_prob': 0.0765, 'est_top_odds': 17.4, 'circle_concentration': 70.5, 'eligible_count': 6, 'bet_adj': 2, 'reason': 'rel_win1=51.2%（本命度） / 最有力組み合わせ確率: 0.076（推定実オッズ?17倍） / 2着集中度: 上位2艇 70.5%（補正+0.04） / 総合判定確率: 0.116 / → ヒモ分散。1号艇1着固定で広めのヒモ流し推奨（買い目+2点）', 'tenji_trigger': '展示確認: ヒモ分散レース。1号艇伸び確認後、広めのヒモ流しを採用。穴ヒモ（5・6号艇）を積極的に含める。'}",,,29.3,逃げ狙い,23.31,27.4,3,,,,,,,,,,,
2026-02-22,丸亀,6,3,丸岡正典,A2,33.64,3,△,22.2358,27.7,100,78,0.1678,3.2195,,,0,低,100,0,-,21,0,100,3.5498,0,0,0.0476,0.1905,0,0.0118,0.3042,0.1681,,△,C,◎,,0.3543,0.667,,0.3836,S,86,0,◎1着固定 2-3着流し（5〜8点）,0.5777,"{'is_target': True, 'verdict': '参加推奨', 'max_combo_prob': 0.0765, 'est_top_odds': 17.4, 'circle_concentration': 70.5, 'eligible_count': 6, 'bet_adj': 2, 'reason': 'rel_win1=51.2%（本命度） / 最有力組み合わせ確率: 0.076（推定実オッズ?17倍） / 2着集中度: 上位2艇 70.5%（補正+0.04） / 総合判定確率: 0.116 / → ヒモ分散。1号艇1着固定で広めのヒモ流し推奨（買い目+2点）', 'tenji_trigger': '展示確認: ヒモ分散レース。1号艇伸び確認後、広めのヒモ流しを採用。穴ヒモ（5・6号艇）を積極的に含める。'}",,,29.3,逃げ狙い,23.31,27.4,3,,,,,,,,,,,
2026-02-22,丸亀,6,4,三原　司,B1,27.72,4,,5.2361,6.8,64,31.5,0.1869,4.1667,,,0,低,167,0,-,3,0,22.5,0.6891,0,0.0385,0,0,0,0.2452,0.2071,0.0571,,,D,△,,0.2365,0.624,,0.3836,S,86,0,◎1着固定 2-3着流し（5〜8点）,0.5777,"{'is_target': True, 'verdict': '参加推奨', 'max_combo_prob': 0.0765, 'est_top_odds': 17.4, 'circle_concentration': 70.5, 'eligible_count': 6, 'bet_adj': 2, 'reason': 'rel_win1=51.2%（本命度） / 最有力組み合わせ確率: 0.076（推定実オッズ?17倍） / 2着集中度: 上位2艇 70.5%（補正+0.04） / 総合判定確率: 0.116 / → ヒモ分散。1号艇1着固定で広めのヒモ流し推奨（買い目+2点）', 'tenji_trigger': '展示確認: ヒモ分散レース。1号艇伸び確認後、広めのヒモ流しを採用。穴ヒモ（5・6号艇）を積極的に含める。'}",,,29.3,逃げ狙い,23.31,27.4,3,,,,,,,,,,,
2026-02-22,丸亀,6,5,中岡正彦,A1,45.79,5,▲,7.6761,21.1,72,66.7,0.1304,2.9815,,,0,低,42,0,-,11,0,45.1,0.995,,,,,,0.1103,0,0.0588,,○,B,○,,0.4639,0.649,,0.3836,S,86,0,◎1着固定 2-3着流し（5〜8点）,0.5777,"{'is_target': True, 'verdict': '参加推奨', 'max_combo_prob': 0.0765, 'est_top_odds': 17.4, 'circle_concentration': 70.5, 'eligible_count': 6, 'bet_adj': 2, 'reason': 'rel_win1=51.2%（本命度） / 最有力組み合わせ確率: 0.076（推定実オッズ?17倍） / 2着集中度: 上位2艇 70.5%（補正+0.04） / 総合判定確率: 0.116 / → ヒモ分散。1号艇1着固定で広めのヒモ流し推奨（買い目+2点）', 'tenji_trigger': '展示確認: ヒモ分散レース。1号艇伸び確認後、広めのヒモ流しを採用。穴ヒモ（5・6号艇）を積極的に含める。'}",,,29.3,逃げ狙い,23.31,27.4,3,,,,,,,,,,,
2026-02-22,丸亀,6,6,関根彰人,B1,39.45,6,,2.1355,1.6,51,24.6,0.2107,4.9672,,,0,低,170,0,-,15,0,27.1,0.8389,,,,,,0,0.2042,0.1153,,,C,△,,0.2044,0.62,,0.3836,S,86,0,◎1着固定 2-3着流し（5〜8点）,0.5777,"{'is_target': True, 'verdict': '参加推奨', 'max_combo_prob': 0.0765, 'est_top_odds': 17.4, 'circle_concentration': 70.5, 'eligible_count': 6, 'bet_adj': 2, 'reason': 'rel_win1=51.2%（本命度） / 最有力組み合わせ確率: 0.076（推定実オッズ?17倍） / 2着集中度: 上位2艇 70.5%（補正+0.04） / 総合判定確率: 0.116 / → ヒモ分散。1号艇1着固定で広めのヒモ流し推奨（買い目+2点）', 'tenji_trigger': '展示確認: ヒモ分散レース。1号艇伸び確認後、広めのヒモ流しを採用。穴ヒモ（5・6号艇）を積極的に含める。'}",,,29.3,逃げ狙い,23.31,27.4,3,,,,,,,,,,,
2026-02-22,丸亀,7,1,渡辺　豊,B1,25.49,1,◎,48.3365,,0,79.8,0.1854,4.0714,,,0,低,220,0,逃1%,22,0,48.6,0.8559,0.3529,,,,,0.1906,0.1059,0.1788,△,,E,,,,0.576,,0.2247,B,59,0,◎○△フォーメーション（15〜20点）,0.5777,"{'is_target': True, 'verdict': '点数絞り', 'max_combo_prob': 0.0813, 'est_top_odds': 16.4, 'circle_concentration': 89.4, 'eligible_count': 9, 'bet_adj': 0, 'reason': 'rel_win1=48.3%（本命度） / 最有力組み合わせ確率: 0.081（推定実オッズ?16倍） / 2着集中度: 上位2艇 89.4%（補正+0.04） / 総合判定確率: 0.121 / → ヒモはやや固め。上位2艇以外を切ること', 'tenji_trigger': '展示確認: 1号艇伸び良→そのまま採用。悪→飛び組に差し替え。circle_pct上位2艇に絞り込むこと。\n展示で1号艇スタート遅め(0.185秒)確認→ヒモが荒れやすい'}",,,35.8,両建て推奨,18.63,35.6,2,2-1-3|1-2-4|1-2-3|1-3-4|1-3-2|1-4-2,6-1-3|6-1-4|2-1-3|6-3-1|3-4-6|6-4-1|3-5-4|1-2-4|1-2-3|1-3-4|1-3-2|1-4-2,2-1-3:2.68%|1-2-4:10.92%|1-2-3:10.09%|1-3-4:6.58%|1-3-2:6.1%|1-4-2:3.58%,2-1-3:B_main|1-2-4:A|1-2-3:A|1-3-4:A|1-3-2:A|1-4-2:A,6,12,0.4535,1,[!]見送り推奨（主役決まり手「差し」― 逃げ劣勢レースで的中実績なし）,荒れ広め,D
2026-02-22,丸亀,7,2,中村晃朋,A1,35.85,2,▲,26.8312,60.9,100,90.9,0.1591,3.1818,,,0,低,56,0,抜0%,34,0,45.2,1.044,0,0.1875,0.125,0,0.0625,0.1745,0,0.1564,,◎,C,◎,,0.6206,0.678,,0.2247,B,59,0,◎○△フォーメーション（15〜20点）,0.5777,"{'is_target': True, 'verdict': '点数絞り', 'max_combo_prob': 0.0813, 'est_top_odds': 16.4, 'circle_concentration': 89.4, 'eligible_count': 9, 'bet_adj': 0, 'reason': 'rel_win1=48.3%（本命度） / 最有力組み合わせ確率: 0.081（推定実オッズ?16倍） / 2着集中度: 上位2艇 89.4%（補正+0.04） / 総合判定確率: 0.121 / → ヒモはやや固め。上位2艇以外を切ること', 'tenji_trigger': '展示確認: 1号艇伸び良→そのまま採用。悪→飛び組に差し替え。circle_pct上位2艇に絞り込むこと。\n展示で1号艇スタート遅め(0.185秒)確認→ヒモが荒れやすい'}",,,35.8,両建て推奨,18.63,35.6,2,,,,,,,,,,,
2026-02-22,丸亀,7,3,川上聡介,A2,42.45,3,○,11.4262,28.4,90,62.1,0.1371,2.8276,,,0,低,77,0,-,62,0,90.7,1.7975,0,0,0,0.0714,0,0.0593,0.1148,0.3037,,○,B,,,0.4843,0.6225,,0.2247,B,59,0,◎○△フォーメーション（15〜20点）,0.5777,"{'is_target': True, 'verdict': '点数絞り', 'max_combo_prob': 0.0813, 'est_top_odds': 16.4, 'circle_concentration': 89.4, 'eligible_count': 9, 'bet_adj': 0, 'reason': 'rel_win1=48.3%（本命度） / 最有力組み合わせ確率: 0.081（推定実オッズ?16倍） / 2着集中度: 上位2艇 89.4%（補正+0.04） / 総合判定確率: 0.121 / → ヒモはやや固め。上位2艇以外を切ること', 'tenji_trigger': '展示確認: 1号艇伸び良→そのまま採用。悪→飛び組に差し替え。circle_pct上位2艇に絞り込むこと。\n展示で1号艇スタート遅め(0.185秒)確認→ヒモが荒れやすい'}",,,35.8,両建て推奨,18.63,35.6,2,,,,,,,,,,,
2026-02-22,丸亀,7,4,星　栄爾,B1,29.63,4,,8.1806,6.9,91,46.6,0.1579,3.2945,,,0,低,115,0,ま0% 差ま0%,2,0,59.5,0.9732,0,0,0.0294,0.0294,0,0.0293,0.0293,0.2585,,△,D,○,◎,0.4064,0.652,0.356,0.2247,B,59,0,◎○△フォーメーション（15〜20点）,0.5777,"{'is_target': True, 'verdict': '点数絞り', 'max_combo_prob': 0.0813, 'est_top_odds': 16.4, 'circle_concentration': 89.4, 'eligible_count': 9, 'bet_adj': 0, 'reason': 'rel_win1=48.3%（本命度） / 最有力組み合わせ確率: 0.081（推定実オッズ?16倍） / 2着集中度: 上位2艇 89.4%（補正+0.04） / 総合判定確率: 0.121 / → ヒモはやや固め。上位2艇以外を切ること', 'tenji_trigger': '展示確認: 1号艇伸び良→そのまま採用。悪→飛び組に差し替え。circle_pct上位2艇に絞り込むこと。\n展示で1号艇スタート遅め(0.185秒)確認→ヒモが荒れやすい'}",,,35.8,両建て推奨,18.63,35.6,2,,,,,,,,,,,
2026-02-22,丸亀,7,5,東　潤樹,B1,38.89,5,,3.9589,2.1,85,28.6,0.197,4.2857,,,0,低,191,0,-,3,0,26,0.8062,,,,,,0.1639,0.3139,0.0296,,,C,△,,0.2926,0.6475,,0.2247,B,59,0,◎○△フォーメーション（15〜20点）,0.5777,"{'is_target': True, 'verdict': '点数絞り', 'max_combo_prob': 0.0813, 'est_top_odds': 16.4, 'circle_concentration': 89.4, 'eligible_count': 9, 'bet_adj': 0, 'reason': 'rel_win1=48.3%（本命度） / 最有力組み合わせ確率: 0.081（推定実オッズ?16倍） / 2着集中度: 上位2艇 89.4%（補正+0.04） / 総合判定確率: 0.121 / → ヒモはやや固め。上位2艇以外を切ること', 'tenji_trigger': '展示確認: 1号艇伸び良→そのまま採用。悪→飛び組に差し替え。circle_pct上位2艇に絞り込むこと。\n展示で1号艇スタート遅め(0.185秒)確認→ヒモが荒れやすい'}",,,35.8,両建て推奨,18.63,35.6,2,,,,,,,,,,,
2026-02-22,丸亀,7,6,岡瀬正人,A2,46.15,6,△,1.2666,1.6,64,44.3,0.1777,4.1714,,,0,低,176,0,-,2,0,42.6,1.2825,,,,,,0.0955,0.1727,0.0545,,,A,△,,0.3504,0.6505,,0.2247,B,59,0,◎○△フォーメーション（15〜20点）,0.5777,"{'is_target': True, 'verdict': '点数絞り', 'max_combo_prob': 0.0813, 'est_top_odds': 16.4, 'circle_concentration': 89.4, 'eligible_count': 9, 'bet_adj': 0, 'reason': 'rel_win1=48.3%（本命度） / 最有力組み合わせ確率: 0.081（推定実オッズ?16倍） / 2着集中度: 上位2艇 89.4%（補正+0.04） / 総合判定確率: 0.121 / → ヒモはやや固め。上位2艇以外を切ること', 'tenji_trigger': '展示確認: 1号艇伸び良→そのまま採用。悪→飛び組に差し替え。circle_pct上位2艇に絞り込むこと。\n展示で1号艇スタート遅め(0.185秒)確認→ヒモが荒れやすい'}",,,35.8,両建て推奨,18.63,35.6,2,,,,,,,,,,,
2026-02-22,丸亀,8,1,松村　敏,A1,26.80,1,◎,69.1548,,0,96.8,0.1143,2.3,,,0,低,28,0,逃1%,55,0,93.5,1.2665,0.8298,,,,,0.0085,0.0837,0.017,◎,,C,◎,,,0.8115,,0.7887,S,100,0,◎1着固定 2-3着流し（5〜8点）,0.5777,"{'is_target': True, 'verdict': '点数絞り', 'max_combo_prob': 0.1379, 'est_top_odds': 9.7, 'circle_concentration': 74.5, 'eligible_count': 6, 'bet_adj': 0, 'reason': 'rel_win1=69.2%（本命度） / 最有力組み合わせ確率: 0.138（推定実オッズ?10倍） / 2着集中度: 上位2艇 74.5%（補正+0.04） / 総合判定確率: 0.178 / → ヒモはやや固め。上位2艇以外を切ること', 'tenji_trigger': '展示確認: 1号艇伸び良→そのまま採用。悪→飛び組に差し替え。circle_pct上位2艇に絞り込むこと。\n展示で1号艇スタート超安定(0.114秒)→ヒモ固まり方向に注意'}",,,26.5,逃げ狙い,20.25,21.9,2,,,,,0,0,0.7559,0,,逃げ軸流し,A
2026-02-22,丸亀,8,2,四宮与寛,A2,27.37,2,○,16.4238,50.1,100,82.8,0.1397,2.8707,,,0,低,60,0,差0%,23,0,38.1,0.7905,0,0.2273,0.0455,0,0,0.1116,0.1374,0.0258,,,C,○,,0.0999,0.6545,,0.7887,S,100,0,◎1着固定 2-3着流し（5〜8点）,0.5777,"{'is_target': True, 'verdict': '点数絞り', 'max_combo_prob': 0.1379, 'est_top_odds': 9.7, 'circle_concentration': 74.5, 'eligible_count': 6, 'bet_adj': 0, 'reason': 'rel_win1=69.2%（本命度） / 最有力組み合わせ確率: 0.138（推定実オッズ?10倍） / 2着集中度: 上位2艇 74.5%（補正+0.04） / 総合判定確率: 0.178 / → ヒモはやや固め。上位2艇以外を切ること', 'tenji_trigger': '展示確認: 1号艇伸び良→そのまま採用。悪→飛び組に差し替え。circle_pct上位2艇に絞り込むこと。\n展示で1号艇スタート超安定(0.114秒)→ヒモ固まり方向に注意'}",,,26.5,逃げ狙い,20.25,21.9,2,,,,,,,,,,,
2026-02-22,丸亀,8,3,伊藤雄二,B1,44.55,3,▲,3.3108,15,45,25.8,0.1677,3.2273,,,0,低,128,0,-,4,0,23.6,0.5815,,,,,,0.2227,0.4636,0.0364,,,A,,,0.1313,0.574,,0.7887,S,100,0,◎1着固定 2-3着流し（5〜8点）,0.5777,"{'is_target': True, 'verdict': '点数絞り', 'max_combo_prob': 0.1379, 'est_top_odds': 9.7, 'circle_concentration': 74.5, 'eligible_count': 6, 'bet_adj': 0, 'reason': 'rel_win1=69.2%（本命度） / 最有力組み合わせ確率: 0.138（推定実オッズ?10倍） / 2着集中度: 上位2艇 74.5%（補正+0.04） / 総合判定確率: 0.178 / → ヒモはやや固め。上位2艇以外を切ること', 'tenji_trigger': '展示確認: 1号艇伸び良→そのまま採用。悪→飛び組に差し替え。circle_pct上位2艇に絞り込むこと。\n展示で1号艇スタート超安定(0.114秒)→ヒモ固まり方向に注意'}",,,26.5,逃げ狙い,20.25,21.9,2,,,,,,,,,,,
2026-02-22,丸亀,8,4,野長瀬正,A2,24.24,4,△,6.6491,24.4,80,59,0.1634,3.7787,,,0,低,105,0,差0% ま0% 差ま0%,54,0,58.5,1.114,0,0.0357,0.0714,0.0714,0,0.2,0.0343,0.2257,,,D,△,◎,0.1214,0.586,0.4446,0.7887,S,100,0,◎1着固定 2-3着流し（5〜8点）,0.5777,"{'is_target': True, 'verdict': '点数絞り', 'max_combo_prob': 0.1379, 'est_top_odds': 9.7, 'circle_concentration': 74.5, 'eligible_count': 6, 'bet_adj': 0, 'reason': 'rel_win1=69.2%（本命度） / 最有力組み合わせ確率: 0.138（推定実オッズ?10倍） / 2着集中度: 上位2艇 74.5%（補正+0.04） / 総合判定確率: 0.178 / → ヒモはやや固め。上位2艇以外を切ること', 'tenji_trigger': '展示確認: 1号艇伸び良→そのまま採用。悪→飛び組に差し替え。circle_pct上位2艇に絞り込むこと。\n展示で1号艇スタート超安定(0.114秒)→ヒモ固まり方向に注意'}",,,26.5,逃げ狙い,20.25,21.9,2,,,,,,,,,,,
2026-02-22,丸亀,8,5,丹下　健,B1,23.60,5,,3.6095,10.2,49,30.2,0.1797,3.4444,,,0,低,133,0,-,26,0,43.5,0.821,,,,,,0.1962,0.2343,0.1771,,,D,△,,0.1367,0.5945,,0.7887,S,100,0,◎1着固定 2-3着流し（5〜8点）,0.5777,"{'is_target': True, 'verdict': '点数絞り', 'max_combo_prob': 0.1379, 'est_top_odds': 9.7, 'circle_concentration': 74.5, 'eligible_count': 6, 'bet_adj': 0, 'reason': 'rel_win1=69.2%（本命度） / 最有力組み合わせ確率: 0.138（推定実オッズ?10倍） / 2着集中度: 上位2艇 74.5%（補正+0.04） / 総合判定確率: 0.178 / → ヒモはやや固め。上位2艇以外を切ること', 'tenji_trigger': '展示確認: 1号艇伸び良→そのまま採用。悪→飛び組に差し替え。circle_pct上位2艇に絞り込むこと。\n展示で1号艇スタート超安定(0.114秒)→ヒモ固まり方向に注意'}",,,26.5,逃げ狙い,20.25,21.9,2,,,,,,,,,,,
2026-02-22,丸亀,8,6,内田　壮,B2,21.78,6,,0.8519,0.3,27,6.3,0.2209,4.8861,,,0,低,49,0,-,6,0,22.6,0.5044,,,,,,,,,,,E,,,0.135,0.468,,0.7887,S,100,0,◎1着固定 2-3着流し（5〜8点）,0.5777,"{'is_target': True, 'verdict': '点数絞り', 'max_combo_prob': 0.1379, 'est_top_odds': 9.7, 'circle_concentration': 74.5, 'eligible_count': 6, 'bet_adj': 0, 'reason': 'rel_win1=69.2%（本命度） / 最有力組み合わせ確率: 0.138（推定実オッズ?10倍） / 2着集中度: 上位2艇 74.5%（補正+0.04） / 総合判定確率: 0.178 / → ヒモはやや固め。上位2艇以外を切ること', 'tenji_trigger': '展示確認: 1号艇伸び良→そのまま採用。悪→飛び組に差し替え。circle_pct上位2艇に絞り込むこと。\n展示で1号艇スタート超安定(0.114秒)→ヒモ固まり方向に注意'}",,,26.5,逃げ狙い,20.25,21.9,2,,,,,,,,,,,
2026-02-22,丸亀,9,1,廣瀬真也,A2,19.00,1,◎,59.5075,,0,89.5,0.1318,1.9478,,,0,低,83,0,逃0%,43,0,100,1.4659,0.7273,,,,,0.0242,0.1364,0.1364,◎,,E,△,,,0.6585,,0.6601,A,79,0,◎-○軸 3着3〜4艇流し（10〜15点）,0.5777,"{'is_target': True, 'verdict': '参加推奨', 'max_combo_prob': 0.092, 'est_top_odds': 14.5, 'circle_concentration': 65.8, 'eligible_count': 8, 'bet_adj': 2, 'reason': 'rel_win1=59.5%（本命度） / 最有力組み合わせ確率: 0.092（推定実オッズ?14倍） / 2着集中度: 上位2艇 65.8%（補正+0.00） / 総合判定確率: 0.092 / → ヒモ分散。1号艇1着固定で広めのヒモ流し推奨（買い目+2点）', 'tenji_trigger': '展示確認: ヒモ分散レース。1号艇伸び確認後、広めのヒモ流しを採用。穴ヒモ（5・6号艇）を積極的に含める。\n展示で1号艇スタート超安定(0.132秒)→ヒモ固まり方向に注意'}",,,27.6,逃げ狙い,18.09,26.8,4,,,,,0,0,0.7559,0,,逃げ軸流し,A
2026-02-22,丸亀,9,2,西原明生,B1,28.70,2,,6.2961,11,100,39.7,0.1997,4.6164,,,0,低,192,0,-,1,0,21.3,0.7584,,,,,,0.2571,0.2571,0.2762,,,C,△,,0.0775,0.641,,0.6601,A,79,0,◎-○軸 3着3〜4艇流し（10〜15点）,0.5777,"{'is_target': True, 'verdict': '参加推奨', 'max_combo_prob': 0.092, 'est_top_odds': 14.5, 'circle_concentration': 65.8, 'eligible_count': 8, 'bet_adj': 2, 'reason': 'rel_win1=59.5%（本命度） / 最有力組み合わせ確率: 0.092（推定実オッズ?14倍） / 2着集中度: 上位2艇 65.8%（補正+0.00） / 総合判定確率: 0.092 / → ヒモ分散。1号艇1着固定で広めのヒモ流し推奨（買い目+2点）', 'tenji_trigger': '展示確認: ヒモ分散レース。1号艇伸び確認後、広めのヒモ流しを採用。穴ヒモ（5・6号艇）を積極的に含める。\n展示で1号艇スタート超安定(0.132秒)→ヒモ固まり方向に注意'}",,,27.6,逃げ狙い,18.09,26.8,4,,,,,,,,,,,
2026-02-22,丸亀,9,3,金子賢志,A1,38.68,3,○,13.8871,42.3,79,71,0.1415,2.5887,,,0,低,74,0,-,36,0,97.7,2.1106,0,0,0.1923,0.0385,0,0.1338,0.0235,0.0235,,,A,◎,,0.2717,0.6825,,0.6601,A,79,0,◎-○軸 3着3〜4艇流し（10〜15点）,0.5777,"{'is_target': True, 'verdict': '参加推奨', 'max_combo_prob': 0.092, 'est_top_odds': 14.5, 'circle_concentration': 65.8, 'eligible_count': 8, 'bet_adj': 2, 'reason': 'rel_win1=59.5%（本命度） / 最有力組み合わせ確率: 0.092（推定実オッズ?14倍） / 2着集中度: 上位2艇 65.8%（補正+0.00） / 総合判定確率: 0.092 / → ヒモ分散。1号艇1着固定で広めのヒモ流し推奨（買い目+2点）', 'tenji_trigger': '展示確認: ヒモ分散レース。1号艇伸び確認後、広めのヒモ流しを採用。穴ヒモ（5・6号艇）を積極的に含める。\n展示で1号艇スタート超安定(0.132秒)→ヒモ固まり方向に注意'}",,,27.6,逃げ狙い,18.09,26.8,4,,,,,,,,,,,
2026-02-22,丸亀,9,4,佐藤　航,A2,33.65,4,△,14.173,23.4,87,69,0.17,3.381,,,0,低,110,0,差ま1%,41,0,34,0.7557,0,0,0.0588,0.1176,0,0.1304,0.1304,0.087,,,C,,◎,0.1539,0.5775,0.2981,0.6601,A,79,0,◎-○軸 3着3〜4艇流し（10〜15点）,0.5777,"{'is_target': True, 'verdict': '参加推奨', 'max_combo_prob': 0.092, 'est_top_odds': 14.5, 'circle_concentration': 65.8, 'eligible_count': 8, 'bet_adj': 2, 'reason': 'rel_win1=59.5%（本命度） / 最有力組み合わせ確率: 0.092（推定実オッズ?14倍） / 2着集中度: 上位2艇 65.8%（補正+0.00） / 総合判定確率: 0.092 / → ヒモ分散。1号艇1着固定で広めのヒモ流し推奨（買い目+2点）', 'tenji_trigger': '展示確認: ヒモ分散レース。1号艇伸び確認後、広めのヒモ流しを採用。穴ヒモ（5・6号艇）を積極的に含める。\n展示で1号艇スタート超安定(0.132秒)→ヒモ固まり方向に注意'}",,,27.6,逃げ狙い,18.09,26.8,4,,,,,,,,,,,
2026-02-22,丸亀,9,5,井手良太,B1,34.95,5,▲,5.134,20,46,42.9,0.1159,2.1161,,,0,低,50,0,ま0% 差ま0%,46,0,57.6,1.2062,0,0,0.0417,0.0417,0,0.0421,0.2632,0.2053,,,B,○,,0.3372,0.667,,0.6601,A,79,0,◎-○軸 3着3〜4艇流し（10〜15点）,0.5777,"{'is_target': True, 'verdict': '参加推奨', 'max_combo_prob': 0.092, 'est_top_odds': 14.5, 'circle_concentration': 65.8, 'eligible_count': 8, 'bet_adj': 2, 'reason': 'rel_win1=59.5%（本命度） / 最有力組み合わせ確率: 0.092（推定実オッズ?14倍） / 2着集中度: 上位2艇 65.8%（補正+0.00） / 総合判定確率: 0.092 / → ヒモ分散。1号艇1着固定で広めのヒモ流し推奨（買い目+2点）', 'tenji_trigger': '展示確認: ヒモ分散レース。1号艇伸び確認後、広めのヒモ流しを採用。穴ヒモ（5・6号艇）を積極的に含める。\n展示で1号艇スタート超安定(0.132秒)→ヒモ固まり方向に注意'}",,,27.6,逃げ狙い,18.09,26.8,4,,,,,,,,,,,
2026-02-22,丸亀,9,6,田中宏典,B1,25.23,6,,1.0023,3.2,41,16.1,0.1948,4.4839,,,0,低,103,0,-,6,0,31.4,0.8267,,,,,,0,0.1,0.2167,,,D,,,0.138,0.581,,0.6601,A,79,0,◎-○軸 3着3〜4艇流し（10〜15点）,0.5777,"{'is_target': True, 'verdict': '参加推奨', 'max_combo_prob': 0.092, 'est_top_odds': 14.5, 'circle_concentration': 65.8, 'eligible_count': 8, 'bet_adj': 2, 'reason': 'rel_win1=59.5%（本命度） / 最有力組み合わせ確率: 0.092（推定実オッズ?14倍） / 2着集中度: 上位2艇 65.8%（補正+0.00） / 総合判定確率: 0.092 / → ヒモ分散。1号艇1着固定で広めのヒモ流し推奨（買い目+2点）', 'tenji_trigger': '展示確認: ヒモ分散レース。1号艇伸び確認後、広めのヒモ流しを採用。穴ヒモ（5・6号艇）を積極的に含める。\n展示で1号艇スタート超安定(0.132秒)→ヒモ固まり方向に注意'}",,,27.6,逃げ狙い,18.09,26.8,4,,,,,,,,,,,
2026-02-22,丸亀,10,1,大神康司,A2,44.23,1,◎,55.9787,,0,87.3,0.1585,3.2606,,,0,低,61,0,逃0% 抜0%,2,0,73.6,1.1359,0.7188,,,,,0.2807,0,0.067,○,,B,△,,,0.6115,,0.3969,A,73,0,◎-○軸 3着3〜4艇流し（10〜15点）,0.5777,"{'is_target': True, 'verdict': '参加推奨', 'max_combo_prob': 0.0596, 'est_top_odds': 22.4, 'circle_concentration': 65.9, 'eligible_count': 8, 'bet_adj': 2, 'reason': 'rel_win1=56.0%（本命度） / 最有力組み合わせ確率: 0.060（推定実オッズ?22倍） / 2着集中度: 上位2艇 65.9%（補正+0.00） / 総合判定確率: 0.060 / → ヒモ分散。1号艇1着固定で広めのヒモ流し推奨（買い目+2点）', 'tenji_trigger': '展示確認: ヒモ分散レース。1号艇伸び確認後、広めのヒモ流しを採用。穴ヒモ（5・6号艇）を積極的に含める。'}",,,32.3,逃げ狙い,27.77,31.9,3,,,,,0,0,0.6155,0,,主役軸流し,B
2026-02-22,丸亀,10,2,吉川勇作,B1,49.51,2,▲,9.1921,37.4,89,43.5,0.1394,2.8952,,,0,低,92,0,差0%,3,0,100,0.7398,0,0.1071,0,0,0,0.3162,0.0381,0.0571,,○,A,△,,0.515,0.6335,,0.3969,A,73,0,◎-○軸 3着3〜4艇流し（10〜15点）,0.5777,"{'is_target': True, 'verdict': '参加推奨', 'max_combo_prob': 0.0596, 'est_top_odds': 22.4, 'circle_concentration': 65.9, 'eligible_count': 8, 'bet_adj': 2, 'reason': 'rel_win1=56.0%（本命度） / 最有力組み合わせ確率: 0.060（推定実オッズ?22倍） / 2着集中度: 上位2艇 65.9%（補正+0.00） / 総合判定確率: 0.060 / → ヒモ分散。1号艇1着固定で広めのヒモ流し推奨（買い目+2点）', 'tenji_trigger': '展示確認: ヒモ分散レース。1号艇伸び確認後、広めのヒモ流しを採用。穴ヒモ（5・6号艇）を積極的に含める。'}",,,32.3,逃げ狙い,27.77,31.9,3,,,,,,,,,,,
2026-02-22,丸亀,10,3,中岡正彦,A1,45.79,3,○,18.5475,28.5,87,63.8,0.1291,2.4574,,,0,低,42,0,ま1%,11,0,45,1.1588,0,0,0.4762,0,0,0.1103,0,0.0588,,◎,B,◎,,0.5462,0.649,,0.3969,A,73,0,◎-○軸 3着3〜4艇流し（10〜15点）,0.5777,"{'is_target': True, 'verdict': '参加推奨', 'max_combo_prob': 0.0596, 'est_top_odds': 22.4, 'circle_concentration': 65.9, 'eligible_count': 8, 'bet_adj': 2, 'reason': 'rel_win1=56.0%（本命度） / 最有力組み合わせ確率: 0.060（推定実オッズ?22倍） / 2着集中度: 上位2艇 65.9%（補正+0.00） / 総合判定確率: 0.060 / → ヒモ分散。1号艇1着固定で広めのヒモ流し推奨（買い目+2点）', 'tenji_trigger': '展示確認: ヒモ分散レース。1号艇伸び確認後、広めのヒモ流しを採用。穴ヒモ（5・6号艇）を積極的に含める。'}",,,32.3,逃げ狙い,27.77,31.9,3,,,,,,,,,,,
2026-02-22,丸亀,10,4,松竹大輔,B1,42.73,4,△,9.0079,18.8,100,46.5,0.1501,3.2606,,,0,低,112,0,-,1,0,100,3.3921,0,0.0645,0.0968,0.0323,0,0.0444,0.0889,0.2093,,,C,○,◎,0.3215,0.6475,0.337,0.3969,A,73,0,◎-○軸 3着3〜4艇流し（10〜15点）,0.5777,"{'is_target': True, 'verdict': '参加推奨', 'max_combo_prob': 0.0596, 'est_top_odds': 22.4, 'circle_concentration': 65.9, 'eligible_count': 8, 'bet_adj': 2, 'reason': 'rel_win1=56.0%（本命度） / 最有力組み合わせ確率: 0.060（推定実オッズ?22倍） / 2着集中度: 上位2艇 65.9%（補正+0.00） / 総合判定確率: 0.060 / → ヒモ分散。1号艇1着固定で広めのヒモ流し推奨（買い目+2点）', 'tenji_trigger': '展示確認: ヒモ分散レース。1号艇伸び確認後、広めのヒモ流しを採用。穴ヒモ（5・6号艇）を積極的に含める。'}",,,32.3,逃げ狙い,27.77,31.9,3,,,,,,,,,,,
2026-02-22,丸亀,10,5,宮内直哉,B1,37.86,5,,4.2272,6.3,83,26.4,0.1846,4.0417,,,0,低,170,0,-,5,0,30.8,0.71,,,,,,0.148,0.212,0.132,,,D,,,0.2282,0.6035,,0.3969,A,73,0,◎-○軸 3着3〜4艇流し（10〜15点）,0.5777,"{'is_target': True, 'verdict': '参加推奨', 'max_combo_prob': 0.0596, 'est_top_odds': 22.4, 'circle_concentration': 65.9, 'eligible_count': 8, 'bet_adj': 2, 'reason': 'rel_win1=56.0%（本命度） / 最有力組み合わせ確率: 0.060（推定実オッズ?22倍） / 2着集中度: 上位2艇 65.9%（補正+0.00） / 総合判定確率: 0.060 / → ヒモ分散。1号艇1着固定で広めのヒモ流し推奨（買い目+2点）', 'tenji_trigger': '展示確認: ヒモ分散レース。1号艇伸び確認後、広めのヒモ流しを採用。穴ヒモ（5・6号艇）を積極的に含める。'}",,,32.3,逃げ狙い,27.77,31.9,3,,,,,,,,,,,
2026-02-22,丸亀,10,6,久田敏之,A1,21.21,6,,3.0466,9,81,60,0.143,2.275,,,0,低,53,0,差ま0% 抜0%,12,0,30.8,2.2172,0,0,0,0.1,0.2,0,0.0455,0.0909,,,E,,,0.3453,0.559,,0.3969,A,73,0,◎-○軸 3着3〜4艇流し（10〜15点）,0.5777,"{'is_target': True, 'verdict': '参加推奨', 'max_combo_prob': 0.0596, 'est_top_odds': 22.4, 'circle_concentration': 65.9, 'eligible_count': 8, 'bet_adj': 2, 'reason': 'rel_win1=56.0%（本命度） / 最有力組み合わせ確率: 0.060（推定実オッズ?22倍） / 2着集中度: 上位2艇 65.9%（補正+0.00） / 総合判定確率: 0.060 / → ヒモ分散。1号艇1着固定で広めのヒモ流し推奨（買い目+2点）', 'tenji_trigger': '展示確認: ヒモ分散レース。1号艇伸び確認後、広めのヒモ流しを採用。穴ヒモ（5・6号艇）を積極的に含める。'}",,,32.3,逃げ狙い,27.77,31.9,3,,,,,,,,,,,
2026-02-22,丸亀,11,1,大峯　豊,A1,25.47,1,◎,63.0336,,0,95.4,0.166,3.6308,,,0,低,88,0,逃1%,13,0,91,1.2284,0.6154,,,,,0.1308,0.0308,0.0154,○,,C,△,,,0.627,,0.4176,S,100,0,◎1着固定 2-3着流し（5〜8点）,0.5777,"{'is_target': True, 'verdict': '点数絞り', 'max_combo_prob': 0.106, 'est_top_odds': 12.6, 'circle_concentration': 79.3, 'eligible_count': 6, 'bet_adj': 0, 'reason': 'rel_win1=63.0%（本命度） / 最有力組み合わせ確率: 0.106（推定実オッズ?13倍） / 2着集中度: 上位2艇 79.3%（補正+0.04） / 総合判定確率: 0.146 / → ヒモはやや固め。上位2艇以外を切ること', 'tenji_trigger': '展示確認: 1号艇伸び良→そのまま採用。悪→飛び組に差し替え。circle_pct上位2艇に絞り込むこと。'}",,,32.7,逃げ狙い,17.63,27.5,3,,,,,0,0,0.6155,0,,逃げ軸流し,A
2026-02-22,丸亀,11,2,山口裕二,A2,22.77,2,△,13.9796,54.5,100,75.9,0.1459,3.2963,,,0,低,129,0,差0%,4,0,54.1,1.076,0,0.125,0,0,0.0417,0.0229,0.1171,0.1171,,◎,D,,,0.5294,0.619,,0.4176,S,100,0,◎1着固定 2-3着流し（5〜8点）,0.5777,"{'is_target': True, 'verdict': '点数絞り', 'max_combo_prob': 0.106, 'est_top_odds': 12.6, 'circle_concentration': 79.3, 'eligible_count': 6, 'bet_adj': 0, 'reason': 'rel_win1=63.0%（本命度） / 最有力組み合わせ確率: 0.106（推定実オッズ?13倍） / 2着集中度: 上位2艇 79.3%（補正+0.04） / 総合判定確率: 0.146 / → ヒモはやや固め。上位2艇以外を切ること', 'tenji_trigger': '展示確認: 1号艇伸び良→そのまま採用。悪→飛び組に差し替え。circle_pct上位2艇に絞り込むこと。'}",,,32.7,逃げ狙い,17.63,27.5,3,,,,,,,,,,,
2026-02-22,丸亀,11,3,岡瀬正人,A2,46.15,3,▲,7.2887,24.8,93,59.2,0.1674,3.5724,,,0,低,176,0,抜0%,2,0,44.4,1.0119,0,0,0,0,0.0303,0.0955,0.1727,0.0545,,,A,◎,,0.3028,0.6505,,0.4176,S,100,0,◎1着固定 2-3着流し（5〜8点）,0.5777,"{'is_target': True, 'verdict': '点数絞り', 'max_combo_prob': 0.106, 'est_top_odds': 12.6, 'circle_concentration': 79.3, 'eligible_count': 6, 'bet_adj': 0, 'reason': 'rel_win1=63.0%（本命度） / 最有力組み合わせ確率: 0.106（推定実オッズ?13倍） / 2着集中度: 上位2艇 79.3%（補正+0.04） / 総合判定確率: 0.146 / → ヒモはやや固め。上位2艇以外を切ること', 'tenji_trigger': '展示確認: 1号艇伸び良→そのまま採用。悪→飛び組に差し替え。circle_pct上位2艇に絞り込むこと。'}",,,32.7,逃げ狙い,17.63,27.5,3,,,,,,,,,,,
2026-02-22,丸亀,11,4,浦田晃嗣,B1,20.62,4,,8.8568,8.2,96,37.7,0.137,2.4717,,,0,低,95,0,-,1,0,69.9,1.3066,0,0,0.0455,0.0455,0,0.1486,0.2343,0.2057,,△,D,○,◎,0.4001,0.642,0.2821,0.4176,S,100,0,◎1着固定 2-3着流し（5〜8点）,0.5777,"{'is_target': True, 'verdict': '点数絞り', 'max_combo_prob': 0.106, 'est_top_odds': 12.6, 'circle_concentration': 79.3, 'eligible_count': 6, 'bet_adj': 0, 'reason': 'rel_win1=63.0%（本命度） / 最有力組み合わせ確率: 0.106（推定実オッズ?13倍） / 2着集中度: 上位2艇 79.3%（補正+0.04） / 総合判定確率: 0.146 / → ヒモはやや固め。上位2艇以外を切ること', 'tenji_trigger': '展示確認: 1号艇伸び良→そのまま採用。悪→飛び組に差し替え。circle_pct上位2艇に絞り込むこと。'}",,,32.7,逃げ狙い,17.63,27.5,3,,,,,,,,,,,
2026-02-22,丸亀,11,5,古田祐貴,A2,20.21,5,,3.1176,7.9,96,46.6,0.156,3.4138,,,0,低,105,0,-,3,0,41.7,0.8271,0,0,0,0.05,0,0.2088,0.1971,0.1338,,,E,,,0.3172,0.6265,,0.4176,S,100,0,◎1着固定 2-3着流し（5〜8点）,0.5777,"{'is_target': True, 'verdict': '点数絞り', 'max_combo_prob': 0.106, 'est_top_odds': 12.6, 'circle_concentration': 79.3, 'eligible_count': 6, 'bet_adj': 0, 'reason': 'rel_win1=63.0%（本命度） / 最有力組み合わせ確率: 0.106（推定実オッズ?13倍） / 2着集中度: 上位2艇 79.3%（補正+0.04） / 総合判定確率: 0.146 / → ヒモはやや固め。上位2艇以外を切ること', 'tenji_trigger': '展示確認: 1号艇伸び良→そのまま採用。悪→飛び組に差し替え。circle_pct上位2艇に絞り込むこと。'}",,,32.7,逃げ狙い,17.63,27.5,3,,,,,,,,,,,
2026-02-22,丸亀,11,6,後藤正宗,B1,43.27,6,○,3.7237,4.6,26,20.4,0.1383,3.2222,,,0,低,94,0,-,3,0,26.6,0.4592,,,,,,0.1769,0.0615,0.1154,,○,B,△,,0.4016,0.6345,,0.4176,S,100,0,◎1着固定 2-3着流し（5〜8点）,0.5777,"{'is_target': True, 'verdict': '点数絞り', 'max_combo_prob': 0.106, 'est_top_odds': 12.6, 'circle_concentration': 79.3, 'eligible_count': 6, 'bet_adj': 0, 'reason': 'rel_win1=63.0%（本命度） / 最有力組み合わせ確率: 0.106（推定実オッズ?13倍） / 2着集中度: 上位2艇 79.3%（補正+0.04） / 総合判定確率: 0.146 / → ヒモはやや固め。上位2艇以外を切ること', 'tenji_trigger': '展示確認: 1号艇伸び良→そのまま採用。悪→飛び組に差し替え。circle_pct上位2艇に絞り込むこと。'}",,,32.7,逃げ狙い,17.63,27.5,3,,,,,,,,,,,
2026-02-22,丸亀,12,1,中村晃朋,A1,35.85,1,◎,51.9896,,0,87.7,0.1656,3.4474,,,0,低,56,0,逃1% 抜0%,34,0,71.2,1.0707,0.6818,,,,,0.1745,0,0.1564,○,,B,△,,,0.678,,0.4077,S,82,0,◎1着固定 2-3着流し（5〜8点）,0.5777,"{'is_target': True, 'verdict': '参加推奨', 'max_combo_prob': 0.056, 'est_top_odds': 23.8, 'circle_concentration': 64.6, 'eligible_count': 6, 'bet_adj': 2, 'reason': 'rel_win1=52.0%（本命度） / 最有力組み合わせ確率: 0.056（推定実オッズ?24倍） / 2着集中度: 上位2艇 64.6%（補正+0.00） / 総合判定確率: 0.056 / → ヒモ分散。1号艇1着固定で広めのヒモ流し推奨（買い目+2点）', 'tenji_trigger': '展示確認: ヒモ分散レース。1号艇伸び確認後、広めのヒモ流しを採用。穴ヒモ（5・6号艇）を積極的に含める。'}",,,32.3,逃げ狙い,31.17,29.2,2,,,,,0,0,0.6155,0,,主役軸流し,B
2026-02-22,丸亀,12,2,丸岡正典,A2,33.64,2,○,17.1299,33.7,90,84.2,0.1468,3.3289,,,0,低,100,0,差0%,21,0,76.6,0.8069,0,0.2632,0,0,0,0.0118,0.3042,0.1681,,◎,C,△,,0.5506,0.667,,0.4077,S,82,0,◎1着固定 2-3着流し（5〜8点）,0.5777,"{'is_target': True, 'verdict': '参加推奨', 'max_combo_prob': 0.056, 'est_top_odds': 23.8, 'circle_concentration': 64.6, 'eligible_count': 6, 'bet_adj': 2, 'reason': 'rel_win1=52.0%（本命度） / 最有力組み合わせ確率: 0.056（推定実オッズ?24倍） / 2着集中度: 上位2艇 64.6%（補正+0.00） / 総合判定確率: 0.056 / → ヒモ分散。1号艇1着固定で広めのヒモ流し推奨（買い目+2点）', 'tenji_trigger': '展示確認: ヒモ分散レース。1号艇伸び確認後、広めのヒモ流しを採用。穴ヒモ（5・6号艇）を積極的に含める。'}",,,32.3,逃げ狙い,31.17,29.2,2,,,,,,,,,,,
2026-02-22,丸亀,12,3,片橋幸貴,B2,25.00,3,,7.1954,23.3,100,72.3,0.1634,3.3936,,,0,低,80,0,-,3,0,20.2,0.6181,0,0,0,0.0769,0.0769,0.0308,0.0462,0.2615,,,E,,,0.2974,0.629,,0.4077,S,82,0,◎1着固定 2-3着流し（5〜8点）,0.5777,"{'is_target': True, 'verdict': '参加推奨', 'max_combo_prob': 0.056, 'est_top_odds': 23.8, 'circle_concentration': 64.6, 'eligible_count': 6, 'bet_adj': 2, 'reason': 'rel_win1=52.0%（本命度） / 最有力組み合わせ確率: 0.056（推定実オッズ?24倍） / 2着集中度: 上位2艇 64.6%（補正+0.00） / 総合判定確率: 0.056 / → ヒモ分散。1号艇1着固定で広めのヒモ流し推奨（買い目+2点）', 'tenji_trigger': '展示確認: ヒモ分散レース。1号艇伸び確認後、広めのヒモ流しを採用。穴ヒモ（5・6号艇）を積極的に含める。'}",,,32.3,逃げ狙い,31.17,29.2,2,,,,,,,,,,,
2026-02-22,丸亀,12,4,松村　敏,A1,26.80,4,▲,14.2863,30.8,55,78.8,0.107,2.2273,,,0,低,28,0,差0% ま0% 差ま0% 抜0%,55,0,86.3,1.6783,0,0.0571,0.1143,0.1143,0.0286,0.0085,0.0837,0.017,,○,D,◎,◎,0.4895,0.8115,0.5433,0.4077,S,82,0,◎1着固定 2-3着流し（5〜8点）,0.5777,"{'is_target': True, 'verdict': '参加推奨', 'max_combo_prob': 0.056, 'est_top_odds': 23.8, 'circle_concentration': 64.6, 'eligible_count': 6, 'bet_adj': 2, 'reason': 'rel_win1=52.0%（本命度） / 最有力組み合わせ確率: 0.056（推定実オッズ?24倍） / 2着集中度: 上位2艇 64.6%（補正+0.00） / 総合判定確率: 0.056 / → ヒモ分散。1号艇1着固定で広めのヒモ流し推奨（買い目+2点）', 'tenji_trigger': '展示確認: ヒモ分散レース。1号艇伸び確認後、広めのヒモ流しを採用。穴ヒモ（5・6号艇）を積極的に含める。'}",,,32.3,逃げ狙い,31.17,29.2,2,,,,,,,,,,,
2026-02-22,丸亀,12,5,高橋英之,A2,25.49,5,,5.8973,9.7,79,47.9,0.1252,2.2396,,,0,低,59,0,-,44,0,33.6,1.5043,0,0,0,0.0435,0,0.064,0.164,0.132,,△,D,,○,0.4091,0.6665,0.3429,0.4077,S,82,0,◎1着固定 2-3着流し（5〜8点）,0.5777,"{'is_target': True, 'verdict': '参加推奨', 'max_combo_prob': 0.056, 'est_top_odds': 23.8, 'circle_concentration': 64.6, 'eligible_count': 6, 'bet_adj': 2, 'reason': 'rel_win1=52.0%（本命度） / 最有力組み合わせ確率: 0.056（推定実オッズ?24倍） / 2着集中度: 上位2艇 64.6%（補正+0.00） / 総合判定確率: 0.056 / → ヒモ分散。1号艇1着固定で広めのヒモ流し推奨（買い目+2点）', 'tenji_trigger': '展示確認: ヒモ分散レース。1号艇伸び確認後、広めのヒモ流しを採用。穴ヒモ（5・6号艇）を積極的に含める。'}",,,32.3,逃げ狙い,31.17,29.2,2,,,,,,,,,,,
2026-02-22,丸亀,12,6,江本真治,A2,40.91,6,△,3.5016,2.4,79,31.6,0.1886,4.2281,,,0,低,105,0,-,1,0,96.8,2.0147,0,0,0.05,0,0,0.1156,0.1156,0.1644,,,A,○,,0.2165,0.6785,,0.4077,S,82,0,◎1着固定 2-3着流し（5〜8点）,0.5777,"{'is_target': True, 'verdict': '参加推奨', 'max_combo_prob': 0.056, 'est_top_odds': 23.8, 'circle_concentration': 64.6, 'eligible_count': 6, 'bet_adj': 2, 'reason': 'rel_win1=52.0%（本命度） / 最有力組み合わせ確率: 0.056（推定実オッズ?24倍） / 2着集中度: 上位2艇 64.6%（補正+0.00） / 総合判定確率: 0.056 / → ヒモ分散。1号艇1着固定で広めのヒモ流し推奨（買い目+2点）', 'tenji_trigger': '展示確認: ヒモ分散レース。1号艇伸び確認後、広めのヒモ流しを採用。穴ヒモ（5・6号艇）を積極的に含める。'}",,,32.3,逃げ狙い,31.17,29.2,2,,,,,,,,,,,
2026-02-23,丸亀,1,1,吉永泰弘,B1,26.85,1,◎,51.1054,,0,80.5,0.141,2.9512,,,0,低,137,0,逃0%,5644,0,64.3,0.871,0.3529,,,,,0.2376,0.4541,0.0235,○,,E,◎,,,0.6525,,0.4076,B,59,0,◎○△フォーメーション（15〜20点）,0.5777,"{'is_target': True, 'verdict': '参加推奨', 'max_combo_prob': 0.0628, 'est_top_odds': 21.2, 'circle_concentration': 65.2, 'eligible_count': 9, 'bet_adj': 2, 'reason': 'rel_win1=51.1%（本命度） / 最有力組み合わせ確率: 0.063（推定実オッズ?21倍） / 2着集中度: 上位2艇 65.2%（補正+0.00） / 総合判定確率: 0.063 / → ヒモ分散。1号艇1着固定で広めのヒモ流し推奨（買い目+2点）', 'tenji_trigger': '展示確認: ヒモ分散レース。1号艇伸び確認後、広めのヒモ流しを採用。穴ヒモ（5・6号艇）を積極的に含める。'}",,,30,両建て推奨,12.1,39,4,,,,,0,0,0.6155,0,,主役軸流し,B
2026-02-23,丸亀,1,2,米田隆弘,B1,30.56,2,△,8.8869,42,57,47.5,0.1836,4.178,,,0,低,143,0,抜0%,252,0,48.6,0.7953,0,0,0,0,0.037,0.0625,0.1607,0.025,,,C,,,0.1131,0.624,,0.4076,B,59,0,◎○△フォーメーション（15〜20点）,0.5777,"{'is_target': True, 'verdict': '参加推奨', 'max_combo_prob': 0.0628, 'est_top_odds': 21.2, 'circle_concentration': 65.2, 'eligible_count': 9, 'bet_adj': 2, 'reason': 'rel_win1=51.1%（本命度） / 最有力組み合わせ確率: 0.063（推定実オッズ?21倍） / 2着集中度: 上位2艇 65.2%（補正+0.00） / 総合判定確率: 0.063 / → ヒモ分散。1号艇1着固定で広めのヒモ流し推奨（買い目+2点）', 'tenji_trigger': '展示確認: ヒモ分散レース。1号艇伸び確認後、広めのヒモ流しを採用。穴ヒモ（5・6号艇）を積極的に含める。'}",,,30,両建て推奨,12.1,39,4,,,,,,,,,,,
2026-02-23,丸亀,1,3,西原明生,B1,28.70,3,,10.4211,23.1,100,40,0.1844,3.6643,,,0,低,192,0,差ま0%,1 53,0,67.3,1.4215,0,0,0,0.069,0,0.2571,0.2571,0.2762,,,D,○,,0.1701,0.641,,0.4076,B,59,0,◎○△フォーメーション（15〜20点）,0.5777,"{'is_target': True, 'verdict': '参加推奨', 'max_combo_prob': 0.0628, 'est_top_odds': 21.2, 'circle_concentration': 65.2, 'eligible_count': 9, 'bet_adj': 2, 'reason': 'rel_win1=51.1%（本命度） / 最有力組み合わせ確率: 0.063（推定実オッズ?21倍） / 2着集中度: 上位2艇 65.2%（補正+0.00） / 総合判定確率: 0.063 / → ヒモ分散。1号艇1着固定で広めのヒモ流し推奨（買い目+2点）', 'tenji_trigger': '展示確認: ヒモ分散レース。1号艇伸び確認後、広めのヒモ流しを採用。穴ヒモ（5・6号艇）を積極的に含める。'}",,,30,両建て推奨,12.1,39,4,,,,,,,,,,,
2026-02-23,丸亀,1,4,後藤正宗,B1,43.27,4,○,18.7504,21.8,93,57.1,0.1355,2.9592,,,0,低,94,0,ま0% 差ま0%,3 35,0,88.1,1.546,0,0,0.0667,0.0667,0,0.1769,0.0615,0.1154,,,A,△,◎,0.3874,0.6345,0.4476,0.4076,B,59,0,◎○△フォーメーション（15〜20点）,0.5777,"{'is_target': True, 'verdict': '参加推奨', 'max_combo_prob': 0.0628, 'est_top_odds': 21.2, 'circle_concentration': 65.2, 'eligible_count': 9, 'bet_adj': 2, 'reason': 'rel_win1=51.1%（本命度） / 最有力組み合わせ確率: 0.063（推定実オッズ?21倍） / 2着集中度: 上位2艇 65.2%（補正+0.00） / 総合判定確率: 0.063 / → ヒモ分散。1号艇1着固定で広めのヒモ流し推奨（買い目+2点）', 'tenji_trigger': '展示確認: ヒモ分散レース。1号艇伸び確認後、広めのヒモ流しを採用。穴ヒモ（5・6号艇）を積極的に含める。'}",,,30,両建て推奨,12.1,39,4,,,,,,,,,,,
2026-02-23,丸亀,1,5,吉川颯汰,B2,30.77,5,,8.0346,9.1,91,0,0.29,6,,,0,低,18,1,-,6S6,0,26.5,0.8033,,,,,,,,,,,C,,,0.2049,0.3465,,0.4076,B,59,0,◎○△フォーメーション（15〜20点）,0.5777,"{'is_target': True, 'verdict': '参加推奨', 'max_combo_prob': 0.0628, 'est_top_odds': 21.2, 'circle_concentration': 65.2, 'eligible_count': 9, 'bet_adj': 2, 'reason': 'rel_win1=51.1%（本命度） / 最有力組み合わせ確率: 0.063（推定実オッズ?21倍） / 2着集中度: 上位2艇 65.2%（補正+0.00） / 総合判定確率: 0.063 / → ヒモ分散。1号艇1着固定で広めのヒモ流し推奨（買い目+2点）', 'tenji_trigger': '展示確認: ヒモ分散レース。1号艇伸び確認後、広めのヒモ流しを採用。穴ヒモ（5・6号艇）を積極的に含める。'}",,,30,両建て推奨,12.1,39,4,,,,,,,,,,,
2026-02-23,丸亀,1,6,岡本翔太,B1,35.00,6,▲,2.8017,3.9,58,22.6,0.144,3.3868,,,0,低,61,0,ま0%,451,0,34.4,0.9361,0,0,0.0526,0,0,0.19,0.08,0.19,,,B,△,,0.3454,0.6355,,0.4076,B,59,0,◎○△フォーメーション（15〜20点）,0.5777,"{'is_target': True, 'verdict': '参加推奨', 'max_combo_prob': 0.0628, 'est_top_odds': 21.2, 'circle_concentration': 65.2, 'eligible_count': 9, 'bet_adj': 2, 'reason': 'rel_win1=51.1%（本命度） / 最有力組み合わせ確率: 0.063（推定実オッズ?21倍） / 2着集中度: 上位2艇 65.2%（補正+0.00） / 総合判定確率: 0.063 / → ヒモ分散。1号艇1着固定で広めのヒモ流し推奨（買い目+2点）', 'tenji_trigger': '展示確認: ヒモ分散レース。1号艇伸び確認後、広めのヒモ流しを採用。穴ヒモ（5・6号艇）を積極的に含める。'}",,,30,両建て推奨,12.1,39,4,,,,,,,,,,,
2026-02-23,丸亀,2,1,川添英正,B1,35.85,1,◎,51.0076,,0,76.7,0.1642,3.3837,,,0,低,169,0,逃0%,643,0,56.6,0.9888,0.4,,,,,0.19,0.1,0.04,○,,D,○,,,0.657,,0.3766,A,73,0,◎-○軸 3着3〜4艇流し（10〜15点）,0.5777,"{'is_target': True, 'verdict': '参加推奨', 'max_combo_prob': 0.0719, 'est_top_odds': 18.6, 'circle_concentration': 67.8, 'eligible_count': 8, 'bet_adj': 2, 'reason': 'rel_win1=51.0%（本命度） / 最有力組み合わせ確率: 0.072（推定実オッズ?19倍） / 2着集中度: 上位2艇 67.8%（補正+0.00） / 総合判定確率: 0.072 / → ヒモ分散。1号艇1着固定で広めのヒモ流し推奨（買い目+2点）', 'tenji_trigger': '展示確認: ヒモ分散レース。1号艇伸び確認後、広めのヒモ流しを採用。穴ヒモ（5・6号艇）を積極的に含める。'}",,,27.5,逃げ狙い,12.55,31.2,3,,,,,0,0,0.6155,0,,主役軸流し,B
2026-02-23,丸亀,2,2,岡瀬正人,A2,46.15,2,○,16.1939,45.6,88,69,0.1648,3.9643,,,0,低,176,0,差0%,2 63,0,62.2,1.1478,0,0.1333,0,0,0,0.0955,0.1727,0.0545,,○,A,△,,0.353,0.6505,,0.3766,A,73,0,◎-○軸 3着3〜4艇流し（10〜15点）,0.5777,"{'is_target': True, 'verdict': '参加推奨', 'max_combo_prob': 0.0719, 'est_top_odds': 18.6, 'circle_concentration': 67.8, 'eligible_count': 8, 'bet_adj': 2, 'reason': 'rel_win1=51.0%（本命度） / 最有力組み合わせ確率: 0.072（推定実オッズ?19倍） / 2着集中度: 上位2艇 67.8%（補正+0.00） / 総合判定確率: 0.072 / → ヒモ分散。1号艇1着固定で広めのヒモ流し推奨（買い目+2点）', 'tenji_trigger': '展示確認: ヒモ分散レース。1号艇伸び確認後、広めのヒモ流しを採用。穴ヒモ（5・6号艇）を積極的に含める。'}",,,27.5,逃げ狙い,12.55,31.2,3,,,,,,,,,,,
2026-02-23,丸亀,2,3,町田洸希,B1,37.04,3,▲,10.2504,22.1,95,50.8,0.1553,3.6525,,,0,低,130,0,-,513,0,29.7,0.9854,0,0,0,0,0.0417,0.1875,0.125,0.125,,◎,C,,,0.3744,0.6035,,0.3766,A,73,0,◎-○軸 3着3〜4艇流し（10〜15点）,0.5777,"{'is_target': True, 'verdict': '参加推奨', 'max_combo_prob': 0.0719, 'est_top_odds': 18.6, 'circle_concentration': 67.8, 'eligible_count': 8, 'bet_adj': 2, 'reason': 'rel_win1=51.0%（本命度） / 最有力組み合わせ確率: 0.072（推定実オッズ?19倍） / 2着集中度: 上位2艇 67.8%（補正+0.00） / 総合判定確率: 0.072 / → ヒモ分散。1号艇1着固定で広めのヒモ流し推奨（買い目+2点）', 'tenji_trigger': '展示確認: ヒモ分散レース。1号艇伸び確認後、広めのヒモ流しを採用。穴ヒモ（5・6号艇）を積極的に含める。'}",,,27.5,逃げ狙い,12.55,31.2,3,,,,,,,,,,,
2026-02-23,丸亀,2,4,関根彰人,B1,39.45,4,,9.6502,14.1,100,52.3,0.1778,3.9385,,,0,低,170,0,-,153,0,100,3.2145,0,0.0345,0.0345,0.0345,0,0,0.2042,0.1153,,,C,,,0.2459,0.62,,0.3766,A,73,0,◎-○軸 3着3〜4艇流し（10〜15点）,0.5777,"{'is_target': True, 'verdict': '参加推奨', 'max_combo_prob': 0.0719, 'est_top_odds': 18.6, 'circle_concentration': 67.8, 'eligible_count': 8, 'bet_adj': 2, 'reason': 'rel_win1=51.0%（本命度） / 最有力組み合わせ確率: 0.072（推定実オッズ?19倍） / 2着集中度: 上位2艇 67.8%（補正+0.00） / 総合判定確率: 0.072 / → ヒモ分散。1号艇1着固定で広めのヒモ流し推奨（買い目+2点）', 'tenji_trigger': '展示確認: ヒモ分散レース。1号艇伸び確認後、広めのヒモ流しを採用。穴ヒモ（5・6号艇）を積極的に含める。'}",,,27.5,逃げ狙い,12.55,31.2,3,,,,,,,,,,,
2026-02-23,丸亀,2,5,松竹大輔,B1,42.73,5,△,9.2772,15.8,43,33.8,0.1738,3.5211,,,0,低,112,0,-,1 15,0,83,1.709,0,0.0385,0,0.0385,0,0.0444,0.0889,0.2093,,,B,△,◎,0.2681,0.6475,0.2418,0.3766,A,73,0,◎-○軸 3着3〜4艇流し（10〜15点）,0.5777,"{'is_target': True, 'verdict': '参加推奨', 'max_combo_prob': 0.0719, 'est_top_odds': 18.6, 'circle_concentration': 67.8, 'eligible_count': 8, 'bet_adj': 2, 'reason': 'rel_win1=51.0%（本命度） / 最有力組み合わせ確率: 0.072（推定実オッズ?19倍） / 2着集中度: 上位2艇 67.8%（補正+0.00） / 総合判定確率: 0.072 / → ヒモ分散。1号艇1着固定で広めのヒモ流し推奨（買い目+2点）', 'tenji_trigger': '展示確認: ヒモ分散レース。1号艇伸び確認後、広めのヒモ流しを採用。穴ヒモ（5・6号艇）を積極的に含める。'}",,,27.5,逃げ狙い,12.55,31.2,3,,,,,,,,,,,
2026-02-23,丸亀,2,6,廣瀬真也,A2,19.00,6,,3.6206,2.3,86,36.7,0.1612,3.4167,,,0,低,83,0,差0% 差ま0%,4364,0,43.9,1.4825,0,0.037,0,0.037,0,0.0242,0.1364,0.1364,,,E,◎,,0.3086,0.6585,,0.3766,A,73,0,◎-○軸 3着3〜4艇流し（10〜15点）,0.5777,"{'is_target': True, 'verdict': '参加推奨', 'max_combo_prob': 0.0719, 'est_top_odds': 18.6, 'circle_concentration': 67.8, 'eligible_count': 8, 'bet_adj': 2, 'reason': 'rel_win1=51.0%（本命度） / 最有力組み合わせ確率: 0.072（推定実オッズ?19倍） / 2着集中度: 上位2艇 67.8%（補正+0.00） / 総合判定確率: 0.072 / → ヒモ分散。1号艇1着固定で広めのヒモ流し推奨（買い目+2点）', 'tenji_trigger': '展示確認: ヒモ分散レース。1号艇伸び確認後、広めのヒモ流しを採用。穴ヒモ（5・6号艇）を積極的に含める。'}",,,27.5,逃げ狙い,12.55,31.2,3,,,,,,,,,,,
2026-02-23,丸亀,3,1,片橋幸貴,B2,25.00,1,◎,58.6492,,0,90,0.143,2.6071,,,0,低,80,0,逃0%,3 23,0,75.3,1.1747,0.5769,,,,,0.0308,0.0462,0.2615,◎,,D,△,,,0.629,,0.6406,S,98,0,◎1着固定 2-3着流し（5〜8点）,0.5777,"{'is_target': True, 'verdict': '参加推奨', 'max_combo_prob': 0.0738, 'est_top_odds': 18.1, 'circle_concentration': 69.0, 'eligible_count': 6, 'bet_adj': 2, 'reason': 'rel_win1=58.6%（本命度） / 最有力組み合わせ確率: 0.074（推定実オッズ?18倍） / 2着集中度: 上位2艇 69.0%（補正+0.00） / 総合判定確率: 0.074 / → ヒモ分散。1号艇1着固定で広めのヒモ流し推奨（買い目+2点）', 'tenji_trigger': '展示確認: ヒモ分散レース。1号艇伸び確認後、広めのヒモ流しを採用。穴ヒモ（5・6号艇）を積極的に含める。'}",,,27.3,逃げ狙い,17.42,26.6,2,,,,,0,0,0.7559,0,,逃げ軸流し,A
2026-02-23,丸亀,3,2,渡辺　豊,B1,25.49,2,▲,13.9215,39.2,100,73.3,0.1833,4.1733,,,0,低,220,0,-,221,0,100,2.0872,0,0,0.0278,0,0,0.1906,0.1059,0.1788,,,C,,,0.0567,0.576,,0.6406,S,98,0,◎1着固定 2-3着流し（5〜8点）,0.5777,"{'is_target': True, 'verdict': '参加推奨', 'max_combo_prob': 0.0738, 'est_top_odds': 18.1, 'circle_concentration': 69.0, 'eligible_count': 6, 'bet_adj': 2, 'reason': 'rel_win1=58.6%（本命度） / 最有力組み合わせ確率: 0.074（推定実オッズ?18倍） / 2着集中度: 上位2艇 69.0%（補正+0.00） / 総合判定確率: 0.074 / → ヒモ分散。1号艇1着固定で広めのヒモ流し推奨（買い目+2点）', 'tenji_trigger': '展示確認: ヒモ分散レース。1号艇伸び確認後、広めのヒモ流しを採用。穴ヒモ（5・6号艇）を積極的に含める。'}",,,27.3,逃げ狙い,17.42,26.6,2,,,,,,,,,,,
2026-02-23,丸亀,3,3,星　栄爾,B1,29.63,3,○,9.884,29.7,64,56,0.158,2.7933,,,0,低,115,0,差0% 抜0%,2 24,0,46.7,1.0527,0,0.0323,0,0,0.0323,0.0293,0.0293,0.2585,,,B,○,,0.213,0.652,,0.6406,S,98,0,◎1着固定 2-3着流し（5〜8点）,0.5777,"{'is_target': True, 'verdict': '参加推奨', 'max_combo_prob': 0.0738, 'est_top_odds': 18.1, 'circle_concentration': 69.0, 'eligible_count': 6, 'bet_adj': 2, 'reason': 'rel_win1=58.6%（本命度） / 最有力組み合わせ確率: 0.074（推定実オッズ?18倍） / 2着集中度: 上位2艇 69.0%（補正+0.00） / 総合判定確率: 0.074 / → ヒモ分散。1号艇1着固定で広めのヒモ流し推奨（買い目+2点）', 'tenji_trigger': '展示確認: ヒモ分散レース。1号艇伸び確認後、広めのヒモ流しを採用。穴ヒモ（5・6号艇）を積極的に含める。'}",,,27.3,逃げ狙い,17.42,26.6,2,,,,,,,,,,,
2026-02-23,丸亀,3,4,古田祐貴,A2,20.21,4,,8.3184,14.3,86,56.1,0.1494,2.9545,,,0,低,105,0,ま0%,3 S4,0,77.4,1.6349,0,0.0333,0.0333,0,0,0.2088,0.1971,0.1338,,,D,△,◎,0.2674,0.6265,0.4288,0.6406,S,98,0,◎1着固定 2-3着流し（5〜8点）,0.5777,"{'is_target': True, 'verdict': '参加推奨', 'max_combo_prob': 0.0738, 'est_top_odds': 18.1, 'circle_concentration': 69.0, 'eligible_count': 6, 'bet_adj': 2, 'reason': 'rel_win1=58.6%（本命度） / 最有力組み合わせ確率: 0.074（推定実オッズ?18倍） / 2着集中度: 上位2艇 69.0%（補正+0.00） / 総合判定確率: 0.074 / → ヒモ分散。1号艇1着固定で広めのヒモ流し推奨（買い目+2点）', 'tenji_trigger': '展示確認: ヒモ分散レース。1号艇伸び確認後、広めのヒモ流しを採用。穴ヒモ（5・6号艇）を積極的に含める。'}",,,27.3,逃げ狙い,17.42,26.6,2,,,,,,,,,,,
2026-02-23,丸亀,3,5,三宅健太,B1,25.00,5,,7.0157,11.5,65,42.1,0.1858,3.807,,,0,低,124,0,-,341,0,34.9,0.9921,0,0,0,0.0476,0.0476,0.2109,0.0909,0.4691,,,D,,,0.1562,0.621,,0.6406,S,98,0,◎1着固定 2-3着流し（5〜8点）,0.5777,"{'is_target': True, 'verdict': '参加推奨', 'max_combo_prob': 0.0738, 'est_top_odds': 18.1, 'circle_concentration': 69.0, 'eligible_count': 6, 'bet_adj': 2, 'reason': 'rel_win1=58.6%（本命度） / 最有力組み合わせ確率: 0.074（推定実オッズ?18倍） / 2着集中度: 上位2艇 69.0%（補正+0.00） / 総合判定確率: 0.074 / → ヒモ分散。1号艇1着固定で広めのヒモ流し推奨（買い目+2点）', 'tenji_trigger': '展示確認: ヒモ分散レース。1号艇伸び確認後、広めのヒモ流しを採用。穴ヒモ（5・6号艇）を積極的に含める。'}",,,27.3,逃げ狙い,17.42,26.6,2,,,,,,,,,,,
2026-02-23,丸亀,3,6,丸岡正典,A2,33.64,6,△,2.2112,5.2,53,31.2,0.2075,4.5833,,,0,低,100,0,-,2112,0,31.5,1.3433,,,,,,0.0118,0.3042,0.1681,,,B,◎,,0.1454,0.667,,0.6406,S,98,0,◎1着固定 2-3着流し（5〜8点）,0.5777,"{'is_target': True, 'verdict': '参加推奨', 'max_combo_prob': 0.0738, 'est_top_odds': 18.1, 'circle_concentration': 69.0, 'eligible_count': 6, 'bet_adj': 2, 'reason': 'rel_win1=58.6%（本命度） / 最有力組み合わせ確率: 0.074（推定実オッズ?18倍） / 2着集中度: 上位2艇 69.0%（補正+0.00） / 総合判定確率: 0.074 / → ヒモ分散。1号艇1着固定で広めのヒモ流し推奨（買い目+2点）', 'tenji_trigger': '展示確認: ヒモ分散レース。1号艇伸び確認後、広めのヒモ流しを採用。穴ヒモ（5・6号艇）を積極的に含める。'}",,,27.3,逃げ狙い,17.42,26.6,2,,,,,,,,,,,
2026-02-23,丸亀,4,1,吉川勇作,B1,49.51,1,◎,57.5811,,0,83.9,0.1195,2.4911,,,0,低,92,0,-,3 52,0,68.3,0.9221,0.5714,,,,,0.3162,0.0381,0.0571,◎,,A,○,,,0.6335,,0.6584,A,77,0,◎-○軸 3着3〜4艇流し（10〜15点）,0.5777,"{'is_target': True, 'verdict': '点数絞り', 'max_combo_prob': 0.1063, 'est_top_odds': 12.5, 'circle_concentration': 76.7, 'eligible_count': 8, 'bet_adj': 0, 'reason': 'rel_win1=57.6%（本命度） / 最有力組み合わせ確率: 0.106（推定実オッズ?12倍） / 2着集中度: 上位2艇 76.7%（補正+0.04） / 総合判定確率: 0.146 / → ヒモはやや固め。上位2艇以外を切ること', 'tenji_trigger': '展示確認: 1号艇伸び良→そのまま採用。悪→飛び組に差し替え。circle_pct上位2艇に絞り込むこと。\n展示で1号艇スタート超安定(0.119秒)→ヒモ固まり方向に注意'}",,,28.9,逃げ狙い,16.48,31.9,3,,,,,0,0,0.7559,0,,逃げ軸流し,A
2026-02-23,丸亀,4,2,江本真治,A2,40.91,2,▲,15.6272,56.8,65,62.7,0.1455,3.0672,,,0,低,105,0,-,1 34,0,30.6,0.7755,0,0.0714,0,0,0,0.1156,0.1156,0.1644,,,C,◎,,0.0652,0.6785,,0.6584,A,77,0,◎-○軸 3着3〜4艇流し（10〜15点）,0.5777,"{'is_target': True, 'verdict': '点数絞り', 'max_combo_prob': 0.1063, 'est_top_odds': 12.5, 'circle_concentration': 76.7, 'eligible_count': 8, 'bet_adj': 0, 'reason': 'rel_win1=57.6%（本命度） / 最有力組み合わせ確率: 0.106（推定実オッズ?12倍） / 2着集中度: 上位2艇 76.7%（補正+0.04） / 総合判定確率: 0.146 / → ヒモはやや固め。上位2艇以外を切ること', 'tenji_trigger': '展示確認: 1号艇伸び良→そのまま採用。悪→飛び組に差し替え。circle_pct上位2艇に絞り込むこと。\n展示で1号艇スタート超安定(0.119秒)→ヒモ固まり方向に注意'}",,,28.9,逃げ狙い,16.48,31.9,3,,,,,,,,,,,
2026-02-23,丸亀,4,3,梶山涼斗,B1,50.00,3,○,9.4416,15.2,100,46.3,0.1411,2.6481,,,0,低,51,0,-,655,0,31.4,0.9008,,,,,,0,0.0941,0.1671,,,A,△,,0.2041,0.624,,0.6584,A,77,0,◎-○軸 3着3〜4艇流し（10〜15点）,0.5777,"{'is_target': True, 'verdict': '点数絞り', 'max_combo_prob': 0.1063, 'est_top_odds': 12.5, 'circle_concentration': 76.7, 'eligible_count': 8, 'bet_adj': 0, 'reason': 'rel_win1=57.6%（本命度） / 最有力組み合わせ確率: 0.106（推定実オッズ?12倍） / 2着集中度: 上位2艇 76.7%（補正+0.04） / 総合判定確率: 0.146 / → ヒモはやや固め。上位2艇以外を切ること', 'tenji_trigger': '展示確認: 1号艇伸び良→そのまま採用。悪→飛び組に差し替え。circle_pct上位2艇に絞り込むこと。\n展示で1号艇スタート超安定(0.119秒)→ヒモ固まり方向に注意'}",,,28.9,逃げ狙い,16.48,31.9,3,,,,,,,,,,,
2026-02-23,丸亀,4,4,廣部大明,B2,36.27,4,△,9.3786,19.8,77,75,0.1525,4.625,,,0,低,61,1,-,554,0,84.7,1.4228,,,,,,0,0.5,0.5,,,C,,,0.1817,0.424,,0.6584,A,77,0,◎-○軸 3着3〜4艇流し（10〜15点）,0.5777,"{'is_target': True, 'verdict': '点数絞り', 'max_combo_prob': 0.1063, 'est_top_odds': 12.5, 'circle_concentration': 76.7, 'eligible_count': 8, 'bet_adj': 0, 'reason': 'rel_win1=57.6%（本命度） / 最有力組み合わせ確率: 0.106（推定実オッズ?12倍） / 2着集中度: 上位2艇 76.7%（補正+0.04） / 総合判定確率: 0.146 / → ヒモはやや固め。上位2艇以外を切ること', 'tenji_trigger': '展示確認: 1号艇伸び良→そのまま採用。悪→飛び組に差し替え。circle_pct上位2艇に絞り込むこと。\n展示で1号艇スタート超安定(0.119秒)→ヒモ固まり方向に注意'}",,,28.9,逃げ狙い,16.48,31.9,3,,,,,,,,,,,
2026-02-23,丸亀,4,5,野長瀬正,A2,24.24,5,,6.9475,6.6,52,17.6,0.1888,4.4706,,,0,低,105,0,-,544,0,29.9,0.7938,,,,,,0.2,0.0343,0.2257,,,E,△,,0.135,0.586,,0.6584,A,77,0,◎-○軸 3着3〜4艇流し（10〜15点）,0.5777,"{'is_target': True, 'verdict': '点数絞り', 'max_combo_prob': 0.1063, 'est_top_odds': 12.5, 'circle_concentration': 76.7, 'eligible_count': 8, 'bet_adj': 0, 'reason': 'rel_win1=57.6%（本命度） / 最有力組み合わせ確率: 0.106（推定実オッズ?12倍） / 2着集中度: 上位2艇 76.7%（補正+0.04） / 総合判定確率: 0.146 / → ヒモはやや固め。上位2艇以外を切ること', 'tenji_trigger': '展示確認: 1号艇伸び良→そのまま採用。悪→飛び組に差し替え。circle_pct上位2艇に絞り込むこと。\n展示で1号艇スタート超安定(0.119秒)→ヒモ固まり方向に注意'}",,,28.9,逃げ狙い,16.48,31.9,3,,,,,,,,,,,
2026-02-23,丸亀,4,6,三原　司,B1,27.72,6,,1.024,1.5,79,26.8,0.1766,4.3537,,,0,低,167,0,-,3 24,0,25.7,0.8144,,,,,,0.2452,0.2071,0.0571,,,E,△,,0.135,0.624,,0.6584,A,77,0,◎-○軸 3着3〜4艇流し（10〜15点）,0.5777,"{'is_target': True, 'verdict': '点数絞り', 'max_combo_prob': 0.1063, 'est_top_odds': 12.5, 'circle_concentration': 76.7, 'eligible_count': 8, 'bet_adj': 0, 'reason': 'rel_win1=57.6%（本命度） / 最有力組み合わせ確率: 0.106（推定実オッズ?12倍） / 2着集中度: 上位2艇 76.7%（補正+0.04） / 総合判定確率: 0.146 / → ヒモはやや固め。上位2艇以外を切ること', 'tenji_trigger': '展示確認: 1号艇伸び良→そのまま採用。悪→飛び組に差し替え。circle_pct上位2艇に絞り込むこと。\n展示で1号艇スタート超安定(0.119秒)→ヒモ固まり方向に注意'}",,,28.9,逃げ狙い,16.48,31.9,3,,,,,,,,,,,
2026-02-23,丸亀,5,1,宮内直哉,B1,37.86,1,◎,53.761,,0,61.5,0.1756,3.7885,,,0,低,170,0,逃0%,5 56,0,48.8,0.8426,0.32,,,,,0.148,0.212,0.132,△,,B,△,,,0.6035,,0.2654,B,57,0,◎○△フォーメーション（15〜20点）,0.5777,"{'is_target': True, 'verdict': '参加推奨', 'max_combo_prob': 0.0418, 'est_top_odds': 31.9, 'circle_concentration': 52.2, 'eligible_count': 9, 'bet_adj': 2, 'reason': 'rel_win1=53.8%（本命度） / 最有力組み合わせ確率: 0.042（推定実オッズ?32倍） / 2着集中度: 上位2艇 52.2%（補正-0.04） / 総合判定確率: 0.002 / → ヒモ分散。1号艇1着固定で広めのヒモ流し推奨（買い目+2点）', 'tenji_trigger': '展示確認: ヒモ分散レース。1号艇伸び確認後、広めのヒモ流しを採用。穴ヒモ（5・6号艇）を積極的に含める。'}",,,29,両建て推奨,15.13,33.5,3,2-1-4|2-1-3|1-2-4|1-3-4|1-2-3|1-5-4|1-3-2,4-5-6|6-1-4|6-4-1|2-1-4|2-1-3|6-1-3|4-6-5|1-2-4|1-3-4|1-2-3|1-5-4|1-3-2,2-1-4:2.16%|2-1-3:1.94%|1-2-4:6.79%|1-3-4:6.13%|1-2-3:5.65%|1-5-4:5.48%|1-3-2:4.93%,2-1-4:B_main|2-1-3:B_main|1-2-4:A|1-3-4:A|1-2-3:A|1-5-4:A|1-3-2:A,7,12,0.4535,1,[!]見送り推奨（主役決まり手「差し」― 逃げ劣勢レースで的中実績なし）,荒れ広め,D
2026-02-23,丸亀,5,2,伊藤雄二,B1,44.55,2,○,9.5759,25.6,88,39.1,0.1616,3.3623,,,0,低,128,0,-,4 55,0,54.8,1.1988,,,,,,0.2227,0.4636,0.0364,,◎,A,,,0.4897,0.574,,0.2654,B,57,0,◎○△フォーメーション（15〜20点）,0.5777,"{'is_target': True, 'verdict': '参加推奨', 'max_combo_prob': 0.0418, 'est_top_odds': 31.9, 'circle_concentration': 52.2, 'eligible_count': 9, 'bet_adj': 2, 'reason': 'rel_win1=53.8%（本命度） / 最有力組み合わせ確率: 0.042（推定実オッズ?32倍） / 2着集中度: 上位2艇 52.2%（補正-0.04） / 総合判定確率: 0.002 / → ヒモ分散。1号艇1着固定で広めのヒモ流し推奨（買い目+2点）', 'tenji_trigger': '展示確認: ヒモ分散レース。1号艇伸び確認後、広めのヒモ流しを採用。穴ヒモ（5・6号艇）を積極的に含める。'}",,,29,両建て推奨,15.13,33.5,3,,,,,,,,,,,
2026-02-23,丸亀,5,3,浦田晃嗣,B1,20.62,3,,8.1891,26.6,91,39,0.1576,3.339,,,0,低,95,0,-,1 36,0,60.8,0.7542,,,,,,0.1486,0.2343,0.2057,,△,E,○,,0.428,0.642,,0.2654,B,57,0,◎○△フォーメーション（15〜20点）,0.5777,"{'is_target': True, 'verdict': '参加推奨', 'max_combo_prob': 0.0418, 'est_top_odds': 31.9, 'circle_concentration': 52.2, 'eligible_count': 9, 'bet_adj': 2, 'reason': 'rel_win1=53.8%（本命度） / 最有力組み合わせ確率: 0.042（推定実オッズ?32倍） / 2着集中度: 上位2艇 52.2%（補正-0.04） / 総合判定確率: 0.002 / → ヒモ分散。1号艇1着固定で広めのヒモ流し推奨（買い目+2点）', 'tenji_trigger': '展示確認: ヒモ分散レース。1号艇伸び確認後、広めのヒモ流しを採用。穴ヒモ（5・6号艇）を積極的に含める。'}",,,29,両建て推奨,15.13,33.5,3,,,,,,,,,,,
2026-02-23,丸亀,5,4,田中宏典,B1,25.23,4,△,17.7998,23.2,78,50,0.1703,3.4444,,,0,低,103,0,差ま0%,6 42,0,100,2.0396,0,0.0714,0.0714,0.1429,0,0,0.1,0.2167,,,D,,◎,0.3624,0.581,0.3463,0.2654,B,57,0,◎○△フォーメーション（15〜20点）,0.5777,"{'is_target': True, 'verdict': '参加推奨', 'max_combo_prob': 0.0418, 'est_top_odds': 31.9, 'circle_concentration': 52.2, 'eligible_count': 9, 'bet_adj': 2, 'reason': 'rel_win1=53.8%（本命度） / 最有力組み合わせ確率: 0.042（推定実オッズ?32倍） / 2着集中度: 上位2艇 52.2%（補正-0.04） / 総合判定確率: 0.002 / → ヒモ分散。1号艇1着固定で広めのヒモ流し推奨（買い目+2点）', 'tenji_trigger': '展示確認: ヒモ分散レース。1号艇伸び確認後、広めのヒモ流しを採用。穴ヒモ（5・6号艇）を積極的に含める。'}",,,29,両建て推奨,15.13,33.5,3,,,,,,,,,,,
2026-02-23,丸亀,5,5,四宮与寛,A2,27.37,5,▲,8.0853,24,76,47.5,0.1298,2.5593,,,0,低,60,0,-,232,0,26,0.524,0,0,0,0.04,0,0.1116,0.1374,0.0258,,○,C,◎,,0.4575,0.6545,,0.2654,B,57,0,◎○△フォーメーション（15〜20点）,0.5777,"{'is_target': True, 'verdict': '参加推奨', 'max_combo_prob': 0.0418, 'est_top_odds': 31.9, 'circle_concentration': 52.2, 'eligible_count': 9, 'bet_adj': 2, 'reason': 'rel_win1=53.8%（本命度） / 最有力組み合わせ確率: 0.042（推定実オッズ?32倍） / 2着集中度: 上位2艇 52.2%（補正-0.04） / 総合判定確率: 0.002 / → ヒモ分散。1号艇1着固定で広めのヒモ流し推奨（買い目+2点）', 'tenji_trigger': '展示確認: ヒモ分散レース。1号艇伸び確認後、広めのヒモ流しを採用。穴ヒモ（5・6号艇）を積極的に含める。'}",,,29,両建て推奨,15.13,33.5,3,,,,,,,,,,,
2026-02-23,丸亀,5,6,山口裕二,A2,22.77,6,,2.5889,0.6,100,37.7,0.2043,4.8868,,,0,低,129,0,差ま0%,4 61,0,26.8,1.4283,0,0,0,0.0455,0,0.0229,0.1171,0.1171,,,D,△,,0.2261,0.619,,0.2654,B,57,0,◎○△フォーメーション（15〜20点）,0.5777,"{'is_target': True, 'verdict': '参加推奨', 'max_combo_prob': 0.0418, 'est_top_odds': 31.9, 'circle_concentration': 52.2, 'eligible_count': 9, 'bet_adj': 2, 'reason': 'rel_win1=53.8%（本命度） / 最有力組み合わせ確率: 0.042（推定実オッズ?32倍） / 2着集中度: 上位2艇 52.2%（補正-0.04） / 総合判定確率: 0.002 / → ヒモ分散。1号艇1着固定で広めのヒモ流し推奨（買い目+2点）', 'tenji_trigger': '展示確認: ヒモ分散レース。1号艇伸び確認後、広めのヒモ流しを採用。穴ヒモ（5・6号艇）を積極的に含める。'}",,,29,両建て推奨,15.13,33.5,3,,,,,,,,,,,
2026-02-23,丸亀,6,1,川上聡介,A2,42.45,1,◎,52.1486,,0,83.6,0.1371,2.7,,,0,低,77,0,逃0%,625,0,77.7,1.0644,0.4815,,,,,0.0593,0.1148,0.3037,◎,,B,△,,,0.6225,,0.5927,A,71,0,◎-○軸 3着3〜4艇流し（10〜15点）,0.5777,"{'is_target': True, 'verdict': '参加推奨', 'max_combo_prob': 0.0562, 'est_top_odds': 23.7, 'circle_concentration': 58.1, 'eligible_count': 8, 'bet_adj': 2, 'reason': 'rel_win1=52.1%（本命度） / 最有力組み合わせ確率: 0.056（推定実オッズ?24倍） / 2着集中度: 上位2艇 58.1%（補正+0.00） / 総合判定確率: 0.056 / → ヒモ分散。1号艇1着固定で広めのヒモ流し推奨（買い目+2点）', 'tenji_trigger': '展示確認: ヒモ分散レース。1号艇伸び確認後、広めのヒモ流しを採用。穴ヒモ（5・6号艇）を積極的に含める。\n展示で1号艇スタート超安定(0.137秒)→ヒモ固まり方向に注意'}",,,29.8,逃げ狙い,22.46,29.5,4,,,,,0,0,0.7559,0,,逃げ軸流し,A
2026-02-23,丸亀,6,2,東　潤樹,B1,38.89,2,△,10.2576,30.2,56,42.5,0.1816,4.411,,,0,低,191,0,差0% ま0% 抜0%,3 13,0,92.8,0.7259,0,0.0357,0.0357,0,0.0357,0.1639,0.3139,0.0296,,,B,◎,,0.0658,0.6475,,0.5927,A,71,0,◎-○軸 3着3〜4艇流し（10〜15点）,0.5777,"{'is_target': True, 'verdict': '参加推奨', 'max_combo_prob': 0.0562, 'est_top_odds': 23.7, 'circle_concentration': 58.1, 'eligible_count': 8, 'bet_adj': 2, 'reason': 'rel_win1=52.1%（本命度） / 最有力組み合わせ確率: 0.056（推定実オッズ?24倍） / 2着集中度: 上位2艇 58.1%（補正+0.00） / 総合判定確率: 0.056 / → ヒモ分散。1号艇1着固定で広めのヒモ流し推奨（買い目+2点）', 'tenji_trigger': '展示確認: ヒモ分散レース。1号艇伸び確認後、広めのヒモ流しを採用。穴ヒモ（5・6号艇）を積極的に含める。\n展示で1号艇スタート超安定(0.137秒)→ヒモ固まり方向に注意'}",,,29.8,逃げ狙い,22.46,29.5,4,,,,,,,,,,,
2026-02-23,丸亀,6,3,後藤正宗,B1,43.27,3,○,13.9553,26.9,100,59.3,0.1689,3.4167,,,0,低,94,0,ま0% 差ま0%,3 35,0,57,1.2025,0,0,0.0526,0.0526,0,0.1769,0.0615,0.1154,,,A,○,,0.1473,0.6345,,0.5927,A,71,0,◎-○軸 3着3〜4艇流し（10〜15点）,0.5777,"{'is_target': True, 'verdict': '参加推奨', 'max_combo_prob': 0.0562, 'est_top_odds': 23.7, 'circle_concentration': 58.1, 'eligible_count': 8, 'bet_adj': 2, 'reason': 'rel_win1=52.1%（本命度） / 最有力組み合わせ確率: 0.056（推定実オッズ?24倍） / 2着集中度: 上位2艇 58.1%（補正+0.00） / 総合判定確率: 0.056 / → ヒモ分散。1号艇1着固定で広めのヒモ流し推奨（買い目+2点）', 'tenji_trigger': '展示確認: ヒモ分散レース。1号艇伸び確認後、広めのヒモ流しを採用。穴ヒモ（5・6号艇）を積極的に含める。\n展示で1号艇スタート超安定(0.137秒)→ヒモ固まり方向に注意'}",,,29.8,逃げ狙い,22.46,29.5,4,,,,,,,,,,,
2026-02-23,丸亀,6,4,久田敏之,A1,21.21,4,,13.4878,27.9,65,70.2,0.1566,2.9043,,,0,低,53,0,-,124,0,39.1,0.7432,0,0,0,0,0,0,0.0455,0.0909,,,E,,◎,0.254,0.559,0.4118,0.5927,A,71,0,◎-○軸 3着3〜4艇流し（10〜15点）,0.5777,"{'is_target': True, 'verdict': '参加推奨', 'max_combo_prob': 0.0562, 'est_top_odds': 23.7, 'circle_concentration': 58.1, 'eligible_count': 8, 'bet_adj': 2, 'reason': 'rel_win1=52.1%（本命度） / 最有力組み合わせ確率: 0.056（推定実オッズ?24倍） / 2着集中度: 上位2艇 58.1%（補正+0.00） / 総合判定確率: 0.056 / → ヒモ分散。1号艇1着固定で広めのヒモ流し推奨（買い目+2点）', 'tenji_trigger': '展示確認: ヒモ分散レース。1号艇伸び確認後、広めのヒモ流しを採用。穴ヒモ（5・6号艇）を積極的に含める。\n展示で1号艇スタート超安定(0.137秒)→ヒモ固まり方向に注意'}",,,29.8,逃げ狙い,22.46,29.5,4,,,,,,,,,,,
2026-02-23,丸亀,6,5,佐藤　航,A2,33.65,5,▲,9.23,14.6,88,51.1,0.1651,3.4667,,,0,低,110,0,差ま1%,4111,0,31.2,1.7121,0,0,0,0.1429,0,0.1304,0.1304,0.087,,,C,△,○,0.2339,0.5775,0.4025,0.5927,A,71,0,◎-○軸 3着3〜4艇流し（10〜15点）,0.5777,"{'is_target': True, 'verdict': '参加推奨', 'max_combo_prob': 0.0562, 'est_top_odds': 23.7, 'circle_concentration': 58.1, 'eligible_count': 8, 'bet_adj': 2, 'reason': 'rel_win1=52.1%（本命度） / 最有力組み合わせ確率: 0.056（推定実オッズ?24倍） / 2着集中度: 上位2艇 58.1%（補正+0.00） / 総合判定確率: 0.056 / → ヒモ分散。1号艇1着固定で広めのヒモ流し推奨（買い目+2点）', 'tenji_trigger': '展示確認: ヒモ分散レース。1号艇伸び確認後、広めのヒモ流しを採用。穴ヒモ（5・6号艇）を積極的に含める。\n展示で1号艇スタート超安定(0.137秒)→ヒモ固まり方向に注意'}",,,29.8,逃げ狙い,22.46,29.5,4,,,,,,,,,,,
2026-02-23,丸亀,6,6,内田　壮,B2,21.78,6,,0.9207,0.4,27,6.3,0.2209,4.8861,,,0,低,49,0,-,6 63,0,25.9,0.44,,,,,,,,,,,E,,,0.1527,0.468,,0.5927,A,71,0,◎-○軸 3着3〜4艇流し（10〜15点）,0.5777,"{'is_target': True, 'verdict': '参加推奨', 'max_combo_prob': 0.0562, 'est_top_odds': 23.7, 'circle_concentration': 58.1, 'eligible_count': 8, 'bet_adj': 2, 'reason': 'rel_win1=52.1%（本命度） / 最有力組み合わせ確率: 0.056（推定実オッズ?24倍） / 2着集中度: 上位2艇 58.1%（補正+0.00） / 総合判定確率: 0.056 / → ヒモ分散。1号艇1着固定で広めのヒモ流し推奨（買い目+2点）', 'tenji_trigger': '展示確認: ヒモ分散レース。1号艇伸び確認後、広めのヒモ流しを採用。穴ヒモ（5・6号艇）を積極的に含める。\n展示で1号艇スタート超安定(0.137秒)→ヒモ固まり方向に注意'}",,,29.8,逃げ狙い,22.46,29.5,4,,,,,,,,,,,
2026-02-23,丸亀,7,1,丹下　健,B1,23.60,1,◎,49.7446,,0,73.5,0.1516,3.1327,,,0,低,133,0,逃0%,2666,0,80.5,0.9509,0.3333,,,,,0.1962,0.2343,0.1771,○,,E,,,,0.5945,,0.4253,B,52,0,◎○△フォーメーション（15〜20点）,0.5777,"{'is_target': True, 'verdict': '参加推奨', 'max_combo_prob': 0.0624, 'est_top_odds': 21.4, 'circle_concentration': 74.1, 'eligible_count': 9, 'bet_adj': 2, 'reason': 'rel_win1=49.7%（本命度） / 最有力組み合わせ確率: 0.062（推定実オッズ?21倍） / 2着集中度: 上位2艇 74.1%（補正+0.04） / 総合判定確率: 0.102 / → ヒモ分散。1号艇1着固定で広めのヒモ流し推奨（買い目+2点）', 'tenji_trigger': '展示確認: ヒモ分散レース。1号艇伸び確認後、広めのヒモ流しを採用。穴ヒモ（5・6号艇）を積極的に含める。'}",,,32,両建て推奨,21.2,36.8,4,,,,,0,0,0.6155,0,,主役軸流し,B
2026-02-23,丸亀,7,2,中岡正彦,A1,45.79,2,○,14.4673,42.8,100,63.5,0.1477,2.9231,,,0,低,42,0,差0%,1123,0,63,1.0319,0,0.0909,0.1364,0,0,0.1103,0,0.0588,,○,B,○,,0.3946,0.649,,0.4253,B,52,0,◎○△フォーメーション（15〜20点）,0.5777,"{'is_target': True, 'verdict': '参加推奨', 'max_combo_prob': 0.0624, 'est_top_odds': 21.4, 'circle_concentration': 74.1, 'eligible_count': 9, 'bet_adj': 2, 'reason': 'rel_win1=49.7%（本命度） / 最有力組み合わせ確率: 0.062（推定実オッズ?21倍） / 2着集中度: 上位2艇 74.1%（補正+0.04） / 総合判定確率: 0.102 / → ヒモ分散。1号艇1着固定で広めのヒモ流し推奨（買い目+2点）', 'tenji_trigger': '展示確認: ヒモ分散レース。1号艇伸び確認後、広めのヒモ流しを採用。穴ヒモ（5・6号艇）を積極的に含める。'}",,,32,両建て推奨,21.2,36.8,4,,,,,,,,,,,
2026-02-23,丸亀,7,3,岡瀬正人,A2,46.15,3,▲,7.9809,31.3,81,59.2,0.1674,3.5724,,,0,低,176,0,抜0%,2 63,0,54.8,0.9969,0,0,0,0,0.0303,0.0955,0.1727,0.0545,,,A,◎,,0.2641,0.6505,,0.4253,B,52,0,◎○△フォーメーション（15〜20点）,0.5777,"{'is_target': True, 'verdict': '参加推奨', 'max_combo_prob': 0.0624, 'est_top_odds': 21.4, 'circle_concentration': 74.1, 'eligible_count': 9, 'bet_adj': 2, 'reason': 'rel_win1=49.7%（本命度） / 最有力組み合わせ確率: 0.062（推定実オッズ?21倍） / 2着集中度: 上位2艇 74.1%（補正+0.04） / 総合判定確率: 0.102 / → ヒモ分散。1号艇1着固定で広めのヒモ流し推奨（買い目+2点）', 'tenji_trigger': '展示確認: ヒモ分散レース。1号艇伸び確認後、広めのヒモ流しを採用。穴ヒモ（5・6号艇）を積極的に含める。'}",,,32,両建て推奨,21.2,36.8,4,,,,,,,,,,,
2026-02-23,丸亀,7,4,片橋幸貴,B2,25.00,4,△,19.6418,16.6,82,62.1,0.134,2.5259,,,0,低,80,0,-,3 23,0,75.3,1.1917,0,0.0476,0.0952,0.1905,0.0476,0.0308,0.0462,0.2615,,◎,E,△,◎,0.426,0.629,0.5432,0.4253,B,52,0,◎○△フォーメーション（15〜20点）,0.5777,"{'is_target': True, 'verdict': '参加推奨', 'max_combo_prob': 0.0624, 'est_top_odds': 21.4, 'circle_concentration': 74.1, 'eligible_count': 9, 'bet_adj': 2, 'reason': 'rel_win1=49.7%（本命度） / 最有力組み合わせ確率: 0.062（推定実オッズ?21倍） / 2着集中度: 上位2艇 74.1%（補正+0.04） / 総合判定確率: 0.102 / → ヒモ分散。1号艇1着固定で広めのヒモ流し推奨（買い目+2点）', 'tenji_trigger': '展示確認: ヒモ分散レース。1号艇伸び確認後、広めのヒモ流しを採用。穴ヒモ（5・6号艇）を積極的に含める。'}",,,32,両建て推奨,21.2,36.8,4,,,,,,,,,,,
2026-02-23,丸亀,7,5,大神康司,A2,44.23,5,,6.887,8,78,0,0.18,2,,,0,低,61,1,-,2 41,0,47.4,0.7436,,,,,,0.2807,0,0.067,,,B,△,,0.2532,0.6115,,0.4253,B,52,0,◎○△フォーメーション（15〜20点）,0.5777,"{'is_target': True, 'verdict': '参加推奨', 'max_combo_prob': 0.0624, 'est_top_odds': 21.4, 'circle_concentration': 74.1, 'eligible_count': 9, 'bet_adj': 2, 'reason': 'rel_win1=49.7%（本命度） / 最有力組み合わせ確率: 0.062（推定実オッズ?21倍） / 2着集中度: 上位2艇 74.1%（補正+0.04） / 総合判定確率: 0.102 / → ヒモ分散。1号艇1着固定で広めのヒモ流し推奨（買い目+2点）', 'tenji_trigger': '展示確認: ヒモ分散レース。1号艇伸び確認後、広めのヒモ流しを採用。穴ヒモ（5・6号艇）を積極的に含める。'}",,,32,両建て推奨,21.2,36.8,4,,,,,,,,,,,
2026-02-23,丸亀,7,6,吉川颯汰,B2,30.77,6,,1.2784,1.3,39,0,0.2388,4.9231,,,0,低,18,0,-,6S6,0,27.7,0.5506,,,,,,,,,,,D,,,0.1701,0.3465,,0.4253,B,52,0,◎○△フォーメーション（15〜20点）,0.5777,"{'is_target': True, 'verdict': '参加推奨', 'max_combo_prob': 0.0624, 'est_top_odds': 21.4, 'circle_concentration': 74.1, 'eligible_count': 9, 'bet_adj': 2, 'reason': 'rel_win1=49.7%（本命度） / 最有力組み合わせ確率: 0.062（推定実オッズ?21倍） / 2着集中度: 上位2艇 74.1%（補正+0.04） / 総合判定確率: 0.102 / → ヒモ分散。1号艇1着固定で広めのヒモ流し推奨（買い目+2点）', 'tenji_trigger': '展示確認: ヒモ分散レース。1号艇伸び確認後、広めのヒモ流しを採用。穴ヒモ（5・6号艇）を積極的に含める。'}",,,32,両建て推奨,21.2,36.8,4,,,,,,,,,,,
2026-02-23,丸亀,8,1,金子賢志,A1,38.68,1,◎,70.8246,,0,95,0.136,2.3438,,,0,低,74,0,逃1%,365,0,85.2,1.0625,0.6765,,,,,0.1338,0.0235,0.0235,◎,,B,◎,,,0.6825,,0.6184,S,100,0,◎1着固定 2-3着流し（5〜8点）,0.5777,"{'is_target': True, 'verdict': '点数絞り', 'max_combo_prob': 0.1506, 'est_top_odds': 8.9, 'circle_concentration': 68.1, 'eligible_count': 6, 'bet_adj': 0, 'reason': 'rel_win1=70.8%（本命度） / 最有力組み合わせ確率: 0.151（推定実オッズ?9倍） / 2着集中度: 上位2艇 68.1%（補正+0.00） / 総合判定確率: 0.151 / → ヒモはやや固め。上位2艇以外を切ること', 'tenji_trigger': '展示確認: 1号艇伸び良→そのまま採用。悪→飛び組に差し替え。circle_pct上位2艇に絞り込むこと。\n展示で1号艇スタート超安定(0.136秒)→ヒモ固まり方向に注意'}",,,26.3,逃げ狙い,14.57,26.3,2,,,,,0,0,0.7559,0,,逃げ軸流し,A
2026-02-23,丸亀,8,2,高橋英之,A2,25.49,2,,9.2645,47.9,67,68.6,0.1382,3.0686,,,0,低,59,0,ま0%,4456,0,59.1,1.089,0,0,0.0909,0,0,0.064,0.164,0.132,,,E,△,,0.3106,0.6665,,0.6184,S,100,0,◎1着固定 2-3着流し（5〜8点）,0.5777,"{'is_target': True, 'verdict': '点数絞り', 'max_combo_prob': 0.1506, 'est_top_odds': 8.9, 'circle_concentration': 68.1, 'eligible_count': 6, 'bet_adj': 0, 'reason': 'rel_win1=70.8%（本命度） / 最有力組み合わせ確率: 0.151（推定実オッズ?9倍） / 2着集中度: 上位2艇 68.1%（補正+0.00） / 総合判定確率: 0.151 / → ヒモはやや固め。上位2艇以外を切ること', 'tenji_trigger': '展示確認: 1号艇伸び良→そのまま採用。悪→飛び組に差し替え。circle_pct上位2艇に絞り込むこと。\n展示で1号艇スタート超安定(0.136秒)→ヒモ固まり方向に注意'}",,,26.3,逃げ狙い,14.57,26.3,2,,,,,,,,,,,
2026-02-23,丸亀,8,3,岡本翔太,B1,35.00,3,○,5.8869,12.1,77,42.6,0.1278,2.5294,,,0,低,61,0,-,451,0,61.3,1.2171,0,0.0357,0.0357,0.0357,0,0.19,0.08,0.19,,,C,,,0.3379,0.6355,,0.6184,S,100,0,◎1着固定 2-3着流し（5〜8点）,0.5777,"{'is_target': True, 'verdict': '点数絞り', 'max_combo_prob': 0.1506, 'est_top_odds': 8.9, 'circle_concentration': 68.1, 'eligible_count': 6, 'bet_adj': 0, 'reason': 'rel_win1=70.8%（本命度） / 最有力組み合わせ確率: 0.151（推定実オッズ?9倍） / 2着集中度: 上位2艇 68.1%（補正+0.00） / 総合判定確率: 0.151 / → ヒモはやや固め。上位2艇以外を切ること', 'tenji_trigger': '展示確認: 1号艇伸び良→そのまま採用。悪→飛び組に差し替え。circle_pct上位2艇に絞り込むこと。\n展示で1号艇スタート超安定(0.136秒)→ヒモ固まり方向に注意'}",,,26.3,逃げ狙い,14.57,26.3,2,,,,,,,,,,,
2026-02-23,丸亀,8,4,丸岡正典,A2,33.64,4,,10.4451,20.3,100,74.4,0.1669,3.6026,,,0,低,100,0,-,2112,0,60.3,1.0821,0,0,0.0952,0.0952,0,0.0118,0.3042,0.1681,,,D,○,◎,0.1928,0.667,0.4835,0.6184,S,100,0,◎1着固定 2-3着流し（5〜8点）,0.5777,"{'is_target': True, 'verdict': '点数絞り', 'max_combo_prob': 0.1506, 'est_top_odds': 8.9, 'circle_concentration': 68.1, 'eligible_count': 6, 'bet_adj': 0, 'reason': 'rel_win1=70.8%（本命度） / 最有力組み合わせ確率: 0.151（推定実オッズ?9倍） / 2着集中度: 上位2艇 68.1%（補正+0.00） / 総合判定確率: 0.151 / → ヒモはやや固め。上位2艇以外を切ること', 'tenji_trigger': '展示確認: 1号艇伸び良→そのまま採用。悪→飛び組に差し替え。circle_pct上位2艇に絞り込むこと。\n展示で1号艇スタート超安定(0.136秒)→ヒモ固まり方向に注意'}",,,26.3,逃げ狙い,14.57,26.3,2,,,,,,,,,,,
2026-02-23,丸亀,8,5,川添英正,B1,35.85,5,△,2.5332,19.5,37,27.3,0.1942,4.4,,,0,低,169,0,ま0%,643,0,40.7,0.85,0,0,0.0385,0,0,0.19,0.1,0.04,,,C,△,,0.1117,0.657,,0.6184,S,100,0,◎1着固定 2-3着流し（5〜8点）,0.5777,"{'is_target': True, 'verdict': '点数絞り', 'max_combo_prob': 0.1506, 'est_top_odds': 8.9, 'circle_concentration': 68.1, 'eligible_count': 6, 'bet_adj': 0, 'reason': 'rel_win1=70.8%（本命度） / 最有力組み合わせ確率: 0.151（推定実オッズ?9倍） / 2着集中度: 上位2艇 68.1%（補正+0.00） / 総合判定確率: 0.151 / → ヒモはやや固め。上位2艇以外を切ること', 'tenji_trigger': '展示確認: 1号艇伸び良→そのまま採用。悪→飛び組に差し替え。circle_pct上位2艇に絞り込むこと。\n展示で1号艇スタート超安定(0.136秒)→ヒモ固まり方向に注意'}",,,26.3,逃げ狙い,14.57,26.3,2,,,,,,,,,,,
2026-02-23,丸亀,8,6,廣部大明,B2,36.27,6,▲,1.0456,0.3,11,1.1,0.2219,4.4722,,,0,低,61,0,-,554,0,27.1,0.7011,,,,,,0,0.5,0.5,,,B,,,0.1419,0.424,,0.6184,S,100,0,◎1着固定 2-3着流し（5〜8点）,0.5777,"{'is_target': True, 'verdict': '点数絞り', 'max_combo_prob': 0.1506, 'est_top_odds': 8.9, 'circle_concentration': 68.1, 'eligible_count': 6, 'bet_adj': 0, 'reason': 'rel_win1=70.8%（本命度） / 最有力組み合わせ確率: 0.151（推定実オッズ?9倍） / 2着集中度: 上位2艇 68.1%（補正+0.00） / 総合判定確率: 0.151 / → ヒモはやや固め。上位2艇以外を切ること', 'tenji_trigger': '展示確認: 1号艇伸び良→そのまま採用。悪→飛び組に差し替え。circle_pct上位2艇に絞り込むこと。\n展示で1号艇スタート超安定(0.136秒)→ヒモ固まり方向に注意'}",,,26.3,逃げ狙い,14.57,26.3,2,,,,,,,,,,,
2026-02-23,丸亀,9,1,古田祐貴,A2,20.21,1,◎,57.3953,,0,88.6,0.137,2.4643,,,0,低,105,0,逃1%,3 S4,0,57.8,0.9625,0.4706,,,,,0.2088,0.1971,0.1338,◎,,E,△,,,0.6265,,0.5313,A,76,0,◎-○軸 3着3〜4艇流し（10〜15点）,0.5777,"{'is_target': True, 'verdict': '点数絞り', 'max_combo_prob': 0.0829, 'est_top_odds': 16.1, 'circle_concentration': 75.1, 'eligible_count': 8, 'bet_adj': 0, 'reason': 'rel_win1=57.4%（本命度） / 最有力組み合わせ確率: 0.083（推定実オッズ?16倍） / 2着集中度: 上位2艇 75.1%（補正+0.04） / 総合判定確率: 0.123 / → ヒモはやや固め。上位2艇以外を切ること', 'tenji_trigger': '展示確認: 1号艇伸び良→そのまま採用。悪→飛び組に差し替え。circle_pct上位2艇に絞り込むこと。\n展示で1号艇スタート超安定(0.137秒)→ヒモ固まり方向に注意'}",,,28.4,逃げ狙い,12.67,33.8,5,,,,,0,0,0.7559,0,,逃げ軸流し,A
2026-02-23,丸亀,9,2,野長瀬正,A2,24.24,2,,10.1887,35.3,68,68,0.1726,3.4231,,,0,低,105,0,差0% ま0%,544,0,40.2,1.0807,0,0.0968,0.0323,0,0,0.2,0.0343,0.2257,,,D,,,0.1008,0.586,,0.5313,A,76,0,◎-○軸 3着3〜4艇流し（10〜15点）,0.5777,"{'is_target': True, 'verdict': '点数絞り', 'max_combo_prob': 0.0829, 'est_top_odds': 16.1, 'circle_concentration': 75.1, 'eligible_count': 8, 'bet_adj': 0, 'reason': 'rel_win1=57.4%（本命度） / 最有力組み合わせ確率: 0.083（推定実オッズ?16倍） / 2着集中度: 上位2艇 75.1%（補正+0.04） / 総合判定確率: 0.123 / → ヒモはやや固め。上位2艇以外を切ること', 'tenji_trigger': '展示確認: 1号艇伸び良→そのまま採用。悪→飛び組に差し替え。circle_pct上位2艇に絞り込むこと。\n展示で1号艇スタート超安定(0.137秒)→ヒモ固まり方向に注意'}",,,28.4,逃げ狙い,12.67,33.8,5,,,,,,,,,,,
2026-02-23,丸亀,9,3,関根彰人,B1,39.45,3,▲,12.3916,39.9,44,57.9,0.172,3.4013,,,0,低,170,0,-,153,0,42.5,1.1906,0,0.0323,0,0.0323,0.0323,0,0.2042,0.1153,,,A,,,0.1373,0.62,,0.5313,A,76,0,◎-○軸 3着3〜4艇流し（10〜15点）,0.5777,"{'is_target': True, 'verdict': '点数絞り', 'max_combo_prob': 0.0829, 'est_top_odds': 16.1, 'circle_concentration': 75.1, 'eligible_count': 8, 'bet_adj': 0, 'reason': 'rel_win1=57.4%（本命度） / 最有力組み合わせ確率: 0.083（推定実オッズ?16倍） / 2着集中度: 上位2艇 75.1%（補正+0.04） / 総合判定確率: 0.123 / → ヒモはやや固め。上位2艇以外を切ること', 'tenji_trigger': '展示確認: 1号艇伸び良→そのまま採用。悪→飛び組に差し替え。circle_pct上位2艇に絞り込むこと。\n展示で1号艇スタート超安定(0.137秒)→ヒモ固まり方向に注意'}",,,28.4,逃げ狙い,12.67,33.8,5,,,,,,,,,,,
2026-02-23,丸亀,9,4,米田隆弘,B1,30.56,4,△,5.0446,6.5,100,55.2,0.1512,3.5597,,,0,低,143,0,-,252,0,27.4,0.7964,0,0,0,0.0345,0.0345,0.0625,0.1607,0.025,,,B,△,,0.257,0.624,,0.5313,A,76,0,◎-○軸 3着3〜4艇流し（10〜15点）,0.5777,"{'is_target': True, 'verdict': '点数絞り', 'max_combo_prob': 0.0829, 'est_top_odds': 16.1, 'circle_concentration': 75.1, 'eligible_count': 8, 'bet_adj': 0, 'reason': 'rel_win1=57.4%（本命度） / 最有力組み合わせ確率: 0.083（推定実オッズ?16倍） / 2着集中度: 上位2艇 75.1%（補正+0.04） / 総合判定確率: 0.123 / → ヒモはやや固め。上位2艇以外を切ること', 'tenji_trigger': '展示確認: 1号艇伸び良→そのまま採用。悪→飛び組に差し替え。circle_pct上位2艇に絞り込むこと。\n展示で1号艇スタート超安定(0.137秒)→ヒモ固まり方向に注意'}",,,28.4,逃げ狙い,12.67,33.8,5,,,,,,,,,,,
2026-02-23,丸亀,9,5,松村　敏,A1,26.80,5,○,12.0678,16.1,74,72.9,0.1163,2.2458,,,0,低,28,0,差0% ま0% 差ま0%,5515,0,100,2.1402,0,0.0357,0.0357,0.0357,0,0.0085,0.0837,0.017,,,C,◎,◎,0.3836,0.8115,0.4736,0.5313,A,76,0,◎-○軸 3着3〜4艇流し（10〜15点）,0.5777,"{'is_target': True, 'verdict': '点数絞り', 'max_combo_prob': 0.0829, 'est_top_odds': 16.1, 'circle_concentration': 75.1, 'eligible_count': 8, 'bet_adj': 0, 'reason': 'rel_win1=57.4%（本命度） / 最有力組み合わせ確率: 0.083（推定実オッズ?16倍） / 2着集中度: 上位2艇 75.1%（補正+0.04） / 総合判定確率: 0.123 / → ヒモはやや固め。上位2艇以外を切ること', 'tenji_trigger': '展示確認: 1号艇伸び良→そのまま採用。悪→飛び組に差し替え。circle_pct上位2艇に絞り込むこと。\n展示で1号艇スタート超安定(0.137秒)→ヒモ固まり方向に注意'}",,,28.4,逃げ狙い,12.67,33.8,5,,,,,,,,,,,
2026-02-23,丸亀,9,6,浦田晃嗣,B1,20.62,6,,2.912,2.3,34,23.9,0.1667,3.6413,,,0,低,95,0,ま0%,1 36,0,38.5,1.0236,0,0,0.0526,0,0,0.1486,0.2343,0.2057,,,D,○,,0.2251,0.642,,0.5313,A,76,0,◎-○軸 3着3〜4艇流し（10〜15点）,0.5777,"{'is_target': True, 'verdict': '点数絞り', 'max_combo_prob': 0.0829, 'est_top_odds': 16.1, 'circle_concentration': 75.1, 'eligible_count': 8, 'bet_adj': 0, 'reason': 'rel_win1=57.4%（本命度） / 最有力組み合わせ確率: 0.083（推定実オッズ?16倍） / 2着集中度: 上位2艇 75.1%（補正+0.04） / 総合判定確率: 0.123 / → ヒモはやや固め。上位2艇以外を切ること', 'tenji_trigger': '展示確認: 1号艇伸び良→そのまま採用。悪→飛び組に差し替え。circle_pct上位2艇に絞り込むこと。\n展示で1号艇スタート超安定(0.137秒)→ヒモ固まり方向に注意'}",,,28.4,逃げ狙い,12.67,33.8,5,,,,,,,,,,,
2026-02-23,丸亀,10,1,佐藤　航,A2,33.65,1,◎,53.5084,,0,85.2,0.173,3.2593,,,0,低,110,0,逃1%,4111,0,90.5,1.2268,0.6087,,,,,0.1304,0.1304,0.087,○,,C,,,,0.5775,,0.4334,A,70,0,◎-○軸 3着3〜4艇流し（10〜15点）,0.5777,"{'is_target': True, 'verdict': '参加推奨', 'max_combo_prob': 0.0727, 'est_top_odds': 18.3, 'circle_concentration': 66.2, 'eligible_count': 8, 'bet_adj': 2, 'reason': 'rel_win1=53.5%（本命度） / 最有力組み合わせ確率: 0.073（推定実オッズ?18倍） / 2着集中度: 上位2艇 66.2%（補正+0.00） / 総合判定確率: 0.073 / → ヒモ分散。1号艇1着固定で広めのヒモ流し推奨（買い目+2点）', 'tenji_trigger': '展示確認: ヒモ分散レース。1号艇伸び確認後、広めのヒモ流しを採用。穴ヒモ（5・6号艇）を積極的に含める。'}",,,37.2,逃げ狙い,28.1,31.3,2,,,,,0,0,0.6155,0,,逃げ軸流し,A
2026-02-23,丸亀,10,2,大峯　豊,A1,25.47,2,,19.4236,42,64,85.7,0.1911,4.2143,,,0,低,88,0,差0% ま0% 抜0%,1322,0,70.7,1.4176,0,0.1818,0.1818,0,0.0909,0.1308,0.0308,0.0154,,,E,△,,0.1642,0.627,,0.4334,A,70,0,◎-○軸 3着3〜4艇流し（10〜15点）,0.5777,"{'is_target': True, 'verdict': '参加推奨', 'max_combo_prob': 0.0727, 'est_top_odds': 18.3, 'circle_concentration': 66.2, 'eligible_count': 8, 'bet_adj': 2, 'reason': 'rel_win1=53.5%（本命度） / 最有力組み合わせ確率: 0.073（推定実オッズ?18倍） / 2着集中度: 上位2艇 66.2%（補正+0.00） / 総合判定確率: 0.073 / → ヒモ分散。1号艇1着固定で広めのヒモ流し推奨（買い目+2点）', 'tenji_trigger': '展示確認: ヒモ分散レース。1号艇伸び確認後、広めのヒモ流しを採用。穴ヒモ（5・6号艇）を積極的に含める。'}",,,37.2,逃げ狙い,28.1,31.3,2,,,,,,,,,,,
2026-02-23,丸亀,10,3,松竹大輔,B1,42.73,3,▲,11.2755,24.2,81,55.4,0.1465,2.9769,,,0,低,112,0,-,1 15,0,44,0.959,0,0.0556,0,0.0556,0,0.0444,0.0889,0.2093,,○,B,○,,0.4179,0.6475,,0.4334,A,70,0,◎-○軸 3着3〜4艇流し（10〜15点）,0.5777,"{'is_target': True, 'verdict': '参加推奨', 'max_combo_prob': 0.0727, 'est_top_odds': 18.3, 'circle_concentration': 66.2, 'eligible_count': 8, 'bet_adj': 2, 'reason': 'rel_win1=53.5%（本命度） / 最有力組み合わせ確率: 0.073（推定実オッズ?18倍） / 2着集中度: 上位2艇 66.2%（補正+0.00） / 総合判定確率: 0.073 / → ヒモ分散。1号艇1着固定で広めのヒモ流し推奨（買い目+2点）', 'tenji_trigger': '展示確認: ヒモ分散レース。1号艇伸び確認後、広めのヒモ流しを採用。穴ヒモ（5・6号艇）を積極的に含める。'}",,,37.2,逃げ狙い,28.1,31.3,2,,,,,,,,,,,
2026-02-23,丸亀,10,4,中村晃朋,A1,35.85,4,△,10.5249,19.2,100,63.9,0.1389,3.2917,,,0,低,56,0,差0%,3421,0,78.1,1.4253,0,0.1429,0,0,0,0.1745,0,0.1564,,◎,C,◎,◎,0.4368,0.678,0.4846,0.4334,A,70,0,◎-○軸 3着3〜4艇流し（10〜15点）,0.5777,"{'is_target': True, 'verdict': '参加推奨', 'max_combo_prob': 0.0727, 'est_top_odds': 18.3, 'circle_concentration': 66.2, 'eligible_count': 8, 'bet_adj': 2, 'reason': 'rel_win1=53.5%（本命度） / 最有力組み合わせ確率: 0.073（推定実オッズ?18倍） / 2着集中度: 上位2艇 66.2%（補正+0.00） / 総合判定確率: 0.073 / → ヒモ分散。1号艇1着固定で広めのヒモ流し推奨（買い目+2点）', 'tenji_trigger': '展示確認: ヒモ分散レース。1号艇伸び確認後、広めのヒモ流しを採用。穴ヒモ（5・6号艇）を積極的に含める。'}",,,37.2,逃げ狙い,28.1,31.3,2,,,,,,,,,,,
2026-02-23,丸亀,10,5,梶山涼斗,B1,50.00,5,○,3.0395,14.3,57,36.2,0.1338,2.5431,,,0,低,51,0,差ま0%,655,0,53.1,0.9886,0,0,0,0.0435,0,0,0.0941,0.1671,,△,A,△,,0.4067,0.624,,0.4334,A,70,0,◎-○軸 3着3〜4艇流し（10〜15点）,0.5777,"{'is_target': True, 'verdict': '参加推奨', 'max_combo_prob': 0.0727, 'est_top_odds': 18.3, 'circle_concentration': 66.2, 'eligible_count': 8, 'bet_adj': 2, 'reason': 'rel_win1=53.5%（本命度） / 最有力組み合わせ確率: 0.073（推定実オッズ?18倍） / 2着集中度: 上位2艇 66.2%（補正+0.00） / 総合判定確率: 0.073 / → ヒモ分散。1号艇1着固定で広めのヒモ流し推奨（買い目+2点）', 'tenji_trigger': '展示確認: ヒモ分散レース。1号艇伸び確認後、広めのヒモ流しを採用。穴ヒモ（5・6号艇）を積極的に含める。'}",,,37.2,逃げ狙い,28.1,31.3,2,,,,,,,,,,,
2026-02-23,丸亀,10,6,渡辺　豊,B1,25.49,6,,2.2282,0.3,71,19.2,0.2252,5.3269,,,0,低,220,0,-,221,0,29.4,0.6192,0,0,0,0,0,0.1906,0.1059,0.1788,,,E,,,0.1475,0.576,,0.4334,A,70,0,◎-○軸 3着3〜4艇流し（10〜15点）,0.5777,"{'is_target': True, 'verdict': '参加推奨', 'max_combo_prob': 0.0727, 'est_top_odds': 18.3, 'circle_concentration': 66.2, 'eligible_count': 8, 'bet_adj': 2, 'reason': 'rel_win1=53.5%（本命度） / 最有力組み合わせ確率: 0.073（推定実オッズ?18倍） / 2着集中度: 上位2艇 66.2%（補正+0.00） / 総合判定確率: 0.073 / → ヒモ分散。1号艇1着固定で広めのヒモ流し推奨（買い目+2点）', 'tenji_trigger': '展示確認: ヒモ分散レース。1号艇伸び確認後、広めのヒモ流しを採用。穴ヒモ（5・6号艇）を積極的に含める。'}",,,37.2,逃げ狙い,28.1,31.3,2,,,,,,,,,,,
2026-02-23,丸亀,11,1,久田敏之,A1,21.21,1,◎,67.5867,,0,100,0.1276,2.2241,,,0,低,53,0,逃1%,124,0,86.5,1.0956,0.8636,,,,,0,0.0455,0.0909,◎,,D,,,,0.559,,0.8045,S,96,0,◎1着固定 2-3着流し（5〜8点）,0.5777,"{'is_target': True, 'verdict': '点数絞り', 'max_combo_prob': 0.1187, 'est_top_odds': 11.2, 'circle_concentration': 73.5, 'eligible_count': 6, 'bet_adj': 0, 'reason': 'rel_win1=67.6%（本命度） / 最有力組み合わせ確率: 0.119（推定実オッズ?11倍） / 2着集中度: 上位2艇 73.5%（補正+0.04） / 総合判定確率: 0.159 / → ヒモはやや固め。上位2艇以外を切ること', 'tenji_trigger': '展示確認: 1号艇伸び良→そのまま採用。悪→飛び組に差し替え。circle_pct上位2艇に絞り込むこと。\n展示で1号艇スタート超安定(0.128秒)→ヒモ固まり方向に注意'}",,,24.9,逃げ狙い,12.65,23.7,3,,,,,0,0,0.7559,0,,逃げ軸流し,A
2026-02-23,丸亀,11,2,廣瀬真也,A2,19.00,2,,9.7982,45.9,80,53.6,0.1533,3.087,,,0,低,83,0,-,4364,0,63.2,0.5184,0,0.0345,0.0345,0,0,0.0242,0.1364,0.1364,,,E,◎,,0.0566,0.6585,,0.8045,S,96,0,◎1着固定 2-3着流し（5〜8点）,0.5777,"{'is_target': True, 'verdict': '点数絞り', 'max_combo_prob': 0.1187, 'est_top_odds': 11.2, 'circle_concentration': 73.5, 'eligible_count': 6, 'bet_adj': 0, 'reason': 'rel_win1=67.6%（本命度） / 最有力組み合わせ確率: 0.119（推定実オッズ?11倍） / 2着集中度: 上位2艇 73.5%（補正+0.04） / 総合判定確率: 0.159 / → ヒモはやや固め。上位2艇以外を切ること', 'tenji_trigger': '展示確認: 1号艇伸び良→そのまま採用。悪→飛び組に差し替え。circle_pct上位2艇に絞り込むこと。\n展示で1号艇スタート超安定(0.128秒)→ヒモ固まり方向に注意'}",,,24.9,逃げ狙い,12.65,23.7,3,,,,,,,,,,,
2026-02-23,丸亀,11,3,三宅健太,B1,25.00,3,▲,9.883,27.7,100,59.7,0.1578,3.4104,,,0,低,124,0,-,341,0,56.2,1.1463,0,0,0.1538,0,0,0.2109,0.0909,0.4691,,,C,△,,0.164,0.621,,0.8045,S,96,0,◎1着固定 2-3着流し（5〜8点）,0.5777,"{'is_target': True, 'verdict': '点数絞り', 'max_combo_prob': 0.1187, 'est_top_odds': 11.2, 'circle_concentration': 73.5, 'eligible_count': 6, 'bet_adj': 0, 'reason': 'rel_win1=67.6%（本命度） / 最有力組み合わせ確率: 0.119（推定実オッズ?11倍） / 2着集中度: 上位2艇 73.5%（補正+0.04） / 総合判定確率: 0.159 / → ヒモはやや固め。上位2艇以外を切ること', 'tenji_trigger': '展示確認: 1号艇伸び良→そのまま採用。悪→飛び組に差し替え。circle_pct上位2艇に絞り込むこと。\n展示で1号艇スタート超安定(0.128秒)→ヒモ固まり方向に注意'}",,,24.9,逃げ狙い,12.65,23.7,3,,,,,,,,,,,
2026-02-23,丸亀,11,4,大神康司,A2,44.23,4,○,7.0327,12.9,73,25,0.1725,3.9375,,,0,低,61,1,-,2 41,0,31.9,0.6647,,,,,,0.2807,0,0.067,,,A,,,0.1352,0.6115,,0.8045,S,96,0,◎1着固定 2-3着流し（5〜8点）,0.5777,"{'is_target': True, 'verdict': '点数絞り', 'max_combo_prob': 0.1187, 'est_top_odds': 11.2, 'circle_concentration': 73.5, 'eligible_count': 6, 'bet_adj': 0, 'reason': 'rel_win1=67.6%（本命度） / 最有力組み合わせ確率: 0.119（推定実オッズ?11倍） / 2着集中度: 上位2艇 73.5%（補正+0.04） / 総合判定確率: 0.159 / → ヒモはやや固め。上位2艇以外を切ること', 'tenji_trigger': '展示確認: 1号艇伸び良→そのまま採用。悪→飛び組に差し替え。circle_pct上位2艇に絞り込むこと。\n展示で1号艇スタート超安定(0.128秒)→ヒモ固まり方向に注意'}",,,24.9,逃げ狙い,12.65,23.7,3,,,,,,,,,,,
2026-02-23,丸亀,11,5,山口裕二,A2,22.77,5,,3.9979,13.1,69,39.6,0.1702,3.9479,,,0,低,129,0,差ま0%,4 61,0,22.8,1.1202,0,0,0,0.0417,0,0.0229,0.1171,0.1171,,,D,△,,0.1449,0.619,,0.8045,S,96,0,◎1着固定 2-3着流し（5〜8点）,0.5777,"{'is_target': True, 'verdict': '点数絞り', 'max_combo_prob': 0.1187, 'est_top_odds': 11.2, 'circle_concentration': 73.5, 'eligible_count': 6, 'bet_adj': 0, 'reason': 'rel_win1=67.6%（本命度） / 最有力組み合わせ確率: 0.119（推定実オッズ?11倍） / 2着集中度: 上位2艇 73.5%（補正+0.04） / 総合判定確率: 0.159 / → ヒモはやや固め。上位2艇以外を切ること', 'tenji_trigger': '展示確認: 1号艇伸び良→そのまま採用。悪→飛び組に差し替え。circle_pct上位2艇に絞り込むこと。\n展示で1号艇スタート超安定(0.128秒)→ヒモ固まり方向に注意'}",,,24.9,逃げ狙い,12.65,23.7,3,,,,,,,,,,,
2026-02-23,丸亀,11,6,西原明生,B1,28.70,6,△,1.7015,0.5,19,12.8,0.2204,5.0745,,,0,低,192,0,-,1 53,0,22.8,0.6483,,,,,,0.2571,0.2571,0.2762,,,C,○,,0.1387,0.641,,0.8045,S,96,0,◎1着固定 2-3着流し（5〜8点）,0.5777,"{'is_target': True, 'verdict': '点数絞り', 'max_combo_prob': 0.1187, 'est_top_odds': 11.2, 'circle_concentration': 73.5, 'eligible_count': 6, 'bet_adj': 0, 'reason': 'rel_win1=67.6%（本命度） / 最有力組み合わせ確率: 0.119（推定実オッズ?11倍） / 2着集中度: 上位2艇 73.5%（補正+0.04） / 総合判定確率: 0.159 / → ヒモはやや固め。上位2艇以外を切ること', 'tenji_trigger': '展示確認: 1号艇伸び良→そのまま採用。悪→飛び組に差し替え。circle_pct上位2艇に絞り込むこと。\n展示で1号艇スタート超安定(0.128秒)→ヒモ固まり方向に注意'}",,,24.9,逃げ狙い,12.65,23.7,3,,,,,,,,,,,
2026-02-23,丸亀,12,1,中岡正彦,A1,45.79,1,◎,61.2812,,0,93.3,0.1175,2.4083,,,0,低,42,0,逃1%,1123,0,76,1.0944,0.7647,,,,,0.1103,0,0.0588,◎,,A,△,,,0.649,,0.6949,S,100,0,◎1着固定 2-3着流し（5〜8点）,0.5777,"{'is_target': True, 'verdict': '点数絞り', 'max_combo_prob': 0.102, 'est_top_odds': 13.1, 'circle_concentration': 74.4, 'eligible_count': 6, 'bet_adj': 0, 'reason': 'rel_win1=61.3%（本命度） / 最有力組み合わせ確率: 0.102（推定実オッズ?13倍） / 2着集中度: 上位2艇 74.4%（補正+0.04） / 総合判定確率: 0.142 / → ヒモはやや固め。上位2艇以外を切ること', 'tenji_trigger': '展示確認: 1号艇伸び良→そのまま採用。悪→飛び組に差し替え。circle_pct上位2艇に絞り込むこと。\n展示で1号艇スタート超安定(0.117秒)→ヒモ固まり方向に注意'}",,,27.4,逃げ狙い,20.53,24.2,2,,,,,0,0,0.7559,0,,逃げ軸流し,A
2026-02-23,丸亀,12,2,金子賢志,A1,38.68,2,▲,15.8332,45.4,73,81.1,0.1436,2.8491,,,0,低,74,0,差0% ま0%,365,0,63.7,1.3119,0,0.3125,0.125,0,0,0.1338,0.0235,0.0235,,,C,◎,,0.1187,0.6825,,0.6949,S,100,0,◎1着固定 2-3着流し（5〜8点）,0.5777,"{'is_target': True, 'verdict': '点数絞り', 'max_combo_prob': 0.102, 'est_top_odds': 13.1, 'circle_concentration': 74.4, 'eligible_count': 6, 'bet_adj': 0, 'reason': 'rel_win1=61.3%（本命度） / 最有力組み合わせ確率: 0.102（推定実オッズ?13倍） / 2着集中度: 上位2艇 74.4%（補正+0.04） / 総合判定確率: 0.142 / → ヒモはやや固め。上位2艇以外を切ること', 'tenji_trigger': '展示確認: 1号艇伸び良→そのまま採用。悪→飛び組に差し替え。circle_pct上位2艇に絞り込むこと。\n展示で1号艇スタート超安定(0.117秒)→ヒモ固まり方向に注意'}",,,27.4,逃げ狙い,20.53,24.2,2,,,,,,,,,,,
2026-02-23,丸亀,12,3,四宮与寛,A2,27.37,3,,9.6636,28.9,94,64.9,0.1332,2.7544,,,0,低,60,0,-,232,0,31.6,0.9173,0,0,0.0476,0.0952,0,0.1116,0.1374,0.0258,,,E,△,,0.2124,0.6545,,0.6949,S,100,0,◎1着固定 2-3着流し（5〜8点）,0.5777,"{'is_target': True, 'verdict': '点数絞り', 'max_combo_prob': 0.102, 'est_top_odds': 13.1, 'circle_concentration': 74.4, 'eligible_count': 6, 'bet_adj': 0, 'reason': 'rel_win1=61.3%（本命度） / 最有力組み合わせ確率: 0.102（推定実オッズ?13倍） / 2着集中度: 上位2艇 74.4%（補正+0.04） / 総合判定確率: 0.142 / → ヒモはやや固め。上位2艇以外を切ること', 'tenji_trigger': '展示確認: 1号艇伸び良→そのまま採用。悪→飛び組に差し替え。circle_pct上位2艇に絞り込むこと。\n展示で1号艇スタート超安定(0.117秒)→ヒモ固まり方向に注意'}",,,27.4,逃げ狙い,20.53,24.2,2,,,,,,,,,,,
2026-02-23,丸亀,12,4,江本真治,A2,40.91,4,△,8.2228,16.5,100,62.5,0.1661,3.5859,,,0,低,105,0,-,1 34,0,94,1.7568,0,0,0.0417,0.0417,0.0417,0.1156,0.1156,0.1644,,,C,○,◎,0.1124,0.6785,0.2755,0.6949,S,100,0,◎1着固定 2-3着流し（5〜8点）,0.5777,"{'is_target': True, 'verdict': '点数絞り', 'max_combo_prob': 0.102, 'est_top_odds': 13.1, 'circle_concentration': 74.4, 'eligible_count': 6, 'bet_adj': 0, 'reason': 'rel_win1=61.3%（本命度） / 最有力組み合わせ確率: 0.102（推定実オッズ?13倍） / 2着集中度: 上位2艇 74.4%（補正+0.04） / 総合判定確率: 0.142 / → ヒモはやや固め。上位2艇以外を切ること', 'tenji_trigger': '展示確認: 1号艇伸び良→そのまま採用。悪→飛び組に差し替え。circle_pct上位2艇に絞り込むこと。\n展示で1号艇スタート超安定(0.117秒)→ヒモ固まり方向に注意'}",,,27.4,逃げ狙い,20.53,24.2,2,,,,,,,,,,,
2026-02-23,丸亀,12,5,川上聡介,A2,42.45,5,○,4.1443,5.8,49,29.8,0.1351,3.0965,,,0,低,77,0,差ま0% 抜0%,625,0,39.8,0.9181,0,0,0,0.0417,0.0417,0.0593,0.1148,0.3037,,,B,,,0.2274,0.6225,,0.6949,S,100,0,◎1着固定 2-3着流し（5〜8点）,0.5777,"{'is_target': True, 'verdict': '点数絞り', 'max_combo_prob': 0.102, 'est_top_odds': 13.1, 'circle_concentration': 74.4, 'eligible_count': 6, 'bet_adj': 0, 'reason': 'rel_win1=61.3%（本命度） / 最有力組み合わせ確率: 0.102（推定実オッズ?13倍） / 2着集中度: 上位2艇 74.4%（補正+0.04） / 総合判定確率: 0.142 / → ヒモはやや固め。上位2艇以外を切ること', 'tenji_trigger': '展示確認: 1号艇伸び良→そのまま採用。悪→飛び組に差し替え。circle_pct上位2艇に絞り込むこと。\n展示で1号艇スタート超安定(0.117秒)→ヒモ固まり方向に注意'}",,,27.4,逃げ狙い,20.53,24.2,2,,,,,,,,,,,
2026-02-23,丸亀,12,6,町田洸希,B1,37.04,6,,0.8549,3.3,30,21.3,0.1849,4.6702,,,0,低,130,0,-,513,0,27.5,0.7356,,,,,,0.1875,0.125,0.125,,,D,,,0.1387,0.6035,,0.6949,S,100,0,◎1着固定 2-3着流し（5〜8点）,0.5777,"{'is_target': True, 'verdict': '点数絞り', 'max_combo_prob': 0.102, 'est_top_odds': 13.1, 'circle_concentration': 74.4, 'eligible_count': 6, 'bet_adj': 0, 'reason': 'rel_win1=61.3%（本命度） / 最有力組み合わせ確率: 0.102（推定実オッズ?13倍） / 2着集中度: 上位2艇 74.4%（補正+0.04） / 総合判定確率: 0.142 / → ヒモはやや固め。上位2艇以外を切ること', 'tenji_trigger': '展示確認: 1号艇伸び良→そのまま採用。悪→飛び組に差し替え。circle_pct上位2艇に絞り込むこと。\n展示で1号艇スタート超安定(0.117秒)→ヒモ固まり方向に注意'}",,,27.4,逃げ狙い,20.53,24.2,2,,,,,,,,,,,
2026-02-24,丸亀,1,1,梶山涼斗,B1,50.00,1,◎,55.739,,0,80,0.1213,2.2333,,,0,低,51,0,逃0%,655 54,0,84.3,1.0412,0.4706,,,,,0,0.0941,0.1671,◎,,A,△,,,0.624,,0.641,A,74,0,◎-○軸 3着3〜4艇流し（10〜15点）,0.5777,"{'is_target': True, 'verdict': '参加推奨', 'max_combo_prob': 0.0865, 'est_top_odds': 15.4, 'circle_concentration': 69.5, 'eligible_count': 8, 'bet_adj': 2, 'reason': 'rel_win1=55.7%（本命度） / 最有力組み合わせ確率: 0.087（推定実オッズ?15倍） / 2着集中度: 上位2艇 69.5%（補正+0.00） / 総合判定確率: 0.087 / → ヒモ分散。1号艇1着固定で広めのヒモ流し推奨（買い目+2点）', 'tenji_trigger': '展示確認: ヒモ分散レース。1号艇伸び確認後、広めのヒモ流しを採用。穴ヒモ（5・6号艇）を積極的に含める。\n展示で1号艇スタート超安定(0.121秒)→ヒモ固まり方向に注意'}",,,26.5,逃げ狙い,15.97,25.6,2,,,,,0,0,0.7559,0,,逃げ軸流し,A
2026-02-24,丸亀,1,2,片橋幸貴,B2,25.00,2,,15.882,48,100,70.2,0.1611,3.5106,,,0,低,80,0,-,3 2314,0,49,0.8545,0,0.0952,0.0952,0,0.0476,0.0308,0.0462,0.2615,,,E,△,,0.0725,0.629,,0.641,A,74,0,◎-○軸 3着3〜4艇流し（10〜15点）,0.5777,"{'is_target': True, 'verdict': '参加推奨', 'max_combo_prob': 0.0865, 'est_top_odds': 15.4, 'circle_concentration': 69.5, 'eligible_count': 8, 'bet_adj': 2, 'reason': 'rel_win1=55.7%（本命度） / 最有力組み合わせ確率: 0.087（推定実オッズ?15倍） / 2着集中度: 上位2艇 69.5%（補正+0.00） / 総合判定確率: 0.087 / → ヒモ分散。1号艇1着固定で広めのヒモ流し推奨（買い目+2点）', 'tenji_trigger': '展示確認: ヒモ分散レース。1号艇伸び確認後、広めのヒモ流しを採用。穴ヒモ（5・6号艇）を積極的に含める。\n展示で1号艇スタート超安定(0.121秒)→ヒモ固まり方向に注意'}",,,26.5,逃げ狙い,15.97,25.6,2,,,,,,,,,,,
2026-02-24,丸亀,1,3,宮内直哉,B1,37.86,3,△,6.1176,21.5,75,33.8,0.1918,3.9485,,,0,低,170,0,ま0%,5 565,0,18.1,0.6594,0,0,0.0345,0,0,0.148,0.212,0.132,,,C,,,0.1051,0.6035,,0.641,A,74,0,◎-○軸 3着3〜4艇流し（10〜15点）,0.5777,"{'is_target': True, 'verdict': '参加推奨', 'max_combo_prob': 0.0865, 'est_top_odds': 15.4, 'circle_concentration': 69.5, 'eligible_count': 8, 'bet_adj': 2, 'reason': 'rel_win1=55.7%（本命度） / 最有力組み合わせ確率: 0.087（推定実オッズ?15倍） / 2着集中度: 上位2艇 69.5%（補正+0.00） / 総合判定確率: 0.087 / → ヒモ分散。1号艇1着固定で広めのヒモ流し推奨（買い目+2点）', 'tenji_trigger': '展示確認: ヒモ分散レース。1号艇伸び確認後、広めのヒモ流しを採用。穴ヒモ（5・6号艇）を積極的に含める。\n展示で1号艇スタート超安定(0.121秒)→ヒモ固まり方向に注意'}",,,26.5,逃げ狙い,15.97,25.6,2,,,,,,,,,,,
2026-02-24,丸亀,1,4,吉川勇作,B1,49.51,4,○,13.8983,16.9,58,36.1,0.1521,3.123,,,0,低,92,0,-,3 521,0,46.8,0.8704,0,0,0.1379,0.0345,0,0.3162,0.0381,0.0571,,,A,○,◎,0.1961,0.6335,0.2936,0.641,A,74,0,◎-○軸 3着3〜4艇流し（10〜15点）,0.5777,"{'is_target': True, 'verdict': '参加推奨', 'max_combo_prob': 0.0865, 'est_top_odds': 15.4, 'circle_concentration': 69.5, 'eligible_count': 8, 'bet_adj': 2, 'reason': 'rel_win1=55.7%（本命度） / 最有力組み合わせ確率: 0.087（推定実オッズ?15倍） / 2着集中度: 上位2艇 69.5%（補正+0.00） / 総合判定確率: 0.087 / → ヒモ分散。1号艇1着固定で広めのヒモ流し推奨（買い目+2点）', 'tenji_trigger': '展示確認: ヒモ分散レース。1号艇伸び確認後、広めのヒモ流しを採用。穴ヒモ（5・6号艇）を積極的に含める。\n展示で1号艇スタート超安定(0.121秒)→ヒモ固まり方向に注意'}",,,26.5,逃げ狙い,15.97,25.6,2,,,,,,,,,,,
2026-02-24,丸亀,1,5,米田隆弘,B1,30.56,5,▲,5.9355,11.2,97,45.6,0.1579,3.2895,,,0,低,143,0,差ま0%,252 34,0,76.9,1.2886,0,0,0,0.0385,0,0.0625,0.1607,0.025,,,D,△,,0.1629,0.624,,0.641,A,74,0,◎-○軸 3着3〜4艇流し（10〜15点）,0.5777,"{'is_target': True, 'verdict': '参加推奨', 'max_combo_prob': 0.0865, 'est_top_odds': 15.4, 'circle_concentration': 69.5, 'eligible_count': 8, 'bet_adj': 2, 'reason': 'rel_win1=55.7%（本命度） / 最有力組み合わせ確率: 0.087（推定実オッズ?15倍） / 2着集中度: 上位2艇 69.5%（補正+0.00） / 総合判定確率: 0.087 / → ヒモ分散。1号艇1着固定で広めのヒモ流し推奨（買い目+2点）', 'tenji_trigger': '展示確認: ヒモ分散レース。1号艇伸び確認後、広めのヒモ流しを採用。穴ヒモ（5・6号艇）を積極的に含める。\n展示で1号艇スタート超安定(0.121秒)→ヒモ固まり方向に注意'}",,,26.5,逃げ狙い,15.97,25.6,2,,,,,,,,,,,
2026-02-24,丸亀,1,6,星　栄爾,B1,29.63,6,,2.4276,2.4,70,21.7,0.1788,4.058,,,0,低,115,0,-,2 243,0,42.1,0.9378,,,,,,0.0293,0.0293,0.2585,,,D,◎,,0.1388,0.652,,0.641,A,74,0,◎-○軸 3着3〜4艇流し（10〜15点）,0.5777,"{'is_target': True, 'verdict': '参加推奨', 'max_combo_prob': 0.0865, 'est_top_odds': 15.4, 'circle_concentration': 69.5, 'eligible_count': 8, 'bet_adj': 2, 'reason': 'rel_win1=55.7%（本命度） / 最有力組み合わせ確率: 0.087（推定実オッズ?15倍） / 2着集中度: 上位2艇 69.5%（補正+0.00） / 総合判定確率: 0.087 / → ヒモ分散。1号艇1着固定で広めのヒモ流し推奨（買い目+2点）', 'tenji_trigger': '展示確認: ヒモ分散レース。1号艇伸び確認後、広めのヒモ流しを採用。穴ヒモ（5・6号艇）を積極的に含める。\n展示で1号艇スタート超安定(0.121秒)→ヒモ固まり方向に注意'}",,,26.5,逃げ狙い,15.97,25.6,2,,,,,,,,,,,
2026-02-24,丸亀,2,1,三原　司,B1,27.72,1,◎,51.5703,,0,80.4,0.1643,3.4891,,,0,低,167,0,逃0%,3 246,0,82.5,1.0897,0.3333,,,,,0.2452,0.2071,0.0571,○,,D,△,,,0.624,,0.3599,A,72,0,◎-○軸 3着3〜4艇流し（10〜15点）,0.5777,"{'is_target': True, 'verdict': '参加推奨', 'max_combo_prob': 0.0737, 'est_top_odds': 18.1, 'circle_concentration': 71.5, 'eligible_count': 8, 'bet_adj': 2, 'reason': 'rel_win1=51.6%（本命度） / 最有力組み合わせ確率: 0.074（推定実オッズ?18倍） / 2着集中度: 上位2艇 71.5%（補正+0.04） / 総合判定確率: 0.114 / → ヒモ分散。1号艇1着固定で広めのヒモ流し推奨（買い目+2点）', 'tenji_trigger': '展示確認: ヒモ分散レース。1号艇伸び確認後、広めのヒモ流しを採用。穴ヒモ（5・6号艇）を積極的に含める。'}",,,28.9,逃げ狙い,12.63,35.4,4,,,,,0,0,0.6155,0,,主役軸流し,B
2026-02-24,丸亀,2,2,三宅健太,B1,25.00,2,,12.4389,45.9,100,58.3,0.17,4.1083,,,0,低,124,0,-,341 46,0,48.6,1.1253,0,0.1364,0,0,0,0.2109,0.0909,0.4691,,,E,,,0.311,0.621,,0.3599,A,72,0,◎-○軸 3着3〜4艇流し（10〜15点）,0.5777,"{'is_target': True, 'verdict': '参加推奨', 'max_combo_prob': 0.0737, 'est_top_odds': 18.1, 'circle_concentration': 71.5, 'eligible_count': 8, 'bet_adj': 2, 'reason': 'rel_win1=51.6%（本命度） / 最有力組み合わせ確率: 0.074（推定実オッズ?18倍） / 2着集中度: 上位2艇 71.5%（補正+0.04） / 総合判定確率: 0.114 / → ヒモ分散。1号艇1着固定で広めのヒモ流し推奨（買い目+2点）', 'tenji_trigger': '展示確認: ヒモ分散レース。1号艇伸び確認後、広めのヒモ流しを採用。穴ヒモ（5・6号艇）を積極的に含める。'}",,,28.9,逃げ狙い,12.63,35.4,4,,,,,,,,,,,
2026-02-24,丸亀,2,3,西原明生,B1,28.70,3,,13.0422,25.6,73,40,0.1844,3.6643,,,0,低,192,0,差ま0%,1 5345,0,73.7,1.5729,0,0,0,0.069,0,0.2571,0.2571,0.2762,,,D,△,,0.2222,0.641,,0.3599,A,72,0,◎-○軸 3着3〜4艇流し（10〜15点）,0.5777,"{'is_target': True, 'verdict': '参加推奨', 'max_combo_prob': 0.0737, 'est_top_odds': 18.1, 'circle_concentration': 71.5, 'eligible_count': 8, 'bet_adj': 2, 'reason': 'rel_win1=51.6%（本命度） / 最有力組み合わせ確率: 0.074（推定実オッズ?18倍） / 2着集中度: 上位2艇 71.5%（補正+0.04） / 総合判定確率: 0.114 / → ヒモ分散。1号艇1着固定で広めのヒモ流し推奨（買い目+2点）', 'tenji_trigger': '展示確認: ヒモ分散レース。1号艇伸び確認後、広めのヒモ流しを採用。穴ヒモ（5・6号艇）を積極的に含める。'}",,,28.9,逃げ狙い,12.63,35.4,4,,,,,,,,,,,
2026-02-24,丸亀,2,4,伊藤雄二,B1,44.55,4,○,9.3424,4.8,81,31.6,0.1468,3.1053,,,0,低,128,0,差0% 抜0%,4 556,0,28.3,0.8279,0,0.0333,0,0,0.0333,0.2227,0.4636,0.0364,,,A,,,0.379,0.574,,0.3599,A,72,0,◎-○軸 3着3〜4艇流し（10〜15点）,0.5777,"{'is_target': True, 'verdict': '参加推奨', 'max_combo_prob': 0.0737, 'est_top_odds': 18.1, 'circle_concentration': 71.5, 'eligible_count': 8, 'bet_adj': 2, 'reason': 'rel_win1=51.6%（本命度） / 最有力組み合わせ確率: 0.074（推定実オッズ?18倍） / 2着集中度: 上位2艇 71.5%（補正+0.04） / 総合判定確率: 0.114 / → ヒモ分散。1号艇1着固定で広めのヒモ流し推奨（買い目+2点）', 'tenji_trigger': '展示確認: ヒモ分散レース。1号艇伸び確認後、広めのヒモ流しを採用。穴ヒモ（5・6号艇）を積極的に含める。'}",,,28.9,逃げ狙い,12.63,35.4,4,,,,,,,,,,,
2026-02-24,丸亀,2,5,江本真治,A2,40.91,5,△,8.1424,19.9,61,43.9,0.1577,3.4386,,,0,低,105,0,差1%,1 3444,0,86.7,1.4881,0,0.0417,0,0.0833,0,0.1156,0.1156,0.1644,,,B,◎,,0.345,0.6785,,0.3599,A,72,0,◎-○軸 3着3〜4艇流し（10〜15点）,0.5777,"{'is_target': True, 'verdict': '参加推奨', 'max_combo_prob': 0.0737, 'est_top_odds': 18.1, 'circle_concentration': 71.5, 'eligible_count': 8, 'bet_adj': 2, 'reason': 'rel_win1=51.6%（本命度） / 最有力組み合わせ確率: 0.074（推定実オッズ?18倍） / 2着集中度: 上位2艇 71.5%（補正+0.04） / 総合判定確率: 0.114 / → ヒモ分散。1号艇1着固定で広めのヒモ流し推奨（買い目+2点）', 'tenji_trigger': '展示確認: ヒモ分散レース。1号艇伸び確認後、広めのヒモ流しを採用。穴ヒモ（5・6号艇）を積極的に含める。'}",,,28.9,逃げ狙い,12.63,35.4,4,,,,,,,,,,,
2026-02-24,丸亀,2,6,松竹大輔,B1,42.73,6,▲,5.4638,3.8,45,32.8,0.1631,3.9609,,,0,低,112,0,差ま0%,1 1566,0,41.2,1.0219,0,0,0.0357,0.0357,0,0.0444,0.0889,0.2093,,,B,○,,0.3211,0.6475,,0.3599,A,72,0,◎-○軸 3着3〜4艇流し（10〜15点）,0.5777,"{'is_target': True, 'verdict': '参加推奨', 'max_combo_prob': 0.0737, 'est_top_odds': 18.1, 'circle_concentration': 71.5, 'eligible_count': 8, 'bet_adj': 2, 'reason': 'rel_win1=51.6%（本命度） / 最有力組み合わせ確率: 0.074（推定実オッズ?18倍） / 2着集中度: 上位2艇 71.5%（補正+0.04） / 総合判定確率: 0.114 / → ヒモ分散。1号艇1着固定で広めのヒモ流し推奨（買い目+2点）', 'tenji_trigger': '展示確認: ヒモ分散レース。1号艇伸び確認後、広めのヒモ流しを採用。穴ヒモ（5・6号艇）を積極的に含める。'}",,,28.9,逃げ狙い,12.63,35.4,4,,,,,,,,,,,
2026-02-24,丸亀,3,1,田中宏典,B1,25.23,1,◎,53.8222,,0,68.2,0.1809,4.4773,,,0,低,103,0,逃1%,6 421,0,77.2,0.9121,0.5833,,,,,0,0.1,0.2167,,,D,△,,,0.581,,0.1956,B,52,0,◎○△フォーメーション（15〜20点）,0.5777,"{'is_target': True, 'verdict': '点数絞り', 'max_combo_prob': 0.0915, 'est_top_odds': 14.6, 'circle_concentration': 79.4, 'eligible_count': 9, 'bet_adj': 0, 'reason': 'rel_win1=53.8%（本命度） / 最有力組み合わせ確率: 0.092（推定実オッズ?15倍） / 2着集中度: 上位2艇 79.4%（補正+0.04） / 総合判定確率: 0.132 / → ヒモはやや固め。上位2艇以外を切ること', 'tenji_trigger': '展示確認: 1号艇伸び良→そのまま採用。悪→飛び組に差し替え。circle_pct上位2艇に絞り込むこと。\n展示で1号艇スタート遅め(0.181秒)確認→ヒモが荒れやすい'}",,,26.2,両建て推奨,9.58,30.1,2,2-1-3|2-1-4|2-1-6|2-3-1|2-6-1|2-3-4|2-6-3|1-2-6|1-2-4,2-1-3|2-1-4|2-1-6|2-3-1|2-6-1|2-3-4|2-6-3|5-1-6|1-2-6|1-2-4|5-6-1|6-1-3,2-1-3:3.63%|2-1-4:2.35%|2-1-6:1.79%|2-3-1:1.15%|2-6-1:0.7%|2-3-4:0.32%|2-6-3:0.3%|1-2-6:5.07%|1-2-4:4.64%,2-1-3:B_main|2-1-4:B_main|2-1-6:B_main|2-3-1:B_main|2-6-1:B_main|2-3-4:B_main|2-6-3:B_main|1-2-6:A|1-2-4:A,9,12,0.2915,1,[!]見送り推奨（主役決まり手「差し」― 逃げ劣勢レースで的中実績なし）,主役軸流し,B
2026-02-24,丸亀,3,2,山口裕二,A2,22.77,2,▲,17.0289,55.6,95,75.9,0.1459,3.2963,,,0,低,129,0,差0%,4 6144,0,69.5,1.1072,0,0.125,0,0,0.0417,0.0229,0.1171,0.1171,,◎,D,○,,0.5784,0.619,,0.1956,B,52,0,◎○△フォーメーション（15〜20点）,0.5777,"{'is_target': True, 'verdict': '点数絞り', 'max_combo_prob': 0.0915, 'est_top_odds': 14.6, 'circle_concentration': 79.4, 'eligible_count': 9, 'bet_adj': 0, 'reason': 'rel_win1=53.8%（本命度） / 最有力組み合わせ確率: 0.092（推定実オッズ?15倍） / 2着集中度: 上位2艇 79.4%（補正+0.04） / 総合判定確率: 0.132 / → ヒモはやや固め。上位2艇以外を切ること', 'tenji_trigger': '展示確認: 1号艇伸び良→そのまま採用。悪→飛び組に差し替え。circle_pct上位2艇に絞り込むこと。\n展示で1号艇スタート遅め(0.181秒)確認→ヒモが荒れやすい'}",,,26.2,両建て推奨,9.58,30.1,2,,,,,,,,,,,
2026-02-24,丸亀,3,3,渡辺　豊,B1,25.49,3,,10.2325,23.8,100,54.7,0.1825,4.0267,,,0,低,220,0,-,221 65,0,24.9,0.8823,0,0,0.0333,0,0,0.1906,0.1059,0.1788,,,C,,,0.2708,0.576,,0.1956,B,52,0,◎○△フォーメーション（15〜20点）,0.5777,"{'is_target': True, 'verdict': '点数絞り', 'max_combo_prob': 0.0915, 'est_top_odds': 14.6, 'circle_concentration': 79.4, 'eligible_count': 9, 'bet_adj': 0, 'reason': 'rel_win1=53.8%（本命度） / 最有力組み合わせ確率: 0.092（推定実オッズ?15倍） / 2着集中度: 上位2艇 79.4%（補正+0.04） / 総合判定確率: 0.132 / → ヒモはやや固め。上位2艇以外を切ること', 'tenji_trigger': '展示確認: 1号艇伸び良→そのまま採用。悪→飛び組に差し替え。circle_pct上位2艇に絞り込むこと。\n展示で1号艇スタート遅め(0.181秒)確認→ヒモが荒れやすい'}",,,26.2,両建て推奨,9.58,30.1,2,,,,,,,,,,,
2026-02-24,丸亀,3,4,吉永泰弘,B1,26.85,4,○,7.182,9.2,81,39.5,0.1784,3.6977,,,0,低,137,0,-,56442,0,33.3,0.8019,0,0,0,0.0556,0,0.2376,0.4541,0.0235,,,C,◎,,0.298,0.6525,,0.1956,B,52,0,◎○△フォーメーション（15〜20点）,0.5777,"{'is_target': True, 'verdict': '点数絞り', 'max_combo_prob': 0.0915, 'est_top_odds': 14.6, 'circle_concentration': 79.4, 'eligible_count': 9, 'bet_adj': 0, 'reason': 'rel_win1=53.8%（本命度） / 最有力組み合わせ確率: 0.092（推定実オッズ?15倍） / 2着集中度: 上位2艇 79.4%（補正+0.04） / 総合判定確率: 0.132 / → ヒモはやや固め。上位2艇以外を切ること', 'tenji_trigger': '展示確認: 1号艇伸び良→そのまま採用。悪→飛び組に差し替え。circle_pct上位2艇に絞り込むこと。\n展示で1号艇スタート遅め(0.181秒)確認→ヒモが荒れやすい'}",,,26.2,両建て推奨,9.58,30.1,2,,,,,,,,,,,
2026-02-24,丸亀,3,5,内田　壮,B2,21.78,5,,9.049,8.6,82,0,0.15,4.5,,,0,低,49,1,-,6 635,0,42.3,0.831,,,,,,,,,,○,E,,,0.4115,0.468,,0.1956,B,52,0,◎○△フォーメーション（15〜20点）,0.5777,"{'is_target': True, 'verdict': '点数絞り', 'max_combo_prob': 0.0915, 'est_top_odds': 14.6, 'circle_concentration': 79.4, 'eligible_count': 9, 'bet_adj': 0, 'reason': 'rel_win1=53.8%（本命度） / 最有力組み合わせ確率: 0.092（推定実オッズ?15倍） / 2着集中度: 上位2艇 79.4%（補正+0.04） / 総合判定確率: 0.132 / → ヒモはやや固め。上位2艇以外を切ること', 'tenji_trigger': '展示確認: 1号艇伸び良→そのまま採用。悪→飛び組に差し替え。circle_pct上位2艇に絞り込むこと。\n展示で1号艇スタート遅め(0.181秒)確認→ヒモが荒れやすい'}",,,26.2,両建て推奨,9.58,30.1,2,,,,,,,,,,,
2026-02-24,丸亀,3,6,大神康司,A2,44.23,6,△,2.6854,2.8,64,,,,,,0,低,61,1,-,2 4153,0,,,,,,,,,,,,,A,△,◎,0.31,0.6115,0.15,0.1956,B,52,0,◎○△フォーメーション（15〜20点）,0.5777,"{'is_target': True, 'verdict': '点数絞り', 'max_combo_prob': 0.0915, 'est_top_odds': 14.6, 'circle_concentration': 79.4, 'eligible_count': 9, 'bet_adj': 0, 'reason': 'rel_win1=53.8%（本命度） / 最有力組み合わせ確率: 0.092（推定実オッズ?15倍） / 2着集中度: 上位2艇 79.4%（補正+0.04） / 総合判定確率: 0.132 / → ヒモはやや固め。上位2艇以外を切ること', 'tenji_trigger': '展示確認: 1号艇伸び良→そのまま採用。悪→飛び組に差し替え。circle_pct上位2艇に絞り込むこと。\n展示で1号艇スタート遅め(0.181秒)確認→ヒモが荒れやすい'}",,,26.2,両建て推奨,9.58,30.1,2,,,,,,,,,,,
2026-02-24,丸亀,4,1,後藤正宗,B1,43.27,1,◎,48.5127,,0,91.2,0.1641,3.1985,,,0,低,94,0,逃1%,3 3512,0,67.2,0.956,0.4615,,,,,0.1769,0.0615,0.1154,○,,A,△,,,0.6345,,0.4418,A,76,0,◎-○軸 3着3〜4艇流し（10〜15点）,0.5777,"{'is_target': True, 'verdict': '参加推奨', 'max_combo_prob': 0.0723, 'est_top_odds': 18.4, 'circle_concentration': 66.6, 'eligible_count': 8, 'bet_adj': 2, 'reason': 'rel_win1=48.5%（本命度） / 最有力組み合わせ確率: 0.072（推定実オッズ?18倍） / 2着集中度: 上位2艇 66.6%（補正+0.00） / 総合判定確率: 0.072 / → ヒモ分散。1号艇1着固定で広めのヒモ流し推奨（買い目+2点）', 'tenji_trigger': '展示確認: ヒモ分散レース。1号艇伸び確認後、広めのヒモ流しを採用。穴ヒモ（5・6号艇）を積極的に含める。'}",,,30.5,逃げ狙い,23.32,30.8,3,,,,,0,0,0.6155,0,,逃げ軸流し,A
2026-02-24,丸亀,4,2,関根彰人,B1,39.45,2,○,13.5891,30.9,100,58.6,0.1713,3.6714,,,0,低,170,0,-,153 52,0,39.1,0.8593,0,0.1071,0,0,0,0,0.2042,0.1153,,,B,,,0.2785,0.62,,0.4418,A,76,0,◎-○軸 3着3〜4艇流し（10〜15点）,0.5777,"{'is_target': True, 'verdict': '参加推奨', 'max_combo_prob': 0.0723, 'est_top_odds': 18.4, 'circle_concentration': 66.6, 'eligible_count': 8, 'bet_adj': 2, 'reason': 'rel_win1=48.5%（本命度） / 最有力組み合わせ確率: 0.072（推定実オッズ?18倍） / 2着集中度: 上位2艇 66.6%（補正+0.00） / 総合判定確率: 0.072 / → ヒモ分散。1号艇1着固定で広めのヒモ流し推奨（買い目+2点）', 'tenji_trigger': '展示確認: ヒモ分散レース。1号艇伸び確認後、広めのヒモ流しを採用。穴ヒモ（5・6号艇）を積極的に含める。'}",,,30.5,逃げ狙い,23.32,30.8,3,,,,,,,,,,,
2026-02-24,丸亀,4,3,大峯　豊,A1,25.47,3,△,24.128,35.6,77,81.1,0.1686,3.4595,,,0,低,88,0,ま0% 差ま0% 抜0%,13222,0,90.4,1.8025,0,0,0.0526,0.2632,0.0526,0.1308,0.0308,0.0154,,,D,△,,0.3372,0.627,,0.4418,A,76,0,◎-○軸 3着3〜4艇流し（10〜15点）,0.5777,"{'is_target': True, 'verdict': '参加推奨', 'max_combo_prob': 0.0723, 'est_top_odds': 18.4, 'circle_concentration': 66.6, 'eligible_count': 8, 'bet_adj': 2, 'reason': 'rel_win1=48.5%（本命度） / 最有力組み合わせ確率: 0.072（推定実オッズ?18倍） / 2着集中度: 上位2艇 66.6%（補正+0.00） / 総合判定確率: 0.072 / → ヒモ分散。1号艇1着固定で広めのヒモ流し推奨（買い目+2点）', 'tenji_trigger': '展示確認: ヒモ分散レース。1号艇伸び確認後、広めのヒモ流しを採用。穴ヒモ（5・6号艇）を積極的に含める。'}",,,30.5,逃げ狙い,23.32,30.8,3,,,,,,,,,,,
2026-02-24,丸亀,4,4,四宮与寛,A2,27.37,4,▲,7.9782,23.1,80,57.4,0.1354,2.6311,,,0,低,60,0,-,232 33,0,40.9,0.8219,0,0.0357,0.0357,0,0,0.1116,0.1374,0.0258,,,D,◎,◎,0.3988,0.6545,0.4326,0.4418,A,76,0,◎-○軸 3着3〜4艇流し（10〜15点）,0.5777,"{'is_target': True, 'verdict': '参加推奨', 'max_combo_prob': 0.0723, 'est_top_odds': 18.4, 'circle_concentration': 66.6, 'eligible_count': 8, 'bet_adj': 2, 'reason': 'rel_win1=48.5%（本命度） / 最有力組み合わせ確率: 0.072（推定実オッズ?18倍） / 2着集中度: 上位2艇 66.6%（補正+0.00） / 総合判定確率: 0.072 / → ヒモ分散。1号艇1着固定で広めのヒモ流し推奨（買い目+2点）', 'tenji_trigger': '展示確認: ヒモ分散レース。1号艇伸び確認後、広めのヒモ流しを採用。穴ヒモ（5・6号艇）を積極的に含める。'}",,,30.5,逃げ狙い,23.32,30.8,3,,,,,,,,,,,
2026-02-24,丸亀,4,5,浦田晃嗣,B1,20.62,5,,4.7959,10,45,28,0.1521,3.2533,,,0,低,95,0,-,1 3626,0,38,0.7674,,,,,,0.1486,0.2343,0.2057,,,E,○,,0.3609,0.642,,0.4418,A,76,0,◎-○軸 3着3〜4艇流し（10〜15点）,0.5777,"{'is_target': True, 'verdict': '参加推奨', 'max_combo_prob': 0.0723, 'est_top_odds': 18.4, 'circle_concentration': 66.6, 'eligible_count': 8, 'bet_adj': 2, 'reason': 'rel_win1=48.5%（本命度） / 最有力組み合わせ確率: 0.072（推定実オッズ?18倍） / 2着集中度: 上位2艇 66.6%（補正+0.00） / 総合判定確率: 0.072 / → ヒモ分散。1号艇1着固定で広めのヒモ流し推奨（買い目+2点）', 'tenji_trigger': '展示確認: ヒモ分散レース。1号艇伸び確認後、広めのヒモ流しを採用。穴ヒモ（5・6号艇）を積極的に含める。'}",,,30.5,逃げ狙い,23.32,30.8,3,,,,,,,,,,,
2026-02-24,丸亀,4,6,廣部大明,B2,36.27,6,,0.996,0.3,14,1.1,0.2219,4.4722,,,0,低,61,0,-,554 3F,0,24.4,0.6478,,,,,,0,0.5,0.5,,,C,,,0.1442,0.424,,0.4418,A,76,0,◎-○軸 3着3〜4艇流し（10〜15点）,0.5777,"{'is_target': True, 'verdict': '参加推奨', 'max_combo_prob': 0.0723, 'est_top_odds': 18.4, 'circle_concentration': 66.6, 'eligible_count': 8, 'bet_adj': 2, 'reason': 'rel_win1=48.5%（本命度） / 最有力組み合わせ確率: 0.072（推定実オッズ?18倍） / 2着集中度: 上位2艇 66.6%（補正+0.00） / 総合判定確率: 0.072 / → ヒモ分散。1号艇1着固定で広めのヒモ流し推奨（買い目+2点）', 'tenji_trigger': '展示確認: ヒモ分散レース。1号艇伸び確認後、広めのヒモ流しを採用。穴ヒモ（5・6号艇）を積極的に含める。'}",,,30.5,逃げ狙い,23.32,30.8,3,,,,,,,,,,,
2026-02-24,丸亀,5,1,高橋英之,A2,25.49,1,◎,52.5233,,0,85.2,0.1479,3.0328,,,0,低,59,0,逃1%,44562,0,79.6,1.0824,0.6,,,,,0.064,0.164,0.132,○,,E,○,,,0.6665,,0.4148,S,83,0,◎1着固定 2-3着流し（5〜8点）,0.5777,"{'is_target': True, 'verdict': '点数絞り', 'max_combo_prob': 0.0871, 'est_top_odds': 15.3, 'circle_concentration': 83.6, 'eligible_count': 6, 'bet_adj': 0, 'reason': 'rel_win1=52.5%（本命度） / 最有力組み合わせ確率: 0.087（推定実オッズ?15倍） / 2着集中度: 上位2艇 83.6%（補正+0.04） / 総合判定確率: 0.127 / → ヒモはやや固め。上位2艇以外を切ること', 'tenji_trigger': '展示確認: 1号艇伸び良→そのまま採用。悪→飛び組に差し替え。circle_pct上位2艇に絞り込むこと。'}",,,28,逃げ狙い,17.57,28.6,3,,,,,0,0,0.6155,0,,逃げ軸流し,A
2026-02-24,丸亀,5,2,星　栄爾,B1,29.63,2,,11.0307,39,100,65.8,0.1519,3.1233,,,0,低,115,0,差0% ま0% 抜0%,2 243,0,49.8,1.05,0,0.0606,0.0303,0,0.0303,0.0293,0.0293,0.2585,,,D,△,,0.281,0.652,,0.4148,S,83,0,◎1着固定 2-3着流し（5〜8点）,0.5777,"{'is_target': True, 'verdict': '点数絞り', 'max_combo_prob': 0.0871, 'est_top_odds': 15.3, 'circle_concentration': 83.6, 'eligible_count': 6, 'bet_adj': 0, 'reason': 'rel_win1=52.5%（本命度） / 最有力組み合わせ確率: 0.087（推定実オッズ?15倍） / 2着集中度: 上位2艇 83.6%（補正+0.04） / 総合判定確率: 0.127 / → ヒモはやや固め。上位2艇以外を切ること', 'tenji_trigger': '展示確認: 1号艇伸び良→そのまま採用。悪→飛び組に差し替え。circle_pct上位2艇に絞り込むこと。'}",,,28,逃げ狙い,17.57,28.6,3,,,,,,,,,,,
2026-02-24,丸亀,5,3,松村　敏,A1,26.80,3,○,21.3612,44.6,89,84.6,0.1208,2.4038,,,0,低,28,0,差0% ま0% 差ま0%,55153,0,89.1,1.764,0,0.037,0.0741,0.1111,0,0.0085,0.0837,0.017,,◎,D,◎,,0.4607,0.8115,,0.4148,S,83,0,◎1着固定 2-3着流し（5〜8点）,0.5777,"{'is_target': True, 'verdict': '点数絞り', 'max_combo_prob': 0.0871, 'est_top_odds': 15.3, 'circle_concentration': 83.6, 'eligible_count': 6, 'bet_adj': 0, 'reason': 'rel_win1=52.5%（本命度） / 最有力組み合わせ確率: 0.087（推定実オッズ?15倍） / 2着集中度: 上位2艇 83.6%（補正+0.04） / 総合判定確率: 0.127 / → ヒモはやや固め。上位2艇以外を切ること', 'tenji_trigger': '展示確認: 1号艇伸び良→そのまま採用。悪→飛び組に差し替え。circle_pct上位2艇に絞り込むこと。'}",,,28,逃げ狙い,17.57,28.6,3,,,,,,,,,,,
2026-02-24,丸亀,5,4,岡本翔太,B1,35.00,4,▲,10.041,11.8,54,34.8,0.1385,2.5833,,,0,低,61,0,差0%,451 55,0,42.1,0.9091,0,0.04,0,0,0,0.19,0.08,0.19,,,C,,,0.3407,0.6355,,0.4148,S,83,0,◎1着固定 2-3着流し（5〜8点）,0.5777,"{'is_target': True, 'verdict': '点数絞り', 'max_combo_prob': 0.0871, 'est_top_odds': 15.3, 'circle_concentration': 83.6, 'eligible_count': 6, 'bet_adj': 0, 'reason': 'rel_win1=52.5%（本命度） / 最有力組み合わせ確率: 0.087（推定実オッズ?15倍） / 2着集中度: 上位2艇 83.6%（補正+0.04） / 総合判定確率: 0.127 / → ヒモはやや固め。上位2艇以外を切ること', 'tenji_trigger': '展示確認: 1号艇伸び良→そのまま採用。悪→飛び組に差し替え。circle_pct上位2艇に絞り込むこと。'}",,,28,逃げ狙い,17.57,28.6,3,,,,,,,,,,,
2026-02-24,丸亀,5,5,町田洸希,B1,37.04,5,,3.7257,4.2,82,31.7,0.1867,4.2833,,,0,低,130,0,-,513 45,0,90.4,1.6483,,,,,,0.1875,0.125,0.125,,,B,,,0.215,0.6035,,0.4148,S,83,0,◎1着固定 2-3着流し（5〜8点）,0.5777,"{'is_target': True, 'verdict': '点数絞り', 'max_combo_prob': 0.0871, 'est_top_odds': 15.3, 'circle_concentration': 83.6, 'eligible_count': 6, 'bet_adj': 0, 'reason': 'rel_win1=52.5%（本命度） / 最有力組み合わせ確率: 0.087（推定実オッズ?15倍） / 2着集中度: 上位2艇 83.6%（補正+0.04） / 総合判定確率: 0.127 / → ヒモはやや固め。上位2艇以外を切ること', 'tenji_trigger': '展示確認: 1号艇伸び良→そのまま採用。悪→飛び組に差し替え。circle_pct上位2艇に絞り込むこと。'}",,,28,逃げ狙い,17.57,28.6,3,,,,,,,,,,,
2026-02-24,丸亀,5,6,東　潤樹,B1,38.89,6,△,1.3182,0.4,33,16.7,0.1848,4.2833,,,0,低,191,0,-,3 134,0,31.1,0.6194,,,,,,0.1639,0.3139,0.0296,,,B,△,,0.2172,0.6475,,0.4148,S,83,0,◎1着固定 2-3着流し（5〜8点）,0.5777,"{'is_target': True, 'verdict': '点数絞り', 'max_combo_prob': 0.0871, 'est_top_odds': 15.3, 'circle_concentration': 83.6, 'eligible_count': 6, 'bet_adj': 0, 'reason': 'rel_win1=52.5%（本命度） / 最有力組み合わせ確率: 0.087（推定実オッズ?15倍） / 2着集中度: 上位2艇 83.6%（補正+0.04） / 総合判定確率: 0.127 / → ヒモはやや固め。上位2艇以外を切ること', 'tenji_trigger': '展示確認: 1号艇伸び良→そのまま採用。悪→飛び組に差し替え。circle_pct上位2艇に絞り込むこと。'}",,,28,逃げ狙い,17.57,28.6,3,,,,,,,,,,,
2026-02-24,丸亀,6,1,岡瀬正人,A2,46.15,1,◎,55.6268,,0,88.1,0.1586,3.901,,,0,低,176,0,逃1%,2 6313,0,100,1.9046,0.5,,,,,0.0955,0.1727,0.0545,○,,B,○,,,0.6505,,0.3866,S,80,0,◎1着固定 2-3着流し（5〜8点）,0.5777,"{'is_target': True, 'verdict': '点数絞り', 'max_combo_prob': 0.102, 'est_top_odds': 13.1, 'circle_concentration': 89.0, 'eligible_count': 6, 'bet_adj': 0, 'reason': 'rel_win1=55.6%（本命度） / 最有力組み合わせ確率: 0.102（推定実オッズ?13倍） / 2着集中度: 上位2艇 89.0%（補正+0.04） / 総合判定確率: 0.142 / → ヒモはやや固め。上位2艇以外を切ること', 'tenji_trigger': '展示確認: 1号艇伸び良→そのまま採用。悪→飛び組に差し替え。circle_pct上位2艇に絞り込むこと。'}",,,28.8,逃げ狙い,18.23,30.1,2,,,,,0,0,0.6155,0,,逃げ軸流し,A
2026-02-24,丸亀,6,2,久田敏之,A1,21.21,2,△,19.1334,61.6,58,86.8,0.15,3.3289,,,0,低,53,0,差0% ま0%,124 32,0,67.7,1.4295,0,0.1667,0.0556,0,0,0,0.0455,0.0909,,○,E,,,0.4358,0.559,,0.3866,S,80,0,◎1着固定 2-3着流し（5〜8点）,0.5777,"{'is_target': True, 'verdict': '点数絞り', 'max_combo_prob': 0.102, 'est_top_odds': 13.1, 'circle_concentration': 89.0, 'eligible_count': 6, 'bet_adj': 0, 'reason': 'rel_win1=55.6%（本命度） / 最有力組み合わせ確率: 0.102（推定実オッズ?13倍） / 2着集中度: 上位2艇 89.0%（補正+0.04） / 総合判定確率: 0.142 / → ヒモはやや固め。上位2艇以外を切ること', 'tenji_trigger': '展示確認: 1号艇伸び良→そのまま採用。悪→飛び組に差し替え。circle_pct上位2艇に絞り込むこと。'}",,,28.8,逃げ狙い,18.23,30.1,2,,,,,,,,,,,
2026-02-24,丸亀,6,3,川上聡介,A2,42.45,3,▲,11.249,27.4,86,62.1,0.1371,2.8276,,,0,低,77,0,-,625 66,0,80.8,1.8048,0,0,0,0.0714,0,0.0593,0.1148,0.3037,,△,B,,,0.4182,0.6225,,0.3866,S,80,0,◎1着固定 2-3着流し（5〜8点）,0.5777,"{'is_target': True, 'verdict': '点数絞り', 'max_combo_prob': 0.102, 'est_top_odds': 13.1, 'circle_concentration': 89.0, 'eligible_count': 6, 'bet_adj': 0, 'reason': 'rel_win1=55.6%（本命度） / 最有力組み合わせ確率: 0.102（推定実オッズ?13倍） / 2着集中度: 上位2艇 89.0%（補正+0.04） / 総合判定確率: 0.142 / → ヒモはやや固め。上位2艇以外を切ること', 'tenji_trigger': '展示確認: 1号艇伸び良→そのまま採用。悪→飛び組に差し替え。circle_pct上位2艇に絞り込むこと。'}",,,28.8,逃げ狙い,18.23,30.1,2,,,,,,,,,,,
2026-02-24,丸亀,6,4,梶山涼斗,B1,50.00,4,○,9.7029,5.6,100,46.7,0.1287,2.4083,,,0,低,51,0,-,655 54,0,24.4,0.6881,0,0.0323,0.0968,0.0323,0,0,0.0941,0.1671,,◎,A,△,◎,0.443,0.624,0.4256,0.3866,S,80,0,◎1着固定 2-3着流し（5〜8点）,0.5777,"{'is_target': True, 'verdict': '点数絞り', 'max_combo_prob': 0.102, 'est_top_odds': 13.1, 'circle_concentration': 89.0, 'eligible_count': 6, 'bet_adj': 0, 'reason': 'rel_win1=55.6%（本命度） / 最有力組み合わせ確率: 0.102（推定実オッズ?13倍） / 2着集中度: 上位2艇 89.0%（補正+0.04） / 総合判定確率: 0.142 / → ヒモはやや固め。上位2艇以外を切ること', 'tenji_trigger': '展示確認: 1号艇伸び良→そのまま採用。悪→飛び組に差し替え。circle_pct上位2艇に絞り込むこと。'}",,,28.8,逃げ狙い,18.23,30.1,2,,,,,,,,,,,
2026-02-24,丸亀,6,5,西原明生,B1,28.70,5,,3.3383,4.7,83,35.8,0.1886,3.9877,,,0,低,192,0,-,1 5345,0,44.1,1.0393,0,0,0.0286,0,0,0.2571,0.2571,0.2762,,,D,△,,0.2113,0.641,,0.3866,S,80,0,◎1着固定 2-3着流し（5〜8点）,0.5777,"{'is_target': True, 'verdict': '点数絞り', 'max_combo_prob': 0.102, 'est_top_odds': 13.1, 'circle_concentration': 89.0, 'eligible_count': 6, 'bet_adj': 0, 'reason': 'rel_win1=55.6%（本命度） / 最有力組み合わせ確率: 0.102（推定実オッズ?13倍） / 2着集中度: 上位2艇 89.0%（補正+0.04） / 総合判定確率: 0.142 / → ヒモはやや固め。上位2艇以外を切ること', 'tenji_trigger': '展示確認: 1号艇伸び良→そのまま採用。悪→飛び組に差し替え。circle_pct上位2艇に絞り込むこと。'}",,,28.8,逃げ狙い,18.23,30.1,2,,,,,,,,,,,
2026-02-24,丸亀,6,6,川添英正,B1,35.85,6,,0.9495,0.7,67,24.4,0.2093,5.0976,,,0,低,169,0,-,643 24,0,36.2,1.0403,,,,,,0.19,0.1,0.04,,,C,◎,,0.1784,0.657,,0.3866,S,80,0,◎1着固定 2-3着流し（5〜8点）,0.5777,"{'is_target': True, 'verdict': '点数絞り', 'max_combo_prob': 0.102, 'est_top_odds': 13.1, 'circle_concentration': 89.0, 'eligible_count': 6, 'bet_adj': 0, 'reason': 'rel_win1=55.6%（本命度） / 最有力組み合わせ確率: 0.102（推定実オッズ?13倍） / 2着集中度: 上位2艇 89.0%（補正+0.04） / 総合判定確率: 0.142 / → ヒモはやや固め。上位2艇以外を切ること', 'tenji_trigger': '展示確認: 1号艇伸び良→そのまま採用。悪→飛び組に差し替え。circle_pct上位2艇に絞り込むこと。'}",,,28.8,逃げ狙い,18.23,30.1,2,,,,,,,,,,,
2026-02-24,丸亀,7,1,野長瀬正,A2,24.24,1,◎,49.8831,,0,86.4,0.1354,2.4012,,,0,低,105,0,逃0%,544 25,0,76.1,1.0846,0.4857,,,,,0.2,0.0343,0.2257,◎,,D,△,,,0.586,,0.5541,S,84,0,◎1着固定 2-3着流し（5〜8点）,0.5777,"{'is_target': True, 'verdict': '参加推奨', 'max_combo_prob': 0.0609, 'est_top_odds': 21.9, 'circle_concentration': 62.5, 'eligible_count': 6, 'bet_adj': 2, 'reason': 'rel_win1=49.9%（本命度） / 最有力組み合わせ確率: 0.061（推定実オッズ?22倍） / 2着集中度: 上位2艇 62.5%（補正+0.00） / 総合判定確率: 0.061 / → ヒモ分散。1号艇1着固定で広めのヒモ流し推奨（買い目+2点）', 'tenji_trigger': '展示確認: ヒモ分散レース。1号艇伸び確認後、広めのヒモ流しを採用。穴ヒモ（5・6号艇）を積極的に含める。\n展示で1号艇スタート超安定(0.135秒)→ヒモ固まり方向に注意'}",,,29.6,逃げ狙い,19.02,31.8,4,,,,,0,0,0.7559,0,,逃げ軸流し,A
2026-02-24,丸亀,7,2,古田祐貴,A2,20.21,2,,13.6621,37.7,100,75,0.152,3.1917,,,0,低,105,0,差0%,3 S451,0,96.9,0.7962,0,0.125,0,0,0,0.2088,0.1971,0.1338,,,E,○,,0.1924,0.6265,,0.5541,S,84,0,◎1着固定 2-3着流し（5〜8点）,0.5777,"{'is_target': True, 'verdict': '参加推奨', 'max_combo_prob': 0.0609, 'est_top_odds': 21.9, 'circle_concentration': 62.5, 'eligible_count': 6, 'bet_adj': 2, 'reason': 'rel_win1=49.9%（本命度） / 最有力組み合わせ確率: 0.061（推定実オッズ?22倍） / 2着集中度: 上位2艇 62.5%（補正+0.00） / 総合判定確率: 0.061 / → ヒモ分散。1号艇1着固定で広めのヒモ流し推奨（買い目+2点）', 'tenji_trigger': '展示確認: ヒモ分散レース。1号艇伸び確認後、広めのヒモ流しを採用。穴ヒモ（5・6号艇）を積極的に含める。\n展示で1号艇スタート超安定(0.135秒)→ヒモ固まり方向に注意'}",,,29.6,逃げ狙い,19.02,31.8,4,,,,,,,,,,,
2026-02-24,丸亀,7,3,丹下　健,B1,23.60,3,,7.1249,24.9,61,53,0.1602,3.3939,,,0,低,133,0,-,26662,0,43.3,0.9577,0,0,0.0333,0.0333,0,0.1962,0.2343,0.1771,,,D,△,,0.1729,0.5945,,0.5541,S,84,0,◎1着固定 2-3着流し（5〜8点）,0.5777,"{'is_target': True, 'verdict': '参加推奨', 'max_combo_prob': 0.0609, 'est_top_odds': 21.9, 'circle_concentration': 62.5, 'eligible_count': 6, 'bet_adj': 2, 'reason': 'rel_win1=49.9%（本命度） / 最有力組み合わせ確率: 0.061（推定実オッズ?22倍） / 2着集中度: 上位2艇 62.5%（補正+0.00） / 総合判定確率: 0.061 / → ヒモ分散。1号艇1着固定で広めのヒモ流し推奨（買い目+2点）', 'tenji_trigger': '展示確認: ヒモ分散レース。1号艇伸び確認後、広めのヒモ流しを採用。穴ヒモ（5・6号艇）を積極的に含める。\n展示で1号艇スタート超安定(0.135秒)→ヒモ固まり方向に注意'}",,,29.6,逃げ狙い,19.02,31.8,4,,,,,,,,,,,
2026-02-24,丸亀,7,4,金子賢志,A1,38.68,4,○,21.7344,20.1,55,59,0.1318,2.6393,,,0,低,74,0,ま0%,365 12,0,87.2,1.6802,0,0,0.1429,0,0,0.1338,0.0235,0.0235,,,A,◎,◎,0.3384,0.6825,0.418,0.5541,S,84,0,◎1着固定 2-3着流し（5〜8点）,0.5777,"{'is_target': True, 'verdict': '参加推奨', 'max_combo_prob': 0.0609, 'est_top_odds': 21.9, 'circle_concentration': 62.5, 'eligible_count': 6, 'bet_adj': 2, 'reason': 'rel_win1=49.9%（本命度） / 最有力組み合わせ確率: 0.061（推定実オッズ?22倍） / 2着集中度: 上位2艇 62.5%（補正+0.00） / 総合判定確率: 0.061 / → ヒモ分散。1号艇1着固定で広めのヒモ流し推奨（買い目+2点）', 'tenji_trigger': '展示確認: ヒモ分散レース。1号艇伸び確認後、広めのヒモ流しを採用。穴ヒモ（5・6号艇）を積極的に含める。\n展示で1号艇スタート超安定(0.135秒)→ヒモ固まり方向に注意'}",,,29.6,逃げ狙い,19.02,31.8,4,,,,,,,,,,,
2026-02-24,丸亀,7,5,渡辺　豊,B1,25.49,5,▲,6.2677,15.8,69,47.2,0.2017,4.3542,,,0,低,220,0,-,221 65,0,38.1,1.9883,0,0,0,0.0294,0,0.1906,0.1059,0.1788,,,C,,○,0.1068,0.576,0.2045,0.5541,S,84,0,◎1着固定 2-3着流し（5〜8点）,0.5777,"{'is_target': True, 'verdict': '参加推奨', 'max_combo_prob': 0.0609, 'est_top_odds': 21.9, 'circle_concentration': 62.5, 'eligible_count': 6, 'bet_adj': 2, 'reason': 'rel_win1=49.9%（本命度） / 最有力組み合わせ確率: 0.061（推定実オッズ?22倍） / 2着集中度: 上位2艇 62.5%（補正+0.00） / 総合判定確率: 0.061 / → ヒモ分散。1号艇1着固定で広めのヒモ流し推奨（買い目+2点）', 'tenji_trigger': '展示確認: ヒモ分散レース。1号艇伸び確認後、広めのヒモ流しを採用。穴ヒモ（5・6号艇）を積極的に含める。\n展示で1号艇スタート超安定(0.135秒)→ヒモ固まり方向に注意'}",,,29.6,逃げ狙い,19.02,31.8,4,,,,,,,,,,,
2026-02-24,丸亀,7,6,吉川颯汰,B2,30.77,6,△,1.3278,1.6,28,0,0.2388,4.9231,,,0,低,18,0,-,6S6 66,0,29.6,0.6217,,,,,,,,,,,B,,,0.1442,0.3465,,0.5541,S,84,0,◎1着固定 2-3着流し（5〜8点）,0.5777,"{'is_target': True, 'verdict': '参加推奨', 'max_combo_prob': 0.0609, 'est_top_odds': 21.9, 'circle_concentration': 62.5, 'eligible_count': 6, 'bet_adj': 2, 'reason': 'rel_win1=49.9%（本命度） / 最有力組み合わせ確率: 0.061（推定実オッズ?22倍） / 2着集中度: 上位2艇 62.5%（補正+0.00） / 総合判定確率: 0.061 / → ヒモ分散。1号艇1着固定で広めのヒモ流し推奨（買い目+2点）', 'tenji_trigger': '展示確認: ヒモ分散レース。1号艇伸び確認後、広めのヒモ流しを採用。穴ヒモ（5・6号艇）を積極的に含める。\n展示で1号艇スタート超安定(0.135秒)→ヒモ固まり方向に注意'}",,,29.6,逃げ狙い,19.02,31.8,4,,,,,,,,,,,
2026-02-24,丸亀,8,1,中村晃朋,A1,35.85,1,◎,66.7168,,0,87.7,0.1656,3.4474,,,0,低,56,0,逃1% 抜0%,34213,0,77.5,1.1259,0.6818,,,,,0.1745,0,0.1564,◎,,B,◎,,,0.678,,0.4573,S,95,0,◎1着固定 2-3着流し（5〜8点）,0.5777,"{'is_target': True, 'verdict': '点数絞り', 'max_combo_prob': 0.1678, 'est_top_odds': 7.9, 'circle_concentration': 78.4, 'eligible_count': 6, 'bet_adj': 0, 'reason': 'rel_win1=66.7%（本命度） / 最有力組み合わせ確率: 0.168（推定実オッズ?8倍） / 2着集中度: 上位2艇 78.4%（補正+0.04） / 総合判定確率: 0.208 / → ヒモはやや固め。上位2艇以外を切ること', 'tenji_trigger': '展示確認: 1号艇伸び良→そのまま採用。悪→飛び組に差し替え。circle_pct上位2艇に絞り込むこと。'}",,,29.6,逃げ狙い,22.04,29.2,2,,,,,0,0,0.7559,0,,逃げ軸流し,A
2026-02-24,丸亀,8,2,佐藤　航,A2,33.65,2,○,13.8605,61.1,58,68.6,0.1788,3.4412,,,0,低,110,0,差1%,411111,0,92.9,0.8757,0,0.3333,0,0,0,0.1304,0.1304,0.087,,,C,,,0.248,0.5775,,0.4573,S,95,0,◎1着固定 2-3着流し（5〜8点）,0.5777,"{'is_target': True, 'verdict': '点数絞り', 'max_combo_prob': 0.1678, 'est_top_odds': 7.9, 'circle_concentration': 78.4, 'eligible_count': 6, 'bet_adj': 0, 'reason': 'rel_win1=66.7%（本命度） / 最有力組み合わせ確率: 0.168（推定実オッズ?8倍） / 2着集中度: 上位2艇 78.4%（補正+0.04） / 総合判定確率: 0.208 / → ヒモはやや固め。上位2艇以外を切ること', 'tenji_trigger': '展示確認: 1号艇伸び良→そのまま採用。悪→飛び組に差し替え。circle_pct上位2艇に絞り込むこと。'}",,,29.6,逃げ狙い,22.04,29.2,2,,,,,,,,,,,
2026-02-24,丸亀,8,3,田中宏典,B1,25.23,3,,5.8522,11.2,57,35.1,0.1678,3.8108,,,0,低,103,0,-,6 421,0,38.9,1.0658,,,,,,0,0.1,0.2167,,,D,,,0.2903,0.581,,0.4573,S,95,0,◎1着固定 2-3着流し（5〜8点）,0.5777,"{'is_target': True, 'verdict': '点数絞り', 'max_combo_prob': 0.1678, 'est_top_odds': 7.9, 'circle_concentration': 78.4, 'eligible_count': 6, 'bet_adj': 0, 'reason': 'rel_win1=66.7%（本命度） / 最有力組み合わせ確率: 0.168（推定実オッズ?8倍） / 2着集中度: 上位2艇 78.4%（補正+0.04） / 総合判定確率: 0.208 / → ヒモはやや固め。上位2艇以外を切ること', 'tenji_trigger': '展示確認: 1号艇伸び良→そのまま採用。悪→飛び組に差し替え。circle_pct上位2艇に絞り込むこと。'}",,,29.6,逃げ狙い,22.04,29.2,2,,,,,,,,,,,
2026-02-24,丸亀,8,4,廣瀬真也,A2,19.00,4,△,9.7277,17.3,100,64.3,0.1377,2.6964,,,0,低,83,0,差0% ま0%,436431,0,64.2,1.307,0,0.0333,0.1667,0,0,0.0242,0.1364,0.1364,,◎,E,○,◎,0.4281,0.6585,0.4452,0.4573,S,95,0,◎1着固定 2-3着流し（5〜8点）,0.5777,"{'is_target': True, 'verdict': '点数絞り', 'max_combo_prob': 0.1678, 'est_top_odds': 7.9, 'circle_concentration': 78.4, 'eligible_count': 6, 'bet_adj': 0, 'reason': 'rel_win1=66.7%（本命度） / 最有力組み合わせ確率: 0.168（推定実オッズ?8倍） / 2着集中度: 上位2艇 78.4%（補正+0.04） / 総合判定確率: 0.208 / → ヒモはやや固め。上位2艇以外を切ること', 'tenji_trigger': '展示確認: 1号艇伸び良→そのまま採用。悪→飛び組に差し替え。circle_pct上位2艇に絞り込むこと。'}",,,29.6,逃げ狙い,22.04,29.2,2,,,,,,,,,,,
2026-02-24,丸亀,8,5,三原　司,B1,27.72,5,,2.1744,7.1,45,22.7,0.194,4.1333,,,0,低,167,0,-,3 246,0,27.8,1.7886,,,,,,0.2452,0.2071,0.0571,,,D,△,,0.2184,0.624,,0.4573,S,95,0,◎1着固定 2-3着流し（5〜8点）,0.5777,"{'is_target': True, 'verdict': '点数絞り', 'max_combo_prob': 0.1678, 'est_top_odds': 7.9, 'circle_concentration': 78.4, 'eligible_count': 6, 'bet_adj': 0, 'reason': 'rel_win1=66.7%（本命度） / 最有力組み合わせ確率: 0.168（推定実オッズ?8倍） / 2着集中度: 上位2艇 78.4%（補正+0.04） / 総合判定確率: 0.208 / → ヒモはやや固め。上位2艇以外を切ること', 'tenji_trigger': '展示確認: 1号艇伸び良→そのまま採用。悪→飛び組に差し替え。circle_pct上位2艇に絞り込むこと。'}",,,29.6,逃げ狙い,22.04,29.2,2,,,,,,,,,,,
2026-02-24,丸亀,8,6,宮内直哉,B1,37.86,6,▲,1.6685,3.3,41,20.4,0.2005,3.9773,,,0,低,170,0,-,5 565,0,33.6,0.9414,,,,,,0.148,0.212,0.132,,,B,△,,0.1989,0.6035,,0.4573,S,95,0,◎1着固定 2-3着流し（5〜8点）,0.5777,"{'is_target': True, 'verdict': '点数絞り', 'max_combo_prob': 0.1678, 'est_top_odds': 7.9, 'circle_concentration': 78.4, 'eligible_count': 6, 'bet_adj': 0, 'reason': 'rel_win1=66.7%（本命度） / 最有力組み合わせ確率: 0.168（推定実オッズ?8倍） / 2着集中度: 上位2艇 78.4%（補正+0.04） / 総合判定確率: 0.208 / → ヒモはやや固め。上位2艇以外を切ること', 'tenji_trigger': '展示確認: 1号艇伸び良→そのまま採用。悪→飛び組に差し替え。circle_pct上位2艇に絞り込むこと。'}",,,29.6,逃げ狙い,22.04,29.2,2,,,,,,,,,,,
2026-02-24,丸亀,9,1,大峯　豊,A1,25.47,1,◎,58.3549,,0,95.4,0.166,3.6308,,,0,低,88,0,逃1%,13222,0,90.2,1.2101,0.6154,,,,,0.1308,0.0308,0.0154,○,,D,△,,,0.627,,0.4133,S,100,0,◎1着固定 2-3着流し（5〜8点）,0.5777,"{'is_target': True, 'verdict': '点数絞り', 'max_combo_prob': 0.1124, 'est_top_odds': 11.9, 'circle_concentration': 84.3, 'eligible_count': 6, 'bet_adj': 0, 'reason': 'rel_win1=58.4%（本命度） / 最有力組み合わせ確率: 0.112（推定実オッズ?12倍） / 2着集中度: 上位2艇 84.3%（補正+0.04） / 総合判定確率: 0.152 / → ヒモはやや固め。上位2艇以外を切ること', 'tenji_trigger': '展示確認: 1号艇伸び良→そのまま採用。悪→飛び組に差し替え。circle_pct上位2艇に絞り込むこと。'}",,,28.4,逃げ狙い,20.16,27.5,2,,,,,0,0,0.6155,0,,主役軸流し,B
2026-02-24,丸亀,9,2,丸岡正典,A2,33.64,2,○,21.4227,48.7,89,84.2,0.1468,3.3289,,,0,低,100,0,差0%,211223,0,32.1,0.8362,0,0.2632,0,0,0,0.0118,0.3042,0.1681,,◎,C,◎,,0.5546,0.667,,0.4133,S,100,0,◎1着固定 2-3着流し（5〜8点）,0.5777,"{'is_target': True, 'verdict': '点数絞り', 'max_combo_prob': 0.1124, 'est_top_odds': 11.9, 'circle_concentration': 84.3, 'eligible_count': 6, 'bet_adj': 0, 'reason': 'rel_win1=58.4%（本命度） / 最有力組み合わせ確率: 0.112（推定実オッズ?12倍） / 2着集中度: 上位2艇 84.3%（補正+0.04） / 総合判定確率: 0.152 / → ヒモはやや固め。上位2艇以外を切ること', 'tenji_trigger': '展示確認: 1号艇伸び良→そのまま採用。悪→飛び組に差し替え。circle_pct上位2艇に絞り込むこと。'}",,,28.4,逃げ狙い,20.16,27.5,2,,,,,,,,,,,
2026-02-24,丸亀,9,3,山口裕二,A2,22.77,3,,11.6033,35.5,100,70.3,0.1533,3.4375,,,0,低,129,0,-,4 6144,0,31,0.9098,0,0,0,0.1034,0,0.0229,0.1171,0.1171,,○,E,,,0.3576,0.619,,0.4133,S,100,0,◎1着固定 2-3着流し（5〜8点）,0.5777,"{'is_target': True, 'verdict': '点数絞り', 'max_combo_prob': 0.1124, 'est_top_odds': 11.9, 'circle_concentration': 84.3, 'eligible_count': 6, 'bet_adj': 0, 'reason': 'rel_win1=58.4%（本命度） / 最有力組み合わせ確率: 0.112（推定実オッズ?12倍） / 2着集中度: 上位2艇 84.3%（補正+0.04） / 総合判定確率: 0.152 / → ヒモはやや固め。上位2艇以外を切ること', 'tenji_trigger': '展示確認: 1号艇伸び良→そのまま採用。悪→飛び組に差し替え。circle_pct上位2艇に絞り込むこと。'}",,,28.4,逃げ狙い,20.16,27.5,2,,,,,,,,,,,
2026-02-24,丸亀,9,4,東　潤樹,B1,38.89,4,,4.4733,12,62,33.7,0.1858,4.4699,,,0,低,191,0,-,3 134,0,41.2,1.0134,0,0,0,0.0625,0,0.1639,0.3139,0.0296,,,C,○,,0.2105,0.6475,,0.4133,S,100,0,◎1着固定 2-3着流し（5〜8点）,0.5777,"{'is_target': True, 'verdict': '点数絞り', 'max_combo_prob': 0.1124, 'est_top_odds': 11.9, 'circle_concentration': 84.3, 'eligible_count': 6, 'bet_adj': 0, 'reason': 'rel_win1=58.4%（本命度） / 最有力組み合わせ確率: 0.112（推定実オッズ?12倍） / 2着集中度: 上位2艇 84.3%（補正+0.04） / 総合判定確率: 0.152 / → ヒモはやや固め。上位2艇以外を切ること', 'tenji_trigger': '展示確認: 1号艇伸び良→そのまま採用。悪→飛び組に差し替え。circle_pct上位2艇に絞り込むこと。'}",,,28.4,逃げ狙い,20.16,27.5,2,,,,,,,,,,,
2026-02-24,丸亀,9,5,吉川勇作,B1,49.51,5,▲,3.0621,0.9,44,11.3,0.1621,3.1452,,,0,低,92,0,-,3 521,0,25.8,0.7114,,,,,,0.3162,0.0381,0.0571,,,A,△,,0.3254,0.6335,,0.4133,S,100,0,◎1着固定 2-3着流し（5〜8点）,0.5777,"{'is_target': True, 'verdict': '点数絞り', 'max_combo_prob': 0.1124, 'est_top_odds': 11.9, 'circle_concentration': 84.3, 'eligible_count': 6, 'bet_adj': 0, 'reason': 'rel_win1=58.4%（本命度） / 最有力組み合わせ確率: 0.112（推定実オッズ?12倍） / 2着集中度: 上位2艇 84.3%（補正+0.04） / 総合判定確率: 0.152 / → ヒモはやや固め。上位2艇以外を切ること', 'tenji_trigger': '展示確認: 1号艇伸び良→そのまま採用。悪→飛び組に差し替え。circle_pct上位2艇に絞り込むこと。'}",,,28.4,逃げ狙い,20.16,27.5,2,,,,,,,,,,,
2026-02-24,丸亀,9,6,伊藤雄二,B1,44.55,6,△,1.0838,2.8,47,11.5,0.1982,4.1721,,,0,低,128,0,-,4 556,0,30.2,0.8733,,,,,,0.2227,0.4636,0.0364,,,B,,,0.2076,0.574,,0.4133,S,100,0,◎1着固定 2-3着流し（5〜8点）,0.5777,"{'is_target': True, 'verdict': '点数絞り', 'max_combo_prob': 0.1124, 'est_top_odds': 11.9, 'circle_concentration': 84.3, 'eligible_count': 6, 'bet_adj': 0, 'reason': 'rel_win1=58.4%（本命度） / 最有力組み合わせ確率: 0.112（推定実オッズ?12倍） / 2着集中度: 上位2艇 84.3%（補正+0.04） / 総合判定確率: 0.152 / → ヒモはやや固め。上位2艇以外を切ること', 'tenji_trigger': '展示確認: 1号艇伸び良→そのまま採用。悪→飛び組に差し替え。circle_pct上位2艇に絞り込むこと。'}",,,28.4,逃げ狙い,20.16,27.5,2,,,,,,,,,,,
2026-02-24,丸亀,10,1,松村　敏,A1,26.80,1,◎,68.5909,,0,96.8,0.1143,2.3,,,0,低,28,0,逃1%,55153,0,87.6,1.2643,0.8298,,,,,0.0085,0.0837,0.017,◎,,D,◎,,,0.8115,,0.7566,S,100,0,◎1着固定 2-3着流し（5〜8点）,0.5777,"{'is_target': True, 'verdict': '参加推奨', 'max_combo_prob': 0.0948, 'est_top_odds': 14.1, 'circle_concentration': 69.0, 'eligible_count': 6, 'bet_adj': 2, 'reason': 'rel_win1=68.6%（本命度） / 最有力組み合わせ確率: 0.095（推定実オッズ?14倍） / 2着集中度: 上位2艇 69.0%（補正+0.00） / 総合判定確率: 0.095 / → ヒモ分散。1号艇1着固定で広めのヒモ流し推奨（買い目+2点）', 'tenji_trigger': '展示確認: ヒモ分散レース。1号艇伸び確認後、広めのヒモ流しを採用。穴ヒモ（5・6号艇）を積極的に含める。\n展示で1号艇スタート超安定(0.114秒)→ヒモ固まり方向に注意'}",,,20.7,逃げ狙い,17.69,21.9,2,,,,,0,0,0.7559,0,,逃げ軸流し,A
2026-02-24,丸亀,10,2,川上聡介,A2,42.45,2,△,7.7494,44.8,78,54.4,0.1586,3.3684,,,0,低,77,0,-,625 66,0,41.6,0.8914,,,,,,0.0593,0.1148,0.3037,,,B,,,0.0775,0.6225,,0.7566,S,100,0,◎1着固定 2-3着流し（5〜8点）,0.5777,"{'is_target': True, 'verdict': '参加推奨', 'max_combo_prob': 0.0948, 'est_top_odds': 14.1, 'circle_concentration': 69.0, 'eligible_count': 6, 'bet_adj': 2, 'reason': 'rel_win1=68.6%（本命度） / 最有力組み合わせ確率: 0.095（推定実オッズ?14倍） / 2着集中度: 上位2艇 69.0%（補正+0.00） / 総合判定確率: 0.095 / → ヒモ分散。1号艇1着固定で広めのヒモ流し推奨（買い目+2点）', 'tenji_trigger': '展示確認: ヒモ分散レース。1号艇伸び確認後、広めのヒモ流しを採用。穴ヒモ（5・6号艇）を積極的に含める。\n展示で1号艇スタート超安定(0.114秒)→ヒモ固まり方向に注意'}",,,20.7,逃げ狙い,17.69,21.9,2,,,,,,,,,,,
2026-02-24,丸亀,10,3,浦田晃嗣,B1,20.62,3,,5.8157,15.9,100,39,0.1576,3.339,,,0,低,95,0,-,1 3626,0,31.5,0.7444,,,,,,0.1486,0.2343,0.2057,,,E,△,,0.135,0.642,,0.7566,S,100,0,◎1着固定 2-3着流し（5〜8点）,0.5777,"{'is_target': True, 'verdict': '参加推奨', 'max_combo_prob': 0.0948, 'est_top_odds': 14.1, 'circle_concentration': 69.0, 'eligible_count': 6, 'bet_adj': 2, 'reason': 'rel_win1=68.6%（本命度） / 最有力組み合わせ確率: 0.095（推定実オッズ?14倍） / 2着集中度: 上位2艇 69.0%（補正+0.00） / 総合判定確率: 0.095 / → ヒモ分散。1号艇1着固定で広めのヒモ流し推奨（買い目+2点）', 'tenji_trigger': '展示確認: ヒモ分散レース。1号艇伸び確認後、広めのヒモ流しを採用。穴ヒモ（5・6号艇）を積極的に含める。\n展示で1号艇スタート超安定(0.114秒)→ヒモ固まり方向に注意'}",,,20.7,逃げ狙い,17.69,21.9,2,,,,,,,,,,,
2026-02-24,丸亀,10,4,松竹大輔,B1,42.73,4,▲,10.6519,14.8,99,46.5,0.1501,3.2606,,,0,低,112,0,-,1 1566,0,100,3.6415,0,0.0645,0.0968,0.0323,0,0.0444,0.0889,0.2093,,,B,△,◎,0.1607,0.6475,0.3765,0.7566,S,100,0,◎1着固定 2-3着流し（5〜8点）,0.5777,"{'is_target': True, 'verdict': '参加推奨', 'max_combo_prob': 0.0948, 'est_top_odds': 14.1, 'circle_concentration': 69.0, 'eligible_count': 6, 'bet_adj': 2, 'reason': 'rel_win1=68.6%（本命度） / 最有力組み合わせ確率: 0.095（推定実オッズ?14倍） / 2着集中度: 上位2艇 69.0%（補正+0.00） / 総合判定確率: 0.095 / → ヒモ分散。1号艇1着固定で広めのヒモ流し推奨（買い目+2点）', 'tenji_trigger': '展示確認: ヒモ分散レース。1号艇伸び確認後、広めのヒモ流しを採用。穴ヒモ（5・6号艇）を積極的に含める。\n展示で1号艇スタート超安定(0.114秒)→ヒモ固まり方向に注意'}",,,20.7,逃げ狙い,17.69,21.9,2,,,,,,,,,,,
2026-02-24,丸亀,10,5,中岡正彦,A1,45.79,5,○,6.2405,24.2,90,66.7,0.1304,2.9815,,,0,低,42,0,-,112311,0,50,0.9917,,,,,,0.1103,0,0.0588,,,A,○,,0.26,0.649,,0.7566,S,100,0,◎1着固定 2-3着流し（5〜8点）,0.5777,"{'is_target': True, 'verdict': '参加推奨', 'max_combo_prob': 0.0948, 'est_top_odds': 14.1, 'circle_concentration': 69.0, 'eligible_count': 6, 'bet_adj': 2, 'reason': 'rel_win1=68.6%（本命度） / 最有力組み合わせ確率: 0.095（推定実オッズ?14倍） / 2着集中度: 上位2艇 69.0%（補正+0.00） / 総合判定確率: 0.095 / → ヒモ分散。1号艇1着固定で広めのヒモ流し推奨（買い目+2点）', 'tenji_trigger': '展示確認: ヒモ分散レース。1号艇伸び確認後、広めのヒモ流しを採用。穴ヒモ（5・6号艇）を積極的に含める。\n展示で1号艇スタート超安定(0.114秒)→ヒモ固まり方向に注意'}",,,20.7,逃げ狙い,17.69,21.9,2,,,,,,,,,,,
2026-02-24,丸亀,10,6,内田　壮,B2,21.78,6,,0.9516,0.3,35,6.3,0.2209,4.8861,,,0,低,49,0,-,6 635,0,27.1,0.5044,,,,,,,,,,,E,,,0.135,0.468,,0.7566,S,100,0,◎1着固定 2-3着流し（5〜8点）,0.5777,"{'is_target': True, 'verdict': '参加推奨', 'max_combo_prob': 0.0948, 'est_top_odds': 14.1, 'circle_concentration': 69.0, 'eligible_count': 6, 'bet_adj': 2, 'reason': 'rel_win1=68.6%（本命度） / 最有力組み合わせ確率: 0.095（推定実オッズ?14倍） / 2着集中度: 上位2艇 69.0%（補正+0.00） / 総合判定確率: 0.095 / → ヒモ分散。1号艇1着固定で広めのヒモ流し推奨（買い目+2点）', 'tenji_trigger': '展示確認: ヒモ分散レース。1号艇伸び確認後、広めのヒモ流しを採用。穴ヒモ（5・6号艇）を積極的に含める。\n展示で1号艇スタート超安定(0.114秒)→ヒモ固まり方向に注意'}",,,20.7,逃げ狙い,17.69,21.9,2,,,,,,,,,,,
2026-02-24,丸亀,11,1,江本真治,A2,40.91,1,◎,59.2577,,0,89.2,0.1434,2.9036,,,0,低,105,0,逃1%,1 3444,0,62.5,0.9738,0.5556,,,,,0.1156,0.1156,0.1644,◎,,A,◎,,,0.6785,,0.4866,S,84,0,◎1着固定 2-3着流し（5〜8点）,0.5777,"{'is_target': True, 'verdict': '参加推奨', 'max_combo_prob': 0.0777, 'est_top_odds': 17.2, 'circle_concentration': 68.6, 'eligible_count': 6, 'bet_adj': 2, 'reason': 'rel_win1=59.3%（本命度） / 最有力組み合わせ確率: 0.078（推定実オッズ?17倍） / 2着集中度: 上位2艇 68.6%（補正+0.00） / 総合判定確率: 0.078 / → ヒモ分散。1号艇1着固定で広めのヒモ流し推奨（買い目+2点）', 'tenji_trigger': '展示確認: ヒモ分散レース。1号艇伸び確認後、広めのヒモ流しを採用。穴ヒモ（5・6号艇）を積極的に含める。'}",,,29.8,逃げ狙い,22.42,29.5,5,,,,,0,0,0.7559,0,,逃げ軸流し,A
2026-02-24,丸亀,11,2,高橋英之,A2,25.49,2,○,11.9633,43.3,85,68.6,0.1382,3.0686,,,0,低,59,0,ま0%,44562,0,64.6,1.0931,0,0,0.0909,0,0,0.064,0.164,0.132,,○,C,○,,0.3818,0.6665,,0.4866,S,84,0,◎1着固定 2-3着流し（5〜8点）,0.5777,"{'is_target': True, 'verdict': '参加推奨', 'max_combo_prob': 0.0777, 'est_top_odds': 17.2, 'circle_concentration': 68.6, 'eligible_count': 6, 'bet_adj': 2, 'reason': 'rel_win1=59.3%（本命度） / 最有力組み合わせ確率: 0.078（推定実オッズ?17倍） / 2着集中度: 上位2艇 68.6%（補正+0.00） / 総合判定確率: 0.078 / → ヒモ分散。1号艇1着固定で広めのヒモ流し推奨（買い目+2点）', 'tenji_trigger': '展示確認: ヒモ分散レース。1号艇伸び確認後、広めのヒモ流しを採用。穴ヒモ（5・6号艇）を積極的に含める。'}",,,29.8,逃げ狙い,22.42,29.5,5,,,,,,,,,,,
2026-02-24,丸亀,11,3,片橋幸貴,B2,25.00,3,,9.5892,25.4,95,72.3,0.1634,3.3936,,,0,低,80,0,-,3 2314,0,21.3,0.6592,0,0,0,0.0769,0.0769,0.0308,0.0462,0.2615,,,D,△,,0.2121,0.629,,0.4866,S,84,0,◎1着固定 2-3着流し（5〜8点）,0.5777,"{'is_target': True, 'verdict': '参加推奨', 'max_combo_prob': 0.0777, 'est_top_odds': 17.2, 'circle_concentration': 68.6, 'eligible_count': 6, 'bet_adj': 2, 'reason': 'rel_win1=59.3%（本命度） / 最有力組み合わせ確率: 0.078（推定実オッズ?17倍） / 2着集中度: 上位2艇 68.6%（補正+0.00） / 総合判定確率: 0.078 / → ヒモ分散。1号艇1着固定で広めのヒモ流し推奨（買い目+2点）', 'tenji_trigger': '展示確認: ヒモ分散レース。1号艇伸び確認後、広めのヒモ流しを採用。穴ヒモ（5・6号艇）を積極的に含める。'}",,,29.8,逃げ狙い,22.42,29.5,5,,,,,,,,,,,
2026-02-24,丸亀,11,4,関根彰人,B1,39.45,4,△,5.5643,10.9,100,52.3,0.1778,3.9385,,,0,低,170,0,-,153 52,0,100,2.7419,0,0.0345,0.0345,0.0345,0,0,0.2042,0.1153,,,B,,,0.1696,0.62,,0.4866,S,84,0,◎1着固定 2-3着流し（5〜8点）,0.5777,"{'is_target': True, 'verdict': '参加推奨', 'max_combo_prob': 0.0777, 'est_top_odds': 17.2, 'circle_concentration': 68.6, 'eligible_count': 6, 'bet_adj': 2, 'reason': 'rel_win1=59.3%（本命度） / 最有力組み合わせ確率: 0.078（推定実オッズ?17倍） / 2着集中度: 上位2艇 68.6%（補正+0.00） / 総合判定確率: 0.078 / → ヒモ分散。1号艇1着固定で広めのヒモ流し推奨（買い目+2点）', 'tenji_trigger': '展示確認: ヒモ分散レース。1号艇伸び確認後、広めのヒモ流しを採用。穴ヒモ（5・6号艇）を積極的に含める。'}",,,29.8,逃げ狙い,22.42,29.5,5,,,,,,,,,,,
2026-02-24,丸亀,11,5,久田敏之,A1,21.21,5,▲,11.6178,18,84,82,0.1315,2.141,,,0,低,53,0,差ま0%,124 32,0,49.1,1.3343,0,0,0,0.3529,0.0588,0,0.0455,0.0909,,◎,D,,◎,0.4167,0.559,0.6389,0.4866,S,84,0,◎1着固定 2-3着流し（5〜8点）,0.5777,"{'is_target': True, 'verdict': '参加推奨', 'max_combo_prob': 0.0777, 'est_top_odds': 17.2, 'circle_concentration': 68.6, 'eligible_count': 6, 'bet_adj': 2, 'reason': 'rel_win1=59.3%（本命度） / 最有力組み合わせ確率: 0.078（推定実オッズ?17倍） / 2着集中度: 上位2艇 68.6%（補正+0.00） / 総合判定確率: 0.078 / → ヒモ分散。1号艇1着固定で広めのヒモ流し推奨（買い目+2点）', 'tenji_trigger': '展示確認: ヒモ分散レース。1号艇伸び確認後、広めのヒモ流しを採用。穴ヒモ（5・6号艇）を積極的に含める。'}",,,29.8,逃げ狙い,22.42,29.5,5,,,,,,,,,,,
2026-02-24,丸亀,11,6,古田祐貴,A2,20.21,6,,2.0078,2.5,51,24.2,0.1742,4.0379,,,0,低,105,0,-,3 S451,0,96.4,2.0714,,,,,,0.2088,0.1971,0.1338,,,E,△,,0.2233,0.6265,,0.4866,S,84,0,◎1着固定 2-3着流し（5〜8点）,0.5777,"{'is_target': True, 'verdict': '参加推奨', 'max_combo_prob': 0.0777, 'est_top_odds': 17.2, 'circle_concentration': 68.6, 'eligible_count': 6, 'bet_adj': 2, 'reason': 'rel_win1=59.3%（本命度） / 最有力組み合わせ確率: 0.078（推定実オッズ?17倍） / 2着集中度: 上位2艇 68.6%（補正+0.00） / 総合判定確率: 0.078 / → ヒモ分散。1号艇1着固定で広めのヒモ流し推奨（買い目+2点）', 'tenji_trigger': '展示確認: ヒモ分散レース。1号艇伸び確認後、広めのヒモ流しを採用。穴ヒモ（5・6号艇）を積極的に含める。'}",,,29.8,逃げ狙い,22.42,29.5,5,,,,,,,,,,,
2026-02-24,丸亀,12,1,金子賢志,A1,38.68,1,◎,63.0213,,0,95,0.136,2.3438,,,0,低,74,0,逃1%,365 12,0,80,1.0369,0.6765,,,,,0.1338,0.0235,0.0235,◎,,C,◎,,,0.6825,,0.6106,S,100,0,◎1着固定 2-3着流し（5〜8点）,0.5777,"{'is_target': True, 'verdict': '参加推奨', 'max_combo_prob': 0.0702, 'est_top_odds': 19.0, 'circle_concentration': 64.4, 'eligible_count': 6, 'bet_adj': 2, 'reason': 'rel_win1=63.0%（本命度） / 最有力組み合わせ確率: 0.070（推定実オッズ?19倍） / 2着集中度: 上位2艇 64.4%（補正+0.00） / 総合判定確率: 0.070 / → ヒモ分散。1号艇1着固定で広めのヒモ流し推奨（買い目+2点）', 'tenji_trigger': '展示確認: ヒモ分散レース。1号艇伸び確認後、広めのヒモ流しを採用。穴ヒモ（5・6号艇）を積極的に含める。\n展示で1号艇スタート超安定(0.136秒)→ヒモ固まり方向に注意'}",,,27.5,逃げ狙い,18.42,26.3,4,,,,,0,0,0.7559,0,,逃げ軸流し,A
2026-02-24,丸亀,12,2,大神康司,A2,44.23,2,○,11.1857,36.3,79,60.7,0.1769,3.6885,,,0,低,61,0,-,2 4153,0,66.4,0.9226,0,0.1923,0,0,0,0.2807,0,0.067,,,B,,,0.1152,0.6115,,0.6106,S,100,0,◎1着固定 2-3着流し（5〜8点）,0.5777,"{'is_target': True, 'verdict': '参加推奨', 'max_combo_prob': 0.0702, 'est_top_odds': 19.0, 'circle_concentration': 64.4, 'eligible_count': 6, 'bet_adj': 2, 'reason': 'rel_win1=63.0%（本命度） / 最有力組み合わせ確率: 0.070（推定実オッズ?19倍） / 2着集中度: 上位2艇 64.4%（補正+0.00） / 総合判定確率: 0.070 / → ヒモ分散。1号艇1着固定で広めのヒモ流し推奨（買い目+2点）', 'tenji_trigger': '展示確認: ヒモ分散レース。1号艇伸び確認後、広めのヒモ流しを採用。穴ヒモ（5・6号艇）を積極的に含める。\n展示で1号艇スタート超安定(0.136秒)→ヒモ固まり方向に注意'}",,,27.5,逃げ狙い,18.42,26.3,4,,,,,,,,,,,
2026-02-24,丸亀,12,3,岡本翔太,B1,35.00,3,△,6.4771,17.5,93,42.6,0.1278,2.5294,,,0,低,61,0,-,451 55,0,53.3,1.2171,0,0.0357,0.0357,0.0357,0,0.19,0.08,0.19,,,D,,,0.3325,0.6355,,0.6106,S,100,0,◎1着固定 2-3着流し（5〜8点）,0.5777,"{'is_target': True, 'verdict': '参加推奨', 'max_combo_prob': 0.0702, 'est_top_odds': 19.0, 'circle_concentration': 64.4, 'eligible_count': 6, 'bet_adj': 2, 'reason': 'rel_win1=63.0%（本命度） / 最有力組み合わせ確率: 0.070（推定実オッズ?19倍） / 2着集中度: 上位2艇 64.4%（補正+0.00） / 総合判定確率: 0.070 / → ヒモ分散。1号艇1着固定で広めのヒモ流し推奨（買い目+2点）', 'tenji_trigger': '展示確認: ヒモ分散レース。1号艇伸び確認後、広めのヒモ流しを採用。穴ヒモ（5・6号艇）を積極的に含める。\n展示で1号艇スタート超安定(0.136秒)→ヒモ固まり方向に注意'}",,,27.5,逃げ狙い,18.42,26.3,4,,,,,,,,,,,
2026-02-24,丸亀,12,4,中村晃朋,A1,35.85,4,,10.9353,28,85,63.9,0.1389,3.2917,,,0,低,56,0,差0%,34213,0,86,1.4689,0,0.1429,0,0,0,0.1745,0,0.1564,,,C,○,◎,0.2969,0.678,0.4122,0.6106,S,100,0,◎1着固定 2-3着流し（5〜8点）,0.5777,"{'is_target': True, 'verdict': '参加推奨', 'max_combo_prob': 0.0702, 'est_top_odds': 19.0, 'circle_concentration': 64.4, 'eligible_count': 6, 'bet_adj': 2, 'reason': 'rel_win1=63.0%（本命度） / 最有力組み合わせ確率: 0.070（推定実オッズ?19倍） / 2着集中度: 上位2艇 64.4%（補正+0.00） / 総合判定確率: 0.070 / → ヒモ分散。1号艇1着固定で広めのヒモ流し推奨（買い目+2点）', 'tenji_trigger': '展示確認: ヒモ分散レース。1号艇伸び確認後、広めのヒモ流しを採用。穴ヒモ（5・6号艇）を積極的に含める。\n展示で1号艇スタート超安定(0.136秒)→ヒモ固まり方向に注意'}",,,27.5,逃げ狙い,18.42,26.3,4,,,,,,,,,,,
2026-02-24,丸亀,12,5,岡瀬正人,A2,46.15,5,▲,3.5508,9.6,100,44.7,0.1809,4.4737,,,0,低,176,0,-,2 6313,0,29.3,1.2329,,,,,,0.0955,0.1727,0.0545,,,A,△,,0.1717,0.6505,,0.6106,S,100,0,◎1着固定 2-3着流し（5〜8点）,0.5777,"{'is_target': True, 'verdict': '参加推奨', 'max_combo_prob': 0.0702, 'est_top_odds': 19.0, 'circle_concentration': 64.4, 'eligible_count': 6, 'bet_adj': 2, 'reason': 'rel_win1=63.0%（本命度） / 最有力組み合わせ確率: 0.070（推定実オッズ?19倍） / 2着集中度: 上位2艇 64.4%（補正+0.00） / 総合判定確率: 0.070 / → ヒモ分散。1号艇1着固定で広めのヒモ流し推奨（買い目+2点）', 'tenji_trigger': '展示確認: ヒモ分散レース。1号艇伸び確認後、広めのヒモ流しを採用。穴ヒモ（5・6号艇）を積極的に含める。\n展示で1号艇スタート超安定(0.136秒)→ヒモ固まり方向に注意'}",,,27.5,逃げ狙い,18.42,26.3,4,,,,,,,,,,,
2026-02-24,丸亀,12,6,四宮与寛,A2,27.37,6,,4.8297,8.5,48,33.3,0.1347,3.3583,,,0,低,60,0,差ま0%,232 33,0,28.6,0.8294,0,0,0,0.08,0,0.1116,0.1374,0.0258,,,E,△,,0.2985,0.6545,,0.6106,S,100,0,◎1着固定 2-3着流し（5〜8点）,0.5777,"{'is_target': True, 'verdict': '参加推奨', 'max_combo_prob': 0.0702, 'est_top_odds': 19.0, 'circle_concentration': 64.4, 'eligible_count': 6, 'bet_adj': 2, 'reason': 'rel_win1=63.0%（本命度） / 最有力組み合わせ確率: 0.070（推定実オッズ?19倍） / 2着集中度: 上位2艇 64.4%（補正+0.00） / 総合判定確率: 0.070 / → ヒモ分散。1号艇1着固定で広めのヒモ流し推奨（買い目+2点）', 'tenji_trigger': '展示確認: ヒモ分散レース。1号艇伸び確認後、広めのヒモ流しを採用。穴ヒモ（5・6号艇）を積極的に含める。\n展示で1号艇スタート超安定(0.136秒)→ヒモ固まり方向に注意'}",,,27.5,逃げ狙い,18.42,26.3,4,,,,,,,,,,,
2026-02-25,丸亀,1,1,東　潤樹,B1,38.89,1,◎,62.8033,,0,78,0.1793,3.7034,,,0,低,191,0,逃1%,3 134,0,69.4,0.8875,0.4815,,,,,0.1639,0.3139,0.0296,○,,B,○,,,0.6475,,0.3414,A,73,0,◎-○軸 3着3〜4艇流し（10〜15点）,0.5777,"{'is_target': True, 'verdict': '点数絞り', 'max_combo_prob': 0.1788, 'est_top_odds': 7.5, 'circle_concentration': 82.9, 'eligible_count': 8, 'bet_adj': 0, 'reason': 'rel_win1=62.8%（本命度） / 最有力組み合わせ確率: 0.179（推定実オッズ?8倍） / 2着集中度: 上位2艇 82.9%（補正+0.04） / 総合判定確率: 0.219 / → ヒモはやや固め。上位2艇以外を切ること', 'tenji_trigger': '展示確認: 1号艇伸び良→そのまま採用。悪→飛び組に差し替え。circle_pct上位2艇に絞り込むこと。'}",,,31.3,逃げ狙い,21.08,34.9,2,,,,,0,0,0.6155,0,,逃げ軸流し,A
2026-02-25,丸亀,1,2,町田洸希,B1,37.04,2,▲,12.2155,61.2,95,58.7,0.1692,3.5556,,,0,低,130,0,-,513 45,0,65.6,1.1288,0,0,0.0435,0,0,0.1875,0.125,0.125,,○,C,△,,0.4303,0.6035,,0.3414,A,73,0,◎-○軸 3着3〜4艇流し（10〜15点）,0.5777,"{'is_target': True, 'verdict': '点数絞り', 'max_combo_prob': 0.1788, 'est_top_odds': 7.5, 'circle_concentration': 82.9, 'eligible_count': 8, 'bet_adj': 0, 'reason': 'rel_win1=62.8%（本命度） / 最有力組み合わせ確率: 0.179（推定実オッズ?8倍） / 2着集中度: 上位2艇 82.9%（補正+0.04） / 総合判定確率: 0.219 / → ヒモはやや固め。上位2艇以外を切ること', 'tenji_trigger': '展示確認: 1号艇伸び良→そのまま採用。悪→飛び組に差し替え。circle_pct上位2艇に絞り込むこと。'}",,,31.3,逃げ狙い,21.08,34.9,2,,,,,,,,,,,
2026-02-25,丸亀,1,3,吉永泰弘,B1,26.85,3,△,8.6198,21.7,43,33.9,0.1642,3.6129,,,0,低,137,0,-,56442,0,80.1,1.3877,,,,,,0.2376,0.4541,0.0235,,△,D,◎,,0.4274,0.6525,,0.3414,A,73,0,◎-○軸 3着3〜4艇流し（10〜15点）,0.5777,"{'is_target': True, 'verdict': '点数絞り', 'max_combo_prob': 0.1788, 'est_top_odds': 7.5, 'circle_concentration': 82.9, 'eligible_count': 8, 'bet_adj': 0, 'reason': 'rel_win1=62.8%（本命度） / 最有力組み合わせ確率: 0.179（推定実オッズ?8倍） / 2着集中度: 上位2艇 82.9%（補正+0.04） / 総合判定確率: 0.219 / → ヒモはやや固め。上位2艇以外を切ること', 'tenji_trigger': '展示確認: 1号艇伸び良→そのまま採用。悪→飛び組に差し替え。circle_pct上位2艇に絞り込むこと。'}",,,31.3,逃げ狙い,21.08,34.9,2,,,,,,,,,,,
2026-02-25,丸亀,1,4,伊藤雄二,B1,44.55,4,○,8.3228,4.7,100,31.6,0.1468,3.1053,,,0,低,128,0,差0% 抜0%,4 556,0,44.2,0.7872,0,0.0333,0,0,0.0333,0.2227,0.4636,0.0364,,◎,A,,,0.4508,0.574,,0.3414,A,73,0,◎-○軸 3着3〜4艇流し（10〜15点）,0.5777,"{'is_target': True, 'verdict': '点数絞り', 'max_combo_prob': 0.1788, 'est_top_odds': 7.5, 'circle_concentration': 82.9, 'eligible_count': 8, 'bet_adj': 0, 'reason': 'rel_win1=62.8%（本命度） / 最有力組み合わせ確率: 0.179（推定実オッズ?8倍） / 2着集中度: 上位2艇 82.9%（補正+0.04） / 総合判定確率: 0.219 / → ヒモはやや固め。上位2艇以外を切ること', 'tenji_trigger': '展示確認: 1号艇伸び良→そのまま採用。悪→飛び組に差し替え。circle_pct上位2艇に絞り込むこと。'}",,,31.3,逃げ狙い,21.08,34.9,2,,,,,,,,,,,
2026-02-25,丸亀,1,5,丹下　健,B1,23.60,5,,6.7488,12.1,57,30.2,0.1797,3.4444,,,0,低,133,0,-,26662,0,52.6,0.8743,,,,,,0.1962,0.2343,0.1771,,,E,△,,0.3599,0.5945,,0.3414,A,73,0,◎-○軸 3着3〜4艇流し（10〜15点）,0.5777,"{'is_target': True, 'verdict': '点数絞り', 'max_combo_prob': 0.1788, 'est_top_odds': 7.5, 'circle_concentration': 82.9, 'eligible_count': 8, 'bet_adj': 0, 'reason': 'rel_win1=62.8%（本命度） / 最有力組み合わせ確率: 0.179（推定実オッズ?8倍） / 2着集中度: 上位2艇 82.9%（補正+0.04） / 総合判定確率: 0.219 / → ヒモはやや固め。上位2艇以外を切ること', 'tenji_trigger': '展示確認: 1号艇伸び良→そのまま採用。悪→飛び組に差し替え。circle_pct上位2艇に絞り込むこと。'}",,,31.3,逃げ狙い,21.08,34.9,2,,,,,,,,,,,
2026-02-25,丸亀,1,6,廣部大明,B2,36.27,6,,1.2899,0.3,15,1.1,0.2219,4.4722,,,0,低,61,0,-,554 3F,0,27.4,0.6411,,,,,,0,0.5,0.5,,,C,,,0.2215,0.424,,0.3414,A,73,0,◎-○軸 3着3〜4艇流し（10〜15点）,0.5777,"{'is_target': True, 'verdict': '点数絞り', 'max_combo_prob': 0.1788, 'est_top_odds': 7.5, 'circle_concentration': 82.9, 'eligible_count': 8, 'bet_adj': 0, 'reason': 'rel_win1=62.8%（本命度） / 最有力組み合わせ確率: 0.179（推定実オッズ?8倍） / 2着集中度: 上位2艇 82.9%（補正+0.04） / 総合判定確率: 0.219 / → ヒモはやや固め。上位2艇以外を切ること', 'tenji_trigger': '展示確認: 1号艇伸び良→そのまま採用。悪→飛び組に差し替え。circle_pct上位2艇に絞り込むこと。'}",,,31.3,逃げ狙い,21.08,34.9,2,,,,,,,,,,,
2026-02-25,丸亀,2,1,吉川勇作,B1,49.51,1,◎,56.2314,,0,83.9,0.1195,2.4911,,,0,低,92,0,-,3 521,0,73.6,0.9176,0.5714,,,,,0.3162,0.0381,0.0571,◎,,A,△,,,0.6335,,0.6226,A,76,0,◎-○軸 3着3〜4艇流し（10〜15点）,0.5777,"{'is_target': True, 'verdict': '参加推奨', 'max_combo_prob': 0.0591, 'est_top_odds': 22.6, 'circle_concentration': 69.5, 'eligible_count': 8, 'bet_adj': 2, 'reason': 'rel_win1=56.2%（本命度） / 最有力組み合わせ確率: 0.059（推定実オッズ?23倍） / 2着集中度: 上位2艇 69.5%（補正+0.00） / 総合判定確率: 0.059 / → ヒモ分散。1号艇1着固定で広めのヒモ流し推奨（買い目+2点）', 'tenji_trigger': '展示確認: ヒモ分散レース。1号艇伸び確認後、広めのヒモ流しを採用。穴ヒモ（5・6号艇）を積極的に含める。\n展示で1号艇スタート超安定(0.119秒)→ヒモ固まり方向に注意'}",,,28.2,逃げ狙い,14.07,31.9,2,,,,,0,0,0.7559,0,,逃げ軸流し,A
2026-02-25,丸亀,2,2,宮内直哉,B1,37.86,2,△,9.3076,32.7,100,38.4,0.1885,4.0616,,,0,低,170,0,-,5 565,0,63.1,1.1817,0,0,0,0,0,0.148,0.212,0.132,,,C,,,0.0775,0.6035,,0.6226,A,76,0,◎-○軸 3着3〜4艇流し（10〜15点）,0.5777,"{'is_target': True, 'verdict': '参加推奨', 'max_combo_prob': 0.0591, 'est_top_odds': 22.6, 'circle_concentration': 69.5, 'eligible_count': 8, 'bet_adj': 2, 'reason': 'rel_win1=56.2%（本命度） / 最有力組み合わせ確率: 0.059（推定実オッズ?23倍） / 2着集中度: 上位2艇 69.5%（補正+0.00） / 総合判定確率: 0.059 / → ヒモ分散。1号艇1着固定で広めのヒモ流し推奨（買い目+2点）', 'tenji_trigger': '展示確認: ヒモ分散レース。1号艇伸び確認後、広めのヒモ流しを採用。穴ヒモ（5・6号艇）を積極的に含める。\n展示で1号艇スタート超安定(0.119秒)→ヒモ固まり方向に注意'}",,,28.2,逃げ狙い,14.07,31.9,2,,,,,,,,,,,
2026-02-25,丸亀,2,3,関根彰人,B1,39.45,3,▲,13.1027,36.8,74,57.9,0.172,3.4013,,,0,低,170,0,-,153 52,0,63.2,1.2142,0,0.0323,0,0.0323,0.0323,0,0.2042,0.1153,,,C,△,,0.1057,0.62,,0.6226,A,76,0,◎-○軸 3着3〜4艇流し（10〜15点）,0.5777,"{'is_target': True, 'verdict': '参加推奨', 'max_combo_prob': 0.0591, 'est_top_odds': 22.6, 'circle_concentration': 69.5, 'eligible_count': 8, 'bet_adj': 2, 'reason': 'rel_win1=56.2%（本命度） / 最有力組み合わせ確率: 0.059（推定実オッズ?23倍） / 2着集中度: 上位2艇 69.5%（補正+0.00） / 総合判定確率: 0.059 / → ヒモ分散。1号艇1着固定で広めのヒモ流し推奨（買い目+2点）', 'tenji_trigger': '展示確認: ヒモ分散レース。1号艇伸び確認後、広めのヒモ流しを採用。穴ヒモ（5・6号艇）を積極的に含める。\n展示で1号艇スタート超安定(0.119秒)→ヒモ固まり方向に注意'}",,,28.2,逃げ狙い,14.07,31.9,2,,,,,,,,,,,
2026-02-25,丸亀,2,4,後藤正宗,B1,43.27,4,○,14.1659,18.4,95,57.1,0.1355,2.9592,,,0,低,94,0,ま0% 差ま0%,3 3512,0,83.4,1.3738,0,0,0.0667,0.0667,0,0.1769,0.0615,0.1154,,,B,○,◎,0.2368,0.6345,0.4476,0.6226,A,76,0,◎-○軸 3着3〜4艇流し（10〜15点）,0.5777,"{'is_target': True, 'verdict': '参加推奨', 'max_combo_prob': 0.0591, 'est_top_odds': 22.6, 'circle_concentration': 69.5, 'eligible_count': 8, 'bet_adj': 2, 'reason': 'rel_win1=56.2%（本命度） / 最有力組み合わせ確率: 0.059（推定実オッズ?23倍） / 2着集中度: 上位2艇 69.5%（補正+0.00） / 総合判定確率: 0.059 / → ヒモ分散。1号艇1着固定で広めのヒモ流し推奨（買い目+2点）', 'tenji_trigger': '展示確認: ヒモ分散レース。1号艇伸び確認後、広めのヒモ流しを採用。穴ヒモ（5・6号艇）を積極的に含める。\n展示で1号艇スタート超安定(0.119秒)→ヒモ固まり方向に注意'}",,,28.2,逃げ狙い,14.07,31.9,2,,,,,,,,,,,
2026-02-25,丸亀,2,5,吉川颯汰,B2,30.77,5,,6.1824,8.3,91,0,0.29,6,,,0,低,18,1,-,6S6 66,0,30,0.761,,,,,,,,,,,D,,,0.1368,0.3465,,0.6226,A,76,0,◎-○軸 3着3〜4艇流し（10〜15点）,0.5777,"{'is_target': True, 'verdict': '参加推奨', 'max_combo_prob': 0.0591, 'est_top_odds': 22.6, 'circle_concentration': 69.5, 'eligible_count': 8, 'bet_adj': 2, 'reason': 'rel_win1=56.2%（本命度） / 最有力組み合わせ確率: 0.059（推定実オッズ?23倍） / 2着集中度: 上位2艇 69.5%（補正+0.00） / 総合判定確率: 0.059 / → ヒモ分散。1号艇1着固定で広めのヒモ流し推奨（買い目+2点）', 'tenji_trigger': '展示確認: ヒモ分散レース。1号艇伸び確認後、広めのヒモ流しを採用。穴ヒモ（5・6号艇）を積極的に含める。\n展示で1号艇スタート超安定(0.119秒)→ヒモ固まり方向に注意'}",,,28.2,逃げ狙い,14.07,31.9,2,,,,,,,,,,,
2026-02-25,丸亀,2,6,高橋英之,A2,25.49,6,,1.0101,3.8,64,27.1,0.135,2.9375,,,0,低,59,0,-,44562,0,62.9,1.1206,,,,,,0.064,0.164,0.132,,,E,◎,,0.2607,0.6665,,0.6226,A,76,0,◎-○軸 3着3〜4艇流し（10〜15点）,0.5777,"{'is_target': True, 'verdict': '参加推奨', 'max_combo_prob': 0.0591, 'est_top_odds': 22.6, 'circle_concentration': 69.5, 'eligible_count': 8, 'bet_adj': 2, 'reason': 'rel_win1=56.2%（本命度） / 最有力組み合わせ確率: 0.059（推定実オッズ?23倍） / 2着集中度: 上位2艇 69.5%（補正+0.00） / 総合判定確率: 0.059 / → ヒモ分散。1号艇1着固定で広めのヒモ流し推奨（買い目+2点）', 'tenji_trigger': '展示確認: ヒモ分散レース。1号艇伸び確認後、広めのヒモ流しを採用。穴ヒモ（5・6号艇）を積極的に含める。\n展示で1号艇スタート超安定(0.119秒)→ヒモ固まり方向に注意'}",,,28.2,逃げ狙い,14.07,31.9,2,,,,,,,,,,,
2026-02-25,丸亀,3,1,三宅健太,B1,25.00,1,△,35.8778,,0,70.2,0.1732,3.5532,,,0,低,124,0,逃0%,341 46,0,41,0.7312,0.1364,,,,,0.2109,0.0909,0.4691,△,,E,,,,0.621,,0.2083,D,29,1,大荒れ。見送り推奨,0.5777,"{'is_target': False, 'verdict': '対象外', 'max_combo_prob': None, 'est_top_odds': None, 'circle_concentration': None, 'eligible_count': 0, 'bet_adj': 0, 'reason': '1号艇rel_win1 < 45%: 通常判定に委ねる', 'tenji_trigger': ''}",,,33.6,両建て推奨,26.32,36.9,2,2-1-4|2-1-3|1-2-4|1-2-3|1-3-4|1-3-2|1-4-2,6-1-4|2-1-4|6-4-1|2-1-3|5-1-6|5-6-1|6-1-3|1-2-4|1-2-3|1-3-4|1-3-2|1-4-2,2-1-4:2.86%|2-1-3:2.54%|1-2-4:10.59%|1-2-3:7.92%|1-3-4:5.56%|1-3-2:5.55%|1-4-2:5.23%,2-1-4:B_main|2-1-3:B_main|1-2-4:A|1-2-3:A|1-3-4:A|1-3-2:A|1-4-2:A,7,12,0.4535,1,[!]見送り推奨（主役決まり手「差し」― 逃げ劣勢レースで的中実績なし）,荒れ広め,D
2026-02-25,丸亀,3,2,松村　敏,A1,26.80,2,◎,32.0488,47,59,81,0.1209,2.5431,,,0,低,28,0,差0% ま0%,55153,0,86.8,1.4986,0,0.2759,0.1379,0,0,0.0085,0.0837,0.017,,◎,D,◎,,0.6426,0.8115,,0.2083,D,29,1,大荒れ。見送り推奨,0.5777,"{'is_target': False, 'verdict': '対象外', 'max_combo_prob': None, 'est_top_odds': None, 'circle_concentration': None, 'eligible_count': 0, 'bet_adj': 0, 'reason': '1号艇rel_win1 < 45%: 通常判定に委ねる', 'tenji_trigger': ''}",,,33.6,両建て推奨,26.32,36.9,2,,,,,,,,,,,
2026-02-25,丸亀,3,3,梶山涼斗,B1,50.00,3,○,10.0255,13,77,46.3,0.1411,2.6481,,,0,低,51,0,-,655 54,0,33.3,0.8987,,,,,,0,0.0941,0.1671,,○,A,△,,0.4858,0.624,,0.2083,D,29,1,大荒れ。見送り推奨,0.5777,"{'is_target': False, 'verdict': '対象外', 'max_combo_prob': None, 'est_top_odds': None, 'circle_concentration': None, 'eligible_count': 0, 'bet_adj': 0, 'reason': '1号艇rel_win1 < 45%: 通常判定に委ねる', 'tenji_trigger': ''}",,,33.6,両建て推奨,26.32,36.9,2,,,,,,,,,,,
2026-02-25,丸亀,3,4,丸岡正典,A2,33.64,4,▲,15.8744,20.3,100,74.4,0.1669,3.6026,,,0,低,100,0,-,211223,0,64,1.1998,0,0,0.0952,0.0952,0,0.0118,0.3042,0.1681,,,C,○,◎,0.3443,0.667,0.4283,0.2083,D,29,1,大荒れ。見送り推奨,0.5777,"{'is_target': False, 'verdict': '対象外', 'max_combo_prob': None, 'est_top_odds': None, 'circle_concentration': None, 'eligible_count': 0, 'bet_adj': 0, 'reason': '1号艇rel_win1 < 45%: 通常判定に委ねる', 'tenji_trigger': ''}",,,33.6,両建て推奨,26.32,36.9,2,,,,,,,,,,,
2026-02-25,丸亀,3,5,川添英正,B1,35.85,5,,5.0474,17.6,37,27.3,0.1942,4.4,,,0,低,169,0,ま0%,643 24,0,30.2,0.8043,0,0,0.0385,0,0,0.19,0.1,0.04,,,B,△,,0.23,0.657,,0.2083,D,29,1,大荒れ。見送り推奨,0.5777,"{'is_target': False, 'verdict': '対象外', 'max_combo_prob': None, 'est_top_odds': None, 'circle_concentration': None, 'eligible_count': 0, 'bet_adj': 0, 'reason': '1号艇rel_win1 < 45%: 通常判定に委ねる', 'tenji_trigger': ''}",,,33.6,両建て推奨,26.32,36.9,2,,,,,,,,,,,
2026-02-25,丸亀,3,6,米田隆弘,B1,30.56,6,,1.126,2.1,31,17.2,0.1888,3.9297,,,0,低,143,0,-,252 34,0,24.1,0.6883,,,,,,0.0625,0.1607,0.025,,,D,△,,0.2774,0.624,,0.2083,D,29,1,大荒れ。見送り推奨,0.5777,"{'is_target': False, 'verdict': '対象外', 'max_combo_prob': None, 'est_top_odds': None, 'circle_concentration': None, 'eligible_count': 0, 'bet_adj': 0, 'reason': '1号艇rel_win1 < 45%: 通常判定に委ねる', 'tenji_trigger': ''}",,,33.6,両建て推奨,26.32,36.9,2,,,,,,,,,,,
2026-02-25,丸亀,4,1,野長瀬正,A2,24.24,1,◎,45.3272,,0,86.4,0.1354,2.4012,,,0,低,105,0,逃0%,544 25,0,85.3,1.0669,0.4857,,,,,0.2,0.0343,0.2257,◎,,C,△,,,0.586,,0.527,S,83,0,◎1着固定 2-3着流し（5〜8点）,0.5777,"{'is_target': True, 'verdict': '参加推奨', 'max_combo_prob': 0.0691, 'est_top_odds': 19.3, 'circle_concentration': 72.2, 'eligible_count': 6, 'bet_adj': 2, 'reason': 'rel_win1=45.3%（本命度） / 最有力組み合わせ確率: 0.069（推定実オッズ?19倍） / 2着集中度: 上位2艇 72.2%（補正+0.04） / 総合判定確率: 0.109 / → ヒモ分散。1号艇1着固定で広めのヒモ流し推奨（買い目+2点）', 'tenji_trigger': '展示確認: ヒモ分散レース。1号艇伸び確認後、広めのヒモ流しを採用。穴ヒモ（5・6号艇）を積極的に含める。\n展示で1号艇スタート超安定(0.135秒)→ヒモ固まり方向に注意'}",,,30.2,逃げ狙い,21.16,31.8,5,,,,,0,0,0.7559,0,,逃げ軸流し,A
2026-02-25,丸亀,4,2,星　栄爾,B1,29.63,2,△,10.5455,46.5,100,65.8,0.1519,3.1233,,,0,低,115,0,差0% ま0% 抜0%,2 243,0,59.1,1.05,0,0.0606,0.0303,0,0.0303,0.0293,0.0293,0.2585,,,B,◎,,0.1764,0.652,,0.527,S,83,0,◎1着固定 2-3着流し（5〜8点）,0.5777,"{'is_target': True, 'verdict': '参加推奨', 'max_combo_prob': 0.0691, 'est_top_odds': 19.3, 'circle_concentration': 72.2, 'eligible_count': 6, 'bet_adj': 2, 'reason': 'rel_win1=45.3%（本命度） / 最有力組み合わせ確率: 0.069（推定実オッズ?19倍） / 2着集中度: 上位2艇 72.2%（補正+0.04） / 総合判定確率: 0.109 / → ヒモ分散。1号艇1着固定で広めのヒモ流し推奨（買い目+2点）', 'tenji_trigger': '展示確認: ヒモ分散レース。1号艇伸び確認後、広めのヒモ流しを採用。穴ヒモ（5・6号艇）を積極的に含める。\n展示で1号艇スタート超安定(0.135秒)→ヒモ固まり方向に注意'}",,,30.2,逃げ狙い,21.16,31.8,5,,,,,,,,,,,
2026-02-25,丸亀,4,3,大神康司,A2,44.23,3,○,14.6014,16,92,48.1,0.144,3.1923,,,0,低,61,0,-,2 4153,0,56.7,1.0981,0,0,0.0435,0.087,0,0.2807,0,0.067,,,A,△,,0.2701,0.6115,,0.527,S,83,0,◎1着固定 2-3着流し（5〜8点）,0.5777,"{'is_target': True, 'verdict': '参加推奨', 'max_combo_prob': 0.0691, 'est_top_odds': 19.3, 'circle_concentration': 72.2, 'eligible_count': 6, 'bet_adj': 2, 'reason': 'rel_win1=45.3%（本命度） / 最有力組み合わせ確率: 0.069（推定実オッズ?19倍） / 2着集中度: 上位2艇 72.2%（補正+0.04） / 総合判定確率: 0.109 / → ヒモ分散。1号艇1着固定で広めのヒモ流し推奨（買い目+2点）', 'tenji_trigger': '展示確認: ヒモ分散レース。1号艇伸び確認後、広めのヒモ流しを採用。穴ヒモ（5・6号艇）を積極的に含める。\n展示で1号艇スタート超安定(0.135秒)→ヒモ固まり方向に注意'}",,,30.2,逃げ狙い,21.16,31.8,5,,,,,,,,,,,
2026-02-25,丸亀,4,4,浦田晃嗣,B1,20.62,4,,10.1258,11.4,75,37.7,0.137,2.4717,,,0,低,95,0,-,1 3626,0,80.5,1.367,0,0,0.0455,0.0455,0,0.1486,0.2343,0.2057,,,E,○,○,0.288,0.642,0.3789,0.527,S,83,0,◎1着固定 2-3着流し（5〜8点）,0.5777,"{'is_target': True, 'verdict': '参加推奨', 'max_combo_prob': 0.0691, 'est_top_odds': 19.3, 'circle_concentration': 72.2, 'eligible_count': 6, 'bet_adj': 2, 'reason': 'rel_win1=45.3%（本命度） / 最有力組み合わせ確率: 0.069（推定実オッズ?19倍） / 2着集中度: 上位2艇 72.2%（補正+0.04） / 総合判定確率: 0.109 / → ヒモ分散。1号艇1着固定で広めのヒモ流し推奨（買い目+2点）', 'tenji_trigger': '展示確認: ヒモ分散レース。1号艇伸び確認後、広めのヒモ流しを採用。穴ヒモ（5・6号艇）を積極的に含める。\n展示で1号艇スタート超安定(0.135秒)→ヒモ固まり方向に注意'}",,,30.2,逃げ狙い,21.16,31.8,5,,,,,,,,,,,
2026-02-25,丸亀,4,5,久田敏之,A1,21.21,5,▲,18.4481,25.6,85,82,0.1315,2.141,,,0,低,53,0,差ま0%,124 32,0,84,1.4148,0,0,0,0.3529,0.0588,0,0.0455,0.0909,,,D,,◎,0.3786,0.559,0.6405,0.527,S,83,0,◎1着固定 2-3着流し（5〜8点）,0.5777,"{'is_target': True, 'verdict': '参加推奨', 'max_combo_prob': 0.0691, 'est_top_odds': 19.3, 'circle_concentration': 72.2, 'eligible_count': 6, 'bet_adj': 2, 'reason': 'rel_win1=45.3%（本命度） / 最有力組み合わせ確率: 0.069（推定実オッズ?19倍） / 2着集中度: 上位2艇 72.2%（補正+0.04） / 総合判定確率: 0.109 / → ヒモ分散。1号艇1着固定で広めのヒモ流し推奨（買い目+2点）', 'tenji_trigger': '展示確認: ヒモ分散レース。1号艇伸び確認後、広めのヒモ流しを採用。穴ヒモ（5・6号艇）を積極的に含める。\n展示で1号艇スタート超安定(0.135秒)→ヒモ固まり方向に注意'}",,,30.2,逃げ狙い,21.16,31.8,5,,,,,,,,,,,
2026-02-25,丸亀,4,6,内田　壮,B2,21.78,6,,0.9521,0.4,29,6.3,0.2209,4.8861,,,0,低,49,0,-,6 635,0,31.6,0.4667,,,,,,,,,,,D,,,0.1341,0.468,,0.527,S,83,0,◎1着固定 2-3着流し（5〜8点）,0.5777,"{'is_target': True, 'verdict': '参加推奨', 'max_combo_prob': 0.0691, 'est_top_odds': 19.3, 'circle_concentration': 72.2, 'eligible_count': 6, 'bet_adj': 2, 'reason': 'rel_win1=45.3%（本命度） / 最有力組み合わせ確率: 0.069（推定実オッズ?19倍） / 2着集中度: 上位2艇 72.2%（補正+0.04） / 総合判定確率: 0.109 / → ヒモ分散。1号艇1着固定で広めのヒモ流し推奨（買い目+2点）', 'tenji_trigger': '展示確認: ヒモ分散レース。1号艇伸び確認後、広めのヒモ流しを採用。穴ヒモ（5・6号艇）を積極的に含める。\n展示で1号艇スタート超安定(0.135秒)→ヒモ固まり方向に注意'}",,,30.2,逃げ狙い,21.16,31.8,5,,,,,,,,,,,
2026-02-25,丸亀,5,1,渡辺　豊,B1,25.49,1,◎,45.7565,,0,79.8,0.1854,4.0714,,,0,低,220,0,逃1%,221 65,0,47.7,0.8474,0.3529,,,,,0.1906,0.1059,0.1788,△,,C,,,,0.576,,0.2325,A,61,0,◎-○軸 3着3〜4艇流し（10〜15点）,0.5777,"{'is_target': True, 'verdict': '参加推奨', 'max_combo_prob': 0.0609, 'est_top_odds': 21.9, 'circle_concentration': 69.4, 'eligible_count': 8, 'bet_adj': 2, 'reason': 'rel_win1=45.8%（本命度） / 最有力組み合わせ確率: 0.061（推定実オッズ?22倍） / 2着集中度: 上位2艇 69.4%（補正+0.00） / 総合判定確率: 0.061 / → ヒモ分散。1号艇1着固定で広めのヒモ流し推奨（買い目+2点）', 'tenji_trigger': '展示確認: ヒモ分散レース。1号艇伸び確認後、広めのヒモ流しを採用。穴ヒモ（5・6号艇）を積極的に含める。\n展示で1号艇スタート遅め(0.185秒)確認→ヒモが荒れやすい'}",,,30.5,両建て推奨,17.66,35.6,2,2-1-3|1-2-3|1-2-4|1-3-2|1-3-4|1-4-3,5-1-6|6-1-3|2-1-3|5-6-1|6-1-4|6-3-1|6-4-1|1-2-3|1-2-4|1-3-2|1-3-4|1-4-3,2-1-3:3.28%|1-2-3:8.96%|1-2-4:6.39%|1-3-2:5.83%|1-3-4:5.05%|1-4-3:4.99%,2-1-3:B_main|1-2-3:A|1-2-4:A|1-3-2:A|1-3-4:A|1-4-3:A,6,12,0.4535,1,[!]見送り推奨（主役決まり手「差し」― 逃げ劣勢レースで的中実績なし）,荒れ広め,D
2026-02-25,丸亀,5,2,片橋幸貴,B2,25.00,2,△,19.0711,39.9,76,70.2,0.1611,3.5106,,,0,低,80,0,-,3 2314,0,35.7,0.8817,0,0.0952,0.0952,0,0.0476,0.0308,0.0462,0.2615,,◎,E,△,,0.5941,0.629,,0.2325,A,61,0,◎-○軸 3着3〜4艇流し（10〜15点）,0.5777,"{'is_target': True, 'verdict': '参加推奨', 'max_combo_prob': 0.0609, 'est_top_odds': 21.9, 'circle_concentration': 69.4, 'eligible_count': 8, 'bet_adj': 2, 'reason': 'rel_win1=45.8%（本命度） / 最有力組み合わせ確率: 0.061（推定実オッズ?22倍） / 2着集中度: 上位2艇 69.4%（補正+0.00） / 総合判定確率: 0.061 / → ヒモ分散。1号艇1着固定で広めのヒモ流し推奨（買い目+2点）', 'tenji_trigger': '展示確認: ヒモ分散レース。1号艇伸び確認後、広めのヒモ流しを採用。穴ヒモ（5・6号艇）を積極的に含める。\n展示で1号艇スタート遅め(0.185秒)確認→ヒモが荒れやすい'}",,,30.5,両建て推奨,17.66,35.6,2,,,,,,,,,,,
2026-02-25,丸亀,5,3,江本真治,A2,40.91,3,○,14.8756,29.5,100,70,0.1423,3,,,0,低,105,0,-,1 3444,0,100,0.7144,0,0,0,0.1818,0.0303,0.1156,0.1156,0.1644,,○,B,◎,,0.5195,0.6785,,0.2325,A,61,0,◎-○軸 3着3〜4艇流し（10〜15点）,0.5777,"{'is_target': True, 'verdict': '参加推奨', 'max_combo_prob': 0.0609, 'est_top_odds': 21.9, 'circle_concentration': 69.4, 'eligible_count': 8, 'bet_adj': 2, 'reason': 'rel_win1=45.8%（本命度） / 最有力組み合わせ確率: 0.061（推定実オッズ?22倍） / 2着集中度: 上位2艇 69.4%（補正+0.00） / 総合判定確率: 0.061 / → ヒモ分散。1号艇1着固定で広めのヒモ流し推奨（買い目+2点）', 'tenji_trigger': '展示確認: ヒモ分散レース。1号艇伸び確認後、広めのヒモ流しを採用。穴ヒモ（5・6号艇）を積極的に含める。\n展示で1号艇スタート遅め(0.185秒)確認→ヒモが荒れやすい'}",,,30.5,両建て推奨,17.66,35.6,2,,,,,,,,,,,
2026-02-25,丸亀,5,4,岡瀬正人,A2,46.15,4,▲,9.7623,24.2,67,53.6,0.1865,4.4928,,,0,低,176,0,差ま0% 抜0%,2 6313,0,48.9,1.1343,0,0,0,0.0333,0.0333,0.0955,0.1727,0.0545,,,A,○,,0.2887,0.6505,,0.2325,A,61,0,◎-○軸 3着3〜4艇流し（10〜15点）,0.5777,"{'is_target': True, 'verdict': '参加推奨', 'max_combo_prob': 0.0609, 'est_top_odds': 21.9, 'circle_concentration': 69.4, 'eligible_count': 8, 'bet_adj': 2, 'reason': 'rel_win1=45.8%（本命度） / 最有力組み合わせ確率: 0.061（推定実オッズ?22倍） / 2着集中度: 上位2艇 69.4%（補正+0.00） / 総合判定確率: 0.061 / → ヒモ分散。1号艇1着固定で広めのヒモ流し推奨（買い目+2点）', 'tenji_trigger': '展示確認: ヒモ分散レース。1号艇伸び確認後、広めのヒモ流しを採用。穴ヒモ（5・6号艇）を積極的に含める。\n展示で1号艇スタート遅め(0.185秒)確認→ヒモが荒れやすい'}",,,30.5,両建て推奨,17.66,35.6,2,,,,,,,,,,,
2026-02-25,丸亀,5,5,田中宏典,B1,25.23,5,,4.9176,2.5,44,16.7,0.204,4.2381,,,0,低,103,0,差ま0%,6 421,0,23.2,0.6814,0,0,0,0.0526,0,0,0.1,0.2167,,,D,,,0.2438,0.581,,0.2325,A,61,0,◎-○軸 3着3〜4艇流し（10〜15点）,0.5777,"{'is_target': True, 'verdict': '参加推奨', 'max_combo_prob': 0.0609, 'est_top_odds': 21.9, 'circle_concentration': 69.4, 'eligible_count': 8, 'bet_adj': 2, 'reason': 'rel_win1=45.8%（本命度） / 最有力組み合わせ確率: 0.061（推定実オッズ?22倍） / 2着集中度: 上位2艇 69.4%（補正+0.00） / 総合判定確率: 0.061 / → ヒモ分散。1号艇1着固定で広めのヒモ流し推奨（買い目+2点）', 'tenji_trigger': '展示確認: ヒモ分散レース。1号艇伸び確認後、広めのヒモ流しを採用。穴ヒモ（5・6号艇）を積極的に含める。\n展示で1号艇スタート遅め(0.185秒)確認→ヒモが荒れやすい'}",,,30.5,両建て推奨,17.66,35.6,2,,,,,,,,,,,
2026-02-25,丸亀,5,6,大峯　豊,A1,25.47,6,,5.6168,3.9,89,72.7,0.1932,3.8409,,,0,低,88,0,差ま0%,13222,0,24.2,2.7658,0,0,0,0.1667,0,0.1308,0.0308,0.0154,,,D,△,,0.3078,0.627,,0.2325,A,61,0,◎-○軸 3着3〜4艇流し（10〜15点）,0.5777,"{'is_target': True, 'verdict': '参加推奨', 'max_combo_prob': 0.0609, 'est_top_odds': 21.9, 'circle_concentration': 69.4, 'eligible_count': 8, 'bet_adj': 2, 'reason': 'rel_win1=45.8%（本命度） / 最有力組み合わせ確率: 0.061（推定実オッズ?22倍） / 2着集中度: 上位2艇 69.4%（補正+0.00） / 総合判定確率: 0.061 / → ヒモ分散。1号艇1着固定で広めのヒモ流し推奨（買い目+2点）', 'tenji_trigger': '展示確認: ヒモ分散レース。1号艇伸び確認後、広めのヒモ流しを採用。穴ヒモ（5・6号艇）を積極的に含める。\n展示で1号艇スタート遅め(0.185秒)確認→ヒモが荒れやすい'}",,,30.5,両建て推奨,17.66,35.6,2,,,,,,,,,,,
2026-02-25,丸亀,6,1,山口裕二,A2,22.77,1,◎,59.6454,,0,91.4,0.172,3.4691,,,0,低,129,0,逃1%,4 6144,0,76.4,1.174,0.6,,,,,0.0229,0.1171,0.1171,○,,E,△,,,0.619,,0.4062,S,100,0,◎1着固定 2-3着流し（5〜8点）,0.5777,"{'is_target': True, 'verdict': '点数絞り', 'max_combo_prob': 0.1208, 'est_top_odds': 11.0, 'circle_concentration': 70.5, 'eligible_count': 6, 'bet_adj': 0, 'reason': 'rel_win1=59.6%（本命度） / 最有力組み合わせ確率: 0.121（推定実オッズ?11倍） / 2着集中度: 上位2艇 70.5%（補正+0.04） / 総合判定確率: 0.161 / → ヒモはやや固め。上位2艇以外を切ること', 'tenji_trigger': '展示確認: 1号艇伸び良→そのまま採用。悪→飛び組に差し替え。circle_pct上位2艇に絞り込むこと。'}",,,27.3,逃げ狙い,16.43,27.4,3,,,,,0,0,0.6155,0,,逃げ軸流し,A
2026-02-25,丸亀,6,2,西原明生,B1,28.70,2,,7.6015,13.2,100,39.7,0.1997,4.6164,,,0,低,192,0,-,1 5345,0,21.3,0.7584,,,,,,0.2571,0.2571,0.2762,,,D,○,,0.0809,0.641,,0.4062,S,100,0,◎1着固定 2-3着流し（5〜8点）,0.5777,"{'is_target': True, 'verdict': '点数絞り', 'max_combo_prob': 0.1208, 'est_top_odds': 11.0, 'circle_concentration': 70.5, 'eligible_count': 6, 'bet_adj': 0, 'reason': 'rel_win1=59.6%（本命度） / 最有力組み合わせ確率: 0.121（推定実オッズ?11倍） / 2着集中度: 上位2艇 70.5%（補正+0.04） / 総合判定確率: 0.161 / → ヒモはやや固め。上位2艇以外を切ること', 'tenji_trigger': '展示確認: 1号艇伸び良→そのまま採用。悪→飛び組に差し替え。circle_pct上位2艇に絞り込むこと。'}",,,27.3,逃げ狙い,16.43,27.4,3,,,,,,,,,,,
2026-02-25,丸亀,6,3,金子賢志,A1,38.68,3,○,17.7942,57.3,79,71,0.1415,2.5887,,,0,低,74,0,-,365 12,0,100,2.3213,0,0,0.1923,0.0385,0,0.1338,0.0235,0.0235,,◎,B,◎,,0.4847,0.6825,,0.4062,S,100,0,◎1着固定 2-3着流し（5〜8点）,0.5777,"{'is_target': True, 'verdict': '点数絞り', 'max_combo_prob': 0.1208, 'est_top_odds': 11.0, 'circle_concentration': 70.5, 'eligible_count': 6, 'bet_adj': 0, 'reason': 'rel_win1=59.6%（本命度） / 最有力組み合わせ確率: 0.121（推定実オッズ?11倍） / 2着集中度: 上位2艇 70.5%（補正+0.04） / 総合判定確率: 0.161 / → ヒモはやや固め。上位2艇以外を切ること', 'tenji_trigger': '展示確認: 1号艇伸び良→そのまま採用。悪→飛び組に差し替え。circle_pct上位2艇に絞り込むこと。'}",,,27.3,逃げ狙い,16.43,27.4,3,,,,,,,,,,,
2026-02-25,丸亀,6,4,三原　司,B1,27.72,4,,6.1988,11.3,57,31.5,0.1869,4.1667,,,0,低,167,0,-,3 246,0,34.9,0.7413,0,0.0385,0,0,0,0.2452,0.2071,0.0571,,,D,△,,0.2368,0.624,,0.4062,S,100,0,◎1着固定 2-3着流し（5〜8点）,0.5777,"{'is_target': True, 'verdict': '点数絞り', 'max_combo_prob': 0.1208, 'est_top_odds': 11.0, 'circle_concentration': 70.5, 'eligible_count': 6, 'bet_adj': 0, 'reason': 'rel_win1=59.6%（本命度） / 最有力組み合わせ確率: 0.121（推定実オッズ?11倍） / 2着集中度: 上位2艇 70.5%（補正+0.04） / 総合判定確率: 0.161 / → ヒモはやや固め。上位2艇以外を切ること', 'tenji_trigger': '展示確認: 1号艇伸び良→そのまま採用。悪→飛び組に差し替え。circle_pct上位2艇に絞り込むこと。'}",,,27.3,逃げ狙い,16.43,27.4,3,,,,,,,,,,,
2026-02-25,丸亀,6,5,町田洸希,B1,37.04,5,△,3.3536,5.9,71,31.7,0.1867,4.2833,,,0,低,130,0,-,513 45,0,82.3,1.6807,,,,,,0.1875,0.125,0.125,,,B,,,0.2847,0.6035,,0.4062,S,100,0,◎1着固定 2-3着流し（5〜8点）,0.5777,"{'is_target': True, 'verdict': '点数絞り', 'max_combo_prob': 0.1208, 'est_top_odds': 11.0, 'circle_concentration': 70.5, 'eligible_count': 6, 'bet_adj': 0, 'reason': 'rel_win1=59.6%（本命度） / 最有力組み合わせ確率: 0.121（推定実オッズ?11倍） / 2着集中度: 上位2艇 70.5%（補正+0.04） / 総合判定確率: 0.161 / → ヒモはやや固め。上位2艇以外を切ること', 'tenji_trigger': '展示確認: 1号艇伸び良→そのまま採用。悪→飛び組に差し替え。circle_pct上位2艇に絞り込むこと。'}",,,27.3,逃げ狙い,16.43,27.4,3,,,,,,,,,,,
2026-02-25,丸亀,6,6,佐藤　航,A2,33.65,6,▲,5.4065,12.3,55,47.4,0.1705,3.9079,,,0,低,110,0,-,411111,0,28.5,0.8436,0,0,0,0.0667,0,0.1304,0.1304,0.087,,,C,,,0.3097,0.5775,,0.4062,S,100,0,◎1着固定 2-3着流し（5〜8点）,0.5777,"{'is_target': True, 'verdict': '点数絞り', 'max_combo_prob': 0.1208, 'est_top_odds': 11.0, 'circle_concentration': 70.5, 'eligible_count': 6, 'bet_adj': 0, 'reason': 'rel_win1=59.6%（本命度） / 最有力組み合わせ確率: 0.121（推定実オッズ?11倍） / 2着集中度: 上位2艇 70.5%（補正+0.04） / 総合判定確率: 0.161 / → ヒモはやや固め。上位2艇以外を切ること', 'tenji_trigger': '展示確認: 1号艇伸び良→そのまま採用。悪→飛び組に差し替え。circle_pct上位2艇に絞り込むこと。'}",,,27.3,逃げ狙い,16.43,27.4,3,,,,,,,,,,,
2026-02-25,丸亀,7,1,四宮与寛,A2,27.37,1,◎,59.355,,0,89.2,0.1315,2.7095,,,0,低,60,0,逃0%,232 33,0,88.7,1.1501,0.4839,,,,,0.1116,0.1374,0.0258,◎,,D,○,,,0.6545,,0.5933,A,78,0,◎-○軸 3着3〜4艇流し（10〜15点）,0.5777,"{'is_target': True, 'verdict': '点数絞り', 'max_combo_prob': 0.0889, 'est_top_odds': 15.0, 'circle_concentration': 78.0, 'eligible_count': 8, 'bet_adj': 0, 'reason': 'rel_win1=59.4%（本命度） / 最有力組み合わせ確率: 0.089（推定実オッズ?15倍） / 2着集中度: 上位2艇 78.0%（補正+0.04） / 総合判定確率: 0.129 / → ヒモはやや固め。上位2艇以外を切ること', 'tenji_trigger': '展示確認: 1号艇伸び良→そのまま採用。悪→飛び組に差し替え。circle_pct上位2艇に絞り込むこと。\n展示で1号艇スタート超安定(0.132秒)→ヒモ固まり方向に注意'}",,,26.7,逃げ狙い,13.44,28.2,2,,,,,0,0,0.7559,0,,逃げ軸流し,A
2026-02-25,丸亀,7,2,松竹大輔,B1,42.73,2,○,18.8319,50.3,83,59,0.1506,3.2756,,,0,低,112,0,差0%,1 1566,0,47.1,1.071,0,0.069,0,0,0,0.0444,0.0889,0.2093,,,B,△,,0.1403,0.6475,,0.5933,A,78,0,◎-○軸 3着3〜4艇流し（10〜15点）,0.5777,"{'is_target': True, 'verdict': '点数絞り', 'max_combo_prob': 0.0889, 'est_top_odds': 15.0, 'circle_concentration': 78.0, 'eligible_count': 8, 'bet_adj': 0, 'reason': 'rel_win1=59.4%（本命度） / 最有力組み合わせ確率: 0.089（推定実オッズ?15倍） / 2着集中度: 上位2艇 78.0%（補正+0.04） / 総合判定確率: 0.129 / → ヒモはやや固め。上位2艇以外を切ること', 'tenji_trigger': '展示確認: 1号艇伸び良→そのまま採用。悪→飛び組に差し替え。circle_pct上位2艇に絞り込むこと。\n展示で1号艇スタート超安定(0.132秒)→ヒモ固まり方向に注意'}",,,26.7,逃げ狙い,13.44,28.2,2,,,,,,,,,,,
2026-02-25,丸亀,7,3,丹下　健,B1,23.60,3,,7.7991,27.7,97,53,0.1602,3.3939,,,0,低,133,0,-,26662,0,62.4,0.9754,0,0,0.0333,0.0333,0,0.1962,0.2343,0.1771,,,D,,,0.1597,0.5945,,0.5933,A,78,0,◎-○軸 3着3〜4艇流し（10〜15点）,0.5777,"{'is_target': True, 'verdict': '点数絞り', 'max_combo_prob': 0.0889, 'est_top_odds': 15.0, 'circle_concentration': 78.0, 'eligible_count': 8, 'bet_adj': 0, 'reason': 'rel_win1=59.4%（本命度） / 最有力組み合わせ確率: 0.089（推定実オッズ?15倍） / 2着集中度: 上位2艇 78.0%（補正+0.04） / 総合判定確率: 0.129 / → ヒモはやや固め。上位2艇以外を切ること', 'tenji_trigger': '展示確認: 1号艇伸び良→そのまま採用。悪→飛び組に差し替え。circle_pct上位2艇に絞り込むこと。\n展示で1号艇スタート超安定(0.132秒)→ヒモ固まり方向に注意'}",,,26.7,逃げ狙い,13.44,28.2,2,,,,,,,,,,,
2026-02-25,丸亀,7,4,岡本翔太,B1,35.00,4,▲,7.4593,13.2,68,34.8,0.1385,2.5833,,,0,低,61,0,差0%,451 55,0,27.5,0.7998,0,0.04,0,0,0,0.19,0.08,0.19,,,C,,,0.2757,0.6355,,0.5933,A,78,0,◎-○軸 3着3〜4艇流し（10〜15点）,0.5777,"{'is_target': True, 'verdict': '点数絞り', 'max_combo_prob': 0.0889, 'est_top_odds': 15.0, 'circle_concentration': 78.0, 'eligible_count': 8, 'bet_adj': 0, 'reason': 'rel_win1=59.4%（本命度） / 最有力組み合わせ確率: 0.089（推定実オッズ?15倍） / 2着集中度: 上位2艇 78.0%（補正+0.04） / 総合判定確率: 0.129 / → ヒモはやや固め。上位2艇以外を切ること', 'tenji_trigger': '展示確認: 1号艇伸び良→そのまま採用。悪→飛び組に差し替え。circle_pct上位2艇に絞り込むこと。\n展示で1号艇スタート超安定(0.132秒)→ヒモ固まり方向に注意'}",,,26.7,逃げ狙い,13.44,28.2,2,,,,,,,,,,,
2026-02-25,丸亀,7,5,廣瀬真也,A2,19.00,5,,3.7351,5.1,100,46.2,0.1544,3.0769,,,0,低,83,0,ま0%,436431,0,33.1,1.2238,0,0,0.05,0,0,0.0242,0.1364,0.1364,,,E,◎,,0.2382,0.6585,,0.5933,A,78,0,◎-○軸 3着3〜4艇流し（10〜15点）,0.5777,"{'is_target': True, 'verdict': '点数絞り', 'max_combo_prob': 0.0889, 'est_top_odds': 15.0, 'circle_concentration': 78.0, 'eligible_count': 8, 'bet_adj': 0, 'reason': 'rel_win1=59.4%（本命度） / 最有力組み合わせ確率: 0.089（推定実オッズ?15倍） / 2着集中度: 上位2艇 78.0%（補正+0.04） / 総合判定確率: 0.129 / → ヒモはやや固め。上位2艇以外を切ること', 'tenji_trigger': '展示確認: 1号艇伸び良→そのまま採用。悪→飛び組に差し替え。circle_pct上位2艇に絞り込むこと。\n展示で1号艇スタート超安定(0.132秒)→ヒモ固まり方向に注意'}",,,26.7,逃げ狙い,13.44,28.2,2,,,,,,,,,,,
2026-02-25,丸亀,7,6,中岡正彦,A1,45.79,6,△,2.8196,3.7,71,40,0.218,4.6,,,0,低,42,1,-,112311,0,65.8,1.5542,,,,,,0.1103,0,0.0588,,,A,△,,0.1585,0.649,,0.5933,A,78,0,◎-○軸 3着3〜4艇流し（10〜15点）,0.5777,"{'is_target': True, 'verdict': '点数絞り', 'max_combo_prob': 0.0889, 'est_top_odds': 15.0, 'circle_concentration': 78.0, 'eligible_count': 8, 'bet_adj': 0, 'reason': 'rel_win1=59.4%（本命度） / 最有力組み合わせ確率: 0.089（推定実オッズ?15倍） / 2着集中度: 上位2艇 78.0%（補正+0.04） / 総合判定確率: 0.129 / → ヒモはやや固め。上位2艇以外を切ること', 'tenji_trigger': '展示確認: 1号艇伸び良→そのまま採用。悪→飛び組に差し替え。circle_pct上位2艇に絞り込むこと。\n展示で1号艇スタート超安定(0.132秒)→ヒモ固まり方向に注意'}",,,26.7,逃げ狙い,13.44,28.2,2,,,,,,,,,,,
2026-02-25,丸亀,8,1,中村晃朋,A1,35.85,1,◎,73.9728,,0,87.7,0.1656,3.4474,,,0,低,56,0,逃1% 抜0%,34213,0,87.9,1.1531,0.6818,,,,,0.1745,0,0.1564,◎,,B,◎,,,0.678,,0.5095,S,95,0,◎1着固定 2-3着流し（5〜8点）,0.5777,"{'is_target': True, 'verdict': '点数絞り', 'max_combo_prob': 0.1156, 'est_top_odds': 11.5, 'circle_concentration': 75.9, 'eligible_count': 6, 'bet_adj': 0, 'reason': 'rel_win1=74.0%（本命度） / 最有力組み合わせ確率: 0.116（推定実オッズ?12倍） / 2着集中度: 上位2艇 75.9%（補正+0.04） / 総合判定確率: 0.156 / → ヒモはやや固め。上位2艇以外を切ること', 'tenji_trigger': '展示確認: 1号艇伸び良→そのまま採用。悪→飛び組に差し替え。circle_pct上位2艇に絞り込むこと。'}",,,27,逃げ狙い,13.28,29.2,2,,,,,0,0,0.7559,0,,逃げ軸流し,A
2026-02-25,丸亀,8,2,川上聡介,A2,42.45,2,○,8.3701,48.5,67,54.4,0.1586,3.3684,,,0,低,77,0,-,625 66,0,46.4,0.8914,,,,,,0.0593,0.1148,0.3037,,◎,A,△,,0.3975,0.6225,,0.5095,S,95,0,◎1着固定 2-3着流し（5〜8点）,0.5777,"{'is_target': True, 'verdict': '点数絞り', 'max_combo_prob': 0.1156, 'est_top_odds': 11.5, 'circle_concentration': 75.9, 'eligible_count': 6, 'bet_adj': 0, 'reason': 'rel_win1=74.0%（本命度） / 最有力組み合わせ確率: 0.116（推定実オッズ?12倍） / 2着集中度: 上位2艇 75.9%（補正+0.04） / 総合判定確率: 0.156 / → ヒモはやや固め。上位2艇以外を切ること', 'tenji_trigger': '展示確認: 1号艇伸び良→そのまま採用。悪→飛び組に差し替え。circle_pct上位2艇に絞り込むこと。'}",,,27,逃げ狙い,13.28,29.2,2,,,,,,,,,,,
2026-02-25,丸亀,8,3,米田隆弘,B1,30.56,3,▲,4.9325,18.1,100,43.6,0.1723,3.4487,,,0,低,143,0,-,252 34,0,26.4,0.6337,0,0,0,0.0323,0,0.0625,0.1607,0.025,,,C,△,,0.2459,0.624,,0.5095,S,95,0,◎1着固定 2-3着流し（5〜8点）,0.5777,"{'is_target': True, 'verdict': '点数絞り', 'max_combo_prob': 0.1156, 'est_top_odds': 11.5, 'circle_concentration': 75.9, 'eligible_count': 6, 'bet_adj': 0, 'reason': 'rel_win1=74.0%（本命度） / 最有力組み合わせ確率: 0.116（推定実オッズ?12倍） / 2着集中度: 上位2艇 75.9%（補正+0.04） / 総合判定確率: 0.156 / → ヒモはやや固め。上位2艇以外を切ること', 'tenji_trigger': '展示確認: 1号艇伸び良→そのまま採用。悪→飛び組に差し替え。circle_pct上位2艇に絞り込むこと。'}",,,27,逃げ狙い,13.28,29.2,2,,,,,,,,,,,
2026-02-25,丸亀,8,4,野長瀬正,A2,24.24,4,△,7.6354,27.5,88,59,0.1634,3.7787,,,0,低,105,0,差0% ま0% 差ま0%,544 25,0,64.5,1.1498,0,0.0357,0.0714,0.0714,0,0.2,0.0343,0.2257,,,E,,◎,0.3088,0.586,0.4716,0.5095,S,95,0,◎1着固定 2-3着流し（5〜8点）,0.5777,"{'is_target': True, 'verdict': '点数絞り', 'max_combo_prob': 0.1156, 'est_top_odds': 11.5, 'circle_concentration': 75.9, 'eligible_count': 6, 'bet_adj': 0, 'reason': 'rel_win1=74.0%（本命度） / 最有力組み合わせ確率: 0.116（推定実オッズ?12倍） / 2着集中度: 上位2艇 75.9%（補正+0.04） / 総合判定確率: 0.156 / → ヒモはやや固め。上位2艇以外を切ること', 'tenji_trigger': '展示確認: 1号艇伸び良→そのまま採用。悪→飛び組に差し替え。circle_pct上位2艇に絞り込むこと。'}",,,27,逃げ狙い,13.28,29.2,2,,,,,,,,,,,
2026-02-25,丸亀,8,5,吉永泰弘,B1,26.85,5,,4.0457,4.5,86,40,0.1986,4,,,0,低,137,0,差0%,56442,0,65.4,1.2514,0,0.0833,0,0,0,0.2376,0.4541,0.0235,,,D,○,,0.185,0.6525,,0.5095,S,95,0,◎1着固定 2-3着流し（5〜8点）,0.5777,"{'is_target': True, 'verdict': '点数絞り', 'max_combo_prob': 0.1156, 'est_top_odds': 11.5, 'circle_concentration': 75.9, 'eligible_count': 6, 'bet_adj': 0, 'reason': 'rel_win1=74.0%（本命度） / 最有力組み合わせ確率: 0.116（推定実オッズ?12倍） / 2着集中度: 上位2艇 75.9%（補正+0.04） / 総合判定確率: 0.156 / → ヒモはやや固め。上位2艇以外を切ること', 'tenji_trigger': '展示確認: 1号艇伸び良→そのまま採用。悪→飛び組に差し替え。circle_pct上位2艇に絞り込むこと。'}",,,27,逃げ狙い,13.28,29.2,2,,,,,,,,,,,
2026-02-25,丸亀,8,6,吉川颯汰,B2,30.77,6,,1.0435,1.5,36,0,0.2388,4.9231,,,0,低,18,0,-,6S6 66,0,25.4,0.6464,,,,,,,,,,,C,,,0.1377,0.3465,,0.5095,S,95,0,◎1着固定 2-3着流し（5〜8点）,0.5777,"{'is_target': True, 'verdict': '点数絞り', 'max_combo_prob': 0.1156, 'est_top_odds': 11.5, 'circle_concentration': 75.9, 'eligible_count': 6, 'bet_adj': 0, 'reason': 'rel_win1=74.0%（本命度） / 最有力組み合わせ確率: 0.116（推定実オッズ?12倍） / 2着集中度: 上位2艇 75.9%（補正+0.04） / 総合判定確率: 0.156 / → ヒモはやや固め。上位2艇以外を切ること', 'tenji_trigger': '展示確認: 1号艇伸び良→そのまま採用。悪→飛び組に差し替え。circle_pct上位2艇に絞り込むこと。'}",,,27,逃げ狙い,13.28,29.2,2,,,,,,,,,,,
2026-02-25,丸亀,9,1,大峯　豊,A1,25.47,1,◎,60.1381,,0,95.4,0.166,3.6308,,,0,低,88,0,逃1%,13222,0,90.5,1.2171,0.6154,,,,,0.1308,0.0308,0.0154,○,,E,,,,0.627,,0.4094,S,94,0,◎1着固定 2-3着流し（5〜8点）,0.5777,"{'is_target': True, 'verdict': '点数絞り', 'max_combo_prob': 0.1077, 'est_top_odds': 12.4, 'circle_concentration': 78.5, 'eligible_count': 6, 'bet_adj': 0, 'reason': 'rel_win1=60.1%（本命度） / 最有力組み合わせ確率: 0.108（推定実オッズ?12倍） / 2着集中度: 上位2艇 78.5%（補正+0.04） / 総合判定確率: 0.148 / → ヒモはやや固め。上位2艇以外を切ること', 'tenji_trigger': '展示確認: 1号艇伸び良→そのまま採用。悪→飛び組に差し替え。circle_pct上位2艇に絞り込むこと。'}",,,29.3,逃げ狙い,23.17,27.5,2,,,,,0,0,0.6155,0,,逃げ軸流し,A
2026-02-25,丸亀,9,2,丸岡正典,A2,33.64,2,○,21.4518,47,100,84.2,0.1468,3.3289,,,0,低,100,0,差0%,211223,0,33.9,0.8364,0,0.2632,0,0,0,0.0118,0.3042,0.1681,,◎,D,◎,,0.5546,0.667,,0.4094,S,94,0,◎1着固定 2-3着流し（5〜8点）,0.5777,"{'is_target': True, 'verdict': '点数絞り', 'max_combo_prob': 0.1077, 'est_top_odds': 12.4, 'circle_concentration': 78.5, 'eligible_count': 6, 'bet_adj': 0, 'reason': 'rel_win1=60.1%（本命度） / 最有力組み合わせ確率: 0.108（推定実オッズ?12倍） / 2着集中度: 上位2艇 78.5%（補正+0.04） / 総合判定確率: 0.148 / → ヒモはやや固め。上位2艇以外を切ること', 'tenji_trigger': '展示確認: 1号艇伸び良→そのまま採用。悪→飛び組に差し替え。circle_pct上位2艇に絞り込むこと。'}",,,29.3,逃げ狙い,23.17,27.5,2,,,,,,,,,,,
2026-02-25,丸亀,9,3,岡瀬正人,A2,46.15,3,△,7.8439,31.4,82,59.2,0.1674,3.5724,,,0,低,176,0,抜0%,2 6313,0,41.2,1.0248,0,0,0,0,0.0303,0.0955,0.1727,0.0545,,,B,△,,0.2971,0.6505,,0.4094,S,94,0,◎1着固定 2-3着流し（5〜8点）,0.5777,"{'is_target': True, 'verdict': '点数絞り', 'max_combo_prob': 0.1077, 'est_top_odds': 12.4, 'circle_concentration': 78.5, 'eligible_count': 6, 'bet_adj': 0, 'reason': 'rel_win1=60.1%（本命度） / 最有力組み合わせ確率: 0.108（推定実オッズ?12倍） / 2着集中度: 上位2艇 78.5%（補正+0.04） / 総合判定確率: 0.148 / → ヒモはやや固め。上位2艇以外を切ること', 'tenji_trigger': '展示確認: 1号艇伸び良→そのまま採用。悪→飛び組に差し替え。circle_pct上位2艇に絞り込むこと。'}",,,29.3,逃げ狙い,23.17,27.5,2,,,,,,,,,,,
2026-02-25,丸亀,9,4,大神康司,A2,44.23,4,,6.6509,8.7,94,25,0.1725,3.9375,,,0,低,61,1,-,2 4153,0,23.6,0.6474,,,,,,0.2807,0,0.067,,,B,,,0.2847,0.6115,,0.4094,S,94,0,◎1着固定 2-3着流し（5〜8点）,0.5777,"{'is_target': True, 'verdict': '点数絞り', 'max_combo_prob': 0.1077, 'est_top_odds': 12.4, 'circle_concentration': 78.5, 'eligible_count': 6, 'bet_adj': 0, 'reason': 'rel_win1=60.1%（本命度） / 最有力組み合わせ確率: 0.108（推定実オッズ?12倍） / 2着集中度: 上位2艇 78.5%（補正+0.04） / 総合判定確率: 0.148 / → ヒモはやや固め。上位2艇以外を切ること', 'tenji_trigger': '展示確認: 1号艇伸び良→そのまま採用。悪→飛び組に差し替え。circle_pct上位2艇に絞り込むこと。'}",,,29.3,逃げ狙い,23.17,27.5,2,,,,,,,,,,,
2026-02-25,丸亀,9,5,星　栄爾,B1,29.63,5,,2.7984,12.5,57,31.4,0.1523,3.3786,,,0,低,115,0,-,2 243,0,44.2,0.9288,,,,,,0.0293,0.0293,0.2585,,,D,○,,0.3536,0.652,,0.4094,S,94,0,◎1着固定 2-3着流し（5〜8点）,0.5777,"{'is_target': True, 'verdict': '点数絞り', 'max_combo_prob': 0.1077, 'est_top_odds': 12.4, 'circle_concentration': 78.5, 'eligible_count': 6, 'bet_adj': 0, 'reason': 'rel_win1=60.1%（本命度） / 最有力組み合わせ確率: 0.108（推定実オッズ?12倍） / 2着集中度: 上位2艇 78.5%（補正+0.04） / 総合判定確率: 0.148 / → ヒモはやや固め。上位2艇以外を切ること', 'tenji_trigger': '展示確認: 1号艇伸び良→そのまま採用。悪→飛び組に差し替え。circle_pct上位2艇に絞り込むこと。'}",,,29.3,逃げ狙い,23.17,27.5,2,,,,,,,,,,,
2026-02-25,丸亀,9,6,吉川勇作,B1,49.51,6,▲,1.1169,0.3,14,7.4,0.1574,3.75,,,0,低,92,0,-,3 521,0,23.1,0.6439,,,,,,0.3162,0.0381,0.0571,,,A,△,,0.3374,0.6335,,0.4094,S,94,0,◎1着固定 2-3着流し（5〜8点）,0.5777,"{'is_target': True, 'verdict': '点数絞り', 'max_combo_prob': 0.1077, 'est_top_odds': 12.4, 'circle_concentration': 78.5, 'eligible_count': 6, 'bet_adj': 0, 'reason': 'rel_win1=60.1%（本命度） / 最有力組み合わせ確率: 0.108（推定実オッズ?12倍） / 2着集中度: 上位2艇 78.5%（補正+0.04） / 総合判定確率: 0.148 / → ヒモはやや固め。上位2艇以外を切ること', 'tenji_trigger': '展示確認: 1号艇伸び良→そのまま採用。悪→飛び組に差し替え。circle_pct上位2艇に絞り込むこと。'}",,,29.3,逃げ狙い,23.17,27.5,2,,,,,,,,,,,
2026-02-25,丸亀,10,1,佐藤　航,A2,33.65,1,◎,53.9938,,0,85.2,0.173,3.2593,,,0,低,110,0,逃1%,411111,0,81.9,1.2288,0.6087,,,,,0.1304,0.1304,0.087,○,,B,△,,,0.5775,,0.4031,A,70,0,◎-○軸 3着3〜4艇流し（10〜15点）,0.5777,"{'is_target': True, 'verdict': '参加推奨', 'max_combo_prob': 0.0788, 'est_top_odds': 16.9, 'circle_concentration': 75.5, 'eligible_count': 8, 'bet_adj': 2, 'reason': 'rel_win1=54.0%（本命度） / 最有力組み合わせ確率: 0.079（推定実オッズ?17倍） / 2着集中度: 上位2艇 75.5%（補正+0.04） / 総合判定確率: 0.119 / → ヒモ分散。1号艇1着固定で広めのヒモ流し推奨（買い目+2点）', 'tenji_trigger': '展示確認: ヒモ分散レース。1号艇伸び確認後、広めのヒモ流しを採用。穴ヒモ（5・6号艇）を積極的に含める。'}",,,36.4,逃げ狙い,25.54,31.3,2,,,,,0,0,0.6155,0,,逃げ軸流し,A
2026-02-25,丸亀,10,2,久田敏之,A1,21.21,2,,14.8997,51.2,53,86.8,0.15,3.3289,,,0,低,53,0,差0% ま0%,124 32,0,68.1,1.3805,0,0.1667,0.0556,0,0,0,0.0455,0.0909,,◎,E,,,0.5654,0.559,,0.4031,A,70,0,◎-○軸 3着3〜4艇流し（10〜15点）,0.5777,"{'is_target': True, 'verdict': '参加推奨', 'max_combo_prob': 0.0788, 'est_top_odds': 16.9, 'circle_concentration': 75.5, 'eligible_count': 8, 'bet_adj': 2, 'reason': 'rel_win1=54.0%（本命度） / 最有力組み合わせ確率: 0.079（推定実オッズ?17倍） / 2着集中度: 上位2艇 75.5%（補正+0.04） / 総合判定確率: 0.119 / → ヒモ分散。1号艇1着固定で広めのヒモ流し推奨（買い目+2点）', 'tenji_trigger': '展示確認: ヒモ分散レース。1号艇伸び確認後、広めのヒモ流しを採用。穴ヒモ（5・6号艇）を積極的に含める。'}",,,36.4,逃げ狙い,25.54,31.3,2,,,,,,,,,,,
2026-02-25,丸亀,10,3,四宮与寛,A2,27.37,3,▲,11.2744,24.3,94,64.9,0.1332,2.7544,,,0,低,60,0,-,232 33,0,39.5,0.9342,0,0,0.0476,0.0952,0,0.1116,0.1374,0.0258,,○,C,△,,0.4714,0.6545,,0.4031,A,70,0,◎-○軸 3着3〜4艇流し（10〜15点）,0.5777,"{'is_target': True, 'verdict': '参加推奨', 'max_combo_prob': 0.0788, 'est_top_odds': 16.9, 'circle_concentration': 75.5, 'eligible_count': 8, 'bet_adj': 2, 'reason': 'rel_win1=54.0%（本命度） / 最有力組み合わせ確率: 0.079（推定実オッズ?17倍） / 2着集中度: 上位2艇 75.5%（補正+0.04） / 総合判定確率: 0.119 / → ヒモ分散。1号艇1着固定で広めのヒモ流し推奨（買い目+2点）', 'tenji_trigger': '展示確認: ヒモ分散レース。1号艇伸び確認後、広めのヒモ流しを採用。穴ヒモ（5・6号艇）を積極的に含める。'}",,,36.4,逃げ狙い,25.54,31.3,2,,,,,,,,,,,
2026-02-25,丸亀,10,4,江本真治,A2,40.91,4,○,8.636,12.9,100,62.5,0.1661,3.5859,,,0,低,105,0,-,1 3444,0,88.4,1.7557,0,0,0.0417,0.0417,0.0417,0.1156,0.1156,0.1644,,,A,○,○,0.3142,0.6785,0.3114,0.4031,A,70,0,◎-○軸 3着3〜4艇流し（10〜15点）,0.5777,"{'is_target': True, 'verdict': '参加推奨', 'max_combo_prob': 0.0788, 'est_top_odds': 16.9, 'circle_concentration': 75.5, 'eligible_count': 8, 'bet_adj': 2, 'reason': 'rel_win1=54.0%（本命度） / 最有力組み合わせ確率: 0.079（推定実オッズ?17倍） / 2着集中度: 上位2艇 75.5%（補正+0.04） / 総合判定確率: 0.119 / → ヒモ分散。1号艇1着固定で広めのヒモ流し推奨（買い目+2点）', 'tenji_trigger': '展示確認: ヒモ分散レース。1号艇伸び確認後、広めのヒモ流しを採用。穴ヒモ（5・6号艇）を積極的に含める。'}",,,36.4,逃げ狙い,25.54,31.3,2,,,,,,,,,,,
2026-02-25,丸亀,10,5,松村　敏,A1,26.80,5,△,9.0756,11.3,97,72.9,0.1163,2.2458,,,0,低,28,0,差0% ま0% 差ま0%,55153,0,100,2.0081,0,0.0357,0.0357,0.0357,0,0.0085,0.0837,0.017,,△,D,◎,◎,0.4623,0.8115,0.4815,0.4031,A,70,0,◎-○軸 3着3〜4艇流し（10〜15点）,0.5777,"{'is_target': True, 'verdict': '参加推奨', 'max_combo_prob': 0.0788, 'est_top_odds': 16.9, 'circle_concentration': 75.5, 'eligible_count': 8, 'bet_adj': 2, 'reason': 'rel_win1=54.0%（本命度） / 最有力組み合わせ確率: 0.079（推定実オッズ?17倍） / 2着集中度: 上位2艇 75.5%（補正+0.04） / 総合判定確率: 0.119 / → ヒモ分散。1号艇1着固定で広めのヒモ流し推奨（買い目+2点）', 'tenji_trigger': '展示確認: ヒモ分散レース。1号艇伸び確認後、広めのヒモ流しを採用。穴ヒモ（5・6号艇）を積極的に含める。'}",,,36.4,逃げ狙い,25.54,31.3,2,,,,,,,,,,,
2026-02-25,丸亀,10,6,渡辺　豊,B1,25.49,6,,2.1205,0.3,60,19.2,0.2252,5.3269,,,0,低,220,0,-,221 65,0,32.9,0.6192,0,0,0,0,0,0.1906,0.1059,0.1788,,,D,,,0.1471,0.576,,0.4031,A,70,0,◎-○軸 3着3〜4艇流し（10〜15点）,0.5777,"{'is_target': True, 'verdict': '参加推奨', 'max_combo_prob': 0.0788, 'est_top_odds': 16.9, 'circle_concentration': 75.5, 'eligible_count': 8, 'bet_adj': 2, 'reason': 'rel_win1=54.0%（本命度） / 最有力組み合わせ確率: 0.079（推定実オッズ?17倍） / 2着集中度: 上位2艇 75.5%（補正+0.04） / 総合判定確率: 0.119 / → ヒモ分散。1号艇1着固定で広めのヒモ流し推奨（買い目+2点）', 'tenji_trigger': '展示確認: ヒモ分散レース。1号艇伸び確認後、広めのヒモ流しを採用。穴ヒモ（5・6号艇）を積極的に含める。'}",,,36.4,逃げ狙い,25.54,31.3,2,,,,,,,,,,,
2026-02-25,丸亀,11,1,中岡正彦,A1,45.79,1,◎,53.8923,,0,93.3,0.1175,2.4083,,,0,低,42,0,逃1%,112311,0,85.4,1.0684,0.7647,,,,,0.1103,0,0.0588,◎,,A,△,,,0.649,,0.6818,S,91,0,◎1着固定 2-3着流し（5〜8点）,0.5777,"{'is_target': True, 'verdict': '点数絞り', 'max_combo_prob': 0.0921, 'est_top_odds': 14.5, 'circle_concentration': 74.4, 'eligible_count': 6, 'bet_adj': 0, 'reason': 'rel_win1=53.9%（本命度） / 最有力組み合わせ確率: 0.092（推定実オッズ?14倍） / 2着集中度: 上位2艇 74.4%（補正+0.04） / 総合判定確率: 0.132 / → ヒモはやや固め。上位2艇以外を切ること', 'tenji_trigger': '展示確認: 1号艇伸び良→そのまま採用。悪→飛び組に差し替え。circle_pct上位2艇に絞り込むこと。\n展示で1号艇スタート超安定(0.117秒)→ヒモ固まり方向に注意'}",,,29.8,逃げ狙い,28.5,24.2,2,,,,,0,0,0.7559,0,,逃げ軸流し,A
2026-02-25,丸亀,11,2,中村晃朋,A1,35.85,2,▲,19.5406,55.7,84,90.9,0.1591,3.1818,,,0,低,56,0,抜0%,34213,0,45.7,0.9879,0,0.1875,0.125,0,0.0625,0.1745,0,0.1564,,,C,○,,0.092,0.678,,0.6818,S,91,0,◎1着固定 2-3着流し（5〜8点）,0.5777,"{'is_target': True, 'verdict': '点数絞り', 'max_combo_prob': 0.0921, 'est_top_odds': 14.5, 'circle_concentration': 74.4, 'eligible_count': 6, 'bet_adj': 0, 'reason': 'rel_win1=53.9%（本命度） / 最有力組み合わせ確率: 0.092（推定実オッズ?14倍） / 2着集中度: 上位2艇 74.4%（補正+0.04） / 総合判定確率: 0.132 / → ヒモはやや固め。上位2艇以外を切ること', 'tenji_trigger': '展示確認: 1号艇伸び良→そのまま採用。悪→飛び組に差し替え。circle_pct上位2艇に絞り込むこと。\n展示で1号艇スタート超安定(0.117秒)→ヒモ固まり方向に注意'}",,,29.8,逃げ狙い,28.5,24.2,2,,,,,,,,,,,
2026-02-25,丸亀,11,3,後藤正宗,B1,43.27,3,△,8.9472,18.7,100,59.3,0.1689,3.4167,,,0,低,94,0,ま0% 差ま0%,3 3512,0,76.8,1.0588,0,0,0.0526,0.0526,0,0.1769,0.0615,0.1154,,,B,△,,0.1115,0.6345,,0.6818,S,91,0,◎1着固定 2-3着流し（5〜8点）,0.5777,"{'is_target': True, 'verdict': '点数絞り', 'max_combo_prob': 0.0921, 'est_top_odds': 14.5, 'circle_concentration': 74.4, 'eligible_count': 6, 'bet_adj': 0, 'reason': 'rel_win1=53.9%（本命度） / 最有力組み合わせ確率: 0.092（推定実オッズ?14倍） / 2着集中度: 上位2艇 74.4%（補正+0.04） / 総合判定確率: 0.132 / → ヒモはやや固め。上位2艇以外を切ること', 'tenji_trigger': '展示確認: 1号艇伸び良→そのまま採用。悪→飛び組に差し替え。circle_pct上位2艇に絞り込むこと。\n展示で1号艇スタート超安定(0.117秒)→ヒモ固まり方向に注意'}",,,29.8,逃げ狙い,28.5,24.2,2,,,,,,,,,,,
2026-02-25,丸亀,11,4,金子賢志,A1,38.68,4,○,13.3211,16.4,63,59,0.1318,2.6393,,,0,低,74,0,ま0%,365 12,0,79.9,1.3779,0,0,0.1429,0,0,0.1338,0.0235,0.0235,,,C,◎,◎,0.2627,0.6825,0.4145,0.6818,S,91,0,◎1着固定 2-3着流し（5〜8点）,0.5777,"{'is_target': True, 'verdict': '点数絞り', 'max_combo_prob': 0.0921, 'est_top_odds': 14.5, 'circle_concentration': 74.4, 'eligible_count': 6, 'bet_adj': 0, 'reason': 'rel_win1=53.9%（本命度） / 最有力組み合わせ確率: 0.092（推定実オッズ?14倍） / 2着集中度: 上位2艇 74.4%（補正+0.04） / 総合判定確率: 0.132 / → ヒモはやや固め。上位2艇以外を切ること', 'tenji_trigger': '展示確認: 1号艇伸び良→そのまま採用。悪→飛び組に差し替え。circle_pct上位2艇に絞り込むこと。\n展示で1号艇スタート超安定(0.117秒)→ヒモ固まり方向に注意'}",,,29.8,逃げ狙い,28.5,24.2,2,,,,,,,,,,,
2026-02-25,丸亀,11,5,片橋幸貴,B2,25.00,5,,3.1502,8.8,79,53.2,0.1472,3.5213,,,0,低,80,0,-,3 2314,0,29.7,0.6536,0,0,0,0,0.0625,0.0308,0.0462,0.2615,,,E,,,0.2148,0.629,,0.6818,S,91,0,◎1着固定 2-3着流し（5〜8点）,0.5777,"{'is_target': True, 'verdict': '点数絞り', 'max_combo_prob': 0.0921, 'est_top_odds': 14.5, 'circle_concentration': 74.4, 'eligible_count': 6, 'bet_adj': 0, 'reason': 'rel_win1=53.9%（本命度） / 最有力組み合わせ確率: 0.092（推定実オッズ?14倍） / 2着集中度: 上位2艇 74.4%（補正+0.04） / 総合判定確率: 0.132 / → ヒモはやや固め。上位2艇以外を切ること', 'tenji_trigger': '展示確認: 1号艇伸び良→そのまま採用。悪→飛び組に差し替え。circle_pct上位2艇に絞り込むこと。\n展示で1号艇スタート超安定(0.117秒)→ヒモ固まり方向に注意'}",,,29.8,逃げ狙い,28.5,24.2,2,,,,,,,,,,,
2026-02-25,丸亀,11,6,山口裕二,A2,22.77,6,,1.1486,0.4,84,37.7,0.2043,4.8868,,,0,低,129,0,差ま0%,4 6144,0,44.2,1.5039,0,0,0,0.0455,0,0.0229,0.1171,0.1171,,,E,,,0.1068,0.619,,0.6818,S,91,0,◎1着固定 2-3着流し（5〜8点）,0.5777,"{'is_target': True, 'verdict': '点数絞り', 'max_combo_prob': 0.0921, 'est_top_odds': 14.5, 'circle_concentration': 74.4, 'eligible_count': 6, 'bet_adj': 0, 'reason': 'rel_win1=53.9%（本命度） / 最有力組み合わせ確率: 0.092（推定実オッズ?14倍） / 2着集中度: 上位2艇 74.4%（補正+0.04） / 総合判定確率: 0.132 / → ヒモはやや固め。上位2艇以外を切ること', 'tenji_trigger': '展示確認: 1号艇伸び良→そのまま採用。悪→飛び組に差し替え。circle_pct上位2艇に絞り込むこと。\n展示で1号艇スタート超安定(0.117秒)→ヒモ固まり方向に注意'}",,,29.8,逃げ狙い,28.5,24.2,2,,,,,,,,,,,
2026-02-25,丸亀,12,1,廣瀬真也,A2,19.00,1,◎,62.4083,,0,89.5,0.1318,1.9478,,,0,低,83,0,逃0%,436431,0,100,1.4801,0.7273,,,,,0.0242,0.1364,0.1364,◎,,E,○,,,0.6585,,0.6746,S,80,0,◎1着固定 2-3着流し（5〜8点）,0.5777,"{'is_target': True, 'verdict': '参加推奨', 'max_combo_prob': 0.0761, 'est_top_odds': 17.5, 'circle_concentration': 69.3, 'eligible_count': 6, 'bet_adj': 2, 'reason': 'rel_win1=62.4%（本命度） / 最有力組み合わせ確率: 0.076（推定実オッズ?18倍） / 2着集中度: 上位2艇 69.3%（補正+0.00） / 総合判定確率: 0.076 / → ヒモ分散。1号艇1着固定で広めのヒモ流し推奨（買い目+2点）', 'tenji_trigger': '展示確認: ヒモ分散レース。1号艇伸び確認後、広めのヒモ流しを採用。穴ヒモ（5・6号艇）を積極的に含める。\n展示で1号艇スタート超安定(0.132秒)→ヒモ固まり方向に注意'}",,,26.2,逃げ狙い,13.53,26.8,5,,,,,0,0,0.7559,0,,逃げ軸流し,A
2026-02-25,丸亀,12,2,川添英正,B1,35.85,2,△,10.1936,29.2,90,46.4,0.1862,4.5652,,,0,低,169,0,差0% 抜0%,643 24,0,23.1,0.7802,0,0.1034,0,0,0.0345,0.19,0.1,0.04,,,B,△,,0.0731,0.657,,0.6746,S,80,0,◎1着固定 2-3着流し（5〜8点）,0.5777,"{'is_target': True, 'verdict': '参加推奨', 'max_combo_prob': 0.0761, 'est_top_odds': 17.5, 'circle_concentration': 69.3, 'eligible_count': 6, 'bet_adj': 2, 'reason': 'rel_win1=62.4%（本命度） / 最有力組み合わせ確率: 0.076（推定実オッズ?18倍） / 2着集中度: 上位2艇 69.3%（補正+0.00） / 総合判定確率: 0.076 / → ヒモ分散。1号艇1着固定で広めのヒモ流し推奨（買い目+2点）', 'tenji_trigger': '展示確認: ヒモ分散レース。1号艇伸び確認後、広めのヒモ流しを採用。穴ヒモ（5・6号艇）を積極的に含める。\n展示で1号艇スタート超安定(0.132秒)→ヒモ固まり方向に注意'}",,,26.2,逃げ狙い,13.53,26.8,5,,,,,,,,,,,
2026-02-25,丸亀,12,3,川上聡介,A2,42.45,3,○,9.7125,40.1,89,62.1,0.1371,2.8276,,,0,低,77,0,-,625 66,0,77,1.7283,0,0,0,0.0714,0,0.0593,0.1148,0.3037,,,A,,,0.2649,0.6225,,0.6746,S,80,0,◎1着固定 2-3着流し（5〜8点）,0.5777,"{'is_target': True, 'verdict': '参加推奨', 'max_combo_prob': 0.0761, 'est_top_odds': 17.5, 'circle_concentration': 69.3, 'eligible_count': 6, 'bet_adj': 2, 'reason': 'rel_win1=62.4%（本命度） / 最有力組み合わせ確率: 0.076（推定実オッズ?18倍） / 2着集中度: 上位2艇 69.3%（補正+0.00） / 総合判定確率: 0.076 / → ヒモ分散。1号艇1着固定で広めのヒモ流し推奨（買い目+2点）', 'tenji_trigger': '展示確認: ヒモ分散レース。1号艇伸び確認後、広めのヒモ流しを採用。穴ヒモ（5・6号艇）を積極的に含める。\n展示で1号艇スタート超安定(0.132秒)→ヒモ固まり方向に注意'}",,,26.2,逃げ狙い,13.53,26.8,5,,,,,,,,,,,
2026-02-25,丸亀,12,4,三宅健太,B1,25.00,4,,6.704,11.4,100,44.1,0.1751,3.9237,,,0,低,124,0,-,341 46,0,78.9,0.9211,0,0,0.1364,0,0,0.2109,0.0909,0.4691,,,D,,,0.1477,0.621,,0.6746,S,80,0,◎1着固定 2-3着流し（5〜8点）,0.5777,"{'is_target': True, 'verdict': '参加推奨', 'max_combo_prob': 0.0761, 'est_top_odds': 17.5, 'circle_concentration': 69.3, 'eligible_count': 6, 'bet_adj': 2, 'reason': 'rel_win1=62.4%（本命度） / 最有力組み合わせ確率: 0.076（推定実オッズ?18倍） / 2着集中度: 上位2艇 69.3%（補正+0.00） / 総合判定確率: 0.076 / → ヒモ分散。1号艇1着固定で広めのヒモ流し推奨（買い目+2点）', 'tenji_trigger': '展示確認: ヒモ分散レース。1号艇伸び確認後、広めのヒモ流しを採用。穴ヒモ（5・6号艇）を積極的に含める。\n展示で1号艇スタート超安定(0.132秒)→ヒモ固まり方向に注意'}",,,26.2,逃げ狙い,13.53,26.8,5,,,,,,,,,,,
2026-02-25,丸亀,12,5,高橋英之,A2,25.49,5,▲,8.1986,15.6,83,47.9,0.1252,2.2396,,,0,低,59,0,-,44562,0,38.9,1.6043,0,0,0,0.0435,0,0.064,0.164,0.132,,,C,◎,◎,0.3014,0.6665,0.4176,0.6746,S,80,0,◎1着固定 2-3着流し（5〜8点）,0.5777,"{'is_target': True, 'verdict': '参加推奨', 'max_combo_prob': 0.0761, 'est_top_odds': 17.5, 'circle_concentration': 69.3, 'eligible_count': 6, 'bet_adj': 2, 'reason': 'rel_win1=62.4%（本命度） / 最有力組み合わせ確率: 0.076（推定実オッズ?18倍） / 2着集中度: 上位2艇 69.3%（補正+0.00） / 総合判定確率: 0.076 / → ヒモ分散。1号艇1着固定で広めのヒモ流し推奨（買い目+2点）', 'tenji_trigger': '展示確認: ヒモ分散レース。1号艇伸び確認後、広めのヒモ流しを採用。穴ヒモ（5・6号艇）を積極的に含める。\n展示で1号艇スタート超安定(0.132秒)→ヒモ固まり方向に注意'}",,,26.2,逃げ狙い,13.53,26.8,5,,,,,,,,,,,
2026-02-25,丸亀,12,6,古田祐貴,A2,20.21,6,,2.783,3.7,56,24.2,0.1742,4.0379,,,0,低,105,0,-,3 S451,0,95.9,2.0642,,,,,,0.2088,0.1971,0.1338,,,D,△,,0.1787,0.6265,,0.6746,S,80,0,◎1着固定 2-3着流し（5〜8点）,0.5777,"{'is_target': True, 'verdict': '参加推奨', 'max_combo_prob': 0.0761, 'est_top_odds': 17.5, 'circle_concentration': 69.3, 'eligible_count': 6, 'bet_adj': 2, 'reason': 'rel_win1=62.4%（本命度） / 最有力組み合わせ確率: 0.076（推定実オッズ?18倍） / 2着集中度: 上位2艇 69.3%（補正+0.00） / 総合判定確率: 0.076 / → ヒモ分散。1号艇1着固定で広めのヒモ流し推奨（買い目+2点）', 'tenji_trigger': '展示確認: ヒモ分散レース。1号艇伸び確認後、広めのヒモ流しを採用。穴ヒモ（5・6号艇）を積極的に含める。\n展示で1号艇スタート超安定(0.132秒)→ヒモ固まり方向に注意'}",,,26.2,逃げ狙い,13.53,26.8,5,,,,,,,,,,,
2026-02-26,丸亀,1,1,米田隆弘,B1,30.56,1,◎,59.7091,,0,92.9,0.1546,2.8786,,,0,低,143,0,逃0%,252 34,0,100,1.6794,0.5,,,,,0.0625,0.1607,0.025,◎,,D,△,,,0.624,,0.5467,S,86,0,◎1着固定 2-3着流し（5〜8点）,0.5777,"{'is_target': True, 'verdict': '参加推奨', 'max_combo_prob': 0.0982, 'est_top_odds': 13.6, 'circle_concentration': 60.9, 'eligible_count': 6, 'bet_adj': 2, 'reason': 'rel_win1=59.7%（本命度） / 最有力組み合わせ確率: 0.098（推定実オッズ?14倍） / 2着集中度: 上位2艇 60.9%（補正+0.00） / 総合判定確率: 0.098 / → ヒモ分散。1号艇1着固定で広めのヒモ流し推奨（買い目+2点）', 'tenji_trigger': '展示確認: ヒモ分散レース。1号艇伸び確認後、広めのヒモ流しを採用。穴ヒモ（5・6号艇）を積極的に含める。'}",,,27.1,逃げ狙い,14.58,28.5,4,,,,,0,0,0.7559,0,,逃げ軸流し,A
2026-02-26,丸亀,1,2,伊藤雄二,B1,44.55,2,○,8.6343,24,81,39.1,0.1616,3.3623,,,0,低,128,0,-,4 556,0,56.2,1.1988,,,,,,0.2227,0.4636,0.0364,,,A,,,0.2669,0.574,,0.5467,S,86,0,◎1着固定 2-3着流し（5〜8点）,0.5777,"{'is_target': True, 'verdict': '参加推奨', 'max_combo_prob': 0.0982, 'est_top_odds': 13.6, 'circle_concentration': 60.9, 'eligible_count': 6, 'bet_adj': 2, 'reason': 'rel_win1=59.7%（本命度） / 最有力組み合わせ確率: 0.098（推定実オッズ?14倍） / 2着集中度: 上位2艇 60.9%（補正+0.00） / 総合判定確率: 0.098 / → ヒモ分散。1号艇1着固定で広めのヒモ流し推奨（買い目+2点）', 'tenji_trigger': '展示確認: ヒモ分散レース。1号艇伸び確認後、広めのヒモ流しを採用。穴ヒモ（5・6号艇）を積極的に含める。'}",,,27.1,逃げ狙い,14.58,28.5,4,,,,,,,,,,,
2026-02-26,丸亀,1,3,川添英正,B1,35.85,3,△,12.5482,37,100,59.3,0.1834,3.9322,,,0,低,169,0,ま0%,643 24,0,18.2,0.6248,0,0.0345,0.069,0,0,0.19,0.1,0.04,,,C,◎,,0.1619,0.657,,0.5467,S,86,0,◎1着固定 2-3着流し（5〜8点）,0.5777,"{'is_target': True, 'verdict': '参加推奨', 'max_combo_prob': 0.0982, 'est_top_odds': 13.6, 'circle_concentration': 60.9, 'eligible_count': 6, 'bet_adj': 2, 'reason': 'rel_win1=59.7%（本命度） / 最有力組み合わせ確率: 0.098（推定実オッズ?14倍） / 2着集中度: 上位2艇 60.9%（補正+0.00） / 総合判定確率: 0.098 / → ヒモ分散。1号艇1着固定で広めのヒモ流し推奨（買い目+2点）', 'tenji_trigger': '展示確認: ヒモ分散レース。1号艇伸び確認後、広めのヒモ流しを採用。穴ヒモ（5・6号艇）を積極的に含める。'}",,,27.1,逃げ狙い,14.58,28.5,4,,,,,,,,,,,
2026-02-26,丸亀,1,4,西原明生,B1,28.70,4,,9.5592,16.9,44,27.4,0.1813,4.2742,,,0,低,192,0,差0%,1 5345,0,72.2,1.5011,0,0.04,0,0,0,0.2571,0.2571,0.2762,,,E,△,,0.2019,0.641,,0.5467,S,86,0,◎1着固定 2-3着流し（5〜8点）,0.5777,"{'is_target': True, 'verdict': '参加推奨', 'max_combo_prob': 0.0982, 'est_top_odds': 13.6, 'circle_concentration': 60.9, 'eligible_count': 6, 'bet_adj': 2, 'reason': 'rel_win1=59.7%（本命度） / 最有力組み合わせ確率: 0.098（推定実オッズ?14倍） / 2着集中度: 上位2艇 60.9%（補正+0.00） / 総合判定確率: 0.098 / → ヒモ分散。1号艇1着固定で広めのヒモ流し推奨（買い目+2点）', 'tenji_trigger': '展示確認: ヒモ分散レース。1号艇伸び確認後、広めのヒモ流しを採用。穴ヒモ（5・6号艇）を積極的に含める。'}",,,27.1,逃げ狙い,14.58,28.5,4,,,,,,,,,,,
2026-02-26,丸亀,1,5,松竹大輔,B1,42.73,5,▲,8.2628,21.7,43,33.8,0.1738,3.5211,,,0,低,112,0,-,1 1566,0,83.8,1.6729,0,0.0385,0,0.0385,0,0.0444,0.0889,0.2093,,,B,○,◎,0.2473,0.6475,0.3488,0.5467,S,86,0,◎1着固定 2-3着流し（5〜8点）,0.5777,"{'is_target': True, 'verdict': '参加推奨', 'max_combo_prob': 0.0982, 'est_top_odds': 13.6, 'circle_concentration': 60.9, 'eligible_count': 6, 'bet_adj': 2, 'reason': 'rel_win1=59.7%（本命度） / 最有力組み合わせ確率: 0.098（推定実オッズ?14倍） / 2着集中度: 上位2艇 60.9%（補正+0.00） / 総合判定確率: 0.098 / → ヒモ分散。1号艇1着固定で広めのヒモ流し推奨（買い目+2点）', 'tenji_trigger': '展示確認: ヒモ分散レース。1号艇伸び確認後、広めのヒモ流しを採用。穴ヒモ（5・6号艇）を積極的に含める。'}",,,27.1,逃げ狙い,14.58,28.5,4,,,,,,,,,,,
2026-02-26,丸亀,1,6,廣部大明,B2,36.27,6,,1.2864,0.5,14,1.1,0.2219,4.4722,,,0,低,61,0,-,554 3F,0,29.1,0.67,,,,,,0,0.5,0.5,,,C,,,0.1628,0.424,,0.5467,S,86,0,◎1着固定 2-3着流し（5〜8点）,0.5777,"{'is_target': True, 'verdict': '参加推奨', 'max_combo_prob': 0.0982, 'est_top_odds': 13.6, 'circle_concentration': 60.9, 'eligible_count': 6, 'bet_adj': 2, 'reason': 'rel_win1=59.7%（本命度） / 最有力組み合わせ確率: 0.098（推定実オッズ?14倍） / 2着集中度: 上位2艇 60.9%（補正+0.00） / 総合判定確率: 0.098 / → ヒモ分散。1号艇1着固定で広めのヒモ流し推奨（買い目+2点）', 'tenji_trigger': '展示確認: ヒモ分散レース。1号艇伸び確認後、広めのヒモ流しを採用。穴ヒモ（5・6号艇）を積極的に含める。'}",,,27.1,逃げ狙い,14.58,28.5,4,,,,,,,,,,,
2026-02-26,丸亀,2,1,関根彰人,B1,39.45,1,◎,49.5233,,0,81.7,0.1412,3.0583,,,0,低,170,0,逃1%,153 52,0,77.1,0.8763,0.5556,,,,,0,0.2042,0.1153,○,,C,,,,0.62,,0.4004,A,71,0,◎-○軸 3着3〜4艇流し（10〜15点）,0.5777,"{'is_target': True, 'verdict': '点数絞り', 'max_combo_prob': 0.0918, 'est_top_odds': 14.5, 'circle_concentration': 78.2, 'eligible_count': 8, 'bet_adj': 0, 'reason': 'rel_win1=49.5%（本命度） / 最有力組み合わせ確率: 0.092（推定実オッズ?14倍） / 2着集中度: 上位2艇 78.2%（補正+0.04） / 総合判定確率: 0.132 / → ヒモはやや固め。上位2艇以外を切ること', 'tenji_trigger': '展示確認: 1号艇伸び良→そのまま採用。悪→飛び組に差し替え。circle_pct上位2艇に絞り込むこと。'}",,,26.5,逃げ狙い,13.79,27.4,4,,,,,0,0,0.6155,0,,逃げ軸流し,A
2026-02-26,丸亀,2,2,岡本翔太,B1,35.00,2,△,11.6127,48.2,74,48.6,0.1272,2.5347,,,0,低,61,0,差0%,451 55,0,59.9,0.955,0,0.08,0,0,0.04,0.19,0.08,0.19,,◎,C,◎,,0.4573,0.6355,,0.4004,A,71,0,◎-○軸 3着3〜4艇流し（10〜15点）,0.5777,"{'is_target': True, 'verdict': '点数絞り', 'max_combo_prob': 0.0918, 'est_top_odds': 14.5, 'circle_concentration': 78.2, 'eligible_count': 8, 'bet_adj': 0, 'reason': 'rel_win1=49.5%（本命度） / 最有力組み合わせ確率: 0.092（推定実オッズ?14倍） / 2着集中度: 上位2艇 78.2%（補正+0.04） / 総合判定確率: 0.132 / → ヒモはやや固め。上位2艇以外を切ること', 'tenji_trigger': '展示確認: 1号艇伸び良→そのまま採用。悪→飛び組に差し替え。circle_pct上位2艇に絞り込むこと。'}",,,26.5,逃げ狙い,13.79,27.4,4,,,,,,,,,,,
2026-02-26,丸亀,2,3,三宅健太,B1,25.00,3,,15.0371,30,100,59.7,0.1578,3.4104,,,0,低,124,0,-,341 46,0,77.8,1.2983,0,0,0.1538,0,0,0.2109,0.0909,0.4691,,,E,△,,0.2486,0.621,,0.4004,A,71,0,◎-○軸 3着3〜4艇流し（10〜15点）,0.5777,"{'is_target': True, 'verdict': '点数絞り', 'max_combo_prob': 0.0918, 'est_top_odds': 14.5, 'circle_concentration': 78.2, 'eligible_count': 8, 'bet_adj': 0, 'reason': 'rel_win1=49.5%（本命度） / 最有力組み合わせ確率: 0.092（推定実オッズ?14倍） / 2着集中度: 上位2艇 78.2%（補正+0.04） / 総合判定確率: 0.132 / → ヒモはやや固め。上位2艇以外を切ること', 'tenji_trigger': '展示確認: 1号艇伸び良→そのまま採用。悪→飛び組に差し替え。circle_pct上位2艇に絞り込むこと。'}",,,26.5,逃げ狙い,13.79,27.4,4,,,,,,,,,,,
2026-02-26,丸亀,2,4,梶山涼斗,B1,50.00,4,○,15.9107,9.6,84,46.7,0.1287,2.4083,,,0,低,51,0,-,655 54,0,54.2,0.8432,0,0.0323,0.0968,0.0323,0,0,0.0941,0.1671,,,A,○,◎,0.3775,0.624,0.4256,0.4004,A,71,0,◎-○軸 3着3〜4艇流し（10〜15点）,0.5777,"{'is_target': True, 'verdict': '点数絞り', 'max_combo_prob': 0.0918, 'est_top_odds': 14.5, 'circle_concentration': 78.2, 'eligible_count': 8, 'bet_adj': 0, 'reason': 'rel_win1=49.5%（本命度） / 最有力組み合わせ確率: 0.092（推定実オッズ?14倍） / 2着集中度: 上位2艇 78.2%（補正+0.04） / 総合判定確率: 0.132 / → ヒモはやや固め。上位2艇以外を切ること', 'tenji_trigger': '展示確認: 1号艇伸び良→そのまま採用。悪→飛び組に差し替え。circle_pct上位2艇に絞り込むこと。'}",,,26.5,逃げ狙い,13.79,27.4,4,,,,,,,,,,,
2026-02-26,丸亀,2,5,川上聡介,A2,42.45,5,▲,6.7999,10,46,29.8,0.1351,3.0965,,,0,低,77,0,差ま0% 抜0%,625 66,0,64.7,0.97,0,0,0,0.0417,0.0417,0.0593,0.1148,0.3037,,,B,△,,0.3319,0.6225,,0.4004,A,71,0,◎-○軸 3着3〜4艇流し（10〜15点）,0.5777,"{'is_target': True, 'verdict': '点数絞り', 'max_combo_prob': 0.0918, 'est_top_odds': 14.5, 'circle_concentration': 78.2, 'eligible_count': 8, 'bet_adj': 0, 'reason': 'rel_win1=49.5%（本命度） / 最有力組み合わせ確率: 0.092（推定実オッズ?14倍） / 2着集中度: 上位2艇 78.2%（補正+0.04） / 総合判定確率: 0.132 / → ヒモはやや固め。上位2艇以外を切ること', 'tenji_trigger': '展示確認: 1号艇伸び良→そのまま採用。悪→飛び組に差し替え。circle_pct上位2艇に絞り込むこと。'}",,,26.5,逃げ狙い,13.79,27.4,4,,,,,,,,,,,
2026-02-26,丸亀,2,6,吉川颯汰,B2,30.77,6,,1.1162,2.2,30,0,0.2388,4.9231,,,0,低,18,0,-,6S6 66,0,28.9,0.5928,,,,,,,,,,,D,,,0.1693,0.3465,,0.4004,A,71,0,◎-○軸 3着3〜4艇流し（10〜15点）,0.5777,"{'is_target': True, 'verdict': '点数絞り', 'max_combo_prob': 0.0918, 'est_top_odds': 14.5, 'circle_concentration': 78.2, 'eligible_count': 8, 'bet_adj': 0, 'reason': 'rel_win1=49.5%（本命度） / 最有力組み合わせ確率: 0.092（推定実オッズ?14倍） / 2着集中度: 上位2艇 78.2%（補正+0.04） / 総合判定確率: 0.132 / → ヒモはやや固め。上位2艇以外を切ること', 'tenji_trigger': '展示確認: 1号艇伸び良→そのまま採用。悪→飛び組に差し替え。circle_pct上位2艇に絞り込むこと。'}",,,26.5,逃げ狙い,13.79,27.4,4,,,,,,,,,,,
2026-02-26,丸亀,3,1,星　栄爾,B1,29.63,1,◎,58.3311,,0,91.1,0.1256,1.8291,,,0,低,115,0,逃1%,2 243,0,78,1.1657,0.6585,,,,,0.0293,0.0293,0.2585,◎,,C,○,,,0.652,,0.6996,S,85,0,◎1着固定 2-3着流し（5〜8点）,0.5777,"{'is_target': True, 'verdict': '参加推奨', 'max_combo_prob': 0.0907, 'est_top_odds': 14.7, 'circle_concentration': 67.4, 'eligible_count': 6, 'bet_adj': 2, 'reason': 'rel_win1=58.3%（本命度） / 最有力組み合わせ確率: 0.091（推定実オッズ?15倍） / 2着集中度: 上位2艇 67.4%（補正+0.00） / 総合判定確率: 0.091 / → ヒモ分散。1号艇1着固定で広めのヒモ流し推奨（買い目+2点）', 'tenji_trigger': '展示確認: ヒモ分散レース。1号艇伸び確認後、広めのヒモ流しを採用。穴ヒモ（5・6号艇）を積極的に含める。\n展示で1号艇スタート超安定(0.126秒)→ヒモ固まり方向に注意'}",,,25.2,逃げ狙い,10.92,26.1,4,,,,,0,0,0.7559,0,,逃げ軸流し,A
2026-02-26,丸亀,3,2,田中宏典,B1,25.23,2,,10.6976,31.8,100,57.5,0.1966,4.3617,,,0,低,103,0,-,6 421,0,100,2.2014,0,0.1364,0,0,0,0,0.1,0.2167,,,D,,,0.0857,0.581,,0.6996,S,85,0,◎1着固定 2-3着流し（5〜8点）,0.5777,"{'is_target': True, 'verdict': '参加推奨', 'max_combo_prob': 0.0907, 'est_top_odds': 14.7, 'circle_concentration': 67.4, 'eligible_count': 6, 'bet_adj': 2, 'reason': 'rel_win1=58.3%（本命度） / 最有力組み合わせ確率: 0.091（推定実オッズ?15倍） / 2着集中度: 上位2艇 67.4%（補正+0.00） / 総合判定確率: 0.091 / → ヒモ分散。1号艇1着固定で広めのヒモ流し推奨（買い目+2点）', 'tenji_trigger': '展示確認: ヒモ分散レース。1号艇伸び確認後、広めのヒモ流しを採用。穴ヒモ（5・6号艇）を積極的に含める。\n展示で1号艇スタート超安定(0.126秒)→ヒモ固まり方向に注意'}",,,25.2,逃げ狙い,10.92,26.1,4,,,,,,,,,,,
2026-02-26,丸亀,3,3,高橋英之,A2,25.49,3,△,10.1611,35.6,63,55,0.131,2.3917,,,0,低,59,0,差0% 差ま0%,44562,0,40.2,1.0388,0,0.05,0,0.05,0,0.064,0.164,0.132,,,D,◎,,0.2633,0.6665,,0.6996,S,85,0,◎1着固定 2-3着流し（5〜8点）,0.5777,"{'is_target': True, 'verdict': '参加推奨', 'max_combo_prob': 0.0907, 'est_top_odds': 14.7, 'circle_concentration': 67.4, 'eligible_count': 6, 'bet_adj': 2, 'reason': 'rel_win1=58.3%（本命度） / 最有力組み合わせ確率: 0.091（推定実オッズ?15倍） / 2着集中度: 上位2艇 67.4%（補正+0.00） / 総合判定確率: 0.091 / → ヒモ分散。1号艇1着固定で広めのヒモ流し推奨（買い目+2点）', 'tenji_trigger': '展示確認: ヒモ分散レース。1号艇伸び確認後、広めのヒモ流しを採用。穴ヒモ（5・6号艇）を積極的に含める。\n展示で1号艇スタート超安定(0.126秒)→ヒモ固まり方向に注意'}",,,25.2,逃げ狙い,10.92,26.1,4,,,,,,,,,,,
2026-02-26,丸亀,3,4,宮内直哉,B1,37.86,4,○,12.0087,21,41,36.1,0.1716,3.6066,,,0,低,170,0,ま0%,5 565,0,44.7,1.0087,0,0,0.1154,0,0,0.148,0.212,0.132,,,B,△,◎,0.1393,0.6035,0.2081,0.6996,S,85,0,◎1着固定 2-3着流し（5〜8点）,0.5777,"{'is_target': True, 'verdict': '参加推奨', 'max_combo_prob': 0.0907, 'est_top_odds': 14.7, 'circle_concentration': 67.4, 'eligible_count': 6, 'bet_adj': 2, 'reason': 'rel_win1=58.3%（本命度） / 最有力組み合わせ確率: 0.091（推定実オッズ?15倍） / 2着集中度: 上位2艇 67.4%（補正+0.00） / 総合判定確率: 0.091 / → ヒモ分散。1号艇1着固定で広めのヒモ流し推奨（買い目+2点）', 'tenji_trigger': '展示確認: ヒモ分散レース。1号艇伸び確認後、広めのヒモ流しを採用。穴ヒモ（5・6号艇）を積極的に含める。\n展示で1号艇スタート超安定(0.126秒)→ヒモ固まり方向に注意'}",,,25.2,逃げ狙い,10.92,26.1,4,,,,,,,,,,,
2026-02-26,丸亀,3,5,内田　壮,B2,21.78,5,,7.6222,11.1,59,0,0.15,4.5,,,0,低,49,1,-,6 635,0,36.2,0.8362,,,,,,,,,,,E,,,0.2371,0.468,,0.6996,S,85,0,◎1着固定 2-3着流し（5〜8点）,0.5777,"{'is_target': True, 'verdict': '参加推奨', 'max_combo_prob': 0.0907, 'est_top_odds': 14.7, 'circle_concentration': 67.4, 'eligible_count': 6, 'bet_adj': 2, 'reason': 'rel_win1=58.3%（本命度） / 最有力組み合わせ確率: 0.091（推定実オッズ?15倍） / 2着集中度: 上位2艇 67.4%（補正+0.00） / 総合判定確率: 0.091 / → ヒモ分散。1号艇1着固定で広めのヒモ流し推奨（買い目+2点）', 'tenji_trigger': '展示確認: ヒモ分散レース。1号艇伸び確認後、広めのヒモ流しを採用。穴ヒモ（5・6号艇）を積極的に含める。\n展示で1号艇スタート超安定(0.126秒)→ヒモ固まり方向に注意'}",,,25.2,逃げ狙い,10.92,26.1,4,,,,,,,,,,,
2026-02-26,丸亀,3,6,東　潤樹,B1,38.89,6,▲,1.1793,0.5,29,16.7,0.1848,4.2833,,,0,低,191,0,-,3 134,0,26.8,0.6239,,,,,,0.1639,0.3139,0.0296,,,B,△,,0.1394,0.6475,,0.6996,S,85,0,◎1着固定 2-3着流し（5〜8点）,0.5777,"{'is_target': True, 'verdict': '参加推奨', 'max_combo_prob': 0.0907, 'est_top_odds': 14.7, 'circle_concentration': 67.4, 'eligible_count': 6, 'bet_adj': 2, 'reason': 'rel_win1=58.3%（本命度） / 最有力組み合わせ確率: 0.091（推定実オッズ?15倍） / 2着集中度: 上位2艇 67.4%（補正+0.00） / 総合判定確率: 0.091 / → ヒモ分散。1号艇1着固定で広めのヒモ流し推奨（買い目+2点）', 'tenji_trigger': '展示確認: ヒモ分散レース。1号艇伸び確認後、広めのヒモ流しを採用。穴ヒモ（5・6号艇）を積極的に含める。\n展示で1号艇スタート超安定(0.126秒)→ヒモ固まり方向に注意'}",,,25.2,逃げ狙い,10.92,26.1,4,,,,,,,,,,,
2026-02-26,丸亀,4,1,吉川勇作,B1,49.51,1,◎,58.5382,,0,83.9,0.1195,2.4911,,,0,低,92,0,-,3 521,0,53.5,0.9251,0.5714,,,,,0.3162,0.0381,0.0571,◎,,A,,,,0.6335,,0.6237,S,85,0,◎1着固定 2-3着流し（5〜8点）,0.5777,"{'is_target': True, 'verdict': '参加推奨', 'max_combo_prob': 0.0798, 'est_top_odds': 16.7, 'circle_concentration': 77.8, 'eligible_count': 6, 'bet_adj': 2, 'reason': 'rel_win1=58.5%（本命度） / 最有力組み合わせ確率: 0.080（推定実オッズ?17倍） / 2着集中度: 上位2艇 77.8%（補正+0.04） / 総合判定確率: 0.120 / → ヒモ分散。1号艇1着固定で広めのヒモ流し推奨（買い目+2点）', 'tenji_trigger': '展示確認: ヒモ分散レース。1号艇伸び確認後、広めのヒモ流しを採用。穴ヒモ（5・6号艇）を積極的に含める。\n展示で1号艇スタート超安定(0.119秒)→ヒモ固まり方向に注意'}",,,27.6,逃げ狙い,12.07,31.9,3,,,,,0,0,0.7559,0,,逃げ軸流し,A
2026-02-26,丸亀,4,2,吉永泰弘,B1,26.85,2,,7.7822,33.5,91,40.4,0.169,3.4615,,,0,低,137,0,-,56442,0,90.6,1.8462,0,0.0476,0,0,0,0.2376,0.4541,0.0235,,,D,△,,0.0593,0.6525,,0.6237,S,85,0,◎1着固定 2-3着流し（5〜8点）,0.5777,"{'is_target': True, 'verdict': '参加推奨', 'max_combo_prob': 0.0798, 'est_top_odds': 16.7, 'circle_concentration': 77.8, 'eligible_count': 6, 'bet_adj': 2, 'reason': 'rel_win1=58.5%（本命度） / 最有力組み合わせ確率: 0.080（推定実オッズ?17倍） / 2着集中度: 上位2艇 77.8%（補正+0.04） / 総合判定確率: 0.120 / → ヒモ分散。1号艇1着固定で広めのヒモ流し推奨（買い目+2点）', 'tenji_trigger': '展示確認: ヒモ分散レース。1号艇伸び確認後、広めのヒモ流しを採用。穴ヒモ（5・6号艇）を積極的に含める。\n展示で1号艇スタート超安定(0.119秒)→ヒモ固まり方向に注意'}",,,27.6,逃げ狙い,12.07,31.9,3,,,,,,,,,,,
2026-02-26,丸亀,4,3,四宮与寛,A2,27.37,3,○,15.8362,44.3,99,64.9,0.1332,2.7544,,,0,低,60,0,-,232 33,0,62.1,1.0594,0,0,0.0476,0.0952,0,0.1116,0.1374,0.0258,,,C,○,,0.2323,0.6545,,0.6237,S,85,0,◎1着固定 2-3着流し（5〜8点）,0.5777,"{'is_target': True, 'verdict': '参加推奨', 'max_combo_prob': 0.0798, 'est_top_odds': 16.7, 'circle_concentration': 77.8, 'eligible_count': 6, 'bet_adj': 2, 'reason': 'rel_win1=58.5%（本命度） / 最有力組み合わせ確率: 0.080（推定実オッズ?17倍） / 2着集中度: 上位2艇 77.8%（補正+0.04） / 総合判定確率: 0.120 / → ヒモ分散。1号艇1着固定で広めのヒモ流し推奨（買い目+2点）', 'tenji_trigger': '展示確認: ヒモ分散レース。1号艇伸び確認後、広めのヒモ流しを採用。穴ヒモ（5・6号艇）を積極的に含める。\n展示で1号艇スタート超安定(0.119秒)→ヒモ固まり方向に注意'}",,,27.6,逃げ狙い,12.07,31.9,3,,,,,,,,,,,
2026-02-26,丸亀,4,4,町田洸希,B1,37.04,4,▲,9.3144,7.4,100,38.1,0.1673,3.7937,,,0,低,130,0,-,513 45,0,100,2.1943,0,0,0.0833,0,0,0.1875,0.125,0.125,,,B,,◎,0.1232,0.6035,0.1907,0.6237,S,85,0,◎1着固定 2-3着流し（5〜8点）,0.5777,"{'is_target': True, 'verdict': '参加推奨', 'max_combo_prob': 0.0798, 'est_top_odds': 16.7, 'circle_concentration': 77.8, 'eligible_count': 6, 'bet_adj': 2, 'reason': 'rel_win1=58.5%（本命度） / 最有力組み合わせ確率: 0.080（推定実オッズ?17倍） / 2着集中度: 上位2艇 77.8%（補正+0.04） / 総合判定確率: 0.120 / → ヒモ分散。1号艇1着固定で広めのヒモ流し推奨（買い目+2点）', 'tenji_trigger': '展示確認: ヒモ分散レース。1号艇伸び確認後、広めのヒモ流しを採用。穴ヒモ（5・6号艇）を積極的に含める。\n展示で1号艇スタート超安定(0.119秒)→ヒモ固まり方向に注意'}",,,27.6,逃げ狙い,12.07,31.9,3,,,,,,,,,,,
2026-02-26,丸亀,4,5,浦田晃嗣,B1,20.62,5,△,5.6013,12,46,28,0.1521,3.2533,,,0,低,95,0,-,1 3626,0,30.9,0.8133,,,,,,0.1486,0.2343,0.2057,,,E,△,,0.2079,0.642,,0.6237,S,85,0,◎1着固定 2-3着流し（5〜8点）,0.5777,"{'is_target': True, 'verdict': '参加推奨', 'max_combo_prob': 0.0798, 'est_top_odds': 16.7, 'circle_concentration': 77.8, 'eligible_count': 6, 'bet_adj': 2, 'reason': 'rel_win1=58.5%（本命度） / 最有力組み合わせ確率: 0.080（推定実オッズ?17倍） / 2着集中度: 上位2艇 77.8%（補正+0.04） / 総合判定確率: 0.120 / → ヒモ分散。1号艇1着固定で広めのヒモ流し推奨（買い目+2点）', 'tenji_trigger': '展示確認: ヒモ分散レース。1号艇伸び確認後、広めのヒモ流しを採用。穴ヒモ（5・6号艇）を積極的に含める。\n展示で1号艇スタート超安定(0.119秒)→ヒモ固まり方向に注意'}",,,27.6,逃げ狙い,12.07,31.9,3,,,,,,,,,,,
2026-02-26,丸亀,4,6,廣瀬真也,A2,19.00,6,,2.9277,2.8,88,36.7,0.1612,3.4167,,,0,低,83,0,差0% 差ま0%,436431,0,35.6,1.4672,0,0.037,0,0.037,0,0.0242,0.1364,0.1364,,,E,◎,,0.1477,0.6585,,0.6237,S,85,0,◎1着固定 2-3着流し（5〜8点）,0.5777,"{'is_target': True, 'verdict': '参加推奨', 'max_combo_prob': 0.0798, 'est_top_odds': 16.7, 'circle_concentration': 77.8, 'eligible_count': 6, 'bet_adj': 2, 'reason': 'rel_win1=58.5%（本命度） / 最有力組み合わせ確率: 0.080（推定実オッズ?17倍） / 2着集中度: 上位2艇 77.8%（補正+0.04） / 総合判定確率: 0.120 / → ヒモ分散。1号艇1着固定で広めのヒモ流し推奨（買い目+2点）', 'tenji_trigger': '展示確認: ヒモ分散レース。1号艇伸び確認後、広めのヒモ流しを採用。穴ヒモ（5・6号艇）を積極的に含める。\n展示で1号艇スタート超安定(0.119秒)→ヒモ固まり方向に注意'}",,,27.6,逃げ狙い,12.07,31.9,3,,,,,,,,,,,
2026-02-26,丸亀,5,1,後藤正宗,B1,43.27,1,◎,57.3393,,0,91.2,0.1641,3.1985,,,0,低,94,0,逃1%,3 3512,0,58.8,0.985,0.4615,,,,,0.1769,0.0615,0.1154,○,,B,△,,,0.6345,,0.4275,S,91,0,◎1着固定 2-3着流し（5〜8点）,0.5777,"{'is_target': True, 'verdict': '点数絞り', 'max_combo_prob': 0.1106, 'est_top_odds': 12.1, 'circle_concentration': 79.2, 'eligible_count': 6, 'bet_adj': 0, 'reason': 'rel_win1=57.3%（本命度） / 最有力組み合わせ確率: 0.111（推定実オッズ?12倍） / 2着集中度: 上位2艇 79.2%（補正+0.04） / 総合判定確率: 0.151 / → ヒモはやや固め。上位2艇以外を切ること', 'tenji_trigger': '展示確認: 1号艇伸び良→そのまま採用。悪→飛び組に差し替え。circle_pct上位2艇に絞り込むこと。'}",,,28.4,逃げ狙い,16.15,30.8,2,,,,,0,0,0.6155,0,,逃げ軸流し,A
2026-02-26,丸亀,5,2,山口裕二,A2,22.77,2,▲,13.2852,57.3,89,75.9,0.1459,3.2963,,,0,低,129,0,差0%,4 6144,0,43.7,1.0688,0,0.125,0,0,0.0417,0.0229,0.1171,0.1171,,◎,E,,,0.537,0.619,,0.4275,S,91,0,◎1着固定 2-3着流し（5〜8点）,0.5777,"{'is_target': True, 'verdict': '点数絞り', 'max_combo_prob': 0.1106, 'est_top_odds': 12.1, 'circle_concentration': 79.2, 'eligible_count': 6, 'bet_adj': 0, 'reason': 'rel_win1=57.3%（本命度） / 最有力組み合わせ確率: 0.111（推定実オッズ?12倍） / 2着集中度: 上位2艇 79.2%（補正+0.04） / 総合判定確率: 0.151 / → ヒモはやや固め。上位2艇以外を切ること', 'tenji_trigger': '展示確認: 1号艇伸び良→そのまま採用。悪→飛び組に差し替え。circle_pct上位2艇に絞り込むこと。'}",,,28.4,逃げ狙い,16.15,30.8,2,,,,,,,,,,,
2026-02-26,丸亀,5,3,三原　司,B1,27.72,3,,11.9849,21.9,73,51.9,0.1794,3.9416,,,0,低,167,0,-,3 246,0,100,0.9302,0,0,0.0571,0.0286,0,0.2452,0.2071,0.0571,,,D,△,,0.2256,0.624,,0.4275,S,91,0,◎1着固定 2-3着流し（5〜8点）,0.5777,"{'is_target': True, 'verdict': '点数絞り', 'max_combo_prob': 0.1106, 'est_top_odds': 12.1, 'circle_concentration': 79.2, 'eligible_count': 6, 'bet_adj': 0, 'reason': 'rel_win1=57.3%（本命度） / 最有力組み合わせ確率: 0.111（推定実オッズ?12倍） / 2着集中度: 上位2艇 79.2%（補正+0.04） / 総合判定確率: 0.151 / → ヒモはやや固め。上位2艇以外を切ること', 'tenji_trigger': '展示確認: 1号艇伸び良→そのまま採用。悪→飛び組に差し替え。circle_pct上位2艇に絞り込むこと。'}",,,28.4,逃げ狙い,16.15,30.8,2,,,,,,,,,,,
2026-02-26,丸亀,5,4,川添英正,B1,35.85,4,,7.8632,13.9,100,44.3,0.1982,4.4262,,,0,低,169,0,-,643 24,0,55.5,1.37,,,,,,0.19,0.1,0.04,,,C,○,,0.1896,0.657,,0.4275,S,91,0,◎1着固定 2-3着流し（5〜8点）,0.5777,"{'is_target': True, 'verdict': '点数絞り', 'max_combo_prob': 0.1106, 'est_top_odds': 12.1, 'circle_concentration': 79.2, 'eligible_count': 6, 'bet_adj': 0, 'reason': 'rel_win1=57.3%（本命度） / 最有力組み合わせ確率: 0.111（推定実オッズ?12倍） / 2着集中度: 上位2艇 79.2%（補正+0.04） / 総合判定確率: 0.151 / → ヒモはやや固め。上位2艇以外を切ること', 'tenji_trigger': '展示確認: 1号艇伸び良→そのまま採用。悪→飛び組に差し替え。circle_pct上位2艇に絞り込むこと。'}",,,28.4,逃げ狙い,16.15,30.8,2,,,,,,,,,,,
2026-02-26,丸亀,5,5,伊藤雄二,B1,44.55,5,○,4.6479,4.2,36,19.7,0.1685,3.3662,,,0,低,128,0,差0%,4 556,0,26.2,0.7276,0,0.0312,0,0,0,0.2227,0.4636,0.0364,,,A,,,0.2721,0.574,,0.4275,S,91,0,◎1着固定 2-3着流し（5〜8点）,0.5777,"{'is_target': True, 'verdict': '点数絞り', 'max_combo_prob': 0.1106, 'est_top_odds': 12.1, 'circle_concentration': 79.2, 'eligible_count': 6, 'bet_adj': 0, 'reason': 'rel_win1=57.3%（本命度） / 最有力組み合わせ確率: 0.111（推定実オッズ?12倍） / 2着集中度: 上位2艇 79.2%（補正+0.04） / 総合判定確率: 0.151 / → ヒモはやや固め。上位2艇以外を切ること', 'tenji_trigger': '展示確認: 1号艇伸び良→そのまま採用。悪→飛び組に差し替え。circle_pct上位2艇に絞り込むこと。'}",,,28.4,逃げ狙い,16.15,30.8,2,,,,,,,,,,,
2026-02-26,丸亀,5,6,江本真治,A2,40.91,6,△,4.8795,2.7,88,31.6,0.1886,4.2281,,,0,低,105,0,-,1 3444,0,27,2.1639,0,0,0.05,0,0,0.1156,0.1156,0.1644,,,C,◎,,0.2214,0.6785,,0.4275,S,91,0,◎1着固定 2-3着流し（5〜8点）,0.5777,"{'is_target': True, 'verdict': '点数絞り', 'max_combo_prob': 0.1106, 'est_top_odds': 12.1, 'circle_concentration': 79.2, 'eligible_count': 6, 'bet_adj': 0, 'reason': 'rel_win1=57.3%（本命度） / 最有力組み合わせ確率: 0.111（推定実オッズ?12倍） / 2着集中度: 上位2艇 79.2%（補正+0.04） / 総合判定確率: 0.151 / → ヒモはやや固め。上位2艇以外を切ること', 'tenji_trigger': '展示確認: 1号艇伸び良→そのまま採用。悪→飛び組に差し替え。circle_pct上位2艇に絞り込むこと。'}",,,28.4,逃げ狙い,16.15,30.8,2,,,,,,,,,,,
2026-02-26,丸亀,6,1,渡辺　豊,B1,25.49,1,◎,47.8604,,0,79.8,0.1854,4.0714,,,0,低,220,0,逃1%,221 65,0,48,0.8543,0.3529,,,,,0.1906,0.1059,0.1788,△,,D,,,,0.576,,0.2378,B,55,0,◎○△フォーメーション（15〜20点）,0.5777,"{'is_target': True, 'verdict': '参加推奨', 'max_combo_prob': 0.0616, 'est_top_odds': 21.6, 'circle_concentration': 73.2, 'eligible_count': 9, 'bet_adj': 2, 'reason': 'rel_win1=47.9%（本命度） / 最有力組み合わせ確率: 0.062（推定実オッズ?22倍） / 2着集中度: 上位2艇 73.2%（補正+0.04） / 総合判定確率: 0.102 / → ヒモ分散。1号艇1着固定で広めのヒモ流し推奨（買い目+2点）', 'tenji_trigger': '展示確認: ヒモ分散レース。1号艇伸び確認後、広めのヒモ流しを採用。穴ヒモ（5・6号艇）を積極的に含める。\n展示で1号艇スタート遅め(0.185秒)確認→ヒモが荒れやすい'}",,,32.2,両建て推奨,23.35,35.6,4,3-1-4|1-2-4|1-3-4|1-4-3|1-4-2|1-2-3,3-1-4|6-1-4|5-1-6|6-1-2|5-1-2|6-4-1|6-2-1|1-2-4|1-3-4|1-4-3|1-4-2|1-2-3,3-1-4:3.25%|1-2-4:8.54%|1-3-4:6.99%|1-4-3:6.46%|1-4-2:5.73%|1-2-3:5.61%,3-1-4:B_main|1-2-4:A|1-3-4:A|1-4-3:A|1-4-2:A|1-2-3:A,6,12,0.4535,1,[!]見送り推奨（主役決まり手「まくり差し」― 逃げ劣勢レースで的中実績なし）,荒れ広め,D
2026-02-26,丸亀,6,2,丹下　健,B1,23.60,2,,11.3577,32.5,91,49.1,0.182,3.7542,,,0,低,133,0,差0% ま0%,26662,0,34.4,0.8176,0,0.0357,0.0357,0,0,0.1962,0.2343,0.1771,,△,E,,,0.3695,0.5945,,0.2378,B,55,0,◎○△フォーメーション（15〜20点）,0.5777,"{'is_target': True, 'verdict': '参加推奨', 'max_combo_prob': 0.0616, 'est_top_odds': 21.6, 'circle_concentration': 73.2, 'eligible_count': 9, 'bet_adj': 2, 'reason': 'rel_win1=47.9%（本命度） / 最有力組み合わせ確率: 0.062（推定実オッズ?22倍） / 2着集中度: 上位2艇 73.2%（補正+0.04） / 総合判定確率: 0.102 / → ヒモ分散。1号艇1着固定で広めのヒモ流し推奨（買い目+2点）', 'tenji_trigger': '展示確認: ヒモ分散レース。1号艇伸び確認後、広めのヒモ流しを採用。穴ヒモ（5・6号艇）を積極的に含める。\n展示で1号艇スタート遅め(0.185秒)確認→ヒモが荒れやすい'}",,,32.2,両建て推奨,23.35,35.6,4,,,,,,,,,,,
2026-02-26,丸亀,6,3,梶山涼斗,B1,50.00,3,○,10.4114,15.5,100,46.3,0.1411,2.6481,,,0,低,51,0,-,655 54,0,33.6,0.9148,,,,,,0,0.0941,0.1671,,◎,A,○,,0.5094,0.624,,0.2378,B,55,0,◎○△フォーメーション（15〜20点）,0.5777,"{'is_target': True, 'verdict': '参加推奨', 'max_combo_prob': 0.0616, 'est_top_odds': 21.6, 'circle_concentration': 73.2, 'eligible_count': 9, 'bet_adj': 2, 'reason': 'rel_win1=47.9%（本命度） / 最有力組み合わせ確率: 0.062（推定実オッズ?22倍） / 2着集中度: 上位2艇 73.2%（補正+0.04） / 総合判定確率: 0.102 / → ヒモ分散。1号艇1着固定で広めのヒモ流し推奨（買い目+2点）', 'tenji_trigger': '展示確認: ヒモ分散レース。1号艇伸び確認後、広めのヒモ流しを採用。穴ヒモ（5・6号艇）を積極的に含める。\n展示で1号艇スタート遅め(0.185秒)確認→ヒモが荒れやすい'}",,,32.2,両建て推奨,23.35,35.6,4,,,,,,,,,,,
2026-02-26,丸亀,6,4,松村　敏,A1,26.80,4,▲,19.6022,40.7,55,78.8,0.107,2.2273,,,0,低,28,0,差0% ま0% 差ま0% 抜0%,55153,0,97.1,1.8717,0,0.0571,0.1143,0.1143,0.0286,0.0085,0.0837,0.017,,○,D,◎,◎,0.5032,0.8115,0.5433,0.2378,B,55,0,◎○△フォーメーション（15〜20点）,0.5777,"{'is_target': True, 'verdict': '参加推奨', 'max_combo_prob': 0.0616, 'est_top_odds': 21.6, 'circle_concentration': 73.2, 'eligible_count': 9, 'bet_adj': 2, 'reason': 'rel_win1=47.9%（本命度） / 最有力組み合わせ確率: 0.062（推定実オッズ?22倍） / 2着集中度: 上位2艇 73.2%（補正+0.04） / 総合判定確率: 0.102 / → ヒモ分散。1号艇1着固定で広めのヒモ流し推奨（買い目+2点）', 'tenji_trigger': '展示確認: ヒモ分散レース。1号艇伸び確認後、広めのヒモ流しを採用。穴ヒモ（5・6号艇）を積極的に含める。\n展示で1号艇スタート遅め(0.185秒)確認→ヒモが荒れやすい'}",,,32.2,両建て推奨,23.35,35.6,4,,,,,,,,,,,
2026-02-26,丸亀,6,5,大神康司,A2,44.23,5,△,8.23,9.4,71,0,0.18,2,,,0,低,61,1,-,2 4153,0,26.5,0.8036,,,,,,0.2807,0,0.067,,,B,△,,0.3428,0.6115,,0.2378,B,55,0,◎○△フォーメーション（15〜20点）,0.5777,"{'is_target': True, 'verdict': '参加推奨', 'max_combo_prob': 0.0616, 'est_top_odds': 21.6, 'circle_concentration': 73.2, 'eligible_count': 9, 'bet_adj': 2, 'reason': 'rel_win1=47.9%（本命度） / 最有力組み合わせ確率: 0.062（推定実オッズ?22倍） / 2着集中度: 上位2艇 73.2%（補正+0.04） / 総合判定確率: 0.102 / → ヒモ分散。1号艇1着固定で広めのヒモ流し推奨（買い目+2点）', 'tenji_trigger': '展示確認: ヒモ分散レース。1号艇伸び確認後、広めのヒモ流しを採用。穴ヒモ（5・6号艇）を積極的に含める。\n展示で1号艇スタート遅め(0.185秒)確認→ヒモが荒れやすい'}",,,32.2,両建て推奨,23.35,35.6,4,,,,,,,,,,,
2026-02-26,丸亀,6,6,関根彰人,B1,39.45,6,,2.5383,1.9,54,24.6,0.2107,4.9672,,,0,低,170,0,-,153 52,0,23,0.77,,,,,,0,0.2042,0.1153,,,C,△,,0.2454,0.62,,0.2378,B,55,0,◎○△フォーメーション（15〜20点）,0.5777,"{'is_target': True, 'verdict': '参加推奨', 'max_combo_prob': 0.0616, 'est_top_odds': 21.6, 'circle_concentration': 73.2, 'eligible_count': 9, 'bet_adj': 2, 'reason': 'rel_win1=47.9%（本命度） / 最有力組み合わせ確率: 0.062（推定実オッズ?22倍） / 2着集中度: 上位2艇 73.2%（補正+0.04） / 総合判定確率: 0.102 / → ヒモ分散。1号艇1着固定で広めのヒモ流し推奨（買い目+2点）', 'tenji_trigger': '展示確認: ヒモ分散レース。1号艇伸び確認後、広めのヒモ流しを採用。穴ヒモ（5・6号艇）を積極的に含める。\n展示で1号艇スタート遅め(0.185秒)確認→ヒモが荒れやすい'}",,,32.2,両建て推奨,23.35,35.6,4,,,,,,,,,,,
2026-02-26,丸亀,7,1,片橋幸貴,B2,25.00,1,◎,54.7846,,0,90,0.143,2.6071,,,0,低,80,0,逃0%,3 2314,0,76.8,1.1594,0.5769,,,,,0.0308,0.0462,0.2615,◎,,D,○,,,0.629,,0.6403,S,84,0,◎1着固定 2-3着流し（5〜8点）,0.5777,"{'is_target': True, 'verdict': '点数絞り', 'max_combo_prob': 0.1683, 'est_top_odds': 7.9, 'circle_concentration': 82.2, 'eligible_count': 6, 'bet_adj': 0, 'reason': 'rel_win1=54.8%（本命度） / 最有力組み合わせ確率: 0.168（推定実オッズ?8倍） / 2着集中度: 上位2艇 82.2%（補正+0.04） / 総合判定確率: 0.208 / → ヒモはやや固め。上位2艇以外を切ること', 'tenji_trigger': '展示確認: 1号艇伸び良→そのまま採用。悪→飛び組に差し替え。circle_pct上位2艇に絞り込むこと。'}",,,28.7,逃げ狙い,21.97,26.6,2,,,,,0,0,0.7559,0,,逃げ軸流し,A
2026-02-26,丸亀,7,2,中村晃朋,A1,35.85,2,○,23.7821,71.9,66,90.9,0.1591,3.1818,,,0,低,56,0,抜0%,34213,0,39.3,1.0205,0,0.1875,0.125,0,0.0625,0.1745,0,0.1564,,,B,◎,,0.1857,0.678,,0.6403,S,84,0,◎1着固定 2-3着流し（5〜8点）,0.5777,"{'is_target': True, 'verdict': '点数絞り', 'max_combo_prob': 0.1683, 'est_top_odds': 7.9, 'circle_concentration': 82.2, 'eligible_count': 6, 'bet_adj': 0, 'reason': 'rel_win1=54.8%（本命度） / 最有力組み合わせ確率: 0.168（推定実オッズ?8倍） / 2着集中度: 上位2艇 82.2%（補正+0.04） / 総合判定確率: 0.208 / → ヒモはやや固め。上位2艇以外を切ること', 'tenji_trigger': '展示確認: 1号艇伸び良→そのまま採用。悪→飛び組に差し替え。circle_pct上位2艇に絞り込むこと。'}",,,28.7,逃げ狙い,21.97,26.6,2,,,,,,,,,,,
2026-02-26,丸亀,7,3,田中宏典,B1,25.23,3,,7.5478,10.3,47,35.1,0.1678,3.8108,,,0,低,103,0,-,6 421,0,38.2,1.0925,,,,,,0,0.1,0.2167,,,D,,,0.1896,0.581,,0.6403,S,84,0,◎1着固定 2-3着流し（5〜8点）,0.5777,"{'is_target': True, 'verdict': '点数絞り', 'max_combo_prob': 0.1683, 'est_top_odds': 7.9, 'circle_concentration': 82.2, 'eligible_count': 6, 'bet_adj': 0, 'reason': 'rel_win1=54.8%（本命度） / 最有力組み合わせ確率: 0.168（推定実オッズ?8倍） / 2着集中度: 上位2艇 82.2%（補正+0.04） / 総合判定確率: 0.208 / → ヒモはやや固め。上位2艇以外を切ること', 'tenji_trigger': '展示確認: 1号艇伸び良→そのまま採用。悪→飛び組に差し替え。circle_pct上位2艇に絞り込むこと。'}",,,28.7,逃げ狙い,21.97,26.6,2,,,,,,,,,,,
2026-02-26,丸亀,7,4,米田隆弘,B1,30.56,4,▲,5.3614,8.1,100,55.2,0.1512,3.5597,,,0,低,143,0,-,252 34,0,98.8,0.8077,0,0,0,0.0345,0.0345,0.0625,0.1607,0.025,,,C,△,,0.254,0.624,,0.6403,S,84,0,◎1着固定 2-3着流し（5〜8点）,0.5777,"{'is_target': True, 'verdict': '点数絞り', 'max_combo_prob': 0.1683, 'est_top_odds': 7.9, 'circle_concentration': 82.2, 'eligible_count': 6, 'bet_adj': 0, 'reason': 'rel_win1=54.8%（本命度） / 最有力組み合わせ確率: 0.168（推定実オッズ?8倍） / 2着集中度: 上位2艇 82.2%（補正+0.04） / 総合判定確率: 0.208 / → ヒモはやや固め。上位2艇以外を切ること', 'tenji_trigger': '展示確認: 1号艇伸び良→そのまま採用。悪→飛び組に差し替え。circle_pct上位2艇に絞り込むこと。'}",,,28.7,逃げ狙い,21.97,26.6,2,,,,,,,,,,,
2026-02-26,丸亀,7,5,宮内直哉,B1,37.86,5,△,5.5722,6.2,50,26.4,0.1846,4.0417,,,0,低,170,0,-,5 565,0,27.4,0.779,,,,,,0.148,0.212,0.132,,,B,,,0.1885,0.6035,,0.6403,S,84,0,◎1着固定 2-3着流し（5〜8点）,0.5777,"{'is_target': True, 'verdict': '点数絞り', 'max_combo_prob': 0.1683, 'est_top_odds': 7.9, 'circle_concentration': 82.2, 'eligible_count': 6, 'bet_adj': 0, 'reason': 'rel_win1=54.8%（本命度） / 最有力組み合わせ確率: 0.168（推定実オッズ?8倍） / 2着集中度: 上位2艇 82.2%（補正+0.04） / 総合判定確率: 0.208 / → ヒモはやや固め。上位2艇以外を切ること', 'tenji_trigger': '展示確認: 1号艇伸び良→そのまま採用。悪→飛び組に差し替え。circle_pct上位2艇に絞り込むこと。'}",,,28.7,逃げ狙い,21.97,26.6,2,,,,,,,,,,,
2026-02-26,丸亀,7,6,古田祐貴,A2,20.21,6,,2.9519,3.5,37,24.2,0.1742,4.0379,,,0,低,105,0,-,3 S451,0,28.2,2.0942,,,,,,0.2088,0.1971,0.1338,,,E,△,,0.2177,0.6265,,0.6403,S,84,0,◎1着固定 2-3着流し（5〜8点）,0.5777,"{'is_target': True, 'verdict': '点数絞り', 'max_combo_prob': 0.1683, 'est_top_odds': 7.9, 'circle_concentration': 82.2, 'eligible_count': 6, 'bet_adj': 0, 'reason': 'rel_win1=54.8%（本命度） / 最有力組み合わせ確率: 0.168（推定実オッズ?8倍） / 2着集中度: 上位2艇 82.2%（補正+0.04） / 総合判定確率: 0.208 / → ヒモはやや固め。上位2艇以外を切ること', 'tenji_trigger': '展示確認: 1号艇伸び良→そのまま採用。悪→飛び組に差し替え。circle_pct上位2艇に絞り込むこと。'}",,,28.7,逃げ狙い,21.97,26.6,2,,,,,,,,,,,
2026-02-26,丸亀,8,1,岡瀬正人,A2,46.15,1,◎,75.4406,,0,88.1,0.1586,3.901,,,0,低,176,0,逃1%,2 6313,0,100,2.0346,0.5,,,,,0.0955,0.1727,0.0545,○,,A,○,,,0.6505,,0.4401,A,79,0,◎-○軸 3着3〜4艇流し（10〜15点）,0.5777,"{'is_target': True, 'verdict': '点数絞り', 'max_combo_prob': 0.1027, 'est_top_odds': 13.0, 'circle_concentration': 70.1, 'eligible_count': 8, 'bet_adj': 0, 'reason': 'rel_win1=75.4%（本命度） / 最有力組み合わせ確率: 0.103（推定実オッズ?13倍） / 2着集中度: 上位2艇 70.1%（補正+0.04） / 総合判定確率: 0.143 / → ヒモはやや固め。上位2艇以外を切ること', 'tenji_trigger': '展示確認: 1号艇伸び良→そのまま採用。悪→飛び組に差し替え。circle_pct上位2艇に絞り込むこと。'}",,,26.3,逃げ狙い,9.91,30.1,3,,,,,0,0,0.6155,0,,逃げ軸流し,A
2026-02-26,丸亀,8,2,廣瀬真也,A2,19.00,2,△,8.7432,39.7,94,53.6,0.1533,3.087,,,0,低,83,0,-,436431,0,51.1,0.5184,0,0.0345,0.0345,0,0,0.0242,0.1364,0.1364,,◎,E,◎,,0.3739,0.6585,,0.4401,A,79,0,◎-○軸 3着3〜4艇流し（10〜15点）,0.5777,"{'is_target': True, 'verdict': '点数絞り', 'max_combo_prob': 0.1027, 'est_top_odds': 13.0, 'circle_concentration': 70.1, 'eligible_count': 8, 'bet_adj': 0, 'reason': 'rel_win1=75.4%（本命度） / 最有力組み合わせ確率: 0.103（推定実オッズ?13倍） / 2着集中度: 上位2艇 70.1%（補正+0.04） / 総合判定確率: 0.143 / → ヒモはやや固め。上位2艇以外を切ること', 'tenji_trigger': '展示確認: 1号艇伸び良→そのまま採用。悪→飛び組に差し替え。circle_pct上位2艇に絞り込むこと。'}",,,26.3,逃げ狙い,9.91,30.1,3,,,,,,,,,,,
2026-02-26,丸亀,8,3,町田洸希,B1,37.04,3,▲,5.6312,23.3,100,50.8,0.1553,3.6525,,,0,低,130,0,-,513 45,0,38.8,0.8812,0,0,0,0,0.0417,0.1875,0.125,0.125,,○,C,,,0.3513,0.6035,,0.4401,A,79,0,◎-○軸 3着3〜4艇流し（10〜15点）,0.5777,"{'is_target': True, 'verdict': '点数絞り', 'max_combo_prob': 0.1027, 'est_top_odds': 13.0, 'circle_concentration': 70.1, 'eligible_count': 8, 'bet_adj': 0, 'reason': 'rel_win1=75.4%（本命度） / 最有力組み合わせ確率: 0.103（推定実オッズ?13倍） / 2着集中度: 上位2艇 70.1%（補正+0.04） / 総合判定確率: 0.143 / → ヒモはやや固め。上位2艇以外を切ること', 'tenji_trigger': '展示確認: 1号艇伸び良→そのまま採用。悪→飛び組に差し替え。circle_pct上位2艇に絞り込むこと。'}",,,26.3,逃げ狙い,9.91,30.1,3,,,,,,,,,,,
2026-02-26,丸亀,8,4,川上聡介,A2,42.45,4,○,6.5786,30.3,78,53.1,0.1586,3.2959,,,0,低,77,0,ま0%,625 66,0,50.7,1.0132,0,0,0.0833,0,0,0.0593,0.1148,0.3037,,,B,△,,0.3226,0.6225,,0.4401,A,79,0,◎-○軸 3着3〜4艇流し（10〜15点）,0.5777,"{'is_target': True, 'verdict': '点数絞り', 'max_combo_prob': 0.1027, 'est_top_odds': 13.0, 'circle_concentration': 70.1, 'eligible_count': 8, 'bet_adj': 0, 'reason': 'rel_win1=75.4%（本命度） / 最有力組み合わせ確率: 0.103（推定実オッズ?13倍） / 2着集中度: 上位2艇 70.1%（補正+0.04） / 総合判定確率: 0.143 / → ヒモはやや固め。上位2艇以外を切ること', 'tenji_trigger': '展示確認: 1号艇伸び良→そのまま採用。悪→飛び組に差し替え。circle_pct上位2艇に絞り込むこと。'}",,,26.3,逃げ狙い,9.91,30.1,3,,,,,,,,,,,
2026-02-26,丸亀,8,5,西原明生,B1,28.70,5,,2.5469,6.3,83,35.8,0.1886,3.9877,,,0,低,192,0,-,1 5345,0,23,1.0374,0,0,0.0286,0,0,0.2571,0.2571,0.2762,,,D,△,,0.2116,0.641,,0.4401,A,79,0,◎-○軸 3着3〜4艇流し（10〜15点）,0.5777,"{'is_target': True, 'verdict': '点数絞り', 'max_combo_prob': 0.1027, 'est_top_odds': 13.0, 'circle_concentration': 70.1, 'eligible_count': 8, 'bet_adj': 0, 'reason': 'rel_win1=75.4%（本命度） / 最有力組み合わせ確率: 0.103（推定実オッズ?13倍） / 2着集中度: 上位2艇 70.1%（補正+0.04） / 総合判定確率: 0.143 / → ヒモはやや固め。上位2艇以外を切ること', 'tenji_trigger': '展示確認: 1号艇伸び良→そのまま採用。悪→飛び組に差し替え。circle_pct上位2艇に絞り込むこと。'}",,,26.3,逃げ狙い,9.91,30.1,3,,,,,,,,,,,
2026-02-26,丸亀,8,6,内田　壮,B2,21.78,6,,1.0595,0.3,31,6.3,0.2209,4.8861,,,0,低,49,0,-,6 635,0,23,0.4578,,,,,,,,,,,E,,,0.1647,0.468,,0.4401,A,79,0,◎-○軸 3着3〜4艇流し（10〜15点）,0.5777,"{'is_target': True, 'verdict': '点数絞り', 'max_combo_prob': 0.1027, 'est_top_odds': 13.0, 'circle_concentration': 70.1, 'eligible_count': 8, 'bet_adj': 0, 'reason': 'rel_win1=75.4%（本命度） / 最有力組み合わせ確率: 0.103（推定実オッズ?13倍） / 2着集中度: 上位2艇 70.1%（補正+0.04） / 総合判定確率: 0.143 / → ヒモはやや固め。上位2艇以外を切ること', 'tenji_trigger': '展示確認: 1号艇伸び良→そのまま採用。悪→飛び組に差し替え。circle_pct上位2艇に絞り込むこと。'}",,,26.3,逃げ狙い,9.91,30.1,3,,,,,,,,,,,
2026-02-26,丸亀,9,1,高橋英之,A2,25.49,1,◎,62.0549,,0,85.2,0.1479,3.0328,,,0,低,59,0,逃1%,44562,0,87.5,1.1193,0.6,,,,,0.064,0.164,0.132,◎,,D,◎,,,0.6665,,0.473,S,81,0,◎1着固定 2-3着流し（5〜8点）,0.5777,"{'is_target': True, 'verdict': '参加推奨', 'max_combo_prob': 0.0798, 'est_top_odds': 16.7, 'circle_concentration': 69.7, 'eligible_count': 6, 'bet_adj': 2, 'reason': 'rel_win1=62.1%（本命度） / 最有力組み合わせ確率: 0.080（推定実オッズ?17倍） / 2着集中度: 上位2艇 69.7%（補正+0.00） / 総合判定確率: 0.080 / → ヒモ分散。1号艇1着固定で広めのヒモ流し推奨（買い目+2点）', 'tenji_trigger': '展示確認: ヒモ分散レース。1号艇伸び確認後、広めのヒモ流しを採用。穴ヒモ（5・6号艇）を積極的に含める。'}",,,27.1,逃げ狙い,14.5,28.6,2,,,,,0,0,0.7559,0,,逃げ軸流し,A
2026-02-26,丸亀,9,2,浦田晃嗣,B1,20.62,2,,8.8796,27.3,72,33.8,0.1649,3.3015,,,0,低,95,0,ま0%,1 3626,0,19.9,0.6048,0,0,0.069,0,0,0.1486,0.2343,0.2057,,,E,△,,0.1485,0.642,,0.473,S,81,0,◎1着固定 2-3着流し（5〜8点）,0.5777,"{'is_target': True, 'verdict': '参加推奨', 'max_combo_prob': 0.0798, 'est_top_odds': 16.7, 'circle_concentration': 69.7, 'eligible_count': 6, 'bet_adj': 2, 'reason': 'rel_win1=62.1%（本命度） / 最有力組み合わせ確率: 0.080（推定実オッズ?17倍） / 2着集中度: 上位2艇 69.7%（補正+0.00） / 総合判定確率: 0.080 / → ヒモ分散。1号艇1着固定で広めのヒモ流し推奨（買い目+2点）', 'tenji_trigger': '展示確認: ヒモ分散レース。1号艇伸び確認後、広めのヒモ流しを採用。穴ヒモ（5・6号艇）を積極的に含める。'}",,,27.1,逃げ狙い,14.5,28.6,2,,,,,,,,,,,
2026-02-26,丸亀,9,3,東　潤樹,B1,38.89,3,○,14.2258,42.3,100,55.3,0.1562,3.5706,,,0,低,191,0,-,3 134,0,30.4,0.6225,0,0,0.0541,0.0811,0.027,0.1639,0.3139,0.0296,,,A,○,,0.2753,0.6475,,0.473,S,81,0,◎1着固定 2-3着流し（5〜8点）,0.5777,"{'is_target': True, 'verdict': '参加推奨', 'max_combo_prob': 0.0798, 'est_top_odds': 16.7, 'circle_concentration': 69.7, 'eligible_count': 6, 'bet_adj': 2, 'reason': 'rel_win1=62.1%（本命度） / 最有力組み合わせ確率: 0.080（推定実オッズ?17倍） / 2着集中度: 上位2艇 69.7%（補正+0.00） / 総合判定確率: 0.080 / → ヒモ分散。1号艇1着固定で広めのヒモ流し推奨（買い目+2点）', 'tenji_trigger': '展示確認: ヒモ分散レース。1号艇伸び確認後、広めのヒモ流しを採用。穴ヒモ（5・6号艇）を積極的に含める。'}",,,27.1,逃げ狙い,14.5,28.6,2,,,,,,,,,,,
2026-02-26,丸亀,9,4,三原　司,B1,27.72,4,△,6.4396,14.4,62,31.5,0.1869,4.1667,,,0,低,167,0,-,3 246,0,29.4,0.7351,0,0.0385,0,0,0,0.2452,0.2071,0.0571,,,C,,,0.1533,0.624,,0.473,S,81,0,◎1着固定 2-3着流し（5〜8点）,0.5777,"{'is_target': True, 'verdict': '参加推奨', 'max_combo_prob': 0.0798, 'est_top_odds': 16.7, 'circle_concentration': 69.7, 'eligible_count': 6, 'bet_adj': 2, 'reason': 'rel_win1=62.1%（本命度） / 最有力組み合わせ確率: 0.080（推定実オッズ?17倍） / 2着集中度: 上位2艇 69.7%（補正+0.00） / 総合判定確率: 0.080 / → ヒモ分散。1号艇1着固定で広めのヒモ流し推奨（買い目+2点）', 'tenji_trigger': '展示確認: ヒモ分散レース。1号艇伸び確認後、広めのヒモ流しを採用。穴ヒモ（5・6号艇）を積極的に含める。'}",,,27.1,逃げ狙い,14.5,28.6,2,,,,,,,,,,,
2026-02-26,丸亀,9,5,岡本翔太,B1,35.00,5,▲,4.9611,10,75,29,0.1323,2.6774,,,0,低,61,0,-,451 55,0,40.3,0.8021,0,0,0,0.0417,0,0.19,0.08,0.19,,,B,△,,0.3586,0.6355,,0.473,S,81,0,◎1着固定 2-3着流し（5〜8点）,0.5777,"{'is_target': True, 'verdict': '参加推奨', 'max_combo_prob': 0.0798, 'est_top_odds': 16.7, 'circle_concentration': 69.7, 'eligible_count': 6, 'bet_adj': 2, 'reason': 'rel_win1=62.1%（本命度） / 最有力組み合わせ確率: 0.080（推定実オッズ?17倍） / 2着集中度: 上位2艇 69.7%（補正+0.00） / 総合判定確率: 0.080 / → ヒモ分散。1号艇1着固定で広めのヒモ流し推奨（買い目+2点）', 'tenji_trigger': '展示確認: ヒモ分散レース。1号艇伸び確認後、広めのヒモ流しを採用。穴ヒモ（5・6号艇）を積極的に含める。'}",,,27.1,逃げ狙い,14.5,28.6,2,,,,,,,,,,,
2026-02-26,丸亀,9,6,三宅健太,B1,25.00,6,,3.4391,5.9,38,17.1,0.1788,4.439,,,0,低,124,0,-,341 46,0,20.9,0.6903,,,,,,0.2109,0.0909,0.4691,,,D,,,0.24,0.621,,0.473,S,81,0,◎1着固定 2-3着流し（5〜8点）,0.5777,"{'is_target': True, 'verdict': '参加推奨', 'max_combo_prob': 0.0798, 'est_top_odds': 16.7, 'circle_concentration': 69.7, 'eligible_count': 6, 'bet_adj': 2, 'reason': 'rel_win1=62.1%（本命度） / 最有力組み合わせ確率: 0.080（推定実オッズ?17倍） / 2着集中度: 上位2艇 69.7%（補正+0.00） / 総合判定確率: 0.080 / → ヒモ分散。1号艇1着固定で広めのヒモ流し推奨（買い目+2点）', 'tenji_trigger': '展示確認: ヒモ分散レース。1号艇伸び確認後、広めのヒモ流しを採用。穴ヒモ（5・6号艇）を積極的に含める。'}",,,27.1,逃げ狙い,14.5,28.6,2,,,,,,,,,,,
2026-02-26,丸亀,10,1,江本真治,A2,40.91,1,◎,58.2376,,0,89.2,0.1434,2.9036,,,0,低,105,0,逃1%,1 3444,0,74.1,0.9704,0.5556,,,,,0.1156,0.1156,0.1644,◎,,B,○,,,0.6785,,0.4737,S,82,0,◎1着固定 2-3着流し（5〜8点）,0.5777,"{'is_target': True, 'verdict': '点数絞り', 'max_combo_prob': 0.0919, 'est_top_odds': 14.5, 'circle_concentration': 81.9, 'eligible_count': 6, 'bet_adj': 0, 'reason': 'rel_win1=58.2%（本命度） / 最有力組み合わせ確率: 0.092（推定実オッズ?14倍） / 2着集中度: 上位2艇 81.9%（補正+0.04） / 総合判定確率: 0.132 / → ヒモはやや固め。上位2艇以外を切ること', 'tenji_trigger': '展示確認: 1号艇伸び良→そのまま採用。悪→飛び組に差し替え。circle_pct上位2艇に絞り込むこと。'}",,,29.1,逃げ狙い,19.92,29.5,3,,,,,0,0,0.7559,0,,逃げ軸流し,A
2026-02-26,丸亀,10,2,片橋幸貴,B2,25.00,2,,13.3335,36.4,100,70.2,0.1611,3.5106,,,0,低,80,0,-,3 2314,0,62.3,0.8328,0,0.0952,0.0952,0,0.0476,0.0308,0.0462,0.2615,,,D,,,0.1628,0.629,,0.4737,S,82,0,◎1着固定 2-3着流し（5〜8点）,0.5777,"{'is_target': True, 'verdict': '点数絞り', 'max_combo_prob': 0.0919, 'est_top_odds': 14.5, 'circle_concentration': 81.9, 'eligible_count': 6, 'bet_adj': 0, 'reason': 'rel_win1=58.2%（本命度） / 最有力組み合わせ確率: 0.092（推定実オッズ?14倍） / 2着集中度: 上位2艇 81.9%（補正+0.04） / 総合判定確率: 0.132 / → ヒモはやや固め。上位2艇以外を切ること', 'tenji_trigger': '展示確認: 1号艇伸び良→そのまま採用。悪→飛び組に差し替え。circle_pct上位2艇に絞り込むこと。'}",,,29.1,逃げ狙い,19.92,29.5,3,,,,,,,,,,,
2026-02-26,丸亀,10,3,松村　敏,A1,26.80,3,▲,16.216,45.4,96,84.6,0.1208,2.4038,,,0,低,28,0,差0% ま0% 差ま0%,55153,0,85.6,1.5998,0,0.037,0.0741,0.1111,0,0.0085,0.0837,0.017,,◎,D,◎,,0.4351,0.8115,,0.4737,S,82,0,◎1着固定 2-3着流し（5〜8点）,0.5777,"{'is_target': True, 'verdict': '点数絞り', 'max_combo_prob': 0.0919, 'est_top_odds': 14.5, 'circle_concentration': 81.9, 'eligible_count': 6, 'bet_adj': 0, 'reason': 'rel_win1=58.2%（本命度） / 最有力組み合わせ確率: 0.092（推定実オッズ?14倍） / 2着集中度: 上位2艇 81.9%（補正+0.04） / 総合判定確率: 0.132 / → ヒモはやや固め。上位2艇以外を切ること', 'tenji_trigger': '展示確認: 1号艇伸び良→そのまま採用。悪→飛び組に差し替え。circle_pct上位2艇に絞り込むこと。'}",,,29.1,逃げ狙い,19.92,29.5,3,,,,,,,,,,,
2026-02-26,丸亀,10,4,星　栄爾,B1,29.63,4,△,6.2767,8.2,90,46.6,0.1579,3.2945,,,0,低,115,0,ま0% 差ま0%,2 243,0,45,0.9151,0,0,0.0294,0.0294,0,0.0293,0.0293,0.2585,,,C,△,◎,0.2429,0.652,0.2775,0.4737,S,82,0,◎1着固定 2-3着流し（5〜8点）,0.5777,"{'is_target': True, 'verdict': '点数絞り', 'max_combo_prob': 0.0919, 'est_top_odds': 14.5, 'circle_concentration': 81.9, 'eligible_count': 6, 'bet_adj': 0, 'reason': 'rel_win1=58.2%（本命度） / 最有力組み合わせ確率: 0.092（推定実オッズ?14倍） / 2着集中度: 上位2艇 81.9%（補正+0.04） / 総合判定確率: 0.132 / → ヒモはやや固め。上位2艇以外を切ること', 'tenji_trigger': '展示確認: 1号艇伸び良→そのまま採用。悪→飛び組に差し替え。circle_pct上位2艇に絞り込むこと。'}",,,29.1,逃げ狙い,19.92,29.5,3,,,,,,,,,,,
2026-02-26,丸亀,10,5,山口裕二,A2,22.77,5,,4.8917,9.6,85,39.6,0.1702,3.9479,,,0,低,129,0,差ま0%,4 6144,0,34.8,1.1295,0,0,0,0.0417,0,0.0229,0.1171,0.1171,,,E,,,0.2161,0.619,,0.4737,S,82,0,◎1着固定 2-3着流し（5〜8点）,0.5777,"{'is_target': True, 'verdict': '点数絞り', 'max_combo_prob': 0.0919, 'est_top_odds': 14.5, 'circle_concentration': 81.9, 'eligible_count': 6, 'bet_adj': 0, 'reason': 'rel_win1=58.2%（本命度） / 最有力組み合わせ確率: 0.092（推定実オッズ?14倍） / 2着集中度: 上位2艇 81.9%（補正+0.04） / 総合判定確率: 0.132 / → ヒモはやや固め。上位2艇以外を切ること', 'tenji_trigger': '展示確認: 1号艇伸び良→そのまま採用。悪→飛び組に差し替え。circle_pct上位2艇に絞り込むこと。'}",,,29.1,逃げ狙い,19.92,29.5,3,,,,,,,,,,,
2026-02-26,丸亀,10,6,吉川勇作,B1,49.51,6,○,1.0446,0.3,13,7.4,0.1574,3.75,,,0,低,92,0,-,3 521,0,27,0.6172,,,,,,0.3162,0.0381,0.0571,,,A,△,,0.2865,0.6335,,0.4737,S,82,0,◎1着固定 2-3着流し（5〜8点）,0.5777,"{'is_target': True, 'verdict': '点数絞り', 'max_combo_prob': 0.0919, 'est_top_odds': 14.5, 'circle_concentration': 81.9, 'eligible_count': 6, 'bet_adj': 0, 'reason': 'rel_win1=58.2%（本命度） / 最有力組み合わせ確率: 0.092（推定実オッズ?14倍） / 2着集中度: 上位2艇 81.9%（補正+0.04） / 総合判定確率: 0.132 / → ヒモはやや固め。上位2艇以外を切ること', 'tenji_trigger': '展示確認: 1号艇伸び良→そのまま採用。悪→飛び組に差し替え。circle_pct上位2艇に絞り込むこと。'}",,,29.1,逃げ狙い,19.92,29.5,3,,,,,,,,,,,
2026-02-26,丸亀,11,1,大神康司,A2,44.23,1,◎,67.4098,,0,87.3,0.1585,3.2606,,,0,低,61,0,逃0% 抜0%,2 4153,0,79.7,1.1807,0.7188,,,,,0.2807,0,0.067,◎,,B,,,,0.6115,,0.4889,A,78,0,◎-○軸 3着3〜4艇流し（10〜15点）,0.5777,"{'is_target': True, 'verdict': '参加推奨', 'max_combo_prob': 0.0705, 'est_top_odds': 18.9, 'circle_concentration': 57.2, 'eligible_count': 8, 'bet_adj': 2, 'reason': 'rel_win1=67.4%（本命度） / 最有力組み合わせ確率: 0.070（推定実オッズ?19倍） / 2着集中度: 上位2艇 57.2%（補正+0.00） / 総合判定確率: 0.070 / → ヒモ分散。1号艇1着固定で広めのヒモ流し推奨（買い目+2点）', 'tenji_trigger': '展示確認: ヒモ分散レース。1号艇伸び確認後、広めのヒモ流しを採用。穴ヒモ（5・6号艇）を積極的に含める。'}",,,29.1,逃げ狙い,17.38,31.9,3,,,,,0,0,0.7559,0,,逃げ軸流し,A
2026-02-26,丸亀,11,2,後藤正宗,B1,43.27,2,▲,11.3779,24.5,100,48,0.1596,3.74,,,0,低,94,0,-,3 3512,0,100,0.8024,,,,,,0.1769,0.0615,0.1154,,,B,△,,0.3165,0.6345,,0.4889,A,78,0,◎-○軸 3着3〜4艇流し（10〜15点）,0.5777,"{'is_target': True, 'verdict': '参加推奨', 'max_combo_prob': 0.0705, 'est_top_odds': 18.9, 'circle_concentration': 57.2, 'eligible_count': 8, 'bet_adj': 2, 'reason': 'rel_win1=67.4%（本命度） / 最有力組み合わせ確率: 0.070（推定実オッズ?19倍） / 2着集中度: 上位2艇 57.2%（補正+0.00） / 総合判定確率: 0.070 / → ヒモ分散。1号艇1着固定で広めのヒモ流し推奨（買い目+2点）', 'tenji_trigger': '展示確認: ヒモ分散レース。1号艇伸び確認後、広めのヒモ流しを採用。穴ヒモ（5・6号艇）を積極的に含める。'}",,,29.1,逃げ狙い,17.38,31.9,3,,,,,,,,,,,
2026-02-26,丸亀,11,3,岡瀬正人,A2,46.15,3,○,7.2894,32.2,85,59.2,0.1674,3.5724,,,0,低,176,0,抜0%,2 6313,0,41.7,0.995,0,0,0,0,0.0303,0.0955,0.1727,0.0545,,,A,△,,0.2655,0.6505,,0.4889,A,78,0,◎-○軸 3着3〜4艇流し（10〜15点）,0.5777,"{'is_target': True, 'verdict': '参加推奨', 'max_combo_prob': 0.0705, 'est_top_odds': 18.9, 'circle_concentration': 57.2, 'eligible_count': 8, 'bet_adj': 2, 'reason': 'rel_win1=67.4%（本命度） / 最有力組み合わせ確率: 0.070（推定実オッズ?19倍） / 2着集中度: 上位2艇 57.2%（補正+0.00） / 総合判定確率: 0.070 / → ヒモ分散。1号艇1着固定で広めのヒモ流し推奨（買い目+2点）', 'tenji_trigger': '展示確認: ヒモ分散レース。1号艇伸び確認後、広めのヒモ流しを採用。穴ヒモ（5・6号艇）を積極的に含める。'}",,,29.1,逃げ狙い,17.38,31.9,3,,,,,,,,,,,
2026-02-26,丸亀,11,4,四宮与寛,A2,27.37,4,△,7.4094,25,95,57.4,0.1354,2.6311,,,0,低,60,0,-,232 33,0,37.9,0.8068,0,0.0357,0.0357,0,0,0.1116,0.1374,0.0258,,,D,○,◎,0.372,0.6545,0.4326,0.4889,A,78,0,◎-○軸 3着3〜4艇流し（10〜15点）,0.5777,"{'is_target': True, 'verdict': '参加推奨', 'max_combo_prob': 0.0705, 'est_top_odds': 18.9, 'circle_concentration': 57.2, 'eligible_count': 8, 'bet_adj': 2, 'reason': 'rel_win1=67.4%（本命度） / 最有力組み合わせ確率: 0.070（推定実オッズ?19倍） / 2着集中度: 上位2艇 57.2%（補正+0.00） / 総合判定確率: 0.070 / → ヒモ分散。1号艇1着固定で広めのヒモ流し推奨（買い目+2点）', 'tenji_trigger': '展示確認: ヒモ分散レース。1号艇伸び確認後、広めのヒモ流しを採用。穴ヒモ（5・6号艇）を積極的に含める。'}",,,29.1,逃げ狙い,17.38,31.9,3,,,,,,,,,,,
2026-02-26,丸亀,11,5,中村晃朋,A1,35.85,5,,4.0224,17.9,38,34.2,0.1432,3.4474,,,0,低,56,0,-,34213,0,35,2.7786,0,0,0,0.0909,0,0.1745,0,0.1564,,,C,◎,,0.3449,0.678,,0.4889,A,78,0,◎-○軸 3着3〜4艇流し（10〜15点）,0.5777,"{'is_target': True, 'verdict': '参加推奨', 'max_combo_prob': 0.0705, 'est_top_odds': 18.9, 'circle_concentration': 57.2, 'eligible_count': 8, 'bet_adj': 2, 'reason': 'rel_win1=67.4%（本命度） / 最有力組み合わせ確率: 0.070（推定実オッズ?19倍） / 2着集中度: 上位2艇 57.2%（補正+0.00） / 総合判定確率: 0.070 / → ヒモ分散。1号艇1着固定で広めのヒモ流し推奨（買い目+2点）', 'tenji_trigger': '展示確認: ヒモ分散レース。1号艇伸び確認後、広めのヒモ流しを採用。穴ヒモ（5・6号艇）を積極的に含める。'}",,,29.1,逃げ狙い,17.38,31.9,3,,,,,,,,,,,
2026-02-26,丸亀,11,6,渡辺　豊,B1,25.49,6,,2.4911,0.4,75,19.2,0.2252,5.3269,,,0,低,220,0,-,221 65,0,25.9,0.6369,0,0,0,0,0,0.1906,0.1059,0.1788,,,E,,,0.1372,0.576,,0.4889,A,78,0,◎-○軸 3着3〜4艇流し（10〜15点）,0.5777,"{'is_target': True, 'verdict': '参加推奨', 'max_combo_prob': 0.0705, 'est_top_odds': 18.9, 'circle_concentration': 57.2, 'eligible_count': 8, 'bet_adj': 2, 'reason': 'rel_win1=67.4%（本命度） / 最有力組み合わせ確率: 0.070（推定実オッズ?19倍） / 2着集中度: 上位2艇 57.2%（補正+0.00） / 総合判定確率: 0.070 / → ヒモ分散。1号艇1着固定で広めのヒモ流し推奨（買い目+2点）', 'tenji_trigger': '展示確認: ヒモ分散レース。1号艇伸び確認後、広めのヒモ流しを採用。穴ヒモ（5・6号艇）を積極的に含める。'}",,,29.1,逃げ狙い,17.38,31.9,3,,,,,,,,,,,
2026-02-26,丸亀,12,1,中岡正彦,A1,45.79,1,◎,50.6393,,0,93.3,0.1175,2.4083,,,0,低,42,0,逃1%,112311,0,67.2,1.0569,0.7647,,,,,0.1103,0,0.0588,◎,,A,△,,,0.649,,0.6532,S,85,0,◎1着固定 2-3着流し（5〜8点）,0.5777,"{'is_target': True, 'verdict': '参加推奨', 'max_combo_prob': 0.0645, 'est_top_odds': 20.7, 'circle_concentration': 61.0, 'eligible_count': 6, 'bet_adj': 2, 'reason': 'rel_win1=50.6%（本命度） / 最有力組み合わせ確率: 0.064（推定実オッズ?21倍） / 2着集中度: 上位2艇 61.0%（補正+0.00） / 総合判定確率: 0.064 / → ヒモ分散。1号艇1着固定で広めのヒモ流し推奨（買い目+2点）', 'tenji_trigger': '展示確認: ヒモ分散レース。1号艇伸び確認後、広めのヒモ流しを採用。穴ヒモ（5・6号艇）を積極的に含める。\n展示で1号艇スタート超安定(0.117秒)→ヒモ固まり方向に注意'}",,,27.6,逃げ狙い,37.72,24.2,3,,,,,0,0,0.7559,0,,逃げ軸流し,A
2026-02-26,丸亀,12,2,佐藤　航,A2,33.65,2,▲,10.3563,39.1,64,68.6,0.1788,3.4412,,,0,低,110,0,差1%,411111,0,60.5,0.855,0,0.3333,0,0,0,0.1304,0.1304,0.087,,,C,,,0.13,0.5775,,0.6532,S,85,0,◎1着固定 2-3着流し（5〜8点）,0.5777,"{'is_target': True, 'verdict': '参加推奨', 'max_combo_prob': 0.0645, 'est_top_odds': 20.7, 'circle_concentration': 61.0, 'eligible_count': 6, 'bet_adj': 2, 'reason': 'rel_win1=50.6%（本命度） / 最有力組み合わせ確率: 0.064（推定実オッズ?21倍） / 2着集中度: 上位2艇 61.0%（補正+0.00） / 総合判定確率: 0.064 / → ヒモ分散。1号艇1着固定で広めのヒモ流し推奨（買い目+2点）', 'tenji_trigger': '展示確認: ヒモ分散レース。1号艇伸び確認後、広めのヒモ流しを採用。穴ヒモ（5・6号艇）を積極的に含める。\n展示で1号艇スタート超安定(0.117秒)→ヒモ固まり方向に注意'}",,,27.6,逃げ狙い,37.72,24.2,3,,,,,,,,,,,
2026-02-26,丸亀,12,3,丸岡正典,A2,33.64,3,,12.9823,21.9,100,78,0.1678,3.2195,,,0,低,100,0,-,211223,0,100,2.9344,0,0,0.0476,0.1905,0,0.0118,0.3042,0.1681,,,C,○,,0.1391,0.667,,0.6532,S,85,0,◎1着固定 2-3着流し（5〜8点）,0.5777,"{'is_target': True, 'verdict': '参加推奨', 'max_combo_prob': 0.0645, 'est_top_odds': 20.7, 'circle_concentration': 61.0, 'eligible_count': 6, 'bet_adj': 2, 'reason': 'rel_win1=50.6%（本命度） / 最有力組み合わせ確率: 0.064（推定実オッズ?21倍） / 2着集中度: 上位2艇 61.0%（補正+0.00） / 総合判定確率: 0.064 / → ヒモ分散。1号艇1着固定で広めのヒモ流し推奨（買い目+2点）', 'tenji_trigger': '展示確認: ヒモ分散レース。1号艇伸び確認後、広めのヒモ流しを採用。穴ヒモ（5・6号艇）を積極的に含める。\n展示で1号艇スタート超安定(0.117秒)→ヒモ固まり方向に注意'}",,,27.6,逃げ狙い,37.72,24.2,3,,,,,,,,,,,
2026-02-26,丸亀,12,4,大峯　豊,A1,25.47,4,△,11.592,21,68,76.7,0.1537,3.2326,,,0,低,88,0,差0% ま0% 差ま0%,13222,0,74,1.5428,0,0.05,0.15,0.15,0,0.1308,0.0308,0.0154,,,D,△,○,0.1828,0.627,0.3751,0.6532,S,85,0,◎1着固定 2-3着流し（5〜8点）,0.5777,"{'is_target': True, 'verdict': '参加推奨', 'max_combo_prob': 0.0645, 'est_top_odds': 20.7, 'circle_concentration': 61.0, 'eligible_count': 6, 'bet_adj': 2, 'reason': 'rel_win1=50.6%（本命度） / 最有力組み合わせ確率: 0.064（推定実オッズ?21倍） / 2着集中度: 上位2艇 61.0%（補正+0.00） / 総合判定確率: 0.064 / → ヒモ分散。1号艇1着固定で広めのヒモ流し推奨（買い目+2点）', 'tenji_trigger': '展示確認: ヒモ分散レース。1号艇伸び確認後、広めのヒモ流しを採用。穴ヒモ（5・6号艇）を積極的に含める。\n展示で1号艇スタート超安定(0.117秒)→ヒモ固まり方向に注意'}",,,27.6,逃げ狙い,37.72,24.2,3,,,,,,,,,,,
2026-02-26,丸亀,12,5,久田敏之,A1,21.21,5,,9.7211,15.6,82,82,0.1315,2.141,,,0,低,53,0,差ま0%,124 32,0,59.7,1.2936,0,0,0,0.3529,0.0588,0,0.0455,0.0909,,,E,,◎,0.3118,0.559,0.5732,0.6532,S,85,0,◎1着固定 2-3着流し（5〜8点）,0.5777,"{'is_target': True, 'verdict': '参加推奨', 'max_combo_prob': 0.0645, 'est_top_odds': 20.7, 'circle_concentration': 61.0, 'eligible_count': 6, 'bet_adj': 2, 'reason': 'rel_win1=50.6%（本命度） / 最有力組み合わせ確率: 0.064（推定実オッズ?21倍） / 2着集中度: 上位2艇 61.0%（補正+0.00） / 総合判定確率: 0.064 / → ヒモ分散。1号艇1着固定で広めのヒモ流し推奨（買い目+2点）', 'tenji_trigger': '展示確認: ヒモ分散レース。1号艇伸び確認後、広めのヒモ流しを採用。穴ヒモ（5・6号艇）を積極的に含める。\n展示で1号艇スタート超安定(0.117秒)→ヒモ固まり方向に注意'}",,,27.6,逃げ狙い,37.72,24.2,3,,,,,,,,,,,
2026-02-26,丸亀,12,6,金子賢志,A1,38.68,6,○,4.709,2.4,57,31.6,0.1589,3.0351,,,0,低,74,0,差ま0%,365 12,0,32.3,1.4067,0,0,0,0.1,0,0.1338,0.0235,0.0235,,,B,◎,,0.1582,0.6825,0.2088,0.6532,S,85,0,◎1着固定 2-3着流し（5〜8点）,0.5777,"{'is_target': True, 'verdict': '参加推奨', 'max_combo_prob': 0.0645, 'est_top_odds': 20.7, 'circle_concentration': 61.0, 'eligible_count': 6, 'bet_adj': 2, 'reason': 'rel_win1=50.6%（本命度） / 最有力組み合わせ確率: 0.064（推定実オッズ?21倍） / 2着集中度: 上位2艇 61.0%（補正+0.00） / 総合判定確率: 0.064 / → ヒモ分散。1号艇1着固定で広めのヒモ流し推奨（買い目+2点）', 'tenji_trigger': '展示確認: ヒモ分散レース。1号艇伸び確認後、広めのヒモ流しを採用。穴ヒモ（5・6号艇）を積極的に含める。\n展示で1号艇スタート超安定(0.117秒)→ヒモ固まり方向に注意'}",,,27.6,逃げ狙い,37.72,24.2,3,,,,,,,,,,,
2026-03-02,丸亀,1,1,森安弘雅,B1,37.27,1,◎,54.7623,,0,78.2,0.1765,3.4727,,,0,低,178,0,抜0%,,0,86,1.1219,0.3333,,,,,0.0167,0.1833,0.2,○,,B,△,,,0.6065,,0.3608,A,61,0,◎-○軸 3着3〜4艇流し（10〜15点）,0.5777,"{'is_target': True, 'verdict': '点数絞り', 'max_combo_prob': 0.092, 'est_top_odds': 14.5, 'circle_concentration': 78.4, 'eligible_count': 8, 'bet_adj': 0, 'reason': 'rel_win1=54.8%（本命度） / 最有力組み合わせ確率: 0.092（推定実オッズ?14倍） / 2着集中度: 上位2艇 78.4%（補正+0.04） / 総合判定確率: 0.132 / → ヒモはやや固め。上位2艇以外を切ること', 'tenji_trigger': '展示確認: 1号艇伸び良→そのまま採用。悪→飛び組に差し替え。circle_pct上位2艇に絞り込むこと。'}",,,29.9,両建て推奨,22.2,29.8,5,,,,,0,0,0.6155,0,,主役軸流し,B
2026-03-02,丸亀,1,2,山崎昂介,B1,34.82,2,▲,14.9311,55.9,63,53.6,0.1819,4.0507,,,0,低,138,0,-,,0,16.5,0.5412,0,0.0714,0,0,0,0.0444,0.0667,0.2844,,,C,◎,,0.2637,0.64,,0.3608,A,61,0,◎-○軸 3着3〜4艇流し（10〜15点）,0.5777,"{'is_target': True, 'verdict': '点数絞り', 'max_combo_prob': 0.092, 'est_top_odds': 14.5, 'circle_concentration': 78.4, 'eligible_count': 8, 'bet_adj': 0, 'reason': 'rel_win1=54.8%（本命度） / 最有力組み合わせ確率: 0.092（推定実オッズ?14倍） / 2着集中度: 上位2艇 78.4%（補正+0.04） / 総合判定確率: 0.132 / → ヒモはやや固め。上位2艇以外を切ること', 'tenji_trigger': '展示確認: 1号艇伸び良→そのまま採用。悪→飛び組に差し替え。circle_pct上位2艇に絞り込むこと。'}",,,29.9,両建て推奨,22.2,29.8,5,,,,,,,,,,,
2026-03-02,丸亀,1,3,赤池修平,B1,26.42,3,,10.7748,22.4,100,43.1,0.1855,3.7846,,,0,低,135,0,ま0% 差ま0%,,0,38.4,0.8908,0,0,0.1071,0.0357,0,0.0444,0.3111,0.3333,,,D,△,,0.2731,0.614,,0.3608,A,61,0,◎-○軸 3着3〜4艇流し（10〜15点）,0.5777,"{'is_target': True, 'verdict': '点数絞り', 'max_combo_prob': 0.092, 'est_top_odds': 14.5, 'circle_concentration': 78.4, 'eligible_count': 8, 'bet_adj': 0, 'reason': 'rel_win1=54.8%（本命度） / 最有力組み合わせ確率: 0.092（推定実オッズ?14倍） / 2着集中度: 上位2艇 78.4%（補正+0.04） / 総合判定確率: 0.132 / → ヒモはやや固め。上位2艇以外を切ること', 'tenji_trigger': '展示確認: 1号艇伸び良→そのまま採用。悪→飛び組に差し替え。circle_pct上位2艇に絞り込むこと。'}",,,29.9,両建て推奨,22.2,29.8,5,,,,,,,,,,,
2026-03-02,丸亀,1,4,阪本勇介,B1,25.66,4,△,10.1603,8,91,33.9,0.1715,3.4231,,,0,低,196,0,ま0%,,0,47.8,0.8832,0,0,0.0333,0,0,0.0714,0.1629,0.2629,,,D,,◎,0.329,0.5885,0.2615,0.3608,A,61,0,◎-○軸 3着3〜4艇流し（10〜15点）,0.5777,"{'is_target': True, 'verdict': '点数絞り', 'max_combo_prob': 0.092, 'est_top_odds': 14.5, 'circle_concentration': 78.4, 'eligible_count': 8, 'bet_adj': 0, 'reason': 'rel_win1=54.8%（本命度） / 最有力組み合わせ確率: 0.092（推定実オッズ?14倍） / 2着集中度: 上位2艇 78.4%（補正+0.04） / 総合判定確率: 0.132 / → ヒモはやや固め。上位2艇以外を切ること', 'tenji_trigger': '展示確認: 1号艇伸び良→そのまま採用。悪→飛び組に差し替え。circle_pct上位2艇に絞り込むこと。'}",,,29.9,両建て推奨,22.2,29.8,5,,,,,,,,,,,
2026-03-02,丸亀,1,5,山本凱立,B2,38.89,5,○,8.2989,13.2,83,33.3,0.17,3.3333,,,0,低,56,1,ま0%,,0,62.3,1.0883,0,0,0.3333,0,0,,,,,◎,B,,,0.4318,0.4725,,0.3608,A,61,0,◎-○軸 3着3〜4艇流し（10〜15点）,0.5777,"{'is_target': True, 'verdict': '点数絞り', 'max_combo_prob': 0.092, 'est_top_odds': 14.5, 'circle_concentration': 78.4, 'eligible_count': 8, 'bet_adj': 0, 'reason': 'rel_win1=54.8%（本命度） / 最有力組み合わせ確率: 0.092（推定実オッズ?14倍） / 2着集中度: 上位2艇 78.4%（補正+0.04） / 総合判定確率: 0.132 / → ヒモはやや固め。上位2艇以外を切ること', 'tenji_trigger': '展示確認: 1号艇伸び良→そのまま採用。悪→飛び組に差し替え。circle_pct上位2艇に絞り込むこと。'}",,,29.9,両建て推奨,22.2,29.8,5,,,,,,,,,,,
2026-03-02,丸亀,1,6,中島真二,B1,23.89,6,,1.0727,0.4,59,17.8,0.1993,4.4111,,,0,低,161,0,-,,0,36,0.7867,,,,,,0.0211,0.4053,0.0421,,,E,○,,0.2562,0.6155,,0.3608,A,61,0,◎-○軸 3着3〜4艇流し（10〜15点）,0.5777,"{'is_target': True, 'verdict': '点数絞り', 'max_combo_prob': 0.092, 'est_top_odds': 14.5, 'circle_concentration': 78.4, 'eligible_count': 8, 'bet_adj': 0, 'reason': 'rel_win1=54.8%（本命度） / 最有力組み合わせ確率: 0.092（推定実オッズ?14倍） / 2着集中度: 上位2艇 78.4%（補正+0.04） / 総合判定確率: 0.132 / → ヒモはやや固め。上位2艇以外を切ること', 'tenji_trigger': '展示確認: 1号艇伸び良→そのまま採用。悪→飛び組に差し替え。circle_pct上位2艇に絞り込むこと。'}",,,29.9,両建て推奨,22.2,29.8,5,,,,,,,,,,,
2026-03-02,丸亀,2,1,橋本久和,B1,33.04,1,◎,59.8629,,0,83.1,0.1848,4.0154,,,0,低,146,0,-,,0,76.2,0.9225,0.4483,,,,,0.219,0.219,0.2052,○,,B,○,,,0.6265,,0.3421,S,100,0,◎1着固定 2-3着流し（5〜8点）,0.5777,"{'is_target': True, 'verdict': '参加推奨', 'max_combo_prob': 0.0644, 'est_top_odds': 20.7, 'circle_concentration': 57.0, 'eligible_count': 6, 'bet_adj': 2, 'reason': 'rel_win1=59.9%（本命度） / 最有力組み合わせ確率: 0.064（推定実オッズ?21倍） / 2着集中度: 上位2艇 57.0%（補正+0.00） / 総合判定確率: 0.064 / → ヒモ分散。1号艇1着固定で広めのヒモ流し推奨（買い目+2点）', 'tenji_trigger': '展示確認: ヒモ分散レース。1号艇伸び確認後、広めのヒモ流しを採用。穴ヒモ（5・6号艇）を積極的に含める。\n展示で1号艇スタート遅め(0.185秒)確認→ヒモが荒れやすい'}",,,32.4,逃げ狙い,20.53,38.4,3,,,,,0,0,0.6155,0,,逃げ軸流し,A
2026-03-02,丸亀,2,2,小川広大,B1,30.51,2,○,8.3649,27.1,62,20,0.1936,4.1071,,,0,低,185,0,-,,0,78,0.5379,,,,,,0.2545,0.0545,0.2909,,,B,,,0.2723,0.5845,,0.3421,S,100,0,◎1着固定 2-3着流し（5〜8点）,0.5777,"{'is_target': True, 'verdict': '参加推奨', 'max_combo_prob': 0.0644, 'est_top_odds': 20.7, 'circle_concentration': 57.0, 'eligible_count': 6, 'bet_adj': 2, 'reason': 'rel_win1=59.9%（本命度） / 最有力組み合わせ確率: 0.064（推定実オッズ?21倍） / 2着集中度: 上位2艇 57.0%（補正+0.00） / 総合判定確率: 0.064 / → ヒモ分散。1号艇1着固定で広めのヒモ流し推奨（買い目+2点）', 'tenji_trigger': '展示確認: ヒモ分散レース。1号艇伸び確認後、広めのヒモ流しを採用。穴ヒモ（5・6号艇）を積極的に含める。\n展示で1号艇スタート遅め(0.185秒)確認→ヒモが荒れやすい'}",,,32.4,逃げ狙い,20.53,38.4,3,,,,,,,,,,,
2026-03-02,丸亀,2,3,西島義則,A1,19.82,3,,16.5596,29.9,99,33.3,0.2133,3.5,,,0,低,49,1,-,,0,39.3,0.9815,,,,,,0.2106,0.1985,0.0606,,,E,,,0.2004,0.5995,,0.3421,S,100,0,◎1着固定 2-3着流し（5〜8点）,0.5777,"{'is_target': True, 'verdict': '参加推奨', 'max_combo_prob': 0.0644, 'est_top_odds': 20.7, 'circle_concentration': 57.0, 'eligible_count': 6, 'bet_adj': 2, 'reason': 'rel_win1=59.9%（本命度） / 最有力組み合わせ確率: 0.064（推定実オッズ?21倍） / 2着集中度: 上位2艇 57.0%（補正+0.00） / 総合判定確率: 0.064 / → ヒモ分散。1号艇1着固定で広めのヒモ流し推奨（買い目+2点）', 'tenji_trigger': '展示確認: ヒモ分散レース。1号艇伸び確認後、広めのヒモ流しを採用。穴ヒモ（5・6号艇）を積極的に含める。\n展示で1号艇スタート遅め(0.185秒)確認→ヒモが荒れやすい'}",,,32.4,逃げ狙い,20.53,38.4,3,,,,,,,,,,,
2026-03-02,丸亀,2,4,伊達正利,B1,28.18,4,▲,7.6285,19,100,38.2,0.1896,4.1,,,0,低,160,0,ま0%,,0,48.4,0.8715,0,0,0.04,0,0,0.0455,0.0455,0.0455,,,C,△,,0.297,0.6165,,0.3421,S,100,0,◎1着固定 2-3着流し（5〜8点）,0.5777,"{'is_target': True, 'verdict': '参加推奨', 'max_combo_prob': 0.0644, 'est_top_odds': 20.7, 'circle_concentration': 57.0, 'eligible_count': 6, 'bet_adj': 2, 'reason': 'rel_win1=59.9%（本命度） / 最有力組み合わせ確率: 0.064（推定実オッズ?21倍） / 2着集中度: 上位2艇 57.0%（補正+0.00） / 総合判定確率: 0.064 / → ヒモ分散。1号艇1着固定で広めのヒモ流し推奨（買い目+2点）', 'tenji_trigger': '展示確認: ヒモ分散レース。1号艇伸び確認後、広めのヒモ流しを採用。穴ヒモ（5・6号艇）を積極的に含める。\n展示で1号艇スタート遅め(0.185秒)確認→ヒモが荒れやすい'}",,,32.4,逃げ狙い,20.53,38.4,3,,,,,,,,,,,
2026-03-02,丸亀,2,5,中村辰也,A2,27.05,5,△,6.4216,20.6,56,43.1,0.1334,3.0603,,,0,低,74,0,-,,0,22.8,1.1657,0,0,0,0.0455,0,0.0286,0.0571,0.1571,,◎,D,◎,,0.4812,0.647,,0.3421,S,100,0,◎1着固定 2-3着流し（5〜8点）,0.5777,"{'is_target': True, 'verdict': '参加推奨', 'max_combo_prob': 0.0644, 'est_top_odds': 20.7, 'circle_concentration': 57.0, 'eligible_count': 6, 'bet_adj': 2, 'reason': 'rel_win1=59.9%（本命度） / 最有力組み合わせ確率: 0.064（推定実オッズ?21倍） / 2着集中度: 上位2艇 57.0%（補正+0.00） / 総合判定確率: 0.064 / → ヒモ分散。1号艇1着固定で広めのヒモ流し推奨（買い目+2点）', 'tenji_trigger': '展示確認: ヒモ分散レース。1号艇伸び確認後、広めのヒモ流しを採用。穴ヒモ（5・6号艇）を積極的に含める。\n展示で1号艇スタート遅め(0.185秒)確認→ヒモが荒れやすい'}",,,32.4,逃げ狙い,20.53,38.4,3,,,,,,,,,,,
2026-03-02,丸亀,2,6,嶋田貴支,B1,25.69,6,,1.1624,3.4,60,16.3,0.2263,4.9884,,,0,低,134,0,-,,0,22.8,0.57,,,,,,0.0174,0.0522,0.1174,,,D,△,,0.2144,0.6045,,0.3421,S,100,0,◎1着固定 2-3着流し（5〜8点）,0.5777,"{'is_target': True, 'verdict': '参加推奨', 'max_combo_prob': 0.0644, 'est_top_odds': 20.7, 'circle_concentration': 57.0, 'eligible_count': 6, 'bet_adj': 2, 'reason': 'rel_win1=59.9%（本命度） / 最有力組み合わせ確率: 0.064（推定実オッズ?21倍） / 2着集中度: 上位2艇 57.0%（補正+0.00） / 総合判定確率: 0.064 / → ヒモ分散。1号艇1着固定で広めのヒモ流し推奨（買い目+2点）', 'tenji_trigger': '展示確認: ヒモ分散レース。1号艇伸び確認後、広めのヒモ流しを採用。穴ヒモ（5・6号艇）を積極的に含める。\n展示で1号艇スタート遅め(0.185秒)確認→ヒモが荒れやすい'}",,,32.4,逃げ狙い,20.53,38.4,3,,,,,,,,,,,
2026-03-02,丸亀,3,1,久田　武,B1,26.79,1,◎,59.0832,,0,88.6,0.1479,2.9357,,,0,低,135,0,逃1%,,0,61.6,0.9679,0.5714,,,,,0.1571,0.0286,0.1286,◎,,D,△,,,0.5955,,0.5454,S,87,0,◎1着固定 2-3着流し（5〜8点）,0.5777,"{'is_target': True, 'verdict': '参加推奨', 'max_combo_prob': 0.0609, 'est_top_odds': 21.9, 'circle_concentration': 60.6, 'eligible_count': 6, 'bet_adj': 2, 'reason': 'rel_win1=59.1%（本命度） / 最有力組み合わせ確率: 0.061（推定実オッズ?22倍） / 2着集中度: 上位2艇 60.6%（補正+0.00） / 総合判定確率: 0.061 / → ヒモ分散。1号艇1着固定で広めのヒモ流し推奨（買い目+2点）', 'tenji_trigger': '展示確認: ヒモ分散レース。1号艇伸び確認後、広めのヒモ流しを採用。穴ヒモ（5・6号艇）を積極的に含める。'}",,,26.1,逃げ狙い,10.3,29.2,4,,,,,0,0,0.7559,0,,逃げ軸流し,A
2026-03-02,丸亀,3,2,大田直弥,A2,19.61,2,,12.5989,32,100,57.6,0.1718,3.8864,,,0,低,182,0,-,,0,81.8,1.6741,0,0.0714,0.0357,0,0,0.2685,0.3139,0.0148,,,E,△,,0.0985,0.604,,0.5454,S,87,0,◎1着固定 2-3着流し（5〜8点）,0.5777,"{'is_target': True, 'verdict': '参加推奨', 'max_combo_prob': 0.0609, 'est_top_odds': 21.9, 'circle_concentration': 60.6, 'eligible_count': 6, 'bet_adj': 2, 'reason': 'rel_win1=59.1%（本命度） / 最有力組み合わせ確率: 0.061（推定実オッズ?22倍） / 2着集中度: 上位2艇 60.6%（補正+0.00） / 総合判定確率: 0.061 / → ヒモ分散。1号艇1着固定で広めのヒモ流し推奨（買い目+2点）', 'tenji_trigger': '展示確認: ヒモ分散レース。1号艇伸び確認後、広めのヒモ流しを採用。穴ヒモ（5・6号艇）を積極的に含める。'}",,,26.1,逃げ狙い,10.3,29.2,4,,,,,,,,,,,
2026-03-02,丸亀,3,3,松井賢治,A2,23.47,3,△,9.5497,28.6,95,61.3,0.1547,3.44,,,0,低,122,0,-,,0,77.2,1.7098,0,0.0286,0,0.0571,0,0.1401,0.0465,0.1215,,,D,◎,,0.2661,0.6985,,0.5454,S,87,0,◎1着固定 2-3着流し（5〜8点）,0.5777,"{'is_target': True, 'verdict': '参加推奨', 'max_combo_prob': 0.0609, 'est_top_odds': 21.9, 'circle_concentration': 60.6, 'eligible_count': 6, 'bet_adj': 2, 'reason': 'rel_win1=59.1%（本命度） / 最有力組み合わせ確率: 0.061（推定実オッズ?22倍） / 2着集中度: 上位2艇 60.6%（補正+0.00） / 総合判定確率: 0.061 / → ヒモ分散。1号艇1着固定で広めのヒモ流し推奨（買い目+2点）', 'tenji_trigger': '展示確認: ヒモ分散レース。1号艇伸び確認後、広めのヒモ流しを採用。穴ヒモ（5・6号艇）を積極的に含める。'}",,,26.1,逃げ狙い,10.3,29.2,4,,,,,,,,,,,
2026-03-02,丸亀,3,4,吉永則雄,A1,36.21,4,○,13.5104,26.3,84,57.1,0.1533,3.1984,,,0,低,112,0,-,,0,98,0.6715,0,0,0.0714,0.0357,0,0.0896,0.0635,0.1184,,,B,○,◎,0.2789,0.696,0.4063,0.5454,S,87,0,◎1着固定 2-3着流し（5〜8点）,0.5777,"{'is_target': True, 'verdict': '参加推奨', 'max_combo_prob': 0.0609, 'est_top_odds': 21.9, 'circle_concentration': 60.6, 'eligible_count': 6, 'bet_adj': 2, 'reason': 'rel_win1=59.1%（本命度） / 最有力組み合わせ確率: 0.061（推定実オッズ?22倍） / 2着集中度: 上位2艇 60.6%（補正+0.00） / 総合判定確率: 0.061 / → ヒモ分散。1号艇1着固定で広めのヒモ流し推奨（買い目+2点）', 'tenji_trigger': '展示確認: ヒモ分散レース。1号艇伸び確認後、広めのヒモ流しを採用。穴ヒモ（5・6号艇）を積極的に含める。'}",,,26.1,逃げ狙い,10.3,29.2,4,,,,,,,,,,,
2026-03-02,丸亀,3,5,常盤海心,B1,49.56,5,▲,4.0242,11.4,94,35.2,0.1756,4.0463,,,0,低,136,0,-,,0,45.3,1.0074,,,,,,0.0667,0.6,0.2667,,,A,,,0.2283,0.592,,0.5454,S,87,0,◎1着固定 2-3着流し（5〜8点）,0.5777,"{'is_target': True, 'verdict': '参加推奨', 'max_combo_prob': 0.0609, 'est_top_odds': 21.9, 'circle_concentration': 60.6, 'eligible_count': 6, 'bet_adj': 2, 'reason': 'rel_win1=59.1%（本命度） / 最有力組み合わせ確率: 0.061（推定実オッズ?22倍） / 2着集中度: 上位2艇 60.6%（補正+0.00） / 総合判定確率: 0.061 / → ヒモ分散。1号艇1着固定で広めのヒモ流し推奨（買い目+2点）', 'tenji_trigger': '展示確認: ヒモ分散レース。1号艇伸び確認後、広めのヒモ流しを採用。穴ヒモ（5・6号艇）を積極的に含める。'}",,,26.1,逃げ狙い,10.3,29.2,4,,,,,,,,,,,
2026-03-02,丸亀,3,6,中岡　駿,B2,27.78,6,,1.2335,1.7,22,6.2,0.2055,4.3615,,,0,低,40,0,-,,0,32.3,2.1478,,,,,,,,,,,C,,,0.1393,0.482,,0.5454,S,87,0,◎1着固定 2-3着流し（5〜8点）,0.5777,"{'is_target': True, 'verdict': '参加推奨', 'max_combo_prob': 0.0609, 'est_top_odds': 21.9, 'circle_concentration': 60.6, 'eligible_count': 6, 'bet_adj': 2, 'reason': 'rel_win1=59.1%（本命度） / 最有力組み合わせ確率: 0.061（推定実オッズ?22倍） / 2着集中度: 上位2艇 60.6%（補正+0.00） / 総合判定確率: 0.061 / → ヒモ分散。1号艇1着固定で広めのヒモ流し推奨（買い目+2点）', 'tenji_trigger': '展示確認: ヒモ分散レース。1号艇伸び確認後、広めのヒモ流しを採用。穴ヒモ（5・6号艇）を積極的に含める。'}",,,26.1,逃げ狙い,10.3,29.2,4,,,,,,,,,,,
2026-03-02,丸亀,4,1,小野信樹,B1,29.03,1,◎,42.1047,,0,64.7,0.178,3.7941,,,0,低,119,0,-,,0,97.5,1.4069,0.5,,,,,0.1533,0.3067,0.1867,△,,C,○,,,0.676,,0.2567,C,43,0,荒れ傾向。高配当狙いか見送り,0.5777,"{'is_target': False, 'verdict': '対象外', 'max_combo_prob': None, 'est_top_odds': None, 'circle_concentration': None, 'eligible_count': 0, 'bet_adj': 0, 'reason': '1号艇rel_win1 < 45%: 通常判定に委ねる', 'tenji_trigger': ''}",,,37.4,両建て推奨,23.01,36.3,4,2-1-3|1-2-4|1-2-3|1-3-4|1-3-2|1-4-2,6-1-4|5-1-6|6-1-3|6-4-1|5-6-1|2-1-3|6-3-1|1-2-4|1-2-3|1-3-4|1-3-2|1-4-2,2-1-3:2.52%|1-2-4:10.05%|1-2-3:7.66%|1-3-4:7.45%|1-3-2:6.65%|1-4-2:5.67%,2-1-3:B_main|1-2-4:A|1-2-3:A|1-3-4:A|1-3-2:A|1-4-2:A,6,12,0.4535,1,[!]見送り推奨（主役決まり手「差し」― 逃げ劣勢レースで的中実績なし）,荒れ広め,D
2026-03-02,丸亀,4,2,大橋純一,A2,33.64,2,▲,18.8167,41.8,100,73,0.1456,2.6032,,,0,低,90,0,差0%,,0,56.1,1.2338,0,0.2174,0,0,0,0.125,0.1125,0.05,,◎,C,◎,,0.6243,0.681,,0.2567,C,43,0,荒れ傾向。高配当狙いか見送り,0.5777,"{'is_target': False, 'verdict': '対象外', 'max_combo_prob': None, 'est_top_odds': None, 'circle_concentration': None, 'eligible_count': 0, 'bet_adj': 0, 'reason': '1号艇rel_win1 < 45%: 通常判定に委ねる', 'tenji_trigger': ''}",,,37.4,両建て推奨,23.01,36.3,4,,,,,,,,,,,
2026-03-02,丸亀,4,3,庄司樹良,A2,21.50,3,,10.5407,27.8,83,65.2,0.1367,2.5978,,,0,低,89,0,差ま0%,,0,44.8,1.1519,0,0,0,0.15,0,0.0414,0.219,0.0138,,△,E,△,,0.5213,0.6125,,0.2567,C,43,0,荒れ傾向。高配当狙いか見送り,0.5777,"{'is_target': False, 'verdict': '対象外', 'max_combo_prob': None, 'est_top_odds': None, 'circle_concentration': None, 'eligible_count': 0, 'bet_adj': 0, 'reason': '1号艇rel_win1 < 45%: 通常判定に委ねる', 'tenji_trigger': ''}",,,37.4,両建て推奨,23.01,36.3,4,,,,,,,,,,,
2026-03-02,丸亀,4,4,高田　明,A1,35.45,4,○,20.4837,18.9,63,58.9,0.1462,2.9643,,,0,低,110,0,ま0% 差ま0%,,0,81.9,1.6334,0,0,0.2917,0.125,0,0.0882,0.0588,0.1765,,○,B,△,◎,0.5301,0.6095,0.4427,0.2567,C,43,0,荒れ傾向。高配当狙いか見送り,0.5777,"{'is_target': False, 'verdict': '対象外', 'max_combo_prob': None, 'est_top_odds': None, 'circle_concentration': None, 'eligible_count': 0, 'bet_adj': 0, 'reason': '1号艇rel_win1 < 45%: 通常判定に委ねる', 'tenji_trigger': ''}",,,37.4,両建て推奨,23.01,36.3,4,,,,,,,,,,,
2026-03-02,丸亀,4,5,近藤来希,B2,33.96,5,△,5.7781,6.5,59,18.2,0.1773,3.8182,,,0,低,51,1,-,,0,28,0.6952,,,,,,,,,,,B,,,0.3519,0.512,,0.2567,C,43,0,荒れ傾向。高配当狙いか見送り,0.5777,"{'is_target': False, 'verdict': '対象外', 'max_combo_prob': None, 'est_top_odds': None, 'circle_concentration': None, 'eligible_count': 0, 'bet_adj': 0, 'reason': '1号艇rel_win1 < 45%: 通常判定に委ねる', 'tenji_trigger': ''}",,,37.4,両建て推奨,23.01,36.3,4,,,,,,,,,,,
2026-03-02,丸亀,4,6,津留浩一,B1,28.18,6,,2.276,5.1,46,20,0.1825,3.6375,,,0,低,102,0,-,,0,30.4,0.8283,,,,,,0.1412,0.0471,0.3706,,,D,,,0.3417,0.52,,0.2567,C,43,0,荒れ傾向。高配当狙いか見送り,0.5777,"{'is_target': False, 'verdict': '対象外', 'max_combo_prob': None, 'est_top_odds': None, 'circle_concentration': None, 'eligible_count': 0, 'bet_adj': 0, 'reason': '1号艇rel_win1 < 45%: 通常判定に委ねる', 'tenji_trigger': ''}",,,37.4,両建て推奨,23.01,36.3,4,,,,,,,,,,,
2026-03-02,丸亀,5,1,池本輝明,B1,23.21,1,◎,45.6802,,0,74.4,0.1574,3.3488,,,0,低,168,0,逃0%,,0,75,0.9444,0.3571,,,,,0.0286,0.1429,0.2857,○,,E,○,,,0.629,,0.4176,B,54,0,◎○△フォーメーション（15〜20点）,0.5777,"{'is_target': True, 'verdict': '参加推奨', 'max_combo_prob': 0.0709, 'est_top_odds': 18.8, 'circle_concentration': 69.1, 'eligible_count': 9, 'bet_adj': 2, 'reason': 'rel_win1=45.7%（本命度） / 最有力組み合わせ確率: 0.071（推定実オッズ?19倍） / 2着集中度: 上位2艇 69.1%（補正+0.00） / 総合判定確率: 0.071 / → ヒモ分散。1号艇1着固定で広めのヒモ流し推奨（買い目+2点）', 'tenji_trigger': '展示確認: ヒモ分散レース。1号艇伸び確認後、広めのヒモ流しを採用。穴ヒモ（5・6号艇）を積極的に含める。'}",,,29.1,両建て推奨,18.97,30.3,4,,,,,0,0,0.6155,0,,逃げ軸流し,A
2026-03-02,丸亀,5,2,鈴木孝明,A2,25.66,2,△,17.3734,49.2,61,66.7,0.1748,3.8542,,,0,低,105,0,ま1%,,0,42.8,0.8869,0,0.1538,0.0385,0,0.0385,0.0857,0.419,0,,,D,△,,0.1587,0.6205,,0.4176,B,54,0,◎○△フォーメーション（15〜20点）,0.5777,"{'is_target': True, 'verdict': '参加推奨', 'max_combo_prob': 0.0709, 'est_top_odds': 18.8, 'circle_concentration': 69.1, 'eligible_count': 9, 'bet_adj': 2, 'reason': 'rel_win1=45.7%（本命度） / 最有力組み合わせ確率: 0.071（推定実オッズ?19倍） / 2着集中度: 上位2艇 69.1%（補正+0.00） / 総合判定確率: 0.071 / → ヒモ分散。1号艇1着固定で広めのヒモ流し推奨（買い目+2点）', 'tenji_trigger': '展示確認: ヒモ分散レース。1号艇伸び確認後、広めのヒモ流しを採用。穴ヒモ（5・6号艇）を積極的に含める。'}",,,29.1,両建て推奨,18.97,30.3,4,,,,,,,,,,,
2026-03-02,丸亀,5,3,江口晃生,A1,29.63,3,,13.4634,19.9,87,,,,,,0,低,33,1,-,,0,,,,,,,,,,,,,C,◎,,0.3091,0.642,,0.4176,B,54,0,◎○△フォーメーション（15〜20点）,0.5777,"{'is_target': True, 'verdict': '参加推奨', 'max_combo_prob': 0.0709, 'est_top_odds': 18.8, 'circle_concentration': 69.1, 'eligible_count': 9, 'bet_adj': 2, 'reason': 'rel_win1=45.7%（本命度） / 最有力組み合わせ確率: 0.071（推定実オッズ?19倍） / 2着集中度: 上位2艇 69.1%（補正+0.00） / 総合判定確率: 0.071 / → ヒモ分散。1号艇1着固定で広めのヒモ流し推奨（買い目+2点）', 'tenji_trigger': '展示確認: ヒモ分散レース。1号艇伸び確認後、広めのヒモ流しを採用。穴ヒモ（5・6号艇）を積極的に含める。'}",,,29.1,両建て推奨,18.97,30.3,4,,,,,,,,,,,
2026-03-02,丸亀,5,4,丸尾義孝,A2,34.86,4,○,14.8324,13.9,100,55.6,0.1538,3.3254,,,0,低,95,0,-,,0,83,1.3619,,,,,,0.0476,0.2017,0.1403,,,B,△,◎,0.324,0.6195,0.3946,0.4176,B,54,0,◎○△フォーメーション（15〜20点）,0.5777,"{'is_target': True, 'verdict': '参加推奨', 'max_combo_prob': 0.0709, 'est_top_odds': 18.8, 'circle_concentration': 69.1, 'eligible_count': 9, 'bet_adj': 2, 'reason': 'rel_win1=45.7%（本命度） / 最有力組み合わせ確率: 0.071（推定実オッズ?19倍） / 2着集中度: 上位2艇 69.1%（補正+0.00） / 総合判定確率: 0.071 / → ヒモ分散。1号艇1着固定で広めのヒモ流し推奨（買い目+2点）', 'tenji_trigger': '展示確認: ヒモ分散レース。1号艇伸び確認後、広めのヒモ流しを採用。穴ヒモ（5・6号艇）を積極的に含める。'}",,,29.1,両建て推奨,18.97,30.3,4,,,,,,,,,,,
2026-03-02,丸亀,5,5,乃村康友,B1,32.14,5,▲,7.478,15.8,93,42.1,0.1498,3.4386,,,0,低,118,0,-,,0,65.5,1.0964,0,0,0,0.087,0,0.0421,0.0211,0.2553,,,B,,,0.3159,0.6065,,0.4176,B,54,0,◎○△フォーメーション（15〜20点）,0.5777,"{'is_target': True, 'verdict': '参加推奨', 'max_combo_prob': 0.0709, 'est_top_odds': 18.8, 'circle_concentration': 69.1, 'eligible_count': 9, 'bet_adj': 2, 'reason': 'rel_win1=45.7%（本命度） / 最有力組み合わせ確率: 0.071（推定実オッズ?19倍） / 2着集中度: 上位2艇 69.1%（補正+0.00） / 総合判定確率: 0.071 / → ヒモ分散。1号艇1着固定で広めのヒモ流し推奨（買い目+2点）', 'tenji_trigger': '展示確認: ヒモ分散レース。1号艇伸び確認後、広めのヒモ流しを採用。穴ヒモ（5・6号艇）を積極的に含める。'}",,,29.1,両建て推奨,18.97,30.3,4,,,,,,,,,,,
2026-03-02,丸亀,5,6,原田朱理,B2,29.91,6,,1.1726,1.2,37,3.6,0.2379,5.3929,,,0,低,21,0,-,,0,17.3,0.7711,,,,,,,,,,,C,,,0.1373,0.55,,0.4176,B,54,0,◎○△フォーメーション（15〜20点）,0.5777,"{'is_target': True, 'verdict': '参加推奨', 'max_combo_prob': 0.0709, 'est_top_odds': 18.8, 'circle_concentration': 69.1, 'eligible_count': 9, 'bet_adj': 2, 'reason': 'rel_win1=45.7%（本命度） / 最有力組み合わせ確率: 0.071（推定実オッズ?19倍） / 2着集中度: 上位2艇 69.1%（補正+0.00） / 総合判定確率: 0.071 / → ヒモ分散。1号艇1着固定で広めのヒモ流し推奨（買い目+2点）', 'tenji_trigger': '展示確認: ヒモ分散レース。1号艇伸び確認後、広めのヒモ流しを採用。穴ヒモ（5・6号艇）を積極的に含める。'}",,,29.1,両建て推奨,18.97,30.3,4,,,,,,,,,,,
2026-03-02,丸亀,6,1,倉尾大介,A2,37.61,1,◎,48.1333,,0,75.6,0.1651,3,,,0,低,96,0,逃0%,,0,80.3,0.9663,0.4706,,,,,0.2141,0.0471,0.1906,◎,,D,△,,,0.577,,0.4511,B,51,0,◎○△フォーメーション（15〜20点）,0.5777,"{'is_target': True, 'verdict': '参加推奨', 'max_combo_prob': 0.0782, 'est_top_odds': 17.1, 'circle_concentration': 68.4, 'eligible_count': 9, 'bet_adj': 2, 'reason': 'rel_win1=48.1%（本命度） / 最有力組み合わせ確率: 0.078（推定実オッズ?17倍） / 2着集中度: 上位2艇 68.4%（補正+0.00） / 総合判定確率: 0.078 / → ヒモ分散。1号艇1着固定で広めのヒモ流し推奨（買い目+2点）', 'tenji_trigger': '展示確認: ヒモ分散レース。1号艇伸び確認後、広めのヒモ流しを採用。穴ヒモ（5・6号艇）を積極的に含める。'}",,,31.3,両建て推奨,22.84,33.3,2,,,,,0,0,0.7559,0,,逃げ軸流し,A
2026-03-02,丸亀,6,2,吉川貴仁,A1,41.67,2,○,28.9319,43.8,100,83.7,0.174,3.3372,,,0,低,76,0,差1%,,0,43,0.8834,0,0.3684,0.1579,0,0,0.087,0,0.0435,,,C,○,,0.2926,0.6045,,0.4511,B,51,0,◎○△フォーメーション（15〜20点）,0.5777,"{'is_target': True, 'verdict': '参加推奨', 'max_combo_prob': 0.0782, 'est_top_odds': 17.1, 'circle_concentration': 68.4, 'eligible_count': 9, 'bet_adj': 2, 'reason': 'rel_win1=48.1%（本命度） / 最有力組み合わせ確率: 0.078（推定実オッズ?17倍） / 2着集中度: 上位2艇 68.4%（補正+0.00） / 総合判定確率: 0.078 / → ヒモ分散。1号艇1着固定で広めのヒモ流し推奨（買い目+2点）', 'tenji_trigger': '展示確認: ヒモ分散レース。1号艇伸び確認後、広めのヒモ流しを採用。穴ヒモ（5・6号艇）を積極的に含める。'}",,,31.3,両建て推奨,22.84,33.3,2,,,,,,,,,,,
2026-03-02,丸亀,6,3,大澤大夢,B1,54.63,3,▲,9.932,24.5,60,51.7,0.1468,3.1,,,0,低,103,0,ま0%,,0,70.4,1.2604,0,0.0385,0.0385,0.0385,0,0.1632,0.1421,0.1211,,◎,A,◎,,0.3679,0.644,,0.4511,B,51,0,◎○△フォーメーション（15〜20点）,0.5777,"{'is_target': True, 'verdict': '参加推奨', 'max_combo_prob': 0.0782, 'est_top_odds': 17.1, 'circle_concentration': 68.4, 'eligible_count': 9, 'bet_adj': 2, 'reason': 'rel_win1=48.1%（本命度） / 最有力組み合わせ確率: 0.078（推定実オッズ?17倍） / 2着集中度: 上位2艇 68.4%（補正+0.00） / 総合判定確率: 0.078 / → ヒモ分散。1号艇1着固定で広めのヒモ流し推奨（買い目+2点）', 'tenji_trigger': '展示確認: ヒモ分散レース。1号艇伸び確認後、広めのヒモ流しを採用。穴ヒモ（5・6号艇）を積極的に含める。'}",,,31.3,両建て推奨,22.84,33.3,2,,,,,,,,,,,
2026-03-02,丸亀,6,4,米玉利大,B1,48.18,4,△,5.4017,12.1,54,21.1,0.1832,4.1053,,,0,低,58,0,-,,0,20.3,0.5547,,,,,,0,0.6667,0,,,B,,,0.2427,0.5175,,0.4511,B,51,0,◎○△フォーメーション（15〜20点）,0.5777,"{'is_target': True, 'verdict': '参加推奨', 'max_combo_prob': 0.0782, 'est_top_odds': 17.1, 'circle_concentration': 68.4, 'eligible_count': 9, 'bet_adj': 2, 'reason': 'rel_win1=48.1%（本命度） / 最有力組み合わせ確率: 0.078（推定実オッズ?17倍） / 2着集中度: 上位2艇 68.4%（補正+0.00） / 総合判定確率: 0.078 / → ヒモ分散。1号艇1着固定で広めのヒモ流し推奨（買い目+2点）', 'tenji_trigger': '展示確認: ヒモ分散レース。1号艇伸び確認後、広めのヒモ流しを採用。穴ヒモ（5・6号艇）を積極的に含める。'}",,,31.3,両建て推奨,22.84,33.3,2,,,,,,,,,,,
2026-03-02,丸亀,6,5,百武　翔,A2,24.53,5,,6.5749,19.2,35,42.6,0.1967,4.2951,,,0,低,161,0,-,,0,46.2,0.8976,,,,,,0.0556,0.3778,0.0222,,,E,△,,0.2094,0.573,,0.4511,B,51,0,◎○△フォーメーション（15〜20点）,0.5777,"{'is_target': True, 'verdict': '参加推奨', 'max_combo_prob': 0.0782, 'est_top_odds': 17.1, 'circle_concentration': 68.4, 'eligible_count': 9, 'bet_adj': 2, 'reason': 'rel_win1=48.1%（本命度） / 最有力組み合わせ確率: 0.078（推定実オッズ?17倍） / 2着集中度: 上位2艇 68.4%（補正+0.00） / 総合判定確率: 0.078 / → ヒモ分散。1号艇1着固定で広めのヒモ流し推奨（買い目+2点）', 'tenji_trigger': '展示確認: ヒモ分散レース。1号艇伸び確認後、広めのヒモ流しを採用。穴ヒモ（5・6号艇）を積極的に含める。'}",,,31.3,両建て推奨,22.84,33.3,2,,,,,,,,,,,
2026-03-02,丸亀,6,6,山本凱立,B2,38.89,6,,1.0262,0.3,13,0,0.2046,4.37,,,0,低,56,0,-,,0,23.2,0.5483,,,,,,,,,,,C,,,0.1843,0.4725,,0.4511,B,51,0,◎○△フォーメーション（15〜20点）,0.5777,"{'is_target': True, 'verdict': '参加推奨', 'max_combo_prob': 0.0782, 'est_top_odds': 17.1, 'circle_concentration': 68.4, 'eligible_count': 9, 'bet_adj': 2, 'reason': 'rel_win1=48.1%（本命度） / 最有力組み合わせ確率: 0.078（推定実オッズ?17倍） / 2着集中度: 上位2艇 68.4%（補正+0.00） / 総合判定確率: 0.078 / → ヒモ分散。1号艇1着固定で広めのヒモ流し推奨（買い目+2点）', 'tenji_trigger': '展示確認: ヒモ分散レース。1号艇伸び確認後、広めのヒモ流しを採用。穴ヒモ（5・6号艇）を積極的に含める。'}",,,31.3,両建て推奨,22.84,33.3,2,,,,,,,,,,,
2026-03-02,丸亀,7,1,丹下　将,A2,33.64,1,◎,64.2628,,0,89.5,0.1487,3.1493,,,0,低,115,0,逃1%,,0,82.3,0.9928,0.5588,,,,,0.0588,0.2067,0.1445,◎,,B,△,,,0.66,,0.4515,S,97,0,◎1着固定 2-3着流し（5〜8点）,0.5777,"{'is_target': True, 'verdict': '点数絞り', 'max_combo_prob': 0.1285, 'est_top_odds': 10.4, 'circle_concentration': 73.6, 'eligible_count': 6, 'bet_adj': 0, 'reason': 'rel_win1=64.3%（本命度） / 最有力組み合わせ確率: 0.129（推定実オッズ?10倍） / 2着集中度: 上位2艇 73.6%（補正+0.04） / 総合判定確率: 0.169 / → ヒモはやや固め。上位2艇以外を切ること', 'tenji_trigger': '展示確認: 1号艇伸び良→そのまま採用。悪→飛び組に差し替え。circle_pct上位2艇に絞り込むこと。'}",,,28.6,逃げ狙い,18.17,29.6,4,,,,,0,0,0.7559,0,,逃げ軸流し,A
2026-03-02,丸亀,7,2,阪本勇介,B1,25.66,2,,8.0446,20,61,36.6,0.192,4.3415,,,0,低,196,0,-,,0,45.3,0.6438,,,,,,0.0714,0.1629,0.2629,,,D,△,,0.0863,0.5885,,0.4515,S,97,0,◎1着固定 2-3着流し（5〜8点）,0.5777,"{'is_target': True, 'verdict': '点数絞り', 'max_combo_prob': 0.1285, 'est_top_odds': 10.4, 'circle_concentration': 73.6, 'eligible_count': 6, 'bet_adj': 0, 'reason': 'rel_win1=64.3%（本命度） / 最有力組み合わせ確率: 0.129（推定実オッズ?10倍） / 2着集中度: 上位2艇 73.6%（補正+0.04） / 総合判定確率: 0.169 / → ヒモはやや固め。上位2艇以外を切ること', 'tenji_trigger': '展示確認: 1号艇伸び良→そのまま採用。悪→飛び組に差し替え。circle_pct上位2艇に絞り込むこと。'}",,,28.6,逃げ狙い,18.17,29.6,4,,,,,,,,,,,
2026-03-02,丸亀,7,3,石丸海渡,A1,25.86,3,▲,12.3667,40.6,76,63.2,0.1024,2,,,0,低,26,0,ま0% 差ま0%,,0,56.3,1.0985,0,0.0455,0.0455,0.0909,0.0455,0.0792,0.0125,0,,◎,D,◎,,0.494,0.687,,0.4515,S,97,0,◎1着固定 2-3着流し（5〜8点）,0.5777,"{'is_target': True, 'verdict': '点数絞り', 'max_combo_prob': 0.1285, 'est_top_odds': 10.4, 'circle_concentration': 73.6, 'eligible_count': 6, 'bet_adj': 0, 'reason': 'rel_win1=64.3%（本命度） / 最有力組み合わせ確率: 0.129（推定実オッズ?10倍） / 2着集中度: 上位2艇 73.6%（補正+0.04） / 総合判定確率: 0.169 / → ヒモはやや固め。上位2艇以外を切ること', 'tenji_trigger': '展示確認: 1号艇伸び良→そのまま採用。悪→飛び組に差し替え。circle_pct上位2艇に絞り込むこと。'}",,,28.6,逃げ狙い,18.17,29.6,4,,,,,,,,,,,
2026-03-02,丸亀,7,4,森野正弘,A2,31.78,4,○,9.8068,33,100,70.4,0.1272,2.5556,,,0,低,55,0,-,,0,34.6,0.6943,0,0.037,0,0,0,0.0857,0.0286,0.0857,,,B,○,◎,0.3944,0.667,0.4592,0.4515,S,97,0,◎1着固定 2-3着流し（5〜8点）,0.5777,"{'is_target': True, 'verdict': '点数絞り', 'max_combo_prob': 0.1285, 'est_top_odds': 10.4, 'circle_concentration': 73.6, 'eligible_count': 6, 'bet_adj': 0, 'reason': 'rel_win1=64.3%（本命度） / 最有力組み合わせ確率: 0.129（推定実オッズ?10倍） / 2着集中度: 上位2艇 73.6%（補正+0.04） / 総合判定確率: 0.169 / → ヒモはやや固め。上位2艇以外を切ること', 'tenji_trigger': '展示確認: 1号艇伸び良→そのまま採用。悪→飛び組に差し替え。circle_pct上位2艇に絞り込むこと。'}",,,28.6,逃げ狙い,18.17,29.6,4,,,,,,,,,,,
2026-03-02,丸亀,7,5,小川広大,B1,30.51,5,△,4.4845,6,31,12.1,0.2045,4.2045,,,0,低,185,0,-,,0,23.8,0.6595,,,,,,0.2545,0.0545,0.2909,,,C,,,0.17,0.5845,,0.4515,S,97,0,◎1着固定 2-3着流し（5〜8点）,0.5777,"{'is_target': True, 'verdict': '点数絞り', 'max_combo_prob': 0.1285, 'est_top_odds': 10.4, 'circle_concentration': 73.6, 'eligible_count': 6, 'bet_adj': 0, 'reason': 'rel_win1=64.3%（本命度） / 最有力組み合わせ確率: 0.129（推定実オッズ?10倍） / 2着集中度: 上位2艇 73.6%（補正+0.04） / 総合判定確率: 0.169 / → ヒモはやや固め。上位2艇以外を切ること', 'tenji_trigger': '展示確認: 1号艇伸び良→そのまま採用。悪→飛び組に差し替え。circle_pct上位2艇に絞り込むこと。'}",,,28.6,逃げ狙い,18.17,29.6,4,,,,,,,,,,,
2026-03-02,丸亀,7,6,有山　望,B1,20.00,6,,1.0345,0.4,11,3.2,0.1751,3.8175,,,0,低,45,0,-,,0,21.7,0.8667,,,,,,,,,,,E,,,0.257,0.4945,,0.4515,S,97,0,◎1着固定 2-3着流し（5〜8点）,0.5777,"{'is_target': True, 'verdict': '点数絞り', 'max_combo_prob': 0.1285, 'est_top_odds': 10.4, 'circle_concentration': 73.6, 'eligible_count': 6, 'bet_adj': 0, 'reason': 'rel_win1=64.3%（本命度） / 最有力組み合わせ確率: 0.129（推定実オッズ?10倍） / 2着集中度: 上位2艇 73.6%（補正+0.04） / 総合判定確率: 0.169 / → ヒモはやや固め。上位2艇以外を切ること', 'tenji_trigger': '展示確認: 1号艇伸び良→そのまま採用。悪→飛び組に差し替え。circle_pct上位2艇に絞り込むこと。'}",,,28.6,逃げ狙い,18.17,29.6,4,,,,,,,,,,,
2026-03-02,丸亀,8,1,福島勇樹,A1,37.82,1,◎,71.5415,,0,90.7,0.1116,2.0867,,,0,低,60,0,逃1%,,0,97.7,1.3696,0.7333,,,,,0.1,0.0333,0.0667,◎,,A,△,,,0.6195,,0.7572,S,92,0,◎1着固定 2-3着流し（5〜8点）,0.5777,"{'is_target': True, 'verdict': '点数絞り', 'max_combo_prob': 0.1602, 'est_top_odds': 8.3, 'circle_concentration': 77.4, 'eligible_count': 6, 'bet_adj': 0, 'reason': 'rel_win1=71.5%（本命度） / 最有力組み合わせ確率: 0.160（推定実オッズ?8倍） / 2着集中度: 上位2艇 77.4%（補正+0.04） / 総合判定確率: 0.200 / → ヒモはやや固め。上位2艇以外を切ること', 'tenji_trigger': '展示確認: 1号艇伸び良→そのまま採用。悪→飛び組に差し替え。circle_pct上位2艇に絞り込むこと。\n展示で1号艇スタート超安定(0.112秒)→ヒモ固まり方向に注意'}",,,25.4,逃げ狙い,12.54,25.4,2,,,,,0,0,0.7559,0,,逃げ軸流し,A
2026-03-02,丸亀,8,2,中村辰也,A2,27.05,2,○,10.2706,49.9,73,71,0.1297,3.2258,,,0,低,74,0,-,,0,50.6,1.1016,0,0.0435,0.0435,0,0.0435,0.0286,0.0571,0.1571,,,C,○,,0.1279,0.647,,0.7572,S,92,0,◎1着固定 2-3着流し（5〜8点）,0.5777,"{'is_target': True, 'verdict': '点数絞り', 'max_combo_prob': 0.1602, 'est_top_odds': 8.3, 'circle_concentration': 77.4, 'eligible_count': 6, 'bet_adj': 0, 'reason': 'rel_win1=71.5%（本命度） / 最有力組み合わせ確率: 0.160（推定実オッズ?8倍） / 2着集中度: 上位2艇 77.4%（補正+0.04） / 総合判定確率: 0.200 / → ヒモはやや固め。上位2艇以外を切ること', 'tenji_trigger': '展示確認: 1号艇伸び良→そのまま採用。悪→飛び組に差し替え。circle_pct上位2艇に絞り込むこと。\n展示で1号艇スタート超安定(0.112秒)→ヒモ固まり方向に注意'}",,,25.4,逃げ狙い,12.54,25.4,2,,,,,,,,,,,
2026-03-02,丸亀,8,3,久田　武,B1,26.79,3,▲,7.8227,27.4,100,62,0.1439,3.0986,,,0,低,135,0,-,,0,45.6,1.105,0,0,0.0357,0.0357,0,0.1571,0.0286,0.1286,,,D,,,0.1245,0.5955,,0.7572,S,92,0,◎1着固定 2-3着流し（5〜8点）,0.5777,"{'is_target': True, 'verdict': '点数絞り', 'max_combo_prob': 0.1602, 'est_top_odds': 8.3, 'circle_concentration': 77.4, 'eligible_count': 6, 'bet_adj': 0, 'reason': 'rel_win1=71.5%（本命度） / 最有力組み合わせ確率: 0.160（推定実オッズ?8倍） / 2着集中度: 上位2艇 77.4%（補正+0.04） / 総合判定確率: 0.200 / → ヒモはやや固め。上位2艇以外を切ること', 'tenji_trigger': '展示確認: 1号艇伸び良→そのまま採用。悪→飛び組に差し替え。circle_pct上位2艇に絞り込むこと。\n展示で1号艇スタート超安定(0.112秒)→ヒモ固まり方向に注意'}",,,25.4,逃げ狙い,12.54,25.4,2,,,,,,,,,,,
2026-03-02,丸亀,8,4,島川海輝,A2,25.22,4,,6.7582,15.5,70,44.7,0.1623,3.4574,,,0,低,76,0,ま0% 差ま0%,,0,41.3,0.9174,0,0,0.1053,0.0526,0,0.0296,0.1296,0.1593,,,E,◎,◎,0.1317,0.663,0.3772,0.7572,S,92,0,◎1着固定 2-3着流し（5〜8点）,0.5777,"{'is_target': True, 'verdict': '点数絞り', 'max_combo_prob': 0.1602, 'est_top_odds': 8.3, 'circle_concentration': 77.4, 'eligible_count': 6, 'bet_adj': 0, 'reason': 'rel_win1=71.5%（本命度） / 最有力組み合わせ確率: 0.160（推定実オッズ?8倍） / 2着集中度: 上位2艇 77.4%（補正+0.04） / 総合判定確率: 0.200 / → ヒモはやや固め。上位2艇以外を切ること', 'tenji_trigger': '展示確認: 1号艇伸び良→そのまま採用。悪→飛び組に差し替え。circle_pct上位2艇に絞り込むこと。\n展示で1号艇スタート超安定(0.112秒)→ヒモ固まり方向に注意'}",,,25.4,逃げ狙い,12.54,25.4,2,,,,,,,,,,,
2026-03-02,丸亀,8,5,赤池修平,B1,26.42,5,,2.3102,6.8,39,17.3,0.1873,3.9904,,,0,低,135,0,ま0%,,0,28.5,0.696,0,0,0.0476,0,0,0.0444,0.3111,0.3333,,,D,△,,0.1115,0.614,,0.7572,S,92,0,◎1着固定 2-3着流し（5〜8点）,0.5777,"{'is_target': True, 'verdict': '点数絞り', 'max_combo_prob': 0.1602, 'est_top_odds': 8.3, 'circle_concentration': 77.4, 'eligible_count': 6, 'bet_adj': 0, 'reason': 'rel_win1=71.5%（本命度） / 最有力組み合わせ確率: 0.160（推定実オッズ?8倍） / 2着集中度: 上位2艇 77.4%（補正+0.04） / 総合判定確率: 0.200 / → ヒモはやや固め。上位2艇以外を切ること', 'tenji_trigger': '展示確認: 1号艇伸び良→そのまま採用。悪→飛び組に差し替え。circle_pct上位2艇に絞り込むこと。\n展示で1号艇スタート超安定(0.112秒)→ヒモ固まり方向に注意'}",,,25.4,逃げ狙い,12.54,25.4,2,,,,,,,,,,,
2026-03-02,丸亀,8,6,近藤来希,B2,33.96,6,△,1.2968,0.3,14,2.8,0.2042,4.375,,,0,低,51,0,-,,0,23.7,0.6394,0,0,0,0.0139,0,,,,,,B,,,0.1017,0.512,,0.7572,S,92,0,◎1着固定 2-3着流し（5〜8点）,0.5777,"{'is_target': True, 'verdict': '点数絞り', 'max_combo_prob': 0.1602, 'est_top_odds': 8.3, 'circle_concentration': 77.4, 'eligible_count': 6, 'bet_adj': 0, 'reason': 'rel_win1=71.5%（本命度） / 最有力組み合わせ確率: 0.160（推定実オッズ?8倍） / 2着集中度: 上位2艇 77.4%（補正+0.04） / 総合判定確率: 0.200 / → ヒモはやや固め。上位2艇以外を切ること', 'tenji_trigger': '展示確認: 1号艇伸び良→そのまま採用。悪→飛び組に差し替え。circle_pct上位2艇に絞り込むこと。\n展示で1号艇スタート超安定(0.112秒)→ヒモ固まり方向に注意'}",,,25.4,逃げ狙い,12.54,25.4,2,,,,,,,,,,,
2026-03-02,丸亀,9,1,松井賢治,A2,23.47,1,◎,59.8043,,0,90.7,0.1477,3.0567,,,0,低,122,0,逃1%,,0,78.4,1.1674,0.5581,,,,,0.1401,0.0465,0.1215,◎,,D,◎,,,0.6985,,0.5153,S,81,0,◎1着固定 2-3着流し（5〜8点）,0.5777,"{'is_target': True, 'verdict': '点数絞り', 'max_combo_prob': 0.1202, 'est_top_odds': 11.1, 'circle_concentration': 73.7, 'eligible_count': 6, 'bet_adj': 0, 'reason': 'rel_win1=59.8%（本命度） / 最有力組み合わせ確率: 0.120（推定実オッズ?11倍） / 2着集中度: 上位2艇 73.7%（補正+0.04） / 総合判定確率: 0.160 / → ヒモはやや固め。上位2艇以外を切ること', 'tenji_trigger': '展示確認: 1号艇伸び良→そのまま採用。悪→飛び組に差し替え。circle_pct上位2艇に絞り込むこと。'}",,,26.4,逃げ狙い,12.49,28.2,3,,,,,0,0,0.7559,0,,逃げ軸流し,A
2026-03-02,丸亀,9,2,三浦洋次,A2,33.91,2,▲,12.5945,52,65,60.3,0.1733,3.8276,,,0,低,148,0,-,,0,26.1,0.7734,0,0.1429,0,0,0,0.1171,0.3947,0.0211,,,C,△,,0.1039,0.6295,,0.5153,S,81,0,◎1着固定 2-3着流し（5〜8点）,0.5777,"{'is_target': True, 'verdict': '点数絞り', 'max_combo_prob': 0.1202, 'est_top_odds': 11.1, 'circle_concentration': 73.7, 'eligible_count': 6, 'bet_adj': 0, 'reason': 'rel_win1=59.8%（本命度） / 最有力組み合わせ確率: 0.120（推定実オッズ?11倍） / 2着集中度: 上位2艇 73.7%（補正+0.04） / 総合判定確率: 0.160 / → ヒモはやや固め。上位2艇以外を切ること', 'tenji_trigger': '展示確認: 1号艇伸び良→そのまま採用。悪→飛び組に差し替え。circle_pct上位2艇に絞り込むこと。'}",,,26.4,逃げ狙い,12.49,28.2,3,,,,,,,,,,,
2026-03-02,丸亀,9,3,橋本久和,B1,33.04,3,,13.421,21.6,100,60.4,0.1725,3.5472,,,0,低,146,0,-,,0,50.6,1.2613,0,0,0.1304,0,0,0.219,0.219,0.2052,,,C,△,,0.1929,0.6265,,0.5153,S,81,0,◎1着固定 2-3着流し（5〜8点）,0.5777,"{'is_target': True, 'verdict': '点数絞り', 'max_combo_prob': 0.1202, 'est_top_odds': 11.1, 'circle_concentration': 73.7, 'eligible_count': 6, 'bet_adj': 0, 'reason': 'rel_win1=59.8%（本命度） / 最有力組み合わせ確率: 0.120（推定実オッズ?11倍） / 2着集中度: 上位2艇 73.7%（補正+0.04） / 総合判定確率: 0.160 / → ヒモはやや固め。上位2艇以外を切ること', 'tenji_trigger': '展示確認: 1号艇伸び良→そのまま採用。悪→飛び組に差し替え。circle_pct上位2艇に絞り込むこと。'}",,,26.4,逃げ狙い,12.49,28.2,3,,,,,,,,,,,
2026-03-02,丸亀,9,4,山崎昂介,B1,34.82,4,○,6.9979,9.2,75,42.9,0.1643,3.2143,,,0,低,138,0,差ま0%,,0,24.9,0.6547,0,0,0.037,0.1111,0,0.0444,0.0667,0.2844,,,B,○,◎,0.2426,0.64,0.3608,0.5153,S,81,0,◎1着固定 2-3着流し（5〜8点）,0.5777,"{'is_target': True, 'verdict': '点数絞り', 'max_combo_prob': 0.1202, 'est_top_odds': 11.1, 'circle_concentration': 73.7, 'eligible_count': 6, 'bet_adj': 0, 'reason': 'rel_win1=59.8%（本命度） / 最有力組み合わせ確率: 0.120（推定実オッズ?11倍） / 2着集中度: 上位2艇 73.7%（補正+0.04） / 総合判定確率: 0.160 / → ヒモはやや固め。上位2艇以外を切ること', 'tenji_trigger': '展示確認: 1号艇伸び良→そのまま採用。悪→飛び組に差し替え。circle_pct上位2艇に絞り込むこと。'}",,,26.4,逃げ狙い,12.49,28.2,3,,,,,,,,,,,
2026-03-02,丸亀,9,5,庄司樹良,A2,21.50,5,,5.8649,15.1,61,47.6,0.1486,2.8492,,,0,低,89,0,-,,0,99.8,1.9714,0,0,0,0.0323,0,0.0414,0.219,0.0138,,,E,,,0.2835,0.6125,,0.5153,S,81,0,◎1着固定 2-3着流し（5〜8点）,0.5777,"{'is_target': True, 'verdict': '点数絞り', 'max_combo_prob': 0.1202, 'est_top_odds': 11.1, 'circle_concentration': 73.7, 'eligible_count': 6, 'bet_adj': 0, 'reason': 'rel_win1=59.8%（本命度） / 最有力組み合わせ確率: 0.120（推定実オッズ?11倍） / 2着集中度: 上位2艇 73.7%（補正+0.04） / 総合判定確率: 0.160 / → ヒモはやや固め。上位2艇以外を切ること', 'tenji_trigger': '展示確認: 1号艇伸び良→そのまま採用。悪→飛び組に差し替え。circle_pct上位2艇に絞り込むこと。'}",,,26.4,逃げ狙い,12.49,28.2,3,,,,,,,,,,,
2026-03-02,丸亀,9,6,渥美卓郎,B1,56.88,6,△,1.3174,2,23,8.3,0.2217,4.7708,,,0,低,188,0,-,,0,25.2,0.8311,,,,,,0.25,0.02,0.25,,,A,,,0.146,0.615,,0.5153,S,81,0,◎1着固定 2-3着流し（5〜8点）,0.5777,"{'is_target': True, 'verdict': '点数絞り', 'max_combo_prob': 0.1202, 'est_top_odds': 11.1, 'circle_concentration': 73.7, 'eligible_count': 6, 'bet_adj': 0, 'reason': 'rel_win1=59.8%（本命度） / 最有力組み合わせ確率: 0.120（推定実オッズ?11倍） / 2着集中度: 上位2艇 73.7%（補正+0.04） / 総合判定確率: 0.160 / → ヒモはやや固め。上位2艇以外を切ること', 'tenji_trigger': '展示確認: 1号艇伸び良→そのまま採用。悪→飛び組に差し替え。circle_pct上位2艇に絞り込むこと。'}",,,26.4,逃げ狙い,12.49,28.2,3,,,,,,,,,,,
2026-03-02,丸亀,10,1,丸尾義孝,A2,34.86,1,◎,66.2972,,0,90.4,0.1273,2.3253,,,0,低,95,0,逃1%,,0,82.9,1.0074,0.5238,,,,,0.0476,0.2017,0.1403,◎,,B,○,,,0.6195,,0.689,S,81,0,◎1着固定 2-3着流し（5〜8点）,0.5777,"{'is_target': True, 'verdict': '点数絞り', 'max_combo_prob': 0.1685, 'est_top_odds': 7.9, 'circle_concentration': 87.2, 'eligible_count': 6, 'bet_adj': 0, 'reason': 'rel_win1=66.3%（本命度） / 最有力組み合わせ確率: 0.168（推定実オッズ?8倍） / 2着集中度: 上位2艇 87.2%（補正+0.04） / 総合判定確率: 0.208 / → ヒモはやや固め。上位2艇以外を切ること', 'tenji_trigger': '展示確認: 1号艇伸び良→そのまま採用。悪→飛び組に差し替え。circle_pct上位2艇に絞り込むこと。\n展示で1号艇スタート超安定(0.127秒)→ヒモ固まり方向に注意'}",,,26.3,逃げ狙い,11.16,29.1,3,,,,,0,0,0.7559,0,,逃げ軸流し,A
2026-03-02,丸亀,10,2,百武　翔,A2,24.53,2,△,9.0201,58.9,79,64.6,0.1703,4.0846,,,0,低,161,0,-,,0,33.6,0.6084,0,0.1786,0,0,0,0.0556,0.3778,0.0222,,,D,,,0.0988,0.573,,0.689,S,81,0,◎1着固定 2-3着流し（5〜8点）,0.5777,"{'is_target': True, 'verdict': '点数絞り', 'max_combo_prob': 0.1685, 'est_top_odds': 7.9, 'circle_concentration': 87.2, 'eligible_count': 6, 'bet_adj': 0, 'reason': 'rel_win1=66.3%（本命度） / 最有力組み合わせ確率: 0.168（推定実オッズ?8倍） / 2着集中度: 上位2艇 87.2%（補正+0.04） / 総合判定確率: 0.208 / → ヒモはやや固め。上位2艇以外を切ること', 'tenji_trigger': '展示確認: 1号艇伸び良→そのまま採用。悪→飛び組に差し替え。circle_pct上位2艇に絞り込むこと。\n展示で1号艇スタート超安定(0.127秒)→ヒモ固まり方向に注意'}",,,26.3,逃げ狙い,11.16,29.1,3,,,,,,,,,,,
2026-03-02,丸亀,10,3,森安弘雅,B1,37.27,3,○,12.1263,28.2,63,50.7,0.1718,3.7183,,,0,低,178,0,ま0%,,0,73.9,1.3962,0,0,0.0968,0.0323,0,0.0167,0.1833,0.2,,,B,△,,0.1395,0.6065,,0.689,S,81,0,◎1着固定 2-3着流し（5〜8点）,0.5777,"{'is_target': True, 'verdict': '点数絞り', 'max_combo_prob': 0.1685, 'est_top_odds': 7.9, 'circle_concentration': 87.2, 'eligible_count': 6, 'bet_adj': 0, 'reason': 'rel_win1=66.3%（本命度） / 最有力組み合わせ確率: 0.168（推定実オッズ?8倍） / 2着集中度: 上位2艇 87.2%（補正+0.04） / 総合判定確率: 0.208 / → ヒモはやや固め。上位2艇以外を切ること', 'tenji_trigger': '展示確認: 1号艇伸び良→そのまま採用。悪→飛び組に差し替え。circle_pct上位2艇に絞り込むこと。\n展示で1号艇スタート超安定(0.127秒)→ヒモ固まり方向に注意'}",,,26.3,逃げ狙い,11.16,29.1,3,,,,,,,,,,,
2026-03-02,丸亀,10,4,小野信樹,B1,29.03,4,▲,6.1849,2,48,20.3,0.159,3.2458,,,0,低,119,0,-,,0,27.8,0.613,0,0,0.04,0,0,0.1533,0.3067,0.1867,,,C,◎,,0.1915,0.676,,0.689,S,81,0,◎1着固定 2-3着流し（5〜8点）,0.5777,"{'is_target': True, 'verdict': '点数絞り', 'max_combo_prob': 0.1685, 'est_top_odds': 7.9, 'circle_concentration': 87.2, 'eligible_count': 6, 'bet_adj': 0, 'reason': 'rel_win1=66.3%（本命度） / 最有力組み合わせ確率: 0.168（推定実オッズ?8倍） / 2着集中度: 上位2艇 87.2%（補正+0.04） / 総合判定確率: 0.208 / → ヒモはやや固め。上位2艇以外を切ること', 'tenji_trigger': '展示確認: 1号艇伸び良→そのまま採用。悪→飛び組に差し替え。circle_pct上位2艇に絞り込むこと。\n展示で1号艇スタート超安定(0.127秒)→ヒモ固まり方向に注意'}",,,26.3,逃げ狙い,11.16,29.1,3,,,,,,,,,,,
2026-03-02,丸亀,10,5,大田直弥,A2,19.61,5,,5.311,10.3,100,46.9,0.1969,4.4922,,,0,低,182,0,-,,0,21.5,0.755,0,0,0,0.037,0,0.2685,0.3139,0.0148,,,E,,,0.1379,0.604,,0.689,S,81,0,◎1着固定 2-3着流し（5〜8点）,0.5777,"{'is_target': True, 'verdict': '点数絞り', 'max_combo_prob': 0.1685, 'est_top_odds': 7.9, 'circle_concentration': 87.2, 'eligible_count': 6, 'bet_adj': 0, 'reason': 'rel_win1=66.3%（本命度） / 最有力組み合わせ確率: 0.168（推定実オッズ?8倍） / 2着集中度: 上位2艇 87.2%（補正+0.04） / 総合判定確率: 0.208 / → ヒモはやや固め。上位2艇以外を切ること', 'tenji_trigger': '展示確認: 1号艇伸び良→そのまま採用。悪→飛び組に差し替え。circle_pct上位2艇に絞り込むこと。\n展示で1号艇スタート超安定(0.127秒)→ヒモ固まり方向に注意'}",,,26.3,逃げ狙い,11.16,29.1,3,,,,,,,,,,,
2026-03-02,丸亀,10,6,伊達正利,B1,28.18,6,,1.0605,0.5,21,9.1,0.2111,4.8545,,,0,低,160,0,-,,0,21.5,0.615,,,,,,0.0455,0.0455,0.0455,,,D,△,,0.1691,0.6165,,0.689,S,81,0,◎1着固定 2-3着流し（5〜8点）,0.5777,"{'is_target': True, 'verdict': '点数絞り', 'max_combo_prob': 0.1685, 'est_top_odds': 7.9, 'circle_concentration': 87.2, 'eligible_count': 6, 'bet_adj': 0, 'reason': 'rel_win1=66.3%（本命度） / 最有力組み合わせ確率: 0.168（推定実オッズ?8倍） / 2着集中度: 上位2艇 87.2%（補正+0.04） / 総合判定確率: 0.208 / → ヒモはやや固め。上位2艇以外を切ること', 'tenji_trigger': '展示確認: 1号艇伸び良→そのまま採用。悪→飛び組に差し替え。circle_pct上位2艇に絞り込むこと。\n展示で1号艇スタート超安定(0.127秒)→ヒモ固まり方向に注意'}",,,26.3,逃げ狙い,11.16,29.1,3,,,,,,,,,,,
2026-03-02,丸亀,11,1,吉永則雄,A1,36.21,1,◎,61.171,,0,88.3,0.1836,4.1489,,,0,低,112,0,逃1%,,0,61.9,1.0937,0.7391,,,,,0.0896,0.0635,0.1184,○,,B,◎,,,0.696,,0.3711,A,79,0,◎-○軸 3着3〜4艇流し（10〜15点）,0.5777,"{'is_target': True, 'verdict': '点数絞り', 'max_combo_prob': 0.0984, 'est_top_odds': 13.5, 'circle_concentration': 71.3, 'eligible_count': 8, 'bet_adj': 0, 'reason': 'rel_win1=61.2%（本命度） / 最有力組み合わせ確率: 0.098（推定実オッズ?14倍） / 2着集中度: 上位2艇 71.3%（補正+0.04） / 総合判定確率: 0.138 / → ヒモはやや固め。上位2艇以外を切ること', 'tenji_trigger': '展示確認: 1号艇伸び良→そのまま採用。悪→飛び組に差し替え。circle_pct上位2艇に絞り込むこと。\n展示で1号艇スタート遅め(0.184秒)確認→ヒモが荒れやすい'}",,,30.3,逃げ狙い,23.7,29.9,2,,,,,0,0,0.6155,0,,逃げ軸流し,A
2026-03-02,丸亀,11,2,森野正弘,A2,31.78,2,○,18.8692,48.1,41,76,0.1322,2.72,,,0,低,55,0,-,,0,100,3.0062,0,0,0,0,0.0556,0.0857,0.0286,0.0857,,◎,C,△,,0.5909,0.667,,0.3711,A,79,0,◎-○軸 3着3〜4艇流し（10〜15点）,0.5777,"{'is_target': True, 'verdict': '点数絞り', 'max_combo_prob': 0.0984, 'est_top_odds': 13.5, 'circle_concentration': 71.3, 'eligible_count': 8, 'bet_adj': 0, 'reason': 'rel_win1=61.2%（本命度） / 最有力組み合わせ確率: 0.098（推定実オッズ?14倍） / 2着集中度: 上位2艇 71.3%（補正+0.04） / 総合判定確率: 0.138 / → ヒモはやや固め。上位2艇以外を切ること', 'tenji_trigger': '展示確認: 1号艇伸び良→そのまま採用。悪→飛び組に差し替え。circle_pct上位2艇に絞り込むこと。\n展示で1号艇スタート遅め(0.184秒)確認→ヒモが荒れやすい'}",,,30.3,逃げ狙い,23.7,29.9,2,,,,,,,,,,,
2026-03-02,丸亀,11,3,嶋田貴支,B1,25.69,3,△,5.3095,23.2,71,54.4,0.1676,3.3162,,,0,低,134,0,-,,0,83.3,1.9031,0,0.0312,0,0.0312,0,0.0174,0.0522,0.1174,,○,D,,,0.3714,0.6045,,0.3711,A,79,0,◎-○軸 3着3〜4艇流し（10〜15点）,0.5777,"{'is_target': True, 'verdict': '点数絞り', 'max_combo_prob': 0.0984, 'est_top_odds': 13.5, 'circle_concentration': 71.3, 'eligible_count': 8, 'bet_adj': 0, 'reason': 'rel_win1=61.2%（本命度） / 最有力組み合わせ確率: 0.098（推定実オッズ?14倍） / 2着集中度: 上位2艇 71.3%（補正+0.04） / 総合判定確率: 0.138 / → ヒモはやや固め。上位2艇以外を切ること', 'tenji_trigger': '展示確認: 1号艇伸び良→そのまま採用。悪→飛び組に差し替え。circle_pct上位2艇に絞り込むこと。\n展示で1号艇スタート遅め(0.184秒)確認→ヒモが荒れやすい'}",,,30.3,逃げ狙い,23.7,29.9,2,,,,,,,,,,,
2026-03-02,丸亀,11,4,倉尾大介,A2,37.61,4,▲,5.1023,11.6,100,58.1,0.1837,3.2791,,,0,低,96,0,-,,0,32.3,1.0257,,,,,,0.2141,0.0471,0.1906,,,B,,,0.3229,0.577,,0.3711,A,79,0,◎-○軸 3着3〜4艇流し（10〜15点）,0.5777,"{'is_target': True, 'verdict': '点数絞り', 'max_combo_prob': 0.0984, 'est_top_odds': 13.5, 'circle_concentration': 71.3, 'eligible_count': 8, 'bet_adj': 0, 'reason': 'rel_win1=61.2%（本命度） / 最有力組み合わせ確率: 0.098（推定実オッズ?14倍） / 2着集中度: 上位2艇 71.3%（補正+0.04） / 総合判定確率: 0.138 / → ヒモはやや固め。上位2艇以外を切ること', 'tenji_trigger': '展示確認: 1号艇伸び良→そのまま採用。悪→飛び組に差し替え。circle_pct上位2艇に絞り込むこと。\n展示で1号艇スタート遅め(0.184秒)確認→ヒモが荒れやすい'}",,,30.3,逃げ狙い,23.7,29.9,2,,,,,,,,,,,
2026-03-02,丸亀,11,5,鈴木孝明,A2,25.66,5,,8.1096,8.9,63,53.4,0.1655,3.7328,,,0,低,105,0,-,,0,65.3,1.4536,0,0.0312,0.0625,0.0625,0,0.0857,0.419,0,,,E,△,◎,0.3602,0.6205,0.3836,0.3711,A,79,0,◎-○軸 3着3〜4艇流し（10〜15点）,0.5777,"{'is_target': True, 'verdict': '点数絞り', 'max_combo_prob': 0.0984, 'est_top_odds': 13.5, 'circle_concentration': 71.3, 'eligible_count': 8, 'bet_adj': 0, 'reason': 'rel_win1=61.2%（本命度） / 最有力組み合わせ確率: 0.098（推定実オッズ?14倍） / 2着集中度: 上位2艇 71.3%（補正+0.04） / 総合判定確率: 0.138 / → ヒモはやや固め。上位2艇以外を切ること', 'tenji_trigger': '展示確認: 1号艇伸び良→そのまま採用。悪→飛び組に差し替え。circle_pct上位2艇に絞り込むこと。\n展示で1号艇スタート遅め(0.184秒)確認→ヒモが荒れやすい'}",,,30.3,逃げ狙い,23.7,29.9,2,,,,,,,,,,,
2026-03-02,丸亀,11,6,大橋純一,A2,33.64,6,,1.4385,8.2,65,42.9,0.1952,4.1875,,,0,低,90,0,差ま0%,,0,70.2,1.6492,0,0,0,0.0455,0,0.125,0.1125,0.05,,,C,○,,0.2566,0.681,,0.3711,A,79,0,◎-○軸 3着3〜4艇流し（10〜15点）,0.5777,"{'is_target': True, 'verdict': '点数絞り', 'max_combo_prob': 0.0984, 'est_top_odds': 13.5, 'circle_concentration': 71.3, 'eligible_count': 8, 'bet_adj': 0, 'reason': 'rel_win1=61.2%（本命度） / 最有力組み合わせ確率: 0.098（推定実オッズ?14倍） / 2着集中度: 上位2艇 71.3%（補正+0.04） / 総合判定確率: 0.138 / → ヒモはやや固め。上位2艇以外を切ること', 'tenji_trigger': '展示確認: 1号艇伸び良→そのまま採用。悪→飛び組に差し替え。circle_pct上位2艇に絞り込むこと。\n展示で1号艇スタート遅め(0.184秒)確認→ヒモが荒れやすい'}",,,30.3,逃げ狙い,23.7,29.9,2,,,,,,,,,,,
2026-03-02,丸亀,12,1,江口晃生,A1,29.63,1,◎,48.812,,0,90.1,0.1504,3.3732,,,0,低,33,0,逃1%,,0,78.8,1.1185,0.6562,,,,,0.1167,0.1833,0.025,○,,C,○,,,0.642,,0.435,A,79,0,◎-○軸 3着3〜4艇流し（10〜15点）,0.5777,"{'is_target': True, 'verdict': '参加推奨', 'max_combo_prob': 0.0435, 'est_top_odds': 30.6, 'circle_concentration': 50.3, 'eligible_count': 8, 'bet_adj': 2, 'reason': 'rel_win1=48.8%（本命度） / 最有力組み合わせ確率: 0.044（推定実オッズ?31倍） / 2着集中度: 上位2艇 50.3%（補正-0.04） / 総合判定確率: 0.004 / → ヒモ分散。1号艇1着固定で広めのヒモ流し推奨（買い目+2点）', 'tenji_trigger': '展示確認: ヒモ分散レース。1号艇伸び確認後、広めのヒモ流しを採用。穴ヒモ（5・6号艇）を積極的に含める。'}",,,32.7,逃げ狙い,31.7,29.9,3,,,,,0,0,0.6155,0,,逃げ軸流し,A
2026-03-02,丸亀,12,2,西島義則,A1,19.82,2,,8.9868,19.7,86,57.9,0.1566,3.4737,,,0,低,49,0,差0% ま0%,,0,94,0.9402,0,0.0769,0.0769,0,0,0.2106,0.1985,0.0606,,,E,,,0.2732,0.5995,,0.435,A,79,0,◎-○軸 3着3〜4艇流し（10〜15点）,0.5777,"{'is_target': True, 'verdict': '参加推奨', 'max_combo_prob': 0.0435, 'est_top_odds': 30.6, 'circle_concentration': 50.3, 'eligible_count': 8, 'bet_adj': 2, 'reason': 'rel_win1=48.8%（本命度） / 最有力組み合わせ確率: 0.044（推定実オッズ?31倍） / 2着集中度: 上位2艇 50.3%（補正-0.04） / 総合判定確率: 0.004 / → ヒモ分散。1号艇1着固定で広めのヒモ流し推奨（買い目+2点）', 'tenji_trigger': '展示確認: ヒモ分散レース。1号艇伸び確認後、広めのヒモ流しを採用。穴ヒモ（5・6号艇）を積極的に含める。'}",,,32.7,逃げ狙い,31.7,29.9,3,,,,,,,,,,,
2026-03-02,丸亀,12,3,高田　明,A1,35.45,3,,18.046,29.9,76,82.6,0.1874,3.5978,,,0,低,110,0,差0% ま0% 差ま0%,,0,70.4,1.6306,0,0.08,0.04,0.28,0,0.0882,0.0588,0.1765,,,C,△,,0.1945,0.6095,,0.435,A,79,0,◎-○軸 3着3〜4艇流し（10〜15点）,0.5777,"{'is_target': True, 'verdict': '参加推奨', 'max_combo_prob': 0.0435, 'est_top_odds': 30.6, 'circle_concentration': 50.3, 'eligible_count': 8, 'bet_adj': 2, 'reason': 'rel_win1=48.8%（本命度） / 最有力組み合わせ確率: 0.044（推定実オッズ?31倍） / 2着集中度: 上位2艇 50.3%（補正-0.04） / 総合判定確率: 0.004 / → ヒモ分散。1号艇1着固定で広めのヒモ流し推奨（買い目+2点）', 'tenji_trigger': '展示確認: ヒモ分散レース。1号艇伸び確認後、広めのヒモ流しを採用。穴ヒモ（5・6号艇）を積極的に含める。'}",,,32.7,逃げ狙い,31.7,29.9,3,,,,,,,,,,,
2026-03-02,丸亀,12,4,石丸海渡,A1,25.86,4,△,12.2661,20.5,100,70,0.1207,2.15,,,0,低,26,0,差0% ま0%,,0,43,0.9581,0,0.05,0.25,0,0,0.0792,0.0125,0,,◎,D,◎,◎,0.483,0.687,0.4127,0.435,A,79,0,◎-○軸 3着3〜4艇流し（10〜15点）,0.5777,"{'is_target': True, 'verdict': '参加推奨', 'max_combo_prob': 0.0435, 'est_top_odds': 30.6, 'circle_concentration': 50.3, 'eligible_count': 8, 'bet_adj': 2, 'reason': 'rel_win1=48.8%（本命度） / 最有力組み合わせ確率: 0.044（推定実オッズ?31倍） / 2着集中度: 上位2艇 50.3%（補正-0.04） / 総合判定確率: 0.004 / → ヒモ分散。1号艇1着固定で広めのヒモ流し推奨（買い目+2点）', 'tenji_trigger': '展示確認: ヒモ分散レース。1号艇伸び確認後、広めのヒモ流しを採用。穴ヒモ（5・6号艇）を積極的に含める。'}",,,32.7,逃げ狙い,31.7,29.9,3,,,,,,,,,,,
2026-03-02,丸亀,12,5,福島勇樹,A1,37.82,5,○,6.5272,20.5,66,65.4,0.131,2.4712,,,0,低,60,0,ま0% 差ま0%,,0,39.8,1.7576,0,0,0.125,0.0417,0,0.1,0.0333,0.0667,,,B,△,○,0.3941,0.6195,0.3478,0.435,A,79,0,◎-○軸 3着3〜4艇流し（10〜15点）,0.5777,"{'is_target': True, 'verdict': '参加推奨', 'max_combo_prob': 0.0435, 'est_top_odds': 30.6, 'circle_concentration': 50.3, 'eligible_count': 8, 'bet_adj': 2, 'reason': 'rel_win1=48.8%（本命度） / 最有力組み合わせ確率: 0.044（推定実オッズ?31倍） / 2着集中度: 上位2艇 50.3%（補正-0.04） / 総合判定確率: 0.004 / → ヒモ分散。1号艇1着固定で広めのヒモ流し推奨（買い目+2点）', 'tenji_trigger': '展示確認: ヒモ分散レース。1号艇伸び確認後、広めのヒモ流しを採用。穴ヒモ（5・6号艇）を積極的に含める。'}",,,32.7,逃げ狙い,31.7,29.9,3,,,,,,,,,,,
2026-03-02,丸亀,12,6,吉川貴仁,A1,41.67,6,▲,5.3618,9.5,83,59.5,0.169,3.8214,,,0,低,76,0,差ま1%,,0,29.1,0.6553,0,0,0,0.1176,0.1176,0.087,0,0.0435,,,A,,,0.269,0.6045,,0.435,A,79,0,◎-○軸 3着3〜4艇流し（10〜15点）,0.5777,"{'is_target': True, 'verdict': '参加推奨', 'max_combo_prob': 0.0435, 'est_top_odds': 30.6, 'circle_concentration': 50.3, 'eligible_count': 8, 'bet_adj': 2, 'reason': 'rel_win1=48.8%（本命度） / 最有力組み合わせ確率: 0.044（推定実オッズ?31倍） / 2着集中度: 上位2艇 50.3%（補正-0.04） / 総合判定確率: 0.004 / → ヒモ分散。1号艇1着固定で広めのヒモ流し推奨（買い目+2点）', 'tenji_trigger': '展示確認: ヒモ分散レース。1号艇伸び確認後、広めのヒモ流しを採用。穴ヒモ（5・6号艇）を積極的に含める。'}",,,32.7,逃げ狙い,31.7,29.9,3,,,,,,,,,,,
2026-03-03,丸亀,1,1,嶋田貴支,B1,25.69,1,◎,59.5942,,0,82.2,0.1524,3.2,,,0,低,134,0,逃1%,56,0,84.3,1.0443,0.6087,,,,,0.0174,0.0522,0.1174,◎,,D,△,,,0.6045,,0.5246,A,70,0,◎-○軸 3着3〜4艇流し（10〜15点）,0.5777,"{'is_target': True, 'verdict': '点数絞り', 'max_combo_prob': 0.0807, 'est_top_odds': 16.5, 'circle_concentration': 75.1, 'eligible_count': 8, 'bet_adj': 0, 'reason': 'rel_win1=59.6%（本命度） / 最有力組み合わせ確率: 0.081（推定実オッズ?16倍） / 2着集中度: 上位2艇 75.1%（補正+0.04） / 総合判定確率: 0.121 / → ヒモはやや固め。上位2艇以外を切ること', 'tenji_trigger': '展示確認: 1号艇伸び良→そのまま採用。悪→飛び組に差し替え。circle_pct上位2艇に絞り込むこと。'}",,,25.5,逃げ狙い,12.18,25.8,3,,,,,0,0,0.7559,0,,逃げ軸流し,A
2026-03-03,丸亀,1,2,米玉利大,B1,48.18,2,▲,14.099,41.7,100,50,0.26,3.875,,,0,低,58,1,-,5,0,30.7,0.8591,,,,,,0,0.6667,0,,,A,,,0.0775,0.5175,,0.5246,A,70,0,◎-○軸 3着3〜4艇流し（10〜15点）,0.5777,"{'is_target': True, 'verdict': '点数絞り', 'max_combo_prob': 0.0807, 'est_top_odds': 16.5, 'circle_concentration': 75.1, 'eligible_count': 8, 'bet_adj': 0, 'reason': 'rel_win1=59.6%（本命度） / 最有力組み合わせ確率: 0.081（推定実オッズ?16倍） / 2着集中度: 上位2艇 75.1%（補正+0.04） / 総合判定確率: 0.121 / → ヒモはやや固め。上位2艇以外を切ること', 'tenji_trigger': '展示確認: 1号艇伸び良→そのまま採用。悪→飛び組に差し替え。circle_pct上位2艇に絞り込むこと。'}",,,25.5,逃げ狙い,12.18,25.8,3,,,,,,,,,,,
2026-03-03,丸亀,1,3,池本輝明,B1,23.21,3,,7.502,33.3,83,41.8,0.176,3.6045,,,0,低,168,0,-,5,0,60,1.2112,,,,,,0.0286,0.1429,0.2857,,,D,○,,0.192,0.629,,0.5246,A,70,0,◎-○軸 3着3〜4艇流し（10〜15点）,0.5777,"{'is_target': True, 'verdict': '点数絞り', 'max_combo_prob': 0.0807, 'est_top_odds': 16.5, 'circle_concentration': 75.1, 'eligible_count': 8, 'bet_adj': 0, 'reason': 'rel_win1=59.6%（本命度） / 最有力組み合わせ確率: 0.081（推定実オッズ?16倍） / 2着集中度: 上位2艇 75.1%（補正+0.04） / 総合判定確率: 0.121 / → ヒモはやや固め。上位2艇以外を切ること', 'tenji_trigger': '展示確認: 1号艇伸び良→そのまま採用。悪→飛び組に差し替え。circle_pct上位2艇に絞り込むこと。'}",,,25.5,逃げ狙い,12.18,25.8,3,,,,,,,,,,,
2026-03-03,丸亀,1,4,有山　望,B1,20.00,4,,12.4694,10.2,61,16.7,0.1972,3.7778,,,0,低,45,0,-,5,0,39.8,0.8666,0,0,0.1111,0,0,,,,,,E,,,0.1313,0.4945,,0.5246,A,70,0,◎-○軸 3着3〜4艇流し（10〜15点）,0.5777,"{'is_target': True, 'verdict': '点数絞り', 'max_combo_prob': 0.0807, 'est_top_odds': 16.5, 'circle_concentration': 75.1, 'eligible_count': 8, 'bet_adj': 0, 'reason': 'rel_win1=59.6%（本命度） / 最有力組み合わせ確率: 0.081（推定実オッズ?16倍） / 2着集中度: 上位2艇 75.1%（補正+0.04） / 総合判定確率: 0.121 / → ヒモはやや固め。上位2艇以外を切ること', 'tenji_trigger': '展示確認: 1号艇伸び良→そのまま採用。悪→飛び組に差し替え。circle_pct上位2艇に絞り込むこと。'}",,,25.5,逃げ狙い,12.18,25.8,3,,,,,,,,,,,
2026-03-03,丸亀,1,5,大澤大夢,B1,54.63,5,○,5.1301,13,75,28.6,0.1676,3.5071,,,0,低,103,0,-,2,0,21,0.3495,0,0,0,0.0323,0,0.1632,0.1421,0.1211,,,A,◎,,0.2303,0.644,,0.5246,A,70,0,◎-○軸 3着3〜4艇流し（10〜15点）,0.5777,"{'is_target': True, 'verdict': '点数絞り', 'max_combo_prob': 0.0807, 'est_top_odds': 16.5, 'circle_concentration': 75.1, 'eligible_count': 8, 'bet_adj': 0, 'reason': 'rel_win1=59.6%（本命度） / 最有力組み合わせ確率: 0.081（推定実オッズ?16倍） / 2着集中度: 上位2艇 75.1%（補正+0.04） / 総合判定確率: 0.121 / → ヒモはやや固め。上位2艇以外を切ること', 'tenji_trigger': '展示確認: 1号艇伸び良→そのまま採用。悪→飛び組に差し替え。circle_pct上位2艇に絞り込むこと。'}",,,25.5,逃げ狙い,12.18,25.8,3,,,,,,,,,,,
2026-03-03,丸亀,1,6,原田朱理,B2,29.91,6,△,1.2053,1.7,37,3.6,0.2379,5.3929,,,0,低,21,0,-,6,0,21.3,0.8067,,,,,,,,,,,C,△,,0.139,0.55,,0.5246,A,70,0,◎-○軸 3着3〜4艇流し（10〜15点）,0.5777,"{'is_target': True, 'verdict': '点数絞り', 'max_combo_prob': 0.0807, 'est_top_odds': 16.5, 'circle_concentration': 75.1, 'eligible_count': 8, 'bet_adj': 0, 'reason': 'rel_win1=59.6%（本命度） / 最有力組み合わせ確率: 0.081（推定実オッズ?16倍） / 2着集中度: 上位2艇 75.1%（補正+0.04） / 総合判定確率: 0.121 / → ヒモはやや固め。上位2艇以外を切ること', 'tenji_trigger': '展示確認: 1号艇伸び良→そのまま採用。悪→飛び組に差し替え。circle_pct上位2艇に絞り込むこと。'}",,,25.5,逃げ狙い,12.18,25.8,3,,,,,,,,,,,
2026-03-03,丸亀,2,1,渥美卓郎,B1,56.88,1,◎,51.6493,,0,74.1,0.1815,3.1944,,,0,低,188,0,逃0%,5,0,69.3,0.9644,0.35,,,,,0.25,0.02,0.25,○,,A,△,,,0.615,,0.421,A,61,0,◎-○軸 3着3〜4艇流し（10〜15点）,0.5777,"{'is_target': True, 'verdict': '参加推奨', 'max_combo_prob': 0.072, 'est_top_odds': 18.5, 'circle_concentration': 71.7, 'eligible_count': 8, 'bet_adj': 2, 'reason': 'rel_win1=51.6%（本命度） / 最有力組み合わせ確率: 0.072（推定実オッズ?18倍） / 2着集中度: 上位2艇 71.7%（補正+0.04） / 総合判定確率: 0.112 / → ヒモ分散。1号艇1着固定で広めのヒモ流し推奨（買い目+2点）', 'tenji_trigger': '展示確認: ヒモ分散レース。1号艇伸び確認後、広めのヒモ流しを採用。穴ヒモ（5・6号艇）を積極的に含める。\n展示で1号艇スタート遅め(0.181秒)確認→ヒモが荒れやすい'}",,,28.8,両建て推奨,11.9,35.6,2,,,,,0,0,0.6155,0,,逃げ軸流し,A
2026-03-03,丸亀,2,2,乃村康友,B1,32.14,2,▲,16.511,51.6,98,58,0.187,3.971,,,0,低,118,0,-,3,0,30.8,0.784,0,0.1,0.0333,0,0,0.0421,0.0211,0.2553,,,D,△,,0.3028,0.6065,,0.421,A,61,0,◎-○軸 3着3〜4艇流し（10〜15点）,0.5777,"{'is_target': True, 'verdict': '参加推奨', 'max_combo_prob': 0.072, 'est_top_odds': 18.5, 'circle_concentration': 71.7, 'eligible_count': 8, 'bet_adj': 2, 'reason': 'rel_win1=51.6%（本命度） / 最有力組み合わせ確率: 0.072（推定実オッズ?18倍） / 2着集中度: 上位2艇 71.7%（補正+0.04） / 総合判定確率: 0.112 / → ヒモ分散。1号艇1着固定で広めのヒモ流し推奨（買い目+2点）', 'tenji_trigger': '展示確認: ヒモ分散レース。1号艇伸び確認後、広めのヒモ流しを採用。穴ヒモ（5・6号艇）を積極的に含める。\n展示で1号艇スタート遅め(0.181秒)確認→ヒモが荒れやすい'}",,,28.8,両建て推奨,11.9,35.6,2,,,,,,,,,,,
2026-03-03,丸亀,2,3,常盤海心,B1,49.56,3,○,14.2044,11.7,95,35.7,0.1916,4.3482,,,0,低,136,0,ま0%,2,0,19.5,0.7133,0,0,0.1667,0.0417,0,0.0667,0.6,0.2667,,,A,,,0.2813,0.592,,0.421,A,61,0,◎-○軸 3着3〜4艇流し（10〜15点）,0.5777,"{'is_target': True, 'verdict': '参加推奨', 'max_combo_prob': 0.072, 'est_top_odds': 18.5, 'circle_concentration': 71.7, 'eligible_count': 8, 'bet_adj': 2, 'reason': 'rel_win1=51.6%（本命度） / 最有力組み合わせ確率: 0.072（推定実オッズ?18倍） / 2着集中度: 上位2艇 71.7%（補正+0.04） / 総合判定確率: 0.112 / → ヒモ分散。1号艇1着固定で広めのヒモ流し推奨（買い目+2点）', 'tenji_trigger': '展示確認: ヒモ分散レース。1号艇伸び確認後、広めのヒモ流しを採用。穴ヒモ（5・6号艇）を積極的に含める。\n展示で1号艇スタート遅め(0.181秒)確認→ヒモが荒れやすい'}",,,28.8,両建て推奨,11.9,35.6,2,,,,,,,,,,,
2026-03-03,丸亀,2,4,西島義則,A1,19.82,4,,11.9685,20.1,100,100,0.26,4,,,0,低,49,1,-,24,0,85.8,1.8538,,,,,,0.2106,0.1985,0.0606,,,E,,,0.1375,0.5995,,0.421,A,61,0,◎-○軸 3着3〜4艇流し（10〜15点）,0.5777,"{'is_target': True, 'verdict': '参加推奨', 'max_combo_prob': 0.072, 'est_top_odds': 18.5, 'circle_concentration': 71.7, 'eligible_count': 8, 'bet_adj': 2, 'reason': 'rel_win1=51.6%（本命度） / 最有力組み合わせ確率: 0.072（推定実オッズ?18倍） / 2着集中度: 上位2艇 71.7%（補正+0.04） / 総合判定確率: 0.112 / → ヒモ分散。1号艇1着固定で広めのヒモ流し推奨（買い目+2点）', 'tenji_trigger': '展示確認: ヒモ分散レース。1号艇伸び確認後、広めのヒモ流しを採用。穴ヒモ（5・6号艇）を積極的に含める。\n展示で1号艇スタート遅め(0.181秒)確認→ヒモが荒れやすい'}",,,28.8,両建て推奨,11.9,35.6,2,,,,,,,,,,,
2026-03-03,丸亀,2,5,島川海輝,A2,25.22,5,△,4.492,11.3,96,42.5,0.172,3.2375,,,0,低,76,0,-,5,0,28.8,0.6445,0,0,0,0.0556,0,0.0296,0.1296,0.1593,,,E,◎,,0.3171,0.663,,0.421,A,61,0,◎-○軸 3着3〜4艇流し（10〜15点）,0.5777,"{'is_target': True, 'verdict': '参加推奨', 'max_combo_prob': 0.072, 'est_top_odds': 18.5, 'circle_concentration': 71.7, 'eligible_count': 8, 'bet_adj': 2, 'reason': 'rel_win1=51.6%（本命度） / 最有力組み合わせ確率: 0.072（推定実オッズ?18倍） / 2着集中度: 上位2艇 71.7%（補正+0.04） / 総合判定確率: 0.112 / → ヒモ分散。1号艇1着固定で広めのヒモ流し推奨（買い目+2点）', 'tenji_trigger': '展示確認: ヒモ分散レース。1号艇伸び確認後、広めのヒモ流しを採用。穴ヒモ（5・6号艇）を積極的に含める。\n展示で1号艇スタート遅め(0.181秒)確認→ヒモが荒れやすい'}",,,28.8,両建て推奨,11.9,35.6,2,,,,,,,,,,,
2026-03-03,丸亀,2,6,橋本久和,B1,33.04,6,,1.1748,5.3,79,29.7,0.2059,4.4865,,,0,低,146,0,-,13,0,55.9,1.1731,,,,,,0.219,0.219,0.2052,,,C,○,,0.2386,0.6265,,0.421,A,61,0,◎-○軸 3着3〜4艇流し（10〜15点）,0.5777,"{'is_target': True, 'verdict': '参加推奨', 'max_combo_prob': 0.072, 'est_top_odds': 18.5, 'circle_concentration': 71.7, 'eligible_count': 8, 'bet_adj': 2, 'reason': 'rel_win1=51.6%（本命度） / 最有力組み合わせ確率: 0.072（推定実オッズ?18倍） / 2着集中度: 上位2艇 71.7%（補正+0.04） / 総合判定確率: 0.112 / → ヒモ分散。1号艇1着固定で広めのヒモ流し推奨（買い目+2点）', 'tenji_trigger': '展示確認: ヒモ分散レース。1号艇伸び確認後、広めのヒモ流しを採用。穴ヒモ（5・6号艇）を積極的に含める。\n展示で1号艇スタート遅め(0.181秒)確認→ヒモが荒れやすい'}",,,28.8,両建て推奨,11.9,35.6,2,,,,,,,,,,,
2026-03-03,丸亀,3,1,中島真二,B1,23.89,1,◎,47.6896,,0,72.1,0.1821,3.9186,,,0,低,161,0,逃0%,2,0,71.1,0.9285,0.4737,,,,,0.0211,0.4053,0.0421,△,,E,△,,,0.6155,,0.2564,B,50,0,◎○△フォーメーション（15〜20点）,0.5777,"{'is_target': True, 'verdict': '参加推奨', 'max_combo_prob': 0.0548, 'est_top_odds': 24.3, 'circle_concentration': 64.8, 'eligible_count': 9, 'bet_adj': 2, 'reason': 'rel_win1=47.7%（本命度） / 最有力組み合わせ確率: 0.055（推定実オッズ?24倍） / 2着集中度: 上位2艇 64.8%（補正+0.00） / 総合判定確率: 0.055 / → ヒモ分散。1号艇1着固定で広めのヒモ流し推奨（買い目+2点）', 'tenji_trigger': '展示確認: ヒモ分散レース。1号艇伸び確認後、広めのヒモ流しを採用。穴ヒモ（5・6号艇）を積極的に含める。\n展示で1号艇スタート遅め(0.182秒)確認→ヒモが荒れやすい'}",,,29.3,両建て推奨,14.73,34.6,3,3-4-6|3-5-4|1-3-4|3-1-4|1-2-3|1-3-2|1-2-4,2-1-4|5-1-6|5-1-2|3-4-6|3-5-4|5-2-1|5-6-1|1-3-4|3-1-4|1-2-3|1-3-2|1-2-4,3-4-6:1.68%|3-5-4:1.43%|1-3-4:6.58%|3-1-4:5.99%|1-2-3:5.7%|1-3-2:5.33%|1-2-4:5.22%,3-4-6:B_main|3-5-4:B_main|1-3-4:A|3-1-4:B_sc|1-2-3:A|1-3-2:A|1-2-4:A,7,12,0.4535,1,[!]見送り推奨（主役決まり手「まくり」― 逃げ劣勢レースで的中実績なし）,荒れ広め,D
2026-03-03,丸亀,3,2,赤池修平,B1,26.42,2,,9.6719,26.7,84,35.3,0.1796,4.2843,,,0,低,135,0,-,16,0,19.2,0.6257,,,,,,0.0444,0.3111,0.3333,,△,D,△,,0.3557,0.614,,0.2564,B,50,0,◎○△フォーメーション（15〜20点）,0.5777,"{'is_target': True, 'verdict': '参加推奨', 'max_combo_prob': 0.0548, 'est_top_odds': 24.3, 'circle_concentration': 64.8, 'eligible_count': 9, 'bet_adj': 2, 'reason': 'rel_win1=47.7%（本命度） / 最有力組み合わせ確率: 0.055（推定実オッズ?24倍） / 2着集中度: 上位2艇 64.8%（補正+0.00） / 総合判定確率: 0.055 / → ヒモ分散。1号艇1着固定で広めのヒモ流し推奨（買い目+2点）', 'tenji_trigger': '展示確認: ヒモ分散レース。1号艇伸び確認後、広めのヒモ流しを採用。穴ヒモ（5・6号艇）を積極的に含める。\n展示で1号艇スタート遅め(0.182秒)確認→ヒモが荒れやすい'}",,,29.3,両建て推奨,14.73,34.6,3,,,,,,,,,,,
2026-03-03,丸亀,3,3,丸尾義孝,A2,34.86,3,○,19.8879,38,100,64.4,0.1458,3.0508,,,0,低,95,0,差0% ま0% 差ま0%,11,0,81.5,1.4387,0,0.0357,0.0714,0.0357,0,0.0476,0.2017,0.1403,,◎,B,○,,0.5031,0.6195,,0.2564,B,50,0,◎○△フォーメーション（15〜20点）,0.5777,"{'is_target': True, 'verdict': '参加推奨', 'max_combo_prob': 0.0548, 'est_top_odds': 24.3, 'circle_concentration': 64.8, 'eligible_count': 9, 'bet_adj': 2, 'reason': 'rel_win1=47.7%（本命度） / 最有力組み合わせ確率: 0.055（推定実オッズ?24倍） / 2着集中度: 上位2艇 64.8%（補正+0.00） / 総合判定確率: 0.055 / → ヒモ分散。1号艇1着固定で広めのヒモ流し推奨（買い目+2点）', 'tenji_trigger': '展示確認: ヒモ分散レース。1号艇伸び確認後、広めのヒモ流しを採用。穴ヒモ（5・6号艇）を積極的に含める。\n展示で1号艇スタート遅め(0.182秒)確認→ヒモが荒れやすい'}",,,29.3,両建て推奨,14.73,34.6,3,,,,,,,,,,,
2026-03-03,丸亀,3,4,江口晃生,A1,29.63,4,▲,13.3123,22.9,82,,,,,,0,低,33,1,-,46,0,,,,,,,,,,,,,C,◎,◎,0.3733,0.642,0.15,0.2564,B,50,0,◎○△フォーメーション（15〜20点）,0.5777,"{'is_target': True, 'verdict': '参加推奨', 'max_combo_prob': 0.0548, 'est_top_odds': 24.3, 'circle_concentration': 64.8, 'eligible_count': 9, 'bet_adj': 2, 'reason': 'rel_win1=47.7%（本命度） / 最有力組み合わせ確率: 0.055（推定実オッズ?24倍） / 2着集中度: 上位2艇 64.8%（補正+0.00） / 総合判定確率: 0.055 / → ヒモ分散。1号艇1着固定で広めのヒモ流し推奨（買い目+2点）', 'tenji_trigger': '展示確認: ヒモ分散レース。1号艇伸び確認後、広めのヒモ流しを採用。穴ヒモ（5・6号艇）を積極的に含める。\n展示で1号艇スタート遅め(0.182秒)確認→ヒモが荒れやすい'}",,,29.3,両建て推奨,14.73,34.6,3,,,,,,,,,,,
2026-03-03,丸亀,3,5,中岡　駿,B2,27.78,5,△,8.1494,11.9,74,0,0.2075,4.0625,,,0,低,40,1,-,6,0,31.4,0.7907,,,,,,,,,,,C,,,0.29,0.482,,0.2564,B,50,0,◎○△フォーメーション（15〜20点）,0.5777,"{'is_target': True, 'verdict': '参加推奨', 'max_combo_prob': 0.0548, 'est_top_odds': 24.3, 'circle_concentration': 64.8, 'eligible_count': 9, 'bet_adj': 2, 'reason': 'rel_win1=47.7%（本命度） / 最有力組み合わせ確率: 0.055（推定実オッズ?24倍） / 2着集中度: 上位2艇 64.8%（補正+0.00） / 総合判定確率: 0.055 / → ヒモ分散。1号艇1着固定で広めのヒモ流し推奨（買い目+2点）', 'tenji_trigger': '展示確認: ヒモ分散レース。1号艇伸び確認後、広めのヒモ流しを採用。穴ヒモ（5・6号艇）を積極的に含める。\n展示で1号艇スタート遅め(0.182秒)確認→ヒモが荒れやすい'}",,,29.3,両建て推奨,14.73,34.6,3,,,,,,,,,,,
2026-03-03,丸亀,3,6,久田　武,B1,26.79,6,,1.2889,0.4,38,16.4,0.212,4.2455,,,0,低,135,0,-,13,0,28.5,0.7622,,,,,,0.1571,0.0286,0.1286,,,D,,,0.2757,0.5955,,0.2564,B,50,0,◎○△フォーメーション（15〜20点）,0.5777,"{'is_target': True, 'verdict': '参加推奨', 'max_combo_prob': 0.0548, 'est_top_odds': 24.3, 'circle_concentration': 64.8, 'eligible_count': 9, 'bet_adj': 2, 'reason': 'rel_win1=47.7%（本命度） / 最有力組み合わせ確率: 0.055（推定実オッズ?24倍） / 2着集中度: 上位2艇 64.8%（補正+0.00） / 総合判定確率: 0.055 / → ヒモ分散。1号艇1着固定で広めのヒモ流し推奨（買い目+2点）', 'tenji_trigger': '展示確認: ヒモ分散レース。1号艇伸び確認後、広めのヒモ流しを採用。穴ヒモ（5・6号艇）を積極的に含める。\n展示で1号艇スタート遅め(0.182秒)確認→ヒモが荒れやすい'}",,,29.3,両建て推奨,14.73,34.6,3,,,,,,,,,,,
2026-03-03,丸亀,4,1,伊達正利,B1,28.18,1,◎,47.0975,,0,78.7,0.14,2.8191,,,0,低,160,0,逃1%,66,0,86.7,1.2632,0.8182,,,,,0.0455,0.0455,0.0455,◎,,D,△,,,0.6165,,0.5719,A,64,0,◎-○軸 3着3〜4艇流し（10〜15点）,0.5777,"{'is_target': True, 'verdict': '参加推奨', 'max_combo_prob': 0.0786, 'est_top_odds': 17.0, 'circle_concentration': 72.8, 'eligible_count': 8, 'bet_adj': 2, 'reason': 'rel_win1=47.1%（本命度） / 最有力組み合わせ確率: 0.079（推定実オッズ?17倍） / 2着集中度: 上位2艇 72.8%（補正+0.04） / 総合判定確率: 0.119 / → ヒモ分散。1号艇1着固定で広めのヒモ流し推奨（買い目+2点）', 'tenji_trigger': '展示確認: ヒモ分散レース。1号艇伸び確認後、広めのヒモ流しを採用。穴ヒモ（5・6号艇）を積極的に含める。'}",,,28.3,両建て推奨,23.37,24.3,3,,,,,0,0,0.7559,0,,逃げ軸流し,A
2026-03-03,丸亀,4,2,吉永則雄,A1,36.21,2,▲,18.7609,41.4,98,67.9,0.1862,4.217,,,0,低,112,0,-,31,0,63.8,0.6845,0,0.1429,0,0,0,0.0896,0.0635,0.1184,,,B,◎,,0.0829,0.696,,0.5719,A,64,0,◎-○軸 3着3〜4艇流し（10〜15点）,0.5777,"{'is_target': True, 'verdict': '参加推奨', 'max_combo_prob': 0.0786, 'est_top_odds': 17.0, 'circle_concentration': 72.8, 'eligible_count': 8, 'bet_adj': 2, 'reason': 'rel_win1=47.1%（本命度） / 最有力組み合わせ確率: 0.079（推定実オッズ?17倍） / 2着集中度: 上位2艇 72.8%（補正+0.04） / 総合判定確率: 0.119 / → ヒモ分散。1号艇1着固定で広めのヒモ流し推奨（買い目+2点）', 'tenji_trigger': '展示確認: ヒモ分散レース。1号艇伸び確認後、広めのヒモ流しを採用。穴ヒモ（5・6号艇）を積極的に含める。'}",,,28.3,両建て推奨,23.37,24.3,3,,,,,,,,,,,
2026-03-03,丸亀,4,3,中村辰也,A2,27.05,3,,17.2584,31.4,82,69.4,0.1435,3.102,,,0,低,74,0,-,32,0,100,2.2356,0,0,0.0909,0,0,0.0286,0.0571,0.1571,,,E,○,,0.2762,0.647,,0.5719,A,64,0,◎-○軸 3着3〜4艇流し（10〜15点）,0.5777,"{'is_target': True, 'verdict': '参加推奨', 'max_combo_prob': 0.0786, 'est_top_odds': 17.0, 'circle_concentration': 72.8, 'eligible_count': 8, 'bet_adj': 2, 'reason': 'rel_win1=47.1%（本命度） / 最有力組み合わせ確率: 0.079（推定実オッズ?17倍） / 2着集中度: 上位2艇 72.8%（補正+0.04） / 総合判定確率: 0.119 / → ヒモ分散。1号艇1着固定で広めのヒモ流し推奨（買い目+2点）', 'tenji_trigger': '展示確認: ヒモ分散レース。1号艇伸び確認後、広めのヒモ流しを採用。穴ヒモ（5・6号艇）を積極的に含める。'}",,,28.3,両建て推奨,23.37,24.3,3,,,,,,,,,,,
2026-03-03,丸亀,4,4,森安弘雅,B1,37.27,4,○,7.3678,11.8,100,48.4,0.1778,4,,,0,低,178,0,差0%,32,0,44.2,0.9823,0,0.0345,0,0,0,0.0167,0.1833,0.2,,,B,,,0.1325,0.6065,,0.5719,A,64,0,◎-○軸 3着3〜4艇流し（10〜15点）,0.5777,"{'is_target': True, 'verdict': '参加推奨', 'max_combo_prob': 0.0786, 'est_top_odds': 17.0, 'circle_concentration': 72.8, 'eligible_count': 8, 'bet_adj': 2, 'reason': 'rel_win1=47.1%（本命度） / 最有力組み合わせ確率: 0.079（推定実オッズ?17倍） / 2着集中度: 上位2艇 72.8%（補正+0.04） / 総合判定確率: 0.119 / → ヒモ分散。1号艇1着固定で広めのヒモ流し推奨（買い目+2点）', 'tenji_trigger': '展示確認: ヒモ分散レース。1号艇伸び確認後、広めのヒモ流しを採用。穴ヒモ（5・6号艇）を積極的に含める。'}",,,28.3,両建て推奨,23.37,24.3,3,,,,,,,,,,,
2026-03-03,丸亀,4,5,三浦洋次,A2,33.91,5,△,7.8495,15.1,52,43.8,0.1766,3.125,,,0,低,148,0,差0% 抜0%,2,0,27.9,1.3069,0,0.0333,0,0,0.0333,0.1171,0.3947,0.0211,,,C,△,◎,0.1649,0.6295,0.3021,0.5719,A,64,0,◎-○軸 3着3〜4艇流し（10〜15点）,0.5777,"{'is_target': True, 'verdict': '参加推奨', 'max_combo_prob': 0.0786, 'est_top_odds': 17.0, 'circle_concentration': 72.8, 'eligible_count': 8, 'bet_adj': 2, 'reason': 'rel_win1=47.1%（本命度） / 最有力組み合わせ確率: 0.079（推定実オッズ?17倍） / 2着集中度: 上位2艇 72.8%（補正+0.04） / 総合判定確率: 0.119 / → ヒモ分散。1号艇1着固定で広めのヒモ流し推奨（買い目+2点）', 'tenji_trigger': '展示確認: ヒモ分散レース。1号艇伸び確認後、広めのヒモ流しを採用。穴ヒモ（5・6号艇）を積極的に含める。'}",,,28.3,両建て推奨,23.37,24.3,3,,,,,,,,,,,
2026-03-03,丸亀,4,6,近藤来希,B2,33.96,6,,1.6659,0.3,14,2.8,0.2042,4.375,,,0,低,51,0,-,54,0,27.9,0.5775,0,0,0,0.0139,0,,,,,,C,,,0.1027,0.512,,0.5719,A,64,0,◎-○軸 3着3〜4艇流し（10〜15点）,0.5777,"{'is_target': True, 'verdict': '参加推奨', 'max_combo_prob': 0.0786, 'est_top_odds': 17.0, 'circle_concentration': 72.8, 'eligible_count': 8, 'bet_adj': 2, 'reason': 'rel_win1=47.1%（本命度） / 最有力組み合わせ確率: 0.079（推定実オッズ?17倍） / 2着集中度: 上位2艇 72.8%（補正+0.04） / 総合判定確率: 0.119 / → ヒモ分散。1号艇1着固定で広めのヒモ流し推奨（買い目+2点）', 'tenji_trigger': '展示確認: ヒモ分散レース。1号艇伸び確認後、広めのヒモ流しを採用。穴ヒモ（5・6号艇）を積極的に含める。'}",,,28.3,両建て推奨,23.37,24.3,3,,,,,,,,,,,
2026-03-03,丸亀,5,1,津留浩一,B1,28.18,1,◎,37.7773,,0,78.6,0.1469,2.6429,,,0,低,102,0,逃0%,6,0,80.9,0.9572,0.2941,,,,,0.1412,0.0471,0.3706,○,,D,,,,0.52,,0.4445,C,38,0,荒れ傾向。高配当狙いか見送り,0.5777,"{'is_target': False, 'verdict': '対象外', 'max_combo_prob': None, 'est_top_odds': None, 'circle_concentration': None, 'eligible_count': 0, 'bet_adj': 0, 'reason': '1号艇rel_win1 < 45%: 通常判定に委ねる', 'tenji_trigger': ''}",,,34.4,両建て推奨,34.48,32.2,5,,,,,0,0,0.6155,0,,主役軸流し,B
2026-03-03,丸亀,5,2,福島勇樹,A1,37.82,2,○,21.0939,45.3,60,67.3,0.1405,3.0091,,,0,低,60,0,差0% ま0% 抜0%,12,0,70.9,1.181,0,0.125,0.2083,0,0.0417,0.1,0.0333,0.0667,,◎,B,△,,0.4245,0.6195,,0.4445,C,38,0,荒れ傾向。高配当狙いか見送り,0.5777,"{'is_target': False, 'verdict': '対象外', 'max_combo_prob': None, 'est_top_odds': None, 'circle_concentration': None, 'eligible_count': 0, 'bet_adj': 0, 'reason': '1号艇rel_win1 < 45%: 通常判定に委ねる', 'tenji_trigger': ''}",,,34.4,両建て推奨,34.48,32.2,5,,,,,,,,,,,
2026-03-03,丸亀,5,3,森野正弘,A2,31.78,3,△,15.0914,28.9,100,70.6,0.1278,2.5392,,,0,低,55,0,-,22,0,54.2,1.07,0,0,0.125,0.125,0.0417,0.0857,0.0286,0.0857,,○,C,○,,0.4212,0.667,,0.4445,C,38,0,荒れ傾向。高配当狙いか見送り,0.5777,"{'is_target': False, 'verdict': '対象外', 'max_combo_prob': None, 'est_top_odds': None, 'circle_concentration': None, 'eligible_count': 0, 'bet_adj': 0, 'reason': '1号艇rel_win1 < 45%: 通常判定に委ねる', 'tenji_trigger': ''}",,,34.4,両建て推奨,34.48,32.2,5,,,,,,,,,,,
2026-03-03,丸亀,5,4,丹下　将,A2,33.64,4,,16.9677,17.2,96,61.3,0.1497,2.8871,,,0,低,115,0,-,1,0,56,0.9806,0,0,0.1923,0.1154,0,0.0588,0.2067,0.1445,,,C,△,◎,0.3282,0.66,0.3991,0.4445,C,38,0,荒れ傾向。高配当狙いか見送り,0.5777,"{'is_target': False, 'verdict': '対象外', 'max_combo_prob': None, 'est_top_odds': None, 'circle_concentration': None, 'eligible_count': 0, 'bet_adj': 0, 'reason': '1号艇rel_win1 < 45%: 通常判定に委ねる', 'tenji_trigger': ''}",,,34.4,両建て推奨,34.48,32.2,5,,,,,,,,,,,
2026-03-03,丸亀,5,5,山本凱立,B2,38.89,5,▲,8.1908,7.6,76,33.3,0.17,3.3333,,,0,低,56,1,ま0%,56,0,64.2,1.0631,0,0,0.3333,0,0,,,,,,B,,,0.3107,0.4725,,0.4445,C,38,0,荒れ傾向。高配当狙いか見送り,0.5777,"{'is_target': False, 'verdict': '対象外', 'max_combo_prob': None, 'est_top_odds': None, 'circle_concentration': None, 'eligible_count': 0, 'bet_adj': 0, 'reason': '1号艇rel_win1 < 45%: 通常判定に委ねる', 'tenji_trigger': ''}",,,34.4,両建て推奨,34.48,32.2,5,,,,,,,,,,,
2026-03-03,丸亀,5,6,小野信樹,B1,29.03,6,,0.8791,1,29,2.4,0.1707,4.0595,,,0,低,119,0,-,14,0,28.9,0.5461,,,,,,0.1533,0.3067,0.1867,,,D,◎,,0.2326,0.676,,0.4445,C,38,0,荒れ傾向。高配当狙いか見送り,0.5777,"{'is_target': False, 'verdict': '対象外', 'max_combo_prob': None, 'est_top_odds': None, 'circle_concentration': None, 'eligible_count': 0, 'bet_adj': 0, 'reason': '1号艇rel_win1 < 45%: 通常判定に委ねる', 'tenji_trigger': ''}",,,34.4,両建て推奨,34.48,32.2,5,,,,,,,,,,,
2026-03-03,丸亀,6,1,大橋純一,A2,33.64,1,◎,64.5263,,0,90.1,0.1375,2.4198,,,0,低,90,0,逃1%,25,0,89.9,1.1794,0.5938,,,,,0.125,0.1125,0.05,◎,,B,△,,,0.681,,0.5685,S,81,0,◎1着固定 2-3着流し（5〜8点）,0.5777,"{'is_target': True, 'verdict': '点数絞り', 'max_combo_prob': 0.1084, 'est_top_odds': 12.3, 'circle_concentration': 71.1, 'eligible_count': 6, 'bet_adj': 0, 'reason': 'rel_win1=64.5%（本命度） / 最有力組み合わせ確率: 0.108（推定実オッズ?12倍） / 2着集中度: 上位2艇 71.1%（補正+0.04） / 総合判定確率: 0.148 / → ヒモはやや固め。上位2艇以外を切ること', 'tenji_trigger': '展示確認: 1号艇伸び良→そのまま採用。悪→飛び組に差し替え。circle_pct上位2艇に絞り込むこと。\n展示で1号艇スタート超安定(0.138秒)→ヒモ固まり方向に注意'}",,,26.3,逃げ狙い,12.15,28.3,2,,,,,0,0,0.7559,0,,逃げ軸流し,A
2026-03-03,丸亀,6,2,石丸海渡,A1,25.86,2,○,14.1825,54.6,100,83.3,0.1231,2.2083,,,0,低,26,0,-,33,0,37,0.7793,0,0.1053,0,0,0,0.0792,0.0125,0,,◎,D,○,,0.4863,0.687,,0.5685,S,81,0,◎1着固定 2-3着流し（5〜8点）,0.5777,"{'is_target': True, 'verdict': '点数絞り', 'max_combo_prob': 0.1084, 'est_top_odds': 12.3, 'circle_concentration': 71.1, 'eligible_count': 6, 'bet_adj': 0, 'reason': 'rel_win1=64.5%（本命度） / 最有力組み合わせ確率: 0.108（推定実オッズ?12倍） / 2着集中度: 上位2艇 71.1%（補正+0.04） / 総合判定確率: 0.148 / → ヒモはやや固め。上位2艇以外を切ること', 'tenji_trigger': '展示確認: 1号艇伸び良→そのまま採用。悪→飛び組に差し替え。circle_pct上位2艇に絞り込むこと。\n展示で1号艇スタート超安定(0.138秒)→ヒモ固まり方向に注意'}",,,26.3,逃げ狙い,12.15,28.3,2,,,,,,,,,,,
2026-03-03,丸亀,6,3,小川広大,B1,30.51,3,△,7.7912,14.1,75,27,0.1949,4.4206,,,0,低,185,0,-,46,0,16.4,0.6096,,,,,,0.2545,0.0545,0.2909,,,C,,,0.1533,0.5845,,0.5685,S,81,0,◎1着固定 2-3着流し（5〜8点）,0.5777,"{'is_target': True, 'verdict': '点数絞り', 'max_combo_prob': 0.1084, 'est_top_odds': 12.3, 'circle_concentration': 71.1, 'eligible_count': 6, 'bet_adj': 0, 'reason': 'rel_win1=64.5%（本命度） / 最有力組み合わせ確率: 0.108（推定実オッズ?12倍） / 2着集中度: 上位2艇 71.1%（補正+0.04） / 総合判定確率: 0.148 / → ヒモはやや固め。上位2艇以外を切ること', 'tenji_trigger': '展示確認: 1号艇伸び良→そのまま採用。悪→飛び組に差し替え。circle_pct上位2艇に絞り込むこと。\n展示で1号艇スタート超安定(0.138秒)→ヒモ固まり方向に注意'}",,,26.3,逃げ狙い,12.15,28.3,2,,,,,,,,,,,
2026-03-03,丸亀,6,4,乃村康友,B1,32.14,4,▲,5.1085,16.5,92,49.2,0.1713,3.7131,,,0,低,118,0,-,3,0,45.4,0.8768,0,0,0.037,0,0,0.0421,0.0211,0.2553,,,B,△,,0.1673,0.6065,,0.5685,S,81,0,◎1着固定 2-3着流し（5〜8点）,0.5777,"{'is_target': True, 'verdict': '点数絞り', 'max_combo_prob': 0.1084, 'est_top_odds': 12.3, 'circle_concentration': 71.1, 'eligible_count': 6, 'bet_adj': 0, 'reason': 'rel_win1=64.5%（本命度） / 最有力組み合わせ確率: 0.108（推定実オッズ?12倍） / 2着集中度: 上位2艇 71.1%（補正+0.04） / 総合判定確率: 0.148 / → ヒモはやや固め。上位2艇以外を切ること', 'tenji_trigger': '展示確認: 1号艇伸び良→そのまま採用。悪→飛び組に差し替え。circle_pct上位2艇に絞り込むこと。\n展示で1号艇スタート超安定(0.138秒)→ヒモ固まり方向に注意'}",,,26.3,逃げ狙い,12.15,28.3,2,,,,,,,,,,,
2026-03-03,丸亀,6,5,原田朱理,B2,29.91,5,,7.3626,9,77,,,,,,0,低,21,1,-,6,0,,,,,,,,,,,,,C,,◎,0.3304,0.55,0.15,0.5685,S,81,0,◎1着固定 2-3着流し（5〜8点）,0.5777,"{'is_target': True, 'verdict': '点数絞り', 'max_combo_prob': 0.1084, 'est_top_odds': 12.3, 'circle_concentration': 71.1, 'eligible_count': 6, 'bet_adj': 0, 'reason': 'rel_win1=64.5%（本命度） / 最有力組み合わせ確率: 0.108（推定実オッズ?12倍） / 2着集中度: 上位2艇 71.1%（補正+0.04） / 総合判定確率: 0.148 / → ヒモはやや固め。上位2艇以外を切ること', 'tenji_trigger': '展示確認: 1号艇伸び良→そのまま採用。悪→飛び組に差し替え。circle_pct上位2艇に絞り込むこと。\n展示で1号艇スタート超安定(0.138秒)→ヒモ固まり方向に注意'}",,,26.3,逃げ狙い,12.15,28.3,2,,,,,,,,,,,
2026-03-03,丸亀,6,6,松井賢治,A2,23.47,6,,1.0288,5.8,55,22.4,0.171,4.1983,,,0,低,122,0,-,51,0,49,0.9764,,,,,,0.1401,0.0465,0.1215,,,E,◎,,0.2203,0.6985,,0.5685,S,81,0,◎1着固定 2-3着流し（5〜8点）,0.5777,"{'is_target': True, 'verdict': '点数絞り', 'max_combo_prob': 0.1084, 'est_top_odds': 12.3, 'circle_concentration': 71.1, 'eligible_count': 6, 'bet_adj': 0, 'reason': 'rel_win1=64.5%（本命度） / 最有力組み合わせ確率: 0.108（推定実オッズ?12倍） / 2着集中度: 上位2艇 71.1%（補正+0.04） / 総合判定確率: 0.148 / → ヒモはやや固め。上位2艇以外を切ること', 'tenji_trigger': '展示確認: 1号艇伸び良→そのまま採用。悪→飛び組に差し替え。circle_pct上位2艇に絞り込むこと。\n展示で1号艇スタート超安定(0.138秒)→ヒモ固まり方向に注意'}",,,26.3,逃げ狙い,12.15,28.3,2,,,,,,,,,,,
2026-03-03,丸亀,7,1,高田　明,A1,35.45,1,◎,61.193,,0,94.3,0.1577,3.3643,,,0,低,110,0,逃1%,45,0,90.7,1.2099,0.6176,,,,,0.0882,0.0588,0.1765,◎,,B,△,,,0.6095,,0.5158,S,100,0,◎1着固定 2-3着流し（5〜8点）,0.5777,"{'is_target': True, 'verdict': '参加推奨', 'max_combo_prob': 0.0825, 'est_top_odds': 16.2, 'circle_concentration': 66.8, 'eligible_count': 6, 'bet_adj': 2, 'reason': 'rel_win1=61.2%（本命度） / 最有力組み合わせ確率: 0.083（推定実オッズ?16倍） / 2着集中度: 上位2艇 66.8%（補正+0.00） / 総合判定確率: 0.083 / → ヒモ分散。1号艇1着固定で広めのヒモ流し推奨（買い目+2点）', 'tenji_trigger': '展示確認: ヒモ分散レース。1号艇伸び確認後、広めのヒモ流しを採用。穴ヒモ（5・6号艇）を積極的に含める。'}",,,27.5,逃げ狙い,15.67,28.7,2,,,,,0,0,0.7559,0,,逃げ軸流し,A
2026-03-03,丸亀,7,2,常盤海心,B1,49.56,2,○,9.6467,40.2,63,39.7,0.196,4.4138,,,0,低,136,0,-,2,0,62.5,0.6067,0,0,0.04,0,0,0.0667,0.6,0.2667,,,A,,,0.0673,0.592,,0.5158,S,100,0,◎1着固定 2-3着流し（5〜8点）,0.5777,"{'is_target': True, 'verdict': '参加推奨', 'max_combo_prob': 0.0825, 'est_top_odds': 16.2, 'circle_concentration': 66.8, 'eligible_count': 6, 'bet_adj': 2, 'reason': 'rel_win1=61.2%（本命度） / 最有力組み合わせ確率: 0.083（推定実オッズ?16倍） / 2着集中度: 上位2艇 66.8%（補正+0.00） / 総合判定確率: 0.083 / → ヒモ分散。1号艇1着固定で広めのヒモ流し推奨（買い目+2点）', 'tenji_trigger': '展示確認: ヒモ分散レース。1号艇伸び確認後、広めのヒモ流しを採用。穴ヒモ（5・6号艇）を積極的に含める。'}",,,27.5,逃げ狙い,15.67,28.7,2,,,,,,,,,,,
2026-03-03,丸亀,7,3,大田直弥,A2,19.61,3,,10.1955,26.6,100,51.9,0.1555,3.5519,,,0,低,182,0,-,45,0,77.7,1.5671,0,0.0588,0.0294,0,0,0.2685,0.3139,0.0148,,,E,,,0.3097,0.604,,0.5158,S,100,0,◎1着固定 2-3着流し（5〜8点）,0.5777,"{'is_target': True, 'verdict': '参加推奨', 'max_combo_prob': 0.0825, 'est_top_odds': 16.2, 'circle_concentration': 66.8, 'eligible_count': 6, 'bet_adj': 2, 'reason': 'rel_win1=61.2%（本命度） / 最有力組み合わせ確率: 0.083（推定実オッズ?16倍） / 2着集中度: 上位2艇 66.8%（補正+0.00） / 総合判定確率: 0.083 / → ヒモ分散。1号艇1着固定で広めのヒモ流し推奨（買い目+2点）', 'tenji_trigger': '展示確認: ヒモ分散レース。1号艇伸び確認後、広めのヒモ流しを採用。穴ヒモ（5・6号艇）を積極的に含める。'}",,,27.5,逃げ狙い,15.67,28.7,2,,,,,,,,,,,
2026-03-03,丸亀,7,4,鈴木孝明,A2,25.66,4,△,10.3359,15.1,94,53.7,0.163,3.3056,,,0,低,105,0,ま0%,24,0,78.1,1.4306,0,0,0.12,0,0.04,0.0857,0.419,0,,,D,△,◎,0.2998,0.6205,0.3967,0.5158,S,100,0,◎1着固定 2-3着流し（5〜8点）,0.5777,"{'is_target': True, 'verdict': '参加推奨', 'max_combo_prob': 0.0825, 'est_top_odds': 16.2, 'circle_concentration': 66.8, 'eligible_count': 6, 'bet_adj': 2, 'reason': 'rel_win1=61.2%（本命度） / 最有力組み合わせ確率: 0.083（推定実オッズ?16倍） / 2着集中度: 上位2艇 66.8%（補正+0.00） / 総合判定確率: 0.083 / → ヒモ分散。1号艇1着固定で広めのヒモ流し推奨（買い目+2点）', 'tenji_trigger': '展示確認: ヒモ分散レース。1号艇伸び確認後、広めのヒモ流しを採用。穴ヒモ（5・6号艇）を積極的に含める。'}",,,27.5,逃げ狙い,15.67,28.7,2,,,,,,,,,,,
2026-03-03,丸亀,7,5,山崎昂介,B1,34.82,5,▲,7.6337,17.2,77,37.9,0.1659,3.7155,,,0,低,138,0,差ま0%,46,0,28.9,1.1583,0,0.0357,0,0.0357,0.0357,0.0444,0.0667,0.2844,,,C,◎,○,0.2626,0.64,0.3864,0.5158,S,100,0,◎1着固定 2-3着流し（5〜8点）,0.5777,"{'is_target': True, 'verdict': '参加推奨', 'max_combo_prob': 0.0825, 'est_top_odds': 16.2, 'circle_concentration': 66.8, 'eligible_count': 6, 'bet_adj': 2, 'reason': 'rel_win1=61.2%（本命度） / 最有力組み合わせ確率: 0.083（推定実オッズ?16倍） / 2着集中度: 上位2艇 66.8%（補正+0.00） / 総合判定確率: 0.083 / → ヒモ分散。1号艇1着固定で広めのヒモ流し推奨（買い目+2点）', 'tenji_trigger': '展示確認: ヒモ分散レース。1号艇伸び確認後、広めのヒモ流しを採用。穴ヒモ（5・6号艇）を積極的に含める。'}",,,27.5,逃げ狙い,15.67,28.7,2,,,,,,,,,,,
2026-03-03,丸亀,7,6,池本輝明,B1,23.21,6,,0.9953,0.9,27,16.3,0.2437,5.186,,,0,低,168,0,-,5,0,28.9,0.8733,,,,,,0.0286,0.1429,0.2857,,,D,○,,0.1476,0.629,,0.5158,S,100,0,◎1着固定 2-3着流し（5〜8点）,0.5777,"{'is_target': True, 'verdict': '参加推奨', 'max_combo_prob': 0.0825, 'est_top_odds': 16.2, 'circle_concentration': 66.8, 'eligible_count': 6, 'bet_adj': 2, 'reason': 'rel_win1=61.2%（本命度） / 最有力組み合わせ確率: 0.083（推定実オッズ?16倍） / 2着集中度: 上位2艇 66.8%（補正+0.00） / 総合判定確率: 0.083 / → ヒモ分散。1号艇1着固定で広めのヒモ流し推奨（買い目+2点）', 'tenji_trigger': '展示確認: ヒモ分散レース。1号艇伸び確認後、広めのヒモ流しを採用。穴ヒモ（5・6号艇）を積極的に含める。'}",,,27.5,逃げ狙い,15.67,28.7,2,,,,,,,,,,,
2026-03-03,丸亀,8,1,吉川貴仁,A1,41.67,1,◎,74.6798,,0,96.7,0.1311,2.3689,,,0,低,76,0,逃1%,11,0,74.7,1.0899,0.7826,,,,,0.087,0,0.0435,◎,,B,△,,,0.6045,,0.6384,S,86,0,◎1着固定 2-3着流し（5〜8点）,0.5777,"{'is_target': True, 'verdict': '点数絞り', 'max_combo_prob': 0.148, 'est_top_odds': 9.0, 'circle_concentration': 76.8, 'eligible_count': 6, 'bet_adj': 0, 'reason': 'rel_win1=74.7%（本命度） / 最有力組み合わせ確率: 0.148（推定実オッズ?9倍） / 2着集中度: 上位2艇 76.8%（補正+0.04） / 総合判定確率: 0.188 / → ヒモはやや固め。上位2艇以外を切ること', 'tenji_trigger': '展示確認: 1号艇伸び良→そのまま採用。悪→飛び組に差し替え。circle_pct上位2艇に絞り込むこと。\n展示で1号艇スタート超安定(0.131秒)→ヒモ固まり方向に注意'}",,,24.5,逃げ狙い,10.4,24.5,2,,,,,0,0,0.7559,0,,逃げ軸流し,A
2026-03-03,丸亀,8,2,庄司樹良,A2,21.50,2,▲,11.9131,57,100,80.4,0.1266,2.6518,,,0,低,89,0,-,34,0,32.4,0.7402,0,0.1333,0.0333,0,0,0.0414,0.219,0.0138,,◎,E,○,,0.373,0.6125,,0.6384,S,86,0,◎1着固定 2-3着流し（5〜8点）,0.5777,"{'is_target': True, 'verdict': '点数絞り', 'max_combo_prob': 0.148, 'est_top_odds': 9.0, 'circle_concentration': 76.8, 'eligible_count': 6, 'bet_adj': 0, 'reason': 'rel_win1=74.7%（本命度） / 最有力組み合わせ確率: 0.148（推定実オッズ?9倍） / 2着集中度: 上位2艇 76.8%（補正+0.04） / 総合判定確率: 0.188 / → ヒモはやや固め。上位2艇以外を切ること', 'tenji_trigger': '展示確認: 1号艇伸び良→そのまま採用。悪→飛び組に差し替え。circle_pct上位2艇に絞り込むこと。\n展示で1号艇スタート超安定(0.131秒)→ヒモ固まり方向に注意'}",,,24.5,逃げ狙い,10.4,24.5,2,,,,,,,,,,,
2026-03-03,丸亀,8,3,渥美卓郎,B1,56.88,3,○,5.4961,15.7,73,31,0.1897,4.0423,,,0,低,188,0,ま0%,5,0,17.6,0.6335,0,0,0.0345,0,0,0.25,0.02,0.25,,,A,◎,,0.1042,0.615,,0.6384,S,86,0,◎1着固定 2-3着流し（5〜8点）,0.5777,"{'is_target': True, 'verdict': '点数絞り', 'max_combo_prob': 0.148, 'est_top_odds': 9.0, 'circle_concentration': 76.8, 'eligible_count': 6, 'bet_adj': 0, 'reason': 'rel_win1=74.7%（本命度） / 最有力組み合わせ確率: 0.148（推定実オッズ?9倍） / 2着集中度: 上位2艇 76.8%（補正+0.04） / 総合判定確率: 0.188 / → ヒモはやや固め。上位2艇以外を切ること', 'tenji_trigger': '展示確認: 1号艇伸び良→そのまま採用。悪→飛び組に差し替え。circle_pct上位2艇に絞り込むこと。\n展示で1号艇スタート超安定(0.131秒)→ヒモ固まり方向に注意'}",,,24.5,逃げ狙い,10.4,24.5,2,,,,,,,,,,,
2026-03-03,丸亀,8,4,百武　翔,A2,24.53,4,△,5.1242,19.7,74,44.3,0.1759,4.2429,,,0,低,161,0,ま0% 差ま0%,33,0,39.2,0.8445,0,0,0.0294,0.0294,0,0.0556,0.3778,0.0222,,,D,△,,0.1108,0.573,,0.6384,S,86,0,◎1着固定 2-3着流し（5〜8点）,0.5777,"{'is_target': True, 'verdict': '点数絞り', 'max_combo_prob': 0.148, 'est_top_odds': 9.0, 'circle_concentration': 76.8, 'eligible_count': 6, 'bet_adj': 0, 'reason': 'rel_win1=74.7%（本命度） / 最有力組み合わせ確率: 0.148（推定実オッズ?9倍） / 2着集中度: 上位2艇 76.8%（補正+0.04） / 総合判定確率: 0.188 / → ヒモはやや固め。上位2艇以外を切ること', 'tenji_trigger': '展示確認: 1号艇伸び良→そのまま採用。悪→飛び組に差し替え。circle_pct上位2艇に絞り込むこと。\n展示で1号艇スタート超安定(0.131秒)→ヒモ固まり方向に注意'}",,,24.5,逃げ狙い,10.4,24.5,2,,,,,,,,,,,
2026-03-03,丸亀,8,5,有山　望,B1,20.00,5,,1.8182,5.4,47,17.9,0.1796,3.875,,,0,低,45,0,-,5,0,31.6,0.6845,,,,,,,,,,,E,,,0.1593,0.4945,,0.6384,S,86,0,◎1着固定 2-3着流し（5〜8点）,0.5777,"{'is_target': True, 'verdict': '点数絞り', 'max_combo_prob': 0.148, 'est_top_odds': 9.0, 'circle_concentration': 76.8, 'eligible_count': 6, 'bet_adj': 0, 'reason': 'rel_win1=74.7%（本命度） / 最有力組み合わせ確率: 0.148（推定実オッズ?9倍） / 2着集中度: 上位2艇 76.8%（補正+0.04） / 総合判定確率: 0.188 / → ヒモはやや固め。上位2艇以外を切ること', 'tenji_trigger': '展示確認: 1号艇伸び良→そのまま採用。悪→飛び組に差し替え。circle_pct上位2艇に絞り込むこと。\n展示で1号艇スタート超安定(0.131秒)→ヒモ固まり方向に注意'}",,,24.5,逃げ狙い,10.4,24.5,2,,,,,,,,,,,
2026-03-03,丸亀,8,6,中岡　駿,B2,27.78,6,,0.9686,2.1,19,6.2,0.2055,4.3615,,,0,低,40,0,-,6,0,98,2.1456,,,,,,,,,,,C,,,0.135,0.482,,0.6384,S,86,0,◎1着固定 2-3着流し（5〜8点）,0.5777,"{'is_target': True, 'verdict': '点数絞り', 'max_combo_prob': 0.148, 'est_top_odds': 9.0, 'circle_concentration': 76.8, 'eligible_count': 6, 'bet_adj': 0, 'reason': 'rel_win1=74.7%（本命度） / 最有力組み合わせ確率: 0.148（推定実オッズ?9倍） / 2着集中度: 上位2艇 76.8%（補正+0.04） / 総合判定確率: 0.188 / → ヒモはやや固め。上位2艇以外を切ること', 'tenji_trigger': '展示確認: 1号艇伸び良→そのまま採用。悪→飛び組に差し替え。circle_pct上位2艇に絞り込むこと。\n展示で1号艇スタート超安定(0.131秒)→ヒモ固まり方向に注意'}",,,24.5,逃げ狙い,10.4,24.5,2,,,,,,,,,,,
2026-03-03,丸亀,9,1,西島義則,A1,19.82,1,◎,57.4476,,0,83.1,0.1686,3.2792,,,0,低,49,0,逃1%,24,0,85.5,1.0975,0.5152,,,,,0.2106,0.1985,0.0606,○,,E,△,,,0.5995,,0.3891,A,78,0,◎-○軸 3着3〜4艇流し（10〜15点）,0.5777,"{'is_target': True, 'verdict': '参加推奨', 'max_combo_prob': 0.0617, 'est_top_odds': 21.6, 'circle_concentration': 69.6, 'eligible_count': 8, 'bet_adj': 2, 'reason': 'rel_win1=57.4%（本命度） / 最有力組み合わせ確率: 0.062（推定実オッズ?22倍） / 2着集中度: 上位2艇 69.6%（補正+0.00） / 総合判定確率: 0.062 / → ヒモ分散。1号艇1着固定で広めのヒモ流し推奨（買い目+2点）', 'tenji_trigger': '展示確認: ヒモ分散レース。1号艇伸び確認後、広めのヒモ流しを採用。穴ヒモ（5・6号艇）を積極的に含める。'}",,,30.5,逃げ狙い,19.09,34.4,4,,,,,0,0,0.6155,0,,逃げ軸流し,A
2026-03-03,丸亀,9,2,大澤大夢,B1,54.63,2,○,8.1944,38,100,53,0.1477,3.2121,,,0,低,103,0,-,2,0,53.3,0.6847,0,0,0.037,0,0.037,0.1632,0.1421,0.1211,,◎,A,◎,,0.5442,0.644,,0.3891,A,78,0,◎-○軸 3着3〜4艇流し（10〜15点）,0.5777,"{'is_target': True, 'verdict': '参加推奨', 'max_combo_prob': 0.0617, 'est_top_odds': 21.6, 'circle_concentration': 69.6, 'eligible_count': 8, 'bet_adj': 2, 'reason': 'rel_win1=57.4%（本命度） / 最有力組み合わせ確率: 0.062（推定実オッズ?22倍） / 2着集中度: 上位2艇 69.6%（補正+0.00） / 総合判定確率: 0.062 / → ヒモ分散。1号艇1着固定で広めのヒモ流し推奨（買い目+2点）', 'tenji_trigger': '展示確認: ヒモ分散レース。1号艇伸び確認後、広めのヒモ流しを採用。穴ヒモ（5・6号艇）を積極的に含める。'}",,,30.5,逃げ狙い,19.09,34.4,4,,,,,,,,,,,
2026-03-03,丸亀,9,3,三浦洋次,A2,33.91,3,△,12.677,31.6,58,50.8,0.1606,3.1032,,,0,低,148,0,ま0% 差ま0%,2,0,47.1,1.0608,0,0,0.0357,0.1071,0,0.1171,0.3947,0.0211,,△,C,○,,0.3745,0.6295,,0.3891,A,78,0,◎-○軸 3着3〜4艇流し（10〜15点）,0.5777,"{'is_target': True, 'verdict': '参加推奨', 'max_combo_prob': 0.0617, 'est_top_odds': 21.6, 'circle_concentration': 69.6, 'eligible_count': 8, 'bet_adj': 2, 'reason': 'rel_win1=57.4%（本命度） / 最有力組み合わせ確率: 0.062（推定実オッズ?22倍） / 2着集中度: 上位2艇 69.6%（補正+0.00） / 総合判定確率: 0.062 / → ヒモ分散。1号艇1着固定で広めのヒモ流し推奨（買い目+2点）', 'tenji_trigger': '展示確認: ヒモ分散レース。1号艇伸び確認後、広めのヒモ流しを採用。穴ヒモ（5・6号艇）を積極的に含める。'}",,,30.5,逃げ狙い,19.09,34.4,4,,,,,,,,,,,
2026-03-03,丸亀,9,4,津留浩一,B1,28.18,4,▲,14.0805,24.3,76,60,0.1288,2.88,,,0,低,102,0,差0% ま0%,6,0,82.5,1.4115,0,0.0476,0.0952,0,0,0.1412,0.0471,0.3706,,○,D,,◎,0.484,0.52,0.4438,0.3891,A,78,0,◎-○軸 3着3〜4艇流し（10〜15点）,0.5777,"{'is_target': True, 'verdict': '参加推奨', 'max_combo_prob': 0.0617, 'est_top_odds': 21.6, 'circle_concentration': 69.6, 'eligible_count': 8, 'bet_adj': 2, 'reason': 'rel_win1=57.4%（本命度） / 最有力組み合わせ確率: 0.062（推定実オッズ?22倍） / 2着集中度: 上位2艇 69.6%（補正+0.00） / 総合判定確率: 0.062 / → ヒモ分散。1号艇1着固定で広めのヒモ流し推奨（買い目+2点）', 'tenji_trigger': '展示確認: ヒモ分散レース。1号艇伸び確認後、広めのヒモ流しを採用。穴ヒモ（5・6号艇）を積極的に含める。'}",,,30.5,逃げ狙い,19.09,34.4,4,,,,,,,,,,,
2026-03-03,丸亀,9,5,阪本勇介,B1,25.66,5,,4.349,3.1,60,28,0.1851,4.1733,,,0,低,196,0,ま0% 抜0%,64,0,39.8,0.8448,0,0,0.0333,0,0.0333,0.0714,0.1629,0.2629,,,D,△,,0.2597,0.5885,,0.3891,A,78,0,◎-○軸 3着3〜4艇流し（10〜15点）,0.5777,"{'is_target': True, 'verdict': '参加推奨', 'max_combo_prob': 0.0617, 'est_top_odds': 21.6, 'circle_concentration': 69.6, 'eligible_count': 8, 'bet_adj': 2, 'reason': 'rel_win1=57.4%（本命度） / 最有力組み合わせ確率: 0.062（推定実オッズ?22倍） / 2着集中度: 上位2艇 69.6%（補正+0.00） / 総合判定確率: 0.062 / → ヒモ分散。1号艇1着固定で広めのヒモ流し推奨（買い目+2点）', 'tenji_trigger': '展示確認: ヒモ分散レース。1号艇伸び確認後、広めのヒモ流しを採用。穴ヒモ（5・6号艇）を積極的に含める。'}",,,30.5,逃げ狙い,19.09,34.4,4,,,,,,,,,,,
2026-03-03,丸亀,9,6,倉尾大介,A2,37.61,6,,3.2516,3,75,25,0.1775,4.2841,,,0,低,96,0,差0%,43,0,27.6,1.0847,0,0.0526,0,0,0,0.2141,0.0471,0.1906,,,B,,,0.2867,0.577,,0.3891,A,78,0,◎-○軸 3着3〜4艇流し（10〜15点）,0.5777,"{'is_target': True, 'verdict': '参加推奨', 'max_combo_prob': 0.0617, 'est_top_odds': 21.6, 'circle_concentration': 69.6, 'eligible_count': 8, 'bet_adj': 2, 'reason': 'rel_win1=57.4%（本命度） / 最有力組み合わせ確率: 0.062（推定実オッズ?22倍） / 2着集中度: 上位2艇 69.6%（補正+0.00） / 総合判定確率: 0.062 / → ヒモ分散。1号艇1着固定で広めのヒモ流し推奨（買い目+2点）', 'tenji_trigger': '展示確認: ヒモ分散レース。1号艇伸び確認後、広めのヒモ流しを採用。穴ヒモ（5・6号艇）を積極的に含める。'}",,,30.5,逃げ狙い,19.09,34.4,4,,,,,,,,,,,
2026-03-03,丸亀,10,1,石丸海渡,A1,25.86,1,◎,66.819,,0,95.2,0.1129,1.8651,,,0,低,26,0,逃1%,33,0,84.7,1.051,0.875,,,,,0.0792,0.0125,0,◎,,D,○,,,0.687,,0.8231,S,92,0,◎1着固定 2-3着流し（5〜8点）,0.5777,"{'is_target': True, 'verdict': '点数絞り', 'max_combo_prob': 0.1004, 'est_top_odds': 13.3, 'circle_concentration': 82.9, 'eligible_count': 6, 'bet_adj': 0, 'reason': 'rel_win1=66.8%（本命度） / 最有力組み合わせ確率: 0.100（推定実オッズ?13倍） / 2着集中度: 上位2艇 82.9%（補正+0.04） / 総合判定確率: 0.140 / → ヒモはやや固め。上位2艇以外を切ること', 'tenji_trigger': '展示確認: 1号艇伸び良→そのまま採用。悪→飛び組に差し替え。circle_pct上位2艇に絞り込むこと。\n展示で1号艇スタート超安定(0.113秒)→ヒモ固まり方向に注意'}",,,25.4,逃げ狙い,15.46,22.8,2,,,,,0,0,0.7559,0,,逃げ軸流し,A
2026-03-03,丸亀,10,2,島川海輝,A2,25.22,2,△,11.084,44,45,55.1,0.1484,3.0918,,,0,低,76,0,-,5,0,52.9,1.0614,0,0,0.1429,0,0,0.0296,0.1296,0.1593,,,D,△,,0.0711,0.663,,0.8231,S,92,0,◎1着固定 2-3着流し（5〜8点）,0.5777,"{'is_target': True, 'verdict': '点数絞り', 'max_combo_prob': 0.1004, 'est_top_odds': 13.3, 'circle_concentration': 82.9, 'eligible_count': 6, 'bet_adj': 0, 'reason': 'rel_win1=66.8%（本命度） / 最有力組み合わせ確率: 0.100（推定実オッズ?13倍） / 2着集中度: 上位2艇 82.9%（補正+0.04） / 総合判定確率: 0.140 / → ヒモはやや固め。上位2艇以外を切ること', 'tenji_trigger': '展示確認: 1号艇伸び良→そのまま採用。悪→飛び組に差し替え。circle_pct上位2艇に絞り込むこと。\n展示で1号艇スタート超安定(0.113秒)→ヒモ固まり方向に注意'}",,,25.4,逃げ狙い,15.46,22.8,2,,,,,,,,,,,
2026-03-03,丸亀,10,3,吉永則雄,A1,36.21,3,○,10.2376,38.8,100,65.7,0.1614,3.3286,,,0,低,112,0,差0%,31,0,37.8,0.7831,0,0.0312,0.0312,0,0,0.0896,0.0635,0.1184,,,B,◎,,0.1057,0.696,,0.8231,S,92,0,◎1着固定 2-3着流し（5〜8点）,0.5777,"{'is_target': True, 'verdict': '点数絞り', 'max_combo_prob': 0.1004, 'est_top_odds': 13.3, 'circle_concentration': 82.9, 'eligible_count': 6, 'bet_adj': 0, 'reason': 'rel_win1=66.8%（本命度） / 最有力組み合わせ確率: 0.100（推定実オッズ?13倍） / 2着集中度: 上位2艇 82.9%（補正+0.04） / 総合判定確率: 0.140 / → ヒモはやや固め。上位2艇以外を切ること', 'tenji_trigger': '展示確認: 1号艇伸び良→そのまま採用。悪→飛び組に差し替え。circle_pct上位2艇に絞り込むこと。\n展示で1号艇スタート超安定(0.113秒)→ヒモ固まり方向に注意'}",,,25.4,逃げ狙い,15.46,22.8,2,,,,,,,,,,,
2026-03-03,丸亀,10,4,中島真二,B1,23.89,4,,4.8783,8.2,83,33.9,0.1771,3.8983,,,0,低,161,0,-,2,0,26.1,0.727,0,0.037,0.037,0,0,0.0211,0.4053,0.0421,,,E,,,0.1114,0.6155,,0.8231,S,92,0,◎1着固定 2-3着流し（5〜8点）,0.5777,"{'is_target': True, 'verdict': '点数絞り', 'max_combo_prob': 0.1004, 'est_top_odds': 13.3, 'circle_concentration': 82.9, 'eligible_count': 6, 'bet_adj': 0, 'reason': 'rel_win1=66.8%（本命度） / 最有力組み合わせ確率: 0.100（推定実オッズ?13倍） / 2着集中度: 上位2艇 82.9%（補正+0.04） / 総合判定確率: 0.140 / → ヒモはやや固め。上位2艇以外を切ること', 'tenji_trigger': '展示確認: 1号艇伸び良→そのまま採用。悪→飛び組に差し替え。circle_pct上位2艇に絞り込むこと。\n展示で1号艇スタート超安定(0.113秒)→ヒモ固まり方向に注意'}",,,25.4,逃げ狙い,15.46,22.8,2,,,,,,,,,,,
2026-03-03,丸亀,10,5,米玉利大,B1,48.18,5,▲,5.4288,5.5,50,5,0.196,4.125,,,0,低,58,0,-,5,0,25.6,0.761,0,0,0,0,0,0,0.6667,0,,,A,,,0.1384,0.5175,,0.8231,S,92,0,◎1着固定 2-3着流し（5〜8点）,0.5777,"{'is_target': True, 'verdict': '点数絞り', 'max_combo_prob': 0.1004, 'est_top_odds': 13.3, 'circle_concentration': 82.9, 'eligible_count': 6, 'bet_adj': 0, 'reason': 'rel_win1=66.8%（本命度） / 最有力組み合わせ確率: 0.100（推定実オッズ?13倍） / 2着集中度: 上位2艇 82.9%（補正+0.04） / 総合判定確率: 0.140 / → ヒモはやや固め。上位2艇以外を切ること', 'tenji_trigger': '展示確認: 1号艇伸び良→そのまま採用。悪→飛び組に差し替え。circle_pct上位2艇に絞り込むこと。\n展示で1号艇スタート超安定(0.113秒)→ヒモ固まり方向に注意'}",,,25.4,逃げ狙い,15.46,22.8,2,,,,,,,,,,,
2026-03-03,丸亀,10,6,丹下　将,A2,33.64,6,,1.5523,3.4,60,28.3,0.1705,3.8417,,,0,低,115,0,-,1,0,24.5,0.8833,,,,,,0.0588,0.2067,0.1445,,,C,△,,0.135,0.66,,0.8231,S,92,0,◎1着固定 2-3着流し（5〜8点）,0.5777,"{'is_target': True, 'verdict': '点数絞り', 'max_combo_prob': 0.1004, 'est_top_odds': 13.3, 'circle_concentration': 82.9, 'eligible_count': 6, 'bet_adj': 0, 'reason': 'rel_win1=66.8%（本命度） / 最有力組み合わせ確率: 0.100（推定実オッズ?13倍） / 2着集中度: 上位2艇 82.9%（補正+0.04） / 総合判定確率: 0.140 / → ヒモはやや固め。上位2艇以外を切ること', 'tenji_trigger': '展示確認: 1号艇伸び良→そのまま採用。悪→飛び組に差し替え。circle_pct上位2艇に絞り込むこと。\n展示で1号艇スタート超安定(0.113秒)→ヒモ固まり方向に注意'}",,,25.4,逃げ狙い,15.46,22.8,2,,,,,,,,,,,
2026-03-03,丸亀,11,1,中村辰也,A2,27.05,1,◎,45.9726,,0,88.6,0.1404,3.05,,,0,低,74,0,逃0%,32,0,96.7,1.3875,0.5357,,,,,0.0286,0.0571,0.1571,◎,,E,○,,,0.647,,0.501,A,65,0,◎-○軸 3着3〜4艇流し（10〜15点）,0.5777,"{'is_target': True, 'verdict': '参加推奨', 'max_combo_prob': 0.0464, 'est_top_odds': 28.7, 'circle_concentration': 67.3, 'eligible_count': 8, 'bet_adj': 2, 'reason': 'rel_win1=46.0%（本命度） / 最有力組み合わせ確率: 0.046（推定実オッズ?29倍） / 2着集中度: 上位2艇 67.3%（補正+0.00） / 総合判定確率: 0.046 / → ヒモ分散。1号艇1着固定で広めのヒモ流し推奨（買い目+2点）', 'tenji_trigger': '展示確認: ヒモ分散レース。1号艇伸び確認後、広めのヒモ流しを採用。穴ヒモ（5・6号艇）を積極的に含める。'}",,,31.2,逃げ狙い,31.82,25.5,2,,,,,0,0,0.7559,0,,逃げ軸流し,A
2026-03-03,丸亀,11,2,高田　明,A1,35.45,2,▲,20.7186,29.5,100,74.6,0.1568,3.2627,,,0,低,110,0,差0% ま0% 抜0%,45,0,63.6,1.2781,0,0.1667,0.1333,0,0.0667,0.0882,0.0588,0.1765,,,B,,,0.1788,0.6095,,0.501,A,65,0,◎-○軸 3着3〜4艇流し（10〜15点）,0.5777,"{'is_target': True, 'verdict': '参加推奨', 'max_combo_prob': 0.0464, 'est_top_odds': 28.7, 'circle_concentration': 67.3, 'eligible_count': 8, 'bet_adj': 2, 'reason': 'rel_win1=46.0%（本命度） / 最有力組み合わせ確率: 0.046（推定実オッズ?29倍） / 2着集中度: 上位2艇 67.3%（補正+0.00） / 総合判定確率: 0.046 / → ヒモ分散。1号艇1着固定で広めのヒモ流し推奨（買い目+2点）', 'tenji_trigger': '展示確認: ヒモ分散レース。1号艇伸び確認後、広めのヒモ流しを採用。穴ヒモ（5・6号艇）を積極的に含める。'}",,,31.2,逃げ狙い,31.82,25.5,2,,,,,,,,,,,
2026-03-03,丸亀,11,3,福島勇樹,A1,37.82,3,○,16.3149,37.7,51,75.6,0.126,2.5111,,,0,低,60,0,差0% ま0% 抜0%,12,0,63.4,1.4771,0,0.0625,0.25,0,0.0625,0.1,0.0333,0.0667,,◎,B,△,,0.4095,0.6195,,0.501,A,65,0,◎-○軸 3着3〜4艇流し（10〜15点）,0.5777,"{'is_target': True, 'verdict': '参加推奨', 'max_combo_prob': 0.0464, 'est_top_odds': 28.7, 'circle_concentration': 67.3, 'eligible_count': 8, 'bet_adj': 2, 'reason': 'rel_win1=46.0%（本命度） / 最有力組み合わせ確率: 0.046（推定実オッズ?29倍） / 2着集中度: 上位2艇 67.3%（補正+0.00） / 総合判定確率: 0.046 / → ヒモ分散。1号艇1着固定で広めのヒモ流し推奨（買い目+2点）', 'tenji_trigger': '展示確認: ヒモ分散レース。1号艇伸び確認後、広めのヒモ流しを採用。穴ヒモ（5・6号艇）を積極的に含める。'}",,,31.2,逃げ狙い,31.82,25.5,2,,,,,,,,,,,
2026-03-03,丸亀,11,4,橋本久和,B1,33.04,4,,10.2411,16.1,85,50,0.167,3.16,,,0,低,146,0,-,13,0,100,2.6585,0,0.087,0.087,0,0,0.219,0.219,0.2052,,,D,△,○,0.2019,0.6265,0.295,0.501,A,65,0,◎-○軸 3着3〜4艇流し（10〜15点）,0.5777,"{'is_target': True, 'verdict': '参加推奨', 'max_combo_prob': 0.0464, 'est_top_odds': 28.7, 'circle_concentration': 67.3, 'eligible_count': 8, 'bet_adj': 2, 'reason': 'rel_win1=46.0%（本命度） / 最有力組み合わせ確率: 0.046（推定実オッズ?29倍） / 2着集中度: 上位2艇 67.3%（補正+0.00） / 総合判定確率: 0.046 / → ヒモ分散。1号艇1着固定で広めのヒモ流し推奨（買い目+2点）', 'tenji_trigger': '展示確認: ヒモ分散レース。1号艇伸び確認後、広めのヒモ流しを採用。穴ヒモ（5・6号艇）を積極的に含める。'}",,,31.2,逃げ狙い,31.82,25.5,2,,,,,,,,,,,
2026-03-03,丸亀,11,5,大橋純一,A2,33.64,5,△,4.648,15.1,92,50.8,0.1592,3.7459,,,0,低,90,0,差ま0% 抜0%,25,0,59,1.3338,0,0,0,0.0417,0.0417,0.125,0.1125,0.05,,,C,◎,◎,0.2305,0.681,0.313,0.501,A,65,0,◎-○軸 3着3〜4艇流し（10〜15点）,0.5777,"{'is_target': True, 'verdict': '参加推奨', 'max_combo_prob': 0.0464, 'est_top_odds': 28.7, 'circle_concentration': 67.3, 'eligible_count': 8, 'bet_adj': 2, 'reason': 'rel_win1=46.0%（本命度） / 最有力組み合わせ確率: 0.046（推定実オッズ?29倍） / 2着集中度: 上位2艇 67.3%（補正+0.00） / 総合判定確率: 0.046 / → ヒモ分散。1号艇1着固定で広めのヒモ流し推奨（買い目+2点）', 'tenji_trigger': '展示確認: ヒモ分散レース。1号艇伸び確認後、広めのヒモ流しを採用。穴ヒモ（5・6号艇）を積極的に含める。'}",,,31.2,逃げ狙い,31.82,25.5,2,,,,,,,,,,,
2026-03-03,丸亀,11,6,丸尾義孝,A2,34.86,6,,2.1048,1.5,97,43.1,0.1757,3.6863,,,0,低,95,0,-,11,0,33.8,0.6492,,,,,,0.0476,0.2017,0.1403,,,C,△,,0.2099,0.6195,,0.501,A,65,0,◎-○軸 3着3〜4艇流し（10〜15点）,0.5777,"{'is_target': True, 'verdict': '参加推奨', 'max_combo_prob': 0.0464, 'est_top_odds': 28.7, 'circle_concentration': 67.3, 'eligible_count': 8, 'bet_adj': 2, 'reason': 'rel_win1=46.0%（本命度） / 最有力組み合わせ確率: 0.046（推定実オッズ?29倍） / 2着集中度: 上位2艇 67.3%（補正+0.00） / 総合判定確率: 0.046 / → ヒモ分散。1号艇1着固定で広めのヒモ流し推奨（買い目+2点）', 'tenji_trigger': '展示確認: ヒモ分散レース。1号艇伸び確認後、広めのヒモ流しを採用。穴ヒモ（5・6号艇）を積極的に含める。'}",,,31.2,逃げ狙い,31.82,25.5,2,,,,,,,,,,,
2026-03-03,丸亀,12,1,大田直弥,A2,19.61,1,◎,49.957,,0,86.4,0.1919,4.1949,,,0,低,182,0,逃0%,45,0,54.1,1.0849,0.3333,,,,,0.2685,0.3139,0.0148,△,,E,,,,0.604,,0.227,A,69,0,◎-○軸 3着3〜4艇流し（10〜15点）,0.5777,"{'is_target': True, 'verdict': '参加推奨', 'max_combo_prob': 0.0655, 'est_top_odds': 20.4, 'circle_concentration': 73.5, 'eligible_count': 8, 'bet_adj': 2, 'reason': 'rel_win1=50.0%（本命度） / 最有力組み合わせ確率: 0.065（推定実オッズ?20倍） / 2着集中度: 上位2艇 73.5%（補正+0.04） / 総合判定確率: 0.105 / → ヒモ分散。1号艇1着固定で広めのヒモ流し推奨（買い目+2点）', 'tenji_trigger': '展示確認: ヒモ分散レース。1号艇伸び確認後、広めのヒモ流しを採用。穴ヒモ（5・6号艇）を積極的に含める。\n展示で1号艇スタート遅め(0.192秒)確認→ヒモが荒れやすい'}",,,37.7,逃げ狙い,19.88,39.8,5,2-1-3|1-2-5|1-2-4|1-3-5|1-3-4|1-3-2,3-4-5|3-5-4|6-1-3|2-1-3|6-1-4|3-5-6|6-4-1|1-2-5|1-2-4|1-3-5|1-3-4|1-3-2,2-1-3:2.42%|1-2-5:9.66%|1-2-4:8.99%|1-3-5:7.64%|1-3-4:7.12%|1-3-2:6.57%,2-1-3:B_main|1-2-5:A|1-2-4:A|1-3-5:A|1-3-4:A|1-3-2:A,6,12,0.4535,1,[!]見送り推奨（主役決まり手「差し」― 逃げ劣勢レースで的中実績なし）,荒れ広め,D
2026-03-03,丸亀,12,2,江口晃生,A1,29.63,2,△,13.4865,42.1,91,75,0.1544,3.8125,,,0,低,33,0,差0% ま0%,46,0,60.6,1.1998,0,0.0476,0.0476,0,0,0.1167,0.1833,0.025,,◎,C,△,,0.6003,0.642,,0.227,A,69,0,◎-○軸 3着3〜4艇流し（10〜15点）,0.5777,"{'is_target': True, 'verdict': '参加推奨', 'max_combo_prob': 0.0655, 'est_top_odds': 20.4, 'circle_concentration': 73.5, 'eligible_count': 8, 'bet_adj': 2, 'reason': 'rel_win1=50.0%（本命度） / 最有力組み合わせ確率: 0.065（推定実オッズ?20倍） / 2着集中度: 上位2艇 73.5%（補正+0.04） / 総合判定確率: 0.105 / → ヒモ分散。1号艇1着固定で広めのヒモ流し推奨（買い目+2点）', 'tenji_trigger': '展示確認: ヒモ分散レース。1号艇伸び確認後、広めのヒモ流しを採用。穴ヒモ（5・6号艇）を積極的に含める。\n展示で1号艇スタート遅め(0.192秒)確認→ヒモが荒れやすい'}",,,37.7,逃げ狙い,19.88,39.8,5,,,,,,,,,,,
2026-03-03,丸亀,12,3,吉川貴仁,A1,41.67,3,○,13.6891,31.5,66,76.2,0.1438,2.7262,,,0,低,76,0,ま0% 差ま0% 抜0%,11,0,45.4,1.4042,0,0,0.1053,0.0526,0.0526,0.087,0,0.0435,,○,A,,,0.5219,0.6045,,0.227,A,69,0,◎-○軸 3着3〜4艇流し（10〜15点）,0.5777,"{'is_target': True, 'verdict': '参加推奨', 'max_combo_prob': 0.0655, 'est_top_odds': 20.4, 'circle_concentration': 73.5, 'eligible_count': 8, 'bet_adj': 2, 'reason': 'rel_win1=50.0%（本命度） / 最有力組み合わせ確率: 0.065（推定実オッズ?20倍） / 2着集中度: 上位2艇 73.5%（補正+0.04） / 総合判定確率: 0.105 / → ヒモ分散。1号艇1着固定で広めのヒモ流し推奨（買い目+2点）', 'tenji_trigger': '展示確認: ヒモ分散レース。1号艇伸び確認後、広めのヒモ流しを採用。穴ヒモ（5・6号艇）を積極的に含める。\n展示で1号艇スタート遅め(0.192秒)確認→ヒモが荒れやすい'}",,,37.7,逃げ狙い,19.88,39.8,5,,,,,,,,,,,
2026-03-03,丸亀,12,4,松井賢治,A2,23.47,4,,8.7367,12,100,59.7,0.1709,3.7143,,,0,低,122,0,差0% ま0% 差ま0%,51,0,38.1,1.1821,0,0.0323,0.0323,0.0323,0,0.1401,0.0465,0.1215,,,D,◎,○,0.413,0.6985,0.3668,0.227,A,69,0,◎-○軸 3着3〜4艇流し（10〜15点）,0.5777,"{'is_target': True, 'verdict': '参加推奨', 'max_combo_prob': 0.0655, 'est_top_odds': 20.4, 'circle_concentration': 73.5, 'eligible_count': 8, 'bet_adj': 2, 'reason': 'rel_win1=50.0%（本命度） / 最有力組み合わせ確率: 0.065（推定実オッズ?20倍） / 2着集中度: 上位2艇 73.5%（補正+0.04） / 総合判定確率: 0.105 / → ヒモ分散。1号艇1着固定で広めのヒモ流し推奨（買い目+2点）', 'tenji_trigger': '展示確認: ヒモ分散レース。1号艇伸び確認後、広めのヒモ流しを採用。穴ヒモ（5・6号艇）を積極的に含める。\n展示で1号艇スタート遅め(0.192秒)確認→ヒモが荒れやすい'}",,,37.7,逃げ狙い,19.88,39.8,5,,,,,,,,,,,
2026-03-03,丸亀,12,5,森野正弘,A2,31.78,5,▲,12.9307,13.5,91,62.7,0.1488,2.7255,,,0,低,55,0,-,22,0,38.1,1.4521,0,0.0455,0,0.1364,0,0.0857,0.0286,0.0857,,△,C,○,◎,0.4881,0.667,0.5164,0.227,A,69,0,◎-○軸 3着3〜4艇流し（10〜15点）,0.5777,"{'is_target': True, 'verdict': '参加推奨', 'max_combo_prob': 0.0655, 'est_top_odds': 20.4, 'circle_concentration': 73.5, 'eligible_count': 8, 'bet_adj': 2, 'reason': 'rel_win1=50.0%（本命度） / 最有力組み合わせ確率: 0.065（推定実オッズ?20倍） / 2着集中度: 上位2艇 73.5%（補正+0.04） / 総合判定確率: 0.105 / → ヒモ分散。1号艇1着固定で広めのヒモ流し推奨（買い目+2点）', 'tenji_trigger': '展示確認: ヒモ分散レース。1号艇伸び確認後、広めのヒモ流しを採用。穴ヒモ（5・6号艇）を積極的に含める。\n展示で1号艇スタート遅め(0.192秒)確認→ヒモが荒れやすい'}",,,37.7,逃げ狙い,19.88,39.8,5,,,,,,,,,,,
2026-03-03,丸亀,12,6,森安弘雅,B1,37.27,6,,1.2001,1,64,13.6,0.232,5.0254,,,0,低,178,0,-,32,0,98.8,2.4031,,,,,,0.0167,0.1833,0.2,,,B,△,,0.2307,0.6065,,0.227,A,69,0,◎-○軸 3着3〜4艇流し（10〜15点）,0.5777,"{'is_target': True, 'verdict': '参加推奨', 'max_combo_prob': 0.0655, 'est_top_odds': 20.4, 'circle_concentration': 73.5, 'eligible_count': 8, 'bet_adj': 2, 'reason': 'rel_win1=50.0%（本命度） / 最有力組み合わせ確率: 0.065（推定実オッズ?20倍） / 2着集中度: 上位2艇 73.5%（補正+0.04） / 総合判定確率: 0.105 / → ヒモ分散。1号艇1着固定で広めのヒモ流し推奨（買い目+2点）', 'tenji_trigger': '展示確認: ヒモ分散レース。1号艇伸び確認後、広めのヒモ流しを採用。穴ヒモ（5・6号艇）を積極的に含める。\n展示で1号艇スタート遅め(0.192秒)確認→ヒモが荒れやすい'}",,,37.7,逃げ狙い,19.88,39.8,5,,,,,,,,,,,
2026-03-04,丸亀,1,1,常盤海心,B1,49.56,1,◎,52.8837,,0,52,0.2096,4.92,,,0,低,136,0,逃0%,2 32,0,68.5,0.7412,0.1667,,,,,0.0667,0.6,0.2667,,,A,△,,,0.592,,0.0659,C,41,0,荒れ傾向。高配当狙いか見送り,0.5777,"{'is_target': True, 'verdict': '点数絞り', 'max_combo_prob': 0.1097, 'est_top_odds': 12.2, 'circle_concentration': 82.5, 'eligible_count': 6, 'bet_adj': 0, 'reason': 'rel_win1=52.9%（本命度） / 最有力組み合わせ確率: 0.110（推定実オッズ?12倍） / 2着集中度: 上位2艇 82.5%（補正+0.04） / 総合判定確率: 0.150 / → ヒモはやや固め。上位2艇以外を切ること', 'tenji_trigger': '展示確認: 1号艇伸び良→そのまま採用。悪→飛び組に差し替え。circle_pct上位2艇に絞り込むこと。\n展示で1号艇スタート遅め(0.210秒)確認→ヒモが荒れやすい'}",,,31.5,両建て推奨,11.13,43.9,3,3-5-4|3-4-5|3-5-6|3-4-6|3-5-2|3-4-2|3-2-4|1-3-2|1-3-4|1-2-3|1-2-4,3-5-4|3-4-5|3-5-6|3-4-6|3-5-2|3-4-2|3-2-4|1-3-2|1-3-4|1-2-3|4-1-5|1-2-4,3-5-4:2.24%|3-4-5:2.07%|3-5-6:0.88%|3-4-6:0.86%|3-5-2:0.78%|3-4-2:0.77%|3-2-4:0.72%|1-3-2:4.78%|1-3-4:4.15%|1-2-3:3.97%|1-2-4:3.47%,3-5-4:B_main|3-4-5:B_main|3-5-6:B_main|3-4-6:B_main|3-5-2:B_main|3-4-2:B_main|3-2-4:B_main|1-3-2:A|1-3-4:A|1-2-3:A|1-2-4:A,11,12,0.2915,1,[!]見送り推奨（主役決まり手「まくり」― 逃げ劣勢レースで的中実績なし）,主役軸流し,B
2026-03-04,丸亀,1,2,伊達正利,B1,28.18,2,▲,10.5963,36.1,100,44.1,0.2012,4.161,,,0,低,160,0,ま0%,661,0,55.1,0.6609,0,0.0345,0.0345,0,0,0.0455,0.0455,0.0455,,,D,○,,0.4006,0.6165,,0.0659,C,41,0,荒れ傾向。高配当狙いか見送り,0.5777,"{'is_target': True, 'verdict': '点数絞り', 'max_combo_prob': 0.1097, 'est_top_odds': 12.2, 'circle_concentration': 82.5, 'eligible_count': 6, 'bet_adj': 0, 'reason': 'rel_win1=52.9%（本命度） / 最有力組み合わせ確率: 0.110（推定実オッズ?12倍） / 2着集中度: 上位2艇 82.5%（補正+0.04） / 総合判定確率: 0.150 / → ヒモはやや固め。上位2艇以外を切ること', 'tenji_trigger': '展示確認: 1号艇伸び良→そのまま採用。悪→飛び組に差し替え。circle_pct上位2艇に絞り込むこと。\n展示で1号艇スタート遅め(0.210秒)確認→ヒモが荒れやすい'}",,,31.5,両建て推奨,11.13,43.9,3,,,,,,,,,,,
2026-03-04,丸亀,1,3,山崎昂介,B1,34.82,3,○,14.8388,46.5,93,56.5,0.169,3.587,,,0,低,138,0,-,463,0,25.1,0.6167,0,0,0.1154,0.0385,0.0385,0.0444,0.0667,0.2844,,◎,B,◎,,0.5373,0.64,,0.0659,C,41,0,荒れ傾向。高配当狙いか見送り,0.5777,"{'is_target': True, 'verdict': '点数絞り', 'max_combo_prob': 0.1097, 'est_top_odds': 12.2, 'circle_concentration': 82.5, 'eligible_count': 6, 'bet_adj': 0, 'reason': 'rel_win1=52.9%（本命度） / 最有力組み合わせ確率: 0.110（推定実オッズ?12倍） / 2着集中度: 上位2艇 82.5%（補正+0.04） / 総合判定確率: 0.150 / → ヒモはやや固め。上位2艇以外を切ること', 'tenji_trigger': '展示確認: 1号艇伸び良→そのまま採用。悪→飛び組に差し替え。circle_pct上位2艇に絞り込むこと。\n展示で1号艇スタート遅め(0.210秒)確認→ヒモが荒れやすい'}",,,31.5,両建て推奨,11.13,43.9,3,,,,,,,,,,,
2026-03-04,丸亀,1,4,有山　望,B1,20.00,4,,13.7192,12.4,59,16.7,0.1972,3.7778,,,0,低,45,0,-,5 56,0,60.4,0.9017,0,0,0.1111,0,0,,,,,△,E,,,0.4449,0.4945,,0.0659,C,41,0,荒れ傾向。高配当狙いか見送り,0.5777,"{'is_target': True, 'verdict': '点数絞り', 'max_combo_prob': 0.1097, 'est_top_odds': 12.2, 'circle_concentration': 82.5, 'eligible_count': 6, 'bet_adj': 0, 'reason': 'rel_win1=52.9%（本命度） / 最有力組み合わせ確率: 0.110（推定実オッズ?12倍） / 2着集中度: 上位2艇 82.5%（補正+0.04） / 総合判定確率: 0.150 / → ヒモはやや固め。上位2艇以外を切ること', 'tenji_trigger': '展示確認: 1号艇伸び良→そのまま採用。悪→飛び組に差し替え。circle_pct上位2艇に絞り込むこと。\n展示で1号艇スタート遅め(0.210秒)確認→ヒモが荒れやすい'}",,,31.5,両建て推奨,11.13,43.9,3,,,,,,,,,,,
2026-03-04,丸亀,1,5,嶋田貴支,B1,25.69,5,△,5.6879,4.6,51,21.1,0.1765,3.7885,,,0,低,134,0,差ま0%,561,0,20.7,0.7105,0,0.037,0,0.037,0,0.0174,0.0522,0.1174,,○,D,△,,0.4759,0.6045,,0.0659,C,41,0,荒れ傾向。高配当狙いか見送り,0.5777,"{'is_target': True, 'verdict': '点数絞り', 'max_combo_prob': 0.1097, 'est_top_odds': 12.2, 'circle_concentration': 82.5, 'eligible_count': 6, 'bet_adj': 0, 'reason': 'rel_win1=52.9%（本命度） / 最有力組み合わせ確率: 0.110（推定実オッズ?12倍） / 2着集中度: 上位2艇 82.5%（補正+0.04） / 総合判定確率: 0.150 / → ヒモはやや固め。上位2艇以外を切ること', 'tenji_trigger': '展示確認: 1号艇伸び良→そのまま採用。悪→飛び組に差し替え。circle_pct上位2艇に絞り込むこと。\n展示で1号艇スタート遅め(0.210秒)確認→ヒモが荒れやすい'}",,,31.5,両建て推奨,11.13,43.9,3,,,,,,,,,,,
2026-03-04,丸亀,1,6,近藤来希,B2,33.96,6,,2.2741,0.5,14,2.8,0.2042,4.375,,,0,低,51,0,-,545,0,21,0.5461,0,0,0,0.0139,0,,,,,,C,,,0.3846,0.512,,0.0659,C,41,0,荒れ傾向。高配当狙いか見送り,0.5777,"{'is_target': True, 'verdict': '点数絞り', 'max_combo_prob': 0.1097, 'est_top_odds': 12.2, 'circle_concentration': 82.5, 'eligible_count': 6, 'bet_adj': 0, 'reason': 'rel_win1=52.9%（本命度） / 最有力組み合わせ確率: 0.110（推定実オッズ?12倍） / 2着集中度: 上位2艇 82.5%（補正+0.04） / 総合判定確率: 0.150 / → ヒモはやや固め。上位2艇以外を切ること', 'tenji_trigger': '展示確認: 1号艇伸び良→そのまま採用。悪→飛び組に差し替え。circle_pct上位2艇に絞り込むこと。\n展示で1号艇スタート遅め(0.210秒)確認→ヒモが荒れやすい'}",,,31.5,両建て推奨,11.13,43.9,3,,,,,,,,,,,
2026-03-04,丸亀,2,1,橋本久和,B1,33.04,1,◎,52.5142,,0,83.1,0.1848,4.0154,,,0,低,146,0,-,1355,0,74.1,0.8984,0.4483,,,,,0.219,0.219,0.2052,△,,C,△,,,0.6265,,0.3121,S,89,0,◎1着固定 2-3着流し（5〜8点）,0.5777,"{'is_target': True, 'verdict': '参加推奨', 'max_combo_prob': 0.0615, 'est_top_odds': 21.7, 'circle_concentration': 66.8, 'eligible_count': 6, 'bet_adj': 2, 'reason': 'rel_win1=52.5%（本命度） / 最有力組み合わせ確率: 0.062（推定実オッズ?22倍） / 2着集中度: 上位2艇 66.8%（補正+0.00） / 総合判定確率: 0.062 / → ヒモ分散。1号艇1着固定で広めのヒモ流し推奨（買い目+2点）', 'tenji_trigger': '展示確認: ヒモ分散レース。1号艇伸び確認後、広めのヒモ流しを採用。穴ヒモ（5・6号艇）を積極的に含める。\n展示で1号艇スタート遅め(0.185秒)確認→ヒモが荒れやすい'}",,,33.3,逃げ狙い,23.74,38.4,5,4-5-1|4-5-6|1-2-4|1-3-4|1-2-3|4-1-3|1-3-2,2-1-3|3-1-5|3-1-2|3-2-1|3-5-1|4-5-1|4-5-6|1-2-4|1-3-4|1-2-3|4-1-3|1-3-2,4-5-1:1.43%|4-5-6:1.4%|1-2-4:7.88%|1-3-4:7.58%|1-2-3:5.72%|4-1-3:5.62%|1-3-2:5.47%,4-5-1:B_main|4-5-6:B_main|1-2-4:A|1-3-4:A|1-2-3:A|4-1-3:B_sc|1-3-2:A,7,12,0.4535,1,[!]見送り推奨（主役決まり手「まくり」― 逃げ劣勢レースで的中実績なし）,荒れ広め,D
2026-03-04,丸亀,2,2,池本輝明,B1,23.21,2,,6.9524,38.1,91,54.9,0.1894,4.2887,,,0,低,168,0,-,5 46,0,77.6,0.529,,,,,,0.0286,0.1429,0.2857,,,E,○,,0.3144,0.629,,0.3121,S,89,0,◎1着固定 2-3着流し（5〜8点）,0.5777,"{'is_target': True, 'verdict': '参加推奨', 'max_combo_prob': 0.0615, 'est_top_odds': 21.7, 'circle_concentration': 66.8, 'eligible_count': 6, 'bet_adj': 2, 'reason': 'rel_win1=52.5%（本命度） / 最有力組み合わせ確率: 0.062（推定実オッズ?22倍） / 2着集中度: 上位2艇 66.8%（補正+0.00） / 総合判定確率: 0.062 / → ヒモ分散。1号艇1着固定で広めのヒモ流し推奨（買い目+2点）', 'tenji_trigger': '展示確認: ヒモ分散レース。1号艇伸び確認後、広めのヒモ流しを採用。穴ヒモ（5・6号艇）を積極的に含める。\n展示で1号艇スタート遅め(0.185秒)確認→ヒモが荒れやすい'}",,,33.3,逃げ狙い,23.74,38.4,5,,,,,,,,,,,
2026-03-04,丸亀,2,3,乃村康友,B1,32.14,3,△,11.9921,28.8,78,48.2,0.1461,3.4196,,,0,低,118,0,差ま0% 抜0%,3 65,0,57.6,1.0148,0,0,0,0.0417,0.0417,0.0421,0.0211,0.2553,,○,C,△,,0.4899,0.6065,,0.3121,S,89,0,◎1着固定 2-3着流し（5〜8点）,0.5777,"{'is_target': True, 'verdict': '参加推奨', 'max_combo_prob': 0.0615, 'est_top_odds': 21.7, 'circle_concentration': 66.8, 'eligible_count': 6, 'bet_adj': 2, 'reason': 'rel_win1=52.5%（本命度） / 最有力組み合わせ確率: 0.062（推定実オッズ?22倍） / 2着集中度: 上位2艇 66.8%（補正+0.00） / 総合判定確率: 0.062 / → ヒモ分散。1号艇1着固定で広めのヒモ流し推奨（買い目+2点）', 'tenji_trigger': '展示確認: ヒモ分散レース。1号艇伸び確認後、広めのヒモ流しを採用。穴ヒモ（5・6号艇）を積極的に含める。\n展示で1号艇スタート遅め(0.185秒)確認→ヒモが荒れやすい'}",,,33.3,逃げ狙い,23.74,38.4,5,,,,,,,,,,,
2026-03-04,丸亀,2,4,丹下　将,A2,33.64,4,○,17.9551,22.2,100,61.3,0.1497,2.8871,,,0,低,115,0,-,1 24,0,67.8,1.0398,0,0,0.1923,0.1154,0,0.0588,0.2067,0.1445,,◎,B,◎,◎,0.5055,0.66,0.4688,0.3121,S,89,0,◎1着固定 2-3着流し（5〜8点）,0.5777,"{'is_target': True, 'verdict': '参加推奨', 'max_combo_prob': 0.0615, 'est_top_odds': 21.7, 'circle_concentration': 66.8, 'eligible_count': 6, 'bet_adj': 2, 'reason': 'rel_win1=52.5%（本命度） / 最有力組み合わせ確率: 0.062（推定実オッズ?22倍） / 2着集中度: 上位2艇 66.8%（補正+0.00） / 総合判定確率: 0.062 / → ヒモ分散。1号艇1着固定で広めのヒモ流し推奨（買い目+2点）', 'tenji_trigger': '展示確認: ヒモ分散レース。1号艇伸び確認後、広めのヒモ流しを採用。穴ヒモ（5・6号艇）を積極的に含める。\n展示で1号艇スタート遅め(0.185秒)確認→ヒモが荒れやすい'}",,,33.3,逃げ狙い,23.74,38.4,5,,,,,,,,,,,
2026-03-04,丸亀,2,5,山本凱立,B2,38.89,5,▲,8.5035,10.3,79,33.3,0.17,3.3333,,,0,低,56,1,ま0%,566,0,27.8,1.15,0,0,0.3333,0,0,,,,,△,B,,,0.4571,0.4725,,0.3121,S,89,0,◎1着固定 2-3着流し（5〜8点）,0.5777,"{'is_target': True, 'verdict': '参加推奨', 'max_combo_prob': 0.0615, 'est_top_odds': 21.7, 'circle_concentration': 66.8, 'eligible_count': 6, 'bet_adj': 2, 'reason': 'rel_win1=52.5%（本命度） / 最有力組み合わせ確率: 0.062（推定実オッズ?22倍） / 2着集中度: 上位2艇 66.8%（補正+0.00） / 総合判定確率: 0.062 / → ヒモ分散。1号艇1着固定で広めのヒモ流し推奨（買い目+2点）', 'tenji_trigger': '展示確認: ヒモ分散レース。1号艇伸び確認後、広めのヒモ流しを採用。穴ヒモ（5・6号艇）を積極的に含める。\n展示で1号艇スタート遅め(0.185秒)確認→ヒモが荒れやすい'}",,,33.3,逃げ狙い,23.74,38.4,5,,,,,,,,,,,
2026-03-04,丸亀,2,6,小川広大,B1,30.51,6,,2.0828,0.7,68,18.2,0.2125,4.9182,,,0,低,185,0,-,463,0,41.5,0.8556,,,,,,0.2545,0.0545,0.2909,,,D,,,0.246,0.5845,,0.3121,S,89,0,◎1着固定 2-3着流し（5〜8点）,0.5777,"{'is_target': True, 'verdict': '参加推奨', 'max_combo_prob': 0.0615, 'est_top_odds': 21.7, 'circle_concentration': 66.8, 'eligible_count': 6, 'bet_adj': 2, 'reason': 'rel_win1=52.5%（本命度） / 最有力組み合わせ確率: 0.062（推定実オッズ?22倍） / 2着集中度: 上位2艇 66.8%（補正+0.00） / 総合判定確率: 0.062 / → ヒモ分散。1号艇1着固定で広めのヒモ流し推奨（買い目+2点）', 'tenji_trigger': '展示確認: ヒモ分散レース。1号艇伸び確認後、広めのヒモ流しを採用。穴ヒモ（5・6号艇）を積極的に含める。\n展示で1号艇スタート遅め(0.185秒)確認→ヒモが荒れやすい'}",,,33.3,逃げ狙い,23.74,38.4,5,,,,,,,,,,,
2026-03-04,丸亀,3,1,大澤大夢,B1,54.63,1,◎,52.2362,,0,89.4,0.1298,2.6809,,,0,低,103,0,逃0%,2 22,0,66.3,0.9525,0.6842,,,,,0.1632,0.1421,0.1211,◎,,A,◎,,,0.644,,0.5679,A,75,0,◎-○軸 3着3〜4艇流し（10〜15点）,0.5777,"{'is_target': True, 'verdict': '参加推奨', 'max_combo_prob': 0.0615, 'est_top_odds': 21.7, 'circle_concentration': 61.8, 'eligible_count': 8, 'bet_adj': 2, 'reason': 'rel_win1=52.2%（本命度） / 最有力組み合わせ確率: 0.062（推定実オッズ?22倍） / 2着集中度: 上位2艇 61.8%（補正+0.00） / 総合判定確率: 0.062 / → ヒモ分散。1号艇1着固定で広めのヒモ流し推奨（買い目+2点）', 'tenji_trigger': '展示確認: ヒモ分散レース。1号艇伸び確認後、広めのヒモ流しを採用。穴ヒモ（5・6号艇）を積極的に含める。\n展示で1号艇スタート超安定(0.130秒)→ヒモ固まり方向に注意'}",,,29.6,逃げ狙い,20.04,30.9,4,,,,,0,0,0.7559,0,,逃げ軸流し,A
2026-03-04,丸亀,3,2,中島真二,B1,23.89,2,,9.1286,24.7,100,45.5,0.1926,4.3106,,,0,低,161,0,差0% ま0%,2 15,0,22.2,0.7676,0,0.069,0.0345,0,0,0.0211,0.4053,0.0421,,,E,△,,0.0634,0.6155,,0.5679,A,75,0,◎-○軸 3着3〜4艇流し（10〜15点）,0.5777,"{'is_target': True, 'verdict': '参加推奨', 'max_combo_prob': 0.0615, 'est_top_odds': 21.7, 'circle_concentration': 61.8, 'eligible_count': 8, 'bet_adj': 2, 'reason': 'rel_win1=52.2%（本命度） / 最有力組み合わせ確率: 0.062（推定実オッズ?22倍） / 2着集中度: 上位2艇 61.8%（補正+0.00） / 総合判定確率: 0.062 / → ヒモ分散。1号艇1着固定で広めのヒモ流し推奨（買い目+2点）', 'tenji_trigger': '展示確認: ヒモ分散レース。1号艇伸び確認後、広めのヒモ流しを採用。穴ヒモ（5・6号艇）を積極的に含める。\n展示で1号艇スタート超安定(0.130秒)→ヒモ固まり方向に注意'}",,,29.6,逃げ狙い,20.04,30.9,4,,,,,,,,,,,
2026-03-04,丸亀,3,3,津留浩一,B1,28.18,3,△,8.2389,37.1,51,48.9,0.1742,3.6778,,,0,低,102,0,差0% 抜0%,6 34,0,31.8,0.8937,0,0.0625,0,0,0.0625,0.1412,0.0471,0.3706,,,D,,,0.1124,0.52,,0.5679,A,75,0,◎-○軸 3着3〜4艇流し（10〜15点）,0.5777,"{'is_target': True, 'verdict': '参加推奨', 'max_combo_prob': 0.0615, 'est_top_odds': 21.7, 'circle_concentration': 61.8, 'eligible_count': 8, 'bet_adj': 2, 'reason': 'rel_win1=52.2%（本命度） / 最有力組み合わせ確率: 0.062（推定実オッズ?22倍） / 2着集中度: 上位2艇 61.8%（補正+0.00） / 総合判定確率: 0.062 / → ヒモ分散。1号艇1着固定で広めのヒモ流し推奨（買い目+2点）', 'tenji_trigger': '展示確認: ヒモ分散レース。1号艇伸び確認後、広めのヒモ流しを採用。穴ヒモ（5・6号艇）を積極的に含める。\n展示で1号艇スタート超安定(0.130秒)→ヒモ固まり方向に注意'}",,,29.6,逃げ狙い,20.04,30.9,4,,,,,,,,,,,
2026-03-04,丸亀,3,4,高田　明,A1,35.45,4,○,20.3749,21.6,68,58.9,0.1462,2.9643,,,0,低,110,0,ま0% 差ま0%,4516,0,91,1.6502,0,0,0.2917,0.125,0,0.0882,0.0588,0.1765,,,B,△,◎,0.3002,0.6095,0.4041,0.5679,A,75,0,◎-○軸 3着3〜4艇流し（10〜15点）,0.5777,"{'is_target': True, 'verdict': '参加推奨', 'max_combo_prob': 0.0615, 'est_top_odds': 21.7, 'circle_concentration': 61.8, 'eligible_count': 8, 'bet_adj': 2, 'reason': 'rel_win1=52.2%（本命度） / 最有力組み合わせ確率: 0.062（推定実オッズ?22倍） / 2着集中度: 上位2艇 61.8%（補正+0.00） / 総合判定確率: 0.062 / → ヒモ分散。1号艇1着固定で広めのヒモ流し推奨（買い目+2点）', 'tenji_trigger': '展示確認: ヒモ分散レース。1号艇伸び確認後、広めのヒモ流しを採用。穴ヒモ（5・6号艇）を積極的に含める。\n展示で1号艇スタート超安定(0.130秒)→ヒモ固まり方向に注意'}",,,29.6,逃げ狙い,20.04,30.9,4,,,,,,,,,,,
2026-03-04,丸亀,3,5,原田朱理,B2,29.91,5,,7.074,13.8,64,,,,,,0,低,21,1,-,6 6S,0,,,,,,,,,,,,,D,,○,0.3036,0.55,0.15,0.5679,A,75,0,◎-○軸 3着3〜4艇流し（10〜15点）,0.5777,"{'is_target': True, 'verdict': '参加推奨', 'max_combo_prob': 0.0615, 'est_top_odds': 21.7, 'circle_concentration': 61.8, 'eligible_count': 8, 'bet_adj': 2, 'reason': 'rel_win1=52.2%（本命度） / 最有力組み合わせ確率: 0.062（推定実オッズ?22倍） / 2着集中度: 上位2艇 61.8%（補正+0.00） / 総合判定確率: 0.062 / → ヒモ分散。1号艇1着固定で広めのヒモ流し推奨（買い目+2点）', 'tenji_trigger': '展示確認: ヒモ分散レース。1号艇伸び確認後、広めのヒモ流しを採用。穴ヒモ（5・6号艇）を積極的に含める。\n展示で1号艇スタート超安定(0.130秒)→ヒモ固まり方向に注意'}",,,29.6,逃げ狙い,20.04,30.9,4,,,,,,,,,,,
2026-03-04,丸亀,3,6,丸尾義孝,A2,34.86,6,▲,2.9475,2.8,83,43.1,0.1757,3.6863,,,0,低,95,0,-,1123,0,26.1,0.6756,,,,,,0.0476,0.2017,0.1403,,,C,○,,0.164,0.6195,,0.5679,A,75,0,◎-○軸 3着3〜4艇流し（10〜15点）,0.5777,"{'is_target': True, 'verdict': '参加推奨', 'max_combo_prob': 0.0615, 'est_top_odds': 21.7, 'circle_concentration': 61.8, 'eligible_count': 8, 'bet_adj': 2, 'reason': 'rel_win1=52.2%（本命度） / 最有力組み合わせ確率: 0.062（推定実オッズ?22倍） / 2着集中度: 上位2艇 61.8%（補正+0.00） / 総合判定確率: 0.062 / → ヒモ分散。1号艇1着固定で広めのヒモ流し推奨（買い目+2点）', 'tenji_trigger': '展示確認: ヒモ分散レース。1号艇伸び確認後、広めのヒモ流しを採用。穴ヒモ（5・6号艇）を積極的に含める。\n展示で1号艇スタート超安定(0.130秒)→ヒモ固まり方向に注意'}",,,29.6,逃げ狙い,20.04,30.9,4,,,,,,,,,,,
2026-03-04,丸亀,4,1,三浦洋次,A2,33.91,1,◎,46.7359,,0,85.9,0.1708,3.3353,,,0,低,148,0,-,2 65,0,86.7,1.13,0.5,,,,,0.1171,0.3947,0.0211,○,,B,△,,,0.6295,,0.3774,A,79,0,◎-○軸 3着3〜4艇流し（10〜15点）,0.5777,"{'is_target': True, 'verdict': '参加推奨', 'max_combo_prob': 0.0706, 'est_top_odds': 18.9, 'circle_concentration': 74.6, 'eligible_count': 8, 'bet_adj': 2, 'reason': 'rel_win1=46.7%（本命度） / 最有力組み合わせ確率: 0.071（推定実オッズ?19倍） / 2着集中度: 上位2艇 74.6%（補正+0.04） / 総合判定確率: 0.111 / → ヒモ分散。1号艇1着固定で広めのヒモ流し推奨（買い目+2点）', 'tenji_trigger': '展示確認: ヒモ分散レース。1号艇伸び確認後、広めのヒモ流しを採用。穴ヒモ（5・6号艇）を積極的に含める。'}",,,36.9,逃げ狙い,22.82,35.2,5,,,,,0,0,0.6155,0,,主役軸流し,B
2026-03-04,丸亀,4,2,中村辰也,A2,27.05,2,▲,12.0315,46.7,73,71,0.1297,3.2258,,,0,低,74,0,-,3241,0,50.7,1.1066,0,0.0435,0.0435,0,0.0435,0.0286,0.0571,0.1571,,◎,C,△,,0.5765,0.647,,0.3774,A,79,0,◎-○軸 3着3〜4艇流し（10〜15点）,0.5777,"{'is_target': True, 'verdict': '参加推奨', 'max_combo_prob': 0.0706, 'est_top_odds': 18.9, 'circle_concentration': 74.6, 'eligible_count': 8, 'bet_adj': 2, 'reason': 'rel_win1=46.7%（本命度） / 最有力組み合わせ確率: 0.071（推定実オッズ?19倍） / 2着集中度: 上位2艇 74.6%（補正+0.04） / 総合判定確率: 0.111 / → ヒモ分散。1号艇1着固定で広めのヒモ流し推奨（買い目+2点）', 'tenji_trigger': '展示確認: ヒモ分散レース。1号艇伸び確認後、広めのヒモ流しを採用。穴ヒモ（5・6号艇）を積極的に含める。'}",,,36.9,逃げ狙い,22.82,35.2,5,,,,,,,,,,,
2026-03-04,丸亀,4,3,久田　武,B1,26.79,3,,10.6567,27.9,100,62,0.1439,3.0986,,,0,低,135,0,-,133,0,49.6,1.189,0,0,0.0357,0.0357,0,0.1571,0.0286,0.1286,,△,D,,,0.463,0.5955,,0.3774,A,79,0,◎-○軸 3着3〜4艇流し（10〜15点）,0.5777,"{'is_target': True, 'verdict': '参加推奨', 'max_combo_prob': 0.0706, 'est_top_odds': 18.9, 'circle_concentration': 74.6, 'eligible_count': 8, 'bet_adj': 2, 'reason': 'rel_win1=46.7%（本命度） / 最有力組み合わせ確率: 0.071（推定実オッズ?19倍） / 2着集中度: 上位2艇 74.6%（補正+0.04） / 総合判定確率: 0.111 / → ヒモ分散。1号艇1着固定で広めのヒモ流し推奨（買い目+2点）', 'tenji_trigger': '展示確認: ヒモ分散レース。1号艇伸び確認後、広めのヒモ流しを採用。穴ヒモ（5・6号艇）を積極的に含める。'}",,,36.9,逃げ狙い,22.82,35.2,5,,,,,,,,,,,
2026-03-04,丸亀,4,4,大橋純一,A2,33.64,4,○,13.3761,18.5,61,60,0.1587,3.4455,,,0,低,90,0,ま0% 差ま0%,2514,0,77.1,1.3836,0,0,0.0833,0.0833,0,0.125,0.1125,0.05,,,B,○,○,0.4113,0.681,0.2887,0.3774,A,79,0,◎-○軸 3着3〜4艇流し（10〜15点）,0.5777,"{'is_target': True, 'verdict': '参加推奨', 'max_combo_prob': 0.0706, 'est_top_odds': 18.9, 'circle_concentration': 74.6, 'eligible_count': 8, 'bet_adj': 2, 'reason': 'rel_win1=46.7%（本命度） / 最有力組み合わせ確率: 0.071（推定実オッズ?19倍） / 2着集中度: 上位2艇 74.6%（補正+0.04） / 総合判定確率: 0.111 / → ヒモ分散。1号艇1着固定で広めのヒモ流し推奨（買い目+2点）', 'tenji_trigger': '展示確認: ヒモ分散レース。1号艇伸び確認後、広めのヒモ流しを採用。穴ヒモ（5・6号艇）を積極的に含める。'}",,,36.9,逃げ狙い,22.82,35.2,5,,,,,,,,,,,
2026-03-04,丸亀,4,5,石丸海渡,A1,25.86,5,△,15.6851,6.6,87,63.6,0.1036,2.3485,,,0,低,26,0,差ま0%,3321,0,49.8,1.056,0,0,0.0588,0.1176,0,0.0792,0.0125,0,,○,D,◎,◎,0.5384,0.687,0.4861,0.3774,A,79,0,◎-○軸 3着3〜4艇流し（10〜15点）,0.5777,"{'is_target': True, 'verdict': '参加推奨', 'max_combo_prob': 0.0706, 'est_top_odds': 18.9, 'circle_concentration': 74.6, 'eligible_count': 8, 'bet_adj': 2, 'reason': 'rel_win1=46.7%（本命度） / 最有力組み合わせ確率: 0.071（推定実オッズ?19倍） / 2着集中度: 上位2艇 74.6%（補正+0.04） / 総合判定確率: 0.111 / → ヒモ分散。1号艇1着固定で広めのヒモ流し推奨（買い目+2点）', 'tenji_trigger': '展示確認: ヒモ分散レース。1号艇伸び確認後、広めのヒモ流しを採用。穴ヒモ（5・6号艇）を積極的に含める。'}",,,36.9,逃げ狙い,22.82,35.2,5,,,,,,,,,,,
2026-03-04,丸亀,4,6,阪本勇介,B1,25.66,6,,1.5147,0.3,61,20,0.2,4.6769,,,0,低,196,0,-,646,0,28.5,0.8928,,,,,,0.0714,0.1629,0.2629,,,E,,,0.2772,0.5885,,0.3774,A,79,0,◎-○軸 3着3〜4艇流し（10〜15点）,0.5777,"{'is_target': True, 'verdict': '参加推奨', 'max_combo_prob': 0.0706, 'est_top_odds': 18.9, 'circle_concentration': 74.6, 'eligible_count': 8, 'bet_adj': 2, 'reason': 'rel_win1=46.7%（本命度） / 最有力組み合わせ確率: 0.071（推定実オッズ?19倍） / 2着集中度: 上位2艇 74.6%（補正+0.04） / 総合判定確率: 0.111 / → ヒモ分散。1号艇1着固定で広めのヒモ流し推奨（買い目+2点）', 'tenji_trigger': '展示確認: ヒモ分散レース。1号艇伸び確認後、広めのヒモ流しを採用。穴ヒモ（5・6号艇）を積極的に含める。'}",,,36.9,逃げ狙い,22.82,35.2,5,,,,,,,,,,,
2026-03-04,丸亀,5,1,森野正弘,A2,31.78,1,◎,57.6252,,0,92.4,0.1367,2.8481,,,0,低,55,0,-,2252,0,100,1.4946,0.7714,,,,,0.0857,0.0286,0.0857,◎,,C,◎,,,0.667,,0.6821,S,89,0,◎1着固定 2-3着流し（5〜8点）,0.5777,"{'is_target': True, 'verdict': '点数絞り', 'max_combo_prob': 0.0952, 'est_top_odds': 14.0, 'circle_concentration': 73.3, 'eligible_count': 6, 'bet_adj': 0, 'reason': 'rel_win1=57.6%（本命度） / 最有力組み合わせ確率: 0.095（推定実オッズ?14倍） / 2着集中度: 上位2艇 73.3%（補正+0.04） / 総合判定確率: 0.135 / → ヒモはやや固め。上位2艇以外を切ること', 'tenji_trigger': '展示確認: 1号艇伸び良→そのまま採用。悪→飛び組に差し替え。circle_pct上位2艇に絞り込むこと。\n展示で1号艇スタート超安定(0.137秒)→ヒモ固まり方向に注意'}",,,25.4,逃げ狙い,12.89,25,2,,,,,0,0,0.7559,0,,逃げ軸流し,A
2026-03-04,丸亀,5,2,森安弘雅,B1,37.27,2,○,11.5957,52.6,83,67.2,0.1793,4.0448,,,0,低,178,0,抜0%,3225,0,71.2,1.5114,0,0.0938,0.0312,0,0.0312,0.0167,0.1833,0.2,,,B,△,,0.0688,0.6065,,0.6821,S,89,0,◎1着固定 2-3着流し（5〜8点）,0.5777,"{'is_target': True, 'verdict': '点数絞り', 'max_combo_prob': 0.0952, 'est_top_odds': 14.0, 'circle_concentration': 73.3, 'eligible_count': 6, 'bet_adj': 0, 'reason': 'rel_win1=57.6%（本命度） / 最有力組み合わせ確率: 0.095（推定実オッズ?14倍） / 2着集中度: 上位2艇 73.3%（補正+0.04） / 総合判定確率: 0.135 / → ヒモはやや固め。上位2艇以外を切ること', 'tenji_trigger': '展示確認: 1号艇伸び良→そのまま採用。悪→飛び組に差し替え。circle_pct上位2艇に絞り込むこと。\n展示で1号艇スタート超安定(0.137秒)→ヒモ固まり方向に注意'}",,,25.4,逃げ狙い,12.89,25,2,,,,,,,,,,,
2026-03-04,丸亀,5,3,米玉利大,B1,48.18,3,▲,11.4324,20.8,100,33.3,0.23,3.8333,,,0,低,58,1,-,5 36,0,17.4,0.8104,,,,,,0,0.6667,0,,,A,,,0.1364,0.5175,,0.6821,S,89,0,◎1着固定 2-3着流し（5〜8点）,0.5777,"{'is_target': True, 'verdict': '点数絞り', 'max_combo_prob': 0.0952, 'est_top_odds': 14.0, 'circle_concentration': 73.3, 'eligible_count': 6, 'bet_adj': 0, 'reason': 'rel_win1=57.6%（本命度） / 最有力組み合わせ確率: 0.095（推定実オッズ?14倍） / 2着集中度: 上位2艇 73.3%（補正+0.04） / 総合判定確率: 0.135 / → ヒモはやや固め。上位2艇以外を切ること', 'tenji_trigger': '展示確認: 1号艇伸び良→そのまま採用。悪→飛び組に差し替え。circle_pct上位2艇に絞り込むこと。\n展示で1号艇スタート超安定(0.137秒)→ヒモ固まり方向に注意'}",,,25.4,逃げ狙い,12.89,25,2,,,,,,,,,,,
2026-03-04,丸亀,5,4,島川海輝,A2,25.22,4,△,10.9681,14.9,80,44.7,0.1623,3.4574,,,0,低,76,0,ま0% 差ま0%,5 42,0,52.4,1.0864,0,0,0.1053,0.0526,0,0.0296,0.1296,0.1593,,,D,○,◎,0.2038,0.663,0.4132,0.6821,S,89,0,◎1着固定 2-3着流し（5〜8点）,0.5777,"{'is_target': True, 'verdict': '点数絞り', 'max_combo_prob': 0.0952, 'est_top_odds': 14.0, 'circle_concentration': 73.3, 'eligible_count': 6, 'bet_adj': 0, 'reason': 'rel_win1=57.6%（本命度） / 最有力組み合わせ確率: 0.095（推定実オッズ?14倍） / 2着集中度: 上位2艇 73.3%（補正+0.04） / 総合判定確率: 0.135 / → ヒモはやや固め。上位2艇以外を切ること', 'tenji_trigger': '展示確認: 1号艇伸び良→そのまま採用。悪→飛び組に差し替え。circle_pct上位2艇に絞り込むこと。\n展示で1号艇スタート超安定(0.137秒)→ヒモ固まり方向に注意'}",,,25.4,逃げ狙い,12.89,25,2,,,,,,,,,,,
2026-03-04,丸亀,5,5,西島義則,A1,19.82,5,,6.3492,9.5,85,100,0.215,5.25,,,0,低,49,1,-,2411,0,100,2.5307,,,,,,0.2106,0.1985,0.0606,,,E,,,0.1358,0.5995,,0.6821,S,89,0,◎1着固定 2-3着流し（5〜8点）,0.5777,"{'is_target': True, 'verdict': '点数絞り', 'max_combo_prob': 0.0952, 'est_top_odds': 14.0, 'circle_concentration': 73.3, 'eligible_count': 6, 'bet_adj': 0, 'reason': 'rel_win1=57.6%（本命度） / 最有力組み合わせ確率: 0.095（推定実オッズ?14倍） / 2着集中度: 上位2艇 73.3%（補正+0.04） / 総合判定確率: 0.135 / → ヒモはやや固め。上位2艇以外を切ること', 'tenji_trigger': '展示確認: 1号艇伸び良→そのまま採用。悪→飛び組に差し替え。circle_pct上位2艇に絞り込むこと。\n展示で1号艇スタート超安定(0.137秒)→ヒモ固まり方向に注意'}",,,25.4,逃げ狙い,12.89,25,2,,,,,,,,,,,
2026-03-04,丸亀,5,6,山崎昂介,B1,34.82,6,,2.0294,2.3,53,18.5,0.1981,4.5741,,,0,低,138,0,-,463,0,39.2,0.8903,,,,,,0.0444,0.0667,0.2844,,,C,△,,0.135,0.64,,0.6821,S,89,0,◎1着固定 2-3着流し（5〜8点）,0.5777,"{'is_target': True, 'verdict': '点数絞り', 'max_combo_prob': 0.0952, 'est_top_odds': 14.0, 'circle_concentration': 73.3, 'eligible_count': 6, 'bet_adj': 0, 'reason': 'rel_win1=57.6%（本命度） / 最有力組み合わせ確率: 0.095（推定実オッズ?14倍） / 2着集中度: 上位2艇 73.3%（補正+0.04） / 総合判定確率: 0.135 / → ヒモはやや固め。上位2艇以外を切ること', 'tenji_trigger': '展示確認: 1号艇伸び良→そのまま採用。悪→飛び組に差し替え。circle_pct上位2艇に絞り込むこと。\n展示で1号艇スタート超安定(0.137秒)→ヒモ固まり方向に注意'}",,,25.4,逃げ狙い,12.89,25,2,,,,,,,,,,,
2026-03-04,丸亀,6,1,庄司樹良,A2,21.50,1,◎,55.0804,,0,78.6,0.1705,3.4464,,,0,低,89,0,逃1%,343,0,78.5,1.0243,0.5517,,,,,0.0414,0.219,0.0138,○,,E,○,,,0.6125,,0.3633,A,65,0,◎-○軸 3着3〜4艇流し（10〜15点）,0.5777,"{'is_target': True, 'verdict': '参加推奨', 'max_combo_prob': 0.1062, 'est_top_odds': 12.6, 'circle_concentration': 68.3, 'eligible_count': 8, 'bet_adj': 2, 'reason': 'rel_win1=55.1%（本命度） / 最有力組み合わせ確率: 0.106（推定実オッズ?13倍） / 2着集中度: 上位2艇 68.3%（補正+0.00） / 総合判定確率: 0.106 / → ヒモ分散。1号艇1着固定で広めのヒモ流し推奨（買い目+2点）', 'tenji_trigger': '展示確認: ヒモ分散レース。1号艇伸び確認後、広めのヒモ流しを採用。穴ヒモ（5・6号艇）を積極的に含める。'}",,,26.8,逃げ狙い,13.08,28.9,3,,,,,0,0,0.6155,0,,逃げ軸流し,A
2026-03-04,丸亀,6,2,嶋田貴支,B1,25.69,2,△,13.5321,16.4,100,47.6,0.1687,3.881,,,0,低,134,0,-,561,0,58,1.0453,0,0.037,0.0741,0,0,0.0174,0.0522,0.1174,,○,D,△,,0.3357,0.6045,,0.3633,A,65,0,◎-○軸 3着3〜4艇流し（10〜15点）,0.5777,"{'is_target': True, 'verdict': '参加推奨', 'max_combo_prob': 0.1062, 'est_top_odds': 12.6, 'circle_concentration': 68.3, 'eligible_count': 8, 'bet_adj': 2, 'reason': 'rel_win1=55.1%（本命度） / 最有力組み合わせ確率: 0.106（推定実オッズ?13倍） / 2着集中度: 上位2艇 68.3%（補正+0.00） / 総合判定確率: 0.106 / → ヒモ分散。1号艇1着固定で広めのヒモ流し推奨（買い目+2点）', 'tenji_trigger': '展示確認: ヒモ分散レース。1号艇伸び確認後、広めのヒモ流しを採用。穴ヒモ（5・6号艇）を積極的に含める。'}",,,26.8,逃げ狙い,13.08,28.9,3,,,,,,,,,,,
2026-03-04,丸亀,6,3,倉尾大介,A2,37.61,3,○,17.3654,51.8,74,69.4,0.1369,2.6735,,,0,低,96,0,差0% ま0% 抜0%,433,0,76.3,1.4327,0,0.0417,0.0417,0,0.0417,0.2141,0.0471,0.1906,,◎,B,,,0.4758,0.577,,0.3633,A,65,0,◎-○軸 3着3〜4艇流し（10〜15点）,0.5777,"{'is_target': True, 'verdict': '参加推奨', 'max_combo_prob': 0.1062, 'est_top_odds': 12.6, 'circle_concentration': 68.3, 'eligible_count': 8, 'bet_adj': 2, 'reason': 'rel_win1=55.1%（本命度） / 最有力組み合わせ確率: 0.106（推定実オッズ?13倍） / 2着集中度: 上位2艇 68.3%（補正+0.00） / 総合判定確率: 0.106 / → ヒモ分散。1号艇1着固定で広めのヒモ流し推奨（買い目+2点）', 'tenji_trigger': '展示確認: ヒモ分散レース。1号艇伸び確認後、広めのヒモ流しを採用。穴ヒモ（5・6号艇）を積極的に含める。'}",,,26.8,逃げ狙い,13.08,28.9,3,,,,,,,,,,,
2026-03-04,丸亀,6,4,小川広大,B1,30.51,4,,3.9094,16.3,41,23.9,0.202,4.2887,,,0,低,185,0,-,463,0,85.9,0.2721,,,,,,0.2545,0.0545,0.2909,,,C,△,,0.2237,0.5845,,0.3633,A,65,0,◎-○軸 3着3〜4艇流し（10〜15点）,0.5777,"{'is_target': True, 'verdict': '参加推奨', 'max_combo_prob': 0.1062, 'est_top_odds': 12.6, 'circle_concentration': 68.3, 'eligible_count': 8, 'bet_adj': 2, 'reason': 'rel_win1=55.1%（本命度） / 最有力組み合わせ確率: 0.106（推定実オッズ?13倍） / 2着集中度: 上位2艇 68.3%（補正+0.00） / 総合判定確率: 0.106 / → ヒモ分散。1号艇1着固定で広めのヒモ流し推奨（買い目+2点）', 'tenji_trigger': '展示確認: ヒモ分散レース。1号艇伸び確認後、広めのヒモ流しを採用。穴ヒモ（5・6号艇）を積極的に含める。'}",,,26.8,逃げ狙い,13.08,28.9,3,,,,,,,,,,,
2026-03-04,丸亀,6,5,中岡　駿,B2,27.78,5,,6.7834,10.5,64,0,0.2075,4.0625,,,0,低,40,1,-,6 42,0,38.1,0.7643,,,,,,,,,,,D,,,0.2251,0.482,,0.3633,A,65,0,◎-○軸 3着3〜4艇流し（10〜15点）,0.5777,"{'is_target': True, 'verdict': '参加推奨', 'max_combo_prob': 0.1062, 'est_top_odds': 12.6, 'circle_concentration': 68.3, 'eligible_count': 8, 'bet_adj': 2, 'reason': 'rel_win1=55.1%（本命度） / 最有力組み合わせ確率: 0.106（推定実オッズ?13倍） / 2着集中度: 上位2艇 68.3%（補正+0.00） / 総合判定確率: 0.106 / → ヒモ分散。1号艇1着固定で広めのヒモ流し推奨（買い目+2点）', 'tenji_trigger': '展示確認: ヒモ分散レース。1号艇伸び確認後、広めのヒモ流しを採用。穴ヒモ（5・6号艇）を積極的に含める。'}",,,26.8,逃げ狙い,13.08,28.9,3,,,,,,,,,,,
2026-03-04,丸亀,6,6,福島勇樹,A1,37.82,6,▲,3.3294,4.9,64,40.5,0.1743,3.6071,,,0,低,60,0,ま0%,1212,0,28.8,1.5725,0,0,0.0556,0,0,0.1,0.0333,0.0667,,,B,◎,,0.3085,0.6195,,0.3633,A,65,0,◎-○軸 3着3〜4艇流し（10〜15点）,0.5777,"{'is_target': True, 'verdict': '参加推奨', 'max_combo_prob': 0.1062, 'est_top_odds': 12.6, 'circle_concentration': 68.3, 'eligible_count': 8, 'bet_adj': 2, 'reason': 'rel_win1=55.1%（本命度） / 最有力組み合わせ確率: 0.106（推定実オッズ?13倍） / 2着集中度: 上位2艇 68.3%（補正+0.00） / 総合判定確率: 0.106 / → ヒモ分散。1号艇1着固定で広めのヒモ流し推奨（買い目+2点）', 'tenji_trigger': '展示確認: ヒモ分散レース。1号艇伸び確認後、広めのヒモ流しを採用。穴ヒモ（5・6号艇）を積極的に含める。'}",,,26.8,逃げ狙い,13.08,28.9,3,,,,,,,,,,,
2026-03-04,丸亀,7,1,小野信樹,B1,29.03,1,◎,51.4952,,0,64.7,0.178,3.7941,,,0,低,119,0,-,144,0,100,1.4685,0.5,,,,,0.1533,0.3067,0.1867,△,,D,○,,,0.676,,0.3236,B,49,0,◎○△フォーメーション（15〜20点）,0.5777,"{'is_target': True, 'verdict': '参加推奨', 'max_combo_prob': 0.0551, 'est_top_odds': 24.2, 'circle_concentration': 60.2, 'eligible_count': 9, 'bet_adj': 2, 'reason': 'rel_win1=51.5%（本命度） / 最有力組み合わせ確率: 0.055（推定実オッズ?24倍） / 2着集中度: 上位2艇 60.2%（補正+0.00） / 総合判定確率: 0.055 / → ヒモ分散。1号艇1着固定で広めのヒモ流し推奨（買い目+2点）', 'tenji_trigger': '展示確認: ヒモ分散レース。1号艇伸び確認後、広めのヒモ流しを採用。穴ヒモ（5・6号艇）を積極的に含める。'}",,,29.7,両建て推奨,13.94,36.3,3,4-5-6|1-3-4|1-4-3|1-3-6|1-4-6|1-2-4,2-1-3|3-1-6|4-5-6|3-2-6|3-5-6|3-1-5|2-1-6|1-3-4|1-4-3|1-3-6|1-4-6|1-2-4,4-5-6:1.94%|1-3-4:5.96%|1-4-3:5.29%|1-3-6:4.49%|1-4-6:4.46%|1-2-4:4.34%,4-5-6:B_main|1-3-4:A|1-4-3:A|1-3-6:A|1-4-6:A|1-2-4:A,6,12,0.4535,1,[!]見送り推奨（主役決まり手「まくり」― 逃げ劣勢レースで的中実績なし）,荒れ広め,D
2026-03-04,丸亀,7,2,渥美卓郎,B1,56.88,2,△,10.6293,21.2,100,47.7,0.1903,3.9077,,,0,低,188,0,差0%,5 24,0,24.6,0.7981,0,0.0417,0,0,0,0.25,0.02,0.25,,,A,△,,0.2078,0.615,,0.3236,B,49,0,◎○△フォーメーション（15〜20点）,0.5777,"{'is_target': True, 'verdict': '参加推奨', 'max_combo_prob': 0.0551, 'est_top_odds': 24.2, 'circle_concentration': 60.2, 'eligible_count': 9, 'bet_adj': 2, 'reason': 'rel_win1=51.5%（本命度） / 最有力組み合わせ確率: 0.055（推定実オッズ?24倍） / 2着集中度: 上位2艇 60.2%（補正+0.00） / 総合判定確率: 0.055 / → ヒモ分散。1号艇1着固定で広めのヒモ流し推奨（買い目+2点）', 'tenji_trigger': '展示確認: ヒモ分散レース。1号艇伸び確認後、広めのヒモ流しを採用。穴ヒモ（5・6号艇）を積極的に含める。'}",,,29.7,両建て推奨,13.94,36.3,3,,,,,,,,,,,
2026-03-04,丸亀,7,3,大田直弥,A2,19.61,3,,11.7853,29.4,66,51.9,0.1555,3.5519,,,0,低,182,0,-,4551,0,70.9,1.6079,0,0.0588,0.0294,0,0,0.2685,0.3139,0.0148,,○,E,,,0.4368,0.604,,0.3236,B,49,0,◎○△フォーメーション（15〜20点）,0.5777,"{'is_target': True, 'verdict': '参加推奨', 'max_combo_prob': 0.0551, 'est_top_odds': 24.2, 'circle_concentration': 60.2, 'eligible_count': 9, 'bet_adj': 2, 'reason': 'rel_win1=51.5%（本命度） / 最有力組み合わせ確率: 0.055（推定実オッズ?24倍） / 2着集中度: 上位2艇 60.2%（補正+0.00） / 総合判定確率: 0.055 / → ヒモ分散。1号艇1着固定で広めのヒモ流し推奨（買い目+2点）', 'tenji_trigger': '展示確認: ヒモ分散レース。1号艇伸び確認後、広めのヒモ流しを採用。穴ヒモ（5・6号艇）を積極的に含める。'}",,,29.7,両建て推奨,13.94,36.3,3,,,,,,,,,,,
2026-03-04,丸亀,7,4,吉永則雄,A1,36.21,4,○,11.5761,30.8,64,57.1,0.1533,3.1984,,,0,低,112,0,-,3133,0,22,0.6019,0,0,0.0714,0.0357,0,0.0896,0.0635,0.1184,,◎,C,◎,◎,0.4379,0.696,0.3483,0.3236,B,49,0,◎○△フォーメーション（15〜20点）,0.5777,"{'is_target': True, 'verdict': '参加推奨', 'max_combo_prob': 0.0551, 'est_top_odds': 24.2, 'circle_concentration': 60.2, 'eligible_count': 9, 'bet_adj': 2, 'reason': 'rel_win1=51.5%（本命度） / 最有力組み合わせ確率: 0.055（推定実オッズ?24倍） / 2着集中度: 上位2艇 60.2%（補正+0.00） / 総合判定確率: 0.055 / → ヒモ分散。1号艇1着固定で広めのヒモ流し推奨（買い目+2点）', 'tenji_trigger': '展示確認: ヒモ分散レース。1号艇伸び確認後、広めのヒモ流しを採用。穴ヒモ（5・6号艇）を積極的に含める。'}",,,29.7,両建て推奨,13.94,36.3,3,,,,,,,,,,,
2026-03-04,丸亀,7,5,近藤来希,B2,33.96,5,,5.4328,6.6,52,18.2,0.1773,3.8182,,,0,低,51,1,-,545,0,28.1,0.6812,,,,,,,,,,,D,,,0.3604,0.512,,0.3236,B,49,0,◎○△フォーメーション（15〜20点）,0.5777,"{'is_target': True, 'verdict': '参加推奨', 'max_combo_prob': 0.0551, 'est_top_odds': 24.2, 'circle_concentration': 60.2, 'eligible_count': 9, 'bet_adj': 2, 'reason': 'rel_win1=51.5%（本命度） / 最有力組み合わせ確率: 0.055（推定実オッズ?24倍） / 2着集中度: 上位2艇 60.2%（補正+0.00） / 総合判定確率: 0.055 / → ヒモ分散。1号艇1着固定で広めのヒモ流し推奨（買い目+2点）', 'tenji_trigger': '展示確認: ヒモ分散レース。1号艇伸び確認後、広めのヒモ流しを採用。穴ヒモ（5・6号艇）を積極的に含める。'}",,,29.7,両建て推奨,13.94,36.3,3,,,,,,,,,,,
2026-03-04,丸亀,7,6,吉川貴仁,A1,41.67,6,▲,9.0814,12,70,59.5,0.169,3.8214,,,0,低,76,0,差ま1%,1113,0,24.4,0.6489,0,0,0,0.1176,0.1176,0.087,0,0.0435,,,B,△,,0.3752,0.6045,,0.3236,B,49,0,◎○△フォーメーション（15〜20点）,0.5777,"{'is_target': True, 'verdict': '参加推奨', 'max_combo_prob': 0.0551, 'est_top_odds': 24.2, 'circle_concentration': 60.2, 'eligible_count': 9, 'bet_adj': 2, 'reason': 'rel_win1=51.5%（本命度） / 最有力組み合わせ確率: 0.055（推定実オッズ?24倍） / 2着集中度: 上位2艇 60.2%（補正+0.00） / 総合判定確率: 0.055 / → ヒモ分散。1号艇1着固定で広めのヒモ流し推奨（買い目+2点）', 'tenji_trigger': '展示確認: ヒモ分散レース。1号艇伸び確認後、広めのヒモ流しを採用。穴ヒモ（5・6号艇）を積極的に含める。'}",,,29.7,両建て推奨,13.94,36.3,3,,,,,,,,,,,
2026-03-04,丸亀,8,1,百武　翔,A2,24.53,1,◎,65.832,,0,84.8,0.1346,2.8228,,,0,低,161,0,-,335,0,100,3.8276,0.5556,,,,,0.0556,0.3778,0.0222,◎,,D,,,,0.573,,0.5683,A,73,0,◎-○軸 3着3〜4艇流し（10〜15点）,0.5777,"{'is_target': True, 'verdict': '点数絞り', 'max_combo_prob': 0.1376, 'est_top_odds': 9.7, 'circle_concentration': 77.5, 'eligible_count': 8, 'bet_adj': 0, 'reason': 'rel_win1=65.8%（本命度） / 最有力組み合わせ確率: 0.138（推定実オッズ?10倍） / 2着集中度: 上位2艇 77.5%（補正+0.04） / 総合判定確率: 0.178 / → ヒモはやや固め。上位2艇以外を切ること', 'tenji_trigger': '展示確認: 1号艇伸び良→そのまま採用。悪→飛び組に差し替え。circle_pct上位2艇に絞り込むこと。\n展示で1号艇スタート超安定(0.135秒)→ヒモ固まり方向に注意'}",,,29,逃げ狙い,15.92,32.6,2,,,,,0,0,0.7559,0,,逃げ軸流し,A
2026-03-04,丸亀,8,2,松井賢治,A2,23.47,2,,14.0126,51.4,75,68.7,0.1496,3.512,,,0,低,122,0,差0% ま0%,5144,0,51.4,1.1183,0,0.1351,0.0541,0,0,0.1401,0.0465,0.1215,,,D,◎,,0.1866,0.6985,,0.5683,A,73,0,◎-○軸 3着3〜4艇流し（10〜15点）,0.5777,"{'is_target': True, 'verdict': '点数絞り', 'max_combo_prob': 0.1376, 'est_top_odds': 9.7, 'circle_concentration': 77.5, 'eligible_count': 8, 'bet_adj': 0, 'reason': 'rel_win1=65.8%（本命度） / 最有力組み合わせ確率: 0.138（推定実オッズ?10倍） / 2着集中度: 上位2艇 77.5%（補正+0.04） / 総合判定確率: 0.178 / → ヒモはやや固め。上位2艇以外を切ること', 'tenji_trigger': '展示確認: 1号艇伸び良→そのまま採用。悪→飛び組に差し替え。circle_pct上位2艇に絞り込むこと。\n展示で1号艇スタート超安定(0.135秒)→ヒモ固まり方向に注意'}",,,29,逃げ狙い,15.92,32.6,2,,,,,,,,,,,
2026-03-04,丸亀,8,3,阪本勇介,B1,25.66,3,,5.9337,26.1,100,44.9,0.1844,3.9551,,,0,低,196,0,-,646,0,25,0.7977,,,,,,0.0714,0.1629,0.2629,,,C,△,,0.1722,0.5885,,0.5683,A,73,0,◎-○軸 3着3〜4艇流し（10〜15点）,0.5777,"{'is_target': True, 'verdict': '点数絞り', 'max_combo_prob': 0.1376, 'est_top_odds': 9.7, 'circle_concentration': 77.5, 'eligible_count': 8, 'bet_adj': 0, 'reason': 'rel_win1=65.8%（本命度） / 最有力組み合わせ確率: 0.138（推定実オッズ?10倍） / 2着集中度: 上位2艇 77.5%（補正+0.04） / 総合判定確率: 0.178 / → ヒモはやや固め。上位2艇以外を切ること', 'tenji_trigger': '展示確認: 1号艇伸び良→そのまま採用。悪→飛び組に差し替え。circle_pct上位2艇に絞り込むこと。\n展示で1号艇スタート超安定(0.135秒)→ヒモ固まり方向に注意'}",,,29,逃げ狙い,15.92,32.6,2,,,,,,,,,,,
2026-03-04,丸亀,8,4,鈴木孝明,A2,25.66,4,▲,9.9762,14.3,84,53.7,0.163,3.3056,,,0,低,105,0,ま0%,244,0,67.6,1.39,0,0,0.12,0,0.04,0.0857,0.419,0,,,C,○,◎,0.2546,0.6205,0.3509,0.5683,A,73,0,◎-○軸 3着3〜4艇流し（10〜15点）,0.5777,"{'is_target': True, 'verdict': '点数絞り', 'max_combo_prob': 0.1376, 'est_top_odds': 9.7, 'circle_concentration': 77.5, 'eligible_count': 8, 'bet_adj': 0, 'reason': 'rel_win1=65.8%（本命度） / 最有力組み合わせ確率: 0.138（推定実オッズ?10倍） / 2着集中度: 上位2艇 77.5%（補正+0.04） / 総合判定確率: 0.178 / → ヒモはやや固め。上位2艇以外を切ること', 'tenji_trigger': '展示確認: 1号艇伸び良→そのまま採用。悪→飛び組に差し替え。circle_pct上位2艇に絞り込むこと。\n展示で1号艇スタート超安定(0.135秒)→ヒモ固まり方向に注意'}",,,29,逃げ狙い,15.92,32.6,2,,,,,,,,,,,
2026-03-04,丸亀,8,5,伊達正利,B1,28.18,5,○,2.9376,7.8,48,17.6,0.1775,3.8603,,,0,低,160,0,-,661,0,32.6,0.7321,,,,,,0.0455,0.0455,0.0455,,,C,△,,0.2304,0.6165,,0.5683,A,73,0,◎-○軸 3着3〜4艇流し（10〜15点）,0.5777,"{'is_target': True, 'verdict': '点数絞り', 'max_combo_prob': 0.1376, 'est_top_odds': 9.7, 'circle_concentration': 77.5, 'eligible_count': 8, 'bet_adj': 0, 'reason': 'rel_win1=65.8%（本命度） / 最有力組み合わせ確率: 0.138（推定実オッズ?10倍） / 2着集中度: 上位2艇 77.5%（補正+0.04） / 総合判定確率: 0.178 / → ヒモはやや固め。上位2艇以外を切ること', 'tenji_trigger': '展示確認: 1号艇伸び良→そのまま採用。悪→飛び組に差し替え。circle_pct上位2艇に絞り込むこと。\n展示で1号艇スタート超安定(0.135秒)→ヒモ固まり方向に注意'}",,,29,逃げ狙い,15.92,32.6,2,,,,,,,,,,,
2026-03-04,丸亀,8,6,山本凱立,B2,38.89,6,△,1.3079,0.4,14,0,0.2046,4.37,,,0,低,56,0,-,566,0,24.7,0.5972,,,,,,,,,,,A,,,0.1917,0.4725,,0.5683,A,73,0,◎-○軸 3着3〜4艇流し（10〜15点）,0.5777,"{'is_target': True, 'verdict': '点数絞り', 'max_combo_prob': 0.1376, 'est_top_odds': 9.7, 'circle_concentration': 77.5, 'eligible_count': 8, 'bet_adj': 0, 'reason': 'rel_win1=65.8%（本命度） / 最有力組み合わせ確率: 0.138（推定実オッズ?10倍） / 2着集中度: 上位2艇 77.5%（補正+0.04） / 総合判定確率: 0.178 / → ヒモはやや固め。上位2艇以外を切ること', 'tenji_trigger': '展示確認: 1号艇伸び良→そのまま採用。悪→飛び組に差し替え。circle_pct上位2艇に絞り込むこと。\n展示で1号艇スタート超安定(0.135秒)→ヒモ固まり方向に注意'}",,,29,逃げ狙い,15.92,32.6,2,,,,,,,,,,,
2026-03-04,丸亀,9,1,丸尾義孝,A2,34.86,1,◎,56.008,,0,90.4,0.1273,2.3253,,,0,低,95,0,逃1%,1123,0,73.5,0.9737,0.5238,,,,,0.0476,0.2017,0.1403,◎,,B,△,,,0.6195,,0.6498,A,75,0,◎-○軸 3着3〜4艇流し（10〜15点）,0.5777,"{'is_target': True, 'verdict': '参加推奨', 'max_combo_prob': 0.0593, 'est_top_odds': 22.5, 'circle_concentration': 56.8, 'eligible_count': 8, 'bet_adj': 2, 'reason': 'rel_win1=56.0%（本命度） / 最有力組み合わせ確率: 0.059（推定実オッズ?22倍） / 2着集中度: 上位2艇 56.8%（補正+0.00） / 総合判定確率: 0.059 / → ヒモ分散。1号艇1着固定で広めのヒモ流し推奨（買い目+2点）', 'tenji_trigger': '展示確認: ヒモ分散レース。1号艇伸び確認後、広めのヒモ流しを採用。穴ヒモ（5・6号艇）を積極的に含める。\n展示で1号艇スタート超安定(0.127秒)→ヒモ固まり方向に注意'}",,,30.3,逃げ狙い,24.49,29.1,3,,,,,0,0,0.7559,0,,逃げ軸流し,A
2026-03-04,丸亀,9,2,西島義則,A1,19.82,2,,10.5382,20.1,91,57.9,0.1566,3.4737,,,0,低,49,0,差0% ま0%,2411,0,30.5,0.9402,0,0.0769,0.0769,0,0,0.2106,0.1985,0.0606,,,E,,,0.0748,0.5995,,0.6498,A,75,0,◎-○軸 3着3〜4艇流し（10〜15点）,0.5777,"{'is_target': True, 'verdict': '参加推奨', 'max_combo_prob': 0.0593, 'est_top_odds': 22.5, 'circle_concentration': 56.8, 'eligible_count': 8, 'bet_adj': 2, 'reason': 'rel_win1=56.0%（本命度） / 最有力組み合わせ確率: 0.059（推定実オッズ?22倍） / 2着集中度: 上位2艇 56.8%（補正+0.00） / 総合判定確率: 0.059 / → ヒモ分散。1号艇1着固定で広めのヒモ流し推奨（買い目+2点）', 'tenji_trigger': '展示確認: ヒモ分散レース。1号艇伸び確認後、広めのヒモ流しを採用。穴ヒモ（5・6号艇）を積極的に含める。\n展示で1号艇スタート超安定(0.127秒)→ヒモ固まり方向に注意'}",,,30.3,逃げ狙い,24.49,29.1,3,,,,,,,,,,,
2026-03-04,丸亀,9,3,大橋純一,A2,33.64,3,○,15.5283,36,72,71.7,0.1463,2.8,,,0,低,90,0,差0% ま0% 差ま0%,2514,0,70.4,1.411,0,0.04,0.04,0.16,0,0.125,0.1125,0.05,,,B,◎,,0.2404,0.681,,0.6498,A,75,0,◎-○軸 3着3〜4艇流し（10〜15点）,0.5777,"{'is_target': True, 'verdict': '参加推奨', 'max_combo_prob': 0.0593, 'est_top_odds': 22.5, 'circle_concentration': 56.8, 'eligible_count': 8, 'bet_adj': 2, 'reason': 'rel_win1=56.0%（本命度） / 最有力組み合わせ確率: 0.059（推定実オッズ?22倍） / 2着集中度: 上位2艇 56.8%（補正+0.00） / 総合判定確率: 0.059 / → ヒモ分散。1号艇1着固定で広めのヒモ流し推奨（買い目+2点）', 'tenji_trigger': '展示確認: ヒモ分散レース。1号艇伸び確認後、広めのヒモ流しを採用。穴ヒモ（5・6号艇）を積極的に含める。\n展示で1号艇スタート超安定(0.127秒)→ヒモ固まり方向に注意'}",,,30.3,逃げ狙い,24.49,29.1,3,,,,,,,,,,,
2026-03-04,丸亀,9,4,久田　武,B1,26.79,4,,6.1741,18.8,81,55.2,0.1553,3,,,0,低,135,0,-,133,0,47,0.9879,0,0,0,0,0.0476,0.1571,0.0286,0.1286,,,D,,○,0.231,0.5955,0.3338,0.6498,A,75,0,◎-○軸 3着3〜4艇流し（10〜15点）,0.5777,"{'is_target': True, 'verdict': '参加推奨', 'max_combo_prob': 0.0593, 'est_top_odds': 22.5, 'circle_concentration': 56.8, 'eligible_count': 8, 'bet_adj': 2, 'reason': 'rel_win1=56.0%（本命度） / 最有力組み合わせ確率: 0.059（推定実オッズ?22倍） / 2着集中度: 上位2艇 56.8%（補正+0.00） / 総合判定確率: 0.059 / → ヒモ分散。1号艇1着固定で広めのヒモ流し推奨（買い目+2点）', 'tenji_trigger': '展示確認: ヒモ分散レース。1号艇伸び確認後、広めのヒモ流しを採用。穴ヒモ（5・6号艇）を積極的に含める。\n展示で1号艇スタート超安定(0.127秒)→ヒモ固まり方向に注意'}",,,30.3,逃げ狙い,24.49,29.1,3,,,,,,,,,,,
2026-03-04,丸亀,9,5,森野正弘,A2,31.78,5,▲,10.7723,20.8,100,62.7,0.1488,2.7255,,,0,低,55,0,-,2252,0,84.3,1.3988,0,0.0455,0,0.1364,0,0.0857,0.0286,0.0857,,,C,○,◎,0.2623,0.667,0.4724,0.6498,A,75,0,◎-○軸 3着3〜4艇流し（10〜15点）,0.5777,"{'is_target': True, 'verdict': '参加推奨', 'max_combo_prob': 0.0593, 'est_top_odds': 22.5, 'circle_concentration': 56.8, 'eligible_count': 8, 'bet_adj': 2, 'reason': 'rel_win1=56.0%（本命度） / 最有力組み合わせ確率: 0.059（推定実オッズ?22倍） / 2着集中度: 上位2艇 56.8%（補正+0.00） / 総合判定確率: 0.059 / → ヒモ分散。1号艇1着固定で広めのヒモ流し推奨（買い目+2点）', 'tenji_trigger': '展示確認: ヒモ分散レース。1号艇伸び確認後、広めのヒモ流しを採用。穴ヒモ（5・6号艇）を積極的に含める。\n展示で1号艇スタート超安定(0.127秒)→ヒモ固まり方向に注意'}",,,30.3,逃げ狙い,24.49,29.1,3,,,,,,,,,,,
2026-03-04,丸亀,9,6,橋本久和,B1,33.04,6,△,0.9791,4.3,68,29.7,0.2059,4.4865,,,0,低,146,0,-,1355,0,39.1,1.2042,,,,,,0.219,0.219,0.2052,,,C,△,,0.1664,0.6265,,0.6498,A,75,0,◎-○軸 3着3〜4艇流し（10〜15点）,0.5777,"{'is_target': True, 'verdict': '参加推奨', 'max_combo_prob': 0.0593, 'est_top_odds': 22.5, 'circle_concentration': 56.8, 'eligible_count': 8, 'bet_adj': 2, 'reason': 'rel_win1=56.0%（本命度） / 最有力組み合わせ確率: 0.059（推定実オッズ?22倍） / 2着集中度: 上位2艇 56.8%（補正+0.00） / 総合判定確率: 0.059 / → ヒモ分散。1号艇1着固定で広めのヒモ流し推奨（買い目+2点）', 'tenji_trigger': '展示確認: ヒモ分散レース。1号艇伸び確認後、広めのヒモ流しを採用。穴ヒモ（5・6号艇）を積極的に含める。\n展示で1号艇スタート超安定(0.127秒)→ヒモ固まり方向に注意'}",,,30.3,逃げ狙い,24.49,29.1,3,,,,,,,,,,,
2026-03-04,丸亀,10,1,福島勇樹,A1,37.82,1,◎,65.336,,0,90.7,0.1116,2.0867,,,0,低,60,0,逃1%,1212,0,96.6,1.3425,0.7333,,,,,0.1,0.0333,0.0667,◎,,B,△,,,0.6195,,0.7274,S,92,0,◎1着固定 2-3着流し（5〜8点）,0.5777,"{'is_target': True, 'verdict': '点数絞り', 'max_combo_prob': 0.1096, 'est_top_odds': 12.2, 'circle_concentration': 79.3, 'eligible_count': 6, 'bet_adj': 0, 'reason': 'rel_win1=65.3%（本命度） / 最有力組み合わせ確率: 0.110（推定実オッズ?12倍） / 2着集中度: 上位2艇 79.3%（補正+0.04） / 総合判定確率: 0.150 / → ヒモはやや固め。上位2艇以外を切ること', 'tenji_trigger': '展示確認: 1号艇伸び良→そのまま採用。悪→飛び組に差し替え。circle_pct上位2艇に絞り込むこと。\n展示で1号艇スタート超安定(0.112秒)→ヒモ固まり方向に注意'}",,,27.3,逃げ狙い,18.68,25.4,3,,,,,0,0,0.7559,0,,逃げ軸流し,A
2026-03-04,丸亀,10,2,石丸海渡,A1,25.86,2,△,10.2838,51.3,92,83.3,0.1231,2.2083,,,0,低,26,0,-,3321,0,46.5,0.7617,0,0.1053,0,0,0,0.0792,0.0125,0,,,D,◎,,0.2086,0.687,,0.7274,S,92,0,◎1着固定 2-3着流し（5〜8点）,0.5777,"{'is_target': True, 'verdict': '点数絞り', 'max_combo_prob': 0.1096, 'est_top_odds': 12.2, 'circle_concentration': 79.3, 'eligible_count': 6, 'bet_adj': 0, 'reason': 'rel_win1=65.3%（本命度） / 最有力組み合わせ確率: 0.110（推定実オッズ?12倍） / 2着集中度: 上位2艇 79.3%（補正+0.04） / 総合判定確率: 0.150 / → ヒモはやや固め。上位2艇以外を切ること', 'tenji_trigger': '展示確認: 1号艇伸び良→そのまま採用。悪→飛び組に差し替え。circle_pct上位2艇に絞り込むこと。\n展示で1号艇スタート超安定(0.112秒)→ヒモ固まり方向に注意'}",,,27.3,逃げ狙い,18.68,25.4,3,,,,,,,,,,,
2026-03-04,丸亀,10,3,丹下　将,A2,33.64,3,○,13.1956,27.9,100,67.7,0.1529,3.3077,,,0,低,115,0,-,1 24,0,33.8,0.9162,0,0,0.1515,0.0303,0,0.0588,0.2067,0.1445,,,C,△,,0.1353,0.66,,0.7274,S,92,0,◎1着固定 2-3着流し（5〜8点）,0.5777,"{'is_target': True, 'verdict': '点数絞り', 'max_combo_prob': 0.1096, 'est_top_odds': 12.2, 'circle_concentration': 79.3, 'eligible_count': 6, 'bet_adj': 0, 'reason': 'rel_win1=65.3%（本命度） / 最有力組み合わせ確率: 0.110（推定実オッズ?12倍） / 2着集中度: 上位2艇 79.3%（補正+0.04） / 総合判定確率: 0.150 / → ヒモはやや固め。上位2艇以外を切ること', 'tenji_trigger': '展示確認: 1号艇伸び良→そのまま採用。悪→飛び組に差し替え。circle_pct上位2艇に絞り込むこと。\n展示で1号艇スタート超安定(0.112秒)→ヒモ固まり方向に注意'}",,,27.3,逃げ狙い,18.68,25.4,3,,,,,,,,,,,
2026-03-04,丸亀,10,4,森安弘雅,B1,37.27,4,▲,6.3737,11.7,99,48.4,0.1778,4,,,0,低,178,0,差0%,3225,0,41.7,0.9651,0,0.0345,0,0,0,0.0167,0.1833,0.2,,,B,,,0.1026,0.6065,,0.7274,S,92,0,◎1着固定 2-3着流し（5〜8点）,0.5777,"{'is_target': True, 'verdict': '点数絞り', 'max_combo_prob': 0.1096, 'est_top_odds': 12.2, 'circle_concentration': 79.3, 'eligible_count': 6, 'bet_adj': 0, 'reason': 'rel_win1=65.3%（本命度） / 最有力組み合わせ確率: 0.110（推定実オッズ?12倍） / 2着集中度: 上位2艇 79.3%（補正+0.04） / 総合判定確率: 0.150 / → ヒモはやや固め。上位2艇以外を切ること', 'tenji_trigger': '展示確認: 1号艇伸び良→そのまま採用。悪→飛び組に差し替え。circle_pct上位2艇に絞り込むこと。\n展示で1号艇スタート超安定(0.112秒)→ヒモ固まり方向に注意'}",,,27.3,逃げ狙い,18.68,25.4,3,,,,,,,,,,,
2026-03-04,丸亀,10,5,中島真二,B1,23.89,5,,3.884,7.9,79,36.2,0.1875,3.9565,,,0,低,161,0,-,2 15,0,28,1.0331,,,,,,0.0211,0.4053,0.0421,,,E,,,0.1391,0.6155,,0.7274,S,92,0,◎1着固定 2-3着流し（5〜8点）,0.5777,"{'is_target': True, 'verdict': '点数絞り', 'max_combo_prob': 0.1096, 'est_top_odds': 12.2, 'circle_concentration': 79.3, 'eligible_count': 6, 'bet_adj': 0, 'reason': 'rel_win1=65.3%（本命度） / 最有力組み合わせ確率: 0.110（推定実オッズ?12倍） / 2着集中度: 上位2艇 79.3%（補正+0.04） / 総合判定確率: 0.150 / → ヒモはやや固め。上位2艇以外を切ること', 'tenji_trigger': '展示確認: 1号艇伸び良→そのまま採用。悪→飛び組に差し替え。circle_pct上位2艇に絞り込むこと。\n展示で1号艇スタート超安定(0.112秒)→ヒモ固まり方向に注意'}",,,27.3,逃げ狙い,18.68,25.4,3,,,,,,,,,,,
2026-03-04,丸亀,10,6,小野信樹,B1,29.03,6,,0.927,1.1,28,2.4,0.1707,4.0595,,,0,低,119,0,-,144,0,22.9,0.6394,,,,,,0.1533,0.3067,0.1867,,,D,○,,0.135,0.676,,0.7274,S,92,0,◎1着固定 2-3着流し（5〜8点）,0.5777,"{'is_target': True, 'verdict': '点数絞り', 'max_combo_prob': 0.1096, 'est_top_odds': 12.2, 'circle_concentration': 79.3, 'eligible_count': 6, 'bet_adj': 0, 'reason': 'rel_win1=65.3%（本命度） / 最有力組み合わせ確率: 0.110（推定実オッズ?12倍） / 2着集中度: 上位2艇 79.3%（補正+0.04） / 総合判定確率: 0.150 / → ヒモはやや固め。上位2艇以外を切ること', 'tenji_trigger': '展示確認: 1号艇伸び良→そのまま採用。悪→飛び組に差し替え。circle_pct上位2艇に絞り込むこと。\n展示で1号艇スタート超安定(0.112秒)→ヒモ固まり方向に注意'}",,,27.3,逃げ狙い,18.68,25.4,3,,,,,,,,,,,
2026-03-04,丸亀,11,1,吉川貴仁,A1,41.67,1,◎,67.4724,,0,96.7,0.1311,2.3689,,,0,低,76,0,逃1%,1113,0,72.3,1.0663,0.7826,,,,,0.087,0,0.0435,◎,,C,,,,0.6045,,0.6993,S,86,0,◎1着固定 2-3着流し（5〜8点）,0.5777,"{'is_target': True, 'verdict': '参加推奨', 'max_combo_prob': 0.0815, 'est_top_odds': 16.4, 'circle_concentration': 68.2, 'eligible_count': 6, 'bet_adj': 2, 'reason': 'rel_win1=67.5%（本命度） / 最有力組み合わせ確率: 0.082（推定実オッズ?16倍） / 2着集中度: 上位2艇 68.2%（補正+0.00） / 総合判定確率: 0.082 / → ヒモ分散。1号艇1着固定で広めのヒモ流し推奨（買い目+2点）', 'tenji_trigger': '展示確認: ヒモ分散レース。1号艇伸び確認後、広めのヒモ流しを採用。穴ヒモ（5・6号艇）を積極的に含める。\n展示で1号艇スタート超安定(0.131秒)→ヒモ固まり方向に注意'}",,,26.5,逃げ狙い,17.24,24.5,5,,,,,0,0,0.7559,0,,逃げ軸流し,A
2026-03-04,丸亀,11,2,大澤大夢,B1,54.63,2,○,9.018,28.7,76,53,0.1477,3.2121,,,0,低,103,0,-,2 22,0,60.6,0.6847,0,0,0.037,0,0.037,0.1632,0.1421,0.1211,,,A,△,,0.1376,0.644,,0.6993,S,86,0,◎1着固定 2-3着流し（5〜8点）,0.5777,"{'is_target': True, 'verdict': '参加推奨', 'max_combo_prob': 0.0815, 'est_top_odds': 16.4, 'circle_concentration': 68.2, 'eligible_count': 6, 'bet_adj': 2, 'reason': 'rel_win1=67.5%（本命度） / 最有力組み合わせ確率: 0.082（推定実オッズ?16倍） / 2着集中度: 上位2艇 68.2%（補正+0.00） / 総合判定確率: 0.082 / → ヒモ分散。1号艇1着固定で広めのヒモ流し推奨（買い目+2点）', 'tenji_trigger': '展示確認: ヒモ分散レース。1号艇伸び確認後、広めのヒモ流しを採用。穴ヒモ（5・6号艇）を積極的に含める。\n展示で1号艇スタート超安定(0.131秒)→ヒモ固まり方向に注意'}",,,26.5,逃げ狙い,17.24,24.5,5,,,,,,,,,,,
2026-03-04,丸亀,11,3,吉永則雄,A1,36.21,3,△,8.5959,39.5,74,65.7,0.1614,3.3286,,,0,低,112,0,差0%,3133,0,29.7,0.7444,0,0.0312,0.0312,0,0,0.0896,0.0635,0.1184,,,D,◎,,0.1321,0.696,,0.6993,S,86,0,◎1着固定 2-3着流し（5〜8点）,0.5777,"{'is_target': True, 'verdict': '参加推奨', 'max_combo_prob': 0.0815, 'est_top_odds': 16.4, 'circle_concentration': 68.2, 'eligible_count': 6, 'bet_adj': 2, 'reason': 'rel_win1=67.5%（本命度） / 最有力組み合わせ確率: 0.082（推定実オッズ?16倍） / 2着集中度: 上位2艇 68.2%（補正+0.00） / 総合判定確率: 0.082 / → ヒモ分散。1号艇1着固定で広めのヒモ流し推奨（買い目+2点）', 'tenji_trigger': '展示確認: ヒモ分散レース。1号艇伸び確認後、広めのヒモ流しを採用。穴ヒモ（5・6号艇）を積極的に含める。\n展示で1号艇スタート超安定(0.131秒)→ヒモ固まり方向に注意'}",,,26.5,逃げ狙い,17.24,24.5,5,,,,,,,,,,,
2026-03-04,丸亀,11,4,常盤海心,B1,49.56,4,▲,3.5547,13.7,79,39.5,0.2026,4.2442,,,0,低,136,0,-,2 32,0,16.9,0.573,,,,,,0.0667,0.6,0.2667,,,B,,,0.1388,0.592,,0.6993,S,86,0,◎1着固定 2-3着流し（5〜8点）,0.5777,"{'is_target': True, 'verdict': '参加推奨', 'max_combo_prob': 0.0815, 'est_top_odds': 16.4, 'circle_concentration': 68.2, 'eligible_count': 6, 'bet_adj': 2, 'reason': 'rel_win1=67.5%（本命度） / 最有力組み合わせ確率: 0.082（推定実オッズ?16倍） / 2着集中度: 上位2艇 68.2%（補正+0.00） / 総合判定確率: 0.082 / → ヒモ分散。1号艇1着固定で広めのヒモ流し推奨（買い目+2点）', 'tenji_trigger': '展示確認: ヒモ分散レース。1号艇伸び確認後、広めのヒモ流しを採用。穴ヒモ（5・6号艇）を積極的に含める。\n展示で1号艇スタート超安定(0.131秒)→ヒモ固まり方向に注意'}",,,26.5,逃げ狙い,17.24,24.5,5,,,,,,,,,,,
2026-03-04,丸亀,11,5,高田　明,A1,35.45,5,,9.76,13.7,100,67.3,0.1673,3.449,,,0,低,110,0,ま0% 差ま0%,4516,0,99,1.9431,0,0,0.0909,0.1818,0,0.0882,0.0588,0.1765,,,D,△,◎,0.206,0.6095,0.4173,0.6993,S,86,0,◎1着固定 2-3着流し（5〜8点）,0.5777,"{'is_target': True, 'verdict': '参加推奨', 'max_combo_prob': 0.0815, 'est_top_odds': 16.4, 'circle_concentration': 68.2, 'eligible_count': 6, 'bet_adj': 2, 'reason': 'rel_win1=67.5%（本命度） / 最有力組み合わせ確率: 0.082（推定実オッズ?16倍） / 2着集中度: 上位2艇 68.2%（補正+0.00） / 総合判定確率: 0.082 / → ヒモ分散。1号艇1着固定で広めのヒモ流し推奨（買い目+2点）', 'tenji_trigger': '展示確認: ヒモ分散レース。1号艇伸び確認後、広めのヒモ流しを採用。穴ヒモ（5・6号艇）を積極的に含める。\n展示で1号艇スタート超安定(0.131秒)→ヒモ固まり方向に注意'}",,,26.5,逃げ狙い,17.24,24.5,5,,,,,,,,,,,
2026-03-04,丸亀,11,6,中村辰也,A2,27.05,6,,1.599,4.4,72,32,0.157,3.34,,,0,低,74,0,差ま0%,3241,0,28.8,1.3047,0,0,0,0.05,0,0.0286,0.0571,0.1571,,,E,○,,0.1992,0.647,,0.6993,S,86,0,◎1着固定 2-3着流し（5〜8点）,0.5777,"{'is_target': True, 'verdict': '参加推奨', 'max_combo_prob': 0.0815, 'est_top_odds': 16.4, 'circle_concentration': 68.2, 'eligible_count': 6, 'bet_adj': 2, 'reason': 'rel_win1=67.5%（本命度） / 最有力組み合わせ確率: 0.082（推定実オッズ?16倍） / 2着集中度: 上位2艇 68.2%（補正+0.00） / 総合判定確率: 0.082 / → ヒモ分散。1号艇1着固定で広めのヒモ流し推奨（買い目+2点）', 'tenji_trigger': '展示確認: ヒモ分散レース。1号艇伸び確認後、広めのヒモ流しを採用。穴ヒモ（5・6号艇）を積極的に含める。\n展示で1号艇スタート超安定(0.131秒)→ヒモ固まり方向に注意'}",,,26.5,逃げ狙い,17.24,24.5,5,,,,,,,,,,,
2026-03-04,丸亀,12,1,鈴木孝明,A2,25.66,1,◎,60.837,,0,84.6,0.1608,3.3333,,,0,低,105,0,-,244,0,100,2.8166,0.4762,,,,,0.0857,0.419,0,○,,C,△,,,0.6205,,0.436,S,81,0,◎1着固定 2-3着流し（5〜8点）,0.5777,"{'is_target': True, 'verdict': '点数絞り', 'max_combo_prob': 0.1054, 'est_top_odds': 12.7, 'circle_concentration': 73.9, 'eligible_count': 6, 'bet_adj': 0, 'reason': 'rel_win1=60.8%（本命度） / 最有力組み合わせ確率: 0.105（推定実オッズ?13倍） / 2着集中度: 上位2艇 73.9%（補正+0.04） / 総合判定確率: 0.145 / → ヒモはやや固め。上位2艇以外を切ること', 'tenji_trigger': '展示確認: 1号艇伸び良→そのまま採用。悪→飛び組に差し替え。circle_pct上位2艇に絞り込むこと。'}",,,29,逃げ狙い,13.63,34.6,2,,,,,0,0,0.6155,0,,主役軸流し,B
2026-03-04,丸亀,12,2,倉尾大介,A2,37.61,2,○,12.692,51.8,53,70.6,0.148,2.9608,,,0,低,96,0,差0% ま0%,433,0,49.5,1.1295,0,0.1071,0.0357,0,0,0.2141,0.0471,0.1906,,◎,A,,,0.4627,0.577,,0.436,S,81,0,◎1着固定 2-3着流し（5〜8点）,0.5777,"{'is_target': True, 'verdict': '点数絞り', 'max_combo_prob': 0.1054, 'est_top_odds': 12.7, 'circle_concentration': 73.9, 'eligible_count': 6, 'bet_adj': 0, 'reason': 'rel_win1=60.8%（本命度） / 最有力組み合わせ確率: 0.105（推定実オッズ?13倍） / 2着集中度: 上位2艇 73.9%（補正+0.04） / 総合判定確率: 0.145 / → ヒモはやや固め。上位2艇以外を切ること', 'tenji_trigger': '展示確認: 1号艇伸び良→そのまま採用。悪→飛び組に差し替え。circle_pct上位2艇に絞り込むこと。'}",,,29,逃げ狙い,13.63,34.6,2,,,,,,,,,,,
2026-03-04,丸亀,12,3,島川海輝,A2,25.22,3,△,10.2297,22.1,100,59.2,0.1512,3.0102,,,0,低,76,0,ま0% 差ま0% 抜0%,5 42,0,42,1.0906,0,0,0.087,0.0435,0.0435,0.0296,0.1296,0.1593,,○,D,◎,,0.3863,0.663,,0.436,S,81,0,◎1着固定 2-3着流し（5〜8点）,0.5777,"{'is_target': True, 'verdict': '点数絞り', 'max_combo_prob': 0.1054, 'est_top_odds': 12.7, 'circle_concentration': 73.9, 'eligible_count': 6, 'bet_adj': 0, 'reason': 'rel_win1=60.8%（本命度） / 最有力組み合わせ確率: 0.105（推定実オッズ?13倍） / 2着集中度: 上位2艇 73.9%（補正+0.04） / 総合判定確率: 0.145 / → ヒモはやや固め。上位2艇以外を切ること', 'tenji_trigger': '展示確認: 1号艇伸び良→そのまま採用。悪→飛び組に差し替え。circle_pct上位2艇に絞り込むこと。'}",,,29,逃げ狙い,13.63,34.6,2,,,,,,,,,,,
2026-03-04,丸亀,12,4,三浦洋次,A2,33.91,4,▲,9.852,10.5,87,54.5,0.1745,3.4545,,,0,低,148,0,-,2 65,0,29.2,0.7611,0,0,0.069,0.0345,0.0345,0.1171,0.3947,0.0211,,,B,○,◎,0.3034,0.6295,0.3029,0.436,S,81,0,◎1着固定 2-3着流し（5〜8点）,0.5777,"{'is_target': True, 'verdict': '点数絞り', 'max_combo_prob': 0.1054, 'est_top_odds': 12.7, 'circle_concentration': 73.9, 'eligible_count': 6, 'bet_adj': 0, 'reason': 'rel_win1=60.8%（本命度） / 最有力組み合わせ確率: 0.105（推定実オッズ?13倍） / 2着集中度: 上位2艇 73.9%（補正+0.04） / 総合判定確率: 0.145 / → ヒモはやや固め。上位2艇以外を切ること', 'tenji_trigger': '展示確認: 1号艇伸び良→そのまま採用。悪→飛び組に差し替え。circle_pct上位2艇に絞り込むこと。'}",,,29,逃げ狙い,13.63,34.6,2,,,,,,,,,,,
2026-03-04,丸亀,12,5,庄司樹良,A2,21.50,5,,5.3186,15.3,65,47.6,0.1486,2.8492,,,0,低,89,0,-,343,0,97.6,1.9388,0,0,0,0.0323,0,0.0414,0.219,0.0138,,,E,△,,0.382,0.6125,,0.436,S,81,0,◎1着固定 2-3着流し（5〜8点）,0.5777,"{'is_target': True, 'verdict': '点数絞り', 'max_combo_prob': 0.1054, 'est_top_odds': 12.7, 'circle_concentration': 73.9, 'eligible_count': 6, 'bet_adj': 0, 'reason': 'rel_win1=60.8%（本命度） / 最有力組み合わせ確率: 0.105（推定実オッズ?13倍） / 2着集中度: 上位2艇 73.9%（補正+0.04） / 総合判定確率: 0.145 / → ヒモはやや固め。上位2艇以外を切ること', 'tenji_trigger': '展示確認: 1号艇伸び良→そのまま採用。悪→飛び組に差し替え。circle_pct上位2艇に絞り込むこと。'}",,,29,逃げ狙い,13.63,34.6,2,,,,,,,,,,,
2026-03-04,丸亀,12,6,百武　翔,A2,24.53,6,,1.0708,0.3,47,25.4,0.2163,5.0317,,,0,低,161,0,-,335,0,28.5,0.8481,,,,,,0.0556,0.3778,0.0222,,,D,,,0.2018,0.573,,0.436,S,81,0,◎1着固定 2-3着流し（5〜8点）,0.5777,"{'is_target': True, 'verdict': '点数絞り', 'max_combo_prob': 0.1054, 'est_top_odds': 12.7, 'circle_concentration': 73.9, 'eligible_count': 6, 'bet_adj': 0, 'reason': 'rel_win1=60.8%（本命度） / 最有力組み合わせ確率: 0.105（推定実オッズ?13倍） / 2着集中度: 上位2艇 73.9%（補正+0.04） / 総合判定確率: 0.145 / → ヒモはやや固め。上位2艇以外を切ること', 'tenji_trigger': '展示確認: 1号艇伸び良→そのまま採用。悪→飛び組に差し替え。circle_pct上位2艇に絞り込むこと。'}",,,29,逃げ狙い,13.63,34.6,2,,,,,,,,,,,
2026-03-05,丸亀,1,1,小川広大,B1,30.51,1,◎,59.1791,,0,65.4,0.1373,2.8077,,,0,低,185,0,逃0%,463 56,0,100,2.2969,0.4091,,,,,0.2545,0.0545,0.2909,◎,,B,△,,,0.5845,,0.5234,B,58,0,◎○△フォーメーション（15〜20点）,0.5777,"{'is_target': True, 'verdict': '点数絞り', 'max_combo_prob': 0.0942, 'est_top_odds': 14.2, 'circle_concentration': 73.4, 'eligible_count': 9, 'bet_adj': 0, 'reason': 'rel_win1=59.2%（本命度） / 最有力組み合わせ確率: 0.094（推定実オッズ?14倍） / 2着集中度: 上位2艇 73.4%（補正+0.04） / 総合判定確率: 0.134 / → ヒモはやや固め。上位2艇以外を切ること', 'tenji_trigger': '展示確認: 1号艇伸び良→そのまま採用。悪→飛び組に差し替え。circle_pct上位2艇に絞り込むこと。\n展示で1号艇スタート超安定(0.137秒)→ヒモ固まり方向に注意'}",,,29,両建て推奨,13.49,34.7,3,,,,,0,0,0.7559,0,,逃げ軸流し,A
2026-03-05,丸亀,1,2,松下知幸,B1,28.32,2,▲,10.4049,42.3,100,48,0.1509,3.1753,,,0,低,152,0,差0%,,0,48,1.1024,0,0.0909,0.0303,0,0,0.2152,0.1581,0.1962,,,B,△,,0.2203,0.5965,,0.5234,B,58,0,◎○△フォーメーション（15〜20点）,0.5777,"{'is_target': True, 'verdict': '点数絞り', 'max_combo_prob': 0.0942, 'est_top_odds': 14.2, 'circle_concentration': 73.4, 'eligible_count': 9, 'bet_adj': 0, 'reason': 'rel_win1=59.2%（本命度） / 最有力組み合わせ確率: 0.094（推定実オッズ?14倍） / 2着集中度: 上位2艇 73.4%（補正+0.04） / 総合判定確率: 0.134 / → ヒモはやや固め。上位2艇以外を切ること', 'tenji_trigger': '展示確認: 1号艇伸び良→そのまま採用。悪→飛び組に差し替え。circle_pct上位2艇に絞り込むこと。\n展示で1号艇スタート超安定(0.137秒)→ヒモ固まり方向に注意'}",,,29,両建て推奨,13.49,34.7,3,,,,,,,,,,,
2026-03-05,丸亀,1,3,谷口知優,B1,30.51,3,○,17.2483,31.1,72,50,0.1627,3.2955,,,0,低,83,0,差0% ま0% 差ま0%,,0,92.5,1.0042,0,0.125,0.0417,0.0833,0,0,0.3481,0.1039,,,B,○,,0.1996,0.6165,,0.5234,B,58,0,◎○△フォーメーション（15〜20点）,0.5777,"{'is_target': True, 'verdict': '点数絞り', 'max_combo_prob': 0.0942, 'est_top_odds': 14.2, 'circle_concentration': 73.4, 'eligible_count': 9, 'bet_adj': 0, 'reason': 'rel_win1=59.2%（本命度） / 最有力組み合わせ確率: 0.094（推定実オッズ?14倍） / 2着集中度: 上位2艇 73.4%（補正+0.04） / 総合判定確率: 0.134 / → ヒモはやや固め。上位2艇以外を切ること', 'tenji_trigger': '展示確認: 1号艇伸び良→そのまま採用。悪→飛び組に差し替え。circle_pct上位2艇に絞り込むこと。\n展示で1号艇スタート超安定(0.137秒)→ヒモ固まり方向に注意'}",,,29,両建て推奨,13.49,34.7,3,,,,,,,,,,,
2026-03-05,丸亀,1,4,池本輝明,B1,23.21,4,△,8.7293,14.3,82,34.4,0.169,3.9262,,,0,低,168,0,-,5 463,0,54.9,1.1983,,,,,,0.0286,0.1429,0.2857,,,D,◎,,0.1955,0.629,,0.5234,B,58,0,◎○△フォーメーション（15〜20点）,0.5777,"{'is_target': True, 'verdict': '点数絞り', 'max_combo_prob': 0.0942, 'est_top_odds': 14.2, 'circle_concentration': 73.4, 'eligible_count': 9, 'bet_adj': 0, 'reason': 'rel_win1=59.2%（本命度） / 最有力組み合わせ確率: 0.094（推定実オッズ?14倍） / 2着集中度: 上位2艇 73.4%（補正+0.04） / 総合判定確率: 0.134 / → ヒモはやや固め。上位2艇以外を切ること', 'tenji_trigger': '展示確認: 1号艇伸び良→そのまま採用。悪→飛び組に差し替え。circle_pct上位2艇に絞り込むこと。\n展示で1号艇スタート超安定(0.137秒)→ヒモ固まり方向に注意'}",,,29,両建て推奨,13.49,34.7,3,,,,,,,,,,,
2026-03-05,丸亀,1,5,有山　望,B1,20.00,5,,3.1232,8.9,46,17.9,0.1796,3.875,,,0,低,45,0,-,5 564,0,29.7,0.6314,,,,,,,,,,,D,,,0.1836,0.4945,,0.5234,B,58,0,◎○△フォーメーション（15〜20点）,0.5777,"{'is_target': True, 'verdict': '点数絞り', 'max_combo_prob': 0.0942, 'est_top_odds': 14.2, 'circle_concentration': 73.4, 'eligible_count': 9, 'bet_adj': 0, 'reason': 'rel_win1=59.2%（本命度） / 最有力組み合わせ確率: 0.094（推定実オッズ?14倍） / 2着集中度: 上位2艇 73.4%（補正+0.04） / 総合判定確率: 0.134 / → ヒモはやや固め。上位2艇以外を切ること', 'tenji_trigger': '展示確認: 1号艇伸び良→そのまま採用。悪→飛び組に差し替え。circle_pct上位2艇に絞り込むこと。\n展示で1号艇スタート超安定(0.137秒)→ヒモ固まり方向に注意'}",,,29,両建て推奨,13.49,34.7,3,,,,,,,,,,,
2026-03-05,丸亀,1,6,中岡　駿,B2,27.78,6,,1.3152,3.4,18,6.2,0.2055,4.3615,,,0,低,40,0,-,6 425,0,37.4,2.0833,,,,,,,,,,,C,,,0.1432,0.482,,0.5234,B,58,0,◎○△フォーメーション（15〜20点）,0.5777,"{'is_target': True, 'verdict': '点数絞り', 'max_combo_prob': 0.0942, 'est_top_odds': 14.2, 'circle_concentration': 73.4, 'eligible_count': 9, 'bet_adj': 0, 'reason': 'rel_win1=59.2%（本命度） / 最有力組み合わせ確率: 0.094（推定実オッズ?14倍） / 2着集中度: 上位2艇 73.4%（補正+0.04） / 総合判定確率: 0.134 / → ヒモはやや固め。上位2艇以外を切ること', 'tenji_trigger': '展示確認: 1号艇伸び良→そのまま採用。悪→飛び組に差し替え。circle_pct上位2艇に絞り込むこと。\n展示で1号艇スタート超安定(0.137秒)→ヒモ固まり方向に注意'}",,,29,両建て推奨,13.49,34.7,3,,,,,,,,,,,
2026-03-05,丸亀,2,1,小野信樹,B1,29.03,1,◎,51.6957,,0,64.7,0.178,3.7941,,,0,低,119,0,-,144 26,0,100,1.4699,0.5,,,,,0.1533,0.3067,0.1867,△,,D,◎,,,0.676,,0.3004,B,54,0,◎○△フォーメーション（15〜20点）,0.5777,"{'is_target': True, 'verdict': '参加推奨', 'max_combo_prob': 0.0984, 'est_top_odds': 13.6, 'circle_concentration': 69.7, 'eligible_count': 9, 'bet_adj': 2, 'reason': 'rel_win1=51.7%（本命度） / 最有力組み合わせ確率: 0.098（推定実オッズ?14倍） / 2着集中度: 上位2艇 69.7%（補正+0.00） / 総合判定確率: 0.098 / → ヒモ分散。1号艇1着固定で広めのヒモ流し推奨（買い目+2点）', 'tenji_trigger': '展示確認: ヒモ分散レース。1号艇伸び確認後、広めのヒモ流しを採用。穴ヒモ（5・6号艇）を積極的に含める。'}",,,28.7,両建て推奨,10.81,36.3,3,3-5-4|3-4-5|1-3-5|1-3-4|3-1-5|3-1-4|1-4-3,5-1-2|3-5-4|3-4-5|5-1-6|5-2-1|2-1-4|2-1-5|1-3-5|1-3-4|3-1-5|3-1-4|1-4-3,3-5-4:2.35%|3-4-5:2.29%|1-3-5:6.89%|1-3-4:6.37%|3-1-5:5.2%|3-1-4:4.67%|1-4-3:3.96%,3-5-4:B_main|3-4-5:B_main|1-3-5:A|1-3-4:A|3-1-5:B_sc|3-1-4:B_sc|1-4-3:A,7,12,0.4535,1,[!]見送り推奨（主役決まり手「まくり」― 逃げ劣勢レースで的中実績なし）,荒れ広め,D
2026-03-05,丸亀,2,2,中島真二,B1,23.89,2,,10.8673,19.6,100,45.5,0.1926,4.3106,,,0,低,161,0,差0% ま0%,2 1554,0,22.2,0.7676,0,0.069,0.0345,0,0,0.0211,0.4053,0.0421,,,E,○,,0.1904,0.6155,,0.3004,B,54,0,◎○△フォーメーション（15〜20点）,0.5777,"{'is_target': True, 'verdict': '参加推奨', 'max_combo_prob': 0.0984, 'est_top_odds': 13.6, 'circle_concentration': 69.7, 'eligible_count': 9, 'bet_adj': 2, 'reason': 'rel_win1=51.7%（本命度） / 最有力組み合わせ確率: 0.098（推定実オッズ?14倍） / 2着集中度: 上位2艇 69.7%（補正+0.00） / 総合判定確率: 0.098 / → ヒモ分散。1号艇1着固定で広めのヒモ流し推奨（買い目+2点）', 'tenji_trigger': '展示確認: ヒモ分散レース。1号艇伸び確認後、広めのヒモ流しを採用。穴ヒモ（5・6号艇）を積極的に含める。'}",,,28.7,両建て推奨,10.81,36.3,3,,,,,,,,,,,
2026-03-05,丸亀,2,3,倉尾大介,A2,37.61,3,○,19.2277,50,79,69.4,0.1369,2.6735,,,0,低,96,0,差0% ま0% 抜0%,433 41,0,64.2,1.4835,0,0.0417,0.0417,0,0.0417,0.2141,0.0471,0.1906,,◎,B,△,,0.4971,0.577,,0.3004,B,54,0,◎○△フォーメーション（15〜20点）,0.5777,"{'is_target': True, 'verdict': '参加推奨', 'max_combo_prob': 0.0984, 'est_top_odds': 13.6, 'circle_concentration': 69.7, 'eligible_count': 9, 'bet_adj': 2, 'reason': 'rel_win1=51.7%（本命度） / 最有力組み合わせ確率: 0.098（推定実オッズ?14倍） / 2着集中度: 上位2艇 69.7%（補正+0.00） / 総合判定確率: 0.098 / → ヒモ分散。1号艇1着固定で広めのヒモ流し推奨（買い目+2点）', 'tenji_trigger': '展示確認: ヒモ分散レース。1号艇伸び確認後、広めのヒモ流しを採用。穴ヒモ（5・6号艇）を積極的に含める。'}",,,28.7,両建て推奨,10.81,36.3,3,,,,,,,,,,,
2026-03-05,丸亀,2,4,百武　翔,A2,24.53,4,△,9.0879,18.9,79,44.3,0.1759,4.2429,,,0,低,161,0,ま0% 差ま0%,335 53,0,42.5,0.9747,0,0,0.0294,0.0294,0,0.0556,0.3778,0.0222,,,D,△,,0.3387,0.573,,0.3004,B,54,0,◎○△フォーメーション（15〜20点）,0.5777,"{'is_target': True, 'verdict': '参加推奨', 'max_combo_prob': 0.0984, 'est_top_odds': 13.6, 'circle_concentration': 69.7, 'eligible_count': 9, 'bet_adj': 2, 'reason': 'rel_win1=51.7%（本命度） / 最有力組み合わせ確率: 0.098（推定実オッズ?14倍） / 2着集中度: 上位2艇 69.7%（補正+0.00） / 総合判定確率: 0.098 / → ヒモ分散。1号艇1着固定で広めのヒモ流し推奨（買い目+2点）', 'tenji_trigger': '展示確認: ヒモ分散レース。1号艇伸び確認後、広めのヒモ流しを採用。穴ヒモ（5・6号艇）を積極的に含める。'}",,,28.7,両建て推奨,10.81,36.3,3,,,,,,,,,,,
2026-03-05,丸亀,2,5,原田朱理,B2,29.91,5,,7.7662,11,65,,,,,,0,低,21,1,-,6 6S6,0,,,,,,,,,,,,,C,,◎,0.3596,0.55,0.15,0.3004,B,54,0,◎○△フォーメーション（15〜20点）,0.5777,"{'is_target': True, 'verdict': '参加推奨', 'max_combo_prob': 0.0984, 'est_top_odds': 13.6, 'circle_concentration': 69.7, 'eligible_count': 9, 'bet_adj': 2, 'reason': 'rel_win1=51.7%（本命度） / 最有力組み合わせ確率: 0.098（推定実オッズ?14倍） / 2着集中度: 上位2艇 69.7%（補正+0.00） / 総合判定確率: 0.098 / → ヒモ分散。1号艇1着固定で広めのヒモ流し推奨（買い目+2点）', 'tenji_trigger': '展示確認: ヒモ分散レース。1号艇伸び確認後、広めのヒモ流しを採用。穴ヒモ（5・6号艇）を積極的に含める。'}",,,28.7,両建て推奨,10.81,36.3,3,,,,,,,,,,,
2026-03-05,丸亀,2,6,米玉利大,B1,48.18,6,▲,1.3552,0.4,19,2.5,0.1812,4.2222,,,0,低,58,0,-,5 363,0,31.6,0.7956,,,,,,0,0.6667,0,,,A,,,0.3458,0.5175,,0.3004,B,54,0,◎○△フォーメーション（15〜20点）,0.5777,"{'is_target': True, 'verdict': '参加推奨', 'max_combo_prob': 0.0984, 'est_top_odds': 13.6, 'circle_concentration': 69.7, 'eligible_count': 9, 'bet_adj': 2, 'reason': 'rel_win1=51.7%（本命度） / 最有力組み合わせ確率: 0.098（推定実オッズ?14倍） / 2着集中度: 上位2艇 69.7%（補正+0.00） / 総合判定確率: 0.098 / → ヒモ分散。1号艇1着固定で広めのヒモ流し推奨（買い目+2点）', 'tenji_trigger': '展示確認: ヒモ分散レース。1号艇伸び確認後、広めのヒモ流しを採用。穴ヒモ（5・6号艇）を積極的に含める。'}",,,28.7,両建て推奨,10.81,36.3,3,,,,,,,,,,,
2026-03-05,丸亀,3,1,山崎昂介,B1,34.82,1,◎,57.1535,,0,73.1,0.1737,3.8173,,,0,低,138,0,-,463 24,0,90.9,1.2393,0.5556,,,,,0.0444,0.0667,0.2844,○,,C,○,,,0.64,,0.3523,A,78,0,◎-○軸 3着3〜4艇流し（10〜15点）,0.5777,"{'is_target': True, 'verdict': '参加推奨', 'max_combo_prob': 0.0756, 'est_top_odds': 17.6, 'circle_concentration': 71.8, 'eligible_count': 8, 'bet_adj': 2, 'reason': 'rel_win1=57.2%（本命度） / 最有力組み合わせ確率: 0.076（推定実オッズ?18倍） / 2着集中度: 上位2艇 71.8%（補正+0.04） / 総合判定確率: 0.116 / → ヒモ分散。1号艇1着固定で広めのヒモ流し推奨（買い目+2点）', 'tenji_trigger': '展示確認: ヒモ分散レース。1号艇伸び確認後、広めのヒモ流しを採用。穴ヒモ（5・6号艇）を積極的に含める。'}",,,27.6,逃げ狙い,15.67,28.9,4,,,,,0,0,0.6155,0,,逃げ軸流し,A
2026-03-05,丸亀,3,2,大澤大夢,B1,54.63,2,○,10.2789,39,82,53,0.1477,3.2121,,,0,低,103,0,-,2 2233,0,57.4,0.6847,0,0,0.037,0,0.037,0.1632,0.1421,0.1211,,◎,A,◎,,0.5536,0.644,,0.3523,A,78,0,◎-○軸 3着3〜4艇流し（10〜15点）,0.5777,"{'is_target': True, 'verdict': '参加推奨', 'max_combo_prob': 0.0756, 'est_top_odds': 17.6, 'circle_concentration': 71.8, 'eligible_count': 8, 'bet_adj': 2, 'reason': 'rel_win1=57.2%（本命度） / 最有力組み合わせ確率: 0.076（推定実オッズ?18倍） / 2着集中度: 上位2艇 71.8%（補正+0.04） / 総合判定確率: 0.116 / → ヒモ分散。1号艇1着固定で広めのヒモ流し推奨（買い目+2点）', 'tenji_trigger': '展示確認: ヒモ分散レース。1号艇伸び確認後、広めのヒモ流しを採用。穴ヒモ（5・6号艇）を積極的に含める。'}",,,27.6,逃げ狙い,15.67,28.9,4,,,,,,,,,,,
2026-03-05,丸亀,3,3,橋本久和,B1,33.04,3,△,14.2836,32.8,100,60.4,0.1725,3.5472,,,0,低,146,0,-,135513,0,56.2,1.2877,0,0,0.1304,0,0,0.219,0.219,0.2052,,,D,△,,0.3152,0.6265,,0.3523,A,78,0,◎-○軸 3着3〜4艇流し（10〜15点）,0.5777,"{'is_target': True, 'verdict': '参加推奨', 'max_combo_prob': 0.0756, 'est_top_odds': 17.6, 'circle_concentration': 71.8, 'eligible_count': 8, 'bet_adj': 2, 'reason': 'rel_win1=57.2%（本命度） / 最有力組み合わせ確率: 0.076（推定実オッズ?18倍） / 2着集中度: 上位2艇 71.8%（補正+0.04） / 総合判定確率: 0.116 / → ヒモ分散。1号艇1着固定で広めのヒモ流し推奨（買い目+2点）', 'tenji_trigger': '展示確認: ヒモ分散レース。1号艇伸び確認後、広めのヒモ流しを採用。穴ヒモ（5・6号艇）を積極的に含める。'}",,,27.6,逃げ狙い,15.67,28.9,4,,,,,,,,,,,
2026-03-05,丸亀,3,4,嶋田貴支,B1,25.69,4,,9.8,14.4,60,43.8,0.1808,3.6354,,,0,低,134,0,-,561 33,0,51.9,1.1036,0,0.0476,0,0,0,0.0174,0.0522,0.1174,,,E,,,0.2535,0.6045,,0.3523,A,78,0,◎-○軸 3着3〜4艇流し（10〜15点）,0.5777,"{'is_target': True, 'verdict': '参加推奨', 'max_combo_prob': 0.0756, 'est_top_odds': 17.6, 'circle_concentration': 71.8, 'eligible_count': 8, 'bet_adj': 2, 'reason': 'rel_win1=57.2%（本命度） / 最有力組み合わせ確率: 0.076（推定実オッズ?18倍） / 2着集中度: 上位2艇 71.8%（補正+0.04） / 総合判定確率: 0.116 / → ヒモ分散。1号艇1着固定で広めのヒモ流し推奨（買い目+2点）', 'tenji_trigger': '展示確認: ヒモ分散レース。1号艇伸び確認後、広めのヒモ流しを採用。穴ヒモ（5・6号艇）を積極的に含める。'}",,,27.6,逃げ狙い,15.67,28.9,4,,,,,,,,,,,
2026-03-05,丸亀,3,5,渥美卓郎,B1,56.88,5,▲,6.3851,6.8,51,27.1,0.1694,3.8571,,,0,低,188,0,ま0%,5 245,0,42.6,0.9071,0,0,0.0312,0,0,0.25,0.02,0.25,,,A,△,,0.2977,0.615,,0.3523,A,78,0,◎-○軸 3着3〜4艇流し（10〜15点）,0.5777,"{'is_target': True, 'verdict': '参加推奨', 'max_combo_prob': 0.0756, 'est_top_odds': 17.6, 'circle_concentration': 71.8, 'eligible_count': 8, 'bet_adj': 2, 'reason': 'rel_win1=57.2%（本命度） / 最有力組み合わせ確率: 0.076（推定実オッズ?18倍） / 2着集中度: 上位2艇 71.8%（補正+0.04） / 総合判定確率: 0.116 / → ヒモ分散。1号艇1着固定で広めのヒモ流し推奨（買い目+2点）', 'tenji_trigger': '展示確認: ヒモ分散レース。1号艇伸び確認後、広めのヒモ流しを採用。穴ヒモ（5・6号艇）を積極的に含める。'}",,,27.6,逃げ狙い,15.67,28.9,4,,,,,,,,,,,
2026-03-05,丸亀,3,6,大田直弥,A2,19.61,6,,2.0989,7,84,38.5,0.2292,5.0481,,,0,低,182,0,差ま0%,45514,0,26.8,1.5014,0,0,0,0.0455,0,0.2685,0.3139,0.0148,,,E,,,0.1105,0.604,,0.3523,A,78,0,◎-○軸 3着3〜4艇流し（10〜15点）,0.5777,"{'is_target': True, 'verdict': '参加推奨', 'max_combo_prob': 0.0756, 'est_top_odds': 17.6, 'circle_concentration': 71.8, 'eligible_count': 8, 'bet_adj': 2, 'reason': 'rel_win1=57.2%（本命度） / 最有力組み合わせ確率: 0.076（推定実オッズ?18倍） / 2着集中度: 上位2艇 71.8%（補正+0.04） / 総合判定確率: 0.116 / → ヒモ分散。1号艇1着固定で広めのヒモ流し推奨（買い目+2点）', 'tenji_trigger': '展示確認: ヒモ分散レース。1号艇伸び確認後、広めのヒモ流しを採用。穴ヒモ（5・6号艇）を積極的に含める。'}",,,27.6,逃げ狙い,15.67,28.9,4,,,,,,,,,,,
2026-03-05,丸亀,4,1,乃村康友,B1,32.14,1,◎,49.2319,,0,77.8,0.1552,2.8519,,,0,低,118,0,逃0%,3 652,0,66.3,0.9932,0.4211,,,,,0.0421,0.0211,0.2553,◎,,B,△,,,0.6065,,0.4541,A,66,0,◎-○軸 3着3〜4艇流し（10〜15点）,0.5777,"{'is_target': True, 'verdict': '参加推奨', 'max_combo_prob': 0.0513, 'est_top_odds': 26.0, 'circle_concentration': 69.3, 'eligible_count': 8, 'bet_adj': 2, 'reason': 'rel_win1=49.2%（本命度） / 最有力組み合わせ確率: 0.051（推定実オッズ?26倍） / 2着集中度: 上位2艇 69.3%（補正+0.00） / 総合判定確率: 0.051 / → ヒモ分散。1号艇1着固定で広めのヒモ流し推奨（買い目+2点）', 'tenji_trigger': '展示確認: ヒモ分散レース。1号艇伸び確認後、広めのヒモ流しを採用。穴ヒモ（5・6号艇）を積極的に含める。'}",,,27.9,逃げ狙い,18.26,27.6,5,,,,,0,0,0.7559,0,,逃げ軸流し,A
2026-03-05,丸亀,4,2,津留浩一,B1,28.18,2,△,12.0167,32.9,81,47.2,0.1589,3.5189,,,0,低,102,0,差0%,6 344,0,26.1,0.796,0,0.04,0,0,0,0.1412,0.0471,0.3706,,,C,,,0.2767,0.52,,0.4541,A,66,0,◎-○軸 3着3〜4艇流し（10〜15点）,0.5777,"{'is_target': True, 'verdict': '参加推奨', 'max_combo_prob': 0.0513, 'est_top_odds': 26.0, 'circle_concentration': 69.3, 'eligible_count': 8, 'bet_adj': 2, 'reason': 'rel_win1=49.2%（本命度） / 最有力組み合わせ確率: 0.051（推定実オッズ?26倍） / 2着集中度: 上位2艇 69.3%（補正+0.00） / 総合判定確率: 0.051 / → ヒモ分散。1号艇1着固定で広めのヒモ流し推奨（買い目+2点）', 'tenji_trigger': '展示確認: ヒモ分散レース。1号艇伸び確認後、広めのヒモ流しを採用。穴ヒモ（5・6号艇）を積極的に含める。'}",,,27.9,逃げ狙い,18.26,27.6,5,,,,,,,,,,,
2026-03-05,丸亀,4,3,久田　武,B1,26.79,3,▲,13.2974,36.4,100,62,0.1439,3.0986,,,0,低,135,0,-,133 64,0,53.6,1.2667,0,0,0.0357,0.0357,0,0.1571,0.0286,0.1286,,,D,△,,0.3471,0.5955,,0.4541,A,66,0,◎-○軸 3着3〜4艇流し（10〜15点）,0.5777,"{'is_target': True, 'verdict': '参加推奨', 'max_combo_prob': 0.0513, 'est_top_odds': 26.0, 'circle_concentration': 69.3, 'eligible_count': 8, 'bet_adj': 2, 'reason': 'rel_win1=49.2%（本命度） / 最有力組み合わせ確率: 0.051（推定実オッズ?26倍） / 2着集中度: 上位2艇 69.3%（補正+0.00） / 総合判定確率: 0.051 / → ヒモ分散。1号艇1着固定で広めのヒモ流し推奨（買い目+2点）', 'tenji_trigger': '展示確認: ヒモ分散レース。1号艇伸び確認後、広めのヒモ流しを採用。穴ヒモ（5・6号艇）を積極的に含める。'}",,,27.9,逃げ狙い,18.26,27.6,5,,,,,,,,,,,
2026-03-05,丸亀,4,4,森安弘雅,B1,37.27,4,○,8.3868,15.2,95,48.4,0.1778,4,,,0,低,178,0,差0%,322523,0,45.5,1.0262,0,0.0345,0,0,0,0.0167,0.1833,0.2,,,B,△,,0.1963,0.6065,,0.4541,A,66,0,◎-○軸 3着3〜4艇流し（10〜15点）,0.5777,"{'is_target': True, 'verdict': '参加推奨', 'max_combo_prob': 0.0513, 'est_top_odds': 26.0, 'circle_concentration': 69.3, 'eligible_count': 8, 'bet_adj': 2, 'reason': 'rel_win1=49.2%（本命度） / 最有力組み合わせ確率: 0.051（推定実オッズ?26倍） / 2着集中度: 上位2艇 69.3%（補正+0.00） / 総合判定確率: 0.051 / → ヒモ分散。1号艇1着固定で広めのヒモ流し推奨（買い目+2点）', 'tenji_trigger': '展示確認: ヒモ分散レース。1号艇伸び確認後、広めのヒモ流しを採用。穴ヒモ（5・6号艇）を積極的に含める。'}",,,27.9,逃げ狙い,18.26,27.6,5,,,,,,,,,,,
2026-03-05,丸亀,4,5,鈴木孝明,A2,25.66,5,,16.0138,10.8,82,53.4,0.1655,3.7328,,,0,低,105,0,-,244 15,0,92.4,1.6979,0,0.0312,0.0625,0.0625,0,0.0857,0.419,0,,,D,◎,◎,0.2676,0.6205,0.3474,0.4541,A,66,0,◎-○軸 3着3〜4艇流し（10〜15点）,0.5777,"{'is_target': True, 'verdict': '参加推奨', 'max_combo_prob': 0.0513, 'est_top_odds': 26.0, 'circle_concentration': 69.3, 'eligible_count': 8, 'bet_adj': 2, 'reason': 'rel_win1=49.2%（本命度） / 最有力組み合わせ確率: 0.051（推定実オッズ?26倍） / 2着集中度: 上位2艇 69.3%（補正+0.00） / 総合判定確率: 0.051 / → ヒモ分散。1号艇1着固定で広めのヒモ流し推奨（買い目+2点）', 'tenji_trigger': '展示確認: ヒモ分散レース。1号艇伸び確認後、広めのヒモ流しを採用。穴ヒモ（5・6号艇）を積極的に含める。'}",,,27.9,逃げ狙い,18.26,27.6,5,,,,,,,,,,,
2026-03-05,丸亀,4,6,庄司樹良,A2,21.50,6,,1.0534,4.7,74,26.5,0.1794,4.1633,,,0,低,89,0,-,343 16,0,44,1.0786,,,,,,0.0414,0.219,0.0138,,,E,○,,0.2383,0.6125,,0.4541,A,66,0,◎-○軸 3着3〜4艇流し（10〜15点）,0.5777,"{'is_target': True, 'verdict': '参加推奨', 'max_combo_prob': 0.0513, 'est_top_odds': 26.0, 'circle_concentration': 69.3, 'eligible_count': 8, 'bet_adj': 2, 'reason': 'rel_win1=49.2%（本命度） / 最有力組み合わせ確率: 0.051（推定実オッズ?26倍） / 2着集中度: 上位2艇 69.3%（補正+0.00） / 総合判定確率: 0.051 / → ヒモ分散。1号艇1着固定で広めのヒモ流し推奨（買い目+2点）', 'tenji_trigger': '展示確認: ヒモ分散レース。1号艇伸び確認後、広めのヒモ流しを採用。穴ヒモ（5・6号艇）を積極的に含める。'}",,,27.9,逃げ狙い,18.26,27.6,5,,,,,,,,,,,
2026-03-05,丸亀,5,1,阪本勇介,B1,25.66,1,◎,38.6934,,0,76.9,0.1485,3.0385,,,0,低,196,0,逃0%,646 44,0,61.5,0.9432,0.25,,,,,0.0714,0.1629,0.2629,○,,C,,,,0.5885,,0.3436,C,41,0,荒れ傾向。高配当狙いか見送り,0.5777,"{'is_target': False, 'verdict': '対象外', 'max_combo_prob': None, 'est_top_odds': None, 'circle_concentration': None, 'eligible_count': 0, 'bet_adj': 0, 'reason': '1号艇rel_win1 < 45%: 通常判定に委ねる', 'tenji_trigger': ''}",,,30,両建て推奨,20.79,31.4,2,,,,,0,0,0.6155,0,,主役軸流し,B
2026-03-05,丸亀,5,2,森野正弘,A2,31.78,2,○,23.4097,62.2,62,76,0.1322,2.72,,,0,低,55,0,-,225215,0,100,3.1303,0,0,0,0,0.0556,0.0857,0.0286,0.0857,,◎,B,○,,0.5012,0.667,,0.3436,C,41,0,荒れ傾向。高配当狙いか見送り,0.5777,"{'is_target': False, 'verdict': '対象外', 'max_combo_prob': None, 'est_top_odds': None, 'circle_concentration': None, 'eligible_count': 0, 'bet_adj': 0, 'reason': '1号艇rel_win1 < 45%: 通常判定に委ねる', 'tenji_trigger': ''}",,,30,両建て推奨,20.79,31.4,2,,,,,,,,,,,
2026-03-05,丸亀,5,3,常盤海心,B1,49.56,3,▲,12.2322,10.3,100,35.7,0.1916,4.3482,,,0,低,136,0,ま0%,2 3255,0,18,0.6558,0,0,0.1667,0.0417,0,0.0667,0.6,0.2667,,,A,△,,0.1577,0.592,,0.3436,C,41,0,荒れ傾向。高配当狙いか見送り,0.5777,"{'is_target': False, 'verdict': '対象外', 'max_combo_prob': None, 'est_top_odds': None, 'circle_concentration': None, 'eligible_count': 0, 'bet_adj': 0, 'reason': '1号艇rel_win1 < 45%: 通常判定に委ねる', 'tenji_trigger': ''}",,,30,両建て推奨,20.79,31.4,2,,,,,,,,,,,
2026-03-05,丸亀,5,4,有山　望,B1,20.00,4,,14.1011,9.7,65,16.7,0.1972,3.7778,,,0,低,45,0,-,5 564,0,36.1,0.9177,0,0,0.1111,0,0,,,,,,E,,,0.1545,0.4945,,0.3436,C,41,0,荒れ傾向。高配当狙いか見送り,0.5777,"{'is_target': False, 'verdict': '対象外', 'max_combo_prob': None, 'est_top_odds': None, 'circle_concentration': None, 'eligible_count': 0, 'bet_adj': 0, 'reason': '1号艇rel_win1 < 45%: 通常判定に委ねる', 'tenji_trigger': ''}",,,30,両建て推奨,20.79,31.4,2,,,,,,,,,,,
2026-03-05,丸亀,5,5,松井賢治,A2,23.47,5,,6.9065,13.4,97,42.9,0.1637,3.7778,,,0,低,122,0,差ま0%,51442,0,60.1,1.2226,0,0,0,0.037,0,0.1401,0.0465,0.1215,,,D,◎,,0.2559,0.6985,,0.3436,C,41,0,荒れ傾向。高配当狙いか見送り,0.5777,"{'is_target': False, 'verdict': '対象外', 'max_combo_prob': None, 'est_top_odds': None, 'circle_concentration': None, 'eligible_count': 0, 'bet_adj': 0, 'reason': '1号艇rel_win1 < 45%: 通常判定に委ねる', 'tenji_trigger': ''}",,,30,両建て推奨,20.79,31.4,2,,,,,,,,,,,
2026-03-05,丸亀,5,6,島川海輝,A2,25.22,6,△,4.6572,4.4,41,20,0.1785,4.0875,,,0,低,76,0,-,5 4252,0,29.4,0.6756,0,0.0435,0,0,0,0.0296,0.1296,0.1593,,,D,△,,0.2124,0.663,,0.3436,C,41,0,荒れ傾向。高配当狙いか見送り,0.5777,"{'is_target': False, 'verdict': '対象外', 'max_combo_prob': None, 'est_top_odds': None, 'circle_concentration': None, 'eligible_count': 0, 'bet_adj': 0, 'reason': '1号艇rel_win1 < 45%: 通常判定に委ねる', 'tenji_trigger': ''}",,,30,両建て推奨,20.79,31.4,2,,,,,,,,,,,
2026-03-05,丸亀,6,1,丸尾義孝,A2,34.86,1,◎,62.7109,,0,90.4,0.1273,2.3253,,,0,低,95,0,逃1%,11232S,0,82.4,0.9956,0.5238,,,,,0.0476,0.2017,0.1403,◎,,C,△,,,0.6195,,0.7027,S,88,0,◎1着固定 2-3着流し（5〜8点）,0.5777,"{'is_target': True, 'verdict': '点数絞り', 'max_combo_prob': 0.1341, 'est_top_odds': 9.9, 'circle_concentration': 82.8, 'eligible_count': 6, 'bet_adj': 0, 'reason': 'rel_win1=62.7%（本命度） / 最有力組み合わせ確率: 0.134（推定実オッズ?10倍） / 2着集中度: 上位2艇 82.8%（補正+0.04） / 総合判定確率: 0.174 / → ヒモはやや固め。上位2艇以外を切ること', 'tenji_trigger': '展示確認: 1号艇伸び良→そのまま採用。悪→飛び組に差し替え。circle_pct上位2艇に絞り込むこと。\n展示で1号艇スタート超安定(0.127秒)→ヒモ固まり方向に注意'}",,,28.1,逃げ狙い,17.08,29.1,2,,,,,0,0,0.7559,0,,逃げ軸流し,A
2026-03-05,丸亀,6,2,吉永則雄,A1,36.21,2,○,19.5204,54.3,72,67.9,0.1862,4.217,,,0,低,112,0,-,313336,0,28.9,0.6897,0,0.1429,0,0,0,0.0896,0.0635,0.1184,,,C,◎,,0.09,0.696,,0.7027,S,88,0,◎1着固定 2-3着流し（5〜8点）,0.5777,"{'is_target': True, 'verdict': '点数絞り', 'max_combo_prob': 0.1341, 'est_top_odds': 9.9, 'circle_concentration': 82.8, 'eligible_count': 6, 'bet_adj': 0, 'reason': 'rel_win1=62.7%（本命度） / 最有力組み合わせ確率: 0.134（推定実オッズ?10倍） / 2着集中度: 上位2艇 82.8%（補正+0.04） / 総合判定確率: 0.174 / → ヒモはやや固め。上位2艇以外を切ること', 'tenji_trigger': '展示確認: 1号艇伸び良→そのまま採用。悪→飛び組に差し替え。circle_pct上位2艇に絞り込むこと。\n展示で1号艇スタート超安定(0.127秒)→ヒモ固まり方向に注意'}",,,28.1,逃げ狙い,17.08,29.1,2,,,,,,,,,,,
2026-03-05,丸亀,6,3,伊達正利,B1,28.18,3,,7.6029,28.5,99,52.6,0.1691,3.5263,,,0,低,160,0,-,661 13,0,41.1,0.9298,,,,,,0.0455,0.0455,0.0455,,,D,△,,0.1551,0.6165,,0.7027,S,88,0,◎1着固定 2-3着流し（5〜8点）,0.5777,"{'is_target': True, 'verdict': '点数絞り', 'max_combo_prob': 0.1341, 'est_top_odds': 9.9, 'circle_concentration': 82.8, 'eligible_count': 6, 'bet_adj': 0, 'reason': 'rel_win1=62.7%（本命度） / 最有力組み合わせ確率: 0.134（推定実オッズ?10倍） / 2着集中度: 上位2艇 82.8%（補正+0.04） / 総合判定確率: 0.174 / → ヒモはやや固め。上位2艇以外を切ること', 'tenji_trigger': '展示確認: 1号艇伸び良→そのまま採用。悪→飛び組に差し替え。circle_pct上位2艇に絞り込むこと。\n展示で1号艇スタート超安定(0.127秒)→ヒモ固まり方向に注意'}",,,28.1,逃げ狙い,17.08,29.1,2,,,,,,,,,,,
2026-03-05,丸亀,6,4,倉尾大介,A2,37.61,4,▲,6.1028,13.7,100,58.1,0.1837,3.2791,,,0,低,96,0,-,433 41,0,57.2,1.0694,,,,,,0.2141,0.0471,0.1906,,,B,,,0.1653,0.577,,0.7027,S,88,0,◎1着固定 2-3着流し（5〜8点）,0.5777,"{'is_target': True, 'verdict': '点数絞り', 'max_combo_prob': 0.1341, 'est_top_odds': 9.9, 'circle_concentration': 82.8, 'eligible_count': 6, 'bet_adj': 0, 'reason': 'rel_win1=62.7%（本命度） / 最有力組み合わせ確率: 0.134（推定実オッズ?10倍） / 2着集中度: 上位2艇 82.8%（補正+0.04） / 総合判定確率: 0.174 / → ヒモはやや固め。上位2艇以外を切ること', 'tenji_trigger': '展示確認: 1号艇伸び良→そのまま採用。悪→飛び組に差し替え。circle_pct上位2艇に絞り込むこと。\n展示で1号艇スタート超安定(0.127秒)→ヒモ固まり方向に注意'}",,,28.1,逃げ狙い,17.08,29.1,2,,,,,,,,,,,
2026-03-05,丸亀,6,5,池本輝明,B1,23.21,5,,2.8564,3.1,45,19.7,0.1927,4.1761,,,0,低,168,0,-,5 463,0,21,0.6883,,,,,,0.0286,0.1429,0.2857,,,E,○,,0.1653,0.629,,0.7027,S,88,0,◎1着固定 2-3着流し（5〜8点）,0.5777,"{'is_target': True, 'verdict': '点数絞り', 'max_combo_prob': 0.1341, 'est_top_odds': 9.9, 'circle_concentration': 82.8, 'eligible_count': 6, 'bet_adj': 0, 'reason': 'rel_win1=62.7%（本命度） / 最有力組み合わせ確率: 0.134（推定実オッズ?10倍） / 2着集中度: 上位2艇 82.8%（補正+0.04） / 総合判定確率: 0.174 / → ヒモはやや固め。上位2艇以外を切ること', 'tenji_trigger': '展示確認: 1号艇伸び良→そのまま採用。悪→飛び組に差し替え。circle_pct上位2艇に絞り込むこと。\n展示で1号艇スタート超安定(0.127秒)→ヒモ固まり方向に注意'}",,,28.1,逃げ狙い,17.08,29.1,2,,,,,,,,,,,
2026-03-05,丸亀,6,6,山本凱立,B2,38.89,6,△,1.2065,0.4,10,0,0.2046,4.37,,,0,低,56,0,-,566 66,0,21.5,0.6306,,,,,,,,,,,B,,,0.1653,0.4725,,0.7027,S,88,0,◎1着固定 2-3着流し（5〜8点）,0.5777,"{'is_target': True, 'verdict': '点数絞り', 'max_combo_prob': 0.1341, 'est_top_odds': 9.9, 'circle_concentration': 82.8, 'eligible_count': 6, 'bet_adj': 0, 'reason': 'rel_win1=62.7%（本命度） / 最有力組み合わせ確率: 0.134（推定実オッズ?10倍） / 2着集中度: 上位2艇 82.8%（補正+0.04） / 総合判定確率: 0.174 / → ヒモはやや固め。上位2艇以外を切ること', 'tenji_trigger': '展示確認: 1号艇伸び良→そのまま採用。悪→飛び組に差し替え。circle_pct上位2艇に絞り込むこと。\n展示で1号艇スタート超安定(0.127秒)→ヒモ固まり方向に注意'}",,,28.1,逃げ狙い,17.08,29.1,2,,,,,,,,,,,
2026-03-05,丸亀,7,1,米玉利大,B1,48.18,1,◎,52.2844,,0,0,0.1767,5,,,0,低,58,1,-,5 363,0,27.4,0.5531,,,,,,0,0.6667,0,,,A,,,,0.5175,,-0.0088,D,0,1,大荒れ。見送り推奨,0.5777,"{'is_target': True, 'verdict': '参加推奨', 'max_combo_prob': 0.0567, 'est_top_odds': 23.5, 'circle_concentration': 70.3, 'eligible_count': 6, 'bet_adj': 2, 'reason': 'rel_win1=52.3%（本命度） / 最有力組み合わせ確率: 0.057（推定実オッズ?24倍） / 2着集中度: 上位2艇 70.3%（補正+0.04） / 総合判定確率: 0.097 / → ヒモ分散。1号艇1着固定で広めのヒモ流し推奨（買い目+2点）', 'tenji_trigger': '展示確認: ヒモ分散レース。1号艇伸び確認後、広めのヒモ流しを採用。穴ヒモ（5・6号艇）を積極的に含める。'}",,,32.9,両建て推奨,22.09,38.5,2,2-1-3|2-1-4|2-3-4|2-4-3|2-1-6|2-3-1|2-3-6|1-2-4|1-2-6|1-3-4|1-3-2,2-1-3|2-1-4|2-3-4|2-4-3|2-1-6|2-3-1|2-3-6|1-2-4|1-2-6|1-3-4|1-3-2|6-4-3,2-1-3:3.05%|2-1-4:2.4%|2-3-4:1.91%|2-4-3:0.89%|2-1-6:0.89%|2-3-1:0.74%|2-3-6:0.7%|1-2-4:5.17%|1-2-6:3.8%|1-3-4:3.59%|1-3-2:3.39%,2-1-3:B_main|2-1-4:B_main|2-3-4:B_main|2-4-3:B_main|2-1-6:B_main|2-3-1:B_main|2-3-6:B_main|1-2-4:A|1-2-6:A|1-3-4:A|1-3-2:A,11,12,0.2915,1,[!]見送り推奨（主役決まり手「差し」― 逃げ劣勢レースで的中実績なし）,主役軸流し,B
2026-03-05,丸亀,7,2,高田　明,A1,35.45,2,○,23.8265,39.5,100,74.6,0.1568,3.2627,,,0,低,110,0,差0% ま0% 抜0%,451614,0,63.7,1.3141,0,0.1667,0.1333,0,0.0667,0.0882,0.0588,0.1765,,◎,B,△,,0.5375,0.6095,,-0.0088,D,0,1,大荒れ。見送り推奨,0.5777,"{'is_target': True, 'verdict': '参加推奨', 'max_combo_prob': 0.0567, 'est_top_odds': 23.5, 'circle_concentration': 70.3, 'eligible_count': 6, 'bet_adj': 2, 'reason': 'rel_win1=52.3%（本命度） / 最有力組み合わせ確率: 0.057（推定実オッズ?24倍） / 2着集中度: 上位2艇 70.3%（補正+0.04） / 総合判定確率: 0.097 / → ヒモ分散。1号艇1着固定で広めのヒモ流し推奨（買い目+2点）', 'tenji_trigger': '展示確認: ヒモ分散レース。1号艇伸び確認後、広めのヒモ流しを採用。穴ヒモ（5・6号艇）を積極的に含める。'}",,,32.9,両建て推奨,22.09,38.5,2,,,,,,,,,,,
2026-03-05,丸亀,7,3,百武　翔,A2,24.53,3,,9.1423,30.8,62,57.8,0.1745,3.6641,,,0,低,161,0,-,335 53,0,24.9,0.7113,0,0.037,0,0.1111,0,0.0556,0.3778,0.0222,,,E,△,,0.3092,0.573,,-0.0088,D,0,1,大荒れ。見送り推奨,0.5777,"{'is_target': True, 'verdict': '参加推奨', 'max_combo_prob': 0.0567, 'est_top_odds': 23.5, 'circle_concentration': 70.3, 'eligible_count': 6, 'bet_adj': 2, 'reason': 'rel_win1=52.3%（本命度） / 最有力組み合わせ確率: 0.057（推定実オッズ?24倍） / 2着集中度: 上位2艇 70.3%（補正+0.04） / 総合判定確率: 0.097 / → ヒモ分散。1号艇1着固定で広めのヒモ流し推奨（買い目+2点）', 'tenji_trigger': '展示確認: ヒモ分散レース。1号艇伸び確認後、広めのヒモ流しを採用。穴ヒモ（5・6号艇）を積極的に含める。'}",,,32.9,両建て推奨,22.09,38.5,2,,,,,,,,,,,
2026-03-05,丸亀,7,4,谷口知優,B1,30.51,4,△,8.9635,21.3,64,38.8,0.1724,3.7347,,,0,低,83,0,差0%,,0,100,2.1572,0,0.1053,0,0,0,0,0.3481,0.1039,,,D,○,◎,0.3111,0.6165,0.2674,-0.0088,D,0,1,大荒れ。見送り推奨,0.5777,"{'is_target': True, 'verdict': '参加推奨', 'max_combo_prob': 0.0567, 'est_top_odds': 23.5, 'circle_concentration': 70.3, 'eligible_count': 6, 'bet_adj': 2, 'reason': 'rel_win1=52.3%（本命度） / 最有力組み合わせ確率: 0.057（推定実オッズ?24倍） / 2着集中度: 上位2艇 70.3%（補正+0.04） / 総合判定確率: 0.097 / → ヒモ分散。1号艇1着固定で広めのヒモ流し推奨（買い目+2点）', 'tenji_trigger': '展示確認: ヒモ分散レース。1号艇伸び確認後、広めのヒモ流しを採用。穴ヒモ（5・6号艇）を積極的に含める。'}",,,32.9,両建て推奨,22.09,38.5,2,,,,,,,,,,,
2026-03-05,丸亀,7,5,近藤来希,B2,33.96,5,,4.7442,5.6,75,18.2,0.1773,3.8182,,,0,低,51,1,-,545 66,0,30.7,0.6629,,,,,,,,,,,C,,,0.3102,0.512,,-0.0088,D,0,1,大荒れ。見送り推奨,0.5777,"{'is_target': True, 'verdict': '参加推奨', 'max_combo_prob': 0.0567, 'est_top_odds': 23.5, 'circle_concentration': 70.3, 'eligible_count': 6, 'bet_adj': 2, 'reason': 'rel_win1=52.3%（本命度） / 最有力組み合わせ確率: 0.057（推定実オッズ?24倍） / 2着集中度: 上位2艇 70.3%（補正+0.04） / 総合判定確率: 0.097 / → ヒモ分散。1号艇1着固定で広めのヒモ流し推奨（買い目+2点）', 'tenji_trigger': '展示確認: ヒモ分散レース。1号艇伸び確認後、広めのヒモ流しを採用。穴ヒモ（5・6号艇）を積極的に含める。'}",,,32.9,両建て推奨,22.09,38.5,2,,,,,,,,,,,
2026-03-05,丸亀,7,6,三浦洋次,A2,33.91,6,▲,1.0391,2.8,76,32.1,0.1598,3.5094,,,0,低,148,0,-,2 6534,0,22.1,0.4336,,,,,,0.1171,0.3947,0.0211,,,C,◎,,0.3638,0.6295,,-0.0088,D,0,1,大荒れ。見送り推奨,0.5777,"{'is_target': True, 'verdict': '参加推奨', 'max_combo_prob': 0.0567, 'est_top_odds': 23.5, 'circle_concentration': 70.3, 'eligible_count': 6, 'bet_adj': 2, 'reason': 'rel_win1=52.3%（本命度） / 最有力組み合わせ確率: 0.057（推定実オッズ?24倍） / 2着集中度: 上位2艇 70.3%（補正+0.04） / 総合判定確率: 0.097 / → ヒモ分散。1号艇1着固定で広めのヒモ流し推奨（買い目+2点）', 'tenji_trigger': '展示確認: ヒモ分散レース。1号艇伸び確認後、広めのヒモ流しを採用。穴ヒモ（5・6号艇）を積極的に含める。'}",,,32.9,両建て推奨,22.09,38.5,2,,,,,,,,,,,
2026-03-05,丸亀,8,1,石丸海渡,A1,25.86,1,◎,72.8106,,0,95.2,0.1129,1.8651,,,0,低,26,0,逃1%,332125,0,83.8,1.0707,0.875,,,,,0.0792,0.0125,0,◎,,C,◎,,,0.687,,0.7797,S,92,0,◎1着固定 2-3着流し（5〜8点）,0.5777,"{'is_target': True, 'verdict': '点数絞り', 'max_combo_prob': 0.1492, 'est_top_odds': 8.9, 'circle_concentration': 75.8, 'eligible_count': 6, 'bet_adj': 0, 'reason': 'rel_win1=72.8%（本命度） / 最有力組み合わせ確率: 0.149（推定実オッズ?9倍） / 2着集中度: 上位2艇 75.8%（補正+0.04） / 総合判定確率: 0.189 / → ヒモはやや固め。上位2艇以外を切ること', 'tenji_trigger': '展示確認: 1号艇伸び良→そのまま採用。悪→飛び組に差し替え。circle_pct上位2艇に絞り込むこと。\n展示で1号艇スタート超安定(0.113秒)→ヒモ固まり方向に注意'}",,,24.1,逃げ狙い,11.02,22.8,2,,,,,0,0,0.7559,0,,逃げ軸流し,A
2026-03-05,丸亀,8,2,庄司樹良,A2,21.50,2,△,11.6591,53,100,80.4,0.1266,2.6518,,,0,低,89,0,-,343 16,0,35.6,0.7384,0,0.1333,0.0333,0,0,0.0414,0.219,0.0138,,,D,○,,0.191,0.6125,,0.7797,S,92,0,◎1着固定 2-3着流し（5〜8点）,0.5777,"{'is_target': True, 'verdict': '点数絞り', 'max_combo_prob': 0.1492, 'est_top_odds': 8.9, 'circle_concentration': 75.8, 'eligible_count': 6, 'bet_adj': 0, 'reason': 'rel_win1=72.8%（本命度） / 最有力組み合わせ確率: 0.149（推定実オッズ?9倍） / 2着集中度: 上位2艇 75.8%（補正+0.04） / 総合判定確率: 0.189 / → ヒモはやや固め。上位2艇以外を切ること', 'tenji_trigger': '展示確認: 1号艇伸び良→そのまま採用。悪→飛び組に差し替え。circle_pct上位2艇に絞り込むこと。\n展示で1号艇スタート超安定(0.113秒)→ヒモ固まり方向に注意'}",,,24.1,逃げ狙い,11.02,22.8,2,,,,,,,,,,,
2026-03-05,丸亀,8,3,松下知幸,B1,28.32,3,○,8.0769,22.7,63,44.9,0.1477,2.9493,,,0,低,152,0,-,,0,86.6,1.6388,0,0.0303,0.0303,0.0909,0,0.2152,0.1581,0.1962,,,B,△,,0.1208,0.5965,,0.7797,S,92,0,◎1着固定 2-3着流し（5〜8点）,0.5777,"{'is_target': True, 'verdict': '点数絞り', 'max_combo_prob': 0.1492, 'est_top_odds': 8.9, 'circle_concentration': 75.8, 'eligible_count': 6, 'bet_adj': 0, 'reason': 'rel_win1=72.8%（本命度） / 最有力組み合わせ確率: 0.149（推定実オッズ?9倍） / 2着集中度: 上位2艇 75.8%（補正+0.04） / 総合判定確率: 0.189 / → ヒモはやや固め。上位2艇以外を切ること', 'tenji_trigger': '展示確認: 1号艇伸び良→そのまま採用。悪→飛び組に差し替え。circle_pct上位2艇に絞り込むこと。\n展示で1号艇スタート超安定(0.113秒)→ヒモ固まり方向に注意'}",,,24.1,逃げ狙い,11.02,22.8,2,,,,,,,,,,,
2026-03-05,丸亀,8,4,大田直弥,A2,19.61,4,,3.8632,17.3,85,45.1,0.2017,4.5141,,,0,低,182,0,差ま0%,45514,0,33.3,0.8604,0,0,0,0.0294,0,0.2685,0.3139,0.0148,,,E,△,,0.1045,0.604,,0.7797,S,92,0,◎1着固定 2-3着流し（5〜8点）,0.5777,"{'is_target': True, 'verdict': '点数絞り', 'max_combo_prob': 0.1492, 'est_top_odds': 8.9, 'circle_concentration': 75.8, 'eligible_count': 6, 'bet_adj': 0, 'reason': 'rel_win1=72.8%（本命度） / 最有力組み合わせ確率: 0.149（推定実オッズ?9倍） / 2着集中度: 上位2艇 75.8%（補正+0.04） / 総合判定確率: 0.189 / → ヒモはやや固め。上位2艇以外を切ること', 'tenji_trigger': '展示確認: 1号艇伸び良→そのまま採用。悪→飛び組に差し替え。circle_pct上位2艇に絞り込むこと。\n展示で1号艇スタート超安定(0.113秒)→ヒモ固まり方向に注意'}",,,24.1,逃げ狙い,11.02,22.8,2,,,,,,,,,,,
2026-03-05,丸亀,8,5,津留浩一,B1,28.18,5,,2.5513,5.1,43,22,0.1756,3.54,,,0,低,102,0,差ま0%,6 344,0,32.2,0.7181,0,0,0,0.0455,0,0.1412,0.0471,0.3706,,,C,,,0.1104,0.52,,0.7797,S,92,0,◎1着固定 2-3着流し（5〜8点）,0.5777,"{'is_target': True, 'verdict': '点数絞り', 'max_combo_prob': 0.1492, 'est_top_odds': 8.9, 'circle_concentration': 75.8, 'eligible_count': 6, 'bet_adj': 0, 'reason': 'rel_win1=72.8%（本命度） / 最有力組み合わせ確率: 0.149（推定実オッズ?9倍） / 2着集中度: 上位2艇 75.8%（補正+0.04） / 総合判定確率: 0.189 / → ヒモはやや固め。上位2艇以外を切ること', 'tenji_trigger': '展示確認: 1号艇伸び良→そのまま採用。悪→飛び組に差し替え。circle_pct上位2艇に絞り込むこと。\n展示で1号艇スタート超安定(0.113秒)→ヒモ固まり方向に注意'}",,,24.1,逃げ狙い,11.02,22.8,2,,,,,,,,,,,
2026-03-05,丸亀,8,6,原田朱理,B2,29.91,6,▲,1.0389,1.8,29,3.6,0.2379,5.3929,,,0,低,21,0,-,6 6S6,0,24.2,0.8556,,,,,,,,,,,B,,,0.1386,0.55,,0.7797,S,92,0,◎1着固定 2-3着流し（5〜8点）,0.5777,"{'is_target': True, 'verdict': '点数絞り', 'max_combo_prob': 0.1492, 'est_top_odds': 8.9, 'circle_concentration': 75.8, 'eligible_count': 6, 'bet_adj': 0, 'reason': 'rel_win1=72.8%（本命度） / 最有力組み合わせ確率: 0.149（推定実オッズ?9倍） / 2着集中度: 上位2艇 75.8%（補正+0.04） / 総合判定確率: 0.189 / → ヒモはやや固め。上位2艇以外を切ること', 'tenji_trigger': '展示確認: 1号艇伸び良→そのまま採用。悪→飛び組に差し替え。circle_pct上位2艇に絞り込むこと。\n展示で1号艇スタート超安定(0.113秒)→ヒモ固まり方向に注意'}",,,24.1,逃げ狙い,11.02,22.8,2,,,,,,,,,,,
2026-03-05,丸亀,9,1,島川海輝,A2,25.22,1,◎,65.4021,,0,88.2,0.1347,2.451,,,0,低,76,0,逃0%,5 4252,0,100,1.4778,0.7037,,,,,0.0296,0.1296,0.1593,◎,,D,○,,,0.663,,0.697,A,73,0,◎-○軸 3着3〜4艇流し（10〜15点）,0.5777,"{'is_target': True, 'verdict': '点数絞り', 'max_combo_prob': 0.1218, 'est_top_odds': 10.9, 'circle_concentration': 83.7, 'eligible_count': 8, 'bet_adj': 0, 'reason': 'rel_win1=65.4%（本命度） / 最有力組み合わせ確率: 0.122（推定実オッズ?11倍） / 2着集中度: 上位2艇 83.7%（補正+0.04） / 総合判定確率: 0.162 / → ヒモはやや固め。上位2艇以外を切ること', 'tenji_trigger': '展示確認: 1号艇伸び良→そのまま採用。悪→飛び組に差し替え。circle_pct上位2艇に絞り込むこと。\n展示で1号艇スタート超安定(0.135秒)→ヒモ固まり方向に注意'}",,,26.6,逃げ狙い,14.48,27.1,2,,,,,0,0,0.7559,0,,逃げ軸流し,A
2026-03-05,丸亀,9,2,鈴木孝明,A2,25.66,2,△,15.2606,54.9,58,66.7,0.1748,3.8542,,,0,低,105,0,ま1%,244 15,0,35.9,0.8676,0,0.1538,0.0385,0,0.0385,0.0857,0.419,0,,,D,△,,0.0827,0.6205,,0.697,A,73,0,◎-○軸 3着3〜4艇流し（10〜15点）,0.5777,"{'is_target': True, 'verdict': '点数絞り', 'max_combo_prob': 0.1218, 'est_top_odds': 10.9, 'circle_concentration': 83.7, 'eligible_count': 8, 'bet_adj': 0, 'reason': 'rel_win1=65.4%（本命度） / 最有力組み合わせ確率: 0.122（推定実オッズ?11倍） / 2着集中度: 上位2艇 83.7%（補正+0.04） / 総合判定確率: 0.162 / → ヒモはやや固め。上位2艇以外を切ること', 'tenji_trigger': '展示確認: 1号艇伸び良→そのまま採用。悪→飛び組に差し替え。circle_pct上位2艇に絞り込むこと。\n展示で1号艇スタート超安定(0.135秒)→ヒモ固まり方向に注意'}",,,26.6,逃げ狙い,14.48,27.1,2,,,,,,,,,,,
2026-03-05,丸亀,9,3,松井賢治,A2,23.47,3,,7.5854,28.7,100,61.3,0.1547,3.44,,,0,低,122,0,-,51442,0,72.4,1.6012,0,0.0286,0,0.0571,0,0.1401,0.0465,0.1215,,,E,◎,,0.1849,0.6985,,0.697,A,73,0,◎-○軸 3着3〜4艇流し（10〜15点）,0.5777,"{'is_target': True, 'verdict': '点数絞り', 'max_combo_prob': 0.1218, 'est_top_odds': 10.9, 'circle_concentration': 83.7, 'eligible_count': 8, 'bet_adj': 0, 'reason': 'rel_win1=65.4%（本命度） / 最有力組み合わせ確率: 0.122（推定実オッズ?11倍） / 2着集中度: 上位2艇 83.7%（補正+0.04） / 総合判定確率: 0.162 / → ヒモはやや固め。上位2艇以外を切ること', 'tenji_trigger': '展示確認: 1号艇伸び良→そのまま採用。悪→飛び組に差し替え。circle_pct上位2艇に絞り込むこと。\n展示で1号艇スタート超安定(0.135秒)→ヒモ固まり方向に注意'}",,,26.6,逃げ狙い,14.48,27.1,2,,,,,,,,,,,
2026-03-05,丸亀,9,4,渥美卓郎,B1,56.88,4,○,5.9122,4.7,68,26.7,0.1823,3.8733,,,0,低,188,0,-,5 245,0,25.6,0.6226,,,,,,0.25,0.02,0.25,,,A,△,,0.138,0.615,,0.697,A,73,0,◎-○軸 3着3〜4艇流し（10〜15点）,0.5777,"{'is_target': True, 'verdict': '点数絞り', 'max_combo_prob': 0.1218, 'est_top_odds': 10.9, 'circle_concentration': 83.7, 'eligible_count': 8, 'bet_adj': 0, 'reason': 'rel_win1=65.4%（本命度） / 最有力組み合わせ確率: 0.122（推定実オッズ?11倍） / 2着集中度: 上位2艇 83.7%（補正+0.04） / 総合判定確率: 0.162 / → ヒモはやや固め。上位2艇以外を切ること', 'tenji_trigger': '展示確認: 1号艇伸び良→そのまま採用。悪→飛び組に差し替え。circle_pct上位2艇に絞り込むこと。\n展示で1号艇スタート超安定(0.135秒)→ヒモ固まり方向に注意'}",,,26.6,逃げ狙い,14.48,27.1,2,,,,,,,,,,,
2026-03-05,丸亀,9,5,中岡　駿,B2,27.78,5,,4.6924,9.1,77,0,0.2075,4.0625,,,0,低,40,1,-,6 425,0,24.9,0.6952,,,,,,,,,,,C,,,0.135,0.482,,0.697,A,73,0,◎-○軸 3着3〜4艇流し（10〜15点）,0.5777,"{'is_target': True, 'verdict': '点数絞り', 'max_combo_prob': 0.1218, 'est_top_odds': 10.9, 'circle_concentration': 83.7, 'eligible_count': 8, 'bet_adj': 0, 'reason': 'rel_win1=65.4%（本命度） / 最有力組み合わせ確率: 0.122（推定実オッズ?11倍） / 2着集中度: 上位2艇 83.7%（補正+0.04） / 総合判定確率: 0.162 / → ヒモはやや固め。上位2艇以外を切ること', 'tenji_trigger': '展示確認: 1号艇伸び良→そのまま採用。悪→飛び組に差し替え。circle_pct上位2艇に絞り込むこと。\n展示で1号艇スタート超安定(0.135秒)→ヒモ固まり方向に注意'}",,,26.6,逃げ狙い,14.48,27.1,2,,,,,,,,,,,
2026-03-05,丸亀,9,6,乃村康友,B1,32.14,6,▲,1.1473,2.5,50,34.7,0.1641,3.7755,,,0,低,118,0,-,3 652,0,23,0.39,,,,,,0.0421,0.0211,0.2553,,,C,,,0.2165,0.6065,,0.697,A,73,0,◎-○軸 3着3〜4艇流し（10〜15点）,0.5777,"{'is_target': True, 'verdict': '点数絞り', 'max_combo_prob': 0.1218, 'est_top_odds': 10.9, 'circle_concentration': 83.7, 'eligible_count': 8, 'bet_adj': 0, 'reason': 'rel_win1=65.4%（本命度） / 最有力組み合わせ確率: 0.122（推定実オッズ?11倍） / 2着集中度: 上位2艇 83.7%（補正+0.04） / 総合判定確率: 0.162 / → ヒモはやや固め。上位2艇以外を切ること', 'tenji_trigger': '展示確認: 1号艇伸び良→そのまま採用。悪→飛び組に差し替え。circle_pct上位2艇に絞り込むこと。\n展示で1号艇スタート超安定(0.135秒)→ヒモ固まり方向に注意'}",,,26.6,逃げ狙い,14.48,27.1,2,,,,,,,,,,,
2026-03-05,丸亀,10,1,森安弘雅,B1,37.27,1,◎,65.2144,,0,78.2,0.1765,3.4727,,,0,低,178,0,抜0%,322523,0,87.8,1.1665,0.3333,,,,,0.0167,0.1833,0.2,○,,B,,,,0.6065,,0.367,A,70,0,◎-○軸 3着3〜4艇流し（10〜15点）,0.5777,"{'is_target': True, 'verdict': '点数絞り', 'max_combo_prob': 0.1006, 'est_top_odds': 13.3, 'circle_concentration': 73.3, 'eligible_count': 8, 'bet_adj': 0, 'reason': 'rel_win1=65.2%（本命度） / 最有力組み合わせ確率: 0.101（推定実オッズ?13倍） / 2着集中度: 上位2艇 73.3%（補正+0.04） / 総合判定確率: 0.141 / → ヒモはやや固め。上位2艇以外を切ること', 'tenji_trigger': '展示確認: 1号艇伸び良→そのまま採用。悪→飛び組に差し替え。circle_pct上位2艇に絞り込むこと。'}",,,27.1,逃げ狙い,12.9,29.8,5,,,,,0,0,0.6155,0,,逃げ軸流し,A
2026-03-05,丸亀,10,2,橋本久和,B1,33.04,2,,10.5807,54.3,58,58.2,0.1806,4.1716,,,0,低,146,0,-,135513,0,54.9,1.1122,0,0.0385,0.0385,0,0,0.219,0.219,0.2052,,,D,○,,0.2691,0.6265,,0.367,A,70,0,◎-○軸 3着3〜4艇流し（10〜15点）,0.5777,"{'is_target': True, 'verdict': '点数絞り', 'max_combo_prob': 0.1006, 'est_top_odds': 13.3, 'circle_concentration': 73.3, 'eligible_count': 8, 'bet_adj': 0, 'reason': 'rel_win1=65.2%（本命度） / 最有力組み合わせ確率: 0.101（推定実オッズ?13倍） / 2着集中度: 上位2艇 73.3%（補正+0.04） / 総合判定確率: 0.141 / → ヒモはやや固め。上位2艇以外を切ること', 'tenji_trigger': '展示確認: 1号艇伸び良→そのまま採用。悪→飛び組に差し替え。circle_pct上位2艇に絞り込むこと。'}",,,27.1,逃げ狙い,12.9,29.8,5,,,,,,,,,,,
2026-03-05,丸亀,10,3,中島真二,B1,23.89,3,,7.747,14,80,33.9,0.1751,3.5932,,,0,低,161,0,-,2 1554,0,48.7,1.0681,0,0,0,0.0417,0,0.0211,0.4053,0.0421,,,E,△,,0.3099,0.6155,,0.367,A,70,0,◎-○軸 3着3〜4艇流し（10〜15点）,0.5777,"{'is_target': True, 'verdict': '点数絞り', 'max_combo_prob': 0.1006, 'est_top_odds': 13.3, 'circle_concentration': 73.3, 'eligible_count': 8, 'bet_adj': 0, 'reason': 'rel_win1=65.2%（本命度） / 最有力組み合わせ確率: 0.101（推定実オッズ?13倍） / 2着集中度: 上位2艇 73.3%（補正+0.04） / 総合判定確率: 0.141 / → ヒモはやや固め。上位2艇以外を切ること', 'tenji_trigger': '展示確認: 1号艇伸び良→そのまま採用。悪→飛び組に差し替え。circle_pct上位2艇に絞り込むこと。'}",,,27.1,逃げ狙い,12.9,29.8,5,,,,,,,,,,,
2026-03-05,丸亀,10,4,常盤海心,B1,49.56,4,▲,4.9085,10.6,100,39.5,0.2026,4.2442,,,0,低,136,0,-,2 3255,0,16.6,0.5594,,,,,,0.0667,0.6,0.2667,,,A,,,0.2395,0.592,,0.367,A,70,0,◎-○軸 3着3〜4艇流し（10〜15点）,0.5777,"{'is_target': True, 'verdict': '点数絞り', 'max_combo_prob': 0.1006, 'est_top_odds': 13.3, 'circle_concentration': 73.3, 'eligible_count': 8, 'bet_adj': 0, 'reason': 'rel_win1=65.2%（本命度） / 最有力組み合わせ確率: 0.101（推定実オッズ?13倍） / 2着集中度: 上位2艇 73.3%（補正+0.04） / 総合判定確率: 0.141 / → ヒモはやや固め。上位2艇以外を切ること', 'tenji_trigger': '展示確認: 1号艇伸び良→そのまま採用。悪→飛び組に差し替え。circle_pct上位2艇に絞り込むこと。'}",,,27.1,逃げ狙い,12.9,29.8,5,,,,,,,,,,,
2026-03-05,丸亀,10,5,吉永則雄,A1,36.21,5,○,8.1495,19,87,50,0.1433,2.8077,,,0,低,112,0,-,313336,0,37.1,0.7033,,,,,,0.0896,0.0635,0.1184,,◎,C,◎,,0.4431,0.696,,0.367,A,70,0,◎-○軸 3着3〜4艇流し（10〜15点）,0.5777,"{'is_target': True, 'verdict': '点数絞り', 'max_combo_prob': 0.1006, 'est_top_odds': 13.3, 'circle_concentration': 73.3, 'eligible_count': 8, 'bet_adj': 0, 'reason': 'rel_win1=65.2%（本命度） / 最有力組み合わせ確率: 0.101（推定実オッズ?13倍） / 2着集中度: 上位2艇 73.3%（補正+0.04） / 総合判定確率: 0.141 / → ヒモはやや固め。上位2艇以外を切ること', 'tenji_trigger': '展示確認: 1号艇伸び良→そのまま採用。悪→飛び組に差し替え。circle_pct上位2艇に絞り込むこと。'}",,,27.1,逃げ狙い,12.9,29.8,5,,,,,,,,,,,
2026-03-05,丸亀,10,6,丸尾義孝,A2,34.86,6,△,3.4,2.1,85,43.1,0.1757,3.6863,,,0,低,95,0,-,11232S,0,33.1,0.675,,,,,,0.0476,0.2017,0.1403,,,C,△,,0.34,0.6195,,0.367,A,70,0,◎-○軸 3着3〜4艇流し（10〜15点）,0.5777,"{'is_target': True, 'verdict': '点数絞り', 'max_combo_prob': 0.1006, 'est_top_odds': 13.3, 'circle_concentration': 73.3, 'eligible_count': 8, 'bet_adj': 0, 'reason': 'rel_win1=65.2%（本命度） / 最有力組み合わせ確率: 0.101（推定実オッズ?13倍） / 2着集中度: 上位2艇 73.3%（補正+0.04） / 総合判定確率: 0.141 / → ヒモはやや固め。上位2艇以外を切ること', 'tenji_trigger': '展示確認: 1号艇伸び良→そのまま採用。悪→飛び組に差し替え。circle_pct上位2艇に絞り込むこと。'}",,,27.1,逃げ狙い,12.9,29.8,5,,,,,,,,,,,
2026-03-05,丸亀,11,1,大澤大夢,B1,54.63,1,◎,51.0175,,0,89.4,0.1298,2.6809,,,0,低,103,0,逃0%,2 2233,0,73.8,0.9485,0.6842,,,,,0.1632,0.1421,0.1211,◎,,A,△,,,0.644,,0.525,A,68,0,◎-○軸 3着3〜4艇流し（10〜15点）,0.5777,"{'is_target': True, 'verdict': '参加推奨', 'max_combo_prob': 0.0562, 'est_top_odds': 23.7, 'circle_concentration': 61.5, 'eligible_count': 8, 'bet_adj': 2, 'reason': 'rel_win1=51.0%（本命度） / 最有力組み合わせ確率: 0.056（推定実オッズ?24倍） / 2着集中度: 上位2艇 61.5%（補正+0.00） / 総合判定確率: 0.056 / → ヒモ分散。1号艇1着固定で広めのヒモ流し推奨（買い目+2点）', 'tenji_trigger': '展示確認: ヒモ分散レース。1号艇伸び確認後、広めのヒモ流しを採用。穴ヒモ（5・6号艇）を積極的に含める。\n展示で1号艇スタート超安定(0.130秒)→ヒモ固まり方向に注意'}",,,32.5,逃げ狙い,29.69,30.9,3,,,,,0,0,0.7559,0,,逃げ軸流し,A
2026-03-05,丸亀,11,2,久田　武,B1,26.79,2,,8.9703,32.5,84,58.7,0.1657,3.6667,,,0,低,135,0,差1%,133 64,0,77.4,0.8402,0,0.0909,0.0455,0,0,0.1571,0.0286,0.1286,,,D,,,0.0684,0.5955,,0.525,A,68,0,◎-○軸 3着3〜4艇流し（10〜15点）,0.5777,"{'is_target': True, 'verdict': '参加推奨', 'max_combo_prob': 0.0562, 'est_top_odds': 23.7, 'circle_concentration': 61.5, 'eligible_count': 8, 'bet_adj': 2, 'reason': 'rel_win1=51.0%（本命度） / 最有力組み合わせ確率: 0.056（推定実オッズ?24倍） / 2着集中度: 上位2艇 61.5%（補正+0.00） / 総合判定確率: 0.056 / → ヒモ分散。1号艇1着固定で広めのヒモ流し推奨（買い目+2点）', 'tenji_trigger': '展示確認: ヒモ分散レース。1号艇伸び確認後、広めのヒモ流しを採用。穴ヒモ（5・6号艇）を積極的に含める。\n展示で1号艇スタート超安定(0.130秒)→ヒモ固まり方向に注意'}",,,32.5,逃げ狙い,29.69,30.9,3,,,,,,,,,,,
2026-03-05,丸亀,11,3,高田　明,A1,35.45,3,○,18.9738,29,76,82.6,0.1874,3.5978,,,0,低,110,0,差0% ま0% 差ま0%,451614,0,84.3,1.6515,0,0.08,0.04,0.28,0,0.0882,0.0588,0.1765,,,B,,,0.1709,0.6095,,0.525,A,68,0,◎-○軸 3着3〜4艇流し（10〜15点）,0.5777,"{'is_target': True, 'verdict': '参加推奨', 'max_combo_prob': 0.0562, 'est_top_odds': 23.7, 'circle_concentration': 61.5, 'eligible_count': 8, 'bet_adj': 2, 'reason': 'rel_win1=51.0%（本命度） / 最有力組み合わせ確率: 0.056（推定実オッズ?24倍） / 2着集中度: 上位2艇 61.5%（補正+0.00） / 総合判定確率: 0.056 / → ヒモ分散。1号艇1着固定で広めのヒモ流し推奨（買い目+2点）', 'tenji_trigger': '展示確認: ヒモ分散レース。1号艇伸び確認後、広めのヒモ流しを採用。穴ヒモ（5・6号艇）を積極的に含める。\n展示で1号艇スタート超安定(0.130秒)→ヒモ固まり方向に注意'}",,,32.5,逃げ狙い,29.69,30.9,3,,,,,,,,,,,
2026-03-05,丸亀,11,4,石丸海渡,A1,25.86,4,△,12.1345,19,100,70,0.1207,2.15,,,0,低,26,0,差0% ま0%,332125,0,49,0.9453,0,0.05,0.25,0,0,0.0792,0.0125,0,,,E,◎,◎,0.3754,0.687,0.4452,0.525,A,68,0,◎-○軸 3着3〜4艇流し（10〜15点）,0.5777,"{'is_target': True, 'verdict': '参加推奨', 'max_combo_prob': 0.0562, 'est_top_odds': 23.7, 'circle_concentration': 61.5, 'eligible_count': 8, 'bet_adj': 2, 'reason': 'rel_win1=51.0%（本命度） / 最有力組み合わせ確率: 0.056（推定実オッズ?24倍） / 2着集中度: 上位2艇 61.5%（補正+0.00） / 総合判定確率: 0.056 / → ヒモ分散。1号艇1着固定で広めのヒモ流し推奨（買い目+2点）', 'tenji_trigger': '展示確認: ヒモ分散レース。1号艇伸び確認後、広めのヒモ流しを採用。穴ヒモ（5・6号艇）を積極的に含める。\n展示で1号艇スタート超安定(0.130秒)→ヒモ固まり方向に注意'}",,,32.5,逃げ狙い,29.69,30.9,3,,,,,,,,,,,
2026-03-05,丸亀,11,5,森野正弘,A2,31.78,5,▲,8.0861,18.4,95,62.7,0.1488,2.7255,,,0,低,55,0,-,225215,0,35.8,1.3048,0,0.0455,0,0.1364,0,0.0857,0.0286,0.0857,,,C,△,○,0.2357,0.667,0.3561,0.525,A,68,0,◎-○軸 3着3〜4艇流し（10〜15点）,0.5777,"{'is_target': True, 'verdict': '参加推奨', 'max_combo_prob': 0.0562, 'est_top_odds': 23.7, 'circle_concentration': 61.5, 'eligible_count': 8, 'bet_adj': 2, 'reason': 'rel_win1=51.0%（本命度） / 最有力組み合わせ確率: 0.056（推定実オッズ?24倍） / 2着集中度: 上位2艇 61.5%（補正+0.00） / 総合判定確率: 0.056 / → ヒモ分散。1号艇1着固定で広めのヒモ流し推奨（買い目+2点）', 'tenji_trigger': '展示確認: ヒモ分散レース。1号艇伸び確認後、広めのヒモ流しを採用。穴ヒモ（5・6号艇）を積極的に含める。\n展示で1号艇スタート超安定(0.130秒)→ヒモ固まり方向に注意'}",,,32.5,逃げ狙い,29.69,30.9,3,,,,,,,,,,,
2026-03-05,丸亀,11,6,小野信樹,B1,29.03,6,,0.8177,1.1,24,2.4,0.1707,4.0595,,,0,低,119,0,-,144 26,0,28.5,0.5864,,,,,,0.1533,0.3067,0.1867,,,D,○,,0.1811,0.676,,0.525,A,68,0,◎-○軸 3着3〜4艇流し（10〜15点）,0.5777,"{'is_target': True, 'verdict': '参加推奨', 'max_combo_prob': 0.0562, 'est_top_odds': 23.7, 'circle_concentration': 61.5, 'eligible_count': 8, 'bet_adj': 2, 'reason': 'rel_win1=51.0%（本命度） / 最有力組み合わせ確率: 0.056（推定実オッズ?24倍） / 2着集中度: 上位2艇 61.5%（補正+0.00） / 総合判定確率: 0.056 / → ヒモ分散。1号艇1着固定で広めのヒモ流し推奨（買い目+2点）', 'tenji_trigger': '展示確認: ヒモ分散レース。1号艇伸び確認後、広めのヒモ流しを採用。穴ヒモ（5・6号艇）を積極的に含める。\n展示で1号艇スタート超安定(0.130秒)→ヒモ固まり方向に注意'}",,,32.5,逃げ狙い,29.69,30.9,3,,,,,,,,,,,
2026-03-05,丸亀,12,1,吉川貴仁,A1,41.67,1,◎,56.5129,,0,96.7,0.1311,2.3689,,,0,低,76,0,逃1%,111311,0,83.5,1.0304,0.7826,,,,,0.087,0,0.0435,◎,,A,,,,0.6045,,0.6672,A,74,0,◎-○軸 3着3〜4艇流し（10〜15点）,0.5777,"{'is_target': True, 'verdict': '参加推奨', 'max_combo_prob': 0.0668, 'est_top_odds': 20.0, 'circle_concentration': 61.5, 'eligible_count': 8, 'bet_adj': 2, 'reason': 'rel_win1=56.5%（本命度） / 最有力組み合わせ確率: 0.067（推定実オッズ?20倍） / 2着集中度: 上位2艇 61.5%（補正+0.00） / 総合判定確率: 0.067 / → ヒモ分散。1号艇1着固定で広めのヒモ流し推奨（買い目+2点）', 'tenji_trigger': '展示確認: ヒモ分散レース。1号艇伸び確認後、広めのヒモ流しを採用。穴ヒモ（5・6号艇）を積極的に含める。\n展示で1号艇スタート超安定(0.131秒)→ヒモ固まり方向に注意'}",,,31.2,逃げ狙い,32.96,24.5,3,,,,,0,0,0.7559,0,,逃げ軸流し,A
2026-03-05,丸亀,12,2,福島勇樹,A1,37.82,2,○,16.8814,43.5,57,67.3,0.1405,3.0091,,,0,低,60,0,差0% ま0% 抜0%,121221,0,64.4,1.1321,0,0.125,0.2083,0,0.0417,0.1,0.0333,0.0667,,,B,△,,0.2454,0.6195,,0.6672,A,74,0,◎-○軸 3着3〜4艇流し（10〜15点）,0.5777,"{'is_target': True, 'verdict': '参加推奨', 'max_combo_prob': 0.0668, 'est_top_odds': 20.0, 'circle_concentration': 61.5, 'eligible_count': 8, 'bet_adj': 2, 'reason': 'rel_win1=56.5%（本命度） / 最有力組み合わせ確率: 0.067（推定実オッズ?20倍） / 2着集中度: 上位2艇 61.5%（補正+0.00） / 総合判定確率: 0.067 / → ヒモ分散。1号艇1着固定で広めのヒモ流し推奨（買い目+2点）', 'tenji_trigger': '展示確認: ヒモ分散レース。1号艇伸び確認後、広めのヒモ流しを採用。穴ヒモ（5・6号艇）を積極的に含める。\n展示で1号艇スタート超安定(0.131秒)→ヒモ固まり方向に注意'}",,,31.2,逃げ狙い,32.96,24.5,3,,,,,,,,,,,
2026-03-05,丸亀,12,3,西島義則,A1,19.82,3,,8.4204,18,88,33.3,0.2133,3.5,,,0,低,49,1,-,241161,0,16.6,0.7033,,,,,,0.2106,0.1985,0.0606,,,E,,,0.133,0.5995,,0.6672,A,74,0,◎-○軸 3着3〜4艇流し（10〜15点）,0.5777,"{'is_target': True, 'verdict': '参加推奨', 'max_combo_prob': 0.0668, 'est_top_odds': 20.0, 'circle_concentration': 61.5, 'eligible_count': 8, 'bet_adj': 2, 'reason': 'rel_win1=56.5%（本命度） / 最有力組み合わせ確率: 0.067（推定実オッズ?20倍） / 2着集中度: 上位2艇 61.5%（補正+0.00） / 総合判定確率: 0.067 / → ヒモ分散。1号艇1着固定で広めのヒモ流し推奨（買い目+2点）', 'tenji_trigger': '展示確認: ヒモ分散レース。1号艇伸び確認後、広めのヒモ流しを採用。穴ヒモ（5・6号艇）を積極的に含める。\n展示で1号艇スタート超安定(0.131秒)→ヒモ固まり方向に注意'}",,,31.2,逃げ狙い,32.96,24.5,3,,,,,,,,,,,
2026-03-05,丸亀,12,4,丹下　将,A2,33.64,4,▲,10.9027,17.7,92,61.3,0.1497,2.8871,,,0,低,115,0,-,1 2442,0,70.8,0.8421,0,0,0.1923,0.1154,0,0.0588,0.2067,0.1445,,,C,○,◎,0.2604,0.66,0.3583,0.6672,A,74,0,◎-○軸 3着3〜4艇流し（10〜15点）,0.5777,"{'is_target': True, 'verdict': '参加推奨', 'max_combo_prob': 0.0668, 'est_top_odds': 20.0, 'circle_concentration': 61.5, 'eligible_count': 8, 'bet_adj': 2, 'reason': 'rel_win1=56.5%（本命度） / 最有力組み合わせ確率: 0.067（推定実オッズ?20倍） / 2着集中度: 上位2艇 61.5%（補正+0.00） / 総合判定確率: 0.067 / → ヒモ分散。1号艇1着固定で広めのヒモ流し推奨（買い目+2点）', 'tenji_trigger': '展示確認: ヒモ分散レース。1号艇伸び確認後、広めのヒモ流しを採用。穴ヒモ（5・6号艇）を積極的に含める。\n展示で1号艇スタート超安定(0.131秒)→ヒモ固まり方向に注意'}",,,31.2,逃げ狙い,32.96,24.5,3,,,,,,,,,,,
2026-03-05,丸亀,12,5,大橋純一,A2,33.64,5,△,5.6235,17.5,88,50.8,0.1592,3.7459,,,0,低,90,0,差ま0% 抜0%,251412,0,84.1,1.3902,0,0,0,0.0417,0.0417,0.125,0.1125,0.05,,,C,◎,○,0.1882,0.681,0.253,0.6672,A,74,0,◎-○軸 3着3〜4艇流し（10〜15点）,0.5777,"{'is_target': True, 'verdict': '参加推奨', 'max_combo_prob': 0.0668, 'est_top_odds': 20.0, 'circle_concentration': 61.5, 'eligible_count': 8, 'bet_adj': 2, 'reason': 'rel_win1=56.5%（本命度） / 最有力組み合わせ確率: 0.067（推定実オッズ?20倍） / 2着集中度: 上位2艇 61.5%（補正+0.00） / 総合判定確率: 0.067 / → ヒモ分散。1号艇1着固定で広めのヒモ流し推奨（買い目+2点）', 'tenji_trigger': '展示確認: ヒモ分散レース。1号艇伸び確認後、広めのヒモ流しを採用。穴ヒモ（5・6号艇）を積極的に含める。\n展示で1号艇スタート超安定(0.131秒)→ヒモ固まり方向に注意'}",,,31.2,逃げ狙い,32.96,24.5,3,,,,,,,,,,,
2026-03-05,丸亀,12,6,中村辰也,A2,27.05,6,,1.6591,3.3,100,32,0.157,3.34,,,0,低,74,0,差ま0%,324152,0,46.2,1.2781,0,0,0,0.05,0,0.0286,0.0571,0.1571,,,D,△,,0.2043,0.647,,0.6672,A,74,0,◎-○軸 3着3〜4艇流し（10〜15点）,0.5777,"{'is_target': True, 'verdict': '参加推奨', 'max_combo_prob': 0.0668, 'est_top_odds': 20.0, 'circle_concentration': 61.5, 'eligible_count': 8, 'bet_adj': 2, 'reason': 'rel_win1=56.5%（本命度） / 最有力組み合わせ確率: 0.067（推定実オッズ?20倍） / 2着集中度: 上位2艇 61.5%（補正+0.00） / 総合判定確率: 0.067 / → ヒモ分散。1号艇1着固定で広めのヒモ流し推奨（買い目+2点）', 'tenji_trigger': '展示確認: ヒモ分散レース。1号艇伸び確認後、広めのヒモ流しを採用。穴ヒモ（5・6号艇）を積極的に含める。\n展示で1号艇スタート超安定(0.131秒)→ヒモ固まり方向に注意'}",,,31.2,逃げ狙い,32.96,24.5,3,,,,,,,,,,,
2026-03-19,丸亀,1,1,中岡健人,B1,25.00,1,◎,57.3403,,0,70.5,0.147,2.8409,,,0,低,104,0,逃0%,,0,80.1,0.9382,0.32,,,,,0.28,0.164,0.196,◎,,E,○,,,0.635,,0.4588,A,67,0,◎-○軸 3着3〜4艇流し（10〜15点）,0.5777,"{'is_target': True, 'verdict': '点数絞り', 'max_combo_prob': 0.1047, 'est_top_odds': 12.7, 'circle_concentration': 83.9, 'eligible_count': 8, 'bet_adj': 0, 'reason': 'rel_win1=57.3%（本命度） / 最有力組み合わせ確率: 0.105（推定実オッズ?13倍） / 2着集中度: 上位2艇 83.9%（補正+0.04） / 総合判定確率: 0.145 / → ヒモはやや固め。上位2艇以外を切ること', 'tenji_trigger': '展示確認: 1号艇伸び良→そのまま採用。悪→飛び組に差し替え。circle_pct上位2艇に絞り込むこと。'}",,,30,逃げ狙い,15.35,36,2,,,,,0,0,0.7559,0,,逃げ軸流し,A
2026-03-19,丸亀,1,2,牟田奨太,B1,38.46,2,○,10.99,60.6,66,37.7,0.1461,3.1639,,,0,低,75,0,ま0%,,0,45.7,0.659,0,0,0.0294,0,0,0.1727,0.1379,0.087,,◎,B,△,,0.3533,0.6255,,0.4588,A,67,0,◎-○軸 3着3〜4艇流し（10〜15点）,0.5777,"{'is_target': True, 'verdict': '点数絞り', 'max_combo_prob': 0.1047, 'est_top_odds': 12.7, 'circle_concentration': 83.9, 'eligible_count': 8, 'bet_adj': 0, 'reason': 'rel_win1=57.3%（本命度） / 最有力組み合わせ確率: 0.105（推定実オッズ?13倍） / 2着集中度: 上位2艇 83.9%（補正+0.04） / 総合判定確率: 0.145 / → ヒモはやや固め。上位2艇以外を切ること', 'tenji_trigger': '展示確認: 1号艇伸び良→そのまま採用。悪→飛び組に差し替え。circle_pct上位2艇に絞り込むこと。'}",,,30,逃げ狙い,15.35,36,2,,,,,,,,,,,
2026-03-19,丸亀,1,3,桑原　啓,B1,27.19,3,,14.4864,23.3,71,33.3,0.1688,3.5583,,,0,低,104,0,差0% ま0% 差ま0%,,0,40.8,0.8904,0,0.0417,0.0833,0.0417,0,0.3,0.22,0.18,,,D,◎,,0.2205,0.6545,,0.4588,A,67,0,◎-○軸 3着3〜4艇流し（10〜15点）,0.5777,"{'is_target': True, 'verdict': '点数絞り', 'max_combo_prob': 0.1047, 'est_top_odds': 12.7, 'circle_concentration': 83.9, 'eligible_count': 8, 'bet_adj': 0, 'reason': 'rel_win1=57.3%（本命度） / 最有力組み合わせ確率: 0.105（推定実オッズ?13倍） / 2着集中度: 上位2艇 83.9%（補正+0.04） / 総合判定確率: 0.145 / → ヒモはやや固め。上位2艇以外を切ること', 'tenji_trigger': '展示確認: 1号艇伸び良→そのまま採用。悪→飛び組に差し替え。circle_pct上位2艇に絞り込むこと。'}",,,30,逃げ狙い,15.35,36,2,,,,,,,,,,,
2026-03-19,丸亀,1,4,森作広大,B1,36.84,4,△,8.8419,8.5,100,24.4,0.1668,4.0488,,,0,低,96,0,-,,0,19.6,0.5151,,,,,,0.5412,0,0.1412,,,C,,,0.2596,0.596,,0.4588,A,67,0,◎-○軸 3着3〜4艇流し（10〜15点）,0.5777,"{'is_target': True, 'verdict': '点数絞り', 'max_combo_prob': 0.1047, 'est_top_odds': 12.7, 'circle_concentration': 83.9, 'eligible_count': 8, 'bet_adj': 0, 'reason': 'rel_win1=57.3%（本命度） / 最有力組み合わせ確率: 0.105（推定実オッズ?13倍） / 2着集中度: 上位2艇 83.9%（補正+0.04） / 総合判定確率: 0.145 / → ヒモはやや固め。上位2艇以外を切ること', 'tenji_trigger': '展示確認: 1号艇伸び良→そのまま採用。悪→飛び組に差し替え。circle_pct上位2艇に絞り込むこと。'}",,,30,逃げ狙い,15.35,36,2,,,,,,,,,,,
2026-03-19,丸亀,1,5,日高龍之,B2,45.69,5,▲,5.7995,6.9,74,11.1,0.1806,4.2222,,,0,低,49,0,-,,0,27.4,0.81,,,,,,,,,,,A,,,0.2277,0.529,,0.4588,A,67,0,◎-○軸 3着3〜4艇流し（10〜15点）,0.5777,"{'is_target': True, 'verdict': '点数絞り', 'max_combo_prob': 0.1047, 'est_top_odds': 12.7, 'circle_concentration': 83.9, 'eligible_count': 8, 'bet_adj': 0, 'reason': 'rel_win1=57.3%（本命度） / 最有力組み合わせ確率: 0.105（推定実オッズ?13倍） / 2着集中度: 上位2艇 83.9%（補正+0.04） / 総合判定確率: 0.145 / → ヒモはやや固め。上位2艇以外を切ること', 'tenji_trigger': '展示確認: 1号艇伸び良→そのまま採用。悪→飛び組に差し替え。circle_pct上位2艇に絞り込むこと。'}",,,30,逃げ狙い,15.35,36,2,,,,,,,,,,,
2026-03-19,丸亀,1,6,川田正人,B1,29.03,6,,2.5419,0.7,87,23.2,0.1925,4.5982,,,0,低,152,0,-,,0,55.8,1.0017,0,0.0357,0,0,0,0.1373,0.3263,0.0387,,,D,△,,0.1577,0.614,,0.4588,A,67,0,◎-○軸 3着3〜4艇流し（10〜15点）,0.5777,"{'is_target': True, 'verdict': '点数絞り', 'max_combo_prob': 0.1047, 'est_top_odds': 12.7, 'circle_concentration': 83.9, 'eligible_count': 8, 'bet_adj': 0, 'reason': 'rel_win1=57.3%（本命度） / 最有力組み合わせ確率: 0.105（推定実オッズ?13倍） / 2着集中度: 上位2艇 83.9%（補正+0.04） / 総合判定確率: 0.145 / → ヒモはやや固め。上位2艇以外を切ること', 'tenji_trigger': '展示確認: 1号艇伸び良→そのまま採用。悪→飛び組に差し替え。circle_pct上位2艇に絞り込むこと。'}",,,30,逃げ狙い,15.35,36,2,,,,,,,,,,,
2026-03-19,丸亀,2,1,永田義紘,B1,29.66,1,◎,59.2242,,0,76.8,0.145,2.7946,,,0,低,104,0,逃0%,,0,67.4,1.0216,0.44,,,,,0.262,0.198,0.032,◎,,C,◎,,,0.672,,0.4636,A,79,0,◎-○軸 3着3〜4艇流し（10〜15点）,0.5777,"{'is_target': True, 'verdict': '参加推奨', 'max_combo_prob': 0.0611, 'est_top_odds': 21.8, 'circle_concentration': 57.4, 'eligible_count': 8, 'bet_adj': 2, 'reason': 'rel_win1=59.2%（本命度） / 最有力組み合わせ確率: 0.061（推定実オッズ?22倍） / 2着集中度: 上位2艇 57.4%（補正+0.00） / 総合判定確率: 0.061 / → ヒモ分散。1号艇1着固定で広めのヒモ流し推奨（買い目+2点）', 'tenji_trigger': '展示確認: ヒモ分散レース。1号艇伸び確認後、広めのヒモ流しを採用。穴ヒモ（5・6号艇）を積極的に含める。'}",,,29.8,逃げ狙い,16.92,34.2,4,,,,,0,0,0.7559,0,,逃げ軸流し,A
2026-03-19,丸亀,2,2,天野　誠,B1,23.68,2,,8.5045,25,89,43.2,0.1684,4.1622,,,0,低,126,0,-,,0,88.1,0.5776,,,,,,0.2667,0.0667,0.6,,,E,,,0.1328,0.582,,0.4636,A,79,0,◎-○軸 3着3〜4艇流し（10〜15点）,0.5777,"{'is_target': True, 'verdict': '参加推奨', 'max_combo_prob': 0.0611, 'est_top_odds': 21.8, 'circle_concentration': 57.4, 'eligible_count': 8, 'bet_adj': 2, 'reason': 'rel_win1=59.2%（本命度） / 最有力組み合わせ確率: 0.061（推定実オッズ?22倍） / 2着集中度: 上位2艇 57.4%（補正+0.00） / 総合判定確率: 0.061 / → ヒモ分散。1号艇1着固定で広めのヒモ流し推奨（買い目+2点）', 'tenji_trigger': '展示確認: ヒモ分散レース。1号艇伸び確認後、広めのヒモ流しを採用。穴ヒモ（5・6号艇）を積極的に含める。'}",,,29.8,逃げ狙い,16.92,34.2,4,,,,,,,,,,,
2026-03-19,丸亀,2,3,松田竜馬,B1,35.04,3,○,10.58,32.4,93,65.3,0.1197,2.5533,,,0,低,79,0,-,,0,52.8,1.2298,,,,,,0.0143,0.1286,0.2429,,◎,B,○,,0.47,0.663,,0.4636,A,79,0,◎-○軸 3着3〜4艇流し（10〜15点）,0.5777,"{'is_target': True, 'verdict': '参加推奨', 'max_combo_prob': 0.0611, 'est_top_odds': 21.8, 'circle_concentration': 57.4, 'eligible_count': 8, 'bet_adj': 2, 'reason': 'rel_win1=59.2%（本命度） / 最有力組み合わせ確率: 0.061（推定実オッズ?22倍） / 2着集中度: 上位2艇 57.4%（補正+0.00） / 総合判定確率: 0.061 / → ヒモ分散。1号艇1着固定で広めのヒモ流し推奨（買い目+2点）', 'tenji_trigger': '展示確認: ヒモ分散レース。1号艇伸び確認後、広めのヒモ流しを採用。穴ヒモ（5・6号艇）を積極的に含める。'}",,,29.8,逃げ狙い,16.92,34.2,4,,,,,,,,,,,
2026-03-19,丸亀,2,4,谷口知優,B1,32.14,4,△,13.6885,23,52,38.8,0.1724,3.7347,,,0,低,83,0,差0%,,0,100,2.6423,0,0.1053,0,0,0,0,0.3481,0.1039,,,C,△,◎,0.2163,0.6165,0.2112,0.4636,A,79,0,◎-○軸 3着3〜4艇流し（10〜15点）,0.5777,"{'is_target': True, 'verdict': '参加推奨', 'max_combo_prob': 0.0611, 'est_top_odds': 21.8, 'circle_concentration': 57.4, 'eligible_count': 8, 'bet_adj': 2, 'reason': 'rel_win1=59.2%（本命度） / 最有力組み合わせ確率: 0.061（推定実オッズ?22倍） / 2着集中度: 上位2艇 57.4%（補正+0.00） / 総合判定確率: 0.061 / → ヒモ分散。1号艇1着固定で広めのヒモ流し推奨（買い目+2点）', 'tenji_trigger': '展示確認: ヒモ分散レース。1号艇伸び確認後、広めのヒモ流しを採用。穴ヒモ（5・6号艇）を積極的に含める。'}",,,29.8,逃げ狙い,16.92,34.2,4,,,,,,,,,,,
2026-03-19,丸亀,2,5,桑原　悠,A1,25.71,5,,6.5913,16.3,100,65.2,0.1483,3.0217,,,0,低,26,0,差ま0%,,0,30.2,1.7557,0,0,0,0.125,0,0.0444,0.0972,0.0667,,,D,△,,0.3226,0.6315,,0.4636,A,79,0,◎-○軸 3着3〜4艇流し（10〜15点）,0.5777,"{'is_target': True, 'verdict': '参加推奨', 'max_combo_prob': 0.0611, 'est_top_odds': 21.8, 'circle_concentration': 57.4, 'eligible_count': 8, 'bet_adj': 2, 'reason': 'rel_win1=59.2%（本命度） / 最有力組み合わせ確率: 0.061（推定実オッズ?22倍） / 2着集中度: 上位2艇 57.4%（補正+0.00） / 総合判定確率: 0.061 / → ヒモ分散。1号艇1着固定で広めのヒモ流し推奨（買い目+2点）', 'tenji_trigger': '展示確認: ヒモ分散レース。1号艇伸び確認後、広めのヒモ流しを採用。穴ヒモ（5・6号艇）を積極的に含める。'}",,,29.8,逃げ狙い,16.92,34.2,4,,,,,,,,,,,
2026-03-19,丸亀,2,6,大谷健太,B2,39.66,6,▲,1.4114,3.3,73,32.6,0.1551,3.6047,,,0,低,101,0,-,,0,35.4,0.8136,,,,,,0,0.0857,0.1286,,,B,,,0.3087,0.605,,0.4636,A,79,0,◎-○軸 3着3〜4艇流し（10〜15点）,0.5777,"{'is_target': True, 'verdict': '参加推奨', 'max_combo_prob': 0.0611, 'est_top_odds': 21.8, 'circle_concentration': 57.4, 'eligible_count': 8, 'bet_adj': 2, 'reason': 'rel_win1=59.2%（本命度） / 最有力組み合わせ確率: 0.061（推定実オッズ?22倍） / 2着集中度: 上位2艇 57.4%（補正+0.00） / 総合判定確率: 0.061 / → ヒモ分散。1号艇1着固定で広めのヒモ流し推奨（買い目+2点）', 'tenji_trigger': '展示確認: ヒモ分散レース。1号艇伸び確認後、広めのヒモ流しを採用。穴ヒモ（5・6号艇）を積極的に含める。'}",,,29.8,逃げ狙い,16.92,34.2,4,,,,,,,,,,,
2026-03-19,丸亀,3,1,小黒竜吾,B1,30.00,1,◎,40.097,,0,61.2,0.1602,3.1122,,,0,低,132,0,-,,0,81.2,0.9994,0.2069,,,,,0.2879,0.0828,0.2328,△,,D,○,,,0.6275,,0.3008,C,43,0,荒れ傾向。高配当狙いか見送り,0.5777,"{'is_target': False, 'verdict': '対象外', 'max_combo_prob': None, 'est_top_odds': None, 'circle_concentration': None, 'eligible_count': 0, 'bet_adj': 0, 'reason': '1号艇rel_win1 < 45%: 通常判定に委ねる', 'tenji_trigger': ''}",,,29.7,両建て推奨,14.37,36.1,3,3-5-4|3-4-5|3-4-6|1-3-5|1-3-4|1-3-2|1-2-5|1-4-5,3-5-4|3-4-5|2-1-4|6-1-2|2-1-5|6-1-4|3-4-6|1-3-5|1-3-4|1-3-2|1-2-5|1-4-5,3-5-4:3.28%|3-4-5:2.9%|3-4-6:1.29%|1-3-5:5.43%|1-3-4:4.83%|1-3-2:4.6%|1-2-5:4.56%|1-4-5:4.06%,3-5-4:B_main|3-4-5:B_main|3-4-6:B_main|1-3-5:A|1-3-4:A|1-3-2:A|1-2-5:A|1-4-5:A,8,12,0.4535,1,[!]見送り推奨（主役決まり手「まくり」― 逃げ劣勢レースで的中実績なし）,荒れ広め,D
2026-03-19,丸亀,3,2,吉田祐貴,B2,21.93,2,,9.6209,33.1,100,41.1,0.1845,4.2143,,,0,低,116,0,差0%,,0,82.4,0.7064,0,0.05,0,0,0,0.3333,0.4444,0,,,E,,,0.1101,0.5695,,0.3008,C,43,0,荒れ傾向。高配当狙いか見送り,0.5777,"{'is_target': False, 'verdict': '対象外', 'max_combo_prob': None, 'est_top_odds': None, 'circle_concentration': None, 'eligible_count': 0, 'bet_adj': 0, 'reason': '1号艇rel_win1 < 45%: 通常判定に委ねる', 'tenji_trigger': ''}",,,29.7,両建て推奨,14.37,36.1,3,,,,,,,,,,,
2026-03-19,丸亀,3,3,佐藤世那,B1,23.89,3,△,19.3634,26.6,69,30,0.1365,3.025,,,0,低,89,0,ま0% 差ま0%,,0,46.3,0.9908,0,0,0.15,0.05,0,0.3543,0.2343,0.0286,,◎,D,,,0.4562,0.49,,0.3008,C,43,0,荒れ傾向。高配当狙いか見送り,0.5777,"{'is_target': False, 'verdict': '対象外', 'max_combo_prob': None, 'est_top_odds': None, 'circle_concentration': None, 'eligible_count': 0, 'bet_adj': 0, 'reason': '1号艇rel_win1 < 45%: 通常判定に委ねる', 'tenji_trigger': ''}",,,29.7,両建て推奨,14.37,36.1,3,,,,,,,,,,,
2026-03-19,丸亀,3,4,上條嘉嗣,A1,54.78,4,▲,16.2142,31.9,94,57.4,0.2096,4.7407,,,0,低,185,0,-,,0,52.7,1.1585,0,0.08,0.04,0,0,0.0093,0.1705,0.1132,,,A,△,○,0.1272,0.573,0.2266,0.3008,C,43,0,荒れ傾向。高配当狙いか見送り,0.5777,"{'is_target': False, 'verdict': '対象外', 'max_combo_prob': None, 'est_top_odds': None, 'circle_concentration': None, 'eligible_count': 0, 'bet_adj': 0, 'reason': '1号艇rel_win1 < 45%: 通常判定に委ねる', 'tenji_trigger': ''}",,,29.7,両建て推奨,14.37,36.1,3,,,,,,,,,,,
2026-03-19,丸亀,3,5,川北浩貴,B1,41.18,5,○,13.3586,6.4,66,40.3,0.1663,3.3507,,,0,低,146,0,-,,0,26,1.3271,0,0,0,0.069,0,0.1399,0.2257,0.0541,,,B,◎,◎,0.2828,0.6565,0.4034,0.3008,C,43,0,荒れ傾向。高配当狙いか見送り,0.5777,"{'is_target': False, 'verdict': '対象外', 'max_combo_prob': None, 'est_top_odds': None, 'circle_concentration': None, 'eligible_count': 0, 'bet_adj': 0, 'reason': '1号艇rel_win1 < 45%: 通常判定に委ねる', 'tenji_trigger': ''}",,,29.7,両建て推奨,14.37,36.1,3,,,,,,,,,,,
2026-03-19,丸亀,3,6,和合俊介,B1,30.83,6,,1.346,2,35,9.6,0.206,4.6442,,,0,低,102,0,-,,0,28.8,0.7622,,,,,,0.3333,0.5333,0.08,,,C,△,,0.1795,0.6265,,0.3008,C,43,0,荒れ傾向。高配当狙いか見送り,0.5777,"{'is_target': False, 'verdict': '対象外', 'max_combo_prob': None, 'est_top_odds': None, 'circle_concentration': None, 'eligible_count': 0, 'bet_adj': 0, 'reason': '1号艇rel_win1 < 45%: 通常判定に委ねる', 'tenji_trigger': ''}",,,29.7,両建て推奨,14.37,36.1,3,,,,,,,,,,,
2026-03-19,丸亀,4,1,三木晴斗,B1,38.60,1,◎,45.1485,,0,62.2,0.1784,3.4595,,,0,低,97,0,逃1%,,0,57.2,0.8646,0.4,,,,,0.095,0.195,0.155,△,,C,,,,0.5655,,0.2567,B,50,0,◎○△フォーメーション（15〜20点）,0.5777,"{'is_target': True, 'verdict': '点数絞り', 'max_combo_prob': 0.0886, 'est_top_odds': 15.1, 'circle_concentration': 79.6, 'eligible_count': 9, 'bet_adj': 0, 'reason': 'rel_win1=45.1%（本命度） / 最有力組み合わせ確率: 0.089（推定実オッズ?15倍） / 2着集中度: 上位2艇 79.6%（補正+0.04） / 総合判定確率: 0.129 / → ヒモはやや固め。上位2艇以外を切ること', 'tenji_trigger': '展示確認: 1号艇伸び良→そのまま採用。悪→飛び組に差し替え。circle_pct上位2艇に絞り込むこと。'}",,,29.4,両建て推奨,17.28,32.6,3,3-5-4|3-4-5|3-4-6|3-5-6|3-4-1|3-6-4|3-5-1|1-3-4|1-3-2|1-2-3|1-2-4|1-4-3,3-5-4|3-4-5|3-4-6|3-5-6|3-4-1|3-6-4|3-5-1|1-3-4|1-3-2|1-2-3|1-2-4|1-4-3,3-5-4:1.81%|3-4-5:1.58%|3-4-6:1.16%|3-5-6:0.74%|3-4-1:0.51%|3-6-4:0.49%|3-5-1:0.33%|1-3-4:8.62%|1-3-2:7.73%|1-2-3:5.43%|1-2-4:5.17%|1-4-3:4.12%,3-5-4:B_main|3-4-5:B_main|3-4-6:B_main|3-5-6:B_main|3-4-1:B_main|3-6-4:B_main|3-5-1:B_main|1-3-4:A|1-3-2:A|1-2-3:A|1-2-4:A|1-4-3:A,12,12,0.4535,1,[!]見送り推奨（主役決まり手「まくり」― 逃げ劣勢レースで的中実績なし）,主役軸流し,B
2026-03-19,丸亀,4,2,吉岡　誠,B1,22.03,2,,13.9597,23.5,69,30.2,0.1763,3.5349,,,0,低,74,0,-,,0,91.3,1.7138,0,0.05,0,0,0,0.2727,0.0909,0.1818,,,E,,,0.3451,0.573,,0.2567,B,50,0,◎○△フォーメーション（15〜20点）,0.5777,"{'is_target': True, 'verdict': '点数絞り', 'max_combo_prob': 0.0886, 'est_top_odds': 15.1, 'circle_concentration': 79.6, 'eligible_count': 9, 'bet_adj': 0, 'reason': 'rel_win1=45.1%（本命度） / 最有力組み合わせ確率: 0.089（推定実オッズ?15倍） / 2着集中度: 上位2艇 79.6%（補正+0.04） / 総合判定確率: 0.129 / → ヒモはやや固め。上位2艇以外を切ること', 'tenji_trigger': '展示確認: 1号艇伸び良→そのまま採用。悪→飛び組に差し替え。circle_pct上位2艇に絞り込むこと。'}",,,29.4,両建て推奨,17.28,32.6,3,,,,,,,,,,,
2026-03-19,丸亀,4,3,君島秀三,A1,39.50,3,▲,21.6226,56.1,90,72,0.1336,2.36,,,0,低,60,0,ま0% 差ま0%,,0,78.5,1.589,0,0,0.1304,0.1304,0,0.0767,0.0333,0.1617,,◎,C,○,,0.5181,0.6695,,0.2567,B,50,0,◎○△フォーメーション（15〜20点）,0.5777,"{'is_target': True, 'verdict': '点数絞り', 'max_combo_prob': 0.0886, 'est_top_odds': 15.1, 'circle_concentration': 79.6, 'eligible_count': 9, 'bet_adj': 0, 'reason': 'rel_win1=45.1%（本命度） / 最有力組み合わせ確率: 0.089（推定実オッズ?15倍） / 2着集中度: 上位2艇 79.6%（補正+0.04） / 総合判定確率: 0.129 / → ヒモはやや固め。上位2艇以外を切ること', 'tenji_trigger': '展示確認: 1号艇伸び良→そのまま採用。悪→飛び組に差し替え。circle_pct上位2艇に絞り込むこと。'}",,,29.4,両建て推奨,17.28,32.6,3,,,,,,,,,,,
2026-03-19,丸亀,4,4,前田健太,B1,46.96,4,○,14.3496,15.1,100,46.2,0.172,3.3385,,,0,低,137,0,抜1%,,0,62.3,1.17,0,0,0.0769,0.0385,0.0769,0.1746,0.1302,0.1302,,,A,△,◎,0.3476,0.6055,0.1996,0.2567,B,50,0,◎○△フォーメーション（15〜20点）,0.5777,"{'is_target': True, 'verdict': '点数絞り', 'max_combo_prob': 0.0886, 'est_top_odds': 15.1, 'circle_concentration': 79.6, 'eligible_count': 9, 'bet_adj': 0, 'reason': 'rel_win1=45.1%（本命度） / 最有力組み合わせ確率: 0.089（推定実オッズ?15倍） / 2着集中度: 上位2艇 79.6%（補正+0.04） / 総合判定確率: 0.129 / → ヒモはやや固め。上位2艇以外を切ること', 'tenji_trigger': '展示確認: 1号艇伸び良→そのまま採用。悪→飛び組に差し替え。circle_pct上位2艇に絞り込むこと。'}",,,29.4,両建て推奨,17.28,32.6,3,,,,,,,,,,,
2026-03-19,丸亀,4,5,冨成謙児,B1,43.48,5,△,3.6904,3,64,21,0.176,4.2469,,,0,低,112,0,-,,0,55.3,1.0326,,,,,,0.3043,0.1739,0.1739,,,B,◎,,0.3488,0.6875,,0.2567,B,50,0,◎○△フォーメーション（15〜20点）,0.5777,"{'is_target': True, 'verdict': '点数絞り', 'max_combo_prob': 0.0886, 'est_top_odds': 15.1, 'circle_concentration': 79.6, 'eligible_count': 9, 'bet_adj': 0, 'reason': 'rel_win1=45.1%（本命度） / 最有力組み合わせ確率: 0.089（推定実オッズ?15倍） / 2着集中度: 上位2艇 79.6%（補正+0.04） / 総合判定確率: 0.129 / → ヒモはやや固め。上位2艇以外を切ること', 'tenji_trigger': '展示確認: 1号艇伸び良→そのまま採用。悪→飛び組に差し替え。circle_pct上位2艇に絞り込むこと。'}",,,29.4,両建て推奨,17.28,32.6,3,,,,,,,,,,,
2026-03-19,丸亀,4,6,相原利章,A2,37.61,6,,1.2291,2.3,53,23.3,0.1308,2.75,,,0,低,43,0,-,,0,30.1,0.3628,,,,,,0.0933,0.2033,0.2633,,○,D,△,,0.4907,0.643,,0.2567,B,50,0,◎○△フォーメーション（15〜20点）,0.5777,"{'is_target': True, 'verdict': '点数絞り', 'max_combo_prob': 0.0886, 'est_top_odds': 15.1, 'circle_concentration': 79.6, 'eligible_count': 9, 'bet_adj': 0, 'reason': 'rel_win1=45.1%（本命度） / 最有力組み合わせ確率: 0.089（推定実オッズ?15倍） / 2着集中度: 上位2艇 79.6%（補正+0.04） / 総合判定確率: 0.129 / → ヒモはやや固め。上位2艇以外を切ること', 'tenji_trigger': '展示確認: 1号艇伸び良→そのまま採用。悪→飛び組に差し替え。circle_pct上位2艇に絞り込むこと。'}",,,29.4,両建て推奨,17.28,32.6,3,,,,,,,,,,,
2026-03-19,丸亀,5,1,佐竹太一,B1,26.72,1,◎,54.3039,,0,68.9,0.1771,3.5444,,,0,低,176,0,逃1%,,0,43.3,0.7801,0.5,,,,,0.2727,0.0364,0.1727,○,,E,△,,,0.589,,0.3856,A,62,0,◎-○軸 3着3〜4艇流し（10〜15点）,0.5777,"{'is_target': True, 'verdict': '点数絞り', 'max_combo_prob': 0.1054, 'est_top_odds': 12.7, 'circle_concentration': 92.1, 'eligible_count': 8, 'bet_adj': 0, 'reason': 'rel_win1=54.3%（本命度） / 最有力組み合わせ確率: 0.105（推定実オッズ?13倍） / 2着集中度: 上位2艇 92.1%（補正+0.04） / 総合判定確率: 0.145 / → ヒモはやや固め。上位2艇以外を切ること', 'tenji_trigger': '展示確認: 1号艇伸び良→そのまま採用。悪→飛び組に差し替え。circle_pct上位2艇に絞り込むこと。'}",,,29,両建て推奨,13.72,34.6,3,,,,,0,0,0.6155,0,,逃げ軸流し,A
2026-03-19,丸亀,5,2,庄司孝輔,B1,40.50,2,,10.5418,52.2,89,55.6,0.1906,4.2963,,,0,低,133,0,-,,0,86.8,1.6045,0,0,0,0,0.0435,0.016,0.2,0.08,,,C,△,,0.2334,0.577,,0.3856,A,62,0,◎-○軸 3着3〜4艇流し（10〜15点）,0.5777,"{'is_target': True, 'verdict': '点数絞り', 'max_combo_prob': 0.1054, 'est_top_odds': 12.7, 'circle_concentration': 92.1, 'eligible_count': 8, 'bet_adj': 0, 'reason': 'rel_win1=54.3%（本命度） / 最有力組み合わせ確率: 0.105（推定実オッズ?13倍） / 2着集中度: 上位2艇 92.1%（補正+0.04） / 総合判定確率: 0.145 / → ヒモはやや固め。上位2艇以外を切ること', 'tenji_trigger': '展示確認: 1号艇伸び良→そのまま採用。悪→飛び組に差し替え。circle_pct上位2艇に絞り込むこと。'}",,,29,両建て推奨,13.72,34.6,3,,,,,,,,,,,
2026-03-19,丸亀,5,3,西丸侑太,A1,42.98,3,○,19.0254,39.9,100,72.5,0.1655,3.2375,,,0,低,100,0,-,,0,35.7,0.9762,0,0.0476,0.0476,0.0476,0.0476,0,0.1314,0.0429,,◎,B,○,,0.3667,0.6105,,0.3856,A,62,0,◎-○軸 3着3〜4艇流し（10〜15点）,0.5777,"{'is_target': True, 'verdict': '点数絞り', 'max_combo_prob': 0.1054, 'est_top_odds': 12.7, 'circle_concentration': 92.1, 'eligible_count': 8, 'bet_adj': 0, 'reason': 'rel_win1=54.3%（本命度） / 最有力組み合わせ確率: 0.105（推定実オッズ?13倍） / 2着集中度: 上位2艇 92.1%（補正+0.04） / 総合判定確率: 0.145 / → ヒモはやや固め。上位2艇以外を切ること', 'tenji_trigger': '展示確認: 1号艇伸び良→そのまま採用。悪→飛び組に差し替え。circle_pct上位2艇に絞り込むこと。'}",,,29,両建て推奨,13.72,34.6,3,,,,,,,,,,,
2026-03-19,丸亀,5,4,齋藤智裕,B1,54.78,4,▲,11.1269,4.5,59,13.6,0.1798,3.7045,,,0,低,102,0,-,,0,27.9,0.8036,0,0,0.04,0,0,0.3576,0.4047,0,,,A,○,,0.2804,0.6105,,0.3856,A,62,0,◎-○軸 3着3〜4艇流し（10〜15点）,0.5777,"{'is_target': True, 'verdict': '点数絞り', 'max_combo_prob': 0.1054, 'est_top_odds': 12.7, 'circle_concentration': 92.1, 'eligible_count': 8, 'bet_adj': 0, 'reason': 'rel_win1=54.3%（本命度） / 最有力組み合わせ確率: 0.105（推定実オッズ?13倍） / 2着集中度: 上位2艇 92.1%（補正+0.04） / 総合判定確率: 0.145 / → ヒモはやや固め。上位2艇以外を切ること', 'tenji_trigger': '展示確認: 1号艇伸び良→そのまま採用。悪→飛び組に差し替え。circle_pct上位2艇に絞り込むこと。'}",,,29,両建て推奨,13.72,34.6,3,,,,,,,,,,,
2026-03-19,丸亀,5,5,渡辺空依,B1,26.61,5,,3.5766,3,79,32.6,0.1819,3.907,,,0,低,103,0,-,,0,39,0.8881,,,,,,0.0286,0.1143,0.0286,,,E,,,0.3036,0.54,,0.3856,A,62,0,◎-○軸 3着3〜4艇流し（10〜15点）,0.5777,"{'is_target': True, 'verdict': '点数絞り', 'max_combo_prob': 0.1054, 'est_top_odds': 12.7, 'circle_concentration': 92.1, 'eligible_count': 8, 'bet_adj': 0, 'reason': 'rel_win1=54.3%（本命度） / 最有力組み合わせ確率: 0.105（推定実オッズ?13倍） / 2着集中度: 上位2艇 92.1%（補正+0.04） / 総合判定確率: 0.145 / → ヒモはやや固め。上位2艇以外を切ること', 'tenji_trigger': '展示確認: 1号艇伸び良→そのまま採用。悪→飛び組に差し替え。circle_pct上位2艇に絞り込むこと。'}",,,29,両建て推奨,13.72,34.6,3,,,,,,,,,,,
2026-03-19,丸亀,5,6,川島圭司,A2,45.22,6,△,1.4253,0.4,31,26.3,0.1621,3.7544,,,0,低,79,0,-,,0,26.1,0.7694,,,,,,0.0353,0.1553,0.1553,,,B,◎,,0.3632,0.665,,0.3856,A,62,0,◎-○軸 3着3〜4艇流し（10〜15点）,0.5777,"{'is_target': True, 'verdict': '点数絞り', 'max_combo_prob': 0.1054, 'est_top_odds': 12.7, 'circle_concentration': 92.1, 'eligible_count': 8, 'bet_adj': 0, 'reason': 'rel_win1=54.3%（本命度） / 最有力組み合わせ確率: 0.105（推定実オッズ?13倍） / 2着集中度: 上位2艇 92.1%（補正+0.04） / 総合判定確率: 0.145 / → ヒモはやや固め。上位2艇以外を切ること', 'tenji_trigger': '展示確認: 1号艇伸び良→そのまま採用。悪→飛び組に差し替え。circle_pct上位2艇に絞り込むこと。'}",,,29,両建て推奨,13.72,34.6,3,,,,,,,,,,,
2026-03-19,丸亀,6,1,加倉侑征,A2,49.57,1,◎,56.5097,,0,81.8,0.1293,2.9273,,,0,低,56,0,逃1%,,0,75.8,0.9001,0.4667,,,,,0.2933,0.1333,0.16,◎,,A,,,,0.6175,,0.5196,S,80,0,◎1着固定 2-3着流し（5〜8点）,0.5777,"{'is_target': True, 'verdict': '参加推奨', 'max_combo_prob': 0.1169, 'est_top_odds': 11.4, 'circle_concentration': 69.7, 'eligible_count': 6, 'bet_adj': 2, 'reason': 'rel_win1=56.5%（本命度） / 最有力組み合わせ確率: 0.117（推定実オッズ?11倍） / 2着集中度: 上位2艇 69.7%（補正+0.00） / 総合判定確率: 0.117 / → ヒモ分散。1号艇1着固定で広めのヒモ流し推奨（買い目+2点）', 'tenji_trigger': '展示確認: ヒモ分散レース。1号艇伸び確認後、広めのヒモ流しを採用。穴ヒモ（5・6号艇）を積極的に含める。\n展示で1号艇スタート超安定(0.129秒)→ヒモ固まり方向に注意'}",,,29.4,逃げ狙い,14.37,35.2,2,,,,,0,0,0.7559,0,,逃げ軸流し,A
2026-03-19,丸亀,6,2,木場悠介,B1,29.09,2,▲,13.8863,48.8,83,64.9,0.1551,3.2807,,,0,低,101,0,差0%,,0,79.6,1.2531,0,0.0385,0.0769,0,0.0769,0.032,0.132,0.244,,,C,○,,0.106,0.652,,0.5196,S,80,0,◎1着固定 2-3着流し（5〜8点）,0.5777,"{'is_target': True, 'verdict': '参加推奨', 'max_combo_prob': 0.1169, 'est_top_odds': 11.4, 'circle_concentration': 69.7, 'eligible_count': 6, 'bet_adj': 2, 'reason': 'rel_win1=56.5%（本命度） / 最有力組み合わせ確率: 0.117（推定実オッズ?11倍） / 2着集中度: 上位2艇 69.7%（補正+0.00） / 総合判定確率: 0.117 / → ヒモ分散。1号艇1着固定で広めのヒモ流し推奨（買い目+2点）', 'tenji_trigger': '展示確認: ヒモ分散レース。1号艇伸び確認後、広めのヒモ流しを採用。穴ヒモ（5・6号艇）を積極的に含める。\n展示で1号艇スタート超安定(0.129秒)→ヒモ固まり方向に注意'}",,,29.4,逃げ狙い,14.37,35.2,2,,,,,,,,,,,
2026-03-19,丸亀,6,3,浜本裕己,A2,18.97,3,,7.2612,17.7,100,43.5,0.1618,3.4194,,,0,低,123,0,-,,0,50.5,0.8033,0,0,0,0.0333,0,0.1219,0.0906,0.1829,,,E,△,,0.1493,0.6345,,0.5196,S,80,0,◎1着固定 2-3着流し（5〜8点）,0.5777,"{'is_target': True, 'verdict': '参加推奨', 'max_combo_prob': 0.1169, 'est_top_odds': 11.4, 'circle_concentration': 69.7, 'eligible_count': 6, 'bet_adj': 2, 'reason': 'rel_win1=56.5%（本命度） / 最有力組み合わせ確率: 0.117（推定実オッズ?11倍） / 2着集中度: 上位2艇 69.7%（補正+0.00） / 総合判定確率: 0.117 / → ヒモ分散。1号艇1着固定で広めのヒモ流し推奨（買い目+2点）', 'tenji_trigger': '展示確認: ヒモ分散レース。1号艇伸び確認後、広めのヒモ流しを採用。穴ヒモ（5・6号艇）を積極的に含める。\n展示で1号艇スタート超安定(0.129秒)→ヒモ固まり方向に注意'}",,,29.4,逃げ狙い,14.37,35.2,2,,,,,,,,,,,
2026-03-19,丸亀,6,4,牟田奨太,B1,38.46,4,○,11.2326,9.1,49,38.5,0.1338,2.9135,,,0,低,75,0,ま0% 差ま0%,,0,57.1,1.0053,0,0,0.1,0.0667,0,0.1727,0.1379,0.087,,,B,△,◎,0.3096,0.6255,0.3808,0.5196,S,80,0,◎1着固定 2-3着流し（5〜8点）,0.5777,"{'is_target': True, 'verdict': '参加推奨', 'max_combo_prob': 0.1169, 'est_top_odds': 11.4, 'circle_concentration': 69.7, 'eligible_count': 6, 'bet_adj': 2, 'reason': 'rel_win1=56.5%（本命度） / 最有力組み合わせ確率: 0.117（推定実オッズ?11倍） / 2着集中度: 上位2艇 69.7%（補正+0.00） / 総合判定確率: 0.117 / → ヒモ分散。1号艇1着固定で広めのヒモ流し推奨（買い目+2点）', 'tenji_trigger': '展示確認: ヒモ分散レース。1号艇伸び確認後、広めのヒモ流しを採用。穴ヒモ（5・6号艇）を積極的に含める。\n展示で1号艇スタート超安定(0.129秒)→ヒモ固まり方向に注意'}",,,29.4,逃げ狙い,14.37,35.2,2,,,,,,,,,,,
2026-03-19,丸亀,6,5,有賀達也,A1,28.70,5,△,10.073,20.9,67,51.6,0.1397,2.7016,,,0,低,73,0,-,,0,26.3,0.6312,0,0,0,0.0476,0,0.0345,0.1379,0.0345,,,D,◎,○,0.2696,0.657,0.368,0.5196,S,80,0,◎1着固定 2-3着流し（5〜8点）,0.5777,"{'is_target': True, 'verdict': '参加推奨', 'max_combo_prob': 0.1169, 'est_top_odds': 11.4, 'circle_concentration': 69.7, 'eligible_count': 6, 'bet_adj': 2, 'reason': 'rel_win1=56.5%（本命度） / 最有力組み合わせ確率: 0.117（推定実オッズ?11倍） / 2着集中度: 上位2艇 69.7%（補正+0.00） / 総合判定確率: 0.117 / → ヒモ分散。1号艇1着固定で広めのヒモ流し推奨（買い目+2点）', 'tenji_trigger': '展示確認: ヒモ分散レース。1号艇伸び確認後、広めのヒモ流しを採用。穴ヒモ（5・6号艇）を積極的に含める。\n展示で1号艇スタート超安定(0.129秒)→ヒモ固まり方向に注意'}",,,29.4,逃げ狙い,14.37,35.2,2,,,,,,,,,,,
2026-03-19,丸亀,6,6,峰重侑治,B2,27.12,6,,1.0372,3.5,20,22.8,0.2002,4.5439,,,0,低,114,0,-,,0,28.5,1.0169,,,,,,0.2267,0.0533,0,,,D,,,0.1585,0.6135,,0.5196,S,80,0,◎1着固定 2-3着流し（5〜8点）,0.5777,"{'is_target': True, 'verdict': '参加推奨', 'max_combo_prob': 0.1169, 'est_top_odds': 11.4, 'circle_concentration': 69.7, 'eligible_count': 6, 'bet_adj': 2, 'reason': 'rel_win1=56.5%（本命度） / 最有力組み合わせ確率: 0.117（推定実オッズ?11倍） / 2着集中度: 上位2艇 69.7%（補正+0.00） / 総合判定確率: 0.117 / → ヒモ分散。1号艇1着固定で広めのヒモ流し推奨（買い目+2点）', 'tenji_trigger': '展示確認: ヒモ分散レース。1号艇伸び確認後、広めのヒモ流しを採用。穴ヒモ（5・6号艇）を積極的に含める。\n展示で1号艇スタート超安定(0.129秒)→ヒモ固まり方向に注意'}",,,29.4,逃げ狙い,14.37,35.2,2,,,,,,,,,,,
2026-03-19,丸亀,7,1,桑原　啓,B1,27.19,1,◎,50.6441,,0,71.1,0.1564,3.4111,,,0,低,104,0,逃0%,,0,55.8,0.9297,0.25,,,,,0.3,0.22,0.18,○,,D,○,,,0.6545,,0.359,B,57,0,◎○△フォーメーション（15〜20点）,0.5777,"{'is_target': True, 'verdict': '点数絞り', 'max_combo_prob': 0.1039, 'est_top_odds': 12.8, 'circle_concentration': 70.0, 'eligible_count': 9, 'bet_adj': 0, 'reason': 'rel_win1=50.6%（本命度） / 最有力組み合わせ確率: 0.104（推定実オッズ?13倍） / 2着集中度: 上位2艇 70.0%（補正+0.04） / 総合判定確率: 0.144 / → ヒモはやや固め。上位2艇以外を切ること', 'tenji_trigger': '展示確認: 1号艇伸び良→そのまま採用。悪→飛び組に差し替え。circle_pct上位2艇に絞り込むこと。'}",,,31.4,両建て推奨,16.61,38.9,2,,,,,0,0,0.6155,0,,主役軸流し,B
2026-03-19,丸亀,7,2,森　悠稀,A2,30.17,2,▲,11.8933,47.4,85,68.8,0.1497,3.3443,,,0,低,62,0,-,,0,99.6,1.935,0,0,0.037,0,0,0.0552,0.0276,0.0552,,◎,C,◎,,0.4156,0.6755,,0.359,B,57,0,◎○△フォーメーション（15〜20点）,0.5777,"{'is_target': True, 'verdict': '点数絞り', 'max_combo_prob': 0.1039, 'est_top_odds': 12.8, 'circle_concentration': 70.0, 'eligible_count': 9, 'bet_adj': 0, 'reason': 'rel_win1=50.6%（本命度） / 最有力組み合わせ確率: 0.104（推定実オッズ?13倍） / 2着集中度: 上位2艇 70.0%（補正+0.04） / 総合判定確率: 0.144 / → ヒモはやや固め。上位2艇以外を切ること', 'tenji_trigger': '展示確認: 1号艇伸び良→そのまま採用。悪→飛び組に差し替え。circle_pct上位2艇に絞り込むこと。'}",,,31.4,両建て推奨,16.61,38.9,2,,,,,,,,,,,
2026-03-19,丸亀,7,3,大谷健太,B2,39.66,3,△,12.2529,16.6,60,36,0.181,3.88,,,0,低,101,0,-,,0,49.8,1.3238,0,0,0.0556,0.0556,0,0,0.0857,0.1286,,,B,,,0.2088,0.605,,0.359,B,57,0,◎○△フォーメーション（15〜20点）,0.5777,"{'is_target': True, 'verdict': '点数絞り', 'max_combo_prob': 0.1039, 'est_top_odds': 12.8, 'circle_concentration': 70.0, 'eligible_count': 9, 'bet_adj': 0, 'reason': 'rel_win1=50.6%（本命度） / 最有力組み合わせ確率: 0.104（推定実オッズ?13倍） / 2着集中度: 上位2艇 70.0%（補正+0.04） / 総合判定確率: 0.144 / → ヒモはやや固め。上位2艇以外を切ること', 'tenji_trigger': '展示確認: 1号艇伸び良→そのまま採用。悪→飛び組に差し替え。circle_pct上位2艇に絞り込むこと。'}",,,31.4,両建て推奨,16.61,38.9,2,,,,,,,,,,,
2026-03-19,丸亀,7,4,船岡洋一,A1,19.27,4,,13.5447,22.6,100,67.3,0.1439,3.0612,,,0,低,67,0,差ま0%,,0,46.2,1.0672,0,0,0.05,0.15,0,0.0811,0.027,0.1081,,,E,△,◎,0.3941,0.6315,0.418,0.359,B,57,0,◎○△フォーメーション（15〜20点）,0.5777,"{'is_target': True, 'verdict': '点数絞り', 'max_combo_prob': 0.1039, 'est_top_odds': 12.8, 'circle_concentration': 70.0, 'eligible_count': 9, 'bet_adj': 0, 'reason': 'rel_win1=50.6%（本命度） / 最有力組み合わせ確率: 0.104（推定実オッズ?13倍） / 2着集中度: 上位2艇 70.0%（補正+0.04） / 総合判定確率: 0.144 / → ヒモはやや固め。上位2艇以外を切ること', 'tenji_trigger': '展示確認: 1号艇伸び良→そのまま採用。悪→飛び組に差し替え。circle_pct上位2艇に絞り込むこと。'}",,,31.4,両建て推奨,16.61,38.9,2,,,,,,,,,,,
2026-03-19,丸亀,7,5,中井俊祐,B1,32.20,5,○,10.2825,10.1,14,22.4,0.1547,3.2069,,,0,低,130,0,差0% 差ま0%,,0,26.9,0.6893,0,0.04,0,0.12,0,0.1333,0.3167,0.2,,,C,△,○,0.3352,0.6095,0.2792,0.359,B,57,0,◎○△フォーメーション（15〜20点）,0.5777,"{'is_target': True, 'verdict': '点数絞り', 'max_combo_prob': 0.1039, 'est_top_odds': 12.8, 'circle_concentration': 70.0, 'eligible_count': 9, 'bet_adj': 0, 'reason': 'rel_win1=50.6%（本命度） / 最有力組み合わせ確率: 0.104（推定実オッズ?13倍） / 2着集中度: 上位2艇 70.0%（補正+0.04） / 総合判定確率: 0.144 / → ヒモはやや固め。上位2艇以外を切ること', 'tenji_trigger': '展示確認: 1号艇伸び良→そのまま採用。悪→飛び組に差し替え。circle_pct上位2艇に絞り込むこと。'}",,,31.4,両建て推奨,16.61,38.9,2,,,,,,,,,,,
2026-03-19,丸亀,7,6,荒井翔伍,A2,41.88,6,,1.3826,3.3,57,28.3,0.1681,3.5849,,,0,低,81,0,-,,0,45.8,1.1181,,,,,,0.0148,0.1046,0.3287,,,A,△,,0.3074,0.6315,,0.359,B,57,0,◎○△フォーメーション（15〜20点）,0.5777,"{'is_target': True, 'verdict': '点数絞り', 'max_combo_prob': 0.1039, 'est_top_odds': 12.8, 'circle_concentration': 70.0, 'eligible_count': 9, 'bet_adj': 0, 'reason': 'rel_win1=50.6%（本命度） / 最有力組み合わせ確率: 0.104（推定実オッズ?13倍） / 2着集中度: 上位2艇 70.0%（補正+0.04） / 総合判定確率: 0.144 / → ヒモはやや固め。上位2艇以外を切ること', 'tenji_trigger': '展示確認: 1号艇伸び良→そのまま採用。悪→飛び組に差し替え。circle_pct上位2艇に絞り込むこと。'}",,,31.4,両建て推奨,16.61,38.9,2,,,,,,,,,,,
2026-03-19,丸亀,8,1,山ノ内雅,A2,34.48,1,◎,68.0613,,0,97.6,0.1432,2.3659,,,0,低,97,0,逃1%,,0,93.6,1.2704,0.5676,,,,,0.1041,0.0432,0.0324,◎,,C,◎,,,0.6915,,0.6458,S,80,0,◎1着固定 2-3着流し（5〜8点）,0.5777,"{'is_target': True, 'verdict': '点数絞り', 'max_combo_prob': 0.139, 'est_top_odds': 9.6, 'circle_concentration': 77.6, 'eligible_count': 6, 'bet_adj': 0, 'reason': 'rel_win1=68.1%（本命度） / 最有力組み合わせ確率: 0.139（推定実オッズ?10倍） / 2着集中度: 上位2艇 77.6%（補正+0.04） / 総合判定確率: 0.179 / → ヒモはやや固め。上位2艇以外を切ること', 'tenji_trigger': '展示確認: 1号艇伸び良→そのまま採用。悪→飛び組に差し替え。circle_pct上位2艇に絞り込むこと。'}",,,27.3,逃げ狙い,18.26,26,2,,,,,0,0,0.7559,0,,逃げ軸流し,A
2026-03-19,丸亀,8,2,原田篤志,A1,37.93,2,○,18.0934,55.5,100,76.6,0.1485,3.4574,,,0,低,122,0,差0%,,0,31.6,0.7512,0,0.2632,0,0,0.0526,0.02,0.125,0.02,,◎,B,,,0.3253,0.5685,,0.6458,S,80,0,◎1着固定 2-3着流し（5〜8点）,0.5777,"{'is_target': True, 'verdict': '点数絞り', 'max_combo_prob': 0.139, 'est_top_odds': 9.6, 'circle_concentration': 77.6, 'eligible_count': 6, 'bet_adj': 0, 'reason': 'rel_win1=68.1%（本命度） / 最有力組み合わせ確率: 0.139（推定実オッズ?10倍） / 2着集中度: 上位2艇 77.6%（補正+0.04） / 総合判定確率: 0.179 / → ヒモはやや固め。上位2艇以外を切ること', 'tenji_trigger': '展示確認: 1号艇伸び良→そのまま採用。悪→飛び組に差し替え。circle_pct上位2艇に絞り込むこと。'}",,,27.3,逃げ狙い,18.26,26,2,,,,,,,,,,,
2026-03-19,丸亀,8,3,和合俊介,B1,30.83,3,△,4.448,22.2,75,36.1,0.1495,2.8115,,,0,低,102,0,-,,0,25.5,0.6927,,,,,,0.3333,0.5333,0.08,,,C,△,,0.2828,0.6265,,0.6458,S,80,0,◎1着固定 2-3着流し（5〜8点）,0.5777,"{'is_target': True, 'verdict': '点数絞り', 'max_combo_prob': 0.139, 'est_top_odds': 9.6, 'circle_concentration': 77.6, 'eligible_count': 6, 'bet_adj': 0, 'reason': 'rel_win1=68.1%（本命度） / 最有力組み合わせ確率: 0.139（推定実オッズ?10倍） / 2着集中度: 上位2艇 77.6%（補正+0.04） / 総合判定確率: 0.179 / → ヒモはやや固め。上位2艇以外を切ること', 'tenji_trigger': '展示確認: 1号艇伸び良→そのまま採用。悪→飛び組に差し替え。circle_pct上位2艇に絞り込むこと。'}",,,27.3,逃げ狙い,18.26,26,2,,,,,,,,,,,
2026-03-19,丸亀,8,4,藤田靖弘,A2,25.64,4,,6.4227,20,77,54.3,0.16,3.2429,,,0,低,111,0,差ま0%,,0,42.7,0.8934,0,0.0645,0,0.0968,0.0323,0.0533,0.115,0.0267,,,D,○,◎,0.235,0.6755,0.4892,0.6458,S,80,0,◎1着固定 2-3着流し（5〜8点）,0.5777,"{'is_target': True, 'verdict': '点数絞り', 'max_combo_prob': 0.139, 'est_top_odds': 9.6, 'circle_concentration': 77.6, 'eligible_count': 6, 'bet_adj': 0, 'reason': 'rel_win1=68.1%（本命度） / 最有力組み合わせ確率: 0.139（推定実オッズ?10倍） / 2着集中度: 上位2艇 77.6%（補正+0.04） / 総合判定確率: 0.179 / → ヒモはやや固め。上位2艇以外を切ること', 'tenji_trigger': '展示確認: 1号艇伸び良→そのまま採用。悪→飛び組に差し替え。circle_pct上位2艇に絞り込むこと。'}",,,27.3,逃げ狙い,18.26,26,2,,,,,,,,,,,
2026-03-19,丸亀,8,5,天野　誠,B1,23.68,5,,1.561,2,98,21.7,0.2039,3.9457,,,0,低,126,0,-,,0,55.8,1.2329,,,,,,0.2667,0.0667,0.6,,,E,△,,0.1435,0.582,,0.6458,S,80,0,◎1着固定 2-3着流し（5〜8点）,0.5777,"{'is_target': True, 'verdict': '点数絞り', 'max_combo_prob': 0.139, 'est_top_odds': 9.6, 'circle_concentration': 77.6, 'eligible_count': 6, 'bet_adj': 0, 'reason': 'rel_win1=68.1%（本命度） / 最有力組み合わせ確率: 0.139（推定実オッズ?10倍） / 2着集中度: 上位2艇 77.6%（補正+0.04） / 総合判定確率: 0.179 / → ヒモはやや固め。上位2艇以外を切ること', 'tenji_trigger': '展示確認: 1号艇伸び良→そのまま採用。悪→飛び組に差し替え。circle_pct上位2艇に絞り込むこと。'}",,,27.3,逃げ狙い,18.26,26,2,,,,,,,,,,,
2026-03-19,丸亀,8,6,日高龍之,B2,45.69,6,▲,1.4136,0.4,16,3.3,0.2102,4.5656,,,0,低,49,0,-,,0,22.4,0.6128,0,0,0,0.0164,0,,,,,,A,,,0.1057,0.529,,0.6458,S,80,0,◎1着固定 2-3着流し（5〜8点）,0.5777,"{'is_target': True, 'verdict': '点数絞り', 'max_combo_prob': 0.139, 'est_top_odds': 9.6, 'circle_concentration': 77.6, 'eligible_count': 6, 'bet_adj': 0, 'reason': 'rel_win1=68.1%（本命度） / 最有力組み合わせ確率: 0.139（推定実オッズ?10倍） / 2着集中度: 上位2艇 77.6%（補正+0.04） / 総合判定確率: 0.179 / → ヒモはやや固め。上位2艇以外を切ること', 'tenji_trigger': '展示確認: 1号艇伸び良→そのまま採用。悪→飛び組に差し替え。circle_pct上位2艇に絞り込むこと。'}",,,27.3,逃げ狙い,18.26,26,2,,,,,,,,,,,
2026-03-19,丸亀,9,1,川北浩貴,B1,41.18,1,◎,64.4565,,0,87.6,0.1571,2.8557,,,0,低,146,0,-,,0,91.2,1.221,0.4865,,,,,0.1399,0.2257,0.0541,◎,,B,◎,,,0.6565,,0.4527,S,89,0,◎1着固定 2-3着流し（5〜8点）,0.5777,"{'is_target': True, 'verdict': '点数絞り', 'max_combo_prob': 0.1103, 'est_top_odds': 12.1, 'circle_concentration': 79.3, 'eligible_count': 6, 'bet_adj': 0, 'reason': 'rel_win1=64.5%（本命度） / 最有力組み合わせ確率: 0.110（推定実オッズ?12倍） / 2着集中度: 上位2艇 79.3%（補正+0.04） / 総合判定確率: 0.150 / → ヒモはやや固め。上位2艇以外を切ること', 'tenji_trigger': '展示確認: 1号艇伸び良→そのまま採用。悪→飛び組に差し替え。circle_pct上位2艇に絞り込むこと。'}",,,29.3,逃げ狙い,17.06,32.6,2,,,,,0,0,0.7559,0,,逃げ軸流し,A
2026-03-19,丸亀,9,2,相原利章,A2,37.61,2,▲,10.6216,53,93,72.5,0.1263,2.5784,,,0,低,43,0,ま0% 抜0%,,0,56.1,1.1433,0,0,0.0435,0,0.0435,0.0933,0.2033,0.2633,,◎,C,○,,0.5757,0.643,,0.4527,S,89,0,◎1着固定 2-3着流し（5〜8点）,0.5777,"{'is_target': True, 'verdict': '点数絞り', 'max_combo_prob': 0.1103, 'est_top_odds': 12.1, 'circle_concentration': 79.3, 'eligible_count': 6, 'bet_adj': 0, 'reason': 'rel_win1=64.5%（本命度） / 最有力組み合わせ確率: 0.110（推定実オッズ?12倍） / 2着集中度: 上位2艇 79.3%（補正+0.04） / 総合判定確率: 0.150 / → ヒモはやや固め。上位2艇以外を切ること', 'tenji_trigger': '展示確認: 1号艇伸び良→そのまま採用。悪→飛び組に差し替え。circle_pct上位2艇に絞り込むこと。'}",,,29.3,逃げ狙い,17.06,32.6,2,,,,,,,,,,,
2026-03-19,丸亀,9,3,原田雄次,B1,36.75,3,△,11.3453,26.2,81,60.9,0.1907,3.9022,,,0,低,136,0,差ま0%,,0,43.2,1.1535,0,0,0,0.0625,0,0,0.25,0.375,,,C,,,0.1526,0.5155,,0.4527,S,89,0,◎1着固定 2-3着流し（5〜8点）,0.5777,"{'is_target': True, 'verdict': '点数絞り', 'max_combo_prob': 0.1103, 'est_top_odds': 12.1, 'circle_concentration': 79.3, 'eligible_count': 6, 'bet_adj': 0, 'reason': 'rel_win1=64.5%（本命度） / 最有力組み合わせ確率: 0.110（推定実オッズ?12倍） / 2着集中度: 上位2艇 79.3%（補正+0.04） / 総合判定確率: 0.150 / → ヒモはやや固め。上位2艇以外を切ること', 'tenji_trigger': '展示確認: 1号艇伸び良→そのまま採用。悪→飛び組に差し替え。circle_pct上位2艇に絞り込むこと。'}",,,29.3,逃げ狙い,17.06,32.6,2,,,,,,,,,,,
2026-03-19,丸亀,9,4,川田正人,B1,29.03,4,,5.402,14.3,100,50,0.1615,3.5648,,,0,低,152,0,-,,0,45.2,0.9566,,,,,,0.1373,0.3263,0.0387,,,E,△,,0.3295,0.614,,0.4527,S,89,0,◎1着固定 2-3着流し（5〜8点）,0.5777,"{'is_target': True, 'verdict': '点数絞り', 'max_combo_prob': 0.1103, 'est_top_odds': 12.1, 'circle_concentration': 79.3, 'eligible_count': 6, 'bet_adj': 0, 'reason': 'rel_win1=64.5%（本命度） / 最有力組み合わせ確率: 0.110（推定実オッズ?12倍） / 2着集中度: 上位2艇 79.3%（補正+0.04） / 総合判定確率: 0.150 / → ヒモはやや固め。上位2艇以外を切ること', 'tenji_trigger': '展示確認: 1号艇伸び良→そのまま採用。悪→飛び組に差し替え。circle_pct上位2艇に絞り込むこと。'}",,,29.3,逃げ狙い,17.06,32.6,2,,,,,,,,,,,
2026-03-19,丸亀,9,5,柴田朋哉,A2,42.02,5,○,6.8453,5.4,79,52.8,0.1296,2.7264,,,0,低,105,0,差ま0%,,0,82.1,1.5121,0,0,0,0.0526,0,0.0727,0.1584,0.1221,,○,B,△,,0.4045,0.5935,,0.4527,S,89,0,◎1着固定 2-3着流し（5〜8点）,0.5777,"{'is_target': True, 'verdict': '点数絞り', 'max_combo_prob': 0.1103, 'est_top_odds': 12.1, 'circle_concentration': 79.3, 'eligible_count': 6, 'bet_adj': 0, 'reason': 'rel_win1=64.5%（本命度） / 最有力組み合わせ確率: 0.110（推定実オッズ?12倍） / 2着集中度: 上位2艇 79.3%（補正+0.04） / 総合判定確率: 0.150 / → ヒモはやや固め。上位2艇以外を切ること', 'tenji_trigger': '展示確認: 1号艇伸び良→そのまま採用。悪→飛び組に差し替え。circle_pct上位2艇に絞り込むこと。'}",,,29.3,逃げ狙い,17.06,32.6,2,,,,,,,,,,,
2026-03-19,丸亀,9,6,安田政彦,A2,33.04,6,,1.3292,1,50,15.4,0.2273,4.9038,,,0,低,147,0,-,,0,28.3,0.8733,,,,,,0.2188,0.3285,0.1918,,,D,,,0.1722,0.5665,,0.4527,S,89,0,◎1着固定 2-3着流し（5〜8点）,0.5777,"{'is_target': True, 'verdict': '点数絞り', 'max_combo_prob': 0.1103, 'est_top_odds': 12.1, 'circle_concentration': 79.3, 'eligible_count': 6, 'bet_adj': 0, 'reason': 'rel_win1=64.5%（本命度） / 最有力組み合わせ確率: 0.110（推定実オッズ?12倍） / 2着集中度: 上位2艇 79.3%（補正+0.04） / 総合判定確率: 0.150 / → ヒモはやや固め。上位2艇以外を切ること', 'tenji_trigger': '展示確認: 1号艇伸び良→そのまま採用。悪→飛び組に差し替え。circle_pct上位2艇に絞り込むこと。'}",,,29.3,逃げ狙い,17.06,32.6,2,,,,,,,,,,,
2026-03-19,丸亀,10,1,浜本裕己,A2,18.97,1,◎,53.427,,0,83.3,0.1576,3.1111,,,0,低,123,0,逃0%,,0,66.9,0.9031,0.6667,,,,,0.1219,0.0906,0.1829,◎,,E,△,,,0.6345,,0.469,A,61,0,◎-○軸 3着3〜4艇流し（10〜15点）,0.5777,"{'is_target': True, 'verdict': '参加推奨', 'max_combo_prob': 0.0763, 'est_top_odds': 17.5, 'circle_concentration': 78.4, 'eligible_count': 8, 'bet_adj': 2, 'reason': 'rel_win1=53.4%（本命度） / 最有力組み合わせ確率: 0.076（推定実オッズ?18倍） / 2着集中度: 上位2艇 78.4%（補正+0.04） / 総合判定確率: 0.116 / → ヒモ分散。1号艇1着固定で広めのヒモ流し推奨（買い目+2点）', 'tenji_trigger': '展示確認: ヒモ分散レース。1号艇伸び確認後、広めのヒモ流しを採用。穴ヒモ（5・6号艇）を積極的に含める。'}",,,32.2,両建て推奨,29.15,30.5,3,,,,,0,0,0.7559,0,,逃げ軸流し,A
2026-03-19,丸亀,10,2,佐藤世那,B1,23.89,2,,10.6845,37.7,100,30.8,0.1777,3.9231,,,0,低,89,1,ま0%,,0,42.8,0.5631,0,0,0.2308,0,0,0.3543,0.2343,0.0286,,,D,,,0.1346,0.49,,0.469,A,61,0,◎-○軸 3着3〜4艇流し（10〜15点）,0.5777,"{'is_target': True, 'verdict': '参加推奨', 'max_combo_prob': 0.0763, 'est_top_odds': 17.5, 'circle_concentration': 78.4, 'eligible_count': 8, 'bet_adj': 2, 'reason': 'rel_win1=53.4%（本命度） / 最有力組み合わせ確率: 0.076（推定実オッズ?18倍） / 2着集中度: 上位2艇 78.4%（補正+0.04） / 総合判定確率: 0.116 / → ヒモ分散。1号艇1着固定で広めのヒモ流し推奨（買い目+2点）', 'tenji_trigger': '展示確認: ヒモ分散レース。1号艇伸び確認後、広めのヒモ流しを採用。穴ヒモ（5・6号艇）を積極的に含める。'}",,,32.2,両建て推奨,29.15,30.5,3,,,,,,,,,,,
2026-03-19,丸亀,10,3,村上　遼,A1,26.09,3,▲,18.427,40.7,88,82.3,0.1441,2.9706,,,0,低,49,0,差ま0%,,0,86.3,1.625,0,0,0,0.25,0,0.0593,0.3141,0.0296,,○,C,△,,0.4087,0.6535,,0.469,A,61,0,◎-○軸 3着3〜4艇流し（10〜15点）,0.5777,"{'is_target': True, 'verdict': '参加推奨', 'max_combo_prob': 0.0763, 'est_top_odds': 17.5, 'circle_concentration': 78.4, 'eligible_count': 8, 'bet_adj': 2, 'reason': 'rel_win1=53.4%（本命度） / 最有力組み合わせ確率: 0.076（推定実オッズ?18倍） / 2着集中度: 上位2艇 78.4%（補正+0.04） / 総合判定確率: 0.116 / → ヒモ分散。1号艇1着固定で広めのヒモ流し推奨（買い目+2点）', 'tenji_trigger': '展示確認: ヒモ分散レース。1号艇伸び確認後、広めのヒモ流しを採用。穴ヒモ（5・6号艇）を積極的に含める。'}",,,32.2,両建て推奨,29.15,30.5,3,,,,,,,,,,,
2026-03-19,丸亀,10,4,川島圭司,A2,45.22,4,○,12.7539,12.8,74,58,0.1228,2.6014,,,0,低,79,0,-,,0,72.5,1.2713,0,0,0.0625,0.0938,0.0312,0.0353,0.1553,0.1553,,◎,A,◎,◎,0.4307,0.665,0.4628,0.469,A,61,0,◎-○軸 3着3〜4艇流し（10〜15点）,0.5777,"{'is_target': True, 'verdict': '参加推奨', 'max_combo_prob': 0.0763, 'est_top_odds': 17.5, 'circle_concentration': 78.4, 'eligible_count': 8, 'bet_adj': 2, 'reason': 'rel_win1=53.4%（本命度） / 最有力組み合わせ確率: 0.076（推定実オッズ?18倍） / 2着集中度: 上位2艇 78.4%（補正+0.04） / 総合判定確率: 0.116 / → ヒモ分散。1号艇1着固定で広めのヒモ流し推奨（買い目+2点）', 'tenji_trigger': '展示確認: ヒモ分散レース。1号艇伸び確認後、広めのヒモ流しを採用。穴ヒモ（5・6号艇）を積極的に含める。'}",,,32.2,両建て推奨,29.15,30.5,3,,,,,,,,,,,
2026-03-19,丸亀,10,5,松田竜馬,B1,35.04,5,△,3.8184,7.7,77,32.8,0.162,3.4262,,,0,低,79,0,-,,0,25.5,0.7974,,,,,,0.0143,0.1286,0.2429,,,B,○,,0.2973,0.663,,0.469,A,61,0,◎-○軸 3着3〜4艇流し（10〜15点）,0.5777,"{'is_target': True, 'verdict': '参加推奨', 'max_combo_prob': 0.0763, 'est_top_odds': 17.5, 'circle_concentration': 78.4, 'eligible_count': 8, 'bet_adj': 2, 'reason': 'rel_win1=53.4%（本命度） / 最有力組み合わせ確率: 0.076（推定実オッズ?18倍） / 2着集中度: 上位2艇 78.4%（補正+0.04） / 総合判定確率: 0.116 / → ヒモ分散。1号艇1着固定で広めのヒモ流し推奨（買い目+2点）', 'tenji_trigger': '展示確認: ヒモ分散レース。1号艇伸び確認後、広めのヒモ流しを採用。穴ヒモ（5・6号艇）を積極的に含める。'}",,,32.2,両建て推奨,29.15,30.5,3,,,,,,,,,,,
2026-03-19,丸亀,10,6,吉岡　誠,B1,22.03,6,,0.8892,1.1,34,7.9,0.2016,4.3026,,,0,低,74,0,-,,0,25.5,0.5161,,,,,,0.2727,0.0909,0.1818,,,D,,,0.17,0.573,,0.469,A,61,0,◎-○軸 3着3〜4艇流し（10〜15点）,0.5777,"{'is_target': True, 'verdict': '参加推奨', 'max_combo_prob': 0.0763, 'est_top_odds': 17.5, 'circle_concentration': 78.4, 'eligible_count': 8, 'bet_adj': 2, 'reason': 'rel_win1=53.4%（本命度） / 最有力組み合わせ確率: 0.076（推定実オッズ?18倍） / 2着集中度: 上位2艇 78.4%（補正+0.04） / 総合判定確率: 0.116 / → ヒモ分散。1号艇1着固定で広めのヒモ流し推奨（買い目+2点）', 'tenji_trigger': '展示確認: ヒモ分散レース。1号艇伸び確認後、広めのヒモ流しを採用。穴ヒモ（5・6号艇）を積極的に含める。'}",,,32.2,両建て推奨,29.15,30.5,3,,,,,,,,,,,
2026-03-19,丸亀,11,1,上條嘉嗣,A1,54.78,1,◎,63.1169,,0,94.7,0.1592,3.4789,,,0,低,185,0,逃1%,,0,83.5,1.0346,0.7442,,,,,0.0093,0.1705,0.1132,◎,,A,,,,0.573,,0.4933,S,81,0,◎1着固定 2-3着流し（5〜8点）,0.5777,"{'is_target': True, 'verdict': '参加推奨', 'max_combo_prob': 0.1067, 'est_top_odds': 12.5, 'circle_concentration': 67.2, 'eligible_count': 6, 'bet_adj': 2, 'reason': 'rel_win1=63.1%（本命度） / 最有力組み合わせ確率: 0.107（推定実オッズ?12倍） / 2着集中度: 上位2艇 67.2%（補正+0.00） / 総合判定確率: 0.107 / → ヒモ分散。1号艇1着固定で広めのヒモ流し推奨（買い目+2点）', 'tenji_trigger': '展示確認: ヒモ分散レース。1号艇伸び確認後、広めのヒモ流しを採用。穴ヒモ（5・6号艇）を積極的に含める。'}",,,27.9,逃げ狙い,17,28.8,2,,,,,0,0,0.7559,0,,逃げ軸流し,A
2026-03-19,丸亀,11,2,荒井翔伍,A2,41.88,2,▲,14.4239,45.9,100,72.5,0.1524,3.4706,,,0,低,81,0,-,,0,64.9,1.1543,0,0.125,0,0,0,0.0148,0.1046,0.3287,,○,C,△,,0.3978,0.6315,,0.4933,S,81,0,◎1着固定 2-3着流し（5〜8点）,0.5777,"{'is_target': True, 'verdict': '参加推奨', 'max_combo_prob': 0.1067, 'est_top_odds': 12.5, 'circle_concentration': 67.2, 'eligible_count': 6, 'bet_adj': 2, 'reason': 'rel_win1=63.1%（本命度） / 最有力組み合わせ確率: 0.107（推定実オッズ?12倍） / 2着集中度: 上位2艇 67.2%（補正+0.00） / 総合判定確率: 0.107 / → ヒモ分散。1号艇1着固定で広めのヒモ流し推奨（買い目+2点）', 'tenji_trigger': '展示確認: ヒモ分散レース。1号艇伸び確認後、広めのヒモ流しを採用。穴ヒモ（5・6号艇）を積極的に含める。'}",,,27.9,逃げ狙い,17,28.8,2,,,,,,,,,,,
2026-03-19,丸亀,11,3,中岡健人,B1,25.00,3,△,7.2738,21.3,42,41.2,0.1435,2.8137,,,0,低,104,0,-,,0,42,0.9358,0,0,0.0667,0,0,0.28,0.164,0.196,,△,E,○,,0.3823,0.635,,0.4933,S,81,0,◎1着固定 2-3着流し（5〜8点）,0.5777,"{'is_target': True, 'verdict': '参加推奨', 'max_combo_prob': 0.1067, 'est_top_odds': 12.5, 'circle_concentration': 67.2, 'eligible_count': 6, 'bet_adj': 2, 'reason': 'rel_win1=63.1%（本命度） / 最有力組み合わせ確率: 0.107（推定実オッズ?12倍） / 2着集中度: 上位2艇 67.2%（補正+0.00） / 総合判定確率: 0.107 / → ヒモ分散。1号艇1着固定で広めのヒモ流し推奨（買い目+2点）', 'tenji_trigger': '展示確認: ヒモ分散レース。1号艇伸び確認後、広めのヒモ流しを採用。穴ヒモ（5・6号艇）を積極的に含める。'}",,,27.9,逃げ狙い,17,28.8,2,,,,,,,,,,,
2026-03-19,丸亀,11,4,佐竹太一,B1,26.72,4,,7.1961,14,67,36.7,0.2024,4.0102,,,0,低,176,0,-,,0,30.6,0.8394,0,0.0556,0,0.1111,0,0.2727,0.0364,0.1727,,,E,,○,0.1566,0.589,0.1858,0.4933,S,81,0,◎1着固定 2-3着流し（5〜8点）,0.5777,"{'is_target': True, 'verdict': '参加推奨', 'max_combo_prob': 0.1067, 'est_top_odds': 12.5, 'circle_concentration': 67.2, 'eligible_count': 6, 'bet_adj': 2, 'reason': 'rel_win1=63.1%（本命度） / 最有力組み合わせ確率: 0.107（推定実オッズ?12倍） / 2着集中度: 上位2艇 67.2%（補正+0.00） / 総合判定確率: 0.107 / → ヒモ分散。1号艇1着固定で広めのヒモ流し推奨（買い目+2点）', 'tenji_trigger': '展示確認: ヒモ分散レース。1号艇伸び確認後、広めのヒモ流しを採用。穴ヒモ（5・6号艇）を積極的に含める。'}",,,27.9,逃げ狙い,17,28.8,2,,,,,,,,,,,
2026-03-19,丸亀,11,5,加倉侑征,A2,49.57,5,○,7.0488,18.4,84,53.1,0.1289,2.7188,,,0,低,56,0,-,,0,46.5,0.8705,0,0,0.0345,0.1379,0,0.2933,0.1333,0.16,,◎,B,△,◎,0.4285,0.6175,0.4752,0.4933,S,81,0,◎1着固定 2-3着流し（5〜8点）,0.5777,"{'is_target': True, 'verdict': '参加推奨', 'max_combo_prob': 0.1067, 'est_top_odds': 12.5, 'circle_concentration': 67.2, 'eligible_count': 6, 'bet_adj': 2, 'reason': 'rel_win1=63.1%（本命度） / 最有力組み合わせ確率: 0.107（推定実オッズ?12倍） / 2着集中度: 上位2艇 67.2%（補正+0.00） / 総合判定確率: 0.107 / → ヒモ分散。1号艇1着固定で広めのヒモ流し推奨（買い目+2点）', 'tenji_trigger': '展示確認: ヒモ分散レース。1号艇伸び確認後、広めのヒモ流しを採用。穴ヒモ（5・6号艇）を積極的に含める。'}",,,27.9,逃げ狙い,17,28.8,2,,,,,,,,,,,
2026-03-19,丸亀,11,6,冨成謙児,B1,43.48,6,,0.9405,0.4,35,7.8,0.2033,5.049,,,0,低,112,0,-,,0,24,0.615,,,,,,0.3043,0.1739,0.1739,,,C,◎,,0.1959,0.6875,,0.4933,S,81,0,◎1着固定 2-3着流し（5〜8点）,0.5777,"{'is_target': True, 'verdict': '参加推奨', 'max_combo_prob': 0.1067, 'est_top_odds': 12.5, 'circle_concentration': 67.2, 'eligible_count': 6, 'bet_adj': 2, 'reason': 'rel_win1=63.1%（本命度） / 最有力組み合わせ確率: 0.107（推定実オッズ?12倍） / 2着集中度: 上位2艇 67.2%（補正+0.00） / 総合判定確率: 0.107 / → ヒモ分散。1号艇1着固定で広めのヒモ流し推奨（買い目+2点）', 'tenji_trigger': '展示確認: ヒモ分散レース。1号艇伸び確認後、広めのヒモ流しを採用。穴ヒモ（5・6号艇）を積極的に含める。'}",,,27.9,逃げ狙い,17,28.8,2,,,,,,,,,,,
2026-03-19,丸亀,12,1,船岡洋一,A1,19.27,1,◎,54.5993,,0,94.3,0.1276,2.2071,,,0,低,67,0,逃1%,,0,77.1,1.0031,0.6757,,,,,0.0811,0.027,0.1081,◎,,E,△,,,0.6315,,0.7076,S,82,0,◎1着固定 2-3着流し（5〜8点）,0.5777,"{'is_target': True, 'verdict': '参加推奨', 'max_combo_prob': 0.0742, 'est_top_odds': 18.0, 'circle_concentration': 72.3, 'eligible_count': 6, 'bet_adj': 2, 'reason': 'rel_win1=54.6%（本命度） / 最有力組み合わせ確率: 0.074（推定実オッズ?18倍） / 2着集中度: 上位2艇 72.3%（補正+0.04） / 総合判定確率: 0.114 / → ヒモ分散。1号艇1着固定で広めのヒモ流し推奨（買い目+2点）', 'tenji_trigger': '展示確認: ヒモ分散レース。1号艇伸び確認後、広めのヒモ流しを採用。穴ヒモ（5・6号艇）を積極的に含める。\n展示で1号艇スタート超安定(0.128秒)→ヒモ固まり方向に注意'}",,,30.9,逃げ狙い,30.35,25.8,2,,,,,0,0,0.7559,0,,逃げ軸流し,A
2026-03-19,丸亀,12,2,桑原　悠,A1,25.71,2,,13.2195,42.1,100,95.5,0.1427,2.6818,,,0,低,26,0,-,,0,28.5,0.8728,0,0.125,0.125,0,0,0.0444,0.0972,0.0667,,,D,△,,0.1915,0.6315,,0.7076,S,82,0,◎1着固定 2-3着流し（5〜8点）,0.5777,"{'is_target': True, 'verdict': '参加推奨', 'max_combo_prob': 0.0742, 'est_top_odds': 18.0, 'circle_concentration': 72.3, 'eligible_count': 6, 'bet_adj': 2, 'reason': 'rel_win1=54.6%（本命度） / 最有力組み合わせ確率: 0.074（推定実オッズ?18倍） / 2着集中度: 上位2艇 72.3%（補正+0.04） / 総合判定確率: 0.114 / → ヒモ分散。1号艇1着固定で広めのヒモ流し推奨（買い目+2点）', 'tenji_trigger': '展示確認: ヒモ分散レース。1号艇伸び確認後、広めのヒモ流しを採用。穴ヒモ（5・6号艇）を積極的に含める。\n展示で1号艇スタート超安定(0.128秒)→ヒモ固まり方向に注意'}",,,30.9,逃げ狙い,30.35,25.8,2,,,,,,,,,,,
2026-03-19,丸亀,12,3,有賀達也,A1,28.70,3,△,13.7384,30.2,92,79,0.1367,2.4386,,,0,低,73,0,差0% ま0% 差ま0%,,0,73.8,1.451,0,0.1,0.1,0.1,0,0.0345,0.1379,0.0345,,,D,○,,0.2713,0.657,,0.7076,S,82,0,◎1着固定 2-3着流し（5〜8点）,0.5777,"{'is_target': True, 'verdict': '参加推奨', 'max_combo_prob': 0.0742, 'est_top_odds': 18.0, 'circle_concentration': 72.3, 'eligible_count': 6, 'bet_adj': 2, 'reason': 'rel_win1=54.6%（本命度） / 最有力組み合わせ確率: 0.074（推定実オッズ?18倍） / 2着集中度: 上位2艇 72.3%（補正+0.04） / 総合判定確率: 0.114 / → ヒモ分散。1号艇1着固定で広めのヒモ流し推奨（買い目+2点）', 'tenji_trigger': '展示確認: ヒモ分散レース。1号艇伸び確認後、広めのヒモ流しを採用。穴ヒモ（5・6号艇）を積極的に含める。\n展示で1号艇スタート超安定(0.128秒)→ヒモ固まり方向に注意'}",,,30.9,逃げ狙い,30.35,25.8,2,,,,,,,,,,,
2026-03-19,丸亀,12,4,原田篤志,A1,37.93,4,,10.7907,15.1,81,63.8,0.171,3.6293,,,0,低,122,0,差ま0%,,0,83.4,0.8679,0,0.1429,0.0476,0.0476,0.0476,0.02,0.125,0.02,,,B,,○,0.1377,0.5685,0.2925,0.7076,S,82,0,◎1着固定 2-3着流し（5〜8点）,0.5777,"{'is_target': True, 'verdict': '参加推奨', 'max_combo_prob': 0.0742, 'est_top_odds': 18.0, 'circle_concentration': 72.3, 'eligible_count': 6, 'bet_adj': 2, 'reason': 'rel_win1=54.6%（本命度） / 最有力組み合わせ確率: 0.074（推定実オッズ?18倍） / 2着集中度: 上位2艇 72.3%（補正+0.04） / 総合判定確率: 0.114 / → ヒモ分散。1号艇1着固定で広めのヒモ流し推奨（買い目+2点）', 'tenji_trigger': '展示確認: ヒモ分散レース。1号艇伸び確認後、広めのヒモ流しを採用。穴ヒモ（5・6号艇）を積極的に含める。\n展示で1号艇スタート超安定(0.128秒)→ヒモ固まり方向に注意'}",,,30.9,逃げ狙い,30.35,25.8,2,,,,,,,,,,,
2026-03-19,丸亀,12,5,君島秀三,A1,39.50,5,○,5.5943,9.8,54,51.8,0.1311,3.1786,,,0,低,60,0,差0% 抜0%,,0,85.1,1.4264,0,0.0333,0,0,0.0333,0.0767,0.0333,0.1617,,,B,◎,◎,0.2712,0.6695,0.3894,0.7076,S,82,0,◎1着固定 2-3着流し（5〜8点）,0.5777,"{'is_target': True, 'verdict': '参加推奨', 'max_combo_prob': 0.0742, 'est_top_odds': 18.0, 'circle_concentration': 72.3, 'eligible_count': 6, 'bet_adj': 2, 'reason': 'rel_win1=54.6%（本命度） / 最有力組み合わせ確率: 0.074（推定実オッズ?18倍） / 2着集中度: 上位2艇 72.3%（補正+0.04） / 総合判定確率: 0.114 / → ヒモ分散。1号艇1着固定で広めのヒモ流し推奨（買い目+2点）', 'tenji_trigger': '展示確認: ヒモ分散レース。1号艇伸び確認後、広めのヒモ流しを採用。穴ヒモ（5・6号艇）を積極的に含める。\n展示で1号艇スタート超安定(0.128秒)→ヒモ固まり方向に注意'}",,,30.9,逃げ狙い,30.35,25.8,2,,,,,,,,,,,
2026-03-19,丸亀,12,6,西丸侑太,A1,42.98,6,▲,2.0579,2.8,58,34.1,0.1627,4.0114,,,0,低,100,0,-,,0,31.6,1.5175,,,,,,0,0.1314,0.0429,,,A,△,,0.2064,0.6105,,0.7076,S,82,0,◎1着固定 2-3着流し（5〜8点）,0.5777,"{'is_target': True, 'verdict': '参加推奨', 'max_combo_prob': 0.0742, 'est_top_odds': 18.0, 'circle_concentration': 72.3, 'eligible_count': 6, 'bet_adj': 2, 'reason': 'rel_win1=54.6%（本命度） / 最有力組み合わせ確率: 0.074（推定実オッズ?18倍） / 2着集中度: 上位2艇 72.3%（補正+0.04） / 総合判定確率: 0.114 / → ヒモ分散。1号艇1着固定で広めのヒモ流し推奨（買い目+2点）', 'tenji_trigger': '展示確認: ヒモ分散レース。1号艇伸び確認後、広めのヒモ流しを採用。穴ヒモ（5・6号艇）を積極的に含める。\n展示で1号艇スタート超安定(0.128秒)→ヒモ固まり方向に注意'}",,,30.9,逃げ狙い,30.35,25.8,2,,,,,,,,,,,
2026-03-20,丸亀,1,1,川田正人,B1,29.03,1,◎,59.8734,,0,70.8,0.1777,3.4154,,,0,低,152,0,逃1%,44,0,73.4,0.815,0.3871,,,,,0.1373,0.3263,0.0387,△,,D,△,,,0.614,,0.3138,A,66,0,◎-○軸 3着3〜4艇流し（10〜15点）,0.5777,"{'is_target': True, 'verdict': '参加推奨', 'max_combo_prob': 0.0981, 'est_top_odds': 13.6, 'circle_concentration': 64.6, 'eligible_count': 8, 'bet_adj': 2, 'reason': 'rel_win1=59.9%（本命度） / 最有力組み合わせ確率: 0.098（推定実オッズ?14倍） / 2着集中度: 上位2艇 64.6%（補正+0.00） / 総合判定確率: 0.098 / → ヒモ分散。1号艇1着固定で広めのヒモ流し推奨（買い目+2点）', 'tenji_trigger': '展示確認: ヒモ分散レース。1号艇伸び確認後、広めのヒモ流しを採用。穴ヒモ（5・6号艇）を積極的に含める。'}",,,29.1,逃げ狙い,14.13,34.6,3,2-1-3|1-2-3|1-2-6|1-3-2|1-3-6|1-4-2,5-1-6|5-6-1|4-5-6|2-1-3|4-5-1|5-1-3|4-6-1|1-2-3|1-2-6|1-3-2|1-3-6|1-4-2,2-1-3:2.28%|1-2-3:6.95%|1-2-6:6.94%|1-3-2:4.89%|1-3-6:4.13%|1-4-2:3.97%,2-1-3:B_main|1-2-3:A|1-2-6:A|1-3-2:A|1-3-6:A|1-4-2:A,6,12,0.4535,1,[!]見送り推奨（主役決まり手「差し」― 逃げ劣勢レースで的中実績なし）,荒れ広め,D
2026-03-20,丸亀,1,2,谷口知優,B1,32.14,2,○,16.6228,41.8,87,53.2,0.1496,2.9149,,,0,低,83,0,-,1,0,57,0.8791,0,0.12,0,0,0,0,0.3481,0.1039,,◎,C,○,,0.5978,0.6165,,0.3138,A,66,0,◎-○軸 3着3〜4艇流し（10〜15点）,0.5777,"{'is_target': True, 'verdict': '参加推奨', 'max_combo_prob': 0.0981, 'est_top_odds': 13.6, 'circle_concentration': 64.6, 'eligible_count': 8, 'bet_adj': 2, 'reason': 'rel_win1=59.9%（本命度） / 最有力組み合わせ確率: 0.098（推定実オッズ?14倍） / 2着集中度: 上位2艇 64.6%（補正+0.00） / 総合判定確率: 0.098 / → ヒモ分散。1号艇1着固定で広めのヒモ流し推奨（買い目+2点）', 'tenji_trigger': '展示確認: ヒモ分散レース。1号艇伸び確認後、広めのヒモ流しを採用。穴ヒモ（5・6号艇）を積極的に含める。'}",,,29.1,逃げ狙い,14.13,34.6,3,,,,,,,,,,,
2026-03-20,丸亀,1,3,吉田祐貴,B2,21.93,3,,7.8929,22.8,100,47.1,0.1753,4.0294,,,0,低,116,0,抜0%,6,0,45.9,0.8533,0,0,0,0,0.0714,0.3333,0.4444,0,,,E,,,0.3597,0.5695,,0.3138,A,66,0,◎-○軸 3着3〜4艇流し（10〜15点）,0.5777,"{'is_target': True, 'verdict': '参加推奨', 'max_combo_prob': 0.0981, 'est_top_odds': 13.6, 'circle_concentration': 64.6, 'eligible_count': 8, 'bet_adj': 2, 'reason': 'rel_win1=59.9%（本命度） / 最有力組み合わせ確率: 0.098（推定実オッズ?14倍） / 2着集中度: 上位2艇 64.6%（補正+0.00） / 総合判定確率: 0.098 / → ヒモ分散。1号艇1着固定で広めのヒモ流し推奨（買い目+2点）', 'tenji_trigger': '展示確認: ヒモ分散レース。1号艇伸び確認後、広めのヒモ流しを採用。穴ヒモ（5・6号艇）を積極的に含める。'}",,,29.1,逃げ狙い,14.13,34.6,3,,,,,,,,,,,
2026-03-20,丸亀,1,4,渡辺空依,B1,26.61,4,,9.1041,19.4,65,31.7,0.192,3.6707,,,0,低,103,0,-,5,0,17.3,0.5294,0,0,0,0.0476,0,0.0286,0.1143,0.0286,,,D,,,0.2757,0.54,,0.3138,A,66,0,◎-○軸 3着3〜4艇流し（10〜15点）,0.5777,"{'is_target': True, 'verdict': '参加推奨', 'max_combo_prob': 0.0981, 'est_top_odds': 13.6, 'circle_concentration': 64.6, 'eligible_count': 8, 'bet_adj': 2, 'reason': 'rel_win1=59.9%（本命度） / 最有力組み合わせ確率: 0.098（推定実オッズ?14倍） / 2着集中度: 上位2艇 64.6%（補正+0.00） / 総合判定確率: 0.098 / → ヒモ分散。1号艇1着固定で広めのヒモ流し推奨（買い目+2点）', 'tenji_trigger': '展示確認: ヒモ分散レース。1号艇伸び確認後、広めのヒモ流しを採用。穴ヒモ（5・6号艇）を積極的に含める。'}",,,29.1,逃げ狙い,14.13,34.6,3,,,,,,,,,,,
2026-03-20,丸亀,1,5,齋藤智裕,B1,54.78,5,▲,5.1748,12.4,25,18.2,0.1545,3.5341,,,0,低,102,0,-,4,0,44.3,0.7012,,,,,,0.3576,0.4047,0,,○,A,△,,0.4362,0.6105,,0.3138,A,66,0,◎-○軸 3着3〜4艇流し（10〜15点）,0.5777,"{'is_target': True, 'verdict': '参加推奨', 'max_combo_prob': 0.0981, 'est_top_odds': 13.6, 'circle_concentration': 64.6, 'eligible_count': 8, 'bet_adj': 2, 'reason': 'rel_win1=59.9%（本命度） / 最有力組み合わせ確率: 0.098（推定実オッズ?14倍） / 2着集中度: 上位2艇 64.6%（補正+0.00） / 総合判定確率: 0.098 / → ヒモ分散。1号艇1着固定で広めのヒモ流し推奨（買い目+2点）', 'tenji_trigger': '展示確認: ヒモ分散レース。1号艇伸び確認後、広めのヒモ流しを採用。穴ヒモ（5・6号艇）を積極的に含める。'}",,,29.1,逃げ狙い,14.13,34.6,3,,,,,,,,,,,
2026-03-20,丸亀,1,6,木場悠介,B1,29.09,6,△,1.332,3.6,65,25.9,0.1738,3.5345,,,0,低,101,0,-,4,0,48.1,0.7689,,,,,,0.032,0.132,0.244,,,C,◎,,0.3714,0.652,,0.3138,A,66,0,◎-○軸 3着3〜4艇流し（10〜15点）,0.5777,"{'is_target': True, 'verdict': '参加推奨', 'max_combo_prob': 0.0981, 'est_top_odds': 13.6, 'circle_concentration': 64.6, 'eligible_count': 8, 'bet_adj': 2, 'reason': 'rel_win1=59.9%（本命度） / 最有力組み合わせ確率: 0.098（推定実オッズ?14倍） / 2着集中度: 上位2艇 64.6%（補正+0.00） / 総合判定確率: 0.098 / → ヒモ分散。1号艇1着固定で広めのヒモ流し推奨（買い目+2点）', 'tenji_trigger': '展示確認: ヒモ分散レース。1号艇伸び確認後、広めのヒモ流しを採用。穴ヒモ（5・6号艇）を積極的に含める。'}",,,29.1,逃げ狙い,14.13,34.6,3,,,,,,,,,,,
2026-03-20,丸亀,2,1,森作広大,B1,36.84,1,◎,38.5671,,0,66.7,0.1513,2.9,,,0,低,96,0,逃0%,3,0,56.4,0.8375,0.1765,,,,,0.5412,0,0.1412,○,,C,△,,,0.596,,0.3871,D,29,1,大荒れ。見送り推奨,0.5777,"{'is_target': False, 'verdict': '対象外', 'max_combo_prob': None, 'est_top_odds': None, 'circle_concentration': None, 'eligible_count': 0, 'bet_adj': 0, 'reason': '1号艇rel_win1 < 45%: 通常判定に委ねる', 'tenji_trigger': ''}",,,32.1,両建て推奨,15.77,41.6,3,,,,,0,0,0.6155,0,,主役軸流し,B
2026-03-20,丸亀,2,2,峰重侑治,B2,27.12,2,,17.6267,45.5,100,52.9,0.1921,3.8235,,,0,低,114,0,-,5,0,49,0.8307,0,0.2,0,0,0,0.2267,0.0533,0,,,E,◎,,0.1782,0.6135,,0.3871,D,29,1,大荒れ。見送り推奨,0.5777,"{'is_target': False, 'verdict': '対象外', 'max_combo_prob': None, 'est_top_odds': None, 'circle_concentration': None, 'eligible_count': 0, 'bet_adj': 0, 'reason': '1号艇rel_win1 < 45%: 通常判定に委ねる', 'tenji_trigger': ''}",,,32.1,両建て推奨,15.77,41.6,3,,,,,,,,,,,
2026-03-20,丸亀,2,3,前田健太,B1,46.96,3,○,26.1272,30.7,80,51.6,0.1628,3.3672,,,0,低,137,0,-,1,0,31.5,0.7721,0,0,0.0714,0.0714,0,0.1746,0.1302,0.1302,,,A,○,,0.2674,0.6055,,0.3871,D,29,1,大荒れ。見送り推奨,0.5777,"{'is_target': False, 'verdict': '対象外', 'max_combo_prob': None, 'est_top_odds': None, 'circle_concentration': None, 'eligible_count': 0, 'bet_adj': 0, 'reason': '1号艇rel_win1 < 45%: 通常判定に委ねる', 'tenji_trigger': ''}",,,32.1,両建て推奨,15.77,41.6,3,,,,,,,,,,,
2026-03-20,丸亀,2,4,三木晴斗,B1,38.60,4,▲,9.6195,22.3,76,37.2,0.1625,3.1667,,,0,低,97,0,-,5,0,93.3,1.7321,,,,,,0.095,0.195,0.155,,,C,,,0.2682,0.5655,,0.3871,D,29,1,大荒れ。見送り推奨,0.5777,"{'is_target': False, 'verdict': '対象外', 'max_combo_prob': None, 'est_top_odds': None, 'circle_concentration': None, 'eligible_count': 0, 'bet_adj': 0, 'reason': '1号艇rel_win1 < 45%: 通常判定に委ねる', 'tenji_trigger': ''}",,,32.1,両建て推奨,15.77,41.6,3,,,,,,,,,,,
2026-03-20,丸亀,2,5,安田政彦,A2,33.04,5,,5.2095,1.1,89,18.2,0.2086,4.4659,,,0,低,147,0,-,3,0,31.3,1.1267,0,0,0,0.04,0,0.2188,0.3285,0.1918,,,D,△,,0.105,0.5665,,0.3871,D,29,1,大荒れ。見送り推奨,0.5777,"{'is_target': False, 'verdict': '対象外', 'max_combo_prob': None, 'est_top_odds': None, 'circle_concentration': None, 'eligible_count': 0, 'bet_adj': 0, 'reason': '1号艇rel_win1 < 45%: 通常判定に委ねる', 'tenji_trigger': ''}",,,32.1,両建て推奨,15.77,41.6,3,,,,,,,,,,,
2026-03-20,丸亀,2,6,日高龍之,B2,45.69,6,△,2.8499,0.3,21,3.3,0.2102,4.5656,,,0,低,49,0,-,66,0,23.3,0.5497,0,0,0,0.0164,0,,,,,,B,,,0.103,0.529,,0.3871,D,29,1,大荒れ。見送り推奨,0.5777,"{'is_target': False, 'verdict': '対象外', 'max_combo_prob': None, 'est_top_odds': None, 'circle_concentration': None, 'eligible_count': 0, 'bet_adj': 0, 'reason': '1号艇rel_win1 < 45%: 通常判定に委ねる', 'tenji_trigger': ''}",,,32.1,両建て推奨,15.77,41.6,3,,,,,,,,,,,
2026-03-20,丸亀,3,1,原田雄次,B1,36.75,1,◎,59.3078,,0,70,0.1683,3.3167,,,0,低,136,0,逃1%,1,0,54.1,0.8062,0.25,,,,,0,0.25,0.375,○,,A,,,,0.5155,,0.3826,A,69,0,◎-○軸 3着3〜4艇流し（10〜15点）,0.5777,"{'is_target': True, 'verdict': '参加推奨', 'max_combo_prob': 0.0689, 'est_top_odds': 19.3, 'circle_concentration': 61.0, 'eligible_count': 8, 'bet_adj': 2, 'reason': 'rel_win1=59.3%（本命度） / 最有力組み合わせ確率: 0.069（推定実オッズ?19倍） / 2着集中度: 上位2艇 61.0%（補正+0.00） / 総合判定確率: 0.069 / → ヒモ分散。1号艇1着固定で広めのヒモ流し推奨（買い目+2点）', 'tenji_trigger': '展示確認: ヒモ分散レース。1号艇伸び確認後、広めのヒモ流しを採用。穴ヒモ（5・6号艇）を積極的に含める。'}",,,27.7,逃げ狙い,10.54,33.7,3,,,,,0,0,0.6155,0,,逃げ軸流し,A
2026-03-20,丸亀,3,2,小黒竜吾,B1,30.00,2,▲,11.514,40,100,50,0.1695,3.3906,,,0,低,132,0,-,3,0,84.7,1.4669,0,0.0625,0,0,0,0.2879,0.0828,0.2328,,,B,△,,0.301,0.6275,,0.3826,A,69,0,◎-○軸 3着3〜4艇流し（10〜15点）,0.5777,"{'is_target': True, 'verdict': '参加推奨', 'max_combo_prob': 0.0689, 'est_top_odds': 19.3, 'circle_concentration': 61.0, 'eligible_count': 8, 'bet_adj': 2, 'reason': 'rel_win1=59.3%（本命度） / 最有力組み合わせ確率: 0.069（推定実オッズ?19倍） / 2着集中度: 上位2艇 61.0%（補正+0.00） / 総合判定確率: 0.069 / → ヒモ分散。1号艇1着固定で広めのヒモ流し推奨（買い目+2点）', 'tenji_trigger': '展示確認: ヒモ分散レース。1号艇伸び確認後、広めのヒモ流しを採用。穴ヒモ（5・6号艇）を積極的に含める。'}",,,27.7,逃げ狙い,10.54,33.7,3,,,,,,,,,,,
2026-03-20,丸亀,3,3,天野　誠,B1,23.68,3,,9.1557,21,66,29.5,0.2068,4.3295,,,0,低,126,0,-,34,0,83.4,0.8781,,,,,,0.2667,0.0667,0.6,,,D,△,,0.1374,0.582,,0.3826,A,69,0,◎-○軸 3着3〜4艇流し（10〜15点）,0.5777,"{'is_target': True, 'verdict': '参加推奨', 'max_combo_prob': 0.0689, 'est_top_odds': 19.3, 'circle_concentration': 61.0, 'eligible_count': 8, 'bet_adj': 2, 'reason': 'rel_win1=59.3%（本命度） / 最有力組み合わせ確率: 0.069（推定実オッズ?19倍） / 2着集中度: 上位2艇 61.0%（補正+0.00） / 総合判定確率: 0.069 / → ヒモ分散。1号艇1着固定で広めのヒモ流し推奨（買い目+2点）', 'tenji_trigger': '展示確認: ヒモ分散レース。1号艇伸び確認後、広めのヒモ流しを採用。穴ヒモ（5・6号艇）を積極的に含める。'}",,,27.7,逃げ狙い,10.54,33.7,3,,,,,,,,,,,
2026-03-20,丸亀,3,4,永田義紘,B1,29.66,4,○,11.9487,16.5,77,38,0.152,2.52,,,0,低,104,0,ま0% 差ま0%,2,0,53.9,1.0183,0,0,0.037,0.037,0,0.262,0.198,0.032,,,C,◎,,0.3474,0.672,,0.3826,A,69,0,◎-○軸 3着3〜4艇流し（10〜15点）,0.5777,"{'is_target': True, 'verdict': '参加推奨', 'max_combo_prob': 0.0689, 'est_top_odds': 19.3, 'circle_concentration': 61.0, 'eligible_count': 8, 'bet_adj': 2, 'reason': 'rel_win1=59.3%（本命度） / 最有力組み合わせ確率: 0.069（推定実オッズ?19倍） / 2着集中度: 上位2艇 61.0%（補正+0.00） / 総合判定確率: 0.069 / → ヒモ分散。1号艇1着固定で広めのヒモ流し推奨（買い目+2点）', 'tenji_trigger': '展示確認: ヒモ分散レース。1号艇伸び確認後、広めのヒモ流しを採用。穴ヒモ（5・6号艇）を積極的に含める。'}",,,27.7,逃げ狙い,10.54,33.7,3,,,,,,,,,,,
2026-03-20,丸亀,3,5,吉岡　誠,B1,22.03,5,,3.9405,10.6,58,23.5,0.1691,3.1618,,,0,低,74,0,-,66,0,32.6,0.7121,,,,,,0.2727,0.0909,0.1818,,,E,,,0.3107,0.573,,0.3826,A,69,0,◎-○軸 3着3〜4艇流し（10〜15点）,0.5777,"{'is_target': True, 'verdict': '参加推奨', 'max_combo_prob': 0.0689, 'est_top_odds': 19.3, 'circle_concentration': 61.0, 'eligible_count': 8, 'bet_adj': 2, 'reason': 'rel_win1=59.3%（本命度） / 最有力組み合わせ確率: 0.069（推定実オッズ?19倍） / 2着集中度: 上位2艇 61.0%（補正+0.00） / 総合判定確率: 0.069 / → ヒモ分散。1号艇1着固定で広めのヒモ流し推奨（買い目+2点）', 'tenji_trigger': '展示確認: ヒモ分散レース。1号艇伸び確認後、広めのヒモ流しを採用。穴ヒモ（5・6号艇）を積極的に含める。'}",,,27.7,逃げ狙い,10.54,33.7,3,,,,,,,,,,,
2026-03-20,丸亀,3,6,村上　遼,A1,26.09,6,△,4.1332,11.9,64,36.7,0.1508,3.102,,,0,低,49,0,差ま0%,2,0,27.6,1.5047,0,0,0,0.069,0,0.0593,0.3141,0.0296,,,D,○,,0.3436,0.6535,,0.3826,A,69,0,◎-○軸 3着3〜4艇流し（10〜15点）,0.5777,"{'is_target': True, 'verdict': '参加推奨', 'max_combo_prob': 0.0689, 'est_top_odds': 19.3, 'circle_concentration': 61.0, 'eligible_count': 8, 'bet_adj': 2, 'reason': 'rel_win1=59.3%（本命度） / 最有力組み合わせ確率: 0.069（推定実オッズ?19倍） / 2着集中度: 上位2艇 61.0%（補正+0.00） / 総合判定確率: 0.069 / → ヒモ分散。1号艇1着固定で広めのヒモ流し推奨（買い目+2点）', 'tenji_trigger': '展示確認: ヒモ分散レース。1号艇伸び確認後、広めのヒモ流しを採用。穴ヒモ（5・6号艇）を積極的に含める。'}",,,27.7,逃げ狙い,10.54,33.7,3,,,,,,,,,,,
2026-03-20,丸亀,4,1,和合俊介,B1,30.83,1,◎,39.385,,0,57.9,0.1463,3.0395,,,0,低,102,0,逃0%,55,0,42.4,0.7499,0.1333,,,,,0.3333,0.5333,0.08,○,,D,,,,0.6265,,0.3959,D,33,1,大荒れ。見送り推奨,0.5777,"{'is_target': False, 'verdict': '対象外', 'max_combo_prob': None, 'est_top_odds': None, 'circle_concentration': None, 'eligible_count': 0, 'bet_adj': 0, 'reason': '1号艇rel_win1 < 45%: 通常判定に委ねる', 'tenji_trigger': ''}",,,33.7,両建て推奨,18.01,44.4,3,,,,,0,0,0.6155,0,,主役軸流し,B
2026-03-20,丸亀,4,2,川北浩貴,B1,41.18,2,▲,20.9949,48,100,81.4,0.1551,3.2881,,,0,低,146,0,ま0%,46,0,26.7,0.8103,0,0.1071,0.1429,0,0,0.1399,0.2257,0.0541,,,B,○,,0.2912,0.6565,,0.3959,D,33,1,大荒れ。見送り推奨,0.5777,"{'is_target': False, 'verdict': '対象外', 'max_combo_prob': None, 'est_top_odds': None, 'circle_concentration': None, 'eligible_count': 0, 'bet_adj': 0, 'reason': '1号艇rel_win1 < 45%: 通常判定に委ねる', 'tenji_trigger': ''}",,,33.7,両建て推奨,18.01,44.4,3,,,,,,,,,,,
2026-03-20,丸亀,4,3,荒井翔伍,A2,41.88,3,○,20.4596,32.7,74,74.1,0.1645,3.1552,,,0,低,81,0,差0% ま0% 差ま0%,S3,0,77.2,1.5783,0,0.0769,0.1154,0.0385,0,0.0148,0.1046,0.3287,,,A,△,,0.2793,0.6315,,0.3959,D,33,1,大荒れ。見送り推奨,0.5777,"{'is_target': False, 'verdict': '対象外', 'max_combo_prob': None, 'est_top_odds': None, 'circle_concentration': None, 'eligible_count': 0, 'bet_adj': 0, 'reason': '1号艇rel_win1 < 45%: 通常判定に委ねる', 'tenji_trigger': ''}",,,33.7,両建て推奨,18.01,44.4,3,,,,,,,,,,,
2026-03-20,丸亀,4,4,庄司孝輔,B1,40.50,4,△,9.8911,11.9,68,35.7,0.1918,3.5893,,,0,低,133,0,ま0% 差ま0% 抜0%,2,0,77.3,0.8872,0,0,0.0417,0.0417,0.0417,0.016,0.2,0.08,,,B,,,0.1918,0.577,,0.3959,D,33,1,大荒れ。見送り推奨,0.5777,"{'is_target': False, 'verdict': '対象外', 'max_combo_prob': None, 'est_top_odds': None, 'circle_concentration': None, 'eligible_count': 0, 'bet_adj': 0, 'reason': '1号艇rel_win1 < 45%: 通常判定に委ねる', 'tenji_trigger': ''}",,,33.7,両建て推奨,18.01,44.4,3,,,,,,,,,,,
2026-03-20,丸亀,4,5,中岡健人,B1,25.00,5,,5.8645,3.2,65,37.9,0.1524,3.3879,,,0,低,104,0,-,14,0,89.6,1.5945,,,,,,0.28,0.164,0.196,,,E,△,,0.3736,0.635,,0.3959,D,33,1,大荒れ。見送り推奨,0.5777,"{'is_target': False, 'verdict': '対象外', 'max_combo_prob': None, 'est_top_odds': None, 'circle_concentration': None, 'eligible_count': 0, 'bet_adj': 0, 'reason': '1号艇rel_win1 < 45%: 通常判定に委ねる', 'tenji_trigger': ''}",,,33.7,両建て推奨,18.01,44.4,3,,,,,,,,,,,
2026-03-20,丸亀,4,6,有賀達也,A1,28.70,6,,3.4049,4.3,60,40.4,0.1442,3.2456,,,0,低,73,0,-,32,0,28.4,1.5406,,,,,,0.0345,0.1379,0.0345,,,D,◎,,0.3967,0.657,,0.3959,D,33,1,大荒れ。見送り推奨,0.5777,"{'is_target': False, 'verdict': '対象外', 'max_combo_prob': None, 'est_top_odds': None, 'circle_concentration': None, 'eligible_count': 0, 'bet_adj': 0, 'reason': '1号艇rel_win1 < 45%: 通常判定に委ねる', 'tenji_trigger': ''}",,,33.7,両建て推奨,18.01,44.4,3,,,,,,,,,,,
2026-03-20,丸亀,5,1,冨成謙児,B1,43.48,1,◎,45.1728,,0,82.7,0.1308,2.4231,,,0,低,112,0,逃0%,46,0,100,3.4834,0.3043,,,,,0.3043,0.1739,0.1739,◎,,A,○,,,0.6875,,0.5068,A,65,0,◎-○軸 3着3〜4艇流し（10〜15点）,0.5777,"{'is_target': True, 'verdict': '点数絞り', 'max_combo_prob': 0.1173, 'est_top_odds': 11.4, 'circle_concentration': 76.1, 'eligible_count': 8, 'bet_adj': 0, 'reason': 'rel_win1=45.2%（本命度） / 最有力組み合わせ確率: 0.117（推定実オッズ?11倍） / 2着集中度: 上位2艇 76.1%（補正+0.04） / 総合判定確率: 0.157 / → ヒモはやや固め。上位2艇以外を切ること', 'tenji_trigger': '展示確認: 1号艇伸び良→そのまま採用。悪→飛び組に差し替え。circle_pct上位2艇に絞り込むこと。\n展示で1号艇スタート超安定(0.131秒)→ヒモ固まり方向に注意'}",,,31.3,逃げ狙い,18.9,36.7,2,,,,,0,0,0.7559,0,,逃げ軸流し,A
2026-03-20,丸亀,5,2,君島秀三,A1,39.50,2,○,19.1029,59.2,43,74.6,0.1384,3.2273,,,0,低,60,0,差0% ま0%,26,0,57.3,1.2595,0,0.1818,0.0303,0,0,0.0767,0.0333,0.1617,,,B,△,,0.3094,0.6695,,0.5068,A,65,0,◎-○軸 3着3〜4艇流し（10〜15点）,0.5777,"{'is_target': True, 'verdict': '点数絞り', 'max_combo_prob': 0.1173, 'est_top_odds': 11.4, 'circle_concentration': 76.1, 'eligible_count': 8, 'bet_adj': 0, 'reason': 'rel_win1=45.2%（本命度） / 最有力組み合わせ確率: 0.117（推定実オッズ?11倍） / 2着集中度: 上位2艇 76.1%（補正+0.04） / 総合判定確率: 0.157 / → ヒモはやや固め。上位2艇以外を切ること', 'tenji_trigger': '展示確認: 1号艇伸び良→そのまま採用。悪→飛び組に差し替え。circle_pct上位2艇に絞り込むこと。\n展示で1号艇スタート超安定(0.131秒)→ヒモ固まり方向に注意'}",,,31.3,逃げ狙い,18.9,36.7,2,,,,,,,,,,,
2026-03-20,丸亀,5,3,佐竹太一,B1,26.72,3,,11.9241,16.9,58,43.5,0.1949,3.8768,,,0,低,176,0,-,15,0,100,2.9098,0,0,0.0625,0,0,0.2727,0.0364,0.1727,,,D,,,0.1437,0.589,,0.5068,A,65,0,◎-○軸 3着3〜4艇流し（10〜15点）,0.5777,"{'is_target': True, 'verdict': '点数絞り', 'max_combo_prob': 0.1173, 'est_top_odds': 11.4, 'circle_concentration': 76.1, 'eligible_count': 8, 'bet_adj': 0, 'reason': 'rel_win1=45.2%（本命度） / 最有力組み合わせ確率: 0.117（推定実オッズ?11倍） / 2着集中度: 上位2艇 76.1%（補正+0.04） / 総合判定確率: 0.157 / → ヒモはやや固め。上位2艇以外を切ること', 'tenji_trigger': '展示確認: 1号艇伸び良→そのまま採用。悪→飛び組に差し替え。circle_pct上位2艇に絞り込むこと。\n展示で1号艇スタート超安定(0.131秒)→ヒモ固まり方向に注意'}",,,31.3,逃げ狙い,18.9,36.7,2,,,,,,,,,,,
2026-03-20,丸亀,5,4,山ノ内雅,A2,34.48,4,▲,15.1631,16.3,100,66.2,0.1425,2.75,,,0,低,97,0,ま0% 差ま0%,2,0,73.9,1.5285,0,0,0.0588,0.1471,0,0.1041,0.0432,0.0324,,,C,◎,◎,0.2937,0.6915,0.4114,0.5068,A,65,0,◎-○軸 3着3〜4艇流し（10〜15点）,0.5777,"{'is_target': True, 'verdict': '点数絞り', 'max_combo_prob': 0.1173, 'est_top_odds': 11.4, 'circle_concentration': 76.1, 'eligible_count': 8, 'bet_adj': 0, 'reason': 'rel_win1=45.2%（本命度） / 最有力組み合わせ確率: 0.117（推定実オッズ?11倍） / 2着集中度: 上位2艇 76.1%（補正+0.04） / 総合判定確率: 0.157 / → ヒモはやや固め。上位2艇以外を切ること', 'tenji_trigger': '展示確認: 1号艇伸び良→そのまま採用。悪→飛び組に差し替え。circle_pct上位2艇に絞り込むこと。\n展示で1号艇スタート超安定(0.131秒)→ヒモ固まり方向に注意'}",,,31.3,逃げ狙い,18.9,36.7,2,,,,,,,,,,,
2026-03-20,丸亀,5,5,佐藤世那,B1,23.89,5,,5.0858,3,34,12.5,0.1641,3.5781,,,0,低,89,0,-,15,0,31.8,0.6957,,,,,,0.3543,0.2343,0.0286,,,E,,,0.2301,0.49,,0.5068,A,65,0,◎-○軸 3着3〜4艇流し（10〜15点）,0.5777,"{'is_target': True, 'verdict': '点数絞り', 'max_combo_prob': 0.1173, 'est_top_odds': 11.4, 'circle_concentration': 76.1, 'eligible_count': 8, 'bet_adj': 0, 'reason': 'rel_win1=45.2%（本命度） / 最有力組み合わせ確率: 0.117（推定実オッズ?11倍） / 2着集中度: 上位2艇 76.1%（補正+0.04） / 総合判定確率: 0.157 / → ヒモはやや固め。上位2艇以外を切ること', 'tenji_trigger': '展示確認: 1号艇伸び良→そのまま採用。悪→飛び組に差し替え。circle_pct上位2艇に絞り込むこと。\n展示で1号艇スタート超安定(0.131秒)→ヒモ固まり方向に注意'}",,,31.3,逃げ狙い,18.9,36.7,2,,,,,,,,,,,
2026-03-20,丸亀,5,6,中井俊祐,B1,32.20,6,△,3.5514,4.6,36,21.1,0.1542,3.3269,,,0,低,130,0,-,1,0,31.8,0.6869,,,,,,0.1333,0.3167,0.2,,,D,△,,0.2616,0.6095,,0.5068,A,65,0,◎-○軸 3着3〜4艇流し（10〜15点）,0.5777,"{'is_target': True, 'verdict': '点数絞り', 'max_combo_prob': 0.1173, 'est_top_odds': 11.4, 'circle_concentration': 76.1, 'eligible_count': 8, 'bet_adj': 0, 'reason': 'rel_win1=45.2%（本命度） / 最有力組み合わせ確率: 0.117（推定実オッズ?11倍） / 2着集中度: 上位2艇 76.1%（補正+0.04） / 総合判定確率: 0.157 / → ヒモはやや固め。上位2艇以外を切ること', 'tenji_trigger': '展示確認: 1号艇伸び良→そのまま採用。悪→飛び組に差し替え。circle_pct上位2艇に絞り込むこと。\n展示で1号艇スタート超安定(0.131秒)→ヒモ固まり方向に注意'}",,,31.3,逃げ狙い,18.9,36.7,2,,,,,,,,,,,
2026-03-20,丸亀,6,1,柴田朋哉,A2,42.02,1,◎,54.0598,,0,75.5,0.1526,2.9717,,,0,低,105,0,逃0%,5,0,82,0.9882,0.5,,,,,0.0727,0.1584,0.1221,○,,B,△,,,0.5935,,0.4413,A,64,0,◎-○軸 3着3〜4艇流し（10〜15点）,0.5777,"{'is_target': True, 'verdict': '参加推奨', 'max_combo_prob': 0.0638, 'est_top_odds': 20.9, 'circle_concentration': 61.4, 'eligible_count': 8, 'bet_adj': 2, 'reason': 'rel_win1=54.1%（本命度） / 最有力組み合わせ確率: 0.064（推定実オッズ?21倍） / 2着集中度: 上位2艇 61.4%（補正+0.00） / 総合判定確率: 0.064 / → ヒモ分散。1号艇1着固定で広めのヒモ流し推奨（買い目+2点）', 'tenji_trigger': '展示確認: ヒモ分散レース。1号艇伸び確認後、広めのヒモ流しを採用。穴ヒモ（5・6号艇）を積極的に含める。'}",,,28.8,両建て推奨,17.68,30.7,2,,,,,0,0,0.6155,0,,主役軸流し,B
2026-03-20,丸亀,6,2,大谷健太,B2,39.66,2,○,13.5283,26.4,52,47.8,0.1804,4.1413,,,0,低,101,0,ま1%,64,0,15,0.484,0,0,0.2,0,0,0,0.0857,0.1286,,,B,△,,0.0914,0.605,,0.4413,A,64,0,◎-○軸 3着3〜4艇流し（10〜15点）,0.5777,"{'is_target': True, 'verdict': '参加推奨', 'max_combo_prob': 0.0638, 'est_top_odds': 20.9, 'circle_concentration': 61.4, 'eligible_count': 8, 'bet_adj': 2, 'reason': 'rel_win1=54.1%（本命度） / 最有力組み合わせ確率: 0.064（推定実オッズ?21倍） / 2着集中度: 上位2艇 61.4%（補正+0.00） / 総合判定確率: 0.064 / → ヒモ分散。1号艇1着固定で広めのヒモ流し推奨（買い目+2点）', 'tenji_trigger': '展示確認: ヒモ分散レース。1号艇伸び確認後、広めのヒモ流しを採用。穴ヒモ（5・6号艇）を積極的に含める。'}",,,28.8,両建て推奨,17.68,30.7,2,,,,,,,,,,,
2026-03-20,丸亀,6,3,藤田靖弘,A2,25.64,3,△,13.5798,35,100,67.2,0.1469,2.8134,,,0,低,111,0,-,3,0,63.8,1.1763,0,0,0.0556,0.0556,0,0.0533,0.115,0.0267,,,D,◎,,0.3366,0.6755,,0.4413,A,64,0,◎-○軸 3着3〜4艇流し（10〜15点）,0.5777,"{'is_target': True, 'verdict': '参加推奨', 'max_combo_prob': 0.0638, 'est_top_odds': 20.9, 'circle_concentration': 61.4, 'eligible_count': 8, 'bet_adj': 2, 'reason': 'rel_win1=54.1%（本命度） / 最有力組み合わせ確率: 0.064（推定実オッズ?21倍） / 2着集中度: 上位2艇 61.4%（補正+0.00） / 総合判定確率: 0.064 / → ヒモ分散。1号艇1着固定で広めのヒモ流し推奨（買い目+2点）', 'tenji_trigger': '展示確認: ヒモ分散レース。1号艇伸び確認後、広めのヒモ流しを採用。穴ヒモ（5・6号艇）を積極的に含める。'}",,,28.8,両建て推奨,17.68,30.7,2,,,,,,,,,,,
2026-03-20,丸亀,6,4,桑原　啓,B1,27.19,4,,9.4431,13.8,83,47,0.1577,3.3258,,,0,低,104,0,-,52,0,52.6,0.7526,0,0,0.1,0,0,0.3,0.22,0.18,,,D,○,◎,0.3084,0.6545,0.3626,0.4413,A,64,0,◎-○軸 3着3〜4艇流し（10〜15点）,0.5777,"{'is_target': True, 'verdict': '参加推奨', 'max_combo_prob': 0.0638, 'est_top_odds': 20.9, 'circle_concentration': 61.4, 'eligible_count': 8, 'bet_adj': 2, 'reason': 'rel_win1=54.1%（本命度） / 最有力組み合わせ確率: 0.064（推定実オッズ?21倍） / 2着集中度: 上位2艇 61.4%（補正+0.00） / 総合判定確率: 0.064 / → ヒモ分散。1号艇1着固定で広めのヒモ流し推奨（買い目+2点）', 'tenji_trigger': '展示確認: ヒモ分散レース。1号艇伸び確認後、広めのヒモ流しを採用。穴ヒモ（5・6号艇）を積極的に含める。'}",,,28.8,両建て推奨,17.68,30.7,2,,,,,,,,,,,
2026-03-20,丸亀,6,5,上條嘉嗣,A1,54.78,5,▲,8.2437,22.4,48,46.9,0.2024,4.2653,,,0,低,185,0,-,21,0,78.8,1.3912,0,0,0,0,0,0.0093,0.1705,0.1132,,,A,,,0.1763,0.573,,0.4413,A,64,0,◎-○軸 3着3〜4艇流し（10〜15点）,0.5777,"{'is_target': True, 'verdict': '参加推奨', 'max_combo_prob': 0.0638, 'est_top_odds': 20.9, 'circle_concentration': 61.4, 'eligible_count': 8, 'bet_adj': 2, 'reason': 'rel_win1=54.1%（本命度） / 最有力組み合わせ確率: 0.064（推定実オッズ?21倍） / 2着集中度: 上位2艇 61.4%（補正+0.00） / 総合判定確率: 0.064 / → ヒモ分散。1号艇1着固定で広めのヒモ流し推奨（買い目+2点）', 'tenji_trigger': '展示確認: ヒモ分散レース。1号艇伸び確認後、広めのヒモ流しを採用。穴ヒモ（5・6号艇）を積極的に含める。'}",,,28.8,両建て推奨,17.68,30.7,2,,,,,,,,,,,
2026-03-20,丸亀,6,6,吉田祐貴,B2,21.93,6,,1.1453,2.4,63,22.2,0.1842,4.1778,,,0,低,116,0,-,6,0,42.8,0.9319,,,,,,0.3333,0.4444,0,,,E,,,0.2332,0.5695,,0.4413,A,64,0,◎-○軸 3着3〜4艇流し（10〜15点）,0.5777,"{'is_target': True, 'verdict': '参加推奨', 'max_combo_prob': 0.0638, 'est_top_odds': 20.9, 'circle_concentration': 61.4, 'eligible_count': 8, 'bet_adj': 2, 'reason': 'rel_win1=54.1%（本命度） / 最有力組み合わせ確率: 0.064（推定実オッズ?21倍） / 2着集中度: 上位2艇 61.4%（補正+0.00） / 総合判定確率: 0.064 / → ヒモ分散。1号艇1着固定で広めのヒモ流し推奨（買い目+2点）', 'tenji_trigger': '展示確認: ヒモ分散レース。1号艇伸び確認後、広めのヒモ流しを採用。穴ヒモ（5・6号艇）を積極的に含める。'}",,,28.8,両建て推奨,17.68,30.7,2,,,,,,,,,,,
2026-03-20,丸亀,7,1,松田竜馬,B1,35.04,1,◎,58.5989,,0,91,0.1496,2.6119,,,0,低,79,0,逃0%,54,0,100,1.481,0.6429,,,,,0.0143,0.1286,0.2429,◎,,C,○,,,0.663,,0.5817,S,85,0,◎1着固定 2-3着流し（5〜8点）,0.5777,"{'is_target': True, 'verdict': '参加推奨', 'max_combo_prob': 0.0655, 'est_top_odds': 20.4, 'circle_concentration': 62.7, 'eligible_count': 6, 'bet_adj': 2, 'reason': 'rel_win1=58.6%（本命度） / 最有力組み合わせ確率: 0.065（推定実オッズ?20倍） / 2着集中度: 上位2艇 62.7%（補正+0.00） / 総合判定確率: 0.065 / → ヒモ分散。1号艇1着固定で広めのヒモ流し推奨（買い目+2点）', 'tenji_trigger': '展示確認: ヒモ分散レース。1号艇伸び確認後、広めのヒモ流しを採用。穴ヒモ（5・6号艇）を積極的に含める。'}",,,28.3,逃げ狙い,19.32,27.7,3,,,,,0,0,0.7559,0,,逃げ軸流し,A
2026-03-20,丸亀,7,2,齋藤智裕,B1,54.78,2,△,7.447,25.6,70,19.6,0.1911,4.087,,,0,低,102,0,-,4,0,15.6,0.5379,,,,,,0.3576,0.4047,0,,,A,,,0.0796,0.6105,,0.5817,S,85,0,◎1着固定 2-3着流し（5〜8点）,0.5777,"{'is_target': True, 'verdict': '参加推奨', 'max_combo_prob': 0.0655, 'est_top_odds': 20.4, 'circle_concentration': 62.7, 'eligible_count': 6, 'bet_adj': 2, 'reason': 'rel_win1=58.6%（本命度） / 最有力組み合わせ確率: 0.065（推定実オッズ?20倍） / 2着集中度: 上位2艇 62.7%（補正+0.00） / 総合判定確率: 0.065 / → ヒモ分散。1号艇1着固定で広めのヒモ流し推奨（買い目+2点）', 'tenji_trigger': '展示確認: ヒモ分散レース。1号艇伸び確認後、広めのヒモ流しを採用。穴ヒモ（5・6号艇）を積極的に含める。'}",,,28.3,逃げ狙い,19.32,27.7,3,,,,,,,,,,,
2026-03-20,丸亀,7,3,峰重侑治,B2,27.12,3,,10.3801,37.1,100,52.9,0.1743,3.4804,,,0,低,114,0,差0%,5,0,61.3,1.0196,0,0.0625,0,0,0,0.2267,0.0533,0,,,E,△,,0.1739,0.6135,,0.5817,S,85,0,◎1着固定 2-3着流し（5〜8点）,0.5777,"{'is_target': True, 'verdict': '参加推奨', 'max_combo_prob': 0.0655, 'est_top_odds': 20.4, 'circle_concentration': 62.7, 'eligible_count': 6, 'bet_adj': 2, 'reason': 'rel_win1=58.6%（本命度） / 最有力組み合わせ確率: 0.065（推定実オッズ?20倍） / 2着集中度: 上位2艇 62.7%（補正+0.00） / 総合判定確率: 0.065 / → ヒモ分散。1号艇1着固定で広めのヒモ流し推奨（買い目+2点）', 'tenji_trigger': '展示確認: ヒモ分散レース。1号艇伸び確認後、広めのヒモ流しを採用。穴ヒモ（5・6号艇）を積極的に含める。'}",,,28.3,逃げ狙い,19.32,27.7,3,,,,,,,,,,,
2026-03-20,丸亀,7,4,西丸侑太,A1,42.98,4,○,12.989,25.5,84,58.8,0.1496,3.1373,,,0,低,100,0,ま0%,35,0,56.7,1.1513,0,0,0.08,0.04,0.08,0,0.1314,0.0429,,,B,,◎,0.3177,0.6105,0.2285,0.5817,S,85,0,◎1着固定 2-3着流し（5〜8点）,0.5777,"{'is_target': True, 'verdict': '参加推奨', 'max_combo_prob': 0.0655, 'est_top_odds': 20.4, 'circle_concentration': 62.7, 'eligible_count': 6, 'bet_adj': 2, 'reason': 'rel_win1=58.6%（本命度） / 最有力組み合わせ確率: 0.065（推定実オッズ?20倍） / 2着集中度: 上位2艇 62.7%（補正+0.00） / 総合判定確率: 0.065 / → ヒモ分散。1号艇1着固定で広めのヒモ流し推奨（買い目+2点）', 'tenji_trigger': '展示確認: ヒモ分散レース。1号艇伸び確認後、広めのヒモ流しを採用。穴ヒモ（5・6号艇）を積極的に含める。'}",,,28.3,逃げ狙い,19.32,27.7,3,,,,,,,,,,,
2026-03-20,丸亀,7,5,相原利章,A2,37.61,5,▲,6.6823,8,41,40.4,0.1279,2.4423,,,0,低,43,0,差ま0%,32,0,42,1.2252,0,0,0,0.05,0,0.0933,0.2033,0.2633,,,C,△,,0.3727,0.643,,0.5817,S,85,0,◎1着固定 2-3着流し（5〜8点）,0.5777,"{'is_target': True, 'verdict': '参加推奨', 'max_combo_prob': 0.0655, 'est_top_odds': 20.4, 'circle_concentration': 62.7, 'eligible_count': 6, 'bet_adj': 2, 'reason': 'rel_win1=58.6%（本命度） / 最有力組み合わせ確率: 0.065（推定実オッズ?20倍） / 2着集中度: 上位2艇 62.7%（補正+0.00） / 総合判定確率: 0.065 / → ヒモ分散。1号艇1着固定で広めのヒモ流し推奨（買い目+2点）', 'tenji_trigger': '展示確認: ヒモ分散レース。1号艇伸び確認後、広めのヒモ流しを採用。穴ヒモ（5・6号艇）を積極的に含める。'}",,,28.3,逃げ狙い,19.32,27.7,3,,,,,,,,,,,
2026-03-20,丸亀,7,6,森　悠稀,A2,30.17,6,,3.9027,3.8,84,39.6,0.1358,2.7292,,,0,低,62,0,ま0% 差ま0%,3,0,75.6,1.6219,0,0,0.0435,0.0435,0,0.0552,0.0276,0.0552,,,D,◎,,0.3532,0.6755,,0.5817,S,85,0,◎1着固定 2-3着流し（5〜8点）,0.5777,"{'is_target': True, 'verdict': '参加推奨', 'max_combo_prob': 0.0655, 'est_top_odds': 20.4, 'circle_concentration': 62.7, 'eligible_count': 6, 'bet_adj': 2, 'reason': 'rel_win1=58.6%（本命度） / 最有力組み合わせ確率: 0.065（推定実オッズ?20倍） / 2着集中度: 上位2艇 62.7%（補正+0.00） / 総合判定確率: 0.065 / → ヒモ分散。1号艇1着固定で広めのヒモ流し推奨（買い目+2点）', 'tenji_trigger': '展示確認: ヒモ分散レース。1号艇伸び確認後、広めのヒモ流しを採用。穴ヒモ（5・6号艇）を積極的に含める。'}",,,28.3,逃げ狙い,19.32,27.7,3,,,,,,,,,,,
2026-03-20,丸亀,8,1,桑原　悠,A1,25.71,1,◎,67.6302,,0,97.7,0.1184,2.2614,,,0,低,26,0,逃1%,43,0,70.4,1.0756,0.6667,,,,,0.0444,0.0972,0.0667,◎,,E,△,,,0.6315,,0.7171,S,97,0,◎1着固定 2-3着流し（5〜8点）,0.5777,"{'is_target': True, 'verdict': '点数絞り', 'max_combo_prob': 0.1296, 'est_top_odds': 10.3, 'circle_concentration': 78.9, 'eligible_count': 6, 'bet_adj': 0, 'reason': 'rel_win1=67.6%（本命度） / 最有力組み合わせ確率: 0.130（推定実オッズ?10倍） / 2着集中度: 上位2艇 78.9%（補正+0.04） / 総合判定確率: 0.170 / → ヒモはやや固め。上位2艇以外を切ること', 'tenji_trigger': '展示確認: 1号艇伸び良→そのまま採用。悪→飛び組に差し替え。circle_pct上位2艇に絞り込むこと。\n展示で1号艇スタート超安定(0.118秒)→ヒモ固まり方向に注意'}",,,25.4,逃げ狙い,14.09,23.9,2,,,,,0,0,0.7559,0,,逃げ軸流し,A
2026-03-20,丸亀,8,2,川島圭司,A2,45.22,2,▲,13.4757,47.4,100,71,0.1347,2.2823,,,0,低,79,0,-,63,0,24.7,0.6738,0,0.0741,0.1111,0,0,0.0353,0.1553,0.1553,,,B,○,,0.1578,0.665,,0.7171,S,97,0,◎1着固定 2-3着流し（5〜8点）,0.5777,"{'is_target': True, 'verdict': '点数絞り', 'max_combo_prob': 0.1296, 'est_top_odds': 10.3, 'circle_concentration': 78.9, 'eligible_count': 6, 'bet_adj': 0, 'reason': 'rel_win1=67.6%（本命度） / 最有力組み合わせ確率: 0.130（推定実オッズ?10倍） / 2着集中度: 上位2艇 78.9%（補正+0.04） / 総合判定確率: 0.170 / → ヒモはやや固め。上位2艇以外を切ること', 'tenji_trigger': '展示確認: 1号艇伸び良→そのまま採用。悪→飛び組に差し替え。circle_pct上位2艇に絞り込むこと。\n展示で1号艇スタート超安定(0.118秒)→ヒモ固まり方向に注意'}",,,25.4,逃げ狙い,14.09,23.9,2,,,,,,,,,,,
2026-03-20,丸亀,8,3,永田義紘,B1,29.66,3,△,6.0854,12.9,85,40.3,0.169,2.9722,,,0,低,104,0,ま0% 差ま0%,2,0,24.3,0.7585,0,0,0.0294,0.0294,0,0.262,0.198,0.032,,,D,◎,,0.1067,0.672,,0.7171,S,97,0,◎1着固定 2-3着流し（5〜8点）,0.5777,"{'is_target': True, 'verdict': '点数絞り', 'max_combo_prob': 0.1296, 'est_top_odds': 10.3, 'circle_concentration': 78.9, 'eligible_count': 6, 'bet_adj': 0, 'reason': 'rel_win1=67.6%（本命度） / 最有力組み合わせ確率: 0.130（推定実オッズ?10倍） / 2着集中度: 上位2艇 78.9%（補正+0.04） / 総合判定確率: 0.170 / → ヒモはやや固め。上位2艇以外を切ること', 'tenji_trigger': '展示確認: 1号艇伸び良→そのまま採用。悪→飛び組に差し替え。circle_pct上位2艇に絞り込むこと。\n展示で1号艇スタート超安定(0.118秒)→ヒモ固まり方向に注意'}",,,25.4,逃げ狙い,14.09,23.9,2,,,,,,,,,,,
2026-03-20,丸亀,8,4,加倉侑征,A2,49.57,4,○,9.3196,31.6,46,55.6,0.1267,2.5741,,,0,低,56,0,-,12,0,100,2.2309,0,0,0.0417,0.0833,0.0417,0.2933,0.1333,0.16,,,A,△,◎,0.2653,0.6175,0.4528,0.7171,S,97,0,◎1着固定 2-3着流し（5〜8点）,0.5777,"{'is_target': True, 'verdict': '点数絞り', 'max_combo_prob': 0.1296, 'est_top_odds': 10.3, 'circle_concentration': 78.9, 'eligible_count': 6, 'bet_adj': 0, 'reason': 'rel_win1=67.6%（本命度） / 最有力組み合わせ確率: 0.130（推定実オッズ?10倍） / 2着集中度: 上位2艇 78.9%（補正+0.04） / 総合判定確率: 0.170 / → ヒモはやや固め。上位2艇以外を切ること', 'tenji_trigger': '展示確認: 1号艇伸び良→そのまま採用。悪→飛び組に差し替え。circle_pct上位2艇に絞り込むこと。\n展示で1号艇スタート超安定(0.118秒)→ヒモ固まり方向に注意'}",,,25.4,逃げ狙い,14.09,23.9,2,,,,,,,,,,,
2026-03-20,丸亀,8,5,森作広大,B1,36.84,5,,2.5755,6.4,33,11.4,0.1948,4.6477,,,0,低,96,0,差ま0%,3,0,22.9,0.7055,0,0,0,0.0385,0,0.5412,0,0.1412,,,C,,,0.1066,0.596,,0.7171,S,97,0,◎1着固定 2-3着流し（5〜8点）,0.5777,"{'is_target': True, 'verdict': '点数絞り', 'max_combo_prob': 0.1296, 'est_top_odds': 10.3, 'circle_concentration': 78.9, 'eligible_count': 6, 'bet_adj': 0, 'reason': 'rel_win1=67.6%（本命度） / 最有力組み合わせ確率: 0.130（推定実オッズ?10倍） / 2着集中度: 上位2艇 78.9%（補正+0.04） / 総合判定確率: 0.170 / → ヒモはやや固め。上位2艇以外を切ること', 'tenji_trigger': '展示確認: 1号艇伸び良→そのまま採用。悪→飛び組に差し替え。circle_pct上位2艇に絞り込むこと。\n展示で1号艇スタート超安定(0.118秒)→ヒモ固まり方向に注意'}",,,25.4,逃げ狙い,14.09,23.9,2,,,,,,,,,,,
2026-03-20,丸亀,8,6,渡辺空依,B1,26.61,6,,0.9137,1.8,46,11.5,0.2246,5.5769,,,0,低,103,0,-,5,0,22.5,0.8667,,,,,,0.0286,0.1143,0.0286,,,D,,,0.1388,0.54,,0.7171,S,97,0,◎1着固定 2-3着流し（5〜8点）,0.5777,"{'is_target': True, 'verdict': '点数絞り', 'max_combo_prob': 0.1296, 'est_top_odds': 10.3, 'circle_concentration': 78.9, 'eligible_count': 6, 'bet_adj': 0, 'reason': 'rel_win1=67.6%（本命度） / 最有力組み合わせ確率: 0.130（推定実オッズ?10倍） / 2着集中度: 上位2艇 78.9%（補正+0.04） / 総合判定確率: 0.170 / → ヒモはやや固め。上位2艇以外を切ること', 'tenji_trigger': '展示確認: 1号艇伸び良→そのまま採用。悪→飛び組に差し替え。circle_pct上位2艇に絞り込むこと。\n展示で1号艇スタート超安定(0.118秒)→ヒモ固まり方向に注意'}",,,25.4,逃げ狙い,14.09,23.9,2,,,,,,,,,,,
2026-03-20,丸亀,9,1,牟田奨太,B1,38.46,1,◎,60.7908,,0,76.7,0.1635,3.1977,,,0,低,75,0,逃0%,22,0,82.9,1.0266,0.3913,,,,,0.1727,0.1379,0.087,○,,B,△,,,0.6255,,0.3817,A,69,0,◎-○軸 3着3〜4艇流し（10〜15点）,0.5777,"{'is_target': True, 'verdict': '点数絞り', 'max_combo_prob': 0.1068, 'est_top_odds': 12.5, 'circle_concentration': 79.7, 'eligible_count': 8, 'bet_adj': 0, 'reason': 'rel_win1=60.8%（本命度） / 最有力組み合わせ確率: 0.107（推定実オッズ?12倍） / 2着集中度: 上位2艇 79.7%（補正+0.04） / 総合判定確率: 0.147 / → ヒモはやや固め。上位2艇以外を切ること', 'tenji_trigger': '展示確認: 1号艇伸び良→そのまま採用。悪→飛び組に差し替え。circle_pct上位2艇に絞り込むこと。'}",,,28.7,逃げ狙い,15.51,32.1,3,,,,,0,0,0.6155,0,,主役軸流し,B
2026-03-20,丸亀,9,2,前田健太,B1,46.96,2,▲,10.1062,33.9,77,48,0.1923,4.3,,,0,低,137,0,-,1,0,27.2,0.8147,0,0.0909,0,0,0,0.1746,0.1302,0.1302,,,A,,,0.0959,0.6055,,0.3817,A,69,0,◎-○軸 3着3〜4艇流し（10〜15点）,0.5777,"{'is_target': True, 'verdict': '点数絞り', 'max_combo_prob': 0.1068, 'est_top_odds': 12.5, 'circle_concentration': 79.7, 'eligible_count': 8, 'bet_adj': 0, 'reason': 'rel_win1=60.8%（本命度） / 最有力組み合わせ確率: 0.107（推定実オッズ?12倍） / 2着集中度: 上位2艇 79.7%（補正+0.04） / 総合判定確率: 0.147 / → ヒモはやや固め。上位2艇以外を切ること', 'tenji_trigger': '展示確認: 1号艇伸び良→そのまま採用。悪→飛び組に差し替え。circle_pct上位2艇に絞り込むこと。'}",,,28.7,逃げ狙い,15.51,32.1,3,,,,,,,,,,,
2026-03-20,丸亀,9,3,船岡洋一,A1,19.27,3,△,17.7748,45.9,100,82.2,0.134,2.7556,,,0,低,67,0,-,51,0,34.7,0.8487,0,0,0.0769,0.1923,0,0.0811,0.027,0.1081,,◎,E,○,,0.4961,0.6315,,0.3817,A,69,0,◎-○軸 3着3〜4艇流し（10〜15点）,0.5777,"{'is_target': True, 'verdict': '点数絞り', 'max_combo_prob': 0.1068, 'est_top_odds': 12.5, 'circle_concentration': 79.7, 'eligible_count': 8, 'bet_adj': 0, 'reason': 'rel_win1=60.8%（本命度） / 最有力組み合わせ確率: 0.107（推定実オッズ?12倍） / 2着集中度: 上位2艇 79.7%（補正+0.04） / 総合判定確率: 0.147 / → ヒモはやや固め。上位2艇以外を切ること', 'tenji_trigger': '展示確認: 1号艇伸び良→そのまま採用。悪→飛び組に差し替え。circle_pct上位2艇に絞り込むこと。'}",,,28.7,逃げ狙い,15.51,32.1,3,,,,,,,,,,,
2026-03-20,丸亀,9,4,小黒竜吾,B1,30.00,4,,6.6422,9.3,45,26,0.1614,3.34,,,0,低,132,0,差0% 差ま0%,3,0,25.7,0.6394,0,0.0417,0,0.0417,0,0.2879,0.0828,0.2328,,,D,△,,0.3087,0.6275,,0.3817,A,69,0,◎-○軸 3着3〜4艇流し（10〜15点）,0.5777,"{'is_target': True, 'verdict': '点数絞り', 'max_combo_prob': 0.1068, 'est_top_odds': 12.5, 'circle_concentration': 79.7, 'eligible_count': 8, 'bet_adj': 0, 'reason': 'rel_win1=60.8%（本命度） / 最有力組み合わせ確率: 0.107（推定実オッズ?12倍） / 2着集中度: 上位2艇 79.7%（補正+0.04） / 総合判定確率: 0.147 / → ヒモはやや固め。上位2艇以外を切ること', 'tenji_trigger': '展示確認: 1号艇伸び良→そのまま採用。悪→飛び組に差し替え。circle_pct上位2艇に絞り込むこと。'}",,,28.7,逃げ狙い,15.51,32.1,3,,,,,,,,,,,
2026-03-20,丸亀,9,5,荒井翔伍,A2,41.88,5,○,3.5941,10.6,46,37,0.1602,3.4907,,,0,低,81,0,-,S3,0,56.3,1.0043,,,,,,0.0148,0.1046,0.3287,,,B,○,,0.3447,0.6315,,0.3817,A,69,0,◎-○軸 3着3〜4艇流し（10〜15点）,0.5777,"{'is_target': True, 'verdict': '点数絞り', 'max_combo_prob': 0.1068, 'est_top_odds': 12.5, 'circle_concentration': 79.7, 'eligible_count': 8, 'bet_adj': 0, 'reason': 'rel_win1=60.8%（本命度） / 最有力組み合わせ確率: 0.107（推定実オッズ?12倍） / 2着集中度: 上位2艇 79.7%（補正+0.04） / 総合判定確率: 0.147 / → ヒモはやや固め。上位2艇以外を切ること', 'tenji_trigger': '展示確認: 1号艇伸び良→そのまま採用。悪→飛び組に差し替え。circle_pct上位2艇に絞り込むこと。'}",,,28.7,逃げ狙い,15.51,32.1,3,,,,,,,,,,,
2026-03-20,丸亀,9,6,浜本裕己,A2,18.97,6,,1.092,0.4,33,14.3,0.1641,3.7857,,,0,低,123,0,-,61,0,21.7,0.5883,,,,,,0.1219,0.0906,0.1829,,,E,◎,,0.3288,0.6345,,0.3817,A,69,0,◎-○軸 3着3〜4艇流し（10〜15点）,0.5777,"{'is_target': True, 'verdict': '点数絞り', 'max_combo_prob': 0.1068, 'est_top_odds': 12.5, 'circle_concentration': 79.7, 'eligible_count': 8, 'bet_adj': 0, 'reason': 'rel_win1=60.8%（本命度） / 最有力組み合わせ確率: 0.107（推定実オッズ?12倍） / 2着集中度: 上位2艇 79.7%（補正+0.04） / 総合判定確率: 0.147 / → ヒモはやや固め。上位2艇以外を切ること', 'tenji_trigger': '展示確認: 1号艇伸び良→そのまま採用。悪→飛び組に差し替え。circle_pct上位2艇に絞り込むこと。'}",,,28.7,逃げ狙い,15.51,32.1,3,,,,,,,,,,,
2026-03-20,丸亀,10,1,藤田靖弘,A2,25.64,1,◎,60.7579,,0,84.1,0.1451,2.5,,,0,低,111,0,逃0%,3,0,92.6,1.2456,0.6,,,,,0.0533,0.115,0.0267,◎,,E,◎,,,0.6755,,0.6011,A,75,0,◎-○軸 3着3〜4艇流し（10〜15点）,0.5777,"{'is_target': True, 'verdict': '点数絞り', 'max_combo_prob': 0.1043, 'est_top_odds': 12.8, 'circle_concentration': 74.7, 'eligible_count': 8, 'bet_adj': 0, 'reason': 'rel_win1=60.8%（本命度） / 最有力組み合わせ確率: 0.104（推定実オッズ?13倍） / 2着集中度: 上位2艇 74.7%（補正+0.04） / 総合判定確率: 0.144 / → ヒモはやや固め。上位2艇以外を切ること', 'tenji_trigger': '展示確認: 1号艇伸び良→そのまま採用。悪→飛び組に差し替え。circle_pct上位2艇に絞り込むこと。'}",,,28.1,逃げ狙い,20.87,25.9,2,,,,,0,0,0.7559,0,,逃げ軸流し,A
2026-03-20,丸亀,10,2,有賀達也,A1,28.70,2,▲,14.0348,54.8,45,67.7,0.144,3.2339,,,0,低,73,0,-,32,0,38.9,0.6505,0,0.1154,0.0769,0,0,0.0345,0.1379,0.0345,,◎,D,○,,0.3439,0.657,,0.6011,A,75,0,◎-○軸 3着3〜4艇流し（10〜15点）,0.5777,"{'is_target': True, 'verdict': '点数絞り', 'max_combo_prob': 0.1043, 'est_top_odds': 12.8, 'circle_concentration': 74.7, 'eligible_count': 8, 'bet_adj': 0, 'reason': 'rel_win1=60.8%（本命度） / 最有力組み合わせ確率: 0.104（推定実オッズ?13倍） / 2着集中度: 上位2艇 74.7%（補正+0.04） / 総合判定確率: 0.144 / → ヒモはやや固め。上位2艇以外を切ること', 'tenji_trigger': '展示確認: 1号艇伸び良→そのまま採用。悪→飛び組に差し替え。circle_pct上位2艇に絞り込むこと。'}",,,28.1,逃げ狙い,20.87,25.9,2,,,,,,,,,,,
2026-03-20,丸亀,10,3,中井俊祐,B1,32.20,3,△,9.471,20,71,50.8,0.1795,3.7881,,,0,低,130,0,-,1,0,29.6,0.8363,,,,,,0.1333,0.3167,0.2,,,C,△,,0.152,0.6095,,0.6011,A,75,0,◎-○軸 3着3〜4艇流し（10〜15点）,0.5777,"{'is_target': True, 'verdict': '点数絞り', 'max_combo_prob': 0.1043, 'est_top_odds': 12.8, 'circle_concentration': 74.7, 'eligible_count': 8, 'bet_adj': 0, 'reason': 'rel_win1=60.8%（本命度） / 最有力組み合わせ確率: 0.104（推定実オッズ?13倍） / 2着集中度: 上位2艇 74.7%（補正+0.04） / 総合判定確率: 0.144 / → ヒモはやや固め。上位2艇以外を切ること', 'tenji_trigger': '展示確認: 1号艇伸び良→そのまま採用。悪→飛び組に差し替え。circle_pct上位2艇に絞り込むこと。'}",,,28.1,逃げ狙い,20.87,25.9,2,,,,,,,,,,,
2026-03-20,丸亀,10,4,原田雄次,B1,36.75,4,,7.3712,12.7,100,44.7,0.2251,4.4681,,,0,低,136,0,-,1,0,26.1,0.8972,,,,,,0,0.25,0.375,,,B,,,0.1522,0.5155,,0.6011,A,75,0,◎-○軸 3着3〜4艇流し（10〜15点）,0.5777,"{'is_target': True, 'verdict': '点数絞り', 'max_combo_prob': 0.1043, 'est_top_odds': 12.8, 'circle_concentration': 74.7, 'eligible_count': 8, 'bet_adj': 0, 'reason': 'rel_win1=60.8%（本命度） / 最有力組み合わせ確率: 0.104（推定実オッズ?13倍） / 2着集中度: 上位2艇 74.7%（補正+0.04） / 総合判定確率: 0.144 / → ヒモはやや固め。上位2艇以外を切ること', 'tenji_trigger': '展示確認: 1号艇伸び良→そのまま採用。悪→飛び組に差し替え。circle_pct上位2艇に絞り込むこと。'}",,,28.1,逃げ狙い,20.87,25.9,2,,,,,,,,,,,
2026-03-20,丸亀,10,5,木場悠介,B1,29.09,5,,6.2763,6.4,62,34.8,0.1633,3.5606,,,0,低,101,0,-,4,0,24.9,0.8064,0,0,0,0.0333,0,0.032,0.132,0.244,,,D,△,◎,0.2377,0.652,0.3864,0.6011,A,75,0,◎-○軸 3着3〜4艇流し（10〜15点）,0.5777,"{'is_target': True, 'verdict': '点数絞り', 'max_combo_prob': 0.1043, 'est_top_odds': 12.8, 'circle_concentration': 74.7, 'eligible_count': 8, 'bet_adj': 0, 'reason': 'rel_win1=60.8%（本命度） / 最有力組み合わせ確率: 0.104（推定実オッズ?13倍） / 2着集中度: 上位2艇 74.7%（補正+0.04） / 総合判定確率: 0.144 / → ヒモはやや固め。上位2艇以外を切ること', 'tenji_trigger': '展示確認: 1号艇伸び良→そのまま採用。悪→飛び組に差し替え。circle_pct上位2艇に絞り込むこと。'}",,,28.1,逃げ狙い,20.87,25.9,2,,,,,,,,,,,
2026-03-20,丸亀,10,6,原田篤志,A1,37.93,6,○,2.0888,6.2,86,42.9,0.2071,4.5119,,,0,低,122,0,-,14,0,19.6,0.6006,,,,,,0.02,0.125,0.02,,,B,,,0.1562,0.5685,,0.6011,A,75,0,◎-○軸 3着3〜4艇流し（10〜15点）,0.5777,"{'is_target': True, 'verdict': '点数絞り', 'max_combo_prob': 0.1043, 'est_top_odds': 12.8, 'circle_concentration': 74.7, 'eligible_count': 8, 'bet_adj': 0, 'reason': 'rel_win1=60.8%（本命度） / 最有力組み合わせ確率: 0.104（推定実オッズ?13倍） / 2着集中度: 上位2艇 74.7%（補正+0.04） / 総合判定確率: 0.144 / → ヒモはやや固め。上位2艇以外を切ること', 'tenji_trigger': '展示確認: 1号艇伸び良→そのまま採用。悪→飛び組に差し替え。circle_pct上位2艇に絞り込むこと。'}",,,28.1,逃げ狙い,20.87,25.9,2,,,,,,,,,,,
2026-03-20,丸亀,11,1,君島秀三,A1,39.50,1,◎,56.606,,0,95.7,0.1461,2.75,,,0,低,60,0,逃1%,26,0,91,1.2066,0.7083,,,,,0.0767,0.0333,0.1617,◎,,B,○,,,0.6695,,0.5703,S,86,0,◎1着固定 2-3着流し（5〜8点）,0.5777,"{'is_target': True, 'verdict': '点数絞り', 'max_combo_prob': 0.1027, 'est_top_odds': 13.0, 'circle_concentration': 86.9, 'eligible_count': 6, 'bet_adj': 0, 'reason': 'rel_win1=56.6%（本命度） / 最有力組み合わせ確率: 0.103（推定実オッズ?13倍） / 2着集中度: 上位2艇 86.9%（補正+0.04） / 総合判定確率: 0.143 / → ヒモはやや固め。上位2艇以外を切ること', 'tenji_trigger': '展示確認: 1号艇伸び良→そのまま採用。悪→飛び組に差し替え。circle_pct上位2艇に絞り込むこと。'}",,,29.6,逃げ狙い,25.88,25.8,2,,,,,0,0,0.7559,0,,逃げ軸流し,A
2026-03-20,丸亀,11,2,村上　遼,A1,26.09,2,▲,22.1568,49,73,83.8,0.1459,2.7703,,,0,低,49,0,-,2,0,60.9,1.2569,0,0.2857,0.1429,0,0.0952,0.0593,0.3141,0.0296,,◎,E,△,,0.3767,0.6535,,0.5703,S,86,0,◎1着固定 2-3着流し（5〜8点）,0.5777,"{'is_target': True, 'verdict': '点数絞り', 'max_combo_prob': 0.1027, 'est_top_odds': 13.0, 'circle_concentration': 86.9, 'eligible_count': 6, 'bet_adj': 0, 'reason': 'rel_win1=56.6%（本命度） / 最有力組み合わせ確率: 0.103（推定実オッズ?13倍） / 2着集中度: 上位2艇 86.9%（補正+0.04） / 総合判定確率: 0.143 / → ヒモはやや固め。上位2艇以外を切ること', 'tenji_trigger': '展示確認: 1号艇伸び良→そのまま採用。悪→飛び組に差し替え。circle_pct上位2艇に絞り込むこと。'}",,,29.6,逃げ狙い,25.88,25.8,2,,,,,,,,,,,
2026-03-20,丸亀,11,3,森　悠稀,A2,30.17,3,△,8.0782,37.9,72,66.7,0.1297,2.5985,,,0,低,62,0,差ま0%,3,0,27.1,0.8846,0,0,0.0333,0.0333,0,0.0552,0.0276,0.0552,,○,D,◎,,0.3656,0.6755,,0.5703,S,86,0,◎1着固定 2-3着流し（5〜8点）,0.5777,"{'is_target': True, 'verdict': '点数絞り', 'max_combo_prob': 0.1027, 'est_top_odds': 13.0, 'circle_concentration': 86.9, 'eligible_count': 6, 'bet_adj': 0, 'reason': 'rel_win1=56.6%（本命度） / 最有力組み合わせ確率: 0.103（推定実オッズ?13倍） / 2着集中度: 上位2艇 86.9%（補正+0.04） / 総合判定確率: 0.143 / → ヒモはやや固め。上位2艇以外を切ること', 'tenji_trigger': '展示確認: 1号艇伸び良→そのまま採用。悪→飛び組に差し替え。circle_pct上位2艇に絞り込むこと。'}",,,29.6,逃げ狙い,25.88,25.8,2,,,,,,,,,,,
2026-03-20,丸亀,11,4,柴田朋哉,A2,42.02,4,○,7.2354,6.7,100,61.7,0.1465,2.7,,,0,低,105,0,差ま0%,5,0,55,1.1626,0,0,0,0.08,0,0.0727,0.1584,0.1221,,,B,,◎,0.2977,0.5935,0.373,0.5703,S,86,0,◎1着固定 2-3着流し（5〜8点）,0.5777,"{'is_target': True, 'verdict': '点数絞り', 'max_combo_prob': 0.1027, 'est_top_odds': 13.0, 'circle_concentration': 86.9, 'eligible_count': 6, 'bet_adj': 0, 'reason': 'rel_win1=56.6%（本命度） / 最有力組み合わせ確率: 0.103（推定実オッズ?13倍） / 2着集中度: 上位2艇 86.9%（補正+0.04） / 総合判定確率: 0.143 / → ヒモはやや固め。上位2艇以外を切ること', 'tenji_trigger': '展示確認: 1号艇伸び良→そのまま採用。悪→飛び組に差し替え。circle_pct上位2艇に絞り込むこと。'}",,,29.6,逃げ狙い,25.88,25.8,2,,,,,,,,,,,
2026-03-20,丸亀,11,5,三木晴斗,B1,38.60,5,,4.4538,3.6,62,32.2,0.1605,3.339,,,0,低,97,0,-,5,0,36.8,0.8955,0,0,0,0,0.0455,0.095,0.195,0.155,,,C,,○,0.2716,0.5655,0.2041,0.5703,S,86,0,◎1着固定 2-3着流し（5〜8点）,0.5777,"{'is_target': True, 'verdict': '点数絞り', 'max_combo_prob': 0.1027, 'est_top_odds': 13.0, 'circle_concentration': 86.9, 'eligible_count': 6, 'bet_adj': 0, 'reason': 'rel_win1=56.6%（本命度） / 最有力組み合わせ確率: 0.103（推定実オッズ?13倍） / 2着集中度: 上位2艇 86.9%（補正+0.04） / 総合判定確率: 0.143 / → ヒモはやや固め。上位2艇以外を切ること', 'tenji_trigger': '展示確認: 1号艇伸び良→そのまま採用。悪→飛び組に差し替え。circle_pct上位2艇に絞り込むこと。'}",,,29.6,逃げ狙い,25.88,25.8,2,,,,,,,,,,,
2026-03-20,丸亀,11,6,谷口知優,B1,32.14,6,,1.4699,2.8,36,24.4,0.1683,3.9512,,,0,低,83,0,-,1,0,28.8,0.8336,,,,,,0,0.3481,0.1039,,,D,△,,0.2444,0.6165,,0.5703,S,86,0,◎1着固定 2-3着流し（5〜8点）,0.5777,"{'is_target': True, 'verdict': '点数絞り', 'max_combo_prob': 0.1027, 'est_top_odds': 13.0, 'circle_concentration': 86.9, 'eligible_count': 6, 'bet_adj': 0, 'reason': 'rel_win1=56.6%（本命度） / 最有力組み合わせ確率: 0.103（推定実オッズ?13倍） / 2着集中度: 上位2艇 86.9%（補正+0.04） / 総合判定確率: 0.143 / → ヒモはやや固め。上位2艇以外を切ること', 'tenji_trigger': '展示確認: 1号艇伸び良→そのまま採用。悪→飛び組に差し替え。circle_pct上位2艇に絞り込むこと。'}",,,29.6,逃げ狙い,25.88,25.8,2,,,,,,,,,,,
2026-03-20,丸亀,12,1,西丸侑太,A1,42.98,1,◎,53.8463,,0,87.5,0.15,3.125,,,0,低,100,0,逃1%,35,0,83,1.0757,0.6786,,,,,0,0.1314,0.0429,◎,,B,△,,,0.6105,,0.4837,S,80,0,◎1着固定 2-3着流し（5〜8点）,0.5777,"{'is_target': True, 'verdict': '点数絞り', 'max_combo_prob': 0.0998, 'est_top_odds': 13.4, 'circle_concentration': 85.3, 'eligible_count': 6, 'bet_adj': 0, 'reason': 'rel_win1=53.8%（本命度） / 最有力組み合わせ確率: 0.100（推定実オッズ?13倍） / 2着集中度: 上位2艇 85.3%（補正+0.04） / 総合判定確率: 0.140 / → ヒモはやや固め。上位2艇以外を切ること', 'tenji_trigger': '展示確認: 1号艇伸び良→そのまま採用。悪→飛び組に差し替え。circle_pct上位2艇に絞り込むこと。'}",,,29.6,逃げ狙い,27,24.9,3,,,,,0,0,0.7559,0,,逃げ軸流し,A
2026-03-20,丸亀,12,2,上條嘉嗣,A1,54.78,2,○,15.9192,53.9,26,73.9,0.1832,3.8769,,,0,低,185,0,-,21,0,50.9,0.9522,0,0.2258,0,0,0,0.0093,0.1705,0.1132,,,A,,,0.1034,0.573,,0.4837,S,80,0,◎1着固定 2-3着流し（5〜8点）,0.5777,"{'is_target': True, 'verdict': '点数絞り', 'max_combo_prob': 0.0998, 'est_top_odds': 13.4, 'circle_concentration': 85.3, 'eligible_count': 6, 'bet_adj': 0, 'reason': 'rel_win1=53.8%（本命度） / 最有力組み合わせ確率: 0.100（推定実オッズ?13倍） / 2着集中度: 上位2艇 85.3%（補正+0.04） / 総合判定確率: 0.140 / → ヒモはやや固め。上位2艇以外を切ること', 'tenji_trigger': '展示確認: 1号艇伸び良→そのまま採用。悪→飛び組に差し替え。circle_pct上位2艇に絞り込むこと。'}",,,29.6,逃げ狙い,27,24.9,3,,,,,,,,,,,
2026-03-20,丸亀,12,3,桑原　悠,A1,25.71,3,▲,18.0561,31.3,60,78.6,0.1364,2.3929,,,0,低,26,0,ま0% 差ま0%,43,0,87,1.6533,0,0,0.1818,0.0909,0,0.0444,0.0972,0.0667,,◎,E,○,,0.3849,0.6315,,0.4837,S,80,0,◎1着固定 2-3着流し（5〜8点）,0.5777,"{'is_target': True, 'verdict': '点数絞り', 'max_combo_prob': 0.0998, 'est_top_odds': 13.4, 'circle_concentration': 85.3, 'eligible_count': 6, 'bet_adj': 0, 'reason': 'rel_win1=53.8%（本命度） / 最有力組み合わせ確率: 0.100（推定実オッズ?13倍） / 2着集中度: 上位2艇 85.3%（補正+0.04） / 総合判定確率: 0.140 / → ヒモはやや固め。上位2艇以外を切ること', 'tenji_trigger': '展示確認: 1号艇伸び良→そのまま採用。悪→飛び組に差し替え。circle_pct上位2艇に絞り込むこと。'}",,,29.6,逃げ狙い,27,24.9,3,,,,,,,,,,,
2026-03-20,丸亀,12,4,安田政彦,A2,33.04,4,,5.8286,6.6,100,54.9,0.21,4.2451,,,0,低,147,0,-,3,0,46.5,1.2117,0,0,0.0625,0,0,0.2188,0.3285,0.1918,,,D,,,0.1136,0.5665,,0.4837,S,80,0,◎1着固定 2-3着流し（5〜8点）,0.5777,"{'is_target': True, 'verdict': '点数絞り', 'max_combo_prob': 0.0998, 'est_top_odds': 13.4, 'circle_concentration': 85.3, 'eligible_count': 6, 'bet_adj': 0, 'reason': 'rel_win1=53.8%（本命度） / 最有力組み合わせ確率: 0.100（推定実オッズ?13倍） / 2着集中度: 上位2艇 85.3%（補正+0.04） / 総合判定確率: 0.140 / → ヒモはやや固め。上位2艇以外を切ること', 'tenji_trigger': '展示確認: 1号艇伸び良→そのまま採用。悪→飛び組に差し替え。circle_pct上位2艇に絞り込むこと。'}",,,29.6,逃げ狙い,27,24.9,3,,,,,,,,,,,
2026-03-20,丸亀,12,5,山ノ内雅,A2,34.48,5,,4.0243,7.3,85,49.3,0.1504,3.2174,,,0,低,97,0,-,2,0,27.2,0.7538,0,0,0,0.0541,0,0.1041,0.0432,0.0324,,,D,◎,,0.2848,0.6915,,0.4837,S,80,0,◎1着固定 2-3着流し（5〜8点）,0.5777,"{'is_target': True, 'verdict': '点数絞り', 'max_combo_prob': 0.0998, 'est_top_odds': 13.4, 'circle_concentration': 85.3, 'eligible_count': 6, 'bet_adj': 0, 'reason': 'rel_win1=53.8%（本命度） / 最有力組み合わせ確率: 0.100（推定実オッズ?13倍） / 2着集中度: 上位2艇 85.3%（補正+0.04） / 総合判定確率: 0.140 / → ヒモはやや固め。上位2艇以外を切ること', 'tenji_trigger': '展示確認: 1号艇伸び良→そのまま採用。悪→飛び組に差し替え。circle_pct上位2艇に絞り込むこと。'}",,,29.6,逃げ狙い,27,24.9,3,,,,,,,,,,,
2026-03-20,丸亀,12,6,庄司孝輔,B1,40.50,6,△,2.3255,0.8,46,27,0.1819,4.4189,,,0,低,133,0,-,2,0,31.5,1.1261,,,,,,0.016,0.2,0.08,,,C,△,,0.2118,0.577,,0.4837,S,80,0,◎1着固定 2-3着流し（5〜8点）,0.5777,"{'is_target': True, 'verdict': '点数絞り', 'max_combo_prob': 0.0998, 'est_top_odds': 13.4, 'circle_concentration': 85.3, 'eligible_count': 6, 'bet_adj': 0, 'reason': 'rel_win1=53.8%（本命度） / 最有力組み合わせ確率: 0.100（推定実オッズ?13倍） / 2着集中度: 上位2艇 85.3%（補正+0.04） / 総合判定確率: 0.140 / → ヒモはやや固め。上位2艇以外を切ること', 'tenji_trigger': '展示確認: 1号艇伸び良→そのまま採用。悪→飛び組に差し替え。circle_pct上位2艇に絞り込むこと。'}",,,29.6,逃げ狙い,27,24.9,3,,,,,,,,,,,
2026-03-21,丸亀,1,1,佐藤世那,B1,23.89,1,◎,58.6425,,0,57.1,0.18,3.9286,,,0,低,89,1,逃0%,155,0,73.3,0.8162,0.2857,,,,,0.3543,0.2343,0.0286,△⚠️,,E,,,,0.49,,0.2125,B,45,0,◎○△フォーメーション（15〜20点）,0.5777,"{'is_target': True, 'verdict': '点数絞り', 'max_combo_prob': 0.1221, 'est_top_odds': 10.9, 'circle_concentration': 74.3, 'eligible_count': 9, 'bet_adj': 0, 'reason': 'rel_win1=58.6%（本命度） / 最有力組み合わせ確率: 0.122（推定実オッズ?11倍） / 2着集中度: 上位2艇 74.3%（補正+0.04） / 総合判定確率: 0.162 / → ヒモはやや固め。上位2艇以外を切ること', 'tenji_trigger': '展示確認: 1号艇伸び良→そのまま採用。悪→飛び組に差し替え。circle_pct上位2艇に絞り込むこと。'}",,,33.1,両建て推奨,20.31,40.6,3,3-2-5|3-1-5|3-5-2|3-1-2|3-5-1|3-5-6|3-2-1|1-2-4|1-2-3|1-3-4|1-3-2|1-4-2,3-2-5|3-1-5|3-5-2|3-1-2|3-5-1|3-5-6|3-2-1|1-2-4|1-2-3|1-3-4|1-3-2|1-4-2,3-2-5:1.23%|3-1-5:1.15%|3-5-2:1.0%|3-1-2:0.8%|3-5-1:0.79%|3-5-6:0.74%|3-2-1:0.67%|1-2-4:10.16%|1-2-3:8.07%|1-3-4:6.97%|1-3-2:5.71%|1-4-2:4.94%,3-2-5:B_main|3-1-5:B_main|3-5-2:B_main|3-1-2:B_main|3-5-1:B_main|3-5-6:B_main|3-2-1:B_main|1-2-4:A|1-2-3:A|1-3-4:A|1-3-2:A|1-4-2:A,12,12,0.4535,1,[!]見送り推奨（主役決まり手「差し」― 逃げ劣勢レースで的中実績なし）,主役軸流し,B
2026-03-21,丸亀,1,2,中岡健人,B1,25.00,2,,8.2512,50.4,100,53.4,0.1702,3.5172,,,0,低,104,0,-,14S,0,60,0.7383,,,,,,0.28,0.164,0.196,,○,D,△,,0.4786,0.635,,0.2125,B,45,0,◎○△フォーメーション（15〜20点）,0.5777,"{'is_target': True, 'verdict': '点数絞り', 'max_combo_prob': 0.1221, 'est_top_odds': 10.9, 'circle_concentration': 74.3, 'eligible_count': 9, 'bet_adj': 0, 'reason': 'rel_win1=58.6%（本命度） / 最有力組み合わせ確率: 0.122（推定実オッズ?11倍） / 2着集中度: 上位2艇 74.3%（補正+0.04） / 総合判定確率: 0.162 / → ヒモはやや固め。上位2艇以外を切ること', 'tenji_trigger': '展示確認: 1号艇伸び良→そのまま採用。悪→飛び組に差し替え。circle_pct上位2艇に絞り込むこと。'}",,,33.1,両建て推奨,20.31,40.6,3,,,,,,,,,,,
2026-03-21,丸亀,1,3,冨成謙児,B1,43.48,3,○,11.9928,24,68,44.4,0.1425,3.1111,,,0,低,112,0,-,461,0,56.7,0.9427,0,0.037,0,0,0,0.3043,0.1739,0.1739,,◎,B,◎,,0.4962,0.6875,,0.2125,B,45,0,◎○△フォーメーション（15〜20点）,0.5777,"{'is_target': True, 'verdict': '点数絞り', 'max_combo_prob': 0.1221, 'est_top_odds': 10.9, 'circle_concentration': 74.3, 'eligible_count': 9, 'bet_adj': 0, 'reason': 'rel_win1=58.6%（本命度） / 最有力組み合わせ確率: 0.122（推定実オッズ?11倍） / 2着集中度: 上位2艇 74.3%（補正+0.04） / 総合判定確率: 0.162 / → ヒモはやや固め。上位2艇以外を切ること', 'tenji_trigger': '展示確認: 1号艇伸び良→そのまま採用。悪→飛び組に差し替え。circle_pct上位2艇に絞り込むこと。'}",,,33.1,両建て推奨,20.31,40.6,3,,,,,,,,,,,
2026-03-21,丸亀,1,4,松田竜馬,B1,35.04,4,▲,14.3061,19.5,91,53.7,0.1434,3.3358,,,0,低,79,0,-,546,0,67.5,0.95,0,0.037,0,0,0,0.0143,0.1286,0.2429,,△,C,○,◎,0.4595,0.663,0.4176,0.2125,B,45,0,◎○△フォーメーション（15〜20点）,0.5777,"{'is_target': True, 'verdict': '点数絞り', 'max_combo_prob': 0.1221, 'est_top_odds': 10.9, 'circle_concentration': 74.3, 'eligible_count': 9, 'bet_adj': 0, 'reason': 'rel_win1=58.6%（本命度） / 最有力組み合わせ確率: 0.122（推定実オッズ?11倍） / 2着集中度: 上位2艇 74.3%（補正+0.04） / 総合判定確率: 0.162 / → ヒモはやや固め。上位2艇以外を切ること', 'tenji_trigger': '展示確認: 1号艇伸び良→そのまま採用。悪→飛び組に差し替え。circle_pct上位2艇に絞り込むこと。'}",,,33.1,両建て推奨,20.31,40.6,3,,,,,,,,,,,
2026-03-21,丸亀,1,5,小黒竜吾,B1,30.00,5,,4.2372,5.8,49,30.9,0.1616,3.6397,,,0,低,132,0,-,3 45,0,38,0.8507,,,,,,0.2879,0.0828,0.2328,,,D,△,,0.4077,0.6275,,0.2125,B,45,0,◎○△フォーメーション（15〜20点）,0.5777,"{'is_target': True, 'verdict': '点数絞り', 'max_combo_prob': 0.1221, 'est_top_odds': 10.9, 'circle_concentration': 74.3, 'eligible_count': 9, 'bet_adj': 0, 'reason': 'rel_win1=58.6%（本命度） / 最有力組み合わせ確率: 0.122（推定実オッズ?11倍） / 2着集中度: 上位2艇 74.3%（補正+0.04） / 総合判定確率: 0.162 / → ヒモはやや固め。上位2艇以外を切ること', 'tenji_trigger': '展示確認: 1号艇伸び良→そのまま採用。悪→飛び組に差し替え。circle_pct上位2艇に絞り込むこと。'}",,,33.1,両建て推奨,20.31,40.6,3,,,,,,,,,,,
2026-03-21,丸亀,1,6,日高龍之,B2,45.69,6,△,2.5702,0.4,12,3.3,0.2102,4.5656,,,0,低,49,0,-,663,0,26.1,0.5461,0,0,0,0.0164,0,,,,,,A,,,0.2133,0.529,,0.2125,B,45,0,◎○△フォーメーション（15〜20点）,0.5777,"{'is_target': True, 'verdict': '点数絞り', 'max_combo_prob': 0.1221, 'est_top_odds': 10.9, 'circle_concentration': 74.3, 'eligible_count': 9, 'bet_adj': 0, 'reason': 'rel_win1=58.6%（本命度） / 最有力組み合わせ確率: 0.122（推定実オッズ?11倍） / 2着集中度: 上位2艇 74.3%（補正+0.04） / 総合判定確率: 0.162 / → ヒモはやや固め。上位2艇以外を切ること', 'tenji_trigger': '展示確認: 1号艇伸び良→そのまま採用。悪→飛び組に差し替え。circle_pct上位2艇に絞り込むこと。'}",,,33.1,両建て推奨,20.31,40.6,3,,,,,,,,,,,
2026-03-21,丸亀,2,1,大谷健太,B2,39.66,1,◎,49.1345,,0,79.5,0.1613,3.4615,,,0,低,101,0,逃1%,641,0,87.7,1.1412,0.5714,,,,,0,0.0857,0.1286,○,,C,△,,,0.605,,0.3639,A,68,0,◎-○軸 3着3〜4艇流し（10〜15点）,0.5777,"{'is_target': True, 'verdict': '参加推奨', 'max_combo_prob': 0.0758, 'est_top_odds': 17.6, 'circle_concentration': 67.7, 'eligible_count': 8, 'bet_adj': 2, 'reason': 'rel_win1=49.1%（本命度） / 最有力組み合わせ確率: 0.076（推定実オッズ?18倍） / 2着集中度: 上位2艇 67.7%（補正+0.00） / 総合判定確率: 0.076 / → ヒモ分散。1号艇1着固定で広めのヒモ流し推奨（買い目+2点）', 'tenji_trigger': '展示確認: ヒモ分散レース。1号艇伸び確認後、広めのヒモ流しを採用。穴ヒモ（5・6号艇）を積極的に含める。'}",,,27.5,逃げ狙い,18.67,26.1,4,,,,,0,0,0.6155,0,,逃げ軸流し,A
2026-03-21,丸亀,2,2,佐竹太一,B1,26.72,2,,11.3501,30.1,100,59.4,0.207,4.5781,,,0,低,176,0,差0%,154,0,72.1,1.1319,0,0.0588,0,0,0,0.2727,0.0364,0.1727,,,E,,,0.0621,0.589,,0.3639,A,68,0,◎-○軸 3着3〜4艇流し（10〜15点）,0.5777,"{'is_target': True, 'verdict': '参加推奨', 'max_combo_prob': 0.0758, 'est_top_odds': 17.6, 'circle_concentration': 67.7, 'eligible_count': 8, 'bet_adj': 2, 'reason': 'rel_win1=49.1%（本命度） / 最有力組み合わせ確率: 0.076（推定実オッズ?18倍） / 2着集中度: 上位2艇 67.7%（補正+0.00） / 総合判定確率: 0.076 / → ヒモ分散。1号艇1着固定で広めのヒモ流し推奨（買い目+2点）', 'tenji_trigger': '展示確認: ヒモ分散レース。1号艇伸び確認後、広めのヒモ流しを採用。穴ヒモ（5・6号艇）を積極的に含める。'}",,,27.5,逃げ狙い,18.67,26.1,4,,,,,,,,,,,
2026-03-21,丸亀,2,3,三木晴斗,B1,38.60,3,▲,16.7272,37.7,45,57.9,0.1382,2.5395,,,0,低,97,0,抜0%,5 15,0,56.1,1.3285,0,0.05,0.05,0.15,0.05,0.095,0.195,0.155,,◎,C,,,0.4291,0.5655,,0.3639,A,68,0,◎-○軸 3着3〜4艇流し（10〜15点）,0.5777,"{'is_target': True, 'verdict': '参加推奨', 'max_combo_prob': 0.0758, 'est_top_odds': 17.6, 'circle_concentration': 67.7, 'eligible_count': 8, 'bet_adj': 2, 'reason': 'rel_win1=49.1%（本命度） / 最有力組み合わせ確率: 0.076（推定実オッズ?18倍） / 2着集中度: 上位2艇 67.7%（補正+0.00） / 総合判定確率: 0.076 / → ヒモ分散。1号艇1着固定で広めのヒモ流し推奨（買い目+2点）', 'tenji_trigger': '展示確認: ヒモ分散レース。1号艇伸び確認後、広めのヒモ流しを採用。穴ヒモ（5・6号艇）を積極的に含める。'}",,,27.5,逃げ狙い,18.67,26.1,4,,,,,,,,,,,
2026-03-21,丸亀,2,4,川北浩貴,B1,41.18,4,△,9.8805,21.5,67,54.5,0.1661,3.2879,,,0,低,146,0,-,461,0,51.8,1.1572,,,,,,0.1399,0.2257,0.0541,,,B,◎,○,0.2912,0.6565,0.1814,0.3639,A,68,0,◎-○軸 3着3〜4艇流し（10〜15点）,0.5777,"{'is_target': True, 'verdict': '参加推奨', 'max_combo_prob': 0.0758, 'est_top_odds': 17.6, 'circle_concentration': 67.7, 'eligible_count': 8, 'bet_adj': 2, 'reason': 'rel_win1=49.1%（本命度） / 最有力組み合わせ確率: 0.076（推定実オッズ?18倍） / 2着集中度: 上位2艇 67.7%（補正+0.00） / 総合判定確率: 0.076 / → ヒモ分散。1号艇1着固定で広めのヒモ流し推奨（買い目+2点）', 'tenji_trigger': '展示確認: ヒモ分散レース。1号艇伸び確認後、広めのヒモ流しを採用。穴ヒモ（5・6号艇）を積極的に含める。'}",,,27.5,逃げ狙い,18.67,26.1,4,,,,,,,,,,,
2026-03-21,丸亀,2,5,牟田奨太,B1,38.46,5,,9.0516,7.3,42,25,0.144,2.85,,,0,低,75,0,ま0% 差ま0%,221,0,33.8,0.9495,0,0,0.0333,0.0667,0,0.1727,0.1379,0.087,,,D,○,◎,0.3438,0.6255,0.2662,0.3639,A,68,0,◎-○軸 3着3〜4艇流し（10〜15点）,0.5777,"{'is_target': True, 'verdict': '参加推奨', 'max_combo_prob': 0.0758, 'est_top_odds': 17.6, 'circle_concentration': 67.7, 'eligible_count': 8, 'bet_adj': 2, 'reason': 'rel_win1=49.1%（本命度） / 最有力組み合わせ確率: 0.076（推定実オッズ?18倍） / 2着集中度: 上位2艇 67.7%（補正+0.00） / 総合判定確率: 0.076 / → ヒモ分散。1号艇1着固定で広めのヒモ流し推奨（買い目+2点）', 'tenji_trigger': '展示確認: ヒモ分散レース。1号艇伸び確認後、広めのヒモ流しを採用。穴ヒモ（5・6号艇）を積極的に含める。'}",,,27.5,逃げ狙い,18.67,26.1,4,,,,,,,,,,,
2026-03-21,丸亀,2,6,加倉侑征,A2,49.57,6,○,3.8561,3.5,35,36,0.1416,3.36,,,0,低,56,0,抜0%,124,0,31.6,1.4625,0,0,0,0,0.0385,0.2933,0.1333,0.16,,,A,△,,0.3753,0.6175,,0.3639,A,68,0,◎-○軸 3着3〜4艇流し（10〜15点）,0.5777,"{'is_target': True, 'verdict': '参加推奨', 'max_combo_prob': 0.0758, 'est_top_odds': 17.6, 'circle_concentration': 67.7, 'eligible_count': 8, 'bet_adj': 2, 'reason': 'rel_win1=49.1%（本命度） / 最有力組み合わせ確率: 0.076（推定実オッズ?18倍） / 2着集中度: 上位2艇 67.7%（補正+0.00） / 総合判定確率: 0.076 / → ヒモ分散。1号艇1着固定で広めのヒモ流し推奨（買い目+2点）', 'tenji_trigger': '展示確認: ヒモ分散レース。1号艇伸び確認後、広めのヒモ流しを採用。穴ヒモ（5・6号艇）を積極的に含める。'}",,,27.5,逃げ狙い,18.67,26.1,4,,,,,,,,,,,
2026-03-21,丸亀,3,1,天野　誠,B1,23.68,1,△,39.8244,,0,65.6,0.1903,3.7656,,,0,低,126,0,-,345,0,81.6,1.0351,0.0833,,,,,0.2667,0.0667,0.6,,,E,,,,0.582,,0.1752,C,36,0,荒れ傾向。高配当狙いか見送り,0.5777,"{'is_target': False, 'verdict': '対象外', 'max_combo_prob': None, 'est_top_odds': None, 'circle_concentration': None, 'eligible_count': 0, 'bet_adj': 0, 'reason': '1号艇rel_win1 < 45%: 通常判定に委ねる', 'tenji_trigger': ''}",,,36.6,両建て推奨,13.42,42.2,4,2-3-4|2-4-3|2-3-5|2-4-5|2-3-6|2-4-6|2-5-4|1-2-4|1-2-5|1-3-4|1-3-2,2-3-4|2-4-3|2-3-5|2-4-5|2-3-6|2-4-6|2-5-4|3-1-4|1-2-4|1-2-5|1-3-4|1-3-2,2-3-4:3.52%|2-4-3:1.64%|2-3-5:1.63%|2-4-5:1.43%|2-3-6:1.1%|2-4-6:0.97%|2-5-4:0.95%|1-2-4:5.65%|1-2-5:4.78%|1-3-4:4.64%|1-3-2:4.34%,2-3-4:B_main|2-4-3:B_main|2-3-5:B_main|2-4-5:B_main|2-3-6:B_main|2-4-6:B_main|2-5-4:B_main|1-2-4:A|1-2-5:A|1-3-4:A|1-3-2:A,11,12,0.2915,1,[!]見送り推奨（主役決まり手「まくり」― 逃げ劣勢レースで的中実績なし）,主役軸流し,B
2026-03-21,丸亀,3,2,桑原　啓,B1,27.19,2,,15.7409,41.5,99,48.4,0.1613,3.7031,,,0,低,104,0,差0% ま0%,522,0,48.5,0.8559,0,0.0333,0.1333,0,0,0.3,0.22,0.18,,◎,D,○,,0.6098,0.6545,,0.1752,C,36,0,荒れ傾向。高配当狙いか見送り,0.5777,"{'is_target': False, 'verdict': '対象外', 'max_combo_prob': None, 'est_top_odds': None, 'circle_concentration': None, 'eligible_count': 0, 'bet_adj': 0, 'reason': '1号艇rel_win1 < 45%: 通常判定に委ねる', 'tenji_trigger': ''}",,,36.6,両建て推奨,13.42,42.2,4,,,,,,,,,,,
2026-03-21,丸亀,3,3,柴田朋哉,A2,42.02,3,○,12.9157,39.9,91,46.2,0.1657,3.0769,,,0,低,105,0,ま0% 抜0%,5 54,0,53.6,0.9892,0,0,0.037,0,0.037,0.0727,0.1584,0.1221,,,A,,,0.4263,0.5935,,0.1752,C,36,0,荒れ傾向。高配当狙いか見送り,0.5777,"{'is_target': False, 'verdict': '対象外', 'max_combo_prob': None, 'est_top_odds': None, 'circle_concentration': None, 'eligible_count': 0, 'bet_adj': 0, 'reason': '1号艇rel_win1 < 45%: 通常判定に委ねる', 'tenji_trigger': ''}",,,36.6,両建て推奨,13.42,42.2,4,,,,,,,,,,,
2026-03-21,丸亀,3,4,中井俊祐,B1,32.20,4,◎,22.237,8.1,76,49.2,0.1592,2.8279,,,0,低,130,0,差ま0%,1 64,0,59.9,0.9777,0,0,0.0345,0.1034,0,0.1333,0.3167,0.2,,△,C,△,◎,0.4323,0.6095,0.3824,0.1752,C,36,0,荒れ傾向。高配当狙いか見送り,0.5777,"{'is_target': False, 'verdict': '対象外', 'max_combo_prob': None, 'est_top_odds': None, 'circle_concentration': None, 'eligible_count': 0, 'bet_adj': 0, 'reason': '1号艇rel_win1 < 45%: 通常判定に委ねる', 'tenji_trigger': ''}",,,36.6,両建て推奨,13.42,42.2,4,,,,,,,,,,,
2026-03-21,丸亀,3,5,森　悠稀,A2,30.17,5,▲,7.7509,9,100,48.1,0.1319,2.8333,,,0,低,62,0,-,3 42,0,31.5,0.5105,0,0,0,0.0909,0,0.0552,0.0276,0.0552,,○,D,◎,,0.4793,0.6755,,0.1752,C,36,0,荒れ傾向。高配当狙いか見送り,0.5777,"{'is_target': False, 'verdict': '対象外', 'max_combo_prob': None, 'est_top_odds': None, 'circle_concentration': None, 'eligible_count': 0, 'bet_adj': 0, 'reason': '1号艇rel_win1 < 45%: 通常判定に委ねる', 'tenji_trigger': ''}",,,36.6,両建て推奨,13.42,42.2,4,,,,,,,,,,,
2026-03-21,丸亀,3,6,森作広大,B1,36.84,6,,1.5312,1.5,59,6.2,0.2359,5.375,,,0,低,96,0,-,3 F5,0,23.9,0.5461,,,,,,0.5412,0,0.1412,,,B,△,,0.1771,0.596,,0.1752,C,36,0,荒れ傾向。高配当狙いか見送り,0.5777,"{'is_target': False, 'verdict': '対象外', 'max_combo_prob': None, 'est_top_odds': None, 'circle_concentration': None, 'eligible_count': 0, 'bet_adj': 0, 'reason': '1号艇rel_win1 < 45%: 通常判定に委ねる', 'tenji_trigger': ''}",,,36.6,両建て推奨,13.42,42.2,4,,,,,,,,,,,
2026-03-21,丸亀,4,1,木場悠介,B1,29.09,1,◎,61.7342,,0,87.1,0.141,2.7016,,,0,低,101,0,逃1%,4 56,0,64.2,0.9635,0.48,,,,,0.032,0.132,0.244,◎,,C,○,,,0.652,,0.5283,S,90,0,◎1着固定 2-3着流し（5〜8点）,0.5777,"{'is_target': True, 'verdict': '点数絞り', 'max_combo_prob': 0.0895, 'est_top_odds': 14.9, 'circle_concentration': 77.8, 'eligible_count': 6, 'bet_adj': 0, 'reason': 'rel_win1=61.7%（本命度） / 最有力組み合わせ確率: 0.090（推定実オッズ?15倍） / 2着集中度: 上位2艇 77.8%（補正+0.04） / 総合判定確率: 0.130 / → ヒモはやや固め。上位2艇以外を切ること', 'tenji_trigger': '展示確認: 1号艇伸び良→そのまま採用。悪→飛び組に差し替え。circle_pct上位2艇に絞り込むこと。'}",,,24.9,逃げ狙い,7.16,28.4,2,,,,,0,0,0.7559,0,,逃げ軸流し,A
2026-03-21,丸亀,4,2,川田正人,B1,29.03,2,△,13.1658,39.3,71,48.5,0.1926,3.9091,,,0,低,152,0,-,441,0,96.7,1.9491,0,0.0645,0.0323,0,0.0323,0.1373,0.3263,0.0387,,,C,,,0.0671,0.614,,0.5283,S,90,0,◎1着固定 2-3着流し（5〜8点）,0.5777,"{'is_target': True, 'verdict': '点数絞り', 'max_combo_prob': 0.0895, 'est_top_odds': 14.9, 'circle_concentration': 77.8, 'eligible_count': 6, 'bet_adj': 0, 'reason': 'rel_win1=61.7%（本命度） / 最有力組み合わせ確率: 0.090（推定実オッズ?15倍） / 2着集中度: 上位2艇 77.8%（補正+0.04） / 総合判定確率: 0.130 / → ヒモはやや固め。上位2艇以外を切ること', 'tenji_trigger': '展示確認: 1号艇伸び良→そのまま採用。悪→飛び組に差し替え。circle_pct上位2艇に絞り込むこと。'}",,,24.9,逃げ狙い,7.16,28.4,2,,,,,,,,,,,
2026-03-21,丸亀,4,3,川島圭司,A2,45.22,3,○,12.8638,38.5,100,54,0.1403,2.5541,,,0,低,79,0,-,633,0,19.7,0.5983,0,0,0,0.0938,0,0.0353,0.1553,0.1553,,,A,◎,,0.317,0.665,,0.5283,S,90,0,◎1着固定 2-3着流し（5〜8点）,0.5777,"{'is_target': True, 'verdict': '点数絞り', 'max_combo_prob': 0.0895, 'est_top_odds': 14.9, 'circle_concentration': 77.8, 'eligible_count': 6, 'bet_adj': 0, 'reason': 'rel_win1=61.7%（本命度） / 最有力組み合わせ確率: 0.090（推定実オッズ?15倍） / 2着集中度: 上位2艇 77.8%（補正+0.04） / 総合判定確率: 0.130 / → ヒモはやや固め。上位2艇以外を切ること', 'tenji_trigger': '展示確認: 1号艇伸び良→そのまま採用。悪→飛び組に差し替え。circle_pct上位2艇に絞り込むこと。'}",,,24.9,逃げ狙い,7.16,28.4,2,,,,,,,,,,,
2026-03-21,丸亀,4,4,和合俊介,B1,30.83,4,▲,7.2821,8.9,70,27.3,0.1625,3.3636,,,0,低,102,0,ま0%,553,0,45,0.5172,0,0,0.0385,0,0,0.3333,0.5333,0.08,,,C,△,,0.2201,0.6265,,0.5283,S,90,0,◎1着固定 2-3着流し（5〜8点）,0.5777,"{'is_target': True, 'verdict': '点数絞り', 'max_combo_prob': 0.0895, 'est_top_odds': 14.9, 'circle_concentration': 77.8, 'eligible_count': 6, 'bet_adj': 0, 'reason': 'rel_win1=61.7%（本命度） / 最有力組み合わせ確率: 0.090（推定実オッズ?15倍） / 2着集中度: 上位2艇 77.8%（補正+0.04） / 総合判定確率: 0.130 / → ヒモはやや固め。上位2艇以外を切ること', 'tenji_trigger': '展示確認: 1号艇伸び良→そのまま採用。悪→飛び組に差し替え。circle_pct上位2艇に絞り込むこと。'}",,,24.9,逃げ狙い,7.16,28.4,2,,,,,,,,,,,
2026-03-21,丸亀,4,5,浜本裕己,A2,18.97,5,,3.6314,9,78,31.8,0.1591,3.0909,,,0,低,123,0,-,614,0,50.2,1.03,,,,,,0.1219,0.0906,0.1829,,,E,△,,0.2757,0.6345,,0.5283,S,90,0,◎1着固定 2-3着流し（5〜8点）,0.5777,"{'is_target': True, 'verdict': '点数絞り', 'max_combo_prob': 0.0895, 'est_top_odds': 14.9, 'circle_concentration': 77.8, 'eligible_count': 6, 'bet_adj': 0, 'reason': 'rel_win1=61.7%（本命度） / 最有力組み合わせ確率: 0.090（推定実オッズ?15倍） / 2着集中度: 上位2艇 77.8%（補正+0.04） / 総合判定確率: 0.130 / → ヒモはやや固め。上位2艇以外を切ること', 'tenji_trigger': '展示確認: 1号艇伸び良→そのまま採用。悪→飛び組に差し替え。circle_pct上位2艇に絞り込むこと。'}",,,24.9,逃げ狙い,7.16,28.4,2,,,,,,,,,,,
2026-03-21,丸亀,4,6,峰重侑治,B2,27.12,6,,1.3227,4.3,23,22.8,0.2002,4.5439,,,0,低,114,0,-,5 F2,0,24.6,1.0392,,,,,,0.2267,0.0533,0,,,D,,,0.1548,0.6135,,0.5283,S,90,0,◎1着固定 2-3着流し（5〜8点）,0.5777,"{'is_target': True, 'verdict': '点数絞り', 'max_combo_prob': 0.0895, 'est_top_odds': 14.9, 'circle_concentration': 77.8, 'eligible_count': 6, 'bet_adj': 0, 'reason': 'rel_win1=61.7%（本命度） / 最有力組み合わせ確率: 0.090（推定実オッズ?15倍） / 2着集中度: 上位2艇 77.8%（補正+0.04） / 総合判定確率: 0.130 / → ヒモはやや固め。上位2艇以外を切ること', 'tenji_trigger': '展示確認: 1号艇伸び良→そのまま採用。悪→飛び組に差し替え。circle_pct上位2艇に絞り込むこと。'}",,,24.9,逃げ狙い,7.16,28.4,2,,,,,,,,,,,
2026-03-21,丸亀,5,1,庄司孝輔,B1,40.50,1,◎,49.1751,,0,84,0.1536,2.98,,,0,低,133,0,逃0%,2 43,0,55.6,0.8953,0.36,,,,,0.016,0.2,0.08,○,,B,△,,,0.577,,0.4448,A,69,0,◎-○軸 3着3〜4艇流し（10〜15点）,0.5777,"{'is_target': True, 'verdict': '参加推奨', 'max_combo_prob': 0.0564, 'est_top_odds': 23.6, 'circle_concentration': 64.6, 'eligible_count': 8, 'bet_adj': 2, 'reason': 'rel_win1=49.2%（本命度） / 最有力組み合わせ確率: 0.056（推定実オッズ?24倍） / 2着集中度: 上位2艇 64.6%（補正+0.00） / 総合判定確率: 0.056 / → ヒモ分散。1号艇1着固定で広めのヒモ流し推奨（買い目+2点）', 'tenji_trigger': '展示確認: ヒモ分散レース。1号艇伸び確認後、広めのヒモ流しを採用。穴ヒモ（5・6号艇）を積極的に含める。'}",,,28.6,逃げ狙い,18.23,29.5,4,,,,,0,0,0.6155,0,,逃げ軸流し,A
2026-03-21,丸亀,5,2,安田政彦,A2,33.04,2,,10.6433,31.1,100,61.8,0.1902,4.0273,,,0,低,147,0,ま0%,3 24,0,47.6,1.1712,0,0.0303,0.0606,0,0,0.2188,0.3285,0.1918,,,D,,,0.0613,0.5665,,0.4448,A,69,0,◎-○軸 3着3〜4艇流し（10〜15点）,0.5777,"{'is_target': True, 'verdict': '参加推奨', 'max_combo_prob': 0.0564, 'est_top_odds': 23.6, 'circle_concentration': 64.6, 'eligible_count': 8, 'bet_adj': 2, 'reason': 'rel_win1=49.2%（本命度） / 最有力組み合わせ確率: 0.056（推定実オッズ?24倍） / 2着集中度: 上位2艇 64.6%（補正+0.00） / 総合判定確率: 0.056 / → ヒモ分散。1号艇1着固定で広めのヒモ流し推奨（買い目+2点）', 'tenji_trigger': '展示確認: ヒモ分散レース。1号艇伸び確認後、広めのヒモ流しを採用。穴ヒモ（5・6号艇）を積極的に含める。'}",,,28.6,逃げ狙い,18.23,29.5,4,,,,,,,,,,,
2026-03-21,丸亀,5,3,原田篤志,A1,37.93,3,△,10.4951,33.5,95,78.3,0.1675,3.3417,,,0,低,122,0,-,143,0,37.2,0.9771,0,0,0.0345,0.0345,0.0345,0.02,0.125,0.02,,,C,△,,0.235,0.5685,,0.4448,A,69,0,◎-○軸 3着3〜4艇流し（10〜15点）,0.5777,"{'is_target': True, 'verdict': '参加推奨', 'max_combo_prob': 0.0564, 'est_top_odds': 23.6, 'circle_concentration': 64.6, 'eligible_count': 8, 'bet_adj': 2, 'reason': 'rel_win1=49.2%（本命度） / 最有力組み合わせ確率: 0.056（推定実オッズ?24倍） / 2着集中度: 上位2艇 64.6%（補正+0.00） / 総合判定確率: 0.056 / → ヒモ分散。1号艇1着固定で広めのヒモ流し推奨（買い目+2点）', 'tenji_trigger': '展示確認: ヒモ分散レース。1号艇伸び確認後、広めのヒモ流しを採用。穴ヒモ（5・6号艇）を積極的に含める。'}",,,28.6,逃げ狙い,18.23,29.5,4,,,,,,,,,,,
2026-03-21,丸亀,5,4,村上　遼,A1,26.09,4,▲,22.9472,29.8,62,79.5,0.131,2.5897,,,0,低,49,0,ま0% 抜0%,2 23,0,99.2,1.9455,0,0,0.1333,0,0.0667,0.0593,0.3141,0.0296,,◎,E,◎,◎,0.434,0.6535,0.459,0.4448,A,69,0,◎-○軸 3着3〜4艇流し（10〜15点）,0.5777,"{'is_target': True, 'verdict': '参加推奨', 'max_combo_prob': 0.0564, 'est_top_odds': 23.6, 'circle_concentration': 64.6, 'eligible_count': 8, 'bet_adj': 2, 'reason': 'rel_win1=49.2%（本命度） / 最有力組み合わせ確率: 0.056（推定実オッズ?24倍） / 2着集中度: 上位2艇 64.6%（補正+0.00） / 総合判定確率: 0.056 / → ヒモ分散。1号艇1着固定で広めのヒモ流し推奨（買い目+2点）', 'tenji_trigger': '展示確認: ヒモ分散レース。1号艇伸び確認後、広めのヒモ流しを採用。穴ヒモ（5・6号艇）を積極的に含める。'}",,,28.6,逃げ狙い,18.23,29.5,4,,,,,,,,,,,
2026-03-21,丸亀,5,5,原田雄次,B1,36.75,5,,5.6008,4.8,91,28.8,0.2173,4.5,,,0,低,136,0,-,1 15,0,33.4,0.9967,,,,,,0,0.25,0.375,,,C,,,0.1647,0.5155,,0.4448,A,69,0,◎-○軸 3着3〜4艇流し（10〜15点）,0.5777,"{'is_target': True, 'verdict': '参加推奨', 'max_combo_prob': 0.0564, 'est_top_odds': 23.6, 'circle_concentration': 64.6, 'eligible_count': 8, 'bet_adj': 2, 'reason': 'rel_win1=49.2%（本命度） / 最有力組み合わせ確率: 0.056（推定実オッズ?24倍） / 2着集中度: 上位2艇 64.6%（補正+0.00） / 総合判定確率: 0.056 / → ヒモ分散。1号艇1着固定で広めのヒモ流し推奨（買い目+2点）', 'tenji_trigger': '展示確認: ヒモ分散レース。1号艇伸び確認後、広めのヒモ流しを採用。穴ヒモ（5・6号艇）を積極的に含める。'}",,,28.6,逃げ狙い,18.23,29.5,4,,,,,,,,,,,
2026-03-21,丸亀,5,6,齋藤智裕,B1,54.78,6,○,1.1385,0.8,39,10.3,0.1638,3.859,,,0,低,102,0,-,4 S5,0,24.6,0.5883,,,,,,0.3576,0.4047,0,,,A,○,,0.3075,0.6105,,0.4448,A,69,0,◎-○軸 3着3〜4艇流し（10〜15点）,0.5777,"{'is_target': True, 'verdict': '参加推奨', 'max_combo_prob': 0.0564, 'est_top_odds': 23.6, 'circle_concentration': 64.6, 'eligible_count': 8, 'bet_adj': 2, 'reason': 'rel_win1=49.2%（本命度） / 最有力組み合わせ確率: 0.056（推定実オッズ?24倍） / 2着集中度: 上位2艇 64.6%（補正+0.00） / 総合判定確率: 0.056 / → ヒモ分散。1号艇1着固定で広めのヒモ流し推奨（買い目+2点）', 'tenji_trigger': '展示確認: ヒモ分散レース。1号艇伸び確認後、広めのヒモ流しを採用。穴ヒモ（5・6号艇）を積極的に含める。'}",,,28.6,逃げ狙い,18.23,29.5,4,,,,,,,,,,,
2026-03-21,丸亀,6,1,相原利章,A2,37.61,1,◎,60.8959,,0,81.1,0.1153,2.3019,,,0,低,43,0,逃0%,323,0,74.9,1.0725,0.5,,,,,0.0933,0.2033,0.2633,◎,,C,△,,,0.643,,0.6553,S,90,0,◎1着固定 2-3着流し（5〜8点）,0.5777,"{'is_target': True, 'verdict': '点数絞り', 'max_combo_prob': 0.1052, 'est_top_odds': 12.7, 'circle_concentration': 73.4, 'eligible_count': 6, 'bet_adj': 0, 'reason': 'rel_win1=60.9%（本命度） / 最有力組み合わせ確率: 0.105（推定実オッズ?13倍） / 2着集中度: 上位2艇 73.4%（補正+0.04） / 総合判定確率: 0.145 / → ヒモはやや固め。上位2艇以外を切ること', 'tenji_trigger': '展示確認: 1号艇伸び良→そのまま採用。悪→飛び組に差し替え。circle_pct上位2艇に絞り込むこと。\n展示で1号艇スタート超安定(0.115秒)→ヒモ固まり方向に注意'}",,,27.1,逃げ狙い,11.77,30.8,4,,,,,0,0,0.7559,0,,逃げ軸流し,A
2026-03-21,丸亀,6,2,山ノ内雅,A2,34.48,2,△,11.6828,41.8,94,62.1,0.1609,3.7424,,,0,低,97,0,-,2 32,0,94.2,1.766,0,0.0312,0.0312,0,0,0.1041,0.0432,0.0324,,,C,◎,,0.0697,0.6915,,0.6553,S,90,0,◎1着固定 2-3着流し（5〜8点）,0.5777,"{'is_target': True, 'verdict': '点数絞り', 'max_combo_prob': 0.1052, 'est_top_odds': 12.7, 'circle_concentration': 73.4, 'eligible_count': 6, 'bet_adj': 0, 'reason': 'rel_win1=60.9%（本命度） / 最有力組み合わせ確率: 0.105（推定実オッズ?13倍） / 2着集中度: 上位2艇 73.4%（補正+0.04） / 総合判定確率: 0.145 / → ヒモはやや固め。上位2艇以外を切ること', 'tenji_trigger': '展示確認: 1号艇伸び良→そのまま採用。悪→飛び組に差し替え。circle_pct上位2艇に絞り込むこと。\n展示で1号艇スタート超安定(0.115秒)→ヒモ固まり方向に注意'}",,,27.1,逃げ狙い,11.77,30.8,4,,,,,,,,,,,
2026-03-21,丸亀,6,3,渡辺空依,B1,26.61,3,,7.5011,18.8,74,36.6,0.1778,3.1951,,,0,低,103,0,-,5 36,0,43.4,0.7317,0,0,0,0.0417,0,0.0286,0.1143,0.0286,,,E,,,0.1346,0.54,,0.6553,S,90,0,◎1着固定 2-3着流し（5〜8点）,0.5777,"{'is_target': True, 'verdict': '点数絞り', 'max_combo_prob': 0.1052, 'est_top_odds': 12.7, 'circle_concentration': 73.4, 'eligible_count': 6, 'bet_adj': 0, 'reason': 'rel_win1=60.9%（本命度） / 最有力組み合わせ確率: 0.105（推定実オッズ?13倍） / 2着集中度: 上位2艇 73.4%（補正+0.04） / 総合判定確率: 0.145 / → ヒモはやや固め。上位2艇以外を切ること', 'tenji_trigger': '展示確認: 1号艇伸び良→そのまま採用。悪→飛び組に差し替え。circle_pct上位2艇に絞り込むこと。\n展示で1号艇スタート超安定(0.115秒)→ヒモ固まり方向に注意'}",,,27.1,逃げ狙い,11.77,30.8,4,,,,,,,,,,,
2026-03-21,丸亀,6,4,君島秀三,A1,39.50,4,○,10.9141,31.6,100,73.2,0.1411,2.6696,,,0,低,60,0,ま0% 差ま0%,2621,0,76.1,1.4719,0,0,0.1154,0.1154,0,0.0767,0.0333,0.1617,,,B,△,◎,0.2475,0.6695,0.4948,0.6553,S,90,0,◎1着固定 2-3着流し（5〜8点）,0.5777,"{'is_target': True, 'verdict': '点数絞り', 'max_combo_prob': 0.1052, 'est_top_odds': 12.7, 'circle_concentration': 73.4, 'eligible_count': 6, 'bet_adj': 0, 'reason': 'rel_win1=60.9%（本命度） / 最有力組み合わせ確率: 0.105（推定実オッズ?13倍） / 2着集中度: 上位2艇 73.4%（補正+0.04） / 総合判定確率: 0.145 / → ヒモはやや固め。上位2艇以外を切ること', 'tenji_trigger': '展示確認: 1号艇伸び良→そのまま採用。悪→飛び組に差し替え。circle_pct上位2艇に絞り込むこと。\n展示で1号艇スタート超安定(0.115秒)→ヒモ固まり方向に注意'}",,,27.1,逃げ狙い,11.77,30.8,4,,,,,,,,,,,
2026-03-21,丸亀,6,5,日高龍之,B2,45.69,5,▲,5.1523,4.7,47,11.1,0.1806,4.2222,,,0,低,49,0,-,663,0,37.7,0.8248,,,,,,,,,,,A,,,0.165,0.529,,0.6553,S,90,0,◎1着固定 2-3着流し（5〜8点）,0.5777,"{'is_target': True, 'verdict': '点数絞り', 'max_combo_prob': 0.1052, 'est_top_odds': 12.7, 'circle_concentration': 73.4, 'eligible_count': 6, 'bet_adj': 0, 'reason': 'rel_win1=60.9%（本命度） / 最有力組み合わせ確率: 0.105（推定実オッズ?13倍） / 2着集中度: 上位2艇 73.4%（補正+0.04） / 総合判定確率: 0.145 / → ヒモはやや固め。上位2艇以外を切ること', 'tenji_trigger': '展示確認: 1号艇伸び良→そのまま採用。悪→飛び組に差し替え。circle_pct上位2艇に絞り込むこと。\n展示で1号艇スタート超安定(0.115秒)→ヒモ固まり方向に注意'}",,,27.1,逃げ狙い,11.77,30.8,4,,,,,,,,,,,
2026-03-21,丸亀,6,6,永田義紘,B1,29.66,6,,3.8538,3.1,21,20,0.186,4.53,,,0,低,104,0,-,2 32,0,29,0.9828,,,,,,0.262,0.198,0.032,,,D,○,,0.1655,0.672,,0.6553,S,90,0,◎1着固定 2-3着流し（5〜8点）,0.5777,"{'is_target': True, 'verdict': '点数絞り', 'max_combo_prob': 0.1052, 'est_top_odds': 12.7, 'circle_concentration': 73.4, 'eligible_count': 6, 'bet_adj': 0, 'reason': 'rel_win1=60.9%（本命度） / 最有力組み合わせ確率: 0.105（推定実オッズ?13倍） / 2着集中度: 上位2艇 73.4%（補正+0.04） / 総合判定確率: 0.145 / → ヒモはやや固め。上位2艇以外を切ること', 'tenji_trigger': '展示確認: 1号艇伸び良→そのまま採用。悪→飛び組に差し替え。circle_pct上位2艇に絞り込むこと。\n展示で1号艇スタート超安定(0.115秒)→ヒモ固まり方向に注意'}",,,27.1,逃げ狙い,11.77,30.8,4,,,,,,,,,,,
2026-03-21,丸亀,7,1,前田健太,B1,46.96,1,◎,56.38,,0,78.7,0.1479,2.9681,,,0,低,137,0,逃0%,1 46,0,52.1,0.8726,0.3889,,,,,0.1746,0.1302,0.1302,○,,A,,,,0.6055,,0.4296,A,71,0,◎-○軸 3着3〜4艇流し（10〜15点）,0.5777,"{'is_target': True, 'verdict': '点数絞り', 'max_combo_prob': 0.0955, 'est_top_odds': 14.0, 'circle_concentration': 77.4, 'eligible_count': 8, 'bet_adj': 0, 'reason': 'rel_win1=56.4%（本命度） / 最有力組み合わせ確率: 0.095（推定実オッズ?14倍） / 2着集中度: 上位2艇 77.4%（補正+0.04） / 総合判定確率: 0.135 / → ヒモはやや固め。上位2艇以外を切ること', 'tenji_trigger': '展示確認: 1号艇伸び良→そのまま採用。悪→飛び組に差し替え。circle_pct上位2艇に絞り込むこと。'}",,,27.9,逃げ狙い,13.96,31.3,2,,,,,0,0,0.6155,0,,逃げ軸流し,A
2026-03-21,丸亀,7,2,藤田靖弘,A2,25.64,2,▲,15.0207,46.4,86,65.4,0.1498,3.2284,,,0,低,111,0,-,3 41,0,100,0.8938,0,0.0976,0.0488,0,0,0.0533,0.115,0.0267,,○,C,◎,,0.3271,0.6755,,0.4296,A,71,0,◎-○軸 3着3〜4艇流し（10〜15点）,0.5777,"{'is_target': True, 'verdict': '点数絞り', 'max_combo_prob': 0.0955, 'est_top_odds': 14.0, 'circle_concentration': 77.4, 'eligible_count': 8, 'bet_adj': 0, 'reason': 'rel_win1=56.4%（本命度） / 最有力組み合わせ確率: 0.095（推定実オッズ?14倍） / 2着集中度: 上位2艇 77.4%（補正+0.04） / 総合判定確率: 0.135 / → ヒモはやや固め。上位2艇以外を切ること', 'tenji_trigger': '展示確認: 1号艇伸び良→そのまま採用。悪→飛び組に差し替え。circle_pct上位2艇に絞り込むこと。'}",,,27.9,逃げ狙い,13.96,31.3,2,,,,,,,,,,,
2026-03-21,丸亀,7,3,加倉侑征,A2,49.57,3,○,13.3399,31,73,56.1,0.1314,2.5606,,,0,低,56,0,抜0%,124,0,100,2.3733,0,0.0312,0.0312,0.0938,0.0312,0.2933,0.1333,0.16,,◎,A,△,,0.4016,0.6175,,0.4296,A,71,0,◎-○軸 3着3〜4艇流し（10〜15点）,0.5777,"{'is_target': True, 'verdict': '点数絞り', 'max_combo_prob': 0.0955, 'est_top_odds': 14.0, 'circle_concentration': 77.4, 'eligible_count': 8, 'bet_adj': 0, 'reason': 'rel_win1=56.4%（本命度） / 最有力組み合わせ確率: 0.095（推定実オッズ?14倍） / 2着集中度: 上位2艇 77.4%（補正+0.04） / 総合判定確率: 0.135 / → ヒモはやや固め。上位2艇以外を切ること', 'tenji_trigger': '展示確認: 1号艇伸び良→そのまま採用。悪→飛び組に差し替え。circle_pct上位2艇に絞り込むこと。'}",,,27.9,逃げ狙い,13.96,31.3,2,,,,,,,,,,,
2026-03-21,丸亀,7,4,中岡健人,B1,25.00,4,△,6.1894,11.9,67,35.6,0.1754,3.5932,,,0,低,104,0,-,14S,0,78.5,1.616,0,0,0.0312,0,0,0.28,0.164,0.196,,,D,○,,0.1944,0.635,,0.4296,A,71,0,◎-○軸 3着3〜4艇流し（10〜15点）,0.5777,"{'is_target': True, 'verdict': '点数絞り', 'max_combo_prob': 0.0955, 'est_top_odds': 14.0, 'circle_concentration': 77.4, 'eligible_count': 8, 'bet_adj': 0, 'reason': 'rel_win1=56.4%（本命度） / 最有力組み合わせ確率: 0.095（推定実オッズ?14倍） / 2着集中度: 上位2艇 77.4%（補正+0.04） / 総合判定確率: 0.135 / → ヒモはやや固め。上位2艇以外を切ること', 'tenji_trigger': '展示確認: 1号艇伸び良→そのまま採用。悪→飛び組に差し替え。circle_pct上位2艇に絞り込むこと。'}",,,27.9,逃げ狙い,13.96,31.3,2,,,,,,,,,,,
2026-03-21,丸亀,7,5,吉田祐貴,B2,21.93,5,,3.611,2.8,34,14.8,0.1772,3.7459,,,0,低,116,0,抜0%,6 46,0,32.5,0.656,0,0,0,0,0.05,0.3333,0.4444,0,,,E,,,0.2401,0.5695,,0.4296,A,71,0,◎-○軸 3着3〜4艇流し（10〜15点）,0.5777,"{'is_target': True, 'verdict': '点数絞り', 'max_combo_prob': 0.0955, 'est_top_odds': 14.0, 'circle_concentration': 77.4, 'eligible_count': 8, 'bet_adj': 0, 'reason': 'rel_win1=56.4%（本命度） / 最有力組み合わせ確率: 0.095（推定実オッズ?14倍） / 2着集中度: 上位2艇 77.4%（補正+0.04） / 総合判定確率: 0.135 / → ヒモはやや固め。上位2艇以外を切ること', 'tenji_trigger': '展示確認: 1号艇伸び良→そのまま採用。悪→飛び組に差し替え。circle_pct上位2艇に絞り込むこと。'}",,,27.9,逃げ狙い,13.96,31.3,2,,,,,,,,,,,
2026-03-21,丸亀,7,6,船岡洋一,A1,19.27,6,,5.4591,7.9,100,59.5,0.1889,4.0946,,,0,低,67,0,差ま0%,512,0,34.6,2.3425,0,0,0,0.0556,0,0.0811,0.027,0.1081,,,E,△,,0.1735,0.6315,,0.4296,A,71,0,◎-○軸 3着3〜4艇流し（10〜15点）,0.5777,"{'is_target': True, 'verdict': '点数絞り', 'max_combo_prob': 0.0955, 'est_top_odds': 14.0, 'circle_concentration': 77.4, 'eligible_count': 8, 'bet_adj': 0, 'reason': 'rel_win1=56.4%（本命度） / 最有力組み合わせ確率: 0.095（推定実オッズ?14倍） / 2着集中度: 上位2艇 77.4%（補正+0.04） / 総合判定確率: 0.135 / → ヒモはやや固め。上位2艇以外を切ること', 'tenji_trigger': '展示確認: 1号艇伸び良→そのまま採用。悪→飛び組に差し替え。circle_pct上位2艇に絞り込むこと。'}",,,27.9,逃げ狙い,13.96,31.3,2,,,,,,,,,,,
2026-03-21,丸亀,8,1,有賀達也,A1,28.70,1,◎,62.9142,,0,88.7,0.1285,2.4085,,,0,低,73,0,逃1%,32S2,0,77.8,1.1587,0.7241,,,,,0.0345,0.1379,0.0345,◎,,D,○,,,0.657,,0.672,A,79,0,◎-○軸 3着3〜4艇流し（10〜15点）,0.5777,"{'is_target': True, 'verdict': '点数絞り', 'max_combo_prob': 0.0867, 'est_top_odds': 15.4, 'circle_concentration': 73.1, 'eligible_count': 8, 'bet_adj': 0, 'reason': 'rel_win1=62.9%（本命度） / 最有力組み合わせ確率: 0.087（推定実オッズ?15倍） / 2着集中度: 上位2艇 73.1%（補正+0.04） / 総合判定確率: 0.127 / → ヒモはやや固め。上位2艇以外を切ること', 'tenji_trigger': '展示確認: 1号艇伸び良→そのまま採用。悪→飛び組に差し替え。circle_pct上位2艇に絞り込むこと。\n展示で1号艇スタート超安定(0.129秒)→ヒモ固まり方向に注意'}",,,26.9,逃げ狙い,16.83,25.9,3,,,,,0,0,0.7559,0,,逃げ軸流し,A
2026-03-21,丸亀,8,2,柴田朋哉,A2,42.02,2,▲,11.5513,39.4,86,55.4,0.1702,3.7462,,,0,低,105,0,差0% ま0%,5 54,0,35.1,0.9053,0,0.04,0.16,0,0,0.0727,0.1584,0.1221,,,A,,,0.0742,0.5935,,0.672,A,79,0,◎-○軸 3着3〜4艇流し（10〜15点）,0.5777,"{'is_target': True, 'verdict': '点数絞り', 'max_combo_prob': 0.0867, 'est_top_odds': 15.4, 'circle_concentration': 73.1, 'eligible_count': 8, 'bet_adj': 0, 'reason': 'rel_win1=62.9%（本命度） / 最有力組み合わせ確率: 0.087（推定実オッズ?15倍） / 2着集中度: 上位2艇 73.1%（補正+0.04） / 総合判定確率: 0.127 / → ヒモはやや固め。上位2艇以外を切ること', 'tenji_trigger': '展示確認: 1号艇伸び良→そのまま採用。悪→飛び組に差し替え。circle_pct上位2艇に絞り込むこと。\n展示で1号艇スタート超安定(0.129秒)→ヒモ固まり方向に注意'}",,,26.9,逃げ狙い,16.83,25.9,3,,,,,,,,,,,
2026-03-21,丸亀,8,3,谷口知優,B1,32.14,3,,10.4293,19.6,83,50,0.1627,3.2955,,,0,低,83,0,差0% ま0% 差ま0%,1 26,0,51.4,0.8363,0,0.125,0.0417,0.0833,0,0,0.3481,0.1039,,,C,△,,0.1344,0.6165,,0.672,A,79,0,◎-○軸 3着3〜4艇流し（10〜15点）,0.5777,"{'is_target': True, 'verdict': '点数絞り', 'max_combo_prob': 0.0867, 'est_top_odds': 15.4, 'circle_concentration': 73.1, 'eligible_count': 8, 'bet_adj': 0, 'reason': 'rel_win1=62.9%（本命度） / 最有力組み合わせ確率: 0.087（推定実オッズ?15倍） / 2着集中度: 上位2艇 73.1%（補正+0.04） / 総合判定確率: 0.127 / → ヒモはやや固め。上位2艇以外を切ること', 'tenji_trigger': '展示確認: 1号艇伸び良→そのまま採用。悪→飛び組に差し替え。circle_pct上位2艇に絞り込むこと。\n展示で1号艇スタート超安定(0.129秒)→ヒモ固まり方向に注意'}",,,26.9,逃げ狙い,16.83,25.9,3,,,,,,,,,,,
2026-03-21,丸亀,8,4,荒井翔伍,A2,41.88,4,○,10.5182,33.7,62,67.3,0.1531,2.898,,,0,低,81,0,-,S323,0,99.8,1.9689,0,0,0.0909,0.0455,0,0.0148,0.1046,0.3287,,,B,△,◎,0.2038,0.6315,0.3616,0.672,A,79,0,◎-○軸 3着3〜4艇流し（10〜15点）,0.5777,"{'is_target': True, 'verdict': '点数絞り', 'max_combo_prob': 0.0867, 'est_top_odds': 15.4, 'circle_concentration': 73.1, 'eligible_count': 8, 'bet_adj': 0, 'reason': 'rel_win1=62.9%（本命度） / 最有力組み合わせ確率: 0.087（推定実オッズ?15倍） / 2着集中度: 上位2艇 73.1%（補正+0.04） / 総合判定確率: 0.127 / → ヒモはやや固め。上位2艇以外を切ること', 'tenji_trigger': '展示確認: 1号艇伸び良→そのまま採用。悪→飛び組に差し替え。circle_pct上位2艇に絞り込むこと。\n展示で1号艇スタート超安定(0.129秒)→ヒモ固まり方向に注意'}",,,26.9,逃げ狙い,16.83,25.9,3,,,,,,,,,,,
2026-03-21,丸亀,8,5,佐竹太一,B1,26.72,5,,3.5523,6.7,100,43.3,0.1847,3.9583,,,0,低,176,0,差ま0%,154,0,26.3,0.5705,0,0,0.0303,0.0303,0,0.2727,0.0364,0.1727,,,E,,,0.1079,0.589,,0.672,A,79,0,◎-○軸 3着3〜4艇流し（10〜15点）,0.5777,"{'is_target': True, 'verdict': '点数絞り', 'max_combo_prob': 0.0867, 'est_top_odds': 15.4, 'circle_concentration': 73.1, 'eligible_count': 8, 'bet_adj': 0, 'reason': 'rel_win1=62.9%（本命度） / 最有力組み合わせ確率: 0.087（推定実オッズ?15倍） / 2着集中度: 上位2艇 73.1%（補正+0.04） / 総合判定確率: 0.127 / → ヒモはやや固め。上位2艇以外を切ること', 'tenji_trigger': '展示確認: 1号艇伸び良→そのまま採用。悪→飛び組に差し替え。circle_pct上位2艇に絞り込むこと。\n展示で1号艇スタート超安定(0.129秒)→ヒモ固まり方向に注意'}",,,26.9,逃げ狙い,16.83,25.9,3,,,,,,,,,,,
2026-03-21,丸亀,8,6,松田竜馬,B1,35.04,6,△,1.0347,0.6,41,27.6,0.154,3.5259,,,0,低,79,0,-,546,0,30.2,1.1783,,,,,,0.0143,0.1286,0.2429,,,C,◎,,0.2324,0.663,,0.672,A,79,0,◎-○軸 3着3〜4艇流し（10〜15点）,0.5777,"{'is_target': True, 'verdict': '点数絞り', 'max_combo_prob': 0.0867, 'est_top_odds': 15.4, 'circle_concentration': 73.1, 'eligible_count': 8, 'bet_adj': 0, 'reason': 'rel_win1=62.9%（本命度） / 最有力組み合わせ確率: 0.087（推定実オッズ?15倍） / 2着集中度: 上位2艇 73.1%（補正+0.04） / 総合判定確率: 0.127 / → ヒモはやや固め。上位2艇以外を切ること', 'tenji_trigger': '展示確認: 1号艇伸び良→そのまま採用。悪→飛び組に差し替え。circle_pct上位2艇に絞り込むこと。\n展示で1号艇スタート超安定(0.129秒)→ヒモ固まり方向に注意'}",,,26.9,逃げ狙い,16.83,25.9,3,,,,,,,,,,,
2026-03-21,丸亀,9,1,森　悠稀,A2,30.17,1,◎,53.7279,,0,88.3,0.1483,2.9333,,,0,低,62,0,逃1%,3 42,0,59.9,0.9478,0.5862,,,,,0.0552,0.0276,0.0552,◎,,D,○,,,0.6755,,0.5042,A,71,0,◎-○軸 3着3〜4艇流し（10〜15点）,0.5777,"{'is_target': True, 'verdict': '点数絞り', 'max_combo_prob': 0.1016, 'est_top_odds': 13.1, 'circle_concentration': 75.5, 'eligible_count': 8, 'bet_adj': 0, 'reason': 'rel_win1=53.7%（本命度） / 最有力組み合わせ確率: 0.102（推定実オッズ?13倍） / 2着集中度: 上位2艇 75.5%（補正+0.04） / 総合判定確率: 0.142 / → ヒモはやや固め。上位2艇以外を切ること', 'tenji_trigger': '展示確認: 1号艇伸び良→そのまま採用。悪→飛び組に差し替え。circle_pct上位2艇に絞り込むこと。'}",,,27.3,逃げ狙い,20,24.4,3,,,,,0,0,0.7559,0,,逃げ軸流し,A
2026-03-21,丸亀,9,2,冨成謙児,B1,43.48,2,▲,8.9776,51.7,73,59.7,0.1504,3.3961,,,0,低,112,0,-,461,0,28,0.7957,,,,,,0.3043,0.1739,0.1739,,,B,◎,,0.3148,0.6875,,0.5042,A,71,0,◎-○軸 3着3〜4艇流し（10〜15点）,0.5777,"{'is_target': True, 'verdict': '点数絞り', 'max_combo_prob': 0.1016, 'est_top_odds': 13.1, 'circle_concentration': 75.5, 'eligible_count': 8, 'bet_adj': 0, 'reason': 'rel_win1=53.7%（本命度） / 最有力組み合わせ確率: 0.102（推定実オッズ?13倍） / 2着集中度: 上位2艇 75.5%（補正+0.04） / 総合判定確率: 0.142 / → ヒモはやや固め。上位2艇以外を切ること', 'tenji_trigger': '展示確認: 1号艇伸び良→そのまま採用。悪→飛び組に差し替え。circle_pct上位2艇に絞り込むこと。'}",,,27.3,逃げ狙い,20,24.4,3,,,,,,,,,,,
2026-03-21,丸亀,9,3,上條嘉嗣,A1,54.78,3,○,21.513,21.6,94,75,0.1797,3.7206,,,0,低,185,0,差ま0%,2135,0,24.8,0.865,0,0,0.1875,0.125,0,0.0093,0.1705,0.1132,,,A,,,0.1757,0.573,,0.5042,A,71,0,◎-○軸 3着3〜4艇流し（10〜15点）,0.5777,"{'is_target': True, 'verdict': '点数絞り', 'max_combo_prob': 0.1016, 'est_top_odds': 13.1, 'circle_concentration': 75.5, 'eligible_count': 8, 'bet_adj': 0, 'reason': 'rel_win1=53.7%（本命度） / 最有力組み合わせ確率: 0.102（推定実オッズ?13倍） / 2着集中度: 上位2艇 75.5%（補正+0.04） / 総合判定確率: 0.142 / → ヒモはやや固め。上位2艇以外を切ること', 'tenji_trigger': '展示確認: 1号艇伸び良→そのまま採用。悪→飛び組に差し替え。circle_pct上位2艇に絞り込むこと。'}",,,27.3,逃げ狙い,20,24.4,3,,,,,,,,,,,
2026-03-21,丸亀,9,4,桑原　悠,A1,25.71,4,,10.0002,23.9,100,82.9,0.1531,3.3714,,,0,低,26,0,-,4316,0,97,1.8681,0,0,0.1429,0,0,0.0444,0.0972,0.0667,,,E,△,◎,0.2991,0.6315,0.3411,0.5042,A,71,0,◎-○軸 3着3〜4艇流し（10〜15点）,0.5777,"{'is_target': True, 'verdict': '点数絞り', 'max_combo_prob': 0.1016, 'est_top_odds': 13.1, 'circle_concentration': 75.5, 'eligible_count': 8, 'bet_adj': 0, 'reason': 'rel_win1=53.7%（本命度） / 最有力組み合わせ確率: 0.102（推定実オッズ?13倍） / 2着集中度: 上位2艇 75.5%（補正+0.04） / 総合判定確率: 0.142 / → ヒモはやや固め。上位2艇以外を切ること', 'tenji_trigger': '展示確認: 1号艇伸び良→そのまま採用。悪→飛び組に差し替え。circle_pct上位2艇に絞り込むこと。'}",,,27.3,逃げ狙い,20,24.4,3,,,,,,,,,,,
2026-03-21,丸亀,9,5,和合俊介,B1,30.83,5,,3.0254,1.3,55,20.3,0.1583,4.0169,,,0,低,102,0,-,553,0,28,0.7283,0,0,0,0.0323,0,0.3333,0.5333,0.08,,,D,△,,0.2497,0.6265,,0.5042,A,71,0,◎-○軸 3着3〜4艇流し（10〜15点）,0.5777,"{'is_target': True, 'verdict': '点数絞り', 'max_combo_prob': 0.1016, 'est_top_odds': 13.1, 'circle_concentration': 75.5, 'eligible_count': 8, 'bet_adj': 0, 'reason': 'rel_win1=53.7%（本命度） / 最有力組み合わせ確率: 0.102（推定実オッズ?13倍） / 2着集中度: 上位2艇 75.5%（補正+0.04） / 総合判定確率: 0.142 / → ヒモはやや固め。上位2艇以外を切ること', 'tenji_trigger': '展示確認: 1号艇伸び良→そのまま採用。悪→飛び組に差し替え。circle_pct上位2艇に絞り込むこと。'}",,,27.3,逃げ狙い,20,24.4,3,,,,,,,,,,,
2026-03-21,丸亀,9,6,牟田奨太,B1,38.46,6,△,2.7559,1.6,24,17.6,0.1631,3.402,,,0,低,75,0,-,221,0,31.3,0.8333,0,0,0,0.0345,0,0.1727,0.1379,0.087,,,C,,,0.24,0.6255,,0.5042,A,71,0,◎-○軸 3着3〜4艇流し（10〜15点）,0.5777,"{'is_target': True, 'verdict': '点数絞り', 'max_combo_prob': 0.1016, 'est_top_odds': 13.1, 'circle_concentration': 75.5, 'eligible_count': 8, 'bet_adj': 0, 'reason': 'rel_win1=53.7%（本命度） / 最有力組み合わせ確率: 0.102（推定実オッズ?13倍） / 2着集中度: 上位2艇 75.5%（補正+0.04） / 総合判定確率: 0.142 / → ヒモはやや固め。上位2艇以外を切ること', 'tenji_trigger': '展示確認: 1号艇伸び良→そのまま採用。悪→飛び組に差し替え。circle_pct上位2艇に絞り込むこと。'}",,,27.3,逃げ狙い,20,24.4,3,,,,,,,,,,,
2026-03-21,丸亀,10,1,安田政彦,A2,33.04,1,◎,54.5755,,0,86,0.1748,3.57,,,0,低,147,0,逃0%,3 24,0,97,1.3957,0.3793,,,,,0.2188,0.3285,0.1918,○,,C,,,,0.5665,,0.3683,A,67,0,◎-○軸 3着3〜4艇流し（10〜15点）,0.5777,"{'is_target': True, 'verdict': '参加推奨', 'max_combo_prob': 0.0692, 'est_top_odds': 19.3, 'circle_concentration': 79.6, 'eligible_count': 8, 'bet_adj': 2, 'reason': 'rel_win1=54.6%（本命度） / 最有力組み合わせ確率: 0.069（推定実オッズ?19倍） / 2着集中度: 上位2艇 79.6%（補正+0.04） / 総合判定確率: 0.109 / → ヒモ分散。1号艇1着固定で広めのヒモ流し推奨（買い目+2点）', 'tenji_trigger': '展示確認: ヒモ分散レース。1号艇伸び確認後、広めのヒモ流しを採用。穴ヒモ（5・6号艇）を積極的に含める。'}",,,32.1,逃げ狙い,18.03,39.7,2,,,,,0,0,0.6155,0,,主役軸流し,B
2026-03-21,丸亀,10,2,西丸侑太,A1,42.98,2,○,18.8803,40.3,100,76.2,0.1864,3.75,,,0,低,100,0,差0% ま0%,3511,0,34.1,0.8788,0,0.2,0.16,0,0,0,0.1314,0.0429,,,A,△,,0.2636,0.6105,,0.3683,A,67,0,◎-○軸 3着3〜4艇流し（10〜15点）,0.5777,"{'is_target': True, 'verdict': '参加推奨', 'max_combo_prob': 0.0692, 'est_top_odds': 19.3, 'circle_concentration': 79.6, 'eligible_count': 8, 'bet_adj': 2, 'reason': 'rel_win1=54.6%（本命度） / 最有力組み合わせ確率: 0.069（推定実オッズ?19倍） / 2着集中度: 上位2艇 79.6%（補正+0.04） / 総合判定確率: 0.109 / → ヒモ分散。1号艇1着固定で広めのヒモ流し推奨（買い目+2点）', 'tenji_trigger': '展示確認: ヒモ分散レース。1号艇伸び確認後、広めのヒモ流しを採用。穴ヒモ（5・6号艇）を積極的に含める。'}",,,32.1,逃げ狙い,18.03,39.7,2,,,,,,,,,,,
2026-03-21,丸亀,10,3,川田正人,B1,29.03,3,,9.6824,39.4,98,62.7,0.159,3.4328,,,0,低,152,0,-,441,0,50.5,1.1567,0,0.0968,0,0.0323,0,0.1373,0.3263,0.0387,,○,D,○,,0.4114,0.614,,0.3683,A,67,0,◎-○軸 3着3〜4艇流し（10〜15点）,0.5777,"{'is_target': True, 'verdict': '参加推奨', 'max_combo_prob': 0.0692, 'est_top_odds': 19.3, 'circle_concentration': 79.6, 'eligible_count': 8, 'bet_adj': 2, 'reason': 'rel_win1=54.6%（本命度） / 最有力組み合わせ確率: 0.069（推定実オッズ?19倍） / 2着集中度: 上位2艇 79.6%（補正+0.04） / 総合判定確率: 0.109 / → ヒモ分散。1号艇1着固定で広めのヒモ流し推奨（買い目+2点）', 'tenji_trigger': '展示確認: ヒモ分散レース。1号艇伸び確認後、広めのヒモ流しを採用。穴ヒモ（5・6号艇）を積極的に含める。'}",,,32.1,逃げ狙い,18.03,39.7,2,,,,,,,,,,,
2026-03-21,丸亀,10,4,天野　誠,B1,23.68,4,,4.7412,5.8,79,15.6,0.1902,4.2889,,,0,低,126,0,ま0%,345,0,97.5,0.546,0,0,0.0556,0,0,0.2667,0.0667,0.6,,,E,,,0.2793,0.582,,0.3683,A,67,0,◎-○軸 3着3〜4艇流し（10〜15点）,0.5777,"{'is_target': True, 'verdict': '参加推奨', 'max_combo_prob': 0.0692, 'est_top_odds': 19.3, 'circle_concentration': 79.6, 'eligible_count': 8, 'bet_adj': 2, 'reason': 'rel_win1=54.6%（本命度） / 最有力組み合わせ確率: 0.069（推定実オッズ?19倍） / 2着集中度: 上位2艇 79.6%（補正+0.04） / 総合判定確率: 0.109 / → ヒモ分散。1号艇1着固定で広めのヒモ流し推奨（買い目+2点）', 'tenji_trigger': '展示確認: ヒモ分散レース。1号艇伸び確認後、広めのヒモ流しを採用。穴ヒモ（5・6号艇）を積極的に含める。'}",,,32.1,逃げ狙い,18.03,39.7,2,,,,,,,,,,,
2026-03-21,丸亀,10,5,大谷健太,B2,39.66,5,▲,6.81,9,87,34.6,0.1708,3.9038,,,0,低,101,0,ま0%,641,0,28.2,0.611,0,0,0.0625,0,0,0,0.0857,0.1286,,,B,△,,0.3554,0.605,,0.3683,A,67,0,◎-○軸 3着3〜4艇流し（10〜15点）,0.5777,"{'is_target': True, 'verdict': '参加推奨', 'max_combo_prob': 0.0692, 'est_top_odds': 19.3, 'circle_concentration': 79.6, 'eligible_count': 8, 'bet_adj': 2, 'reason': 'rel_win1=54.6%（本命度） / 最有力組み合わせ確率: 0.069（推定実オッズ?19倍） / 2着集中度: 上位2艇 79.6%（補正+0.04） / 総合判定確率: 0.109 / → ヒモ分散。1号艇1着固定で広めのヒモ流し推奨（買い目+2点）', 'tenji_trigger': '展示確認: ヒモ分散レース。1号艇伸び確認後、広めのヒモ流しを採用。穴ヒモ（5・6号艇）を積極的に含める。'}",,,32.1,逃げ狙い,18.03,39.7,2,,,,,,,,,,,
2026-03-21,丸亀,10,6,君島秀三,A1,39.50,6,△,5.3106,5.6,47,51,0.1345,2.8367,,,0,低,60,0,差0% 差ま0%,2621,0,27.1,2.0439,0,0.0435,0,0.0435,0,0.0767,0.0333,0.1617,,◎,C,◎,◎,0.4621,0.6695,0.4455,0.3683,A,67,0,◎-○軸 3着3〜4艇流し（10〜15点）,0.5777,"{'is_target': True, 'verdict': '参加推奨', 'max_combo_prob': 0.0692, 'est_top_odds': 19.3, 'circle_concentration': 79.6, 'eligible_count': 8, 'bet_adj': 2, 'reason': 'rel_win1=54.6%（本命度） / 最有力組み合わせ確率: 0.069（推定実オッズ?19倍） / 2着集中度: 上位2艇 79.6%（補正+0.04） / 総合判定確率: 0.109 / → ヒモ分散。1号艇1着固定で広めのヒモ流し推奨（買い目+2点）', 'tenji_trigger': '展示確認: ヒモ分散レース。1号艇伸び確認後、広めのヒモ流しを採用。穴ヒモ（5・6号艇）を積極的に含める。'}",,,32.1,逃げ狙い,18.03,39.7,2,,,,,,,,,,,
2026-03-21,丸亀,11,1,原田篤志,A1,37.93,1,◎,55.4121,,0,91.2,0.1485,2.6758,,,0,低,122,0,逃1%,143,0,81.7,0.9787,0.725,,,,,0.02,0.125,0.02,◎,,B,,,,0.5685,,0.5963,A,72,0,◎-○軸 3着3〜4艇流し（10〜15点）,0.5777,"{'is_target': True, 'verdict': '点数絞り', 'max_combo_prob': 0.0958, 'est_top_odds': 13.9, 'circle_concentration': 74.1, 'eligible_count': 8, 'bet_adj': 0, 'reason': 'rel_win1=55.4%（本命度） / 最有力組み合わせ確率: 0.096（推定実オッズ?14倍） / 2着集中度: 上位2艇 74.1%（補正+0.04） / 総合判定確率: 0.136 / → ヒモはやや固め。上位2艇以外を切ること', 'tenji_trigger': '展示確認: 1号艇伸び良→そのまま採用。悪→飛び組に差し替え。circle_pct上位2艇に絞り込むこと。'}",,,29.6,逃げ狙い,25.86,25.8,2,,,,,0,0,0.7559,0,,逃げ軸流し,A
2026-03-21,丸亀,11,2,船岡洋一,A1,19.27,2,△,22.3112,43.5,100,81,0.1481,3.1071,,,0,低,67,0,ま0%,512,0,63.2,1.0881,0,0.2727,0.1364,0,0,0.0811,0.027,0.1081,,◎,E,△,,0.3642,0.6315,,0.5963,A,72,0,◎-○軸 3着3〜4艇流し（10〜15点）,0.5777,"{'is_target': True, 'verdict': '点数絞り', 'max_combo_prob': 0.0958, 'est_top_odds': 13.9, 'circle_concentration': 74.1, 'eligible_count': 8, 'bet_adj': 0, 'reason': 'rel_win1=55.4%（本命度） / 最有力組み合わせ確率: 0.096（推定実オッズ?14倍） / 2着集中度: 上位2艇 74.1%（補正+0.04） / 総合判定確率: 0.136 / → ヒモはやや固め。上位2艇以外を切ること', 'tenji_trigger': '展示確認: 1号艇伸び良→そのまま採用。悪→飛び組に差し替え。circle_pct上位2艇に絞り込むこと。'}",,,29.6,逃げ狙い,25.86,25.8,2,,,,,,,,,,,
2026-03-21,丸亀,11,3,山ノ内雅,A2,34.48,3,▲,12.1551,30.6,93,70.3,0.1506,3.0938,,,0,低,97,0,差0% ま0% 差ま0%,2 32,0,70.3,1.284,0,0.0303,0.0606,0.1818,0,0.1041,0.0432,0.0324,,,C,◎,,0.3035,0.6915,,0.5963,A,72,0,◎-○軸 3着3〜4艇流し（10〜15点）,0.5777,"{'is_target': True, 'verdict': '点数絞り', 'max_combo_prob': 0.0958, 'est_top_odds': 13.9, 'circle_concentration': 74.1, 'eligible_count': 8, 'bet_adj': 0, 'reason': 'rel_win1=55.4%（本命度） / 最有力組み合わせ確率: 0.096（推定実オッズ?14倍） / 2着集中度: 上位2艇 74.1%（補正+0.04） / 総合判定確率: 0.136 / → ヒモはやや固め。上位2艇以外を切ること', 'tenji_trigger': '展示確認: 1号艇伸び良→そのまま採用。悪→飛び組に差し替え。circle_pct上位2艇に絞り込むこと。'}",,,29.6,逃げ狙い,25.86,25.8,2,,,,,,,,,,,
2026-03-21,丸亀,11,4,佐藤世那,B1,23.89,4,,4.2044,10.2,47,19.4,0.1922,3.4583,,,0,低,89,0,ま0% 抜0%,155,0,17.9,0.5502,0,0,0.0476,0,0.0476,0.3543,0.2343,0.0286,,,D,,,0.1141,0.49,,0.5963,A,72,0,◎-○軸 3着3〜4艇流し（10〜15点）,0.5777,"{'is_target': True, 'verdict': '点数絞り', 'max_combo_prob': 0.0958, 'est_top_odds': 13.9, 'circle_concentration': 74.1, 'eligible_count': 8, 'bet_adj': 0, 'reason': 'rel_win1=55.4%（本命度） / 最有力組み合わせ確率: 0.096（推定実オッズ?14倍） / 2着集中度: 上位2艇 74.1%（補正+0.04） / 総合判定確率: 0.136 / → ヒモはやや固め。上位2艇以外を切ること', 'tenji_trigger': '展示確認: 1号艇伸び良→そのまま採用。悪→飛び組に差し替え。circle_pct上位2艇に絞り込むこと。'}",,,29.6,逃げ狙い,25.86,25.8,2,,,,,,,,,,,
2026-03-21,丸亀,11,5,川島圭司,A2,45.22,5,○,3.0495,14.6,52,40,0.1509,2.9923,,,0,低,79,0,-,633,0,46.3,0.8121,0,0,0,0.0435,0,0.0353,0.1553,0.1553,,,A,○,,0.2763,0.665,,0.5963,A,72,0,◎-○軸 3着3〜4艇流し（10〜15点）,0.5777,"{'is_target': True, 'verdict': '点数絞り', 'max_combo_prob': 0.0958, 'est_top_odds': 13.9, 'circle_concentration': 74.1, 'eligible_count': 8, 'bet_adj': 0, 'reason': 'rel_win1=55.4%（本命度） / 最有力組み合わせ確率: 0.096（推定実オッズ?14倍） / 2着集中度: 上位2艇 74.1%（補正+0.04） / 総合判定確率: 0.136 / → ヒモはやや固め。上位2艇以外を切ること', 'tenji_trigger': '展示確認: 1号艇伸び良→そのまま採用。悪→飛び組に差し替え。circle_pct上位2艇に絞り込むこと。'}",,,29.6,逃げ狙い,25.86,25.8,2,,,,,,,,,,,
2026-03-21,丸亀,11,6,桑原　啓,B1,27.19,6,,2.8678,1.1,42,17.4,0.1574,4.0761,,,0,低,104,0,-,522,0,43.2,0.8169,,,,,,0.3,0.22,0.18,,,D,△,,0.2853,0.6545,,0.5963,A,72,0,◎-○軸 3着3〜4艇流し（10〜15点）,0.5777,"{'is_target': True, 'verdict': '点数絞り', 'max_combo_prob': 0.0958, 'est_top_odds': 13.9, 'circle_concentration': 74.1, 'eligible_count': 8, 'bet_adj': 0, 'reason': 'rel_win1=55.4%（本命度） / 最有力組み合わせ確率: 0.096（推定実オッズ?14倍） / 2着集中度: 上位2艇 74.1%（補正+0.04） / 総合判定確率: 0.136 / → ヒモはやや固め。上位2艇以外を切ること', 'tenji_trigger': '展示確認: 1号艇伸び良→そのまま採用。悪→飛び組に差し替え。circle_pct上位2艇に絞り込むこと。'}",,,29.6,逃げ狙い,25.86,25.8,2,,,,,,,,,,,
2026-03-21,丸亀,12,1,村上　遼,A1,26.09,1,◎,60.8663,,0,89.3,0.1279,2.4464,,,0,低,49,0,逃1%,2 23,0,62.6,0.98,0.5185,,,,,0.0593,0.3141,0.0296,◎,,D,△,,,0.6535,,0.6082,S,97,0,◎1着固定 2-3着流し（5〜8点）,0.5777,"{'is_target': True, 'verdict': '点数絞り', 'max_combo_prob': 0.1201, 'est_top_odds': 11.1, 'circle_concentration': 81.8, 'eligible_count': 6, 'bet_adj': 0, 'reason': 'rel_win1=60.9%（本命度） / 最有力組み合わせ確率: 0.120（推定実オッズ?11倍） / 2着集中度: 上位2艇 81.8%（補正+0.04） / 総合判定確率: 0.160 / → ヒモはやや固め。上位2艇以外を切ること', 'tenji_trigger': '展示確認: 1号艇伸び良→そのまま採用。悪→飛び組に差し替え。circle_pct上位2艇に絞り込むこと。\n展示で1号艇スタート超安定(0.128秒)→ヒモ固まり方向に注意'}",,,28.2,逃げ狙い,16.32,30,2,,,,,0,0,0.7559,0,,逃げ軸流し,A
2026-03-21,丸亀,12,2,有賀達也,A1,28.70,2,▲,14.1507,52.5,40,67.7,0.144,3.2339,,,0,低,73,0,-,32S2,0,100,0.6514,0,0.1154,0.0769,0,0,0.0345,0.1379,0.0345,,,C,○,,0.1728,0.657,,0.6082,S,97,0,◎1着固定 2-3着流し（5〜8点）,0.5777,"{'is_target': True, 'verdict': '点数絞り', 'max_combo_prob': 0.1201, 'est_top_odds': 11.1, 'circle_concentration': 81.8, 'eligible_count': 6, 'bet_adj': 0, 'reason': 'rel_win1=60.9%（本命度） / 最有力組み合わせ確率: 0.120（推定実オッズ?11倍） / 2着集中度: 上位2艇 81.8%（補正+0.04） / 総合判定確率: 0.160 / → ヒモはやや固め。上位2艇以外を切ること', 'tenji_trigger': '展示確認: 1号艇伸び良→そのまま採用。悪→飛び組に差し替え。circle_pct上位2艇に絞り込むこと。\n展示で1号艇スタート超安定(0.128秒)→ヒモ固まり方向に注意'}",,,28.2,逃げ狙い,16.32,30,2,,,,,,,,,,,
2026-03-21,丸亀,12,3,相原利章,A2,37.61,3,○,8.9538,29.3,74,54,0.1176,2.0794,,,0,低,43,0,ま0% 差ま0%,323,0,38.4,0.9973,0,0,0.0333,0.0333,0,0.0933,0.2033,0.2633,,◎,B,,,0.3658,0.643,,0.6082,S,97,0,◎1着固定 2-3着流し（5〜8点）,0.5777,"{'is_target': True, 'verdict': '点数絞り', 'max_combo_prob': 0.1201, 'est_top_odds': 11.1, 'circle_concentration': 81.8, 'eligible_count': 6, 'bet_adj': 0, 'reason': 'rel_win1=60.9%（本命度） / 最有力組み合わせ確率: 0.120（推定実オッズ?11倍） / 2着集中度: 上位2艇 81.8%（補正+0.04） / 総合判定確率: 0.160 / → ヒモはやや固め。上位2艇以外を切ること', 'tenji_trigger': '展示確認: 1号艇伸び良→そのまま採用。悪→飛び組に差し替え。circle_pct上位2艇に絞り込むこと。\n展示で1号艇スタート超安定(0.128秒)→ヒモ固まり方向に注意'}",,,28.2,逃げ狙い,16.32,30,2,,,,,,,,,,,
2026-03-21,丸亀,12,4,浜本裕己,A2,18.97,4,,7.9943,10.5,100,47,0.1586,3.2652,,,0,低,123,0,-,614,0,95.8,1.9011,0,0,0.0323,0.0968,0.0645,0.1219,0.0906,0.1829,,,E,,◎,0.227,0.6345,0.3683,0.6082,S,97,0,◎1着固定 2-3着流し（5〜8点）,0.5777,"{'is_target': True, 'verdict': '点数絞り', 'max_combo_prob': 0.1201, 'est_top_odds': 11.1, 'circle_concentration': 81.8, 'eligible_count': 6, 'bet_adj': 0, 'reason': 'rel_win1=60.9%（本命度） / 最有力組み合わせ確率: 0.120（推定実オッズ?11倍） / 2着集中度: 上位2艇 81.8%（補正+0.04） / 総合判定確率: 0.160 / → ヒモはやや固め。上位2艇以外を切ること', 'tenji_trigger': '展示確認: 1号艇伸び良→そのまま採用。悪→飛び組に差し替え。circle_pct上位2艇に絞り込むこと。\n展示で1号艇スタート超安定(0.128秒)→ヒモ固まり方向に注意'}",,,28.2,逃げ狙い,16.32,30,2,,,,,,,,,,,
2026-03-21,丸亀,12,5,藤田靖弘,A2,25.64,5,,6.9502,6.1,55,41.5,0.1589,3.4308,,,0,低,111,0,-,3 41,0,29,2.7557,0,0,0,0.037,0.037,0.0533,0.115,0.0267,,,D,◎,○,0.2295,0.6755,0.3261,0.6082,S,97,0,◎1着固定 2-3着流し（5〜8点）,0.5777,"{'is_target': True, 'verdict': '点数絞り', 'max_combo_prob': 0.1201, 'est_top_odds': 11.1, 'circle_concentration': 81.8, 'eligible_count': 6, 'bet_adj': 0, 'reason': 'rel_win1=60.9%（本命度） / 最有力組み合わせ確率: 0.120（推定実オッズ?11倍） / 2着集中度: 上位2艇 81.8%（補正+0.04） / 総合判定確率: 0.160 / → ヒモはやや固め。上位2艇以外を切ること', 'tenji_trigger': '展示確認: 1号艇伸び良→そのまま採用。悪→飛び組に差し替え。circle_pct上位2艇に絞り込むこと。\n展示で1号艇スタート超安定(0.128秒)→ヒモ固まり方向に注意'}",,,28.2,逃げ狙い,16.32,30,2,,,,,,,,,,,
2026-03-21,丸亀,12,6,川北浩貴,B1,41.18,6,△,1.0847,1.6,37,22.9,0.2039,4.3443,,,0,低,146,0,-,461,0,29.5,0.8197,,,,,,0.1399,0.2257,0.0541,,,A,△,,0.186,0.6565,,0.6082,S,97,0,◎1着固定 2-3着流し（5〜8点）,0.5777,"{'is_target': True, 'verdict': '点数絞り', 'max_combo_prob': 0.1201, 'est_top_odds': 11.1, 'circle_concentration': 81.8, 'eligible_count': 6, 'bet_adj': 0, 'reason': 'rel_win1=60.9%（本命度） / 最有力組み合わせ確率: 0.120（推定実オッズ?11倍） / 2着集中度: 上位2艇 81.8%（補正+0.04） / 総合判定確率: 0.160 / → ヒモはやや固め。上位2艇以外を切ること', 'tenji_trigger': '展示確認: 1号艇伸び良→そのまま採用。悪→飛び組に差し替え。circle_pct上位2艇に絞り込むこと。\n展示で1号艇スタート超安定(0.128秒)→ヒモ固まり方向に注意'}",,,28.2,逃げ狙い,16.32,30,2,,,,,,,,,,,
2026-03-22,丸亀,1,1,谷口知優,B1,32.14,1,◎,60.1816,,0,80,0.1429,2.5143,,,0,低,83,0,逃1%,1 266,0,82.9,1.0085,0.5909,,,,,0,0.3481,0.1039,◎,,D,△,,,0.6165,,0.6077,A,75,0,◎-○軸 3着3〜4艇流し（10〜15点）,0.5777,"{'is_target': True, 'verdict': '点数絞り', 'max_combo_prob': 0.1044, 'est_top_odds': 12.8, 'circle_concentration': 74.3, 'eligible_count': 8, 'bet_adj': 0, 'reason': 'rel_win1=60.2%（本命度） / 最有力組み合わせ確率: 0.104（推定実オッズ?13倍） / 2着集中度: 上位2艇 74.3%（補正+0.04） / 総合判定確率: 0.144 / → ヒモはやや固め。上位2艇以外を切ること', 'tenji_trigger': '展示確認: 1号艇伸び良→そのまま採用。悪→飛び組に差し替え。circle_pct上位2艇に絞り込むこと。'}",,,28.1,逃げ狙い,15.68,30.4,4,,,,,0,0,0.7559,0,,逃げ軸流し,A
2026-03-22,丸亀,1,2,原田雄次,B1,36.75,2,△,10.3456,28.8,88,45.6,0.1696,4.2826,,,0,低,136,0,-,1 153,0,79.3,1.3586,,,,,,0,0.25,0.375,,,C,,,0.0775,0.5155,,0.6077,A,75,0,◎-○軸 3着3〜4艇流し（10〜15点）,0.5777,"{'is_target': True, 'verdict': '点数絞り', 'max_combo_prob': 0.1044, 'est_top_odds': 12.8, 'circle_concentration': 74.3, 'eligible_count': 8, 'bet_adj': 0, 'reason': 'rel_win1=60.2%（本命度） / 最有力組み合わせ確率: 0.104（推定実オッズ?13倍） / 2着集中度: 上位2艇 74.3%（補正+0.04） / 総合判定確率: 0.144 / → ヒモはやや固め。上位2艇以外を切ること', 'tenji_trigger': '展示確認: 1号艇伸び良→そのまま採用。悪→飛び組に差し替え。circle_pct上位2艇に絞り込むこと。'}",,,28.1,逃げ狙い,15.68,30.4,4,,,,,,,,,,,
2026-03-22,丸亀,1,3,木場悠介,B1,29.09,3,,7.6677,45.4,90,62.5,0.1464,3.0547,,,0,低,101,0,-,4 561,0,18.6,0.5562,0,0,0.0385,0,0.0385,0.032,0.132,0.244,,,E,○,,0.2629,0.652,,0.6077,A,75,0,◎-○軸 3着3〜4艇流し（10〜15点）,0.5777,"{'is_target': True, 'verdict': '点数絞り', 'max_combo_prob': 0.1044, 'est_top_odds': 12.8, 'circle_concentration': 74.3, 'eligible_count': 8, 'bet_adj': 0, 'reason': 'rel_win1=60.2%（本命度） / 最有力組み合わせ確率: 0.104（推定実オッズ?13倍） / 2着集中度: 上位2艇 74.3%（補正+0.04） / 総合判定確率: 0.144 / → ヒモはやや固め。上位2艇以外を切ること', 'tenji_trigger': '展示確認: 1号艇伸び良→そのまま採用。悪→飛び組に差し替え。circle_pct上位2艇に絞り込むこと。'}",,,28.1,逃げ狙い,15.68,30.4,4,,,,,,,,,,,
2026-03-22,丸亀,1,4,大谷健太,B2,39.66,4,○,18.1083,20.4,100,50,0.1822,3.6196,,,0,低,101,0,-,641 41,0,48.6,0.933,0,0.0667,0.0667,0,0,0,0.0857,0.1286,,,B,,◎,0.1436,0.605,0.2094,0.6077,A,75,0,◎-○軸 3着3〜4艇流し（10〜15点）,0.5777,"{'is_target': True, 'verdict': '点数絞り', 'max_combo_prob': 0.1044, 'est_top_odds': 12.8, 'circle_concentration': 74.3, 'eligible_count': 8, 'bet_adj': 0, 'reason': 'rel_win1=60.2%（本命度） / 最有力組み合わせ確率: 0.104（推定実オッズ?13倍） / 2着集中度: 上位2艇 74.3%（補正+0.04） / 総合判定確率: 0.144 / → ヒモはやや固め。上位2艇以外を切ること', 'tenji_trigger': '展示確認: 1号艇伸び良→そのまま採用。悪→飛び組に差し替え。circle_pct上位2艇に絞り込むこと。'}",,,28.1,逃げ狙い,15.68,30.4,4,,,,,,,,,,,
2026-03-22,丸亀,1,5,永田義紘,B1,29.66,5,,2.4896,3.2,44,21.9,0.1591,3.5391,,,0,低,104,0,-,2 325,0,30.5,0.6114,,,,,,0.262,0.198,0.032,,,D,◎,,0.2606,0.672,,0.6077,A,75,0,◎-○軸 3着3〜4艇流し（10〜15点）,0.5777,"{'is_target': True, 'verdict': '点数絞り', 'max_combo_prob': 0.1044, 'est_top_odds': 12.8, 'circle_concentration': 74.3, 'eligible_count': 8, 'bet_adj': 0, 'reason': 'rel_win1=60.2%（本命度） / 最有力組み合わせ確率: 0.104（推定実オッズ?13倍） / 2着集中度: 上位2艇 74.3%（補正+0.04） / 総合判定確率: 0.144 / → ヒモはやや固め。上位2艇以外を切ること', 'tenji_trigger': '展示確認: 1号艇伸び良→そのまま採用。悪→飛び組に差し替え。circle_pct上位2艇に絞り込むこと。'}",,,28.1,逃げ狙い,15.68,30.4,4,,,,,,,,,,,
2026-03-22,丸亀,1,6,前田健太,B1,46.96,6,▲,1.2071,2.1,30,14.5,0.1609,3.5818,,,0,低,137,0,-,1 462,0,27.6,0.6017,,,,,,0.1746,0.1302,0.1302,,,A,△,,0.2527,0.6055,,0.6077,A,75,0,◎-○軸 3着3〜4艇流し（10〜15点）,0.5777,"{'is_target': True, 'verdict': '点数絞り', 'max_combo_prob': 0.1044, 'est_top_odds': 12.8, 'circle_concentration': 74.3, 'eligible_count': 8, 'bet_adj': 0, 'reason': 'rel_win1=60.2%（本命度） / 最有力組み合わせ確率: 0.104（推定実オッズ?13倍） / 2着集中度: 上位2艇 74.3%（補正+0.04） / 総合判定確率: 0.144 / → ヒモはやや固め。上位2艇以外を切ること', 'tenji_trigger': '展示確認: 1号艇伸び良→そのまま採用。悪→飛び組に差し替え。circle_pct上位2艇に絞り込むこと。'}",,,28.1,逃げ狙い,15.68,30.4,4,,,,,,,,,,,
2026-03-22,丸亀,2,1,齋藤智裕,B1,54.78,1,◎,40.9468,,0,62.5,0.1731,3.4844,,,0,低,102,0,逃0%,4 S56,0,51.7,0.8034,0.0588,,,,,0.3576,0.4047,0,,,A,△,,,0.6105,,0.1608,C,37,0,荒れ傾向。高配当狙いか見送り,0.5777,"{'is_target': False, 'verdict': '対象外', 'max_combo_prob': None, 'est_top_odds': None, 'circle_concentration': None, 'eligible_count': 0, 'bet_adj': 0, 'reason': '1号艇rel_win1 < 45%: 通常判定に委ねる', 'tenji_trigger': ''}",,,32.4,両建て推奨,15.85,42.6,4,4-5-6|4-3-5|4-5-3|4-5-1|4-6-5|4-3-6|4-3-1|1-3-4|1-2-4|1-3-2|1-4-3,4-5-6|4-3-5|4-5-3|4-5-1|4-6-5|4-3-6|4-3-1|2-1-3|1-3-4|1-2-4|1-3-2|1-4-3,4-5-6:2.17%|4-3-5:1.81%|4-5-3:1.29%|4-5-1:1.15%|4-6-5:1.11%|4-3-6:0.94%|4-3-1:0.5%|1-3-4:6.41%|1-2-4:5.4%|1-3-2:4.7%|1-4-3:4.08%,4-5-6:B_main|4-3-5:B_main|4-5-3:B_main|4-5-1:B_main|4-6-5:B_main|4-3-6:B_main|4-3-1:B_main|1-3-4:A|1-2-4:A|1-3-2:A|1-4-3:A,11,12,0.2915,1,[!]見送り推奨（主役決まり手「まくり」― 逃げ劣勢レースで的中実績なし）,主役軸流し,B
2026-03-22,丸亀,2,2,和合俊介,B1,30.83,2,,9.2893,20.5,55,35.1,0.1537,3.2719,,,0,低,102,0,-,553 56,0,79.5,1.4672,,,,,,0.3333,0.5333,0.08,,○,D,△,,0.5751,0.6265,,0.1608,C,37,0,荒れ傾向。高配当狙いか見送り,0.5777,"{'is_target': False, 'verdict': '対象外', 'max_combo_prob': None, 'est_top_odds': None, 'circle_concentration': None, 'eligible_count': 0, 'bet_adj': 0, 'reason': '1号艇rel_win1 < 45%: 通常判定に委ねる', 'tenji_trigger': ''}",,,32.4,両建て推奨,15.85,42.6,4,,,,,,,,,,,
2026-03-22,丸亀,2,3,森　悠稀,A2,30.17,3,▲,18.7424,41.1,100,66.7,0.1297,2.5985,,,0,低,62,0,差ま0%,3 4221,0,51.9,1.1227,0,0,0.0333,0.0333,0,0.0552,0.0276,0.0552,,△,E,◎,,0.5149,0.6755,,0.1608,C,37,0,荒れ傾向。高配当狙いか見送り,0.5777,"{'is_target': False, 'verdict': '対象外', 'max_combo_prob': None, 'est_top_odds': None, 'circle_concentration': None, 'eligible_count': 0, 'bet_adj': 0, 'reason': '1号艇rel_win1 < 45%: 通常判定に委ねる', 'tenji_trigger': ''}",,,32.4,両建て推奨,15.85,42.6,4,,,,,,,,,,,
2026-03-22,丸亀,2,4,相原利章,A2,37.61,4,○,21.2711,26.6,87,59.6,0.1266,2.2128,,,0,低,43,0,差0% ま0% 差ま0%,323 13,0,91.3,1.6594,0,0.1111,0.2778,0.0556,0,0.0933,0.2033,0.2633,,◎,C,○,◎,0.5898,0.643,0.5025,0.1608,C,37,0,荒れ傾向。高配当狙いか見送り,0.5777,"{'is_target': False, 'verdict': '対象外', 'max_combo_prob': None, 'est_top_odds': None, 'circle_concentration': None, 'eligible_count': 0, 'bet_adj': 0, 'reason': '1号艇rel_win1 < 45%: 通常判定に委ねる', 'tenji_trigger': ''}",,,32.4,両建て推奨,15.85,42.6,4,,,,,,,,,,,
2026-03-22,丸亀,2,5,庄司孝輔,B1,40.50,5,△,6.9371,11.4,87,40,0.175,3.75,,,0,低,133,0,-,2 431,0,70,1.296,0,0,0.0556,0,0,0.016,0.2,0.08,,,C,,,0.3379,0.577,,0.1608,C,37,0,荒れ傾向。高配当狙いか見送り,0.5777,"{'is_target': False, 'verdict': '対象外', 'max_combo_prob': None, 'est_top_odds': None, 'circle_concentration': None, 'eligible_count': 0, 'bet_adj': 0, 'reason': '1号艇rel_win1 < 45%: 通常判定に委ねる', 'tenji_trigger': ''}",,,32.4,両建て推奨,15.85,42.6,4,,,,,,,,,,,
2026-03-22,丸亀,2,6,日高龍之,B2,45.69,6,,2.8133,0.3,14,3.3,0.2102,4.5656,,,0,低,49,0,-,663 66,0,30.2,0.5481,0,0,0,0.0164,0,,,,,,B,,,0.2196,0.529,,0.1608,C,37,0,荒れ傾向。高配当狙いか見送り,0.5777,"{'is_target': False, 'verdict': '対象外', 'max_combo_prob': None, 'est_top_odds': None, 'circle_concentration': None, 'eligible_count': 0, 'bet_adj': 0, 'reason': '1号艇rel_win1 < 45%: 通常判定に委ねる', 'tenji_trigger': ''}",,,32.4,両建て推奨,15.85,42.6,4,,,,,,,,,,,
2026-03-22,丸亀,3,1,吉田祐貴,B2,21.93,1,▲,42.649,,0,63,0.1737,3.7778,,,0,低,116,0,逃0%,6 466,0,46.8,0.8151,0.1111,,,,,0.3333,0.4444,0,△,,D,△,,,0.5695,,0.2238,B,45,0,◎○△フォーメーション（15〜20点）,0.5777,"{'is_target': False, 'verdict': '対象外', 'max_combo_prob': None, 'est_top_odds': None, 'circle_concentration': None, 'eligible_count': 0, 'bet_adj': 0, 'reason': '1号艇rel_win1 < 45%: 通常判定に委ねる', 'tenji_trigger': ''}",,,26.7,両建て推奨,12.47,43.5,4,2-1-3|1-3-4|1-2-4|1-3-5|1-2-3|1-2-5,6-1-4|6-1-3|3-5-4|6-4-1|3-4-5|6-3-1|2-1-3|1-3-4|1-2-4|1-3-5|1-2-3|1-2-5,2-1-3:2.1%|1-3-4:8.22%|1-2-4:6.24%|1-3-5:5.56%|1-2-3:4.34%|1-2-5:4.23%,2-1-3:B_main|1-3-4:A|1-2-4:A|1-3-5:A|1-2-3:A|1-2-5:A,6,12,0.4535,1,[!]見送り推奨（主役決まり手「差し」― 逃げ劣勢レースで的中実績なし）,荒れ広め,D
2026-03-22,丸亀,3,2,三木晴斗,B1,38.60,2,○,16.6813,25.8,72,40.4,0.1734,3.8723,,,0,低,97,0,差0%,5 153,0,47.6,1.1122,0,0.1154,0,0,0,0.095,0.195,0.155,,△,A,,,0.3291,0.5655,,0.2238,B,45,0,◎○△フォーメーション（15〜20点）,0.5777,"{'is_target': False, 'verdict': '対象外', 'max_combo_prob': None, 'est_top_odds': None, 'circle_concentration': None, 'eligible_count': 0, 'bet_adj': 0, 'reason': '1号艇rel_win1 < 45%: 通常判定に委ねる', 'tenji_trigger': ''}",,,26.7,両建て推奨,12.47,43.5,4,,,,,,,,,,,
2026-03-22,丸亀,3,3,原田篤志,A1,37.93,3,◎,17.288,49.6,100,78.3,0.1675,3.3417,,,0,低,122,0,-,143 41,0,45.4,1.1204,0,0,0.0345,0.0345,0.0345,0.02,0.125,0.02,,,B,,,0.3137,0.5685,,0.2238,B,45,0,◎○△フォーメーション（15〜20点）,0.5777,"{'is_target': False, 'verdict': '対象外', 'max_combo_prob': None, 'est_top_odds': None, 'circle_concentration': None, 'eligible_count': 0, 'bet_adj': 0, 'reason': '1号艇rel_win1 < 45%: 通常判定に委ねる', 'tenji_trigger': ''}",,,26.7,両建て推奨,12.47,43.5,4,,,,,,,,,,,
2026-03-22,丸亀,3,4,浜本裕己,A2,18.97,4,,14.1354,12.9,98,47,0.1586,3.2652,,,0,低,123,0,-,614 64,0,100,2.3443,0,0,0.0323,0.0968,0.0645,0.1219,0.0906,0.1829,,,E,○,◎,0.358,0.6345,0.3088,0.2238,B,45,0,◎○△フォーメーション（15〜20点）,0.5777,"{'is_target': False, 'verdict': '対象外', 'max_combo_prob': None, 'est_top_odds': None, 'circle_concentration': None, 'eligible_count': 0, 'bet_adj': 0, 'reason': '1号艇rel_win1 < 45%: 通常判定に委ねる', 'tenji_trigger': ''}",,,26.7,両建て推奨,12.47,43.5,4,,,,,,,,,,,
2026-03-22,丸亀,3,5,桑原　啓,B1,27.19,5,△,7.683,6.6,58,21.9,0.1581,3.8203,,,0,低,104,0,抜0%,522 66,0,35.4,0.7917,0,0,0,0,0.04,0.3,0.22,0.18,,,D,◎,,0.3614,0.6545,,0.2238,B,45,0,◎○△フォーメーション（15〜20点）,0.5777,"{'is_target': False, 'verdict': '対象外', 'max_combo_prob': None, 'est_top_odds': None, 'circle_concentration': None, 'eligible_count': 0, 'bet_adj': 0, 'reason': '1号艇rel_win1 < 45%: 通常判定に委ねる', 'tenji_trigger': ''}",,,26.7,両建て推奨,12.47,43.5,4,,,,,,,,,,,
2026-03-22,丸亀,3,6,小黒竜吾,B1,30.00,6,,1.5633,5.1,32,14,0.169,4.14,,,0,低,132,0,-,3 454,0,24.7,0.5461,,,,,,0.2879,0.0828,0.2328,,,C,△,,0.325,0.6275,,0.2238,B,45,0,◎○△フォーメーション（15〜20点）,0.5777,"{'is_target': False, 'verdict': '対象外', 'max_combo_prob': None, 'est_top_odds': None, 'circle_concentration': None, 'eligible_count': 0, 'bet_adj': 0, 'reason': '1号艇rel_win1 < 45%: 通常判定に委ねる', 'tenji_trigger': ''}",,,26.7,両建て推奨,12.47,43.5,4,,,,,,,,,,,
2026-03-22,丸亀,4,1,渡辺空依,B1,26.61,1,◎,45.8798,,0,83.3,0.1729,3.2917,,,0,低,103,0,逃0%,5 364,0,68.1,1.0371,0.4286,,,,,0.0286,0.1143,0.0286,○,,D,,,,0.54,,0.3391,A,63,0,◎-○軸 3着3〜4艇流し（10〜15点）,0.5777,"{'is_target': True, 'verdict': '参加推奨', 'max_combo_prob': 0.0593, 'est_top_odds': 22.5, 'circle_concentration': 77.6, 'eligible_count': 8, 'bet_adj': 2, 'reason': 'rel_win1=45.9%（本命度） / 最有力組み合わせ確率: 0.059（推定実オッズ?22倍） / 2着集中度: 上位2艇 77.6%（補正+0.04） / 総合判定確率: 0.099 / → ヒモ分散。1号艇1着固定で広めのヒモ流し推奨（買い目+2点）', 'tenji_trigger': '展示確認: ヒモ分散レース。1号艇伸び確認後、広めのヒモ流しを採用。穴ヒモ（5・6号艇）を積極的に含める。'}",,,33.2,両建て推奨,19.69,27.3,5,,,,,0,0,0.6155,0,,逃げ軸流し,A
2026-03-22,丸亀,4,2,加倉侑征,A2,49.57,2,○,17.5777,39.1,100,62.1,0.1094,2.3409,,,0,低,56,0,-,124 51,0,45.6,0.9433,0,0.0606,0.0606,0,0,0.2933,0.1333,0.16,,◎,A,△,,0.5634,0.6175,,0.3391,A,63,0,◎-○軸 3着3〜4艇流し（10〜15点）,0.5777,"{'is_target': True, 'verdict': '参加推奨', 'max_combo_prob': 0.0593, 'est_top_odds': 22.5, 'circle_concentration': 77.6, 'eligible_count': 8, 'bet_adj': 2, 'reason': 'rel_win1=45.9%（本命度） / 最有力組み合わせ確率: 0.059（推定実オッズ?22倍） / 2着集中度: 上位2艇 77.6%（補正+0.04） / 総合判定確率: 0.099 / → ヒモ分散。1号艇1着固定で広めのヒモ流し推奨（買い目+2点）', 'tenji_trigger': '展示確認: ヒモ分散レース。1号艇伸び確認後、広めのヒモ流しを採用。穴ヒモ（5・6号艇）を積極的に含める。'}",,,33.2,両建て推奨,19.69,27.3,5,,,,,,,,,,,
2026-03-22,丸亀,4,3,牟田奨太,B1,38.46,3,▲,9.4575,38.6,55,46.4,0.1307,2.5652,,,0,低,75,0,ま0% 差ま0% 抜0%,221 15,0,39.5,0.8919,0,0,0.0303,0.0606,0.0303,0.1727,0.1379,0.087,,○,C,△,,0.465,0.6255,,0.3391,A,63,0,◎-○軸 3着3〜4艇流し（10〜15点）,0.5777,"{'is_target': True, 'verdict': '参加推奨', 'max_combo_prob': 0.0593, 'est_top_odds': 22.5, 'circle_concentration': 77.6, 'eligible_count': 8, 'bet_adj': 2, 'reason': 'rel_win1=45.9%（本命度） / 最有力組み合わせ確率: 0.059（推定実オッズ?22倍） / 2着集中度: 上位2艇 77.6%（補正+0.04） / 総合判定確率: 0.099 / → ヒモ分散。1号艇1着固定で広めのヒモ流し推奨（買い目+2点）', 'tenji_trigger': '展示確認: ヒモ分散レース。1号艇伸び確認後、広めのヒモ流しを採用。穴ヒモ（5・6号艇）を積極的に含める。'}",,,33.2,両建て推奨,19.69,27.3,5,,,,,,,,,,,
2026-03-22,丸亀,4,4,冨成謙児,B1,43.48,4,△,6.5357,11.2,81,29.5,0.1561,3.6393,,,0,低,112,0,-,461 53,0,34.6,0.696,,,,,,0.3043,0.1739,0.1739,,,B,◎,,0.3781,0.6875,,0.3391,A,63,0,◎-○軸 3着3〜4艇流し（10〜15点）,0.5777,"{'is_target': True, 'verdict': '参加推奨', 'max_combo_prob': 0.0593, 'est_top_odds': 22.5, 'circle_concentration': 77.6, 'eligible_count': 8, 'bet_adj': 2, 'reason': 'rel_win1=45.9%（本命度） / 最有力組み合わせ確率: 0.059（推定実オッズ?22倍） / 2着集中度: 上位2艇 77.6%（補正+0.04） / 総合判定確率: 0.099 / → ヒモ分散。1号艇1着固定で広めのヒモ流し推奨（買い目+2点）', 'tenji_trigger': '展示確認: ヒモ分散レース。1号艇伸び確認後、広めのヒモ流しを採用。穴ヒモ（5・6号艇）を積極的に含める。'}",,,33.2,両建て推奨,19.69,27.3,5,,,,,,,,,,,
2026-03-22,丸亀,4,5,村上　遼,A1,26.09,5,,19.4332,9.6,93,61.1,0.1433,2.8194,,,0,低,49,0,ま0% 差ま0% 抜0%,2 2351,0,100,1.9852,0,0,0.0476,0.1429,0.0952,0.0593,0.3141,0.0296,,△,E,○,◎,0.4013,0.6535,0.4937,0.3391,A,63,0,◎-○軸 3着3〜4艇流し（10〜15点）,0.5777,"{'is_target': True, 'verdict': '参加推奨', 'max_combo_prob': 0.0593, 'est_top_odds': 22.5, 'circle_concentration': 77.6, 'eligible_count': 8, 'bet_adj': 2, 'reason': 'rel_win1=45.9%（本命度） / 最有力組み合わせ確率: 0.059（推定実オッズ?22倍） / 2着集中度: 上位2艇 77.6%（補正+0.04） / 総合判定確率: 0.099 / → ヒモ分散。1号艇1着固定で広めのヒモ流し推奨（買い目+2点）', 'tenji_trigger': '展示確認: ヒモ分散レース。1号艇伸び確認後、広めのヒモ流しを採用。穴ヒモ（5・6号艇）を積極的に含める。'}",,,33.2,両建て推奨,19.69,27.3,5,,,,,,,,,,,
2026-03-22,丸亀,4,6,森作広大,B1,36.84,6,,1.1162,1.6,52,6.2,0.2359,5.375,,,0,低,96,0,-,3 F54,0,25.1,0.575,,,,,,0.5412,0,0.1412,,,C,,,0.1354,0.596,,0.3391,A,63,0,◎-○軸 3着3〜4艇流し（10〜15点）,0.5777,"{'is_target': True, 'verdict': '参加推奨', 'max_combo_prob': 0.0593, 'est_top_odds': 22.5, 'circle_concentration': 77.6, 'eligible_count': 8, 'bet_adj': 2, 'reason': 'rel_win1=45.9%（本命度） / 最有力組み合わせ確率: 0.059（推定実オッズ?22倍） / 2着集中度: 上位2艇 77.6%（補正+0.04） / 総合判定確率: 0.099 / → ヒモ分散。1号艇1着固定で広めのヒモ流し推奨（買い目+2点）', 'tenji_trigger': '展示確認: ヒモ分散レース。1号艇伸び確認後、広めのヒモ流しを採用。穴ヒモ（5・6号艇）を積極的に含める。'}",,,33.2,両建て推奨,19.69,27.3,5,,,,,,,,,,,
2026-03-22,丸亀,5,1,中井俊祐,B1,32.20,1,◎,40.8045,,0,65.5,0.1842,3.7364,,,0,低,130,0,逃0%,1 641,0,28.6,0.7062,0.2917,,,,,0.1333,0.3167,0.2,△,,C,,,,0.6095,,0.2459,B,46,0,◎○△フォーメーション（15〜20点）,0.5777,"{'is_target': False, 'verdict': '対象外', 'max_combo_prob': None, 'est_top_odds': None, 'circle_concentration': None, 'eligible_count': 0, 'bet_adj': 0, 'reason': '1号艇rel_win1 < 45%: 通常判定に委ねる', 'tenji_trigger': ''}",,,37.4,両建て推奨,21.09,38,5,2-1-3|1-2-4|1-2-5|1-3-4|1-5-4|1-3-5,5-1-6|6-1-4|5-6-1|6-4-1|6-1-5|6-1-3|2-1-3|1-2-4|1-2-5|1-3-4|1-5-4|1-3-5,2-1-3:1.92%|1-2-4:10.2%|1-2-5:7.96%|1-3-4:7.95%|1-5-4:6.68%|1-3-5:6.2%,2-1-3:B_main|1-2-4:A|1-2-5:A|1-3-4:A|1-5-4:A|1-3-5:A,6,12,0.4535,1,[!]見送り推奨（主役決まり手「差し」― 逃げ劣勢レースで的中実績なし）,荒れ広め,D
2026-03-22,丸亀,5,2,松田竜馬,B1,35.04,2,○,15.7612,34.9,70,66.1,0.1357,3.0154,,,0,低,79,0,-,546 25,0,68.3,1.2984,0,0.0741,0.037,0,0,0.0143,0.1286,0.2429,,◎,B,△,,0.5845,0.663,,0.2459,B,46,0,◎○△フォーメーション（15〜20点）,0.5777,"{'is_target': False, 'verdict': '対象外', 'max_combo_prob': None, 'est_top_odds': None, 'circle_concentration': None, 'eligible_count': 0, 'bet_adj': 0, 'reason': '1号艇rel_win1 < 45%: 通常判定に委ねる', 'tenji_trigger': ''}",,,37.4,両建て推奨,21.09,38,5,,,,,,,,,,,
2026-03-22,丸亀,5,3,藤田靖弘,A2,25.64,3,△,10.7011,25.1,80,67.2,0.1469,2.8134,,,0,低,111,0,-,3 4135,0,40.3,1.0819,0,0,0.0556,0.0556,0,0.0533,0.115,0.0267,,△,D,○,,0.5037,0.6755,,0.2459,B,46,0,◎○△フォーメーション（15〜20点）,0.5777,"{'is_target': False, 'verdict': '対象外', 'max_combo_prob': None, 'est_top_odds': None, 'circle_concentration': None, 'eligible_count': 0, 'bet_adj': 0, 'reason': '1号艇rel_win1 < 45%: 通常判定に委ねる', 'tenji_trigger': ''}",,,37.4,両建て推奨,21.09,38,5,,,,,,,,,,,
2026-03-22,丸亀,5,4,山ノ内雅,A2,34.48,4,▲,14.6425,14.7,100,66.2,0.1425,2.75,,,0,低,97,0,ま0% 差ま0%,2 3222,0,86.7,1.4947,0,0,0.0588,0.1471,0,0.1041,0.0432,0.0324,,○,B,◎,○,0.5224,0.6915,0.4914,0.2459,B,46,0,◎○△フォーメーション（15〜20点）,0.5777,"{'is_target': False, 'verdict': '対象外', 'max_combo_prob': None, 'est_top_odds': None, 'circle_concentration': None, 'eligible_count': 0, 'bet_adj': 0, 'reason': '1号艇rel_win1 < 45%: 通常判定に委ねる', 'tenji_trigger': ''}",,,37.4,両建て推奨,21.09,38,5,,,,,,,,,,,
2026-03-22,丸亀,5,5,船岡洋一,A1,19.27,5,,14.7597,22.4,45,73.2,0.1461,3.1585,,,0,低,67,0,差ま1%,512 53,0,29.2,0.8214,0,0.05,0,0.15,0.05,0.0811,0.027,0.1081,,,E,△,◎,0.4722,0.6315,0.5138,0.2459,B,46,0,◎○△フォーメーション（15〜20点）,0.5777,"{'is_target': False, 'verdict': '対象外', 'max_combo_prob': None, 'est_top_odds': None, 'circle_concentration': None, 'eligible_count': 0, 'bet_adj': 0, 'reason': '1号艇rel_win1 < 45%: 通常判定に委ねる', 'tenji_trigger': ''}",,,37.4,両建て推奨,21.09,38,5,,,,,,,,,,,
2026-03-22,丸亀,5,6,佐竹太一,B1,26.72,6,,3.331,2.9,54,28,0.2202,4.65,,,0,低,176,0,差0%,154 63,0,32.5,1.1264,0,0.08,0,0,0,0.2727,0.0364,0.1727,,,D,,,0.2214,0.589,,0.2459,B,46,0,◎○△フォーメーション（15〜20点）,0.5777,"{'is_target': False, 'verdict': '対象外', 'max_combo_prob': None, 'est_top_odds': None, 'circle_concentration': None, 'eligible_count': 0, 'bet_adj': 0, 'reason': '1号艇rel_win1 < 45%: 通常判定に委ねる', 'tenji_trigger': ''}",,,37.4,両建て推奨,21.09,38,5,,,,,,,,,,,
2026-03-22,丸亀,6,1,荒井翔伍,A2,41.88,1,◎,55.0995,,0,90.5,0.1238,2.4206,,,0,低,81,0,-,S3234,0,65.2,0.9716,0.6296,,,,,0.0148,0.1046,0.3287,◎,,A,○,,,0.6315,,0.6552,S,81,0,◎1着固定 2-3着流し（5〜8点）,0.5777,"{'is_target': True, 'verdict': '点数絞り', 'max_combo_prob': 0.0839, 'est_top_odds': 15.9, 'circle_concentration': 73.2, 'eligible_count': 6, 'bet_adj': 0, 'reason': 'rel_win1=55.1%（本命度） / 最有力組み合わせ確率: 0.084（推定実オッズ?16倍） / 2着集中度: 上位2艇 73.2%（補正+0.04） / 総合判定確率: 0.124 / → ヒモはやや固め。上位2艇以外を切ること', 'tenji_trigger': '展示確認: 1号艇伸び良→そのまま採用。悪→飛び組に差し替え。circle_pct上位2艇に絞り込むこと。\n展示で1号艇スタート超安定(0.124秒)→ヒモ固まり方向に注意'}",,,29.6,逃げ狙い,23.33,28.2,3,,,,,0,0,0.7559,0,,逃げ軸流し,A
2026-03-22,丸亀,6,2,永田義紘,B1,29.66,2,▲,9.1757,38.1,74,52.2,0.1404,3.1449,,,0,低,104,0,抜0%,2 325,0,80.6,1.5209,0,0,0.0625,0,0.0312,0.262,0.198,0.032,,,C,◎,,0.144,0.672,,0.6552,S,81,0,◎1着固定 2-3着流し（5〜8点）,0.5777,"{'is_target': True, 'verdict': '点数絞り', 'max_combo_prob': 0.0839, 'est_top_odds': 15.9, 'circle_concentration': 73.2, 'eligible_count': 6, 'bet_adj': 0, 'reason': 'rel_win1=55.1%（本命度） / 最有力組み合わせ確率: 0.084（推定実オッズ?16倍） / 2着集中度: 上位2艇 73.2%（補正+0.04） / 総合判定確率: 0.124 / → ヒモはやや固め。上位2艇以外を切ること', 'tenji_trigger': '展示確認: 1号艇伸び良→そのまま採用。悪→飛び組に差し替え。circle_pct上位2艇に絞り込むこと。\n展示で1号艇スタート超安定(0.124秒)→ヒモ固まり方向に注意'}",,,29.6,逃げ狙い,23.33,28.2,3,,,,,,,,,,,
2026-03-22,丸亀,6,3,桑原　悠,A1,25.71,3,○,23.6637,35.2,60,78.6,0.1364,2.3929,,,0,低,26,0,ま0% 差ま0%,43164,0,91.9,1.8402,0,0,0.1818,0.0909,0,0.0444,0.0972,0.0667,,,D,○,,0.2718,0.6315,,0.6552,S,81,0,◎1着固定 2-3着流し（5〜8点）,0.5777,"{'is_target': True, 'verdict': '点数絞り', 'max_combo_prob': 0.0839, 'est_top_odds': 15.9, 'circle_concentration': 73.2, 'eligible_count': 6, 'bet_adj': 0, 'reason': 'rel_win1=55.1%（本命度） / 最有力組み合わせ確率: 0.084（推定実オッズ?16倍） / 2着集中度: 上位2艇 73.2%（補正+0.04） / 総合判定確率: 0.124 / → ヒモはやや固め。上位2艇以外を切ること', 'tenji_trigger': '展示確認: 1号艇伸び良→そのまま採用。悪→飛び組に差し替え。circle_pct上位2艇に絞り込むこと。\n展示で1号艇スタート超安定(0.124秒)→ヒモ固まり方向に注意'}",,,29.6,逃げ狙い,23.33,28.2,3,,,,,,,,,,,
2026-03-22,丸亀,6,4,安田政彦,A2,33.04,4,△,6.05,8.9,100,54.9,0.21,4.2451,,,0,低,147,0,-,3 2425,0,45.7,1.2234,0,0,0.0625,0,0,0.2188,0.3285,0.1918,,,B,△,,0.1293,0.5665,,0.6552,S,81,0,◎1着固定 2-3着流し（5〜8点）,0.5777,"{'is_target': True, 'verdict': '点数絞り', 'max_combo_prob': 0.0839, 'est_top_odds': 15.9, 'circle_concentration': 73.2, 'eligible_count': 6, 'bet_adj': 0, 'reason': 'rel_win1=55.1%（本命度） / 最有力組み合わせ確率: 0.084（推定実オッズ?16倍） / 2着集中度: 上位2艇 73.2%（補正+0.04） / 総合判定確率: 0.124 / → ヒモはやや固め。上位2艇以外を切ること', 'tenji_trigger': '展示確認: 1号艇伸び良→そのまま採用。悪→飛び組に差し替え。circle_pct上位2艇に絞り込むこと。\n展示で1号艇スタート超安定(0.124秒)→ヒモ固まり方向に注意'}",,,29.6,逃げ狙い,23.33,28.2,3,,,,,,,,,,,
2026-03-22,丸亀,6,5,川田正人,B1,29.03,5,,5.1534,17.5,67,40.7,0.168,3.4746,,,0,低,152,0,-,441 23,0,47.6,1.0374,0,0,0,0.0833,0.0417,0.1373,0.3263,0.0387,,,D,△,,0.1684,0.614,,0.6552,S,81,0,◎1着固定 2-3着流し（5〜8点）,0.5777,"{'is_target': True, 'verdict': '点数絞り', 'max_combo_prob': 0.0839, 'est_top_odds': 15.9, 'circle_concentration': 73.2, 'eligible_count': 6, 'bet_adj': 0, 'reason': 'rel_win1=55.1%（本命度） / 最有力組み合わせ確率: 0.084（推定実オッズ?16倍） / 2着集中度: 上位2艇 73.2%（補正+0.04） / 総合判定確率: 0.124 / → ヒモはやや固め。上位2艇以外を切ること', 'tenji_trigger': '展示確認: 1号艇伸び良→そのまま採用。悪→飛び組に差し替え。circle_pct上位2艇に絞り込むこと。\n展示で1号艇スタート超安定(0.124秒)→ヒモ固まり方向に注意'}",,,29.6,逃げ狙い,23.33,28.2,3,,,,,,,,,,,
2026-03-22,丸亀,6,6,佐藤世那,B1,23.89,6,,0.8577,0.4,23,10.6,0.2028,4.4235,,,0,低,89,0,-,155 14,0,29.8,0.8311,,,,,,0.3543,0.2343,0.0286,,,E,,,0.1531,0.49,,0.6552,S,81,0,◎1着固定 2-3着流し（5〜8点）,0.5777,"{'is_target': True, 'verdict': '点数絞り', 'max_combo_prob': 0.0839, 'est_top_odds': 15.9, 'circle_concentration': 73.2, 'eligible_count': 6, 'bet_adj': 0, 'reason': 'rel_win1=55.1%（本命度） / 最有力組み合わせ確率: 0.084（推定実オッズ?16倍） / 2着集中度: 上位2艇 73.2%（補正+0.04） / 総合判定確率: 0.124 / → ヒモはやや固め。上位2艇以外を切ること', 'tenji_trigger': '展示確認: 1号艇伸び良→そのまま採用。悪→飛び組に差し替え。circle_pct上位2艇に絞り込むこと。\n展示で1号艇スタート超安定(0.124秒)→ヒモ固まり方向に注意'}",,,29.6,逃げ狙い,23.33,28.2,3,,,,,,,,,,,
2026-03-22,丸亀,7,1,川島圭司,A2,45.22,1,◎,59.5065,,0,93.2,0.1103,1.9247,,,0,低,79,0,逃1%,633 35,0,81.6,1.1919,0.6765,,,,,0.0353,0.1553,0.1553,◎,,B,◎,,,0.665,,0.7683,S,88,0,◎1着固定 2-3着流し（5〜8点）,0.5777,"{'is_target': True, 'verdict': '点数絞り', 'max_combo_prob': 0.1295, 'est_top_odds': 10.3, 'circle_concentration': 81.6, 'eligible_count': 6, 'bet_adj': 0, 'reason': 'rel_win1=59.5%（本命度） / 最有力組み合わせ確率: 0.129（推定実オッズ?10倍） / 2着集中度: 上位2艇 81.6%（補正+0.04） / 総合判定確率: 0.169 / → ヒモはやや固め。上位2艇以外を切ること', 'tenji_trigger': '展示確認: 1号艇伸び良→そのまま採用。悪→飛び組に差し替え。circle_pct上位2艇に絞り込むこと。\n展示で1号艇スタート超安定(0.110秒)→ヒモ固まり方向に注意'}",,,28.2,逃げ狙い,19.61,27.2,2,,,,,0,0,0.7559,0,,逃げ軸流し,A
2026-03-22,丸亀,7,2,上條嘉嗣,A1,54.78,2,○,19.748,68.1,30,73.9,0.1832,3.8769,,,0,低,185,0,-,21352,0,55.5,0.9871,0,0.2258,0,0,0,0.0093,0.1705,0.1132,,,A,,,0.1087,0.573,,0.7683,S,88,0,◎1着固定 2-3着流し（5〜8点）,0.5777,"{'is_target': True, 'verdict': '点数絞り', 'max_combo_prob': 0.1295, 'est_top_odds': 10.3, 'circle_concentration': 81.6, 'eligible_count': 6, 'bet_adj': 0, 'reason': 'rel_win1=59.5%（本命度） / 最有力組み合わせ確率: 0.129（推定実オッズ?10倍） / 2着集中度: 上位2艇 81.6%（補正+0.04） / 総合判定確率: 0.169 / → ヒモはやや固め。上位2艇以外を切ること', 'tenji_trigger': '展示確認: 1号艇伸び良→そのまま採用。悪→飛び組に差し替え。circle_pct上位2艇に絞り込むこと。\n展示で1号艇スタート超安定(0.110秒)→ヒモ固まり方向に注意'}",,,28.2,逃げ狙い,19.61,27.2,2,,,,,,,,,,,
2026-03-22,丸亀,7,3,齋藤智裕,B1,54.78,3,▲,4.2636,13.5,100,35,0.1802,3.9875,,,0,低,102,0,-,4 S56,0,16.5,0.5438,,,,,,0.3576,0.4047,0,,,A,△,,0.1468,0.6105,,0.7683,S,88,0,◎1着固定 2-3着流し（5〜8点）,0.5777,"{'is_target': True, 'verdict': '点数絞り', 'max_combo_prob': 0.1295, 'est_top_odds': 10.3, 'circle_concentration': 81.6, 'eligible_count': 6, 'bet_adj': 0, 'reason': 'rel_win1=59.5%（本命度） / 最有力組み合わせ確率: 0.129（推定実オッズ?10倍） / 2着集中度: 上位2艇 81.6%（補正+0.04） / 総合判定確率: 0.169 / → ヒモはやや固め。上位2艇以外を切ること', 'tenji_trigger': '展示確認: 1号艇伸び良→そのまま採用。悪→飛び組に差し替え。circle_pct上位2艇に絞り込むこと。\n展示で1号艇スタート超安定(0.110秒)→ヒモ固まり方向に注意'}",,,28.2,逃げ狙い,19.61,27.2,2,,,,,,,,,,,
2026-03-22,丸亀,7,4,木場悠介,B1,29.09,4,△,10.4203,12.3,87,52.5,0.1646,3.2458,,,0,低,101,0,-,4 561,0,100,3.326,0,0.08,0.12,0,0,0.032,0.132,0.244,,,D,○,◎,0.1551,0.652,0.2848,0.7683,S,88,0,◎1着固定 2-3着流し（5〜8点）,0.5777,"{'is_target': True, 'verdict': '点数絞り', 'max_combo_prob': 0.1295, 'est_top_odds': 10.3, 'circle_concentration': 81.6, 'eligible_count': 6, 'bet_adj': 0, 'reason': 'rel_win1=59.5%（本命度） / 最有力組み合わせ確率: 0.129（推定実オッズ?10倍） / 2着集中度: 上位2艇 81.6%（補正+0.04） / 総合判定確率: 0.169 / → ヒモはやや固め。上位2艇以外を切ること', 'tenji_trigger': '展示確認: 1号艇伸び良→そのまま採用。悪→飛び組に差し替え。circle_pct上位2艇に絞り込むこと。\n展示で1号艇スタート超安定(0.110秒)→ヒモ固まり方向に注意'}",,,28.2,逃げ狙い,19.61,27.2,2,,,,,,,,,,,
2026-03-22,丸亀,7,5,中岡健人,B1,25.00,5,,3.7749,3.8,74,37.9,0.1524,3.3879,,,0,低,104,0,-,14S 34,0,77.4,1.544,,,,,,0.28,0.164,0.196,,,E,△,,0.1997,0.635,,0.7683,S,88,0,◎1着固定 2-3着流し（5〜8点）,0.5777,"{'is_target': True, 'verdict': '点数絞り', 'max_combo_prob': 0.1295, 'est_top_odds': 10.3, 'circle_concentration': 81.6, 'eligible_count': 6, 'bet_adj': 0, 'reason': 'rel_win1=59.5%（本命度） / 最有力組み合わせ確率: 0.129（推定実オッズ?10倍） / 2着集中度: 上位2艇 81.6%（補正+0.04） / 総合判定確率: 0.169 / → ヒモはやや固め。上位2艇以外を切ること', 'tenji_trigger': '展示確認: 1号艇伸び良→そのまま採用。悪→飛び組に差し替え。circle_pct上位2艇に絞り込むこと。\n展示で1号艇スタート超安定(0.110秒)→ヒモ固まり方向に注意'}",,,28.2,逃げ狙い,19.61,27.2,2,,,,,,,,,,,
2026-03-22,丸亀,7,6,柴田朋哉,A2,42.02,6,,2.2868,2.3,52,28.8,0.1706,3.5577,,,0,低,105,0,差ま0%,5 5432,0,41.4,1.2033,0,0,0,0.0476,0,0.0727,0.1584,0.1221,,,C,,,0.1307,0.5935,,0.7683,S,88,0,◎1着固定 2-3着流し（5〜8点）,0.5777,"{'is_target': True, 'verdict': '点数絞り', 'max_combo_prob': 0.1295, 'est_top_odds': 10.3, 'circle_concentration': 81.6, 'eligible_count': 6, 'bet_adj': 0, 'reason': 'rel_win1=59.5%（本命度） / 最有力組み合わせ確率: 0.129（推定実オッズ?10倍） / 2着集中度: 上位2艇 81.6%（補正+0.04） / 総合判定確率: 0.169 / → ヒモはやや固め。上位2艇以外を切ること', 'tenji_trigger': '展示確認: 1号艇伸び良→そのまま採用。悪→飛び組に差し替え。circle_pct上位2艇に絞り込むこと。\n展示で1号艇スタート超安定(0.110秒)→ヒモ固まり方向に注意'}",,,28.2,逃げ狙い,19.61,27.2,2,,,,,,,,,,,
2026-03-22,丸亀,8,1,西丸侑太,A1,42.98,1,◎,65.4431,,0,87.5,0.15,3.125,,,0,低,100,0,逃1%,35112,0,74.4,1.1191,0.6786,,,,,0,0.1314,0.0429,◎,,B,,,,0.6105,,0.4623,S,89,0,◎1着固定 2-3着流し（5〜8点）,0.5777,"{'is_target': True, 'verdict': '参加推奨', 'max_combo_prob': 0.0923, 'est_top_odds': 14.5, 'circle_concentration': 69.7, 'eligible_count': 6, 'bet_adj': 2, 'reason': 'rel_win1=65.4%（本命度） / 最有力組み合わせ確率: 0.092（推定実オッズ?14倍） / 2着集中度: 上位2艇 69.7%（補正+0.00） / 総合判定確率: 0.092 / → ヒモ分散。1号艇1着固定で広めのヒモ流し推奨（買い目+2点）', 'tenji_trigger': '展示確認: ヒモ分散レース。1号艇伸び確認後、広めのヒモ流しを採用。穴ヒモ（5・6号艇）を積極的に含める。'}",,,26.5,逃げ狙い,16.57,24.9,4,,,,,0,0,0.7559,0,,逃げ軸流し,A
2026-03-22,丸亀,8,2,浜本裕己,A2,18.97,2,,10.0315,35,79,56.3,0.1739,3.5,,,0,低,123,0,差0% ま0% 抜0%,614 64,0,38.8,0.9178,0,0.1875,0.0312,0,0.0312,0.1219,0.0906,0.1829,,,E,△,,0.102,0.6345,,0.4623,S,89,0,◎1着固定 2-3着流し（5〜8点）,0.5777,"{'is_target': True, 'verdict': '参加推奨', 'max_combo_prob': 0.0923, 'est_top_odds': 14.5, 'circle_concentration': 69.7, 'eligible_count': 6, 'bet_adj': 2, 'reason': 'rel_win1=65.4%（本命度） / 最有力組み合わせ確率: 0.092（推定実オッズ?14倍） / 2着集中度: 上位2艇 69.7%（補正+0.00） / 総合判定確率: 0.092 / → ヒモ分散。1号艇1着固定で広めのヒモ流し推奨（買い目+2点）', 'tenji_trigger': '展示確認: ヒモ分散レース。1号艇伸び確認後、広めのヒモ流しを採用。穴ヒモ（5・6号艇）を積極的に含める。'}",,,26.5,逃げ狙い,16.57,24.9,4,,,,,,,,,,,
2026-03-22,丸亀,8,3,川北浩貴,B1,41.18,3,▲,9.5533,34.8,100,69.3,0.1474,2.9355,,,0,低,146,0,差ま0%,461 26,0,37.9,1.0515,0,0.0357,0.1071,0.0357,0,0.1399,0.2257,0.0541,,,B,○,,0.3086,0.6565,,0.4623,S,89,0,◎1着固定 2-3着流し（5〜8点）,0.5777,"{'is_target': True, 'verdict': '参加推奨', 'max_combo_prob': 0.0923, 'est_top_odds': 14.5, 'circle_concentration': 69.7, 'eligible_count': 6, 'bet_adj': 2, 'reason': 'rel_win1=65.4%（本命度） / 最有力組み合わせ確率: 0.092（推定実オッズ?14倍） / 2着集中度: 上位2艇 69.7%（補正+0.00） / 総合判定確率: 0.092 / → ヒモ分散。1号艇1着固定で広めのヒモ流し推奨（買い目+2点）', 'tenji_trigger': '展示確認: ヒモ分散レース。1号艇伸び確認後、広めのヒモ流しを採用。穴ヒモ（5・6号艇）を積極的に含める。'}",,,26.5,逃げ狙い,16.57,24.9,4,,,,,,,,,,,
2026-03-22,丸亀,8,4,森　悠稀,A2,30.17,4,△,8.9111,16.5,86,54.4,0.1246,2.5965,,,0,低,62,0,-,3 4221,0,97.8,1.8947,0,0,0.1765,0,0,0.0552,0.0276,0.0552,,◎,D,◎,◎,0.4268,0.6755,0.4088,0.4623,S,89,0,◎1着固定 2-3着流し（5〜8点）,0.5777,"{'is_target': True, 'verdict': '参加推奨', 'max_combo_prob': 0.0923, 'est_top_odds': 14.5, 'circle_concentration': 69.7, 'eligible_count': 6, 'bet_adj': 2, 'reason': 'rel_win1=65.4%（本命度） / 最有力組み合わせ確率: 0.092（推定実オッズ?14倍） / 2着集中度: 上位2艇 69.7%（補正+0.00） / 総合判定確率: 0.092 / → ヒモ分散。1号艇1着固定で広めのヒモ流し推奨（買い目+2点）', 'tenji_trigger': '展示確認: ヒモ分散レース。1号艇伸び確認後、広めのヒモ流しを採用。穴ヒモ（5・6号艇）を積極的に含める。'}",,,26.5,逃げ狙い,16.57,24.9,4,,,,,,,,,,,
2026-03-22,丸亀,8,5,前田健太,B1,46.96,5,○,5.1246,9.9,38,30.7,0.1587,3.1667,,,0,低,137,0,-,1 462,0,26.3,0.7314,0,0,0,0.0667,0.0333,0.1746,0.1302,0.1302,,,A,,○,0.2569,0.6055,0.257,0.4623,S,89,0,◎1着固定 2-3着流し（5〜8点）,0.5777,"{'is_target': True, 'verdict': '参加推奨', 'max_combo_prob': 0.0923, 'est_top_odds': 14.5, 'circle_concentration': 69.7, 'eligible_count': 6, 'bet_adj': 2, 'reason': 'rel_win1=65.4%（本命度） / 最有力組み合わせ確率: 0.092（推定実オッズ?14倍） / 2着集中度: 上位2艇 69.7%（補正+0.00） / 総合判定確率: 0.092 / → ヒモ分散。1号艇1着固定で広めのヒモ流し推奨（買い目+2点）', 'tenji_trigger': '展示確認: ヒモ分散レース。1号艇伸び確認後、広めのヒモ流しを採用。穴ヒモ（5・6号艇）を積極的に含める。'}",,,26.5,逃げ狙い,16.57,24.9,4,,,,,,,,,,,
2026-03-22,丸亀,8,6,峰重侑治,B2,27.12,6,,0.9363,3.9,24,22.8,0.2002,4.5439,,,0,低,114,0,-,5 F24,0,30.8,1.0369,,,,,,0.2267,0.0533,0,,,D,△,,0.1532,0.6135,,0.4623,S,89,0,◎1着固定 2-3着流し（5〜8点）,0.5777,"{'is_target': True, 'verdict': '参加推奨', 'max_combo_prob': 0.0923, 'est_top_odds': 14.5, 'circle_concentration': 69.7, 'eligible_count': 6, 'bet_adj': 2, 'reason': 'rel_win1=65.4%（本命度） / 最有力組み合わせ確率: 0.092（推定実オッズ?14倍） / 2着集中度: 上位2艇 69.7%（補正+0.00） / 総合判定確率: 0.092 / → ヒモ分散。1号艇1着固定で広めのヒモ流し推奨（買い目+2点）', 'tenji_trigger': '展示確認: ヒモ分散レース。1号艇伸び確認後、広めのヒモ流しを採用。穴ヒモ（5・6号艇）を積極的に含める。'}",,,26.5,逃げ狙い,16.57,24.9,4,,,,,,,,,,,
2026-03-22,丸亀,9,1,君島秀三,A1,39.50,1,◎,69.1681,,0,95.7,0.1461,2.75,,,0,低,60,0,逃1%,262134,0,84.7,1.2551,0.7083,,,,,0.0767,0.0333,0.1617,◎,,B,◎,,,0.6695,,0.5497,S,92,0,◎1着固定 2-3着流し（5〜8点）,0.5777,"{'is_target': True, 'verdict': '参加推奨', 'max_combo_prob': 0.0767, 'est_top_odds': 17.4, 'circle_concentration': 65.2, 'eligible_count': 6, 'bet_adj': 2, 'reason': 'rel_win1=69.2%（本命度） / 最有力組み合わせ確率: 0.077（推定実オッズ?17倍） / 2着集中度: 上位2艇 65.2%（補正+0.00） / 総合判定確率: 0.077 / → ヒモ分散。1号艇1着固定で広めのヒモ流し推奨（買い目+2点）', 'tenji_trigger': '展示確認: ヒモ分散レース。1号艇伸び確認後、広めのヒモ流しを採用。穴ヒモ（5・6号艇）を積極的に含める。'}",,,25.3,逃げ狙い,11.81,25.8,4,,,,,0,0,0.7559,0,,逃げ軸流し,A
2026-03-22,丸亀,9,2,中井俊祐,B1,32.20,2,,8.1071,31.6,100,54.5,0.1733,3.803,,,0,低,130,0,差0%,1 641,0,49,0.8928,0,0.037,0,0,0,0.1333,0.3167,0.2,,,D,△,,0.0682,0.6095,,0.5497,S,92,0,◎1着固定 2-3着流し（5〜8点）,0.5777,"{'is_target': True, 'verdict': '参加推奨', 'max_combo_prob': 0.0767, 'est_top_odds': 17.4, 'circle_concentration': 65.2, 'eligible_count': 6, 'bet_adj': 2, 'reason': 'rel_win1=69.2%（本命度） / 最有力組み合わせ確率: 0.077（推定実オッズ?17倍） / 2着集中度: 上位2艇 65.2%（補正+0.00） / 総合判定確率: 0.077 / → ヒモ分散。1号艇1着固定で広めのヒモ流し推奨（買い目+2点）', 'tenji_trigger': '展示確認: ヒモ分散レース。1号艇伸び確認後、広めのヒモ流しを採用。穴ヒモ（5・6号艇）を積極的に含める。'}",,,25.3,逃げ狙い,11.81,25.8,4,,,,,,,,,,,
2026-03-22,丸亀,9,3,相原利章,A2,37.61,3,▲,9.8818,33.6,89,54,0.1176,2.0794,,,0,低,43,0,ま0% 差ま0%,323 13,0,35.7,1.0229,0,0,0.0333,0.0333,0,0.0933,0.2033,0.2633,,◎,C,○,,0.4356,0.643,,0.5497,S,92,0,◎1着固定 2-3着流し（5〜8点）,0.5777,"{'is_target': True, 'verdict': '参加推奨', 'max_combo_prob': 0.0767, 'est_top_odds': 17.4, 'circle_concentration': 65.2, 'eligible_count': 6, 'bet_adj': 2, 'reason': 'rel_win1=69.2%（本命度） / 最有力組み合わせ確率: 0.077（推定実オッズ?17倍） / 2着集中度: 上位2艇 65.2%（補正+0.00） / 総合判定確率: 0.077 / → ヒモ分散。1号艇1着固定で広めのヒモ流し推奨（買い目+2点）', 'tenji_trigger': '展示確認: ヒモ分散レース。1号艇伸び確認後、広めのヒモ流しを採用。穴ヒモ（5・6号艇）を積極的に含める。'}",,,25.3,逃げ狙い,11.81,25.8,4,,,,,,,,,,,
2026-03-22,丸亀,9,4,加倉侑征,A2,49.57,4,○,9.6763,28.5,64,55.6,0.1267,2.5741,,,0,低,56,0,-,124 51,0,100,2.2547,0,0,0.0417,0.0833,0.0417,0.2933,0.1333,0.16,,,A,△,◎,0.3778,0.6175,0.4528,0.5497,S,92,0,◎1着固定 2-3着流し（5〜8点）,0.5777,"{'is_target': True, 'verdict': '参加推奨', 'max_combo_prob': 0.0767, 'est_top_odds': 17.4, 'circle_concentration': 65.2, 'eligible_count': 6, 'bet_adj': 2, 'reason': 'rel_win1=69.2%（本命度） / 最有力組み合わせ確率: 0.077（推定実オッズ?17倍） / 2着集中度: 上位2艇 65.2%（補正+0.00） / 総合判定確率: 0.077 / → ヒモ分散。1号艇1着固定で広めのヒモ流し推奨（買い目+2点）', 'tenji_trigger': '展示確認: ヒモ分散レース。1号艇伸び確認後、広めのヒモ流しを採用。穴ヒモ（5・6号艇）を積極的に含める。'}",,,25.3,逃げ狙い,11.81,25.8,4,,,,,,,,,,,
2026-03-22,丸亀,9,5,天野　誠,B1,23.68,5,,2.0717,1.8,98,21.7,0.2039,3.9457,,,0,低,126,0,-,345 56,0,28.9,1.2557,,,,,,0.2667,0.0667,0.6,,,E,,,0.142,0.582,,0.5497,S,92,0,◎1着固定 2-3着流し（5〜8点）,0.5777,"{'is_target': True, 'verdict': '参加推奨', 'max_combo_prob': 0.0767, 'est_top_odds': 17.4, 'circle_concentration': 65.2, 'eligible_count': 6, 'bet_adj': 2, 'reason': 'rel_win1=69.2%（本命度） / 最有力組み合わせ確率: 0.077（推定実オッズ?17倍） / 2着集中度: 上位2艇 65.2%（補正+0.00） / 総合判定確率: 0.077 / → ヒモ分散。1号艇1着固定で広めのヒモ流し推奨（買い目+2点）', 'tenji_trigger': '展示確認: ヒモ分散レース。1号艇伸び確認後、広めのヒモ流しを採用。穴ヒモ（5・6号艇）を積極的に含める。'}",,,25.3,逃げ狙い,11.81,25.8,4,,,,,,,,,,,
2026-03-22,丸亀,9,6,三木晴斗,B1,38.60,6,△,1.095,4.5,41,24.1,0.15,3.1204,,,0,低,97,0,-,5 153,0,27.1,0.7839,,,,,,0.095,0.195,0.155,,,C,,,0.3026,0.5655,,0.5497,S,92,0,◎1着固定 2-3着流し（5〜8点）,0.5777,"{'is_target': True, 'verdict': '参加推奨', 'max_combo_prob': 0.0767, 'est_top_odds': 17.4, 'circle_concentration': 65.2, 'eligible_count': 6, 'bet_adj': 2, 'reason': 'rel_win1=69.2%（本命度） / 最有力組み合わせ確率: 0.077（推定実オッズ?17倍） / 2着集中度: 上位2艇 65.2%（補正+0.00） / 総合判定確率: 0.077 / → ヒモ分散。1号艇1着固定で広めのヒモ流し推奨（買い目+2点）', 'tenji_trigger': '展示確認: ヒモ分散レース。1号艇伸び確認後、広めのヒモ流しを採用。穴ヒモ（5・6号艇）を積極的に含める。'}",,,25.3,逃げ狙い,11.81,25.8,4,,,,,,,,,,,
2026-03-22,丸亀,10,1,船岡洋一,A1,19.27,1,◎,68.3675,,0,94.3,0.1276,2.2071,,,0,低,67,0,逃1%,512 53,0,76,1.0482,0.6757,,,,,0.0811,0.027,0.1081,◎,,E,○,,,0.6315,,0.7317,S,90,0,◎1着固定 2-3着流し（5〜8点）,0.5777,"{'is_target': True, 'verdict': '参加推奨', 'max_combo_prob': 0.0824, 'est_top_odds': 16.2, 'circle_concentration': 68.0, 'eligible_count': 6, 'bet_adj': 2, 'reason': 'rel_win1=68.4%（本命度） / 最有力組み合わせ確率: 0.082（推定実オッズ?16倍） / 2着集中度: 上位2艇 68.0%（補正+0.00） / 総合判定確率: 0.082 / → ヒモ分散。1号艇1着固定で広めのヒモ流し推奨（買い目+2点）', 'tenji_trigger': '展示確認: ヒモ分散レース。1号艇伸び確認後、広めのヒモ流しを採用。穴ヒモ（5・6号艇）を積極的に含める。\n展示で1号艇スタート超安定(0.128秒)→ヒモ固まり方向に注意'}",,,25.3,逃げ狙い,11.79,25.8,5,,,,,0,0,0.7559,0,,逃げ軸流し,A
2026-03-22,丸亀,10,2,渡辺空依,B1,26.61,2,,7.2517,38.8,100,51.1,0.184,3.8191,,,0,低,103,0,-,5 364,0,91.5,1.7428,0,0.0385,0,0,0,0.0286,0.1143,0.0286,,,C,,,0.0692,0.54,,0.7317,S,90,0,◎1着固定 2-3着流し（5〜8点）,0.5777,"{'is_target': True, 'verdict': '参加推奨', 'max_combo_prob': 0.0824, 'est_top_odds': 16.2, 'circle_concentration': 68.0, 'eligible_count': 6, 'bet_adj': 2, 'reason': 'rel_win1=68.4%（本命度） / 最有力組み合わせ確率: 0.082（推定実オッズ?16倍） / 2着集中度: 上位2艇 68.0%（補正+0.00） / 総合判定確率: 0.082 / → ヒモ分散。1号艇1着固定で広めのヒモ流し推奨（買い目+2点）', 'tenji_trigger': '展示確認: ヒモ分散レース。1号艇伸び確認後、広めのヒモ流しを採用。穴ヒモ（5・6号艇）を積極的に含める。\n展示で1号艇スタート超安定(0.128秒)→ヒモ固まり方向に注意'}",,,25.3,逃げ狙い,11.79,25.8,5,,,,,,,,,,,
2026-03-22,丸亀,10,3,安田政彦,A2,33.04,3,○,10.2291,29.3,67,58.5,0.1766,3.4528,,,0,低,147,0,-,3 2425,0,37.9,0.9531,0,0.0357,0.0357,0.0714,0,0.2188,0.3285,0.1918,,,B,△,,0.1268,0.5665,,0.7317,S,90,0,◎1着固定 2-3着流し（5〜8点）,0.5777,"{'is_target': True, 'verdict': '参加推奨', 'max_combo_prob': 0.0824, 'est_top_odds': 16.2, 'circle_concentration': 68.0, 'eligible_count': 6, 'bet_adj': 2, 'reason': 'rel_win1=68.4%（本命度） / 最有力組み合わせ確率: 0.082（推定実オッズ?16倍） / 2着集中度: 上位2艇 68.0%（補正+0.00） / 総合判定確率: 0.082 / → ヒモ分散。1号艇1着固定で広めのヒモ流し推奨（買い目+2点）', 'tenji_trigger': '展示確認: ヒモ分散レース。1号艇伸び確認後、広めのヒモ流しを採用。穴ヒモ（5・6号艇）を積極的に含める。\n展示で1号艇スタート超安定(0.128秒)→ヒモ固まり方向に注意'}",,,25.3,逃げ狙い,11.79,25.8,5,,,,,,,,,,,
2026-03-22,丸亀,10,4,吉田祐貴,B2,21.93,4,,4.6877,5.5,32,16.7,0.1874,3.963,,,0,低,116,0,差0%,6 466,0,19,0.5655,0,0.05,0,0,0,0.3333,0.4444,0,,,D,△,,0.1124,0.5695,,0.7317,S,90,0,◎1着固定 2-3着流し（5〜8点）,0.5777,"{'is_target': True, 'verdict': '参加推奨', 'max_combo_prob': 0.0824, 'est_top_odds': 16.2, 'circle_concentration': 68.0, 'eligible_count': 6, 'bet_adj': 2, 'reason': 'rel_win1=68.4%（本命度） / 最有力組み合わせ確率: 0.082（推定実オッズ?16倍） / 2着集中度: 上位2艇 68.0%（補正+0.00） / 総合判定確率: 0.082 / → ヒモ分散。1号艇1着固定で広めのヒモ流し推奨（買い目+2点）', 'tenji_trigger': '展示確認: ヒモ分散レース。1号艇伸び確認後、広めのヒモ流しを採用。穴ヒモ（5・6号艇）を積極的に含める。\n展示で1号艇スタート超安定(0.128秒)→ヒモ固まり方向に注意'}",,,25.3,逃げ狙い,11.79,25.8,5,,,,,,,,,,,
2026-03-22,丸亀,10,5,有賀達也,A1,28.70,5,▲,8.3408,23.1,70,51.6,0.1397,2.7016,,,0,低,73,0,-,32S212,0,28.9,0.6243,0,0,0,0.0476,0,0.0345,0.1379,0.0345,,,C,◎,◎,0.2511,0.657,0.427,0.7317,S,90,0,◎1着固定 2-3着流し（5〜8点）,0.5777,"{'is_target': True, 'verdict': '参加推奨', 'max_combo_prob': 0.0824, 'est_top_odds': 16.2, 'circle_concentration': 68.0, 'eligible_count': 6, 'bet_adj': 2, 'reason': 'rel_win1=68.4%（本命度） / 最有力組み合わせ確率: 0.082（推定実オッズ?16倍） / 2着集中度: 上位2艇 68.0%（補正+0.00） / 総合判定確率: 0.082 / → ヒモ分散。1号艇1着固定で広めのヒモ流し推奨（買い目+2点）', 'tenji_trigger': '展示確認: ヒモ分散レース。1号艇伸び確認後、広めのヒモ流しを採用。穴ヒモ（5・6号艇）を積極的に含める。\n展示で1号艇スタート超安定(0.128秒)→ヒモ固まり方向に注意'}",,,25.3,逃げ狙い,11.79,25.8,5,,,,,,,,,,,
2026-03-22,丸亀,10,6,原田雄次,B1,36.75,6,△,1.1232,3.4,56,17.1,0.2089,5.1286,,,0,低,136,0,-,1 153,0,23.8,0.6789,,,,,,0,0.25,0.375,,,B,,,0.1426,0.5155,,0.7317,S,90,0,◎1着固定 2-3着流し（5〜8点）,0.5777,"{'is_target': True, 'verdict': '参加推奨', 'max_combo_prob': 0.0824, 'est_top_odds': 16.2, 'circle_concentration': 68.0, 'eligible_count': 6, 'bet_adj': 2, 'reason': 'rel_win1=68.4%（本命度） / 最有力組み合わせ確率: 0.082（推定実オッズ?16倍） / 2着集中度: 上位2艇 68.0%（補正+0.00） / 総合判定確率: 0.082 / → ヒモ分散。1号艇1着固定で広めのヒモ流し推奨（買い目+2点）', 'tenji_trigger': '展示確認: ヒモ分散レース。1号艇伸び確認後、広めのヒモ流しを採用。穴ヒモ（5・6号艇）を積極的に含める。\n展示で1号艇スタート超安定(0.128秒)→ヒモ固まり方向に注意'}",,,25.3,逃げ狙い,11.79,25.8,5,,,,,,,,,,,
2026-03-22,丸亀,11,1,原田篤志,A1,37.93,1,◎,60.1032,,0,91.2,0.1485,2.6758,,,0,低,122,0,逃1%,143 41,0,82.4,0.9941,0.725,,,,,0.02,0.125,0.02,◎,,C,,,,0.5685,,0.6361,A,78,0,◎-○軸 3着3〜4艇流し（10〜15点）,0.5777,"{'is_target': True, 'verdict': '点数絞り', 'max_combo_prob': 0.1014, 'est_top_odds': 13.2, 'circle_concentration': 72.6, 'eligible_count': 8, 'bet_adj': 0, 'reason': 'rel_win1=60.1%（本命度） / 最有力組み合わせ確率: 0.101（推定実オッズ?13倍） / 2着集中度: 上位2艇 72.6%（補正+0.04） / 総合判定確率: 0.141 / → ヒモはやや固め。上位2艇以外を切ること', 'tenji_trigger': '展示確認: 1号艇伸び良→そのまま採用。悪→飛び組に差し替え。circle_pct上位2艇に絞り込むこと。'}",,,27,逃げ狙い,17.36,25.8,2,,,,,0,0,0.7559,0,,逃げ軸流し,A
2026-03-22,丸亀,11,2,荒井翔伍,A2,41.88,2,○,15.102,52.4,90,72.5,0.1524,3.4706,,,0,低,81,0,-,S3234,0,67.8,1.1619,0,0.125,0,0,0,0.0148,0.1046,0.3287,,,B,○,,0.2894,0.6315,,0.6361,A,78,0,◎-○軸 3着3〜4艇流し（10〜15点）,0.5777,"{'is_target': True, 'verdict': '点数絞り', 'max_combo_prob': 0.1014, 'est_top_odds': 13.2, 'circle_concentration': 72.6, 'eligible_count': 8, 'bet_adj': 0, 'reason': 'rel_win1=60.1%（本命度） / 最有力組み合わせ確率: 0.101（推定実オッズ?13倍） / 2着集中度: 上位2艇 72.6%（補正+0.04） / 総合判定確率: 0.141 / → ヒモはやや固め。上位2艇以外を切ること', 'tenji_trigger': '展示確認: 1号艇伸び良→そのまま採用。悪→飛び組に差し替え。circle_pct上位2艇に絞り込むこと。'}",,,27,逃げ狙い,17.36,25.8,2,,,,,,,,,,,
2026-03-22,丸亀,11,3,庄司孝輔,B1,40.50,3,△,8.522,17.5,100,51.8,0.1852,3.7768,,,0,低,133,0,-,2 431,0,18.9,0.6629,0,0,0.0294,0.0882,0,0.016,0.2,0.08,,,C,△,,0.1195,0.577,,0.6361,A,78,0,◎-○軸 3着3〜4艇流し（10〜15点）,0.5777,"{'is_target': True, 'verdict': '点数絞り', 'max_combo_prob': 0.1014, 'est_top_odds': 13.2, 'circle_concentration': 72.6, 'eligible_count': 8, 'bet_adj': 0, 'reason': 'rel_win1=60.1%（本命度） / 最有力組み合わせ確率: 0.101（推定実オッズ?13倍） / 2着集中度: 上位2艇 72.6%（補正+0.04） / 総合判定確率: 0.141 / → ヒモはやや固め。上位2艇以外を切ること', 'tenji_trigger': '展示確認: 1号艇伸び良→そのまま採用。悪→飛び組に差し替え。circle_pct上位2艇に絞り込むこと。'}",,,27,逃げ狙い,17.36,25.8,2,,,,,,,,,,,
2026-03-22,丸亀,11,4,上條嘉嗣,A1,54.78,4,▲,8.8126,20.1,92,57.4,0.2096,4.7407,,,0,低,185,0,-,21352,0,58.4,0.9398,0,0.08,0.04,0,0,0.0093,0.1705,0.1132,,,A,,◎,0.1167,0.573,0.1548,0.6361,A,78,0,◎-○軸 3着3〜4艇流し（10〜15点）,0.5777,"{'is_target': True, 'verdict': '点数絞り', 'max_combo_prob': 0.1014, 'est_top_odds': 13.2, 'circle_concentration': 72.6, 'eligible_count': 8, 'bet_adj': 0, 'reason': 'rel_win1=60.1%（本命度） / 最有力組み合わせ確率: 0.101（推定実オッズ?13倍） / 2着集中度: 上位2艇 72.6%（補正+0.04） / 総合判定確率: 0.141 / → ヒモはやや固め。上位2艇以外を切ること', 'tenji_trigger': '展示確認: 1号艇伸び良→そのまま採用。悪→飛び組に差し替え。circle_pct上位2艇に絞り込むこと。'}",,,27,逃げ狙い,17.36,25.8,2,,,,,,,,,,,
2026-03-22,丸亀,11,5,谷口知優,B1,32.14,5,,4.7143,5.7,92,46.7,0.1598,3.3444,,,0,低,83,0,-,1 266,0,63.9,1.0738,0,0,0.0476,0.0476,0,0,0.3481,0.1039,,,E,△,,0.2547,0.6165,,0.6361,A,78,0,◎-○軸 3着3〜4艇流し（10〜15点）,0.5777,"{'is_target': True, 'verdict': '点数絞り', 'max_combo_prob': 0.1014, 'est_top_odds': 13.2, 'circle_concentration': 72.6, 'eligible_count': 8, 'bet_adj': 0, 'reason': 'rel_win1=60.1%（本命度） / 最有力組み合わせ確率: 0.101（推定実オッズ?13倍） / 2着集中度: 上位2艇 72.6%（補正+0.04） / 総合判定確率: 0.141 / → ヒモはやや固め。上位2艇以外を切ること', 'tenji_trigger': '展示確認: 1号艇伸び良→そのまま採用。悪→飛び組に差し替え。circle_pct上位2艇に絞り込むこと。'}",,,27,逃げ狙い,17.36,25.8,2,,,,,,,,,,,
2026-03-22,丸亀,11,6,山ノ内雅,A2,34.48,6,,2.746,4.2,27,25.4,0.1486,3.5,,,0,低,97,0,-,2 3222,0,38.1,1.0689,,,,,,0.1041,0.0432,0.0324,,,D,◎,,0.3124,0.6915,,0.6361,A,78,0,◎-○軸 3着3〜4艇流し（10〜15点）,0.5777,"{'is_target': True, 'verdict': '点数絞り', 'max_combo_prob': 0.1014, 'est_top_odds': 13.2, 'circle_concentration': 72.6, 'eligible_count': 8, 'bet_adj': 0, 'reason': 'rel_win1=60.1%（本命度） / 最有力組み合わせ確率: 0.101（推定実オッズ?13倍） / 2着集中度: 上位2艇 72.6%（補正+0.04） / 総合判定確率: 0.141 / → ヒモはやや固め。上位2艇以外を切ること', 'tenji_trigger': '展示確認: 1号艇伸び良→そのまま採用。悪→飛び組に差し替え。circle_pct上位2艇に絞り込むこと。'}",,,27,逃げ狙い,17.36,25.8,2,,,,,,,,,,,
2026-03-22,丸亀,12,1,桑原　悠,A1,25.71,1,◎,58.7809,,0,97.7,0.1184,2.2614,,,0,低,26,0,逃1%,43164,0,84.5,1.0466,0.6667,,,,,0.0444,0.0972,0.0667,◎,,D,△,,,0.6315,,0.7545,S,95,0,◎1着固定 2-3着流し（5〜8点）,0.5777,"{'is_target': True, 'verdict': '点数絞り', 'max_combo_prob': 0.1451, 'est_top_odds': 9.2, 'circle_concentration': 74.9, 'eligible_count': 6, 'bet_adj': 0, 'reason': 'rel_win1=58.8%（本命度） / 最有力組み合わせ確率: 0.145（推定実オッズ?9倍） / 2着集中度: 上位2艇 74.9%（補正+0.04） / 総合判定確率: 0.185 / → ヒモはやや固め。上位2艇以外を切ること', 'tenji_trigger': '展示確認: 1号艇伸び良→そのまま採用。悪→飛び組に差し替え。circle_pct上位2艇に絞り込むこと。\n展示で1号艇スタート超安定(0.118秒)→ヒモ固まり方向に注意'}",,,27.6,逃げ狙い,21.43,23.9,2,,,,,0,0,0.7559,0,,逃げ軸流し,A
2026-03-22,丸亀,12,2,村上　遼,A1,26.09,2,○,19.3089,58.5,73,83.8,0.1459,2.7703,,,0,低,49,0,-,2 2351,0,69,1.2276,0,0.2857,0.1429,0,0.0952,0.0593,0.3141,0.0296,,,D,○,,0.1132,0.6535,,0.7545,S,95,0,◎1着固定 2-3着流し（5〜8点）,0.5777,"{'is_target': True, 'verdict': '点数絞り', 'max_combo_prob': 0.1451, 'est_top_odds': 9.2, 'circle_concentration': 74.9, 'eligible_count': 6, 'bet_adj': 0, 'reason': 'rel_win1=58.8%（本命度） / 最有力組み合わせ確率: 0.145（推定実オッズ?9倍） / 2着集中度: 上位2艇 74.9%（補正+0.04） / 総合判定確率: 0.185 / → ヒモはやや固め。上位2艇以外を切ること', 'tenji_trigger': '展示確認: 1号艇伸び良→そのまま採用。悪→飛び組に差し替え。circle_pct上位2艇に絞り込むこと。\n展示で1号艇スタート超安定(0.118秒)→ヒモ固まり方向に注意'}",,,27.6,逃げ狙い,21.43,23.9,2,,,,,,,,,,,
2026-03-22,丸亀,12,3,小黒竜吾,B1,30.00,3,,5.8682,13.3,57,37.3,0.1745,3.7164,,,0,低,132,0,ま0%,3 454,0,21.7,0.7194,0,0,0.0303,0,0,0.2879,0.0828,0.2328,,,C,△,,0.0972,0.6275,,0.7545,S,95,0,◎1着固定 2-3着流し（5〜8点）,0.5777,"{'is_target': True, 'verdict': '点数絞り', 'max_combo_prob': 0.1451, 'est_top_odds': 9.2, 'circle_concentration': 74.9, 'eligible_count': 6, 'bet_adj': 0, 'reason': 'rel_win1=58.8%（本命度） / 最有力組み合わせ確率: 0.145（推定実オッズ?9倍） / 2着集中度: 上位2艇 74.9%（補正+0.04） / 総合判定確率: 0.185 / → ヒモはやや固め。上位2艇以外を切ること', 'tenji_trigger': '展示確認: 1号艇伸び良→そのまま採用。悪→飛び組に差し替え。circle_pct上位2艇に絞り込むこと。\n展示で1号艇スタート超安定(0.118秒)→ヒモ固まり方向に注意'}",,,27.6,逃げ狙い,21.43,23.9,2,,,,,,,,,,,
2026-03-22,丸亀,12,4,柴田朋哉,A2,42.02,4,△,8.4204,7.4,100,61.7,0.1465,2.7,,,0,低,105,0,差ま0%,5 5432,0,69.6,1.2185,0,0,0,0.08,0,0.0727,0.1584,0.1221,,,B,,◎,0.1855,0.5935,0.3945,0.7545,S,95,0,◎1着固定 2-3着流し（5〜8点）,0.5777,"{'is_target': True, 'verdict': '点数絞り', 'max_combo_prob': 0.1451, 'est_top_odds': 9.2, 'circle_concentration': 74.9, 'eligible_count': 6, 'bet_adj': 0, 'reason': 'rel_win1=58.8%（本命度） / 最有力組み合わせ確率: 0.145（推定実オッズ?9倍） / 2着集中度: 上位2艇 74.9%（補正+0.04） / 総合判定確率: 0.185 / → ヒモはやや固め。上位2艇以外を切ること', 'tenji_trigger': '展示確認: 1号艇伸び良→そのまま採用。悪→飛び組に差し替え。circle_pct上位2艇に絞り込むこと。\n展示で1号艇スタート超安定(0.118秒)→ヒモ固まり方向に注意'}",,,27.6,逃げ狙い,21.43,23.9,2,,,,,,,,,,,
2026-03-22,丸亀,12,5,西丸侑太,A1,42.98,5,▲,6.7731,16.4,58,44.7,0.1598,3.5745,,,0,低,100,0,-,35112,0,67.6,1.1776,0,0,0,0.0909,0,0,0.1314,0.0429,,,A,,○,0.1634,0.6105,0.2995,0.7545,S,95,0,◎1着固定 2-3着流し（5〜8点）,0.5777,"{'is_target': True, 'verdict': '点数絞り', 'max_combo_prob': 0.1451, 'est_top_odds': 9.2, 'circle_concentration': 74.9, 'eligible_count': 6, 'bet_adj': 0, 'reason': 'rel_win1=58.8%（本命度） / 最有力組み合わせ確率: 0.145（推定実オッズ?9倍） / 2着集中度: 上位2艇 74.9%（補正+0.04） / 総合判定確率: 0.185 / → ヒモはやや固め。上位2艇以外を切ること', 'tenji_trigger': '展示確認: 1号艇伸び良→そのまま採用。悪→飛び組に差し替え。circle_pct上位2艇に絞り込むこと。\n展示で1号艇スタート超安定(0.118秒)→ヒモ固まり方向に注意'}",,,27.6,逃げ狙い,21.43,23.9,2,,,,,,,,,,,
2026-03-22,丸亀,12,6,藤田靖弘,A2,25.64,6,,0.8485,4.4,22,22.2,0.1819,3.8819,,,0,低,111,0,-,3 4135,0,32.3,0.7456,,,,,,0.0533,0.115,0.0267,,,E,◎,,0.1372,0.6755,,0.7545,S,95,0,◎1着固定 2-3着流し（5〜8点）,0.5777,"{'is_target': True, 'verdict': '点数絞り', 'max_combo_prob': 0.1451, 'est_top_odds': 9.2, 'circle_concentration': 74.9, 'eligible_count': 6, 'bet_adj': 0, 'reason': 'rel_win1=58.8%（本命度） / 最有力組み合わせ確率: 0.145（推定実オッズ?9倍） / 2着集中度: 上位2艇 74.9%（補正+0.04） / 総合判定確率: 0.185 / → ヒモはやや固め。上位2艇以外を切ること', 'tenji_trigger': '展示確認: 1号艇伸び良→そのまま採用。悪→飛び組に差し替え。circle_pct上位2艇に絞り込むこと。\n展示で1号艇スタート超安定(0.118秒)→ヒモ固まり方向に注意'}",,,27.6,逃げ狙い,21.43,23.9,2,,,,,,,,,,,
2026-03-23,丸亀,1,1,川北浩貴,B1,41.18,1,◎,55.3919,,0,87.6,0.1571,2.8557,,,0,低,146,0,-,461 26,0,89.7,1.184,0.4865,,,,,0.1399,0.2257,0.0541,◎,,A,○,,,0.6565,,0.5275,S,86,0,◎1着固定 2-3着流し（5〜8点）,0.5777,"{'is_target': True, 'verdict': '点数絞り', 'max_combo_prob': 0.1163, 'est_top_odds': 11.5, 'circle_concentration': 75.6, 'eligible_count': 6, 'bet_adj': 0, 'reason': 'rel_win1=55.4%（本命度） / 最有力組み合わせ確率: 0.116（推定実オッズ?12倍） / 2着集中度: 上位2艇 75.6%（補正+0.04） / 総合判定確率: 0.156 / → ヒモはやや固め。上位2艇以外を切ること', 'tenji_trigger': '展示確認: 1号艇伸び良→そのまま採用。悪→飛び組に差し替え。circle_pct上位2艇に絞り込むこと。'}",,,29.4,逃げ狙い,17.56,32.6,4,,,,,0,0,0.7559,0,,逃げ軸流し,A
2026-03-23,丸亀,1,2,安田政彦,A2,33.04,2,△,9.9764,52.5,96,61.8,0.1902,4.0273,,,0,低,147,0,ま0%,3 2425,0,46.4,1.1712,0,0.0303,0.0606,0,0,0.2188,0.3285,0.1918,,,C,,,0.0799,0.5665,,0.5275,S,86,0,◎1着固定 2-3着流し（5〜8点）,0.5777,"{'is_target': True, 'verdict': '点数絞り', 'max_combo_prob': 0.1163, 'est_top_odds': 11.5, 'circle_concentration': 75.6, 'eligible_count': 6, 'bet_adj': 0, 'reason': 'rel_win1=55.4%（本命度） / 最有力組み合わせ確率: 0.116（推定実オッズ?12倍） / 2着集中度: 上位2艇 75.6%（補正+0.04） / 総合判定確率: 0.156 / → ヒモはやや固め。上位2艇以外を切ること', 'tenji_trigger': '展示確認: 1号艇伸び良→そのまま採用。悪→飛び組に差し替え。circle_pct上位2艇に絞り込むこと。'}",,,29.4,逃げ狙い,17.56,32.6,4,,,,,,,,,,,
2026-03-23,丸亀,1,3,谷口知優,B1,32.14,3,,12.4453,23.1,76,50,0.1627,3.2955,,,0,低,83,0,差0% ま0% 差ま0%,1 266,0,39.2,0.8962,0,0.125,0.0417,0.0833,0,0,0.3481,0.1039,,,D,△,,0.3087,0.6165,,0.5275,S,86,0,◎1着固定 2-3着流し（5〜8点）,0.5777,"{'is_target': True, 'verdict': '点数絞り', 'max_combo_prob': 0.1163, 'est_top_odds': 11.5, 'circle_concentration': 75.6, 'eligible_count': 6, 'bet_adj': 0, 'reason': 'rel_win1=55.4%（本命度） / 最有力組み合わせ確率: 0.116（推定実オッズ?12倍） / 2着集中度: 上位2艇 75.6%（補正+0.04） / 総合判定確率: 0.156 / → ヒモはやや固め。上位2艇以外を切ること', 'tenji_trigger': '展示確認: 1号艇伸び良→そのまま採用。悪→飛び組に差し替え。circle_pct上位2艇に絞り込むこと。'}",,,29.4,逃げ狙い,17.56,32.6,4,,,,,,,,,,,
2026-03-23,丸亀,1,4,中井俊祐,B1,32.20,4,▲,15.8194,9.9,54,49.2,0.1592,2.8279,,,0,低,130,0,差ま0%,1 641,0,33.5,0.8755,0,0,0.0345,0.1034,0,0.1333,0.3167,0.2,,,C,,◎,0.3239,0.6095,0.3537,0.5275,S,86,0,◎1着固定 2-3着流し（5〜8点）,0.5777,"{'is_target': True, 'verdict': '点数絞り', 'max_combo_prob': 0.1163, 'est_top_odds': 11.5, 'circle_concentration': 75.6, 'eligible_count': 6, 'bet_adj': 0, 'reason': 'rel_win1=55.4%（本命度） / 最有力組み合わせ確率: 0.116（推定実オッズ?12倍） / 2着集中度: 上位2艇 75.6%（補正+0.04） / 総合判定確率: 0.156 / → ヒモはやや固め。上位2艇以外を切ること', 'tenji_trigger': '展示確認: 1号艇伸び良→そのまま採用。悪→飛び組に差し替え。circle_pct上位2艇に絞り込むこと。'}",,,29.4,逃げ狙い,17.56,32.6,4,,,,,,,,,,,
2026-03-23,丸亀,1,5,山ノ内雅,A2,34.48,5,○,5.4324,9.8,100,49.3,0.1504,3.2174,,,0,低,97,0,-,2 3222,0,29.3,0.7969,0,0,0,0.0541,0,0.1041,0.0432,0.0324,,,C,◎,,0.3402,0.6915,,0.5275,S,86,0,◎1着固定 2-3着流し（5〜8点）,0.5777,"{'is_target': True, 'verdict': '点数絞り', 'max_combo_prob': 0.1163, 'est_top_odds': 11.5, 'circle_concentration': 75.6, 'eligible_count': 6, 'bet_adj': 0, 'reason': 'rel_win1=55.4%（本命度） / 最有力組み合わせ確率: 0.116（推定実オッズ?12倍） / 2着集中度: 上位2艇 75.6%（補正+0.04） / 総合判定確率: 0.156 / → ヒモはやや固め。上位2艇以外を切ること', 'tenji_trigger': '展示確認: 1号艇伸び良→そのまま採用。悪→飛び組に差し替え。circle_pct上位2艇に絞り込むこと。'}",,,29.4,逃げ狙い,17.56,32.6,4,,,,,,,,,,,
2026-03-23,丸亀,1,6,峰重侑治,B2,27.12,6,,0.9346,4.7,20,22.8,0.2002,4.5439,,,0,低,114,0,-,5 F24,0,27.4,1.0303,,,,,,0.2267,0.0533,0,,,E,△,,0.21,0.6135,,0.5275,S,86,0,◎1着固定 2-3着流し（5〜8点）,0.5777,"{'is_target': True, 'verdict': '点数絞り', 'max_combo_prob': 0.1163, 'est_top_odds': 11.5, 'circle_concentration': 75.6, 'eligible_count': 6, 'bet_adj': 0, 'reason': 'rel_win1=55.4%（本命度） / 最有力組み合わせ確率: 0.116（推定実オッズ?12倍） / 2着集中度: 上位2艇 75.6%（補正+0.04） / 総合判定確率: 0.156 / → ヒモはやや固め。上位2艇以外を切ること', 'tenji_trigger': '展示確認: 1号艇伸び良→そのまま採用。悪→飛び組に差し替え。circle_pct上位2艇に絞り込むこと。'}",,,29.4,逃げ狙い,17.56,32.6,4,,,,,,,,,,,
2026-03-23,丸亀,2,1,佐藤世那,B1,23.89,1,◎,50.9916,,0,57.1,0.18,3.9286,,,0,低,89,1,逃0%,155 14,0,53.8,0.7865,0.2857,,,,,0.3543,0.2343,0.0286,△⚠️,,E,,,,0.49,,0.2142,C,44,0,荒れ傾向。高配当狙いか見送り,0.5777,"{'is_target': True, 'verdict': '参加推奨', 'max_combo_prob': 0.0698, 'est_top_odds': 19.1, 'circle_concentration': 75.2, 'eligible_count': 6, 'bet_adj': 2, 'reason': 'rel_win1=51.0%（本命度） / 最有力組み合わせ確率: 0.070（推定実オッズ?19倍） / 2着集中度: 上位2艇 75.2%（補正+0.04） / 総合判定確率: 0.110 / → ヒモ分散。1号艇1着固定で広めのヒモ流し推奨（買い目+2点）', 'tenji_trigger': '展示確認: ヒモ分散レース。1号艇伸び確認後、広めのヒモ流しを採用。穴ヒモ（5・6号艇）を積極的に含める。'}",,,31.7,両建て推奨,15.85,40.6,2,3-4-5|3-5-4|3-5-6|3-4-6|3-5-2|3-2-5|3-4-2|1-2-5|1-3-5|1-2-3|1-3-2|1-5-3,3-4-5|3-5-4|3-5-6|3-4-6|3-5-2|3-2-5|3-4-2|1-2-5|1-3-5|1-2-3|1-3-2|1-5-3,3-4-5:2.01%|3-5-4:1.95%|3-5-6:0.89%|3-4-6:0.63%|3-5-2:0.51%|3-2-5:0.44%|3-4-2:0.36%|1-2-5:8.59%|1-3-5:8.53%|1-2-3:7.36%|1-3-2:6.24%|1-5-3:4.36%,3-4-5:B_main|3-5-4:B_main|3-5-6:B_main|3-4-6:B_main|3-5-2:B_main|3-2-5:B_main|3-4-2:B_main|1-2-5:A|1-3-5:A|1-2-3:A|1-3-2:A|1-5-3:A,12,12,0.4535,1,[!]見送り推奨（主役決まり手「まくり」― 逃げ劣勢レースで的中実績なし）,主役軸流し,B
2026-03-23,丸亀,2,2,原田雄次,B1,36.75,2,▲,13.4546,36.3,60,45.6,0.1696,4.2826,,,0,低,136,0,-,1 153,0,75.9,1.3967,,,,,,0,0.25,0.375,,○,C,,,0.4846,0.5155,,0.2142,C,44,0,荒れ傾向。高配当狙いか見送り,0.5777,"{'is_target': True, 'verdict': '参加推奨', 'max_combo_prob': 0.0698, 'est_top_odds': 19.1, 'circle_concentration': 75.2, 'eligible_count': 6, 'bet_adj': 2, 'reason': 'rel_win1=51.0%（本命度） / 最有力組み合わせ確率: 0.070（推定実オッズ?19倍） / 2着集中度: 上位2艇 75.2%（補正+0.04） / 総合判定確率: 0.110 / → ヒモ分散。1号艇1着固定で広めのヒモ流し推奨（買い目+2点）', 'tenji_trigger': '展示確認: ヒモ分散レース。1号艇伸び確認後、広めのヒモ流しを採用。穴ヒモ（5・6号艇）を積極的に含める。'}",,,31.7,両建て推奨,15.85,40.6,2,,,,,,,,,,,
2026-03-23,丸亀,2,3,藤田靖弘,A2,25.64,3,△,15.9076,38.9,100,67.2,0.1469,2.8134,,,0,低,111,0,-,3 4135,0,62.2,1.2333,0,0,0.0556,0.0556,0,0.0533,0.115,0.0267,,◎,D,◎,,0.4979,0.6755,,0.2142,C,44,0,荒れ傾向。高配当狙いか見送り,0.5777,"{'is_target': True, 'verdict': '参加推奨', 'max_combo_prob': 0.0698, 'est_top_odds': 19.1, 'circle_concentration': 75.2, 'eligible_count': 6, 'bet_adj': 2, 'reason': 'rel_win1=51.0%（本命度） / 最有力組み合わせ確率: 0.070（推定実オッズ?19倍） / 2着集中度: 上位2艇 75.2%（補正+0.04） / 総合判定確率: 0.110 / → ヒモ分散。1号艇1着固定で広めのヒモ流し推奨（買い目+2点）', 'tenji_trigger': '展示確認: ヒモ分散レース。1号艇伸び確認後、広めのヒモ流しを採用。穴ヒモ（5・6号艇）を積極的に含める。'}",,,31.7,両建て推奨,15.85,40.6,2,,,,,,,,,,,
2026-03-23,丸亀,2,4,和合俊介,B1,30.83,4,,7.6345,8.8,67,27.3,0.1625,3.3636,,,0,低,102,0,ま0%,553 56,0,26.5,0.4936,0,0,0.0385,0,0,0.3333,0.5333,0.08,,,C,△,,0.388,0.6265,,0.2142,C,44,0,荒れ傾向。高配当狙いか見送り,0.5777,"{'is_target': True, 'verdict': '参加推奨', 'max_combo_prob': 0.0698, 'est_top_odds': 19.1, 'circle_concentration': 75.2, 'eligible_count': 6, 'bet_adj': 2, 'reason': 'rel_win1=51.0%（本命度） / 最有力組み合わせ確率: 0.070（推定実オッズ?19倍） / 2着集中度: 上位2艇 75.2%（補正+0.04） / 総合判定確率: 0.110 / → ヒモ分散。1号艇1着固定で広めのヒモ流し推奨（買い目+2点）', 'tenji_trigger': '展示確認: ヒモ分散レース。1号艇伸び確認後、広めのヒモ流しを採用。穴ヒモ（5・6号艇）を積極的に含める。'}",,,31.7,両建て推奨,15.85,40.6,2,,,,,,,,,,,
2026-03-23,丸亀,2,5,君島秀三,A1,39.50,5,○,10.6155,14.4,53,51.8,0.1311,3.1786,,,0,低,60,0,差0% 抜0%,262134,0,88.9,1.5679,0,0.0333,0,0,0.0333,0.0767,0.0333,0.1617,,△,B,○,◎,0.4715,0.6695,0.4202,0.2142,C,44,0,荒れ傾向。高配当狙いか見送り,0.5777,"{'is_target': True, 'verdict': '参加推奨', 'max_combo_prob': 0.0698, 'est_top_odds': 19.1, 'circle_concentration': 75.2, 'eligible_count': 6, 'bet_adj': 2, 'reason': 'rel_win1=51.0%（本命度） / 最有力組み合わせ確率: 0.070（推定実オッズ?19倍） / 2着集中度: 上位2艇 75.2%（補正+0.04） / 総合判定確率: 0.110 / → ヒモ分散。1号艇1着固定で広めのヒモ流し推奨（買い目+2点）', 'tenji_trigger': '展示確認: ヒモ分散レース。1号艇伸び確認後、広めのヒモ流しを採用。穴ヒモ（5・6号艇）を積極的に含める。'}",,,31.7,両建て推奨,15.85,40.6,2,,,,,,,,,,,
2026-03-23,丸亀,2,6,森作広大,B1,36.84,6,,1.3962,1.6,45,6.2,0.2359,5.375,,,0,低,96,0,-,3 F54,0,26.6,0.5461,,,,,,0.5412,0,0.1412,,,B,△,,0.1742,0.596,,0.2142,C,44,0,荒れ傾向。高配当狙いか見送り,0.5777,"{'is_target': True, 'verdict': '参加推奨', 'max_combo_prob': 0.0698, 'est_top_odds': 19.1, 'circle_concentration': 75.2, 'eligible_count': 6, 'bet_adj': 2, 'reason': 'rel_win1=51.0%（本命度） / 最有力組み合わせ確率: 0.070（推定実オッズ?19倍） / 2着集中度: 上位2艇 75.2%（補正+0.04） / 総合判定確率: 0.110 / → ヒモ分散。1号艇1着固定で広めのヒモ流し推奨（買い目+2点）', 'tenji_trigger': '展示確認: ヒモ分散レース。1号艇伸び確認後、広めのヒモ流しを採用。穴ヒモ（5・6号艇）を積極的に含める。'}",,,31.7,両建て推奨,15.85,40.6,2,,,,,,,,,,,
2026-03-23,丸亀,3,1,三木晴斗,B1,38.60,1,◎,48.1763,,0,62.2,0.1784,3.4595,,,0,低,97,0,逃1%,5 153,0,49.5,0.8769,0.4,,,,,0.095,0.195,0.155,△,,A,,,,0.5655,,0.2539,B,53,0,◎○△フォーメーション（15〜20点）,0.5777,"{'is_target': True, 'verdict': '点数絞り', 'max_combo_prob': 0.0802, 'est_top_odds': 16.6, 'circle_concentration': 79.7, 'eligible_count': 9, 'bet_adj': 0, 'reason': 'rel_win1=48.2%（本命度） / 最有力組み合わせ確率: 0.080（推定実オッズ?17倍） / 2着集中度: 上位2艇 79.7%（補正+0.04） / 総合判定確率: 0.120 / → ヒモはやや固め。上位2艇以外を切ること', 'tenji_trigger': '展示確認: 1号艇伸び良→そのまま採用。悪→飛び組に差し替え。circle_pct上位2艇に絞り込むこと。'}",,,29.6,両建て推奨,18.1,32.6,3,4-5-6|4-5-1|1-3-4|1-2-4|1-3-2|1-2-3|1-4-3,2-1-3|3-1-5|3-5-1|4-5-6|3-1-2|4-5-1|3-2-5|1-3-4|1-2-4|1-3-2|1-2-3|1-4-3,4-5-6:1.39%|4-5-1:1.34%|1-3-4:9.9%|1-2-4:8.55%|1-3-2:6.53%|1-2-3:6.29%|1-4-3:4.66%,4-5-6:B_main|4-5-1:B_main|1-3-4:A|1-2-4:A|1-3-2:A|1-2-3:A|1-4-3:A,7,12,0.4535,1,[!]見送り推奨（主役決まり手「まくり」― 逃げ劣勢レースで的中実績なし）,荒れ広め,D
2026-03-23,丸亀,3,2,中岡健人,B1,25.00,2,△,8.9032,34.9,93,53.4,0.1702,3.5172,,,0,低,104,0,-,14S 34,0,23.4,0.7383,,,,,,0.28,0.164,0.196,,△,D,○,,0.4238,0.635,,0.2539,B,53,0,◎○△フォーメーション（15〜20点）,0.5777,"{'is_target': True, 'verdict': '点数絞り', 'max_combo_prob': 0.0802, 'est_top_odds': 16.6, 'circle_concentration': 79.7, 'eligible_count': 9, 'bet_adj': 0, 'reason': 'rel_win1=48.2%（本命度） / 最有力組み合わせ確率: 0.080（推定実オッズ?17倍） / 2着集中度: 上位2艇 79.7%（補正+0.04） / 総合判定確率: 0.120 / → ヒモはやや固め。上位2艇以外を切ること', 'tenji_trigger': '展示確認: 1号艇伸び良→そのまま採用。悪→飛び組に差し替え。circle_pct上位2艇に絞り込むこと。'}",,,29.6,両建て推奨,18.1,32.6,3,,,,,,,,,,,
2026-03-23,丸亀,3,3,船岡洋一,A1,19.27,3,▲,21.7303,44.7,100,82.2,0.134,2.7556,,,0,低,67,0,-,512 53,0,37.4,0.9019,0,0,0.0769,0.1923,0,0.0811,0.027,0.1081,,○,E,△,,0.5228,0.6315,,0.2539,B,53,0,◎○△フォーメーション（15〜20点）,0.5777,"{'is_target': True, 'verdict': '点数絞り', 'max_combo_prob': 0.0802, 'est_top_odds': 16.6, 'circle_concentration': 79.7, 'eligible_count': 9, 'bet_adj': 0, 'reason': 'rel_win1=48.2%（本命度） / 最有力組み合わせ確率: 0.080（推定実オッズ?17倍） / 2着集中度: 上位2艇 79.7%（補正+0.04） / 総合判定確率: 0.120 / → ヒモはやや固め。上位2艇以外を切ること', 'tenji_trigger': '展示確認: 1号艇伸び良→そのまま採用。悪→飛び組に差し替え。circle_pct上位2艇に絞り込むこと。'}",,,29.6,両建て推奨,18.1,32.6,3,,,,,,,,,,,
2026-03-23,丸亀,3,4,森　悠稀,A2,30.17,4,○,16.2578,15.1,68,54.4,0.1246,2.5965,,,0,低,62,0,-,3 4221,0,100,2.3698,0,0,0.1765,0,0,0.0552,0.0276,0.0552,,◎,B,◎,◎,0.5289,0.6755,0.4088,0.2539,B,53,0,◎○△フォーメーション（15〜20点）,0.5777,"{'is_target': True, 'verdict': '点数絞り', 'max_combo_prob': 0.0802, 'est_top_odds': 16.6, 'circle_concentration': 79.7, 'eligible_count': 9, 'bet_adj': 0, 'reason': 'rel_win1=48.2%（本命度） / 最有力組み合わせ確率: 0.080（推定実オッズ?17倍） / 2着集中度: 上位2艇 79.7%（補正+0.04） / 総合判定確率: 0.120 / → ヒモはやや固め。上位2艇以外を切ること', 'tenji_trigger': '展示確認: 1号艇伸び良→そのまま採用。悪→飛び組に差し替え。circle_pct上位2艇に絞り込むこと。'}",,,29.6,両建て推奨,18.1,32.6,3,,,,,,,,,,,
2026-03-23,丸亀,3,5,渡辺空依,B1,26.61,5,,3.7246,2.7,64,32.6,0.1819,3.907,,,0,低,103,0,-,5 364,0,32.1,0.871,,,,,,0.0286,0.1143,0.0286,,,C,,,0.3261,0.54,,0.2539,B,53,0,◎○△フォーメーション（15〜20点）,0.5777,"{'is_target': True, 'verdict': '点数絞り', 'max_combo_prob': 0.0802, 'est_top_odds': 16.6, 'circle_concentration': 79.7, 'eligible_count': 9, 'bet_adj': 0, 'reason': 'rel_win1=48.2%（本命度） / 最有力組み合わせ確率: 0.080（推定実オッズ?17倍） / 2着集中度: 上位2艇 79.7%（補正+0.04） / 総合判定確率: 0.120 / → ヒモはやや固め。上位2艇以外を切ること', 'tenji_trigger': '展示確認: 1号艇伸び良→そのまま採用。悪→飛び組に差し替え。circle_pct上位2艇に絞り込むこと。'}",,,29.6,両建て推奨,18.1,32.6,3,,,,,,,,,,,
2026-03-23,丸亀,3,6,天野　誠,B1,23.68,6,,1.2077,2.5,25,7.3,0.2,4.561,,,0,低,126,0,-,345 56,0,38.7,0.99,,,,,,0.2667,0.0667,0.6,,,D,△,,0.2705,0.582,,0.2539,B,53,0,◎○△フォーメーション（15〜20点）,0.5777,"{'is_target': True, 'verdict': '点数絞り', 'max_combo_prob': 0.0802, 'est_top_odds': 16.6, 'circle_concentration': 79.7, 'eligible_count': 9, 'bet_adj': 0, 'reason': 'rel_win1=48.2%（本命度） / 最有力組み合わせ確率: 0.080（推定実オッズ?17倍） / 2着集中度: 上位2艇 79.7%（補正+0.04） / 総合判定確率: 0.120 / → ヒモはやや固め。上位2艇以外を切ること', 'tenji_trigger': '展示確認: 1号艇伸び良→そのまま採用。悪→飛び組に差し替え。circle_pct上位2艇に絞り込むこと。'}",,,29.6,両建て推奨,18.1,32.6,3,,,,,,,,,,,
2026-03-23,丸亀,4,1,川田正人,B1,29.03,1,◎,49.3439,,0,70.8,0.1777,3.4154,,,0,低,152,0,逃1%,441 23,0,44.3,0.7806,0.3871,,,,,0.1373,0.3263,0.0387,△,,E,△,,,0.614,,0.3113,A,60,0,◎-○軸 3着3〜4艇流し（10〜15点）,0.5777,"{'is_target': True, 'verdict': '点数絞り', 'max_combo_prob': 0.0845, 'est_top_odds': 15.8, 'circle_concentration': 84.4, 'eligible_count': 8, 'bet_adj': 0, 'reason': 'rel_win1=49.3%（本命度） / 最有力組み合わせ確率: 0.084（推定実オッズ?16倍） / 2着集中度: 上位2艇 84.4%（補正+0.04） / 総合判定確率: 0.124 / → ヒモはやや固め。上位2艇以外を切ること', 'tenji_trigger': '展示確認: 1号艇伸び良→そのまま採用。悪→飛び組に差し替え。circle_pct上位2艇に絞り込むこと。'}",,,28.8,両建て推奨,13.23,34.6,2,2-1-3|2-1-5|1-2-5|1-2-3|1-3-2|1-3-5|1-5-2,5-1-6|5-6-1|6-1-3|6-1-5|2-1-3|5-1-3|2-1-5|1-2-5|1-2-3|1-3-2|1-3-5|1-5-2,2-1-3:2.13%|2-1-5:1.78%|1-2-5:8.19%|1-2-3:7.05%|1-3-2:6.31%|1-3-5:5.59%|1-5-2:3.25%,2-1-3:B_main|2-1-5:B_main|1-2-5:A|1-2-3:A|1-3-2:A|1-3-5:A|1-5-2:A,7,12,0.4535,1,[!]見送り推奨（主役決まり手「差し」― 逃げ劣勢レースで的中実績なし）,荒れ広め,D
2026-03-23,丸亀,4,2,荒井翔伍,A2,41.88,2,○,19.7777,49.4,100,72.5,0.1524,3.4706,,,0,低,81,0,-,S3234,0,60.2,1.2152,0,0.125,0,0,0,0.0148,0.1046,0.3287,,◎,C,◎,,0.599,0.6315,,0.3113,A,60,0,◎-○軸 3着3〜4艇流し（10〜15点）,0.5777,"{'is_target': True, 'verdict': '点数絞り', 'max_combo_prob': 0.0845, 'est_top_odds': 15.8, 'circle_concentration': 84.4, 'eligible_count': 8, 'bet_adj': 0, 'reason': 'rel_win1=49.3%（本命度） / 最有力組み合わせ確率: 0.084（推定実オッズ?16倍） / 2着集中度: 上位2艇 84.4%（補正+0.04） / 総合判定確率: 0.124 / → ヒモはやや固め。上位2艇以外を切ること', 'tenji_trigger': '展示確認: 1号艇伸び良→そのまま採用。悪→飛び組に差し替え。circle_pct上位2艇に絞り込むこと。'}",,,28.8,両建て推奨,13.23,34.6,2,,,,,,,,,,,
2026-03-23,丸亀,4,3,柴田朋哉,A2,42.02,3,▲,10.9408,35,74,46.2,0.1657,3.0769,,,0,低,105,0,ま0% 抜0%,5 5432,0,35.3,0.934,0,0,0.037,0,0.037,0.0727,0.1584,0.1221,,○,B,,,0.3774,0.5935,,0.3113,A,60,0,◎-○軸 3着3〜4艇流し（10〜15点）,0.5777,"{'is_target': True, 'verdict': '点数絞り', 'max_combo_prob': 0.0845, 'est_top_odds': 15.8, 'circle_concentration': 84.4, 'eligible_count': 8, 'bet_adj': 0, 'reason': 'rel_win1=49.3%（本命度） / 最有力組み合わせ確率: 0.084（推定実オッズ?16倍） / 2着集中度: 上位2艇 84.4%（補正+0.04） / 総合判定確率: 0.124 / → ヒモはやや固め。上位2艇以外を切ること', 'tenji_trigger': '展示確認: 1号艇伸び良→そのまま採用。悪→飛び組に差し替え。circle_pct上位2艇に絞り込むこと。'}",,,28.8,両建て推奨,13.23,34.6,2,,,,,,,,,,,
2026-03-23,丸亀,4,4,齋藤智裕,B1,54.78,4,△,8.291,3.4,61,13.6,0.1798,3.7045,,,0,低,102,0,-,4 S56,0,23.4,0.6832,0,0,0.04,0,0,0.3576,0.4047,0,,,A,△,,0.3273,0.6105,,0.3113,A,60,0,◎-○軸 3着3〜4艇流し（10〜15点）,0.5777,"{'is_target': True, 'verdict': '点数絞り', 'max_combo_prob': 0.0845, 'est_top_odds': 15.8, 'circle_concentration': 84.4, 'eligible_count': 8, 'bet_adj': 0, 'reason': 'rel_win1=49.3%（本命度） / 最有力組み合わせ確率: 0.084（推定実オッズ?16倍） / 2着集中度: 上位2艇 84.4%（補正+0.04） / 総合判定確率: 0.124 / → ヒモはやや固め。上位2艇以外を切ること', 'tenji_trigger': '展示確認: 1号艇伸び良→そのまま採用。悪→飛び組に差し替え。circle_pct上位2艇に絞り込むこと。'}",,,28.8,両建て推奨,13.23,34.6,2,,,,,,,,,,,
2026-03-23,丸亀,4,5,原田篤志,A1,37.93,5,,9.186,10.5,87,58.5,0.1863,3.9756,,,0,低,122,0,抜0%,143 41,0,91.3,1.6767,0,0,0,0,0.1111,0.02,0.125,0.02,,,D,,,0.335,0.5685,,0.3113,A,60,0,◎-○軸 3着3〜4艇流し（10〜15点）,0.5777,"{'is_target': True, 'verdict': '点数絞り', 'max_combo_prob': 0.0845, 'est_top_odds': 15.8, 'circle_concentration': 84.4, 'eligible_count': 8, 'bet_adj': 0, 'reason': 'rel_win1=49.3%（本命度） / 最有力組み合わせ確率: 0.084（推定実オッズ?16倍） / 2着集中度: 上位2艇 84.4%（補正+0.04） / 総合判定確率: 0.124 / → ヒモはやや固め。上位2艇以外を切ること', 'tenji_trigger': '展示確認: 1号艇伸び良→そのまま採用。悪→飛び組に差し替え。circle_pct上位2艇に絞り込むこと。'}",,,28.8,両建て推奨,13.23,34.6,2,,,,,,,,,,,
2026-03-23,丸亀,4,6,牟田奨太,B1,38.46,6,,2.4606,1.7,29,17.6,0.1631,3.402,,,0,低,75,0,-,221 15,0,32.4,0.8089,0,0,0,0.0345,0,0.1727,0.1379,0.087,,,C,○,,0.3744,0.6255,,0.3113,A,60,0,◎-○軸 3着3〜4艇流し（10〜15点）,0.5777,"{'is_target': True, 'verdict': '点数絞り', 'max_combo_prob': 0.0845, 'est_top_odds': 15.8, 'circle_concentration': 84.4, 'eligible_count': 8, 'bet_adj': 0, 'reason': 'rel_win1=49.3%（本命度） / 最有力組み合わせ確率: 0.084（推定実オッズ?16倍） / 2着集中度: 上位2艇 84.4%（補正+0.04） / 総合判定確率: 0.124 / → ヒモはやや固め。上位2艇以外を切ること', 'tenji_trigger': '展示確認: 1号艇伸び良→そのまま採用。悪→飛び組に差し替え。circle_pct上位2艇に絞り込むこと。'}",,,28.8,両建て推奨,13.23,34.6,2,,,,,,,,,,,
2026-03-23,丸亀,5,1,上條嘉嗣,A1,54.78,1,◎,60.1876,,0,94.7,0.1592,3.4789,,,0,低,185,0,逃1%,21352,0,63,1.025,0.7442,,,,,0.0093,0.1705,0.1132,◎,,A,,,,0.573,,0.4722,S,95,0,◎1着固定 2-3着流し（5〜8点）,0.5777,"{'is_target': True, 'verdict': '点数絞り', 'max_combo_prob': 0.0847, 'est_top_odds': 15.7, 'circle_concentration': 74.9, 'eligible_count': 6, 'bet_adj': 0, 'reason': 'rel_win1=60.2%（本命度） / 最有力組み合わせ確率: 0.085（推定実オッズ?16倍） / 2着集中度: 上位2艇 74.9%（補正+0.04） / 総合判定確率: 0.125 / → ヒモはやや固め。上位2艇以外を切ること', 'tenji_trigger': '展示確認: 1号艇伸び良→そのまま採用。悪→飛び組に差し替え。circle_pct上位2艇に絞り込むこと。'}",,,27.5,逃げ狙い,15.4,28.8,2,,,,,0,0,0.7559,0,,逃げ軸流し,A
2026-03-23,丸亀,5,2,冨成謙児,B1,43.48,2,▲,8.3824,46.5,99,59.7,0.1504,3.3961,,,0,低,112,0,-,461 53,0,26.3,0.7957,,,,,,0.3043,0.1739,0.1739,,○,C,◎,,0.4169,0.6875,,0.4722,S,95,0,◎1着固定 2-3着流し（5〜8点）,0.5777,"{'is_target': True, 'verdict': '点数絞り', 'max_combo_prob': 0.0847, 'est_top_odds': 15.7, 'circle_concentration': 74.9, 'eligible_count': 6, 'bet_adj': 0, 'reason': 'rel_win1=60.2%（本命度） / 最有力組み合わせ確率: 0.085（推定実オッズ?16倍） / 2着集中度: 上位2艇 74.9%（補正+0.04） / 総合判定確率: 0.125 / → ヒモはやや固め。上位2艇以外を切ること', 'tenji_trigger': '展示確認: 1号艇伸び良→そのまま採用。悪→飛び組に差し替え。circle_pct上位2艇に絞り込むこと。'}",,,27.5,逃げ狙い,15.4,28.8,2,,,,,,,,,,,
2026-03-23,丸亀,5,3,加倉侑征,A2,49.57,3,○,12.1311,28.5,80,56.1,0.1314,2.5606,,,0,低,56,0,抜0%,124 51,0,100,2.3113,0,0.0312,0.0312,0.0938,0.0312,0.2933,0.1333,0.16,,◎,B,△,,0.4505,0.6175,,0.4722,S,95,0,◎1着固定 2-3着流し（5〜8点）,0.5777,"{'is_target': True, 'verdict': '点数絞り', 'max_combo_prob': 0.0847, 'est_top_odds': 15.7, 'circle_concentration': 74.9, 'eligible_count': 6, 'bet_adj': 0, 'reason': 'rel_win1=60.2%（本命度） / 最有力組み合わせ確率: 0.085（推定実オッズ?16倍） / 2着集中度: 上位2艇 74.9%（補正+0.04） / 総合判定確率: 0.125 / → ヒモはやや固め。上位2艇以外を切ること', 'tenji_trigger': '展示確認: 1号艇伸び良→そのまま採用。悪→飛び組に差し替え。circle_pct上位2艇に絞り込むこと。'}",,,27.5,逃げ狙い,15.4,28.8,2,,,,,,,,,,,
2026-03-23,丸亀,5,4,庄司孝輔,B1,40.50,4,△,9.3357,11.1,100,35.7,0.1918,3.5893,,,0,低,133,0,ま0% 差ま0% 抜0%,2 431,0,33.2,0.903,0,0,0.0417,0.0417,0.0417,0.016,0.2,0.08,,,C,,,0.1864,0.577,,0.4722,S,95,0,◎1着固定 2-3着流し（5〜8点）,0.5777,"{'is_target': True, 'verdict': '点数絞り', 'max_combo_prob': 0.0847, 'est_top_odds': 15.7, 'circle_concentration': 74.9, 'eligible_count': 6, 'bet_adj': 0, 'reason': 'rel_win1=60.2%（本命度） / 最有力組み合わせ確率: 0.085（推定実オッズ?16倍） / 2着集中度: 上位2艇 74.9%（補正+0.04） / 総合判定確率: 0.125 / → ヒモはやや固め。上位2艇以外を切ること', 'tenji_trigger': '展示確認: 1号艇伸び良→そのまま採用。悪→飛び組に差し替え。circle_pct上位2艇に絞り込むこと。'}",,,27.5,逃げ狙い,15.4,28.8,2,,,,,,,,,,,
2026-03-23,丸亀,5,5,木場悠介,B1,29.09,5,,7.1198,6.8,64,34.8,0.1633,3.5606,,,0,低,101,0,-,4 561,0,34.6,0.87,0,0,0,0.0333,0,0.032,0.132,0.244,,,E,○,◎,0.2939,0.652,0.2464,0.4722,S,95,0,◎1着固定 2-3着流し（5〜8点）,0.5777,"{'is_target': True, 'verdict': '点数絞り', 'max_combo_prob': 0.0847, 'est_top_odds': 15.7, 'circle_concentration': 74.9, 'eligible_count': 6, 'bet_adj': 0, 'reason': 'rel_win1=60.2%（本命度） / 最有力組み合わせ確率: 0.085（推定実オッズ?16倍） / 2着集中度: 上位2艇 74.9%（補正+0.04） / 総合判定確率: 0.125 / → ヒモはやや固め。上位2艇以外を切ること', 'tenji_trigger': '展示確認: 1号艇伸び良→そのまま採用。悪→飛び組に差し替え。circle_pct上位2艇に絞り込むこと。'}",,,27.5,逃げ狙い,15.4,28.8,2,,,,,,,,,,,
2026-03-23,丸亀,5,6,桑原　悠,A1,25.71,6,,2.8434,7.2,86,65.4,0.1408,2.9423,,,0,低,26,0,-,43164,0,29.4,0.9022,,,,,,0.0444,0.0972,0.0667,,,E,△,,0.3981,0.6315,,0.4722,S,95,0,◎1着固定 2-3着流し（5〜8点）,0.5777,"{'is_target': True, 'verdict': '点数絞り', 'max_combo_prob': 0.0847, 'est_top_odds': 15.7, 'circle_concentration': 74.9, 'eligible_count': 6, 'bet_adj': 0, 'reason': 'rel_win1=60.2%（本命度） / 最有力組み合わせ確率: 0.085（推定実オッズ?16倍） / 2着集中度: 上位2艇 74.9%（補正+0.04） / 総合判定確率: 0.125 / → ヒモはやや固め。上位2艇以外を切ること', 'tenji_trigger': '展示確認: 1号艇伸び良→そのまま採用。悪→飛び組に差し替え。circle_pct上位2艇に絞り込むこと。'}",,,27.5,逃げ狙い,15.4,28.8,2,,,,,,,,,,,
2026-03-23,丸亀,6,1,川島圭司,A2,45.22,1,◎,64.562,,0,93.2,0.1103,1.9247,,,0,低,79,0,逃1%,633 35,0,91.2,1.2115,0.6765,,,,,0.0353,0.1553,0.1553,◎,,A,◎,,,0.665,,0.7423,S,91,0,◎1着固定 2-3着流し（5〜8点）,0.5777,"{'is_target': True, 'verdict': '参加推奨', 'max_combo_prob': 0.1111, 'est_top_odds': 12.0, 'circle_concentration': 68.3, 'eligible_count': 6, 'bet_adj': 2, 'reason': 'rel_win1=64.6%（本命度） / 最有力組み合わせ確率: 0.111（推定実オッズ?12倍） / 2着集中度: 上位2艇 68.3%（補正+0.00） / 総合判定確率: 0.111 / → ヒモ分散。1号艇1着固定で広めのヒモ流し推奨（買い目+2点）', 'tenji_trigger': '展示確認: ヒモ分散レース。1号艇伸び確認後、広めのヒモ流しを採用。穴ヒモ（5・6号艇）を積極的に含める。\n展示で1号艇スタート超安定(0.110秒)→ヒモ固まり方向に注意'}",,,28.1,逃げ狙い,19.23,27.2,4,,,,,0,0,0.7559,0,,逃げ軸流し,A
2026-03-23,丸亀,6,2,大谷健太,B2,39.66,2,▲,11.4996,46.1,46,47.8,0.1804,4.1413,,,0,低,101,0,ま1%,641 41,0,39.5,0.4709,0,0,0.2,0,0,0,0.0857,0.1286,,,B,,,0.0858,0.605,,0.7423,S,91,0,◎1着固定 2-3着流し（5〜8点）,0.5777,"{'is_target': True, 'verdict': '参加推奨', 'max_combo_prob': 0.1111, 'est_top_odds': 12.0, 'circle_concentration': 68.3, 'eligible_count': 6, 'bet_adj': 2, 'reason': 'rel_win1=64.6%（本命度） / 最有力組み合わせ確率: 0.111（推定実オッズ?12倍） / 2着集中度: 上位2艇 68.3%（補正+0.00） / 総合判定確率: 0.111 / → ヒモ分散。1号艇1着固定で広めのヒモ流し推奨（買い目+2点）', 'tenji_trigger': '展示確認: ヒモ分散レース。1号艇伸び確認後、広めのヒモ流しを採用。穴ヒモ（5・6号艇）を積極的に含める。\n展示で1号艇スタート超安定(0.110秒)→ヒモ固まり方向に注意'}",,,28.1,逃げ狙い,19.23,27.2,4,,,,,,,,,,,
2026-03-23,丸亀,6,3,吉田祐貴,B2,21.93,3,,7.1001,18.5,100,47.1,0.1753,4.0294,,,0,低,116,0,抜0%,6 466,0,36.1,0.8473,0,0,0,0,0.0714,0.3333,0.4444,0,,,E,,,0.1506,0.5695,,0.7423,S,91,0,◎1着固定 2-3着流し（5〜8点）,0.5777,"{'is_target': True, 'verdict': '参加推奨', 'max_combo_prob': 0.1111, 'est_top_odds': 12.0, 'circle_concentration': 68.3, 'eligible_count': 6, 'bet_adj': 2, 'reason': 'rel_win1=64.6%（本命度） / 最有力組み合わせ確率: 0.111（推定実オッズ?12倍） / 2着集中度: 上位2艇 68.3%（補正+0.00） / 総合判定確率: 0.111 / → ヒモ分散。1号艇1着固定で広めのヒモ流し推奨（買い目+2点）', 'tenji_trigger': '展示確認: ヒモ分散レース。1号艇伸び確認後、広めのヒモ流しを採用。穴ヒモ（5・6号艇）を積極的に含める。\n展示で1号艇スタート超安定(0.110秒)→ヒモ固まり方向に注意'}",,,28.1,逃げ狙い,19.23,27.2,4,,,,,,,,,,,
2026-03-23,丸亀,6,4,有賀達也,A1,28.70,4,△,11.3421,22.2,82,64.8,0.1341,2.5,,,0,低,73,0,ま0% 差ま0% 抜0%,32S212,0,74.9,1.3762,0,0,0.1053,0.0526,0.0526,0.0345,0.1379,0.0345,,,D,○,◎,0.2341,0.657,0.3404,0.7423,S,91,0,◎1着固定 2-3着流し（5〜8点）,0.5777,"{'is_target': True, 'verdict': '参加推奨', 'max_combo_prob': 0.1111, 'est_top_odds': 12.0, 'circle_concentration': 68.3, 'eligible_count': 6, 'bet_adj': 2, 'reason': 'rel_win1=64.6%（本命度） / 最有力組み合わせ確率: 0.111（推定実オッズ?12倍） / 2着集中度: 上位2艇 68.3%（補正+0.00） / 総合判定確率: 0.111 / → ヒモ分散。1号艇1着固定で広めのヒモ流し推奨（買い目+2点）', 'tenji_trigger': '展示確認: ヒモ分散レース。1号艇伸び確認後、広めのヒモ流しを採用。穴ヒモ（5・6号艇）を積極的に含める。\n展示で1号艇スタート超安定(0.110秒)→ヒモ固まり方向に注意'}",,,28.1,逃げ狙い,19.23,27.2,4,,,,,,,,,,,
2026-03-23,丸亀,6,5,桑原　啓,B1,27.19,5,,4.4147,10.1,51,21.9,0.1581,3.8203,,,0,低,104,0,抜0%,522 66,0,23.2,0.7381,0,0,0,0,0.04,0.3,0.22,0.18,,,D,△,,0.182,0.6545,,0.7423,S,91,0,◎1着固定 2-3着流し（5〜8点）,0.5777,"{'is_target': True, 'verdict': '参加推奨', 'max_combo_prob': 0.1111, 'est_top_odds': 12.0, 'circle_concentration': 68.3, 'eligible_count': 6, 'bet_adj': 2, 'reason': 'rel_win1=64.6%（本命度） / 最有力組み合わせ確率: 0.111（推定実オッズ?12倍） / 2着集中度: 上位2艇 68.3%（補正+0.00） / 総合判定確率: 0.111 / → ヒモ分散。1号艇1着固定で広めのヒモ流し推奨（買い目+2点）', 'tenji_trigger': '展示確認: ヒモ分散レース。1号艇伸び確認後、広めのヒモ流しを採用。穴ヒモ（5・6号艇）を積極的に含める。\n展示で1号艇スタート超安定(0.110秒)→ヒモ固まり方向に注意'}",,,28.1,逃げ狙い,19.23,27.2,4,,,,,,,,,,,
2026-03-23,丸亀,6,6,相原利章,A2,37.61,6,○,1.0815,3.1,35,23.3,0.1308,2.75,,,0,低,43,0,-,323 13,0,23.2,0.4539,,,,,,0.0933,0.2033,0.2633,,,C,△,,0.2681,0.643,,0.7423,S,91,0,◎1着固定 2-3着流し（5〜8点）,0.5777,"{'is_target': True, 'verdict': '参加推奨', 'max_combo_prob': 0.1111, 'est_top_odds': 12.0, 'circle_concentration': 68.3, 'eligible_count': 6, 'bet_adj': 2, 'reason': 'rel_win1=64.6%（本命度） / 最有力組み合わせ確率: 0.111（推定実オッズ?12倍） / 2着集中度: 上位2艇 68.3%（補正+0.00） / 総合判定確率: 0.111 / → ヒモ分散。1号艇1着固定で広めのヒモ流し推奨（買い目+2点）', 'tenji_trigger': '展示確認: ヒモ分散レース。1号艇伸び確認後、広めのヒモ流しを採用。穴ヒモ（5・6号艇）を積極的に含める。\n展示で1号艇スタート超安定(0.110秒)→ヒモ固まり方向に注意'}",,,28.1,逃げ狙い,19.23,27.2,4,,,,,,,,,,,
2026-03-23,丸亀,7,1,村上　遼,A1,26.09,1,◎,56.0147,,0,89.3,0.1279,2.4464,,,0,低,49,0,逃1%,2 2351,0,62.2,0.9641,0.5185,,,,,0.0593,0.3141,0.0296,◎,,D,△,,,0.6535,,0.6583,S,97,0,◎1着固定 2-3着流し（5〜8点）,0.5777,"{'is_target': True, 'verdict': '点数絞り', 'max_combo_prob': 0.1095, 'est_top_odds': 12.2, 'circle_concentration': 72.1, 'eligible_count': 6, 'bet_adj': 0, 'reason': 'rel_win1=56.0%（本命度） / 最有力組み合わせ確率: 0.110（推定実オッズ?12倍） / 2着集中度: 上位2艇 72.1%（補正+0.04） / 総合判定確率: 0.150 / → ヒモはやや固め。上位2艇以外を切ること', 'tenji_trigger': '展示確認: 1号艇伸び良→そのまま採用。悪→飛び組に差し替え。circle_pct上位2艇に絞り込むこと。\n展示で1号艇スタート超安定(0.128秒)→ヒモ固まり方向に注意'}",,,27.8,逃げ狙い,15.12,30,2,,,,,0,0,0.7559,0,,逃げ軸流し,A
2026-03-23,丸亀,7,2,松田竜馬,B1,35.04,2,○,15.624,56.3,89,66.1,0.1357,3.0154,,,0,低,79,0,-,546 25,0,61.7,1.2966,0,0.0741,0.037,0,0,0.0143,0.1286,0.2429,,,C,○,,0.2454,0.663,,0.6583,S,97,0,◎1着固定 2-3着流し（5〜8点）,0.5777,"{'is_target': True, 'verdict': '点数絞り', 'max_combo_prob': 0.1095, 'est_top_odds': 12.2, 'circle_concentration': 72.1, 'eligible_count': 6, 'bet_adj': 0, 'reason': 'rel_win1=56.0%（本命度） / 最有力組み合わせ確率: 0.110（推定実オッズ?12倍） / 2着集中度: 上位2艇 72.1%（補正+0.04） / 総合判定確率: 0.150 / → ヒモはやや固め。上位2艇以外を切ること', 'tenji_trigger': '展示確認: 1号艇伸び良→そのまま採用。悪→飛び組に差し替え。circle_pct上位2艇に絞り込むこと。\n展示で1号艇スタート超安定(0.128秒)→ヒモ固まり方向に注意'}",,,27.8,逃げ狙い,15.12,30,2,,,,,,,,,,,
2026-03-23,丸亀,7,3,永田義紘,B1,29.66,3,,8.0857,13.4,97,40.3,0.169,2.9722,,,0,低,104,0,ま0% 差ま0%,2 325,0,28.6,0.7981,0,0,0.0294,0.0294,0,0.262,0.198,0.032,,,D,◎,,0.1396,0.672,,0.6583,S,97,0,◎1着固定 2-3着流し（5〜8点）,0.5777,"{'is_target': True, 'verdict': '点数絞り', 'max_combo_prob': 0.1095, 'est_top_odds': 12.2, 'circle_concentration': 72.1, 'eligible_count': 6, 'bet_adj': 0, 'reason': 'rel_win1=56.0%（本命度） / 最有力組み合わせ確率: 0.110（推定実オッズ?12倍） / 2着集中度: 上位2艇 72.1%（補正+0.04） / 総合判定確率: 0.150 / → ヒモはやや固め。上位2艇以外を切ること', 'tenji_trigger': '展示確認: 1号艇伸び良→そのまま採用。悪→飛び組に差し替え。circle_pct上位2艇に絞り込むこと。\n展示で1号艇スタート超安定(0.128秒)→ヒモ固まり方向に注意'}",,,27.8,逃げ狙い,15.12,30,2,,,,,,,,,,,
2026-03-23,丸亀,7,4,浜本裕己,A2,18.97,4,,9.028,14.1,100,47,0.1586,3.2652,,,0,低,123,0,-,614 64,0,100,1.9826,0,0,0.0323,0.0968,0.0645,0.1219,0.0906,0.1829,,,E,△,◎,0.2272,0.6345,0.3803,0.6583,S,97,0,◎1着固定 2-3着流し（5〜8点）,0.5777,"{'is_target': True, 'verdict': '点数絞り', 'max_combo_prob': 0.1095, 'est_top_odds': 12.2, 'circle_concentration': 72.1, 'eligible_count': 6, 'bet_adj': 0, 'reason': 'rel_win1=56.0%（本命度） / 最有力組み合わせ確率: 0.110（推定実オッズ?12倍） / 2着集中度: 上位2艇 72.1%（補正+0.04） / 総合判定確率: 0.150 / → ヒモはやや固め。上位2艇以外を切ること', 'tenji_trigger': '展示確認: 1号艇伸び良→そのまま採用。悪→飛び組に差し替え。circle_pct上位2艇に絞り込むこと。\n展示で1号艇スタート超安定(0.128秒)→ヒモ固まり方向に注意'}",,,27.8,逃げ狙い,15.12,30,2,,,,,,,,,,,
2026-03-23,丸亀,7,5,西丸侑太,A1,42.98,5,▲,8.846,15.8,78,44.7,0.1598,3.5745,,,0,低,100,0,-,35112,0,60.7,1.254,0,0,0,0.0909,0,0,0.1314,0.0429,,,B,,○,0.2401,0.6105,0.3668,0.6583,S,97,0,◎1着固定 2-3着流し（5〜8点）,0.5777,"{'is_target': True, 'verdict': '点数絞り', 'max_combo_prob': 0.1095, 'est_top_odds': 12.2, 'circle_concentration': 72.1, 'eligible_count': 6, 'bet_adj': 0, 'reason': 'rel_win1=56.0%（本命度） / 最有力組み合わせ確率: 0.110（推定実オッズ?12倍） / 2着集中度: 上位2艇 72.1%（補正+0.04） / 総合判定確率: 0.150 / → ヒモはやや固め。上位2艇以外を切ること', 'tenji_trigger': '展示確認: 1号艇伸び良→そのまま採用。悪→飛び組に差し替え。circle_pct上位2艇に絞り込むこと。\n展示で1号艇スタート超安定(0.128秒)→ヒモ固まり方向に注意'}",,,27.8,逃げ狙い,15.12,30,2,,,,,,,,,,,
2026-03-23,丸亀,7,6,日高龍之,B2,45.69,6,△,2.4015,0.4,13,3.3,0.2102,4.5656,,,0,低,49,0,-,663 66,0,27.8,0.6506,0,0,0,0.0164,0,,,,,,A,,,0.1485,0.529,,0.6583,S,97,0,◎1着固定 2-3着流し（5〜8点）,0.5777,"{'is_target': True, 'verdict': '点数絞り', 'max_combo_prob': 0.1095, 'est_top_odds': 12.2, 'circle_concentration': 72.1, 'eligible_count': 6, 'bet_adj': 0, 'reason': 'rel_win1=56.0%（本命度） / 最有力組み合わせ確率: 0.110（推定実オッズ?12倍） / 2着集中度: 上位2艇 72.1%（補正+0.04） / 総合判定確率: 0.150 / → ヒモはやや固め。上位2艇以外を切ること', 'tenji_trigger': '展示確認: 1号艇伸び良→そのまま採用。悪→飛び組に差し替え。circle_pct上位2艇に絞り込むこと。\n展示で1号艇スタート超安定(0.128秒)→ヒモ固まり方向に注意'}",,,27.8,逃げ狙い,15.12,30,2,,,,,,,,,,,
2026-03-23,丸亀,8,1,牟田奨太,B1,38.46,1,◎,63.1611,,0,76.7,0.1635,3.1977,,,0,低,75,0,逃0%,221 15,0,83.3,1.0359,0.3913,,,,,0.1727,0.1379,0.087,○,,C,△,,,0.6255,,0.3662,A,68,0,◎-○軸 3着3〜4艇流し（10〜15点）,0.5777,"{'is_target': True, 'verdict': '点数絞り', 'max_combo_prob': 0.1436, 'est_top_odds': 9.3, 'circle_concentration': 73.1, 'eligible_count': 8, 'bet_adj': 0, 'reason': 'rel_win1=63.2%（本命度） / 最有力組み合わせ確率: 0.144（推定実オッズ?9倍） / 2着集中度: 上位2艇 73.1%（補正+0.04） / 総合判定確率: 0.184 / → ヒモはやや固め。上位2艇以外を切ること', 'tenji_trigger': '展示確認: 1号艇伸び良→そのまま採用。悪→飛び組に差し替え。circle_pct上位2艇に絞り込むこと。'}",,,30.1,逃げ狙い,20.32,32.1,2,,,,,0,0,0.6155,0,,逃げ軸流し,A
2026-03-23,丸亀,8,2,君島秀三,A1,39.50,2,○,16.4618,53.2,47,74.6,0.1384,3.2273,,,0,低,60,0,差0% ま0%,262134,0,70.6,1.2288,0,0.1818,0.0303,0,0,0.0767,0.0333,0.1617,,◎,B,◎,,0.6156,0.6695,,0.3662,A,68,0,◎-○軸 3着3〜4艇流し（10〜15点）,0.5777,"{'is_target': True, 'verdict': '点数絞り', 'max_combo_prob': 0.1436, 'est_top_odds': 9.3, 'circle_concentration': 73.1, 'eligible_count': 8, 'bet_adj': 0, 'reason': 'rel_win1=63.2%（本命度） / 最有力組み合わせ確率: 0.144（推定実オッズ?9倍） / 2着集中度: 上位2艇 73.1%（補正+0.04） / 総合判定確率: 0.184 / → ヒモはやや固め。上位2艇以外を切ること', 'tenji_trigger': '展示確認: 1号艇伸び良→そのまま採用。悪→飛び組に差し替え。circle_pct上位2艇に絞り込むこと。'}",,,30.1,逃げ狙い,20.32,32.1,2,,,,,,,,,,,
2026-03-23,丸亀,8,3,中井俊祐,B1,32.20,3,,7.1442,17.6,54,50.8,0.1795,3.7881,,,0,低,130,0,-,1 641,0,22.3,0.7665,,,,,,0.1333,0.3167,0.2,,,D,,,0.2507,0.6095,,0.3662,A,68,0,◎-○軸 3着3〜4艇流し（10〜15点）,0.5777,"{'is_target': True, 'verdict': '点数絞り', 'max_combo_prob': 0.1436, 'est_top_odds': 9.3, 'circle_concentration': 73.1, 'eligible_count': 8, 'bet_adj': 0, 'reason': 'rel_win1=63.2%（本命度） / 最有力組み合わせ確率: 0.144（推定実オッズ?9倍） / 2着集中度: 上位2艇 73.1%（補正+0.04） / 総合判定確率: 0.184 / → ヒモはやや固め。上位2艇以外を切ること', 'tenji_trigger': '展示確認: 1号艇伸び良→そのまま採用。悪→飛び組に差し替え。circle_pct上位2艇に絞り込むこと。'}",,,30.1,逃げ狙い,20.32,32.1,2,,,,,,,,,,,
2026-03-23,丸亀,8,4,船岡洋一,A1,19.27,4,,9.1898,19.9,100,67.3,0.1439,3.0612,,,0,低,67,0,差ま0%,512 53,0,49.4,0.9481,0,0,0.05,0.15,0,0.0811,0.027,0.1081,,○,E,△,◎,0.4069,0.6315,0.4869,0.3662,A,68,0,◎-○軸 3着3〜4艇流し（10〜15点）,0.5777,"{'is_target': True, 'verdict': '点数絞り', 'max_combo_prob': 0.1436, 'est_top_odds': 9.3, 'circle_concentration': 73.1, 'eligible_count': 8, 'bet_adj': 0, 'reason': 'rel_win1=63.2%（本命度） / 最有力組み合わせ確率: 0.144（推定実オッズ?9倍） / 2着集中度: 上位2艇 73.1%（補正+0.04） / 総合判定確率: 0.184 / → ヒモはやや固め。上位2艇以外を切ること', 'tenji_trigger': '展示確認: 1号艇伸び良→そのまま採用。悪→飛び組に差し替え。circle_pct上位2艇に絞り込むこと。'}",,,30.1,逃げ狙い,20.32,32.1,2,,,,,,,,,,,
2026-03-23,丸亀,8,5,荒井翔伍,A2,41.88,5,▲,2.87,8,48,37,0.1602,3.4907,,,0,低,81,0,-,S3234,0,55.3,1.0024,,,,,,0.0148,0.1046,0.3287,,,B,△,,0.3412,0.6315,,0.3662,A,68,0,◎-○軸 3着3〜4艇流し（10〜15点）,0.5777,"{'is_target': True, 'verdict': '点数絞り', 'max_combo_prob': 0.1436, 'est_top_odds': 9.3, 'circle_concentration': 73.1, 'eligible_count': 8, 'bet_adj': 0, 'reason': 'rel_win1=63.2%（本命度） / 最有力組み合わせ確率: 0.144（推定実オッズ?9倍） / 2着集中度: 上位2艇 73.1%（補正+0.04） / 総合判定確率: 0.184 / → ヒモはやや固め。上位2艇以外を切ること', 'tenji_trigger': '展示確認: 1号艇伸び良→そのまま採用。悪→飛び組に差し替え。circle_pct上位2艇に絞り込むこと。'}",,,30.1,逃げ狙い,20.32,32.1,2,,,,,,,,,,,
2026-03-23,丸亀,8,6,川北浩貴,B1,41.18,6,△,1.1731,1.3,32,22.9,0.2039,4.3443,,,0,低,146,0,-,461 26,0,27.5,0.7553,,,,,,0.1399,0.2257,0.0541,,,B,○,,0.2021,0.6565,,0.3662,A,68,0,◎-○軸 3着3〜4艇流し（10〜15点）,0.5777,"{'is_target': True, 'verdict': '点数絞り', 'max_combo_prob': 0.1436, 'est_top_odds': 9.3, 'circle_concentration': 73.1, 'eligible_count': 8, 'bet_adj': 0, 'reason': 'rel_win1=63.2%（本命度） / 最有力組み合わせ確率: 0.144（推定実オッズ?9倍） / 2着集中度: 上位2艇 73.1%（補正+0.04） / 総合判定確率: 0.184 / → ヒモはやや固め。上位2艇以外を切ること', 'tenji_trigger': '展示確認: 1号艇伸び良→そのまま採用。悪→飛び組に差し替え。circle_pct上位2艇に絞り込むこと。'}",,,30.1,逃げ狙い,20.32,32.1,2,,,,,,,,,,,
2026-03-23,丸亀,9,1,原田篤志,A1,37.93,1,◎,54.9273,,0,91.2,0.1485,2.6758,,,0,低,122,0,逃1%,143 41,0,63,0.9771,0.725,,,,,0.02,0.125,0.02,◎,,C,△,,,0.5685,,0.5901,A,72,0,◎-○軸 3着3〜4艇流し（10〜15点）,0.5777,"{'is_target': True, 'verdict': '点数絞り', 'max_combo_prob': 0.0927, 'est_top_odds': 14.4, 'circle_concentration': 72.5, 'eligible_count': 8, 'bet_adj': 0, 'reason': 'rel_win1=54.9%（本命度） / 最有力組み合わせ確率: 0.093（推定実オッズ?14倍） / 2着集中度: 上位2艇 72.5%（補正+0.04） / 総合判定確率: 0.133 / → ヒモはやや固め。上位2艇以外を切ること', 'tenji_trigger': '展示確認: 1号艇伸び良→そのまま採用。悪→飛び組に差し替え。circle_pct上位2艇に絞り込むこと。'}",,,31,逃げ狙い,30.72,25.8,3,,,,,0,0,0.7559,0,,逃げ軸流し,A
2026-03-23,丸亀,9,2,上條嘉嗣,A1,54.78,2,○,15.9158,46.1,34,73.9,0.1832,3.8769,,,0,低,185,0,-,21352,0,32.5,0.9522,0,0.2258,0,0,0,0.0093,0.1705,0.1132,,,A,△,,0.1034,0.573,,0.5901,A,72,0,◎-○軸 3着3〜4艇流し（10〜15点）,0.5777,"{'is_target': True, 'verdict': '点数絞り', 'max_combo_prob': 0.0927, 'est_top_odds': 14.4, 'circle_concentration': 72.5, 'eligible_count': 8, 'bet_adj': 0, 'reason': 'rel_win1=54.9%（本命度） / 最有力組み合わせ確率: 0.093（推定実オッズ?14倍） / 2着集中度: 上位2艇 72.5%（補正+0.04） / 総合判定確率: 0.133 / → ヒモはやや固め。上位2艇以外を切ること', 'tenji_trigger': '展示確認: 1号艇伸び良→そのまま採用。悪→飛び組に差し替え。circle_pct上位2艇に絞り込むこと。'}",,,31,逃げ狙い,30.72,25.8,3,,,,,,,,,,,
2026-03-23,丸亀,9,3,桑原　悠,A1,25.71,3,△,19.5002,26.5,79,78.6,0.1364,2.3929,,,0,低,26,0,ま0% 差ま0%,43164,0,77.8,1.695,0,0,0.1818,0.0909,0,0.0444,0.0972,0.0667,,◎,E,◎,,0.3774,0.6315,,0.5901,A,72,0,◎-○軸 3着3〜4艇流し（10〜15点）,0.5777,"{'is_target': True, 'verdict': '点数絞り', 'max_combo_prob': 0.0927, 'est_top_odds': 14.4, 'circle_concentration': 72.5, 'eligible_count': 8, 'bet_adj': 0, 'reason': 'rel_win1=54.9%（本命度） / 最有力組み合わせ確率: 0.093（推定実オッズ?14倍） / 2着集中度: 上位2艇 72.5%（補正+0.04） / 総合判定確率: 0.133 / → ヒモはやや固め。上位2艇以外を切ること', 'tenji_trigger': '展示確認: 1号艇伸び良→そのまま採用。悪→飛び組に差し替え。circle_pct上位2艇に絞り込むこと。'}",,,31,逃げ狙い,30.72,25.8,3,,,,,,,,,,,
2026-03-23,丸亀,9,4,谷口知優,B1,32.14,4,,5.4846,18.4,59,38.8,0.1724,3.7347,,,0,低,83,0,差0%,1 266,0,96,1.8296,0,0.1053,0,0,0,0,0.3481,0.1039,,,D,○,◎,0.1988,0.6165,0.3177,0.5901,A,72,0,◎-○軸 3着3〜4艇流し（10〜15点）,0.5777,"{'is_target': True, 'verdict': '点数絞り', 'max_combo_prob': 0.0927, 'est_top_odds': 14.4, 'circle_concentration': 72.5, 'eligible_count': 8, 'bet_adj': 0, 'reason': 'rel_win1=54.9%（本命度） / 最有力組み合わせ確率: 0.093（推定実オッズ?14倍） / 2着集中度: 上位2艇 72.5%（補正+0.04） / 総合判定確率: 0.133 / → ヒモはやや固め。上位2艇以外を切ること', 'tenji_trigger': '展示確認: 1号艇伸び良→そのまま採用。悪→飛び組に差し替え。circle_pct上位2艇に絞り込むこと。'}",,,31,逃げ狙い,30.72,25.8,3,,,,,,,,,,,
2026-03-23,丸亀,9,5,原田雄次,B1,36.75,5,,3.2971,5.3,100,28.8,0.2173,4.5,,,0,低,136,0,-,1 153,0,26.7,0.9219,,,,,,0,0.25,0.375,,,C,,,0.1371,0.5155,,0.5901,A,72,0,◎-○軸 3着3〜4艇流し（10〜15点）,0.5777,"{'is_target': True, 'verdict': '点数絞り', 'max_combo_prob': 0.0927, 'est_top_odds': 14.4, 'circle_concentration': 72.5, 'eligible_count': 8, 'bet_adj': 0, 'reason': 'rel_win1=54.9%（本命度） / 最有力組み合わせ確率: 0.093（推定実オッズ?14倍） / 2着集中度: 上位2艇 72.5%（補正+0.04） / 総合判定確率: 0.133 / → ヒモはやや固め。上位2艇以外を切ること', 'tenji_trigger': '展示確認: 1号艇伸び良→そのまま採用。悪→飛び組に差し替え。circle_pct上位2艇に絞り込むこと。'}",,,31,逃げ狙い,30.72,25.8,3,,,,,,,,,,,
2026-03-23,丸亀,9,6,三木晴斗,B1,38.60,6,▲,0.875,3.8,35,24.1,0.15,3.1204,,,0,低,97,0,-,5 153,0,26.7,0.7394,,,,,,0.095,0.195,0.155,,,B,,,0.3052,0.5655,,0.5901,A,72,0,◎-○軸 3着3〜4艇流し（10〜15点）,0.5777,"{'is_target': True, 'verdict': '点数絞り', 'max_combo_prob': 0.0927, 'est_top_odds': 14.4, 'circle_concentration': 72.5, 'eligible_count': 8, 'bet_adj': 0, 'reason': 'rel_win1=54.9%（本命度） / 最有力組み合わせ確率: 0.093（推定実オッズ?14倍） / 2着集中度: 上位2艇 72.5%（補正+0.04） / 総合判定確率: 0.133 / → ヒモはやや固め。上位2艇以外を切ること', 'tenji_trigger': '展示確認: 1号艇伸び良→そのまま採用。悪→飛び組に差し替え。circle_pct上位2艇に絞り込むこと。'}",,,31,逃げ狙い,30.72,25.8,3,,,,,,,,,,,
2026-03-23,丸亀,10,1,相原利章,A2,37.61,1,◎,53.9537,,0,81.1,0.1153,2.3019,,,0,低,43,0,逃0%,323 13,0,67.7,1.0456,0.5,,,,,0.0933,0.2033,0.2633,◎,,C,△,,,0.643,,0.629,A,74,0,◎-○軸 3着3〜4艇流し（10〜15点）,0.5777,"{'is_target': True, 'verdict': '参加推奨', 'max_combo_prob': 0.0725, 'est_top_odds': 18.4, 'circle_concentration': 68.8, 'eligible_count': 8, 'bet_adj': 2, 'reason': 'rel_win1=54.0%（本命度） / 最有力組み合わせ確率: 0.073（推定実オッズ?18倍） / 2着集中度: 上位2艇 68.8%（補正+0.00） / 総合判定確率: 0.073 / → ヒモ分散。1号艇1着固定で広めのヒモ流し推奨（買い目+2点）', 'tenji_trigger': '展示確認: ヒモ分散レース。1号艇伸び確認後、広めのヒモ流しを採用。穴ヒモ（5・6号艇）を積極的に含める。\n展示で1号艇スタート超安定(0.115秒)→ヒモ固まり方向に注意'}",,,30.8,逃げ狙い,24.34,30.8,2,,,,,0,0,0.7559,0,,逃げ軸流し,A
2026-03-23,丸亀,10,2,村上　遼,A1,26.09,2,,18.9818,38.7,100,83.8,0.1459,2.7703,,,0,低,49,0,-,2 2351,0,55.9,1.2243,0,0.2857,0.1429,0,0.0952,0.0593,0.3141,0.0296,,,E,○,,0.1272,0.6535,,0.629,A,74,0,◎-○軸 3着3〜4艇流し（10〜15点）,0.5777,"{'is_target': True, 'verdict': '参加推奨', 'max_combo_prob': 0.0725, 'est_top_odds': 18.4, 'circle_concentration': 68.8, 'eligible_count': 8, 'bet_adj': 2, 'reason': 'rel_win1=54.0%（本命度） / 最有力組み合わせ確率: 0.073（推定実オッズ?18倍） / 2着集中度: 上位2艇 68.8%（補正+0.00） / 総合判定確率: 0.073 / → ヒモ分散。1号艇1着固定で広めのヒモ流し推奨（買い目+2点）', 'tenji_trigger': '展示確認: ヒモ分散レース。1号艇伸び確認後、広めのヒモ流しを採用。穴ヒモ（5・6号艇）を積極的に含める。\n展示で1号艇スタート超安定(0.115秒)→ヒモ固まり方向に注意'}",,,30.8,逃げ狙い,24.34,30.8,2,,,,,,,,,,,
2026-03-23,丸亀,10,3,森　悠稀,A2,30.17,3,△,9.7543,30.2,97,66.7,0.1297,2.5985,,,0,低,62,0,差ま0%,3 4221,0,42.4,0.9173,0,0,0.0333,0.0333,0,0.0552,0.0276,0.0552,,,D,◎,,0.2279,0.6755,,0.629,A,74,0,◎-○軸 3着3〜4艇流し（10〜15点）,0.5777,"{'is_target': True, 'verdict': '参加推奨', 'max_combo_prob': 0.0725, 'est_top_odds': 18.4, 'circle_concentration': 68.8, 'eligible_count': 8, 'bet_adj': 2, 'reason': 'rel_win1=54.0%（本命度） / 最有力組み合わせ確率: 0.073（推定実オッズ?18倍） / 2着集中度: 上位2艇 68.8%（補正+0.00） / 総合判定確率: 0.073 / → ヒモ分散。1号艇1着固定で広めのヒモ流し推奨（買い目+2点）', 'tenji_trigger': '展示確認: ヒモ分散レース。1号艇伸び確認後、広めのヒモ流しを採用。穴ヒモ（5・6号艇）を積極的に含める。\n展示で1号艇スタート超安定(0.115秒)→ヒモ固まり方向に注意'}",,,30.8,逃げ狙い,24.34,30.8,2,,,,,,,,,,,
2026-03-23,丸亀,10,4,加倉侑征,A2,49.57,4,○,10.1133,22.6,54,55.6,0.1267,2.5741,,,0,低,56,0,-,124 51,0,100,2.2738,0,0,0.0417,0.0833,0.0417,0.2933,0.1333,0.16,,,A,△,◎,0.2836,0.6175,0.4528,0.629,A,74,0,◎-○軸 3着3〜4艇流し（10〜15点）,0.5777,"{'is_target': True, 'verdict': '参加推奨', 'max_combo_prob': 0.0725, 'est_top_odds': 18.4, 'circle_concentration': 68.8, 'eligible_count': 8, 'bet_adj': 2, 'reason': 'rel_win1=54.0%（本命度） / 最有力組み合わせ確率: 0.073（推定実オッズ?18倍） / 2着集中度: 上位2艇 68.8%（補正+0.00） / 総合判定確率: 0.073 / → ヒモ分散。1号艇1着固定で広めのヒモ流し推奨（買い目+2点）', 'tenji_trigger': '展示確認: ヒモ分散レース。1号艇伸び確認後、広めのヒモ流しを採用。穴ヒモ（5・6号艇）を積極的に含める。\n展示で1号艇スタート超安定(0.115秒)→ヒモ固まり方向に注意'}",,,30.8,逃げ狙い,24.34,30.8,2,,,,,,,,,,,
2026-03-23,丸亀,10,5,大谷健太,B2,39.66,5,▲,5.8642,8.2,66,34.6,0.1708,3.9038,,,0,低,101,0,ま0%,641 41,0,26.9,0.6031,0,0,0.0625,0,0,0,0.0857,0.1286,,,B,,,0.1481,0.605,,0.629,A,74,0,◎-○軸 3着3〜4艇流し（10〜15点）,0.5777,"{'is_target': True, 'verdict': '参加推奨', 'max_combo_prob': 0.0725, 'est_top_odds': 18.4, 'circle_concentration': 68.8, 'eligible_count': 8, 'bet_adj': 2, 'reason': 'rel_win1=54.0%（本命度） / 最有力組み合わせ確率: 0.073（推定実オッズ?18倍） / 2着集中度: 上位2艇 68.8%（補正+0.00） / 総合判定確率: 0.073 / → ヒモ分散。1号艇1着固定で広めのヒモ流し推奨（買い目+2点）', 'tenji_trigger': '展示確認: ヒモ分散レース。1号艇伸び確認後、広めのヒモ流しを採用。穴ヒモ（5・6号艇）を積極的に含める。\n展示で1号艇スタート超安定(0.115秒)→ヒモ固まり方向に注意'}",,,30.8,逃げ狙い,24.34,30.8,2,,,,,,,,,,,
2026-03-23,丸亀,10,6,川田正人,B1,29.03,6,,1.3328,0.4,62,23.2,0.1925,4.5982,,,0,低,152,0,-,441 23,0,33.4,1.0172,0,0.0357,0,0,0,0.1373,0.3263,0.0387,,,D,,,0.1358,0.614,,0.629,A,74,0,◎-○軸 3着3〜4艇流し（10〜15点）,0.5777,"{'is_target': True, 'verdict': '参加推奨', 'max_combo_prob': 0.0725, 'est_top_odds': 18.4, 'circle_concentration': 68.8, 'eligible_count': 8, 'bet_adj': 2, 'reason': 'rel_win1=54.0%（本命度） / 最有力組み合わせ確率: 0.073（推定実オッズ?18倍） / 2着集中度: 上位2艇 68.8%（補正+0.00） / 総合判定確率: 0.073 / → ヒモ分散。1号艇1着固定で広めのヒモ流し推奨（買い目+2点）', 'tenji_trigger': '展示確認: ヒモ分散レース。1号艇伸び確認後、広めのヒモ流しを採用。穴ヒモ（5・6号艇）を積極的に含める。\n展示で1号艇スタート超安定(0.115秒)→ヒモ固まり方向に注意'}",,,30.8,逃げ狙い,24.34,30.8,2,,,,,,,,,,,
2026-03-23,丸亀,11,1,西丸侑太,A1,42.98,1,◎,65.9062,,0,87.5,0.15,3.125,,,0,低,100,0,逃1%,35112,0,79.3,1.1209,0.6786,,,,,0,0.1314,0.0429,◎,,B,△,,,0.6105,,0.5502,S,89,0,◎1着固定 2-3着流し（5〜8点）,0.5777,"{'is_target': True, 'verdict': '点数絞り', 'max_combo_prob': 0.1424, 'est_top_odds': 9.4, 'circle_concentration': 76.6, 'eligible_count': 6, 'bet_adj': 0, 'reason': 'rel_win1=65.9%（本命度） / 最有力組み合わせ確率: 0.142（推定実オッズ?9倍） / 2着集中度: 上位2艇 76.6%（補正+0.04） / 総合判定確率: 0.182 / → ヒモはやや固め。上位2艇以外を切ること', 'tenji_trigger': '展示確認: 1号艇伸び良→そのまま採用。悪→飛び組に差し替え。circle_pct上位2艇に絞り込むこと。'}",,,24.7,逃げ狙い,10.89,24.9,3,,,,,0,0,0.7559,0,,逃げ軸流し,A
2026-03-23,丸亀,11,2,山ノ内雅,A2,34.48,2,▲,12.2933,52.3,96,62.1,0.1609,3.7424,,,0,低,97,0,-,2 3222,0,94.6,1.7784,0,0.0312,0.0312,0,0,0.1041,0.0432,0.0324,,,C,◎,,0.1967,0.6915,,0.5502,S,89,0,◎1着固定 2-3着流し（5〜8点）,0.5777,"{'is_target': True, 'verdict': '点数絞り', 'max_combo_prob': 0.1424, 'est_top_odds': 9.4, 'circle_concentration': 76.6, 'eligible_count': 6, 'bet_adj': 0, 'reason': 'rel_win1=65.9%（本命度） / 最有力組み合わせ確率: 0.142（推定実オッズ?9倍） / 2着集中度: 上位2艇 76.6%（補正+0.04） / 総合判定確率: 0.182 / → ヒモはやや固め。上位2艇以外を切ること', 'tenji_trigger': '展示確認: 1号艇伸び良→そのまま採用。悪→飛び組に差し替え。circle_pct上位2艇に絞り込むこと。'}",,,24.7,逃げ狙い,10.89,24.9,3,,,,,,,,,,,
2026-03-23,丸亀,11,3,庄司孝輔,B1,40.50,3,△,10.1966,21.4,100,51.8,0.1852,3.7768,,,0,低,133,0,-,2 431,0,20.1,0.7085,0,0,0.0294,0.0882,0,0.016,0.2,0.08,,,C,,,0.1233,0.577,,0.5502,S,89,0,◎1着固定 2-3着流し（5〜8点）,0.5777,"{'is_target': True, 'verdict': '点数絞り', 'max_combo_prob': 0.1424, 'est_top_odds': 9.4, 'circle_concentration': 76.6, 'eligible_count': 6, 'bet_adj': 0, 'reason': 'rel_win1=65.9%（本命度） / 最有力組み合わせ確率: 0.142（推定実オッズ?9倍） / 2着集中度: 上位2艇 76.6%（補正+0.04） / 総合判定確率: 0.182 / → ヒモはやや固め。上位2艇以外を切ること', 'tenji_trigger': '展示確認: 1号艇伸び良→そのまま採用。悪→飛び組に差し替え。circle_pct上位2艇に絞り込むこと。'}",,,24.7,逃げ狙い,10.89,24.9,3,,,,,,,,,,,
2026-03-23,丸亀,11,4,藤田靖弘,A2,25.64,4,,7.6868,24.3,60,54.3,0.16,3.2429,,,0,低,111,0,差ま0%,3 4135,0,44.8,0.946,0,0.0645,0,0.0968,0.0323,0.0533,0.115,0.0267,,,E,○,◎,0.2569,0.6755,0.4237,0.5502,S,89,0,◎1着固定 2-3着流し（5〜8点）,0.5777,"{'is_target': True, 'verdict': '点数絞り', 'max_combo_prob': 0.1424, 'est_top_odds': 9.4, 'circle_concentration': 76.6, 'eligible_count': 6, 'bet_adj': 0, 'reason': 'rel_win1=65.9%（本命度） / 最有力組み合わせ確率: 0.142（推定実オッズ?9倍） / 2着集中度: 上位2艇 76.6%（補正+0.04） / 総合判定確率: 0.182 / → ヒモはやや固め。上位2艇以外を切ること', 'tenji_trigger': '展示確認: 1号艇伸び良→そのまま採用。悪→飛び組に差し替え。circle_pct上位2艇に絞り込むこと。'}",,,24.7,逃げ狙い,10.89,24.9,3,,,,,,,,,,,
2026-03-23,丸亀,11,5,安田政彦,A2,33.04,5,,2.7601,1.5,54,18.2,0.2086,4.4659,,,0,低,147,0,-,3 2425,0,45.5,1.1069,0,0,0,0.04,0,0.2188,0.3285,0.1918,,,D,,,0.107,0.5665,,0.5502,S,89,0,◎1着固定 2-3着流し（5〜8点）,0.5777,"{'is_target': True, 'verdict': '点数絞り', 'max_combo_prob': 0.1424, 'est_top_odds': 9.4, 'circle_concentration': 76.6, 'eligible_count': 6, 'bet_adj': 0, 'reason': 'rel_win1=65.9%（本命度） / 最有力組み合わせ確率: 0.142（推定実オッズ?9倍） / 2着集中度: 上位2艇 76.6%（補正+0.04） / 総合判定確率: 0.182 / → ヒモはやや固め。上位2艇以外を切ること', 'tenji_trigger': '展示確認: 1号艇伸び良→そのまま採用。悪→飛び組に差し替え。circle_pct上位2艇に絞り込むこと。'}",,,24.7,逃げ狙い,10.89,24.9,3,,,,,,,,,,,
2026-03-23,丸亀,11,6,川島圭司,A2,45.22,6,○,1.157,0.5,28,26.3,0.1621,3.7544,,,0,低,79,0,-,633 35,0,36.3,0.8294,,,,,,0.0353,0.1553,0.1553,,,B,△,,0.2752,0.665,,0.5502,S,89,0,◎1着固定 2-3着流し（5〜8点）,0.5777,"{'is_target': True, 'verdict': '点数絞り', 'max_combo_prob': 0.1424, 'est_top_odds': 9.4, 'circle_concentration': 76.6, 'eligible_count': 6, 'bet_adj': 0, 'reason': 'rel_win1=65.9%（本命度） / 最有力組み合わせ確率: 0.142（推定実オッズ?9倍） / 2着集中度: 上位2艇 76.6%（補正+0.04） / 総合判定確率: 0.182 / → ヒモはやや固め。上位2艇以外を切ること', 'tenji_trigger': '展示確認: 1号艇伸び良→そのまま採用。悪→飛び組に差し替え。circle_pct上位2艇に絞り込むこと。'}",,,24.7,逃げ狙い,10.89,24.9,3,,,,,,,,,,,
2026-03-23,丸亀,12,1,有賀達也,A1,28.70,1,◎,68.3115,,0,88.7,0.1285,2.4085,,,0,低,73,0,逃1%,32S212,0,89.9,1.1796,0.7241,,,,,0.0345,0.1379,0.0345,◎,,C,◎,,,0.657,,0.6917,A,79,0,◎-○軸 3着3〜4艇流し（10〜15点）,0.5777,"{'is_target': True, 'verdict': '点数絞り', 'max_combo_prob': 0.1247, 'est_top_odds': 10.7, 'circle_concentration': 73.5, 'eligible_count': 8, 'bet_adj': 0, 'reason': 'rel_win1=68.3%（本命度） / 最有力組み合わせ確率: 0.125（推定実オッズ?11倍） / 2着集中度: 上位2艇 73.5%（補正+0.04） / 総合判定確率: 0.165 / → ヒモはやや固め。上位2艇以外を切ること', 'tenji_trigger': '展示確認: 1号艇伸び良→そのまま採用。悪→飛び組に差し替え。circle_pct上位2艇に絞り込むこと。\n展示で1号艇スタート超安定(0.129秒)→ヒモ固まり方向に注意'}",,,24.5,逃げ狙い,8.93,25.9,2,,,,,0,0,0.7559,0,,逃げ軸流し,A
2026-03-23,丸亀,12,2,柴田朋哉,A2,42.02,2,▲,13.1736,46.2,79,55.4,0.1702,3.7462,,,0,低,105,0,差0% ま0%,5 5432,0,41,0.9236,0,0.04,0.16,0,0,0.0727,0.1584,0.1221,,,B,△,,0.0742,0.5935,,0.6917,A,79,0,◎-○軸 3着3〜4艇流し（10〜15点）,0.5777,"{'is_target': True, 'verdict': '点数絞り', 'max_combo_prob': 0.1247, 'est_top_odds': 10.7, 'circle_concentration': 73.5, 'eligible_count': 8, 'bet_adj': 0, 'reason': 'rel_win1=68.3%（本命度） / 最有力組み合わせ確率: 0.125（推定実オッズ?11倍） / 2着集中度: 上位2艇 73.5%（補正+0.04） / 総合判定確率: 0.165 / → ヒモはやや固め。上位2艇以外を切ること', 'tenji_trigger': '展示確認: 1号艇伸び良→そのまま採用。悪→飛び組に差し替え。circle_pct上位2艇に絞り込むこと。\n展示で1号艇スタート超安定(0.129秒)→ヒモ固まり方向に注意'}",,,24.5,逃げ狙い,8.93,25.9,2,,,,,,,,,,,
2026-03-23,丸亀,12,3,浜本裕己,A2,18.97,3,,5.9648,27.3,100,43.5,0.1618,3.4194,,,0,低,123,0,-,614 64,0,31.4,0.7892,0,0,0,0.0333,0,0.1219,0.0906,0.1829,,,E,○,,0.1137,0.6345,,0.6917,A,79,0,◎-○軸 3着3〜4艇流し（10〜15点）,0.5777,"{'is_target': True, 'verdict': '点数絞り', 'max_combo_prob': 0.1247, 'est_top_odds': 10.7, 'circle_concentration': 73.5, 'eligible_count': 8, 'bet_adj': 0, 'reason': 'rel_win1=68.3%（本命度） / 最有力組み合わせ確率: 0.125（推定実オッズ?11倍） / 2着集中度: 上位2艇 73.5%（補正+0.04） / 総合判定確率: 0.165 / → ヒモはやや固め。上位2艇以外を切ること', 'tenji_trigger': '展示確認: 1号艇伸び良→そのまま採用。悪→飛び組に差し替え。circle_pct上位2艇に絞り込むこと。\n展示で1号艇スタート超安定(0.129秒)→ヒモ固まり方向に注意'}",,,24.5,逃げ狙い,8.93,25.9,2,,,,,,,,,,,
2026-03-23,丸亀,12,4,佐藤世那,B1,23.89,4,,6.4922,15.4,43,19.4,0.1922,3.4583,,,0,低,89,0,ま0% 抜0%,155 14,0,25.9,0.6079,0,0,0.0476,0,0.0476,0.3543,0.2343,0.0286,,,D,,,0.114,0.49,,0.6917,A,79,0,◎-○軸 3着3〜4艇流し（10〜15点）,0.5777,"{'is_target': True, 'verdict': '点数絞り', 'max_combo_prob': 0.1247, 'est_top_odds': 10.7, 'circle_concentration': 73.5, 'eligible_count': 8, 'bet_adj': 0, 'reason': 'rel_win1=68.3%（本命度） / 最有力組み合わせ確率: 0.125（推定実オッズ?11倍） / 2着集中度: 上位2艇 73.5%（補正+0.04） / 総合判定確率: 0.165 / → ヒモはやや固め。上位2艇以外を切ること', 'tenji_trigger': '展示確認: 1号艇伸び良→そのまま採用。悪→飛び組に差し替え。circle_pct上位2艇に絞り込むこと。\n展示で1号艇スタート超安定(0.129秒)→ヒモ固まり方向に注意'}",,,24.5,逃げ狙い,8.93,25.9,2,,,,,,,,,,,
2026-03-23,丸亀,12,5,佐竹太一,B1,26.72,5,△,4.8338,8.2,91,43.3,0.1847,3.9583,,,0,低,176,0,差ま0%,154 63,0,25.9,0.5895,0,0,0.0303,0.0303,0,0.2727,0.0364,0.1727,,,D,,,0.1096,0.589,,0.6917,A,79,0,◎-○軸 3着3〜4艇流し（10〜15点）,0.5777,"{'is_target': True, 'verdict': '点数絞り', 'max_combo_prob': 0.1247, 'est_top_odds': 10.7, 'circle_concentration': 73.5, 'eligible_count': 8, 'bet_adj': 0, 'reason': 'rel_win1=68.3%（本命度） / 最有力組み合わせ確率: 0.125（推定実オッズ?11倍） / 2着集中度: 上位2艇 73.5%（補正+0.04） / 総合判定確率: 0.165 / → ヒモはやや固め。上位2艇以外を切ること', 'tenji_trigger': '展示確認: 1号艇伸び良→そのまま採用。悪→飛び組に差し替え。circle_pct上位2艇に絞り込むこと。\n展示で1号艇スタート超安定(0.129秒)→ヒモ固まり方向に注意'}",,,24.5,逃げ狙い,8.93,25.9,2,,,,,,,,,,,
2026-03-23,丸亀,12,6,前田健太,B1,46.96,6,○,1.2241,2.9,19,14.5,0.1609,3.5818,,,0,低,137,0,-,1 462,0,19.5,0.6106,,,,,,0.1746,0.1302,0.1302,,,A,△,,0.2105,0.6055,,0.6917,A,79,0,◎-○軸 3着3〜4艇流し（10〜15点）,0.5777,"{'is_target': True, 'verdict': '点数絞り', 'max_combo_prob': 0.1247, 'est_top_odds': 10.7, 'circle_concentration': 73.5, 'eligible_count': 8, 'bet_adj': 0, 'reason': 'rel_win1=68.3%（本命度） / 最有力組み合わせ確率: 0.125（推定実オッズ?11倍） / 2着集中度: 上位2艇 73.5%（補正+0.04） / 総合判定確率: 0.165 / → ヒモはやや固め。上位2艇以外を切ること', 'tenji_trigger': '展示確認: 1号艇伸び良→そのまま採用。悪→飛び組に差し替え。circle_pct上位2艇に絞り込むこと。\n展示で1号艇スタート超安定(0.129秒)→ヒモ固まり方向に注意'}",,,24.5,逃げ狙い,8.93,25.9,2,,,,,,,,,,,
2026-03-24,丸亀,1,1,前田健太,B1,46.96,1,◎,63.4931,,0,78.7,0.1479,2.9681,,,0,低,137,0,逃0%,1 462,0,68.3,0.8959,0.3889,,,,,0.1746,0.1302,0.1302,◎,,B,△,,,0.6055,,0.4958,A,74,0,◎-○軸 3着3〜4艇流し（10〜15点）,0.5777,"{'is_target': True, 'verdict': '点数絞り', 'max_combo_prob': 0.1146, 'est_top_odds': 11.6, 'circle_concentration': 70.1, 'eligible_count': 8, 'bet_adj': 0, 'reason': 'rel_win1=63.5%（本命度） / 最有力組み合わせ確率: 0.115（推定実オッズ?12倍） / 2着集中度: 上位2艇 70.1%（補正+0.04） / 総合判定確率: 0.155 / → ヒモはやや固め。上位2艇以外を切ること', 'tenji_trigger': '展示確認: 1号艇伸び良→そのまま採用。悪→飛び組に差し替え。circle_pct上位2艇に絞り込むこと。'}",,,22.9,逃げ狙い,14.09,31.3,4,,,,,0,0,0.7559,0,,逃げ軸流し,A
2026-03-24,丸亀,1,2,天野　誠,B1,23.68,2,,7.7665,46.2,88,43.2,0.1684,4.1622,,,0,低,126,0,-,345 56,0,44,0.5776,,,,,,0.2667,0.0667,0.6,,,E,,,0.1487,0.582,,0.4958,A,74,0,◎-○軸 3着3〜4艇流し（10〜15点）,0.5777,"{'is_target': True, 'verdict': '点数絞り', 'max_combo_prob': 0.1146, 'est_top_odds': 11.6, 'circle_concentration': 70.1, 'eligible_count': 8, 'bet_adj': 0, 'reason': 'rel_win1=63.5%（本命度） / 最有力組み合わせ確率: 0.115（推定実オッズ?12倍） / 2着集中度: 上位2艇 70.1%（補正+0.04） / 総合判定確率: 0.155 / → ヒモはやや固め。上位2艇以外を切ること', 'tenji_trigger': '展示確認: 1号艇伸び良→そのまま採用。悪→飛び組に差し替え。circle_pct上位2艇に絞り込むこと。'}",,,22.9,逃げ狙い,14.09,31.3,4,,,,,,,,,,,
2026-03-24,丸亀,1,3,齋藤智裕,B1,54.78,3,○,5.8414,21.3,100,35,0.1802,3.9875,,,0,低,102,0,-,4 S56,0,16.2,0.5331,,,,,,0.3576,0.4047,0,,,A,△,,0.1707,0.6105,,0.4958,A,74,0,◎-○軸 3着3〜4艇流し（10〜15点）,0.5777,"{'is_target': True, 'verdict': '点数絞り', 'max_combo_prob': 0.1146, 'est_top_odds': 11.6, 'circle_concentration': 70.1, 'eligible_count': 8, 'bet_adj': 0, 'reason': 'rel_win1=63.5%（本命度） / 最有力組み合わせ確率: 0.115（推定実オッズ?12倍） / 2着集中度: 上位2艇 70.1%（補正+0.04） / 総合判定確率: 0.155 / → ヒモはやや固め。上位2艇以外を切ること', 'tenji_trigger': '展示確認: 1号艇伸び良→そのまま採用。悪→飛び組に差し替え。circle_pct上位2艇に絞り込むこと。'}",,,22.9,逃げ狙い,14.09,31.3,4,,,,,,,,,,,
2026-03-24,丸亀,1,4,桑原　啓,B1,27.19,4,▲,13.6199,23.9,77,47,0.1577,3.3258,,,0,低,104,0,-,522 66,0,48.3,0.8843,0,0,0.1,0,0,0.3,0.22,0.18,,,D,◎,◎,0.2834,0.6545,0.3474,0.4958,A,74,0,◎-○軸 3着3〜4艇流し（10〜15点）,0.5777,"{'is_target': True, 'verdict': '点数絞り', 'max_combo_prob': 0.1146, 'est_top_odds': 11.6, 'circle_concentration': 70.1, 'eligible_count': 8, 'bet_adj': 0, 'reason': 'rel_win1=63.5%（本命度） / 最有力組み合わせ確率: 0.115（推定実オッズ?12倍） / 2着集中度: 上位2艇 70.1%（補正+0.04） / 総合判定確率: 0.155 / → ヒモはやや固め。上位2艇以外を切ること', 'tenji_trigger': '展示確認: 1号艇伸び良→そのまま採用。悪→飛び組に差し替え。circle_pct上位2艇に絞り込むこと。'}",,,22.9,逃げ狙い,14.09,31.3,4,,,,,,,,,,,
2026-03-24,丸亀,1,5,日高龍之,B2,45.69,5,△,5.1577,7.6,47,11.1,0.1806,4.2222,,,0,低,49,0,-,663 66,0,23.8,0.7945,,,,,,,,,,,B,,,0.2265,0.529,,0.4958,A,74,0,◎-○軸 3着3〜4艇流し（10〜15点）,0.5777,"{'is_target': True, 'verdict': '点数絞り', 'max_combo_prob': 0.1146, 'est_top_odds': 11.6, 'circle_concentration': 70.1, 'eligible_count': 8, 'bet_adj': 0, 'reason': 'rel_win1=63.5%（本命度） / 最有力組み合わせ確率: 0.115（推定実オッズ?12倍） / 2着集中度: 上位2艇 70.1%（補正+0.04） / 総合判定確率: 0.155 / → ヒモはやや固め。上位2艇以外を切ること', 'tenji_trigger': '展示確認: 1号艇伸び良→そのまま採用。悪→飛び組に差し替え。circle_pct上位2艇に絞り込むこと。'}",,,22.9,逃げ狙い,14.09,31.3,4,,,,,,,,,,,
2026-03-24,丸亀,1,6,中岡健人,B1,25.00,6,,4.1213,1,32,11.1,0.1969,4.7778,,,0,低,104,0,-,14S 34,0,85.8,1.5772,0,0.04,0,0,0,0.28,0.164,0.196,,,E,○,,0.1424,0.635,,0.4958,A,74,0,◎-○軸 3着3〜4艇流し（10〜15点）,0.5777,"{'is_target': True, 'verdict': '点数絞り', 'max_combo_prob': 0.1146, 'est_top_odds': 11.6, 'circle_concentration': 70.1, 'eligible_count': 8, 'bet_adj': 0, 'reason': 'rel_win1=63.5%（本命度） / 最有力組み合わせ確率: 0.115（推定実オッズ?12倍） / 2着集中度: 上位2艇 70.1%（補正+0.04） / 総合判定確率: 0.155 / → ヒモはやや固め。上位2艇以外を切ること', 'tenji_trigger': '展示確認: 1号艇伸び良→そのまま採用。悪→飛び組に差し替え。circle_pct上位2艇に絞り込むこと。'}",,,22.9,逃げ狙い,14.09,31.3,4,,,,,,,,,,,
2026-03-24,丸亀,2,1,大谷健太,B2,39.66,1,◎,51.2414,,0,79.5,0.1613,3.4615,,,0,低,101,0,逃1%,641 41,0,76.3,1.1503,0.5714,,,,,0,0.0857,0.1286,○,,B,△,,,0.605,,0.4233,A,71,0,◎-○軸 3着3〜4艇流し（10〜15点）,0.5777,"{'is_target': True, 'verdict': '参加推奨', 'max_combo_prob': 0.0891, 'est_top_odds': 15.0, 'circle_concentration': 67.7, 'eligible_count': 8, 'bet_adj': 2, 'reason': 'rel_win1=51.2%（本命度） / 最有力組み合わせ確率: 0.089（推定実オッズ?15倍） / 2着集中度: 上位2艇 67.7%（補正+0.00） / 総合判定確率: 0.089 / → ヒモ分散。1号艇1着固定で広めのヒモ流し推奨（買い目+2点）', 'tenji_trigger': '展示確認: ヒモ分散レース。1号艇伸び確認後、広めのヒモ流しを採用。穴ヒモ（5・6号艇）を積極的に含める。'}",,,22.2,逃げ狙い,17.82,26.1,2,,,,,0,0,0.6155,0,,逃げ軸流し,A
2026-03-24,丸亀,2,2,木場悠介,B1,29.09,2,▲,13.961,50.5,100,64.9,0.1551,3.2807,,,0,低,101,0,差0%,4 561,0,59.6,1.2541,0,0.0385,0.0769,0,0.0769,0.032,0.132,0.244,,◎,D,◎,,0.374,0.652,,0.4233,A,71,0,◎-○軸 3着3〜4艇流し（10〜15点）,0.5777,"{'is_target': True, 'verdict': '参加推奨', 'max_combo_prob': 0.0891, 'est_top_odds': 15.0, 'circle_concentration': 67.7, 'eligible_count': 8, 'bet_adj': 2, 'reason': 'rel_win1=51.2%（本命度） / 最有力組み合わせ確率: 0.089（推定実オッズ?15倍） / 2着集中度: 上位2艇 67.7%（補正+0.00） / 総合判定確率: 0.089 / → ヒモ分散。1号艇1着固定で広めのヒモ流し推奨（買い目+2点）', 'tenji_trigger': '展示確認: ヒモ分散レース。1号艇伸び確認後、広めのヒモ流しを採用。穴ヒモ（5・6号艇）を積極的に含める。'}",,,22.2,逃げ狙い,17.82,26.1,2,,,,,,,,,,,
2026-03-24,丸亀,2,3,佐竹太一,B1,26.72,3,,13.9654,17.2,81,43.5,0.1949,3.8768,,,0,低,176,0,-,154 63,0,100,3.1179,0,0,0.0625,0,0,0.2727,0.0364,0.1727,,,E,△,,0.1215,0.589,,0.4233,A,71,0,◎-○軸 3着3〜4艇流し（10〜15点）,0.5777,"{'is_target': True, 'verdict': '参加推奨', 'max_combo_prob': 0.0891, 'est_top_odds': 15.0, 'circle_concentration': 67.7, 'eligible_count': 8, 'bet_adj': 2, 'reason': 'rel_win1=51.2%（本命度） / 最有力組み合わせ確率: 0.089（推定実オッズ?15倍） / 2着集中度: 上位2艇 67.7%（補正+0.00） / 総合判定確率: 0.089 / → ヒモ分散。1号艇1着固定で広めのヒモ流し推奨（買い目+2点）', 'tenji_trigger': '展示確認: ヒモ分散レース。1号艇伸び確認後、広めのヒモ流しを採用。穴ヒモ（5・6号艇）を積極的に含める。'}",,,22.2,逃げ狙い,17.82,26.1,2,,,,,,,,,,,
2026-03-24,丸亀,2,4,原田雄次,B1,36.75,4,,9.102,14.1,95,44.7,0.2251,4.4681,,,0,低,136,0,-,1 153,0,29.2,0.9619,,,,,,0,0.25,0.375,,,C,,,0.1379,0.5155,,0.4233,A,71,0,◎-○軸 3着3〜4艇流し（10〜15点）,0.5777,"{'is_target': True, 'verdict': '参加推奨', 'max_combo_prob': 0.0891, 'est_top_odds': 15.0, 'circle_concentration': 67.7, 'eligible_count': 8, 'bet_adj': 2, 'reason': 'rel_win1=51.2%（本命度） / 最有力組み合わせ確率: 0.089（推定実オッズ?15倍） / 2着集中度: 上位2艇 67.7%（補正+0.00） / 総合判定確率: 0.089 / → ヒモ分散。1号艇1着固定で広めのヒモ流し推奨（買い目+2点）', 'tenji_trigger': '展示確認: ヒモ分散レース。1号艇伸び確認後、広めのヒモ流しを採用。穴ヒモ（5・6号艇）を積極的に含める。'}",,,22.2,逃げ狙い,17.82,26.1,2,,,,,,,,,,,
2026-03-24,丸亀,2,5,中井俊祐,B1,32.20,5,○,9.0786,11.3,18,22.4,0.1547,3.2069,,,0,低,130,0,差0% 差ま0%,1 641,0,30.4,0.6798,0,0.04,0,0.12,0,0.1333,0.3167,0.2,,,C,○,◎,0.3178,0.6095,0.4248,0.4233,A,71,0,◎-○軸 3着3〜4艇流し（10〜15点）,0.5777,"{'is_target': True, 'verdict': '参加推奨', 'max_combo_prob': 0.0891, 'est_top_odds': 15.0, 'circle_concentration': 67.7, 'eligible_count': 8, 'bet_adj': 2, 'reason': 'rel_win1=51.2%（本命度） / 最有力組み合わせ確率: 0.089（推定実オッズ?15倍） / 2着集中度: 上位2艇 67.7%（補正+0.00） / 総合判定確率: 0.089 / → ヒモ分散。1号艇1着固定で広めのヒモ流し推奨（買い目+2点）', 'tenji_trigger': '展示確認: ヒモ分散レース。1号艇伸び確認後、広めのヒモ流しを採用。穴ヒモ（5・6号艇）を積極的に含める。'}",,,22.2,逃げ狙い,17.82,26.1,2,,,,,,,,,,,
2026-03-24,丸亀,2,6,原田篤志,A1,37.93,6,△,2.6516,6.9,82,42.9,0.2071,4.5119,,,0,低,122,0,-,143 41,0,26.2,0.5917,,,,,,0.02,0.125,0.02,,,B,,,0.1659,0.5685,,0.4233,A,71,0,◎-○軸 3着3〜4艇流し（10〜15点）,0.5777,"{'is_target': True, 'verdict': '参加推奨', 'max_combo_prob': 0.0891, 'est_top_odds': 15.0, 'circle_concentration': 67.7, 'eligible_count': 8, 'bet_adj': 2, 'reason': 'rel_win1=51.2%（本命度） / 最有力組み合わせ確率: 0.089（推定実オッズ?15倍） / 2着集中度: 上位2艇 67.7%（補正+0.00） / 総合判定確率: 0.089 / → ヒモ分散。1号艇1着固定で広めのヒモ流し推奨（買い目+2点）', 'tenji_trigger': '展示確認: ヒモ分散レース。1号艇伸び確認後、広めのヒモ流しを採用。穴ヒモ（5・6号艇）を積極的に含める。'}",,,22.2,逃げ狙い,17.82,26.1,2,,,,,,,,,,,
2026-03-24,丸亀,3,1,谷口知優,B1,32.14,1,◎,48.1002,,0,80,0.1429,2.5143,,,0,低,83,0,逃1%,1 266,0,60.6,0.964,0.5909,,,,,0,0.3481,0.1039,◎,,C,,,,0.6165,,0.5452,A,67,0,◎-○軸 3着3〜4艇流し（10〜15点）,0.5777,"{'is_target': True, 'verdict': '参加推奨', 'max_combo_prob': 0.0647, 'est_top_odds': 20.6, 'circle_concentration': 76.7, 'eligible_count': 8, 'bet_adj': 2, 'reason': 'rel_win1=48.1%（本命度） / 最有力組み合わせ確率: 0.065（推定実オッズ?21倍） / 2着集中度: 上位2艇 76.7%（補正+0.04） / 総合判定確率: 0.105 / → ヒモ分散。1号艇1着固定で広めのヒモ流し推奨（買い目+2点）', 'tenji_trigger': '展示確認: ヒモ分散レース。1号艇伸び確認後、広めのヒモ流しを採用。穴ヒモ（5・6号艇）を積極的に含める。'}",,,30,逃げ狙い,21.86,30.4,3,,,,,0,0,0.7559,0,,逃げ軸流し,A
2026-03-24,丸亀,3,2,川田正人,B1,29.03,2,,8.8662,33.6,96,48.5,0.1926,3.9091,,,0,低,152,0,-,441 23,0,95.5,1.9064,0,0.0645,0.0323,0,0.0323,0.1373,0.3263,0.0387,,,D,,,0.0623,0.614,,0.5452,A,67,0,◎-○軸 3着3〜4艇流し（10〜15点）,0.5777,"{'is_target': True, 'verdict': '参加推奨', 'max_combo_prob': 0.0647, 'est_top_odds': 20.6, 'circle_concentration': 76.7, 'eligible_count': 8, 'bet_adj': 2, 'reason': 'rel_win1=48.1%（本命度） / 最有力組み合わせ確率: 0.065（推定実オッズ?21倍） / 2着集中度: 上位2艇 76.7%（補正+0.04） / 総合判定確率: 0.105 / → ヒモ分散。1号艇1着固定で広めのヒモ流し推奨（買い目+2点）', 'tenji_trigger': '展示確認: ヒモ分散レース。1号艇伸び確認後、広めのヒモ流しを採用。穴ヒモ（5・6号艇）を積極的に含める。'}",,,30,逃げ狙い,21.86,30.4,3,,,,,,,,,,,
2026-03-24,丸亀,3,3,村上　遼,A1,26.09,3,,20.6928,43,100,82.3,0.1441,2.9706,,,0,低,49,0,差ま0%,2 2351,0,77.9,1.7015,0,0,0,0.25,0,0.0593,0.3141,0.0296,,,E,△,,0.339,0.6535,,0.5452,A,67,0,◎-○軸 3着3〜4艇流し（10〜15点）,0.5777,"{'is_target': True, 'verdict': '参加推奨', 'max_combo_prob': 0.0647, 'est_top_odds': 20.6, 'circle_concentration': 76.7, 'eligible_count': 8, 'bet_adj': 2, 'reason': 'rel_win1=48.1%（本命度） / 最有力組み合わせ確率: 0.065（推定実オッズ?21倍） / 2着集中度: 上位2艇 76.7%（補正+0.04） / 総合判定確率: 0.105 / → ヒモ分散。1号艇1着固定で広めのヒモ流し推奨（買い目+2点）', 'tenji_trigger': '展示確認: ヒモ分散レース。1号艇伸び確認後、広めのヒモ流しを採用。穴ヒモ（5・6号艇）を積極的に含める。'}",,,30,逃げ狙い,21.86,30.4,3,,,,,,,,,,,
2026-03-24,丸亀,3,4,川島圭司,A2,45.22,4,○,15.3327,13.6,84,58,0.1228,2.6014,,,0,低,79,0,-,633 35,0,66.3,1.3779,0,0,0.0625,0.0938,0.0312,0.0353,0.1553,0.1553,,,A,◎,◎,0.3735,0.665,0.4453,0.5452,A,67,0,◎-○軸 3着3〜4艇流し（10〜15点）,0.5777,"{'is_target': True, 'verdict': '参加推奨', 'max_combo_prob': 0.0647, 'est_top_odds': 20.6, 'circle_concentration': 76.7, 'eligible_count': 8, 'bet_adj': 2, 'reason': 'rel_win1=48.1%（本命度） / 最有力組み合わせ確率: 0.065（推定実オッズ?21倍） / 2着集中度: 上位2艇 76.7%（補正+0.04） / 総合判定確率: 0.105 / → ヒモ分散。1号艇1着固定で広めのヒモ流し推奨（買い目+2点）', 'tenji_trigger': '展示確認: ヒモ分散レース。1号艇伸び確認後、広めのヒモ流しを採用。穴ヒモ（5・6号艇）を積極的に含める。'}",,,30,逃げ狙い,21.86,30.4,3,,,,,,,,,,,
2026-03-24,丸亀,3,5,松田竜馬,B1,35.04,5,△,5.1189,7.9,88,32.8,0.162,3.4262,,,0,低,79,0,-,546 25,0,32.8,0.8555,,,,,,0.0143,0.1286,0.2429,,,C,○,,0.2505,0.663,,0.5452,A,67,0,◎-○軸 3着3〜4艇流し（10〜15点）,0.5777,"{'is_target': True, 'verdict': '参加推奨', 'max_combo_prob': 0.0647, 'est_top_odds': 20.6, 'circle_concentration': 76.7, 'eligible_count': 8, 'bet_adj': 2, 'reason': 'rel_win1=48.1%（本命度） / 最有力組み合わせ確率: 0.065（推定実オッズ?21倍） / 2着集中度: 上位2艇 76.7%（補正+0.04） / 総合判定確率: 0.105 / → ヒモ分散。1号艇1着固定で広めのヒモ流し推奨（買い目+2点）', 'tenji_trigger': '展示確認: ヒモ分散レース。1号艇伸び確認後、広めのヒモ流しを採用。穴ヒモ（5・6号艇）を積極的に含める。'}",,,30,逃げ狙い,21.86,30.4,3,,,,,,,,,,,
2026-03-24,丸亀,3,6,牟田奨太,B1,38.46,6,▲,1.8892,1.8,39,17.6,0.1631,3.402,,,0,低,75,0,-,221 15,0,30.1,0.8244,0,0,0,0.0345,0,0.1727,0.1379,0.087,,,B,△,,0.2147,0.6255,,0.5452,A,67,0,◎-○軸 3着3〜4艇流し（10〜15点）,0.5777,"{'is_target': True, 'verdict': '参加推奨', 'max_combo_prob': 0.0647, 'est_top_odds': 20.6, 'circle_concentration': 76.7, 'eligible_count': 8, 'bet_adj': 2, 'reason': 'rel_win1=48.1%（本命度） / 最有力組み合わせ確率: 0.065（推定実オッズ?21倍） / 2着集中度: 上位2艇 76.7%（補正+0.04） / 総合判定確率: 0.105 / → ヒモ分散。1号艇1着固定で広めのヒモ流し推奨（買い目+2点）', 'tenji_trigger': '展示確認: ヒモ分散レース。1号艇伸び確認後、広めのヒモ流しを採用。穴ヒモ（5・6号艇）を積極的に含める。'}",,,30,逃げ狙い,21.86,30.4,3,,,,,,,,,,,
2026-03-24,丸亀,4,1,三木晴斗,B1,38.60,1,◎,51.7975,,0,62.2,0.1784,3.4595,,,0,低,97,0,逃1%,5 153,0,54.8,0.8918,0.4,,,,,0.095,0.195,0.155,△,,B,,,,0.5655,,0.2911,B,57,0,◎○△フォーメーション（15〜20点）,0.5777,"{'is_target': True, 'verdict': '点数絞り', 'max_combo_prob': 0.0854, 'est_top_odds': 15.6, 'circle_concentration': 74.8, 'eligible_count': 9, 'bet_adj': 0, 'reason': 'rel_win1=51.8%（本命度） / 最有力組み合わせ確率: 0.085（推定実オッズ?16倍） / 2着集中度: 上位2艇 74.8%（補正+0.04） / 総合判定確率: 0.125 / → ヒモはやや固め。上位2艇以外を切ること', 'tenji_trigger': '展示確認: 1号艇伸び良→そのまま採用。悪→飛び組に差し替え。circle_pct上位2艇に絞り込むこと。'}",,,28.1,両建て推奨,13.16,32.6,4,6-1-4|6-1-2|1-2-4|1-4-2|1-2-6|1-3-4|1-4-6,2-1-4|2-1-3|4-1-2|6-1-4|6-1-2|4-1-3|4-2-1|1-2-4|1-4-2|1-2-6|1-3-4|1-4-6,6-1-4:1.82%|6-1-2:1.59%|1-2-4:7.8%|1-4-2:5.21%|1-2-6:5.07%|1-3-4:5.05%|1-4-6:4.79%,6-1-4:B_main|6-1-2:B_main|1-2-4:A|1-4-2:A|1-2-6:A|1-3-4:A|1-4-6:A,7,12,0.4535,1,[!]見送り推奨（主役決まり手「まくり差し」― 逃げ劣勢レースで的中実績なし）,荒れ広め,D
2026-03-24,丸亀,4,2,渡辺空依,B1,26.61,2,,11.4248,41.9,91,51.1,0.184,3.8191,,,0,低,103,0,-,5 364,0,83.7,1.7428,0,0.0385,0,0,0,0.0286,0.1143,0.0286,,,D,,,0.2653,0.54,,0.2911,B,57,0,◎○△フォーメーション（15〜20点）,0.5777,"{'is_target': True, 'verdict': '点数絞り', 'max_combo_prob': 0.0854, 'est_top_odds': 15.6, 'circle_concentration': 74.8, 'eligible_count': 9, 'bet_adj': 0, 'reason': 'rel_win1=51.8%（本命度） / 最有力組み合わせ確率: 0.085（推定実オッズ?16倍） / 2着集中度: 上位2艇 74.8%（補正+0.04） / 総合判定確率: 0.125 / → ヒモはやや固め。上位2艇以外を切ること', 'tenji_trigger': '展示確認: 1号艇伸び良→そのまま採用。悪→飛び組に差し替え。circle_pct上位2艇に絞り込むこと。'}",,,28.1,両建て推奨,13.16,32.6,4,,,,,,,,,,,
2026-03-24,丸亀,4,3,庄司孝輔,B1,40.50,3,○,15.7633,19.1,92,51.8,0.1852,3.7768,,,0,低,133,0,-,2 431,0,28.3,0.8071,0,0,0.0294,0.0882,0,0.016,0.2,0.08,,,A,△,,0.2874,0.577,,0.2911,B,57,0,◎○△フォーメーション（15〜20点）,0.5777,"{'is_target': True, 'verdict': '点数絞り', 'max_combo_prob': 0.0854, 'est_top_odds': 15.6, 'circle_concentration': 74.8, 'eligible_count': 9, 'bet_adj': 0, 'reason': 'rel_win1=51.8%（本命度） / 最有力組み合わせ確率: 0.085（推定実オッズ?16倍） / 2着集中度: 上位2艇 74.8%（補正+0.04） / 総合判定確率: 0.125 / → ヒモはやや固め。上位2艇以外を切ること', 'tenji_trigger': '展示確認: 1号艇伸び良→そのまま採用。悪→飛び組に差し替え。circle_pct上位2艇に絞り込むこと。'}",,,28.1,両建て推奨,13.16,32.6,4,,,,,,,,,,,
2026-03-24,丸亀,4,4,桑原　悠,A1,25.71,4,,15.959,32.9,100,82.9,0.1531,3.3714,,,0,低,26,0,-,43164,0,100,2.1491,0,0,0.1429,0,0,0.0444,0.0972,0.0667,,○,E,△,◎,0.4453,0.6315,0.2885,0.2911,B,57,0,◎○△フォーメーション（15〜20点）,0.5777,"{'is_target': True, 'verdict': '点数絞り', 'max_combo_prob': 0.0854, 'est_top_odds': 15.6, 'circle_concentration': 74.8, 'eligible_count': 9, 'bet_adj': 0, 'reason': 'rel_win1=51.8%（本命度） / 最有力組み合わせ確率: 0.085（推定実オッズ?16倍） / 2着集中度: 上位2艇 74.8%（補正+0.04） / 総合判定確率: 0.125 / → ヒモはやや固め。上位2艇以外を切ること', 'tenji_trigger': '展示確認: 1号艇伸び良→そのまま採用。悪→飛び組に差し替え。circle_pct上位2艇に絞り込むこと。'}",,,28.1,両建て推奨,13.16,32.6,4,,,,,,,,,,,
2026-03-24,丸亀,4,5,永田義紘,B1,29.66,5,△,3.6366,3.8,27,21.9,0.1591,3.5391,,,0,低,104,0,-,2 325,0,27.4,0.5771,,,,,,0.262,0.198,0.032,,,D,◎,,0.3999,0.672,,0.2911,B,57,0,◎○△フォーメーション（15〜20点）,0.5777,"{'is_target': True, 'verdict': '点数絞り', 'max_combo_prob': 0.0854, 'est_top_odds': 15.6, 'circle_concentration': 74.8, 'eligible_count': 9, 'bet_adj': 0, 'reason': 'rel_win1=51.8%（本命度） / 最有力組み合わせ確率: 0.085（推定実オッズ?16倍） / 2着集中度: 上位2艇 74.8%（補正+0.04） / 総合判定確率: 0.125 / → ヒモはやや固め。上位2艇以外を切ること', 'tenji_trigger': '展示確認: 1号艇伸び良→そのまま採用。悪→飛び組に差し替え。circle_pct上位2艇に絞り込むこと。'}",,,28.1,両建て推奨,13.16,32.6,4,,,,,,,,,,,
2026-03-24,丸亀,4,6,相原利章,A2,37.61,6,▲,1.4188,2.3,35,23.3,0.1308,2.75,,,0,低,43,0,-,323 13,0,25.9,0.3783,,,,,,0.0933,0.2033,0.2633,,◎,C,○,,0.4907,0.643,,0.2911,B,57,0,◎○△フォーメーション（15〜20点）,0.5777,"{'is_target': True, 'verdict': '点数絞り', 'max_combo_prob': 0.0854, 'est_top_odds': 15.6, 'circle_concentration': 74.8, 'eligible_count': 9, 'bet_adj': 0, 'reason': 'rel_win1=51.8%（本命度） / 最有力組み合わせ確率: 0.085（推定実オッズ?16倍） / 2着集中度: 上位2艇 74.8%（補正+0.04） / 総合判定確率: 0.125 / → ヒモはやや固め。上位2艇以外を切ること', 'tenji_trigger': '展示確認: 1号艇伸び良→そのまま採用。悪→飛び組に差し替え。circle_pct上位2艇に絞り込むこと。'}",,,28.1,両建て推奨,13.16,32.6,4,,,,,,,,,,,
2026-03-24,丸亀,5,1,安田政彦,A2,33.04,1,◎,55.1384,,0,86,0.1748,3.57,,,0,低,147,0,逃0%,3 2425,0,97.4,1.3985,0.3793,,,,,0.2188,0.3285,0.1918,○,,C,,,,0.5665,,0.379,A,79,0,◎-○軸 3着3〜4艇流し（10〜15点）,0.5777,"{'is_target': True, 'verdict': '点数絞り', 'max_combo_prob': 0.0855, 'est_top_odds': 15.6, 'circle_concentration': 78.5, 'eligible_count': 8, 'bet_adj': 0, 'reason': 'rel_win1=55.1%（本命度） / 最有力組み合わせ確率: 0.086（推定実オッズ?16倍） / 2着集中度: 上位2艇 78.5%（補正+0.04） / 総合判定確率: 0.126 / → ヒモはやや固め。上位2艇以外を切ること', 'tenji_trigger': '展示確認: 1号艇伸び良→そのまま採用。悪→飛び組に差し替え。circle_pct上位2艇に絞り込むこと。'}",,,29.7,逃げ狙い,10.06,39.7,2,,,,,0,0,0.6155,0,,逃げ軸流し,A
2026-03-24,丸亀,5,2,桑原　啓,B1,27.19,2,△,12.2181,50,70,48.4,0.1613,3.7031,,,0,低,104,0,差0% ま0%,522 66,0,33.4,0.815,0,0.0333,0.1333,0,0,0.3,0.22,0.18,,◎,D,○,,0.4876,0.6545,,0.379,A,79,0,◎-○軸 3着3〜4艇流し（10〜15点）,0.5777,"{'is_target': True, 'verdict': '点数絞り', 'max_combo_prob': 0.0855, 'est_top_odds': 15.6, 'circle_concentration': 78.5, 'eligible_count': 8, 'bet_adj': 0, 'reason': 'rel_win1=55.1%（本命度） / 最有力組み合わせ確率: 0.086（推定実オッズ?16倍） / 2着集中度: 上位2艇 78.5%（補正+0.04） / 総合判定確率: 0.126 / → ヒモはやや固め。上位2艇以外を切ること', 'tenji_trigger': '展示確認: 1号艇伸び良→そのまま採用。悪→飛び組に差し替え。circle_pct上位2艇に絞り込むこと。'}",,,29.7,逃げ狙い,10.06,39.7,2,,,,,,,,,,,
2026-03-24,丸亀,5,3,浜本裕己,A2,18.97,3,,7.363,28.6,100,43.5,0.1618,3.4194,,,0,低,123,0,-,614 64,0,65,0.8058,0,0,0,0.0333,0,0.1219,0.0906,0.1829,,○,E,△,,0.3886,0.6345,,0.379,A,79,0,◎-○軸 3着3〜4艇流し（10〜15点）,0.5777,"{'is_target': True, 'verdict': '点数絞り', 'max_combo_prob': 0.0855, 'est_top_odds': 15.6, 'circle_concentration': 78.5, 'eligible_count': 8, 'bet_adj': 0, 'reason': 'rel_win1=55.1%（本命度） / 最有力組み合わせ確率: 0.086（推定実オッズ?16倍） / 2着集中度: 上位2艇 78.5%（補正+0.04） / 総合判定確率: 0.126 / → ヒモはやや固め。上位2艇以外を切ること', 'tenji_trigger': '展示確認: 1号艇伸び良→そのまま採用。悪→飛び組に差し替え。circle_pct上位2艇に絞り込むこと。'}",,,29.7,逃げ狙い,10.06,39.7,2,,,,,,,,,,,
2026-03-24,丸亀,5,4,和合俊介,B1,30.83,4,,7.84,11.2,62,27.3,0.1625,3.3636,,,0,低,102,0,ま0%,553 56,0,19.9,0.5243,0,0,0.0385,0,0,0.3333,0.5333,0.08,,,D,△,,0.3832,0.6265,,0.379,A,79,0,◎-○軸 3着3〜4艇流し（10〜15点）,0.5777,"{'is_target': True, 'verdict': '点数絞り', 'max_combo_prob': 0.0855, 'est_top_odds': 15.6, 'circle_concentration': 78.5, 'eligible_count': 8, 'bet_adj': 0, 'reason': 'rel_win1=55.1%（本命度） / 最有力組み合わせ確率: 0.086（推定実オッズ?16倍） / 2着集中度: 上位2艇 78.5%（補正+0.04） / 総合判定確率: 0.126 / → ヒモはやや固め。上位2艇以外を切ること', 'tenji_trigger': '展示確認: 1号艇伸び良→そのまま採用。悪→飛び組に差し替え。circle_pct上位2艇に絞り込むこと。'}",,,29.7,逃げ狙い,10.06,39.7,2,,,,,,,,,,,
2026-03-24,丸亀,5,5,川北浩貴,B1,41.18,5,○,11.2131,5,62,40.3,0.1663,3.3507,,,0,低,146,0,-,461 26,0,30.6,1.3019,0,0,0,0.069,0,0.1399,0.2257,0.0541,,,B,◎,◎,0.367,0.6565,0.3611,0.379,A,79,0,◎-○軸 3着3〜4艇流し（10〜15点）,0.5777,"{'is_target': True, 'verdict': '点数絞り', 'max_combo_prob': 0.0855, 'est_top_odds': 15.6, 'circle_concentration': 78.5, 'eligible_count': 8, 'bet_adj': 0, 'reason': 'rel_win1=55.1%（本命度） / 最有力組み合わせ確率: 0.086（推定実オッズ?16倍） / 2着集中度: 上位2艇 78.5%（補正+0.04） / 総合判定確率: 0.126 / → ヒモはやや固め。上位2艇以外を切ること', 'tenji_trigger': '展示確認: 1号艇伸び良→そのまま採用。悪→飛び組に差し替え。circle_pct上位2艇に絞り込むこと。'}",,,29.7,逃げ狙い,10.06,39.7,2,,,,,,,,,,,
2026-03-24,丸亀,5,6,上條嘉嗣,A1,54.78,6,▲,6.2274,5.3,98,44.7,0.2277,4.4681,,,0,低,185,0,差0%,21352,0,77.4,1.9181,0,0.0625,0,0,0,0.0093,0.1705,0.1132,,,A,,,0.1676,0.573,,0.379,A,79,0,◎-○軸 3着3〜4艇流し（10〜15点）,0.5777,"{'is_target': True, 'verdict': '点数絞り', 'max_combo_prob': 0.0855, 'est_top_odds': 15.6, 'circle_concentration': 78.5, 'eligible_count': 8, 'bet_adj': 0, 'reason': 'rel_win1=55.1%（本命度） / 最有力組み合わせ確率: 0.086（推定実オッズ?16倍） / 2着集中度: 上位2艇 78.5%（補正+0.04） / 総合判定確率: 0.126 / → ヒモはやや固め。上位2艇以外を切ること', 'tenji_trigger': '展示確認: 1号艇伸び良→そのまま採用。悪→飛び組に差し替え。circle_pct上位2艇に絞り込むこと。'}",,,29.7,逃げ狙い,10.06,39.7,2,,,,,,,,,,,
2026-03-24,丸亀,6,1,藤田靖弘,A2,25.64,1,◎,53.1696,,0,84.1,0.1451,2.5,,,0,低,111,0,逃0%,3 4135,0,91.3,1.2124,0.6,,,,,0.0533,0.115,0.0267,◎,,D,◎,,,0.6755,,0.5581,A,73,0,◎-○軸 3着3〜4艇流し（10〜15点）,0.5777,"{'is_target': True, 'verdict': '点数絞り', 'max_combo_prob': 0.1163, 'est_top_odds': 11.5, 'circle_concentration': 81.0, 'eligible_count': 8, 'bet_adj': 0, 'reason': 'rel_win1=53.2%（本命度） / 最有力組み合わせ確率: 0.116（推定実オッズ?12倍） / 2着集中度: 上位2艇 81.0%（補正+0.04） / 総合判定確率: 0.156 / → ヒモはやや固め。上位2艇以外を切ること', 'tenji_trigger': '展示確認: 1号艇伸び良→そのまま採用。悪→飛び組に差し替え。circle_pct上位2艇に絞り込むこと。'}",,,26.8,逃げ狙い,16.67,25.9,2,,,,,0,0,0.7559,0,,逃げ軸流し,A
2026-03-24,丸亀,6,2,君島秀三,A1,39.50,2,▲,17.6874,61.4,71,74.6,0.1384,3.2273,,,0,低,60,0,差0% ま0%,262134,0,55.9,1.2431,0,0.1818,0.0303,0,0,0.0767,0.0333,0.1617,,◎,B,○,,0.4147,0.6695,,0.5581,A,73,0,◎-○軸 3着3〜4艇流し（10〜15点）,0.5777,"{'is_target': True, 'verdict': '点数絞り', 'max_combo_prob': 0.1163, 'est_top_odds': 11.5, 'circle_concentration': 81.0, 'eligible_count': 8, 'bet_adj': 0, 'reason': 'rel_win1=53.2%（本命度） / 最有力組み合わせ確率: 0.116（推定実オッズ?12倍） / 2着集中度: 上位2艇 81.0%（補正+0.04） / 総合判定確率: 0.156 / → ヒモはやや固め。上位2艇以外を切ること', 'tenji_trigger': '展示確認: 1号艇伸び良→そのまま採用。悪→飛び組に差し替え。circle_pct上位2艇に絞り込むこと。'}",,,26.8,逃げ狙い,16.67,25.9,2,,,,,,,,,,,
2026-03-24,丸亀,6,3,中岡健人,B1,25.00,3,,10.3756,19.5,53,41.2,0.1435,2.8137,,,0,低,104,0,-,14S 34,0,32.3,1.0498,0,0,0.0667,0,0,0.28,0.164,0.196,,,E,△,,0.3075,0.635,,0.5581,A,73,0,◎-○軸 3着3〜4艇流し（10〜15点）,0.5777,"{'is_target': True, 'verdict': '点数絞り', 'max_combo_prob': 0.1163, 'est_top_odds': 11.5, 'circle_concentration': 81.0, 'eligible_count': 8, 'bet_adj': 0, 'reason': 'rel_win1=53.2%（本命度） / 最有力組み合わせ確率: 0.116（推定実オッズ?12倍） / 2着集中度: 上位2艇 81.0%（補正+0.04） / 総合判定確率: 0.156 / → ヒモはやや固め。上位2艇以外を切ること', 'tenji_trigger': '展示確認: 1号艇伸び良→そのまま採用。悪→飛び組に差し替え。circle_pct上位2艇に絞り込むこと。'}",,,26.8,逃げ狙い,16.67,25.9,2,,,,,,,,,,,
2026-03-24,丸亀,6,4,前田健太,B1,46.96,4,△,9.8435,10.8,100,46.2,0.172,3.3385,,,0,低,137,0,抜1%,1 462,0,38.2,1.0123,0,0,0.0769,0.0385,0.0769,0.1746,0.1302,0.1302,,,A,,◎,0.2097,0.6055,0.2379,0.5581,A,73,0,◎-○軸 3着3〜4艇流し（10〜15点）,0.5777,"{'is_target': True, 'verdict': '点数絞り', 'max_combo_prob': 0.1163, 'est_top_odds': 11.5, 'circle_concentration': 81.0, 'eligible_count': 8, 'bet_adj': 0, 'reason': 'rel_win1=53.2%（本命度） / 最有力組み合わせ確率: 0.116（推定実オッズ?12倍） / 2着集中度: 上位2艇 81.0%（補正+0.04） / 総合判定確率: 0.156 / → ヒモはやや固め。上位2艇以外を切ること', 'tenji_trigger': '展示確認: 1号艇伸び良→そのまま採用。悪→飛び組に差し替え。circle_pct上位2艇に絞り込むこと。'}",,,26.8,逃げ狙い,16.67,25.9,2,,,,,,,,,,,
2026-03-24,丸亀,6,5,柴田朋哉,A2,42.02,5,○,7.9515,5,99,52.8,0.1296,2.7264,,,0,低,105,0,差ま0%,5 5432,0,80.9,1.5262,0,0,0,0.0526,0,0.0727,0.1584,0.1221,,,B,,,0.3517,0.5935,,0.5581,A,73,0,◎-○軸 3着3〜4艇流し（10〜15点）,0.5777,"{'is_target': True, 'verdict': '点数絞り', 'max_combo_prob': 0.1163, 'est_top_odds': 11.5, 'circle_concentration': 81.0, 'eligible_count': 8, 'bet_adj': 0, 'reason': 'rel_win1=53.2%（本命度） / 最有力組み合わせ確率: 0.116（推定実オッズ?12倍） / 2着集中度: 上位2艇 81.0%（補正+0.04） / 総合判定確率: 0.156 / → ヒモはやや固め。上位2艇以外を切ること', 'tenji_trigger': '展示確認: 1号艇伸び良→そのまま採用。悪→飛び組に差し替え。circle_pct上位2艇に絞り込むこと。'}",,,26.8,逃げ狙い,16.67,25.9,2,,,,,,,,,,,
2026-03-24,丸亀,6,6,峰重侑治,B2,27.12,6,,0.9725,3.2,29,22.8,0.2002,4.5439,,,0,低,114,0,-,5 F24,0,30.9,1.0014,,,,,,0.2267,0.0533,0,,,D,△,,0.1556,0.6135,,0.5581,A,73,0,◎-○軸 3着3〜4艇流し（10〜15点）,0.5777,"{'is_target': True, 'verdict': '点数絞り', 'max_combo_prob': 0.1163, 'est_top_odds': 11.5, 'circle_concentration': 81.0, 'eligible_count': 8, 'bet_adj': 0, 'reason': 'rel_win1=53.2%（本命度） / 最有力組み合わせ確率: 0.116（推定実オッズ?12倍） / 2着集中度: 上位2艇 81.0%（補正+0.04） / 総合判定確率: 0.156 / → ヒモはやや固め。上位2艇以外を切ること', 'tenji_trigger': '展示確認: 1号艇伸び良→そのまま採用。悪→飛び組に差し替え。circle_pct上位2艇に絞り込むこと。'}",,,26.8,逃げ狙い,16.67,25.9,2,,,,,,,,,,,
2026-03-24,丸亀,7,1,山ノ内雅,A2,34.48,1,◎,61.4452,,0,97.6,0.1432,2.3659,,,0,低,97,0,逃1%,2 3222,0,92.6,1.2449,0.5676,,,,,0.1041,0.0432,0.0324,◎,,C,◎,,,0.6915,,0.6202,S,86,0,◎1着固定 2-3着流し（5〜8点）,0.5777,"{'is_target': True, 'verdict': '点数絞り', 'max_combo_prob': 0.1491, 'est_top_odds': 8.9, 'circle_concentration': 87.8, 'eligible_count': 6, 'bet_adj': 0, 'reason': 'rel_win1=61.4%（本命度） / 最有力組み合わせ確率: 0.149（推定実オッズ?9倍） / 2着集中度: 上位2艇 87.8%（補正+0.04） / 総合判定確率: 0.189 / → ヒモはやや固め。上位2艇以外を切ること', 'tenji_trigger': '展示確認: 1号艇伸び良→そのまま採用。悪→飛び組に差し替え。circle_pct上位2艇に絞り込むこと。'}",,,26.4,逃げ狙い,15.23,26,3,,,,,0,0,0.7559,0,,逃げ軸流し,A
2026-03-24,丸亀,7,2,佐竹太一,B1,26.72,2,,10.7066,33.7,100,59.4,0.207,4.5781,,,0,低,176,0,差0%,154 63,0,43.7,1.1319,0,0.0588,0,0,0,0.2727,0.0364,0.1727,,,D,,,0.0777,0.589,,0.6202,S,86,0,◎1着固定 2-3着流し（5〜8点）,0.5777,"{'is_target': True, 'verdict': '点数絞り', 'max_combo_prob': 0.1491, 'est_top_odds': 8.9, 'circle_concentration': 87.8, 'eligible_count': 6, 'bet_adj': 0, 'reason': 'rel_win1=61.4%（本命度） / 最有力組み合わせ確率: 0.149（推定実オッズ?9倍） / 2着集中度: 上位2艇 87.8%（補正+0.04） / 総合判定確率: 0.189 / → ヒモはやや固め。上位2艇以外を切ること', 'tenji_trigger': '展示確認: 1号艇伸び良→そのまま採用。悪→飛び組に差し替え。circle_pct上位2艇に絞り込むこと。'}",,,26.4,逃げ狙い,15.23,26,3,,,,,,,,,,,
2026-03-24,丸亀,7,3,船岡洋一,A1,19.27,3,,15.3939,54.1,89,82.2,0.134,2.7556,,,0,低,67,0,-,512 53,0,54.7,0.8221,0,0,0.0769,0.1923,0,0.0811,0.027,0.1081,,◎,E,△,,0.3833,0.6315,,0.6202,S,86,0,◎1着固定 2-3着流し（5〜8点）,0.5777,"{'is_target': True, 'verdict': '点数絞り', 'max_combo_prob': 0.1491, 'est_top_odds': 8.9, 'circle_concentration': 87.8, 'eligible_count': 6, 'bet_adj': 0, 'reason': 'rel_win1=61.4%（本命度） / 最有力組み合わせ確率: 0.149（推定実オッズ?9倍） / 2着集中度: 上位2艇 87.8%（補正+0.04） / 総合判定確率: 0.189 / → ヒモはやや固め。上位2艇以外を切ること', 'tenji_trigger': '展示確認: 1号艇伸び良→そのまま採用。悪→飛び組に差し替え。circle_pct上位2艇に絞り込むこと。'}",,,26.4,逃げ狙い,15.23,26,3,,,,,,,,,,,
2026-03-24,丸亀,7,4,齋藤智裕,B1,54.78,4,○,6.8721,4.6,43,13.6,0.1798,3.7045,,,0,低,102,0,-,4 S56,0,22.4,0.646,0,0,0.04,0,0,0.3576,0.4047,0,,,A,△,,0.1451,0.6105,,0.6202,S,86,0,◎1着固定 2-3着流し（5〜8点）,0.5777,"{'is_target': True, 'verdict': '点数絞り', 'max_combo_prob': 0.1491, 'est_top_odds': 8.9, 'circle_concentration': 87.8, 'eligible_count': 6, 'bet_adj': 0, 'reason': 'rel_win1=61.4%（本命度） / 最有力組み合わせ確率: 0.149（推定実オッズ?9倍） / 2着集中度: 上位2艇 87.8%（補正+0.04） / 総合判定確率: 0.189 / → ヒモはやや固め。上位2艇以外を切ること', 'tenji_trigger': '展示確認: 1号艇伸び良→そのまま採用。悪→飛び組に差し替え。circle_pct上位2艇に絞り込むこと。'}",,,26.4,逃げ狙い,15.23,26,3,,,,,,,,,,,
2026-03-24,丸亀,7,5,冨成謙児,B1,43.48,5,▲,2.6328,3,37,21,0.176,4.2469,,,0,低,112,0,-,461 53,0,29.6,1.1012,,,,,,0.3043,0.1739,0.1739,,,B,○,,0.2155,0.6875,,0.6202,S,86,0,◎1着固定 2-3着流し（5〜8点）,0.5777,"{'is_target': True, 'verdict': '点数絞り', 'max_combo_prob': 0.1491, 'est_top_odds': 8.9, 'circle_concentration': 87.8, 'eligible_count': 6, 'bet_adj': 0, 'reason': 'rel_win1=61.4%（本命度） / 最有力組み合わせ確率: 0.149（推定実オッズ?9倍） / 2着集中度: 上位2艇 87.8%（補正+0.04） / 総合判定確率: 0.189 / → ヒモはやや固め。上位2艇以外を切ること', 'tenji_trigger': '展示確認: 1号艇伸び良→そのまま採用。悪→飛び組に差し替え。circle_pct上位2艇に絞り込むこと。'}",,,26.4,逃げ狙い,15.23,26,3,,,,,,,,,,,
2026-03-24,丸亀,7,6,西丸侑太,A1,42.98,6,△,2.9494,4.6,43,34.1,0.1627,4.0114,,,0,低,100,0,-,35112,0,75.1,1.5386,,,,,,0,0.1314,0.0429,,,B,△,,0.2544,0.6105,,0.6202,S,86,0,◎1着固定 2-3着流し（5〜8点）,0.5777,"{'is_target': True, 'verdict': '点数絞り', 'max_combo_prob': 0.1491, 'est_top_odds': 8.9, 'circle_concentration': 87.8, 'eligible_count': 6, 'bet_adj': 0, 'reason': 'rel_win1=61.4%（本命度） / 最有力組み合わせ確率: 0.149（推定実オッズ?9倍） / 2着集中度: 上位2艇 87.8%（補正+0.04） / 総合判定確率: 0.189 / → ヒモはやや固め。上位2艇以外を切ること', 'tenji_trigger': '展示確認: 1号艇伸び良→そのまま採用。悪→飛び組に差し替え。circle_pct上位2艇に絞り込むこと。'}",,,26.4,逃げ狙い,15.23,26,3,,,,,,,,,,,
2026-03-24,丸亀,8,1,加倉侑征,A2,49.57,1,◎,65.9907,,0,81.8,0.1293,2.9273,,,0,低,56,0,逃1%,124 51,0,62.5,0.9312,0.4667,,,,,0.2933,0.1333,0.16,◎,,A,△,,,0.6175,,0.4845,A,78,0,◎-○軸 3着3〜4艇流し（10〜15点）,0.5777,"{'is_target': True, 'verdict': '点数絞り', 'max_combo_prob': 0.1385, 'est_top_odds': 9.6, 'circle_concentration': 81.7, 'eligible_count': 8, 'bet_adj': 0, 'reason': 'rel_win1=66.0%（本命度） / 最有力組み合わせ確率: 0.139（推定実オッズ?10倍） / 2着集中度: 上位2艇 81.7%（補正+0.04） / 総合判定確率: 0.179 / → ヒモはやや固め。上位2艇以外を切ること', 'tenji_trigger': '展示確認: 1号艇伸び良→そのまま採用。悪→飛び組に差し替え。circle_pct上位2艇に絞り込むこと。\n展示で1号艇スタート超安定(0.129秒)→ヒモ固まり方向に注意'}",,,30.7,逃げ狙い,18.73,35.2,2,,,,,0,0,0.7559,0,,逃げ軸流し,A
2026-03-24,丸亀,8,2,有賀達也,A1,28.70,2,,14.4296,55.9,39,67.7,0.144,3.2339,,,0,低,73,0,-,32S212,0,34.2,0.6533,0,0.1154,0.0769,0,0,0.0345,0.1379,0.0345,,,D,△,,0.2219,0.657,,0.4845,A,78,0,◎-○軸 3着3〜4艇流し（10〜15点）,0.5777,"{'is_target': True, 'verdict': '点数絞り', 'max_combo_prob': 0.1385, 'est_top_odds': 9.6, 'circle_concentration': 81.7, 'eligible_count': 8, 'bet_adj': 0, 'reason': 'rel_win1=66.0%（本命度） / 最有力組み合わせ確率: 0.139（推定実オッズ?10倍） / 2着集中度: 上位2艇 81.7%（補正+0.04） / 総合判定確率: 0.179 / → ヒモはやや固め。上位2艇以外を切ること', 'tenji_trigger': '展示確認: 1号艇伸び良→そのまま採用。悪→飛び組に差し替え。circle_pct上位2艇に絞り込むこと。\n展示で1号艇スタート超安定(0.129秒)→ヒモ固まり方向に注意'}",,,30.7,逃げ狙い,18.73,35.2,2,,,,,,,,,,,
2026-03-24,丸亀,8,3,松田竜馬,B1,35.04,3,○,5.3346,25.9,100,65.3,0.1197,2.5533,,,0,低,79,0,-,546 25,0,49.4,1.1048,,,,,,0.0143,0.1286,0.2429,,◎,C,○,,0.388,0.663,,0.4845,A,78,0,◎-○軸 3着3〜4艇流し（10〜15点）,0.5777,"{'is_target': True, 'verdict': '点数絞り', 'max_combo_prob': 0.1385, 'est_top_odds': 9.6, 'circle_concentration': 81.7, 'eligible_count': 8, 'bet_adj': 0, 'reason': 'rel_win1=66.0%（本命度） / 最有力組み合わせ確率: 0.139（推定実オッズ?10倍） / 2着集中度: 上位2艇 81.7%（補正+0.04） / 総合判定確率: 0.179 / → ヒモはやや固め。上位2艇以外を切ること', 'tenji_trigger': '展示確認: 1号艇伸び良→そのまま採用。悪→飛び組に差し替え。circle_pct上位2艇に絞り込むこと。\n展示で1号艇スタート超安定(0.129秒)→ヒモ固まり方向に注意'}",,,30.7,逃げ狙い,18.73,35.2,2,,,,,,,,,,,
2026-03-24,丸亀,8,4,森　悠稀,A2,30.17,4,▲,10.0177,13.6,80,54.4,0.1246,2.5965,,,0,低,62,0,-,3 4221,0,99.6,1.9615,0,0,0.1765,0,0,0.0552,0.0276,0.0552,,,D,◎,◎,0.3648,0.6755,0.4088,0.4845,A,78,0,◎-○軸 3着3〜4艇流し（10〜15点）,0.5777,"{'is_target': True, 'verdict': '点数絞り', 'max_combo_prob': 0.1385, 'est_top_odds': 9.6, 'circle_concentration': 81.7, 'eligible_count': 8, 'bet_adj': 0, 'reason': 'rel_win1=66.0%（本命度） / 最有力組み合わせ確率: 0.139（推定実オッズ?10倍） / 2着集中度: 上位2艇 81.7%（補正+0.04） / 総合判定確率: 0.179 / → ヒモはやや固め。上位2艇以外を切ること', 'tenji_trigger': '展示確認: 1号艇伸び良→そのまま採用。悪→飛び組に差し替え。circle_pct上位2艇に絞り込むこと。\n展示で1号艇スタート超安定(0.129秒)→ヒモ固まり方向に注意'}",,,30.7,逃げ狙い,18.73,35.2,2,,,,,,,,,,,
2026-03-24,丸亀,8,5,佐藤世那,B1,23.89,5,,3.0776,3.2,43,12.5,0.1641,3.5781,,,0,低,89,0,-,155 14,0,29.4,0.6695,,,,,,0.3543,0.2343,0.0286,,,E,,,0.2172,0.49,,0.4845,A,78,0,◎-○軸 3着3〜4艇流し（10〜15点）,0.5777,"{'is_target': True, 'verdict': '点数絞り', 'max_combo_prob': 0.1385, 'est_top_odds': 9.6, 'circle_concentration': 81.7, 'eligible_count': 8, 'bet_adj': 0, 'reason': 'rel_win1=66.0%（本命度） / 最有力組み合わせ確率: 0.139（推定実オッズ?10倍） / 2着集中度: 上位2艇 81.7%（補正+0.04） / 総合判定確率: 0.179 / → ヒモはやや固め。上位2艇以外を切ること', 'tenji_trigger': '展示確認: 1号艇伸び良→そのまま採用。悪→飛び組に差し替え。circle_pct上位2艇に絞り込むこと。\n展示で1号艇スタート超安定(0.129秒)→ヒモ固まり方向に注意'}",,,30.7,逃げ狙い,18.73,35.2,2,,,,,,,,,,,
2026-03-24,丸亀,8,6,森作広大,B1,36.84,6,△,1.1497,1.5,43,6.2,0.2359,5.375,,,0,低,96,0,-,3 F54,0,24.1,0.6086,,,,,,0.5412,0,0.1412,,,B,,,0.155,0.596,,0.4845,A,78,0,◎-○軸 3着3〜4艇流し（10〜15点）,0.5777,"{'is_target': True, 'verdict': '点数絞り', 'max_combo_prob': 0.1385, 'est_top_odds': 9.6, 'circle_concentration': 81.7, 'eligible_count': 8, 'bet_adj': 0, 'reason': 'rel_win1=66.0%（本命度） / 最有力組み合わせ確率: 0.139（推定実オッズ?10倍） / 2着集中度: 上位2艇 81.7%（補正+0.04） / 総合判定確率: 0.179 / → ヒモはやや固め。上位2艇以外を切ること', 'tenji_trigger': '展示確認: 1号艇伸び良→そのまま採用。悪→飛び組に差し替え。circle_pct上位2艇に絞り込むこと。\n展示で1号艇スタート超安定(0.129秒)→ヒモ固まり方向に注意'}",,,30.7,逃げ狙い,18.73,35.2,2,,,,,,,,,,,
2026-03-24,丸亀,9,1,牟田奨太,B1,38.46,1,◎,55.037,,0,76.7,0.1635,3.1977,,,0,低,75,0,逃0%,221 15,0,67.8,1.0044,0.3913,,,,,0.1727,0.1379,0.087,○,,B,△,,,0.6255,,0.3807,A,63,0,◎-○軸 3着3〜4艇流し（10〜15点）,0.5777,"{'is_target': True, 'verdict': '参加推奨', 'max_combo_prob': 0.0754, 'est_top_odds': 17.7, 'circle_concentration': 70.3, 'eligible_count': 8, 'bet_adj': 2, 'reason': 'rel_win1=55.0%（本命度） / 最有力組み合わせ確率: 0.075（推定実オッズ?18倍） / 2着集中度: 上位2艇 70.3%（補正+0.04） / 総合判定確率: 0.115 / → ヒモ分散。1号艇1着固定で広めのヒモ流し推奨（買い目+2点）', 'tenji_trigger': '展示確認: ヒモ分散レース。1号艇伸び確認後、広めのヒモ流しを採用。穴ヒモ（5・6号艇）を積極的に含める。'}",,,30.8,両建て推奨,22.59,32.1,2,,,,,0,0,0.6155,0,,逃げ軸流し,A
2026-03-24,丸亀,9,2,桑原　悠,A1,25.71,2,,16.8442,41.1,98,95.5,0.1427,2.6818,,,0,低,26,0,-,43164,0,34,0.8976,0,0.125,0.125,0,0,0.0444,0.0972,0.0667,,◎,E,○,,0.5642,0.6315,,0.3807,A,63,0,◎-○軸 3着3〜4艇流し（10〜15点）,0.5777,"{'is_target': True, 'verdict': '参加推奨', 'max_combo_prob': 0.0754, 'est_top_odds': 17.7, 'circle_concentration': 70.3, 'eligible_count': 8, 'bet_adj': 2, 'reason': 'rel_win1=55.0%（本命度） / 最有力組み合わせ確率: 0.075（推定実オッズ?18倍） / 2着集中度: 上位2艇 70.3%（補正+0.04） / 総合判定確率: 0.115 / → ヒモ分散。1号艇1着固定で広めのヒモ流し推奨（買い目+2点）', 'tenji_trigger': '展示確認: ヒモ分散レース。1号艇伸び確認後、広めのヒモ流しを採用。穴ヒモ（5・6号艇）を積極的に含める。'}",,,30.8,両建て推奨,22.59,32.1,2,,,,,,,,,,,
2026-03-24,丸亀,9,3,原田篤志,A1,37.93,3,△,10.3787,29.2,100,78.3,0.1675,3.3417,,,0,低,122,0,-,143 41,0,33.4,0.9698,0,0,0.0345,0.0345,0.0345,0.02,0.125,0.02,,,C,,,0.2847,0.5685,,0.3807,A,63,0,◎-○軸 3着3〜4艇流し（10〜15点）,0.5777,"{'is_target': True, 'verdict': '参加推奨', 'max_combo_prob': 0.0754, 'est_top_odds': 17.7, 'circle_concentration': 70.3, 'eligible_count': 8, 'bet_adj': 2, 'reason': 'rel_win1=55.0%（本命度） / 最有力組み合わせ確率: 0.075（推定実オッズ?18倍） / 2着集中度: 上位2艇 70.3%（補正+0.04） / 総合判定確率: 0.115 / → ヒモ分散。1号艇1着固定で広めのヒモ流し推奨（買い目+2点）', 'tenji_trigger': '展示確認: ヒモ分散レース。1号艇伸び確認後、広めのヒモ流しを採用。穴ヒモ（5・6号艇）を積極的に含める。'}",,,30.8,両建て推奨,22.59,32.1,2,,,,,,,,,,,
2026-03-24,丸亀,9,4,村上　遼,A1,26.09,4,▲,13.3655,26.6,65,79.5,0.131,2.5897,,,0,低,49,0,ま0% 抜0%,2 2351,0,90.6,1.6343,0,0,0.1333,0,0.0667,0.0593,0.3141,0.0296,,○,D,◎,◎,0.4632,0.6535,0.459,0.3807,A,63,0,◎-○軸 3着3〜4艇流し（10〜15点）,0.5777,"{'is_target': True, 'verdict': '参加推奨', 'max_combo_prob': 0.0754, 'est_top_odds': 17.7, 'circle_concentration': 70.3, 'eligible_count': 8, 'bet_adj': 2, 'reason': 'rel_win1=55.0%（本命度） / 最有力組み合わせ確率: 0.075（推定実オッズ?18倍） / 2着集中度: 上位2艇 70.3%（補正+0.04） / 総合判定確率: 0.115 / → ヒモ分散。1号艇1着固定で広めのヒモ流し推奨（買い目+2点）', 'tenji_trigger': '展示確認: ヒモ分散レース。1号艇伸び確認後、広めのヒモ流しを採用。穴ヒモ（5・6号艇）を積極的に含める。'}",,,30.8,両建て推奨,22.59,32.1,2,,,,,,,,,,,
2026-03-24,丸亀,9,5,安田政彦,A2,33.04,5,,3.2594,0.8,57,18.2,0.2086,4.4659,,,0,低,147,0,-,3 2425,0,37.5,1.0574,0,0,0,0.04,0,0.2188,0.3285,0.1918,,,C,,,0.1568,0.5665,,0.3807,A,63,0,◎-○軸 3着3〜4艇流し（10〜15点）,0.5777,"{'is_target': True, 'verdict': '参加推奨', 'max_combo_prob': 0.0754, 'est_top_odds': 17.7, 'circle_concentration': 70.3, 'eligible_count': 8, 'bet_adj': 2, 'reason': 'rel_win1=55.0%（本命度） / 最有力組み合わせ確率: 0.075（推定実オッズ?18倍） / 2着集中度: 上位2艇 70.3%（補正+0.04） / 総合判定確率: 0.115 / → ヒモ分散。1号艇1着固定で広めのヒモ流し推奨（買い目+2点）', 'tenji_trigger': '展示確認: ヒモ分散レース。1号艇伸び確認後、広めのヒモ流しを採用。穴ヒモ（5・6号艇）を積極的に含める。'}",,,30.8,両建て推奨,22.59,32.1,2,,,,,,,,,,,
2026-03-24,丸亀,9,6,大谷健太,B2,39.66,6,○,1.1151,2.3,78,32.6,0.1551,3.6047,,,0,低,101,0,-,641 41,0,26.4,0.7781,,,,,,0,0.0857,0.1286,,,B,△,,0.3612,0.605,,0.3807,A,63,0,◎-○軸 3着3〜4艇流し（10〜15点）,0.5777,"{'is_target': True, 'verdict': '参加推奨', 'max_combo_prob': 0.0754, 'est_top_odds': 17.7, 'circle_concentration': 70.3, 'eligible_count': 8, 'bet_adj': 2, 'reason': 'rel_win1=55.0%（本命度） / 最有力組み合わせ確率: 0.075（推定実オッズ?18倍） / 2着集中度: 上位2艇 70.3%（補正+0.04） / 総合判定確率: 0.115 / → ヒモ分散。1号艇1着固定で広めのヒモ流し推奨（買い目+2点）', 'tenji_trigger': '展示確認: ヒモ分散レース。1号艇伸び確認後、広めのヒモ流しを採用。穴ヒモ（5・6号艇）を積極的に含める。'}",,,30.8,両建て推奨,22.59,32.1,2,,,,,,,,,,,
2026-03-24,丸亀,10,1,相原利章,A2,37.61,1,◎,56.7562,,0,81.1,0.1153,2.3019,,,0,低,43,0,逃0%,323 13,0,84.9,1.0565,0.5,,,,,0.0933,0.2033,0.2633,◎,,C,△,,,0.643,,0.6713,A,78,0,◎-○軸 3着3〜4艇流し（10〜15点）,0.5777,"{'is_target': True, 'verdict': '点数絞り', 'max_combo_prob': 0.0964, 'est_top_odds': 13.8, 'circle_concentration': 80.4, 'eligible_count': 8, 'bet_adj': 0, 'reason': 'rel_win1=56.8%（本命度） / 最有力組み合わせ確率: 0.096（推定実オッズ?14倍） / 2着集中度: 上位2艇 80.4%（補正+0.04） / 総合判定確率: 0.136 / → ヒモはやや固め。上位2艇以外を切ること', 'tenji_trigger': '展示確認: 1号艇伸び良→そのまま採用。悪→飛び組に差し替え。circle_pct上位2艇に絞り込むこと。\n展示で1号艇スタート超安定(0.115秒)→ヒモ固まり方向に注意'}",,,29.2,逃げ狙い,19,30.8,2,,,,,0,0,0.7559,0,,逃げ軸流し,A
2026-03-24,丸亀,10,2,上條嘉嗣,A1,54.78,2,○,17.2847,52.1,32,73.9,0.1832,3.8769,,,0,低,185,0,-,21352,0,52.1,0.9647,0,0.2258,0,0,0,0.0093,0.1705,0.1132,,,A,,,0.1174,0.573,,0.6713,A,78,0,◎-○軸 3着3〜4艇流し（10〜15点）,0.5777,"{'is_target': True, 'verdict': '点数絞り', 'max_combo_prob': 0.0964, 'est_top_odds': 13.8, 'circle_concentration': 80.4, 'eligible_count': 8, 'bet_adj': 0, 'reason': 'rel_win1=56.8%（本命度） / 最有力組み合わせ確率: 0.096（推定実オッズ?14倍） / 2着集中度: 上位2艇 80.4%（補正+0.04） / 総合判定確率: 0.136 / → ヒモはやや固め。上位2艇以外を切ること', 'tenji_trigger': '展示確認: 1号艇伸び良→そのまま採用。悪→飛び組に差し替え。circle_pct上位2艇に絞り込むこと。\n展示で1号艇スタート超安定(0.115秒)→ヒモ固まり方向に注意'}",,,29.2,逃げ狙い,19,30.8,2,,,,,,,,,,,
2026-03-24,丸亀,10,3,藤田靖弘,A2,25.64,3,,9.7524,28.2,100,67.2,0.1469,2.8134,,,0,低,111,0,-,3 4135,0,46.7,1.076,0,0,0.0556,0.0556,0,0.0533,0.115,0.0267,,,E,○,,0.1516,0.6755,,0.6713,A,78,0,◎-○軸 3着3〜4艇流し（10〜15点）,0.5777,"{'is_target': True, 'verdict': '点数絞り', 'max_combo_prob': 0.0964, 'est_top_odds': 13.8, 'circle_concentration': 80.4, 'eligible_count': 8, 'bet_adj': 0, 'reason': 'rel_win1=56.8%（本命度） / 最有力組み合わせ確率: 0.096（推定実オッズ?14倍） / 2着集中度: 上位2艇 80.4%（補正+0.04） / 総合判定確率: 0.136 / → ヒモはやや固め。上位2艇以外を切ること', 'tenji_trigger': '展示確認: 1号艇伸び良→そのまま採用。悪→飛び組に差し替え。circle_pct上位2艇に絞り込むこと。\n展示で1号艇スタート超安定(0.115秒)→ヒモ固まり方向に注意'}",,,29.2,逃げ狙い,19,30.8,2,,,,,,,,,,,
2026-03-24,丸亀,10,4,庄司孝輔,B1,40.50,4,▲,6.993,12.1,83,35.7,0.1918,3.5893,,,0,低,133,0,ま0% 差ま0% 抜0%,2 431,0,24.6,0.793,0,0,0.0417,0.0417,0.0417,0.016,0.2,0.08,,,B,,,0.1438,0.577,,0.6713,A,78,0,◎-○軸 3着3〜4艇流し（10〜15点）,0.5777,"{'is_target': True, 'verdict': '点数絞り', 'max_combo_prob': 0.0964, 'est_top_odds': 13.8, 'circle_concentration': 80.4, 'eligible_count': 8, 'bet_adj': 0, 'reason': 'rel_win1=56.8%（本命度） / 最有力組み合わせ確率: 0.096（推定実オッズ?14倍） / 2着集中度: 上位2艇 80.4%（補正+0.04） / 総合判定確率: 0.136 / → ヒモはやや固め。上位2艇以外を切ること', 'tenji_trigger': '展示確認: 1号艇伸び良→そのまま採用。悪→飛び組に差し替え。circle_pct上位2艇に絞り込むこと。\n展示で1号艇スタート超安定(0.115秒)→ヒモ固まり方向に注意'}",,,29.2,逃げ狙い,19,30.8,2,,,,,,,,,,,
2026-03-24,丸亀,10,5,谷口知優,B1,32.14,5,,6.2188,4.4,96,46.7,0.1598,3.3444,,,0,低,83,0,-,1 266,0,61.2,1.1245,0,0,0.0476,0.0476,0,0,0.3481,0.1039,,,D,△,,0.18,0.6165,,0.6713,A,78,0,◎-○軸 3着3〜4艇流し（10〜15点）,0.5777,"{'is_target': True, 'verdict': '点数絞り', 'max_combo_prob': 0.0964, 'est_top_odds': 13.8, 'circle_concentration': 80.4, 'eligible_count': 8, 'bet_adj': 0, 'reason': 'rel_win1=56.8%（本命度） / 最有力組み合わせ確率: 0.096（推定実オッズ?14倍） / 2着集中度: 上位2艇 80.4%（補正+0.04） / 総合判定確率: 0.136 / → ヒモはやや固め。上位2艇以外を切ること', 'tenji_trigger': '展示確認: 1号艇伸び良→そのまま採用。悪→飛び組に差し替え。circle_pct上位2艇に絞り込むこと。\n展示で1号艇スタート超安定(0.115秒)→ヒモ固まり方向に注意'}",,,29.2,逃げ狙い,19,30.8,2,,,,,,,,,,,
2026-03-24,丸亀,10,6,山ノ内雅,A2,34.48,6,△,2.9949,3.1,28,25.4,0.1486,3.5,,,0,低,97,0,-,2 3222,0,37,1.0825,,,,,,0.1041,0.0432,0.0324,,,D,◎,,0.2373,0.6915,,0.6713,A,78,0,◎-○軸 3着3〜4艇流し（10〜15点）,0.5777,"{'is_target': True, 'verdict': '点数絞り', 'max_combo_prob': 0.0964, 'est_top_odds': 13.8, 'circle_concentration': 80.4, 'eligible_count': 8, 'bet_adj': 0, 'reason': 'rel_win1=56.8%（本命度） / 最有力組み合わせ確率: 0.096（推定実オッズ?14倍） / 2着集中度: 上位2艇 80.4%（補正+0.04） / 総合判定確率: 0.136 / → ヒモはやや固め。上位2艇以外を切ること', 'tenji_trigger': '展示確認: 1号艇伸び良→そのまま採用。悪→飛び組に差し替え。circle_pct上位2艇に絞り込むこと。\n展示で1号艇スタート超安定(0.115秒)→ヒモ固まり方向に注意'}",,,29.2,逃げ狙い,19,30.8,2,,,,,,,,,,,
2026-03-24,丸亀,11,1,西丸侑太,A1,42.98,1,◎,63.0047,,0,87.5,0.15,3.125,,,0,低,100,0,逃1%,35112,0,71.7,1.11,0.6786,,,,,0,0.1314,0.0429,◎,,B,△,,,0.6105,,0.4697,S,89,0,◎1着固定 2-3着流し（5〜8点）,0.5777,"{'is_target': True, 'verdict': '参加推奨', 'max_combo_prob': 0.0793, 'est_top_odds': 16.8, 'circle_concentration': 59.9, 'eligible_count': 6, 'bet_adj': 2, 'reason': 'rel_win1=63.0%（本命度） / 最有力組み合わせ確率: 0.079（推定実オッズ?17倍） / 2着集中度: 上位2艇 59.9%（補正+0.00） / 総合判定確率: 0.079 / → ヒモ分散。1号艇1着固定で広めのヒモ流し推奨（買い目+2点）', 'tenji_trigger': '展示確認: ヒモ分散レース。1号艇伸び確認後、広めのヒモ流しを採用。穴ヒモ（5・6号艇）を積極的に含める。'}",,,26.4,逃げ狙い,16.31,24.9,5,,,,,0,0,0.7559,0,,逃げ軸流し,A
2026-03-24,丸亀,11,2,中井俊祐,B1,32.20,2,,9.699,28.5,72,54.5,0.1733,3.803,,,0,低,130,0,差0%,1 641,0,68.3,0.8928,0,0.037,0,0,0,0.1333,0.3167,0.2,,,D,,,0.0737,0.6095,,0.4697,S,89,0,◎1着固定 2-3着流し（5〜8点）,0.5777,"{'is_target': True, 'verdict': '参加推奨', 'max_combo_prob': 0.0793, 'est_top_odds': 16.8, 'circle_concentration': 59.9, 'eligible_count': 6, 'bet_adj': 2, 'reason': 'rel_win1=63.0%（本命度） / 最有力組み合わせ確率: 0.079（推定実オッズ?17倍） / 2着集中度: 上位2艇 59.9%（補正+0.00） / 総合判定確率: 0.079 / → ヒモ分散。1号艇1着固定で広めのヒモ流し推奨（買い目+2点）', 'tenji_trigger': '展示確認: ヒモ分散レース。1号艇伸び確認後、広めのヒモ流しを採用。穴ヒモ（5・6号艇）を積極的に含める。'}",,,26.4,逃げ狙い,16.31,24.9,5,,,,,,,,,,,
2026-03-24,丸亀,11,3,加倉侑征,A2,49.57,3,○,11.3736,31.3,59,56.1,0.1314,2.5606,,,0,低,56,0,抜0%,124 51,0,100,2.2563,0,0.0312,0.0312,0.0938,0.0312,0.2933,0.1333,0.16,,◎,A,△,,0.3921,0.6175,,0.4697,S,89,0,◎1着固定 2-3着流し（5〜8点）,0.5777,"{'is_target': True, 'verdict': '参加推奨', 'max_combo_prob': 0.0793, 'est_top_odds': 16.8, 'circle_concentration': 59.9, 'eligible_count': 6, 'bet_adj': 2, 'reason': 'rel_win1=63.0%（本命度） / 最有力組み合わせ確率: 0.079（推定実オッズ?17倍） / 2着集中度: 上位2艇 59.9%（補正+0.00） / 総合判定確率: 0.079 / → ヒモ分散。1号艇1着固定で広めのヒモ流し推奨（買い目+2点）', 'tenji_trigger': '展示確認: ヒモ分散レース。1号艇伸び確認後、広めのヒモ流しを採用。穴ヒモ（5・6号艇）を積極的に含める。'}",,,26.4,逃げ狙い,16.31,24.9,5,,,,,,,,,,,
2026-03-24,丸亀,11,4,船岡洋一,A1,19.27,4,△,9.1602,23.4,100,67.3,0.1439,3.0612,,,0,低,67,0,差ま0%,512 53,0,38.9,0.9651,0,0,0.05,0.15,0,0.0811,0.027,0.1081,,,E,○,◎,0.3355,0.6315,0.3485,0.4697,S,89,0,◎1着固定 2-3着流し（5〜8点）,0.5777,"{'is_target': True, 'verdict': '参加推奨', 'max_combo_prob': 0.0793, 'est_top_odds': 16.8, 'circle_concentration': 59.9, 'eligible_count': 6, 'bet_adj': 2, 'reason': 'rel_win1=63.0%（本命度） / 最有力組み合わせ確率: 0.079（推定実オッズ?17倍） / 2着集中度: 上位2艇 59.9%（補正+0.00） / 総合判定確率: 0.079 / → ヒモ分散。1号艇1着固定で広めのヒモ流し推奨（買い目+2点）', 'tenji_trigger': '展示確認: ヒモ分散レース。1号艇伸び確認後、広めのヒモ流しを採用。穴ヒモ（5・6号艇）を積極的に含める。'}",,,26.4,逃げ狙い,16.31,24.9,5,,,,,,,,,,,
2026-03-24,丸亀,11,5,君島秀三,A1,39.50,5,▲,5.6994,12.7,47,51.8,0.1311,3.1786,,,0,低,60,0,差0% 抜0%,262134,0,29.1,1.4438,0,0.0333,0,0,0.0333,0.0767,0.0333,0.1617,,,C,◎,○,0.3375,0.6695,0.3231,0.4697,S,89,0,◎1着固定 2-3着流し（5〜8点）,0.5777,"{'is_target': True, 'verdict': '参加推奨', 'max_combo_prob': 0.0793, 'est_top_odds': 16.8, 'circle_concentration': 59.9, 'eligible_count': 6, 'bet_adj': 2, 'reason': 'rel_win1=63.0%（本命度） / 最有力組み合わせ確率: 0.079（推定実オッズ?17倍） / 2着集中度: 上位2艇 59.9%（補正+0.00） / 総合判定確率: 0.079 / → ヒモ分散。1号艇1着固定で広めのヒモ流し推奨（買い目+2点）', 'tenji_trigger': '展示確認: ヒモ分散レース。1号艇伸び確認後、広めのヒモ流しを採用。穴ヒモ（5・6号艇）を積極的に含める。'}",,,26.4,逃げ狙い,16.31,24.9,5,,,,,,,,,,,
2026-03-24,丸亀,11,6,三木晴斗,B1,38.60,6,,1.0632,4,30,24.1,0.15,3.1204,,,0,低,97,0,-,5 153,0,27.9,0.7772,,,,,,0.095,0.195,0.155,,,C,,,0.3141,0.5655,,0.4697,S,89,0,◎1着固定 2-3着流し（5〜8点）,0.5777,"{'is_target': True, 'verdict': '参加推奨', 'max_combo_prob': 0.0793, 'est_top_odds': 16.8, 'circle_concentration': 59.9, 'eligible_count': 6, 'bet_adj': 2, 'reason': 'rel_win1=63.0%（本命度） / 最有力組み合わせ確率: 0.079（推定実オッズ?17倍） / 2着集中度: 上位2艇 59.9%（補正+0.00） / 総合判定確率: 0.079 / → ヒモ分散。1号艇1着固定で広めのヒモ流し推奨（買い目+2点）', 'tenji_trigger': '展示確認: ヒモ分散レース。1号艇伸び確認後、広めのヒモ流しを採用。穴ヒモ（5・6号艇）を積極的に含める。'}",,,26.4,逃げ狙い,16.31,24.9,5,,,,,,,,,,,
2026-03-24,丸亀,12,1,森　悠稀,A2,30.17,1,◎,63.6217,,0,88.3,0.1483,2.9333,,,0,低,62,0,逃1%,3 4221,0,74.1,0.9803,0.5862,,,,,0.0552,0.0276,0.0552,◎,,C,○,,,0.6755,,0.4738,A,79,0,◎-○軸 3着3〜4艇流し（10〜15点）,0.5777,"{'is_target': True, 'verdict': '参加推奨', 'max_combo_prob': 0.0745, 'est_top_odds': 17.9, 'circle_concentration': 64.7, 'eligible_count': 8, 'bet_adj': 2, 'reason': 'rel_win1=63.6%（本命度） / 最有力組み合わせ確率: 0.075（推定実オッズ?18倍） / 2着集中度: 上位2艇 64.7%（補正+0.00） / 総合判定確率: 0.075 / → ヒモ分散。1号艇1着固定で広めのヒモ流し推奨（買い目+2点）', 'tenji_trigger': '展示確認: ヒモ分散レース。1号艇伸び確認後、広めのヒモ流しを採用。穴ヒモ（5・6号艇）を積極的に含める。'}",,,26.2,逃げ狙い,16.18,24.4,2,,,,,0,0,0.7559,0,,逃げ軸流し,A
2026-03-24,丸亀,12,2,永田義紘,B1,29.66,2,△,10.8048,33.5,97,52.2,0.1404,3.1449,,,0,低,104,0,抜0%,2 325,0,87.5,1.5209,0,0,0.0625,0,0.0312,0.262,0.198,0.032,,◎,D,△,,0.3951,0.672,,0.4738,A,79,0,◎-○軸 3着3〜4艇流し（10〜15点）,0.5777,"{'is_target': True, 'verdict': '参加推奨', 'max_combo_prob': 0.0745, 'est_top_odds': 17.9, 'circle_concentration': 64.7, 'eligible_count': 8, 'bet_adj': 2, 'reason': 'rel_win1=63.6%（本命度） / 最有力組み合わせ確率: 0.075（推定実オッズ?18倍） / 2着集中度: 上位2艇 64.7%（補正+0.00） / 総合判定確率: 0.075 / → ヒモ分散。1号艇1着固定で広めのヒモ流し推奨（買い目+2点）', 'tenji_trigger': '展示確認: ヒモ分散レース。1号艇伸び確認後、広めのヒモ流しを採用。穴ヒモ（5・6号艇）を積極的に含める。'}",,,26.2,逃げ狙い,16.18,24.4,2,,,,,,,,,,,
2026-03-24,丸亀,12,3,川島圭司,A2,45.22,3,○,9.222,31.2,100,54,0.1403,2.5541,,,0,低,79,0,-,633 35,0,17.9,0.5294,0,0,0,0.0938,0,0.0353,0.1553,0.1553,,,A,△,,0.3463,0.665,,0.4738,A,79,0,◎-○軸 3着3〜4艇流し（10〜15点）,0.5777,"{'is_target': True, 'verdict': '参加推奨', 'max_combo_prob': 0.0745, 'est_top_odds': 17.9, 'circle_concentration': 64.7, 'eligible_count': 8, 'bet_adj': 2, 'reason': 'rel_win1=63.6%（本命度） / 最有力組み合わせ確率: 0.075（推定実オッズ?18倍） / 2着集中度: 上位2艇 64.7%（補正+0.00） / 総合判定確率: 0.075 / → ヒモ分散。1号艇1着固定で広めのヒモ流し推奨（買い目+2点）', 'tenji_trigger': '展示確認: ヒモ分散レース。1号艇伸び確認後、広めのヒモ流しを採用。穴ヒモ（5・6号艇）を積極的に含める。'}",,,26.2,逃げ狙い,16.18,24.4,2,,,,,,,,,,,
2026-03-24,丸亀,12,4,冨成謙児,B1,43.48,4,▲,6.4743,10.5,71,29.5,0.1561,3.6393,,,0,低,112,0,-,461 53,0,34.5,0.707,,,,,,0.3043,0.1739,0.1739,,,B,◎,,0.2854,0.6875,,0.4738,A,79,0,◎-○軸 3着3〜4艇流し（10〜15点）,0.5777,"{'is_target': True, 'verdict': '参加推奨', 'max_combo_prob': 0.0745, 'est_top_odds': 17.9, 'circle_concentration': 64.7, 'eligible_count': 8, 'bet_adj': 2, 'reason': 'rel_win1=63.6%（本命度） / 最有力組み合わせ確率: 0.075（推定実オッズ?18倍） / 2着集中度: 上位2艇 64.7%（補正+0.00） / 総合判定確率: 0.075 / → ヒモ分散。1号艇1着固定で広めのヒモ流し推奨（買い目+2点）', 'tenji_trigger': '展示確認: ヒモ分散レース。1号艇伸び確認後、広めのヒモ流しを採用。穴ヒモ（5・6号艇）を積極的に含める。'}",,,26.2,逃げ狙い,16.18,24.4,2,,,,,,,,,,,
2026-03-24,丸亀,12,5,有賀達也,A1,28.70,5,,8.7123,24.4,75,51.6,0.1397,2.7016,,,0,低,73,0,-,32S212,0,29.9,0.6088,0,0,0,0.0476,0,0.0345,0.1379,0.0345,,,D,,◎,0.3134,0.657,0.345,0.4738,A,79,0,◎-○軸 3着3〜4艇流し（10〜15点）,0.5777,"{'is_target': True, 'verdict': '参加推奨', 'max_combo_prob': 0.0745, 'est_top_odds': 17.9, 'circle_concentration': 64.7, 'eligible_count': 8, 'bet_adj': 2, 'reason': 'rel_win1=63.6%（本命度） / 最有力組み合わせ確率: 0.075（推定実オッズ?18倍） / 2着集中度: 上位2艇 64.7%（補正+0.00） / 総合判定確率: 0.075 / → ヒモ分散。1号艇1着固定で広めのヒモ流し推奨（買い目+2点）', 'tenji_trigger': '展示確認: ヒモ分散レース。1号艇伸び確認後、広めのヒモ流しを採用。穴ヒモ（5・6号艇）を積極的に含める。'}",,,26.2,逃げ狙い,16.18,24.4,2,,,,,,,,,,,
2026-03-24,丸亀,12,6,浜本裕己,A2,18.97,6,,1.1649,0.4,40,14.3,0.1641,3.7857,,,0,低,123,0,-,614 64,0,28.1,0.6106,,,,,,0.1219,0.0906,0.1829,,,E,,,0.2674,0.6345,,0.4738,A,79,0,◎-○軸 3着3〜4艇流し（10〜15点）,0.5777,"{'is_target': True, 'verdict': '参加推奨', 'max_combo_prob': 0.0745, 'est_top_odds': 17.9, 'circle_concentration': 64.7, 'eligible_count': 8, 'bet_adj': 2, 'reason': 'rel_win1=63.6%（本命度） / 最有力組み合わせ確率: 0.075（推定実オッズ?18倍） / 2着集中度: 上位2艇 64.7%（補正+0.00） / 総合判定確率: 0.075 / → ヒモ分散。1号艇1着固定で広めのヒモ流し推奨（買い目+2点）', 'tenji_trigger': '展示確認: ヒモ分散レース。1号艇伸び確認後、広めのヒモ流しを採用。穴ヒモ（5・6号艇）を積極的に含める。'}",,,26.2,逃げ狙い,16.18,24.4,2,,,,,,,,,,,
2026-03-25,丸亀,1,1,中岡健人,B1,25.00,1,◎,56.2636,,0,70.5,0.147,2.8409,,,0,低,104,0,逃0%,14S 34,0,62.8,0.9341,0.32,,,,,0.28,0.164,0.196,◎,,D,○,,,0.635,,0.4878,A,66,0,◎-○軸 3着3〜4艇流し（10〜15点）,0.5777,"{'is_target': True, 'verdict': '参加推奨', 'max_combo_prob': 0.0841, 'est_top_odds': 15.8, 'circle_concentration': 68.4, 'eligible_count': 8, 'bet_adj': 2, 'reason': 'rel_win1=56.3%（本命度） / 最有力組み合わせ確率: 0.084（推定実オッズ?16倍） / 2着集中度: 上位2艇 68.4%（補正+0.00） / 総合判定確率: 0.084 / → ヒモ分散。1号艇1着固定で広めのヒモ流し推奨（買い目+2点）', 'tenji_trigger': '展示確認: ヒモ分散レース。1号艇伸び確認後、広めのヒモ流しを採用。穴ヒモ（5・6号艇）を積極的に含める。'}",,,30.3,逃げ狙い,16.4,36,4,,,,,0,0,0.7559,0,,逃げ軸流し,A
2026-03-25,丸亀,1,2,和合俊介,B1,30.83,2,○,9.2657,34.3,52,35.1,0.1537,3.2719,,,0,低,102,0,-,553 56,0,73.9,1.4672,,,,,,0.3333,0.5333,0.08,,,B,△,,0.3025,0.6265,,0.4878,A,66,0,◎-○軸 3着3〜4艇流し（10〜15点）,0.5777,"{'is_target': True, 'verdict': '参加推奨', 'max_combo_prob': 0.0841, 'est_top_odds': 15.8, 'circle_concentration': 68.4, 'eligible_count': 8, 'bet_adj': 2, 'reason': 'rel_win1=56.3%（本命度） / 最有力組み合わせ確率: 0.084（推定実オッズ?16倍） / 2着集中度: 上位2艇 68.4%（補正+0.00） / 総合判定確率: 0.084 / → ヒモ分散。1号艇1着固定で広めのヒモ流し推奨（買い目+2点）', 'tenji_trigger': '展示確認: ヒモ分散レース。1号艇伸び確認後、広めのヒモ流しを採用。穴ヒモ（5・6号艇）を積極的に含める。'}",,,30.3,逃げ狙い,16.4,36,4,,,,,,,,,,,
2026-03-25,丸亀,1,3,佐竹太一,B1,26.72,3,,14.3397,34.1,73,43.5,0.1949,3.8768,,,0,低,176,0,-,154 63,0,100,3.1513,0,0,0.0625,0,0,0.2727,0.0364,0.1727,,,D,,,0.1434,0.589,,0.4878,A,66,0,◎-○軸 3着3〜4艇流し（10〜15点）,0.5777,"{'is_target': True, 'verdict': '参加推奨', 'max_combo_prob': 0.0841, 'est_top_odds': 15.8, 'circle_concentration': 68.4, 'eligible_count': 8, 'bet_adj': 2, 'reason': 'rel_win1=56.3%（本命度） / 最有力組み合わせ確率: 0.084（推定実オッズ?16倍） / 2着集中度: 上位2艇 68.4%（補正+0.00） / 総合判定確率: 0.084 / → ヒモ分散。1号艇1着固定で広めのヒモ流し推奨（買い目+2点）', 'tenji_trigger': '展示確認: ヒモ分散レース。1号艇伸び確認後、広めのヒモ流しを採用。穴ヒモ（5・6号艇）を積極的に含める。'}",,,30.3,逃げ狙い,16.4,36,4,,,,,,,,,,,
2026-03-25,丸亀,1,4,原村拓也,B1,28.45,4,,15.2693,23.2,100,50.7,0.1842,3.7536,,,0,低,159,0,差0%,,0,56.1,1.1734,0,0.0286,0,0,0.0571,0.3114,0.1257,0.02,,,C,,◎,0.1591,0.5855,0.3101,0.4878,A,66,0,◎-○軸 3着3〜4艇流し（10〜15点）,0.5777,"{'is_target': True, 'verdict': '参加推奨', 'max_combo_prob': 0.0841, 'est_top_odds': 15.8, 'circle_concentration': 68.4, 'eligible_count': 8, 'bet_adj': 2, 'reason': 'rel_win1=56.3%（本命度） / 最有力組み合わせ確率: 0.084（推定実オッズ?16倍） / 2着集中度: 上位2艇 68.4%（補正+0.00） / 総合判定確率: 0.084 / → ヒモ分散。1号艇1着固定で広めのヒモ流し推奨（買い目+2点）', 'tenji_trigger': '展示確認: ヒモ分散レース。1号艇伸び確認後、広めのヒモ流しを採用。穴ヒモ（5・6号艇）を積極的に含める。'}",,,30.3,逃げ狙い,16.4,36,4,,,,,,,,,,,
2026-03-25,丸亀,1,5,永田義紘,B1,29.66,5,△,3.3406,5.6,30,21.9,0.1591,3.5391,,,0,低,104,0,-,2 325,0,30.8,0.5943,,,,,,0.262,0.198,0.032,,,C,◎,,0.3003,0.672,,0.4878,A,66,0,◎-○軸 3着3〜4艇流し（10〜15点）,0.5777,"{'is_target': True, 'verdict': '参加推奨', 'max_combo_prob': 0.0841, 'est_top_odds': 15.8, 'circle_concentration': 68.4, 'eligible_count': 8, 'bet_adj': 2, 'reason': 'rel_win1=56.3%（本命度） / 最有力組み合わせ確率: 0.084（推定実オッズ?16倍） / 2着集中度: 上位2艇 68.4%（補正+0.00） / 総合判定確率: 0.084 / → ヒモ分散。1号艇1着固定で広めのヒモ流し推奨（買い目+2点）', 'tenji_trigger': '展示確認: ヒモ分散レース。1号艇伸び確認後、広めのヒモ流しを採用。穴ヒモ（5・6号艇）を積極的に含める。'}",,,30.3,逃げ狙い,16.4,36,4,,,,,,,,,,,
2026-03-25,丸亀,1,6,森作広大,B1,36.84,6,▲,1.5212,2.8,46,6.2,0.2359,5.375,,,0,低,96,0,-,3 F54,0,28.1,0.5819,,,,,,0.5412,0,0.1412,,,B,△,,0.1596,0.596,,0.4878,A,66,0,◎-○軸 3着3〜4艇流し（10〜15点）,0.5777,"{'is_target': True, 'verdict': '参加推奨', 'max_combo_prob': 0.0841, 'est_top_odds': 15.8, 'circle_concentration': 68.4, 'eligible_count': 8, 'bet_adj': 2, 'reason': 'rel_win1=56.3%（本命度） / 最有力組み合わせ確率: 0.084（推定実オッズ?16倍） / 2着集中度: 上位2艇 68.4%（補正+0.00） / 総合判定確率: 0.084 / → ヒモ分散。1号艇1着固定で広めのヒモ流し推奨（買い目+2点）', 'tenji_trigger': '展示確認: ヒモ分散レース。1号艇伸び確認後、広めのヒモ流しを採用。穴ヒモ（5・6号艇）を積極的に含める。'}",,,30.3,逃げ狙い,16.4,36,4,,,,,,,,,,,
2026-03-25,丸亀,2,1,中井俊祐,B1,32.20,1,◎,51.2602,,0,65.5,0.1842,3.7364,,,0,低,130,0,逃0%,1 641,0,37.6,0.7404,0.2917,,,,,0.1333,0.3167,0.2,△,,D,,,,0.6095,,0.2558,B,59,0,◎○△フォーメーション（15〜20点）,0.5777,"{'is_target': True, 'verdict': '点数絞り', 'max_combo_prob': 0.1088, 'est_top_odds': 12.3, 'circle_concentration': 84.3, 'eligible_count': 9, 'bet_adj': 0, 'reason': 'rel_win1=51.3%（本命度） / 最有力組み合わせ確率: 0.109（推定実オッズ?12倍） / 2着集中度: 上位2艇 84.3%（補正+0.04） / 総合判定確率: 0.149 / → ヒモはやや固め。上位2艇以外を切ること', 'tenji_trigger': '展示確認: 1号艇伸び良→そのまま採用。悪→飛び組に差し替え。circle_pct上位2艇に絞り込むこと。\n展示で1号艇スタート遅め(0.184秒)確認→ヒモが荒れやすい'}",,,35.8,両建て推奨,15.69,38,2,2-1-3|1-2-6|1-2-3|1-3-6|1-3-2|1-5-6,5-1-6|5-6-1|6-1-3|2-1-3|6-3-1|6-1-4|5-1-3|1-2-6|1-2-3|1-3-6|1-3-2|1-5-6,2-1-3:2.5%|1-2-6:9.76%|1-2-3:9.53%|1-3-6:6.42%|1-3-2:6.12%|1-5-6:3.56%,2-1-3:B_main|1-2-6:A|1-2-3:A|1-3-6:A|1-3-2:A|1-5-6:A,6,12,0.4535,1,[!]見送り推奨（主役決まり手「差し」― 逃げ劣勢レースで的中実績なし）,荒れ広め,D
2026-03-25,丸亀,2,2,冨成謙児,B1,43.48,2,△,12.6277,56,82,59.7,0.1504,3.3961,,,0,低,112,0,-,461 53,0,35.8,0.8055,,,,,,0.3043,0.1739,0.1739,,◎,B,◎,,0.5975,0.6875,,0.2558,B,59,0,◎○△フォーメーション（15〜20点）,0.5777,"{'is_target': True, 'verdict': '点数絞り', 'max_combo_prob': 0.1088, 'est_top_odds': 12.3, 'circle_concentration': 84.3, 'eligible_count': 9, 'bet_adj': 0, 'reason': 'rel_win1=51.3%（本命度） / 最有力組み合わせ確率: 0.109（推定実オッズ?12倍） / 2着集中度: 上位2艇 84.3%（補正+0.04） / 総合判定確率: 0.149 / → ヒモはやや固め。上位2艇以外を切ること', 'tenji_trigger': '展示確認: 1号艇伸び良→そのまま採用。悪→飛び組に差し替え。circle_pct上位2艇に絞り込むこと。\n展示で1号艇スタート遅め(0.184秒)確認→ヒモが荒れやすい'}",,,35.8,両建て推奨,15.69,38,2,,,,,,,,,,,
2026-03-25,丸亀,2,3,松田竜馬,B1,35.04,3,,10.2649,28.2,100,65.3,0.1197,2.5533,,,0,低,79,0,-,546 25,0,53.5,1.2038,,,,,,0.0143,0.1286,0.2429,,○,D,△,,0.5215,0.663,,0.2558,B,59,0,◎○△フォーメーション（15〜20点）,0.5777,"{'is_target': True, 'verdict': '点数絞り', 'max_combo_prob': 0.1088, 'est_top_odds': 12.3, 'circle_concentration': 84.3, 'eligible_count': 9, 'bet_adj': 0, 'reason': 'rel_win1=51.3%（本命度） / 最有力組み合わせ確率: 0.109（推定実オッズ?12倍） / 2着集中度: 上位2艇 84.3%（補正+0.04） / 総合判定確率: 0.149 / → ヒモはやや固め。上位2艇以外を切ること', 'tenji_trigger': '展示確認: 1号艇伸び良→そのまま採用。悪→飛び組に差し替え。circle_pct上位2艇に絞り込むこと。\n展示で1号艇スタート遅め(0.184秒)確認→ヒモが荒れやすい'}",,,35.8,両建て推奨,15.69,38,2,,,,,,,,,,,
2026-03-25,丸亀,2,4,齋藤智裕,B1,54.78,4,○,10.5307,3.7,57,13.6,0.1798,3.7045,,,0,低,102,0,-,4 S56,0,26,0.776,0,0,0.04,0,0,0.3576,0.4047,0,,,A,△,,0.3474,0.6105,,0.2558,B,59,0,◎○△フォーメーション（15〜20点）,0.5777,"{'is_target': True, 'verdict': '点数絞り', 'max_combo_prob': 0.1088, 'est_top_odds': 12.3, 'circle_concentration': 84.3, 'eligible_count': 9, 'bet_adj': 0, 'reason': 'rel_win1=51.3%（本命度） / 最有力組み合わせ確率: 0.109（推定実オッズ?12倍） / 2着集中度: 上位2艇 84.3%（補正+0.04） / 総合判定確率: 0.149 / → ヒモはやや固め。上位2艇以外を切ること', 'tenji_trigger': '展示確認: 1号艇伸び良→そのまま採用。悪→飛び組に差し替え。circle_pct上位2艇に絞り込むこと。\n展示で1号艇スタート遅め(0.184秒)確認→ヒモが荒れやすい'}",,,35.8,両建て推奨,15.69,38,2,,,,,,,,,,,
2026-03-25,丸亀,2,5,前田健太,B1,46.96,5,▲,10.756,9.2,36,30.7,0.1587,3.1667,,,0,低,137,0,-,1 462,0,27.6,0.8433,0,0,0,0.0667,0.0333,0.1746,0.1302,0.1302,,,B,,◎,0.4187,0.6055,0.2417,0.2558,B,59,0,◎○△フォーメーション（15〜20点）,0.5777,"{'is_target': True, 'verdict': '点数絞り', 'max_combo_prob': 0.1088, 'est_top_odds': 12.3, 'circle_concentration': 84.3, 'eligible_count': 9, 'bet_adj': 0, 'reason': 'rel_win1=51.3%（本命度） / 最有力組み合わせ確率: 0.109（推定実オッズ?12倍） / 2着集中度: 上位2艇 84.3%（補正+0.04） / 総合判定確率: 0.149 / → ヒモはやや固め。上位2艇以外を切ること', 'tenji_trigger': '展示確認: 1号艇伸び良→そのまま採用。悪→飛び組に差し替え。circle_pct上位2艇に絞り込むこと。\n展示で1号艇スタート遅め(0.184秒)確認→ヒモが荒れやすい'}",,,35.8,両建て推奨,15.69,38,2,,,,,,,,,,,
2026-03-25,丸亀,2,6,森　悠稀,A2,30.17,6,,4.5605,2.8,71,39.6,0.1358,2.7292,,,0,低,62,0,ま0% 差ま0%,3 4221,0,86.7,1.6042,0,0,0.0435,0.0435,0,0.0552,0.0276,0.0552,,△,E,○,,0.4909,0.6755,,0.2558,B,59,0,◎○△フォーメーション（15〜20点）,0.5777,"{'is_target': True, 'verdict': '点数絞り', 'max_combo_prob': 0.1088, 'est_top_odds': 12.3, 'circle_concentration': 84.3, 'eligible_count': 9, 'bet_adj': 0, 'reason': 'rel_win1=51.3%（本命度） / 最有力組み合わせ確率: 0.109（推定実オッズ?12倍） / 2着集中度: 上位2艇 84.3%（補正+0.04） / 総合判定確率: 0.149 / → ヒモはやや固め。上位2艇以外を切ること', 'tenji_trigger': '展示確認: 1号艇伸び良→そのまま採用。悪→飛び組に差し替え。circle_pct上位2艇に絞り込むこと。\n展示で1号艇スタート遅め(0.184秒)確認→ヒモが荒れやすい'}",,,35.8,両建て推奨,15.69,38,2,,,,,,,,,,,
2026-03-25,丸亀,3,1,原田雄次,B1,36.75,1,◎,49.6524,,0,70,0.1683,3.3167,,,0,低,136,0,逃1%,1 153,0,65.4,0.7746,0.25,,,,,0,0.25,0.375,○,,C,,,,0.5155,,0.3582,B,53,0,◎○△フォーメーション（15〜20点）,0.5777,"{'is_target': True, 'verdict': '参加推奨', 'max_combo_prob': 0.0735, 'est_top_odds': 18.1, 'circle_concentration': 72.4, 'eligible_count': 9, 'bet_adj': 2, 'reason': 'rel_win1=49.7%（本命度） / 最有力組み合わせ確率: 0.073（推定実オッズ?18倍） / 2着集中度: 上位2艇 72.4%（補正+0.04） / 総合判定確率: 0.113 / → ヒモ分散。1号艇1着固定で広めのヒモ流し推奨（買い目+2点）', 'tenji_trigger': '展示確認: ヒモ分散レース。1号艇伸び確認後、広めのヒモ流しを採用。穴ヒモ（5・6号艇）を積極的に含める。'}",,,29.8,両建て推奨,17.41,33.7,2,,,,,0,0,0.6155,0,,逃げ軸流し,A
2026-03-25,丸亀,3,2,佐藤世那,B1,23.89,2,△,17.3659,38,85,30.8,0.1777,3.9231,,,0,低,89,1,ま0%,155 14,0,57.9,0.6298,0,0,0.2308,0,0,0.3543,0.2343,0.0286,,,E,,,0.2416,0.49,,0.3582,B,53,0,◎○△フォーメーション（15〜20点）,0.5777,"{'is_target': True, 'verdict': '参加推奨', 'max_combo_prob': 0.0735, 'est_top_odds': 18.1, 'circle_concentration': 72.4, 'eligible_count': 9, 'bet_adj': 2, 'reason': 'rel_win1=49.7%（本命度） / 最有力組み合わせ確率: 0.073（推定実オッズ?18倍） / 2着集中度: 上位2艇 72.4%（補正+0.04） / 総合判定確率: 0.113 / → ヒモ分散。1号艇1着固定で広めのヒモ流し推奨（買い目+2点）', 'tenji_trigger': '展示確認: ヒモ分散レース。1号艇伸び確認後、広めのヒモ流しを採用。穴ヒモ（5・6号艇）を積極的に含める。'}",,,29.8,両建て推奨,17.41,33.7,2,,,,,,,,,,,
2026-03-25,丸亀,3,3,川北浩貴,B1,41.18,3,○,16.5738,34.3,100,69.3,0.1474,2.9355,,,0,低,146,0,差ま0%,461 26,0,75.7,1.2181,0,0.0357,0.1071,0.0357,0,0.1399,0.2257,0.0541,,◎,B,○,,0.401,0.6565,,0.3582,B,53,0,◎○△フォーメーション（15〜20点）,0.5777,"{'is_target': True, 'verdict': '参加推奨', 'max_combo_prob': 0.0735, 'est_top_odds': 18.1, 'circle_concentration': 72.4, 'eligible_count': 9, 'bet_adj': 2, 'reason': 'rel_win1=49.7%（本命度） / 最有力組み合わせ確率: 0.073（推定実オッズ?18倍） / 2着集中度: 上位2艇 72.4%（補正+0.04） / 総合判定確率: 0.113 / → ヒモ分散。1号艇1着固定で広めのヒモ流し推奨（買い目+2点）', 'tenji_trigger': '展示確認: ヒモ分散レース。1号艇伸び確認後、広めのヒモ流しを採用。穴ヒモ（5・6号艇）を積極的に含める。'}",,,29.8,両建て推奨,17.41,33.7,2,,,,,,,,,,,
2026-03-25,丸亀,3,4,渡辺空依,B1,26.61,4,,7.5001,9.4,78,31.7,0.192,3.6707,,,0,低,103,0,-,5 364,0,15.9,0.4762,0,0,0,0.0476,0,0.0286,0.1143,0.0286,,,D,△,,0.1917,0.54,,0.3582,B,53,0,◎○△フォーメーション（15〜20点）,0.5777,"{'is_target': True, 'verdict': '参加推奨', 'max_combo_prob': 0.0735, 'est_top_odds': 18.1, 'circle_concentration': 72.4, 'eligible_count': 9, 'bet_adj': 2, 'reason': 'rel_win1=49.7%（本命度） / 最有力組み合わせ確率: 0.073（推定実オッズ?18倍） / 2着集中度: 上位2艇 72.4%（補正+0.04） / 総合判定確率: 0.113 / → ヒモ分散。1号艇1着固定で広めのヒモ流し推奨（買い目+2点）', 'tenji_trigger': '展示確認: ヒモ分散レース。1号艇伸び確認後、広めのヒモ流しを採用。穴ヒモ（5・6号艇）を積極的に含める。'}",,,29.8,両建て推奨,17.41,33.7,2,,,,,,,,,,,
2026-03-25,丸亀,3,5,川島圭司,A2,45.22,5,▲,7.777,14.8,55,40,0.1509,2.9923,,,0,低,79,0,-,633 35,0,60.6,0.8948,0,0,0,0.0435,0,0.0353,0.1553,0.1553,,,A,◎,,0.3397,0.665,,0.3582,B,53,0,◎○△フォーメーション（15〜20点）,0.5777,"{'is_target': True, 'verdict': '参加推奨', 'max_combo_prob': 0.0735, 'est_top_odds': 18.1, 'circle_concentration': 72.4, 'eligible_count': 9, 'bet_adj': 2, 'reason': 'rel_win1=49.7%（本命度） / 最有力組み合わせ確率: 0.073（推定実オッズ?18倍） / 2着集中度: 上位2艇 72.4%（補正+0.04） / 総合判定確率: 0.113 / → ヒモ分散。1号艇1着固定で広めのヒモ流し推奨（買い目+2点）', 'tenji_trigger': '展示確認: ヒモ分散レース。1号艇伸び確認後、広めのヒモ流しを採用。穴ヒモ（5・6号艇）を積極的に含める。'}",,,29.8,両建て推奨,17.41,33.7,2,,,,,,,,,,,
2026-03-25,丸亀,3,6,峰重侑治,B2,27.12,6,,1.1309,3.4,24,22.8,0.2002,4.5439,,,0,低,114,0,-,5 F24,0,26.9,0.9569,,,,,,0.2267,0.0533,0,,,D,△,,0.2121,0.6135,,0.3582,B,53,0,◎○△フォーメーション（15〜20点）,0.5777,"{'is_target': True, 'verdict': '参加推奨', 'max_combo_prob': 0.0735, 'est_top_odds': 18.1, 'circle_concentration': 72.4, 'eligible_count': 9, 'bet_adj': 2, 'reason': 'rel_win1=49.7%（本命度） / 最有力組み合わせ確率: 0.073（推定実オッズ?18倍） / 2着集中度: 上位2艇 72.4%（補正+0.04） / 総合判定確率: 0.113 / → ヒモ分散。1号艇1着固定で広めのヒモ流し推奨（買い目+2点）', 'tenji_trigger': '展示確認: ヒモ分散レース。1号艇伸び確認後、広めのヒモ流しを採用。穴ヒモ（5・6号艇）を積極的に含める。'}",,,29.8,両建て推奨,17.41,33.7,2,,,,,,,,,,,
2026-03-25,丸亀,4,1,大谷健太,B2,39.66,1,◎,51.8854,,0,79.5,0.1613,3.4615,,,0,低,101,0,逃1%,641 41,0,74.3,1.1532,0.5714,,,,,0,0.0857,0.1286,○,,B,△,,,0.605,,0.3823,A,71,0,◎-○軸 3着3〜4艇流し（10〜15点）,0.5777,"{'is_target': True, 'verdict': '参加推奨', 'max_combo_prob': 0.0772, 'est_top_odds': 17.3, 'circle_concentration': 65.8, 'eligible_count': 8, 'bet_adj': 2, 'reason': 'rel_win1=51.9%（本命度） / 最有力組み合わせ確率: 0.077（推定実オッズ?17倍） / 2着集中度: 上位2艇 65.8%（補正+0.00） / 総合判定確率: 0.077 / → ヒモ分散。1号艇1着固定で広めのヒモ流し推奨（買い目+2点）', 'tenji_trigger': '展示確認: ヒモ分散レース。1号艇伸び確認後、広めのヒモ流しを採用。穴ヒモ（5・6号艇）を積極的に含める。'}",,,26.7,逃げ狙い,15.89,26.1,4,,,,,0,0,0.6155,0,,逃げ軸流し,A
2026-03-25,丸亀,4,2,谷口知優,B1,32.14,2,○,14.865,39.4,100,53.2,0.1496,2.9149,,,0,低,83,0,-,1 266,0,30.8,0.8598,0,0.12,0,0,0,0,0.3481,0.1039,,◎,D,△,,0.4442,0.6165,,0.3823,A,71,0,◎-○軸 3着3〜4艇流し（10〜15点）,0.5777,"{'is_target': True, 'verdict': '参加推奨', 'max_combo_prob': 0.0772, 'est_top_odds': 17.3, 'circle_concentration': 65.8, 'eligible_count': 8, 'bet_adj': 2, 'reason': 'rel_win1=51.9%（本命度） / 最有力組み合わせ確率: 0.077（推定実オッズ?17倍） / 2着集中度: 上位2艇 65.8%（補正+0.00） / 総合判定確率: 0.077 / → ヒモ分散。1号艇1着固定で広めのヒモ流し推奨（買い目+2点）', 'tenji_trigger': '展示確認: ヒモ分散レース。1号艇伸び確認後、広めのヒモ流しを採用。穴ヒモ（5・6号艇）を積極的に含める。'}",,,26.7,逃げ狙い,15.89,26.1,4,,,,,,,,,,,
2026-03-25,丸亀,4,3,桑原　啓,B1,27.19,3,,13.1942,26.4,50,33.3,0.1688,3.5583,,,0,低,104,0,差0% ま0% 差ま0%,522 66,0,25.8,0.8525,0,0.0417,0.0833,0.0417,0,0.3,0.22,0.18,,,E,◎,,0.2563,0.6545,,0.3823,A,71,0,◎-○軸 3着3〜4艇流し（10〜15点）,0.5777,"{'is_target': True, 'verdict': '参加推奨', 'max_combo_prob': 0.0772, 'est_top_odds': 17.3, 'circle_concentration': 65.8, 'eligible_count': 8, 'bet_adj': 2, 'reason': 'rel_win1=51.9%（本命度） / 最有力組み合わせ確率: 0.077（推定実オッズ?17倍） / 2着集中度: 上位2艇 65.8%（補正+0.00） / 総合判定確率: 0.077 / → ヒモ分散。1号艇1着固定で広めのヒモ流し推奨（買い目+2点）', 'tenji_trigger': '展示確認: ヒモ分散レース。1号艇伸び確認後、広めのヒモ流しを採用。穴ヒモ（5・6号艇）を積極的に含める。'}",,,26.7,逃げ狙い,15.89,26.1,4,,,,,,,,,,,
2026-03-25,丸亀,4,4,木場悠介,B1,29.09,4,,12.328,22,97,52.5,0.1646,3.2458,,,0,低,101,0,-,4 561,0,100,3.5366,0,0.08,0.12,0,0,0.032,0.132,0.244,,,D,○,◎,0.296,0.652,0.3317,0.3823,A,71,0,◎-○軸 3着3〜4艇流し（10〜15点）,0.5777,"{'is_target': True, 'verdict': '参加推奨', 'max_combo_prob': 0.0772, 'est_top_odds': 17.3, 'circle_concentration': 65.8, 'eligible_count': 8, 'bet_adj': 2, 'reason': 'rel_win1=51.9%（本命度） / 最有力組み合わせ確率: 0.077（推定実オッズ?17倍） / 2着集中度: 上位2艇 65.8%（補正+0.00） / 総合判定確率: 0.077 / → ヒモ分散。1号艇1着固定で広めのヒモ流し推奨（買い目+2点）', 'tenji_trigger': '展示確認: ヒモ分散レース。1号艇伸び確認後、広めのヒモ流しを採用。穴ヒモ（5・6号艇）を積極的に含める。'}",,,26.7,逃げ狙い,15.89,26.1,4,,,,,,,,,,,
2026-03-25,丸亀,4,5,日高龍之,B2,45.69,5,▲,5.3747,8.2,52,11.1,0.1806,4.2222,,,0,低,49,0,-,663 66,0,30.8,0.7986,,,,,,,,,,,A,,,0.249,0.529,,0.3823,A,71,0,◎-○軸 3着3〜4艇流し（10〜15点）,0.5777,"{'is_target': True, 'verdict': '参加推奨', 'max_combo_prob': 0.0772, 'est_top_odds': 17.3, 'circle_concentration': 65.8, 'eligible_count': 8, 'bet_adj': 2, 'reason': 'rel_win1=51.9%（本命度） / 最有力組み合わせ確率: 0.077（推定実オッズ?17倍） / 2着集中度: 上位2艇 65.8%（補正+0.00） / 総合判定確率: 0.077 / → ヒモ分散。1号艇1着固定で広めのヒモ流し推奨（買い目+2点）', 'tenji_trigger': '展示確認: ヒモ分散レース。1号艇伸び確認後、広めのヒモ流しを採用。穴ヒモ（5・6号艇）を積極的に含める。'}",,,26.7,逃げ狙い,15.89,26.1,4,,,,,,,,,,,
2026-03-25,丸亀,4,6,柴田朋哉,A2,42.02,6,△,2.3528,4,58,28.8,0.1706,3.5577,,,0,低,105,0,差ま0%,5 5432,0,47.7,1.1656,0,0,0,0.0476,0,0.0727,0.1584,0.1221,,,B,,,0.2528,0.5935,,0.3823,A,71,0,◎-○軸 3着3〜4艇流し（10〜15点）,0.5777,"{'is_target': True, 'verdict': '参加推奨', 'max_combo_prob': 0.0772, 'est_top_odds': 17.3, 'circle_concentration': 65.8, 'eligible_count': 8, 'bet_adj': 2, 'reason': 'rel_win1=51.9%（本命度） / 最有力組み合わせ確率: 0.077（推定実オッズ?17倍） / 2着集中度: 上位2艇 65.8%（補正+0.00） / 総合判定確率: 0.077 / → ヒモ分散。1号艇1着固定で広めのヒモ流し推奨（買い目+2点）', 'tenji_trigger': '展示確認: ヒモ分散レース。1号艇伸び確認後、広めのヒモ流しを採用。穴ヒモ（5・6号艇）を積極的に含める。'}",,,26.7,逃げ狙い,15.89,26.1,4,,,,,,,,,,,
2026-03-25,丸亀,5,1,庄司孝輔,B1,40.50,1,◎,50.4489,,0,84,0.1536,2.98,,,0,低,133,0,逃0%,2 431,0,56.5,0.8996,0.36,,,,,0.016,0.2,0.08,○,,B,,,,0.577,,0.4372,A,71,0,◎-○軸 3着3〜4艇流し（10〜15点）,0.5777,"{'is_target': True, 'verdict': '参加推奨', 'max_combo_prob': 0.0535, 'est_top_odds': 24.9, 'circle_concentration': 64.6, 'eligible_count': 8, 'bet_adj': 2, 'reason': 'rel_win1=50.4%（本命度） / 最有力組み合わせ確率: 0.053（推定実オッズ?25倍） / 2着集中度: 上位2艇 64.6%（補正+0.00） / 総合判定確率: 0.053 / → ヒモ分散。1号艇1着固定で広めのヒモ流し推奨（買い目+2点）', 'tenji_trigger': '展示確認: ヒモ分散レース。1号艇伸び確認後、広めのヒモ流しを採用。穴ヒモ（5・6号艇）を積極的に含める。'}",,,28.7,逃げ狙い,18.83,29.5,2,,,,,0,0,0.6155,0,,逃げ軸流し,A
2026-03-25,丸亀,5,2,永田義紘,B1,29.66,2,▲,10.2709,29.8,100,52.2,0.1404,3.1449,,,0,低,104,0,抜0%,2 325,0,87.5,1.5209,0,0,0.0625,0,0.0312,0.262,0.198,0.032,,◎,C,◎,,0.4422,0.672,,0.4372,A,71,0,◎-○軸 3着3〜4艇流し（10〜15点）,0.5777,"{'is_target': True, 'verdict': '参加推奨', 'max_combo_prob': 0.0535, 'est_top_odds': 24.9, 'circle_concentration': 64.6, 'eligible_count': 8, 'bet_adj': 2, 'reason': 'rel_win1=50.4%（本命度） / 最有力組み合わせ確率: 0.053（推定実オッズ?25倍） / 2着集中度: 上位2艇 64.6%（補正+0.00） / 総合判定確率: 0.053 / → ヒモ分散。1号艇1着固定で広めのヒモ流し推奨（買い目+2点）', 'tenji_trigger': '展示確認: ヒモ分散レース。1号艇伸び確認後、広めのヒモ流しを採用。穴ヒモ（5・6号艇）を積極的に含める。'}",,,28.7,逃げ狙い,18.83,29.5,2,,,,,,,,,,,
2026-03-25,丸亀,5,3,川田正人,B1,29.03,3,△,10.0727,34.9,77,62.7,0.159,3.4328,,,0,低,152,0,-,441 23,0,44,1.1727,0,0.0968,0,0.0323,0,0.1373,0.3263,0.0387,,,D,△,,0.2882,0.614,,0.4372,A,71,0,◎-○軸 3着3〜4艇流し（10〜15点）,0.5777,"{'is_target': True, 'verdict': '参加推奨', 'max_combo_prob': 0.0535, 'est_top_odds': 24.9, 'circle_concentration': 64.6, 'eligible_count': 8, 'bet_adj': 2, 'reason': 'rel_win1=50.4%（本命度） / 最有力組み合わせ確率: 0.053（推定実オッズ?25倍） / 2着集中度: 上位2艇 64.6%（補正+0.00） / 総合判定確率: 0.053 / → ヒモ分散。1号艇1着固定で広めのヒモ流し推奨（買い目+2点）', 'tenji_trigger': '展示確認: ヒモ分散レース。1号艇伸び確認後、広めのヒモ流しを採用。穴ヒモ（5・6号艇）を積極的に含める。'}",,,28.7,逃げ狙い,18.83,29.5,2,,,,,,,,,,,
2026-03-25,丸亀,5,4,佐竹太一,B1,26.72,4,,12.8007,13.4,67,36.7,0.2024,4.0102,,,0,低,176,0,-,154 63,0,81.6,1.0653,0,0.0556,0,0.1111,0,0.2727,0.0364,0.1727,,,E,,○,0.1534,0.589,0.1568,0.4372,A,71,0,◎-○軸 3着3〜4艇流し（10〜15点）,0.5777,"{'is_target': True, 'verdict': '参加推奨', 'max_combo_prob': 0.0535, 'est_top_odds': 24.9, 'circle_concentration': 64.6, 'eligible_count': 8, 'bet_adj': 2, 'reason': 'rel_win1=50.4%（本命度） / 最有力組み合わせ確率: 0.053（推定実オッズ?25倍） / 2着集中度: 上位2艇 64.6%（補正+0.00） / 総合判定確率: 0.053 / → ヒモ分散。1号艇1着固定で広めのヒモ流し推奨（買い目+2点）', 'tenji_trigger': '展示確認: ヒモ分散レース。1号艇伸び確認後、広めのヒモ流しを採用。穴ヒモ（5・6号艇）を積極的に含める。'}",,,28.7,逃げ狙い,18.83,29.5,2,,,,,,,,,,,
2026-03-25,丸亀,5,5,加倉侑征,A2,49.57,5,○,13.3823,17.5,84,53.1,0.1289,2.7188,,,0,低,56,0,-,124 51,0,40.1,0.994,0,0,0.0345,0.1379,0,0.2933,0.1333,0.16,,○,A,△,◎,0.4151,0.6175,0.4732,0.4372,A,71,0,◎-○軸 3着3〜4艇流し（10〜15点）,0.5777,"{'is_target': True, 'verdict': '参加推奨', 'max_combo_prob': 0.0535, 'est_top_odds': 24.9, 'circle_concentration': 64.6, 'eligible_count': 8, 'bet_adj': 2, 'reason': 'rel_win1=50.4%（本命度） / 最有力組み合わせ確率: 0.053（推定実オッズ?25倍） / 2着集中度: 上位2艇 64.6%（補正+0.00） / 総合判定確率: 0.053 / → ヒモ分散。1号艇1着固定で広めのヒモ流し推奨（買い目+2点）', 'tenji_trigger': '展示確認: ヒモ分散レース。1号艇伸び確認後、広めのヒモ流しを採用。穴ヒモ（5・6号艇）を積極的に含める。'}",,,28.7,逃げ狙い,18.83,29.5,2,,,,,,,,,,,
2026-03-25,丸亀,5,6,有賀達也,A1,28.70,6,,3.0245,4.5,78,40.4,0.1442,3.2456,,,0,低,73,0,-,32S212,0,30.6,1.5642,,,,,,0.0345,0.1379,0.0345,,,D,○,,0.3706,0.657,,0.4372,A,71,0,◎-○軸 3着3〜4艇流し（10〜15点）,0.5777,"{'is_target': True, 'verdict': '参加推奨', 'max_combo_prob': 0.0535, 'est_top_odds': 24.9, 'circle_concentration': 64.6, 'eligible_count': 8, 'bet_adj': 2, 'reason': 'rel_win1=50.4%（本命度） / 最有力組み合わせ確率: 0.053（推定実オッズ?25倍） / 2着集中度: 上位2艇 64.6%（補正+0.00） / 総合判定確率: 0.053 / → ヒモ分散。1号艇1着固定で広めのヒモ流し推奨（買い目+2点）', 'tenji_trigger': '展示確認: ヒモ分散レース。1号艇伸び確認後、広めのヒモ流しを採用。穴ヒモ（5・6号艇）を積極的に含める。'}",,,28.7,逃げ狙い,18.83,29.5,2,,,,,,,,,,,
2026-03-25,丸亀,6,1,三木晴斗,B1,38.60,1,◎,52.0205,,0,62.2,0.1784,3.4595,,,0,低,97,0,逃1%,5 153,0,47.9,0.8926,0.4,,,,,0.095,0.195,0.155,△,,C,,,,0.5655,,0.2772,B,54,0,◎○△フォーメーション（15〜20点）,0.5777,"{'is_target': True, 'verdict': '点数絞り', 'max_combo_prob': 0.0849, 'est_top_odds': 15.7, 'circle_concentration': 70.4, 'eligible_count': 9, 'bet_adj': 0, 'reason': 'rel_win1=52.0%（本命度） / 最有力組み合わせ確率: 0.085（推定実オッズ?16倍） / 2着集中度: 上位2艇 70.4%（補正+0.04） / 総合判定確率: 0.125 / → ヒモはやや固め。上位2艇以外を切ること', 'tenji_trigger': '展示確認: 1号艇伸び良→そのまま採用。悪→飛び組に差し替え。circle_pct上位2艇に絞り込むこと。'}",,,28.5,両建て推奨,14.47,32.6,4,2-1-3|2-1-4|1-2-4|1-4-2|1-3-4|1-2-3|1-3-2,6-1-4|6-4-1|6-1-3|2-1-3|4-5-6|4-5-1|2-1-4|1-2-4|1-4-2|1-3-4|1-2-3|1-3-2,2-1-3:2.23%|2-1-4:2.02%|1-2-4:9.79%|1-4-2:6.78%|1-3-4:6.62%|1-2-3:6.24%|1-3-2:5.61%,2-1-3:B_main|2-1-4:B_main|1-2-4:A|1-4-2:A|1-3-4:A|1-2-3:A|1-3-2:A,7,12,0.4535,1,[!]見送り推奨（主役決まり手「差し」― 逃げ劣勢レースで的中実績なし）,荒れ広め,D
2026-03-25,丸亀,6,2,山ノ内雅,A2,34.48,2,△,13.4956,39.8,94,62.1,0.1609,3.7424,,,0,低,97,0,-,2 3222,0,95.3,1.8031,0,0.0312,0.0312,0,0,0.1041,0.0432,0.0324,,◎,C,◎,,0.4949,0.6915,,0.2772,B,54,0,◎○△フォーメーション（15〜20点）,0.5777,"{'is_target': True, 'verdict': '点数絞り', 'max_combo_prob': 0.0849, 'est_top_odds': 15.7, 'circle_concentration': 70.4, 'eligible_count': 9, 'bet_adj': 0, 'reason': 'rel_win1=52.0%（本命度） / 最有力組み合わせ確率: 0.085（推定実オッズ?16倍） / 2着集中度: 上位2艇 70.4%（補正+0.04） / 総合判定確率: 0.125 / → ヒモはやや固め。上位2艇以外を切ること', 'tenji_trigger': '展示確認: 1号艇伸び良→そのまま採用。悪→飛び組に差し替え。circle_pct上位2艇に絞り込むこと。'}",,,28.5,両建て推奨,14.47,32.6,4,,,,,,,,,,,
2026-03-25,丸亀,6,3,安田政彦,A2,33.04,3,,13.3317,26.7,65,58.5,0.1766,3.4528,,,0,低,147,0,-,3 2425,0,73.3,1.0112,0,0.0357,0.0357,0.0714,0,0.2188,0.3285,0.1918,,,D,,,0.327,0.5665,,0.2772,B,54,0,◎○△フォーメーション（15〜20点）,0.5777,"{'is_target': True, 'verdict': '点数絞り', 'max_combo_prob': 0.0849, 'est_top_odds': 15.7, 'circle_concentration': 70.4, 'eligible_count': 9, 'bet_adj': 0, 'reason': 'rel_win1=52.0%（本命度） / 最有力組み合わせ確率: 0.085（推定実オッズ?16倍） / 2着集中度: 上位2艇 70.4%（補正+0.04） / 総合判定確率: 0.125 / → ヒモはやや固め。上位2艇以外を切ること', 'tenji_trigger': '展示確認: 1号艇伸び良→そのまま採用。悪→飛び組に差し替え。circle_pct上位2艇に絞り込むこと。'}",,,28.5,両建て推奨,14.47,32.6,4,,,,,,,,,,,
2026-03-25,丸亀,6,4,君島秀三,A1,39.50,4,○,12.6084,30.6,100,73.2,0.1411,2.6696,,,0,低,60,0,ま0% 差ま0%,262134,0,74.7,1.5102,0,0,0.1154,0.1154,0,0.0767,0.0333,0.1617,,○,B,△,◎,0.4905,0.6695,0.5041,0.2772,B,54,0,◎○△フォーメーション（15〜20点）,0.5777,"{'is_target': True, 'verdict': '点数絞り', 'max_combo_prob': 0.0849, 'est_top_odds': 15.7, 'circle_concentration': 70.4, 'eligible_count': 9, 'bet_adj': 0, 'reason': 'rel_win1=52.0%（本命度） / 最有力組み合わせ確率: 0.085（推定実オッズ?16倍） / 2着集中度: 上位2艇 70.4%（補正+0.04） / 総合判定確率: 0.125 / → ヒモはやや固め。上位2艇以外を切ること', 'tenji_trigger': '展示確認: 1号艇伸び良→そのまま採用。悪→飛び組に差し替え。circle_pct上位2艇に絞り込むこと。'}",,,28.5,両建て推奨,14.47,32.6,4,,,,,,,,,,,
2026-03-25,丸亀,6,5,冨成謙児,B1,43.48,5,▲,3.724,2.4,46,21,0.176,4.2469,,,0,低,112,0,-,461 53,0,43.2,1.0402,,,,,,0.3043,0.1739,0.1739,,,B,○,,0.3464,0.6875,,0.2772,B,54,0,◎○△フォーメーション（15〜20点）,0.5777,"{'is_target': True, 'verdict': '点数絞り', 'max_combo_prob': 0.0849, 'est_top_odds': 15.7, 'circle_concentration': 70.4, 'eligible_count': 9, 'bet_adj': 0, 'reason': 'rel_win1=52.0%（本命度） / 最有力組み合わせ確率: 0.085（推定実オッズ?16倍） / 2着集中度: 上位2艇 70.4%（補正+0.04） / 総合判定確率: 0.125 / → ヒモはやや固め。上位2艇以外を切ること', 'tenji_trigger': '展示確認: 1号艇伸び良→そのまま採用。悪→飛び組に差し替え。circle_pct上位2艇に絞り込むこと。'}",,,28.5,両建て推奨,14.47,32.6,4,,,,,,,,,,,
2026-03-25,丸亀,6,6,中岡健人,B1,25.00,6,,4.8199,0.5,33,11.1,0.1969,4.7778,,,0,低,104,0,-,14S 34,0,30.3,1.6092,0,0.04,0,0,0,0.28,0.164,0.196,,,E,△,,0.2492,0.635,,0.2772,B,54,0,◎○△フォーメーション（15〜20点）,0.5777,"{'is_target': True, 'verdict': '点数絞り', 'max_combo_prob': 0.0849, 'est_top_odds': 15.7, 'circle_concentration': 70.4, 'eligible_count': 9, 'bet_adj': 0, 'reason': 'rel_win1=52.0%（本命度） / 最有力組み合わせ確率: 0.085（推定実オッズ?16倍） / 2着集中度: 上位2艇 70.4%（補正+0.04） / 総合判定確率: 0.125 / → ヒモはやや固め。上位2艇以外を切ること', 'tenji_trigger': '展示確認: 1号艇伸び良→そのまま採用。悪→飛び組に差し替え。circle_pct上位2艇に絞り込むこと。'}",,,28.5,両建て推奨,14.47,32.6,4,,,,,,,,,,,
2026-03-25,丸亀,7,1,浜本裕己,A2,18.97,1,◎,56.6028,,0,83.3,0.1576,3.1111,,,0,低,123,0,逃0%,614 64,0,56.8,0.9135,0.6667,,,,,0.1219,0.0906,0.1829,◎,,E,△,,,0.6345,,0.5193,A,75,0,◎-○軸 3着3〜4艇流し（10〜15点）,0.5777,"{'is_target': True, 'verdict': '参加推奨', 'max_combo_prob': 0.0815, 'est_top_odds': 16.4, 'circle_concentration': 67.4, 'eligible_count': 8, 'bet_adj': 2, 'reason': 'rel_win1=56.6%（本命度） / 最有力組み合わせ確率: 0.081（推定実オッズ?16倍） / 2着集中度: 上位2艇 67.4%（補正+0.00） / 総合判定確率: 0.081 / → ヒモ分散。1号艇1着固定で広めのヒモ流し推奨（買い目+2点）', 'tenji_trigger': '展示確認: ヒモ分散レース。1号艇伸び確認後、広めのヒモ流しを採用。穴ヒモ（5・6号艇）を積極的に含める。'}",,,27.8,逃げ狙い,14.4,30.5,5,,,,,0,0,0.7559,0,,逃げ軸流し,A
2026-03-25,丸亀,7,2,前田健太,B1,46.96,2,▲,10.547,45.5,100,48,0.1923,4.3,,,0,低,137,0,-,1 462,0,31,0.8147,0,0.0909,0,0,0,0.1746,0.1302,0.1302,,,A,△,,0.07,0.6055,,0.5193,A,75,0,◎-○軸 3着3〜4艇流し（10〜15点）,0.5777,"{'is_target': True, 'verdict': '参加推奨', 'max_combo_prob': 0.0815, 'est_top_odds': 16.4, 'circle_concentration': 67.4, 'eligible_count': 8, 'bet_adj': 2, 'reason': 'rel_win1=56.6%（本命度） / 最有力組み合わせ確率: 0.081（推定実オッズ?16倍） / 2着集中度: 上位2艇 67.4%（補正+0.00） / 総合判定確率: 0.081 / → ヒモ分散。1号艇1着固定で広めのヒモ流し推奨（買い目+2点）', 'tenji_trigger': '展示確認: ヒモ分散レース。1号艇伸び確認後、広めのヒモ流しを採用。穴ヒモ（5・6号艇）を積極的に含める。'}",,,27.8,逃げ狙い,14.4,30.5,5,,,,,,,,,,,
2026-03-25,丸亀,7,3,渡辺空依,B1,26.61,3,△,6.1226,21.4,87,36.6,0.1778,3.1951,,,0,低,103,0,-,5 364,0,20.8,0.699,0,0,0,0.0417,0,0.0286,0.1143,0.0286,,,C,,,0.1823,0.54,,0.5193,A,75,0,◎-○軸 3着3〜4艇流し（10〜15点）,0.5777,"{'is_target': True, 'verdict': '参加推奨', 'max_combo_prob': 0.0815, 'est_top_odds': 16.4, 'circle_concentration': 67.4, 'eligible_count': 8, 'bet_adj': 2, 'reason': 'rel_win1=56.6%（本命度） / 最有力組み合わせ確率: 0.081（推定実オッズ?16倍） / 2着集中度: 上位2艇 67.4%（補正+0.00） / 総合判定確率: 0.081 / → ヒモ分散。1号艇1着固定で広めのヒモ流し推奨（買い目+2点）', 'tenji_trigger': '展示確認: ヒモ分散レース。1号艇伸び確認後、広めのヒモ流しを採用。穴ヒモ（5・6号艇）を積極的に含める。'}",,,27.8,逃げ狙い,14.4,30.5,5,,,,,,,,,,,
2026-03-25,丸亀,7,4,藤田靖弘,A2,25.64,4,,9.3583,21.9,69,54.3,0.16,3.2429,,,0,低,111,0,差ま0%,3 4135,0,45.2,0.9932,0,0.0645,0,0.0968,0.0323,0.0533,0.115,0.0267,,,D,◎,○,0.288,0.6755,0.3827,0.5193,A,75,0,◎-○軸 3着3〜4艇流し（10〜15点）,0.5777,"{'is_target': True, 'verdict': '参加推奨', 'max_combo_prob': 0.0815, 'est_top_odds': 16.4, 'circle_concentration': 67.4, 'eligible_count': 8, 'bet_adj': 2, 'reason': 'rel_win1=56.6%（本命度） / 最有力組み合わせ確率: 0.081（推定実オッズ?16倍） / 2着集中度: 上位2艇 67.4%（補正+0.00） / 総合判定確率: 0.081 / → ヒモ分散。1号艇1着固定で広めのヒモ流し推奨（買い目+2点）', 'tenji_trigger': '展示確認: ヒモ分散レース。1号艇伸び確認後、広めのヒモ流しを採用。穴ヒモ（5・6号艇）を積極的に含める。'}",,,27.8,逃げ狙い,14.4,30.5,5,,,,,,,,,,,
2026-03-25,丸亀,7,5,村上　遼,A1,26.09,5,○,16.3397,10.8,87,61.1,0.1433,2.8194,,,0,低,49,0,ま0% 差ま0% 抜0%,2 2351,0,100,2.0081,0,0,0.0476,0.1429,0.0952,0.0593,0.3141,0.0296,,,C,○,◎,0.3547,0.6535,0.4707,0.5193,A,75,0,◎-○軸 3着3〜4艇流し（10〜15点）,0.5777,"{'is_target': True, 'verdict': '参加推奨', 'max_combo_prob': 0.0815, 'est_top_odds': 16.4, 'circle_concentration': 67.4, 'eligible_count': 8, 'bet_adj': 2, 'reason': 'rel_win1=56.6%（本命度） / 最有力組み合わせ確率: 0.081（推定実オッズ?16倍） / 2着集中度: 上位2艇 67.4%（補正+0.00） / 総合判定確率: 0.081 / → ヒモ分散。1号艇1着固定で広めのヒモ流し推奨（買い目+2点）', 'tenji_trigger': '展示確認: ヒモ分散レース。1号艇伸び確認後、広めのヒモ流しを採用。穴ヒモ（5・6号艇）を積極的に含める。'}",,,27.8,逃げ狙い,14.4,30.5,5,,,,,,,,,,,
2026-03-25,丸亀,7,6,佐藤世那,B1,23.89,6,,1.0295,0.4,32,10.6,0.2028,4.4235,,,0,低,89,0,-,155 14,0,26.5,0.8178,,,,,,0.3543,0.2343,0.0286,,,D,,,0.1665,0.49,,0.5193,A,75,0,◎-○軸 3着3〜4艇流し（10〜15点）,0.5777,"{'is_target': True, 'verdict': '参加推奨', 'max_combo_prob': 0.0815, 'est_top_odds': 16.4, 'circle_concentration': 67.4, 'eligible_count': 8, 'bet_adj': 2, 'reason': 'rel_win1=56.6%（本命度） / 最有力組み合わせ確率: 0.081（推定実オッズ?16倍） / 2着集中度: 上位2艇 67.4%（補正+0.00） / 総合判定確率: 0.081 / → ヒモ分散。1号艇1着固定で広めのヒモ流し推奨（買い目+2点）', 'tenji_trigger': '展示確認: ヒモ分散レース。1号艇伸び確認後、広めのヒモ流しを採用。穴ヒモ（5・6号艇）を積極的に含める。'}",,,27.8,逃げ狙い,14.4,30.5,5,,,,,,,,,,,
2026-03-25,丸亀,8,1,桑原　悠,A1,25.71,1,◎,68.903,,0,97.7,0.1184,2.2614,,,0,低,26,0,逃1%,43164,0,73.1,1.0797,0.6667,,,,,0.0444,0.0972,0.0667,◎,,E,△,,,0.6315,,0.6976,S,97,0,◎1着固定 2-3着流し（5〜8点）,0.5777,"{'is_target': True, 'verdict': '点数絞り', 'max_combo_prob': 0.1277, 'est_top_odds': 10.4, 'circle_concentration': 80.4, 'eligible_count': 6, 'bet_adj': 0, 'reason': 'rel_win1=68.9%（本命度） / 最有力組み合わせ確率: 0.128（推定実オッズ?10倍） / 2着集中度: 上位2艇 80.4%（補正+0.04） / 総合判定確率: 0.168 / → ヒモはやや固め。上位2艇以外を切ること', 'tenji_trigger': '展示確認: 1号艇伸び良→そのまま採用。悪→飛び組に差し替え。circle_pct上位2艇に絞り込むこと。\n展示で1号艇スタート超安定(0.118秒)→ヒモ固まり方向に注意'}",,,25.9,逃げ狙い,15.98,23.9,2,,,,,0,0,0.7559,0,,逃げ軸流し,A
2026-03-25,丸亀,8,2,川島圭司,A2,45.22,2,○,13.7293,47.8,100,71,0.1347,2.2823,,,0,低,79,0,-,633 35,0,35.4,0.6755,0,0.0741,0.1111,0,0,0.0353,0.1553,0.1553,,,B,○,,0.1578,0.665,,0.6976,S,97,0,◎1着固定 2-3着流し（5〜8点）,0.5777,"{'is_target': True, 'verdict': '点数絞り', 'max_combo_prob': 0.1277, 'est_top_odds': 10.4, 'circle_concentration': 80.4, 'eligible_count': 6, 'bet_adj': 0, 'reason': 'rel_win1=68.9%（本命度） / 最有力組み合わせ確率: 0.128（推定実オッズ?10倍） / 2着集中度: 上位2艇 80.4%（補正+0.04） / 総合判定確率: 0.168 / → ヒモはやや固め。上位2艇以外を切ること', 'tenji_trigger': '展示確認: 1号艇伸び良→そのまま採用。悪→飛び組に差し替え。circle_pct上位2艇に絞り込むこと。\n展示で1号艇スタート超安定(0.118秒)→ヒモ固まり方向に注意'}",,,25.9,逃げ狙い,15.98,23.9,2,,,,,,,,,,,
2026-03-25,丸亀,8,3,原村拓也,B1,28.45,3,,4.7705,32.6,88,50.7,0.1648,3.6087,,,0,低,159,0,-,,0,36.8,0.9281,,,,,,0.3114,0.1257,0.02,,,D,,,0.1361,0.5855,,0.6976,S,97,0,◎1着固定 2-3着流し（5〜8点）,0.5777,"{'is_target': True, 'verdict': '点数絞り', 'max_combo_prob': 0.1277, 'est_top_odds': 10.4, 'circle_concentration': 80.4, 'eligible_count': 6, 'bet_adj': 0, 'reason': 'rel_win1=68.9%（本命度） / 最有力組み合わせ確率: 0.128（推定実オッズ?10倍） / 2着集中度: 上位2艇 80.4%（補正+0.04） / 総合判定確率: 0.168 / → ヒモはやや固め。上位2艇以外を切ること', 'tenji_trigger': '展示確認: 1号艇伸び良→そのまま採用。悪→飛び組に差し替え。circle_pct上位2艇に絞り込むこと。\n展示で1号艇スタート超安定(0.118秒)→ヒモ固まり方向に注意'}",,,25.9,逃げ狙い,15.98,23.9,2,,,,,,,,,,,
2026-03-25,丸亀,8,4,森　悠稀,A2,30.17,4,▲,8.8842,17.5,72,54.4,0.1246,2.5965,,,0,低,62,0,-,3 4221,0,97.9,1.8996,0,0,0.1765,0,0,0.0552,0.0276,0.0552,,,D,◎,◎,0.3024,0.6755,0.4088,0.6976,S,97,0,◎1着固定 2-3着流し（5〜8点）,0.5777,"{'is_target': True, 'verdict': '点数絞り', 'max_combo_prob': 0.1277, 'est_top_odds': 10.4, 'circle_concentration': 80.4, 'eligible_count': 6, 'bet_adj': 0, 'reason': 'rel_win1=68.9%（本命度） / 最有力組み合わせ確率: 0.128（推定実オッズ?10倍） / 2着集中度: 上位2艇 80.4%（補正+0.04） / 総合判定確率: 0.168 / → ヒモはやや固め。上位2艇以外を切ること', 'tenji_trigger': '展示確認: 1号艇伸び良→そのまま採用。悪→飛び組に差し替え。circle_pct上位2艇に絞り込むこと。\n展示で1号艇スタート超安定(0.118秒)→ヒモ固まり方向に注意'}",,,25.9,逃げ狙い,15.98,23.9,2,,,,,,,,,,,
2026-03-25,丸亀,8,5,和合俊介,B1,30.83,5,,2.2611,1.7,56,20.3,0.1583,4.0169,,,0,低,102,0,-,553 56,0,25.5,0.7779,0,0,0,0.0323,0,0.3333,0.5333,0.08,,,C,△,,0.1491,0.6265,,0.6976,S,97,0,◎1着固定 2-3着流し（5〜8点）,0.5777,"{'is_target': True, 'verdict': '点数絞り', 'max_combo_prob': 0.1277, 'est_top_odds': 10.4, 'circle_concentration': 80.4, 'eligible_count': 6, 'bet_adj': 0, 'reason': 'rel_win1=68.9%（本命度） / 最有力組み合わせ確率: 0.128（推定実オッズ?10倍） / 2着集中度: 上位2艇 80.4%（補正+0.04） / 総合判定確率: 0.168 / → ヒモはやや固め。上位2艇以外を切ること', 'tenji_trigger': '展示確認: 1号艇伸び良→そのまま採用。悪→飛び組に差し替え。circle_pct上位2艇に絞り込むこと。\n展示で1号艇スタート超安定(0.118秒)→ヒモ固まり方向に注意'}",,,25.9,逃げ狙い,15.98,23.9,2,,,,,,,,,,,
2026-03-25,丸亀,8,6,日高龍之,B2,45.69,6,△,1.4519,0.4,11,3.3,0.2102,4.5656,,,0,低,49,0,-,663 66,0,24.1,0.6506,0,0,0,0.0164,0,,,,,,A,,,0.1032,0.529,,0.6976,S,97,0,◎1着固定 2-3着流し（5〜8点）,0.5777,"{'is_target': True, 'verdict': '点数絞り', 'max_combo_prob': 0.1277, 'est_top_odds': 10.4, 'circle_concentration': 80.4, 'eligible_count': 6, 'bet_adj': 0, 'reason': 'rel_win1=68.9%（本命度） / 最有力組み合わせ確率: 0.128（推定実オッズ?10倍） / 2着集中度: 上位2艇 80.4%（補正+0.04） / 総合判定確率: 0.168 / → ヒモはやや固め。上位2艇以外を切ること', 'tenji_trigger': '展示確認: 1号艇伸び良→そのまま採用。悪→飛び組に差し替え。circle_pct上位2艇に絞り込むこと。\n展示で1号艇スタート超安定(0.118秒)→ヒモ固まり方向に注意'}",,,25.9,逃げ狙い,15.98,23.9,2,,,,,,,,,,,
2026-03-25,丸亀,9,1,柴田朋哉,A2,42.02,1,◎,55.9446,,0,75.5,0.1526,2.9717,,,0,低,105,0,逃0%,5 5432,0,80.1,0.9956,0.5,,,,,0.0727,0.1584,0.1221,○,,A,,,,0.5935,,0.405,A,60,0,◎-○軸 3着3〜4艇流し（10〜15点）,0.5777,"{'is_target': True, 'verdict': '参加推奨', 'max_combo_prob': 0.07, 'est_top_odds': 19.0, 'circle_concentration': 74.7, 'eligible_count': 8, 'bet_adj': 2, 'reason': 'rel_win1=55.9%（本命度） / 最有力組み合わせ確率: 0.070（推定実オッズ?19倍） / 2着集中度: 上位2艇 74.7%（補正+0.04） / 総合判定確率: 0.110 / → ヒモ分散。1号艇1着固定で広めのヒモ流し推奨（買い目+2点）', 'tenji_trigger': '展示確認: ヒモ分散レース。1号艇伸び確認後、広めのヒモ流しを採用。穴ヒモ（5・6号艇）を積極的に含める。'}",,,28.3,両建て推奨,15.89,30.7,4,,,,,0,0,0.6155,0,,逃げ軸流し,A
2026-03-25,丸亀,9,2,川北浩貴,B1,41.18,2,○,17.0111,40.4,100,81.4,0.1551,3.2881,,,0,低,146,0,ま0%,461 26,0,37.4,0.7831,0,0.1071,0.1429,0,0,0.1399,0.2257,0.0541,,,B,○,,0.3151,0.6565,,0.405,A,60,0,◎-○軸 3着3〜4艇流し（10〜15点）,0.5777,"{'is_target': True, 'verdict': '参加推奨', 'max_combo_prob': 0.07, 'est_top_odds': 19.0, 'circle_concentration': 74.7, 'eligible_count': 8, 'bet_adj': 2, 'reason': 'rel_win1=55.9%（本命度） / 最有力組み合わせ確率: 0.070（推定実オッズ?19倍） / 2着集中度: 上位2艇 74.7%（補正+0.04） / 総合判定確率: 0.110 / → ヒモ分散。1号艇1着固定で広めのヒモ流し推奨（買い目+2点）', 'tenji_trigger': '展示確認: ヒモ分散レース。1号艇伸び確認後、広めのヒモ流しを採用。穴ヒモ（5・6号艇）を積極的に含める。'}",,,28.3,両建て推奨,15.89,30.7,4,,,,,,,,,,,
2026-03-25,丸亀,9,3,木場悠介,B1,29.09,3,▲,8.5938,34.3,51,62.5,0.1464,3.0547,,,0,低,101,0,-,4 561,0,18.7,0.56,0,0,0.0385,0,0.0385,0.032,0.132,0.244,,,D,△,,0.3297,0.652,,0.405,A,60,0,◎-○軸 3着3〜4艇流し（10〜15点）,0.5777,"{'is_target': True, 'verdict': '参加推奨', 'max_combo_prob': 0.07, 'est_top_odds': 19.0, 'circle_concentration': 74.7, 'eligible_count': 8, 'bet_adj': 2, 'reason': 'rel_win1=55.9%（本命度） / 最有力組み合わせ確率: 0.070（推定実オッズ?19倍） / 2着集中度: 上位2艇 74.7%（補正+0.04） / 総合判定確率: 0.110 / → ヒモ分散。1号艇1着固定で広めのヒモ流し推奨（買い目+2点）', 'tenji_trigger': '展示確認: ヒモ分散レース。1号艇伸び確認後、広めのヒモ流しを採用。穴ヒモ（5・6号艇）を積極的に含める。'}",,,28.3,両建て推奨,15.89,30.7,4,,,,,,,,,,,
2026-03-25,丸亀,9,4,有賀達也,A1,28.70,4,△,12.136,11.9,75,64.8,0.1341,2.5,,,0,低,73,0,ま0% 差ま0% 抜0%,32S212,0,83.6,1.3821,0,0,0.1053,0.0526,0.0526,0.0345,0.1379,0.0345,,◎,E,◎,◎,0.4027,0.657,0.4559,0.405,A,60,0,◎-○軸 3着3〜4艇流し（10〜15点）,0.5777,"{'is_target': True, 'verdict': '参加推奨', 'max_combo_prob': 0.07, 'est_top_odds': 19.0, 'circle_concentration': 74.7, 'eligible_count': 8, 'bet_adj': 2, 'reason': 'rel_win1=55.9%（本命度） / 最有力組み合わせ確率: 0.070（推定実オッズ?19倍） / 2着集中度: 上位2艇 74.7%（補正+0.04） / 総合判定確率: 0.110 / → ヒモ分散。1号艇1着固定で広めのヒモ流し推奨（買い目+2点）', 'tenji_trigger': '展示確認: ヒモ分散レース。1号艇伸び確認後、広めのヒモ流しを採用。穴ヒモ（5・6号艇）を積極的に含める。'}",,,28.3,両建て推奨,15.89,30.7,4,,,,,,,,,,,
2026-03-25,丸亀,9,5,川田正人,B1,29.03,5,,5.0642,10.9,69,40.7,0.168,3.4746,,,0,低,152,0,-,441 23,0,57,0.9943,0,0,0,0.0833,0.0417,0.1373,0.3263,0.0387,,,D,△,,0.2664,0.614,,0.405,A,60,0,◎-○軸 3着3〜4艇流し（10〜15点）,0.5777,"{'is_target': True, 'verdict': '参加推奨', 'max_combo_prob': 0.07, 'est_top_odds': 19.0, 'circle_concentration': 74.7, 'eligible_count': 8, 'bet_adj': 2, 'reason': 'rel_win1=55.9%（本命度） / 最有力組み合わせ確率: 0.070（推定実オッズ?19倍） / 2着集中度: 上位2艇 74.7%（補正+0.04） / 総合判定確率: 0.110 / → ヒモ分散。1号艇1着固定で広めのヒモ流し推奨（買い目+2点）', 'tenji_trigger': '展示確認: ヒモ分散レース。1号艇伸び確認後、広めのヒモ流しを採用。穴ヒモ（5・6号艇）を積極的に含める。'}",,,28.3,両建て推奨,15.89,30.7,4,,,,,,,,,,,
2026-03-25,丸亀,9,6,原田雄次,B1,36.75,6,,1.2503,2.5,47,17.1,0.2089,5.1286,,,0,低,136,0,-,1 153,0,24.8,0.6122,,,,,,0,0.25,0.375,,,C,,,0.1612,0.5155,,0.405,A,60,0,◎-○軸 3着3〜4艇流し（10〜15点）,0.5777,"{'is_target': True, 'verdict': '参加推奨', 'max_combo_prob': 0.07, 'est_top_odds': 19.0, 'circle_concentration': 74.7, 'eligible_count': 8, 'bet_adj': 2, 'reason': 'rel_win1=55.9%（本命度） / 最有力組み合わせ確率: 0.070（推定実オッズ?19倍） / 2着集中度: 上位2艇 74.7%（補正+0.04） / 総合判定確率: 0.110 / → ヒモ分散。1号艇1着固定で広めのヒモ流し推奨（買い目+2点）', 'tenji_trigger': '展示確認: ヒモ分散レース。1号艇伸び確認後、広めのヒモ流しを採用。穴ヒモ（5・6号艇）を積極的に含める。'}",,,28.3,両建て推奨,15.89,30.7,4,,,,,,,,,,,
2026-03-25,丸亀,10,1,加倉侑征,A2,49.57,1,◎,58.0933,,0,81.8,0.1293,2.9273,,,0,低,56,0,逃1%,124 51,0,62.4,0.9053,0.4667,,,,,0.2933,0.1333,0.16,◎,,A,△,,,0.6175,,0.5117,A,75,0,◎-○軸 3着3〜4艇流し（10〜15点）,0.5777,"{'is_target': True, 'verdict': '点数絞り', 'max_combo_prob': 0.0859, 'est_top_odds': 15.5, 'circle_concentration': 83.7, 'eligible_count': 8, 'bet_adj': 0, 'reason': 'rel_win1=58.1%（本命度） / 最有力組み合わせ確率: 0.086（推定実オッズ?16倍） / 2着集中度: 上位2艇 83.7%（補正+0.04） / 総合判定確率: 0.126 / → ヒモはやや固め。上位2艇以外を切ること', 'tenji_trigger': '展示確認: 1号艇伸び良→そのまま採用。悪→飛び組に差し替え。circle_pct上位2艇に絞り込むこと。\n展示で1号艇スタート超安定(0.129秒)→ヒモ固まり方向に注意'}",,,31,逃げ狙い,19.78,35.2,3,,,,,0,0,0.7559,0,,逃げ軸流し,A
2026-03-25,丸亀,10,2,庄司孝輔,B1,40.50,2,▲,6.9782,38.6,79,55.6,0.1906,4.2963,,,0,低,133,0,-,2 431,0,86.8,1.6045,0,0,0,0,0.0435,0.016,0.2,0.08,,,B,,,0.1215,0.577,,0.5117,A,75,0,◎-○軸 3着3〜4艇流し（10〜15点）,0.5777,"{'is_target': True, 'verdict': '点数絞り', 'max_combo_prob': 0.0859, 'est_top_odds': 15.5, 'circle_concentration': 83.7, 'eligible_count': 8, 'bet_adj': 0, 'reason': 'rel_win1=58.1%（本命度） / 最有力組み合わせ確率: 0.086（推定実オッズ?16倍） / 2着集中度: 上位2艇 83.7%（補正+0.04） / 総合判定確率: 0.126 / → ヒモはやや固め。上位2艇以外を切ること', 'tenji_trigger': '展示確認: 1号艇伸び良→そのまま採用。悪→飛び組に差し替え。circle_pct上位2艇に絞り込むこと。\n展示で1号艇スタート超安定(0.129秒)→ヒモ固まり方向に注意'}",,,31,逃げ狙い,19.78,35.2,3,,,,,,,,,,,
2026-03-25,丸亀,10,3,君島秀三,A1,39.50,3,○,15.9156,45.1,63,72,0.1336,2.36,,,0,低,60,0,ま0% 差ま0%,262134,0,69.7,1.4269,0,0,0.1304,0.1304,0,0.0767,0.0333,0.1617,,,C,○,,0.325,0.6695,,0.5117,A,75,0,◎-○軸 3着3〜4艇流し（10〜15点）,0.5777,"{'is_target': True, 'verdict': '点数絞り', 'max_combo_prob': 0.0859, 'est_top_odds': 15.5, 'circle_concentration': 83.7, 'eligible_count': 8, 'bet_adj': 0, 'reason': 'rel_win1=58.1%（本命度） / 最有力組み合わせ確率: 0.086（推定実オッズ?16倍） / 2着集中度: 上位2艇 83.7%（補正+0.04） / 総合判定確率: 0.126 / → ヒモはやや固め。上位2艇以外を切ること', 'tenji_trigger': '展示確認: 1号艇伸び良→そのまま採用。悪→飛び組に差し替え。circle_pct上位2艇に絞り込むこと。\n展示で1号艇スタート超安定(0.129秒)→ヒモ固まり方向に注意'}",,,31,逃げ狙い,19.78,35.2,3,,,,,,,,,,,
2026-03-25,丸亀,10,4,中井俊祐,B1,32.20,4,,12.9715,6.8,54,49.2,0.1592,2.8279,,,0,低,130,0,差ま0%,1 641,0,27.8,0.7915,0,0,0.0345,0.1034,0,0.1333,0.3167,0.2,,,E,△,◎,0.2004,0.6095,0.2786,0.5117,A,75,0,◎-○軸 3着3〜4艇流し（10〜15点）,0.5777,"{'is_target': True, 'verdict': '点数絞り', 'max_combo_prob': 0.0859, 'est_top_odds': 15.5, 'circle_concentration': 83.7, 'eligible_count': 8, 'bet_adj': 0, 'reason': 'rel_win1=58.1%（本命度） / 最有力組み合わせ確率: 0.086（推定実オッズ?16倍） / 2着集中度: 上位2艇 83.7%（補正+0.04） / 総合判定確率: 0.126 / → ヒモはやや固め。上位2艇以外を切ること', 'tenji_trigger': '展示確認: 1号艇伸び良→そのまま採用。悪→飛び組に差し替え。circle_pct上位2艇に絞り込むこと。\n展示で1号艇スタート超安定(0.129秒)→ヒモ固まり方向に注意'}",,,31,逃げ狙い,19.78,35.2,3,,,,,,,,,,,
2026-03-25,丸亀,10,5,山ノ内雅,A2,34.48,5,,4.9897,6.7,100,49.3,0.1504,3.2174,,,0,低,97,0,-,2 3222,0,27.7,0.766,0,0,0,0.0541,0,0.1041,0.0432,0.0324,,,D,◎,,0.2379,0.6915,,0.5117,A,75,0,◎-○軸 3着3〜4艇流し（10〜15点）,0.5777,"{'is_target': True, 'verdict': '点数絞り', 'max_combo_prob': 0.0859, 'est_top_odds': 15.5, 'circle_concentration': 83.7, 'eligible_count': 8, 'bet_adj': 0, 'reason': 'rel_win1=58.1%（本命度） / 最有力組み合わせ確率: 0.086（推定実オッズ?16倍） / 2着集中度: 上位2艇 83.7%（補正+0.04） / 総合判定確率: 0.126 / → ヒモはやや固め。上位2艇以外を切ること', 'tenji_trigger': '展示確認: 1号艇伸び良→そのまま採用。悪→飛び組に差し替え。circle_pct上位2艇に絞り込むこと。\n展示で1号艇スタート超安定(0.129秒)→ヒモ固まり方向に注意'}",,,31,逃げ狙い,19.78,35.2,3,,,,,,,,,,,
2026-03-25,丸亀,10,6,大谷健太,B2,39.66,6,△,1.0517,2.8,72,32.6,0.1551,3.6047,,,0,低,101,0,-,641 41,0,27,0.8047,,,,,,0,0.0857,0.1286,,,C,,,0.2512,0.605,,0.5117,A,75,0,◎-○軸 3着3〜4艇流し（10〜15点）,0.5777,"{'is_target': True, 'verdict': '点数絞り', 'max_combo_prob': 0.0859, 'est_top_odds': 15.5, 'circle_concentration': 83.7, 'eligible_count': 8, 'bet_adj': 0, 'reason': 'rel_win1=58.1%（本命度） / 最有力組み合わせ確率: 0.086（推定実オッズ?16倍） / 2着集中度: 上位2艇 83.7%（補正+0.04） / 総合判定確率: 0.126 / → ヒモはやや固め。上位2艇以外を切ること', 'tenji_trigger': '展示確認: 1号艇伸び良→そのまま採用。悪→飛び組に差し替え。circle_pct上位2艇に絞り込むこと。\n展示で1号艇スタート超安定(0.129秒)→ヒモ固まり方向に注意'}",,,31,逃げ狙い,19.78,35.2,3,,,,,,,,,,,
2026-03-25,丸亀,11,1,村上　遼,A1,26.09,1,◎,58.004,,0,89.3,0.1279,2.4464,,,0,低,49,0,逃1%,2 2351,0,81.4,0.9706,0.5185,,,,,0.0593,0.3141,0.0296,◎,,D,○,,,0.6535,,0.6684,S,93,0,◎1着固定 2-3着流し（5〜8点）,0.5777,"{'is_target': True, 'verdict': '点数絞り', 'max_combo_prob': 0.1085, 'est_top_odds': 12.3, 'circle_concentration': 83.9, 'eligible_count': 6, 'bet_adj': 0, 'reason': 'rel_win1=58.0%（本命度） / 最有力組み合わせ確率: 0.108（推定実オッズ?12倍） / 2着集中度: 上位2艇 83.9%（補正+0.04） / 総合判定確率: 0.148 / → ヒモはやや固め。上位2艇以外を切ること', 'tenji_trigger': '展示確認: 1号艇伸び良→そのまま採用。悪→飛び組に差し替え。circle_pct上位2艇に絞り込むこと。\n展示で1号艇スタート超安定(0.128秒)→ヒモ固まり方向に注意'}",,,29,逃げ狙い,19.04,30,2,,,,,0,0,0.7559,0,,逃げ軸流し,A
2026-03-25,丸亀,11,2,桑原　悠,A1,25.71,2,▲,19.7498,53.1,78,95.5,0.1427,2.6818,,,0,低,26,0,-,43164,0,65,0.9174,0,0.125,0.125,0,0,0.0444,0.0972,0.0667,,,D,△,,0.1912,0.6315,,0.6684,S,93,0,◎1着固定 2-3着流し（5〜8点）,0.5777,"{'is_target': True, 'verdict': '点数絞り', 'max_combo_prob': 0.1085, 'est_top_odds': 12.3, 'circle_concentration': 83.9, 'eligible_count': 6, 'bet_adj': 0, 'reason': 'rel_win1=58.0%（本命度） / 最有力組み合わせ確率: 0.108（推定実オッズ?12倍） / 2着集中度: 上位2艇 83.9%（補正+0.04） / 総合判定確率: 0.148 / → ヒモはやや固め。上位2艇以外を切ること', 'tenji_trigger': '展示確認: 1号艇伸び良→そのまま採用。悪→飛び組に差し替え。circle_pct上位2艇に絞り込むこと。\n展示で1号艇スタート超安定(0.128秒)→ヒモ固まり方向に注意'}",,,29,逃げ狙い,19.04,30,2,,,,,,,,,,,
2026-03-25,丸亀,11,3,藤田靖弘,A2,25.64,3,,8.9974,30.8,80,67.2,0.1469,2.8134,,,0,低,111,0,-,3 4135,0,45.9,1.0654,0,0,0.0556,0.0556,0,0.0533,0.115,0.0267,,,E,◎,,0.2264,0.6755,,0.6684,S,93,0,◎1着固定 2-3着流し（5〜8点）,0.5777,"{'is_target': True, 'verdict': '点数絞り', 'max_combo_prob': 0.1085, 'est_top_odds': 12.3, 'circle_concentration': 83.9, 'eligible_count': 6, 'bet_adj': 0, 'reason': 'rel_win1=58.0%（本命度） / 最有力組み合わせ確率: 0.108（推定実オッズ?12倍） / 2着集中度: 上位2艇 83.9%（補正+0.04） / 総合判定確率: 0.148 / → ヒモはやや固め。上位2艇以外を切ること', 'tenji_trigger': '展示確認: 1号艇伸び良→そのまま採用。悪→飛び組に差し替え。circle_pct上位2艇に絞り込むこと。\n展示で1号艇スタート超安定(0.128秒)→ヒモ固まり方向に注意'}",,,29,逃げ狙い,19.04,30,2,,,,,,,,,,,
2026-03-25,丸亀,11,4,安田政彦,A2,33.04,4,△,6.7813,6.9,100,54.9,0.21,4.2451,,,0,低,147,0,-,3 2425,0,58.1,1.2696,0,0,0.0625,0,0,0.2188,0.3285,0.1918,,,B,,,0.1646,0.5665,,0.6684,S,93,0,◎1着固定 2-3着流し（5〜8点）,0.5777,"{'is_target': True, 'verdict': '点数絞り', 'max_combo_prob': 0.1085, 'est_top_odds': 12.3, 'circle_concentration': 83.9, 'eligible_count': 6, 'bet_adj': 0, 'reason': 'rel_win1=58.0%（本命度） / 最有力組み合わせ確率: 0.108（推定実オッズ?12倍） / 2着集中度: 上位2艇 83.9%（補正+0.04） / 総合判定確率: 0.148 / → ヒモはやや固め。上位2艇以外を切ること', 'tenji_trigger': '展示確認: 1号艇伸び良→そのまま採用。悪→飛び組に差し替え。circle_pct上位2艇に絞り込むこと。\n展示で1号艇スタート超安定(0.128秒)→ヒモ固まり方向に注意'}",,,29,逃げ狙い,19.04,30,2,,,,,,,,,,,
2026-03-25,丸亀,11,5,谷口知優,B1,32.14,5,,5.4081,5,77,46.7,0.1598,3.3444,,,0,低,83,0,-,1 266,0,38.6,1.1257,0,0,0.0476,0.0476,0,0,0.3481,0.1039,,,C,△,,0.2362,0.6165,,0.6684,S,93,0,◎1着固定 2-3着流し（5〜8点）,0.5777,"{'is_target': True, 'verdict': '点数絞り', 'max_combo_prob': 0.1085, 'est_top_odds': 12.3, 'circle_concentration': 83.9, 'eligible_count': 6, 'bet_adj': 0, 'reason': 'rel_win1=58.0%（本命度） / 最有力組み合わせ確率: 0.108（推定実オッズ?12倍） / 2着集中度: 上位2艇 83.9%（補正+0.04） / 総合判定確率: 0.148 / → ヒモはやや固め。上位2艇以外を切ること', 'tenji_trigger': '展示確認: 1号艇伸び良→そのまま採用。悪→飛び組に差し替え。circle_pct上位2艇に絞り込むこと。\n展示で1号艇スタート超安定(0.128秒)→ヒモ固まり方向に注意'}",,,29,逃げ狙い,19.04,30,2,,,,,,,,,,,
2026-03-25,丸亀,11,6,三木晴斗,B1,38.60,6,○,1.0594,4.2,27,24.1,0.15,3.1204,,,0,低,97,0,-,5 153,0,26.6,0.7861,,,,,,0.095,0.195,0.155,,,B,,,0.2895,0.5655,,0.6684,S,93,0,◎1着固定 2-3着流し（5〜8点）,0.5777,"{'is_target': True, 'verdict': '点数絞り', 'max_combo_prob': 0.1085, 'est_top_odds': 12.3, 'circle_concentration': 83.9, 'eligible_count': 6, 'bet_adj': 0, 'reason': 'rel_win1=58.0%（本命度） / 最有力組み合わせ確率: 0.108（推定実オッズ?12倍） / 2着集中度: 上位2艇 83.9%（補正+0.04） / 総合判定確率: 0.148 / → ヒモはやや固め。上位2艇以外を切ること', 'tenji_trigger': '展示確認: 1号艇伸び良→そのまま採用。悪→飛び組に差し替え。circle_pct上位2艇に絞り込むこと。\n展示で1号艇スタート超安定(0.128秒)→ヒモ固まり方向に注意'}",,,29,逃げ狙い,19.04,30,2,,,,,,,,,,,
2026-03-25,丸亀,12,1,西丸侑太,A1,42.98,1,◎,57.3826,,0,87.5,0.15,3.125,,,0,低,100,0,逃1%,35112,0,71.6,1.089,0.6786,,,,,0,0.1314,0.0429,◎,,B,△,,,0.6105,,0.4574,S,85,0,◎1着固定 2-3着流し（5〜8点）,0.5777,"{'is_target': True, 'verdict': '参加推奨', 'max_combo_prob': 0.0538, 'est_top_odds': 24.8, 'circle_concentration': 57.6, 'eligible_count': 6, 'bet_adj': 2, 'reason': 'rel_win1=57.4%（本命度） / 最有力組み合わせ確率: 0.054（推定実オッズ?25倍） / 2着集中度: 上位2艇 57.6%（補正+0.00） / 総合判定確率: 0.054 / → ヒモ分散。1号艇1着固定で広めのヒモ流し推奨（買い目+2点）', 'tenji_trigger': '展示確認: ヒモ分散レース。1号艇伸び確認後、広めのヒモ流しを採用。穴ヒモ（5・6号艇）を積極的に含める。'}",,,28.8,逃げ狙い,24.37,24.9,3,,,,,0,0,0.7559,0,,逃げ軸流し,A
2026-03-25,丸亀,12,2,牟田奨太,B1,38.46,2,▲,6.1905,31.9,43,37.7,0.1461,3.1639,,,0,低,75,0,ま0%,221 15,0,22.3,0.659,0,0,0.0294,0,0,0.1727,0.1379,0.087,,○,C,△,,0.3413,0.6255,,0.4574,S,85,0,◎1着固定 2-3着流し（5〜8点）,0.5777,"{'is_target': True, 'verdict': '参加推奨', 'max_combo_prob': 0.0538, 'est_top_odds': 24.8, 'circle_concentration': 57.6, 'eligible_count': 6, 'bet_adj': 2, 'reason': 'rel_win1=57.4%（本命度） / 最有力組み合わせ確率: 0.054（推定実オッズ?25倍） / 2着集中度: 上位2艇 57.6%（補正+0.00） / 総合判定確率: 0.054 / → ヒモ分散。1号艇1着固定で広めのヒモ流し推奨（買い目+2点）', 'tenji_trigger': '展示確認: ヒモ分散レース。1号艇伸び確認後、広めのヒモ流しを採用。穴ヒモ（5・6号艇）を積極的に含める。'}",,,28.8,逃げ狙い,24.37,24.9,3,,,,,,,,,,,
2026-03-25,丸亀,12,3,上條嘉嗣,A1,54.78,3,○,16.1925,22.7,100,75,0.1797,3.7206,,,0,低,185,0,差ま0%,21352,0,75.6,0.7875,0,0,0.1875,0.125,0,0.0093,0.1705,0.1132,,,A,,,0.1826,0.573,,0.4574,S,85,0,◎1着固定 2-3着流し（5〜8点）,0.5777,"{'is_target': True, 'verdict': '参加推奨', 'max_combo_prob': 0.0538, 'est_top_odds': 24.8, 'circle_concentration': 57.6, 'eligible_count': 6, 'bet_adj': 2, 'reason': 'rel_win1=57.4%（本命度） / 最有力組み合わせ確率: 0.054（推定実オッズ?25倍） / 2着集中度: 上位2艇 57.6%（補正+0.00） / 総合判定確率: 0.054 / → ヒモ分散。1号艇1着固定で広めのヒモ流し推奨（買い目+2点）', 'tenji_trigger': '展示確認: ヒモ分散レース。1号艇伸び確認後、広めのヒモ流しを採用。穴ヒモ（5・6号艇）を積極的に含める。'}",,,28.8,逃げ狙い,24.37,24.9,3,,,,,,,,,,,
2026-03-25,丸亀,12,4,相原利章,A2,37.61,4,△,11.313,25.7,77,59.6,0.1266,2.2128,,,0,低,43,0,差0% ま0% 差ま0%,323 13,0,61.5,1.2991,0,0.1111,0.2778,0.0556,0,0.0933,0.2033,0.2633,,◎,D,◎,◎,0.4395,0.643,0.5025,0.4574,S,85,0,◎1着固定 2-3着流し（5〜8点）,0.5777,"{'is_target': True, 'verdict': '参加推奨', 'max_combo_prob': 0.0538, 'est_top_odds': 24.8, 'circle_concentration': 57.6, 'eligible_count': 6, 'bet_adj': 2, 'reason': 'rel_win1=57.4%（本命度） / 最有力組み合わせ確率: 0.054（推定実オッズ?25倍） / 2着集中度: 上位2艇 57.6%（補正+0.00） / 総合判定確率: 0.054 / → ヒモ分散。1号艇1着固定で広めのヒモ流し推奨（買い目+2点）', 'tenji_trigger': '展示確認: ヒモ分散レース。1号艇伸び確認後、広めのヒモ流しを採用。穴ヒモ（5・6号艇）を積極的に含める。'}",,,28.8,逃げ狙い,24.37,24.9,3,,,,,,,,,,,
2026-03-25,丸亀,12,5,原田篤志,A1,37.93,5,,5.1425,11.5,77,58.5,0.1863,3.9756,,,0,低,122,0,抜0%,143 41,0,29.5,1.5612,0,0,0,0,0.1111,0.02,0.125,0.02,,,C,,,0.1894,0.5685,,0.4574,S,85,0,◎1着固定 2-3着流し（5〜8点）,0.5777,"{'is_target': True, 'verdict': '参加推奨', 'max_combo_prob': 0.0538, 'est_top_odds': 24.8, 'circle_concentration': 57.6, 'eligible_count': 6, 'bet_adj': 2, 'reason': 'rel_win1=57.4%（本命度） / 最有力組み合わせ確率: 0.054（推定実オッズ?25倍） / 2着集中度: 上位2艇 57.6%（補正+0.00） / 総合判定確率: 0.054 / → ヒモ分散。1号艇1着固定で広めのヒモ流し推奨（買い目+2点）', 'tenji_trigger': '展示確認: ヒモ分散レース。1号艇伸び確認後、広めのヒモ流しを採用。穴ヒモ（5・6号艇）を積極的に含める。'}",,,28.8,逃げ狙い,24.37,24.9,3,,,,,,,,,,,
2026-03-25,丸亀,12,6,船岡洋一,A1,19.27,6,,3.779,8.2,86,59.5,0.1889,4.0946,,,0,低,67,0,差ま0%,512 53,0,100,2.2719,0,0,0,0.0556,0,0.0811,0.027,0.1081,,,E,○,,0.1607,0.6315,,0.4574,S,85,0,◎1着固定 2-3着流し（5〜8点）,0.5777,"{'is_target': True, 'verdict': '参加推奨', 'max_combo_prob': 0.0538, 'est_top_odds': 24.8, 'circle_concentration': 57.6, 'eligible_count': 6, 'bet_adj': 2, 'reason': 'rel_win1=57.4%（本命度） / 最有力組み合わせ確率: 0.054（推定実オッズ?25倍） / 2着集中度: 上位2艇 57.6%（補正+0.00） / 総合判定確率: 0.054 / → ヒモ分散。1号艇1着固定で広めのヒモ流し推奨（買い目+2点）', 'tenji_trigger': '展示確認: ヒモ分散レース。1号艇伸び確認後、広めのヒモ流しを採用。穴ヒモ（5・6号艇）を積極的に含める。'}",,,28.8,逃げ狙い,24.37,24.9,3,,,,,,,,,,,
2026-03-30,丸亀,1,1,犬童千秋,B1,28.46,1,◎,55.7378,,0,86.2,0.1579,2.8621,,,0,低,47,0,逃0%,,0,86.4,1.1051,0.3333,,,,,0.3333,0.1111,0.1111,○,,C,△,,,0.593,,0.3762,A,66,0,◎-○軸 3着3〜4艇流し（10〜15点）,0.5777,"{'is_target': True, 'verdict': '点数絞り', 'max_combo_prob': 0.1118, 'est_top_odds': 11.9, 'circle_concentration': 75.6, 'eligible_count': 8, 'bet_adj': 0, 'reason': 'rel_win1=55.7%（本命度） / 最有力組み合わせ確率: 0.112（推定実オッズ?12倍） / 2着集中度: 上位2艇 75.6%（補正+0.04） / 総合判定確率: 0.152 / → ヒモはやや固め。上位2艇以外を切ること', 'tenji_trigger': '展示確認: 1号艇伸び良→そのまま採用。悪→飛び組に差し替え。circle_pct上位2艇に絞り込むこと。'}",,,30.3,逃げ狙い,14.94,37.4,3,,,,,0,0,0.6155,0,,主役軸流し,B
2026-03-30,丸亀,1,2,五反田忍,B2,25.81,2,,12.8014,57.2,54,36,0.1732,3.54,,,0,低,49,0,差0%,,0,20.5,0.6493,0,0.0833,0,0,0,0.0714,0.1429,0.2857,,,D,,,0.1651,0.5515,,0.3762,A,66,0,◎-○軸 3着3〜4艇流し（10〜15点）,0.5777,"{'is_target': True, 'verdict': '点数絞り', 'max_combo_prob': 0.1118, 'est_top_odds': 11.9, 'circle_concentration': 75.6, 'eligible_count': 8, 'bet_adj': 0, 'reason': 'rel_win1=55.7%（本命度） / 最有力組み合わせ確率: 0.112（推定実オッズ?12倍） / 2着集中度: 上位2艇 75.6%（補正+0.04） / 総合判定確率: 0.152 / → ヒモはやや固め。上位2艇以外を切ること', 'tenji_trigger': '展示確認: 1号艇伸び良→そのまま採用。悪→飛び組に差し替え。circle_pct上位2艇に絞り込むこと。'}",,,30.3,逃げ狙い,14.94,37.4,3,,,,,,,,,,,
2026-03-30,丸亀,1,3,松本　怜,B1,51.61,3,○,13.0124,18.5,83,38.5,0.1896,3.3269,,,0,低,54,0,-,,0,31.4,0.9081,,,,,,0,0.5,0.25,,,A,△,,0.1531,0.572,,0.3762,A,66,0,◎-○軸 3着3〜4艇流し（10〜15点）,0.5777,"{'is_target': True, 'verdict': '点数絞り', 'max_combo_prob': 0.1118, 'est_top_odds': 11.9, 'circle_concentration': 75.6, 'eligible_count': 8, 'bet_adj': 0, 'reason': 'rel_win1=55.7%（本命度） / 最有力組み合わせ確率: 0.112（推定実オッズ?12倍） / 2着集中度: 上位2艇 75.6%（補正+0.04） / 総合判定確率: 0.152 / → ヒモはやや固め。上位2艇以外を切ること', 'tenji_trigger': '展示確認: 1号艇伸び良→そのまま採用。悪→飛び組に差し替え。circle_pct上位2艇に絞り込むこと。'}",,,30.3,逃げ狙い,14.94,37.4,3,,,,,,,,,,,
2026-03-30,丸亀,1,4,新田芳美,B1,41.27,4,△,7.3559,13.1,100,32.1,0.1957,3.9821,,,0,低,61,0,-,,0,37.9,0.7487,,,,,,0.08,0.0533,0.44,,,B,◎,,0.163,0.6255,,0.3762,A,66,0,◎-○軸 3着3〜4艇流し（10〜15点）,0.5777,"{'is_target': True, 'verdict': '点数絞り', 'max_combo_prob': 0.1118, 'est_top_odds': 11.9, 'circle_concentration': 75.6, 'eligible_count': 8, 'bet_adj': 0, 'reason': 'rel_win1=55.7%（本命度） / 最有力組み合わせ確率: 0.112（推定実オッズ?12倍） / 2着集中度: 上位2艇 75.6%（補正+0.04） / 総合判定確率: 0.152 / → ヒモはやや固め。上位2艇以外を切ること', 'tenji_trigger': '展示確認: 1号艇伸び良→そのまま採用。悪→飛び組に差し替え。circle_pct上位2艇に絞り込むこと。'}",,,30.3,逃げ狙い,14.94,37.4,3,,,,,,,,,,,
2026-03-30,丸亀,1,5,小畑楓夏,B2,26.89,5,▲,6.8716,9.1,54,0,0.1162,2.5625,,,0,低,40,1,-,,0,26.5,0.7698,,,,,,,,,,◎,D,,,0.4427,0.4095,,0.3762,A,66,0,◎-○軸 3着3〜4艇流し（10〜15点）,0.5777,"{'is_target': True, 'verdict': '点数絞り', 'max_combo_prob': 0.1118, 'est_top_odds': 11.9, 'circle_concentration': 75.6, 'eligible_count': 8, 'bet_adj': 0, 'reason': 'rel_win1=55.7%（本命度） / 最有力組み合わせ確率: 0.112（推定実オッズ?12倍） / 2着集中度: 上位2艇 75.6%（補正+0.04） / 総合判定確率: 0.152 / → ヒモはやや固め。上位2艇以外を切ること', 'tenji_trigger': '展示確認: 1号艇伸び良→そのまま採用。悪→飛び組に差し替え。circle_pct上位2艇に絞り込むこと。'}",,,30.3,逃げ狙い,14.94,37.4,3,,,,,,,,,,,
2026-03-30,丸亀,1,6,関野　文,A2,20.66,6,,4.2208,2.2,48,21.7,0.1683,4.0217,,,0,低,58,0,差0%,,0,49.8,1.0078,0,0.0909,0,0,0,0.0932,0.0727,0.2409,,,E,○,,0.2569,0.6135,,0.3762,A,66,0,◎-○軸 3着3〜4艇流し（10〜15点）,0.5777,"{'is_target': True, 'verdict': '点数絞り', 'max_combo_prob': 0.1118, 'est_top_odds': 11.9, 'circle_concentration': 75.6, 'eligible_count': 8, 'bet_adj': 0, 'reason': 'rel_win1=55.7%（本命度） / 最有力組み合わせ確率: 0.112（推定実オッズ?12倍） / 2着集中度: 上位2艇 75.6%（補正+0.04） / 総合判定確率: 0.152 / → ヒモはやや固め。上位2艇以外を切ること', 'tenji_trigger': '展示確認: 1号艇伸び良→そのまま採用。悪→飛び組に差し替え。circle_pct上位2艇に絞り込むこと。'}",,,30.3,逃げ狙い,14.94,37.4,3,,,,,,,,,,,
2026-03-30,丸亀,2,1,寺本昇平,B1,40.48,1,◎,43.5079,,0,63,0.163,3.2609,,,0,低,124,0,逃0%,,0,57.4,0.8184,0.3077,,,,,0.3323,0.1231,0.1508,△,,A,△,,,0.6215,,0.3291,B,48,0,◎○△フォーメーション（15〜20点）,0.5777,"{'is_target': False, 'verdict': '対象外', 'max_combo_prob': None, 'est_top_odds': None, 'circle_concentration': None, 'eligible_count': 0, 'bet_adj': 0, 'reason': '1号艇rel_win1 < 45%: 通常判定に委ねる', 'tenji_trigger': ''}",,,32.1,両建て推奨,20.78,37.3,5,5-1-6|5-6-1|1-3-4|1-3-6|1-3-5|1-2-4|1-2-6,2-1-3|2-1-4|4-1-6|2-1-6|4-1-3|5-1-6|5-6-1|1-3-4|1-3-6|1-3-5|1-2-4|1-2-6,5-1-6:1.5%|5-6-1:1.48%|1-3-4:7.29%|1-3-6:7.0%|1-3-5:7.0%|1-2-4:4.85%|1-2-6:4.66%,5-1-6:B_main|5-6-1:B_main|1-3-4:A|1-3-6:A|1-3-5:A|1-2-4:A|1-2-6:A,7,12,0.4535,1,[!]見送り推奨（主役決まり手「まくり」― 逃げ劣勢レースで的中実績なし）,荒れ広め,D
2026-03-30,丸亀,2,2,貫地谷直,B1,27.42,2,,5.2474,30.1,69,28.3,0.2157,4.3774,,,0,低,204,0,-,,0,13.7,0.5462,,,,,,0.0571,0.6214,0.2643,,,D,,,0.1273,0.5725,,0.3291,B,48,0,◎○△フォーメーション（15〜20点）,0.5777,"{'is_target': False, 'verdict': '対象外', 'max_combo_prob': None, 'est_top_odds': None, 'circle_concentration': None, 'eligible_count': 0, 'bet_adj': 0, 'reason': '1号艇rel_win1 < 45%: 通常判定に委ねる', 'tenji_trigger': ''}",,,32.1,両建て推奨,20.78,37.3,5,,,,,,,,,,,
2026-03-30,丸亀,2,3,宮崎　奨,A2,28.23,3,▲,15.5522,46.8,100,70.4,0.1585,3.5,,,0,低,134,0,-,,0,57.6,1.1696,0,0,0,0.0952,0.0476,0.0343,0.1571,0.2686,,,D,○,,0.3511,0.658,,0.3291,B,48,0,◎○△フォーメーション（15〜20点）,0.5777,"{'is_target': False, 'verdict': '対象外', 'max_combo_prob': None, 'est_top_odds': None, 'circle_concentration': None, 'eligible_count': 0, 'bet_adj': 0, 'reason': '1号艇rel_win1 < 45%: 通常判定に委ねる', 'tenji_trigger': ''}",,,32.1,両建て推奨,20.78,37.3,5,,,,,,,,,,,
2026-03-30,丸亀,2,4,杉山勝匡,B1,38.14,4,○,19.1989,13.9,58,48,0.1443,2.82,,,0,低,107,0,-,,0,82.6,1.0383,0,0.0263,0.1579,0.0263,0,0.1889,0.1444,0.1593,,○,B,△,○,0.4088,0.6195,0.2686,0.3291,B,48,0,◎○△フォーメーション（15〜20点）,0.5777,"{'is_target': False, 'verdict': '対象外', 'max_combo_prob': None, 'est_top_odds': None, 'circle_concentration': None, 'eligible_count': 0, 'bet_adj': 0, 'reason': '1号艇rel_win1 < 45%: 通常判定に委ねる', 'tenji_trigger': ''}",,,32.1,両建て推奨,20.78,37.3,5,,,,,,,,,,,
2026-03-30,丸亀,2,5,酒井俊弘,B1,21.49,5,,15.4078,6.9,57,39,0.1368,2.7561,,,0,低,62,0,ま0% 差ま0%,,0,56.8,1.4743,0,0,0.2222,0.0556,0,0.0167,0.4167,0.25,,◎,E,,◎,0.4405,0.6165,0.2897,0.3291,B,48,0,◎○△フォーメーション（15〜20点）,0.5777,"{'is_target': False, 'verdict': '対象外', 'max_combo_prob': None, 'est_top_odds': None, 'circle_concentration': None, 'eligible_count': 0, 'bet_adj': 0, 'reason': '1号艇rel_win1 < 45%: 通常判定に委ねる', 'tenji_trigger': ''}",,,32.1,両建て推奨,20.78,37.3,5,,,,,,,,,,,
2026-03-30,丸亀,2,6,高倉和士,A1,29.23,6,△,1.0859,2.3,96,47.2,0.1496,3.3396,,,0,低,42,0,-,,0,89.7,1.7267,,,,,,0.0114,0.0343,0.2936,,,C,◎,,0.3674,0.673,,0.3291,B,48,0,◎○△フォーメーション（15〜20点）,0.5777,"{'is_target': False, 'verdict': '対象外', 'max_combo_prob': None, 'est_top_odds': None, 'circle_concentration': None, 'eligible_count': 0, 'bet_adj': 0, 'reason': '1号艇rel_win1 < 45%: 通常判定に委ねる', 'tenji_trigger': ''}",,,32.1,両建て推奨,20.78,37.3,5,,,,,,,,,,,
2026-03-30,丸亀,3,1,柴田大輔,B1,25.41,1,◎,44.6859,,0,72.7,0.1857,3.7955,,,0,低,176,0,逃0%,,0,57.4,0.9231,0.2692,,,,,0.2769,0.2923,0.2769,△,,D,,,,0.4955,,0.2291,B,50,0,◎○△フォーメーション（15〜20点）,0.5777,"{'is_target': False, 'verdict': '対象外', 'max_combo_prob': None, 'est_top_odds': None, 'circle_concentration': None, 'eligible_count': 0, 'bet_adj': 0, 'reason': '1号艇rel_win1 < 45%: 通常判定に委ねる', 'tenji_trigger': ''}",,,31.8,両建て推奨,11.75,44.3,3,3-1-4|3-1-5|1-2-4|1-3-4|1-2-3|1-2-5|1-3-5,6-1-2|6-1-4|3-1-4|5-1-2|6-2-1|6-4-1|3-1-5|1-2-4|1-3-4|1-2-3|1-2-5|1-3-5,3-1-4:2.75%|3-1-5:1.78%|1-2-4:7.77%|1-3-4:7.25%|1-2-3:7.23%|1-2-5:6.39%|1-3-5:5.97%,3-1-4:B_main|3-1-5:B_main|1-2-4:A|1-3-4:A|1-2-3:A|1-2-5:A|1-3-5:A,7,12,0.4535,1,[!]見送り推奨（主役決まり手「まくり差し」― 逃げ劣勢レースで的中実績なし）,荒れ広め,D
2026-03-30,丸亀,3,2,原村拓也,B1,40.80,2,○,11.2815,41.3,63,45.7,0.178,4.0071,,,0,低,159,0,-,,0,59.1,1.2703,0,0.0345,0,0,0,0.3114,0.1257,0.02,,○,A,△,,0.4246,0.5855,,0.2291,B,50,0,◎○△フォーメーション（15〜20点）,0.5777,"{'is_target': False, 'verdict': '対象外', 'max_combo_prob': None, 'est_top_odds': None, 'circle_concentration': None, 'eligible_count': 0, 'bet_adj': 0, 'reason': '1号艇rel_win1 < 45%: 通常判定に委ねる', 'tenji_trigger': ''}",,,31.8,両建て推奨,11.75,44.3,3,,,,,,,,,,,
2026-03-30,丸亀,3,3,宮下元胤,A1,30.00,3,▲,19.6772,34.6,100,71.9,0.1486,3.2656,,,0,低,126,0,-,,0,46.7,1.064,0,0,0.0357,0.0714,0.0357,0.1767,0.1283,0.115,,◎,C,◎,,0.5123,0.6615,,0.2291,B,50,0,◎○△フォーメーション（15〜20点）,0.5777,"{'is_target': False, 'verdict': '対象外', 'max_combo_prob': None, 'est_top_odds': None, 'circle_concentration': None, 'eligible_count': 0, 'bet_adj': 0, 'reason': '1号艇rel_win1 < 45%: 通常判定に委ねる', 'tenji_trigger': ''}",,,31.8,両建て推奨,11.75,44.3,3,,,,,,,,,,,
2026-03-30,丸亀,3,4,小林京平,B1,35.34,4,△,13.1901,16.9,76,35.9,0.1804,3.7075,,,0,低,103,0,-,,0,99.1,1.9789,0,0.0385,0.0769,0,0,0,0.1429,0.2857,,,B,△,◎,0.3597,0.5405,0.2831,0.2291,B,50,0,◎○△フォーメーション（15〜20点）,0.5777,"{'is_target': False, 'verdict': '対象外', 'max_combo_prob': None, 'est_top_odds': None, 'circle_concentration': None, 'eligible_count': 0, 'bet_adj': 0, 'reason': '1号艇rel_win1 < 45%: 通常判定に委ねる', 'tenji_trigger': ''}",,,31.8,両建て推奨,11.75,44.3,3,,,,,,,,,,,
2026-03-30,丸亀,3,5,竹田吉行,A2,32.50,5,,9.8746,6.9,66,36,0.1656,3.51,,,0,低,115,0,差ま0%,,0,60,1.1905,0,0,0,0.0476,0,0.0606,0.0825,0.2452,,,C,○,,0.3918,0.63,,0.2291,B,50,0,◎○△フォーメーション（15〜20点）,0.5777,"{'is_target': False, 'verdict': '対象外', 'max_combo_prob': None, 'est_top_odds': None, 'circle_concentration': None, 'eligible_count': 0, 'bet_adj': 0, 'reason': '1号艇rel_win1 < 45%: 通常判定に委ねる', 'tenji_trigger': ''}",,,31.8,両建て推奨,11.75,44.3,3,,,,,,,,,,,
2026-03-30,丸亀,3,6,堀内亜海,B2,19.53,6,,1.2906,0.4,12,0,0.2205,4.7951,,,0,低,39,0,-,,0,28.1,0.5461,,,,,,,,,,,E,,,0.2466,0.4305,,0.2291,B,50,0,◎○△フォーメーション（15〜20点）,0.5777,"{'is_target': False, 'verdict': '対象外', 'max_combo_prob': None, 'est_top_odds': None, 'circle_concentration': None, 'eligible_count': 0, 'bet_adj': 0, 'reason': '1号艇rel_win1 < 45%: 通常判定に委ねる', 'tenji_trigger': ''}",,,31.8,両建て推奨,11.75,44.3,3,,,,,,,,,,,
2026-03-30,丸亀,4,1,今坂晃広,B1,34.75,1,◎,46.2175,,0,75,0.184,3.9167,,,0,低,154,0,逃1%,,0,54.8,0.9528,0.5769,,,,,0.0462,0.1969,0.0462,△,,C,◎,,,0.681,,0.2155,B,55,0,◎○△フォーメーション（15〜20点）,0.5777,"{'is_target': True, 'verdict': '点数絞り', 'max_combo_prob': 0.0942, 'est_top_odds': 14.2, 'circle_concentration': 84.7, 'eligible_count': 9, 'bet_adj': 0, 'reason': 'rel_win1=46.2%（本命度） / 最有力組み合わせ確率: 0.094（推定実オッズ?14倍） / 2着集中度: 上位2艇 84.7%（補正+0.04） / 総合判定確率: 0.134 / → ヒモはやや固め。上位2艇以外を切ること', 'tenji_trigger': '展示確認: 1号艇伸び良→そのまま採用。悪→飛び組に差し替え。circle_pct上位2艇に絞り込むこと。\n展示で1号艇スタート遅め(0.184秒)確認→ヒモが荒れやすい'}",,,33.7,両建て推奨,17.28,30.8,3,2-1-3|1-2-5|1-2-3|1-3-2|1-3-5|2-1-5,6-1-3|6-3-1|3-4-5|2-1-3|3-5-4|6-1-5|6-1-4|1-2-5|1-2-3|1-3-2|1-3-5|2-1-5,2-1-3:2.64%|1-2-5:10.29%|1-2-3:8.91%|1-3-2:6.55%|1-3-5:6.29%|2-1-5:5.39%,2-1-3:B_main|1-2-5:A|1-2-3:A|1-3-2:A|1-3-5:A|2-1-5:B_sc,6,12,0.4535,1,[!]見送り推奨（主役決まり手「差し」― 逃げ劣勢レースで的中実績なし）,荒れ広め,D
2026-03-30,丸亀,4,2,北川潤二,A2,25.20,2,,11.5197,60.3,82,60.8,0.1437,3.3165,,,0,低,54,0,差0%,,0,100,0.7217,0,0.0476,0.0238,0,0,0.0848,0.1348,0.0435,,◎,E,△,,0.5654,0.673,,0.2155,B,55,0,◎○△フォーメーション（15〜20点）,0.5777,"{'is_target': True, 'verdict': '点数絞り', 'max_combo_prob': 0.0942, 'est_top_odds': 14.2, 'circle_concentration': 84.7, 'eligible_count': 9, 'bet_adj': 0, 'reason': 'rel_win1=46.2%（本命度） / 最有力組み合わせ確率: 0.094（推定実オッズ?14倍） / 2着集中度: 上位2艇 84.7%（補正+0.04） / 総合判定確率: 0.134 / → ヒモはやや固め。上位2艇以外を切ること', 'tenji_trigger': '展示確認: 1号艇伸び良→そのまま採用。悪→飛び組に差し替え。circle_pct上位2艇に絞り込むこと。\n展示で1号艇スタート遅め(0.184秒)確認→ヒモが荒れやすい'}",,,33.7,両建て推奨,17.28,30.8,3,,,,,,,,,,,
2026-03-30,丸亀,4,3,西岡蒼志,B1,28.13,3,,15.1217,24.4,93,80,0.147,3.05,,,0,低,79,1,差ま0%,,0,63.4,1.4867,0,0,0,0.2,0,0,0.27,0,,○,D,,,0.5267,0.528,,0.2155,B,55,0,◎○△フォーメーション（15〜20点）,0.5777,"{'is_target': True, 'verdict': '点数絞り', 'max_combo_prob': 0.0942, 'est_top_odds': 14.2, 'circle_concentration': 84.7, 'eligible_count': 9, 'bet_adj': 0, 'reason': 'rel_win1=46.2%（本命度） / 最有力組み合わせ確率: 0.094（推定実オッズ?14倍） / 2着集中度: 上位2艇 84.7%（補正+0.04） / 総合判定確率: 0.134 / → ヒモはやや固め。上位2艇以外を切ること', 'tenji_trigger': '展示確認: 1号艇伸び良→そのまま採用。悪→飛び組に差し替え。circle_pct上位2艇に絞り込むこと。\n展示で1号艇スタート遅め(0.184秒)確認→ヒモが荒れやすい'}",,,33.7,両建て推奨,17.28,30.8,3,,,,,,,,,,,
2026-03-30,丸亀,4,4,中野和裕,B1,43.65,4,○,11.5261,4.6,57,31.6,0.1774,3.7193,,,0,低,136,0,ま0% 差ま0%,,0,36.2,0.9023,0,0,0.1739,0.0435,0,0.2667,0.3111,0.3333,,,A,△,○,0.376,0.559,0.1326,0.2155,B,55,0,◎○△フォーメーション（15〜20点）,0.5777,"{'is_target': True, 'verdict': '点数絞り', 'max_combo_prob': 0.0942, 'est_top_odds': 14.2, 'circle_concentration': 84.7, 'eligible_count': 9, 'bet_adj': 0, 'reason': 'rel_win1=46.2%（本命度） / 最有力組み合わせ確率: 0.094（推定実オッズ?14倍） / 2着集中度: 上位2艇 84.7%（補正+0.04） / 総合判定確率: 0.134 / → ヒモはやや固め。上位2艇以外を切ること', 'tenji_trigger': '展示確認: 1号艇伸び良→そのまま採用。悪→飛び組に差し替え。circle_pct上位2艇に絞り込むこと。\n展示で1号艇スタート遅め(0.184秒)確認→ヒモが荒れやすい'}",,,33.7,両建て推奨,17.28,30.8,3,,,,,,,,,,,
2026-03-30,丸亀,4,5,小野達哉,A1,33.06,5,▲,13.9141,8.2,100,58.7,0.1459,3.0397,,,0,低,87,0,差ま0%,,0,25.7,2.7695,0,0,0.08,0.04,0.08,0.0095,0.0286,0.0286,,,C,○,◎,0.4449,0.6745,0.3426,0.2155,B,55,0,◎○△フォーメーション（15〜20点）,0.5777,"{'is_target': True, 'verdict': '点数絞り', 'max_combo_prob': 0.0942, 'est_top_odds': 14.2, 'circle_concentration': 84.7, 'eligible_count': 9, 'bet_adj': 0, 'reason': 'rel_win1=46.2%（本命度） / 最有力組み合わせ確率: 0.094（推定実オッズ?14倍） / 2着集中度: 上位2艇 84.7%（補正+0.04） / 総合判定確率: 0.134 / → ヒモはやや固め。上位2艇以外を切ること', 'tenji_trigger': '展示確認: 1号艇伸び良→そのまま採用。悪→飛び組に差し替え。circle_pct上位2艇に絞り込むこと。\n展示で1号艇スタート遅め(0.184秒)確認→ヒモが荒れやすい'}",,,33.7,両建て推奨,17.28,30.8,3,,,,,,,,,,,
2026-03-30,丸亀,4,6,高田　綾,B1,35.48,6,△,1.701,2.5,46,18.8,0.1475,3.3438,,,0,低,47,0,-,,0,30,0.7997,,,,,,0,0.1538,0.2308,,△,B,,,0.4575,0.5525,,0.2155,B,55,0,◎○△フォーメーション（15〜20点）,0.5777,"{'is_target': True, 'verdict': '点数絞り', 'max_combo_prob': 0.0942, 'est_top_odds': 14.2, 'circle_concentration': 84.7, 'eligible_count': 9, 'bet_adj': 0, 'reason': 'rel_win1=46.2%（本命度） / 最有力組み合わせ確率: 0.094（推定実オッズ?14倍） / 2着集中度: 上位2艇 84.7%（補正+0.04） / 総合判定確率: 0.134 / → ヒモはやや固め。上位2艇以外を切ること', 'tenji_trigger': '展示確認: 1号艇伸び良→そのまま採用。悪→飛び組に差し替え。circle_pct上位2艇に絞り込むこと。\n展示で1号艇スタート遅め(0.184秒)確認→ヒモが荒れやすい'}",,,33.7,両建て推奨,17.28,30.8,3,,,,,,,,,,,
2026-03-30,丸亀,5,1,垂水　悠,B1,33.06,1,◎,48.4815,,0,71.4,0.1325,2.7857,,,0,低,36,0,逃0%,,0,59.2,0.9244,0.2308,,,,,0.3077,0.2308,0.2308,◎,,C,△,,,0.632,,0.4507,A,73,0,◎-○軸 3着3〜4艇流し（10〜15点）,0.5777,"{'is_target': True, 'verdict': '参加推奨', 'max_combo_prob': 0.0693, 'est_top_odds': 19.3, 'circle_concentration': 74.2, 'eligible_count': 8, 'bet_adj': 2, 'reason': 'rel_win1=48.5%（本命度） / 最有力組み合わせ確率: 0.069（推定実オッズ?19倍） / 2着集中度: 上位2艇 74.2%（補正+0.04） / 総合判定確率: 0.109 / → ヒモ分散。1号艇1着固定で広めのヒモ流し推奨（買い目+2点）', 'tenji_trigger': '展示確認: ヒモ分散レース。1号艇伸び確認後、広めのヒモ流しを採用。穴ヒモ（5・6号艇）を積極的に含める。\n展示で1号艇スタート超安定(0.133秒)→ヒモ固まり方向に注意'}",,,32,逃げ狙い,19.44,38.2,5,,,,,0,0,0.7559,0,,逃げ軸流し,A
2026-03-30,丸亀,5,2,藤田竜弘,B1,36.29,2,△,9.7992,48.5,100,64,0.1685,3.6236,,,0,低,145,0,-,,0,19.6,0.6036,0,0.0588,0,0,0.0294,0.3516,0.3161,0.0774,,,B,○,,0.1082,0.6755,,0.4507,A,73,0,◎-○軸 3着3〜4艇流し（10〜15点）,0.5777,"{'is_target': True, 'verdict': '参加推奨', 'max_combo_prob': 0.0693, 'est_top_odds': 19.3, 'circle_concentration': 74.2, 'eligible_count': 8, 'bet_adj': 2, 'reason': 'rel_win1=48.5%（本命度） / 最有力組み合わせ確率: 0.069（推定実オッズ?19倍） / 2着集中度: 上位2艇 74.2%（補正+0.04） / 総合判定確率: 0.109 / → ヒモ分散。1号艇1着固定で広めのヒモ流し推奨（買い目+2点）', 'tenji_trigger': '展示確認: ヒモ分散レース。1号艇伸び確認後、広めのヒモ流しを採用。穴ヒモ（5・6号艇）を積極的に含める。\n展示で1号艇スタート超安定(0.133秒)→ヒモ固まり方向に注意'}",,,32,逃げ狙い,19.44,38.2,5,,,,,,,,,,,
2026-03-30,丸亀,5,3,山戸信二,B1,45.24,3,○,9.2981,20.1,69,37.9,0.1598,3.4483,,,0,低,117,0,-,,0,52.2,1.2263,,,,,,0.4333,0.2167,0.0444,,,A,,,0.2153,0.5985,,0.4507,A,73,0,◎-○軸 3着3〜4艇流し（10〜15点）,0.5777,"{'is_target': True, 'verdict': '参加推奨', 'max_combo_prob': 0.0693, 'est_top_odds': 19.3, 'circle_concentration': 74.2, 'eligible_count': 8, 'bet_adj': 2, 'reason': 'rel_win1=48.5%（本命度） / 最有力組み合わせ確率: 0.069（推定実オッズ?19倍） / 2着集中度: 上位2艇 74.2%（補正+0.04） / 総合判定確率: 0.109 / → ヒモ分散。1号艇1着固定で広めのヒモ流し推奨（買い目+2点）', 'tenji_trigger': '展示確認: ヒモ分散レース。1号艇伸び確認後、広めのヒモ流しを採用。穴ヒモ（5・6号艇）を積極的に含める。\n展示で1号艇スタート超安定(0.133秒)→ヒモ固まり方向に注意'}",,,32,逃げ狙い,19.44,38.2,5,,,,,,,,,,,
2026-03-30,丸亀,5,4,平岡重典,B1,26.05,4,,11.2283,4.9,86,37.2,0.1884,3.6961,,,0,低,154,0,差0%,,0,46.1,0.9815,0,0.0455,0,0,0,0.1881,0.2643,0.0762,,,D,,,0.1396,0.6,,0.4507,A,73,0,◎-○軸 3着3〜4艇流し（10〜15点）,0.5777,"{'is_target': True, 'verdict': '参加推奨', 'max_combo_prob': 0.0693, 'est_top_odds': 19.3, 'circle_concentration': 74.2, 'eligible_count': 8, 'bet_adj': 2, 'reason': 'rel_win1=48.5%（本命度） / 最有力組み合わせ確率: 0.069（推定実オッズ?19倍） / 2着集中度: 上位2艇 74.2%（補正+0.04） / 総合判定確率: 0.109 / → ヒモ分散。1号艇1着固定で広めのヒモ流し推奨（買い目+2点）', 'tenji_trigger': '展示確認: ヒモ分散レース。1号艇伸び確認後、広めのヒモ流しを採用。穴ヒモ（5・6号艇）を積極的に含める。\n展示で1号艇スタート超安定(0.133秒)→ヒモ固まり方向に注意'}",,,32,逃げ狙い,19.44,38.2,5,,,,,,,,,,,
2026-03-30,丸亀,5,5,永井彪也,A1,30.23,5,▲,20.0641,25.7,77,67.7,0.1174,2.5968,,,0,低,28,0,差0% 差ま0%,,0,100,2.1495,0,0.0714,0,0.1429,0,0,0,0.2762,,,D,◎,◎,0.3888,0.7025,0.5426,0.4507,A,73,0,◎-○軸 3着3〜4艇流し（10〜15点）,0.5777,"{'is_target': True, 'verdict': '参加推奨', 'max_combo_prob': 0.0693, 'est_top_odds': 19.3, 'circle_concentration': 74.2, 'eligible_count': 8, 'bet_adj': 2, 'reason': 'rel_win1=48.5%（本命度） / 最有力組み合わせ確率: 0.069（推定実オッズ?19倍） / 2着集中度: 上位2艇 74.2%（補正+0.04） / 総合判定確率: 0.109 / → ヒモ分散。1号艇1着固定で広めのヒモ流し推奨（買い目+2点）', 'tenji_trigger': '展示確認: ヒモ分散レース。1号艇伸び確認後、広めのヒモ流しを採用。穴ヒモ（5・6号艇）を積極的に含める。\n展示で1号艇スタート超安定(0.133秒)→ヒモ固まり方向に注意'}",,,32,逃げ狙い,19.44,38.2,5,,,,,,,,,,,
2026-03-30,丸亀,5,6,篠田優也,A2,22.13,6,,1.1288,0.8,60,25,0.1668,3.8295,,,0,低,73,0,-,,0,41,1.0444,,,,,,0.1125,0.1375,0.1125,,,E,△,,0.2364,0.6415,,0.4507,A,73,0,◎-○軸 3着3〜4艇流し（10〜15点）,0.5777,"{'is_target': True, 'verdict': '参加推奨', 'max_combo_prob': 0.0693, 'est_top_odds': 19.3, 'circle_concentration': 74.2, 'eligible_count': 8, 'bet_adj': 2, 'reason': 'rel_win1=48.5%（本命度） / 最有力組み合わせ確率: 0.069（推定実オッズ?19倍） / 2着集中度: 上位2艇 74.2%（補正+0.04） / 総合判定確率: 0.109 / → ヒモ分散。1号艇1着固定で広めのヒモ流し推奨（買い目+2点）', 'tenji_trigger': '展示確認: ヒモ分散レース。1号艇伸び確認後、広めのヒモ流しを採用。穴ヒモ（5・6号艇）を積極的に含める。\n展示で1号艇スタート超安定(0.133秒)→ヒモ固まり方向に注意'}",,,32,逃げ狙い,19.44,38.2,5,,,,,,,,,,,
2026-03-30,丸亀,6,1,津久井拓,A2,35.59,1,◎,52.4776,,0,92.3,0.1581,3.1603,,,0,低,129,0,逃1%,,0,80.4,1.1554,0.5676,,,,,0.0324,0.1722,0.2039,○,,B,◎,,,0.6415,,0.4187,A,79,0,◎-○軸 3着3〜4艇流し（10〜15点）,0.5777,"{'is_target': True, 'verdict': '点数絞り', 'max_combo_prob': 0.0819, 'est_top_odds': 16.3, 'circle_concentration': 71.6, 'eligible_count': 8, 'bet_adj': 0, 'reason': 'rel_win1=52.5%（本命度） / 最有力組み合わせ確率: 0.082（推定実オッズ?16倍） / 2着集中度: 上位2艇 71.6%（補正+0.04） / 総合判定確率: 0.122 / → ヒモはやや固め。上位2艇以外を切ること', 'tenji_trigger': '展示確認: 1号艇伸び良→そのまま採用。悪→飛び組に差し替え。circle_pct上位2艇に絞り込むこと。'}",,,29,逃げ狙い,19.3,29.9,4,,,,,0,0,0.6155,0,,逃げ軸流し,A
2026-03-30,丸亀,6,2,井川大作,B1,33.86,2,△,6.5334,31.8,61,42.4,0.1354,3.1949,,,0,低,89,0,抜0%,,0,32.6,0.8533,0,0.0435,0,0,0.0435,0.3033,0.0933,0.2633,,◎,C,△,,0.5401,0.617,,0.4187,A,79,0,◎-○軸 3着3〜4艇流し（10〜15点）,0.5777,"{'is_target': True, 'verdict': '点数絞り', 'max_combo_prob': 0.0819, 'est_top_odds': 16.3, 'circle_concentration': 71.6, 'eligible_count': 8, 'bet_adj': 0, 'reason': 'rel_win1=52.5%（本命度） / 最有力組み合わせ確率: 0.082（推定実オッズ?16倍） / 2着集中度: 上位2艇 71.6%（補正+0.04） / 総合判定確率: 0.122 / → ヒモはやや固め。上位2艇以外を切ること', 'tenji_trigger': '展示確認: 1号艇伸び良→そのまま採用。悪→飛び組に差し替え。circle_pct上位2艇に絞り込むこと。'}",,,29,逃げ狙い,19.3,29.9,4,,,,,,,,,,,
2026-03-30,丸亀,6,3,松田祐季,A1,40.63,3,○,18.1402,39.8,83,71.1,0.1311,3,,,0,低,87,0,-,,0,94.5,1.9406,0,0,0.1429,0.1429,0.0476,0.0986,0.0258,0.0258,,○,A,○,,0.4771,0.6335,,0.4187,A,79,0,◎-○軸 3着3〜4艇流し（10〜15点）,0.5777,"{'is_target': True, 'verdict': '点数絞り', 'max_combo_prob': 0.0819, 'est_top_odds': 16.3, 'circle_concentration': 71.6, 'eligible_count': 8, 'bet_adj': 0, 'reason': 'rel_win1=52.5%（本命度） / 最有力組み合わせ確率: 0.082（推定実オッズ?16倍） / 2着集中度: 上位2艇 71.6%（補正+0.04） / 総合判定確率: 0.122 / → ヒモはやや固め。上位2艇以外を切ること', 'tenji_trigger': '展示確認: 1号艇伸び良→そのまま採用。悪→飛び組に差し替え。circle_pct上位2艇に絞り込むこと。'}",,,29,逃げ狙い,19.3,29.9,4,,,,,,,,,,,
2026-03-30,丸亀,6,4,深井利寿,A2,34.43,4,▲,14.6961,14.5,100,64.9,0.1568,3.0526,,,0,低,120,0,-,,0,46.9,0.7391,0,0,0.1481,0.1481,0,0.0129,0.1062,0.2123,,,C,△,◎,0.3557,0.605,0.4167,0.4187,A,79,0,◎-○軸 3着3〜4艇流し（10〜15点）,0.5777,"{'is_target': True, 'verdict': '点数絞り', 'max_combo_prob': 0.0819, 'est_top_odds': 16.3, 'circle_concentration': 71.6, 'eligible_count': 8, 'bet_adj': 0, 'reason': 'rel_win1=52.5%（本命度） / 最有力組み合わせ確率: 0.082（推定実オッズ?16倍） / 2着集中度: 上位2艇 71.6%（補正+0.04） / 総合判定確率: 0.122 / → ヒモはやや固め。上位2艇以外を切ること', 'tenji_trigger': '展示確認: 1号艇伸び良→そのまま採用。悪→飛び組に差し替え。circle_pct上位2艇に絞り込むこと。'}",,,29,逃げ狙い,19.3,29.9,4,,,,,,,,,,,
2026-03-30,丸亀,6,5,島田一生,B1,28.81,5,,4.9499,7.1,49,22.1,0.1522,3.25,,,0,低,101,0,-,,0,25.5,0.6633,0,0,0,0.0769,0,0.1905,0.2857,0.0476,,,D,,,0.3318,0.569,,0.4187,A,79,0,◎-○軸 3着3〜4艇流し（10〜15点）,0.5777,"{'is_target': True, 'verdict': '点数絞り', 'max_combo_prob': 0.0819, 'est_top_odds': 16.3, 'circle_concentration': 71.6, 'eligible_count': 8, 'bet_adj': 0, 'reason': 'rel_win1=52.5%（本命度） / 最有力組み合わせ確率: 0.082（推定実オッズ?16倍） / 2着集中度: 上位2艇 71.6%（補正+0.04） / 総合判定確率: 0.122 / → ヒモはやや固め。上位2艇以外を切ること', 'tenji_trigger': '展示確認: 1号艇伸び良→そのまま採用。悪→飛び組に差し替え。circle_pct上位2艇に絞り込むこと。'}",,,29,逃げ狙い,19.3,29.9,4,,,,,,,,,,,
2026-03-30,丸亀,6,6,五反田忍,B2,25.81,6,,3.2028,6.8,45,26.1,0.1991,3.6522,,,0,低,49,0,ま0%,,0,27.6,1.1206,0,0,0.0769,0,0,0.0714,0.1429,0.2857,,,E,,,0.1926,0.5515,,0.4187,A,79,0,◎-○軸 3着3〜4艇流し（10〜15点）,0.5777,"{'is_target': True, 'verdict': '点数絞り', 'max_combo_prob': 0.0819, 'est_top_odds': 16.3, 'circle_concentration': 71.6, 'eligible_count': 8, 'bet_adj': 0, 'reason': 'rel_win1=52.5%（本命度） / 最有力組み合わせ確率: 0.082（推定実オッズ?16倍） / 2着集中度: 上位2艇 71.6%（補正+0.04） / 総合判定確率: 0.122 / → ヒモはやや固め。上位2艇以外を切ること', 'tenji_trigger': '展示確認: 1号艇伸び良→そのまま採用。悪→飛び組に差し替え。circle_pct上位2艇に絞り込むこと。'}",,,29,逃げ狙い,19.3,29.9,4,,,,,,,,,,,
2026-03-30,丸亀,7,1,小林京平,B1,35.34,1,◎,53.0061,,0,62.5,0.1763,3.375,,,0,低,103,1,逃0%,,0,56.6,0.85,0.4286,,,,,0,0.1429,0.2857,○⚠️,,C,,,,0.5405,,0.3389,B,47,0,◎○△フォーメーション（15〜20点）,0.5777,"{'is_target': True, 'verdict': '参加推奨', 'max_combo_prob': 0.0614, 'est_top_odds': 21.7, 'circle_concentration': 73.5, 'eligible_count': 9, 'bet_adj': 2, 'reason': 'rel_win1=53.0%（本命度） / 最有力組み合わせ確率: 0.061（推定実オッズ?22倍） / 2着集中度: 上位2艇 73.5%（補正+0.04） / 総合判定確率: 0.101 / → ヒモ分散。1号艇1着固定で広めのヒモ流し推奨（買い目+2点）', 'tenji_trigger': '展示確認: ヒモ分散レース。1号艇伸び確認後、広めのヒモ流しを採用。穴ヒモ（5・6号艇）を積極的に含める。'}",,,29.4,両建て推奨,20.06,30.2,4,5-1-6|5-1-2|5-1-3|5-2-1|5-2-6|5-6-1|5-6-2|1-2-4|1-4-5|1-4-6|5-1-4|1-5-4,5-1-6|5-1-2|5-1-3|5-2-1|5-2-6|5-6-1|5-6-2|1-2-4|1-4-5|1-4-6|5-1-4|1-5-4,5-1-6:2.04%|5-1-2:1.8%|5-1-3:1.06%|5-2-1:1.02%|5-2-6:0.76%|5-6-1:0.7%|5-6-2:0.45%|1-2-4:5.88%|1-4-5:4.92%|1-4-6:4.61%|5-1-4:4.56%|1-5-4:4.23%,5-1-6:B_main|5-1-2:B_main|5-1-3:B_main|5-2-1:B_main|5-2-6:B_main|5-6-1:B_main|5-6-2:B_main|1-2-4:A|1-4-5:A|1-4-6:A|5-1-4:B_sc|1-5-4:A,12,12,0.4535,1,[!]見送り推奨（主役決まり手「まくり差し」― 逃げ劣勢レースで的中実績なし）,主役軸流し,B
2026-03-30,丸亀,7,2,藤原仙二,A2,27.12,2,,16.0819,36.8,68,51.2,0.201,3.8902,,,0,低,93,0,差0% ま0%,,0,37,0.8988,0,0.1176,0.0588,0,0,0,0.08,0.28,,,E,△,,0.0775,0.577,,0.3389,B,47,0,◎○△フォーメーション（15〜20点）,0.5777,"{'is_target': True, 'verdict': '参加推奨', 'max_combo_prob': 0.0614, 'est_top_odds': 21.7, 'circle_concentration': 73.5, 'eligible_count': 9, 'bet_adj': 2, 'reason': 'rel_win1=53.0%（本命度） / 最有力組み合わせ確率: 0.061（推定実オッズ?22倍） / 2着集中度: 上位2艇 73.5%（補正+0.04） / 総合判定確率: 0.101 / → ヒモ分散。1号艇1着固定で広めのヒモ流し推奨（買い目+2点）', 'tenji_trigger': '展示確認: ヒモ分散レース。1号艇伸び確認後、広めのヒモ流しを採用。穴ヒモ（5・6号艇）を積極的に含める。'}",,,29.4,両建て推奨,20.06,30.2,4,,,,,,,,,,,
2026-03-30,丸亀,7,3,貫地谷直,B1,27.42,3,,6.0943,13.8,100,34.8,0.2258,4.4545,,,0,低,204,0,-,,0,35,0.6571,,,,,,0.0571,0.6214,0.2643,,,D,△,,0.1355,0.5725,,0.3389,B,47,0,◎○△フォーメーション（15〜20点）,0.5777,"{'is_target': True, 'verdict': '参加推奨', 'max_combo_prob': 0.0614, 'est_top_odds': 21.7, 'circle_concentration': 73.5, 'eligible_count': 9, 'bet_adj': 2, 'reason': 'rel_win1=53.0%（本命度） / 最有力組み合わせ確率: 0.061（推定実オッズ?22倍） / 2着集中度: 上位2艇 73.5%（補正+0.04） / 総合判定確率: 0.101 / → ヒモ分散。1号艇1着固定で広めのヒモ流し推奨（買い目+2点）', 'tenji_trigger': '展示確認: ヒモ分散レース。1号艇伸び確認後、広めのヒモ流しを採用。穴ヒモ（5・6号艇）を積極的に含める。'}",,,29.4,両建て推奨,20.06,30.2,4,,,,,,,,,,,
2026-03-30,丸亀,7,4,島村隆幸,A1,48.33,4,○,17.0139,36.7,85,75,0.1521,3.7679,,,0,低,37,0,ま0% 差ま0%,,0,92.7,1.7106,0,0,0.1765,0.0588,0,0.05,0.05,0.1,,○,B,◎,◎,0.4182,0.6615,0.3537,0.3389,B,47,0,◎○△フォーメーション（15〜20点）,0.5777,"{'is_target': True, 'verdict': '参加推奨', 'max_combo_prob': 0.0614, 'est_top_odds': 21.7, 'circle_concentration': 73.5, 'eligible_count': 9, 'bet_adj': 2, 'reason': 'rel_win1=53.0%（本命度） / 最有力組み合わせ確率: 0.061（推定実オッズ?22倍） / 2着集中度: 上位2艇 73.5%（補正+0.04） / 総合判定確率: 0.101 / → ヒモ分散。1号艇1着固定で広めのヒモ流し推奨（買い目+2点）', 'tenji_trigger': '展示確認: ヒモ分散レース。1号艇伸び確認後、広めのヒモ流しを採用。穴ヒモ（5・6号艇）を積極的に含める。'}",,,29.4,両建て推奨,20.06,30.2,4,,,,,,,,,,,
2026-03-30,丸亀,7,5,松本　怜,B1,51.61,5,▲,3.7759,10.4,83,39.1,0.1413,3.087,,,0,低,54,0,-,,0,30.1,0.5667,,,,,,0,0.5,0.25,,◎,A,,,0.4196,0.572,,0.3389,B,47,0,◎○△フォーメーション（15〜20点）,0.5777,"{'is_target': True, 'verdict': '参加推奨', 'max_combo_prob': 0.0614, 'est_top_odds': 21.7, 'circle_concentration': 73.5, 'eligible_count': 9, 'bet_adj': 2, 'reason': 'rel_win1=53.0%（本命度） / 最有力組み合わせ確率: 0.061（推定実オッズ?22倍） / 2着集中度: 上位2艇 73.5%（補正+0.04） / 総合判定確率: 0.101 / → ヒモ分散。1号艇1着固定で広めのヒモ流し推奨（買い目+2点）', 'tenji_trigger': '展示確認: ヒモ分散レース。1号艇伸び確認後、広めのヒモ流しを採用。穴ヒモ（5・6号艇）を積極的に含める。'}",,,29.4,両建て推奨,20.06,30.2,4,,,,,,,,,,,
2026-03-30,丸亀,7,6,林　祐介,A2,27.91,6,△,4.0278,2.3,66,33.3,0.1775,4.3431,,,0,低,103,0,-,,0,22.1,0.6933,,,,,,0.0154,0.1615,0.2923,,,D,○,,0.3062,0.6605,,0.3389,B,47,0,◎○△フォーメーション（15〜20点）,0.5777,"{'is_target': True, 'verdict': '参加推奨', 'max_combo_prob': 0.0614, 'est_top_odds': 21.7, 'circle_concentration': 73.5, 'eligible_count': 9, 'bet_adj': 2, 'reason': 'rel_win1=53.0%（本命度） / 最有力組み合わせ確率: 0.061（推定実オッズ?22倍） / 2着集中度: 上位2艇 73.5%（補正+0.04） / 総合判定確率: 0.101 / → ヒモ分散。1号艇1着固定で広めのヒモ流し推奨（買い目+2点）', 'tenji_trigger': '展示確認: ヒモ分散レース。1号艇伸び確認後、広めのヒモ流しを採用。穴ヒモ（5・6号艇）を積極的に含める。'}",,,29.4,両建て推奨,20.06,30.2,4,,,,,,,,,,,
2026-03-30,丸亀,8,1,小坂尚哉,A1,38.89,1,◎,76.8098,,0,97.8,0.1389,2.4239,,,0,低,81,0,逃1%,,0,86.9,1.1065,0.7317,,,,,0.0488,0.0488,0.0976,◎,,A,◎,,,0.657,,0.73,S,91,0,◎1着固定 2-3着流し（5〜8点）,0.5777,"{'is_target': True, 'verdict': '点数絞り', 'max_combo_prob': 0.1665, 'est_top_odds': 8.0, 'circle_concentration': 72.5, 'eligible_count': 6, 'bet_adj': 0, 'reason': 'rel_win1=76.8%（本命度） / 最有力組み合わせ確率: 0.167（推定実オッズ?8倍） / 2着集中度: 上位2艇 72.5%（補正+0.04） / 総合判定確率: 0.207 / → ヒモはやや固め。上位2艇以外を切ること', 'tenji_trigger': '展示確認: 1号艇伸び良→そのまま採用。悪→飛び組に差し替え。circle_pct上位2艇に絞り込むこと。\n展示で1号艇スタート超安定(0.139秒)→ヒモ固まり方向に注意'}",,,25,逃げ狙い,11.55,25.1,3,,,,,0,0,0.7559,0,,逃げ軸流し,A
2026-03-30,丸亀,8,2,松本博昭,A2,22.88,2,▲,7.1407,51.6,88,61,0.1722,3.9756,,,0,低,179,0,差0% ま0%,,0,46.7,0.9833,0,0.0588,0.0588,0,0,0.1237,0.0157,0.1472,,,D,○,,0.0703,0.6525,,0.73,S,91,0,◎1着固定 2-3着流し（5〜8点）,0.5777,"{'is_target': True, 'verdict': '点数絞り', 'max_combo_prob': 0.1665, 'est_top_odds': 8.0, 'circle_concentration': 72.5, 'eligible_count': 6, 'bet_adj': 0, 'reason': 'rel_win1=76.8%（本命度） / 最有力組み合わせ確率: 0.167（推定実オッズ?8倍） / 2着集中度: 上位2艇 72.5%（補正+0.04） / 総合判定確率: 0.207 / → ヒモはやや固め。上位2艇以外を切ること', 'tenji_trigger': '展示確認: 1号艇伸び良→そのまま採用。悪→飛び組に差し替え。circle_pct上位2艇に絞り込むこと。\n展示で1号艇スタート超安定(0.139秒)→ヒモ固まり方向に注意'}",,,25,逃げ狙い,11.55,25.1,3,,,,,,,,,,,
2026-03-30,丸亀,8,3,酒井俊弘,B1,21.49,3,,4.4125,20.9,68,39,0.1554,3.2317,,,0,低,62,0,-,,0,29.6,0.7375,,,,,,0.0167,0.4167,0.25,,,E,△,,0.2372,0.6165,,0.73,S,91,0,◎1着固定 2-3着流し（5〜8点）,0.5777,"{'is_target': True, 'verdict': '点数絞り', 'max_combo_prob': 0.1665, 'est_top_odds': 8.0, 'circle_concentration': 72.5, 'eligible_count': 6, 'bet_adj': 0, 'reason': 'rel_win1=76.8%（本命度） / 最有力組み合わせ確率: 0.167（推定実オッズ?8倍） / 2着集中度: 上位2艇 72.5%（補正+0.04） / 総合判定確率: 0.207 / → ヒモはやや固め。上位2艇以外を切ること', 'tenji_trigger': '展示確認: 1号艇伸び良→そのまま採用。悪→飛び組に差し替え。circle_pct上位2艇に絞り込むこと。\n展示で1号艇スタート超安定(0.139秒)→ヒモ固まり方向に注意'}",,,25,逃げ狙い,11.55,25.1,3,,,,,,,,,,,
2026-03-30,丸亀,8,4,高井雄基,A2,28.30,4,○,7.5559,16.9,100,55.6,0.1747,3.4444,,,0,低,86,0,ま0% 差ま0%,,0,59.4,1.097,0,0,0.1429,0.0714,0,0,0.0889,0.0444,,,C,△,,0.1834,0.579,,0.73,S,91,0,◎1着固定 2-3着流し（5〜8点）,0.5777,"{'is_target': True, 'verdict': '点数絞り', 'max_combo_prob': 0.1665, 'est_top_odds': 8.0, 'circle_concentration': 72.5, 'eligible_count': 6, 'bet_adj': 0, 'reason': 'rel_win1=76.8%（本命度） / 最有力組み合わせ確率: 0.167（推定実オッズ?8倍） / 2着集中度: 上位2艇 72.5%（補正+0.04） / 総合判定確率: 0.207 / → ヒモはやや固め。上位2艇以外を切ること', 'tenji_trigger': '展示確認: 1号艇伸び良→そのまま採用。悪→飛び組に差し替え。circle_pct上位2艇に絞り込むこと。\n展示で1号艇スタート超安定(0.139秒)→ヒモ固まり方向に注意'}",,,25,逃げ狙い,11.55,25.1,3,,,,,,,,,,,
2026-03-30,丸亀,8,5,柴田大輔,B1,25.41,5,,3.0956,10.2,41,26.4,0.2077,3.9906,,,0,低,176,0,ま0% 差ま0%,,0,31.6,0.8131,0,0,0.0417,0.0417,0,0.2769,0.2923,0.2769,,,D,,,0.1175,0.4955,,0.73,S,91,0,◎1着固定 2-3着流し（5〜8点）,0.5777,"{'is_target': True, 'verdict': '点数絞り', 'max_combo_prob': 0.1665, 'est_top_odds': 8.0, 'circle_concentration': 72.5, 'eligible_count': 6, 'bet_adj': 0, 'reason': 'rel_win1=76.8%（本命度） / 最有力組み合わせ確率: 0.167（推定実オッズ?8倍） / 2着集中度: 上位2艇 72.5%（補正+0.04） / 総合判定確率: 0.207 / → ヒモはやや固め。上位2艇以外を切ること', 'tenji_trigger': '展示確認: 1号艇伸び良→そのまま採用。悪→飛び組に差し替え。circle_pct上位2艇に絞り込むこと。\n展示で1号艇スタート超安定(0.139秒)→ヒモ固まり方向に注意'}",,,25,逃げ狙い,11.55,25.1,3,,,,,,,,,,,
2026-03-30,丸亀,8,6,小畑楓夏,B2,26.89,6,△,0.9856,0.4,29,2.7,0.2147,4.1933,,,0,低,40,0,-,,0,22.8,0.6375,,,,,,,,,,,C,,,0.1453,0.4095,,0.73,S,91,0,◎1着固定 2-3着流し（5〜8点）,0.5777,"{'is_target': True, 'verdict': '点数絞り', 'max_combo_prob': 0.1665, 'est_top_odds': 8.0, 'circle_concentration': 72.5, 'eligible_count': 6, 'bet_adj': 0, 'reason': 'rel_win1=76.8%（本命度） / 最有力組み合わせ確率: 0.167（推定実オッズ?8倍） / 2着集中度: 上位2艇 72.5%（補正+0.04） / 総合判定確率: 0.207 / → ヒモはやや固め。上位2艇以外を切ること', 'tenji_trigger': '展示確認: 1号艇伸び良→そのまま採用。悪→飛び組に差し替え。circle_pct上位2艇に絞り込むこと。\n展示で1号艇スタート超安定(0.139秒)→ヒモ固まり方向に注意'}",,,25,逃げ狙い,11.55,25.1,3,,,,,,,,,,,
2026-03-30,丸亀,9,1,樋口　亮,A2,27.50,1,◎,57.9099,,0,91.8,0.1618,3.2877,,,0,低,133,0,-,,0,89.9,1.3228,0.6207,,,,,0.2161,0.0805,0.0276,◎,,D,,,,0.601,,0.4515,A,73,0,◎-○軸 3着3〜4艇流し（10〜15点）,0.5777,"{'is_target': True, 'verdict': '点数絞り', 'max_combo_prob': 0.0817, 'est_top_odds': 16.3, 'circle_concentration': 70.4, 'eligible_count': 8, 'bet_adj': 0, 'reason': 'rel_win1=57.9%（本命度） / 最有力組み合わせ確率: 0.082（推定実オッズ?16倍） / 2着集中度: 上位2艇 70.4%（補正+0.04） / 総合判定確率: 0.122 / → ヒモはやや固め。上位2艇以外を切ること', 'tenji_trigger': '展示確認: 1号艇伸び良→そのまま採用。悪→飛び組に差し替え。circle_pct上位2艇に絞り込むこと。'}",,,27.7,逃げ狙い,13.33,31.3,3,,,,,0,0,0.7559,0,,逃げ軸流し,A
2026-03-30,丸亀,9,2,山田亮太,A2,42.06,2,▲,10.5304,37.1,100,64.4,0.1689,3.9111,,,0,低,92,0,差0% ま0%,,0,64.6,1.0305,0,0.0588,0.0588,0,0,0.1058,0.0308,0.0615,,,A,○,,0.2419,0.642,,0.4515,A,73,0,◎-○軸 3着3〜4艇流し（10〜15点）,0.5777,"{'is_target': True, 'verdict': '点数絞り', 'max_combo_prob': 0.0817, 'est_top_odds': 16.3, 'circle_concentration': 70.4, 'eligible_count': 8, 'bet_adj': 0, 'reason': 'rel_win1=57.9%（本命度） / 最有力組み合わせ確率: 0.082（推定実オッズ?16倍） / 2着集中度: 上位2艇 70.4%（補正+0.04） / 総合判定確率: 0.122 / → ヒモはやや固め。上位2艇以外を切ること', 'tenji_trigger': '展示確認: 1号艇伸び良→そのまま採用。悪→飛び組に差し替え。circle_pct上位2艇に絞り込むこと。'}",,,27.7,逃げ狙い,13.33,31.3,3,,,,,,,,,,,
2026-03-30,丸亀,9,3,竹田吉行,A2,32.50,3,△,14.9375,33.3,39,57.1,0.1635,3.381,,,0,低,115,0,ま0% 差ま0% 抜0%,,0,49.7,1.2077,0,0,0.12,0.04,0.04,0.0606,0.0825,0.2452,,,C,△,,0.2959,0.63,,0.4515,A,73,0,◎-○軸 3着3〜4艇流し（10〜15点）,0.5777,"{'is_target': True, 'verdict': '点数絞り', 'max_combo_prob': 0.0817, 'est_top_odds': 16.3, 'circle_concentration': 70.4, 'eligible_count': 8, 'bet_adj': 0, 'reason': 'rel_win1=57.9%（本命度） / 最有力組み合わせ確率: 0.082（推定実オッズ?16倍） / 2着集中度: 上位2艇 70.4%（補正+0.04） / 総合判定確率: 0.122 / → ヒモはやや固め。上位2艇以外を切ること', 'tenji_trigger': '展示確認: 1号艇伸び良→そのまま採用。悪→飛び組に差し替え。circle_pct上位2艇に絞り込むこと。'}",,,27.7,逃げ狙い,13.33,31.3,3,,,,,,,,,,,
2026-03-30,丸亀,9,4,犬童千秋,B1,28.46,4,,5.1378,7.9,60,26.9,0.1504,2.7308,,,0,低,47,0,ま0%,,0,21.9,0.5972,0,0,0.125,0,0,0.3333,0.1111,0.1111,,,D,,,0.3553,0.593,,0.4515,A,73,0,◎-○軸 3着3〜4艇流し（10〜15点）,0.5777,"{'is_target': True, 'verdict': '点数絞り', 'max_combo_prob': 0.0817, 'est_top_odds': 16.3, 'circle_concentration': 70.4, 'eligible_count': 8, 'bet_adj': 0, 'reason': 'rel_win1=57.9%（本命度） / 最有力組み合わせ確率: 0.082（推定実オッズ?16倍） / 2着集中度: 上位2艇 70.4%（補正+0.04） / 総合判定確率: 0.122 / → ヒモはやや固め。上位2艇以外を切ること', 'tenji_trigger': '展示確認: 1号艇伸び良→そのまま採用。悪→飛び組に差し替え。circle_pct上位2艇に絞り込むこと。'}",,,27.7,逃げ狙い,13.33,31.3,3,,,,,,,,,,,
2026-03-30,丸亀,9,5,杉山勝匡,B1,38.14,5,○,8.8345,17.6,34,36.5,0.154,2.8333,,,0,低,107,0,-,,0,42.7,1.3393,0,0,0.08,0.04,0,0.1889,0.1444,0.1593,,,B,△,◎,0.3206,0.6195,0.2137,0.4515,A,73,0,◎-○軸 3着3〜4艇流し（10〜15点）,0.5777,"{'is_target': True, 'verdict': '点数絞り', 'max_combo_prob': 0.0817, 'est_top_odds': 16.3, 'circle_concentration': 70.4, 'eligible_count': 8, 'bet_adj': 0, 'reason': 'rel_win1=57.9%（本命度） / 最有力組み合わせ確率: 0.082（推定実オッズ?16倍） / 2着集中度: 上位2艇 70.4%（補正+0.04） / 総合判定確率: 0.122 / → ヒモはやや固め。上位2艇以外を切ること', 'tenji_trigger': '展示確認: 1号艇伸び良→そのまま採用。悪→飛び組に差し替え。circle_pct上位2艇に絞り込むこと。'}",,,27.7,逃げ狙い,13.33,31.3,3,,,,,,,,,,,
2026-03-30,丸亀,9,6,北川潤二,A2,25.20,6,,2.65,4.1,42,100,0.14,4,,,0,低,54,1,-,,0,100,3.5217,,,,,,0.0848,0.1348,0.0435,,,E,◎,,0.3811,0.673,,0.4515,A,73,0,◎-○軸 3着3〜4艇流し（10〜15点）,0.5777,"{'is_target': True, 'verdict': '点数絞り', 'max_combo_prob': 0.0817, 'est_top_odds': 16.3, 'circle_concentration': 70.4, 'eligible_count': 8, 'bet_adj': 0, 'reason': 'rel_win1=57.9%（本命度） / 最有力組み合わせ確率: 0.082（推定実オッズ?16倍） / 2着集中度: 上位2艇 70.4%（補正+0.04） / 総合判定確率: 0.122 / → ヒモはやや固め。上位2艇以外を切ること', 'tenji_trigger': '展示確認: 1号艇伸び良→そのまま採用。悪→飛び組に差し替え。circle_pct上位2艇に絞り込むこと。'}",,,27.7,逃げ狙い,13.33,31.3,3,,,,,,,,,,,
2026-03-30,丸亀,10,1,深井利寿,A2,34.43,1,◎,61.7561,,0,90.3,0.164,2.871,,,0,低,120,0,逃0%,,0,76.2,1.1707,0.4839,,,,,0.0129,0.1062,0.2123,◎,,B,△,,,0.605,,0.4944,S,100,0,◎1着固定 2-3着流し（5〜8点）,0.5777,"{'is_target': True, 'verdict': '点数絞り', 'max_combo_prob': 0.1026, 'est_top_odds': 13.0, 'circle_concentration': 74.6, 'eligible_count': 6, 'bet_adj': 0, 'reason': 'rel_win1=61.8%（本命度） / 最有力組み合わせ確率: 0.103（推定実オッズ?13倍） / 2着集中度: 上位2艇 74.6%（補正+0.04） / 総合判定確率: 0.143 / → ヒモはやや固め。上位2艇以外を切ること', 'tenji_trigger': '展示確認: 1号艇伸び良→そのまま採用。悪→飛び組に差し替え。circle_pct上位2艇に絞り込むこと。'}",,,28,逃げ狙い,17.99,28,2,,,,,0,0,0.7559,0,,逃げ軸流し,A
2026-03-30,丸亀,10,2,篠田優也,A2,22.13,2,△,12.0421,46.7,64,77.3,0.1557,3.3182,,,0,低,73,0,-,,0,23.9,0.7155,0,0.08,0.04,0,0.04,0.1125,0.1375,0.1125,,◎,E,○,,0.4008,0.6415,,0.4944,S,100,0,◎1着固定 2-3着流し（5〜8点）,0.5777,"{'is_target': True, 'verdict': '点数絞り', 'max_combo_prob': 0.1026, 'est_top_odds': 13.0, 'circle_concentration': 74.6, 'eligible_count': 6, 'bet_adj': 0, 'reason': 'rel_win1=61.8%（本命度） / 最有力組み合わせ確率: 0.103（推定実オッズ?13倍） / 2着集中度: 上位2艇 74.6%（補正+0.04） / 総合判定確率: 0.143 / → ヒモはやや固め。上位2艇以外を切ること', 'tenji_trigger': '展示確認: 1号艇伸び良→そのまま採用。悪→飛び組に差し替え。circle_pct上位2艇に絞り込むこと。'}",,,28,逃げ狙い,17.99,28,2,,,,,,,,,,,
2026-03-30,丸亀,10,3,富永修一,A1,25.21,3,▲,12.5587,27.9,100,68.8,0.1598,3.2049,,,0,低,92,0,差ま0%,,0,48.3,0.8629,0,0.04,0.04,0.04,0.04,0.1257,0.1257,0.1124,,,D,◎,,0.3193,0.6455,,0.4944,S,100,0,◎1着固定 2-3着流し（5〜8点）,0.5777,"{'is_target': True, 'verdict': '点数絞り', 'max_combo_prob': 0.1026, 'est_top_odds': 13.0, 'circle_concentration': 74.6, 'eligible_count': 6, 'bet_adj': 0, 'reason': 'rel_win1=61.8%（本命度） / 最有力組み合わせ確率: 0.103（推定実オッズ?13倍） / 2着集中度: 上位2艇 74.6%（補正+0.04） / 総合判定確率: 0.143 / → ヒモはやや固め。上位2艇以外を切ること', 'tenji_trigger': '展示確認: 1号艇伸び良→そのまま採用。悪→飛び組に差し替え。circle_pct上位2艇に絞り込むこと。'}",,,28,逃げ狙い,17.99,28,2,,,,,,,,,,,
2026-03-30,丸亀,10,4,前野竜一,A2,23.14,4,,5.8532,17.9,91,51.8,0.1593,3.0357,,,0,低,115,0,-,,0,53.6,1.1791,,,,,,0.0133,0.2267,0.1067,,,D,,,0.3472,0.5985,,0.4944,S,100,0,◎1着固定 2-3着流し（5〜8点）,0.5777,"{'is_target': True, 'verdict': '点数絞り', 'max_combo_prob': 0.1026, 'est_top_odds': 13.0, 'circle_concentration': 74.6, 'eligible_count': 6, 'bet_adj': 0, 'reason': 'rel_win1=61.8%（本命度） / 最有力組み合わせ確率: 0.103（推定実オッズ?13倍） / 2着集中度: 上位2艇 74.6%（補正+0.04） / 総合判定確率: 0.143 / → ヒモはやや固め。上位2艇以外を切ること', 'tenji_trigger': '展示確認: 1号艇伸び良→そのまま採用。悪→飛び組に差し替え。circle_pct上位2艇に絞り込むこと。'}",,,28,逃げ狙い,17.99,28,2,,,,,,,,,,,
2026-03-30,丸亀,10,5,新田芳美,B1,41.27,5,○,6.7466,6.6,56,32,0.164,3.6,,,0,低,61,0,ま0%,,0,29.5,1.0714,0,0,0.0833,0,0,0.08,0.0533,0.44,,,A,△,,0.3134,0.6255,,0.4944,S,100,0,◎1着固定 2-3着流し（5〜8点）,0.5777,"{'is_target': True, 'verdict': '点数絞り', 'max_combo_prob': 0.1026, 'est_top_odds': 13.0, 'circle_concentration': 74.6, 'eligible_count': 6, 'bet_adj': 0, 'reason': 'rel_win1=61.8%（本命度） / 最有力組み合わせ確率: 0.103（推定実オッズ?13倍） / 2着集中度: 上位2艇 74.6%（補正+0.04） / 総合判定確率: 0.143 / → ヒモはやや固め。上位2艇以外を切ること', 'tenji_trigger': '展示確認: 1号艇伸び良→そのまま採用。悪→飛び組に差し替え。circle_pct上位2艇に絞り込むこと。'}",,,28,逃げ狙い,17.99,28,2,,,,,,,,,,,
2026-03-30,丸亀,10,6,西岡蒼志,B1,28.13,6,,1.0434,0.9,34,10.1,0.1935,4.2563,,,0,低,79,0,-,,0,100,3.16,,,,,,0,0.27,0,,,C,,,0.2336,0.528,,0.4944,S,100,0,◎1着固定 2-3着流し（5〜8点）,0.5777,"{'is_target': True, 'verdict': '点数絞り', 'max_combo_prob': 0.1026, 'est_top_odds': 13.0, 'circle_concentration': 74.6, 'eligible_count': 6, 'bet_adj': 0, 'reason': 'rel_win1=61.8%（本命度） / 最有力組み合わせ確率: 0.103（推定実オッズ?13倍） / 2着集中度: 上位2艇 74.6%（補正+0.04） / 総合判定確率: 0.143 / → ヒモはやや固め。上位2艇以外を切ること', 'tenji_trigger': '展示確認: 1号艇伸び良→そのまま採用。悪→飛び組に差し替え。circle_pct上位2艇に絞り込むこと。'}",,,28,逃げ狙い,17.99,28,2,,,,,,,,,,,
2026-03-30,丸亀,11,1,宮下元胤,A1,30.00,1,◎,60.7505,,0,86.3,0.1541,3.2671,,,0,低,126,0,逃0%,,0,93.4,1.2712,0.6,,,,,0.1767,0.1283,0.115,◎,,C,○,,,0.6615,,0.4905,A,77,0,◎-○軸 3着3〜4艇流し（10〜15点）,0.5777,"{'is_target': True, 'verdict': '参加推奨', 'max_combo_prob': 0.0733, 'est_top_odds': 18.2, 'circle_concentration': 59.6, 'eligible_count': 8, 'bet_adj': 2, 'reason': 'rel_win1=60.8%（本命度） / 最有力組み合わせ確率: 0.073（推定実オッズ?18倍） / 2着集中度: 上位2艇 59.6%（補正+0.00） / 総合判定確率: 0.073 / → ヒモ分散。1号艇1着固定で広めのヒモ流し推奨（買い目+2点）', 'tenji_trigger': '展示確認: ヒモ分散レース。1号艇伸び確認後、広めのヒモ流しを採用。穴ヒモ（5・6号艇）を積極的に含める。'}",,,29,逃げ狙い,16.7,32.2,3,,,,,0,0,0.7559,0,,逃げ軸流し,A
2026-03-30,丸亀,11,2,関野　文,A2,20.66,2,△,16.1299,27.4,57,56.5,0.1609,4.2174,,,0,低,58,0,差0%,,0,34.6,0.9731,0,0.1538,0,0,0,0.0932,0.0727,0.2409,,,E,,,0.2941,0.6135,,0.4905,A,77,0,◎-○軸 3着3〜4艇流し（10〜15点）,0.5777,"{'is_target': True, 'verdict': '参加推奨', 'max_combo_prob': 0.0733, 'est_top_odds': 18.2, 'circle_concentration': 59.6, 'eligible_count': 8, 'bet_adj': 2, 'reason': 'rel_win1=60.8%（本命度） / 最有力組み合わせ確率: 0.073（推定実オッズ?18倍） / 2着集中度: 上位2艇 59.6%（補正+0.00） / 総合判定確率: 0.073 / → ヒモ分散。1号艇1着固定で広めのヒモ流し推奨（買い目+2点）', 'tenji_trigger': '展示確認: ヒモ分散レース。1号艇伸び確認後、広めのヒモ流しを採用。穴ヒモ（5・6号艇）を積極的に含める。'}",,,29,逃げ狙い,16.7,32.2,3,,,,,,,,,,,
2026-03-30,丸亀,11,3,藤原仙二,A2,27.12,3,,11.9452,32.2,53,64.7,0.1618,3.5441,,,0,低,93,0,-,,0,28.9,0.9544,0,0,0,0,0.0769,0,0.08,0.28,,,D,,,0.2923,0.577,,0.4905,A,77,0,◎-○軸 3着3〜4艇流し（10〜15点）,0.5777,"{'is_target': True, 'verdict': '参加推奨', 'max_combo_prob': 0.0733, 'est_top_odds': 18.2, 'circle_concentration': 59.6, 'eligible_count': 8, 'bet_adj': 2, 'reason': 'rel_win1=60.8%（本命度） / 最有力組み合わせ確率: 0.073（推定実オッズ?18倍） / 2着集中度: 上位2艇 59.6%（補正+0.00） / 総合判定確率: 0.073 / → ヒモ分散。1号艇1着固定で広めのヒモ流し推奨（買い目+2点）', 'tenji_trigger': '展示確認: ヒモ分散レース。1号艇伸び確認後、広めのヒモ流しを採用。穴ヒモ（5・6号艇）を積極的に含める。'}",,,29,逃げ狙い,16.7,32.2,3,,,,,,,,,,,
2026-03-30,丸亀,11,4,宮崎　奨,A2,28.23,4,,5.0349,24.4,100,70.2,0.1772,3.694,,,0,低,134,0,-,,0,40.9,0.9377,0,0,0,0.0333,0,0.0343,0.1571,0.2686,,,D,△,,0.2081,0.658,,0.4905,A,77,0,◎-○軸 3着3〜4艇流し（10〜15点）,0.5777,"{'is_target': True, 'verdict': '参加推奨', 'max_combo_prob': 0.0733, 'est_top_odds': 18.2, 'circle_concentration': 59.6, 'eligible_count': 8, 'bet_adj': 2, 'reason': 'rel_win1=60.8%（本命度） / 最有力組み合わせ確率: 0.073（推定実オッズ?18倍） / 2着集中度: 上位2艇 59.6%（補正+0.00） / 総合判定確率: 0.073 / → ヒモ分散。1号艇1着固定で広めのヒモ流し推奨（買い目+2点）', 'tenji_trigger': '展示確認: ヒモ分散レース。1号艇伸び確認後、広めのヒモ流しを採用。穴ヒモ（5・6号艇）を積極的に含める。'}",,,29,逃げ狙い,16.7,32.2,3,,,,,,,,,,,
2026-03-30,丸亀,11,5,津久井拓,A2,35.59,5,○,4.9259,13.2,73,53.6,0.1686,3.5072,,,0,低,129,0,差0% 差ま0%,,0,71.6,1.4295,0,0.0303,0,0.0909,0,0.0324,0.1722,0.2039,,,B,△,,0.2673,0.6415,,0.4905,A,77,0,◎-○軸 3着3〜4艇流し（10〜15点）,0.5777,"{'is_target': True, 'verdict': '参加推奨', 'max_combo_prob': 0.0733, 'est_top_odds': 18.2, 'circle_concentration': 59.6, 'eligible_count': 8, 'bet_adj': 2, 'reason': 'rel_win1=60.8%（本命度） / 最有力組み合わせ確率: 0.073（推定実オッズ?18倍） / 2着集中度: 上位2艇 59.6%（補正+0.00） / 総合判定確率: 0.073 / → ヒモ分散。1号艇1着固定で広めのヒモ流し推奨（買い目+2点）', 'tenji_trigger': '展示確認: ヒモ分散レース。1号艇伸び確認後、広めのヒモ流しを採用。穴ヒモ（5・6号艇）を積極的に含める。'}",,,29,逃げ狙い,16.7,32.2,3,,,,,,,,,,,
2026-03-30,丸亀,11,6,藤田竜弘,B1,36.29,6,▲,1.2136,2.8,37,25.4,0.1808,4.2119,,,0,低,145,0,-,,0,34,1.0667,,,,,,0.3516,0.3161,0.0774,,,B,◎,,0.2467,0.6755,,0.4905,A,77,0,◎-○軸 3着3〜4艇流し（10〜15点）,0.5777,"{'is_target': True, 'verdict': '参加推奨', 'max_combo_prob': 0.0733, 'est_top_odds': 18.2, 'circle_concentration': 59.6, 'eligible_count': 8, 'bet_adj': 2, 'reason': 'rel_win1=60.8%（本命度） / 最有力組み合わせ確率: 0.073（推定実オッズ?18倍） / 2着集中度: 上位2艇 59.6%（補正+0.00） / 総合判定確率: 0.073 / → ヒモ分散。1号艇1着固定で広めのヒモ流し推奨（買い目+2点）', 'tenji_trigger': '展示確認: ヒモ分散レース。1号艇伸び確認後、広めのヒモ流しを採用。穴ヒモ（5・6号艇）を積極的に含める。'}",,,29,逃げ狙い,16.7,32.2,3,,,,,,,,,,,
2026-03-30,丸亀,12,1,島村隆幸,A1,48.33,1,◎,54.4746,,0,97.1,0.1318,2.3824,,,0,低,37,0,逃1%,,0,82.1,1.2128,0.75,,,,,0.05,0.05,0.1,◎,,A,△,,,0.6615,,0.6535,S,88,0,◎1着固定 2-3着流し（5〜8点）,0.5777,"{'is_target': True, 'verdict': '参加推奨', 'max_combo_prob': 0.0697, 'est_top_odds': 19.1, 'circle_concentration': 74.0, 'eligible_count': 6, 'bet_adj': 2, 'reason': 'rel_win1=54.5%（本命度） / 最有力組み合わせ確率: 0.070（推定実オッズ?19倍） / 2着集中度: 上位2艇 74.0%（補正+0.04） / 総合判定確率: 0.110 / → ヒモ分散。1号艇1着固定で広めのヒモ流し推奨（買い目+2点）', 'tenji_trigger': '展示確認: ヒモ分散レース。1号艇伸び確認後、広めのヒモ流しを採用。穴ヒモ（5・6号艇）を積極的に含める。\n展示で1号艇スタート超安定(0.132秒)→ヒモ固まり方向に注意'}",,,31.1,逃げ狙い,32.44,24.6,2,,,,,0,0,0.7559,0,,逃げ軸流し,A
2026-03-30,丸亀,12,2,永井彪也,A1,30.23,2,△,16.6501,44.3,54,83.3,0.1393,3.0167,,,0,低,28,0,差0% ま0%,,0,61.3,1.3521,0,0.375,0.125,0,0,0,0,0.2762,,,D,◎,,0.3078,0.7025,,0.6535,S,88,0,◎1着固定 2-3着流し（5〜8点）,0.5777,"{'is_target': True, 'verdict': '参加推奨', 'max_combo_prob': 0.0697, 'est_top_odds': 19.1, 'circle_concentration': 74.0, 'eligible_count': 6, 'bet_adj': 2, 'reason': 'rel_win1=54.5%（本命度） / 最有力組み合わせ確率: 0.070（推定実オッズ?19倍） / 2着集中度: 上位2艇 74.0%（補正+0.04） / 総合判定確率: 0.110 / → ヒモ分散。1号艇1着固定で広めのヒモ流し推奨（買い目+2点）', 'tenji_trigger': '展示確認: ヒモ分散レース。1号艇伸び確認後、広めのヒモ流しを採用。穴ヒモ（5・6号艇）を積極的に含める。\n展示で1号艇スタート超安定(0.132秒)→ヒモ固まり方向に注意'}",,,31.1,逃げ狙い,32.44,24.6,2,,,,,,,,,,,
2026-03-30,丸亀,12,3,小坂尚哉,A1,38.89,3,○,11.6515,29.7,96,79.3,0.1284,2.4224,,,0,低,81,0,差0% ま0% 抜0%,,0,76.1,1.3931,0,0.0455,0.1364,0,0.0909,0.0488,0.0488,0.0976,,,C,,,0.3119,0.657,,0.6535,S,88,0,◎1着固定 2-3着流し（5〜8点）,0.5777,"{'is_target': True, 'verdict': '参加推奨', 'max_combo_prob': 0.0697, 'est_top_odds': 19.1, 'circle_concentration': 74.0, 'eligible_count': 6, 'bet_adj': 2, 'reason': 'rel_win1=54.5%（本命度） / 最有力組み合わせ確率: 0.070（推定実オッズ?19倍） / 2着集中度: 上位2艇 74.0%（補正+0.04） / 総合判定確率: 0.110 / → ヒモ分散。1号艇1着固定で広めのヒモ流し推奨（買い目+2点）', 'tenji_trigger': '展示確認: ヒモ分散レース。1号艇伸び確認後、広めのヒモ流しを採用。穴ヒモ（5・6号艇）を積極的に含める。\n展示で1号艇スタート超安定(0.132秒)→ヒモ固まり方向に注意'}",,,31.1,逃げ狙い,32.44,24.6,2,,,,,,,,,,,
2026-03-30,丸亀,12,4,松田祐季,A1,40.63,4,▲,9.0029,15.5,100,66.7,0.1662,3.3205,,,0,低,87,0,-,,0,28.9,0.8513,0,0,0.0476,0.0476,0.0476,0.0986,0.0258,0.0258,,,B,,○,0.155,0.6335,0.2351,0.6535,S,88,0,◎1着固定 2-3着流し（5〜8点）,0.5777,"{'is_target': True, 'verdict': '参加推奨', 'max_combo_prob': 0.0697, 'est_top_odds': 19.1, 'circle_concentration': 74.0, 'eligible_count': 6, 'bet_adj': 2, 'reason': 'rel_win1=54.5%（本命度） / 最有力組み合わせ確率: 0.070（推定実オッズ?19倍） / 2着集中度: 上位2艇 74.0%（補正+0.04） / 総合判定確率: 0.110 / → ヒモ分散。1号艇1着固定で広めのヒモ流し推奨（買い目+2点）', 'tenji_trigger': '展示確認: ヒモ分散レース。1号艇伸び確認後、広めのヒモ流しを採用。穴ヒモ（5・6号艇）を積極的に含める。\n展示で1号艇スタート超安定(0.132秒)→ヒモ固まり方向に注意'}",,,31.1,逃げ狙い,32.44,24.6,2,,,,,,,,,,,
2026-03-30,丸亀,12,5,高倉和士,A1,29.23,5,,6.1918,6.3,82,56.4,0.1238,2.5273,,,0,低,42,0,差ま0% 抜0%,,0,55.9,1.5631,0,0,0,0.1667,0.0333,0.0114,0.0343,0.2936,,,E,△,◎,0.3399,0.673,0.4861,0.6535,S,88,0,◎1着固定 2-3着流し（5〜8点）,0.5777,"{'is_target': True, 'verdict': '参加推奨', 'max_combo_prob': 0.0697, 'est_top_odds': 19.1, 'circle_concentration': 74.0, 'eligible_count': 6, 'bet_adj': 2, 'reason': 'rel_win1=54.5%（本命度） / 最有力組み合わせ確率: 0.070（推定実オッズ?19倍） / 2着集中度: 上位2艇 74.0%（補正+0.04） / 総合判定確率: 0.110 / → ヒモ分散。1号艇1着固定で広めのヒモ流し推奨（買い目+2点）', 'tenji_trigger': '展示確認: ヒモ分散レース。1号艇伸び確認後、広めのヒモ流しを採用。穴ヒモ（5・6号艇）を積極的に含める。\n展示で1号艇スタート超安定(0.132秒)→ヒモ固まり方向に注意'}",,,31.1,逃げ狙い,32.44,24.6,2,,,,,,,,,,,
2026-03-30,丸亀,12,6,小野達哉,A1,33.06,6,,2.029,4.2,68,41.3,0.1654,3.4286,,,0,低,87,0,-,,0,97.9,2.0606,,,,,,0.0095,0.0286,0.0286,,,D,○,,0.2029,0.6745,,0.6535,S,88,0,◎1着固定 2-3着流し（5〜8点）,0.5777,"{'is_target': True, 'verdict': '参加推奨', 'max_combo_prob': 0.0697, 'est_top_odds': 19.1, 'circle_concentration': 74.0, 'eligible_count': 6, 'bet_adj': 2, 'reason': 'rel_win1=54.5%（本命度） / 最有力組み合わせ確率: 0.070（推定実オッズ?19倍） / 2着集中度: 上位2艇 74.0%（補正+0.04） / 総合判定確率: 0.110 / → ヒモ分散。1号艇1着固定で広めのヒモ流し推奨（買い目+2点）', 'tenji_trigger': '展示確認: ヒモ分散レース。1号艇伸び確認後、広めのヒモ流しを採用。穴ヒモ（5・6号艇）を積極的に含める。\n展示で1号艇スタート超安定(0.132秒)→ヒモ固まり方向に注意'}",,,31.1,逃げ狙い,32.44,24.6,2,,,,,,,,,,,
2026-03-31,丸亀,1,1,原村拓也,B1,40.80,1,◎,61.8435,,0,71.1,0.1676,3.6222,,,0,低,159,0,逃1%,4,0,78.6,1.0072,0.35,,,,,0.3114,0.1257,0.02,○,,C,△,,,0.5855,,0.4157,B,59,0,◎○△フォーメーション（15〜20点）,0.5777,"{'is_target': True, 'verdict': '点数絞り', 'max_combo_prob': 0.0867, 'est_top_odds': 15.4, 'circle_concentration': 72.4, 'eligible_count': 9, 'bet_adj': 0, 'reason': 'rel_win1=61.8%（本命度） / 最有力組み合わせ確率: 0.087（推定実オッズ?15倍） / 2着集中度: 上位2艇 72.4%（補正+0.04） / 総合判定確率: 0.127 / → ヒモはやや固め。上位2艇以外を切ること', 'tenji_trigger': '展示確認: 1号艇伸び良→そのまま採用。悪→飛び組に差し替え。circle_pct上位2艇に絞り込むこと。'}",,,28.8,両建て推奨,11.57,36,3,,,,,0,0,0.6155,0,,逃げ軸流し,A
2026-03-31,丸亀,1,2,平岡重典,B1,26.05,2,,8.7851,43.6,100,57.6,0.1914,4.5763,,,0,低,154,0,差0%,6,0,45.4,0.9359,0,0.0417,0,0,0,0.1881,0.2643,0.0762,,,D,◎,,0.1165,0.6,,0.4157,B,59,0,◎○△フォーメーション（15〜20点）,0.5777,"{'is_target': True, 'verdict': '点数絞り', 'max_combo_prob': 0.0867, 'est_top_odds': 15.4, 'circle_concentration': 72.4, 'eligible_count': 9, 'bet_adj': 0, 'reason': 'rel_win1=61.8%（本命度） / 最有力組み合わせ確率: 0.087（推定実オッズ?15倍） / 2着集中度: 上位2艇 72.4%（補正+0.04） / 総合判定確率: 0.127 / → ヒモはやや固め。上位2艇以外を切ること', 'tenji_trigger': '展示確認: 1号艇伸び良→そのまま採用。悪→飛び組に差し替え。circle_pct上位2艇に絞り込むこと。'}",,,28.8,両建て推奨,11.57,36,3,,,,,,,,,,,
2026-03-31,丸亀,1,3,中野和裕,B1,43.65,3,△,9.1057,28.9,85,36.7,0.1727,3.3917,,,0,低,136,0,抜0%,3,0,43.7,0.756,0,0,0,0,0.0357,0.2667,0.3111,0.3333,,,B,,,0.3178,0.559,,0.4157,B,59,0,◎○△フォーメーション（15〜20点）,0.5777,"{'is_target': True, 'verdict': '点数絞り', 'max_combo_prob': 0.0867, 'est_top_odds': 15.4, 'circle_concentration': 72.4, 'eligible_count': 9, 'bet_adj': 0, 'reason': 'rel_win1=61.8%（本命度） / 最有力組み合わせ確率: 0.087（推定実オッズ?15倍） / 2着集中度: 上位2艇 72.4%（補正+0.04） / 総合判定確率: 0.127 / → ヒモはやや固め。上位2艇以外を切ること', 'tenji_trigger': '展示確認: 1号艇伸び良→そのまま採用。悪→飛び組に差し替え。circle_pct上位2艇に絞り込むこと。'}",,,28.8,両建て推奨,11.57,36,3,,,,,,,,,,,
2026-03-31,丸亀,1,4,山戸信二,B1,45.24,4,○,12.0245,9.6,70,35.3,0.1694,3.4804,,,0,低,117,0,-,3,0,84.4,1.4113,0,0,0.0435,0,0,0.4333,0.2167,0.0444,,,B,○,,0.2958,0.5985,,0.4157,B,59,0,◎○△フォーメーション（15〜20点）,0.5777,"{'is_target': True, 'verdict': '点数絞り', 'max_combo_prob': 0.0867, 'est_top_odds': 15.4, 'circle_concentration': 72.4, 'eligible_count': 9, 'bet_adj': 0, 'reason': 'rel_win1=61.8%（本命度） / 最有力組み合わせ確率: 0.087（推定実オッズ?15倍） / 2着集中度: 上位2艇 72.4%（補正+0.04） / 総合判定確率: 0.127 / → ヒモはやや固め。上位2艇以外を切ること', 'tenji_trigger': '展示確認: 1号艇伸び良→そのまま採用。悪→飛び組に差し替え。circle_pct上位2艇に絞り込むこと。'}",,,28.8,両建て推奨,11.57,36,3,,,,,,,,,,,
2026-03-31,丸亀,1,5,堀内亜海,B2,19.53,5,,6.5711,15,74,0,0.2475,5,,,0,低,39,1,-,6,0,25,0.6619,,,,,,,,,,,E,,,0.1571,0.4305,,0.4157,B,59,0,◎○△フォーメーション（15〜20点）,0.5777,"{'is_target': True, 'verdict': '点数絞り', 'max_combo_prob': 0.0867, 'est_top_odds': 15.4, 'circle_concentration': 72.4, 'eligible_count': 9, 'bet_adj': 0, 'reason': 'rel_win1=61.8%（本命度） / 最有力組み合わせ確率: 0.087（推定実オッズ?15倍） / 2着集中度: 上位2艇 72.4%（補正+0.04） / 総合判定確率: 0.127 / → ヒモはやや固め。上位2艇以外を切ること', 'tenji_trigger': '展示確認: 1号艇伸び良→そのまま採用。悪→飛び組に差し替え。circle_pct上位2艇に絞り込むこと。'}",,,28.8,両建て推奨,11.57,36,3,,,,,,,,,,,
2026-03-31,丸亀,1,6,松本　怜,B1,51.61,6,▲,1.6702,3,35,5,0.18,3.725,,,0,低,54,0,-,46,0,35.5,0.7822,,,,,,0,0.5,0.25,,,A,△,,0.2894,0.572,,0.4157,B,59,0,◎○△フォーメーション（15〜20点）,0.5777,"{'is_target': True, 'verdict': '点数絞り', 'max_combo_prob': 0.0867, 'est_top_odds': 15.4, 'circle_concentration': 72.4, 'eligible_count': 9, 'bet_adj': 0, 'reason': 'rel_win1=61.8%（本命度） / 最有力組み合わせ確率: 0.087（推定実オッズ?15倍） / 2着集中度: 上位2艇 72.4%（補正+0.04） / 総合判定確率: 0.127 / → ヒモはやや固め。上位2艇以外を切ること', 'tenji_trigger': '展示確認: 1号艇伸び良→そのまま採用。悪→飛び組に差し替え。circle_pct上位2艇に絞り込むこと。'}",,,28.8,両建て推奨,11.57,36,3,,,,,,,,,,,
2026-03-31,丸亀,2,1,高田　綾,B1,35.48,1,◎,55.9604,,0,68.2,0.1732,3.2045,,,0,低,47,0,逃0%,6,0,58.7,0.9203,0.3077,,,,,0,0.1538,0.2308,○,,B,,,,0.5525,,0.3305,A,64,0,◎-○軸 3着3〜4艇流し（10〜15点）,0.5777,"{'is_target': True, 'verdict': '参加推奨', 'max_combo_prob': 0.0742, 'est_top_odds': 18.0, 'circle_concentration': 75.7, 'eligible_count': 8, 'bet_adj': 2, 'reason': 'rel_win1=56.0%（本命度） / 最有力組み合わせ確率: 0.074（推定実オッズ?18倍） / 2着集中度: 上位2艇 75.7%（補正+0.04） / 総合判定確率: 0.114 / → ヒモ分散。1号艇1着固定で広めのヒモ流し推奨（買い目+2点）', 'tenji_trigger': '展示確認: ヒモ分散レース。1号艇伸び確認後、広めのヒモ流しを採用。穴ヒモ（5・6号艇）を積極的に含める。'}",,,27.4,両建て推奨,14.11,29.8,4,,,,,0,0,0.6155,0,,逃げ軸流し,A
2026-03-31,丸亀,2,2,垂水　悠,B1,33.06,2,○,12.2941,39.5,93,53.8,0.1518,2.7949,,,0,低,36,0,-,1,0,34.7,0.7871,0,0.0625,0,0,0,0.3077,0.2308,0.2308,,◎,C,○,,0.527,0.632,,0.3305,A,64,0,◎-○軸 3着3〜4艇流し（10〜15点）,0.5777,"{'is_target': True, 'verdict': '参加推奨', 'max_combo_prob': 0.0742, 'est_top_odds': 18.0, 'circle_concentration': 75.7, 'eligible_count': 8, 'bet_adj': 2, 'reason': 'rel_win1=56.0%（本命度） / 最有力組み合わせ確率: 0.074（推定実オッズ?18倍） / 2着集中度: 上位2艇 75.7%（補正+0.04） / 総合判定確率: 0.114 / → ヒモ分散。1号艇1着固定で広めのヒモ流し推奨（買い目+2点）', 'tenji_trigger': '展示確認: ヒモ分散レース。1号艇伸び確認後、広めのヒモ流しを採用。穴ヒモ（5・6号艇）を積極的に含める。'}",,,27.4,両建て推奨,14.11,29.8,4,,,,,,,,,,,
2026-03-31,丸亀,2,3,関野　文,A2,20.66,3,,13.4894,36.2,75,67.7,0.165,2.9706,,,0,低,58,0,-,21,0,43.5,1.0123,0,0,0.0526,0,0,0.0932,0.0727,0.2409,,,E,△,,0.3276,0.6135,,0.3305,A,64,0,◎-○軸 3着3〜4艇流し（10〜15点）,0.5777,"{'is_target': True, 'verdict': '参加推奨', 'max_combo_prob': 0.0742, 'est_top_odds': 18.0, 'circle_concentration': 75.7, 'eligible_count': 8, 'bet_adj': 2, 'reason': 'rel_win1=56.0%（本命度） / 最有力組み合わせ確率: 0.074（推定実オッズ?18倍） / 2着集中度: 上位2艇 75.7%（補正+0.04） / 総合判定確率: 0.114 / → ヒモ分散。1号艇1着固定で広めのヒモ流し推奨（買い目+2点）', 'tenji_trigger': '展示確認: ヒモ分散レース。1号艇伸び確認後、広めのヒモ流しを採用。穴ヒモ（5・6号艇）を積極的に含める。'}",,,27.4,両建て推奨,14.11,29.8,4,,,,,,,,,,,
2026-03-31,丸亀,2,4,林　祐介,A2,27.91,4,△,13.5227,20.3,95,53.7,0.1587,3.4259,,,0,低,103,0,-,3,0,97,1.866,0,0.0909,0,0,0,0.0154,0.1615,0.2923,,,D,◎,◎,0.3496,0.6605,0.4185,0.3305,A,64,0,◎-○軸 3着3〜4艇流し（10〜15点）,0.5777,"{'is_target': True, 'verdict': '参加推奨', 'max_combo_prob': 0.0742, 'est_top_odds': 18.0, 'circle_concentration': 75.7, 'eligible_count': 8, 'bet_adj': 2, 'reason': 'rel_win1=56.0%（本命度） / 最有力組み合わせ確率: 0.074（推定実オッズ?18倍） / 2着集中度: 上位2艇 75.7%（補正+0.04） / 総合判定確率: 0.114 / → ヒモ分散。1号艇1着固定で広めのヒモ流し推奨（買い目+2点）', 'tenji_trigger': '展示確認: ヒモ分散レース。1号艇伸び確認後、広めのヒモ流しを採用。穴ヒモ（5・6号艇）を積極的に含める。'}",,,27.4,両建て推奨,14.11,29.8,4,,,,,,,,,,,
2026-03-31,丸亀,2,5,寺本昇平,B1,40.48,5,▲,3.4801,3.7,100,25.5,0.1721,3.7766,,,0,低,124,0,-,5,0,22.5,0.4262,,,,,,0.3323,0.1231,0.1508,,,A,△,,0.316,0.6215,,0.3305,A,64,0,◎-○軸 3着3〜4艇流し（10〜15点）,0.5777,"{'is_target': True, 'verdict': '参加推奨', 'max_combo_prob': 0.0742, 'est_top_odds': 18.0, 'circle_concentration': 75.7, 'eligible_count': 8, 'bet_adj': 2, 'reason': 'rel_win1=56.0%（本命度） / 最有力組み合わせ確率: 0.074（推定実オッズ?18倍） / 2着集中度: 上位2艇 75.7%（補正+0.04） / 総合判定確率: 0.114 / → ヒモ分散。1号艇1着固定で広めのヒモ流し推奨（買い目+2点）', 'tenji_trigger': '展示確認: ヒモ分散レース。1号艇伸び確認後、広めのヒモ流しを採用。穴ヒモ（5・6号艇）を積極的に含める。'}",,,27.4,両建て推奨,14.11,29.8,4,,,,,,,,,,,
2026-03-31,丸亀,2,6,小畑楓夏,B2,26.89,6,,1.2533,0.3,28,2.7,0.2147,4.1933,,,0,低,40,0,-,65,0,22.5,0.5775,,,,,,,,,,,D,,,0.1779,0.4095,,0.3305,A,64,0,◎-○軸 3着3〜4艇流し（10〜15点）,0.5777,"{'is_target': True, 'verdict': '参加推奨', 'max_combo_prob': 0.0742, 'est_top_odds': 18.0, 'circle_concentration': 75.7, 'eligible_count': 8, 'bet_adj': 2, 'reason': 'rel_win1=56.0%（本命度） / 最有力組み合わせ確率: 0.074（推定実オッズ?18倍） / 2着集中度: 上位2艇 75.7%（補正+0.04） / 総合判定確率: 0.114 / → ヒモ分散。1号艇1着固定で広めのヒモ流し推奨（買い目+2点）', 'tenji_trigger': '展示確認: ヒモ分散レース。1号艇伸び確認後、広めのヒモ流しを採用。穴ヒモ（5・6号艇）を積極的に含める。'}",,,27.4,両建て推奨,14.11,29.8,4,,,,,,,,,,,
2026-03-31,丸亀,3,1,杉山勝匡,B1,38.14,1,◎,49.9192,,0,86.3,0.1492,3.2647,,,0,低,107,0,逃0%,15,0,86,1.0837,0.4815,,,,,0.1889,0.1444,0.1593,○,,B,△,,,0.6195,,0.3901,A,67,0,◎-○軸 3着3〜4艇流し（10〜15点）,0.5777,"{'is_target': True, 'verdict': '参加推奨', 'max_combo_prob': 0.0538, 'est_top_odds': 24.8, 'circle_concentration': 69.9, 'eligible_count': 8, 'bet_adj': 2, 'reason': 'rel_win1=49.9%（本命度） / 最有力組み合わせ確率: 0.054（推定実オッズ?25倍） / 2着集中度: 上位2艇 69.9%（補正+0.00） / 総合判定確率: 0.054 / → ヒモ分散。1号艇1着固定で広めのヒモ流し推奨（買い目+2点）', 'tenji_trigger': '展示確認: ヒモ分散レース。1号艇伸び確認後、広めのヒモ流しを採用。穴ヒモ（5・6号艇）を積極的に含める。'}",,,32.8,逃げ狙い,29.19,32.3,5,,,,,0,0,0.6155,0,,逃げ軸流し,A
2026-03-31,丸亀,3,2,小林京平,B1,35.34,2,△,14.4859,31.9,69,54.5,0.1755,3.6364,,,0,低,103,1,差0% ま0%,54,0,72.8,0.9262,0,0.0909,0.0909,0,0,0,0.1429,0.2857,,,C,,,0.0997,0.5405,,0.3901,A,67,0,◎-○軸 3着3〜4艇流し（10〜15点）,0.5777,"{'is_target': True, 'verdict': '参加推奨', 'max_combo_prob': 0.0538, 'est_top_odds': 24.8, 'circle_concentration': 69.9, 'eligible_count': 8, 'bet_adj': 2, 'reason': 'rel_win1=49.9%（本命度） / 最有力組み合わせ確率: 0.054（推定実オッズ?25倍） / 2着集中度: 上位2艇 69.9%（補正+0.00） / 総合判定確率: 0.054 / → ヒモ分散。1号艇1着固定で広めのヒモ流し推奨（買い目+2点）', 'tenji_trigger': '展示確認: ヒモ分散レース。1号艇伸び確認後、広めのヒモ流しを採用。穴ヒモ（5・6号艇）を積極的に含める。'}",,,32.8,逃げ狙い,29.19,32.3,5,,,,,,,,,,,
2026-03-31,丸亀,3,3,高倉和士,A1,29.23,3,▲,14.83,38,100,76.2,0.1131,2.619,,,0,低,42,0,差ま0%,25,0,73.7,1.439,0,0,0,0.1111,0,0.0114,0.0343,0.2936,,◎,D,○,,0.5026,0.673,,0.3901,A,67,0,◎-○軸 3着3〜4艇流し（10〜15点）,0.5777,"{'is_target': True, 'verdict': '参加推奨', 'max_combo_prob': 0.0538, 'est_top_odds': 24.8, 'circle_concentration': 69.9, 'eligible_count': 8, 'bet_adj': 2, 'reason': 'rel_win1=49.9%（本命度） / 最有力組み合わせ確率: 0.054（推定実オッズ?25倍） / 2着集中度: 上位2艇 69.9%（補正+0.00） / 総合判定確率: 0.054 / → ヒモ分散。1号艇1着固定で広めのヒモ流し推奨（買い目+2点）', 'tenji_trigger': '展示確認: ヒモ分散レース。1号艇伸び確認後、広めのヒモ流しを採用。穴ヒモ（5・6号艇）を積極的に含める。'}",,,32.8,逃げ狙い,29.19,32.3,5,,,,,,,,,,,
2026-03-31,丸亀,3,4,津久井拓,A2,35.59,4,○,9.5192,19.5,64,49.3,0.15,3.1164,,,0,低,129,0,差0% ま0%,35,0,56.1,1.0711,0,0.0625,0.0625,0,0,0.0324,0.1722,0.2039,,,B,△,◎,0.3108,0.6415,0.3267,0.3901,A,67,0,◎-○軸 3着3〜4艇流し（10〜15点）,0.5777,"{'is_target': True, 'verdict': '参加推奨', 'max_combo_prob': 0.0538, 'est_top_odds': 24.8, 'circle_concentration': 69.9, 'eligible_count': 8, 'bet_adj': 2, 'reason': 'rel_win1=49.9%（本命度） / 最有力組み合わせ確率: 0.054（推定実オッズ?25倍） / 2着集中度: 上位2艇 69.9%（補正+0.00） / 総合判定確率: 0.054 / → ヒモ分散。1号艇1着固定で広めのヒモ流し推奨（買い目+2点）', 'tenji_trigger': '展示確認: ヒモ分散レース。1号艇伸び確認後、広めのヒモ流しを採用。穴ヒモ（5・6号艇）を積極的に含める。'}",,,32.8,逃げ狙い,29.19,32.3,5,,,,,,,,,,,
2026-03-31,丸亀,3,5,北川潤二,A2,25.20,5,,9.1458,8.4,74,40,0.146,2.4,,,0,低,54,1,-,42,0,38.2,1.2814,,,,,,0.0848,0.1348,0.0435,,,E,○,,0.3442,0.673,,0.3901,A,67,0,◎-○軸 3着3〜4艇流し（10〜15点）,0.5777,"{'is_target': True, 'verdict': '参加推奨', 'max_combo_prob': 0.0538, 'est_top_odds': 24.8, 'circle_concentration': 69.9, 'eligible_count': 8, 'bet_adj': 2, 'reason': 'rel_win1=49.9%（本命度） / 最有力組み合わせ確率: 0.054（推定実オッズ?25倍） / 2着集中度: 上位2艇 69.9%（補正+0.00） / 総合判定確率: 0.054 / → ヒモ分散。1号艇1着固定で広めのヒモ流し推奨（買い目+2点）', 'tenji_trigger': '展示確認: ヒモ分散レース。1号艇伸び確認後、広めのヒモ流しを採用。穴ヒモ（5・6号艇）を積極的に含める。'}",,,32.8,逃げ狙い,29.19,32.3,5,,,,,,,,,,,
2026-03-31,丸亀,3,6,今坂晃広,B1,34.75,6,,2.0999,2.2,58,14,0.1821,4.2907,,,0,低,154,0,-,1,0,29.1,0.6278,,,,,,0.0462,0.1969,0.0462,,,C,◎,,0.227,0.681,,0.3901,A,67,0,◎-○軸 3着3〜4艇流し（10〜15点）,0.5777,"{'is_target': True, 'verdict': '参加推奨', 'max_combo_prob': 0.0538, 'est_top_odds': 24.8, 'circle_concentration': 69.9, 'eligible_count': 8, 'bet_adj': 2, 'reason': 'rel_win1=49.9%（本命度） / 最有力組み合わせ確率: 0.054（推定実オッズ?25倍） / 2着集中度: 上位2艇 69.9%（補正+0.00） / 総合判定確率: 0.054 / → ヒモ分散。1号艇1着固定で広めのヒモ流し推奨（買い目+2点）', 'tenji_trigger': '展示確認: ヒモ分散レース。1号艇伸び確認後、広めのヒモ流しを採用。穴ヒモ（5・6号艇）を積極的に含める。'}",,,32.8,逃げ狙い,29.19,32.3,5,,,,,,,,,,,
2026-03-31,丸亀,4,1,酒井俊弘,B1,21.49,1,◎,49.9741,,0,77.8,0.1447,2.9444,,,0,低,62,0,逃0%,43,0,58.7,0.9962,0.4167,,,,,0.0167,0.4167,0.25,◎,,E,△,,,0.6165,,0.4619,A,67,0,◎-○軸 3着3〜4艇流し（10〜15点）,0.5777,"{'is_target': True, 'verdict': '参加推奨', 'max_combo_prob': 0.0582, 'est_top_odds': 22.9, 'circle_concentration': 67.8, 'eligible_count': 8, 'bet_adj': 2, 'reason': 'rel_win1=50.0%（本命度） / 最有力組み合わせ確率: 0.058（推定実オッズ?23倍） / 2着集中度: 上位2艇 67.8%（補正+0.00） / 総合判定確率: 0.058 / → ヒモ分散。1号艇1着固定で広めのヒモ流し推奨（買い目+2点）', 'tenji_trigger': '展示確認: ヒモ分散レース。1号艇伸び確認後、広めのヒモ流しを採用。穴ヒモ（5・6号艇）を積極的に含める。'}",,,29.6,逃げ狙い,16.15,34.3,4,,,,,0,0,0.7559,0,,逃げ軸流し,A
2026-03-31,丸亀,4,2,犬童千秋,B1,28.46,2,,10.7694,39.3,76,62.1,0.1734,3.6379,,,0,低,47,0,差0% ま0%,36,0,30.7,0.9986,0,0.0769,0.0769,0,0,0.3333,0.1111,0.1111,,,C,,,0.0702,0.593,,0.4619,A,67,0,◎-○軸 3着3〜4艇流し（10〜15点）,0.5777,"{'is_target': True, 'verdict': '参加推奨', 'max_combo_prob': 0.0582, 'est_top_odds': 22.9, 'circle_concentration': 67.8, 'eligible_count': 8, 'bet_adj': 2, 'reason': 'rel_win1=50.0%（本命度） / 最有力組み合わせ確率: 0.058（推定実オッズ?23倍） / 2着集中度: 上位2艇 67.8%（補正+0.00） / 総合判定確率: 0.058 / → ヒモ分散。1号艇1着固定で広めのヒモ流し推奨（買い目+2点）', 'tenji_trigger': '展示確認: ヒモ分散レース。1号艇伸び確認後、広めのヒモ流しを採用。穴ヒモ（5・6号艇）を積極的に含める。'}",,,29.6,逃げ狙い,16.15,34.3,4,,,,,,,,,,,
2026-03-31,丸亀,4,3,井川大作,B1,33.86,3,▲,10.5963,28.4,75,57.4,0.143,2.8852,,,0,低,89,0,ま0% 差ま0%,1,0,81.8,1.1175,0,0,0.0357,0.0714,0,0.3033,0.0933,0.2633,,,B,○,,0.3395,0.617,,0.4619,A,67,0,◎-○軸 3着3〜4艇流し（10〜15点）,0.5777,"{'is_target': True, 'verdict': '参加推奨', 'max_combo_prob': 0.0582, 'est_top_odds': 22.9, 'circle_concentration': 67.8, 'eligible_count': 8, 'bet_adj': 2, 'reason': 'rel_win1=50.0%（本命度） / 最有力組み合わせ確率: 0.058（推定実オッズ?23倍） / 2着集中度: 上位2艇 67.8%（補正+0.00） / 総合判定確率: 0.058 / → ヒモ分散。1号艇1着固定で広めのヒモ流し推奨（買い目+2点）', 'tenji_trigger': '展示確認: ヒモ分散レース。1号艇伸び確認後、広めのヒモ流しを採用。穴ヒモ（5・6号艇）を積極的に含める。'}",,,29.6,逃げ狙い,16.15,34.3,4,,,,,,,,,,,
2026-03-31,丸亀,4,4,小野達哉,A1,33.06,4,○,21.4671,13.4,100,70.8,0.1226,2.4692,,,0,低,87,0,-,56,0,86.7,1.7643,0,0,0.0769,0.1154,0,0.0095,0.0286,0.0286,,◎,C,◎,◎,0.457,0.6745,0.4992,0.4619,A,67,0,◎-○軸 3着3〜4艇流し（10〜15点）,0.5777,"{'is_target': True, 'verdict': '参加推奨', 'max_combo_prob': 0.0582, 'est_top_odds': 22.9, 'circle_concentration': 67.8, 'eligible_count': 8, 'bet_adj': 2, 'reason': 'rel_win1=50.0%（本命度） / 最有力組み合わせ確率: 0.058（推定実オッズ?23倍） / 2着集中度: 上位2艇 67.8%（補正+0.00） / 総合判定確率: 0.058 / → ヒモ分散。1号艇1着固定で広めのヒモ流し推奨（買い目+2点）', 'tenji_trigger': '展示確認: ヒモ分散レース。1号艇伸び確認後、広めのヒモ流しを採用。穴ヒモ（5・6号艇）を積極的に含める。'}",,,29.6,逃げ狙い,16.15,34.3,4,,,,,,,,,,,
2026-03-31,丸亀,4,5,前野竜一,A2,23.14,5,,5.9779,12.3,65,36.2,0.1613,3.7021,,,0,低,115,0,-,6,0,99.6,1.9645,0,0,0,0,0.0476,0.0133,0.2267,0.1067,,,D,,,0.3202,0.5985,,0.4619,A,67,0,◎-○軸 3着3〜4艇流し（10〜15点）,0.5777,"{'is_target': True, 'verdict': '参加推奨', 'max_combo_prob': 0.0582, 'est_top_odds': 22.9, 'circle_concentration': 67.8, 'eligible_count': 8, 'bet_adj': 2, 'reason': 'rel_win1=50.0%（本命度） / 最有力組み合わせ確率: 0.058（推定実オッズ?23倍） / 2着集中度: 上位2艇 67.8%（補正+0.00） / 総合判定確率: 0.058 / → ヒモ分散。1号艇1着固定で広めのヒモ流し推奨（買い目+2点）', 'tenji_trigger': '展示確認: ヒモ分散レース。1号艇伸び確認後、広めのヒモ流しを採用。穴ヒモ（5・6号艇）を積極的に含める。'}",,,29.6,逃げ狙い,16.15,34.3,4,,,,,,,,,,,
2026-03-31,丸亀,4,6,深井利寿,A2,34.43,6,△,1.2153,6.5,98,49,0.1949,4.602,,,0,低,120,0,-,22,0,36.5,1.8239,,,,,,0.0129,0.1062,0.2123,,,B,△,,0.2128,0.605,,0.4619,A,67,0,◎-○軸 3着3〜4艇流し（10〜15点）,0.5777,"{'is_target': True, 'verdict': '参加推奨', 'max_combo_prob': 0.0582, 'est_top_odds': 22.9, 'circle_concentration': 67.8, 'eligible_count': 8, 'bet_adj': 2, 'reason': 'rel_win1=50.0%（本命度） / 最有力組み合わせ確率: 0.058（推定実オッズ?23倍） / 2着集中度: 上位2艇 67.8%（補正+0.00） / 総合判定確率: 0.058 / → ヒモ分散。1号艇1着固定で広めのヒモ流し推奨（買い目+2点）', 'tenji_trigger': '展示確認: ヒモ分散レース。1号艇伸び確認後、広めのヒモ流しを採用。穴ヒモ（5・6号艇）を積極的に含める。'}",,,29.6,逃げ狙い,16.15,34.3,4,,,,,,,,,,,
2026-03-31,丸亀,5,1,島田一生,B1,28.81,1,◎,41.2261,,0,81.6,0.1484,2.8421,,,0,低,101,0,逃0%,5,0,47.5,0.8482,0.381,,,,,0.1905,0.2857,0.0476,◎,,C,,,,0.569,,0.4644,C,37,0,荒れ傾向。高配当狙いか見送り,0.5777,"{'is_target': False, 'verdict': '対象外', 'max_combo_prob': None, 'est_top_odds': None, 'circle_concentration': None, 'eligible_count': 0, 'bet_adj': 0, 'reason': '1号艇rel_win1 < 45%: 通常判定に委ねる', 'tenji_trigger': ''}",,,33.9,両建て推奨,29.61,35,3,,,,,0,0,0.7559,0,,逃げ軸流し,A
2026-03-31,丸亀,5,2,樋口　亮,A2,27.50,2,△,16.4827,39.1,51,63.6,0.1647,3.3455,,,0,低,133,0,ま1%,4,0,68.9,0.9505,0,0.12,0.08,0,0.04,0.2161,0.0805,0.0276,,,D,△,,0.1916,0.601,,0.4644,C,37,0,荒れ傾向。高配当狙いか見送り,0.5777,"{'is_target': False, 'verdict': '対象外', 'max_combo_prob': None, 'est_top_odds': None, 'circle_concentration': None, 'eligible_count': 0, 'bet_adj': 0, 'reason': '1号艇rel_win1 < 45%: 通常判定に委ねる', 'tenji_trigger': ''}",,,33.9,両建て推奨,29.61,35,3,,,,,,,,,,,
2026-03-31,丸亀,5,3,島村隆幸,A1,48.33,3,○,29.1625,39.2,58,95.7,0.1491,2.8696,,,0,低,37,0,差0% ま0% 差ま0%,11,0,95,2.0685,0,0.0714,0.2857,0.2143,0,0.05,0.05,0.1,,◎,A,○,,0.3925,0.6615,,0.4644,C,37,0,荒れ傾向。高配当狙いか見送り,0.5777,"{'is_target': False, 'verdict': '対象外', 'max_combo_prob': None, 'est_top_odds': None, 'circle_concentration': None, 'eligible_count': 0, 'bet_adj': 0, 'reason': '1号艇rel_win1 < 45%: 通常判定に委ねる', 'tenji_trigger': ''}",,,33.9,両建て推奨,29.61,35,3,,,,,,,,,,,
2026-03-31,丸亀,5,4,藤田竜弘,B1,36.29,4,▲,8.3765,14.3,100,50,0.1676,3.3636,,,0,低,145,0,-,26,0,100,2.4623,0,0,0,0.037,0,0.3516,0.3161,0.0774,,,B,◎,,0.2417,0.6755,,0.4644,C,37,0,荒れ傾向。高配当狙いか見送り,0.5777,"{'is_target': False, 'verdict': '対象外', 'max_combo_prob': None, 'est_top_odds': None, 'circle_concentration': None, 'eligible_count': 0, 'bet_adj': 0, 'reason': '1号艇rel_win1 < 45%: 通常判定に委ねる', 'tenji_trigger': ''}",,,33.9,両建て推奨,29.61,35,3,,,,,,,,,,,
2026-03-31,丸亀,5,5,貫地谷直,B1,27.42,5,,3.778,3.6,90,35,0.1967,4.3167,,,0,低,204,0,-,65,0,31,0.8602,,,,,,0.0571,0.6214,0.2643,,,E,,,0.203,0.5725,,0.4644,C,37,0,荒れ傾向。高配当狙いか見送り,0.5777,"{'is_target': False, 'verdict': '対象外', 'max_combo_prob': None, 'est_top_odds': None, 'circle_concentration': None, 'eligible_count': 0, 'bet_adj': 0, 'reason': '1号艇rel_win1 < 45%: 通常判定に委ねる', 'tenji_trigger': ''}",,,33.9,両建て推奨,29.61,35,3,,,,,,,,,,,
2026-03-31,丸亀,5,6,高井雄基,A2,28.30,6,,0.9743,3.7,79,47.2,0.2133,4.6944,,,0,低,86,0,-,4,0,33.3,1.7267,,,,,,0,0.0889,0.0444,,,D,△,,0.1779,0.579,,0.4644,C,37,0,荒れ傾向。高配当狙いか見送り,0.5777,"{'is_target': False, 'verdict': '対象外', 'max_combo_prob': None, 'est_top_odds': None, 'circle_concentration': None, 'eligible_count': 0, 'bet_adj': 0, 'reason': '1号艇rel_win1 < 45%: 通常判定に委ねる', 'tenji_trigger': ''}",,,33.9,両建て推奨,29.61,35,3,,,,,,,,,,,
2026-03-31,丸亀,6,1,山田亮太,A2,42.06,1,◎,59.3302,,0,90.3,0.1658,2.9355,,,0,低,92,0,逃1%,1,0,88.2,1.1613,0.6538,,,,,0.1058,0.0308,0.0615,○,,B,○,,,0.642,,0.4439,S,80,0,◎1着固定 2-3着流し（5〜8点）,0.5777,"{'is_target': True, 'verdict': '参加推奨', 'max_combo_prob': 0.0737, 'est_top_odds': 18.1, 'circle_concentration': 70.5, 'eligible_count': 6, 'bet_adj': 2, 'reason': 'rel_win1=59.3%（本命度） / 最有力組み合わせ確率: 0.074（推定実オッズ?18倍） / 2着集中度: 上位2艇 70.5%（補正+0.04） / 総合判定確率: 0.114 / → ヒモ分散。1号艇1着固定で広めのヒモ流し推奨（買い目+2点）', 'tenji_trigger': '展示確認: ヒモ分散レース。1号艇伸び確認後、広めのヒモ流しを採用。穴ヒモ（5・6号艇）を積極的に含める。'}",,,26.8,逃げ狙い,14.98,27.3,3,,,,,0,0,0.6155,0,,逃げ軸流し,A
2026-03-31,丸亀,6,2,西岡蒼志,B1,28.13,2,△,10.1393,27.9,74,22.2,0.1711,4.1111,,,0,低,79,1,-,25,0,17.4,0.5379,,,,,,0,0.27,0,,,D,,,0.2745,0.528,,0.4439,S,80,0,◎1着固定 2-3着流し（5〜8点）,0.5777,"{'is_target': True, 'verdict': '参加推奨', 'max_combo_prob': 0.0737, 'est_top_odds': 18.1, 'circle_concentration': 70.5, 'eligible_count': 6, 'bet_adj': 2, 'reason': 'rel_win1=59.3%（本命度） / 最有力組み合わせ確率: 0.074（推定実オッズ?18倍） / 2着集中度: 上位2艇 70.5%（補正+0.04） / 総合判定確率: 0.114 / → ヒモ分散。1号艇1着固定で広めのヒモ流し推奨（買い目+2点）', 'tenji_trigger': '展示確認: ヒモ分散レース。1号艇伸び確認後、広めのヒモ流しを採用。穴ヒモ（5・6号艇）を積極的に含める。'}",,,26.8,逃げ狙い,14.98,27.3,3,,,,,,,,,,,
2026-03-31,丸亀,6,3,篠田優也,A2,22.13,3,▲,15.6123,42.7,100,77.5,0.1318,2.4694,,,0,低,73,0,ま0% 差ま0%,43,0,75.7,1.4902,0,0,0.0526,0.1053,0,0.1125,0.1375,0.1125,,◎,E,△,,0.4707,0.6415,,0.4439,S,80,0,◎1着固定 2-3着流し（5〜8点）,0.5777,"{'is_target': True, 'verdict': '参加推奨', 'max_combo_prob': 0.0737, 'est_top_odds': 18.1, 'circle_concentration': 70.5, 'eligible_count': 6, 'bet_adj': 2, 'reason': 'rel_win1=59.3%（本命度） / 最有力組み合わせ確率: 0.074（推定実オッズ?18倍） / 2着集中度: 上位2艇 70.5%（補正+0.04） / 総合判定確率: 0.114 / → ヒモ分散。1号艇1着固定で広めのヒモ流し推奨（買い目+2点）', 'tenji_trigger': '展示確認: ヒモ分散レース。1号艇伸び確認後、広めのヒモ流しを採用。穴ヒモ（5・6号艇）を積極的に含める。'}",,,26.8,逃げ狙い,14.98,27.3,3,,,,,,,,,,,
2026-03-31,丸亀,6,4,柴田大輔,B1,25.41,4,,5.9607,14.8,74,41.3,0.1917,4.1522,,,0,低,176,0,ま0%,36,0,41.5,0.8287,0,0,0.0385,0,0,0.2769,0.2923,0.2769,,,D,,,0.1828,0.4955,,0.4439,S,80,0,◎1着固定 2-3着流し（5〜8点）,0.5777,"{'is_target': True, 'verdict': '参加推奨', 'max_combo_prob': 0.0737, 'est_top_odds': 18.1, 'circle_concentration': 70.5, 'eligible_count': 6, 'bet_adj': 2, 'reason': 'rel_win1=59.3%（本命度） / 最有力組み合わせ確率: 0.074（推定実オッズ?18倍） / 2着集中度: 上位2艇 70.5%（補正+0.04） / 総合判定確率: 0.114 / → ヒモ分散。1号艇1着固定で広めのヒモ流し推奨（買い目+2点）', 'tenji_trigger': '展示確認: ヒモ分散レース。1号艇伸び確認後、広めのヒモ流しを採用。穴ヒモ（5・6号艇）を積極的に含める。'}",,,26.8,逃げ狙い,14.98,27.3,3,,,,,,,,,,,
2026-03-31,丸亀,6,5,山戸信二,B1,45.24,5,○,6.7006,10.7,42,19.3,0.1644,2.9123,,,0,低,117,0,-,3,0,36.3,0.7895,,,,,,0.4333,0.2167,0.0444,,,A,△,,0.3179,0.5985,,0.4439,S,80,0,◎1着固定 2-3着流し（5〜8点）,0.5777,"{'is_target': True, 'verdict': '参加推奨', 'max_combo_prob': 0.0737, 'est_top_odds': 18.1, 'circle_concentration': 70.5, 'eligible_count': 6, 'bet_adj': 2, 'reason': 'rel_win1=59.3%（本命度） / 最有力組み合わせ確率: 0.074（推定実オッズ?18倍） / 2着集中度: 上位2艇 70.5%（補正+0.04） / 総合判定確率: 0.114 / → ヒモ分散。1号艇1着固定で広めのヒモ流し推奨（買い目+2点）', 'tenji_trigger': '展示確認: ヒモ分散レース。1号艇伸び確認後、広めのヒモ流しを採用。穴ヒモ（5・6号艇）を積極的に含める。'}",,,26.8,逃げ狙い,14.98,27.3,3,,,,,,,,,,,
2026-03-31,丸亀,6,6,宮下元胤,A1,30.00,6,,2.2569,4,64,38.2,0.1873,4.7818,,,0,低,126,0,-,24,0,78.6,1.4961,,,,,,0.1767,0.1283,0.115,,,C,◎,,0.2416,0.6615,,0.4439,S,80,0,◎1着固定 2-3着流し（5〜8点）,0.5777,"{'is_target': True, 'verdict': '参加推奨', 'max_combo_prob': 0.0737, 'est_top_odds': 18.1, 'circle_concentration': 70.5, 'eligible_count': 6, 'bet_adj': 2, 'reason': 'rel_win1=59.3%（本命度） / 最有力組み合わせ確率: 0.074（推定実オッズ?18倍） / 2着集中度: 上位2艇 70.5%（補正+0.04） / 総合判定確率: 0.114 / → ヒモ分散。1号艇1着固定で広めのヒモ流し推奨（買い目+2点）', 'tenji_trigger': '展示確認: ヒモ分散レース。1号艇伸び確認後、広めのヒモ流しを採用。穴ヒモ（5・6号艇）を積極的に含める。'}",,,26.8,逃げ狙い,14.98,27.3,3,,,,,,,,,,,
2026-03-31,丸亀,7,1,宮崎　奨,A2,28.23,1,◎,58.3751,,0,95,0.1571,2.8625,,,0,低,134,0,逃1%,33,0,68.9,1.0216,0.5429,,,,,0.0343,0.1571,0.2686,◎,,D,○,,,0.658,,0.5213,S,84,0,◎1着固定 2-3着流し（5〜8点）,0.5777,"{'is_target': True, 'verdict': '参加推奨', 'max_combo_prob': 0.067, 'est_top_odds': 19.9, 'circle_concentration': 73.4, 'eligible_count': 6, 'bet_adj': 2, 'reason': 'rel_win1=58.4%（本命度） / 最有力組み合わせ確率: 0.067（推定実オッズ?20倍） / 2着集中度: 上位2艇 73.4%（補正+0.04） / 総合判定確率: 0.107 / → ヒモ分散。1号艇1着固定で広めのヒモ流し推奨（買い目+2点）', 'tenji_trigger': '展示確認: ヒモ分散レース。1号艇伸び確認後、広めのヒモ流しを採用。穴ヒモ（5・6号艇）を積極的に含める。'}",,,29.3,逃げ狙い,19.79,30.4,2,,,,,0,0,0.7559,0,,逃げ軸流し,A
2026-03-31,丸亀,7,2,新田芳美,B1,41.27,2,▲,10.6135,37.5,100,60.6,0.1667,3.4091,,,0,低,61,0,-,14,0,63.4,0.8636,,,,,,0.08,0.0533,0.44,,,A,△,,0.2366,0.6255,,0.5213,S,84,0,◎1着固定 2-3着流し（5〜8点）,0.5777,"{'is_target': True, 'verdict': '参加推奨', 'max_combo_prob': 0.067, 'est_top_odds': 19.9, 'circle_concentration': 73.4, 'eligible_count': 6, 'bet_adj': 2, 'reason': 'rel_win1=58.4%（本命度） / 最有力組み合わせ確率: 0.067（推定実オッズ?20倍） / 2着集中度: 上位2艇 73.4%（補正+0.04） / 総合判定確率: 0.107 / → ヒモ分散。1号艇1着固定で広めのヒモ流し推奨（買い目+2点）', 'tenji_trigger': '展示確認: ヒモ分散レース。1号艇伸び確認後、広めのヒモ流しを採用。穴ヒモ（5・6号艇）を積極的に含める。'}",,,29.3,逃げ狙い,19.79,30.4,2,,,,,,,,,,,
2026-03-31,丸亀,7,3,高田　綾,B1,35.48,3,△,11.8416,15.5,86,45,0.1615,3.2,,,0,低,47,0,-,6,0,68.9,1.5012,0,0,0.1333,0,0,0,0.1538,0.2308,,,B,,,0.3002,0.5525,,0.5213,S,84,0,◎1着固定 2-3着流し（5〜8点）,0.5777,"{'is_target': True, 'verdict': '参加推奨', 'max_combo_prob': 0.067, 'est_top_odds': 19.9, 'circle_concentration': 73.4, 'eligible_count': 6, 'bet_adj': 2, 'reason': 'rel_win1=58.4%（本命度） / 最有力組み合わせ確率: 0.067（推定実オッズ?20倍） / 2着集中度: 上位2艇 73.4%（補正+0.04） / 総合判定確率: 0.107 / → ヒモ分散。1号艇1着固定で広めのヒモ流し推奨（買い目+2点）', 'tenji_trigger': '展示確認: ヒモ分散レース。1号艇伸び確認後、広めのヒモ流しを採用。穴ヒモ（5・6号艇）を積極的に含める。'}",,,29.3,逃げ狙い,19.79,30.4,2,,,,,,,,,,,
2026-03-31,丸亀,7,4,永井彪也,A1,30.23,4,○,12.9662,35.9,88,82.3,0.1244,2.3824,,,0,低,28,0,差0% ま0% 差ま0%,52,0,91.7,1.6738,0,0.0667,0.0667,0.1333,0,0,0,0.2762,,◎,C,◎,◎,0.4586,0.7025,0.5647,0.5213,S,84,0,◎1着固定 2-3着流し（5〜8点）,0.5777,"{'is_target': True, 'verdict': '参加推奨', 'max_combo_prob': 0.067, 'est_top_odds': 19.9, 'circle_concentration': 73.4, 'eligible_count': 6, 'bet_adj': 2, 'reason': 'rel_win1=58.4%（本命度） / 最有力組み合わせ確率: 0.067（推定実オッズ?20倍） / 2着集中度: 上位2艇 73.4%（補正+0.04） / 総合判定確率: 0.107 / → ヒモ分散。1号艇1着固定で広めのヒモ流し推奨（買い目+2点）', 'tenji_trigger': '展示確認: ヒモ分散レース。1号艇伸び確認後、広めのヒモ流しを採用。穴ヒモ（5・6号艇）を積極的に含める。'}",,,29.3,逃げ狙い,19.79,30.4,2,,,,,,,,,,,
2026-03-31,丸亀,7,5,松本博昭,A2,22.88,5,,5.235,10.2,89,45.4,0.1699,3.314,,,0,低,179,0,-,2,0,29.1,1.2748,,,,,,0.1237,0.0157,0.1472,,,E,△,○,0.2932,0.6525,0.2022,0.5213,S,84,0,◎1着固定 2-3着流し（5〜8点）,0.5777,"{'is_target': True, 'verdict': '参加推奨', 'max_combo_prob': 0.067, 'est_top_odds': 19.9, 'circle_concentration': 73.4, 'eligible_count': 6, 'bet_adj': 2, 'reason': 'rel_win1=58.4%（本命度） / 最有力組み合わせ確率: 0.067（推定実オッズ?20倍） / 2着集中度: 上位2艇 73.4%（補正+0.04） / 総合判定確率: 0.107 / → ヒモ分散。1号艇1着固定で広めのヒモ流し推奨（買い目+2点）', 'tenji_trigger': '展示確認: ヒモ分散レース。1号艇伸び確認後、広めのヒモ流しを採用。穴ヒモ（5・6号艇）を積極的に含める。'}",,,29.3,逃げ狙い,19.79,30.4,2,,,,,,,,,,,
2026-03-31,丸亀,7,6,平岡重典,B1,26.05,6,,0.9685,0.9,38,15.9,0.1923,3.9773,,,0,低,154,0,-,6,0,29.1,0.8378,,,,,,0.1881,0.2643,0.0762,,,D,,,0.2216,0.6,,0.5213,S,84,0,◎1着固定 2-3着流し（5〜8点）,0.5777,"{'is_target': True, 'verdict': '参加推奨', 'max_combo_prob': 0.067, 'est_top_odds': 19.9, 'circle_concentration': 73.4, 'eligible_count': 6, 'bet_adj': 2, 'reason': 'rel_win1=58.4%（本命度） / 最有力組み合わせ確率: 0.067（推定実オッズ?20倍） / 2着集中度: 上位2艇 73.4%（補正+0.04） / 総合判定確率: 0.107 / → ヒモ分散。1号艇1着固定で広めのヒモ流し推奨（買い目+2点）', 'tenji_trigger': '展示確認: ヒモ分散レース。1号艇伸び確認後、広めのヒモ流しを採用。穴ヒモ（5・6号艇）を積極的に含める。'}",,,29.3,逃げ狙い,19.79,30.4,2,,,,,,,,,,,
2026-03-31,丸亀,8,1,富永修一,A1,25.21,1,◎,66.5301,,0,88.1,0.1252,2.0655,,,0,低,92,0,逃0% 抜0%,1,0,82.1,0.9881,0.6667,,,,,0.1257,0.1257,0.1124,◎,,D,○,,,0.6455,,0.7363,A,79,0,◎-○軸 3着3〜4艇流し（10〜15点）,0.5777,"{'is_target': True, 'verdict': '点数絞り', 'max_combo_prob': 0.1433, 'est_top_odds': 9.3, 'circle_concentration': 74.5, 'eligible_count': 8, 'bet_adj': 0, 'reason': 'rel_win1=66.5%（本命度） / 最有力組み合わせ確率: 0.143（推定実オッズ?9倍） / 2着集中度: 上位2艇 74.5%（補正+0.04） / 総合判定確率: 0.183 / → ヒモはやや固め。上位2艇以外を切ること', 'tenji_trigger': '展示確認: 1号艇伸び良→そのまま採用。悪→飛び組に差し替え。circle_pct上位2艇に絞り込むこと。\n展示で1号艇スタート超安定(0.125秒)→ヒモ固まり方向に注意'}",,,26.8,逃げ狙い,12.39,29.4,2,,,,,0,0,0.7559,0,,逃げ軸流し,A
2026-03-31,丸亀,8,2,竹田吉行,A2,32.50,2,▲,13.489,53.7,71,60.6,0.1634,3.2746,,,0,低,115,0,差0% ま0%,13,0,54.9,0.9995,0,0.0625,0.0625,0,0,0.0606,0.0825,0.2452,,,C,△,,0.0639,0.63,,0.7363,A,79,0,◎-○軸 3着3〜4艇流し（10〜15点）,0.5777,"{'is_target': True, 'verdict': '点数絞り', 'max_combo_prob': 0.1433, 'est_top_odds': 9.3, 'circle_concentration': 74.5, 'eligible_count': 8, 'bet_adj': 0, 'reason': 'rel_win1=66.5%（本命度） / 最有力組み合わせ確率: 0.143（推定実オッズ?9倍） / 2着集中度: 上位2艇 74.5%（補正+0.04） / 総合判定確率: 0.183 / → ヒモはやや固め。上位2艇以外を切ること', 'tenji_trigger': '展示確認: 1号艇伸び良→そのまま採用。悪→飛び組に差し替え。circle_pct上位2艇に絞り込むこと。\n展示で1号艇スタート超安定(0.125秒)→ヒモ固まり方向に注意'}",,,26.8,逃げ狙い,12.39,29.4,2,,,,,,,,,,,
2026-03-31,丸亀,8,3,寺本昇平,B1,40.48,3,○,7.4239,20.9,100,42.3,0.1769,3.6346,,,0,低,124,0,差ま0%,5,0,33,0.7883,0,0,0,0.0667,0,0.3323,0.1231,0.1508,,,A,△,,0.1166,0.6215,,0.7363,A,79,0,◎-○軸 3着3〜4艇流し（10〜15点）,0.5777,"{'is_target': True, 'verdict': '点数絞り', 'max_combo_prob': 0.1433, 'est_top_odds': 9.3, 'circle_concentration': 74.5, 'eligible_count': 8, 'bet_adj': 0, 'reason': 'rel_win1=66.5%（本命度） / 最有力組み合わせ確率: 0.143（推定実オッズ?9倍） / 2着集中度: 上位2艇 74.5%（補正+0.04） / 総合判定確率: 0.183 / → ヒモはやや固め。上位2艇以外を切ること', 'tenji_trigger': '展示確認: 1号艇伸び良→そのまま採用。悪→飛び組に差し替え。circle_pct上位2艇に絞り込むこと。\n展示で1号艇スタート超安定(0.125秒)→ヒモ固まり方向に注意'}",,,26.8,逃げ狙い,12.39,29.4,2,,,,,,,,,,,
2026-03-31,丸亀,8,4,藤原仙二,A2,27.12,4,△,8.7496,14.9,95,57.4,0.1631,3.1111,,,0,低,93,0,-,22,0,67.3,1.1213,0,0,0.0625,0,0.0625,0,0.08,0.28,,,D,,◎,0.1452,0.577,0.3893,0.7363,A,79,0,◎-○軸 3着3〜4艇流し（10〜15点）,0.5777,"{'is_target': True, 'verdict': '点数絞り', 'max_combo_prob': 0.1433, 'est_top_odds': 9.3, 'circle_concentration': 74.5, 'eligible_count': 8, 'bet_adj': 0, 'reason': 'rel_win1=66.5%（本命度） / 最有力組み合わせ確率: 0.143（推定実オッズ?9倍） / 2着集中度: 上位2艇 74.5%（補正+0.04） / 総合判定確率: 0.183 / → ヒモはやや固め。上位2艇以外を切ること', 'tenji_trigger': '展示確認: 1号艇伸び良→そのまま採用。悪→飛び組に差し替え。circle_pct上位2艇に絞り込むこと。\n展示で1号艇スタート超安定(0.125秒)→ヒモ固まり方向に注意'}",,,26.8,逃げ狙い,12.39,29.4,2,,,,,,,,,,,
2026-03-31,丸亀,8,5,今坂晃広,B1,34.75,5,,2.7809,10.2,40,22.8,0.1804,3.9474,,,0,低,154,0,ま0%,1,0,39.7,0.711,0,0,0.0385,0,0,0.0462,0.1969,0.0462,,,B,◎,,0.1102,0.681,,0.7363,A,79,0,◎-○軸 3着3〜4艇流し（10〜15点）,0.5777,"{'is_target': True, 'verdict': '点数絞り', 'max_combo_prob': 0.1433, 'est_top_odds': 9.3, 'circle_concentration': 74.5, 'eligible_count': 8, 'bet_adj': 0, 'reason': 'rel_win1=66.5%（本命度） / 最有力組み合わせ確率: 0.143（推定実オッズ?9倍） / 2着集中度: 上位2艇 74.5%（補正+0.04） / 総合判定確率: 0.183 / → ヒモはやや固め。上位2艇以外を切ること', 'tenji_trigger': '展示確認: 1号艇伸び良→そのまま採用。悪→飛び組に差し替え。circle_pct上位2艇に絞り込むこと。\n展示で1号艇スタート超安定(0.125秒)→ヒモ固まり方向に注意'}",,,26.8,逃げ狙い,12.39,29.4,2,,,,,,,,,,,
2026-03-31,丸亀,8,6,堀内亜海,B2,19.53,6,,1.0265,0.4,14,0,0.2205,4.7951,,,0,低,39,0,-,6,0,24.5,0.6106,,,,,,,,,,,E,,,0.1384,0.4305,,0.7363,A,79,0,◎-○軸 3着3〜4艇流し（10〜15点）,0.5777,"{'is_target': True, 'verdict': '点数絞り', 'max_combo_prob': 0.1433, 'est_top_odds': 9.3, 'circle_concentration': 74.5, 'eligible_count': 8, 'bet_adj': 0, 'reason': 'rel_win1=66.5%（本命度） / 最有力組み合わせ確率: 0.143（推定実オッズ?9倍） / 2着集中度: 上位2艇 74.5%（補正+0.04） / 総合判定確率: 0.183 / → ヒモはやや固め。上位2艇以外を切ること', 'tenji_trigger': '展示確認: 1号艇伸び良→そのまま採用。悪→飛び組に差し替え。circle_pct上位2艇に絞り込むこと。\n展示で1号艇スタート超安定(0.125秒)→ヒモ固まり方向に注意'}",,,26.8,逃げ狙い,12.39,29.4,2,,,,,,,,,,,
2026-03-31,丸亀,9,1,前野竜一,A2,23.14,1,◎,56.6605,,0,86.4,0.1652,3.0076,,,0,低,115,0,逃1%,6,0,86.2,1.1107,0.5667,,,,,0.0133,0.2267,0.1067,◎,,D,△,,,0.5985,,0.4542,A,75,0,◎-○軸 3着3〜4艇流し（10〜15点）,0.5777,"{'is_target': True, 'verdict': '点数絞り', 'max_combo_prob': 0.1033, 'est_top_odds': 12.9, 'circle_concentration': 84.6, 'eligible_count': 8, 'bet_adj': 0, 'reason': 'rel_win1=56.7%（本命度） / 最有力組み合わせ確率: 0.103（推定実オッズ?13倍） / 2着集中度: 上位2艇 84.6%（補正+0.04） / 総合判定確率: 0.143 / → ヒモはやや固め。上位2艇以外を切ること', 'tenji_trigger': '展示確認: 1号艇伸び良→そのまま採用。悪→飛び組に差し替え。circle_pct上位2艇に絞り込むこと。'}",,,28.4,逃げ狙い,16.73,30.2,2,,,,,0,0,0.7559,0,,逃げ軸流し,A
2026-03-31,丸亀,9,2,小坂尚哉,A1,38.89,2,○,14.2785,49.6,86,85.5,0.1493,2.7364,,,0,低,81,0,差0% ま0%,13,0,61.7,1.1971,0,0.0833,0.125,0,0,0.0488,0.0488,0.0976,,◎,B,◎,,0.4847,0.657,,0.4542,A,75,0,◎-○軸 3着3〜4艇流し（10〜15点）,0.5777,"{'is_target': True, 'verdict': '点数絞り', 'max_combo_prob': 0.1033, 'est_top_odds': 12.9, 'circle_concentration': 84.6, 'eligible_count': 8, 'bet_adj': 0, 'reason': 'rel_win1=56.7%（本命度） / 最有力組み合わせ確率: 0.103（推定実オッズ?13倍） / 2着集中度: 上位2艇 84.6%（補正+0.04） / 総合判定確率: 0.143 / → ヒモはやや固め。上位2艇以外を切ること', 'tenji_trigger': '展示確認: 1号艇伸び良→そのまま採用。悪→飛び組に差し替え。circle_pct上位2艇に絞り込むこと。'}",,,28.4,逃げ狙い,16.73,30.2,2,,,,,,,,,,,
2026-03-31,丸亀,9,3,津久井拓,A2,35.59,3,▲,12.168,35,68,63.1,0.1395,2.7154,,,0,低,129,0,ま0% 抜0%,35,0,53.3,1.1963,0,0,0.0645,0,0.0645,0.0324,0.1722,0.2039,,○,C,○,,0.4377,0.6415,,0.4542,A,75,0,◎-○軸 3着3〜4艇流し（10〜15点）,0.5777,"{'is_target': True, 'verdict': '点数絞り', 'max_combo_prob': 0.1033, 'est_top_odds': 12.9, 'circle_concentration': 84.6, 'eligible_count': 8, 'bet_adj': 0, 'reason': 'rel_win1=56.7%（本命度） / 最有力組み合わせ確率: 0.103（推定実オッズ?13倍） / 2着集中度: 上位2艇 84.6%（補正+0.04） / 総合判定確率: 0.143 / → ヒモはやや固め。上位2艇以外を切ること', 'tenji_trigger': '展示確認: 1号艇伸び良→そのまま採用。悪→飛び組に差し替え。circle_pct上位2艇に絞り込むこと。'}",,,28.4,逃げ狙い,16.73,30.2,2,,,,,,,,,,,
2026-03-31,丸亀,9,4,島田一生,B1,28.81,4,,8.1627,6.2,100,44.6,0.157,3.2768,,,0,低,101,0,差0% ま0%,5,0,43.6,0.9589,0,0.0833,0.0833,0,0,0.1905,0.2857,0.0476,,,D,,◎,0.367,0.569,0.3603,0.4542,A,75,0,◎-○軸 3着3〜4艇流し（10〜15点）,0.5777,"{'is_target': True, 'verdict': '点数絞り', 'max_combo_prob': 0.1033, 'est_top_odds': 12.9, 'circle_concentration': 84.6, 'eligible_count': 8, 'bet_adj': 0, 'reason': 'rel_win1=56.7%（本命度） / 最有力組み合わせ確率: 0.103（推定実オッズ?13倍） / 2着集中度: 上位2艇 84.6%（補正+0.04） / 総合判定確率: 0.143 / → ヒモはやや固め。上位2艇以外を切ること', 'tenji_trigger': '展示確認: 1号艇伸び良→そのまま採用。悪→飛び組に差し替え。circle_pct上位2艇に絞り込むこと。'}",,,28.4,逃げ狙い,16.73,30.2,2,,,,,,,,,,,
2026-03-31,丸亀,9,5,関野　文,A2,20.66,5,,7.5536,8.6,60,36,0.1596,3.34,,,0,低,58,0,差0% ま0%,21,0,60.1,1.1445,0,0.0769,0.0769,0,0,0.0932,0.0727,0.2409,,,E,△,,0.3502,0.6135,,0.4542,A,75,0,◎-○軸 3着3〜4艇流し（10〜15点）,0.5777,"{'is_target': True, 'verdict': '点数絞り', 'max_combo_prob': 0.1033, 'est_top_odds': 12.9, 'circle_concentration': 84.6, 'eligible_count': 8, 'bet_adj': 0, 'reason': 'rel_win1=56.7%（本命度） / 最有力組み合わせ確率: 0.103（推定実オッズ?13倍） / 2着集中度: 上位2艇 84.6%（補正+0.04） / 総合判定確率: 0.143 / → ヒモはやや固め。上位2艇以外を切ること', 'tenji_trigger': '展示確認: 1号艇伸び良→そのまま採用。悪→飛び組に差し替え。circle_pct上位2艇に絞り込むこと。'}",,,28.4,逃げ狙い,16.73,30.2,2,,,,,,,,,,,
2026-03-31,丸亀,9,6,中野和裕,B1,43.65,6,△,1.1768,0.6,44,15.2,0.202,4.4457,,,0,低,136,0,-,3,0,27.6,0.8178,,,,,,0.2667,0.3111,0.3333,,,A,,,0.2286,0.559,,0.4542,A,75,0,◎-○軸 3着3〜4艇流し（10〜15点）,0.5777,"{'is_target': True, 'verdict': '点数絞り', 'max_combo_prob': 0.1033, 'est_top_odds': 12.9, 'circle_concentration': 84.6, 'eligible_count': 8, 'bet_adj': 0, 'reason': 'rel_win1=56.7%（本命度） / 最有力組み合わせ確率: 0.103（推定実オッズ?13倍） / 2着集中度: 上位2艇 84.6%（補正+0.04） / 総合判定確率: 0.143 / → ヒモはやや固め。上位2艇以外を切ること', 'tenji_trigger': '展示確認: 1号艇伸び良→そのまま採用。悪→飛び組に差し替え。circle_pct上位2艇に絞り込むこと。'}",,,28.4,逃げ狙い,16.73,30.2,2,,,,,,,,,,,
2026-03-31,丸亀,10,1,篠田優也,A2,22.13,1,◎,45.9997,,0,95.3,0.1492,3.0078,,,0,低,73,0,逃1%,43,0,64.6,0.9837,0.6562,,,,,0.1125,0.1375,0.1125,◎,,E,○,,,0.6415,,0.4778,A,61,0,◎-○軸 3着3〜4艇流し（10〜15点）,0.5777,"{'is_target': True, 'verdict': '参加推奨', 'max_combo_prob': 0.0659, 'est_top_odds': 20.2, 'circle_concentration': 75.6, 'eligible_count': 8, 'bet_adj': 2, 'reason': 'rel_win1=46.0%（本命度） / 最有力組み合わせ確率: 0.066（推定実オッズ?20倍） / 2着集中度: 上位2艇 75.6%（補正+0.04） / 総合判定確率: 0.106 / → ヒモ分散。1号艇1着固定で広めのヒモ流し推奨（買い目+2点）', 'tenji_trigger': '展示確認: ヒモ分散レース。1号艇伸び確認後、広めのヒモ流しを採用。穴ヒモ（5・6号艇）を積極的に含める。'}",,,33.6,両建て推奨,35.3,29.2,2,,,,,0,0,0.7559,0,,逃げ軸流し,A
2026-03-31,丸亀,10,2,松田祐季,A1,40.63,2,○,20.4326,37.5,100,85.4,0.1766,3.5488,,,0,低,87,0,-,44,0,85.3,1.6784,0,0.2632,0.1579,0,0,0.0986,0.0258,0.0258,,,A,△,,0.126,0.6335,,0.4778,A,61,0,◎-○軸 3着3〜4艇流し（10〜15点）,0.5777,"{'is_target': True, 'verdict': '参加推奨', 'max_combo_prob': 0.0659, 'est_top_odds': 20.2, 'circle_concentration': 75.6, 'eligible_count': 8, 'bet_adj': 2, 'reason': 'rel_win1=46.0%（本命度） / 最有力組み合わせ確率: 0.066（推定実オッズ?20倍） / 2着集中度: 上位2艇 75.6%（補正+0.04） / 総合判定確率: 0.106 / → ヒモ分散。1号艇1着固定で広めのヒモ流し推奨（買い目+2点）', 'tenji_trigger': '展示確認: ヒモ分散レース。1号艇伸び確認後、広めのヒモ流しを採用。穴ヒモ（5・6号艇）を積極的に含める。'}",,,33.6,両建て推奨,35.3,29.2,2,,,,,,,,,,,
2026-03-31,丸亀,10,3,高井雄基,A2,28.30,3,,8.0308,12.6,69,51.5,0.1748,3.9848,,,0,低,86,0,-,4,0,26.9,0.914,0,0,0.2353,0,0,0,0.0889,0.0444,,,D,,,0.2194,0.579,,0.4778,A,61,0,◎-○軸 3着3〜4艇流し（10〜15点）,0.5777,"{'is_target': True, 'verdict': '参加推奨', 'max_combo_prob': 0.0659, 'est_top_odds': 20.2, 'circle_concentration': 75.6, 'eligible_count': 8, 'bet_adj': 2, 'reason': 'rel_win1=46.0%（本命度） / 最有力組み合わせ確率: 0.066（推定実オッズ?20倍） / 2着集中度: 上位2艇 75.6%（補正+0.04） / 総合判定確率: 0.106 / → ヒモ分散。1号艇1着固定で広めのヒモ流し推奨（買い目+2点）', 'tenji_trigger': '展示確認: ヒモ分散レース。1号艇伸び確認後、広めのヒモ流しを採用。穴ヒモ（5・6号艇）を積極的に含める。'}",,,33.6,両建て推奨,35.3,29.2,2,,,,,,,,,,,
2026-03-31,丸亀,10,4,高倉和士,A1,29.23,4,▲,15.3153,38.1,57,82,0.1123,2.3718,,,0,低,42,0,ま0% 差ま0%,25,0,93.6,1.7457,0,0,0.0588,0.1765,0,0.0114,0.0343,0.2936,,◎,D,◎,◎,0.4783,0.673,0.5395,0.4778,A,61,0,◎-○軸 3着3〜4艇流し（10〜15点）,0.5777,"{'is_target': True, 'verdict': '参加推奨', 'max_combo_prob': 0.0659, 'est_top_odds': 20.2, 'circle_concentration': 75.6, 'eligible_count': 8, 'bet_adj': 2, 'reason': 'rel_win1=46.0%（本命度） / 最有力組み合わせ確率: 0.066（推定実オッズ?20倍） / 2着集中度: 上位2艇 75.6%（補正+0.04） / 総合判定確率: 0.106 / → ヒモ分散。1号艇1着固定で広めのヒモ流し推奨（買い目+2点）', 'tenji_trigger': '展示確認: ヒモ分散レース。1号艇伸び確認後、広めのヒモ流しを採用。穴ヒモ（5・6号艇）を積極的に含める。'}",,,33.6,両建て推奨,35.3,29.2,2,,,,,,,,,,,
2026-03-31,丸亀,10,5,垂水　悠,B1,33.06,5,△,9.3976,10.1,58,43.2,0.1159,2.3243,,,0,低,36,0,ま0% 差ま0%,1,0,67.3,1.3505,0,0,0.1176,0.1176,0,0.3077,0.2308,0.2308,,○,C,△,○,0.4404,0.632,0.4144,0.4778,A,61,0,◎-○軸 3着3〜4艇流し（10〜15点）,0.5777,"{'is_target': True, 'verdict': '参加推奨', 'max_combo_prob': 0.0659, 'est_top_odds': 20.2, 'circle_concentration': 75.6, 'eligible_count': 8, 'bet_adj': 2, 'reason': 'rel_win1=46.0%（本命度） / 最有力組み合わせ確率: 0.066（推定実オッズ?20倍） / 2着集中度: 上位2艇 75.6%（補正+0.04） / 総合判定確率: 0.106 / → ヒモ分散。1号艇1着固定で広めのヒモ流し推奨（買い目+2点）', 'tenji_trigger': '展示確認: ヒモ分散レース。1号艇伸び確認後、広めのヒモ流しを採用。穴ヒモ（5・6号艇）を積極的に含める。'}",,,33.6,両建て推奨,35.3,29.2,2,,,,,,,,,,,
2026-03-31,丸亀,10,6,井川大作,B1,33.86,6,,0.8239,1.7,39,15.4,0.191,3.9327,,,0,低,89,0,-,1,0,30.4,0.7867,,,,,,0.3033,0.0933,0.2633,,,B,,,0.197,0.617,,0.4778,A,61,0,◎-○軸 3着3〜4艇流し（10〜15点）,0.5777,"{'is_target': True, 'verdict': '参加推奨', 'max_combo_prob': 0.0659, 'est_top_odds': 20.2, 'circle_concentration': 75.6, 'eligible_count': 8, 'bet_adj': 2, 'reason': 'rel_win1=46.0%（本命度） / 最有力組み合わせ確率: 0.066（推定実オッズ?20倍） / 2着集中度: 上位2艇 75.6%（補正+0.04） / 総合判定確率: 0.106 / → ヒモ分散。1号艇1着固定で広めのヒモ流し推奨（買い目+2点）', 'tenji_trigger': '展示確認: ヒモ分散レース。1号艇伸び確認後、広めのヒモ流しを採用。穴ヒモ（5・6号艇）を積極的に含める。'}",,,33.6,両建て推奨,35.3,29.2,2,,,,,,,,,,,
2026-03-31,丸亀,11,1,小野達哉,A1,33.06,1,◎,57.0889,,0,92.9,0.1504,2.9192,,,0,低,87,0,逃1%,56,0,74.9,0.9991,0.8095,,,,,0.0095,0.0286,0.0286,◎,,C,◎,,,0.6745,,0.572,S,84,0,◎1着固定 2-3着流し（5〜8点）,0.5777,"{'is_target': True, 'verdict': '点数絞り', 'max_combo_prob': 0.0929, 'est_top_odds': 14.4, 'circle_concentration': 75.8, 'eligible_count': 6, 'bet_adj': 0, 'reason': 'rel_win1=57.1%（本命度） / 最有力組み合わせ確率: 0.093（推定実オッズ?14倍） / 2着集中度: 上位2艇 75.8%（補正+0.04） / 総合判定確率: 0.133 / → ヒモはやや固め。上位2艇以外を切ること', 'tenji_trigger': '展示確認: 1号艇伸び良→そのまま採用。悪→飛び組に差し替え。circle_pct上位2艇に絞り込むこと。'}",,,28.3,逃げ狙い,23.84,23.9,2,,,,,0,0,0.7559,0,,逃げ軸流し,A
2026-03-31,丸亀,11,2,島村隆幸,A1,48.33,2,○,21.1184,44.9,71,91.3,0.1483,2.6087,,,0,低,37,0,差0% ま0% 抜0%,11,0,87.3,1.5152,0,0.2857,0.0714,0,0.0714,0.05,0.05,0.1,,◎,A,△,,0.3839,0.6615,,0.572,S,84,0,◎1着固定 2-3着流し（5〜8点）,0.5777,"{'is_target': True, 'verdict': '点数絞り', 'max_combo_prob': 0.0929, 'est_top_odds': 14.4, 'circle_concentration': 75.8, 'eligible_count': 6, 'bet_adj': 0, 'reason': 'rel_win1=57.1%（本命度） / 最有力組み合わせ確率: 0.093（推定実オッズ?14倍） / 2着集中度: 上位2艇 75.8%（補正+0.04） / 総合判定確率: 0.133 / → ヒモはやや固め。上位2艇以外を切ること', 'tenji_trigger': '展示確認: 1号艇伸び良→そのまま採用。悪→飛び組に差し替え。circle_pct上位2艇に絞り込むこと。'}",,,28.3,逃げ狙い,23.84,23.9,2,,,,,,,,,,,
2026-03-31,丸亀,11,3,北川潤二,A2,25.20,3,△,7.8937,30.9,62,63.2,0.1367,2.6382,,,0,低,54,0,-,42,0,22.5,0.7079,0,0,0.0556,0,0,0.0848,0.1348,0.0435,,,D,○,,0.3476,0.673,,0.572,S,84,0,◎1着固定 2-3着流し（5〜8点）,0.5777,"{'is_target': True, 'verdict': '点数絞り', 'max_combo_prob': 0.0929, 'est_top_odds': 14.4, 'circle_concentration': 75.8, 'eligible_count': 6, 'bet_adj': 0, 'reason': 'rel_win1=57.1%（本命度） / 最有力組み合わせ確率: 0.093（推定実オッズ?14倍） / 2着集中度: 上位2艇 75.8%（補正+0.04） / 総合判定確率: 0.133 / → ヒモはやや固め。上位2艇以外を切ること', 'tenji_trigger': '展示確認: 1号艇伸び良→そのまま採用。悪→飛び組に差し替え。circle_pct上位2艇に絞り込むこと。'}",,,28.3,逃げ狙い,23.84,23.9,2,,,,,,,,,,,
2026-03-31,丸亀,11,4,原村拓也,B1,40.80,4,,7.6787,10,100,50.7,0.1842,3.7536,,,0,低,159,0,差0%,4,0,66,0.9149,0,0.0286,0,0,0.0571,0.3114,0.1257,0.02,,,B,,◎,0.148,0.5855,0.2219,0.572,S,84,0,◎1着固定 2-3着流し（5〜8点）,0.5777,"{'is_target': True, 'verdict': '点数絞り', 'max_combo_prob': 0.0929, 'est_top_odds': 14.4, 'circle_concentration': 75.8, 'eligible_count': 6, 'bet_adj': 0, 'reason': 'rel_win1=57.1%（本命度） / 最有力組み合わせ確率: 0.093（推定実オッズ?14倍） / 2着集中度: 上位2艇 75.8%（補正+0.04） / 総合判定確率: 0.133 / → ヒモはやや固め。上位2艇以外を切ること', 'tenji_trigger': '展示確認: 1号艇伸び良→そのまま採用。悪→飛び組に差し替え。circle_pct上位2艇に絞り込むこと。'}",,,28.3,逃げ狙い,23.84,23.9,2,,,,,,,,,,,
2026-03-31,丸亀,11,5,山田亮太,A2,42.06,5,▲,4.5179,12.7,76,55.8,0.156,2.9808,,,0,低,92,0,差ま0%,1,0,84.9,1.4748,0,0,0,0.087,0,0.1058,0.0308,0.0615,,,B,,,0.2782,0.642,,0.572,S,84,0,◎1着固定 2-3着流し（5〜8点）,0.5777,"{'is_target': True, 'verdict': '点数絞り', 'max_combo_prob': 0.0929, 'est_top_odds': 14.4, 'circle_concentration': 75.8, 'eligible_count': 6, 'bet_adj': 0, 'reason': 'rel_win1=57.1%（本命度） / 最有力組み合わせ確率: 0.093（推定実オッズ?14倍） / 2着集中度: 上位2艇 75.8%（補正+0.04） / 総合判定確率: 0.133 / → ヒモはやや固め。上位2艇以外を切ること', 'tenji_trigger': '展示確認: 1号艇伸び良→そのまま採用。悪→飛び組に差し替え。circle_pct上位2艇に絞り込むこと。'}",,,28.3,逃げ狙い,23.84,23.9,2,,,,,,,,,,,
2026-03-31,丸亀,11,6,松本博昭,A2,22.88,6,,1.7023,1.5,38,31.9,0.1861,4.1812,,,0,低,179,0,差ま0%,2,0,39.9,1.2969,0,0,0,0.037,0,0.1237,0.0157,0.1472,,,E,△,,0.1683,0.6525,,0.572,S,84,0,◎1着固定 2-3着流し（5〜8点）,0.5777,"{'is_target': True, 'verdict': '点数絞り', 'max_combo_prob': 0.0929, 'est_top_odds': 14.4, 'circle_concentration': 75.8, 'eligible_count': 6, 'bet_adj': 0, 'reason': 'rel_win1=57.1%（本命度） / 最有力組み合わせ確率: 0.093（推定実オッズ?14倍） / 2着集中度: 上位2艇 75.8%（補正+0.04） / 総合判定確率: 0.133 / → ヒモはやや固め。上位2艇以外を切ること', 'tenji_trigger': '展示確認: 1号艇伸び良→そのまま採用。悪→飛び組に差し替え。circle_pct上位2艇に絞り込むこと。'}",,,28.3,逃げ狙い,23.84,23.9,2,,,,,,,,,,,
2026-03-31,丸亀,12,1,永井彪也,A1,30.23,1,◎,57.2801,,0,88.1,0.1583,3.0238,,,0,低,28,0,逃1%,52,0,87.4,1.1307,0.7619,,,,,0,0,0.2762,◎,,B,◎,,,0.7025,,0.5028,S,100,0,◎1着固定 2-3着流し（5〜8点）,0.5777,"{'is_target': True, 'verdict': '点数絞り', 'max_combo_prob': 0.093, 'est_top_odds': 14.3, 'circle_concentration': 72.6, 'eligible_count': 6, 'bet_adj': 0, 'reason': 'rel_win1=57.3%（本命度） / 最有力組み合わせ確率: 0.093（推定実オッズ?14倍） / 2着集中度: 上位2艇 72.6%（補正+0.04） / 総合判定確率: 0.133 / → ヒモはやや固め。上位2艇以外を切ること', 'tenji_trigger': '展示確認: 1号艇伸び良→そのまま採用。悪→飛び組に差し替え。circle_pct上位2艇に絞り込むこと。'}",,,28.5,逃げ狙い,23.78,24.7,3,,,,,0,0,0.7559,0,,逃げ軸流し,A
2026-03-31,丸亀,12,2,富永修一,A1,25.21,2,△,12.2191,42.2,66,70.2,0.1387,2.75,,,0,低,92,0,差0%,1,0,38,0.9221,0,0.2632,0.0263,0,0,0.1257,0.1257,0.1124,,◎,D,△,,0.5558,0.6455,,0.5028,S,100,0,◎1着固定 2-3着流し（5〜8点）,0.5777,"{'is_target': True, 'verdict': '点数絞り', 'max_combo_prob': 0.093, 'est_top_odds': 14.3, 'circle_concentration': 72.6, 'eligible_count': 6, 'bet_adj': 0, 'reason': 'rel_win1=57.3%（本命度） / 最有力組み合わせ確率: 0.093（推定実オッズ?14倍） / 2着集中度: 上位2艇 72.6%（補正+0.04） / 総合判定確率: 0.133 / → ヒモはやや固め。上位2艇以外を切ること', 'tenji_trigger': '展示確認: 1号艇伸び良→そのまま採用。悪→飛び組に差し替え。circle_pct上位2艇に絞り込むこと。'}",,,28.5,逃げ狙い,23.78,24.7,3,,,,,,,,,,,
2026-03-31,丸亀,12,3,深井利寿,A2,34.43,3,○,15.7953,30.4,40,76.5,0.1722,3.2647,,,0,低,120,0,差ま1%,22,0,49.4,1.184,0,0,0.1538,0.1154,0,0.0129,0.1062,0.2123,,,B,,,0.2437,0.605,,0.5028,S,100,0,◎1着固定 2-3着流し（5〜8点）,0.5777,"{'is_target': True, 'verdict': '点数絞り', 'max_combo_prob': 0.093, 'est_top_odds': 14.3, 'circle_concentration': 72.6, 'eligible_count': 6, 'bet_adj': 0, 'reason': 'rel_win1=57.3%（本命度） / 最有力組み合わせ確率: 0.093（推定実オッズ?14倍） / 2着集中度: 上位2艇 72.6%（補正+0.04） / 総合判定確率: 0.133 / → ヒモはやや固め。上位2艇以外を切ること', 'tenji_trigger': '展示確認: 1号艇伸び良→そのまま採用。悪→飛び組に差し替え。circle_pct上位2艇に絞り込むこと。'}",,,28.5,逃げ狙い,23.78,24.7,3,,,,,,,,,,,
2026-03-31,丸亀,12,4,宮下元胤,A1,30.00,4,▲,6.8074,16.4,100,58.3,0.1718,4.1,,,0,低,126,0,-,24,0,32.3,0.8166,0,0,0.15,0.1,0,0.1767,0.1283,0.115,,,C,○,◎,0.2664,0.6615,0.3477,0.5028,S,100,0,◎1着固定 2-3着流し（5〜8点）,0.5777,"{'is_target': True, 'verdict': '点数絞り', 'max_combo_prob': 0.093, 'est_top_odds': 14.3, 'circle_concentration': 72.6, 'eligible_count': 6, 'bet_adj': 0, 'reason': 'rel_win1=57.3%（本命度） / 最有力組み合わせ確率: 0.093（推定実オッズ?14倍） / 2着集中度: 上位2艇 72.6%（補正+0.04） / 総合判定確率: 0.133 / → ヒモはやや固め。上位2艇以外を切ること', 'tenji_trigger': '展示確認: 1号艇伸び良→そのまま採用。悪→飛び組に差し替え。circle_pct上位2艇に絞り込むこと。'}",,,28.5,逃げ狙い,23.78,24.7,3,,,,,,,,,,,
2026-03-31,丸亀,12,5,林　祐介,A2,27.91,5,,3.7237,7.2,82,51.7,0.1595,3.4224,,,0,低,103,0,-,3,0,70.9,1.2976,0,0,0,0.0435,0,0.0154,0.1615,0.2923,,,D,△,,0.2758,0.6605,,0.5028,S,100,0,◎1着固定 2-3着流し（5〜8点）,0.5777,"{'is_target': True, 'verdict': '点数絞り', 'max_combo_prob': 0.093, 'est_top_odds': 14.3, 'circle_concentration': 72.6, 'eligible_count': 6, 'bet_adj': 0, 'reason': 'rel_win1=57.3%（本命度） / 最有力組み合わせ確率: 0.093（推定実オッズ?14倍） / 2着集中度: 上位2艇 72.6%（補正+0.04） / 総合判定確率: 0.133 / → ヒモはやや固め。上位2艇以外を切ること', 'tenji_trigger': '展示確認: 1号艇伸び良→そのまま採用。悪→飛び組に差し替え。circle_pct上位2艇に絞り込むこと。'}",,,28.5,逃げ狙い,23.78,24.7,3,,,,,,,,,,,
2026-03-31,丸亀,12,6,樋口　亮,A2,27.50,6,,4.1745,3.8,38,21.7,0.2027,4.2333,,,0,低,133,0,-,4,0,25.6,0.8058,0,0,0.0345,0.069,0,0.2161,0.0805,0.0276,,,D,,,0.1522,0.601,,0.5028,S,100,0,◎1着固定 2-3着流し（5〜8点）,0.5777,"{'is_target': True, 'verdict': '点数絞り', 'max_combo_prob': 0.093, 'est_top_odds': 14.3, 'circle_concentration': 72.6, 'eligible_count': 6, 'bet_adj': 0, 'reason': 'rel_win1=57.3%（本命度） / 最有力組み合わせ確率: 0.093（推定実オッズ?14倍） / 2着集中度: 上位2艇 72.6%（補正+0.04） / 総合判定確率: 0.133 / → ヒモはやや固め。上位2艇以外を切ること', 'tenji_trigger': '展示確認: 1号艇伸び良→そのまま採用。悪→飛び組に差し替え。circle_pct上位2艇に絞り込むこと。'}",,,28.5,逃げ狙い,23.78,24.7,3,,,,,,,,,,,
2026-04-01,丸亀,1,1,新田芳美,B1,41.27,1,◎,53.6036,,0,79.3,0.1603,3.0862,,,0,低,61,0,逃0%,145,0,83,1.0257,0.4667,,,,,0.08,0.0533,0.44,○,,B,◎,,,0.6255,,0.4009,A,61,0,◎-○軸 3着3〜4艇流し（10〜15点）,0.5777,"{'is_target': True, 'verdict': '参加推奨', 'max_combo_prob': 0.1092, 'est_top_odds': 12.2, 'circle_concentration': 69.4, 'eligible_count': 8, 'bet_adj': 2, 'reason': 'rel_win1=53.6%（本命度） / 最有力組み合わせ確率: 0.109（推定実オッズ?12倍） / 2着集中度: 上位2艇 69.4%（補正+0.00） / 総合判定確率: 0.109 / → ヒモ分散。1号艇1着固定で広めのヒモ流し推奨（買い目+2点）', 'tenji_trigger': '展示確認: ヒモ分散レース。1号艇伸び確認後、広めのヒモ流しを採用。穴ヒモ（5・6号艇）を積極的に含める。'}",,,31.2,両建て推奨,24.62,31.6,4,,,,,0,0,0.6155,0,,逃げ軸流し,A
2026-04-01,丸亀,1,2,高田　綾,B1,35.48,2,▲,16.6494,25.2,100,61.9,0.189,4.4762,,,0,低,47,0,差0%,6 14,0,44,0.9312,0,0.1333,0.0667,0,0,0,0.1538,0.2308,,,C,△,,0.0782,0.5525,,0.4009,A,61,0,◎-○軸 3着3〜4艇流し（10〜15点）,0.5777,"{'is_target': True, 'verdict': '参加推奨', 'max_combo_prob': 0.1092, 'est_top_odds': 12.2, 'circle_concentration': 69.4, 'eligible_count': 8, 'bet_adj': 2, 'reason': 'rel_win1=53.6%（本命度） / 最有力組み合わせ確率: 0.109（推定実オッズ?12倍） / 2着集中度: 上位2艇 69.4%（補正+0.00） / 総合判定確率: 0.109 / → ヒモ分散。1号艇1着固定で広めのヒモ流し推奨（買い目+2点）', 'tenji_trigger': '展示確認: ヒモ分散レース。1号艇伸び確認後、広めのヒモ流しを採用。穴ヒモ（5・6号艇）を積極的に含める。'}",,,31.2,両建て推奨,24.62,31.6,4,,,,,,,,,,,
2026-04-01,丸亀,1,3,犬童千秋,B1,28.46,3,△,10.2397,44.2,41,51.5,0.1373,3.0455,,,0,低,47,0,-,363,0,49.6,0.979,,,,,,0.3333,0.1111,0.1111,,○,D,○,,0.4249,0.593,,0.4009,A,61,0,◎-○軸 3着3〜4艇流し（10〜15点）,0.5777,"{'is_target': True, 'verdict': '参加推奨', 'max_combo_prob': 0.1092, 'est_top_odds': 12.2, 'circle_concentration': 69.4, 'eligible_count': 8, 'bet_adj': 2, 'reason': 'rel_win1=53.6%（本命度） / 最有力組み合わせ確率: 0.109（推定実オッズ?12倍） / 2着集中度: 上位2艇 69.4%（補正+0.00） / 総合判定確率: 0.109 / → ヒモ分散。1号艇1着固定で広めのヒモ流し推奨（買い目+2点）', 'tenji_trigger': '展示確認: ヒモ分散レース。1号艇伸び確認後、広めのヒモ流しを採用。穴ヒモ（5・6号艇）を積極的に含める。'}",,,31.2,両建て推奨,24.62,31.6,4,,,,,,,,,,,
2026-04-01,丸亀,1,4,松本　怜,B1,51.61,4,○,13.4362,22.1,60,45.5,0.1841,4.0909,,,0,低,54,0,-,465,0,25.1,0.5719,,,,,,0,0.5,0.25,,,A,△,,0.2174,0.572,,0.4009,A,61,0,◎-○軸 3着3〜4艇流し（10〜15点）,0.5777,"{'is_target': True, 'verdict': '参加推奨', 'max_combo_prob': 0.1092, 'est_top_odds': 12.2, 'circle_concentration': 69.4, 'eligible_count': 8, 'bet_adj': 2, 'reason': 'rel_win1=53.6%（本命度） / 最有力組み合わせ確率: 0.109（推定実オッズ?12倍） / 2着集中度: 上位2艇 69.4%（補正+0.00） / 総合判定確率: 0.109 / → ヒモ分散。1号艇1着固定で広めのヒモ流し推奨（買い目+2点）', 'tenji_trigger': '展示確認: ヒモ分散レース。1号艇伸び確認後、広めのヒモ流しを採用。穴ヒモ（5・6号艇）を積極的に含める。'}",,,31.2,両建て推奨,24.62,31.6,4,,,,,,,,,,,
2026-04-01,丸亀,1,5,小畑楓夏,B2,26.89,5,,5.0394,8.1,45,0,0.1162,2.5625,,,0,低,40,1,-,656,0,38.5,0.6862,,,,,,,,,,◎,D,,,0.4503,0.4095,,0.4009,A,61,0,◎-○軸 3着3〜4艇流し（10〜15点）,0.5777,"{'is_target': True, 'verdict': '参加推奨', 'max_combo_prob': 0.1092, 'est_top_odds': 12.2, 'circle_concentration': 69.4, 'eligible_count': 8, 'bet_adj': 2, 'reason': 'rel_win1=53.6%（本命度） / 最有力組み合わせ確率: 0.109（推定実オッズ?12倍） / 2着集中度: 上位2艇 69.4%（補正+0.00） / 総合判定確率: 0.109 / → ヒモ分散。1号艇1着固定で広めのヒモ流し推奨（買い目+2点）', 'tenji_trigger': '展示確認: ヒモ分散レース。1号艇伸び確認後、広めのヒモ流しを採用。穴ヒモ（5・6号艇）を積極的に含める。'}",,,31.2,両建て推奨,24.62,31.6,4,,,,,,,,,,,
2026-04-01,丸亀,1,6,堀内亜海,B2,19.53,6,,1.0318,0.4,12,0,0.2205,4.7951,,,0,低,39,0,-,6 66,0,21.4,0.5706,,,,,,,,,,,E,,,0.135,0.4305,,0.4009,A,61,0,◎-○軸 3着3〜4艇流し（10〜15点）,0.5777,"{'is_target': True, 'verdict': '参加推奨', 'max_combo_prob': 0.1092, 'est_top_odds': 12.2, 'circle_concentration': 69.4, 'eligible_count': 8, 'bet_adj': 2, 'reason': 'rel_win1=53.6%（本命度） / 最有力組み合わせ確率: 0.109（推定実オッズ?12倍） / 2着集中度: 上位2艇 69.4%（補正+0.00） / 総合判定確率: 0.109 / → ヒモ分散。1号艇1着固定で広めのヒモ流し推奨（買い目+2点）', 'tenji_trigger': '展示確認: ヒモ分散レース。1号艇伸び確認後、広めのヒモ流しを採用。穴ヒモ（5・6号艇）を積極的に含める。'}",,,31.2,両建て推奨,24.62,31.6,4,,,,,,,,,,,
2026-04-01,丸亀,2,1,平岡重典,B1,26.05,1,◎,44.1019,,0,56.2,0.1819,3.7188,,,0,低,154,0,逃0%,6 26,0,43.3,0.7506,0.2857,,,,,0.1881,0.2643,0.0762,△,,C,△,,,0.6,,0.2202,D,33,1,大荒れ。見送り推奨,0.5777,"{'is_target': False, 'verdict': '対象外', 'max_combo_prob': None, 'est_top_odds': None, 'circle_concentration': None, 'eligible_count': 0, 'bet_adj': 0, 'reason': '1号艇rel_win1 < 45%: 通常判定に委ねる', 'tenji_trigger': ''}",,,36.3,両建て推奨,18.61,37,3,2-1-3|2-1-4|1-2-4|1-2-3|1-3-4|1-4-2|1-4-3,6-1-4|2-1-3|6-4-1|6-1-3|2-1-4|5-1-6|6-4-3|1-2-4|1-2-3|1-3-4|1-4-2|1-4-3,2-1-3:2.67%|2-1-4:2.36%|1-2-4:8.82%|1-2-3:7.06%|1-3-4:5.81%|1-4-2:5.21%|1-4-3:4.95%,2-1-3:B_main|2-1-4:B_main|1-2-4:A|1-2-3:A|1-3-4:A|1-4-2:A|1-4-3:A,7,12,0.4535,1,[!]見送り推奨（主役決まり手「差し」― 逃げ劣勢レースで的中実績なし）,荒れ広め,D
2026-04-01,丸亀,2,2,酒井俊弘,B1,21.49,2,,10.6995,36.7,63,44.4,0.1464,3.5111,,,0,低,62,0,差0%,432,0,65,0.7522,0,0.0476,0,0,0,0.0167,0.4167,0.25,,◎,E,△,,0.5875,0.6165,,0.2202,D,33,1,大荒れ。見送り推奨,0.5777,"{'is_target': False, 'verdict': '対象外', 'max_combo_prob': None, 'est_top_odds': None, 'circle_concentration': None, 'eligible_count': 0, 'bet_adj': 0, 'reason': '1号艇rel_win1 < 45%: 通常判定に委ねる', 'tenji_trigger': ''}",,,36.3,両建て推奨,18.61,37,3,,,,,,,,,,,
2026-04-01,丸亀,2,3,小林京平,B1,35.34,3,○,25.8821,24.1,100,58.3,0.1825,3.9167,,,0,低,103,1,差0% ま0%,543,0,82.3,1.5525,0,0.0909,0.2727,0,0,0,0.1429,0.2857,,,A,,,0.3733,0.5405,,0.2202,D,33,1,大荒れ。見送り推奨,0.5777,"{'is_target': False, 'verdict': '対象外', 'max_combo_prob': None, 'est_top_odds': None, 'circle_concentration': None, 'eligible_count': 0, 'bet_adj': 0, 'reason': '1号艇rel_win1 < 45%: 通常判定に委ねる', 'tenji_trigger': ''}",,,36.3,両建て推奨,18.61,37,3,,,,,,,,,,,
2026-04-01,丸亀,2,4,北川潤二,A2,25.20,4,▲,13.2648,21.5,86,55.9,0.1297,2.2712,,,0,低,54,0,差0% ま0%,4242,0,36.6,0.8364,0,0.0303,0.0909,0,0,0.0848,0.1348,0.0435,,○,D,◎,◎,0.5078,0.673,0.427,0.2202,D,33,1,大荒れ。見送り推奨,0.5777,"{'is_target': False, 'verdict': '対象外', 'max_combo_prob': None, 'est_top_odds': None, 'circle_concentration': None, 'eligible_count': 0, 'bet_adj': 0, 'reason': '1号艇rel_win1 < 45%: 通常判定に委ねる', 'tenji_trigger': ''}",,,36.3,両建て推奨,18.61,37,3,,,,,,,,,,,
2026-04-01,丸亀,2,5,篠田優也,A2,22.13,5,,4.7059,16.4,72,50,0.148,3.087,,,0,低,73,0,-,4351,0,28.4,0.7205,0,0,0,0,0.0476,0.1125,0.1375,0.1125,,△,D,○,,0.4592,0.6415,,0.2202,D,33,1,大荒れ。見送り推奨,0.5777,"{'is_target': False, 'verdict': '対象外', 'max_combo_prob': None, 'est_top_odds': None, 'circle_concentration': None, 'eligible_count': 0, 'bet_adj': 0, 'reason': '1号艇rel_win1 < 45%: 通常判定に委ねる', 'tenji_trigger': ''}",,,36.3,両建て推奨,18.61,37,3,,,,,,,,,,,
2026-04-01,丸亀,2,6,貫地谷直,B1,27.42,6,△,1.3458,1.3,42,14,0.2379,5.3023,,,0,低,204,0,-,655,0,25,1.5733,,,,,,0.0571,0.6214,0.2643,,,C,,,0.1746,0.5725,,0.2202,D,33,1,大荒れ。見送り推奨,0.5777,"{'is_target': False, 'verdict': '対象外', 'max_combo_prob': None, 'est_top_odds': None, 'circle_concentration': None, 'eligible_count': 0, 'bet_adj': 0, 'reason': '1号艇rel_win1 < 45%: 通常判定に委ねる', 'tenji_trigger': ''}",,,36.3,両建て推奨,18.61,37,3,,,,,,,,,,,
2026-04-01,丸亀,3,1,藤田竜弘,B1,36.29,1,◎,47.6477,,0,76.9,0.1699,3.859,,,0,低,145,0,逃0%,261,0,73.2,0.9779,0.3548,,,,,0.3516,0.3161,0.0774,△,,B,◎,,,0.6755,,0.2686,A,64,0,◎-○軸 3着3〜4艇流し（10〜15点）,0.5777,"{'is_target': True, 'verdict': '参加推奨', 'max_combo_prob': 0.0594, 'est_top_odds': 22.5, 'circle_concentration': 70.0, 'eligible_count': 8, 'bet_adj': 2, 'reason': 'rel_win1=47.6%（本命度） / 最有力組み合わせ確率: 0.059（推定実オッズ?22倍） / 2着集中度: 上位2艇 70.0%（補正+0.00） / 総合判定確率: 0.059 / → ヒモ分散。1号艇1着固定で広めのヒモ流し推奨（買い目+2点）', 'tenji_trigger': '展示確認: ヒモ分散レース。1号艇伸び確認後、広めのヒモ流しを採用。穴ヒモ（5・6号艇）を積極的に含める。'}",,,27.5,両建て推奨,17.6,41.3,4,4-5-6|1-2-5|1-2-4|1-3-2|1-3-5|1-3-4,2-1-3|5-1-2|5-1-3|2-1-5|5-1-6|5-2-1|4-5-6|1-2-5|1-2-4|1-3-2|1-3-5|1-3-4,4-5-6:1.63%|1-2-5:7.46%|1-2-4:7.23%|1-3-2:6.39%|1-3-5:6.12%|1-3-4:5.93%,4-5-6:B_main|1-2-5:A|1-2-4:A|1-3-2:A|1-3-5:A|1-3-4:A,6,12,0.4535,1,[!]見送り推奨（主役決まり手「まくり」― 逃げ劣勢レースで的中実績なし）,荒れ広め,D
2026-04-01,丸亀,3,2,津久井拓,A2,35.59,2,▲,12.9903,36.4,100,67.1,0.1559,3.2329,,,0,低,129,0,差0% ま0%,3522,0,87.8,1.0843,0,0.0294,0.0882,0,0,0.0324,0.1722,0.2039,,○,C,△,,0.5054,0.6415,,0.2686,A,64,0,◎-○軸 3着3〜4艇流し（10〜15点）,0.5777,"{'is_target': True, 'verdict': '参加推奨', 'max_combo_prob': 0.0594, 'est_top_odds': 22.5, 'circle_concentration': 70.0, 'eligible_count': 8, 'bet_adj': 2, 'reason': 'rel_win1=47.6%（本命度） / 最有力組み合わせ確率: 0.059（推定実オッズ?22倍） / 2着集中度: 上位2艇 70.0%（補正+0.00） / 総合判定確率: 0.059 / → ヒモ分散。1号艇1着固定で広めのヒモ流し推奨（買い目+2点）', 'tenji_trigger': '展示確認: ヒモ分散レース。1号艇伸び確認後、広めのヒモ流しを採用。穴ヒモ（5・6号艇）を積極的に含める。'}",,,27.5,両建て推奨,17.6,41.3,4,,,,,,,,,,,
2026-04-01,丸亀,3,3,山田亮太,A2,42.06,3,○,14.4121,33.5,62,59.6,0.1662,3.4519,,,0,低,92,0,ま0% 差ま0%,1 14,0,63.3,1.2154,0,0,0.12,0.08,0,0.1058,0.0308,0.0615,,△,A,○,,0.3769,0.642,,0.2686,A,64,0,◎-○軸 3着3〜4艇流し（10〜15点）,0.5777,"{'is_target': True, 'verdict': '参加推奨', 'max_combo_prob': 0.0594, 'est_top_odds': 22.5, 'circle_concentration': 70.0, 'eligible_count': 8, 'bet_adj': 2, 'reason': 'rel_win1=47.6%（本命度） / 最有力組み合わせ確率: 0.059（推定実オッズ?22倍） / 2着集中度: 上位2艇 70.0%（補正+0.00） / 総合判定確率: 0.059 / → ヒモ分散。1号艇1着固定で広めのヒモ流し推奨（買い目+2点）', 'tenji_trigger': '展示確認: ヒモ分散レース。1号艇伸び確認後、広めのヒモ流しを採用。穴ヒモ（5・6号艇）を積極的に含める。'}",,,27.5,両建て推奨,17.6,41.3,4,,,,,,,,,,,
2026-04-01,丸亀,3,4,垂水　悠,B1,33.06,4,△,12.6021,9.9,73,50,0.1204,2.0893,,,0,低,36,0,ま0%,1 56,0,69.5,1.2036,0,0,0.2,0,0,0.3077,0.2308,0.2308,,◎,C,△,,0.5569,0.632,,0.2686,A,64,0,◎-○軸 3着3〜4艇流し（10〜15点）,0.5777,"{'is_target': True, 'verdict': '参加推奨', 'max_combo_prob': 0.0594, 'est_top_odds': 22.5, 'circle_concentration': 70.0, 'eligible_count': 8, 'bet_adj': 2, 'reason': 'rel_win1=47.6%（本命度） / 最有力組み合わせ確率: 0.059（推定実オッズ?22倍） / 2着集中度: 上位2艇 70.0%（補正+0.00） / 総合判定確率: 0.059 / → ヒモ分散。1号艇1着固定で広めのヒモ流し推奨（買い目+2点）', 'tenji_trigger': '展示確認: ヒモ分散レース。1号艇伸び確認後、広めのヒモ流しを採用。穴ヒモ（5・6号艇）を積極的に含める。'}",,,27.5,両建て推奨,17.6,41.3,4,,,,,,,,,,,
2026-04-01,丸亀,3,5,樋口　亮,A2,27.50,5,,9.0555,16.3,80,51.7,0.1731,3.7069,,,0,低,133,0,抜0%,4 34,0,61.6,1.5295,0,0,0,0,0.0909,0.2161,0.0805,0.0276,,,D,,◎,0.3442,0.601,0.3274,0.2686,A,64,0,◎-○軸 3着3〜4艇流し（10〜15点）,0.5777,"{'is_target': True, 'verdict': '参加推奨', 'max_combo_prob': 0.0594, 'est_top_odds': 22.5, 'circle_concentration': 70.0, 'eligible_count': 8, 'bet_adj': 2, 'reason': 'rel_win1=47.6%（本命度） / 最有力組み合わせ確率: 0.059（推定実オッズ?22倍） / 2着集中度: 上位2艇 70.0%（補正+0.00） / 総合判定確率: 0.059 / → ヒモ分散。1号艇1着固定で広めのヒモ流し推奨（買い目+2点）', 'tenji_trigger': '展示確認: ヒモ分散レース。1号艇伸び確認後、広めのヒモ流しを採用。穴ヒモ（5・6号艇）を積極的に含める。'}",,,27.5,両建て推奨,17.6,41.3,4,,,,,,,,,,,
2026-04-01,丸亀,3,6,柴田大輔,B1,25.41,6,,3.2923,3.8,19,15.6,0.2702,4.9222,,,0,低,176,0,-,366,0,30.2,0.6,0,0,0,0.0455,0,0.2769,0.2923,0.2769,,,E,,,0.1542,0.4955,,0.2686,A,64,0,◎-○軸 3着3〜4艇流し（10〜15点）,0.5777,"{'is_target': True, 'verdict': '参加推奨', 'max_combo_prob': 0.0594, 'est_top_odds': 22.5, 'circle_concentration': 70.0, 'eligible_count': 8, 'bet_adj': 2, 'reason': 'rel_win1=47.6%（本命度） / 最有力組み合わせ確率: 0.059（推定実オッズ?22倍） / 2着集中度: 上位2艇 70.0%（補正+0.00） / 総合判定確率: 0.059 / → ヒモ分散。1号艇1着固定で広めのヒモ流し推奨（買い目+2点）', 'tenji_trigger': '展示確認: ヒモ分散レース。1号艇伸び確認後、広めのヒモ流しを採用。穴ヒモ（5・6号艇）を積極的に含める。'}",,,27.5,両建て推奨,17.6,41.3,4,,,,,,,,,,,
2026-04-01,丸亀,4,1,山戸信二,B1,45.24,1,◎,46.1658,,0,65,0.1825,4.175,,,0,低,117,0,逃0%,3 34,0,83.9,1.0791,0.3333,,,,,0.4333,0.2167,0.0444,,,A,△,,,0.5985,,0.1563,B,50,0,◎○△フォーメーション（15〜20点）,0.5777,"{'is_target': True, 'verdict': '参加推奨', 'max_combo_prob': 0.0521, 'est_top_odds': 25.6, 'circle_concentration': 62.0, 'eligible_count': 9, 'bet_adj': 2, 'reason': 'rel_win1=46.2%（本命度） / 最有力組み合わせ確率: 0.052（推定実オッズ?26倍） / 2着集中度: 上位2艇 62.0%（補正+0.00） / 総合判定確率: 0.052 / → ヒモ分散。1号艇1着固定で広めのヒモ流し推奨（買い目+2点）', 'tenji_trigger': '展示確認: ヒモ分散レース。1号艇伸び確認後、広めのヒモ流しを採用。穴ヒモ（5・6号艇）を積極的に含める。\n展示で1号艇スタート遅め(0.182秒)確認→ヒモが荒れやすい'}",,,31.7,両建て推奨,12.19,43.7,4,4-5-6|4-6-5|4-5-1|4-3-6|4-3-5|4-5-3|4-6-1|1-3-5|1-3-2|1-2-5|1-4-5,4-5-6|4-6-5|4-5-1|4-3-6|4-3-5|4-5-3|4-6-1|1-3-5|1-3-2|1-2-5|2-1-3|1-4-5,4-5-6:2.85%|4-6-5:1.34%|4-5-1:1.21%|4-3-6:1.04%|4-3-5:1.01%|4-5-3:0.76%|4-6-1:0.59%|1-3-5:4.15%|1-3-2:3.8%|1-2-5:3.18%|1-4-5:3.07%,4-5-6:B_main|4-6-5:B_main|4-5-1:B_main|4-3-6:B_main|4-3-5:B_main|4-5-3:B_main|4-6-1:B_main|1-3-5:A|1-3-2:A|1-2-5:A|1-4-5:A,11,12,0.2915,1,[!]見送り推奨（主役決まり手「まくり」― 逃げ劣勢レースで的中実績なし）,主役軸流し,B
2026-04-01,丸亀,4,2,今坂晃広,B1,34.75,2,▲,12.3912,24.3,87,28.6,0.1921,4.2946,,,0,低,154,0,-,1 65,0,75.5,0.5555,0,0.1071,0,0,0,0.0462,0.1969,0.0462,,,B,◎,,0.293,0.681,,0.1563,B,50,0,◎○△フォーメーション（15〜20点）,0.5777,"{'is_target': True, 'verdict': '参加推奨', 'max_combo_prob': 0.0521, 'est_top_odds': 25.6, 'circle_concentration': 62.0, 'eligible_count': 9, 'bet_adj': 2, 'reason': 'rel_win1=46.2%（本命度） / 最有力組み合わせ確率: 0.052（推定実オッズ?26倍） / 2着集中度: 上位2艇 62.0%（補正+0.00） / 総合判定確率: 0.052 / → ヒモ分散。1号艇1着固定で広めのヒモ流し推奨（買い目+2点）', 'tenji_trigger': '展示確認: ヒモ分散レース。1号艇伸び確認後、広めのヒモ流しを採用。穴ヒモ（5・6号艇）を積極的に含める。\n展示で1号艇スタート遅め(0.182秒)確認→ヒモが荒れやすい'}",,,31.7,両建て推奨,12.19,43.7,4,,,,,,,,,,,
2026-04-01,丸亀,4,3,松本博昭,A2,22.88,3,,15.3096,37.7,91,63,0.1679,3.7826,,,0,低,179,0,-,2 35,0,56.5,1.1119,0,0,0.125,0.025,0,0.1237,0.0157,0.1472,,△,E,○,,0.4218,0.6525,,0.1563,B,50,0,◎○△フォーメーション（15〜20点）,0.5777,"{'is_target': True, 'verdict': '参加推奨', 'max_combo_prob': 0.0521, 'est_top_odds': 25.6, 'circle_concentration': 62.0, 'eligible_count': 9, 'bet_adj': 2, 'reason': 'rel_win1=46.2%（本命度） / 最有力組み合わせ確率: 0.052（推定実オッズ?26倍） / 2着集中度: 上位2艇 62.0%（補正+0.00） / 総合判定確率: 0.052 / → ヒモ分散。1号艇1着固定で広めのヒモ流し推奨（買い目+2点）', 'tenji_trigger': '展示確認: ヒモ分散レース。1号艇伸び確認後、広めのヒモ流しを採用。穴ヒモ（5・6号艇）を積極的に含める。\n展示で1号艇スタート遅め(0.182秒)確認→ヒモが荒れやすい'}",,,31.7,両建て推奨,12.19,43.7,4,,,,,,,,,,,
2026-04-01,丸亀,4,4,西岡蒼志,B1,28.13,4,○,14.2816,15.9,70,31.8,0.1259,2.8636,,,0,低,79,0,差0% ま0%,253,0,39.5,0.7338,0,0.0526,0.0526,0.0526,0,0,0.27,0,,◎,C,,,0.4995,0.528,,0.1563,B,50,0,◎○△フォーメーション（15〜20点）,0.5777,"{'is_target': True, 'verdict': '参加推奨', 'max_combo_prob': 0.0521, 'est_top_odds': 25.6, 'circle_concentration': 62.0, 'eligible_count': 9, 'bet_adj': 2, 'reason': 'rel_win1=46.2%（本命度） / 最有力組み合わせ確率: 0.052（推定実オッズ?26倍） / 2着集中度: 上位2艇 62.0%（補正+0.00） / 総合判定確率: 0.052 / → ヒモ分散。1号艇1着固定で広めのヒモ流し推奨（買い目+2点）', 'tenji_trigger': '展示確認: ヒモ分散レース。1号艇伸び確認後、広めのヒモ流しを採用。穴ヒモ（5・6号艇）を積極的に含める。\n展示で1号艇スタート遅め(0.182秒)確認→ヒモが荒れやすい'}",,,31.7,両建て推奨,12.19,43.7,4,,,,,,,,,,,
2026-04-01,丸亀,4,5,富永修一,A1,25.21,5,△,9.2141,14.9,100,47.4,0.1442,3.2368,,,0,低,92,0,-,1 15,0,24.9,1.2543,0,0,0,0.037,0,0.1257,0.1257,0.1124,,○,D,△,◎,0.436,0.6455,0.2791,0.1563,B,50,0,◎○△フォーメーション（15〜20点）,0.5777,"{'is_target': True, 'verdict': '参加推奨', 'max_combo_prob': 0.0521, 'est_top_odds': 25.6, 'circle_concentration': 62.0, 'eligible_count': 9, 'bet_adj': 2, 'reason': 'rel_win1=46.2%（本命度） / 最有力組み合わせ確率: 0.052（推定実オッズ?26倍） / 2着集中度: 上位2艇 62.0%（補正+0.00） / 総合判定確率: 0.052 / → ヒモ分散。1号艇1着固定で広めのヒモ流し推奨（買い目+2点）', 'tenji_trigger': '展示確認: ヒモ分散レース。1号艇伸び確認後、広めのヒモ流しを採用。穴ヒモ（5・6号艇）を積極的に含める。\n展示で1号艇スタート遅め(0.182秒)確認→ヒモが荒れやすい'}",,,31.7,両建て推奨,12.19,43.7,4,,,,,,,,,,,
2026-04-01,丸亀,4,6,前野竜一,A2,23.14,6,,2.6377,7.2,77,44,0.172,3.96,,,0,低,115,0,差ま0%,6 44,0,27.9,0.5575,0,0,0,0.0455,0,0.0133,0.2267,0.1067,,,D,△,,0.3516,0.5985,,0.1563,B,50,0,◎○△フォーメーション（15〜20点）,0.5777,"{'is_target': True, 'verdict': '参加推奨', 'max_combo_prob': 0.0521, 'est_top_odds': 25.6, 'circle_concentration': 62.0, 'eligible_count': 9, 'bet_adj': 2, 'reason': 'rel_win1=46.2%（本命度） / 最有力組み合わせ確率: 0.052（推定実オッズ?26倍） / 2着集中度: 上位2艇 62.0%（補正+0.00） / 総合判定確率: 0.052 / → ヒモ分散。1号艇1着固定で広めのヒモ流し推奨（買い目+2点）', 'tenji_trigger': '展示確認: ヒモ分散レース。1号艇伸び確認後、広めのヒモ流しを採用。穴ヒモ（5・6号艇）を積極的に含める。\n展示で1号艇スタート遅め(0.182秒)確認→ヒモが荒れやすい'}",,,31.7,両建て推奨,12.19,43.7,4,,,,,,,,,,,
2026-04-01,丸亀,5,1,林　祐介,A2,27.91,1,◎,54.5674,,0,82.3,0.1465,3.0968,,,0,低,103,0,逃0%,3 43,0,71.3,1.0778,0.5385,,,,,0.0154,0.1615,0.2923,◎,,E,◎,,,0.6605,,0.4921,A,78,0,◎-○軸 3着3〜4艇流し（10〜15点）,0.5777,"{'is_target': True, 'verdict': '参加推奨', 'max_combo_prob': 0.0599, 'est_top_odds': 22.2, 'circle_concentration': 61.0, 'eligible_count': 8, 'bet_adj': 2, 'reason': 'rel_win1=54.6%（本命度） / 最有力組み合わせ確率: 0.060（推定実オッズ?22倍） / 2着集中度: 上位2艇 61.0%（補正+0.00） / 総合判定確率: 0.060 / → ヒモ分散。1号艇1着固定で広めのヒモ流し推奨（買い目+2点）', 'tenji_trigger': '展示確認: ヒモ分散レース。1号艇伸び確認後、広めのヒモ流しを採用。穴ヒモ（5・6号艇）を積極的に含める。'}",,,27,逃げ狙い,13.37,29.1,3,,,,,0,0,0.7559,0,,逃げ軸流し,A
2026-04-01,丸亀,5,2,島田一生,B1,28.81,2,,9.2729,38,94,58.1,0.1627,3.7339,,,0,低,101,0,差0% 抜0%,5 26,0,57.1,0.9429,0,0.087,0,0,0.0435,0.1905,0.2857,0.0476,,,D,,,0.1593,0.569,,0.4921,A,78,0,◎-○軸 3着3〜4艇流し（10〜15点）,0.5777,"{'is_target': True, 'verdict': '参加推奨', 'max_combo_prob': 0.0599, 'est_top_odds': 22.2, 'circle_concentration': 61.0, 'eligible_count': 8, 'bet_adj': 2, 'reason': 'rel_win1=54.6%（本命度） / 最有力組み合わせ確率: 0.060（推定実オッズ?22倍） / 2着集中度: 上位2艇 61.0%（補正+0.00） / 総合判定確率: 0.060 / → ヒモ分散。1号艇1着固定で広めのヒモ流し推奨（買い目+2点）', 'tenji_trigger': '展示確認: ヒモ分散レース。1号艇伸び確認後、広めのヒモ流しを採用。穴ヒモ（5・6号艇）を積極的に含める。'}",,,27,逃げ狙い,13.37,29.1,3,,,,,,,,,,,
2026-04-01,丸亀,5,3,杉山勝匡,B1,38.14,3,○,18.1479,23,91,55.2,0.1376,3.1045,,,0,低,107,0,-,155,0,100,2.6744,0,0,0.0645,0.0645,0.0323,0.1889,0.1444,0.1593,,◎,C,△,,0.3546,0.6195,,0.4921,A,78,0,◎-○軸 3着3〜4艇流し（10〜15点）,0.5777,"{'is_target': True, 'verdict': '参加推奨', 'max_combo_prob': 0.0599, 'est_top_odds': 22.2, 'circle_concentration': 61.0, 'eligible_count': 8, 'bet_adj': 2, 'reason': 'rel_win1=54.6%（本命度） / 最有力組み合わせ確率: 0.060（推定実オッズ?22倍） / 2着集中度: 上位2艇 61.0%（補正+0.00） / 総合判定確率: 0.060 / → ヒモ分散。1号艇1着固定で広めのヒモ流し推奨（買い目+2点）', 'tenji_trigger': '展示確認: ヒモ分散レース。1号艇伸び確認後、広めのヒモ流しを採用。穴ヒモ（5・6号艇）を積極的に含める。'}",,,27,逃げ狙い,13.37,29.1,3,,,,,,,,,,,
2026-04-01,丸亀,5,4,竹田吉行,A2,32.50,4,,10.4914,22.5,82,49.2,0.1633,3.627,,,0,低,115,0,ま0%,134,0,52.2,1.1187,0,0,0.0833,0,0,0.0606,0.0825,0.2452,,,C,△,,0.2576,0.63,,0.4921,A,78,0,◎-○軸 3着3〜4艇流し（10〜15点）,0.5777,"{'is_target': True, 'verdict': '参加推奨', 'max_combo_prob': 0.0599, 'est_top_odds': 22.2, 'circle_concentration': 61.0, 'eligible_count': 8, 'bet_adj': 2, 'reason': 'rel_win1=54.6%（本命度） / 最有力組み合わせ確率: 0.060（推定実オッズ?22倍） / 2着集中度: 上位2艇 61.0%（補正+0.00） / 総合判定確率: 0.060 / → ヒモ分散。1号艇1着固定で広めのヒモ流し推奨（買い目+2点）', 'tenji_trigger': '展示確認: ヒモ分散レース。1号艇伸び確認後、広めのヒモ流しを採用。穴ヒモ（5・6号艇）を積極的に含める。'}",,,27,逃げ狙い,13.37,29.1,3,,,,,,,,,,,
2026-04-01,丸亀,5,5,松田祐季,A1,40.63,5,▲,6.2473,16,100,58.1,0.1626,3.3065,,,0,低,87,0,-,442,0,39.4,1.1931,0,0,0,0,0.0625,0.0986,0.0258,0.0258,,,B,○,,0.2847,0.6335,,0.4921,A,78,0,◎-○軸 3着3〜4艇流し（10〜15点）,0.5777,"{'is_target': True, 'verdict': '参加推奨', 'max_combo_prob': 0.0599, 'est_top_odds': 22.2, 'circle_concentration': 61.0, 'eligible_count': 8, 'bet_adj': 2, 'reason': 'rel_win1=54.6%（本命度） / 最有力組み合わせ確率: 0.060（推定実オッズ?22倍） / 2着集中度: 上位2艇 61.0%（補正+0.00） / 総合判定確率: 0.060 / → ヒモ分散。1号艇1着固定で広めのヒモ流し推奨（買い目+2点）', 'tenji_trigger': '展示確認: ヒモ分散レース。1号艇伸び確認後、広めのヒモ流しを採用。穴ヒモ（5・6号艇）を積極的に含める。'}",,,27,逃げ狙い,13.37,29.1,3,,,,,,,,,,,
2026-04-01,丸亀,5,6,原村拓也,B1,40.80,6,△,1.2732,0.5,73,14.3,0.219,4.9082,,,0,低,159,0,-,4 46,0,28.4,0.7506,,,,,,0.3114,0.1257,0.02,,,B,,,0.1592,0.5855,,0.4921,A,78,0,◎-○軸 3着3〜4艇流し（10〜15点）,0.5777,"{'is_target': True, 'verdict': '参加推奨', 'max_combo_prob': 0.0599, 'est_top_odds': 22.2, 'circle_concentration': 61.0, 'eligible_count': 8, 'bet_adj': 2, 'reason': 'rel_win1=54.6%（本命度） / 最有力組み合わせ確率: 0.060（推定実オッズ?22倍） / 2着集中度: 上位2艇 61.0%（補正+0.00） / 総合判定確率: 0.060 / → ヒモ分散。1号艇1着固定で広めのヒモ流し推奨（買い目+2点）', 'tenji_trigger': '展示確認: ヒモ分散レース。1号艇伸び確認後、広めのヒモ流しを採用。穴ヒモ（5・6号艇）を積極的に含める。'}",,,27,逃げ狙い,13.37,29.1,3,,,,,,,,,,,
2026-04-01,丸亀,6,1,藤原仙二,A2,27.12,1,◎,57.5904,,0,90.9,0.1791,3.7045,,,0,低,93,0,逃0%,222,0,86.5,1.1609,0.5,,,,,0,0.08,0.28,○,,D,△,,,0.577,,0.3723,S,93,0,◎1着固定 2-3着流し（5〜8点）,0.5777,"{'is_target': True, 'verdict': '点数絞り', 'max_combo_prob': 0.1144, 'est_top_odds': 11.7, 'circle_concentration': 78.1, 'eligible_count': 6, 'bet_adj': 0, 'reason': 'rel_win1=57.6%（本命度） / 最有力組み合わせ確率: 0.114（推定実オッズ?12倍） / 2着集中度: 上位2艇 78.1%（補正+0.04） / 総合判定確率: 0.154 / → ヒモはやや固め。上位2艇以外を切ること', 'tenji_trigger': '展示確認: 1号艇伸び良→そのまま採用。悪→飛び組に差し替え。circle_pct上位2艇に絞り込むこと。'}",,,28,逃げ狙い,17.45,28.7,3,,,,,0,0,0.6155,0,,逃げ軸流し,A
2026-04-01,丸亀,6,2,高井雄基,A2,28.30,2,,12.1729,33.2,78,55.9,0.1791,4.1176,,,0,低,86,0,-,4 65,0,51.3,1.0822,0,0.0625,0,0,0.0625,0,0.0889,0.0444,,,D,△,,0.313,0.579,,0.3723,S,93,0,◎1着固定 2-3着流し（5〜8点）,0.5777,"{'is_target': True, 'verdict': '点数絞り', 'max_combo_prob': 0.1144, 'est_top_odds': 11.7, 'circle_concentration': 78.1, 'eligible_count': 6, 'bet_adj': 0, 'reason': 'rel_win1=57.6%（本命度） / 最有力組み合わせ確率: 0.114（推定実オッズ?12倍） / 2着集中度: 上位2艇 78.1%（補正+0.04） / 総合判定確率: 0.154 / → ヒモはやや固め。上位2艇以外を切ること', 'tenji_trigger': '展示確認: 1号艇伸び良→そのまま採用。悪→飛び組に差し替え。circle_pct上位2艇に絞り込むこと。'}",,,28,逃げ狙い,17.45,28.7,3,,,,,,,,,,,
2026-04-01,丸亀,6,3,小野達哉,A1,33.06,3,○,20.7722,44.9,75,71,0.1373,2.6694,,,0,低,87,0,ま0%,5661,0,48.2,1.046,0,0,0.0769,0,0,0.0095,0.0286,0.0286,,○,C,◎,,0.4682,0.6745,,0.3723,S,93,0,◎1着固定 2-3着流し（5〜8点）,0.5777,"{'is_target': True, 'verdict': '点数絞り', 'max_combo_prob': 0.1144, 'est_top_odds': 11.7, 'circle_concentration': 78.1, 'eligible_count': 6, 'bet_adj': 0, 'reason': 'rel_win1=57.6%（本命度） / 最有力組み合わせ確率: 0.114（推定実オッズ?12倍） / 2着集中度: 上位2艇 78.1%（補正+0.04） / 総合判定確率: 0.154 / → ヒモはやや固め。上位2艇以外を切ること', 'tenji_trigger': '展示確認: 1号艇伸び良→そのまま採用。悪→飛び組に差し替え。circle_pct上位2艇に絞り込むこと。'}",,,28,逃げ狙い,17.45,28.7,3,,,,,,,,,,,
2026-04-01,丸亀,6,4,井川大作,B1,33.86,4,▲,5.0898,14.9,100,41.8,0.1344,3.1909,,,0,低,89,0,-,1 14,0,88.1,1.5434,,,,,,0.3033,0.0933,0.2633,,◎,B,○,,0.4862,0.617,,0.3723,S,93,0,◎1着固定 2-3着流し（5〜8点）,0.5777,"{'is_target': True, 'verdict': '点数絞り', 'max_combo_prob': 0.1144, 'est_top_odds': 11.7, 'circle_concentration': 78.1, 'eligible_count': 6, 'bet_adj': 0, 'reason': 'rel_win1=57.6%（本命度） / 最有力組み合わせ確率: 0.114（推定実オッズ?12倍） / 2着集中度: 上位2艇 78.1%（補正+0.04） / 総合判定確率: 0.154 / → ヒモはやや固め。上位2艇以外を切ること', 'tenji_trigger': '展示確認: 1号艇伸び良→そのまま採用。悪→飛び組に差し替え。circle_pct上位2艇に絞り込むこと。'}",,,28,逃げ狙い,17.45,28.7,3,,,,,,,,,,,
2026-04-01,丸亀,6,5,中野和裕,B1,43.65,5,△,3.2839,6.7,26,13.3,0.1633,3.1833,,,0,低,136,0,-,3 15,0,34.2,0.6981,,,,,,0.2667,0.3111,0.3333,,,A,,,0.3603,0.559,,0.3723,S,93,0,◎1着固定 2-3着流し（5〜8点）,0.5777,"{'is_target': True, 'verdict': '点数絞り', 'max_combo_prob': 0.1144, 'est_top_odds': 11.7, 'circle_concentration': 78.1, 'eligible_count': 6, 'bet_adj': 0, 'reason': 'rel_win1=57.6%（本命度） / 最有力組み合わせ確率: 0.114（推定実オッズ?12倍） / 2着集中度: 上位2艇 78.1%（補正+0.04） / 総合判定確率: 0.154 / → ヒモはやや固め。上位2艇以外を切ること', 'tenji_trigger': '展示確認: 1号艇伸び良→そのまま採用。悪→飛び組に差し替え。circle_pct上位2艇に絞り込むこと。'}",,,28,逃げ狙い,17.45,28.7,3,,,,,,,,,,,
2026-04-01,丸亀,6,6,小畑楓夏,B2,26.89,6,,1.0908,0.3,22,2.7,0.2147,4.1933,,,0,低,40,0,-,656,0,27.3,0.6419,,,,,,,,,,,E,,,0.1967,0.4095,,0.3723,S,93,0,◎1着固定 2-3着流し（5〜8点）,0.5777,"{'is_target': True, 'verdict': '点数絞り', 'max_combo_prob': 0.1144, 'est_top_odds': 11.7, 'circle_concentration': 78.1, 'eligible_count': 6, 'bet_adj': 0, 'reason': 'rel_win1=57.6%（本命度） / 最有力組み合わせ確率: 0.114（推定実オッズ?12倍） / 2着集中度: 上位2艇 78.1%（補正+0.04） / 総合判定確率: 0.154 / → ヒモはやや固め。上位2艇以外を切ること', 'tenji_trigger': '展示確認: 1号艇伸び良→そのまま採用。悪→飛び組に差し替え。circle_pct上位2艇に絞り込むこと。'}",,,28,逃げ狙い,17.45,28.7,3,,,,,,,,,,,
2026-04-01,丸亀,7,1,北川潤二,A2,25.20,1,◎,60.1696,,0,93.9,0.127,2.0408,,,0,低,54,0,逃1%,4242,0,82.8,1.0179,0.7174,,,,,0.0848,0.1348,0.0435,◎,,E,◎,,,0.673,,0.7179,S,96,0,◎1着固定 2-3着流し（5〜8点）,0.5777,"{'is_target': True, 'verdict': '参加推奨', 'max_combo_prob': 0.0735, 'est_top_odds': 18.1, 'circle_concentration': 63.2, 'eligible_count': 6, 'bet_adj': 2, 'reason': 'rel_win1=60.2%（本命度） / 最有力組み合わせ確率: 0.073（推定実オッズ?18倍） / 2着集中度: 上位2艇 63.2%（補正+0.00） / 総合判定確率: 0.073 / → ヒモ分散。1号艇1着固定で広めのヒモ流し推奨（買い目+2点）', 'tenji_trigger': '展示確認: ヒモ分散レース。1号艇伸び確認後、広めのヒモ流しを採用。穴ヒモ（5・6号艇）を積極的に含める。\n展示で1号艇スタート超安定(0.127秒)→ヒモ固まり方向に注意'}",,,27.7,逃げ狙い,18.32,26.9,4,,,,,0,0,0.7559,0,,逃げ軸流し,A
2026-04-01,丸亀,7,2,松本　怜,B1,51.61,2,○,7.3675,39.9,65,45.8,0.1842,4.25,,,0,低,54,0,-,465,0,20.4,0.6817,,,,,,0,0.5,0.25,,,A,,,0.0902,0.572,,0.7179,S,96,0,◎1着固定 2-3着流し（5〜8点）,0.5777,"{'is_target': True, 'verdict': '参加推奨', 'max_combo_prob': 0.0735, 'est_top_odds': 18.1, 'circle_concentration': 63.2, 'eligible_count': 6, 'bet_adj': 2, 'reason': 'rel_win1=60.2%（本命度） / 最有力組み合わせ確率: 0.073（推定実オッズ?18倍） / 2着集中度: 上位2艇 63.2%（補正+0.00） / 総合判定確率: 0.073 / → ヒモ分散。1号艇1着固定で広めのヒモ流し推奨（買い目+2点）', 'tenji_trigger': '展示確認: ヒモ分散レース。1号艇伸び確認後、広めのヒモ流しを採用。穴ヒモ（5・6号艇）を積極的に含める。\n展示で1号艇スタート超安定(0.127秒)→ヒモ固まり方向に注意'}",,,27.7,逃げ狙い,18.32,26.9,4,,,,,,,,,,,
2026-04-01,丸亀,7,3,柴田大輔,B1,25.41,3,,8.4337,20.7,84,41.4,0.2198,4.1638,,,0,低,176,0,ま0%,366,0,76.9,1.6812,0,0,0.0286,0.0286,0,0.2769,0.2923,0.2769,,,D,,,0.1225,0.4955,,0.7179,S,96,0,◎1着固定 2-3着流し（5〜8点）,0.5777,"{'is_target': True, 'verdict': '参加推奨', 'max_combo_prob': 0.0735, 'est_top_odds': 18.1, 'circle_concentration': 63.2, 'eligible_count': 6, 'bet_adj': 2, 'reason': 'rel_win1=60.2%（本命度） / 最有力組み合わせ確率: 0.073（推定実オッズ?18倍） / 2着集中度: 上位2艇 63.2%（補正+0.00） / 総合判定確率: 0.073 / → ヒモ分散。1号艇1着固定で広めのヒモ流し推奨（買い目+2点）', 'tenji_trigger': '展示確認: ヒモ分散レース。1号艇伸び確認後、広めのヒモ流しを採用。穴ヒモ（5・6号艇）を積極的に含める。\n展示で1号艇スタート超安定(0.127秒)→ヒモ固まり方向に注意'}",,,27.7,逃げ狙い,18.32,26.9,4,,,,,,,,,,,
2026-04-01,丸亀,7,4,小坂尚哉,A1,38.89,4,▲,13.2497,23.2,71,61.5,0.1398,2.7596,,,0,低,81,0,-,131,0,71.6,1.0347,0,0.0526,0,0,0,0.0488,0.0488,0.0976,,,C,△,◎,0.2557,0.657,0.4442,0.7179,S,96,0,◎1着固定 2-3着流し（5〜8点）,0.5777,"{'is_target': True, 'verdict': '参加推奨', 'max_combo_prob': 0.0735, 'est_top_odds': 18.1, 'circle_concentration': 63.2, 'eligible_count': 6, 'bet_adj': 2, 'reason': 'rel_win1=60.2%（本命度） / 最有力組み合わせ確率: 0.073（推定実オッズ?18倍） / 2着集中度: 上位2艇 63.2%（補正+0.00） / 総合判定確率: 0.073 / → ヒモ分散。1号艇1着固定で広めのヒモ流し推奨（買い目+2点）', 'tenji_trigger': '展示確認: ヒモ分散レース。1号艇伸び確認後、広めのヒモ流しを採用。穴ヒモ（5・6号艇）を積極的に含める。\n展示で1号艇スタート超安定(0.127秒)→ヒモ固まり方向に注意'}",,,27.7,逃げ狙い,18.32,26.9,4,,,,,,,,,,,
2026-04-01,丸亀,7,5,宮崎　奨,A2,28.23,5,,5.2732,10,100,52.6,0.176,3.9561,,,0,低,134,0,-,332,0,57.4,1.2102,,,,,,0.0343,0.1571,0.2686,,,D,○,,0.1779,0.658,,0.7179,S,96,0,◎1着固定 2-3着流し（5〜8点）,0.5777,"{'is_target': True, 'verdict': '参加推奨', 'max_combo_prob': 0.0735, 'est_top_odds': 18.1, 'circle_concentration': 63.2, 'eligible_count': 6, 'bet_adj': 2, 'reason': 'rel_win1=60.2%（本命度） / 最有力組み合わせ確率: 0.073（推定実オッズ?18倍） / 2着集中度: 上位2艇 63.2%（補正+0.00） / 総合判定確率: 0.073 / → ヒモ分散。1号艇1着固定で広めのヒモ流し推奨（買い目+2点）', 'tenji_trigger': '展示確認: ヒモ分散レース。1号艇伸び確認後、広めのヒモ流しを採用。穴ヒモ（5・6号艇）を積極的に含める。\n展示で1号艇スタート超安定(0.127秒)→ヒモ固まり方向に注意'}",,,27.7,逃げ狙い,18.32,26.9,4,,,,,,,,,,,
2026-04-01,丸亀,7,6,寺本昇平,B1,40.48,6,△,5.5063,6.1,72,31.6,0.1905,3.9474,,,0,低,124,0,差0%,5 33,0,83.6,1.4794,0,0.087,0,0,0,0.3323,0.1231,0.1508,,,B,△,,0.1344,0.6215,,0.7179,S,96,0,◎1着固定 2-3着流し（5〜8点）,0.5777,"{'is_target': True, 'verdict': '参加推奨', 'max_combo_prob': 0.0735, 'est_top_odds': 18.1, 'circle_concentration': 63.2, 'eligible_count': 6, 'bet_adj': 2, 'reason': 'rel_win1=60.2%（本命度） / 最有力組み合わせ確率: 0.073（推定実オッズ?18倍） / 2着集中度: 上位2艇 63.2%（補正+0.00） / 総合判定確率: 0.073 / → ヒモ分散。1号艇1着固定で広めのヒモ流し推奨（買い目+2点）', 'tenji_trigger': '展示確認: ヒモ分散レース。1号艇伸び確認後、広めのヒモ流しを採用。穴ヒモ（5・6号艇）を積極的に含める。\n展示で1号艇スタート超安定(0.127秒)→ヒモ固まり方向に注意'}",,,27.7,逃げ狙い,18.32,26.9,4,,,,,,,,,,,
2026-04-01,丸亀,8,1,高倉和士,A1,29.23,1,◎,65.8878,,0,95.9,0.1247,2.2397,,,0,低,42,0,逃1%,2513,0,92.6,1.2446,0.6571,,,,,0.0114,0.0343,0.2936,◎,,C,○,,,0.673,,0.672,S,92,0,◎1着固定 2-3着流し（5〜8点）,0.5777,"{'is_target': True, 'verdict': '点数絞り', 'max_combo_prob': 0.1085, 'est_top_odds': 12.3, 'circle_concentration': 72.6, 'eligible_count': 6, 'bet_adj': 0, 'reason': 'rel_win1=65.9%（本命度） / 最有力組み合わせ確率: 0.109（推定実オッズ?12倍） / 2着集中度: 上位2艇 72.6%（補正+0.04） / 総合判定確率: 0.149 / → ヒモはやや固め。上位2艇以外を切ること', 'tenji_trigger': '展示確認: 1号艇伸び良→そのまま採用。悪→飛び組に差し替え。circle_pct上位2艇に絞り込むこと。\n展示で1号艇スタート超安定(0.125秒)→ヒモ固まり方向に注意'}",,,27.5,逃げ狙い,19.23,25.5,2,,,,,0,0,0.7559,0,,逃げ軸流し,A
2026-04-01,丸亀,8,2,深井利寿,A2,34.43,2,▲,16.213,43.2,70,78.8,0.1531,3.1731,,,0,低,120,0,-,2251,0,31,0.7564,0,0.069,0.1379,0,0,0.0129,0.1062,0.2123,,,C,△,,0.0752,0.605,,0.672,S,92,0,◎1着固定 2-3着流し（5〜8点）,0.5777,"{'is_target': True, 'verdict': '点数絞り', 'max_combo_prob': 0.1085, 'est_top_odds': 12.3, 'circle_concentration': 72.6, 'eligible_count': 6, 'bet_adj': 0, 'reason': 'rel_win1=65.9%（本命度） / 最有力組み合わせ確率: 0.109（推定実オッズ?12倍） / 2着集中度: 上位2艇 72.6%（補正+0.04） / 総合判定確率: 0.149 / → ヒモはやや固め。上位2艇以外を切ること', 'tenji_trigger': '展示確認: 1号艇伸び良→そのまま採用。悪→飛び組に差し替え。circle_pct上位2艇に絞り込むこと。\n展示で1号艇スタート超安定(0.125秒)→ヒモ固まり方向に注意'}",,,27.5,逃げ狙い,19.23,25.5,2,,,,,,,,,,,
2026-04-01,丸亀,8,3,藤田竜弘,B1,36.29,3,○,8.3936,29.5,75,68.8,0.1499,3.3117,,,0,低,145,0,-,261,0,20.3,0.6227,0,0,0.087,0.0435,0.0435,0.3516,0.3161,0.0774,,,B,◎,,0.1729,0.6755,,0.672,S,92,0,◎1着固定 2-3着流し（5〜8点）,0.5777,"{'is_target': True, 'verdict': '点数絞り', 'max_combo_prob': 0.1085, 'est_top_odds': 12.3, 'circle_concentration': 72.6, 'eligible_count': 6, 'bet_adj': 0, 'reason': 'rel_win1=65.9%（本命度） / 最有力組み合わせ確率: 0.109（推定実オッズ?12倍） / 2着集中度: 上位2艇 72.6%（補正+0.04） / 総合判定確率: 0.149 / → ヒモはやや固め。上位2艇以外を切ること', 'tenji_trigger': '展示確認: 1号艇伸び良→そのまま採用。悪→飛び組に差し替え。circle_pct上位2艇に絞り込むこと。\n展示で1号艇スタート超安定(0.125秒)→ヒモ固まり方向に注意'}",,,27.5,逃げ狙い,19.23,25.5,2,,,,,,,,,,,
2026-04-01,丸亀,8,4,関野　文,A2,20.66,4,,5.5016,18.9,100,58.6,0.1741,3.1034,,,0,低,58,0,-,2123,0,52.2,1.0551,,,,,,0.0932,0.0727,0.2409,,,E,△,,0.1421,0.6135,,0.672,S,92,0,◎1着固定 2-3着流し（5〜8点）,0.5777,"{'is_target': True, 'verdict': '点数絞り', 'max_combo_prob': 0.1085, 'est_top_odds': 12.3, 'circle_concentration': 72.6, 'eligible_count': 6, 'bet_adj': 0, 'reason': 'rel_win1=65.9%（本命度） / 最有力組み合わせ確率: 0.109（推定実オッズ?12倍） / 2着集中度: 上位2艇 72.6%（補正+0.04） / 総合判定確率: 0.149 / → ヒモはやや固め。上位2艇以外を切ること', 'tenji_trigger': '展示確認: 1号艇伸び良→そのまま採用。悪→飛び組に差し替え。circle_pct上位2艇に絞り込むこと。\n展示で1号艇スタート超安定(0.125秒)→ヒモ固まり方向に注意'}",,,27.5,逃げ狙い,19.23,25.5,2,,,,,,,,,,,
2026-04-01,丸亀,8,5,犬童千秋,B1,28.46,5,,2.9291,7.4,58,23.3,0.125,2.6333,,,0,低,47,0,-,363,0,34.7,0.7467,,,,,,0.3333,0.1111,0.1111,,,D,,,0.3142,0.593,,0.672,S,92,0,◎1着固定 2-3着流し（5〜8点）,0.5777,"{'is_target': True, 'verdict': '点数絞り', 'max_combo_prob': 0.1085, 'est_top_odds': 12.3, 'circle_concentration': 72.6, 'eligible_count': 6, 'bet_adj': 0, 'reason': 'rel_win1=65.9%（本命度） / 最有力組み合わせ確率: 0.109（推定実オッズ?12倍） / 2着集中度: 上位2艇 72.6%（補正+0.04） / 総合判定確率: 0.149 / → ヒモはやや固め。上位2艇以外を切ること', 'tenji_trigger': '展示確認: 1号艇伸び良→そのまま採用。悪→飛び組に差し替え。circle_pct上位2艇に絞り込むこと。\n展示で1号艇スタート超安定(0.125秒)→ヒモ固まり方向に注意'}",,,27.5,逃げ狙い,19.23,25.5,2,,,,,,,,,,,
2026-04-01,丸亀,8,6,小林京平,B1,35.34,6,△,1.0751,1.1,29,13.7,0.1791,3.6752,,,0,低,103,0,-,543,0,26.2,0.6394,,,,,,0,0.1429,0.2857,,,B,,,0.1421,0.5405,,0.672,S,92,0,◎1着固定 2-3着流し（5〜8点）,0.5777,"{'is_target': True, 'verdict': '点数絞り', 'max_combo_prob': 0.1085, 'est_top_odds': 12.3, 'circle_concentration': 72.6, 'eligible_count': 6, 'bet_adj': 0, 'reason': 'rel_win1=65.9%（本命度） / 最有力組み合わせ確率: 0.109（推定実オッズ?12倍） / 2着集中度: 上位2艇 72.6%（補正+0.04） / 総合判定確率: 0.149 / → ヒモはやや固め。上位2艇以外を切ること', 'tenji_trigger': '展示確認: 1号艇伸び良→そのまま採用。悪→飛び組に差し替え。circle_pct上位2艇に絞り込むこと。\n展示で1号艇スタート超安定(0.125秒)→ヒモ固まり方向に注意'}",,,27.5,逃げ狙い,19.23,25.5,2,,,,,,,,,,,
2026-04-01,丸亀,9,1,松本博昭,A2,22.88,1,◎,54.3102,,0,92.7,0.1493,2.7727,,,0,低,179,0,逃1%,2 35,0,61.5,0.9882,0.6667,,,,,0.1237,0.0157,0.1472,◎,,D,○,,,0.6525,,0.5515,S,80,0,◎1着固定 2-3着流し（5〜8点）,0.5777,"{'is_target': True, 'verdict': '点数絞り', 'max_combo_prob': 0.0874, 'est_top_odds': 15.3, 'circle_concentration': 72.6, 'eligible_count': 6, 'bet_adj': 0, 'reason': 'rel_win1=54.3%（本命度） / 最有力組み合わせ確率: 0.087（推定実オッズ?15倍） / 2着集中度: 上位2艇 72.6%（補正+0.04） / 総合判定確率: 0.127 / → ヒモはやや固め。上位2艇以外を切ること', 'tenji_trigger': '展示確認: 1号艇伸び良→そのまま採用。悪→飛び組に差し替え。circle_pct上位2艇に絞り込むこと。'}",,,29.4,逃げ狙い,23.6,27.3,2,,,,,0,0,0.7559,0,,逃げ軸流し,A
2026-04-01,丸亀,9,2,宮下元胤,A1,30.00,2,△,10.7565,42.8,75,71.2,0.1529,3.303,,,0,低,126,0,ま0% 抜0%,2426,0,65.8,1.1252,0,0,0.0714,0,0.0357,0.1767,0.1283,0.115,,,C,◎,,0.2918,0.6615,,0.5515,S,80,0,◎1着固定 2-3着流し（5〜8点）,0.5777,"{'is_target': True, 'verdict': '点数絞り', 'max_combo_prob': 0.0874, 'est_top_odds': 15.3, 'circle_concentration': 72.6, 'eligible_count': 6, 'bet_adj': 0, 'reason': 'rel_win1=54.3%（本命度） / 最有力組み合わせ確率: 0.087（推定実オッズ?15倍） / 2着集中度: 上位2艇 72.6%（補正+0.04） / 総合判定確率: 0.127 / → ヒモはやや固め。上位2艇以外を切ること', 'tenji_trigger': '展示確認: 1号艇伸び良→そのまま採用。悪→飛び組に差し替え。circle_pct上位2艇に絞り込むこと。'}",,,29.4,逃げ狙い,23.6,27.3,2,,,,,,,,,,,
2026-04-01,丸亀,9,3,樋口　亮,A2,27.50,3,,12.4625,29.8,77,68.4,0.1614,3.3333,,,0,低,133,0,-,4 34,0,53.5,1.3337,0,0.0455,0.0455,0.0455,0,0.2161,0.0805,0.0276,,,D,,,0.2396,0.601,,0.5515,S,80,0,◎1着固定 2-3着流し（5〜8点）,0.5777,"{'is_target': True, 'verdict': '点数絞り', 'max_combo_prob': 0.0874, 'est_top_odds': 15.3, 'circle_concentration': 72.6, 'eligible_count': 6, 'bet_adj': 0, 'reason': 'rel_win1=54.3%（本命度） / 最有力組み合わせ確率: 0.087（推定実オッズ?15倍） / 2着集中度: 上位2艇 72.6%（補正+0.04） / 総合判定確率: 0.127 / → ヒモはやや固め。上位2艇以外を切ること', 'tenji_trigger': '展示確認: 1号艇伸び良→そのまま採用。悪→飛び組に差し替え。circle_pct上位2艇に絞り込むこと。'}",,,29.4,逃げ狙い,23.6,27.3,2,,,,,,,,,,,
2026-04-01,丸亀,9,4,酒井俊弘,B1,21.49,4,,7.1047,10.6,48,36.6,0.1434,2.8659,,,0,低,62,0,ま0%,432,0,27.8,0.8115,0,0,0.1053,0,0,0.0167,0.4167,0.25,,,E,△,○,0.3317,0.6165,0.2562,0.5515,S,80,0,◎1着固定 2-3着流し（5〜8点）,0.5777,"{'is_target': True, 'verdict': '点数絞り', 'max_combo_prob': 0.0874, 'est_top_odds': 15.3, 'circle_concentration': 72.6, 'eligible_count': 6, 'bet_adj': 0, 'reason': 'rel_win1=54.3%（本命度） / 最有力組み合わせ確率: 0.087（推定実オッズ?15倍） / 2着集中度: 上位2艇 72.6%（補正+0.04） / 総合判定確率: 0.127 / → ヒモはやや固め。上位2艇以外を切ること', 'tenji_trigger': '展示確認: 1号艇伸び良→そのまま採用。悪→飛び組に差し替え。circle_pct上位2艇に絞り込むこと。'}",,,29.4,逃げ狙い,23.6,27.3,2,,,,,,,,,,,
2026-04-01,丸亀,9,5,島村隆幸,A1,48.33,5,○,11.122,10.9,100,62.5,0.1583,2.8542,,,0,低,37,0,差ま0%,1143,0,97.3,1.881,0,0,0,0.125,0,0.05,0.05,0.1,,,A,◎,◎,0.2758,0.6615,0.296,0.5515,S,80,0,◎1着固定 2-3着流し（5〜8点）,0.5777,"{'is_target': True, 'verdict': '点数絞り', 'max_combo_prob': 0.0874, 'est_top_odds': 15.3, 'circle_concentration': 72.6, 'eligible_count': 6, 'bet_adj': 0, 'reason': 'rel_win1=54.3%（本命度） / 最有力組み合わせ確率: 0.087（推定実オッズ?15倍） / 2着集中度: 上位2艇 72.6%（補正+0.04） / 総合判定確率: 0.127 / → ヒモはやや固め。上位2艇以外を切ること', 'tenji_trigger': '展示確認: 1号艇伸び良→そのまま採用。悪→飛び組に差し替え。circle_pct上位2艇に絞り込むこと。'}",,,29.4,逃げ狙い,23.6,27.3,2,,,,,,,,,,,
2026-04-01,丸亀,9,6,杉山勝匡,B1,38.14,6,▲,4.2441,5.9,41,35.4,0.1483,2.9375,,,0,低,107,0,差ま0%,155,0,46.8,1.4928,0,0,0,0.0714,0,0.1889,0.1444,0.1593,,,B,△,,0.2952,0.6195,,0.5515,S,80,0,◎1着固定 2-3着流し（5〜8点）,0.5777,"{'is_target': True, 'verdict': '点数絞り', 'max_combo_prob': 0.0874, 'est_top_odds': 15.3, 'circle_concentration': 72.6, 'eligible_count': 6, 'bet_adj': 0, 'reason': 'rel_win1=54.3%（本命度） / 最有力組み合わせ確率: 0.087（推定実オッズ?15倍） / 2着集中度: 上位2艇 72.6%（補正+0.04） / 総合判定確率: 0.127 / → ヒモはやや固め。上位2艇以外を切ること', 'tenji_trigger': '展示確認: 1号艇伸び良→そのまま採用。悪→飛び組に差し替え。circle_pct上位2艇に絞り込むこと。'}",,,29.4,逃げ狙い,23.6,27.3,2,,,,,,,,,,,
2026-04-01,丸亀,10,1,小野達哉,A1,33.06,1,◎,64.3242,,0,92.9,0.1504,2.9192,,,0,低,87,0,逃1%,5661,0,69,1.0228,0.8095,,,,,0.0095,0.0286,0.0286,◎,,B,○,,,0.6745,,0.574,S,88,0,◎1着固定 2-3着流し（5〜8点）,0.5777,"{'is_target': True, 'verdict': '点数絞り', 'max_combo_prob': 0.0978, 'est_top_odds': 13.6, 'circle_concentration': 79.9, 'eligible_count': 6, 'bet_adj': 0, 'reason': 'rel_win1=64.3%（本命度） / 最有力組み合わせ確率: 0.098（推定実オッズ?14倍） / 2着集中度: 上位2艇 79.9%（補正+0.04） / 総合判定確率: 0.138 / → ヒモはやや固め。上位2艇以外を切ること', 'tenji_trigger': '展示確認: 1号艇伸び良→そのまま採用。悪→飛び組に差し替え。circle_pct上位2艇に絞り込むこと。'}",,,26.6,逃げ狙い,18.35,23.9,3,,,,,0,0,0.7559,0,,逃げ軸流し,A
2026-04-01,丸亀,10,2,林　祐介,A2,27.91,2,,7.5552,37.5,100,57.7,0.1665,3.9519,,,0,低,103,0,-,3 43,0,46.3,0.966,0,0.0588,0,0,0.0588,0.0154,0.1615,0.2923,,,D,△,,0.151,0.6605,,0.574,S,88,0,◎1着固定 2-3着流し（5〜8点）,0.5777,"{'is_target': True, 'verdict': '点数絞り', 'max_combo_prob': 0.0978, 'est_top_odds': 13.6, 'circle_concentration': 79.9, 'eligible_count': 6, 'bet_adj': 0, 'reason': 'rel_win1=64.3%（本命度） / 最有力組み合わせ確率: 0.098（推定実オッズ?14倍） / 2着集中度: 上位2艇 79.9%（補正+0.04） / 総合判定確率: 0.138 / → ヒモはやや固め。上位2艇以外を切ること', 'tenji_trigger': '展示確認: 1号艇伸び良→そのまま採用。悪→飛び組に差し替え。circle_pct上位2艇に絞り込むこと。'}",,,26.6,逃げ狙い,18.35,23.9,3,,,,,,,,,,,
2026-04-01,丸亀,10,3,永井彪也,A1,30.23,3,○,19.8822,42.4,86,91.2,0.1368,2.6618,,,0,低,28,0,ま0% 差ま0% 抜0%,5212,0,82.9,1.8037,0,0,0.1538,0.0769,0.0769,0,0,0.2762,,◎,C,◎,,0.3839,0.7025,,0.574,S,88,0,◎1着固定 2-3着流し（5〜8点）,0.5777,"{'is_target': True, 'verdict': '点数絞り', 'max_combo_prob': 0.0978, 'est_top_odds': 13.6, 'circle_concentration': 79.9, 'eligible_count': 6, 'bet_adj': 0, 'reason': 'rel_win1=64.3%（本命度） / 最有力組み合わせ確率: 0.098（推定実オッズ?14倍） / 2着集中度: 上位2艇 79.9%（補正+0.04） / 総合判定確率: 0.138 / → ヒモはやや固め。上位2艇以外を切ること', 'tenji_trigger': '展示確認: 1号艇伸び良→そのまま採用。悪→飛び組に差し替え。circle_pct上位2艇に絞り込むこと。'}",,,26.6,逃げ狙い,18.35,23.9,3,,,,,,,,,,,
2026-04-01,丸亀,10,4,貫地谷直,B1,27.42,4,,3.0656,2.6,67,21.3,0.2189,4.8511,,,0,低,204,0,-,655,0,14.7,0.5785,,,,,,0.0571,0.6214,0.2643,,,D,,,0.1346,0.5725,,0.574,S,88,0,◎1着固定 2-3着流し（5〜8点）,0.5777,"{'is_target': True, 'verdict': '点数絞り', 'max_combo_prob': 0.0978, 'est_top_odds': 13.6, 'circle_concentration': 79.9, 'eligible_count': 6, 'bet_adj': 0, 'reason': 'rel_win1=64.3%（本命度） / 最有力組み合わせ確率: 0.098（推定実オッズ?14倍） / 2着集中度: 上位2艇 79.9%（補正+0.04） / 総合判定確率: 0.138 / → ヒモはやや固め。上位2艇以外を切ること', 'tenji_trigger': '展示確認: 1号艇伸び良→そのまま採用。悪→飛び組に差し替え。circle_pct上位2艇に絞り込むこと。'}",,,26.6,逃げ狙い,18.35,23.9,3,,,,,,,,,,,
2026-04-01,丸亀,10,5,西岡蒼志,B1,28.13,5,△,3.8604,14.6,60,34.6,0.1569,3.0962,,,0,低,79,0,-,253,0,100,2.121,0,0,0,0.0417,0,0,0.27,0,,,D,,,0.2597,0.528,,0.574,S,88,0,◎1着固定 2-3着流し（5〜8点）,0.5777,"{'is_target': True, 'verdict': '点数絞り', 'max_combo_prob': 0.0978, 'est_top_odds': 13.6, 'circle_concentration': 79.9, 'eligible_count': 6, 'bet_adj': 0, 'reason': 'rel_win1=64.3%（本命度） / 最有力組み合わせ確率: 0.098（推定実オッズ?14倍） / 2着集中度: 上位2艇 79.9%（補正+0.04） / 総合判定確率: 0.138 / → ヒモはやや固め。上位2艇以外を切ること', 'tenji_trigger': '展示確認: 1号艇伸び良→そのまま採用。悪→飛び組に差し替え。circle_pct上位2艇に絞り込むこと。'}",,,26.6,逃げ狙い,18.35,23.9,3,,,,,,,,,,,
2026-04-01,丸亀,10,6,津久井拓,A2,35.59,6,▲,1.3124,2.9,52,22.2,0.1837,4.0347,,,0,低,129,0,-,3522,0,44.2,0.9853,,,,,,0.0324,0.1722,0.2039,,,B,△,,0.2077,0.6415,,0.574,S,88,0,◎1着固定 2-3着流し（5〜8点）,0.5777,"{'is_target': True, 'verdict': '点数絞り', 'max_combo_prob': 0.0978, 'est_top_odds': 13.6, 'circle_concentration': 79.9, 'eligible_count': 6, 'bet_adj': 0, 'reason': 'rel_win1=64.3%（本命度） / 最有力組み合わせ確率: 0.098（推定実オッズ?14倍） / 2着集中度: 上位2艇 79.9%（補正+0.04） / 総合判定確率: 0.138 / → ヒモはやや固め。上位2艇以外を切ること', 'tenji_trigger': '展示確認: 1号艇伸び良→そのまま採用。悪→飛び組に差し替え。circle_pct上位2艇に絞り込むこと。'}",,,26.6,逃げ狙い,18.35,23.9,3,,,,,,,,,,,
2026-04-01,丸亀,11,1,松田祐季,A1,40.63,1,◎,63.1491,,0,91.8,0.1466,2.7951,,,0,低,87,0,逃0%,442,0,93.3,1.2616,0.8065,,,,,0.0986,0.0258,0.0258,◎,,B,△,,,0.6335,,0.6297,S,82,0,◎1着固定 2-3着流し（5〜8点）,0.5777,"{'is_target': True, 'verdict': '点数絞り', 'max_combo_prob': 0.0875, 'est_top_odds': 15.2, 'circle_concentration': 71.6, 'eligible_count': 6, 'bet_adj': 0, 'reason': 'rel_win1=63.1%（本命度） / 最有力組み合わせ確率: 0.088（推定実オッズ?15倍） / 2着集中度: 上位2艇 71.6%（補正+0.04） / 総合判定確率: 0.128 / → ヒモはやや固め。上位2艇以外を切ること', 'tenji_trigger': '展示確認: 1号艇伸び良→そのまま採用。悪→飛び組に差し替え。circle_pct上位2艇に絞り込むこと。'}",,,27,逃げ狙い,18.05,25.2,2,,,,,0,0,0.7559,0,,逃げ軸流し,A
2026-04-01,丸亀,11,2,宮崎　奨,A2,28.23,2,▲,14.5309,43.2,86,73.4,0.1681,3.9766,,,0,低,134,0,差0%,332,0,49.8,1.121,0,0.16,0,0,0,0.0343,0.1571,0.2686,,,C,◎,,0.1221,0.658,,0.6297,S,82,0,◎1着固定 2-3着流し（5〜8点）,0.5777,"{'is_target': True, 'verdict': '点数絞り', 'max_combo_prob': 0.0875, 'est_top_odds': 15.2, 'circle_concentration': 71.6, 'eligible_count': 6, 'bet_adj': 0, 'reason': 'rel_win1=63.1%（本命度） / 最有力組み合わせ確率: 0.088（推定実オッズ?15倍） / 2着集中度: 上位2艇 71.6%（補正+0.04） / 総合判定確率: 0.128 / → ヒモはやや固め。上位2艇以外を切ること', 'tenji_trigger': '展示確認: 1号艇伸び良→そのまま採用。悪→飛び組に差し替え。circle_pct上位2艇に絞り込むこと。'}",,,27,逃げ狙い,18.05,25.2,2,,,,,,,,,,,
2026-04-01,丸亀,11,3,新田芳美,B1,41.27,3,○,9.6373,11.2,82,33.3,0.1578,3.3333,,,0,低,61,0,ま0% 抜0%,145,0,23.6,0.7479,0,0,0.2,0,0.05,0.08,0.0533,0.44,,,A,,,0.2664,0.6255,,0.6297,S,82,0,◎1着固定 2-3着流し（5〜8点）,0.5777,"{'is_target': True, 'verdict': '点数絞り', 'max_combo_prob': 0.0875, 'est_top_odds': 15.2, 'circle_concentration': 71.6, 'eligible_count': 6, 'bet_adj': 0, 'reason': 'rel_win1=63.1%（本命度） / 最有力組み合わせ確率: 0.088（推定実オッズ?15倍） / 2着集中度: 上位2艇 71.6%（補正+0.04） / 総合判定確率: 0.128 / → ヒモはやや固め。上位2艇以外を切ること', 'tenji_trigger': '展示確認: 1号艇伸び良→そのまま採用。悪→飛び組に差し替え。circle_pct上位2艇に絞り込むこと。'}",,,27,逃げ狙い,18.05,25.2,2,,,,,,,,,,,
2026-04-01,丸亀,11,4,篠田優也,A2,22.13,4,,4.7013,28.3,76,62.7,0.1427,2.9804,,,0,低,73,0,-,4351,0,43.3,0.7977,0,0,0,0.037,0.037,0.1125,0.1375,0.1125,,,E,△,,0.293,0.6415,,0.6297,S,82,0,◎1着固定 2-3着流し（5〜8点）,0.5777,"{'is_target': True, 'verdict': '点数絞り', 'max_combo_prob': 0.0875, 'est_top_odds': 15.2, 'circle_concentration': 71.6, 'eligible_count': 6, 'bet_adj': 0, 'reason': 'rel_win1=63.1%（本命度） / 最有力組み合わせ確率: 0.088（推定実オッズ?15倍） / 2着集中度: 上位2艇 71.6%（補正+0.04） / 総合判定確率: 0.128 / → ヒモはやや固め。上位2艇以外を切ること', 'tenji_trigger': '展示確認: 1号艇伸び良→そのまま採用。悪→飛び組に差し替え。circle_pct上位2艇に絞り込むこと。'}",,,27,逃げ狙い,18.05,25.2,2,,,,,,,,,,,
2026-04-01,丸亀,11,5,藤原仙二,A2,27.12,5,△,5.8278,16.9,100,52.5,0.1539,3.3197,,,0,低,93,0,抜0%,222,0,44.9,0.9669,0,0,0,0.05,0.15,0,0.08,0.28,,,D,,◎,0.2631,0.577,0.2556,0.6297,S,82,0,◎1着固定 2-3着流し（5〜8点）,0.5777,"{'is_target': True, 'verdict': '点数絞り', 'max_combo_prob': 0.0875, 'est_top_odds': 15.2, 'circle_concentration': 71.6, 'eligible_count': 6, 'bet_adj': 0, 'reason': 'rel_win1=63.1%（本命度） / 最有力組み合わせ確率: 0.088（推定実オッズ?15倍） / 2着集中度: 上位2艇 71.6%（補正+0.04） / 総合判定確率: 0.128 / → ヒモはやや固め。上位2艇以外を切ること', 'tenji_trigger': '展示確認: 1号艇伸び良→そのまま採用。悪→飛び組に差し替え。circle_pct上位2艇に絞り込むこと。'}",,,27,逃げ狙い,18.05,25.2,2,,,,,,,,,,,
2026-04-01,丸亀,11,6,富永修一,A1,25.21,6,,2.1536,0.3,54,31.5,0.1505,3.5616,,,0,低,92,0,-,1 15,0,32.7,1.0064,,,,,,0.1257,0.1257,0.1124,,,D,○,,0.301,0.6455,,0.6297,S,82,0,◎1着固定 2-3着流し（5〜8点）,0.5777,"{'is_target': True, 'verdict': '点数絞り', 'max_combo_prob': 0.0875, 'est_top_odds': 15.2, 'circle_concentration': 71.6, 'eligible_count': 6, 'bet_adj': 0, 'reason': 'rel_win1=63.1%（本命度） / 最有力組み合わせ確率: 0.088（推定実オッズ?15倍） / 2着集中度: 上位2艇 71.6%（補正+0.04） / 総合判定確率: 0.128 / → ヒモはやや固め。上位2艇以外を切ること', 'tenji_trigger': '展示確認: 1号艇伸び良→そのまま採用。悪→飛び組に差し替え。circle_pct上位2艇に絞り込むこと。'}",,,27,逃げ狙い,18.05,25.2,2,,,,,,,,,,,
2026-04-01,丸亀,12,1,小坂尚哉,A1,38.89,1,◎,61.532,,0,97.8,0.1389,2.4239,,,0,低,81,0,逃1%,131,0,84.9,1.0565,0.7317,,,,,0.0488,0.0488,0.0976,◎,,B,○,,,0.657,,0.6065,S,91,0,◎1着固定 2-3着流し（5〜8点）,0.5777,"{'is_target': True, 'verdict': '点数絞り', 'max_combo_prob': 0.0951, 'est_top_odds': 14.0, 'circle_concentration': 79.2, 'eligible_count': 6, 'bet_adj': 0, 'reason': 'rel_win1=61.5%（本命度） / 最有力組み合わせ確率: 0.095（推定実オッズ?14倍） / 2着集中度: 上位2艇 79.2%（補正+0.04） / 総合判定確率: 0.135 / → ヒモはやや固め。上位2艇以外を切ること', 'tenji_trigger': '展示確認: 1号艇伸び良→そのまま採用。悪→飛び組に差し替え。circle_pct上位2艇に絞り込むこと。\n展示で1号艇スタート超安定(0.139秒)→ヒモ固まり方向に注意'}",,,28,逃げ狙い,21.47,25.1,2,,,,,0,0,0.7559,0,,逃げ軸流し,A
2026-04-01,丸亀,12,2,高倉和士,A1,29.23,2,▲,17.2794,52.4,79,87,0.1252,2.3913,,,0,低,42,0,差0% ま0%,2513,0,83.2,1.4109,0,0.1905,0.0952,0,0,0.0114,0.0343,0.2936,,◎,D,◎,,0.4856,0.673,,0.6065,S,91,0,◎1着固定 2-3着流し（5〜8点）,0.5777,"{'is_target': True, 'verdict': '点数絞り', 'max_combo_prob': 0.0951, 'est_top_odds': 14.0, 'circle_concentration': 79.2, 'eligible_count': 6, 'bet_adj': 0, 'reason': 'rel_win1=61.5%（本命度） / 最有力組み合わせ確率: 0.095（推定実オッズ?14倍） / 2着集中度: 上位2艇 79.2%（補正+0.04） / 総合判定確率: 0.135 / → ヒモはやや固め。上位2艇以外を切ること', 'tenji_trigger': '展示確認: 1号艇伸び良→そのまま採用。悪→飛び組に差し替え。circle_pct上位2艇に絞り込むこと。\n展示で1号艇スタート超安定(0.139秒)→ヒモ固まり方向に注意'}",,,28,逃げ狙い,21.47,25.1,2,,,,,,,,,,,
2026-04-01,丸亀,12,3,前野竜一,A2,23.14,3,,6.4864,26.8,100,59.3,0.1643,3.5556,,,0,低,115,0,-,6 44,0,61.6,0.9975,0,0,0.0476,0.0476,0,0.0133,0.2267,0.1067,,,E,,,0.1651,0.5985,,0.6065,S,91,0,◎1着固定 2-3着流し（5〜8点）,0.5777,"{'is_target': True, 'verdict': '点数絞り', 'max_combo_prob': 0.0951, 'est_top_odds': 14.0, 'circle_concentration': 79.2, 'eligible_count': 6, 'bet_adj': 0, 'reason': 'rel_win1=61.5%（本命度） / 最有力組み合わせ確率: 0.095（推定実オッズ?14倍） / 2着集中度: 上位2艇 79.2%（補正+0.04） / 総合判定確率: 0.135 / → ヒモはやや固め。上位2艇以外を切ること', 'tenji_trigger': '展示確認: 1号艇伸び良→そのまま採用。悪→飛び組に差し替え。circle_pct上位2艇に絞り込むこと。\n展示で1号艇スタート超安定(0.139秒)→ヒモ固まり方向に注意'}",,,28,逃げ狙い,21.47,25.1,2,,,,,,,,,,,
2026-04-01,丸亀,12,4,山田亮太,A2,42.06,4,○,7.9091,8.1,93,46.7,0.1592,3.35,,,0,低,92,0,-,1 14,0,19.1,0.4966,0,0,0.1852,0,0,0.1058,0.0308,0.0615,,,A,△,◎,0.2605,0.642,0.2722,0.6065,S,91,0,◎1着固定 2-3着流し（5〜8点）,0.5777,"{'is_target': True, 'verdict': '点数絞り', 'max_combo_prob': 0.0951, 'est_top_odds': 14.0, 'circle_concentration': 79.2, 'eligible_count': 6, 'bet_adj': 0, 'reason': 'rel_win1=61.5%（本命度） / 最有力組み合わせ確率: 0.095（推定実オッズ?14倍） / 2着集中度: 上位2艇 79.2%（補正+0.04） / 総合判定確率: 0.135 / → ヒモはやや固め。上位2艇以外を切ること', 'tenji_trigger': '展示確認: 1号艇伸び良→そのまま採用。悪→飛び組に差し替え。circle_pct上位2艇に絞り込むこと。\n展示で1号艇スタート超安定(0.139秒)→ヒモ固まり方向に注意'}",,,28,逃げ狙い,21.47,25.1,2,,,,,,,,,,,
2026-04-01,丸亀,12,5,高井雄基,A2,28.30,5,△,4.8328,10.8,72,50,0.1514,3.7639,,,0,低,86,0,差ま0%,4 65,0,81.6,1.3731,0,0,0,0.1176,0,0,0.0889,0.0444,,,D,,,0.2645,0.579,,0.6065,S,91,0,◎1着固定 2-3着流し（5〜8点）,0.5777,"{'is_target': True, 'verdict': '点数絞り', 'max_combo_prob': 0.0951, 'est_top_odds': 14.0, 'circle_concentration': 79.2, 'eligible_count': 6, 'bet_adj': 0, 'reason': 'rel_win1=61.5%（本命度） / 最有力組み合わせ確率: 0.095（推定実オッズ?14倍） / 2着集中度: 上位2艇 79.2%（補正+0.04） / 総合判定確率: 0.135 / → ヒモはやや固め。上位2艇以外を切ること', 'tenji_trigger': '展示確認: 1号艇伸び良→そのまま採用。悪→飛び組に差し替え。circle_pct上位2艇に絞り込むこと。\n展示で1号艇スタート超安定(0.139秒)→ヒモ固まり方向に注意'}",,,28,逃げ狙い,21.47,25.1,2,,,,,,,,,,,
2026-04-01,丸亀,12,6,竹田吉行,A2,32.50,6,,1.9602,1.9,74,27.3,0.1843,4.1591,,,0,低,115,0,抜0%,134,0,47,1.1606,0,0,0,0,0.0476,0.0606,0.0825,0.2452,,,C,△,,0.1742,0.63,,0.6065,S,91,0,◎1着固定 2-3着流し（5〜8点）,0.5777,"{'is_target': True, 'verdict': '点数絞り', 'max_combo_prob': 0.0951, 'est_top_odds': 14.0, 'circle_concentration': 79.2, 'eligible_count': 6, 'bet_adj': 0, 'reason': 'rel_win1=61.5%（本命度） / 最有力組み合わせ確率: 0.095（推定実オッズ?14倍） / 2着集中度: 上位2艇 79.2%（補正+0.04） / 総合判定確率: 0.135 / → ヒモはやや固め。上位2艇以外を切ること', 'tenji_trigger': '展示確認: 1号艇伸び良→そのまま採用。悪→飛び組に差し替え。circle_pct上位2艇に絞り込むこと。\n展示で1号艇スタート超安定(0.139秒)→ヒモ固まり方向に注意'}",,,28,逃げ狙い,21.47,25.1,2,,,,,,,,,,,
2026-04-02,丸亀,1,1,西岡蒼志,B1,28.13,1,◎,59.5733,,0,75,0.1237,3.375,,,0,低,79,1,逃1%,253 64,0,93.9,1.276,0.625,,,,,0,0.27,0,◎⚠️,,C,△,,,0.528,,0.5476,A,64,0,◎-○軸 3着3〜4艇流し（10〜15点）,0.5777,"{'is_target': True, 'verdict': '点数絞り', 'max_combo_prob': 0.0878, 'est_top_odds': 15.2, 'circle_concentration': 71.6, 'eligible_count': 8, 'bet_adj': 0, 'reason': 'rel_win1=59.6%（本命度） / 最有力組み合わせ確率: 0.088（推定実オッズ?15倍） / 2着集中度: 上位2艇 71.6%（補正+0.04） / 総合判定確率: 0.128 / → ヒモはやや固め。上位2艇以外を切ること', 'tenji_trigger': '展示確認: 1号艇伸び良→そのまま採用。悪→飛び組に差し替え。circle_pct上位2艇に絞り込むこと。\n展示で1号艇スタート超安定(0.124秒)→ヒモ固まり方向に注意'}",,,26.6,両建て推奨,13.16,28.2,2,4-5-6|4-3-6|4-5-1|4-6-1|4-3-1|4-6-5|4-3-5|4-1-3|4-1-2|4-1-6|1-2-4|1-2-3,4-5-6|4-3-6|4-5-1|4-6-1|4-3-1|4-6-5|4-3-5|4-1-3|4-1-2|4-1-6|1-2-4|1-2-3,4-5-6:0.85%|4-3-6:0.74%|4-5-1:0.73%|4-6-1:0.7%|4-3-1:0.63%|4-6-5:0.37%|4-3-5:0.34%|4-1-3:17.32%|4-1-2:16.23%|4-1-6:8.11%|1-2-4:4.08%|1-2-3:3.96%,4-5-6:B_main|4-3-6:B_main|4-5-1:B_main|4-6-1:B_main|4-3-1:B_main|4-6-5:B_main|4-3-5:B_main|4-1-3:B_sc|4-1-2:B_sc|4-1-6:B_sc|1-2-4:A|1-2-3:A,12,12,0.4535,1,[!]見送り推奨（主役決まり手「まくり」― 逃げ劣勢レースで的中実績なし）,主役軸流し,B
2026-04-02,丸亀,1,2,柴田大輔,B1,25.41,2,,16.512,44,100,70.2,0.1777,4.0175,,,0,低,176,0,-,366 45,0,29.7,0.6879,0,0.1562,0.0312,0,0.0625,0.2769,0.2923,0.2769,,,D,,,0.0835,0.4955,,0.5476,A,64,0,◎-○軸 3着3〜4艇流し（10〜15点）,0.5777,"{'is_target': True, 'verdict': '点数絞り', 'max_combo_prob': 0.0878, 'est_top_odds': 15.2, 'circle_concentration': 71.6, 'eligible_count': 8, 'bet_adj': 0, 'reason': 'rel_win1=59.6%（本命度） / 最有力組み合わせ確率: 0.088（推定実オッズ?15倍） / 2着集中度: 上位2艇 71.6%（補正+0.04） / 総合判定確率: 0.128 / → ヒモはやや固め。上位2艇以外を切ること', 'tenji_trigger': '展示確認: 1号艇伸び良→そのまま採用。悪→飛び組に差し替え。circle_pct上位2艇に絞り込むこと。\n展示で1号艇スタート超安定(0.124秒)→ヒモ固まり方向に注意'}",,,26.6,両建て推奨,13.16,28.2,2,,,,,,,,,,,
2026-04-02,丸亀,1,3,今坂晃広,B1,34.75,3,▲,7.0949,27.5,66,40.8,0.1763,3.6645,,,0,低,154,0,-,1 655,0,43.2,0.9738,0,0,0,0.0294,0,0.0462,0.1969,0.0462,,,B,◎,,0.1025,0.681,,0.5476,A,64,0,◎-○軸 3着3〜4艇流し（10〜15点）,0.5777,"{'is_target': True, 'verdict': '点数絞り', 'max_combo_prob': 0.0878, 'est_top_odds': 15.2, 'circle_concentration': 71.6, 'eligible_count': 8, 'bet_adj': 0, 'reason': 'rel_win1=59.6%（本命度） / 最有力組み合わせ確率: 0.088（推定実オッズ?15倍） / 2着集中度: 上位2艇 71.6%（補正+0.04） / 総合判定確率: 0.128 / → ヒモはやや固め。上位2艇以外を切ること', 'tenji_trigger': '展示確認: 1号艇伸び良→そのまま採用。悪→飛び組に差し替え。circle_pct上位2艇に絞り込むこと。\n展示で1号艇スタート超安定(0.124秒)→ヒモ固まり方向に注意'}",,,26.6,両建て推奨,13.16,28.2,2,,,,,,,,,,,
2026-04-02,丸亀,1,4,高田　綾,B1,35.48,4,○,9.8062,11.9,98,42.9,0.2,3.6429,,,0,低,47,0,-,6 144,0,55.4,0.486,,,,,,0,0.1538,0.2308,,,B,△,,0.1389,0.5525,,0.5476,A,64,0,◎-○軸 3着3〜4艇流し（10〜15点）,0.5777,"{'is_target': True, 'verdict': '点数絞り', 'max_combo_prob': 0.0878, 'est_top_odds': 15.2, 'circle_concentration': 71.6, 'eligible_count': 8, 'bet_adj': 0, 'reason': 'rel_win1=59.6%（本命度） / 最有力組み合わせ確率: 0.088（推定実オッズ?15倍） / 2着集中度: 上位2艇 71.6%（補正+0.04） / 総合判定確率: 0.128 / → ヒモはやや固め。上位2艇以外を切ること', 'tenji_trigger': '展示確認: 1号艇伸び良→そのまま採用。悪→飛び組に差し替え。circle_pct上位2艇に絞り込むこと。\n展示で1号艇スタート超安定(0.124秒)→ヒモ固まり方向に注意'}",,,26.6,両建て推奨,13.16,28.2,2,,,,,,,,,,,
2026-04-02,丸亀,1,5,堀内亜海,B2,19.53,5,,5.8077,9.9,75,0,0.2475,5,,,0,低,39,1,-,6 666,0,21,0.644,,,,,,,,,,,E,,,0.135,0.4305,,0.5476,A,64,0,◎-○軸 3着3〜4艇流し（10〜15点）,0.5777,"{'is_target': True, 'verdict': '点数絞り', 'max_combo_prob': 0.0878, 'est_top_odds': 15.2, 'circle_concentration': 71.6, 'eligible_count': 8, 'bet_adj': 0, 'reason': 'rel_win1=59.6%（本命度） / 最有力組み合わせ確率: 0.088（推定実オッズ?15倍） / 2着集中度: 上位2艇 71.6%（補正+0.04） / 総合判定確率: 0.128 / → ヒモはやや固め。上位2艇以外を切ること', 'tenji_trigger': '展示確認: 1号艇伸び良→そのまま採用。悪→飛び組に差し替え。circle_pct上位2艇に絞り込むこと。\n展示で1号艇スタート超安定(0.124秒)→ヒモ固まり方向に注意'}",,,26.6,両建て推奨,13.16,28.2,2,,,,,,,,,,,
2026-04-02,丸亀,1,6,垂水　悠,B1,33.06,6,△,1.2059,6.6,54,27.3,0.1382,2.8788,,,0,低,36,0,-,1 561,0,21,1.1006,,,,,,0.3077,0.2308,0.2308,,,C,○,,0.2639,0.632,,0.5476,A,64,0,◎-○軸 3着3〜4艇流し（10〜15点）,0.5777,"{'is_target': True, 'verdict': '点数絞り', 'max_combo_prob': 0.0878, 'est_top_odds': 15.2, 'circle_concentration': 71.6, 'eligible_count': 8, 'bet_adj': 0, 'reason': 'rel_win1=59.6%（本命度） / 最有力組み合わせ確率: 0.088（推定実オッズ?15倍） / 2着集中度: 上位2艇 71.6%（補正+0.04） / 総合判定確率: 0.128 / → ヒモはやや固め。上位2艇以外を切ること', 'tenji_trigger': '展示確認: 1号艇伸び良→そのまま採用。悪→飛び組に差し替え。circle_pct上位2艇に絞り込むこと。\n展示で1号艇スタート超安定(0.124秒)→ヒモ固まり方向に注意'}",,,26.6,両建て推奨,13.16,28.2,2,,,,,,,,,,,
2026-04-02,丸亀,2,1,井川大作,B1,33.86,1,◎,48.0904,,0,75.5,0.1704,3.4811,,,0,低,89,0,-,1 144,0,85,1.09,0.2083,,,,,0.3033,0.0933,0.2633,△,,C,○,,,0.617,,0.235,A,68,0,◎-○軸 3着3〜4艇流し（10〜15点）,0.5777,"{'is_target': True, 'verdict': '点数絞り', 'max_combo_prob': 0.0973, 'est_top_odds': 13.7, 'circle_concentration': 80.9, 'eligible_count': 8, 'bet_adj': 0, 'reason': 'rel_win1=48.1%（本命度） / 最有力組み合わせ確率: 0.097（推定実オッズ?14倍） / 2着集中度: 上位2艇 80.9%（補正+0.04） / 総合判定確率: 0.137 / → ヒモはやや固め。上位2艇以外を切ること', 'tenji_trigger': '展示確認: 1号艇伸び良→そのまま採用。悪→飛び組に差し替え。circle_pct上位2艇に絞り込むこと。'}",,,24,逃げ狙い,10.72,37.2,2,2-3-4|2-3-6|1-2-4|1-3-4|1-3-2|1-2-3|1-4-2,6-1-3|5-1-6|2-3-4|6-1-4|5-1-3|2-3-6|6-3-1|1-2-4|1-3-4|1-3-2|1-2-3|1-4-2,2-3-4:2.68%|2-3-6:1.79%|1-2-4:7.06%|1-3-4:6.68%|1-3-2:6.66%|1-2-3:6.02%|1-4-2:3.38%,2-3-4:B_main|2-3-6:B_main|1-2-4:A|1-3-4:A|1-3-2:A|1-2-3:A|1-4-2:A,7,12,0.4535,1,[!]見送り推奨（主役決まり手「まくり」― 逃げ劣勢レースで的中実績なし）,荒れ広め,D
2026-04-02,丸亀,2,2,山戸信二,B1,45.24,2,○,15.6603,32.7,49,37.5,0.1443,2.9107,,,0,低,117,0,差0% ま0%,3 341,0,60.2,0.7033,0,0.0345,0.069,0,0,0.4333,0.2167,0.0444,,◎,A,△,,0.606,0.5985,,0.235,A,68,0,◎-○軸 3着3〜4艇流し（10〜15点）,0.5777,"{'is_target': True, 'verdict': '点数絞り', 'max_combo_prob': 0.0973, 'est_top_odds': 13.7, 'circle_concentration': 80.9, 'eligible_count': 8, 'bet_adj': 0, 'reason': 'rel_win1=48.1%（本命度） / 最有力組み合わせ確率: 0.097（推定実オッズ?14倍） / 2着集中度: 上位2艇 80.9%（補正+0.04） / 総合判定確率: 0.137 / → ヒモはやや固め。上位2艇以外を切ること', 'tenji_trigger': '展示確認: 1号艇伸び良→そのまま採用。悪→飛び組に差し替え。circle_pct上位2艇に絞り込むこと。'}",,,24,逃げ狙い,10.72,37.2,2,,,,,,,,,,,
2026-04-02,丸亀,2,3,関野　文,A2,20.66,3,,15.5243,48.1,59,67.7,0.165,2.9706,,,0,低,58,0,-,21236,0,47.2,1.0662,0,0,0.0526,0,0,0.0932,0.0727,0.2409,,,E,△,,0.3406,0.6135,,0.235,A,68,0,◎-○軸 3着3〜4艇流し（10〜15点）,0.5777,"{'is_target': True, 'verdict': '点数絞り', 'max_combo_prob': 0.0973, 'est_top_odds': 13.7, 'circle_concentration': 80.9, 'eligible_count': 8, 'bet_adj': 0, 'reason': 'rel_win1=48.1%（本命度） / 最有力組み合わせ確率: 0.097（推定実オッズ?14倍） / 2着集中度: 上位2艇 80.9%（補正+0.04） / 総合判定確率: 0.137 / → ヒモはやや固め。上位2艇以外を切ること', 'tenji_trigger': '展示確認: 1号艇伸び良→そのまま採用。悪→飛び組に差し替え。circle_pct上位2艇に絞り込むこと。'}",,,24,逃げ狙い,10.72,37.2,2,,,,,,,,,,,
2026-04-02,丸亀,2,4,松本博昭,A2,22.88,4,,10.3245,12.7,100,53.2,0.1662,3.7468,,,0,低,179,0,ま0% 差ま0%,2 3523,0,63.1,1.1577,0,0,0.0303,0.0303,0,0.1237,0.0157,0.1472,,,D,◎,,0.3151,0.6525,,0.235,A,68,0,◎-○軸 3着3〜4艇流し（10〜15点）,0.5777,"{'is_target': True, 'verdict': '点数絞り', 'max_combo_prob': 0.0973, 'est_top_odds': 13.7, 'circle_concentration': 80.9, 'eligible_count': 8, 'bet_adj': 0, 'reason': 'rel_win1=48.1%（本命度） / 最有力組み合わせ確率: 0.097（推定実オッズ?14倍） / 2着集中度: 上位2艇 80.9%（補正+0.04） / 総合判定確率: 0.137 / → ヒモはやや固め。上位2艇以外を切ること', 'tenji_trigger': '展示確認: 1号艇伸び良→そのまま採用。悪→飛び組に差し替え。circle_pct上位2艇に絞り込むこと。'}",,,24,逃げ狙い,10.72,37.2,2,,,,,,,,,,,
2026-04-02,丸亀,2,5,原村拓也,B1,40.80,5,▲,5.507,3.4,59,30.9,0.1841,3.8382,,,0,低,159,0,-,4 464,0,27,1.1093,,,,,,0.3114,0.1257,0.02,,,B,,,0.284,0.5855,,0.235,A,68,0,◎-○軸 3着3〜4艇流し（10〜15点）,0.5777,"{'is_target': True, 'verdict': '点数絞り', 'max_combo_prob': 0.0973, 'est_top_odds': 13.7, 'circle_concentration': 80.9, 'eligible_count': 8, 'bet_adj': 0, 'reason': 'rel_win1=48.1%（本命度） / 最有力組み合わせ確率: 0.097（推定実オッズ?14倍） / 2着集中度: 上位2艇 80.9%（補正+0.04） / 総合判定確率: 0.137 / → ヒモはやや固め。上位2艇以外を切ること', 'tenji_trigger': '展示確認: 1号艇伸び良→そのまま採用。悪→飛び組に差し替え。circle_pct上位2艇に絞り込むこと。'}",,,24,逃げ狙い,10.72,37.2,2,,,,,,,,,,,
2026-04-02,丸亀,2,6,島田一生,B1,28.81,6,△,4.8936,3,30,16.7,0.1656,3.5104,,,0,低,101,0,-,5 266,0,44.4,0.9594,0,0,0.0556,0,0,0.1905,0.2857,0.0476,,,D,,,0.3171,0.569,,0.235,A,68,0,◎-○軸 3着3〜4艇流し（10〜15点）,0.5777,"{'is_target': True, 'verdict': '点数絞り', 'max_combo_prob': 0.0973, 'est_top_odds': 13.7, 'circle_concentration': 80.9, 'eligible_count': 8, 'bet_adj': 0, 'reason': 'rel_win1=48.1%（本命度） / 最有力組み合わせ確率: 0.097（推定実オッズ?14倍） / 2着集中度: 上位2艇 80.9%（補正+0.04） / 総合判定確率: 0.137 / → ヒモはやや固め。上位2艇以外を切ること', 'tenji_trigger': '展示確認: 1号艇伸び良→そのまま採用。悪→飛び組に差し替え。circle_pct上位2艇に絞り込むこと。'}",,,24,逃げ狙い,10.72,37.2,2,,,,,,,,,,,
2026-04-02,丸亀,3,1,中野和裕,B1,43.65,1,◎,41.5881,,0,50,0.1727,3.3409,,,0,低,136,0,逃0%,3 155,0,36.4,0.6769,0.1667,,,,,0.2667,0.3111,0.3333,△,,A,,,,0.559,,0.2341,C,35,0,荒れ傾向。高配当狙いか見送り,0.5777,"{'is_target': False, 'verdict': '対象外', 'max_combo_prob': None, 'est_top_odds': None, 'circle_concentration': None, 'eligible_count': 0, 'bet_adj': 0, 'reason': '1号艇rel_win1 < 45%: 通常判定に委ねる', 'tenji_trigger': ''}",,,32.4,両建て推奨,15.79,42.6,3,3-1-4|1-2-3|1-3-4|1-3-2|1-2-4|1-4-3,6-1-2|4-1-5|4-1-6|3-1-4|6-1-4|6-2-1|4-5-6|1-2-3|1-3-4|1-3-2|1-2-4|1-4-3,3-1-4:2.39%|1-2-3:5.45%|1-3-4:5.42%|1-3-2:5.3%|1-2-4:5.28%|1-4-3:4.7%,3-1-4:B_main|1-2-3:A|1-3-4:A|1-3-2:A|1-2-4:A|1-4-3:A,6,12,0.4535,1,[!]見送り推奨（主役決まり手「まくり差し」― 逃げ劣勢レースで的中実績なし）,荒れ広め,D
2026-04-02,丸亀,3,2,寺本昇平,B1,40.48,2,△,14.7358,33.1,83,53.7,0.1778,3.9722,,,0,低,124,0,差0% 抜0%,5 336,0,82.8,0.9181,0,0.0323,0,0,0.0323,0.3323,0.1231,0.1508,,,B,△,,0.2945,0.6215,,0.2341,C,35,0,荒れ傾向。高配当狙いか見送り,0.5777,"{'is_target': False, 'verdict': '対象外', 'max_combo_prob': None, 'est_top_odds': None, 'circle_concentration': None, 'eligible_count': 0, 'bet_adj': 0, 'reason': '1号艇rel_win1 < 45%: 通常判定に委ねる', 'tenji_trigger': ''}",,,32.4,両建て推奨,15.79,42.6,3,,,,,,,,,,,
2026-04-02,丸亀,3,3,宮下元胤,A1,30.00,3,▲,19.8487,28.9,100,71.9,0.1486,3.2656,,,0,低,126,0,-,24262,0,48.4,1.0679,0,0,0.0357,0.0714,0.0357,0.1767,0.1283,0.115,,◎,D,○,,0.459,0.6615,,0.2341,C,35,0,荒れ傾向。高配当狙いか見送り,0.5777,"{'is_target': False, 'verdict': '対象外', 'max_combo_prob': None, 'est_top_odds': None, 'circle_concentration': None, 'eligible_count': 0, 'bet_adj': 0, 'reason': '1号艇rel_win1 < 45%: 通常判定に委ねる', 'tenji_trigger': ''}",,,32.4,両建て推奨,15.79,42.6,3,,,,,,,,,,,
2026-04-02,丸亀,3,4,前野竜一,A2,23.14,4,,9.4759,23,73,51.8,0.1593,3.0357,,,0,低,115,0,-,6 4436,0,79.5,1.3147,,,,,,0.0133,0.2267,0.1067,,△,E,,,0.4112,0.5985,,0.2341,C,35,0,荒れ傾向。高配当狙いか見送り,0.5777,"{'is_target': False, 'verdict': '対象外', 'max_combo_prob': None, 'est_top_odds': None, 'circle_concentration': None, 'eligible_count': 0, 'bet_adj': 0, 'reason': '1号艇rel_win1 < 45%: 通常判定に委ねる', 'tenji_trigger': ''}",,,32.4,両建て推奨,15.79,42.6,3,,,,,,,,,,,
2026-04-02,丸亀,3,5,藤田竜弘,B1,36.29,5,,9.4652,10.4,67,42.3,0.1612,3.3782,,,0,低,145,0,差ま0%,261 23,0,25.6,0.6517,0,0.0286,0,0.0286,0,0.3516,0.3161,0.0774,,,C,◎,,0.361,0.6755,,0.2341,C,35,0,荒れ傾向。高配当狙いか見送り,0.5777,"{'is_target': False, 'verdict': '対象外', 'max_combo_prob': None, 'est_top_odds': None, 'circle_concentration': None, 'eligible_count': 0, 'bet_adj': 0, 'reason': '1号艇rel_win1 < 45%: 通常判定に委ねる', 'tenji_trigger': ''}",,,32.4,両建て推奨,15.79,42.6,3,,,,,,,,,,,
2026-04-02,丸亀,3,6,山田亮太,A2,42.06,6,○,4.8861,4.6,68,34.8,0.1452,3.2935,,,0,低,92,0,-,1 1433,0,36,1.4453,,,,,,0.1058,0.0308,0.0615,,○,B,△,,0.4482,0.642,,0.2341,C,35,0,荒れ傾向。高配当狙いか見送り,0.5777,"{'is_target': False, 'verdict': '対象外', 'max_combo_prob': None, 'est_top_odds': None, 'circle_concentration': None, 'eligible_count': 0, 'bet_adj': 0, 'reason': '1号艇rel_win1 < 45%: 通常判定に委ねる', 'tenji_trigger': ''}",,,32.4,両建て推奨,15.79,42.6,3,,,,,,,,,,,
2026-04-02,丸亀,4,1,貫地谷直,B1,27.42,1,▲,36.4115,,0,40.9,0.1943,4.0455,,,0,低,204,0,逃0%,655 66,0,100,1.9072,0.0476,,,,,0.0571,0.6214,0.2643,,,C,,,,0.5725,,0.0853,D,19,1,大荒れ。見送り推奨,0.5777,"{'is_target': False, 'verdict': '対象外', 'max_combo_prob': None, 'est_top_odds': None, 'circle_concentration': None, 'eligible_count': 0, 'bet_adj': 0, 'reason': '1号艇rel_win1 < 45%: 通常判定に委ねる', 'tenji_trigger': ''}",,,38.2,両建て推奨,16.76,44.1,2,2-1-3|2-1-4|2-3-1|2-1-5|2-3-4|2-4-1|2-4-3|1-2-4|1-3-4|1-2-3,2-1-3|2-1-4|2-3-1|2-1-5|2-3-4|2-4-1|2-4-3|1-2-4|1-3-4|1-2-3|6-1-4|6-1-3,2-1-3:3.19%|2-1-4:2.61%|2-3-1:0.98%|2-1-5:0.93%|2-3-4:0.46%|2-4-1:0.4%|2-4-3:0.23%|1-2-4:6.21%|1-3-4:5.35%|1-2-3:5.16%,2-1-3:B_main|2-1-4:B_main|2-3-1:B_main|2-1-5:B_main|2-3-4:B_main|2-4-1:B_main|2-4-3:B_main|1-2-4:A|1-3-4:A|1-2-3:A,10,12,0.2915,1,[!]見送り推奨（主役決まり手「差し」― 逃げ劣勢レースで的中実績なし）,主役軸流し,B
2026-04-02,丸亀,4,2,樋口　亮,A2,27.50,2,◎,25.2895,39.1,58,63.6,0.1647,3.3455,,,0,低,133,0,ま1%,4 3454,0,47.5,1.0407,0,0.12,0.08,0,0.04,0.2161,0.0805,0.0276,,◎,C,△,,0.5846,0.601,,0.0853,D,19,1,大荒れ。見送り推奨,0.5777,"{'is_target': False, 'verdict': '対象外', 'max_combo_prob': None, 'est_top_odds': None, 'circle_concentration': None, 'eligible_count': 0, 'bet_adj': 0, 'reason': '1号艇rel_win1 < 45%: 通常判定に委ねる', 'tenji_trigger': ''}",,,38.2,両建て推奨,16.76,44.1,2,,,,,,,,,,,
2026-04-02,丸亀,4,3,宮崎　奨,A2,28.23,3,○,18.0785,33.9,100,70.4,0.1585,3.5,,,0,低,134,0,-,332 46,0,54.3,1.2377,0,0,0,0.0952,0.0476,0.0343,0.1571,0.2686,,△,B,◎,,0.5322,0.658,,0.0853,D,19,1,大荒れ。見送り推奨,0.5777,"{'is_target': False, 'verdict': '対象外', 'max_combo_prob': None, 'est_top_odds': None, 'circle_concentration': None, 'eligible_count': 0, 'bet_adj': 0, 'reason': '1号艇rel_win1 < 45%: 通常判定に委ねる', 'tenji_trigger': ''}",,,38.2,両建て推奨,16.76,44.1,2,,,,,,,,,,,
2026-04-02,丸亀,4,4,富永修一,A1,25.21,4,△,13.7461,17.3,97,66.1,0.1245,2.5403,,,0,低,92,0,-,1 1545,0,39.9,0.8443,0,0,0,0.087,0,0.1257,0.1257,0.1124,,○,D,○,◎,0.5624,0.6455,0.4758,0.0853,D,19,1,大荒れ。見送り推奨,0.5777,"{'is_target': False, 'verdict': '対象外', 'max_combo_prob': None, 'est_top_odds': None, 'circle_concentration': None, 'eligible_count': 0, 'bet_adj': 0, 'reason': '1号艇rel_win1 < 45%: 通常判定に委ねる', 'tenji_trigger': ''}",,,38.2,両建て推奨,16.76,44.1,2,,,,,,,,,,,
2026-04-02,丸亀,4,5,平岡重典,B1,26.05,5,,5.1356,9.5,50,22.9,0.1854,3.8115,,,0,低,154,0,差ま0%,6 263,0,33.5,0.711,0,0,0,0.0385,0,0.1881,0.2643,0.0762,,,D,△,,0.4033,0.6,,0.0853,D,19,1,大荒れ。見送り推奨,0.5777,"{'is_target': False, 'verdict': '対象外', 'max_combo_prob': None, 'est_top_odds': None, 'circle_concentration': None, 'eligible_count': 0, 'bet_adj': 0, 'reason': '1号艇rel_win1 < 45%: 通常判定に委ねる', 'tenji_trigger': ''}",,,38.2,両建て推奨,16.76,44.1,2,,,,,,,,,,,
2026-04-02,丸亀,4,6,小畑楓夏,B2,26.89,6,,1.3388,0.2,29,2.7,0.2147,4.1933,,,0,低,40,0,-,656 56,0,24.3,0.5461,,,,,,,,,,,D,,,0.3421,0.4095,,0.0853,D,19,1,大荒れ。見送り推奨,0.5777,"{'is_target': False, 'verdict': '対象外', 'max_combo_prob': None, 'est_top_odds': None, 'circle_concentration': None, 'eligible_count': 0, 'bet_adj': 0, 'reason': '1号艇rel_win1 < 45%: 通常判定に委ねる', 'tenji_trigger': ''}",,,38.2,両建て推奨,16.76,44.1,2,,,,,,,,,,,
2026-04-02,丸亀,5,1,松本　怜,B1,51.61,1,◎,48.7455,,0,63.6,0.2018,3.9091,,,0,低,54,1,逃0%,465 33,0,45.2,0.8449,0.25,,,,,0,0.5,0.25,,,A,,,,0.572,,0.1784,B,48,0,◎○△フォーメーション（15〜20点）,0.5777,"{'is_target': True, 'verdict': '参加推奨', 'max_combo_prob': 0.0559, 'est_top_odds': 23.8, 'circle_concentration': 62.8, 'eligible_count': 9, 'bet_adj': 2, 'reason': 'rel_win1=48.7%（本命度） / 最有力組み合わせ確率: 0.056（推定実オッズ?24倍） / 2着集中度: 上位2艇 62.8%（補正+0.00） / 総合判定確率: 0.056 / → ヒモ分散。1号艇1着固定で広めのヒモ流し推奨（買い目+2点）', 'tenji_trigger': '展示確認: ヒモ分散レース。1号艇伸び確認後、広めのヒモ流しを採用。穴ヒモ（5・6号艇）を積極的に含める。\n展示で1号艇スタート遅め(0.202秒)確認→ヒモが荒れやすい'}",,,37.2,両建て推奨,18.59,39.5,4,2-1-4|2-1-3|2-1-6|2-3-1|2-3-4|2-4-1|2-4-3|1-2-4|1-3-4|1-2-3,2-1-4|2-1-3|2-1-6|2-3-1|2-3-4|2-4-1|2-4-3|1-2-4|1-3-4|6-1-4|5-1-6|1-2-3,2-1-4:2.87%|2-1-3:2.48%|2-1-6:1.01%|2-3-1:0.76%|2-3-4:0.54%|2-4-1:0.43%|2-4-3:0.26%|1-2-4:6.31%|1-3-4:5.24%|1-2-3:3.97%,2-1-4:B_main|2-1-3:B_main|2-1-6:B_main|2-3-1:B_main|2-3-4:B_main|2-4-1:B_main|2-4-3:B_main|1-2-4:A|1-3-4:A|1-2-3:A,10,12,0.2915,1,[!]見送り推奨（主役決まり手「差し」― 逃げ劣勢レースで的中実績なし）,主役軸流し,B
2026-04-02,丸亀,5,2,杉山勝匡,B1,38.14,2,○,11.4966,33.2,64,48,0.1614,3.5195,,,0,低,107,0,-,155 51,0,54.3,1.1812,0,0.0294,0,0,0,0.1889,0.1444,0.1593,,◎,B,△,,0.5548,0.6195,,0.1784,B,48,0,◎○△フォーメーション（15〜20点）,0.5777,"{'is_target': True, 'verdict': '参加推奨', 'max_combo_prob': 0.0559, 'est_top_odds': 23.8, 'circle_concentration': 62.8, 'eligible_count': 9, 'bet_adj': 2, 'reason': 'rel_win1=48.7%（本命度） / 最有力組み合わせ確率: 0.056（推定実オッズ?24倍） / 2着集中度: 上位2艇 62.8%（補正+0.00） / 総合判定確率: 0.056 / → ヒモ分散。1号艇1着固定で広めのヒモ流し推奨（買い目+2点）', 'tenji_trigger': '展示確認: ヒモ分散レース。1号艇伸び確認後、広めのヒモ流しを採用。穴ヒモ（5・6号艇）を積極的に含める。\n展示で1号艇スタート遅め(0.202秒)確認→ヒモが荒れやすい'}",,,37.2,両建て推奨,18.59,39.5,4,,,,,,,,,,,
2026-04-02,丸亀,5,3,竹田吉行,A2,32.50,3,△,14.1715,27.9,50,57.1,0.1635,3.381,,,0,低,115,0,ま0% 差ま0% 抜0%,134 25,0,48,1.1656,0,0,0.12,0.04,0.04,0.0606,0.0825,0.2452,,△,D,○,,0.4808,0.63,,0.1784,B,48,0,◎○△フォーメーション（15〜20点）,0.5777,"{'is_target': True, 'verdict': '参加推奨', 'max_combo_prob': 0.0559, 'est_top_odds': 23.8, 'circle_concentration': 62.8, 'eligible_count': 9, 'bet_adj': 2, 'reason': 'rel_win1=48.7%（本命度） / 最有力組み合わせ確率: 0.056（推定実オッズ?24倍） / 2着集中度: 上位2艇 62.8%（補正+0.00） / 総合判定確率: 0.056 / → ヒモ分散。1号艇1着固定で広めのヒモ流し推奨（買い目+2点）', 'tenji_trigger': '展示確認: ヒモ分散レース。1号艇伸び確認後、広めのヒモ流しを採用。穴ヒモ（5・6号艇）を積極的に含める。\n展示で1号艇スタート遅め(0.202秒)確認→ヒモが荒れやすい'}",,,37.2,両建て推奨,18.59,39.5,4,,,,,,,,,,,
2026-04-02,丸亀,5,4,永井彪也,A1,30.23,4,▲,16.5361,29.7,88,82.3,0.1244,2.3824,,,0,低,28,0,差0% ま0% 差ま0%,52122,0,94.9,1.7902,0,0.0667,0.0667,0.1333,0,0,0,0.2762,,○,D,◎,◎,0.4833,0.7025,0.5327,0.1784,B,48,0,◎○△フォーメーション（15〜20点）,0.5777,"{'is_target': True, 'verdict': '参加推奨', 'max_combo_prob': 0.0559, 'est_top_odds': 23.8, 'circle_concentration': 62.8, 'eligible_count': 9, 'bet_adj': 2, 'reason': 'rel_win1=48.7%（本命度） / 最有力組み合わせ確率: 0.056（推定実オッズ?24倍） / 2着集中度: 上位2艇 62.8%（補正+0.00） / 総合判定確率: 0.056 / → ヒモ分散。1号艇1着固定で広めのヒモ流し推奨（買い目+2点）', 'tenji_trigger': '展示確認: ヒモ分散レース。1号艇伸び確認後、広めのヒモ流しを採用。穴ヒモ（5・6号艇）を積極的に含める。\n展示で1号艇スタート遅め(0.202秒)確認→ヒモが荒れやすい'}",,,37.2,両建て推奨,18.59,39.5,4,,,,,,,,,,,
2026-04-02,丸亀,5,5,小林京平,B1,35.34,5,,4.3299,5.5,100,30.9,0.168,3.4545,,,0,低,103,0,-,543 14,0,24.6,0.6364,0,0,0,0,0.05,0,0.1429,0.2857,,,C,,,0.4179,0.5405,,0.1784,B,48,0,◎○△フォーメーション（15〜20点）,0.5777,"{'is_target': True, 'verdict': '参加推奨', 'max_combo_prob': 0.0559, 'est_top_odds': 23.8, 'circle_concentration': 62.8, 'eligible_count': 9, 'bet_adj': 2, 'reason': 'rel_win1=48.7%（本命度） / 最有力組み合わせ確率: 0.056（推定実オッズ?24倍） / 2着集中度: 上位2艇 62.8%（補正+0.00） / 総合判定確率: 0.056 / → ヒモ分散。1号艇1着固定で広めのヒモ流し推奨（買い目+2点）', 'tenji_trigger': '展示確認: ヒモ分散レース。1号艇伸び確認後、広めのヒモ流しを採用。穴ヒモ（5・6号艇）を積極的に含める。\n展示で1号艇スタート遅め(0.202秒)確認→ヒモが荒れやすい'}",,,37.2,両建て推奨,18.59,39.5,4,,,,,,,,,,,
2026-04-02,丸亀,5,6,藤原仙二,A2,27.12,6,,4.7203,3.8,51,36.7,0.1516,3.2143,,,0,低,93,0,-,222 12,0,29.4,0.7731,0,0,0,0.0625,0,0,0.08,0.28,,,E,△,,0.446,0.577,,0.1784,B,48,0,◎○△フォーメーション（15〜20点）,0.5777,"{'is_target': True, 'verdict': '参加推奨', 'max_combo_prob': 0.0559, 'est_top_odds': 23.8, 'circle_concentration': 62.8, 'eligible_count': 9, 'bet_adj': 2, 'reason': 'rel_win1=48.7%（本命度） / 最有力組み合わせ確率: 0.056（推定実オッズ?24倍） / 2着集中度: 上位2艇 62.8%（補正+0.00） / 総合判定確率: 0.056 / → ヒモ分散。1号艇1着固定で広めのヒモ流し推奨（買い目+2点）', 'tenji_trigger': '展示確認: ヒモ分散レース。1号艇伸び確認後、広めのヒモ流しを採用。穴ヒモ（5・6号艇）を積極的に含める。\n展示で1号艇スタート遅め(0.202秒)確認→ヒモが荒れやすい'}",,,37.2,両建て推奨,18.59,39.5,4,,,,,,,,,,,
2026-04-02,丸亀,6,1,高井雄基,A2,28.30,1,◎,58.3855,,0,88.9,0.1481,3.2361,,,0,低,86,0,逃0%,4 6524,0,79.9,1.1432,0.5,,,,,0,0.0889,0.0444,◎,,D,,,,0.579,,0.5045,S,81,0,◎1着固定 2-3着流し（5〜8点）,0.5777,"{'is_target': True, 'verdict': '参加推奨', 'max_combo_prob': 0.081, 'est_top_odds': 16.5, 'circle_concentration': 63.2, 'eligible_count': 6, 'bet_adj': 2, 'reason': 'rel_win1=58.4%（本命度） / 最有力組み合わせ確率: 0.081（推定実オッズ?16倍） / 2着集中度: 上位2艇 63.2%（補正+0.00） / 総合判定確率: 0.081 / → ヒモ分散。1号艇1着固定で広めのヒモ流し推奨（買い目+2点）', 'tenji_trigger': '展示確認: ヒモ分散レース。1号艇伸び確認後、広めのヒモ流しを採用。穴ヒモ（5・6号艇）を積極的に含める。'}",,,26,逃げ狙い,15.29,24.8,3,,,,,0,0,0.7559,0,,逃げ軸流し,A
2026-04-02,丸亀,6,2,林　祐介,A2,27.91,2,,10.9636,39,81,57.7,0.1665,3.9519,,,0,低,103,0,-,3 4313,0,51.7,0.966,0,0.0588,0,0,0.0588,0.0154,0.1615,0.2923,,,E,○,,0.128,0.6605,,0.5045,S,81,0,◎1着固定 2-3着流し（5〜8点）,0.5777,"{'is_target': True, 'verdict': '参加推奨', 'max_combo_prob': 0.081, 'est_top_odds': 16.5, 'circle_concentration': 63.2, 'eligible_count': 6, 'bet_adj': 2, 'reason': 'rel_win1=58.4%（本命度） / 最有力組み合わせ確率: 0.081（推定実オッズ?16倍） / 2着集中度: 上位2艇 63.2%（補正+0.00） / 総合判定確率: 0.081 / → ヒモ分散。1号艇1着固定で広めのヒモ流し推奨（買い目+2点）', 'tenji_trigger': '展示確認: ヒモ分散レース。1号艇伸び確認後、広めのヒモ流しを採用。穴ヒモ（5・6号艇）を積極的に含める。'}",,,26,逃げ狙い,15.29,24.8,3,,,,,,,,,,,
2026-04-02,丸亀,6,3,原村拓也,B1,40.80,3,○,9.4755,24.2,100,50.7,0.1648,3.6087,,,0,低,159,0,-,4 464,0,30.2,1.0033,,,,,,0.3114,0.1257,0.02,,,A,,,0.2291,0.5855,,0.5045,S,81,0,◎1着固定 2-3着流し（5〜8点）,0.5777,"{'is_target': True, 'verdict': '参加推奨', 'max_combo_prob': 0.081, 'est_top_odds': 16.5, 'circle_concentration': 63.2, 'eligible_count': 6, 'bet_adj': 2, 'reason': 'rel_win1=58.4%（本命度） / 最有力組み合わせ確率: 0.081（推定実オッズ?16倍） / 2着集中度: 上位2艇 63.2%（補正+0.00） / 総合判定確率: 0.081 / → ヒモ分散。1号艇1着固定で広めのヒモ流し推奨（買い目+2点）', 'tenji_trigger': '展示確認: ヒモ分散レース。1号艇伸び確認後、広めのヒモ流しを採用。穴ヒモ（5・6号艇）を積極的に含める。'}",,,26,逃げ狙い,15.29,24.8,3,,,,,,,,,,,
2026-04-02,丸亀,6,4,今坂晃広,B1,34.75,4,,9.9977,13.1,59,38.5,0.1805,3.6308,,,0,低,154,0,差ま1%,1 655,0,46.5,1.1487,0,0,0.0667,0.0667,0,0.0462,0.1969,0.0462,,,C,◎,○,0.1694,0.681,0.1426,0.5045,S,81,0,◎1着固定 2-3着流し（5〜8点）,0.5777,"{'is_target': True, 'verdict': '参加推奨', 'max_combo_prob': 0.081, 'est_top_odds': 16.5, 'circle_concentration': 63.2, 'eligible_count': 6, 'bet_adj': 2, 'reason': 'rel_win1=58.4%（本命度） / 最有力組み合わせ確率: 0.081（推定実オッズ?16倍） / 2着集中度: 上位2艇 63.2%（補正+0.00） / 総合判定確率: 0.081 / → ヒモ分散。1号艇1着固定で広めのヒモ流し推奨（買い目+2点）', 'tenji_trigger': '展示確認: ヒモ分散レース。1号艇伸び確認後、広めのヒモ流しを採用。穴ヒモ（5・6号艇）を積極的に含める。'}",,,26,逃げ狙い,15.29,24.8,3,,,,,,,,,,,
2026-04-02,丸亀,6,5,小坂尚哉,A1,38.89,5,▲,9.9313,21.6,76,58,0.1523,2.9638,,,0,低,81,0,差ま0%,131 21,0,93.4,1.7357,0,0,0,0.037,0,0.0488,0.0488,0.0976,,,B,△,◎,0.2677,0.657,0.3078,0.5045,S,81,0,◎1着固定 2-3着流し（5〜8点）,0.5777,"{'is_target': True, 'verdict': '参加推奨', 'max_combo_prob': 0.081, 'est_top_odds': 16.5, 'circle_concentration': 63.2, 'eligible_count': 6, 'bet_adj': 2, 'reason': 'rel_win1=58.4%（本命度） / 最有力組み合わせ確率: 0.081（推定実オッズ?16倍） / 2着集中度: 上位2艇 63.2%（補正+0.00） / 総合判定確率: 0.081 / → ヒモ分散。1号艇1着固定で広めのヒモ流し推奨（買い目+2点）', 'tenji_trigger': '展示確認: ヒモ分散レース。1号艇伸び確認後、広めのヒモ流しを採用。穴ヒモ（5・6号艇）を積極的に含める。'}",,,26,逃げ狙い,15.29,24.8,3,,,,,,,,,,,
2026-04-02,丸亀,6,6,犬童千秋,B1,28.46,6,△,1.2463,2.1,46,30.8,0.1381,3.1154,,,0,低,47,0,-,363 25,0,30.7,1.2539,,,,,,0.3333,0.1111,0.1111,,,D,△,,0.3457,0.593,,0.5045,S,81,0,◎1着固定 2-3着流し（5〜8点）,0.5777,"{'is_target': True, 'verdict': '参加推奨', 'max_combo_prob': 0.081, 'est_top_odds': 16.5, 'circle_concentration': 63.2, 'eligible_count': 6, 'bet_adj': 2, 'reason': 'rel_win1=58.4%（本命度） / 最有力組み合わせ確率: 0.081（推定実オッズ?16倍） / 2着集中度: 上位2艇 63.2%（補正+0.00） / 総合判定確率: 0.081 / → ヒモ分散。1号艇1着固定で広めのヒモ流し推奨（買い目+2点）', 'tenji_trigger': '展示確認: ヒモ分散レース。1号艇伸び確認後、広めのヒモ流しを採用。穴ヒモ（5・6号艇）を積極的に含める。'}",,,26,逃げ狙い,15.29,24.8,3,,,,,,,,,,,
2026-04-02,丸亀,7,1,関野　文,A2,20.66,1,◎,46.8034,,0,77.5,0.1624,3.2959,,,0,低,58,0,逃0%,21236,0,64,0.9809,0.4091,,,,,0.0932,0.0727,0.2409,○,,E,△,,,0.6135,,0.3834,B,58,0,◎○△フォーメーション（15〜20点）,0.5777,"{'is_target': True, 'verdict': '参加推奨', 'max_combo_prob': 0.0664, 'est_top_odds': 20.1, 'circle_concentration': 62.9, 'eligible_count': 9, 'bet_adj': 2, 'reason': 'rel_win1=46.8%（本命度） / 最有力組み合わせ確率: 0.066（推定実オッズ?20倍） / 2着集中度: 上位2艇 62.9%（補正+0.00） / 総合判定確率: 0.066 / → ヒモ分散。1号艇1着固定で広めのヒモ流し推奨（買い目+2点）', 'tenji_trigger': '展示確認: ヒモ分散レース。1号艇伸び確認後、広めのヒモ流しを採用。穴ヒモ（5・6号艇）を積極的に含める。'}",,,30.9,両建て推奨,25.35,30.1,3,,,,,0,0,0.6155,0,,逃げ軸流し,A
2026-04-02,丸亀,7,2,中野和裕,B1,43.65,2,○,11.967,37.6,78,50,0.1564,3.07,,,0,低,136,0,ま0% 抜0%,3 155,0,27.4,0.8345,0,0,0.0476,0,0.0476,0.2667,0.3111,0.3333,,○,A,,,0.3793,0.559,,0.3834,B,58,0,◎○△フォーメーション（15〜20点）,0.5777,"{'is_target': True, 'verdict': '参加推奨', 'max_combo_prob': 0.0664, 'est_top_odds': 20.1, 'circle_concentration': 62.9, 'eligible_count': 9, 'bet_adj': 2, 'reason': 'rel_win1=46.8%（本命度） / 最有力組み合わせ確率: 0.066（推定実オッズ?20倍） / 2着集中度: 上位2艇 62.9%（補正+0.00） / 総合判定確率: 0.066 / → ヒモ分散。1号艇1着固定で広めのヒモ流し推奨（買い目+2点）', 'tenji_trigger': '展示確認: ヒモ分散レース。1号艇伸び確認後、広めのヒモ流しを採用。穴ヒモ（5・6号艇）を積極的に含める。'}",,,30.9,両建て推奨,25.35,30.1,3,,,,,,,,,,,
2026-04-02,丸亀,7,3,垂水　悠,B1,33.06,3,△,14.8757,25.3,58,54.5,0.1342,2.6818,,,0,低,36,0,ま0%,1 561,0,91.3,1.8192,0,0,0.2105,0.0526,0,0.3077,0.2308,0.2308,,◎,D,○,,0.4821,0.632,,0.3834,B,58,0,◎○△フォーメーション（15〜20点）,0.5777,"{'is_target': True, 'verdict': '参加推奨', 'max_combo_prob': 0.0664, 'est_top_odds': 20.1, 'circle_concentration': 62.9, 'eligible_count': 9, 'bet_adj': 2, 'reason': 'rel_win1=46.8%（本命度） / 最有力組み合わせ確率: 0.066（推定実オッズ?20倍） / 2着集中度: 上位2艇 62.9%（補正+0.00） / 総合判定確率: 0.066 / → ヒモ分散。1号艇1着固定で広めのヒモ流し推奨（買い目+2点）', 'tenji_trigger': '展示確認: ヒモ分散レース。1号艇伸び確認後、広めのヒモ流しを採用。穴ヒモ（5・6号艇）を積極的に含める。'}",,,30.9,両建て推奨,25.35,30.1,3,,,,,,,,,,,
2026-04-02,丸亀,7,4,松田祐季,A1,40.63,4,,13.6388,20.2,100,66.7,0.1662,3.3205,,,0,低,87,0,-,442 31,0,42.1,0.9474,0,0,0.0476,0.0476,0.0476,0.0986,0.0258,0.0258,,,B,◎,◎,0.2823,0.6335,0.3085,0.3834,B,58,0,◎○△フォーメーション（15〜20点）,0.5777,"{'is_target': True, 'verdict': '参加推奨', 'max_combo_prob': 0.0664, 'est_top_odds': 20.1, 'circle_concentration': 62.9, 'eligible_count': 9, 'bet_adj': 2, 'reason': 'rel_win1=46.8%（本命度） / 最有力組み合わせ確率: 0.066（推定実オッズ?20倍） / 2着集中度: 上位2艇 62.9%（補正+0.00） / 総合判定確率: 0.066 / → ヒモ分散。1号艇1着固定で広めのヒモ流し推奨（買い目+2点）', 'tenji_trigger': '展示確認: ヒモ分散レース。1号艇伸び確認後、広めのヒモ流しを採用。穴ヒモ（5・6号艇）を積極的に含める。'}",,,30.9,両建て推奨,25.35,30.1,3,,,,,,,,,,,
2026-04-02,丸亀,7,5,深井利寿,A2,34.43,5,,8.8644,15.3,67,56.2,0.1808,3.7917,,,0,低,120,0,差ま0%,22512,0,87.8,1.6093,0,0,0,0.1739,0,0.0129,0.1062,0.2123,,,C,,○,0.2686,0.605,0.2778,0.3834,B,58,0,◎○△フォーメーション（15〜20点）,0.5777,"{'is_target': True, 'verdict': '参加推奨', 'max_combo_prob': 0.0664, 'est_top_odds': 20.1, 'circle_concentration': 62.9, 'eligible_count': 9, 'bet_adj': 2, 'reason': 'rel_win1=46.8%（本命度） / 最有力組み合わせ確率: 0.066（推定実オッズ?20倍） / 2着集中度: 上位2艇 62.9%（補正+0.00） / 総合判定確率: 0.066 / → ヒモ分散。1号艇1着固定で広めのヒモ流し推奨（買い目+2点）', 'tenji_trigger': '展示確認: ヒモ分散レース。1号艇伸び確認後、広めのヒモ流しを採用。穴ヒモ（5・6号艇）を積極的に含める。'}",,,30.9,両建て推奨,25.35,30.1,3,,,,,,,,,,,
2026-04-02,丸亀,7,6,新田芳美,B1,41.27,6,▲,3.8508,1.6,40,24,0.1524,3.16,,,0,低,61,0,-,145 14,0,38.6,1.0436,,,,,,0.08,0.0533,0.44,,,B,△,,0.3523,0.6255,,0.3834,B,58,0,◎○△フォーメーション（15〜20点）,0.5777,"{'is_target': True, 'verdict': '参加推奨', 'max_combo_prob': 0.0664, 'est_top_odds': 20.1, 'circle_concentration': 62.9, 'eligible_count': 9, 'bet_adj': 2, 'reason': 'rel_win1=46.8%（本命度） / 最有力組み合わせ確率: 0.066（推定実オッズ?20倍） / 2着集中度: 上位2艇 62.9%（補正+0.00） / 総合判定確率: 0.066 / → ヒモ分散。1号艇1着固定で広めのヒモ流し推奨（買い目+2点）', 'tenji_trigger': '展示確認: ヒモ分散レース。1号艇伸び確認後、広めのヒモ流しを採用。穴ヒモ（5・6号艇）を積極的に含める。'}",,,30.9,両建て推奨,25.35,30.1,3,,,,,,,,,,,
2026-04-02,丸亀,8,1,島村隆幸,A1,48.33,1,◎,73.0874,,0,97.1,0.1318,2.3824,,,0,低,37,0,逃1%,11435,0,94.2,1.2847,0.75,,,,,0.05,0.05,0.1,◎,,A,◎,,,0.6615,,0.7134,S,97,0,◎1着固定 2-3着流し（5〜8点）,0.5777,"{'is_target': True, 'verdict': '点数絞り', 'max_combo_prob': 0.1297, 'est_top_odds': 10.3, 'circle_concentration': 77.8, 'eligible_count': 6, 'bet_adj': 0, 'reason': 'rel_win1=73.1%（本命度） / 最有力組み合わせ確率: 0.130（推定実オッズ?10倍） / 2着集中度: 上位2艇 77.8%（補正+0.04） / 総合判定確率: 0.170 / → ヒモはやや固め。上位2艇以外を切ること', 'tenji_trigger': '展示確認: 1号艇伸び良→そのまま採用。悪→飛び組に差し替え。circle_pct上位2艇に絞り込むこと。\n展示で1号艇スタート超安定(0.132秒)→ヒモ固まり方向に注意'}",,,26,逃げ狙い,15.54,24.6,3,,,,,0,0,0.7559,0,,逃げ軸流し,A
2026-04-02,丸亀,8,2,前野竜一,A2,23.14,2,,9.2259,50.1,100,67.2,0.159,3.2586,,,0,低,115,0,-,6 4436,0,35.1,0.8398,0,0.1071,0.0357,0,0.0714,0.0133,0.2267,0.1067,,,E,△,,0.0719,0.5985,,0.7134,S,97,0,◎1着固定 2-3着流し（5〜8点）,0.5777,"{'is_target': True, 'verdict': '点数絞り', 'max_combo_prob': 0.1297, 'est_top_odds': 10.3, 'circle_concentration': 77.8, 'eligible_count': 6, 'bet_adj': 0, 'reason': 'rel_win1=73.1%（本命度） / 最有力組み合わせ確率: 0.130（推定実オッズ?10倍） / 2着集中度: 上位2艇 77.8%（補正+0.04） / 総合判定確率: 0.170 / → ヒモはやや固め。上位2艇以外を切ること', 'tenji_trigger': '展示確認: 1号艇伸び良→そのまま採用。悪→飛び組に差し替え。circle_pct上位2艇に絞り込むこと。\n展示で1号艇スタート超安定(0.132秒)→ヒモ固まり方向に注意'}",,,26,逃げ狙い,15.54,24.6,3,,,,,,,,,,,
2026-04-02,丸亀,8,3,平岡重典,B1,26.05,3,,6.1759,11.4,85,37.7,0.1808,3.8868,,,0,低,154,0,-,6 263,0,33.4,0.9381,,,,,,0.1881,0.2643,0.0762,,,D,△,,0.1359,0.6,,0.7134,S,97,0,◎1着固定 2-3着流し（5〜8点）,0.5777,"{'is_target': True, 'verdict': '点数絞り', 'max_combo_prob': 0.1297, 'est_top_odds': 10.3, 'circle_concentration': 77.8, 'eligible_count': 6, 'bet_adj': 0, 'reason': 'rel_win1=73.1%（本命度） / 最有力組み合わせ確率: 0.130（推定実オッズ?10倍） / 2着集中度: 上位2艇 77.8%（補正+0.04） / 総合判定確率: 0.170 / → ヒモはやや固め。上位2艇以外を切ること', 'tenji_trigger': '展示確認: 1号艇伸び良→そのまま採用。悪→飛び組に差し替え。circle_pct上位2艇に絞り込むこと。\n展示で1号艇スタート超安定(0.132秒)→ヒモ固まり方向に注意'}",,,26,逃げ狙い,15.54,24.6,3,,,,,,,,,,,
2026-04-02,丸亀,8,4,津久井拓,A2,35.59,4,○,6.4132,27.7,74,49.3,0.15,3.1164,,,0,低,129,0,差0% ま0%,352265,0,45.8,0.9702,0,0.0625,0.0625,0,0,0.0324,0.1722,0.2039,,,C,○,◎,0.2205,0.6415,0.3659,0.7134,S,97,0,◎1着固定 2-3着流し（5〜8点）,0.5777,"{'is_target': True, 'verdict': '点数絞り', 'max_combo_prob': 0.1297, 'est_top_odds': 10.3, 'circle_concentration': 77.8, 'eligible_count': 6, 'bet_adj': 0, 'reason': 'rel_win1=73.1%（本命度） / 最有力組み合わせ確率: 0.130（推定実オッズ?10倍） / 2着集中度: 上位2艇 77.8%（補正+0.04） / 総合判定確率: 0.170 / → ヒモはやや固め。上位2艇以外を切ること', 'tenji_trigger': '展示確認: 1号艇伸び良→そのまま採用。悪→飛び組に差し替え。circle_pct上位2艇に絞り込むこと。\n展示で1号艇スタート超安定(0.132秒)→ヒモ固まり方向に注意'}",,,26,逃げ狙い,15.54,24.6,3,,,,,,,,,,,
2026-04-02,丸亀,8,5,高田　綾,B1,35.48,5,▲,3.5188,10.4,54,28.6,0.1448,3.0952,,,0,低,47,0,-,6 144,0,36,0.784,0,0,0,0.0625,0,0,0.1538,0.2308,,,C,,,0.2466,0.5525,,0.7134,S,97,0,◎1着固定 2-3着流し（5〜8点）,0.5777,"{'is_target': True, 'verdict': '点数絞り', 'max_combo_prob': 0.1297, 'est_top_odds': 10.3, 'circle_concentration': 77.8, 'eligible_count': 6, 'bet_adj': 0, 'reason': 'rel_win1=73.1%（本命度） / 最有力組み合わせ確率: 0.130（推定実オッズ?10倍） / 2着集中度: 上位2艇 77.8%（補正+0.04） / 総合判定確率: 0.170 / → ヒモはやや固め。上位2艇以外を切ること', 'tenji_trigger': '展示確認: 1号艇伸び良→そのまま採用。悪→飛び組に差し替え。circle_pct上位2艇に絞り込むこと。\n展示で1号艇スタート超安定(0.132秒)→ヒモ固まり方向に注意'}",,,26,逃げ狙い,15.54,24.6,3,,,,,,,,,,,
2026-04-02,丸亀,8,6,山戸信二,B1,45.24,6,△,1.5788,0.4,27,4.3,0.2068,4.2447,,,0,低,117,0,-,3 341,0,22.1,0.6506,,,,,,0.4333,0.2167,0.0444,,,B,△,,0.1381,0.5985,,0.7134,S,97,0,◎1着固定 2-3着流し（5〜8点）,0.5777,"{'is_target': True, 'verdict': '点数絞り', 'max_combo_prob': 0.1297, 'est_top_odds': 10.3, 'circle_concentration': 77.8, 'eligible_count': 6, 'bet_adj': 0, 'reason': 'rel_win1=73.1%（本命度） / 最有力組み合わせ確率: 0.130（推定実オッズ?10倍） / 2着集中度: 上位2艇 77.8%（補正+0.04） / 総合判定確率: 0.170 / → ヒモはやや固め。上位2艇以外を切ること', 'tenji_trigger': '展示確認: 1号艇伸び良→そのまま採用。悪→飛び組に差し替え。circle_pct上位2艇に絞り込むこと。\n展示で1号艇スタート超安定(0.132秒)→ヒモ固まり方向に注意'}",,,26,逃げ狙い,15.54,24.6,3,,,,,,,,,,,
2026-04-02,丸亀,9,1,竹田吉行,A2,32.50,1,◎,59.7476,,0,91.5,0.1413,2.7183,,,0,低,115,0,逃1%,134 25,0,82.4,0.9956,0.5152,,,,,0.0606,0.0825,0.2452,◎,,C,△,,,0.63,,0.5191,S,87,0,◎1着固定 2-3着流し（5〜8点）,0.5777,"{'is_target': True, 'verdict': '点数絞り', 'max_combo_prob': 0.1014, 'est_top_odds': 13.1, 'circle_concentration': 79.3, 'eligible_count': 6, 'bet_adj': 0, 'reason': 'rel_win1=59.7%（本命度） / 最有力組み合わせ確率: 0.101（推定実オッズ?13倍） / 2着集中度: 上位2艇 79.3%（補正+0.04） / 総合判定確率: 0.141 / → ヒモはやや固め。上位2艇以外を切ること', 'tenji_trigger': '展示確認: 1号艇伸び良→そのまま採用。悪→飛び組に差し替え。circle_pct上位2艇に絞り込むこと。'}",,,27.3,逃げ狙い,15.79,28.1,2,,,,,0,0,0.7559,0,,逃げ軸流し,A
2026-04-02,丸亀,9,2,富永修一,A1,25.21,2,○,15.913,43.8,83,70.2,0.1387,2.75,,,0,低,92,0,差0%,1 1545,0,52.7,0.9574,0,0.2632,0.0263,0,0,0.1257,0.1257,0.1124,,◎,D,○,,0.3949,0.6455,,0.5191,S,87,0,◎1着固定 2-3着流し（5〜8点）,0.5777,"{'is_target': True, 'verdict': '点数絞り', 'max_combo_prob': 0.1014, 'est_top_odds': 13.1, 'circle_concentration': 79.3, 'eligible_count': 6, 'bet_adj': 0, 'reason': 'rel_win1=59.7%（本命度） / 最有力組み合わせ確率: 0.101（推定実オッズ?13倍） / 2着集中度: 上位2艇 79.3%（補正+0.04） / 総合判定確率: 0.141 / → ヒモはやや固め。上位2艇以外を切ること', 'tenji_trigger': '展示確認: 1号艇伸び良→そのまま採用。悪→飛び組に差し替え。circle_pct上位2艇に絞り込むこと。'}",,,27.3,逃げ狙い,15.79,28.1,2,,,,,,,,,,,
2026-04-02,丸亀,9,3,北川潤二,A2,25.20,3,,10.4777,35.5,67,63.2,0.1367,2.6382,,,0,低,54,0,-,424251,0,34.4,0.7638,0,0,0.0556,0,0,0.0848,0.1348,0.0435,,,D,◎,,0.3137,0.673,,0.5191,S,87,0,◎1着固定 2-3着流し（5〜8点）,0.5777,"{'is_target': True, 'verdict': '点数絞り', 'max_combo_prob': 0.1014, 'est_top_odds': 13.1, 'circle_concentration': 79.3, 'eligible_count': 6, 'bet_adj': 0, 'reason': 'rel_win1=59.7%（本命度） / 最有力組み合わせ確率: 0.101（推定実オッズ?13倍） / 2着集中度: 上位2艇 79.3%（補正+0.04） / 総合判定確率: 0.141 / → ヒモはやや固め。上位2艇以外を切ること', 'tenji_trigger': '展示確認: 1号艇伸び良→そのまま採用。悪→飛び組に差し替え。circle_pct上位2艇に絞り込むこと。'}",,,27.3,逃げ狙い,15.79,28.1,2,,,,,,,,,,,
2026-04-02,丸亀,9,4,寺本昇平,B1,40.48,4,▲,4.7452,7.8,100,39.7,0.1907,4.3017,,,0,低,124,0,差ま0%,5 336,0,35.8,0.783,0,0,0,0.0323,0,0.3323,0.1231,0.1508,,,A,△,,0.1189,0.6215,,0.5191,S,87,0,◎1着固定 2-3着流し（5〜8点）,0.5777,"{'is_target': True, 'verdict': '点数絞り', 'max_combo_prob': 0.1014, 'est_top_odds': 13.1, 'circle_concentration': 79.3, 'eligible_count': 6, 'bet_adj': 0, 'reason': 'rel_win1=59.7%（本命度） / 最有力組み合わせ確率: 0.101（推定実オッズ?13倍） / 2着集中度: 上位2艇 79.3%（補正+0.04） / 総合判定確率: 0.141 / → ヒモはやや固め。上位2艇以外を切ること', 'tenji_trigger': '展示確認: 1号艇伸び良→そのまま採用。悪→飛び組に差し替え。circle_pct上位2艇に絞り込むこと。'}",,,27.3,逃げ狙い,15.79,28.1,2,,,,,,,,,,,
2026-04-02,丸亀,9,5,井川大作,B1,33.86,5,△,8.1044,12.6,77,45.5,0.1451,3.1,,,0,低,89,0,差ま0%,1 144,0,80.9,1.3069,0,0,0,0.1304,0,0.3033,0.0933,0.2633,,,B,,◎,0.3068,0.617,0.4561,0.5191,S,87,0,◎1着固定 2-3着流し（5〜8点）,0.5777,"{'is_target': True, 'verdict': '点数絞り', 'max_combo_prob': 0.1014, 'est_top_odds': 13.1, 'circle_concentration': 79.3, 'eligible_count': 6, 'bet_adj': 0, 'reason': 'rel_win1=59.7%（本命度） / 最有力組み合わせ確率: 0.101（推定実オッズ?13倍） / 2着集中度: 上位2艇 79.3%（補正+0.04） / 総合判定確率: 0.141 / → ヒモはやや固め。上位2艇以外を切ること', 'tenji_trigger': '展示確認: 1号艇伸び良→そのまま採用。悪→飛び組に差し替え。circle_pct上位2艇に絞り込むこと。'}",,,27.3,逃げ狙い,15.79,28.1,2,,,,,,,,,,,
2026-04-02,丸亀,9,6,堀内亜海,B2,19.53,6,,1.0121,0.3,14,0,0.2205,4.7951,,,0,低,39,0,-,6 666,0,25.3,0.6283,,,,,,,,,,,E,,,0.1483,0.4305,,0.5191,S,87,0,◎1着固定 2-3着流し（5〜8点）,0.5777,"{'is_target': True, 'verdict': '点数絞り', 'max_combo_prob': 0.1014, 'est_top_odds': 13.1, 'circle_concentration': 79.3, 'eligible_count': 6, 'bet_adj': 0, 'reason': 'rel_win1=59.7%（本命度） / 最有力組み合わせ確率: 0.101（推定実オッズ?13倍） / 2着集中度: 上位2艇 79.3%（補正+0.04） / 総合判定確率: 0.141 / → ヒモはやや固め。上位2艇以外を切ること', 'tenji_trigger': '展示確認: 1号艇伸び良→そのまま採用。悪→飛び組に差し替え。circle_pct上位2艇に絞り込むこと。'}",,,27.3,逃げ狙い,15.79,28.1,2,,,,,,,,,,,
2026-04-02,丸亀,10,1,高倉和士,A1,29.23,1,◎,58.481,,0,95.9,0.1247,2.2397,,,0,低,42,0,逃1%,251312,0,84.2,1.2159,0.6571,,,,,0.0114,0.0343,0.2936,◎,,B,○,,,0.673,,0.6652,S,89,0,◎1着固定 2-3着流し（5〜8点）,0.5777,"{'is_target': True, 'verdict': '参加推奨', 'max_combo_prob': 0.0819, 'est_top_odds': 16.3, 'circle_concentration': 69.0, 'eligible_count': 6, 'bet_adj': 2, 'reason': 'rel_win1=58.5%（本命度） / 最有力組み合わせ確率: 0.082（推定実オッズ?16倍） / 2着集中度: 上位2艇 69.0%（補正+0.00） / 総合判定確率: 0.082 / → ヒモ分散。1号艇1着固定で広めのヒモ流し推奨（買い目+2点）', 'tenji_trigger': '展示確認: ヒモ分散レース。1号艇伸び確認後、広めのヒモ流しを採用。穴ヒモ（5・6号艇）を積極的に含める。\n展示で1号艇スタート超安定(0.125秒)→ヒモ固まり方向に注意'}",,,28.2,逃げ狙い,21.62,25.5,2,,,,,0,0,0.7559,0,,逃げ軸流し,A
2026-04-02,丸亀,10,2,小野達哉,A1,33.06,2,○,20.5708,43.2,81,79.4,0.146,3.1111,,,0,低,87,0,-,566131,0,60.8,0.9888,0,0.1786,0.0714,0,0.0357,0.0095,0.0286,0.0286,,,B,◎,,0.1269,0.6745,,0.6652,S,89,0,◎1着固定 2-3着流し（5〜8点）,0.5777,"{'is_target': True, 'verdict': '参加推奨', 'max_combo_prob': 0.0819, 'est_top_odds': 16.3, 'circle_concentration': 69.0, 'eligible_count': 6, 'bet_adj': 2, 'reason': 'rel_win1=58.5%（本命度） / 最有力組み合わせ確率: 0.082（推定実オッズ?16倍） / 2着集中度: 上位2艇 69.0%（補正+0.00） / 総合判定確率: 0.082 / → ヒモ分散。1号艇1着固定で広めのヒモ流し推奨（買い目+2点）', 'tenji_trigger': '展示確認: ヒモ分散レース。1号艇伸び確認後、広めのヒモ流しを採用。穴ヒモ（5・6号艇）を積極的に含める。\n展示で1号艇スタート超安定(0.125秒)→ヒモ固まり方向に注意'}",,,28.2,逃げ狙い,21.62,25.5,2,,,,,,,,,,,
2026-04-02,丸亀,10,3,島田一生,B1,28.81,3,▲,7.3401,19.9,89,43.9,0.1768,4.0175,,,0,低,101,0,-,5 266,0,96.6,2.0783,0,0,0.069,0,0,0.1905,0.2857,0.0476,,,C,,,0.1156,0.569,,0.6652,S,89,0,◎1着固定 2-3着流し（5〜8点）,0.5777,"{'is_target': True, 'verdict': '参加推奨', 'max_combo_prob': 0.0819, 'est_top_odds': 16.3, 'circle_concentration': 69.0, 'eligible_count': 6, 'bet_adj': 2, 'reason': 'rel_win1=58.5%（本命度） / 最有力組み合わせ確率: 0.082（推定実オッズ?16倍） / 2着集中度: 上位2艇 69.0%（補正+0.00） / 総合判定確率: 0.082 / → ヒモ分散。1号艇1着固定で広めのヒモ流し推奨（買い目+2点）', 'tenji_trigger': '展示確認: ヒモ分散レース。1号艇伸び確認後、広めのヒモ流しを採用。穴ヒモ（5・6号艇）を積極的に含める。\n展示で1号艇スタート超安定(0.125秒)→ヒモ固まり方向に注意'}",,,28.2,逃げ狙い,21.62,25.5,2,,,,,,,,,,,
2026-04-02,丸亀,10,4,篠田優也,A2,22.13,4,△,5.2509,25.9,70,62.7,0.1427,2.9804,,,0,低,73,0,-,435123,0,27.6,0.8045,0,0,0,0.037,0.037,0.1125,0.1375,0.1125,,,D,△,,0.2174,0.6415,,0.6652,S,89,0,◎1着固定 2-3着流し（5〜8点）,0.5777,"{'is_target': True, 'verdict': '参加推奨', 'max_combo_prob': 0.0819, 'est_top_odds': 16.3, 'circle_concentration': 69.0, 'eligible_count': 6, 'bet_adj': 2, 'reason': 'rel_win1=58.5%（本命度） / 最有力組み合わせ確率: 0.082（推定実オッズ?16倍） / 2着集中度: 上位2艇 69.0%（補正+0.00） / 総合判定確率: 0.082 / → ヒモ分散。1号艇1着固定で広めのヒモ流し推奨（買い目+2点）', 'tenji_trigger': '展示確認: ヒモ分散レース。1号艇伸び確認後、広めのヒモ流しを採用。穴ヒモ（5・6号艇）を積極的に含める。\n展示で1号艇スタート超安定(0.125秒)→ヒモ固まり方向に注意'}",,,28.2,逃げ狙い,21.62,25.5,2,,,,,,,,,,,
2026-04-02,丸亀,10,5,林　祐介,A2,27.91,5,,4.3556,6.9,100,51.7,0.1595,3.4224,,,0,低,103,0,-,3 4313,0,37.8,1.2969,0,0,0,0.0435,0,0.0154,0.1615,0.2923,,,C,△,,0.1791,0.6605,,0.6652,S,89,0,◎1着固定 2-3着流し（5〜8点）,0.5777,"{'is_target': True, 'verdict': '参加推奨', 'max_combo_prob': 0.0819, 'est_top_odds': 16.3, 'circle_concentration': 69.0, 'eligible_count': 6, 'bet_adj': 2, 'reason': 'rel_win1=58.5%（本命度） / 最有力組み合わせ確率: 0.082（推定実オッズ?16倍） / 2着集中度: 上位2艇 69.0%（補正+0.00） / 総合判定確率: 0.082 / → ヒモ分散。1号艇1着固定で広めのヒモ流し推奨（買い目+2点）', 'tenji_trigger': '展示確認: ヒモ分散レース。1号艇伸び確認後、広めのヒモ流しを採用。穴ヒモ（5・6号艇）を積極的に含める。\n展示で1号艇スタート超安定(0.125秒)→ヒモ固まり方向に注意'}",,,28.2,逃げ狙い,21.62,25.5,2,,,,,,,,,,,
2026-04-02,丸亀,10,6,酒井俊弘,B1,21.49,6,,4.0016,4.2,49,35.9,0.1385,2.783,,,0,低,62,0,ま0%,432 46,0,67.8,1.5147,0,0,0.1538,0,0,0.0167,0.4167,0.25,,,E,,◎,0.2841,0.6165,0.2637,0.6652,S,89,0,◎1着固定 2-3着流し（5〜8点）,0.5777,"{'is_target': True, 'verdict': '参加推奨', 'max_combo_prob': 0.0819, 'est_top_odds': 16.3, 'circle_concentration': 69.0, 'eligible_count': 6, 'bet_adj': 2, 'reason': 'rel_win1=58.5%（本命度） / 最有力組み合わせ確率: 0.082（推定実オッズ?16倍） / 2着集中度: 上位2艇 69.0%（補正+0.00） / 総合判定確率: 0.082 / → ヒモ分散。1号艇1着固定で広めのヒモ流し推奨（買い目+2点）', 'tenji_trigger': '展示確認: ヒモ分散レース。1号艇伸び確認後、広めのヒモ流しを採用。穴ヒモ（5・6号艇）を積極的に含める。\n展示で1号艇スタート超安定(0.125秒)→ヒモ固まり方向に注意'}",,,28.2,逃げ狙い,21.62,25.5,2,,,,,,,,,,,
2026-04-02,丸亀,11,1,松田祐季,A1,40.63,1,◎,67.5192,,0,91.8,0.1466,2.7951,,,0,低,87,0,逃0%,442 31,0,94,1.2796,0.8065,,,,,0.0986,0.0258,0.0258,◎,,B,△,,,0.6335,,0.6564,S,82,0,◎1着固定 2-3着流し（5〜8点）,0.5777,"{'is_target': True, 'verdict': '参加推奨', 'max_combo_prob': 0.0682, 'est_top_odds': 19.5, 'circle_concentration': 64.5, 'eligible_count': 6, 'bet_adj': 2, 'reason': 'rel_win1=67.5%（本命度） / 最有力組み合わせ確率: 0.068（推定実オッズ?20倍） / 2着集中度: 上位2艇 64.5%（補正+0.00） / 総合判定確率: 0.068 / → ヒモ分散。1号艇1着固定で広めのヒモ流し推奨（買い目+2点）', 'tenji_trigger': '展示確認: ヒモ分散レース。1号艇伸び確認後、広めのヒモ流しを採用。穴ヒモ（5・6号艇）を積極的に含める。'}",,,21.3,逃げ狙い,15.85,25.2,5,,,,,0,0,0.7559,0,,逃げ軸流し,A
2026-04-02,丸亀,11,2,松本博昭,A2,22.88,2,,8.5409,36.4,80,61,0.1722,3.9756,,,0,低,179,0,差0% ま0%,2 3523,0,69.1,0.9833,0,0.0588,0.0588,0,0,0.1237,0.0157,0.1472,,,E,○,,0.0629,0.6525,,0.6564,S,82,0,◎1着固定 2-3着流し（5〜8点）,0.5777,"{'is_target': True, 'verdict': '参加推奨', 'max_combo_prob': 0.0682, 'est_top_odds': 19.5, 'circle_concentration': 64.5, 'eligible_count': 6, 'bet_adj': 2, 'reason': 'rel_win1=67.5%（本命度） / 最有力組み合わせ確率: 0.068（推定実オッズ?20倍） / 2着集中度: 上位2艇 64.5%（補正+0.00） / 総合判定確率: 0.068 / → ヒモ分散。1号艇1着固定で広めのヒモ流し推奨（買い目+2点）', 'tenji_trigger': '展示確認: ヒモ分散レース。1号艇伸び確認後、広めのヒモ流しを採用。穴ヒモ（5・6号艇）を積極的に含める。'}",,,21.3,逃げ狙い,15.85,25.2,5,,,,,,,,,,,
2026-04-02,丸亀,11,3,山田亮太,A2,42.06,3,○,10.1143,28.2,77,59.6,0.1662,3.4519,,,0,低,92,0,ま0% 差ま0%,1 1433,0,40.8,1.0927,0,0,0.12,0.08,0,0.1058,0.0308,0.0615,,,A,△,,0.2108,0.642,,0.6564,S,82,0,◎1着固定 2-3着流し（5〜8点）,0.5777,"{'is_target': True, 'verdict': '参加推奨', 'max_combo_prob': 0.0682, 'est_top_odds': 19.5, 'circle_concentration': 64.5, 'eligible_count': 6, 'bet_adj': 2, 'reason': 'rel_win1=67.5%（本命度） / 最有力組み合わせ確率: 0.068（推定実オッズ?20倍） / 2着集中度: 上位2艇 64.5%（補正+0.00） / 総合判定確率: 0.068 / → ヒモ分散。1号艇1着固定で広めのヒモ流し推奨（買い目+2点）', 'tenji_trigger': '展示確認: ヒモ分散レース。1号艇伸び確認後、広めのヒモ流しを採用。穴ヒモ（5・6号艇）を積極的に含める。'}",,,21.3,逃げ狙い,15.85,25.2,5,,,,,,,,,,,
2026-04-02,丸亀,11,4,藤原仙二,A2,27.12,4,△,7.7066,12.1,100,57.4,0.1631,3.1111,,,0,低,93,0,-,222 12,0,48.1,1.0828,0,0,0.0625,0,0.0625,0,0.08,0.28,,,D,,◎,0.2263,0.577,0.2613,0.6564,S,82,0,◎1着固定 2-3着流し（5〜8点）,0.5777,"{'is_target': True, 'verdict': '参加推奨', 'max_combo_prob': 0.0682, 'est_top_odds': 19.5, 'circle_concentration': 64.5, 'eligible_count': 6, 'bet_adj': 2, 'reason': 'rel_win1=67.5%（本命度） / 最有力組み合わせ確率: 0.068（推定実オッズ?20倍） / 2着集中度: 上位2艇 64.5%（補正+0.00） / 総合判定確率: 0.068 / → ヒモ分散。1号艇1着固定で広めのヒモ流し推奨（買い目+2点）', 'tenji_trigger': '展示確認: ヒモ分散レース。1号艇伸び確認後、広めのヒモ流しを採用。穴ヒモ（5・6号艇）を積極的に含める。'}",,,21.3,逃げ狙い,15.85,25.2,5,,,,,,,,,,,
2026-04-02,丸亀,11,5,樋口　亮,A2,27.50,5,,4.5545,14.7,99,51.7,0.1731,3.7069,,,0,低,133,0,抜0%,4 3454,0,35.9,1.3821,0,0,0,0,0.0909,0.2161,0.0805,0.0276,,,D,,○,0.2282,0.601,0.1999,0.6564,S,82,0,◎1着固定 2-3着流し（5〜8点）,0.5777,"{'is_target': True, 'verdict': '参加推奨', 'max_combo_prob': 0.0682, 'est_top_odds': 19.5, 'circle_concentration': 64.5, 'eligible_count': 6, 'bet_adj': 2, 'reason': 'rel_win1=67.5%（本命度） / 最有力組み合わせ確率: 0.068（推定実オッズ?20倍） / 2着集中度: 上位2艇 64.5%（補正+0.00） / 総合判定確率: 0.068 / → ヒモ分散。1号艇1着固定で広めのヒモ流し推奨（買い目+2点）', 'tenji_trigger': '展示確認: ヒモ分散レース。1号艇伸び確認後、広めのヒモ流しを採用。穴ヒモ（5・6号艇）を積極的に含める。'}",,,21.3,逃げ狙い,15.85,25.2,5,,,,,,,,,,,
2026-04-02,丸亀,11,6,小坂尚哉,A1,38.89,6,▲,1.5645,8.7,84,57.7,0.151,3.3462,,,0,低,81,0,-,131 21,0,26.5,0.7844,,,,,,0.0488,0.0488,0.0976,,,C,◎,,0.296,0.657,,0.6564,S,82,0,◎1着固定 2-3着流し（5〜8点）,0.5777,"{'is_target': True, 'verdict': '参加推奨', 'max_combo_prob': 0.0682, 'est_top_odds': 19.5, 'circle_concentration': 64.5, 'eligible_count': 6, 'bet_adj': 2, 'reason': 'rel_win1=67.5%（本命度） / 最有力組み合わせ確率: 0.068（推定実オッズ?20倍） / 2着集中度: 上位2艇 64.5%（補正+0.00） / 総合判定確率: 0.068 / → ヒモ分散。1号艇1着固定で広めのヒモ流し推奨（買い目+2点）', 'tenji_trigger': '展示確認: ヒモ分散レース。1号艇伸び確認後、広めのヒモ流しを採用。穴ヒモ（5・6号艇）を積極的に含める。'}",,,21.3,逃げ狙い,15.85,25.2,5,,,,,,,,,,,
2026-04-02,丸亀,12,1,永井彪也,A1,30.23,1,◎,60.5753,,0,88.1,0.1583,3.0238,,,0,低,28,0,逃1%,52122,0,85.8,1.1435,0.7619,,,,,0,0,0.2762,◎,,C,◎,,,0.7025,,0.5669,S,100,0,◎1着固定 2-3着流し（5〜8点）,0.5777,"{'is_target': True, 'verdict': '参加推奨', 'max_combo_prob': 0.0722, 'est_top_odds': 18.5, 'circle_concentration': 75.3, 'eligible_count': 6, 'bet_adj': 2, 'reason': 'rel_win1=60.6%（本命度） / 最有力組み合わせ確率: 0.072（推定実オッズ?18倍） / 2着集中度: 上位2艇 75.3%（補正+0.04） / 総合判定確率: 0.112 / → ヒモ分散。1号艇1着固定で広めのヒモ流し推奨（買い目+2点）', 'tenji_trigger': '展示確認: ヒモ分散レース。1号艇伸び確認後、広めのヒモ流しを採用。穴ヒモ（5・6号艇）を積極的に含める。'}",,,27.1,逃げ狙い,19.02,24.7,2,,,,,0,0,0.7559,0,,逃げ軸流し,A
2026-04-02,丸亀,12,2,深井利寿,A2,34.43,2,▲,14.9672,44.7,98,78.8,0.1531,3.1731,,,0,低,120,0,-,22512,0,24.9,0.7479,0,0.069,0.1379,0,0,0.0129,0.1062,0.2123,,◎,B,△,,0.3755,0.605,,0.5669,S,100,0,◎1着固定 2-3着流し（5〜8点）,0.5777,"{'is_target': True, 'verdict': '参加推奨', 'max_combo_prob': 0.0722, 'est_top_odds': 18.5, 'circle_concentration': 75.3, 'eligible_count': 6, 'bet_adj': 2, 'reason': 'rel_win1=60.6%（本命度） / 最有力組み合わせ確率: 0.072（推定実オッズ?18倍） / 2着集中度: 上位2艇 75.3%（補正+0.04） / 総合判定確率: 0.112 / → ヒモ分散。1号艇1着固定で広めのヒモ流し推奨（買い目+2点）', 'tenji_trigger': '展示確認: ヒモ分散レース。1号艇伸び確認後、広めのヒモ流しを採用。穴ヒモ（5・6号艇）を積極的に含める。'}",,,27.1,逃げ狙い,19.02,24.7,2,,,,,,,,,,,
2026-04-02,丸亀,12,3,高井雄基,A2,28.30,3,,8.2633,11.9,90,51.5,0.1748,3.9848,,,0,低,86,0,-,4 6524,0,63.5,0.9515,0,0,0.2353,0,0,0,0.0889,0.0444,,,D,,,0.2517,0.579,,0.5669,S,100,0,◎1着固定 2-3着流し（5〜8点）,0.5777,"{'is_target': True, 'verdict': '参加推奨', 'max_combo_prob': 0.0722, 'est_top_odds': 18.5, 'circle_concentration': 75.3, 'eligible_count': 6, 'bet_adj': 2, 'reason': 'rel_win1=60.6%（本命度） / 最有力組み合わせ確率: 0.072（推定実オッズ?18倍） / 2着集中度: 上位2艇 75.3%（補正+0.04） / 総合判定確率: 0.112 / → ヒモ分散。1号艇1着固定で広めのヒモ流し推奨（買い目+2点）', 'tenji_trigger': '展示確認: ヒモ分散レース。1号艇伸び確認後、広めのヒモ流しを採用。穴ヒモ（5・6号艇）を積極的に含める。'}",,,27.1,逃げ狙い,19.02,24.7,2,,,,,,,,,,,
2026-04-02,丸亀,12,4,島村隆幸,A1,48.33,4,○,12.7478,30.6,98,75,0.1521,3.7679,,,0,低,37,0,ま0% 差ま0%,11435,0,88.7,1.5794,0,0,0.1765,0.0588,0,0.05,0.05,0.1,,,A,○,◎,0.3453,0.6615,0.4092,0.5669,S,100,0,◎1着固定 2-3着流し（5〜8点）,0.5777,"{'is_target': True, 'verdict': '参加推奨', 'max_combo_prob': 0.0722, 'est_top_odds': 18.5, 'circle_concentration': 75.3, 'eligible_count': 6, 'bet_adj': 2, 'reason': 'rel_win1=60.6%（本命度） / 最有力組み合わせ確率: 0.072（推定実オッズ?18倍） / 2着集中度: 上位2艇 75.3%（補正+0.04） / 総合判定確率: 0.112 / → ヒモ分散。1号艇1着固定で広めのヒモ流し推奨（買い目+2点）', 'tenji_trigger': '展示確認: ヒモ分散レース。1号艇伸び確認後、広めのヒモ流しを採用。穴ヒモ（5・6号艇）を積極的に含める。'}",,,27.1,逃げ狙い,19.02,24.7,2,,,,,,,,,,,
2026-04-02,丸亀,12,5,宮下元胤,A1,30.00,5,△,2.5694,10,100,44.1,0.1705,3.7712,,,0,低,126,0,ま0%,24262,0,32.3,1.2195,0,0,0.037,0,0,0.1767,0.1283,0.115,,,D,○,,0.2416,0.6615,,0.5669,S,100,0,◎1着固定 2-3着流し（5〜8点）,0.5777,"{'is_target': True, 'verdict': '参加推奨', 'max_combo_prob': 0.0722, 'est_top_odds': 18.5, 'circle_concentration': 75.3, 'eligible_count': 6, 'bet_adj': 2, 'reason': 'rel_win1=60.6%（本命度） / 最有力組み合わせ確率: 0.072（推定実オッズ?18倍） / 2着集中度: 上位2艇 75.3%（補正+0.04） / 総合判定確率: 0.112 / → ヒモ分散。1号艇1着固定で広めのヒモ流し推奨（買い目+2点）', 'tenji_trigger': '展示確認: ヒモ分散レース。1号艇伸び確認後、広めのヒモ流しを採用。穴ヒモ（5・6号艇）を積極的に含める。'}",,,27.1,逃げ狙い,19.02,24.7,2,,,,,,,,,,,
2026-04-02,丸亀,12,6,宮崎　奨,A2,28.23,6,,0.8769,2.8,87,29,0.1816,4.4032,,,0,低,134,0,-,332 46,0,89.3,1.7083,,,,,,0.0343,0.1571,0.2686,,,E,△,,0.2393,0.658,,0.5669,S,100,0,◎1着固定 2-3着流し（5〜8点）,0.5777,"{'is_target': True, 'verdict': '参加推奨', 'max_combo_prob': 0.0722, 'est_top_odds': 18.5, 'circle_concentration': 75.3, 'eligible_count': 6, 'bet_adj': 2, 'reason': 'rel_win1=60.6%（本命度） / 最有力組み合わせ確率: 0.072（推定実オッズ?18倍） / 2着集中度: 上位2艇 75.3%（補正+0.04） / 総合判定確率: 0.112 / → ヒモ分散。1号艇1着固定で広めのヒモ流し推奨（買い目+2点）', 'tenji_trigger': '展示確認: ヒモ分散レース。1号艇伸び確認後、広めのヒモ流しを採用。穴ヒモ（5・6号艇）を積極的に含める。'}",,,27.1,逃げ狙い,19.02,24.7,2,,,,,,,,,,,
2026-04-03,丸亀,1,1,西岡蒼志,B1,28.13,1,◎,66.2344,,0,75,0.1237,3.375,,,0,低,79,1,逃1%,253 64,0,91,1.3088,0.625,,,,,0,0.27,0,◎⚠️,,C,,,,0.528,,0.5137,A,64,0,◎-○軸 3着3〜4艇流し（10〜15点）,0.5777,"{'is_target': True, 'verdict': '参加推奨', 'max_combo_prob': 0.0863, 'est_top_odds': 15.4, 'circle_concentration': 67.8, 'eligible_count': 8, 'bet_adj': 2, 'reason': 'rel_win1=66.2%（本命度） / 最有力組み合わせ確率: 0.086（推定実オッズ?15倍） / 2着集中度: 上位2艇 67.8%（補正+0.00） / 総合判定確率: 0.086 / → ヒモ分散。1号艇1着固定で広めのヒモ流し推奨（買い目+2点）', 'tenji_trigger': '展示確認: ヒモ分散レース。1号艇伸び確認後、広めのヒモ流しを採用。穴ヒモ（5・6号艇）を積極的に含める。\n展示で1号艇スタート超安定(0.124秒)→ヒモ固まり方向に注意'}",,,25.4,両建て推奨,9.21,28.2,3,4-1-6|4-1-2|4-1-5|4-2-1|4-6-1|4-2-6|4-6-2|4-1-3|1-2-4|1-2-3,4-1-6|4-1-2|4-1-5|4-2-1|4-6-1|4-2-6|4-6-2|4-1-3|1-2-4|5-1-6|6-1-2|1-2-3,4-1-6:0.91%|4-1-2:0.56%|4-1-5:0.38%|4-2-1:0.31%|4-6-1:0.25%|4-2-6:0.07%|4-6-2:0.03%|4-1-3:15.33%|1-2-4:4.83%|1-2-3:3.34%,4-1-6:B_main|4-1-2:B_main|4-1-5:B_main|4-2-1:B_main|4-6-1:B_main|4-2-6:B_main|4-6-2:B_main|4-1-3:B_sc|1-2-4:A|1-2-3:A,10,12,0.4535,1,[!]見送り推奨（主役決まり手「まくり差し」― 逃げ劣勢レースで的中実績なし）,主役軸流し,B
2026-04-03,丸亀,1,2,酒井俊弘,B1,21.49,2,,9.6901,40.1,60,44.4,0.1464,3.5111,,,0,低,62,0,差0%,432 46,0,34.2,0.7522,0,0.0476,0,0,0,0.0167,0.4167,0.25,,,E,○,,0.0823,0.6165,,0.5137,A,64,0,◎-○軸 3着3〜4艇流し（10〜15点）,0.5777,"{'is_target': True, 'verdict': '参加推奨', 'max_combo_prob': 0.0863, 'est_top_odds': 15.4, 'circle_concentration': 67.8, 'eligible_count': 8, 'bet_adj': 2, 'reason': 'rel_win1=66.2%（本命度） / 最有力組み合わせ確率: 0.086（推定実オッズ?15倍） / 2着集中度: 上位2艇 67.8%（補正+0.00） / 総合判定確率: 0.086 / → ヒモ分散。1号艇1着固定で広めのヒモ流し推奨（買い目+2点）', 'tenji_trigger': '展示確認: ヒモ分散レース。1号艇伸び確認後、広めのヒモ流しを採用。穴ヒモ（5・6号艇）を積極的に含める。\n展示で1号艇スタート超安定(0.124秒)→ヒモ固まり方向に注意'}",,,25.4,両建て推奨,9.21,28.2,3,,,,,,,,,,,
2026-04-03,丸亀,1,3,貫地谷直,B1,27.42,3,,7.2649,21.3,92,34.8,0.2258,4.4545,,,0,低,204,0,-,655 66,0,14.6,0.6815,,,,,,0.0571,0.6214,0.2643,,,D,△,,0.138,0.5725,,0.5137,A,64,0,◎-○軸 3着3〜4艇流し（10〜15点）,0.5777,"{'is_target': True, 'verdict': '参加推奨', 'max_combo_prob': 0.0863, 'est_top_odds': 15.4, 'circle_concentration': 67.8, 'eligible_count': 8, 'bet_adj': 2, 'reason': 'rel_win1=66.2%（本命度） / 最有力組み合わせ確率: 0.086（推定実オッズ?15倍） / 2着集中度: 上位2艇 67.8%（補正+0.00） / 総合判定確率: 0.086 / → ヒモ分散。1号艇1着固定で広めのヒモ流し推奨（買い目+2点）', 'tenji_trigger': '展示確認: ヒモ分散レース。1号艇伸び確認後、広めのヒモ流しを採用。穴ヒモ（5・6号艇）を積極的に含める。\n展示で1号艇スタート超安定(0.124秒)→ヒモ固まり方向に注意'}",,,25.4,両建て推奨,9.21,28.2,3,,,,,,,,,,,
2026-04-03,丸亀,1,4,藤田竜弘,B1,36.29,4,○,9.3537,27.6,100,50,0.1676,3.3636,,,0,低,145,0,-,261 23,0,100,2.5704,0,0,0,0.037,0,0.3516,0.3161,0.0774,,,B,◎,,0.1089,0.6755,,0.5137,A,64,0,◎-○軸 3着3〜4艇流し（10〜15点）,0.5777,"{'is_target': True, 'verdict': '参加推奨', 'max_combo_prob': 0.0863, 'est_top_odds': 15.4, 'circle_concentration': 67.8, 'eligible_count': 8, 'bet_adj': 2, 'reason': 'rel_win1=66.2%（本命度） / 最有力組み合わせ確率: 0.086（推定実オッズ?15倍） / 2着集中度: 上位2艇 67.8%（補正+0.00） / 総合判定確率: 0.086 / → ヒモ分散。1号艇1着固定で広めのヒモ流し推奨（買い目+2点）', 'tenji_trigger': '展示確認: ヒモ分散レース。1号艇伸び確認後、広めのヒモ流しを採用。穴ヒモ（5・6号艇）を積極的に含める。\n展示で1号艇スタート超安定(0.124秒)→ヒモ固まり方向に注意'}",,,25.4,両建て推奨,9.21,28.2,3,,,,,,,,,,,
2026-04-03,丸亀,1,5,小畑楓夏,B2,26.89,5,△,6.0827,10.1,49,0,0.1162,2.5625,,,0,低,40,1,-,656 56,0,36.8,0.734,,,,,,,,,,,D,,,0.3377,0.4095,,0.5137,A,64,0,◎-○軸 3着3〜4艇流し（10〜15点）,0.5777,"{'is_target': True, 'verdict': '参加推奨', 'max_combo_prob': 0.0863, 'est_top_odds': 15.4, 'circle_concentration': 67.8, 'eligible_count': 8, 'bet_adj': 2, 'reason': 'rel_win1=66.2%（本命度） / 最有力組み合わせ確率: 0.086（推定実オッズ?15倍） / 2着集中度: 上位2艇 67.8%（補正+0.00） / 総合判定確率: 0.086 / → ヒモ分散。1号艇1着固定で広めのヒモ流し推奨（買い目+2点）', 'tenji_trigger': '展示確認: ヒモ分散レース。1号艇伸び確認後、広めのヒモ流しを採用。穴ヒモ（5・6号艇）を積極的に含める。\n展示で1号艇スタート超安定(0.124秒)→ヒモ固まり方向に注意'}",,,25.4,両建て推奨,9.21,28.2,3,,,,,,,,,,,
2026-04-03,丸亀,1,6,原村拓也,B1,40.80,6,▲,1.3742,0.8,67,14.3,0.219,4.9082,,,0,低,159,0,-,4 464,0,25.1,0.7194,,,,,,0.3114,0.1257,0.02,,,A,△,,0.135,0.5855,,0.5137,A,64,0,◎-○軸 3着3〜4艇流し（10〜15点）,0.5777,"{'is_target': True, 'verdict': '参加推奨', 'max_combo_prob': 0.0863, 'est_top_odds': 15.4, 'circle_concentration': 67.8, 'eligible_count': 8, 'bet_adj': 2, 'reason': 'rel_win1=66.2%（本命度） / 最有力組み合わせ確率: 0.086（推定実オッズ?15倍） / 2着集中度: 上位2艇 67.8%（補正+0.00） / 総合判定確率: 0.086 / → ヒモ分散。1号艇1着固定で広めのヒモ流し推奨（買い目+2点）', 'tenji_trigger': '展示確認: ヒモ分散レース。1号艇伸び確認後、広めのヒモ流しを採用。穴ヒモ（5・6号艇）を積極的に含める。\n展示で1号艇スタート超安定(0.124秒)→ヒモ固まり方向に注意'}",,,25.4,両建て推奨,9.21,28.2,3,,,,,,,,,,,
2026-04-03,丸亀,2,1,小林京平,B1,35.34,1,◎,52.7935,,0,62.5,0.1763,3.375,,,0,低,103,1,逃0%,543 14,0,74.9,0.8493,0.4286,,,,,0,0.1429,0.2857,○⚠️,,B,,,,0.5405,,0.3589,B,51,0,◎○△フォーメーション（15〜20点）,0.5777,"{'is_target': True, 'verdict': '参加推奨', 'max_combo_prob': 0.102, 'est_top_odds': 13.1, 'circle_concentration': 68.2, 'eligible_count': 9, 'bet_adj': 2, 'reason': 'rel_win1=52.8%（本命度） / 最有力組み合わせ確率: 0.102（推定実オッズ?13倍） / 2着集中度: 上位2艇 68.2%（補正+0.00） / 総合判定確率: 0.102 / → ヒモ分散。1号艇1着固定で広めのヒモ流し推奨（買い目+2点）', 'tenji_trigger': '展示確認: ヒモ分散レース。1号艇伸び確認後、広めのヒモ流しを採用。穴ヒモ（5・6号艇）を積極的に含める。'}",,,28.4,両建て推奨,17.02,30.2,3,2-1-3|2-1-4|2-1-5|2-3-1|2-5-1|2-3-4|2-5-3|1-2-4|1-2-5|1-5-4|1-4-5|1-4-2,2-1-3|2-1-4|2-1-5|2-3-1|2-5-1|2-3-4|2-5-3|1-2-4|1-2-5|1-5-4|1-4-5|1-4-2,2-1-3:2.12%|2-1-4:1.89%|2-1-5:1.56%|2-3-1:0.67%|2-5-1:0.53%|2-3-4:0.28%|2-5-3:0.24%|1-2-4:8.71%|1-2-5:8.16%|1-5-4:4.78%|1-4-5:4.73%|1-4-2:4.25%,2-1-3:B_main|2-1-4:B_main|2-1-5:B_main|2-3-1:B_main|2-5-1:B_main|2-3-4:B_main|2-5-3:B_main|1-2-4:A|1-2-5:A|1-5-4:A|1-4-5:A|1-4-2:A,12,12,0.4535,1,[!]見送り推奨（主役決まり手「差し」― 逃げ劣勢レースで的中実績なし）,主役軸流し,B
2026-04-03,丸亀,2,2,林　祐介,A2,27.91,2,▲,11.33,46.7,70,57.7,0.1665,3.9519,,,0,低,103,0,-,3 4313,0,74.5,0.966,0,0.0588,0,0,0.0588,0.0154,0.1615,0.2923,,◎,C,○,,0.4101,0.6605,,0.3589,B,51,0,◎○△フォーメーション（15〜20点）,0.5777,"{'is_target': True, 'verdict': '参加推奨', 'max_combo_prob': 0.102, 'est_top_odds': 13.1, 'circle_concentration': 68.2, 'eligible_count': 9, 'bet_adj': 2, 'reason': 'rel_win1=52.8%（本命度） / 最有力組み合わせ確率: 0.102（推定実オッズ?13倍） / 2着集中度: 上位2艇 68.2%（補正+0.00） / 総合判定確率: 0.102 / → ヒモ分散。1号艇1着固定で広めのヒモ流し推奨（買い目+2点）', 'tenji_trigger': '展示確認: ヒモ分散レース。1号艇伸び確認後、広めのヒモ流しを採用。穴ヒモ（5・6号艇）を積極的に含める。'}",,,28.4,両建て推奨,17.02,30.2,3,,,,,,,,,,,
2026-04-03,丸亀,2,3,平岡重典,B1,26.05,3,,12.3377,10.6,56,37.7,0.1808,3.8868,,,0,低,154,0,-,6 263,0,64.8,1.1308,,,,,,0.1881,0.2643,0.0762,,,D,△,,0.2901,0.6,,0.3589,B,51,0,◎○△フォーメーション（15〜20点）,0.5777,"{'is_target': True, 'verdict': '参加推奨', 'max_combo_prob': 0.102, 'est_top_odds': 13.1, 'circle_concentration': 68.2, 'eligible_count': 9, 'bet_adj': 2, 'reason': 'rel_win1=52.8%（本命度） / 最有力組み合わせ確率: 0.102（推定実オッズ?13倍） / 2着集中度: 上位2艇 68.2%（補正+0.00） / 総合判定確率: 0.102 / → ヒモ分散。1号艇1着固定で広めのヒモ流し推奨（買い目+2点）', 'tenji_trigger': '展示確認: ヒモ分散レース。1号艇伸び確認後、広めのヒモ流しを採用。穴ヒモ（5・6号艇）を積極的に含める。'}",,,28.4,両建て推奨,17.02,30.2,3,,,,,,,,,,,
2026-04-03,丸亀,2,4,宮下元胤,A1,30.00,4,○,11.4901,20.9,100,58.3,0.1718,4.1,,,0,低,126,0,-,24262,0,61.9,0.913,0,0,0.15,0.1,0,0.1767,0.1283,0.115,,,B,◎,○,0.3375,0.6615,0.368,0.3589,B,51,0,◎○△フォーメーション（15〜20点）,0.5777,"{'is_target': True, 'verdict': '参加推奨', 'max_combo_prob': 0.102, 'est_top_odds': 13.1, 'circle_concentration': 68.2, 'eligible_count': 9, 'bet_adj': 2, 'reason': 'rel_win1=52.8%（本命度） / 最有力組み合わせ確率: 0.102（推定実オッズ?13倍） / 2着集中度: 上位2艇 68.2%（補正+0.00） / 総合判定確率: 0.102 / → ヒモ分散。1号艇1着固定で広めのヒモ流し推奨（買い目+2点）', 'tenji_trigger': '展示確認: ヒモ分散レース。1号艇伸び確認後、広めのヒモ流しを採用。穴ヒモ（5・6号艇）を積極的に含める。'}",,,28.4,両建て推奨,17.02,30.2,3,,,,,,,,,,,
2026-04-03,丸亀,2,5,藤原仙二,A2,27.12,5,△,11.001,21.4,75,52.5,0.1539,3.3197,,,0,低,93,0,抜0%,222 12,0,61,1.044,0,0,0,0.05,0.15,0,0.08,0.28,,,D,△,◎,0.3525,0.577,0.4208,0.3589,B,51,0,◎○△フォーメーション（15〜20点）,0.5777,"{'is_target': True, 'verdict': '参加推奨', 'max_combo_prob': 0.102, 'est_top_odds': 13.1, 'circle_concentration': 68.2, 'eligible_count': 9, 'bet_adj': 2, 'reason': 'rel_win1=52.8%（本命度） / 最有力組み合わせ確率: 0.102（推定実オッズ?13倍） / 2着集中度: 上位2艇 68.2%（補正+0.00） / 総合判定確率: 0.102 / → ヒモ分散。1号艇1着固定で広めのヒモ流し推奨（買い目+2点）', 'tenji_trigger': '展示確認: ヒモ分散レース。1号艇伸び確認後、広めのヒモ流しを採用。穴ヒモ（5・6号艇）を積極的に含める。'}",,,28.4,両建て推奨,17.02,30.2,3,,,,,,,,,,,
2026-04-03,丸亀,2,6,堀内亜海,B2,19.53,6,,1.0478,0.3,11,0,0.2205,4.7951,,,0,低,39,0,-,6 666,0,29.4,0.5483,,,,,,,,,,,E,,,0.1728,0.4305,,0.3589,B,51,0,◎○△フォーメーション（15〜20点）,0.5777,"{'is_target': True, 'verdict': '参加推奨', 'max_combo_prob': 0.102, 'est_top_odds': 13.1, 'circle_concentration': 68.2, 'eligible_count': 9, 'bet_adj': 2, 'reason': 'rel_win1=52.8%（本命度） / 最有力組み合わせ確率: 0.102（推定実オッズ?13倍） / 2着集中度: 上位2艇 68.2%（補正+0.00） / 総合判定確率: 0.102 / → ヒモ分散。1号艇1着固定で広めのヒモ流し推奨（買い目+2点）', 'tenji_trigger': '展示確認: ヒモ分散レース。1号艇伸び確認後、広めのヒモ流しを採用。穴ヒモ（5・6号艇）を積極的に含める。'}",,,28.4,両建て推奨,17.02,30.2,3,,,,,,,,,,,
2026-04-03,丸亀,3,1,樋口　亮,A2,27.50,1,◎,58.1485,,0,91.8,0.1618,3.2877,,,0,低,133,0,-,4 3454,0,93.3,1.3238,0.6207,,,,,0.2161,0.0805,0.0276,○,,D,△,,,0.601,,0.4349,S,93,0,◎1着固定 2-3着流し（5〜8点）,0.5777,"{'is_target': True, 'verdict': '参加推奨', 'max_combo_prob': 0.1001, 'est_top_odds': 13.3, 'circle_concentration': 64.8, 'eligible_count': 6, 'bet_adj': 2, 'reason': 'rel_win1=58.1%（本命度） / 最有力組み合わせ確率: 0.100（推定実オッズ?13倍） / 2着集中度: 上位2艇 64.8%（補正+0.00） / 総合判定確率: 0.100 / → ヒモ分散。1号艇1着固定で広めのヒモ流し推奨（買い目+2点）', 'tenji_trigger': '展示確認: ヒモ分散レース。1号艇伸び確認後、広めのヒモ流しを採用。穴ヒモ（5・6号艇）を積極的に含める。'}",,,29,逃げ狙い,17.55,31.3,3,,,,,0,0,0.6155,0,,逃げ軸流し,A
2026-04-03,丸亀,3,2,犬童千秋,B1,28.46,2,,11.3602,47.5,76,62.1,0.1734,3.6379,,,0,低,47,0,差0% ま0%,363 25,0,37.6,0.9986,0,0.0769,0.0769,0,0,0.3333,0.1111,0.1111,,,D,,,0.2017,0.593,,0.4349,S,93,0,◎1着固定 2-3着流し（5〜8点）,0.5777,"{'is_target': True, 'verdict': '参加推奨', 'max_combo_prob': 0.1001, 'est_top_odds': 13.3, 'circle_concentration': 64.8, 'eligible_count': 6, 'bet_adj': 2, 'reason': 'rel_win1=58.1%（本命度） / 最有力組み合わせ確率: 0.100（推定実オッズ?13倍） / 2着集中度: 上位2艇 64.8%（補正+0.00） / 総合判定確率: 0.100 / → ヒモ分散。1号艇1着固定で広めのヒモ流し推奨（買い目+2点）', 'tenji_trigger': '展示確認: ヒモ分散レース。1号艇伸び確認後、広めのヒモ流しを採用。穴ヒモ（5・6号艇）を積極的に含める。'}",,,29,逃げ狙い,17.55,31.3,3,,,,,,,,,,,
2026-04-03,丸亀,3,3,松本　怜,B1,51.61,3,▲,13.0394,14,66,38.5,0.1896,3.3269,,,0,低,54,0,-,465 33,0,96.5,0.9296,,,,,,0,0.5,0.25,,,A,,,0.1726,0.572,,0.4349,S,93,0,◎1着固定 2-3着流し（5〜8点）,0.5777,"{'is_target': True, 'verdict': '参加推奨', 'max_combo_prob': 0.1001, 'est_top_odds': 13.3, 'circle_concentration': 64.8, 'eligible_count': 6, 'bet_adj': 2, 'reason': 'rel_win1=58.1%（本命度） / 最有力組み合わせ確率: 0.100（推定実オッズ?13倍） / 2着集中度: 上位2艇 64.8%（補正+0.00） / 総合判定確率: 0.100 / → ヒモ分散。1号艇1着固定で広めのヒモ流し推奨（買い目+2点）', 'tenji_trigger': '展示確認: ヒモ分散レース。1号艇伸び確認後、広めのヒモ流しを採用。穴ヒモ（5・6号艇）を積極的に含める。'}",,,29,逃げ狙い,17.55,31.3,3,,,,,,,,,,,
2026-04-03,丸亀,3,4,井川大作,B1,33.86,4,○,7.1001,17.3,100,41.8,0.1344,3.1909,,,0,低,89,0,-,1 144,0,86.5,1.6911,,,,,,0.3033,0.0933,0.2633,,◎,B,△,,0.4166,0.617,,0.4349,S,93,0,◎1着固定 2-3着流し（5〜8点）,0.5777,"{'is_target': True, 'verdict': '参加推奨', 'max_combo_prob': 0.1001, 'est_top_odds': 13.3, 'circle_concentration': 64.8, 'eligible_count': 6, 'bet_adj': 2, 'reason': 'rel_win1=58.1%（本命度） / 最有力組み合わせ確率: 0.100（推定実オッズ?13倍） / 2着集中度: 上位2艇 64.8%（補正+0.00） / 総合判定確率: 0.100 / → ヒモ分散。1号艇1着固定で広めのヒモ流し推奨（買い目+2点）', 'tenji_trigger': '展示確認: ヒモ分散レース。1号艇伸び確認後、広めのヒモ流しを採用。穴ヒモ（5・6号艇）を積極的に含める。'}",,,29,逃げ狙い,17.55,31.3,3,,,,,,,,,,,
2026-04-03,丸亀,3,5,篠田優也,A2,22.13,5,,5.2956,14.3,59,50,0.148,3.087,,,0,低,73,0,-,435123,0,32.8,0.8157,0,0,0,0,0.0476,0.1125,0.1375,0.1125,,,E,○,,0.3539,0.6415,,0.4349,S,93,0,◎1着固定 2-3着流し（5〜8点）,0.5777,"{'is_target': True, 'verdict': '参加推奨', 'max_combo_prob': 0.1001, 'est_top_odds': 13.3, 'circle_concentration': 64.8, 'eligible_count': 6, 'bet_adj': 2, 'reason': 'rel_win1=58.1%（本命度） / 最有力組み合わせ確率: 0.100（推定実オッズ?13倍） / 2着集中度: 上位2艇 64.8%（補正+0.00） / 総合判定確率: 0.100 / → ヒモ分散。1号艇1着固定で広めのヒモ流し推奨（買い目+2点）', 'tenji_trigger': '展示確認: ヒモ分散レース。1号艇伸び確認後、広めのヒモ流しを採用。穴ヒモ（5・6号艇）を積極的に含める。'}",,,29,逃げ狙い,17.55,31.3,3,,,,,,,,,,,
2026-04-03,丸亀,3,6,永井彪也,A1,30.23,6,△,5.0563,6.9,51,48.5,0.13,2.697,,,0,低,28,0,差0%,52122,0,31,2.0036,0,0.125,0,0,0,0,0,0.2762,,,C,◎,,0.3987,0.7025,,0.4349,S,93,0,◎1着固定 2-3着流し（5〜8点）,0.5777,"{'is_target': True, 'verdict': '参加推奨', 'max_combo_prob': 0.1001, 'est_top_odds': 13.3, 'circle_concentration': 64.8, 'eligible_count': 6, 'bet_adj': 2, 'reason': 'rel_win1=58.1%（本命度） / 最有力組み合わせ確率: 0.100（推定実オッズ?13倍） / 2着集中度: 上位2艇 64.8%（補正+0.00） / 総合判定確率: 0.100 / → ヒモ分散。1号艇1着固定で広めのヒモ流し推奨（買い目+2点）', 'tenji_trigger': '展示確認: ヒモ分散レース。1号艇伸び確認後、広めのヒモ流しを採用。穴ヒモ（5・6号艇）を積極的に含める。'}",,,29,逃げ狙い,17.55,31.3,3,,,,,,,,,,,
2026-04-03,丸亀,4,1,山田亮太,A2,42.06,1,◎,62.1447,,0,90.3,0.1658,2.9355,,,0,低,92,0,逃1%,1 1433,0,85,1.1722,0.6538,,,,,0.1058,0.0308,0.0615,◎,,A,○,,,0.642,,0.513,S,93,0,◎1着固定 2-3着流し（5〜8点）,0.5777,"{'is_target': True, 'verdict': '参加推奨', 'max_combo_prob': 0.0794, 'est_top_odds': 16.8, 'circle_concentration': 82.2, 'eligible_count': 6, 'bet_adj': 2, 'reason': 'rel_win1=62.1%（本命度） / 最有力組み合わせ確率: 0.079（推定実オッズ?17倍） / 2着集中度: 上位2艇 82.2%（補正+0.04） / 総合判定確率: 0.119 / → ヒモ分散。1号艇1着固定で広めのヒモ流し推奨（買い目+2点）', 'tenji_trigger': '展示確認: ヒモ分散レース。1号艇伸び確認後、広めのヒモ流しを採用。穴ヒモ（5・6号艇）を積極的に含める。'}",,,26.9,逃げ狙い,15.21,27.3,2,,,,,0,0,0.7559,0,,逃げ軸流し,A
2026-04-03,丸亀,4,2,新田芳美,B1,41.27,2,○,13.3213,44.3,92,60.6,0.1667,3.4091,,,0,低,61,0,-,145 14,0,41.7,0.8812,,,,,,0.08,0.0533,0.44,,,B,△,,0.3185,0.6255,,0.513,S,93,0,◎1着固定 2-3着流し（5〜8点）,0.5777,"{'is_target': True, 'verdict': '参加推奨', 'max_combo_prob': 0.0794, 'est_top_odds': 16.8, 'circle_concentration': 82.2, 'eligible_count': 6, 'bet_adj': 2, 'reason': 'rel_win1=62.1%（本命度） / 最有力組み合わせ確率: 0.079（推定実オッズ?17倍） / 2着集中度: 上位2艇 82.2%（補正+0.04） / 総合判定確率: 0.119 / → ヒモ分散。1号艇1着固定で広めのヒモ流し推奨（買い目+2点）', 'tenji_trigger': '展示確認: ヒモ分散レース。1号艇伸び確認後、広めのヒモ流しを採用。穴ヒモ（5・6号艇）を積極的に含める。'}",,,26.9,逃げ狙い,15.21,27.3,2,,,,,,,,,,,
2026-04-03,丸亀,4,3,関野　文,A2,20.66,3,,11.169,37.8,69,67.7,0.165,2.9706,,,0,低,58,0,-,21236,0,45.1,0.9769,0,0,0.0526,0,0,0.0932,0.0727,0.2409,,,E,,,0.2882,0.6135,,0.513,S,93,0,◎1着固定 2-3着流し（5〜8点）,0.5777,"{'is_target': True, 'verdict': '参加推奨', 'max_combo_prob': 0.0794, 'est_top_odds': 16.8, 'circle_concentration': 82.2, 'eligible_count': 6, 'bet_adj': 2, 'reason': 'rel_win1=62.1%（本命度） / 最有力組み合わせ確率: 0.079（推定実オッズ?17倍） / 2着集中度: 上位2艇 82.2%（補正+0.04） / 総合判定確率: 0.119 / → ヒモ分散。1号艇1着固定で広めのヒモ流し推奨（買い目+2点）', 'tenji_trigger': '展示確認: ヒモ分散レース。1号艇伸び確認後、広めのヒモ流しを採用。穴ヒモ（5・6号艇）を積極的に含める。'}",,,26.9,逃げ狙い,15.21,27.3,2,,,,,,,,,,,
2026-04-03,丸亀,4,4,高田　綾,B1,35.48,4,,8.7011,11.4,100,42.9,0.2,3.6429,,,0,低,47,0,-,6 144,0,92.1,0.4889,,,,,,0,0.1538,0.2308,,,C,,,0.1802,0.5525,,0.513,S,93,0,◎1着固定 2-3着流し（5〜8点）,0.5777,"{'is_target': True, 'verdict': '参加推奨', 'max_combo_prob': 0.0794, 'est_top_odds': 16.8, 'circle_concentration': 82.2, 'eligible_count': 6, 'bet_adj': 2, 'reason': 'rel_win1=62.1%（本命度） / 最有力組み合わせ確率: 0.079（推定実オッズ?17倍） / 2着集中度: 上位2艇 82.2%（補正+0.04） / 総合判定確率: 0.119 / → ヒモ分散。1号艇1着固定で広めのヒモ流し推奨（買い目+2点）', 'tenji_trigger': '展示確認: ヒモ分散レース。1号艇伸び確認後、広めのヒモ流しを採用。穴ヒモ（5・6号艇）を積極的に含める。'}",,,26.9,逃げ狙い,15.21,27.3,2,,,,,,,,,,,
2026-04-03,丸亀,4,5,寺本昇平,B1,40.48,5,△,3.5477,4,93,25.5,0.1721,3.7766,,,0,低,124,0,-,5 336,0,25.3,0.4814,,,,,,0.3323,0.1231,0.1508,,,C,△,,0.2899,0.6215,,0.513,S,93,0,◎1着固定 2-3着流し（5〜8点）,0.5777,"{'is_target': True, 'verdict': '参加推奨', 'max_combo_prob': 0.0794, 'est_top_odds': 16.8, 'circle_concentration': 82.2, 'eligible_count': 6, 'bet_adj': 2, 'reason': 'rel_win1=62.1%（本命度） / 最有力組み合わせ確率: 0.079（推定実オッズ?17倍） / 2着集中度: 上位2艇 82.2%（補正+0.04） / 総合判定確率: 0.119 / → ヒモ分散。1号艇1着固定で広めのヒモ流し推奨（買い目+2点）', 'tenji_trigger': '展示確認: ヒモ分散レース。1号艇伸び確認後、広めのヒモ流しを採用。穴ヒモ（5・6号艇）を積極的に含める。'}",,,26.9,逃げ狙い,15.21,27.3,2,,,,,,,,,,,
2026-04-03,丸亀,4,6,高倉和士,A1,29.23,6,▲,1.1163,2.4,85,47.2,0.1496,3.3396,,,0,低,42,0,-,251312,0,25.3,1.8222,,,,,,0.0114,0.0343,0.2936,,,D,◎,,0.3615,0.673,,0.513,S,93,0,◎1着固定 2-3着流し（5〜8点）,0.5777,"{'is_target': True, 'verdict': '参加推奨', 'max_combo_prob': 0.0794, 'est_top_odds': 16.8, 'circle_concentration': 82.2, 'eligible_count': 6, 'bet_adj': 2, 'reason': 'rel_win1=62.1%（本命度） / 最有力組み合わせ確率: 0.079（推定実オッズ?17倍） / 2着集中度: 上位2艇 82.2%（補正+0.04） / 総合判定確率: 0.119 / → ヒモ分散。1号艇1着固定で広めのヒモ流し推奨（買い目+2点）', 'tenji_trigger': '展示確認: ヒモ分散レース。1号艇伸び確認後、広めのヒモ流しを採用。穴ヒモ（5・6号艇）を積極的に含める。'}",,,26.9,逃げ狙い,15.21,27.3,2,,,,,,,,,,,
2026-04-03,丸亀,5,1,小野達哉,A1,33.06,1,◎,65.8146,,0,92.9,0.1504,2.9192,,,0,低,87,0,逃1%,566131,0,70.8,1.0276,0.8095,,,,,0.0095,0.0286,0.0286,◎,,D,○,,,0.6745,,0.5992,S,100,0,◎1着固定 2-3着流し（5〜8点）,0.5777,"{'is_target': True, 'verdict': '参加推奨', 'max_combo_prob': 0.0811, 'est_top_odds': 16.4, 'circle_concentration': 60.5, 'eligible_count': 6, 'bet_adj': 2, 'reason': 'rel_win1=65.8%（本命度） / 最有力組み合わせ確率: 0.081（推定実オッズ?16倍） / 2着集中度: 上位2艇 60.5%（補正+0.00） / 総合判定確率: 0.081 / → ヒモ分散。1号艇1着固定で広めのヒモ流し推奨（買い目+2点）', 'tenji_trigger': '展示確認: ヒモ分散レース。1号艇伸び確認後、広めのヒモ流しを採用。穴ヒモ（5・6号艇）を積極的に含める。'}",,,24.2,逃げ狙い,10.21,23.9,3,,,,,0,0,0.7559,0,,逃げ軸流し,A
2026-04-03,丸亀,5,2,山戸信二,B1,45.24,2,○,11.9101,28.1,48,37.5,0.1443,2.9107,,,0,低,117,0,差0% ま0%,3 341,0,22.3,0.6598,0,0.0345,0.069,0,0,0.4333,0.2167,0.0444,,◎,A,,,0.3715,0.5985,,0.5992,S,100,0,◎1着固定 2-3着流し（5〜8点）,0.5777,"{'is_target': True, 'verdict': '参加推奨', 'max_combo_prob': 0.0811, 'est_top_odds': 16.4, 'circle_concentration': 60.5, 'eligible_count': 6, 'bet_adj': 2, 'reason': 'rel_win1=65.8%（本命度） / 最有力組み合わせ確率: 0.081（推定実オッズ?16倍） / 2着集中度: 上位2艇 60.5%（補正+0.00） / 総合判定確率: 0.081 / → ヒモ分散。1号艇1着固定で広めのヒモ流し推奨（買い目+2点）', 'tenji_trigger': '展示確認: ヒモ分散レース。1号艇伸び確認後、広めのヒモ流しを採用。穴ヒモ（5・6号艇）を積極的に含める。'}",,,24.2,逃げ狙い,10.21,23.9,3,,,,,,,,,,,
2026-04-03,丸亀,5,3,中野和裕,B1,43.65,3,▲,9.0285,19,74,36.7,0.1727,3.3917,,,0,低,136,0,抜0%,3 155,0,34.5,0.7852,0,0,0,0,0.0357,0.2667,0.3111,0.3333,,,B,,,0.2013,0.559,,0.5992,S,100,0,◎1着固定 2-3着流し（5〜8点）,0.5777,"{'is_target': True, 'verdict': '参加推奨', 'max_combo_prob': 0.0811, 'est_top_odds': 16.4, 'circle_concentration': 60.5, 'eligible_count': 6, 'bet_adj': 2, 'reason': 'rel_win1=65.8%（本命度） / 最有力組み合わせ確率: 0.081（推定実オッズ?16倍） / 2着集中度: 上位2艇 60.5%（補正+0.00） / 総合判定確率: 0.081 / → ヒモ分散。1号艇1着固定で広めのヒモ流し推奨（買い目+2点）', 'tenji_trigger': '展示確認: ヒモ分散レース。1号艇伸び確認後、広めのヒモ流しを採用。穴ヒモ（5・6号艇）を積極的に含める。'}",,,24.2,逃げ狙い,10.21,23.9,3,,,,,,,,,,,
2026-04-03,丸亀,5,4,宮崎　奨,A2,28.23,4,,7.5302,32.3,100,70.2,0.1772,3.694,,,0,低,134,0,-,332 46,0,47.5,1.0309,0,0,0,0.0333,0,0.0343,0.1571,0.2686,,,E,△,,0.1744,0.658,,0.5992,S,100,0,◎1着固定 2-3着流し（5〜8点）,0.5777,"{'is_target': True, 'verdict': '参加推奨', 'max_combo_prob': 0.0811, 'est_top_odds': 16.4, 'circle_concentration': 60.5, 'eligible_count': 6, 'bet_adj': 2, 'reason': 'rel_win1=65.8%（本命度） / 最有力組み合わせ確率: 0.081（推定実オッズ?16倍） / 2着集中度: 上位2艇 60.5%（補正+0.00） / 総合判定確率: 0.081 / → ヒモ分散。1号艇1着固定で広めのヒモ流し推奨（買い目+2点）', 'tenji_trigger': '展示確認: ヒモ分散レース。1号艇伸び確認後、広めのヒモ流しを採用。穴ヒモ（5・6号艇）を積極的に含める。'}",,,24.2,逃げ狙い,10.21,23.9,3,,,,,,,,,,,
2026-04-03,丸亀,5,5,今坂晃広,B1,34.75,5,△,4.5666,11.4,34,22.8,0.1804,3.9474,,,0,低,154,0,ま0%,1 655,0,25.3,0.7812,0,0,0.0385,0,0,0.0462,0.1969,0.0462,,,C,◎,,0.1912,0.681,,0.5992,S,100,0,◎1着固定 2-3着流し（5〜8点）,0.5777,"{'is_target': True, 'verdict': '参加推奨', 'max_combo_prob': 0.0811, 'est_top_odds': 16.4, 'circle_concentration': 60.5, 'eligible_count': 6, 'bet_adj': 2, 'reason': 'rel_win1=65.8%（本命度） / 最有力組み合わせ確率: 0.081（推定実オッズ?16倍） / 2着集中度: 上位2艇 60.5%（補正+0.00） / 総合判定確率: 0.081 / → ヒモ分散。1号艇1着固定で広めのヒモ流し推奨（買い目+2点）', 'tenji_trigger': '展示確認: ヒモ分散レース。1号艇伸び確認後、広めのヒモ流しを採用。穴ヒモ（5・6号艇）を積極的に含める。'}",,,24.2,逃げ狙い,10.21,23.9,3,,,,,,,,,,,
2026-04-03,丸亀,5,6,深井利寿,A2,34.43,6,,1.1501,9.1,96,49,0.1949,4.602,,,0,低,120,0,-,22512,0,93.9,1.8972,,,,,,0.0129,0.1062,0.2123,,,D,△,,0.1718,0.605,,0.5992,S,100,0,◎1着固定 2-3着流し（5〜8点）,0.5777,"{'is_target': True, 'verdict': '参加推奨', 'max_combo_prob': 0.0811, 'est_top_odds': 16.4, 'circle_concentration': 60.5, 'eligible_count': 6, 'bet_adj': 2, 'reason': 'rel_win1=65.8%（本命度） / 最有力組み合わせ確率: 0.081（推定実オッズ?16倍） / 2着集中度: 上位2艇 60.5%（補正+0.00） / 総合判定確率: 0.081 / → ヒモ分散。1号艇1着固定で広めのヒモ流し推奨（買い目+2点）', 'tenji_trigger': '展示確認: ヒモ分散レース。1号艇伸び確認後、広めのヒモ流しを採用。穴ヒモ（5・6号艇）を積極的に含める。'}",,,24.2,逃げ狙い,10.21,23.9,3,,,,,,,,,,,
2026-04-03,丸亀,6,1,北川潤二,A2,25.20,1,◎,57.617,,0,93.9,0.127,2.0408,,,0,低,54,0,逃1%,424251,0,63.3,1.0096,0.7174,,,,,0.0848,0.1348,0.0435,◎,,D,◎,,,0.673,,0.693,S,94,0,◎1着固定 2-3着流し（5〜8点）,0.5777,"{'is_target': True, 'verdict': '参加推奨', 'max_combo_prob': 0.0672, 'est_top_odds': 19.8, 'circle_concentration': 62.7, 'eligible_count': 6, 'bet_adj': 2, 'reason': 'rel_win1=57.6%（本命度） / 最有力組み合わせ確率: 0.067（推定実オッズ?20倍） / 2着集中度: 上位2艇 62.7%（補正+0.00） / 総合判定確率: 0.067 / → ヒモ分散。1号艇1着固定で広めのヒモ流し推奨（買い目+2点）', 'tenji_trigger': '展示確認: ヒモ分散レース。1号艇伸び確認後、広めのヒモ流しを採用。穴ヒモ（5・6号艇）を積極的に含める。\n展示で1号艇スタート超安定(0.127秒)→ヒモ固まり方向に注意'}",,,27,逃げ狙い,15.91,26.9,3,,,,,0,0,0.7559,0,,逃げ軸流し,A
2026-04-03,丸亀,6,2,島田一生,B1,28.81,2,△,8.3627,39.9,100,58.1,0.1627,3.7339,,,0,低,101,0,差0% 抜0%,5 266,0,100,0.9429,0,0.087,0,0,0.0435,0.1905,0.2857,0.0476,,,C,,,0.0818,0.569,,0.693,S,94,0,◎1着固定 2-3着流し（5〜8点）,0.5777,"{'is_target': True, 'verdict': '参加推奨', 'max_combo_prob': 0.0672, 'est_top_odds': 19.8, 'circle_concentration': 62.7, 'eligible_count': 6, 'bet_adj': 2, 'reason': 'rel_win1=57.6%（本命度） / 最有力組み合わせ確率: 0.067（推定実オッズ?20倍） / 2着集中度: 上位2艇 62.7%（補正+0.00） / 総合判定確率: 0.067 / → ヒモ分散。1号艇1着固定で広めのヒモ流し推奨（買い目+2点）', 'tenji_trigger': '展示確認: ヒモ分散レース。1号艇伸び確認後、広めのヒモ流しを採用。穴ヒモ（5・6号艇）を積極的に含める。\n展示で1号艇スタート超安定(0.127秒)→ヒモ固まり方向に注意'}",,,27,逃げ狙い,15.91,26.9,3,,,,,,,,,,,
2026-04-03,丸亀,6,3,杉山勝匡,B1,38.14,3,▲,17.7743,22.9,96,55.2,0.1376,3.1045,,,0,低,107,0,-,155 51,0,100,2.6619,0,0,0.0645,0.0645,0.0323,0.1889,0.1444,0.1593,,,B,△,,0.2589,0.6195,,0.693,S,94,0,◎1着固定 2-3着流し（5〜8点）,0.5777,"{'is_target': True, 'verdict': '参加推奨', 'max_combo_prob': 0.0672, 'est_top_odds': 19.8, 'circle_concentration': 62.7, 'eligible_count': 6, 'bet_adj': 2, 'reason': 'rel_win1=57.6%（本命度） / 最有力組み合わせ確率: 0.067（推定実オッズ?20倍） / 2着集中度: 上位2艇 62.7%（補正+0.00） / 総合判定確率: 0.067 / → ヒモ分散。1号艇1着固定で広めのヒモ流し推奨（買い目+2点）', 'tenji_trigger': '展示確認: ヒモ分散レース。1号艇伸び確認後、広めのヒモ流しを採用。穴ヒモ（5・6号艇）を積極的に含める。\n展示で1号艇スタート超安定(0.127秒)→ヒモ固まり方向に注意'}",,,27,逃げ狙い,15.91,26.9,3,,,,,,,,,,,
2026-04-03,丸亀,6,4,前野竜一,A2,23.14,4,,5.3209,21.5,95,51.8,0.1593,3.0357,,,0,低,115,0,-,6 4436,0,50.6,1.1479,,,,,,0.0133,0.2267,0.1067,,,E,△,,0.2067,0.5985,,0.693,S,94,0,◎1着固定 2-3着流し（5〜8点）,0.5777,"{'is_target': True, 'verdict': '参加推奨', 'max_combo_prob': 0.0672, 'est_top_odds': 19.8, 'circle_concentration': 62.7, 'eligible_count': 6, 'bet_adj': 2, 'reason': 'rel_win1=57.6%（本命度） / 最有力組み合わせ確率: 0.067（推定実オッズ?20倍） / 2着集中度: 上位2艇 62.7%（補正+0.00） / 総合判定確率: 0.067 / → ヒモ分散。1号艇1着固定で広めのヒモ流し推奨（買い目+2点）', 'tenji_trigger': '展示確認: ヒモ分散レース。1号艇伸び確認後、広めのヒモ流しを採用。穴ヒモ（5・6号艇）を積極的に含める。\n展示で1号艇スタート超安定(0.127秒)→ヒモ固まり方向に注意'}",,,27,逃げ狙い,15.91,26.9,3,,,,,,,,,,,
2026-04-03,丸亀,6,5,柴田大輔,B1,25.41,5,,4.8938,8.8,42,26.4,0.2077,3.9906,,,0,低,176,0,ま0% 差ま0%,366 45,0,31.2,0.8621,0,0,0.0417,0.0417,0,0.2769,0.2923,0.2769,,,D,,,0.1311,0.4955,,0.693,S,94,0,◎1着固定 2-3着流し（5〜8点）,0.5777,"{'is_target': True, 'verdict': '参加推奨', 'max_combo_prob': 0.0672, 'est_top_odds': 19.8, 'circle_concentration': 62.7, 'eligible_count': 6, 'bet_adj': 2, 'reason': 'rel_win1=57.6%（本命度） / 最有力組み合わせ確率: 0.067（推定実オッズ?20倍） / 2着集中度: 上位2艇 62.7%（補正+0.00） / 総合判定確率: 0.067 / → ヒモ分散。1号艇1着固定で広めのヒモ流し推奨（買い目+2点）', 'tenji_trigger': '展示確認: ヒモ分散レース。1号艇伸び確認後、広めのヒモ流しを採用。穴ヒモ（5・6号艇）を積極的に含める。\n展示で1号艇スタート超安定(0.127秒)→ヒモ固まり方向に注意'}",,,27,逃げ狙い,15.91,26.9,3,,,,,,,,,,,
2026-04-03,丸亀,6,6,島村隆幸,A1,48.33,6,○,6.0313,7,95,59.1,0.1336,3.4545,,,0,低,37,0,差ま0%,11435,0,35.3,2.415,0,0,0,0.0769,0,0.05,0.05,0.1,,,A,○,,0.2922,0.6615,,0.693,S,94,0,◎1着固定 2-3着流し（5〜8点）,0.5777,"{'is_target': True, 'verdict': '参加推奨', 'max_combo_prob': 0.0672, 'est_top_odds': 19.8, 'circle_concentration': 62.7, 'eligible_count': 6, 'bet_adj': 2, 'reason': 'rel_win1=57.6%（本命度） / 最有力組み合わせ確率: 0.067（推定実オッズ?20倍） / 2着集中度: 上位2艇 62.7%（補正+0.00） / 総合判定確率: 0.067 / → ヒモ分散。1号艇1着固定で広めのヒモ流し推奨（買い目+2点）', 'tenji_trigger': '展示確認: ヒモ分散レース。1号艇伸び確認後、広めのヒモ流しを採用。穴ヒモ（5・6号艇）を積極的に含める。\n展示で1号艇スタート超安定(0.127秒)→ヒモ固まり方向に注意'}",,,27,逃げ狙い,15.91,26.9,3,,,,,,,,,,,
2026-04-03,丸亀,7,1,富永修一,A1,25.21,1,◎,57.9999,,0,88.1,0.1252,2.0655,,,0,低,92,0,逃0% 抜0%,1 1545,0,81,0.9601,0.6667,,,,,0.1257,0.1257,0.1124,◎,,D,○,,,0.6455,,0.6638,S,82,0,◎1着固定 2-3着流し（5〜8点）,0.5777,"{'is_target': True, 'verdict': '参加推奨', 'max_combo_prob': 0.0752, 'est_top_odds': 17.7, 'circle_concentration': 69.0, 'eligible_count': 6, 'bet_adj': 2, 'reason': 'rel_win1=58.0%（本命度） / 最有力組み合わせ確率: 0.075（推定実オッズ?18倍） / 2着集中度: 上位2艇 69.0%（補正+0.00） / 総合判定確率: 0.075 / → ヒモ分散。1号艇1着固定で広めのヒモ流し推奨（買い目+2点）', 'tenji_trigger': '展示確認: ヒモ分散レース。1号艇伸び確認後、広めのヒモ流しを採用。穴ヒモ（5・6号艇）を積極的に含める。\n展示で1号艇スタート超安定(0.125秒)→ヒモ固まり方向に注意'}",,,27.7,逃げ狙い,15.43,29.4,3,,,,,0,0,0.7559,0,,逃げ軸流し,A
2026-04-03,丸亀,7,2,垂水　悠,B1,33.06,2,▲,10.3502,38.6,100,53.8,0.1518,2.7949,,,0,低,36,0,-,1 561,0,29.9,0.78,0,0.0625,0,0,0,0.3077,0.2308,0.2308,,,B,△,,0.063,0.632,,0.6638,S,82,0,◎1着固定 2-3着流し（5〜8点）,0.5777,"{'is_target': True, 'verdict': '参加推奨', 'max_combo_prob': 0.0752, 'est_top_odds': 17.7, 'circle_concentration': 69.0, 'eligible_count': 6, 'bet_adj': 2, 'reason': 'rel_win1=58.0%（本命度） / 最有力組み合わせ確率: 0.075（推定実オッズ?18倍） / 2着集中度: 上位2艇 69.0%（補正+0.00） / 総合判定確率: 0.075 / → ヒモ分散。1号艇1着固定で広めのヒモ流し推奨（買い目+2点）', 'tenji_trigger': '展示確認: ヒモ分散レース。1号艇伸び確認後、広めのヒモ流しを採用。穴ヒモ（5・6号艇）を積極的に含める。\n展示で1号艇スタート超安定(0.125秒)→ヒモ固まり方向に注意'}",,,27.7,逃げ狙い,15.43,29.4,3,,,,,,,,,,,
2026-04-03,丸亀,7,3,竹田吉行,A2,32.50,3,,13.999,30.4,53,57.1,0.1635,3.381,,,0,低,115,0,ま0% 差ま0% 抜0%,134 25,0,58.8,1.1848,0,0,0.12,0.04,0.04,0.0606,0.0825,0.2452,,,C,△,,0.1294,0.63,,0.6638,S,82,0,◎1着固定 2-3着流し（5〜8点）,0.5777,"{'is_target': True, 'verdict': '参加推奨', 'max_combo_prob': 0.0752, 'est_top_odds': 17.7, 'circle_concentration': 69.0, 'eligible_count': 6, 'bet_adj': 2, 'reason': 'rel_win1=58.0%（本命度） / 最有力組み合わせ確率: 0.075（推定実オッズ?18倍） / 2着集中度: 上位2艇 69.0%（補正+0.00） / 総合判定確率: 0.075 / → ヒモ分散。1号艇1着固定で広めのヒモ流し推奨（買い目+2点）', 'tenji_trigger': '展示確認: ヒモ分散レース。1号艇伸び確認後、広めのヒモ流しを採用。穴ヒモ（5・6号艇）を積極的に含める。\n展示で1号艇スタート超安定(0.125秒)→ヒモ固まり方向に注意'}",,,27.7,逃げ狙い,15.43,29.4,3,,,,,,,,,,,
2026-04-03,丸亀,7,4,酒井俊弘,B1,21.49,4,,10.4035,12.8,57,36.6,0.1434,2.8659,,,0,低,62,0,ま0%,432 46,0,46.8,0.9474,0,0,0.1053,0,0,0.0167,0.4167,0.25,,,E,,◎,0.2339,0.6165,0.2052,0.6638,S,82,0,◎1着固定 2-3着流し（5〜8点）,0.5777,"{'is_target': True, 'verdict': '参加推奨', 'max_combo_prob': 0.0752, 'est_top_odds': 17.7, 'circle_concentration': 69.0, 'eligible_count': 6, 'bet_adj': 2, 'reason': 'rel_win1=58.0%（本命度） / 最有力組み合わせ確率: 0.075（推定実オッズ?18倍） / 2着集中度: 上位2艇 69.0%（補正+0.00） / 総合判定確率: 0.075 / → ヒモ分散。1号艇1着固定で広めのヒモ流し推奨（買い目+2点）', 'tenji_trigger': '展示確認: ヒモ分散レース。1号艇伸び確認後、広めのヒモ流しを採用。穴ヒモ（5・6号艇）を積極的に含める。\n展示で1号艇スタート超安定(0.125秒)→ヒモ固まり方向に注意'}",,,27.7,逃げ狙い,15.43,29.4,3,,,,,,,,,,,
2026-04-03,丸亀,7,5,犬童千秋,B1,28.46,5,△,4.4669,8.3,76,23.3,0.125,2.6333,,,0,低,47,0,-,363 25,0,25.8,0.7538,,,,,,0.3333,0.1111,0.1111,,,D,,,0.3114,0.593,,0.6638,S,82,0,◎1着固定 2-3着流し（5〜8点）,0.5777,"{'is_target': True, 'verdict': '参加推奨', 'max_combo_prob': 0.0752, 'est_top_odds': 17.7, 'circle_concentration': 69.0, 'eligible_count': 6, 'bet_adj': 2, 'reason': 'rel_win1=58.0%（本命度） / 最有力組み合わせ確率: 0.075（推定実オッズ?18倍） / 2着集中度: 上位2艇 69.0%（補正+0.00） / 総合判定確率: 0.075 / → ヒモ分散。1号艇1着固定で広めのヒモ流し推奨（買い目+2点）', 'tenji_trigger': '展示確認: ヒモ分散レース。1号艇伸び確認後、広めのヒモ流しを採用。穴ヒモ（5・6号艇）を積極的に含める。\n展示で1号艇スタート超安定(0.125秒)→ヒモ固まり方向に注意'}",,,27.7,逃げ狙い,15.43,29.4,3,,,,,,,,,,,
2026-04-03,丸亀,7,6,小坂尚哉,A1,38.89,6,○,2.7806,9.9,94,57.7,0.151,3.3462,,,0,低,81,0,-,131 21,0,28.4,0.7847,,,,,,0.0488,0.0488,0.0976,,,B,◎,,0.2279,0.657,,0.6638,S,82,0,◎1着固定 2-3着流し（5〜8点）,0.5777,"{'is_target': True, 'verdict': '参加推奨', 'max_combo_prob': 0.0752, 'est_top_odds': 17.7, 'circle_concentration': 69.0, 'eligible_count': 6, 'bet_adj': 2, 'reason': 'rel_win1=58.0%（本命度） / 最有力組み合わせ確率: 0.075（推定実オッズ?18倍） / 2着集中度: 上位2艇 69.0%（補正+0.00） / 総合判定確率: 0.075 / → ヒモ分散。1号艇1着固定で広めのヒモ流し推奨（買い目+2点）', 'tenji_trigger': '展示確認: ヒモ分散レース。1号艇伸び確認後、広めのヒモ流しを採用。穴ヒモ（5・6号艇）を積極的に含める。\n展示で1号艇スタート超安定(0.125秒)→ヒモ固まり方向に注意'}",,,27.7,逃げ狙い,15.43,29.4,3,,,,,,,,,,,
2026-04-03,丸亀,8,1,松本博昭,A2,22.88,1,◎,67.7501,,0,92.7,0.1493,2.7727,,,0,低,179,0,逃1%,2 3523,0,83.9,1.0322,0.6667,,,,,0.1237,0.0157,0.1472,◎,,E,◎,,,0.6525,,0.5565,S,81,0,◎1着固定 2-3着流し（5〜8点）,0.5777,"{'is_target': True, 'verdict': '参加推奨', 'max_combo_prob': 0.1011, 'est_top_odds': 13.2, 'circle_concentration': 65.1, 'eligible_count': 6, 'bet_adj': 2, 'reason': 'rel_win1=67.8%（本命度） / 最有力組み合わせ確率: 0.101（推定実オッズ?13倍） / 2着集中度: 上位2艇 65.1%（補正+0.00） / 総合判定確率: 0.101 / → ヒモ分散。1号艇1着固定で広めのヒモ流し推奨（買い目+2点）', 'tenji_trigger': '展示確認: ヒモ分散レース。1号艇伸び確認後、広めのヒモ流しを採用。穴ヒモ（5・6号艇）を積極的に含める。'}",,,26.8,逃げ狙い,15.08,27.3,3,,,,,0,0,0.7559,0,,逃げ軸流し,A
2026-04-03,丸亀,8,2,高井雄基,A2,28.30,2,,10.3083,39.1,91,55.9,0.1791,4.1176,,,0,低,86,0,-,4 6524,0,54.3,1.0745,0,0.0625,0,0,0.0625,0,0.0889,0.0444,,,C,△,,0.0815,0.579,,0.5565,S,81,0,◎1着固定 2-3着流し（5〜8点）,0.5777,"{'is_target': True, 'verdict': '参加推奨', 'max_combo_prob': 0.1011, 'est_top_odds': 13.2, 'circle_concentration': 65.1, 'eligible_count': 6, 'bet_adj': 2, 'reason': 'rel_win1=67.8%（本命度） / 最有力組み合わせ確率: 0.101（推定実オッズ?13倍） / 2着集中度: 上位2艇 65.1%（補正+0.00） / 総合判定確率: 0.101 / → ヒモ分散。1号艇1着固定で広めのヒモ流し推奨（買い目+2点）', 'tenji_trigger': '展示確認: ヒモ分散レース。1号艇伸び確認後、広めのヒモ流しを採用。穴ヒモ（5・6号艇）を積極的に含める。'}",,,26.8,逃げ狙い,15.08,27.3,3,,,,,,,,,,,
2026-04-03,丸亀,8,3,西岡蒼志,B1,28.13,3,△,10.0732,23.7,100,80,0.147,3.05,,,0,低,79,1,差ま0%,253 64,0,71.5,1.3463,0,0,0,0.2,0,0,0.27,0,,◎,D,,,0.3508,0.528,,0.5565,S,81,0,◎1着固定 2-3着流し（5〜8点）,0.5777,"{'is_target': True, 'verdict': '参加推奨', 'max_combo_prob': 0.1011, 'est_top_odds': 13.2, 'circle_concentration': 65.1, 'eligible_count': 6, 'bet_adj': 2, 'reason': 'rel_win1=67.8%（本命度） / 最有力組み合わせ確率: 0.101（推定実オッズ?13倍） / 2着集中度: 上位2艇 65.1%（補正+0.00） / 総合判定確率: 0.101 / → ヒモ分散。1号艇1着固定で広めのヒモ流し推奨（買い目+2点）', 'tenji_trigger': '展示確認: ヒモ分散レース。1号艇伸び確認後、広めのヒモ流しを採用。穴ヒモ（5・6号艇）を積極的に含める。'}",,,26.8,逃げ狙い,15.08,27.3,3,,,,,,,,,,,
2026-04-03,丸亀,8,4,津久井拓,A2,35.59,4,▲,8.0574,26,58,49.3,0.15,3.1164,,,0,低,129,0,差0% ま0%,352265,0,57.7,1.0234,0,0.0625,0.0625,0,0,0.0324,0.1722,0.2039,,,B,○,◎,0.2886,0.6415,0.3732,0.5565,S,81,0,◎1着固定 2-3着流し（5〜8点）,0.5777,"{'is_target': True, 'verdict': '参加推奨', 'max_combo_prob': 0.1011, 'est_top_odds': 13.2, 'circle_concentration': 65.1, 'eligible_count': 6, 'bet_adj': 2, 'reason': 'rel_win1=67.8%（本命度） / 最有力組み合わせ確率: 0.101（推定実オッズ?13倍） / 2着集中度: 上位2艇 65.1%（補正+0.00） / 総合判定確率: 0.101 / → ヒモ分散。1号艇1着固定で広めのヒモ流し推奨（買い目+2点）', 'tenji_trigger': '展示確認: ヒモ分散レース。1号艇伸び確認後、広めのヒモ流しを採用。穴ヒモ（5・6号艇）を積極的に含める。'}",,,26.8,逃げ狙い,15.08,27.3,3,,,,,,,,,,,
2026-04-03,丸亀,8,5,松本　怜,B1,51.61,5,○,2.7588,10.8,78,39.1,0.1413,3.087,,,0,低,54,0,-,465 33,0,31.5,0.6257,,,,,,0,0.5,0.25,,,A,△,,0.3402,0.572,,0.5565,S,81,0,◎1着固定 2-3着流し（5〜8点）,0.5777,"{'is_target': True, 'verdict': '参加推奨', 'max_combo_prob': 0.1011, 'est_top_odds': 13.2, 'circle_concentration': 65.1, 'eligible_count': 6, 'bet_adj': 2, 'reason': 'rel_win1=67.8%（本命度） / 最有力組み合わせ確率: 0.101（推定実オッズ?13倍） / 2着集中度: 上位2艇 65.1%（補正+0.00） / 総合判定確率: 0.101 / → ヒモ分散。1号艇1着固定で広めのヒモ流し推奨（買い目+2点）', 'tenji_trigger': '展示確認: ヒモ分散レース。1号艇伸び確認後、広めのヒモ流しを採用。穴ヒモ（5・6号艇）を積極的に含める。'}",,,26.8,逃げ狙い,15.08,27.3,3,,,,,,,,,,,
2026-04-03,丸亀,8,6,小畑楓夏,B2,26.89,6,,1.0522,0.4,26,2.7,0.2147,4.1933,,,0,低,40,0,-,656 56,0,26.4,0.615,,,,,,,,,,,D,,,0.1374,0.4095,,0.5565,S,81,0,◎1着固定 2-3着流し（5〜8点）,0.5777,"{'is_target': True, 'verdict': '参加推奨', 'max_combo_prob': 0.1011, 'est_top_odds': 13.2, 'circle_concentration': 65.1, 'eligible_count': 6, 'bet_adj': 2, 'reason': 'rel_win1=67.8%（本命度） / 最有力組み合わせ確率: 0.101（推定実オッズ?13倍） / 2着集中度: 上位2艇 65.1%（補正+0.00） / 総合判定確率: 0.101 / → ヒモ分散。1号艇1着固定で広めのヒモ流し推奨（買い目+2点）', 'tenji_trigger': '展示確認: ヒモ分散レース。1号艇伸び確認後、広めのヒモ流しを採用。穴ヒモ（5・6号艇）を積極的に含める。'}",,,26.8,逃げ狙い,15.08,27.3,3,,,,,,,,,,,
2026-04-03,丸亀,9,1,深井利寿,A2,34.43,1,◎,62.5202,,0,90.3,0.164,2.871,,,0,低,120,0,逃0%,22512,0,77.1,1.1737,0.4839,,,,,0.0129,0.1062,0.2123,◎,,C,,,,0.605,,0.4891,S,100,0,◎1着固定 2-3着流し（5〜8点）,0.5777,"{'is_target': True, 'verdict': '参加推奨', 'max_combo_prob': 0.0656, 'est_top_odds': 20.3, 'circle_concentration': 66.6, 'eligible_count': 6, 'bet_adj': 2, 'reason': 'rel_win1=62.5%（本命度） / 最有力組み合わせ確率: 0.066（推定実オッズ?20倍） / 2着集中度: 上位2艇 66.6%（補正+0.00） / 総合判定確率: 0.066 / → ヒモ分散。1号艇1着固定で広めのヒモ流し推奨（買い目+2点）', 'tenji_trigger': '展示確認: ヒモ分散レース。1号艇伸び確認後、広めのヒモ流しを採用。穴ヒモ（5・6号艇）を積極的に含める。'}",,,26.9,逃げ狙い,14.38,28,4,,,,,0,0,0.7559,0,,逃げ軸流し,A
2026-04-03,丸亀,9,2,山田亮太,A2,42.06,2,▲,10.5441,31.2,100,64.4,0.1689,3.9111,,,0,低,92,0,差0% ま0%,1 1433,0,64.3,1.0305,0,0.0588,0.0588,0,0,0.1058,0.0308,0.0615,,,A,△,,0.2659,0.642,,0.4891,S,100,0,◎1着固定 2-3着流し（5〜8点）,0.5777,"{'is_target': True, 'verdict': '参加推奨', 'max_combo_prob': 0.0656, 'est_top_odds': 20.3, 'circle_concentration': 66.6, 'eligible_count': 6, 'bet_adj': 2, 'reason': 'rel_win1=62.5%（本命度） / 最有力組み合わせ確率: 0.066（推定実オッズ?20倍） / 2着集中度: 上位2艇 66.6%（補正+0.00） / 総合判定確率: 0.066 / → ヒモ分散。1号艇1着固定で広めのヒモ流し推奨（買い目+2点）', 'tenji_trigger': '展示確認: ヒモ分散レース。1号艇伸び確認後、広めのヒモ流しを採用。穴ヒモ（5・6号艇）を積極的に含める。'}",,,26.9,逃げ狙い,14.38,28,4,,,,,,,,,,,
2026-04-03,丸亀,9,3,藤田竜弘,B1,36.29,3,○,12.2806,35.5,72,68.8,0.1499,3.3117,,,0,低,145,0,-,261 23,0,22.2,0.6935,0,0,0.087,0.0435,0.0435,0.3516,0.3161,0.0774,,◎,B,◎,,0.3778,0.6755,,0.4891,S,100,0,◎1着固定 2-3着流し（5〜8点）,0.5777,"{'is_target': True, 'verdict': '参加推奨', 'max_combo_prob': 0.0656, 'est_top_odds': 20.3, 'circle_concentration': 66.6, 'eligible_count': 6, 'bet_adj': 2, 'reason': 'rel_win1=62.5%（本命度） / 最有力組み合わせ確率: 0.066（推定実オッズ?20倍） / 2着集中度: 上位2艇 66.6%（補正+0.00） / 総合判定確率: 0.066 / → ヒモ分散。1号艇1着固定で広めのヒモ流し推奨（買い目+2点）', 'tenji_trigger': '展示確認: ヒモ分散レース。1号艇伸び確認後、広めのヒモ流しを採用。穴ヒモ（5・6号艇）を積極的に含める。'}",,,26.9,逃げ狙い,14.38,28,4,,,,,,,,,,,
2026-04-03,丸亀,9,4,関野　文,A2,20.66,4,,5.9928,19.7,95,58.6,0.1741,3.1034,,,0,低,58,0,-,21236,0,49.2,1.0819,,,,,,0.0932,0.0727,0.2409,,,E,,,0.2886,0.6135,,0.4891,S,100,0,◎1着固定 2-3着流し（5〜8点）,0.5777,"{'is_target': True, 'verdict': '参加推奨', 'max_combo_prob': 0.0656, 'est_top_odds': 20.3, 'circle_concentration': 66.6, 'eligible_count': 6, 'bet_adj': 2, 'reason': 'rel_win1=62.5%（本命度） / 最有力組み合わせ確率: 0.066（推定実オッズ?20倍） / 2着集中度: 上位2艇 66.6%（補正+0.00） / 総合判定確率: 0.066 / → ヒモ分散。1号艇1着固定で広めのヒモ流し推奨（買い目+2点）', 'tenji_trigger': '展示確認: ヒモ分散レース。1号艇伸び確認後、広めのヒモ流しを採用。穴ヒモ（5・6号艇）を積極的に含める。'}",,,26.9,逃げ狙い,14.38,28,4,,,,,,,,,,,
2026-04-03,丸亀,9,5,林　祐介,A2,27.91,5,△,4.8717,8,83,51.7,0.1595,3.4224,,,0,低,103,0,-,3 4313,0,42.5,1.3371,0,0,0,0.0435,0,0.0154,0.1615,0.2923,,,D,△,,0.3111,0.6605,,0.4891,S,100,0,◎1着固定 2-3着流し（5〜8点）,0.5777,"{'is_target': True, 'verdict': '参加推奨', 'max_combo_prob': 0.0656, 'est_top_odds': 20.3, 'circle_concentration': 66.6, 'eligible_count': 6, 'bet_adj': 2, 'reason': 'rel_win1=62.5%（本命度） / 最有力組み合わせ確率: 0.066（推定実オッズ?20倍） / 2着集中度: 上位2艇 66.6%（補正+0.00） / 総合判定確率: 0.066 / → ヒモ分散。1号艇1着固定で広めのヒモ流し推奨（買い目+2点）', 'tenji_trigger': '展示確認: ヒモ分散レース。1号艇伸び確認後、広めのヒモ流しを採用。穴ヒモ（5・6号艇）を積極的に含める。'}",,,26.9,逃げ狙い,14.38,28,4,,,,,,,,,,,
2026-04-03,丸亀,9,6,小野達哉,A1,33.06,6,,3.7907,5.7,60,41.3,0.1654,3.4286,,,0,低,87,0,-,566131,0,100,2.1669,,,,,,0.0095,0.0286,0.0286,,,C,○,,0.3251,0.6745,,0.4891,S,100,0,◎1着固定 2-3着流し（5〜8点）,0.5777,"{'is_target': True, 'verdict': '参加推奨', 'max_combo_prob': 0.0656, 'est_top_odds': 20.3, 'circle_concentration': 66.6, 'eligible_count': 6, 'bet_adj': 2, 'reason': 'rel_win1=62.5%（本命度） / 最有力組み合わせ確率: 0.066（推定実オッズ?20倍） / 2着集中度: 上位2艇 66.6%（補正+0.00） / 総合判定確率: 0.066 / → ヒモ分散。1号艇1着固定で広めのヒモ流し推奨（買い目+2点）', 'tenji_trigger': '展示確認: ヒモ分散レース。1号艇伸び確認後、広めのヒモ流しを採用。穴ヒモ（5・6号艇）を積極的に含める。'}",,,26.9,逃げ狙い,14.38,28,4,,,,,,,,,,,
2026-04-03,丸亀,10,1,高倉和士,A1,29.23,1,◎,62.5911,,0,95.9,0.1247,2.2397,,,0,低,42,0,逃1%,251312,0,83.2,1.2318,0.6571,,,,,0.0114,0.0343,0.2936,◎,,C,◎,,,0.673,,0.6525,S,84,0,◎1着固定 2-3着流し（5〜8点）,0.5777,"{'is_target': True, 'verdict': '参加推奨', 'max_combo_prob': 0.0695, 'est_top_odds': 19.2, 'circle_concentration': 63.4, 'eligible_count': 6, 'bet_adj': 2, 'reason': 'rel_win1=62.6%（本命度） / 最有力組み合わせ確率: 0.069（推定実オッズ?19倍） / 2着集中度: 上位2艇 63.4%（補正+0.00） / 総合判定確率: 0.069 / → ヒモ分散。1号艇1着固定で広めのヒモ流し推奨（買い目+2点）', 'tenji_trigger': '展示確認: ヒモ分散レース。1号艇伸び確認後、広めのヒモ流しを採用。穴ヒモ（5・6号艇）を積極的に含める。\n展示で1号艇スタート超安定(0.125秒)→ヒモ固まり方向に注意'}",,,26.2,逃げ狙い,14.89,25.5,2,,,,,0,0,0.7559,0,,逃げ軸流し,A
2026-04-03,丸亀,10,2,藤原仙二,A2,27.12,2,,12.3645,34.7,73,51.2,0.201,3.8902,,,0,低,93,0,差0% ま0%,222 12,0,24,0.8557,0,0.1176,0.0588,0,0,0,0.08,0.28,,,D,,,0.0763,0.577,,0.6525,S,84,0,◎1着固定 2-3着流し（5〜8点）,0.5777,"{'is_target': True, 'verdict': '参加推奨', 'max_combo_prob': 0.0695, 'est_top_odds': 19.2, 'circle_concentration': 63.4, 'eligible_count': 6, 'bet_adj': 2, 'reason': 'rel_win1=62.6%（本命度） / 最有力組み合わせ確率: 0.069（推定実オッズ?19倍） / 2着集中度: 上位2艇 63.4%（補正+0.00） / 総合判定確率: 0.069 / → ヒモ分散。1号艇1着固定で広めのヒモ流し推奨（買い目+2点）', 'tenji_trigger': '展示確認: ヒモ分散レース。1号艇伸び確認後、広めのヒモ流しを採用。穴ヒモ（5・6号艇）を積極的に含める。\n展示で1号艇スタート超安定(0.125秒)→ヒモ固まり方向に注意'}",,,26.2,逃げ狙い,14.89,25.5,2,,,,,,,,,,,
2026-04-03,丸亀,10,3,井川大作,B1,33.86,3,▲,8.0987,28.6,100,57.4,0.143,2.8852,,,0,低,89,0,ま0% 差ま0%,1 144,0,39.5,1.0477,0,0,0.0357,0.0714,0,0.3033,0.0933,0.2633,,,B,△,,0.2036,0.617,,0.6525,S,84,0,◎1着固定 2-3着流し（5〜8点）,0.5777,"{'is_target': True, 'verdict': '参加推奨', 'max_combo_prob': 0.0695, 'est_top_odds': 19.2, 'circle_concentration': 63.4, 'eligible_count': 6, 'bet_adj': 2, 'reason': 'rel_win1=62.6%（本命度） / 最有力組み合わせ確率: 0.069（推定実オッズ?19倍） / 2着集中度: 上位2艇 63.4%（補正+0.00） / 総合判定確率: 0.069 / → ヒモ分散。1号艇1着固定で広めのヒモ流し推奨（買い目+2点）', 'tenji_trigger': '展示確認: ヒモ分散レース。1号艇伸び確認後、広めのヒモ流しを採用。穴ヒモ（5・6号艇）を積極的に含める。\n展示で1号艇スタート超安定(0.125秒)→ヒモ固まり方向に注意'}",,,26.2,逃げ狙い,14.89,25.5,2,,,,,,,,,,,
2026-04-03,丸亀,10,4,富永修一,A1,25.21,4,△,8.9232,25.4,98,66.1,0.1245,2.5403,,,0,低,92,0,-,1 1545,0,45.9,0.7596,0,0,0,0.087,0,0.1257,0.1257,0.1124,,,D,○,◎,0.3009,0.6455,0.4174,0.6525,S,84,0,◎1着固定 2-3着流し（5〜8点）,0.5777,"{'is_target': True, 'verdict': '参加推奨', 'max_combo_prob': 0.0695, 'est_top_odds': 19.2, 'circle_concentration': 63.4, 'eligible_count': 6, 'bet_adj': 2, 'reason': 'rel_win1=62.6%（本命度） / 最有力組み合わせ確率: 0.069（推定実オッズ?19倍） / 2着集中度: 上位2艇 63.4%（補正+0.00） / 総合判定確率: 0.069 / → ヒモ分散。1号艇1着固定で広めのヒモ流し推奨（買い目+2点）', 'tenji_trigger': '展示確認: ヒモ分散レース。1号艇伸び確認後、広めのヒモ流しを採用。穴ヒモ（5・6号艇）を積極的に含める。\n展示で1号艇スタート超安定(0.125秒)→ヒモ固まり方向に注意'}",,,26.2,逃げ狙い,14.89,25.5,2,,,,,,,,,,,
2026-04-03,丸亀,10,5,新田芳美,B1,41.27,5,○,6.4649,7.7,58,32,0.164,3.6,,,0,低,61,0,ま0%,145 14,0,29,1.0295,0,0,0.0833,0,0,0.08,0.0533,0.44,,,A,△,,0.1798,0.6255,,0.6525,S,84,0,◎1着固定 2-3着流し（5〜8点）,0.5777,"{'is_target': True, 'verdict': '参加推奨', 'max_combo_prob': 0.0695, 'est_top_odds': 19.2, 'circle_concentration': 63.4, 'eligible_count': 6, 'bet_adj': 2, 'reason': 'rel_win1=62.6%（本命度） / 最有力組み合わせ確率: 0.069（推定実オッズ?19倍） / 2着集中度: 上位2艇 63.4%（補正+0.00） / 総合判定確率: 0.069 / → ヒモ分散。1号艇1着固定で広めのヒモ流し推奨（買い目+2点）', 'tenji_trigger': '展示確認: ヒモ分散レース。1号艇伸び確認後、広めのヒモ流しを採用。穴ヒモ（5・6号艇）を積極的に含める。\n展示で1号艇スタート超安定(0.125秒)→ヒモ固まり方向に注意'}",,,26.2,逃げ狙い,14.89,25.5,2,,,,,,,,,,,
2026-04-03,丸亀,10,6,北川潤二,A2,25.20,6,,1.5575,3.5,57,100,0.14,4,,,0,低,54,1,-,424251,0,100,3.5461,,,,,,0.0848,0.1348,0.0435,,,E,◎,,0.268,0.673,,0.6525,S,84,0,◎1着固定 2-3着流し（5〜8点）,0.5777,"{'is_target': True, 'verdict': '参加推奨', 'max_combo_prob': 0.0695, 'est_top_odds': 19.2, 'circle_concentration': 63.4, 'eligible_count': 6, 'bet_adj': 2, 'reason': 'rel_win1=62.6%（本命度） / 最有力組み合わせ確率: 0.069（推定実オッズ?19倍） / 2着集中度: 上位2艇 63.4%（補正+0.00） / 総合判定確率: 0.069 / → ヒモ分散。1号艇1着固定で広めのヒモ流し推奨（買い目+2点）', 'tenji_trigger': '展示確認: ヒモ分散レース。1号艇伸び確認後、広めのヒモ流しを採用。穴ヒモ（5・6号艇）を積極的に含める。\n展示で1号艇スタート超安定(0.125秒)→ヒモ固まり方向に注意'}",,,26.2,逃げ狙い,14.89,25.5,2,,,,,,,,,,,
2026-04-03,丸亀,11,1,小坂尚哉,A1,38.89,1,◎,56.1606,,0,97.8,0.1389,2.4239,,,0,低,81,0,逃1%,131 21,0,79.2,1.0388,0.7317,,,,,0.0488,0.0488,0.0976,◎,,C,△,,,0.657,,0.6541,S,85,0,◎1着固定 2-3着流し（5〜8点）,0.5777,"{'is_target': True, 'verdict': '参加推奨', 'max_combo_prob': 0.0788, 'est_top_odds': 16.9, 'circle_concentration': 74.8, 'eligible_count': 6, 'bet_adj': 2, 'reason': 'rel_win1=56.2%（本命度） / 最有力組み合わせ確率: 0.079（推定実オッズ?17倍） / 2着集中度: 上位2艇 74.8%（補正+0.04） / 総合判定確率: 0.119 / → ヒモ分散。1号艇1着固定で広めのヒモ流し推奨（買い目+2点）', 'tenji_trigger': '展示確認: ヒモ分散レース。1号艇伸び確認後、広めのヒモ流しを採用。穴ヒモ（5・6号艇）を積極的に含める。\n展示で1号艇スタート超安定(0.139秒)→ヒモ固まり方向に注意'}",,,29.9,逃げ狙い,27.81,25.1,3,,,,,0,0,0.7559,0,,逃げ軸流し,A
2026-04-03,丸亀,11,2,島村隆幸,A1,48.33,2,○,19.3224,43.2,98,91.3,0.1483,2.6087,,,0,低,37,0,差0% ま0% 抜0%,11435,0,86.3,1.4943,0,0.2857,0.0714,0,0.0714,0.05,0.05,0.1,,,A,○,,0.2762,0.6615,,0.6541,S,85,0,◎1着固定 2-3着流し（5〜8点）,0.5777,"{'is_target': True, 'verdict': '参加推奨', 'max_combo_prob': 0.0788, 'est_top_odds': 16.9, 'circle_concentration': 74.8, 'eligible_count': 6, 'bet_adj': 2, 'reason': 'rel_win1=56.2%（本命度） / 最有力組み合わせ確率: 0.079（推定実オッズ?17倍） / 2着集中度: 上位2艇 74.8%（補正+0.04） / 総合判定確率: 0.119 / → ヒモ分散。1号艇1着固定で広めのヒモ流し推奨（買い目+2点）', 'tenji_trigger': '展示確認: ヒモ分散レース。1号艇伸び確認後、広めのヒモ流しを採用。穴ヒモ（5・6号艇）を積極的に含める。\n展示で1号艇スタート超安定(0.139秒)→ヒモ固まり方向に注意'}",,,29.9,逃げ狙い,27.81,25.1,3,,,,,,,,,,,
2026-04-03,丸亀,11,3,永井彪也,A1,30.23,3,▲,15.0789,31.6,96,91.2,0.1368,2.6618,,,0,低,28,0,ま0% 差ま0% 抜0%,52122,0,86.9,1.6488,0,0,0.1538,0.0769,0.0769,0,0,0.2762,,,D,◎,,0.3252,0.7025,,0.6541,S,85,0,◎1着固定 2-3着流し（5〜8点）,0.5777,"{'is_target': True, 'verdict': '参加推奨', 'max_combo_prob': 0.0788, 'est_top_odds': 16.9, 'circle_concentration': 74.8, 'eligible_count': 6, 'bet_adj': 2, 'reason': 'rel_win1=56.2%（本命度） / 最有力組み合わせ確率: 0.079（推定実オッズ?17倍） / 2着集中度: 上位2艇 74.8%（補正+0.04） / 総合判定確率: 0.119 / → ヒモ分散。1号艇1着固定で広めのヒモ流し推奨（買い目+2点）', 'tenji_trigger': '展示確認: ヒモ分散レース。1号艇伸び確認後、広めのヒモ流しを採用。穴ヒモ（5・6号艇）を積極的に含める。\n展示で1号艇スタート超安定(0.139秒)→ヒモ固まり方向に注意'}",,,29.9,逃げ狙い,27.81,25.1,3,,,,,,,,,,,
2026-04-03,丸亀,11,4,竹田吉行,A2,32.50,4,,4.5777,17,100,49.2,0.1633,3.627,,,0,低,115,0,ま0%,134 25,0,65.1,0.9102,0,0,0.0833,0,0,0.0606,0.0825,0.2452,,,D,,,0.2087,0.63,,0.6541,S,85,0,◎1着固定 2-3着流し（5〜8点）,0.5777,"{'is_target': True, 'verdict': '参加推奨', 'max_combo_prob': 0.0788, 'est_top_odds': 16.9, 'circle_concentration': 74.8, 'eligible_count': 6, 'bet_adj': 2, 'reason': 'rel_win1=56.2%（本命度） / 最有力組み合わせ確率: 0.079（推定実オッズ?17倍） / 2着集中度: 上位2艇 74.8%（補正+0.04） / 総合判定確率: 0.119 / → ヒモ分散。1号艇1着固定で広めのヒモ流し推奨（買い目+2点）', 'tenji_trigger': '展示確認: ヒモ分散レース。1号艇伸び確認後、広めのヒモ流しを採用。穴ヒモ（5・6号艇）を積極的に含める。\n展示で1号艇スタート超安定(0.139秒)→ヒモ固まり方向に注意'}",,,29.9,逃げ狙い,27.81,25.1,3,,,,,,,,,,,
2026-04-03,丸亀,11,5,山戸信二,B1,45.24,5,△,3.3028,6.8,60,19.3,0.1644,2.9123,,,0,低,117,0,-,3 341,0,31.9,0.6829,,,,,,0.4333,0.2167,0.0444,,,B,,,0.2379,0.5985,,0.6541,S,85,0,◎1着固定 2-3着流し（5〜8点）,0.5777,"{'is_target': True, 'verdict': '参加推奨', 'max_combo_prob': 0.0788, 'est_top_odds': 16.9, 'circle_concentration': 74.8, 'eligible_count': 6, 'bet_adj': 2, 'reason': 'rel_win1=56.2%（本命度） / 最有力組み合わせ確率: 0.079（推定実オッズ?17倍） / 2着集中度: 上位2艇 74.8%（補正+0.04） / 総合判定確率: 0.119 / → ヒモ分散。1号艇1着固定で広めのヒモ流し推奨（買い目+2点）', 'tenji_trigger': '展示確認: ヒモ分散レース。1号艇伸び確認後、広めのヒモ流しを採用。穴ヒモ（5・6号艇）を積極的に含める。\n展示で1号艇スタート超安定(0.139秒)→ヒモ固まり方向に注意'}",,,29.9,逃げ狙い,27.81,25.1,3,,,,,,,,,,,
2026-04-03,丸亀,11,6,松本博昭,A2,22.88,6,,1.5575,1.4,52,31.9,0.1861,4.1812,,,0,低,179,0,差ま0%,2 3523,0,40.7,1.2992,0,0,0,0.037,0,0.1237,0.0157,0.1472,,,E,△,,0.1368,0.6525,,0.6541,S,85,0,◎1着固定 2-3着流し（5〜8点）,0.5777,"{'is_target': True, 'verdict': '参加推奨', 'max_combo_prob': 0.0788, 'est_top_odds': 16.9, 'circle_concentration': 74.8, 'eligible_count': 6, 'bet_adj': 2, 'reason': 'rel_win1=56.2%（本命度） / 最有力組み合わせ確率: 0.079（推定実オッズ?17倍） / 2着集中度: 上位2艇 74.8%（補正+0.04） / 総合判定確率: 0.119 / → ヒモ分散。1号艇1着固定で広めのヒモ流し推奨（買い目+2点）', 'tenji_trigger': '展示確認: ヒモ分散レース。1号艇伸び確認後、広めのヒモ流しを採用。穴ヒモ（5・6号艇）を積極的に含める。\n展示で1号艇スタート超安定(0.139秒)→ヒモ固まり方向に注意'}",,,29.9,逃げ狙い,27.81,25.1,3,,,,,,,,,,,
2026-04-03,丸亀,12,1,宮下元胤,A1,30.00,1,◎,55.7499,,0,86.3,0.1541,3.2671,,,0,低,126,0,逃0%,24262,0,92.5,1.2493,0.6,,,,,0.1767,0.1283,0.115,◎,,C,◎,,,0.6615,,0.4844,A,66,0,◎-○軸 3着3〜4艇流し（10〜15点）,0.5777,"{'is_target': True, 'verdict': '参加推奨', 'max_combo_prob': 0.0755, 'est_top_odds': 17.7, 'circle_concentration': 68.4, 'eligible_count': 8, 'bet_adj': 2, 'reason': 'rel_win1=55.7%（本命度） / 最有力組み合わせ確率: 0.075（推定実オッズ?18倍） / 2着集中度: 上位2艇 68.4%（補正+0.00） / 総合判定確率: 0.075 / → ヒモ分散。1号艇1着固定で広めのヒモ流し推奨（買い目+2点）', 'tenji_trigger': '展示確認: ヒモ分散レース。1号艇伸び確認後、広めのヒモ流しを採用。穴ヒモ（5・6号艇）を積極的に含める。'}",,,30.9,逃げ狙い,23.01,32.2,3,,,,,0,0,0.7559,0,,逃げ軸流し,A
2026-04-03,丸亀,12,2,篠田優也,A2,22.13,2,△,12.3873,49,61,77.3,0.1557,3.3182,,,0,低,73,0,-,435123,0,24,0.7179,0,0.08,0.04,0,0.04,0.1125,0.1375,0.1125,,◎,E,△,,0.3264,0.6415,,0.4844,A,66,0,◎-○軸 3着3〜4艇流し（10〜15点）,0.5777,"{'is_target': True, 'verdict': '参加推奨', 'max_combo_prob': 0.0755, 'est_top_odds': 17.7, 'circle_concentration': 68.4, 'eligible_count': 8, 'bet_adj': 2, 'reason': 'rel_win1=55.7%（本命度） / 最有力組み合わせ確率: 0.075（推定実オッズ?18倍） / 2着集中度: 上位2艇 68.4%（補正+0.00） / 総合判定確率: 0.075 / → ヒモ分散。1号艇1着固定で広めのヒモ流し推奨（買い目+2点）', 'tenji_trigger': '展示確認: ヒモ分散レース。1号艇伸び確認後、広めのヒモ流しを採用。穴ヒモ（5・6号艇）を積極的に含める。'}",,,30.9,逃げ狙い,23.01,32.2,3,,,,,,,,,,,
2026-04-03,丸亀,12,3,小林京平,B1,35.34,3,▲,14.7445,16.5,100,58.3,0.1825,3.9167,,,0,低,103,1,差0% ま0%,543 14,0,74.3,1.2112,0,0.0909,0.2727,0,0,0,0.1429,0.2857,,,B,,,0.2203,0.5405,,0.4844,A,66,0,◎-○軸 3着3〜4艇流し（10〜15点）,0.5777,"{'is_target': True, 'verdict': '参加推奨', 'max_combo_prob': 0.0755, 'est_top_odds': 17.7, 'circle_concentration': 68.4, 'eligible_count': 8, 'bet_adj': 2, 'reason': 'rel_win1=55.7%（本命度） / 最有力組み合わせ確率: 0.075（推定実オッズ?18倍） / 2着集中度: 上位2艇 68.4%（補正+0.00） / 総合判定確率: 0.075 / → ヒモ分散。1号艇1着固定で広めのヒモ流し推奨（買い目+2点）', 'tenji_trigger': '展示確認: ヒモ分散レース。1号艇伸び確認後、広めのヒモ流しを採用。穴ヒモ（5・6号艇）を積極的に含める。'}",,,30.9,逃げ狙い,23.01,32.2,3,,,,,,,,,,,
2026-04-03,丸亀,12,4,樋口　亮,A2,27.50,4,,10.8371,19.4,97,58,0.1742,3.44,,,0,低,133,0,ま0% 差ま0%,4 3454,0,61.7,1.2419,0,0,0.1111,0.0556,0,0.2161,0.0805,0.0276,,,D,△,◎,0.2427,0.601,0.2968,0.4844,A,66,0,◎-○軸 3着3〜4艇流し（10〜15点）,0.5777,"{'is_target': True, 'verdict': '参加推奨', 'max_combo_prob': 0.0755, 'est_top_odds': 17.7, 'circle_concentration': 68.4, 'eligible_count': 8, 'bet_adj': 2, 'reason': 'rel_win1=55.7%（本命度） / 最有力組み合わせ確率: 0.075（推定実オッズ?18倍） / 2着集中度: 上位2艇 68.4%（補正+0.00） / 総合判定確率: 0.075 / → ヒモ分散。1号艇1着固定で広めのヒモ流し推奨（買い目+2点）', 'tenji_trigger': '展示確認: ヒモ分散レース。1号艇伸び確認後、広めのヒモ流しを採用。穴ヒモ（5・6号艇）を積極的に含める。'}",,,30.9,逃げ狙い,23.01,32.2,3,,,,,,,,,,,
2026-04-03,丸亀,12,5,津久井拓,A2,35.59,5,○,5.2659,12.3,91,53.6,0.1686,3.5072,,,0,低,129,0,差0% 差ま0%,352265,0,46.7,1.4221,0,0.0303,0,0.0909,0,0.0324,0.1722,0.2039,,,B,△,,0.264,0.6415,,0.4844,A,66,0,◎-○軸 3着3〜4艇流し（10〜15点）,0.5777,"{'is_target': True, 'verdict': '参加推奨', 'max_combo_prob': 0.0755, 'est_top_odds': 17.7, 'circle_concentration': 68.4, 'eligible_count': 8, 'bet_adj': 2, 'reason': 'rel_win1=55.7%（本命度） / 最有力組み合わせ確率: 0.075（推定実オッズ?18倍） / 2着集中度: 上位2艇 68.4%（補正+0.00） / 総合判定確率: 0.075 / → ヒモ分散。1号艇1着固定で広めのヒモ流し推奨（買い目+2点）', 'tenji_trigger': '展示確認: ヒモ分散レース。1号艇伸び確認後、広めのヒモ流しを採用。穴ヒモ（5・6号艇）を積極的に含める。'}",,,30.9,逃げ狙い,23.01,32.2,3,,,,,,,,,,,
2026-04-03,丸亀,12,6,宮崎　奨,A2,28.23,6,,1.0153,2.8,74,29,0.1816,4.4032,,,0,低,134,0,-,332 46,0,80.2,1.6328,,,,,,0.0343,0.1571,0.2686,,,D,○,,0.2442,0.658,,0.4844,A,66,0,◎-○軸 3着3〜4艇流し（10〜15点）,0.5777,"{'is_target': True, 'verdict': '参加推奨', 'max_combo_prob': 0.0755, 'est_top_odds': 17.7, 'circle_concentration': 68.4, 'eligible_count': 8, 'bet_adj': 2, 'reason': 'rel_win1=55.7%（本命度） / 最有力組み合わせ確率: 0.075（推定実オッズ?18倍） / 2着集中度: 上位2艇 68.4%（補正+0.00） / 総合判定確率: 0.075 / → ヒモ分散。1号艇1着固定で広めのヒモ流し推奨（買い目+2点）', 'tenji_trigger': '展示確認: ヒモ分散レース。1号艇伸び確認後、広めのヒモ流しを採用。穴ヒモ（5・6号艇）を積極的に含める。'}",,,30.9,逃げ狙い,23.01,32.2,3,,,,,,,,,,,
2026-04-04,丸亀,1,1,原村拓也,B1,40.80,1,◎,57.8002,,0,71.1,0.1676,3.6222,,,0,低,159,0,逃1%,4 464,0,77.3,0.991,0.35,,,,,0.3114,0.1257,0.02,○,,A,,,,0.5855,,0.3384,A,62,0,◎-○軸 3着3〜4艇流し（10〜15点）,0.5777,"{'is_target': True, 'verdict': '点数絞り', 'max_combo_prob': 0.1204, 'est_top_odds': 11.1, 'circle_concentration': 76.2, 'eligible_count': 8, 'bet_adj': 0, 'reason': 'rel_win1=57.8%（本命度） / 最有力組み合わせ確率: 0.120（推定実オッズ?11倍） / 2着集中度: 上位2艇 76.2%（補正+0.04） / 総合判定確率: 0.160 / → ヒモはやや固め。上位2艇以外を切ること', 'tenji_trigger': '展示確認: 1号艇伸び良→そのまま採用。悪→飛び組に差し替え。circle_pct上位2艇に絞り込むこと。'}",,,29.7,両建て推奨,14.52,36,4,,,,,0,0,0.6155,0,,主役軸流し,B
2026-04-04,丸亀,1,2,今坂晃広,B1,34.75,2,△,8.8132,23.3,84,28.6,0.1921,4.2946,,,0,低,154,0,-,1 655,0,83.9,0.5462,0,0.1071,0,0,0,0.0462,0.1969,0.0462,,,C,◎,,0.1257,0.681,,0.3384,A,62,0,◎-○軸 3着3〜4艇流し（10〜15点）,0.5777,"{'is_target': True, 'verdict': '点数絞り', 'max_combo_prob': 0.1204, 'est_top_odds': 11.1, 'circle_concentration': 76.2, 'eligible_count': 8, 'bet_adj': 0, 'reason': 'rel_win1=57.8%（本命度） / 最有力組み合わせ確率: 0.120（推定実オッズ?11倍） / 2着集中度: 上位2艇 76.2%（補正+0.04） / 総合判定確率: 0.160 / → ヒモはやや固め。上位2艇以外を切ること', 'tenji_trigger': '展示確認: 1号艇伸び良→そのまま採用。悪→飛び組に差し替え。circle_pct上位2艇に絞り込むこと。'}",,,29.7,両建て推奨,14.52,36,4,,,,,,,,,,,
2026-04-04,丸亀,1,3,津久井拓,A2,35.59,3,▲,12.2199,52.9,84,63.1,0.1395,2.7154,,,0,低,129,0,ま0% 抜0%,352265,0,62.2,1.1881,0,0,0.0645,0,0.0645,0.0324,0.1722,0.2039,,◎,C,○,,0.4585,0.6415,,0.3384,A,62,0,◎-○軸 3着3〜4艇流し（10〜15点）,0.5777,"{'is_target': True, 'verdict': '点数絞り', 'max_combo_prob': 0.1204, 'est_top_odds': 11.1, 'circle_concentration': 76.2, 'eligible_count': 8, 'bet_adj': 0, 'reason': 'rel_win1=57.8%（本命度） / 最有力組み合わせ確率: 0.120（推定実オッズ?11倍） / 2着集中度: 上位2艇 76.2%（補正+0.04） / 総合判定確率: 0.160 / → ヒモはやや固め。上位2艇以外を切ること', 'tenji_trigger': '展示確認: 1号艇伸び良→そのまま採用。悪→飛び組に差し替え。circle_pct上位2艇に絞り込むこと。'}",,,29.7,両建て推奨,14.52,36,4,,,,,,,,,,,
2026-04-04,丸亀,1,4,平岡重典,B1,26.05,4,,9.7389,4.9,100,37.2,0.1884,3.6961,,,0,低,154,0,差0%,6 263,0,46.4,0.9115,0,0.0455,0,0,0,0.1881,0.2643,0.0762,,,E,△,,0.2208,0.6,,0.3384,A,62,0,◎-○軸 3着3〜4艇流し（10〜15点）,0.5777,"{'is_target': True, 'verdict': '点数絞り', 'max_combo_prob': 0.1204, 'est_top_odds': 11.1, 'circle_concentration': 76.2, 'eligible_count': 8, 'bet_adj': 0, 'reason': 'rel_win1=57.8%（本命度） / 最有力組み合わせ確率: 0.120（推定実オッズ?11倍） / 2着集中度: 上位2艇 76.2%（補正+0.04） / 総合判定確率: 0.160 / → ヒモはやや固め。上位2艇以外を切ること', 'tenji_trigger': '展示確認: 1号艇伸び良→そのまま採用。悪→飛び組に差し替え。circle_pct上位2艇に絞り込むこと。'}",,,29.7,両建て推奨,14.52,36,4,,,,,,,,,,,
2026-04-04,丸亀,1,5,杉山勝匡,B1,38.14,5,○,10.306,18.5,43,36.5,0.154,2.8333,,,0,低,107,0,-,155 51,0,25.4,1.3848,0,0,0.08,0.04,0,0.1889,0.1444,0.1593,,,B,△,◎,0.3616,0.6195,0.393,0.3384,A,62,0,◎-○軸 3着3〜4艇流し（10〜15点）,0.5777,"{'is_target': True, 'verdict': '点数絞り', 'max_combo_prob': 0.1204, 'est_top_odds': 11.1, 'circle_concentration': 76.2, 'eligible_count': 8, 'bet_adj': 0, 'reason': 'rel_win1=57.8%（本命度） / 最有力組み合わせ確率: 0.120（推定実オッズ?11倍） / 2着集中度: 上位2艇 76.2%（補正+0.04） / 総合判定確率: 0.160 / → ヒモはやや固め。上位2艇以外を切ること', 'tenji_trigger': '展示確認: 1号艇伸び良→そのまま採用。悪→飛び組に差し替え。circle_pct上位2艇に絞り込むこと。'}",,,29.7,両建て推奨,14.52,36,4,,,,,,,,,,,
2026-04-04,丸亀,1,6,小畑楓夏,B2,26.89,6,,1.122,0.4,27,2.7,0.2147,4.1933,,,0,低,40,0,-,656 56,0,25.4,0.5728,,,,,,,,,,,D,,,0.1808,0.4095,,0.3384,A,62,0,◎-○軸 3着3〜4艇流し（10〜15点）,0.5777,"{'is_target': True, 'verdict': '点数絞り', 'max_combo_prob': 0.1204, 'est_top_odds': 11.1, 'circle_concentration': 76.2, 'eligible_count': 8, 'bet_adj': 0, 'reason': 'rel_win1=57.8%（本命度） / 最有力組み合わせ確率: 0.120（推定実オッズ?11倍） / 2着集中度: 上位2艇 76.2%（補正+0.04） / 総合判定確率: 0.160 / → ヒモはやや固め。上位2艇以外を切ること', 'tenji_trigger': '展示確認: 1号艇伸び良→そのまま採用。悪→飛び組に差し替え。circle_pct上位2艇に絞り込むこと。'}",,,29.7,両建て推奨,14.52,36,4,,,,,,,,,,,
2026-04-04,丸亀,2,1,井川大作,B1,33.86,1,◎,44.5512,,0,75.5,0.1704,3.4811,,,0,低,89,0,-,1 144,0,84.4,1.0746,0.2083,,,,,0.3033,0.0933,0.2633,△,,C,◎,,,0.617,,0.2855,B,58,0,◎○△フォーメーション（15〜20点）,0.5777,"{'is_target': False, 'verdict': '対象外', 'max_combo_prob': None, 'est_top_odds': None, 'circle_concentration': None, 'eligible_count': 0, 'bet_adj': 0, 'reason': '1号艇rel_win1 < 45%: 通常判定に委ねる', 'tenji_trigger': ''}",,,30.6,両建て推奨,16.12,37.2,2,4-5-6|1-2-4|1-2-3|1-3-4|1-3-2|1-4-3,2-1-3|3-2-6|4-5-6|3-1-2|2-1-6|3-1-6|3-2-1|1-2-4|1-2-3|1-3-4|1-3-2|1-4-3,4-5-6:1.74%|1-2-4:4.51%|1-2-3:4.29%|1-3-4:4.05%|1-3-2:3.75%|1-4-3:2.98%,4-5-6:B_main|1-2-4:A|1-2-3:A|1-3-4:A|1-3-2:A|1-4-3:A,6,12,0.4535,1,[!]見送り推奨（主役決まり手「まくり」― 逃げ劣勢レースで的中実績なし）,荒れ広め,D
2026-04-04,丸亀,2,2,高田　綾,B1,35.48,2,○,23.3124,37.7,100,61.9,0.189,4.4762,,,0,低,47,0,差0%,6 144,0,49.6,0.9995,0,0.1333,0.0667,0,0,0,0.1538,0.2308,,,B,,,0.1877,0.5525,,0.2855,B,58,0,◎○△フォーメーション（15〜20点）,0.5777,"{'is_target': False, 'verdict': '対象外', 'max_combo_prob': None, 'est_top_odds': None, 'circle_concentration': None, 'eligible_count': 0, 'bet_adj': 0, 'reason': '1号艇rel_win1 < 45%: 通常判定に委ねる', 'tenji_trigger': ''}",,,30.6,両建て推奨,16.12,37.2,2,,,,,,,,,,,
2026-04-04,丸亀,2,3,中野和裕,B1,43.65,3,▲,12.5644,26.9,80,36.7,0.1727,3.3917,,,0,低,136,0,抜0%,3 155,0,41.3,0.865,0,0,0,0,0.0357,0.2667,0.3111,0.3333,,,A,△,,0.325,0.559,,0.2855,B,58,0,◎○△フォーメーション（15〜20点）,0.5777,"{'is_target': False, 'verdict': '対象外', 'max_combo_prob': None, 'est_top_odds': None, 'circle_concentration': None, 'eligible_count': 0, 'bet_adj': 0, 'reason': '1号艇rel_win1 < 45%: 通常判定に委ねる', 'tenji_trigger': ''}",,,30.6,両建て推奨,16.12,37.2,2,,,,,,,,,,,
2026-04-04,丸亀,2,4,犬童千秋,B1,28.46,4,△,9.4591,11.4,65,26.9,0.1504,2.7308,,,0,低,47,0,ま0%,363 25,0,42.8,0.757,0,0,0.125,0,0,0.3333,0.1111,0.1111,,◎,D,△,,0.4018,0.593,,0.2855,B,58,0,◎○△フォーメーション（15〜20点）,0.5777,"{'is_target': False, 'verdict': '対象外', 'max_combo_prob': None, 'est_top_odds': None, 'circle_concentration': None, 'eligible_count': 0, 'bet_adj': 0, 'reason': '1号艇rel_win1 < 45%: 通常判定に委ねる', 'tenji_trigger': ''}",,,30.6,両建て推奨,16.12,37.2,2,,,,,,,,,,,
2026-04-04,丸亀,2,5,堀内亜海,B2,19.53,5,,7.4491,13.8,69,0,0.2475,5,,,0,低,39,1,-,6 666,0,21.9,0.6914,,,,,,,,,,,E,,,0.149,0.4305,,0.2855,B,58,0,◎○△フォーメーション（15〜20点）,0.5777,"{'is_target': False, 'verdict': '対象外', 'max_combo_prob': None, 'est_top_odds': None, 'circle_concentration': None, 'eligible_count': 0, 'bet_adj': 0, 'reason': '1号艇rel_win1 < 45%: 通常判定に委ねる', 'tenji_trigger': ''}",,,30.6,両建て推奨,16.12,37.2,2,,,,,,,,,,,
2026-04-04,丸亀,2,6,前野竜一,A2,23.14,6,,2.6638,10.2,63,44,0.172,3.96,,,0,低,115,0,差ま0%,6 4436,0,31.4,0.5753,0,0,0,0.0455,0,0.0133,0.2267,0.1067,,,D,○,,0.2907,0.5985,,0.2855,B,58,0,◎○△フォーメーション（15〜20点）,0.5777,"{'is_target': False, 'verdict': '対象外', 'max_combo_prob': None, 'est_top_odds': None, 'circle_concentration': None, 'eligible_count': 0, 'bet_adj': 0, 'reason': '1号艇rel_win1 < 45%: 通常判定に委ねる', 'tenji_trigger': ''}",,,30.6,両建て推奨,16.12,37.2,2,,,,,,,,,,,
2026-04-04,丸亀,3,1,山戸信二,B1,45.24,1,◎,47.2494,,0,65,0.1825,4.175,,,0,低,117,0,逃0%,3 341,0,67.9,1.0844,0.3333,,,,,0.4333,0.2167,0.0444,,,A,△,,,0.5985,,0.1593,B,51,0,◎○△フォーメーション（15〜20点）,0.5777,"{'is_target': True, 'verdict': '参加推奨', 'max_combo_prob': 0.0681, 'est_top_odds': 19.6, 'circle_concentration': 72.9, 'eligible_count': 9, 'bet_adj': 2, 'reason': 'rel_win1=47.2%（本命度） / 最有力組み合わせ確率: 0.068（推定実オッズ?20倍） / 2着集中度: 上位2艇 72.9%（補正+0.04） / 総合判定確率: 0.108 / → ヒモ分散。1号艇1着固定で広めのヒモ流し推奨（買い目+2点）', 'tenji_trigger': '展示確認: ヒモ分散レース。1号艇伸び確認後、広めのヒモ流しを採用。穴ヒモ（5・6号艇）を積極的に含める。\n展示で1号艇スタート遅め(0.182秒)確認→ヒモが荒れやすい'}",,,31.4,両建て推奨,11.26,43.7,4,4-5-6|4-5-1|4-3-5|4-6-5|4-5-3|4-3-6|4-3-1|1-2-3|1-2-5|1-4-3|1-3-5,4-5-6|4-5-1|4-3-5|4-6-5|4-5-3|4-3-6|4-3-1|1-2-3|2-1-3|1-2-5|1-4-3|1-3-5,4-5-6:1.94%|4-5-1:1.51%|4-3-5:1.39%|4-6-5:0.99%|4-5-3:0.98%|4-3-6:0.69%|4-3-1:0.54%|1-2-3:4.49%|1-2-5:4.05%|1-4-3:3.15%|1-3-5:3.14%,4-5-6:B_main|4-5-1:B_main|4-3-5:B_main|4-6-5:B_main|4-5-3:B_main|4-3-6:B_main|4-3-1:B_main|1-2-3:A|1-2-5:A|1-4-3:A|1-3-5:A,11,12,0.2915,1,[!]見送り推奨（主役決まり手「まくり」― 逃げ劣勢レースで的中実績なし）,主役軸流し,B
2026-04-04,丸亀,3,2,寺本昇平,B1,40.48,2,○,14.4941,42.2,100,53.7,0.1778,3.9722,,,0,低,124,0,差0% 抜0%,5 336,0,35.1,0.9152,0,0.0323,0,0,0.0323,0.3323,0.1231,0.1508,,○,B,○,,0.4175,0.6215,,0.1593,B,51,0,◎○△フォーメーション（15〜20点）,0.5777,"{'is_target': True, 'verdict': '参加推奨', 'max_combo_prob': 0.0681, 'est_top_odds': 19.6, 'circle_concentration': 72.9, 'eligible_count': 9, 'bet_adj': 2, 'reason': 'rel_win1=47.2%（本命度） / 最有力組み合わせ確率: 0.068（推定実オッズ?20倍） / 2着集中度: 上位2艇 72.9%（補正+0.04） / 総合判定確率: 0.108 / → ヒモ分散。1号艇1着固定で広めのヒモ流し推奨（買い目+2点）', 'tenji_trigger': '展示確認: ヒモ分散レース。1号艇伸び確認後、広めのヒモ流しを採用。穴ヒモ（5・6号艇）を積極的に含める。\n展示で1号艇スタート遅め(0.182秒)確認→ヒモが荒れやすい'}",,,31.4,両建て推奨,11.26,43.7,4,,,,,,,,,,,
2026-04-04,丸亀,3,3,島田一生,B1,28.81,3,,11.9801,30.8,94,43.9,0.1768,4.0175,,,0,低,101,0,-,5 266,0,100,2.4342,0,0,0.069,0,0,0.1905,0.2857,0.0476,,,D,△,,0.3663,0.569,,0.1593,B,51,0,◎○△フォーメーション（15〜20点）,0.5777,"{'is_target': True, 'verdict': '参加推奨', 'max_combo_prob': 0.0681, 'est_top_odds': 19.6, 'circle_concentration': 72.9, 'eligible_count': 9, 'bet_adj': 2, 'reason': 'rel_win1=47.2%（本命度） / 最有力組み合わせ確率: 0.068（推定実オッズ?20倍） / 2着集中度: 上位2艇 72.9%（補正+0.04） / 総合判定確率: 0.108 / → ヒモ分散。1号艇1着固定で広めのヒモ流し推奨（買い目+2点）', 'tenji_trigger': '展示確認: ヒモ分散レース。1号艇伸び確認後、広めのヒモ流しを採用。穴ヒモ（5・6号艇）を積極的に含める。\n展示で1号艇スタート遅め(0.182秒)確認→ヒモが荒れやすい'}",,,31.4,両建て推奨,11.26,43.7,4,,,,,,,,,,,
2026-04-04,丸亀,3,4,西岡蒼志,B1,28.13,4,△,14.7534,18.6,67,31.8,0.1259,2.8636,,,0,低,79,0,差0% ま0%,253 64,0,31.6,0.7487,0,0.0526,0.0526,0.0526,0,0,0.27,0,,◎,E,,,0.5012,0.528,,0.1593,B,51,0,◎○△フォーメーション（15〜20点）,0.5777,"{'is_target': True, 'verdict': '参加推奨', 'max_combo_prob': 0.0681, 'est_top_odds': 19.6, 'circle_concentration': 72.9, 'eligible_count': 9, 'bet_adj': 2, 'reason': 'rel_win1=47.2%（本命度） / 最有力組み合わせ確率: 0.068（推定実オッズ?20倍） / 2着集中度: 上位2艇 72.9%（補正+0.04） / 総合判定確率: 0.108 / → ヒモ分散。1号艇1着固定で広めのヒモ流し推奨（買い目+2点）', 'tenji_trigger': '展示確認: ヒモ分散レース。1号艇伸び確認後、広めのヒモ流しを採用。穴ヒモ（5・6号艇）を積極的に含める。\n展示で1号艇スタート遅め(0.182秒)確認→ヒモが荒れやすい'}",,,31.4,両建て推奨,11.26,43.7,4,,,,,,,,,,,
2026-04-04,丸亀,3,5,竹田吉行,A2,32.50,5,▲,9.7527,6.9,79,36,0.1656,3.51,,,0,低,115,0,差ま0%,134 25,0,56.9,1.1874,0,0,0,0.0476,0,0.0606,0.0825,0.2452,,,D,◎,,0.3705,0.63,,0.1593,B,51,0,◎○△フォーメーション（15〜20点）,0.5777,"{'is_target': True, 'verdict': '参加推奨', 'max_combo_prob': 0.0681, 'est_top_odds': 19.6, 'circle_concentration': 72.9, 'eligible_count': 9, 'bet_adj': 2, 'reason': 'rel_win1=47.2%（本命度） / 最有力組み合わせ確率: 0.068（推定実オッズ?20倍） / 2着集中度: 上位2艇 72.9%（補正+0.04） / 総合判定確率: 0.108 / → ヒモ分散。1号艇1着固定で広めのヒモ流し推奨（買い目+2点）', 'tenji_trigger': '展示確認: ヒモ分散レース。1号艇伸び確認後、広めのヒモ流しを採用。穴ヒモ（5・6号艇）を積極的に含める。\n展示で1号艇スタート遅め(0.182秒)確認→ヒモが荒れやすい'}",,,31.4,両建て推奨,11.26,43.7,4,,,,,,,,,,,
2026-04-04,丸亀,3,6,小林京平,B1,35.34,6,,1.7704,1.6,35,13.7,0.1791,3.6752,,,0,低,103,0,-,543 14,0,26,0.5483,,,,,,0,0.1429,0.2857,,,C,,,0.3568,0.5405,,0.1593,B,51,0,◎○△フォーメーション（15〜20点）,0.5777,"{'is_target': True, 'verdict': '参加推奨', 'max_combo_prob': 0.0681, 'est_top_odds': 19.6, 'circle_concentration': 72.9, 'eligible_count': 9, 'bet_adj': 2, 'reason': 'rel_win1=47.2%（本命度） / 最有力組み合わせ確率: 0.068（推定実オッズ?20倍） / 2着集中度: 上位2艇 72.9%（補正+0.04） / 総合判定確率: 0.108 / → ヒモ分散。1号艇1着固定で広めのヒモ流し推奨（買い目+2点）', 'tenji_trigger': '展示確認: ヒモ分散レース。1号艇伸び確認後、広めのヒモ流しを採用。穴ヒモ（5・6号艇）を積極的に含める。\n展示で1号艇スタート遅め(0.182秒)確認→ヒモが荒れやすい'}",,,31.4,両建て推奨,11.26,43.7,4,,,,,,,,,,,
2026-04-04,丸亀,4,1,藤田竜弘,B1,36.29,1,◎,46.3992,,0,76.9,0.1699,3.859,,,0,低,145,0,逃0%,261 23,0,62.7,0.9731,0.3548,,,,,0.3516,0.3161,0.0774,△,,B,◎,,,0.6755,,0.281,A,62,0,◎-○軸 3着3〜4艇流し（10〜15点）,0.5777,"{'is_target': True, 'verdict': '参加推奨', 'max_combo_prob': 0.0634, 'est_top_odds': 21.0, 'circle_concentration': 68.5, 'eligible_count': 8, 'bet_adj': 2, 'reason': 'rel_win1=46.4%（本命度） / 最有力組み合わせ確率: 0.063（推定実オッズ?21倍） / 2着集中度: 上位2艇 68.5%（補正+0.00） / 総合判定確率: 0.063 / → ヒモ分散。1号艇1着固定で広めのヒモ流し推奨（買い目+2点）', 'tenji_trigger': '展示確認: ヒモ分散レース。1号艇伸び確認後、広めのヒモ流しを採用。穴ヒモ（5・6号艇）を積極的に含める。'}",,,33.9,両建て推奨,22.35,41.3,3,3-5-4|3-4-5|1-2-3|1-2-5|1-3-5|1-3-2|1-4-3,4-1-5|2-1-4|4-1-6|3-5-4|3-4-5|2-1-5|4-1-2|1-2-3|1-2-5|1-3-5|1-3-2|1-4-3,3-5-4:2.02%|3-4-5:1.97%|1-2-3:6.93%|1-2-5:5.35%|1-3-5:4.99%|1-3-2:4.98%|1-4-3:4.22%,3-5-4:B_main|3-4-5:B_main|1-2-3:A|1-2-5:A|1-3-5:A|1-3-2:A|1-4-3:A,7,12,0.4535,1,[!]見送り推奨（主役決まり手「まくり」― 逃げ劣勢レースで的中実績なし）,荒れ広め,D
2026-04-04,丸亀,4,2,柴田大輔,B1,25.41,2,,17.3474,42,100,70.2,0.1777,4.0175,,,0,低,176,0,-,366 45,0,57.3,0.6936,0,0.1562,0.0312,0,0.0625,0.2769,0.2923,0.2769,,,E,,,0.3083,0.4955,,0.281,A,62,0,◎-○軸 3着3〜4艇流し（10〜15点）,0.5777,"{'is_target': True, 'verdict': '参加推奨', 'max_combo_prob': 0.0634, 'est_top_odds': 21.0, 'circle_concentration': 68.5, 'eligible_count': 8, 'bet_adj': 2, 'reason': 'rel_win1=46.4%（本命度） / 最有力組み合わせ確率: 0.063（推定実オッズ?21倍） / 2着集中度: 上位2艇 68.5%（補正+0.00） / 総合判定確率: 0.063 / → ヒモ分散。1号艇1着固定で広めのヒモ流し推奨（買い目+2点）', 'tenji_trigger': '展示確認: ヒモ分散レース。1号艇伸び確認後、広めのヒモ流しを採用。穴ヒモ（5・6号艇）を積極的に含める。'}",,,33.9,両建て推奨,22.35,41.3,3,,,,,,,,,,,
2026-04-04,丸亀,4,3,垂水　悠,B1,33.06,3,○,19.4132,26.5,60,54.5,0.1342,2.6818,,,0,低,36,0,ま0%,1 561,0,97.2,2.0483,0,0,0.2105,0.0526,0,0.3077,0.2308,0.2308,,◎,C,△,,0.5488,0.632,,0.281,A,62,0,◎-○軸 3着3〜4艇流し（10〜15点）,0.5777,"{'is_target': True, 'verdict': '参加推奨', 'max_combo_prob': 0.0634, 'est_top_odds': 21.0, 'circle_concentration': 68.5, 'eligible_count': 8, 'bet_adj': 2, 'reason': 'rel_win1=46.4%（本命度） / 最有力組み合わせ確率: 0.063（推定実オッズ?21倍） / 2着集中度: 上位2艇 68.5%（補正+0.00） / 総合判定確率: 0.063 / → ヒモ分散。1号艇1着固定で広めのヒモ流し推奨（買い目+2点）', 'tenji_trigger': '展示確認: ヒモ分散レース。1号艇伸び確認後、広めのヒモ流しを採用。穴ヒモ（5・6号艇）を積極的に含める。'}",,,33.9,両建て推奨,22.35,41.3,3,,,,,,,,,,,
2026-04-04,丸亀,4,4,松本　怜,B1,51.61,4,▲,11.8774,19.1,66,45.5,0.1841,4.0909,,,0,低,54,0,-,465 33,0,18.9,0.5421,,,,,,0,0.5,0.25,,,A,,,0.3003,0.572,,0.281,A,62,0,◎-○軸 3着3〜4艇流し（10〜15点）,0.5777,"{'is_target': True, 'verdict': '参加推奨', 'max_combo_prob': 0.0634, 'est_top_odds': 21.0, 'circle_concentration': 68.5, 'eligible_count': 8, 'bet_adj': 2, 'reason': 'rel_win1=46.4%（本命度） / 最有力組み合わせ確率: 0.063（推定実オッズ?21倍） / 2着集中度: 上位2艇 68.5%（補正+0.00） / 総合判定確率: 0.063 / → ヒモ分散。1号艇1着固定で広めのヒモ流し推奨（買い目+2点）', 'tenji_trigger': '展示確認: ヒモ分散レース。1号艇伸び確認後、広めのヒモ流しを採用。穴ヒモ（5・6号艇）を積極的に含める。'}",,,33.9,両建て推奨,22.35,41.3,3,,,,,,,,,,,
2026-04-04,丸亀,4,5,宮下元胤,A1,30.00,5,△,3.9607,11.3,80,44.1,0.1705,3.7712,,,0,低,126,0,ま0%,24262,0,26.5,1.1529,0,0,0.037,0,0,0.1767,0.1283,0.115,,,D,○,,0.3277,0.6615,,0.281,A,62,0,◎-○軸 3着3〜4艇流し（10〜15点）,0.5777,"{'is_target': True, 'verdict': '参加推奨', 'max_combo_prob': 0.0634, 'est_top_odds': 21.0, 'circle_concentration': 68.5, 'eligible_count': 8, 'bet_adj': 2, 'reason': 'rel_win1=46.4%（本命度） / 最有力組み合わせ確率: 0.063（推定実オッズ?21倍） / 2着集中度: 上位2艇 68.5%（補正+0.00） / 総合判定確率: 0.063 / → ヒモ分散。1号艇1着固定で広めのヒモ流し推奨（買い目+2点）', 'tenji_trigger': '展示確認: ヒモ分散レース。1号艇伸び確認後、広めのヒモ流しを採用。穴ヒモ（5・6号艇）を積極的に含める。'}",,,33.9,両建て推奨,22.35,41.3,3,,,,,,,,,,,
2026-04-04,丸亀,4,6,貫地谷直,B1,27.42,6,,1.0021,1.1,40,14,0.2379,5.3023,,,0,低,204,0,-,655 66,0,57.4,1.6,,,,,,0.0571,0.6214,0.2643,,,D,△,,0.1859,0.5725,,0.281,A,62,0,◎-○軸 3着3〜4艇流し（10〜15点）,0.5777,"{'is_target': True, 'verdict': '参加推奨', 'max_combo_prob': 0.0634, 'est_top_odds': 21.0, 'circle_concentration': 68.5, 'eligible_count': 8, 'bet_adj': 2, 'reason': 'rel_win1=46.4%（本命度） / 最有力組み合わせ確率: 0.063（推定実オッズ?21倍） / 2着集中度: 上位2艇 68.5%（補正+0.00） / 総合判定確率: 0.063 / → ヒモ分散。1号艇1着固定で広めのヒモ流し推奨（買い目+2点）', 'tenji_trigger': '展示確認: ヒモ分散レース。1号艇伸び確認後、広めのヒモ流しを採用。穴ヒモ（5・6号艇）を積極的に含める。'}",,,33.9,両建て推奨,22.35,41.3,3,,,,,,,,,,,
2026-04-04,丸亀,5,1,林　祐介,A2,27.91,1,◎,56.4505,,0,82.3,0.1465,3.0968,,,0,低,103,0,逃0%,3 4313,0,83.4,1.0853,0.5385,,,,,0.0154,0.1615,0.2923,◎,,B,△,,,0.6605,,0.4684,A,74,0,◎-○軸 3着3〜4艇流し（10〜15点）,0.5777,"{'is_target': True, 'verdict': '参加推奨', 'max_combo_prob': 0.0805, 'est_top_odds': 16.6, 'circle_concentration': 68.5, 'eligible_count': 8, 'bet_adj': 2, 'reason': 'rel_win1=56.5%（本命度） / 最有力組み合わせ確率: 0.080（推定実オッズ?17倍） / 2着集中度: 上位2艇 68.5%（補正+0.00） / 総合判定確率: 0.080 / → ヒモ分散。1号艇1着固定で広めのヒモ流し推奨（買い目+2点）', 'tenji_trigger': '展示確認: ヒモ分散レース。1号艇伸び確認後、広めのヒモ流しを採用。穴ヒモ（5・6号艇）を積極的に含める。'}",,,26.6,逃げ狙い,12.06,29.1,6,,,,,0,0,0.7559,0,,逃げ軸流し,A
2026-04-04,丸亀,5,2,松本博昭,A2,22.88,2,,9.5271,42.9,94,61,0.1722,3.9756,,,0,低,179,0,差0% ま0%,2 3523,0,35.6,0.9833,0,0.0588,0.0588,0,0,0.1237,0.0157,0.1472,,,D,△,,0.0652,0.6525,,0.4684,A,74,0,◎-○軸 3着3〜4艇流し（10〜15点）,0.5777,"{'is_target': True, 'verdict': '参加推奨', 'max_combo_prob': 0.0805, 'est_top_odds': 16.6, 'circle_concentration': 68.5, 'eligible_count': 8, 'bet_adj': 2, 'reason': 'rel_win1=56.5%（本命度） / 最有力組み合わせ確率: 0.080（推定実オッズ?17倍） / 2着集中度: 上位2艇 68.5%（補正+0.00） / 総合判定確率: 0.080 / → ヒモ分散。1号艇1着固定で広めのヒモ流し推奨（買い目+2点）', 'tenji_trigger': '展示確認: ヒモ分散レース。1号艇伸び確認後、広めのヒモ流しを採用。穴ヒモ（5・6号艇）を積極的に含める。'}",,,26.6,逃げ狙い,12.06,29.1,6,,,,,,,,,,,
2026-04-04,丸亀,5,3,今坂晃広,B1,34.75,3,△,7.7476,25.6,81,40.8,0.1763,3.6645,,,0,低,154,0,-,1 655,0,31.4,1.0087,0,0,0,0.0294,0,0.0462,0.1969,0.0462,,,B,◎,,0.1474,0.681,,0.4684,A,74,0,◎-○軸 3着3〜4艇流し（10〜15点）,0.5777,"{'is_target': True, 'verdict': '参加推奨', 'max_combo_prob': 0.0805, 'est_top_odds': 16.6, 'circle_concentration': 68.5, 'eligible_count': 8, 'bet_adj': 2, 'reason': 'rel_win1=56.5%（本命度） / 最有力組み合わせ確率: 0.080（推定実オッズ?17倍） / 2着集中度: 上位2艇 68.5%（補正+0.00） / 総合判定確率: 0.080 / → ヒモ分散。1号艇1着固定で広めのヒモ流し推奨（買い目+2点）', 'tenji_trigger': '展示確認: ヒモ分散レース。1号艇伸び確認後、広めのヒモ流しを採用。穴ヒモ（5・6号艇）を積極的に含める。'}",,,26.6,逃げ狙い,12.06,29.1,6,,,,,,,,,,,
2026-04-04,丸亀,5,4,北川潤二,A2,25.20,4,▲,12.9268,19.2,100,55.9,0.1297,2.2712,,,0,低,54,0,差0% ま0%,424251,0,87.4,0.8479,0,0.0303,0.0909,0,0,0.0848,0.1348,0.0435,,,D,○,◎,0.3902,0.673,0.2692,0.4684,A,74,0,◎-○軸 3着3〜4艇流し（10〜15点）,0.5777,"{'is_target': True, 'verdict': '参加推奨', 'max_combo_prob': 0.0805, 'est_top_odds': 16.6, 'circle_concentration': 68.5, 'eligible_count': 8, 'bet_adj': 2, 'reason': 'rel_win1=56.5%（本命度） / 最有力組み合わせ確率: 0.080（推定実オッズ?17倍） / 2着集中度: 上位2艇 68.5%（補正+0.00） / 総合判定確率: 0.080 / → ヒモ分散。1号艇1着固定で広めのヒモ流し推奨（買い目+2点）', 'tenji_trigger': '展示確認: ヒモ分散レース。1号艇伸び確認後、広めのヒモ流しを採用。穴ヒモ（5・6号艇）を積極的に含める。'}",,,26.6,逃げ狙い,12.06,29.1,6,,,,,,,,,,,
2026-04-04,丸亀,5,5,小畑楓夏,B2,26.89,5,○,6.8571,7.2,61,0,0.1162,2.5625,,,0,低,40,1,-,656 56,0,27.8,0.7843,,,,,,,,,,◎,C,,,0.4323,0.4095,,0.4684,A,74,0,◎-○軸 3着3〜4艇流し（10〜15点）,0.5777,"{'is_target': True, 'verdict': '参加推奨', 'max_combo_prob': 0.0805, 'est_top_odds': 16.6, 'circle_concentration': 68.5, 'eligible_count': 8, 'bet_adj': 2, 'reason': 'rel_win1=56.5%（本命度） / 最有力組み合わせ確率: 0.080（推定実オッズ?17倍） / 2着集中度: 上位2艇 68.5%（補正+0.00） / 総合判定確率: 0.080 / → ヒモ分散。1号艇1着固定で広めのヒモ流し推奨（買い目+2点）', 'tenji_trigger': '展示確認: ヒモ分散レース。1号艇伸び確認後、広めのヒモ流しを採用。穴ヒモ（5・6号艇）を積極的に含める。'}",,,26.6,逃げ狙い,12.06,29.1,6,,,,,,,,,,,
2026-04-04,丸亀,5,6,酒井俊弘,B1,21.49,6,,6.4909,5.1,59,35.9,0.1385,2.783,,,0,低,62,0,ま0%,432 46,0,31,1.6322,0,0,0.1538,0,0,0.0167,0.4167,0.25,,,E,,○,0.3689,0.6165,0.1699,0.4684,A,74,0,◎-○軸 3着3〜4艇流し（10〜15点）,0.5777,"{'is_target': True, 'verdict': '参加推奨', 'max_combo_prob': 0.0805, 'est_top_odds': 16.6, 'circle_concentration': 68.5, 'eligible_count': 8, 'bet_adj': 2, 'reason': 'rel_win1=56.5%（本命度） / 最有力組み合わせ確率: 0.080（推定実オッズ?17倍） / 2着集中度: 上位2艇 68.5%（補正+0.00） / 総合判定確率: 0.080 / → ヒモ分散。1号艇1着固定で広めのヒモ流し推奨（買い目+2点）', 'tenji_trigger': '展示確認: ヒモ分散レース。1号艇伸び確認後、広めのヒモ流しを採用。穴ヒモ（5・6号艇）を積極的に含める。'}",,,26.6,逃げ狙い,12.06,29.1,6,,,,,,,,,,,
2026-04-04,丸亀,6,1,宮崎　奨,A2,28.23,1,◎,61.0546,,0,95,0.1571,2.8625,,,0,低,134,0,逃1%,332 46,0,74.4,1.0304,0.5429,,,,,0.0343,0.1571,0.2686,◎,,D,◎,,,0.658,,0.5806,S,88,0,◎1着固定 2-3着流し（5〜8点）,0.5777,"{'is_target': True, 'verdict': '点数絞り', 'max_combo_prob': 0.1194, 'est_top_odds': 11.2, 'circle_concentration': 75.1, 'eligible_count': 6, 'bet_adj': 0, 'reason': 'rel_win1=61.1%（本命度） / 最有力組み合わせ確率: 0.119（推定実オッズ?11倍） / 2着集中度: 上位2艇 75.1%（補正+0.04） / 総合判定確率: 0.159 / → ヒモはやや固め。上位2艇以外を切ること', 'tenji_trigger': '展示確認: 1号艇伸び良→そのまま採用。悪→飛び組に差し替え。circle_pct上位2艇に絞り込むこと。'}",,,28.6,逃げ狙い,17.37,30.4,3,,,,,0,0,0.7559,0,,逃げ軸流し,A
2026-04-04,丸亀,6,2,新田芳美,B1,41.27,2,▲,11.3443,61.2,100,60.6,0.1667,3.4091,,,0,低,61,0,-,145 14,0,27.3,0.8636,,,,,,0.08,0.0533,0.44,,,B,○,,0.2366,0.6255,,0.5806,S,88,0,◎1着固定 2-3着流し（5〜8点）,0.5777,"{'is_target': True, 'verdict': '点数絞り', 'max_combo_prob': 0.1194, 'est_top_odds': 11.2, 'circle_concentration': 75.1, 'eligible_count': 6, 'bet_adj': 0, 'reason': 'rel_win1=61.1%（本命度） / 最有力組み合わせ確率: 0.119（推定実オッズ?11倍） / 2着集中度: 上位2艇 75.1%（補正+0.04） / 総合判定確率: 0.159 / → ヒモはやや固め。上位2艇以外を切ること', 'tenji_trigger': '展示確認: 1号艇伸び良→そのまま採用。悪→飛び組に差し替え。circle_pct上位2艇に絞り込むこと。'}",,,28.6,逃げ狙い,17.37,30.4,3,,,,,,,,,,,
2026-04-04,丸亀,6,3,平岡重典,B1,26.05,3,,10.9404,14,73,37.7,0.1808,3.8868,,,0,低,154,0,-,6 263,0,37.5,1.1012,,,,,,0.1881,0.2643,0.0762,,,E,△,,0.2077,0.6,,0.5806,S,88,0,◎1着固定 2-3着流し（5〜8点）,0.5777,"{'is_target': True, 'verdict': '点数絞り', 'max_combo_prob': 0.1194, 'est_top_odds': 11.2, 'circle_concentration': 75.1, 'eligible_count': 6, 'bet_adj': 0, 'reason': 'rel_win1=61.1%（本命度） / 最有力組み合わせ確率: 0.119（推定実オッズ?11倍） / 2着集中度: 上位2艇 75.1%（補正+0.04） / 総合判定確率: 0.159 / → ヒモはやや固め。上位2艇以外を切ること', 'tenji_trigger': '展示確認: 1号艇伸び良→そのまま採用。悪→飛び組に差し替え。circle_pct上位2艇に絞り込むこと。'}",,,28.6,逃げ狙い,17.37,30.4,3,,,,,,,,,,,
2026-04-04,丸亀,6,4,中野和裕,B1,43.65,4,○,8.9302,5.2,66,31.6,0.1774,3.7193,,,0,低,136,0,ま0% 差ま0%,3 155,0,35.3,0.8247,0,0,0.1739,0.0435,0,0.2667,0.3111,0.3333,,,A,,◎,0.2677,0.559,0.2404,0.5806,S,88,0,◎1着固定 2-3着流し（5〜8点）,0.5777,"{'is_target': True, 'verdict': '点数絞り', 'max_combo_prob': 0.1194, 'est_top_odds': 11.2, 'circle_concentration': 75.1, 'eligible_count': 6, 'bet_adj': 0, 'reason': 'rel_win1=61.1%（本命度） / 最有力組み合わせ確率: 0.119（推定実オッズ?11倍） / 2着集中度: 上位2艇 75.1%（補正+0.04） / 総合判定確率: 0.159 / → ヒモはやや固め。上位2艇以外を切ること', 'tenji_trigger': '展示確認: 1号艇伸び良→そのまま採用。悪→飛び組に差し替え。circle_pct上位2艇に絞り込むこと。'}",,,28.6,逃げ狙い,17.37,30.4,3,,,,,,,,,,,
2026-04-04,丸亀,6,5,高田　綾,B1,35.48,5,△,6.6849,12.9,46,28.6,0.1448,3.0952,,,0,低,47,0,-,6 144,0,28.3,0.8695,0,0,0,0.0625,0,0,0.1538,0.2308,,,C,,,0.3467,0.5525,,0.5806,S,88,0,◎1着固定 2-3着流し（5〜8点）,0.5777,"{'is_target': True, 'verdict': '点数絞り', 'max_combo_prob': 0.1194, 'est_top_odds': 11.2, 'circle_concentration': 75.1, 'eligible_count': 6, 'bet_adj': 0, 'reason': 'rel_win1=61.1%（本命度） / 最有力組み合わせ確率: 0.119（推定実オッズ?11倍） / 2着集中度: 上位2艇 75.1%（補正+0.04） / 総合判定確率: 0.159 / → ヒモはやや固め。上位2艇以外を切ること', 'tenji_trigger': '展示確認: 1号艇伸び良→そのまま採用。悪→飛び組に差し替え。circle_pct上位2艇に絞り込むこと。'}",,,28.6,逃げ狙い,17.37,30.4,3,,,,,,,,,,,
2026-04-04,丸亀,6,6,高井雄基,A2,28.30,6,,1.0456,6.8,87,47.2,0.2133,4.6944,,,0,低,86,0,-,4 6524,0,88.1,1.8111,,,,,,0,0.0889,0.0444,,,D,△,,0.1616,0.579,,0.5806,S,88,0,◎1着固定 2-3着流し（5〜8点）,0.5777,"{'is_target': True, 'verdict': '点数絞り', 'max_combo_prob': 0.1194, 'est_top_odds': 11.2, 'circle_concentration': 75.1, 'eligible_count': 6, 'bet_adj': 0, 'reason': 'rel_win1=61.1%（本命度） / 最有力組み合わせ確率: 0.119（推定実オッズ?11倍） / 2着集中度: 上位2艇 75.1%（補正+0.04） / 総合判定確率: 0.159 / → ヒモはやや固め。上位2艇以外を切ること', 'tenji_trigger': '展示確認: 1号艇伸び良→そのまま採用。悪→飛び組に差し替え。circle_pct上位2艇に絞り込むこと。'}",,,28.6,逃げ狙い,17.37,30.4,3,,,,,,,,,,,
2026-04-04,丸亀,7,1,富永修一,A1,25.21,1,◎,55.6739,,0,88.1,0.1252,2.0655,,,0,低,92,0,逃0% 抜0%,1 1545,0,64.3,0.9525,0.6667,,,,,0.1257,0.1257,0.1124,◎,,D,◎,,,0.6455,,0.7142,A,78,0,◎-○軸 3着3〜4艇流し（10〜15点）,0.5777,"{'is_target': True, 'verdict': '参加推奨', 'max_combo_prob': 0.0842, 'est_top_odds': 15.8, 'circle_concentration': 67.9, 'eligible_count': 8, 'bet_adj': 2, 'reason': 'rel_win1=55.7%（本命度） / 最有力組み合わせ確率: 0.084（推定実オッズ?16倍） / 2着集中度: 上位2艇 67.9%（補正+0.00） / 総合判定確率: 0.084 / → ヒモ分散。1号艇1着固定で広めのヒモ流し推奨（買い目+2点）', 'tenji_trigger': '展示確認: ヒモ分散レース。1号艇伸び確認後、広めのヒモ流しを採用。穴ヒモ（5・6号艇）を積極的に含める。\n展示で1号艇スタート超安定(0.125秒)→ヒモ固まり方向に注意'}",,,22.3,逃げ狙い,14.07,29.4,5,,,,,0,0,0.7559,0,,逃げ軸流し,A
2026-04-04,丸亀,7,2,杉山勝匡,B1,38.14,2,▲,11.7951,44.9,57,48,0.1614,3.5195,,,0,低,107,0,-,155 51,0,55.8,1.1847,0,0.0294,0,0,0,0.1889,0.1444,0.1593,,,B,△,,0.0548,0.6195,,0.7142,A,78,0,◎-○軸 3着3〜4艇流し（10〜15点）,0.5777,"{'is_target': True, 'verdict': '参加推奨', 'max_combo_prob': 0.0842, 'est_top_odds': 15.8, 'circle_concentration': 67.9, 'eligible_count': 8, 'bet_adj': 2, 'reason': 'rel_win1=55.7%（本命度） / 最有力組み合わせ確率: 0.084（推定実オッズ?16倍） / 2着集中度: 上位2艇 67.9%（補正+0.00） / 総合判定確率: 0.084 / → ヒモ分散。1号艇1着固定で広めのヒモ流し推奨（買い目+2点）', 'tenji_trigger': '展示確認: ヒモ分散レース。1号艇伸び確認後、広めのヒモ流しを採用。穴ヒモ（5・6号艇）を積極的に含める。\n展示で1号艇スタート超安定(0.125秒)→ヒモ固まり方向に注意'}",,,22.3,逃げ狙い,14.07,29.4,5,,,,,,,,,,,
2026-04-04,丸亀,7,3,寺本昇平,B1,40.48,3,○,8.7883,23,100,42.3,0.1769,3.6346,,,0,低,124,0,差ま0%,5 336,0,24.3,0.8308,0,0,0,0.0667,0,0.3323,0.1231,0.1508,,,A,○,,0.1181,0.6215,,0.7142,A,78,0,◎-○軸 3着3〜4艇流し（10〜15点）,0.5777,"{'is_target': True, 'verdict': '参加推奨', 'max_combo_prob': 0.0842, 'est_top_odds': 15.8, 'circle_concentration': 67.9, 'eligible_count': 8, 'bet_adj': 2, 'reason': 'rel_win1=55.7%（本命度） / 最有力組み合わせ確率: 0.084（推定実オッズ?16倍） / 2着集中度: 上位2艇 67.9%（補正+0.00） / 総合判定確率: 0.084 / → ヒモ分散。1号艇1着固定で広めのヒモ流し推奨（買い目+2点）', 'tenji_trigger': '展示確認: ヒモ分散レース。1号艇伸び確認後、広めのヒモ流しを採用。穴ヒモ（5・6号艇）を積極的に含める。\n展示で1号艇スタート超安定(0.125秒)→ヒモ固まり方向に注意'}",,,22.3,逃げ狙い,14.07,29.4,5,,,,,,,,,,,
2026-04-04,丸亀,7,4,小林京平,B1,35.34,4,△,9.6187,15.1,84,35.9,0.1804,3.7075,,,0,低,103,0,-,543 14,0,92,1.7217,0,0.0385,0.0769,0,0,0,0.1429,0.2857,,,C,,◎,0.1204,0.5405,0.2434,0.7142,A,78,0,◎-○軸 3着3〜4艇流し（10〜15点）,0.5777,"{'is_target': True, 'verdict': '参加推奨', 'max_combo_prob': 0.0842, 'est_top_odds': 15.8, 'circle_concentration': 67.9, 'eligible_count': 8, 'bet_adj': 2, 'reason': 'rel_win1=55.7%（本命度） / 最有力組み合わせ確率: 0.084（推定実オッズ?16倍） / 2着集中度: 上位2艇 67.9%（補正+0.00） / 総合判定確率: 0.084 / → ヒモ分散。1号艇1着固定で広めのヒモ流し推奨（買い目+2点）', 'tenji_trigger': '展示確認: ヒモ分散レース。1号艇伸び確認後、広めのヒモ流しを採用。穴ヒモ（5・6号艇）を積極的に含める。\n展示で1号艇スタート超安定(0.125秒)→ヒモ固まり方向に注意'}",,,22.3,逃げ狙い,14.07,29.4,5,,,,,,,,,,,
2026-04-04,丸亀,7,5,関野　文,A2,20.66,5,,8.2563,11.9,68,36,0.1596,3.34,,,0,低,58,0,差0% ま0%,21236,0,58.7,1.1786,0,0.0769,0.0769,0,0,0.0932,0.0727,0.2409,,,E,△,,0.1896,0.6135,,0.7142,A,78,0,◎-○軸 3着3〜4艇流し（10〜15点）,0.5777,"{'is_target': True, 'verdict': '参加推奨', 'max_combo_prob': 0.0842, 'est_top_odds': 15.8, 'circle_concentration': 67.9, 'eligible_count': 8, 'bet_adj': 2, 'reason': 'rel_win1=55.7%（本命度） / 最有力組み合わせ確率: 0.084（推定実オッズ?16倍） / 2着集中度: 上位2艇 67.9%（補正+0.00） / 総合判定確率: 0.084 / → ヒモ分散。1号艇1着固定で広めのヒモ流し推奨（買い目+2点）', 'tenji_trigger': '展示確認: ヒモ分散レース。1号艇伸び確認後、広めのヒモ流しを採用。穴ヒモ（5・6号艇）を積極的に含める。\n展示で1号艇スタート超安定(0.125秒)→ヒモ固まり方向に注意'}",,,22.3,逃げ狙い,14.07,29.4,5,,,,,,,,,,,
2026-04-04,丸亀,7,6,樋口　亮,A2,27.50,6,,5.8677,5.1,45,21.7,0.2027,4.2333,,,0,低,133,0,-,4 3454,0,28.9,0.8306,0,0,0.0345,0.069,0,0.2161,0.0805,0.0276,,,D,,,0.1164,0.601,,0.7142,A,78,0,◎-○軸 3着3〜4艇流し（10〜15点）,0.5777,"{'is_target': True, 'verdict': '参加推奨', 'max_combo_prob': 0.0842, 'est_top_odds': 15.8, 'circle_concentration': 67.9, 'eligible_count': 8, 'bet_adj': 2, 'reason': 'rel_win1=55.7%（本命度） / 最有力組み合わせ確率: 0.084（推定実オッズ?16倍） / 2着集中度: 上位2艇 67.9%（補正+0.00） / 総合判定確率: 0.084 / → ヒモ分散。1号艇1着固定で広めのヒモ流し推奨（買い目+2点）', 'tenji_trigger': '展示確認: ヒモ分散レース。1号艇伸び確認後、広めのヒモ流しを採用。穴ヒモ（5・6号艇）を積極的に含める。\n展示で1号艇スタート超安定(0.125秒)→ヒモ固まり方向に注意'}",,,22.3,逃げ狙い,14.07,29.4,5,,,,,,,,,,,
2026-04-04,丸亀,8,1,小野達哉,A1,33.06,1,◎,73.0847,,0,92.9,0.1504,2.9192,,,0,低,87,0,逃1%,566131,0,84.7,1.0515,0.8095,,,,,0.0095,0.0286,0.0286,◎,,B,◎,,,0.6745,,0.6208,S,88,0,◎1着固定 2-3着流し（5〜8点）,0.5777,"{'is_target': True, 'verdict': '点数絞り', 'max_combo_prob': 0.138, 'est_top_odds': 9.7, 'circle_concentration': 68.3, 'eligible_count': 6, 'bet_adj': 0, 'reason': 'rel_win1=73.1%（本命度） / 最有力組み合わせ確率: 0.138（推定実オッズ?10倍） / 2着集中度: 上位2艇 68.3%（補正+0.00） / 総合判定確率: 0.138 / → ヒモはやや固め。上位2艇以外を切ること', 'tenji_trigger': '展示確認: 1号艇伸び良→そのまま採用。悪→飛び組に差し替え。circle_pct上位2艇に絞り込むこと。'}",,,24.4,逃げ狙い,10.95,23.9,2,,,,,0,0,0.7559,0,,逃げ軸流し,A
2026-04-04,丸亀,8,2,津久井拓,A2,35.59,2,○,9.4931,43.3,100,67.1,0.1559,3.2329,,,0,低,129,0,差0% ま0%,352265,0,58.8,1.0681,0,0.0294,0.0882,0,0,0.0324,0.1722,0.2039,,,B,△,,0.2577,0.6415,,0.6208,S,88,0,◎1着固定 2-3着流し（5〜8点）,0.5777,"{'is_target': True, 'verdict': '点数絞り', 'max_combo_prob': 0.138, 'est_top_odds': 9.7, 'circle_concentration': 68.3, 'eligible_count': 6, 'bet_adj': 0, 'reason': 'rel_win1=73.1%（本命度） / 最有力組み合わせ確率: 0.138（推定実オッズ?10倍） / 2着集中度: 上位2艇 68.3%（補正+0.00） / 総合判定確率: 0.138 / → ヒモはやや固め。上位2艇以外を切ること', 'tenji_trigger': '展示確認: 1号艇伸び良→そのまま採用。悪→飛び組に差し替え。circle_pct上位2艇に絞り込むこと。'}",,,24.4,逃げ狙い,10.95,23.9,2,,,,,,,,,,,
2026-04-04,丸亀,8,3,柴田大輔,B1,25.41,3,,6.2628,25,72,41.4,0.2198,4.1638,,,0,低,176,0,ま0%,366 45,0,68.8,1.5692,0,0,0.0286,0.0286,0,0.2769,0.2923,0.2769,,,D,,,0.1078,0.4955,,0.6208,S,88,0,◎1着固定 2-3着流し（5〜8点）,0.5777,"{'is_target': True, 'verdict': '点数絞り', 'max_combo_prob': 0.138, 'est_top_odds': 9.7, 'circle_concentration': 68.3, 'eligible_count': 6, 'bet_adj': 0, 'reason': 'rel_win1=73.1%（本命度） / 最有力組み合わせ確率: 0.138（推定実オッズ?10倍） / 2着集中度: 上位2艇 68.3%（補正+0.00） / 総合判定確率: 0.138 / → ヒモはやや固め。上位2艇以外を切ること', 'tenji_trigger': '展示確認: 1号艇伸び良→そのまま採用。悪→飛び組に差し替え。circle_pct上位2艇に絞り込むこと。'}",,,24.4,逃げ狙い,10.95,23.9,2,,,,,,,,,,,
2026-04-04,丸亀,8,4,宮下元胤,A1,30.00,4,▲,6.9293,22.9,99,58.3,0.1718,4.1,,,0,低,126,0,-,24262,0,42.9,0.81,0,0,0.15,0.1,0,0.1767,0.1283,0.115,,,C,○,◎,0.2405,0.6615,0.3652,0.6208,S,88,0,◎1着固定 2-3着流し（5〜8点）,0.5777,"{'is_target': True, 'verdict': '点数絞り', 'max_combo_prob': 0.138, 'est_top_odds': 9.7, 'circle_concentration': 68.3, 'eligible_count': 6, 'bet_adj': 0, 'reason': 'rel_win1=73.1%（本命度） / 最有力組み合わせ確率: 0.138（推定実オッズ?10倍） / 2着集中度: 上位2艇 68.3%（補正+0.00） / 総合判定確率: 0.138 / → ヒモはやや固め。上位2艇以外を切ること', 'tenji_trigger': '展示確認: 1号艇伸び良→そのまま採用。悪→飛び組に差し替え。circle_pct上位2艇に絞り込むこと。'}",,,24.4,逃げ狙い,10.95,23.9,2,,,,,,,,,,,
2026-04-04,丸亀,8,5,島田一生,B1,28.81,5,△,3.3247,8.4,45,22.1,0.1522,3.25,,,0,低,101,0,-,5 266,0,33.2,0.64,0,0,0,0.0769,0,0.1905,0.2857,0.0476,,,C,△,,0.2823,0.569,,0.6208,S,88,0,◎1着固定 2-3着流し（5〜8点）,0.5777,"{'is_target': True, 'verdict': '点数絞り', 'max_combo_prob': 0.138, 'est_top_odds': 9.7, 'circle_concentration': 68.3, 'eligible_count': 6, 'bet_adj': 0, 'reason': 'rel_win1=73.1%（本命度） / 最有力組み合わせ確率: 0.138（推定実オッズ?10倍） / 2着集中度: 上位2艇 68.3%（補正+0.00） / 総合判定確率: 0.138 / → ヒモはやや固め。上位2艇以外を切ること', 'tenji_trigger': '展示確認: 1号艇伸び良→そのまま採用。悪→飛び組に差し替え。circle_pct上位2艇に絞り込むこと。'}",,,24.4,逃げ狙い,10.95,23.9,2,,,,,,,,,,,
2026-04-04,丸亀,8,6,堀内亜海,B2,19.53,6,,0.9054,0.4,11,0,0.2205,4.7951,,,0,低,39,0,-,6 666,0,25.5,0.6306,,,,,,,,,,,E,,,0.1376,0.4305,,0.6208,S,88,0,◎1着固定 2-3着流し（5〜8点）,0.5777,"{'is_target': True, 'verdict': '点数絞り', 'max_combo_prob': 0.138, 'est_top_odds': 9.7, 'circle_concentration': 68.3, 'eligible_count': 6, 'bet_adj': 0, 'reason': 'rel_win1=73.1%（本命度） / 最有力組み合わせ確率: 0.138（推定実オッズ?10倍） / 2着集中度: 上位2艇 68.3%（補正+0.00） / 総合判定確率: 0.138 / → ヒモはやや固め。上位2艇以外を切ること', 'tenji_trigger': '展示確認: 1号艇伸び良→そのまま採用。悪→飛び組に差し替え。circle_pct上位2艇に絞り込むこと。'}",,,24.4,逃げ狙い,10.95,23.9,2,,,,,,,,,,,
2026-04-04,丸亀,9,1,前野竜一,A2,23.14,1,◎,59.2152,,0,86.4,0.1652,3.0076,,,0,低,115,0,逃1%,6 4436,0,73.1,1.1207,0.5667,,,,,0.0133,0.2267,0.1067,○,,E,○,,,0.5985,,0.4393,A,78,0,◎-○軸 3着3〜4艇流し（10〜15点）,0.5777,"{'is_target': True, 'verdict': '点数絞り', 'max_combo_prob': 0.0959, 'est_top_odds': 13.9, 'circle_concentration': 76.8, 'eligible_count': 8, 'bet_adj': 0, 'reason': 'rel_win1=59.2%（本命度） / 最有力組み合わせ確率: 0.096（推定実オッズ?14倍） / 2着集中度: 上位2艇 76.8%（補正+0.04） / 総合判定確率: 0.136 / → ヒモはやや固め。上位2艇以外を切ること', 'tenji_trigger': '展示確認: 1号艇伸び良→そのまま採用。悪→飛び組に差し替え。circle_pct上位2艇に絞り込むこと。'}",,,30.5,逃げ狙い,23.78,30.2,3,,,,,0,0,0.6155,0,,逃げ軸流し,A
2026-04-04,丸亀,9,2,松本　怜,B1,51.61,2,▲,6.9946,37.6,65,45.8,0.1842,4.25,,,0,低,54,0,-,465 33,0,20.4,0.6817,,,,,,0,0.5,0.25,,,A,,,0.1395,0.572,,0.4393,A,78,0,◎-○軸 3着3〜4艇流し（10〜15点）,0.5777,"{'is_target': True, 'verdict': '点数絞り', 'max_combo_prob': 0.0959, 'est_top_odds': 13.9, 'circle_concentration': 76.8, 'eligible_count': 8, 'bet_adj': 0, 'reason': 'rel_win1=59.2%（本命度） / 最有力組み合わせ確率: 0.096（推定実オッズ?14倍） / 2着集中度: 上位2艇 76.8%（補正+0.04） / 総合判定確率: 0.136 / → ヒモはやや固め。上位2艇以外を切ること', 'tenji_trigger': '展示確認: 1号艇伸び良→そのまま採用。悪→飛び組に差し替え。circle_pct上位2艇に絞り込むこと。'}",,,30.5,逃げ狙い,23.78,30.2,3,,,,,,,,,,,
2026-04-04,丸亀,9,3,犬童千秋,B1,28.46,3,,11.3323,39.3,44,51.5,0.1373,3.0455,,,0,低,47,0,-,363 25,0,41.3,1.0269,,,,,,0.3333,0.1111,0.1111,,○,D,△,,0.4707,0.593,,0.4393,A,78,0,◎-○軸 3着3〜4艇流し（10〜15点）,0.5777,"{'is_target': True, 'verdict': '点数絞り', 'max_combo_prob': 0.0959, 'est_top_odds': 13.9, 'circle_concentration': 76.8, 'eligible_count': 8, 'bet_adj': 0, 'reason': 'rel_win1=59.2%（本命度） / 最有力組み合わせ確率: 0.096（推定実オッズ?14倍） / 2着集中度: 上位2艇 76.8%（補正+0.04） / 総合判定確率: 0.136 / → ヒモはやや固め。上位2艇以外を切ること', 'tenji_trigger': '展示確認: 1号艇伸び良→そのまま採用。悪→飛び組に差し替え。circle_pct上位2艇に絞り込むこと。'}",,,30.5,逃げ狙い,23.78,30.2,3,,,,,,,,,,,
2026-04-04,丸亀,9,4,原村拓也,B1,40.80,4,△,8.9491,11.8,100,50.7,0.1842,3.7536,,,0,低,159,0,差0%,4 464,0,74.2,0.9557,0,0.0286,0,0,0.0571,0.3114,0.1257,0.02,,,B,△,○,0.2364,0.5855,0.1674,0.4393,A,78,0,◎-○軸 3着3〜4艇流し（10〜15点）,0.5777,"{'is_target': True, 'verdict': '点数絞り', 'max_combo_prob': 0.0959, 'est_top_odds': 13.9, 'circle_concentration': 76.8, 'eligible_count': 8, 'bet_adj': 0, 'reason': 'rel_win1=59.2%（本命度） / 最有力組み合わせ確率: 0.096（推定実オッズ?14倍） / 2着集中度: 上位2艇 76.8%（補正+0.04） / 総合判定確率: 0.136 / → ヒモはやや固め。上位2艇以外を切ること', 'tenji_trigger': '展示確認: 1号艇伸び良→そのまま採用。悪→飛び組に差し替え。circle_pct上位2艇に絞り込むこと。'}",,,30.5,逃げ狙い,23.78,30.2,3,,,,,,,,,,,
2026-04-04,丸亀,9,5,垂水　悠,B1,33.06,5,○,12.4182,10.4,59,43.2,0.1159,2.3243,,,0,低,36,0,ま0% 差ま0%,1 561,0,40.2,1.5048,0,0,0.1176,0.1176,0,0.3077,0.2308,0.2308,,◎,C,◎,◎,0.5098,0.632,0.4453,0.4393,A,78,0,◎-○軸 3着3〜4艇流し（10〜15点）,0.5777,"{'is_target': True, 'verdict': '点数絞り', 'max_combo_prob': 0.0959, 'est_top_odds': 13.9, 'circle_concentration': 76.8, 'eligible_count': 8, 'bet_adj': 0, 'reason': 'rel_win1=59.2%（本命度） / 最有力組み合わせ確率: 0.096（推定実オッズ?14倍） / 2着集中度: 上位2艇 76.8%（補正+0.04） / 総合判定確率: 0.136 / → ヒモはやや固め。上位2艇以外を切ること', 'tenji_trigger': '展示確認: 1号艇伸び良→そのまま採用。悪→飛び組に差し替え。circle_pct上位2艇に絞り込むこと。'}",,,30.5,逃げ狙い,23.78,30.2,3,,,,,,,,,,,
2026-04-04,丸亀,9,6,西岡蒼志,B1,28.13,6,,1.0906,1,29,10.1,0.1935,4.2563,,,0,低,79,0,-,253 64,0,100,3.1111,,,,,,0,0.27,0,,,D,,,0.2534,0.528,,0.4393,A,78,0,◎-○軸 3着3〜4艇流し（10〜15点）,0.5777,"{'is_target': True, 'verdict': '点数絞り', 'max_combo_prob': 0.0959, 'est_top_odds': 13.9, 'circle_concentration': 76.8, 'eligible_count': 8, 'bet_adj': 0, 'reason': 'rel_win1=59.2%（本命度） / 最有力組み合わせ確率: 0.096（推定実オッズ?14倍） / 2着集中度: 上位2艇 76.8%（補正+0.04） / 総合判定確率: 0.136 / → ヒモはやや固め。上位2艇以外を切ること', 'tenji_trigger': '展示確認: 1号艇伸び良→そのまま採用。悪→飛び組に差し替え。circle_pct上位2艇に絞り込むこと。'}",,,30.5,逃げ狙い,23.78,30.2,3,,,,,,,,,,,
2026-04-04,丸亀,10,1,竹田吉行,A2,32.50,1,◎,64.2006,,0,91.5,0.1413,2.7183,,,0,低,115,0,逃1%,134 25,0,64.1,1.0101,0.5152,,,,,0.0606,0.0825,0.2452,◎,,C,,,,0.63,,0.557,S,87,0,◎1着固定 2-3着流し（5〜8点）,0.5777,"{'is_target': True, 'verdict': '参加推奨', 'max_combo_prob': 0.0853, 'est_top_odds': 15.6, 'circle_concentration': 69.3, 'eligible_count': 6, 'bet_adj': 2, 'reason': 'rel_win1=64.2%（本命度） / 最有力組み合わせ確率: 0.085（推定実オッズ?16倍） / 2着集中度: 上位2艇 69.3%（補正+0.00） / 総合判定確率: 0.085 / → ヒモ分散。1号艇1着固定で広めのヒモ流し推奨（買い目+2点）', 'tenji_trigger': '展示確認: ヒモ分散レース。1号艇伸び確認後、広めのヒモ流しを採用。穴ヒモ（5・6号艇）を積極的に含める。'}",,,26.1,逃げ狙い,11.62,28.1,3,,,,,0,0,0.7559,0,,逃げ軸流し,A
2026-04-04,丸亀,10,2,北川潤二,A2,25.20,2,△,8.4684,43.2,87,60.8,0.1437,3.3165,,,0,低,54,0,差0%,424251,0,24.1,0.7217,0,0.0476,0.0238,0,0,0.0848,0.1348,0.0435,,,D,○,,0.2935,0.673,,0.557,S,87,0,◎1着固定 2-3着流し（5〜8点）,0.5777,"{'is_target': True, 'verdict': '参加推奨', 'max_combo_prob': 0.0853, 'est_top_odds': 15.6, 'circle_concentration': 69.3, 'eligible_count': 6, 'bet_adj': 2, 'reason': 'rel_win1=64.2%（本命度） / 最有力組み合わせ確率: 0.085（推定実オッズ?16倍） / 2着集中度: 上位2艇 69.3%（補正+0.00） / 総合判定確率: 0.085 / → ヒモ分散。1号艇1着固定で広めのヒモ流し推奨（買い目+2点）', 'tenji_trigger': '展示確認: ヒモ分散レース。1号艇伸び確認後、広めのヒモ流しを採用。穴ヒモ（5・6号艇）を積極的に含める。'}",,,26.1,逃げ狙い,11.62,28.1,3,,,,,,,,,,,
2026-04-04,丸亀,10,3,松本博昭,A2,22.88,3,,10.837,26.1,82,63,0.1679,3.7826,,,0,低,179,0,-,2 3523,0,63.3,1.0167,0,0,0.125,0.025,0,0.1237,0.0157,0.1472,,,E,△,,0.1839,0.6525,,0.557,S,87,0,◎1着固定 2-3着流し（5〜8点）,0.5777,"{'is_target': True, 'verdict': '参加推奨', 'max_combo_prob': 0.0853, 'est_top_odds': 15.6, 'circle_concentration': 69.3, 'eligible_count': 6, 'bet_adj': 2, 'reason': 'rel_win1=64.2%（本命度） / 最有力組み合わせ確率: 0.085（推定実オッズ?16倍） / 2着集中度: 上位2艇 69.3%（補正+0.00） / 総合判定確率: 0.085 / → ヒモ分散。1号艇1着固定で広めのヒモ流し推奨（買い目+2点）', 'tenji_trigger': '展示確認: ヒモ分散レース。1号艇伸び確認後、広めのヒモ流しを採用。穴ヒモ（5・6号艇）を積極的に含める。'}",,,26.1,逃げ狙い,11.62,28.1,3,,,,,,,,,,,
2026-04-04,丸亀,10,4,藤田竜弘,B1,36.29,4,○,6.5303,16,100,50,0.1676,3.3636,,,0,低,145,0,-,261 23,0,100,2.3123,0,0,0,0.037,0,0.3516,0.3161,0.0774,,,B,◎,,0.1906,0.6755,,0.557,S,87,0,◎1着固定 2-3着流し（5〜8点）,0.5777,"{'is_target': True, 'verdict': '参加推奨', 'max_combo_prob': 0.0853, 'est_top_odds': 15.6, 'circle_concentration': 69.3, 'eligible_count': 6, 'bet_adj': 2, 'reason': 'rel_win1=64.2%（本命度） / 最有力組み合わせ確率: 0.085（推定実オッズ?16倍） / 2着集中度: 上位2艇 69.3%（補正+0.00） / 総合判定確率: 0.085 / → ヒモ分散。1号艇1着固定で広めのヒモ流し推奨（買い目+2点）', 'tenji_trigger': '展示確認: ヒモ分散レース。1号艇伸び確認後、広めのヒモ流しを採用。穴ヒモ（5・6号艇）を積極的に含める。'}",,,26.1,逃げ狙い,11.62,28.1,3,,,,,,,,,,,
2026-04-04,丸亀,10,5,井川大作,B1,33.86,5,▲,8.8705,11.9,73,45.5,0.1451,3.1,,,0,低,89,0,差ま0%,1 144,0,37,1.3357,0,0,0,0.1304,0,0.3033,0.0933,0.2633,,,B,,◎,0.3067,0.617,0.4044,0.557,S,87,0,◎1着固定 2-3着流し（5〜8点）,0.5777,"{'is_target': True, 'verdict': '参加推奨', 'max_combo_prob': 0.0853, 'est_top_odds': 15.6, 'circle_concentration': 69.3, 'eligible_count': 6, 'bet_adj': 2, 'reason': 'rel_win1=64.2%（本命度） / 最有力組み合わせ確率: 0.085（推定実オッズ?16倍） / 2着集中度: 上位2艇 69.3%（補正+0.00） / 総合判定確率: 0.085 / → ヒモ分散。1号艇1着固定で広めのヒモ流し推奨（買い目+2点）', 'tenji_trigger': '展示確認: ヒモ分散レース。1号艇伸び確認後、広めのヒモ流しを採用。穴ヒモ（5・6号艇）を積極的に含める。'}",,,26.1,逃げ狙い,11.62,28.1,3,,,,,,,,,,,
2026-04-04,丸亀,10,6,宮崎　奨,A2,28.23,6,,1.0932,2.8,70,29,0.1816,4.4032,,,0,低,134,0,-,332 46,0,75.8,1.6794,,,,,,0.0343,0.1571,0.2686,,,D,△,,0.1951,0.658,,0.557,S,87,0,◎1着固定 2-3着流し（5〜8点）,0.5777,"{'is_target': True, 'verdict': '参加推奨', 'max_combo_prob': 0.0853, 'est_top_odds': 15.6, 'circle_concentration': 69.3, 'eligible_count': 6, 'bet_adj': 2, 'reason': 'rel_win1=64.2%（本命度） / 最有力組み合わせ確率: 0.085（推定実オッズ?16倍） / 2着集中度: 上位2艇 69.3%（補正+0.00） / 総合判定確率: 0.085 / → ヒモ分散。1号艇1着固定で広めのヒモ流し推奨（買い目+2点）', 'tenji_trigger': '展示確認: ヒモ分散レース。1号艇伸び確認後、広めのヒモ流しを採用。穴ヒモ（5・6号艇）を積極的に含める。'}",,,26.1,逃げ狙い,11.62,28.1,3,,,,,,,,,,,
2026-04-04,丸亀,11,1,関野　文,A2,20.66,1,◎,55.6467,,0,77.5,0.1624,3.2959,,,0,低,58,0,逃0%,21236,0,66.5,1.015,0.4091,,,,,0.0932,0.0727,0.2409,○,,E,,,,0.6135,,0.3559,A,64,0,◎-○軸 3着3〜4艇流し（10〜15点）,0.5777,"{'is_target': True, 'verdict': '点数絞り', 'max_combo_prob': 0.1022, 'est_top_odds': 13.0, 'circle_concentration': 80.6, 'eligible_count': 8, 'bet_adj': 0, 'reason': 'rel_win1=55.6%（本命度） / 最有力組み合わせ確率: 0.102（推定実オッズ?13倍） / 2着集中度: 上位2艇 80.6%（補正+0.04） / 総合判定確率: 0.142 / → ヒモはやや固め。上位2艇以外を切ること', 'tenji_trigger': '展示確認: 1号艇伸び良→そのまま採用。悪→飛び組に差し替え。circle_pct上位2艇に絞り込むこと。'}",,,28.2,両建て推奨,16.26,30.1,2,,,,,0,0,0.6155,0,,逃げ軸流し,A
2026-04-04,丸亀,11,2,富永修一,A1,25.21,2,○,20.0603,55.1,82,70.2,0.1387,2.75,,,0,低,92,0,差0%,1 1545,0,45.5,0.9971,0,0.2632,0.0263,0,0,0.1257,0.1257,0.1124,,◎,D,△,,0.6108,0.6455,,0.3559,A,64,0,◎-○軸 3着3〜4艇流し（10〜15点）,0.5777,"{'is_target': True, 'verdict': '点数絞り', 'max_combo_prob': 0.1022, 'est_top_odds': 13.0, 'circle_concentration': 80.6, 'eligible_count': 8, 'bet_adj': 0, 'reason': 'rel_win1=55.6%（本命度） / 最有力組み合わせ確率: 0.102（推定実オッズ?13倍） / 2着集中度: 上位2艇 80.6%（補正+0.04） / 総合判定確率: 0.142 / → ヒモはやや固め。上位2艇以外を切ること', 'tenji_trigger': '展示確認: 1号艇伸び良→そのまま採用。悪→飛び組に差し替え。circle_pct上位2艇に絞り込むこと。'}",,,28.2,両建て推奨,16.26,30.1,2,,,,,,,,,,,
2026-04-04,丸亀,11,3,林　祐介,A2,27.91,3,,8.3421,25.5,100,52.1,0.1338,3.3333,,,0,低,103,0,-,3 4313,0,21.1,0.6508,0,0,0,0.0526,0,0.0154,0.1615,0.2923,,○,D,○,,0.435,0.6605,,0.3559,A,64,0,◎-○軸 3着3〜4艇流し（10〜15点）,0.5777,"{'is_target': True, 'verdict': '点数絞り', 'max_combo_prob': 0.1022, 'est_top_odds': 13.0, 'circle_concentration': 80.6, 'eligible_count': 8, 'bet_adj': 0, 'reason': 'rel_win1=55.6%（本命度） / 最有力組み合わせ確率: 0.102（推定実オッズ?13倍） / 2着集中度: 上位2艇 80.6%（補正+0.04） / 総合判定確率: 0.142 / → ヒモはやや固め。上位2艇以外を切ること', 'tenji_trigger': '展示確認: 1号艇伸び良→そのまま採用。悪→飛び組に差し替え。circle_pct上位2艇に絞り込むこと。'}",,,28.2,両建て推奨,16.26,30.1,2,,,,,,,,,,,
2026-04-04,丸亀,11,4,山戸信二,B1,45.24,4,▲,7.7686,5.6,75,35.3,0.1694,3.4804,,,0,低,117,0,-,3 341,0,56.2,1.1645,0,0,0.0435,0,0,0.4333,0.2167,0.0444,,,A,,,0.2707,0.5985,,0.3559,A,64,0,◎-○軸 3着3〜4艇流し（10〜15点）,0.5777,"{'is_target': True, 'verdict': '点数絞り', 'max_combo_prob': 0.1022, 'est_top_odds': 13.0, 'circle_concentration': 80.6, 'eligible_count': 8, 'bet_adj': 0, 'reason': 'rel_win1=55.6%（本命度） / 最有力組み合わせ確率: 0.102（推定実オッズ?13倍） / 2着集中度: 上位2艇 80.6%（補正+0.04） / 総合判定確率: 0.142 / → ヒモはやや固め。上位2艇以外を切ること', 'tenji_trigger': '展示確認: 1号艇伸び良→そのまま採用。悪→飛び組に差し替え。circle_pct上位2艇に絞り込むこと。'}",,,28.2,両建て推奨,16.26,30.1,2,,,,,,,,,,,
2026-04-04,丸亀,11,5,新田芳美,B1,41.27,5,△,5.7316,7.9,52,32,0.164,3.6,,,0,低,61,0,ま0%,145 14,0,44.6,0.9619,0,0,0.0833,0,0,0.08,0.0533,0.44,,,B,△,,0.3066,0.6255,,0.3559,A,64,0,◎-○軸 3着3〜4艇流し（10〜15点）,0.5777,"{'is_target': True, 'verdict': '点数絞り', 'max_combo_prob': 0.1022, 'est_top_odds': 13.0, 'circle_concentration': 80.6, 'eligible_count': 8, 'bet_adj': 0, 'reason': 'rel_win1=55.6%（本命度） / 最有力組み合わせ確率: 0.102（推定実オッズ?13倍） / 2着集中度: 上位2艇 80.6%（補正+0.04） / 総合判定確率: 0.142 / → ヒモはやや固め。上位2艇以外を切ること', 'tenji_trigger': '展示確認: 1号艇伸び良→そのまま採用。悪→飛び組に差し替え。circle_pct上位2艇に絞り込むこと。'}",,,28.2,両建て推奨,16.26,30.1,2,,,,,,,,,,,
2026-04-04,丸亀,11,6,小野達哉,A1,33.06,6,,2.4507,5.9,73,41.3,0.1654,3.4286,,,0,低,87,0,-,566131,0,96.6,2.0072,,,,,,0.0095,0.0286,0.0286,,,C,◎,,0.3129,0.6745,,0.3559,A,64,0,◎-○軸 3着3〜4艇流し（10〜15点）,0.5777,"{'is_target': True, 'verdict': '点数絞り', 'max_combo_prob': 0.1022, 'est_top_odds': 13.0, 'circle_concentration': 80.6, 'eligible_count': 8, 'bet_adj': 0, 'reason': 'rel_win1=55.6%（本命度） / 最有力組み合わせ確率: 0.102（推定実オッズ?13倍） / 2着集中度: 上位2艇 80.6%（補正+0.04） / 総合判定確率: 0.142 / → ヒモはやや固め。上位2艇以外を切ること', 'tenji_trigger': '展示確認: 1号艇伸び良→そのまま採用。悪→飛び組に差し替え。circle_pct上位2艇に絞り込むこと。'}",,,28.2,両建て推奨,16.26,30.1,2,,,,,,,,,,,
2026-04-04,丸亀,12,1,小坂尚哉,A1,38.89,1,◎,56.8973,,0,97.8,0.1389,2.4239,,,0,低,81,0,逃1%,131 21,0,71.3,1.0413,0.7317,,,,,0.0488,0.0488,0.0976,◎,,B,△,,,0.657,,0.6026,S,86,0,◎1着固定 2-3着流し（5〜8点）,0.5777,"{'is_target': True, 'verdict': '参加推奨', 'max_combo_prob': 0.0569, 'est_top_odds': 23.4, 'circle_concentration': 62.8, 'eligible_count': 6, 'bet_adj': 2, 'reason': 'rel_win1=56.9%（本命度） / 最有力組み合わせ確率: 0.057（推定実オッズ?23倍） / 2着集中度: 上位2艇 62.8%（補正+0.00） / 総合判定確率: 0.057 / → ヒモ分散。1号艇1着固定で広めのヒモ流し推奨（買い目+2点）', 'tenji_trigger': '展示確認: ヒモ分散レース。1号艇伸び確認後、広めのヒモ流しを採用。穴ヒモ（5・6号艇）を積極的に含める。\n展示で1号艇スタート超安定(0.139秒)→ヒモ固まり方向に注意'}",,,30.9,逃げ狙い,31.09,25.1,4,,,,,0,0,0.7559,0,,逃げ軸流し,A
2026-04-04,丸亀,12,2,深井利寿,A2,34.43,2,▲,12.5185,33.1,100,78.8,0.1531,3.1731,,,0,低,120,0,-,22512,0,24.4,0.7312,0,0.069,0.1379,0,0,0.0129,0.1062,0.2123,,,C,,,0.1888,0.605,,0.6026,S,86,0,◎1着固定 2-3着流し（5〜8点）,0.5777,"{'is_target': True, 'verdict': '参加推奨', 'max_combo_prob': 0.0569, 'est_top_odds': 23.4, 'circle_concentration': 62.8, 'eligible_count': 6, 'bet_adj': 2, 'reason': 'rel_win1=56.9%（本命度） / 最有力組み合わせ確率: 0.057（推定実オッズ?23倍） / 2着集中度: 上位2艇 62.8%（補正+0.00） / 総合判定確率: 0.057 / → ヒモ分散。1号艇1着固定で広めのヒモ流し推奨（買い目+2点）', 'tenji_trigger': '展示確認: ヒモ分散レース。1号艇伸び確認後、広めのヒモ流しを採用。穴ヒモ（5・6号艇）を積極的に含める。\n展示で1号艇スタート超安定(0.139秒)→ヒモ固まり方向に注意'}",,,30.9,逃げ狙い,31.09,25.1,4,,,,,,,,,,,
2026-04-04,丸亀,12,3,藤原仙二,A2,27.12,3,,7.7773,22,78,64.7,0.1618,3.5441,,,0,低,93,0,-,222 12,0,77,0.8575,0,0,0,0,0.0769,0,0.08,0.28,,,E,,,0.2035,0.577,,0.6026,S,86,0,◎1着固定 2-3着流し（5〜8点）,0.5777,"{'is_target': True, 'verdict': '参加推奨', 'max_combo_prob': 0.0569, 'est_top_odds': 23.4, 'circle_concentration': 62.8, 'eligible_count': 6, 'bet_adj': 2, 'reason': 'rel_win1=56.9%（本命度） / 最有力組み合わせ確率: 0.057（推定実オッズ?23倍） / 2着集中度: 上位2艇 62.8%（補正+0.00） / 総合判定確率: 0.057 / → ヒモ分散。1号艇1着固定で広めのヒモ流し推奨（買い目+2点）', 'tenji_trigger': '展示確認: ヒモ分散レース。1号艇伸び確認後、広めのヒモ流しを採用。穴ヒモ（5・6号艇）を積極的に含める。\n展示で1号艇スタート超安定(0.139秒)→ヒモ固まり方向に注意'}",,,30.9,逃げ狙い,31.09,25.1,4,,,,,,,,,,,
2026-04-04,丸亀,12,4,高倉和士,A1,29.23,4,△,14.5515,29.8,75,82,0.1123,2.3718,,,0,低,42,0,ま0% 差ま0%,251312,0,92.7,1.736,0,0,0.0588,0.1765,0,0.0114,0.0343,0.2936,,◎,D,○,◎,0.4278,0.673,0.5047,0.6026,S,86,0,◎1着固定 2-3着流し（5〜8点）,0.5777,"{'is_target': True, 'verdict': '参加推奨', 'max_combo_prob': 0.0569, 'est_top_odds': 23.4, 'circle_concentration': 62.8, 'eligible_count': 6, 'bet_adj': 2, 'reason': 'rel_win1=56.9%（本命度） / 最有力組み合わせ確率: 0.057（推定実オッズ?23倍） / 2着集中度: 上位2艇 62.8%（補正+0.00） / 総合判定確率: 0.057 / → ヒモ分散。1号艇1着固定で広めのヒモ流し推奨（買い目+2点）', 'tenji_trigger': '展示確認: ヒモ分散レース。1号艇伸び確認後、広めのヒモ流しを採用。穴ヒモ（5・6号艇）を積極的に含める。\n展示で1号艇スタート超安定(0.139秒)→ヒモ固まり方向に注意'}",,,30.9,逃げ狙い,31.09,25.1,4,,,,,,,,,,,
2026-04-04,丸亀,12,5,山田亮太,A2,42.06,5,○,4.7288,10.7,98,55.8,0.156,2.9808,,,0,低,92,0,差ま0%,1 1433,0,32.4,1.4871,0,0,0,0.087,0,0.1058,0.0308,0.0615,,,B,△,,0.2438,0.642,,0.6026,S,86,0,◎1着固定 2-3着流し（5〜8点）,0.5777,"{'is_target': True, 'verdict': '参加推奨', 'max_combo_prob': 0.0569, 'est_top_odds': 23.4, 'circle_concentration': 62.8, 'eligible_count': 6, 'bet_adj': 2, 'reason': 'rel_win1=56.9%（本命度） / 最有力組み合わせ確率: 0.057（推定実オッズ?23倍） / 2着集中度: 上位2艇 62.8%（補正+0.00） / 総合判定確率: 0.057 / → ヒモ分散。1号艇1着固定で広めのヒモ流し推奨（買い目+2点）', 'tenji_trigger': '展示確認: ヒモ分散レース。1号艇伸び確認後、広めのヒモ流しを採用。穴ヒモ（5・6号艇）を積極的に含める。\n展示で1号艇スタート超安定(0.139秒)→ヒモ固まり方向に注意'}",,,30.9,逃げ狙い,31.09,25.1,4,,,,,,,,,,,
2026-04-04,丸亀,12,6,永井彪也,A1,30.23,6,,3.5265,4.5,73,48.5,0.13,2.697,,,0,低,28,0,差0%,52122,0,93.9,1.8956,0,0.125,0,0,0,0,0,0.2762,,,D,◎,,0.3354,0.7025,,0.6026,S,86,0,◎1着固定 2-3着流し（5〜8点）,0.5777,"{'is_target': True, 'verdict': '参加推奨', 'max_combo_prob': 0.0569, 'est_top_odds': 23.4, 'circle_concentration': 62.8, 'eligible_count': 6, 'bet_adj': 2, 'reason': 'rel_win1=56.9%（本命度） / 最有力組み合わせ確率: 0.057（推定実オッズ?23倍） / 2着集中度: 上位2艇 62.8%（補正+0.00） / 総合判定確率: 0.057 / → ヒモ分散。1号艇1着固定で広めのヒモ流し推奨（買い目+2点）', 'tenji_trigger': '展示確認: ヒモ分散レース。1号艇伸び確認後、広めのヒモ流しを採用。穴ヒモ（5・6号艇）を積極的に含める。\n展示で1号艇スタート超安定(0.139秒)→ヒモ固まり方向に注意'}",,,30.9,逃げ狙い,31.09,25.1,4,,,,,,,,,,,
2026-04-09,丸亀,1,1,本吉正樹,B1,25.76,1,◎,63.0088,,0,65.5,0.1809,3.6727,,,0,低,152,0,-,,0,76,1.1684,0.3571,,,,,0.175,0.2643,0.0143,△,,D,△,,,0.585,,0.3174,B,59,0,◎○△フォーメーション（15〜20点）,0.5777,"{'is_target': True, 'verdict': '点数絞り', 'max_combo_prob': 0.0963, 'est_top_odds': 13.8, 'circle_concentration': 72.8, 'eligible_count': 9, 'bet_adj': 0, 'reason': 'rel_win1=63.0%（本命度） / 最有力組み合わせ確率: 0.096（推定実オッズ?14倍） / 2着集中度: 上位2艇 72.8%（補正+0.04） / 総合判定確率: 0.136 / → ヒモはやや固め。上位2艇以外を切ること', 'tenji_trigger': '展示確認: 1号艇伸び良→そのまま採用。悪→飛び組に差し替え。circle_pct上位2艇に絞り込むこと。\n展示で1号艇スタート遅め(0.181秒)確認→ヒモが荒れやすい'}",,,26.9,両建て推奨,4.17,36.7,3,2-1-4|1-2-5|1-2-4|1-3-5|1-3-4|1-4-5,6-1-4|4-5-6|6-4-1|4-5-1|2-1-4|6-1-5|6-1-3|1-2-5|1-2-4|1-3-5|1-3-4|1-4-5,2-1-4:1.9%|1-2-5:7.44%|1-2-4:7.43%|1-3-5:5.34%|1-3-4:5.33%|1-4-5:4.96%,2-1-4:B_main|1-2-5:A|1-2-4:A|1-3-5:A|1-3-4:A|1-4-5:A,6,12,0.4535,1,[!]見送り推奨（主役決まり手「差し」― 逃げ劣勢レースで的中実績なし）,荒れ広め,D
2026-04-09,丸亀,1,2,松山裕基,B1,22.90,2,,9.4389,45.4,71,27.9,0.1708,3.8361,,,0,低,100,0,差1%,,0,40.8,0.9505,0,0.0294,0,0,0,0.0696,0.2417,0.3096,,◎,E,○,,0.432,0.6065,,0.3174,B,59,0,◎○△フォーメーション（15〜20点）,0.5777,"{'is_target': True, 'verdict': '点数絞り', 'max_combo_prob': 0.0963, 'est_top_odds': 13.8, 'circle_concentration': 72.8, 'eligible_count': 9, 'bet_adj': 0, 'reason': 'rel_win1=63.0%（本命度） / 最有力組み合わせ確率: 0.096（推定実オッズ?14倍） / 2着集中度: 上位2艇 72.8%（補正+0.04） / 総合判定確率: 0.136 / → ヒモはやや固め。上位2艇以外を切ること', 'tenji_trigger': '展示確認: 1号艇伸び良→そのまま採用。悪→飛び組に差し替え。circle_pct上位2艇に絞り込むこと。\n展示で1号艇スタート遅め(0.181秒)確認→ヒモが荒れやすい'}",,,26.9,両建て推奨,4.17,36.7,3,,,,,,,,,,,
2026-04-09,丸亀,1,3,須藤隆雄,B1,26.98,3,△,10.616,27.4,82,30.2,0.1655,3.3208,,,0,低,110,0,ま0%,,0,27.9,0.7225,0,0,0.0385,0,0,0.1364,0.0909,0.6455,,△,C,△,,0.3955,0.585,,0.3174,B,59,0,◎○△フォーメーション（15〜20点）,0.5777,"{'is_target': True, 'verdict': '点数絞り', 'max_combo_prob': 0.0963, 'est_top_odds': 13.8, 'circle_concentration': 72.8, 'eligible_count': 9, 'bet_adj': 0, 'reason': 'rel_win1=63.0%（本命度） / 最有力組み合わせ確率: 0.096（推定実オッズ?14倍） / 2着集中度: 上位2艇 72.8%（補正+0.04） / 総合判定確率: 0.136 / → ヒモはやや固め。上位2艇以外を切ること', 'tenji_trigger': '展示確認: 1号艇伸び良→そのまま採用。悪→飛び組に差し替え。circle_pct上位2艇に絞り込むこと。\n展示で1号艇スタート遅め(0.181秒)確認→ヒモが荒れやすい'}",,,26.9,両建て推奨,4.17,36.7,3,,,,,,,,,,,
2026-04-09,丸亀,1,4,樋江井舞,B1,38.28,4,○,9.9206,24.1,100,44.1,0.1588,3.6324,,,0,低,76,0,-,,0,98.3,1.9443,0,0,0,0.0345,0,,,,,○,A,,,0.4083,0.539,,0.3174,B,59,0,◎○△フォーメーション（15〜20点）,0.5777,"{'is_target': True, 'verdict': '点数絞り', 'max_combo_prob': 0.0963, 'est_top_odds': 13.8, 'circle_concentration': 72.8, 'eligible_count': 9, 'bet_adj': 0, 'reason': 'rel_win1=63.0%（本命度） / 最有力組み合わせ確率: 0.096（推定実オッズ?14倍） / 2着集中度: 上位2艇 72.8%（補正+0.04） / 総合判定確率: 0.136 / → ヒモはやや固め。上位2艇以外を切ること', 'tenji_trigger': '展示確認: 1号艇伸び良→そのまま採用。悪→飛び組に差し替え。circle_pct上位2艇に絞り込むこと。\n展示で1号艇スタート遅め(0.181秒)確認→ヒモが荒れやすい'}",,,26.9,両建て推奨,4.17,36.7,3,,,,,,,,,,,
2026-04-09,丸亀,1,5,三好勇人,A2,37.80,5,▲,5.5114,2.4,75,26.8,0.1598,3.3214,,,0,低,88,0,-,,0,100,2.4362,0,0,0,0.0333,0,0.0133,0.16,0.0533,,,B,◎,,0.389,0.6185,,0.3174,B,59,0,◎○△フォーメーション（15〜20点）,0.5777,"{'is_target': True, 'verdict': '点数絞り', 'max_combo_prob': 0.0963, 'est_top_odds': 13.8, 'circle_concentration': 72.8, 'eligible_count': 9, 'bet_adj': 0, 'reason': 'rel_win1=63.0%（本命度） / 最有力組み合わせ確率: 0.096（推定実オッズ?14倍） / 2着集中度: 上位2艇 72.8%（補正+0.04） / 総合判定確率: 0.136 / → ヒモはやや固め。上位2艇以外を切ること', 'tenji_trigger': '展示確認: 1号艇伸び良→そのまま採用。悪→飛び組に差し替え。circle_pct上位2艇に絞り込むこと。\n展示で1号艇スタート遅め(0.181秒)確認→ヒモが荒れやすい'}",,,26.9,両建て推奨,4.17,36.7,3,,,,,,,,,,,
2026-04-09,丸亀,1,6,森林　太,B1,25.00,6,,1.5042,0.7,40,7.5,0.2642,5.4623,,,0,低,204,0,-,,0,30,1.0033,,,,,,0.0667,0.3556,0.1222,,,D,△,,0.1786,0.555,,0.3174,B,59,0,◎○△フォーメーション（15〜20点）,0.5777,"{'is_target': True, 'verdict': '点数絞り', 'max_combo_prob': 0.0963, 'est_top_odds': 13.8, 'circle_concentration': 72.8, 'eligible_count': 9, 'bet_adj': 0, 'reason': 'rel_win1=63.0%（本命度） / 最有力組み合わせ確率: 0.096（推定実オッズ?14倍） / 2着集中度: 上位2艇 72.8%（補正+0.04） / 総合判定確率: 0.136 / → ヒモはやや固め。上位2艇以外を切ること', 'tenji_trigger': '展示確認: 1号艇伸び良→そのまま採用。悪→飛び組に差し替え。circle_pct上位2艇に絞り込むこと。\n展示で1号艇スタート遅め(0.181秒)確認→ヒモが荒れやすい'}",,,26.9,両建て推奨,4.17,36.7,3,,,,,,,,,,,
2026-04-09,丸亀,2,1,上瀧絢也,B2,38.81,1,◎,51.5361,,0,80,0.1573,3.25,,,0,低,78,0,逃0%,,0,88.6,1.1575,0.3846,,,,,0.0923,0.2423,0,○,,C,△,,,0.595,,0.3418,A,64,0,◎-○軸 3着3〜4艇流し（10〜15点）,0.5777,"{'is_target': True, 'verdict': '参加推奨', 'max_combo_prob': 0.0932, 'est_top_odds': 14.3, 'circle_concentration': 66.6, 'eligible_count': 8, 'bet_adj': 2, 'reason': 'rel_win1=51.5%（本命度） / 最有力組み合わせ確率: 0.093（推定実オッズ?14倍） / 2着集中度: 上位2艇 66.6%（補正+0.00） / 総合判定確率: 0.093 / → ヒモ分散。1号艇1着固定で広めのヒモ流し推奨（買い目+2点）', 'tenji_trigger': '展示確認: ヒモ分散レース。1号艇伸び確認後、広めのヒモ流しを採用。穴ヒモ（5・6号艇）を積極的に含める。'}",,,29.2,両建て推奨,17.8,31.7,3,,,,,0,0,0.6155,0,,逃げ軸流し,A
2026-04-09,丸亀,2,2,谷口　丞,B1,45.24,2,▲,15.9265,45.9,75,50,0.1425,3.625,,,0,低,67,1,-,,0,39.5,0.8803,,,,,,0,0.3333,0.3333,,○,B,,,0.4755,0.536,,0.3418,A,64,0,◎-○軸 3着3〜4艇流し（10〜15点）,0.5777,"{'is_target': True, 'verdict': '参加推奨', 'max_combo_prob': 0.0932, 'est_top_odds': 14.3, 'circle_concentration': 66.6, 'eligible_count': 8, 'bet_adj': 2, 'reason': 'rel_win1=51.5%（本命度） / 最有力組み合わせ確率: 0.093（推定実オッズ?14倍） / 2着集中度: 上位2艇 66.6%（補正+0.00） / 総合判定確率: 0.093 / → ヒモ分散。1号艇1着固定で広めのヒモ流し推奨（買い目+2点）', 'tenji_trigger': '展示確認: ヒモ分散レース。1号艇伸び確認後、広めのヒモ流しを採用。穴ヒモ（5・6号艇）を積極的に含める。'}",,,29.2,両建て推奨,17.8,31.7,3,,,,,,,,,,,
2026-04-09,丸亀,2,3,吉永泰弘,B1,56.69,3,○,13.6507,18.7,38,33.9,0.1642,3.6129,,,0,低,137,0,-,,0,87.3,1.6938,,,,,,0.2376,0.4541,0.0235,,,A,△,,0.2755,0.6525,,0.3418,A,64,0,◎-○軸 3着3〜4艇流し（10〜15点）,0.5777,"{'is_target': True, 'verdict': '参加推奨', 'max_combo_prob': 0.0932, 'est_top_odds': 14.3, 'circle_concentration': 66.6, 'eligible_count': 8, 'bet_adj': 2, 'reason': 'rel_win1=51.5%（本命度） / 最有力組み合わせ確率: 0.093（推定実オッズ?14倍） / 2着集中度: 上位2艇 66.6%（補正+0.00） / 総合判定確率: 0.093 / → ヒモ分散。1号艇1着固定で広めのヒモ流し推奨（買い目+2点）', 'tenji_trigger': '展示確認: ヒモ分散レース。1号艇伸び確認後、広めのヒモ流しを採用。穴ヒモ（5・6号艇）を積極的に含める。'}",,,29.2,両建て推奨,17.8,31.7,3,,,,,,,,,,,
2026-04-09,丸亀,2,4,奥村明日,B1,50.00,4,△,14.424,13.7,70,33.3,0.2033,4.15,,,0,低,83,0,-,,0,57.5,1.2668,0,0.0667,0,0,0,0.6,0.1,0,,,B,,,0.1097,0.5175,,0.3418,A,64,0,◎-○軸 3着3〜4艇流し（10〜15点）,0.5777,"{'is_target': True, 'verdict': '参加推奨', 'max_combo_prob': 0.0932, 'est_top_odds': 14.3, 'circle_concentration': 66.6, 'eligible_count': 8, 'bet_adj': 2, 'reason': 'rel_win1=51.5%（本命度） / 最有力組み合わせ確率: 0.093（推定実オッズ?14倍） / 2着集中度: 上位2艇 66.6%（補正+0.00） / 総合判定確率: 0.093 / → ヒモ分散。1号艇1着固定で広めのヒモ流し推奨（買い目+2点）', 'tenji_trigger': '展示確認: ヒモ分散レース。1号艇伸び確認後、広めのヒモ流しを採用。穴ヒモ（5・6号艇）を積極的に含める。'}",,,29.2,両建て推奨,17.8,31.7,3,,,,,,,,,,,
2026-04-09,丸亀,2,5,堀本和也,A1,28.70,5,,3.1871,20.6,100,64.1,0.1044,2.5,,,0,低,22,0,-,,0,26.6,0.6093,,,,,,0.04,0.04,0.12,,◎,E,◎,,0.4815,0.769,,0.3418,A,64,0,◎-○軸 3着3〜4艇流し（10〜15点）,0.5777,"{'is_target': True, 'verdict': '参加推奨', 'max_combo_prob': 0.0932, 'est_top_odds': 14.3, 'circle_concentration': 66.6, 'eligible_count': 8, 'bet_adj': 2, 'reason': 'rel_win1=51.5%（本命度） / 最有力組み合わせ確率: 0.093（推定実オッズ?14倍） / 2着集中度: 上位2艇 66.6%（補正+0.00） / 総合判定確率: 0.093 / → ヒモ分散。1号艇1着固定で広めのヒモ流し推奨（買い目+2点）', 'tenji_trigger': '展示確認: ヒモ分散レース。1号艇伸び確認後、広めのヒモ流しを採用。穴ヒモ（5・6号艇）を積極的に含める。'}",,,29.2,両建て推奨,17.8,31.7,3,,,,,,,,,,,
2026-04-09,丸亀,2,6,榮田将彦,B1,33.85,6,,1.2757,1,46,12.5,0.1403,2.75,,,0,低,41,0,-,,0,26.6,0.5775,,,,,,0.28,0.0533,0.0267,,,D,○,,0.3641,0.6605,,0.3418,A,64,0,◎-○軸 3着3〜4艇流し（10〜15点）,0.5777,"{'is_target': True, 'verdict': '参加推奨', 'max_combo_prob': 0.0932, 'est_top_odds': 14.3, 'circle_concentration': 66.6, 'eligible_count': 8, 'bet_adj': 2, 'reason': 'rel_win1=51.5%（本命度） / 最有力組み合わせ確率: 0.093（推定実オッズ?14倍） / 2着集中度: 上位2艇 66.6%（補正+0.00） / 総合判定確率: 0.093 / → ヒモ分散。1号艇1着固定で広めのヒモ流し推奨（買い目+2点）', 'tenji_trigger': '展示確認: ヒモ分散レース。1号艇伸び確認後、広めのヒモ流しを採用。穴ヒモ（5・6号艇）を積極的に含める。'}",,,29.2,両建て推奨,17.8,31.7,3,,,,,,,,,,,
2026-04-09,丸亀,3,1,成貞琳平,B1,23.08,1,○,35.5283,,0,55.2,0.1679,3.4655,,,0,低,120,0,逃0%,,0,29.6,0.7071,0.1875,,,,,0.075,0.375,0.25,△,,E,,,,0.5785,,0.212,D,27,1,大荒れ。見送り推奨,0.5777,"{'is_target': False, 'verdict': '対象外', 'max_combo_prob': None, 'est_top_odds': None, 'circle_concentration': None, 'eligible_count': 0, 'bet_adj': 0, 'reason': '1号艇rel_win1 < 45%: 通常判定に委ねる', 'tenji_trigger': ''}",,,25.8,両建て推奨,16.72,37.2,3,2-1-3|2-1-4|1-2-4|1-2-5|1-2-3|1-3-4|1-3-5,2-1-3|6-1-3|6-1-4|4-5-6|6-4-3|6-4-1|2-1-4|1-2-4|1-2-5|1-2-3|1-3-4|1-3-5,2-1-3:3.14%|2-1-4:2.06%|1-2-4:9.6%|1-2-5:7.34%|1-2-3:7.3%|1-3-4:5.83%|1-3-5:4.46%,2-1-3:B_main|2-1-4:B_main|1-2-4:A|1-2-5:A|1-2-3:A|1-3-4:A|1-3-5:A,7,12,0.4535,1,[!]見送り推奨（主役決まり手「差し」― 逃げ劣勢レースで的中実績なし）,荒れ広め,D
2026-04-09,丸亀,3,2,中澤宏奈,B2,39.39,2,◎,14.8901,39.4,88,54.8,0.13,2.5968,,,0,低,56,0,差0% ま0%,,0,31.5,0.9352,0,0.0769,0.0769,0,0,0.05,0,0.4,,◎,A,△,,0.5789,0.5985,,0.212,D,27,1,大荒れ。見送り推奨,0.5777,"{'is_target': False, 'verdict': '対象外', 'max_combo_prob': None, 'est_top_odds': None, 'circle_concentration': None, 'eligible_count': 0, 'bet_adj': 0, 'reason': '1号艇rel_win1 < 45%: 通常判定に委ねる', 'tenji_trigger': ''}",,,25.8,両建て推奨,16.72,37.2,3,,,,,,,,,,,
2026-04-09,丸亀,3,3,野末智一,A2,34.92,3,,17.1041,29.4,90,62,0.1865,3.8354,,,0,低,227,0,-,,0,95.3,2.0715,0,0.0645,0,0.0323,0.0323,0.1722,0.1512,0.0737,,,C,○,,0.2331,0.6595,,0.212,D,27,1,大荒れ。見送り推奨,0.5777,"{'is_target': False, 'verdict': '対象外', 'max_combo_prob': None, 'est_top_odds': None, 'circle_concentration': None, 'eligible_count': 0, 'bet_adj': 0, 'reason': '1号艇rel_win1 < 45%: 通常判定に委ねる', 'tenji_trigger': ''}",,,25.8,両建て推奨,16.72,37.2,3,,,,,,,,,,,
2026-04-09,丸亀,3,4,小野寺智,B1,27.69,4,△,12.6376,16.1,100,57.7,0.1388,3.0096,,,0,低,79,0,差ま0%,,0,78.5,1.5668,0,0,0.0476,0.0952,0,0.1217,0.0174,0.3096,,○,D,△,◎,0.4697,0.6185,0.4391,0.212,D,27,1,大荒れ。見送り推奨,0.5777,"{'is_target': False, 'verdict': '対象外', 'max_combo_prob': None, 'est_top_odds': None, 'circle_concentration': None, 'eligible_count': 0, 'bet_adj': 0, 'reason': '1号艇rel_win1 < 45%: 通常判定に委ねる', 'tenji_trigger': ''}",,,25.8,両建て推奨,16.72,37.2,3,,,,,,,,,,,
2026-04-09,丸亀,3,5,長野壮志,A1,39.10,5,▲,13.9561,13.1,56,38.3,0.1768,3.6489,,,0,低,99,0,ま0%,,0,67.7,1.4057,0,0,0.0435,0,0,0.0296,0.1343,0.1491,,,B,◎,○,0.3139,0.6685,0.1628,0.212,D,27,1,大荒れ。見送り推奨,0.5777,"{'is_target': False, 'verdict': '対象外', 'max_combo_prob': None, 'est_top_odds': None, 'circle_concentration': None, 'eligible_count': 0, 'bet_adj': 0, 'reason': '1号艇rel_win1 < 45%: 通常判定に委ねる', 'tenji_trigger': ''}",,,25.8,両建て推奨,16.72,37.2,3,,,,,,,,,,,
2026-04-09,丸亀,3,6,立間充宏,B1,24.81,6,,5.8838,2,59,24.1,0.1765,4.0278,,,0,低,88,0,差0%,,0,44.9,1.1522,0,0.0385,0,0,0,0.2727,0.1182,0.0727,,,D,,,0.3106,0.5755,,0.212,D,27,1,大荒れ。見送り推奨,0.5777,"{'is_target': False, 'verdict': '対象外', 'max_combo_prob': None, 'est_top_odds': None, 'circle_concentration': None, 'eligible_count': 0, 'bet_adj': 0, 'reason': '1号艇rel_win1 < 45%: 通常判定に委ねる', 'tenji_trigger': ''}",,,25.8,両建て推奨,16.72,37.2,3,,,,,,,,,,,
2026-04-09,丸亀,4,1,坂口貴彦,B1,22.73,1,◎,42.95,,0,90.9,0.1414,2.9205,,,0,低,134,0,逃0%,,0,89.5,1.169,0.6471,,,,,0.0471,0.1235,0.1471,◎,,E,,,,0.591,,0.5275,A,60,0,◎-○軸 3着3〜4艇流し（10〜15点）,0.5777,"{'is_target': False, 'verdict': '対象外', 'max_combo_prob': None, 'est_top_odds': None, 'circle_concentration': None, 'eligible_count': 0, 'bet_adj': 0, 'reason': '1号艇rel_win1 < 45%: 通常判定に委ねる', 'tenji_trigger': ''}",,,30.6,両建て推奨,26.71,28.2,2,,,,,0,0,0.7559,0,,逃げ軸流し,A
2026-04-09,丸亀,4,2,岡崎凪汰,B1,40.63,2,▲,14.9367,39.5,87,85.7,0.1843,3.3571,,,0,低,54,1,差0% ま0%,,0,59.1,1.3655,0,0.1429,0.1429,0,0,0.25,0.25,0.25,,,A,,,0.085,0.498,,0.5275,A,60,0,◎-○軸 3着3〜4艇流し（10〜15点）,0.5777,"{'is_target': False, 'verdict': '対象外', 'max_combo_prob': None, 'est_top_odds': None, 'circle_concentration': None, 'eligible_count': 0, 'bet_adj': 0, 'reason': '1号艇rel_win1 < 45%: 通常判定に委ねる', 'tenji_trigger': ''}",,,30.6,両建て推奨,26.71,28.2,2,,,,,,,,,,,
2026-04-09,丸亀,4,3,是澤孝宏,A2,35.66,3,○,18.139,24.8,100,66.1,0.164,3.2339,,,0,低,125,0,差ま0%,,0,36.1,1.2319,0,0,0.0323,0.0968,0.0645,0.1625,0.0125,0.0375,,,B,○,,0.1829,0.6235,,0.5275,A,60,0,◎-○軸 3着3〜4艇流し（10〜15点）,0.5777,"{'is_target': False, 'verdict': '対象外', 'max_combo_prob': None, 'est_top_odds': None, 'circle_concentration': None, 'eligible_count': 0, 'bet_adj': 0, 'reason': '1号艇rel_win1 < 45%: 通常判定に委ねる', 'tenji_trigger': ''}",,,30.6,両建て推奨,26.71,28.2,2,,,,,,,,,,,
2026-04-09,丸亀,4,4,大須賀友,A2,28.89,4,△,11.6747,21.5,96,69.2,0.1546,3.2115,,,0,低,116,0,差ま0%,,0,65.2,1.3749,0,0.0476,0.0952,0.0952,0,0.0516,0.1258,0.0129,,,C,△,◎,0.2555,0.599,0.3917,0.5275,A,60,0,◎-○軸 3着3〜4艇流し（10〜15点）,0.5777,"{'is_target': False, 'verdict': '対象外', 'max_combo_prob': None, 'est_top_odds': None, 'circle_concentration': None, 'eligible_count': 0, 'bet_adj': 0, 'reason': '1号艇rel_win1 < 45%: 通常判定に委ねる', 'tenji_trigger': ''}",,,30.6,両建て推奨,26.71,28.2,2,,,,,,,,,,,
2026-04-09,丸亀,4,5,川井　萌,B2,27.69,5,,7.5704,9.3,91,42.9,0.1886,3.881,,,0,低,50,0,-,,0,66.8,1.415,0,0,0,0.2,0,0,0.5,0,,,D,△,,0.1704,0.6045,,0.5275,A,60,0,◎-○軸 3着3〜4艇流し（10〜15点）,0.5777,"{'is_target': False, 'verdict': '対象外', 'max_combo_prob': None, 'est_top_odds': None, 'circle_concentration': None, 'eligible_count': 0, 'bet_adj': 0, 'reason': '1号艇rel_win1 < 45%: 通常判定に委ねる', 'tenji_trigger': ''}",,,30.6,両建て推奨,26.71,28.2,2,,,,,,,,,,,
2026-04-09,丸亀,4,6,森永　淳,A1,23.85,6,,4.7291,5,69,33.3,0.1397,2.8462,,,0,低,52,0,ま0% 差ま0%,,0,53.4,1.4083,0,0,0.1111,0.0556,0,0,0.1351,0.0811,,,D,◎,,0.3093,0.702,,0.5275,A,60,0,◎-○軸 3着3〜4艇流し（10〜15点）,0.5777,"{'is_target': False, 'verdict': '対象外', 'max_combo_prob': None, 'est_top_odds': None, 'circle_concentration': None, 'eligible_count': 0, 'bet_adj': 0, 'reason': '1号艇rel_win1 < 45%: 通常判定に委ねる', 'tenji_trigger': ''}",,,30.6,両建て推奨,26.71,28.2,2,,,,,,,,,,,
2026-04-09,丸亀,5,1,小野　桜,B1,24.03,1,◎,51.6555,,0,72.2,0.1925,3.5833,,,0,低,90,0,逃0%,,0,62.1,0.9449,0.4118,,,,,0,0.0941,0.3176,△,,D,△,,,0.611,,0.2774,A,65,0,◎-○軸 3着3〜4艇流し（10〜15点）,0.5777,"{'is_target': True, 'verdict': '参加推奨', 'max_combo_prob': 0.0685, 'est_top_odds': 19.5, 'circle_concentration': 65.9, 'eligible_count': 8, 'bet_adj': 2, 'reason': 'rel_win1=51.7%（本命度） / 最有力組み合わせ確率: 0.069（推定実オッズ?20倍） / 2着集中度: 上位2艇 65.9%（補正+0.00） / 総合判定確率: 0.069 / → ヒモ分散。1号艇1着固定で広めのヒモ流し推奨（買い目+2点）', 'tenji_trigger': '展示確認: ヒモ分散レース。1号艇伸び確認後、広めのヒモ流しを採用。穴ヒモ（5・6号艇）を積極的に含める。\n展示で1号艇スタート遅め(0.193秒)確認→ヒモが荒れやすい'}",,,32.6,逃げ狙い,14.02,30.5,3,3-1-4|1-3-4|1-3-2|1-2-4|1-2-3|1-5-4,6-1-2|6-1-4|3-1-4|6-4-1|4-1-5|6-2-1|4-1-6|1-3-4|1-3-2|1-2-4|1-2-3|1-5-4,3-1-4:2.78%|1-3-4:6.52%|1-3-2:6.47%|1-2-4:6.07%|1-2-3:5.65%|1-5-4:4.27%,3-1-4:B_main|1-3-4:A|1-3-2:A|1-2-4:A|1-2-3:A|1-5-4:A,6,12,0.4535,1,[!]見送り推奨（主役決まり手「まくり差し」― 逃げ劣勢レースで的中実績なし）,荒れ広め,D
2026-04-09,丸亀,5,2,河野真也,A2,21.54,2,,12.9315,28.7,100,59.2,0.1751,3.7237,,,0,低,156,0,-,,0,32.9,0.7645,0,0.0357,0.0714,0,0,0.0645,0.0258,0.1774,,○,D,○,,0.485,0.6315,,0.2774,A,65,0,◎-○軸 3着3〜4艇流し（10〜15点）,0.5777,"{'is_target': True, 'verdict': '参加推奨', 'max_combo_prob': 0.0685, 'est_top_odds': 19.5, 'circle_concentration': 65.9, 'eligible_count': 8, 'bet_adj': 2, 'reason': 'rel_win1=51.7%（本命度） / 最有力組み合わせ確率: 0.069（推定実オッズ?20倍） / 2着集中度: 上位2艇 65.9%（補正+0.00） / 総合判定確率: 0.069 / → ヒモ分散。1号艇1着固定で広めのヒモ流し推奨（買い目+2点）', 'tenji_trigger': '展示確認: ヒモ分散レース。1号艇伸び確認後、広めのヒモ流しを採用。穴ヒモ（5・6号艇）を積極的に含める。\n展示で1号艇スタート遅め(0.193秒)確認→ヒモが荒れやすい'}",,,32.6,逃げ狙い,14.02,30.5,3,,,,,,,,,,,
2026-04-09,丸亀,5,3,市橋卓士,A1,25.19,3,○,20.1482,37.1,29,60,0.1558,3.1923,,,0,低,93,0,ま0% 差ま0%,,0,68.5,1.4033,0,0,0.1,0.1333,0,0.1045,0.0879,0.0795,,◎,C,△,,0.499,0.6155,,0.2774,A,65,0,◎-○軸 3着3〜4艇流し（10〜15点）,0.5777,"{'is_target': True, 'verdict': '参加推奨', 'max_combo_prob': 0.0685, 'est_top_odds': 19.5, 'circle_concentration': 65.9, 'eligible_count': 8, 'bet_adj': 2, 'reason': 'rel_win1=51.7%（本命度） / 最有力組み合わせ確率: 0.069（推定実オッズ?20倍） / 2着集中度: 上位2艇 65.9%（補正+0.00） / 総合判定確率: 0.069 / → ヒモ分散。1号艇1着固定で広めのヒモ流し推奨（買い目+2点）', 'tenji_trigger': '展示確認: ヒモ分散レース。1号艇伸び確認後、広めのヒモ流しを採用。穴ヒモ（5・6号艇）を積極的に含める。\n展示で1号艇スタート遅め(0.193秒)確認→ヒモが荒れやすい'}",,,32.6,逃げ狙い,14.02,30.5,3,,,,,,,,,,,
2026-04-09,丸亀,5,4,乙津康志,B1,27.56,4,△,10.3185,11.8,87,53.7,0.1894,4.0448,,,0,低,167,0,差ま1%,,0,89.5,1.6777,0,0,0,0.0645,0,0.1,0.18,0.42,,,C,,,0.3126,0.596,,0.2774,A,65,0,◎-○軸 3着3〜4艇流し（10〜15点）,0.5777,"{'is_target': True, 'verdict': '参加推奨', 'max_combo_prob': 0.0685, 'est_top_odds': 19.5, 'circle_concentration': 65.9, 'eligible_count': 8, 'bet_adj': 2, 'reason': 'rel_win1=51.7%（本命度） / 最有力組み合わせ確率: 0.069（推定実オッズ?20倍） / 2着集中度: 上位2艇 65.9%（補正+0.00） / 総合判定確率: 0.069 / → ヒモ分散。1号艇1着固定で広めのヒモ流し推奨（買い目+2点）', 'tenji_trigger': '展示確認: ヒモ分散レース。1号艇伸び確認後、広めのヒモ流しを採用。穴ヒモ（5・6号艇）を積極的に含める。\n展示で1号艇スタート遅め(0.193秒)確認→ヒモが荒れやすい'}",,,32.6,逃げ狙い,14.02,30.5,3,,,,,,,,,,,
2026-04-09,丸亀,5,5,渡部　悟,A2,18.25,5,,3.5368,19.9,59,47.4,0.1574,3.2807,,,0,低,79,0,-,,0,28.9,0.6971,,,,,,0.1639,0.1194,0.0296,,△,E,◎,,0.4387,0.66,,0.2774,A,65,0,◎-○軸 3着3〜4艇流し（10〜15点）,0.5777,"{'is_target': True, 'verdict': '参加推奨', 'max_combo_prob': 0.0685, 'est_top_odds': 19.5, 'circle_concentration': 65.9, 'eligible_count': 8, 'bet_adj': 2, 'reason': 'rel_win1=51.7%（本命度） / 最有力組み合わせ確率: 0.069（推定実オッズ?20倍） / 2着集中度: 上位2艇 65.9%（補正+0.00） / 総合判定確率: 0.069 / → ヒモ分散。1号艇1着固定で広めのヒモ流し推奨（買い目+2点）', 'tenji_trigger': '展示確認: ヒモ分散レース。1号艇伸び確認後、広めのヒモ流しを採用。穴ヒモ（5・6号艇）を積極的に含める。\n展示で1号艇スタート遅め(0.193秒)確認→ヒモが荒れやすい'}",,,32.6,逃げ狙い,14.02,30.5,3,,,,,,,,,,,
2026-04-09,丸亀,5,6,田添康介,B1,48.84,6,▲,1.4094,2.4,34,19.1,0.1598,3.2738,,,0,低,78,0,-,,0,25.2,0.5139,,,,,,0.375,0.375,0,,,A,,,0.4282,0.5535,,0.2774,A,65,0,◎-○軸 3着3〜4艇流し（10〜15点）,0.5777,"{'is_target': True, 'verdict': '参加推奨', 'max_combo_prob': 0.0685, 'est_top_odds': 19.5, 'circle_concentration': 65.9, 'eligible_count': 8, 'bet_adj': 2, 'reason': 'rel_win1=51.7%（本命度） / 最有力組み合わせ確率: 0.069（推定実オッズ?20倍） / 2着集中度: 上位2艇 65.9%（補正+0.00） / 総合判定確率: 0.069 / → ヒモ分散。1号艇1着固定で広めのヒモ流し推奨（買い目+2点）', 'tenji_trigger': '展示確認: ヒモ分散レース。1号艇伸び確認後、広めのヒモ流しを採用。穴ヒモ（5・6号艇）を積極的に含める。\n展示で1号艇スタート遅め(0.193秒)確認→ヒモが荒れやすい'}",,,32.6,逃げ狙い,14.02,30.5,3,,,,,,,,,,,
2026-04-09,丸亀,6,1,村田修次,A2,33.85,1,◎,64.142,,0,87.3,0.157,2.9366,,,0,低,93,0,逃1%,,0,100,1.4597,0.6562,,,,,0.0625,0.1107,0.2214,◎,,C,○,,,0.6435,,0.5464,A,71,0,◎-○軸 3着3〜4艇流し（10〜15点）,0.5777,"{'is_target': True, 'verdict': '参加推奨', 'max_combo_prob': 0.0602, 'est_top_odds': 22.1, 'circle_concentration': 60.2, 'eligible_count': 8, 'bet_adj': 2, 'reason': 'rel_win1=64.1%（本命度） / 最有力組み合わせ確率: 0.060（推定実オッズ?22倍） / 2着集中度: 上位2艇 60.2%（補正+0.00） / 総合判定確率: 0.060 / → ヒモ分散。1号艇1着固定で広めのヒモ流し推奨（買い目+2点）', 'tenji_trigger': '展示確認: ヒモ分散レース。1号艇伸び確認後、広めのヒモ流しを採用。穴ヒモ（5・6号艇）を積極的に含める。'}",,,27,逃げ狙い,12.9,29.6,6,,,,,0,0,0.7559,0,,逃げ軸流し,A
2026-04-09,丸亀,6,2,森林　太,B1,25.00,2,,8.4781,32.5,95,35.9,0.2031,4.5625,,,0,低,204,0,-,,0,54.4,1.3069,,,,,,0.0667,0.3556,0.1222,,,E,,,0.0869,0.555,,0.5464,A,71,0,◎-○軸 3着3〜4艇流し（10〜15点）,0.5777,"{'is_target': True, 'verdict': '参加推奨', 'max_combo_prob': 0.0602, 'est_top_odds': 22.1, 'circle_concentration': 60.2, 'eligible_count': 8, 'bet_adj': 2, 'reason': 'rel_win1=64.1%（本命度） / 最有力組み合わせ確率: 0.060（推定実オッズ?22倍） / 2着集中度: 上位2艇 60.2%（補正+0.00） / 総合判定確率: 0.060 / → ヒモ分散。1号艇1着固定で広めのヒモ流し推奨（買い目+2点）', 'tenji_trigger': '展示確認: ヒモ分散レース。1号艇伸び確認後、広めのヒモ流しを採用。穴ヒモ（5・6号艇）を積極的に含める。'}",,,27,逃げ狙い,12.9,29.6,6,,,,,,,,,,,
2026-04-09,丸亀,6,3,松下誉士,B1,26.92,3,△,8.2371,27.7,100,36.1,0.1942,4.2361,,,0,低,189,0,ま0%,,0,36.9,0.7302,0,0,0.0286,0,0,0.3405,0.169,0.2714,,,D,△,,0.1164,0.6275,,0.5464,A,71,0,◎-○軸 3着3〜4艇流し（10〜15点）,0.5777,"{'is_target': True, 'verdict': '参加推奨', 'max_combo_prob': 0.0602, 'est_top_odds': 22.1, 'circle_concentration': 60.2, 'eligible_count': 8, 'bet_adj': 2, 'reason': 'rel_win1=64.1%（本命度） / 最有力組み合わせ確率: 0.060（推定実オッズ?22倍） / 2着集中度: 上位2艇 60.2%（補正+0.00） / 総合判定確率: 0.060 / → ヒモ分散。1号艇1着固定で広めのヒモ流し推奨（買い目+2点）', 'tenji_trigger': '展示確認: ヒモ分散レース。1号艇伸び確認後、広めのヒモ流しを採用。穴ヒモ（5・6号艇）を積極的に含める。'}",,,27,逃げ狙い,12.9,29.6,6,,,,,,,,,,,
2026-04-09,丸亀,6,4,亀山雅幸,A2,38.76,4,○,7.8338,22.5,98,51.3,0.1653,3.1351,,,0,低,154,0,-,,0,19.4,0.5083,0,0,0.0625,0.0312,0,0.0944,0.1222,0.0944,,,B,△,◎,0.2782,0.6195,0.3316,0.5464,A,71,0,◎-○軸 3着3〜4艇流し（10〜15点）,0.5777,"{'is_target': True, 'verdict': '参加推奨', 'max_combo_prob': 0.0602, 'est_top_odds': 22.1, 'circle_concentration': 60.2, 'eligible_count': 8, 'bet_adj': 2, 'reason': 'rel_win1=64.1%（本命度） / 最有力組み合わせ確率: 0.060（推定実オッズ?22倍） / 2着集中度: 上位2艇 60.2%（補正+0.00） / 総合判定確率: 0.060 / → ヒモ分散。1号艇1着固定で広めのヒモ流し推奨（買い目+2点）', 'tenji_trigger': '展示確認: ヒモ分散レース。1号艇伸び確認後、広めのヒモ流しを採用。穴ヒモ（5・6号艇）を積極的に含める。'}",,,27,逃げ狙い,12.9,29.6,6,,,,,,,,,,,
2026-04-09,丸亀,6,5,深見亜由,B2,34.88,5,▲,7.4194,14.3,79,0,0.1643,3.5714,,,0,低,23,1,-,,0,25.4,0.8014,,,,,,0.36,0.64,0,,,B,,,0.3059,0.497,,0.5464,A,71,0,◎-○軸 3着3〜4艇流し（10〜15点）,0.5777,"{'is_target': True, 'verdict': '参加推奨', 'max_combo_prob': 0.0602, 'est_top_odds': 22.1, 'circle_concentration': 60.2, 'eligible_count': 8, 'bet_adj': 2, 'reason': 'rel_win1=64.1%（本命度） / 最有力組み合わせ確率: 0.060（推定実オッズ?22倍） / 2着集中度: 上位2艇 60.2%（補正+0.00） / 総合判定確率: 0.060 / → ヒモ分散。1号艇1着固定で広めのヒモ流し推奨（買い目+2点）', 'tenji_trigger': '展示確認: ヒモ分散レース。1号艇伸び確認後、広めのヒモ流しを採用。穴ヒモ（5・6号艇）を積極的に含める。'}",,,27,逃げ狙い,12.9,29.6,6,,,,,,,,,,,
2026-04-09,丸亀,6,6,徳増秀樹,A1,26.81,6,,3.8895,3,69,42.9,0.2043,3.2857,,,0,低,35,1,-,,0,74.7,1.6992,,,,,,0.0694,0.0296,0.0444,,,D,◎,,0.1761,0.67,,0.5464,A,71,0,◎-○軸 3着3〜4艇流し（10〜15点）,0.5777,"{'is_target': True, 'verdict': '参加推奨', 'max_combo_prob': 0.0602, 'est_top_odds': 22.1, 'circle_concentration': 60.2, 'eligible_count': 8, 'bet_adj': 2, 'reason': 'rel_win1=64.1%（本命度） / 最有力組み合わせ確率: 0.060（推定実オッズ?22倍） / 2着集中度: 上位2艇 60.2%（補正+0.00） / 総合判定確率: 0.060 / → ヒモ分散。1号艇1着固定で広めのヒモ流し推奨（買い目+2点）', 'tenji_trigger': '展示確認: ヒモ分散レース。1号艇伸び確認後、広めのヒモ流しを採用。穴ヒモ（5・6号艇）を積極的に含める。'}",,,27,逃げ狙い,12.9,29.6,6,,,,,,,,,,,
2026-04-09,丸亀,7,1,杉山喜一,B1,35.94,1,◎,51.5782,,0,73,0.1589,2.473,,,0,低,91,0,逃0%,,0,71.8,0.9528,0.3529,,,,,0.0471,0.6382,0,○,,B,△,,,0.625,,0.41,B,55,0,◎○△フォーメーション（15〜20点）,0.5777,"{'is_target': True, 'verdict': '参加推奨', 'max_combo_prob': 0.0639, 'est_top_odds': 20.9, 'circle_concentration': 70.2, 'eligible_count': 9, 'bet_adj': 2, 'reason': 'rel_win1=51.6%（本命度） / 最有力組み合わせ確率: 0.064（推定実オッズ?21倍） / 2着集中度: 上位2艇 70.2%（補正+0.04） / 総合判定確率: 0.104 / → ヒモ分散。1号艇1着固定で広めのヒモ流し推奨（買い目+2点）', 'tenji_trigger': '展示確認: ヒモ分散レース。1号艇伸び確認後、広めのヒモ流しを採用。穴ヒモ（5・6号艇）を積極的に含める。'}",,,31.2,両建て推奨,16.76,38.3,2,,,,,0,0,0.6155,0,,主役軸流し,B
2026-04-09,丸亀,7,2,入澤友治,A2,25.40,2,△,15.9969,38.9,100,69.7,0.1467,3.0833,,,0,低,126,0,差0% 抜0%,,0,62,1.1553,0,0.1034,0,0,0.0345,0.0943,0.0943,0.2486,,○,E,,,0.4522,0.595,,0.41,B,55,0,◎○△フォーメーション（15〜20点）,0.5777,"{'is_target': True, 'verdict': '参加推奨', 'max_combo_prob': 0.0639, 'est_top_odds': 20.9, 'circle_concentration': 70.2, 'eligible_count': 9, 'bet_adj': 2, 'reason': 'rel_win1=51.6%（本命度） / 最有力組み合わせ確率: 0.064（推定実オッズ?21倍） / 2着集中度: 上位2艇 70.2%（補正+0.04） / 総合判定確率: 0.104 / → ヒモ分散。1号艇1着固定で広めのヒモ流し推奨（買い目+2点）', 'tenji_trigger': '展示確認: ヒモ分散レース。1号艇伸び確認後、広めのヒモ流しを採用。穴ヒモ（5・6号艇）を積極的に含める。'}",,,31.2,両建て推奨,16.76,38.3,2,,,,,,,,,,,
2026-04-09,丸亀,7,3,榮田将彦,B1,33.85,3,○,13.2983,31.4,58,61.4,0.113,1.9545,,,0,低,41,0,ま0% 差ま0% 抜0%,,0,57.4,1.1956,0,0,0.0952,0.0952,0.0476,0.28,0.0533,0.0267,,◎,C,○,,0.5403,0.6605,,0.41,B,55,0,◎○△フォーメーション（15〜20点）,0.5777,"{'is_target': True, 'verdict': '参加推奨', 'max_combo_prob': 0.0639, 'est_top_odds': 20.9, 'circle_concentration': 70.2, 'eligible_count': 9, 'bet_adj': 2, 'reason': 'rel_win1=51.6%（本命度） / 最有力組み合わせ確率: 0.064（推定実オッズ?21倍） / 2着集中度: 上位2艇 70.2%（補正+0.04） / 総合判定確率: 0.104 / → ヒモ分散。1号艇1着固定で広めのヒモ流し推奨（買い目+2点）', 'tenji_trigger': '展示確認: ヒモ分散レース。1号艇伸び確認後、広めのヒモ流しを採用。穴ヒモ（5・6号艇）を積極的に含める。'}",,,31.2,両建て推奨,16.76,38.3,2,,,,,,,,,,,
2026-04-09,丸亀,7,4,深川真二,A1,37.31,4,▲,11.1696,15.7,71,,,,,,0,低,21,1,-,,0,,,,,,,,,,,,△,B,△,◎,0.4064,0.6545,0.15,0.41,B,55,0,◎○△フォーメーション（15〜20点）,0.5777,"{'is_target': True, 'verdict': '参加推奨', 'max_combo_prob': 0.0639, 'est_top_odds': 20.9, 'circle_concentration': 70.2, 'eligible_count': 9, 'bet_adj': 2, 'reason': 'rel_win1=51.6%（本命度） / 最有力組み合わせ確率: 0.064（推定実オッズ?21倍） / 2着集中度: 上位2艇 70.2%（補正+0.04） / 総合判定確率: 0.104 / → ヒモ分散。1号艇1着固定で広めのヒモ流し推奨（買い目+2点）', 'tenji_trigger': '展示確認: ヒモ分散レース。1号艇伸び確認後、広めのヒモ流しを採用。穴ヒモ（5・6号艇）を積極的に含める。'}",,,31.2,両建て推奨,16.76,38.3,2,,,,,,,,,,,
2026-04-09,丸亀,7,5,須藤隆雄,B1,26.98,5,,3.6203,10.7,57,20.4,0.1696,3.3265,,,0,低,110,0,差ま0%,,0,23.5,0.6255,0,0,0,0.04,0,0.1364,0.0909,0.6455,,,D,,,0.3417,0.585,,0.41,B,55,0,◎○△フォーメーション（15〜20点）,0.5777,"{'is_target': True, 'verdict': '参加推奨', 'max_combo_prob': 0.0639, 'est_top_odds': 20.9, 'circle_concentration': 70.2, 'eligible_count': 9, 'bet_adj': 2, 'reason': 'rel_win1=51.6%（本命度） / 最有力組み合わせ確率: 0.064（推定実オッズ?21倍） / 2着集中度: 上位2艇 70.2%（補正+0.04） / 総合判定確率: 0.104 / → ヒモ分散。1号艇1着固定で広めのヒモ流し推奨（買い目+2点）', 'tenji_trigger': '展示確認: ヒモ分散レース。1号艇伸び確認後、広めのヒモ流しを採用。穴ヒモ（5・6号艇）を積極的に含める。'}",,,31.2,両建て推奨,16.76,38.3,2,,,,,,,,,,,
2026-04-09,丸亀,7,6,坪口竜也,A2,28.15,6,,4.3368,3.4,87,36.2,0.163,4.2979,,,0,低,84,0,-,,0,84.5,1.5161,0,0,0,0,0.0556,0,0.0667,0.0333,,,D,◎,,0.3964,0.6815,,0.41,B,55,0,◎○△フォーメーション（15〜20点）,0.5777,"{'is_target': True, 'verdict': '参加推奨', 'max_combo_prob': 0.0639, 'est_top_odds': 20.9, 'circle_concentration': 70.2, 'eligible_count': 9, 'bet_adj': 2, 'reason': 'rel_win1=51.6%（本命度） / 最有力組み合わせ確率: 0.064（推定実オッズ?21倍） / 2着集中度: 上位2艇 70.2%（補正+0.04） / 総合判定確率: 0.104 / → ヒモ分散。1号艇1着固定で広めのヒモ流し推奨（買い目+2点）', 'tenji_trigger': '展示確認: ヒモ分散レース。1号艇伸び確認後、広めのヒモ流しを採用。穴ヒモ（5・6号艇）を積極的に含める。'}",,,31.2,両建て推奨,16.76,38.3,2,,,,,,,,,,,
2026-04-09,丸亀,8,1,岩永雅人,A2,27.07,1,◎,59.54,,0,84.3,0.1839,3.9775,,,0,低,153,0,逃1%,,0,85.4,1.1184,0.55,,,,,0.01,0.155,0.07,△,,D,△,,,0.61,,0.2704,S,80,0,◎1着固定 2-3着流し（5〜8点）,0.5777,"{'is_target': True, 'verdict': '点数絞り', 'max_combo_prob': 0.0902, 'est_top_odds': 14.8, 'circle_concentration': 82.0, 'eligible_count': 6, 'bet_adj': 0, 'reason': 'rel_win1=59.5%（本命度） / 最有力組み合わせ確率: 0.090（推定実オッズ?15倍） / 2着集中度: 上位2艇 82.0%（補正+0.04） / 総合判定確率: 0.130 / → ヒモはやや固め。上位2艇以外を切ること', 'tenji_trigger': '展示確認: 1号艇伸び良→そのまま採用。悪→飛び組に差し替え。circle_pct上位2艇に絞り込むこと。\n展示で1号艇スタート遅め(0.184秒)確認→ヒモが荒れやすい'}",,,32.9,逃げ狙い,16.51,29.1,2,2-1-3|1-2-4|1-2-3|1-3-4|1-3-2|2-1-4,6-1-3|6-1-4|6-4-1|4-5-1|6-3-1|2-1-3|4-1-5|1-2-4|1-2-3|1-3-4|1-3-2|2-1-4,2-1-3:2.13%|1-2-4:8.74%|1-2-3:7.35%|1-3-4:7.04%|1-3-2:6.79%|2-1-4:3.73%,2-1-3:B_main|1-2-4:A|1-2-3:A|1-3-4:A|1-3-2:A|2-1-4:B_sc,6,12,0.4535,1,[!]見送り推奨（主役決まり手「差し」― 逃げ劣勢レースで的中実績なし）,荒れ広め,D
2026-04-09,丸亀,8,2,北山康介,A1,32.81,2,○,18.2607,44.7,91,74.3,0.1571,3.5286,,,0,低,69,0,-,,0,51,0.7334,0,0.1667,0,0,0,0.0694,0.1138,0,,◎,C,◎,,0.5903,0.663,,0.2704,S,80,0,◎1着固定 2-3着流し（5〜8点）,0.5777,"{'is_target': True, 'verdict': '点数絞り', 'max_combo_prob': 0.0902, 'est_top_odds': 14.8, 'circle_concentration': 82.0, 'eligible_count': 6, 'bet_adj': 0, 'reason': 'rel_win1=59.5%（本命度） / 最有力組み合わせ確率: 0.090（推定実オッズ?15倍） / 2着集中度: 上位2艇 82.0%（補正+0.04） / 総合判定確率: 0.130 / → ヒモはやや固め。上位2艇以外を切ること', 'tenji_trigger': '展示確認: 1号艇伸び良→そのまま採用。悪→飛び組に差し替え。circle_pct上位2艇に絞り込むこと。\n展示で1号艇スタート遅め(0.184秒)確認→ヒモが荒れやすい'}",,,32.9,逃げ狙い,16.51,29.1,2,,,,,,,,,,,
2026-04-09,丸亀,8,3,小野寺智,B1,27.69,3,△,7.7096,37.3,100,75,0.1383,2.5865,,,0,低,79,0,ま0%,,0,29.3,0.7977,0,0,0.0455,0.0455,0,0.1217,0.0174,0.3096,,○,D,○,,0.4741,0.6185,,0.2704,S,80,0,◎1着固定 2-3着流し（5〜8点）,0.5777,"{'is_target': True, 'verdict': '点数絞り', 'max_combo_prob': 0.0902, 'est_top_odds': 14.8, 'circle_concentration': 82.0, 'eligible_count': 6, 'bet_adj': 0, 'reason': 'rel_win1=59.5%（本命度） / 最有力組み合わせ確率: 0.090（推定実オッズ?15倍） / 2着集中度: 上位2艇 82.0%（補正+0.04） / 総合判定確率: 0.130 / → ヒモはやや固め。上位2艇以外を切ること', 'tenji_trigger': '展示確認: 1号艇伸び良→そのまま採用。悪→飛び組に差し替え。circle_pct上位2艇に絞り込むこと。\n展示で1号艇スタート遅め(0.184秒)確認→ヒモが荒れやすい'}",,,32.9,逃げ狙い,16.51,29.1,2,,,,,,,,,,,
2026-04-09,丸亀,8,4,古賀智之,A2,39.69,4,▲,9.3539,7.3,98,53.8,0.159,3.4808,,,0,低,119,0,ま0% 抜0%,,0,61.9,1.1366,0,0,0.0385,0,0.0385,0.05,0.4,0.125,,△,B,,◎,0.4054,0.5905,0.2704,0.2704,S,80,0,◎1着固定 2-3着流し（5〜8点）,0.5777,"{'is_target': True, 'verdict': '点数絞り', 'max_combo_prob': 0.0902, 'est_top_odds': 14.8, 'circle_concentration': 82.0, 'eligible_count': 6, 'bet_adj': 0, 'reason': 'rel_win1=59.5%（本命度） / 最有力組み合わせ確率: 0.090（推定実オッズ?15倍） / 2着集中度: 上位2艇 82.0%（補正+0.04） / 総合判定確率: 0.130 / → ヒモはやや固め。上位2艇以外を切ること', 'tenji_trigger': '展示確認: 1号艇伸び良→そのまま採用。悪→飛び組に差し替え。circle_pct上位2艇に絞り込むこと。\n展示で1号艇スタート遅め(0.184秒)確認→ヒモが荒れやすい'}",,,32.9,逃げ狙い,16.51,29.1,2,,,,,,,,,,,
2026-04-09,丸亀,8,5,松山裕基,B1,22.90,5,,3.9231,9.6,73,34.4,0.16,3.3852,,,0,低,100,0,差0% 差ま0%,,0,28.1,0.9724,0,0.0286,0,0.0571,0,0.0696,0.2417,0.3096,,,E,△,,0.3857,0.6065,,0.2704,S,80,0,◎1着固定 2-3着流し（5〜8点）,0.5777,"{'is_target': True, 'verdict': '点数絞り', 'max_combo_prob': 0.0902, 'est_top_odds': 14.8, 'circle_concentration': 82.0, 'eligible_count': 6, 'bet_adj': 0, 'reason': 'rel_win1=59.5%（本命度） / 最有力組み合わせ確率: 0.090（推定実オッズ?15倍） / 2着集中度: 上位2艇 82.0%（補正+0.04） / 総合判定確率: 0.130 / → ヒモはやや固め。上位2艇以外を切ること', 'tenji_trigger': '展示確認: 1号艇伸び良→そのまま採用。悪→飛び組に差し替え。circle_pct上位2艇に絞り込むこと。\n展示で1号艇スタート遅め(0.184秒)確認→ヒモが荒れやすい'}",,,32.9,逃げ狙い,16.51,29.1,2,,,,,,,,,,,
2026-04-09,丸亀,8,6,谷口　丞,B1,45.24,6,,1.2127,1.1,24,4.2,0.1656,3.6625,,,0,低,67,0,-,,0,23.2,0.6128,,,,,,0,0.3333,0.3333,,,A,,,0.3949,0.536,,0.2704,S,80,0,◎1着固定 2-3着流し（5〜8点）,0.5777,"{'is_target': True, 'verdict': '点数絞り', 'max_combo_prob': 0.0902, 'est_top_odds': 14.8, 'circle_concentration': 82.0, 'eligible_count': 6, 'bet_adj': 0, 'reason': 'rel_win1=59.5%（本命度） / 最有力組み合わせ確率: 0.090（推定実オッズ?15倍） / 2着集中度: 上位2艇 82.0%（補正+0.04） / 総合判定確率: 0.130 / → ヒモはやや固め。上位2艇以外を切ること', 'tenji_trigger': '展示確認: 1号艇伸び良→そのまま採用。悪→飛び組に差し替え。circle_pct上位2艇に絞り込むこと。\n展示で1号艇スタート遅め(0.184秒)確認→ヒモが荒れやすい'}",,,32.9,逃げ狙い,16.51,29.1,2,,,,,,,,,,,
2026-04-09,丸亀,9,1,今井裕梨,A2,32.03,1,◎,64.062,,0,85.2,0.1593,2.7778,,,0,低,38,0,逃0%,,0,87.2,1.1271,0.4545,,,,,0.1818,0.0909,0.1818,◎,,D,◎,,,0.6515,,0.5915,S,81,0,◎1着固定 2-3着流し（5〜8点）,0.5777,"{'is_target': True, 'verdict': '点数絞り', 'max_combo_prob': 0.158, 'est_top_odds': 8.4, 'circle_concentration': 79.9, 'eligible_count': 6, 'bet_adj': 0, 'reason': 'rel_win1=64.1%（本命度） / 最有力組み合わせ確率: 0.158（推定実オッズ?8倍） / 2着集中度: 上位2艇 79.9%（補正+0.04） / 総合判定確率: 0.198 / → ヒモはやや固め。上位2艇以外を切ること', 'tenji_trigger': '展示確認: 1号艇伸び良→そのまま採用。悪→飛び組に差し替え。circle_pct上位2艇に絞り込むこと。'}",,,27.9,逃げ狙い,13.37,31.8,4,,,,,0,0,0.7559,0,,逃げ軸流し,A
2026-04-09,丸亀,9,2,川井　萌,B2,27.69,2,,9.2603,59,55,50,0.1678,4.1667,,,0,低,50,0,差0% ま0%,,0,32.6,0.8302,0,0.2,0.2,0,0,0,0.5,0,,,E,○,,0.265,0.6045,,0.5915,S,81,0,◎1着固定 2-3着流し（5〜8点）,0.5777,"{'is_target': True, 'verdict': '点数絞り', 'max_combo_prob': 0.158, 'est_top_odds': 8.4, 'circle_concentration': 79.9, 'eligible_count': 6, 'bet_adj': 0, 'reason': 'rel_win1=64.1%（本命度） / 最有力組み合わせ確率: 0.158（推定実オッズ?8倍） / 2着集中度: 上位2艇 79.9%（補正+0.04） / 総合判定確率: 0.198 / → ヒモはやや固め。上位2艇以外を切ること', 'tenji_trigger': '展示確認: 1号艇伸び良→そのまま採用。悪→飛び組に差し替え。circle_pct上位2艇に絞り込むこと。'}",,,27.9,逃げ狙い,13.37,31.8,4,,,,,,,,,,,
2026-04-09,丸亀,9,3,間庭菜摘,B1,29.46,3,△,10.2122,10.9,100,40.9,0.1814,3.5909,,,0,低,76,0,ま0%,,0,28,0.8608,0,0,0.1538,0,0,0,0.4,0.04,,,D,△,,0.1973,0.5795,,0.5915,S,81,0,◎1着固定 2-3着流し（5〜8点）,0.5777,"{'is_target': True, 'verdict': '点数絞り', 'max_combo_prob': 0.158, 'est_top_odds': 8.4, 'circle_concentration': 79.9, 'eligible_count': 6, 'bet_adj': 0, 'reason': 'rel_win1=64.1%（本命度） / 最有力組み合わせ確率: 0.158（推定実オッズ?8倍） / 2着集中度: 上位2艇 79.9%（補正+0.04） / 総合判定確率: 0.198 / → ヒモはやや固め。上位2艇以外を切ること', 'tenji_trigger': '展示確認: 1号艇伸び良→そのまま採用。悪→飛び組に差し替え。circle_pct上位2艇に絞り込むこと。'}",,,27.9,逃げ狙い,13.37,31.8,4,,,,,,,,,,,
2026-04-09,丸亀,9,4,中澤宏奈,B2,39.39,4,○,12.7947,21,48,46.4,0.1625,3.1786,,,0,低,56,0,ま0%,,0,63,1.177,0,0,0.125,0,0,0.05,0,0.4,,,B,△,◎,0.2974,0.5985,0.3474,0.5915,S,81,0,◎1着固定 2-3着流し（5〜8点）,0.5777,"{'is_target': True, 'verdict': '点数絞り', 'max_combo_prob': 0.158, 'est_top_odds': 8.4, 'circle_concentration': 79.9, 'eligible_count': 6, 'bet_adj': 0, 'reason': 'rel_win1=64.1%（本命度） / 最有力組み合わせ確率: 0.158（推定実オッズ?8倍） / 2着集中度: 上位2艇 79.9%（補正+0.04） / 総合判定確率: 0.198 / → ヒモはやや固め。上位2艇以外を切ること', 'tenji_trigger': '展示確認: 1号艇伸び良→そのまま採用。悪→飛び組に差し替え。circle_pct上位2艇に絞り込むこと。'}",,,27.9,逃げ狙い,13.37,31.8,4,,,,,,,,,,,
2026-04-09,丸亀,9,5,奥村明日,B1,50.00,5,▲,2.4956,6.9,74,32.3,0.1929,3.6774,,,0,低,83,0,-,,0,37.6,0.864,,,,,,0.6,0.1,0,,,A,,,0.2031,0.5175,,0.5915,S,81,0,◎1着固定 2-3着流し（5〜8点）,0.5777,"{'is_target': True, 'verdict': '点数絞り', 'max_combo_prob': 0.158, 'est_top_odds': 8.4, 'circle_concentration': 79.9, 'eligible_count': 6, 'bet_adj': 0, 'reason': 'rel_win1=64.1%（本命度） / 最有力組み合わせ確率: 0.158（推定実オッズ?8倍） / 2着集中度: 上位2艇 79.9%（補正+0.04） / 総合判定確率: 0.198 / → ヒモはやや固め。上位2艇以外を切ること', 'tenji_trigger': '展示確認: 1号艇伸び良→そのまま採用。悪→飛び組に差し替え。circle_pct上位2艇に絞り込むこと。'}",,,27.9,逃げ狙い,13.37,31.8,4,,,,,,,,,,,
2026-04-09,丸亀,9,6,樋江井舞,B1,38.28,6,,1.1752,2.3,17,4.3,0.1948,4.0924,,,0,低,76,0,-,,0,22.6,0.615,,,,,,,,,,,C,,,0.1971,0.539,,0.5915,S,81,0,◎1着固定 2-3着流し（5〜8点）,0.5777,"{'is_target': True, 'verdict': '点数絞り', 'max_combo_prob': 0.158, 'est_top_odds': 8.4, 'circle_concentration': 79.9, 'eligible_count': 6, 'bet_adj': 0, 'reason': 'rel_win1=64.1%（本命度） / 最有力組み合わせ確率: 0.158（推定実オッズ?8倍） / 2着集中度: 上位2艇 79.9%（補正+0.04） / 総合判定確率: 0.198 / → ヒモはやや固め。上位2艇以外を切ること', 'tenji_trigger': '展示確認: 1号艇伸び良→そのまま採用。悪→飛び組に差し替え。circle_pct上位2艇に絞り込むこと。'}",,,27.9,逃げ狙い,13.37,31.8,4,,,,,,,,,,,
2026-04-09,丸亀,10,1,大須賀友,A2,28.89,1,◎,57.699,,0,93.9,0.1391,2.9329,,,0,低,116,0,逃1%,,0,89.2,1.1781,0.7419,,,,,0.0516,0.1258,0.0129,◎,,C,,,,0.599,,0.5645,S,83,0,◎1着固定 2-3着流し（5〜8点）,0.5777,"{'is_target': True, 'verdict': '参加推奨', 'max_combo_prob': 0.091, 'est_top_odds': 14.7, 'circle_concentration': 63.7, 'eligible_count': 6, 'bet_adj': 2, 'reason': 'rel_win1=57.7%（本命度） / 最有力組み合わせ確率: 0.091（推定実オッズ?15倍） / 2着集中度: 上位2艇 63.7%（補正+0.00） / 総合判定確率: 0.091 / → ヒモ分散。1号艇1着固定で広めのヒモ流し推奨（買い目+2点）', 'tenji_trigger': '展示確認: ヒモ分散レース。1号艇伸び確認後、広めのヒモ流しを採用。穴ヒモ（5・6号艇）を積極的に含める。\n展示で1号艇スタート超安定(0.139秒)→ヒモ固まり方向に注意'}",,,29,逃げ狙い,22.82,26.7,3,,,,,0,0,0.7559,0,,逃げ軸流し,A
2026-04-09,丸亀,10,2,亀山雅幸,A2,38.76,2,▲,10.2329,38.8,88,74.7,0.1379,2.7467,,,0,低,154,0,-,,0,37.5,0.8066,0,0.0345,0,0,0,0.0944,0.1222,0.0944,,,B,△,,0.318,0.6195,,0.5645,S,83,0,◎1着固定 2-3着流し（5〜8点）,0.5777,"{'is_target': True, 'verdict': '参加推奨', 'max_combo_prob': 0.091, 'est_top_odds': 14.7, 'circle_concentration': 63.7, 'eligible_count': 6, 'bet_adj': 2, 'reason': 'rel_win1=57.7%（本命度） / 最有力組み合わせ確率: 0.091（推定実オッズ?15倍） / 2着集中度: 上位2艇 63.7%（補正+0.00） / 総合判定確率: 0.091 / → ヒモ分散。1号艇1着固定で広めのヒモ流し推奨（買い目+2点）', 'tenji_trigger': '展示確認: ヒモ分散レース。1号艇伸び確認後、広めのヒモ流しを採用。穴ヒモ（5・6号艇）を積極的に含める。\n展示で1号艇スタート超安定(0.139秒)→ヒモ固まり方向に注意'}",,,29,逃げ狙い,22.82,26.7,3,,,,,,,,,,,
2026-04-09,丸亀,10,3,加藤政彦,A1,40.63,3,○,18.1947,24.9,100,75.4,0.133,2.4825,,,0,低,105,0,差0% ま0% 差ま0% 抜0%,,0,75.6,1.5481,0,0.0526,0.0526,0.1579,0.0526,0.35,0.0667,0.1833,,,A,△,,0.3472,0.5995,,0.5645,S,83,0,◎1着固定 2-3着流し（5〜8点）,0.5777,"{'is_target': True, 'verdict': '参加推奨', 'max_combo_prob': 0.091, 'est_top_odds': 14.7, 'circle_concentration': 63.7, 'eligible_count': 6, 'bet_adj': 2, 'reason': 'rel_win1=57.7%（本命度） / 最有力組み合わせ確率: 0.091（推定実オッズ?15倍） / 2着集中度: 上位2艇 63.7%（補正+0.00） / 総合判定確率: 0.091 / → ヒモ分散。1号艇1着固定で広めのヒモ流し推奨（買い目+2点）', 'tenji_trigger': '展示確認: ヒモ分散レース。1号艇伸び確認後、広めのヒモ流しを採用。穴ヒモ（5・6号艇）を積極的に含める。\n展示で1号艇スタート超安定(0.139秒)→ヒモ固まり方向に注意'}",,,29,逃げ狙い,22.82,26.7,3,,,,,,,,,,,
2026-04-09,丸亀,10,4,渡部　悟,A2,18.25,4,△,4.3645,21.7,63,43.6,0.132,2.8273,,,0,低,79,0,-,,0,22.3,0.6109,,,,,,0.1639,0.1194,0.0296,,,E,◎,,0.3372,0.66,,0.5645,S,83,0,◎1着固定 2-3着流し（5〜8点）,0.5777,"{'is_target': True, 'verdict': '参加推奨', 'max_combo_prob': 0.091, 'est_top_odds': 14.7, 'circle_concentration': 63.7, 'eligible_count': 6, 'bet_adj': 2, 'reason': 'rel_win1=57.7%（本命度） / 最有力組み合わせ確率: 0.091（推定実オッズ?15倍） / 2着集中度: 上位2艇 63.7%（補正+0.00） / 総合判定確率: 0.091 / → ヒモ分散。1号艇1着固定で広めのヒモ流し推奨（買い目+2点）', 'tenji_trigger': '展示確認: ヒモ分散レース。1号艇伸び確認後、広めのヒモ流しを採用。穴ヒモ（5・6号艇）を積極的に含める。\n展示で1号艇スタート超安定(0.139秒)→ヒモ固まり方向に注意'}",,,29,逃げ狙い,22.82,26.7,3,,,,,,,,,,,
2026-04-09,丸亀,10,5,立間充宏,B1,24.81,5,,8.5973,11.2,59,47.7,0.1573,3.3068,,,0,低,88,0,-,,0,90.4,1.6231,0,0,0.0476,0.0476,0,0.2727,0.1182,0.0727,,,D,,◎,0.2302,0.5755,0.2816,0.5645,S,83,0,◎1着固定 2-3着流し（5〜8点）,0.5777,"{'is_target': True, 'verdict': '参加推奨', 'max_combo_prob': 0.091, 'est_top_odds': 14.7, 'circle_concentration': 63.7, 'eligible_count': 6, 'bet_adj': 2, 'reason': 'rel_win1=57.7%（本命度） / 最有力組み合わせ確率: 0.091（推定実オッズ?15倍） / 2着集中度: 上位2艇 63.7%（補正+0.00） / 総合判定確率: 0.091 / → ヒモ分散。1号艇1着固定で広めのヒモ流し推奨（買い目+2点）', 'tenji_trigger': '展示確認: ヒモ分散レース。1号艇伸び確認後、広めのヒモ流しを採用。穴ヒモ（5・6号艇）を積極的に含める。\n展示で1号艇スタート超安定(0.139秒)→ヒモ固まり方向に注意'}",,,29,逃げ狙い,22.82,26.7,3,,,,,,,,,,,
2026-04-09,丸亀,10,6,武重雄介,A2,30.53,6,,0.9116,3.4,24,18.2,0.19,4.7545,,,0,低,119,0,-,,0,32.7,0.8667,,,,,,0.1657,0,0.0343,,,C,○,,0.1508,0.6375,,0.5645,S,83,0,◎1着固定 2-3着流し（5〜8点）,0.5777,"{'is_target': True, 'verdict': '参加推奨', 'max_combo_prob': 0.091, 'est_top_odds': 14.7, 'circle_concentration': 63.7, 'eligible_count': 6, 'bet_adj': 2, 'reason': 'rel_win1=57.7%（本命度） / 最有力組み合わせ確率: 0.091（推定実オッズ?15倍） / 2着集中度: 上位2艇 63.7%（補正+0.00） / 総合判定確率: 0.091 / → ヒモ分散。1号艇1着固定で広めのヒモ流し推奨（買い目+2点）', 'tenji_trigger': '展示確認: ヒモ分散レース。1号艇伸び確認後、広めのヒモ流しを採用。穴ヒモ（5・6号艇）を積極的に含める。\n展示で1号艇スタート超安定(0.139秒)→ヒモ固まり方向に注意'}",,,29,逃げ狙い,22.82,26.7,3,,,,,,,,,,,
2026-04-09,丸亀,11,1,堀本和也,A1,28.70,1,◎,62.1022,,0,91.1,0.1162,1.8482,,,0,低,22,0,逃0%,,0,68.9,0.9997,0.8,,,,,0.04,0.04,0.12,◎,,D,◎,,,0.769,,0.8041,S,99,0,◎1着固定 2-3着流し（5〜8点）,0.5777,"{'is_target': True, 'verdict': '参加推奨', 'max_combo_prob': 0.0614, 'est_top_odds': 21.7, 'circle_concentration': 66.0, 'eligible_count': 6, 'bet_adj': 2, 'reason': 'rel_win1=62.1%（本命度） / 最有力組み合わせ確率: 0.061（推定実オッズ?22倍） / 2着集中度: 上位2艇 66.0%（補正+0.00） / 総合判定確率: 0.061 / → ヒモ分散。1号艇1着固定で広めのヒモ流し推奨（買い目+2点）', 'tenji_trigger': '展示確認: ヒモ分散レース。1号艇伸び確認後、広めのヒモ流しを採用。穴ヒモ（5・6号艇）を積極的に含める。\n展示で1号艇スタート超安定(0.116秒)→ヒモ固まり方向に注意'}",,,25,逃げ狙い,13.97,23.1,2,,,,,0,0,0.7559,0,,逃げ軸流し,A
2026-04-09,丸亀,11,2,是澤孝宏,A2,35.66,2,▲,17.0393,38.1,63,61.4,0.1657,3.4143,,,0,低,125,0,差0%,,0,58.3,0.6195,0,0.1389,0,0,0,0.1625,0.0125,0.0375,,,B,,,0.0819,0.6235,,0.8041,S,99,0,◎1着固定 2-3着流し（5〜8点）,0.5777,"{'is_target': True, 'verdict': '参加推奨', 'max_combo_prob': 0.0614, 'est_top_odds': 21.7, 'circle_concentration': 66.0, 'eligible_count': 6, 'bet_adj': 2, 'reason': 'rel_win1=62.1%（本命度） / 最有力組み合わせ確率: 0.061（推定実オッズ?22倍） / 2着集中度: 上位2艇 66.0%（補正+0.00） / 総合判定確率: 0.061 / → ヒモ分散。1号艇1着固定で広めのヒモ流し推奨（買い目+2点）', 'tenji_trigger': '展示確認: ヒモ分散レース。1号艇伸び確認後、広めのヒモ流しを採用。穴ヒモ（5・6号艇）を積極的に含める。\n展示で1号艇スタート超安定(0.116秒)→ヒモ固まり方向に注意'}",,,25,逃げ狙い,13.97,23.1,2,,,,,,,,,,,
2026-04-09,丸亀,11,3,村田修次,A2,33.85,3,△,8.5891,28,93,69.4,0.1441,2.9592,,,0,低,93,0,ま0% 差ま0%,,0,52,1.1802,0,0,0.1,0.05,0,0.0625,0.1107,0.2214,,,C,△,,0.1579,0.6435,,0.8041,S,99,0,◎1着固定 2-3着流し（5〜8点）,0.5777,"{'is_target': True, 'verdict': '参加推奨', 'max_combo_prob': 0.0614, 'est_top_odds': 21.7, 'circle_concentration': 66.0, 'eligible_count': 6, 'bet_adj': 2, 'reason': 'rel_win1=62.1%（本命度） / 最有力組み合わせ確率: 0.061（推定実オッズ?22倍） / 2着集中度: 上位2艇 66.0%（補正+0.00） / 総合判定確率: 0.061 / → ヒモ分散。1号艇1着固定で広めのヒモ流し推奨（買い目+2点）', 'tenji_trigger': '展示確認: ヒモ分散レース。1号艇伸び確認後、広めのヒモ流しを採用。穴ヒモ（5・6号艇）を積極的に含める。\n展示で1号艇スタート超安定(0.116秒)→ヒモ固まり方向に注意'}",,,25,逃げ狙い,13.97,23.1,2,,,,,,,,,,,
2026-04-09,丸亀,11,4,三好勇人,A2,37.80,4,○,7.3251,16.4,93,50,0.1578,3.2963,,,0,低,88,0,-,,0,94.4,1.7717,0,0.0385,0.0385,0,0,0.0133,0.16,0.0533,,,B,,◎,0.1228,0.6185,0.3746,0.8041,S,99,0,◎1着固定 2-3着流し（5〜8点）,0.5777,"{'is_target': True, 'verdict': '参加推奨', 'max_combo_prob': 0.0614, 'est_top_odds': 21.7, 'circle_concentration': 66.0, 'eligible_count': 6, 'bet_adj': 2, 'reason': 'rel_win1=62.1%（本命度） / 最有力組み合わせ確率: 0.061（推定実オッズ?22倍） / 2着集中度: 上位2艇 66.0%（補正+0.00） / 総合判定確率: 0.061 / → ヒモ分散。1号艇1着固定で広めのヒモ流し推奨（買い目+2点）', 'tenji_trigger': '展示確認: ヒモ分散レース。1号艇伸び確認後、広めのヒモ流しを採用。穴ヒモ（5・6号艇）を積極的に含める。\n展示で1号艇スタート超安定(0.116秒)→ヒモ固まり方向に注意'}",,,25,逃げ狙い,13.97,23.1,2,,,,,,,,,,,
2026-04-09,丸亀,11,5,野末智一,A2,34.92,5,,2.7748,15.7,99,44.2,0.1935,4.6753,,,0,低,227,0,差ま0%,,0,26.2,1.2198,0,0,0,0.0303,0,0.1722,0.1512,0.0737,,,C,○,,0.1059,0.6595,,0.8041,S,99,0,◎1着固定 2-3着流し（5〜8点）,0.5777,"{'is_target': True, 'verdict': '参加推奨', 'max_combo_prob': 0.0614, 'est_top_odds': 21.7, 'circle_concentration': 66.0, 'eligible_count': 6, 'bet_adj': 2, 'reason': 'rel_win1=62.1%（本命度） / 最有力組み合わせ確率: 0.061（推定実オッズ?22倍） / 2着集中度: 上位2艇 66.0%（補正+0.00） / 総合判定確率: 0.061 / → ヒモ分散。1号艇1着固定で広めのヒモ流し推奨（買い目+2点）', 'tenji_trigger': '展示確認: ヒモ分散レース。1号艇伸び確認後、広めのヒモ流しを採用。穴ヒモ（5・6号艇）を積極的に含める。\n展示で1号艇スタート超安定(0.116秒)→ヒモ固まり方向に注意'}",,,25,逃げ狙い,13.97,23.1,2,,,,,,,,,,,
2026-04-09,丸亀,11,6,河野真也,A2,21.54,6,,2.1696,1.9,100,30.9,0.1853,4.2636,,,0,低,156,0,-,,0,26.2,0.5178,0,0,0,0.0417,0,0.0645,0.0258,0.1774,,,E,△,,0.1099,0.6315,,0.8041,S,99,0,◎1着固定 2-3着流し（5〜8点）,0.5777,"{'is_target': True, 'verdict': '参加推奨', 'max_combo_prob': 0.0614, 'est_top_odds': 21.7, 'circle_concentration': 66.0, 'eligible_count': 6, 'bet_adj': 2, 'reason': 'rel_win1=62.1%（本命度） / 最有力組み合わせ確率: 0.061（推定実オッズ?22倍） / 2着集中度: 上位2艇 66.0%（補正+0.00） / 総合判定確率: 0.061 / → ヒモ分散。1号艇1着固定で広めのヒモ流し推奨（買い目+2点）', 'tenji_trigger': '展示確認: ヒモ分散レース。1号艇伸び確認後、広めのヒモ流しを採用。穴ヒモ（5・6号艇）を積極的に含める。\n展示で1号艇スタート超安定(0.116秒)→ヒモ固まり方向に注意'}",,,25,逃げ狙い,13.97,23.1,2,,,,,,,,,,,
2026-04-09,丸亀,12,1,深川真二,A1,37.31,1,◎,59.937,,0,94.5,0.1223,2.6301,,,0,低,21,0,逃1%,,0,93.9,1.2779,0.7632,,,,,0.0105,0.1173,0.0211,◎,,B,,,,0.6545,,0.6579,S,100,0,◎1着固定 2-3着流し（5〜8点）,0.5777,"{'is_target': True, 'verdict': '参加推奨', 'max_combo_prob': 0.0686, 'est_top_odds': 19.4, 'circle_concentration': 66.4, 'eligible_count': 6, 'bet_adj': 2, 'reason': 'rel_win1=59.9%（本命度） / 最有力組み合わせ確率: 0.069（推定実オッズ?19倍） / 2着集中度: 上位2艇 66.4%（補正+0.00） / 総合判定確率: 0.069 / → ヒモ分散。1号艇1着固定で広めのヒモ流し推奨（買い目+2点）', 'tenji_trigger': '展示確認: ヒモ分散レース。1号艇伸び確認後、広めのヒモ流しを採用。穴ヒモ（5・6号艇）を積極的に含める。\n展示で1号艇スタート超安定(0.122秒)→ヒモ固まり方向に注意'}",,,28.2,逃げ狙い,24.3,23.4,2,,,,,0,0,0.7559,0,,逃げ軸流し,A
2026-04-09,丸亀,12,2,徳増秀樹,A1,26.81,2,▲,10.9439,38.9,78,78.6,0.135,2.875,,,0,低,35,0,差0%,,0,38.9,1.2281,0,0.3077,0,0,0,0.0694,0.0296,0.0444,,,D,○,,0.2467,0.67,,0.6579,S,100,0,◎1着固定 2-3着流し（5〜8点）,0.5777,"{'is_target': True, 'verdict': '参加推奨', 'max_combo_prob': 0.0686, 'est_top_odds': 19.4, 'circle_concentration': 66.4, 'eligible_count': 6, 'bet_adj': 2, 'reason': 'rel_win1=59.9%（本命度） / 最有力組み合わせ確率: 0.069（推定実オッズ?19倍） / 2着集中度: 上位2艇 66.4%（補正+0.00） / 総合判定確率: 0.069 / → ヒモ分散。1号艇1着固定で広めのヒモ流し推奨（買い目+2点）', 'tenji_trigger': '展示確認: ヒモ分散レース。1号艇伸び確認後、広めのヒモ流しを採用。穴ヒモ（5・6号艇）を積極的に含める。\n展示で1号艇スタート超安定(0.122秒)→ヒモ固まり方向に注意'}",,,28.2,逃げ狙い,24.3,23.4,2,,,,,,,,,,,
2026-04-09,丸亀,12,3,北山康介,A1,32.81,3,△,10.827,27.4,88,82.2,0.146,2.8222,,,0,低,69,0,ま0% 差ま0%,,0,53.4,1.4125,0,0,0.2273,0.0455,0,0.0694,0.1138,0,,,C,△,,0.2032,0.663,,0.6579,S,100,0,◎1着固定 2-3着流し（5〜8点）,0.5777,"{'is_target': True, 'verdict': '参加推奨', 'max_combo_prob': 0.0686, 'est_top_odds': 19.4, 'circle_concentration': 66.4, 'eligible_count': 6, 'bet_adj': 2, 'reason': 'rel_win1=59.9%（本命度） / 最有力組み合わせ確率: 0.069（推定実オッズ?19倍） / 2着集中度: 上位2艇 66.4%（補正+0.00） / 総合判定確率: 0.069 / → ヒモ分散。1号艇1着固定で広めのヒモ流し推奨（買い目+2点）', 'tenji_trigger': '展示確認: ヒモ分散レース。1号艇伸び確認後、広めのヒモ流しを採用。穴ヒモ（5・6号艇）を積極的に含める。\n展示で1号艇スタート超安定(0.122秒)→ヒモ固まり方向に注意'}",,,28.2,逃げ狙い,24.3,23.4,2,,,,,,,,,,,
2026-04-09,丸亀,12,4,長野壮志,A1,39.10,4,○,9.2084,17.7,100,69,0.1443,3.069,,,0,低,99,0,ま0%,,0,53.2,1.3538,0,0,0.0909,0,0,0.0296,0.1343,0.1491,,,B,△,◎,0.2111,0.6685,0.2899,0.6579,S,100,0,◎1着固定 2-3着流し（5〜8点）,0.5777,"{'is_target': True, 'verdict': '参加推奨', 'max_combo_prob': 0.0686, 'est_top_odds': 19.4, 'circle_concentration': 66.4, 'eligible_count': 6, 'bet_adj': 2, 'reason': 'rel_win1=59.9%（本命度） / 最有力組み合わせ確率: 0.069（推定実オッズ?19倍） / 2着集中度: 上位2艇 66.4%（補正+0.00） / 総合判定確率: 0.069 / → ヒモ分散。1号艇1着固定で広めのヒモ流し推奨（買い目+2点）', 'tenji_trigger': '展示確認: ヒモ分散レース。1号艇伸び確認後、広めのヒモ流しを採用。穴ヒモ（5・6号艇）を積極的に含める。\n展示で1号艇スタート超安定(0.122秒)→ヒモ固まり方向に注意'}",,,28.2,逃げ狙い,24.3,23.4,2,,,,,,,,,,,
2026-04-09,丸亀,12,5,森永　淳,A1,23.85,5,,5.6484,12.1,68,53.7,0.1428,2.8889,,,0,低,52,0,-,,0,45.8,1.345,0,0,0,0,0.0345,0,0.1351,0.0811,,,E,◎,○,0.2461,0.702,0.2669,0.6579,S,100,0,◎1着固定 2-3着流し（5〜8点）,0.5777,"{'is_target': True, 'verdict': '参加推奨', 'max_combo_prob': 0.0686, 'est_top_odds': 19.4, 'circle_concentration': 66.4, 'eligible_count': 6, 'bet_adj': 2, 'reason': 'rel_win1=59.9%（本命度） / 最有力組み合わせ確率: 0.069（推定実オッズ?19倍） / 2着集中度: 上位2艇 66.4%（補正+0.00） / 総合判定確率: 0.069 / → ヒモ分散。1号艇1着固定で広めのヒモ流し推奨（買い目+2点）', 'tenji_trigger': '展示確認: ヒモ分散レース。1号艇伸び確認後、広めのヒモ流しを採用。穴ヒモ（5・6号艇）を積極的に含める。\n展示で1号艇スタート超安定(0.122秒)→ヒモ固まり方向に注意'}",,,28.2,逃げ狙い,24.3,23.4,2,,,,,,,,,,,
2026-04-09,丸亀,12,6,市橋卓士,A1,25.19,6,,3.4353,3.8,84,39.6,0.147,3.3585,,,0,低,93,0,差ま0%,,0,69.5,1.6269,0,0,0,0.0385,0,0.1045,0.0879,0.0795,,,D,,,0.2014,0.6155,,0.6579,S,100,0,◎1着固定 2-3着流し（5〜8点）,0.5777,"{'is_target': True, 'verdict': '参加推奨', 'max_combo_prob': 0.0686, 'est_top_odds': 19.4, 'circle_concentration': 66.4, 'eligible_count': 6, 'bet_adj': 2, 'reason': 'rel_win1=59.9%（本命度） / 最有力組み合わせ確率: 0.069（推定実オッズ?19倍） / 2着集中度: 上位2艇 66.4%（補正+0.00） / 総合判定確率: 0.069 / → ヒモ分散。1号艇1着固定で広めのヒモ流し推奨（買い目+2点）', 'tenji_trigger': '展示確認: ヒモ分散レース。1号艇伸び確認後、広めのヒモ流しを採用。穴ヒモ（5・6号艇）を積極的に含める。\n展示で1号艇スタート超安定(0.122秒)→ヒモ固まり方向に注意'}",,,28.2,逃げ狙い,24.3,23.4,2,,,,,,,,,,,
2026-04-10,丸亀,1,1,吉永泰弘,B1,56.69,1,◎,56.4499,,0,80.5,0.141,2.9512,,,0,低,137,0,逃0%,5,0,70.4,0.8885,0.3529,,,,,0.2376,0.4541,0.0235,◎,,A,◎,,,0.6525,,0.4673,A,71,0,◎-○軸 3着3〜4艇流し（10〜15点）,0.5777,"{'is_target': True, 'verdict': '点数絞り', 'max_combo_prob': 0.0854, 'est_top_odds': 15.6, 'circle_concentration': 76.6, 'eligible_count': 8, 'bet_adj': 0, 'reason': 'rel_win1=56.4%（本命度） / 最有力組み合わせ確率: 0.085（推定実オッズ?16倍） / 2着集中度: 上位2艇 76.6%（補正+0.04） / 総合判定確率: 0.125 / → ヒモはやや固め。上位2艇以外を切ること', 'tenji_trigger': '展示確認: 1号艇伸び良→そのまま採用。悪→飛び組に差し替え。circle_pct上位2艇に絞り込むこと。'}",,,29.9,逃げ狙い,11.49,39,4,,,,,0,0,0.7559,0,,逃げ軸流し,A
2026-04-10,丸亀,1,2,成貞琳平,B1,23.08,2,,9.518,51.1,76,43.6,0.1685,3.7051,,,0,低,120,0,差0%,3,0,42.9,0.7412,0,0.1,0,0,0,0.075,0.375,0.25,,,D,,,0.1079,0.5785,,0.4673,A,71,0,◎-○軸 3着3〜4艇流し（10〜15点）,0.5777,"{'is_target': True, 'verdict': '点数絞り', 'max_combo_prob': 0.0854, 'est_top_odds': 15.6, 'circle_concentration': 76.6, 'eligible_count': 8, 'bet_adj': 0, 'reason': 'rel_win1=56.4%（本命度） / 最有力組み合わせ確率: 0.085（推定実オッズ?16倍） / 2着集中度: 上位2艇 76.6%（補正+0.04） / 総合判定確率: 0.125 / → ヒモはやや固め。上位2艇以外を切ること', 'tenji_trigger': '展示確認: 1号艇伸び良→そのまま採用。悪→飛び組に差し替え。circle_pct上位2艇に絞り込むこと。'}",,,29.9,逃げ狙い,11.49,39,4,,,,,,,,,,,
2026-04-10,丸亀,1,3,本吉正樹,B1,25.76,3,△,8.8243,25.4,76,34.5,0.1795,3.3879,,,0,低,152,0,-,2,0,81.5,1.5069,0,0.0333,0,0.0667,0,0.175,0.2643,0.0143,,,D,△,,0.1694,0.585,,0.4673,A,71,0,◎-○軸 3着3〜4艇流し（10〜15点）,0.5777,"{'is_target': True, 'verdict': '点数絞り', 'max_combo_prob': 0.0854, 'est_top_odds': 15.6, 'circle_concentration': 76.6, 'eligible_count': 8, 'bet_adj': 0, 'reason': 'rel_win1=56.4%（本命度） / 最有力組み合わせ確率: 0.085（推定実オッズ?16倍） / 2着集中度: 上位2艇 76.6%（補正+0.04） / 総合判定確率: 0.125 / → ヒモはやや固め。上位2艇以外を切ること', 'tenji_trigger': '展示確認: 1号艇伸び良→そのまま採用。悪→飛び組に差し替え。circle_pct上位2艇に絞り込むこと。'}",,,29.9,逃げ狙い,11.49,39,4,,,,,,,,,,,
2026-04-10,丸亀,1,4,坂口貴彦,B1,22.73,4,▲,17.3823,14.1,100,52.6,0.1682,3.6316,,,0,低,134,0,ま0%,1,0,48.2,0.9334,0,0,0.12,0.08,0,0.0471,0.1235,0.1471,,,E,△,◎,0.275,0.591,0.3614,0.4673,A,71,0,◎-○軸 3着3〜4艇流し（10〜15点）,0.5777,"{'is_target': True, 'verdict': '点数絞り', 'max_combo_prob': 0.0854, 'est_top_odds': 15.6, 'circle_concentration': 76.6, 'eligible_count': 8, 'bet_adj': 0, 'reason': 'rel_win1=56.4%（本命度） / 最有力組み合わせ確率: 0.085（推定実オッズ?16倍） / 2着集中度: 上位2艇 76.6%（補正+0.04） / 総合判定確率: 0.125 / → ヒモはやや固め。上位2艇以外を切ること', 'tenji_trigger': '展示確認: 1号艇伸び良→そのまま採用。悪→飛び組に差し替え。circle_pct上位2艇に絞り込むこと。'}",,,29.9,逃げ狙い,11.49,39,4,,,,,,,,,,,
2026-04-10,丸亀,1,5,樋江井舞,B1,38.28,5,○,5.3202,8.7,93,23.3,0.1835,4.0349,,,0,低,76,0,-,36,0,25.3,0.8526,,,,,,,,,,,B,,,0.2429,0.539,,0.4673,A,71,0,◎-○軸 3着3〜4艇流し（10〜15点）,0.5777,"{'is_target': True, 'verdict': '点数絞り', 'max_combo_prob': 0.0854, 'est_top_odds': 15.6, 'circle_concentration': 76.6, 'eligible_count': 8, 'bet_adj': 0, 'reason': 'rel_win1=56.4%（本命度） / 最有力組み合わせ確率: 0.085（推定実オッズ?16倍） / 2着集中度: 上位2艇 76.6%（補正+0.04） / 総合判定確率: 0.125 / → ヒモはやや固め。上位2艇以外を切ること', 'tenji_trigger': '展示確認: 1号艇伸び良→そのまま採用。悪→飛び組に差し替え。circle_pct上位2艇に絞り込むこと。'}",,,29.9,逃げ狙い,11.49,39,4,,,,,,,,,,,
2026-04-10,丸亀,1,6,松下誉士,B1,26.92,6,,2.5052,0.6,69,18.9,0.1926,4.2358,,,0,低,189,0,-,6,0,37.4,0.8386,,,,,,0.3405,0.169,0.2714,,,C,○,,0.2139,0.6275,,0.4673,A,71,0,◎-○軸 3着3〜4艇流し（10〜15点）,0.5777,"{'is_target': True, 'verdict': '点数絞り', 'max_combo_prob': 0.0854, 'est_top_odds': 15.6, 'circle_concentration': 76.6, 'eligible_count': 8, 'bet_adj': 0, 'reason': 'rel_win1=56.4%（本命度） / 最有力組み合わせ確率: 0.085（推定実オッズ?16倍） / 2着集中度: 上位2艇 76.6%（補正+0.04） / 総合判定確率: 0.125 / → ヒモはやや固め。上位2艇以外を切ること', 'tenji_trigger': '展示確認: 1号艇伸び良→そのまま採用。悪→飛び組に差し替え。circle_pct上位2艇に絞り込むこと。'}",,,29.9,逃げ狙い,11.49,39,4,,,,,,,,,,,
2026-04-10,丸亀,2,1,須藤隆雄,B1,26.98,1,◎,51.0205,,0,67.5,0.1535,2.6375,,,0,低,110,0,逃0%,65,0,72.3,0.894,0.2727,,,,,0.1364,0.0909,0.6455,◎,,E,,,,0.585,,0.485,B,53,0,◎○△フォーメーション（15〜20点）,0.5777,"{'is_target': True, 'verdict': '点数絞り', 'max_combo_prob': 0.0802, 'est_top_odds': 16.6, 'circle_concentration': 70.9, 'eligible_count': 9, 'bet_adj': 0, 'reason': 'rel_win1=51.0%（本命度） / 最有力組み合わせ確率: 0.080（推定実オッズ?17倍） / 2着集中度: 上位2艇 70.9%（補正+0.04） / 総合判定確率: 0.120 / → ヒモはやや固め。上位2艇以外を切ること', 'tenji_trigger': '展示確認: 1号艇伸び良→そのまま採用。悪→飛び組に差し替え。circle_pct上位2艇に絞り込むこと。'}",,,29.4,両建て推奨,11.63,37.5,3,,,,,0,0,0.7559,0,,逃げ軸流し,A
2026-04-10,丸亀,2,2,乙津康志,B1,27.56,2,,6.5679,39.9,76,49.1,0.186,4.3364,,,0,低,167,0,-,1,0,72.6,0.6421,,,,,,0.1,0.18,0.42,,,D,△,,0.098,0.596,,0.485,B,53,0,◎○△フォーメーション（15〜20点）,0.5777,"{'is_target': True, 'verdict': '点数絞り', 'max_combo_prob': 0.0802, 'est_top_odds': 16.6, 'circle_concentration': 70.9, 'eligible_count': 9, 'bet_adj': 0, 'reason': 'rel_win1=51.0%（本命度） / 最有力組み合わせ確率: 0.080（推定実オッズ?17倍） / 2着集中度: 上位2艇 70.9%（補正+0.04） / 総合判定確率: 0.120 / → ヒモはやや固め。上位2艇以外を切ること', 'tenji_trigger': '展示確認: 1号艇伸び良→そのまま採用。悪→飛び組に差し替え。circle_pct上位2艇に絞り込むこと。'}",,,29.4,両建て推奨,11.63,37.5,3,,,,,,,,,,,
2026-04-10,丸亀,2,3,岡崎凪汰,B1,40.63,3,○,18.476,30.9,71,40,0.182,3.5,,,0,低,54,1,-,6,0,50.7,1.0902,,,,,,0.25,0.25,0.25,,,A,,,0.1839,0.498,,0.485,B,53,0,◎○△フォーメーション（15〜20点）,0.5777,"{'is_target': True, 'verdict': '点数絞り', 'max_combo_prob': 0.0802, 'est_top_odds': 16.6, 'circle_concentration': 70.9, 'eligible_count': 9, 'bet_adj': 0, 'reason': 'rel_win1=51.0%（本命度） / 最有力組み合わせ確率: 0.080（推定実オッズ?17倍） / 2着集中度: 上位2艇 70.9%（補正+0.04） / 総合判定確率: 0.120 / → ヒモはやや固め。上位2艇以外を切ること', 'tenji_trigger': '展示確認: 1号艇伸び良→そのまま採用。悪→飛び組に差し替え。circle_pct上位2艇に絞り込むこと。'}",,,29.4,両建て推奨,11.63,37.5,3,,,,,,,,,,,
2026-04-10,丸亀,2,4,杉山喜一,B1,35.94,4,△,16.1136,11.5,100,47.1,0.1737,3.7843,,,0,低,91,0,差ま0%,2,0,81.3,1.2979,0,0,0,0.1,0,0.0471,0.6382,0,,,C,◎,◎,0.2311,0.625,0.2601,0.485,B,53,0,◎○△フォーメーション（15〜20点）,0.5777,"{'is_target': True, 'verdict': '点数絞り', 'max_combo_prob': 0.0802, 'est_top_odds': 16.6, 'circle_concentration': 70.9, 'eligible_count': 9, 'bet_adj': 0, 'reason': 'rel_win1=51.0%（本命度） / 最有力組み合わせ確率: 0.080（推定実オッズ?17倍） / 2着集中度: 上位2艇 70.9%（補正+0.04） / 総合判定確率: 0.120 / → ヒモはやや固め。上位2艇以外を切ること', 'tenji_trigger': '展示確認: 1号艇伸び良→そのまま採用。悪→飛び組に差し替え。circle_pct上位2艇に絞り込むこと。'}",,,29.4,両建て推奨,11.63,37.5,3,,,,,,,,,,,
2026-04-10,丸亀,2,5,古賀智之,A2,39.69,5,▲,6.4929,13.2,58,35.5,0.1558,3.4839,,,0,低,119,0,差ま0%,6,0,28.8,1.1712,0,0,0,0.0833,0,0.05,0.4,0.125,,,B,△,,0.2989,0.5905,,0.485,B,53,0,◎○△フォーメーション（15〜20点）,0.5777,"{'is_target': True, 'verdict': '点数絞り', 'max_combo_prob': 0.0802, 'est_top_odds': 16.6, 'circle_concentration': 70.9, 'eligible_count': 9, 'bet_adj': 0, 'reason': 'rel_win1=51.0%（本命度） / 最有力組み合わせ確率: 0.080（推定実オッズ?17倍） / 2着集中度: 上位2艇 70.9%（補正+0.04） / 総合判定確率: 0.120 / → ヒモはやや固め。上位2艇以外を切ること', 'tenji_trigger': '展示確認: 1号艇伸び良→そのまま採用。悪→飛び組に差し替え。circle_pct上位2艇に絞り込むこと。'}",,,29.4,両建て推奨,11.63,37.5,3,,,,,,,,,,,
2026-04-10,丸亀,2,6,小野寺智,B1,27.69,6,,1.3291,4.4,25,27.6,0.1712,3.75,,,0,低,79,0,-,12,0,50.2,0.9347,,,,,,0.1217,0.0174,0.3096,,,D,○,,0.2697,0.6185,,0.485,B,53,0,◎○△フォーメーション（15〜20点）,0.5777,"{'is_target': True, 'verdict': '点数絞り', 'max_combo_prob': 0.0802, 'est_top_odds': 16.6, 'circle_concentration': 70.9, 'eligible_count': 9, 'bet_adj': 0, 'reason': 'rel_win1=51.0%（本命度） / 最有力組み合わせ確率: 0.080（推定実オッズ?17倍） / 2着集中度: 上位2艇 70.9%（補正+0.04） / 総合判定確率: 0.120 / → ヒモはやや固め。上位2艇以外を切ること', 'tenji_trigger': '展示確認: 1号艇伸び良→そのまま採用。悪→飛び組に差し替え。circle_pct上位2艇に絞り込むこと。'}",,,29.4,両建て推奨,11.63,37.5,3,,,,,,,,,,,
2026-04-10,丸亀,3,1,榮田将彦,B1,33.85,1,◎,49.1242,,0,77.1,0.1554,3.3714,,,0,低,41,0,逃0%,64,0,76.6,0.9857,0.3333,,,,,0.28,0.0533,0.0267,○,,C,○,,,0.6605,,0.3386,A,66,0,◎-○軸 3着3〜4艇流し（10〜15点）,0.5777,"{'is_target': True, 'verdict': '点数絞り', 'max_combo_prob': 0.0954, 'est_top_odds': 14.0, 'circle_concentration': 77.9, 'eligible_count': 8, 'bet_adj': 0, 'reason': 'rel_win1=49.1%（本命度） / 最有力組み合わせ確率: 0.095（推定実オッズ?14倍） / 2着集中度: 上位2艇 77.9%（補正+0.04） / 総合判定確率: 0.135 / → ヒモはやや固め。上位2艇以外を切ること', 'tenji_trigger': '展示確認: 1号艇伸び良→そのまま採用。悪→飛び組に差し替え。circle_pct上位2艇に絞り込むこと。'}",,,29.1,逃げ狙い,16.28,32.7,2,,,,,0,0,0.6155,0,,主役軸流し,B
2026-04-10,丸亀,3,2,坪口竜也,A2,28.15,2,▲,21.3116,64.7,39,68.4,0.1456,3.4123,,,0,低,84,0,差0%,3,0,84.3,1.4119,0,0.2,0.04,0,0,0,0.0667,0.0333,,◎,D,◎,,0.4836,0.6815,,0.3386,A,66,0,◎-○軸 3着3〜4艇流し（10〜15点）,0.5777,"{'is_target': True, 'verdict': '点数絞り', 'max_combo_prob': 0.0954, 'est_top_odds': 14.0, 'circle_concentration': 77.9, 'eligible_count': 8, 'bet_adj': 0, 'reason': 'rel_win1=49.1%（本命度） / 最有力組み合わせ確率: 0.095（推定実オッズ?14倍） / 2着集中度: 上位2艇 77.9%（補正+0.04） / 総合判定確率: 0.135 / → ヒモはやや固め。上位2艇以外を切ること', 'tenji_trigger': '展示確認: 1号艇伸び良→そのまま採用。悪→飛び組に差し替え。circle_pct上位2艇に絞り込むこと。'}",,,29.1,逃げ狙い,16.28,32.7,2,,,,,,,,,,,
2026-04-10,丸亀,3,3,上瀧絢也,B2,38.81,3,○,10.8862,13.2,95,33.3,0.151,3.4359,,,0,低,78,0,差ま0%,1,0,47.2,0.7754,0,0,0,0.0667,0,0.0923,0.2423,0,,,B,,,0.3303,0.595,,0.3386,A,66,0,◎-○軸 3着3〜4艇流し（10〜15点）,0.5777,"{'is_target': True, 'verdict': '点数絞り', 'max_combo_prob': 0.0954, 'est_top_odds': 14.0, 'circle_concentration': 77.9, 'eligible_count': 8, 'bet_adj': 0, 'reason': 'rel_win1=49.1%（本命度） / 最有力組み合わせ確率: 0.095（推定実オッズ?14倍） / 2着集中度: 上位2艇 77.9%（補正+0.04） / 総合判定確率: 0.135 / → ヒモはやや固め。上位2艇以外を切ること', 'tenji_trigger': '展示確認: 1号艇伸び良→そのまま採用。悪→飛び組に差し替え。circle_pct上位2艇に絞り込むこと。'}",,,29.1,逃げ狙い,16.28,32.7,2,,,,,,,,,,,
2026-04-10,丸亀,3,4,間庭菜摘,B1,29.46,4,,7.3069,11.4,100,33.3,0.191,3.5667,,,0,低,76,0,-,2,0,23.9,0.763,,,,,,0,0.4,0.04,,,D,,,0.1821,0.5795,,0.3386,A,66,0,◎-○軸 3着3〜4艇流し（10〜15点）,0.5777,"{'is_target': True, 'verdict': '点数絞り', 'max_combo_prob': 0.0954, 'est_top_odds': 14.0, 'circle_concentration': 77.9, 'eligible_count': 8, 'bet_adj': 0, 'reason': 'rel_win1=49.1%（本命度） / 最有力組み合わせ確率: 0.095（推定実オッズ?14倍） / 2着集中度: 上位2艇 77.9%（補正+0.04） / 総合判定確率: 0.135 / → ヒモはやや固め。上位2艇以外を切ること', 'tenji_trigger': '展示確認: 1号艇伸び良→そのまま採用。悪→飛び組に差し替え。circle_pct上位2艇に絞り込むこと。'}",,,29.1,逃げ狙い,16.28,32.7,2,,,,,,,,,,,
2026-04-10,丸亀,3,5,小野　桜,B1,24.03,5,,6.7955,9.3,71,28.6,0.1786,2.8036,,,0,低,90,0,-,2,0,27.4,0.9338,,,,,,0,0.0941,0.3176,,,E,△,,0.2442,0.611,,0.3386,A,66,0,◎-○軸 3着3〜4艇流し（10〜15点）,0.5777,"{'is_target': True, 'verdict': '点数絞り', 'max_combo_prob': 0.0954, 'est_top_odds': 14.0, 'circle_concentration': 77.9, 'eligible_count': 8, 'bet_adj': 0, 'reason': 'rel_win1=49.1%（本命度） / 最有力組み合わせ確率: 0.095（推定実オッズ?14倍） / 2着集中度: 上位2艇 77.9%（補正+0.04） / 総合判定確率: 0.135 / → ヒモはやや固め。上位2艇以外を切ること', 'tenji_trigger': '展示確認: 1号艇伸び良→そのまま採用。悪→飛び組に差し替え。circle_pct上位2艇に絞り込むこと。'}",,,29.1,逃げ狙い,16.28,32.7,2,,,,,,,,,,,
2026-04-10,丸亀,3,6,加藤政彦,A1,40.63,6,△,4.5757,1.4,67,30.8,0.1891,4.7692,,,0,低,105,0,抜0%,1,0,71.4,1.33,0,0,0,0,0.037,0.35,0.0667,0.1833,,,B,△,,0.2108,0.5995,,0.3386,A,66,0,◎-○軸 3着3〜4艇流し（10〜15点）,0.5777,"{'is_target': True, 'verdict': '点数絞り', 'max_combo_prob': 0.0954, 'est_top_odds': 14.0, 'circle_concentration': 77.9, 'eligible_count': 8, 'bet_adj': 0, 'reason': 'rel_win1=49.1%（本命度） / 最有力組み合わせ確率: 0.095（推定実オッズ?14倍） / 2着集中度: 上位2艇 77.9%（補正+0.04） / 総合判定確率: 0.135 / → ヒモはやや固め。上位2艇以外を切ること', 'tenji_trigger': '展示確認: 1号艇伸び良→そのまま採用。悪→飛び組に差し替え。circle_pct上位2艇に絞り込むこと。'}",,,29.1,逃げ狙い,16.28,32.7,2,,,,,,,,,,,
2026-04-10,丸亀,4,1,奥村明日,B1,50.00,1,◎,46.3867,,0,53.3,0.162,3.3,,,0,低,83,0,逃0%,33,0,48.7,0.7296,0.25,,,,,0.6,0.1,0,△⚠️,,A,,,,0.5175,,0.268,C,43,0,荒れ傾向。高配当狙いか見送り,0.5777,"{'is_target': True, 'verdict': '参加推奨', 'max_combo_prob': 0.0636, 'est_top_odds': 21.0, 'circle_concentration': 73.4, 'eligible_count': 6, 'bet_adj': 2, 'reason': 'rel_win1=46.4%（本命度） / 最有力組み合わせ確率: 0.064（推定実オッズ?21倍） / 2着集中度: 上位2艇 73.4%（補正+0.04） / 総合判定確率: 0.104 / → ヒモ分散。1号艇1着固定で広めのヒモ流し推奨（買い目+2点）', 'tenji_trigger': '展示確認: ヒモ分散レース。1号艇伸び確認後、広めのヒモ流しを採用。穴ヒモ（5・6号艇）を積極的に含める。'}",,,33.7,両建て推奨,18.69,43.9,3,3-5-6|3-4-5|3-5-4|3-5-2|3-6-5|3-4-6|3-4-2|1-3-5|1-2-5|1-2-3|1-3-2|1-5-3,3-5-6|3-4-5|3-5-4|3-5-2|3-6-5|3-4-6|3-4-2|1-3-5|1-2-5|1-2-3|1-3-2|1-5-3,3-5-6:2.14%|3-4-5:1.33%|3-5-4:1.03%|3-5-2:0.95%|3-6-5:0.78%|3-4-6:0.71%|3-4-2:0.32%|1-3-5:7.57%|1-2-5:6.83%|1-2-3:6.46%|1-3-2:6.02%|1-5-3:3.29%,3-5-6:B_main|3-4-5:B_main|3-5-4:B_main|3-5-2:B_main|3-6-5:B_main|3-4-6:B_main|3-4-2:B_main|1-3-5:A|1-2-5:A|1-2-3:A|1-3-2:A|1-5-3:A,12,12,0.4535,1,[!]見送り推奨（主役決まり手「まくり」― 逃げ劣勢レースで的中実績なし）,主役軸流し,B
2026-04-10,丸亀,4,2,田添康介,B1,48.84,2,○,10.8425,32.8,79,35.7,0.1517,3.6905,,,0,低,78,0,-,5,0,61,1.1153,0,0.05,0.05,0,0,0.375,0.375,0,,○,A,△,,0.4136,0.5535,,0.268,C,43,0,荒れ傾向。高配当狙いか見送り,0.5777,"{'is_target': True, 'verdict': '参加推奨', 'max_combo_prob': 0.0636, 'est_top_odds': 21.0, 'circle_concentration': 73.4, 'eligible_count': 6, 'bet_adj': 2, 'reason': 'rel_win1=46.4%（本命度） / 最有力組み合わせ確率: 0.064（推定実オッズ?21倍） / 2着集中度: 上位2艇 73.4%（補正+0.04） / 総合判定確率: 0.104 / → ヒモ分散。1号艇1着固定で広めのヒモ流し推奨（買い目+2点）', 'tenji_trigger': '展示確認: ヒモ分散レース。1号艇伸び確認後、広めのヒモ流しを採用。穴ヒモ（5・6号艇）を積極的に含める。'}",,,33.7,両建て推奨,18.69,43.9,3,,,,,,,,,,,
2026-04-10,丸亀,4,3,森永　淳,A1,23.85,3,▲,21.2243,40.6,93,75.6,0.1353,2.7,,,0,低,52,0,差0%,35,0,65,1.2719,0,0.1176,0.2941,0,0,0,0.1351,0.0811,,◎,D,◎,,0.4803,0.702,,0.268,C,43,0,荒れ傾向。高配当狙いか見送り,0.5777,"{'is_target': True, 'verdict': '参加推奨', 'max_combo_prob': 0.0636, 'est_top_odds': 21.0, 'circle_concentration': 73.4, 'eligible_count': 6, 'bet_adj': 2, 'reason': 'rel_win1=46.4%（本命度） / 最有力組み合わせ確率: 0.064（推定実オッズ?21倍） / 2着集中度: 上位2艇 73.4%（補正+0.04） / 総合判定確率: 0.104 / → ヒモ分散。1号艇1着固定で広めのヒモ流し推奨（買い目+2点）', 'tenji_trigger': '展示確認: ヒモ分散レース。1号艇伸び確認後、広めのヒモ流しを採用。穴ヒモ（5・6号艇）を積極的に含める。'}",,,33.7,両建て推奨,18.69,43.9,3,,,,,,,,,,,
2026-04-10,丸亀,4,4,深見亜由,B2,34.88,4,,8.3239,9.5,100,10,0.201,4,,,0,低,23,1,-,5,0,19.5,0.6579,,,,,,0.36,0.64,0,,,C,,,0.1541,0.497,,0.268,C,43,0,荒れ傾向。高配当狙いか見送り,0.5777,"{'is_target': True, 'verdict': '参加推奨', 'max_combo_prob': 0.0636, 'est_top_odds': 21.0, 'circle_concentration': 73.4, 'eligible_count': 6, 'bet_adj': 2, 'reason': 'rel_win1=46.4%（本命度） / 最有力組み合わせ確率: 0.064（推定実オッズ?21倍） / 2着集中度: 上位2艇 73.4%（補正+0.04） / 総合判定確率: 0.104 / → ヒモ分散。1号艇1着固定で広めのヒモ流し推奨（買い目+2点）', 'tenji_trigger': '展示確認: ヒモ分散レース。1号艇伸び確認後、広めのヒモ流しを採用。穴ヒモ（5・6号艇）を積極的に含める。'}",,,33.7,両建て推奨,18.69,43.9,3,,,,,,,,,,,
2026-04-10,丸亀,4,5,入澤友治,A2,25.40,5,△,12.2074,12.7,69,42.1,0.1518,3.0987,,,0,低,126,0,差0% ま0% 差ま0%,6,0,84.9,1.4188,0,0.0294,0.0588,0.0588,0,0.0943,0.0943,0.2486,,,D,△,◎,0.3242,0.595,0.3795,0.268,C,43,0,荒れ傾向。高配当狙いか見送り,0.5777,"{'is_target': True, 'verdict': '参加推奨', 'max_combo_prob': 0.0636, 'est_top_odds': 21.0, 'circle_concentration': 73.4, 'eligible_count': 6, 'bet_adj': 2, 'reason': 'rel_win1=46.4%（本命度） / 最有力組み合わせ確率: 0.064（推定実オッズ?21倍） / 2着集中度: 上位2艇 73.4%（補正+0.04） / 総合判定確率: 0.104 / → ヒモ分散。1号艇1着固定で広めのヒモ流し推奨（買い目+2点）', 'tenji_trigger': '展示確認: ヒモ分散レース。1号艇伸び確認後、広めのヒモ流しを採用。穴ヒモ（5・6号艇）を積極的に含める。'}",,,33.7,両建て推奨,18.69,43.9,3,,,,,,,,,,,
2026-04-10,丸亀,4,6,松山裕基,B1,22.90,6,,1.0152,4.4,48,20.9,0.1633,3.8488,,,0,低,100,0,-,14,0,42.2,0.8581,,,,,,0.0696,0.2417,0.3096,,,E,○,,0.3081,0.6065,,0.268,C,43,0,荒れ傾向。高配当狙いか見送り,0.5777,"{'is_target': True, 'verdict': '参加推奨', 'max_combo_prob': 0.0636, 'est_top_odds': 21.0, 'circle_concentration': 73.4, 'eligible_count': 6, 'bet_adj': 2, 'reason': 'rel_win1=46.4%（本命度） / 最有力組み合わせ確率: 0.064（推定実オッズ?21倍） / 2着集中度: 上位2艇 73.4%（補正+0.04） / 総合判定確率: 0.104 / → ヒモ分散。1号艇1着固定で広めのヒモ流し推奨（買い目+2点）', 'tenji_trigger': '展示確認: ヒモ分散レース。1号艇伸び確認後、広めのヒモ流しを採用。穴ヒモ（5・6号艇）を積極的に含める。'}",,,33.7,両建て推奨,18.69,43.9,3,,,,,,,,,,,
2026-04-10,丸亀,5,1,立間充宏,B1,24.81,1,◎,49.4684,,0,87.3,0.1429,2.8273,,,0,低,88,0,逃1%,64,0,81.3,1.0922,0.5455,,,,,0.2727,0.1182,0.0727,◎,,D,,,,0.5755,,0.5333,A,72,0,◎-○軸 3着3〜4艇流し（10〜15点）,0.5777,"{'is_target': True, 'verdict': '参加推奨', 'max_combo_prob': 0.0644, 'est_top_odds': 20.7, 'circle_concentration': 67.6, 'eligible_count': 8, 'bet_adj': 2, 'reason': 'rel_win1=49.5%（本命度） / 最有力組み合わせ確率: 0.064（推定実オッズ?21倍） / 2着集中度: 上位2艇 67.6%（補正+0.00） / 総合判定確率: 0.064 / → ヒモ分散。1号艇1着固定で広めのヒモ流し推奨（買い目+2点）', 'tenji_trigger': '展示確認: ヒモ分散レース。1号艇伸び確認後、広めのヒモ流しを採用。穴ヒモ（5・6号艇）を積極的に含める。'}",,,31,逃げ狙い,20.98,34,2,,,,,0,0,0.7559,0,,逃げ軸流し,A
2026-04-10,丸亀,5,2,岩永雅人,A2,27.07,2,△,15.3304,27.5,100,62.9,0.1705,3.5565,,,0,低,153,0,差1%,1,0,24.4,0.775,0,0.2,0,0,0,0.01,0.155,0.07,,,C,△,,0.1379,0.61,,0.5333,A,72,0,◎-○軸 3着3〜4艇流し（10〜15点）,0.5777,"{'is_target': True, 'verdict': '参加推奨', 'max_combo_prob': 0.0644, 'est_top_odds': 20.7, 'circle_concentration': 67.6, 'eligible_count': 8, 'bet_adj': 2, 'reason': 'rel_win1=49.5%（本命度） / 最有力組み合わせ確率: 0.064（推定実オッズ?21倍） / 2着集中度: 上位2艇 67.6%（補正+0.00） / 総合判定確率: 0.064 / → ヒモ分散。1号艇1着固定で広めのヒモ流し推奨（買い目+2点）', 'tenji_trigger': '展示確認: ヒモ分散レース。1号艇伸び確認後、広めのヒモ流しを採用。穴ヒモ（5・6号艇）を積極的に含める。'}",,,31,逃げ狙い,20.98,34,2,,,,,,,,,,,
2026-04-10,丸亀,5,3,渡部　悟,A2,18.25,3,,13.3929,40.1,72,66.7,0.1368,2.5333,,,0,低,79,0,-,43,0,39.6,1.0063,0,0.0476,0.0952,0,0.0476,0.1639,0.1194,0.0296,,,E,○,,0.3487,0.66,,0.5333,A,72,0,◎-○軸 3着3〜4艇流し（10〜15点）,0.5777,"{'is_target': True, 'verdict': '参加推奨', 'max_combo_prob': 0.0644, 'est_top_odds': 20.7, 'circle_concentration': 67.6, 'eligible_count': 8, 'bet_adj': 2, 'reason': 'rel_win1=49.5%（本命度） / 最有力組み合わせ確率: 0.064（推定実オッズ?21倍） / 2着集中度: 上位2艇 67.6%（補正+0.00） / 総合判定確率: 0.064 / → ヒモ分散。1号艇1着固定で広めのヒモ流し推奨（買い目+2点）', 'tenji_trigger': '展示確認: ヒモ分散レース。1号艇伸び確認後、広めのヒモ流しを採用。穴ヒモ（5・6号艇）を積極的に含める。'}",,,31,逃げ狙い,20.98,34,2,,,,,,,,,,,
2026-04-10,丸亀,5,4,川井　萌,B2,27.69,4,▲,8.5471,13.7,70,28,0.166,3.16,,,0,低,50,0,-,54,0,50.1,0.7668,,,,,,0,0.5,0,,,C,△,,0.2398,0.6045,,0.5333,A,72,0,◎-○軸 3着3〜4艇流し（10〜15点）,0.5777,"{'is_target': True, 'verdict': '参加推奨', 'max_combo_prob': 0.0644, 'est_top_odds': 20.7, 'circle_concentration': 67.6, 'eligible_count': 8, 'bet_adj': 2, 'reason': 'rel_win1=49.5%（本命度） / 最有力組み合わせ確率: 0.064（推定実オッズ?21倍） / 2着集中度: 上位2艇 67.6%（補正+0.00） / 総合判定確率: 0.064 / → ヒモ分散。1号艇1着固定で広めのヒモ流し推奨（買い目+2点）', 'tenji_trigger': '展示確認: ヒモ分散レース。1号艇伸び確認後、広めのヒモ流しを採用。穴ヒモ（5・6号艇）を積極的に含める。'}",,,31,逃げ狙い,20.98,34,2,,,,,,,,,,,
2026-04-10,丸亀,5,5,森林　太,B1,25.00,5,,6.7732,6,75,30.3,0.2191,4.5833,,,0,低,204,0,-,54,0,30.1,1.2669,0,0,0,0.0385,0,0.0667,0.3556,0.1222,,,D,,,0.1224,0.555,,0.5333,A,72,0,◎-○軸 3着3〜4艇流し（10〜15点）,0.5777,"{'is_target': True, 'verdict': '参加推奨', 'max_combo_prob': 0.0644, 'est_top_odds': 20.7, 'circle_concentration': 67.6, 'eligible_count': 8, 'bet_adj': 2, 'reason': 'rel_win1=49.5%（本命度） / 最有力組み合わせ確率: 0.064（推定実オッズ?21倍） / 2着集中度: 上位2艇 67.6%（補正+0.00） / 総合判定確率: 0.064 / → ヒモ分散。1号艇1着固定で広めのヒモ流し推奨（買い目+2点）', 'tenji_trigger': '展示確認: ヒモ分散レース。1号艇伸び確認後、広めのヒモ流しを採用。穴ヒモ（5・6号艇）を積極的に含める。'}",,,31,逃げ狙い,20.98,34,2,,,,,,,,,,,
2026-04-10,丸亀,5,6,北山康介,A1,32.81,6,○,6.4881,12.7,63,53.4,0.1386,2.6379,,,0,低,69,0,-,33,0,89.5,1.7183,0,0,0,0,0.0385,0.0694,0.1138,0,,,B,◎,◎,0.3452,0.663,0.4069,0.5333,A,72,0,◎-○軸 3着3〜4艇流し（10〜15点）,0.5777,"{'is_target': True, 'verdict': '参加推奨', 'max_combo_prob': 0.0644, 'est_top_odds': 20.7, 'circle_concentration': 67.6, 'eligible_count': 8, 'bet_adj': 2, 'reason': 'rel_win1=49.5%（本命度） / 最有力組み合わせ確率: 0.064（推定実オッズ?21倍） / 2着集中度: 上位2艇 67.6%（補正+0.00） / 総合判定確率: 0.064 / → ヒモ分散。1号艇1着固定で広めのヒモ流し推奨（買い目+2点）', 'tenji_trigger': '展示確認: ヒモ分散レース。1号艇伸び確認後、広めのヒモ流しを採用。穴ヒモ（5・6号艇）を積極的に含める。'}",,,31,逃げ狙い,20.98,34,2,,,,,,,,,,,
2026-04-10,丸亀,6,1,武重雄介,A2,30.53,1,◎,63.3004,,0,92.9,0.1443,2.4821,,,0,低,119,0,逃1%,6,0,87.1,1.165,0.7143,,,,,0.1657,0,0.0343,◎,,C,◎,,,0.6375,,0.6139,S,90,0,◎1着固定 2-3着流し（5〜8点）,0.5777,"{'is_target': True, 'verdict': '参加推奨', 'max_combo_prob': 0.0849, 'est_top_odds': 15.7, 'circle_concentration': 61.6, 'eligible_count': 6, 'bet_adj': 2, 'reason': 'rel_win1=63.3%（本命度） / 最有力組み合わせ確率: 0.085（推定実オッズ?16倍） / 2着集中度: 上位2艇 61.6%（補正+0.00） / 総合判定確率: 0.085 / → ヒモ分散。1号艇1着固定で広めのヒモ流し推奨（買い目+2点）', 'tenji_trigger': '展示確認: ヒモ分散レース。1号艇伸び確認後、広めのヒモ流しを採用。穴ヒモ（5・6号艇）を積極的に含める。'}",,,25.1,逃げ狙い,9.69,26.8,2,,,,,0,0,0.7559,0,,逃げ軸流し,A
2026-04-10,丸亀,6,2,松下誉士,B1,26.92,2,△,11.074,37.8,75,51.2,0.1978,4.7195,,,0,低,189,0,差0% ま0%,6,0,24.1,0.8469,0,0.0882,0.0588,0,0,0.3405,0.169,0.2714,,,D,○,,0.0684,0.6275,,0.6139,S,90,0,◎1着固定 2-3着流し（5〜8点）,0.5777,"{'is_target': True, 'verdict': '参加推奨', 'max_combo_prob': 0.0849, 'est_top_odds': 15.7, 'circle_concentration': 61.6, 'eligible_count': 6, 'bet_adj': 2, 'reason': 'rel_win1=63.3%（本命度） / 最有力組み合わせ確率: 0.085（推定実オッズ?16倍） / 2着集中度: 上位2艇 61.6%（補正+0.00） / 総合判定確率: 0.085 / → ヒモ分散。1号艇1着固定で広めのヒモ流し推奨（買い目+2点）', 'tenji_trigger': '展示確認: ヒモ分散レース。1号艇伸び確認後、広めのヒモ流しを採用。穴ヒモ（5・6号艇）を積極的に含める。'}",,,25.1,逃げ狙い,9.69,26.8,2,,,,,,,,,,,
2026-04-10,丸亀,6,3,中澤宏奈,B2,39.39,3,▲,9.1526,23.7,55,37,0.1522,3.037,,,0,低,56,0,ま0%,25,0,32.1,0.7852,0,0,0.1111,0,0,0.05,0,0.4,,,B,,,0.262,0.5985,,0.6139,S,90,0,◎1着固定 2-3着流し（5〜8点）,0.5777,"{'is_target': True, 'verdict': '参加推奨', 'max_combo_prob': 0.0849, 'est_top_odds': 15.7, 'circle_concentration': 61.6, 'eligible_count': 6, 'bet_adj': 2, 'reason': 'rel_win1=63.3%（本命度） / 最有力組み合わせ確率: 0.085（推定実オッズ?16倍） / 2着集中度: 上位2艇 61.6%（補正+0.00） / 総合判定確率: 0.085 / → ヒモ分散。1号艇1着固定で広めのヒモ流し推奨（買い目+2点）', 'tenji_trigger': '展示確認: ヒモ分散レース。1号艇伸び確認後、広めのヒモ流しを採用。穴ヒモ（5・6号艇）を積極的に含める。'}",,,25.1,逃げ狙い,9.69,26.8,2,,,,,,,,,,,
2026-04-10,丸亀,6,4,谷口　丞,B1,45.24,4,○,7.9231,12.6,68,32,0.1324,2.58,,,0,低,67,0,ま0% 抜0%,45,0,32,0.7909,0,0,0.0476,0,0.0476,0,0.3333,0.3333,,,A,,,0.3328,0.536,,0.6139,S,90,0,◎1着固定 2-3着流し（5〜8点）,0.5777,"{'is_target': True, 'verdict': '参加推奨', 'max_combo_prob': 0.0849, 'est_top_odds': 15.7, 'circle_concentration': 61.6, 'eligible_count': 6, 'bet_adj': 2, 'reason': 'rel_win1=63.3%（本命度） / 最有力組み合わせ確率: 0.085（推定実オッズ?16倍） / 2着集中度: 上位2艇 61.6%（補正+0.00） / 総合判定確率: 0.085 / → ヒモ分散。1号艇1着固定で広めのヒモ流し推奨（買い目+2点）', 'tenji_trigger': '展示確認: ヒモ分散レース。1号艇伸び確認後、広めのヒモ流しを採用。穴ヒモ（5・6号艇）を積極的に含める。'}",,,25.1,逃げ狙い,9.69,26.8,2,,,,,,,,,,,
2026-04-10,丸亀,6,5,市橋卓士,A1,25.19,5,,7.4888,22.5,100,57.4,0.1483,3.1667,,,0,低,93,0,差ま0%,36,0,90.9,1.6412,0,0,0,0.0357,0,0.1045,0.0879,0.0795,,,E,△,,0.2693,0.6155,,0.6139,S,90,0,◎1着固定 2-3着流し（5〜8点）,0.5777,"{'is_target': True, 'verdict': '参加推奨', 'max_combo_prob': 0.0849, 'est_top_odds': 15.7, 'circle_concentration': 61.6, 'eligible_count': 6, 'bet_adj': 2, 'reason': 'rel_win1=63.3%（本命度） / 最有力組み合わせ確率: 0.085（推定実オッズ?16倍） / 2着集中度: 上位2艇 61.6%（補正+0.00） / 総合判定確率: 0.085 / → ヒモ分散。1号艇1着固定で広めのヒモ流し推奨（買い目+2点）', 'tenji_trigger': '展示確認: ヒモ分散レース。1号艇伸び確認後、広めのヒモ流しを採用。穴ヒモ（5・6号艇）を積極的に含める。'}",,,25.1,逃げ狙い,9.69,26.8,2,,,,,,,,,,,
2026-04-10,丸亀,6,6,大須賀友,A2,28.89,6,,1.061,3.3,59,27.9,0.2021,4.1628,,,0,低,116,0,-,25,0,25.3,0.8694,,,,,,0.0516,0.1258,0.0129,,,D,△,,0.1389,0.599,,0.6139,S,90,0,◎1着固定 2-3着流し（5〜8点）,0.5777,"{'is_target': True, 'verdict': '参加推奨', 'max_combo_prob': 0.0849, 'est_top_odds': 15.7, 'circle_concentration': 61.6, 'eligible_count': 6, 'bet_adj': 2, 'reason': 'rel_win1=63.3%（本命度） / 最有力組み合わせ確率: 0.085（推定実オッズ?16倍） / 2着集中度: 上位2艇 61.6%（補正+0.00） / 総合判定確率: 0.085 / → ヒモ分散。1号艇1着固定で広めのヒモ流し推奨（買い目+2点）', 'tenji_trigger': '展示確認: ヒモ分散レース。1号艇伸び確認後、広めのヒモ流しを採用。穴ヒモ（5・6号艇）を積極的に含める。'}",,,25.1,逃げ狙い,9.69,26.8,2,,,,,,,,,,,
2026-04-10,丸亀,7,1,乙津康志,B1,27.56,1,◎,39.56,,0,62.8,0.1956,4.4302,,,0,低,167,0,逃0%,1,0,44.1,0.801,0.1,,,,,0.1,0.18,0.42,,,C,△,,,0.596,,0.1055,D,27,1,大荒れ。見送り推奨,0.5777,"{'is_target': False, 'verdict': '対象外', 'max_combo_prob': None, 'est_top_odds': None, 'circle_concentration': None, 'eligible_count': 0, 'bet_adj': 0, 'reason': '1号艇rel_win1 < 45%: 通常判定に委ねる', 'tenji_trigger': ''}",,,37.3,両建て推奨,21.38,37.5,4,2-1-4|2-1-3|2-3-1|2-1-5|2-3-4|2-4-1|2-4-3|1-2-4|1-2-3|1-3-4,2-1-4|2-1-3|2-3-1|2-1-5|2-3-4|2-4-1|2-4-3|1-2-4|6-1-4|1-2-3|1-3-4|6-4-1,2-1-4:3.35%|2-1-3:3.22%|2-3-1:0.98%|2-1-5:0.92%|2-3-4:0.66%|2-4-1:0.5%|2-4-3:0.32%|1-2-4:7.35%|1-2-3:5.24%|1-3-4:4.89%,2-1-4:B_main|2-1-3:B_main|2-3-1:B_main|2-1-5:B_main|2-3-4:B_main|2-4-1:B_main|2-4-3:B_main|1-2-4:A|1-2-3:A|1-3-4:A,10,12,0.2915,1,[!]見送り推奨（主役決まり手「差し」― 逃げ劣勢レースで的中実績なし）,主役軸流し,B
2026-04-10,丸亀,7,2,今井裕梨,A2,32.03,2,▲,16.2705,45.5,53,75,0.163,3.25,,,0,低,38,0,差0% ま0%,1,0,58.2,1.2322,0,0.125,0.125,0,0,0.1818,0.0909,0.1818,,◎,B,○,,0.5953,0.6515,,0.1055,D,27,1,大荒れ。見送り推奨,0.5777,"{'is_target': False, 'verdict': '対象外', 'max_combo_prob': None, 'est_top_odds': None, 'circle_concentration': None, 'eligible_count': 0, 'bet_adj': 0, 'reason': '1号艇rel_win1 < 45%: 通常判定に委ねる', 'tenji_trigger': ''}",,,37.3,両建て推奨,21.38,37.5,4,,,,,,,,,,,
2026-04-10,丸亀,7,3,河野真也,A2,21.54,3,,12.4637,24,100,66.2,0.1641,3.331,,,0,低,156,0,-,66,0,38.5,0.9613,0,0,0.125,0.0833,0.0417,0.0645,0.0258,0.1774,,△,E,△,,0.4871,0.6315,,0.1055,D,27,1,大荒れ。見送り推奨,0.5777,"{'is_target': False, 'verdict': '対象外', 'max_combo_prob': None, 'est_top_odds': None, 'circle_concentration': None, 'eligible_count': 0, 'bet_adj': 0, 'reason': '1号艇rel_win1 < 45%: 通常判定に委ねる', 'tenji_trigger': ''}",,,37.3,両建て推奨,21.38,37.5,4,,,,,,,,,,,
2026-04-10,丸亀,7,4,徳増秀樹,A1,26.81,4,○,25.109,26.9,72,74,0.1158,2.4,,,0,低,35,0,差0% ま0% 差ま0% 抜0%,12,0,96.7,1.8547,0,0.0455,0.0909,0.0909,0.0455,0.0694,0.0296,0.0444,,○,D,◎,◎,0.5059,0.67,0.5162,0.1055,D,27,1,大荒れ。見送り推奨,0.5777,"{'is_target': False, 'verdict': '対象外', 'max_combo_prob': None, 'est_top_odds': None, 'circle_concentration': None, 'eligible_count': 0, 'bet_adj': 0, 'reason': '1号艇rel_win1 < 45%: 通常判定に委ねる', 'tenji_trigger': ''}",,,37.3,両建て推奨,21.38,37.5,4,,,,,,,,,,,
2026-04-10,丸亀,7,5,成貞琳平,B1,23.08,5,,5.2884,1.4,59,22.9,0.201,4.2917,,,0,低,120,0,差0% 差ま0%,3,0,25.1,0.7171,0,0.0385,0,0.0385,0,0.075,0.375,0.25,,,D,,,0.291,0.5785,,0.1055,D,27,1,大荒れ。見送り推奨,0.5777,"{'is_target': False, 'verdict': '対象外', 'max_combo_prob': None, 'est_top_odds': None, 'circle_concentration': None, 'eligible_count': 0, 'bet_adj': 0, 'reason': '1号艇rel_win1 < 45%: 通常判定に委ねる', 'tenji_trigger': ''}",,,37.3,両建て推奨,21.38,37.5,4,,,,,,,,,,,
2026-04-10,丸亀,7,6,上瀧絢也,B2,38.81,6,△,1.3085,2.2,18,6.2,0.1663,3.5729,,,0,低,78,0,-,1,0,23.6,0.5461,,,,,,0.0923,0.2423,0,,,A,,,0.4339,0.595,,0.1055,D,27,1,大荒れ。見送り推奨,0.5777,"{'is_target': False, 'verdict': '対象外', 'max_combo_prob': None, 'est_top_odds': None, 'circle_concentration': None, 'eligible_count': 0, 'bet_adj': 0, 'reason': '1号艇rel_win1 < 45%: 通常判定に委ねる', 'tenji_trigger': ''}",,,37.3,両建て推奨,21.38,37.5,4,,,,,,,,,,,
2026-04-10,丸亀,8,1,長野壮志,A1,39.10,1,◎,75.5365,,0,87.5,0.1552,3.2812,,,0,低,99,0,逃1%,54,0,90.2,1.1951,0.5185,,,,,0.0296,0.1343,0.1491,○,,C,◎,,,0.6685,,0.4419,S,83,0,◎1着固定 2-3着流し（5〜8点）,0.5777,"{'is_target': True, 'verdict': '点数絞り', 'max_combo_prob': 0.1452, 'est_top_odds': 9.2, 'circle_concentration': 80.3, 'eligible_count': 6, 'bet_adj': 0, 'reason': 'rel_win1=75.5%（本命度） / 最有力組み合わせ確率: 0.145（推定実オッズ?9倍） / 2着集中度: 上位2艇 80.3%（補正+0.04） / 総合判定確率: 0.185 / → ヒモはやや固め。上位2艇以外を切ること', 'tenji_trigger': '展示確認: 1号艇伸び良→そのまま採用。悪→飛び組に差し替え。circle_pct上位2艇に絞り込むこと。'}",,,21.7,逃げ狙い,13.2,28.4,5,,,,,0,0,0.6155,0,,逃げ軸流し,A
2026-04-10,丸亀,8,2,村田修次,A2,33.85,2,▲,10.5711,51.5,74,68.9,0.1322,3.0778,,,0,低,93,0,差0% ま0% 抜0%,23,0,54.8,1.0931,0,0.0476,0.0476,0,0.0476,0.0625,0.1107,0.2214,,◎,D,△,,0.5444,0.6435,,0.4419,S,83,0,◎1着固定 2-3着流し（5〜8点）,0.5777,"{'is_target': True, 'verdict': '点数絞り', 'max_combo_prob': 0.1452, 'est_top_odds': 9.2, 'circle_concentration': 80.3, 'eligible_count': 6, 'bet_adj': 0, 'reason': 'rel_win1=75.5%（本命度） / 最有力組み合わせ確率: 0.145（推定実オッズ?9倍） / 2着集中度: 上位2艇 80.3%（補正+0.04） / 総合判定確率: 0.185 / → ヒモはやや固め。上位2艇以外を切ること', 'tenji_trigger': '展示確認: 1号艇伸び良→そのまま採用。悪→飛び組に差し替え。circle_pct上位2艇に絞り込むこと。'}",,,21.7,逃げ狙い,13.2,28.4,5,,,,,,,,,,,
2026-04-10,丸亀,8,3,小野　桜,B1,24.03,3,,3.8576,28.8,81,53.8,0.1562,3.6026,,,0,低,90,0,-,2,0,38.5,0.9169,,,,,,0,0.0941,0.3176,,,E,,,0.3218,0.611,,0.4419,S,83,0,◎1着固定 2-3着流し（5〜8点）,0.5777,"{'is_target': True, 'verdict': '点数絞り', 'max_combo_prob': 0.1452, 'est_top_odds': 9.2, 'circle_concentration': 80.3, 'eligible_count': 6, 'bet_adj': 0, 'reason': 'rel_win1=75.5%（本命度） / 最有力組み合わせ確率: 0.145（推定実オッズ?9倍） / 2着集中度: 上位2艇 80.3%（補正+0.04） / 総合判定確率: 0.185 / → ヒモはやや固め。上位2艇以外を切ること', 'tenji_trigger': '展示確認: 1号艇伸び良→そのまま採用。悪→飛び組に差し替え。circle_pct上位2艇に絞り込むこと。'}",,,21.7,逃げ狙い,13.2,28.4,5,,,,,,,,,,,
2026-04-10,丸亀,8,4,野末智一,A2,34.92,4,,3.4471,14.7,100,48.6,0.1859,4.45,,,0,低,227,0,-,44,0,19.9,0.5898,,,,,,0.1722,0.1512,0.0737,,,D,○,,0.2108,0.6595,,0.4419,S,83,0,◎1着固定 2-3着流し（5〜8点）,0.5777,"{'is_target': True, 'verdict': '点数絞り', 'max_combo_prob': 0.1452, 'est_top_odds': 9.2, 'circle_concentration': 80.3, 'eligible_count': 6, 'bet_adj': 0, 'reason': 'rel_win1=75.5%（本命度） / 最有力組み合わせ確率: 0.145（推定実オッズ?9倍） / 2着集中度: 上位2艇 80.3%（補正+0.04） / 総合判定確率: 0.185 / → ヒモはやや固め。上位2艇以外を切ること', 'tenji_trigger': '展示確認: 1号艇伸び良→そのまま採用。悪→飛び組に差し替え。circle_pct上位2艇に絞り込むこと。'}",,,21.7,逃げ狙い,13.2,28.4,5,,,,,,,,,,,
2026-04-10,丸亀,8,5,吉永泰弘,B1,56.69,5,○,5.1381,4.7,75,40,0.1986,4,,,0,低,137,0,差0%,5,0,62.6,1.2779,0,0.0833,0,0,0,0.2376,0.4541,0.0235,,,A,△,,0.1704,0.6525,,0.4419,S,83,0,◎1着固定 2-3着流し（5〜8点）,0.5777,"{'is_target': True, 'verdict': '点数絞り', 'max_combo_prob': 0.1452, 'est_top_odds': 9.2, 'circle_concentration': 80.3, 'eligible_count': 6, 'bet_adj': 0, 'reason': 'rel_win1=75.5%（本命度） / 最有力組み合わせ確率: 0.145（推定実オッズ?9倍） / 2着集中度: 上位2艇 80.3%（補正+0.04） / 総合判定確率: 0.185 / → ヒモはやや固め。上位2艇以外を切ること', 'tenji_trigger': '展示確認: 1号艇伸び良→そのまま採用。悪→飛び組に差し替え。circle_pct上位2艇に絞り込むこと。'}",,,21.7,逃げ狙い,13.2,28.4,5,,,,,,,,,,,
2026-04-10,丸亀,8,6,岡崎凪汰,B1,40.63,6,△,1.4495,0.3,12,4.8,0.1875,3.994,,,0,低,54,0,差ま0%,6,0,38.1,0.8356,0,0,0,0.0244,0,0.25,0.25,0.25,,,B,,,0.1964,0.498,,0.4419,S,83,0,◎1着固定 2-3着流し（5〜8点）,0.5777,"{'is_target': True, 'verdict': '点数絞り', 'max_combo_prob': 0.1452, 'est_top_odds': 9.2, 'circle_concentration': 80.3, 'eligible_count': 6, 'bet_adj': 0, 'reason': 'rel_win1=75.5%（本命度） / 最有力組み合わせ確率: 0.145（推定実オッズ?9倍） / 2着集中度: 上位2艇 80.3%（補正+0.04） / 総合判定確率: 0.185 / → ヒモはやや固め。上位2艇以外を切ること', 'tenji_trigger': '展示確認: 1号艇伸び良→そのまま採用。悪→飛び組に差し替え。circle_pct上位2艇に絞り込むこと。'}",,,21.7,逃げ狙い,13.2,28.4,5,,,,,,,,,,,
2026-04-10,丸亀,9,1,是澤孝宏,A2,35.66,1,◎,61.8092,,0,84.8,0.1527,3.0949,,,0,低,125,0,逃1%,41,0,93,1.2584,0.6875,,,,,0.1625,0.0125,0.0375,◎,,C,△,,,0.6235,,0.5352,A,72,0,◎-○軸 3着3〜4艇流し（10〜15点）,0.5777,"{'is_target': True, 'verdict': '参加推奨', 'max_combo_prob': 0.0752, 'est_top_odds': 17.7, 'circle_concentration': 76.4, 'eligible_count': 8, 'bet_adj': 2, 'reason': 'rel_win1=61.8%（本命度） / 最有力組み合わせ確率: 0.075（推定実オッズ?18倍） / 2着集中度: 上位2艇 76.4%（補正+0.04） / 総合判定確率: 0.115 / → ヒモ分散。1号艇1着固定で広めのヒモ流し推奨（買い目+2点）', 'tenji_trigger': '展示確認: ヒモ分散レース。1号艇伸び確認後、広めのヒモ流しを採用。穴ヒモ（5・6号艇）を積極的に含める。'}",,,26.8,逃げ狙い,13.62,28.3,3,,,,,0,0,0.7559,0,,逃げ軸流し,A
2026-04-10,丸亀,9,2,深見亜由,B2,34.88,2,,9.7322,39.6,86,50,0.1988,3.25,,,0,低,23,1,-,5,0,23.5,0.8302,,,,,,0.36,0.64,0,,,C,,,0.0775,0.497,,0.5352,A,72,0,◎-○軸 3着3〜4艇流し（10〜15点）,0.5777,"{'is_target': True, 'verdict': '参加推奨', 'max_combo_prob': 0.0752, 'est_top_odds': 17.7, 'circle_concentration': 76.4, 'eligible_count': 8, 'bet_adj': 2, 'reason': 'rel_win1=61.8%（本命度） / 最有力組み合わせ確率: 0.075（推定実オッズ?18倍） / 2着集中度: 上位2艇 76.4%（補正+0.04） / 総合判定確率: 0.115 / → ヒモ分散。1号艇1着固定で広めのヒモ流し推奨（買い目+2点）', 'tenji_trigger': '展示確認: ヒモ分散レース。1号艇伸び確認後、広めのヒモ流しを採用。穴ヒモ（5・6号艇）を積極的に含める。'}",,,26.8,逃げ狙い,13.62,28.3,3,,,,,,,,,,,
2026-04-10,丸亀,9,3,亀山雅幸,A2,38.76,3,○,15.276,36.7,100,70.2,0.1584,2.7105,,,0,低,154,0,差0% ま0% 差ま0%,32,0,62.3,1.3817,0,0.0417,0.0417,0.1667,0,0.0944,0.1222,0.0944,,,B,△,,0.2861,0.6195,,0.5352,A,72,0,◎-○軸 3着3〜4艇流し（10〜15点）,0.5777,"{'is_target': True, 'verdict': '参加推奨', 'max_combo_prob': 0.0752, 'est_top_odds': 17.7, 'circle_concentration': 76.4, 'eligible_count': 8, 'bet_adj': 2, 'reason': 'rel_win1=61.8%（本命度） / 最有力組み合わせ確率: 0.075（推定実オッズ?18倍） / 2着集中度: 上位2艇 76.4%（補正+0.04） / 総合判定確率: 0.115 / → ヒモ分散。1号艇1着固定で広めのヒモ流し推奨（買い目+2点）', 'tenji_trigger': '展示確認: ヒモ分散レース。1号艇伸び確認後、広めのヒモ流しを採用。穴ヒモ（5・6号艇）を積極的に含める。'}",,,26.8,逃げ狙い,13.62,28.3,3,,,,,,,,,,,
2026-04-10,丸亀,9,4,本吉正樹,B1,25.76,4,,6.0137,10.4,73,39.7,0.1829,4.0862,,,0,低,152,0,差0% 差ま0%,2,0,30,0.8023,0,0.08,0,0.04,0,0.175,0.2643,0.0143,,,E,,◎,0.1693,0.585,0.1793,0.5352,A,72,0,◎-○軸 3着3〜4艇流し（10〜15点）,0.5777,"{'is_target': True, 'verdict': '参加推奨', 'max_combo_prob': 0.0752, 'est_top_odds': 17.7, 'circle_concentration': 76.4, 'eligible_count': 8, 'bet_adj': 2, 'reason': 'rel_win1=61.8%（本命度） / 最有力組み合わせ確率: 0.075（推定実オッズ?18倍） / 2着集中度: 上位2艇 76.4%（補正+0.04） / 総合判定確率: 0.115 / → ヒモ分散。1号艇1着固定で広めのヒモ流し推奨（買い目+2点）', 'tenji_trigger': '展示確認: ヒモ分散レース。1号艇伸び確認後、広めのヒモ流しを採用。穴ヒモ（5・6号艇）を積極的に含める。'}",,,26.8,逃げ狙い,13.62,28.3,3,,,,,,,,,,,
2026-04-10,丸亀,9,5,深川真二,A1,37.31,5,▲,5.5976,11.2,74,,,,,,0,低,21,1,-,11,0,,,,,,,,,,,,,B,○,○,0.3128,0.6545,0.15,0.5352,A,72,0,◎-○軸 3着3〜4艇流し（10〜15点）,0.5777,"{'is_target': True, 'verdict': '参加推奨', 'max_combo_prob': 0.0752, 'est_top_odds': 17.7, 'circle_concentration': 76.4, 'eligible_count': 8, 'bet_adj': 2, 'reason': 'rel_win1=61.8%（本命度） / 最有力組み合わせ確率: 0.075（推定実オッズ?18倍） / 2着集中度: 上位2艇 76.4%（補正+0.04） / 総合判定確率: 0.115 / → ヒモ分散。1号艇1着固定で広めのヒモ流し推奨（買い目+2点）', 'tenji_trigger': '展示確認: ヒモ分散レース。1号艇伸び確認後、広めのヒモ流しを採用。穴ヒモ（5・6号艇）を積極的に含める。'}",,,26.8,逃げ狙い,13.62,28.3,3,,,,,,,,,,,
2026-04-10,丸亀,9,6,堀本和也,A1,28.70,6,△,1.5712,2,79,44.4,0.1389,2.6111,,,0,低,22,0,-,22,0,82.8,1.6831,,,,,,0.04,0.04,0.12,,,D,◎,,0.3539,0.769,,0.5352,A,72,0,◎-○軸 3着3〜4艇流し（10〜15点）,0.5777,"{'is_target': True, 'verdict': '参加推奨', 'max_combo_prob': 0.0752, 'est_top_odds': 17.7, 'circle_concentration': 76.4, 'eligible_count': 8, 'bet_adj': 2, 'reason': 'rel_win1=61.8%（本命度） / 最有力組み合わせ確率: 0.075（推定実オッズ?18倍） / 2着集中度: 上位2艇 76.4%（補正+0.04） / 総合判定確率: 0.115 / → ヒモ分散。1号艇1着固定で広めのヒモ流し推奨（買い目+2点）', 'tenji_trigger': '展示確認: ヒモ分散レース。1号艇伸び確認後、広めのヒモ流しを採用。穴ヒモ（5・6号艇）を積極的に含める。'}",,,26.8,逃げ狙い,13.62,28.3,3,,,,,,,,,,,
2026-04-10,丸亀,10,1,三好勇人,A2,37.80,1,◎,65.2838,,0,98.4,0.1275,1.877,,,0,低,88,0,逃1%,45,0,82.6,1.074,0.7333,,,,,0.0133,0.16,0.0533,◎,,B,○,,,0.6185,,0.7331,S,80,0,◎1着固定 2-3着流し（5〜8点）,0.5777,"{'is_target': True, 'verdict': '点数絞り', 'max_combo_prob': 0.1401, 'est_top_odds': 9.5, 'circle_concentration': 74.9, 'eligible_count': 6, 'bet_adj': 0, 'reason': 'rel_win1=65.3%（本命度） / 最有力組み合わせ確率: 0.140（推定実オッズ?10倍） / 2着集中度: 上位2艇 74.9%（補正+0.04） / 総合判定確率: 0.180 / → ヒモはやや固め。上位2艇以外を切ること', 'tenji_trigger': '展示確認: 1号艇伸び良→そのまま採用。悪→飛び組に差し替え。circle_pct上位2艇に絞り込むこと。\n展示で1号艇スタート超安定(0.128秒)→ヒモ固まり方向に注意'}",,,26.8,逃げ狙い,16.52,26,4,,,,,0,0,0.7559,0,,逃げ軸流し,A
2026-04-10,丸亀,10,2,市橋卓士,A1,25.19,2,△,7.0731,53.9,49,69.6,0.1359,3,,,0,低,93,0,差0%,36,0,51.7,1.1029,0,0.069,0,0,0,0.1045,0.0879,0.0795,,,D,△,,0.2306,0.6155,,0.7331,S,80,0,◎1着固定 2-3着流し（5〜8点）,0.5777,"{'is_target': True, 'verdict': '点数絞り', 'max_combo_prob': 0.1401, 'est_top_odds': 9.5, 'circle_concentration': 74.9, 'eligible_count': 6, 'bet_adj': 0, 'reason': 'rel_win1=65.3%（本命度） / 最有力組み合わせ確率: 0.140（推定実オッズ?10倍） / 2着集中度: 上位2艇 74.9%（補正+0.04） / 総合判定確率: 0.180 / → ヒモはやや固め。上位2艇以外を切ること', 'tenji_trigger': '展示確認: 1号艇伸び良→そのまま採用。悪→飛び組に差し替え。circle_pct上位2艇に絞り込むこと。\n展示で1号艇スタート超安定(0.128秒)→ヒモ固まり方向に注意'}",,,26.8,逃げ狙い,16.52,26,4,,,,,,,,,,,
2026-04-10,丸亀,10,3,古賀智之,A2,39.69,3,○,7.8729,16,100,48.2,0.165,3.2232,,,0,低,119,0,ま0% 抜0%,6,0,26.9,0.8771,0,0,0.0667,0,0.0333,0.05,0.4,0.125,,,A,,,0.1152,0.5905,,0.7331,S,80,0,◎1着固定 2-3着流し（5〜8点）,0.5777,"{'is_target': True, 'verdict': '点数絞り', 'max_combo_prob': 0.1401, 'est_top_odds': 9.5, 'circle_concentration': 74.9, 'eligible_count': 6, 'bet_adj': 0, 'reason': 'rel_win1=65.3%（本命度） / 最有力組み合わせ確率: 0.140（推定実オッズ?10倍） / 2着集中度: 上位2艇 74.9%（補正+0.04） / 総合判定確率: 0.180 / → ヒモはやや固め。上位2艇以外を切ること', 'tenji_trigger': '展示確認: 1号艇伸び良→そのまま採用。悪→飛び組に差し替え。circle_pct上位2艇に絞り込むこと。\n展示で1号艇スタート超安定(0.128秒)→ヒモ固まり方向に注意'}",,,26.8,逃げ狙い,16.52,26,4,,,,,,,,,,,
2026-04-10,丸亀,10,4,北山康介,A1,32.81,4,▲,14.9417,21.1,82,64.6,0.1388,2.7708,,,0,低,69,0,差0% ま0%,33,0,87.1,1.5106,0,0.0556,0.1111,0,0,0.0694,0.1138,0,,,C,◎,◎,0.2618,0.663,0.4061,0.7331,S,80,0,◎1着固定 2-3着流し（5〜8点）,0.5777,"{'is_target': True, 'verdict': '点数絞り', 'max_combo_prob': 0.1401, 'est_top_odds': 9.5, 'circle_concentration': 74.9, 'eligible_count': 6, 'bet_adj': 0, 'reason': 'rel_win1=65.3%（本命度） / 最有力組み合わせ確率: 0.140（推定実オッズ?10倍） / 2着集中度: 上位2艇 74.9%（補正+0.04） / 総合判定確率: 0.180 / → ヒモはやや固め。上位2艇以外を切ること', 'tenji_trigger': '展示確認: 1号艇伸び良→そのまま採用。悪→飛び組に差し替え。circle_pct上位2艇に絞り込むこと。\n展示で1号艇スタート超安定(0.128秒)→ヒモ固まり方向に注意'}",,,26.8,逃げ狙い,16.52,26,4,,,,,,,,,,,
2026-04-10,丸亀,10,5,坂口貴彦,B1,22.73,5,,3.9171,7.5,38,27.7,0.1706,3.8077,,,0,低,134,0,-,1,0,85.7,1.4862,,,,,,0.0471,0.1235,0.1471,,,E,△,,0.1737,0.591,,0.7331,S,80,0,◎1着固定 2-3着流し（5〜8点）,0.5777,"{'is_target': True, 'verdict': '点数絞り', 'max_combo_prob': 0.1401, 'est_top_odds': 9.5, 'circle_concentration': 74.9, 'eligible_count': 6, 'bet_adj': 0, 'reason': 'rel_win1=65.3%（本命度） / 最有力組み合わせ確率: 0.140（推定実オッズ?10倍） / 2着集中度: 上位2艇 74.9%（補正+0.04） / 総合判定確率: 0.180 / → ヒモはやや固め。上位2艇以外を切ること', 'tenji_trigger': '展示確認: 1号艇伸び良→そのまま採用。悪→飛び組に差し替え。circle_pct上位2艇に絞り込むこと。\n展示で1号艇スタート超安定(0.128秒)→ヒモ固まり方向に注意'}",,,26.8,逃げ狙い,16.52,26,4,,,,,,,,,,,
2026-04-10,丸亀,10,6,間庭菜摘,B1,29.46,6,,0.9114,1.6,31,7.7,0.1665,4.0962,,,0,低,76,0,-,2,0,30.2,0.8289,,,,,,0,0.4,0.04,,,D,,,0.1859,0.5795,,0.7331,S,80,0,◎1着固定 2-3着流し（5〜8点）,0.5777,"{'is_target': True, 'verdict': '点数絞り', 'max_combo_prob': 0.1401, 'est_top_odds': 9.5, 'circle_concentration': 74.9, 'eligible_count': 6, 'bet_adj': 0, 'reason': 'rel_win1=65.3%（本命度） / 最有力組み合わせ確率: 0.140（推定実オッズ?10倍） / 2着集中度: 上位2艇 74.9%（補正+0.04） / 総合判定確率: 0.180 / → ヒモはやや固め。上位2艇以外を切ること', 'tenji_trigger': '展示確認: 1号艇伸び良→そのまま採用。悪→飛び組に差し替え。circle_pct上位2艇に絞り込むこと。\n展示で1号艇スタート超安定(0.128秒)→ヒモ固まり方向に注意'}",,,26.8,逃げ狙い,16.52,26,4,,,,,,,,,,,
2026-04-10,丸亀,11,1,森永　淳,A1,23.85,1,◎,59.1333,,0,90.4,0.1421,2.3562,,,0,低,52,0,逃1%,35,0,72.2,0.984,0.7838,,,,,0,0.1351,0.0811,◎,,E,◎,,,0.702,,0.6642,S,100,0,◎1着固定 2-3着流し（5〜8点）,0.5777,"{'is_target': True, 'verdict': '点数絞り', 'max_combo_prob': 0.0925, 'est_top_odds': 14.4, 'circle_concentration': 71.1, 'eligible_count': 6, 'bet_adj': 0, 'reason': 'rel_win1=59.1%（本命度） / 最有力組み合わせ確率: 0.092（推定実オッズ?14倍） / 2着集中度: 上位2艇 71.1%（補正+0.04） / 総合判定確率: 0.132 / → ヒモはやや固め。上位2艇以外を切ること', 'tenji_trigger': '展示確認: 1号艇伸び良→そのまま採用。悪→飛び組に差し替え。circle_pct上位2艇に絞り込むこと。'}",,,26.7,逃げ狙い,17.52,24.8,3,,,,,0,0,0.7559,0,,逃げ軸流し,A
2026-04-10,丸亀,11,2,武重雄介,A2,30.53,2,,15.6235,46.6,95,79,0.1615,3.0484,,,0,低,119,0,-,6,0,86.6,1.5079,0,0.087,0.087,0,0,0.1657,0,0.0343,,,C,△,,0.1263,0.6375,,0.6642,S,100,0,◎1着固定 2-3着流し（5〜8点）,0.5777,"{'is_target': True, 'verdict': '点数絞り', 'max_combo_prob': 0.0925, 'est_top_odds': 14.4, 'circle_concentration': 71.1, 'eligible_count': 6, 'bet_adj': 0, 'reason': 'rel_win1=59.1%（本命度） / 最有力組み合わせ確率: 0.092（推定実オッズ?14倍） / 2着集中度: 上位2艇 71.1%（補正+0.04） / 総合判定確率: 0.132 / → ヒモはやや固め。上位2艇以外を切ること', 'tenji_trigger': '展示確認: 1号艇伸び良→そのまま採用。悪→飛び組に差し替え。circle_pct上位2艇に絞り込むこと。'}",,,26.7,逃げ狙い,17.52,24.8,3,,,,,,,,,,,
2026-04-10,丸亀,11,3,今井裕梨,A2,32.03,3,▲,12.2845,24.5,59,58.3,0.1442,2.4792,,,0,低,38,0,差ま0%,1,0,48.4,1.1592,0,0,0,0.125,0,0.1818,0.0909,0.1818,,,C,○,,0.2969,0.6515,,0.6642,S,100,0,◎1着固定 2-3着流し（5〜8点）,0.5777,"{'is_target': True, 'verdict': '点数絞り', 'max_combo_prob': 0.0925, 'est_top_odds': 14.4, 'circle_concentration': 71.1, 'eligible_count': 6, 'bet_adj': 0, 'reason': 'rel_win1=59.1%（本命度） / 最有力組み合わせ確率: 0.092（推定実オッズ?14倍） / 2着集中度: 上位2艇 71.1%（補正+0.04） / 総合判定確率: 0.132 / → ヒモはやや固め。上位2艇以外を切ること', 'tenji_trigger': '展示確認: 1号艇伸び良→そのまま採用。悪→飛び組に差し替え。circle_pct上位2艇に絞り込むこと。'}",,,26.7,逃げ狙い,17.52,24.8,3,,,,,,,,,,,
2026-04-10,丸亀,11,4,加藤政彦,A1,40.63,4,○,7.8138,20.5,65,61.4,0.1547,3.5088,,,0,低,105,0,差0% ま0%,1,0,61.3,1.194,0,0.08,0.08,0,0,0.35,0.0667,0.1833,,,A,,◎,0.2487,0.5995,0.3521,0.6642,S,100,0,◎1着固定 2-3着流し（5〜8点）,0.5777,"{'is_target': True, 'verdict': '点数絞り', 'max_combo_prob': 0.0925, 'est_top_odds': 14.4, 'circle_concentration': 71.1, 'eligible_count': 6, 'bet_adj': 0, 'reason': 'rel_win1=59.1%（本命度） / 最有力組み合わせ確率: 0.092（推定実オッズ?14倍） / 2着集中度: 上位2艇 71.1%（補正+0.04） / 総合判定確率: 0.132 / → ヒモはやや固め。上位2艇以外を切ること', 'tenji_trigger': '展示確認: 1号艇伸び良→そのまま採用。悪→飛び組に差し替え。circle_pct上位2艇に絞り込むこと。'}",,,26.7,逃げ狙い,17.52,24.8,3,,,,,,,,,,,
2026-04-10,丸亀,11,5,杉山喜一,B1,35.94,5,△,3.3868,5.7,100,38.8,0.1618,3.2653,,,0,低,91,0,差ま0%,2,0,54.9,1.1029,0,0,0,0.0667,0,0.0471,0.6382,0,,,B,△,,0.2256,0.625,,0.6642,S,100,0,◎1着固定 2-3着流し（5〜8点）,0.5777,"{'is_target': True, 'verdict': '点数絞り', 'max_combo_prob': 0.0925, 'est_top_odds': 14.4, 'circle_concentration': 71.1, 'eligible_count': 6, 'bet_adj': 0, 'reason': 'rel_win1=59.1%（本命度） / 最有力組み合わせ確率: 0.092（推定実オッズ?14倍） / 2着集中度: 上位2艇 71.1%（補正+0.04） / 総合判定確率: 0.132 / → ヒモはやや固め。上位2艇以外を切ること', 'tenji_trigger': '展示確認: 1号艇伸び良→そのまま採用。悪→飛び組に差し替え。circle_pct上位2艇に絞り込むこと。'}",,,26.7,逃げ狙い,17.52,24.8,3,,,,,,,,,,,
2026-04-10,丸亀,11,6,岩永雅人,A2,27.07,6,,1.7581,2.7,74,36.5,0.1712,4.1824,,,0,低,153,0,-,1,0,29.2,0.8197,0,0,0,0.0303,0,0.01,0.155,0.07,,,D,,,0.1882,0.61,,0.6642,S,100,0,◎1着固定 2-3着流し（5〜8点）,0.5777,"{'is_target': True, 'verdict': '点数絞り', 'max_combo_prob': 0.0925, 'est_top_odds': 14.4, 'circle_concentration': 71.1, 'eligible_count': 6, 'bet_adj': 0, 'reason': 'rel_win1=59.1%（本命度） / 最有力組み合わせ確率: 0.092（推定実オッズ?14倍） / 2着集中度: 上位2艇 71.1%（補正+0.04） / 総合判定確率: 0.132 / → ヒモはやや固め。上位2艇以外を切ること', 'tenji_trigger': '展示確認: 1号艇伸び良→そのまま採用。悪→飛び組に差し替え。circle_pct上位2艇に絞り込むこと。'}",,,26.7,逃げ狙い,17.52,24.8,3,,,,,,,,,,,
2026-04-10,丸亀,12,1,徳増秀樹,A1,26.81,1,◎,57.0229,,0,87.5,0.1475,3.0804,,,0,低,35,0,逃1%,12,0,87.6,1.1235,0.6667,,,,,0.0694,0.0296,0.0444,◎,,C,○,,,0.67,,0.5254,S,90,0,◎1着固定 2-3着流し（5〜8点）,0.5777,"{'is_target': True, 'verdict': '参加推奨', 'max_combo_prob': 0.0636, 'est_top_odds': 21.0, 'circle_concentration': 66.0, 'eligible_count': 6, 'bet_adj': 2, 'reason': 'rel_win1=57.0%（本命度） / 最有力組み合わせ確率: 0.064（推定実オッズ?21倍） / 2着集中度: 上位2艇 66.0%（補正+0.00） / 総合判定確率: 0.064 / → ヒモ分散。1号艇1着固定で広めのヒモ流し推奨（買い目+2点）', 'tenji_trigger': '展示確認: ヒモ分散レース。1号艇伸び確認後、広めのヒモ流しを採用。穴ヒモ（5・6号艇）を積極的に含める。'}",,,28.3,逃げ狙い,23.58,24.1,2,,,,,0,0,0.7559,0,,逃げ軸流し,A
2026-04-10,丸亀,12,2,長野壮志,A1,39.10,2,○,17.6348,34.7,100,76.8,0.1695,3.6964,,,0,低,99,0,差0% ま0%,54,0,61.7,1.2731,0,0.1923,0.0769,0,0,0.0296,0.1343,0.1491,,,A,△,,0.1213,0.6685,,0.5254,S,90,0,◎1着固定 2-3着流し（5〜8点）,0.5777,"{'is_target': True, 'verdict': '参加推奨', 'max_combo_prob': 0.0636, 'est_top_odds': 21.0, 'circle_concentration': 66.0, 'eligible_count': 6, 'bet_adj': 2, 'reason': 'rel_win1=57.0%（本命度） / 最有力組み合わせ確率: 0.064（推定実オッズ?21倍） / 2着集中度: 上位2艇 66.0%（補正+0.00） / 総合判定確率: 0.064 / → ヒモ分散。1号艇1着固定で広めのヒモ流し推奨（買い目+2点）', 'tenji_trigger': '展示確認: ヒモ分散レース。1号艇伸び確認後、広めのヒモ流しを採用。穴ヒモ（5・6号艇）を積極的に含める。'}",,,28.3,逃げ狙い,23.58,24.1,2,,,,,,,,,,,
2026-04-10,丸亀,12,3,大須賀友,A2,28.89,3,△,9.9773,31.2,82,81.4,0.1724,3.2288,,,0,低,116,0,-,25,0,65.5,1.4292,0,0,0.12,0.08,0,0.0516,0.1258,0.0129,,,C,,,0.1796,0.599,,0.5254,S,90,0,◎1着固定 2-3着流し（5〜8点）,0.5777,"{'is_target': True, 'verdict': '参加推奨', 'max_combo_prob': 0.0636, 'est_top_odds': 21.0, 'circle_concentration': 66.0, 'eligible_count': 6, 'bet_adj': 2, 'reason': 'rel_win1=57.0%（本命度） / 最有力組み合わせ確率: 0.064（推定実オッズ?21倍） / 2着集中度: 上位2艇 66.0%（補正+0.00） / 総合判定確率: 0.064 / → ヒモ分散。1号艇1着固定で広めのヒモ流し推奨（買い目+2点）', 'tenji_trigger': '展示確認: ヒモ分散レース。1号艇伸び確認後、広めのヒモ流しを採用。穴ヒモ（5・6号艇）を積極的に含める。'}",,,28.3,逃げ狙い,23.58,24.1,2,,,,,,,,,,,
2026-04-10,丸亀,12,4,入澤友治,A2,25.40,4,▲,11.8237,15.7,45,47.8,0.1284,2.4058,,,0,低,126,0,差0% ま0% 差ま0% 抜0%,6,0,69.1,1.1643,0,0.0263,0.1053,0.0789,0.0263,0.0943,0.0943,0.2486,,,D,,◎,0.3797,0.595,0.4158,0.5254,S,90,0,◎1着固定 2-3着流し（5〜8点）,0.5777,"{'is_target': True, 'verdict': '参加推奨', 'max_combo_prob': 0.0636, 'est_top_odds': 21.0, 'circle_concentration': 66.0, 'eligible_count': 6, 'bet_adj': 2, 'reason': 'rel_win1=57.0%（本命度） / 最有力組み合わせ確率: 0.064（推定実オッズ?21倍） / 2着集中度: 上位2艇 66.0%（補正+0.00） / 総合判定確率: 0.064 / → ヒモ分散。1号艇1着固定で広めのヒモ流し推奨（買い目+2点）', 'tenji_trigger': '展示確認: ヒモ分散レース。1号艇伸び確認後、広めのヒモ流しを採用。穴ヒモ（5・6号艇）を積極的に含める。'}",,,28.3,逃げ狙い,23.58,24.1,2,,,,,,,,,,,
2026-04-10,丸亀,12,5,坪口竜也,A2,28.15,5,,2.6836,12.6,97,50.9,0.1584,3.8,,,0,低,84,0,-,3,0,30.7,0.7879,,,,,,0,0.0667,0.0333,,,C,◎,,0.2759,0.6815,,0.5254,S,90,0,◎1着固定 2-3着流し（5〜8点）,0.5777,"{'is_target': True, 'verdict': '参加推奨', 'max_combo_prob': 0.0636, 'est_top_odds': 21.0, 'circle_concentration': 66.0, 'eligible_count': 6, 'bet_adj': 2, 'reason': 'rel_win1=57.0%（本命度） / 最有力組み合わせ確率: 0.064（推定実オッズ?21倍） / 2着集中度: 上位2艇 66.0%（補正+0.00） / 総合判定確率: 0.064 / → ヒモ分散。1号艇1着固定で広めのヒモ流し推奨（買い目+2点）', 'tenji_trigger': '展示確認: ヒモ分散レース。1号艇伸び確認後、広めのヒモ流しを採用。穴ヒモ（5・6号艇）を積極的に含める。'}",,,28.3,逃げ狙い,23.58,24.1,2,,,,,,,,,,,
2026-04-10,丸亀,12,6,渡部　悟,A2,18.25,6,,0.8577,5.7,78,34.4,0.1689,3.8984,,,0,低,79,0,-,43,0,57.2,1.3928,,,,,,0.1639,0.1194,0.0296,,,E,△,,0.2419,0.66,,0.5254,S,90,0,◎1着固定 2-3着流し（5〜8点）,0.5777,"{'is_target': True, 'verdict': '参加推奨', 'max_combo_prob': 0.0636, 'est_top_odds': 21.0, 'circle_concentration': 66.0, 'eligible_count': 6, 'bet_adj': 2, 'reason': 'rel_win1=57.0%（本命度） / 最有力組み合わせ確率: 0.064（推定実オッズ?21倍） / 2着集中度: 上位2艇 66.0%（補正+0.00） / 総合判定確率: 0.064 / → ヒモ分散。1号艇1着固定で広めのヒモ流し推奨（買い目+2点）', 'tenji_trigger': '展示確認: ヒモ分散レース。1号艇伸び確認後、広めのヒモ流しを採用。穴ヒモ（5・6号艇）を積極的に含める。'}",,,28.3,逃げ狙い,23.58,24.1,2,,,,,,,,,,,
2026-04-11,丸亀,1,1,小野寺智,B1,27.69,1,◎,57.2966,,0,87.7,0.1182,2.5411,,,0,低,79,0,逃1%,126,0,89.2,1.2724,0.4348,,,,,0.1217,0.0174,0.3096,◎,,D,○,,,0.6185,,0.6412,S,82,0,◎1着固定 2-3着流し（5〜8点）,0.5777,"{'is_target': True, 'verdict': '点数絞り', 'max_combo_prob': 0.0945, 'est_top_odds': 14.1, 'circle_concentration': 73.6, 'eligible_count': 6, 'bet_adj': 0, 'reason': 'rel_win1=57.3%（本命度） / 最有力組み合わせ確率: 0.095（推定実オッズ?14倍） / 2着集中度: 上位2艇 73.6%（補正+0.04） / 総合判定確率: 0.135 / → ヒモはやや固め。上位2艇以外を切ること', 'tenji_trigger': '展示確認: 1号艇伸び良→そのまま採用。悪→飛び組に差し替え。circle_pct上位2艇に絞り込むこと。\n展示で1号艇スタート超安定(0.118秒)→ヒモ固まり方向に注意'}",,,27.4,逃げ狙い,15.13,28.7,3,,,,,0,0,0.7559,0,,逃げ軸流し,A
2026-04-11,丸亀,1,2,榮田将彦,B1,33.85,2,△,13.2822,52.9,86,47.1,0.1445,2.9412,,,0,低,41,0,-,642,0,16.9,0.4766,0,0.0909,0.0455,0,0,0.28,0.0533,0.0267,,,D,◎,,0.0867,0.6605,,0.6412,S,82,0,◎1着固定 2-3着流し（5〜8点）,0.5777,"{'is_target': True, 'verdict': '点数絞り', 'max_combo_prob': 0.0945, 'est_top_odds': 14.1, 'circle_concentration': 73.6, 'eligible_count': 6, 'bet_adj': 0, 'reason': 'rel_win1=57.3%（本命度） / 最有力組み合わせ確率: 0.095（推定実オッズ?14倍） / 2着集中度: 上位2艇 73.6%（補正+0.04） / 総合判定確率: 0.135 / → ヒモはやや固め。上位2艇以外を切ること', 'tenji_trigger': '展示確認: 1号艇伸び良→そのまま採用。悪→飛び組に差し替え。circle_pct上位2艇に絞り込むこと。\n展示で1号艇スタート超安定(0.118秒)→ヒモ固まり方向に注意'}",,,27.4,逃げ狙い,15.13,28.7,3,,,,,,,,,,,
2026-04-11,丸亀,1,3,谷口　丞,B1,45.24,3,▲,11.9298,20.6,95,21.4,0.1514,3.4286,,,0,低,67,1,抜0%,456,0,29.8,0.7292,0,0,0,0,0.0714,0,0.3333,0.3333,,,B,,,0.1544,0.536,,0.6412,S,82,0,◎1着固定 2-3着流し（5〜8点）,0.5777,"{'is_target': True, 'verdict': '点数絞り', 'max_combo_prob': 0.0945, 'est_top_odds': 14.1, 'circle_concentration': 73.6, 'eligible_count': 6, 'bet_adj': 0, 'reason': 'rel_win1=57.3%（本命度） / 最有力組み合わせ確率: 0.095（推定実オッズ?14倍） / 2着集中度: 上位2艇 73.6%（補正+0.04） / 総合判定確率: 0.135 / → ヒモはやや固め。上位2艇以外を切ること', 'tenji_trigger': '展示確認: 1号艇伸び良→そのまま採用。悪→飛び組に差し替え。circle_pct上位2艇に絞り込むこと。\n展示で1号艇スタート超安定(0.118秒)→ヒモ固まり方向に注意'}",,,27.4,逃げ狙い,15.13,28.7,3,,,,,,,,,,,
2026-04-11,丸亀,1,4,田添康介,B1,48.84,4,○,12.3908,15.8,100,34.9,0.1651,3.2558,,,0,低,78,0,-,5 6,0,98.4,1.917,0,0,0.0556,0,0,0.375,0.375,0,,,B,△,,0.1154,0.5535,,0.6412,S,82,0,◎1着固定 2-3着流し（5〜8点）,0.5777,"{'is_target': True, 'verdict': '点数絞り', 'max_combo_prob': 0.0945, 'est_top_odds': 14.1, 'circle_concentration': 73.6, 'eligible_count': 6, 'bet_adj': 0, 'reason': 'rel_win1=57.3%（本命度） / 最有力組み合わせ確率: 0.095（推定実オッズ?14倍） / 2着集中度: 上位2艇 73.6%（補正+0.04） / 総合判定確率: 0.135 / → ヒモはやや固め。上位2艇以外を切ること', 'tenji_trigger': '展示確認: 1号艇伸び良→そのまま採用。悪→飛び組に差し替え。circle_pct上位2艇に絞り込むこと。\n展示で1号艇スタート超安定(0.118秒)→ヒモ固まり方向に注意'}",,,27.4,逃げ狙い,15.13,28.7,3,,,,,,,,,,,
2026-04-11,丸亀,1,5,本吉正樹,B1,25.76,5,,3.798,6.4,67,23.6,0.1798,3.9455,,,0,低,152,0,-,2 42,0,53,1.0638,,,,,,0.175,0.2643,0.0143,,,E,△,,0.1404,0.585,,0.6412,S,82,0,◎1着固定 2-3着流し（5〜8点）,0.5777,"{'is_target': True, 'verdict': '点数絞り', 'max_combo_prob': 0.0945, 'est_top_odds': 14.1, 'circle_concentration': 73.6, 'eligible_count': 6, 'bet_adj': 0, 'reason': 'rel_win1=57.3%（本命度） / 最有力組み合わせ確率: 0.095（推定実オッズ?14倍） / 2着集中度: 上位2艇 73.6%（補正+0.04） / 総合判定確率: 0.135 / → ヒモはやや固め。上位2艇以外を切ること', 'tenji_trigger': '展示確認: 1号艇伸び良→そのまま採用。悪→飛び組に差し替え。circle_pct上位2艇に絞り込むこと。\n展示で1号艇スタート超安定(0.118秒)→ヒモ固まり方向に注意'}",,,27.4,逃げ狙い,15.13,28.7,3,,,,,,,,,,,
2026-04-11,丸亀,1,6,奥村明日,B1,50.00,6,,1.3027,4.2,59,12.9,0.1906,4.3387,,,0,低,83,0,-,335,0,29,0.6611,,,,,,0.6,0.1,0,,,A,,,0.1376,0.5175,,0.6412,S,82,0,◎1着固定 2-3着流し（5〜8点）,0.5777,"{'is_target': True, 'verdict': '点数絞り', 'max_combo_prob': 0.0945, 'est_top_odds': 14.1, 'circle_concentration': 73.6, 'eligible_count': 6, 'bet_adj': 0, 'reason': 'rel_win1=57.3%（本命度） / 最有力組み合わせ確率: 0.095（推定実オッズ?14倍） / 2着集中度: 上位2艇 73.6%（補正+0.04） / 総合判定確率: 0.135 / → ヒモはやや固め。上位2艇以外を切ること', 'tenji_trigger': '展示確認: 1号艇伸び良→そのまま採用。悪→飛び組に差し替え。circle_pct上位2艇に絞り込むこと。\n展示で1号艇スタート超安定(0.118秒)→ヒモ固まり方向に注意'}",,,27.4,逃げ狙い,15.13,28.7,3,,,,,,,,,,,
2026-04-11,丸亀,2,1,中澤宏奈,B2,39.39,1,◎,57.2702,,0,86.2,0.1803,3.7414,,,0,低,56,0,逃1%,252,0,85.3,1.111,0.625,,,,,0.05,0,0.4,○,,A,△,,,0.5985,,0.3433,S,83,0,◎1着固定 2-3着流し（5〜8点）,0.5777,"{'is_target': True, 'verdict': '参加推奨', 'max_combo_prob': 0.07, 'est_top_odds': 19.0, 'circle_concentration': 61.5, 'eligible_count': 6, 'bet_adj': 2, 'reason': 'rel_win1=57.3%（本命度） / 最有力組み合わせ確率: 0.070（推定実オッズ?19倍） / 2着集中度: 上位2艇 61.5%（補正+0.00） / 総合判定確率: 0.070 / → ヒモ分散。1号艇1着固定で広めのヒモ流し推奨（買い目+2点）', 'tenji_trigger': '展示確認: ヒモ分散レース。1号艇伸び確認後、広めのヒモ流しを採用。穴ヒモ（5・6号艇）を積極的に含める。\n展示で1号艇スタート遅め(0.180秒)確認→ヒモが荒れやすい'}",,,27.2,逃げ狙い,11.34,31.6,3,,,,,0,0,0.6155,0,,逃げ軸流し,A
2026-04-11,丸亀,2,2,須藤隆雄,B1,26.98,2,○,8.0295,40.6,52,48,0.1642,3.03,,,0,低,110,0,差0%,652,0,45.3,0.8024,0,0.037,0,0,0,0.1364,0.0909,0.6455,,◎,C,△,,0.4677,0.585,,0.3433,S,83,0,◎1着固定 2-3着流し（5〜8点）,0.5777,"{'is_target': True, 'verdict': '参加推奨', 'max_combo_prob': 0.07, 'est_top_odds': 19.0, 'circle_concentration': 61.5, 'eligible_count': 6, 'bet_adj': 2, 'reason': 'rel_win1=57.3%（本命度） / 最有力組み合わせ確率: 0.070（推定実オッズ?19倍） / 2着集中度: 上位2艇 61.5%（補正+0.00） / 総合判定確率: 0.070 / → ヒモ分散。1号艇1着固定で広めのヒモ流し推奨（買い目+2点）', 'tenji_trigger': '展示確認: ヒモ分散レース。1号艇伸び確認後、広めのヒモ流しを採用。穴ヒモ（5・6号艇）を積極的に含める。\n展示で1号艇スタート遅め(0.180秒)確認→ヒモが荒れやすい'}",,,27.2,逃げ狙い,11.34,31.6,3,,,,,,,,,,,
2026-04-11,丸亀,2,3,森林　太,B1,25.00,3,△,14.7058,20.9,93,45.7,0.1867,4.0857,,,0,低,204,0,ま0%,545,0,57.4,1.249,0,0,0.1786,0,0.0357,0.0667,0.3556,0.1222,,,D,,,0.2897,0.555,,0.3433,S,83,0,◎1着固定 2-3着流し（5〜8点）,0.5777,"{'is_target': True, 'verdict': '参加推奨', 'max_combo_prob': 0.07, 'est_top_odds': 19.0, 'circle_concentration': 61.5, 'eligible_count': 6, 'bet_adj': 2, 'reason': 'rel_win1=57.3%（本命度） / 最有力組み合わせ確率: 0.070（推定実オッズ?19倍） / 2着集中度: 上位2艇 61.5%（補正+0.00） / 総合判定確率: 0.070 / → ヒモ分散。1号艇1着固定で広めのヒモ流し推奨（買い目+2点）', 'tenji_trigger': '展示確認: ヒモ分散レース。1号艇伸び確認後、広めのヒモ流しを採用。穴ヒモ（5・6号艇）を積極的に含める。\n展示で1号艇スタート遅め(0.180秒)確認→ヒモが荒れやすい'}",,,27.2,逃げ狙い,11.34,31.6,3,,,,,,,,,,,
2026-04-11,丸亀,2,4,立間充宏,B1,24.81,4,▲,12.7741,19.6,100,64.1,0.1387,2.6282,,,0,低,88,0,差0% ま0% 差ま0%,643,0,83.5,1.4181,0,0.0769,0.0769,0.0769,0,0.2727,0.1182,0.0727,,○,D,,◎,0.4615,0.5755,0.5051,0.3433,S,83,0,◎1着固定 2-3着流し（5〜8点）,0.5777,"{'is_target': True, 'verdict': '参加推奨', 'max_combo_prob': 0.07, 'est_top_odds': 19.0, 'circle_concentration': 61.5, 'eligible_count': 6, 'bet_adj': 2, 'reason': 'rel_win1=57.3%（本命度） / 最有力組み合わせ確率: 0.070（推定実オッズ?19倍） / 2着集中度: 上位2艇 61.5%（補正+0.00） / 総合判定確率: 0.070 / → ヒモ分散。1号艇1着固定で広めのヒモ流し推奨（買い目+2点）', 'tenji_trigger': '展示確認: ヒモ分散レース。1号艇伸び確認後、広めのヒモ流しを採用。穴ヒモ（5・6号艇）を積極的に含める。\n展示で1号艇スタート遅め(0.180秒)確認→ヒモが荒れやすい'}",,,27.2,逃げ狙い,11.34,31.6,3,,,,,,,,,,,
2026-04-11,丸亀,2,5,河野真也,A2,21.54,5,,4.9123,18.4,65,39.3,0.19,3.9911,,,0,低,156,0,差ま0%,663,0,27.2,0.4586,0,0,0,0.04,0,0.0645,0.0258,0.1774,,,E,○,,0.2503,0.6315,,0.3433,S,83,0,◎1着固定 2-3着流し（5〜8点）,0.5777,"{'is_target': True, 'verdict': '参加推奨', 'max_combo_prob': 0.07, 'est_top_odds': 19.0, 'circle_concentration': 61.5, 'eligible_count': 6, 'bet_adj': 2, 'reason': 'rel_win1=57.3%（本命度） / 最有力組み合わせ確率: 0.070（推定実オッズ?19倍） / 2着集中度: 上位2艇 61.5%（補正+0.00） / 総合判定確率: 0.070 / → ヒモ分散。1号艇1着固定で広めのヒモ流し推奨（買い目+2点）', 'tenji_trigger': '展示確認: ヒモ分散レース。1号艇伸び確認後、広めのヒモ流しを採用。穴ヒモ（5・6号艇）を積極的に含める。\n展示で1号艇スタート遅め(0.180秒)確認→ヒモが荒れやすい'}",,,27.2,逃げ狙い,11.34,31.6,3,,,,,,,,,,,
2026-04-11,丸亀,2,6,野末智一,A2,34.92,6,,2.3082,0.5,74,27.6,0.2271,5.2328,,,0,低,227,0,-,443,0,37.4,1.1525,,,,,,0.1722,0.1512,0.0737,,,B,◎,,0.1648,0.6595,,0.3433,S,83,0,◎1着固定 2-3着流し（5〜8点）,0.5777,"{'is_target': True, 'verdict': '参加推奨', 'max_combo_prob': 0.07, 'est_top_odds': 19.0, 'circle_concentration': 61.5, 'eligible_count': 6, 'bet_adj': 2, 'reason': 'rel_win1=57.3%（本命度） / 最有力組み合わせ確率: 0.070（推定実オッズ?19倍） / 2着集中度: 上位2艇 61.5%（補正+0.00） / 総合判定確率: 0.070 / → ヒモ分散。1号艇1着固定で広めのヒモ流し推奨（買い目+2点）', 'tenji_trigger': '展示確認: ヒモ分散レース。1号艇伸び確認後、広めのヒモ流しを採用。穴ヒモ（5・6号艇）を積極的に含める。\n展示で1号艇スタート遅め(0.180秒)確認→ヒモが荒れやすい'}",,,27.2,逃げ狙い,11.34,31.6,3,,,,,,,,,,,
2026-04-11,丸亀,3,1,松山裕基,B1,22.90,1,◎,50.5802,,0,64.1,0.1395,2.3846,,,0,低,100,0,逃0%,143,0,51.5,0.8572,0.3043,,,,,0.0696,0.2417,0.3096,◎,,E,△,,,0.6065,,0.4999,B,47,0,◎○△フォーメーション（15〜20点）,0.5777,"{'is_target': True, 'verdict': '参加推奨', 'max_combo_prob': 0.053, 'est_top_odds': 25.1, 'circle_concentration': 64.6, 'eligible_count': 9, 'bet_adj': 2, 'reason': 'rel_win1=50.6%（本命度） / 最有力組み合わせ確率: 0.053（推定実オッズ?25倍） / 2着集中度: 上位2艇 64.6%（補正+0.00） / 総合判定確率: 0.053 / → ヒモ分散。1号艇1着固定で広めのヒモ流し推奨（買い目+2点）', 'tenji_trigger': '展示確認: ヒモ分散レース。1号艇伸び確認後、広めのヒモ流しを採用。穴ヒモ（5・6号艇）を積極的に含める。\n展示で1号艇スタート超安定(0.140秒)→ヒモ固まり方向に注意'}",,,28.3,両建て推奨,13.5,32.8,4,,,,,0,0,0.7559,0,,逃げ軸流し,A
2026-04-11,丸亀,3,2,吉永泰弘,B1,56.69,2,▲,11.341,37.6,100,40.4,0.169,3.4615,,,0,低,137,0,-,5 15,0,95.9,1.8462,0,0.0476,0,0,0,0.2376,0.4541,0.0235,,,A,○,,0.0697,0.6525,,0.4999,B,47,0,◎○△フォーメーション（15〜20点）,0.5777,"{'is_target': True, 'verdict': '参加推奨', 'max_combo_prob': 0.053, 'est_top_odds': 25.1, 'circle_concentration': 64.6, 'eligible_count': 9, 'bet_adj': 2, 'reason': 'rel_win1=50.6%（本命度） / 最有力組み合わせ確率: 0.053（推定実オッズ?25倍） / 2着集中度: 上位2艇 64.6%（補正+0.00） / 総合判定確率: 0.053 / → ヒモ分散。1号艇1着固定で広めのヒモ流し推奨（買い目+2点）', 'tenji_trigger': '展示確認: ヒモ分散レース。1号艇伸び確認後、広めのヒモ流しを採用。穴ヒモ（5・6号艇）を積極的に含める。\n展示で1号艇スタート超安定(0.140秒)→ヒモ固まり方向に注意'}",,,28.3,両建て推奨,13.5,32.8,4,,,,,,,,,,,
2026-04-11,丸亀,3,3,樋江井舞,B1,38.28,3,○,15.7628,19.9,81,25,0.16,3.9375,,,0,低,76,1,-,363,0,25.6,0.8263,,,,,,,,,,,B,,,0.2365,0.539,,0.4999,B,47,0,◎○△フォーメーション（15〜20点）,0.5777,"{'is_target': True, 'verdict': '参加推奨', 'max_combo_prob': 0.053, 'est_top_odds': 25.1, 'circle_concentration': 64.6, 'eligible_count': 9, 'bet_adj': 2, 'reason': 'rel_win1=50.6%（本命度） / 最有力組み合わせ確率: 0.053（推定実オッズ?25倍） / 2着集中度: 上位2艇 64.6%（補正+0.00） / 総合判定確率: 0.053 / → ヒモ分散。1号艇1着固定で広めのヒモ流し推奨（買い目+2点）', 'tenji_trigger': '展示確認: ヒモ分散レース。1号艇伸び確認後、広めのヒモ流しを採用。穴ヒモ（5・6号艇）を積極的に含める。\n展示で1号艇スタート超安定(0.140秒)→ヒモ固まり方向に注意'}",,,28.3,両建て推奨,13.5,32.8,4,,,,,,,,,,,
2026-04-11,丸亀,3,4,村田修次,A2,33.85,4,△,15.3303,27.1,84,52.5,0.1653,3.2375,,,0,低,93,0,-,232,0,64.5,1.3366,,,,,,0.0625,0.1107,0.2214,,,D,△,◎,0.2459,0.6435,0.2607,0.4999,B,47,0,◎○△フォーメーション（15〜20点）,0.5777,"{'is_target': True, 'verdict': '参加推奨', 'max_combo_prob': 0.053, 'est_top_odds': 25.1, 'circle_concentration': 64.6, 'eligible_count': 9, 'bet_adj': 2, 'reason': 'rel_win1=50.6%（本命度） / 最有力組み合わせ確率: 0.053（推定実オッズ?25倍） / 2着集中度: 上位2艇 64.6%（補正+0.00） / 総合判定確率: 0.053 / → ヒモ分散。1号艇1着固定で広めのヒモ流し推奨（買い目+2点）', 'tenji_trigger': '展示確認: ヒモ分散レース。1号艇伸び確認後、広めのヒモ流しを採用。穴ヒモ（5・6号艇）を積極的に含める。\n展示で1号艇スタート超安定(0.140秒)→ヒモ固まり方向に注意'}",,,28.3,両建て推奨,13.5,32.8,4,,,,,,,,,,,
2026-04-11,丸亀,3,5,間庭菜摘,B1,29.46,5,,4.1255,10.8,86,39.4,0.1676,3.5152,,,0,低,76,0,-,2 44,0,46.2,1.0333,,,,,,0,0.4,0.04,,,D,,,0.2569,0.5795,,0.4999,B,47,0,◎○△フォーメーション（15〜20点）,0.5777,"{'is_target': True, 'verdict': '参加推奨', 'max_combo_prob': 0.053, 'est_top_odds': 25.1, 'circle_concentration': 64.6, 'eligible_count': 9, 'bet_adj': 2, 'reason': 'rel_win1=50.6%（本命度） / 最有力組み合わせ確率: 0.053（推定実オッズ?25倍） / 2着集中度: 上位2艇 64.6%（補正+0.00） / 総合判定確率: 0.053 / → ヒモ分散。1号艇1着固定で広めのヒモ流し推奨（買い目+2点）', 'tenji_trigger': '展示確認: ヒモ分散レース。1号艇伸び確認後、広めのヒモ流しを採用。穴ヒモ（5・6号艇）を積極的に含める。\n展示で1号艇スタート超安定(0.140秒)→ヒモ固まり方向に注意'}",,,28.3,両建て推奨,13.5,32.8,4,,,,,,,,,,,
2026-04-11,丸亀,3,6,深川真二,A1,37.31,6,,2.8602,4.7,57,,,,,,0,低,21,1,-,115,0,,,,,,,,,,,,,C,◎,○,0.3463,0.6545,0.15,0.4999,B,47,0,◎○△フォーメーション（15〜20点）,0.5777,"{'is_target': True, 'verdict': '参加推奨', 'max_combo_prob': 0.053, 'est_top_odds': 25.1, 'circle_concentration': 64.6, 'eligible_count': 9, 'bet_adj': 2, 'reason': 'rel_win1=50.6%（本命度） / 最有力組み合わせ確率: 0.053（推定実オッズ?25倍） / 2着集中度: 上位2艇 64.6%（補正+0.00） / 総合判定確率: 0.053 / → ヒモ分散。1号艇1着固定で広めのヒモ流し推奨（買い目+2点）', 'tenji_trigger': '展示確認: ヒモ分散レース。1号艇伸び確認後、広めのヒモ流しを採用。穴ヒモ（5・6号艇）を積極的に含める。\n展示で1号艇スタート超安定(0.140秒)→ヒモ固まり方向に注意'}",,,28.3,両建て推奨,13.5,32.8,4,,,,,,,,,,,
2026-04-11,丸亀,4,1,深見亜由,B2,34.88,1,◎,50.755,,0,57.1,0.1343,2.5,,,0,低,23,1,-,5 44,0,59,0.7856,,,,,,0.36,0.64,0,○⚠️,,B,,,,0.497,,0.3515,C,41,0,荒れ傾向。高配当狙いか見送り,0.5777,"{'is_target': True, 'verdict': '参加推奨', 'max_combo_prob': 0.0758, 'est_top_odds': 17.6, 'circle_concentration': 67.1, 'eligible_count': 6, 'bet_adj': 2, 'reason': 'rel_win1=50.8%（本命度） / 最有力組み合わせ確率: 0.076（推定実オッズ?18倍） / 2着集中度: 上位2艇 67.1%（補正+0.00） / 総合判定確率: 0.076 / → ヒモ分散。1号艇1着固定で広めのヒモ流し推奨（買い目+2点）', 'tenji_trigger': '展示確認: ヒモ分散レース。1号艇伸び確認後、広めのヒモ流しを採用。穴ヒモ（5・6号艇）を積極的に含める。\n展示で1号艇スタート超安定(0.134秒)→ヒモ固まり方向に注意'}",,,35.2,両建て推奨,18.27,48.3,3,4-5-6|4-3-5|4-5-1|4-5-3|4-6-5|4-3-6|4-3-1|1-3-4|1-2-4|1-4-3|1-3-2|1-4-2,4-5-6|4-3-5|4-5-1|4-5-3|4-6-5|4-3-6|4-3-1|1-3-4|1-2-4|1-4-3|1-3-2|1-4-2,4-5-6:2.22%|4-3-5:2.13%|4-5-1:1.61%|4-5-3:1.55%|4-6-5:1.14%|4-3-6:1.12%|4-3-1:0.82%|1-3-4:7.08%|1-2-4:5.24%|1-4-3:4.21%|1-3-2:4.13%|1-4-2:4.0%,4-5-6:B_main|4-3-5:B_main|4-5-1:B_main|4-5-3:B_main|4-6-5:B_main|4-3-6:B_main|4-3-1:B_main|1-3-4:A|1-2-4:A|1-4-3:A|1-3-2:A|1-4-2:A,12,12,0.4535,1,[!]見送り推奨（主役決まり手「まくり」― 逃げ劣勢レースで的中実績なし）,主役軸流し,B
2026-04-11,丸亀,4,2,古賀智之,A2,39.69,2,○,17.9067,27.8,100,58.5,0.1679,3.3113,,,0,低,119,0,差0% ま0% 抜0%,6 12,0,54.2,1.0216,0,0.0741,0.1111,0,0.037,0.05,0.4,0.125,,,A,△,,0.0708,0.5905,,0.3515,C,41,0,荒れ傾向。高配当狙いか見送り,0.5777,"{'is_target': True, 'verdict': '参加推奨', 'max_combo_prob': 0.0758, 'est_top_odds': 17.6, 'circle_concentration': 67.1, 'eligible_count': 6, 'bet_adj': 2, 'reason': 'rel_win1=50.8%（本命度） / 最有力組み合わせ確率: 0.076（推定実オッズ?18倍） / 2着集中度: 上位2艇 67.1%（補正+0.00） / 総合判定確率: 0.076 / → ヒモ分散。1号艇1着固定で広めのヒモ流し推奨（買い目+2点）', 'tenji_trigger': '展示確認: ヒモ分散レース。1号艇伸び確認後、広めのヒモ流しを採用。穴ヒモ（5・6号艇）を積極的に含める。\n展示で1号艇スタート超安定(0.134秒)→ヒモ固まり方向に注意'}",,,35.2,両建て推奨,18.27,48.3,3,,,,,,,,,,,
2026-04-11,丸亀,4,3,坪口竜也,A2,28.15,3,△,11.1121,39.3,72,75,0.1532,3.4432,,,0,低,84,0,-,3 12,0,38.4,0.8113,,,,,,0,0.0667,0.0333,,,D,○,,0.2166,0.6815,,0.3515,C,41,0,荒れ傾向。高配当狙いか見送り,0.5777,"{'is_target': True, 'verdict': '参加推奨', 'max_combo_prob': 0.0758, 'est_top_odds': 17.6, 'circle_concentration': 67.1, 'eligible_count': 6, 'bet_adj': 2, 'reason': 'rel_win1=50.8%（本命度） / 最有力組み合わせ確率: 0.076（推定実オッズ?18倍） / 2着集中度: 上位2艇 67.1%（補正+0.00） / 総合判定確率: 0.076 / → ヒモ分散。1号艇1着固定で広めのヒモ流し推奨（買い目+2点）', 'tenji_trigger': '展示確認: ヒモ分散レース。1号艇伸び確認後、広めのヒモ流しを採用。穴ヒモ（5・6号艇）を積極的に含める。\n展示で1号艇スタート超安定(0.134秒)→ヒモ固まり方向に注意'}",,,35.2,両建て推奨,18.27,48.3,3,,,,,,,,,,,
2026-04-11,丸亀,4,4,堀本和也,A1,28.70,4,▲,14.9461,27.8,69,59.5,0.104,2.5595,,,0,低,22,0,ま0% 差ま0% 抜0%,223,0,84.5,1.416,0,0,0.05,0.05,0.1,0.04,0.04,0.12,,◎,C,◎,◎,0.4068,0.769,0.444,0.3515,C,41,0,荒れ傾向。高配当狙いか見送り,0.5777,"{'is_target': True, 'verdict': '参加推奨', 'max_combo_prob': 0.0758, 'est_top_odds': 17.6, 'circle_concentration': 67.1, 'eligible_count': 6, 'bet_adj': 2, 'reason': 'rel_win1=50.8%（本命度） / 最有力組み合わせ確率: 0.076（推定実オッズ?18倍） / 2着集中度: 上位2艇 67.1%（補正+0.00） / 総合判定確率: 0.076 / → ヒモ分散。1号艇1着固定で広めのヒモ流し推奨（買い目+2点）', 'tenji_trigger': '展示確認: ヒモ分散レース。1号艇伸び確認後、広めのヒモ流しを採用。穴ヒモ（5・6号艇）を積極的に含める。\n展示で1号艇スタート超安定(0.134秒)→ヒモ固まり方向に注意'}",,,35.2,両建て推奨,18.27,48.3,3,,,,,,,,,,,
2026-04-11,丸亀,4,5,乙津康志,B1,27.56,5,,4.2237,2.7,73,26.7,0.2017,4.3833,,,0,低,167,0,-,1 31,0,29.3,0.6719,0,0,0,0.0345,0,0.1,0.18,0.42,,,D,△,,0.1062,0.596,,0.3515,C,41,0,荒れ傾向。高配当狙いか見送り,0.5777,"{'is_target': True, 'verdict': '参加推奨', 'max_combo_prob': 0.0758, 'est_top_odds': 17.6, 'circle_concentration': 67.1, 'eligible_count': 6, 'bet_adj': 2, 'reason': 'rel_win1=50.8%（本命度） / 最有力組み合わせ確率: 0.076（推定実オッズ?18倍） / 2着集中度: 上位2艇 67.1%（補正+0.00） / 総合判定確率: 0.076 / → ヒモ分散。1号艇1着固定で広めのヒモ流し推奨（買い目+2点）', 'tenji_trigger': '展示確認: ヒモ分散レース。1号艇伸び確認後、広めのヒモ流しを採用。穴ヒモ（5・6号艇）を積極的に含める。\n展示で1号艇スタート超安定(0.134秒)→ヒモ固まり方向に注意'}",,,35.2,両建て推奨,18.27,48.3,3,,,,,,,,,,,
2026-04-11,丸亀,4,6,成貞琳平,B1,23.08,6,,1.0565,2.4,21,10,0.2445,5.1125,,,0,低,120,0,-,3 55,0,23.4,0.7622,,,,,,0.075,0.375,0.25,,,E,,,0.1389,0.5785,,0.3515,C,41,0,荒れ傾向。高配当狙いか見送り,0.5777,"{'is_target': True, 'verdict': '参加推奨', 'max_combo_prob': 0.0758, 'est_top_odds': 17.6, 'circle_concentration': 67.1, 'eligible_count': 6, 'bet_adj': 2, 'reason': 'rel_win1=50.8%（本命度） / 最有力組み合わせ確率: 0.076（推定実オッズ?18倍） / 2着集中度: 上位2艇 67.1%（補正+0.00） / 総合判定確率: 0.076 / → ヒモ分散。1号艇1着固定で広めのヒモ流し推奨（買い目+2点）', 'tenji_trigger': '展示確認: ヒモ分散レース。1号艇伸び確認後、広めのヒモ流しを採用。穴ヒモ（5・6号艇）を積極的に含める。\n展示で1号艇スタート超安定(0.134秒)→ヒモ固まり方向に注意'}",,,35.2,両建て推奨,18.27,48.3,3,,,,,,,,,,,
2026-04-11,丸亀,5,1,松下誉士,B1,26.92,1,△,36.2767,,0,60,0.1764,3.39,,,0,低,189,0,逃0%,6 61,0,35.6,0.7596,0.1667,,,,,0.3405,0.169,0.2714,△,,E,○,,,0.6275,,0.248,D,34,1,大荒れ。見送り推奨,0.5777,"{'is_target': False, 'verdict': '対象外', 'max_combo_prob': None, 'est_top_odds': None, 'circle_concentration': None, 'eligible_count': 0, 'bet_adj': 0, 'reason': '1号艇rel_win1 < 45%: 通常判定に委ねる', 'tenji_trigger': ''}",,,33.9,両建て推奨,23.78,40.1,3,2-3-5|2-3-6|1-2-5|1-2-3|1-3-5|1-3-2|1-5-2,4-1-5|4-1-6|3-1-5|2-3-5|2-3-6|3-1-4|4-1-3|1-2-5|1-2-3|1-3-5|1-3-2|1-5-2,2-3-5:2.09%|2-3-6:1.7%|1-2-5:9.99%|1-2-3:7.27%|1-3-5:6.24%|1-3-2:4.97%|1-5-2:4.51%,2-3-5:B_main|2-3-6:B_main|1-2-5:A|1-2-3:A|1-3-5:A|1-3-2:A|1-5-2:A,7,12,0.4535,1,[!]見送り推奨（主役決まり手「まくり」― 逃げ劣勢レースで的中実績なし）,荒れ広め,D
2026-04-11,丸亀,5,2,三好勇人,A2,37.80,2,◎,14.3562,41.7,100,70.3,0.1291,2.4297,,,0,低,88,0,-,451,0,27.6,0.8426,0,0.0345,0.1379,0,0,0.0133,0.16,0.0533,,◎,B,,,0.6216,0.6185,,0.248,D,34,1,大荒れ。見送り推奨,0.5777,"{'is_target': False, 'verdict': '対象外', 'max_combo_prob': None, 'est_top_odds': None, 'circle_concentration': None, 'eligible_count': 0, 'bet_adj': 0, 'reason': '1号艇rel_win1 < 45%: 通常判定に委ねる', 'tenji_trigger': ''}",,,33.9,両建て推奨,23.78,40.1,3,,,,,,,,,,,
2026-04-11,丸亀,5,3,是澤孝宏,A2,35.66,3,▲,19.4837,24.2,87,66.1,0.164,3.2339,,,0,低,125,0,差ま0%,411,0,48.3,1.2613,0,0,0.0323,0.0968,0.0645,0.1625,0.0125,0.0375,,,C,△,,0.3959,0.6235,,0.248,D,34,1,大荒れ。見送り推奨,0.5777,"{'is_target': False, 'verdict': '対象外', 'max_combo_prob': None, 'est_top_odds': None, 'circle_concentration': None, 'eligible_count': 0, 'bet_adj': 0, 'reason': '1号艇rel_win1 < 45%: 通常判定に委ねる', 'tenji_trigger': ''}",,,33.9,両建て推奨,23.78,40.1,3,,,,,,,,,,,
2026-04-11,丸亀,5,4,上瀧絢也,B2,38.81,4,○,9.5834,7.3,75,26.8,0.1605,3.5976,,,0,低,78,0,-,1 56,0,45.4,1.0926,,,,,,0.0923,0.2423,0,,,B,,,0.3988,0.595,,0.248,D,34,1,大荒れ。見送り推奨,0.5777,"{'is_target': False, 'verdict': '対象外', 'max_combo_prob': None, 'est_top_odds': None, 'circle_concentration': None, 'eligible_count': 0, 'bet_adj': 0, 'reason': '1号艇rel_win1 < 45%: 通常判定に委ねる', 'tenji_trigger': ''}",,,33.9,両建て推奨,23.78,40.1,3,,,,,,,,,,,
2026-04-11,丸亀,5,5,北山康介,A1,32.81,5,,16.289,20.4,52,62.8,0.1374,2.9302,,,0,低,69,0,ま0% 差ま0%,3343,0,100,1.9979,0,0,0.15,0.05,0,0.0694,0.1138,0,,○,D,◎,◎,0.4664,0.663,0.3849,0.248,D,34,1,大荒れ。見送り推奨,0.5777,"{'is_target': False, 'verdict': '対象外', 'max_combo_prob': None, 'est_top_odds': None, 'circle_concentration': None, 'eligible_count': 0, 'bet_adj': 0, 'reason': '1号艇rel_win1 < 45%: 通常判定に委ねる', 'tenji_trigger': ''}",,,33.9,両建て推奨,23.78,40.1,3,,,,,,,,,,,
2026-04-11,丸亀,5,6,杉山喜一,B1,35.94,6,,4.011,6.3,47,27.7,0.1649,3.9468,,,0,低,91,0,差ま0%,2 44,0,45.7,1.1578,0,0,0,0.0526,0,0.0471,0.6382,0,,,C,△,,0.3447,0.625,,0.248,D,34,1,大荒れ。見送り推奨,0.5777,"{'is_target': False, 'verdict': '対象外', 'max_combo_prob': None, 'est_top_odds': None, 'circle_concentration': None, 'eligible_count': 0, 'bet_adj': 0, 'reason': '1号艇rel_win1 < 45%: 通常判定に委ねる', 'tenji_trigger': ''}",,,33.9,両建て推奨,23.78,40.1,3,,,,,,,,,,,
2026-04-11,丸亀,6,1,亀山雅幸,A2,38.76,1,◎,56.3042,,0,91.6,0.1593,2.8253,,,0,低,154,0,逃0%,326,0,80.9,1.2315,0.6389,,,,,0.0944,0.1222,0.0944,◎,,B,○,,,0.6195,,0.5051,S,84,0,◎1着固定 2-3着流し（5〜8点）,0.5777,"{'is_target': True, 'verdict': '参加推奨', 'max_combo_prob': 0.0765, 'est_top_odds': 17.4, 'circle_concentration': 69.3, 'eligible_count': 6, 'bet_adj': 2, 'reason': 'rel_win1=56.3%（本命度） / 最有力組み合わせ確率: 0.076（推定実オッズ?17倍） / 2着集中度: 上位2艇 69.3%（補正+0.00） / 総合判定確率: 0.076 / → ヒモ分散。1号艇1着固定で広めのヒモ流し推奨（買い目+2点）', 'tenji_trigger': '展示確認: ヒモ分散レース。1号艇伸び確認後、広めのヒモ流しを採用。穴ヒモ（5・6号艇）を積極的に含める。'}",,,29.7,逃げ狙い,22.12,29.3,2,,,,,0,0,0.7559,0,,逃げ軸流し,A
2026-04-11,丸亀,6,2,立間充宏,B1,24.81,2,,11.3584,39.4,68,52.9,0.1618,3.3235,,,0,低,88,0,-,643,0,46.7,0.884,,,,,,0.2727,0.1182,0.0727,,,E,,,0.3167,0.5755,,0.5051,S,84,0,◎1着固定 2-3着流し（5〜8点）,0.5777,"{'is_target': True, 'verdict': '参加推奨', 'max_combo_prob': 0.0765, 'est_top_odds': 17.4, 'circle_concentration': 69.3, 'eligible_count': 6, 'bet_adj': 2, 'reason': 'rel_win1=56.3%（本命度） / 最有力組み合わせ確率: 0.076（推定実オッズ?17倍） / 2着集中度: 上位2艇 69.3%（補正+0.00） / 総合判定確率: 0.076 / → ヒモ分散。1号艇1着固定で広めのヒモ流し推奨（買い目+2点）', 'tenji_trigger': '展示確認: ヒモ分散レース。1号艇伸び確認後、広めのヒモ流しを採用。穴ヒモ（5・6号艇）を積極的に含める。'}",,,29.7,逃げ狙い,22.12,29.3,2,,,,,,,,,,,
2026-04-11,丸亀,6,3,入澤友治,A2,25.40,3,,14.0927,25.4,86,60.3,0.1654,3.3492,,,0,低,126,0,ま0% 差ま0% 抜0%,6 26,0,46.1,1.2294,0,0,0.0714,0.0357,0.0357,0.0943,0.0943,0.2486,,,D,△,,0.2763,0.595,,0.5051,S,84,0,◎1着固定 2-3着流し（5〜8点）,0.5777,"{'is_target': True, 'verdict': '参加推奨', 'max_combo_prob': 0.0765, 'est_top_odds': 17.4, 'circle_concentration': 69.3, 'eligible_count': 6, 'bet_adj': 2, 'reason': 'rel_win1=56.3%（本命度） / 最有力組み合わせ確率: 0.076（推定実オッズ?17倍） / 2着集中度: 上位2艇 69.3%（補正+0.00） / 総合判定確率: 0.076 / → ヒモ分散。1号艇1着固定で広めのヒモ流し推奨（買い目+2点）', 'tenji_trigger': '展示確認: ヒモ分散レース。1号艇伸び確認後、広めのヒモ流しを採用。穴ヒモ（5・6号艇）を積極的に含める。'}",,,29.7,逃げ狙い,22.12,29.3,2,,,,,,,,,,,
2026-04-11,丸亀,6,4,市橋卓士,A1,25.19,4,△,10.7719,29.9,90,68.8,0.1498,2.7951,,,0,低,93,0,-,3636,0,100,2.0177,0,0,0.0345,0.1034,0,0.1045,0.0879,0.0795,,,D,△,◎,0.3553,0.6155,0.3669,0.5051,S,84,0,◎1着固定 2-3着流し（5〜8点）,0.5777,"{'is_target': True, 'verdict': '参加推奨', 'max_combo_prob': 0.0765, 'est_top_odds': 17.4, 'circle_concentration': 69.3, 'eligible_count': 6, 'bet_adj': 2, 'reason': 'rel_win1=56.3%（本命度） / 最有力組み合わせ確率: 0.076（推定実オッズ?17倍） / 2着集中度: 上位2艇 69.3%（補正+0.00） / 総合判定確率: 0.076 / → ヒモ分散。1号艇1着固定で広めのヒモ流し推奨（買い目+2点）', 'tenji_trigger': '展示確認: ヒモ分散レース。1号艇伸び確認後、広めのヒモ流しを採用。穴ヒモ（5・6号艇）を積極的に含める。'}",,,29.7,逃げ狙い,22.12,29.3,2,,,,,,,,,,,
2026-04-11,丸亀,6,5,榮田将彦,B1,33.85,5,○,5.6224,5,100,31.8,0.1286,2.4545,,,0,低,41,0,-,642,0,29.1,1.1,,,,,,0.28,0.0533,0.0267,,◎,C,◎,,0.4276,0.6605,,0.5051,S,84,0,◎1着固定 2-3着流し（5〜8点）,0.5777,"{'is_target': True, 'verdict': '参加推奨', 'max_combo_prob': 0.0765, 'est_top_odds': 17.4, 'circle_concentration': 69.3, 'eligible_count': 6, 'bet_adj': 2, 'reason': 'rel_win1=56.3%（本命度） / 最有力組み合わせ確率: 0.076（推定実オッズ?17倍） / 2着集中度: 上位2艇 69.3%（補正+0.00） / 総合判定確率: 0.076 / → ヒモ分散。1号艇1着固定で広めのヒモ流し推奨（買い目+2点）', 'tenji_trigger': '展示確認: ヒモ分散レース。1号艇伸び確認後、広めのヒモ流しを採用。穴ヒモ（5・6号艇）を積極的に含める。'}",,,29.7,逃げ狙い,22.12,29.3,2,,,,,,,,,,,
2026-04-11,丸亀,6,6,岡崎凪汰,B1,40.63,6,▲,1.8503,0.3,14,4.8,0.1875,3.994,,,0,低,54,0,差ま0%,6 5F,0,27.8,0.8378,0,0,0,0.0244,0,0.25,0.25,0.25,,,B,,,0.2049,0.498,,0.5051,S,84,0,◎1着固定 2-3着流し（5〜8点）,0.5777,"{'is_target': True, 'verdict': '参加推奨', 'max_combo_prob': 0.0765, 'est_top_odds': 17.4, 'circle_concentration': 69.3, 'eligible_count': 6, 'bet_adj': 2, 'reason': 'rel_win1=56.3%（本命度） / 最有力組み合わせ確率: 0.076（推定実オッズ?17倍） / 2着集中度: 上位2艇 69.3%（補正+0.00） / 総合判定確率: 0.076 / → ヒモ分散。1号艇1着固定で広めのヒモ流し推奨（買い目+2点）', 'tenji_trigger': '展示確認: ヒモ分散レース。1号艇伸び確認後、広めのヒモ流しを採用。穴ヒモ（5・6号艇）を積極的に含める。'}",,,29.7,逃げ狙い,22.12,29.3,2,,,,,,,,,,,
2026-04-11,丸亀,7,1,川井　萌,B2,27.69,1,◎,61.9968,,0,78.6,0.155,3.2857,,,0,低,50,0,逃0%,546,0,81.9,1.0509,0.5,,,,,0,0.5,0,◎,,D,△,,,0.6045,,0.529,A,75,0,◎-○軸 3着3〜4艇流し（10〜15点）,0.5777,"{'is_target': True, 'verdict': '点数絞り', 'max_combo_prob': 0.1384, 'est_top_odds': 9.6, 'circle_concentration': 69.7, 'eligible_count': 8, 'bet_adj': 0, 'reason': 'rel_win1=62.0%（本命度） / 最有力組み合わせ確率: 0.138（推定実オッズ?10倍） / 2着集中度: 上位2艇 69.7%（補正+0.00） / 総合判定確率: 0.138 / → ヒモはやや固め。上位2艇以外を切ること', 'tenji_trigger': '展示確認: 1号艇伸び良→そのまま採用。悪→飛び組に差し替え。circle_pct上位2艇に絞り込むこと。'}",,,28.6,逃げ狙い,13.42,33.8,4,,,,,0,0,0.7559,0,,逃げ軸流し,A
2026-04-11,丸亀,7,2,小野　桜,B1,24.03,2,,13.418,51.8,57,66.7,0.1988,4.2727,,,0,低,90,0,差0% ま0%,2 64,0,47.5,1.0836,0,0.0588,0.0588,0,0,0,0.0941,0.3176,,,E,○,,0.0629,0.611,,0.529,A,75,0,◎-○軸 3着3〜4艇流し（10〜15点）,0.5777,"{'is_target': True, 'verdict': '点数絞り', 'max_combo_prob': 0.1384, 'est_top_odds': 9.6, 'circle_concentration': 69.7, 'eligible_count': 8, 'bet_adj': 0, 'reason': 'rel_win1=62.0%（本命度） / 最有力組み合わせ確率: 0.138（推定実オッズ?10倍） / 2着集中度: 上位2艇 69.7%（補正+0.00） / 総合判定確率: 0.138 / → ヒモはやや固め。上位2艇以外を切ること', 'tenji_trigger': '展示確認: 1号艇伸び良→そのまま採用。悪→飛び組に差し替え。circle_pct上位2艇に絞り込むこと。'}",,,28.6,逃げ狙い,13.42,33.8,4,,,,,,,,,,,
2026-04-11,丸亀,7,3,奥村明日,B1,50.00,3,○,7.6674,14.1,100,43.8,0.1853,4,,,0,低,83,0,ま0%,335,0,20.1,0.71,0,0,0.0714,0,0,0.6,0.1,0,,,A,,,0.1402,0.5175,,0.529,A,75,0,◎-○軸 3着3〜4艇流し（10〜15点）,0.5777,"{'is_target': True, 'verdict': '点数絞り', 'max_combo_prob': 0.1384, 'est_top_odds': 9.6, 'circle_concentration': 69.7, 'eligible_count': 8, 'bet_adj': 0, 'reason': 'rel_win1=62.0%（本命度） / 最有力組み合わせ確率: 0.138（推定実オッズ?10倍） / 2着集中度: 上位2艇 69.7%（補正+0.00） / 総合判定確率: 0.138 / → ヒモはやや固め。上位2艇以外を切ること', 'tenji_trigger': '展示確認: 1号艇伸び良→そのまま採用。悪→飛び組に差し替え。circle_pct上位2艇に絞り込むこと。'}",,,28.6,逃げ狙い,13.42,33.8,4,,,,,,,,,,,
2026-04-11,丸亀,7,4,今井裕梨,A2,32.03,4,△,11.4413,17.9,54,72.2,0.16,2.3611,,,0,低,38,0,-,1 26,0,85.9,1.467,,,,,,0.1818,0.0909,0.1818,,,D,◎,,0.2932,0.6515,,0.529,A,75,0,◎-○軸 3着3〜4艇流し（10〜15点）,0.5777,"{'is_target': True, 'verdict': '点数絞り', 'max_combo_prob': 0.1384, 'est_top_odds': 9.6, 'circle_concentration': 69.7, 'eligible_count': 8, 'bet_adj': 0, 'reason': 'rel_win1=62.0%（本命度） / 最有力組み合わせ確率: 0.138（推定実オッズ?10倍） / 2着集中度: 上位2艇 69.7%（補正+0.00） / 総合判定確率: 0.138 / → ヒモはやや固め。上位2艇以外を切ること', 'tenji_trigger': '展示確認: 1号艇伸び良→そのまま採用。悪→飛び組に差し替え。circle_pct上位2艇に絞り込むこと。'}",,,28.6,逃げ狙い,13.42,33.8,4,,,,,,,,,,,
2026-04-11,丸亀,7,5,中澤宏奈,B2,39.39,5,▲,4.1724,14.2,61,47.8,0.1683,3.3478,,,0,低,56,0,-,252,0,72.8,1.2676,,,,,,0.05,0,0.4,,,B,△,,0.2677,0.5985,,0.529,A,75,0,◎-○軸 3着3〜4艇流し（10〜15点）,0.5777,"{'is_target': True, 'verdict': '点数絞り', 'max_combo_prob': 0.1384, 'est_top_odds': 9.6, 'circle_concentration': 69.7, 'eligible_count': 8, 'bet_adj': 0, 'reason': 'rel_win1=62.0%（本命度） / 最有力組み合わせ確率: 0.138（推定実オッズ?10倍） / 2着集中度: 上位2艇 69.7%（補正+0.00） / 総合判定確率: 0.138 / → ヒモはやや固め。上位2艇以外を切ること', 'tenji_trigger': '展示確認: 1号艇伸び良→そのまま採用。悪→飛び組に差し替え。circle_pct上位2艇に絞り込むこと。'}",,,28.6,逃げ狙い,13.42,33.8,4,,,,,,,,,,,
2026-04-11,丸亀,7,6,樋江井舞,B1,38.28,6,,1.304,2,17,4.3,0.1948,4.0924,,,0,低,76,0,-,363,0,27.8,0.6017,,,,,,,,,,,C,,,0.1834,0.539,,0.529,A,75,0,◎-○軸 3着3〜4艇流し（10〜15点）,0.5777,"{'is_target': True, 'verdict': '点数絞り', 'max_combo_prob': 0.1384, 'est_top_odds': 9.6, 'circle_concentration': 69.7, 'eligible_count': 8, 'bet_adj': 0, 'reason': 'rel_win1=62.0%（本命度） / 最有力組み合わせ確率: 0.138（推定実オッズ?10倍） / 2着集中度: 上位2艇 69.7%（補正+0.00） / 総合判定確率: 0.138 / → ヒモはやや固め。上位2艇以外を切ること', 'tenji_trigger': '展示確認: 1号艇伸び良→そのまま採用。悪→飛び組に差し替え。circle_pct上位2艇に絞り込むこと。'}",,,28.6,逃げ狙い,13.42,33.8,4,,,,,,,,,,,
2026-04-11,丸亀,8,1,加藤政彦,A1,40.63,1,◎,67.5202,,0,86.8,0.1479,2.4412,,,0,低,105,0,逃1%,1 32,0,89,1.1569,0.5417,,,,,0.35,0.0667,0.1833,◎,,B,△,,,0.5995,,0.5727,S,95,0,◎1着固定 2-3着流し（5〜8点）,0.5777,"{'is_target': True, 'verdict': '点数絞り', 'max_combo_prob': 0.1348, 'est_top_odds': 9.9, 'circle_concentration': 73.2, 'eligible_count': 6, 'bet_adj': 0, 'reason': 'rel_win1=67.5%（本命度） / 最有力組み合わせ確率: 0.135（推定実オッズ?10倍） / 2着集中度: 上位2艇 73.2%（補正+0.04） / 総合判定確率: 0.175 / → ヒモはやや固め。上位2艇以外を切ること', 'tenji_trigger': '展示確認: 1号艇伸び良→そのまま採用。悪→飛び組に差し替え。circle_pct上位2艇に絞り込むこと。'}",,,30.9,逃げ狙い,17.87,36.5,2,,,,,0,0,0.7559,0,,逃げ軸流し,A
2026-04-11,丸亀,8,2,大須賀友,A2,28.89,2,▲,15.6546,49.7,84,75,0.1781,3.7188,,,0,低,116,0,差0%,2554,0,30.7,0.8657,0,0.1111,0.1481,0,0,0.0516,0.1258,0.0129,,,C,△,,0.1329,0.599,,0.5727,S,95,0,◎1着固定 2-3着流し（5〜8点）,0.5777,"{'is_target': True, 'verdict': '点数絞り', 'max_combo_prob': 0.1348, 'est_top_odds': 9.9, 'circle_concentration': 73.2, 'eligible_count': 6, 'bet_adj': 0, 'reason': 'rel_win1=67.5%（本命度） / 最有力組み合わせ確率: 0.135（推定実オッズ?10倍） / 2着集中度: 上位2艇 73.2%（補正+0.04） / 総合判定確率: 0.175 / → ヒモはやや固め。上位2艇以外を切ること', 'tenji_trigger': '展示確認: 1号艇伸び良→そのまま採用。悪→飛び組に差し替え。circle_pct上位2艇に絞り込むこと。'}",,,30.9,逃げ狙い,17.87,36.5,2,,,,,,,,,,,
2026-04-11,丸亀,8,3,松山裕基,B1,22.90,3,,5.6198,22.1,66,41,0.1475,3.4262,,,0,低,100,0,抜0%,143,0,36,0.7658,0,0,0,0,0.0333,0.0696,0.2417,0.3096,,,E,○,,0.3385,0.6065,,0.5727,S,95,0,◎1着固定 2-3着流し（5〜8点）,0.5777,"{'is_target': True, 'verdict': '点数絞り', 'max_combo_prob': 0.1348, 'est_top_odds': 9.9, 'circle_concentration': 73.2, 'eligible_count': 6, 'bet_adj': 0, 'reason': 'rel_win1=67.5%（本命度） / 最有力組み合わせ確率: 0.135（推定実オッズ?10倍） / 2着集中度: 上位2艇 73.2%（補正+0.04） / 総合判定確率: 0.175 / → ヒモはやや固め。上位2艇以外を切ること', 'tenji_trigger': '展示確認: 1号艇伸び良→そのまま採用。悪→飛び組に差し替え。circle_pct上位2艇に絞り込むこと。'}",,,30.9,逃げ狙い,17.87,36.5,2,,,,,,,,,,,
2026-04-11,丸亀,8,4,坪口竜也,A2,28.15,4,△,7.0303,23.5,100,69.6,0.1623,3.8214,,,0,低,84,0,-,3 12,0,64,1.2272,0,0,0.0476,0.0952,0,0,0.0667,0.0333,,,D,◎,◎,0.2513,0.6815,0.372,0.5727,S,95,0,◎1着固定 2-3着流し（5〜8点）,0.5777,"{'is_target': True, 'verdict': '点数絞り', 'max_combo_prob': 0.1348, 'est_top_odds': 9.9, 'circle_concentration': 73.2, 'eligible_count': 6, 'bet_adj': 0, 'reason': 'rel_win1=67.5%（本命度） / 最有力組み合わせ確率: 0.135（推定実オッズ?10倍） / 2着集中度: 上位2艇 73.2%（補正+0.04） / 総合判定確率: 0.175 / → ヒモはやや固め。上位2艇以外を切ること', 'tenji_trigger': '展示確認: 1号艇伸び良→そのまま採用。悪→飛び組に差し替え。circle_pct上位2艇に絞り込むこと。'}",,,30.9,逃げ狙い,17.87,36.5,2,,,,,,,,,,,
2026-04-11,丸亀,8,5,田添康介,B1,48.84,5,○,3.1236,1.8,53,16.3,0.1698,3.7791,,,0,低,78,0,-,5 6,0,23.6,0.6319,,,,,,0.375,0.375,0,,,A,,,0.2519,0.5535,,0.5727,S,95,0,◎1着固定 2-3着流し（5〜8点）,0.5777,"{'is_target': True, 'verdict': '点数絞り', 'max_combo_prob': 0.1348, 'est_top_odds': 9.9, 'circle_concentration': 73.2, 'eligible_count': 6, 'bet_adj': 0, 'reason': 'rel_win1=67.5%（本命度） / 最有力組み合わせ確率: 0.135（推定実オッズ?10倍） / 2着集中度: 上位2艇 73.2%（補正+0.04） / 総合判定確率: 0.175 / → ヒモはやや固め。上位2艇以外を切ること', 'tenji_trigger': '展示確認: 1号艇伸び良→そのまま採用。悪→飛び組に差し替え。circle_pct上位2艇に絞り込むこと。'}",,,30.9,逃げ狙い,17.87,36.5,2,,,,,,,,,,,
2026-04-11,丸亀,8,6,須藤隆雄,B1,26.98,6,,1.0515,2.9,30,9.8,0.1759,3.7439,,,0,低,110,0,-,652,0,24.6,0.8622,,,,,,0.1364,0.0909,0.6455,,,D,,,0.2309,0.585,,0.5727,S,95,0,◎1着固定 2-3着流し（5〜8点）,0.5777,"{'is_target': True, 'verdict': '点数絞り', 'max_combo_prob': 0.1348, 'est_top_odds': 9.9, 'circle_concentration': 73.2, 'eligible_count': 6, 'bet_adj': 0, 'reason': 'rel_win1=67.5%（本命度） / 最有力組み合わせ確率: 0.135（推定実オッズ?10倍） / 2着集中度: 上位2艇 73.2%（補正+0.04） / 総合判定確率: 0.175 / → ヒモはやや固め。上位2艇以外を切ること', 'tenji_trigger': '展示確認: 1号艇伸び良→そのまま採用。悪→飛び組に差し替え。circle_pct上位2艇に絞り込むこと。'}",,,30.9,逃げ狙い,17.87,36.5,2,,,,,,,,,,,
2026-04-11,丸亀,9,1,渡部　悟,A2,18.25,1,◎,57.3785,,0,87.1,0.1229,2.3429,,,0,低,79,0,逃1%,4325,0,77.8,0.9493,0.5556,,,,,0.1639,0.1194,0.0296,◎,,E,○,,,0.66,,0.6618,A,74,0,◎-○軸 3着3〜4艇流し（10〜15点）,0.5777,"{'is_target': True, 'verdict': '点数絞り', 'max_combo_prob': 0.0953, 'est_top_odds': 14.0, 'circle_concentration': 70.6, 'eligible_count': 8, 'bet_adj': 0, 'reason': 'rel_win1=57.4%（本命度） / 最有力組み合わせ確率: 0.095（推定実オッズ?14倍） / 2着集中度: 上位2艇 70.6%（補正+0.04） / 総合判定確率: 0.135 / → ヒモはやや固め。上位2艇以外を切ること', 'tenji_trigger': '展示確認: 1号艇伸び良→そのまま採用。悪→飛び組に差し替え。circle_pct上位2艇に絞り込むこと。\n展示で1号艇スタート超安定(0.123秒)→ヒモ固まり方向に注意'}",,,27.7,逃げ狙い,15.51,29.4,3,,,,,0,0,0.7559,0,,逃げ軸流し,A
2026-04-11,丸亀,9,2,小野寺智,B1,27.69,2,▲,9.7296,44.7,79,67.7,0.1573,3.371,,,0,低,79,0,-,126,0,58.6,1.0566,0,0.0741,0.0741,0,0,0.1217,0.0174,0.3096,,,C,△,,0.0915,0.6185,,0.6618,A,74,0,◎-○軸 3着3〜4艇流し（10〜15点）,0.5777,"{'is_target': True, 'verdict': '点数絞り', 'max_combo_prob': 0.0953, 'est_top_odds': 14.0, 'circle_concentration': 70.6, 'eligible_count': 8, 'bet_adj': 0, 'reason': 'rel_win1=57.4%（本命度） / 最有力組み合わせ確率: 0.095（推定実オッズ?14倍） / 2着集中度: 上位2艇 70.6%（補正+0.04） / 総合判定確率: 0.135 / → ヒモはやや固め。上位2艇以外を切ること', 'tenji_trigger': '展示確認: 1号艇伸び良→そのまま採用。悪→飛び組に差し替え。circle_pct上位2艇に絞り込むこと。\n展示で1号艇スタート超安定(0.123秒)→ヒモ固まり方向に注意'}",,,27.7,逃げ狙い,15.51,29.4,3,,,,,,,,,,,
2026-04-11,丸亀,9,3,長野壮志,A1,39.10,3,○,17.7082,25.9,100,70,0.1566,3.55,,,0,低,99,0,差0% ま0%,5413,0,82,1.4581,0,0.0455,0.0455,0,0,0.0296,0.1343,0.1491,,,A,◎,,0.1379,0.6685,,0.6618,A,74,0,◎-○軸 3着3〜4艇流し（10〜15点）,0.5777,"{'is_target': True, 'verdict': '点数絞り', 'max_combo_prob': 0.0953, 'est_top_odds': 14.0, 'circle_concentration': 70.6, 'eligible_count': 8, 'bet_adj': 0, 'reason': 'rel_win1=57.4%（本命度） / 最有力組み合わせ確率: 0.095（推定実オッズ?14倍） / 2着集中度: 上位2艇 70.6%（補正+0.04） / 総合判定確率: 0.135 / → ヒモはやや固め。上位2艇以外を切ること', 'tenji_trigger': '展示確認: 1号艇伸び良→そのまま採用。悪→飛び組に差し替え。circle_pct上位2艇に絞り込むこと。\n展示で1号艇スタート超安定(0.123秒)→ヒモ固まり方向に注意'}",,,27.7,逃げ狙い,15.51,29.4,3,,,,,,,,,,,
2026-04-11,丸亀,9,4,岩永雅人,A2,27.07,4,,8.7708,17.5,84,60.6,0.1586,3.0682,,,0,低,153,0,-,1 13,0,46.3,0.8749,0,0.037,0,0.0741,0,0.01,0.155,0.07,,,C,,◎,0.1699,0.61,0.4373,0.6618,A,74,0,◎-○軸 3着3〜4艇流し（10〜15点）,0.5777,"{'is_target': True, 'verdict': '点数絞り', 'max_combo_prob': 0.0953, 'est_top_odds': 14.0, 'circle_concentration': 70.6, 'eligible_count': 8, 'bet_adj': 0, 'reason': 'rel_win1=57.4%（本命度） / 最有力組み合わせ確率: 0.095（推定実オッズ?14倍） / 2着集中度: 上位2艇 70.6%（補正+0.04） / 総合判定確率: 0.135 / → ヒモはやや固め。上位2艇以外を切ること', 'tenji_trigger': '展示確認: 1号艇伸び良→そのまま採用。悪→飛び組に差し替え。circle_pct上位2艇に絞り込むこと。\n展示で1号艇スタート超安定(0.123秒)→ヒモ固まり方向に注意'}",,,27.7,逃げ狙い,15.51,29.4,3,,,,,,,,,,,
2026-04-11,丸亀,9,5,武重雄介,A2,30.53,5,△,3.651,7.3,50,32,0.1816,3.94,,,0,低,119,0,-,6 45,0,58.1,1.0045,,,,,,0.1657,0,0.0343,,,B,△,,0.1557,0.6375,,0.6618,A,74,0,◎-○軸 3着3〜4艇流し（10〜15点）,0.5777,"{'is_target': True, 'verdict': '点数絞り', 'max_combo_prob': 0.0953, 'est_top_odds': 14.0, 'circle_concentration': 70.6, 'eligible_count': 8, 'bet_adj': 0, 'reason': 'rel_win1=57.4%（本命度） / 最有力組み合わせ確率: 0.095（推定実オッズ?14倍） / 2着集中度: 上位2艇 70.6%（補正+0.04） / 総合判定確率: 0.135 / → ヒモはやや固め。上位2艇以外を切ること', 'tenji_trigger': '展示確認: 1号艇伸び良→そのまま採用。悪→飛び組に差し替え。circle_pct上位2艇に絞り込むこと。\n展示で1号艇スタート超安定(0.123秒)→ヒモ固まり方向に注意'}",,,27.7,逃げ狙い,15.51,29.4,3,,,,,,,,,,,
2026-04-11,丸亀,9,6,坂口貴彦,B1,22.73,6,,2.762,4.6,35,16.7,0.2019,4.2188,,,0,低,134,0,-,1 25,0,28.6,0.5997,,,,,,0.0471,0.1235,0.1471,,,D,,,0.1529,0.591,,0.6618,A,74,0,◎-○軸 3着3〜4艇流し（10〜15点）,0.5777,"{'is_target': True, 'verdict': '点数絞り', 'max_combo_prob': 0.0953, 'est_top_odds': 14.0, 'circle_concentration': 70.6, 'eligible_count': 8, 'bet_adj': 0, 'reason': 'rel_win1=57.4%（本命度） / 最有力組み合わせ確率: 0.095（推定実オッズ?14倍） / 2着集中度: 上位2艇 70.6%（補正+0.04） / 総合判定確率: 0.135 / → ヒモはやや固め。上位2艇以外を切ること', 'tenji_trigger': '展示確認: 1号艇伸び良→そのまま採用。悪→飛び組に差し替え。circle_pct上位2艇に絞り込むこと。\n展示で1号艇スタート超安定(0.123秒)→ヒモ固まり方向に注意'}",,,27.7,逃げ狙い,15.51,29.4,3,,,,,,,,,,,
2026-04-11,丸亀,10,1,入澤友治,A2,25.40,1,◎,50.8053,,0,72.3,0.1593,3.3133,,,0,低,126,0,逃1%,6 26,0,58.2,0.9426,0.6,,,,,0.0943,0.0943,0.2486,○,,D,△,,,0.595,,0.3848,B,52,0,◎○△フォーメーション（15〜20点）,0.5777,"{'is_target': True, 'verdict': '参加推奨', 'max_combo_prob': 0.0657, 'est_top_odds': 20.3, 'circle_concentration': 75.6, 'eligible_count': 9, 'bet_adj': 2, 'reason': 'rel_win1=50.8%（本命度） / 最有力組み合わせ確率: 0.066（推定実オッズ?20倍） / 2着集中度: 上位2艇 75.6%（補正+0.04） / 総合判定確率: 0.106 / → ヒモ分散。1号艇1着固定で広めのヒモ流し推奨（買い目+2点）', 'tenji_trigger': '展示確認: ヒモ分散レース。1号艇伸び確認後、広めのヒモ流しを採用。穴ヒモ（5・6号艇）を積極的に含める。'}",,,31.3,両建て推奨,25.11,31.4,2,,,,,0,0,0.6155,0,,逃げ軸流し,A
2026-04-11,丸亀,10,2,森永　淳,A1,23.85,2,△,20.0448,43.7,99,80,0.1418,2.6222,,,0,低,52,0,差0% ま0%,3511,0,63.6,1.3455,0,0.2778,0.2222,0,0,0,0.1351,0.0811,,◎,E,◎,,0.555,0.702,,0.3848,B,52,0,◎○△フォーメーション（15〜20点）,0.5777,"{'is_target': True, 'verdict': '参加推奨', 'max_combo_prob': 0.0657, 'est_top_odds': 20.3, 'circle_concentration': 75.6, 'eligible_count': 9, 'bet_adj': 2, 'reason': 'rel_win1=50.8%（本命度） / 最有力組み合わせ確率: 0.066（推定実オッズ?20倍） / 2着集中度: 上位2艇 75.6%（補正+0.04） / 総合判定確率: 0.106 / → ヒモ分散。1号艇1着固定で広めのヒモ流し推奨（買い目+2点）', 'tenji_trigger': '展示確認: ヒモ分散レース。1号艇伸び確認後、広めのヒモ流しを採用。穴ヒモ（5・6号艇）を積極的に含める。'}",,,31.3,両建て推奨,25.11,31.4,2,,,,,,,,,,,
2026-04-11,丸亀,10,3,徳増秀樹,A1,26.81,3,○,18.1412,31.9,100,78.3,0.1367,2.413,,,0,低,35,0,差0% ま0% 差ま0%,1241,0,68.2,1.5588,0,0.0526,0.1053,0.1579,0,0.0694,0.0296,0.0444,,○,C,○,,0.439,0.67,,0.3848,B,52,0,◎○△フォーメーション（15〜20点）,0.5777,"{'is_target': True, 'verdict': '参加推奨', 'max_combo_prob': 0.0657, 'est_top_odds': 20.3, 'circle_concentration': 75.6, 'eligible_count': 9, 'bet_adj': 2, 'reason': 'rel_win1=50.8%（本命度） / 最有力組み合わせ確率: 0.066（推定実オッズ?20倍） / 2着集中度: 上位2艇 75.6%（補正+0.04） / 総合判定確率: 0.106 / → ヒモ分散。1号艇1着固定で広めのヒモ流し推奨（買い目+2点）', 'tenji_trigger': '展示確認: ヒモ分散レース。1号艇伸び確認後、広めのヒモ流しを採用。穴ヒモ（5・6号艇）を積極的に含める。'}",,,31.3,両建て推奨,25.11,31.4,2,,,,,,,,,,,
2026-04-11,丸亀,10,4,森林　太,B1,25.00,4,,4.683,11.1,92,34.5,0.1905,4.1379,,,0,低,204,0,-,545,0,100,0.7013,0,0.04,0,0.04,0,0.0667,0.3556,0.1222,,,D,,,0.173,0.555,,0.3848,B,52,0,◎○△フォーメーション（15〜20点）,0.5777,"{'is_target': True, 'verdict': '参加推奨', 'max_combo_prob': 0.0657, 'est_top_odds': 20.3, 'circle_concentration': 75.6, 'eligible_count': 9, 'bet_adj': 2, 'reason': 'rel_win1=50.8%（本命度） / 最有力組み合わせ確率: 0.066（推定実オッズ?20倍） / 2着集中度: 上位2艇 75.6%（補正+0.04） / 総合判定確率: 0.106 / → ヒモ分散。1号艇1着固定で広めのヒモ流し推奨（買い目+2点）', 'tenji_trigger': '展示確認: ヒモ分散レース。1号艇伸び確認後、広めのヒモ流しを採用。穴ヒモ（5・6号艇）を積極的に含める。'}",,,31.3,両建て推奨,25.11,31.4,2,,,,,,,,,,,
2026-04-11,丸亀,10,5,谷口　丞,B1,45.24,5,▲,3.48,7.9,53,22.7,0.1459,2.8182,,,0,低,67,0,ま0%,456,0,28.2,0.6574,0,0,0.0312,0,0,0,0.3333,0.3333,,,A,,,0.3407,0.536,,0.3848,B,52,0,◎○△フォーメーション（15〜20点）,0.5777,"{'is_target': True, 'verdict': '参加推奨', 'max_combo_prob': 0.0657, 'est_top_odds': 20.3, 'circle_concentration': 75.6, 'eligible_count': 9, 'bet_adj': 2, 'reason': 'rel_win1=50.8%（本命度） / 最有力組み合わせ確率: 0.066（推定実オッズ?20倍） / 2着集中度: 上位2艇 75.6%（補正+0.04） / 総合判定確率: 0.106 / → ヒモ分散。1号艇1着固定で広めのヒモ流し推奨（買い目+2点）', 'tenji_trigger': '展示確認: ヒモ分散レース。1号艇伸び確認後、広めのヒモ流しを採用。穴ヒモ（5・6号艇）を積極的に含める。'}",,,31.3,両建て推奨,25.11,31.4,2,,,,,,,,,,,
2026-04-11,丸亀,10,6,三好勇人,A2,37.80,6,,2.8457,5.4,93,31.9,0.1966,4.4149,,,0,低,88,0,-,451,0,28.2,2.5347,0,0,0,0,0.05,0.0133,0.16,0.0533,,,B,△,,0.2092,0.6185,,0.3848,B,52,0,◎○△フォーメーション（15〜20点）,0.5777,"{'is_target': True, 'verdict': '参加推奨', 'max_combo_prob': 0.0657, 'est_top_odds': 20.3, 'circle_concentration': 75.6, 'eligible_count': 9, 'bet_adj': 2, 'reason': 'rel_win1=50.8%（本命度） / 最有力組み合わせ確率: 0.066（推定実オッズ?20倍） / 2着集中度: 上位2艇 75.6%（補正+0.04） / 総合判定確率: 0.106 / → ヒモ分散。1号艇1着固定で広めのヒモ流し推奨（買い目+2点）', 'tenji_trigger': '展示確認: ヒモ分散レース。1号艇伸び確認後、広めのヒモ流しを採用。穴ヒモ（5・6号艇）を積極的に含める。'}",,,31.3,両建て推奨,25.11,31.4,2,,,,,,,,,,,
2026-04-11,丸亀,11,1,北山康介,A1,32.81,1,◎,68.018,,0,91.5,0.1558,2.9507,,,0,低,69,0,逃1%,3343,0,83.2,1.0226,0.7778,,,,,0.0694,0.1138,0,◎,,C,○,,,0.663,,0.5086,S,82,0,◎1着固定 2-3着流し（5〜8点）,0.5777,"{'is_target': True, 'verdict': '点数絞り', 'max_combo_prob': 0.1324, 'est_top_odds': 10.1, 'circle_concentration': 82.5, 'eligible_count': 6, 'bet_adj': 0, 'reason': 'rel_win1=68.0%（本命度） / 最有力組み合わせ確率: 0.132（推定実オッズ?10倍） / 2着集中度: 上位2艇 82.5%（補正+0.04） / 総合判定確率: 0.172 / → ヒモはやや固め。上位2艇以外を切ること', 'tenji_trigger': '展示確認: 1号艇伸び良→そのまま採用。悪→飛び組に差し替え。circle_pct上位2艇に絞り込むこと。'}",,,26.4,逃げ狙い,13.83,27.2,3,,,,,0,0,0.7559,0,,逃げ軸流し,A
2026-04-11,丸亀,11,2,堀本和也,A1,28.70,2,○,13.6943,57.3,51,65.1,0.1344,3.0465,,,0,低,22,0,-,223,0,61.4,0.6269,0,0.1,0,0,0,0.04,0.04,0.12,,◎,C,◎,,0.5363,0.769,,0.5086,S,82,0,◎1着固定 2-3着流し（5〜8点）,0.5777,"{'is_target': True, 'verdict': '点数絞り', 'max_combo_prob': 0.1324, 'est_top_odds': 10.1, 'circle_concentration': 82.5, 'eligible_count': 6, 'bet_adj': 0, 'reason': 'rel_win1=68.0%（本命度） / 最有力組み合わせ確率: 0.132（推定実オッズ?10倍） / 2着集中度: 上位2艇 82.5%（補正+0.04） / 総合判定確率: 0.172 / → ヒモはやや固め。上位2艇以外を切ること', 'tenji_trigger': '展示確認: 1号艇伸び良→そのまま採用。悪→飛び組に差し替え。circle_pct上位2艇に絞り込むこと。'}",,,26.4,逃げ狙い,13.83,27.2,3,,,,,,,,,,,
2026-04-11,丸亀,11,3,川井　萌,B2,27.69,3,,8.1408,25.3,50,56,0.1528,3.3,,,0,低,50,0,-,546,0,45,0.985,,,,,,0,0.5,0,,,D,,,0.3259,0.6045,,0.5086,S,82,0,◎1着固定 2-3着流し（5〜8点）,0.5777,"{'is_target': True, 'verdict': '点数絞り', 'max_combo_prob': 0.1324, 'est_top_odds': 10.1, 'circle_concentration': 82.5, 'eligible_count': 6, 'bet_adj': 0, 'reason': 'rel_win1=68.0%（本命度） / 最有力組み合わせ確率: 0.132（推定実オッズ?10倍） / 2着集中度: 上位2艇 82.5%（補正+0.04） / 総合判定確率: 0.172 / → ヒモはやや固め。上位2艇以外を切ること', 'tenji_trigger': '展示確認: 1号艇伸び良→そのまま採用。悪→飛び組に差し替え。circle_pct上位2艇に絞り込むこと。'}",,,26.4,逃げ狙い,13.83,27.2,3,,,,,,,,,,,
2026-04-11,丸亀,11,4,河野真也,A2,21.54,4,,5.8543,6.7,100,47.5,0.1723,3.8443,,,0,低,156,0,ま0% 抜0%,663,0,47.4,0.9102,0,0,0.04,0,0.04,0.0645,0.0258,0.1774,,,E,△,,0.2186,0.6315,,0.5086,S,82,0,◎1着固定 2-3着流し（5〜8点）,0.5777,"{'is_target': True, 'verdict': '点数絞り', 'max_combo_prob': 0.1324, 'est_top_odds': 10.1, 'circle_concentration': 82.5, 'eligible_count': 6, 'bet_adj': 0, 'reason': 'rel_win1=68.0%（本命度） / 最有力組み合わせ確率: 0.132（推定実オッズ?10倍） / 2着集中度: 上位2艇 82.5%（補正+0.04） / 総合判定確率: 0.172 / → ヒモはやや固め。上位2艇以外を切ること', 'tenji_trigger': '展示確認: 1号艇伸び良→そのまま採用。悪→飛び組に差し替え。circle_pct上位2艇に絞り込むこと。'}",,,26.4,逃げ狙い,13.83,27.2,3,,,,,,,,,,,
2026-04-11,丸亀,11,5,亀山雅幸,A2,38.76,5,△,2.644,5.4,85,45.8,0.1854,3.8611,,,0,低,154,0,-,326,0,38.3,0.7819,0,0,0,0.0345,0,0.0944,0.1222,0.0944,,,B,,,0.1878,0.6195,,0.5086,S,82,0,◎1着固定 2-3着流し（5〜8点）,0.5777,"{'is_target': True, 'verdict': '点数絞り', 'max_combo_prob': 0.1324, 'est_top_odds': 10.1, 'circle_concentration': 82.5, 'eligible_count': 6, 'bet_adj': 0, 'reason': 'rel_win1=68.0%（本命度） / 最有力組み合わせ確率: 0.132（推定実オッズ?10倍） / 2着集中度: 上位2艇 82.5%（補正+0.04） / 総合判定確率: 0.172 / → ヒモはやや固め。上位2艇以外を切ること', 'tenji_trigger': '展示確認: 1号艇伸び良→そのまま採用。悪→飛び組に差し替え。circle_pct上位2艇に絞り込むこと。'}",,,26.4,逃げ狙い,13.83,27.2,3,,,,,,,,,,,
2026-04-11,丸亀,11,6,村田修次,A2,33.85,6,▲,1.6486,5.4,59,45.5,0.1562,3.5091,,,0,低,93,0,-,232,0,24.7,1.1486,,,,,,0.0625,0.1107,0.2214,,,B,△,,0.3126,0.6435,,0.5086,S,82,0,◎1着固定 2-3着流し（5〜8点）,0.5777,"{'is_target': True, 'verdict': '点数絞り', 'max_combo_prob': 0.1324, 'est_top_odds': 10.1, 'circle_concentration': 82.5, 'eligible_count': 6, 'bet_adj': 0, 'reason': 'rel_win1=68.0%（本命度） / 最有力組み合わせ確率: 0.132（推定実オッズ?10倍） / 2着集中度: 上位2艇 82.5%（補正+0.04） / 総合判定確率: 0.172 / → ヒモはやや固め。上位2艇以外を切ること', 'tenji_trigger': '展示確認: 1号艇伸び良→そのまま採用。悪→飛び組に差し替え。circle_pct上位2艇に絞り込むこと。'}",,,26.4,逃げ狙い,13.83,27.2,3,,,,,,,,,,,
2026-04-11,丸亀,12,1,市橋卓士,A1,25.19,1,◎,55.2511,,0,93.8,0.1419,2.201,,,0,低,93,0,-,3636,0,96.2,1.3346,0.6875,,,,,0.1045,0.0879,0.0795,◎,,E,△,,,0.6155,,0.6052,A,77,0,◎-○軸 3着3〜4艇流し（10〜15点）,0.5777,"{'is_target': True, 'verdict': '参加推奨', 'max_combo_prob': 0.0638, 'est_top_odds': 20.9, 'circle_concentration': 70.6, 'eligible_count': 8, 'bet_adj': 2, 'reason': 'rel_win1=55.3%（本命度） / 最有力組み合わせ確率: 0.064（推定実オッズ?21倍） / 2着集中度: 上位2艇 70.6%（補正+0.04） / 総合判定確率: 0.104 / → ヒモ分散。1号艇1着固定で広めのヒモ流し推奨（買い目+2点）', 'tenji_trigger': '展示確認: ヒモ分散レース。1号艇伸び確認後、広めのヒモ流しを採用。穴ヒモ（5・6号艇）を積極的に含める。'}",,,30.3,逃げ狙い,26.48,27.5,3,,,,,0,0,0.7559,0,,逃げ軸流し,A
2026-04-11,丸亀,12,2,野末智一,A2,34.92,2,,6.736,35.7,96,68.2,0.1787,4.2557,,,0,低,227,0,-,443,0,45.3,0.6381,0,0.0278,0.0278,0,0.0278,0.1722,0.1512,0.0737,,,D,◎,,0.0705,0.6595,,0.6052,A,77,0,◎-○軸 3着3〜4艇流し（10〜15点）,0.5777,"{'is_target': True, 'verdict': '参加推奨', 'max_combo_prob': 0.0638, 'est_top_odds': 20.9, 'circle_concentration': 70.6, 'eligible_count': 8, 'bet_adj': 2, 'reason': 'rel_win1=55.3%（本命度） / 最有力組み合わせ確率: 0.064（推定実オッズ?21倍） / 2着集中度: 上位2艇 70.6%（補正+0.04） / 総合判定確率: 0.104 / → ヒモ分散。1号艇1着固定で広めのヒモ流し推奨（買い目+2点）', 'tenji_trigger': '展示確認: ヒモ分散レース。1号艇伸び確認後、広めのヒモ流しを採用。穴ヒモ（5・6号艇）を積極的に含める。'}",,,30.3,逃げ狙い,26.48,27.5,3,,,,,,,,,,,
2026-04-11,丸亀,12,3,深川真二,A1,37.31,3,○,23.1666,34.9,77,83.8,0.1184,2.0135,,,0,低,21,0,差0%,115,0,64.4,1.4217,0,0.1111,0.1111,0.0556,0.0556,0.0105,0.1173,0.0211,,◎,C,○,,0.4427,0.6545,,0.6052,A,77,0,◎-○軸 3着3〜4艇流し（10〜15点）,0.5777,"{'is_target': True, 'verdict': '参加推奨', 'max_combo_prob': 0.0638, 'est_top_odds': 20.9, 'circle_concentration': 70.6, 'eligible_count': 8, 'bet_adj': 2, 'reason': 'rel_win1=55.3%（本命度） / 最有力組み合わせ確率: 0.064（推定実オッズ?21倍） / 2着集中度: 上位2艇 70.6%（補正+0.04） / 総合判定確率: 0.104 / → ヒモ分散。1号艇1着固定で広めのヒモ流し推奨（買い目+2点）', 'tenji_trigger': '展示確認: ヒモ分散レース。1号艇伸び確認後、広めのヒモ流しを採用。穴ヒモ（5・6号艇）を積極的に含める。'}",,,30.3,逃げ狙い,26.48,27.5,3,,,,,,,,,,,
2026-04-11,丸亀,12,4,是澤孝宏,A2,35.66,4,,7.3696,18.8,99,61.2,0.1606,3.2857,,,0,低,125,0,-,411,0,58.4,1.1849,0,0,0,0,0.05,0.1625,0.0125,0.0375,,,C,△,◎,0.2508,0.6235,0.2914,0.6052,A,77,0,◎-○軸 3着3〜4艇流し（10〜15点）,0.5777,"{'is_target': True, 'verdict': '参加推奨', 'max_combo_prob': 0.0638, 'est_top_odds': 20.9, 'circle_concentration': 70.6, 'eligible_count': 8, 'bet_adj': 2, 'reason': 'rel_win1=55.3%（本命度） / 最有力組み合わせ確率: 0.064（推定実オッズ?21倍） / 2着集中度: 上位2艇 70.6%（補正+0.04） / 総合判定確率: 0.104 / → ヒモ分散。1号艇1着固定で広めのヒモ流し推奨（買い目+2点）', 'tenji_trigger': '展示確認: ヒモ分散レース。1号艇伸び確認後、広めのヒモ流しを採用。穴ヒモ（5・6号艇）を積極的に含める。'}",,,30.3,逃げ狙い,26.48,27.5,3,,,,,,,,,,,
2026-04-11,丸亀,12,5,加藤政彦,A1,40.63,5,▲,5.4668,4.4,100,46.2,0.155,3.5769,,,0,低,105,0,差ま1%,1 32,0,34.2,0.7424,0,0,0,0.125,0,0.35,0.0667,0.1833,,,B,,,0.2727,0.5995,,0.6052,A,77,0,◎-○軸 3着3〜4艇流し（10〜15点）,0.5777,"{'is_target': True, 'verdict': '参加推奨', 'max_combo_prob': 0.0638, 'est_top_odds': 20.9, 'circle_concentration': 70.6, 'eligible_count': 8, 'bet_adj': 2, 'reason': 'rel_win1=55.3%（本命度） / 最有力組み合わせ確率: 0.064（推定実オッズ?21倍） / 2着集中度: 上位2艇 70.6%（補正+0.04） / 総合判定確率: 0.104 / → ヒモ分散。1号艇1着固定で広めのヒモ流し推奨（買い目+2点）', 'tenji_trigger': '展示確認: ヒモ分散レース。1号艇伸び確認後、広めのヒモ流しを採用。穴ヒモ（5・6号艇）を積極的に含める。'}",,,30.3,逃げ狙い,26.48,27.5,3,,,,,,,,,,,
2026-04-11,丸亀,12,6,古賀智之,A2,39.69,6,△,2.0098,6.2,33,23.5,0.1776,4.1765,,,0,低,119,0,-,6 12,0,26.5,1.0039,,,,,,0.05,0.4,0.125,,,B,,,0.2107,0.5905,,0.6052,A,77,0,◎-○軸 3着3〜4艇流し（10〜15点）,0.5777,"{'is_target': True, 'verdict': '参加推奨', 'max_combo_prob': 0.0638, 'est_top_odds': 20.9, 'circle_concentration': 70.6, 'eligible_count': 8, 'bet_adj': 2, 'reason': 'rel_win1=55.3%（本命度） / 最有力組み合わせ確率: 0.064（推定実オッズ?21倍） / 2着集中度: 上位2艇 70.6%（補正+0.04） / 総合判定確率: 0.104 / → ヒモ分散。1号艇1着固定で広めのヒモ流し推奨（買い目+2点）', 'tenji_trigger': '展示確認: ヒモ分散レース。1号艇伸び確認後、広めのヒモ流しを採用。穴ヒモ（5・6号艇）を積極的に含める。'}",,,30.3,逃げ狙い,26.48,27.5,3,,,,,,,,,,,
2026-04-12,丸亀,1,1,間庭菜摘,B1,29.46,1,◎,58.9776,,0,61.9,0.1876,3.5476,,,0,低,76,0,逃0%,2 445,0,68.1,0.8669,0.3,,,,,0,0.4,0.04,△,,D,,,,0.5795,,0.28,B,50,0,◎○△フォーメーション（15〜20点）,0.5777,"{'is_target': True, 'verdict': '参加推奨', 'max_combo_prob': 0.071, 'est_top_odds': 18.8, 'circle_concentration': 69.8, 'eligible_count': 9, 'bet_adj': 2, 'reason': 'rel_win1=59.0%（本命度） / 最有力組み合わせ確率: 0.071（推定実オッズ?19倍） / 2着集中度: 上位2艇 69.8%（補正+0.00） / 総合判定確率: 0.071 / → ヒモ分散。1号艇1着固定で広めのヒモ流し推奨（買い目+2点）', 'tenji_trigger': '展示確認: ヒモ分散レース。1号艇伸び確認後、広めのヒモ流しを採用。穴ヒモ（5・6号艇）を積極的に含める。\n展示で1号艇スタート遅め(0.188秒)確認→ヒモが荒れやすい'}",,,28.3,両建て推奨,11.31,34.7,2,2-1-3|1-2-3|1-2-4|1-3-2|1-3-4|1-4-2,6-1-3|2-1-3|6-1-4|6-3-1|3-5-4|3-4-5|6-4-1|1-2-3|1-2-4|1-3-2|1-3-4|1-4-2,2-1-3:3.41%|1-2-3:6.19%|1-2-4:6.02%|1-3-2:5.73%|1-3-4:4.89%|1-4-2:3.77%,2-1-3:B_main|1-2-3:A|1-2-4:A|1-3-2:A|1-3-4:A|1-4-2:A,6,12,0.4535,1,[!]見送り推奨（主役決まり手「差し」― 逃げ劣勢レースで的中実績なし）,荒れ広め,D
2026-04-12,丸亀,1,2,上瀧絢也,B2,38.81,2,○,10.3976,34.6,100,34.1,0.165,3.4432,,,0,低,78,0,-,1 566,0,53.3,0.609,,,,,,0.0923,0.2423,0,,◎,B,△,,0.5535,0.595,,0.28,B,50,0,◎○△フォーメーション（15〜20点）,0.5777,"{'is_target': True, 'verdict': '参加推奨', 'max_combo_prob': 0.071, 'est_top_odds': 18.8, 'circle_concentration': 69.8, 'eligible_count': 9, 'bet_adj': 2, 'reason': 'rel_win1=59.0%（本命度） / 最有力組み合わせ確率: 0.071（推定実オッズ?19倍） / 2着集中度: 上位2艇 69.8%（補正+0.00） / 総合判定確率: 0.071 / → ヒモ分散。1号艇1着固定で広めのヒモ流し推奨（買い目+2点）', 'tenji_trigger': '展示確認: ヒモ分散レース。1号艇伸び確認後、広めのヒモ流しを採用。穴ヒモ（5・6号艇）を積極的に含める。\n展示で1号艇スタート遅め(0.188秒)確認→ヒモが荒れやすい'}",,,28.3,両建て推奨,11.31,34.7,2,,,,,,,,,,,
2026-04-12,丸亀,1,3,深見亜由,B2,34.88,3,△,15.2989,35.1,90,71.4,0.1814,3.1429,,,0,低,23,1,ま0%,5 442,0,78,1.3806,0,0,0.2,0,0,0.36,0.64,0,,△,C,,,0.355,0.497,,0.28,B,50,0,◎○△フォーメーション（15〜20点）,0.5777,"{'is_target': True, 'verdict': '参加推奨', 'max_combo_prob': 0.071, 'est_top_odds': 18.8, 'circle_concentration': 69.8, 'eligible_count': 9, 'bet_adj': 2, 'reason': 'rel_win1=59.0%（本命度） / 最有力組み合わせ確率: 0.071（推定実オッズ?19倍） / 2着集中度: 上位2艇 69.8%（補正+0.00） / 総合判定確率: 0.071 / → ヒモ分散。1号艇1着固定で広めのヒモ流し推奨（買い目+2点）', 'tenji_trigger': '展示確認: ヒモ分散レース。1号艇伸び確認後、広めのヒモ流しを採用。穴ヒモ（5・6号艇）を積極的に含める。\n展示で1号艇スタート遅め(0.188秒)確認→ヒモが荒れやすい'}",,,28.3,両建て推奨,11.31,34.7,2,,,,,,,,,,,
2026-04-12,丸亀,1,4,吉永泰弘,B1,56.69,4,▲,8.8854,16.4,74,39.5,0.1784,3.6977,,,0,低,137,0,-,5 153,0,48,0.8672,0,0,0,0.0556,0,0.2376,0.4541,0.0235,,,A,◎,,0.3185,0.6525,,0.28,B,50,0,◎○△フォーメーション（15〜20点）,0.5777,"{'is_target': True, 'verdict': '参加推奨', 'max_combo_prob': 0.071, 'est_top_odds': 18.8, 'circle_concentration': 69.8, 'eligible_count': 9, 'bet_adj': 2, 'reason': 'rel_win1=59.0%（本命度） / 最有力組み合わせ確率: 0.071（推定実オッズ?19倍） / 2着集中度: 上位2艇 69.8%（補正+0.00） / 総合判定確率: 0.071 / → ヒモ分散。1号艇1着固定で広めのヒモ流し推奨（買い目+2点）', 'tenji_trigger': '展示確認: ヒモ分散レース。1号艇伸び確認後、広めのヒモ流しを採用。穴ヒモ（5・6号艇）を積極的に含める。\n展示で1号艇スタート遅め(0.188秒)確認→ヒモが荒れやすい'}",,,28.3,両建て推奨,11.31,34.7,2,,,,,,,,,,,
2026-04-12,丸亀,1,5,松下誉士,B1,26.92,5,,5.0809,11.1,65,30.7,0.1775,3.9533,,,0,低,189,0,差ま0%,6 614,0,25.6,0.8805,0,0,0,0.0294,0,0.3405,0.169,0.2714,,,D,○,,0.3127,0.6275,,0.28,B,50,0,◎○△フォーメーション（15〜20点）,0.5777,"{'is_target': True, 'verdict': '参加推奨', 'max_combo_prob': 0.071, 'est_top_odds': 18.8, 'circle_concentration': 69.8, 'eligible_count': 9, 'bet_adj': 2, 'reason': 'rel_win1=59.0%（本命度） / 最有力組み合わせ確率: 0.071（推定実オッズ?19倍） / 2着集中度: 上位2艇 69.8%（補正+0.00） / 総合判定確率: 0.071 / → ヒモ分散。1号艇1着固定で広めのヒモ流し推奨（買い目+2点）', 'tenji_trigger': '展示確認: ヒモ分散レース。1号艇伸び確認後、広めのヒモ流しを採用。穴ヒモ（5・6号艇）を積極的に含める。\n展示で1号艇スタート遅め(0.188秒)確認→ヒモが荒れやすい'}",,,28.3,両建て推奨,11.31,34.7,2,,,,,,,,,,,
2026-04-12,丸亀,1,6,小野　桜,B1,24.03,6,,1.3596,2.7,53,16.7,0.168,3.6,,,0,低,90,0,-,2 644,0,39.2,0.7622,,,,,,0,0.0941,0.3176,,,E,△,,0.3764,0.611,,0.28,B,50,0,◎○△フォーメーション（15〜20点）,0.5777,"{'is_target': True, 'verdict': '参加推奨', 'max_combo_prob': 0.071, 'est_top_odds': 18.8, 'circle_concentration': 69.8, 'eligible_count': 9, 'bet_adj': 2, 'reason': 'rel_win1=59.0%（本命度） / 最有力組み合わせ確率: 0.071（推定実オッズ?19倍） / 2着集中度: 上位2艇 69.8%（補正+0.00） / 総合判定確率: 0.071 / → ヒモ分散。1号艇1着固定で広めのヒモ流し推奨（買い目+2点）', 'tenji_trigger': '展示確認: ヒモ分散レース。1号艇伸び確認後、広めのヒモ流しを採用。穴ヒモ（5・6号艇）を積極的に含める。\n展示で1号艇スタート遅め(0.188秒)確認→ヒモが荒れやすい'}",,,28.3,両建て推奨,11.31,34.7,2,,,,,,,,,,,
2026-04-12,丸亀,2,1,谷口　丞,B1,45.24,1,◎,61.2523,,0,33.3,0.2,4.3333,,,0,低,67,1,逃0%,456 55,0,22.8,0.5878,0.3333,,,,,0,0.3333,0.3333,△⚠️,,A,,,,0.536,,0.2011,D,31,1,大荒れ。見送り推奨,0.5777,"{'is_target': True, 'verdict': '点数絞り', 'max_combo_prob': 0.0885, 'est_top_odds': 15.1, 'circle_concentration': 81.1, 'eligible_count': 6, 'bet_adj': 0, 'reason': 'rel_win1=61.3%（本命度） / 最有力組み合わせ確率: 0.089（推定実オッズ?15倍） / 2着集中度: 上位2艇 81.1%（補正+0.04） / 総合判定確率: 0.129 / → ヒモはやや固め。上位2艇以外を切ること', 'tenji_trigger': '展示確認: 1号艇伸び良→そのまま採用。悪→飛び組に差し替え。circle_pct上位2艇に絞り込むこと。\n展示で1号艇スタート遅め(0.200秒)確認→ヒモが荒れやすい'}",,,34.1,両建て推奨,11.48,36.8,4,2-1-3|2-1-4|2-1-5|2-3-1|2-5-1|2-5-3|2-3-4|1-2-5|1-2-3|1-3-5|1-3-2|1-4-5,2-1-3|2-1-4|2-1-5|2-3-1|2-5-1|2-5-3|2-3-4|1-2-5|1-2-3|1-3-5|1-3-2|1-4-5,2-1-3:2.19%|2-1-4:1.33%|2-1-5:1.32%|2-3-1:0.64%|2-5-1:0.4%|2-5-3:0.4%|2-3-4:0.38%|1-2-5:7.38%|1-2-3:6.52%|1-3-5:6.04%|1-3-2:5.49%|1-4-5:4.0%,2-1-3:B_main|2-1-4:B_main|2-1-5:B_main|2-3-1:B_main|2-5-1:B_main|2-5-3:B_main|2-3-4:B_main|1-2-5:A|1-2-3:A|1-3-5:A|1-3-2:A|1-4-5:A,12,12,0.4535,1,[!]見送り推奨（主役決まり手「差し」― 逃げ劣勢レースで的中実績なし）,主役軸流し,B
2026-04-12,丸亀,2,2,坂口貴彦,B1,22.73,2,,11.0095,44.2,100,61.3,0.1842,3.9758,,,0,低,134,0,-,1 256,0,23.6,0.7753,0,0.125,0,0,0,0.0471,0.1235,0.1471,,◎,E,,,0.4864,0.591,,0.2011,D,31,1,大荒れ。見送り推奨,0.5777,"{'is_target': True, 'verdict': '点数絞り', 'max_combo_prob': 0.0885, 'est_top_odds': 15.1, 'circle_concentration': 81.1, 'eligible_count': 6, 'bet_adj': 0, 'reason': 'rel_win1=61.3%（本命度） / 最有力組み合わせ確率: 0.089（推定実オッズ?15倍） / 2着集中度: 上位2艇 81.1%（補正+0.04） / 総合判定確率: 0.129 / → ヒモはやや固め。上位2艇以外を切ること', 'tenji_trigger': '展示確認: 1号艇伸び良→そのまま採用。悪→飛び組に差し替え。circle_pct上位2艇に絞り込むこと。\n展示で1号艇スタート遅め(0.200秒)確認→ヒモが荒れやすい'}",,,34.1,両建て推奨,11.48,36.8,4,,,,,,,,,,,
2026-04-12,丸亀,2,3,乙津康志,B1,27.56,3,▲,12.3059,36.9,86,52.4,0.176,3.8016,,,0,低,167,0,差0% 差ま0% 抜0%,1 316,0,37.8,1.0475,0,0.0741,0,0.037,0.037,0.1,0.18,0.42,,△,D,△,,0.4085,0.596,,0.2011,D,31,1,大荒れ。見送り推奨,0.5777,"{'is_target': True, 'verdict': '点数絞り', 'max_combo_prob': 0.0885, 'est_top_odds': 15.1, 'circle_concentration': 81.1, 'eligible_count': 6, 'bet_adj': 0, 'reason': 'rel_win1=61.3%（本命度） / 最有力組み合わせ確率: 0.089（推定実オッズ?15倍） / 2着集中度: 上位2艇 81.1%（補正+0.04） / 総合判定確率: 0.129 / → ヒモはやや固め。上位2艇以外を切ること', 'tenji_trigger': '展示確認: 1号艇伸び良→そのまま採用。悪→飛び組に差し替え。circle_pct上位2艇に絞り込むこと。\n展示で1号艇スタート遅め(0.200秒)確認→ヒモが荒れやすい'}",,,34.1,両建て推奨,11.48,36.8,4,,,,,,,,,,,
2026-04-12,丸亀,2,4,松山裕基,B1,22.90,4,△,9.4072,11.8,58,38.3,0.1636,3.2553,,,0,低,100,0,-,143 44,0,38.5,0.9028,,,,,,0.0696,0.2417,0.3096,,○,D,△,,0.4542,0.6065,,0.2011,D,31,1,大荒れ。見送り推奨,0.5777,"{'is_target': True, 'verdict': '点数絞り', 'max_combo_prob': 0.0885, 'est_top_odds': 15.1, 'circle_concentration': 81.1, 'eligible_count': 6, 'bet_adj': 0, 'reason': 'rel_win1=61.3%（本命度） / 最有力組み合わせ確率: 0.089（推定実オッズ?15倍） / 2着集中度: 上位2艇 81.1%（補正+0.04） / 総合判定確率: 0.129 / → ヒモはやや固め。上位2艇以外を切ること', 'tenji_trigger': '展示確認: 1号艇伸び良→そのまま採用。悪→飛び組に差し替え。circle_pct上位2艇に絞り込むこと。\n展示で1号艇スタート遅め(0.200秒)確認→ヒモが荒れやすい'}",,,34.1,両建て推奨,11.48,36.8,4,,,,,,,,,,,
2026-04-12,丸亀,2,5,三好勇人,A2,37.80,5,○,4.6905,1.4,51,26.8,0.1598,3.3214,,,0,低,88,0,-,451 23,0,100,2.3205,0,0,0,0.0333,0,0.0133,0.16,0.0533,,,C,○,,0.4062,0.6185,,0.2011,D,31,1,大荒れ。見送り推奨,0.5777,"{'is_target': True, 'verdict': '点数絞り', 'max_combo_prob': 0.0885, 'est_top_odds': 15.1, 'circle_concentration': 81.1, 'eligible_count': 6, 'bet_adj': 0, 'reason': 'rel_win1=61.3%（本命度） / 最有力組み合わせ確率: 0.089（推定実オッズ?15倍） / 2着集中度: 上位2艇 81.1%（補正+0.04） / 総合判定確率: 0.129 / → ヒモはやや固め。上位2艇以外を切ること', 'tenji_trigger': '展示確認: 1号艇伸び良→そのまま採用。悪→飛び組に差し替え。circle_pct上位2艇に絞り込むこと。\n展示で1号艇スタート遅め(0.200秒)確認→ヒモが荒れやすい'}",,,34.1,両建て推奨,11.48,36.8,4,,,,,,,,,,,
2026-04-12,丸亀,2,6,亀山雅幸,A2,38.76,6,,1.3346,5.7,68,29.2,0.2102,4.6231,,,0,低,154,0,-,326 13,0,25.6,0.8114,,,,,,0.0944,0.1222,0.0944,,,B,◎,,0.2815,0.6195,,0.2011,D,31,1,大荒れ。見送り推奨,0.5777,"{'is_target': True, 'verdict': '点数絞り', 'max_combo_prob': 0.0885, 'est_top_odds': 15.1, 'circle_concentration': 81.1, 'eligible_count': 6, 'bet_adj': 0, 'reason': 'rel_win1=61.3%（本命度） / 最有力組み合わせ確率: 0.089（推定実オッズ?15倍） / 2着集中度: 上位2艇 81.1%（補正+0.04） / 総合判定確率: 0.129 / → ヒモはやや固め。上位2艇以外を切ること', 'tenji_trigger': '展示確認: 1号艇伸び良→そのまま採用。悪→飛び組に差し替え。circle_pct上位2艇に絞り込むこと。\n展示で1号艇スタート遅め(0.200秒)確認→ヒモが荒れやすい'}",,,34.1,両建て推奨,11.48,36.8,4,,,,,,,,,,,
2026-04-12,丸亀,3,1,田添康介,B1,48.84,1,◎,53.8632,,0,84.4,0.1366,3.0312,,,0,低,78,0,逃0%,5 6 36,0,85.8,1.0793,0.25,,,,,0.375,0.375,0,◎,,A,△,,,0.5535,,0.5655,A,76,0,◎-○軸 3着3〜4艇流し（10〜15点）,0.5777,"{'is_target': True, 'verdict': '参加推奨', 'max_combo_prob': 0.0788, 'est_top_odds': 16.9, 'circle_concentration': 79.7, 'eligible_count': 8, 'bet_adj': 2, 'reason': 'rel_win1=53.9%（本命度） / 最有力組み合わせ確率: 0.079（推定実オッズ?17倍） / 2着集中度: 上位2艇 79.7%（補正+0.04） / 総合判定確率: 0.119 / → ヒモ分散。1号艇1着固定で広めのヒモ流し推奨（買い目+2点）', 'tenji_trigger': '展示確認: ヒモ分散レース。1号艇伸び確認後、広めのヒモ流しを採用。穴ヒモ（5・6号艇）を積極的に含める。\n展示で1号艇スタート超安定(0.137秒)→ヒモ固まり方向に注意'}",,,33.1,逃げ狙い,18.75,42,2,,,,,0,0,0.7559,0,,逃げ軸流し,A
2026-04-12,丸亀,3,2,渡部　悟,A2,18.25,2,△,16.5212,42.1,100,73.2,0.1536,3.0268,,,0,低,79,0,-,43251,0,54.9,1.0688,0,0.08,0,0,0,0.1639,0.1194,0.0296,,,E,◎,,0.1473,0.66,,0.5655,A,76,0,◎-○軸 3着3〜4艇流し（10〜15点）,0.5777,"{'is_target': True, 'verdict': '参加推奨', 'max_combo_prob': 0.0788, 'est_top_odds': 16.9, 'circle_concentration': 79.7, 'eligible_count': 8, 'bet_adj': 2, 'reason': 'rel_win1=53.9%（本命度） / 最有力組み合わせ確率: 0.079（推定実オッズ?17倍） / 2着集中度: 上位2艇 79.7%（補正+0.04） / 総合判定確率: 0.119 / → ヒモ分散。1号艇1着固定で広めのヒモ流し推奨（買い目+2点）', 'tenji_trigger': '展示確認: ヒモ分散レース。1号艇伸び確認後、広めのヒモ流しを採用。穴ヒモ（5・6号艇）を積極的に含める。\n展示で1号艇スタート超安定(0.137秒)→ヒモ固まり方向に注意'}",,,33.1,逃げ狙い,18.75,42,2,,,,,,,,,,,
2026-04-12,丸亀,3,3,武重雄介,A2,30.53,3,○,15.0029,37.6,70,63,0.1565,3.2222,,,0,低,119,0,差0% ま0%,6 455,0,21.9,0.6821,0,0.0741,0.037,0.1111,0,0.1657,0,0.0343,,,C,○,,0.205,0.6375,,0.5655,A,76,0,◎-○軸 3着3〜4艇流し（10〜15点）,0.5777,"{'is_target': True, 'verdict': '参加推奨', 'max_combo_prob': 0.0788, 'est_top_odds': 16.9, 'circle_concentration': 79.7, 'eligible_count': 8, 'bet_adj': 2, 'reason': 'rel_win1=53.9%（本命度） / 最有力組み合わせ確率: 0.079（推定実オッズ?17倍） / 2着集中度: 上位2艇 79.7%（補正+0.04） / 総合判定確率: 0.119 / → ヒモ分散。1号艇1着固定で広めのヒモ流し推奨（買い目+2点）', 'tenji_trigger': '展示確認: ヒモ分散レース。1号艇伸び確認後、広めのヒモ流しを採用。穴ヒモ（5・6号艇）を積極的に含める。\n展示で1号艇スタート超安定(0.137秒)→ヒモ固まり方向に注意'}",,,33.1,逃げ狙い,18.75,42,2,,,,,,,,,,,
2026-04-12,丸亀,3,4,須藤隆雄,B1,26.98,4,,8.4364,11.4,68,42,0.1724,3.45,,,0,低,110,0,-,652 45,0,46.9,0.9355,,,,,,0.1364,0.0909,0.6455,,,D,△,,0.1717,0.585,,0.5655,A,76,0,◎-○軸 3着3〜4艇流し（10〜15点）,0.5777,"{'is_target': True, 'verdict': '参加推奨', 'max_combo_prob': 0.0788, 'est_top_odds': 16.9, 'circle_concentration': 79.7, 'eligible_count': 8, 'bet_adj': 2, 'reason': 'rel_win1=53.9%（本命度） / 最有力組み合わせ確率: 0.079（推定実オッズ?17倍） / 2着集中度: 上位2艇 79.7%（補正+0.04） / 総合判定確率: 0.119 / → ヒモ分散。1号艇1着固定で広めのヒモ流し推奨（買い目+2点）', 'tenji_trigger': '展示確認: ヒモ分散レース。1号艇伸び確認後、広めのヒモ流しを採用。穴ヒモ（5・6号艇）を積極的に含める。\n展示で1号艇スタート超安定(0.137秒)→ヒモ固まり方向に注意'}",,,33.1,逃げ狙い,18.75,42,2,,,,,,,,,,,
2026-04-12,丸亀,3,5,樋江井舞,B1,38.28,5,▲,5.169,7.9,61,23.3,0.1835,4.0349,,,0,低,76,0,-,363 66,0,42.6,0.8552,,,,,,,,,,,B,,,0.1608,0.539,,0.5655,A,76,0,◎-○軸 3着3〜4艇流し（10〜15点）,0.5777,"{'is_target': True, 'verdict': '参加推奨', 'max_combo_prob': 0.0788, 'est_top_odds': 16.9, 'circle_concentration': 79.7, 'eligible_count': 8, 'bet_adj': 2, 'reason': 'rel_win1=53.9%（本命度） / 最有力組み合わせ確率: 0.079（推定実オッズ?17倍） / 2着集中度: 上位2艇 79.7%（補正+0.04） / 総合判定確率: 0.119 / → ヒモ分散。1号艇1着固定で広めのヒモ流し推奨（買い目+2点）', 'tenji_trigger': '展示確認: ヒモ分散レース。1号艇伸び確認後、広めのヒモ流しを採用。穴ヒモ（5・6号艇）を積極的に含める。\n展示で1号艇スタート超安定(0.137秒)→ヒモ固まり方向に注意'}",,,33.1,逃げ狙い,18.75,42,2,,,,,,,,,,,
2026-04-12,丸亀,3,6,本吉正樹,B1,25.76,6,,1.0074,1,28,6.1,0.2002,4.5918,,,0,低,152,0,-,2 426,0,34.1,0.82,,,,,,0.175,0.2643,0.0143,,,D,△,,0.135,0.585,,0.5655,A,76,0,◎-○軸 3着3〜4艇流し（10〜15点）,0.5777,"{'is_target': True, 'verdict': '参加推奨', 'max_combo_prob': 0.0788, 'est_top_odds': 16.9, 'circle_concentration': 79.7, 'eligible_count': 8, 'bet_adj': 2, 'reason': 'rel_win1=53.9%（本命度） / 最有力組み合わせ確率: 0.079（推定実オッズ?17倍） / 2着集中度: 上位2艇 79.7%（補正+0.04） / 総合判定確率: 0.119 / → ヒモ分散。1号艇1着固定で広めのヒモ流し推奨（買い目+2点）', 'tenji_trigger': '展示確認: ヒモ分散レース。1号艇伸び確認後、広めのヒモ流しを採用。穴ヒモ（5・6号艇）を積極的に含める。\n展示で1号艇スタート超安定(0.137秒)→ヒモ固まり方向に注意'}",,,33.1,逃げ狙い,18.75,42,2,,,,,,,,,,,
2026-04-12,丸亀,4,1,森林　太,B1,25.00,1,○,43.0948,,0,63,0.1872,4.1848,,,0,低,204,0,-,545 56,0,100,2.0757,0.2222,,,,,0.0667,0.3556,0.1222,,,D,,,,0.555,,0.1811,C,38,0,荒れ傾向。高配当狙いか見送り,0.5777,"{'is_target': False, 'verdict': '対象外', 'max_combo_prob': None, 'est_top_odds': None, 'circle_concentration': None, 'eligible_count': 0, 'bet_adj': 0, 'reason': '1号艇rel_win1 < 45%: 通常判定に委ねる', 'tenji_trigger': ''}",,,35.7,両建て推奨,16.86,36.8,2,2-1-3|2-1-5|2-1-4|2-3-1|2-5-1|2-5-3|2-3-5|1-2-5|1-2-3|1-3-5,2-1-3|2-1-5|2-1-4|2-3-1|2-5-1|2-5-3|2-3-5|1-2-5|5-1-6|1-2-3|5-6-1|1-3-5,2-1-3:2.7%|2-1-5:1.98%|2-1-4:1.04%|2-3-1:0.86%|2-5-1:0.69%|2-5-3:0.24%|2-3-5:0.22%|1-2-5:6.05%|1-2-3:4.93%|1-3-5:3.85%,2-1-3:B_main|2-1-5:B_main|2-1-4:B_main|2-3-1:B_main|2-5-1:B_main|2-5-3:B_main|2-3-5:B_main|1-2-5:A|1-2-3:A|1-3-5:A,10,12,0.2915,1,[!]見送り推奨（主役決まり手「差し」― 逃げ劣勢レースで的中実績なし）,主役軸流し,B
2026-04-12,丸亀,4,2,加藤政彦,A1,40.63,2,◎,24.4656,46.6,100,78.6,0.1401,2.8857,,,0,低,105,0,差0% ま0%,1 3221,0,67.1,1.3772,0,0.1333,0.0333,0,0,0.35,0.0667,0.1833,,◎,A,△,,0.588,0.5995,,0.1811,C,38,0,荒れ傾向。高配当狙いか見送り,0.5777,"{'is_target': False, 'verdict': '対象外', 'max_combo_prob': None, 'est_top_odds': None, 'circle_concentration': None, 'eligible_count': 0, 'bet_adj': 0, 'reason': '1号艇rel_win1 < 45%: 通常判定に委ねる', 'tenji_trigger': ''}",,,35.7,両建て推奨,16.86,36.8,2,,,,,,,,,,,
2026-04-12,丸亀,4,3,杉山喜一,B1,35.94,3,▲,15.6738,19.3,61,51,0.1404,2.9184,,,0,低,91,0,差0% ま0% 差ま0%,2 445,0,48.2,1.1369,0,0.0476,0.0952,0.1429,0,0.0471,0.6382,0,,○,B,○,,0.5246,0.625,,0.1811,C,38,0,荒れ傾向。高配当狙いか見送り,0.5777,"{'is_target': False, 'verdict': '対象外', 'max_combo_prob': None, 'est_top_odds': None, 'circle_concentration': None, 'eligible_count': 0, 'bet_adj': 0, 'reason': '1号艇rel_win1 < 45%: 通常判定に委ねる', 'tenji_trigger': ''}",,,35.7,両建て推奨,16.86,36.8,2,,,,,,,,,,,
2026-04-12,丸亀,4,4,成貞琳平,B1,23.08,4,,4.5329,7.6,70,23.9,0.1854,4.0217,,,0,低,120,0,-,3 555,0,18.5,0.537,,,,,,0.075,0.375,0.25,,,E,,,0.3699,0.5785,,0.1811,C,38,0,荒れ傾向。高配当狙いか見送り,0.5777,"{'is_target': False, 'verdict': '対象外', 'max_combo_prob': None, 'est_top_odds': None, 'circle_concentration': None, 'eligible_count': 0, 'bet_adj': 0, 'reason': '1号艇rel_win1 < 45%: 通常判定に委ねる', 'tenji_trigger': ''}",,,35.7,両建て推奨,16.86,36.8,2,,,,,,,,,,,
2026-04-12,丸亀,4,5,是澤孝宏,A2,35.66,5,△,10.6079,19.6,67,59,0.1661,3.3607,,,0,低,125,0,差ま0% 抜0%,411 16,0,86.5,1.726,0,0,0,0.037,0.037,0.1625,0.0125,0.0375,,,C,△,◎,0.3997,0.6235,0.3139,0.1811,C,38,0,荒れ傾向。高配当狙いか見送り,0.5777,"{'is_target': False, 'verdict': '対象外', 'max_combo_prob': None, 'est_top_odds': None, 'circle_concentration': None, 'eligible_count': 0, 'bet_adj': 0, 'reason': '1号艇rel_win1 < 45%: 通常判定に委ねる', 'tenji_trigger': ''}",,,35.7,両建て推奨,16.86,36.8,2,,,,,,,,,,,
2026-04-12,丸亀,4,6,今井裕梨,A2,32.03,6,,1.625,6.9,61,21.1,0.1632,2.7368,,,0,低,38,0,-,1 263,0,38.1,0.8647,,,,,,0.1818,0.0909,0.1818,,△,C,◎,,0.4435,0.6515,,0.1811,C,38,0,荒れ傾向。高配当狙いか見送り,0.5777,"{'is_target': False, 'verdict': '対象外', 'max_combo_prob': None, 'est_top_odds': None, 'circle_concentration': None, 'eligible_count': 0, 'bet_adj': 0, 'reason': '1号艇rel_win1 < 45%: 通常判定に委ねる', 'tenji_trigger': ''}",,,35.7,両建て推奨,16.86,36.8,2,,,,,,,,,,,
2026-04-12,丸亀,5,1,古賀智之,A2,39.69,1,◎,48.8118,,0,80,0.1562,3.3125,,,0,低,119,0,逃0%,6 1215,0,59.9,1.0144,0.4375,,,,,0.05,0.4,0.125,△,,B,,,,0.5905,,0.3272,S,83,0,◎1着固定 2-3着流し（5〜8点）,0.5777,"{'is_target': True, 'verdict': '参加推奨', 'max_combo_prob': 0.0566, 'est_top_odds': 23.6, 'circle_concentration': 69.7, 'eligible_count': 6, 'bet_adj': 2, 'reason': 'rel_win1=48.8%（本命度） / 最有力組み合わせ確率: 0.057（推定実オッズ?24倍） / 2着集中度: 上位2艇 69.7%（補正+0.00） / 総合判定確率: 0.057 / → ヒモ分散。1号艇1着固定で広めのヒモ流し推奨（買い目+2点）', 'tenji_trigger': '展示確認: ヒモ分散レース。1号艇伸び確認後、広めのヒモ流しを採用。穴ヒモ（5・6号艇）を積極的に含める。'}",,,31,逃げ狙い,19.33,35.4,2,2-1-3|1-2-6|1-2-4|1-2-3|1-3-6|1-3-2,5-1-6|6-1-3|5-6-1|2-1-3|6-1-4|6-3-1|6-4-1|1-2-6|1-2-4|1-2-3|1-3-6|1-3-2,2-1-3:2.68%|1-2-6:7.23%|1-2-4:7.07%|1-2-3:6.76%|1-3-6:4.75%|1-3-2:4.74%,2-1-3:B_main|1-2-6:A|1-2-4:A|1-2-3:A|1-3-6:A|1-3-2:A,6,12,0.4535,1,[!]見送り推奨（主役決まり手「差し」― 逃げ劣勢レースで的中実績なし）,荒れ広め,D
2026-04-12,丸亀,5,2,深川真二,A1,37.31,2,○,19.5558,40.4,69,69.8,0.1304,2.5849,,,0,低,21,0,差0%,115 14,0,30.5,0.9407,0,0.1786,0.0357,0,0,0.0105,0.1173,0.0211,,◎,B,○,,0.5887,0.6545,,0.3272,S,83,0,◎1着固定 2-3着流し（5〜8点）,0.5777,"{'is_target': True, 'verdict': '参加推奨', 'max_combo_prob': 0.0566, 'est_top_odds': 23.6, 'circle_concentration': 69.7, 'eligible_count': 6, 'bet_adj': 2, 'reason': 'rel_win1=48.8%（本命度） / 最有力組み合わせ確率: 0.057（推定実オッズ?24倍） / 2着集中度: 上位2艇 69.7%（補正+0.00） / 総合判定確率: 0.057 / → ヒモ分散。1号艇1着固定で広めのヒモ流し推奨（買い目+2点）', 'tenji_trigger': '展示確認: ヒモ分散レース。1号艇伸び確認後、広めのヒモ流しを採用。穴ヒモ（5・6号艇）を積極的に含める。'}",,,31,逃げ狙い,19.33,35.4,2,,,,,,,,,,,
2026-04-12,丸亀,5,3,立間充宏,B1,24.81,3,,9.5412,29.2,100,64.3,0.1517,3.1071,,,0,低,88,0,ま0%,643 64,0,61.8,1.1342,0,0,0.1333,0,0,0.2727,0.1182,0.0727,,,D,,,0.3266,0.5755,,0.3272,S,83,0,◎1着固定 2-3着流し（5〜8点）,0.5777,"{'is_target': True, 'verdict': '参加推奨', 'max_combo_prob': 0.0566, 'est_top_odds': 23.6, 'circle_concentration': 69.7, 'eligible_count': 6, 'bet_adj': 2, 'reason': 'rel_win1=48.8%（本命度） / 最有力組み合わせ確率: 0.057（推定実オッズ?24倍） / 2着集中度: 上位2艇 69.7%（補正+0.00） / 総合判定確率: 0.057 / → ヒモ分散。1号艇1着固定で広めのヒモ流し推奨（買い目+2点）', 'tenji_trigger': '展示確認: ヒモ分散レース。1号艇伸び確認後、広めのヒモ流しを採用。穴ヒモ（5・6号艇）を積極的に含める。'}",,,31,逃げ狙い,19.33,35.4,2,,,,,,,,,,,
2026-04-12,丸亀,5,4,榮田将彦,B1,33.85,4,▲,12.9273,12.9,75,38.9,0.1136,2.3056,,,0,低,41,0,ま0%,642 23,0,42,1.0823,0,0,0.1111,0,0,0.28,0.0533,0.0267,,○,C,◎,,0.4717,0.6605,,0.3272,S,83,0,◎1着固定 2-3着流し（5〜8点）,0.5777,"{'is_target': True, 'verdict': '参加推奨', 'max_combo_prob': 0.0566, 'est_top_odds': 23.6, 'circle_concentration': 69.7, 'eligible_count': 6, 'bet_adj': 2, 'reason': 'rel_win1=48.8%（本命度） / 最有力組み合わせ確率: 0.057（推定実オッズ?24倍） / 2着集中度: 上位2艇 69.7%（補正+0.00） / 総合判定確率: 0.057 / → ヒモ分散。1号艇1着固定で広めのヒモ流し推奨（買い目+2点）', 'tenji_trigger': '展示確認: ヒモ分散レース。1号艇伸び確認後、広めのヒモ流しを採用。穴ヒモ（5・6号艇）を積極的に含める。'}",,,31,逃げ狙い,19.33,35.4,2,,,,,,,,,,,
2026-04-12,丸亀,5,5,村田修次,A2,33.85,5,△,5.7498,12,96,49,0.1443,3.1471,,,0,低,93,0,-,232 25,0,37.8,1.3729,,,,,,0.0625,0.1107,0.2214,,,C,△,,0.3484,0.6435,,0.3272,S,83,0,◎1着固定 2-3着流し（5〜8点）,0.5777,"{'is_target': True, 'verdict': '参加推奨', 'max_combo_prob': 0.0566, 'est_top_odds': 23.6, 'circle_concentration': 69.7, 'eligible_count': 6, 'bet_adj': 2, 'reason': 'rel_win1=48.8%（本命度） / 最有力組み合わせ確率: 0.057（推定実オッズ?24倍） / 2着集中度: 上位2艇 69.7%（補正+0.00） / 総合判定確率: 0.057 / → ヒモ分散。1号艇1着固定で広めのヒモ流し推奨（買い目+2点）', 'tenji_trigger': '展示確認: ヒモ分散レース。1号艇伸び確認後、広めのヒモ流しを採用。穴ヒモ（5・6号艇）を積極的に含める。'}",,,31,逃げ狙い,19.33,35.4,2,,,,,,,,,,,
2026-04-12,丸亀,5,6,川井　萌,B2,27.69,6,,3.4142,5.4,78,55.6,0.1644,3.4444,,,0,低,50,0,-,546 54,0,99.3,2.1164,,,,,,0,0.5,0,,,D,△,,0.2839,0.6045,,0.3272,S,83,0,◎1着固定 2-3着流し（5〜8点）,0.5777,"{'is_target': True, 'verdict': '参加推奨', 'max_combo_prob': 0.0566, 'est_top_odds': 23.6, 'circle_concentration': 69.7, 'eligible_count': 6, 'bet_adj': 2, 'reason': 'rel_win1=48.8%（本命度） / 最有力組み合わせ確率: 0.057（推定実オッズ?24倍） / 2着集中度: 上位2艇 69.7%（補正+0.00） / 総合判定確率: 0.057 / → ヒモ分散。1号艇1着固定で広めのヒモ流し推奨（買い目+2点）', 'tenji_trigger': '展示確認: ヒモ分散レース。1号艇伸び確認後、広めのヒモ流しを採用。穴ヒモ（5・6号艇）を積極的に含める。'}",,,31,逃げ狙い,19.33,35.4,2,,,,,,,,,,,
2026-04-12,丸亀,6,1,坪口竜也,A2,28.15,1,◎,56.0692,,0,92.5,0.1363,2.7388,,,0,低,84,0,逃1%,3 1233,0,89,1.1576,0.8333,,,,,0,0.0667,0.0333,◎,,C,○,,,0.6815,,0.6023,A,77,0,◎-○軸 3着3〜4艇流し（10〜15点）,0.5777,"{'is_target': True, 'verdict': '参加推奨', 'max_combo_prob': 0.0695, 'est_top_odds': 19.2, 'circle_concentration': 67.9, 'eligible_count': 8, 'bet_adj': 2, 'reason': 'rel_win1=56.1%（本命度） / 最有力組み合わせ確率: 0.069（推定実オッズ?19倍） / 2着集中度: 上位2艇 67.9%（補正+0.00） / 総合判定確率: 0.069 / → ヒモ分散。1号艇1着固定で広めのヒモ流し推奨（買い目+2点）', 'tenji_trigger': '展示確認: ヒモ分散レース。1号艇伸び確認後、広めのヒモ流しを採用。穴ヒモ（5・6号艇）を積極的に含める。\n展示で1号艇スタート超安定(0.136秒)→ヒモ固まり方向に注意'}",,,27.9,逃げ狙い,23.21,23.3,3,,,,,0,0,0.7559,0,,逃げ軸流し,A
2026-04-12,丸亀,6,2,奥村明日,B1,50.00,2,○,8.1739,41,92,51.5,0.1894,3.4545,,,0,低,83,0,-,335 41,0,85.7,0.6266,0,0,0.0909,0,0,0.6,0.1,0,,,A,,,0.0625,0.5175,,0.6023,A,77,0,◎-○軸 3着3〜4艇流し（10〜15点）,0.5777,"{'is_target': True, 'verdict': '参加推奨', 'max_combo_prob': 0.0695, 'est_top_odds': 19.2, 'circle_concentration': 67.9, 'eligible_count': 8, 'bet_adj': 2, 'reason': 'rel_win1=56.1%（本命度） / 最有力組み合わせ確率: 0.069（推定実オッズ?19倍） / 2着集中度: 上位2艇 67.9%（補正+0.00） / 総合判定確率: 0.069 / → ヒモ分散。1号艇1着固定で広めのヒモ流し推奨（買い目+2点）', 'tenji_trigger': '展示確認: ヒモ分散レース。1号艇伸び確認後、広めのヒモ流しを採用。穴ヒモ（5・6号艇）を積極的に含める。\n展示で1号艇スタート超安定(0.136秒)→ヒモ固まり方向に注意'}",,,27.9,逃げ狙い,23.21,23.3,3,,,,,,,,,,,
2026-04-12,丸亀,6,3,岩永雅人,A2,27.07,3,▲,18.746,26.9,100,65.6,0.1634,3.4531,,,0,低,153,0,差0% ま0% 差ま0%,1 133,0,73,1.4383,0,0.1,0.1,0.1,0,0.01,0.155,0.07,,,D,△,,0.177,0.61,,0.6023,A,77,0,◎-○軸 3着3〜4艇流し（10〜15点）,0.5777,"{'is_target': True, 'verdict': '参加推奨', 'max_combo_prob': 0.0695, 'est_top_odds': 19.2, 'circle_concentration': 67.9, 'eligible_count': 8, 'bet_adj': 2, 'reason': 'rel_win1=56.1%（本命度） / 最有力組み合わせ確率: 0.069（推定実オッズ?19倍） / 2着集中度: 上位2艇 67.9%（補正+0.00） / 総合判定確率: 0.069 / → ヒモ分散。1号艇1着固定で広めのヒモ流し推奨（買い目+2点）', 'tenji_trigger': '展示確認: ヒモ分散レース。1号艇伸び確認後、広めのヒモ流しを採用。穴ヒモ（5・6号艇）を積極的に含める。\n展示で1号艇スタート超安定(0.136秒)→ヒモ固まり方向に注意'}",,,27.9,逃げ狙い,23.21,23.3,3,,,,,,,,,,,
2026-04-12,丸亀,6,4,森永　淳,A1,23.85,4,△,12.6238,20.3,92,58,0.1248,2.68,,,0,低,52,0,差0% ま0% 差ま0%,35114,0,74.2,1.324,0,0.05,0.15,0.05,0,0,0.1351,0.0811,,,E,◎,◎,0.3587,0.702,0.466,0.6023,A,77,0,◎-○軸 3着3〜4艇流し（10〜15点）,0.5777,"{'is_target': True, 'verdict': '参加推奨', 'max_combo_prob': 0.0695, 'est_top_odds': 19.2, 'circle_concentration': 67.9, 'eligible_count': 8, 'bet_adj': 2, 'reason': 'rel_win1=56.1%（本命度） / 最有力組み合わせ確率: 0.069（推定実オッズ?19倍） / 2着集中度: 上位2艇 67.9%（補正+0.00） / 総合判定確率: 0.069 / → ヒモ分散。1号艇1着固定で広めのヒモ流し推奨（買い目+2点）', 'tenji_trigger': '展示確認: ヒモ分散レース。1号艇伸び確認後、広めのヒモ流しを採用。穴ヒモ（5・6号艇）を積極的に含める。\n展示で1号艇スタート超安定(0.136秒)→ヒモ固まり方向に注意'}",,,27.9,逃げ狙い,23.21,23.3,3,,,,,,,,,,,
2026-04-12,丸亀,6,5,小野寺智,B1,27.69,5,,2.4352,9.4,87,32.7,0.1544,3.6636,,,0,低,79,0,-,126 14,0,29.9,1.5155,,,,,,0.1217,0.0174,0.3096,,,D,△,,0.2519,0.6185,,0.6023,A,77,0,◎-○軸 3着3〜4艇流し（10〜15点）,0.5777,"{'is_target': True, 'verdict': '参加推奨', 'max_combo_prob': 0.0695, 'est_top_odds': 19.2, 'circle_concentration': 67.9, 'eligible_count': 8, 'bet_adj': 2, 'reason': 'rel_win1=56.1%（本命度） / 最有力組み合わせ確率: 0.069（推定実オッズ?19倍） / 2着集中度: 上位2艇 67.9%（補正+0.00） / 総合判定確率: 0.069 / → ヒモ分散。1号艇1着固定で広めのヒモ流し推奨（買い目+2点）', 'tenji_trigger': '展示確認: ヒモ分散レース。1号艇伸び確認後、広めのヒモ流しを採用。穴ヒモ（5・6号艇）を積極的に含める。\n展示で1号艇スタート超安定(0.136秒)→ヒモ固まり方向に注意'}",,,27.9,逃げ狙い,23.21,23.3,3,,,,,,,,,,,
2026-04-12,丸亀,6,6,深見亜由,B2,34.88,6,,1.9519,2.4,52,0,0.2712,5.6875,,,0,低,23,1,-,5 442,0,29.9,0.8222,,,,,,0.36,0.64,0,,,B,,,0.135,0.497,,0.6023,A,77,0,◎-○軸 3着3〜4艇流し（10〜15点）,0.5777,"{'is_target': True, 'verdict': '参加推奨', 'max_combo_prob': 0.0695, 'est_top_odds': 19.2, 'circle_concentration': 67.9, 'eligible_count': 8, 'bet_adj': 2, 'reason': 'rel_win1=56.1%（本命度） / 最有力組み合わせ確率: 0.069（推定実オッズ?19倍） / 2着集中度: 上位2艇 67.9%（補正+0.00） / 総合判定確率: 0.069 / → ヒモ分散。1号艇1着固定で広めのヒモ流し推奨（買い目+2点）', 'tenji_trigger': '展示確認: ヒモ分散レース。1号艇伸び確認後、広めのヒモ流しを採用。穴ヒモ（5・6号艇）を積極的に含める。\n展示で1号艇スタート超安定(0.136秒)→ヒモ固まり方向に注意'}",,,27.9,逃げ狙い,23.21,23.3,3,,,,,,,,,,,
2026-04-12,丸亀,7,1,河野真也,A2,21.54,1,◎,53.1795,,0,89,0.1723,3.7123,,,0,低,156,0,-,663 16,0,83.5,1.2696,0.4839,,,,,0.0645,0.0258,0.1774,○,,E,○,,,0.6315,,0.3629,S,81,0,◎1着固定 2-3着流し（5〜8点）,0.5777,"{'is_target': True, 'verdict': '参加推奨', 'max_combo_prob': 0.0537, 'est_top_odds': 24.8, 'circle_concentration': 52.6, 'eligible_count': 6, 'bet_adj': 2, 'reason': 'rel_win1=53.2%（本命度） / 最有力組み合わせ確率: 0.054（推定実オッズ?25倍） / 2着集中度: 上位2艇 52.6%（補正-0.04） / 総合判定確率: 0.014 / → ヒモ分散。1号艇1着固定で広めのヒモ流し推奨（買い目+2点）', 'tenji_trigger': '展示確認: ヒモ分散レース。1号艇伸び確認後、広めのヒモ流しを採用。穴ヒモ（5・6号艇）を積極的に含める。'}",,,27.2,逃げ狙い,16,27.4,4,,,,,0,0,0.6155,0,,逃げ軸流し,A
2026-04-12,丸亀,7,2,間庭菜摘,B1,29.46,2,,12.0171,26.7,100,54,0.2051,4.4324,,,0,低,76,0,差0%,2 445,0,84.8,0.8907,0,0.0556,0,0,0,0,0.4,0.04,,,B,,,0.0709,0.5795,,0.3629,S,81,0,◎1着固定 2-3着流し（5〜8点）,0.5777,"{'is_target': True, 'verdict': '参加推奨', 'max_combo_prob': 0.0537, 'est_top_odds': 24.8, 'circle_concentration': 52.6, 'eligible_count': 6, 'bet_adj': 2, 'reason': 'rel_win1=53.2%（本命度） / 最有力組み合わせ確率: 0.054（推定実オッズ?25倍） / 2着集中度: 上位2艇 52.6%（補正-0.04） / 総合判定確率: 0.014 / → ヒモ分散。1号艇1着固定で広めのヒモ流し推奨（買い目+2点）', 'tenji_trigger': '展示確認: ヒモ分散レース。1号艇伸び確認後、広めのヒモ流しを採用。穴ヒモ（5・6号艇）を積極的に含める。'}",,,27.2,逃げ狙い,16,27.4,4,,,,,,,,,,,
2026-04-12,丸亀,7,3,坂口貴彦,B1,22.73,3,,7.7873,25.9,67,54.4,0.1784,3.693,,,0,低,134,0,-,1 256,0,100,2.4535,0,0,0,0.0741,0,0.0471,0.1235,0.1471,,,D,,,0.2699,0.591,,0.3629,S,81,0,◎1着固定 2-3着流し（5〜8点）,0.5777,"{'is_target': True, 'verdict': '参加推奨', 'max_combo_prob': 0.0537, 'est_top_odds': 24.8, 'circle_concentration': 52.6, 'eligible_count': 6, 'bet_adj': 2, 'reason': 'rel_win1=53.2%（本命度） / 最有力組み合わせ確率: 0.054（推定実オッズ?25倍） / 2着集中度: 上位2艇 52.6%（補正-0.04） / 総合判定確率: 0.014 / → ヒモ分散。1号艇1着固定で広めのヒモ流し推奨（買い目+2点）', 'tenji_trigger': '展示確認: ヒモ分散レース。1号艇伸び確認後、広めのヒモ流しを採用。穴ヒモ（5・6号艇）を積極的に含める。'}",,,27.2,逃げ狙い,16,27.4,4,,,,,,,,,,,
2026-04-12,丸亀,7,4,大須賀友,A2,28.89,4,○,14.0422,18.9,95,69.2,0.1546,3.2115,,,0,低,116,0,差ま0%,25541,0,71.1,1.486,0,0.0476,0.0952,0.0952,0,0.0516,0.1258,0.0129,,,C,△,○,0.3802,0.599,0.3289,0.3629,S,81,0,◎1着固定 2-3着流し（5〜8点）,0.5777,"{'is_target': True, 'verdict': '参加推奨', 'max_combo_prob': 0.0537, 'est_top_odds': 24.8, 'circle_concentration': 52.6, 'eligible_count': 6, 'bet_adj': 2, 'reason': 'rel_win1=53.2%（本命度） / 最有力組み合わせ確率: 0.054（推定実オッズ?25倍） / 2着集中度: 上位2艇 52.6%（補正-0.04） / 総合判定確率: 0.014 / → ヒモ分散。1号艇1着固定で広めのヒモ流し推奨（買い目+2点）', 'tenji_trigger': '展示確認: ヒモ分散レース。1号艇伸び確認後、広めのヒモ流しを採用。穴ヒモ（5・6号艇）を積極的に含める。'}",,,27.2,逃げ狙い,16,27.4,4,,,,,,,,,,,
2026-04-12,丸亀,7,5,徳増秀樹,A1,26.81,5,△,11.3276,23.3,44,54.5,0.1206,2.4091,,,0,低,35,0,差ま0%,12411,0,34.3,1.7152,0,0,0,0.0526,0,0.0694,0.0296,0.0444,,◎,D,◎,◎,0.4521,0.67,0.4244,0.3629,S,81,0,◎1着固定 2-3着流し（5〜8点）,0.5777,"{'is_target': True, 'verdict': '参加推奨', 'max_combo_prob': 0.0537, 'est_top_odds': 24.8, 'circle_concentration': 52.6, 'eligible_count': 6, 'bet_adj': 2, 'reason': 'rel_win1=53.2%（本命度） / 最有力組み合わせ確率: 0.054（推定実オッズ?25倍） / 2着集中度: 上位2艇 52.6%（補正-0.04） / 総合判定確率: 0.014 / → ヒモ分散。1号艇1着固定で広めのヒモ流し推奨（買い目+2点）', 'tenji_trigger': '展示確認: ヒモ分散レース。1号艇伸び確認後、広めのヒモ流しを採用。穴ヒモ（5・6号艇）を積極的に含める。'}",,,27.2,逃げ狙い,16,27.4,4,,,,,,,,,,,
2026-04-12,丸亀,7,6,中澤宏奈,B2,39.39,6,▲,1.6463,5.2,45,27.3,0.17,3.8864,,,0,低,56,0,-,252 32,0,47.2,1.1383,,,,,,0.05,0,0.4,,,A,△,,0.3245,0.5985,,0.3629,S,81,0,◎1着固定 2-3着流し（5〜8点）,0.5777,"{'is_target': True, 'verdict': '参加推奨', 'max_combo_prob': 0.0537, 'est_top_odds': 24.8, 'circle_concentration': 52.6, 'eligible_count': 6, 'bet_adj': 2, 'reason': 'rel_win1=53.2%（本命度） / 最有力組み合わせ確率: 0.054（推定実オッズ?25倍） / 2着集中度: 上位2艇 52.6%（補正-0.04） / 総合判定確率: 0.014 / → ヒモ分散。1号艇1着固定で広めのヒモ流し推奨（買い目+2点）', 'tenji_trigger': '展示確認: ヒモ分散レース。1号艇伸び確認後、広めのヒモ流しを採用。穴ヒモ（5・6号艇）を積極的に含める。'}",,,27.2,逃げ狙い,16,27.4,4,,,,,,,,,,,
2026-04-12,丸亀,8,1,堀本和也,A1,28.70,1,◎,71.1717,,0,91.1,0.1162,1.8482,,,0,低,22,0,逃0%,223 42,0,83.8,1.0294,0.8,,,,,0.04,0.04,0.12,◎,,D,◎,,,0.769,,0.7779,S,99,0,◎1着固定 2-3着流し（5〜8点）,0.5777,"{'is_target': True, 'verdict': '点数絞り', 'max_combo_prob': 0.1255, 'est_top_odds': 10.6, 'circle_concentration': 68.9, 'eligible_count': 6, 'bet_adj': 0, 'reason': 'rel_win1=71.2%（本命度） / 最有力組み合わせ確率: 0.126（推定実オッズ?11倍） / 2着集中度: 上位2艇 68.9%（補正+0.00） / 総合判定確率: 0.126 / → ヒモはやや固め。上位2艇以外を切ること', 'tenji_trigger': '展示確認: 1号艇伸び良→そのまま採用。悪→飛び組に差し替え。circle_pct上位2艇に絞り込むこと。\n展示で1号艇スタート超安定(0.116秒)→ヒモ固まり方向に注意'}",,,24.8,逃げ狙い,13.05,23.1,2,,,,,0,0,0.7559,0,,逃げ軸流し,A
2026-04-12,丸亀,8,2,三好勇人,A2,37.80,2,○,11.6252,49,100,70.3,0.1291,2.4297,,,0,低,88,0,-,451 23,0,38.1,0.8193,0,0.0345,0.1379,0,0,0.0133,0.16,0.0533,,,B,△,,0.1915,0.6185,,0.7779,S,99,0,◎1着固定 2-3着流し（5〜8点）,0.5777,"{'is_target': True, 'verdict': '点数絞り', 'max_combo_prob': 0.1255, 'est_top_odds': 10.6, 'circle_concentration': 68.9, 'eligible_count': 6, 'bet_adj': 0, 'reason': 'rel_win1=71.2%（本命度） / 最有力組み合わせ確率: 0.126（推定実オッズ?11倍） / 2着集中度: 上位2艇 68.9%（補正+0.00） / 総合判定確率: 0.126 / → ヒモはやや固め。上位2艇以外を切ること', 'tenji_trigger': '展示確認: 1号艇伸び良→そのまま採用。悪→飛び組に差し替え。circle_pct上位2艇に絞り込むこと。\n展示で1号艇スタート超安定(0.116秒)→ヒモ固まり方向に注意'}",,,24.8,逃げ狙い,13.05,23.1,2,,,,,,,,,,,
2026-04-12,丸亀,8,3,成貞琳平,B1,23.08,3,,4.5875,19.2,69,32.5,0.1725,3.7875,,,0,低,120,0,-,3 555,0,42.7,0.6623,,,,,,0.075,0.375,0.25,,,E,,,0.1362,0.5785,,0.7779,S,99,0,◎1着固定 2-3着流し（5〜8点）,0.5777,"{'is_target': True, 'verdict': '点数絞り', 'max_combo_prob': 0.1255, 'est_top_odds': 10.6, 'circle_concentration': 68.9, 'eligible_count': 6, 'bet_adj': 0, 'reason': 'rel_win1=71.2%（本命度） / 最有力組み合わせ確率: 0.126（推定実オッズ?11倍） / 2着集中度: 上位2艇 68.9%（補正+0.00） / 総合判定確率: 0.126 / → ヒモはやや固め。上位2艇以外を切ること', 'tenji_trigger': '展示確認: 1号艇伸び良→そのまま採用。悪→飛び組に差し替え。circle_pct上位2艇に絞り込むこと。\n展示で1号艇スタート超安定(0.116秒)→ヒモ固まり方向に注意'}",,,24.8,逃げ狙い,13.05,23.1,2,,,,,,,,,,,
2026-04-12,丸亀,8,4,武重雄介,A2,30.53,4,,7.1967,19.9,81,50,0.1566,3.2069,,,0,低,119,0,-,6 455,0,53.1,0.9802,0,0,0.04,0,0,0.1657,0,0.0343,,,D,○,◎,0.1257,0.6375,0.2958,0.7779,S,99,0,◎1着固定 2-3着流し（5〜8点）,0.5777,"{'is_target': True, 'verdict': '点数絞り', 'max_combo_prob': 0.1255, 'est_top_odds': 10.6, 'circle_concentration': 68.9, 'eligible_count': 6, 'bet_adj': 0, 'reason': 'rel_win1=71.2%（本命度） / 最有力組み合わせ確率: 0.126（推定実オッズ?11倍） / 2着集中度: 上位2艇 68.9%（補正+0.00） / 総合判定確率: 0.126 / → ヒモはやや固め。上位2艇以外を切ること', 'tenji_trigger': '展示確認: 1号艇伸び良→そのまま採用。悪→飛び組に差し替え。circle_pct上位2艇に絞り込むこと。\n展示で1号艇スタート超安定(0.116秒)→ヒモ固まり方向に注意'}",,,24.8,逃げ狙い,13.05,23.1,2,,,,,,,,,,,
2026-04-12,丸亀,8,5,上瀧絢也,B2,38.81,5,▲,4.1276,11.5,63,31.6,0.1532,2.8684,,,0,低,78,0,-,1 566,0,24.9,0.5748,0,0,0,0.0833,0,0.0923,0.2423,0,,,B,△,,0.1765,0.595,,0.7779,S,99,0,◎1着固定 2-3着流し（5〜8点）,0.5777,"{'is_target': True, 'verdict': '点数絞り', 'max_combo_prob': 0.1255, 'est_top_odds': 10.6, 'circle_concentration': 68.9, 'eligible_count': 6, 'bet_adj': 0, 'reason': 'rel_win1=71.2%（本命度） / 最有力組み合わせ確率: 0.126（推定実オッズ?11倍） / 2着集中度: 上位2艇 68.9%（補正+0.00） / 総合判定確率: 0.126 / → ヒモはやや固め。上位2艇以外を切ること', 'tenji_trigger': '展示確認: 1号艇伸び良→そのまま採用。悪→飛び組に差し替え。circle_pct上位2艇に絞り込むこと。\n展示で1号艇スタート超安定(0.116秒)→ヒモ固まり方向に注意'}",,,24.8,逃げ狙い,13.05,23.1,2,,,,,,,,,,,
2026-04-12,丸亀,8,6,岡崎凪汰,B1,40.63,6,△,1.2913,0.4,12,4.8,0.1875,3.994,,,0,低,54,0,差ま0%,6 5F6,0,21.9,0.8711,0,0,0,0.0244,0,0.25,0.25,0.25,,,B,,,0.1037,0.498,,0.7779,S,99,0,◎1着固定 2-3着流し（5〜8点）,0.5777,"{'is_target': True, 'verdict': '点数絞り', 'max_combo_prob': 0.1255, 'est_top_odds': 10.6, 'circle_concentration': 68.9, 'eligible_count': 6, 'bet_adj': 0, 'reason': 'rel_win1=71.2%（本命度） / 最有力組み合わせ確率: 0.126（推定実オッズ?11倍） / 2着集中度: 上位2艇 68.9%（補正+0.00） / 総合判定確率: 0.126 / → ヒモはやや固め。上位2艇以外を切ること', 'tenji_trigger': '展示確認: 1号艇伸び良→そのまま採用。悪→飛び組に差し替え。circle_pct上位2艇に絞り込むこと。\n展示で1号艇スタート超安定(0.116秒)→ヒモ固まり方向に注意'}",,,24.8,逃げ狙い,13.05,23.1,2,,,,,,,,,,,
2026-04-12,丸亀,9,1,野末智一,A2,34.92,1,◎,57.7335,,0,85.5,0.1754,3.875,,,0,低,227,0,逃0%,443 23,0,85.4,1.1056,0.4474,,,,,0.1722,0.1512,0.0737,△,,B,◎,,,0.6595,,0.3097,A,74,0,◎-○軸 3着3〜4艇流し（10〜15点）,0.5777,"{'is_target': True, 'verdict': '点数絞り', 'max_combo_prob': 0.0839, 'est_top_odds': 15.9, 'circle_concentration': 80.6, 'eligible_count': 8, 'bet_adj': 0, 'reason': 'rel_win1=57.7%（本命度） / 最有力組み合わせ確率: 0.084（推定実オッズ?16倍） / 2着集中度: 上位2艇 80.6%（補正+0.04） / 総合判定確率: 0.124 / → ヒモはやや固め。上位2艇以外を切ること', 'tenji_trigger': '展示確認: 1号艇伸び良→そのまま採用。悪→飛び組に差し替え。circle_pct上位2艇に絞り込むこと。'}",,,30.2,逃げ狙い,20.61,32.2,3,3-1-5|3-1-4|1-3-5|1-3-2|1-2-5|1-2-3|3-1-2,6-1-2|6-2-1|5-1-6|5-1-2|3-1-5|6-1-4|3-1-4|1-3-5|1-3-2|1-2-5|1-2-3|3-1-2,3-1-5:2.02%|3-1-4:1.63%|1-3-5:7.28%|1-3-2:6.38%|1-2-5:6.37%|1-2-3:5.48%|3-1-2:3.64%,3-1-5:B_main|3-1-4:B_main|1-3-5:A|1-3-2:A|1-2-5:A|1-2-3:A|3-1-2:B_sc,7,12,0.4535,1,[!]見送り推奨（主役決まり手「まくり差し」― 逃げ劣勢レースで的中実績なし）,荒れ広め,D
2026-04-12,丸亀,9,2,本吉正樹,B1,25.76,2,△,9.4742,33.8,73,47.6,0.1673,3.4524,,,0,低,152,0,ま0%,2 426,0,56.6,0.7967,0,0,0.069,0,0,0.175,0.2643,0.0143,,○,D,,,0.4157,0.585,,0.3097,A,74,0,◎-○軸 3着3〜4艇流し（10〜15点）,0.5777,"{'is_target': True, 'verdict': '点数絞り', 'max_combo_prob': 0.0839, 'est_top_odds': 15.9, 'circle_concentration': 80.6, 'eligible_count': 8, 'bet_adj': 0, 'reason': 'rel_win1=57.7%（本命度） / 最有力組み合わせ確率: 0.084（推定実オッズ?16倍） / 2着集中度: 上位2艇 80.6%（補正+0.04） / 総合判定確率: 0.124 / → ヒモはやや固め。上位2艇以外を切ること', 'tenji_trigger': '展示確認: 1号艇伸び良→そのまま採用。悪→飛び組に差し替え。circle_pct上位2艇に絞り込むこと。'}",,,30.2,逃げ狙い,20.61,32.2,3,,,,,,,,,,,
2026-04-12,丸亀,9,3,市橋卓士,A1,25.19,3,▲,17.1363,46.8,35,60,0.1558,3.1923,,,0,低,93,0,ま0% 差ま0%,363622,0,65.2,1.3146,0,0,0.1,0.1333,0,0.1045,0.0879,0.0795,,◎,D,△,,0.4378,0.6155,,0.3097,A,74,0,◎-○軸 3着3〜4艇流し（10〜15点）,0.5777,"{'is_target': True, 'verdict': '点数絞り', 'max_combo_prob': 0.0839, 'est_top_odds': 15.9, 'circle_concentration': 80.6, 'eligible_count': 8, 'bet_adj': 0, 'reason': 'rel_win1=57.7%（本命度） / 最有力組み合わせ確率: 0.084（推定実オッズ?16倍） / 2着集中度: 上位2艇 80.6%（補正+0.04） / 総合判定確率: 0.124 / → ヒモはやや固め。上位2艇以外を切ること', 'tenji_trigger': '展示確認: 1号艇伸び良→そのまま採用。悪→飛び組に差し替え。circle_pct上位2艇に絞り込むこと。'}",,,30.2,逃げ狙い,20.61,32.2,3,,,,,,,,,,,
2026-04-12,丸亀,9,4,松下誉士,B1,26.92,4,,3.3323,12.5,68,32.9,0.1781,3.65,,,0,低,189,0,-,6 614,0,23.6,0.6796,,,,,,0.3405,0.169,0.2714,,,D,△,,0.3218,0.6275,,0.3097,A,74,0,◎-○軸 3着3〜4艇流し（10〜15点）,0.5777,"{'is_target': True, 'verdict': '点数絞り', 'max_combo_prob': 0.0839, 'est_top_odds': 15.9, 'circle_concentration': 80.6, 'eligible_count': 8, 'bet_adj': 0, 'reason': 'rel_win1=57.7%（本命度） / 最有力組み合わせ確率: 0.084（推定実オッズ?16倍） / 2着集中度: 上位2艇 80.6%（補正+0.04） / 総合判定確率: 0.124 / → ヒモはやや固め。上位2艇以外を切ること', 'tenji_trigger': '展示確認: 1号艇伸び良→そのまま採用。悪→飛び組に差し替え。circle_pct上位2艇に絞り込むこと。'}",,,30.2,逃げ狙い,20.61,32.2,3,,,,,,,,,,,
2026-04-12,丸亀,9,5,今井裕梨,A2,32.03,5,○,6.4356,5.8,100,46.7,0.1627,3.2333,,,0,低,38,0,-,1 263,0,77.3,1.3329,,,,,,0.1818,0.0909,0.1818,,,B,○,,0.3731,0.6515,,0.3097,A,74,0,◎-○軸 3着3〜4艇流し（10〜15点）,0.5777,"{'is_target': True, 'verdict': '点数絞り', 'max_combo_prob': 0.0839, 'est_top_odds': 15.9, 'circle_concentration': 80.6, 'eligible_count': 8, 'bet_adj': 0, 'reason': 'rel_win1=57.7%（本命度） / 最有力組み合わせ確率: 0.084（推定実オッズ?16倍） / 2着集中度: 上位2艇 80.6%（補正+0.04） / 総合判定確率: 0.124 / → ヒモはやや固め。上位2艇以外を切ること', 'tenji_trigger': '展示確認: 1号艇伸び良→そのまま採用。悪→飛び組に差し替え。circle_pct上位2艇に絞り込むこと。'}",,,30.2,逃げ狙い,20.61,32.2,3,,,,,,,,,,,
2026-04-12,丸亀,9,6,乙津康志,B1,27.56,6,,5.8881,1.1,81,30.6,0.2289,5.125,,,0,低,167,0,差ま0%,1 316,0,28.6,1.4206,0,0,0,0.0588,0,0.1,0.18,0.42,,,C,,,0.1377,0.596,,0.3097,A,74,0,◎-○軸 3着3〜4艇流し（10〜15点）,0.5777,"{'is_target': True, 'verdict': '点数絞り', 'max_combo_prob': 0.0839, 'est_top_odds': 15.9, 'circle_concentration': 80.6, 'eligible_count': 8, 'bet_adj': 0, 'reason': 'rel_win1=57.7%（本命度） / 最有力組み合わせ確率: 0.084（推定実オッズ?16倍） / 2着集中度: 上位2艇 80.6%（補正+0.04） / 総合判定確率: 0.124 / → ヒモはやや固め。上位2艇以外を切ること', 'tenji_trigger': '展示確認: 1号艇伸び良→そのまま採用。悪→飛び組に差し替え。circle_pct上位2艇に絞り込むこと。'}",,,30.2,逃げ狙い,20.61,32.2,3,,,,,,,,,,,
2026-04-12,丸亀,10,1,深川真二,A1,37.31,1,◎,62.8447,,0,94.5,0.1223,2.6301,,,0,低,21,0,逃1%,115 14,0,94.4,1.2899,0.7632,,,,,0.0105,0.1173,0.0211,◎,,B,○,,,0.6545,,0.6995,S,100,0,◎1着固定 2-3着流し（5〜8点）,0.5777,"{'is_target': True, 'verdict': '参加推奨', 'max_combo_prob': 0.0816, 'est_top_odds': 16.3, 'circle_concentration': 69.4, 'eligible_count': 6, 'bet_adj': 2, 'reason': 'rel_win1=62.8%（本命度） / 最有力組み合わせ確率: 0.082（推定実オッズ?16倍） / 2着集中度: 上位2艇 69.4%（補正+0.00） / 総合判定確率: 0.082 / → ヒモ分散。1号艇1着固定で広めのヒモ流し推奨（買い目+2点）', 'tenji_trigger': '展示確認: ヒモ分散レース。1号艇伸び確認後、広めのヒモ流しを採用。穴ヒモ（5・6号艇）を積極的に含める。\n展示で1号艇スタート超安定(0.122秒)→ヒモ固まり方向に注意'}",,,26.4,逃げ狙い,18.01,23.4,3,,,,,0,0,0.7559,0,,逃げ軸流し,A
2026-04-12,丸亀,10,2,杉山喜一,B1,35.94,2,▲,9.3936,28.5,97,54.9,0.1743,3.7255,,,0,低,91,0,差0% ま0%,2 445,0,53.6,0.8983,0,0.2143,0.0714,0,0,0.0471,0.6382,0,,,B,△,,0.0963,0.625,,0.6995,S,100,0,◎1着固定 2-3着流し（5〜8点）,0.5777,"{'is_target': True, 'verdict': '参加推奨', 'max_combo_prob': 0.0816, 'est_top_odds': 16.3, 'circle_concentration': 69.4, 'eligible_count': 6, 'bet_adj': 2, 'reason': 'rel_win1=62.8%（本命度） / 最有力組み合わせ確率: 0.082（推定実オッズ?16倍） / 2着集中度: 上位2艇 69.4%（補正+0.00） / 総合判定確率: 0.082 / → ヒモ分散。1号艇1着固定で広めのヒモ流し推奨（買い目+2点）', 'tenji_trigger': '展示確認: ヒモ分散レース。1号艇伸び確認後、広めのヒモ流しを採用。穴ヒモ（5・6号艇）を積極的に含める。\n展示で1号艇スタート超安定(0.122秒)→ヒモ固まり方向に注意'}",,,26.4,逃げ狙い,18.01,23.4,3,,,,,,,,,,,
2026-04-12,丸亀,10,3,北山康介,A1,32.81,3,○,12.6853,40.9,78,82.2,0.146,2.8222,,,0,低,69,0,ま0% 差ま0%,334331,0,64.2,1.4715,0,0,0.2273,0.0455,0,0.0694,0.1138,0,,,C,◎,,0.2078,0.663,,0.6995,S,100,0,◎1着固定 2-3着流し（5〜8点）,0.5777,"{'is_target': True, 'verdict': '参加推奨', 'max_combo_prob': 0.0816, 'est_top_odds': 16.3, 'circle_concentration': 69.4, 'eligible_count': 6, 'bet_adj': 2, 'reason': 'rel_win1=62.8%（本命度） / 最有力組み合わせ確率: 0.082（推定実オッズ?16倍） / 2着集中度: 上位2艇 69.4%（補正+0.00） / 総合判定確率: 0.082 / → ヒモ分散。1号艇1着固定で広めのヒモ流し推奨（買い目+2点）', 'tenji_trigger': '展示確認: ヒモ分散レース。1号艇伸び確認後、広めのヒモ流しを採用。穴ヒモ（5・6号艇）を積極的に含める。\n展示で1号艇スタート超安定(0.122秒)→ヒモ固まり方向に注意'}",,,26.4,逃げ狙い,18.01,23.4,3,,,,,,,,,,,
2026-04-12,丸亀,10,4,小野　桜,B1,24.03,4,,5.2283,18.3,100,54.8,0.1984,4.2581,,,0,低,90,0,差0% ま0%,2 644,0,31.9,0.9991,0,0.0625,0.0625,0,0,0,0.0941,0.3176,,,E,△,,0.1138,0.611,,0.6995,S,100,0,◎1着固定 2-3着流し（5〜8点）,0.5777,"{'is_target': True, 'verdict': '参加推奨', 'max_combo_prob': 0.0816, 'est_top_odds': 16.3, 'circle_concentration': 69.4, 'eligible_count': 6, 'bet_adj': 2, 'reason': 'rel_win1=62.8%（本命度） / 最有力組み合わせ確率: 0.082（推定実オッズ?16倍） / 2着集中度: 上位2艇 69.4%（補正+0.00） / 総合判定確率: 0.082 / → ヒモ分散。1号艇1着固定で広めのヒモ流し推奨（買い目+2点）', 'tenji_trigger': '展示確認: ヒモ分散レース。1号艇伸び確認後、広めのヒモ流しを採用。穴ヒモ（5・6号艇）を積極的に含める。\n展示で1号艇スタート超安定(0.122秒)→ヒモ固まり方向に注意'}",,,26.4,逃げ狙い,18.01,23.4,3,,,,,,,,,,,
2026-04-12,丸亀,10,5,岩永雅人,A2,27.07,5,△,6.9039,9.6,78,47.7,0.1572,3.6692,,,0,低,153,0,-,1 133,0,31.4,0.8371,0,0,0,0.0435,0.1304,0.01,0.155,0.07,,,D,,◎,0.1722,0.61,0.3463,0.6995,S,100,0,◎1着固定 2-3着流し（5〜8点）,0.5777,"{'is_target': True, 'verdict': '参加推奨', 'max_combo_prob': 0.0816, 'est_top_odds': 16.3, 'circle_concentration': 69.4, 'eligible_count': 6, 'bet_adj': 2, 'reason': 'rel_win1=62.8%（本命度） / 最有力組み合わせ確率: 0.082（推定実オッズ?16倍） / 2着集中度: 上位2艇 69.4%（補正+0.00） / 総合判定確率: 0.082 / → ヒモ分散。1号艇1着固定で広めのヒモ流し推奨（買い目+2点）', 'tenji_trigger': '展示確認: ヒモ分散レース。1号艇伸び確認後、広めのヒモ流しを採用。穴ヒモ（5・6号艇）を積極的に含める。\n展示で1号艇スタート超安定(0.122秒)→ヒモ固まり方向に注意'}",,,26.4,逃げ狙い,18.01,23.4,3,,,,,,,,,,,
2026-04-12,丸亀,10,6,入澤友治,A2,25.40,6,,2.9442,2.7,40,29.2,0.1635,3.4692,,,0,低,126,0,ま0%,6 2652,0,27.7,1.2539,0,0,0.0357,0,0,0.0943,0.0943,0.2486,,,D,,,0.154,0.595,,0.6995,S,100,0,◎1着固定 2-3着流し（5〜8点）,0.5777,"{'is_target': True, 'verdict': '参加推奨', 'max_combo_prob': 0.0816, 'est_top_odds': 16.3, 'circle_concentration': 69.4, 'eligible_count': 6, 'bet_adj': 2, 'reason': 'rel_win1=62.8%（本命度） / 最有力組み合わせ確率: 0.082（推定実オッズ?16倍） / 2着集中度: 上位2艇 69.4%（補正+0.00） / 総合判定確率: 0.082 / → ヒモ分散。1号艇1着固定で広めのヒモ流し推奨（買い目+2点）', 'tenji_trigger': '展示確認: ヒモ分散レース。1号艇伸び確認後、広めのヒモ流しを採用。穴ヒモ（5・6号艇）を積極的に含める。\n展示で1号艇スタート超安定(0.122秒)→ヒモ固まり方向に注意'}",,,26.4,逃げ狙い,18.01,23.4,3,,,,,,,,,,,
2026-04-12,丸亀,11,1,加藤政彦,A1,40.63,1,◎,49.3162,,0,86.8,0.1479,2.4412,,,0,低,105,0,逃1%,1 3221,0,64.2,1.0865,0.5417,,,,,0.35,0.0667,0.1833,◎,,B,△,,,0.5995,,0.5104,A,78,0,◎-○軸 3着3〜4艇流し（10〜15点）,0.5777,"{'is_target': True, 'verdict': '参加推奨', 'max_combo_prob': 0.0688, 'est_top_odds': 19.4, 'circle_concentration': 75.7, 'eligible_count': 8, 'bet_adj': 2, 'reason': 'rel_win1=49.3%（本命度） / 最有力組み合わせ確率: 0.069（推定実オッズ?19倍） / 2着集中度: 上位2艇 75.7%（補正+0.04） / 総合判定確率: 0.109 / → ヒモ分散。1号艇1着固定で広めのヒモ流し推奨（買い目+2点）', 'tenji_trigger': '展示確認: ヒモ分散レース。1号艇伸び確認後、広めのヒモ流しを採用。穴ヒモ（5・6号艇）を積極的に含める。'}",,,33.5,逃げ狙い,26.55,36.5,2,,,,,0,0,0.7559,0,,逃げ軸流し,A
2026-04-12,丸亀,11,2,森永　淳,A1,23.85,2,○,23.9828,48.6,80,80,0.1418,2.6222,,,0,低,52,0,差0% ま0%,35114,0,57.8,1.3912,0,0.2778,0.2222,0,0,0,0.1351,0.0811,,◎,E,◎,,0.4794,0.702,,0.5104,A,78,0,◎-○軸 3着3〜4艇流し（10〜15点）,0.5777,"{'is_target': True, 'verdict': '参加推奨', 'max_combo_prob': 0.0688, 'est_top_odds': 19.4, 'circle_concentration': 75.7, 'eligible_count': 8, 'bet_adj': 2, 'reason': 'rel_win1=49.3%（本命度） / 最有力組み合わせ確率: 0.069（推定実オッズ?19倍） / 2着集中度: 上位2艇 75.7%（補正+0.04） / 総合判定確率: 0.109 / → ヒモ分散。1号艇1着固定で広めのヒモ流し推奨（買い目+2点）', 'tenji_trigger': '展示確認: ヒモ分散レース。1号艇伸び確認後、広めのヒモ流しを採用。穴ヒモ（5・6号艇）を積極的に含める。'}",,,33.5,逃げ狙い,26.55,36.5,2,,,,,,,,,,,
2026-04-12,丸亀,11,3,亀山雅幸,A2,38.76,3,△,11.7247,27.2,95,70.2,0.1584,2.7105,,,0,低,154,0,差0% ま0% 差ま0%,326 13,0,82.3,1.2737,0,0.0417,0.0417,0.1667,0,0.0944,0.1222,0.0944,,,C,△,,0.2827,0.6195,,0.5104,A,78,0,◎-○軸 3着3〜4艇流し（10〜15点）,0.5777,"{'is_target': True, 'verdict': '参加推奨', 'max_combo_prob': 0.0688, 'est_top_odds': 19.4, 'circle_concentration': 75.7, 'eligible_count': 8, 'bet_adj': 2, 'reason': 'rel_win1=49.3%（本命度） / 最有力組み合わせ確率: 0.069（推定実オッズ?19倍） / 2着集中度: 上位2艇 75.7%（補正+0.04） / 総合判定確率: 0.109 / → ヒモ分散。1号艇1着固定で広めのヒモ流し推奨（買い目+2点）', 'tenji_trigger': '展示確認: ヒモ分散レース。1号艇伸び確認後、広めのヒモ流しを採用。穴ヒモ（5・6号艇）を積極的に含める。'}",,,33.5,逃げ狙い,26.55,36.5,2,,,,,,,,,,,
2026-04-12,丸亀,11,4,古賀智之,A2,39.69,4,,7.5576,7.2,92,53.8,0.159,3.4808,,,0,低,119,0,ま0% 抜0%,6 1215,0,34.7,1.0617,0,0,0.0385,0,0.0385,0.05,0.4,0.125,,,C,,○,0.2486,0.5905,0.3579,0.5104,A,78,0,◎-○軸 3着3〜4艇流し（10〜15点）,0.5777,"{'is_target': True, 'verdict': '参加推奨', 'max_combo_prob': 0.0688, 'est_top_odds': 19.4, 'circle_concentration': 75.7, 'eligible_count': 8, 'bet_adj': 2, 'reason': 'rel_win1=49.3%（本命度） / 最有力組み合わせ確率: 0.069（推定実オッズ?19倍） / 2着集中度: 上位2艇 75.7%（補正+0.04） / 総合判定確率: 0.109 / → ヒモ分散。1号艇1着固定で広めのヒモ流し推奨（買い目+2点）', 'tenji_trigger': '展示確認: ヒモ分散レース。1号艇伸び確認後、広めのヒモ流しを採用。穴ヒモ（5・6号艇）を積極的に含める。'}",,,33.5,逃げ狙い,26.55,36.5,2,,,,,,,,,,,
2026-04-12,丸亀,11,5,大須賀友,A2,28.89,5,,6.4549,16.5,100,56.2,0.1579,3.4167,,,0,低,116,0,-,25541,0,41,1.726,0,0,0.0435,0,0.0435,0.0516,0.1258,0.0129,,,D,,◎,0.266,0.599,0.3682,0.5104,A,78,0,◎-○軸 3着3〜4艇流し（10〜15点）,0.5777,"{'is_target': True, 'verdict': '参加推奨', 'max_combo_prob': 0.0688, 'est_top_odds': 19.4, 'circle_concentration': 75.7, 'eligible_count': 8, 'bet_adj': 2, 'reason': 'rel_win1=49.3%（本命度） / 最有力組み合わせ確率: 0.069（推定実オッズ?19倍） / 2着集中度: 上位2艇 75.7%（補正+0.04） / 総合判定確率: 0.109 / → ヒモ分散。1号艇1着固定で広めのヒモ流し推奨（買い目+2点）', 'tenji_trigger': '展示確認: ヒモ分散レース。1号艇伸び確認後、広めのヒモ流しを採用。穴ヒモ（5・6号艇）を積極的に含める。'}",,,33.5,逃げ狙い,26.55,36.5,2,,,,,,,,,,,
2026-04-12,丸亀,11,6,吉永泰弘,B1,56.69,6,▲,0.9638,0.6,61,22.2,0.2202,4.9333,,,0,低,137,0,-,5 153,0,100,2.6194,,,,,,0.2376,0.4541,0.0235,,,A,○,,0.1482,0.6525,,0.5104,A,78,0,◎-○軸 3着3〜4艇流し（10〜15点）,0.5777,"{'is_target': True, 'verdict': '参加推奨', 'max_combo_prob': 0.0688, 'est_top_odds': 19.4, 'circle_concentration': 75.7, 'eligible_count': 8, 'bet_adj': 2, 'reason': 'rel_win1=49.3%（本命度） / 最有力組み合わせ確率: 0.069（推定実オッズ?19倍） / 2着集中度: 上位2艇 75.7%（補正+0.04） / 総合判定確率: 0.109 / → ヒモ分散。1号艇1着固定で広めのヒモ流し推奨（買い目+2点）', 'tenji_trigger': '展示確認: ヒモ分散レース。1号艇伸び確認後、広めのヒモ流しを採用。穴ヒモ（5・6号艇）を積極的に含める。'}",,,33.5,逃げ狙い,26.55,36.5,2,,,,,,,,,,,
2026-04-12,丸亀,12,1,徳増秀樹,A1,26.81,1,◎,63.4726,,0,87.5,0.1475,3.0804,,,0,低,35,0,逃1%,12411,0,83.6,1.1485,0.6667,,,,,0.0694,0.0296,0.0444,◎,,D,△,,,0.67,,0.4961,S,95,0,◎1着固定 2-3着流し（5〜8点）,0.5777,"{'is_target': True, 'verdict': '参加推奨', 'max_combo_prob': 0.0731, 'est_top_odds': 18.2, 'circle_concentration': 62.2, 'eligible_count': 6, 'bet_adj': 2, 'reason': 'rel_win1=63.5%（本命度） / 最有力組み合わせ確率: 0.073（推定実オッズ?18倍） / 2着集中度: 上位2艇 62.2%（補正+0.00） / 総合判定確率: 0.073 / → ヒモ分散。1号艇1着固定で広めのヒモ流し推奨（買い目+2点）', 'tenji_trigger': '展示確認: ヒモ分散レース。1号艇伸び確認後、広めのヒモ流しを採用。穴ヒモ（5・6号艇）を積極的に含める。'}",,,26,逃げ狙い,16.11,24.1,3,,,,,0,0,0.7559,0,,逃げ軸流し,A
2026-04-12,丸亀,12,2,村田修次,A2,33.85,2,○,10.3332,36.4,65,68.9,0.1322,3.0778,,,0,低,93,0,差0% ま0% 抜0%,232 25,0,50,1.0931,0,0.0476,0.0476,0,0.0476,0.0625,0.1107,0.2214,,◎,B,,,0.463,0.6435,,0.4961,S,95,0,◎1着固定 2-3着流し（5〜8点）,0.5777,"{'is_target': True, 'verdict': '参加推奨', 'max_combo_prob': 0.0731, 'est_top_odds': 18.2, 'circle_concentration': 62.2, 'eligible_count': 6, 'bet_adj': 2, 'reason': 'rel_win1=63.5%（本命度） / 最有力組み合わせ確率: 0.073（推定実オッズ?18倍） / 2着集中度: 上位2艇 62.2%（補正+0.00） / 総合判定確率: 0.073 / → ヒモ分散。1号艇1着固定で広めのヒモ流し推奨（買い目+2点）', 'tenji_trigger': '展示確認: ヒモ分散レース。1号艇伸び確認後、広めのヒモ流しを採用。穴ヒモ（5・6号艇）を積極的に含める。'}",,,26,逃げ狙い,16.11,24.1,3,,,,,,,,,,,
2026-04-12,丸亀,12,3,渡部　悟,A2,18.25,3,,11.6928,25.8,62,66.7,0.1368,2.5333,,,0,低,79,0,-,43251,0,92.1,0.9817,0,0.0476,0.0952,0,0.0476,0.1639,0.1194,0.0296,,△,E,△,,0.3508,0.66,,0.4961,S,95,0,◎1着固定 2-3着流し（5〜8点）,0.5777,"{'is_target': True, 'verdict': '参加推奨', 'max_combo_prob': 0.0731, 'est_top_odds': 18.2, 'circle_concentration': 62.2, 'eligible_count': 6, 'bet_adj': 2, 'reason': 'rel_win1=63.5%（本命度） / 最有力組み合わせ確率: 0.073（推定実オッズ?18倍） / 2着集中度: 上位2艇 62.2%（補正+0.00） / 総合判定確率: 0.073 / → ヒモ分散。1号艇1着固定で広めのヒモ流し推奨（買い目+2点）', 'tenji_trigger': '展示確認: ヒモ分散レース。1号艇伸び確認後、広めのヒモ流しを採用。穴ヒモ（5・6号艇）を積極的に含める。'}",,,26,逃げ狙い,16.11,24.1,3,,,,,,,,,,,
2026-04-12,丸亀,12,4,坪口竜也,A2,28.15,4,,7.6905,14.9,100,69.6,0.1623,3.8214,,,0,低,84,0,-,3 1233,0,62.5,1.2532,0,0,0.0476,0.0952,0,0,0.0667,0.0333,,,C,○,◎,0.2417,0.6815,0.2774,0.4961,S,95,0,◎1着固定 2-3着流し（5〜8点）,0.5777,"{'is_target': True, 'verdict': '参加推奨', 'max_combo_prob': 0.0731, 'est_top_odds': 18.2, 'circle_concentration': 62.2, 'eligible_count': 6, 'bet_adj': 2, 'reason': 'rel_win1=63.5%（本命度） / 最有力組み合わせ確率: 0.073（推定実オッズ?18倍） / 2着集中度: 上位2艇 62.2%（補正+0.00） / 総合判定確率: 0.073 / → ヒモ分散。1号艇1着固定で広めのヒモ流し推奨（買い目+2点）', 'tenji_trigger': '展示確認: ヒモ分散レース。1号艇伸び確認後、広めのヒモ流しを採用。穴ヒモ（5・6号艇）を積極的に含める。'}",,,26,逃げ狙い,16.11,24.1,3,,,,,,,,,,,
2026-04-12,丸亀,12,5,堀本和也,A1,28.70,5,▲,2.1274,15.4,81,64.1,0.1044,2.5,,,0,低,22,0,-,223 42,0,29.1,0.6683,,,,,,0.04,0.04,0.12,,○,C,◎,,0.4487,0.769,,0.4961,S,95,0,◎1着固定 2-3着流し（5〜8点）,0.5777,"{'is_target': True, 'verdict': '参加推奨', 'max_combo_prob': 0.0731, 'est_top_odds': 18.2, 'circle_concentration': 62.2, 'eligible_count': 6, 'bet_adj': 2, 'reason': 'rel_win1=63.5%（本命度） / 最有力組み合わせ確率: 0.073（推定実オッズ?18倍） / 2着集中度: 上位2艇 62.2%（補正+0.00） / 総合判定確率: 0.073 / → ヒモ分散。1号艇1着固定で広めのヒモ流し推奨（買い目+2点）', 'tenji_trigger': '展示確認: ヒモ分散レース。1号艇伸び確認後、広めのヒモ流しを採用。穴ヒモ（5・6号艇）を積極的に含める。'}",,,26,逃げ狙い,16.11,24.1,3,,,,,,,,,,,
2026-04-12,丸亀,12,6,是澤孝宏,A2,35.66,6,△,4.6834,7.5,73,43.6,0.1845,4.3273,,,0,低,125,0,差0%,411 16,0,36.9,1.8236,0,0.0417,0,0,0,0.1625,0.0125,0.0375,,,B,,,0.1615,0.6235,,0.4961,S,95,0,◎1着固定 2-3着流し（5〜8点）,0.5777,"{'is_target': True, 'verdict': '参加推奨', 'max_combo_prob': 0.0731, 'est_top_odds': 18.2, 'circle_concentration': 62.2, 'eligible_count': 6, 'bet_adj': 2, 'reason': 'rel_win1=63.5%（本命度） / 最有力組み合わせ確率: 0.073（推定実オッズ?18倍） / 2着集中度: 上位2艇 62.2%（補正+0.00） / 総合判定確率: 0.073 / → ヒモ分散。1号艇1着固定で広めのヒモ流し推奨（買い目+2点）', 'tenji_trigger': '展示確認: ヒモ分散レース。1号艇伸び確認後、広めのヒモ流しを採用。穴ヒモ（5・6号艇）を積極的に含める。'}",,,26,逃げ狙い,16.11,24.1,3,,,,,,,,,,,
2026-04-13,丸亀,1,1,奥村明日,B1,50.00,1,◎,61.1681,,0,53.3,0.162,3.3,,,0,低,83,0,逃0%,335 41,0,52.9,0.7866,0.25,,,,,0.6,0.1,0,△⚠️,,A,,,,0.5175,,0.2783,B,54,0,◎○△フォーメーション（15〜20点）,0.5777,"{'is_target': True, 'verdict': '点数絞り', 'max_combo_prob': 0.128, 'est_top_odds': 10.4, 'circle_concentration': 74.7, 'eligible_count': 9, 'bet_adj': 0, 'reason': 'rel_win1=61.2%（本命度） / 最有力組み合わせ確率: 0.128（推定実オッズ?10倍） / 2着集中度: 上位2艇 74.7%（補正+0.04） / 総合判定確率: 0.168 / → ヒモはやや固め。上位2艇以外を切ること', 'tenji_trigger': '展示確認: 1号艇伸び良→そのまま採用。悪→飛び組に差し替え。circle_pct上位2艇に絞り込むこと。'}",,,31.6,両建て推奨,11.63,43.9,2,2-3-4|2-3-5|2-3-6|2-4-3|2-4-5|2-5-3|2-5-4|1-2-3|1-2-4|1-3-2|1-3-4|1-4-2,2-3-4|2-3-5|2-3-6|2-4-3|2-4-5|2-5-3|2-5-4|1-2-3|1-2-4|1-3-2|1-3-4|1-4-2,2-3-4:2.88%|2-3-5:2.74%|2-3-6:1.74%|2-4-3:1.57%|2-4-5:1.17%|2-5-3:0.97%|2-5-4:0.76%|1-2-3:7.83%|1-2-4:6.96%|1-3-2:4.19%|1-3-4:3.32%|1-4-2:3.25%,2-3-4:B_main|2-3-5:B_main|2-3-6:B_main|2-4-3:B_main|2-4-5:B_main|2-5-3:B_main|2-5-4:B_main|1-2-3:A|1-2-4:A|1-3-2:A|1-3-4:A|1-4-2:A,12,12,0.4535,1,[!]見送り推奨（主役決まり手「まくり」― 逃げ劣勢レースで的中実績なし）,主役軸流し,B
2026-04-13,丸亀,1,2,三好勇人,A2,37.80,2,▲,15.0073,54.4,97,70.3,0.1291,2.4297,,,0,低,88,0,-,451 23,0,39.9,0.8481,0,0.0345,0.1379,0,0,0.0133,0.16,0.0533,,◎,C,○,,0.5705,0.6185,,0.2783,B,54,0,◎○△フォーメーション（15〜20点）,0.5777,"{'is_target': True, 'verdict': '点数絞り', 'max_combo_prob': 0.128, 'est_top_odds': 10.4, 'circle_concentration': 74.7, 'eligible_count': 9, 'bet_adj': 0, 'reason': 'rel_win1=61.2%（本命度） / 最有力組み合わせ確率: 0.128（推定実オッズ?10倍） / 2着集中度: 上位2艇 74.7%（補正+0.04） / 総合判定確率: 0.168 / → ヒモはやや固め。上位2艇以外を切ること', 'tenji_trigger': '展示確認: 1号艇伸び良→そのまま採用。悪→飛び組に差し替え。circle_pct上位2艇に絞り込むこと。'}",,,31.6,両建て推奨,11.63,43.9,2,,,,,,,,,,,
2026-04-13,丸亀,1,3,田添康介,B1,48.84,3,○,10.4482,20.3,69,37.2,0.1593,3.2674,,,0,低,78,0,-,5 6 36,0,87.5,1.6725,0,0,0,0.0769,0,0.375,0.375,0,,,B,△,,0.307,0.5535,,0.2783,B,54,0,◎○△フォーメーション（15〜20点）,0.5777,"{'is_target': True, 'verdict': '点数絞り', 'max_combo_prob': 0.128, 'est_top_odds': 10.4, 'circle_concentration': 74.7, 'eligible_count': 9, 'bet_adj': 0, 'reason': 'rel_win1=61.2%（本命度） / 最有力組み合わせ確率: 0.128（推定実オッズ?10倍） / 2着集中度: 上位2艇 74.7%（補正+0.04） / 総合判定確率: 0.168 / → ヒモはやや固め。上位2艇以外を切ること', 'tenji_trigger': '展示確認: 1号艇伸び良→そのまま採用。悪→飛び組に差し替え。circle_pct上位2艇に絞り込むこと。'}",,,31.6,両建て推奨,11.63,43.9,2,,,,,,,,,,,
2026-04-13,丸亀,1,4,野末智一,A2,34.92,4,,5.2536,16.4,100,48.6,0.1859,4.45,,,0,低,227,0,-,443 23,0,19.3,0.566,,,,,,0.1722,0.1512,0.0737,,,D,◎,,0.2193,0.6595,,0.2783,B,54,0,◎○△フォーメーション（15〜20点）,0.5777,"{'is_target': True, 'verdict': '点数絞り', 'max_combo_prob': 0.128, 'est_top_odds': 10.4, 'circle_concentration': 74.7, 'eligible_count': 9, 'bet_adj': 0, 'reason': 'rel_win1=61.2%（本命度） / 最有力組み合わせ確率: 0.128（推定実オッズ?10倍） / 2着集中度: 上位2艇 74.7%（補正+0.04） / 総合判定確率: 0.168 / → ヒモはやや固め。上位2艇以外を切ること', 'tenji_trigger': '展示確認: 1号艇伸び良→そのまま採用。悪→飛び組に差し替え。circle_pct上位2艇に絞り込むこと。'}",,,31.6,両建て推奨,11.63,43.9,2,,,,,,,,,,,
2026-04-13,丸亀,1,5,森林　太,B1,25.00,5,,6.8235,6.4,74,30.3,0.2191,4.5833,,,0,低,204,0,-,545 56,0,53.6,1.2355,0,0,0,0.0385,0,0.0667,0.3556,0.1222,,,E,△,,0.1046,0.555,,0.2783,B,54,0,◎○△フォーメーション（15〜20点）,0.5777,"{'is_target': True, 'verdict': '点数絞り', 'max_combo_prob': 0.128, 'est_top_odds': 10.4, 'circle_concentration': 74.7, 'eligible_count': 9, 'bet_adj': 0, 'reason': 'rel_win1=61.2%（本命度） / 最有力組み合わせ確率: 0.128（推定実オッズ?10倍） / 2着集中度: 上位2艇 74.7%（補正+0.04） / 総合判定確率: 0.168 / → ヒモはやや固め。上位2艇以外を切ること', 'tenji_trigger': '展示確認: 1号艇伸び良→そのまま採用。悪→飛び組に差し替え。circle_pct上位2艇に絞り込むこと。'}",,,31.6,両建て推奨,11.63,43.9,2,,,,,,,,,,,
2026-04-13,丸亀,1,6,樋江井舞,B1,38.28,6,△,1.2994,2.5,17,4.3,0.1948,4.0924,,,0,低,76,0,-,363 66,0,23.2,0.555,,,,,,,,,,,C,,,0.2094,0.539,,0.2783,B,54,0,◎○△フォーメーション（15〜20点）,0.5777,"{'is_target': True, 'verdict': '点数絞り', 'max_combo_prob': 0.128, 'est_top_odds': 10.4, 'circle_concentration': 74.7, 'eligible_count': 9, 'bet_adj': 0, 'reason': 'rel_win1=61.2%（本命度） / 最有力組み合わせ確率: 0.128（推定実オッズ?10倍） / 2着集中度: 上位2艇 74.7%（補正+0.04） / 総合判定確率: 0.168 / → ヒモはやや固め。上位2艇以外を切ること', 'tenji_trigger': '展示確認: 1号艇伸び良→そのまま採用。悪→飛び組に差し替え。circle_pct上位2艇に絞り込むこと。'}",,,31.6,両建て推奨,11.63,43.9,2,,,,,,,,,,,
2026-04-13,丸亀,2,1,坂口貴彦,B1,22.73,1,◎,53.2151,,0,90.9,0.1414,2.9205,,,0,低,134,0,逃0%,1 256,0,91.2,1.211,0.6471,,,,,0.0471,0.1235,0.1471,◎,,E,,,,0.591,,0.5488,S,81,0,◎1着固定 2-3着流し（5〜8点）,0.5777,"{'is_target': True, 'verdict': '参加推奨', 'max_combo_prob': 0.0697, 'est_top_odds': 19.1, 'circle_concentration': 68.8, 'eligible_count': 6, 'bet_adj': 2, 'reason': 'rel_win1=53.2%（本命度） / 最有力組み合わせ確率: 0.070（推定実オッズ?19倍） / 2着集中度: 上位2艇 68.8%（補正+0.00） / 総合判定確率: 0.070 / → ヒモ分散。1号艇1着固定で広めのヒモ流し推奨（買い目+2点）', 'tenji_trigger': '展示確認: ヒモ分散レース。1号艇伸び確認後、広めのヒモ流しを採用。穴ヒモ（5・6号艇）を積極的に含める。'}",,,26.7,逃げ狙い,13.58,28.2,3,,,,,0,0,0.7559,0,,逃げ軸流し,A
2026-04-13,丸亀,2,2,榮田将彦,B1,33.85,2,○,15.0379,30.8,76,47.1,0.1445,2.9412,,,0,低,41,0,-,642 23,0,39.9,0.4886,0,0.0909,0.0455,0,0,0.28,0.0533,0.0267,,,B,○,,0.2874,0.6605,,0.5488,S,81,0,◎1着固定 2-3着流し（5〜8点）,0.5777,"{'is_target': True, 'verdict': '参加推奨', 'max_combo_prob': 0.0697, 'est_top_odds': 19.1, 'circle_concentration': 68.8, 'eligible_count': 6, 'bet_adj': 2, 'reason': 'rel_win1=53.2%（本命度） / 最有力組み合わせ確率: 0.070（推定実オッズ?19倍） / 2着集中度: 上位2艇 68.8%（補正+0.00） / 総合判定確率: 0.070 / → ヒモ分散。1号艇1着固定で広めのヒモ流し推奨（買い目+2点）', 'tenji_trigger': '展示確認: ヒモ分散レース。1号艇伸び確認後、広めのヒモ流しを採用。穴ヒモ（5・6号艇）を積極的に含める。'}",,,26.7,逃げ狙い,13.58,28.2,3,,,,,,,,,,,
2026-04-13,丸亀,2,3,大須賀友,A2,28.89,3,▲,17.0238,38,84,81.4,0.1724,3.2288,,,0,低,116,0,-,25541,0,80.3,1.6563,0,0,0.12,0.08,0,0.0516,0.1258,0.0129,,,C,△,,0.1529,0.599,,0.5488,S,81,0,◎1着固定 2-3着流し（5〜8点）,0.5777,"{'is_target': True, 'verdict': '参加推奨', 'max_combo_prob': 0.0697, 'est_top_odds': 19.1, 'circle_concentration': 68.8, 'eligible_count': 6, 'bet_adj': 2, 'reason': 'rel_win1=53.2%（本命度） / 最有力組み合わせ確率: 0.070（推定実オッズ?19倍） / 2着集中度: 上位2艇 68.8%（補正+0.00） / 総合判定確率: 0.070 / → ヒモ分散。1号艇1着固定で広めのヒモ流し推奨（買い目+2点）', 'tenji_trigger': '展示確認: ヒモ分散レース。1号艇伸び確認後、広めのヒモ流しを採用。穴ヒモ（5・6号艇）を積極的に含める。'}",,,26.7,逃げ狙い,13.58,28.2,3,,,,,,,,,,,
2026-04-13,丸亀,2,4,小野　桜,B1,24.03,4,,8.7469,16.9,99,54.8,0.1984,4.2581,,,0,低,90,0,差0% ま0%,2 644,0,51.2,1.1262,0,0.0625,0.0625,0,0,0,0.0941,0.3176,,,D,△,,0.1167,0.611,,0.5488,S,81,0,◎1着固定 2-3着流し（5〜8点）,0.5777,"{'is_target': True, 'verdict': '参加推奨', 'max_combo_prob': 0.0697, 'est_top_odds': 19.1, 'circle_concentration': 68.8, 'eligible_count': 6, 'bet_adj': 2, 'reason': 'rel_win1=53.2%（本命度） / 最有力組み合わせ確率: 0.070（推定実オッズ?19倍） / 2着集中度: 上位2艇 68.8%（補正+0.00） / 総合判定確率: 0.070 / → ヒモ分散。1号艇1着固定で広めのヒモ流し推奨（買い目+2点）', 'tenji_trigger': '展示確認: ヒモ分散レース。1号艇伸び確認後、広めのヒモ流しを採用。穴ヒモ（5・6号艇）を積極的に含める。'}",,,26.7,逃げ狙い,13.58,28.2,3,,,,,,,,,,,
2026-04-13,丸亀,2,5,坪口竜也,A2,28.15,5,,4.0363,14,100,50.9,0.1584,3.8,,,0,低,84,0,-,3 1233,0,39.6,0.7755,,,,,,0,0.0667,0.0333,,,D,◎,,0.2582,0.6815,,0.5488,S,81,0,◎1着固定 2-3着流し（5〜8点）,0.5777,"{'is_target': True, 'verdict': '参加推奨', 'max_combo_prob': 0.0697, 'est_top_odds': 19.1, 'circle_concentration': 68.8, 'eligible_count': 6, 'bet_adj': 2, 'reason': 'rel_win1=53.2%（本命度） / 最有力組み合わせ確率: 0.070（推定実オッズ?19倍） / 2着集中度: 上位2艇 68.8%（補正+0.00） / 総合判定確率: 0.070 / → ヒモ分散。1号艇1着固定で広めのヒモ流し推奨（買い目+2点）', 'tenji_trigger': '展示確認: ヒモ分散レース。1号艇伸び確認後、広めのヒモ流しを採用。穴ヒモ（5・6号艇）を積極的に含める。'}",,,26.7,逃げ狙い,13.58,28.2,3,,,,,,,,,,,
2026-04-13,丸亀,2,6,岡崎凪汰,B1,40.63,6,△,1.94,0.3,15,4.8,0.1875,3.994,,,0,低,54,0,差ま0%,6 5F6,0,26.6,0.8311,0,0,0,0.0244,0,0.25,0.25,0.25,,,A,,,0.1297,0.498,,0.5488,S,81,0,◎1着固定 2-3着流し（5〜8点）,0.5777,"{'is_target': True, 'verdict': '参加推奨', 'max_combo_prob': 0.0697, 'est_top_odds': 19.1, 'circle_concentration': 68.8, 'eligible_count': 6, 'bet_adj': 2, 'reason': 'rel_win1=53.2%（本命度） / 最有力組み合わせ確率: 0.070（推定実オッズ?19倍） / 2着集中度: 上位2艇 68.8%（補正+0.00） / 総合判定確率: 0.070 / → ヒモ分散。1号艇1着固定で広めのヒモ流し推奨（買い目+2点）', 'tenji_trigger': '展示確認: ヒモ分散レース。1号艇伸び確認後、広めのヒモ流しを採用。穴ヒモ（5・6号艇）を積極的に含める。'}",,,26.7,逃げ狙い,13.58,28.2,3,,,,,,,,,,,
2026-04-13,丸亀,3,1,中澤宏奈,B2,39.39,1,◎,57.4654,,0,86.2,0.1803,3.7414,,,0,低,56,0,逃1%,252 32,0,74.4,1.1119,0.625,,,,,0.05,0,0.4,○,,A,△,,,0.5985,,0.35,A,70,0,◎-○軸 3着3〜4艇流し（10〜15点）,0.5777,"{'is_target': True, 'verdict': '参加推奨', 'max_combo_prob': 0.0653, 'est_top_odds': 20.4, 'circle_concentration': 55.8, 'eligible_count': 8, 'bet_adj': 2, 'reason': 'rel_win1=57.5%（本命度） / 最有力組み合わせ確率: 0.065（推定実オッズ?20倍） / 2着集中度: 上位2艇 55.8%（補正+0.00） / 総合判定確率: 0.065 / → ヒモ分散。1号艇1着固定で広めのヒモ流し推奨（買い目+2点）', 'tenji_trigger': '展示確認: ヒモ分散レース。1号艇伸び確認後、広めのヒモ流しを採用。穴ヒモ（5・6号艇）を積極的に含める。\n展示で1号艇スタート遅め(0.180秒)確認→ヒモが荒れやすい'}",,,27.7,逃げ狙い,13.06,31.6,4,,,,,0,0,0.6155,0,,逃げ軸流し,A
2026-04-13,丸亀,3,2,深見亜由,B2,34.88,2,,13.1734,30.1,75,50,0.1988,3.25,,,0,低,23,1,-,5 442,0,25.3,0.8484,,,,,,0.36,0.64,0,,,C,,,0.1425,0.497,,0.35,A,70,0,◎-○軸 3着3〜4艇流し（10〜15点）,0.5777,"{'is_target': True, 'verdict': '参加推奨', 'max_combo_prob': 0.0653, 'est_top_odds': 20.4, 'circle_concentration': 55.8, 'eligible_count': 8, 'bet_adj': 2, 'reason': 'rel_win1=57.5%（本命度） / 最有力組み合わせ確率: 0.065（推定実オッズ?20倍） / 2着集中度: 上位2艇 55.8%（補正+0.00） / 総合判定確率: 0.065 / → ヒモ分散。1号艇1着固定で広めのヒモ流し推奨（買い目+2点）', 'tenji_trigger': '展示確認: ヒモ分散レース。1号艇伸び確認後、広めのヒモ流しを採用。穴ヒモ（5・6号艇）を積極的に含める。\n展示で1号艇スタート遅め(0.180秒)確認→ヒモが荒れやすい'}",,,27.7,逃げ狙い,13.06,31.6,4,,,,,,,,,,,
2026-04-13,丸亀,3,3,乙津康志,B1,27.56,3,△,10.2796,20.9,100,52.4,0.176,3.8016,,,0,低,167,0,差0% 差ま0% 抜0%,1 316,0,36.2,0.9985,0,0.0741,0,0.037,0.037,0.1,0.18,0.42,,,D,,,0.3101,0.596,,0.35,A,70,0,◎-○軸 3着3〜4艇流し（10〜15点）,0.5777,"{'is_target': True, 'verdict': '参加推奨', 'max_combo_prob': 0.0653, 'est_top_odds': 20.4, 'circle_concentration': 55.8, 'eligible_count': 8, 'bet_adj': 2, 'reason': 'rel_win1=57.5%（本命度） / 最有力組み合わせ確率: 0.065（推定実オッズ?20倍） / 2着集中度: 上位2艇 55.8%（補正+0.00） / 総合判定確率: 0.065 / → ヒモ分散。1号艇1着固定で広めのヒモ流し推奨（買い目+2点）', 'tenji_trigger': '展示確認: ヒモ分散レース。1号艇伸び確認後、広めのヒモ流しを採用。穴ヒモ（5・6号艇）を積極的に含める。\n展示で1号艇スタート遅め(0.180秒)確認→ヒモが荒れやすい'}",,,27.7,逃げ狙い,13.06,31.6,4,,,,,,,,,,,
2026-04-13,丸亀,3,4,渡部　悟,A2,18.25,4,,6.4765,25.7,53,43.6,0.132,2.8273,,,0,低,79,0,-,43251,0,23,0.6368,,,,,,0.1639,0.1194,0.0296,,◎,E,◎,,0.4877,0.66,,0.35,A,70,0,◎-○軸 3着3〜4艇流し（10〜15点）,0.5777,"{'is_target': True, 'verdict': '参加推奨', 'max_combo_prob': 0.0653, 'est_top_odds': 20.4, 'circle_concentration': 55.8, 'eligible_count': 8, 'bet_adj': 2, 'reason': 'rel_win1=57.5%（本命度） / 最有力組み合わせ確率: 0.065（推定実オッズ?20倍） / 2着集中度: 上位2艇 55.8%（補正+0.00） / 総合判定確率: 0.065 / → ヒモ分散。1号艇1着固定で広めのヒモ流し推奨（買い目+2点）', 'tenji_trigger': '展示確認: ヒモ分散レース。1号艇伸び確認後、広めのヒモ流しを採用。穴ヒモ（5・6号艇）を積極的に含める。\n展示で1号艇スタート遅め(0.180秒)確認→ヒモが荒れやすい'}",,,27.7,逃げ狙い,13.06,31.6,4,,,,,,,,,,,
2026-04-13,丸亀,3,5,是澤孝宏,A2,35.66,5,○,10.2557,20.4,63,59,0.1661,3.3607,,,0,低,125,0,差ま0% 抜0%,411 16,0,93.8,1.75,0,0,0,0.037,0.037,0.1625,0.0125,0.0375,,,C,△,◎,0.3244,0.6235,0.2013,0.35,A,70,0,◎-○軸 3着3〜4艇流し（10〜15点）,0.5777,"{'is_target': True, 'verdict': '参加推奨', 'max_combo_prob': 0.0653, 'est_top_odds': 20.4, 'circle_concentration': 55.8, 'eligible_count': 8, 'bet_adj': 2, 'reason': 'rel_win1=57.5%（本命度） / 最有力組み合わせ確率: 0.065（推定実オッズ?20倍） / 2着集中度: 上位2艇 55.8%（補正+0.00） / 総合判定確率: 0.065 / → ヒモ分散。1号艇1着固定で広めのヒモ流し推奨（買い目+2点）', 'tenji_trigger': '展示確認: ヒモ分散レース。1号艇伸び確認後、広めのヒモ流しを採用。穴ヒモ（5・6号艇）を積極的に含める。\n展示で1号艇スタート遅め(0.180秒)確認→ヒモが荒れやすい'}",,,27.7,逃げ狙い,13.06,31.6,4,,,,,,,,,,,
2026-04-13,丸亀,3,6,深川真二,A1,37.31,6,▲,2.3494,2.9,49,,,,,,0,低,21,1,-,115 14,0,,,,,,,,,,,,,B,○,○,0.3138,0.6545,0.15,0.35,A,70,0,◎-○軸 3着3〜4艇流し（10〜15点）,0.5777,"{'is_target': True, 'verdict': '参加推奨', 'max_combo_prob': 0.0653, 'est_top_odds': 20.4, 'circle_concentration': 55.8, 'eligible_count': 8, 'bet_adj': 2, 'reason': 'rel_win1=57.5%（本命度） / 最有力組み合わせ確率: 0.065（推定実オッズ?20倍） / 2着集中度: 上位2艇 55.8%（補正+0.00） / 総合判定確率: 0.065 / → ヒモ分散。1号艇1着固定で広めのヒモ流し推奨（買い目+2点）', 'tenji_trigger': '展示確認: ヒモ分散レース。1号艇伸び確認後、広めのヒモ流しを採用。穴ヒモ（5・6号艇）を積極的に含める。\n展示で1号艇スタート遅め(0.180秒)確認→ヒモが荒れやすい'}",,,27.7,逃げ狙い,13.06,31.6,4,,,,,,,,,,,
2026-04-13,丸亀,4,1,杉山喜一,B1,35.94,1,◎,55.6569,,0,73,0.1589,2.473,,,0,低,91,0,逃0%,2 445,0,80.8,0.9687,0.3529,,,,,0.0471,0.6382,0,○,,C,○,,,0.625,,0.4222,A,70,0,◎-○軸 3着3〜4艇流し（10〜15点）,0.5777,"{'is_target': True, 'verdict': '点数絞り', 'max_combo_prob': 0.0927, 'est_top_odds': 14.4, 'circle_concentration': 74.6, 'eligible_count': 8, 'bet_adj': 0, 'reason': 'rel_win1=55.7%（本命度） / 最有力組み合わせ確率: 0.093（推定実オッズ?14倍） / 2着集中度: 上位2艇 74.6%（補正+0.04） / 総合判定確率: 0.133 / → ヒモはやや固め。上位2艇以外を切ること', 'tenji_trigger': '展示確認: 1号艇伸び良→そのまま採用。悪→飛び組に差し替え。circle_pct上位2艇に絞り込むこと。'}",,,30.3,逃げ狙い,13.72,38.3,4,,,,,0,0,0.6155,0,,逃げ軸流し,A
2026-04-13,丸亀,4,2,亀山雅幸,A2,38.76,2,○,18.6209,55.3,76,74.7,0.1379,2.7467,,,0,低,154,0,-,326 13,0,39.4,0.8624,0,0.0345,0,0,0,0.0944,0.1222,0.0944,,○,B,△,,0.5231,0.6195,,0.4222,A,70,0,◎-○軸 3着3〜4艇流し（10〜15点）,0.5777,"{'is_target': True, 'verdict': '点数絞り', 'max_combo_prob': 0.0927, 'est_top_odds': 14.4, 'circle_concentration': 74.6, 'eligible_count': 8, 'bet_adj': 0, 'reason': 'rel_win1=55.7%（本命度） / 最有力組み合わせ確率: 0.093（推定実オッズ?14倍） / 2着集中度: 上位2艇 74.6%（補正+0.04） / 総合判定確率: 0.133 / → ヒモはやや固め。上位2艇以外を切ること', 'tenji_trigger': '展示確認: 1号艇伸び良→そのまま採用。悪→飛び組に差し替え。circle_pct上位2艇に絞り込むこと。'}",,,30.3,逃げ狙い,13.72,38.3,4,,,,,,,,,,,
2026-04-13,丸亀,4,3,上瀧絢也,B2,38.81,3,▲,10.7579,14.5,89,33.3,0.151,3.4359,,,0,低,78,0,差ま0%,1 566,0,31.7,0.7744,0,0,0,0.0667,0,0.0923,0.2423,0,,△,B,,,0.3927,0.595,,0.4222,A,70,0,◎-○軸 3着3〜4艇流し（10〜15点）,0.5777,"{'is_target': True, 'verdict': '点数絞り', 'max_combo_prob': 0.0927, 'est_top_odds': 14.4, 'circle_concentration': 74.6, 'eligible_count': 8, 'bet_adj': 0, 'reason': 'rel_win1=55.7%（本命度） / 最有力組み合わせ確率: 0.093（推定実オッズ?14倍） / 2着集中度: 上位2艇 74.6%（補正+0.04） / 総合判定確率: 0.133 / → ヒモはやや固め。上位2艇以外を切ること', 'tenji_trigger': '展示確認: 1号艇伸び良→そのまま採用。悪→飛び組に差し替え。circle_pct上位2艇に絞り込むこと。'}",,,30.3,逃げ狙い,13.72,38.3,4,,,,,,,,,,,
2026-04-13,丸亀,4,4,松山裕基,B1,22.90,4,,8.5704,7.8,69,38.3,0.1636,3.2553,,,0,低,100,0,-,143 44,0,44.9,0.8857,,,,,,0.0696,0.2417,0.3096,,,E,,,0.39,0.6065,,0.4222,A,70,0,◎-○軸 3着3〜4艇流し（10〜15点）,0.5777,"{'is_target': True, 'verdict': '点数絞り', 'max_combo_prob': 0.0927, 'est_top_odds': 14.4, 'circle_concentration': 74.6, 'eligible_count': 8, 'bet_adj': 0, 'reason': 'rel_win1=55.7%（本命度） / 最有力組み合わせ確率: 0.093（推定実オッズ?14倍） / 2着集中度: 上位2艇 74.6%（補正+0.04） / 総合判定確率: 0.133 / → ヒモはやや固め。上位2艇以外を切ること', 'tenji_trigger': '展示確認: 1号艇伸び良→そのまま採用。悪→飛び組に差し替え。circle_pct上位2艇に絞り込むこと。'}",,,30.3,逃げ狙い,13.72,38.3,4,,,,,,,,,,,
2026-04-13,丸亀,4,5,堀本和也,A1,28.70,5,△,3.4612,19.3,100,64.1,0.1044,2.5,,,0,低,22,0,-,223 42,0,23.3,0.6207,,,,,,0.04,0.04,0.12,,◎,D,◎,,0.5791,0.769,,0.4222,A,70,0,◎-○軸 3着3〜4艇流し（10〜15点）,0.5777,"{'is_target': True, 'verdict': '点数絞り', 'max_combo_prob': 0.0927, 'est_top_odds': 14.4, 'circle_concentration': 74.6, 'eligible_count': 8, 'bet_adj': 0, 'reason': 'rel_win1=55.7%（本命度） / 最有力組み合わせ確率: 0.093（推定実オッズ?14倍） / 2着集中度: 上位2艇 74.6%（補正+0.04） / 総合判定確率: 0.133 / → ヒモはやや固め。上位2艇以外を切ること', 'tenji_trigger': '展示確認: 1号艇伸び良→そのまま採用。悪→飛び組に差し替え。circle_pct上位2艇に絞り込むこと。'}",,,30.3,逃げ狙い,13.72,38.3,4,,,,,,,,,,,
2026-04-13,丸亀,4,6,岩永雅人,A2,27.07,6,,2.9328,3.1,74,36.5,0.1712,4.1824,,,0,低,153,0,-,1 133,0,26.4,0.7581,0,0,0,0.0303,0,0.01,0.155,0.07,,,D,△,,0.3345,0.61,,0.4222,A,70,0,◎-○軸 3着3〜4艇流し（10〜15点）,0.5777,"{'is_target': True, 'verdict': '点数絞り', 'max_combo_prob': 0.0927, 'est_top_odds': 14.4, 'circle_concentration': 74.6, 'eligible_count': 8, 'bet_adj': 0, 'reason': 'rel_win1=55.7%（本命度） / 最有力組み合わせ確率: 0.093（推定実オッズ?14倍） / 2着集中度: 上位2艇 74.6%（補正+0.04） / 総合判定確率: 0.133 / → ヒモはやや固め。上位2艇以外を切ること', 'tenji_trigger': '展示確認: 1号艇伸び良→そのまま採用。悪→飛び組に差し替え。circle_pct上位2艇に絞り込むこと。'}",,,30.3,逃げ狙い,13.72,38.3,4,,,,,,,,,,,
2026-04-13,丸亀,5,1,北山康介,A1,32.81,1,◎,60.0752,,0,91.5,0.1558,2.9507,,,0,低,69,0,逃1%,334331,0,80.8,0.9966,0.7778,,,,,0.0694,0.1138,0,◎,,C,◎,,,0.663,,0.6022,S,95,0,◎1着固定 2-3着流し（5〜8点）,0.5777,"{'is_target': True, 'verdict': '点数絞り', 'max_combo_prob': 0.1019, 'est_top_odds': 13.1, 'circle_concentration': 73.7, 'eligible_count': 6, 'bet_adj': 0, 'reason': 'rel_win1=60.1%（本命度） / 最有力組み合わせ確率: 0.102（推定実オッズ?13倍） / 2着集中度: 上位2艇 73.7%（補正+0.04） / 総合判定確率: 0.142 / → ヒモはやや固め。上位2艇以外を切ること', 'tenji_trigger': '展示確認: 1号艇伸び良→そのまま採用。悪→飛び組に差し替え。circle_pct上位2艇に絞り込むこと。'}",,,27.2,逃げ狙い,16.34,27.2,3,,,,,0,0,0.7559,0,,逃げ軸流し,A
2026-04-13,丸亀,5,2,本吉正樹,B1,25.76,2,,9.2873,48,84,47.6,0.1673,3.4524,,,0,低,152,0,ま0%,2 426,0,43.9,0.7967,0,0,0.069,0,0,0.175,0.2643,0.0143,,,D,,,0.1939,0.585,,0.6022,S,95,0,◎1着固定 2-3着流し（5〜8点）,0.5777,"{'is_target': True, 'verdict': '点数絞り', 'max_combo_prob': 0.1019, 'est_top_odds': 13.1, 'circle_concentration': 73.7, 'eligible_count': 6, 'bet_adj': 0, 'reason': 'rel_win1=60.1%（本命度） / 最有力組み合わせ確率: 0.102（推定実オッズ?13倍） / 2着集中度: 上位2艇 73.7%（補正+0.04） / 総合判定確率: 0.142 / → ヒモはやや固め。上位2艇以外を切ること', 'tenji_trigger': '展示確認: 1号艇伸び良→そのまま採用。悪→飛び組に差し替え。circle_pct上位2艇に絞り込むこと。'}",,,27.2,逃げ狙い,16.34,27.2,3,,,,,,,,,,,
2026-04-13,丸亀,5,3,吉永泰弘,B1,56.69,3,▲,9.2734,25.7,44,33.9,0.1642,3.6129,,,0,低,137,0,-,5 153,0,79.2,1.4452,,,,,,0.2376,0.4541,0.0235,,,A,○,,0.2711,0.6525,,0.6022,S,95,0,◎1着固定 2-3着流し（5〜8点）,0.5777,"{'is_target': True, 'verdict': '点数絞り', 'max_combo_prob': 0.1019, 'est_top_odds': 13.1, 'circle_concentration': 73.7, 'eligible_count': 6, 'bet_adj': 0, 'reason': 'rel_win1=60.1%（本命度） / 最有力組み合わせ確率: 0.102（推定実オッズ?13倍） / 2着集中度: 上位2艇 73.7%（補正+0.04） / 総合判定確率: 0.142 / → ヒモはやや固め。上位2艇以外を切ること', 'tenji_trigger': '展示確認: 1号艇伸び良→そのまま採用。悪→飛び組に差し替え。circle_pct上位2艇に絞り込むこと。'}",,,27.2,逃げ狙い,16.34,27.2,3,,,,,,,,,,,
2026-04-13,丸亀,5,4,古賀智之,A2,39.69,4,○,14.2666,12.1,100,53.8,0.159,3.4808,,,0,低,119,0,ま0% 抜0%,6 1215,0,82.7,1.3494,0,0,0.0385,0,0.0385,0.05,0.4,0.125,,,B,△,◎,0.2699,0.5905,0.3347,0.6022,S,95,0,◎1着固定 2-3着流し（5〜8点）,0.5777,"{'is_target': True, 'verdict': '点数絞り', 'max_combo_prob': 0.1019, 'est_top_odds': 13.1, 'circle_concentration': 73.7, 'eligible_count': 6, 'bet_adj': 0, 'reason': 'rel_win1=60.1%（本命度） / 最有力組み合わせ確率: 0.102（推定実オッズ?13倍） / 2着集中度: 上位2艇 73.7%（補正+0.04） / 総合判定確率: 0.142 / → ヒモはやや固め。上位2艇以外を切ること', 'tenji_trigger': '展示確認: 1号艇伸び良→そのまま採用。悪→飛び組に差し替え。circle_pct上位2艇に絞り込むこと。'}",,,27.2,逃げ狙い,16.34,27.2,3,,,,,,,,,,,
2026-04-13,丸亀,5,5,成貞琳平,B1,23.08,5,,5.6884,2.5,70,22.9,0.201,4.2917,,,0,低,120,0,差0% 差ま0%,3 555,0,28.2,0.819,0,0.0385,0,0.0385,0,0.075,0.375,0.25,,,E,,,0.14,0.5785,,0.6022,S,95,0,◎1着固定 2-3着流し（5〜8点）,0.5777,"{'is_target': True, 'verdict': '点数絞り', 'max_combo_prob': 0.1019, 'est_top_odds': 13.1, 'circle_concentration': 73.7, 'eligible_count': 6, 'bet_adj': 0, 'reason': 'rel_win1=60.1%（本命度） / 最有力組み合わせ確率: 0.102（推定実オッズ?13倍） / 2着集中度: 上位2艇 73.7%（補正+0.04） / 総合判定確率: 0.142 / → ヒモはやや固め。上位2艇以外を切ること', 'tenji_trigger': '展示確認: 1号艇伸び良→そのまま採用。悪→飛び組に差し替え。circle_pct上位2艇に絞り込むこと。'}",,,27.2,逃げ狙い,16.34,27.2,3,,,,,,,,,,,
2026-04-13,丸亀,5,6,今井裕梨,A2,32.03,6,△,1.4091,11.7,69,21.1,0.1632,2.7368,,,0,低,38,0,-,1 263,0,28.2,0.9647,,,,,,0.1818,0.0909,0.1818,,,D,△,,0.2902,0.6515,,0.6022,S,95,0,◎1着固定 2-3着流し（5〜8点）,0.5777,"{'is_target': True, 'verdict': '点数絞り', 'max_combo_prob': 0.1019, 'est_top_odds': 13.1, 'circle_concentration': 73.7, 'eligible_count': 6, 'bet_adj': 0, 'reason': 'rel_win1=60.1%（本命度） / 最有力組み合わせ確率: 0.102（推定実オッズ?13倍） / 2着集中度: 上位2艇 73.7%（補正+0.04） / 総合判定確率: 0.142 / → ヒモはやや固め。上位2艇以外を切ること', 'tenji_trigger': '展示確認: 1号艇伸び良→そのまま採用。悪→飛び組に差し替え。circle_pct上位2艇に絞り込むこと。'}",,,27.2,逃げ狙い,16.34,27.2,3,,,,,,,,,,,
2026-04-13,丸亀,6,1,市橋卓士,A1,25.19,1,◎,60.8532,,0,93.8,0.1419,2.201,,,0,低,93,0,-,363622,0,97.2,1.359,0.6875,,,,,0.1045,0.0879,0.0795,◎,,E,△,,,0.6155,,0.6841,S,91,0,◎1着固定 2-3着流し（5〜8点）,0.5777,"{'is_target': True, 'verdict': '点数絞り', 'max_combo_prob': 0.1163, 'est_top_odds': 11.5, 'circle_concentration': 75.5, 'eligible_count': 6, 'bet_adj': 0, 'reason': 'rel_win1=60.9%（本命度） / 最有力組み合わせ確率: 0.116（推定実オッズ?12倍） / 2着集中度: 上位2艇 75.5%（補正+0.04） / 総合判定確率: 0.156 / → ヒモはやや固め。上位2艇以外を切ること', 'tenji_trigger': '展示確認: 1号艇伸び良→そのまま採用。悪→飛び組に差し替え。circle_pct上位2艇に絞り込むこと。'}",,,26.8,逃げ狙い,14.78,27.5,4,,,,,0,0,0.7559,0,,逃げ軸流し,A
2026-04-13,丸亀,6,2,小野寺智,B1,27.69,2,,9.3149,51.8,94,67.7,0.1573,3.371,,,0,低,79,0,-,126 14,0,44.2,1.0566,0,0.0741,0.0741,0,0,0.1217,0.0174,0.3096,,,D,○,,0.1786,0.6185,,0.6841,S,91,0,◎1着固定 2-3着流し（5〜8点）,0.5777,"{'is_target': True, 'verdict': '点数絞り', 'max_combo_prob': 0.1163, 'est_top_odds': 11.5, 'circle_concentration': 75.5, 'eligible_count': 6, 'bet_adj': 0, 'reason': 'rel_win1=60.9%（本命度） / 最有力組み合わせ確率: 0.116（推定実オッズ?12倍） / 2着集中度: 上位2艇 75.5%（補正+0.04） / 総合判定確率: 0.156 / → ヒモはやや固め。上位2艇以外を切ること', 'tenji_trigger': '展示確認: 1号艇伸び良→そのまま採用。悪→飛び組に差し替え。circle_pct上位2艇に絞り込むこと。'}",,,26.8,逃げ狙い,14.78,27.5,4,,,,,,,,,,,
2026-04-13,丸亀,6,3,間庭菜摘,B1,29.46,3,,11.3089,11.9,100,40.9,0.1814,3.5909,,,0,低,76,0,ま0%,2 445,0,61.4,0.9033,0,0,0.1538,0,0,0,0.4,0.04,,,D,,,0.1525,0.5795,,0.6841,S,91,0,◎1着固定 2-3着流し（5〜8点）,0.5777,"{'is_target': True, 'verdict': '点数絞り', 'max_combo_prob': 0.1163, 'est_top_odds': 11.5, 'circle_concentration': 75.5, 'eligible_count': 6, 'bet_adj': 0, 'reason': 'rel_win1=60.9%（本命度） / 最有力組み合わせ確率: 0.116（推定実オッズ?12倍） / 2着集中度: 上位2艇 75.5%（補正+0.04） / 総合判定確率: 0.156 / → ヒモはやや固め。上位2艇以外を切ること', 'tenji_trigger': '展示確認: 1号艇伸び良→そのまま採用。悪→飛び組に差し替え。circle_pct上位2艇に絞り込むこと。'}",,,26.8,逃げ狙い,14.78,27.5,4,,,,,,,,,,,
2026-04-13,丸亀,6,4,村田修次,A2,33.85,4,▲,9.1936,23.7,71,52.5,0.1653,3.2375,,,0,低,93,0,-,232 25,0,50,1.1217,,,,,,0.0625,0.1107,0.2214,,,C,◎,◎,0.232,0.6435,0.2623,0.6841,S,91,0,◎1着固定 2-3着流し（5〜8点）,0.5777,"{'is_target': True, 'verdict': '点数絞り', 'max_combo_prob': 0.1163, 'est_top_odds': 11.5, 'circle_concentration': 75.5, 'eligible_count': 6, 'bet_adj': 0, 'reason': 'rel_win1=60.9%（本命度） / 最有力組み合わせ確率: 0.116（推定実オッズ?12倍） / 2着集中度: 上位2艇 75.5%（補正+0.04） / 総合判定確率: 0.156 / → ヒモはやや固め。上位2艇以外を切ること', 'tenji_trigger': '展示確認: 1号艇伸び良→そのまま採用。悪→飛び組に差し替え。circle_pct上位2艇に絞り込むこと。'}",,,26.8,逃げ狙い,14.78,27.5,4,,,,,,,,,,,
2026-04-13,丸亀,6,5,谷口　丞,B1,45.24,5,○,4.6823,10.9,39,22.7,0.1459,2.8182,,,0,低,67,0,ま0%,456 55,0,29.3,0.7664,0,0,0.0312,0,0,0,0.3333,0.3333,,,A,,,0.2807,0.536,,0.6841,S,91,0,◎1着固定 2-3着流し（5〜8点）,0.5777,"{'is_target': True, 'verdict': '点数絞り', 'max_combo_prob': 0.1163, 'est_top_odds': 11.5, 'circle_concentration': 75.5, 'eligible_count': 6, 'bet_adj': 0, 'reason': 'rel_win1=60.9%（本命度） / 最有力組み合わせ確率: 0.116（推定実オッズ?12倍） / 2着集中度: 上位2艇 75.5%（補正+0.04） / 総合判定確率: 0.156 / → ヒモはやや固め。上位2艇以外を切ること', 'tenji_trigger': '展示確認: 1号艇伸び良→そのまま採用。悪→飛び組に差し替え。circle_pct上位2艇に絞り込むこと。'}",,,26.8,逃げ狙い,14.78,27.5,4,,,,,,,,,,,
2026-04-13,丸亀,6,6,加藤政彦,A1,40.63,6,△,4.6471,1.7,61,30.8,0.1891,4.7692,,,0,低,105,0,抜0%,1 3221,0,25.6,1.3897,0,0,0,0,0.037,0.35,0.0667,0.1833,,,B,△,,0.1767,0.5995,,0.6841,S,91,0,◎1着固定 2-3着流し（5〜8点）,0.5777,"{'is_target': True, 'verdict': '点数絞り', 'max_combo_prob': 0.1163, 'est_top_odds': 11.5, 'circle_concentration': 75.5, 'eligible_count': 6, 'bet_adj': 0, 'reason': 'rel_win1=60.9%（本命度） / 最有力組み合わせ確率: 0.116（推定実オッズ?12倍） / 2着集中度: 上位2艇 75.5%（補正+0.04） / 総合判定確率: 0.156 / → ヒモはやや固め。上位2艇以外を切ること', 'tenji_trigger': '展示確認: 1号艇伸び良→そのまま採用。悪→飛び組に差し替え。circle_pct上位2艇に絞り込むこと。'}",,,26.8,逃げ狙い,14.78,27.5,4,,,,,,,,,,,
2026-04-13,丸亀,7,1,森永　淳,A1,23.85,1,◎,61.4605,,0,90.4,0.1421,2.3562,,,0,低,52,0,逃1%,35114,0,71.3,0.9915,0.7838,,,,,0,0.1351,0.0811,◎,,D,◎,,,0.702,,0.6417,S,100,0,◎1着固定 2-3着流し（5〜8点）,0.5777,"{'is_target': True, 'verdict': '参加推奨', 'max_combo_prob': 0.06, 'est_top_odds': 22.2, 'circle_concentration': 66.4, 'eligible_count': 6, 'bet_adj': 2, 'reason': 'rel_win1=61.5%（本命度） / 最有力組み合わせ確率: 0.060（推定実オッズ?22倍） / 2着集中度: 上位2艇 66.4%（補正+0.00） / 総合判定確率: 0.060 / → ヒモ分散。1号艇1着固定で広めのヒモ流し推奨（買い目+2点）', 'tenji_trigger': '展示確認: ヒモ分散レース。1号艇伸び確認後、広めのヒモ流しを採用。穴ヒモ（5・6号艇）を積極的に含める。'}",,,27.4,逃げ狙い,19.74,24.8,4,,,,,0,0,0.7559,0,,逃げ軸流し,A
2026-04-13,丸亀,7,2,須藤隆雄,B1,26.98,2,▲,7.2923,34.9,78,48,0.1642,3.03,,,0,低,110,0,差0%,652 45,0,25.8,0.8024,0,0.037,0,0,0,0.1364,0.0909,0.6455,,,C,,,0.0857,0.585,,0.6417,S,100,0,◎1着固定 2-3着流し（5〜8点）,0.5777,"{'is_target': True, 'verdict': '参加推奨', 'max_combo_prob': 0.06, 'est_top_odds': 22.2, 'circle_concentration': 66.4, 'eligible_count': 6, 'bet_adj': 2, 'reason': 'rel_win1=61.5%（本命度） / 最有力組み合わせ確率: 0.060（推定実オッズ?22倍） / 2着集中度: 上位2艇 66.4%（補正+0.00） / 総合判定確率: 0.060 / → ヒモ分散。1号艇1着固定で広めのヒモ流し推奨（買い目+2点）', 'tenji_trigger': '展示確認: ヒモ分散レース。1号艇伸び確認後、広めのヒモ流しを採用。穴ヒモ（5・6号艇）を積極的に含める。'}",,,27.4,逃げ狙い,19.74,24.8,4,,,,,,,,,,,
2026-04-13,丸亀,7,3,川井　萌,B2,27.69,3,○,8.7189,31.6,90,56,0.1528,3.3,,,0,低,50,0,-,546 54,0,41.9,1.0171,,,,,,0,0.5,0,,,B,△,,0.26,0.6045,,0.6417,S,100,0,◎1着固定 2-3着流し（5〜8点）,0.5777,"{'is_target': True, 'verdict': '参加推奨', 'max_combo_prob': 0.06, 'est_top_odds': 22.2, 'circle_concentration': 66.4, 'eligible_count': 6, 'bet_adj': 2, 'reason': 'rel_win1=61.5%（本命度） / 最有力組み合わせ確率: 0.060（推定実オッズ?22倍） / 2着集中度: 上位2艇 66.4%（補正+0.00） / 総合判定確率: 0.060 / → ヒモ分散。1号艇1着固定で広めのヒモ流し推奨（買い目+2点）', 'tenji_trigger': '展示確認: ヒモ分散レース。1号艇伸び確認後、広めのヒモ流しを採用。穴ヒモ（5・6号艇）を積極的に含める。'}",,,27.4,逃げ狙い,19.74,24.8,4,,,,,,,,,,,
2026-04-13,丸亀,7,4,入澤友治,A2,25.40,4,△,14.9672,23.4,70,47.8,0.1284,2.4058,,,0,低,126,0,差0% ま0% 差ま0% 抜0%,6 2652,0,68.8,1.3006,0,0.0263,0.1053,0.0789,0.0263,0.0943,0.0943,0.2486,,,D,,◎,0.3583,0.595,0.4483,0.6417,S,100,0,◎1着固定 2-3着流し（5〜8点）,0.5777,"{'is_target': True, 'verdict': '参加推奨', 'max_combo_prob': 0.06, 'est_top_odds': 22.2, 'circle_concentration': 66.4, 'eligible_count': 6, 'bet_adj': 2, 'reason': 'rel_win1=61.5%（本命度） / 最有力組み合わせ確率: 0.060（推定実オッズ?22倍） / 2着集中度: 上位2艇 66.4%（補正+0.00） / 総合判定確率: 0.060 / → ヒモ分散。1号艇1着固定で広めのヒモ流し推奨（買い目+2点）', 'tenji_trigger': '展示確認: ヒモ分散レース。1号艇伸び確認後、広めのヒモ流しを採用。穴ヒモ（5・6号艇）を積極的に含める。'}",,,27.4,逃げ狙い,19.74,24.8,4,,,,,,,,,,,
2026-04-13,丸亀,7,5,松下誉士,B1,26.92,5,,3.8916,7.9,97,30.7,0.1775,3.9533,,,0,低,189,0,差ま0%,6 614,0,38.9,0.9276,0,0,0,0.0294,0,0.3405,0.169,0.2714,,,C,△,,0.1653,0.6275,,0.6417,S,100,0,◎1着固定 2-3着流し（5〜8点）,0.5777,"{'is_target': True, 'verdict': '参加推奨', 'max_combo_prob': 0.06, 'est_top_odds': 22.2, 'circle_concentration': 66.4, 'eligible_count': 6, 'bet_adj': 2, 'reason': 'rel_win1=61.5%（本命度） / 最有力組み合わせ確率: 0.060（推定実オッズ?22倍） / 2着集中度: 上位2艇 66.4%（補正+0.00） / 総合判定確率: 0.060 / → ヒモ分散。1号艇1着固定で広めのヒモ流し推奨（買い目+2点）', 'tenji_trigger': '展示確認: ヒモ分散レース。1号艇伸び確認後、広めのヒモ流しを採用。穴ヒモ（5・6号艇）を積極的に含める。'}",,,27.4,逃げ狙い,19.74,24.8,4,,,,,,,,,,,
2026-04-13,丸亀,7,6,徳増秀樹,A1,26.81,6,,3.6695,2.3,100,42.9,0.2043,3.2857,,,0,低,35,1,-,12411,0,88.5,1.7503,,,,,,0.0694,0.0296,0.0444,,,C,○,,0.1391,0.67,,0.6417,S,100,0,◎1着固定 2-3着流し（5〜8点）,0.5777,"{'is_target': True, 'verdict': '参加推奨', 'max_combo_prob': 0.06, 'est_top_odds': 22.2, 'circle_concentration': 66.4, 'eligible_count': 6, 'bet_adj': 2, 'reason': 'rel_win1=61.5%（本命度） / 最有力組み合わせ確率: 0.060（推定実オッズ?22倍） / 2着集中度: 上位2艇 66.4%（補正+0.00） / 総合判定確率: 0.060 / → ヒモ分散。1号艇1着固定で広めのヒモ流し推奨（買い目+2点）', 'tenji_trigger': '展示確認: ヒモ分散レース。1号艇伸び確認後、広めのヒモ流しを採用。穴ヒモ（5・6号艇）を積極的に含める。'}",,,27.4,逃げ狙い,19.74,24.8,4,,,,,,,,,,,
2026-04-13,丸亀,8,1,岩永雅人,A2,27.07,1,◎,62.8478,,0,84.3,0.1839,3.9775,,,0,低,153,0,逃1%,1 133,0,71.5,1.1313,0.55,,,,,0.01,0.155,0.07,△,,D,△,,,0.61,,0.2839,S,80,0,◎1着固定 2-3着流し（5〜8点）,0.5777,"{'is_target': True, 'verdict': '点数絞り', 'max_combo_prob': 0.1277, 'est_top_odds': 10.4, 'circle_concentration': 82.3, 'eligible_count': 6, 'bet_adj': 0, 'reason': 'rel_win1=62.8%（本命度） / 最有力組み合わせ確率: 0.128（推定実オッズ?10倍） / 2着集中度: 上位2艇 82.3%（補正+0.04） / 総合判定確率: 0.168 / → ヒモはやや固め。上位2艇以外を切ること', 'tenji_trigger': '展示確認: 1号艇伸び良→そのまま採用。悪→飛び組に差し替え。circle_pct上位2艇に絞り込むこと。\n展示で1号艇スタート遅め(0.184秒)確認→ヒモが荒れやすい'}",,,27.1,逃げ狙い,13.79,29.1,2,2-1-3|2-1-4|1-2-5|1-2-3|1-3-2|1-3-5|1-4-2,6-1-4|6-1-3|5-1-6|2-1-3|6-4-1|5-6-1|2-1-4|1-2-5|1-2-3|1-3-2|1-3-5|1-4-2,2-1-3:2.6%|2-1-4:1.98%|1-2-5:9.02%|1-2-3:8.57%|1-3-2:4.7%|1-3-5:4.64%|1-4-2:3.37%,2-1-3:B_main|2-1-4:B_main|1-2-5:A|1-2-3:A|1-3-2:A|1-3-5:A|1-4-2:A,7,12,0.4535,1,[!]見送り推奨（主役決まり手「差し」― 逃げ劣勢レースで的中実績なし）,荒れ広め,D
2026-04-13,丸亀,8,2,坪口竜也,A2,28.15,2,○,15.9165,55.4,35,68.4,0.1456,3.4123,,,0,低,84,0,差0%,3 1233,0,63.8,1.3383,0,0.2,0.04,0,0,0,0.0667,0.0333,,◎,C,◎,,0.5951,0.6815,,0.2839,S,80,0,◎1着固定 2-3着流し（5〜8点）,0.5777,"{'is_target': True, 'verdict': '点数絞り', 'max_combo_prob': 0.1277, 'est_top_odds': 10.4, 'circle_concentration': 82.3, 'eligible_count': 6, 'bet_adj': 0, 'reason': 'rel_win1=62.8%（本命度） / 最有力組み合わせ確率: 0.128（推定実オッズ?10倍） / 2着集中度: 上位2艇 82.3%（補正+0.04） / 総合判定確率: 0.168 / → ヒモはやや固め。上位2艇以外を切ること', 'tenji_trigger': '展示確認: 1号艇伸び良→そのまま採用。悪→飛び組に差し替え。circle_pct上位2艇に絞り込むこと。\n展示で1号艇スタート遅め(0.184秒)確認→ヒモが荒れやすい'}",,,27.1,逃げ狙い,13.79,29.1,2,,,,,,,,,,,
2026-04-13,丸亀,8,3,野末智一,A2,34.92,3,△,10.9552,26.8,75,62,0.1865,3.8354,,,0,低,227,0,-,443 23,0,75.5,1.7883,0,0.0645,0,0.0323,0.0323,0.1722,0.1512,0.0737,,,B,○,,0.2851,0.6595,,0.2839,S,80,0,◎1着固定 2-3着流し（5〜8点）,0.5777,"{'is_target': True, 'verdict': '点数絞り', 'max_combo_prob': 0.1277, 'est_top_odds': 10.4, 'circle_concentration': 82.3, 'eligible_count': 6, 'bet_adj': 0, 'reason': 'rel_win1=62.8%（本命度） / 最有力組み合わせ確率: 0.128（推定実オッズ?10倍） / 2着集中度: 上位2艇 82.3%（補正+0.04） / 総合判定確率: 0.168 / → ヒモはやや固め。上位2艇以外を切ること', 'tenji_trigger': '展示確認: 1号艇伸び良→そのまま採用。悪→飛び組に差し替え。circle_pct上位2艇に絞り込むこと。\n展示で1号艇スタート遅め(0.184秒)確認→ヒモが荒れやすい'}",,,27.1,逃げ狙い,13.79,29.1,2,,,,,,,,,,,
2026-04-13,丸亀,8,4,乙津康志,B1,27.56,4,,5.5254,13,100,53.7,0.1894,4.0448,,,0,低,167,0,差ま1%,1 316,0,63.5,1.4077,0,0,0,0.0645,0,0.1,0.18,0.42,,,D,,,0.2916,0.596,,0.2839,S,80,0,◎1着固定 2-3着流し（5〜8点）,0.5777,"{'is_target': True, 'verdict': '点数絞り', 'max_combo_prob': 0.1277, 'est_top_odds': 10.4, 'circle_concentration': 82.3, 'eligible_count': 6, 'bet_adj': 0, 'reason': 'rel_win1=62.8%（本命度） / 最有力組み合わせ確率: 0.128（推定実オッズ?10倍） / 2着集中度: 上位2艇 82.3%（補正+0.04） / 総合判定確率: 0.168 / → ヒモはやや固め。上位2艇以外を切ること', 'tenji_trigger': '展示確認: 1号艇伸び良→そのまま採用。悪→飛び組に差し替え。circle_pct上位2艇に絞り込むこと。\n展示で1号艇スタート遅め(0.184秒)確認→ヒモが荒れやすい'}",,,27.1,逃げ狙い,13.79,29.1,2,,,,,,,,,,,
2026-04-13,丸亀,8,5,三好勇人,A2,37.80,5,▲,3.0106,0.9,57,26.8,0.1598,3.3214,,,0,低,88,0,-,451 23,0,100,2.2726,0,0,0,0.0333,0,0.0133,0.16,0.0533,,,B,△,,0.3812,0.6185,,0.2839,S,80,0,◎1着固定 2-3着流し（5〜8点）,0.5777,"{'is_target': True, 'verdict': '点数絞り', 'max_combo_prob': 0.1277, 'est_top_odds': 10.4, 'circle_concentration': 82.3, 'eligible_count': 6, 'bet_adj': 0, 'reason': 'rel_win1=62.8%（本命度） / 最有力組み合わせ確率: 0.128（推定実オッズ?10倍） / 2着集中度: 上位2艇 82.3%（補正+0.04） / 総合判定確率: 0.168 / → ヒモはやや固め。上位2艇以外を切ること', 'tenji_trigger': '展示確認: 1号艇伸び良→そのまま採用。悪→飛び組に差し替え。circle_pct上位2艇に絞り込むこと。\n展示で1号艇スタート遅め(0.184秒)確認→ヒモが荒れやすい'}",,,27.1,逃げ狙い,13.79,29.1,2,,,,,,,,,,,
2026-04-13,丸亀,8,6,坂口貴彦,B1,22.73,6,,1.7446,3.8,41,16.7,0.2019,4.2188,,,0,低,134,0,-,1 256,0,32.9,0.6128,,,,,,0.0471,0.1235,0.1471,,,E,,,0.2799,0.591,,0.2839,S,80,0,◎1着固定 2-3着流し（5〜8点）,0.5777,"{'is_target': True, 'verdict': '点数絞り', 'max_combo_prob': 0.1277, 'est_top_odds': 10.4, 'circle_concentration': 82.3, 'eligible_count': 6, 'bet_adj': 0, 'reason': 'rel_win1=62.8%（本命度） / 最有力組み合わせ確率: 0.128（推定実オッズ?10倍） / 2着集中度: 上位2艇 82.3%（補正+0.04） / 総合判定確率: 0.168 / → ヒモはやや固め。上位2艇以外を切ること', 'tenji_trigger': '展示確認: 1号艇伸び良→そのまま採用。悪→飛び組に差し替え。circle_pct上位2艇に絞り込むこと。\n展示で1号艇スタート遅め(0.184秒)確認→ヒモが荒れやすい'}",,,27.1,逃げ狙い,13.79,29.1,2,,,,,,,,,,,
2026-04-13,丸亀,9,1,深川真二,A1,37.31,1,◎,63.0016,,0,94.5,0.1223,2.6301,,,0,低,21,0,逃1%,115 14,0,94.5,1.2906,0.7632,,,,,0.0105,0.1173,0.0211,◎,,C,△,,,0.6545,,0.6824,S,100,0,◎1着固定 2-3着流し（5〜8点）,0.5777,"{'is_target': True, 'verdict': '点数絞り', 'max_combo_prob': 0.0935, 'est_top_odds': 14.3, 'circle_concentration': 75.2, 'eligible_count': 6, 'bet_adj': 0, 'reason': 'rel_win1=63.0%（本命度） / 最有力組み合わせ確率: 0.094（推定実オッズ?14倍） / 2着集中度: 上位2艇 75.2%（補正+0.04） / 総合判定確率: 0.134 / → ヒモはやや固め。上位2艇以外を切ること', 'tenji_trigger': '展示確認: 1号艇伸び良→そのまま採用。悪→飛び組に差し替え。circle_pct上位2艇に絞り込むこと。\n展示で1号艇スタート超安定(0.122秒)→ヒモ固まり方向に注意'}",,,26.7,逃げ狙い,18.99,23.4,4,,,,,0,0,0.7559,0,,逃げ軸流し,A
2026-04-13,丸亀,9,2,堀本和也,A1,28.70,2,,9.6201,49,60,65.1,0.1344,3.0465,,,0,低,22,0,-,223 42,0,37,0.6126,0,0.1,0,0,0,0.04,0.04,0.12,,,D,◎,,0.2013,0.769,,0.6824,S,100,0,◎1着固定 2-3着流し（5〜8点）,0.5777,"{'is_target': True, 'verdict': '点数絞り', 'max_combo_prob': 0.0935, 'est_top_odds': 14.3, 'circle_concentration': 75.2, 'eligible_count': 6, 'bet_adj': 0, 'reason': 'rel_win1=63.0%（本命度） / 最有力組み合わせ確率: 0.094（推定実オッズ?14倍） / 2着集中度: 上位2艇 75.2%（補正+0.04） / 総合判定確率: 0.134 / → ヒモはやや固め。上位2艇以外を切ること', 'tenji_trigger': '展示確認: 1号艇伸び良→そのまま採用。悪→飛び組に差し替え。circle_pct上位2艇に絞り込むこと。\n展示で1号艇スタート超安定(0.122秒)→ヒモ固まり方向に注意'}",,,26.7,逃げ狙い,18.99,23.4,4,,,,,,,,,,,
2026-04-13,丸亀,9,3,渡部　悟,A2,18.25,3,,11.6745,26.2,85,66.7,0.1368,2.5333,,,0,低,79,0,-,43251,0,40.2,0.985,0,0.0476,0.0952,0,0.0476,0.1639,0.1194,0.0296,,,E,△,,0.2228,0.66,,0.6824,S,100,0,◎1着固定 2-3着流し（5〜8点）,0.5777,"{'is_target': True, 'verdict': '点数絞り', 'max_combo_prob': 0.0935, 'est_top_odds': 14.3, 'circle_concentration': 75.2, 'eligible_count': 6, 'bet_adj': 0, 'reason': 'rel_win1=63.0%（本命度） / 最有力組み合わせ確率: 0.094（推定実オッズ?14倍） / 2着集中度: 上位2艇 75.2%（補正+0.04） / 総合判定確率: 0.134 / → ヒモはやや固め。上位2艇以外を切ること', 'tenji_trigger': '展示確認: 1号艇伸び良→そのまま採用。悪→飛び組に差し替え。circle_pct上位2艇に絞り込むこと。\n展示で1号艇スタート超安定(0.122秒)→ヒモ固まり方向に注意'}",,,26.7,逃げ狙い,18.99,23.4,4,,,,,,,,,,,
2026-04-13,丸亀,9,4,北山康介,A1,32.81,4,△,11.9533,17.1,95,64.6,0.1388,2.7708,,,0,低,69,0,差0% ま0%,334331,0,72.1,1.406,0,0.0556,0.1111,0,0,0.0694,0.1138,0,,,C,○,◎,0.2407,0.663,0.457,0.6824,S,100,0,◎1着固定 2-3着流し（5〜8点）,0.5777,"{'is_target': True, 'verdict': '点数絞り', 'max_combo_prob': 0.0935, 'est_top_odds': 14.3, 'circle_concentration': 75.2, 'eligible_count': 6, 'bet_adj': 0, 'reason': 'rel_win1=63.0%（本命度） / 最有力組み合わせ確率: 0.094（推定実オッズ?14倍） / 2着集中度: 上位2艇 75.2%（補正+0.04） / 総合判定確率: 0.134 / → ヒモはやや固め。上位2艇以外を切ること', 'tenji_trigger': '展示確認: 1号艇伸び良→そのまま採用。悪→飛び組に差し替え。circle_pct上位2艇に絞り込むこと。\n展示で1号艇スタート超安定(0.122秒)→ヒモ固まり方向に注意'}",,,26.7,逃げ狙い,18.99,23.4,4,,,,,,,,,,,
2026-04-13,丸亀,9,5,亀山雅幸,A2,38.76,5,▲,2.7656,5.2,100,45.8,0.1854,3.8611,,,0,低,154,0,-,326 13,0,24.4,0.8162,0,0,0,0.0345,0,0.0944,0.1222,0.0944,,,B,,,0.1045,0.6195,,0.6824,S,100,0,◎1着固定 2-3着流し（5〜8点）,0.5777,"{'is_target': True, 'verdict': '点数絞り', 'max_combo_prob': 0.0935, 'est_top_odds': 14.3, 'circle_concentration': 75.2, 'eligible_count': 6, 'bet_adj': 0, 'reason': 'rel_win1=63.0%（本命度） / 最有力組み合わせ確率: 0.094（推定実オッズ?14倍） / 2着集中度: 上位2艇 75.2%（補正+0.04） / 総合判定確率: 0.134 / → ヒモはやや固め。上位2艇以外を切ること', 'tenji_trigger': '展示確認: 1号艇伸び良→そのまま採用。悪→飛び組に差し替え。circle_pct上位2艇に絞り込むこと。\n展示で1号艇スタート超安定(0.122秒)→ヒモ固まり方向に注意'}",,,26.7,逃げ狙い,18.99,23.4,4,,,,,,,,,,,
2026-04-13,丸亀,9,6,奥村明日,B1,50.00,6,○,0.9849,2.5,50,12.9,0.1906,4.3387,,,0,低,83,0,-,335 41,0,28.7,0.7011,,,,,,0.6,0.1,0,,,A,,,0.1389,0.5175,,0.6824,S,100,0,◎1着固定 2-3着流し（5〜8点）,0.5777,"{'is_target': True, 'verdict': '点数絞り', 'max_combo_prob': 0.0935, 'est_top_odds': 14.3, 'circle_concentration': 75.2, 'eligible_count': 6, 'bet_adj': 0, 'reason': 'rel_win1=63.0%（本命度） / 最有力組み合わせ確率: 0.094（推定実オッズ?14倍） / 2着集中度: 上位2艇 75.2%（補正+0.04） / 総合判定確率: 0.134 / → ヒモはやや固め。上位2艇以外を切ること', 'tenji_trigger': '展示確認: 1号艇伸び良→そのまま採用。悪→飛び組に差し替え。circle_pct上位2艇に絞り込むこと。\n展示で1号艇スタート超安定(0.122秒)→ヒモ固まり方向に注意'}",,,26.7,逃げ狙い,18.99,23.4,4,,,,,,,,,,,
2026-04-13,丸亀,10,1,加藤政彦,A1,40.63,1,◎,57.027,,0,86.8,0.1479,2.4412,,,0,低,105,0,逃1%,1 3221,0,85.8,1.1163,0.5417,,,,,0.35,0.0667,0.1833,◎,,A,△,,,0.5995,,0.5072,S,90,0,◎1着固定 2-3着流し（5〜8点）,0.5777,"{'is_target': True, 'verdict': '点数絞り', 'max_combo_prob': 0.0991, 'est_top_odds': 13.5, 'circle_concentration': 71.4, 'eligible_count': 6, 'bet_adj': 0, 'reason': 'rel_win1=57.0%（本命度） / 最有力組み合わせ確率: 0.099（推定実オッズ?14倍） / 2着集中度: 上位2艇 71.4%（補正+0.04） / 総合判定確率: 0.139 / → ヒモはやや固め。上位2艇以外を切ること', 'tenji_trigger': '展示確認: 1号艇伸び良→そのまま採用。悪→飛び組に差し替え。circle_pct上位2艇に絞り込むこと。'}",,,32.2,逃げ狙い,22.03,36.5,2,,,,,0,0,0.7559,0,,逃げ軸流し,A
2026-04-13,丸亀,10,2,森永　淳,A1,23.85,2,○,20.4045,51.1,73,80,0.1418,2.6222,,,0,低,52,0,差0% ま0%,35114,0,71.4,1.3497,0,0.2778,0.2222,0,0,0,0.1351,0.0811,,◎,E,◎,,0.4794,0.702,,0.5072,S,90,0,◎1着固定 2-3着流し（5〜8点）,0.5777,"{'is_target': True, 'verdict': '点数絞り', 'max_combo_prob': 0.0991, 'est_top_odds': 13.5, 'circle_concentration': 71.4, 'eligible_count': 6, 'bet_adj': 0, 'reason': 'rel_win1=57.0%（本命度） / 最有力組み合わせ確率: 0.099（推定実オッズ?14倍） / 2着集中度: 上位2艇 71.4%（補正+0.04） / 総合判定確率: 0.139 / → ヒモはやや固め。上位2艇以外を切ること', 'tenji_trigger': '展示確認: 1号艇伸び良→そのまま採用。悪→飛び組に差し替え。circle_pct上位2艇に絞り込むこと。'}",,,32.2,逃げ狙い,22.03,36.5,2,,,,,,,,,,,
2026-04-13,丸亀,10,3,古賀智之,A2,39.69,3,▲,8.5384,15.3,100,48.2,0.165,3.2232,,,0,低,119,0,ま0% 抜0%,6 1215,0,27.7,0.906,0,0,0.0667,0,0.0333,0.05,0.4,0.125,,,B,,,0.2231,0.5905,,0.5072,S,90,0,◎1着固定 2-3着流し（5〜8点）,0.5777,"{'is_target': True, 'verdict': '点数絞り', 'max_combo_prob': 0.0991, 'est_top_odds': 13.5, 'circle_concentration': 71.4, 'eligible_count': 6, 'bet_adj': 0, 'reason': 'rel_win1=57.0%（本命度） / 最有力組み合わせ確率: 0.099（推定実オッズ?14倍） / 2着集中度: 上位2艇 71.4%（補正+0.04） / 総合判定確率: 0.139 / → ヒモはやや固め。上位2艇以外を切ること', 'tenji_trigger': '展示確認: 1号艇伸び良→そのまま採用。悪→飛び組に差し替え。circle_pct上位2艇に絞り込むこと。'}",,,32.2,逃げ狙い,22.03,36.5,2,,,,,,,,,,,
2026-04-13,丸亀,10,4,大須賀友,A2,28.89,4,△,10.8866,20.3,86,69.2,0.1546,3.2115,,,0,低,116,0,差ま0%,25541,0,73.7,1.3694,0,0.0476,0.0952,0.0952,0,0.0516,0.1258,0.0129,,,D,△,◎,0.2919,0.599,0.3852,0.5072,S,90,0,◎1着固定 2-3着流し（5〜8点）,0.5777,"{'is_target': True, 'verdict': '点数絞り', 'max_combo_prob': 0.0991, 'est_top_odds': 13.5, 'circle_concentration': 71.4, 'eligible_count': 6, 'bet_adj': 0, 'reason': 'rel_win1=57.0%（本命度） / 最有力組み合わせ確率: 0.099（推定実オッズ?14倍） / 2着集中度: 上位2艇 71.4%（補正+0.04） / 総合判定確率: 0.139 / → ヒモはやや固め。上位2艇以外を切ること', 'tenji_trigger': '展示確認: 1号艇伸び良→そのまま採用。悪→飛び組に差し替え。circle_pct上位2艇に絞り込むこと。'}",,,32.2,逃げ狙い,22.03,36.5,2,,,,,,,,,,,
2026-04-13,丸亀,10,5,小野寺智,B1,27.69,5,,2.0723,7.7,68,32.7,0.1544,3.6636,,,0,低,79,0,-,126 14,0,88.1,1.5402,,,,,,0.1217,0.0174,0.3096,,,D,○,,0.2999,0.6185,,0.5072,S,90,0,◎1着固定 2-3着流し（5〜8点）,0.5777,"{'is_target': True, 'verdict': '点数絞り', 'max_combo_prob': 0.0991, 'est_top_odds': 13.5, 'circle_concentration': 71.4, 'eligible_count': 6, 'bet_adj': 0, 'reason': 'rel_win1=57.0%（本命度） / 最有力組み合わせ確率: 0.099（推定実オッズ?14倍） / 2着集中度: 上位2艇 71.4%（補正+0.04） / 総合判定確率: 0.139 / → ヒモはやや固め。上位2艇以外を切ること', 'tenji_trigger': '展示確認: 1号艇伸び良→そのまま採用。悪→飛び組に差し替え。circle_pct上位2艇に絞り込むこと。'}",,,32.2,逃げ狙い,22.03,36.5,2,,,,,,,,,,,
2026-04-13,丸亀,10,6,中澤宏奈,B2,39.39,6,,1.0711,5.6,40,27.3,0.17,3.8864,,,0,低,56,0,-,252 32,0,51.5,1.1583,,,,,,0.05,0,0.4,,,C,,,0.2497,0.5985,,0.5072,S,90,0,◎1着固定 2-3着流し（5〜8点）,0.5777,"{'is_target': True, 'verdict': '点数絞り', 'max_combo_prob': 0.0991, 'est_top_odds': 13.5, 'circle_concentration': 71.4, 'eligible_count': 6, 'bet_adj': 0, 'reason': 'rel_win1=57.0%（本命度） / 最有力組み合わせ確率: 0.099（推定実オッズ?14倍） / 2着集中度: 上位2艇 71.4%（補正+0.04） / 総合判定確率: 0.139 / → ヒモはやや固め。上位2艇以外を切ること', 'tenji_trigger': '展示確認: 1号艇伸び良→そのまま採用。悪→飛び組に差し替え。circle_pct上位2艇に絞り込むこと。'}",,,32.2,逃げ狙い,22.03,36.5,2,,,,,,,,,,,
2026-04-13,丸亀,11,1,徳増秀樹,A1,26.81,1,◎,61.0362,,0,87.5,0.1475,3.0804,,,0,低,35,0,逃1%,12411,0,88.3,1.1391,0.6667,,,,,0.0694,0.0296,0.0444,◎,,D,◎,,,0.67,,0.5538,S,95,0,◎1着固定 2-3着流し（5〜8点）,0.5777,"{'is_target': True, 'verdict': '点数絞り', 'max_combo_prob': 0.0858, 'est_top_odds': 15.5, 'circle_concentration': 70.7, 'eligible_count': 6, 'bet_adj': 0, 'reason': 'rel_win1=61.0%（本命度） / 最有力組み合わせ確率: 0.086（推定実オッズ?16倍） / 2着集中度: 上位2艇 70.7%（補正+0.04） / 総合判定確率: 0.126 / → ヒモはやや固め。上位2艇以外を切ること', 'tenji_trigger': '展示確認: 1号艇伸び良→そのまま採用。悪→飛び組に差し替え。circle_pct上位2艇に絞り込むこと。'}",,,25.3,逃げ狙い,13.55,24.1,2,,,,,0,0,0.7559,0,,逃げ軸流し,A
2026-04-13,丸亀,11,2,是澤孝宏,A2,35.66,2,▲,17.7325,39.5,54,61.4,0.1657,3.4143,,,0,低,125,0,差0%,411 16,0,20.4,0.6241,0,0.1389,0,0,0,0.1625,0.0125,0.0375,,,C,,,0.1499,0.6235,,0.5538,S,95,0,◎1着固定 2-3着流し（5〜8点）,0.5777,"{'is_target': True, 'verdict': '点数絞り', 'max_combo_prob': 0.0858, 'est_top_odds': 15.5, 'circle_concentration': 70.7, 'eligible_count': 6, 'bet_adj': 0, 'reason': 'rel_win1=61.0%（本命度） / 最有力組み合わせ確率: 0.086（推定実オッズ?16倍） / 2着集中度: 上位2艇 70.7%（補正+0.04） / 総合判定確率: 0.126 / → ヒモはやや固め。上位2艇以外を切ること', 'tenji_trigger': '展示確認: 1号艇伸び良→そのまま採用。悪→飛び組に差し替え。circle_pct上位2艇に絞り込むこと。'}",,,25.3,逃げ狙い,13.55,24.1,2,,,,,,,,,,,
2026-04-13,丸亀,11,3,村田修次,A2,33.85,3,○,8.9303,31.2,80,69.4,0.1441,2.9592,,,0,低,93,0,ま0% 差ま0%,232 25,0,55.8,1.1881,0,0,0.1,0.05,0,0.0625,0.1107,0.2214,,,C,△,,0.3144,0.6435,,0.5538,S,95,0,◎1着固定 2-3着流し（5〜8点）,0.5777,"{'is_target': True, 'verdict': '点数絞り', 'max_combo_prob': 0.0858, 'est_top_odds': 15.5, 'circle_concentration': 70.7, 'eligible_count': 6, 'bet_adj': 0, 'reason': 'rel_win1=61.0%（本命度） / 最有力組み合わせ確率: 0.086（推定実オッズ?16倍） / 2着集中度: 上位2艇 70.7%（補正+0.04） / 総合判定確率: 0.126 / → ヒモはやや固め。上位2艇以外を切ること', 'tenji_trigger': '展示確認: 1号艇伸び良→そのまま採用。悪→飛び組に差し替え。circle_pct上位2艇に絞り込むこと。'}",,,25.3,逃げ狙い,13.55,24.1,2,,,,,,,,,,,
2026-04-13,丸亀,11,4,吉永泰弘,B1,56.69,4,△,4.8576,9.4,57,39.5,0.1784,3.6977,,,0,低,137,0,-,5 153,0,59.3,0.7615,0,0,0,0.0556,0,0.2376,0.4541,0.0235,,,A,○,,0.1658,0.6525,,0.5538,S,95,0,◎1着固定 2-3着流し（5〜8点）,0.5777,"{'is_target': True, 'verdict': '点数絞り', 'max_combo_prob': 0.0858, 'est_top_odds': 15.5, 'circle_concentration': 70.7, 'eligible_count': 6, 'bet_adj': 0, 'reason': 'rel_win1=61.0%（本命度） / 最有力組み合わせ確率: 0.086（推定実オッズ?16倍） / 2着集中度: 上位2艇 70.7%（補正+0.04） / 総合判定確率: 0.126 / → ヒモはやや固め。上位2艇以外を切ること', 'tenji_trigger': '展示確認: 1号艇伸び良→そのまま採用。悪→飛び組に差し替え。circle_pct上位2艇に絞り込むこと。'}",,,25.3,逃げ狙い,13.55,24.1,2,,,,,,,,,,,
2026-04-13,丸亀,11,5,市橋卓士,A1,25.19,5,,4.6207,14.2,100,57.4,0.1483,3.1667,,,0,低,93,0,差ま0%,363622,0,87.6,1.535,0,0,0,0.0357,0,0.1045,0.0879,0.0795,,,E,,,0.2796,0.6155,,0.5538,S,95,0,◎1着固定 2-3着流し（5〜8点）,0.5777,"{'is_target': True, 'verdict': '点数絞り', 'max_combo_prob': 0.0858, 'est_top_odds': 15.5, 'circle_concentration': 70.7, 'eligible_count': 6, 'bet_adj': 0, 'reason': 'rel_win1=61.0%（本命度） / 最有力組み合わせ確率: 0.086（推定実オッズ?16倍） / 2着集中度: 上位2艇 70.7%（補正+0.04） / 総合判定確率: 0.126 / → ヒモはやや固め。上位2艇以外を切ること', 'tenji_trigger': '展示確認: 1号艇伸び良→そのまま採用。悪→飛び組に差し替え。circle_pct上位2艇に絞り込むこと。'}",,,25.3,逃げ狙い,13.55,24.1,2,,,,,,,,,,,
2026-04-13,丸亀,11,6,杉山喜一,B1,35.94,6,,2.8228,5.7,44,27.7,0.1649,3.9468,,,0,低,91,0,差ま0%,2 445,0,33.5,1.1858,0,0,0,0.0526,0,0.0471,0.6382,0,,,C,△,,0.2322,0.625,,0.5538,S,95,0,◎1着固定 2-3着流し（5〜8点）,0.5777,"{'is_target': True, 'verdict': '点数絞り', 'max_combo_prob': 0.0858, 'est_top_odds': 15.5, 'circle_concentration': 70.7, 'eligible_count': 6, 'bet_adj': 0, 'reason': 'rel_win1=61.0%（本命度） / 最有力組み合わせ確率: 0.086（推定実オッズ?16倍） / 2着集中度: 上位2艇 70.7%（補正+0.04） / 総合判定確率: 0.126 / → ヒモはやや固め。上位2艇以外を切ること', 'tenji_trigger': '展示確認: 1号艇伸び良→そのまま採用。悪→飛び組に差し替え。circle_pct上位2艇に絞り込むこと。'}",,,25.3,逃げ狙い,13.55,24.1,2,,,,,,,,,,,
2026-04-13,丸亀,12,1,入澤友治,A2,25.40,1,◎,57.0424,,0,72.3,0.1593,3.3133,,,0,低,126,0,逃1%,6 2652,0,69,0.9668,0.6,,,,,0.0943,0.0943,0.2486,○,,D,,,,0.595,,0.4172,B,59,0,◎○△フォーメーション（15〜20点）,0.5777,"{'is_target': True, 'verdict': '点数絞り', 'max_combo_prob': 0.1052, 'est_top_odds': 12.7, 'circle_concentration': 82.7, 'eligible_count': 9, 'bet_adj': 0, 'reason': 'rel_win1=57.0%（本命度） / 最有力組み合わせ確率: 0.105（推定実オッズ?13倍） / 2着集中度: 上位2艇 82.7%（補正+0.04） / 総合判定確率: 0.145 / → ヒモはやや固め。上位2艇以外を切ること', 'tenji_trigger': '展示確認: 1号艇伸び良→そのまま採用。悪→飛び組に差し替え。circle_pct上位2艇に絞り込むこと。'}",,,29.4,両建て推奨,18.85,31.4,3,,,,,0,0,0.6155,0,,逃げ軸流し,A
2026-04-13,丸亀,12,2,武重雄介,A2,30.53,2,,14.5034,54.7,100,79,0.1615,3.0484,,,0,低,119,0,-,6 455,0,86.2,1.4928,0,0.087,0.087,0,0,0.1657,0,0.0343,,,C,△,,0.3125,0.6375,,0.4172,B,59,0,◎○△フォーメーション（15〜20点）,0.5777,"{'is_target': True, 'verdict': '点数絞り', 'max_combo_prob': 0.1052, 'est_top_odds': 12.7, 'circle_concentration': 82.7, 'eligible_count': 9, 'bet_adj': 0, 'reason': 'rel_win1=57.0%（本命度） / 最有力組み合わせ確率: 0.105（推定実オッズ?13倍） / 2着集中度: 上位2艇 82.7%（補正+0.04） / 総合判定確率: 0.145 / → ヒモはやや固め。上位2艇以外を切ること', 'tenji_trigger': '展示確認: 1号艇伸び良→そのまま採用。悪→飛び組に差し替え。circle_pct上位2艇に絞り込むこと。'}",,,29.4,両建て推奨,18.85,31.4,3,,,,,,,,,,,
2026-04-13,丸亀,12,3,今井裕梨,A2,32.03,3,△,13.9908,28,62,58.3,0.1442,2.4792,,,0,低,38,0,差ま0%,1 263,0,50.7,1.1819,0,0,0,0.125,0,0.1818,0.0909,0.1818,,△,C,○,,0.3971,0.6515,,0.4172,B,59,0,◎○△フォーメーション（15〜20点）,0.5777,"{'is_target': True, 'verdict': '点数絞り', 'max_combo_prob': 0.1052, 'est_top_odds': 12.7, 'circle_concentration': 82.7, 'eligible_count': 9, 'bet_adj': 0, 'reason': 'rel_win1=57.0%（本命度） / 最有力組み合わせ確率: 0.105（推定実オッズ?13倍） / 2着集中度: 上位2艇 82.7%（補正+0.04） / 総合判定確率: 0.145 / → ヒモはやや固め。上位2艇以外を切ること', 'tenji_trigger': '展示確認: 1号艇伸び良→そのまま採用。悪→飛び組に差し替え。circle_pct上位2艇に絞り込むこと。'}",,,29.4,両建て推奨,18.85,31.4,3,,,,,,,,,,,
2026-04-13,丸亀,12,4,谷口　丞,B1,45.24,4,○,8.6297,8.5,79,32,0.1324,2.58,,,0,低,67,0,ま0% 抜0%,456 55,0,27.3,0.7934,0,0,0.0476,0,0.0476,0,0.3333,0.3333,,○,A,,,0.4045,0.536,,0.4172,B,59,0,◎○△フォーメーション（15〜20点）,0.5777,"{'is_target': True, 'verdict': '点数絞り', 'max_combo_prob': 0.1052, 'est_top_odds': 12.7, 'circle_concentration': 82.7, 'eligible_count': 9, 'bet_adj': 0, 'reason': 'rel_win1=57.0%（本命度） / 最有力組み合わせ確率: 0.105（推定実オッズ?13倍） / 2着集中度: 上位2艇 82.7%（補正+0.04） / 総合判定確率: 0.145 / → ヒモはやや固め。上位2艇以外を切ること', 'tenji_trigger': '展示確認: 1号艇伸び良→そのまま採用。悪→飛び組に差し替え。circle_pct上位2艇に絞り込むこと。'}",,,29.4,両建て推奨,18.85,31.4,3,,,,,,,,,,,
2026-04-13,丸亀,12,5,榮田将彦,B1,33.85,5,▲,4.7917,4.6,92,31.8,0.1286,2.4545,,,0,低,41,0,-,642 23,0,48,1.0148,,,,,,0.28,0.0533,0.0267,,◎,B,◎,,0.4249,0.6605,,0.4172,B,59,0,◎○△フォーメーション（15〜20点）,0.5777,"{'is_target': True, 'verdict': '点数絞り', 'max_combo_prob': 0.1052, 'est_top_odds': 12.7, 'circle_concentration': 82.7, 'eligible_count': 9, 'bet_adj': 0, 'reason': 'rel_win1=57.0%（本命度） / 最有力組み合わせ確率: 0.105（推定実オッズ?13倍） / 2着集中度: 上位2艇 82.7%（補正+0.04） / 総合判定確率: 0.145 / → ヒモはやや固め。上位2艇以外を切ること', 'tenji_trigger': '展示確認: 1号艇伸び良→そのまま採用。悪→飛び組に差し替え。circle_pct上位2艇に絞り込むこと。'}",,,29.4,両建て推奨,18.85,31.4,3,,,,,,,,,,,
2026-04-13,丸亀,12,6,松山裕基,B1,22.90,6,,1.0419,4.2,40,20.9,0.1633,3.8488,,,0,低,100,0,-,143 44,0,32,0.8781,,,,,,0.0696,0.2417,0.3096,,,E,△,,0.3114,0.6065,,0.4172,B,59,0,◎○△フォーメーション（15〜20点）,0.5777,"{'is_target': True, 'verdict': '点数絞り', 'max_combo_prob': 0.1052, 'est_top_odds': 12.7, 'circle_concentration': 82.7, 'eligible_count': 9, 'bet_adj': 0, 'reason': 'rel_win1=57.0%（本命度） / 最有力組み合わせ確率: 0.105（推定実オッズ?13倍） / 2着集中度: 上位2艇 82.7%（補正+0.04） / 総合判定確率: 0.145 / → ヒモはやや固め。上位2艇以外を切ること', 'tenji_trigger': '展示確認: 1号艇伸び良→そのまま採用。悪→飛び組に差し替え。circle_pct上位2艇に絞り込むこと。'}",,,29.4,両建て推奨,18.85,31.4,3,,,,,,,,,,,
2026-04-14,丸亀,1,1,吉永泰弘,B1,56.69,1,◎,57.2955,,0,80.5,0.141,2.9512,,,0,低,137,0,逃0%,5 153,0,78.2,0.8913,0.3529,,,,,0.2376,0.4541,0.0235,◎,,A,◎,,,0.6525,,0.4595,A,72,0,◎-○軸 3着3〜4艇流し（10〜15点）,0.5777,"{'is_target': True, 'verdict': '参加推奨', 'max_combo_prob': 0.0822, 'est_top_odds': 16.2, 'circle_concentration': 69.7, 'eligible_count': 8, 'bet_adj': 2, 'reason': 'rel_win1=57.3%（本命度） / 最有力組み合わせ確率: 0.082（推定実オッズ?16倍） / 2着集中度: 上位2艇 69.7%（補正+0.00） / 総合判定確率: 0.082 / → ヒモ分散。1号艇1着固定で広めのヒモ流し推奨（買い目+2点）', 'tenji_trigger': '展示確認: ヒモ分散レース。1号艇伸び確認後、広めのヒモ流しを採用。穴ヒモ（5・6号艇）を積極的に含める。'}",,,29.3,逃げ狙い,9.63,39,2,,,,,0,0,0.7559,0,,逃げ軸流し,A
2026-04-14,丸亀,1,2,松下誉士,B1,26.92,2,,13.6058,37.3,81,51.2,0.1978,4.7195,,,0,低,189,0,差0% ま0%,6 614,0,36.2,0.8702,0,0.0882,0.0588,0,0,0.3405,0.169,0.2714,,,D,○,,0.1041,0.6275,,0.4595,A,72,0,◎-○軸 3着3〜4艇流し（10〜15点）,0.5777,"{'is_target': True, 'verdict': '参加推奨', 'max_combo_prob': 0.0822, 'est_top_odds': 16.2, 'circle_concentration': 69.7, 'eligible_count': 8, 'bet_adj': 2, 'reason': 'rel_win1=57.3%（本命度） / 最有力組み合わせ確率: 0.082（推定実オッズ?16倍） / 2着集中度: 上位2艇 69.7%（補正+0.00） / 総合判定確率: 0.082 / → ヒモ分散。1号艇1着固定で広めのヒモ流し推奨（買い目+2点）', 'tenji_trigger': '展示確認: ヒモ分散レース。1号艇伸び確認後、広めのヒモ流しを採用。穴ヒモ（5・6号艇）を積極的に含める。'}",,,29.3,逃げ狙い,9.63,39,2,,,,,,,,,,,
2026-04-14,丸亀,1,3,乙津康志,B1,27.56,3,▲,10.7156,32.4,100,52.4,0.176,3.8016,,,0,低,167,0,差0% 差ま0% 抜0%,1 316,0,49,1.0138,0,0.0741,0,0.037,0.037,0.1,0.18,0.42,,,C,△,,0.1703,0.596,,0.4595,A,72,0,◎-○軸 3着3〜4艇流し（10〜15点）,0.5777,"{'is_target': True, 'verdict': '参加推奨', 'max_combo_prob': 0.0822, 'est_top_odds': 16.2, 'circle_concentration': 69.7, 'eligible_count': 8, 'bet_adj': 2, 'reason': 'rel_win1=57.3%（本命度） / 最有力組み合わせ確率: 0.082（推定実オッズ?16倍） / 2着集中度: 上位2艇 69.7%（補正+0.00） / 総合判定確率: 0.082 / → ヒモ分散。1号艇1着固定で広めのヒモ流し推奨（買い目+2点）', 'tenji_trigger': '展示確認: ヒモ分散レース。1号艇伸び確認後、広めのヒモ流しを採用。穴ヒモ（5・6号艇）を積極的に含める。'}",,,29.3,逃げ狙い,9.63,39,2,,,,,,,,,,,
2026-04-14,丸亀,1,4,本吉正樹,B1,25.76,4,,12.2829,12,63,39.7,0.1829,4.0862,,,0,低,152,0,差0% 差ま0%,2 426,0,62.4,1.0577,0,0.08,0,0.04,0,0.175,0.2643,0.0143,,,E,△,◎,0.1952,0.585,0.2286,0.4595,A,72,0,◎-○軸 3着3〜4艇流し（10〜15点）,0.5777,"{'is_target': True, 'verdict': '参加推奨', 'max_combo_prob': 0.0822, 'est_top_odds': 16.2, 'circle_concentration': 69.7, 'eligible_count': 8, 'bet_adj': 2, 'reason': 'rel_win1=57.3%（本命度） / 最有力組み合わせ確率: 0.082（推定実オッズ?16倍） / 2着集中度: 上位2艇 69.7%（補正+0.00） / 総合判定確率: 0.082 / → ヒモ分散。1号艇1着固定で広めのヒモ流し推奨（買い目+2点）', 'tenji_trigger': '展示確認: ヒモ分散レース。1号艇伸び確認後、広めのヒモ流しを採用。穴ヒモ（5・6号艇）を積極的に含める。'}",,,29.3,逃げ狙い,9.63,39,2,,,,,,,,,,,
2026-04-14,丸亀,1,5,須藤隆雄,B1,26.98,5,△,4.5822,14.5,57,20.4,0.1696,3.3265,,,0,低,110,0,差ま0%,652 45,0,34.8,0.6888,0,0,0,0.04,0,0.1364,0.0909,0.6455,,,D,△,,0.26,0.585,,0.4595,A,72,0,◎-○軸 3着3〜4艇流し（10〜15点）,0.5777,"{'is_target': True, 'verdict': '参加推奨', 'max_combo_prob': 0.0822, 'est_top_odds': 16.2, 'circle_concentration': 69.7, 'eligible_count': 8, 'bet_adj': 2, 'reason': 'rel_win1=57.3%（本命度） / 最有力組み合わせ確率: 0.082（推定実オッズ?16倍） / 2着集中度: 上位2艇 69.7%（補正+0.00） / 総合判定確率: 0.082 / → ヒモ分散。1号艇1着固定で広めのヒモ流し推奨（買い目+2点）', 'tenji_trigger': '展示確認: ヒモ分散レース。1号艇伸び確認後、広めのヒモ流しを採用。穴ヒモ（5・6号艇）を積極的に含める。'}",,,29.3,逃げ狙い,9.63,39,2,,,,,,,,,,,
2026-04-14,丸亀,1,6,田添康介,B1,48.84,6,○,1.518,3.8,40,19.1,0.1598,3.2738,,,0,低,78,0,-,5 6 36,0,23.4,0.5294,,,,,,0.375,0.375,0,,,B,,,0.3221,0.5535,,0.4595,A,72,0,◎-○軸 3着3〜4艇流し（10〜15点）,0.5777,"{'is_target': True, 'verdict': '参加推奨', 'max_combo_prob': 0.0822, 'est_top_odds': 16.2, 'circle_concentration': 69.7, 'eligible_count': 8, 'bet_adj': 2, 'reason': 'rel_win1=57.3%（本命度） / 最有力組み合わせ確率: 0.082（推定実オッズ?16倍） / 2着集中度: 上位2艇 69.7%（補正+0.00） / 総合判定確率: 0.082 / → ヒモ分散。1号艇1着固定で広めのヒモ流し推奨（買い目+2点）', 'tenji_trigger': '展示確認: ヒモ分散レース。1号艇伸び確認後、広めのヒモ流しを採用。穴ヒモ（5・6号艇）を積極的に含める。'}",,,29.3,逃げ狙い,9.63,39,2,,,,,,,,,,,
2026-04-14,丸亀,2,1,松山裕基,B1,22.90,1,◎,45.472,,0,64.1,0.1395,2.3846,,,0,低,100,0,逃0%,143 44,0,62.8,0.8374,0.3043,,,,,0.0696,0.2417,0.3096,○,,E,△,,,0.6065,,0.4152,B,51,0,◎○△フォーメーション（15〜20点）,0.5777,"{'is_target': True, 'verdict': '参加推奨', 'max_combo_prob': 0.0462, 'est_top_odds': 28.9, 'circle_concentration': 72.0, 'eligible_count': 9, 'bet_adj': 2, 'reason': 'rel_win1=45.5%（本命度） / 最有力組み合わせ確率: 0.046（推定実オッズ?29倍） / 2着集中度: 上位2艇 72.0%（補正+0.04） / 総合判定確率: 0.086 / → ヒモ分散。1号艇1着固定で広めのヒモ流し推奨（買い目+2点）', 'tenji_trigger': '展示確認: ヒモ分散レース。1号艇伸び確認後、広めのヒモ流しを採用。穴ヒモ（5・6号艇）を積極的に含める。\n展示で1号艇スタート超安定(0.140秒)→ヒモ固まり方向に注意'}",,,28.6,両建て推奨,14.49,32.8,3,,,,,0,0,0.6155,0,,主役軸流し,B
2026-04-14,丸亀,2,2,奥村明日,B1,50.00,2,▲,11.5907,34.5,100,51.5,0.1894,3.4545,,,0,低,83,0,-,335 41,0,84.6,0.6266,0,0,0.0909,0,0,0.6,0.1,0,,,A,,,0.0729,0.5175,,0.4152,B,51,0,◎○△フォーメーション（15〜20点）,0.5777,"{'is_target': True, 'verdict': '参加推奨', 'max_combo_prob': 0.0462, 'est_top_odds': 28.9, 'circle_concentration': 72.0, 'eligible_count': 9, 'bet_adj': 2, 'reason': 'rel_win1=45.5%（本命度） / 最有力組み合わせ確率: 0.046（推定実オッズ?29倍） / 2着集中度: 上位2艇 72.0%（補正+0.04） / 総合判定確率: 0.086 / → ヒモ分散。1号艇1着固定で広めのヒモ流し推奨（買い目+2点）', 'tenji_trigger': '展示確認: ヒモ分散レース。1号艇伸び確認後、広めのヒモ流しを採用。穴ヒモ（5・6号艇）を積極的に含める。\n展示で1号艇スタート超安定(0.140秒)→ヒモ固まり方向に注意'}",,,28.6,両建て推奨,14.49,32.8,3,,,,,,,,,,,
2026-04-14,丸亀,2,3,榮田将彦,B1,33.85,3,○,20.5095,37.5,81,61.4,0.113,1.9545,,,0,低,41,0,ま0% 差ま0% 抜0%,642 23,0,75.6,1.4215,0,0,0.0952,0.0952,0.0476,0.28,0.0533,0.0267,,◎,C,○,,0.4652,0.6605,,0.4152,B,51,0,◎○△フォーメーション（15〜20点）,0.5777,"{'is_target': True, 'verdict': '参加推奨', 'max_combo_prob': 0.0462, 'est_top_odds': 28.9, 'circle_concentration': 72.0, 'eligible_count': 9, 'bet_adj': 2, 'reason': 'rel_win1=45.5%（本命度） / 最有力組み合わせ確率: 0.046（推定実オッズ?29倍） / 2着集中度: 上位2艇 72.0%（補正+0.04） / 総合判定確率: 0.086 / → ヒモ分散。1号艇1着固定で広めのヒモ流し推奨（買い目+2点）', 'tenji_trigger': '展示確認: ヒモ分散レース。1号艇伸び確認後、広めのヒモ流しを採用。穴ヒモ（5・6号艇）を積極的に含める。\n展示で1号艇スタート超安定(0.140秒)→ヒモ固まり方向に注意'}",,,28.6,両建て推奨,14.49,32.8,3,,,,,,,,,,,
2026-04-14,丸亀,2,4,森林　太,B1,25.00,4,,7.8255,14.3,94,34.5,0.1905,4.1379,,,0,低,204,0,-,545 56,0,35.8,0.8094,0,0.04,0,0.04,0,0.0667,0.3556,0.1222,,,D,,,0.1432,0.555,,0.4152,B,51,0,◎○△フォーメーション（15〜20点）,0.5777,"{'is_target': True, 'verdict': '参加推奨', 'max_combo_prob': 0.0462, 'est_top_odds': 28.9, 'circle_concentration': 72.0, 'eligible_count': 9, 'bet_adj': 2, 'reason': 'rel_win1=45.5%（本命度） / 最有力組み合わせ確率: 0.046（推定実オッズ?29倍） / 2着集中度: 上位2艇 72.0%（補正+0.04） / 総合判定確率: 0.086 / → ヒモ分散。1号艇1着固定で広めのヒモ流し推奨（買い目+2点）', 'tenji_trigger': '展示確認: ヒモ分散レース。1号艇伸び確認後、広めのヒモ流しを採用。穴ヒモ（5・6号艇）を積極的に含める。\n展示で1号艇スタート超安定(0.140秒)→ヒモ固まり方向に注意'}",,,28.6,両建て推奨,14.49,32.8,3,,,,,,,,,,,
2026-04-14,丸亀,2,5,上瀧絢也,B2,38.81,5,△,7.7335,8.9,89,31.6,0.1532,2.8684,,,0,低,78,0,-,1 566,0,27.1,0.5645,0,0,0,0.0833,0,0.0923,0.2423,0,,,B,△,,0.2871,0.595,,0.4152,B,51,0,◎○△フォーメーション（15〜20点）,0.5777,"{'is_target': True, 'verdict': '参加推奨', 'max_combo_prob': 0.0462, 'est_top_odds': 28.9, 'circle_concentration': 72.0, 'eligible_count': 9, 'bet_adj': 2, 'reason': 'rel_win1=45.5%（本命度） / 最有力組み合わせ確率: 0.046（推定実オッズ?29倍） / 2着集中度: 上位2艇 72.0%（補正+0.04） / 総合判定確率: 0.086 / → ヒモ分散。1号艇1着固定で広めのヒモ流し推奨（買い目+2点）', 'tenji_trigger': '展示確認: ヒモ分散レース。1号艇伸び確認後、広めのヒモ流しを採用。穴ヒモ（5・6号艇）を積極的に含める。\n展示で1号艇スタート超安定(0.140秒)→ヒモ固まり方向に注意'}",,,28.6,両建て推奨,14.49,32.8,3,,,,,,,,,,,
2026-04-14,丸亀,2,6,森永　淳,A1,23.85,6,,6.8689,4.8,86,33.3,0.1397,2.8462,,,0,低,52,0,ま0% 差ま0%,35114,0,25.4,1.5181,0,0,0.1111,0.0556,0,0,0.1351,0.0811,,,D,◎,,0.3432,0.702,,0.4152,B,51,0,◎○△フォーメーション（15〜20点）,0.5777,"{'is_target': True, 'verdict': '参加推奨', 'max_combo_prob': 0.0462, 'est_top_odds': 28.9, 'circle_concentration': 72.0, 'eligible_count': 9, 'bet_adj': 2, 'reason': 'rel_win1=45.5%（本命度） / 最有力組み合わせ確率: 0.046（推定実オッズ?29倍） / 2着集中度: 上位2艇 72.0%（補正+0.04） / 総合判定確率: 0.086 / → ヒモ分散。1号艇1着固定で広めのヒモ流し推奨（買い目+2点）', 'tenji_trigger': '展示確認: ヒモ分散レース。1号艇伸び確認後、広めのヒモ流しを採用。穴ヒモ（5・6号艇）を積極的に含める。\n展示で1号艇スタート超安定(0.140秒)→ヒモ固まり方向に注意'}",,,28.6,両建て推奨,14.49,32.8,3,,,,,,,,,,,
2026-04-14,丸亀,3,1,中澤宏奈,B2,39.39,1,◎,52.2723,,0,86.2,0.1803,3.7414,,,0,低,56,0,逃1%,252 32,0,81.9,1.0918,0.625,,,,,0.05,0,0.4,△,,A,△,,,0.5985,,0.3246,A,69,0,◎-○軸 3着3〜4艇流し（10〜15点）,0.5777,"{'is_target': True, 'verdict': '参加推奨', 'max_combo_prob': 0.0772, 'est_top_odds': 17.3, 'circle_concentration': 79.5, 'eligible_count': 8, 'bet_adj': 2, 'reason': 'rel_win1=52.3%（本命度） / 最有力組み合わせ確率: 0.077（推定実オッズ?17倍） / 2着集中度: 上位2艇 79.5%（補正+0.04） / 総合判定確率: 0.117 / → ヒモ分散。1号艇1着固定で広めのヒモ流し推奨（買い目+2点）', 'tenji_trigger': '展示確認: ヒモ分散レース。1号艇伸び確認後、広めのヒモ流しを採用。穴ヒモ（5・6号艇）を積極的に含める。\n展示で1号艇スタート遅め(0.180秒)確認→ヒモが荒れやすい'}",,,33.6,逃げ狙い,15.8,31.6,5,2-1-3|1-2-5|2-1-5|1-2-3|1-3-5|1-3-2,5-1-6|5-6-1|6-1-3|2-1-3|6-3-1|5-1-3|6-1-5|1-2-5|2-1-5|1-2-3|1-3-5|1-3-2,2-1-3:2.99%|1-2-5:9.52%|2-1-5:9.1%|1-2-3:7.67%|1-3-5:6.63%|1-3-2:5.86%,2-1-3:B_main|1-2-5:A|2-1-5:B_sc|1-2-3:A|1-3-5:A|1-3-2:A,6,12,0.4535,1,[!]見送り推奨（主役決まり手「差し」― 逃げ劣勢レースで的中実績なし）,荒れ広め,D
2026-04-14,丸亀,3,2,堀本和也,A1,28.70,2,○,13.6011,49.4,61,65.1,0.1344,3.0465,,,0,低,22,0,-,223 42,0,33.7,0.6262,0,0.1,0,0,0,0.04,0.04,0.12,,◎,C,◎,,0.5723,0.769,,0.3246,A,69,0,◎-○軸 3着3〜4艇流し（10〜15点）,0.5777,"{'is_target': True, 'verdict': '参加推奨', 'max_combo_prob': 0.0772, 'est_top_odds': 17.3, 'circle_concentration': 79.5, 'eligible_count': 8, 'bet_adj': 2, 'reason': 'rel_win1=52.3%（本命度） / 最有力組み合わせ確率: 0.077（推定実オッズ?17倍） / 2着集中度: 上位2艇 79.5%（補正+0.04） / 総合判定確率: 0.117 / → ヒモ分散。1号艇1着固定で広めのヒモ流し推奨（買い目+2点）', 'tenji_trigger': '展示確認: ヒモ分散レース。1号艇伸び確認後、広めのヒモ流しを採用。穴ヒモ（5・6号艇）を積極的に含める。\n展示で1号艇スタート遅め(0.180秒)確認→ヒモが荒れやすい'}",,,33.6,逃げ狙い,15.8,31.6,5,,,,,,,,,,,
2026-04-14,丸亀,3,3,小野寺智,B1,27.69,3,▲,10.4971,30.2,100,75,0.1383,2.5865,,,0,低,79,0,ま0%,126 14,0,34.8,0.8471,0,0,0.0455,0.0455,0,0.1217,0.0174,0.3096,,○,D,○,,0.4622,0.6185,,0.3246,A,69,0,◎-○軸 3着3〜4艇流し（10〜15点）,0.5777,"{'is_target': True, 'verdict': '参加推奨', 'max_combo_prob': 0.0772, 'est_top_odds': 17.3, 'circle_concentration': 79.5, 'eligible_count': 8, 'bet_adj': 2, 'reason': 'rel_win1=52.3%（本命度） / 最有力組み合わせ確率: 0.077（推定実オッズ?17倍） / 2着集中度: 上位2艇 79.5%（補正+0.04） / 総合判定確率: 0.117 / → ヒモ分散。1号艇1着固定で広めのヒモ流し推奨（買い目+2点）', 'tenji_trigger': '展示確認: ヒモ分散レース。1号艇伸び確認後、広めのヒモ流しを採用。穴ヒモ（5・6号艇）を積極的に含める。\n展示で1号艇スタート遅め(0.180秒)確認→ヒモが荒れやすい'}",,,33.6,逃げ狙い,15.8,31.6,5,,,,,,,,,,,
2026-04-14,丸亀,3,4,深見亜由,B2,34.88,4,△,8.8412,7.5,89,10,0.201,4,,,0,低,23,1,-,5 442,0,20.6,0.6951,,,,,,0.36,0.64,0,,,B,,,0.2324,0.497,,0.3246,A,69,0,◎-○軸 3着3〜4艇流し（10〜15点）,0.5777,"{'is_target': True, 'verdict': '参加推奨', 'max_combo_prob': 0.0772, 'est_top_odds': 17.3, 'circle_concentration': 79.5, 'eligible_count': 8, 'bet_adj': 2, 'reason': 'rel_win1=52.3%（本命度） / 最有力組み合わせ確率: 0.077（推定実オッズ?17倍） / 2着集中度: 上位2艇 79.5%（補正+0.04） / 総合判定確率: 0.117 / → ヒモ分散。1号艇1着固定で広めのヒモ流し推奨（買い目+2点）', 'tenji_trigger': '展示確認: ヒモ分散レース。1号艇伸び確認後、広めのヒモ流しを採用。穴ヒモ（5・6号艇）を積極的に含める。\n展示で1号艇スタート遅め(0.180秒)確認→ヒモが荒れやすい'}",,,33.6,逃げ狙い,15.8,31.6,5,,,,,,,,,,,
2026-04-14,丸亀,3,5,入澤友治,A2,25.40,5,,12.5243,10.4,61,42.1,0.1518,3.0987,,,0,低,126,0,差0% ま0% 差ま0%,6 2652,0,86.2,1.4676,0,0.0294,0.0588,0.0588,0,0.0943,0.0943,0.2486,,,E,,◎,0.3824,0.595,0.3926,0.3246,A,69,0,◎-○軸 3着3〜4艇流し（10〜15点）,0.5777,"{'is_target': True, 'verdict': '参加推奨', 'max_combo_prob': 0.0772, 'est_top_odds': 17.3, 'circle_concentration': 79.5, 'eligible_count': 8, 'bet_adj': 2, 'reason': 'rel_win1=52.3%（本命度） / 最有力組み合わせ確率: 0.077（推定実オッズ?17倍） / 2着集中度: 上位2艇 79.5%（補正+0.04） / 総合判定確率: 0.117 / → ヒモ分散。1号艇1着固定で広めのヒモ流し推奨（買い目+2点）', 'tenji_trigger': '展示確認: ヒモ分散レース。1号艇伸び確認後、広めのヒモ流しを採用。穴ヒモ（5・6号艇）を積極的に含める。\n展示で1号艇スタート遅め(0.180秒)確認→ヒモが荒れやすい'}",,,33.6,逃げ狙い,15.8,31.6,5,,,,,,,,,,,
2026-04-14,丸亀,3,6,岩永雅人,A2,27.07,6,,2.264,2.6,84,36.5,0.1712,4.1824,,,0,低,153,0,-,1 133,0,23.3,0.7508,0,0,0,0.0303,0,0.01,0.155,0.07,,,D,△,,0.3091,0.61,,0.3246,A,69,0,◎-○軸 3着3〜4艇流し（10〜15点）,0.5777,"{'is_target': True, 'verdict': '参加推奨', 'max_combo_prob': 0.0772, 'est_top_odds': 17.3, 'circle_concentration': 79.5, 'eligible_count': 8, 'bet_adj': 2, 'reason': 'rel_win1=52.3%（本命度） / 最有力組み合わせ確率: 0.077（推定実オッズ?17倍） / 2着集中度: 上位2艇 79.5%（補正+0.04） / 総合判定確率: 0.117 / → ヒモ分散。1号艇1着固定で広めのヒモ流し推奨（買い目+2点）', 'tenji_trigger': '展示確認: ヒモ分散レース。1号艇伸び確認後、広めのヒモ流しを採用。穴ヒモ（5・6号艇）を積極的に含める。\n展示で1号艇スタート遅め(0.180秒)確認→ヒモが荒れやすい'}",,,33.6,逃げ狙い,15.8,31.6,5,,,,,,,,,,,
2026-04-14,丸亀,4,1,村田修次,A2,33.85,1,◎,59.8443,,0,87.3,0.157,2.9366,,,0,低,93,0,逃1%,232 25,0,100,1.4387,0.6562,,,,,0.0625,0.1107,0.2214,◎,,C,○,,,0.6435,,0.5432,S,83,0,◎1着固定 2-3着流し（5〜8点）,0.5777,"{'is_target': True, 'verdict': '参加推奨', 'max_combo_prob': 0.0913, 'est_top_odds': 14.6, 'circle_concentration': 65.3, 'eligible_count': 6, 'bet_adj': 2, 'reason': 'rel_win1=59.8%（本命度） / 最有力組み合わせ確率: 0.091（推定実オッズ?15倍） / 2着集中度: 上位2艇 65.3%（補正+0.00） / 総合判定確率: 0.091 / → ヒモ分散。1号艇1着固定で広めのヒモ流し推奨（買い目+2点）', 'tenji_trigger': '展示確認: ヒモ分散レース。1号艇伸び確認後、広めのヒモ流しを採用。穴ヒモ（5・6号艇）を積極的に含める。'}",,,27.3,逃げ狙い,14.01,29.6,3,,,,,0,0,0.7559,0,,逃げ軸流し,A
2026-04-14,丸亀,4,2,坂口貴彦,B1,22.73,2,,11.7165,43.4,100,61.3,0.1842,3.9758,,,0,低,134,0,-,1 256,0,51,0.7764,0,0.125,0,0,0,0.0471,0.1235,0.1471,,,E,,,0.0878,0.591,,0.5432,S,83,0,◎1着固定 2-3着流し（5〜8点）,0.5777,"{'is_target': True, 'verdict': '参加推奨', 'max_combo_prob': 0.0913, 'est_top_odds': 14.6, 'circle_concentration': 65.3, 'eligible_count': 6, 'bet_adj': 2, 'reason': 'rel_win1=59.8%（本命度） / 最有力組み合わせ確率: 0.091（推定実オッズ?15倍） / 2着集中度: 上位2艇 65.3%（補正+0.00） / 総合判定確率: 0.091 / → ヒモ分散。1号艇1着固定で広めのヒモ流し推奨（買い目+2点）', 'tenji_trigger': '展示確認: ヒモ分散レース。1号艇伸び確認後、広めのヒモ流しを採用。穴ヒモ（5・6号艇）を積極的に含める。'}",,,27.3,逃げ狙い,14.01,29.6,3,,,,,,,,,,,
2026-04-14,丸亀,4,3,樋江井舞,B1,38.28,3,○,13.9246,21.9,60,25,0.16,3.9375,,,0,低,76,1,-,363 66,0,29.6,0.7935,,,,,,,,,,,B,,,0.3086,0.539,,0.5432,S,83,0,◎1着固定 2-3着流し（5〜8点）,0.5777,"{'is_target': True, 'verdict': '参加推奨', 'max_combo_prob': 0.0913, 'est_top_odds': 14.6, 'circle_concentration': 65.3, 'eligible_count': 6, 'bet_adj': 2, 'reason': 'rel_win1=59.8%（本命度） / 最有力組み合わせ確率: 0.091（推定実オッズ?15倍） / 2着集中度: 上位2艇 65.3%（補正+0.00） / 総合判定確率: 0.091 / → ヒモ分散。1号艇1着固定で広めのヒモ流し推奨（買い目+2点）', 'tenji_trigger': '展示確認: ヒモ分散レース。1号艇伸び確認後、広めのヒモ流しを採用。穴ヒモ（5・6号艇）を積極的に含める。'}",,,27.3,逃げ狙い,14.01,29.6,3,,,,,,,,,,,
2026-04-14,丸亀,4,4,野末智一,A2,34.92,4,△,4.8542,21.5,90,48.6,0.1859,4.45,,,0,低,227,0,-,443 23,0,19.9,0.5898,,,,,,0.1722,0.1512,0.0737,,,C,◎,,0.2142,0.6595,,0.5432,S,83,0,◎1着固定 2-3着流し（5〜8点）,0.5777,"{'is_target': True, 'verdict': '参加推奨', 'max_combo_prob': 0.0913, 'est_top_odds': 14.6, 'circle_concentration': 65.3, 'eligible_count': 6, 'bet_adj': 2, 'reason': 'rel_win1=59.8%（本命度） / 最有力組み合わせ確率: 0.091（推定実オッズ?15倍） / 2着集中度: 上位2艇 65.3%（補正+0.00） / 総合判定確率: 0.091 / → ヒモ分散。1号艇1着固定で広めのヒモ流し推奨（買い目+2点）', 'tenji_trigger': '展示確認: ヒモ分散レース。1号艇伸び確認後、広めのヒモ流しを採用。穴ヒモ（5・6号艇）を積極的に含める。'}",,,27.3,逃げ狙い,14.01,29.6,3,,,,,,,,,,,
2026-04-14,丸亀,4,5,武重雄介,A2,30.53,5,,4.9298,11,53,32,0.1816,3.94,,,0,低,119,0,-,6 455,0,26.5,1.0717,,,,,,0.1657,0,0.0343,,,D,△,,0.2483,0.6375,,0.5432,S,83,0,◎1着固定 2-3着流し（5〜8点）,0.5777,"{'is_target': True, 'verdict': '参加推奨', 'max_combo_prob': 0.0913, 'est_top_odds': 14.6, 'circle_concentration': 65.3, 'eligible_count': 6, 'bet_adj': 2, 'reason': 'rel_win1=59.8%（本命度） / 最有力組み合わせ確率: 0.091（推定実オッズ?15倍） / 2着集中度: 上位2艇 65.3%（補正+0.00） / 総合判定確率: 0.091 / → ヒモ分散。1号艇1着固定で広めのヒモ流し推奨（買い目+2点）', 'tenji_trigger': '展示確認: ヒモ分散レース。1号艇伸び確認後、広めのヒモ流しを採用。穴ヒモ（5・6号艇）を積極的に含める。'}",,,27.3,逃げ狙い,14.01,29.6,3,,,,,,,,,,,
2026-04-14,丸亀,4,6,加藤政彦,A1,40.63,6,▲,4.7306,2.2,53,30.8,0.1891,4.7692,,,0,低,105,0,抜0%,1 3221,0,62.3,1.3769,0,0,0,0,0.037,0.35,0.0667,0.1833,,,B,△,,0.2245,0.5995,,0.5432,S,83,0,◎1着固定 2-3着流し（5〜8点）,0.5777,"{'is_target': True, 'verdict': '参加推奨', 'max_combo_prob': 0.0913, 'est_top_odds': 14.6, 'circle_concentration': 65.3, 'eligible_count': 6, 'bet_adj': 2, 'reason': 'rel_win1=59.8%（本命度） / 最有力組み合わせ確率: 0.091（推定実オッズ?15倍） / 2着集中度: 上位2艇 65.3%（補正+0.00） / 総合判定確率: 0.091 / → ヒモ分散。1号艇1着固定で広めのヒモ流し推奨（買い目+2点）', 'tenji_trigger': '展示確認: ヒモ分散レース。1号艇伸び確認後、広めのヒモ流しを採用。穴ヒモ（5・6号艇）を積極的に含める。'}",,,27.3,逃げ狙い,14.01,29.6,3,,,,,,,,,,,
2026-04-14,丸亀,5,1,渡部　悟,A2,18.25,1,◎,50.5277,,0,87.1,0.1229,2.3429,,,0,低,79,0,逃1%,43251,0,60.8,0.9269,0.5556,,,,,0.1639,0.1194,0.0296,◎,,E,○,,,0.66,,0.6036,A,76,0,◎-○軸 3着3〜4艇流し（10〜15点）,0.5777,"{'is_target': True, 'verdict': '参加推奨', 'max_combo_prob': 0.0763, 'est_top_odds': 17.5, 'circle_concentration': 68.9, 'eligible_count': 8, 'bet_adj': 2, 'reason': 'rel_win1=50.5%（本命度） / 最有力組み合わせ確率: 0.076（推定実オッズ?18倍） / 2着集中度: 上位2艇 68.9%（補正+0.00） / 総合判定確率: 0.076 / → ヒモ分散。1号艇1着固定で広めのヒモ流し推奨（買い目+2点）', 'tenji_trigger': '展示確認: ヒモ分散レース。1号艇伸び確認後、広めのヒモ流しを採用。穴ヒモ（5・6号艇）を積極的に含める。\n展示で1号艇スタート超安定(0.123秒)→ヒモ固まり方向に注意'}",,,27.5,逃げ狙い,14.69,29.4,2,,,,,0,0,0.7559,0,,逃げ軸流し,A
2026-04-14,丸亀,5,2,三好勇人,A2,37.80,2,○,14.6663,48.8,96,70.3,0.1291,2.4297,,,0,低,88,0,-,451 23,0,27.7,0.8452,0,0.0345,0.1379,0,0,0.0133,0.16,0.0533,,,B,△,,0.2831,0.6185,,0.6036,A,76,0,◎-○軸 3着3〜4艇流し（10〜15点）,0.5777,"{'is_target': True, 'verdict': '参加推奨', 'max_combo_prob': 0.0763, 'est_top_odds': 17.5, 'circle_concentration': 68.9, 'eligible_count': 8, 'bet_adj': 2, 'reason': 'rel_win1=50.5%（本命度） / 最有力組み合わせ確率: 0.076（推定実オッズ?18倍） / 2着集中度: 上位2艇 68.9%（補正+0.00） / 総合判定確率: 0.076 / → ヒモ分散。1号艇1着固定で広めのヒモ流し推奨（買い目+2点）', 'tenji_trigger': '展示確認: ヒモ分散レース。1号艇伸び確認後、広めのヒモ流しを採用。穴ヒモ（5・6号艇）を積極的に含める。\n展示で1号艇スタート超安定(0.123秒)→ヒモ固まり方向に注意'}",,,27.5,逃げ狙い,14.69,29.4,2,,,,,,,,,,,
2026-04-14,丸亀,5,3,古賀智之,A2,39.69,3,▲,10.0428,20.1,94,48.2,0.165,3.2232,,,0,低,119,0,ま0% 抜0%,6 1215,0,49.3,0.9431,0,0,0.0667,0,0.0333,0.05,0.4,0.125,,,B,,,0.1348,0.5905,,0.6036,A,76,0,◎-○軸 3着3〜4艇流し（10〜15点）,0.5777,"{'is_target': True, 'verdict': '参加推奨', 'max_combo_prob': 0.0763, 'est_top_odds': 17.5, 'circle_concentration': 68.9, 'eligible_count': 8, 'bet_adj': 2, 'reason': 'rel_win1=50.5%（本命度） / 最有力組み合わせ確率: 0.076（推定実オッズ?18倍） / 2着集中度: 上位2艇 68.9%（補正+0.00） / 総合判定確率: 0.076 / → ヒモ分散。1号艇1着固定で広めのヒモ流し推奨（買い目+2点）', 'tenji_trigger': '展示確認: ヒモ分散レース。1号艇伸び確認後、広めのヒモ流しを採用。穴ヒモ（5・6号艇）を積極的に含める。\n展示で1号艇スタート超安定(0.123秒)→ヒモ固まり方向に注意'}",,,27.5,逃げ狙い,14.69,29.4,2,,,,,,,,,,,
2026-04-14,丸亀,5,4,杉山喜一,B1,35.94,4,△,14.7735,9.3,100,47.1,0.1737,3.7843,,,0,低,91,0,差ま0%,2 445,0,62.7,1.2628,0,0,0,0.1,0,0.0471,0.6382,0,,,C,△,○,0.1417,0.625,0.2255,0.6036,A,76,0,◎-○軸 3着3〜4艇流し（10〜15点）,0.5777,"{'is_target': True, 'verdict': '参加推奨', 'max_combo_prob': 0.0763, 'est_top_odds': 17.5, 'circle_concentration': 68.9, 'eligible_count': 8, 'bet_adj': 2, 'reason': 'rel_win1=50.5%（本命度） / 最有力組み合わせ確率: 0.076（推定実オッズ?18倍） / 2着集中度: 上位2艇 68.9%（補正+0.00） / 総合判定確率: 0.076 / → ヒモ分散。1号艇1着固定で広めのヒモ流し推奨（買い目+2点）', 'tenji_trigger': '展示確認: ヒモ分散レース。1号艇伸び確認後、広めのヒモ流しを採用。穴ヒモ（5・6号艇）を積極的に含める。\n展示で1号艇スタート超安定(0.123秒)→ヒモ固まり方向に注意'}",,,27.5,逃げ狙い,14.69,29.4,2,,,,,,,,,,,
2026-04-14,丸亀,5,5,間庭菜摘,B1,29.46,5,,3.1096,9.4,69,39.4,0.1676,3.5152,,,0,低,76,0,-,2 445,0,30.2,1.0705,,,,,,0,0.4,0.04,,,D,,,0.1874,0.5795,,0.6036,A,76,0,◎-○軸 3着3〜4艇流し（10〜15点）,0.5777,"{'is_target': True, 'verdict': '参加推奨', 'max_combo_prob': 0.0763, 'est_top_odds': 17.5, 'circle_concentration': 68.9, 'eligible_count': 8, 'bet_adj': 2, 'reason': 'rel_win1=50.5%（本命度） / 最有力組み合わせ確率: 0.076（推定実オッズ?18倍） / 2着集中度: 上位2艇 68.9%（補正+0.00） / 総合判定確率: 0.076 / → ヒモ分散。1号艇1着固定で広めのヒモ流し推奨（買い目+2点）', 'tenji_trigger': '展示確認: ヒモ分散レース。1号艇伸び確認後、広めのヒモ流しを採用。穴ヒモ（5・6号艇）を積極的に含める。\n展示で1号艇スタート超安定(0.123秒)→ヒモ固まり方向に注意'}",,,27.5,逃げ狙い,14.69,29.4,2,,,,,,,,,,,
2026-04-14,丸亀,5,6,北山康介,A1,32.81,6,,6.8801,12.4,60,53.4,0.1386,2.6379,,,0,低,69,0,-,334331,0,90.2,1.7456,0,0,0,0,0.0385,0.0694,0.1138,0,,,C,◎,◎,0.278,0.663,0.3637,0.6036,A,76,0,◎-○軸 3着3〜4艇流し（10〜15点）,0.5777,"{'is_target': True, 'verdict': '参加推奨', 'max_combo_prob': 0.0763, 'est_top_odds': 17.5, 'circle_concentration': 68.9, 'eligible_count': 8, 'bet_adj': 2, 'reason': 'rel_win1=50.5%（本命度） / 最有力組み合わせ確率: 0.076（推定実オッズ?18倍） / 2着集中度: 上位2艇 68.9%（補正+0.00） / 総合判定確率: 0.076 / → ヒモ分散。1号艇1着固定で広めのヒモ流し推奨（買い目+2点）', 'tenji_trigger': '展示確認: ヒモ分散レース。1号艇伸び確認後、広めのヒモ流しを採用。穴ヒモ（5・6号艇）を積極的に含める。\n展示で1号艇スタート超安定(0.123秒)→ヒモ固まり方向に注意'}",,,27.5,逃げ狙い,14.69,29.4,2,,,,,,,,,,,
2026-04-14,丸亀,6,1,大須賀友,A2,28.89,1,◎,68.7727,,0,93.9,0.1391,2.9329,,,0,低,116,0,逃1%,25541,0,91.6,1.2204,0.7419,,,,,0.0516,0.1258,0.0129,◎,,B,△,,,0.599,,0.5866,S,86,0,◎1着固定 2-3着流し（5〜8点）,0.5777,"{'is_target': True, 'verdict': '点数絞り', 'max_combo_prob': 0.1255, 'est_top_odds': 10.6, 'circle_concentration': 77.4, 'eligible_count': 6, 'bet_adj': 0, 'reason': 'rel_win1=68.8%（本命度） / 最有力組み合わせ確率: 0.126（推定実オッズ?11倍） / 2着集中度: 上位2艇 77.4%（補正+0.04） / 総合判定確率: 0.166 / → ヒモはやや固め。上位2艇以外を切ること', 'tenji_trigger': '展示確認: 1号艇伸び良→そのまま採用。悪→飛び組に差し替え。circle_pct上位2艇に絞り込むこと。\n展示で1号艇スタート超安定(0.139秒)→ヒモ固まり方向に注意'}",,,26.1,逃げ狙い,13.41,26.7,4,,,,,0,0,0.7559,0,,逃げ軸流し,A
2026-04-14,丸亀,6,2,市橋卓士,A1,25.19,2,△,10.5585,61.5,68,69.6,0.1359,3,,,0,低,93,0,差0%,363622,0,54,1.1029,0,0.069,0,0,0,0.1045,0.0879,0.0795,,◎,D,○,,0.3466,0.6155,,0.5866,S,86,0,◎1着固定 2-3着流し（5〜8点）,0.5777,"{'is_target': True, 'verdict': '点数絞り', 'max_combo_prob': 0.1255, 'est_top_odds': 10.6, 'circle_concentration': 77.4, 'eligible_count': 6, 'bet_adj': 0, 'reason': 'rel_win1=68.8%（本命度） / 最有力組み合わせ確率: 0.126（推定実オッズ?11倍） / 2着集中度: 上位2艇 77.4%（補正+0.04） / 総合判定確率: 0.166 / → ヒモはやや固め。上位2艇以外を切ること', 'tenji_trigger': '展示確認: 1号艇伸び良→そのまま採用。悪→飛び組に差し替え。circle_pct上位2艇に絞り込むこと。\n展示で1号艇スタート超安定(0.139秒)→ヒモ固まり方向に注意'}",,,26.1,逃げ狙い,13.41,26.7,4,,,,,,,,,,,
2026-04-14,丸亀,6,3,成貞琳平,B1,23.08,3,,7.5597,15.9,100,32.5,0.1725,3.7875,,,0,低,120,0,-,3 555,0,20.8,0.675,,,,,,0.075,0.375,0.25,,,E,,,0.1452,0.5785,,0.5866,S,86,0,◎1着固定 2-3着流し（5〜8点）,0.5777,"{'is_target': True, 'verdict': '点数絞り', 'max_combo_prob': 0.1255, 'est_top_odds': 10.6, 'circle_concentration': 77.4, 'eligible_count': 6, 'bet_adj': 0, 'reason': 'rel_win1=68.8%（本命度） / 最有力組み合わせ確率: 0.126（推定実オッズ?11倍） / 2着集中度: 上位2艇 77.4%（補正+0.04） / 総合判定確率: 0.166 / → ヒモはやや固め。上位2艇以外を切ること', 'tenji_trigger': '展示確認: 1号艇伸び良→そのまま採用。悪→飛び組に差し替え。circle_pct上位2艇に絞り込むこと。\n展示で1号艇スタート超安定(0.139秒)→ヒモ固まり方向に注意'}",,,26.1,逃げ狙い,13.41,26.7,4,,,,,,,,,,,
2026-04-14,丸亀,6,4,川井　萌,B2,27.69,4,▲,6.0664,13.8,99,28,0.166,3.16,,,0,低,50,0,-,546 54,0,28.3,0.6749,,,,,,0,0.5,0,,,C,△,,0.2054,0.6045,,0.5866,S,86,0,◎1着固定 2-3着流し（5〜8点）,0.5777,"{'is_target': True, 'verdict': '点数絞り', 'max_combo_prob': 0.1255, 'est_top_odds': 10.6, 'circle_concentration': 77.4, 'eligible_count': 6, 'bet_adj': 0, 'reason': 'rel_win1=68.8%（本命度） / 最有力組み合わせ確率: 0.126（推定実オッズ?11倍） / 2着集中度: 上位2艇 77.4%（補正+0.04） / 総合判定確率: 0.166 / → ヒモはやや固め。上位2艇以外を切ること', 'tenji_trigger': '展示確認: 1号艇伸び良→そのまま採用。悪→飛び組に差し替え。circle_pct上位2艇に絞り込むこと。\n展示で1号艇スタート超安定(0.139秒)→ヒモ固まり方向に注意'}",,,26.1,逃げ狙い,13.41,26.7,4,,,,,,,,,,,
2026-04-14,丸亀,6,5,本吉正樹,B1,25.76,5,,4.2074,4.9,70,23.6,0.1798,3.9455,,,0,低,152,0,-,2 426,0,56,1.0948,,,,,,0.175,0.2643,0.0143,,,D,,,0.1805,0.585,,0.5866,S,86,0,◎1着固定 2-3着流し（5〜8点）,0.5777,"{'is_target': True, 'verdict': '点数絞り', 'max_combo_prob': 0.1255, 'est_top_odds': 10.6, 'circle_concentration': 77.4, 'eligible_count': 6, 'bet_adj': 0, 'reason': 'rel_win1=68.8%（本命度） / 最有力組み合わせ確率: 0.126（推定実オッズ?11倍） / 2着集中度: 上位2艇 77.4%（補正+0.04） / 総合判定確率: 0.166 / → ヒモはやや固め。上位2艇以外を切ること', 'tenji_trigger': '展示確認: 1号艇伸び良→そのまま採用。悪→飛び組に差し替え。circle_pct上位2艇に絞り込むこと。\n展示で1号艇スタート超安定(0.139秒)→ヒモ固まり方向に注意'}",,,26.1,逃げ狙い,13.41,26.7,4,,,,,,,,,,,
2026-04-14,丸亀,6,6,深川真二,A1,37.31,6,○,2.8353,3.9,68,,,,,,0,低,21,1,-,115 14,0,,,,,,,,,,,,,B,◎,◎,0.31,0.6545,0.15,0.5866,S,86,0,◎1着固定 2-3着流し（5〜8点）,0.5777,"{'is_target': True, 'verdict': '点数絞り', 'max_combo_prob': 0.1255, 'est_top_odds': 10.6, 'circle_concentration': 77.4, 'eligible_count': 6, 'bet_adj': 0, 'reason': 'rel_win1=68.8%（本命度） / 最有力組み合わせ確率: 0.126（推定実オッズ?11倍） / 2着集中度: 上位2艇 77.4%（補正+0.04） / 総合判定確率: 0.166 / → ヒモはやや固め。上位2艇以外を切ること', 'tenji_trigger': '展示確認: 1号艇伸び良→そのまま採用。悪→飛び組に差し替え。circle_pct上位2艇に絞り込むこと。\n展示で1号艇スタート超安定(0.139秒)→ヒモ固まり方向に注意'}",,,26.1,逃げ狙い,13.41,26.7,4,,,,,,,,,,,
2026-04-14,丸亀,7,1,坪口竜也,A2,28.15,1,◎,62.5367,,0,92.5,0.1363,2.7388,,,0,低,84,0,逃1%,3 1233,0,90,1.1824,0.8333,,,,,0,0.0667,0.0333,◎,,C,○,,,0.6815,,0.6543,A,74,0,◎-○軸 3着3〜4艇流し（10〜15点）,0.5777,"{'is_target': True, 'verdict': '参加推奨', 'max_combo_prob': 0.0549, 'est_top_odds': 24.3, 'circle_concentration': 56.4, 'eligible_count': 8, 'bet_adj': 2, 'reason': 'rel_win1=62.5%（本命度） / 最有力組み合わせ確率: 0.055（推定実オッズ?24倍） / 2着集中度: 上位2艇 56.4%（補正+0.00） / 総合判定確率: 0.055 / → ヒモ分散。1号艇1着固定で広めのヒモ流し推奨（買い目+2点）', 'tenji_trigger': '展示確認: ヒモ分散レース。1号艇伸び確認後、広めのヒモ流しを採用。穴ヒモ（5・6号艇）を積極的に含める。\n展示で1号艇スタート超安定(0.136秒)→ヒモ固まり方向に注意'}",,,27.4,逃げ狙い,21.73,23.3,3,,,,,0,0,0.7559,0,,逃げ軸流し,A
2026-04-14,丸亀,7,2,森林　太,B1,25.00,2,,7.3757,28.2,96,35.9,0.2031,4.5625,,,0,低,204,0,-,545 56,0,59.9,1.3069,,,,,,0.0667,0.3556,0.1222,,,D,,,0.0775,0.555,,0.6543,A,74,0,◎-○軸 3着3〜4艇流し（10〜15点）,0.5777,"{'is_target': True, 'verdict': '参加推奨', 'max_combo_prob': 0.0549, 'est_top_odds': 24.3, 'circle_concentration': 56.4, 'eligible_count': 8, 'bet_adj': 2, 'reason': 'rel_win1=62.5%（本命度） / 最有力組み合わせ確率: 0.055（推定実オッズ?24倍） / 2着集中度: 上位2艇 56.4%（補正+0.00） / 総合判定確率: 0.055 / → ヒモ分散。1号艇1着固定で広めのヒモ流し推奨（買い目+2点）', 'tenji_trigger': '展示確認: ヒモ分散レース。1号艇伸び確認後、広めのヒモ流しを採用。穴ヒモ（5・6号艇）を積極的に含める。\n展示で1号艇スタート超安定(0.136秒)→ヒモ固まり方向に注意'}",,,27.4,逃げ狙い,21.73,23.3,3,,,,,,,,,,,
2026-04-14,丸亀,7,3,谷口　丞,B1,45.24,3,○,10.1983,20.6,88,21.4,0.1514,3.4286,,,0,低,67,1,抜0%,456 55,0,76,0.6681,0,0,0,0,0.0714,0,0.3333,0.3333,,,A,,,0.2345,0.536,,0.6543,A,74,0,◎-○軸 3着3〜4艇流し（10〜15点）,0.5777,"{'is_target': True, 'verdict': '参加推奨', 'max_combo_prob': 0.0549, 'est_top_odds': 24.3, 'circle_concentration': 56.4, 'eligible_count': 8, 'bet_adj': 2, 'reason': 'rel_win1=62.5%（本命度） / 最有力組み合わせ確率: 0.055（推定実オッズ?24倍） / 2着集中度: 上位2艇 56.4%（補正+0.00） / 総合判定確率: 0.055 / → ヒモ分散。1号艇1着固定で広めのヒモ流し推奨（買い目+2点）', 'tenji_trigger': '展示確認: ヒモ分散レース。1号艇伸び確認後、広めのヒモ流しを採用。穴ヒモ（5・6号艇）を積極的に含める。\n展示で1号艇スタート超安定(0.136秒)→ヒモ固まり方向に注意'}",,,27.4,逃げ狙い,21.73,23.3,3,,,,,,,,,,,
2026-04-14,丸亀,7,4,亀山雅幸,A2,38.76,4,▲,8.1231,20.1,100,51.3,0.1653,3.1351,,,0,低,154,0,-,326 13,0,19.7,0.5164,0,0,0.0625,0.0312,0,0.0944,0.1222,0.0944,,,B,△,○,0.177,0.6195,0.2958,0.6543,A,74,0,◎-○軸 3着3〜4艇流し（10〜15点）,0.5777,"{'is_target': True, 'verdict': '参加推奨', 'max_combo_prob': 0.0549, 'est_top_odds': 24.3, 'circle_concentration': 56.4, 'eligible_count': 8, 'bet_adj': 2, 'reason': 'rel_win1=62.5%（本命度） / 最有力組み合わせ確率: 0.055（推定実オッズ?24倍） / 2着集中度: 上位2艇 56.4%（補正+0.00） / 総合判定確率: 0.055 / → ヒモ分散。1号艇1着固定で広めのヒモ流し推奨（買い目+2点）', 'tenji_trigger': '展示確認: ヒモ分散レース。1号艇伸び確認後、広めのヒモ流しを採用。穴ヒモ（5・6号艇）を積極的に含める。\n展示で1号艇スタート超安定(0.136秒)→ヒモ固まり方向に注意'}",,,27.4,逃げ狙い,21.73,23.3,3,,,,,,,,,,,
2026-04-14,丸亀,7,5,森永　淳,A1,23.85,5,△,8.2098,28.2,63,53.7,0.1428,2.8889,,,0,低,52,0,-,35114,0,29.4,1.3869,0,0,0,0,0.0345,0,0.1351,0.0811,,,E,◎,◎,0.2918,0.702,0.3974,0.6543,A,74,0,◎-○軸 3着3〜4艇流し（10〜15点）,0.5777,"{'is_target': True, 'verdict': '参加推奨', 'max_combo_prob': 0.0549, 'est_top_odds': 24.3, 'circle_concentration': 56.4, 'eligible_count': 8, 'bet_adj': 2, 'reason': 'rel_win1=62.5%（本命度） / 最有力組み合わせ確率: 0.055（推定実オッズ?24倍） / 2着集中度: 上位2艇 56.4%（補正+0.00） / 総合判定確率: 0.055 / → ヒモ分散。1号艇1着固定で広めのヒモ流し推奨（買い目+2点）', 'tenji_trigger': '展示確認: ヒモ分散レース。1号艇伸び確認後、広めのヒモ流しを採用。穴ヒモ（5・6号艇）を積極的に含める。\n展示で1号艇スタート超安定(0.136秒)→ヒモ固まり方向に注意'}",,,27.4,逃げ狙い,21.73,23.3,3,,,,,,,,,,,
2026-04-14,丸亀,7,6,徳増秀樹,A1,26.81,6,,3.5563,2.9,70,42.9,0.2043,3.2857,,,0,低,35,1,-,12411,0,82.8,1.6856,,,,,,0.0694,0.0296,0.0444,,,D,△,,0.135,0.67,,0.6543,A,74,0,◎-○軸 3着3〜4艇流し（10〜15点）,0.5777,"{'is_target': True, 'verdict': '参加推奨', 'max_combo_prob': 0.0549, 'est_top_odds': 24.3, 'circle_concentration': 56.4, 'eligible_count': 8, 'bet_adj': 2, 'reason': 'rel_win1=62.5%（本命度） / 最有力組み合わせ確率: 0.055（推定実オッズ?24倍） / 2着集中度: 上位2艇 56.4%（補正+0.00） / 総合判定確率: 0.055 / → ヒモ分散。1号艇1着固定で広めのヒモ流し推奨（買い目+2点）', 'tenji_trigger': '展示確認: ヒモ分散レース。1号艇伸び確認後、広めのヒモ流しを採用。穴ヒモ（5・6号艇）を積極的に含める。\n展示で1号艇スタート超安定(0.136秒)→ヒモ固まり方向に注意'}",,,27.4,逃げ狙い,21.73,23.3,3,,,,,,,,,,,
2026-04-14,丸亀,8,1,是澤孝宏,A2,35.66,1,◎,71.6878,,0,84.8,0.1527,3.0949,,,0,低,125,0,逃1%,411 16,0,94.7,1.3015,0.6875,,,,,0.1625,0.0125,0.0375,◎,,B,△,,,0.6235,,0.5633,S,86,0,◎1着固定 2-3着流し（5〜8点）,0.5777,"{'is_target': True, 'verdict': '点数絞り', 'max_combo_prob': 0.1323, 'est_top_odds': 10.1, 'circle_concentration': 72.8, 'eligible_count': 6, 'bet_adj': 0, 'reason': 'rel_win1=71.7%（本命度） / 最有力組み合わせ確率: 0.132（推定実オッズ?10倍） / 2着集中度: 上位2艇 72.8%（補正+0.04） / 総合判定確率: 0.172 / → ヒモはやや固め。上位2艇以外を切ること', 'tenji_trigger': '展示確認: 1号艇伸び良→そのまま採用。悪→飛び組に差し替え。circle_pct上位2艇に絞り込むこと。'}",,,26.1,逃げ狙い,11.3,28.3,2,,,,,0,0,0.7559,0,,逃げ軸流し,A
2026-04-14,丸亀,8,2,今井裕梨,A2,32.03,2,○,11.5854,53.7,64,75,0.163,3.25,,,0,低,38,0,差0% ま0%,1 263,0,57,1.1781,0,0.125,0.125,0,0,0.1818,0.0909,0.1818,,,C,◎,,0.2273,0.6515,,0.5633,S,86,0,◎1着固定 2-3着流し（5〜8点）,0.5777,"{'is_target': True, 'verdict': '点数絞り', 'max_combo_prob': 0.1323, 'est_top_odds': 10.1, 'circle_concentration': 72.8, 'eligible_count': 6, 'bet_adj': 0, 'reason': 'rel_win1=71.7%（本命度） / 最有力組み合わせ確率: 0.132（推定実オッズ?10倍） / 2着集中度: 上位2艇 72.8%（補正+0.04） / 総合判定確率: 0.172 / → ヒモはやや固め。上位2艇以外を切ること', 'tenji_trigger': '展示確認: 1号艇伸び良→そのまま採用。悪→飛び組に差し替え。circle_pct上位2艇に絞り込むこと。'}",,,26.1,逃げ狙い,11.3,28.3,2,,,,,,,,,,,
2026-04-14,丸亀,8,3,松下誉士,B1,26.92,3,,4.715,19.1,97,36.1,0.1942,4.2361,,,0,低,189,0,ま0%,6 614,0,18.8,0.6973,0,0,0.0286,0,0,0.3405,0.169,0.2714,,,D,△,,0.1022,0.6275,,0.5633,S,86,0,◎1着固定 2-3着流し（5〜8点）,0.5777,"{'is_target': True, 'verdict': '点数絞り', 'max_combo_prob': 0.1323, 'est_top_odds': 10.1, 'circle_concentration': 72.8, 'eligible_count': 6, 'bet_adj': 0, 'reason': 'rel_win1=71.7%（本命度） / 最有力組み合わせ確率: 0.132（推定実オッズ?10倍） / 2着集中度: 上位2艇 72.8%（補正+0.04） / 総合判定確率: 0.172 / → ヒモはやや固め。上位2艇以外を切ること', 'tenji_trigger': '展示確認: 1号艇伸び良→そのまま採用。悪→飛び組に差し替え。circle_pct上位2艇に絞り込むこと。'}",,,26.1,逃げ狙い,11.3,28.3,2,,,,,,,,,,,
2026-04-14,丸亀,8,4,武重雄介,A2,30.53,4,△,7.5184,16.7,100,50,0.1566,3.2069,,,0,低,119,0,-,6 455,0,47.9,0.9819,0,0,0.04,0,0,0.1657,0,0.0343,,,C,○,◎,0.2717,0.6375,0.3382,0.5633,S,86,0,◎1着固定 2-3着流し（5〜8点）,0.5777,"{'is_target': True, 'verdict': '点数絞り', 'max_combo_prob': 0.1323, 'est_top_odds': 10.1, 'circle_concentration': 72.8, 'eligible_count': 6, 'bet_adj': 0, 'reason': 'rel_win1=71.7%（本命度） / 最有力組み合わせ確率: 0.132（推定実オッズ?10倍） / 2着集中度: 上位2艇 72.8%（補正+0.04） / 総合判定確率: 0.172 / → ヒモはやや固め。上位2艇以外を切ること', 'tenji_trigger': '展示確認: 1号艇伸び良→そのまま採用。悪→飛び組に差し替え。circle_pct上位2艇に絞り込むこと。'}",,,26.1,逃げ狙い,11.3,28.3,2,,,,,,,,,,,
2026-04-14,丸亀,8,5,小野　桜,B1,24.03,5,,3.171,10.2,79,28.6,0.1786,2.8036,,,0,低,90,0,-,2 644,0,41.6,0.8519,,,,,,0,0.0941,0.3176,,,E,,,0.231,0.611,,0.5633,S,86,0,◎1着固定 2-3着流し（5〜8点）,0.5777,"{'is_target': True, 'verdict': '点数絞り', 'max_combo_prob': 0.1323, 'est_top_odds': 10.1, 'circle_concentration': 72.8, 'eligible_count': 6, 'bet_adj': 0, 'reason': 'rel_win1=71.7%（本命度） / 最有力組み合わせ確率: 0.132（推定実オッズ?10倍） / 2着集中度: 上位2艇 72.8%（補正+0.04） / 総合判定確率: 0.172 / → ヒモはやや固め。上位2艇以外を切ること', 'tenji_trigger': '展示確認: 1号艇伸び良→そのまま採用。悪→飛び組に差し替え。circle_pct上位2艇に絞り込むこと。'}",,,26.1,逃げ狙い,11.3,28.3,2,,,,,,,,,,,
2026-04-14,丸亀,8,6,岡崎凪汰,B1,40.63,6,▲,1.3224,0.3,15,4.8,0.1875,3.994,,,0,低,54,0,差ま0%,6 5F6,0,38.1,0.8422,0,0,0,0.0244,0,0.25,0.25,0.25,,,B,,,0.1656,0.498,,0.5633,S,86,0,◎1着固定 2-3着流し（5〜8点）,0.5777,"{'is_target': True, 'verdict': '点数絞り', 'max_combo_prob': 0.1323, 'est_top_odds': 10.1, 'circle_concentration': 72.8, 'eligible_count': 6, 'bet_adj': 0, 'reason': 'rel_win1=71.7%（本命度） / 最有力組み合わせ確率: 0.132（推定実オッズ?10倍） / 2着集中度: 上位2艇 72.8%（補正+0.04） / 総合判定確率: 0.172 / → ヒモはやや固め。上位2艇以外を切ること', 'tenji_trigger': '展示確認: 1号艇伸び良→そのまま採用。悪→飛び組に差し替え。circle_pct上位2艇に絞り込むこと。'}",,,26.1,逃げ狙い,11.3,28.3,2,,,,,,,,,,,
2026-04-14,丸亀,9,1,岩永雅人,A2,27.07,1,◎,58.1814,,0,84.3,0.1839,3.9775,,,0,低,153,0,逃1%,1 133,0,85.2,1.1129,0.55,,,,,0.01,0.155,0.07,△,,D,△,,,0.61,,0.2866,A,78,0,◎-○軸 3着3〜4艇流し（10〜15点）,0.5777,"{'is_target': True, 'verdict': '参加推奨', 'max_combo_prob': 0.0779, 'est_top_odds': 17.1, 'circle_concentration': 78.1, 'eligible_count': 8, 'bet_adj': 2, 'reason': 'rel_win1=58.2%（本命度） / 最有力組み合わせ確率: 0.078（推定実オッズ?17倍） / 2着集中度: 上位2艇 78.1%（補正+0.04） / 総合判定確率: 0.118 / → ヒモ分散。1号艇1着固定で広めのヒモ流し推奨（買い目+2点）', 'tenji_trigger': '展示確認: ヒモ分散レース。1号艇伸び確認後、広めのヒモ流しを採用。穴ヒモ（5・6号艇）を積極的に含める。\n展示で1号艇スタート遅め(0.184秒)確認→ヒモが荒れやすい'}",,,32.5,逃げ狙い,15.32,29.1,2,2-1-3|1-2-4|2-1-4|1-2-3|1-3-4|1-3-2,5-1-6|5-6-1|6-1-3|6-1-4|2-1-3|6-4-1|6-3-1|1-2-4|2-1-4|1-2-3|1-3-4|1-3-2,2-1-3:2.23%|1-2-4:8.27%|2-1-4:8.24%|1-2-3:7.55%|1-3-4:7.03%|1-3-2:6.96%,2-1-3:B_main|1-2-4:A|2-1-4:B_sc|1-2-3:A|1-3-4:A|1-3-2:A,6,12,0.4535,1,[!]見送り推奨（主役決まり手「差し」― 逃げ劣勢レースで的中実績なし）,荒れ広め,D
2026-04-14,丸亀,9,2,渡部　悟,A2,18.25,2,,15.9945,41.5,100,73.2,0.1536,3.0268,,,0,低,79,0,-,43251,0,51.5,1.0634,0,0.08,0,0,0,0.1639,0.1194,0.0296,,◎,E,◎,,0.5688,0.66,,0.2866,A,78,0,◎-○軸 3着3〜4艇流し（10〜15点）,0.5777,"{'is_target': True, 'verdict': '参加推奨', 'max_combo_prob': 0.0779, 'est_top_odds': 17.1, 'circle_concentration': 78.1, 'eligible_count': 8, 'bet_adj': 2, 'reason': 'rel_win1=58.2%（本命度） / 最有力組み合わせ確率: 0.078（推定実オッズ?17倍） / 2着集中度: 上位2艇 78.1%（補正+0.04） / 総合判定確率: 0.118 / → ヒモ分散。1号艇1着固定で広めのヒモ流し推奨（買い目+2点）', 'tenji_trigger': '展示確認: ヒモ分散レース。1号艇伸び確認後、広めのヒモ流しを採用。穴ヒモ（5・6号艇）を積極的に含める。\n展示で1号艇スタート遅め(0.184秒)確認→ヒモが荒れやすい'}",,,32.5,逃げ狙い,15.32,29.1,2,,,,,,,,,,,
2026-04-14,丸亀,9,3,村田修次,A2,33.85,3,▲,11.676,36.7,76,69.4,0.1441,2.9592,,,0,低,93,0,ま0% 差ま0%,232 25,0,57.5,1.2621,0,0,0.1,0.05,0,0.0625,0.1107,0.2214,,○,C,○,,0.4894,0.6435,,0.2866,A,78,0,◎-○軸 3着3〜4艇流し（10〜15点）,0.5777,"{'is_target': True, 'verdict': '参加推奨', 'max_combo_prob': 0.0779, 'est_top_odds': 17.1, 'circle_concentration': 78.1, 'eligible_count': 8, 'bet_adj': 2, 'reason': 'rel_win1=58.2%（本命度） / 最有力組み合わせ確率: 0.078（推定実オッズ?17倍） / 2着集中度: 上位2艇 78.1%（補正+0.04） / 総合判定確率: 0.118 / → ヒモ分散。1号艇1着固定で広めのヒモ流し推奨（買い目+2点）', 'tenji_trigger': '展示確認: ヒモ分散レース。1号艇伸び確認後、広めのヒモ流しを採用。穴ヒモ（5・6号艇）を積極的に含める。\n展示で1号艇スタート遅め(0.184秒)確認→ヒモが荒れやすい'}",,,32.5,逃げ狙い,15.32,29.1,2,,,,,,,,,,,
2026-04-14,丸亀,9,4,古賀智之,A2,39.69,4,○,9.5891,8.8,74,53.8,0.159,3.4808,,,0,低,119,0,ま0% 抜0%,6 1215,0,58,1.1445,0,0,0.0385,0,0.0385,0.05,0.4,0.125,,△,B,,◎,0.4039,0.5905,0.3325,0.2866,A,78,0,◎-○軸 3着3〜4艇流し（10〜15点）,0.5777,"{'is_target': True, 'verdict': '参加推奨', 'max_combo_prob': 0.0779, 'est_top_odds': 17.1, 'circle_concentration': 78.1, 'eligible_count': 8, 'bet_adj': 2, 'reason': 'rel_win1=58.2%（本命度） / 最有力組み合わせ確率: 0.078（推定実オッズ?17倍） / 2着集中度: 上位2艇 78.1%（補正+0.04） / 総合判定確率: 0.118 / → ヒモ分散。1号艇1着固定で広めのヒモ流し推奨（買い目+2点）', 'tenji_trigger': '展示確認: ヒモ分散レース。1号艇伸び確認後、広めのヒモ流しを採用。穴ヒモ（5・6号艇）を積極的に含める。\n展示で1号艇スタート遅め(0.184秒)確認→ヒモが荒れやすい'}",,,32.5,逃げ狙い,15.32,29.1,2,,,,,,,,,,,
2026-04-14,丸亀,9,5,奥村明日,B1,50.00,5,△,2.7155,6.6,65,32.3,0.1929,3.6774,,,0,低,83,0,-,335 41,0,28,0.8583,,,,,,0.6,0.1,0,,,A,,,0.3081,0.5175,,0.2866,A,78,0,◎-○軸 3着3〜4艇流し（10〜15点）,0.5777,"{'is_target': True, 'verdict': '参加推奨', 'max_combo_prob': 0.0779, 'est_top_odds': 17.1, 'circle_concentration': 78.1, 'eligible_count': 8, 'bet_adj': 2, 'reason': 'rel_win1=58.2%（本命度） / 最有力組み合わせ確率: 0.078（推定実オッズ?17倍） / 2着集中度: 上位2艇 78.1%（補正+0.04） / 総合判定確率: 0.118 / → ヒモ分散。1号艇1着固定で広めのヒモ流し推奨（買い目+2点）', 'tenji_trigger': '展示確認: ヒモ分散レース。1号艇伸び確認後、広めのヒモ流しを採用。穴ヒモ（5・6号艇）を積極的に含める。\n展示で1号艇スタート遅め(0.184秒)確認→ヒモが荒れやすい'}",,,32.5,逃げ狙い,15.32,29.1,2,,,,,,,,,,,
2026-04-14,丸亀,9,6,中澤宏奈,B2,39.39,6,,1.8435,6.5,35,27.3,0.17,3.8864,,,0,低,56,0,-,252 32,0,48.2,1.1317,,,,,,0.05,0,0.4,,,C,△,,0.3775,0.5985,,0.2866,A,78,0,◎-○軸 3着3〜4艇流し（10〜15点）,0.5777,"{'is_target': True, 'verdict': '参加推奨', 'max_combo_prob': 0.0779, 'est_top_odds': 17.1, 'circle_concentration': 78.1, 'eligible_count': 8, 'bet_adj': 2, 'reason': 'rel_win1=58.2%（本命度） / 最有力組み合わせ確率: 0.078（推定実オッズ?17倍） / 2着集中度: 上位2艇 78.1%（補正+0.04） / 総合判定確率: 0.118 / → ヒモ分散。1号艇1着固定で広めのヒモ流し推奨（買い目+2点）', 'tenji_trigger': '展示確認: ヒモ分散レース。1号艇伸び確認後、広めのヒモ流しを採用。穴ヒモ（5・6号艇）を積極的に含める。\n展示で1号艇スタート遅め(0.184秒)確認→ヒモが荒れやすい'}",,,32.5,逃げ狙い,15.32,29.1,2,,,,,,,,,,,
2026-04-14,丸亀,10,1,加藤政彦,A1,40.63,1,◎,59.8823,,0,86.8,0.1479,2.4412,,,0,低,105,0,逃1%,1 3221,0,71.7,1.1274,0.5417,,,,,0.35,0.0667,0.1833,◎,,A,△,,,0.5995,,0.4899,S,94,0,◎1着固定 2-3着流し（5〜8点）,0.5777,"{'is_target': True, 'verdict': '点数絞り', 'max_combo_prob': 0.089, 'est_top_odds': 15.0, 'circle_concentration': 83.5, 'eligible_count': 6, 'bet_adj': 0, 'reason': 'rel_win1=59.9%（本命度） / 最有力組み合わせ確率: 0.089（推定実オッズ?15倍） / 2着集中度: 上位2艇 83.5%（補正+0.04） / 総合判定確率: 0.129 / → ヒモはやや固め。上位2艇以外を切ること', 'tenji_trigger': '展示確認: 1号艇伸び良→そのまま採用。悪→飛び組に差し替え。circle_pct上位2艇に絞り込むこと。'}",,,30.3,逃げ狙い,15.97,36.5,2,,,,,0,0,0.7559,0,,逃げ軸流し,A
2026-04-14,丸亀,10,2,深川真二,A1,37.31,2,○,16.5337,46.2,47,69.8,0.1304,2.5849,,,0,低,21,0,差0%,115 14,0,29.7,0.9131,0,0.1786,0.0357,0,0,0.0105,0.1173,0.0211,,◎,C,○,,0.5662,0.6545,,0.4899,S,94,0,◎1着固定 2-3着流し（5〜8点）,0.5777,"{'is_target': True, 'verdict': '点数絞り', 'max_combo_prob': 0.089, 'est_top_odds': 15.0, 'circle_concentration': 83.5, 'eligible_count': 6, 'bet_adj': 0, 'reason': 'rel_win1=59.9%（本命度） / 最有力組み合わせ確率: 0.089（推定実オッズ?15倍） / 2着集中度: 上位2艇 83.5%（補正+0.04） / 総合判定確率: 0.129 / → ヒモはやや固め。上位2艇以外を切ること', 'tenji_trigger': '展示確認: 1号艇伸び良→そのまま採用。悪→飛び組に差し替え。circle_pct上位2艇に絞り込むこと。'}",,,30.3,逃げ狙い,15.97,36.5,2,,,,,,,,,,,
2026-04-14,丸亀,10,3,大須賀友,A2,28.89,3,△,11.9766,37.3,69,81.4,0.1724,3.2288,,,0,低,116,0,-,25541,0,63.5,1.4988,0,0,0.12,0.08,0,0.0516,0.1258,0.0129,,,D,,,0.209,0.599,,0.4899,S,94,0,◎1着固定 2-3着流し（5〜8点）,0.5777,"{'is_target': True, 'verdict': '点数絞り', 'max_combo_prob': 0.089, 'est_top_odds': 15.0, 'circle_concentration': 83.5, 'eligible_count': 6, 'bet_adj': 0, 'reason': 'rel_win1=59.9%（本命度） / 最有力組み合わせ確率: 0.089（推定実オッズ?15倍） / 2着集中度: 上位2艇 83.5%（補正+0.04） / 総合判定確率: 0.129 / → ヒモはやや固め。上位2艇以外を切ること', 'tenji_trigger': '展示確認: 1号艇伸び良→そのまま採用。悪→飛び組に差し替え。circle_pct上位2艇に絞り込むこと。'}",,,30.3,逃げ狙い,15.97,36.5,2,,,,,,,,,,,
2026-04-14,丸亀,10,4,乙津康志,B1,27.56,4,,5.4809,12.6,100,53.7,0.1894,4.0448,,,0,低,167,0,差ま1%,1 316,0,58.8,1.417,0,0,0,0.0645,0,0.1,0.18,0.42,,,E,,,0.1358,0.596,,0.4899,S,94,0,◎1着固定 2-3着流し（5〜8点）,0.5777,"{'is_target': True, 'verdict': '点数絞り', 'max_combo_prob': 0.089, 'est_top_odds': 15.0, 'circle_concentration': 83.5, 'eligible_count': 6, 'bet_adj': 0, 'reason': 'rel_win1=59.9%（本命度） / 最有力組み合わせ確率: 0.089（推定実オッズ?15倍） / 2着集中度: 上位2艇 83.5%（補正+0.04） / 総合判定確率: 0.129 / → ヒモはやや固め。上位2艇以外を切ること', 'tenji_trigger': '展示確認: 1号艇伸び良→そのまま採用。悪→飛び組に差し替え。circle_pct上位2艇に絞り込むこと。'}",,,30.3,逃げ狙い,15.97,36.5,2,,,,,,,,,,,
2026-04-14,丸亀,10,5,三好勇人,A2,37.80,5,▲,3.4291,0.8,57,26.8,0.1598,3.3214,,,0,低,88,0,-,451 23,0,100,2.2993,0,0,0,0.0333,0,0.0133,0.16,0.0533,,,B,△,,0.2534,0.6185,,0.4899,S,94,0,◎1着固定 2-3着流し（5〜8点）,0.5777,"{'is_target': True, 'verdict': '点数絞り', 'max_combo_prob': 0.089, 'est_top_odds': 15.0, 'circle_concentration': 83.5, 'eligible_count': 6, 'bet_adj': 0, 'reason': 'rel_win1=59.9%（本命度） / 最有力組み合わせ確率: 0.089（推定実オッズ?15倍） / 2着集中度: 上位2艇 83.5%（補正+0.04） / 総合判定確率: 0.129 / → ヒモはやや固め。上位2艇以外を切ること', 'tenji_trigger': '展示確認: 1号艇伸び良→そのまま採用。悪→飛び組に差し替え。circle_pct上位2艇に絞り込むこと。'}",,,30.3,逃げ狙い,15.97,36.5,2,,,,,,,,,,,
2026-04-14,丸亀,10,6,坪口竜也,A2,28.15,6,,2.6975,3.1,85,36.2,0.163,4.2979,,,0,低,84,0,-,3 1233,0,58.5,1.5047,0,0,0,0,0.0556,0,0.0667,0.0333,,,D,◎,,0.2759,0.6815,,0.4899,S,94,0,◎1着固定 2-3着流し（5〜8点）,0.5777,"{'is_target': True, 'verdict': '点数絞り', 'max_combo_prob': 0.089, 'est_top_odds': 15.0, 'circle_concentration': 83.5, 'eligible_count': 6, 'bet_adj': 0, 'reason': 'rel_win1=59.9%（本命度） / 最有力組み合わせ確率: 0.089（推定実オッズ?15倍） / 2着集中度: 上位2艇 83.5%（補正+0.04） / 総合判定確率: 0.129 / → ヒモはやや固め。上位2艇以外を切ること', 'tenji_trigger': '展示確認: 1号艇伸び良→そのまま採用。悪→飛び組に差し替え。circle_pct上位2艇に絞り込むこと。'}",,,30.3,逃げ狙い,15.97,36.5,2,,,,,,,,,,,
2026-04-14,丸亀,11,1,徳増秀樹,A1,26.81,1,◎,54.4959,,0,87.5,0.1475,3.0804,,,0,低,35,0,逃1%,12411,0,84.3,1.1138,0.6667,,,,,0.0694,0.0296,0.0444,◎,,D,○,,,0.67,,0.5429,S,86,0,◎1着固定 2-3着流し（5〜8点）,0.5777,"{'is_target': True, 'verdict': '参加推奨', 'max_combo_prob': 0.0681, 'est_top_odds': 19.6, 'circle_concentration': 64.4, 'eligible_count': 6, 'bet_adj': 2, 'reason': 'rel_win1=54.5%（本命度） / 最有力組み合わせ確率: 0.068（推定実オッズ?20倍） / 2着集中度: 上位2艇 64.4%（補正+0.00） / 総合判定確率: 0.068 / → ヒモ分散。1号艇1着固定で広めのヒモ流し推奨（買い目+2点）', 'tenji_trigger': '展示確認: ヒモ分散レース。1号艇伸び確認後、広めのヒモ流しを採用。穴ヒモ（5・6号艇）を積極的に含める。'}",,,27.6,逃げ狙い,21.32,24.1,4,,,,,0,0,0.7559,0,,逃げ軸流し,A
2026-04-14,丸亀,11,2,是澤孝宏,A2,35.66,2,▲,16.5459,38.8,54,61.4,0.1657,3.4143,,,0,低,125,0,差0%,411 16,0,20.2,0.616,0,0.1389,0,0,0,0.1625,0.0125,0.0375,,,B,,,0.1499,0.6235,,0.5429,S,86,0,◎1着固定 2-3着流し（5〜8点）,0.5777,"{'is_target': True, 'verdict': '参加推奨', 'max_combo_prob': 0.0681, 'est_top_odds': 19.6, 'circle_concentration': 64.4, 'eligible_count': 6, 'bet_adj': 2, 'reason': 'rel_win1=54.5%（本命度） / 最有力組み合わせ確率: 0.068（推定実オッズ?20倍） / 2着集中度: 上位2艇 64.4%（補正+0.00） / 総合判定確率: 0.068 / → ヒモ分散。1号艇1着固定で広めのヒモ流し推奨（買い目+2点）', 'tenji_trigger': '展示確認: ヒモ分散レース。1号艇伸び確認後、広めのヒモ流しを採用。穴ヒモ（5・6号艇）を積極的に含める。'}",,,27.6,逃げ狙い,21.32,24.1,4,,,,,,,,,,,
2026-04-14,丸亀,11,3,野末智一,A2,34.92,3,△,10.0694,25.7,71,62,0.1865,3.8354,,,0,低,227,0,-,443 23,0,83.5,1.7487,0,0.0645,0,0.0323,0.0323,0.1722,0.1512,0.0737,,,B,△,,0.1105,0.6595,,0.5429,S,86,0,◎1着固定 2-3着流し（5〜8点）,0.5777,"{'is_target': True, 'verdict': '参加推奨', 'max_combo_prob': 0.0681, 'est_top_odds': 19.6, 'circle_concentration': 64.4, 'eligible_count': 6, 'bet_adj': 2, 'reason': 'rel_win1=54.5%（本命度） / 最有力組み合わせ確率: 0.068（推定実オッズ?20倍） / 2着集中度: 上位2艇 64.4%（補正+0.00） / 総合判定確率: 0.068 / → ヒモ分散。1号艇1着固定で広めのヒモ流し推奨（買い目+2点）', 'tenji_trigger': '展示確認: ヒモ分散レース。1号艇伸び確認後、広めのヒモ流しを採用。穴ヒモ（5・6号艇）を積極的に含める。'}",,,27.6,逃げ狙い,21.32,24.1,4,,,,,,,,,,,
2026-04-14,丸亀,11,4,北山康介,A1,32.81,4,○,13.8648,19.8,76,64.6,0.1388,2.7708,,,0,低,69,0,差0% ま0%,334331,0,83.5,1.4719,0,0.0556,0.1111,0,0,0.0694,0.1138,0,,,C,△,◎,0.3398,0.663,0.323,0.5429,S,86,0,◎1着固定 2-3着流し（5〜8点）,0.5777,"{'is_target': True, 'verdict': '参加推奨', 'max_combo_prob': 0.0681, 'est_top_odds': 19.6, 'circle_concentration': 64.4, 'eligible_count': 6, 'bet_adj': 2, 'reason': 'rel_win1=54.5%（本命度） / 最有力組み合わせ確率: 0.068（推定実オッズ?20倍） / 2着集中度: 上位2艇 64.4%（補正+0.00） / 総合判定確率: 0.068 / → ヒモ分散。1号艇1着固定で広めのヒモ流し推奨（買い目+2点）', 'tenji_trigger': '展示確認: ヒモ分散レース。1号艇伸び確認後、広めのヒモ流しを採用。穴ヒモ（5・6号艇）を積極的に含める。'}",,,27.6,逃げ狙い,21.32,24.1,4,,,,,,,,,,,
2026-04-14,丸亀,11,5,市橋卓士,A1,25.19,5,,4.067,14.2,100,57.4,0.1483,3.1667,,,0,低,93,0,差ま0%,363622,0,81.5,1.4955,0,0,0,0.0357,0,0.1045,0.0879,0.0795,,,E,,,0.2773,0.6155,,0.5429,S,86,0,◎1着固定 2-3着流し（5〜8点）,0.5777,"{'is_target': True, 'verdict': '参加推奨', 'max_combo_prob': 0.0681, 'est_top_odds': 19.6, 'circle_concentration': 64.4, 'eligible_count': 6, 'bet_adj': 2, 'reason': 'rel_win1=54.5%（本命度） / 最有力組み合わせ確率: 0.068（推定実オッズ?20倍） / 2着集中度: 上位2艇 64.4%（補正+0.00） / 総合判定確率: 0.068 / → ヒモ分散。1号艇1着固定で広めのヒモ流し推奨（買い目+2点）', 'tenji_trigger': '展示確認: ヒモ分散レース。1号艇伸び確認後、広めのヒモ流しを採用。穴ヒモ（5・6号艇）を積極的に含める。'}",,,27.6,逃げ狙い,21.32,24.1,4,,,,,,,,,,,
2026-04-14,丸亀,11,6,堀本和也,A1,28.70,6,,0.957,1.6,63,44.4,0.1389,2.6111,,,0,低,22,0,-,223 42,0,89.4,1.7142,,,,,,0.04,0.04,0.12,,,D,◎,,0.3412,0.769,,0.5429,S,86,0,◎1着固定 2-3着流し（5〜8点）,0.5777,"{'is_target': True, 'verdict': '参加推奨', 'max_combo_prob': 0.0681, 'est_top_odds': 19.6, 'circle_concentration': 64.4, 'eligible_count': 6, 'bet_adj': 2, 'reason': 'rel_win1=54.5%（本命度） / 最有力組み合わせ確率: 0.068（推定実オッズ?20倍） / 2着集中度: 上位2艇 64.4%（補正+0.00） / 総合判定確率: 0.068 / → ヒモ分散。1号艇1着固定で広めのヒモ流し推奨（買い目+2点）', 'tenji_trigger': '展示確認: ヒモ分散レース。1号艇伸び確認後、広めのヒモ流しを採用。穴ヒモ（5・6号艇）を積極的に含める。'}",,,27.6,逃げ狙い,21.32,24.1,4,,,,,,,,,,,
2026-04-14,丸亀,12,1,今井裕梨,A2,32.03,1,◎,69.3517,,0,85.2,0.1593,2.7778,,,0,低,38,0,逃0%,1 263,0,88.1,1.1475,0.4545,,,,,0.1818,0.0909,0.1818,◎,,C,◎,,,0.6515,,0.5911,A,75,0,◎-○軸 3着3〜4艇流し（10〜15点）,0.5777,"{'is_target': True, 'verdict': '点数絞り', 'max_combo_prob': 0.1364, 'est_top_odds': 9.8, 'circle_concentration': 78.2, 'eligible_count': 8, 'bet_adj': 0, 'reason': 'rel_win1=69.4%（本命度） / 最有力組み合わせ確率: 0.136（推定実オッズ?10倍） / 2着集中度: 上位2艇 78.2%（補正+0.04） / 総合判定確率: 0.176 / → ヒモはやや固め。上位2艇以外を切ること', 'tenji_trigger': '展示確認: 1号艇伸び良→そのまま採用。悪→飛び組に差し替え。circle_pct上位2艇に絞り込むこと。'}",,,28.6,逃げ狙い,15.69,31.8,3,,,,,0,0,0.7559,0,,逃げ軸流し,A
2026-04-14,丸亀,12,2,小野　桜,B1,24.03,2,,10.4063,48,63,66.7,0.1988,4.2727,,,0,低,90,0,差0% ま0%,2 644,0,43,1.0626,0,0.0588,0.0588,0,0,0,0.0941,0.3176,,,E,○,,0.0629,0.611,,0.5911,A,75,0,◎-○軸 3着3〜4艇流し（10〜15点）,0.5777,"{'is_target': True, 'verdict': '点数絞り', 'max_combo_prob': 0.1364, 'est_top_odds': 9.8, 'circle_concentration': 78.2, 'eligible_count': 8, 'bet_adj': 0, 'reason': 'rel_win1=69.4%（本命度） / 最有力組み合わせ確率: 0.136（推定実オッズ?10倍） / 2着集中度: 上位2艇 78.2%（補正+0.04） / 総合判定確率: 0.176 / → ヒモはやや固め。上位2艇以外を切ること', 'tenji_trigger': '展示確認: 1号艇伸び良→そのまま採用。悪→飛び組に差し替え。circle_pct上位2艇に絞り込むこと。'}",,,28.6,逃げ狙い,15.69,31.8,3,,,,,,,,,,,
2026-04-14,丸亀,12,3,川井　萌,B2,27.69,3,△,8.5007,30.2,55,56,0.1528,3.3,,,0,低,50,0,-,546 54,0,41.9,0.991,,,,,,0,0.5,0,,,D,△,,0.3449,0.6045,,0.5911,A,75,0,◎-○軸 3着3〜4艇流し（10〜15点）,0.5777,"{'is_target': True, 'verdict': '点数絞り', 'max_combo_prob': 0.1364, 'est_top_odds': 9.8, 'circle_concentration': 78.2, 'eligible_count': 8, 'bet_adj': 0, 'reason': 'rel_win1=69.4%（本命度） / 最有力組み合わせ確率: 0.136（推定実オッズ?10倍） / 2着集中度: 上位2艇 78.2%（補正+0.04） / 総合判定確率: 0.176 / → ヒモはやや固め。上位2艇以外を切ること', 'tenji_trigger': '展示確認: 1号艇伸び良→そのまま採用。悪→飛び組に差し替え。circle_pct上位2艇に絞り込むこと。'}",,,28.6,逃げ狙い,15.69,31.8,3,,,,,,,,,,,
2026-04-14,丸亀,12,4,間庭菜摘,B1,29.46,4,,5.3931,10.9,100,33.3,0.191,3.5667,,,0,低,76,0,-,2 445,0,22,0.6928,,,,,,0,0.4,0.04,,,D,△,,0.1867,0.5795,,0.5911,A,75,0,◎-○軸 3着3〜4艇流し（10〜15点）,0.5777,"{'is_target': True, 'verdict': '点数絞り', 'max_combo_prob': 0.1364, 'est_top_odds': 9.8, 'circle_concentration': 78.2, 'eligible_count': 8, 'bet_adj': 0, 'reason': 'rel_win1=69.4%（本命度） / 最有力組み合わせ確率: 0.136（推定実オッズ?10倍） / 2着集中度: 上位2艇 78.2%（補正+0.04） / 総合判定確率: 0.176 / → ヒモはやや固め。上位2艇以外を切ること', 'tenji_trigger': '展示確認: 1号艇伸び良→そのまま採用。悪→飛び組に差し替え。circle_pct上位2艇に絞り込むこと。'}",,,28.6,逃げ狙い,15.69,31.8,3,,,,,,,,,,,
2026-04-14,丸亀,12,5,深見亜由,B2,34.88,5,○,5.171,8.9,70,0,0.1643,3.5714,,,0,低,23,1,-,5 442,0,32.1,0.7183,,,,,,0.36,0.64,0,,,B,,,0.2941,0.497,,0.5911,A,75,0,◎-○軸 3着3〜4艇流し（10〜15点）,0.5777,"{'is_target': True, 'verdict': '点数絞り', 'max_combo_prob': 0.1364, 'est_top_odds': 9.8, 'circle_concentration': 78.2, 'eligible_count': 8, 'bet_adj': 0, 'reason': 'rel_win1=69.4%（本命度） / 最有力組み合わせ確率: 0.136（推定実オッズ?10倍） / 2着集中度: 上位2艇 78.2%（補正+0.04） / 総合判定確率: 0.176 / → ヒモはやや固め。上位2艇以外を切ること', 'tenji_trigger': '展示確認: 1号艇伸び良→そのまま採用。悪→飛び組に差し替え。circle_pct上位2艇に絞り込むこと。'}",,,28.6,逃げ狙い,15.69,31.8,3,,,,,,,,,,,
2026-04-14,丸亀,12,6,樋江井舞,B1,38.28,6,▲,1.1772,2,19,4.3,0.1948,4.0924,,,0,低,76,0,-,363 66,0,22,0.6017,,,,,,,,,,,B,,,0.1971,0.539,,0.5911,A,75,0,◎-○軸 3着3〜4艇流し（10〜15点）,0.5777,"{'is_target': True, 'verdict': '点数絞り', 'max_combo_prob': 0.1364, 'est_top_odds': 9.8, 'circle_concentration': 78.2, 'eligible_count': 8, 'bet_adj': 0, 'reason': 'rel_win1=69.4%（本命度） / 最有力組み合わせ確率: 0.136（推定実オッズ?10倍） / 2着集中度: 上位2艇 78.2%（補正+0.04） / 総合判定確率: 0.176 / → ヒモはやや固め。上位2艇以外を切ること', 'tenji_trigger': '展示確認: 1号艇伸び良→そのまま採用。悪→飛び組に差し替え。circle_pct上位2艇に絞り込むこと。'}",,,28.6,逃げ狙い,15.69,31.8,3,,,,,,,,,,,
2026-04-15,丸亀,1,1,中澤宏奈,B2,39.39,1,◎,64.2113,,0,86.2,0.1803,3.7414,,,0,低,56,0,逃1%,252 32,0,81.7,1.1379,0.625,,,,,0.05,0,0.4,○,,B,◎,,,0.5985,,0.3431,A,71,0,◎-○軸 3着3〜4艇流し（10〜15点）,0.5777,"{'is_target': True, 'verdict': '点数絞り', 'max_combo_prob': 0.1249, 'est_top_odds': 10.7, 'circle_concentration': 77.4, 'eligible_count': 8, 'bet_adj': 0, 'reason': 'rel_win1=64.2%（本命度） / 最有力組み合わせ確率: 0.125（推定実オッズ?11倍） / 2着集中度: 上位2艇 77.4%（補正+0.04） / 総合判定確率: 0.165 / → ヒモはやや固め。上位2艇以外を切ること', 'tenji_trigger': '展示確認: 1号艇伸び良→そのまま採用。悪→飛び組に差し替え。circle_pct上位2艇に絞り込むこと。\n展示で1号艇スタート遅め(0.180秒)確認→ヒモが荒れやすい'}",,,28.1,逃げ狙い,14.11,31.6,4,,,,,0,0,0.6155,0,,逃げ軸流し,A
2026-04-15,丸亀,1,2,谷口　丞,B1,45.24,2,○,13.2176,52.7,95,50,0.1425,3.625,,,0,低,67,1,-,456 55,0,89,0.849,,,,,,0,0.3333,0.3333,,◎,A,,,0.5775,0.536,,0.3431,A,71,0,◎-○軸 3着3〜4艇流し（10〜15点）,0.5777,"{'is_target': True, 'verdict': '点数絞り', 'max_combo_prob': 0.1249, 'est_top_odds': 10.7, 'circle_concentration': 77.4, 'eligible_count': 8, 'bet_adj': 0, 'reason': 'rel_win1=64.2%（本命度） / 最有力組み合わせ確率: 0.125（推定実オッズ?11倍） / 2着集中度: 上位2艇 77.4%（補正+0.04） / 総合判定確率: 0.165 / → ヒモはやや固め。上位2艇以外を切ること', 'tenji_trigger': '展示確認: 1号艇伸び良→そのまま採用。悪→飛び組に差し替え。circle_pct上位2艇に絞り込むこと。\n展示で1号艇スタート遅め(0.180秒)確認→ヒモが荒れやすい'}",,,28.1,逃げ狙い,14.11,31.6,4,,,,,,,,,,,
2026-04-15,丸亀,1,3,本吉正樹,B1,25.76,3,,7.3948,24.7,74,34.5,0.1795,3.3879,,,0,低,152,0,-,2 426,0,60.8,1.4119,0,0.0333,0,0.0667,0,0.175,0.2643,0.0143,,,D,△,,0.2924,0.585,,0.3431,A,71,0,◎-○軸 3着3〜4艇流し（10〜15点）,0.5777,"{'is_target': True, 'verdict': '点数絞り', 'max_combo_prob': 0.1249, 'est_top_odds': 10.7, 'circle_concentration': 77.4, 'eligible_count': 8, 'bet_adj': 0, 'reason': 'rel_win1=64.2%（本命度） / 最有力組み合わせ確率: 0.125（推定実オッズ?11倍） / 2着集中度: 上位2艇 77.4%（補正+0.04） / 総合判定確率: 0.165 / → ヒモはやや固め。上位2艇以外を切ること', 'tenji_trigger': '展示確認: 1号艇伸び良→そのまま採用。悪→飛び組に差し替え。circle_pct上位2艇に絞り込むこと。\n展示で1号艇スタート遅め(0.180秒)確認→ヒモが荒れやすい'}",,,28.1,逃げ狙い,14.11,31.6,4,,,,,,,,,,,
2026-04-15,丸亀,1,4,上瀧絢也,B2,38.81,4,▲,8.766,9.8,100,26.8,0.1605,3.5976,,,0,低,78,0,-,1 566,0,48.7,1.0621,,,,,,0.0923,0.2423,0,,,B,○,,0.3897,0.595,,0.3431,A,71,0,◎-○軸 3着3〜4艇流し（10〜15点）,0.5777,"{'is_target': True, 'verdict': '点数絞り', 'max_combo_prob': 0.1249, 'est_top_odds': 10.7, 'circle_concentration': 77.4, 'eligible_count': 8, 'bet_adj': 0, 'reason': 'rel_win1=64.2%（本命度） / 最有力組み合わせ確率: 0.125（推定実オッズ?11倍） / 2着集中度: 上位2艇 77.4%（補正+0.04） / 総合判定確率: 0.165 / → ヒモはやや固め。上位2艇以外を切ること', 'tenji_trigger': '展示確認: 1号艇伸び良→そのまま採用。悪→飛び組に差し替え。circle_pct上位2艇に絞り込むこと。\n展示で1号艇スタート遅め(0.180秒)確認→ヒモが荒れやすい'}",,,28.1,逃げ狙い,14.11,31.6,4,,,,,,,,,,,
2026-04-15,丸亀,1,5,坂口貴彦,B1,22.73,5,,5.2989,9.7,50,27.7,0.1706,3.8077,,,0,低,134,0,-,1 256,0,29.1,1.5729,,,,,,0.0471,0.1235,0.1471,,,E,△,,0.3409,0.591,,0.3431,A,71,0,◎-○軸 3着3〜4艇流し（10〜15点）,0.5777,"{'is_target': True, 'verdict': '点数絞り', 'max_combo_prob': 0.1249, 'est_top_odds': 10.7, 'circle_concentration': 77.4, 'eligible_count': 8, 'bet_adj': 0, 'reason': 'rel_win1=64.2%（本命度） / 最有力組み合わせ確率: 0.125（推定実オッズ?11倍） / 2着集中度: 上位2艇 77.4%（補正+0.04） / 総合判定確率: 0.165 / → ヒモはやや固め。上位2艇以外を切ること', 'tenji_trigger': '展示確認: 1号艇伸び良→そのまま採用。悪→飛び組に差し替え。circle_pct上位2艇に絞り込むこと。\n展示で1号艇スタート遅め(0.180秒)確認→ヒモが荒れやすい'}",,,28.1,逃げ狙い,14.11,31.6,4,,,,,,,,,,,
2026-04-15,丸亀,1,6,須藤隆雄,B1,26.98,6,△,1.1114,3.1,47,9.8,0.1759,3.7439,,,0,低,110,0,-,652 45,0,28,0.8089,,,,,,0.1364,0.0909,0.6455,,,D,△,,0.324,0.585,,0.3431,A,71,0,◎-○軸 3着3〜4艇流し（10〜15点）,0.5777,"{'is_target': True, 'verdict': '点数絞り', 'max_combo_prob': 0.1249, 'est_top_odds': 10.7, 'circle_concentration': 77.4, 'eligible_count': 8, 'bet_adj': 0, 'reason': 'rel_win1=64.2%（本命度） / 最有力組み合わせ確率: 0.125（推定実オッズ?11倍） / 2着集中度: 上位2艇 77.4%（補正+0.04） / 総合判定確率: 0.165 / → ヒモはやや固め。上位2艇以外を切ること', 'tenji_trigger': '展示確認: 1号艇伸び良→そのまま採用。悪→飛び組に差し替え。circle_pct上位2艇に絞り込むこと。\n展示で1号艇スタート遅め(0.180秒)確認→ヒモが荒れやすい'}",,,28.1,逃げ狙い,14.11,31.6,4,,,,,,,,,,,
2026-04-15,丸亀,2,1,小野　桜,B1,24.03,1,◎,55.4793,,0,72.2,0.1925,3.5833,,,0,低,90,0,逃0%,2 644,0,54.5,0.9597,0.4118,,,,,0,0.0941,0.3176,△,,D,△,,,0.611,,0.2931,A,70,0,◎-○軸 3着3〜4艇流し（10〜15点）,0.5777,"{'is_target': True, 'verdict': '参加推奨', 'max_combo_prob': 0.0759, 'est_top_odds': 17.6, 'circle_concentration': 65.7, 'eligible_count': 8, 'bet_adj': 2, 'reason': 'rel_win1=55.5%（本命度） / 最有力組み合わせ確率: 0.076（推定実オッズ?18倍） / 2着集中度: 上位2艇 65.7%（補正+0.00） / 総合判定確率: 0.076 / → ヒモ分散。1号艇1着固定で広めのヒモ流し推奨（買い目+2点）', 'tenji_trigger': '展示確認: ヒモ分散レース。1号艇伸び確認後、広めのヒモ流しを採用。穴ヒモ（5・6号艇）を積極的に含める。\n展示で1号艇スタート遅め(0.193秒)確認→ヒモが荒れやすい'}",,,31.6,逃げ狙い,10.45,30.5,3,2-1-3|1-2-3|1-2-5|1-3-2|1-3-5|1-4-2,6-1-3|4-5-6|6-1-4|6-4-1|6-3-1|2-1-3|6-1-5|1-2-3|1-2-5|1-3-2|1-3-5|1-4-2,2-1-3:2.23%|1-2-3:7.04%|1-2-5:6.49%|1-3-2:6.44%|1-3-5:5.03%|1-4-2:4.49%,2-1-3:B_main|1-2-3:A|1-2-5:A|1-3-2:A|1-3-5:A|1-4-2:A,6,12,0.4535,1,[!]見送り推奨（主役決まり手「差し」― 逃げ劣勢レースで的中実績なし）,荒れ広め,D
2026-04-15,丸亀,2,2,吉永泰弘,B1,56.69,2,○,10.524,39.1,87,40.4,0.169,3.4615,,,0,低,137,0,-,5 153,0,95.9,1.8462,0,0.0476,0,0,0,0.2376,0.4541,0.0235,,◎,A,◎,,0.5443,0.6525,,0.2931,A,70,0,◎-○軸 3着3〜4艇流し（10〜15点）,0.5777,"{'is_target': True, 'verdict': '参加推奨', 'max_combo_prob': 0.0759, 'est_top_odds': 17.6, 'circle_concentration': 65.7, 'eligible_count': 8, 'bet_adj': 2, 'reason': 'rel_win1=55.5%（本命度） / 最有力組み合わせ確率: 0.076（推定実オッズ?18倍） / 2着集中度: 上位2艇 65.7%（補正+0.00） / 総合判定確率: 0.076 / → ヒモ分散。1号艇1着固定で広めのヒモ流し推奨（買い目+2点）', 'tenji_trigger': '展示確認: ヒモ分散レース。1号艇伸び確認後、広めのヒモ流しを採用。穴ヒモ（5・6号艇）を積極的に含める。\n展示で1号艇スタート遅め(0.193秒)確認→ヒモが荒れやすい'}",,,31.6,逃げ狙い,10.45,30.5,3,,,,,,,,,,,
2026-04-15,丸亀,2,3,松山裕基,B1,22.90,3,,11.7369,26.5,81,41,0.1475,3.4262,,,0,低,100,0,抜0%,143 44,0,55.2,0.9019,0,0,0,0,0.0333,0.0696,0.2417,0.3096,,○,E,△,,0.4965,0.6065,,0.2931,A,70,0,◎-○軸 3着3〜4艇流し（10〜15点）,0.5777,"{'is_target': True, 'verdict': '参加推奨', 'max_combo_prob': 0.0759, 'est_top_odds': 17.6, 'circle_concentration': 65.7, 'eligible_count': 8, 'bet_adj': 2, 'reason': 'rel_win1=55.5%（本命度） / 最有力組み合わせ確率: 0.076（推定実オッズ?18倍） / 2着集中度: 上位2艇 65.7%（補正+0.00） / 総合判定確率: 0.076 / → ヒモ分散。1号艇1着固定で広めのヒモ流し推奨（買い目+2点）', 'tenji_trigger': '展示確認: ヒモ分散レース。1号艇伸び確認後、広めのヒモ流しを採用。穴ヒモ（5・6号艇）を積極的に含める。\n展示で1号艇スタート遅め(0.193秒)確認→ヒモが荒れやすい'}",,,31.6,逃げ狙い,10.45,30.5,3,,,,,,,,,,,
2026-04-15,丸亀,2,4,森林　太,B1,25.00,4,,8.5962,19.8,70,34.5,0.1905,4.1379,,,0,低,204,0,-,545 56,0,26.6,0.8579,0,0.04,0,0.04,0,0.0667,0.3556,0.1222,,,D,,,0.3031,0.555,,0.2931,A,70,0,◎-○軸 3着3〜4艇流し（10〜15点）,0.5777,"{'is_target': True, 'verdict': '参加推奨', 'max_combo_prob': 0.0759, 'est_top_odds': 17.6, 'circle_concentration': 65.7, 'eligible_count': 8, 'bet_adj': 2, 'reason': 'rel_win1=55.5%（本命度） / 最有力組み合わせ確率: 0.076（推定実オッズ?18倍） / 2着集中度: 上位2艇 65.7%（補正+0.00） / 総合判定確率: 0.076 / → ヒモ分散。1号艇1着固定で広めのヒモ流し推奨（買い目+2点）', 'tenji_trigger': '展示確認: ヒモ分散レース。1号艇伸び確認後、広めのヒモ流しを採用。穴ヒモ（5・6号艇）を積極的に含める。\n展示で1号艇スタート遅め(0.193秒)確認→ヒモが荒れやすい'}",,,31.6,逃げ狙い,10.45,30.5,3,,,,,,,,,,,
2026-04-15,丸亀,2,5,杉山喜一,B1,35.94,5,▲,7.3966,9.9,100,38.8,0.1618,3.2653,,,0,低,91,0,差ま0%,2 445,0,28.8,1.1902,0,0,0,0.0667,0,0.0471,0.6382,0,,△,B,○,,0.4021,0.625,,0.2931,A,70,0,◎-○軸 3着3〜4艇流し（10〜15点）,0.5777,"{'is_target': True, 'verdict': '参加推奨', 'max_combo_prob': 0.0759, 'est_top_odds': 17.6, 'circle_concentration': 65.7, 'eligible_count': 8, 'bet_adj': 2, 'reason': 'rel_win1=55.5%（本命度） / 最有力組み合わせ確率: 0.076（推定実オッズ?18倍） / 2着集中度: 上位2艇 65.7%（補正+0.00） / 総合判定確率: 0.076 / → ヒモ分散。1号艇1着固定で広めのヒモ流し推奨（買い目+2点）', 'tenji_trigger': '展示確認: ヒモ分散レース。1号艇伸び確認後、広めのヒモ流しを採用。穴ヒモ（5・6号艇）を積極的に含める。\n展示で1号艇スタート遅め(0.193秒)確認→ヒモが荒れやすい'}",,,31.6,逃げ狙い,10.45,30.5,3,,,,,,,,,,,
2026-04-15,丸亀,2,6,入澤友治,A2,25.40,6,△,6.267,4.6,35,29.2,0.1635,3.4692,,,0,低,126,0,ま0%,6 2652,0,61.6,1.3883,0,0,0.0357,0,0,0.0943,0.0943,0.2486,,,D,,,0.3907,0.595,,0.2931,A,70,0,◎-○軸 3着3〜4艇流し（10〜15点）,0.5777,"{'is_target': True, 'verdict': '参加推奨', 'max_combo_prob': 0.0759, 'est_top_odds': 17.6, 'circle_concentration': 65.7, 'eligible_count': 8, 'bet_adj': 2, 'reason': 'rel_win1=55.5%（本命度） / 最有力組み合わせ確率: 0.076（推定実オッズ?18倍） / 2着集中度: 上位2艇 65.7%（補正+0.00） / 総合判定確率: 0.076 / → ヒモ分散。1号艇1着固定で広めのヒモ流し推奨（買い目+2点）', 'tenji_trigger': '展示確認: ヒモ分散レース。1号艇伸び確認後、広めのヒモ流しを採用。穴ヒモ（5・6号艇）を積極的に含める。\n展示で1号艇スタート遅め(0.193秒)確認→ヒモが荒れやすい'}",,,31.6,逃げ狙い,10.45,30.5,3,,,,,,,,,,,
2026-04-15,丸亀,3,1,榮田将彦,B1,33.85,1,◎,54.163,,0,77.1,0.1554,3.3714,,,0,低,41,0,逃0%,642 23,0,65.2,1.0051,0.3333,,,,,0.28,0.0533,0.0267,○,,C,◎,,,0.6605,,0.4029,A,67,0,◎-○軸 3着3〜4艇流し（10〜15点）,0.5777,"{'is_target': True, 'verdict': '点数絞り', 'max_combo_prob': 0.0851, 'est_top_odds': 15.7, 'circle_concentration': 78.6, 'eligible_count': 8, 'bet_adj': 0, 'reason': 'rel_win1=54.2%（本命度） / 最有力組み合わせ確率: 0.085（推定実オッズ?16倍） / 2着集中度: 上位2艇 78.6%（補正+0.04） / 総合判定確率: 0.125 / → ヒモはやや固め。上位2艇以外を切ること', 'tenji_trigger': '展示確認: 1号艇伸び良→そのまま採用。悪→飛び組に差し替え。circle_pct上位2艇に絞り込むこと。'}",,,27.6,逃げ狙い,11.27,32.7,3,,,,,0,0,0.6155,0,,逃げ軸流し,A
2026-04-15,丸亀,3,2,間庭菜摘,B1,29.46,2,,16.0737,53.5,100,54,0.2051,4.4324,,,0,低,76,0,差0%,2 445,0,32.6,0.9378,0,0.0556,0,0,0,0,0.4,0.04,,,D,△,,0.1033,0.5795,,0.4029,A,67,0,◎-○軸 3着3〜4艇流し（10〜15点）,0.5777,"{'is_target': True, 'verdict': '点数絞り', 'max_combo_prob': 0.0851, 'est_top_odds': 15.7, 'circle_concentration': 78.6, 'eligible_count': 8, 'bet_adj': 0, 'reason': 'rel_win1=54.2%（本命度） / 最有力組み合わせ確率: 0.085（推定実オッズ?16倍） / 2着集中度: 上位2艇 78.6%（補正+0.04） / 総合判定確率: 0.125 / → ヒモはやや固め。上位2艇以外を切ること', 'tenji_trigger': '展示確認: 1号艇伸び良→そのまま採用。悪→飛び組に差し替え。circle_pct上位2艇に絞り込むこと。'}",,,27.6,逃げ狙い,11.27,32.7,3,,,,,,,,,,,
2026-04-15,丸亀,3,3,樋江井舞,B1,38.28,3,○,16.151,25,76,25,0.16,3.9375,,,0,低,76,1,-,363 66,0,33,0.8517,,,,,,,,,,,B,,,0.3113,0.539,,0.4029,A,67,0,◎-○軸 3着3〜4艇流し（10〜15点）,0.5777,"{'is_target': True, 'verdict': '点数絞り', 'max_combo_prob': 0.0851, 'est_top_odds': 15.7, 'circle_concentration': 78.6, 'eligible_count': 8, 'bet_adj': 0, 'reason': 'rel_win1=54.2%（本命度） / 最有力組み合わせ確率: 0.085（推定実オッズ?16倍） / 2着集中度: 上位2艇 78.6%（補正+0.04） / 総合判定確率: 0.125 / → ヒモはやや固め。上位2艇以外を切ること', 'tenji_trigger': '展示確認: 1号艇伸び良→そのまま採用。悪→飛び組に差し替え。circle_pct上位2艇に絞り込むこと。'}",,,27.6,逃げ狙い,11.27,32.7,3,,,,,,,,,,,
2026-04-15,丸亀,3,4,成貞琳平,B1,23.08,4,,5.6002,14.7,74,23.9,0.1854,4.0217,,,0,低,120,0,-,3 555,0,19.4,0.5668,,,,,,0.075,0.375,0.25,,,E,△,,0.2013,0.5785,,0.4029,A,67,0,◎-○軸 3着3〜4艇流し（10〜15点）,0.5777,"{'is_target': True, 'verdict': '点数絞り', 'max_combo_prob': 0.0851, 'est_top_odds': 15.7, 'circle_concentration': 78.6, 'eligible_count': 8, 'bet_adj': 0, 'reason': 'rel_win1=54.2%（本命度） / 最有力組み合わせ確率: 0.085（推定実オッズ?16倍） / 2着集中度: 上位2艇 78.6%（補正+0.04） / 総合判定確率: 0.125 / → ヒモはやや固め。上位2艇以外を切ること', 'tenji_trigger': '展示確認: 1号艇伸び良→そのまま採用。悪→飛び組に差し替え。circle_pct上位2艇に絞り込むこと。'}",,,27.6,逃げ狙い,11.27,32.7,3,,,,,,,,,,,
2026-04-15,丸亀,3,5,三好勇人,A2,37.80,5,△,6.4319,1.6,65,26.8,0.1598,3.3214,,,0,低,88,0,-,451 23,0,100,2.5621,0,0,0,0.0333,0,0.0133,0.16,0.0533,,,C,○,,0.2723,0.6185,,0.4029,A,67,0,◎-○軸 3着3〜4艇流し（10〜15点）,0.5777,"{'is_target': True, 'verdict': '点数絞り', 'max_combo_prob': 0.0851, 'est_top_odds': 15.7, 'circle_concentration': 78.6, 'eligible_count': 8, 'bet_adj': 0, 'reason': 'rel_win1=54.2%（本命度） / 最有力組み合わせ確率: 0.085（推定実オッズ?16倍） / 2着集中度: 上位2艇 78.6%（補正+0.04） / 総合判定確率: 0.125 / → ヒモはやや固め。上位2艇以外を切ること', 'tenji_trigger': '展示確認: 1号艇伸び良→そのまま採用。悪→飛び組に差し替え。circle_pct上位2艇に絞り込むこと。'}",,,27.6,逃げ狙い,11.27,32.7,3,,,,,,,,,,,
2026-04-15,丸亀,3,6,田添康介,B1,48.84,6,▲,1.5801,5.1,44,19.1,0.1598,3.2738,,,0,低,78,0,-,5 6 36,0,22.6,0.5183,,,,,,0.375,0.375,0,,,A,,,0.308,0.5535,,0.4029,A,67,0,◎-○軸 3着3〜4艇流し（10〜15点）,0.5777,"{'is_target': True, 'verdict': '点数絞り', 'max_combo_prob': 0.0851, 'est_top_odds': 15.7, 'circle_concentration': 78.6, 'eligible_count': 8, 'bet_adj': 0, 'reason': 'rel_win1=54.2%（本命度） / 最有力組み合わせ確率: 0.085（推定実オッズ?16倍） / 2着集中度: 上位2艇 78.6%（補正+0.04） / 総合判定確率: 0.125 / → ヒモはやや固め。上位2艇以外を切ること', 'tenji_trigger': '展示確認: 1号艇伸び良→そのまま採用。悪→飛び組に差し替え。circle_pct上位2艇に絞り込むこと。'}",,,27.6,逃げ狙い,11.27,32.7,3,,,,,,,,,,,
2026-04-15,丸亀,4,1,小野寺智,B1,27.69,1,◎,60.2585,,0,87.7,0.1182,2.5411,,,0,低,79,0,逃1%,126 14,0,94.2,1.2853,0.4348,,,,,0.1217,0.0174,0.3096,◎,,D,△,,,0.6185,,0.6541,S,95,0,◎1着固定 2-3着流し（5〜8点）,0.5777,"{'is_target': True, 'verdict': '参加推奨', 'max_combo_prob': 0.0657, 'est_top_odds': 20.3, 'circle_concentration': 77.2, 'eligible_count': 6, 'bet_adj': 2, 'reason': 'rel_win1=60.3%（本命度） / 最有力組み合わせ確率: 0.066（推定実オッズ?20倍） / 2着集中度: 上位2艇 77.2%（補正+0.04） / 総合判定確率: 0.106 / → ヒモ分散。1号艇1着固定で広めのヒモ流し推奨（買い目+2点）', 'tenji_trigger': '展示確認: ヒモ分散レース。1号艇伸び確認後、広めのヒモ流しを採用。穴ヒモ（5・6号艇）を積極的に含める。\n展示で1号艇スタート超安定(0.118秒)→ヒモ固まり方向に注意'}",,,26.6,逃げ狙い,12.78,28.7,3,,,,,0,0,0.7559,0,,逃げ軸流し,A
2026-04-15,丸亀,4,2,深見亜由,B2,34.88,2,△,15.6735,36.7,95,50,0.1988,3.25,,,0,低,23,1,-,5 442,0,30,0.8774,,,,,,0.36,0.64,0,,,C,,,0.0958,0.497,,0.6541,S,95,0,◎1着固定 2-3着流し（5〜8点）,0.5777,"{'is_target': True, 'verdict': '参加推奨', 'max_combo_prob': 0.0657, 'est_top_odds': 20.3, 'circle_concentration': 77.2, 'eligible_count': 6, 'bet_adj': 2, 'reason': 'rel_win1=60.3%（本命度） / 最有力組み合わせ確率: 0.066（推定実オッズ?20倍） / 2着集中度: 上位2艇 77.2%（補正+0.04） / 総合判定確率: 0.106 / → ヒモ分散。1号艇1着固定で広めのヒモ流し推奨（買い目+2点）', 'tenji_trigger': '展示確認: ヒモ分散レース。1号艇伸び確認後、広めのヒモ流しを採用。穴ヒモ（5・6号艇）を積極的に含める。\n展示で1号艇スタート超安定(0.118秒)→ヒモ固まり方向に注意'}",,,26.6,逃げ狙い,12.78,28.7,3,,,,,,,,,,,
2026-04-15,丸亀,4,3,坪口竜也,A2,28.15,3,▲,13.3701,40.6,90,75,0.1532,3.4432,,,0,低,84,0,-,3 1233,0,31.5,0.891,,,,,,0,0.0667,0.0333,,,D,◎,,0.1439,0.6815,,0.6541,S,95,0,◎1着固定 2-3着流し（5〜8点）,0.5777,"{'is_target': True, 'verdict': '参加推奨', 'max_combo_prob': 0.0657, 'est_top_odds': 20.3, 'circle_concentration': 77.2, 'eligible_count': 6, 'bet_adj': 2, 'reason': 'rel_win1=60.3%（本命度） / 最有力組み合わせ確率: 0.066（推定実オッズ?20倍） / 2着集中度: 上位2艇 77.2%（補正+0.04） / 総合判定確率: 0.106 / → ヒモ分散。1号艇1着固定で広めのヒモ流し推奨（買い目+2点）', 'tenji_trigger': '展示確認: ヒモ分散レース。1号艇伸び確認後、広めのヒモ流しを採用。穴ヒモ（5・6号艇）を積極的に含める。\n展示で1号艇スタート超安定(0.118秒)→ヒモ固まり方向に注意'}",,,26.6,逃げ狙い,12.78,28.7,3,,,,,,,,,,,
2026-04-15,丸亀,4,4,松下誉士,B1,26.92,4,,5.0395,12.2,83,32.9,0.1781,3.65,,,0,低,189,0,-,6 614,0,24.1,0.6974,,,,,,0.3405,0.169,0.2714,,,E,○,,0.1376,0.6275,,0.6541,S,95,0,◎1着固定 2-3着流し（5〜8点）,0.5777,"{'is_target': True, 'verdict': '参加推奨', 'max_combo_prob': 0.0657, 'est_top_odds': 20.3, 'circle_concentration': 77.2, 'eligible_count': 6, 'bet_adj': 2, 'reason': 'rel_win1=60.3%（本命度） / 最有力組み合わせ確率: 0.066（推定実オッズ?20倍） / 2着集中度: 上位2艇 77.2%（補正+0.04） / 総合判定確率: 0.106 / → ヒモ分散。1号艇1着固定で広めのヒモ流し推奨（買い目+2点）', 'tenji_trigger': '展示確認: ヒモ分散レース。1号艇伸び確認後、広めのヒモ流しを採用。穴ヒモ（5・6号艇）を積極的に含める。\n展示で1号艇スタート超安定(0.118秒)→ヒモ固まり方向に注意'}",,,26.6,逃げ狙い,12.78,28.7,3,,,,,,,,,,,
2026-04-15,丸亀,4,5,奥村明日,B1,50.00,5,○,4.1845,6.4,94,32.3,0.1929,3.6774,,,0,低,83,0,-,335 41,0,36.2,0.9045,,,,,,0.6,0.1,0,,,A,,,0.1376,0.5175,,0.6541,S,95,0,◎1着固定 2-3着流し（5〜8点）,0.5777,"{'is_target': True, 'verdict': '参加推奨', 'max_combo_prob': 0.0657, 'est_top_odds': 20.3, 'circle_concentration': 77.2, 'eligible_count': 6, 'bet_adj': 2, 'reason': 'rel_win1=60.3%（本命度） / 最有力組み合わせ確率: 0.066（推定実オッズ?20倍） / 2着集中度: 上位2艇 77.2%（補正+0.04） / 総合判定確率: 0.106 / → ヒモ分散。1号艇1着固定で広めのヒモ流し推奨（買い目+2点）', 'tenji_trigger': '展示確認: ヒモ分散レース。1号艇伸び確認後、広めのヒモ流しを採用。穴ヒモ（5・6号艇）を積極的に含める。\n展示で1号艇スタート超安定(0.118秒)→ヒモ固まり方向に注意'}",,,26.6,逃げ狙い,12.78,28.7,3,,,,,,,,,,,
2026-04-15,丸亀,4,6,亀山雅幸,A2,38.76,6,,1.474,4.2,100,29.2,0.2102,4.6231,,,0,低,154,0,-,326 13,0,25.9,0.9114,,,,,,0.0944,0.1222,0.0944,,,B,△,,0.1376,0.6195,,0.6541,S,95,0,◎1着固定 2-3着流し（5〜8点）,0.5777,"{'is_target': True, 'verdict': '参加推奨', 'max_combo_prob': 0.0657, 'est_top_odds': 20.3, 'circle_concentration': 77.2, 'eligible_count': 6, 'bet_adj': 2, 'reason': 'rel_win1=60.3%（本命度） / 最有力組み合わせ確率: 0.066（推定実オッズ?20倍） / 2着集中度: 上位2艇 77.2%（補正+0.04） / 総合判定確率: 0.106 / → ヒモ分散。1号艇1着固定で広めのヒモ流し推奨（買い目+2点）', 'tenji_trigger': '展示確認: ヒモ分散レース。1号艇伸び確認後、広めのヒモ流しを採用。穴ヒモ（5・6号艇）を積極的に含める。\n展示で1号艇スタート超安定(0.118秒)→ヒモ固まり方向に注意'}",,,26.6,逃げ狙い,12.78,28.7,3,,,,,,,,,,,
2026-04-15,丸亀,5,1,乙津康志,B1,27.56,1,▲,38.0775,,0,62.8,0.1956,4.4302,,,0,低,167,0,逃0%,1 316,0,44.3,0.7953,0.1,,,,,0.1,0.18,0.42,,,D,△,,,0.596,,0.1157,D,33,1,大荒れ。見送り推奨,0.5777,"{'is_target': False, 'verdict': '対象外', 'max_combo_prob': None, 'est_top_odds': None, 'circle_concentration': None, 'eligible_count': 0, 'bet_adj': 0, 'reason': '1号艇rel_win1 < 45%: 通常判定に委ねる', 'tenji_trigger': ''}",,,37.2,両建て推奨,21,37.5,3,2-1-4|2-1-5|2-1-3|2-5-1|2-4-1|2-5-4|2-4-5|1-2-5|1-2-4,2-1-4|2-1-5|2-1-3|2-5-1|2-4-1|2-5-4|2-4-5|1-2-5|1-2-4|6-1-4|3-5-4|3-4-5,2-1-4:3.18%|2-1-5:2.14%|2-1-3:1.45%|2-5-1:0.73%|2-4-1:0.53%|2-5-4:0.43%|2-4-5:0.21%|1-2-5:6.89%|1-2-4:5.77%,2-1-4:B_main|2-1-5:B_main|2-1-3:B_main|2-5-1:B_main|2-4-1:B_main|2-5-4:B_main|2-4-5:B_main|1-2-5:A|1-2-4:A,9,12,0.2915,1,[!]見送り推奨（主役決まり手「差し」― 逃げ劣勢レースで的中実績なし）,主役軸流し,B
2026-04-15,丸亀,5,2,村田修次,A2,33.85,2,○,14.3962,49.2,100,68.9,0.1322,3.0778,,,0,低,93,0,差0% ま0% 抜0%,232 25,0,56.5,1.1255,0,0.0476,0.0476,0,0.0476,0.0625,0.1107,0.2214,,◎,C,○,,0.575,0.6435,,0.1157,D,33,1,大荒れ。見送り推奨,0.5777,"{'is_target': False, 'verdict': '対象外', 'max_combo_prob': None, 'est_top_odds': None, 'circle_concentration': None, 'eligible_count': 0, 'bet_adj': 0, 'reason': '1号艇rel_win1 < 45%: 通常判定に委ねる', 'tenji_trigger': ''}",,,37.2,両建て推奨,21,37.5,3,,,,,,,,,,,
2026-04-15,丸亀,5,3,谷口　丞,B1,45.24,3,◎,14.1372,15.6,91,21.4,0.1514,3.4286,,,0,低,67,1,抜0%,456 55,0,24.3,0.7748,0,0,0,0,0.0714,0,0.3333,0.3333,,○,A,,,0.5101,0.536,,0.1157,D,33,1,大荒れ。見送り推奨,0.5777,"{'is_target': False, 'verdict': '対象外', 'max_combo_prob': None, 'est_top_odds': None, 'circle_concentration': None, 'eligible_count': 0, 'bet_adj': 0, 'reason': '1号艇rel_win1 < 45%: 通常判定に委ねる', 'tenji_trigger': ''}",,,37.2,両建て推奨,21,37.5,3,,,,,,,,,,,
2026-04-15,丸亀,5,4,坂口貴彦,B1,22.73,4,,18.7052,13.5,96,52.6,0.1682,3.6316,,,0,低,134,0,ま0%,1 256,0,44.8,0.9502,0,0,0.12,0.08,0,0.0471,0.1235,0.1471,,,E,△,○,0.4436,0.591,0.2851,0.1157,D,33,1,大荒れ。見送り推奨,0.5777,"{'is_target': False, 'verdict': '対象外', 'max_combo_prob': None, 'est_top_odds': None, 'circle_concentration': None, 'eligible_count': 0, 'bet_adj': 0, 'reason': '1号艇rel_win1 < 45%: 通常判定に委ねる', 'tenji_trigger': ''}",,,37.2,両建て推奨,21,37.5,3,,,,,,,,,,,
2026-04-15,丸亀,5,5,森永　淳,A1,23.85,5,,12.4393,21.3,65,53.7,0.1428,2.8889,,,0,低,52,0,-,35114,0,86.8,1.4926,0,0,0,0,0.0345,0,0.1351,0.0811,,△,D,◎,◎,0.505,0.702,0.3742,0.1157,D,33,1,大荒れ。見送り推奨,0.5777,"{'is_target': False, 'verdict': '対象外', 'max_combo_prob': None, 'est_top_odds': None, 'circle_concentration': None, 'eligible_count': 0, 'bet_adj': 0, 'reason': '1号艇rel_win1 < 45%: 通常判定に委ねる', 'tenji_trigger': ''}",,,37.2,両建て推奨,21,37.5,3,,,,,,,,,,,
2026-04-15,丸亀,5,6,岡崎凪汰,B1,40.63,6,△,2.2446,0.3,16,4.8,0.1875,3.994,,,0,低,54,0,差ま0%,6 5F6,0,29,0.7622,0,0,0,0.0244,0,0.25,0.25,0.25,,,B,,,0.3291,0.498,,0.1157,D,33,1,大荒れ。見送り推奨,0.5777,"{'is_target': False, 'verdict': '対象外', 'max_combo_prob': None, 'est_top_odds': None, 'circle_concentration': None, 'eligible_count': 0, 'bet_adj': 0, 'reason': '1号艇rel_win1 < 45%: 通常判定に委ねる', 'tenji_trigger': ''}",,,37.2,両建て推奨,21,37.5,3,,,,,,,,,,,
2026-04-15,丸亀,6,1,野末智一,A2,34.92,1,◎,47.627,,0,85.5,0.1754,3.875,,,0,低,227,0,逃0%,443 23,0,83.8,1.0666,0.4474,,,,,0.1722,0.1512,0.0737,△,,C,○,,,0.6595,,0.2669,C,44,0,荒れ傾向。高配当狙いか見送り,0.5777,"{'is_target': True, 'verdict': '参加推奨', 'max_combo_prob': 0.0662, 'est_top_odds': 20.1, 'circle_concentration': 68.5, 'eligible_count': 6, 'bet_adj': 2, 'reason': 'rel_win1=47.6%（本命度） / 最有力組み合わせ確率: 0.066（推定実オッズ?20倍） / 2着集中度: 上位2艇 68.5%（補正+0.00） / 総合判定確率: 0.066 / → ヒモ分散。1号艇1着固定で広めのヒモ流し推奨（買い目+2点）', 'tenji_trigger': '展示確認: ヒモ分散レース。1号艇伸び確認後、広めのヒモ流しを採用。穴ヒモ（5・6号艇）を積極的に含める。'}",,,31.4,両建て推奨,24.55,32.2,3,3-4-5|3-5-4|1-3-2|1-3-4|1-2-3|1-5-3|1-2-4,4-1-5|2-1-4|2-1-5|3-4-5|3-5-4|4-1-6|4-1-2|1-3-2|1-3-4|1-2-3|1-5-3|1-2-4,3-4-5:1.86%|3-5-4:1.85%|1-3-2:6.51%|1-3-4:6.35%|1-2-3:5.54%|1-5-3:4.75%|1-2-4:4.7%,3-4-5:B_main|3-5-4:B_main|1-3-2:A|1-3-4:A|1-2-3:A|1-5-3:A|1-2-4:A,7,12,0.4535,1,[!]見送り推奨（主役決まり手「まくり」― 逃げ劣勢レースで的中実績なし）,荒れ広め,D
2026-04-15,丸亀,6,2,上瀧絢也,B2,38.81,2,▲,7.8617,20.4,100,34.1,0.165,3.4432,,,0,低,78,0,-,1 566,0,35.9,0.609,,,,,,0.0923,0.2423,0,,○,A,,,0.4573,0.595,,0.2669,C,44,0,荒れ傾向。高配当狙いか見送り,0.5777,"{'is_target': True, 'verdict': '参加推奨', 'max_combo_prob': 0.0662, 'est_top_odds': 20.1, 'circle_concentration': 68.5, 'eligible_count': 6, 'bet_adj': 2, 'reason': 'rel_win1=47.6%（本命度） / 最有力組み合わせ確率: 0.066（推定実オッズ?20倍） / 2着集中度: 上位2艇 68.5%（補正+0.00） / 総合判定確率: 0.066 / → ヒモ分散。1号艇1着固定で広めのヒモ流し推奨（買い目+2点）', 'tenji_trigger': '展示確認: ヒモ分散レース。1号艇伸び確認後、広めのヒモ流しを採用。穴ヒモ（5・6号艇）を積極的に含める。'}",,,31.4,両建て推奨,24.55,32.2,3,,,,,,,,,,,
2026-04-15,丸亀,6,3,深川真二,A1,37.31,3,○,34.3652,43.3,70,83.8,0.1184,2.0135,,,0,低,21,0,差0%,115 14,0,82.2,1.5056,0,0.1111,0.1111,0.0556,0.0556,0.0105,0.1173,0.0211,,◎,B,△,,0.5062,0.6545,,0.2669,C,44,0,荒れ傾向。高配当狙いか見送り,0.5777,"{'is_target': True, 'verdict': '参加推奨', 'max_combo_prob': 0.0662, 'est_top_odds': 20.1, 'circle_concentration': 68.5, 'eligible_count': 6, 'bet_adj': 2, 'reason': 'rel_win1=47.6%（本命度） / 最有力組み合わせ確率: 0.066（推定実オッズ?20倍） / 2着集中度: 上位2艇 68.5%（補正+0.00） / 総合判定確率: 0.066 / → ヒモ分散。1号艇1着固定で広めのヒモ流し推奨（買い目+2点）', 'tenji_trigger': '展示確認: ヒモ分散レース。1号艇伸び確認後、広めのヒモ流しを採用。穴ヒモ（5・6号艇）を積極的に含める。'}",,,31.4,両建て推奨,24.55,32.2,3,,,,,,,,,,,
2026-04-15,丸亀,6,4,本吉正樹,B1,25.76,4,△,6.6052,9.3,76,39.7,0.1829,4.0862,,,0,低,152,0,差0% 差ま0%,2 426,0,37,0.8077,0,0.08,0,0.04,0,0.175,0.2643,0.0143,,,D,,◎,0.2812,0.585,0.222,0.2669,C,44,0,荒れ傾向。高配当狙いか見送り,0.5777,"{'is_target': True, 'verdict': '参加推奨', 'max_combo_prob': 0.0662, 'est_top_odds': 20.1, 'circle_concentration': 68.5, 'eligible_count': 6, 'bet_adj': 2, 'reason': 'rel_win1=47.6%（本命度） / 最有力組み合わせ確率: 0.066（推定実オッズ?20倍） / 2着集中度: 上位2艇 68.5%（補正+0.00） / 総合判定確率: 0.066 / → ヒモ分散。1号艇1着固定で広めのヒモ流し推奨（買い目+2点）', 'tenji_trigger': '展示確認: ヒモ分散レース。1号艇伸び確認後、広めのヒモ流しを採用。穴ヒモ（5・6号艇）を積極的に含める。'}",,,31.4,両建て推奨,24.55,32.2,3,,,,,,,,,,,
2026-04-15,丸亀,6,5,渡部　悟,A2,18.25,5,,2.576,25.3,82,47.4,0.1574,3.2807,,,0,低,79,0,-,43251,0,32.3,0.6686,,,,,,0.1639,0.1194,0.0296,,,E,◎,,0.3928,0.66,,0.2669,C,44,0,荒れ傾向。高配当狙いか見送り,0.5777,"{'is_target': True, 'verdict': '参加推奨', 'max_combo_prob': 0.0662, 'est_top_odds': 20.1, 'circle_concentration': 68.5, 'eligible_count': 6, 'bet_adj': 2, 'reason': 'rel_win1=47.6%（本命度） / 最有力組み合わせ確率: 0.066（推定実オッズ?20倍） / 2着集中度: 上位2艇 68.5%（補正+0.00） / 総合判定確率: 0.066 / → ヒモ分散。1号艇1着固定で広めのヒモ流し推奨（買い目+2点）', 'tenji_trigger': '展示確認: ヒモ分散レース。1号艇伸び確認後、広めのヒモ流しを採用。穴ヒモ（5・6号艇）を積極的に含める。'}",,,31.4,両建て推奨,24.55,32.2,3,,,,,,,,,,,
2026-04-15,丸亀,6,6,小野　桜,B1,24.03,6,,0.9649,1.8,53,16.7,0.168,3.6,,,0,低,90,0,-,2 644,0,24.3,0.7622,,,,,,0,0.0941,0.3176,,,D,△,,0.3562,0.611,,0.2669,C,44,0,荒れ傾向。高配当狙いか見送り,0.5777,"{'is_target': True, 'verdict': '参加推奨', 'max_combo_prob': 0.0662, 'est_top_odds': 20.1, 'circle_concentration': 68.5, 'eligible_count': 6, 'bet_adj': 2, 'reason': 'rel_win1=47.6%（本命度） / 最有力組み合わせ確率: 0.066（推定実オッズ?20倍） / 2着集中度: 上位2艇 68.5%（補正+0.00） / 総合判定確率: 0.066 / → ヒモ分散。1号艇1着固定で広めのヒモ流し推奨（買い目+2点）', 'tenji_trigger': '展示確認: ヒモ分散レース。1号艇伸び確認後、広めのヒモ流しを採用。穴ヒモ（5・6号艇）を積極的に含める。'}",,,31.4,両建て推奨,24.55,32.2,3,,,,,,,,,,,
2026-04-15,丸亀,7,1,堀本和也,A1,28.70,1,◎,67.3862,,0,91.1,0.1162,1.8482,,,0,低,22,0,逃0%,223 42,0,64.9,1.0171,0.8,,,,,0.04,0.04,0.12,◎,,C,◎,,,0.769,,0.7947,S,100,0,◎1着固定 2-3着流し（5〜8点）,0.5777,"{'is_target': True, 'verdict': '点数絞り', 'max_combo_prob': 0.1216, 'est_top_odds': 11.0, 'circle_concentration': 75.3, 'eligible_count': 6, 'bet_adj': 0, 'reason': 'rel_win1=67.4%（本命度） / 最有力組み合わせ確率: 0.122（推定実オッズ?11倍） / 2着集中度: 上位2艇 75.3%（補正+0.04） / 総合判定確率: 0.162 / → ヒモはやや固め。上位2艇以外を切ること', 'tenji_trigger': '展示確認: 1号艇伸び良→そのまま採用。悪→飛び組に差し替え。circle_pct上位2艇に絞り込むこと。\n展示で1号艇スタート超安定(0.116秒)→ヒモ固まり方向に注意'}",,,24.3,逃げ狙い,11.53,23.1,4,,,,,0,0,0.7559,0,,逃げ軸流し,A
2026-04-15,丸亀,7,2,成貞琳平,B1,23.08,2,,7.9247,55.2,53,43.6,0.1685,3.7051,,,0,低,120,0,差0%,3 555,0,23.6,0.7412,0,0.1,0,0,0,0.075,0.375,0.25,,,D,,,0.0722,0.5785,,0.7947,S,100,0,◎1着固定 2-3着流し（5〜8点）,0.5777,"{'is_target': True, 'verdict': '点数絞り', 'max_combo_prob': 0.1216, 'est_top_odds': 11.0, 'circle_concentration': 75.3, 'eligible_count': 6, 'bet_adj': 0, 'reason': 'rel_win1=67.4%（本命度） / 最有力組み合わせ確率: 0.122（推定実オッズ?11倍） / 2着集中度: 上位2艇 75.3%（補正+0.04） / 総合判定確率: 0.162 / → ヒモはやや固め。上位2艇以外を切ること', 'tenji_trigger': '展示確認: 1号艇伸び良→そのまま採用。悪→飛び組に差し替え。circle_pct上位2艇に絞り込むこと。\n展示で1号艇スタート超安定(0.116秒)→ヒモ固まり方向に注意'}",,,24.3,逃げ狙い,11.53,23.1,4,,,,,,,,,,,
2026-04-15,丸亀,7,3,間庭菜摘,B1,29.46,3,○,9.7114,13.3,92,40.9,0.1814,3.5909,,,0,低,76,0,ま0%,2 445,0,79.6,0.8594,0,0,0.1538,0,0,0,0.4,0.04,,,C,,,0.1374,0.5795,,0.7947,S,100,0,◎1着固定 2-3着流し（5〜8点）,0.5777,"{'is_target': True, 'verdict': '点数絞り', 'max_combo_prob': 0.1216, 'est_top_odds': 11.0, 'circle_concentration': 75.3, 'eligible_count': 6, 'bet_adj': 0, 'reason': 'rel_win1=67.4%（本命度） / 最有力組み合わせ確率: 0.122（推定実オッズ?11倍） / 2着集中度: 上位2艇 75.3%（補正+0.04） / 総合判定確率: 0.162 / → ヒモはやや固め。上位2艇以外を切ること', 'tenji_trigger': '展示確認: 1号艇伸び良→そのまま採用。悪→飛び組に差し替え。circle_pct上位2艇に絞り込むこと。\n展示で1号艇スタート超安定(0.116秒)→ヒモ固まり方向に注意'}",,,24.3,逃げ狙い,11.53,23.1,4,,,,,,,,,,,
2026-04-15,丸亀,7,4,松山裕基,B1,22.90,4,,7.2996,10.5,62,38.3,0.1636,3.2553,,,0,低,100,0,-,143 44,0,35.3,0.8596,,,,,,0.0696,0.2417,0.3096,,,E,△,,0.1348,0.6065,,0.7947,S,100,0,◎1着固定 2-3着流し（5〜8点）,0.5777,"{'is_target': True, 'verdict': '点数絞り', 'max_combo_prob': 0.1216, 'est_top_odds': 11.0, 'circle_concentration': 75.3, 'eligible_count': 6, 'bet_adj': 0, 'reason': 'rel_win1=67.4%（本命度） / 最有力組み合わせ確率: 0.122（推定実オッズ?11倍） / 2着集中度: 上位2艇 75.3%（補正+0.04） / 総合判定確率: 0.162 / → ヒモはやや固め。上位2艇以外を切ること', 'tenji_trigger': '展示確認: 1号艇伸び良→そのまま採用。悪→飛び組に差し替え。circle_pct上位2艇に絞り込むこと。\n展示で1号艇スタート超安定(0.116秒)→ヒモ固まり方向に注意'}",,,24.3,逃げ狙い,11.53,23.1,4,,,,,,,,,,,
2026-04-15,丸亀,7,5,市橋卓士,A1,25.19,5,▲,6.5094,20.1,100,57.4,0.1483,3.1667,,,0,低,93,0,差ま0%,363622,0,27.4,1.6207,0,0,0,0.0357,0,0.1045,0.0879,0.0795,,,D,△,,0.1768,0.6155,,0.7947,S,100,0,◎1着固定 2-3着流し（5〜8点）,0.5777,"{'is_target': True, 'verdict': '点数絞り', 'max_combo_prob': 0.1216, 'est_top_odds': 11.0, 'circle_concentration': 75.3, 'eligible_count': 6, 'bet_adj': 0, 'reason': 'rel_win1=67.4%（本命度） / 最有力組み合わせ確率: 0.122（推定実オッズ?11倍） / 2着集中度: 上位2艇 75.3%（補正+0.04） / 総合判定確率: 0.162 / → ヒモはやや固め。上位2艇以外を切ること', 'tenji_trigger': '展示確認: 1号艇伸び良→そのまま採用。悪→飛び組に差し替え。circle_pct上位2艇に絞り込むこと。\n展示で1号艇スタート超安定(0.116秒)→ヒモ固まり方向に注意'}",,,24.3,逃げ狙い,11.53,23.1,4,,,,,,,,,,,
2026-04-15,丸亀,7,6,吉永泰弘,B1,56.69,6,△,1.1687,0.9,52,22.2,0.2202,4.9333,,,0,低,137,0,-,5 153,0,100,2.6683,,,,,,0.2376,0.4541,0.0235,,,A,○,,0.1389,0.6525,,0.7947,S,100,0,◎1着固定 2-3着流し（5〜8点）,0.5777,"{'is_target': True, 'verdict': '点数絞り', 'max_combo_prob': 0.1216, 'est_top_odds': 11.0, 'circle_concentration': 75.3, 'eligible_count': 6, 'bet_adj': 0, 'reason': 'rel_win1=67.4%（本命度） / 最有力組み合わせ確率: 0.122（推定実オッズ?11倍） / 2着集中度: 上位2艇 75.3%（補正+0.04） / 総合判定確率: 0.162 / → ヒモはやや固め。上位2艇以外を切ること', 'tenji_trigger': '展示確認: 1号艇伸び良→そのまま採用。悪→飛び組に差し替え。circle_pct上位2艇に絞り込むこと。\n展示で1号艇スタート超安定(0.116秒)→ヒモ固まり方向に注意'}",,,24.3,逃げ狙い,11.53,23.1,4,,,,,,,,,,,
2026-04-15,丸亀,8,1,北山康介,A1,32.81,1,◎,71.0156,,0,91.5,0.1558,2.9507,,,0,低,69,0,逃1%,334331,0,83.6,1.0325,0.7778,,,,,0.0694,0.1138,0,◎,,C,◎,,,0.663,,0.5506,A,75,0,◎-○軸 3着3〜4艇流し（10〜15点）,0.5777,"{'is_target': True, 'verdict': '点数絞り', 'max_combo_prob': 0.1062, 'est_top_odds': 12.6, 'circle_concentration': 70.0, 'eligible_count': 8, 'bet_adj': 0, 'reason': 'rel_win1=71.0%（本命度） / 最有力組み合わせ確率: 0.106（推定実オッズ?13倍） / 2着集中度: 上位2艇 70.0%（補正+0.04） / 総合判定確率: 0.146 / → ヒモはやや固め。上位2艇以外を切ること', 'tenji_trigger': '展示確認: 1号艇伸び良→そのまま採用。悪→飛び組に差し替え。circle_pct上位2艇に絞り込むこと。'}",,,25.9,逃げ狙い,12.19,27.2,2,,,,,0,0,0.7559,0,,逃げ軸流し,A
2026-04-15,丸亀,8,2,入澤友治,A2,25.40,2,,12.3937,49.4,100,69.7,0.1467,3.0833,,,0,低,126,0,差0% 抜0%,6 2652,0,62.7,1.1134,0,0.1034,0,0,0.0345,0.0943,0.0943,0.2486,,◎,E,,,0.4141,0.595,,0.5506,A,75,0,◎-○軸 3着3〜4艇流し（10〜15点）,0.5777,"{'is_target': True, 'verdict': '点数絞り', 'max_combo_prob': 0.1062, 'est_top_odds': 12.6, 'circle_concentration': 70.0, 'eligible_count': 8, 'bet_adj': 0, 'reason': 'rel_win1=71.0%（本命度） / 最有力組み合わせ確率: 0.106（推定実オッズ?13倍） / 2着集中度: 上位2艇 70.0%（補正+0.04） / 総合判定確率: 0.146 / → ヒモはやや固め。上位2艇以外を切ること', 'tenji_trigger': '展示確認: 1号艇伸び良→そのまま採用。悪→飛び組に差し替え。circle_pct上位2艇に絞り込むこと。'}",,,25.9,逃げ狙い,12.19,27.2,2,,,,,,,,,,,
2026-04-15,丸亀,8,3,松下誉士,B1,26.92,3,,4.5049,20.6,80,36.1,0.1942,4.2361,,,0,低,189,0,ま0%,6 614,0,18.5,0.6888,0,0,0.0286,0,0,0.3405,0.169,0.2714,,,D,△,,0.1035,0.6275,,0.5506,A,75,0,◎-○軸 3着3〜4艇流し（10〜15点）,0.5777,"{'is_target': True, 'verdict': '点数絞り', 'max_combo_prob': 0.1062, 'est_top_odds': 12.6, 'circle_concentration': 70.0, 'eligible_count': 8, 'bet_adj': 0, 'reason': 'rel_win1=71.0%（本命度） / 最有力組み合わせ確率: 0.106（推定実オッズ?13倍） / 2着集中度: 上位2艇 70.0%（補正+0.04） / 総合判定確率: 0.146 / → ヒモはやや固め。上位2艇以外を切ること', 'tenji_trigger': '展示確認: 1号艇伸び良→そのまま採用。悪→飛び組に差し替え。circle_pct上位2艇に絞り込むこと。'}",,,25.9,逃げ狙い,12.19,27.2,2,,,,,,,,,,,
2026-04-15,丸亀,8,4,武重雄介,A2,30.53,4,△,7.1799,18,82,50,0.1566,3.2069,,,0,低,119,0,-,6 455,0,53.3,0.9591,0,0,0.04,0,0,0.1657,0,0.0343,,,C,△,◎,0.2837,0.6375,0.2357,0.5506,A,75,0,◎-○軸 3着3〜4艇流し（10〜15点）,0.5777,"{'is_target': True, 'verdict': '点数絞り', 'max_combo_prob': 0.1062, 'est_top_odds': 12.6, 'circle_concentration': 70.0, 'eligible_count': 8, 'bet_adj': 0, 'reason': 'rel_win1=71.0%（本命度） / 最有力組み合わせ確率: 0.106（推定実オッズ?13倍） / 2着集中度: 上位2艇 70.0%（補正+0.04） / 総合判定確率: 0.146 / → ヒモはやや固め。上位2艇以外を切ること', 'tenji_trigger': '展示確認: 1号艇伸び良→そのまま採用。悪→飛び組に差し替え。circle_pct上位2艇に絞り込むこと。'}",,,25.9,逃げ狙い,12.19,27.2,2,,,,,,,,,,,
2026-04-15,丸亀,8,5,深見亜由,B2,34.88,5,▲,3.8725,10.9,64,0,0.1643,3.5714,,,0,低,23,1,-,5 442,0,34.2,0.666,,,,,,0.36,0.64,0,,,B,,,0.2863,0.497,,0.5506,A,75,0,◎-○軸 3着3〜4艇流し（10〜15点）,0.5777,"{'is_target': True, 'verdict': '点数絞り', 'max_combo_prob': 0.1062, 'est_top_odds': 12.6, 'circle_concentration': 70.0, 'eligible_count': 8, 'bet_adj': 0, 'reason': 'rel_win1=71.0%（本命度） / 最有力組み合わせ確率: 0.106（推定実オッズ?13倍） / 2着集中度: 上位2艇 70.0%（補正+0.04） / 総合判定確率: 0.146 / → ヒモはやや固め。上位2艇以外を切ること', 'tenji_trigger': '展示確認: 1号艇伸び良→そのまま採用。悪→飛び組に差し替え。circle_pct上位2艇に絞り込むこと。'}",,,25.9,逃げ狙い,12.19,27.2,2,,,,,,,,,,,
2026-04-15,丸亀,8,6,榮田将彦,B1,33.85,6,○,1.0335,1.1,45,12.5,0.1403,2.75,,,0,低,41,0,-,642 23,0,27.6,0.6017,,,,,,0.28,0.0533,0.0267,,,B,○,,0.3593,0.6605,,0.5506,A,75,0,◎-○軸 3着3〜4艇流し（10〜15点）,0.5777,"{'is_target': True, 'verdict': '点数絞り', 'max_combo_prob': 0.1062, 'est_top_odds': 12.6, 'circle_concentration': 70.0, 'eligible_count': 8, 'bet_adj': 0, 'reason': 'rel_win1=71.0%（本命度） / 最有力組み合わせ確率: 0.106（推定実オッズ?13倍） / 2着集中度: 上位2艇 70.0%（補正+0.04） / 総合判定確率: 0.146 / → ヒモはやや固め。上位2艇以外を切ること', 'tenji_trigger': '展示確認: 1号艇伸び良→そのまま採用。悪→飛び組に差し替え。circle_pct上位2艇に絞り込むこと。'}",,,25.9,逃げ狙い,12.19,27.2,2,,,,,,,,,,,
2026-04-15,丸亀,9,1,亀山雅幸,A2,38.76,1,◎,59.4043,,0,91.6,0.1593,2.8253,,,0,低,154,0,逃0%,326 13,0,92,1.2441,0.6389,,,,,0.0944,0.1222,0.0944,◎,,A,△,,,0.6195,,0.4652,S,81,0,◎1着固定 2-3着流し（5〜8点）,0.5777,"{'is_target': True, 'verdict': '点数絞り', 'max_combo_prob': 0.0922, 'est_top_odds': 14.5, 'circle_concentration': 77.5, 'eligible_count': 6, 'bet_adj': 0, 'reason': 'rel_win1=59.4%（本命度） / 最有力組み合わせ確率: 0.092（推定実オッズ?14倍） / 2着集中度: 上位2艇 77.5%（補正+0.04） / 総合判定確率: 0.132 / → ヒモはやや固め。上位2艇以外を切ること', 'tenji_trigger': '展示確認: 1号艇伸び良→そのまま採用。悪→飛び組に差し替え。circle_pct上位2艇に絞り込むこと。'}",,,29.5,逃げ狙い,21.74,29.3,3,,,,,0,0,0.7559,0,,逃げ軸流し,A
2026-04-15,丸亀,9,2,杉山喜一,B1,35.94,2,○,11.8363,33.2,84,54.9,0.1743,3.7255,,,0,低,91,0,差0% ま0%,2 445,0,43.9,0.901,0,0.2143,0.0714,0,0,0.0471,0.6382,0,,,B,△,,0.2104,0.625,,0.4652,S,81,0,◎1着固定 2-3着流し（5〜8点）,0.5777,"{'is_target': True, 'verdict': '点数絞り', 'max_combo_prob': 0.0922, 'est_top_odds': 14.5, 'circle_concentration': 77.5, 'eligible_count': 6, 'bet_adj': 0, 'reason': 'rel_win1=59.4%（本命度） / 最有力組み合わせ確率: 0.092（推定実オッズ?14倍） / 2着集中度: 上位2艇 77.5%（補正+0.04） / 総合判定確率: 0.132 / → ヒモはやや固め。上位2艇以外を切ること', 'tenji_trigger': '展示確認: 1号艇伸び良→そのまま採用。悪→飛び組に差し替え。circle_pct上位2艇に絞り込むこと。'}",,,29.5,逃げ狙い,21.74,29.3,3,,,,,,,,,,,
2026-04-15,丸亀,9,3,森永　淳,A1,23.85,3,△,17.6921,44.2,74,75.6,0.1353,2.7,,,0,低,52,0,差0%,35114,0,52.7,1.2079,0,0.1176,0.2941,0,0,0,0.1351,0.0811,,◎,D,◎,,0.4776,0.702,,0.4652,S,81,0,◎1着固定 2-3着流し（5〜8点）,0.5777,"{'is_target': True, 'verdict': '点数絞り', 'max_combo_prob': 0.0922, 'est_top_odds': 14.5, 'circle_concentration': 77.5, 'eligible_count': 6, 'bet_adj': 0, 'reason': 'rel_win1=59.4%（本命度） / 最有力組み合わせ確率: 0.092（推定実オッズ?14倍） / 2着集中度: 上位2艇 77.5%（補正+0.04） / 総合判定確率: 0.132 / → ヒモはやや固め。上位2艇以外を切ること', 'tenji_trigger': '展示確認: 1号艇伸び良→そのまま採用。悪→飛び組に差し替え。circle_pct上位2艇に絞り込むこと。'}",,,29.5,逃げ狙い,21.74,29.3,3,,,,,,,,,,,
2026-04-15,丸亀,9,4,川井　萌,B2,27.69,4,,4.7416,13.4,73,28,0.166,3.16,,,0,低,50,0,-,546 54,0,23,0.6353,,,,,,0,0.5,0,,,D,,,0.298,0.6045,,0.4652,S,81,0,◎1着固定 2-3着流し（5〜8点）,0.5777,"{'is_target': True, 'verdict': '点数絞り', 'max_combo_prob': 0.0922, 'est_top_odds': 14.5, 'circle_concentration': 77.5, 'eligible_count': 6, 'bet_adj': 0, 'reason': 'rel_win1=59.4%（本命度） / 最有力組み合わせ確率: 0.092（推定実オッズ?14倍） / 2着集中度: 上位2艇 77.5%（補正+0.04） / 総合判定確率: 0.132 / → ヒモはやや固め。上位2艇以外を切ること', 'tenji_trigger': '展示確認: 1号艇伸び良→そのまま採用。悪→飛び組に差し替え。circle_pct上位2艇に絞り込むこと。'}",,,29.5,逃げ狙い,21.74,29.3,3,,,,,,,,,,,
2026-04-15,丸亀,9,5,今井裕梨,A2,32.03,5,▲,5.3424,5.9,100,46.7,0.1627,3.2333,,,0,低,38,0,-,1 263,0,67.5,1.3021,,,,,,0.1818,0.0909,0.1818,,,C,○,,0.3175,0.6515,,0.4652,S,81,0,◎1着固定 2-3着流し（5〜8点）,0.5777,"{'is_target': True, 'verdict': '点数絞り', 'max_combo_prob': 0.0922, 'est_top_odds': 14.5, 'circle_concentration': 77.5, 'eligible_count': 6, 'bet_adj': 0, 'reason': 'rel_win1=59.4%（本命度） / 最有力組み合わせ確率: 0.092（推定実オッズ?14倍） / 2着集中度: 上位2艇 77.5%（補正+0.04） / 総合判定確率: 0.132 / → ヒモはやや固め。上位2艇以外を切ること', 'tenji_trigger': '展示確認: 1号艇伸び良→そのまま採用。悪→飛び組に差し替え。circle_pct上位2艇に絞り込むこと。'}",,,29.5,逃げ狙い,21.74,29.3,3,,,,,,,,,,,
2026-04-15,丸亀,9,6,小野寺智,B1,27.69,6,,0.9834,3.2,28,27.6,0.1712,3.75,,,0,低,79,0,-,126 14,0,34.4,0.9969,,,,,,0.1217,0.0174,0.3096,,,D,,,0.2905,0.6185,,0.4652,S,81,0,◎1着固定 2-3着流し（5〜8点）,0.5777,"{'is_target': True, 'verdict': '点数絞り', 'max_combo_prob': 0.0922, 'est_top_odds': 14.5, 'circle_concentration': 77.5, 'eligible_count': 6, 'bet_adj': 0, 'reason': 'rel_win1=59.4%（本命度） / 最有力組み合わせ確率: 0.092（推定実オッズ?14倍） / 2着集中度: 上位2艇 77.5%（補正+0.04） / 総合判定確率: 0.132 / → ヒモはやや固め。上位2艇以外を切ること', 'tenji_trigger': '展示確認: 1号艇伸び良→そのまま採用。悪→飛び組に差し替え。circle_pct上位2艇に絞り込むこと。'}",,,29.5,逃げ狙い,21.74,29.3,3,,,,,,,,,,,
2026-04-15,丸亀,10,1,三好勇人,A2,37.80,1,◎,73.6774,,0,98.4,0.1275,1.877,,,0,低,88,0,逃1%,451 23,0,86.7,1.1015,0.7333,,,,,0.0133,0.16,0.0533,◎,,C,△,,,0.6185,,0.6863,S,80,0,◎1着固定 2-3着流し（5〜8点）,0.5777,"{'is_target': True, 'verdict': '参加推奨', 'max_combo_prob': 0.0753, 'est_top_odds': 17.7, 'circle_concentration': 55.0, 'eligible_count': 6, 'bet_adj': 2, 'reason': 'rel_win1=73.7%（本命度） / 最有力組み合わせ確率: 0.075（推定実オッズ?18倍） / 2着集中度: 上位2艇 55.0%（補正+0.00） / 総合判定確率: 0.075 / → ヒモ分散。1号艇1着固定で広めのヒモ流し推奨（買い目+2点）', 'tenji_trigger': '展示確認: ヒモ分散レース。1号艇伸び確認後、広めのヒモ流しを採用。穴ヒモ（5・6号艇）を積極的に含める。\n展示で1号艇スタート超安定(0.128秒)→ヒモ固まり方向に注意'}",,,26.1,逃げ狙い,13.98,26,2,,,,,0,0,0.7559,0,,逃げ軸流し,A
2026-04-15,丸亀,10,2,奥村明日,B1,50.00,2,○,7.7346,27.5,73,51.5,0.1894,3.4545,,,0,低,83,0,-,335 41,0,18.4,0.6266,0,0,0.0909,0,0,0.6,0.1,0,,,A,,,0.0625,0.5175,,0.6863,S,80,0,◎1着固定 2-3着流し（5〜8点）,0.5777,"{'is_target': True, 'verdict': '参加推奨', 'max_combo_prob': 0.0753, 'est_top_odds': 17.7, 'circle_concentration': 55.0, 'eligible_count': 6, 'bet_adj': 2, 'reason': 'rel_win1=73.7%（本命度） / 最有力組み合わせ確率: 0.075（推定実オッズ?18倍） / 2着集中度: 上位2艇 55.0%（補正+0.00） / 総合判定確率: 0.075 / → ヒモ分散。1号艇1着固定で広めのヒモ流し推奨（買い目+2点）', 'tenji_trigger': '展示確認: ヒモ分散レース。1号艇伸び確認後、広めのヒモ流しを採用。穴ヒモ（5・6号艇）を積極的に含める。\n展示で1号艇スタート超安定(0.128秒)→ヒモ固まり方向に注意'}",,,26.1,逃げ狙い,13.98,26,2,,,,,,,,,,,
2026-04-15,丸亀,10,3,村田修次,A2,33.85,3,△,10.0936,27.5,88,69.4,0.1441,2.9592,,,0,低,93,0,ま0% 差ま0%,232 25,0,59.9,1.2135,0,0,0.1,0.05,0,0.0625,0.1107,0.2214,,,C,△,,0.2177,0.6435,,0.6863,S,80,0,◎1着固定 2-3着流し（5〜8点）,0.5777,"{'is_target': True, 'verdict': '参加推奨', 'max_combo_prob': 0.0753, 'est_top_odds': 17.7, 'circle_concentration': 55.0, 'eligible_count': 6, 'bet_adj': 2, 'reason': 'rel_win1=73.7%（本命度） / 最有力組み合わせ確率: 0.075（推定実オッズ?18倍） / 2着集中度: 上位2艇 55.0%（補正+0.00） / 総合判定確率: 0.075 / → ヒモ分散。1号艇1着固定で広めのヒモ流し推奨（買い目+2点）', 'tenji_trigger': '展示確認: ヒモ分散レース。1号艇伸び確認後、広めのヒモ流しを採用。穴ヒモ（5・6号艇）を積極的に含める。\n展示で1号艇スタート超安定(0.128秒)→ヒモ固まり方向に注意'}",,,26.1,逃げ狙い,13.98,26,2,,,,,,,,,,,
2026-04-15,丸亀,10,4,渡部　悟,A2,18.25,4,,5.1563,23.4,55,43.6,0.132,2.8273,,,0,低,79,0,-,43251,0,31.6,0.6083,,,,,,0.1639,0.1194,0.0296,,,E,○,,0.294,0.66,,0.6863,S,80,0,◎1着固定 2-3着流し（5〜8点）,0.5777,"{'is_target': True, 'verdict': '参加推奨', 'max_combo_prob': 0.0753, 'est_top_odds': 17.7, 'circle_concentration': 55.0, 'eligible_count': 6, 'bet_adj': 2, 'reason': 'rel_win1=73.7%（本命度） / 最有力組み合わせ確率: 0.075（推定実オッズ?18倍） / 2着集中度: 上位2艇 55.0%（補正+0.00） / 総合判定確率: 0.075 / → ヒモ分散。1号艇1着固定で広めのヒモ流し推奨（買い目+2点）', 'tenji_trigger': '展示確認: ヒモ分散レース。1号艇伸び確認後、広めのヒモ流しを採用。穴ヒモ（5・6号艇）を積極的に含める。\n展示で1号艇スタート超安定(0.128秒)→ヒモ固まり方向に注意'}",,,26.1,逃げ狙い,13.98,26,2,,,,,,,,,,,
2026-04-15,丸亀,10,5,堀本和也,A1,28.70,5,,2.203,16.8,100,64.1,0.1044,2.5,,,0,低,22,0,-,223 42,0,27.6,0.6398,,,,,,0.04,0.04,0.12,,,D,◎,,0.3835,0.769,,0.6863,S,80,0,◎1着固定 2-3着流し（5〜8点）,0.5777,"{'is_target': True, 'verdict': '参加推奨', 'max_combo_prob': 0.0753, 'est_top_odds': 17.7, 'circle_concentration': 55.0, 'eligible_count': 6, 'bet_adj': 2, 'reason': 'rel_win1=73.7%（本命度） / 最有力組み合わせ確率: 0.075（推定実オッズ?18倍） / 2着集中度: 上位2艇 55.0%（補正+0.00） / 総合判定確率: 0.075 / → ヒモ分散。1号艇1着固定で広めのヒモ流し推奨（買い目+2点）', 'tenji_trigger': '展示確認: ヒモ分散レース。1号艇伸び確認後、広めのヒモ流しを採用。穴ヒモ（5・6号艇）を積極的に含める。\n展示で1号艇スタート超安定(0.128秒)→ヒモ固まり方向に注意'}",,,26.1,逃げ狙い,13.98,26,2,,,,,,,,,,,
2026-04-15,丸亀,10,6,中澤宏奈,B2,39.39,6,▲,1.1351,4.8,41,27.3,0.17,3.8864,,,0,低,56,0,-,252 32,0,58.9,1.1361,,,,,,0.05,0,0.4,,,B,,,0.1748,0.5985,,0.6863,S,80,0,◎1着固定 2-3着流し（5〜8点）,0.5777,"{'is_target': True, 'verdict': '参加推奨', 'max_combo_prob': 0.0753, 'est_top_odds': 17.7, 'circle_concentration': 55.0, 'eligible_count': 6, 'bet_adj': 2, 'reason': 'rel_win1=73.7%（本命度） / 最有力組み合わせ確率: 0.075（推定実オッズ?18倍） / 2着集中度: 上位2艇 55.0%（補正+0.00） / 総合判定確率: 0.075 / → ヒモ分散。1号艇1着固定で広めのヒモ流し推奨（買い目+2点）', 'tenji_trigger': '展示確認: ヒモ分散レース。1号艇伸び確認後、広めのヒモ流しを採用。穴ヒモ（5・6号艇）を積極的に含める。\n展示で1号艇スタート超安定(0.128秒)→ヒモ固まり方向に注意'}",,,26.1,逃げ狙い,13.98,26,2,,,,,,,,,,,
2026-04-15,丸亀,11,1,市橋卓士,A1,25.19,1,◎,56.8416,,0,93.8,0.1419,2.201,,,0,低,93,0,-,363622,0,96.5,1.3415,0.6875,,,,,0.1045,0.0879,0.0795,◎,,E,,,,0.6155,,0.6159,A,79,0,◎-○軸 3着3〜4艇流し（10〜15点）,0.5777,"{'is_target': True, 'verdict': '点数絞り', 'max_combo_prob': 0.0923, 'est_top_odds': 14.4, 'circle_concentration': 71.4, 'eligible_count': 8, 'bet_adj': 0, 'reason': 'rel_win1=56.8%（本命度） / 最有力組み合わせ確率: 0.092（推定実オッズ?14倍） / 2着集中度: 上位2艇 71.4%（補正+0.04） / 総合判定確率: 0.132 / → ヒモはやや固め。上位2艇以外を切ること', 'tenji_trigger': '展示確認: 1号艇伸び良→そのまま採用。悪→飛び組に差し替え。circle_pct上位2艇に絞り込むこと。'}",,,27.8,逃げ狙い,18.19,27.5,2,,,,,0,0,0.7559,0,,逃げ軸流し,A
2026-04-15,丸亀,11,2,深川真二,A1,37.31,2,○,19.6401,45.1,40,69.8,0.1304,2.5849,,,0,低,21,0,差0%,115 14,0,77.1,0.9414,0,0.1786,0.0357,0,0,0.0105,0.1173,0.0211,,◎,B,△,,0.4693,0.6545,,0.6159,A,79,0,◎-○軸 3着3〜4艇流し（10〜15点）,0.5777,"{'is_target': True, 'verdict': '点数絞り', 'max_combo_prob': 0.0923, 'est_top_odds': 14.4, 'circle_concentration': 71.4, 'eligible_count': 8, 'bet_adj': 0, 'reason': 'rel_win1=56.8%（本命度） / 最有力組み合わせ確率: 0.092（推定実オッズ?14倍） / 2着集中度: 上位2艇 71.4%（補正+0.04） / 総合判定確率: 0.132 / → ヒモはやや固め。上位2艇以外を切ること', 'tenji_trigger': '展示確認: 1号艇伸び良→そのまま採用。悪→飛び組に差し替え。circle_pct上位2艇に絞り込むこと。'}",,,27.8,逃げ狙い,18.19,27.5,2,,,,,,,,,,,
2026-04-15,丸亀,11,3,野末智一,A2,34.92,3,▲,10.3494,26.2,64,62,0.1865,3.8354,,,0,低,227,0,-,443 23,0,76.1,1.7573,0,0.0645,0,0.0323,0.0323,0.1722,0.1512,0.0737,,,B,△,,0.1236,0.6595,,0.6159,A,79,0,◎-○軸 3着3〜4艇流し（10〜15点）,0.5777,"{'is_target': True, 'verdict': '点数絞り', 'max_combo_prob': 0.0923, 'est_top_odds': 14.4, 'circle_concentration': 71.4, 'eligible_count': 8, 'bet_adj': 0, 'reason': 'rel_win1=56.8%（本命度） / 最有力組み合わせ確率: 0.092（推定実オッズ?14倍） / 2着集中度: 上位2艇 71.4%（補正+0.04） / 総合判定確率: 0.132 / → ヒモはやや固め。上位2艇以外を切ること', 'tenji_trigger': '展示確認: 1号艇伸び良→そのまま採用。悪→飛び組に差し替え。circle_pct上位2艇に絞り込むこと。'}",,,27.8,逃げ狙い,18.19,27.5,2,,,,,,,,,,,
2026-04-15,丸亀,11,4,坪口竜也,A2,28.15,4,,6.4493,16.4,100,69.6,0.1623,3.8214,,,0,低,84,0,-,3 1233,0,56.9,1.1909,0,0,0.0476,0.0952,0,0,0.0667,0.0333,,,D,◎,○,0.2341,0.6815,0.363,0.6159,A,79,0,◎-○軸 3着3〜4艇流し（10〜15点）,0.5777,"{'is_target': True, 'verdict': '点数絞り', 'max_combo_prob': 0.0923, 'est_top_odds': 14.4, 'circle_concentration': 71.4, 'eligible_count': 8, 'bet_adj': 0, 'reason': 'rel_win1=56.8%（本命度） / 最有力組み合わせ確率: 0.092（推定実オッズ?14倍） / 2着集中度: 上位2艇 71.4%（補正+0.04） / 総合判定確率: 0.132 / → ヒモはやや固め。上位2艇以外を切ること', 'tenji_trigger': '展示確認: 1号艇伸び良→そのまま採用。悪→飛び組に差し替え。circle_pct上位2艇に絞り込むこと。'}",,,27.8,逃げ狙い,18.19,27.5,2,,,,,,,,,,,
2026-04-15,丸亀,11,5,乙津康志,B1,27.56,5,,2.1992,2.4,61,26.7,0.2017,4.3833,,,0,低,167,0,-,1 316,0,30.8,0.7126,0,0,0,0.0345,0,0.1,0.18,0.42,,,D,,,0.1184,0.596,,0.6159,A,79,0,◎-○軸 3着3〜4艇流し（10〜15点）,0.5777,"{'is_target': True, 'verdict': '点数絞り', 'max_combo_prob': 0.0923, 'est_top_odds': 14.4, 'circle_concentration': 71.4, 'eligible_count': 8, 'bet_adj': 0, 'reason': 'rel_win1=56.8%（本命度） / 最有力組み合わせ確率: 0.092（推定実オッズ?14倍） / 2着集中度: 上位2艇 71.4%（補正+0.04） / 総合判定確率: 0.132 / → ヒモはやや固め。上位2艇以外を切ること', 'tenji_trigger': '展示確認: 1号艇伸び良→そのまま採用。悪→飛び組に差し替え。circle_pct上位2艇に絞り込むこと。'}",,,27.8,逃げ狙い,18.19,27.5,2,,,,,,,,,,,
2026-04-15,丸亀,11,6,北山康介,A1,32.81,6,△,4.5204,9.8,53,53.4,0.1386,2.6379,,,0,低,69,0,-,334331,0,39.9,1.6417,0,0,0,0,0.0385,0.0694,0.1138,0,,,C,○,◎,0.3376,0.663,0.4016,0.6159,A,79,0,◎-○軸 3着3〜4艇流し（10〜15点）,0.5777,"{'is_target': True, 'verdict': '点数絞り', 'max_combo_prob': 0.0923, 'est_top_odds': 14.4, 'circle_concentration': 71.4, 'eligible_count': 8, 'bet_adj': 0, 'reason': 'rel_win1=56.8%（本命度） / 最有力組み合わせ確率: 0.092（推定実オッズ?14倍） / 2着集中度: 上位2艇 71.4%（補正+0.04） / 総合判定確率: 0.132 / → ヒモはやや固め。上位2艇以外を切ること', 'tenji_trigger': '展示確認: 1号艇伸び良→そのまま採用。悪→飛び組に差し替え。circle_pct上位2艇に絞り込むこと。'}",,,27.8,逃げ狙い,18.19,27.5,2,,,,,,,,,,,
2026-04-15,丸亀,12,1,徳増秀樹,A1,26.81,1,◎,54.2069,,0,87.5,0.1475,3.0804,,,0,低,35,0,逃1%,12411,0,73.3,1.1126,0.6667,,,,,0.0694,0.0296,0.0444,◎,,E,◎,,,0.67,,0.5307,S,86,0,◎1着固定 2-3着流し（5〜8点）,0.5777,"{'is_target': True, 'verdict': '参加推奨', 'max_combo_prob': 0.0759, 'est_top_odds': 17.6, 'circle_concentration': 62.1, 'eligible_count': 6, 'bet_adj': 2, 'reason': 'rel_win1=54.2%（本命度） / 最有力組み合わせ確率: 0.076（推定実オッズ?18倍） / 2着集中度: 上位2艇 62.1%（補正+0.00） / 総合判定確率: 0.076 / → ヒモ分散。1号艇1着固定で広めのヒモ流し推奨（買い目+2点）', 'tenji_trigger': '展示確認: ヒモ分散レース。1号艇伸び確認後、広めのヒモ流しを採用。穴ヒモ（5・6号艇）を積極的に含める。'}",,,29.4,逃げ狙い,27.34,24.1,3,,,,,0,0,0.7559,0,,逃げ軸流し,A
2026-04-15,丸亀,12,2,加藤政彦,A1,40.63,2,○,14.3619,41.3,100,78.6,0.1401,2.8857,,,0,低,105,0,差0% ま0%,1 3221,0,52.9,1.2602,0,0.1333,0.0333,0,0,0.35,0.0667,0.1833,,◎,A,△,,0.402,0.5995,,0.5307,S,86,0,◎1着固定 2-3着流し（5〜8点）,0.5777,"{'is_target': True, 'verdict': '参加推奨', 'max_combo_prob': 0.0759, 'est_top_odds': 17.6, 'circle_concentration': 62.1, 'eligible_count': 6, 'bet_adj': 2, 'reason': 'rel_win1=54.2%（本命度） / 最有力組み合わせ確率: 0.076（推定実オッズ?18倍） / 2着集中度: 上位2艇 62.1%（補正+0.00） / 総合判定確率: 0.076 / → ヒモ分散。1号艇1着固定で広めのヒモ流し推奨（買い目+2点）', 'tenji_trigger': '展示確認: ヒモ分散レース。1号艇伸び確認後、広めのヒモ流しを採用。穴ヒモ（5・6号艇）を積極的に含める。'}",,,29.4,逃げ狙い,27.34,24.1,3,,,,,,,,,,,
2026-04-15,丸亀,12,3,岩永雅人,A2,27.07,3,,14.0194,17.4,82,65.6,0.1634,3.4531,,,0,低,153,0,差0% ま0% 差ま0%,1 133,0,47.1,1.295,0,0.1,0.1,0.1,0,0.01,0.155,0.07,,,D,△,,0.2304,0.61,,0.5307,S,86,0,◎1着固定 2-3着流し（5〜8点）,0.5777,"{'is_target': True, 'verdict': '参加推奨', 'max_combo_prob': 0.0759, 'est_top_odds': 17.6, 'circle_concentration': 62.1, 'eligible_count': 6, 'bet_adj': 2, 'reason': 'rel_win1=54.2%（本命度） / 最有力組み合わせ確率: 0.076（推定実オッズ?18倍） / 2着集中度: 上位2艇 62.1%（補正+0.00） / 総合判定確率: 0.076 / → ヒモ分散。1号艇1着固定で広めのヒモ流し推奨（買い目+2点）', 'tenji_trigger': '展示確認: ヒモ分散レース。1号艇伸び確認後、広めのヒモ流しを採用。穴ヒモ（5・6号艇）を積極的に含める。'}",,,29.4,逃げ狙い,27.34,24.1,3,,,,,,,,,,,
2026-04-15,丸亀,12,4,是澤孝宏,A2,35.66,4,▲,7.6341,20.9,78,61.2,0.1606,3.2857,,,0,低,125,0,-,411 16,0,49.7,1.2036,0,0,0,0,0.05,0.1625,0.0125,0.0375,,,C,○,○,0.2591,0.6235,0.2963,0.5307,S,86,0,◎1着固定 2-3着流し（5〜8点）,0.5777,"{'is_target': True, 'verdict': '参加推奨', 'max_combo_prob': 0.0759, 'est_top_odds': 17.6, 'circle_concentration': 62.1, 'eligible_count': 6, 'bet_adj': 2, 'reason': 'rel_win1=54.2%（本命度） / 最有力組み合わせ確率: 0.076（推定実オッズ?18倍） / 2着集中度: 上位2艇 62.1%（補正+0.00） / 総合判定確率: 0.076 / → ヒモ分散。1号艇1着固定で広めのヒモ流し推奨（買い目+2点）', 'tenji_trigger': '展示確認: ヒモ分散レース。1号艇伸び確認後、広めのヒモ流しを採用。穴ヒモ（5・6号艇）を積極的に含める。'}",,,29.4,逃げ狙い,27.34,24.1,3,,,,,,,,,,,
2026-04-15,丸亀,12,5,大須賀友,A2,28.89,5,△,7.7345,13.8,96,56.2,0.1579,3.4167,,,0,低,116,0,-,25541,0,95.1,1.7988,0,0,0.0435,0,0.0435,0.0516,0.1258,0.0129,,,D,,◎,0.2513,0.599,0.2998,0.5307,S,86,0,◎1着固定 2-3着流し（5〜8点）,0.5777,"{'is_target': True, 'verdict': '参加推奨', 'max_combo_prob': 0.0759, 'est_top_odds': 17.6, 'circle_concentration': 62.1, 'eligible_count': 6, 'bet_adj': 2, 'reason': 'rel_win1=54.2%（本命度） / 最有力組み合わせ確率: 0.076（推定実オッズ?18倍） / 2着集中度: 上位2艇 62.1%（補正+0.00） / 総合判定確率: 0.076 / → ヒモ分散。1号艇1着固定で広めのヒモ流し推奨（買い目+2点）', 'tenji_trigger': '展示確認: ヒモ分散レース。1号艇伸び確認後、広めのヒモ流しを採用。穴ヒモ（5・6号艇）を積極的に含める。'}",,,29.4,逃げ狙い,27.34,24.1,3,,,,,,,,,,,
2026-04-15,丸亀,12,6,古賀智之,A2,39.69,6,,2.0431,6.7,27,23.5,0.1776,4.1765,,,0,低,119,0,-,6 1215,0,32.4,1.0239,,,,,,0.05,0.4,0.125,,,B,,,0.2174,0.5905,,0.5307,S,86,0,◎1着固定 2-3着流し（5〜8点）,0.5777,"{'is_target': True, 'verdict': '参加推奨', 'max_combo_prob': 0.0759, 'est_top_odds': 17.6, 'circle_concentration': 62.1, 'eligible_count': 6, 'bet_adj': 2, 'reason': 'rel_win1=54.2%（本命度） / 最有力組み合わせ確率: 0.076（推定実オッズ?18倍） / 2着集中度: 上位2艇 62.1%（補正+0.00） / 総合判定確率: 0.076 / → ヒモ分散。1号艇1着固定で広めのヒモ流し推奨（買い目+2点）', 'tenji_trigger': '展示確認: ヒモ分散レース。1号艇伸び確認後、広めのヒモ流しを採用。穴ヒモ（5・6号艇）を積極的に含める。'}",,,29.4,逃げ狙い,27.34,24.1,3,,,,,,,,,,,
2026-04-18,丸亀,1,1,妻鳥晋也,B1,26.39,1,○,47.9927,,0,71,0.1787,4.3947,,,0,低,151,0,逃0%,,0,64,0.8485,0.25,,,,,0.25,0.21,0.23,,,E,△,,,0.601,,0.1949,B,53,0,◎○△フォーメーション（15〜20点）,0.5777,"{'is_target': True, 'verdict': '参加推奨', 'max_combo_prob': 0.0702, 'est_top_odds': 19.0, 'circle_concentration': 76.5, 'eligible_count': 9, 'bet_adj': 2, 'reason': 'rel_win1=48.0%（本命度） / 最有力組み合わせ確率: 0.070（推定実オッズ?19倍） / 2着集中度: 上位2艇 76.5%（補正+0.04） / 総合判定確率: 0.110 / → ヒモ分散。1号艇1着固定で広めのヒモ流し推奨（買い目+2点）', 'tenji_trigger': '展示確認: ヒモ分散レース。1号艇伸び確認後、広めのヒモ流しを採用。穴ヒモ（5・6号艇）を積極的に含める。'}",,,32.2,両建て推奨,20.75,37.8,2,2-1-3|2-1-4|2-1-5|2-3-1|2-5-1|2-3-4|2-5-3|1-2-4|1-2-5|1-3-4|1-3-5|1-3-2,2-1-3|2-1-4|2-1-5|2-3-1|2-5-1|2-3-4|2-5-3|1-2-4|1-2-5|1-3-4|1-3-5|1-3-2,2-1-3:2.1%|2-1-4:1.57%|2-1-5:1.41%|2-3-1:0.69%|2-5-1:0.52%|2-3-4:0.1%|2-5-3:0.1%|1-2-4:5.75%|1-2-5:5.24%|1-3-4:4.02%|1-3-5:3.67%|1-3-2:3.6%,2-1-3:B_main|2-1-4:B_main|2-1-5:B_main|2-3-1:B_main|2-5-1:B_main|2-3-4:B_main|2-5-3:B_main|1-2-4:A|1-2-5:A|1-3-4:A|1-3-5:A|1-3-2:A,12,12,0.2915,1,[!]見送り推奨（主役決まり手「差し」― 逃げ劣勢レースで的中実績なし）,主役軸流し,B
2026-04-18,丸亀,1,2,星野太郎,B1,49.25,2,◎,21.8725,46.5,93,67.8,0.1661,3.8983,,,0,低,157,0,抜1%,,0,58.8,1.0572,0,0.3,0,0,0.1,0.0333,0.0667,0.25,,◎,A,△,,0.5353,0.63,,0.1949,B,53,0,◎○△フォーメーション（15〜20点）,0.5777,"{'is_target': True, 'verdict': '参加推奨', 'max_combo_prob': 0.0702, 'est_top_odds': 19.0, 'circle_concentration': 76.5, 'eligible_count': 9, 'bet_adj': 2, 'reason': 'rel_win1=48.0%（本命度） / 最有力組み合わせ確率: 0.070（推定実オッズ?19倍） / 2着集中度: 上位2艇 76.5%（補正+0.04） / 総合判定確率: 0.110 / → ヒモ分散。1号艇1着固定で広めのヒモ流し推奨（買い目+2点）', 'tenji_trigger': '展示確認: ヒモ分散レース。1号艇伸び確認後、広めのヒモ流しを採用。穴ヒモ（5・6号艇）を積極的に含める。'}",,,32.2,両建て推奨,20.75,37.8,2,,,,,,,,,,,
2026-04-18,丸亀,1,3,齊藤大将,B2,41.48,3,▲,10.2678,30,75,42.3,0.1638,3.4327,,,0,低,108,0,-,,0,59.4,1.1217,,,,,,0.0308,0.3231,0.2923,,,B,,,0.411,0.575,,0.1949,B,53,0,◎○△フォーメーション（15〜20点）,0.5777,"{'is_target': True, 'verdict': '参加推奨', 'max_combo_prob': 0.0702, 'est_top_odds': 19.0, 'circle_concentration': 76.5, 'eligible_count': 9, 'bet_adj': 2, 'reason': 'rel_win1=48.0%（本命度） / 最有力組み合わせ確率: 0.070（推定実オッズ?19倍） / 2着集中度: 上位2艇 76.5%（補正+0.04） / 総合判定確率: 0.110 / → ヒモ分散。1号艇1着固定で広めのヒモ流し推奨（買い目+2点）', 'tenji_trigger': '展示確認: ヒモ分散レース。1号艇伸び確認後、広めのヒモ流しを採用。穴ヒモ（5・6号艇）を積極的に含める。'}",,,32.2,両建て推奨,20.75,37.8,2,,,,,,,,,,,
2026-04-18,丸亀,1,4,桑原　啓,B1,41.26,4,△,14.4709,13.4,97,47,0.1577,3.3258,,,0,低,104,0,-,,0,49.3,0.8915,0,0,0.1,0,0,0.3,0.22,0.18,,△,C,◎,◎,0.4152,0.6545,0.3481,0.1949,B,53,0,◎○△フォーメーション（15〜20点）,0.5777,"{'is_target': True, 'verdict': '参加推奨', 'max_combo_prob': 0.0702, 'est_top_odds': 19.0, 'circle_concentration': 76.5, 'eligible_count': 9, 'bet_adj': 2, 'reason': 'rel_win1=48.0%（本命度） / 最有力組み合わせ確率: 0.070（推定実オッズ?19倍） / 2着集中度: 上位2艇 76.5%（補正+0.04） / 総合判定確率: 0.110 / → ヒモ分散。1号艇1着固定で広めのヒモ流し推奨（買い目+2点）', 'tenji_trigger': '展示確認: ヒモ分散レース。1号艇伸び確認後、広めのヒモ流しを採用。穴ヒモ（5・6号艇）を積極的に含める。'}",,,32.2,両建て推奨,20.75,37.8,2,,,,,,,,,,,
2026-04-18,丸亀,1,5,上田洋平,B1,34.78,5,,4.1361,7.9,100,47.9,0.1554,3.9583,,,0,低,112,0,抜0%,,0,79.7,1.2264,0,0,0,0,0.0667,0.2115,0.0615,0.1365,,○,D,○,,0.4166,0.6535,,0.1949,B,53,0,◎○△フォーメーション（15〜20点）,0.5777,"{'is_target': True, 'verdict': '参加推奨', 'max_combo_prob': 0.0702, 'est_top_odds': 19.0, 'circle_concentration': 76.5, 'eligible_count': 9, 'bet_adj': 2, 'reason': 'rel_win1=48.0%（本命度） / 最有力組み合わせ確率: 0.070（推定実オッズ?19倍） / 2着集中度: 上位2艇 76.5%（補正+0.04） / 総合判定確率: 0.110 / → ヒモ分散。1号艇1着固定で広めのヒモ流し推奨（買い目+2点）', 'tenji_trigger': '展示確認: ヒモ分散レース。1号艇伸び確認後、広めのヒモ流しを採用。穴ヒモ（5・6号艇）を積極的に含める。'}",,,32.2,両建て推奨,20.75,37.8,2,,,,,,,,,,,
2026-04-18,丸亀,1,6,岡部　浩,B1,38.24,6,,1.2601,2.2,46,11.3,0.2225,4.8774,,,0,低,155,0,-,,0,27.7,0.7933,,,,,,0.2311,0.2311,0.0667,,,C,,,0.2021,0.5865,,0.1949,B,53,0,◎○△フォーメーション（15〜20点）,0.5777,"{'is_target': True, 'verdict': '参加推奨', 'max_combo_prob': 0.0702, 'est_top_odds': 19.0, 'circle_concentration': 76.5, 'eligible_count': 9, 'bet_adj': 2, 'reason': 'rel_win1=48.0%（本命度） / 最有力組み合わせ確率: 0.070（推定実オッズ?19倍） / 2着集中度: 上位2艇 76.5%（補正+0.04） / 総合判定確率: 0.110 / → ヒモ分散。1号艇1着固定で広めのヒモ流し推奨（買い目+2点）', 'tenji_trigger': '展示確認: ヒモ分散レース。1号艇伸び確認後、広めのヒモ流しを採用。穴ヒモ（5・6号艇）を積極的に含める。'}",,,32.2,両建て推奨,20.75,37.8,2,,,,,,,,,,,
2026-04-18,丸亀,2,1,石井裕美,B1,25.55,1,◎,43.1694,,0,64.7,0.1429,2.0588,,,0,低,53,0,-,,0,57.7,0.8347,,,,,,0.2222,0.6667,0.1111,◎⚠️,,D,,,,0.564,,0.4885,C,43,0,荒れ傾向。高配当狙いか見送り,0.5777,"{'is_target': False, 'verdict': '対象外', 'max_combo_prob': None, 'est_top_odds': None, 'circle_concentration': None, 'eligible_count': 0, 'bet_adj': 0, 'reason': '1号艇rel_win1 < 45%: 通常判定に委ねる', 'tenji_trigger': ''}",,,34.5,両建て推奨,19.74,45.3,2,4-5-6|4-6-5|4-3-6|4-5-1|4-6-1|4-3-5|4-5-3|1-2-6|1-3-6|1-2-4|1-3-4|1-2-3,4-5-6|4-6-5|4-3-6|4-5-1|4-6-1|4-3-5|4-5-3|1-2-6|1-3-6|1-2-4|1-3-4|1-2-3,4-5-6:2.35%|4-6-5:1.01%|4-3-6:0.78%|4-5-1:0.66%|4-6-1:0.51%|4-3-5:0.44%|4-5-3:0.35%|1-2-6:4.71%|1-3-6:4.58%|1-2-4:4.53%|1-3-4:4.41%|1-2-3:3.51%,4-5-6:B_main|4-6-5:B_main|4-3-6:B_main|4-5-1:B_main|4-6-1:B_main|4-3-5:B_main|4-5-3:B_main|1-2-6:A|1-3-6:A|1-2-4:A|1-3-4:A|1-2-3:A,12,12,0.4535,1,[!]見送り推奨（主役決まり手「まくり」― 逃げ劣勢レースで的中実績なし）,主役軸流し,B
2026-04-18,丸亀,2,2,飯塚　響,B2,32.03,2,△,16.1452,35.2,71,25,0.2,4.25,,,0,低,45,1,ま0%,,0,16.4,0.5907,0,0,0.25,0,0,0,0,0,,,C,,,0.0887,0.5145,,0.4885,C,43,0,荒れ傾向。高配当狙いか見送り,0.5777,"{'is_target': False, 'verdict': '対象外', 'max_combo_prob': None, 'est_top_odds': None, 'circle_concentration': None, 'eligible_count': 0, 'bet_adj': 0, 'reason': '1号艇rel_win1 < 45%: 通常判定に委ねる', 'tenji_trigger': ''}",,,34.5,両建て推奨,19.74,45.3,2,,,,,,,,,,,
2026-04-18,丸亀,2,3,松浦　勝,B1,39.71,3,▲,10.0453,29.4,68,37.1,0.1537,3.379,,,0,低,112,0,ま0% 差ま0%,,0,37.8,0.784,0,0,0.0345,0.0345,0,0.3,0.26,0.04,,,B,△,,0.2265,0.6085,,0.4885,C,43,0,荒れ傾向。高配当狙いか見送り,0.5777,"{'is_target': False, 'verdict': '対象外', 'max_combo_prob': None, 'est_top_odds': None, 'circle_concentration': None, 'eligible_count': 0, 'bet_adj': 0, 'reason': '1号艇rel_win1 < 45%: 通常判定に委ねる', 'tenji_trigger': ''}",,,34.5,両建て推奨,19.74,45.3,2,,,,,,,,,,,
2026-04-18,丸亀,2,4,水谷理人,A2,44.12,4,○,20.7082,16.7,100,55,0.169,3.075,,,0,低,64,0,-,,0,57.4,1.0968,0,0,0.1,0,0.05,0.0533,0.28,0.0267,,,A,△,◎,0.2039,0.569,0.2742,0.4885,C,43,0,荒れ傾向。高配当狙いか見送り,0.5777,"{'is_target': False, 'verdict': '対象外', 'max_combo_prob': None, 'est_top_odds': None, 'circle_concentration': None, 'eligible_count': 0, 'bet_adj': 0, 'reason': '1号艇rel_win1 < 45%: 通常判定に委ねる', 'tenji_trigger': ''}",,,34.5,両建て推奨,19.74,45.3,2,,,,,,,,,,,
2026-04-18,丸亀,2,5,高濱芳久,B1,27.86,5,,2.9687,9.2,65,26.5,0.1771,3.9853,,,0,低,114,0,-,,0,33.6,0.7371,,,,,,0.0485,0.1485,0.1485,,,D,◎,,0.2022,0.6335,,0.4885,C,43,0,荒れ傾向。高配当狙いか見送り,0.5777,"{'is_target': False, 'verdict': '対象外', 'max_combo_prob': None, 'est_top_odds': None, 'circle_concentration': None, 'eligible_count': 0, 'bet_adj': 0, 'reason': '1号艇rel_win1 < 45%: 通常判定に委ねる', 'tenji_trigger': ''}",,,34.5,両建て推奨,19.74,45.3,2,,,,,,,,,,,
2026-04-18,丸亀,2,6,水摩　敦,A2,22.86,6,,6.9632,9.6,56,42.4,0.1694,3.7121,,,0,低,158,0,-,,0,92.1,1.8219,,,,,,0.07,0.11,0.15,,,E,○,○,0.2257,0.6135,0.247,0.4885,C,43,0,荒れ傾向。高配当狙いか見送り,0.5777,"{'is_target': False, 'verdict': '対象外', 'max_combo_prob': None, 'est_top_odds': None, 'circle_concentration': None, 'eligible_count': 0, 'bet_adj': 0, 'reason': '1号艇rel_win1 < 45%: 通常判定に委ねる', 'tenji_trigger': ''}",,,34.5,両建て推奨,19.74,45.3,2,,,,,,,,,,,
2026-04-18,丸亀,3,1,横田　茂,B1,39.13,1,◎,48.8562,,0,90.7,0.1398,2.5556,,,0,低,109,0,逃0%,,0,80.2,1.125,0.25,,,,,0.45,0.2167,0.05,◎,,B,◎,,,0.6545,,0.4841,A,71,0,◎-○軸 3着3〜4艇流し（10〜15点）,0.5777,"{'is_target': True, 'verdict': '点数絞り', 'max_combo_prob': 0.0934, 'est_top_odds': 14.3, 'circle_concentration': 83.0, 'eligible_count': 8, 'bet_adj': 0, 'reason': 'rel_win1=48.9%（本命度） / 最有力組み合わせ確率: 0.093（推定実オッズ?14倍） / 2着集中度: 上位2艇 83.0%（補正+0.04） / 総合判定確率: 0.133 / → ヒモはやや固め。上位2艇以外を切ること', 'tenji_trigger': '展示確認: 1号艇伸び良→そのまま採用。悪→飛び組に差し替え。circle_pct上位2艇に絞り込むこと。\n展示で1号艇スタート超安定(0.140秒)→ヒモ固まり方向に注意'}",,,32,逃げ狙い,16.94,40.5,2,,,,,0,0,0.7559,0,,逃げ軸流し,A
2026-04-18,丸亀,3,2,田頭虎親,B1,29.69,2,△,18.3109,54.1,64,69.6,0.1607,3.4348,,,0,低,121,0,差0% ま0%,,0,46.5,0.9734,0,0.2174,0.0435,0,0,0.1,0.375,0.025,,,D,,,0.2061,0.5945,,0.4841,A,71,0,◎-○軸 3着3〜4艇流し（10〜15点）,0.5777,"{'is_target': True, 'verdict': '点数絞り', 'max_combo_prob': 0.0934, 'est_top_odds': 14.3, 'circle_concentration': 83.0, 'eligible_count': 8, 'bet_adj': 0, 'reason': 'rel_win1=48.9%（本命度） / 最有力組み合わせ確率: 0.093（推定実オッズ?14倍） / 2着集中度: 上位2艇 83.0%（補正+0.04） / 総合判定確率: 0.133 / → ヒモはやや固め。上位2艇以外を切ること', 'tenji_trigger': '展示確認: 1号艇伸び良→そのまま採用。悪→飛び組に差し替え。circle_pct上位2艇に絞り込むこと。\n展示で1号艇スタート超安定(0.140秒)→ヒモ固まり方向に注意'}",,,32,逃げ狙い,16.94,40.5,2,,,,,,,,,,,
2026-04-18,丸亀,3,3,荒井翔伍,A2,31.43,3,,16.4053,28.9,100,74.1,0.1645,3.1552,,,0,低,81,0,差0% ま0% 差ま0%,,0,69,1.4658,0,0.0769,0.1154,0.0385,0,0.0148,0.1046,0.3287,,,D,△,,0.2222,0.6315,,0.4841,A,71,0,◎-○軸 3着3〜4艇流し（10〜15点）,0.5777,"{'is_target': True, 'verdict': '点数絞り', 'max_combo_prob': 0.0934, 'est_top_odds': 14.3, 'circle_concentration': 83.0, 'eligible_count': 8, 'bet_adj': 0, 'reason': 'rel_win1=48.9%（本命度） / 最有力組み合わせ確率: 0.093（推定実オッズ?14倍） / 2着集中度: 上位2艇 83.0%（補正+0.04） / 総合判定確率: 0.133 / → ヒモはやや固め。上位2艇以外を切ること', 'tenji_trigger': '展示確認: 1号艇伸び良→そのまま採用。悪→飛び組に差し替え。circle_pct上位2艇に絞り込むこと。\n展示で1号艇スタート超安定(0.140秒)→ヒモ固まり方向に注意'}",,,32,逃げ狙い,16.94,40.5,2,,,,,,,,,,,
2026-04-18,丸亀,3,4,宮地秀祈,B1,47.89,4,○,6.8347,4.7,49,27.1,0.1868,4.0085,,,0,低,145,0,-,,0,95,0.4547,0,0,0,0.0435,0,0.2914,0.2714,0.06,,,A,△,,0.1397,0.6005,,0.4841,A,71,0,◎-○軸 3着3〜4艇流し（10〜15点）,0.5777,"{'is_target': True, 'verdict': '点数絞り', 'max_combo_prob': 0.0934, 'est_top_odds': 14.3, 'circle_concentration': 83.0, 'eligible_count': 8, 'bet_adj': 0, 'reason': 'rel_win1=48.9%（本命度） / 最有力組み合わせ確率: 0.093（推定実オッズ?14倍） / 2着集中度: 上位2艇 83.0%（補正+0.04） / 総合判定確率: 0.133 / → ヒモはやや固め。上位2艇以外を切ること', 'tenji_trigger': '展示確認: 1号艇伸び良→そのまま採用。悪→飛び組に差し替え。circle_pct上位2艇に絞り込むこと。\n展示で1号艇スタート超安定(0.140秒)→ヒモ固まり方向に注意'}",,,32,逃げ狙い,16.94,40.5,2,,,,,,,,,,,
2026-04-18,丸亀,3,5,高橋涼夏,B2,23.57,5,,5.5693,5.8,50,0,0.1136,2.9286,,,0,低,43,1,-,,0,36.6,0.7267,,,,,,,,,,◎,E,,,0.4294,0.5355,,0.4841,A,71,0,◎-○軸 3着3〜4艇流し（10〜15点）,0.5777,"{'is_target': True, 'verdict': '点数絞り', 'max_combo_prob': 0.0934, 'est_top_odds': 14.3, 'circle_concentration': 83.0, 'eligible_count': 8, 'bet_adj': 0, 'reason': 'rel_win1=48.9%（本命度） / 最有力組み合わせ確率: 0.093（推定実オッズ?14倍） / 2着集中度: 上位2艇 83.0%（補正+0.04） / 総合判定確率: 0.133 / → ヒモはやや固め。上位2艇以外を切ること', 'tenji_trigger': '展示確認: 1号艇伸び良→そのまま採用。悪→飛び組に差し替え。circle_pct上位2艇に絞り込むこと。\n展示で1号艇スタート超安定(0.140秒)→ヒモ固まり方向に注意'}",,,32,逃げ狙い,16.94,40.5,2,,,,,,,,,,,
2026-04-18,丸亀,3,6,今井貴士,A1,35.34,6,▲,4.0236,6.5,84,50,0.1569,3.0603,,,0,低,112,0,差ま0%,,0,28.6,1.9417,0,0,0,0.0455,0,0.24,0,0.0267,,,C,○,,0.2599,0.654,,0.4841,A,71,0,◎-○軸 3着3〜4艇流し（10〜15点）,0.5777,"{'is_target': True, 'verdict': '点数絞り', 'max_combo_prob': 0.0934, 'est_top_odds': 14.3, 'circle_concentration': 83.0, 'eligible_count': 8, 'bet_adj': 0, 'reason': 'rel_win1=48.9%（本命度） / 最有力組み合わせ確率: 0.093（推定実オッズ?14倍） / 2着集中度: 上位2艇 83.0%（補正+0.04） / 総合判定確率: 0.133 / → ヒモはやや固め。上位2艇以外を切ること', 'tenji_trigger': '展示確認: 1号艇伸び良→そのまま採用。悪→飛び組に差し替え。circle_pct上位2艇に絞り込むこと。\n展示で1号艇スタート超安定(0.140秒)→ヒモ固まり方向に注意'}",,,32,逃げ狙い,16.94,40.5,2,,,,,,,,,,,
2026-04-18,丸亀,4,1,小澤　学,B1,33.33,1,○,42.4167,,0,44.9,0.2694,5.3878,,,0,低,319,0,逃0%,,0,29.7,0.6275,0.1111,,,,,0.4667,0.4222,0.0222,,,C,△,,,0.59,,-0.0203,D,32,1,大荒れ。見送り推奨,0.5777,"{'is_target': False, 'verdict': '対象外', 'max_combo_prob': None, 'est_top_odds': None, 'circle_concentration': None, 'eligible_count': 0, 'bet_adj': 0, 'reason': '1号艇rel_win1 < 45%: 通常判定に委ねる', 'tenji_trigger': ''}",,,39.9,両建て推奨,16.5,49.1,4,2-1-4|2-1-3|2-1-5|2-3-1|2-3-4|2-5-1|2-5-4|1-2-4|1-2-5|1-2-3|1-3-4,2-1-4|2-1-3|2-1-5|2-3-1|2-3-4|2-5-1|2-5-4|1-2-4|1-2-5|6-1-4|1-2-3|1-3-4,2-1-4:2.67%|2-1-3:2.29%|2-1-5:1.52%|2-3-1:0.69%|2-3-4:0.59%|2-5-1:0.48%|2-5-4:0.41%|1-2-4:7.06%|1-2-5:4.83%|1-2-3:4.61%|1-3-4:4.45%,2-1-4:B_main|2-1-3:B_main|2-1-5:B_main|2-3-1:B_main|2-3-4:B_main|2-5-1:B_main|2-5-4:B_main|1-2-4:A|1-2-5:A|1-2-3:A|1-3-4:A,11,12,0.2915,1,[!]見送り推奨（主役決まり手「差し」― 逃げ劣勢レースで的中実績なし）,主役軸流し,B
2026-04-18,丸亀,4,2,倉田郁美,B1,20.67,2,,10.4646,38.3,62,40,0.1663,3.7167,,,0,低,77,0,-,,0,31.3,0.6783,,,,,,0.625,0.25,0,,◎,E,,,0.6475,0.5695,,-0.0203,D,32,1,大荒れ。見送り推奨,0.5777,"{'is_target': False, 'verdict': '対象外', 'max_combo_prob': None, 'est_top_odds': None, 'circle_concentration': None, 'eligible_count': 0, 'bet_adj': 0, 'reason': '1号艇rel_win1 < 45%: 通常判定に委ねる', 'tenji_trigger': ''}",,,39.9,両建て推奨,16.5,49.1,4,,,,,,,,,,,
2026-04-18,丸亀,4,3,田村　慶,B1,25.71,3,,14.381,14.8,73,48.9,0.1718,4.0111,,,0,低,93,0,ま0%,,0,44.5,1.0694,0,0,0.1111,0,0,0,0,0,,△,D,,,0.541,0.5845,,-0.0203,D,32,1,大荒れ。見送り推奨,0.5777,"{'is_target': False, 'verdict': '対象外', 'max_combo_prob': None, 'est_top_odds': None, 'circle_concentration': None, 'eligible_count': 0, 'bet_adj': 0, 'reason': '1号艇rel_win1 < 45%: 通常判定に委ねる', 'tenji_trigger': ''}",,,39.9,両建て推奨,16.5,49.1,4,,,,,,,,,,,
2026-04-18,丸亀,4,4,佐藤博亮,A1,40.74,4,◎,21.4765,27.9,96,74.1,0.1256,2.5648,,,0,低,60,0,差0% ま0% 抜0%,,0,96.7,1.8562,0,0.0476,0.0476,0,0.0952,0.0879,0.0111,0.0444,,,B,◎,◎,0.5258,0.6875,0.4719,-0.0203,D,32,1,大荒れ。見送り推奨,0.5777,"{'is_target': False, 'verdict': '対象外', 'max_combo_prob': None, 'est_top_odds': None, 'circle_concentration': None, 'eligible_count': 0, 'bet_adj': 0, 'reason': '1号艇rel_win1 < 45%: 通常判定に委ねる', 'tenji_trigger': ''}",,,39.9,両建て推奨,16.5,49.1,4,,,,,,,,,,,
2026-04-18,丸亀,4,5,森定晃史,A2,27.14,5,△,8.6213,17.4,100,65.6,0.168,3.582,,,0,低,125,0,-,,0,25.9,0.6669,,,,,,0.1467,0.059,0.1771,,○,D,○,,0.5513,0.647,,-0.0203,D,32,1,大荒れ。見送り推奨,0.5777,"{'is_target': False, 'verdict': '対象外', 'max_combo_prob': None, 'est_top_odds': None, 'circle_concentration': None, 'eligible_count': 0, 'bet_adj': 0, 'reason': '1号艇rel_win1 < 45%: 通常判定に委ねる', 'tenji_trigger': ''}",,,39.9,両建て推奨,16.5,49.1,4,,,,,,,,,,,
2026-04-18,丸亀,4,6,大野芳顕,A2,41.18,6,▲,2.6399,1.6,58,29.7,0.1809,3.8311,,,0,低,139,0,-,,0,20.5,0.4444,0,0,0,0.0294,0,0.09,0.11,0.14,,,A,△,,0.516,0.6345,,-0.0203,D,32,1,大荒れ。見送り推奨,0.5777,"{'is_target': False, 'verdict': '対象外', 'max_combo_prob': None, 'est_top_odds': None, 'circle_concentration': None, 'eligible_count': 0, 'bet_adj': 0, 'reason': '1号艇rel_win1 < 45%: 通常判定に委ねる', 'tenji_trigger': ''}",,,39.9,両建て推奨,16.5,49.1,4,,,,,,,,,,,
2026-04-18,丸亀,5,1,福嶋智之,B1,43.07,1,◎,51.0253,,0,74.6,0.1656,3.2364,,,0,低,102,0,逃0%,,0,65.2,0.9672,0.3333,,,,,0.1583,0.325,0.1417,○,,B,,,,0.5965,,0.4084,A,63,0,◎-○軸 3着3〜4艇流し（10〜15点）,0.5777,"{'is_target': True, 'verdict': '参加推奨', 'max_combo_prob': 0.0923, 'est_top_odds': 14.4, 'circle_concentration': 69.0, 'eligible_count': 8, 'bet_adj': 2, 'reason': 'rel_win1=51.0%（本命度） / 最有力組み合わせ確率: 0.092（推定実オッズ?14倍） / 2着集中度: 上位2艇 69.0%（補正+0.00） / 総合判定確率: 0.092 / → ヒモ分散。1号艇1着固定で広めのヒモ流し推奨（買い目+2点）', 'tenji_trigger': '展示確認: ヒモ分散レース。1号艇伸び確認後、広めのヒモ流しを採用。穴ヒモ（5・6号艇）を積極的に含める。'}",,,30.6,両建て推奨,16.14,37.2,3,,,,,0,0,0.6155,0,,主役軸流し,B
2026-04-18,丸亀,5,2,門間雄大,B1,23.70,2,,9.2302,20.2,65,43.6,0.1725,3.6818,,,0,低,97,0,差0% ま0%,,0,23.2,0.7412,0,0.0476,0.0952,0,0,0.0211,0.2632,0.0842,,,E,○,,0.2702,0.629,,0.4084,A,63,0,◎-○軸 3着3〜4艇流し（10〜15点）,0.5777,"{'is_target': True, 'verdict': '参加推奨', 'max_combo_prob': 0.0923, 'est_top_odds': 14.4, 'circle_concentration': 69.0, 'eligible_count': 8, 'bet_adj': 2, 'reason': 'rel_win1=51.0%（本命度） / 最有力組み合わせ確率: 0.092（推定実オッズ?14倍） / 2着集中度: 上位2艇 69.0%（補正+0.00） / 総合判定確率: 0.092 / → ヒモ分散。1号艇1着固定で広めのヒモ流し推奨（買い目+2点）', 'tenji_trigger': '展示確認: ヒモ分散レース。1号艇伸び確認後、広めのヒモ流しを採用。穴ヒモ（5・6号艇）を積極的に含める。'}",,,30.6,両建て推奨,16.14,37.2,3,,,,,,,,,,,
2026-04-18,丸亀,5,3,竹井貴史,A2,28.37,3,△,20.2392,48.9,40,77.4,0.1583,3.0377,,,0,低,109,0,ま0% 差ま0% 抜0%,,0,79.7,1.6227,0,0,0.16,0.08,0.04,0.0216,0.1315,0.0108,,◎,D,△,,0.3923,0.616,,0.4084,A,63,0,◎-○軸 3着3〜4艇流し（10〜15点）,0.5777,"{'is_target': True, 'verdict': '参加推奨', 'max_combo_prob': 0.0923, 'est_top_odds': 14.4, 'circle_concentration': 69.0, 'eligible_count': 8, 'bet_adj': 2, 'reason': 'rel_win1=51.0%（本命度） / 最有力組み合わせ確率: 0.092（推定実オッズ?14倍） / 2着集中度: 上位2艇 69.0%（補正+0.00） / 総合判定確率: 0.092 / → ヒモ分散。1号艇1着固定で広めのヒモ流し推奨（買い目+2点）', 'tenji_trigger': '展示確認: ヒモ分散レース。1号艇伸び確認後、広めのヒモ流しを採用。穴ヒモ（5・6号艇）を積極的に含める。'}",,,30.6,両建て推奨,16.14,37.2,3,,,,,,,,,,,
2026-04-18,丸亀,5,4,福山恵里,B1,46.72,4,○,10.4803,7.7,48,13,0.1609,3.6304,,,0,低,42,0,差ま0%,,0,83,0.7566,0,0,0,0.0667,0,0.19,0.46,0,,,A,,,0.3537,0.498,,0.4084,A,63,0,◎-○軸 3着3〜4艇流し（10〜15点）,0.5777,"{'is_target': True, 'verdict': '参加推奨', 'max_combo_prob': 0.0923, 'est_top_odds': 14.4, 'circle_concentration': 69.0, 'eligible_count': 8, 'bet_adj': 2, 'reason': 'rel_win1=51.0%（本命度） / 最有力組み合わせ確率: 0.092（推定実オッズ?14倍） / 2着集中度: 上位2艇 69.0%（補正+0.00） / 総合判定確率: 0.092 / → ヒモ分散。1号艇1着固定で広めのヒモ流し推奨（買い目+2点）', 'tenji_trigger': '展示確認: ヒモ分散レース。1号艇伸び確認後、広めのヒモ流しを採用。穴ヒモ（5・6号艇）を積極的に含める。'}",,,30.6,両建て推奨,16.14,37.2,3,,,,,,,,,,,
2026-04-18,丸亀,5,5,茶谷信次,A2,33.09,5,,5.8965,15.7,100,50,0.1806,3.7308,,,0,低,109,0,-,,0,31.1,1.5198,0,0,0,0,0.037,0.1625,0.1625,0.05,,,D,△,,0.3139,0.602,,0.4084,A,63,0,◎-○軸 3着3〜4艇流し（10〜15点）,0.5777,"{'is_target': True, 'verdict': '参加推奨', 'max_combo_prob': 0.0923, 'est_top_odds': 14.4, 'circle_concentration': 69.0, 'eligible_count': 8, 'bet_adj': 2, 'reason': 'rel_win1=51.0%（本命度） / 最有力組み合わせ確率: 0.092（推定実オッズ?14倍） / 2着集中度: 上位2艇 69.0%（補正+0.00） / 総合判定確率: 0.092 / → ヒモ分散。1号艇1着固定で広めのヒモ流し推奨（買い目+2点）', 'tenji_trigger': '展示確認: ヒモ分散レース。1号艇伸び確認後、広めのヒモ流しを採用。穴ヒモ（5・6号艇）を積極的に含める。'}",,,30.6,両建て推奨,16.14,37.2,3,,,,,,,,,,,
2026-04-18,丸亀,5,6,大池佑来,A1,34.35,6,▲,3.1286,7.6,57,46.9,0.1562,3.9062,,,0,低,30,0,差ま0%,,0,90.7,1.7675,0,0,0,0.0667,0,0,0.05,0,,,C,◎,,0.366,0.693,,0.4084,A,63,0,◎-○軸 3着3〜4艇流し（10〜15点）,0.5777,"{'is_target': True, 'verdict': '参加推奨', 'max_combo_prob': 0.0923, 'est_top_odds': 14.4, 'circle_concentration': 69.0, 'eligible_count': 8, 'bet_adj': 2, 'reason': 'rel_win1=51.0%（本命度） / 最有力組み合わせ確率: 0.092（推定実オッズ?14倍） / 2着集中度: 上位2艇 69.0%（補正+0.00） / 総合判定確率: 0.092 / → ヒモ分散。1号艇1着固定で広めのヒモ流し推奨（買い目+2点）', 'tenji_trigger': '展示確認: ヒモ分散レース。1号艇伸び確認後、広めのヒモ流しを採用。穴ヒモ（5・6号艇）を積極的に含める。'}",,,30.6,両建て推奨,16.14,37.2,3,,,,,,,,,,,
2026-04-18,丸亀,6,1,中尾優香,A2,33.58,1,◎,57.5431,,0,60,0.1367,3.0667,,,0,低,53,0,逃1%,,0,62.2,0.8418,0.6667,,,,,0,0.3333,0,◎⚠️,,C,,,,0.5435,,0.5129,B,58,0,◎○△フォーメーション（15〜20点）,0.5777,"{'is_target': True, 'verdict': '参加推奨', 'max_combo_prob': 0.0526, 'est_top_odds': 25.3, 'circle_concentration': 52.9, 'eligible_count': 9, 'bet_adj': 2, 'reason': 'rel_win1=57.5%（本命度） / 最有力組み合わせ確率: 0.053（推定実オッズ?25倍） / 2着集中度: 上位2艇 52.9%（補正-0.04） / 総合判定確率: 0.013 / → ヒモ分散。1号艇1着固定で広めのヒモ流し推奨（買い目+2点）', 'tenji_trigger': '展示確認: ヒモ分散レース。1号艇伸び確認後、広めのヒモ流しを採用。穴ヒモ（5・6号艇）を積極的に含める。\n展示で1号艇スタート超安定(0.137秒)→ヒモ固まり方向に注意'}",,,27.9,両建て推奨,15.93,29.6,3,3-1-4|3-1-5|3-4-1|3-4-5|3-1-6|3-5-1|3-5-4|3-1-2|1-3-4|1-2-4|1-4-5,3-1-4|3-1-5|3-4-1|3-4-5|3-1-6|3-5-1|3-5-4|3-1-2|1-3-4|1-2-4|1-4-5|6-1-4,3-1-4:2.33%|3-1-5:1.48%|3-4-1:0.82%|3-4-5:0.44%|3-1-6:0.37%|3-5-1:0.3%|3-5-4:0.26%|3-1-2:5.77%|1-3-4:4.65%|1-2-4:4.64%|1-4-5:3.41%,3-1-4:B_main|3-1-5:B_main|3-4-1:B_main|3-4-5:B_main|3-1-6:B_main|3-5-1:B_main|3-5-4:B_main|3-1-2:B_sc|1-3-4:A|1-2-4:A|1-4-5:A,11,12,0.4535,1,[!]見送り推奨（主役決まり手「まくり差し」― 逃げ劣勢レースで的中実績なし）,主役軸流し,B
2026-04-18,丸亀,6,2,岡部　浩,B1,38.24,2,▲,9.0593,26.8,39,37.3,0.1827,3.5254,,,0,低,155,0,-,,0,50.4,0.5772,0,0.0385,0,0,0.0385,0.2311,0.2311,0.0667,,,B,,,0.057,0.5865,,0.5129,B,58,0,◎○△フォーメーション（15〜20点）,0.5777,"{'is_target': True, 'verdict': '参加推奨', 'max_combo_prob': 0.0526, 'est_top_odds': 25.3, 'circle_concentration': 52.9, 'eligible_count': 9, 'bet_adj': 2, 'reason': 'rel_win1=57.5%（本命度） / 最有力組み合わせ確率: 0.053（推定実オッズ?25倍） / 2着集中度: 上位2艇 52.9%（補正-0.04） / 総合判定確率: 0.013 / → ヒモ分散。1号艇1着固定で広めのヒモ流し推奨（買い目+2点）', 'tenji_trigger': '展示確認: ヒモ分散レース。1号艇伸び確認後、広めのヒモ流しを採用。穴ヒモ（5・6号艇）を積極的に含める。\n展示で1号艇スタート超安定(0.137秒)→ヒモ固まり方向に注意'}",,,27.9,両建て推奨,15.93,29.6,3,,,,,,,,,,,
2026-04-18,丸亀,6,3,佐藤謙史,B2,37.78,3,○,11.8882,23.1,58,41.7,0.1623,3.8229,,,0,低,105,0,抜0%,,0,41.9,0.9063,0,0,0,0,0.0556,0.2423,0.3038,0.2115,,,B,△,,0.1854,0.619,,0.5129,B,58,0,◎○△フォーメーション（15〜20点）,0.5777,"{'is_target': True, 'verdict': '参加推奨', 'max_combo_prob': 0.0526, 'est_top_odds': 25.3, 'circle_concentration': 52.9, 'eligible_count': 9, 'bet_adj': 2, 'reason': 'rel_win1=57.5%（本命度） / 最有力組み合わせ確率: 0.053（推定実オッズ?25倍） / 2着集中度: 上位2艇 52.9%（補正-0.04） / 総合判定確率: 0.013 / → ヒモ分散。1号艇1着固定で広めのヒモ流し推奨（買い目+2点）', 'tenji_trigger': '展示確認: ヒモ分散レース。1号艇伸び確認後、広めのヒモ流しを採用。穴ヒモ（5・6号艇）を積極的に含める。\n展示で1号艇スタート超安定(0.137秒)→ヒモ固まり方向に注意'}",,,27.9,両建て推奨,15.93,29.6,3,,,,,,,,,,,
2026-04-18,丸亀,6,4,長尾章平,A1,23.19,4,,9.6258,26.1,100,79.2,0.1488,3.0208,,,0,低,100,0,差0% ま0% 差ま0%,,0,86.1,1.4736,0,0.0256,0.0769,0.0769,0,0.12,0.0844,0.1022,,,E,◎,◎,0.2512,0.69,0.3796,0.5129,B,58,0,◎○△フォーメーション（15〜20点）,0.5777,"{'is_target': True, 'verdict': '参加推奨', 'max_combo_prob': 0.0526, 'est_top_odds': 25.3, 'circle_concentration': 52.9, 'eligible_count': 9, 'bet_adj': 2, 'reason': 'rel_win1=57.5%（本命度） / 最有力組み合わせ確率: 0.053（推定実オッズ?25倍） / 2着集中度: 上位2艇 52.9%（補正-0.04） / 総合判定確率: 0.013 / → ヒモ分散。1号艇1着固定で広めのヒモ流し推奨（買い目+2点）', 'tenji_trigger': '展示確認: ヒモ分散レース。1号艇伸び確認後、広めのヒモ流しを採用。穴ヒモ（5・6号艇）を積極的に含める。\n展示で1号艇スタート超安定(0.137秒)→ヒモ固まり方向に注意'}",,,27.9,両建て推奨,15.93,29.6,3,,,,,,,,,,,
2026-04-18,丸亀,6,5,春園功太,A2,25.87,5,△,7.6702,21.6,76,61.1,0.1415,2.8981,,,0,低,78,0,-,,0,32.1,0.6312,0,0,0,0.0385,0,0.0098,0.1185,0.0195,,,D,○,,0.2658,0.643,,0.5129,B,58,0,◎○△フォーメーション（15〜20点）,0.5777,"{'is_target': True, 'verdict': '参加推奨', 'max_combo_prob': 0.0526, 'est_top_odds': 25.3, 'circle_concentration': 52.9, 'eligible_count': 9, 'bet_adj': 2, 'reason': 'rel_win1=57.5%（本命度） / 最有力組み合わせ確率: 0.053（推定実オッズ?25倍） / 2着集中度: 上位2艇 52.9%（補正-0.04） / 総合判定確率: 0.013 / → ヒモ分散。1号艇1着固定で広めのヒモ流し推奨（買い目+2点）', 'tenji_trigger': '展示確認: ヒモ分散レース。1号艇伸び確認後、広めのヒモ流しを採用。穴ヒモ（5・6号艇）を積極的に含める。\n展示で1号艇スタート超安定(0.137秒)→ヒモ固まり方向に注意'}",,,27.9,両建て推奨,15.93,29.6,3,,,,,,,,,,,
2026-04-18,丸亀,6,6,川口貴久,B1,29.71,6,,4.2133,2.4,59,21.3,0.1681,3.5,,,0,低,65,0,ま0%,,0,24.2,0.9764,0,0,0.0526,0,0,0.1456,0.2676,0.0471,,,D,△,,0.1907,0.6065,,0.5129,B,58,0,◎○△フォーメーション（15〜20点）,0.5777,"{'is_target': True, 'verdict': '参加推奨', 'max_combo_prob': 0.0526, 'est_top_odds': 25.3, 'circle_concentration': 52.9, 'eligible_count': 9, 'bet_adj': 2, 'reason': 'rel_win1=57.5%（本命度） / 最有力組み合わせ確率: 0.053（推定実オッズ?25倍） / 2着集中度: 上位2艇 52.9%（補正-0.04） / 総合判定確率: 0.013 / → ヒモ分散。1号艇1着固定で広めのヒモ流し推奨（買い目+2点）', 'tenji_trigger': '展示確認: ヒモ分散レース。1号艇伸び確認後、広めのヒモ流しを採用。穴ヒモ（5・6号艇）を積極的に含める。\n展示で1号艇スタート超安定(0.137秒)→ヒモ固まり方向に注意'}",,,27.9,両建て推奨,15.93,29.6,3,,,,,,,,,,,
2026-04-18,丸亀,7,1,高濱芳久,B1,27.86,1,◎,51.047,,0,84.2,0.1733,3.8421,,,0,低,114,0,逃0%,,0,83.9,1.0663,0.4848,,,,,0.0485,0.1485,0.1485,△,,D,△,,,0.6335,,0.3198,A,69,0,◎-○軸 3着3〜4艇流し（10〜15点）,0.5777,"{'is_target': True, 'verdict': '参加推奨', 'max_combo_prob': 0.0704, 'est_top_odds': 18.9, 'circle_concentration': 81.5, 'eligible_count': 8, 'bet_adj': 2, 'reason': 'rel_win1=51.0%（本命度） / 最有力組み合わせ確率: 0.070（推定実オッズ?19倍） / 2着集中度: 上位2艇 81.5%（補正+0.04） / 総合判定確率: 0.110 / → ヒモ分散。1号艇1着固定で広めのヒモ流し推奨（買い目+2点）', 'tenji_trigger': '展示確認: ヒモ分散レース。1号艇伸び確認後、広めのヒモ流しを採用。穴ヒモ（5・6号艇）を積極的に含める。'}",,,27.9,逃げ狙い,16.37,29.3,3,3-1-5|1-3-2|1-3-6|1-2-3|3-1-2|1-2-6,5-1-6|6-1-2|5-1-2|5-6-1|6-2-1|5-2-1|3-1-5|1-3-2|1-3-6|1-2-3|3-1-2|1-2-6,3-1-5:1.72%|1-3-2:7.37%|1-3-6:7.3%|1-2-3:6.92%|3-1-2:6.84%|1-2-6:6.32%,3-1-5:B_main|1-3-2:A|1-3-6:A|1-2-3:A|3-1-2:B_sc|1-2-6:A,6,12,0.4535,1,[!]見送り推奨（主役決まり手「まくり差し」― 逃げ劣勢レースで的中実績なし）,荒れ広め,D
2026-04-18,丸亀,7,2,桑原　啓,B1,41.26,2,○,12.5029,34.4,88,48.4,0.1613,3.7031,,,0,低,104,0,差0% ま0%,,0,67.9,0.8184,0,0.0333,0.1333,0,0,0.3,0.22,0.18,,○,B,△,,0.447,0.6545,,0.3198,A,69,0,◎-○軸 3着3〜4艇流し（10〜15点）,0.5777,"{'is_target': True, 'verdict': '参加推奨', 'max_combo_prob': 0.0704, 'est_top_odds': 18.9, 'circle_concentration': 81.5, 'eligible_count': 8, 'bet_adj': 2, 'reason': 'rel_win1=51.0%（本命度） / 最有力組み合わせ確率: 0.070（推定実オッズ?19倍） / 2着集中度: 上位2艇 81.5%（補正+0.04） / 総合判定確率: 0.110 / → ヒモ分散。1号艇1着固定で広めのヒモ流し推奨（買い目+2点）', 'tenji_trigger': '展示確認: ヒモ分散レース。1号艇伸び確認後、広めのヒモ流しを採用。穴ヒモ（5・6号艇）を積極的に含める。'}",,,27.9,逃げ狙い,16.37,29.3,3,,,,,,,,,,,
2026-04-18,丸亀,7,3,柳沢　一,A1,35.25,3,△,17.3671,47.2,83,75,0.1227,2.3571,,,0,低,43,0,差0% ま0% 差ま0%,,0,82,1.506,0,0.04,0.04,0.12,0,0.0432,0.1074,0.1074,,◎,C,◎,,0.4954,0.698,,0.3198,A,69,0,◎-○軸 3着3〜4艇流し（10〜15点）,0.5777,"{'is_target': True, 'verdict': '参加推奨', 'max_combo_prob': 0.0704, 'est_top_odds': 18.9, 'circle_concentration': 81.5, 'eligible_count': 8, 'bet_adj': 2, 'reason': 'rel_win1=51.0%（本命度） / 最有力組み合わせ確率: 0.070（推定実オッズ?19倍） / 2着集中度: 上位2艇 81.5%（補正+0.04） / 総合判定確率: 0.110 / → ヒモ分散。1号艇1着固定で広めのヒモ流し推奨（買い目+2点）', 'tenji_trigger': '展示確認: ヒモ分散レース。1号艇伸び確認後、広めのヒモ流しを採用。穴ヒモ（5・6号艇）を積極的に含める。'}",,,27.9,逃げ狙い,16.37,29.3,3,,,,,,,,,,,
2026-04-18,丸亀,7,4,大石真央,B1,39.16,4,,8.3356,9.4,65,20,0.1997,4.4,,,0,低,106,0,ま0%,,0,20.2,0.6745,0,0,0.0909,0,0,0.5,0.375,0,,,C,,,0.2196,0.5595,,0.3198,A,69,0,◎-○軸 3着3〜4艇流し（10〜15点）,0.5777,"{'is_target': True, 'verdict': '参加推奨', 'max_combo_prob': 0.0704, 'est_top_odds': 18.9, 'circle_concentration': 81.5, 'eligible_count': 8, 'bet_adj': 2, 'reason': 'rel_win1=51.0%（本命度） / 最有力組み合わせ確率: 0.070（推定実オッズ?19倍） / 2着集中度: 上位2艇 81.5%（補正+0.04） / 総合判定確率: 0.110 / → ヒモ分散。1号艇1着固定で広めのヒモ流し推奨（買い目+2点）', 'tenji_trigger': '展示確認: ヒモ分散レース。1号艇伸び確認後、広めのヒモ流しを採用。穴ヒモ（5・6号艇）を積極的に含める。'}",,,27.9,逃げ狙い,16.37,29.3,3,,,,,,,,,,,
2026-04-18,丸亀,7,5,伏田裕隆,A2,21.32,5,,5.9621,7.3,89,40.3,0.1835,3.8952,,,0,低,155,0,ま0% 差ま0%,,0,37.2,1.1633,0,0,0.0417,0.0417,0,0.1477,0.1295,0.2409,,,E,,,0.277,0.57,,0.3198,A,69,0,◎-○軸 3着3〜4艇流し（10〜15点）,0.5777,"{'is_target': True, 'verdict': '参加推奨', 'max_combo_prob': 0.0704, 'est_top_odds': 18.9, 'circle_concentration': 81.5, 'eligible_count': 8, 'bet_adj': 2, 'reason': 'rel_win1=51.0%（本命度） / 最有力組み合わせ確率: 0.070（推定実オッズ?19倍） / 2着集中度: 上位2艇 81.5%（補正+0.04） / 総合判定確率: 0.110 / → ヒモ分散。1号艇1着固定で広めのヒモ流し推奨（買い目+2点）', 'tenji_trigger': '展示確認: ヒモ分散レース。1号艇伸び確認後、広めのヒモ流しを採用。穴ヒモ（5・6号艇）を積極的に含める。'}",,,27.9,逃げ狙い,16.37,29.3,3,,,,,,,,,,,
2026-04-18,丸亀,7,6,渋谷明憲,A2,42.86,6,▲,4.7854,1.8,100,33.3,0.17,3.7754,,,0,低,116,0,差ま0%,,0,80,1.4319,0,0,0,0.069,0,0.0762,0.1194,0.174,,,B,○,,0.3237,0.662,,0.3198,A,69,0,◎-○軸 3着3〜4艇流し（10〜15点）,0.5777,"{'is_target': True, 'verdict': '参加推奨', 'max_combo_prob': 0.0704, 'est_top_odds': 18.9, 'circle_concentration': 81.5, 'eligible_count': 8, 'bet_adj': 2, 'reason': 'rel_win1=51.0%（本命度） / 最有力組み合わせ確率: 0.070（推定実オッズ?19倍） / 2着集中度: 上位2艇 81.5%（補正+0.04） / 総合判定確率: 0.110 / → ヒモ分散。1号艇1着固定で広めのヒモ流し推奨（買い目+2点）', 'tenji_trigger': '展示確認: ヒモ分散レース。1号艇伸び確認後、広めのヒモ流しを採用。穴ヒモ（5・6号艇）を積極的に含める。'}",,,27.9,逃げ狙い,16.37,29.3,3,,,,,,,,,,,
2026-04-18,丸亀,8,1,福田宗平,A1,33.07,1,◎,72.7818,,0,94.4,0.1388,3.0506,,,0,低,93,0,-,,0,85.2,1.0635,0.7027,,,,,0.0216,0.0216,0.2432,◎,,C,◎,,,0.6735,,0.6208,S,96,0,◎1着固定 2-3着流し（5〜8点）,0.5777,"{'is_target': True, 'verdict': '点数絞り', 'max_combo_prob': 0.1813, 'est_top_odds': 7.4, 'circle_concentration': 73.7, 'eligible_count': 6, 'bet_adj': 0, 'reason': 'rel_win1=72.8%（本命度） / 最有力組み合わせ確率: 0.181（推定実オッズ?7倍） / 2着集中度: 上位2艇 73.7%（補正+0.04） / 総合判定確率: 0.221 / → ヒモはやや固め。上位2艇以外を切ること', 'tenji_trigger': '展示確認: 1号艇伸び良→そのまま採用。悪→飛び組に差し替え。circle_pct上位2艇に絞り込むこと。\n展示で1号艇スタート超安定(0.139秒)→ヒモ固まり方向に注意'}",,,24.7,逃げ狙い,10.16,25.5,4,,,,,0,0,0.7559,0,,逃げ軸流し,A
2026-04-18,丸亀,8,2,水摩　敦,A2,22.86,2,△,8.1892,55.3,93,75.4,0.1717,4.1846,,,0,低,158,0,差0% ま0%,,0,55.3,1.1836,0,0.0323,0.0323,0,0,0.07,0.11,0.15,,,E,△,,0.0592,0.6135,,0.6208,S,96,0,◎1着固定 2-3着流し（5〜8点）,0.5777,"{'is_target': True, 'verdict': '点数絞り', 'max_combo_prob': 0.1813, 'est_top_odds': 7.4, 'circle_concentration': 73.7, 'eligible_count': 6, 'bet_adj': 0, 'reason': 'rel_win1=72.8%（本命度） / 最有力組み合わせ確率: 0.181（推定実オッズ?7倍） / 2着集中度: 上位2艇 73.7%（補正+0.04） / 総合判定確率: 0.221 / → ヒモはやや固め。上位2艇以外を切ること', 'tenji_trigger': '展示確認: 1号艇伸び良→そのまま採用。悪→飛び組に差し替え。circle_pct上位2艇に絞り込むこと。\n展示で1号艇スタート超安定(0.139秒)→ヒモ固まり方向に注意'}",,,24.7,逃げ狙い,10.16,25.5,4,,,,,,,,,,,
2026-04-18,丸亀,8,3,武藤綾子,B1,23.24,3,,5.2773,14.6,100,31.6,0.2316,4.2237,,,0,低,118,0,-,,0,35.6,1.3185,0,0,0.0556,0,0,0.1455,0.2364,0,,,D,,,0.1168,0.5505,,0.6208,S,96,0,◎1着固定 2-3着流し（5〜8点）,0.5777,"{'is_target': True, 'verdict': '点数絞り', 'max_combo_prob': 0.1813, 'est_top_odds': 7.4, 'circle_concentration': 73.7, 'eligible_count': 6, 'bet_adj': 0, 'reason': 'rel_win1=72.8%（本命度） / 最有力組み合わせ確率: 0.181（推定実オッズ?7倍） / 2着集中度: 上位2艇 73.7%（補正+0.04） / 総合判定確率: 0.221 / → ヒモはやや固め。上位2艇以外を切ること', 'tenji_trigger': '展示確認: 1号艇伸び良→そのまま採用。悪→飛び組に差し替え。circle_pct上位2艇に絞り込むこと。\n展示で1号艇スタート超安定(0.139秒)→ヒモ固まり方向に注意'}",,,24.7,逃げ狙い,10.16,25.5,4,,,,,,,,,,,
2026-04-18,丸亀,8,4,高岡竜也,A2,36.36,4,○,10.0824,18.4,62,52.3,0.1569,3.4385,,,0,低,136,0,差0% ま0% 差ま0%,,0,59.3,1.1594,0,0.0333,0.0667,0.0333,0,0,0.075,0.1125,,,B,○,◎,0.2266,0.642,0.3417,0.6208,S,96,0,◎1着固定 2-3着流し（5〜8点）,0.5777,"{'is_target': True, 'verdict': '点数絞り', 'max_combo_prob': 0.1813, 'est_top_odds': 7.4, 'circle_concentration': 73.7, 'eligible_count': 6, 'bet_adj': 0, 'reason': 'rel_win1=72.8%（本命度） / 最有力組み合わせ確率: 0.181（推定実オッズ?7倍） / 2着集中度: 上位2艇 73.7%（補正+0.04） / 総合判定確率: 0.221 / → ヒモはやや固め。上位2艇以外を切ること', 'tenji_trigger': '展示確認: 1号艇伸び良→そのまま採用。悪→飛び組に差し替え。circle_pct上位2艇に絞り込むこと。\n展示で1号艇スタート超安定(0.139秒)→ヒモ固まり方向に注意'}",,,24.7,逃げ狙い,10.16,25.5,4,,,,,,,,,,,
2026-04-18,丸亀,8,5,齊藤大将,B2,41.48,5,▲,2.7055,11.2,47,29.4,0.1722,3.8824,,,0,低,108,0,-,,0,28.1,0.7979,0,0,0,0.0417,0,0.0308,0.3231,0.2923,,,A,△,,0.1798,0.575,,0.6208,S,96,0,◎1着固定 2-3着流し（5〜8点）,0.5777,"{'is_target': True, 'verdict': '点数絞り', 'max_combo_prob': 0.1813, 'est_top_odds': 7.4, 'circle_concentration': 73.7, 'eligible_count': 6, 'bet_adj': 0, 'reason': 'rel_win1=72.8%（本命度） / 最有力組み合わせ確率: 0.181（推定実オッズ?7倍） / 2着集中度: 上位2艇 73.7%（補正+0.04） / 総合判定確率: 0.221 / → ヒモはやや固め。上位2艇以外を切ること', 'tenji_trigger': '展示確認: 1号艇伸び良→そのまま採用。悪→飛び組に差し替え。circle_pct上位2艇に絞り込むこと。\n展示で1号艇スタート超安定(0.139秒)→ヒモ固まり方向に注意'}",,,24.7,逃げ狙い,10.16,25.5,4,,,,,,,,,,,
2026-04-18,丸亀,8,6,高橋涼夏,B2,23.57,6,,0.9637,0.5,13,1.1,0.1739,4.0111,,,0,低,43,0,-,,0,29.4,0.8644,,,,,,,,,,,D,,,0.2053,0.5355,,0.6208,S,96,0,◎1着固定 2-3着流し（5〜8点）,0.5777,"{'is_target': True, 'verdict': '点数絞り', 'max_combo_prob': 0.1813, 'est_top_odds': 7.4, 'circle_concentration': 73.7, 'eligible_count': 6, 'bet_adj': 0, 'reason': 'rel_win1=72.8%（本命度） / 最有力組み合わせ確率: 0.181（推定実オッズ?7倍） / 2着集中度: 上位2艇 73.7%（補正+0.04） / 総合判定確率: 0.221 / → ヒモはやや固め。上位2艇以外を切ること', 'tenji_trigger': '展示確認: 1号艇伸び良→そのまま採用。悪→飛び組に差し替え。circle_pct上位2艇に絞り込むこと。\n展示で1号艇スタート超安定(0.139秒)→ヒモ固まり方向に注意'}",,,24.7,逃げ狙い,10.16,25.5,4,,,,,,,,,,,
2026-04-18,丸亀,9,1,水谷理人,A2,44.12,1,◎,63.6937,,0,82.6,0.1665,3.8696,,,0,低,64,0,逃1%,,0,97.8,1.3959,0.6,,,,,0.0533,0.28,0.0267,○,,B,,,,0.569,,0.3655,A,71,0,◎-○軸 3着3〜4艇流し（10〜15点）,0.5777,"{'is_target': True, 'verdict': '点数絞り', 'max_combo_prob': 0.1307, 'est_top_odds': 10.2, 'circle_concentration': 77.9, 'eligible_count': 8, 'bet_adj': 0, 'reason': 'rel_win1=63.7%（本命度） / 最有力組み合わせ確率: 0.131（推定実オッズ?10倍） / 2着集中度: 上位2艇 77.9%（補正+0.04） / 総合判定確率: 0.171 / → ヒモはやや固め。上位2艇以外を切ること', 'tenji_trigger': '展示確認: 1号艇伸び良→そのまま採用。悪→飛び組に差し替え。circle_pct上位2艇に絞り込むこと。'}",,,27.7,逃げ狙い,13.06,31.6,2,,,,,0,0,0.6155,0,,逃げ軸流し,A
2026-04-18,丸亀,9,2,大野芳顕,A2,41.18,2,▲,11.9958,58.9,87,60.3,0.1576,3.5833,,,0,低,139,0,-,,0,25.4,0.7679,0,0.1515,0.0303,0,0.0303,0.09,0.11,0.14,,○,C,△,,0.4214,0.6345,,0.3655,A,71,0,◎-○軸 3着3〜4艇流し（10〜15点）,0.5777,"{'is_target': True, 'verdict': '点数絞り', 'max_combo_prob': 0.1307, 'est_top_odds': 10.2, 'circle_concentration': 77.9, 'eligible_count': 8, 'bet_adj': 0, 'reason': 'rel_win1=63.7%（本命度） / 最有力組み合わせ確率: 0.131（推定実オッズ?10倍） / 2着集中度: 上位2艇 77.9%（補正+0.04） / 総合判定確率: 0.171 / → ヒモはやや固め。上位2艇以外を切ること', 'tenji_trigger': '展示確認: 1号艇伸び良→そのまま採用。悪→飛び組に差し替え。circle_pct上位2艇に絞り込むこと。'}",,,27.7,逃げ狙い,13.06,31.6,2,,,,,,,,,,,
2026-04-18,丸亀,9,3,永井亮次,B1,42.65,3,△,11.2464,19,100,48.5,0.1814,3.553,,,0,低,196,0,ま0% 差ま0%,,0,30.5,0.9812,0,0,0.0385,0.0769,0,0.048,0.032,0.164,,,C,,,0.2171,0.607,,0.3655,A,71,0,◎-○軸 3着3〜4艇流し（10〜15点）,0.5777,"{'is_target': True, 'verdict': '点数絞り', 'max_combo_prob': 0.1307, 'est_top_odds': 10.2, 'circle_concentration': 77.9, 'eligible_count': 8, 'bet_adj': 0, 'reason': 'rel_win1=63.7%（本命度） / 最有力組み合わせ確率: 0.131（推定実オッズ?10倍） / 2着集中度: 上位2艇 77.9%（補正+0.04） / 総合判定確率: 0.171 / → ヒモはやや固め。上位2艇以外を切ること', 'tenji_trigger': '展示確認: 1号艇伸び良→そのまま採用。悪→飛び組に差し替え。circle_pct上位2艇に絞り込むこと。'}",,,27.7,逃げ狙い,13.06,31.6,2,,,,,,,,,,,
2026-04-18,丸亀,9,4,羽野　諒,B1,54.35,4,○,7.3291,9.1,70,35,0.1268,2.6417,,,0,低,54,0,差0% 差ま0%,,0,37.7,0.7913,0,0.037,0,0.037,0,0.02,0.56,0.06,,◎,A,○,◎,0.4369,0.6525,0.407,0.3655,A,71,0,◎-○軸 3着3〜4艇流し（10〜15点）,0.5777,"{'is_target': True, 'verdict': '点数絞り', 'max_combo_prob': 0.1307, 'est_top_odds': 10.2, 'circle_concentration': 77.9, 'eligible_count': 8, 'bet_adj': 0, 'reason': 'rel_win1=63.7%（本命度） / 最有力組み合わせ確率: 0.131（推定実オッズ?10倍） / 2着集中度: 上位2艇 77.9%（補正+0.04） / 総合判定確率: 0.171 / → ヒモはやや固め。上位2艇以外を切ること', 'tenji_trigger': '展示確認: 1号艇伸び良→そのまま採用。悪→飛び組に差し替え。circle_pct上位2艇に絞り込むこと。'}",,,27.7,逃げ狙い,13.06,31.6,2,,,,,,,,,,,
2026-04-18,丸亀,9,5,荒井翔伍,A2,31.43,5,,3.1472,12.6,56,37,0.1602,3.4907,,,0,低,81,0,-,,0,44.2,1.0081,,,,,,0.0148,0.1046,0.3287,,,E,△,,0.3337,0.6315,,0.3655,A,71,0,◎-○軸 3着3〜4艇流し（10〜15点）,0.5777,"{'is_target': True, 'verdict': '点数絞り', 'max_combo_prob': 0.1307, 'est_top_odds': 10.2, 'circle_concentration': 77.9, 'eligible_count': 8, 'bet_adj': 0, 'reason': 'rel_win1=63.7%（本命度） / 最有力組み合わせ確率: 0.131（推定実オッズ?10倍） / 2着集中度: 上位2艇 77.9%（補正+0.04） / 総合判定確率: 0.171 / → ヒモはやや固め。上位2艇以外を切ること', 'tenji_trigger': '展示確認: 1号艇伸び良→そのまま採用。悪→飛び組に差し替え。circle_pct上位2艇に絞り込むこと。'}",,,27.7,逃げ狙い,13.06,31.6,2,,,,,,,,,,,
2026-04-18,丸亀,9,6,上田洋平,B1,34.78,6,,2.5879,0.4,61,23.5,0.199,4.7157,,,0,低,112,0,-,,0,29.6,0.9906,,,,,,0.2115,0.0615,0.1365,,,D,◎,,0.2066,0.6535,,0.3655,A,71,0,◎-○軸 3着3〜4艇流し（10〜15点）,0.5777,"{'is_target': True, 'verdict': '点数絞り', 'max_combo_prob': 0.1307, 'est_top_odds': 10.2, 'circle_concentration': 77.9, 'eligible_count': 8, 'bet_adj': 0, 'reason': 'rel_win1=63.7%（本命度） / 最有力組み合わせ確率: 0.131（推定実オッズ?10倍） / 2着集中度: 上位2艇 77.9%（補正+0.04） / 総合判定確率: 0.171 / → ヒモはやや固め。上位2艇以外を切ること', 'tenji_trigger': '展示確認: 1号艇伸び良→そのまま採用。悪→飛び組に差し替え。circle_pct上位2艇に絞り込むこと。'}",,,27.7,逃げ狙い,13.06,31.6,2,,,,,,,,,,,
2026-04-18,丸亀,10,1,森定晃史,A2,27.14,1,◎,62.2949,,0,93.8,0.133,2.4072,,,0,低,125,0,-,,0,83.6,1.024,0.5714,,,,,0.1467,0.059,0.1771,◎,,D,◎,,,0.647,,0.6864,S,84,0,◎1着固定 2-3着流し（5〜8点）,0.5777,"{'is_target': True, 'verdict': '参加推奨', 'max_combo_prob': 0.1025, 'est_top_odds': 13.0, 'circle_concentration': 69.5, 'eligible_count': 6, 'bet_adj': 2, 'reason': 'rel_win1=62.3%（本命度） / 最有力組み合わせ確率: 0.102（推定実オッズ?13倍） / 2着集中度: 上位2艇 69.5%（補正+0.00） / 総合判定確率: 0.102 / → ヒモ分散。1号艇1着固定で広めのヒモ流し推奨（買い目+2点）', 'tenji_trigger': '展示確認: ヒモ分散レース。1号艇伸び確認後、広めのヒモ流しを採用。穴ヒモ（5・6号艇）を積極的に含める。\n展示で1号艇スタート超安定(0.133秒)→ヒモ固まり方向に注意'}",,,27.9,逃げ狙い,16.4,29.3,3,,,,,0,0,0.7559,0,,逃げ軸流し,A
2026-04-18,丸亀,10,2,中尾優香,A2,33.58,2,▲,11.1462,46.4,64,40.9,0.1741,3.3636,,,0,低,53,0,差0% ま0%,,0,39.7,0.7036,0,0.1429,0.2857,0,0,0,0.3333,0,,,B,,,0.1234,0.5435,,0.6864,S,84,0,◎1着固定 2-3着流し（5〜8点）,0.5777,"{'is_target': True, 'verdict': '参加推奨', 'max_combo_prob': 0.1025, 'est_top_odds': 13.0, 'circle_concentration': 69.5, 'eligible_count': 6, 'bet_adj': 2, 'reason': 'rel_win1=62.3%（本命度） / 最有力組み合わせ確率: 0.102（推定実オッズ?13倍） / 2着集中度: 上位2艇 69.5%（補正+0.00） / 総合判定確率: 0.102 / → ヒモ分散。1号艇1着固定で広めのヒモ流し推奨（買い目+2点）', 'tenji_trigger': '展示確認: ヒモ分散レース。1号艇伸び確認後、広めのヒモ流しを採用。穴ヒモ（5・6号艇）を積極的に含める。\n展示で1号艇スタート超安定(0.133秒)→ヒモ固まり方向に注意'}",,,27.9,逃げ狙い,16.4,29.3,3,,,,,,,,,,,
2026-04-18,丸亀,10,3,茶谷信次,A2,33.09,3,○,14.8829,23.1,86,56.6,0.1558,3.1887,,,0,低,109,0,-,,0,38,0.8504,0,0.0667,0.0333,0.1,0,0.1625,0.1625,0.05,,,C,△,,0.1957,0.602,,0.6864,S,84,0,◎1着固定 2-3着流し（5〜8点）,0.5777,"{'is_target': True, 'verdict': '参加推奨', 'max_combo_prob': 0.1025, 'est_top_odds': 13.0, 'circle_concentration': 69.5, 'eligible_count': 6, 'bet_adj': 2, 'reason': 'rel_win1=62.3%（本命度） / 最有力組み合わせ確率: 0.102（推定実オッズ?13倍） / 2着集中度: 上位2艇 69.5%（補正+0.00） / 総合判定確率: 0.102 / → ヒモ分散。1号艇1着固定で広めのヒモ流し推奨（買い目+2点）', 'tenji_trigger': '展示確認: ヒモ分散レース。1号艇伸び確認後、広めのヒモ流しを採用。穴ヒモ（5・6号艇）を積極的に含める。\n展示で1号艇スタート超安定(0.133秒)→ヒモ固まり方向に注意'}",,,27.9,逃げ狙い,16.4,29.3,3,,,,,,,,,,,
2026-04-18,丸亀,10,4,石井裕美,B1,25.55,4,,5.0785,15.8,55,28.6,0.1995,3.5714,,,0,低,53,0,-,,0,19,0.6298,,,,,,0.2222,0.6667,0.1111,,,E,,,0.1452,0.564,,0.6864,S,84,0,◎1着固定 2-3着流し（5〜8点）,0.5777,"{'is_target': True, 'verdict': '参加推奨', 'max_combo_prob': 0.1025, 'est_top_odds': 13.0, 'circle_concentration': 69.5, 'eligible_count': 6, 'bet_adj': 2, 'reason': 'rel_win1=62.3%（本命度） / 最有力組み合わせ確率: 0.102（推定実オッズ?13倍） / 2着集中度: 上位2艇 69.5%（補正+0.00） / 総合判定確率: 0.102 / → ヒモ分散。1号艇1着固定で広めのヒモ流し推奨（買い目+2点）', 'tenji_trigger': '展示確認: ヒモ分散レース。1号艇伸び確認後、広めのヒモ流しを採用。穴ヒモ（5・6号艇）を積極的に含める。\n展示で1号艇スタート超安定(0.133秒)→ヒモ固まり方向に注意'}",,,27.9,逃げ狙い,16.4,29.3,3,,,,,,,,,,,
2026-04-18,丸亀,10,5,田頭虎親,B1,29.69,5,,4.7448,14.3,100,45.2,0.1869,4.0119,,,0,低,121,0,-,,0,75.4,1.2793,,,,,,0.1,0.375,0.025,,,D,△,,0.1474,0.5945,,0.6864,S,84,0,◎1着固定 2-3着流し（5〜8点）,0.5777,"{'is_target': True, 'verdict': '参加推奨', 'max_combo_prob': 0.1025, 'est_top_odds': 13.0, 'circle_concentration': 69.5, 'eligible_count': 6, 'bet_adj': 2, 'reason': 'rel_win1=62.3%（本命度） / 最有力組み合わせ確率: 0.102（推定実オッズ?13倍） / 2着集中度: 上位2艇 69.5%（補正+0.00） / 総合判定確率: 0.102 / → ヒモ分散。1号艇1着固定で広めのヒモ流し推奨（買い目+2点）', 'tenji_trigger': '展示確認: ヒモ分散レース。1号艇伸び確認後、広めのヒモ流しを採用。穴ヒモ（5・6号艇）を積極的に含める。\n展示で1号艇スタート超安定(0.133秒)→ヒモ固まり方向に注意'}",,,27.9,逃げ狙い,16.4,29.3,3,,,,,,,,,,,
2026-04-18,丸亀,10,6,星野太郎,B1,49.25,6,△,1.8525,0.4,41,23.5,0.2216,4.7549,,,0,低,157,0,抜0%,,0,26.9,1.0194,0,0,0,0,0.04,0.0333,0.0667,0.25,,,A,○,,0.1439,0.63,,0.6864,S,84,0,◎1着固定 2-3着流し（5〜8点）,0.5777,"{'is_target': True, 'verdict': '参加推奨', 'max_combo_prob': 0.1025, 'est_top_odds': 13.0, 'circle_concentration': 69.5, 'eligible_count': 6, 'bet_adj': 2, 'reason': 'rel_win1=62.3%（本命度） / 最有力組み合わせ確率: 0.102（推定実オッズ?13倍） / 2着集中度: 上位2艇 69.5%（補正+0.00） / 総合判定確率: 0.102 / → ヒモ分散。1号艇1着固定で広めのヒモ流し推奨（買い目+2点）', 'tenji_trigger': '展示確認: ヒモ分散レース。1号艇伸び確認後、広めのヒモ流しを採用。穴ヒモ（5・6号艇）を積極的に含める。\n展示で1号艇スタート超安定(0.133秒)→ヒモ固まり方向に注意'}",,,27.9,逃げ狙い,16.4,29.3,3,,,,,,,,,,,
2026-04-18,丸亀,11,1,竹井貴史,A2,28.37,1,◎,55.0247,,0,87.5,0.1791,4.1125,,,0,低,109,0,逃1%,,0,82,1.1159,0.7027,,,,,0.0216,0.1315,0.0108,○,,C,△,,,0.616,,0.3629,S,81,0,◎1着固定 2-3着流し（5〜8点）,0.5777,"{'is_target': True, 'verdict': '参加推奨', 'max_combo_prob': 0.0792, 'est_top_odds': 16.8, 'circle_concentration': 75.9, 'eligible_count': 6, 'bet_adj': 2, 'reason': 'rel_win1=55.0%（本命度） / 最有力組み合わせ確率: 0.079（推定実オッズ?17倍） / 2着集中度: 上位2艇 75.9%（補正+0.04） / 総合判定確率: 0.119 / → ヒモ分散。1号艇1着固定で広めのヒモ流し推奨（買い目+2点）', 'tenji_trigger': '展示確認: ヒモ分散レース。1号艇伸び確認後、広めのヒモ流しを採用。穴ヒモ（5・6号艇）を積極的に含める。'}",,,33.8,逃げ狙い,22.87,26.3,2,,,,,0,0,0.6155,0,,逃げ軸流し,A
2026-04-18,丸亀,11,2,春園功太,A2,25.87,2,△,19.1871,34.7,100,76.4,0.1449,2.9455,,,0,低,78,0,-,,0,25.1,0.7571,0,0.1111,0.1111,0,0,0.0098,0.1185,0.0195,,◎,D,△,,0.5799,0.643,,0.3629,S,81,0,◎1着固定 2-3着流し（5〜8点）,0.5777,"{'is_target': True, 'verdict': '参加推奨', 'max_combo_prob': 0.0792, 'est_top_odds': 16.8, 'circle_concentration': 75.9, 'eligible_count': 6, 'bet_adj': 2, 'reason': 'rel_win1=55.0%（本命度） / 最有力組み合わせ確率: 0.079（推定実オッズ?17倍） / 2着集中度: 上位2艇 75.9%（補正+0.04） / 総合判定確率: 0.119 / → ヒモ分散。1号艇1着固定で広めのヒモ流し推奨（買い目+2点）', 'tenji_trigger': '展示確認: ヒモ分散レース。1号艇伸び確認後、広めのヒモ流しを採用。穴ヒモ（5・6号艇）を積極的に含める。'}",,,33.8,逃げ狙い,22.87,26.3,2,,,,,,,,,,,
2026-04-18,丸亀,11,3,渋谷明憲,A2,42.86,3,○,11.2057,41.1,68,77.5,0.1421,2.925,,,0,低,116,0,差0% ま0% 差ま0% 抜0%,,0,64.2,1.351,0,0.0526,0.0526,0.0789,0.0263,0.0762,0.1194,0.174,,○,A,◎,,0.4839,0.662,,0.3629,S,81,0,◎1着固定 2-3着流し（5〜8点）,0.5777,"{'is_target': True, 'verdict': '参加推奨', 'max_combo_prob': 0.0792, 'est_top_odds': 16.8, 'circle_concentration': 75.9, 'eligible_count': 6, 'bet_adj': 2, 'reason': 'rel_win1=55.0%（本命度） / 最有力組み合わせ確率: 0.079（推定実オッズ?17倍） / 2着集中度: 上位2艇 75.9%（補正+0.04） / 総合判定確率: 0.119 / → ヒモ分散。1号艇1着固定で広めのヒモ流し推奨（買い目+2点）', 'tenji_trigger': '展示確認: ヒモ分散レース。1号艇伸び確認後、広めのヒモ流しを採用。穴ヒモ（5・6号艇）を積極的に含める。'}",,,33.8,逃げ狙い,22.87,26.3,2,,,,,,,,,,,
2026-04-18,丸亀,11,4,横田　茂,B1,39.13,4,▲,9.1168,6.4,52,38.9,0.1579,3.2014,,,0,低,109,0,ま0% 差ま0%,,0,56.8,0.9255,0,0,0.1333,0.0333,0,0.45,0.2167,0.05,,△,B,○,◎,0.4146,0.6545,0.3321,0.3629,S,81,0,◎1着固定 2-3着流し（5〜8点）,0.5777,"{'is_target': True, 'verdict': '参加推奨', 'max_combo_prob': 0.0792, 'est_top_odds': 16.8, 'circle_concentration': 75.9, 'eligible_count': 6, 'bet_adj': 2, 'reason': 'rel_win1=55.0%（本命度） / 最有力組み合わせ確率: 0.079（推定実オッズ?17倍） / 2着集中度: 上位2艇 75.9%（補正+0.04） / 総合判定確率: 0.119 / → ヒモ分散。1号艇1着固定で広めのヒモ流し推奨（買い目+2点）', 'tenji_trigger': '展示確認: ヒモ分散レース。1号艇伸び確認後、広めのヒモ流しを採用。穴ヒモ（5・6号艇）を積極的に含める。'}",,,33.8,逃げ狙い,22.87,26.3,2,,,,,,,,,,,
2026-04-18,丸亀,11,5,妻鳥晋也,B1,26.39,5,,4.6373,16.4,88,55.6,0.1729,3.7619,,,0,低,151,0,差ま0%,,0,41.4,1.1095,0,0,0,0.0357,0.0357,0.25,0.21,0.23,,,D,,○,0.3183,0.601,0.2916,0.3629,S,81,0,◎1着固定 2-3着流し（5〜8点）,0.5777,"{'is_target': True, 'verdict': '参加推奨', 'max_combo_prob': 0.0792, 'est_top_odds': 16.8, 'circle_concentration': 75.9, 'eligible_count': 6, 'bet_adj': 2, 'reason': 'rel_win1=55.0%（本命度） / 最有力組み合わせ確率: 0.079（推定実オッズ?17倍） / 2着集中度: 上位2艇 75.9%（補正+0.04） / 総合判定確率: 0.119 / → ヒモ分散。1号艇1着固定で広めのヒモ流し推奨（買い目+2点）', 'tenji_trigger': '展示確認: ヒモ分散レース。1号艇伸び確認後、広めのヒモ流しを採用。穴ヒモ（5・6号艇）を積極的に含める。'}",,,33.8,逃げ狙い,22.87,26.3,2,,,,,,,,,,,
2026-04-18,丸亀,11,6,倉田郁美,B1,20.67,6,,0.8283,1.3,46,31.8,0.1955,4.3182,,,0,低,77,0,-,,0,87.6,1.64,,,,,,0.625,0.25,0,,,E,,,0.2814,0.5695,,0.3629,S,81,0,◎1着固定 2-3着流し（5〜8点）,0.5777,"{'is_target': True, 'verdict': '参加推奨', 'max_combo_prob': 0.0792, 'est_top_odds': 16.8, 'circle_concentration': 75.9, 'eligible_count': 6, 'bet_adj': 2, 'reason': 'rel_win1=55.0%（本命度） / 最有力組み合わせ確率: 0.079（推定実オッズ?17倍） / 2着集中度: 上位2艇 75.9%（補正+0.04） / 総合判定確率: 0.119 / → ヒモ分散。1号艇1着固定で広めのヒモ流し推奨（買い目+2点）', 'tenji_trigger': '展示確認: ヒモ分散レース。1号艇伸び確認後、広めのヒモ流しを採用。穴ヒモ（5・6号艇）を積極的に含める。'}",,,33.8,逃げ狙い,22.87,26.3,2,,,,,,,,,,,
2026-04-18,丸亀,12,1,柳沢　一,A1,35.25,1,◎,52.1643,,0,88.8,0.1227,2.3062,,,0,低,43,0,逃1%,,0,65.6,0.9471,0.7027,,,,,0.0432,0.1074,0.1074,◎,,C,◎,,,0.698,,0.6096,A,73,0,◎-○軸 3着3〜4艇流し（10〜15点）,0.5777,"{'is_target': True, 'verdict': '参加推奨', 'max_combo_prob': 0.0553, 'est_top_odds': 24.1, 'circle_concentration': 65.5, 'eligible_count': 8, 'bet_adj': 2, 'reason': 'rel_win1=52.2%（本命度） / 最有力組み合わせ確率: 0.055（推定実オッズ?24倍） / 2着集中度: 上位2艇 65.5%（補正+0.00） / 総合判定確率: 0.055 / → ヒモ分散。1号艇1着固定で広めのヒモ流し推奨（買い目+2点）', 'tenji_trigger': '展示確認: ヒモ分散レース。1号艇伸び確認後、広めのヒモ流しを採用。穴ヒモ（5・6号艇）を積極的に含める。\n展示で1号艇スタート超安定(0.123秒)→ヒモ固まり方向に注意'}",,,29.8,逃げ狙い,26.55,25.8,3,,,,,0,0,0.7559,0,,逃げ軸流し,A
2026-04-18,丸亀,12,2,大池佑来,A1,34.35,2,△,12.6601,31.4,100,81.2,0.1475,3,,,0,低,30,0,差0% ま0%,,0,88.3,1.2766,0,0.2381,0.0476,0,0,0,0.05,0,,,C,○,,0.1109,0.693,,0.6096,A,73,0,◎-○軸 3着3〜4艇流し（10〜15点）,0.5777,"{'is_target': True, 'verdict': '参加推奨', 'max_combo_prob': 0.0553, 'est_top_odds': 24.1, 'circle_concentration': 65.5, 'eligible_count': 8, 'bet_adj': 2, 'reason': 'rel_win1=52.2%（本命度） / 最有力組み合わせ確率: 0.055（推定実オッズ?24倍） / 2着集中度: 上位2艇 65.5%（補正+0.00） / 総合判定確率: 0.055 / → ヒモ分散。1号艇1着固定で広めのヒモ流し推奨（買い目+2点）', 'tenji_trigger': '展示確認: ヒモ分散レース。1号艇伸び確認後、広めのヒモ流しを採用。穴ヒモ（5・6号艇）を積極的に含める。\n展示で1号艇スタート超安定(0.123秒)→ヒモ固まり方向に注意'}",,,29.8,逃げ狙い,26.55,25.8,3,,,,,,,,,,,
2026-04-18,丸亀,12,3,長尾章平,A1,23.19,3,,14.2809,34.2,80,87.1,0.1573,3.4516,,,0,低,100,0,差0% ま0% 差ま0% 抜0%,,0,77.8,1.5629,0,0.0345,0.1379,0.1034,0.0345,0.12,0.0844,0.1022,,,E,△,,0.1479,0.69,,0.6096,A,73,0,◎-○軸 3着3〜4艇流し（10〜15点）,0.5777,"{'is_target': True, 'verdict': '参加推奨', 'max_combo_prob': 0.0553, 'est_top_odds': 24.1, 'circle_concentration': 65.5, 'eligible_count': 8, 'bet_adj': 2, 'reason': 'rel_win1=52.2%（本命度） / 最有力組み合わせ確率: 0.055（推定実オッズ?24倍） / 2着集中度: 上位2艇 65.5%（補正+0.00） / 総合判定確率: 0.055 / → ヒモ分散。1号艇1着固定で広めのヒモ流し推奨（買い目+2点）', 'tenji_trigger': '展示確認: ヒモ分散レース。1号艇伸び確認後、広めのヒモ流しを採用。穴ヒモ（5・6号艇）を積極的に含める。\n展示で1号艇スタート超安定(0.123秒)→ヒモ固まり方向に注意'}",,,29.8,逃げ狙い,26.55,25.8,3,,,,,,,,,,,
2026-04-18,丸亀,12,4,今井貴士,A1,35.34,4,▲,10.5553,18.6,80,67.7,0.1508,2.7154,,,0,低,112,0,ま0% 差ま0%,,0,73.6,1.3681,0,0,0.1905,0.0476,0,0.24,0,0.0267,,,B,,○,0.2346,0.654,0.2409,0.6096,A,73,0,◎-○軸 3着3〜4艇流し（10〜15点）,0.5777,"{'is_target': True, 'verdict': '参加推奨', 'max_combo_prob': 0.0553, 'est_top_odds': 24.1, 'circle_concentration': 65.5, 'eligible_count': 8, 'bet_adj': 2, 'reason': 'rel_win1=52.2%（本命度） / 最有力組み合わせ確率: 0.055（推定実オッズ?24倍） / 2着集中度: 上位2艇 65.5%（補正+0.00） / 総合判定確率: 0.055 / → ヒモ分散。1号艇1着固定で広めのヒモ流し推奨（買い目+2点）', 'tenji_trigger': '展示確認: ヒモ分散レース。1号艇伸び確認後、広めのヒモ流しを採用。穴ヒモ（5・6号艇）を積極的に含める。\n展示で1号艇スタート超安定(0.123秒)→ヒモ固まり方向に注意'}",,,29.8,逃げ狙い,26.55,25.8,3,,,,,,,,,,,
2026-04-18,丸亀,12,5,福田宗平,A1,33.07,5,,4.9724,10.9,87,56.2,0.143,3.1797,,,0,低,93,0,-,,0,33.1,0.7574,0,0,0,0.0333,0,0.0216,0.0216,0.2432,,,D,,◎,0.2276,0.6735,0.2498,0.6096,A,73,0,◎-○軸 3着3〜4艇流し（10〜15点）,0.5777,"{'is_target': True, 'verdict': '参加推奨', 'max_combo_prob': 0.0553, 'est_top_odds': 24.1, 'circle_concentration': 65.5, 'eligible_count': 8, 'bet_adj': 2, 'reason': 'rel_win1=52.2%（本命度） / 最有力組み合わせ確率: 0.055（推定実オッズ?24倍） / 2着集中度: 上位2艇 65.5%（補正+0.00） / 総合判定確率: 0.055 / → ヒモ分散。1号艇1着固定で広めのヒモ流し推奨（買い目+2点）', 'tenji_trigger': '展示確認: ヒモ分散レース。1号艇伸び確認後、広めのヒモ流しを採用。穴ヒモ（5・6号艇）を積極的に含める。\n展示で1号艇スタート超安定(0.123秒)→ヒモ固まり方向に注意'}",,,29.8,逃げ狙い,26.55,25.8,3,,,,,,,,,,,
2026-04-18,丸亀,12,6,佐藤博亮,A1,40.74,6,○,5.3671,5,55,39.2,0.1176,2.7843,,,0,低,60,0,差ま0%,,0,65.3,1.6708,0,0,0,0.0741,0,0.0879,0.0111,0.0444,,,B,△,,0.3256,0.6875,,0.6096,A,73,0,◎-○軸 3着3〜4艇流し（10〜15点）,0.5777,"{'is_target': True, 'verdict': '参加推奨', 'max_combo_prob': 0.0553, 'est_top_odds': 24.1, 'circle_concentration': 65.5, 'eligible_count': 8, 'bet_adj': 2, 'reason': 'rel_win1=52.2%（本命度） / 最有力組み合わせ確率: 0.055（推定実オッズ?24倍） / 2着集中度: 上位2艇 65.5%（補正+0.00） / 総合判定確率: 0.055 / → ヒモ分散。1号艇1着固定で広めのヒモ流し推奨（買い目+2点）', 'tenji_trigger': '展示確認: ヒモ分散レース。1号艇伸び確認後、広めのヒモ流しを採用。穴ヒモ（5・6号艇）を積極的に含める。\n展示で1号艇スタート超安定(0.123秒)→ヒモ固まり方向に注意'}",,,29.8,逃げ狙い,26.55,25.8,3,,,,,,,,,,,
2026-04-19,丸亀,1,1,田頭虎親,B1,29.69,1,◎,63.6891,,0,83.3,0.1733,3.4792,,,0,低,121,0,逃1%,45,0,81,0.9953,0.4375,,,,,0.1,0.375,0.025,○,,E,,,,0.5945,,0.4182,A,75,0,◎-○軸 3着3〜4艇流し（10〜15点）,0.5777,"{'is_target': True, 'verdict': '点数絞り', 'max_combo_prob': 0.1025, 'est_top_odds': 13.0, 'circle_concentration': 79.6, 'eligible_count': 8, 'bet_adj': 0, 'reason': 'rel_win1=63.7%（本命度） / 最有力組み合わせ確率: 0.102（推定実オッズ?13倍） / 2着集中度: 上位2艇 79.6%（補正+0.04） / 総合判定確率: 0.142 / → ヒモはやや固め。上位2艇以外を切ること', 'tenji_trigger': '展示確認: 1号艇伸び良→そのまま採用。悪→飛び組に差し替え。circle_pct上位2艇に絞り込むこと。'}",,,30.7,逃げ狙い,18.98,35.1,3,,,,,0,0,0.6155,0,,逃げ軸流し,A
2026-04-19,丸亀,1,2,佐藤謙史,B2,37.78,2,▲,10.1352,42,70,50,0.1702,3.8981,,,0,低,105,0,-,3,0,34.6,0.8302,,,,,,0.2423,0.3038,0.2115,,○,C,◎,,0.3585,0.619,,0.4182,A,75,0,◎-○軸 3着3〜4艇流し（10〜15点）,0.5777,"{'is_target': True, 'verdict': '点数絞り', 'max_combo_prob': 0.1025, 'est_top_odds': 13.0, 'circle_concentration': 79.6, 'eligible_count': 8, 'bet_adj': 0, 'reason': 'rel_win1=63.7%（本命度） / 最有力組み合わせ確率: 0.102（推定実オッズ?13倍） / 2着集中度: 上位2艇 79.6%（補正+0.04） / 総合判定確率: 0.142 / → ヒモはやや固め。上位2艇以外を切ること', 'tenji_trigger': '展示確認: 1号艇伸び良→そのまま採用。悪→飛び組に差し替え。circle_pct上位2艇に絞り込むこと。'}",,,30.7,逃げ狙い,18.98,35.1,3,,,,,,,,,,,
2026-04-19,丸亀,1,3,川口貴久,B1,29.71,3,△,10.141,37.6,100,53.3,0.1357,2.9167,,,0,低,65,0,-,4,0,47.9,1.0092,,,,,,0.1456,0.2676,0.0471,,◎,D,△,,0.485,0.6065,,0.4182,A,75,0,◎-○軸 3着3〜4艇流し（10〜15点）,0.5777,"{'is_target': True, 'verdict': '点数絞り', 'max_combo_prob': 0.1025, 'est_top_odds': 13.0, 'circle_concentration': 79.6, 'eligible_count': 8, 'bet_adj': 0, 'reason': 'rel_win1=63.7%（本命度） / 最有力組み合わせ確率: 0.102（推定実オッズ?13倍） / 2着集中度: 上位2艇 79.6%（補正+0.04） / 総合判定確率: 0.142 / → ヒモはやや固め。上位2艇以外を切ること', 'tenji_trigger': '展示確認: 1号艇伸び良→そのまま採用。悪→飛び組に差し替え。circle_pct上位2艇に絞り込むこと。'}",,,30.7,逃げ狙い,18.98,35.1,3,,,,,,,,,,,
2026-04-19,丸亀,1,4,福嶋智之,B1,43.07,4,○,7.4197,10.5,65,28.6,0.1746,3.9375,,,0,低,102,0,-,1,0,31.2,0.7115,,,,,,0.1583,0.325,0.1417,,,B,,,0.3049,0.5965,,0.4182,A,75,0,◎-○軸 3着3〜4艇流し（10〜15点）,0.5777,"{'is_target': True, 'verdict': '点数絞り', 'max_combo_prob': 0.1025, 'est_top_odds': 13.0, 'circle_concentration': 79.6, 'eligible_count': 8, 'bet_adj': 0, 'reason': 'rel_win1=63.7%（本命度） / 最有力組み合わせ確率: 0.102（推定実オッズ?13倍） / 2着集中度: 上位2艇 79.6%（補正+0.04） / 総合判定確率: 0.142 / → ヒモはやや固め。上位2艇以外を切ること', 'tenji_trigger': '展示確認: 1号艇伸び良→そのまま採用。悪→飛び組に差し替え。circle_pct上位2艇に絞り込むこと。'}",,,30.7,逃げ狙い,18.98,35.1,3,,,,,,,,,,,
2026-04-19,丸亀,1,5,永井亮次,B1,42.65,5,,7.3694,9.3,45,26,0.2108,4.5195,,,0,低,196,0,-,4,0,44.1,1.019,0,0,0,0.0345,0,0.048,0.032,0.164,,,B,△,◎,0.1593,0.607,0.125,0.4182,A,75,0,◎-○軸 3着3〜4艇流し（10〜15点）,0.5777,"{'is_target': True, 'verdict': '点数絞り', 'max_combo_prob': 0.1025, 'est_top_odds': 13.0, 'circle_concentration': 79.6, 'eligible_count': 8, 'bet_adj': 0, 'reason': 'rel_win1=63.7%（本命度） / 最有力組み合わせ確率: 0.102（推定実オッズ?13倍） / 2着集中度: 上位2艇 79.6%（補正+0.04） / 総合判定確率: 0.142 / → ヒモはやや固め。上位2艇以外を切ること', 'tenji_trigger': '展示確認: 1号艇伸び良→そのまま採用。悪→飛び組に差し替え。circle_pct上位2艇に絞り込むこと。'}",,,30.7,逃げ狙い,18.98,35.1,3,,,,,,,,,,,
2026-04-19,丸亀,1,6,松浦　勝,B1,39.71,6,,1.2456,0.6,51,9.5,0.1905,4.2857,,,0,低,112,0,-,4,0,22,0.6017,,,,,,0.3,0.26,0.04,,,C,○,,0.2592,0.6085,,0.4182,A,75,0,◎-○軸 3着3〜4艇流し（10〜15点）,0.5777,"{'is_target': True, 'verdict': '点数絞り', 'max_combo_prob': 0.1025, 'est_top_odds': 13.0, 'circle_concentration': 79.6, 'eligible_count': 8, 'bet_adj': 0, 'reason': 'rel_win1=63.7%（本命度） / 最有力組み合わせ確率: 0.102（推定実オッズ?13倍） / 2着集中度: 上位2艇 79.6%（補正+0.04） / 総合判定確率: 0.142 / → ヒモはやや固め。上位2艇以外を切ること', 'tenji_trigger': '展示確認: 1号艇伸び良→そのまま採用。悪→飛び組に差し替え。circle_pct上位2艇に絞り込むこと。'}",,,30.7,逃げ狙い,18.98,35.1,3,,,,,,,,,,,
2026-04-19,丸亀,2,1,武藤綾子,B1,23.24,1,◎,45.3621,,0,66.7,0.1929,3.9167,,,0,低,118,0,逃0%,5,0,59.3,0.8638,0.4545,,,,,0.1455,0.2364,0,,,E,,,,0.5505,,0.1759,B,47,0,◎○△フォーメーション（15〜20点）,0.5777,"{'is_target': True, 'verdict': '参加推奨', 'max_combo_prob': 0.0701, 'est_top_odds': 19.0, 'circle_concentration': 67.5, 'eligible_count': 9, 'bet_adj': 2, 'reason': 'rel_win1=45.4%（本命度） / 最有力組み合わせ確率: 0.070（推定実オッズ?19倍） / 2着集中度: 上位2艇 67.5%（補正+0.00） / 総合判定確率: 0.070 / → ヒモ分散。1号艇1着固定で広めのヒモ流し推奨（買い目+2点）', 'tenji_trigger': '展示確認: ヒモ分散レース。1号艇伸び確認後、広めのヒモ流しを採用。穴ヒモ（5・6号艇）を積極的に含める。\n展示で1号艇スタート遅め(0.193秒)確認→ヒモが荒れやすい'}",,,34.1,両建て推奨,13.61,34.9,2,4-5-6|4-6-5|4-5-1|4-5-2|4-3-5|4-3-6|4-6-1|1-2-5|1-2-3|1-4-5,4-5-6|4-6-5|4-5-1|4-5-2|4-3-5|4-3-6|4-6-1|1-2-5|1-2-3|2-1-3|3-2-5|1-4-5,4-5-6:2.24%|4-6-5:1.14%|4-5-1:1.07%|4-5-2:0.91%|4-3-5:0.9%|4-3-6:0.45%|4-6-1:0.27%|1-2-5:4.64%|1-2-3:4.22%|1-4-5:2.93%,4-5-6:B_main|4-6-5:B_main|4-5-1:B_main|4-5-2:B_main|4-3-5:B_main|4-3-6:B_main|4-6-1:B_main|1-2-5:A|1-2-3:A|1-4-5:A,10,12,0.2915,1,[!]見送り推奨（主役決まり手「まくり」― 逃げ劣勢レースで的中実績なし）,主役軸流し,B
2026-04-19,丸亀,2,2,高濱芳久,B1,27.86,2,▲,21.0746,46.5,71,62.9,0.1859,4.4714,,,0,低,114,0,-,32,0,59,0.8241,0,0.1667,0,0,0,0.0485,0.1485,0.1485,,△,C,○,,0.4088,0.6335,,0.1759,B,47,0,◎○△フォーメーション（15〜20点）,0.5777,"{'is_target': True, 'verdict': '参加推奨', 'max_combo_prob': 0.0701, 'est_top_odds': 19.0, 'circle_concentration': 67.5, 'eligible_count': 9, 'bet_adj': 2, 'reason': 'rel_win1=45.4%（本命度） / 最有力組み合わせ確率: 0.070（推定実オッズ?19倍） / 2着集中度: 上位2艇 67.5%（補正+0.00） / 総合判定確率: 0.070 / → ヒモ分散。1号艇1着固定で広めのヒモ流し推奨（買い目+2点）', 'tenji_trigger': '展示確認: ヒモ分散レース。1号艇伸び確認後、広めのヒモ流しを採用。穴ヒモ（5・6号艇）を積極的に含める。\n展示で1号艇スタート遅め(0.193秒)確認→ヒモが荒れやすい'}",,,34.1,両建て推奨,13.61,34.9,2,,,,,,,,,,,
2026-04-19,丸亀,2,3,門間雄大,B1,23.70,3,△,13.2579,12.7,100,51.6,0.1484,3.0391,,,0,低,97,0,-,5,0,18.7,0.5585,0,0,0.0833,0.125,0,0.0211,0.2632,0.0842,,○,D,△,,0.4819,0.629,,0.1759,B,47,0,◎○△フォーメーション（15〜20点）,0.5777,"{'is_target': True, 'verdict': '参加推奨', 'max_combo_prob': 0.0701, 'est_top_odds': 19.0, 'circle_concentration': 67.5, 'eligible_count': 9, 'bet_adj': 2, 'reason': 'rel_win1=45.4%（本命度） / 最有力組み合わせ確率: 0.070（推定実オッズ?19倍） / 2着集中度: 上位2艇 67.5%（補正+0.00） / 総合判定確率: 0.070 / → ヒモ分散。1号艇1着固定で広めのヒモ流し推奨（買い目+2点）', 'tenji_trigger': '展示確認: ヒモ分散レース。1号艇伸び確認後、広めのヒモ流しを採用。穴ヒモ（5・6号艇）を積極的に含める。\n展示で1号艇スタート遅め(0.193秒)確認→ヒモが荒れやすい'}",,,34.1,両建て推奨,13.61,34.9,2,,,,,,,,,,,
2026-04-19,丸亀,2,4,高橋涼夏,B2,23.57,4,,12.8844,16.2,68,0,0.1233,3.3333,,,0,低,43,1,-,66,0,44.5,0.8434,,,,,,,,,,◎,D,,,0.4852,0.5355,,0.1759,B,47,0,◎○△フォーメーション（15〜20点）,0.5777,"{'is_target': True, 'verdict': '参加推奨', 'max_combo_prob': 0.0701, 'est_top_odds': 19.0, 'circle_concentration': 67.5, 'eligible_count': 9, 'bet_adj': 2, 'reason': 'rel_win1=45.4%（本命度） / 最有力組み合わせ確率: 0.070（推定実オッズ?19倍） / 2着集中度: 上位2艇 67.5%（補正+0.00） / 総合判定確率: 0.070 / → ヒモ分散。1号艇1着固定で広めのヒモ流し推奨（買い目+2点）', 'tenji_trigger': '展示確認: ヒモ分散レース。1号艇伸び確認後、広めのヒモ流しを採用。穴ヒモ（5・6号艇）を積極的に含める。\n展示で1号艇スタート遅め(0.193秒)確認→ヒモが荒れやすい'}",,,34.1,両建て推奨,13.61,34.9,2,,,,,,,,,,,
2026-04-19,丸亀,2,5,渋谷明憲,A2,42.86,5,○,6.0096,21,70,52.2,0.1596,3.4855,,,0,低,116,0,差ま0%,11,0,84.1,1.391,0,0,0,0.0312,0,0.0762,0.1194,0.174,,,A,◎,,0.3837,0.662,,0.1759,B,47,0,◎○△フォーメーション（15〜20点）,0.5777,"{'is_target': True, 'verdict': '参加推奨', 'max_combo_prob': 0.0701, 'est_top_odds': 19.0, 'circle_concentration': 67.5, 'eligible_count': 9, 'bet_adj': 2, 'reason': 'rel_win1=45.4%（本命度） / 最有力組み合わせ確率: 0.070（推定実オッズ?19倍） / 2着集中度: 上位2艇 67.5%（補正+0.00） / 総合判定確率: 0.070 / → ヒモ分散。1号艇1着固定で広めのヒモ流し推奨（買い目+2点）', 'tenji_trigger': '展示確認: ヒモ分散レース。1号艇伸び確認後、広めのヒモ流しを採用。穴ヒモ（5・6号艇）を積極的に含める。\n展示で1号艇スタート遅め(0.193秒)確認→ヒモが荒れやすい'}",,,34.1,両建て推奨,13.61,34.9,2,,,,,,,,,,,
2026-04-19,丸亀,2,6,荒井翔伍,A2,31.43,6,,1.4114,3.6,63,28.3,0.1681,3.5849,,,0,低,81,0,-,25,0,33.6,1.1025,,,,,,0.0148,0.1046,0.3287,,,B,△,,0.3929,0.6315,,0.1759,B,47,0,◎○△フォーメーション（15〜20点）,0.5777,"{'is_target': True, 'verdict': '参加推奨', 'max_combo_prob': 0.0701, 'est_top_odds': 19.0, 'circle_concentration': 67.5, 'eligible_count': 9, 'bet_adj': 2, 'reason': 'rel_win1=45.4%（本命度） / 最有力組み合わせ確率: 0.070（推定実オッズ?19倍） / 2着集中度: 上位2艇 67.5%（補正+0.00） / 総合判定確率: 0.070 / → ヒモ分散。1号艇1着固定で広めのヒモ流し推奨（買い目+2点）', 'tenji_trigger': '展示確認: ヒモ分散レース。1号艇伸び確認後、広めのヒモ流しを採用。穴ヒモ（5・6号艇）を積極的に含める。\n展示で1号艇スタート遅め(0.193秒)確認→ヒモが荒れやすい'}",,,34.1,両建て推奨,13.61,34.9,2,,,,,,,,,,,
2026-04-19,丸亀,3,1,上田洋平,B1,34.78,1,◎,59.2681,,0,83.6,0.157,3.1721,,,0,低,112,0,-,36,0,98,1.3874,0.5,,,,,0.2115,0.0615,0.1365,○,,C,○,,,0.6535,,0.4493,S,86,0,◎1着固定 2-3着流し（5〜8点）,0.5777,"{'is_target': True, 'verdict': '参加推奨', 'max_combo_prob': 0.0762, 'est_top_odds': 17.5, 'circle_concentration': 62.5, 'eligible_count': 6, 'bet_adj': 2, 'reason': 'rel_win1=59.3%（本命度） / 最有力組み合わせ確率: 0.076（推定実オッズ?18倍） / 2着集中度: 上位2艇 62.5%（補正+0.00） / 総合判定確率: 0.076 / → ヒモ分散。1号艇1着固定で広めのヒモ流し推奨（買い目+2点）', 'tenji_trigger': '展示確認: ヒモ分散レース。1号艇伸び確認後、広めのヒモ流しを採用。穴ヒモ（5・6号艇）を積極的に含める。'}",,,27.7,逃げ狙い,12.42,32.1,4,,,,,0,0,0.6155,0,,逃げ軸流し,A
2026-04-19,丸亀,3,2,齊藤大将,B2,41.48,2,▲,10.209,26.8,100,51,0.1696,3.3673,,,0,低,108,0,-,44,0,23.6,0.7455,,,,,,0.0308,0.3231,0.2923,,,B,△,,0.2332,0.575,,0.4493,S,86,0,◎1着固定 2-3着流し（5〜8点）,0.5777,"{'is_target': True, 'verdict': '参加推奨', 'max_combo_prob': 0.0762, 'est_top_odds': 17.5, 'circle_concentration': 62.5, 'eligible_count': 6, 'bet_adj': 2, 'reason': 'rel_win1=59.3%（本命度） / 最有力組み合わせ確率: 0.076（推定実オッズ?18倍） / 2着集中度: 上位2艇 62.5%（補正+0.00） / 総合判定確率: 0.076 / → ヒモ分散。1号艇1着固定で広めのヒモ流し推奨（買い目+2点）', 'tenji_trigger': '展示確認: ヒモ分散レース。1号艇伸び確認後、広めのヒモ流しを採用。穴ヒモ（5・6号艇）を積極的に含める。'}",,,27.7,逃げ狙い,12.42,32.1,4,,,,,,,,,,,
2026-04-19,丸亀,3,3,宮地秀祈,B1,47.89,3,○,11.7988,29.7,67,48.1,0.1767,3.7115,,,0,低,145,0,-,5,0,37.4,1.0502,0,0,0.0333,0,0.0333,0.2914,0.2714,0.06,,,A,△,,0.1987,0.6005,,0.4493,S,86,0,◎1着固定 2-3着流し（5〜8点）,0.5777,"{'is_target': True, 'verdict': '参加推奨', 'max_combo_prob': 0.0762, 'est_top_odds': 17.5, 'circle_concentration': 62.5, 'eligible_count': 6, 'bet_adj': 2, 'reason': 'rel_win1=59.3%（本命度） / 最有力組み合わせ確率: 0.076（推定実オッズ?18倍） / 2着集中度: 上位2艇 62.5%（補正+0.00） / 総合判定確率: 0.076 / → ヒモ分散。1号艇1着固定で広めのヒモ流し推奨（買い目+2点）', 'tenji_trigger': '展示確認: ヒモ分散レース。1号艇伸び確認後、広めのヒモ流しを採用。穴ヒモ（5・6号艇）を積極的に含める。'}",,,27.7,逃げ狙い,12.42,32.1,4,,,,,,,,,,,
2026-04-19,丸亀,3,4,福田宗平,A1,33.07,4,△,10.5632,32.8,86,71.4,0.1332,3.0159,,,0,低,93,0,-,14,0,26.9,0.7064,0,0,0,0,0.0833,0.0216,0.0216,0.2432,,◎,D,◎,◎,0.4157,0.6735,0.4429,0.4493,S,86,0,◎1着固定 2-3着流し（5〜8点）,0.5777,"{'is_target': True, 'verdict': '参加推奨', 'max_combo_prob': 0.0762, 'est_top_odds': 17.5, 'circle_concentration': 62.5, 'eligible_count': 6, 'bet_adj': 2, 'reason': 'rel_win1=59.3%（本命度） / 最有力組み合わせ確率: 0.076（推定実オッズ?18倍） / 2着集中度: 上位2艇 62.5%（補正+0.00） / 総合判定確率: 0.076 / → ヒモ分散。1号艇1着固定で広めのヒモ流し推奨（買い目+2点）', 'tenji_trigger': '展示確認: ヒモ分散レース。1号艇伸び確認後、広めのヒモ流しを採用。穴ヒモ（5・6号艇）を積極的に含める。'}",,,27.7,逃げ狙い,12.42,32.1,4,,,,,,,,,,,
2026-04-19,丸亀,3,5,大石真央,B1,39.16,5,,6.8819,7.9,43,21.2,0.2021,3.9848,,,0,低,106,0,差ま0%,5,0,26.4,0.8126,0,0,0,0.0833,0,0.5,0.375,0,,,C,,,0.1565,0.5595,,0.4493,S,86,0,◎1着固定 2-3着流し（5〜8点）,0.5777,"{'is_target': True, 'verdict': '参加推奨', 'max_combo_prob': 0.0762, 'est_top_odds': 17.5, 'circle_concentration': 62.5, 'eligible_count': 6, 'bet_adj': 2, 'reason': 'rel_win1=59.3%（本命度） / 最有力組み合わせ確率: 0.076（推定実オッズ?18倍） / 2着集中度: 上位2艇 62.5%（補正+0.00） / 総合判定確率: 0.076 / → ヒモ分散。1号艇1着固定で広めのヒモ流し推奨（買い目+2点）', 'tenji_trigger': '展示確認: ヒモ分散レース。1号艇伸び確認後、広めのヒモ流しを採用。穴ヒモ（5・6号艇）を積極的に含める。'}",,,27.7,逃げ狙い,12.42,32.1,4,,,,,,,,,,,
2026-04-19,丸亀,3,6,中尾優香,A2,33.58,6,,1.2791,2.8,45,14.3,0.1789,4.0179,,,0,低,53,0,-,11,0,33,0.8422,,,,,,0,0.3333,0,,,D,,,0.2519,0.5435,,0.4493,S,86,0,◎1着固定 2-3着流し（5〜8点）,0.5777,"{'is_target': True, 'verdict': '参加推奨', 'max_combo_prob': 0.0762, 'est_top_odds': 17.5, 'circle_concentration': 62.5, 'eligible_count': 6, 'bet_adj': 2, 'reason': 'rel_win1=59.3%（本命度） / 最有力組み合わせ確率: 0.076（推定実オッズ?18倍） / 2着集中度: 上位2艇 62.5%（補正+0.00） / 総合判定確率: 0.076 / → ヒモ分散。1号艇1着固定で広めのヒモ流し推奨（買い目+2点）', 'tenji_trigger': '展示確認: ヒモ分散レース。1号艇伸び確認後、広めのヒモ流しを採用。穴ヒモ（5・6号艇）を積極的に含める。'}",,,27.7,逃げ狙い,12.42,32.1,4,,,,,,,,,,,
2026-04-19,丸亀,4,1,桑原　啓,B1,41.26,1,◎,51.542,,0,71.1,0.1564,3.4111,,,0,低,104,0,逃0%,66,0,77.3,0.9331,0.25,,,,,0.3,0.22,0.18,○,,B,○,,,0.6545,,0.3868,A,63,0,◎-○軸 3着3〜4艇流し（10〜15点）,0.5777,"{'is_target': True, 'verdict': '参加推奨', 'max_combo_prob': 0.0712, 'est_top_odds': 18.7, 'circle_concentration': 74.4, 'eligible_count': 8, 'bet_adj': 2, 'reason': 'rel_win1=51.5%（本命度） / 最有力組み合わせ確率: 0.071（推定実オッズ?19倍） / 2着集中度: 上位2艇 74.4%（補正+0.04） / 総合判定確率: 0.111 / → ヒモ分散。1号艇1着固定で広めのヒモ流し推奨（買い目+2点）', 'tenji_trigger': '展示確認: ヒモ分散レース。1号艇伸び確認後、広めのヒモ流しを採用。穴ヒモ（5・6号艇）を積極的に含める。'}",,,31.5,両建て推奨,16.98,38.9,5,,,,,0,0,0.6155,0,,逃げ軸流し,A
2026-04-19,丸亀,4,2,伏田裕隆,A2,21.32,2,,12.903,44.5,52,39.2,0.2033,3.902,,,0,低,155,0,ま0%,4,0,72.7,0.695,0,0,0.0556,0,0,0.1477,0.1295,0.2409,,,E,,,0.1017,0.57,,0.3868,A,63,0,◎-○軸 3着3〜4艇流し（10〜15点）,0.5777,"{'is_target': True, 'verdict': '参加推奨', 'max_combo_prob': 0.0712, 'est_top_odds': 18.7, 'circle_concentration': 74.4, 'eligible_count': 8, 'bet_adj': 2, 'reason': 'rel_win1=51.5%（本命度） / 最有力組み合わせ確率: 0.071（推定実オッズ?19倍） / 2着集中度: 上位2艇 74.4%（補正+0.04） / 総合判定確率: 0.111 / → ヒモ分散。1号艇1着固定で広めのヒモ流し推奨（買い目+2点）', 'tenji_trigger': '展示確認: ヒモ分散レース。1号艇伸び確認後、広めのヒモ流しを採用。穴ヒモ（5・6号艇）を積極的に含める。'}",,,31.5,両建て推奨,16.98,38.9,5,,,,,,,,,,,
2026-04-19,丸亀,4,3,小澤　学,B1,33.33,3,△,8.8497,9,71,21.7,0.2409,5.4565,,,0,低,319,0,差0% ま0%,5,0,11.8,0.6169,0,0.0303,0.0303,0,0,0.4667,0.4222,0.0222,,,C,△,,0.1457,0.59,,0.3868,A,63,0,◎-○軸 3着3〜4艇流し（10〜15点）,0.5777,"{'is_target': True, 'verdict': '参加推奨', 'max_combo_prob': 0.0712, 'est_top_odds': 18.7, 'circle_concentration': 74.4, 'eligible_count': 8, 'bet_adj': 2, 'reason': 'rel_win1=51.5%（本命度） / 最有力組み合わせ確率: 0.071（推定実オッズ?19倍） / 2着集中度: 上位2艇 74.4%（補正+0.04） / 総合判定確率: 0.111 / → ヒモ分散。1号艇1着固定で広めのヒモ流し推奨（買い目+2点）', 'tenji_trigger': '展示確認: ヒモ分散レース。1号艇伸び確認後、広めのヒモ流しを採用。穴ヒモ（5・6号艇）を積極的に含める。'}",,,31.5,両建て推奨,16.98,38.9,5,,,,,,,,,,,
2026-04-19,丸亀,4,4,田村　慶,B1,25.71,4,,6.1812,10.7,100,34.2,0.1761,4.1447,,,0,低,93,0,-,6,0,43.4,0.7268,,,,,,0,0,0,,,D,△,,0.2702,0.5845,,0.3868,A,63,0,◎-○軸 3着3〜4艇流し（10〜15点）,0.5777,"{'is_target': True, 'verdict': '参加推奨', 'max_combo_prob': 0.0712, 'est_top_odds': 18.7, 'circle_concentration': 74.4, 'eligible_count': 8, 'bet_adj': 2, 'reason': 'rel_win1=51.5%（本命度） / 最有力組み合わせ確率: 0.071（推定実オッズ?19倍） / 2着集中度: 上位2艇 74.4%（補正+0.04） / 総合判定確率: 0.111 / → ヒモ分散。1号艇1着固定で広めのヒモ流し推奨（買い目+2点）', 'tenji_trigger': '展示確認: ヒモ分散レース。1号艇伸び確認後、広めのヒモ流しを採用。穴ヒモ（5・6号艇）を積極的に含める。'}",,,31.5,両建て推奨,16.98,38.9,5,,,,,,,,,,,
2026-04-19,丸亀,4,5,長尾章平,A1,23.19,5,▲,16.1379,29.9,97,74.1,0.1514,3.2931,,,0,低,100,0,-,56,0,81.1,1.2795,0,0,0.04,0.16,0,0.12,0.0844,0.1022,,,D,◎,◎,0.3593,0.69,0.4094,0.3868,A,63,0,◎-○軸 3着3〜4艇流し（10〜15点）,0.5777,"{'is_target': True, 'verdict': '参加推奨', 'max_combo_prob': 0.0712, 'est_top_odds': 18.7, 'circle_concentration': 74.4, 'eligible_count': 8, 'bet_adj': 2, 'reason': 'rel_win1=51.5%（本命度） / 最有力組み合わせ確率: 0.071（推定実オッズ?19倍） / 2着集中度: 上位2艇 74.4%（補正+0.04） / 総合判定確率: 0.111 / → ヒモ分散。1号艇1着固定で広めのヒモ流し推奨（買い目+2点）', 'tenji_trigger': '展示確認: ヒモ分散レース。1号艇伸び確認後、広めのヒモ流しを採用。穴ヒモ（5・6号艇）を積極的に含める。'}",,,31.5,両建て推奨,16.98,38.9,5,,,,,,,,,,,
2026-04-19,丸亀,4,6,水谷理人,A2,44.12,6,○,4.3862,5.9,54,35.4,0.1454,3.3021,,,0,低,64,0,-,11,0,29.1,1.2319,,,,,,0.0533,0.28,0.0267,,,A,,,0.378,0.569,,0.3868,A,63,0,◎-○軸 3着3〜4艇流し（10〜15点）,0.5777,"{'is_target': True, 'verdict': '参加推奨', 'max_combo_prob': 0.0712, 'est_top_odds': 18.7, 'circle_concentration': 74.4, 'eligible_count': 8, 'bet_adj': 2, 'reason': 'rel_win1=51.5%（本命度） / 最有力組み合わせ確率: 0.071（推定実オッズ?19倍） / 2着集中度: 上位2艇 74.4%（補正+0.04） / 総合判定確率: 0.111 / → ヒモ分散。1号艇1着固定で広めのヒモ流し推奨（買い目+2点）', 'tenji_trigger': '展示確認: ヒモ分散レース。1号艇伸び確認後、広めのヒモ流しを採用。穴ヒモ（5・6号艇）を積極的に含める。'}",,,31.5,両建て推奨,16.98,38.9,5,,,,,,,,,,,
2026-04-19,丸亀,5,1,星野太郎,B1,49.25,1,◎,59.2582,,0,88.4,0.1491,3.0507,,,0,低,157,0,逃1%,24,0,70.4,0.9668,0.5,,,,,0.0333,0.0667,0.25,◎,,A,,,,0.63,,0.5661,S,97,0,◎1着固定 2-3着流し（5〜8点）,0.5777,"{'is_target': True, 'verdict': '点数絞り', 'max_combo_prob': 0.0915, 'est_top_odds': 14.6, 'circle_concentration': 70.7, 'eligible_count': 6, 'bet_adj': 0, 'reason': 'rel_win1=59.3%（本命度） / 最有力組み合わせ確率: 0.092（推定実オッズ?15倍） / 2着集中度: 上位2艇 70.7%（補正+0.04） / 総合判定確率: 0.132 / → ヒモはやや固め。上位2艇以外を切ること', 'tenji_trigger': '展示確認: 1号艇伸び良→そのまま採用。悪→飛び組に差し替え。circle_pct上位2艇に絞り込むこと。'}",,,26.4,逃げ狙い,13.83,27,3,,,,,0,0,0.7559,0,,逃げ軸流し,A
2026-04-19,丸亀,5,2,羽野　諒,B1,54.35,2,○,9.3287,32.3,45,41.1,0.1468,3.0536,,,0,低,54,0,差0% ま0%,3,0,39.8,0.7064,0,0.0417,0.0417,0,0,0.02,0.56,0.06,,◎,A,○,,0.3364,0.6525,,0.5661,S,97,0,◎1着固定 2-3着流し（5〜8点）,0.5777,"{'is_target': True, 'verdict': '点数絞り', 'max_combo_prob': 0.0915, 'est_top_odds': 14.6, 'circle_concentration': 70.7, 'eligible_count': 6, 'bet_adj': 0, 'reason': 'rel_win1=59.3%（本命度） / 最有力組み合わせ確率: 0.092（推定実オッズ?15倍） / 2着集中度: 上位2艇 70.7%（補正+0.04） / 総合判定確率: 0.132 / → ヒモはやや固め。上位2艇以外を切ること', 'tenji_trigger': '展示確認: 1号艇伸び良→そのまま採用。悪→飛び組に差し替え。circle_pct上位2艇に絞り込むこと。'}",,,26.4,逃げ狙い,13.83,27,3,,,,,,,,,,,
2026-04-19,丸亀,5,3,今井貴士,A1,35.34,3,▲,13.3823,22.8,100,63.8,0.1723,3.4149,,,0,低,112,0,ま0% 差ま0%,33,0,56.7,1.2608,0,0,0.0526,0.0526,0,0.24,0,0.0267,,,C,◎,,0.1841,0.654,,0.5661,S,97,0,◎1着固定 2-3着流し（5〜8点）,0.5777,"{'is_target': True, 'verdict': '点数絞り', 'max_combo_prob': 0.0915, 'est_top_odds': 14.6, 'circle_concentration': 70.7, 'eligible_count': 6, 'bet_adj': 0, 'reason': 'rel_win1=59.3%（本命度） / 最有力組み合わせ確率: 0.092（推定実オッズ?15倍） / 2着集中度: 上位2艇 70.7%（補正+0.04） / 総合判定確率: 0.132 / → ヒモはやや固め。上位2艇以外を切ること', 'tenji_trigger': '展示確認: 1号艇伸び良→そのまま採用。悪→飛び組に差し替え。circle_pct上位2艇に絞り込むこと。'}",,,26.4,逃げ狙い,13.83,27,3,,,,,,,,,,,
2026-04-19,丸亀,5,4,森定晃史,A2,27.14,4,△,12.8234,38.5,89,72.1,0.1536,3.123,,,0,低,125,0,差0% ま0%,12,0,88,1.5406,0,0.0714,0.0357,0,0,0.1467,0.059,0.1771,,,D,△,◎,0.2828,0.647,0.4528,0.5661,S,97,0,◎1着固定 2-3着流し（5〜8点）,0.5777,"{'is_target': True, 'verdict': '点数絞り', 'max_combo_prob': 0.0915, 'est_top_odds': 14.6, 'circle_concentration': 70.7, 'eligible_count': 6, 'bet_adj': 0, 'reason': 'rel_win1=59.3%（本命度） / 最有力組み合わせ確率: 0.092（推定実オッズ?15倍） / 2着集中度: 上位2艇 70.7%（補正+0.04） / 総合判定確率: 0.132 / → ヒモはやや固め。上位2艇以外を切ること', 'tenji_trigger': '展示確認: 1号艇伸び良→そのまま採用。悪→飛び組に差し替え。circle_pct上位2艇に絞り込むこと。'}",,,26.4,逃げ狙い,13.83,27,3,,,,,,,,,,,
2026-04-19,丸亀,5,5,倉田郁美,B1,20.67,5,,3.1387,3.7,56,18.5,0.1867,3.537,,,0,低,77,0,-,46,0,25.2,0.6357,,,,,,0.625,0.25,0,,,E,,,0.2032,0.5695,,0.5661,S,97,0,◎1着固定 2-3着流し（5〜8点）,0.5777,"{'is_target': True, 'verdict': '点数絞り', 'max_combo_prob': 0.0915, 'est_top_odds': 14.6, 'circle_concentration': 70.7, 'eligible_count': 6, 'bet_adj': 0, 'reason': 'rel_win1=59.3%（本命度） / 最有力組み合わせ確率: 0.092（推定実オッズ?15倍） / 2着集中度: 上位2艇 70.7%（補正+0.04） / 総合判定確率: 0.132 / → ヒモはやや固め。上位2艇以外を切ること', 'tenji_trigger': '展示確認: 1号艇伸び良→そのまま採用。悪→飛び組に差し替え。circle_pct上位2艇に絞り込むこと。'}",,,26.4,逃げ狙い,13.83,27,3,,,,,,,,,,,
2026-04-19,丸亀,5,6,高岡竜也,A2,36.36,6,,2.0687,2.8,48,19.2,0.1942,4.4135,,,0,低,136,0,差0%,2,0,25.2,0.9064,0,0.0435,0,0,0,0,0.075,0.1125,,,C,△,,0.1461,0.642,,0.5661,S,97,0,◎1着固定 2-3着流し（5〜8点）,0.5777,"{'is_target': True, 'verdict': '点数絞り', 'max_combo_prob': 0.0915, 'est_top_odds': 14.6, 'circle_concentration': 70.7, 'eligible_count': 6, 'bet_adj': 0, 'reason': 'rel_win1=59.3%（本命度） / 最有力組み合わせ確率: 0.092（推定実オッズ?15倍） / 2着集中度: 上位2艇 70.7%（補正+0.04） / 総合判定確率: 0.132 / → ヒモはやや固め。上位2艇以外を切ること', 'tenji_trigger': '展示確認: 1号艇伸び良→そのまま採用。悪→飛び組に差し替え。circle_pct上位2艇に絞り込むこと。'}",,,26.4,逃げ狙い,13.83,27,3,,,,,,,,,,,
2026-04-19,丸亀,6,1,茶谷信次,A2,33.09,1,◎,50.1436,,0,84,0.1464,2.89,,,0,低,109,0,逃1%,33,0,70.2,1.0609,0.5312,,,,,0.1625,0.1625,0.05,◎,,C,△,,,0.602,,0.4771,A,63,0,◎-○軸 3着3〜4艇流し（10〜15点）,0.5777,"{'is_target': True, 'verdict': '参加推奨', 'max_combo_prob': 0.0474, 'est_top_odds': 28.1, 'circle_concentration': 64.4, 'eligible_count': 8, 'bet_adj': 2, 'reason': 'rel_win1=50.1%（本命度） / 最有力組み合わせ確率: 0.047（推定実オッズ?28倍） / 2着集中度: 上位2艇 64.4%（補正+0.00） / 総合判定確率: 0.047 / → ヒモ分散。1号艇1着固定で広めのヒモ流し推奨（買い目+2点）', 'tenji_trigger': '展示確認: ヒモ分散レース。1号艇伸び確認後、広めのヒモ流しを採用。穴ヒモ（5・6号艇）を積極的に含める。'}",,,29,両建て推奨,18.3,30.6,4,,,,,0,0,0.7559,0,,逃げ軸流し,A
2026-04-19,丸亀,6,2,永井亮次,B1,42.65,2,○,14.1175,31,100,56.1,0.1635,3.7197,,,0,低,196,0,差0%,4,0,40,0.9443,0,0.069,0,0,0,0.048,0.032,0.164,,,A,△,,0.1679,0.607,,0.4771,A,63,0,◎-○軸 3着3〜4艇流し（10〜15点）,0.5777,"{'is_target': True, 'verdict': '参加推奨', 'max_combo_prob': 0.0474, 'est_top_odds': 28.1, 'circle_concentration': 64.4, 'eligible_count': 8, 'bet_adj': 2, 'reason': 'rel_win1=50.1%（本命度） / 最有力組み合わせ確率: 0.047（推定実オッズ?28倍） / 2着集中度: 上位2艇 64.4%（補正+0.00） / 総合判定確率: 0.047 / → ヒモ分散。1号艇1着固定で広めのヒモ流し推奨（買い目+2点）', 'tenji_trigger': '展示確認: ヒモ分散レース。1号艇伸び確認後、広めのヒモ流しを採用。穴ヒモ（5・6号艇）を積極的に含める。'}",,,29,両建て推奨,18.3,30.6,4,,,,,,,,,,,
2026-04-19,丸亀,6,3,飯塚　響,B2,32.03,3,,12.4023,22.1,84,33.3,0.2108,4.0833,,,0,低,45,1,ま0%,6,0,100,0.8212,0,0,0.1667,0,0,0,0,0,,,D,,,0.1665,0.5145,,0.4771,A,63,0,◎-○軸 3着3〜4艇流し（10〜15点）,0.5777,"{'is_target': True, 'verdict': '参加推奨', 'max_combo_prob': 0.0474, 'est_top_odds': 28.1, 'circle_concentration': 64.4, 'eligible_count': 8, 'bet_adj': 2, 'reason': 'rel_win1=50.1%（本命度） / 最有力組み合わせ確率: 0.047（推定実オッズ?28倍） / 2着集中度: 上位2艇 64.4%（補正+0.00） / 総合判定確率: 0.047 / → ヒモ分散。1号艇1着固定で広めのヒモ流し推奨（買い目+2点）', 'tenji_trigger': '展示確認: ヒモ分散レース。1号艇伸び確認後、広めのヒモ流しを採用。穴ヒモ（5・6号艇）を積極的に含める。'}",,,29,両建て推奨,18.3,30.6,4,,,,,,,,,,,
2026-04-19,丸亀,6,4,竹井貴史,A2,28.37,4,,12.6736,33.5,76,67.9,0.1471,2.9732,,,0,低,109,0,差0% ま0%,42,0,70.9,1.4485,0,0.0435,0.2174,0,0,0.0216,0.1315,0.0108,,,E,○,◎,0.3557,0.616,0.3625,0.4771,A,63,0,◎-○軸 3着3〜4艇流し（10〜15点）,0.5777,"{'is_target': True, 'verdict': '参加推奨', 'max_combo_prob': 0.0474, 'est_top_odds': 28.1, 'circle_concentration': 64.4, 'eligible_count': 8, 'bet_adj': 2, 'reason': 'rel_win1=50.1%（本命度） / 最有力組み合わせ確率: 0.047（推定実オッズ?28倍） / 2着集中度: 上位2艇 64.4%（補正+0.00） / 総合判定確率: 0.047 / → ヒモ分散。1号艇1着固定で広めのヒモ流し推奨（買い目+2点）', 'tenji_trigger': '展示確認: ヒモ分散レース。1号艇伸び確認後、広めのヒモ流しを採用。穴ヒモ（5・6号艇）を積極的に含める。'}",,,29,両建て推奨,18.3,30.6,4,,,,,,,,,,,
2026-04-19,丸亀,6,5,岡部　浩,B1,38.24,5,△,5.794,4.1,86,25,0.1923,4.1154,,,0,低,155,0,-,56,0,38.6,0.9005,,,,,,0.2311,0.2311,0.0667,,,B,,,0.1852,0.5865,,0.4771,A,63,0,◎-○軸 3着3〜4艇流し（10〜15点）,0.5777,"{'is_target': True, 'verdict': '参加推奨', 'max_combo_prob': 0.0474, 'est_top_odds': 28.1, 'circle_concentration': 64.4, 'eligible_count': 8, 'bet_adj': 2, 'reason': 'rel_win1=50.1%（本命度） / 最有力組み合わせ確率: 0.047（推定実オッズ?28倍） / 2着集中度: 上位2艇 64.4%（補正+0.00） / 総合判定確率: 0.047 / → ヒモ分散。1号艇1着固定で広めのヒモ流し推奨（買い目+2点）', 'tenji_trigger': '展示確認: ヒモ分散レース。1号艇伸び確認後、広めのヒモ流しを採用。穴ヒモ（5・6号艇）を積極的に含める。'}",,,29,両建て推奨,18.3,30.6,4,,,,,,,,,,,
2026-04-19,丸亀,6,6,柳沢　一,A1,35.25,6,▲,4.869,9.4,84,61.5,0.1349,2.8205,,,0,低,43,0,差0%,31,0,28.3,2.355,0,0.05,0,0,0,0.0432,0.1074,0.1074,,,C,◎,,0.342,0.698,,0.4771,A,63,0,◎-○軸 3着3〜4艇流し（10〜15点）,0.5777,"{'is_target': True, 'verdict': '参加推奨', 'max_combo_prob': 0.0474, 'est_top_odds': 28.1, 'circle_concentration': 64.4, 'eligible_count': 8, 'bet_adj': 2, 'reason': 'rel_win1=50.1%（本命度） / 最有力組み合わせ確率: 0.047（推定実オッズ?28倍） / 2着集中度: 上位2艇 64.4%（補正+0.00） / 総合判定確率: 0.047 / → ヒモ分散。1号艇1着固定で広めのヒモ流し推奨（買い目+2点）', 'tenji_trigger': '展示確認: ヒモ分散レース。1号艇伸び確認後、広めのヒモ流しを採用。穴ヒモ（5・6号艇）を積極的に含める。'}",,,29,両建て推奨,18.3,30.6,4,,,,,,,,,,,
2026-04-19,丸亀,7,1,春園功太,A2,25.87,1,◎,60.3918,,0,93,0.1376,2.3605,,,0,低,78,0,-,25,0,67.1,1.0107,0.7805,,,,,0.0098,0.1185,0.0195,◎,,D,△,,,0.643,,0.6392,S,95,0,◎1着固定 2-3着流し（5〜8点）,0.5777,"{'is_target': True, 'verdict': '点数絞り', 'max_combo_prob': 0.0885, 'est_top_odds': 15.1, 'circle_concentration': 72.9, 'eligible_count': 6, 'bet_adj': 0, 'reason': 'rel_win1=60.4%（本命度） / 最有力組み合わせ確率: 0.089（推定実オッズ?15倍） / 2着集中度: 上位2艇 72.9%（補正+0.04） / 総合判定確率: 0.129 / → ヒモはやや固め。上位2艇以外を切ること', 'tenji_trigger': '展示確認: 1号艇伸び良→そのまま採用。悪→飛び組に差し替え。circle_pct上位2艇に絞り込むこと。\n展示で1号艇スタート超安定(0.138秒)→ヒモ固まり方向に注意'}",,,25.8,逃げ狙い,14.71,24.5,5,,,,,0,0,0.7559,0,,逃げ軸流し,A
2026-04-19,丸亀,7,2,福山恵里,B1,46.72,2,○,7.9368,40.3,49,28.6,0.1724,3.9762,,,0,低,42,0,-,6,0,17.3,0.5379,,,,,,0.19,0.46,0,,,A,,,0.0775,0.498,,0.6392,S,95,0,◎1着固定 2-3着流し（5〜8点）,0.5777,"{'is_target': True, 'verdict': '点数絞り', 'max_combo_prob': 0.0885, 'est_top_odds': 15.1, 'circle_concentration': 72.9, 'eligible_count': 6, 'bet_adj': 0, 'reason': 'rel_win1=60.4%（本命度） / 最有力組み合わせ確率: 0.089（推定実オッズ?15倍） / 2着集中度: 上位2艇 72.9%（補正+0.04） / 総合判定確率: 0.129 / → ヒモはやや固め。上位2艇以外を切ること', 'tenji_trigger': '展示確認: 1号艇伸び良→そのまま採用。悪→飛び組に差し替え。circle_pct上位2艇に絞り込むこと。\n展示で1号艇スタート超安定(0.138秒)→ヒモ固まり方向に注意'}",,,25.8,逃げ狙い,14.71,24.5,5,,,,,,,,,,,
2026-04-19,丸亀,7,3,水摩　敦,A2,22.86,3,,9.9334,32.6,85,60.9,0.1752,3.6719,,,0,低,158,0,ま0% 差ま0%,23,0,45.4,1.1133,0,0,0.0357,0.0357,0,0.07,0.11,0.15,,,E,△,,0.1079,0.6135,,0.6392,S,95,0,◎1着固定 2-3着流し（5〜8点）,0.5777,"{'is_target': True, 'verdict': '点数絞り', 'max_combo_prob': 0.0885, 'est_top_odds': 15.1, 'circle_concentration': 72.9, 'eligible_count': 6, 'bet_adj': 0, 'reason': 'rel_win1=60.4%（本命度） / 最有力組み合わせ確率: 0.089（推定実オッズ?15倍） / 2着集中度: 上位2艇 72.9%（補正+0.04） / 総合判定確率: 0.129 / → ヒモはやや固め。上位2艇以外を切ること', 'tenji_trigger': '展示確認: 1号艇伸び良→そのまま採用。悪→飛び組に差し替え。circle_pct上位2艇に絞り込むこと。\n展示で1号艇スタート超安定(0.138秒)→ヒモ固まり方向に注意'}",,,25.8,逃げ狙い,14.71,24.5,5,,,,,,,,,,,
2026-04-19,丸亀,7,4,松浦　勝,B1,39.71,4,△,6.4636,10.2,60,27.5,0.1602,3.5686,,,0,低,112,0,差0% ま0%,4,0,43.3,0.6747,0,0.0357,0.0357,0,0,0.3,0.26,0.04,,,B,,,0.1976,0.6085,,0.6392,S,95,0,◎1着固定 2-3着流し（5〜8点）,0.5777,"{'is_target': True, 'verdict': '点数絞り', 'max_combo_prob': 0.0885, 'est_top_odds': 15.1, 'circle_concentration': 72.9, 'eligible_count': 6, 'bet_adj': 0, 'reason': 'rel_win1=60.4%（本命度） / 最有力組み合わせ確率: 0.089（推定実オッズ?15倍） / 2着集中度: 上位2艇 72.9%（補正+0.04） / 総合判定確率: 0.129 / → ヒモはやや固め。上位2艇以外を切ること', 'tenji_trigger': '展示確認: 1号艇伸び良→そのまま採用。悪→飛び組に差し替え。circle_pct上位2艇に絞り込むこと。\n展示で1号艇スタート超安定(0.138秒)→ヒモ固まり方向に注意'}",,,25.8,逃げ狙い,14.71,24.5,5,,,,,,,,,,,
2026-04-19,丸亀,7,5,大池佑来,A1,34.35,5,▲,14.1645,16.4,100,63.6,0.1273,2.4545,,,0,低,30,0,ま0% 差ま0% 抜0%,22,0,100,2.0564,0,0,0.1875,0.0625,0.0625,0,0.05,0,,,C,◎,◎,0.365,0.693,0.4585,0.6392,S,95,0,◎1着固定 2-3着流し（5〜8点）,0.5777,"{'is_target': True, 'verdict': '点数絞り', 'max_combo_prob': 0.0885, 'est_top_odds': 15.1, 'circle_concentration': 72.9, 'eligible_count': 6, 'bet_adj': 0, 'reason': 'rel_win1=60.4%（本命度） / 最有力組み合わせ確率: 0.089（推定実オッズ?15倍） / 2着集中度: 上位2艇 72.9%（補正+0.04） / 総合判定確率: 0.129 / → ヒモはやや固め。上位2艇以外を切ること', 'tenji_trigger': '展示確認: 1号艇伸び良→そのまま採用。悪→飛び組に差し替え。circle_pct上位2艇に絞り込むこと。\n展示で1号艇スタート超安定(0.138秒)→ヒモ固まり方向に注意'}",,,25.8,逃げ狙い,14.71,24.5,5,,,,,,,,,,,
2026-04-19,丸亀,7,6,横田　茂,B1,39.13,6,,1.1098,0.5,30,20.8,0.1853,4.5377,,,0,低,109,0,-,14,0,30.4,0.9547,,,,,,0.45,0.2167,0.05,,,C,○,,0.1559,0.6545,,0.6392,S,95,0,◎1着固定 2-3着流し（5〜8点）,0.5777,"{'is_target': True, 'verdict': '点数絞り', 'max_combo_prob': 0.0885, 'est_top_odds': 15.1, 'circle_concentration': 72.9, 'eligible_count': 6, 'bet_adj': 0, 'reason': 'rel_win1=60.4%（本命度） / 最有力組み合わせ確率: 0.089（推定実オッズ?15倍） / 2着集中度: 上位2艇 72.9%（補正+0.04） / 総合判定確率: 0.129 / → ヒモはやや固め。上位2艇以外を切ること', 'tenji_trigger': '展示確認: 1号艇伸び良→そのまま採用。悪→飛び組に差し替え。circle_pct上位2艇に絞り込むこと。\n展示で1号艇スタート超安定(0.138秒)→ヒモ固まり方向に注意'}",,,25.8,逃げ狙い,14.71,24.5,5,,,,,,,,,,,
2026-04-19,丸亀,8,1,佐藤博亮,A1,40.74,1,◎,70.6289,,0,92.8,0.1505,2.5422,,,0,低,60,0,逃1%,25,0,92,1.2309,0.7222,,,,,0.0879,0.0111,0.0444,◎,,A,◎,,,0.6875,,0.6318,S,88,0,◎1着固定 2-3着流し（5〜8点）,0.5777,"{'is_target': True, 'verdict': '点数絞り', 'max_combo_prob': 0.1182, 'est_top_odds': 11.3, 'circle_concentration': 81.4, 'eligible_count': 6, 'bet_adj': 0, 'reason': 'rel_win1=70.6%（本命度） / 最有力組み合わせ確率: 0.118（推定実オッズ?11倍） / 2着集中度: 上位2艇 81.4%（補正+0.04） / 総合判定確率: 0.158 / → ヒモはやや固め。上位2艇以外を切ること', 'tenji_trigger': '展示確認: 1号艇伸び良→そのまま採用。悪→飛び組に差し替え。circle_pct上位2艇に絞り込むこと。'}",,,26.7,逃げ狙い,16.01,26.1,2,,,,,0,0,0.7559,0,,逃げ軸流し,A
2026-04-19,丸亀,8,2,荒井翔伍,A2,31.43,2,△,11.2082,54.8,100,72.5,0.1524,3.4706,,,0,低,81,0,-,25,0,58.9,1.1221,0,0.125,0,0,0,0.0148,0.1046,0.3287,,,D,○,,0.3094,0.6315,,0.6318,S,88,0,◎1着固定 2-3着流し（5〜8点）,0.5777,"{'is_target': True, 'verdict': '点数絞り', 'max_combo_prob': 0.1182, 'est_top_odds': 11.3, 'circle_concentration': 81.4, 'eligible_count': 6, 'bet_adj': 0, 'reason': 'rel_win1=70.6%（本命度） / 最有力組み合わせ確率: 0.118（推定実オッズ?11倍） / 2着集中度: 上位2艇 81.4%（補正+0.04） / 総合判定確率: 0.158 / → ヒモはやや固め。上位2艇以外を切ること', 'tenji_trigger': '展示確認: 1号艇伸び良→そのまま採用。悪→飛び組に差し替え。circle_pct上位2艇に絞り込むこと。'}",,,26.7,逃げ狙い,16.01,26.1,2,,,,,,,,,,,
2026-04-19,丸亀,8,3,妻鳥晋也,B1,26.39,3,,5.8683,26.6,86,50,0.2058,4.5938,,,0,低,151,0,-,13,0,32.6,0.9119,0,0,0.1176,0,0,0.25,0.21,0.23,,,E,△,,0.1266,0.601,,0.6318,S,88,0,◎1着固定 2-3着流し（5〜8点）,0.5777,"{'is_target': True, 'verdict': '点数絞り', 'max_combo_prob': 0.1182, 'est_top_odds': 11.3, 'circle_concentration': 81.4, 'eligible_count': 6, 'bet_adj': 0, 'reason': 'rel_win1=70.6%（本命度） / 最有力組み合わせ確率: 0.118（推定実オッズ?11倍） / 2着集中度: 上位2艇 81.4%（補正+0.04） / 総合判定確率: 0.158 / → ヒモはやや固め。上位2艇以外を切ること', 'tenji_trigger': '展示確認: 1号艇伸び良→そのまま採用。悪→飛び組に差し替え。circle_pct上位2艇に絞り込むこと。'}",,,26.7,逃げ狙い,16.01,26.1,2,,,,,,,,,,,
2026-04-19,丸亀,8,4,中尾優香,A2,33.58,4,○,7.3226,11,88,36,0.1504,3.02,,,0,低,53,0,ま0% 差ま0%,11,0,43,0.8191,0,0,0.1667,0.0833,0,0,0.3333,0,,,C,,,0.3242,0.5435,,0.6318,S,88,0,◎1着固定 2-3着流し（5〜8点）,0.5777,"{'is_target': True, 'verdict': '点数絞り', 'max_combo_prob': 0.1182, 'est_top_odds': 11.3, 'circle_concentration': 81.4, 'eligible_count': 6, 'bet_adj': 0, 'reason': 'rel_win1=70.6%（本命度） / 最有力組み合わせ確率: 0.118（推定実オッズ?11倍） / 2着集中度: 上位2艇 81.4%（補正+0.04） / 総合判定確率: 0.158 / → ヒモはやや固め。上位2艇以外を切ること', 'tenji_trigger': '展示確認: 1号艇伸び良→そのまま採用。悪→飛び組に差し替え。circle_pct上位2艇に絞り込むこと。'}",,,26.7,逃げ狙い,16.01,26.1,2,,,,,,,,,,,
2026-04-19,丸亀,8,5,佐藤謙史,B2,37.78,5,▲,4.0407,5.6,91,34.7,0.1606,3.3163,,,0,低,105,0,抜0%,3,0,54.3,0.9988,0,0,0,0,0.0556,0.2423,0.3038,0.2115,,,B,△,,0.2763,0.619,,0.6318,S,88,0,◎1着固定 2-3着流し（5〜8点）,0.5777,"{'is_target': True, 'verdict': '点数絞り', 'max_combo_prob': 0.1182, 'est_top_odds': 11.3, 'circle_concentration': 81.4, 'eligible_count': 6, 'bet_adj': 0, 'reason': 'rel_win1=70.6%（本命度） / 最有力組み合わせ確率: 0.118（推定実オッズ?11倍） / 2着集中度: 上位2艇 81.4%（補正+0.04） / 総合判定確率: 0.158 / → ヒモはやや固め。上位2艇以外を切ること', 'tenji_trigger': '展示確認: 1号艇伸び良→そのまま採用。悪→飛び組に差し替え。circle_pct上位2艇に絞り込むこと。'}",,,26.7,逃げ狙い,16.01,26.1,2,,,,,,,,,,,
2026-04-19,丸亀,8,6,小澤　学,B1,33.33,6,,0.9312,2,33,16,0.2688,5.55,,,0,低,319,0,-,5,0,24.5,0.8467,,,,,,0.4667,0.4222,0.0222,,,C,,,0.135,0.59,,0.6318,S,88,0,◎1着固定 2-3着流し（5〜8点）,0.5777,"{'is_target': True, 'verdict': '点数絞り', 'max_combo_prob': 0.1182, 'est_top_odds': 11.3, 'circle_concentration': 81.4, 'eligible_count': 6, 'bet_adj': 0, 'reason': 'rel_win1=70.6%（本命度） / 最有力組み合わせ確率: 0.118（推定実オッズ?11倍） / 2着集中度: 上位2艇 81.4%（補正+0.04） / 総合判定確率: 0.158 / → ヒモはやや固め。上位2艇以外を切ること', 'tenji_trigger': '展示確認: 1号艇伸び良→そのまま採用。悪→飛び組に差し替え。circle_pct上位2艇に絞り込むこと。'}",,,26.7,逃げ狙い,16.01,26.1,2,,,,,,,,,,,
2026-04-19,丸亀,9,1,伏田裕隆,A2,21.32,1,◎,54.124,,0,75.9,0.1687,3.3889,,,0,低,155,0,逃0%,4,0,72.3,0.9926,0.3636,,,,,0.1477,0.1295,0.2409,△,,E,△,,,0.57,,0.318,B,59,0,◎○△フォーメーション（15〜20点）,0.5777,"{'is_target': True, 'verdict': '点数絞り', 'max_combo_prob': 0.1132, 'est_top_odds': 11.8, 'circle_concentration': 80.2, 'eligible_count': 9, 'bet_adj': 0, 'reason': 'rel_win1=54.1%（本命度） / 最有力組み合わせ確率: 0.113（推定実オッズ?12倍） / 2着集中度: 上位2艇 80.2%（補正+0.04） / 総合判定確率: 0.153 / → ヒモはやや固め。上位2艇以外を切ること', 'tenji_trigger': '展示確認: 1号艇伸び良→そのまま採用。悪→飛び組に差し替え。circle_pct上位2艇に絞り込むこと。'}",,,28.2,両建て推奨,11.86,33.8,2,2-1-3|2-1-5|1-2-5|1-2-3|1-3-5|1-3-2|1-5-2,6-1-3|2-1-3|6-1-5|4-5-6|6-3-1|2-1-5|6-5-1|1-2-5|1-2-3|1-3-5|1-3-2|1-5-2,2-1-3:2.74%|2-1-5:1.99%|1-2-5:9.13%|1-2-3:8.1%|1-3-5:4.31%|1-3-2:4.27%|1-5-2:2.64%,2-1-3:B_main|2-1-5:B_main|1-2-5:A|1-2-3:A|1-3-5:A|1-3-2:A|1-5-2:A,7,12,0.4535,1,[!]見送り推奨（主役決まり手「差し」― 逃げ劣勢レースで的中実績なし）,荒れ広め,D
2026-04-19,丸亀,9,2,福田宗平,A1,33.07,2,○,21.1954,61.7,70,71.4,0.1503,3.2143,,,0,低,93,0,-,14,0,45.4,0.9122,0,0.1333,0.1,0,0,0.0216,0.0216,0.2432,,◎,C,◎,,0.536,0.6735,,0.318,B,59,0,◎○△フォーメーション（15〜20点）,0.5777,"{'is_target': True, 'verdict': '点数絞り', 'max_combo_prob': 0.1132, 'est_top_odds': 11.8, 'circle_concentration': 80.2, 'eligible_count': 9, 'bet_adj': 0, 'reason': 'rel_win1=54.1%（本命度） / 最有力組み合わせ確率: 0.113（推定実オッズ?12倍） / 2着集中度: 上位2艇 80.2%（補正+0.04） / 総合判定確率: 0.153 / → ヒモはやや固め。上位2艇以外を切ること', 'tenji_trigger': '展示確認: 1号艇伸び良→そのまま採用。悪→飛び組に差し替え。circle_pct上位2艇に絞り込むこと。'}",,,28.2,両建て推奨,11.86,33.8,2,,,,,,,,,,,
2026-04-19,丸亀,9,3,福嶋智之,B1,43.07,3,▲,10.9114,18.5,77,43.8,0.1556,3.2083,,,0,低,102,0,差ま0%,1,0,54.5,0.9023,0,0,0,0.0476,0,0.1583,0.325,0.1417,,○,A,△,,0.3694,0.5965,,0.318,B,59,0,◎○△フォーメーション（15〜20点）,0.5777,"{'is_target': True, 'verdict': '点数絞り', 'max_combo_prob': 0.1132, 'est_top_odds': 11.8, 'circle_concentration': 80.2, 'eligible_count': 9, 'bet_adj': 0, 'reason': 'rel_win1=54.1%（本命度） / 最有力組み合わせ確率: 0.113（推定実オッズ?12倍） / 2着集中度: 上位2艇 80.2%（補正+0.04） / 総合判定確率: 0.153 / → ヒモはやや固め。上位2艇以外を切ること', 'tenji_trigger': '展示確認: 1号艇伸び良→そのまま採用。悪→飛び組に差し替え。circle_pct上位2艇に絞り込むこと。'}",,,28.2,両建て推奨,11.86,33.8,2,,,,,,,,,,,
2026-04-19,丸亀,9,4,武藤綾子,B1,23.24,4,,5.6619,7.8,60,21.4,0.1932,3.9643,,,0,低,118,0,ま0%,5,0,17.9,0.557,0,0,0.0714,0,0,0.1455,0.2364,0,,,D,,,0.2203,0.5505,,0.318,B,59,0,◎○△フォーメーション（15〜20点）,0.5777,"{'is_target': True, 'verdict': '点数絞り', 'max_combo_prob': 0.1132, 'est_top_odds': 11.8, 'circle_concentration': 80.2, 'eligible_count': 9, 'bet_adj': 0, 'reason': 'rel_win1=54.1%（本命度） / 最有力組み合わせ確率: 0.113（推定実オッズ?12倍） / 2着集中度: 上位2艇 80.2%（補正+0.04） / 総合判定確率: 0.153 / → ヒモはやや固め。上位2艇以外を切ること', 'tenji_trigger': '展示確認: 1号艇伸び良→そのまま採用。悪→飛び組に差し替え。circle_pct上位2艇に絞り込むこと。'}",,,28.2,両建て推奨,11.86,33.8,2,,,,,,,,,,,
2026-04-19,丸亀,9,5,大野芳顕,A2,41.18,5,△,5.8534,9.9,100,50.7,0.1754,3.5423,,,0,低,139,0,-,32,0,87.8,1.5274,0,0,0,0.0667,0,0.09,0.11,0.14,,,B,○,,0.2869,0.6345,,0.318,B,59,0,◎○△フォーメーション（15〜20点）,0.5777,"{'is_target': True, 'verdict': '点数絞り', 'max_combo_prob': 0.1132, 'est_top_odds': 11.8, 'circle_concentration': 80.2, 'eligible_count': 9, 'bet_adj': 0, 'reason': 'rel_win1=54.1%（本命度） / 最有力組み合わせ確率: 0.113（推定実オッズ?12倍） / 2着集中度: 上位2艇 80.2%（補正+0.04） / 総合判定確率: 0.153 / → ヒモはやや固め。上位2艇以外を切ること', 'tenji_trigger': '展示確認: 1号艇伸び良→そのまま採用。悪→飛び組に差し替え。circle_pct上位2艇に絞り込むこと。'}",,,28.2,両建て推奨,11.86,33.8,2,,,,,,,,,,,
2026-04-19,丸亀,9,6,石井裕美,B1,25.55,6,,2.2539,2.1,58,26.7,0.1887,3.9333,,,0,低,53,0,-,56,0,40.5,1.0694,,,,,,0.2222,0.6667,0.1111,,,D,,,0.2687,0.564,,0.318,B,59,0,◎○△フォーメーション（15〜20点）,0.5777,"{'is_target': True, 'verdict': '点数絞り', 'max_combo_prob': 0.1132, 'est_top_odds': 11.8, 'circle_concentration': 80.2, 'eligible_count': 9, 'bet_adj': 0, 'reason': 'rel_win1=54.1%（本命度） / 最有力組み合わせ確率: 0.113（推定実オッズ?12倍） / 2着集中度: 上位2艇 80.2%（補正+0.04） / 総合判定確率: 0.153 / → ヒモはやや固め。上位2艇以外を切ること', 'tenji_trigger': '展示確認: 1号艇伸び良→そのまま採用。悪→飛び組に差し替え。circle_pct上位2艇に絞り込むこと。'}",,,28.2,両建て推奨,11.86,33.8,2,,,,,,,,,,,
2026-04-19,丸亀,10,1,渋谷明憲,A2,42.86,1,◎,62.8352,,0,88.6,0.1408,2.6646,,,0,低,116,0,逃1%,11,0,79.7,1.1574,0.5676,,,,,0.0762,0.1194,0.174,◎,,A,◎,,,0.662,,0.6015,S,90,0,◎1着固定 2-3着流し（5〜8点）,0.5777,"{'is_target': True, 'verdict': '参加推奨', 'max_combo_prob': 0.0753, 'est_top_odds': 17.7, 'circle_concentration': 58.2, 'eligible_count': 6, 'bet_adj': 2, 'reason': 'rel_win1=62.8%（本命度） / 最有力組み合わせ確率: 0.075（推定実オッズ?18倍） / 2着集中度: 上位2艇 58.2%（補正+0.00） / 総合判定確率: 0.075 / → ヒモ分散。1号艇1着固定で広めのヒモ流し推奨（買い目+2点）', 'tenji_trigger': '展示確認: ヒモ分散レース。1号艇伸び確認後、広めのヒモ流しを採用。穴ヒモ（5・6号艇）を積極的に含める。'}",,,27.6,逃げ狙い,16.08,28.5,2,,,,,0,0,0.7559,0,,逃げ軸流し,A
2026-04-19,丸亀,10,2,今井貴士,A1,35.34,2,○,14.816,38,99,74.5,0.1561,3.049,,,0,低,112,0,差0%,33,0,57.1,1.2083,0,0.0714,0,0,0,0.24,0,0.0267,,,C,○,,0.1736,0.654,,0.6015,S,90,0,◎1着固定 2-3着流し（5〜8点）,0.5777,"{'is_target': True, 'verdict': '参加推奨', 'max_combo_prob': 0.0753, 'est_top_odds': 17.7, 'circle_concentration': 58.2, 'eligible_count': 6, 'bet_adj': 2, 'reason': 'rel_win1=62.8%（本命度） / 最有力組み合わせ確率: 0.075（推定実オッズ?18倍） / 2着集中度: 上位2艇 58.2%（補正+0.00） / 総合判定確率: 0.075 / → ヒモ分散。1号艇1着固定で広めのヒモ流し推奨（買い目+2点）', 'tenji_trigger': '展示確認: ヒモ分散レース。1号艇伸び確認後、広めのヒモ流しを採用。穴ヒモ（5・6号艇）を積極的に含める。'}",,,27.6,逃げ狙い,16.08,28.5,2,,,,,,,,,,,
2026-04-19,丸亀,10,3,大石真央,B1,39.16,3,▲,7.9306,13.3,100,39.5,0.1902,3.8256,,,0,低,106,0,差ま0%,5,0,21.3,0.7777,0,0,0,0.0556,0,0.5,0.375,0,,,B,,,0.1285,0.5595,,0.6015,S,90,0,◎1着固定 2-3着流し（5〜8点）,0.5777,"{'is_target': True, 'verdict': '参加推奨', 'max_combo_prob': 0.0753, 'est_top_odds': 17.7, 'circle_concentration': 58.2, 'eligible_count': 6, 'bet_adj': 2, 'reason': 'rel_win1=62.8%（本命度） / 最有力組み合わせ確率: 0.075（推定実オッズ?18倍） / 2着集中度: 上位2艇 58.2%（補正+0.00） / 総合判定確率: 0.075 / → ヒモ分散。1号艇1着固定で広めのヒモ流し推奨（買い目+2点）', 'tenji_trigger': '展示確認: ヒモ分散レース。1号艇伸び確認後、広めのヒモ流しを採用。穴ヒモ（5・6号艇）を積極的に含める。'}",,,27.6,逃げ狙い,16.08,28.5,2,,,,,,,,,,,
2026-04-19,丸亀,10,4,川口貴久,B1,29.71,4,△,6.1967,20.2,74,50,0.1454,2.8426,,,0,低,65,0,差ま0%,4,0,53.5,0.9649,0,0,0,0.0625,0,0.1456,0.2676,0.0471,,,D,△,,0.2893,0.6065,,0.6015,S,90,0,◎1着固定 2-3着流し（5〜8点）,0.5777,"{'is_target': True, 'verdict': '参加推奨', 'max_combo_prob': 0.0753, 'est_top_odds': 17.7, 'circle_concentration': 58.2, 'eligible_count': 6, 'bet_adj': 2, 'reason': 'rel_win1=62.8%（本命度） / 最有力組み合わせ確率: 0.075（推定実オッズ?18倍） / 2着集中度: 上位2艇 58.2%（補正+0.00） / 総合判定確率: 0.075 / → ヒモ分散。1号艇1着固定で広めのヒモ流し推奨（買い目+2点）', 'tenji_trigger': '展示確認: ヒモ分散レース。1号艇伸び確認後、広めのヒモ流しを採用。穴ヒモ（5・6号艇）を積極的に含める。'}",,,27.6,逃げ狙い,16.08,28.5,2,,,,,,,,,,,
2026-04-19,丸亀,10,5,田村　慶,B1,25.71,5,,5.258,15.9,62,37.5,0.1643,3.7625,,,0,低,93,0,ま0%,6,0,44,1.1133,0,0,0.0769,0,0,0,0,0,,,E,,,0.2415,0.5845,,0.6015,S,90,0,◎1着固定 2-3着流し（5〜8点）,0.5777,"{'is_target': True, 'verdict': '参加推奨', 'max_combo_prob': 0.0753, 'est_top_odds': 17.7, 'circle_concentration': 58.2, 'eligible_count': 6, 'bet_adj': 2, 'reason': 'rel_win1=62.8%（本命度） / 最有力組み合わせ確率: 0.075（推定実オッズ?18倍） / 2着集中度: 上位2艇 58.2%（補正+0.00） / 総合判定確率: 0.075 / → ヒモ分散。1号艇1着固定で広めのヒモ流し推奨（買い目+2点）', 'tenji_trigger': '展示確認: ヒモ分散レース。1号艇伸び確認後、広めのヒモ流しを採用。穴ヒモ（5・6号艇）を積極的に含める。'}",,,27.6,逃げ狙い,16.08,28.5,2,,,,,,,,,,,
2026-04-19,丸亀,10,6,竹井貴史,A2,28.37,6,,2.9635,12.6,81,53.7,0.1348,2.7222,,,0,低,109,0,ま0%,42,0,97.5,2.0419,0,0,0.04,0,0,0.0216,0.1315,0.0108,,,D,△,,0.3216,0.616,,0.6015,S,90,0,◎1着固定 2-3着流し（5〜8点）,0.5777,"{'is_target': True, 'verdict': '参加推奨', 'max_combo_prob': 0.0753, 'est_top_odds': 17.7, 'circle_concentration': 58.2, 'eligible_count': 6, 'bet_adj': 2, 'reason': 'rel_win1=62.8%（本命度） / 最有力組み合わせ確率: 0.075（推定実オッズ?18倍） / 2着集中度: 上位2艇 58.2%（補正+0.00） / 総合判定確率: 0.075 / → ヒモ分散。1号艇1着固定で広めのヒモ流し推奨（買い目+2点）', 'tenji_trigger': '展示確認: ヒモ分散レース。1号艇伸び確認後、広めのヒモ流しを採用。穴ヒモ（5・6号艇）を積極的に含める。'}",,,27.6,逃げ狙い,16.08,28.5,2,,,,,,,,,,,
2026-04-19,丸亀,11,1,長尾章平,A1,23.19,1,◎,53.8419,,0,93.5,0.1406,2.8178,,,0,低,100,0,-,56,0,65.9,0.9937,0.7111,,,,,0.12,0.0844,0.1022,◎,,D,○,,,0.69,,0.5523,A,75,0,◎-○軸 3着3〜4艇流し（10〜15点）,0.5777,"{'is_target': True, 'verdict': '点数絞り', 'max_combo_prob': 0.0936, 'est_top_odds': 14.2, 'circle_concentration': 80.9, 'eligible_count': 8, 'bet_adj': 0, 'reason': 'rel_win1=53.8%（本命度） / 最有力組み合わせ確率: 0.094（推定実オッズ?14倍） / 2着集中度: 上位2艇 80.9%（補正+0.04） / 総合判定確率: 0.134 / → ヒモはやや固め。上位2艇以外を切ること', 'tenji_trigger': '展示確認: 1号艇伸び良→そのまま採用。悪→飛び組に差し替え。circle_pct上位2艇に絞り込むこと。'}",,,29.4,逃げ狙い,22.82,28.1,2,,,,,0,0,0.7559,0,,逃げ軸流し,A
2026-04-19,丸亀,11,2,柳沢　一,A1,35.25,2,○,22.6693,55,89,74.4,0.1353,2.8953,,,0,低,43,0,差1%,31,0,49.5,0.7645,0,0.1818,0.0909,0,0.0455,0.0432,0.1074,0.1074,,◎,B,◎,,0.4103,0.698,,0.5523,A,75,0,◎-○軸 3着3〜4艇流し（10〜15点）,0.5777,"{'is_target': True, 'verdict': '点数絞り', 'max_combo_prob': 0.0936, 'est_top_odds': 14.2, 'circle_concentration': 80.9, 'eligible_count': 8, 'bet_adj': 0, 'reason': 'rel_win1=53.8%（本命度） / 最有力組み合わせ確率: 0.094（推定実オッズ?14倍） / 2着集中度: 上位2艇 80.9%（補正+0.04） / 総合判定確率: 0.134 / → ヒモはやや固め。上位2艇以外を切ること', 'tenji_trigger': '展示確認: 1号艇伸び良→そのまま採用。悪→飛び組に差し替え。circle_pct上位2艇に絞り込むこと。'}",,,29.4,逃げ狙い,22.82,28.1,2,,,,,,,,,,,
2026-04-19,丸亀,11,3,森定晃史,A2,27.14,3,▲,11.0826,26,100,70.2,0.1531,3.0597,,,0,低,125,0,-,12,0,94.8,1.9521,0,0,0.1333,0.0333,0,0.1467,0.059,0.1771,,,C,△,,0.2553,0.647,,0.5523,A,75,0,◎-○軸 3着3〜4艇流し（10〜15点）,0.5777,"{'is_target': True, 'verdict': '点数絞り', 'max_combo_prob': 0.0936, 'est_top_odds': 14.2, 'circle_concentration': 80.9, 'eligible_count': 8, 'bet_adj': 0, 'reason': 'rel_win1=53.8%（本命度） / 最有力組み合わせ確率: 0.094（推定実オッズ?14倍） / 2着集中度: 上位2艇 80.9%（補正+0.04） / 総合判定確率: 0.134 / → ヒモはやや固め。上位2艇以外を切ること', 'tenji_trigger': '展示確認: 1号艇伸び良→そのまま採用。悪→飛び組に差し替え。circle_pct上位2艇に絞り込むこと。'}",,,29.4,逃げ狙い,22.82,28.1,2,,,,,,,,,,,
2026-04-19,丸亀,11,4,門間雄大,B1,23.70,4,,5.1571,9.6,73,32.6,0.1584,3.2245,,,0,低,97,0,-,5,0,24.6,0.6945,0,0,0.0909,0,0,0.0211,0.2632,0.0842,,,D,△,,0.2432,0.629,,0.5523,A,75,0,◎-○軸 3着3〜4艇流し（10〜15点）,0.5777,"{'is_target': True, 'verdict': '点数絞り', 'max_combo_prob': 0.0936, 'est_top_odds': 14.2, 'circle_concentration': 80.9, 'eligible_count': 8, 'bet_adj': 0, 'reason': 'rel_win1=53.8%（本命度） / 最有力組み合わせ確率: 0.094（推定実オッズ?14倍） / 2着集中度: 上位2艇 80.9%（補正+0.04） / 総合判定確率: 0.134 / → ヒモはやや固め。上位2艇以外を切ること', 'tenji_trigger': '展示確認: 1号艇伸び良→そのまま採用。悪→飛び組に差し替え。circle_pct上位2艇に絞り込むこと。'}",,,29.4,逃げ狙い,22.82,28.1,2,,,,,,,,,,,
2026-04-19,丸亀,11,5,水摩　敦,A2,22.86,5,,6.2501,8.4,81,41.7,0.166,3.2833,,,0,低,158,0,差0% 抜0%,23,0,59.1,1.2171,0,0.0385,0,0,0.0385,0.07,0.11,0.15,,,E,,◎,0.2117,0.6135,0.2814,0.5523,A,75,0,◎-○軸 3着3〜4艇流し（10〜15点）,0.5777,"{'is_target': True, 'verdict': '点数絞り', 'max_combo_prob': 0.0936, 'est_top_odds': 14.2, 'circle_concentration': 80.9, 'eligible_count': 8, 'bet_adj': 0, 'reason': 'rel_win1=53.8%（本命度） / 最有力組み合わせ確率: 0.094（推定実オッズ?14倍） / 2着集中度: 上位2艇 80.9%（補正+0.04） / 総合判定確率: 0.134 / → ヒモはやや固め。上位2艇以外を切ること', 'tenji_trigger': '展示確認: 1号艇伸び良→そのまま採用。悪→飛び組に差し替え。circle_pct上位2艇に絞り込むこと。'}",,,29.4,逃げ狙い,22.82,28.1,2,,,,,,,,,,,
2026-04-19,丸亀,11,6,宮地秀祈,B1,47.89,6,△,0.999,1.1,62,20.4,0.1909,4.3182,,,0,低,145,0,-,5,0,26.7,1.1411,,,,,,0.2914,0.2714,0.06,,,A,,,0.1666,0.6005,,0.5523,A,75,0,◎-○軸 3着3〜4艇流し（10〜15点）,0.5777,"{'is_target': True, 'verdict': '点数絞り', 'max_combo_prob': 0.0936, 'est_top_odds': 14.2, 'circle_concentration': 80.9, 'eligible_count': 8, 'bet_adj': 0, 'reason': 'rel_win1=53.8%（本命度） / 最有力組み合わせ確率: 0.094（推定実オッズ?14倍） / 2着集中度: 上位2艇 80.9%（補正+0.04） / 総合判定確率: 0.134 / → ヒモはやや固め。上位2艇以外を切ること', 'tenji_trigger': '展示確認: 1号艇伸び良→そのまま採用。悪→飛び組に差し替え。circle_pct上位2艇に絞り込むこと。'}",,,29.4,逃げ狙い,22.82,28.1,2,,,,,,,,,,,
2026-04-19,丸亀,12,1,大池佑来,A1,34.35,1,◎,58.43,,0,100,0.1294,2.2429,,,0,低,30,0,逃1%,22,0,93.1,1.2579,0.95,,,,,0,0.05,0,◎,,C,◎,,,0.693,,0.7126,S,87,0,◎1着固定 2-3着流し（5〜8点）,0.5777,"{'is_target': True, 'verdict': '参加推奨', 'max_combo_prob': 0.0987, 'est_top_odds': 13.5, 'circle_concentration': 69.6, 'eligible_count': 6, 'bet_adj': 2, 'reason': 'rel_win1=58.4%（本命度） / 最有力組み合わせ確率: 0.099（推定実オッズ?14倍） / 2着集中度: 上位2艇 69.6%（補正+0.00） / 総合判定確率: 0.099 / → ヒモ分散。1号艇1着固定で広めのヒモ流し推奨（買い目+2点）', 'tenji_trigger': '展示確認: ヒモ分散レース。1号艇伸び確認後、広めのヒモ流しを採用。穴ヒモ（5・6号艇）を積極的に含める。\n展示で1号艇スタート超安定(0.129秒)→ヒモ固まり方向に注意'}",,,27.1,逃げ狙い,22.37,21.8,2,,,,,0,0,0.7559,0,,逃げ軸流し,A
2026-04-19,丸亀,12,2,佐藤博亮,A1,40.74,2,○,19.1226,45.9,74,87.3,0.1364,2.6909,,,0,低,60,0,差0% ま0% 抜0%,25,0,71.9,1.4364,0,0.2917,0.1667,0,0.0417,0.0879,0.0111,0.0444,,,B,○,,0.2954,0.6875,,0.7126,S,87,0,◎1着固定 2-3着流し（5〜8点）,0.5777,"{'is_target': True, 'verdict': '参加推奨', 'max_combo_prob': 0.0987, 'est_top_odds': 13.5, 'circle_concentration': 69.6, 'eligible_count': 6, 'bet_adj': 2, 'reason': 'rel_win1=58.4%（本命度） / 最有力組み合わせ確率: 0.099（推定実オッズ?14倍） / 2着集中度: 上位2艇 69.6%（補正+0.00） / 総合判定確率: 0.099 / → ヒモ分散。1号艇1着固定で広めのヒモ流し推奨（買い目+2点）', 'tenji_trigger': '展示確認: ヒモ分散レース。1号艇伸び確認後、広めのヒモ流しを採用。穴ヒモ（5・6号艇）を積極的に含める。\n展示で1号艇スタート超安定(0.129秒)→ヒモ固まり方向に注意'}",,,27.1,逃げ狙い,22.37,21.8,2,,,,,,,,,,,
2026-04-19,丸亀,12,3,水谷理人,A2,44.12,3,▲,11.5864,23.6,62,61.8,0.1635,3,,,0,低,64,0,-,11,0,58.7,1.1038,0,0.05,0.1,0.1,0,0.0533,0.28,0.0267,,,A,,,0.1292,0.569,,0.7126,S,87,0,◎1着固定 2-3着流し（5〜8点）,0.5777,"{'is_target': True, 'verdict': '参加推奨', 'max_combo_prob': 0.0987, 'est_top_odds': 13.5, 'circle_concentration': 69.6, 'eligible_count': 6, 'bet_adj': 2, 'reason': 'rel_win1=58.4%（本命度） / 最有力組み合わせ確率: 0.099（推定実オッズ?14倍） / 2着集中度: 上位2艇 69.6%（補正+0.00） / 総合判定確率: 0.099 / → ヒモ分散。1号艇1着固定で広めのヒモ流し推奨（買い目+2点）', 'tenji_trigger': '展示確認: ヒモ分散レース。1号艇伸び確認後、広めのヒモ流しを採用。穴ヒモ（5・6号艇）を積極的に含める。\n展示で1号艇スタート超安定(0.129秒)→ヒモ固まり方向に注意'}",,,27.1,逃げ狙い,22.37,21.8,2,,,,,,,,,,,
2026-04-19,丸亀,12,4,茶谷信次,A2,33.09,4,,5.0168,16.7,100,65.3,0.1545,3.1939,,,0,低,109,0,-,33,0,28.3,0.8277,0,0,0.0357,0.0714,0,0.1625,0.1625,0.05,,,D,,,0.1934,0.602,,0.7126,S,87,0,◎1着固定 2-3着流し（5〜8点）,0.5777,"{'is_target': True, 'verdict': '参加推奨', 'max_combo_prob': 0.0987, 'est_top_odds': 13.5, 'circle_concentration': 69.6, 'eligible_count': 6, 'bet_adj': 2, 'reason': 'rel_win1=58.4%（本命度） / 最有力組み合わせ確率: 0.099（推定実オッズ?14倍） / 2着集中度: 上位2艇 69.6%（補正+0.00） / 総合判定確率: 0.099 / → ヒモ分散。1号艇1着固定で広めのヒモ流し推奨（買い目+2点）', 'tenji_trigger': '展示確認: ヒモ分散レース。1号艇伸び確認後、広めのヒモ流しを採用。穴ヒモ（5・6号艇）を積極的に含める。\n展示で1号艇スタート超安定(0.129秒)→ヒモ固まり方向に注意'}",,,27.1,逃げ狙い,22.37,21.8,2,,,,,,,,,,,
2026-04-19,丸亀,12,5,高岡竜也,A2,36.36,5,△,4.36,10.8,66,45,0.182,3.6167,,,0,低,136,0,差ま0% 抜0%,2,0,40,1.2364,0,0,0,0.0345,0.0345,0,0.075,0.1125,,,C,△,,0.1137,0.642,,0.7126,S,87,0,◎1着固定 2-3着流し（5〜8点）,0.5777,"{'is_target': True, 'verdict': '参加推奨', 'max_combo_prob': 0.0987, 'est_top_odds': 13.5, 'circle_concentration': 69.6, 'eligible_count': 6, 'bet_adj': 2, 'reason': 'rel_win1=58.4%（本命度） / 最有力組み合わせ確率: 0.099（推定実オッズ?14倍） / 2着集中度: 上位2艇 69.6%（補正+0.00） / 総合判定確率: 0.099 / → ヒモ分散。1号艇1着固定で広めのヒモ流し推奨（買い目+2点）', 'tenji_trigger': '展示確認: ヒモ分散レース。1号艇伸び確認後、広めのヒモ流しを採用。穴ヒモ（5・6号艇）を積極的に含める。\n展示で1号艇スタート超安定(0.129秒)→ヒモ固まり方向に注意'}",,,27.1,逃げ狙い,22.37,21.8,2,,,,,,,,,,,
2026-04-19,丸亀,12,6,高濱芳久,B1,27.86,6,,1.4841,2.9,44,42.9,0.1843,2.8571,,,0,低,114,1,-,32,0,80.4,1.6669,,,,,,0.0485,0.1485,0.1485,,,E,△,,0.1392,0.6335,,0.7126,S,87,0,◎1着固定 2-3着流し（5〜8点）,0.5777,"{'is_target': True, 'verdict': '参加推奨', 'max_combo_prob': 0.0987, 'est_top_odds': 13.5, 'circle_concentration': 69.6, 'eligible_count': 6, 'bet_adj': 2, 'reason': 'rel_win1=58.4%（本命度） / 最有力組み合わせ確率: 0.099（推定実オッズ?14倍） / 2着集中度: 上位2艇 69.6%（補正+0.00） / 総合判定確率: 0.099 / → ヒモ分散。1号艇1着固定で広めのヒモ流し推奨（買い目+2点）', 'tenji_trigger': '展示確認: ヒモ分散レース。1号艇伸び確認後、広めのヒモ流しを採用。穴ヒモ（5・6号艇）を積極的に含める。\n展示で1号艇スタート超安定(0.129秒)→ヒモ固まり方向に注意'}",,,27.1,逃げ狙い,22.37,21.8,2,,,,,,,,,,,
2026-04-20,丸亀,1,1,倉田郁美,B1,20.67,1,◎,53.9569,,0,36.8,0.2137,4.2632,,,0,低,77,0,-,466,0,24.6,0.5885,,,,,,0.625,0.25,0,,,E,△,,,0.5695,,0.0738,D,30,1,大荒れ。見送り推奨,0.5777,"{'is_target': True, 'verdict': '参加推奨', 'max_combo_prob': 0.075, 'est_top_odds': 17.8, 'circle_concentration': 66.4, 'eligible_count': 6, 'bet_adj': 2, 'reason': 'rel_win1=54.0%（本命度） / 最有力組み合わせ確率: 0.075（推定実オッズ?18倍） / 2着集中度: 上位2艇 66.4%（補正+0.00） / 総合判定確率: 0.075 / → ヒモ分散。1号艇1着固定で広めのヒモ流し推奨（買い目+2点）', 'tenji_trigger': '展示確認: ヒモ分散レース。1号艇伸び確認後、広めのヒモ流しを採用。穴ヒモ（5・6号艇）を積極的に含める。\n展示で1号艇スタート遅め(0.214秒)確認→ヒモが荒れやすい'}",,,39.3,両建て推奨,13.72,49.9,3,2-1-4|2-1-3|2-1-6|2-6-1|2-3-1|2-6-4|2-3-4|1-2-6|1-2-4|1-2-5,2-1-4|2-1-3|2-1-6|2-6-1|2-3-1|2-6-4|2-3-4|6-1-4|1-2-6|1-2-4|1-2-5|3-4-6,2-1-4:2.37%|2-1-3:1.72%|2-1-6:1.7%|2-6-1:0.63%|2-3-1:0.54%|2-6-4:0.38%|2-3-4:0.33%|1-2-6:5.07%|1-2-4:4.62%|1-2-5:4.55%,2-1-4:B_main|2-1-3:B_main|2-1-6:B_main|2-6-1:B_main|2-3-1:B_main|2-6-4:B_main|2-3-4:B_main|1-2-6:A|1-2-4:A|1-2-5:A,10,12,0.2915,1,[!]見送り推奨（主役決まり手「差し」― 逃げ劣勢レースで的中実績なし）,主役軸流し,B
2026-04-20,丸亀,1,2,大石真央,B1,39.16,2,,11.4057,47.1,97,46,0.1927,4.2297,,,0,低,106,0,差0% ま0%,5 43,0,25,0.7745,0,0.0769,0.0769,0,0,0.5,0.375,0,,◎,C,,,0.5277,0.5595,,0.0738,D,30,1,大荒れ。見送り推奨,0.5777,"{'is_target': True, 'verdict': '参加推奨', 'max_combo_prob': 0.075, 'est_top_odds': 17.8, 'circle_concentration': 66.4, 'eligible_count': 6, 'bet_adj': 2, 'reason': 'rel_win1=54.0%（本命度） / 最有力組み合わせ確率: 0.075（推定実オッズ?18倍） / 2着集中度: 上位2艇 66.4%（補正+0.00） / 総合判定確率: 0.075 / → ヒモ分散。1号艇1着固定で広めのヒモ流し推奨（買い目+2点）', 'tenji_trigger': '展示確認: ヒモ分散レース。1号艇伸び確認後、広めのヒモ流しを採用。穴ヒモ（5・6号艇）を積極的に含める。\n展示で1号艇スタート遅め(0.214秒)確認→ヒモが荒れやすい'}",,,39.3,両建て推奨,13.72,49.9,3,,,,,,,,,,,
2026-04-20,丸亀,1,3,福山恵里,B1,46.72,3,▲,9.5291,15.8,93,22.7,0.1709,3.6136,,,0,低,42,0,-,6 2,0,19.8,0.6285,,,,,,0.19,0.46,0,,△,B,,,0.4866,0.498,,0.0738,D,30,1,大荒れ。見送り推奨,0.5777,"{'is_target': True, 'verdict': '参加推奨', 'max_combo_prob': 0.075, 'est_top_odds': 17.8, 'circle_concentration': 66.4, 'eligible_count': 6, 'bet_adj': 2, 'reason': 'rel_win1=54.0%（本命度） / 最有力組み合わせ確率: 0.075（推定実オッズ?18倍） / 2着集中度: 上位2艇 66.4%（補正+0.00） / 総合判定確率: 0.075 / → ヒモ分散。1号艇1着固定で広めのヒモ流し推奨（買い目+2点）', 'tenji_trigger': '展示確認: ヒモ分散レース。1号艇伸び確認後、広めのヒモ流しを採用。穴ヒモ（5・6号艇）を積極的に含める。\n展示で1号艇スタート遅め(0.214秒)確認→ヒモが荒れやすい'}",,,39.3,両建て推奨,13.72,49.9,3,,,,,,,,,,,
2026-04-20,丸亀,1,4,星野太郎,B1,49.25,4,○,11.7377,19.3,100,46.4,0.1879,3.8571,,,0,低,157,0,ま0% 差ま0%,245,0,48,1.1077,0,0,0.0476,0.0476,0,0.0333,0.0667,0.25,,,A,○,,0.3884,0.63,,0.0738,D,30,1,大荒れ。見送り推奨,0.5777,"{'is_target': True, 'verdict': '参加推奨', 'max_combo_prob': 0.075, 'est_top_odds': 17.8, 'circle_concentration': 66.4, 'eligible_count': 6, 'bet_adj': 2, 'reason': 'rel_win1=54.0%（本命度） / 最有力組み合わせ確率: 0.075（推定実オッズ?18倍） / 2着集中度: 上位2艇 66.4%（補正+0.00） / 総合判定確率: 0.075 / → ヒモ分散。1号艇1着固定で広めのヒモ流し推奨（買い目+2点）', 'tenji_trigger': '展示確認: ヒモ分散レース。1号艇伸び確認後、広めのヒモ流しを採用。穴ヒモ（5・6号艇）を積極的に含める。\n展示で1号艇スタート遅め(0.214秒)確認→ヒモが荒れやすい'}",,,39.3,両建て推奨,13.72,49.9,3,,,,,,,,,,,
2026-04-20,丸亀,1,5,桑原　啓,B1,41.26,5,△,6.3482,8.3,71,21.9,0.1581,3.8203,,,0,低,104,0,抜0%,664,0,33.2,0.7379,0,0,0,0,0.04,0.3,0.22,0.18,,○,C,◎,,0.4877,0.6545,,0.0738,D,30,1,大荒れ。見送り推奨,0.5777,"{'is_target': True, 'verdict': '参加推奨', 'max_combo_prob': 0.075, 'est_top_odds': 17.8, 'circle_concentration': 66.4, 'eligible_count': 6, 'bet_adj': 2, 'reason': 'rel_win1=54.0%（本命度） / 最有力組み合わせ確率: 0.075（推定実オッズ?18倍） / 2着集中度: 上位2艇 66.4%（補正+0.00） / 総合判定確率: 0.075 / → ヒモ分散。1号艇1着固定で広めのヒモ流し推奨（買い目+2点）', 'tenji_trigger': '展示確認: ヒモ分散レース。1号艇伸び確認後、広めのヒモ流しを採用。穴ヒモ（5・6号艇）を積極的に含める。\n展示で1号艇スタート遅め(0.214秒)確認→ヒモが荒れやすい'}",,,39.3,両建て推奨,13.72,49.9,3,,,,,,,,,,,
2026-04-20,丸亀,1,6,妻鳥晋也,B1,26.39,6,,7.0224,9.5,75,35.7,0.1767,4.1548,,,0,低,151,0,-,132,0,100,2.4831,0,0,0,0.0588,0.0588,0.25,0.21,0.23,,,E,△,,0.403,0.601,,0.0738,D,30,1,大荒れ。見送り推奨,0.5777,"{'is_target': True, 'verdict': '参加推奨', 'max_combo_prob': 0.075, 'est_top_odds': 17.8, 'circle_concentration': 66.4, 'eligible_count': 6, 'bet_adj': 2, 'reason': 'rel_win1=54.0%（本命度） / 最有力組み合わせ確率: 0.075（推定実オッズ?18倍） / 2着集中度: 上位2艇 66.4%（補正+0.00） / 総合判定確率: 0.075 / → ヒモ分散。1号艇1着固定で広めのヒモ流し推奨（買い目+2点）', 'tenji_trigger': '展示確認: ヒモ分散レース。1号艇伸び確認後、広めのヒモ流しを採用。穴ヒモ（5・6号艇）を積極的に含める。\n展示で1号艇スタート遅め(0.214秒)確認→ヒモが荒れやすい'}",,,39.3,両建て推奨,13.72,49.9,3,,,,,,,,,,,
2026-04-20,丸亀,2,1,岡部　浩,B1,38.24,1,◎,45.2645,,0,60,0.1269,2.3333,,,0,低,155,0,逃0%,565,0,64.7,0.7943,0.1667,,,,,0.2311,0.2311,0.0667,◎,,B,,,,0.5865,,0.5493,B,46,0,◎○△フォーメーション（15〜20点）,0.5777,"{'is_target': True, 'verdict': '参加推奨', 'max_combo_prob': 0.0571, 'est_top_odds': 23.3, 'circle_concentration': 68.7, 'eligible_count': 9, 'bet_adj': 2, 'reason': 'rel_win1=45.3%（本命度） / 最有力組み合わせ確率: 0.057（推定実オッズ?23倍） / 2着集中度: 上位2艇 68.7%（補正+0.00） / 総合判定確率: 0.057 / → ヒモ分散。1号艇1着固定で広めのヒモ流し推奨（買い目+2点）', 'tenji_trigger': '展示確認: ヒモ分散レース。1号艇伸び確認後、広めのヒモ流しを採用。穴ヒモ（5・6号艇）を積極的に含める。\n展示で1号艇スタート超安定(0.127秒)→ヒモ固まり方向に注意'}",,,29.7,両建て推奨,15.42,35.3,3,,,,,0,0,0.7559,0,,逃げ軸流し,A
2026-04-20,丸亀,2,2,上田洋平,B1,34.78,2,▲,15.5282,38.7,58,62.7,0.1676,3.5932,,,0,低,112,0,差0%,361,0,60.4,1.0524,0,0.0741,0,0,0,0.2115,0.0615,0.1365,,,C,◎,,0.1005,0.6535,,0.5493,B,46,0,◎○△フォーメーション（15〜20点）,0.5777,"{'is_target': True, 'verdict': '参加推奨', 'max_combo_prob': 0.0571, 'est_top_odds': 23.3, 'circle_concentration': 68.7, 'eligible_count': 9, 'bet_adj': 2, 'reason': 'rel_win1=45.3%（本命度） / 最有力組み合わせ確率: 0.057（推定実オッズ?23倍） / 2着集中度: 上位2艇 68.7%（補正+0.00） / 総合判定確率: 0.057 / → ヒモ分散。1号艇1着固定で広めのヒモ流し推奨（買い目+2点）', 'tenji_trigger': '展示確認: ヒモ分散レース。1号艇伸び確認後、広めのヒモ流しを採用。穴ヒモ（5・6号艇）を積極的に含める。\n展示で1号艇スタート超安定(0.127秒)→ヒモ固まり方向に注意'}",,,29.7,両建て推奨,15.42,35.3,3,,,,,,,,,,,
2026-04-20,丸亀,2,3,大野芳顕,A2,41.18,3,○,18.6363,29.9,74,57.8,0.1508,2.7958,,,0,低,139,0,-,324,0,38.8,0.8262,0,0,0,0.0323,0,0.09,0.11,0.14,,,A,○,,0.1965,0.6345,,0.5493,B,46,0,◎○△フォーメーション（15〜20点）,0.5777,"{'is_target': True, 'verdict': '参加推奨', 'max_combo_prob': 0.0571, 'est_top_odds': 23.3, 'circle_concentration': 68.7, 'eligible_count': 9, 'bet_adj': 2, 'reason': 'rel_win1=45.3%（本命度） / 最有力組み合わせ確率: 0.057（推定実オッズ?23倍） / 2着集中度: 上位2艇 68.7%（補正+0.00） / 総合判定確率: 0.057 / → ヒモ分散。1号艇1着固定で広めのヒモ流し推奨（買い目+2点）', 'tenji_trigger': '展示確認: ヒモ分散レース。1号艇伸び確認後、広めのヒモ流しを採用。穴ヒモ（5・6号艇）を積極的に含める。\n展示で1号艇スタート超安定(0.127秒)→ヒモ固まり方向に注意'}",,,29.7,両建て推奨,15.42,35.3,3,,,,,,,,,,,
2026-04-20,丸亀,2,4,水摩　敦,A2,22.86,4,△,13.0142,19.6,100,54.2,0.1837,3.5593,,,0,低,158,0,差0% ま0%,2332,0,78.9,1.2655,0,0.0769,0.0385,0,0,0.07,0.11,0.15,,,E,△,◎,0.1525,0.6135,0.4246,0.5493,B,46,0,◎○△フォーメーション（15〜20点）,0.5777,"{'is_target': True, 'verdict': '参加推奨', 'max_combo_prob': 0.0571, 'est_top_odds': 23.3, 'circle_concentration': 68.7, 'eligible_count': 9, 'bet_adj': 2, 'reason': 'rel_win1=45.3%（本命度） / 最有力組み合わせ確率: 0.057（推定実オッズ?23倍） / 2着集中度: 上位2艇 68.7%（補正+0.00） / 総合判定確率: 0.057 / → ヒモ分散。1号艇1着固定で広めのヒモ流し推奨（買い目+2点）', 'tenji_trigger': '展示確認: ヒモ分散レース。1号艇伸び確認後、広めのヒモ流しを採用。穴ヒモ（5・6号艇）を積極的に含める。\n展示で1号艇スタート超安定(0.127秒)→ヒモ固まり方向に注意'}",,,29.7,両建て推奨,15.42,35.3,3,,,,,,,,,,,
2026-04-20,丸亀,2,5,小澤　学,B1,33.33,5,,5.209,4.2,89,26.5,0.2331,5.3603,,,0,低,319,0,-,5 26,0,24.3,0.7931,,,,,,0.4667,0.4222,0.0222,,,C,,,0.1723,0.59,,0.5493,B,46,0,◎○△フォーメーション（15〜20点）,0.5777,"{'is_target': True, 'verdict': '参加推奨', 'max_combo_prob': 0.0571, 'est_top_odds': 23.3, 'circle_concentration': 68.7, 'eligible_count': 9, 'bet_adj': 2, 'reason': 'rel_win1=45.3%（本命度） / 最有力組み合わせ確率: 0.057（推定実オッズ?23倍） / 2着集中度: 上位2艇 68.7%（補正+0.00） / 総合判定確率: 0.057 / → ヒモ分散。1号艇1着固定で広めのヒモ流し推奨（買い目+2点）', 'tenji_trigger': '展示確認: ヒモ分散レース。1号艇伸び確認後、広めのヒモ流しを採用。穴ヒモ（5・6号艇）を積極的に含める。\n展示で1号艇スタート超安定(0.127秒)→ヒモ固まり方向に注意'}",,,29.7,両建て推奨,15.42,35.3,3,,,,,,,,,,,
2026-04-20,丸亀,2,6,田頭虎親,B1,29.69,6,,2.3477,7.5,44,22.2,0.2109,4.5741,,,0,低,121,0,差0%,452,0,29.8,0.7553,0,0.0417,0,0,0,0.1,0.375,0.025,,,D,△,,0.1388,0.5945,,0.5493,B,46,0,◎○△フォーメーション（15〜20点）,0.5777,"{'is_target': True, 'verdict': '参加推奨', 'max_combo_prob': 0.0571, 'est_top_odds': 23.3, 'circle_concentration': 68.7, 'eligible_count': 9, 'bet_adj': 2, 'reason': 'rel_win1=45.3%（本命度） / 最有力組み合わせ確率: 0.057（推定実オッズ?23倍） / 2着集中度: 上位2艇 68.7%（補正+0.00） / 総合判定確率: 0.057 / → ヒモ分散。1号艇1着固定で広めのヒモ流し推奨（買い目+2点）', 'tenji_trigger': '展示確認: ヒモ分散レース。1号艇伸び確認後、広めのヒモ流しを採用。穴ヒモ（5・6号艇）を積極的に含める。\n展示で1号艇スタート超安定(0.127秒)→ヒモ固まり方向に注意'}",,,29.7,両建て推奨,15.42,35.3,3,,,,,,,,,,,
2026-04-20,丸亀,3,1,川口貴久,B1,29.71,1,◎,50.174,,0,80,0.1413,2.3111,,,0,低,65,0,逃0%,4 16,0,76.5,1.0197,0.2941,,,,,0.1456,0.2676,0.0471,◎,,C,△,,,0.6065,,0.5612,A,70,0,◎-○軸 3着3〜4艇流し（10〜15点）,0.5777,"{'is_target': True, 'verdict': '点数絞り', 'max_combo_prob': 0.0883, 'est_top_odds': 15.1, 'circle_concentration': 71.8, 'eligible_count': 8, 'bet_adj': 0, 'reason': 'rel_win1=50.2%（本命度） / 最有力組み合わせ確率: 0.088（推定実オッズ?15倍） / 2着集中度: 上位2艇 71.8%（補正+0.04） / 総合判定確率: 0.128 / → ヒモはやや固め。上位2艇以外を切ること', 'tenji_trigger': '展示確認: 1号艇伸び良→そのまま採用。悪→飛び組に差し替え。circle_pct上位2艇に絞り込むこと。'}",,,28.4,逃げ狙い,14.03,32.5,2,,,,,0,0,0.7559,0,,逃げ軸流し,A
2026-04-20,丸亀,3,2,森定晃史,A2,27.14,2,△,16.3598,49.3,90,66.2,0.1469,3.0493,,,0,低,125,0,差0% 抜0%,1234,0,56.7,1.1107,0,0.0588,0,0,0.0294,0.1467,0.059,0.1771,,,D,○,,0.2779,0.647,,0.5612,A,70,0,◎-○軸 3着3〜4艇流し（10〜15点）,0.5777,"{'is_target': True, 'verdict': '点数絞り', 'max_combo_prob': 0.0883, 'est_top_odds': 15.1, 'circle_concentration': 71.8, 'eligible_count': 8, 'bet_adj': 0, 'reason': 'rel_win1=50.2%（本命度） / 最有力組み合わせ確率: 0.088（推定実オッズ?15倍） / 2着集中度: 上位2艇 71.8%（補正+0.04） / 総合判定確率: 0.128 / → ヒモはやや固め。上位2艇以外を切ること', 'tenji_trigger': '展示確認: 1号艇伸び良→そのまま採用。悪→飛び組に差し替え。circle_pct上位2艇に絞り込むこと。'}",,,28.4,逃げ狙い,14.03,32.5,2,,,,,,,,,,,
2026-04-20,丸亀,3,3,中尾優香,A2,33.58,3,▲,13.4131,22.6,69,36.4,0.2155,4.0455,,,0,低,53,0,差0% ま0%,1155,0,88,0.8975,0,0.0833,0.0833,0,0,0,0.3333,0,,,B,,,0.1562,0.5435,,0.5612,A,70,0,◎-○軸 3着3〜4艇流し（10〜15点）,0.5777,"{'is_target': True, 'verdict': '点数絞り', 'max_combo_prob': 0.0883, 'est_top_odds': 15.1, 'circle_concentration': 71.8, 'eligible_count': 8, 'bet_adj': 0, 'reason': 'rel_win1=50.2%（本命度） / 最有力組み合わせ確率: 0.088（推定実オッズ?15倍） / 2着集中度: 上位2艇 71.8%（補正+0.04） / 総合判定確率: 0.128 / → ヒモはやや固め。上位2艇以外を切ること', 'tenji_trigger': '展示確認: 1号艇伸び良→そのまま採用。悪→飛び組に差し替え。circle_pct上位2艇に絞り込むこと。'}",,,28.4,逃げ狙い,14.03,32.5,2,,,,,,,,,,,
2026-04-20,丸亀,3,4,高濱芳久,B1,27.86,4,,10.1911,15.1,69,34.8,0.1676,3.6739,,,0,低,114,0,ま0%,3242,0,43.9,0.9043,0,0,0.1176,0,0,0.0485,0.1485,0.1485,,,D,△,,0.2473,0.6335,,0.5612,A,70,0,◎-○軸 3着3〜4艇流し（10〜15点）,0.5777,"{'is_target': True, 'verdict': '点数絞り', 'max_combo_prob': 0.0883, 'est_top_odds': 15.1, 'circle_concentration': 71.8, 'eligible_count': 8, 'bet_adj': 0, 'reason': 'rel_win1=50.2%（本命度） / 最有力組み合わせ確率: 0.088（推定実オッズ?15倍） / 2着集中度: 上位2艇 71.8%（補正+0.04） / 総合判定確率: 0.128 / → ヒモはやや固め。上位2艇以外を切ること', 'tenji_trigger': '展示確認: 1号艇伸び良→そのまま採用。悪→飛び組に差し替え。circle_pct上位2艇に絞り込むこと。'}",,,28.4,逃げ狙い,14.03,32.5,2,,,,,,,,,,,
2026-04-20,丸亀,3,5,横田　茂,B1,39.13,5,○,7.4454,6.3,42,24.3,0.1534,3.8986,,,0,低,109,0,差0%,144,0,43.3,0.8731,0,0.0345,0,0,0,0.45,0.2167,0.05,,,B,◎,,0.2795,0.6545,,0.5612,A,70,0,◎-○軸 3着3〜4艇流し（10〜15点）,0.5777,"{'is_target': True, 'verdict': '点数絞り', 'max_combo_prob': 0.0883, 'est_top_odds': 15.1, 'circle_concentration': 71.8, 'eligible_count': 8, 'bet_adj': 0, 'reason': 'rel_win1=50.2%（本命度） / 最有力組み合わせ確率: 0.088（推定実オッズ?15倍） / 2着集中度: 上位2艇 71.8%（補正+0.04） / 総合判定確率: 0.128 / → ヒモはやや固め。上位2艇以外を切ること', 'tenji_trigger': '展示確認: 1号艇伸び良→そのまま採用。悪→飛び組に差し替え。circle_pct上位2艇に絞り込むこと。'}",,,28.4,逃げ狙い,14.03,32.5,2,,,,,,,,,,,
2026-04-20,丸亀,3,6,茶谷信次,A2,33.09,6,,2.4166,6.8,100,44.7,0.1996,4.4894,,,0,低,109,0,差ま0%,3336,0,27.5,1.6886,0,0,0,0.0357,0,0.1625,0.1625,0.05,,,C,,,0.1485,0.602,,0.5612,A,70,0,◎-○軸 3着3〜4艇流し（10〜15点）,0.5777,"{'is_target': True, 'verdict': '点数絞り', 'max_combo_prob': 0.0883, 'est_top_odds': 15.1, 'circle_concentration': 71.8, 'eligible_count': 8, 'bet_adj': 0, 'reason': 'rel_win1=50.2%（本命度） / 最有力組み合わせ確率: 0.088（推定実オッズ?15倍） / 2着集中度: 上位2艇 71.8%（補正+0.04） / 総合判定確率: 0.128 / → ヒモはやや固め。上位2艇以外を切ること', 'tenji_trigger': '展示確認: 1号艇伸び良→そのまま採用。悪→飛び組に差し替え。circle_pct上位2艇に絞り込むこと。'}",,,28.4,逃げ狙い,14.03,32.5,2,,,,,,,,,,,
2026-04-20,丸亀,4,1,宮地秀祈,B1,47.89,1,◎,44.5494,,0,67.4,0.1635,3.1977,,,0,低,145,0,-,5 25,0,43.9,0.7351,0.2,,,,,0.2914,0.2714,0.06,○,,B,,,,0.6005,,0.3358,C,43,0,荒れ傾向。高配当狙いか見送り,0.5777,"{'is_target': False, 'verdict': '対象外', 'max_combo_prob': None, 'est_top_odds': None, 'circle_concentration': None, 'eligible_count': 0, 'bet_adj': 0, 'reason': '1号艇rel_win1 < 45%: 通常判定に委ねる', 'tenji_trigger': ''}",,,32.8,両建て推奨,21.98,38.3,2,,,,,0,0,0.6155,0,,主役軸流し,B
2026-04-20,丸亀,4,2,渋谷明憲,A2,42.86,2,▲,24.5541,49.8,78,77.8,0.1622,3.4097,,,0,低,116,0,差0% ま0%,1121,0,72,1.3672,0,0.2258,0.0323,0,0,0.0762,0.1194,0.174,,○,C,○,,0.4069,0.662,,0.3358,C,43,0,荒れ傾向。高配当狙いか見送り,0.5777,"{'is_target': False, 'verdict': '対象外', 'max_combo_prob': None, 'est_top_odds': None, 'circle_concentration': None, 'eligible_count': 0, 'bet_adj': 0, 'reason': '1号艇rel_win1 < 45%: 通常判定に委ねる', 'tenji_trigger': ''}",,,32.8,両建て推奨,21.98,38.3,2,,,,,,,,,,,
2026-04-20,丸亀,4,3,羽野　諒,B1,54.35,3,○,10.9783,18.2,95,45.2,0.1415,2.7903,,,0,低,54,0,抜0%,3 1,0,46.6,0.915,0,0,0,0,0.037,0.02,0.56,0.06,,◎,A,△,,0.4581,0.6525,,0.3358,C,43,0,荒れ傾向。高配当狙いか見送り,0.5777,"{'is_target': False, 'verdict': '対象外', 'max_combo_prob': None, 'est_top_odds': None, 'circle_concentration': None, 'eligible_count': 0, 'bet_adj': 0, 'reason': '1号艇rel_win1 < 45%: 通常判定に委ねる', 'tenji_trigger': ''}",,,32.8,両建て推奨,21.98,38.3,2,,,,,,,,,,,
2026-04-20,丸亀,4,4,永井亮次,B1,42.65,4,,6.3572,11.2,57,29.7,0.1886,4.5135,,,0,低,196,0,-,4 41,0,22,0.6802,,,,,,0.048,0.032,0.164,,,C,△,,0.2531,0.607,,0.3358,C,43,0,荒れ傾向。高配当狙いか見送り,0.5777,"{'is_target': False, 'verdict': '対象外', 'max_combo_prob': None, 'est_top_odds': None, 'circle_concentration': None, 'eligible_count': 0, 'bet_adj': 0, 'reason': '1号艇rel_win1 < 45%: 通常判定に委ねる', 'tenji_trigger': ''}",,,32.8,両建て推奨,21.98,38.3,2,,,,,,,,,,,
2026-04-20,丸亀,4,5,佐藤博亮,A1,40.74,5,△,9.9592,19.2,100,54.4,0.1458,2.9474,,,0,低,60,0,ま0% 差ま0%,2515,0,89.7,1.5986,0,0,0.04,0.04,0,0.0879,0.0111,0.0444,,,D,◎,◎,0.3822,0.6875,0.4278,0.3358,C,43,0,荒れ傾向。高配当狙いか見送り,0.5777,"{'is_target': False, 'verdict': '対象外', 'max_combo_prob': None, 'est_top_odds': None, 'circle_concentration': None, 'eligible_count': 0, 'bet_adj': 0, 'reason': '1号艇rel_win1 < 45%: 通常判定に委ねる', 'tenji_trigger': ''}",,,32.8,両建て推奨,21.98,38.3,2,,,,,,,,,,,
2026-04-20,丸亀,4,6,伏田裕隆,A2,21.32,6,,3.6017,1.6,43,24,0.1924,4.02,,,0,低,155,0,ま0%,4 51,0,36.4,1.0108,0,0,0.0952,0,0,0.1477,0.1295,0.2409,,,E,,,0.2523,0.57,,0.3358,C,43,0,荒れ傾向。高配当狙いか見送り,0.5777,"{'is_target': False, 'verdict': '対象外', 'max_combo_prob': None, 'est_top_odds': None, 'circle_concentration': None, 'eligible_count': 0, 'bet_adj': 0, 'reason': '1号艇rel_win1 < 45%: 通常判定に委ねる', 'tenji_trigger': ''}",,,32.8,両建て推奨,21.98,38.3,2,,,,,,,,,,,
2026-04-20,丸亀,5,1,松浦　勝,B1,39.71,1,◎,43.9411,,0,56.1,0.1768,3.4268,,,0,低,112,0,逃0%,4 56,0,39.2,0.749,0.35,,,,,0.3,0.26,0.04,△,,A,△,,,0.6085,,0.2909,C,39,0,荒れ傾向。高配当狙いか見送り,0.5777,"{'is_target': False, 'verdict': '対象外', 'max_combo_prob': None, 'est_top_odds': None, 'circle_concentration': None, 'eligible_count': 0, 'bet_adj': 0, 'reason': '1号艇rel_win1 < 45%: 通常判定に委ねる', 'tenji_trigger': ''}",,,36.8,両建て推奨,19.23,38,4,5-1-6|1-3-4|1-4-3|1-2-4|1-3-6|1-2-3,4-1-3|6-1-2|4-1-2|6-1-4|6-1-3|4-1-6|5-1-6|1-3-4|1-4-3|1-2-4|1-3-6|1-2-3,5-1-6:1.43%|1-3-4:7.38%|1-4-3:5.95%|1-2-4:5.63%|1-3-6:5.43%|1-2-3:5.03%,5-1-6:B_main|1-3-4:A|1-4-3:A|1-2-4:A|1-3-6:A|1-2-3:A,6,12,0.4535,1,[!]見送り推奨（主役決まり手「まくり差し」― 逃げ劣勢レースで的中実績なし）,荒れ広め,D
2026-04-20,丸亀,5,2,妻鳥晋也,B1,26.39,2,△,13.2321,31.3,66,58.3,0.1983,4.725,,,0,低,151,0,差0%,132,0,63.3,1.4202,0,0.12,0,0,0,0.25,0.21,0.23,,,D,,,0.1572,0.601,,0.2909,C,39,0,荒れ傾向。高配当狙いか見送り,0.5777,"{'is_target': False, 'verdict': '対象外', 'max_combo_prob': None, 'est_top_odds': None, 'circle_concentration': None, 'eligible_count': 0, 'bet_adj': 0, 'reason': '1号艇rel_win1 < 45%: 通常判定に委ねる', 'tenji_trigger': ''}",,,36.8,両建て推奨,19.23,38,4,,,,,,,,,,,
2026-04-20,丸亀,5,3,福田宗平,A1,33.07,3,○,14.65,32.3,100,72.1,0.1454,3.2941,,,0,低,93,0,差0% 差ま0% 抜0%,1433,0,60.6,1.3688,0,0.0294,0,0.0882,0.0294,0.0216,0.0216,0.2432,,○,B,◎,,0.4923,0.6735,,0.2909,C,39,0,荒れ傾向。高配当狙いか見送り,0.5777,"{'is_target': False, 'verdict': '対象外', 'max_combo_prob': None, 'est_top_odds': None, 'circle_concentration': None, 'eligible_count': 0, 'bet_adj': 0, 'reason': '1号艇rel_win1 < 45%: 通常判定に委ねる', 'tenji_trigger': ''}",,,36.8,両建て推奨,19.23,38,4,,,,,,,,,,,
2026-04-20,丸亀,5,4,竹井貴史,A2,28.37,4,▲,19.8756,27.2,74,67.9,0.1471,2.9732,,,0,低,109,0,差0% ま0%,4225,0,93.2,1.7306,0,0.0435,0.2174,0,0,0.0216,0.1315,0.0108,,△,C,△,◎,0.4912,0.616,0.2485,0.2909,C,39,0,荒れ傾向。高配当狙いか見送り,0.5777,"{'is_target': False, 'verdict': '対象外', 'max_combo_prob': None, 'est_top_odds': None, 'circle_concentration': None, 'eligible_count': 0, 'bet_adj': 0, 'reason': '1号艇rel_win1 < 45%: 通常判定に委ねる', 'tenji_trigger': ''}",,,36.8,両建て推奨,19.23,38,4,,,,,,,,,,,
2026-04-20,丸亀,5,5,高橋涼夏,B2,23.57,5,,5.207,4.7,48,0,0.1136,2.9286,,,0,低,43,1,-,665,0,27.9,0.6721,,,,,,,,,,◎,E,,,0.5209,0.5355,,0.2909,C,39,0,荒れ傾向。高配当狙いか見送り,0.5777,"{'is_target': False, 'verdict': '対象外', 'max_combo_prob': None, 'est_top_odds': None, 'circle_concentration': None, 'eligible_count': 0, 'bet_adj': 0, 'reason': '1号艇rel_win1 < 45%: 通常判定に委ねる', 'tenji_trigger': ''}",,,36.8,両建て推奨,19.23,38,4,,,,,,,,,,,
2026-04-20,丸亀,5,6,春園功太,A2,25.87,6,,3.0943,4.6,42,31,0.1452,2.8276,,,0,低,78,0,差ま0%,255,0,54.3,1.2114,0,0,0,0.0645,0,0.0098,0.1185,0.0195,,,D,○,,0.4263,0.643,,0.2909,C,39,0,荒れ傾向。高配当狙いか見送り,0.5777,"{'is_target': False, 'verdict': '対象外', 'max_combo_prob': None, 'est_top_odds': None, 'circle_concentration': None, 'eligible_count': 0, 'bet_adj': 0, 'reason': '1号艇rel_win1 < 45%: 通常判定に委ねる', 'tenji_trigger': ''}",,,36.8,両建て推奨,19.23,38,4,,,,,,,,,,,
2026-04-20,丸亀,6,1,荒井翔伍,A2,31.43,1,◎,56.8163,,0,90.5,0.1238,2.4206,,,0,低,81,0,-,2533,0,81.7,0.9772,0.6296,,,,,0.0148,0.1046,0.3287,◎,,D,△,,,0.6315,,0.6731,S,83,0,◎1着固定 2-3着流し（5〜8点）,0.5777,"{'is_target': True, 'verdict': '参加推奨', 'max_combo_prob': 0.0771, 'est_top_odds': 17.3, 'circle_concentration': 79.7, 'eligible_count': 6, 'bet_adj': 2, 'reason': 'rel_win1=56.8%（本命度） / 最有力組み合わせ確率: 0.077（推定実オッズ?17倍） / 2着集中度: 上位2艇 79.7%（補正+0.04） / 総合判定確率: 0.117 / → ヒモ分散。1号艇1着固定で広めのヒモ流し推奨（買い目+2点）', 'tenji_trigger': '展示確認: ヒモ分散レース。1号艇伸び確認後、広めのヒモ流しを採用。穴ヒモ（5・6号艇）を積極的に含める。\n展示で1号艇スタート超安定(0.124秒)→ヒモ固まり方向に注意'}",,,28.4,逃げ狙い,19.11,28.2,3,,,,,0,0,0.7559,0,,逃げ軸流し,A
2026-04-20,丸亀,6,2,高岡竜也,A2,36.36,2,,11.818,42.9,70,56.9,0.1657,3.7069,,,0,低,136,0,抜0%,2 44,0,63.9,0.9288,0,0,0,0,0.08,0,0.075,0.1125,,,C,○,,0.0797,0.642,,0.6731,S,83,0,◎1着固定 2-3着流し（5〜8点）,0.5777,"{'is_target': True, 'verdict': '参加推奨', 'max_combo_prob': 0.0771, 'est_top_odds': 17.3, 'circle_concentration': 79.7, 'eligible_count': 6, 'bet_adj': 2, 'reason': 'rel_win1=56.8%（本命度） / 最有力組み合わせ確率: 0.077（推定実オッズ?17倍） / 2着集中度: 上位2艇 79.7%（補正+0.04） / 総合判定確率: 0.117 / → ヒモ分散。1号艇1着固定で広めのヒモ流し推奨（買い目+2点）', 'tenji_trigger': '展示確認: ヒモ分散レース。1号艇伸び確認後、広めのヒモ流しを採用。穴ヒモ（5・6号艇）を積極的に含める。\n展示で1号艇スタート超安定(0.124秒)→ヒモ固まり方向に注意'}",,,28.4,逃げ狙い,19.11,28.2,3,,,,,,,,,,,
2026-04-20,丸亀,6,3,大池佑来,A1,34.35,3,▲,17.1023,36.8,78,65.5,0.14,2.7069,,,0,低,30,0,差0% ま0% 差ま0% 抜0%,2211,0,77.6,1.3894,0,0.0588,0.1176,0.0588,0.0588,0,0.05,0,,,C,◎,,0.2328,0.693,,0.6731,S,83,0,◎1着固定 2-3着流し（5〜8点）,0.5777,"{'is_target': True, 'verdict': '参加推奨', 'max_combo_prob': 0.0771, 'est_top_odds': 17.3, 'circle_concentration': 79.7, 'eligible_count': 6, 'bet_adj': 2, 'reason': 'rel_win1=56.8%（本命度） / 最有力組み合わせ確率: 0.077（推定実オッズ?17倍） / 2着集中度: 上位2艇 79.7%（補正+0.04） / 総合判定確率: 0.117 / → ヒモ分散。1号艇1着固定で広めのヒモ流し推奨（買い目+2点）', 'tenji_trigger': '展示確認: ヒモ分散レース。1号艇伸び確認後、広めのヒモ流しを採用。穴ヒモ（5・6号艇）を積極的に含める。\n展示で1号艇スタート超安定(0.124秒)→ヒモ固まり方向に注意'}",,,28.4,逃げ狙い,19.11,28.2,3,,,,,,,,,,,
2026-04-20,丸亀,6,4,佐藤謙史,B2,37.78,4,○,10.1045,7.1,99,46.3,0.1506,3.1481,,,0,低,105,0,ま0%,3 64,0,63.2,1.0679,0,0,0.1053,0,0,0.2423,0.3038,0.2115,,,B,,◎,0.216,0.619,0.3926,0.6731,S,83,0,◎1着固定 2-3着流し（5〜8点）,0.5777,"{'is_target': True, 'verdict': '参加推奨', 'max_combo_prob': 0.0771, 'est_top_odds': 17.3, 'circle_concentration': 79.7, 'eligible_count': 6, 'bet_adj': 2, 'reason': 'rel_win1=56.8%（本命度） / 最有力組み合わせ確率: 0.077（推定実オッズ?17倍） / 2着集中度: 上位2艇 79.7%（補正+0.04） / 総合判定確率: 0.117 / → ヒモ分散。1号艇1着固定で広めのヒモ流し推奨（買い目+2点）', 'tenji_trigger': '展示確認: ヒモ分散レース。1号艇伸び確認後、広めのヒモ流しを採用。穴ヒモ（5・6号艇）を積極的に含める。\n展示で1号艇スタート超安定(0.124秒)→ヒモ固まり方向に注意'}",,,28.4,逃げ狙い,19.11,28.2,3,,,,,,,,,,,
2026-04-20,丸亀,6,5,星野太郎,B1,49.25,5,△,2.9635,11.7,100,38.3,0.178,3.8417,,,0,低,157,0,-,245,0,47.9,1.0595,,,,,,0.0333,0.0667,0.25,,,A,△,,0.154,0.63,,0.6731,S,83,0,◎1着固定 2-3着流し（5〜8点）,0.5777,"{'is_target': True, 'verdict': '参加推奨', 'max_combo_prob': 0.0771, 'est_top_odds': 17.3, 'circle_concentration': 79.7, 'eligible_count': 6, 'bet_adj': 2, 'reason': 'rel_win1=56.8%（本命度） / 最有力組み合わせ確率: 0.077（推定実オッズ?17倍） / 2着集中度: 上位2艇 79.7%（補正+0.04） / 総合判定確率: 0.117 / → ヒモ分散。1号艇1着固定で広めのヒモ流し推奨（買い目+2点）', 'tenji_trigger': '展示確認: ヒモ分散レース。1号艇伸び確認後、広めのヒモ流しを採用。穴ヒモ（5・6号艇）を積極的に含める。\n展示で1号艇スタート超安定(0.124秒)→ヒモ固まり方向に注意'}",,,28.4,逃げ狙い,19.11,28.2,3,,,,,,,,,,,
2026-04-20,丸亀,6,6,武藤綾子,B1,23.24,6,,1.1953,1.5,39,0,0.2392,5.6667,,,0,低,118,0,-,5 65,0,29.4,0.8356,,,,,,0.1455,0.2364,0,,,E,,,0.1507,0.5505,,0.6731,S,83,0,◎1着固定 2-3着流し（5〜8点）,0.5777,"{'is_target': True, 'verdict': '参加推奨', 'max_combo_prob': 0.0771, 'est_top_odds': 17.3, 'circle_concentration': 79.7, 'eligible_count': 6, 'bet_adj': 2, 'reason': 'rel_win1=56.8%（本命度） / 最有力組み合わせ確率: 0.077（推定実オッズ?17倍） / 2着集中度: 上位2艇 79.7%（補正+0.04） / 総合判定確率: 0.117 / → ヒモ分散。1号艇1着固定で広めのヒモ流し推奨（買い目+2点）', 'tenji_trigger': '展示確認: ヒモ分散レース。1号艇伸び確認後、広めのヒモ流しを採用。穴ヒモ（5・6号艇）を積極的に含める。\n展示で1号艇スタート超安定(0.124秒)→ヒモ固まり方向に注意'}",,,28.4,逃げ狙い,19.11,28.2,3,,,,,,,,,,,
2026-04-20,丸亀,7,1,水摩　敦,A2,22.86,1,◎,54.763,,0,90.9,0.1682,3.3636,,,0,低,158,0,逃1%,2332,0,87.6,1.1499,0.625,,,,,0.07,0.11,0.15,◎,,E,△,,,0.6135,,0.475,A,79,0,◎-○軸 3着3〜4艇流し（10〜15点）,0.5777,"{'is_target': True, 'verdict': '参加推奨', 'max_combo_prob': 0.0645, 'est_top_odds': 20.7, 'circle_concentration': 66.9, 'eligible_count': 8, 'bet_adj': 2, 'reason': 'rel_win1=54.8%（本命度） / 最有力組み合わせ確率: 0.064（推定実オッズ?21倍） / 2着集中度: 上位2艇 66.9%（補正+0.00） / 総合判定確率: 0.064 / → ヒモ分散。1号艇1着固定で広めのヒモ流し推奨（買い目+2点）', 'tenji_trigger': '展示確認: ヒモ分散レース。1号艇伸び確認後、広めのヒモ流しを採用。穴ヒモ（5・6号艇）を積極的に含める。'}",,,28.5,逃げ狙い,18.61,29,3,,,,,0,0,0.7559,0,,逃げ軸流し,A
2026-04-20,丸亀,7,2,横田　茂,B1,39.13,2,,7.1966,35.9,56,41,0.1614,3.5641,,,0,低,109,0,差0%,144,0,81,0.705,0,0.0667,0,0,0,0.45,0.2167,0.05,,○,C,○,,0.3925,0.6545,,0.475,A,79,0,◎-○軸 3着3〜4艇流し（10〜15点）,0.5777,"{'is_target': True, 'verdict': '参加推奨', 'max_combo_prob': 0.0645, 'est_top_odds': 20.7, 'circle_concentration': 66.9, 'eligible_count': 8, 'bet_adj': 2, 'reason': 'rel_win1=54.8%（本命度） / 最有力組み合わせ確率: 0.064（推定実オッズ?21倍） / 2着集中度: 上位2艇 66.9%（補正+0.00） / 総合判定確率: 0.064 / → ヒモ分散。1号艇1着固定で広めのヒモ流し推奨（買い目+2点）', 'tenji_trigger': '展示確認: ヒモ分散レース。1号艇伸び確認後、広めのヒモ流しを採用。穴ヒモ（5・6号艇）を積極的に含める。'}",,,28.5,逃げ狙い,18.61,29,3,,,,,,,,,,,
2026-04-20,丸亀,7,3,水谷理人,A2,44.12,3,○,14.6914,31,73,61.8,0.1635,3,,,0,低,64,0,-,1113,0,54.4,1.1906,0,0.05,0.1,0.1,0,0.0533,0.28,0.0267,,,A,,,0.3458,0.569,,0.475,A,79,0,◎-○軸 3着3〜4艇流し（10〜15点）,0.5777,"{'is_target': True, 'verdict': '参加推奨', 'max_combo_prob': 0.0645, 'est_top_odds': 20.7, 'circle_concentration': 66.9, 'eligible_count': 8, 'bet_adj': 2, 'reason': 'rel_win1=54.8%（本命度） / 最有力組み合わせ確率: 0.064（推定実オッズ?21倍） / 2着集中度: 上位2艇 66.9%（補正+0.00） / 総合判定確率: 0.064 / → ヒモ分散。1号艇1着固定で広めのヒモ流し推奨（買い目+2点）', 'tenji_trigger': '展示確認: ヒモ分散レース。1号艇伸び確認後、広めのヒモ流しを採用。穴ヒモ（5・6号艇）を積極的に含める。'}",,,28.5,逃げ狙い,18.61,29,3,,,,,,,,,,,
2026-04-20,丸亀,7,4,齊藤大将,B2,41.48,4,△,8.3633,11.7,90,48,0.1732,3.49,,,0,低,108,0,-,446,0,47.9,0.983,0,0,0.0556,0.0556,0,0.0308,0.3231,0.2923,,,B,△,,0.2887,0.575,,0.475,A,79,0,◎-○軸 3着3〜4艇流し（10〜15点）,0.5777,"{'is_target': True, 'verdict': '参加推奨', 'max_combo_prob': 0.0645, 'est_top_odds': 20.7, 'circle_concentration': 66.9, 'eligible_count': 8, 'bet_adj': 2, 'reason': 'rel_win1=54.8%（本命度） / 最有力組み合わせ確率: 0.064（推定実オッズ?21倍） / 2着集中度: 上位2艇 66.9%（補正+0.00） / 総合判定確率: 0.064 / → ヒモ分散。1号艇1着固定で広めのヒモ流し推奨（買い目+2点）', 'tenji_trigger': '展示確認: ヒモ分散レース。1号艇伸び確認後、広めのヒモ流しを採用。穴ヒモ（5・6号艇）を積極的に含める。'}",,,28.5,逃げ狙い,18.61,29,3,,,,,,,,,,,
2026-04-20,丸亀,7,5,柳沢　一,A1,35.25,5,,8.9901,20.3,100,67.3,0.1371,2.9818,,,0,低,43,0,-,3143,0,28.5,1.4281,0,0.0385,0,0,0,0.0432,0.1074,0.1074,,,D,◎,◎,0.3963,0.698,0.3978,0.475,A,79,0,◎-○軸 3着3〜4艇流し（10〜15点）,0.5777,"{'is_target': True, 'verdict': '参加推奨', 'max_combo_prob': 0.0645, 'est_top_odds': 20.7, 'circle_concentration': 66.9, 'eligible_count': 8, 'bet_adj': 2, 'reason': 'rel_win1=54.8%（本命度） / 最有力組み合わせ確率: 0.064（推定実オッズ?21倍） / 2着集中度: 上位2艇 66.9%（補正+0.00） / 総合判定確率: 0.064 / → ヒモ分散。1号艇1着固定で広めのヒモ流し推奨（買い目+2点）', 'tenji_trigger': '展示確認: ヒモ分散レース。1号艇伸び確認後、広めのヒモ流しを採用。穴ヒモ（5・6号艇）を積極的に含める。'}",,,28.5,逃げ狙い,18.61,29,3,,,,,,,,,,,
2026-04-20,丸亀,7,6,桑原　啓,B1,41.26,6,▲,5.9957,1.1,42,17.4,0.1574,4.0761,,,0,低,104,0,-,664,0,47.4,1.0219,,,,,,0.3,0.22,0.18,,,C,○,,0.3648,0.6545,,0.475,A,79,0,◎-○軸 3着3〜4艇流し（10〜15点）,0.5777,"{'is_target': True, 'verdict': '参加推奨', 'max_combo_prob': 0.0645, 'est_top_odds': 20.7, 'circle_concentration': 66.9, 'eligible_count': 8, 'bet_adj': 2, 'reason': 'rel_win1=54.8%（本命度） / 最有力組み合わせ確率: 0.064（推定実オッズ?21倍） / 2着集中度: 上位2艇 66.9%（補正+0.00） / 総合判定確率: 0.064 / → ヒモ分散。1号艇1着固定で広めのヒモ流し推奨（買い目+2点）', 'tenji_trigger': '展示確認: ヒモ分散レース。1号艇伸び確認後、広めのヒモ流しを採用。穴ヒモ（5・6号艇）を積極的に含める。'}",,,28.5,逃げ狙い,18.61,29,3,,,,,,,,,,,
2026-04-20,丸亀,8,1,今井貴士,A1,35.34,1,◎,70.905,,0,95.5,0.1476,2.9318,,,0,低,112,0,逃1%,3322,0,93.2,1.2599,0.7667,,,,,0.24,0,0.0267,◎,,C,◎,,,0.654,,0.6012,S,80,0,◎1着固定 2-3着流し（5〜8点）,0.5777,"{'is_target': True, 'verdict': '参加推奨', 'max_combo_prob': 0.1188, 'est_top_odds': 11.2, 'circle_concentration': 69.4, 'eligible_count': 6, 'bet_adj': 2, 'reason': 'rel_win1=70.9%（本命度） / 最有力組み合わせ確率: 0.119（推定実オッズ?11倍） / 2着集中度: 上位2艇 69.4%（補正+0.00） / 総合判定確率: 0.119 / → ヒモ分散。1号艇1着固定で広めのヒモ流し推奨（買い目+2点）', 'tenji_trigger': '展示確認: ヒモ分散レース。1号艇伸び確認後、広めのヒモ流しを採用。穴ヒモ（5・6号艇）を積極的に含める。'}",,,28,逃げ狙い,16.91,28.9,2,,,,,0,0,0.7559,0,,逃げ軸流し,A
2026-04-20,丸亀,8,2,茶谷信次,A2,33.09,2,△,12.9119,49.7,100,70.6,0.1573,3.8333,,,0,低,109,0,差0% ま0%,3336,0,53.6,1.1321,0,0.1,0.0333,0,0,0.1625,0.1625,0.05,,,D,○,,0.2233,0.602,,0.6012,S,80,0,◎1着固定 2-3着流し（5〜8点）,0.5777,"{'is_target': True, 'verdict': '参加推奨', 'max_combo_prob': 0.1188, 'est_top_odds': 11.2, 'circle_concentration': 69.4, 'eligible_count': 6, 'bet_adj': 2, 'reason': 'rel_win1=70.9%（本命度） / 最有力組み合わせ確率: 0.119（推定実オッズ?11倍） / 2着集中度: 上位2艇 69.4%（補正+0.00） / 総合判定確率: 0.119 / → ヒモ分散。1号艇1着固定で広めのヒモ流し推奨（買い目+2点）', 'tenji_trigger': '展示確認: ヒモ分散レース。1号艇伸び確認後、広めのヒモ流しを採用。穴ヒモ（5・6号艇）を積極的に含める。'}",,,28,逃げ狙い,16.91,28.9,2,,,,,,,,,,,
2026-04-20,丸亀,8,3,岡部　浩,B1,38.24,3,,4.9996,18.5,72,35.1,0.1635,3.4561,,,0,低,155,0,-,565,0,38.3,0.7104,,,,,,0.2311,0.2311,0.0667,,,C,△,,0.2317,0.5865,,0.6012,S,80,0,◎1着固定 2-3着流し（5〜8点）,0.5777,"{'is_target': True, 'verdict': '参加推奨', 'max_combo_prob': 0.1188, 'est_top_odds': 11.2, 'circle_concentration': 69.4, 'eligible_count': 6, 'bet_adj': 2, 'reason': 'rel_win1=70.9%（本命度） / 最有力組み合わせ確率: 0.119（推定実オッズ?11倍） / 2着集中度: 上位2艇 69.4%（補正+0.00） / 総合判定確率: 0.119 / → ヒモ分散。1号艇1着固定で広めのヒモ流し推奨（買い目+2点）', 'tenji_trigger': '展示確認: ヒモ分散レース。1号艇伸び確認後、広めのヒモ流しを採用。穴ヒモ（5・6号艇）を積極的に含める。'}",,,28,逃げ狙い,16.91,28.9,2,,,,,,,,,,,
2026-04-20,丸亀,8,4,伏田裕隆,A2,21.32,4,,5.2207,19.8,80,50,0.1658,3.28,,,0,低,155,0,ま0%,4 51,0,41.4,0.9168,0,0,0.0435,0,0,0.1477,0.1295,0.2409,,,E,,,0.2131,0.57,,0.6012,S,80,0,◎1着固定 2-3着流し（5〜8点）,0.5777,"{'is_target': True, 'verdict': '参加推奨', 'max_combo_prob': 0.1188, 'est_top_odds': 11.2, 'circle_concentration': 69.4, 'eligible_count': 6, 'bet_adj': 2, 'reason': 'rel_win1=70.9%（本命度） / 最有力組み合わせ確率: 0.119（推定実オッズ?11倍） / 2着集中度: 上位2艇 69.4%（補正+0.00） / 総合判定確率: 0.119 / → ヒモ分散。1号艇1着固定で広めのヒモ流し推奨（買い目+2点）', 'tenji_trigger': '展示確認: ヒモ分散レース。1号艇伸び確認後、広めのヒモ流しを採用。穴ヒモ（5・6号艇）を積極的に含める。'}",,,28,逃げ狙い,16.91,28.9,2,,,,,,,,,,,
2026-04-20,丸亀,8,5,福山恵里,B1,46.72,5,○,2.694,5.4,56,14.3,0.1438,3.5,,,0,低,42,0,-,6 2,0,27.6,0.6731,,,,,,0.19,0.46,0,,,A,,,0.3253,0.498,,0.6012,S,80,0,◎1着固定 2-3着流し（5〜8点）,0.5777,"{'is_target': True, 'verdict': '参加推奨', 'max_combo_prob': 0.1188, 'est_top_odds': 11.2, 'circle_concentration': 69.4, 'eligible_count': 6, 'bet_adj': 2, 'reason': 'rel_win1=70.9%（本命度） / 最有力組み合わせ確率: 0.119（推定実オッズ?11倍） / 2着集中度: 上位2艇 69.4%（補正+0.00） / 総合判定確率: 0.119 / → ヒモ分散。1号艇1着固定で広めのヒモ流し推奨（買い目+2点）', 'tenji_trigger': '展示確認: ヒモ分散レース。1号艇伸び確認後、広めのヒモ流しを採用。穴ヒモ（5・6号艇）を積極的に含める。'}",,,28,逃げ狙い,16.91,28.9,2,,,,,,,,,,,
2026-04-20,丸亀,8,6,福嶋智之,B1,43.07,6,▲,3.2688,6.7,29,19.3,0.1579,3.1491,,,0,低,102,0,-,1 32,0,23.1,0.9019,,,,,,0.1583,0.325,0.1417,,,B,△,,0.2772,0.5965,,0.6012,S,80,0,◎1着固定 2-3着流し（5〜8点）,0.5777,"{'is_target': True, 'verdict': '参加推奨', 'max_combo_prob': 0.1188, 'est_top_odds': 11.2, 'circle_concentration': 69.4, 'eligible_count': 6, 'bet_adj': 2, 'reason': 'rel_win1=70.9%（本命度） / 最有力組み合わせ確率: 0.119（推定実オッズ?11倍） / 2着集中度: 上位2艇 69.4%（補正+0.00） / 総合判定確率: 0.119 / → ヒモ分散。1号艇1着固定で広めのヒモ流し推奨（買い目+2点）', 'tenji_trigger': '展示確認: ヒモ分散レース。1号艇伸び確認後、広めのヒモ流しを採用。穴ヒモ（5・6号艇）を積極的に含める。'}",,,28,逃げ狙い,16.91,28.9,2,,,,,,,,,,,
2026-04-20,丸亀,9,1,大野芳顕,A2,41.18,1,◎,59.3333,,0,92.5,0.1462,2.484,,,0,低,139,0,逃1%,324,0,79.5,1.0029,0.55,,,,,0.09,0.11,0.14,◎,,A,○,,,0.6345,,0.5322,S,82,0,◎1着固定 2-3着流し（5〜8点）,0.5777,"{'is_target': True, 'verdict': '点数絞り', 'max_combo_prob': 0.1028, 'est_top_odds': 13.0, 'circle_concentration': 82.0, 'eligible_count': 6, 'bet_adj': 0, 'reason': 'rel_win1=59.3%（本命度） / 最有力組み合わせ確率: 0.103（推定実オッズ?13倍） / 2着集中度: 上位2艇 82.0%（補正+0.04） / 総合判定確率: 0.143 / → ヒモはやや固め。上位2艇以外を切ること', 'tenji_trigger': '展示確認: 1号艇伸び良→そのまま採用。悪→飛び組に差し替え。circle_pct上位2艇に絞り込むこと。'}",,,29.3,逃げ狙い,22.01,28.3,3,,,,,0,0,0.7559,0,,逃げ軸流し,A
2026-04-20,丸亀,9,2,田村　慶,B1,25.71,2,△,12.1979,30.4,98,46.3,0.1849,4.3293,,,0,低,93,0,-,6 34,0,23.4,0.7857,,,,,,0,0,0,,,D,△,,0.091,0.5845,,0.5322,S,82,0,◎1着固定 2-3着流し（5〜8点）,0.5777,"{'is_target': True, 'verdict': '点数絞り', 'max_combo_prob': 0.1028, 'est_top_odds': 13.0, 'circle_concentration': 82.0, 'eligible_count': 6, 'bet_adj': 0, 'reason': 'rel_win1=59.3%（本命度） / 最有力組み合わせ確率: 0.103（推定実オッズ?13倍） / 2着集中度: 上位2艇 82.0%（補正+0.04） / 総合判定確率: 0.143 / → ヒモはやや固め。上位2艇以外を切ること', 'tenji_trigger': '展示確認: 1号艇伸び良→そのまま採用。悪→飛び組に差し替え。circle_pct上位2艇に絞り込むこと。'}",,,29.3,逃げ狙い,22.01,28.3,3,,,,,,,,,,,
2026-04-20,丸亀,9,3,佐藤博亮,A1,40.74,3,○,19.3454,51.7,90,72.9,0.1277,2.9479,,,0,低,60,0,差0% ま0% 差ま0% 抜0%,2515,0,84.4,1.5525,0,0.037,0.0741,0.1481,0.037,0.0879,0.0111,0.0444,,◎,B,◎,,0.42,0.6875,,0.5322,S,82,0,◎1着固定 2-3着流し（5〜8点）,0.5777,"{'is_target': True, 'verdict': '点数絞り', 'max_combo_prob': 0.1028, 'est_top_odds': 13.0, 'circle_concentration': 82.0, 'eligible_count': 6, 'bet_adj': 0, 'reason': 'rel_win1=59.3%（本命度） / 最有力組み合わせ確率: 0.103（推定実オッズ?13倍） / 2着集中度: 上位2艇 82.0%（補正+0.04） / 総合判定確率: 0.143 / → ヒモはやや固め。上位2艇以外を切ること', 'tenji_trigger': '展示確認: 1号艇伸び良→そのまま採用。悪→飛び組に差し替え。circle_pct上位2艇に絞り込むこと。'}",,,29.3,逃げ狙い,22.01,28.3,3,,,,,,,,,,,
2026-04-20,丸亀,9,4,倉田郁美,B1,20.67,4,,5.274,11.6,100,38.1,0.1905,3.2619,,,0,低,77,0,-,466,0,34.5,0.7589,,,,,,0.625,0.25,0,,,E,△,,0.154,0.5695,,0.5322,S,82,0,◎1着固定 2-3着流し（5〜8点）,0.5777,"{'is_target': True, 'verdict': '点数絞り', 'max_combo_prob': 0.1028, 'est_top_odds': 13.0, 'circle_concentration': 82.0, 'eligible_count': 6, 'bet_adj': 0, 'reason': 'rel_win1=59.3%（本命度） / 最有力組み合わせ確率: 0.103（推定実オッズ?13倍） / 2着集中度: 上位2艇 82.0%（補正+0.04） / 総合判定確率: 0.143 / → ヒモはやや固め。上位2艇以外を切ること', 'tenji_trigger': '展示確認: 1号艇伸び良→そのまま採用。悪→飛び組に差し替え。circle_pct上位2艇に絞り込むこと。'}",,,29.3,逃げ狙い,22.01,28.3,3,,,,,,,,,,,
2026-04-20,丸亀,9,5,中尾優香,A2,33.58,5,▲,2.8706,6,86,25,0.1567,3.1042,,,0,低,53,0,-,1155,0,24.8,0.765,,,,,,0,0.3333,0,,,C,,,0.2931,0.5435,,0.5322,S,82,0,◎1着固定 2-3着流し（5〜8点）,0.5777,"{'is_target': True, 'verdict': '点数絞り', 'max_combo_prob': 0.1028, 'est_top_odds': 13.0, 'circle_concentration': 82.0, 'eligible_count': 6, 'bet_adj': 0, 'reason': 'rel_win1=59.3%（本命度） / 最有力組み合わせ確率: 0.103（推定実オッズ?13倍） / 2着集中度: 上位2艇 82.0%（補正+0.04） / 総合判定確率: 0.143 / → ヒモはやや固め。上位2艇以外を切ること', 'tenji_trigger': '展示確認: 1号艇伸び良→そのまま採用。悪→飛び組に差し替え。circle_pct上位2艇に絞り込むこと。'}",,,29.3,逃げ狙い,22.01,28.3,3,,,,,,,,,,,
2026-04-20,丸亀,9,6,高橋涼夏,B2,23.57,6,,0.9788,0.4,14,1.1,0.1739,4.0111,,,0,低,43,0,-,665,0,35.9,0.8333,,,,,,,,,,,D,,,0.2384,0.5355,,0.5322,S,82,0,◎1着固定 2-3着流し（5〜8点）,0.5777,"{'is_target': True, 'verdict': '点数絞り', 'max_combo_prob': 0.1028, 'est_top_odds': 13.0, 'circle_concentration': 82.0, 'eligible_count': 6, 'bet_adj': 0, 'reason': 'rel_win1=59.3%（本命度） / 最有力組み合わせ確率: 0.103（推定実オッズ?13倍） / 2着集中度: 上位2艇 82.0%（補正+0.04） / 総合判定確率: 0.143 / → ヒモはやや固め。上位2艇以外を切ること', 'tenji_trigger': '展示確認: 1号艇伸び良→そのまま採用。悪→飛び組に差し替え。circle_pct上位2艇に絞り込むこと。'}",,,29.3,逃げ狙い,22.01,28.3,3,,,,,,,,,,,
2026-04-20,丸亀,10,1,高岡竜也,A2,36.36,1,◎,67.3347,,0,91.8,0.1563,3.363,,,0,低,136,0,逃1%,2 44,0,87.2,1.2078,0.75,,,,,0,0.075,0.1125,◎,,B,△,,,0.642,,0.5074,S,82,0,◎1着固定 2-3着流し（5〜8点）,0.5777,"{'is_target': True, 'verdict': '参加推奨', 'max_combo_prob': 0.0628, 'est_top_odds': 21.2, 'circle_concentration': 53.9, 'eligible_count': 6, 'bet_adj': 2, 'reason': 'rel_win1=67.3%（本命度） / 最有力組み合わせ確率: 0.063（推定実オッズ?21倍） / 2着集中度: 上位2艇 53.9%（補正-0.04） / 総合判定確率: 0.023 / → ヒモ分散。1号艇1着固定で広めのヒモ流し推奨（買い目+2点）', 'tenji_trigger': '展示確認: ヒモ分散レース。1号艇伸び確認後、広めのヒモ流しを採用。穴ヒモ（5・6号艇）を積極的に含める。'}",,,26,逃げ狙い,14.22,25.6,4,,,,,0,0,0.7559,0,,逃げ軸流し,A
2026-04-20,丸亀,10,2,小澤　学,B1,33.33,2,△,6.2579,21.7,97,43.9,0.2432,5.4015,,,0,低,319,0,抜0%,5 26,0,18.8,0.7453,0,0,0,0,0.0385,0.4667,0.4222,0.0222,,,C,,,0.0775,0.59,,0.5074,S,82,0,◎1着固定 2-3着流し（5〜8点）,0.5777,"{'is_target': True, 'verdict': '参加推奨', 'max_combo_prob': 0.0628, 'est_top_odds': 21.2, 'circle_concentration': 53.9, 'eligible_count': 6, 'bet_adj': 2, 'reason': 'rel_win1=67.3%（本命度） / 最有力組み合わせ確率: 0.063（推定実オッズ?21倍） / 2着集中度: 上位2艇 53.9%（補正-0.04） / 総合判定確率: 0.023 / → ヒモ分散。1号艇1着固定で広めのヒモ流し推奨（買い目+2点）', 'tenji_trigger': '展示確認: ヒモ分散レース。1号艇伸び確認後、広めのヒモ流しを採用。穴ヒモ（5・6号艇）を積極的に含める。'}",,,26,逃げ狙い,14.22,25.6,4,,,,,,,,,,,
2026-04-20,丸亀,10,3,石井裕美,B1,25.55,3,,7.3221,23.8,66,30.4,0.15,2.7609,,,0,低,53,0,差ま0%,566,0,50.3,0.6381,0,0,0,0.1,0,0.2222,0.6667,0.1111,,,D,,,0.3305,0.564,,0.5074,S,82,0,◎1着固定 2-3着流し（5〜8点）,0.5777,"{'is_target': True, 'verdict': '参加推奨', 'max_combo_prob': 0.0628, 'est_top_odds': 21.2, 'circle_concentration': 53.9, 'eligible_count': 6, 'bet_adj': 2, 'reason': 'rel_win1=67.3%（本命度） / 最有力組み合わせ確率: 0.063（推定実オッズ?21倍） / 2着集中度: 上位2艇 53.9%（補正-0.04） / 総合判定確率: 0.023 / → ヒモ分散。1号艇1着固定で広めのヒモ流し推奨（買い目+2点）', 'tenji_trigger': '展示確認: ヒモ分散レース。1号艇伸び確認後、広めのヒモ流しを採用。穴ヒモ（5・6号艇）を積極的に含める。'}",,,26,逃げ狙い,14.22,25.6,4,,,,,,,,,,,
2026-04-20,丸亀,10,4,春園功太,A2,25.87,4,▲,12.5235,30.2,100,61.4,0.1488,2.8684,,,0,低,78,0,ま0% 差ま0%,255,0,71.3,1.3704,0,0,0.1667,0.0417,0,0.0098,0.1185,0.0195,,,D,△,◎,0.3514,0.643,0.3318,0.5074,S,82,0,◎1着固定 2-3着流し（5〜8点）,0.5777,"{'is_target': True, 'verdict': '参加推奨', 'max_combo_prob': 0.0628, 'est_top_odds': 21.2, 'circle_concentration': 53.9, 'eligible_count': 6, 'bet_adj': 2, 'reason': 'rel_win1=67.3%（本命度） / 最有力組み合わせ確率: 0.063（推定実オッズ?21倍） / 2着集中度: 上位2艇 53.9%（補正-0.04） / 総合判定確率: 0.023 / → ヒモ分散。1号艇1着固定で広めのヒモ流し推奨（買い目+2点）', 'tenji_trigger': '展示確認: ヒモ分散レース。1号艇伸び確認後、広めのヒモ流しを採用。穴ヒモ（5・6号艇）を積極的に含める。'}",,,26,逃げ狙い,14.22,25.6,4,,,,,,,,,,,
2026-04-20,丸亀,10,5,羽野　諒,B1,54.35,5,○,5.0404,13.6,57,33.3,0.1338,2.6583,,,0,低,54,0,差ま0%,3 1,0,28.7,0.9969,0,0,0,0.0435,0,0.02,0.56,0.06,,,A,○,,0.3511,0.6525,,0.5074,S,82,0,◎1着固定 2-3着流し（5〜8点）,0.5777,"{'is_target': True, 'verdict': '参加推奨', 'max_combo_prob': 0.0628, 'est_top_odds': 21.2, 'circle_concentration': 53.9, 'eligible_count': 6, 'bet_adj': 2, 'reason': 'rel_win1=67.3%（本命度） / 最有力組み合わせ確率: 0.063（推定実オッズ?21倍） / 2着集中度: 上位2艇 53.9%（補正-0.04） / 総合判定確率: 0.023 / → ヒモ分散。1号艇1着固定で広めのヒモ流し推奨（買い目+2点）', 'tenji_trigger': '展示確認: ヒモ分散レース。1号艇伸び確認後、広めのヒモ流しを採用。穴ヒモ（5・6号艇）を積極的に含める。'}",,,26,逃げ狙い,14.22,25.6,4,,,,,,,,,,,
2026-04-20,丸亀,10,6,長尾章平,A1,23.19,6,,1.5213,10.8,94,50,0.1867,4.0769,,,0,低,100,0,抜0%,5661,0,93.7,1.8903,0,0,0,0,0.05,0.12,0.0844,0.1022,,,E,◎,,0.2169,0.69,,0.5074,S,82,0,◎1着固定 2-3着流し（5〜8点）,0.5777,"{'is_target': True, 'verdict': '参加推奨', 'max_combo_prob': 0.0628, 'est_top_odds': 21.2, 'circle_concentration': 53.9, 'eligible_count': 6, 'bet_adj': 2, 'reason': 'rel_win1=67.3%（本命度） / 最有力組み合わせ確率: 0.063（推定実オッズ?21倍） / 2着集中度: 上位2艇 53.9%（補正-0.04） / 総合判定確率: 0.023 / → ヒモ分散。1号艇1着固定で広めのヒモ流し推奨（買い目+2点）', 'tenji_trigger': '展示確認: ヒモ分散レース。1号艇伸び確認後、広めのヒモ流しを採用。穴ヒモ（5・6号艇）を積極的に含める。'}",,,26,逃げ狙い,14.22,25.6,4,,,,,,,,,,,
2026-04-20,丸亀,11,1,大池佑来,A1,34.35,1,◎,60.7305,,0,100,0.1294,2.2429,,,0,低,30,0,逃1%,2211,0,93.5,1.2669,0.95,,,,,0,0.05,0,◎,,C,◎,,,0.693,,0.7431,S,97,0,◎1着固定 2-3着流し（5〜8点）,0.5777,"{'is_target': True, 'verdict': '参加推奨', 'max_combo_prob': 0.0683, 'est_top_odds': 19.5, 'circle_concentration': 70.1, 'eligible_count': 6, 'bet_adj': 2, 'reason': 'rel_win1=60.7%（本命度） / 最有力組み合わせ確率: 0.068（推定実オッズ?20倍） / 2着集中度: 上位2艇 70.1%（補正+0.04） / 総合判定確率: 0.108 / → ヒモ分散。1号艇1着固定で広めのヒモ流し推奨（買い目+2点）', 'tenji_trigger': '展示確認: ヒモ分散レース。1号艇伸び確認後、広めのヒモ流しを採用。穴ヒモ（5・6号艇）を積極的に含める。\n展示で1号艇スタート超安定(0.129秒)→ヒモ固まり方向に注意'}",,,26.2,逃げ狙い,19.2,21.8,3,,,,,0,0,0.7559,0,,逃げ軸流し,A
2026-04-20,丸亀,11,2,水谷理人,A2,44.12,2,○,12.5494,42,53,55.6,0.1592,3.4167,,,0,低,64,0,ま0%,1113,0,71.8,0.9021,0,0.1,0.05,0,0,0.0533,0.28,0.0267,,,A,,,0.0705,0.569,,0.7431,S,97,0,◎1着固定 2-3着流し（5〜8点）,0.5777,"{'is_target': True, 'verdict': '参加推奨', 'max_combo_prob': 0.0683, 'est_top_odds': 19.5, 'circle_concentration': 70.1, 'eligible_count': 6, 'bet_adj': 2, 'reason': 'rel_win1=60.7%（本命度） / 最有力組み合わせ確率: 0.068（推定実オッズ?20倍） / 2着集中度: 上位2艇 70.1%（補正+0.04） / 総合判定確率: 0.108 / → ヒモ分散。1号艇1着固定で広めのヒモ流し推奨（買い目+2点）', 'tenji_trigger': '展示確認: ヒモ分散レース。1号艇伸び確認後、広めのヒモ流しを採用。穴ヒモ（5・6号艇）を積極的に含める。\n展示で1号艇スタート超安定(0.129秒)→ヒモ固まり方向に注意'}",,,26.2,逃げ狙い,19.2,21.8,3,,,,,,,,,,,
2026-04-20,丸亀,11,3,田頭虎親,B1,29.69,3,,12.4052,20.5,100,61,0.1668,3.8049,,,0,低,121,0,-,452,0,68.8,1.5508,0,0,0,0.1176,0,0.1,0.375,0.025,,,E,,,0.1303,0.5945,,0.7431,S,97,0,◎1着固定 2-3着流し（5〜8点）,0.5777,"{'is_target': True, 'verdict': '参加推奨', 'max_combo_prob': 0.0683, 'est_top_odds': 19.5, 'circle_concentration': 70.1, 'eligible_count': 6, 'bet_adj': 2, 'reason': 'rel_win1=60.7%（本命度） / 最有力組み合わせ確率: 0.068（推定実オッズ?20倍） / 2着集中度: 上位2艇 70.1%（補正+0.04） / 総合判定確率: 0.108 / → ヒモ分散。1号艇1着固定で広めのヒモ流し推奨（買い目+2点）', 'tenji_trigger': '展示確認: ヒモ分散レース。1号艇伸び確認後、広めのヒモ流しを採用。穴ヒモ（5・6号艇）を積極的に含める。\n展示で1号艇スタート超安定(0.129秒)→ヒモ固まり方向に注意'}",,,26.2,逃げ狙い,19.2,21.8,3,,,,,,,,,,,
2026-04-20,丸亀,11,4,渋谷明憲,A2,42.86,4,▲,8.1347,28.2,91,75.8,0.161,3.3065,,,0,低,116,0,ま0%,1121,0,68.6,1.4,0,0,0.1515,0,0,0.0762,0.1194,0.174,,,B,△,◎,0.1963,0.662,0.2833,0.7431,S,97,0,◎1着固定 2-3着流し（5〜8点）,0.5777,"{'is_target': True, 'verdict': '参加推奨', 'max_combo_prob': 0.0683, 'est_top_odds': 19.5, 'circle_concentration': 70.1, 'eligible_count': 6, 'bet_adj': 2, 'reason': 'rel_win1=60.7%（本命度） / 最有力組み合わせ確率: 0.068（推定実オッズ?20倍） / 2着集中度: 上位2艇 70.1%（補正+0.04） / 総合判定確率: 0.108 / → ヒモ分散。1号艇1着固定で広めのヒモ流し推奨（買い目+2点）', 'tenji_trigger': '展示確認: ヒモ分散レース。1号艇伸び確認後、広めのヒモ流しを採用。穴ヒモ（5・6号艇）を積極的に含める。\n展示で1号艇スタート超安定(0.129秒)→ヒモ固まり方向に注意'}",,,26.2,逃げ狙い,19.2,21.8,3,,,,,,,,,,,
2026-04-20,丸亀,11,5,川口貴久,B1,29.71,5,△,3.8785,4.6,90,40.7,0.1496,3.1852,,,0,低,65,0,差ま0%,4 16,0,50.9,1.1414,0,0,0,0.1154,0,0.1456,0.2676,0.0471,,,D,△,,0.2335,0.6065,,0.7431,S,97,0,◎1着固定 2-3着流し（5〜8点）,0.5777,"{'is_target': True, 'verdict': '参加推奨', 'max_combo_prob': 0.0683, 'est_top_odds': 19.5, 'circle_concentration': 70.1, 'eligible_count': 6, 'bet_adj': 2, 'reason': 'rel_win1=60.7%（本命度） / 最有力組み合わせ確率: 0.068（推定実オッズ?20倍） / 2着集中度: 上位2艇 70.1%（補正+0.04） / 総合判定確率: 0.108 / → ヒモ分散。1号艇1着固定で広めのヒモ流し推奨（買い目+2点）', 'tenji_trigger': '展示確認: ヒモ分散レース。1号艇伸び確認後、広めのヒモ流しを採用。穴ヒモ（5・6号艇）を積極的に含める。\n展示で1号艇スタート超安定(0.129秒)→ヒモ固まり方向に注意'}",,,26.2,逃げ狙い,19.2,21.8,3,,,,,,,,,,,
2026-04-20,丸亀,11,6,福田宗平,A1,33.07,6,,2.3018,4.8,92,38.6,0.1614,3.65,,,0,低,93,0,ま0% 抜0%,1433,0,31.9,1.5469,0,0,0.0333,0,0.0333,0.0216,0.0216,0.2432,,,D,○,,0.1802,0.6735,,0.7431,S,97,0,◎1着固定 2-3着流し（5〜8点）,0.5777,"{'is_target': True, 'verdict': '参加推奨', 'max_combo_prob': 0.0683, 'est_top_odds': 19.5, 'circle_concentration': 70.1, 'eligible_count': 6, 'bet_adj': 2, 'reason': 'rel_win1=60.7%（本命度） / 最有力組み合わせ確率: 0.068（推定実オッズ?20倍） / 2着集中度: 上位2艇 70.1%（補正+0.04） / 総合判定確率: 0.108 / → ヒモ分散。1号艇1着固定で広めのヒモ流し推奨（買い目+2点）', 'tenji_trigger': '展示確認: ヒモ分散レース。1号艇伸び確認後、広めのヒモ流しを採用。穴ヒモ（5・6号艇）を積極的に含める。\n展示で1号艇スタート超安定(0.129秒)→ヒモ固まり方向に注意'}",,,26.2,逃げ狙い,19.2,21.8,3,,,,,,,,,,,
2026-04-20,丸亀,12,1,柳沢　一,A1,35.25,1,◎,55.1269,,0,88.8,0.1227,2.3062,,,0,低,43,0,逃1%,3143,0,40.8,0.9568,0.7027,,,,,0.0432,0.1074,0.1074,◎,,B,◎,,,0.698,,0.6665,A,78,0,◎-○軸 3着3〜4艇流し（10〜15点）,0.5777,"{'is_target': True, 'verdict': '参加推奨', 'max_combo_prob': 0.0661, 'est_top_odds': 20.2, 'circle_concentration': 64.4, 'eligible_count': 8, 'bet_adj': 2, 'reason': 'rel_win1=55.1%（本命度） / 最有力組み合わせ確率: 0.066（推定実オッズ?20倍） / 2着集中度: 上位2艇 64.4%（補正+0.00） / 総合判定確率: 0.066 / → ヒモ分散。1号艇1着固定で広めのヒモ流し推奨（買い目+2点）', 'tenji_trigger': '展示確認: ヒモ分散レース。1号艇伸び確認後、広めのヒモ流しを採用。穴ヒモ（5・6号艇）を積極的に含める。\n展示で1号艇スタート超安定(0.123秒)→ヒモ固まり方向に注意'}",,,29.9,逃げ狙い,27.12,25.8,2,,,,,0,0,0.7559,0,,逃げ軸流し,A
2026-04-20,丸亀,12,2,竹井貴史,A2,28.37,2,,18.5897,42.5,83,86.8,0.1696,3.783,,,0,低,109,0,差0% ま0% 抜0%,4225,0,49.3,1.4233,0,0.1905,0.1429,0,0.0952,0.0216,0.1315,0.0108,,,D,,,0.1002,0.616,,0.6665,A,78,0,◎-○軸 3着3〜4艇流し（10〜15点）,0.5777,"{'is_target': True, 'verdict': '参加推奨', 'max_combo_prob': 0.0661, 'est_top_odds': 20.2, 'circle_concentration': 64.4, 'eligible_count': 8, 'bet_adj': 2, 'reason': 'rel_win1=55.1%（本命度） / 最有力組み合わせ確率: 0.066（推定実オッズ?20倍） / 2着集中度: 上位2艇 64.4%（補正+0.00） / 総合判定確率: 0.066 / → ヒモ分散。1号艇1着固定で広めのヒモ流し推奨（買い目+2点）', 'tenji_trigger': '展示確認: ヒモ分散レース。1号艇伸び確認後、広めのヒモ流しを採用。穴ヒモ（5・6号艇）を積極的に含める。\n展示で1号艇スタート超安定(0.123秒)→ヒモ固まり方向に注意'}",,,29.9,逃げ狙い,27.12,25.8,2,,,,,,,,,,,
2026-04-20,丸亀,12,3,上田洋平,B1,34.78,3,△,5.3376,16.7,97,55.8,0.156,3.2019,,,0,低,112,0,-,361,0,44.6,1.4598,,,,,,0.2115,0.0615,0.1365,,,C,△,,0.153,0.6535,,0.6665,A,78,0,◎-○軸 3着3〜4艇流し（10〜15点）,0.5777,"{'is_target': True, 'verdict': '参加推奨', 'max_combo_prob': 0.0661, 'est_top_odds': 20.2, 'circle_concentration': 64.4, 'eligible_count': 8, 'bet_adj': 2, 'reason': 'rel_win1=55.1%（本命度） / 最有力組み合わせ確率: 0.066（推定実オッズ?20倍） / 2着集中度: 上位2艇 64.4%（補正+0.00） / 総合判定確率: 0.066 / → ヒモ分散。1号艇1着固定で広めのヒモ流し推奨（買い目+2点）', 'tenji_trigger': '展示確認: ヒモ分散レース。1号艇伸び確認後、広めのヒモ流しを採用。穴ヒモ（5・6号艇）を積極的に含める。\n展示で1号艇スタート超安定(0.123秒)→ヒモ固まり方向に注意'}",,,29.9,逃げ狙い,27.12,25.8,2,,,,,,,,,,,
2026-04-20,丸亀,12,4,荒井翔伍,A2,31.43,4,▲,9.794,21.8,71,67.3,0.1531,2.898,,,0,低,81,0,-,2533,0,98.6,1.9253,0,0,0.0909,0.0455,0,0.0148,0.1046,0.3287,,,C,,○,0.1967,0.6315,0.3639,0.6665,A,78,0,◎-○軸 3着3〜4艇流し（10〜15点）,0.5777,"{'is_target': True, 'verdict': '参加推奨', 'max_combo_prob': 0.0661, 'est_top_odds': 20.2, 'circle_concentration': 64.4, 'eligible_count': 8, 'bet_adj': 2, 'reason': 'rel_win1=55.1%（本命度） / 最有力組み合わせ確率: 0.066（推定実オッズ?20倍） / 2着集中度: 上位2艇 64.4%（補正+0.00） / 総合判定確率: 0.066 / → ヒモ分散。1号艇1着固定で広めのヒモ流し推奨（買い目+2点）', 'tenji_trigger': '展示確認: ヒモ分散レース。1号艇伸び確認後、広めのヒモ流しを採用。穴ヒモ（5・6号艇）を積極的に含める。\n展示で1号艇スタート超安定(0.123秒)→ヒモ固まり方向に注意'}",,,29.9,逃げ狙い,27.12,25.8,2,,,,,,,,,,,
2026-04-20,丸亀,12,5,今井貴士,A1,35.34,5,○,10.3013,14,87,50,0.1517,2.9569,,,0,低,112,0,差ま0%,3322,0,67.1,1.569,0,0,0,0.1111,0,0.24,0,0.0267,,,B,○,◎,0.223,0.654,0.369,0.6665,A,78,0,◎-○軸 3着3〜4艇流し（10〜15点）,0.5777,"{'is_target': True, 'verdict': '参加推奨', 'max_combo_prob': 0.0661, 'est_top_odds': 20.2, 'circle_concentration': 64.4, 'eligible_count': 8, 'bet_adj': 2, 'reason': 'rel_win1=55.1%（本命度） / 最有力組み合わせ確率: 0.066（推定実オッズ?20倍） / 2着集中度: 上位2艇 64.4%（補正+0.00） / 総合判定確率: 0.066 / → ヒモ分散。1号艇1着固定で広めのヒモ流し推奨（買い目+2点）', 'tenji_trigger': '展示確認: ヒモ分散レース。1号艇伸び確認後、広めのヒモ流しを採用。穴ヒモ（5・6号艇）を積極的に含める。\n展示で1号艇スタート超安定(0.123秒)→ヒモ固まり方向に注意'}",,,29.9,逃げ狙い,27.12,25.8,2,,,,,,,,,,,
2026-04-20,丸亀,12,6,森定晃史,A2,27.14,6,,0.8505,4.9,100,39.7,0.1884,4.3362,,,0,低,125,0,-,1234,0,54.9,1.5411,,,,,,0.1467,0.059,0.1771,,,E,△,,0.1526,0.647,,0.6665,A,78,0,◎-○軸 3着3〜4艇流し（10〜15点）,0.5777,"{'is_target': True, 'verdict': '参加推奨', 'max_combo_prob': 0.0661, 'est_top_odds': 20.2, 'circle_concentration': 64.4, 'eligible_count': 8, 'bet_adj': 2, 'reason': 'rel_win1=55.1%（本命度） / 最有力組み合わせ確率: 0.066（推定実オッズ?20倍） / 2着集中度: 上位2艇 64.4%（補正+0.00） / 総合判定確率: 0.066 / → ヒモ分散。1号艇1着固定で広めのヒモ流し推奨（買い目+2点）', 'tenji_trigger': '展示確認: ヒモ分散レース。1号艇伸び確認後、広めのヒモ流しを採用。穴ヒモ（5・6号艇）を積極的に含める。\n展示で1号艇スタート超安定(0.123秒)→ヒモ固まり方向に注意'}",,,29.9,逃げ狙い,27.12,25.8,2,,,,,,,,,,,
2026-04-21,丸亀,1,1,齊藤大将,B2,41.48,1,◎,59.9439,,0,60.6,0.1485,2.9697,,,0,低,108,0,-,446 6,0,81.3,0.9681,0.3077,,,,,0.0308,0.3231,0.2923,○,,B,△,,,0.575,,0.4468,B,50,0,◎○△フォーメーション（15〜20点）,0.5777,"{'is_target': True, 'verdict': '参加推奨', 'max_combo_prob': 0.0522, 'est_top_odds': 25.5, 'circle_concentration': 53.3, 'eligible_count': 9, 'bet_adj': 2, 'reason': 'rel_win1=59.9%（本命度） / 最有力組み合わせ確率: 0.052（推定実オッズ?26倍） / 2着集中度: 上位2艇 53.3%（補正-0.04） / 総合判定確率: 0.012 / → ヒモ分散。1号艇1着固定で広めのヒモ流し推奨（買い目+2点）', 'tenji_trigger': '展示確認: ヒモ分散レース。1号艇伸び確認後、広めのヒモ流しを採用。穴ヒモ（5・6号艇）を積極的に含める。'}",,,27.2,両建て推奨,8.58,34,5,,,,,0,0,0.6155,0,,逃げ軸流し,A
2026-04-21,丸亀,1,2,宮地秀祈,B1,47.89,2,○,9.607,25.5,82,41.2,0.1947,4.6471,,,0,低,145,0,-,5 254,0,66.1,1.2505,0,0.0476,0,0,0,0.2914,0.2714,0.06,,,A,◎,,0.0593,0.6005,,0.4468,B,50,0,◎○△フォーメーション（15〜20点）,0.5777,"{'is_target': True, 'verdict': '参加推奨', 'max_combo_prob': 0.0522, 'est_top_odds': 25.5, 'circle_concentration': 53.3, 'eligible_count': 9, 'bet_adj': 2, 'reason': 'rel_win1=59.9%（本命度） / 最有力組み合わせ確率: 0.052（推定実オッズ?26倍） / 2着集中度: 上位2艇 53.3%（補正-0.04） / 総合判定確率: 0.012 / → ヒモ分散。1号艇1着固定で広めのヒモ流し推奨（買い目+2点）', 'tenji_trigger': '展示確認: ヒモ分散レース。1号艇伸び確認後、広めのヒモ流しを採用。穴ヒモ（5・6号艇）を積極的に含める。'}",,,27.2,両建て推奨,8.58,34,5,,,,,,,,,,,
2026-04-21,丸亀,1,3,石井裕美,B1,25.55,3,△,9.4211,27.6,56,30.4,0.15,2.7609,,,0,低,53,0,差ま0%,566 5,0,36.1,0.6802,0,0,0,0.1,0,0.2222,0.6667,0.1111,,,E,△,,0.2945,0.564,,0.4468,B,50,0,◎○△フォーメーション（15〜20点）,0.5777,"{'is_target': True, 'verdict': '参加推奨', 'max_combo_prob': 0.0522, 'est_top_odds': 25.5, 'circle_concentration': 53.3, 'eligible_count': 9, 'bet_adj': 2, 'reason': 'rel_win1=59.9%（本命度） / 最有力組み合わせ確率: 0.052（推定実オッズ?26倍） / 2着集中度: 上位2艇 53.3%（補正-0.04） / 総合判定確率: 0.012 / → ヒモ分散。1号艇1着固定で広めのヒモ流し推奨（買い目+2点）', 'tenji_trigger': '展示確認: ヒモ分散レース。1号艇伸び確認後、広めのヒモ流しを採用。穴ヒモ（5・6号艇）を積極的に含める。'}",,,27.2,両建て推奨,8.58,34,5,,,,,,,,,,,
2026-04-21,丸亀,1,4,中岡　駿,B2,34.04,4,,12.8076,25.7,82,25,0.23,4,,,0,低,40,1,-,,0,20.8,0.8606,,,,,,,,,,,D,,,0.1364,0.482,,0.4468,B,50,0,◎○△フォーメーション（15〜20点）,0.5777,"{'is_target': True, 'verdict': '参加推奨', 'max_combo_prob': 0.0522, 'est_top_odds': 25.5, 'circle_concentration': 53.3, 'eligible_count': 9, 'bet_adj': 2, 'reason': 'rel_win1=59.9%（本命度） / 最有力組み合わせ確率: 0.052（推定実オッズ?26倍） / 2着集中度: 上位2艇 53.3%（補正-0.04） / 総合判定確率: 0.012 / → ヒモ分散。1号艇1着固定で広めのヒモ流し推奨（買い目+2点）', 'tenji_trigger': '展示確認: ヒモ分散レース。1号艇伸び確認後、広めのヒモ流しを採用。穴ヒモ（5・6号艇）を積極的に含める。'}",,,27.2,両建て推奨,8.58,34,5,,,,,,,,,,,
2026-04-21,丸亀,1,5,田頭虎親,B1,29.69,5,,6.2804,18.2,100,45.2,0.1869,4.0119,,,0,低,121,0,-,452 52,0,78.7,1.2781,,,,,,0.1,0.375,0.025,,,D,○,,0.1878,0.5945,,0.4468,B,50,0,◎○△フォーメーション（15〜20点）,0.5777,"{'is_target': True, 'verdict': '参加推奨', 'max_combo_prob': 0.0522, 'est_top_odds': 25.5, 'circle_concentration': 53.3, 'eligible_count': 9, 'bet_adj': 2, 'reason': 'rel_win1=59.9%（本命度） / 最有力組み合わせ確率: 0.052（推定実オッズ?26倍） / 2着集中度: 上位2艇 53.3%（補正-0.04） / 総合判定確率: 0.012 / → ヒモ分散。1号艇1着固定で広めのヒモ流し推奨（買い目+2点）', 'tenji_trigger': '展示確認: ヒモ分散レース。1号艇伸び確認後、広めのヒモ流しを採用。穴ヒモ（5・6号艇）を積極的に含める。'}",,,27.2,両建て推奨,8.58,34,5,,,,,,,,,,,
2026-04-21,丸亀,1,6,福山恵里,B1,46.72,6,▲,1.94,3,57,17.6,0.1641,3.6176,,,0,低,42,0,-,6 2 26,0,25.6,0.7622,,,,,,0.19,0.46,0,,,B,,,0.2604,0.498,,0.4468,B,50,0,◎○△フォーメーション（15〜20点）,0.5777,"{'is_target': True, 'verdict': '参加推奨', 'max_combo_prob': 0.0522, 'est_top_odds': 25.5, 'circle_concentration': 53.3, 'eligible_count': 9, 'bet_adj': 2, 'reason': 'rel_win1=59.9%（本命度） / 最有力組み合わせ確率: 0.052（推定実オッズ?26倍） / 2着集中度: 上位2艇 53.3%（補正-0.04） / 総合判定確率: 0.012 / → ヒモ分散。1号艇1着固定で広めのヒモ流し推奨（買い目+2点）', 'tenji_trigger': '展示確認: ヒモ分散レース。1号艇伸び確認後、広めのヒモ流しを採用。穴ヒモ（5・6号艇）を積極的に含める。'}",,,27.2,両建て推奨,8.58,34,5,,,,,,,,,,,
2026-04-21,丸亀,2,1,川口貴久,B1,29.71,1,◎,51.2222,,0,80,0.1413,2.3111,,,0,低,65,0,逃0%,4 1616,0,83.6,1.0237,0.2941,,,,,0.1456,0.2676,0.0471,◎,,D,△,,,0.6065,,0.5542,A,71,0,◎-○軸 3着3〜4艇流し（10〜15点）,0.5777,"{'is_target': True, 'verdict': '点数絞り', 'max_combo_prob': 0.0942, 'est_top_odds': 14.2, 'circle_concentration': 89.4, 'eligible_count': 8, 'bet_adj': 0, 'reason': 'rel_win1=51.2%（本命度） / 最有力組み合わせ確率: 0.094（推定実オッズ?14倍） / 2着集中度: 上位2艇 89.4%（補正+0.04） / 総合判定確率: 0.134 / → ヒモはやや固め。上位2艇以外を切ること', 'tenji_trigger': '展示確認: 1号艇伸び良→そのまま採用。悪→飛び組に差し替え。circle_pct上位2艇に絞り込むこと。'}",,,29.5,逃げ狙い,17.72,32.5,2,,,,,0,0,0.7559,0,,逃げ軸流し,A
2026-04-21,丸亀,2,2,高濱芳久,B1,27.86,2,,19.1287,59.2,84,62.9,0.1859,4.4714,,,0,低,114,0,-,32426,0,41.4,0.8074,0,0.1667,0,0,0,0.0485,0.1485,0.1485,,,E,○,,0.1106,0.6335,,0.5542,A,71,0,◎-○軸 3着3〜4艇流し（10〜15点）,0.5777,"{'is_target': True, 'verdict': '点数絞り', 'max_combo_prob': 0.0942, 'est_top_odds': 14.2, 'circle_concentration': 89.4, 'eligible_count': 8, 'bet_adj': 0, 'reason': 'rel_win1=51.2%（本命度） / 最有力組み合わせ確率: 0.094（推定実オッズ?14倍） / 2着集中度: 上位2艇 89.4%（補正+0.04） / 総合判定確率: 0.134 / → ヒモはやや固め。上位2艇以外を切ること', 'tenji_trigger': '展示確認: 1号艇伸び良→そのまま採用。悪→飛び組に差し替え。circle_pct上位2艇に絞り込むこと。'}",,,29.5,逃げ狙い,17.72,32.5,2,,,,,,,,,,,
2026-04-21,丸亀,2,3,羽野　諒,B1,54.35,3,○,13.1387,30.2,87,45.2,0.1415,2.7903,,,0,低,54,0,抜0%,3 1 33,0,49,0.9998,0,0,0,0,0.037,0.02,0.56,0.06,,,A,◎,,0.3399,0.6525,,0.5542,A,71,0,◎-○軸 3着3〜4艇流し（10〜15点）,0.5777,"{'is_target': True, 'verdict': '点数絞り', 'max_combo_prob': 0.0942, 'est_top_odds': 14.2, 'circle_concentration': 89.4, 'eligible_count': 8, 'bet_adj': 0, 'reason': 'rel_win1=51.2%（本命度） / 最有力組み合わせ確率: 0.094（推定実オッズ?14倍） / 2着集中度: 上位2艇 89.4%（補正+0.04） / 総合判定確率: 0.134 / → ヒモはやや固め。上位2艇以外を切ること', 'tenji_trigger': '展示確認: 1号艇伸び良→そのまま採用。悪→飛び組に差し替え。circle_pct上位2艇に絞り込むこと。'}",,,29.5,逃げ狙い,17.72,32.5,2,,,,,,,,,,,
2026-04-21,丸亀,2,4,小澤　学,B1,33.33,4,,8.2969,7.7,100,36.1,0.2611,5.4792,,,0,低,319,0,抜0%,5 2646,0,18,0.8455,0,0,0,0,0.0571,0.4667,0.4222,0.0222,,,D,,,0.1751,0.59,,0.5542,A,71,0,◎-○軸 3着3〜4艇流し（10〜15点）,0.5777,"{'is_target': True, 'verdict': '点数絞り', 'max_combo_prob': 0.0942, 'est_top_odds': 14.2, 'circle_concentration': 89.4, 'eligible_count': 8, 'bet_adj': 0, 'reason': 'rel_win1=51.2%（本命度） / 最有力組み合わせ確率: 0.094（推定実オッズ?14倍） / 2着集中度: 上位2艇 89.4%（補正+0.04） / 総合判定確率: 0.134 / → ヒモはやや固め。上位2艇以外を切ること', 'tenji_trigger': '展示確認: 1号艇伸び良→そのまま採用。悪→飛び組に差し替え。circle_pct上位2艇に絞り込むこと。'}",,,29.5,逃げ狙い,17.72,32.5,2,,,,,,,,,,,
2026-04-21,丸亀,2,5,松浦　勝,B1,39.71,5,▲,6.879,1.2,64,16.9,0.1548,3.6846,,,0,低,112,0,差ま0%,4 564,0,42.7,0.7795,0,0,0,0.0312,0,0.3,0.26,0.04,,,B,△,,0.275,0.6085,,0.5542,A,71,0,◎-○軸 3着3〜4艇流し（10〜15点）,0.5777,"{'is_target': True, 'verdict': '点数絞り', 'max_combo_prob': 0.0942, 'est_top_odds': 14.2, 'circle_concentration': 89.4, 'eligible_count': 8, 'bet_adj': 0, 'reason': 'rel_win1=51.2%（本命度） / 最有力組み合わせ確率: 0.094（推定実オッズ?14倍） / 2着集中度: 上位2艇 89.4%（補正+0.04） / 総合判定確率: 0.134 / → ヒモはやや固め。上位2艇以外を切ること', 'tenji_trigger': '展示確認: 1号艇伸び良→そのまま採用。悪→飛び組に差し替え。circle_pct上位2艇に絞り込むこと。'}",,,29.5,逃げ狙い,17.72,32.5,2,,,,,,,,,,,
2026-04-21,丸亀,2,6,大石真央,B1,39.16,6,△,1.3346,1.7,71,14.3,0.1943,4.0536,,,0,低,106,0,-,5 431,0,33.3,0.8089,,,,,,0.5,0.375,0,,,C,,,0.1855,0.5595,,0.5542,A,71,0,◎-○軸 3着3〜4艇流し（10〜15点）,0.5777,"{'is_target': True, 'verdict': '点数絞り', 'max_combo_prob': 0.0942, 'est_top_odds': 14.2, 'circle_concentration': 89.4, 'eligible_count': 8, 'bet_adj': 0, 'reason': 'rel_win1=51.2%（本命度） / 最有力組み合わせ確率: 0.094（推定実オッズ?14倍） / 2着集中度: 上位2艇 89.4%（補正+0.04） / 総合判定確率: 0.134 / → ヒモはやや固め。上位2艇以外を切ること', 'tenji_trigger': '展示確認: 1号艇伸び良→そのまま採用。悪→飛び組に差し替え。circle_pct上位2艇に絞り込むこと。'}",,,29.5,逃げ狙い,17.72,32.5,2,,,,,,,,,,,
2026-04-21,丸亀,3,1,田村　慶,B1,25.71,1,◎,56.8042,,0,70,0.1843,4.1,,,0,低,93,0,逃1%,6 342,0,54.4,0.9421,0.9,,,,,0,0,0,△,,D,,,,0.5845,,0.3009,A,71,0,◎-○軸 3着3〜4艇流し（10〜15点）,0.5777,"{'is_target': True, 'verdict': '参加推奨', 'max_combo_prob': 0.0604, 'est_top_odds': 22.1, 'circle_concentration': 63.8, 'eligible_count': 8, 'bet_adj': 2, 'reason': 'rel_win1=56.8%（本命度） / 最有力組み合わせ確率: 0.060（推定実オッズ?22倍） / 2着集中度: 上位2艇 63.8%（補正+0.00） / 総合判定確率: 0.060 / → ヒモ分散。1号艇1着固定で広めのヒモ流し推奨（買い目+2点）', 'tenji_trigger': '展示確認: ヒモ分散レース。1号艇伸び確認後、広めのヒモ流しを採用。穴ヒモ（5・6号艇）を積極的に含める。\n展示で1号艇スタート遅め(0.184秒)確認→ヒモが荒れやすい'}",,,31.7,逃げ狙い,17.24,25.1,4,2-3-4|2-3-6|2-4-3|2-1-4|1-2-4|2-1-3|1-3-4|1-4-2,5-1-6|3-1-4|2-3-4|5-1-3|2-3-6|2-4-3|5-6-1|2-1-4|1-2-4|2-1-3|1-3-4|1-4-2,2-3-4:2.6%|2-3-6:1.51%|2-4-3:1.33%|2-1-4:12.63%|1-2-4:8.42%|2-1-3:7.06%|1-3-4:7.04%|1-4-2:6.89%,2-3-4:B_main|2-3-6:B_main|2-4-3:B_main|2-1-4:B_sc|1-2-4:A|2-1-3:B_sc|1-3-4:A|1-4-2:A,8,12,0.4535,1,[!]見送り推奨（主役決まり手「まくり」― 逃げ劣勢レースで的中実績なし）,荒れ広め,D
2026-04-21,丸亀,3,2,川崎智稔,B1,29.17,2,,8.8327,31.1,100,52.7,0.1538,3.2,,,0,低,62,0,-,,0,100,2.0441,0,0,0.0476,0,0,0.2267,0.1733,0.0267,,◎,D,△,,0.5554,0.6335,,0.3009,A,71,0,◎-○軸 3着3〜4艇流し（10〜15点）,0.5777,"{'is_target': True, 'verdict': '参加推奨', 'max_combo_prob': 0.0604, 'est_top_odds': 22.1, 'circle_concentration': 63.8, 'eligible_count': 8, 'bet_adj': 2, 'reason': 'rel_win1=56.8%（本命度） / 最有力組み合わせ確率: 0.060（推定実オッズ?22倍） / 2着集中度: 上位2艇 63.8%（補正+0.00） / 総合判定確率: 0.060 / → ヒモ分散。1号艇1着固定で広めのヒモ流し推奨（買い目+2点）', 'tenji_trigger': '展示確認: ヒモ分散レース。1号艇伸び確認後、広めのヒモ流しを採用。穴ヒモ（5・6号艇）を積極的に含める。\n展示で1号艇スタート遅め(0.184秒)確認→ヒモが荒れやすい'}",,,31.7,逃げ狙い,17.24,25.1,4,,,,,,,,,,,
2026-04-21,丸亀,3,3,星野太郎,B1,49.25,3,○,16.1616,31.5,59,58.7,0.1613,3.8095,,,0,低,157,0,-,245 35,0,90.3,1.9758,0,0,0,0.04,0.04,0.0333,0.0667,0.25,,△,A,△,,0.4003,0.63,,0.3009,A,71,0,◎-○軸 3着3〜4艇流し（10〜15点）,0.5777,"{'is_target': True, 'verdict': '参加推奨', 'max_combo_prob': 0.0604, 'est_top_odds': 22.1, 'circle_concentration': 63.8, 'eligible_count': 8, 'bet_adj': 2, 'reason': 'rel_win1=56.8%（本命度） / 最有力組み合わせ確率: 0.060（推定実オッズ?22倍） / 2着集中度: 上位2艇 63.8%（補正+0.00） / 総合判定確率: 0.060 / → ヒモ分散。1号艇1着固定で広めのヒモ流し推奨（買い目+2点）', 'tenji_trigger': '展示確認: ヒモ分散レース。1号艇伸び確認後、広めのヒモ流しを採用。穴ヒモ（5・6号艇）を積極的に含める。\n展示で1号艇スタート遅め(0.184秒)確認→ヒモが荒れやすい'}",,,31.7,逃げ狙い,17.24,25.1,4,,,,,,,,,,,
2026-04-21,丸亀,3,4,福田宗平,A1,33.07,4,▲,10.4127,32.2,85,71.4,0.1332,3.0159,,,0,低,93,0,-,143335,0,61.9,0.6906,0,0,0,0,0.0833,0.0216,0.0216,0.2432,,○,C,◎,◎,0.4885,0.6735,0.4429,0.3009,A,71,0,◎-○軸 3着3〜4艇流し（10〜15点）,0.5777,"{'is_target': True, 'verdict': '参加推奨', 'max_combo_prob': 0.0604, 'est_top_odds': 22.1, 'circle_concentration': 63.8, 'eligible_count': 8, 'bet_adj': 2, 'reason': 'rel_win1=56.8%（本命度） / 最有力組み合わせ確率: 0.060（推定実オッズ?22倍） / 2着集中度: 上位2艇 63.8%（補正+0.00） / 総合判定確率: 0.060 / → ヒモ分散。1号艇1着固定で広めのヒモ流し推奨（買い目+2点）', 'tenji_trigger': '展示確認: ヒモ分散レース。1号艇伸び確認後、広めのヒモ流しを採用。穴ヒモ（5・6号艇）を積極的に含める。\n展示で1号艇スタート遅め(0.184秒)確認→ヒモが荒れやすい'}",,,31.7,逃げ狙い,17.24,25.1,4,,,,,,,,,,,
2026-04-21,丸亀,3,5,武藤綾子,B1,23.24,5,,3.5492,3.4,57,15.2,0.1891,4.2273,,,0,低,118,0,-,5 656,0,29.6,0.656,,,,,,0.1455,0.2364,0,,,E,,,0.2947,0.5505,,0.3009,A,71,0,◎-○軸 3着3〜4艇流し（10〜15点）,0.5777,"{'is_target': True, 'verdict': '参加推奨', 'max_combo_prob': 0.0604, 'est_top_odds': 22.1, 'circle_concentration': 63.8, 'eligible_count': 8, 'bet_adj': 2, 'reason': 'rel_win1=56.8%（本命度） / 最有力組み合わせ確率: 0.060（推定実オッズ?22倍） / 2着集中度: 上位2艇 63.8%（補正+0.00） / 総合判定確率: 0.060 / → ヒモ分散。1号艇1着固定で広めのヒモ流し推奨（買い目+2点）', 'tenji_trigger': '展示確認: ヒモ分散レース。1号艇伸び確認後、広めのヒモ流しを採用。穴ヒモ（5・6号艇）を積極的に含める。\n展示で1号艇スタート遅め(0.184秒)確認→ヒモが荒れやすい'}",,,31.7,逃げ狙い,17.24,25.1,4,,,,,,,,,,,
2026-04-21,丸亀,3,6,渋谷明憲,A2,42.86,6,△,4.2395,1.7,87,33.3,0.17,3.7754,,,0,低,116,0,差ま0%,112113,0,29.6,1.4033,0,0,0,0.069,0,0.0762,0.1194,0.174,,,B,○,,0.3334,0.662,,0.3009,A,71,0,◎-○軸 3着3〜4艇流し（10〜15点）,0.5777,"{'is_target': True, 'verdict': '参加推奨', 'max_combo_prob': 0.0604, 'est_top_odds': 22.1, 'circle_concentration': 63.8, 'eligible_count': 8, 'bet_adj': 2, 'reason': 'rel_win1=56.8%（本命度） / 最有力組み合わせ確率: 0.060（推定実オッズ?22倍） / 2着集中度: 上位2艇 63.8%（補正+0.00） / 総合判定確率: 0.060 / → ヒモ分散。1号艇1着固定で広めのヒモ流し推奨（買い目+2点）', 'tenji_trigger': '展示確認: ヒモ分散レース。1号艇伸び確認後、広めのヒモ流しを採用。穴ヒモ（5・6号艇）を積極的に含める。\n展示で1号艇スタート遅め(0.184秒)確認→ヒモが荒れやすい'}",,,31.7,逃げ狙い,17.24,25.1,4,,,,,,,,,,,
2026-04-21,丸亀,4,1,佐藤謙史,B2,37.78,1,◎,48.096,,0,71,0.1692,3.3026,,,0,低,105,0,逃0%,3 644,0,55.9,0.9187,0.2308,,,,,0.2423,0.3038,0.2115,△,,B,○,,,0.619,,0.3023,B,59,0,◎○△フォーメーション（15〜20点）,0.5777,"{'is_target': True, 'verdict': '参加推奨', 'max_combo_prob': 0.0631, 'est_top_odds': 21.1, 'circle_concentration': 65.9, 'eligible_count': 9, 'bet_adj': 2, 'reason': 'rel_win1=48.1%（本命度） / 最有力組み合わせ確率: 0.063（推定実オッズ?21倍） / 2着集中度: 上位2艇 65.9%（補正+0.00） / 総合判定確率: 0.063 / → ヒモ分散。1号艇1着固定で広めのヒモ流し推奨（買い目+2点）', 'tenji_trigger': '展示確認: ヒモ分散レース。1号艇伸び確認後、広めのヒモ流しを採用。穴ヒモ（5・6号艇）を積極的に含める。'}",,,30.7,両建て推奨,13.72,39.4,4,1-2-4|1-2-5|1-3-4|1-4-5|1-4-2,2-1-3|3-2-5|2-1-5|3-1-5|3-5-2|6-1-2|3-5-1|1-2-4|1-2-5|1-3-4|1-4-5|1-4-2,1-2-4:8.5%|1-2-5:6.05%|1-3-4:5.9%|1-4-5:5.67%|1-4-2:4.95%,1-2-4:A|1-2-5:A|1-3-4:A|1-4-5:A|1-4-2:A,5,12,0.4535,1,[!]見送り推奨（主役決まり手「まくり」― 逃げ劣勢レースで的中実績なし）,荒れ広め,D
2026-04-21,丸亀,4,2,水摩　敦,A2,22.86,2,,12.2335,37.9,88,75.4,0.1717,4.1846,,,0,低,158,0,差0% ま0%,233261,0,51.7,1.1909,0,0.0323,0.0323,0,0,0.07,0.11,0.15,,,E,△,,0.3173,0.6135,,0.3023,B,59,0,◎○△フォーメーション（15〜20点）,0.5777,"{'is_target': True, 'verdict': '参加推奨', 'max_combo_prob': 0.0631, 'est_top_odds': 21.1, 'circle_concentration': 65.9, 'eligible_count': 9, 'bet_adj': 2, 'reason': 'rel_win1=48.1%（本命度） / 最有力組み合わせ確率: 0.063（推定実オッズ?21倍） / 2着集中度: 上位2艇 65.9%（補正+0.00） / 総合判定確率: 0.063 / → ヒモ分散。1号艇1着固定で広めのヒモ流し推奨（買い目+2点）', 'tenji_trigger': '展示確認: ヒモ分散レース。1号艇伸び確認後、広めのヒモ流しを採用。穴ヒモ（5・6号艇）を積極的に含める。'}",,,30.7,両建て推奨,13.72,39.4,4,,,,,,,,,,,
2026-04-21,丸亀,4,3,福嶋智之,B1,43.07,3,▲,11.0825,15.3,86,43.8,0.1556,3.2083,,,0,低,102,0,差ま0%,1 324,0,29.6,0.9077,0,0,0,0.0476,0,0.1583,0.325,0.1417,,○,A,,,0.3973,0.5965,,0.3023,B,59,0,◎○△フォーメーション（15〜20点）,0.5777,"{'is_target': True, 'verdict': '参加推奨', 'max_combo_prob': 0.0631, 'est_top_odds': 21.1, 'circle_concentration': 65.9, 'eligible_count': 9, 'bet_adj': 2, 'reason': 'rel_win1=48.1%（本命度） / 最有力組み合わせ確率: 0.063（推定実オッズ?21倍） / 2着集中度: 上位2艇 65.9%（補正+0.00） / 総合判定確率: 0.063 / → ヒモ分散。1号艇1着固定で広めのヒモ流し推奨（買い目+2点）', 'tenji_trigger': '展示確認: ヒモ分散レース。1号艇伸び確認後、広めのヒモ流しを採用。穴ヒモ（5・6号艇）を積極的に含める。'}",,,30.7,両建て推奨,13.72,39.4,4,,,,,,,,,,,
2026-04-21,丸亀,4,4,佐藤博亮,A1,40.74,4,○,17.2104,28,100,74.1,0.1256,2.5648,,,0,低,60,0,差0% ま0% 抜0%,251553,0,92.8,1.714,0,0.0476,0.0476,0,0.0952,0.0879,0.0111,0.0444,,◎,B,◎,◎,0.5046,0.6875,0.4719,0.3023,B,59,0,◎○△フォーメーション（15〜20点）,0.5777,"{'is_target': True, 'verdict': '参加推奨', 'max_combo_prob': 0.0631, 'est_top_odds': 21.1, 'circle_concentration': 65.9, 'eligible_count': 9, 'bet_adj': 2, 'reason': 'rel_win1=48.1%（本命度） / 最有力組み合わせ確率: 0.063（推定実オッズ?21倍） / 2着集中度: 上位2艇 65.9%（補正+0.00） / 総合判定確率: 0.063 / → ヒモ分散。1号艇1着固定で広めのヒモ流し推奨（買い目+2点）', 'tenji_trigger': '展示確認: ヒモ分散レース。1号艇伸び確認後、広めのヒモ流しを採用。穴ヒモ（5・6号艇）を積極的に含める。'}",,,30.7,両建て推奨,13.72,39.4,4,,,,,,,,,,,
2026-04-21,丸亀,4,5,妻鳥晋也,B1,26.39,5,△,10.2301,18.5,91,55.6,0.1729,3.7619,,,0,低,151,0,差ま0%,132 51,0,60.4,1.2357,0,0,0,0.0357,0.0357,0.25,0.21,0.23,,,D,△,○,0.3157,0.601,0.2018,0.3023,B,59,0,◎○△フォーメーション（15〜20点）,0.5777,"{'is_target': True, 'verdict': '参加推奨', 'max_combo_prob': 0.0631, 'est_top_odds': 21.1, 'circle_concentration': 65.9, 'eligible_count': 9, 'bet_adj': 2, 'reason': 'rel_win1=48.1%（本命度） / 最有力組み合わせ確率: 0.063（推定実オッズ?21倍） / 2着集中度: 上位2艇 65.9%（補正+0.00） / 総合判定確率: 0.063 / → ヒモ分散。1号艇1着固定で広めのヒモ流し推奨（買い目+2点）', 'tenji_trigger': '展示確認: ヒモ分散レース。1号艇伸び確認後、広めのヒモ流しを採用。穴ヒモ（5・6号艇）を積極的に含める。'}",,,30.7,両建て推奨,13.72,39.4,4,,,,,,,,,,,
2026-04-21,丸亀,4,6,高橋涼夏,B2,23.57,6,,1.1474,0.3,12,1.1,0.1739,4.0111,,,0,低,43,0,-,665 56,0,26.5,0.7822,,,,,,,,,,,D,,,0.3445,0.5355,,0.3023,B,59,0,◎○△フォーメーション（15〜20点）,0.5777,"{'is_target': True, 'verdict': '参加推奨', 'max_combo_prob': 0.0631, 'est_top_odds': 21.1, 'circle_concentration': 65.9, 'eligible_count': 9, 'bet_adj': 2, 'reason': 'rel_win1=48.1%（本命度） / 最有力組み合わせ確率: 0.063（推定実オッズ?21倍） / 2着集中度: 上位2艇 65.9%（補正+0.00） / 総合判定確率: 0.063 / → ヒモ分散。1号艇1着固定で広めのヒモ流し推奨（買い目+2点）', 'tenji_trigger': '展示確認: ヒモ分散レース。1号艇伸び確認後、広めのヒモ流しを採用。穴ヒモ（5・6号艇）を積極的に含める。'}",,,30.7,両建て推奨,13.72,39.4,4,,,,,,,,,,,
2026-04-21,丸亀,5,1,永井亮次,B1,42.65,1,◎,51.7033,,0,90.5,0.1535,3.127,,,0,低,196,0,-,4 412,0,86.8,1.2806,0.52,,,,,0.048,0.032,0.164,◎,,B,,,,0.607,,0.4875,S,81,0,◎1着固定 2-3着流し（5〜8点）,0.5777,"{'is_target': True, 'verdict': '参加推奨', 'max_combo_prob': 0.0835, 'est_top_odds': 16.0, 'circle_concentration': 69.0, 'eligible_count': 6, 'bet_adj': 2, 'reason': 'rel_win1=51.7%（本命度） / 最有力組み合わせ確率: 0.083（推定実オッズ?16倍） / 2着集中度: 上位2艇 69.0%（補正+0.00） / 総合判定確率: 0.083 / → ヒモ分散。1号艇1着固定で広めのヒモ流し推奨（買い目+2点）', 'tenji_trigger': '展示確認: ヒモ分散レース。1号艇伸び確認後、広めのヒモ流しを採用。穴ヒモ（5・6号艇）を積極的に含める。'}",,,27.9,逃げ狙い,19.05,26.9,2,,,,,0,0,0.7559,0,,逃げ軸流し,A
2026-04-21,丸亀,5,2,荒井翔伍,A2,31.43,2,,12.9819,54,100,72.5,0.1524,3.4706,,,0,低,81,0,-,253316,0,49.2,1.1378,0,0.125,0,0,0,0.0148,0.1046,0.3287,,◎,D,△,,0.3466,0.6315,,0.4875,S,81,0,◎1着固定 2-3着流し（5〜8点）,0.5777,"{'is_target': True, 'verdict': '参加推奨', 'max_combo_prob': 0.0835, 'est_top_odds': 16.0, 'circle_concentration': 69.0, 'eligible_count': 6, 'bet_adj': 2, 'reason': 'rel_win1=51.7%（本命度） / 最有力組み合わせ確率: 0.083（推定実オッズ?16倍） / 2着集中度: 上位2艇 69.0%（補正+0.00） / 総合判定確率: 0.083 / → ヒモ分散。1号艇1着固定で広めのヒモ流し推奨（買い目+2点）', 'tenji_trigger': '展示確認: ヒモ分散レース。1号艇伸び確認後、広めのヒモ流しを採用。穴ヒモ（5・6号艇）を積極的に含める。'}",,,27.9,逃げ狙い,19.05,26.9,2,,,,,,,,,,,
2026-04-21,丸亀,5,3,桑原　啓,B1,41.26,3,○,11.8479,14.8,52,33.3,0.1688,3.5583,,,0,低,104,0,差0% ま0% 差ま0%,664 65,0,100,0.8173,0,0.0417,0.0833,0.0417,0,0.3,0.22,0.18,,,B,○,,0.2228,0.6545,,0.4875,S,81,0,◎1着固定 2-3着流し（5〜8点）,0.5777,"{'is_target': True, 'verdict': '参加推奨', 'max_combo_prob': 0.0835, 'est_top_odds': 16.0, 'circle_concentration': 69.0, 'eligible_count': 6, 'bet_adj': 2, 'reason': 'rel_win1=51.7%（本命度） / 最有力組み合わせ確率: 0.083（推定実オッズ?16倍） / 2着集中度: 上位2艇 69.0%（補正+0.00） / 総合判定確率: 0.083 / → ヒモ分散。1号艇1着固定で広めのヒモ流し推奨（買い目+2点）', 'tenji_trigger': '展示確認: ヒモ分散レース。1号艇伸び確認後、広めのヒモ流しを採用。穴ヒモ（5・6号艇）を積極的に含める。'}",,,27.9,逃げ狙い,19.05,26.9,2,,,,,,,,,,,
2026-04-21,丸亀,5,4,高岡竜也,A2,36.36,4,▲,14.337,15,63,52.3,0.1569,3.4385,,,0,低,136,0,差0% ま0% 差ま0%,2 4421,0,61.2,1.3198,0,0.0333,0.0667,0.0333,0,0,0.075,0.1125,,,C,△,◎,0.2843,0.642,0.3103,0.4875,S,81,0,◎1着固定 2-3着流し（5〜8点）,0.5777,"{'is_target': True, 'verdict': '参加推奨', 'max_combo_prob': 0.0835, 'est_top_odds': 16.0, 'circle_concentration': 69.0, 'eligible_count': 6, 'bet_adj': 2, 'reason': 'rel_win1=51.7%（本命度） / 最有力組み合わせ確率: 0.083（推定実オッズ?16倍） / 2着集中度: 上位2艇 69.0%（補正+0.00） / 総合判定確率: 0.083 / → ヒモ分散。1号艇1着固定で広めのヒモ流し推奨（買い目+2点）', 'tenji_trigger': '展示確認: ヒモ分散レース。1号艇伸び確認後、広めのヒモ流しを採用。穴ヒモ（5・6号艇）を積極的に含める。'}",,,27.9,逃げ狙い,19.05,26.9,2,,,,,,,,,,,
2026-04-21,丸亀,5,5,岡部　浩,B1,38.24,5,,5.2835,4.8,84,25,0.1923,4.1154,,,0,低,155,0,-,565 25,0,34.9,0.9117,,,,,,0.2311,0.2311,0.0667,,,C,,,0.1938,0.5865,,0.4875,S,81,0,◎1着固定 2-3着流し（5〜8点）,0.5777,"{'is_target': True, 'verdict': '参加推奨', 'max_combo_prob': 0.0835, 'est_top_odds': 16.0, 'circle_concentration': 69.0, 'eligible_count': 6, 'bet_adj': 2, 'reason': 'rel_win1=51.7%（本命度） / 最有力組み合わせ確率: 0.083（推定実オッズ?16倍） / 2着集中度: 上位2艇 69.0%（補正+0.00） / 総合判定確率: 0.083 / → ヒモ分散。1号艇1着固定で広めのヒモ流し推奨（買い目+2点）', 'tenji_trigger': '展示確認: ヒモ分散レース。1号艇伸び確認後、広めのヒモ流しを採用。穴ヒモ（5・6号艇）を積極的に含める。'}",,,27.9,逃げ狙い,19.05,26.9,2,,,,,,,,,,,
2026-04-21,丸亀,5,6,柳沢　一,A1,35.25,6,△,3.8464,11.4,82,61.5,0.1349,2.8205,,,0,低,43,0,差0%,314342,0,29.8,2.3331,0,0.05,0,0,0,0.0432,0.1074,0.1074,,,D,◎,,0.345,0.698,,0.4875,S,81,0,◎1着固定 2-3着流し（5〜8点）,0.5777,"{'is_target': True, 'verdict': '参加推奨', 'max_combo_prob': 0.0835, 'est_top_odds': 16.0, 'circle_concentration': 69.0, 'eligible_count': 6, 'bet_adj': 2, 'reason': 'rel_win1=51.7%（本命度） / 最有力組み合わせ確率: 0.083（推定実オッズ?16倍） / 2着集中度: 上位2艇 69.0%（補正+0.00） / 総合判定確率: 0.083 / → ヒモ分散。1号艇1着固定で広めのヒモ流し推奨（買い目+2点）', 'tenji_trigger': '展示確認: ヒモ分散レース。1号艇伸び確認後、広めのヒモ流しを採用。穴ヒモ（5・6号艇）を積極的に含める。'}",,,27.9,逃げ狙い,19.05,26.9,2,,,,,,,,,,,
2026-04-21,丸亀,6,1,今井貴士,A1,35.34,1,◎,65.5547,,0,95.5,0.1476,2.9318,,,0,低,112,0,逃1%,332214,0,92.4,1.2391,0.7667,,,,,0.24,0,0.0267,◎,,C,◎,,,0.654,,0.6029,S,88,0,◎1着固定 2-3着流し（5〜8点）,0.5777,"{'is_target': True, 'verdict': '参加推奨', 'max_combo_prob': 0.0988, 'est_top_odds': 13.5, 'circle_concentration': 66.4, 'eligible_count': 6, 'bet_adj': 2, 'reason': 'rel_win1=65.6%（本命度） / 最有力組み合わせ確率: 0.099（推定実オッズ?14倍） / 2着集中度: 上位2艇 66.4%（補正+0.00） / 総合判定確率: 0.099 / → ヒモ分散。1号艇1着固定で広めのヒモ流し推奨（買い目+2点）', 'tenji_trigger': '展示確認: ヒモ分散レース。1号艇伸び確認後、広めのヒモ流しを採用。穴ヒモ（5・6号艇）を積極的に含める。'}",,,26.4,逃げ狙い,11.66,28.9,4,,,,,0,0,0.7559,0,,逃げ軸流し,A
2026-04-21,丸亀,6,2,石井裕美,B1,25.55,2,,10.4883,42.1,78,53.3,0.1567,2.95,,,0,低,53,0,差0% ま0% 抜0%,566 5,0,60.1,0.876,0,0.0625,0.0625,0,0.0625,0.2222,0.6667,0.1111,,,E,,,0.2229,0.564,,0.6029,S,88,0,◎1着固定 2-3着流し（5〜8点）,0.5777,"{'is_target': True, 'verdict': '参加推奨', 'max_combo_prob': 0.0988, 'est_top_odds': 13.5, 'circle_concentration': 66.4, 'eligible_count': 6, 'bet_adj': 2, 'reason': 'rel_win1=65.6%（本命度） / 最有力組み合わせ確率: 0.099（推定実オッズ?14倍） / 2着集中度: 上位2艇 66.4%（補正+0.00） / 総合判定確率: 0.099 / → ヒモ分散。1号艇1着固定で広めのヒモ流し推奨（買い目+2点）', 'tenji_trigger': '展示確認: ヒモ分散レース。1号艇伸び確認後、広めのヒモ流しを採用。穴ヒモ（5・6号艇）を積極的に含める。'}",,,26.4,逃げ狙い,11.66,28.9,4,,,,,,,,,,,
2026-04-21,丸亀,6,3,松浦　勝,B1,39.71,3,▲,8.0267,24.4,55,37.1,0.1537,3.379,,,0,低,112,0,ま0% 差ま0%,4 564,0,23.6,0.749,0,0,0.0345,0.0345,0,0.3,0.26,0.04,,,C,△,,0.2542,0.6085,,0.6029,S,88,0,◎1着固定 2-3着流し（5〜8点）,0.5777,"{'is_target': True, 'verdict': '参加推奨', 'max_combo_prob': 0.0988, 'est_top_odds': 13.5, 'circle_concentration': 66.4, 'eligible_count': 6, 'bet_adj': 2, 'reason': 'rel_win1=65.6%（本命度） / 最有力組み合わせ確率: 0.099（推定実オッズ?14倍） / 2着集中度: 上位2艇 66.4%（補正+0.00） / 総合判定確率: 0.099 / → ヒモ分散。1号艇1着固定で広めのヒモ流し推奨（買い目+2点）', 'tenji_trigger': '展示確認: ヒモ分散レース。1号艇伸び確認後、広めのヒモ流しを採用。穴ヒモ（5・6号艇）を積極的に含める。'}",,,26.4,逃げ狙い,11.66,28.9,4,,,,,,,,,,,
2026-04-21,丸亀,6,4,上田洋平,B1,34.78,4,,5.4791,18.3,82,44.6,0.1634,3.4846,,,0,低,112,0,差0%,361 33,0,37,0.8606,0,0.037,0,0,0,0.2115,0.0615,0.1365,,,D,○,,0.2201,0.6535,,0.6029,S,88,0,◎1着固定 2-3着流し（5〜8点）,0.5777,"{'is_target': True, 'verdict': '参加推奨', 'max_combo_prob': 0.0988, 'est_top_odds': 13.5, 'circle_concentration': 66.4, 'eligible_count': 6, 'bet_adj': 2, 'reason': 'rel_win1=65.6%（本命度） / 最有力組み合わせ確率: 0.099（推定実オッズ?14倍） / 2着集中度: 上位2艇 66.4%（補正+0.00） / 総合判定確率: 0.099 / → ヒモ分散。1号艇1着固定で広めのヒモ流し推奨（買い目+2点）', 'tenji_trigger': '展示確認: ヒモ分散レース。1号艇伸び確認後、広めのヒモ流しを採用。穴ヒモ（5・6号艇）を積極的に含める。'}",,,26.4,逃げ狙い,11.66,28.9,4,,,,,,,,,,,
2026-04-21,丸亀,6,5,大野芳顕,A2,41.18,5,△,6.0955,9.7,100,50.7,0.1754,3.5423,,,0,低,139,0,-,324 11,0,85.7,1.5936,0,0,0,0.0667,0,0.09,0.11,0.14,,,B,△,,0.2022,0.6345,,0.6029,S,88,0,◎1着固定 2-3着流し（5〜8点）,0.5777,"{'is_target': True, 'verdict': '参加推奨', 'max_combo_prob': 0.0988, 'est_top_odds': 13.5, 'circle_concentration': 66.4, 'eligible_count': 6, 'bet_adj': 2, 'reason': 'rel_win1=65.6%（本命度） / 最有力組み合わせ確率: 0.099（推定実オッズ?14倍） / 2着集中度: 上位2艇 66.4%（補正+0.00） / 総合判定確率: 0.099 / → ヒモ分散。1号艇1着固定で広めのヒモ流し推奨（買い目+2点）', 'tenji_trigger': '展示確認: ヒモ分散レース。1号艇伸び確認後、広めのヒモ流しを採用。穴ヒモ（5・6号艇）を積極的に含める。'}",,,26.4,逃げ狙い,11.66,28.9,4,,,,,,,,,,,
2026-04-21,丸亀,6,6,水谷理人,A2,44.12,6,○,4.3558,5.6,42,35.4,0.1454,3.3021,,,0,低,64,0,-,111334,0,35.6,1.2858,,,,,,0.0533,0.28,0.0267,,,B,,,0.3199,0.569,,0.6029,S,88,0,◎1着固定 2-3着流し（5〜8点）,0.5777,"{'is_target': True, 'verdict': '参加推奨', 'max_combo_prob': 0.0988, 'est_top_odds': 13.5, 'circle_concentration': 66.4, 'eligible_count': 6, 'bet_adj': 2, 'reason': 'rel_win1=65.6%（本命度） / 最有力組み合わせ確率: 0.099（推定実オッズ?14倍） / 2着集中度: 上位2艇 66.4%（補正+0.00） / 総合判定確率: 0.099 / → ヒモ分散。1号艇1着固定で広めのヒモ流し推奨（買い目+2点）', 'tenji_trigger': '展示確認: ヒモ分散レース。1号艇伸び確認後、広めのヒモ流しを採用。穴ヒモ（5・6号艇）を積極的に含める。'}",,,26.4,逃げ狙い,11.66,28.9,4,,,,,,,,,,,
2026-04-21,丸亀,7,1,横田　茂,B1,39.13,1,◎,60.827,,0,90.7,0.1398,2.5556,,,0,低,109,0,逃0%,144 42,0,84.3,1.1713,0.25,,,,,0.45,0.2167,0.05,◎,,B,○,,,0.6545,,0.548,S,87,0,◎1着固定 2-3着流し（5〜8点）,0.5777,"{'is_target': True, 'verdict': '参加推奨', 'max_combo_prob': 0.057, 'est_top_odds': 23.4, 'circle_concentration': 63.1, 'eligible_count': 6, 'bet_adj': 2, 'reason': 'rel_win1=60.8%（本命度） / 最有力組み合わせ確率: 0.057（推定実オッズ?23倍） / 2着集中度: 上位2艇 63.1%（補正+0.00） / 総合判定確率: 0.057 / → ヒモ分散。1号艇1着固定で広めのヒモ流し推奨（買い目+2点）', 'tenji_trigger': '展示確認: ヒモ分散レース。1号艇伸び確認後、広めのヒモ流しを採用。穴ヒモ（5・6号艇）を積極的に含める。\n展示で1号艇スタート超安定(0.140秒)→ヒモ固まり方向に注意'}",,,30.9,逃げ狙い,13.16,40.5,4,,,,,0,0,0.7559,0,,逃げ軸流し,A
2026-04-21,丸亀,7,2,倉田郁美,B1,20.67,2,,8.1736,30.1,82,40,0.1663,3.7167,,,0,低,77,0,-,466 45,0,22,0.6783,,,,,,0.625,0.25,0,,,E,,,0.145,0.5695,,0.548,S,87,0,◎1着固定 2-3着流し（5〜8点）,0.5777,"{'is_target': True, 'verdict': '参加推奨', 'max_combo_prob': 0.057, 'est_top_odds': 23.4, 'circle_concentration': 63.1, 'eligible_count': 6, 'bet_adj': 2, 'reason': 'rel_win1=60.8%（本命度） / 最有力組み合わせ確率: 0.057（推定実オッズ?23倍） / 2着集中度: 上位2艇 63.1%（補正+0.00） / 総合判定確率: 0.057 / → ヒモ分散。1号艇1着固定で広めのヒモ流し推奨（買い目+2点）', 'tenji_trigger': '展示確認: ヒモ分散レース。1号艇伸び確認後、広めのヒモ流しを採用。穴ヒモ（5・6号艇）を積極的に含める。\n展示で1号艇スタート超安定(0.140秒)→ヒモ固まり方向に注意'}",,,30.9,逃げ狙い,13.16,40.5,4,,,,,,,,,,,
2026-04-21,丸亀,7,3,伏田裕隆,A2,21.32,3,,9.5321,22.6,78,47.1,0.2037,4.2941,,,0,低,155,0,差ま0%,4 5163,0,38.6,0.9215,0,0,0,0.0455,0,0.1477,0.1295,0.2409,,,E,,,0.1547,0.57,,0.548,S,87,0,◎1着固定 2-3着流し（5〜8点）,0.5777,"{'is_target': True, 'verdict': '参加推奨', 'max_combo_prob': 0.057, 'est_top_odds': 23.4, 'circle_concentration': 63.1, 'eligible_count': 6, 'bet_adj': 2, 'reason': 'rel_win1=60.8%（本命度） / 最有力組み合わせ確率: 0.057（推定実オッズ?23倍） / 2着集中度: 上位2艇 63.1%（補正+0.00） / 総合判定確率: 0.057 / → ヒモ分散。1号艇1着固定で広めのヒモ流し推奨（買い目+2点）', 'tenji_trigger': '展示確認: ヒモ分散レース。1号艇伸び確認後、広めのヒモ流しを採用。穴ヒモ（5・6号艇）を積極的に含める。\n展示で1号艇スタート超安定(0.140秒)→ヒモ固まり方向に注意'}",,,30.9,逃げ狙い,13.16,40.5,4,,,,,,,,,,,
2026-04-21,丸亀,7,4,森定晃史,A2,27.14,4,▲,12.7622,33,100,72.1,0.1536,3.123,,,0,低,125,0,差0% ま0%,123435,0,80,1.5296,0,0.0714,0.0357,0,0,0.1467,0.059,0.1771,,,D,△,◎,0.2698,0.647,0.3885,0.548,S,87,0,◎1着固定 2-3着流し（5〜8点）,0.5777,"{'is_target': True, 'verdict': '参加推奨', 'max_combo_prob': 0.057, 'est_top_odds': 23.4, 'circle_concentration': 63.1, 'eligible_count': 6, 'bet_adj': 2, 'reason': 'rel_win1=60.8%（本命度） / 最有力組み合わせ確率: 0.057（推定実オッズ?23倍） / 2着集中度: 上位2艇 63.1%（補正+0.00） / 総合判定確率: 0.057 / → ヒモ分散。1号艇1着固定で広めのヒモ流し推奨（買い目+2点）', 'tenji_trigger': '展示確認: ヒモ分散レース。1号艇伸び確認後、広めのヒモ流しを採用。穴ヒモ（5・6号艇）を積極的に含める。\n展示で1号艇スタート超安定(0.140秒)→ヒモ固まり方向に注意'}",,,30.9,逃げ狙い,13.16,40.5,4,,,,,,,,,,,
2026-04-21,丸亀,7,5,宮地秀祈,B1,47.89,5,○,4.405,7.8,70,27.9,0.1861,3.9016,,,0,低,145,0,-,5 254,0,28.7,0.8621,,,,,,0.2914,0.2714,0.06,,,A,△,,0.198,0.6005,,0.548,S,87,0,◎1着固定 2-3着流し（5〜8点）,0.5777,"{'is_target': True, 'verdict': '参加推奨', 'max_combo_prob': 0.057, 'est_top_odds': 23.4, 'circle_concentration': 63.1, 'eligible_count': 6, 'bet_adj': 2, 'reason': 'rel_win1=60.8%（本命度） / 最有力組み合わせ確率: 0.057（推定実オッズ?23倍） / 2着集中度: 上位2艇 63.1%（補正+0.00） / 総合判定確率: 0.057 / → ヒモ分散。1号艇1着固定で広めのヒモ流し推奨（買い目+2点）', 'tenji_trigger': '展示確認: ヒモ分散レース。1号艇伸び確認後、広めのヒモ流しを採用。穴ヒモ（5・6号艇）を積極的に含める。\n展示で1号艇スタート超安定(0.140秒)→ヒモ固まり方向に注意'}",,,30.9,逃げ狙い,13.16,40.5,4,,,,,,,,,,,
2026-04-21,丸亀,7,6,大池佑来,A1,34.35,6,△,4.3001,6.5,73,46.9,0.1562,3.9062,,,0,低,30,0,差ま0%,221131,0,93.8,1.8917,0,0,0,0.0667,0,0,0.05,0,,,C,◎,,0.2677,0.693,,0.548,S,87,0,◎1着固定 2-3着流し（5〜8点）,0.5777,"{'is_target': True, 'verdict': '参加推奨', 'max_combo_prob': 0.057, 'est_top_odds': 23.4, 'circle_concentration': 63.1, 'eligible_count': 6, 'bet_adj': 2, 'reason': 'rel_win1=60.8%（本命度） / 最有力組み合わせ確率: 0.057（推定実オッズ?23倍） / 2着集中度: 上位2艇 63.1%（補正+0.00） / 総合判定確率: 0.057 / → ヒモ分散。1号艇1着固定で広めのヒモ流し推奨（買い目+2点）', 'tenji_trigger': '展示確認: ヒモ分散レース。1号艇伸び確認後、広めのヒモ流しを採用。穴ヒモ（5・6号艇）を積極的に含める。\n展示で1号艇スタート超安定(0.140秒)→ヒモ固まり方向に注意'}",,,30.9,逃げ狙い,13.16,40.5,4,,,,,,,,,,,
2026-04-21,丸亀,8,1,竹井貴史,A2,28.37,1,◎,68.0623,,0,87.5,0.1791,4.1125,,,0,低,109,0,逃1%,422521,0,76,1.1663,0.7027,,,,,0.0216,0.1315,0.0108,○,,D,△,,,0.616,,0.3979,S,89,0,◎1着固定 2-3着流し（5〜8点）,0.5777,"{'is_target': True, 'verdict': '参加推奨', 'max_combo_prob': 0.0946, 'est_top_odds': 14.1, 'circle_concentration': 58.6, 'eligible_count': 6, 'bet_adj': 2, 'reason': 'rel_win1=68.1%（本命度） / 最有力組み合わせ確率: 0.095（推定実オッズ?14倍） / 2着集中度: 上位2艇 58.6%（補正+0.00） / 総合判定確率: 0.095 / → ヒモ分散。1号艇1着固定で広めのヒモ流し推奨（買い目+2点）', 'tenji_trigger': '展示確認: ヒモ分散レース。1号艇伸び確認後、広めのヒモ流しを採用。穴ヒモ（5・6号艇）を積極的に含める。'}",,,27.5,逃げ狙い,18.3,26.3,3,,,,,0,0,0.6155,0,,逃げ軸流し,A
2026-04-21,丸亀,8,2,中尾優香,A2,33.58,2,▲,10.9331,32.4,59,40.9,0.1741,3.3636,,,0,低,53,0,差0% ま0%,115524,0,22,0.7036,0,0.1429,0.2857,0,0,0,0.3333,0,,△,C,,,0.4047,0.5435,,0.3979,S,89,0,◎1着固定 2-3着流し（5〜8点）,0.5777,"{'is_target': True, 'verdict': '参加推奨', 'max_combo_prob': 0.0946, 'est_top_odds': 14.1, 'circle_concentration': 58.6, 'eligible_count': 6, 'bet_adj': 2, 'reason': 'rel_win1=68.1%（本命度） / 最有力組み合わせ確率: 0.095（推定実オッズ?14倍） / 2着集中度: 上位2艇 58.6%（補正+0.00） / 総合判定確率: 0.095 / → ヒモ分散。1号艇1着固定で広めのヒモ流し推奨（買い目+2点）', 'tenji_trigger': '展示確認: ヒモ分散レース。1号艇伸び確認後、広めのヒモ流しを採用。穴ヒモ（5・6号艇）を積極的に含める。'}",,,27.5,逃げ狙い,18.3,26.3,3,,,,,,,,,,,
2026-04-21,丸亀,8,3,齊藤大将,B2,41.48,3,○,6.9024,23.9,58,42.3,0.1638,3.4327,,,0,低,108,0,-,446 6,0,61.9,1.0098,,,,,,0.0308,0.3231,0.2923,,,A,△,,0.3956,0.575,,0.3979,S,89,0,◎1着固定 2-3着流し（5〜8点）,0.5777,"{'is_target': True, 'verdict': '参加推奨', 'max_combo_prob': 0.0946, 'est_top_odds': 14.1, 'circle_concentration': 58.6, 'eligible_count': 6, 'bet_adj': 2, 'reason': 'rel_win1=68.1%（本命度） / 最有力組み合わせ確率: 0.095（推定実オッズ?14倍） / 2着集中度: 上位2艇 58.6%（補正+0.00） / 総合判定確率: 0.095 / → ヒモ分散。1号艇1着固定で広めのヒモ流し推奨（買い目+2点）', 'tenji_trigger': '展示確認: ヒモ分散レース。1号艇伸び確認後、広めのヒモ流しを採用。穴ヒモ（5・6号艇）を積極的に含める。'}",,,27.5,逃げ狙い,18.3,26.3,3,,,,,,,,,,,
2026-04-21,丸亀,8,4,長尾章平,A1,23.19,4,,8.2754,26.2,100,79.2,0.1488,3.0208,,,0,低,100,0,差0% ま0% 差ま0%,56612,0,71.1,1.4449,0,0.0256,0.0769,0.0769,0,0.12,0.0844,0.1022,,◎,E,◎,◎,0.4358,0.69,0.4391,0.3979,S,89,0,◎1着固定 2-3着流し（5〜8点）,0.5777,"{'is_target': True, 'verdict': '参加推奨', 'max_combo_prob': 0.0946, 'est_top_odds': 14.1, 'circle_concentration': 58.6, 'eligible_count': 6, 'bet_adj': 2, 'reason': 'rel_win1=68.1%（本命度） / 最有力組み合わせ確率: 0.095（推定実オッズ?14倍） / 2着集中度: 上位2艇 58.6%（補正+0.00） / 総合判定確率: 0.095 / → ヒモ分散。1号艇1着固定で広めのヒモ流し推奨（買い目+2点）', 'tenji_trigger': '展示確認: ヒモ分散レース。1号艇伸び確認後、広めのヒモ流しを採用。穴ヒモ（5・6号艇）を積極的に含める。'}",,,27.5,逃げ狙い,18.3,26.3,3,,,,,,,,,,,
2026-04-21,丸亀,8,5,川崎智稔,B1,29.17,5,△,4.7822,16.1,56,40,0.1398,2.46,,,0,低,62,0,-,,0,39.6,1.2731,0,0,0,0.0455,0.0909,0.2267,0.1733,0.0267,,○,D,○,,0.4276,0.6335,,0.3979,S,89,0,◎1着固定 2-3着流し（5〜8点）,0.5777,"{'is_target': True, 'verdict': '参加推奨', 'max_combo_prob': 0.0946, 'est_top_odds': 14.1, 'circle_concentration': 58.6, 'eligible_count': 6, 'bet_adj': 2, 'reason': 'rel_win1=68.1%（本命度） / 最有力組み合わせ確率: 0.095（推定実オッズ?14倍） / 2着集中度: 上位2艇 58.6%（補正+0.00） / 総合判定確率: 0.095 / → ヒモ分散。1号艇1着固定で広めのヒモ流し推奨（買い目+2点）', 'tenji_trigger': '展示確認: ヒモ分散レース。1号艇伸び確認後、広めのヒモ流しを採用。穴ヒモ（5・6号艇）を積極的に含める。'}",,,27.5,逃げ狙い,18.3,26.3,3,,,,,,,,,,,
2026-04-21,丸亀,8,6,中岡　駿,B2,34.04,6,,1.0446,1.4,19,6.2,0.2055,4.3615,,,0,低,40,0,-,,0,98.1,2.1522,,,,,,,,,,,B,,,0.2493,0.482,,0.3979,S,89,0,◎1着固定 2-3着流し（5〜8点）,0.5777,"{'is_target': True, 'verdict': '参加推奨', 'max_combo_prob': 0.0946, 'est_top_odds': 14.1, 'circle_concentration': 58.6, 'eligible_count': 6, 'bet_adj': 2, 'reason': 'rel_win1=68.1%（本命度） / 最有力組み合わせ確率: 0.095（推定実オッズ?14倍） / 2着集中度: 上位2艇 58.6%（補正+0.00） / 総合判定確率: 0.095 / → ヒモ分散。1号艇1着固定で広めのヒモ流し推奨（買い目+2点）', 'tenji_trigger': '展示確認: ヒモ分散レース。1号艇伸び確認後、広めのヒモ流しを採用。穴ヒモ（5・6号艇）を積極的に含める。'}",,,27.5,逃げ狙い,18.3,26.3,3,,,,,,,,,,,
2026-04-21,丸亀,9,1,渋谷明憲,A2,42.86,1,◎,58.8466,,0,88.6,0.1408,2.6646,,,0,低,116,0,逃1%,112113,0,87.1,1.1419,0.5676,,,,,0.0762,0.1194,0.174,◎,,A,○,,,0.662,,0.5881,S,88,0,◎1着固定 2-3着流し（5〜8点）,0.5777,"{'is_target': True, 'verdict': '参加推奨', 'max_combo_prob': 0.0617, 'est_top_odds': 21.6, 'circle_concentration': 62.1, 'eligible_count': 6, 'bet_adj': 2, 'reason': 'rel_win1=58.8%（本命度） / 最有力組み合わせ確率: 0.062（推定実オッズ?22倍） / 2着集中度: 上位2艇 62.1%（補正+0.00） / 総合判定確率: 0.062 / → ヒモ分散。1号艇1着固定で広めのヒモ流し推奨（買い目+2点）', 'tenji_trigger': '展示確認: ヒモ分散レース。1号艇伸び確認後、広めのヒモ流しを採用。穴ヒモ（5・6号艇）を積極的に含める。'}",,,29.2,逃げ狙い,21.48,28.5,4,,,,,0,0,0.7559,0,,逃げ軸流し,A
2026-04-21,丸亀,9,2,妻鳥晋也,B1,26.39,2,,10.0164,32.3,57,58.3,0.1983,4.725,,,0,低,151,0,差0%,132 51,0,58.7,1.3922,0,0.12,0,0,0,0.25,0.21,0.23,,,D,,,0.0886,0.601,,0.5881,S,88,0,◎1着固定 2-3着流し（5〜8点）,0.5777,"{'is_target': True, 'verdict': '参加推奨', 'max_combo_prob': 0.0617, 'est_top_odds': 21.6, 'circle_concentration': 62.1, 'eligible_count': 6, 'bet_adj': 2, 'reason': 'rel_win1=58.8%（本命度） / 最有力組み合わせ確率: 0.062（推定実オッズ?22倍） / 2着集中度: 上位2艇 62.1%（補正+0.00） / 総合判定確率: 0.062 / → ヒモ分散。1号艇1着固定で広めのヒモ流し推奨（買い目+2点）', 'tenji_trigger': '展示確認: ヒモ分散レース。1号艇伸び確認後、広めのヒモ流しを採用。穴ヒモ（5・6号艇）を積極的に含める。'}",,,29.2,逃げ狙い,21.48,28.5,4,,,,,,,,,,,
2026-04-21,丸亀,9,3,高岡竜也,A2,36.36,3,▲,10.3738,29.8,86,66.7,0.1503,3.4048,,,0,低,136,0,ま0% 差ま0%,2 4421,0,42.5,1.1946,0,0,0.1667,0.0667,0,0,0.075,0.1125,,,B,△,,0.2832,0.642,,0.5881,S,88,0,◎1着固定 2-3着流し（5〜8点）,0.5777,"{'is_target': True, 'verdict': '参加推奨', 'max_combo_prob': 0.0617, 'est_top_odds': 21.6, 'circle_concentration': 62.1, 'eligible_count': 6, 'bet_adj': 2, 'reason': 'rel_win1=58.8%（本命度） / 最有力組み合わせ確率: 0.062（推定実オッズ?22倍） / 2着集中度: 上位2艇 62.1%（補正+0.00） / 総合判定確率: 0.062 / → ヒモ分散。1号艇1着固定で広めのヒモ流し推奨（買い目+2点）', 'tenji_trigger': '展示確認: ヒモ分散レース。1号艇伸び確認後、広めのヒモ流しを採用。穴ヒモ（5・6号艇）を積極的に含める。'}",,,29.2,逃げ狙い,21.48,28.5,4,,,,,,,,,,,
2026-04-21,丸亀,9,4,柳沢　一,A1,35.25,4,○,9.9216,28.9,100,83.9,0.1348,2.6875,,,0,低,43,0,差0% ま0%,314342,0,88.9,1.5749,0,0.1739,0.0435,0,0,0.0432,0.1074,0.1074,,,C,◎,◎,0.3488,0.698,0.5123,0.5881,S,88,0,◎1着固定 2-3着流し（5〜8点）,0.5777,"{'is_target': True, 'verdict': '参加推奨', 'max_combo_prob': 0.0617, 'est_top_odds': 21.6, 'circle_concentration': 62.1, 'eligible_count': 6, 'bet_adj': 2, 'reason': 'rel_win1=58.8%（本命度） / 最有力組み合わせ確率: 0.062（推定実オッズ?22倍） / 2着集中度: 上位2艇 62.1%（補正+0.00） / 総合判定確率: 0.062 / → ヒモ分散。1号艇1着固定で広めのヒモ流し推奨（買い目+2点）', 'tenji_trigger': '展示確認: ヒモ分散レース。1号艇伸び確認後、広めのヒモ流しを採用。穴ヒモ（5・6号艇）を積極的に含める。'}",,,29.2,逃げ狙い,21.48,28.5,4,,,,,,,,,,,
2026-04-21,丸亀,9,5,水摩　敦,A2,22.86,5,,7.21,7,67,41.7,0.166,3.2833,,,0,低,158,0,差0% 抜0%,233261,0,62.7,1.2807,0,0.0385,0,0,0.0385,0.07,0.11,0.15,,,E,△,○,0.2164,0.6135,0.2041,0.5881,S,88,0,◎1着固定 2-3着流し（5〜8点）,0.5777,"{'is_target': True, 'verdict': '参加推奨', 'max_combo_prob': 0.0617, 'est_top_odds': 21.6, 'circle_concentration': 62.1, 'eligible_count': 6, 'bet_adj': 2, 'reason': 'rel_win1=58.8%（本命度） / 最有力組み合わせ確率: 0.062（推定実オッズ?22倍） / 2着集中度: 上位2艇 62.1%（補正+0.00） / 総合判定確率: 0.062 / → ヒモ分散。1号艇1着固定で広めのヒモ流し推奨（買い目+2点）', 'tenji_trigger': '展示確認: ヒモ分散レース。1号艇伸び確認後、広めのヒモ流しを採用。穴ヒモ（5・6号艇）を積極的に含める。'}",,,29.2,逃げ狙い,21.48,28.5,4,,,,,,,,,,,
2026-04-21,丸亀,9,6,川口貴久,B1,29.71,6,△,3.6315,2,60,21.3,0.1681,3.5,,,0,低,65,0,ま0%,4 1616,0,32,1.0078,0,0,0.0526,0,0,0.1456,0.2676,0.0471,,,D,,,0.2218,0.6065,,0.5881,S,88,0,◎1着固定 2-3着流し（5〜8点）,0.5777,"{'is_target': True, 'verdict': '参加推奨', 'max_combo_prob': 0.0617, 'est_top_odds': 21.6, 'circle_concentration': 62.1, 'eligible_count': 6, 'bet_adj': 2, 'reason': 'rel_win1=58.8%（本命度） / 最有力組み合わせ確率: 0.062（推定実オッズ?22倍） / 2着集中度: 上位2艇 62.1%（補正+0.00） / 総合判定確率: 0.062 / → ヒモ分散。1号艇1着固定で広めのヒモ流し推奨（買い目+2点）', 'tenji_trigger': '展示確認: ヒモ分散レース。1号艇伸び確認後、広めのヒモ流しを採用。穴ヒモ（5・6号艇）を積極的に含める。'}",,,29.2,逃げ狙い,21.48,28.5,4,,,,,,,,,,,
2026-04-21,丸亀,10,1,水谷理人,A2,44.12,1,◎,62.6199,,0,82.6,0.1665,3.8696,,,0,低,64,0,逃1%,111334,0,97.6,1.3907,0.6,,,,,0.0533,0.28,0.0267,○,,A,,,,0.569,,0.3814,A,71,0,◎-○軸 3着3〜4艇流し（10〜15点）,0.5777,"{'is_target': True, 'verdict': '点数絞り', 'max_combo_prob': 0.1015, 'est_top_odds': 13.1, 'circle_concentration': 80.2, 'eligible_count': 8, 'bet_adj': 0, 'reason': 'rel_win1=62.6%（本命度） / 最有力組み合わせ確率: 0.102（推定実オッズ?13倍） / 2着集中度: 上位2艇 80.2%（補正+0.04） / 総合判定確率: 0.142 / → ヒモはやや固め。上位2艇以外を切ること', 'tenji_trigger': '展示確認: 1号艇伸び良→そのまま採用。悪→飛び組に差し替え。circle_pct上位2艇に絞り込むこと。'}",,,29.6,逃げ狙い,19.37,31.6,2,,,,,0,0,0.6155,0,,逃げ軸流し,A
2026-04-21,丸亀,10,2,今井貴士,A1,35.34,2,○,15.6623,40.9,97,74.5,0.1561,3.049,,,0,低,112,0,差0%,332214,0,57,1.2181,0,0.0714,0,0,0,0.24,0,0.0267,,◎,C,△,,0.4192,0.654,,0.3814,A,71,0,◎-○軸 3着3〜4艇流し（10〜15点）,0.5777,"{'is_target': True, 'verdict': '点数絞り', 'max_combo_prob': 0.1015, 'est_top_odds': 13.1, 'circle_concentration': 80.2, 'eligible_count': 8, 'bet_adj': 0, 'reason': 'rel_win1=62.6%（本命度） / 最有力組み合わせ確率: 0.102（推定実オッズ?13倍） / 2着集中度: 上位2艇 80.2%（補正+0.04） / 総合判定確率: 0.142 / → ヒモはやや固め。上位2艇以外を切ること', 'tenji_trigger': '展示確認: 1号艇伸び良→そのまま採用。悪→飛び組に差し替え。circle_pct上位2艇に絞り込むこと。'}",,,29.6,逃げ狙い,19.37,31.6,2,,,,,,,,,,,
2026-04-21,丸亀,10,3,福田宗平,A1,33.07,3,▲,12.3195,39.4,100,72.1,0.1454,3.2941,,,0,低,93,0,差0% 差ま0% 抜0%,143335,0,56,1.311,0,0.0294,0,0.0882,0.0294,0.0216,0.0216,0.2432,,○,D,◎,,0.4014,0.6735,,0.3814,A,71,0,◎-○軸 3着3〜4艇流し（10〜15点）,0.5777,"{'is_target': True, 'verdict': '点数絞り', 'max_combo_prob': 0.1015, 'est_top_odds': 13.1, 'circle_concentration': 80.2, 'eligible_count': 8, 'bet_adj': 0, 'reason': 'rel_win1=62.6%（本命度） / 最有力組み合わせ確率: 0.102（推定実オッズ?13倍） / 2着集中度: 上位2艇 80.2%（補正+0.04） / 総合判定確率: 0.142 / → ヒモはやや固め。上位2艇以外を切ること', 'tenji_trigger': '展示確認: 1号艇伸び良→そのまま採用。悪→飛び組に差し替え。circle_pct上位2艇に絞り込むこと。'}",,,29.6,逃げ狙い,19.37,31.6,2,,,,,,,,,,,
2026-04-21,丸亀,10,4,福嶋智之,B1,43.07,4,△,5.2568,9,60,28.6,0.1746,3.9375,,,0,低,102,0,-,1 324,0,22.4,0.62,,,,,,0.1583,0.325,0.1417,,,B,,,0.2805,0.5965,,0.3814,A,71,0,◎-○軸 3着3〜4艇流し（10〜15点）,0.5777,"{'is_target': True, 'verdict': '点数絞り', 'max_combo_prob': 0.1015, 'est_top_odds': 13.1, 'circle_concentration': 80.2, 'eligible_count': 8, 'bet_adj': 0, 'reason': 'rel_win1=62.6%（本命度） / 最有力組み合わせ確率: 0.102（推定実オッズ?13倍） / 2着集中度: 上位2艇 80.2%（補正+0.04） / 総合判定確率: 0.142 / → ヒモはやや固め。上位2艇以外を切ること', 'tenji_trigger': '展示確認: 1号艇伸び良→そのまま採用。悪→飛び組に差し替え。circle_pct上位2艇に絞り込むこと。'}",,,29.6,逃げ狙い,19.37,31.6,2,,,,,,,,,,,
2026-04-21,丸亀,10,5,荒井翔伍,A2,31.43,5,,3.0696,10.4,58,37,0.1602,3.4907,,,0,低,81,0,-,253316,0,46.7,1.0081,,,,,,0.0148,0.1046,0.3287,,,E,△,,0.3301,0.6315,,0.3814,A,71,0,◎-○軸 3着3〜4艇流し（10〜15点）,0.5777,"{'is_target': True, 'verdict': '点数絞り', 'max_combo_prob': 0.1015, 'est_top_odds': 13.1, 'circle_concentration': 80.2, 'eligible_count': 8, 'bet_adj': 0, 'reason': 'rel_win1=62.6%（本命度） / 最有力組み合わせ確率: 0.102（推定実オッズ?13倍） / 2着集中度: 上位2艇 80.2%（補正+0.04） / 総合判定確率: 0.142 / → ヒモはやや固め。上位2艇以外を切ること', 'tenji_trigger': '展示確認: 1号艇伸び良→そのまま採用。悪→飛び組に差し替え。circle_pct上位2艇に絞り込むこと。'}",,,29.6,逃げ狙い,19.37,31.6,2,,,,,,,,,,,
2026-04-21,丸亀,10,6,横田　茂,B1,39.13,6,,1.0719,0.4,34,20.8,0.1853,4.5377,,,0,低,109,0,-,144 42,0,37.3,0.9014,,,,,,0.45,0.2167,0.05,,,C,○,,0.2502,0.6545,,0.3814,A,71,0,◎-○軸 3着3〜4艇流し（10〜15点）,0.5777,"{'is_target': True, 'verdict': '点数絞り', 'max_combo_prob': 0.1015, 'est_top_odds': 13.1, 'circle_concentration': 80.2, 'eligible_count': 8, 'bet_adj': 0, 'reason': 'rel_win1=62.6%（本命度） / 最有力組み合わせ確率: 0.102（推定実オッズ?13倍） / 2着集中度: 上位2艇 80.2%（補正+0.04） / 総合判定確率: 0.142 / → ヒモはやや固め。上位2艇以外を切ること', 'tenji_trigger': '展示確認: 1号艇伸び良→そのまま採用。悪→飛び組に差し替え。circle_pct上位2艇に絞り込むこと。'}",,,29.6,逃げ狙い,19.37,31.6,2,,,,,,,,,,,
2026-04-21,丸亀,11,1,大池佑来,A1,34.35,1,◎,62.8655,,0,100,0.1294,2.2429,,,0,低,30,0,逃1%,221131,0,88.9,1.2751,0.95,,,,,0,0.05,0,◎,,C,◎,,,0.693,,0.7119,S,97,0,◎1着固定 2-3着流し（5〜8点）,0.5777,"{'is_target': True, 'verdict': '点数絞り', 'max_combo_prob': 0.0933, 'est_top_odds': 14.3, 'circle_concentration': 70.6, 'eligible_count': 6, 'bet_adj': 0, 'reason': 'rel_win1=62.9%（本命度） / 最有力組み合わせ確率: 0.093（推定実オッズ?14倍） / 2着集中度: 上位2艇 70.6%（補正+0.04） / 総合判定確率: 0.133 / → ヒモはやや固め。上位2艇以外を切ること', 'tenji_trigger': '展示確認: 1号艇伸び良→そのまま採用。悪→飛び組に差し替え。circle_pct上位2艇に絞り込むこと。\n展示で1号艇スタート超安定(0.129秒)→ヒモ固まり方向に注意'}",,,25.1,逃げ狙い,15.63,21.8,3,,,,,0,0,0.7559,0,,逃げ軸流し,A
2026-04-21,丸亀,11,2,大野芳顕,A2,41.18,2,▲,12.5087,44.2,93,60.3,0.1576,3.5833,,,0,低,139,0,-,324 11,0,97.8,0.7726,0,0.1515,0.0303,0,0.0303,0.09,0.11,0.14,,,C,△,,0.0824,0.6345,,0.7119,S,97,0,◎1着固定 2-3着流し（5〜8点）,0.5777,"{'is_target': True, 'verdict': '点数絞り', 'max_combo_prob': 0.0933, 'est_top_odds': 14.3, 'circle_concentration': 70.6, 'eligible_count': 6, 'bet_adj': 0, 'reason': 'rel_win1=62.9%（本命度） / 最有力組み合わせ確率: 0.093（推定実オッズ?14倍） / 2着集中度: 上位2艇 70.6%（補正+0.04） / 総合判定確率: 0.133 / → ヒモはやや固め。上位2艇以外を切ること', 'tenji_trigger': '展示確認: 1号艇伸び良→そのまま採用。悪→飛び組に差し替え。circle_pct上位2艇に絞り込むこと。\n展示で1号艇スタート超安定(0.129秒)→ヒモ固まり方向に注意'}",,,25.1,逃げ狙い,15.63,21.8,3,,,,,,,,,,,
2026-04-21,丸亀,11,3,森定晃史,A2,27.14,3,,10.714,26.3,100,70.2,0.1531,3.0597,,,0,低,125,0,-,123435,0,90.9,1.9506,0,0,0.1333,0.0333,0,0.1467,0.059,0.1771,,,E,△,,0.1857,0.647,,0.7119,S,97,0,◎1着固定 2-3着流し（5〜8点）,0.5777,"{'is_target': True, 'verdict': '点数絞り', 'max_combo_prob': 0.0933, 'est_top_odds': 14.3, 'circle_concentration': 70.6, 'eligible_count': 6, 'bet_adj': 0, 'reason': 'rel_win1=62.9%（本命度） / 最有力組み合わせ確率: 0.093（推定実オッズ?14倍） / 2着集中度: 上位2艇 70.6%（補正+0.04） / 総合判定確率: 0.133 / → ヒモはやや固め。上位2艇以外を切ること', 'tenji_trigger': '展示確認: 1号艇伸び良→そのまま採用。悪→飛び組に差し替え。circle_pct上位2艇に絞り込むこと。\n展示で1号艇スタート超安定(0.129秒)→ヒモ固まり方向に注意'}",,,25.1,逃げ狙い,15.63,21.8,3,,,,,,,,,,,
2026-04-21,丸亀,11,4,羽野　諒,B1,54.35,4,○,6.7193,7.5,75,35,0.1268,2.6417,,,0,低,54,0,差0% 差ま0%,3 1 33,0,29.3,0.7885,0,0.037,0,0.037,0,0.02,0.56,0.06,,,A,○,◎,0.2911,0.6525,0.407,0.7119,S,97,0,◎1着固定 2-3着流し（5〜8点）,0.5777,"{'is_target': True, 'verdict': '点数絞り', 'max_combo_prob': 0.0933, 'est_top_odds': 14.3, 'circle_concentration': 70.6, 'eligible_count': 6, 'bet_adj': 0, 'reason': 'rel_win1=62.9%（本命度） / 最有力組み合わせ確率: 0.093（推定実オッズ?14倍） / 2着集中度: 上位2艇 70.6%（補正+0.04） / 総合判定確率: 0.133 / → ヒモはやや固め。上位2艇以外を切ること', 'tenji_trigger': '展示確認: 1号艇伸び良→そのまま採用。悪→飛び組に差し替え。circle_pct上位2艇に絞り込むこと。\n展示で1号艇スタート超安定(0.129秒)→ヒモ固まり方向に注意'}",,,25.1,逃げ狙い,15.63,21.8,3,,,,,,,,,,,
2026-04-21,丸亀,11,5,永井亮次,B1,42.65,5,△,4.2817,8.8,42,26,0.2108,4.5195,,,0,低,196,0,-,4 412,0,30,0.9217,0,0,0,0.0345,0,0.048,0.032,0.164,,,B,,○,0.1073,0.607,0.0692,0.7119,S,97,0,◎1着固定 2-3着流し（5〜8点）,0.5777,"{'is_target': True, 'verdict': '点数絞り', 'max_combo_prob': 0.0933, 'est_top_odds': 14.3, 'circle_concentration': 70.6, 'eligible_count': 6, 'bet_adj': 0, 'reason': 'rel_win1=62.9%（本命度） / 最有力組み合わせ確率: 0.093（推定実オッズ?14倍） / 2着集中度: 上位2艇 70.6%（補正+0.04） / 総合判定確率: 0.133 / → ヒモはやや固め。上位2艇以外を切ること', 'tenji_trigger': '展示確認: 1号艇伸び良→そのまま採用。悪→飛び組に差し替え。circle_pct上位2艇に絞り込むこと。\n展示で1号艇スタート超安定(0.129秒)→ヒモ固まり方向に注意'}",,,25.1,逃げ狙い,15.63,21.8,3,,,,,,,,,,,
2026-04-21,丸亀,11,6,竹井貴史,A2,28.37,6,,2.9108,13.1,81,53.7,0.1348,2.7222,,,0,低,109,0,ま0%,422521,0,30,2.0544,0,0,0.04,0,0,0.0216,0.1315,0.0108,,,D,,,0.2695,0.616,,0.7119,S,97,0,◎1着固定 2-3着流し（5〜8点）,0.5777,"{'is_target': True, 'verdict': '点数絞り', 'max_combo_prob': 0.0933, 'est_top_odds': 14.3, 'circle_concentration': 70.6, 'eligible_count': 6, 'bet_adj': 0, 'reason': 'rel_win1=62.9%（本命度） / 最有力組み合わせ確率: 0.093（推定実オッズ?14倍） / 2着集中度: 上位2艇 70.6%（補正+0.04） / 総合判定確率: 0.133 / → ヒモはやや固め。上位2艇以外を切ること', 'tenji_trigger': '展示確認: 1号艇伸び良→そのまま採用。悪→飛び組に差し替え。circle_pct上位2艇に絞り込むこと。\n展示で1号艇スタート超安定(0.129秒)→ヒモ固まり方向に注意'}",,,25.1,逃げ狙い,15.63,21.8,3,,,,,,,,,,,
2026-04-21,丸亀,12,1,佐藤博亮,A1,40.74,1,◎,70.2869,,0,92.8,0.1505,2.5422,,,0,低,60,0,逃1%,251553,0,91.9,1.2296,0.7222,,,,,0.0879,0.0111,0.0444,◎,,A,○,,,0.6875,,0.6451,S,88,0,◎1着固定 2-3着流し（5〜8点）,0.5777,"{'is_target': True, 'verdict': '点数絞り', 'max_combo_prob': 0.1255, 'est_top_odds': 10.6, 'circle_concentration': 78.9, 'eligible_count': 6, 'bet_adj': 0, 'reason': 'rel_win1=70.3%（本命度） / 最有力組み合わせ確率: 0.125（推定実オッズ?11倍） / 2着集中度: 上位2艇 78.9%（補正+0.04） / 総合判定確率: 0.165 / → ヒモはやや固め。上位2艇以外を切ること', 'tenji_trigger': '展示確認: 1号艇伸び良→そのまま採用。悪→飛び組に差し替え。circle_pct上位2艇に絞り込むこと。'}",,,26.2,逃げ狙い,14.45,26.1,3,,,,,0,0,0.7559,0,,逃げ軸流し,A
2026-04-21,丸亀,12,2,長尾章平,A1,23.19,2,▲,8.9735,52.3,69,67.6,0.148,3.4859,,,0,低,100,0,-,56612,0,86,1.5828,0,0.0323,0,0,0.0323,0.12,0.0844,0.1022,,◎,D,◎,,0.3305,0.69,,0.6451,S,88,0,◎1着固定 2-3着流し（5〜8点）,0.5777,"{'is_target': True, 'verdict': '点数絞り', 'max_combo_prob': 0.1255, 'est_top_odds': 10.6, 'circle_concentration': 78.9, 'eligible_count': 6, 'bet_adj': 0, 'reason': 'rel_win1=70.3%（本命度） / 最有力組み合わせ確率: 0.125（推定実オッズ?11倍） / 2着集中度: 上位2艇 78.9%（補正+0.04） / 総合判定確率: 0.165 / → ヒモはやや固め。上位2艇以外を切ること', 'tenji_trigger': '展示確認: 1号艇伸び良→そのまま採用。悪→飛び組に差し替え。circle_pct上位2艇に絞り込むこと。'}",,,26.2,逃げ狙い,14.45,26.1,3,,,,,,,,,,,
2026-04-21,丸亀,12,3,佐藤謙史,B2,37.78,3,○,8.1587,26.6,63,41.7,0.1623,3.8229,,,0,低,105,0,抜0%,3 644,0,60.3,0.811,0,0,0,0,0.0556,0.2423,0.3038,0.2115,,,B,△,,0.2547,0.619,,0.6451,S,88,0,◎1着固定 2-3着流し（5〜8点）,0.5777,"{'is_target': True, 'verdict': '点数絞り', 'max_combo_prob': 0.1255, 'est_top_odds': 10.6, 'circle_concentration': 78.9, 'eligible_count': 6, 'bet_adj': 0, 'reason': 'rel_win1=70.3%（本命度） / 最有力組み合わせ確率: 0.125（推定実オッズ?11倍） / 2着集中度: 上位2艇 78.9%（補正+0.04） / 総合判定確率: 0.165 / → ヒモはやや固め。上位2艇以外を切ること', 'tenji_trigger': '展示確認: 1号艇伸び良→そのまま採用。悪→飛び組に差し替え。circle_pct上位2艇に絞り込むこと。'}",,,26.2,逃げ狙い,14.45,26.1,3,,,,,,,,,,,
2026-04-21,丸亀,12,4,大石真央,B1,39.16,4,△,6.8596,11.1,55,20,0.1997,4.4,,,0,低,106,0,ま0%,5 431,0,19,0.6306,0,0,0.0909,0,0,0.5,0.375,0,,,B,,,0.1241,0.5595,,0.6451,S,88,0,◎1着固定 2-3着流し（5〜8点）,0.5777,"{'is_target': True, 'verdict': '点数絞り', 'max_combo_prob': 0.1255, 'est_top_odds': 10.6, 'circle_concentration': 78.9, 'eligible_count': 6, 'bet_adj': 0, 'reason': 'rel_win1=70.3%（本命度） / 最有力組み合わせ確率: 0.125（推定実オッズ?11倍） / 2着集中度: 上位2艇 78.9%（補正+0.04） / 総合判定確率: 0.165 / → ヒモはやや固め。上位2艇以外を切ること', 'tenji_trigger': '展示確認: 1号艇伸び良→そのまま採用。悪→飛び組に差し替え。circle_pct上位2艇に絞り込むこと。'}",,,26.2,逃げ狙い,14.45,26.1,3,,,,,,,,,,,
2026-04-21,丸亀,12,5,伏田裕隆,A2,21.32,5,,4.7843,8.1,75,40.3,0.1835,3.8952,,,0,低,155,0,ま0% 差ま0%,4 5163,0,32.8,1.1521,0,0,0.0417,0.0417,0,0.1477,0.1295,0.2409,,,E,,,0.1822,0.57,,0.6451,S,88,0,◎1着固定 2-3着流し（5〜8点）,0.5777,"{'is_target': True, 'verdict': '点数絞り', 'max_combo_prob': 0.1255, 'est_top_odds': 10.6, 'circle_concentration': 78.9, 'eligible_count': 6, 'bet_adj': 0, 'reason': 'rel_win1=70.3%（本命度） / 最有力組み合わせ確率: 0.125（推定実オッズ?11倍） / 2着集中度: 上位2艇 78.9%（補正+0.04） / 総合判定確率: 0.165 / → ヒモはやや固め。上位2艇以外を切ること', 'tenji_trigger': '展示確認: 1号艇伸び良→そのまま採用。悪→飛び組に差し替え。circle_pct上位2艇に絞り込むこと。'}",,,26.2,逃げ狙い,14.45,26.1,3,,,,,,,,,,,
2026-04-21,丸亀,12,6,田村　慶,B1,25.71,6,,0.9369,1.9,100,41.4,0.191,3.6379,,,0,低,93,0,-,6 342,0,81.2,1.6194,,,,,,0,0,0,,,D,△,,0.1842,0.5845,,0.6451,S,88,0,◎1着固定 2-3着流し（5〜8点）,0.5777,"{'is_target': True, 'verdict': '点数絞り', 'max_combo_prob': 0.1255, 'est_top_odds': 10.6, 'circle_concentration': 78.9, 'eligible_count': 6, 'bet_adj': 0, 'reason': 'rel_win1=70.3%（本命度） / 最有力組み合わせ確率: 0.125（推定実オッズ?11倍） / 2着集中度: 上位2艇 78.9%（補正+0.04） / 総合判定確率: 0.165 / → ヒモはやや固め。上位2艇以外を切ること', 'tenji_trigger': '展示確認: 1号艇伸び良→そのまま採用。悪→飛び組に差し替え。circle_pct上位2艇に絞り込むこと。'}",,,26.2,逃げ狙い,14.45,26.1,3,,,,,,,,,,,
2026-04-22,丸亀,1,1,福山恵里,B1,46.72,1,◎,63.7458,,0,53.8,0.18,2.2308,,,0,低,42,1,逃0%,6 2 26,0,72.4,0.8018,0.5,,,,,0.19,0.46,0,○⚠️,,A,,,,0.498,,0.4375,C,37,0,荒れ傾向。高配当狙いか見送り,0.5777,"{'is_target': True, 'verdict': '参加推奨', 'max_combo_prob': 0.0939, 'est_top_odds': 14.2, 'circle_concentration': 68.2, 'eligible_count': 6, 'bet_adj': 2, 'reason': 'rel_win1=63.7%（本命度） / 最有力組み合わせ確率: 0.094（推定実オッズ?14倍） / 2着集中度: 上位2艇 68.2%（補正+0.00） / 総合判定確率: 0.094 / → ヒモ分散。1号艇1着固定で広めのヒモ流し推奨（買い目+2点）', 'tenji_trigger': '展示確認: ヒモ分散レース。1号艇伸び確認後、広めのヒモ流しを採用。穴ヒモ（5・6号艇）を積極的に含める。'}",,,30.4,両建て推奨,11.82,40.2,2,2-3-6|2-4-6|2-6-4|2-3-4|2-6-3|2-4-3|2-6-5|1-2-6|1-2-4|2-1-6|2-1-4,2-3-6|2-4-6|2-6-4|2-3-4|2-6-3|2-4-3|2-6-5|1-2-6|1-2-4|2-1-6|2-1-4|5-1-6,2-3-6:3.41%|2-4-6:2.19%|2-6-4:1.71%|2-3-4:1.69%|2-6-3:1.39%|2-4-3:0.88%|2-6-5:0.71%|1-2-6:7.3%|1-2-4:6.4%|2-1-6:4.65%|2-1-4:4.46%,2-3-6:B_main|2-4-6:B_main|2-6-4:B_main|2-3-4:B_main|2-6-3:B_main|2-4-3:B_main|2-6-5:B_main|1-2-6:A|1-2-4:A|2-1-6:B_sc|2-1-4:B_sc,11,12,0.4535,1,[!]見送り推奨（主役決まり手「まくり」― 逃げ劣勢レースで的中実績なし）,主役軸流し,B
2026-04-22,丸亀,1,2,川口貴久,B1,29.71,2,▲,13.7481,52,89,46.6,0.1452,2.681,,,0,低,65,0,ま0% 抜0%,4 1616,0,55.5,0.8078,0,0,0.08,0,0.04,0.1456,0.2676,0.0471,,◎,D,○,,0.5607,0.6065,,0.4375,C,37,0,荒れ傾向。高配当狙いか見送り,0.5777,"{'is_target': True, 'verdict': '参加推奨', 'max_combo_prob': 0.0939, 'est_top_odds': 14.2, 'circle_concentration': 68.2, 'eligible_count': 6, 'bet_adj': 2, 'reason': 'rel_win1=63.7%（本命度） / 最有力組み合わせ確率: 0.094（推定実オッズ?14倍） / 2着集中度: 上位2艇 68.2%（補正+0.00） / 総合判定確率: 0.094 / → ヒモ分散。1号艇1着固定で広めのヒモ流し推奨（買い目+2点）', 'tenji_trigger': '展示確認: ヒモ分散レース。1号艇伸び確認後、広めのヒモ流しを採用。穴ヒモ（5・6号艇）を積極的に含める。'}",,,30.4,両建て推奨,11.82,40.2,2,,,,,,,,,,,
2026-04-22,丸亀,1,3,小澤　学,B1,33.33,3,,7.2549,13.8,88,21.7,0.2409,5.4565,,,0,低,319,0,差0% ま0%,5 2646,0,10.2,0.5562,0,0.0303,0.0303,0,0,0.4667,0.4222,0.0222,,,C,△,,0.1072,0.59,,0.4375,C,37,0,荒れ傾向。高配当狙いか見送り,0.5777,"{'is_target': True, 'verdict': '参加推奨', 'max_combo_prob': 0.0939, 'est_top_odds': 14.2, 'circle_concentration': 68.2, 'eligible_count': 6, 'bet_adj': 2, 'reason': 'rel_win1=63.7%（本命度） / 最有力組み合わせ確率: 0.094（推定実オッズ?14倍） / 2着集中度: 上位2艇 68.2%（補正+0.00） / 総合判定確率: 0.094 / → ヒモ分散。1号艇1着固定で広めのヒモ流し推奨（買い目+2点）', 'tenji_trigger': '展示確認: ヒモ分散レース。1号艇伸び確認後、広めのヒモ流しを採用。穴ヒモ（5・6号艇）を積極的に含める。'}",,,30.4,両建て推奨,11.82,40.2,2,,,,,,,,,,,
2026-04-22,丸亀,1,4,武藤綾子,B1,23.24,4,,7.7647,13.2,96,21.4,0.1932,3.9643,,,0,低,118,0,ま0%,5 656,0,41.2,0.6351,0,0,0.0714,0,0,0.1455,0.2364,0,,,E,△,,0.2453,0.5505,,0.4375,C,37,0,荒れ傾向。高配当狙いか見送り,0.5777,"{'is_target': True, 'verdict': '参加推奨', 'max_combo_prob': 0.0939, 'est_top_odds': 14.2, 'circle_concentration': 68.2, 'eligible_count': 6, 'bet_adj': 2, 'reason': 'rel_win1=63.7%（本命度） / 最有力組み合わせ確率: 0.094（推定実オッズ?14倍） / 2着集中度: 上位2艇 68.2%（補正+0.00） / 総合判定確率: 0.094 / → ヒモ分散。1号艇1着固定で広めのヒモ流し推奨（買い目+2点）', 'tenji_trigger': '展示確認: ヒモ分散レース。1号艇伸び確認後、広めのヒモ流しを採用。穴ヒモ（5・6号艇）を積極的に含める。'}",,,30.4,両建て推奨,11.82,40.2,2,,,,,,,,,,,
2026-04-22,丸亀,1,5,中岡　駿,B2,34.04,5,△,6.1671,16.2,100,0,0.2075,4.0625,,,0,低,40,1,-,,0,37.5,0.7107,,,,,,,,,,,C,,,0.2246,0.482,,0.4375,C,37,0,荒れ傾向。高配当狙いか見送り,0.5777,"{'is_target': True, 'verdict': '参加推奨', 'max_combo_prob': 0.0939, 'est_top_odds': 14.2, 'circle_concentration': 68.2, 'eligible_count': 6, 'bet_adj': 2, 'reason': 'rel_win1=63.7%（本命度） / 最有力組み合わせ確率: 0.094（推定実オッズ?14倍） / 2着集中度: 上位2艇 68.2%（補正+0.00） / 総合判定確率: 0.094 / → ヒモ分散。1号艇1着固定で広めのヒモ流し推奨（買い目+2点）', 'tenji_trigger': '展示確認: ヒモ分散レース。1号艇伸び確認後、広めのヒモ流しを採用。穴ヒモ（5・6号艇）を積極的に含める。'}",,,30.4,両建て推奨,11.82,40.2,2,,,,,,,,,,,
2026-04-22,丸亀,1,6,佐藤謙史,B2,37.78,6,○,1.3195,4.8,69,26.5,0.19,4.3776,,,0,低,105,0,-,3 644,0,72.9,1.0431,,,,,,0.2423,0.3038,0.2115,,,B,◎,,0.2782,0.619,,0.4375,C,37,0,荒れ傾向。高配当狙いか見送り,0.5777,"{'is_target': True, 'verdict': '参加推奨', 'max_combo_prob': 0.0939, 'est_top_odds': 14.2, 'circle_concentration': 68.2, 'eligible_count': 6, 'bet_adj': 2, 'reason': 'rel_win1=63.7%（本命度） / 最有力組み合わせ確率: 0.094（推定実オッズ?14倍） / 2着集中度: 上位2艇 68.2%（補正+0.00） / 総合判定確率: 0.094 / → ヒモ分散。1号艇1着固定で広めのヒモ流し推奨（買い目+2点）', 'tenji_trigger': '展示確認: ヒモ分散レース。1号艇伸び確認後、広めのヒモ流しを採用。穴ヒモ（5・6号艇）を積極的に含める。'}",,,30.4,両建て推奨,11.82,40.2,2,,,,,,,,,,,
2026-04-22,丸亀,2,1,大石真央,B1,39.16,1,◎,52.4944,,0,33.3,0.1954,4.4792,,,0,低,106,0,逃0%,5 431,0,28.7,0.554,0.125,,,,,0.5,0.375,0,,,B,,,,0.5595,,0.1106,D,29,1,大荒れ。見送り推奨,0.5777,"{'is_target': True, 'verdict': '点数絞り', 'max_combo_prob': 0.104, 'est_top_odds': 12.8, 'circle_concentration': 75.3, 'eligible_count': 6, 'bet_adj': 0, 'reason': 'rel_win1=52.5%（本命度） / 最有力組み合わせ確率: 0.104（推定実オッズ?13倍） / 2着集中度: 上位2艇 75.3%（補正+0.04） / 総合判定確率: 0.144 / → ヒモはやや固め。上位2艇以外を切ること', 'tenji_trigger': '展示確認: 1号艇伸び良→そのまま採用。悪→飛び組に差し替え。circle_pct上位2艇に絞り込むこと。\n展示で1号艇スタート遅め(0.195秒)確認→ヒモが荒れやすい'}",,,39.1,両建て推奨,14.24,48.8,3,2-1-3|2-1-4|2-1-5|2-3-1|2-3-4|2-4-1|2-4-3|1-2-4|1-2-3|1-3-2,2-1-3|2-1-4|2-1-5|2-3-1|2-3-4|2-4-1|2-4-3|1-2-4|1-2-3|6-1-4|6-1-3|1-3-2,2-1-3:3.79%|2-1-4:2.65%|2-1-5:1.14%|2-3-1:1.1%|2-3-4:0.77%|2-4-1:0.38%|2-4-3:0.38%|1-2-4:5.22%|1-2-3:4.89%|1-3-2:3.87%,2-1-3:B_main|2-1-4:B_main|2-1-5:B_main|2-3-1:B_main|2-3-4:B_main|2-4-1:B_main|2-4-3:B_main|1-2-4:A|1-2-3:A|1-3-2:A,10,12,0.2915,1,[!]見送り推奨（主役決まり手「差し」― 逃げ劣勢レースで的中実績なし）,主役軸流し,B
2026-04-22,丸亀,2,2,永井亮次,B1,42.65,2,○,19.1168,49.7,100,56.1,0.1635,3.7197,,,0,低,196,0,差0%,4 412,0,71.7,1.0022,0,0.069,0,0,0,0.048,0.032,0.164,,◎,A,○,,0.5646,0.607,,0.1106,D,29,1,大荒れ。見送り推奨,0.5777,"{'is_target': True, 'verdict': '点数絞り', 'max_combo_prob': 0.104, 'est_top_odds': 12.8, 'circle_concentration': 75.3, 'eligible_count': 6, 'bet_adj': 0, 'reason': 'rel_win1=52.5%（本命度） / 最有力組み合わせ確率: 0.104（推定実オッズ?13倍） / 2着集中度: 上位2艇 75.3%（補正+0.04） / 総合判定確率: 0.144 / → ヒモはやや固め。上位2艇以外を切ること', 'tenji_trigger': '展示確認: 1号艇伸び良→そのまま採用。悪→飛び組に差し替え。circle_pct上位2艇に絞り込むこと。\n展示で1号艇スタート遅め(0.195秒)確認→ヒモが荒れやすい'}",,,39.1,両建て推奨,14.24,48.8,3,,,,,,,,,,,
2026-04-22,丸亀,2,3,岡部　浩,B1,38.24,3,△,11.9751,25.7,69,35.1,0.1635,3.4561,,,0,低,155,0,-,565 25,0,49.1,0.8579,,,,,,0.2311,0.2311,0.0667,,○,B,△,,0.4717,0.5865,,0.1106,D,29,1,大荒れ。見送り推奨,0.5777,"{'is_target': True, 'verdict': '点数絞り', 'max_combo_prob': 0.104, 'est_top_odds': 12.8, 'circle_concentration': 75.3, 'eligible_count': 6, 'bet_adj': 0, 'reason': 'rel_win1=52.5%（本命度） / 最有力組み合わせ確率: 0.104（推定実オッズ?13倍） / 2着集中度: 上位2艇 75.3%（補正+0.04） / 総合判定確率: 0.144 / → ヒモはやや固め。上位2艇以外を切ること', 'tenji_trigger': '展示確認: 1号艇伸び良→そのまま採用。悪→飛び組に差し替え。circle_pct上位2艇に絞り込むこと。\n展示で1号艇スタート遅め(0.195秒)確認→ヒモが荒れやすい'}",,,39.1,両建て推奨,14.24,48.8,3,,,,,,,,,,,
2026-04-22,丸亀,2,4,川崎智稔,B1,29.17,4,▲,11.0552,18.8,91,44.9,0.1171,2.4694,,,0,低,62,0,-,,0,47.1,0.5117,0,0,0.0385,0,0,0.2267,0.1733,0.0267,,△,D,◎,,0.4573,0.6335,,0.1106,D,29,1,大荒れ。見送り推奨,0.5777,"{'is_target': True, 'verdict': '点数絞り', 'max_combo_prob': 0.104, 'est_top_odds': 12.8, 'circle_concentration': 75.3, 'eligible_count': 6, 'bet_adj': 0, 'reason': 'rel_win1=52.5%（本命度） / 最有力組み合わせ確率: 0.104（推定実オッズ?13倍） / 2着集中度: 上位2艇 75.3%（補正+0.04） / 総合判定確率: 0.144 / → ヒモはやや固め。上位2艇以外を切ること', 'tenji_trigger': '展示確認: 1号艇伸び良→そのまま採用。悪→飛び組に差し替え。circle_pct上位2艇に絞り込むこと。\n展示で1号艇スタート遅め(0.195秒)確認→ヒモが荒れやすい'}",,,39.1,両建て推奨,14.24,48.8,3,,,,,,,,,,,
2026-04-22,丸亀,2,5,倉田郁美,B1,20.67,5,,3.9749,5.4,54,18.5,0.1867,3.537,,,0,低,77,0,-,466 45,0,25.3,0.5519,,,,,,0.625,0.25,0,,,E,△,,0.3411,0.5695,,0.1106,D,29,1,大荒れ。見送り推奨,0.5777,"{'is_target': True, 'verdict': '点数絞り', 'max_combo_prob': 0.104, 'est_top_odds': 12.8, 'circle_concentration': 75.3, 'eligible_count': 6, 'bet_adj': 0, 'reason': 'rel_win1=52.5%（本命度） / 最有力組み合わせ確率: 0.104（推定実オッズ?13倍） / 2着集中度: 上位2艇 75.3%（補正+0.04） / 総合判定確率: 0.144 / → ヒモはやや固め。上位2艇以外を切ること', 'tenji_trigger': '展示確認: 1号艇伸び良→そのまま採用。悪→飛び組に差し替え。circle_pct上位2艇に絞り込むこと。\n展示で1号艇スタート遅め(0.195秒)確認→ヒモが荒れやすい'}",,,39.1,両建て推奨,14.24,48.8,3,,,,,,,,,,,
2026-04-22,丸亀,2,6,高橋涼夏,B2,23.57,6,,1.3835,0.5,14,1.1,0.1739,4.0111,,,0,低,43,0,-,665 56,0,20.1,0.7622,,,,,,,,,,,D,,,0.3784,0.5355,,0.1106,D,29,1,大荒れ。見送り推奨,0.5777,"{'is_target': True, 'verdict': '点数絞り', 'max_combo_prob': 0.104, 'est_top_odds': 12.8, 'circle_concentration': 75.3, 'eligible_count': 6, 'bet_adj': 0, 'reason': 'rel_win1=52.5%（本命度） / 最有力組み合わせ確率: 0.104（推定実オッズ?13倍） / 2着集中度: 上位2艇 75.3%（補正+0.04） / 総合判定確率: 0.144 / → ヒモはやや固め。上位2艇以外を切ること', 'tenji_trigger': '展示確認: 1号艇伸び良→そのまま採用。悪→飛び組に差し替え。circle_pct上位2艇に絞り込むこと。\n展示で1号艇スタート遅め(0.195秒)確認→ヒモが荒れやすい'}",,,39.1,両建て推奨,14.24,48.8,3,,,,,,,,,,,
2026-04-22,丸亀,3,1,横田　茂,B1,39.13,1,◎,54.1683,,0,90.7,0.1398,2.5556,,,0,低,109,0,逃0%,144 42,0,88.5,1.1456,0.25,,,,,0.45,0.2167,0.05,◎,,C,◎,,,0.6545,,0.5478,S,85,0,◎1着固定 2-3着流し（5〜8点）,0.5777,"{'is_target': True, 'verdict': '点数絞り', 'max_combo_prob': 0.0924, 'est_top_odds': 14.4, 'circle_concentration': 77.3, 'eligible_count': 6, 'bet_adj': 0, 'reason': 'rel_win1=54.2%（本命度） / 最有力組み合わせ確率: 0.092（推定実オッズ?14倍） / 2着集中度: 上位2艇 77.3%（補正+0.04） / 総合判定確率: 0.132 / → ヒモはやや固め。上位2艇以外を切ること', 'tenji_trigger': '展示確認: 1号艇伸び良→そのまま採用。悪→飛び組に差し替え。circle_pct上位2艇に絞り込むこと。\n展示で1号艇スタート超安定(0.140秒)→ヒモ固まり方向に注意'}",,,30.6,逃げ狙い,12.3,40.5,2,,,,,0,0,0.7559,0,,逃げ軸流し,A
2026-04-22,丸亀,3,2,上田洋平,B1,34.78,2,△,15.995,49.5,57,62.7,0.1676,3.5932,,,0,低,112,0,差0%,361 33,0,46.8,1.0578,0,0.0741,0,0,0,0.2115,0.0615,0.1365,,,C,○,,0.1333,0.6535,,0.5478,S,85,0,◎1着固定 2-3着流し（5〜8点）,0.5777,"{'is_target': True, 'verdict': '点数絞り', 'max_combo_prob': 0.0924, 'est_top_odds': 14.4, 'circle_concentration': 77.3, 'eligible_count': 6, 'bet_adj': 0, 'reason': 'rel_win1=54.2%（本命度） / 最有力組み合わせ確率: 0.092（推定実オッズ?14倍） / 2着集中度: 上位2艇 77.3%（補正+0.04） / 総合判定確率: 0.132 / → ヒモはやや固め。上位2艇以外を切ること', 'tenji_trigger': '展示確認: 1号艇伸び良→そのまま採用。悪→飛び組に差し替え。circle_pct上位2艇に絞り込むこと。\n展示で1号艇スタート超安定(0.140秒)→ヒモ固まり方向に注意'}",,,30.6,逃げ狙い,12.3,40.5,2,,,,,,,,,,,
2026-04-22,丸亀,3,3,伏田裕隆,A2,21.32,3,,11.0392,27.9,73,47.1,0.2037,4.2941,,,0,低,155,0,差ま0%,4 5163,0,24.6,0.9677,0,0,0,0.0455,0,0.1477,0.1295,0.2409,,,E,,,0.1566,0.57,,0.5478,S,85,0,◎1着固定 2-3着流し（5〜8点）,0.5777,"{'is_target': True, 'verdict': '点数絞り', 'max_combo_prob': 0.0924, 'est_top_odds': 14.4, 'circle_concentration': 77.3, 'eligible_count': 6, 'bet_adj': 0, 'reason': 'rel_win1=54.2%（本命度） / 最有力組み合わせ確率: 0.092（推定実オッズ?14倍） / 2着集中度: 上位2艇 77.3%（補正+0.04） / 総合判定確率: 0.132 / → ヒモはやや固め。上位2艇以外を切ること', 'tenji_trigger': '展示確認: 1号艇伸び良→そのまま採用。悪→飛び組に差し替え。circle_pct上位2艇に絞り込むこと。\n展示で1号艇スタート超安定(0.140秒)→ヒモ固まり方向に注意'}",,,30.6,逃げ狙い,12.3,40.5,2,,,,,,,,,,,
2026-04-22,丸亀,3,4,桑原　啓,B1,41.26,4,○,13.9599,13,100,47,0.1577,3.3258,,,0,低,104,0,-,664 65,0,40,0.9036,0,0,0.1,0,0,0.3,0.22,0.18,,,B,◎,◎,0.2682,0.6545,0.2676,0.5478,S,85,0,◎1着固定 2-3着流し（5〜8点）,0.5777,"{'is_target': True, 'verdict': '点数絞り', 'max_combo_prob': 0.0924, 'est_top_odds': 14.4, 'circle_concentration': 77.3, 'eligible_count': 6, 'bet_adj': 0, 'reason': 'rel_win1=54.2%（本命度） / 最有力組み合わせ確率: 0.092（推定実オッズ?14倍） / 2着集中度: 上位2艇 77.3%（補正+0.04） / 総合判定確率: 0.132 / → ヒモはやや固め。上位2艇以外を切ること', 'tenji_trigger': '展示確認: 1号艇伸び良→そのまま採用。悪→飛び組に差し替え。circle_pct上位2艇に絞り込むこと。\n展示で1号艇スタート超安定(0.140秒)→ヒモ固まり方向に注意'}",,,30.6,逃げ狙い,12.3,40.5,2,,,,,,,,,,,
2026-04-22,丸亀,3,5,高濱芳久,B1,27.86,5,,3.5079,8.8,72,26.5,0.1771,3.9853,,,0,低,114,0,-,32426,0,34.4,0.8038,,,,,,0.0485,0.1485,0.1485,,,D,△,,0.2248,0.6335,,0.5478,S,85,0,◎1着固定 2-3着流し（5〜8点）,0.5777,"{'is_target': True, 'verdict': '点数絞り', 'max_combo_prob': 0.0924, 'est_top_odds': 14.4, 'circle_concentration': 77.3, 'eligible_count': 6, 'bet_adj': 0, 'reason': 'rel_win1=54.2%（本命度） / 最有力組み合わせ確率: 0.092（推定実オッズ?14倍） / 2着集中度: 上位2艇 77.3%（補正+0.04） / 総合判定確率: 0.132 / → ヒモはやや固め。上位2艇以外を切ること', 'tenji_trigger': '展示確認: 1号艇伸び良→そのまま採用。悪→飛び組に差し替え。circle_pct上位2艇に絞り込むこと。\n展示で1号艇スタート超安定(0.140秒)→ヒモ固まり方向に注意'}",,,30.6,逃げ狙い,12.3,40.5,2,,,,,,,,,,,
2026-04-22,丸亀,3,6,羽野　諒,B1,54.35,6,▲,1.3297,0.9,45,16.7,0.1525,3.3646,,,0,低,54,0,-,3 1 33,0,33.3,0.84,,,,,,0.02,0.56,0.06,,,A,△,,0.3021,0.6525,,0.5478,S,85,0,◎1着固定 2-3着流し（5〜8点）,0.5777,"{'is_target': True, 'verdict': '点数絞り', 'max_combo_prob': 0.0924, 'est_top_odds': 14.4, 'circle_concentration': 77.3, 'eligible_count': 6, 'bet_adj': 0, 'reason': 'rel_win1=54.2%（本命度） / 最有力組み合わせ確率: 0.092（推定実オッズ?14倍） / 2着集中度: 上位2艇 77.3%（補正+0.04） / 総合判定確率: 0.132 / → ヒモはやや固め。上位2艇以外を切ること', 'tenji_trigger': '展示確認: 1号艇伸び良→そのまま採用。悪→飛び組に差し替え。circle_pct上位2艇に絞り込むこと。\n展示で1号艇スタート超安定(0.140秒)→ヒモ固まり方向に注意'}",,,30.6,逃げ狙い,12.3,40.5,2,,,,,,,,,,,
2026-04-22,丸亀,4,1,中尾優香,A2,33.58,1,◎,51.9078,,0,60,0.1367,3.0667,,,0,低,53,0,逃1%,115524,0,65.1,0.82,0.6667,,,,,0,0.3333,0,◎⚠️,,C,,,,0.5435,,0.5478,B,55,0,◎○△フォーメーション（15〜20点）,0.5777,"{'is_target': True, 'verdict': '参加推奨', 'max_combo_prob': 0.08, 'est_top_odds': 16.7, 'circle_concentration': 71.9, 'eligible_count': 9, 'bet_adj': 2, 'reason': 'rel_win1=51.9%（本命度） / 最有力組み合わせ確率: 0.080（推定実オッズ?17倍） / 2着集中度: 上位2艇 71.9%（補正+0.04） / 総合判定確率: 0.120 / → ヒモ分散。1号艇1着固定で広めのヒモ流し推奨（買い目+2点）', 'tenji_trigger': '展示確認: ヒモ分散レース。1号艇伸び確認後、広めのヒモ流しを採用。穴ヒモ（5・6号艇）を積極的に含める。\n展示で1号艇スタート超安定(0.137秒)→ヒモ固まり方向に注意'}",,,28.1,両建て推奨,16.72,29.6,2,3-4-5|3-5-4|3-5-6|3-5-2|3-2-5|3-4-6|3-4-2|3-1-2|3-1-5|3-1-4|1-2-5|1-2-4,3-4-5|3-5-4|3-5-6|3-5-2|3-2-5|3-4-6|3-4-2|3-1-2|3-1-5|3-1-4|1-2-5|1-2-4,3-4-5:0.82%|3-5-4:0.79%|3-5-6:0.57%|3-5-2:0.42%|3-2-5:0.36%|3-4-6:0.33%|3-4-2:0.24%|3-1-2:15.15%|3-1-5:11.79%|3-1-4:6.93%|1-2-5:5.74%|1-2-4:4.01%,3-4-5:B_main|3-5-4:B_main|3-5-6:B_main|3-5-2:B_main|3-2-5:B_main|3-4-6:B_main|3-4-2:B_main|3-1-2:B_sc|3-1-5:B_sc|3-1-4:B_sc|1-2-5:A|1-2-4:A,12,12,0.4535,1,[!]見送り推奨（主役決まり手「まくり」― 逃げ劣勢レースで的中実績なし）,主役軸流し,B
2026-04-22,丸亀,4,2,田頭虎親,B1,29.69,2,△,18.6685,45.2,64,69.6,0.1607,3.4348,,,0,低,121,0,差0% ま0%,452 52,0,50,0.9769,0,0.2174,0.0435,0,0,0.1,0.375,0.025,,,D,△,,0.1076,0.5945,,0.5478,B,55,0,◎○△フォーメーション（15〜20点）,0.5777,"{'is_target': True, 'verdict': '参加推奨', 'max_combo_prob': 0.08, 'est_top_odds': 16.7, 'circle_concentration': 71.9, 'eligible_count': 9, 'bet_adj': 2, 'reason': 'rel_win1=51.9%（本命度） / 最有力組み合わせ確率: 0.080（推定実オッズ?17倍） / 2着集中度: 上位2艇 71.9%（補正+0.04） / 総合判定確率: 0.120 / → ヒモ分散。1号艇1着固定で広めのヒモ流し推奨（買い目+2点）', 'tenji_trigger': '展示確認: ヒモ分散レース。1号艇伸び確認後、広めのヒモ流しを採用。穴ヒモ（5・6号艇）を積極的に含める。\n展示で1号艇スタート超安定(0.137秒)→ヒモ固まり方向に注意'}",,,28.1,両建て推奨,16.72,29.6,2,,,,,,,,,,,
2026-04-22,丸亀,4,3,宮地秀祈,B1,47.89,3,▲,9.83,26.8,71,48.1,0.1767,3.7115,,,0,低,145,0,-,5 254,0,46.2,0.961,0,0,0.0333,0,0.0333,0.2914,0.2714,0.06,,,A,○,,0.1006,0.6005,,0.5478,B,55,0,◎○△フォーメーション（15〜20点）,0.5777,"{'is_target': True, 'verdict': '参加推奨', 'max_combo_prob': 0.08, 'est_top_odds': 16.7, 'circle_concentration': 71.9, 'eligible_count': 9, 'bet_adj': 2, 'reason': 'rel_win1=51.9%（本命度） / 最有力組み合わせ確率: 0.080（推定実オッズ?17倍） / 2着集中度: 上位2艇 71.9%（補正+0.04） / 総合判定確率: 0.120 / → ヒモ分散。1号艇1着固定で広めのヒモ流し推奨（買い目+2点）', 'tenji_trigger': '展示確認: ヒモ分散レース。1号艇伸び確認後、広めのヒモ流しを採用。穴ヒモ（5・6号艇）を積極的に含める。\n展示で1号艇スタート超安定(0.137秒)→ヒモ固まり方向に注意'}",,,28.1,両建て推奨,16.72,29.6,2,,,,,,,,,,,
2026-04-22,丸亀,4,4,田村　慶,B1,25.71,4,,5.5308,7.4,94,34.2,0.1761,4.1447,,,0,低,93,0,-,6 342,0,24.3,0.6936,,,,,,0,0,0,,,E,,,0.1606,0.5845,,0.5478,B,55,0,◎○△フォーメーション（15〜20点）,0.5777,"{'is_target': True, 'verdict': '参加推奨', 'max_combo_prob': 0.08, 'est_top_odds': 16.7, 'circle_concentration': 71.9, 'eligible_count': 9, 'bet_adj': 2, 'reason': 'rel_win1=51.9%（本命度） / 最有力組み合わせ確率: 0.080（推定実オッズ?17倍） / 2着集中度: 上位2艇 71.9%（補正+0.04） / 総合判定確率: 0.120 / → ヒモ分散。1号艇1着固定で広めのヒモ流し推奨（買い目+2点）', 'tenji_trigger': '展示確認: ヒモ分散レース。1号艇伸び確認後、広めのヒモ流しを採用。穴ヒモ（5・6号艇）を積極的に含める。\n展示で1号艇スタート超安定(0.137秒)→ヒモ固まり方向に注意'}",,,28.1,両建て推奨,16.72,29.6,2,,,,,,,,,,,
2026-04-22,丸亀,4,5,妻鳥晋也,B1,26.39,5,,9.3702,16,100,55.6,0.1729,3.7619,,,0,低,151,0,差ま0%,132 51,0,79,1.2021,0,0,0,0.0357,0.0357,0.25,0.21,0.23,,,D,◎,◎,0.1637,0.601,0.2593,0.5478,B,55,0,◎○△フォーメーション（15〜20点）,0.5777,"{'is_target': True, 'verdict': '参加推奨', 'max_combo_prob': 0.08, 'est_top_odds': 16.7, 'circle_concentration': 71.9, 'eligible_count': 9, 'bet_adj': 2, 'reason': 'rel_win1=51.9%（本命度） / 最有力組み合わせ確率: 0.080（推定実オッズ?17倍） / 2着集中度: 上位2艇 71.9%（補正+0.04） / 総合判定確率: 0.120 / → ヒモ分散。1号艇1着固定で広めのヒモ流し推奨（買い目+2点）', 'tenji_trigger': '展示確認: ヒモ分散レース。1号艇伸び確認後、広めのヒモ流しを採用。穴ヒモ（5・6号艇）を積極的に含める。\n展示で1号艇スタート超安定(0.137秒)→ヒモ固まり方向に注意'}",,,28.1,両建て推奨,16.72,29.6,2,,,,,,,,,,,
2026-04-22,丸亀,4,6,福嶋智之,B1,43.07,6,○,4.6927,4.7,28,19.3,0.1579,3.1491,,,0,低,102,0,-,1 324,0,37,0.9328,,,,,,0.1583,0.325,0.1417,,,B,△,,0.2464,0.5965,,0.5478,B,55,0,◎○△フォーメーション（15〜20点）,0.5777,"{'is_target': True, 'verdict': '参加推奨', 'max_combo_prob': 0.08, 'est_top_odds': 16.7, 'circle_concentration': 71.9, 'eligible_count': 9, 'bet_adj': 2, 'reason': 'rel_win1=51.9%（本命度） / 最有力組み合わせ確率: 0.080（推定実オッズ?17倍） / 2着集中度: 上位2艇 71.9%（補正+0.04） / 総合判定確率: 0.120 / → ヒモ分散。1号艇1着固定で広めのヒモ流し推奨（買い目+2点）', 'tenji_trigger': '展示確認: ヒモ分散レース。1号艇伸び確認後、広めのヒモ流しを採用。穴ヒモ（5・6号艇）を積極的に含める。\n展示で1号艇スタート超安定(0.137秒)→ヒモ固まり方向に注意'}",,,28.1,両建て推奨,16.72,29.6,2,,,,,,,,,,,
2026-04-22,丸亀,5,1,荒井翔伍,A2,31.43,1,◎,63.4007,,0,90.5,0.1238,2.4206,,,0,低,81,0,-,253316,0,69,0.9988,0.6296,,,,,0.0148,0.1046,0.3287,◎,,D,○,,,0.6315,,0.7221,S,94,0,◎1着固定 2-3着流し（5〜8点）,0.5777,"{'is_target': True, 'verdict': '参加推奨', 'max_combo_prob': 0.0693, 'est_top_odds': 19.2, 'circle_concentration': 59.7, 'eligible_count': 6, 'bet_adj': 2, 'reason': 'rel_win1=63.4%（本命度） / 最有力組み合わせ確率: 0.069（推定実オッズ?19倍） / 2着集中度: 上位2艇 59.7%（補正+0.00） / 総合判定確率: 0.069 / → ヒモ分散。1号艇1着固定で広めのヒモ流し推奨（買い目+2点）', 'tenji_trigger': '展示確認: ヒモ分散レース。1号艇伸び確認後、広めのヒモ流しを採用。穴ヒモ（5・6号艇）を積極的に含める。\n展示で1号艇スタート超安定(0.124秒)→ヒモ固まり方向に注意'}",,,26.5,逃げ狙い,12.93,28.2,4,,,,,0,0,0.7559,0,,逃げ軸流し,A
2026-04-22,丸亀,5,2,松浦　勝,B1,39.71,2,○,12.8602,40.6,55,37.7,0.1597,3.3443,,,0,低,112,0,差1%,4 564,0,21,0.595,0,0.1071,0,0,0,0.3,0.26,0.04,,,C,△,,0.0762,0.6085,,0.7221,S,94,0,◎1着固定 2-3着流し（5〜8点）,0.5777,"{'is_target': True, 'verdict': '参加推奨', 'max_combo_prob': 0.0693, 'est_top_odds': 19.2, 'circle_concentration': 59.7, 'eligible_count': 6, 'bet_adj': 2, 'reason': 'rel_win1=63.4%（本命度） / 最有力組み合わせ確率: 0.069（推定実オッズ?19倍） / 2着集中度: 上位2艇 59.7%（補正+0.00） / 総合判定確率: 0.069 / → ヒモ分散。1号艇1着固定で広めのヒモ流し推奨（買い目+2点）', 'tenji_trigger': '展示確認: ヒモ分散レース。1号艇伸び確認後、広めのヒモ流しを採用。穴ヒモ（5・6号艇）を積極的に含める。\n展示で1号艇スタート超安定(0.124秒)→ヒモ固まり方向に注意'}",,,26.5,逃げ狙い,12.93,28.2,4,,,,,,,,,,,
2026-04-22,丸亀,5,3,福山恵里,B1,46.72,3,▲,8.5878,16.1,86,22.7,0.1709,3.6136,,,0,低,42,0,-,6 2 26,0,54.5,0.6323,,,,,,0.19,0.46,0,,,B,,,0.1459,0.498,,0.7221,S,94,0,◎1着固定 2-3着流し（5〜8点）,0.5777,"{'is_target': True, 'verdict': '参加推奨', 'max_combo_prob': 0.0693, 'est_top_odds': 19.2, 'circle_concentration': 59.7, 'eligible_count': 6, 'bet_adj': 2, 'reason': 'rel_win1=63.4%（本命度） / 最有力組み合わせ確率: 0.069（推定実オッズ?19倍） / 2着集中度: 上位2艇 59.7%（補正+0.00） / 総合判定確率: 0.069 / → ヒモ分散。1号艇1着固定で広めのヒモ流し推奨（買い目+2点）', 'tenji_trigger': '展示確認: ヒモ分散レース。1号艇伸び確認後、広めのヒモ流しを採用。穴ヒモ（5・6号艇）を積極的に含める。\n展示で1号艇スタート超安定(0.124秒)→ヒモ固まり方向に注意'}",,,26.5,逃げ狙い,12.93,28.2,4,,,,,,,,,,,
2026-04-22,丸亀,5,4,小澤　学,B1,33.33,4,,9.006,10.6,100,36.1,0.2611,5.4792,,,0,低,319,0,抜0%,5 2646,0,19.3,0.894,0,0,0,0,0.0571,0.4667,0.4222,0.0222,,,D,,,0.1507,0.59,,0.7221,S,94,0,◎1着固定 2-3着流し（5〜8点）,0.5777,"{'is_target': True, 'verdict': '参加推奨', 'max_combo_prob': 0.0693, 'est_top_odds': 19.2, 'circle_concentration': 59.7, 'eligible_count': 6, 'bet_adj': 2, 'reason': 'rel_win1=63.4%（本命度） / 最有力組み合わせ確率: 0.069（推定実オッズ?19倍） / 2着集中度: 上位2艇 59.7%（補正+0.00） / 総合判定確率: 0.069 / → ヒモ分散。1号艇1着固定で広めのヒモ流し推奨（買い目+2点）', 'tenji_trigger': '展示確認: ヒモ分散レース。1号艇伸び確認後、広めのヒモ流しを採用。穴ヒモ（5・6号艇）を積極的に含める。\n展示で1号艇スタート超安定(0.124秒)→ヒモ固まり方向に注意'}",,,26.5,逃げ狙い,12.93,28.2,4,,,,,,,,,,,
2026-04-22,丸亀,5,5,星野太郎,B1,49.25,5,△,3.7514,19,93,38.3,0.178,3.8417,,,0,低,157,0,-,245 35,0,23.2,1.0805,,,,,,0.0333,0.0667,0.25,,,A,△,,0.1532,0.63,,0.7221,S,94,0,◎1着固定 2-3着流し（5〜8点）,0.5777,"{'is_target': True, 'verdict': '参加推奨', 'max_combo_prob': 0.0693, 'est_top_odds': 19.2, 'circle_concentration': 59.7, 'eligible_count': 6, 'bet_adj': 2, 'reason': 'rel_win1=63.4%（本命度） / 最有力組み合わせ確率: 0.069（推定実オッズ?19倍） / 2着集中度: 上位2艇 59.7%（補正+0.00） / 総合判定確率: 0.069 / → ヒモ分散。1号艇1着固定で広めのヒモ流し推奨（買い目+2点）', 'tenji_trigger': '展示確認: ヒモ分散レース。1号艇伸び確認後、広めのヒモ流しを採用。穴ヒモ（5・6号艇）を積極的に含める。\n展示で1号艇スタート超安定(0.124秒)→ヒモ固まり方向に注意'}",,,26.5,逃げ狙い,12.93,28.2,4,,,,,,,,,,,
2026-04-22,丸亀,5,6,長尾章平,A1,23.19,6,,2.3939,13.6,93,50,0.1867,4.0769,,,0,低,100,0,抜0%,56612,0,94.4,1.9169,0,0,0,0,0.05,0.12,0.0844,0.1022,,,E,◎,,0.1507,0.69,,0.7221,S,94,0,◎1着固定 2-3着流し（5〜8点）,0.5777,"{'is_target': True, 'verdict': '参加推奨', 'max_combo_prob': 0.0693, 'est_top_odds': 19.2, 'circle_concentration': 59.7, 'eligible_count': 6, 'bet_adj': 2, 'reason': 'rel_win1=63.4%（本命度） / 最有力組み合わせ確率: 0.069（推定実オッズ?19倍） / 2着集中度: 上位2艇 59.7%（補正+0.00） / 総合判定確率: 0.069 / → ヒモ分散。1号艇1着固定で広めのヒモ流し推奨（買い目+2点）', 'tenji_trigger': '展示確認: ヒモ分散レース。1号艇伸び確認後、広めのヒモ流しを採用。穴ヒモ（5・6号艇）を積極的に含める。\n展示で1号艇スタート超安定(0.124秒)→ヒモ固まり方向に注意'}",,,26.5,逃げ狙い,12.93,28.2,4,,,,,,,,,,,
2026-04-22,丸亀,6,1,水摩　敦,A2,22.86,1,◎,50.1156,,0,90.9,0.1682,3.3636,,,0,低,158,0,逃1%,233261,0,74.5,1.1319,0.625,,,,,0.07,0.11,0.15,○,,E,△,,,0.6135,,0.436,A,74,0,◎-○軸 3着3〜4艇流し（10〜15点）,0.5777,"{'is_target': True, 'verdict': '点数絞り', 'max_combo_prob': 0.09, 'est_top_odds': 14.8, 'circle_concentration': 70.6, 'eligible_count': 8, 'bet_adj': 0, 'reason': 'rel_win1=50.1%（本命度） / 最有力組み合わせ確率: 0.090（推定実オッズ?15倍） / 2着集中度: 上位2艇 70.6%（補正+0.04） / 総合判定確率: 0.130 / → ヒモはやや固め。上位2艇以外を切ること', 'tenji_trigger': '展示確認: 1号艇伸び良→そのまま採用。悪→飛び組に差し替え。circle_pct上位2艇に絞り込むこと。'}",,,29,逃げ狙い,20.37,29,3,,,,,0,0,0.6155,0,,逃げ軸流し,A
2026-04-22,丸亀,6,2,岡部　浩,B1,38.24,2,,7.3474,27.7,50,37.3,0.1827,3.5254,,,0,低,155,0,-,565 25,0,17.5,0.5772,0,0.0385,0,0,0.0385,0.2311,0.2311,0.0667,,,C,△,,0.1725,0.5865,,0.436,A,74,0,◎-○軸 3着3〜4艇流し（10〜15点）,0.5777,"{'is_target': True, 'verdict': '点数絞り', 'max_combo_prob': 0.09, 'est_top_odds': 14.8, 'circle_concentration': 70.6, 'eligible_count': 8, 'bet_adj': 0, 'reason': 'rel_win1=50.1%（本命度） / 最有力組み合わせ確率: 0.090（推定実オッズ?15倍） / 2着集中度: 上位2艇 70.6%（補正+0.04） / 総合判定確率: 0.130 / → ヒモはやや固め。上位2艇以外を切ること', 'tenji_trigger': '展示確認: 1号艇伸び良→そのまま採用。悪→飛び組に差し替え。circle_pct上位2艇に絞り込むこと。'}",,,29,逃げ狙い,20.37,29,3,,,,,,,,,,,
2026-04-22,丸亀,6,3,佐藤博亮,A1,40.74,3,○,19.8765,42.9,90,72.9,0.1277,2.9479,,,0,低,60,0,差0% ま0% 差ま0% 抜0%,251553,0,70.3,1.5633,0,0.037,0.0741,0.1481,0.037,0.0879,0.0111,0.0444,,◎,B,◎,,0.5047,0.6875,,0.436,A,74,0,◎-○軸 3着3〜4艇流し（10〜15点）,0.5777,"{'is_target': True, 'verdict': '点数絞り', 'max_combo_prob': 0.09, 'est_top_odds': 14.8, 'circle_concentration': 70.6, 'eligible_count': 8, 'bet_adj': 0, 'reason': 'rel_win1=50.1%（本命度） / 最有力組み合わせ確率: 0.090（推定実オッズ?15倍） / 2着集中度: 上位2艇 70.6%（補正+0.04） / 総合判定確率: 0.130 / → ヒモはやや固め。上位2艇以外を切ること', 'tenji_trigger': '展示確認: 1号艇伸び良→そのまま採用。悪→飛び組に差し替え。circle_pct上位2艇に絞り込むこと。'}",,,29,逃げ狙い,20.37,29,3,,,,,,,,,,,
2026-04-22,丸亀,6,4,大石真央,B1,39.16,4,▲,5.8619,8.7,65,20,0.1997,4.4,,,0,低,106,0,ま0%,5 431,0,94.8,0.5781,0,0,0.0909,0,0,0.5,0.375,0,,,B,,,0.1928,0.5595,,0.436,A,74,0,◎-○軸 3着3〜4艇流し（10〜15点）,0.5777,"{'is_target': True, 'verdict': '点数絞り', 'max_combo_prob': 0.09, 'est_top_odds': 14.8, 'circle_concentration': 70.6, 'eligible_count': 8, 'bet_adj': 0, 'reason': 'rel_win1=50.1%（本命度） / 最有力組み合わせ確率: 0.090（推定実オッズ?15倍） / 2着集中度: 上位2艇 70.6%（補正+0.04） / 総合判定確率: 0.130 / → ヒモはやや固め。上位2艇以外を切ること', 'tenji_trigger': '展示確認: 1号艇伸び良→そのまま採用。悪→飛び組に差し替え。circle_pct上位2艇に絞り込むこと。'}",,,29,逃げ狙い,20.37,29,3,,,,,,,,,,,
2026-04-22,丸亀,6,5,竹井貴史,A2,28.37,5,△,15.8666,19.2,100,72,0.1342,2.36,,,0,低,109,0,ま0% 差ま0%,422521,0,100,2.246,0,0,0.0556,0.1111,0,0.0216,0.1315,0.0108,,○,D,○,◎,0.4274,0.616,0.4995,0.436,A,74,0,◎-○軸 3着3〜4艇流し（10〜15点）,0.5777,"{'is_target': True, 'verdict': '点数絞り', 'max_combo_prob': 0.09, 'est_top_odds': 14.8, 'circle_concentration': 70.6, 'eligible_count': 8, 'bet_adj': 0, 'reason': 'rel_win1=50.1%（本命度） / 最有力組み合わせ確率: 0.090（推定実オッズ?15倍） / 2着集中度: 上位2艇 70.6%（補正+0.04） / 総合判定確率: 0.130 / → ヒモはやや固め。上位2艇以外を切ること', 'tenji_trigger': '展示確認: 1号艇伸び良→そのまま採用。悪→飛び組に差し替え。circle_pct上位2艇に絞り込むこと。'}",,,29,逃げ狙い,20.37,29,3,,,,,,,,,,,
2026-04-22,丸亀,6,6,中岡　駿,B2,34.04,6,,0.9321,1.5,24,6.2,0.2055,4.3615,,,0,低,40,0,-,,0,31.2,2.1189,,,,,,,,,,,C,,,0.2089,0.482,,0.436,A,74,0,◎-○軸 3着3〜4艇流し（10〜15点）,0.5777,"{'is_target': True, 'verdict': '点数絞り', 'max_combo_prob': 0.09, 'est_top_odds': 14.8, 'circle_concentration': 70.6, 'eligible_count': 8, 'bet_adj': 0, 'reason': 'rel_win1=50.1%（本命度） / 最有力組み合わせ確率: 0.090（推定実オッズ?15倍） / 2着集中度: 上位2艇 70.6%（補正+0.04） / 総合判定確率: 0.130 / → ヒモはやや固め。上位2艇以外を切ること', 'tenji_trigger': '展示確認: 1号艇伸び良→そのまま採用。悪→飛び組に差し替え。circle_pct上位2艇に絞り込むこと。'}",,,29,逃げ狙い,20.37,29,3,,,,,,,,,,,
2026-04-22,丸亀,7,1,森定晃史,A2,27.14,1,◎,62.1697,,0,93.8,0.133,2.4072,,,0,低,125,0,-,123435,0,71.5,1.0235,0.5714,,,,,0.1467,0.059,0.1771,◎,,C,○,,,0.647,,0.6024,S,83,0,◎1着固定 2-3着流し（5〜8点）,0.5777,"{'is_target': True, 'verdict': '参加推奨', 'max_combo_prob': 0.0721, 'est_top_odds': 18.5, 'circle_concentration': 67.3, 'eligible_count': 6, 'bet_adj': 2, 'reason': 'rel_win1=62.2%（本命度） / 最有力組み合わせ確率: 0.072（推定実オッズ?18倍） / 2着集中度: 上位2艇 67.3%（補正+0.00） / 総合判定確率: 0.072 / → ヒモ分散。1号艇1着固定で広めのヒモ流し推奨（買い目+2点）', 'tenji_trigger': '展示確認: ヒモ分散レース。1号艇伸び確認後、広めのヒモ流しを採用。穴ヒモ（5・6号艇）を積極的に含める。\n展示で1号艇スタート超安定(0.133秒)→ヒモ固まり方向に注意'}",,,27.2,逃げ狙い,13.86,29.3,4,,,,,0,0,0.7559,0,,逃げ軸流し,A
2026-04-22,丸亀,7,2,武藤綾子,B1,23.24,2,,5.156,24.3,80,35,0.2203,4.325,,,0,低,118,0,-,5 656,0,54.1,0.6216,,,,,,0.1455,0.2364,0,,,E,,,0.0995,0.5505,,0.6024,S,83,0,◎1着固定 2-3着流し（5〜8点）,0.5777,"{'is_target': True, 'verdict': '参加推奨', 'max_combo_prob': 0.0721, 'est_top_odds': 18.5, 'circle_concentration': 67.3, 'eligible_count': 6, 'bet_adj': 2, 'reason': 'rel_win1=62.2%（本命度） / 最有力組み合わせ確率: 0.072（推定実オッズ?18倍） / 2着集中度: 上位2艇 67.3%（補正+0.00） / 総合判定確率: 0.072 / → ヒモ分散。1号艇1着固定で広めのヒモ流し推奨（買い目+2点）', 'tenji_trigger': '展示確認: ヒモ分散レース。1号艇伸び確認後、広めのヒモ流しを採用。穴ヒモ（5・6号艇）を積極的に含める。\n展示で1号艇スタート超安定(0.133秒)→ヒモ固まり方向に注意'}",,,27.2,逃げ狙い,13.86,29.3,4,,,,,,,,,,,
2026-04-22,丸亀,7,3,川崎智稔,B1,29.17,3,▲,10.2533,30.6,73,54.2,0.1446,3.1771,,,0,低,62,0,-,,0,75.7,1.6021,0,0,0.125,0.0417,0,0.2267,0.1733,0.0267,,,B,△,,0.2595,0.6335,,0.6024,S,83,0,◎1着固定 2-3着流し（5〜8点）,0.5777,"{'is_target': True, 'verdict': '参加推奨', 'max_combo_prob': 0.0721, 'est_top_odds': 18.5, 'circle_concentration': 67.3, 'eligible_count': 6, 'bet_adj': 2, 'reason': 'rel_win1=62.2%（本命度） / 最有力組み合わせ確率: 0.072（推定実オッズ?18倍） / 2着集中度: 上位2艇 67.3%（補正+0.00） / 総合判定確率: 0.072 / → ヒモ分散。1号艇1着固定で広めのヒモ流し推奨（買い目+2点）', 'tenji_trigger': '展示確認: ヒモ分散レース。1号艇伸び確認後、広めのヒモ流しを採用。穴ヒモ（5・6号艇）を積極的に含める。\n展示で1号艇スタート超安定(0.133秒)→ヒモ固まり方向に注意'}",,,27.2,逃げ狙い,13.86,29.3,4,,,,,,,,,,,
2026-04-22,丸亀,7,4,柳沢　一,A1,35.25,4,○,16.0705,36.7,100,83.9,0.1348,2.6875,,,0,低,43,0,差0% ま0%,314342,0,95.7,1.8211,0,0.1739,0.0435,0,0,0.0432,0.1074,0.1074,,,B,◎,◎,0.3109,0.698,0.4593,0.6024,S,83,0,◎1着固定 2-3着流し（5〜8点）,0.5777,"{'is_target': True, 'verdict': '参加推奨', 'max_combo_prob': 0.0721, 'est_top_odds': 18.5, 'circle_concentration': 67.3, 'eligible_count': 6, 'bet_adj': 2, 'reason': 'rel_win1=62.2%（本命度） / 最有力組み合わせ確率: 0.072（推定実オッズ?18倍） / 2着集中度: 上位2艇 67.3%（補正+0.00） / 総合判定確率: 0.072 / → ヒモ分散。1号艇1着固定で広めのヒモ流し推奨（買い目+2点）', 'tenji_trigger': '展示確認: ヒモ分散レース。1号艇伸び確認後、広めのヒモ流しを採用。穴ヒモ（5・6号艇）を積極的に含める。\n展示で1号艇スタート超安定(0.133秒)→ヒモ固まり方向に注意'}",,,27.2,逃げ狙い,13.86,29.3,4,,,,,,,,,,,
2026-04-22,丸亀,7,5,高橋涼夏,B2,23.57,5,△,4.4539,6.5,41,0,0.1136,2.9286,,,0,低,43,1,-,665 56,0,35.7,0.7045,,,,,,,,,,,D,,,0.3808,0.5355,,0.6024,S,83,0,◎1着固定 2-3着流し（5〜8点）,0.5777,"{'is_target': True, 'verdict': '参加推奨', 'max_combo_prob': 0.0721, 'est_top_odds': 18.5, 'circle_concentration': 67.3, 'eligible_count': 6, 'bet_adj': 2, 'reason': 'rel_win1=62.2%（本命度） / 最有力組み合わせ確率: 0.072（推定実オッズ?18倍） / 2着集中度: 上位2艇 67.3%（補正+0.00） / 総合判定確率: 0.072 / → ヒモ分散。1号艇1着固定で広めのヒモ流し推奨（買い目+2点）', 'tenji_trigger': '展示確認: ヒモ分散レース。1号艇伸び確認後、広めのヒモ流しを採用。穴ヒモ（5・6号艇）を積極的に含める。\n展示で1号艇スタート超安定(0.133秒)→ヒモ固まり方向に注意'}",,,27.2,逃げ狙い,13.86,29.3,4,,,,,,,,,,,
2026-04-22,丸亀,7,6,石井裕美,B1,25.55,6,,1.8966,1.9,59,26.7,0.1887,3.9333,,,0,低,53,0,-,566 5,0,29,1.1228,,,,,,0.2222,0.6667,0.1111,,,D,△,,0.1439,0.564,,0.6024,S,83,0,◎1着固定 2-3着流し（5〜8点）,0.5777,"{'is_target': True, 'verdict': '参加推奨', 'max_combo_prob': 0.0721, 'est_top_odds': 18.5, 'circle_concentration': 67.3, 'eligible_count': 6, 'bet_adj': 2, 'reason': 'rel_win1=62.2%（本命度） / 最有力組み合わせ確率: 0.072（推定実オッズ?18倍） / 2着集中度: 上位2艇 67.3%（補正+0.00） / 総合判定確率: 0.072 / → ヒモ分散。1号艇1着固定で広めのヒモ流し推奨（買い目+2点）', 'tenji_trigger': '展示確認: ヒモ分散レース。1号艇伸び確認後、広めのヒモ流しを採用。穴ヒモ（5・6号艇）を積極的に含める。\n展示で1号艇スタート超安定(0.133秒)→ヒモ固まり方向に注意'}",,,27.2,逃げ狙い,13.86,29.3,4,,,,,,,,,,,
2026-04-22,丸亀,8,1,福田宗平,A1,33.07,1,◎,74.1711,,0,94.4,0.1388,3.0506,,,0,低,93,0,-,143335,0,85.4,1.0681,0.7027,,,,,0.0216,0.0216,0.2432,◎,,C,◎,,,0.6735,,0.6277,S,96,0,◎1着固定 2-3着流し（5〜8点）,0.5777,"{'is_target': True, 'verdict': '点数絞り', 'max_combo_prob': 0.1036, 'est_top_odds': 12.9, 'circle_concentration': 73.4, 'eligible_count': 6, 'bet_adj': 0, 'reason': 'rel_win1=74.2%（本命度） / 最有力組み合わせ確率: 0.104（推定実オッズ?13倍） / 2着集中度: 上位2艇 73.4%（補正+0.04） / 総合判定確率: 0.144 / → ヒモはやや固め。上位2艇以外を切ること', 'tenji_trigger': '展示確認: 1号艇伸び良→そのまま採用。悪→飛び組に差し替え。circle_pct上位2艇に絞り込むこと。\n展示で1号艇スタート超安定(0.139秒)→ヒモ固まり方向に注意'}",,,25.7,逃げ狙い,13.46,25.5,2,,,,,0,0,0.7559,0,,逃げ軸流し,A
2026-04-22,丸亀,8,2,伏田裕隆,A2,21.32,2,,8.7508,44,58,39.2,0.2033,3.902,,,0,低,155,0,ま0%,4 5163,0,37.2,0.68,0,0,0.0556,0,0,0.1477,0.1295,0.2409,,,E,,,0.0599,0.57,,0.6277,S,96,0,◎1着固定 2-3着流し（5〜8点）,0.5777,"{'is_target': True, 'verdict': '点数絞り', 'max_combo_prob': 0.1036, 'est_top_odds': 12.9, 'circle_concentration': 73.4, 'eligible_count': 6, 'bet_adj': 0, 'reason': 'rel_win1=74.2%（本命度） / 最有力組み合わせ確率: 0.104（推定実オッズ?13倍） / 2着集中度: 上位2艇 73.4%（補正+0.04） / 総合判定確率: 0.144 / → ヒモはやや固め。上位2艇以外を切ること', 'tenji_trigger': '展示確認: 1号艇伸び良→そのまま採用。悪→飛び組に差し替え。circle_pct上位2艇に絞り込むこと。\n展示で1号艇スタート超安定(0.139秒)→ヒモ固まり方向に注意'}",,,25.7,逃げ狙い,13.46,25.5,2,,,,,,,,,,,
2026-04-22,丸亀,8,3,田村　慶,B1,25.71,3,,6.8682,17.8,100,48.9,0.1718,4.0111,,,0,低,93,0,ま0%,6 342,0,36.5,0.8663,0,0,0.1111,0,0,0,0,0,,,D,△,,0.1417,0.5845,,0.6277,S,96,0,◎1着固定 2-3着流し（5〜8点）,0.5777,"{'is_target': True, 'verdict': '点数絞り', 'max_combo_prob': 0.1036, 'est_top_odds': 12.9, 'circle_concentration': 73.4, 'eligible_count': 6, 'bet_adj': 0, 'reason': 'rel_win1=74.2%（本命度） / 最有力組み合わせ確率: 0.104（推定実オッズ?13倍） / 2着集中度: 上位2艇 73.4%（補正+0.04） / 総合判定確率: 0.144 / → ヒモはやや固め。上位2艇以外を切ること', 'tenji_trigger': '展示確認: 1号艇伸び良→そのまま採用。悪→飛び組に差し替え。circle_pct上位2艇に絞り込むこと。\n展示で1号艇スタート超安定(0.139秒)→ヒモ固まり方向に注意'}",,,25.7,逃げ狙い,13.46,25.5,2,,,,,,,,,,,
2026-04-22,丸亀,8,4,妻鳥晋也,B1,26.39,4,△,5.7682,29.4,88,52.5,0.1792,3.8983,,,0,低,151,0,-,132 51,0,73.1,1.2977,0,0,0,0.069,0.0345,0.25,0.21,0.23,,,D,△,,0.1353,0.601,,0.6277,S,96,0,◎1着固定 2-3着流し（5〜8点）,0.5777,"{'is_target': True, 'verdict': '点数絞り', 'max_combo_prob': 0.1036, 'est_top_odds': 12.9, 'circle_concentration': 73.4, 'eligible_count': 6, 'bet_adj': 0, 'reason': 'rel_win1=74.2%（本命度） / 最有力組み合わせ確率: 0.104（推定実オッズ?13倍） / 2着集中度: 上位2艇 73.4%（補正+0.04） / 総合判定確率: 0.144 / → ヒモはやや固め。上位2艇以外を切ること', 'tenji_trigger': '展示確認: 1号艇伸び良→そのまま採用。悪→飛び組に差し替え。circle_pct上位2艇に絞り込むこと。\n展示で1号艇スタート超安定(0.139秒)→ヒモ固まり方向に注意'}",,,25.7,逃げ狙い,13.46,25.5,2,,,,,,,,,,,
2026-04-22,丸亀,8,5,桑原　啓,B1,41.26,5,○,3.3154,7.7,75,21.9,0.1581,3.8203,,,0,低,104,0,抜0%,664 65,0,23.4,0.7236,0,0,0,0,0.04,0.3,0.22,0.18,,,B,○,,0.2546,0.6545,,0.6277,S,96,0,◎1着固定 2-3着流し（5〜8点）,0.5777,"{'is_target': True, 'verdict': '点数絞り', 'max_combo_prob': 0.1036, 'est_top_odds': 12.9, 'circle_concentration': 73.4, 'eligible_count': 6, 'bet_adj': 0, 'reason': 'rel_win1=74.2%（本命度） / 最有力組み合わせ確率: 0.104（推定実オッズ?13倍） / 2着集中度: 上位2艇 73.4%（補正+0.04） / 総合判定確率: 0.144 / → ヒモはやや固め。上位2艇以外を切ること', 'tenji_trigger': '展示確認: 1号艇伸び良→そのまま採用。悪→飛び組に差し替え。circle_pct上位2艇に絞り込むこと。\n展示で1号艇スタート超安定(0.139秒)→ヒモ固まり方向に注意'}",,,25.7,逃げ狙い,13.46,25.5,2,,,,,,,,,,,
2026-04-22,丸亀,8,6,齊藤大将,B2,41.48,6,▲,1.1263,1.1,52,10,0.1872,4.1875,,,0,低,108,0,-,446 6,0,29.9,0.6483,,,,,,0.0308,0.3231,0.2923,,,A,,,0.1592,0.575,,0.6277,S,96,0,◎1着固定 2-3着流し（5〜8点）,0.5777,"{'is_target': True, 'verdict': '点数絞り', 'max_combo_prob': 0.1036, 'est_top_odds': 12.9, 'circle_concentration': 73.4, 'eligible_count': 6, 'bet_adj': 0, 'reason': 'rel_win1=74.2%（本命度） / 最有力組み合わせ確率: 0.104（推定実オッズ?13倍） / 2着集中度: 上位2艇 73.4%（補正+0.04） / 総合判定確率: 0.144 / → ヒモはやや固め。上位2艇以外を切ること', 'tenji_trigger': '展示確認: 1号艇伸び良→そのまま採用。悪→飛び組に差し替え。circle_pct上位2艇に絞り込むこと。\n展示で1号艇スタート超安定(0.139秒)→ヒモ固まり方向に注意'}",,,25.7,逃げ狙い,13.46,25.5,2,,,,,,,,,,,
2026-04-22,丸亀,9,1,長尾章平,A1,23.19,1,◎,61.1737,,0,93.5,0.1406,2.8178,,,0,低,100,0,-,56612,0,83.3,1.0176,0.7111,,,,,0.12,0.0844,0.1022,◎,,E,◎,,,0.69,,0.6217,S,83,0,◎1着固定 2-3着流し（5〜8点）,0.5777,"{'is_target': True, 'verdict': '点数絞り', 'max_combo_prob': 0.0945, 'est_top_odds': 14.1, 'circle_concentration': 70.9, 'eligible_count': 6, 'bet_adj': 0, 'reason': 'rel_win1=61.2%（本命度） / 最有力組み合わせ確率: 0.094（推定実オッズ?14倍） / 2着集中度: 上位2艇 70.9%（補正+0.04） / 総合判定確率: 0.134 / → ヒモはやや固め。上位2艇以外を切ること', 'tenji_trigger': '展示確認: 1号艇伸び良→そのまま採用。悪→飛び組に差し替え。circle_pct上位2艇に絞り込むこと。'}",,,27.5,逃げ狙い,16.17,28.1,2,,,,,0,0,0.7559,0,,逃げ軸流し,A
2026-04-22,丸亀,9,2,星野太郎,B1,49.25,2,○,18.1763,45.4,75,67.8,0.1661,3.8983,,,0,低,157,0,抜1%,245 35,0,53,1.0195,0,0.3,0,0,0.1,0.0333,0.0667,0.25,,,A,△,,0.1398,0.63,,0.6217,S,83,0,◎1着固定 2-3着流し（5〜8点）,0.5777,"{'is_target': True, 'verdict': '点数絞り', 'max_combo_prob': 0.0945, 'est_top_odds': 14.1, 'circle_concentration': 70.9, 'eligible_count': 6, 'bet_adj': 0, 'reason': 'rel_win1=61.2%（本命度） / 最有力組み合わせ確率: 0.094（推定実オッズ?14倍） / 2着集中度: 上位2艇 70.9%（補正+0.04） / 総合判定確率: 0.134 / → ヒモはやや固め。上位2艇以外を切ること', 'tenji_trigger': '展示確認: 1号艇伸び良→そのまま採用。悪→飛び組に差し替え。circle_pct上位2艇に絞り込むこと。'}",,,27.5,逃げ狙い,16.17,28.1,2,,,,,,,,,,,
2026-04-22,丸亀,9,3,高濱芳久,B1,27.86,3,,8.0658,25.5,72,40.7,0.1744,3.8983,,,0,低,114,0,差ま0%,32426,0,19.3,0.6265,0,0,0,0.0588,0,0.0485,0.1485,0.1485,,,D,△,,0.1255,0.6335,,0.6217,S,83,0,◎1着固定 2-3着流し（5〜8点）,0.5777,"{'is_target': True, 'verdict': '点数絞り', 'max_combo_prob': 0.0945, 'est_top_odds': 14.1, 'circle_concentration': 70.9, 'eligible_count': 6, 'bet_adj': 0, 'reason': 'rel_win1=61.2%（本命度） / 最有力組み合わせ確率: 0.094（推定実オッズ?14倍） / 2着集中度: 上位2艇 70.9%（補正+0.04） / 総合判定確率: 0.134 / → ヒモはやや固め。上位2艇以外を切ること', 'tenji_trigger': '展示確認: 1号艇伸び良→そのまま採用。悪→飛び組に差し替え。circle_pct上位2艇に絞り込むこと。'}",,,27.5,逃げ狙い,16.17,28.1,2,,,,,,,,,,,
2026-04-22,丸亀,9,4,田頭虎親,B1,29.69,4,△,7.9538,17.2,100,58.5,0.1629,3.2195,,,0,低,121,0,差0% ま0%,452 52,0,53.9,0.973,0,0.0556,0.1111,0,0,0.1,0.375,0.025,,,D,,◎,0.2318,0.5945,0.309,0.6217,S,83,0,◎1着固定 2-3着流し（5〜8点）,0.5777,"{'is_target': True, 'verdict': '点数絞り', 'max_combo_prob': 0.0945, 'est_top_odds': 14.1, 'circle_concentration': 70.9, 'eligible_count': 6, 'bet_adj': 0, 'reason': 'rel_win1=61.2%（本命度） / 最有力組み合わせ確率: 0.094（推定実オッズ?14倍） / 2着集中度: 上位2艇 70.9%（補正+0.04） / 総合判定確率: 0.134 / → ヒモはやや固め。上位2艇以外を切ること', 'tenji_trigger': '展示確認: 1号艇伸び良→そのまま採用。悪→飛び組に差し替え。circle_pct上位2艇に絞り込むこと。'}",,,27.5,逃げ狙い,16.17,28.1,2,,,,,,,,,,,
2026-04-22,丸亀,9,5,上田洋平,B1,34.78,5,▲,3.4087,8.5,80,47.9,0.1554,3.9583,,,0,低,112,0,抜0%,361 33,0,76.8,1.2707,0,0,0,0,0.0667,0.2115,0.0615,0.1365,,,B,○,,0.2764,0.6535,,0.6217,S,83,0,◎1着固定 2-3着流し（5〜8点）,0.5777,"{'is_target': True, 'verdict': '点数絞り', 'max_combo_prob': 0.0945, 'est_top_odds': 14.1, 'circle_concentration': 70.9, 'eligible_count': 6, 'bet_adj': 0, 'reason': 'rel_win1=61.2%（本命度） / 最有力組み合わせ確率: 0.094（推定実オッズ?14倍） / 2着集中度: 上位2艇 70.9%（補正+0.04） / 総合判定確率: 0.134 / → ヒモはやや固め。上位2艇以外を切ること', 'tenji_trigger': '展示確認: 1号艇伸び良→そのまま採用。悪→飛び組に差し替え。circle_pct上位2艇に絞り込むこと。'}",,,27.5,逃げ狙い,16.17,28.1,2,,,,,,,,,,,
2026-04-22,丸亀,9,6,中尾優香,A2,33.58,6,,1.2216,3.4,42,14.3,0.1789,4.0179,,,0,低,53,0,-,115524,0,41.9,0.8356,,,,,,0,0.3333,0,,,C,,,0.2008,0.5435,,0.6217,S,83,0,◎1着固定 2-3着流し（5〜8点）,0.5777,"{'is_target': True, 'verdict': '点数絞り', 'max_combo_prob': 0.0945, 'est_top_odds': 14.1, 'circle_concentration': 70.9, 'eligible_count': 6, 'bet_adj': 0, 'reason': 'rel_win1=61.2%（本命度） / 最有力組み合わせ確率: 0.094（推定実オッズ?14倍） / 2着集中度: 上位2艇 70.9%（補正+0.04） / 総合判定確率: 0.134 / → ヒモはやや固め。上位2艇以外を切ること', 'tenji_trigger': '展示確認: 1号艇伸び良→そのまま採用。悪→飛び組に差し替え。circle_pct上位2艇に絞り込むこと。'}",,,27.5,逃げ狙い,16.17,28.1,2,,,,,,,,,,,
2026-04-22,丸亀,10,1,羽野　諒,B1,54.35,1,◎,52.3879,,0,77.5,0.1467,2.475,,,0,低,54,0,逃0%,3 1 33,0,72.5,1.0024,0.2,,,,,0.02,0.56,0.06,◎,,A,○,,,0.6525,,0.463,A,60,0,◎-○軸 3着3〜4艇流し（10〜15点）,0.5777,"{'is_target': True, 'verdict': '参加推奨', 'max_combo_prob': 0.067, 'est_top_odds': 19.9, 'circle_concentration': 63.0, 'eligible_count': 8, 'bet_adj': 2, 'reason': 'rel_win1=52.4%（本命度） / 最有力組み合わせ確率: 0.067（推定実オッズ?20倍） / 2着集中度: 上位2艇 63.0%（補正+0.00） / 総合判定確率: 0.067 / → ヒモ分散。1号艇1着固定で広めのヒモ流し推奨（買い目+2点）', 'tenji_trigger': '展示確認: ヒモ分散レース。1号艇伸び確認後、広めのヒモ流しを採用。穴ヒモ（5・6号艇）を積極的に含める。'}",,,30.4,両建て推奨,17.64,35.3,4,,,,,0,0,0.7559,0,,逃げ軸流し,A
2026-04-22,丸亀,10,2,水摩　敦,A2,22.86,2,,9.2327,32.6,97,75.4,0.1717,4.1846,,,0,低,158,0,差0% ま0%,233261,0,53.2,1.1836,0,0.0323,0.0323,0,0,0.07,0.11,0.15,,,E,,,0.059,0.6135,,0.463,A,60,0,◎-○軸 3着3〜4艇流し（10〜15点）,0.5777,"{'is_target': True, 'verdict': '参加推奨', 'max_combo_prob': 0.067, 'est_top_odds': 19.9, 'circle_concentration': 63.0, 'eligible_count': 8, 'bet_adj': 2, 'reason': 'rel_win1=52.4%（本命度） / 最有力組み合わせ確率: 0.067（推定実オッズ?20倍） / 2着集中度: 上位2艇 63.0%（補正+0.00） / 総合判定確率: 0.067 / → ヒモ分散。1号艇1着固定で広めのヒモ流し推奨（買い目+2点）', 'tenji_trigger': '展示確認: ヒモ分散レース。1号艇伸び確認後、広めのヒモ流しを採用。穴ヒモ（5・6号艇）を積極的に含める。'}",,,30.4,両建て推奨,17.64,35.3,4,,,,,,,,,,,
2026-04-22,丸亀,10,3,荒井翔伍,A2,31.43,3,○,15.4212,30.4,100,74.1,0.1645,3.1552,,,0,低,81,0,差0% ま0% 差ま0%,253316,0,67.8,1.4262,0,0.0769,0.1154,0.0385,0,0.0148,0.1046,0.3287,,,D,△,,0.2687,0.6315,,0.463,A,60,0,◎-○軸 3着3〜4艇流し（10〜15点）,0.5777,"{'is_target': True, 'verdict': '参加推奨', 'max_combo_prob': 0.067, 'est_top_odds': 19.9, 'circle_concentration': 63.0, 'eligible_count': 8, 'bet_adj': 2, 'reason': 'rel_win1=52.4%（本命度） / 最有力組み合わせ確率: 0.067（推定実オッズ?20倍） / 2着集中度: 上位2艇 63.0%（補正+0.00） / 総合判定確率: 0.067 / → ヒモ分散。1号艇1着固定で広めのヒモ流し推奨（買い目+2点）', 'tenji_trigger': '展示確認: ヒモ分散レース。1号艇伸び確認後、広めのヒモ流しを採用。穴ヒモ（5・6号艇）を積極的に含める。'}",,,30.4,両建て推奨,17.64,35.3,4,,,,,,,,,,,
2026-04-22,丸亀,10,4,竹井貴史,A2,28.37,4,▲,14.8762,29.6,77,67.9,0.1471,2.9732,,,0,低,109,0,差0% ま0%,422521,0,87.8,1.5357,0,0.0435,0.2174,0,0,0.0216,0.1315,0.0108,,◎,D,△,◎,0.418,0.616,0.4575,0.463,A,60,0,◎-○軸 3着3〜4艇流し（10〜15点）,0.5777,"{'is_target': True, 'verdict': '参加推奨', 'max_combo_prob': 0.067, 'est_top_odds': 19.9, 'circle_concentration': 63.0, 'eligible_count': 8, 'bet_adj': 2, 'reason': 'rel_win1=52.4%（本命度） / 最有力組み合わせ確率: 0.067（推定実オッズ?20倍） / 2着集中度: 上位2艇 63.0%（補正+0.00） / 総合判定確率: 0.067 / → ヒモ分散。1号艇1着固定で広めのヒモ流し推奨（買い目+2点）', 'tenji_trigger': '展示確認: ヒモ分散レース。1号艇伸び確認後、広めのヒモ流しを採用。穴ヒモ（5・6号艇）を積極的に含める。'}",,,30.4,両建て推奨,17.64,35.3,4,,,,,,,,,,,
2026-04-22,丸亀,10,5,永井亮次,B1,42.65,5,△,6.8475,7.1,43,26,0.2108,4.5195,,,0,低,196,0,-,4 412,0,28.3,0.9669,0,0,0,0.0345,0,0.048,0.032,0.164,,,B,,○,0.1845,0.607,0.0705,0.463,A,60,0,◎-○軸 3着3〜4艇流し（10〜15点）,0.5777,"{'is_target': True, 'verdict': '参加推奨', 'max_combo_prob': 0.067, 'est_top_odds': 19.9, 'circle_concentration': 63.0, 'eligible_count': 8, 'bet_adj': 2, 'reason': 'rel_win1=52.4%（本命度） / 最有力組み合わせ確率: 0.067（推定実オッズ?20倍） / 2着集中度: 上位2艇 63.0%（補正+0.00） / 総合判定確率: 0.067 / → ヒモ分散。1号艇1着固定で広めのヒモ流し推奨（買い目+2点）', 'tenji_trigger': '展示確認: ヒモ分散レース。1号艇伸び確認後、広めのヒモ流しを採用。穴ヒモ（5・6号艇）を積極的に含める。'}",,,30.4,両建て推奨,17.64,35.3,4,,,,,,,,,,,
2026-04-22,丸亀,10,6,横田　茂,B1,39.13,6,,1.2346,0.3,35,20.8,0.1853,4.5377,,,0,低,109,0,-,144 42,0,30.9,0.8769,,,,,,0.45,0.2167,0.05,,,C,◎,,0.2751,0.6545,,0.463,A,60,0,◎-○軸 3着3〜4艇流し（10〜15点）,0.5777,"{'is_target': True, 'verdict': '参加推奨', 'max_combo_prob': 0.067, 'est_top_odds': 19.9, 'circle_concentration': 63.0, 'eligible_count': 8, 'bet_adj': 2, 'reason': 'rel_win1=52.4%（本命度） / 最有力組み合わせ確率: 0.067（推定実オッズ?20倍） / 2着集中度: 上位2艇 63.0%（補正+0.00） / 総合判定確率: 0.067 / → ヒモ分散。1号艇1着固定で広めのヒモ流し推奨（買い目+2点）', 'tenji_trigger': '展示確認: ヒモ分散レース。1号艇伸び確認後、広めのヒモ流しを採用。穴ヒモ（5・6号艇）を積極的に含める。'}",,,30.4,両建て推奨,17.64,35.3,4,,,,,,,,,,,
2026-04-22,丸亀,11,1,福嶋智之,B1,43.07,1,◎,53.2721,,0,74.6,0.1656,3.2364,,,0,低,102,0,逃0%,1 324,0,70.8,0.9759,0.3333,,,,,0.1583,0.325,0.1417,△,,A,,,,0.5965,,0.3261,B,57,0,◎○△フォーメーション（15〜20点）,0.5777,"{'is_target': True, 'verdict': '参加推奨', 'max_combo_prob': 0.0549, 'est_top_odds': 24.3, 'circle_concentration': 68.0, 'eligible_count': 9, 'bet_adj': 2, 'reason': 'rel_win1=53.3%（本命度） / 最有力組み合わせ確率: 0.055（推定実オッズ?24倍） / 2着集中度: 上位2艇 68.0%（補正+0.00） / 総合判定確率: 0.055 / → ヒモ分散。1号艇1着固定で広めのヒモ流し推奨（買い目+2点）', 'tenji_trigger': '展示確認: ヒモ分散レース。1号艇伸び確認後、広めのヒモ流しを採用。穴ヒモ（5・6号艇）を積極的に含める。'}",,,37.7,両建て推奨,23.06,37.2,3,2-1-3|1-2-4|1-2-6|1-2-3|1-3-4|1-3-6,5-1-6|5-6-1|6-1-4|6-1-3|6-4-1|2-1-3|6-3-1|1-2-4|1-2-6|1-2-3|1-3-4|1-3-6,2-1-3:2.12%|1-2-4:7.53%|1-2-6:7.49%|1-2-3:7.49%|1-3-4:6.62%|1-3-6:6.58%,2-1-3:B_main|1-2-4:A|1-2-6:A|1-2-3:A|1-3-4:A|1-3-6:A,6,12,0.4535,1,[!]見送り推奨（主役決まり手「差し」― 逃げ劣勢レースで的中実績なし）,荒れ広め,D
2026-04-22,丸亀,11,2,森定晃史,A2,27.14,2,,14.2254,36.9,90,66.2,0.1469,3.0493,,,0,低,125,0,差0% 抜0%,123435,0,58.9,1.086,0,0.0588,0,0,0.0294,0.1467,0.059,0.1771,,◎,E,△,,0.5228,0.647,,0.3261,B,57,0,◎○△フォーメーション（15〜20点）,0.5777,"{'is_target': True, 'verdict': '参加推奨', 'max_combo_prob': 0.0549, 'est_top_odds': 24.3, 'circle_concentration': 68.0, 'eligible_count': 9, 'bet_adj': 2, 'reason': 'rel_win1=53.3%（本命度） / 最有力組み合わせ確率: 0.055（推定実オッズ?24倍） / 2着集中度: 上位2艇 68.0%（補正+0.00） / 総合判定確率: 0.055 / → ヒモ分散。1号艇1着固定で広めのヒモ流し推奨（買い目+2点）', 'tenji_trigger': '展示確認: ヒモ分散レース。1号艇伸び確認後、広めのヒモ流しを採用。穴ヒモ（5・6号艇）を積極的に含める。'}",,,37.7,両建て推奨,23.06,37.2,3,,,,,,,,,,,
2026-04-22,丸亀,11,3,柳沢　一,A1,35.25,3,▲,16.1658,31.1,85,75,0.1227,2.3571,,,0,低,43,0,差0% ま0% 差ま0%,314342,0,74.2,1.4587,0,0.04,0.04,0.12,0,0.0432,0.1074,0.1074,,○,C,◎,,0.5191,0.698,,0.3261,B,57,0,◎○△フォーメーション（15〜20点）,0.5777,"{'is_target': True, 'verdict': '参加推奨', 'max_combo_prob': 0.0549, 'est_top_odds': 24.3, 'circle_concentration': 68.0, 'eligible_count': 9, 'bet_adj': 2, 'reason': 'rel_win1=53.3%（本命度） / 最有力組み合わせ確率: 0.055（推定実オッズ?24倍） / 2着集中度: 上位2艇 68.0%（補正+0.00） / 総合判定確率: 0.055 / → ヒモ分散。1号艇1着固定で広めのヒモ流し推奨（買い目+2点）', 'tenji_trigger': '展示確認: ヒモ分散レース。1号艇伸び確認後、広めのヒモ流しを採用。穴ヒモ（5・6号艇）を積極的に含める。'}",,,37.7,両建て推奨,23.06,37.2,3,,,,,,,,,,,
2026-04-22,丸亀,11,4,福田宗平,A1,33.07,4,△,6.7975,23.5,100,71.4,0.1332,3.0159,,,0,低,93,0,-,143335,0,22.2,0.6077,0,0,0,0,0.0833,0.0216,0.0216,0.2432,,,C,△,◎,0.4857,0.6735,0.2942,0.3261,B,57,0,◎○△フォーメーション（15〜20点）,0.5777,"{'is_target': True, 'verdict': '参加推奨', 'max_combo_prob': 0.0549, 'est_top_odds': 24.3, 'circle_concentration': 68.0, 'eligible_count': 9, 'bet_adj': 2, 'reason': 'rel_win1=53.3%（本命度） / 最有力組み合わせ確率: 0.055（推定実オッズ?24倍） / 2着集中度: 上位2艇 68.0%（補正+0.00） / 総合判定確率: 0.055 / → ヒモ分散。1号艇1着固定で広めのヒモ流し推奨（買い目+2点）', 'tenji_trigger': '展示確認: ヒモ分散レース。1号艇伸び確認後、広めのヒモ流しを採用。穴ヒモ（5・6号艇）を積極的に含める。'}",,,37.7,両建て推奨,23.06,37.2,3,,,,,,,,,,,
2026-04-22,丸亀,11,5,川口貴久,B1,29.71,5,,4.6442,4,96,40.7,0.1496,3.1852,,,0,低,65,0,差ま0%,4 1616,0,55.2,1.0962,0,0,0,0.1154,0,0.1456,0.2676,0.0471,,,D,,,0.3985,0.6065,,0.3261,B,57,0,◎○△フォーメーション（15〜20点）,0.5777,"{'is_target': True, 'verdict': '参加推奨', 'max_combo_prob': 0.0549, 'est_top_odds': 24.3, 'circle_concentration': 68.0, 'eligible_count': 9, 'bet_adj': 2, 'reason': 'rel_win1=53.3%（本命度） / 最有力組み合わせ確率: 0.055（推定実オッズ?24倍） / 2着集中度: 上位2艇 68.0%（補正+0.00） / 総合判定確率: 0.055 / → ヒモ分散。1号艇1着固定で広めのヒモ流し推奨（買い目+2点）', 'tenji_trigger': '展示確認: ヒモ分散レース。1号艇伸び確認後、広めのヒモ流しを採用。穴ヒモ（5・6号艇）を積極的に含める。'}",,,37.7,両建て推奨,23.06,37.2,3,,,,,,,,,,,
2026-04-22,丸亀,11,6,佐藤博亮,A1,40.74,6,○,4.895,4.5,77,39.2,0.1176,2.7843,,,0,低,60,0,差ま0%,251553,0,86.8,1.6067,0,0,0,0.0741,0,0.0879,0.0111,0.0444,,△,B,○,,0.4921,0.6875,,0.3261,B,57,0,◎○△フォーメーション（15〜20点）,0.5777,"{'is_target': True, 'verdict': '参加推奨', 'max_combo_prob': 0.0549, 'est_top_odds': 24.3, 'circle_concentration': 68.0, 'eligible_count': 9, 'bet_adj': 2, 'reason': 'rel_win1=53.3%（本命度） / 最有力組み合わせ確率: 0.055（推定実オッズ?24倍） / 2着集中度: 上位2艇 68.0%（補正+0.00） / 総合判定確率: 0.055 / → ヒモ分散。1号艇1着固定で広めのヒモ流し推奨（買い目+2点）', 'tenji_trigger': '展示確認: ヒモ分散レース。1号艇伸び確認後、広めのヒモ流しを採用。穴ヒモ（5・6号艇）を積極的に含める。'}",,,37.7,両建て推奨,23.06,37.2,3,,,,,,,,,,,
2026-04-22,丸亀,12,1,渋谷明憲,A2,42.86,1,◎,59.37,,0,88.6,0.1408,2.6646,,,0,低,116,0,逃1%,112113,0,88.5,1.144,0.5676,,,,,0.0762,0.1194,0.174,◎,,B,○,,,0.662,,0.6089,S,89,0,◎1着固定 2-3着流し（5〜8点）,0.5777,"{'is_target': True, 'verdict': '参加推奨', 'max_combo_prob': 0.0835, 'est_top_odds': 16.0, 'circle_concentration': 66.1, 'eligible_count': 6, 'bet_adj': 2, 'reason': 'rel_win1=59.4%（本命度） / 最有力組み合わせ確率: 0.084（推定実オッズ?16倍） / 2着集中度: 上位2艇 66.1%（補正+0.00） / 総合判定確率: 0.084 / → ヒモ分散。1号艇1着固定で広めのヒモ流し推奨（買い目+2点）', 'tenji_trigger': '展示確認: ヒモ分散レース。1号艇伸び確認後、広めのヒモ流しを採用。穴ヒモ（5・6号艇）を積極的に含める。'}",,,29.1,逃げ狙い,21.1,28.5,2,,,,,0,0,0.7559,0,,逃げ軸流し,A
2026-04-22,丸亀,12,2,大池佑来,A1,34.35,2,,12.2716,40.4,100,81.2,0.1475,3,,,0,低,30,0,差0% ま0%,221131,0,63.1,1.2721,0,0.2381,0.0476,0,0,0,0.05,0,,,D,◎,,0.2968,0.693,,0.6089,S,89,0,◎1着固定 2-3着流し（5〜8点）,0.5777,"{'is_target': True, 'verdict': '参加推奨', 'max_combo_prob': 0.0835, 'est_top_odds': 16.0, 'circle_concentration': 66.1, 'eligible_count': 6, 'bet_adj': 2, 'reason': 'rel_win1=59.4%（本命度） / 最有力組み合わせ確率: 0.084（推定実オッズ?16倍） / 2着集中度: 上位2艇 66.1%（補正+0.00） / 総合判定確率: 0.084 / → ヒモ分散。1号艇1着固定で広めのヒモ流し推奨（買い目+2点）', 'tenji_trigger': '展示確認: ヒモ分散レース。1号艇伸び確認後、広めのヒモ流しを採用。穴ヒモ（5・6号艇）を積極的に含める。'}",,,29.1,逃げ狙い,21.1,28.5,2,,,,,,,,,,,
2026-04-22,丸亀,12,3,水谷理人,A2,44.12,3,○,12.5355,25.6,62,61.8,0.1635,3,,,0,低,64,0,-,111334,0,42.8,1.1338,0,0.05,0.1,0.1,0,0.0533,0.28,0.0267,,,B,,,0.2037,0.569,,0.6089,S,89,0,◎1着固定 2-3着流し（5〜8点）,0.5777,"{'is_target': True, 'verdict': '参加推奨', 'max_combo_prob': 0.0835, 'est_top_odds': 16.0, 'circle_concentration': 66.1, 'eligible_count': 6, 'bet_adj': 2, 'reason': 'rel_win1=59.4%（本命度） / 最有力組み合わせ確率: 0.084（推定実オッズ?16倍） / 2着集中度: 上位2艇 66.1%（補正+0.00） / 総合判定確率: 0.084 / → ヒモ分散。1号艇1着固定で広めのヒモ流し推奨（買い目+2点）', 'tenji_trigger': '展示確認: ヒモ分散レース。1号艇伸び確認後、広めのヒモ流しを採用。穴ヒモ（5・6号艇）を積極的に含める。'}",,,29.1,逃げ狙い,21.1,28.5,2,,,,,,,,,,,
2026-04-22,丸亀,12,4,今井貴士,A1,35.34,4,▲,10.2395,23.3,80,67.7,0.1508,2.7154,,,0,低,112,0,ま0% 差ま0%,332214,0,72.4,1.3689,0,0,0.1905,0.0476,0,0.24,0,0.0267,,,D,△,◎,0.3076,0.654,0.4225,0.6089,S,89,0,◎1着固定 2-3着流し（5〜8点）,0.5777,"{'is_target': True, 'verdict': '参加推奨', 'max_combo_prob': 0.0835, 'est_top_odds': 16.0, 'circle_concentration': 66.1, 'eligible_count': 6, 'bet_adj': 2, 'reason': 'rel_win1=59.4%（本命度） / 最有力組み合わせ確率: 0.084（推定実オッズ?16倍） / 2着集中度: 上位2艇 66.1%（補正+0.00） / 総合判定確率: 0.084 / → ヒモ分散。1号艇1着固定で広めのヒモ流し推奨（買い目+2点）', 'tenji_trigger': '展示確認: ヒモ分散レース。1号艇伸び確認後、広めのヒモ流しを採用。穴ヒモ（5・6号艇）を積極的に含める。'}",,,29.1,逃げ狙い,21.1,28.5,2,,,,,,,,,,,
2026-04-22,丸亀,12,5,大野芳顕,A2,41.18,5,△,3.7597,7.9,95,50.7,0.1754,3.5423,,,0,低,139,0,-,324 11,0,83.5,1.4929,0,0,0,0.0667,0,0.09,0.11,0.14,,,C,,,0.1922,0.6345,,0.6089,S,89,0,◎1着固定 2-3着流し（5〜8点）,0.5777,"{'is_target': True, 'verdict': '参加推奨', 'max_combo_prob': 0.0835, 'est_top_odds': 16.0, 'circle_concentration': 66.1, 'eligible_count': 6, 'bet_adj': 2, 'reason': 'rel_win1=59.4%（本命度） / 最有力組み合わせ確率: 0.084（推定実オッズ?16倍） / 2着集中度: 上位2艇 66.1%（補正+0.00） / 総合判定確率: 0.084 / → ヒモ分散。1号艇1着固定で広めのヒモ流し推奨（買い目+2点）', 'tenji_trigger': '展示確認: ヒモ分散レース。1号艇伸び確認後、広めのヒモ流しを採用。穴ヒモ（5・6号艇）を積極的に含める。'}",,,29.1,逃げ狙い,21.1,28.5,2,,,,,,,,,,,
2026-04-22,丸亀,12,6,高岡竜也,A2,36.36,6,,1.8236,2.7,36,19.2,0.1942,4.4135,,,0,低,136,0,差0%,2 4421,0,31.6,0.8886,0,0.0435,0,0,0,0,0.075,0.1125,,,D,△,,0.1305,0.642,,0.6089,S,89,0,◎1着固定 2-3着流し（5〜8点）,0.5777,"{'is_target': True, 'verdict': '参加推奨', 'max_combo_prob': 0.0835, 'est_top_odds': 16.0, 'circle_concentration': 66.1, 'eligible_count': 6, 'bet_adj': 2, 'reason': 'rel_win1=59.4%（本命度） / 最有力組み合わせ確率: 0.084（推定実オッズ?16倍） / 2着集中度: 上位2艇 66.1%（補正+0.00） / 総合判定確率: 0.084 / → ヒモ分散。1号艇1着固定で広めのヒモ流し推奨（買い目+2点）', 'tenji_trigger': '展示確認: ヒモ分散レース。1号艇伸び確認後、広めのヒモ流しを採用。穴ヒモ（5・6号艇）を積極的に含める。'}",,,29.1,逃げ狙い,21.1,28.5,2,,,,,,,,,,,
2026-04-25,丸亀,1,1,上田隆章,B1,40.00,1,逃△,62.3078,,0,72,0.1642,3.81,,,0,低,192,0,逃0%,nan,0,89.4,1.3335,0.35,,,,,0.3,0.22,0.1,○,,A,,,,0.5515,,0.3314,A,65,0,◎-○軸 3着3〜4艇流し（10〜15点）,0.5777,"{'is_target': True, 'verdict': '参加推奨', 'max_combo_prob': 0.0959, 'est_top_odds': 13.9, 'circle_concentration': 67.1, 'eligible_count': 8, 'bet_adj': 2, 'reason': 'rel_win1=62.3%（本命度） / 最有力組み合わせ確率: 0.096（推定実オッズ?14倍） / 2着集中度: 上位2艇 67.1%（補正+0.00） / 総合判定確率: 0.096 / → ヒモ分散。1号艇1着固定で広めのヒモ流し推奨（買い目+2点）', 'tenji_trigger': '展示確認: ヒモ分散レース。1号艇伸び確認後、広めのヒモ流しを採用。穴ヒモ（5・6号艇）を積極的に含める。'}",,,29.7,逃げ狙い,11.14,38.7,3,1-2-3|1-3-2|1-2-6|1-3-6|1-4-3|1-4-2|1-4-6,1-2-3|1-3-2|1-2-6|1-3-6|1-4-3|1-4-2|1-4-6|2-1-3|2-1-4|5-1-2,1-2-3:8.29%|1-3-2:7.42%|1-2-6:6.64%|1-3-6:6.33%|1-4-3:5.18%|1-4-2:4.86%|1-4-6:4.15%,1-2-3:A|1-3-2:A|1-2-6:A|1-3-6:A|1-4-3:A|1-4-2:A|1-4-6:A,7,10,0.6155,0,,逃げ軸流し,A
2026-04-25,丸亀,1,2,三嶌ここ,B1,30.41,2,△,10.0997,36,100,37.5,0.1694,4.3125,,,0,低,114,0,-,nan,0,81.2,1.5459,,,,,,0.0571,0.0571,0.3143,,,C,,,0.3205,0.553,,0.3314,A,65,0,◎-○軸 3着3〜4艇流し（10〜15点）,0.5777,"{'is_target': True, 'verdict': '参加推奨', 'max_combo_prob': 0.0959, 'est_top_odds': 13.9, 'circle_concentration': 67.1, 'eligible_count': 8, 'bet_adj': 2, 'reason': 'rel_win1=62.3%（本命度） / 最有力組み合わせ確率: 0.096（推定実オッズ?14倍） / 2着集中度: 上位2艇 67.1%（補正+0.00） / 総合判定確率: 0.096 / → ヒモ分散。1号艇1着固定で広めのヒモ流し推奨（買い目+2点）', 'tenji_trigger': '展示確認: ヒモ分散レース。1号艇伸び確認後、広めのヒモ流しを採用。穴ヒモ（5・6号艇）を積極的に含める。'}",,,29.7,逃げ狙い,11.14,38.7,3,,,,,,,,,,,
2026-04-25,丸亀,1,3,松下知幸,B1,30.15,3,◎,12.4741,31.1,73,44.9,0.1477,2.9493,,,0,低,152,0,-,nan,0,100,1.8892,0,0.0303,0.0303,0.0909,0,0.2152,0.1581,0.1962,,○,C,○,,0.4152,0.5965,,0.3314,A,65,0,◎-○軸 3着3〜4艇流し（10〜15点）,0.5777,"{'is_target': True, 'verdict': '参加推奨', 'max_combo_prob': 0.0959, 'est_top_odds': 13.9, 'circle_concentration': 67.1, 'eligible_count': 8, 'bet_adj': 2, 'reason': 'rel_win1=62.3%（本命度） / 最有力組み合わせ確率: 0.096（推定実オッズ?14倍） / 2着集中度: 上位2艇 67.1%（補正+0.00） / 総合判定確率: 0.096 / → ヒモ分散。1号艇1着固定で広めのヒモ流し推奨（買い目+2点）', 'tenji_trigger': '展示確認: ヒモ分散レース。1号艇伸び確認後、広めのヒモ流しを採用。穴ヒモ（5・6号艇）を積極的に含める。'}",,,29.7,逃げ狙い,11.14,38.7,3,,,,,,,,,,,
2026-04-25,丸亀,1,4,川上清人,B1,30.67,4,▲,9.9865,18.6,31,30.6,0.1776,3.8163,,,0,低,150,0,-,nan,0,89.8,1.2009,0,0,0,0.08,0,0.3733,0.0381,0.1962,,,C,△,,0.2736,0.595,,0.3314,A,65,0,◎-○軸 3着3〜4艇流し（10〜15点）,0.5777,"{'is_target': True, 'verdict': '参加推奨', 'max_combo_prob': 0.0959, 'est_top_odds': 13.9, 'circle_concentration': 67.1, 'eligible_count': 8, 'bet_adj': 2, 'reason': 'rel_win1=62.3%（本命度） / 最有力組み合わせ確率: 0.096（推定実オッズ?14倍） / 2着集中度: 上位2艇 67.1%（補正+0.00） / 総合判定確率: 0.096 / → ヒモ分散。1号艇1着固定で広めのヒモ流し推奨（買い目+2点）', 'tenji_trigger': '展示確認: ヒモ分散レース。1号艇伸び確認後、広めのヒモ流しを採用。穴ヒモ（5・6号艇）を積極的に含める。'}",,,29.7,逃げ狙い,11.14,38.7,3,,,,,,,,,,,
2026-04-25,丸亀,1,5,塩田雄一,B1,24.00,5,,3.8869,12.7,39,27.9,0.1693,3.9262,,,0,低,147,0,-,nan,0,44,1.0745,,,,,,0.4143,0.0952,0.2071,,,E,△,,0.3292,0.5565,,0.3314,A,65,0,◎-○軸 3着3〜4艇流し（10〜15点）,0.5777,"{'is_target': True, 'verdict': '参加推奨', 'max_combo_prob': 0.0959, 'est_top_odds': 13.9, 'circle_concentration': 67.1, 'eligible_count': 8, 'bet_adj': 2, 'reason': 'rel_win1=62.3%（本命度） / 最有力組み合わせ確率: 0.096（推定実オッズ?14倍） / 2着集中度: 上位2艇 67.1%（補正+0.00） / 総合判定確率: 0.096 / → ヒモ分散。1号艇1着固定で広めのヒモ流し推奨（買い目+2点）', 'tenji_trigger': '展示確認: ヒモ分散レース。1号艇伸び確認後、広めのヒモ流しを採用。穴ヒモ（5・6号艇）を積極的に含める。'}",,,29.7,逃げ狙い,11.14,38.7,3,,,,,,,,,,,
2026-04-25,丸亀,1,6,大西隆洋,B1,27.33,6,○,1.245,1.6,32,15.2,0.1359,2.8696,,,0,低,103,0,-,nan,0,36.1,1.5989,,,,,,0.3077,0.0769,0.3077,,◎,D,◎,,0.433,0.6055,,0.3314,A,65,0,◎-○軸 3着3〜4艇流し（10〜15点）,0.5777,"{'is_target': True, 'verdict': '参加推奨', 'max_combo_prob': 0.0959, 'est_top_odds': 13.9, 'circle_concentration': 67.1, 'eligible_count': 8, 'bet_adj': 2, 'reason': 'rel_win1=62.3%（本命度） / 最有力組み合わせ確率: 0.096（推定実オッズ?14倍） / 2着集中度: 上位2艇 67.1%（補正+0.00） / 総合判定確率: 0.096 / → ヒモ分散。1号艇1着固定で広めのヒモ流し推奨（買い目+2点）', 'tenji_trigger': '展示確認: ヒモ分散レース。1号艇伸び確認後、広めのヒモ流しを採用。穴ヒモ（5・6号艇）を積極的に含める。'}",,,29.7,逃げ狙い,11.14,38.7,3,,,,,,,,,,,
2026-04-25,丸亀,2,1,長谷川親,B1,25.68,1,逃×,39.5944,,0,55.3,0.1703,3.6316,,,0,低,166,0,逃0%,nan,0,20.2,0.7007,0.2222,,,,,0.1111,0.3778,0.2222,△,,D,,,,0.605,,0.2335,D,32,1,大荒れ。見送り推奨,0.5777,"{'is_target': False, 'verdict': '対象外', 'max_combo_prob': None, 'est_top_odds': None, 'circle_concentration': None, 'eligible_count': 0, 'bet_adj': 0, 'reason': '1号艇rel_win1 < 45%: 通常判定に委ねる', 'tenji_trigger': ''}",,,30.7,両建て推奨,16.39,37.2,3,3-1-5|3-1-4|1-3-5|1-3-4|1-2-5|1-2-3|1-2-4,4-1-5|6-1-2|3-1-5|4-1-6|3-1-4|6-2-1|6-1-4|1-3-5|1-3-4|1-2-5|1-2-3|1-2-4,3-1-5:2.23%|3-1-4:1.87%|1-3-5:7.09%|1-3-4:6.87%|1-2-5:5.35%|1-2-3:5.32%|1-2-4:5.18%,3-1-5:B_main|3-1-4:B_main|1-3-5:A|1-3-4:A|1-2-5:A|1-2-3:A|1-2-4:A,7,12,0.4535,1,[!]見送り推奨（主役決まり手「まくり差し」― 逃げ劣勢レースで的中実績なし）,荒れ広め,D
2026-04-25,丸亀,2,2,深川和仁,B1,32.37,2,○,14.8453,28.4,96,50,0.164,3.76,,,0,低,130,0,-,nan,0,28.2,1.0221,0,0.0435,0.0435,0,0.0435,0.2,0.0167,0.05,,○,B,△,,0.3886,0.606,,0.2335,D,32,1,大荒れ。見送り推奨,0.5777,"{'is_target': False, 'verdict': '対象外', 'max_combo_prob': None, 'est_top_odds': None, 'circle_concentration': None, 'eligible_count': 0, 'bet_adj': 0, 'reason': '1号艇rel_win1 < 45%: 通常判定に委ねる', 'tenji_trigger': ''}",,,30.7,両建て推奨,16.39,37.2,3,,,,,,,,,,,
2026-04-25,丸亀,2,3,濱野斗馬,A2,31.91,3,◎,21.6055,46.4,100,73.1,0.1292,2.3654,,,0,低,40,0,-,nan,0,28.7,0.9777,0,0,0,0.0833,0,0.0968,0,0.0323,,◎,C,○,,0.5129,0.638,,0.2335,D,32,1,大荒れ。見送り推奨,0.5777,"{'is_target': False, 'verdict': '対象外', 'max_combo_prob': None, 'est_top_odds': None, 'circle_concentration': None, 'eligible_count': 0, 'bet_adj': 0, 'reason': '1号艇rel_win1 < 45%: 通常判定に委ねる', 'tenji_trigger': ''}",,,30.7,両建て推奨,16.39,37.2,3,,,,,,,,,,,
2026-04-25,丸亀,2,4,大廣咲季,B1,24.48,4,,10.3064,6.5,57,17.3,0.1679,3.5481,,,0,低,81,0,-,nan,0,100,3.2109,0,0,0.1053,0,0,0.3333,0.3333,0,,,E,,,0.3717,0.543,,0.2335,D,32,1,大荒れ。見送り推奨,0.5777,"{'is_target': False, 'verdict': '対象外', 'max_combo_prob': None, 'est_top_odds': None, 'circle_concentration': None, 'eligible_count': 0, 'bet_adj': 0, 'reason': '1号艇rel_win1 < 45%: 通常判定に委ねる', 'tenji_trigger': ''}",,,30.7,両建て推奨,16.39,37.2,3,,,,,,,,,,,
2026-04-25,丸亀,2,5,木谷賢太,A1,26.80,5,△,8.9359,18.3,96,59.6,0.177,3.9787,,,0,低,107,0,差ま0%,nan,0,89.5,1.4526,0,0,0,0.0476,0,0.0343,0.0114,0.1957,,,D,◎,,0.318,0.663,,0.2335,D,32,1,大荒れ。見送り推奨,0.5777,"{'is_target': False, 'verdict': '対象外', 'max_combo_prob': None, 'est_top_odds': None, 'circle_concentration': None, 'eligible_count': 0, 'bet_adj': 0, 'reason': '1号艇rel_win1 < 45%: 通常判定に委ねる', 'tenji_trigger': ''}",,,30.7,両建て推奨,16.39,37.2,3,,,,,,,,,,,
2026-04-25,丸亀,2,6,中岡健人,B1,35.66,6,▲,4.7125,0.5,45,11.1,0.1969,4.7778,,,0,低,104,0,-,nan,0,54.6,1.5886,0,0.04,0,0,0,0.28,0.164,0.196,,,B,△,,0.2544,0.635,,0.2335,D,32,1,大荒れ。見送り推奨,0.5777,"{'is_target': False, 'verdict': '対象外', 'max_combo_prob': None, 'est_top_odds': None, 'circle_concentration': None, 'eligible_count': 0, 'bet_adj': 0, 'reason': '1号艇rel_win1 < 45%: 通常判定に委ねる', 'tenji_trigger': ''}",,,30.7,両建て推奨,16.39,37.2,3,,,,,,,,,,,
2026-04-25,丸亀,3,1,三嶌さら,B1,39.01,1,逃△,50.2209,,0,75,0.2175,4.125,,,0,低,82,1,逃0%,nan,0,47.4,0.9682,0.5,,,,,0,0.25,0,△⚠️,,B,,,,0.576,,0.2513,B,48,0,◎○△フォーメーション（15〜20点）,0.5777,"{'is_target': True, 'verdict': '参加推奨', 'max_combo_prob': 0.0552, 'est_top_odds': 24.2, 'circle_concentration': 64.8, 'eligible_count': 9, 'bet_adj': 2, 'reason': 'rel_win1=50.2%（本命度） / 最有力組み合わせ確率: 0.055（推定実オッズ?24倍） / 2着集中度: 上位2艇 64.8%（補正+0.00） / 総合判定確率: 0.055 / → ヒモ分散。1号艇1着固定で広めのヒモ流し推奨（買い目+2点）', 'tenji_trigger': '展示確認: ヒモ分散レース。1号艇伸び確認後、広めのヒモ流しを採用。穴ヒモ（5・6号艇）を積極的に含める。\n展示で1号艇スタート遅め(0.217秒)確認→ヒモが荒れやすい'}",,,33.7,両建て推奨,16.99,30.9,4,2-1-3|2-1-4|2-3-1|2-1-6|2-3-4|2-4-1|2-4-3|1-2-4|1-3-4|1-4-2|1-4-3|1-3-2,2-1-3|2-1-4|2-3-1|2-1-6|2-3-4|2-4-1|2-4-3|1-2-4|1-3-4|1-4-2|1-4-3|1-3-2,2-1-3:2.72%|2-1-4:2.07%|2-3-1:0.84%|2-1-6:0.68%|2-3-4:0.35%|2-4-1:0.32%|2-4-3:0.18%|1-2-4:7.75%|1-3-4:7.55%|1-4-2:6.19%|1-4-3:6.01%|1-3-2:5.99%,2-1-3:B_main|2-1-4:B_main|2-3-1:B_main|2-1-6:B_main|2-3-4:B_main|2-4-1:B_main|2-4-3:B_main|1-2-4:A|1-3-4:A|1-4-2:A|1-4-3:A|1-3-2:A,12,12,0.4535,1,[!]見送り推奨（主役決まり手「差し」― 逃げ劣勢レースで的中実績なし）,主役軸流し,B
2026-04-25,丸亀,3,2,谷口知優,B1,37.50,2,◎,14.5273,22.6,100,53.2,0.1496,2.9149,,,0,低,83,0,-,nan,0,51.8,0.8562,0,0.12,0,0,0,0,0.3481,0.1039,,◎,B,△,,0.5772,0.6165,,0.2513,B,48,0,◎○△フォーメーション（15〜20点）,0.5777,"{'is_target': True, 'verdict': '参加推奨', 'max_combo_prob': 0.0552, 'est_top_odds': 24.2, 'circle_concentration': 64.8, 'eligible_count': 9, 'bet_adj': 2, 'reason': 'rel_win1=50.2%（本命度） / 最有力組み合わせ確率: 0.055（推定実オッズ?24倍） / 2着集中度: 上位2艇 64.8%（補正+0.00） / 総合判定確率: 0.055 / → ヒモ分散。1号艇1着固定で広めのヒモ流し推奨（買い目+2点）', 'tenji_trigger': '展示確認: ヒモ分散レース。1号艇伸び確認後、広めのヒモ流しを採用。穴ヒモ（5・6号艇）を積極的に含める。\n展示で1号艇スタート遅め(0.217秒)確認→ヒモが荒れやすい'}",,,33.7,両建て推奨,16.99,30.9,4,,,,,,,,,,,
2026-04-25,丸亀,3,3,西村美智,B2,27.41,3,▲,11.1121,30,73,63.6,0.12,2.3636,,,0,低,25,1,ま0%,nan,0,57.5,1.15,0,0,0.1667,0,0,0.1111,0.1111,0.1111,,○,E,○,,0.4901,0.6285,,0.2513,B,48,0,◎○△フォーメーション（15〜20点）,0.5777,"{'is_target': True, 'verdict': '参加推奨', 'max_combo_prob': 0.0552, 'est_top_odds': 24.2, 'circle_concentration': 64.8, 'eligible_count': 9, 'bet_adj': 2, 'reason': 'rel_win1=50.2%（本命度） / 最有力組み合わせ確率: 0.055（推定実オッズ?24倍） / 2着集中度: 上位2艇 64.8%（補正+0.00） / 総合判定確率: 0.055 / → ヒモ分散。1号艇1着固定で広めのヒモ流し推奨（買い目+2点）', 'tenji_trigger': '展示確認: ヒモ分散レース。1号艇伸び確認後、広めのヒモ流しを採用。穴ヒモ（5・6号艇）を積極的に含める。\n展示で1号艇スタート遅め(0.217秒)確認→ヒモが荒れやすい'}",,,33.7,両建て推奨,16.99,30.9,4,,,,,,,,,,,
2026-04-25,丸亀,3,4,竹田和哉,A1,36.62,4,○,16.9042,34.7,69,66.7,0.1619,3.3958,,,0,低,106,0,-,nan,0,86.3,1.1545,0,0.1364,0.0909,0,0,0.116,0.116,0,,△,C,◎,◎,0.4817,0.6415,0.4984,0.2513,B,48,0,◎○△フォーメーション（15〜20点）,0.5777,"{'is_target': True, 'verdict': '参加推奨', 'max_combo_prob': 0.0552, 'est_top_odds': 24.2, 'circle_concentration': 64.8, 'eligible_count': 9, 'bet_adj': 2, 'reason': 'rel_win1=50.2%（本命度） / 最有力組み合わせ確率: 0.055（推定実オッズ?24倍） / 2着集中度: 上位2艇 64.8%（補正+0.00） / 総合判定確率: 0.055 / → ヒモ分散。1号艇1着固定で広めのヒモ流し推奨（買い目+2点）', 'tenji_trigger': '展示確認: ヒモ分散レース。1号艇伸び確認後、広めのヒモ流しを採用。穴ヒモ（5・6号艇）を積極的に含める。\n展示で1号艇スタート遅め(0.217秒)確認→ヒモが荒れやすい'}",,,33.7,両建て推奨,16.99,30.9,4,,,,,,,,,,,
2026-04-25,丸亀,3,5,中岡　駿,B2,32.12,5,,6.1858,11.6,72,0,0.2075,4.0625,,,0,低,40,1,-,nan,0,29.7,0.7117,,,,,,,,,,,D,,,0.3422,0.482,,0.2513,B,48,0,◎○△フォーメーション（15〜20点）,0.5777,"{'is_target': True, 'verdict': '参加推奨', 'max_combo_prob': 0.0552, 'est_top_odds': 24.2, 'circle_concentration': 64.8, 'eligible_count': 9, 'bet_adj': 2, 'reason': 'rel_win1=50.2%（本命度） / 最有力組み合わせ確率: 0.055（推定実オッズ?24倍） / 2着集中度: 上位2艇 64.8%（補正+0.00） / 総合判定確率: 0.055 / → ヒモ分散。1号艇1着固定で広めのヒモ流し推奨（買い目+2点）', 'tenji_trigger': '展示確認: ヒモ分散レース。1号艇伸び確認後、広めのヒモ流しを採用。穴ヒモ（5・6号艇）を積極的に含める。\n展示で1号艇スタート遅め(0.217秒)確認→ヒモが荒れやすい'}",,,33.7,両建て推奨,16.99,30.9,4,,,,,,,,,,,
2026-04-25,丸亀,3,6,松尾　祭,A2,36.96,6,△,1.0497,1,71,26.9,0.2044,4.7788,,,0,低,144,0,-,nan,0,24,0.7569,,,,,,0.1086,0.0654,0.2501,,,C,△,,0.3517,0.6215,,0.2513,B,48,0,◎○△フォーメーション（15〜20点）,0.5777,"{'is_target': True, 'verdict': '参加推奨', 'max_combo_prob': 0.0552, 'est_top_odds': 24.2, 'circle_concentration': 64.8, 'eligible_count': 9, 'bet_adj': 2, 'reason': 'rel_win1=50.2%（本命度） / 最有力組み合わせ確率: 0.055（推定実オッズ?24倍） / 2着集中度: 上位2艇 64.8%（補正+0.00） / 総合判定確率: 0.055 / → ヒモ分散。1号艇1着固定で広めのヒモ流し推奨（買い目+2点）', 'tenji_trigger': '展示確認: ヒモ分散レース。1号艇伸び確認後、広めのヒモ流しを採用。穴ヒモ（5・6号艇）を積極的に含める。\n展示で1号艇スタート遅め(0.217秒)確認→ヒモが荒れやすい'}",,,33.7,両建て推奨,16.99,30.9,4,,,,,,,,,,,
2026-04-25,丸亀,4,1,門田　栞,B1,25.85,1,逃○,54.6185,,0,67.7,0.1648,3.371,,,0,低,76,0,逃0%,nan,0,93.3,1.2846,0.4615,,,,,0.2308,0.3077,0,○,,D,,,,0.5145,,0.375,A,60,0,◎-○軸 3着3〜4艇流し（10〜15点）,0.5777,"{'is_target': True, 'verdict': '点数絞り', 'max_combo_prob': 0.0884, 'est_top_odds': 15.1, 'circle_concentration': 70.2, 'eligible_count': 8, 'bet_adj': 0, 'reason': 'rel_win1=54.6%（本命度） / 最有力組み合わせ確率: 0.088（推定実オッズ?15倍） / 2着集中度: 上位2艇 70.2%（補正+0.04） / 総合判定確率: 0.128 / → ヒモはやや固め。上位2艇以外を切ること', 'tenji_trigger': '展示確認: 1号艇伸び良→そのまま採用。悪→飛び組に差し替え。circle_pct上位2艇に絞り込むこと。'}",,,30.1,両建て推奨,14.14,37.3,2,1-2-4|1-2-6|1-4-2|1-3-2|1-4-6|1-3-4|1-3-6|2-1-4|2-1-3|2-1-5,1-2-4|1-2-6|1-4-2|1-3-2|1-4-6|1-3-4|1-3-6|2-1-4|2-1-3|2-1-5,1-2-4:9.33%|1-2-6:9.05%|1-4-2:4.73%|1-3-2:4.27%|1-4-6:4.18%|1-3-4:3.88%|1-3-6:3.77%|2-1-4:3.25%|2-1-3:3.19%|2-1-5:2.2%,1-2-4:A|1-2-6:A|1-4-2:A|1-3-2:A|1-4-6:A|1-3-4:A|1-3-6:A|2-1-4:B_sc|2-1-3:B_sc|2-1-5:B_sc,10,10,0.6155,0,,逃げ軸流し,A
2026-04-25,丸亀,4,2,宮武英司,B1,31.33,2,◎,11.6661,49.2,59,67.3,0.1471,3.1455,,,0,低,89,0,-,nan,0,61,0.7364,,,,,,0.4889,0.0222,0.0222,,◎,C,○,,0.5045,0.658,,0.375,A,60,0,◎-○軸 3着3〜4艇流し（10〜15点）,0.5777,"{'is_target': True, 'verdict': '点数絞り', 'max_combo_prob': 0.0884, 'est_top_odds': 15.1, 'circle_concentration': 70.2, 'eligible_count': 8, 'bet_adj': 0, 'reason': 'rel_win1=54.6%（本命度） / 最有力組み合わせ確率: 0.088（推定実オッズ?15倍） / 2着集中度: 上位2艇 70.2%（補正+0.04） / 総合判定確率: 0.128 / → ヒモはやや固め。上位2艇以外を切ること', 'tenji_trigger': '展示確認: 1号艇伸び良→そのまま採用。悪→飛び組に差し替え。circle_pct上位2艇に絞り込むこと。'}",,,30.1,両建て推奨,14.14,37.3,2,,,,,,,,,,,
2026-04-25,丸亀,4,3,石井伸長,B1,29.79,3,△,17.0513,16.7,68,85.7,0.1871,3.5,,,0,低,79,1,差ま0%,nan,0,52.1,1.6244,0,0,0,0.1429,0,0,0.5,0.25,,,C,△,,0.1999,0.5655,,0.375,A,60,0,◎-○軸 3着3〜4艇流し（10〜15点）,0.5777,"{'is_target': True, 'verdict': '点数絞り', 'max_combo_prob': 0.0884, 'est_top_odds': 15.1, 'circle_concentration': 70.2, 'eligible_count': 8, 'bet_adj': 0, 'reason': 'rel_win1=54.6%（本命度） / 最有力組み合わせ確率: 0.088（推定実オッズ?15倍） / 2着集中度: 上位2艇 70.2%（補正+0.04） / 総合判定確率: 0.128 / → ヒモはやや固め。上位2艇以外を切ること', 'tenji_trigger': '展示確認: 1号艇伸び良→そのまま採用。悪→飛び組に差し替え。circle_pct上位2艇に絞り込むこと。'}",,,30.1,両建て推奨,14.14,37.3,2,,,,,,,,,,,
2026-04-25,丸亀,4,4,宮崎　奨,A2,37.14,4,○,7.6956,21,100,70.2,0.1772,3.694,,,0,低,134,0,-,nan,0,64.3,1.0034,0,0,0,0.0333,0,0.0343,0.1571,0.2686,,,B,○,,0.2303,0.658,,0.375,A,60,0,◎-○軸 3着3〜4艇流し（10〜15点）,0.5777,"{'is_target': True, 'verdict': '点数絞り', 'max_combo_prob': 0.0884, 'est_top_odds': 15.1, 'circle_concentration': 70.2, 'eligible_count': 8, 'bet_adj': 0, 'reason': 'rel_win1=54.6%（本命度） / 最有力組み合わせ確率: 0.088（推定実オッズ?15倍） / 2着集中度: 上位2艇 70.2%（補正+0.04） / 総合判定確率: 0.128 / → ヒモはやや固め。上位2艇以外を切ること', 'tenji_trigger': '展示確認: 1号艇伸び良→そのまま採用。悪→飛び組に差し替え。circle_pct上位2艇に絞り込むこと。'}",,,30.1,両建て推奨,14.14,37.3,2,,,,,,,,,,,
2026-04-25,丸亀,4,5,西丸敦基,B1,32.17,5,▲,5.3971,9.1,75,35,0.1668,3.6667,,,0,低,113,0,-,nan,0,28.9,1.0521,,,,,,0.0333,0.0667,0.3,,,B,△,,0.3075,0.6165,,0.375,A,60,0,◎-○軸 3着3〜4艇流し（10〜15点）,0.5777,"{'is_target': True, 'verdict': '点数絞り', 'max_combo_prob': 0.0884, 'est_top_odds': 15.1, 'circle_concentration': 70.2, 'eligible_count': 8, 'bet_adj': 0, 'reason': 'rel_win1=54.6%（本命度） / 最有力組み合わせ確率: 0.088（推定実オッズ?15倍） / 2着集中度: 上位2艇 70.2%（補正+0.04） / 総合判定確率: 0.128 / → ヒモはやや固め。上位2艇以外を切ること', 'tenji_trigger': '展示確認: 1号艇伸び良→そのまま採用。悪→飛び組に差し替え。circle_pct上位2艇に絞り込むこと。'}",,,30.1,両建て推奨,14.14,37.3,2,,,,,,,,,,,
2026-04-25,丸亀,4,6,中村晃朋,A1,22.97,6,,3.5713,4,61,40,0.163,3.8333,,,0,低,56,0,-,nan,0,26.9,0.9511,,,,,,0.1745,0,0.1564,,,E,◎,,0.3157,0.678,,0.375,A,60,0,◎-○軸 3着3〜4艇流し（10〜15点）,0.5777,"{'is_target': True, 'verdict': '点数絞り', 'max_combo_prob': 0.0884, 'est_top_odds': 15.1, 'circle_concentration': 70.2, 'eligible_count': 8, 'bet_adj': 0, 'reason': 'rel_win1=54.6%（本命度） / 最有力組み合わせ確率: 0.088（推定実オッズ?15倍） / 2着集中度: 上位2艇 70.2%（補正+0.04） / 総合判定確率: 0.128 / → ヒモはやや固め。上位2艇以外を切ること', 'tenji_trigger': '展示確認: 1号艇伸び良→そのまま採用。悪→飛び組に差し替え。circle_pct上位2艇に絞り込むこと。'}",,,30.1,両建て推奨,14.14,37.3,2,,,,,,,,,,,
2026-04-25,丸亀,5,1,木村光宏,B1,34.25,1,逃△,48.3616,,0,71.7,0.1528,3.2283,,,0,低,99,0,逃0%,nan,0,30.1,0.9059,0.3333,,,,,0.3952,0.3571,0.0571,○,,B,○,,,0.6335,,0.3518,A,60,0,◎-○軸 3着3〜4艇流し（10〜15点）,0.5777,"{'is_target': True, 'verdict': '点数絞り', 'max_combo_prob': 0.0807, 'est_top_odds': 16.5, 'circle_concentration': 73.4, 'eligible_count': 8, 'bet_adj': 0, 'reason': 'rel_win1=48.4%（本命度） / 最有力組み合わせ確率: 0.081（推定実オッズ?16倍） / 2着集中度: 上位2艇 73.4%（補正+0.04） / 総合判定確率: 0.121 / → ヒモはやや固め。上位2艇以外を切ること', 'tenji_trigger': '展示確認: 1号艇伸び良→そのまま採用。悪→飛び組に差し替え。circle_pct上位2艇に絞り込むこと。'}",,,33.1,両建て推奨,17.3,43.2,4,4-5-6|4-5-1|4-6-5|4-6-1|4-3-5|4-3-6|4-3-1|1-2-4|1-2-3|1-2-5|1-3-4|1-4-3,4-5-6|4-5-1|4-6-5|4-6-1|4-3-5|4-3-6|4-3-1|1-2-4|1-2-3|1-2-5|1-3-4|1-4-3,4-5-6:1.4%|4-5-1:1.2%|4-6-5:0.67%|4-6-1:0.54%|4-3-5:0.54%|4-3-6:0.5%|4-3-1:0.43%|1-2-4:13.16%|1-2-3:9.3%|1-2-5:8.62%|1-3-4:7.53%|1-4-3:6.54%,4-5-6:B_main|4-5-1:B_main|4-6-5:B_main|4-6-1:B_main|4-3-5:B_main|4-3-6:B_main|4-3-1:B_main|1-2-4:A|1-2-3:A|1-2-5:A|1-3-4:A|1-4-3:A,12,12,0.6155,0,,主役軸流し,B
2026-04-25,丸亀,5,2,水谷理人,A2,34.25,2,○,14.0874,51.2,45,55.6,0.1592,3.4167,,,0,低,64,0,ま0%,nan,0,29.7,0.9197,0,0.1,0.05,0,0,0.0533,0.28,0.0267,,,B,,,0.3158,0.569,,0.3518,A,60,0,◎-○軸 3着3〜4艇流し（10〜15点）,0.5777,"{'is_target': True, 'verdict': '点数絞り', 'max_combo_prob': 0.0807, 'est_top_odds': 16.5, 'circle_concentration': 73.4, 'eligible_count': 8, 'bet_adj': 0, 'reason': 'rel_win1=48.4%（本命度） / 最有力組み合わせ確率: 0.081（推定実オッズ?16倍） / 2着集中度: 上位2艇 73.4%（補正+0.04） / 総合判定確率: 0.121 / → ヒモはやや固め。上位2艇以外を切ること', 'tenji_trigger': '展示確認: 1号艇伸び良→そのまま採用。悪→飛び組に差し替え。circle_pct上位2艇に絞り込むこと。'}",,,33.1,両建て推奨,17.3,43.2,4,,,,,,,,,,,
2026-04-25,丸亀,5,3,嶋田貴支,B1,26.24,3,,7.35,22.2,85,54.4,0.1676,3.3162,,,0,低,134,0,-,nan,0,98.1,1.9235,0,0.0312,0,0.0312,0,0.0174,0.0522,0.1174,,,D,△,,0.2633,0.6045,,0.3518,A,60,0,◎-○軸 3着3〜4艇流し（10〜15点）,0.5777,"{'is_target': True, 'verdict': '点数絞り', 'max_combo_prob': 0.0807, 'est_top_odds': 16.5, 'circle_concentration': 73.4, 'eligible_count': 8, 'bet_adj': 0, 'reason': 'rel_win1=48.4%（本命度） / 最有力組み合わせ確率: 0.081（推定実オッズ?16倍） / 2着集中度: 上位2艇 73.4%（補正+0.04） / 総合判定確率: 0.121 / → ヒモはやや固め。上位2艇以外を切ること', 'tenji_trigger': '展示確認: 1号艇伸び良→そのまま採用。悪→飛び組に差し替え。circle_pct上位2艇に絞り込むこと。'}",,,33.1,両建て推奨,17.3,43.2,4,,,,,,,,,,,
2026-04-25,丸亀,5,4,石丸海渡,A1,24.31,4,◎,23.7066,19.3,100,70,0.1207,2.15,,,0,低,26,0,差0% ま0%,nan,0,70.7,1.1694,0,0.05,0.25,0,0,0.0792,0.0125,0,,◎,D,◎,◎,0.5264,0.687,0.4598,0.3518,A,60,0,◎-○軸 3着3〜4艇流し（10〜15点）,0.5777,"{'is_target': True, 'verdict': '点数絞り', 'max_combo_prob': 0.0807, 'est_top_odds': 16.5, 'circle_concentration': 73.4, 'eligible_count': 8, 'bet_adj': 0, 'reason': 'rel_win1=48.4%（本命度） / 最有力組み合わせ確率: 0.081（推定実オッズ?16倍） / 2着集中度: 上位2艇 73.4%（補正+0.04） / 総合判定確率: 0.121 / → ヒモはやや固め。上位2艇以外を切ること', 'tenji_trigger': '展示確認: 1号艇伸び良→そのまま採用。悪→飛び組に差し替え。circle_pct上位2艇に絞り込むこと。'}",,,33.1,両建て推奨,17.3,43.2,4,,,,,,,,,,,
2026-04-25,丸亀,5,5,谷口佳蓮,B1,37.59,5,▲,3.9026,3.9,68,25.9,0.1656,3.3889,,,0,低,45,0,-,nan,0,68.9,1.5117,,,,,,0.1091,0,0.2727,,,B,,,0.3185,0.5715,,0.3518,A,60,0,◎-○軸 3着3〜4艇流し（10〜15点）,0.5777,"{'is_target': True, 'verdict': '点数絞り', 'max_combo_prob': 0.0807, 'est_top_odds': 16.5, 'circle_concentration': 73.4, 'eligible_count': 8, 'bet_adj': 0, 'reason': 'rel_win1=48.4%（本命度） / 最有力組み合わせ確率: 0.081（推定実オッズ?16倍） / 2着集中度: 上位2艇 73.4%（補正+0.04） / 総合判定確率: 0.121 / → ヒモはやや固め。上位2艇以外を切ること', 'tenji_trigger': '展示確認: 1号艇伸び良→そのまま採用。悪→飛び組に差し替え。circle_pct上位2艇に絞り込むこと。'}",,,33.1,両建て推奨,17.3,43.2,4,,,,,,,,,,,
2026-04-25,丸亀,5,6,西丸侑太,A1,33.10,6,△,2.5918,3.4,54,34.1,0.1627,4.0114,,,0,低,100,0,-,nan,0,41.2,1.4722,,,,,,0,0.1314,0.0429,,,C,△,,0.3321,0.6105,,0.3518,A,60,0,◎-○軸 3着3〜4艇流し（10〜15点）,0.5777,"{'is_target': True, 'verdict': '点数絞り', 'max_combo_prob': 0.0807, 'est_top_odds': 16.5, 'circle_concentration': 73.4, 'eligible_count': 8, 'bet_adj': 0, 'reason': 'rel_win1=48.4%（本命度） / 最有力組み合わせ確率: 0.081（推定実オッズ?16倍） / 2着集中度: 上位2艇 73.4%（補正+0.04） / 総合判定確率: 0.121 / → ヒモはやや固め。上位2艇以外を切ること', 'tenji_trigger': '展示確認: 1号艇伸び良→そのまま採用。悪→飛び組に差し替え。circle_pct上位2艇に絞り込むこと。'}",,,33.1,両建て推奨,17.3,43.2,4,,,,,,,,,,,
2026-04-25,丸亀,6,1,中越博紀,A2,28.38,1,逃○,58.0501,,0,88,0.1556,3.3133,,,0,低,130,0,-,nan,0,78.7,1.0553,0.4815,,,,,0.0296,0.3593,0.0593,○,,D,△,,,0.6195,,0.4181,A,76,0,◎-○軸 3着3〜4艇流し（10〜15点）,0.5777,"{'is_target': True, 'verdict': '参加推奨', 'max_combo_prob': 0.0826, 'est_top_odds': 16.1, 'circle_concentration': 63.1, 'eligible_count': 8, 'bet_adj': 2, 'reason': 'rel_win1=58.1%（本命度） / 最有力組み合わせ確率: 0.083（推定実オッズ?16倍） / 2着集中度: 上位2艇 63.1%（補正+0.00） / 総合判定確率: 0.083 / → ヒモ分散。1号艇1着固定で広めのヒモ流し推奨（買い目+2点）', 'tenji_trigger': '展示確認: ヒモ分散レース。1号艇伸び確認後、広めのヒモ流しを採用。穴ヒモ（5・6号艇）を積極的に含める。'}",,,29.9,逃げ狙い,19.4,32.3,3,1-3-5|1-3-4|1-5-3|1-2-5|1-5-4|1-2-3|1-2-4|5-1-3|5-1-4|5-1-2,1-3-5|1-3-4|1-5-3|1-2-5|1-5-4|1-2-3|1-2-4|5-1-3|5-1-4|5-1-2,1-3-5:11.16%|1-3-4:7.71%|1-5-3:6.55%|1-2-5:5.95%|1-5-4:5.68%|1-2-3:4.74%|1-2-4:4.11%|5-1-3:8.21%|5-1-4:5.28%|5-1-2:3.22%,1-3-5:A|1-3-4:A|1-5-3:A|1-2-5:A|1-5-4:A|1-2-3:A|1-2-4:A|5-1-3:B_sc|5-1-4:B_sc|5-1-2:B_sc,10,10,0.6155,0,,逃げ軸流し,A
2026-04-25,丸亀,6,2,塩田雄一,B1,24.00,2,△,7.8883,24.2,66,39,0.1837,3.8814,,,0,低,147,0,-,nan,0,63,1.595,0,0,0.08,0,0,0.4143,0.0952,0.2071,,,E,,,0.0651,0.5565,,0.4181,A,76,0,◎-○軸 3着3〜4艇流し（10〜15点）,0.5777,"{'is_target': True, 'verdict': '参加推奨', 'max_combo_prob': 0.0826, 'est_top_odds': 16.1, 'circle_concentration': 63.1, 'eligible_count': 8, 'bet_adj': 2, 'reason': 'rel_win1=58.1%（本命度） / 最有力組み合わせ確率: 0.083（推定実オッズ?16倍） / 2着集中度: 上位2艇 63.1%（補正+0.00） / 総合判定確率: 0.083 / → ヒモ分散。1号艇1着固定で広めのヒモ流し推奨（買い目+2点）', 'tenji_trigger': '展示確認: ヒモ分散レース。1号艇伸び確認後、広めのヒモ流しを採用。穴ヒモ（5・6号艇）を積極的に含める。'}",,,29.9,逃げ狙い,19.4,32.3,3,,,,,,,,,,,
2026-04-25,丸亀,6,3,中村桃佳,A1,38.78,3,◎,20.7614,38.8,90,56,0.1196,2.24,,,0,低,41,0,ま0%,nan,0,58.2,1.0054,0,0.05,0.1,0,0.05,0.0471,0.0706,0.2706,,○,A,△,,0.5076,0.6205,,0.4181,A,76,0,◎-○軸 3着3〜4艇流し（10〜15点）,0.5777,"{'is_target': True, 'verdict': '参加推奨', 'max_combo_prob': 0.0826, 'est_top_odds': 16.1, 'circle_concentration': 63.1, 'eligible_count': 8, 'bet_adj': 2, 'reason': 'rel_win1=58.1%（本命度） / 最有力組み合わせ確率: 0.083（推定実オッズ?16倍） / 2着集中度: 上位2艇 63.1%（補正+0.00） / 総合判定確率: 0.083 / → ヒモ分散。1号艇1着固定で広めのヒモ流し推奨（買い目+2点）', 'tenji_trigger': '展示確認: ヒモ分散レース。1号艇伸び確認後、広めのヒモ流しを採用。穴ヒモ（5・6号艇）を積極的に含める。'}",,,29.9,逃げ狙い,19.4,32.3,3,,,,,,,,,,,
2026-04-25,丸亀,6,4,西原明生,B1,37.50,4,▲,6.9336,13.3,57,27.4,0.1813,4.2742,,,0,低,192,0,差0%,nan,0,88.5,1.2736,0,0.04,0,0,0,0.2571,0.2571,0.2762,,,B,○,,0.2345,0.641,,0.4181,A,76,0,◎-○軸 3着3〜4艇流し（10〜15点）,0.5777,"{'is_target': True, 'verdict': '参加推奨', 'max_combo_prob': 0.0826, 'est_top_odds': 16.1, 'circle_concentration': 63.1, 'eligible_count': 8, 'bet_adj': 2, 'reason': 'rel_win1=58.1%（本命度） / 最有力組み合わせ確率: 0.083（推定実オッズ?16倍） / 2着集中度: 上位2艇 63.1%（補正+0.00） / 総合判定確率: 0.083 / → ヒモ分散。1号艇1着固定で広めのヒモ流し推奨（買い目+2点）', 'tenji_trigger': '展示確認: ヒモ分散レース。1号艇伸び確認後、広めのヒモ流しを採用。穴ヒモ（5・6号艇）を積極的に含める。'}",,,29.9,逃げ狙い,19.4,32.3,3,,,,,,,,,,,
2026-04-25,丸亀,6,5,片岡雅裕,A1,29.80,5,○,5.3157,22.9,100,57.1,0.1071,2.4286,,,0,低,5,1,-,nan,0,80.9,1.3,,,,,,0.0286,0,0.3571,,◎,C,◎,,0.5221,0.8292,,0.4181,A,76,0,◎-○軸 3着3〜4艇流し（10〜15点）,0.5777,"{'is_target': True, 'verdict': '参加推奨', 'max_combo_prob': 0.0826, 'est_top_odds': 16.1, 'circle_concentration': 63.1, 'eligible_count': 8, 'bet_adj': 2, 'reason': 'rel_win1=58.1%（本命度） / 最有力組み合わせ確率: 0.083（推定実オッズ?16倍） / 2着集中度: 上位2艇 63.1%（補正+0.00） / 総合判定確率: 0.083 / → ヒモ分散。1号艇1着固定で広めのヒモ流し推奨（買い目+2点）', 'tenji_trigger': '展示確認: ヒモ分散レース。1号艇伸び確認後、広めのヒモ流しを採用。穴ヒモ（5・6号艇）を積極的に含める。'}",,,29.9,逃げ狙い,19.4,32.3,3,,,,,,,,,,,
2026-04-25,丸亀,6,6,下田哲也,B1,25.68,6,,1.051,0.7,50,8.9,0.1876,4.5667,,,0,低,104,0,-,nan,0,32.6,0.5719,,,,,,0.3333,0.1667,0.25,,,D,,,0.2621,0.615,,0.4181,A,76,0,◎-○軸 3着3〜4艇流し（10〜15点）,0.5777,"{'is_target': True, 'verdict': '参加推奨', 'max_combo_prob': 0.0826, 'est_top_odds': 16.1, 'circle_concentration': 63.1, 'eligible_count': 8, 'bet_adj': 2, 'reason': 'rel_win1=58.1%（本命度） / 最有力組み合わせ確率: 0.083（推定実オッズ?16倍） / 2着集中度: 上位2艇 63.1%（補正+0.00） / 総合判定確率: 0.083 / → ヒモ分散。1号艇1着固定で広めのヒモ流し推奨（買い目+2点）', 'tenji_trigger': '展示確認: ヒモ分散レース。1号艇伸び確認後、広めのヒモ流しを採用。穴ヒモ（5・6号艇）を積極的に含める。'}",,,29.9,逃げ狙い,19.4,32.3,3,,,,,,,,,,,
2026-04-25,丸亀,7,1,秋山広一,A2,34.90,1,逃◎,64.757,,0,93.7,0.1343,2.5476,,,0,低,90,0,逃0%,nan,0,67.8,1.0312,0.72,,,,,0,0.168,0.168,◎,,B,○,,,0.651,,0.6684,S,96,0,◎1着固定 2-3着流し（5〜8点）,0.5777,"{'is_target': True, 'verdict': '参加推奨', 'max_combo_prob': 0.0758, 'est_top_odds': 17.6, 'circle_concentration': 55.7, 'eligible_count': 6, 'bet_adj': 2, 'reason': 'rel_win1=64.8%（本命度） / 最有力組み合わせ確率: 0.076（推定実オッズ?18倍） / 2着集中度: 上位2艇 55.7%（補正+0.00） / 総合判定確率: 0.076 / → ヒモ分散。1号艇1着固定で広めのヒモ流し推奨（買い目+2点）', 'tenji_trigger': '展示確認: ヒモ分散レース。1号艇伸び確認後、広めのヒモ流しを採用。穴ヒモ（5・6号艇）を積極的に含める。\n展示で1号艇スタート超安定(0.134秒)→ヒモ固まり方向に注意'}",,,25.9,逃げ狙い,11.97,27.2,3,1-3-2|1-2-3|1-3-4|1-2-4|1-5-3|1-5-2|1-5-4|4-1-3|4-1-5|4-1-6,1-3-2|1-2-3|1-3-4|1-2-4|1-5-3|1-5-2|1-5-4|4-1-3|4-1-5|4-1-6,1-3-2:6.68%|1-2-3:6.37%|1-3-4:6.19%|1-2-4:5.45%|1-5-3:4.77%|1-5-2:4.41%|1-5-4:4.08%|4-1-3:7.63%|4-1-5:5.17%|4-1-6:4.64%,1-3-2:A|1-2-3:A|1-3-4:A|1-2-4:A|1-5-3:A|1-5-2:A|1-5-4:A|4-1-3:B_sc|4-1-5:B_sc|4-1-6:B_sc,10,10,0.7559,0,,逃げ軸流し,A
2026-04-25,丸亀,7,2,松下知幸,B1,30.15,2,▲,8.8212,24.2,100,48,0.1509,3.1753,,,0,低,152,0,差0%,nan,0,55.5,1.1024,0,0.0909,0.0303,0,0,0.2152,0.1581,0.1962,,,D,,,0.1522,0.5965,,0.6684,S,96,0,◎1着固定 2-3着流し（5〜8点）,0.5777,"{'is_target': True, 'verdict': '参加推奨', 'max_combo_prob': 0.0758, 'est_top_odds': 17.6, 'circle_concentration': 55.7, 'eligible_count': 6, 'bet_adj': 2, 'reason': 'rel_win1=64.8%（本命度） / 最有力組み合わせ確率: 0.076（推定実オッズ?18倍） / 2着集中度: 上位2艇 55.7%（補正+0.00） / 総合判定確率: 0.076 / → ヒモ分散。1号艇1着固定で広めのヒモ流し推奨（買い目+2点）', 'tenji_trigger': '展示確認: ヒモ分散レース。1号艇伸び確認後、広めのヒモ流しを採用。穴ヒモ（5・6号艇）を積極的に含める。\n展示で1号艇スタート超安定(0.134秒)→ヒモ固まり方向に注意'}",,,25.9,逃げ狙い,11.97,27.2,3,,,,,,,,,,,
2026-04-25,丸亀,7,3,松尾夏海,A1,34.29,3,◎,12.1897,31.5,54,51.8,0.1526,2.9444,,,0,低,45,0,-,nan,0,100,2.1875,0,0,0.0909,0,0,,,,,,C,◎,,0.2046,0.684,,0.6684,S,96,0,◎1着固定 2-3着流し（5〜8点）,0.5777,"{'is_target': True, 'verdict': '参加推奨', 'max_combo_prob': 0.0758, 'est_top_odds': 17.6, 'circle_concentration': 55.7, 'eligible_count': 6, 'bet_adj': 2, 'reason': 'rel_win1=64.8%（本命度） / 最有力組み合わせ確率: 0.076（推定実オッズ?18倍） / 2着集中度: 上位2艇 55.7%（補正+0.00） / 総合判定確率: 0.076 / → ヒモ分散。1号艇1着固定で広めのヒモ流し推奨（買い目+2点）', 'tenji_trigger': '展示確認: ヒモ分散レース。1号艇伸び確認後、広めのヒモ流しを採用。穴ヒモ（5・6号艇）を積極的に含める。\n展示で1号艇スタート超安定(0.134秒)→ヒモ固まり方向に注意'}",,,25.9,逃げ狙い,11.97,27.2,3,,,,,,,,,,,
2026-04-25,丸亀,7,4,中岡健人,B1,35.66,4,○,6.2043,16.1,54,35.6,0.1754,3.5932,,,0,低,104,0,-,nan,0,90.3,1.6211,0,0,0.0312,0,0,0.28,0.164,0.196,,,B,△,,0.1221,0.635,,0.6684,S,96,0,◎1着固定 2-3着流し（5〜8点）,0.5777,"{'is_target': True, 'verdict': '参加推奨', 'max_combo_prob': 0.0758, 'est_top_odds': 17.6, 'circle_concentration': 55.7, 'eligible_count': 6, 'bet_adj': 2, 'reason': 'rel_win1=64.8%（本命度） / 最有力組み合わせ確率: 0.076（推定実オッズ?18倍） / 2着集中度: 上位2艇 55.7%（補正+0.00） / 総合判定確率: 0.076 / → ヒモ分散。1号艇1着固定で広めのヒモ流し推奨（買い目+2点）', 'tenji_trigger': '展示確認: ヒモ分散レース。1号艇伸び確認後、広めのヒモ流しを採用。穴ヒモ（5・6号艇）を積極的に含める。\n展示で1号艇スタート超安定(0.134秒)→ヒモ固まり方向に注意'}",,,25.9,逃げ狙い,11.97,27.2,3,,,,,,,,,,,
2026-04-25,丸亀,7,5,嶋　義信,B1,28.38,5,,4.2076,17,67,39.3,0.1585,3.6066,,,0,低,90,0,-,nan,0,49,1.4614,,,,,,0.125,0.15,0.1875,,,E,,,0.2367,0.632,,0.6684,S,96,0,◎1着固定 2-3着流し（5〜8点）,0.5777,"{'is_target': True, 'verdict': '参加推奨', 'max_combo_prob': 0.0758, 'est_top_odds': 17.6, 'circle_concentration': 55.7, 'eligible_count': 6, 'bet_adj': 2, 'reason': 'rel_win1=64.8%（本命度） / 最有力組み合わせ確率: 0.076（推定実オッズ?18倍） / 2着集中度: 上位2艇 55.7%（補正+0.00） / 総合判定確率: 0.076 / → ヒモ分散。1号艇1着固定で広めのヒモ流し推奨（買い目+2点）', 'tenji_trigger': '展示確認: ヒモ分散レース。1号艇伸び確認後、広めのヒモ流しを採用。穴ヒモ（5・6号艇）を積極的に含める。\n展示で1号艇スタート超安定(0.134秒)→ヒモ固まり方向に注意'}",,,25.9,逃げ狙い,11.97,27.2,3,,,,,,,,,,,
2026-04-25,丸亀,7,6,中村日向,A1,32.41,6,△,3.8202,11.2,48,48.1,0.1619,3.6296,,,0,低,40,0,-,nan,0,31.9,0.8786,,,,,,0.1538,0.0769,0,,,C,△,,0.2222,0.645,,0.6684,S,96,0,◎1着固定 2-3着流し（5〜8点）,0.5777,"{'is_target': True, 'verdict': '参加推奨', 'max_combo_prob': 0.0758, 'est_top_odds': 17.6, 'circle_concentration': 55.7, 'eligible_count': 6, 'bet_adj': 2, 'reason': 'rel_win1=64.8%（本命度） / 最有力組み合わせ確率: 0.076（推定実オッズ?18倍） / 2着集中度: 上位2艇 55.7%（補正+0.00） / 総合判定確率: 0.076 / → ヒモ分散。1号艇1着固定で広めのヒモ流し推奨（買い目+2点）', 'tenji_trigger': '展示確認: ヒモ分散レース。1号艇伸び確認後、広めのヒモ流しを採用。穴ヒモ（5・6号艇）を積極的に含める。\n展示で1号艇スタート超安定(0.134秒)→ヒモ固まり方向に注意'}",,,25.9,逃げ狙い,11.97,27.2,3,,,,,,,,,,,
2026-04-25,丸亀,8,1,中田元泰,A1,30.61,1,逃◎,70.8157,,0,94,0.1464,2.7738,,,0,低,90,0,逃1%,nan,0,70.6,1.1646,0.8065,,,,,0.0323,0.1613,0,◎,,B,◎,,,0.685,,0.6546,S,90,0,◎1着固定 2-3着流し（5〜8点）,0.5777,"{'is_target': True, 'verdict': '点数絞り', 'max_combo_prob': 0.1866, 'est_top_odds': 7.1, 'circle_concentration': 88.3, 'eligible_count': 6, 'bet_adj': 0, 'reason': 'rel_win1=70.8%（本命度） / 最有力組み合わせ確率: 0.187（推定実オッズ?7倍） / 2着集中度: 上位2艇 88.3%（補正+0.04） / 総合判定確率: 0.227 / → ヒモはやや固め。上位2艇以外を切ること', 'tenji_trigger': '展示確認: 1号艇伸び良→そのまま採用。悪→飛び組に差し替え。circle_pct上位2艇に絞り込むこと。'}",,,26.7,逃げ狙い,16.35,25.9,2,1-2-4|1-2-5|1-4-2|1-4-5|1-5-4|1-5-2|4-1-2|4-1-5|4-1-3,1-2-4|1-2-5|1-4-2|1-4-5|1-5-4|1-5-2|4-1-2|4-1-5|4-1-3,1-2-4:13.41%|1-2-5:10.93%|1-4-2:6.36%|1-4-5:6.05%|1-5-4:3.8%|1-5-2:3.25%|4-1-2:6.47%|4-1-5:5.98%|4-1-3:5.97%,1-2-4:A|1-2-5:A|1-4-2:A|1-4-5:A|1-5-4:A|1-5-2:A|4-1-2:B_sc|4-1-5:B_sc|4-1-3:B_sc,9,9,0.7559,0,,逃げ軸流し,A
2026-04-25,丸亀,8,2,村越　篤,A2,22.15,2,▲,10.5378,62.2,77,68.7,0.1593,3.2836,,,0,低,142,0,差0%,nan,0,71.2,1.541,0,0.1875,0,0,0,0.2516,0.0129,0.0774,,,D,○,,0.2149,0.667,,0.6546,S,90,0,◎1着固定 2-3着流し（5〜8点）,0.5777,"{'is_target': True, 'verdict': '点数絞り', 'max_combo_prob': 0.1866, 'est_top_odds': 7.1, 'circle_concentration': 88.3, 'eligible_count': 6, 'bet_adj': 0, 'reason': 'rel_win1=70.8%（本命度） / 最有力組み合わせ確率: 0.187（推定実オッズ?7倍） / 2着集中度: 上位2艇 88.3%（補正+0.04） / 総合判定確率: 0.227 / → ヒモはやや固め。上位2艇以外を切ること', 'tenji_trigger': '展示確認: 1号艇伸び良→そのまま採用。悪→飛び組に差し替え。circle_pct上位2艇に絞り込むこと。'}",,,26.7,逃げ狙い,16.35,25.9,2,,,,,,,,,,,
2026-04-25,丸亀,8,3,大西隆洋,B1,27.33,3,△,4.4722,5.3,39,15.5,0.1947,4.181,,,0,低,103,0,-,nan,0,100,4.5644,,,,,,0.3077,0.0769,0.3077,,,C,△,,0.1323,0.6055,,0.6546,S,90,0,◎1着固定 2-3着流し（5〜8点）,0.5777,"{'is_target': True, 'verdict': '点数絞り', 'max_combo_prob': 0.1866, 'est_top_odds': 7.1, 'circle_concentration': 88.3, 'eligible_count': 6, 'bet_adj': 0, 'reason': 'rel_win1=70.8%（本命度） / 最有力組み合わせ確率: 0.187（推定実オッズ?7倍） / 2着集中度: 上位2艇 88.3%（補正+0.04） / 総合判定確率: 0.227 / → ヒモはやや固め。上位2艇以外を切ること', 'tenji_trigger': '展示確認: 1号艇伸び良→そのまま採用。悪→飛び組に差し替え。circle_pct上位2艇に絞り込むこと。'}",,,26.7,逃げ狙い,16.35,25.9,2,,,,,,,,,,,
2026-04-25,丸亀,8,4,山田理央,A2,30.61,4,◎,8.0174,26.1,84,53.8,0.1582,3.1923,,,0,低,62,0,-,nan,0,37.1,1.0423,0,0.0625,0.0625,0.0625,0,0.0444,0.1444,0.0222,,,B,,◎,0.2491,0.6,0.3652,0.6546,S,90,0,◎1着固定 2-3着流し（5〜8点）,0.5777,"{'is_target': True, 'verdict': '点数絞り', 'max_combo_prob': 0.1866, 'est_top_odds': 7.1, 'circle_concentration': 88.3, 'eligible_count': 6, 'bet_adj': 0, 'reason': 'rel_win1=70.8%（本命度） / 最有力組み合わせ確率: 0.187（推定実オッズ?7倍） / 2着集中度: 上位2艇 88.3%（補正+0.04） / 総合判定確率: 0.227 / → ヒモはやや固め。上位2艇以外を切ること', 'tenji_trigger': '展示確認: 1号艇伸び良→そのまま採用。悪→飛び組に差し替え。circle_pct上位2艇に絞り込むこと。'}",,,26.7,逃げ狙い,16.35,25.9,2,,,,,,,,,,,
2026-04-25,丸亀,8,5,谷口知優,B1,37.50,5,○,5.2533,6,100,46.7,0.1598,3.3444,,,0,低,83,0,-,nan,0,58.6,1.0874,0,0,0.0476,0.0476,0,0,0.3481,0.1039,,,B,△,,0.2473,0.6165,,0.6546,S,90,0,◎1着固定 2-3着流し（5〜8点）,0.5777,"{'is_target': True, 'verdict': '点数絞り', 'max_combo_prob': 0.1866, 'est_top_odds': 7.1, 'circle_concentration': 88.3, 'eligible_count': 6, 'bet_adj': 0, 'reason': 'rel_win1=70.8%（本命度） / 最有力組み合わせ確率: 0.187（推定実オッズ?7倍） / 2着集中度: 上位2艇 88.3%（補正+0.04） / 総合判定確率: 0.227 / → ヒモはやや固め。上位2艇以外を切ること', 'tenji_trigger': '展示確認: 1号艇伸び良→そのまま採用。悪→飛び組に差し替え。circle_pct上位2艇に絞り込むこと。'}",,,26.7,逃げ狙い,16.35,25.9,2,,,,,,,,,,,
2026-04-25,丸亀,8,6,大廣咲季,B1,24.48,6,,0.9035,0.4,13,6.6,0.1836,3.7377,,,0,低,81,0,-,nan,0,51.9,1.4331,,,,,,0.3333,0.3333,0,,,D,,,0.1944,0.543,,0.6546,S,90,0,◎1着固定 2-3着流し（5〜8点）,0.5777,"{'is_target': True, 'verdict': '点数絞り', 'max_combo_prob': 0.1866, 'est_top_odds': 7.1, 'circle_concentration': 88.3, 'eligible_count': 6, 'bet_adj': 0, 'reason': 'rel_win1=70.8%（本命度） / 最有力組み合わせ確率: 0.187（推定実オッズ?7倍） / 2着集中度: 上位2艇 88.3%（補正+0.04） / 総合判定確率: 0.227 / → ヒモはやや固め。上位2艇以外を切ること', 'tenji_trigger': '展示確認: 1号艇伸び良→そのまま採用。悪→飛び組に差し替え。circle_pct上位2艇に絞り込むこと。'}",,,26.7,逃げ狙い,16.35,25.9,2,,,,,,,,,,,
2026-04-25,丸亀,9,1,三嶌誠司,A1,31.54,1,逃◎,55.9762,,0,90.4,0.1608,2.8014,,,0,低,84,0,逃0%,nan,0,83.8,1.1359,0.5862,,,,,0.1235,0.1643,0.0959,◎,,C,◎,,,0.669,,0.503,A,75,0,◎-○軸 3着3〜4艇流し（10〜15点）,0.5777,"{'is_target': True, 'verdict': '参加推奨', 'max_combo_prob': 0.0595, 'est_top_odds': 22.4, 'circle_concentration': 58.6, 'eligible_count': 8, 'bet_adj': 2, 'reason': 'rel_win1=56.0%（本命度） / 最有力組み合わせ確率: 0.060（推定実オッズ?22倍） / 2着集中度: 上位2艇 58.6%（補正+0.00） / 総合判定確率: 0.060 / → ヒモ分散。1号艇1着固定で広めのヒモ流し推奨（買い目+2点）', 'tenji_trigger': '展示確認: ヒモ分散レース。1号艇伸び確認後、広めのヒモ流しを採用。穴ヒモ（5・6号艇）を積極的に含める。'}",,,30.1,逃げ狙い,21.51,31.2,2,1-2-5|1-2-4|1-3-5|1-5-2|1-5-4|1-3-2|1-3-4|2-1-4|2-1-5|2-1-6,1-2-5|1-2-4|1-3-5|1-5-2|1-5-4|1-3-2|1-3-4|2-1-4|2-1-5|2-1-6,1-2-5:13.54%|1-2-4:11.11%|1-3-5:8.46%|1-5-2:7.3%|1-5-4:7.27%|1-3-2:6.98%|1-3-4:6.95%|2-1-4:5.43%|2-1-5:5.2%|2-1-6:3.03%,1-2-5:A|1-2-4:A|1-3-5:A|1-5-2:A|1-5-4:A|1-3-2:A|1-3-4:A|2-1-4:B_sc|2-1-5:B_sc|2-1-6:B_sc,10,10,0.7559,0,,逃げ軸流し,A
2026-04-25,丸亀,9,2,川原祐明,A1,25.87,2,▲,15.7137,36,90,72.2,0.1478,3.3611,,,0,低,110,0,差0% ま0%,nan,0,49.1,0.9678,0,0.087,0.2609,0,0,0.0276,0.1014,0.0138,,◎,D,△,,0.491,0.6185,,0.503,A,75,0,◎-○軸 3着3〜4艇流し（10〜15点）,0.5777,"{'is_target': True, 'verdict': '参加推奨', 'max_combo_prob': 0.0595, 'est_top_odds': 22.4, 'circle_concentration': 58.6, 'eligible_count': 8, 'bet_adj': 2, 'reason': 'rel_win1=56.0%（本命度） / 最有力組み合わせ確率: 0.060（推定実オッズ?22倍） / 2着集中度: 上位2艇 58.6%（補正+0.00） / 総合判定確率: 0.060 / → ヒモ分散。1号艇1着固定で広めのヒモ流し推奨（買い目+2点）', 'tenji_trigger': '展示確認: ヒモ分散レース。1号艇伸び確認後、広めのヒモ流しを採用。穴ヒモ（5・6号艇）を積極的に含める。'}",,,30.1,逃げ狙い,21.51,31.2,2,,,,,,,,,,,
2026-04-25,丸亀,9,3,川上清人,B1,30.67,3,△,7.6803,21.6,94,49.1,0.1642,3.7273,,,0,低,150,0,-,nan,0,19.7,0.5975,0,0,0.0952,0,0,0.3733,0.0381,0.1962,,,C,,,0.2984,0.595,,0.503,A,75,0,◎-○軸 3着3〜4艇流し（10〜15点）,0.5777,"{'is_target': True, 'verdict': '参加推奨', 'max_combo_prob': 0.0595, 'est_top_odds': 22.4, 'circle_concentration': 58.6, 'eligible_count': 8, 'bet_adj': 2, 'reason': 'rel_win1=56.0%（本命度） / 最有力組み合わせ確率: 0.060（推定実オッズ?22倍） / 2着集中度: 上位2艇 58.6%（補正+0.00） / 総合判定確率: 0.060 / → ヒモ分散。1号艇1着固定で広めのヒモ流し推奨（買い目+2点）', 'tenji_trigger': '展示確認: ヒモ分散レース。1号艇伸び確認後、広めのヒモ流しを採用。穴ヒモ（5・6号艇）を積極的に含める。'}",,,30.1,逃げ狙い,21.51,31.2,2,,,,,,,,,,,
2026-04-25,丸亀,9,4,西丸敦基,B1,32.17,4,○,6.2247,18.1,72,46.3,0.1715,3.6852,,,0,低,113,0,-,nan,0,90.3,1.2996,0,0.0476,0.0476,0.0476,0,0.0333,0.0667,0.3,,,B,,○,0.2739,0.6165,0.2262,0.503,A,75,0,◎-○軸 3着3〜4艇流し（10〜15点）,0.5777,"{'is_target': True, 'verdict': '参加推奨', 'max_combo_prob': 0.0595, 'est_top_odds': 22.4, 'circle_concentration': 58.6, 'eligible_count': 8, 'bet_adj': 2, 'reason': 'rel_win1=56.0%（本命度） / 最有力組み合わせ確率: 0.060（推定実オッズ?22倍） / 2着集中度: 上位2艇 58.6%（補正+0.00） / 総合判定確率: 0.060 / → ヒモ分散。1号艇1着固定で広めのヒモ流し推奨（買い目+2点）', 'tenji_trigger': '展示確認: ヒモ分散レース。1号艇伸び確認後、広めのヒモ流しを採用。穴ヒモ（5・6号艇）を積極的に含める。'}",,,30.1,逃げ狙い,21.51,31.2,2,,,,,,,,,,,
2026-04-25,丸亀,9,5,濱野斗馬,A2,31.91,5,◎,12.8858,22.5,100,72.7,0.1352,2.5303,,,0,低,40,0,差0%,nan,0,78.1,1.1762,0,0.0556,0.1111,0.1111,0,0.0968,0,0.0323,,○,B,○,◎,0.4198,0.638,0.4963,0.503,A,75,0,◎-○軸 3着3〜4艇流し（10〜15点）,0.5777,"{'is_target': True, 'verdict': '参加推奨', 'max_combo_prob': 0.0595, 'est_top_odds': 22.4, 'circle_concentration': 58.6, 'eligible_count': 8, 'bet_adj': 2, 'reason': 'rel_win1=56.0%（本命度） / 最有力組み合わせ確率: 0.060（推定実オッズ?22倍） / 2着集中度: 上位2艇 58.6%（補正+0.00） / 総合判定確率: 0.060 / → ヒモ分散。1号艇1着固定で広めのヒモ流し推奨（買い目+2点）', 'tenji_trigger': '展示確認: ヒモ分散レース。1号艇伸び確認後、広めのヒモ流しを採用。穴ヒモ（5・6号艇）を積極的に含める。'}",,,30.1,逃げ狙い,21.51,31.2,2,,,,,,,,,,,
2026-04-25,丸亀,9,6,西村美智,B2,27.41,6,,1.5193,1.7,73,35.3,0.1694,3.5588,,,0,低,25,0,-,nan,0,42.6,1.3906,,,,,,0.1111,0.1111,0.1111,,,D,△,,0.3071,0.6285,,0.503,A,75,0,◎-○軸 3着3〜4艇流し（10〜15点）,0.5777,"{'is_target': True, 'verdict': '参加推奨', 'max_combo_prob': 0.0595, 'est_top_odds': 22.4, 'circle_concentration': 58.6, 'eligible_count': 8, 'bet_adj': 2, 'reason': 'rel_win1=56.0%（本命度） / 最有力組み合わせ確率: 0.060（推定実オッズ?22倍） / 2着集中度: 上位2艇 58.6%（補正+0.00） / 総合判定確率: 0.060 / → ヒモ分散。1号艇1着固定で広めのヒモ流し推奨（買い目+2点）', 'tenji_trigger': '展示確認: ヒモ分散レース。1号艇伸び確認後、広めのヒモ流しを採用。穴ヒモ（5・6号艇）を積極的に含める。'}",,,30.1,逃げ狙い,21.51,31.2,2,,,,,,,,,,,
2026-04-25,丸亀,10,1,石丸海渡,A1,24.31,1,逃◎,70.4887,,0,95.2,0.1129,1.8651,,,0,低,26,0,逃1%,nan,0,83.2,1.0631,0.875,,,,,0.0792,0.0125,0,◎,,E,◎,,,0.687,,0.8037,S,92,0,◎1着固定 2-3着流し（5〜8点）,0.5777,"{'is_target': True, 'verdict': '点数絞り', 'max_combo_prob': 0.1389, 'est_top_odds': 9.6, 'circle_concentration': 74.6, 'eligible_count': 6, 'bet_adj': 0, 'reason': 'rel_win1=70.5%（本命度） / 最有力組み合わせ確率: 0.139（推定実オッズ?10倍） / 2着集中度: 上位2艇 74.6%（補正+0.04） / 総合判定確率: 0.179 / → ヒモはやや固め。上位2艇以外を切ること', 'tenji_trigger': '展示確認: 1号艇伸び良→そのまま採用。悪→飛び組に差し替え。circle_pct上位2艇に絞り込むこと。\n展示で1号艇スタート超安定(0.113秒)→ヒモ固まり方向に注意'}",,,24,逃げ狙い,10.86,22.8,3,1-2-3|1-2-5|1-3-5|1-3-2|1-4-3|1-4-5|1-4-2|3-1-2|3-1-5|3-1-6,1-2-3|1-2-5|1-3-5|1-3-2|1-4-3|1-4-5|1-4-2|3-1-2|3-1-5|3-1-6,1-2-3:8.08%|1-2-5:7.43%|1-3-5:5.6%|1-3-2:5.16%|1-4-3:3.67%|1-4-5:3.38%|1-4-2:3.11%|3-1-2:5.74%|3-1-5:4.56%|3-1-6:3.04%,1-2-3:A|1-2-5:A|1-3-5:A|1-3-2:A|1-4-3:A|1-4-5:A|1-4-2:A|3-1-2:B_sc|3-1-5:B_sc|3-1-6:B_sc,10,10,0.7559,0,,逃げ軸流し,A
2026-04-25,丸亀,10,2,中越博紀,A2,28.38,2,,8.4056,46.7,83,57.4,0.178,3.9672,,,0,低,130,0,-,nan,0,54.2,0.9891,0,0.0357,0,0,0,0.0296,0.3593,0.0593,,,D,△,,0.0563,0.6195,,0.8037,S,92,0,◎1着固定 2-3着流し（5〜8点）,0.5777,"{'is_target': True, 'verdict': '点数絞り', 'max_combo_prob': 0.1389, 'est_top_odds': 9.6, 'circle_concentration': 74.6, 'eligible_count': 6, 'bet_adj': 0, 'reason': 'rel_win1=70.5%（本命度） / 最有力組み合わせ確率: 0.139（推定実オッズ?10倍） / 2着集中度: 上位2艇 74.6%（補正+0.04） / 総合判定確率: 0.179 / → ヒモはやや固め。上位2艇以外を切ること', 'tenji_trigger': '展示確認: 1号艇伸び良→そのまま採用。悪→飛び組に差し替え。circle_pct上位2艇に絞り込むこと。\n展示で1号艇スタート超安定(0.113秒)→ヒモ固まり方向に注意'}",,,24,逃げ狙い,10.86,22.8,3,,,,,,,,,,,
2026-04-25,丸亀,10,3,西岡顕心,A1,28.78,3,▲,12.6996,27.9,100,70.4,0.1567,2.8519,,,0,低,55,0,-,nan,0,43.3,0.8938,0,0,0,0.25,0,0,0.0714,0,,,C,△,,0.171,0.6245,,0.8037,S,92,0,◎1着固定 2-3着流し（5〜8点）,0.5777,"{'is_target': True, 'verdict': '点数絞り', 'max_combo_prob': 0.1389, 'est_top_odds': 9.6, 'circle_concentration': 74.6, 'eligible_count': 6, 'bet_adj': 0, 'reason': 'rel_win1=70.5%（本命度） / 最有力組み合わせ確率: 0.139（推定実オッズ?10倍） / 2着集中度: 上位2艇 74.6%（補正+0.04） / 総合判定確率: 0.179 / → ヒモはやや固め。上位2艇以外を切ること', 'tenji_trigger': '展示確認: 1号艇伸び良→そのまま採用。悪→飛び組に差し替え。circle_pct上位2艇に絞り込むこと。\n展示で1号艇スタート超安定(0.113秒)→ヒモ固まり方向に注意'}",,,24,逃げ狙い,10.86,22.8,3,,,,,,,,,,,
2026-04-25,丸亀,10,4,三嶌ここ,B1,30.41,4,△,3.804,12.9,51,10,0.224,4.8,,,0,低,114,0,-,nan,0,13.6,0.5681,,,,,,0.0571,0.0571,0.3143,,,C,,,0.1309,0.553,,0.8037,S,92,0,◎1着固定 2-3着流し（5〜8点）,0.5777,"{'is_target': True, 'verdict': '点数絞り', 'max_combo_prob': 0.1389, 'est_top_odds': 9.6, 'circle_concentration': 74.6, 'eligible_count': 6, 'bet_adj': 0, 'reason': 'rel_win1=70.5%（本命度） / 最有力組み合わせ確率: 0.139（推定実オッズ?10倍） / 2着集中度: 上位2艇 74.6%（補正+0.04） / 総合判定確率: 0.179 / → ヒモはやや固め。上位2艇以外を切ること', 'tenji_trigger': '展示確認: 1号艇伸び良→そのまま採用。悪→飛び組に差し替え。circle_pct上位2艇に絞り込むこと。\n展示で1号艇スタート超安定(0.113秒)→ヒモ固まり方向に注意'}",,,24,逃げ狙い,10.86,22.8,3,,,,,,,,,,,
2026-04-25,丸亀,10,5,宮武英司,B1,31.33,5,◎,3.4649,9.7,51,29.1,0.1531,3.2545,,,0,低,89,0,差ま0%,nan,0,86.8,1.1579,0,0,0,0.0476,0,0.4889,0.0222,0.0222,,,B,○,,0.154,0.658,,0.8037,S,92,0,◎1着固定 2-3着流し（5〜8点）,0.5777,"{'is_target': True, 'verdict': '点数絞り', 'max_combo_prob': 0.1389, 'est_top_odds': 9.6, 'circle_concentration': 74.6, 'eligible_count': 6, 'bet_adj': 0, 'reason': 'rel_win1=70.5%（本命度） / 最有力組み合わせ確率: 0.139（推定実オッズ?10倍） / 2着集中度: 上位2艇 74.6%（補正+0.04） / 総合判定確率: 0.179 / → ヒモはやや固め。上位2艇以外を切ること', 'tenji_trigger': '展示確認: 1号艇伸び良→そのまま採用。悪→飛び組に差し替え。circle_pct上位2艇に絞り込むこと。\n展示で1号艇スタート超安定(0.113秒)→ヒモ固まり方向に注意'}",,,24,逃げ狙い,10.86,22.8,3,,,,,,,,,,,
2026-04-25,丸亀,10,6,深川和仁,B1,32.37,6,○,1.1371,2.8,35,22.7,0.1905,4.2614,,,0,低,130,0,-,nan,0,40.6,1.1222,,,,,,0.2,0.0167,0.05,,,B,,,0.1385,0.606,,0.8037,S,92,0,◎1着固定 2-3着流し（5〜8点）,0.5777,"{'is_target': True, 'verdict': '点数絞り', 'max_combo_prob': 0.1389, 'est_top_odds': 9.6, 'circle_concentration': 74.6, 'eligible_count': 6, 'bet_adj': 0, 'reason': 'rel_win1=70.5%（本命度） / 最有力組み合わせ確率: 0.139（推定実オッズ?10倍） / 2着集中度: 上位2艇 74.6%（補正+0.04） / 総合判定確率: 0.179 / → ヒモはやや固め。上位2艇以外を切ること', 'tenji_trigger': '展示確認: 1号艇伸び良→そのまま採用。悪→飛び組に差し替え。circle_pct上位2艇に絞り込むこと。\n展示で1号艇スタート超安定(0.113秒)→ヒモ固まり方向に注意'}",,,24,逃げ狙い,10.86,22.8,3,,,,,,,,,,,
2026-04-25,丸亀,11,1,木谷賢太,A1,26.80,1,逃◎,52.7786,,0,90,0.1334,2.6357,,,0,低,107,0,逃1%,nan,0,80.1,1.0556,0.7429,,,,,0.0343,0.0114,0.1957,◎,,E,◎,,,0.663,,0.5671,A,75,0,◎-○軸 3着3〜4艇流し（10〜15点）,0.5777,"{'is_target': True, 'verdict': '参加推奨', 'max_combo_prob': 0.0746, 'est_top_odds': 17.9, 'circle_concentration': 71.1, 'eligible_count': 8, 'bet_adj': 2, 'reason': 'rel_win1=52.8%（本命度） / 最有力組み合わせ確率: 0.075（推定実オッズ?18倍） / 2着集中度: 上位2艇 71.1%（補正+0.04） / 総合判定確率: 0.115 / → ヒモ分散。1号艇1着固定で広めのヒモ流し推奨（買い目+2点）', 'tenji_trigger': '展示確認: ヒモ分散レース。1号艇伸び確認後、広めのヒモ流しを採用。穴ヒモ（5・6号艇）を積極的に含める。\n展示で1号艇スタート超安定(0.133秒)→ヒモ固まり方向に注意'}",,,28.9,逃げ狙い,24.52,25.1,2,1-2-3|1-2-4|1-2-5|1-3-4|1-3-5|1-3-2|1-4-3|1-4-5|1-4-2|3-1-2|3-1-4|3-1-5,1-2-3|1-2-4|1-2-5|1-3-4|1-3-5|1-3-2|1-4-3|1-4-5|1-4-2|3-1-2|3-1-4|3-1-5,1-2-3:8.45%|1-2-4:8.27%|1-2-5:8.03%|1-3-4:7.41%|1-3-5:7.19%|1-3-2:7.18%|1-4-3:3.87%|1-4-5:3.68%|1-4-2:3.67%|3-1-2:8.63%|3-1-4:4.75%|3-1-5:4.65%,1-2-3:A|1-2-4:A|1-2-5:A|1-3-4:A|1-3-5:A|1-3-2:A|1-4-3:A|1-4-5:A|1-4-2:A|3-1-2:B_sc|3-1-4:B_sc|3-1-5:B_sc,12,12,0.7559,0,,逃げ軸流し,A
2026-04-25,丸亀,11,2,中村桃佳,A1,38.78,2,◎,19.1166,42.3,61,72.7,0.1514,2.7273,,,0,低,41,0,差1%,nan,0,87.9,1.4524,0,0.2353,0.0588,0,0.0588,0.0471,0.0706,0.2706,,,B,,,0.1713,0.6205,,0.5671,A,75,0,◎-○軸 3着3〜4艇流し（10〜15点）,0.5777,"{'is_target': True, 'verdict': '参加推奨', 'max_combo_prob': 0.0746, 'est_top_odds': 17.9, 'circle_concentration': 71.1, 'eligible_count': 8, 'bet_adj': 2, 'reason': 'rel_win1=52.8%（本命度） / 最有力組み合わせ確率: 0.075（推定実オッズ?18倍） / 2着集中度: 上位2艇 71.1%（補正+0.04） / 総合判定確率: 0.115 / → ヒモ分散。1号艇1着固定で広めのヒモ流し推奨（買い目+2点）', 'tenji_trigger': '展示確認: ヒモ分散レース。1号艇伸び確認後、広めのヒモ流しを採用。穴ヒモ（5・6号艇）を積極的に含める。\n展示で1号艇スタート超安定(0.133秒)→ヒモ固まり方向に注意'}",,,28.9,逃げ狙い,24.52,25.1,2,,,,,,,,,,,
2026-04-25,丸亀,11,3,中村日向,A1,32.41,3,△,13.9444,28.9,71,67.9,0.1311,2.6786,,,0,低,40,0,-,nan,0,22,1.0346,0,0,0.1429,0.2143,0,0.1538,0.0769,0,,,D,△,,0.344,0.645,,0.5671,A,75,0,◎-○軸 3着3〜4艇流し（10〜15点）,0.5777,"{'is_target': True, 'verdict': '参加推奨', 'max_combo_prob': 0.0746, 'est_top_odds': 17.9, 'circle_concentration': 71.1, 'eligible_count': 8, 'bet_adj': 2, 'reason': 'rel_win1=52.8%（本命度） / 最有力組み合わせ確率: 0.075（推定実オッズ?18倍） / 2着集中度: 上位2艇 71.1%（補正+0.04） / 総合判定確率: 0.115 / → ヒモ分散。1号艇1着固定で広めのヒモ流し推奨（買い目+2点）', 'tenji_trigger': '展示確認: ヒモ分散レース。1号艇伸び確認後、広めのヒモ流しを採用。穴ヒモ（5・6号艇）を積極的に含める。\n展示で1号艇スタート超安定(0.133秒)→ヒモ固まり方向に注意'}",,,28.9,逃げ狙い,24.52,25.1,2,,,,,,,,,,,
2026-04-25,丸亀,11,4,松尾　祭,A2,36.96,4,○,7.8449,14.1,100,61.1,0.1704,3.9444,,,0,低,144,0,-,nan,0,58.1,0.8143,0,0,0.0357,0,0,0.1086,0.0654,0.2501,,,C,△,◎,0.1342,0.6215,0.2399,0.5671,A,75,0,◎-○軸 3着3〜4艇流し（10〜15点）,0.5777,"{'is_target': True, 'verdict': '参加推奨', 'max_combo_prob': 0.0746, 'est_top_odds': 17.9, 'circle_concentration': 71.1, 'eligible_count': 8, 'bet_adj': 2, 'reason': 'rel_win1=52.8%（本命度） / 最有力組み合わせ確率: 0.075（推定実オッズ?18倍） / 2着集中度: 上位2艇 71.1%（補正+0.04） / 総合判定確率: 0.115 / → ヒモ分散。1号艇1着固定で広めのヒモ流し推奨（買い目+2点）', 'tenji_trigger': '展示確認: ヒモ分散レース。1号艇伸び確認後、広めのヒモ流しを採用。穴ヒモ（5・6号艇）を積極的に含める。\n展示で1号艇スタート超安定(0.133秒)→ヒモ固まり方向に注意'}",,,28.9,逃げ狙い,24.52,25.1,2,,,,,,,,,,,
2026-04-25,丸亀,11,5,宮崎　奨,A2,37.14,5,▲,3.7915,10.2,87,52.6,0.176,3.9561,,,0,低,134,0,-,nan,0,82.7,1.1233,,,,,,0.0343,0.1571,0.2686,,,B,○,,0.178,0.658,,0.5671,A,75,0,◎-○軸 3着3〜4艇流し（10〜15点）,0.5777,"{'is_target': True, 'verdict': '参加推奨', 'max_combo_prob': 0.0746, 'est_top_odds': 17.9, 'circle_concentration': 71.1, 'eligible_count': 8, 'bet_adj': 2, 'reason': 'rel_win1=52.8%（本命度） / 最有力組み合わせ確率: 0.075（推定実オッズ?18倍） / 2着集中度: 上位2艇 71.1%（補正+0.04） / 総合判定確率: 0.115 / → ヒモ分散。1号艇1着固定で広めのヒモ流し推奨（買い目+2点）', 'tenji_trigger': '展示確認: ヒモ分散レース。1号艇伸び確認後、広めのヒモ流しを採用。穴ヒモ（5・6号艇）を積極的に含める。\n展示で1号艇スタート超安定(0.133秒)→ヒモ固まり方向に注意'}",,,28.9,逃げ狙い,24.52,25.1,2,,,,,,,,,,,
2026-04-25,丸亀,11,6,水谷理人,A2,34.25,6,,2.524,4.6,41,35.4,0.1454,3.3021,,,0,低,64,0,-,nan,0,47.2,1.1778,,,,,,0.0533,0.28,0.0267,,,C,,,0.2718,0.569,,0.5671,A,75,0,◎-○軸 3着3〜4艇流し（10〜15点）,0.5777,"{'is_target': True, 'verdict': '参加推奨', 'max_combo_prob': 0.0746, 'est_top_odds': 17.9, 'circle_concentration': 71.1, 'eligible_count': 8, 'bet_adj': 2, 'reason': 'rel_win1=52.8%（本命度） / 最有力組み合わせ確率: 0.075（推定実オッズ?18倍） / 2着集中度: 上位2艇 71.1%（補正+0.04） / 総合判定確率: 0.115 / → ヒモ分散。1号艇1着固定で広めのヒモ流し推奨（買い目+2点）', 'tenji_trigger': '展示確認: ヒモ分散レース。1号艇伸び確認後、広めのヒモ流しを採用。穴ヒモ（5・6号艇）を積極的に含める。\n展示で1号艇スタート超安定(0.133秒)→ヒモ固まり方向に注意'}",,,28.9,逃げ狙い,24.52,25.1,2,,,,,,,,,,,
2026-04-25,丸亀,12,1,片岡雅裕,A1,29.80,1,逃◎,53.0701,,0,93.1,0.129,2.5172,,,0,低,5,0,逃1%,nan,0,65.8,0.9876,0.7857,,,,,0.0286,0,0.3571,◎,,D,◎,,,0.8292,,0.6631,S,98,0,◎1着固定 2-3着流し（5〜8点）,0.5777,"{'is_target': True, 'verdict': '参加推奨', 'max_combo_prob': 0.0739, 'est_top_odds': 18.0, 'circle_concentration': 66.5, 'eligible_count': 6, 'bet_adj': 2, 'reason': 'rel_win1=53.1%（本命度） / 最有力組み合わせ確率: 0.074（推定実オッズ?18倍） / 2着集中度: 上位2艇 66.5%（補正+0.00） / 総合判定確率: 0.074 / → ヒモ分散。1号艇1着固定で広めのヒモ流し推奨（買い目+2点）', 'tenji_trigger': '展示確認: ヒモ分散レース。1号艇伸び確認後、広めのヒモ流しを採用。穴ヒモ（5・6号艇）を積極的に含める。\n展示で1号艇スタート超安定(0.129秒)→ヒモ固まり方向に注意'}",,,30.6,逃げ狙い,29.78,25.4,2,1-2-4|1-2-5|1-4-5|1-4-2|1-3-4|1-3-5|1-3-2|4-1-2|4-1-5|4-1-3,1-2-4|1-2-5|1-4-5|1-4-2|1-3-4|1-3-5|1-3-2|4-1-2|4-1-5|4-1-3,1-2-4:8.61%|1-2-5:8.44%|1-4-5:6.43%|1-4-2:5.66%|1-3-4:4.92%|1-3-5:4.83%|1-3-2:4.25%|4-1-2:6.77%|4-1-5:6.13%|4-1-3:4.97%,1-2-4:A|1-2-5:A|1-4-5:A|1-4-2:A|1-3-4:A|1-3-5:A|1-3-2:A|4-1-2:B_sc|4-1-5:B_sc|4-1-3:B_sc,10,10,0.7559,0,,逃げ軸流し,A
2026-04-25,丸亀,12,2,中村晃朋,A1,22.97,2,,15.9153,41.8,79,90.9,0.1591,3.1818,,,0,低,56,0,抜0%,nan,0,46.4,0.9602,0,0.1875,0.125,0,0.0625,0.1745,0,0.1564,,,E,△,,0.092,0.678,,0.6631,S,98,0,◎1着固定 2-3着流し（5〜8点）,0.5777,"{'is_target': True, 'verdict': '参加推奨', 'max_combo_prob': 0.0739, 'est_top_odds': 18.0, 'circle_concentration': 66.5, 'eligible_count': 6, 'bet_adj': 2, 'reason': 'rel_win1=53.1%（本命度） / 最有力組み合わせ確率: 0.074（推定実オッズ?18倍） / 2着集中度: 上位2艇 66.5%（補正+0.00） / 総合判定確率: 0.074 / → ヒモ分散。1号艇1着固定で広めのヒモ流し推奨（買い目+2点）', 'tenji_trigger': '展示確認: ヒモ分散レース。1号艇伸び確認後、広めのヒモ流しを採用。穴ヒモ（5・6号艇）を積極的に含める。\n展示で1号艇スタート超安定(0.129秒)→ヒモ固まり方向に注意'}",,,30.6,逃げ狙い,29.78,25.4,2,,,,,,,,,,,
2026-04-25,丸亀,12,3,西丸侑太,A1,33.10,3,△,10.2374,18.2,85,72.5,0.1655,3.2375,,,0,低,100,0,-,nan,0,16.1,0.8083,0,0.0476,0.0476,0.0476,0.0476,0,0.1314,0.0429,,,C,,,0.1116,0.6105,,0.6631,S,98,0,◎1着固定 2-3着流し（5〜8点）,0.5777,"{'is_target': True, 'verdict': '参加推奨', 'max_combo_prob': 0.0739, 'est_top_odds': 18.0, 'circle_concentration': 66.5, 'eligible_count': 6, 'bet_adj': 2, 'reason': 'rel_win1=53.1%（本命度） / 最有力組み合わせ確率: 0.074（推定実オッズ?18倍） / 2着集中度: 上位2艇 66.5%（補正+0.00） / 総合判定確率: 0.074 / → ヒモ分散。1号艇1着固定で広めのヒモ流し推奨（買い目+2点）', 'tenji_trigger': '展示確認: ヒモ分散レース。1号艇伸び確認後、広めのヒモ流しを採用。穴ヒモ（5・6号艇）を積極的に含める。\n展示で1号艇スタート超安定(0.129秒)→ヒモ固まり方向に注意'}",,,30.6,逃げ狙い,29.78,25.4,2,,,,,,,,,,,
2026-04-25,丸亀,12,4,中田元泰,A1,30.61,4,◎,11.2369,24.7,59,71.7,0.1505,3.2667,,,0,低,90,0,-,nan,0,79,0.9013,0,0.0455,0.1364,0.0455,0,0.0323,0.1613,0,,,C,○,◎,0.229,0.685,0.3828,0.6631,S,98,0,◎1着固定 2-3着流し（5〜8点）,0.5777,"{'is_target': True, 'verdict': '参加推奨', 'max_combo_prob': 0.0739, 'est_top_odds': 18.0, 'circle_concentration': 66.5, 'eligible_count': 6, 'bet_adj': 2, 'reason': 'rel_win1=53.1%（本命度） / 最有力組み合わせ確率: 0.074（推定実オッズ?18倍） / 2着集中度: 上位2艇 66.5%（補正+0.00） / 総合判定確率: 0.074 / → ヒモ分散。1号艇1着固定で広めのヒモ流し推奨（買い目+2点）', 'tenji_trigger': '展示確認: ヒモ分散レース。1号艇伸び確認後、広めのヒモ流しを採用。穴ヒモ（5・6号艇）を積極的に含める。\n展示で1号艇スタート超安定(0.129秒)→ヒモ固まり方向に注意'}",,,30.6,逃げ狙い,29.78,25.4,2,,,,,,,,,,,
2026-04-25,丸亀,12,5,松尾夏海,A1,34.29,5,○,7.6346,14,56,66.7,0.1407,2.9259,,,0,低,45,0,-,nan,0,100,2.0326,,,,,,,,,,,B,△,,0.2728,0.684,,0.6631,S,98,0,◎1着固定 2-3着流し（5〜8点）,0.5777,"{'is_target': True, 'verdict': '参加推奨', 'max_combo_prob': 0.0739, 'est_top_odds': 18.0, 'circle_concentration': 66.5, 'eligible_count': 6, 'bet_adj': 2, 'reason': 'rel_win1=53.1%（本命度） / 最有力組み合わせ確率: 0.074（推定実オッズ?18倍） / 2着集中度: 上位2艇 66.5%（補正+0.00） / 総合判定確率: 0.074 / → ヒモ分散。1号艇1着固定で広めのヒモ流し推奨（買い目+2点）', 'tenji_trigger': '展示確認: ヒモ分散レース。1号艇伸び確認後、広めのヒモ流しを採用。穴ヒモ（5・6号艇）を積極的に含める。\n展示で1号艇スタート超安定(0.129秒)→ヒモ固まり方向に注意'}",,,30.6,逃げ狙い,29.78,25.4,2,,,,,,,,,,,
2026-04-25,丸亀,12,6,竹田和哉,A1,36.62,6,▲,1.9057,1.3,100,43.1,0.1867,4.2157,,,0,低,106,0,-,nan,0,40.2,1.6989,,,,,,0.116,0.116,0,,,B,,,0.135,0.6415,,0.6631,S,98,0,◎1着固定 2-3着流し（5〜8点）,0.5777,"{'is_target': True, 'verdict': '参加推奨', 'max_combo_prob': 0.0739, 'est_top_odds': 18.0, 'circle_concentration': 66.5, 'eligible_count': 6, 'bet_adj': 2, 'reason': 'rel_win1=53.1%（本命度） / 最有力組み合わせ確率: 0.074（推定実オッズ?18倍） / 2着集中度: 上位2艇 66.5%（補正+0.00） / 総合判定確率: 0.074 / → ヒモ分散。1号艇1着固定で広めのヒモ流し推奨（買い目+2点）', 'tenji_trigger': '展示確認: ヒモ分散レース。1号艇伸び確認後、広めのヒモ流しを採用。穴ヒモ（5・6号艇）を積極的に含める。\n展示で1号艇スタート超安定(0.129秒)→ヒモ固まり方向に注意'}",,,30.6,逃げ狙い,29.78,25.4,2,,,,,,,,,,,
